cycle,requesterRole,teacherRegion,teacherFingerprint,Cmax,TEC,TWC,crossRegion
1,G1_CMAX,NOT_ASSIGNED,[83, 18, 74, 26, 76, 32, 21, 90, 46, 0, 31, 15, 10, 96, 2, 45, 56, 88, 65, 73, 69, 38, 29, 62, 95, 3, 68, 4, 81, 30, 13, 60, 25, 52, 34, 94, 23, 71, 36, 57, 67, 22, 54, 43, 92, 49, 82, 27, 7, 77, 84, 9, 66, 51, 91, 72, 20, 53, 61, 93, 99, 39, 98, 89, 42, 86, 28, 78, 80, 37, 40, 79, 64, 87, 97, 44, 16, 24, 33, 63, 35, 47, 50, 59, 19, 85, 5, 8, 48, 17, 41, 12, 75, 55, 14, 6, 58, 11, 1, 70]|[1, 0, 1, 0, 1, 0, 0, 1, 2, 0, 0, 0, 0, 2, 2, 2, 2, 1, 0, 1, 2, 1, 2, 1, 1, 2, 2, 2, 2, 1, 0, 2, 1, 0, 1, 2, 0, 2, 0, 2, 1, 1, 0, 0, 2, 1, 2, 0, 2, 1, 1, 0, 1, 0, 0, 1, 2, 0, 1, 1, 1, 2, 1, 0, 2, 2, 2, 2, 2, 1, 1, 0, 0, 0, 2, 0, 1, 0, 0, 0, 2, 0, 2, 2, 1, 1, 2, 0, 0, 2, 1, 2, 0, 0, 1, 0, 1, 0, 1, 1]|[2, 1, 4, 2, 2, 0, 2, 0, 1, 0, 1, 1, 2, 2, 0, 1, 1, 0, 0, 2, 2, 2, 0, 0, 0, 1, 1, 1, 2, 4, 0, 1, 1, 1, 1, 0, 2, 0, 1, 1, 1, 3, 1, 0, 2, 0, 1, 1, 2, 0, 2, 2, 4, 0, 0, 3, 2, 0, 0, 2, 3, 2, 2, 0, 2, 0, 2, 2, 0, 0, 1, 0, 1, 2, 1, 1, 4, 0, 0, 1, 2, 0, 2, 2, 1, 0, 1, 0, 1, 1, 4, 1, 1, 1, 0, 0, 4, 1, 3, 0]|[2, 1, 0, 1, 0, 0, 1, 1, 1, 0, 0, 0, 1, 0, 1, 0, 1, 2, 0, 2, 0, 2, 1, 0, 1, 0, 0, 0, 0, 3, 1, 1, 1, 1, 1, 1, 0, 1, 1, 1, 1, 2, 0, 0, 0, 2, 1, 0, 0, 0, 0, 0, 1, 1, 0, 2, 0, 1, 2, 2, 0, 0, 1, 0, 1, 1, 1, 1, 0, 2, 3, 0, 0, 0, 0, 1, 3, 0, 1, 1, 0, 1, 1, 1, 2, 3, 0, 0, 1, 1, 3, 0, 1, 1, 1, 0, 0, 0, 0, 1],1594.6573485761203,70965.4737546283,174823.38707469258,false
1,G4_BALANCED,NOT_ASSIGNED,[31, 22, 82, 15, 40, 10, 96, 42, 77, 4, 47, 46, 78, 16, 91, 89, 67, 43, 30, 50, 73, 57, 51, 61, 62, 58, 99, 55, 74, 26, 0, 29, 9, 23, 81, 5, 72, 6, 59, 25, 98, 97, 49, 87, 41, 1, 2, 3, 33, 14, 94, 21, 48, 60, 45, 39, 66, 19, 34, 13, 56, 84, 32, 68, 11, 95, 80, 52, 12, 17, 90, 75, 76, 28, 37, 65, 7, 18, 63, 35, 88, 24, 71, 20, 54, 8, 64, 93, 86, 53, 92, 36, 79, 69, 85, 83, 44, 70, 27, 38]|[1, 1, 2, 0, 2, 0, 0, 1, 0, 1, 1, 2, 2, 2, 1, 0, 0, 2, 1, 1, 0, 2, 2, 1, 1, 1, 1, 1, 1, 2, 0, 2, 0, 1, 2, 2, 1, 0, 1, 2, 0, 2, 1, 2, 2, 1, 1, 0, 0, 1, 2, 2, 2, 2, 1, 2, 2, 1, 0, 1, 1, 0, 2, 1, 1, 2, 0, 0, 0, 0, 1, 2, 0, 2, 1, 0, 2, 0, 0, 1, 1, 2, 0, 2, 2, 1, 1, 1, 1, 2, 2, 2, 1, 1, 0, 2, 2, 1, 0, 0]|[3, 4, 1, 1, 2, 2, 0, 1, 0, 4, 1, 0, 1, 2, 4, 1, 0, 1, 3, 2, 1, 2, 2, 1, 4, 0, 3, 1, 4, 2, 2, 0, 1, 0, 0, 2, 2, 1, 1, 0, 2, 1, 3, 1, 2, 0, 2, 2, 0, 4, 0, 0, 1, 0, 4, 2, 0, 4, 2, 3, 3, 0, 2, 2, 4, 1, 2, 0, 2, 0, 2, 2, 1, 1, 3, 2, 0, 0, 1, 3, 3, 2, 1, 2, 0, 1, 1, 0, 1, 1, 1, 2, 0, 0, 2, 1, 1, 3, 0, 0]|[3, 2, 0, 1, 0, 1, 1, 0, 1, 0, 1, 1, 1, 0, 0, 0, 1, 1, 1, 0, 0, 0, 0, 1, 3, 1, 0, 2, 2, 1, 0, 0, 0, 2, 0, 1, 3, 1, 0, 1, 1, 0, 0, 1, 1, 3, 1, 0, 1, 1, 1, 0, 1, 1, 2, 1, 1, 0, 0, 0, 1, 1, 0, 2, 0, 0, 0, 0, 1, 0, 1, 1, 0, 1, 3, 0, 1, 1, 1, 2, 0, 1, 1, 0, 0, 3, 3, 2, 1, 0, 1, 1, 1, 0, 0, 1, 0, 2, 0, 1],1865.2798599681012,70304.47026226345,170224.52544073306,false
1,G2_TEC,NOT_ASSIGNED,[80, 37, 16, 74, 64, 98, 56, 18, 61, 39, 51, 97, 32, 78, 35, 12, 10, 49, 19, 28, 41, 53, 42, 69, 29, 83, 43, 38, 52, 96, 45, 77, 63, 15, 34, 13, 27, 92, 2, 91, 99, 48, 82, 79, 6, 72, 20, 11, 68, 24, 47, 81, 84, 36, 7, 66, 85, 58, 1, 89, 88, 71, 26, 86, 59, 46, 73, 4, 21, 33, 3, 25, 95, 40, 17, 57, 55, 70, 94, 5, 44, 54, 50, 0, 93, 9, 87, 60, 8, 67, 22, 90, 62, 30, 14, 23, 31, 76, 75, 65]|[2, 1, 0, 2, 1, 1, 1, 2, 0, 2, 2, 2, 1, 0, 1, 2, 0, 0, 2, 1, 2, 2, 1, 0, 0, 1, 2, 0, 0, 0, 2, 1, 2, 2, 0, 1, 0, 0, 2, 0, 2, 0, 2, 2, 0, 2, 2, 2, 0, 1, 2, 2, 0, 0, 2, 0, 0, 2, 0, 1, 0, 0, 2, 0, 1, 1, 2, 1, 0, 1, 0, 1, 2, 0, 2, 1, 2, 1, 0, 0, 2, 0, 1, 0, 2, 1, 0, 0, 1, 1, 0, 2, 2, 2, 2, 2, 2, 0, 0, 1]|[2, 3, 1, 0, 4, 1, 0, 2, 0, 2, 2, 0, 2, 1, 3, 0, 2, 2, 2, 3, 1, 2, 2, 1, 2, 1, 1, 1, 0, 0, 2, 2, 0, 0, 1, 2, 2, 0, 2, 2, 0, 0, 1, 2, 0, 2, 1, 2, 1, 4, 1, 1, 2, 1, 0, 2, 2, 1, 1, 4, 1, 2, 0, 2, 2, 3, 0, 3, 0, 4, 0, 4, 0, 0, 2, 2, 2, 3, 2, 0, 1, 1, 0, 0, 2, 1, 0, 1, 1, 4, 1, 2, 1, 0, 0, 2, 0, 0, 1, 3]|[0, 0, 0, 0, 3, 1, 1, 0, 0, 1, 0, 1, 0, 1, 1, 0, 1, 0, 1, 0, 1, 0, 1, 1, 0, 2, 1, 1, 1, 1, 1, 1, 0, 0, 0, 1, 0, 0, 1, 0, 1, 1, 1, 1, 0, 1, 0, 1, 0, 1, 0, 1, 1, 0, 0, 1, 0, 0, 0, 1, 0, 0, 0, 0, 1, 3, 1, 0, 1, 1, 1, 2, 0, 0, 0, 2, 1, 2, 0, 0, 0, 0, 0, 1, 1, 1, 1, 0, 0, 0, 1, 1, 1, 1, 0, 1, 0, 1, 0, 1],1985.680459666179,69305.26389384738,181814.8158914952,false
1,G3_TWC,NOT_ASSIGNED,[39, 24, 10, 36, 51, 97, 84, 11, 40, 1, 71, 82, 31, 4, 69, 46, 74, 98, 75, 76, 50, 91, 0, 96, 6, 34, 25, 68, 32, 47, 13, 7, 9, 30, 45, 52, 42, 22, 80, 55, 35, 28, 87, 23, 85, 12, 38, 93, 79, 33, 16, 77, 73, 70, 64, 43, 99, 56, 49, 72, 89, 14, 88, 20, 61, 8, 92, 57, 65, 83, 95, 90, 2, 81, 27, 53, 59, 37, 17, 5, 60, 66, 54, 18, 44, 48, 26, 3, 86, 63, 19, 62, 78, 15, 58, 67, 29, 41, 94, 21]|[2, 0, 2, 1, 1, 1, 0, 2, 1, 0, 2, 1, 0, 1, 0, 1, 1, 1, 0, 0, 1, 1, 2, 0, 2, 1, 1, 1, 2, 0, 0, 1, 0, 1, 0, 2, 0, 1, 2, 0, 2, 1, 1, 2, 2, 2, 2, 0, 1, 1, 1, 2, 0, 0, 1, 0, 0, 0, 0, 2, 1, 1, 2, 2, 2, 2, 2, 2, 2, 2, 0, 1, 0, 0, 0, 2, 1, 1, 0, 2, 0, 2, 2, 0, 0, 0, 2, 2, 0, 0, 1, 1, 0, 2, 1, 1, 1, 2, 1, 1]|[1, 0, 1, 1, 3, 3, 0, 2, 4, 2, 2, 4, 1, 3, 0, 2, 0, 0, 2, 1, 1, 4, 0, 1, 0, 4, 3, 4, 0, 1, 1, 4, 0, 1, 2, 0, 0, 4, 1, 0, 1, 4, 2, 0, 1, 0, 2, 0, 3, 4, 2, 0, 1, 0, 4, 1, 2, 1, 0, 0, 2, 0, 1, 0, 2, 2, 0, 2, 2, 1, 1, 3, 2, 2, 1, 2, 2, 2, 1, 2, 2, 0, 1, 0, 2, 1, 0, 0, 0, 1, 1, 4, 1, 0, 2, 4, 0, 2, 0, 3]|[0, 0, 0, 3, 2, 1, 1, 0, 2, 0, 1, 3, 0, 0, 0, 1, 2, 3, 1, 1, 0, 3, 0, 1, 1, 0, 3, 3, 1, 1, 1, 0, 0, 1, 1, 0, 1, 3, 0, 0, 1, 2, 0, 1, 0, 1, 1, 0, 1, 1, 1, 0, 1, 1, 3, 1, 1, 1, 0, 1, 0, 3, 0, 0, 1, 1, 0, 0, 1, 1, 0, 1, 0, 1, 0, 1, 1, 2, 1, 0, 0, 1, 0, 1, 1, 0, 1, 0, 1, 1, 2, 2, 0, 0, 1, 1, 1, 0, 1, 1],1618.3402309470166,70820.97454617928,187897.3686950494,false
1,G1_CMAX,G3_TWC,[39, 24, 10, 36, 51, 97, 84, 11, 40, 1, 71, 82, 31, 4, 69, 46, 74, 98, 75, 76, 50, 91, 0, 96, 6, 34, 25, 68, 32, 47, 13, 7, 9, 30, 45, 52, 42, 22, 80, 78, 83, 57, 61, 48, 63, 59, 26, 27, 73, 38, 23, 65, 95, 93, 62, 58, 72, 44, 29, 16, 86, 55, 35, 66, 92, 79, 15, 18, 17, 88, 89, 77, 28, 41, 81, 12, 37, 53, 21, 90, 33, 56, 19, 49, 94, 20, 70, 99, 54, 5, 85, 43, 64, 87, 8, 67, 3, 2, 60, 14]|[1, 1, 2, 0, 0, 1, 0, 0, 0, 1, 1, 1, 0, 1, 0, 1, 0, 0, 0, 0, 1, 1, 0, 0, 1, 1, 0, 2, 1, 2, 1, 1, 2, 1, 1, 0, 0, 0, 0, 0, 2, 2, 2, 0, 0, 1, 1, 0, 0, 2, 2, 2, 2, 0, 2, 1, 2, 1, 1, 1, 2, 2, 0, 1, 1, 1, 2, 0, 0, 1, 1, 2, 0, 2, 0, 0, 1, 1, 2, 1, 1, 2, 1, 0, 0, 0, 1, 2, 1, 2, 2, 1, 0, 1, 2, 1, 2, 1, 0, 1]|[1, 1, 1, 1, 2, 3, 0, 1, 2, 0, 1, 2, 1, 3, 1, 0, 0, 0, 2, 2, 1, 4, 2, 2, 2, 4, 1, 0, 3, 0, 0, 4, 2, 2, 2, 2, 0, 2, 0, 1, 1, 2, 0, 0, 2, 2, 4, 1, 1, 0, 0, 2, 2, 1, 2, 1, 0, 4, 4, 3, 2, 2, 2, 3, 2, 3, 0, 2, 1, 1, 2, 0, 2, 2, 2, 0, 2, 2, 1, 3, 4, 0, 1, 0, 1, 1, 4, 0, 2, 2, 1, 2, 1, 2, 1, 1, 0, 0, 2, 0]|[2, 2, 0, 0, 1, 1, 1, 0, 1, 2, 1, 2, 1, 0, 1, 1, 0, 0, 0, 0, 0, 3, 0, 0, 0, 0, 0, 0, 2, 1, 0, 0, 0, 3, 3, 1, 1, 0, 0, 0, 1, 0, 0, 0, 1, 1, 1, 0, 1, 1, 1, 1, 1, 0, 0, 2, 1, 2, 2, 3, 0, 1, 1, 2, 0, 1, 0, 1, 1, 1, 0, 0, 0, 0, 1, 0, 2, 1, 1, 1, 1, 0, 2, 0, 0, 0, 0, 1, 0, 0, 0, 1, 1, 0, 0, 2, 0, 2, 0, 3],1113.2801563224016,68187.71303349586,153554.3187867223,true
1,G4_BALANCED,NOT_ASSIGNED,[45, 1, 62, 78, 41, 39, 32, 87, 75, 12, 40, 99, 24, 38, 79, 30, 17, 91, 18, 83, 90, 35, 43, 97, 63, 76, 10, 54, 21, 31, 71, 64, 3, 23, 85, 44, 93, 26, 60, 52, 65, 13, 86, 46, 14, 88, 80, 33, 0, 2, 55, 59, 56, 34, 47, 89, 98, 73, 28, 74, 67, 69, 11, 66, 50, 84, 72, 92, 37, 58, 15, 61, 20, 8, 27, 36, 82, 96, 53, 77, 57, 5, 70, 25, 95, 6, 22, 9, 68, 51, 7, 48, 49, 81, 42, 4, 16, 29, 94, 19]|[2, 2, 0, 2, 2, 2, 1, 2, 2, 1, 2, 0, 2, 1, 0, 0, 1, 0, 0, 0, 1, 1, 1, 2, 1, 1, 1, 2, 1, 0, 0, 0, 0, 1, 0, 2, 2, 1, 2, 1, 0, 1, 1, 0, 2, 1, 0, 0, 0, 2, 0, 1, 1, 1, 1, 1, 0, 1, 1, 0, 0, 0, 2, 2, 2, 1, 1, 2, 1, 1, 2, 1, 2, 1, 0, 1, 0, 1, 0, 0, 0, 1, 1, 1, 0, 1, 1, 1, 0, 0, 2, 2, 1, 0, 1, 1, 1, 1, 1, 2]|[0, 2, 2, 0, 2, 1, 3, 2, 2, 4, 0, 2, 2, 4, 1, 1, 1, 1, 2, 1, 4, 1, 1, 1, 3, 2, 3, 1, 3, 1, 2, 1, 2, 1, 2, 1, 1, 4, 0, 1, 0, 2, 2, 2, 1, 1, 1, 2, 1, 1, 2, 2, 1, 2, 2, 1, 1, 0, 2, 1, 1, 1, 0, 0, 1, 1, 2, 2, 3, 0, 2, 3, 2, 4, 1, 4, 1, 3, 2, 2, 0, 3, 4, 4, 0, 4, 3, 0, 2, 0, 1, 0, 3, 1, 0, 2, 4, 3, 4, 0]|[0, 0, 1, 0, 0, 0, 0, 0, 1, 0, 0, 0, 1, 0, 0, 0, 1, 0, 1, 0, 1, 2, 3, 1, 2, 2, 3, 0, 0, 1, 0, 0, 0, 1, 0, 0, 1, 3, 1, 1, 1, 2, 1, 0, 0, 0, 0, 1, 1, 1, 1, 1, 0, 3, 2, 1, 0, 1, 3, 1, 0, 1, 0, 0, 0, 3, 1, 0, 1, 3, 0, 0, 0, 2, 0, 2, 0, 2, 1, 0, 1, 2, 3, 3, 0, 2, 2, 1, 1, 0, 0, 0, 2, 1, 0, 3, 1, 0, 2, 0],1163.9897348830325,63913.74607196392,147076.9971311079,false
1,G2_TEC,G4_BALANCED,[31, 22, 82, 15, 40, 10, 96, 42, 77, 4, 47, 46, 78, 16, 91, 89, 48, 44, 24, 71, 28, 69, 29, 41, 38, 94, 62, 55, 26, 85, 99, 13, 73, 51, 90, 56, 67, 30, 35, 9, 83, 27, 81, 70, 39, 87, 74, 45, 52, 5, 88, 23, 95, 34, 36, 1, 60, 68, 33, 8, 59, 49, 17, 7, 54, 11, 80, 75, 58, 97, 6, 76, 18, 50, 53, 21, 79, 92, 0, 43, 12, 86, 3, 64, 19, 98, 57, 14, 84, 37, 72, 25, 63, 93, 32, 66, 2, 65, 20, 61]|[2, 1, 0, 1, 1, 1, 1, 1, 2, 1, 2, 2, 2, 2, 0, 0, 2, 0, 1, 1, 2, 2, 0, 2, 2, 2, 2, 2, 0, 1, 1, 1, 1, 0, 2, 1, 2, 1, 0, 1, 2, 0, 0, 0, 0, 1, 1, 0, 2, 0, 1, 2, 2, 1, 0, 2, 1, 0, 2, 2, 2, 0, 0, 1, 2, 1, 0, 1, 1, 0, 2, 1, 2, 1, 2, 1, 1, 0, 2, 0, 0, 0, 1, 1, 1, 0, 2, 0, 0, 1, 1, 1, 0, 1, 0, 1, 0, 2, 2, 0]|[0, 3, 2, 3, 4, 3, 4, 3, 0, 4, 2, 1, 0, 2, 1, 1, 0, 2, 2, 3, 2, 1, 0, 0, 2, 0, 2, 0, 2, 0, 3, 0, 3, 1, 2, 0, 1, 4, 1, 3, 1, 2, 1, 2, 0, 2, 2, 2, 1, 2, 3, 1, 2, 2, 0, 1, 0, 1, 1, 1, 0, 2, 0, 1, 0, 2, 2, 4, 4, 1, 2, 3, 1, 2, 1, 4, 4, 0, 2, 2, 2, 1, 0, 1, 2, 2, 2, 1, 1, 2, 4, 4, 0, 1, 2, 1, 2, 0, 1, 2]|[0, 2, 0, 1, 1, 2, 0, 1, 0, 0, 0, 0, 0, 1, 1, 0, 1, 0, 2, 1, 0, 0, 0, 1, 0, 0, 0, 0, 1, 1, 0, 1, 2, 1, 0, 2, 1, 0, 1, 2, 1, 0, 0, 0, 0, 3, 1, 1, 0, 1, 1, 1, 0, 3, 0, 0, 0, 0, 1, 1, 1, 0, 0, 2, 0, 0, 0, 1, 3, 1, 0, 1, 1, 1, 1, 2, 1, 1, 0, 0, 1, 0, 0, 1, 1, 0, 0, 0, 0, 0, 0, 1, 0, 2, 1, 2, 0, 1, 0, 0],1251.987415868802,63006.3660418355,142759.93714434828,true
1,G3_TWC,G4_BALANCED,[31, 22, 82, 15, 40, 10, 96, 42, 77, 4, 47, 46, 78, 16, 91, 89, 48, 44, 24, 71, 28, 69, 29, 41, 38, 94, 62, 55, 26, 85, 99, 13, 73, 51, 90, 56, 67, 30, 35, 9, 83, 27, 81, 70, 39, 87, 74, 45, 52, 5, 88, 23, 95, 34, 36, 1, 60, 68, 33, 8, 59, 49, 17, 7, 54, 11, 80, 75, 58, 97, 6, 76, 18, 50, 53, 21, 79, 92, 0, 43, 12, 86, 3, 64, 19, 98, 57, 14, 84, 37, 72, 25, 63, 93, 32, 66, 2, 65, 20, 61]|[2, 1, 0, 1, 1, 1, 1, 1, 2, 1, 2, 2, 2, 2, 0, 0, 2, 0, 1, 1, 2, 2, 0, 2, 2, 2, 2, 2, 0, 1, 1, 1, 1, 0, 2, 1, 2, 1, 0, 1, 2, 0, 0, 0, 0, 1, 1, 0, 2, 0, 1, 2, 2, 1, 0, 2, 1, 0, 2, 2, 2, 0, 0, 1, 2, 1, 0, 1, 1, 0, 2, 1, 2, 1, 2, 1, 1, 0, 2, 0, 0, 0, 1, 1, 1, 0, 2, 0, 0, 1, 1, 1, 0, 1, 0, 1, 0, 2, 2, 0]|[0, 3, 2, 3, 4, 3, 4, 3, 0, 4, 2, 1, 0, 2, 1, 1, 0, 2, 2, 3, 2, 1, 0, 0, 2, 0, 2, 0, 2, 0, 3, 0, 3, 1, 2, 0, 1, 4, 1, 3, 1, 2, 1, 2, 0, 2, 2, 2, 1, 2, 3, 1, 2, 2, 0, 1, 0, 1, 1, 1, 0, 2, 0, 1, 0, 2, 2, 4, 4, 1, 2, 3, 1, 2, 1, 4, 4, 0, 2, 2, 2, 1, 0, 1, 2, 2, 2, 1, 1, 2, 4, 4, 0, 1, 2, 1, 2, 0, 1, 2]|[0, 2, 0, 1, 1, 2, 0, 1, 0, 0, 0, 0, 0, 1, 1, 0, 1, 0, 2, 1, 0, 0, 0, 1, 0, 0, 0, 0, 1, 1, 0, 1, 2, 1, 0, 2, 1, 0, 1, 2, 1, 0, 0, 0, 0, 3, 1, 1, 0, 1, 1, 1, 0, 3, 0, 0, 0, 0, 1, 1, 1, 0, 0, 2, 0, 0, 0, 1, 3, 1, 0, 1, 1, 1, 1, 2, 1, 1, 0, 0, 1, 0, 0, 1, 1, 0, 0, 0, 0, 0, 0, 1, 0, 2, 1, 2, 0, 1, 0, 0],1251.987415868802,63006.3660418355,142759.93714434828,true
1,G1_CMAX,G4_BALANCED,[45, 1, 62, 74, 64, 98, 56, 18, 75, 12, 40, 99, 24, 35, 79, 30, 17, 91, 87, 83, 90, 38, 43, 97, 63, 76, 10, 54, 21, 31, 71, 41, 3, 23, 85, 44, 93, 26, 60, 52, 53, 13, 86, 46, 14, 88, 80, 33, 0, 2, 55, 59, 32, 34, 47, 89, 39, 73, 28, 78, 67, 69, 11, 66, 50, 84, 72, 92, 37, 58, 15, 61, 20, 8, 27, 36, 82, 96, 65, 77, 57, 5, 70, 25, 95, 6, 22, 9, 68, 51, 7, 48, 49, 81, 42, 4, 16, 29, 94, 19]|[2, 1, 0, 0, 0, 0, 1, 0, 2, 1, 2, 0, 2, 1, 0, 0, 1, 0, 0, 0, 1, 1, 1, 2, 1, 1, 1, 2, 1, 0, 0, 2, 0, 2, 0, 2, 2, 1, 2, 1, 0, 1, 1, 0, 2, 1, 2, 0, 0, 2, 0, 1, 1, 0, 1, 1, 2, 1, 1, 2, 0, 0, 2, 2, 2, 1, 1, 2, 1, 1, 2, 1, 2, 1, 0, 1, 0, 1, 0, 0, 0, 1, 1, 1, 0, 0, 1, 1, 0, 0, 2, 2, 1, 0, 1, 1, 1, 1, 1, 2]|[2, 3, 2, 1, 1, 1, 1, 2, 2, 4, 0, 2, 2, 4, 1, 1, 1, 1, 0, 1, 4, 4, 1, 1, 3, 2, 3, 1, 3, 1, 2, 2, 2, 2, 2, 1, 1, 4, 0, 1, 0, 2, 2, 2, 1, 1, 2, 2, 0, 1, 2, 2, 3, 1, 2, 1, 1, 0, 2, 0, 1, 1, 0, 0, 1, 1, 2, 2, 3, 0, 2, 3, 2, 4, 1, 4, 1, 3, 2, 2, 0, 3, 3, 4, 0, 0, 3, 0, 2, 0, 1, 0, 3, 1, 0, 2, 4, 3, 4, 0]|[0, 1, 1, 1, 0, 0, 0, 1, 1, 0, 0, 0, 1, 0, 0, 0, 1, 0, 1, 0, 1, 0, 3, 1, 2, 2, 3, 0, 0, 1, 0, 0, 0, 1, 0, 0, 1, 3, 1, 1, 1, 2, 1, 0, 0, 0, 0, 1, 1, 1, 1, 1, 0, 0, 2, 1, 0, 1, 3, 0, 0, 1, 0, 0, 0, 3, 1, 0, 1, 3, 0, 0, 0, 2, 0, 2, 0, 2, 1, 0, 1, 2, 2, 3, 0, 0, 2, 1, 1, 0, 0, 0, 2, 1, 0, 3, 1, 0, 2, 0],1063.7413093552739,63447.3598484153,143710.62638010556,true
1,G4_BALANCED,G4_BALANCED,[31, 22, 82, 15, 40, 10, 96, 42, 77, 4, 47, 46, 78, 16, 91, 89, 48, 44, 24, 71, 28, 69, 29, 41, 38, 94, 62, 55, 26, 85, 99, 13, 73, 51, 90, 56, 67, 30, 35, 9, 83, 27, 81, 70, 39, 87, 74, 45, 52, 5, 88, 23, 95, 34, 36, 1, 60, 68, 33, 8, 59, 49, 17, 7, 54, 11, 80, 75, 58, 97, 6, 76, 18, 50, 53, 21, 79, 92, 0, 43, 12, 86, 3, 64, 19, 98, 57, 14, 84, 37, 72, 25, 63, 93, 32, 66, 2, 65, 20, 61]|[2, 1, 0, 1, 1, 1, 1, 1, 2, 1, 2, 2, 2, 2, 0, 0, 2, 0, 1, 1, 2, 2, 0, 2, 2, 2, 2, 2, 0, 1, 1, 1, 1, 0, 2, 1, 2, 1, 0, 1, 2, 0, 0, 0, 0, 1, 1, 0, 2, 0, 1, 2, 2, 1, 0, 2, 1, 0, 2, 2, 2, 0, 0, 1, 2, 1, 0, 1, 1, 0, 2, 1, 2, 1, 2, 1, 1, 0, 2, 0, 0, 0, 1, 1, 1, 0, 2, 0, 0, 1, 1, 1, 0, 1, 0, 1, 0, 2, 2, 0]|[0, 3, 2, 3, 4, 3, 4, 3, 0, 4, 2, 1, 0, 2, 1, 1, 0, 2, 2, 3, 2, 1, 0, 0, 2, 0, 2, 0, 2, 0, 3, 0, 3, 1, 2, 0, 1, 4, 1, 3, 1, 2, 1, 2, 0, 2, 2, 2, 1, 2, 3, 1, 2, 2, 0, 1, 0, 1, 1, 1, 0, 2, 0, 1, 0, 2, 2, 4, 4, 1, 2, 3, 1, 2, 1, 4, 4, 0, 2, 2, 2, 1, 0, 1, 2, 2, 2, 1, 1, 2, 4, 4, 0, 1, 2, 1, 2, 0, 1, 2]|[0, 2, 0, 1, 1, 2, 0, 1, 0, 0, 0, 0, 0, 1, 1, 0, 1, 0, 2, 1, 0, 0, 0, 1, 0, 0, 0, 0, 1, 1, 0, 1, 2, 1, 0, 2, 1, 0, 1, 2, 1, 0, 0, 0, 0, 3, 1, 1, 0, 1, 1, 1, 0, 3, 0, 0, 0, 0, 1, 1, 1, 0, 0, 2, 0, 0, 0, 1, 3, 1, 0, 1, 1, 1, 1, 2, 1, 1, 0, 0, 1, 0, 0, 1, 1, 0, 0, 0, 0, 0, 0, 1, 0, 2, 1, 2, 0, 1, 0, 0],1251.987415868802,63006.3660418355,142759.93714434828,false
1,G2_TEC,G4_BALANCED,[31, 22, 82, 15, 40, 10, 96, 42, 77, 4, 47, 46, 78, 16, 91, 89, 48, 44, 24, 71, 28, 69, 29, 41, 38, 94, 62, 55, 26, 85, 99, 13, 73, 51, 90, 56, 67, 30, 35, 9, 83, 27, 81, 70, 39, 87, 74, 45, 52, 5, 88, 23, 95, 34, 36, 1, 60, 68, 33, 8, 59, 49, 17, 7, 54, 11, 80, 75, 58, 97, 6, 76, 18, 50, 53, 21, 79, 92, 0, 43, 12, 86, 3, 64, 19, 98, 57, 14, 84, 37, 72, 25, 63, 93, 32, 66, 2, 65, 20, 61]|[2, 1, 0, 1, 1, 1, 1, 1, 2, 1, 2, 2, 2, 2, 0, 0, 2, 0, 1, 1, 2, 2, 0, 2, 2, 2, 2, 2, 0, 1, 1, 1, 1, 0, 2, 1, 2, 1, 0, 1, 2, 0, 0, 0, 0, 1, 1, 0, 2, 0, 1, 2, 2, 1, 0, 2, 1, 0, 2, 2, 2, 0, 0, 1, 2, 1, 0, 1, 1, 0, 2, 1, 2, 1, 2, 1, 1, 0, 2, 0, 0, 0, 1, 1, 1, 0, 2, 0, 0, 1, 1, 1, 0, 1, 0, 1, 0, 2, 2, 0]|[0, 3, 2, 3, 4, 3, 4, 3, 0, 4, 2, 1, 0, 2, 1, 1, 0, 2, 2, 3, 2, 1, 0, 0, 2, 0, 2, 0, 2, 0, 3, 0, 3, 1, 2, 0, 1, 4, 1, 3, 1, 2, 1, 2, 0, 2, 2, 2, 1, 2, 3, 1, 2, 2, 0, 1, 0, 1, 1, 1, 0, 2, 0, 1, 0, 2, 2, 4, 4, 1, 2, 3, 1, 2, 1, 4, 4, 0, 2, 2, 2, 1, 0, 1, 2, 2, 2, 1, 1, 2, 4, 4, 0, 1, 2, 1, 2, 0, 1, 2]|[0, 2, 0, 1, 1, 2, 0, 1, 0, 0, 0, 0, 0, 1, 1, 0, 1, 0, 2, 1, 0, 0, 0, 1, 0, 0, 0, 0, 1, 1, 0, 1, 2, 1, 0, 2, 1, 0, 1, 2, 1, 0, 0, 0, 0, 3, 1, 1, 0, 1, 1, 1, 0, 3, 0, 0, 0, 0, 1, 1, 1, 0, 0, 2, 0, 0, 0, 1, 3, 1, 0, 1, 1, 1, 1, 2, 1, 1, 0, 0, 1, 0, 0, 1, 1, 0, 0, 0, 0, 0, 0, 1, 0, 2, 1, 2, 0, 1, 0, 0],1251.987415868802,63006.3660418355,142759.93714434828,true
1,G3_TWC,G4_BALANCED,[31, 22, 82, 15, 40, 10, 96, 42, 77, 4, 47, 46, 78, 16, 91, 89, 48, 44, 24, 71, 28, 69, 29, 41, 38, 94, 62, 55, 26, 85, 99, 13, 73, 51, 90, 56, 67, 30, 35, 9, 83, 27, 81, 70, 39, 87, 74, 45, 52, 5, 88, 23, 95, 34, 36, 1, 60, 68, 33, 8, 59, 49, 17, 7, 54, 11, 80, 75, 58, 97, 6, 76, 18, 50, 53, 21, 79, 92, 0, 43, 12, 86, 3, 64, 19, 98, 57, 14, 84, 37, 72, 25, 63, 93, 32, 66, 2, 65, 20, 61]|[2, 1, 0, 1, 1, 1, 1, 1, 2, 1, 2, 2, 2, 2, 0, 0, 2, 0, 1, 1, 2, 2, 0, 2, 2, 2, 2, 2, 0, 1, 1, 1, 1, 0, 2, 1, 2, 1, 0, 1, 2, 0, 0, 0, 0, 1, 1, 0, 2, 0, 1, 2, 2, 1, 0, 2, 1, 0, 2, 2, 2, 0, 0, 1, 2, 1, 0, 1, 1, 0, 2, 1, 2, 1, 2, 1, 1, 0, 2, 0, 0, 0, 1, 1, 1, 0, 2, 0, 0, 1, 1, 1, 0, 1, 0, 1, 0, 2, 2, 0]|[0, 3, 2, 3, 4, 3, 4, 3, 0, 4, 2, 1, 0, 2, 1, 1, 0, 2, 2, 3, 2, 1, 0, 0, 2, 0, 2, 0, 2, 0, 3, 0, 3, 1, 2, 0, 1, 4, 1, 3, 1, 2, 1, 2, 0, 2, 2, 2, 1, 2, 3, 1, 2, 2, 0, 1, 0, 1, 1, 1, 0, 2, 0, 1, 0, 2, 2, 4, 4, 1, 2, 3, 1, 2, 1, 4, 4, 0, 2, 2, 2, 1, 0, 1, 2, 2, 2, 1, 1, 2, 4, 4, 0, 1, 2, 1, 2, 0, 1, 2]|[0, 2, 0, 1, 1, 2, 0, 1, 0, 0, 0, 0, 0, 1, 1, 0, 1, 0, 2, 1, 0, 0, 0, 1, 0, 0, 0, 0, 1, 1, 0, 1, 2, 1, 0, 2, 1, 0, 1, 2, 1, 0, 0, 0, 0, 3, 1, 1, 0, 1, 1, 1, 0, 3, 0, 0, 0, 0, 1, 1, 1, 0, 0, 2, 0, 0, 0, 1, 3, 1, 0, 1, 1, 1, 1, 2, 1, 1, 0, 0, 1, 0, 0, 1, 1, 0, 0, 0, 0, 0, 0, 1, 0, 2, 1, 2, 0, 1, 0, 0],1251.987415868802,63006.3660418355,142759.93714434828,true
1,G1_CMAX,G1_CMAX,[45, 1, 62, 74, 64, 98, 56, 18, 75, 12, 40, 99, 24, 35, 79, 46, 78, 39, 71, 76, 50, 91, 0, 96, 6, 34, 25, 68, 84, 47, 11, 51, 3, 23, 85, 44, 93, 26, 60, 7, 65, 13, 86, 30, 14, 88, 80, 33, 43, 2, 87, 59, 21, 83, 31, 89, 97, 73, 28, 36, 67, 69, 55, 66, 90, 32, 72, 92, 37, 58, 15, 61, 20, 8, 27, 17, 82, 38, 53, 77, 57, 5, 70, 10, 95, 63, 22, 9, 54, 41, 52, 48, 49, 81, 42, 4, 16, 29, 94, 19]|[2, 1, 0, 0, 0, 0, 2, 0, 2, 1, 2, 0, 2, 1, 0, 0, 2, 2, 0, 1, 2, 0, 0, 1, 0, 1, 1, 0, 1, 1, 0, 2, 0, 2, 0, 2, 2, 1, 2, 1, 0, 1, 1, 0, 2, 1, 2, 0, 1, 2, 2, 1, 1, 2, 0, 1, 2, 0, 1, 1, 0, 0, 0, 2, 1, 1, 2, 2, 1, 1, 2, 1, 2, 1, 0, 1, 0, 1, 0, 0, 0, 1, 1, 0, 0, 0, 1, 1, 2, 2, 1, 2, 0, 0, 1, 1, 1, 1, 1, 1]|[1, 3, 2, 1, 1, 0, 0, 1, 2, 4, 0, 2, 2, 1, 1, 2, 0, 1, 2, 2, 1, 1, 1, 3, 0, 2, 4, 2, 1, 2, 1, 2, 2, 0, 2, 1, 1, 4, 0, 1, 0, 2, 2, 1, 1, 1, 2, 2, 1, 1, 2, 2, 3, 1, 1, 1, 1, 1, 2, 4, 1, 1, 2, 0, 4, 3, 0, 2, 3, 0, 2, 3, 2, 4, 1, 1, 1, 4, 2, 2, 0, 3, 4, 2, 0, 2, 3, 0, 1, 2, 1, 0, 0, 1, 0, 2, 4, 3, 4, 1]|[0, 1, 1, 1, 0, 0, 0, 0, 1, 0, 0, 0, 1, 2, 0, 0, 0, 0, 0, 2, 0, 0, 1, 2, 0, 3, 3, 1, 3, 2, 0, 0, 0, 1, 0, 0, 1, 3, 1, 1, 1, 2, 1, 0, 0, 0, 0, 1, 3, 1, 0, 1, 0, 1, 1, 1, 0, 1, 3, 2, 0, 0, 1, 0, 1, 0, 1, 0, 1, 3, 0, 0, 0, 2, 0, 1, 0, 0, 1, 0, 1, 2, 0, 1, 0, 1, 2, 1, 0, 0, 1, 0, 0, 1, 0, 3, 1, 0, 2, 2],1000.0293956962419,65449.62717905594,143262.29947363684,false
1,G4_BALANCED,G2_TEC,[31, 22, 82, 15, 40, 10, 96, 42, 77, 4, 47, 46, 78, 16, 91, 89, 48, 44, 24, 71, 28, 69, 29, 41, 38, 94, 62, 55, 26, 85, 99, 13, 73, 51, 90, 56, 67, 30, 35, 9, 83, 27, 81, 70, 39, 87, 74, 7, 3, 84, 54, 18, 79, 6, 23, 17, 65, 33, 21, 19, 59, 66, 58, 88, 36, 92, 1, 43, 5, 75, 86, 32, 60, 20, 97, 52, 45, 63, 80, 25, 93, 37, 76, 0, 12, 72, 8, 68, 57, 61, 49, 64, 14, 50, 34, 53, 11, 98, 2, 95]|[1, 1, 0, 1, 2, 1, 1, 1, 2, 1, 2, 2, 2, 1, 1, 0, 1, 2, 2, 1, 1, 1, 1, 1, 1, 2, 2, 2, 1, 1, 1, 1, 1, 0, 2, 2, 2, 1, 0, 1, 1, 0, 0, 1, 0, 1, 0, 1, 0, 0, 1, 0, 1, 2, 2, 0, 0, 2, 0, 2, 2, 1, 1, 1, 2, 2, 2, 1, 1, 1, 0, 0, 1, 2, 0, 0, 0, 0, 0, 1, 1, 0, 1, 2, 1, 1, 1, 1, 2, 1, 0, 2, 2, 1, 1, 0, 2, 0, 0, 0]|[3, 3, 2, 2, 0, 3, 3, 0, 0, 4, 0, 1, 0, 4, 2, 1, 1, 1, 1, 3, 2, 3, 1, 2, 4, 0, 0, 0, 4, 0, 3, 0, 3, 0, 2, 0, 1, 2, 1, 3, 4, 2, 0, 1, 0, 2, 1, 1, 2, 2, 0, 1, 4, 2, 1, 0, 0, 1, 1, 0, 0, 1, 4, 1, 0, 2, 1, 1, 3, 3, 1, 0, 0, 1, 1, 2, 2, 0, 2, 4, 1, 2, 3, 2, 3, 4, 4, 2, 2, 3, 2, 2, 1, 2, 2, 2, 0, 2, 2, 0]|[3, 2, 0, 1, 0, 2, 2, 0, 0, 0, 0, 0, 0, 0, 0, 0, 1, 0, 0, 1, 1, 2, 3, 1, 0, 0, 0, 0, 3, 1, 0, 1, 2, 0, 0, 0, 1, 3, 1, 2, 3, 0, 1, 3, 0, 3, 1, 2, 0, 0, 0, 1, 1, 0, 1, 0, 1, 1, 1, 0, 1, 2, 3, 0, 0, 0, 0, 3, 2, 1, 0, 0, 0, 1, 1, 0, 1, 0, 0, 3, 2, 0, 1, 0, 0, 0, 2, 2, 0, 0, 0, 0, 0, 1, 3, 1, 0, 0, 0, 0],1046.0297131675713,61570.751176961,139913.47738189026,true
1,G2_TEC,G2_TEC,[31, 22, 82, 15, 40, 10, 96, 42, 77, 4, 47, 46, 78, 16, 91, 89, 48, 44, 24, 71, 28, 69, 29, 41, 38, 94, 62, 55, 26, 85, 99, 13, 73, 51, 90, 56, 67, 30, 35, 9, 83, 27, 81, 70, 39, 87, 74, 7, 3, 84, 54, 18, 79, 6, 23, 17, 65, 33, 21, 19, 59, 66, 58, 88, 36, 92, 1, 43, 5, 75, 86, 32, 60, 20, 97, 52, 45, 63, 80, 25, 93, 37, 76, 0, 12, 72, 8, 68, 57, 61, 49, 64, 14, 50, 34, 53, 11, 98, 2, 95]|[1, 1, 0, 1, 2, 1, 1, 1, 2, 1, 2, 2, 2, 1, 1, 0, 1, 2, 2, 1, 1, 1, 1, 1, 1, 2, 2, 2, 1, 1, 1, 1, 1, 0, 2, 2, 2, 1, 0, 1, 1, 0, 0, 1, 0, 1, 0, 1, 0, 0, 1, 0, 1, 2, 2, 0, 0, 2, 0, 2, 2, 1, 1, 1, 2, 2, 2, 1, 1, 1, 0, 0, 1, 2, 0, 0, 0, 0, 0, 1, 1, 0, 1, 2, 1, 1, 1, 1, 2, 1, 0, 2, 2, 1, 1, 0, 2, 0, 0, 0]|[3, 3, 2, 2, 0, 3, 3, 0, 0, 4, 0, 1, 0, 4, 2, 1, 1, 1, 1, 3, 2, 3, 1, 2, 4, 0, 0, 0, 4, 0, 3, 0, 3, 0, 2, 0, 1, 2, 1, 3, 4, 2, 0, 1, 0, 2, 1, 1, 2, 2, 0, 1, 4, 2, 1, 0, 0, 1, 1, 0, 0, 1, 4, 1, 0, 2, 1, 1, 3, 3, 1, 0, 0, 1, 1, 2, 2, 0, 2, 4, 1, 2, 3, 2, 3, 4, 4, 2, 2, 3, 2, 2, 1, 2, 2, 2, 0, 2, 2, 0]|[3, 2, 0, 1, 0, 2, 2, 0, 0, 0, 0, 0, 0, 0, 0, 0, 1, 0, 0, 1, 1, 2, 3, 1, 0, 0, 0, 0, 3, 1, 0, 1, 2, 0, 0, 0, 1, 3, 1, 2, 3, 0, 1, 3, 0, 3, 1, 2, 0, 0, 0, 1, 1, 0, 1, 0, 1, 1, 1, 0, 1, 2, 3, 0, 0, 0, 0, 3, 2, 1, 0, 0, 0, 1, 1, 0, 1, 0, 0, 3, 2, 0, 1, 0, 0, 0, 2, 2, 0, 0, 0, 0, 0, 1, 3, 1, 0, 0, 0, 0],1046.0297131675713,61570.751176961,139913.47738189026,false
1,G3_TWC,G1_CMAX,[45, 1, 62, 74, 64, 98, 56, 18, 75, 12, 40, 99, 24, 35, 79, 46, 78, 39, 71, 76, 50, 91, 0, 96, 6, 34, 25, 68, 84, 47, 11, 51, 3, 23, 85, 44, 93, 26, 60, 7, 65, 13, 86, 30, 14, 88, 80, 33, 43, 2, 87, 59, 21, 83, 31, 89, 97, 73, 28, 36, 67, 69, 55, 66, 90, 32, 72, 92, 37, 58, 15, 61, 20, 8, 27, 17, 82, 38, 53, 77, 57, 5, 70, 10, 95, 63, 22, 9, 54, 41, 52, 48, 49, 81, 42, 4, 16, 29, 94, 19]|[2, 1, 0, 0, 0, 0, 2, 0, 2, 1, 2, 0, 2, 1, 0, 0, 2, 2, 0, 1, 2, 0, 0, 1, 0, 1, 1, 0, 1, 1, 0, 2, 0, 2, 0, 2, 2, 1, 2, 1, 0, 1, 1, 0, 2, 1, 2, 0, 1, 2, 2, 1, 1, 2, 0, 1, 2, 0, 1, 1, 0, 0, 0, 2, 1, 1, 2, 2, 1, 1, 2, 1, 2, 1, 0, 1, 0, 1, 0, 0, 0, 1, 1, 0, 0, 0, 1, 1, 2, 2, 1, 2, 0, 0, 1, 1, 1, 1, 1, 1]|[1, 3, 2, 1, 1, 0, 0, 1, 2, 4, 0, 2, 2, 1, 1, 2, 0, 1, 2, 2, 1, 1, 1, 3, 0, 2, 4, 2, 1, 2, 1, 2, 2, 0, 2, 1, 1, 4, 0, 1, 0, 2, 2, 1, 1, 1, 2, 2, 1, 1, 2, 2, 3, 1, 1, 1, 1, 1, 2, 4, 1, 1, 2, 0, 4, 3, 0, 2, 3, 0, 2, 3, 2, 4, 1, 1, 1, 4, 2, 2, 0, 3, 4, 2, 0, 2, 3, 0, 1, 2, 1, 0, 0, 1, 0, 2, 4, 3, 4, 1]|[0, 1, 1, 1, 0, 0, 0, 0, 1, 0, 0, 0, 1, 2, 0, 0, 0, 0, 0, 2, 0, 0, 1, 2, 0, 3, 3, 1, 3, 2, 0, 0, 0, 1, 0, 0, 1, 3, 1, 1, 1, 2, 1, 0, 0, 0, 0, 1, 3, 1, 0, 1, 0, 1, 1, 1, 0, 1, 3, 2, 0, 0, 1, 0, 1, 0, 1, 0, 1, 3, 0, 0, 0, 2, 0, 1, 0, 0, 1, 0, 1, 2, 0, 1, 0, 1, 2, 1, 0, 0, 1, 0, 0, 1, 0, 3, 1, 0, 2, 2],1000.0293956962419,65449.62717905594,143262.29947363684,true
1,G1_CMAX,G4_BALANCED,[31, 22, 82, 15, 40, 10, 96, 42, 77, 4, 47, 46, 78, 16, 91, 89, 48, 44, 24, 71, 28, 69, 29, 41, 38, 94, 62, 55, 26, 85, 99, 13, 73, 51, 90, 56, 67, 30, 35, 9, 83, 27, 81, 32, 39, 84, 72, 7, 3, 87, 23, 21, 43, 6, 74, 12, 65, 97, 54, 19, 59, 79, 57, 88, 36, 92, 63, 70, 5, 75, 80, 11, 60, 18, 58, 86, 45, 20, 17, 25, 93, 76, 37, 0, 52, 34, 8, 68, 1, 61, 49, 64, 14, 50, 66, 53, 33, 98, 2, 95]|[1, 2, 0, 0, 2, 2, 1, 2, 2, 1, 2, 1, 2, 1, 1, 0, 1, 2, 2, 1, 1, 1, 1, 1, 1, 0, 2, 2, 1, 0, 2, 0, 1, 0, 0, 0, 2, 1, 2, 1, 1, 0, 2, 0, 0, 0, 1, 1, 0, 2, 2, 0, 1, 2, 0, 0, 0, 1, 0, 2, 1, 1, 2, 1, 2, 2, 1, 1, 2, 1, 0, 2, 1, 2, 2, 2, 0, 2, 0, 1, 1, 1, 0, 2, 0, 1, 1, 1, 2, 1, 0, 2, 2, 1, 1, 0, 1, 0, 2, 0]|[3, 0, 2, 1, 0, 0, 3, 2, 0, 4, 2, 1, 0, 3, 2, 1, 1, 1, 1, 4, 2, 3, 1, 2, 4, 0, 0, 0, 4, 1, 2, 2, 3, 1, 0, 1, 1, 2, 2, 3, 4, 0, 1, 0, 0, 2, 2, 3, 2, 0, 0, 1, 1, 2, 2, 0, 0, 2, 2, 0, 4, 4, 2, 1, 0, 1, 3, 1, 0, 3, 2, 1, 0, 1, 2, 2, 2, 1, 0, 2, 1, 3, 2, 2, 2, 3, 4, 0, 1, 2, 2, 2, 1, 2, 1, 2, 3, 2, 1, 1]|[3, 0, 0, 0, 0, 0, 2, 0, 0, 3, 1, 0, 0, 2, 0, 0, 1, 0, 0, 0, 1, 2, 3, 1, 0, 0, 0, 0, 3, 1, 0, 0, 2, 1, 0, 0, 1, 3, 0, 2, 3, 0, 1, 1, 0, 0, 1, 0, 0, 1, 1, 1, 3, 0, 1, 1, 1, 1, 0, 0, 1, 1, 0, 0, 0, 1, 1, 3, 1, 1, 1, 0, 0, 0, 0, 0, 1, 1, 0, 0, 2, 1, 0, 0, 0, 3, 2, 1, 0, 0, 0, 0, 0, 1, 2, 1, 2, 0, 0, 1],1097.4642987175753,61705.59150525891,133024.18826429045,true
1,G4_BALANCED,G2_TEC,[31, 22, 82, 15, 40, 10, 96, 42, 77, 4, 47, 46, 78, 16, 91, 89, 48, 44, 24, 71, 28, 69, 29, 41, 38, 94, 62, 55, 26, 85, 99, 13, 73, 51, 90, 56, 67, 30, 35, 9, 83, 27, 81, 70, 39, 87, 74, 7, 3, 84, 54, 18, 79, 6, 23, 17, 65, 33, 21, 19, 59, 66, 58, 88, 36, 92, 1, 43, 5, 75, 86, 32, 60, 20, 97, 52, 45, 63, 80, 25, 93, 37, 76, 0, 12, 72, 8, 68, 57, 61, 49, 64, 14, 50, 34, 53, 11, 98, 2, 95]|[1, 1, 0, 1, 2, 1, 1, 1, 2, 1, 2, 2, 2, 1, 1, 0, 1, 2, 2, 1, 1, 1, 1, 1, 1, 2, 2, 2, 1, 1, 1, 1, 1, 0, 2, 2, 2, 1, 0, 1, 1, 0, 0, 1, 0, 1, 0, 1, 0, 0, 1, 0, 1, 2, 2, 0, 0, 2, 0, 2, 2, 1, 1, 1, 2, 2, 2, 1, 1, 1, 0, 0, 1, 2, 0, 0, 0, 0, 0, 1, 1, 0, 1, 2, 1, 1, 1, 1, 2, 1, 0, 2, 2, 1, 1, 0, 2, 0, 0, 0]|[3, 3, 2, 2, 0, 3, 3, 0, 0, 4, 0, 1, 0, 4, 2, 1, 1, 1, 1, 3, 2, 3, 1, 2, 4, 0, 0, 0, 4, 0, 3, 0, 3, 0, 2, 0, 1, 2, 1, 3, 4, 2, 0, 1, 0, 2, 1, 1, 2, 2, 0, 1, 4, 2, 1, 0, 0, 1, 1, 0, 0, 1, 4, 1, 0, 2, 1, 1, 3, 3, 1, 0, 0, 1, 1, 2, 2, 0, 2, 4, 1, 2, 3, 2, 3, 4, 4, 2, 2, 3, 2, 2, 1, 2, 2, 2, 0, 2, 2, 0]|[3, 2, 0, 1, 0, 2, 2, 0, 0, 0, 0, 0, 0, 0, 0, 0, 1, 0, 0, 1, 1, 2, 3, 1, 0, 0, 0, 0, 3, 1, 0, 1, 2, 0, 0, 0, 1, 3, 1, 2, 3, 0, 1, 3, 0, 3, 1, 2, 0, 0, 0, 1, 1, 0, 1, 0, 1, 1, 1, 0, 1, 2, 3, 0, 0, 0, 0, 3, 2, 1, 0, 0, 0, 1, 1, 0, 1, 0, 0, 3, 2, 0, 1, 0, 0, 0, 2, 2, 0, 0, 0, 0, 0, 1, 3, 1, 0, 0, 0, 0],1046.0297131675713,61570.751176961,139913.47738189026,true
1,G2_TEC,G2_TEC,[31, 22, 82, 15, 40, 10, 96, 42, 77, 4, 47, 46, 78, 16, 91, 89, 48, 44, 24, 71, 28, 69, 29, 41, 38, 94, 62, 55, 26, 85, 99, 13, 73, 51, 90, 56, 67, 30, 35, 9, 83, 27, 81, 70, 39, 87, 74, 7, 3, 84, 54, 18, 79, 6, 23, 17, 65, 33, 21, 19, 59, 66, 58, 88, 36, 92, 1, 43, 5, 75, 86, 32, 60, 20, 97, 52, 45, 63, 80, 25, 93, 37, 76, 0, 12, 72, 8, 68, 57, 61, 49, 64, 14, 50, 34, 53, 11, 98, 2, 95]|[1, 1, 0, 1, 2, 1, 1, 1, 2, 1, 2, 2, 2, 1, 1, 0, 1, 2, 2, 1, 1, 1, 1, 1, 1, 2, 2, 2, 1, 1, 1, 1, 1, 0, 2, 2, 2, 1, 0, 1, 1, 0, 0, 1, 0, 1, 0, 1, 0, 0, 1, 0, 1, 2, 2, 0, 0, 2, 0, 2, 2, 1, 1, 1, 2, 2, 2, 1, 1, 1, 0, 0, 1, 2, 0, 0, 0, 0, 0, 1, 1, 0, 1, 2, 1, 1, 1, 1, 2, 1, 0, 2, 2, 1, 1, 0, 2, 0, 0, 0]|[3, 3, 2, 2, 0, 3, 3, 0, 0, 4, 0, 1, 0, 4, 2, 1, 1, 1, 1, 3, 2, 3, 1, 2, 4, 0, 0, 0, 4, 0, 3, 0, 3, 0, 2, 0, 1, 2, 1, 3, 4, 2, 0, 1, 0, 2, 1, 1, 2, 2, 0, 1, 4, 2, 1, 0, 0, 1, 1, 0, 0, 1, 4, 1, 0, 2, 1, 1, 3, 3, 1, 0, 0, 1, 1, 2, 2, 0, 2, 4, 1, 2, 3, 2, 3, 4, 4, 2, 2, 3, 2, 2, 1, 2, 2, 2, 0, 2, 2, 0]|[3, 2, 0, 1, 0, 2, 2, 0, 0, 0, 0, 0, 0, 0, 0, 0, 1, 0, 0, 1, 1, 2, 3, 1, 0, 0, 0, 0, 3, 1, 0, 1, 2, 0, 0, 0, 1, 3, 1, 2, 3, 0, 1, 3, 0, 3, 1, 2, 0, 0, 0, 1, 1, 0, 1, 0, 1, 1, 1, 0, 1, 2, 3, 0, 0, 0, 0, 3, 2, 1, 0, 0, 0, 1, 1, 0, 1, 0, 0, 3, 2, 0, 1, 0, 0, 0, 2, 2, 0, 0, 0, 0, 0, 1, 3, 1, 0, 0, 0, 0],1046.0297131675713,61570.751176961,139913.47738189026,false
1,G3_TWC,G4_BALANCED,[31, 22, 82, 15, 40, 10, 96, 42, 77, 4, 47, 46, 78, 16, 91, 89, 48, 44, 24, 71, 28, 69, 29, 41, 38, 94, 62, 55, 26, 85, 99, 13, 73, 51, 90, 56, 67, 30, 35, 9, 83, 27, 81, 70, 39, 87, 74, 7, 3, 84, 5, 75, 60, 58, 19, 32, 14, 59, 57, 64, 6, 37, 76, 21, 2, 45, 93, 20, 50, 49, 33, 97, 18, 86, 52, 88, 36, 54, 12, 0, 53, 80, 65, 25, 1, 66, 68, 79, 23, 34, 63, 17, 61, 98, 72, 11, 43, 95, 92, 8]|[1, 1, 2, 0, 2, 1, 1, 0, 1, 2, 2, 2, 1, 1, 1, 2, 2, 2, 0, 0, 1, 2, 1, 0, 1, 2, 1, 1, 2, 0, 1, 1, 1, 2, 2, 2, 2, 0, 1, 1, 1, 0, 0, 1, 2, 1, 0, 1, 0, 0, 1, 1, 1, 0, 2, 0, 2, 2, 0, 2, 0, 1, 1, 0, 0, 1, 1, 2, 1, 2, 2, 0, 0, 0, 1, 1, 1, 1, 1, 0, 0, 0, 1, 1, 2, 2, 2, 1, 1, 1, 0, 2, 1, 0, 2, 2, 1, 0, 0, 2]|[3, 3, 0, 1, 1, 3, 3, 0, 2, 2, 0, 1, 2, 3, 2, 0, 2, 1, 1, 0, 2, 0, 4, 1, 4, 0, 2, 4, 0, 1, 3, 0, 3, 0, 2, 0, 1, 1, 0, 3, 4, 2, 1, 1, 2, 2, 0, 1, 2, 2, 3, 3, 1, 1, 2, 1, 1, 0, 2, 2, 2, 1, 3, 1, 2, 4, 1, 1, 2, 0, 1, 0, 1, 1, 2, 1, 3, 0, 3, 0, 2, 1, 4, 4, 1, 1, 0, 1, 4, 1, 0, 2, 0, 2, 2, 0, 1, 2, 0, 1]|[3, 2, 0, 1, 1, 3, 2, 0, 0, 0, 0, 0, 1, 2, 0, 1, 0, 0, 0, 1, 1, 0, 0, 1, 0, 0, 2, 3, 0, 0, 0, 1, 2, 0, 0, 0, 1, 0, 0, 2, 3, 0, 1, 3, 1, 3, 1, 2, 0, 0, 2, 1, 1, 0, 1, 0, 0, 1, 0, 0, 1, 0, 1, 0, 0, 2, 2, 0, 1, 0, 1, 1, 1, 1, 1, 0, 2, 0, 0, 1, 1, 1, 3, 3, 0, 0, 1, 3, 0, 1, 0, 0, 3, 0, 0, 0, 3, 0, 1, 0],980.4581985173729,63221.4294503723,141305.46840332504,true
1,G1_CMAX,G4_BALANCED,[31, 22, 82, 15, 40, 10, 96, 42, 77, 4, 47, 46, 78, 16, 91, 89, 48, 44, 24, 71, 28, 69, 29, 41, 38, 94, 62, 55, 26, 85, 99, 13, 73, 51, 90, 56, 67, 30, 35, 9, 83, 27, 81, 32, 39, 84, 72, 7, 3, 87, 23, 21, 43, 6, 74, 12, 65, 97, 54, 19, 59, 79, 57, 88, 36, 92, 63, 70, 5, 75, 80, 11, 60, 18, 58, 86, 45, 20, 17, 25, 93, 76, 37, 0, 52, 34, 8, 68, 1, 61, 49, 64, 14, 50, 66, 53, 33, 98, 2, 95]|[1, 2, 0, 0, 2, 2, 1, 2, 2, 1, 2, 1, 2, 1, 1, 0, 1, 2, 2, 1, 1, 1, 1, 1, 1, 0, 2, 2, 1, 0, 2, 0, 1, 0, 0, 0, 2, 1, 2, 1, 1, 0, 2, 0, 0, 0, 1, 1, 0, 2, 2, 0, 1, 2, 0, 0, 0, 1, 0, 2, 1, 1, 2, 1, 2, 2, 1, 1, 2, 1, 0, 2, 1, 2, 2, 2, 0, 2, 0, 1, 1, 1, 0, 2, 0, 1, 1, 1, 2, 1, 0, 2, 2, 1, 1, 0, 1, 0, 2, 0]|[3, 0, 2, 1, 0, 0, 3, 2, 0, 4, 2, 1, 0, 3, 2, 1, 1, 1, 1, 4, 2, 3, 1, 2, 4, 0, 0, 0, 4, 1, 2, 2, 3, 1, 0, 1, 1, 2, 2, 3, 4, 0, 1, 0, 0, 2, 2, 3, 2, 0, 0, 1, 1, 2, 2, 0, 0, 2, 2, 0, 4, 4, 2, 1, 0, 1, 3, 1, 0, 3, 2, 1, 0, 1, 2, 2, 2, 1, 0, 2, 1, 3, 2, 2, 2, 3, 4, 0, 1, 2, 2, 2, 1, 2, 1, 2, 3, 2, 1, 1]|[3, 0, 0, 0, 0, 0, 2, 0, 0, 3, 1, 0, 0, 2, 0, 0, 1, 0, 0, 0, 1, 2, 3, 1, 0, 0, 0, 0, 3, 1, 0, 0, 2, 1, 0, 0, 1, 3, 0, 2, 3, 0, 1, 1, 0, 0, 1, 0, 0, 1, 1, 1, 3, 0, 1, 1, 1, 1, 0, 0, 1, 1, 0, 0, 0, 1, 1, 3, 1, 1, 1, 0, 0, 0, 0, 0, 1, 1, 0, 0, 2, 1, 0, 0, 0, 3, 2, 1, 0, 0, 0, 0, 0, 1, 2, 1, 2, 0, 0, 1],1097.4642987175753,61705.59150525891,133024.18826429045,true
1,G4_BALANCED,G4_BALANCED,[31, 22, 82, 15, 40, 10, 96, 42, 77, 4, 47, 46, 78, 16, 91, 89, 48, 44, 24, 71, 28, 69, 29, 41, 38, 94, 62, 55, 26, 85, 99, 13, 73, 51, 90, 56, 67, 30, 35, 9, 83, 27, 81, 70, 39, 87, 74, 7, 3, 84, 5, 75, 60, 58, 19, 32, 14, 59, 57, 64, 6, 37, 76, 21, 2, 45, 93, 20, 50, 49, 33, 97, 18, 86, 52, 88, 36, 54, 12, 0, 53, 80, 65, 25, 1, 66, 68, 79, 23, 34, 63, 17, 61, 98, 72, 11, 43, 95, 92, 8]|[1, 1, 2, 0, 2, 1, 1, 0, 1, 2, 2, 2, 1, 1, 1, 2, 2, 2, 0, 0, 1, 2, 1, 0, 1, 2, 1, 1, 2, 0, 1, 1, 1, 2, 2, 2, 2, 0, 1, 1, 1, 0, 0, 1, 2, 1, 0, 1, 0, 0, 1, 1, 1, 0, 2, 0, 2, 2, 0, 2, 0, 1, 1, 0, 0, 1, 1, 2, 1, 2, 2, 0, 0, 0, 1, 1, 1, 1, 1, 0, 0, 0, 1, 1, 2, 2, 2, 1, 1, 1, 0, 2, 1, 0, 2, 2, 1, 0, 0, 2]|[3, 3, 0, 1, 1, 3, 3, 0, 2, 2, 0, 1, 2, 3, 2, 0, 2, 1, 1, 0, 2, 0, 4, 1, 4, 0, 2, 4, 0, 1, 3, 0, 3, 0, 2, 0, 1, 1, 0, 3, 4, 2, 1, 1, 2, 2, 0, 1, 2, 2, 3, 3, 1, 1, 2, 1, 1, 0, 2, 2, 2, 1, 3, 1, 2, 4, 1, 1, 2, 0, 1, 0, 1, 1, 2, 1, 3, 0, 3, 0, 2, 1, 4, 4, 1, 1, 0, 1, 4, 1, 0, 2, 0, 2, 2, 0, 1, 2, 0, 1]|[3, 2, 0, 1, 1, 3, 2, 0, 0, 0, 0, 0, 1, 2, 0, 1, 0, 0, 0, 1, 1, 0, 0, 1, 0, 0, 2, 3, 0, 0, 0, 1, 2, 0, 0, 0, 1, 0, 0, 2, 3, 0, 1, 3, 1, 3, 1, 2, 0, 0, 2, 1, 1, 0, 1, 0, 0, 1, 0, 0, 1, 0, 1, 0, 0, 2, 2, 0, 1, 0, 1, 1, 1, 1, 1, 0, 2, 0, 0, 1, 1, 1, 3, 3, 0, 0, 1, 3, 0, 1, 0, 0, 3, 0, 0, 0, 3, 0, 1, 0],980.4581985173729,63221.4294503723,141305.46840332504,false
1,G2_TEC,G1_CMAX,[31, 22, 82, 15, 40, 10, 96, 42, 77, 4, 47, 46, 78, 16, 91, 89, 48, 44, 24, 71, 28, 69, 29, 41, 38, 94, 62, 55, 26, 85, 99, 13, 75, 51, 90, 56, 67, 30, 35, 9, 83, 27, 81, 70, 39, 87, 74, 7, 3, 84, 54, 18, 79, 6, 23, 17, 65, 33, 21, 73, 58, 86, 95, 50, 2, 72, 45, 64, 5, 76, 1, 37, 59, 53, 52, 63, 43, 49, 97, 88, 12, 0, 93, 14, 80, 66, 68, 20, 19, 34, 57, 60, 61, 98, 25, 11, 36, 8, 92, 32]|[1, 1, 0, 0, 2, 2, 1, 2, 1, 1, 1, 2, 2, 1, 1, 0, 2, 0, 0, 1, 1, 2, 0, 1, 1, 0, 2, 1, 1, 2, 2, 1, 1, 2, 2, 0, 1, 1, 1, 1, 2, 0, 2, 2, 0, 2, 0, 1, 0, 0, 0, 2, 1, 1, 1, 0, 2, 1, 1, 1, 2, 2, 0, 1, 2, 1, 1, 2, 1, 1, 2, 0, 1, 2, 1, 0, 1, 2, 0, 1, 0, 0, 1, 2, 0, 2, 2, 2, 1, 1, 1, 1, 1, 0, 1, 2, 2, 1, 2, 0]|[3, 3, 2, 1, 0, 2, 3, 2, 2, 4, 2, 1, 0, 4, 2, 1, 2, 2, 1, 4, 2, 1, 0, 2, 4, 0, 0, 2, 4, 2, 0, 0, 3, 0, 2, 1, 0, 2, 3, 3, 2, 1, 1, 1, 0, 0, 1, 3, 2, 2, 2, 1, 4, 4, 4, 0, 0, 4, 4, 3, 2, 2, 2, 2, 0, 2, 4, 2, 4, 3, 1, 2, 4, 0, 2, 0, 1, 0, 0, 1, 2, 0, 1, 1, 2, 1, 0, 1, 4, 2, 4, 1, 3, 2, 4, 0, 0, 4, 1, 0]|[3, 2, 0, 1, 0, 0, 2, 0, 0, 0, 2, 0, 0, 2, 0, 0, 0, 0, 0, 0, 1, 0, 0, 1, 0, 0, 0, 1, 3, 0, 0, 1, 1, 0, 0, 0, 0, 3, 1, 2, 0, 1, 1, 1, 0, 1, 1, 0, 0, 0, 0, 0, 1, 3, 0, 0, 1, 0, 2, 2, 0, 0, 0, 1, 0, 1, 2, 0, 3, 1, 0, 0, 0, 0, 1, 0, 3, 0, 1, 0, 1, 1, 2, 0, 1, 0, 1, 0, 0, 3, 2, 1, 0, 0, 3, 0, 0, 2, 1, 1],1277.7788720843205,59887.578345564005,153242.63761021366,true
1,G3_TWC,G4_BALANCED,[31, 22, 82, 15, 40, 10, 96, 42, 77, 4, 47, 46, 78, 16, 91, 30, 17, 79, 18, 83, 90, 35, 43, 97, 63, 76, 39, 55, 26, 85, 99, 13, 73, 51, 28, 56, 67, 89, 69, 9, 71, 27, 81, 70, 62, 87, 74, 45, 52, 5, 88, 23, 95, 34, 36, 1, 60, 68, 33, 8, 59, 49, 48, 7, 54, 84, 72, 92, 37, 58, 50, 61, 20, 80, 64, 41, 98, 44, 53, 75, 57, 2, 65, 25, 32, 12, 21, 0, 3, 93, 66, 11, 38, 94, 24, 6, 19, 29, 86, 14]|[2, 1, 0, 1, 1, 1, 1, 1, 0, 1, 1, 2, 2, 1, 0, 1, 2, 0, 0, 0, 1, 1, 0, 2, 0, 2, 1, 0, 0, 1, 1, 1, 1, 0, 1, 1, 0, 1, 1, 1, 0, 0, 0, 1, 2, 1, 0, 0, 2, 1, 2, 1, 0, 1, 1, 2, 1, 0, 1, 1, 2, 1, 0, 1, 1, 1, 1, 2, 1, 1, 1, 1, 2, 0, 0, 0, 0, 0, 0, 2, 2, 1, 2, 1, 1, 1, 1, 0, 0, 2, 2, 2, 1, 2, 2, 0, 1, 0, 1, 0]|[0, 3, 2, 3, 4, 3, 3, 3, 2, 4, 2, 1, 2, 4, 1, 4, 0, 1, 0, 1, 4, 1, 0, 0, 0, 0, 3, 2, 2, 0, 3, 0, 0, 0, 2, 1, 1, 4, 0, 0, 1, 1, 1, 4, 0, 2, 1, 2, 2, 3, 1, 1, 0, 2, 4, 1, 0, 1, 4, 4, 0, 3, 0, 1, 0, 1, 2, 2, 2, 4, 2, 3, 2, 2, 1, 0, 1, 1, 2, 2, 2, 3, 0, 4, 3, 4, 4, 1, 2, 1, 0, 0, 4, 0, 1, 2, 2, 2, 2, 1]|[0, 2, 0, 1, 1, 2, 2, 1, 0, 0, 2, 0, 1, 0, 0, 0, 0, 0, 1, 0, 1, 2, 0, 1, 0, 0, 3, 1, 1, 1, 0, 1, 1, 0, 3, 0, 0, 0, 0, 1, 0, 0, 0, 3, 0, 3, 1, 1, 0, 2, 0, 1, 0, 3, 2, 0, 0, 0, 1, 2, 1, 2, 1, 2, 0, 3, 1, 0, 0, 3, 1, 0, 0, 0, 0, 0, 0, 0, 1, 1, 0, 2, 1, 3, 0, 0, 2, 1, 0, 1, 0, 0, 0, 0, 1, 1, 1, 0, 1, 0],1164.2866816202431,61328.52573486993,131108.57653818108,true
1,G1_CMAX,G4_BALANCED,[31, 22, 82, 15, 40, 10, 96, 42, 77, 4, 47, 46, 78, 16, 91, 89, 48, 44, 24, 71, 28, 69, 29, 41, 38, 94, 62, 55, 26, 85, 99, 13, 73, 51, 90, 56, 67, 30, 35, 9, 83, 27, 81, 70, 39, 87, 74, 7, 3, 84, 5, 75, 60, 58, 19, 32, 14, 59, 57, 64, 6, 37, 76, 21, 2, 45, 93, 20, 50, 49, 33, 97, 18, 86, 52, 88, 36, 54, 12, 0, 53, 80, 65, 25, 1, 66, 68, 79, 23, 34, 63, 17, 61, 98, 72, 11, 43, 95, 92, 8]|[1, 1, 2, 0, 2, 1, 1, 0, 1, 2, 2, 2, 1, 1, 1, 2, 2, 2, 0, 0, 1, 2, 1, 0, 1, 2, 1, 1, 2, 0, 1, 1, 1, 2, 2, 2, 2, 0, 1, 1, 1, 0, 0, 1, 2, 1, 0, 1, 0, 0, 1, 1, 1, 0, 2, 0, 2, 2, 0, 2, 0, 1, 1, 0, 0, 1, 1, 2, 1, 2, 2, 0, 0, 0, 1, 1, 1, 1, 1, 0, 0, 0, 1, 1, 2, 2, 2, 1, 1, 1, 0, 2, 1, 0, 2, 2, 1, 0, 0, 2]|[3, 3, 0, 1, 1, 3, 3, 0, 2, 2, 0, 1, 2, 3, 2, 0, 2, 1, 1, 0, 2, 0, 4, 1, 4, 0, 2, 4, 0, 1, 3, 0, 3, 0, 2, 0, 1, 1, 0, 3, 4, 2, 1, 1, 2, 2, 0, 1, 2, 2, 3, 3, 1, 1, 2, 1, 1, 0, 2, 2, 2, 1, 3, 1, 2, 4, 1, 1, 2, 0, 1, 0, 1, 1, 2, 1, 3, 0, 3, 0, 2, 1, 4, 4, 1, 1, 0, 1, 4, 1, 0, 2, 0, 2, 2, 0, 1, 2, 0, 1]|[3, 2, 0, 1, 1, 3, 2, 0, 0, 0, 0, 0, 1, 2, 0, 1, 0, 0, 0, 1, 1, 0, 0, 1, 0, 0, 2, 3, 0, 0, 0, 1, 2, 0, 0, 0, 1, 0, 0, 2, 3, 0, 1, 3, 1, 3, 1, 2, 0, 0, 2, 1, 1, 0, 1, 0, 0, 1, 0, 0, 1, 0, 1, 0, 0, 2, 2, 0, 1, 0, 1, 1, 1, 1, 1, 0, 2, 0, 0, 1, 1, 1, 3, 3, 0, 0, 1, 3, 0, 1, 0, 0, 3, 0, 0, 0, 3, 0, 1, 0],980.4581985173729,63221.4294503723,141305.46840332504,true
1,G4_BALANCED,G4_BALANCED,[31, 22, 82, 15, 40, 10, 96, 42, 77, 4, 47, 46, 78, 16, 91, 89, 48, 44, 24, 71, 28, 69, 29, 41, 38, 94, 62, 55, 26, 85, 99, 13, 73, 51, 90, 56, 67, 30, 35, 9, 83, 27, 81, 70, 39, 87, 74, 7, 3, 84, 5, 75, 60, 58, 19, 32, 14, 59, 57, 64, 6, 37, 76, 21, 2, 45, 93, 20, 50, 49, 33, 97, 18, 86, 52, 88, 36, 54, 12, 0, 53, 80, 65, 25, 1, 66, 68, 79, 23, 34, 63, 17, 61, 98, 72, 11, 43, 95, 92, 8]|[1, 1, 2, 0, 2, 1, 1, 0, 1, 2, 2, 2, 1, 1, 1, 2, 2, 2, 0, 0, 1, 2, 1, 0, 1, 2, 1, 1, 2, 0, 1, 1, 1, 2, 2, 2, 2, 0, 1, 1, 1, 0, 0, 1, 2, 1, 0, 1, 0, 0, 1, 1, 1, 0, 2, 0, 2, 2, 0, 2, 0, 1, 1, 0, 0, 1, 1, 2, 1, 2, 2, 0, 0, 0, 1, 1, 1, 1, 1, 0, 0, 0, 1, 1, 2, 2, 2, 1, 1, 1, 0, 2, 1, 0, 2, 2, 1, 0, 0, 2]|[3, 3, 0, 1, 1, 3, 3, 0, 2, 2, 0, 1, 2, 3, 2, 0, 2, 1, 1, 0, 2, 0, 4, 1, 4, 0, 2, 4, 0, 1, 3, 0, 3, 0, 2, 0, 1, 1, 0, 3, 4, 2, 1, 1, 2, 2, 0, 1, 2, 2, 3, 3, 1, 1, 2, 1, 1, 0, 2, 2, 2, 1, 3, 1, 2, 4, 1, 1, 2, 0, 1, 0, 1, 1, 2, 1, 3, 0, 3, 0, 2, 1, 4, 4, 1, 1, 0, 1, 4, 1, 0, 2, 0, 2, 2, 0, 1, 2, 0, 1]|[3, 2, 0, 1, 1, 3, 2, 0, 0, 0, 0, 0, 1, 2, 0, 1, 0, 0, 0, 1, 1, 0, 0, 1, 0, 0, 2, 3, 0, 0, 0, 1, 2, 0, 0, 0, 1, 0, 0, 2, 3, 0, 1, 3, 1, 3, 1, 2, 0, 0, 2, 1, 1, 0, 1, 0, 0, 1, 0, 0, 1, 0, 1, 0, 0, 2, 2, 0, 1, 0, 1, 1, 1, 1, 1, 0, 2, 0, 0, 1, 1, 1, 3, 3, 0, 0, 1, 3, 0, 1, 0, 0, 3, 0, 0, 0, 3, 0, 1, 0],980.4581985173729,63221.4294503723,141305.46840332504,false
1,G2_TEC,G2_TEC,[45, 1, 62, 78, 41, 39, 32, 87, 75, 12, 40, 99, 24, 38, 79, 30, 17, 91, 18, 83, 90, 35, 43, 47, 16, 94, 82, 55, 5, 85, 46, 13, 73, 51, 28, 56, 67, 89, 69, 9, 71, 27, 81, 70, 10, 42, 74, 7, 3, 84, 54, 15, 44, 6, 97, 21, 80, 0, 57, 22, 93, 63, 11, 66, 50, 2, 72, 92, 37, 58, 88, 61, 20, 8, 64, 36, 98, 96, 53, 77, 31, 26, 65, 25, 95, 34, 14, 52, 68, 23, 33, 48, 49, 86, 59, 4, 60, 29, 76, 19]|[2, 2, 0, 2, 2, 2, 1, 1, 2, 1, 2, 0, 2, 1, 1, 0, 1, 2, 0, 0, 1, 1, 1, 1, 1, 1, 0, 2, 1, 0, 2, 1, 1, 0, 2, 1, 0, 1, 0, 1, 1, 2, 0, 1, 2, 1, 0, 1, 0, 2, 2, 2, 1, 2, 2, 1, 0, 1, 2, 2, 2, 0, 2, 2, 2, 0, 1, 2, 0, 1, 2, 1, 2, 1, 0, 1, 0, 1, 0, 0, 2, 1, 1, 1, 0, 0, 2, 0, 0, 0, 2, 1, 1, 1, 1, 1, 2, 1, 1, 2]|[0, 2, 1, 0, 0, 1, 3, 2, 2, 4, 0, 2, 2, 4, 2, 1, 1, 1, 2, 2, 4, 1, 1, 2, 4, 4, 1, 1, 3, 2, 1, 2, 0, 0, 0, 1, 1, 1, 1, 0, 4, 2, 0, 4, 1, 0, 1, 1, 2, 1, 1, 2, 4, 2, 1, 3, 1, 0, 2, 2, 1, 0, 0, 0, 1, 1, 2, 2, 2, 0, 0, 3, 2, 4, 1, 4, 2, 3, 2, 2, 0, 4, 3, 4, 0, 0, 1, 2, 2, 0, 1, 1, 3, 2, 2, 3, 0, 3, 3, 0]|[0, 0, 0, 0, 0, 0, 0, 3, 1, 0, 0, 0, 1, 0, 0, 0, 1, 0, 1, 0, 1, 2, 3, 2, 0, 2, 0, 0, 2, 0, 0, 2, 1, 0, 0, 0, 0, 1, 1, 1, 3, 0, 1, 3, 0, 0, 1, 2, 0, 1, 0, 0, 1, 0, 1, 0, 0, 1, 0, 0, 1, 0, 0, 0, 0, 0, 1, 0, 0, 3, 0, 0, 0, 2, 0, 2, 0, 2, 1, 0, 0, 3, 2, 3, 0, 0, 0, 0, 1, 0, 1, 1, 2, 1, 1, 0, 1, 0, 1, 0],1017.7865077101931,59784.23052721223,147626.343854112,false
1,G3_TWC,G4_BALANCED,[31, 22, 82, 15, 40, 10, 96, 42, 77, 4, 47, 46, 78, 16, 91, 30, 17, 79, 18, 83, 90, 35, 43, 97, 63, 76, 39, 55, 26, 85, 99, 13, 73, 51, 28, 56, 67, 89, 69, 9, 71, 27, 81, 70, 62, 87, 74, 45, 52, 5, 88, 23, 95, 34, 36, 1, 60, 68, 33, 8, 59, 49, 48, 7, 54, 84, 72, 92, 37, 58, 50, 61, 20, 80, 64, 41, 98, 44, 53, 75, 57, 2, 65, 25, 32, 12, 21, 0, 3, 93, 66, 11, 38, 94, 24, 6, 19, 29, 86, 14]|[2, 1, 0, 1, 1, 1, 1, 1, 0, 1, 1, 2, 2, 1, 0, 1, 2, 0, 0, 0, 1, 1, 0, 2, 0, 2, 1, 0, 0, 1, 1, 1, 1, 0, 1, 1, 0, 1, 1, 1, 0, 0, 0, 1, 2, 1, 0, 0, 2, 1, 2, 1, 0, 1, 1, 2, 1, 0, 1, 1, 2, 1, 0, 1, 1, 1, 1, 2, 1, 1, 1, 1, 2, 0, 0, 0, 0, 0, 0, 2, 2, 1, 2, 1, 1, 1, 1, 0, 0, 2, 2, 2, 1, 2, 2, 0, 1, 0, 1, 0]|[0, 3, 2, 3, 4, 3, 3, 3, 2, 4, 2, 1, 2, 4, 1, 4, 0, 1, 0, 1, 4, 1, 0, 0, 0, 0, 3, 2, 2, 0, 3, 0, 0, 0, 2, 1, 1, 4, 0, 0, 1, 1, 1, 4, 0, 2, 1, 2, 2, 3, 1, 1, 0, 2, 4, 1, 0, 1, 4, 4, 0, 3, 0, 1, 0, 1, 2, 2, 2, 4, 2, 3, 2, 2, 1, 0, 1, 1, 2, 2, 2, 3, 0, 4, 3, 4, 4, 1, 2, 1, 0, 0, 4, 0, 1, 2, 2, 2, 2, 1]|[0, 2, 0, 1, 1, 2, 2, 1, 0, 0, 2, 0, 1, 0, 0, 0, 0, 0, 1, 0, 1, 2, 0, 1, 0, 0, 3, 1, 1, 1, 0, 1, 1, 0, 3, 0, 0, 0, 0, 1, 0, 0, 0, 3, 0, 3, 1, 1, 0, 2, 0, 1, 0, 3, 2, 0, 0, 0, 1, 2, 1, 2, 1, 2, 0, 3, 1, 0, 0, 3, 1, 0, 0, 0, 0, 0, 0, 0, 1, 1, 0, 2, 1, 3, 0, 0, 2, 1, 0, 1, 0, 0, 0, 0, 1, 1, 1, 0, 1, 0],1164.2866816202431,61328.52573486993,131108.57653818108,true
1,G1_CMAX,G4_BALANCED,[31, 22, 82, 15, 40, 10, 96, 42, 77, 4, 47, 46, 78, 16, 91, 89, 48, 44, 24, 71, 28, 69, 29, 41, 38, 94, 62, 55, 26, 85, 99, 13, 73, 51, 90, 56, 67, 30, 35, 9, 83, 27, 81, 70, 39, 87, 74, 7, 3, 84, 5, 75, 60, 58, 19, 32, 14, 59, 57, 64, 6, 37, 76, 21, 2, 45, 93, 20, 50, 49, 33, 97, 18, 86, 52, 88, 36, 54, 12, 0, 53, 80, 65, 25, 1, 66, 68, 79, 23, 34, 63, 17, 61, 98, 72, 11, 43, 95, 92, 8]|[1, 1, 2, 0, 2, 1, 1, 0, 1, 2, 2, 2, 1, 1, 1, 2, 2, 2, 0, 0, 1, 2, 1, 0, 1, 2, 1, 1, 2, 0, 1, 1, 1, 2, 2, 2, 2, 0, 1, 1, 1, 0, 0, 1, 2, 1, 0, 1, 0, 0, 1, 1, 1, 0, 2, 0, 2, 2, 0, 2, 0, 1, 1, 0, 0, 1, 1, 2, 1, 2, 2, 0, 0, 0, 1, 1, 1, 1, 1, 0, 0, 0, 1, 1, 2, 2, 2, 1, 1, 1, 0, 2, 1, 0, 2, 2, 1, 0, 0, 2]|[3, 3, 0, 1, 1, 3, 3, 0, 2, 2, 0, 1, 2, 3, 2, 0, 2, 1, 1, 0, 2, 0, 4, 1, 4, 0, 2, 4, 0, 1, 3, 0, 3, 0, 2, 0, 1, 1, 0, 3, 4, 2, 1, 1, 2, 2, 0, 1, 2, 2, 3, 3, 1, 1, 2, 1, 1, 0, 2, 2, 2, 1, 3, 1, 2, 4, 1, 1, 2, 0, 1, 0, 1, 1, 2, 1, 3, 0, 3, 0, 2, 1, 4, 4, 1, 1, 0, 1, 4, 1, 0, 2, 0, 2, 2, 0, 1, 2, 0, 1]|[3, 2, 0, 1, 1, 3, 2, 0, 0, 0, 0, 0, 1, 2, 0, 1, 0, 0, 0, 1, 1, 0, 0, 1, 0, 0, 2, 3, 0, 0, 0, 1, 2, 0, 0, 0, 1, 0, 0, 2, 3, 0, 1, 3, 1, 3, 1, 2, 0, 0, 2, 1, 1, 0, 1, 0, 0, 1, 0, 0, 1, 0, 1, 0, 0, 2, 2, 0, 1, 0, 1, 1, 1, 1, 1, 0, 2, 0, 0, 1, 1, 1, 3, 3, 0, 0, 1, 3, 0, 1, 0, 0, 3, 0, 0, 0, 3, 0, 1, 0],980.4581985173729,63221.4294503723,141305.46840332504,true
1,G4_BALANCED,G4_BALANCED,[31, 22, 82, 15, 40, 10, 96, 42, 77, 4, 47, 46, 78, 16, 91, 89, 48, 44, 24, 71, 28, 69, 29, 41, 38, 94, 62, 55, 26, 85, 99, 13, 73, 51, 90, 56, 67, 30, 35, 9, 83, 27, 81, 70, 39, 87, 74, 7, 3, 84, 5, 75, 60, 58, 19, 32, 14, 59, 57, 64, 6, 37, 76, 21, 2, 45, 93, 20, 50, 49, 33, 97, 18, 86, 52, 88, 36, 54, 12, 0, 53, 80, 65, 25, 1, 66, 68, 79, 23, 34, 63, 17, 61, 98, 72, 11, 43, 95, 92, 8]|[1, 1, 2, 0, 2, 1, 1, 0, 1, 2, 2, 2, 1, 1, 1, 2, 2, 2, 0, 0, 1, 2, 1, 0, 1, 2, 1, 1, 2, 0, 1, 1, 1, 2, 2, 2, 2, 0, 1, 1, 1, 0, 0, 1, 2, 1, 0, 1, 0, 0, 1, 1, 1, 0, 2, 0, 2, 2, 0, 2, 0, 1, 1, 0, 0, 1, 1, 2, 1, 2, 2, 0, 0, 0, 1, 1, 1, 1, 1, 0, 0, 0, 1, 1, 2, 2, 2, 1, 1, 1, 0, 2, 1, 0, 2, 2, 1, 0, 0, 2]|[3, 3, 0, 1, 1, 3, 3, 0, 2, 2, 0, 1, 2, 3, 2, 0, 2, 1, 1, 0, 2, 0, 4, 1, 4, 0, 2, 4, 0, 1, 3, 0, 3, 0, 2, 0, 1, 1, 0, 3, 4, 2, 1, 1, 2, 2, 0, 1, 2, 2, 3, 3, 1, 1, 2, 1, 1, 0, 2, 2, 2, 1, 3, 1, 2, 4, 1, 1, 2, 0, 1, 0, 1, 1, 2, 1, 3, 0, 3, 0, 2, 1, 4, 4, 1, 1, 0, 1, 4, 1, 0, 2, 0, 2, 2, 0, 1, 2, 0, 1]|[3, 2, 0, 1, 1, 3, 2, 0, 0, 0, 0, 0, 1, 2, 0, 1, 0, 0, 0, 1, 1, 0, 0, 1, 0, 0, 2, 3, 0, 0, 0, 1, 2, 0, 0, 0, 1, 0, 0, 2, 3, 0, 1, 3, 1, 3, 1, 2, 0, 0, 2, 1, 1, 0, 1, 0, 0, 1, 0, 0, 1, 0, 1, 0, 0, 2, 2, 0, 1, 0, 1, 1, 1, 1, 1, 0, 2, 0, 0, 1, 1, 1, 3, 3, 0, 0, 1, 3, 0, 1, 0, 0, 3, 0, 0, 0, 3, 0, 1, 0],980.4581985173729,63221.4294503723,141305.46840332504,false
1,G2_TEC,G2_TEC,[45, 1, 62, 78, 41, 39, 32, 87, 75, 12, 40, 99, 24, 38, 79, 30, 17, 91, 18, 83, 90, 35, 43, 47, 16, 94, 82, 55, 5, 85, 46, 13, 73, 51, 28, 56, 67, 89, 69, 9, 71, 27, 81, 70, 10, 42, 74, 7, 3, 84, 54, 15, 44, 6, 97, 21, 80, 0, 57, 22, 93, 63, 11, 66, 50, 2, 72, 92, 37, 58, 88, 61, 20, 8, 64, 36, 98, 96, 53, 77, 31, 26, 65, 25, 95, 34, 14, 52, 68, 23, 33, 48, 49, 86, 59, 4, 60, 29, 76, 19]|[2, 2, 0, 2, 2, 2, 1, 1, 2, 1, 2, 0, 2, 1, 1, 0, 1, 2, 0, 0, 1, 1, 1, 1, 1, 1, 0, 2, 1, 0, 2, 1, 1, 0, 2, 1, 0, 1, 0, 1, 1, 2, 0, 1, 2, 1, 0, 1, 0, 2, 2, 2, 1, 2, 2, 1, 0, 1, 2, 2, 2, 0, 2, 2, 2, 0, 1, 2, 0, 1, 2, 1, 2, 1, 0, 1, 0, 1, 0, 0, 2, 1, 1, 1, 0, 0, 2, 0, 0, 0, 2, 1, 1, 1, 1, 1, 2, 1, 1, 2]|[0, 2, 1, 0, 0, 1, 3, 2, 2, 4, 0, 2, 2, 4, 2, 1, 1, 1, 2, 2, 4, 1, 1, 2, 4, 4, 1, 1, 3, 2, 1, 2, 0, 0, 0, 1, 1, 1, 1, 0, 4, 2, 0, 4, 1, 0, 1, 1, 2, 1, 1, 2, 4, 2, 1, 3, 1, 0, 2, 2, 1, 0, 0, 0, 1, 1, 2, 2, 2, 0, 0, 3, 2, 4, 1, 4, 2, 3, 2, 2, 0, 4, 3, 4, 0, 0, 1, 2, 2, 0, 1, 1, 3, 2, 2, 3, 0, 3, 3, 0]|[0, 0, 0, 0, 0, 0, 0, 3, 1, 0, 0, 0, 1, 0, 0, 0, 1, 0, 1, 0, 1, 2, 3, 2, 0, 2, 0, 0, 2, 0, 0, 2, 1, 0, 0, 0, 0, 1, 1, 1, 3, 0, 1, 3, 0, 0, 1, 2, 0, 1, 0, 0, 1, 0, 1, 0, 0, 1, 0, 0, 1, 0, 0, 0, 0, 0, 1, 0, 0, 3, 0, 0, 0, 2, 0, 2, 0, 2, 1, 0, 0, 3, 2, 3, 0, 0, 0, 0, 1, 0, 1, 1, 2, 1, 1, 0, 1, 0, 1, 0],1017.7865077101931,59784.23052721223,147626.343854112,false
1,G3_TWC,G4_BALANCED,[31, 22, 82, 15, 40, 10, 96, 42, 77, 4, 47, 46, 78, 16, 91, 30, 17, 79, 18, 83, 90, 35, 43, 97, 63, 76, 39, 55, 26, 85, 99, 13, 73, 51, 28, 56, 67, 89, 69, 9, 71, 27, 81, 70, 62, 87, 74, 45, 52, 5, 88, 23, 95, 34, 36, 1, 60, 68, 33, 8, 59, 49, 48, 7, 54, 84, 72, 92, 37, 58, 50, 61, 20, 80, 64, 41, 98, 44, 53, 75, 57, 2, 65, 25, 32, 12, 21, 0, 3, 93, 66, 11, 38, 94, 24, 6, 19, 29, 86, 14]|[2, 1, 0, 1, 1, 1, 1, 1, 0, 1, 1, 2, 2, 1, 0, 1, 2, 0, 0, 0, 1, 1, 0, 2, 0, 2, 1, 0, 0, 1, 1, 1, 1, 0, 1, 1, 0, 1, 1, 1, 0, 0, 0, 1, 2, 1, 0, 0, 2, 1, 2, 1, 0, 1, 1, 2, 1, 0, 1, 1, 2, 1, 0, 1, 1, 1, 1, 2, 1, 1, 1, 1, 2, 0, 0, 0, 0, 0, 0, 2, 2, 1, 2, 1, 1, 1, 1, 0, 0, 2, 2, 2, 1, 2, 2, 0, 1, 0, 1, 0]|[0, 3, 2, 3, 4, 3, 3, 3, 2, 4, 2, 1, 2, 4, 1, 4, 0, 1, 0, 1, 4, 1, 0, 0, 0, 0, 3, 2, 2, 0, 3, 0, 0, 0, 2, 1, 1, 4, 0, 0, 1, 1, 1, 4, 0, 2, 1, 2, 2, 3, 1, 1, 0, 2, 4, 1, 0, 1, 4, 4, 0, 3, 0, 1, 0, 1, 2, 2, 2, 4, 2, 3, 2, 2, 1, 0, 1, 1, 2, 2, 2, 3, 0, 4, 3, 4, 4, 1, 2, 1, 0, 0, 4, 0, 1, 2, 2, 2, 2, 1]|[0, 2, 0, 1, 1, 2, 2, 1, 0, 0, 2, 0, 1, 0, 0, 0, 0, 0, 1, 0, 1, 2, 0, 1, 0, 0, 3, 1, 1, 1, 0, 1, 1, 0, 3, 0, 0, 0, 0, 1, 0, 0, 0, 3, 0, 3, 1, 1, 0, 2, 0, 1, 0, 3, 2, 0, 0, 0, 1, 2, 1, 2, 1, 2, 0, 3, 1, 0, 0, 3, 1, 0, 0, 0, 0, 0, 0, 0, 1, 1, 0, 2, 1, 3, 0, 0, 2, 1, 0, 1, 0, 0, 0, 0, 1, 1, 1, 0, 1, 0],1164.2866816202431,61328.52573486993,131108.57653818108,true
1,G1_CMAX,G4_BALANCED,[45, 1, 62, 78, 41, 39, 32, 87, 75, 12, 40, 99, 24, 38, 79, 30, 17, 91, 18, 83, 90, 35, 43, 97, 63, 76, 10, 54, 21, 31, 71, 13, 73, 51, 28, 56, 92, 89, 69, 9, 46, 27, 81, 70, 82, 42, 74, 7, 3, 84, 5, 59, 26, 94, 85, 2, 47, 29, 96, 36, 93, 98, 68, 66, 50, 44, 72, 67, 37, 58, 15, 61, 20, 8, 23, 80, 25, 60, 53, 77, 57, 65, 34, 14, 95, 16, 22, 33, 55, 64, 52, 48, 49, 86, 88, 4, 6, 0, 11, 19]|[0, 2, 1, 2, 0, 2, 0, 2, 0, 1, 2, 2, 2, 1, 0, 2, 1, 2, 0, 0, 1, 0, 1, 0, 1, 1, 1, 1, 1, 0, 0, 1, 1, 2, 1, 2, 2, 1, 0, 1, 1, 0, 1, 1, 0, 0, 0, 1, 0, 1, 2, 1, 1, 2, 0, 2, 1, 1, 1, 1, 0, 0, 0, 2, 2, 2, 1, 2, 1, 1, 2, 1, 2, 1, 1, 0, 0, 2, 0, 0, 0, 1, 1, 2, 0, 0, 1, 2, 0, 0, 1, 2, 1, 1, 1, 1, 1, 0, 2, 2]|[1, 2, 2, 0, 1, 0, 1, 2, 2, 4, 0, 1, 2, 4, 1, 0, 1, 1, 2, 2, 4, 1, 1, 1, 3, 2, 2, 4, 3, 1, 2, 2, 0, 0, 2, 0, 2, 1, 1, 1, 4, 2, 2, 4, 1, 0, 0, 1, 2, 1, 2, 2, 4, 1, 2, 1, 2, 3, 3, 4, 1, 1, 2, 0, 1, 1, 2, 2, 1, 0, 2, 3, 2, 4, 1, 1, 1, 2, 2, 2, 0, 4, 1, 1, 0, 0, 3, 1, 2, 1, 1, 2, 3, 2, 1, 2, 4, 0, 0, 2]|[1, 0, 2, 0, 1, 0, 0, 0, 0, 0, 0, 0, 1, 0, 0, 1, 1, 0, 0, 0, 1, 0, 3, 1, 2, 3, 2, 3, 0, 1, 0, 2, 1, 0, 3, 0, 0, 1, 1, 1, 3, 0, 1, 3, 0, 0, 1, 2, 0, 3, 0, 1, 3, 1, 0, 1, 2, 0, 2, 2, 0, 0, 1, 0, 0, 0, 1, 0, 0, 3, 0, 0, 0, 2, 1, 0, 0, 0, 1, 0, 1, 3, 1, 0, 0, 0, 2, 1, 1, 0, 1, 0, 2, 1, 0, 3, 1, 1, 0, 1],910.5386876752216,61882.27459717293,133068.24235042118,true
1,G4_BALANCED,G1_CMAX,[31, 22, 82, 15, 26, 9, 95, 42, 77, 4, 47, 5, 93, 78, 86, 54, 85, 63, 18, 44, 20, 49, 36, 14, 48, 50, 53, 17, 59, 35, 1, 96, 45, 71, 81, 56, 8, 30, 38, 10, 83, 27, 90, 70, 39, 87, 74, 69, 99, 68, 46, 75, 60, 58, 19, 32, 41, 37, 57, 64, 6, 76, 40, 21, 2, 73, 72, 28, 94, 12, 33, 97, 24, 91, 52, 88, 29, 89, 55, 0, 62, 80, 65, 25, 3, 66, 84, 79, 23, 34, 51, 7, 61, 98, 16, 11, 43, 13, 92, 67]|[1, 2, 2, 0, 2, 2, 0, 0, 1, 2, 2, 2, 2, 1, 0, 1, 0, 2, 0, 2, 2, 2, 0, 2, 1, 0, 0, 1, 1, 1, 1, 0, 1, 2, 0, 0, 2, 0, 0, 1, 0, 1, 2, 1, 2, 0, 0, 2, 1, 0, 2, 2, 1, 0, 2, 0, 0, 1, 0, 2, 0, 1, 2, 0, 0, 1, 2, 1, 2, 1, 2, 0, 0, 0, 1, 1, 1, 2, 1, 0, 1, 0, 1, 1, 0, 0, 0, 1, 1, 1, 2, 1, 1, 0, 1, 2, 1, 0, 2, 1]|[3, 1, 0, 1, 0, 2, 0, 0, 2, 2, 0, 1, 1, 2, 1, 0, 1, 2, 1, 1, 1, 0, 0, 1, 1, 2, 2, 4, 4, 3, 3, 2, 3, 0, 1, 0, 1, 1, 0, 3, 2, 2, 2, 1, 2, 2, 0, 2, 3, 1, 1, 1, 1, 1, 2, 1, 1, 1, 2, 2, 2, 4, 0, 1, 2, 4, 2, 2, 0, 3, 1, 1, 1, 1, 2, 1, 4, 0, 2, 0, 2, 1, 4, 4, 2, 2, 1, 4, 4, 1, 0, 1, 0, 2, 3, 0, 1, 2, 2, 4]|[3, 1, 0, 1, 0, 0, 0, 0, 0, 0, 0, 0, 1, 1, 1, 0, 0, 1, 0, 0, 0, 0, 0, 0, 1, 1, 1, 3, 0, 1, 0, 0, 2, 0, 1, 1, 0, 0, 1, 2, 0, 1, 0, 3, 1, 0, 1, 0, 0, 0, 0, 0, 1, 0, 1, 0, 1, 0, 0, 0, 1, 2, 0, 0, 0, 2, 0, 1, 0, 0, 1, 1, 0, 0, 1, 0, 0, 1, 1, 1, 2, 1, 3, 3, 0, 1, 0, 1, 0, 1, 0, 2, 3, 0, 2, 0, 3, 0, 0, 2],964.6657375907238,61586.88134532605,141079.72524132245,true
1,G2_TEC,G4_BALANCED,[31, 22, 82, 15, 40, 10, 96, 42, 77, 4, 47, 46, 78, 16, 91, 30, 17, 79, 18, 83, 90, 35, 43, 97, 63, 76, 39, 55, 26, 85, 99, 13, 73, 51, 28, 56, 67, 89, 69, 9, 71, 27, 81, 70, 62, 87, 74, 45, 52, 5, 88, 23, 95, 34, 36, 1, 60, 68, 33, 8, 59, 49, 48, 7, 54, 84, 72, 92, 37, 58, 50, 61, 20, 80, 64, 41, 98, 44, 53, 75, 57, 2, 65, 25, 32, 12, 21, 0, 3, 93, 66, 11, 38, 94, 24, 6, 19, 29, 86, 14]|[2, 1, 0, 1, 1, 1, 1, 1, 0, 1, 1, 2, 2, 1, 0, 1, 2, 0, 0, 0, 1, 1, 0, 2, 0, 2, 1, 0, 0, 1, 1, 1, 1, 0, 1, 1, 0, 1, 1, 1, 0, 0, 0, 1, 2, 1, 0, 0, 2, 1, 2, 1, 0, 1, 1, 2, 1, 0, 1, 1, 2, 1, 0, 1, 1, 1, 1, 2, 1, 1, 1, 1, 2, 0, 0, 0, 0, 0, 0, 2, 2, 1, 2, 1, 1, 1, 1, 0, 0, 2, 2, 2, 1, 2, 2, 0, 1, 0, 1, 0]|[0, 3, 2, 3, 4, 3, 3, 3, 2, 4, 2, 1, 2, 4, 1, 4, 0, 1, 0, 1, 4, 1, 0, 0, 0, 0, 3, 2, 2, 0, 3, 0, 0, 0, 2, 1, 1, 4, 0, 0, 1, 1, 1, 4, 0, 2, 1, 2, 2, 3, 1, 1, 0, 2, 4, 1, 0, 1, 4, 4, 0, 3, 0, 1, 0, 1, 2, 2, 2, 4, 2, 3, 2, 2, 1, 0, 1, 1, 2, 2, 2, 3, 0, 4, 3, 4, 4, 1, 2, 1, 0, 0, 4, 0, 1, 2, 2, 2, 2, 1]|[0, 2, 0, 1, 1, 2, 2, 1, 0, 0, 2, 0, 1, 0, 0, 0, 0, 0, 1, 0, 1, 2, 0, 1, 0, 0, 3, 1, 1, 1, 0, 1, 1, 0, 3, 0, 0, 0, 0, 1, 0, 0, 0, 3, 0, 3, 1, 1, 0, 2, 0, 1, 0, 3, 2, 0, 0, 0, 1, 2, 1, 2, 1, 2, 0, 3, 1, 0, 0, 3, 1, 0, 0, 0, 0, 0, 0, 0, 1, 1, 0, 2, 1, 3, 0, 0, 2, 1, 0, 1, 0, 0, 0, 0, 1, 1, 1, 0, 1, 0],1164.2866816202431,61328.52573486993,131108.57653818108,true
1,G3_TWC,G2_TEC,[45, 1, 62, 78, 41, 39, 32, 87, 75, 12, 40, 99, 24, 38, 79, 30, 17, 91, 18, 83, 90, 35, 43, 47, 16, 94, 82, 55, 5, 85, 46, 13, 73, 51, 28, 56, 67, 89, 69, 9, 71, 27, 81, 70, 10, 42, 74, 7, 3, 84, 54, 15, 44, 6, 97, 21, 80, 0, 57, 26, 59, 29, 77, 88, 34, 92, 63, 33, 22, 4, 48, 11, 66, 72, 58, 86, 31, 20, 19, 25, 93, 76, 37, 96, 52, 36, 8, 68, 65, 61, 95, 64, 14, 50, 60, 53, 23, 98, 2, 49]|[0, 2, 2, 1, 2, 1, 1, 1, 1, 1, 1, 1, 2, 1, 1, 0, 1, 1, 2, 0, 1, 1, 0, 0, 1, 0, 0, 1, 1, 0, 1, 1, 1, 0, 1, 1, 0, 1, 0, 1, 1, 0, 2, 1, 0, 1, 0, 1, 0, 0, 0, 2, 0, 2, 1, 1, 0, 2, 0, 1, 1, 1, 0, 1, 0, 2, 0, 2, 0, 1, 0, 2, 2, 1, 2, 1, 0, 2, 2, 1, 2, 1, 1, 2, 0, 1, 1, 0, 1, 1, 0, 2, 2, 1, 1, 0, 0, 2, 2, 1]|[2, 2, 1, 2, 0, 3, 3, 2, 3, 4, 1, 1, 0, 4, 2, 1, 1, 2, 1, 2, 2, 1, 2, 0, 3, 0, 1, 4, 3, 1, 3, 1, 3, 0, 2, 1, 1, 1, 1, 0, 4, 2, 1, 1, 0, 2, 0, 3, 2, 2, 2, 2, 2, 2, 2, 3, 1, 1, 1, 4, 2, 3, 2, 1, 0, 2, 0, 1, 2, 3, 2, 1, 0, 2, 2, 2, 2, 2, 0, 4, 1, 3, 1, 2, 2, 4, 4, 2, 3, 3, 0, 2, 1, 2, 1, 2, 0, 2, 1, 3]|[1, 1, 0, 1, 0, 3, 0, 3, 1, 0, 3, 0, 0, 0, 0, 0, 1, 0, 0, 0, 1, 2, 0, 0, 2, 0, 0, 1, 2, 1, 0, 2, 2, 0, 1, 0, 0, 1, 1, 1, 0, 0, 1, 3, 0, 3, 1, 0, 0, 0, 0, 0, 0, 0, 1, 0, 0, 1, 0, 3, 1, 0, 0, 0, 0, 0, 0, 1, 0, 0, 0, 0, 0, 1, 0, 1, 1, 0, 0, 3, 1, 1, 0, 0, 0, 2, 2, 1, 2, 0, 0, 0, 0, 1, 2, 1, 0, 1, 0, 2],1184.9184468682195,59933.649578767785,138537.4997525306,true
1,G1_CMAX,G4_BALANCED,[45, 1, 62, 78, 41, 39, 32, 87, 75, 12, 40, 99, 24, 38, 79, 30, 17, 91, 18, 83, 90, 35, 43, 97, 63, 76, 10, 54, 21, 31, 71, 13, 73, 51, 28, 56, 92, 89, 69, 9, 46, 27, 81, 70, 82, 42, 74, 7, 3, 84, 5, 59, 26, 94, 85, 2, 47, 29, 96, 36, 93, 98, 68, 66, 50, 44, 72, 67, 37, 58, 15, 61, 20, 8, 23, 80, 25, 60, 53, 77, 57, 65, 34, 14, 95, 16, 22, 33, 55, 64, 52, 48, 49, 86, 88, 4, 6, 0, 11, 19]|[0, 2, 1, 2, 0, 2, 0, 2, 0, 1, 2, 2, 2, 1, 0, 2, 1, 2, 0, 0, 1, 0, 1, 0, 1, 1, 1, 1, 1, 0, 0, 1, 1, 2, 1, 2, 2, 1, 0, 1, 1, 0, 1, 1, 0, 0, 0, 1, 0, 1, 2, 1, 1, 2, 0, 2, 1, 1, 1, 1, 0, 0, 0, 2, 2, 2, 1, 2, 1, 1, 2, 1, 2, 1, 1, 0, 0, 2, 0, 0, 0, 1, 1, 2, 0, 0, 1, 2, 0, 0, 1, 2, 1, 1, 1, 1, 1, 0, 2, 2]|[1, 2, 2, 0, 1, 0, 1, 2, 2, 4, 0, 1, 2, 4, 1, 0, 1, 1, 2, 2, 4, 1, 1, 1, 3, 2, 2, 4, 3, 1, 2, 2, 0, 0, 2, 0, 2, 1, 1, 1, 4, 2, 2, 4, 1, 0, 0, 1, 2, 1, 2, 2, 4, 1, 2, 1, 2, 3, 3, 4, 1, 1, 2, 0, 1, 1, 2, 2, 1, 0, 2, 3, 2, 4, 1, 1, 1, 2, 2, 2, 0, 4, 1, 1, 0, 0, 3, 1, 2, 1, 1, 2, 3, 2, 1, 2, 4, 0, 0, 2]|[1, 0, 2, 0, 1, 0, 0, 0, 0, 0, 0, 0, 1, 0, 0, 1, 1, 0, 0, 0, 1, 0, 3, 1, 2, 3, 2, 3, 0, 1, 0, 2, 1, 0, 3, 0, 0, 1, 1, 1, 3, 0, 1, 3, 0, 0, 1, 2, 0, 3, 0, 1, 3, 1, 0, 1, 2, 0, 2, 2, 0, 0, 1, 0, 0, 0, 1, 0, 0, 3, 0, 0, 0, 2, 1, 0, 0, 0, 1, 0, 1, 3, 1, 0, 0, 0, 2, 1, 1, 0, 1, 0, 2, 1, 0, 3, 1, 1, 0, 1],910.5386876752216,61882.27459717293,133068.24235042118,true
1,G4_BALANCED,G4_BALANCED,[31, 22, 82, 15, 26, 9, 95, 25, 97, 71, 62, 5, 93, 78, 86, 54, 85, 63, 18, 44, 20, 49, 36, 14, 48, 50, 53, 17, 59, 35, 1, 96, 45, 4, 81, 56, 8, 30, 38, 10, 83, 27, 90, 70, 98, 87, 74, 69, 99, 68, 46, 75, 60, 58, 19, 32, 41, 37, 57, 64, 6, 76, 40, 21, 2, 73, 72, 28, 94, 12, 33, 77, 24, 91, 52, 88, 29, 89, 55, 0, 47, 80, 65, 42, 3, 66, 84, 79, 23, 34, 51, 7, 61, 39, 16, 11, 43, 13, 92, 67]|[1, 2, 2, 0, 2, 2, 0, 1, 0, 2, 1, 2, 2, 1, 0, 1, 0, 2, 0, 2, 2, 2, 0, 2, 1, 0, 0, 1, 1, 1, 1, 0, 1, 2, 0, 0, 2, 0, 0, 2, 0, 1, 2, 1, 0, 0, 0, 2, 1, 0, 2, 2, 1, 0, 2, 0, 0, 1, 0, 2, 0, 1, 2, 0, 0, 1, 2, 1, 1, 0, 2, 1, 0, 0, 1, 1, 1, 2, 1, 0, 2, 0, 1, 0, 0, 2, 0, 1, 1, 1, 2, 1, 1, 2, 1, 2, 2, 0, 2, 1]|[3, 1, 0, 1, 0, 2, 0, 4, 1, 2, 2, 1, 1, 2, 1, 4, 1, 2, 1, 1, 1, 0, 0, 1, 1, 2, 2, 4, 4, 3, 3, 2, 3, 2, 1, 0, 1, 1, 0, 1, 2, 2, 2, 1, 2, 2, 0, 2, 3, 1, 1, 1, 1, 1, 2, 1, 1, 1, 2, 2, 2, 4, 0, 1, 2, 4, 2, 2, 3, 2, 1, 2, 1, 1, 2, 1, 4, 0, 2, 0, 0, 1, 4, 0, 2, 1, 1, 4, 4, 1, 0, 1, 0, 2, 3, 0, 2, 2, 2, 4]|[3, 1, 0, 1, 0, 0, 0, 3, 1, 0, 2, 0, 1, 1, 1, 3, 0, 1, 0, 0, 0, 0, 0, 0, 1, 1, 1, 3, 0, 1, 0, 0, 2, 0, 1, 1, 0, 0, 1, 0, 0, 1, 0, 3, 0, 0, 1, 0, 0, 0, 0, 0, 1, 0, 1, 0, 1, 0, 0, 0, 1, 2, 0, 0, 0, 2, 0, 1, 3, 0, 1, 0, 0, 0, 1, 0, 0, 1, 1, 1, 0, 1, 3, 0, 0, 0, 0, 1, 0, 1, 0, 2, 3, 1, 2, 0, 0, 0, 0, 2],950.8864237072862,60662.83468258499,139054.16465458638,false
1,G2_TEC,G2_TEC,[45, 1, 62, 78, 41, 39, 32, 87, 75, 12, 40, 99, 24, 38, 79, 30, 17, 91, 18, 83, 90, 35, 43, 47, 16, 94, 82, 55, 5, 85, 46, 13, 73, 51, 28, 56, 67, 89, 69, 9, 71, 27, 81, 70, 10, 42, 74, 7, 3, 84, 54, 15, 44, 6, 97, 21, 80, 0, 57, 22, 93, 63, 11, 66, 50, 2, 72, 92, 37, 58, 88, 61, 20, 8, 64, 36, 98, 96, 53, 77, 31, 26, 65, 25, 95, 34, 14, 52, 68, 23, 33, 48, 49, 86, 59, 4, 60, 29, 76, 19]|[2, 2, 0, 2, 2, 2, 1, 1, 2, 1, 2, 0, 2, 1, 1, 0, 1, 2, 0, 0, 1, 1, 1, 1, 1, 1, 0, 2, 1, 0, 2, 1, 1, 0, 2, 1, 0, 1, 0, 1, 1, 2, 0, 1, 2, 1, 0, 1, 0, 2, 2, 2, 1, 2, 2, 1, 0, 1, 2, 2, 2, 0, 2, 2, 2, 0, 1, 2, 0, 1, 2, 1, 2, 1, 0, 1, 0, 1, 0, 0, 2, 1, 1, 1, 0, 0, 2, 0, 0, 0, 2, 1, 1, 1, 1, 1, 2, 1, 1, 2]|[0, 2, 1, 0, 0, 1, 3, 2, 2, 4, 0, 2, 2, 4, 2, 1, 1, 1, 2, 2, 4, 1, 1, 2, 4, 4, 1, 1, 3, 2, 1, 2, 0, 0, 0, 1, 1, 1, 1, 0, 4, 2, 0, 4, 1, 0, 1, 1, 2, 1, 1, 2, 4, 2, 1, 3, 1, 0, 2, 2, 1, 0, 0, 0, 1, 1, 2, 2, 2, 0, 0, 3, 2, 4, 1, 4, 2, 3, 2, 2, 0, 4, 3, 4, 0, 0, 1, 2, 2, 0, 1, 1, 3, 2, 2, 3, 0, 3, 3, 0]|[0, 0, 0, 0, 0, 0, 0, 3, 1, 0, 0, 0, 1, 0, 0, 0, 1, 0, 1, 0, 1, 2, 3, 2, 0, 2, 0, 0, 2, 0, 0, 2, 1, 0, 0, 0, 0, 1, 1, 1, 3, 0, 1, 3, 0, 0, 1, 2, 0, 1, 0, 0, 1, 0, 1, 0, 0, 1, 0, 0, 1, 0, 0, 0, 0, 0, 1, 0, 0, 3, 0, 0, 0, 2, 0, 2, 0, 2, 1, 0, 0, 3, 2, 3, 0, 0, 0, 0, 1, 0, 1, 1, 2, 1, 1, 0, 1, 0, 1, 0],1017.7865077101931,59784.23052721223,147626.343854112,false
1,G3_TWC,G2_TEC,[45, 1, 62, 78, 41, 39, 32, 87, 75, 12, 40, 99, 24, 38, 79, 30, 17, 91, 18, 83, 90, 35, 43, 47, 16, 94, 82, 55, 5, 85, 46, 13, 73, 51, 28, 56, 67, 89, 69, 9, 71, 27, 81, 70, 10, 42, 74, 7, 3, 84, 54, 15, 44, 6, 97, 21, 80, 0, 57, 26, 59, 29, 77, 88, 34, 92, 63, 33, 22, 4, 48, 11, 66, 72, 58, 86, 31, 20, 19, 25, 93, 76, 37, 96, 52, 36, 8, 68, 65, 61, 95, 64, 14, 50, 60, 53, 23, 98, 2, 49]|[0, 2, 2, 1, 2, 1, 1, 1, 1, 1, 1, 1, 2, 1, 1, 0, 1, 1, 2, 0, 1, 1, 0, 0, 1, 0, 0, 1, 1, 0, 1, 1, 1, 0, 1, 1, 0, 1, 0, 1, 1, 0, 2, 1, 0, 1, 0, 1, 0, 0, 0, 2, 0, 2, 1, 1, 0, 2, 0, 1, 1, 1, 0, 1, 0, 2, 0, 2, 0, 1, 0, 2, 2, 1, 2, 1, 0, 2, 2, 1, 2, 1, 1, 2, 0, 1, 1, 0, 1, 1, 0, 2, 2, 1, 1, 0, 0, 2, 2, 1]|[2, 2, 1, 2, 0, 3, 3, 2, 3, 4, 1, 1, 0, 4, 2, 1, 1, 2, 1, 2, 2, 1, 2, 0, 3, 0, 1, 4, 3, 1, 3, 1, 3, 0, 2, 1, 1, 1, 1, 0, 4, 2, 1, 1, 0, 2, 0, 3, 2, 2, 2, 2, 2, 2, 2, 3, 1, 1, 1, 4, 2, 3, 2, 1, 0, 2, 0, 1, 2, 3, 2, 1, 0, 2, 2, 2, 2, 2, 0, 4, 1, 3, 1, 2, 2, 4, 4, 2, 3, 3, 0, 2, 1, 2, 1, 2, 0, 2, 1, 3]|[1, 1, 0, 1, 0, 3, 0, 3, 1, 0, 3, 0, 0, 0, 0, 0, 1, 0, 0, 0, 1, 2, 0, 0, 2, 0, 0, 1, 2, 1, 0, 2, 2, 0, 1, 0, 0, 1, 1, 1, 0, 0, 1, 3, 0, 3, 1, 0, 0, 0, 0, 0, 0, 0, 1, 0, 0, 1, 0, 3, 1, 0, 0, 0, 0, 0, 0, 1, 0, 0, 0, 0, 0, 1, 0, 1, 1, 0, 0, 3, 1, 1, 0, 0, 0, 2, 2, 1, 2, 0, 0, 0, 0, 1, 2, 1, 0, 1, 0, 2],1184.9184468682195,59933.649578767785,138537.4997525306,true
1,G1_CMAX,G4_BALANCED,[45, 1, 62, 78, 41, 39, 32, 87, 75, 12, 40, 99, 24, 38, 79, 30, 17, 91, 18, 83, 90, 35, 43, 97, 63, 76, 10, 54, 21, 31, 71, 13, 73, 51, 28, 56, 92, 89, 69, 9, 46, 27, 81, 70, 82, 42, 74, 7, 3, 84, 5, 59, 26, 94, 85, 2, 47, 29, 96, 36, 93, 98, 68, 66, 50, 44, 72, 67, 37, 58, 15, 61, 20, 8, 23, 80, 25, 60, 53, 77, 57, 65, 34, 14, 95, 16, 22, 33, 55, 64, 52, 48, 49, 86, 88, 4, 6, 0, 11, 19]|[0, 2, 1, 2, 0, 2, 0, 2, 0, 1, 2, 2, 2, 1, 0, 2, 1, 2, 0, 0, 1, 0, 1, 0, 1, 1, 1, 1, 1, 0, 0, 1, 1, 2, 1, 2, 2, 1, 0, 1, 1, 0, 1, 1, 0, 0, 0, 1, 0, 1, 2, 1, 1, 2, 0, 2, 1, 1, 1, 1, 0, 0, 0, 2, 2, 2, 1, 2, 1, 1, 2, 1, 2, 1, 1, 0, 0, 2, 0, 0, 0, 1, 1, 2, 0, 0, 1, 2, 0, 0, 1, 2, 1, 1, 1, 1, 1, 0, 2, 2]|[1, 2, 2, 0, 1, 0, 1, 2, 2, 4, 0, 1, 2, 4, 1, 0, 1, 1, 2, 2, 4, 1, 1, 1, 3, 2, 2, 4, 3, 1, 2, 2, 0, 0, 2, 0, 2, 1, 1, 1, 4, 2, 2, 4, 1, 0, 0, 1, 2, 1, 2, 2, 4, 1, 2, 1, 2, 3, 3, 4, 1, 1, 2, 0, 1, 1, 2, 2, 1, 0, 2, 3, 2, 4, 1, 1, 1, 2, 2, 2, 0, 4, 1, 1, 0, 0, 3, 1, 2, 1, 1, 2, 3, 2, 1, 2, 4, 0, 0, 2]|[1, 0, 2, 0, 1, 0, 0, 0, 0, 0, 0, 0, 1, 0, 0, 1, 1, 0, 0, 0, 1, 0, 3, 1, 2, 3, 2, 3, 0, 1, 0, 2, 1, 0, 3, 0, 0, 1, 1, 1, 3, 0, 1, 3, 0, 0, 1, 2, 0, 3, 0, 1, 3, 1, 0, 1, 2, 0, 2, 2, 0, 0, 1, 0, 0, 0, 1, 0, 0, 3, 0, 0, 0, 2, 1, 0, 0, 0, 1, 0, 1, 3, 1, 0, 0, 0, 2, 1, 1, 0, 1, 0, 2, 1, 0, 3, 1, 1, 0, 1],910.5386876752216,61882.27459717293,133068.24235042118,true
1,G4_BALANCED,G4_BALANCED,[31, 22, 82, 15, 40, 10, 96, 42, 77, 4, 47, 46, 78, 16, 91, 89, 48, 44, 24, 71, 28, 69, 29, 41, 38, 94, 62, 55, 26, 85, 99, 13, 73, 51, 90, 56, 67, 30, 35, 9, 83, 27, 81, 70, 39, 87, 74, 7, 3, 84, 5, 75, 60, 58, 19, 32, 14, 59, 57, 36, 93, 88, 68, 66, 64, 11, 23, 92, 37, 65, 80, 61, 20, 8, 72, 17, 25, 0, 53, 43, 50, 79, 2, 98, 95, 63, 1, 33, 54, 97, 52, 76, 49, 86, 18, 12, 21, 6, 34, 45]|[1, 1, 0, 0, 2, 0, 1, 0, 1, 1, 2, 0, 1, 1, 1, 2, 2, 2, 2, 1, 1, 1, 1, 1, 1, 2, 1, 2, 1, 0, 1, 1, 1, 2, 1, 2, 2, 1, 1, 1, 0, 1, 0, 0, 2, 1, 0, 1, 0, 1, 1, 2, 1, 0, 0, 0, 2, 0, 0, 1, 0, 1, 1, 2, 1, 1, 1, 2, 0, 1, 0, 1, 2, 1, 0, 2, 1, 2, 0, 0, 2, 1, 2, 0, 0, 0, 2, 1, 2, 2, 1, 1, 0, 0, 0, 1, 1, 2, 1, 2]|[3, 3, 2, 1, 0, 0, 3, 1, 2, 4, 0, 2, 2, 4, 2, 0, 2, 1, 1, 3, 2, 3, 1, 2, 4, 0, 4, 0, 4, 1, 3, 0, 3, 0, 4, 1, 1, 4, 0, 1, 0, 2, 0, 1, 2, 4, 0, 1, 2, 1, 3, 0, 3, 1, 2, 1, 1, 1, 2, 3, 1, 1, 2, 1, 4, 3, 1, 2, 2, 0, 1, 3, 2, 4, 1, 2, 4, 2, 2, 2, 2, 3, 1, 2, 0, 0, 1, 0, 1, 1, 2, 3, 2, 1, 1, 3, 4, 2, 2, 0]|[3, 2, 0, 1, 0, 0, 2, 0, 0, 0, 0, 0, 1, 0, 0, 1, 0, 0, 0, 1, 1, 2, 3, 1, 0, 0, 3, 0, 3, 0, 0, 1, 2, 0, 1, 0, 1, 3, 0, 1, 1, 2, 1, 0, 1, 1, 1, 2, 0, 3, 2, 1, 0, 0, 1, 0, 0, 1, 0, 2, 0, 0, 2, 0, 1, 0, 1, 0, 0, 3, 1, 0, 0, 2, 0, 0, 3, 0, 1, 0, 0, 2, 1, 0, 0, 0, 0, 1, 0, 0, 1, 1, 0, 1, 1, 0, 1, 0, 3, 0],992.5578159093428,61059.59652796151,131664.3023004242,false
1,G2_TEC,G2_TEC,[45, 1, 62, 78, 41, 39, 32, 87, 75, 12, 40, 99, 24, 38, 79, 30, 85, 63, 18, 44, 20, 49, 36, 14, 48, 50, 53, 17, 59, 51, 83, 96, 9, 71, 81, 56, 8, 54, 69, 43, 6, 57, 47, 88, 65, 22, 76, 15, 67, 68, 46, 97, 60, 58, 19, 95, 26, 35, 27, 2, 25, 90, 74, 21, 82, 73, 72, 28, 94, 3, 33, 77, 93, 91, 52, 70, 29, 89, 7, 0, 10, 80, 31, 42, 4, 66, 84, 86, 23, 34, 37, 55, 61, 98, 16, 11, 64, 13, 92, 5]|[2, 2, 1, 0, 2, 1, 0, 0, 2, 0, 2, 1, 1, 1, 1, 2, 0, 0, 0, 2, 2, 2, 1, 2, 1, 1, 0, 1, 1, 2, 1, 0, 1, 1, 1, 0, 2, 0, 0, 2, 0, 0, 2, 2, 1, 0, 1, 2, 0, 0, 2, 2, 2, 0, 2, 0, 0, 1, 0, 0, 1, 2, 0, 0, 0, 1, 0, 1, 1, 1, 2, 0, 2, 0, 1, 1, 1, 2, 1, 0, 2, 0, 1, 0, 1, 2, 0, 1, 1, 1, 1, 1, 1, 1, 1, 2, 2, 1, 0, 1]|[0, 2, 4, 1, 0, 3, 2, 0, 1, 2, 0, 3, 2, 2, 1, 0, 1, 0, 1, 1, 1, 0, 3, 1, 1, 2, 2, 4, 1, 0, 3, 2, 4, 4, 4, 0, 1, 1, 0, 2, 2, 2, 0, 1, 4, 2, 3, 2, 1, 1, 1, 1, 0, 1, 2, 2, 1, 4, 2, 1, 4, 2, 1, 1, 2, 4, 1, 2, 3, 3, 0, 0, 1, 1, 2, 1, 4, 0, 1, 0, 2, 1, 3, 0, 3, 0, 2, 4, 4, 1, 1, 4, 0, 3, 3, 0, 2, 4, 0, 3]|[0, 0, 1, 1, 0, 3, 0, 0, 0, 0, 0, 0, 1, 1, 3, 1, 0, 0, 0, 0, 0, 0, 2, 0, 1, 1, 1, 3, 0, 0, 0, 0, 2, 3, 2, 1, 0, 0, 1, 0, 1, 0, 0, 1, 3, 0, 1, 0, 0, 0, 0, 0, 1, 0, 1, 0, 1, 0, 0, 0, 3, 0, 1, 0, 0, 0, 0, 1, 3, 0, 0, 1, 1, 0, 1, 3, 0, 1, 2, 1, 0, 1, 3, 0, 0, 0, 0, 1, 0, 1, 0, 3, 3, 2, 2, 0, 0, 0, 1, 0],961.130426190569,59167.54413791103,137377.57692171252,false
1,G3_TWC,G4_BALANCED,[31, 22, 82, 15, 26, 9, 95, 42, 77, 4, 47, 5, 93, 78, 86, 54, 85, 63, 18, 44, 20, 49, 36, 14, 48, 50, 53, 17, 59, 35, 1, 96, 45, 71, 81, 56, 8, 30, 38, 43, 6, 57, 40, 88, 65, 83, 76, 69, 67, 68, 46, 75, 60, 58, 19, 32, 41, 51, 27, 62, 87, 90, 74, 21, 2, 73, 72, 28, 94, 3, 33, 97, 24, 91, 52, 70, 29, 89, 7, 0, 10, 80, 39, 25, 12, 66, 84, 79, 23, 34, 37, 55, 61, 98, 16, 11, 64, 13, 92, 99]|[1, 2, 1, 0, 2, 1, 0, 0, 1, 0, 2, 2, 1, 1, 1, 2, 0, 2, 0, 2, 2, 2, 1, 2, 1, 1, 0, 1, 1, 1, 1, 0, 1, 2, 1, 0, 2, 0, 0, 1, 0, 0, 2, 1, 1, 0, 1, 2, 0, 0, 2, 2, 1, 0, 2, 0, 0, 1, 0, 1, 2, 2, 0, 0, 0, 1, 0, 1, 2, 1, 2, 0, 0, 0, 1, 1, 1, 2, 1, 0, 2, 0, 2, 1, 1, 0, 0, 1, 1, 1, 2, 1, 1, 1, 1, 2, 2, 0, 0, 1]|[3, 1, 4, 1, 0, 3, 2, 0, 2, 0, 0, 1, 2, 2, 2, 0, 1, 2, 1, 1, 1, 0, 3, 1, 1, 2, 2, 4, 1, 3, 3, 2, 4, 0, 4, 0, 1, 1, 0, 1, 2, 2, 0, 1, 4, 2, 4, 2, 0, 1, 1, 1, 1, 1, 2, 1, 1, 4, 2, 2, 1, 2, 0, 1, 2, 4, 1, 2, 0, 3, 0, 0, 1, 1, 2, 1, 4, 0, 1, 0, 2, 1, 2, 4, 3, 2, 2, 4, 4, 1, 0, 4, 0, 3, 3, 0, 2, 2, 0, 3]|[3, 1, 1, 1, 0, 3, 0, 0, 0, 1, 0, 0, 1, 1, 0, 1, 0, 1, 0, 0, 0, 0, 2, 0, 1, 1, 1, 3, 0, 1, 0, 0, 2, 0, 2, 1, 0, 0, 1, 3, 1, 0, 0, 0, 3, 0, 2, 0, 1, 0, 0, 0, 1, 0, 1, 0, 1, 0, 0, 2, 1, 0, 1, 0, 0, 0, 0, 1, 0, 0, 0, 1, 0, 0, 1, 3, 0, 1, 2, 1, 0, 1, 1, 3, 0, 1, 0, 1, 0, 1, 0, 3, 3, 2, 2, 0, 0, 0, 1, 0],1048.5839291927466,59980.81877739722,126043.33445373269,true
1,G1_CMAX,G4_BALANCED,[45, 1, 62, 78, 41, 39, 32, 87, 75, 12, 40, 99, 24, 38, 79, 30, 17, 91, 18, 83, 90, 35, 43, 97, 63, 76, 10, 54, 21, 31, 71, 13, 73, 51, 28, 56, 92, 89, 69, 9, 46, 27, 81, 70, 82, 42, 74, 7, 3, 84, 5, 59, 26, 94, 85, 2, 47, 29, 96, 36, 93, 98, 68, 66, 50, 44, 72, 67, 37, 58, 15, 61, 20, 8, 23, 80, 25, 60, 53, 77, 57, 65, 34, 14, 95, 16, 22, 33, 55, 64, 52, 48, 49, 86, 88, 4, 6, 0, 11, 19]|[0, 2, 1, 2, 0, 2, 0, 2, 0, 1, 2, 2, 2, 1, 0, 2, 1, 2, 0, 0, 1, 0, 1, 0, 1, 1, 1, 1, 1, 0, 0, 1, 1, 2, 1, 2, 2, 1, 0, 1, 1, 0, 1, 1, 0, 0, 0, 1, 0, 1, 2, 1, 1, 2, 0, 2, 1, 1, 1, 1, 0, 0, 0, 2, 2, 2, 1, 2, 1, 1, 2, 1, 2, 1, 1, 0, 0, 2, 0, 0, 0, 1, 1, 2, 0, 0, 1, 2, 0, 0, 1, 2, 1, 1, 1, 1, 1, 0, 2, 2]|[1, 2, 2, 0, 1, 0, 1, 2, 2, 4, 0, 1, 2, 4, 1, 0, 1, 1, 2, 2, 4, 1, 1, 1, 3, 2, 2, 4, 3, 1, 2, 2, 0, 0, 2, 0, 2, 1, 1, 1, 4, 2, 2, 4, 1, 0, 0, 1, 2, 1, 2, 2, 4, 1, 2, 1, 2, 3, 3, 4, 1, 1, 2, 0, 1, 1, 2, 2, 1, 0, 2, 3, 2, 4, 1, 1, 1, 2, 2, 2, 0, 4, 1, 1, 0, 0, 3, 1, 2, 1, 1, 2, 3, 2, 1, 2, 4, 0, 0, 2]|[1, 0, 2, 0, 1, 0, 0, 0, 0, 0, 0, 0, 1, 0, 0, 1, 1, 0, 0, 0, 1, 0, 3, 1, 2, 3, 2, 3, 0, 1, 0, 2, 1, 0, 3, 0, 0, 1, 1, 1, 3, 0, 1, 3, 0, 0, 1, 2, 0, 3, 0, 1, 3, 1, 0, 1, 2, 0, 2, 2, 0, 0, 1, 0, 0, 0, 1, 0, 0, 3, 0, 0, 0, 2, 1, 0, 0, 0, 1, 0, 1, 3, 1, 0, 0, 0, 2, 1, 1, 0, 1, 0, 2, 1, 0, 3, 1, 1, 0, 1],910.5386876752216,61882.27459717293,133068.24235042118,true
1,G4_BALANCED,G4_BALANCED,[31, 22, 82, 15, 40, 10, 96, 42, 77, 4, 47, 46, 78, 16, 91, 89, 48, 44, 24, 71, 28, 69, 29, 41, 38, 94, 62, 55, 26, 85, 99, 13, 73, 51, 90, 56, 67, 30, 35, 9, 83, 27, 81, 70, 39, 87, 74, 7, 3, 84, 5, 75, 60, 58, 19, 32, 14, 59, 57, 36, 93, 88, 68, 66, 64, 11, 23, 92, 37, 65, 80, 61, 20, 8, 72, 17, 25, 0, 53, 43, 50, 79, 2, 98, 95, 63, 1, 33, 54, 97, 52, 76, 49, 86, 18, 12, 21, 6, 34, 45]|[1, 1, 0, 0, 2, 0, 1, 0, 1, 1, 2, 0, 1, 1, 1, 2, 2, 2, 2, 1, 1, 1, 1, 1, 1, 2, 1, 2, 1, 0, 1, 1, 1, 2, 1, 2, 2, 1, 1, 1, 0, 1, 0, 0, 2, 1, 0, 1, 0, 1, 1, 2, 1, 0, 0, 0, 2, 0, 0, 1, 0, 1, 1, 2, 1, 1, 1, 2, 0, 1, 0, 1, 2, 1, 0, 2, 1, 2, 0, 0, 2, 1, 2, 0, 0, 0, 2, 1, 2, 2, 1, 1, 0, 0, 0, 1, 1, 2, 1, 2]|[3, 3, 2, 1, 0, 0, 3, 1, 2, 4, 0, 2, 2, 4, 2, 0, 2, 1, 1, 3, 2, 3, 1, 2, 4, 0, 4, 0, 4, 1, 3, 0, 3, 0, 4, 1, 1, 4, 0, 1, 0, 2, 0, 1, 2, 4, 0, 1, 2, 1, 3, 0, 3, 1, 2, 1, 1, 1, 2, 3, 1, 1, 2, 1, 4, 3, 1, 2, 2, 0, 1, 3, 2, 4, 1, 2, 4, 2, 2, 2, 2, 3, 1, 2, 0, 0, 1, 0, 1, 1, 2, 3, 2, 1, 1, 3, 4, 2, 2, 0]|[3, 2, 0, 1, 0, 0, 2, 0, 0, 0, 0, 0, 1, 0, 0, 1, 0, 0, 0, 1, 1, 2, 3, 1, 0, 0, 3, 0, 3, 0, 0, 1, 2, 0, 1, 0, 1, 3, 0, 1, 1, 2, 1, 0, 1, 1, 1, 2, 0, 3, 2, 1, 0, 0, 1, 0, 0, 1, 0, 2, 0, 0, 2, 0, 1, 0, 1, 0, 0, 3, 1, 0, 0, 2, 0, 0, 3, 0, 1, 0, 0, 2, 1, 0, 0, 0, 0, 1, 0, 0, 1, 1, 0, 1, 1, 0, 1, 0, 3, 0],992.5578159093428,61059.59652796151,131664.3023004242,false
1,G2_TEC,G2_TEC,[45, 1, 62, 78, 41, 39, 32, 87, 75, 12, 40, 99, 24, 38, 79, 30, 85, 63, 18, 44, 20, 49, 36, 14, 48, 76, 10, 54, 21, 31, 71, 64, 3, 23, 17, 83, 93, 26, 60, 52, 65, 27, 90, 70, 9, 42, 74, 69, 5, 68, 46, 22, 15, 58, 97, 59, 28, 8, 73, 37, 35, 86, 11, 66, 94, 84, 72, 92, 50, 34, 80, 61, 47, 67, 96, 29, 98, 82, 56, 81, 57, 0, 2, 25, 43, 6, 89, 53, 13, 77, 33, 55, 7, 91, 88, 4, 51, 95, 16, 19]|[0, 2, 0, 0, 2, 2, 1, 2, 2, 1, 2, 2, 2, 1, 1, 0, 0, 1, 0, 0, 2, 2, 1, 2, 2, 1, 0, 2, 1, 0, 0, 0, 0, 1, 1, 0, 0, 1, 1, 1, 0, 0, 1, 1, 1, 2, 0, 2, 1, 0, 2, 1, 2, 0, 2, 1, 2, 0, 1, 1, 1, 1, 2, 2, 2, 0, 2, 2, 1, 1, 0, 1, 1, 0, 0, 1, 0, 0, 0, 2, 2, 0, 2, 1, 1, 1, 1, 0, 1, 1, 2, 2, 2, 0, 1, 1, 0, 0, 1, 2]|[1, 1, 2, 1, 0, 1, 3, 2, 2, 4, 0, 1, 1, 4, 4, 1, 1, 3, 2, 0, 2, 0, 4, 1, 0, 3, 2, 1, 3, 1, 2, 1, 2, 1, 4, 1, 1, 4, 0, 1, 2, 1, 4, 4, 0, 2, 1, 2, 3, 1, 1, 3, 0, 1, 1, 3, 0, 2, 4, 3, 1, 4, 0, 0, 0, 2, 2, 2, 4, 2, 1, 3, 2, 1, 2, 3, 2, 1, 0, 2, 2, 0, 1, 4, 1, 4, 1, 2, 4, 1, 1, 1, 1, 1, 1, 3, 0, 0, 4, 2]|[1, 1, 0, 1, 0, 0, 0, 0, 1, 0, 0, 0, 1, 0, 1, 0, 0, 2, 1, 1, 0, 0, 0, 0, 0, 1, 1, 0, 0, 1, 0, 0, 0, 1, 3, 0, 0, 3, 0, 1, 0, 0, 1, 3, 1, 0, 1, 0, 2, 0, 0, 2, 1, 0, 1, 0, 0, 0, 2, 1, 2, 1, 0, 0, 0, 0, 0, 0, 2, 3, 0, 0, 2, 0, 0, 0, 0, 0, 1, 1, 0, 1, 1, 3, 3, 2, 1, 1, 0, 1, 1, 0, 0, 0, 0, 0, 0, 0, 1, 1],1026.5875980264905,58863.22337776773,133968.35011510988,false
1,G3_TWC,G2_TEC,[45, 1, 62, 78, 41, 39, 32, 87, 75, 12, 40, 99, 24, 38, 79, 30, 85, 63, 18, 44, 20, 49, 36, 14, 48, 76, 10, 54, 21, 31, 71, 64, 3, 23, 17, 83, 93, 26, 60, 52, 65, 27, 90, 70, 9, 42, 74, 69, 5, 68, 46, 22, 15, 58, 97, 59, 28, 8, 73, 37, 35, 86, 11, 66, 94, 84, 72, 92, 50, 34, 80, 61, 47, 67, 96, 29, 98, 82, 56, 81, 57, 0, 2, 25, 43, 6, 89, 53, 13, 77, 33, 55, 7, 91, 88, 4, 51, 95, 16, 19]|[0, 2, 0, 0, 2, 2, 1, 2, 2, 1, 2, 2, 2, 1, 1, 0, 0, 1, 0, 0, 2, 2, 1, 2, 2, 1, 0, 2, 1, 0, 0, 0, 0, 1, 1, 0, 0, 1, 1, 1, 0, 0, 1, 1, 1, 2, 0, 2, 1, 0, 2, 1, 2, 0, 2, 1, 2, 0, 1, 1, 1, 1, 2, 2, 2, 0, 2, 2, 1, 1, 0, 1, 1, 0, 0, 1, 0, 0, 0, 2, 2, 0, 2, 1, 1, 1, 1, 0, 1, 1, 2, 2, 2, 0, 1, 1, 0, 0, 1, 2]|[1, 1, 2, 1, 0, 1, 3, 2, 2, 4, 0, 1, 1, 4, 4, 1, 1, 3, 2, 0, 2, 0, 4, 1, 0, 3, 2, 1, 3, 1, 2, 1, 2, 1, 4, 1, 1, 4, 0, 1, 2, 1, 4, 4, 0, 2, 1, 2, 3, 1, 1, 3, 0, 1, 1, 3, 0, 2, 4, 3, 1, 4, 0, 0, 0, 2, 2, 2, 4, 2, 1, 3, 2, 1, 2, 3, 2, 1, 0, 2, 2, 0, 1, 4, 1, 4, 1, 2, 4, 1, 1, 1, 1, 1, 1, 3, 0, 0, 4, 2]|[1, 1, 0, 1, 0, 0, 0, 0, 1, 0, 0, 0, 1, 0, 1, 0, 0, 2, 1, 1, 0, 0, 0, 0, 0, 1, 1, 0, 0, 1, 0, 0, 0, 1, 3, 0, 0, 3, 0, 1, 0, 0, 1, 3, 1, 0, 1, 0, 2, 0, 0, 2, 1, 0, 1, 0, 0, 0, 2, 1, 2, 1, 0, 0, 0, 0, 0, 0, 2, 3, 0, 0, 2, 0, 0, 0, 0, 0, 1, 1, 0, 1, 1, 3, 3, 2, 1, 1, 0, 1, 1, 0, 0, 0, 0, 0, 0, 0, 1, 1],1026.5875980264905,58863.22337776773,133968.35011510988,true
1,G1_CMAX,G4_BALANCED,[45, 1, 62, 78, 41, 39, 32, 87, 75, 12, 40, 99, 24, 38, 79, 30, 17, 91, 18, 83, 90, 35, 43, 97, 63, 76, 10, 54, 21, 31, 71, 13, 73, 51, 28, 56, 92, 89, 69, 9, 46, 27, 81, 70, 82, 42, 74, 7, 3, 84, 5, 59, 26, 94, 85, 2, 47, 29, 96, 36, 93, 98, 68, 66, 50, 44, 72, 67, 37, 58, 15, 61, 20, 8, 23, 80, 25, 60, 53, 77, 57, 65, 34, 14, 95, 16, 22, 33, 55, 64, 52, 48, 49, 86, 88, 4, 6, 0, 11, 19]|[0, 2, 1, 2, 0, 2, 0, 2, 0, 1, 2, 2, 2, 1, 0, 2, 1, 2, 0, 0, 1, 0, 1, 0, 1, 1, 1, 1, 1, 0, 0, 1, 1, 2, 1, 2, 2, 1, 0, 1, 1, 0, 1, 1, 0, 0, 0, 1, 0, 1, 2, 1, 1, 2, 0, 2, 1, 1, 1, 1, 0, 0, 0, 2, 2, 2, 1, 2, 1, 1, 2, 1, 2, 1, 1, 0, 0, 2, 0, 0, 0, 1, 1, 2, 0, 0, 1, 2, 0, 0, 1, 2, 1, 1, 1, 1, 1, 0, 2, 2]|[1, 2, 2, 0, 1, 0, 1, 2, 2, 4, 0, 1, 2, 4, 1, 0, 1, 1, 2, 2, 4, 1, 1, 1, 3, 2, 2, 4, 3, 1, 2, 2, 0, 0, 2, 0, 2, 1, 1, 1, 4, 2, 2, 4, 1, 0, 0, 1, 2, 1, 2, 2, 4, 1, 2, 1, 2, 3, 3, 4, 1, 1, 2, 0, 1, 1, 2, 2, 1, 0, 2, 3, 2, 4, 1, 1, 1, 2, 2, 2, 0, 4, 1, 1, 0, 0, 3, 1, 2, 1, 1, 2, 3, 2, 1, 2, 4, 0, 0, 2]|[1, 0, 2, 0, 1, 0, 0, 0, 0, 0, 0, 0, 1, 0, 0, 1, 1, 0, 0, 0, 1, 0, 3, 1, 2, 3, 2, 3, 0, 1, 0, 2, 1, 0, 3, 0, 0, 1, 1, 1, 3, 0, 1, 3, 0, 0, 1, 2, 0, 3, 0, 1, 3, 1, 0, 1, 2, 0, 2, 2, 0, 0, 1, 0, 0, 0, 1, 0, 0, 3, 0, 0, 0, 2, 1, 0, 0, 0, 1, 0, 1, 3, 1, 0, 0, 0, 2, 1, 1, 0, 1, 0, 2, 1, 0, 3, 1, 1, 0, 1],910.5386876752216,61882.27459717293,133068.24235042118,true
1,G4_BALANCED,G3_TWC,[45, 1, 62, 78, 41, 39, 32, 87, 75, 12, 40, 99, 24, 38, 79, 30, 85, 63, 18, 44, 20, 49, 36, 14, 48, 76, 10, 54, 21, 31, 71, 64, 3, 23, 17, 83, 93, 26, 60, 52, 65, 27, 90, 70, 9, 42, 74, 69, 5, 68, 46, 22, 15, 58, 97, 59, 28, 8, 73, 37, 35, 86, 2, 66, 50, 56, 72, 67, 96, 11, 16, 61, 33, 47, 51, 80, 43, 98, 53, 77, 57, 0, 34, 25, 94, 6, 84, 7, 55, 13, 82, 91, 92, 81, 88, 4, 89, 29, 95, 19]|[0, 2, 0, 0, 2, 2, 0, 2, 2, 1, 2, 2, 2, 1, 1, 0, 0, 1, 0, 2, 2, 1, 1, 2, 2, 1, 0, 2, 1, 0, 0, 2, 0, 1, 1, 2, 0, 1, 1, 1, 0, 0, 1, 1, 1, 2, 0, 0, 0, 0, 1, 1, 2, 0, 0, 1, 2, 0, 1, 1, 1, 1, 2, 2, 0, 0, 2, 0, 0, 1, 1, 1, 0, 1, 1, 0, 2, 0, 0, 1, 0, 0, 1, 0, 2, 1, 0, 2, 0, 1, 0, 0, 2, 2, 1, 1, 1, 1, 0, 2]|[1, 1, 2, 1, 0, 1, 1, 2, 2, 4, 0, 1, 1, 4, 4, 1, 1, 3, 2, 1, 2, 1, 1, 1, 0, 3, 2, 1, 3, 1, 2, 2, 2, 1, 4, 0, 1, 4, 0, 1, 2, 1, 4, 4, 0, 2, 1, 2, 0, 1, 3, 3, 0, 1, 2, 3, 0, 2, 4, 3, 1, 4, 1, 0, 2, 0, 2, 1, 2, 0, 4, 3, 2, 2, 1, 1, 1, 2, 2, 1, 0, 0, 4, 1, 0, 4, 2, 1, 2, 4, 1, 1, 2, 2, 1, 2, 1, 3, 0, 0]|[1, 1, 1, 1, 0, 0, 0, 0, 1, 0, 0, 0, 1, 0, 1, 0, 0, 2, 1, 0, 0, 2, 3, 0, 0, 1, 1, 0, 0, 1, 0, 0, 0, 1, 3, 0, 0, 3, 0, 1, 0, 0, 1, 3, 1, 0, 0, 1, 1, 0, 2, 2, 1, 0, 0, 0, 0, 0, 2, 1, 2, 1, 1, 0, 0, 1, 0, 0, 0, 3, 1, 0, 1, 2, 1, 1, 0, 0, 1, 1, 1, 1, 3, 0, 0, 2, 0, 0, 1, 0, 0, 0, 0, 1, 0, 3, 1, 0, 0, 0],988.6250239378038,60239.477573093216,128143.06376051338,true
1,G2_TEC,G2_TEC,[45, 1, 62, 78, 41, 39, 32, 87, 75, 12, 40, 99, 24, 38, 79, 30, 85, 63, 18, 44, 20, 49, 36, 14, 48, 50, 53, 17, 59, 51, 83, 96, 9, 71, 81, 56, 8, 54, 69, 43, 6, 57, 47, 88, 65, 22, 76, 15, 67, 68, 46, 97, 60, 58, 19, 95, 26, 35, 27, 2, 25, 90, 74, 21, 82, 73, 72, 28, 94, 3, 33, 77, 93, 91, 52, 70, 29, 89, 7, 0, 10, 80, 31, 42, 4, 66, 84, 86, 23, 34, 37, 55, 61, 98, 16, 11, 64, 13, 92, 5]|[2, 2, 1, 0, 2, 1, 0, 0, 2, 0, 2, 1, 1, 1, 1, 2, 0, 0, 0, 2, 2, 2, 1, 2, 1, 1, 0, 1, 1, 2, 1, 0, 1, 1, 1, 0, 2, 0, 0, 2, 0, 0, 2, 2, 1, 0, 1, 2, 0, 0, 2, 2, 2, 0, 2, 0, 0, 1, 0, 0, 1, 2, 0, 0, 0, 1, 0, 1, 1, 1, 2, 0, 2, 0, 1, 1, 1, 2, 1, 0, 2, 0, 1, 0, 1, 2, 0, 1, 1, 1, 1, 1, 1, 1, 1, 2, 2, 1, 0, 1]|[0, 2, 4, 1, 0, 3, 2, 0, 1, 2, 0, 3, 2, 2, 1, 0, 1, 0, 1, 1, 1, 0, 3, 1, 1, 2, 2, 4, 1, 0, 3, 2, 4, 4, 4, 0, 1, 1, 0, 2, 2, 2, 0, 1, 4, 2, 3, 2, 1, 1, 1, 1, 0, 1, 2, 2, 1, 4, 2, 1, 4, 2, 1, 1, 2, 4, 1, 2, 3, 3, 0, 0, 1, 1, 2, 1, 4, 0, 1, 0, 2, 1, 3, 0, 3, 0, 2, 4, 4, 1, 1, 4, 0, 3, 3, 0, 2, 4, 0, 3]|[0, 0, 1, 1, 0, 3, 0, 0, 0, 0, 0, 0, 1, 1, 3, 1, 0, 0, 0, 0, 0, 0, 2, 0, 1, 1, 1, 3, 0, 0, 0, 0, 2, 3, 2, 1, 0, 0, 1, 0, 1, 0, 0, 1, 3, 0, 1, 0, 0, 0, 0, 0, 1, 0, 1, 0, 1, 0, 0, 0, 3, 0, 1, 0, 0, 0, 0, 1, 3, 0, 0, 1, 1, 0, 1, 3, 0, 1, 2, 1, 0, 1, 3, 0, 0, 0, 0, 1, 0, 1, 0, 3, 3, 2, 2, 0, 0, 0, 1, 0],961.130426190569,59167.54413791103,137377.57692171252,false
1,G3_TWC,G2_TEC,[45, 1, 62, 78, 41, 39, 32, 87, 75, 12, 40, 99, 24, 38, 79, 30, 85, 63, 18, 44, 20, 49, 36, 14, 48, 76, 10, 54, 21, 31, 71, 64, 3, 23, 17, 83, 93, 26, 60, 52, 65, 27, 90, 70, 9, 42, 74, 69, 5, 68, 46, 22, 15, 58, 97, 59, 28, 8, 73, 37, 35, 86, 11, 66, 94, 84, 72, 92, 50, 34, 80, 61, 47, 67, 96, 29, 98, 82, 56, 81, 57, 0, 2, 25, 43, 6, 89, 53, 13, 77, 33, 55, 7, 91, 88, 4, 51, 95, 16, 19]|[0, 2, 0, 0, 2, 2, 1, 2, 2, 1, 2, 2, 2, 1, 1, 0, 0, 1, 0, 0, 2, 2, 1, 2, 2, 1, 0, 2, 1, 0, 0, 0, 0, 1, 1, 0, 0, 1, 1, 1, 0, 0, 1, 1, 1, 2, 0, 2, 1, 0, 2, 1, 2, 0, 2, 1, 2, 0, 1, 1, 1, 1, 2, 2, 2, 0, 2, 2, 1, 1, 0, 1, 1, 0, 0, 1, 0, 0, 0, 2, 2, 0, 2, 1, 1, 1, 1, 0, 1, 1, 2, 2, 2, 0, 1, 1, 0, 0, 1, 2]|[1, 1, 2, 1, 0, 1, 3, 2, 2, 4, 0, 1, 1, 4, 4, 1, 1, 3, 2, 0, 2, 0, 4, 1, 0, 3, 2, 1, 3, 1, 2, 1, 2, 1, 4, 1, 1, 4, 0, 1, 2, 1, 4, 4, 0, 2, 1, 2, 3, 1, 1, 3, 0, 1, 1, 3, 0, 2, 4, 3, 1, 4, 0, 0, 0, 2, 2, 2, 4, 2, 1, 3, 2, 1, 2, 3, 2, 1, 0, 2, 2, 0, 1, 4, 1, 4, 1, 2, 4, 1, 1, 1, 1, 1, 1, 3, 0, 0, 4, 2]|[1, 1, 0, 1, 0, 0, 0, 0, 1, 0, 0, 0, 1, 0, 1, 0, 0, 2, 1, 1, 0, 0, 0, 0, 0, 1, 1, 0, 0, 1, 0, 0, 0, 1, 3, 0, 0, 3, 0, 1, 0, 0, 1, 3, 1, 0, 1, 0, 2, 0, 0, 2, 1, 0, 1, 0, 0, 0, 2, 1, 2, 1, 0, 0, 0, 0, 0, 0, 2, 3, 0, 0, 2, 0, 0, 0, 0, 0, 1, 1, 0, 1, 1, 3, 3, 2, 1, 1, 0, 1, 1, 0, 0, 0, 0, 0, 0, 0, 1, 1],1026.5875980264905,58863.22337776773,133968.35011510988,true
1,G1_CMAX,G4_BALANCED,[45, 1, 62, 78, 41, 39, 32, 87, 75, 12, 40, 99, 24, 38, 79, 30, 17, 91, 18, 83, 90, 35, 43, 97, 63, 76, 10, 54, 21, 31, 71, 13, 73, 51, 28, 56, 92, 89, 69, 9, 46, 27, 81, 70, 82, 42, 74, 7, 3, 84, 5, 59, 26, 94, 85, 2, 47, 29, 96, 36, 93, 98, 68, 66, 50, 44, 72, 67, 37, 58, 15, 61, 20, 8, 23, 80, 25, 60, 53, 77, 57, 65, 34, 14, 95, 16, 22, 33, 55, 64, 52, 48, 49, 86, 88, 4, 6, 0, 11, 19]|[0, 2, 1, 2, 0, 2, 0, 2, 0, 1, 2, 2, 2, 1, 0, 2, 1, 2, 0, 0, 1, 0, 1, 0, 1, 1, 1, 1, 1, 0, 0, 1, 1, 2, 1, 2, 2, 1, 0, 1, 1, 0, 1, 1, 0, 0, 0, 1, 0, 1, 2, 1, 1, 2, 0, 2, 1, 1, 1, 1, 0, 0, 0, 2, 2, 2, 1, 2, 1, 1, 2, 1, 2, 1, 1, 0, 0, 2, 0, 0, 0, 1, 1, 2, 0, 0, 1, 2, 0, 0, 1, 2, 1, 1, 1, 1, 1, 0, 2, 2]|[1, 2, 2, 0, 1, 0, 1, 2, 2, 4, 0, 1, 2, 4, 1, 0, 1, 1, 2, 2, 4, 1, 1, 1, 3, 2, 2, 4, 3, 1, 2, 2, 0, 0, 2, 0, 2, 1, 1, 1, 4, 2, 2, 4, 1, 0, 0, 1, 2, 1, 2, 2, 4, 1, 2, 1, 2, 3, 3, 4, 1, 1, 2, 0, 1, 1, 2, 2, 1, 0, 2, 3, 2, 4, 1, 1, 1, 2, 2, 2, 0, 4, 1, 1, 0, 0, 3, 1, 2, 1, 1, 2, 3, 2, 1, 2, 4, 0, 0, 2]|[1, 0, 2, 0, 1, 0, 0, 0, 0, 0, 0, 0, 1, 0, 0, 1, 1, 0, 0, 0, 1, 0, 3, 1, 2, 3, 2, 3, 0, 1, 0, 2, 1, 0, 3, 0, 0, 1, 1, 1, 3, 0, 1, 3, 0, 0, 1, 2, 0, 3, 0, 1, 3, 1, 0, 1, 2, 0, 2, 2, 0, 0, 1, 0, 0, 0, 1, 0, 0, 3, 0, 0, 0, 2, 1, 0, 0, 0, 1, 0, 1, 3, 1, 0, 0, 0, 2, 1, 1, 0, 1, 0, 2, 1, 0, 3, 1, 1, 0, 1],910.5386876752216,61882.27459717293,133068.24235042118,true
1,G4_BALANCED,G4_BALANCED,[45, 1, 62, 78, 41, 39, 32, 87, 75, 12, 40, 99, 24, 38, 79, 30, 17, 91, 18, 83, 90, 35, 43, 97, 63, 76, 10, 54, 21, 31, 71, 13, 73, 51, 28, 56, 92, 89, 69, 9, 46, 27, 81, 70, 82, 42, 74, 7, 3, 84, 5, 59, 26, 94, 85, 2, 47, 29, 96, 36, 93, 98, 68, 66, 50, 44, 72, 67, 37, 58, 15, 61, 20, 8, 23, 80, 25, 60, 53, 77, 57, 65, 34, 14, 95, 16, 22, 33, 55, 64, 52, 48, 49, 86, 88, 4, 6, 0, 11, 19]|[0, 2, 1, 2, 0, 2, 0, 2, 0, 1, 2, 2, 2, 1, 0, 2, 1, 2, 0, 0, 1, 0, 1, 0, 1, 1, 1, 1, 1, 0, 0, 1, 1, 2, 1, 2, 2, 1, 0, 1, 1, 0, 1, 1, 0, 0, 0, 1, 0, 1, 2, 1, 1, 2, 0, 2, 1, 1, 1, 1, 0, 0, 0, 2, 2, 2, 1, 2, 1, 1, 2, 1, 2, 1, 1, 0, 0, 2, 0, 0, 0, 1, 1, 2, 0, 0, 1, 2, 0, 0, 1, 2, 1, 1, 1, 1, 1, 0, 2, 2]|[1, 2, 2, 0, 1, 0, 1, 2, 2, 4, 0, 1, 2, 4, 1, 0, 1, 1, 2, 2, 4, 1, 1, 1, 3, 2, 2, 4, 3, 1, 2, 2, 0, 0, 2, 0, 2, 1, 1, 1, 4, 2, 2, 4, 1, 0, 0, 1, 2, 1, 2, 2, 4, 1, 2, 1, 2, 3, 3, 4, 1, 1, 2, 0, 1, 1, 2, 2, 1, 0, 2, 3, 2, 4, 1, 1, 1, 2, 2, 2, 0, 4, 1, 1, 0, 0, 3, 1, 2, 1, 1, 2, 3, 2, 1, 2, 4, 0, 0, 2]|[1, 0, 2, 0, 1, 0, 0, 0, 0, 0, 0, 0, 1, 0, 0, 1, 1, 0, 0, 0, 1, 0, 3, 1, 2, 3, 2, 3, 0, 1, 0, 2, 1, 0, 3, 0, 0, 1, 1, 1, 3, 0, 1, 3, 0, 0, 1, 2, 0, 3, 0, 1, 3, 1, 0, 1, 2, 0, 2, 2, 0, 0, 1, 0, 0, 0, 1, 0, 0, 3, 0, 0, 0, 2, 1, 0, 0, 0, 1, 0, 1, 3, 1, 0, 0, 0, 2, 1, 1, 0, 1, 0, 2, 1, 0, 3, 1, 1, 0, 1],910.5386876752216,61882.27459717293,133068.24235042118,false
1,G2_TEC,G2_TEC,[45, 1, 62, 78, 41, 39, 32, 87, 75, 12, 40, 99, 24, 38, 79, 30, 85, 63, 18, 44, 20, 49, 36, 14, 48, 76, 10, 54, 21, 31, 71, 64, 3, 23, 17, 83, 93, 26, 60, 52, 65, 27, 90, 70, 9, 42, 74, 69, 5, 68, 46, 22, 15, 58, 97, 59, 28, 8, 73, 37, 35, 86, 11, 66, 94, 84, 72, 92, 50, 34, 80, 61, 47, 67, 96, 29, 98, 82, 56, 81, 57, 0, 2, 25, 43, 6, 89, 53, 13, 77, 33, 55, 7, 91, 88, 4, 51, 95, 16, 19]|[0, 2, 0, 0, 2, 2, 1, 2, 2, 1, 2, 2, 2, 1, 1, 0, 0, 1, 0, 0, 2, 2, 1, 2, 2, 1, 0, 2, 1, 0, 0, 0, 0, 1, 1, 0, 0, 1, 1, 1, 0, 0, 1, 1, 1, 2, 0, 2, 1, 0, 2, 1, 2, 0, 2, 1, 2, 0, 1, 1, 1, 1, 2, 2, 2, 0, 2, 2, 1, 1, 0, 1, 1, 0, 0, 1, 0, 0, 0, 2, 2, 0, 2, 1, 1, 1, 1, 0, 1, 1, 2, 2, 2, 0, 1, 1, 0, 0, 1, 2]|[1, 1, 2, 1, 0, 1, 3, 2, 2, 4, 0, 1, 1, 4, 4, 1, 1, 3, 2, 0, 2, 0, 4, 1, 0, 3, 2, 1, 3, 1, 2, 1, 2, 1, 4, 1, 1, 4, 0, 1, 2, 1, 4, 4, 0, 2, 1, 2, 3, 1, 1, 3, 0, 1, 1, 3, 0, 2, 4, 3, 1, 4, 0, 0, 0, 2, 2, 2, 4, 2, 1, 3, 2, 1, 2, 3, 2, 1, 0, 2, 2, 0, 1, 4, 1, 4, 1, 2, 4, 1, 1, 1, 1, 1, 1, 3, 0, 0, 4, 2]|[1, 1, 0, 1, 0, 0, 0, 0, 1, 0, 0, 0, 1, 0, 1, 0, 0, 2, 1, 1, 0, 0, 0, 0, 0, 1, 1, 0, 0, 1, 0, 0, 0, 1, 3, 0, 0, 3, 0, 1, 0, 0, 1, 3, 1, 0, 1, 0, 2, 0, 0, 2, 1, 0, 1, 0, 0, 0, 2, 1, 2, 1, 0, 0, 0, 0, 0, 0, 2, 3, 0, 0, 2, 0, 0, 0, 0, 0, 1, 1, 0, 1, 1, 3, 3, 2, 1, 1, 0, 1, 1, 0, 0, 0, 0, 0, 0, 0, 1, 1],1026.5875980264905,58863.22337776773,133968.35011510988,false
1,G3_TWC,G2_TEC,[45, 1, 62, 78, 41, 39, 32, 87, 75, 12, 40, 99, 24, 38, 79, 30, 85, 63, 18, 44, 20, 49, 36, 14, 48, 50, 53, 17, 59, 51, 83, 96, 9, 71, 81, 56, 8, 54, 25, 52, 65, 27, 31, 70, 10, 42, 74, 7, 73, 84, 5, 26, 89, 76, 90, 2, 34, 69, 0, 37, 92, 28, 11, 66, 58, 77, 72, 93, 94, 3, 80, 61, 97, 67, 64, 43, 98, 47, 15, 86, 57, 21, 68, 60, 29, 6, 91, 82, 13, 22, 35, 46, 33, 55, 88, 4, 16, 95, 23, 19]|[2, 2, 0, 0, 2, 2, 1, 0, 2, 1, 2, 2, 2, 1, 1, 2, 0, 0, 0, 2, 2, 1, 1, 1, 2, 2, 0, 2, 1, 0, 1, 0, 0, 1, 0, 1, 2, 0, 1, 1, 1, 0, 0, 0, 2, 0, 0, 1, 1, 1, 1, 1, 2, 0, 1, 0, 1, 0, 0, 0, 2, 2, 2, 2, 1, 0, 2, 2, 2, 1, 0, 1, 2, 0, 0, 1, 0, 2, 2, 0, 0, 0, 0, 2, 1, 1, 2, 0, 1, 1, 1, 2, 2, 1, 1, 1, 1, 0, 0, 2]|[0, 2, 1, 1, 2, 2, 3, 0, 1, 2, 0, 1, 1, 4, 3, 0, 1, 0, 2, 1, 2, 3, 4, 2, 2, 0, 2, 1, 2, 2, 3, 1, 2, 1, 1, 3, 2, 1, 4, 2, 4, 2, 1, 1, 2, 1, 1, 1, 4, 1, 3, 4, 0, 1, 4, 1, 2, 2, 0, 2, 2, 2, 0, 0, 4, 2, 2, 1, 1, 3, 1, 3, 1, 1, 1, 3, 1, 0, 2, 1, 2, 1, 1, 0, 3, 4, 1, 2, 4, 3, 0, 1, 0, 1, 1, 2, 3, 0, 2, 0]|[0, 0, 0, 1, 0, 1, 0, 0, 0, 3, 0, 0, 1, 0, 2, 1, 0, 0, 1, 0, 0, 2, 2, 1, 0, 0, 1, 0, 1, 0, 0, 0, 0, 1, 1, 2, 0, 0, 3, 1, 3, 0, 1, 0, 0, 0, 1, 2, 0, 3, 2, 3, 1, 0, 1, 0, 3, 0, 1, 0, 0, 0, 0, 0, 2, 0, 0, 1, 0, 0, 0, 0, 1, 0, 0, 0, 0, 0, 0, 1, 0, 0, 0, 1, 0, 2, 0, 1, 0, 2, 0, 0, 0, 1, 0, 3, 2, 0, 1, 0],956.6991785157963,59411.2532870709,129046.39219295447,true
1,G1_CMAX,G4_BALANCED,[45, 1, 62, 78, 41, 39, 32, 87, 75, 12, 40, 99, 24, 38, 79, 30, 17, 91, 18, 83, 90, 35, 43, 97, 63, 76, 10, 54, 21, 31, 71, 13, 73, 51, 28, 56, 92, 89, 69, 9, 46, 27, 81, 70, 82, 42, 74, 7, 3, 84, 5, 59, 26, 94, 85, 2, 47, 29, 96, 36, 93, 98, 68, 66, 50, 44, 72, 67, 37, 58, 15, 61, 20, 8, 23, 80, 25, 60, 53, 77, 57, 65, 34, 14, 95, 16, 22, 33, 55, 64, 52, 48, 49, 86, 88, 4, 6, 0, 11, 19]|[0, 2, 1, 2, 0, 2, 0, 2, 0, 1, 2, 2, 2, 1, 0, 2, 1, 2, 0, 0, 1, 0, 1, 0, 1, 1, 1, 1, 1, 0, 0, 1, 1, 2, 1, 2, 2, 1, 0, 1, 1, 0, 1, 1, 0, 0, 0, 1, 0, 1, 2, 1, 1, 2, 0, 2, 1, 1, 1, 1, 0, 0, 0, 2, 2, 2, 1, 2, 1, 1, 2, 1, 2, 1, 1, 0, 0, 2, 0, 0, 0, 1, 1, 2, 0, 0, 1, 2, 0, 0, 1, 2, 1, 1, 1, 1, 1, 0, 2, 2]|[1, 2, 2, 0, 1, 0, 1, 2, 2, 4, 0, 1, 2, 4, 1, 0, 1, 1, 2, 2, 4, 1, 1, 1, 3, 2, 2, 4, 3, 1, 2, 2, 0, 0, 2, 0, 2, 1, 1, 1, 4, 2, 2, 4, 1, 0, 0, 1, 2, 1, 2, 2, 4, 1, 2, 1, 2, 3, 3, 4, 1, 1, 2, 0, 1, 1, 2, 2, 1, 0, 2, 3, 2, 4, 1, 1, 1, 2, 2, 2, 0, 4, 1, 1, 0, 0, 3, 1, 2, 1, 1, 2, 3, 2, 1, 2, 4, 0, 0, 2]|[1, 0, 2, 0, 1, 0, 0, 0, 0, 0, 0, 0, 1, 0, 0, 1, 1, 0, 0, 0, 1, 0, 3, 1, 2, 3, 2, 3, 0, 1, 0, 2, 1, 0, 3, 0, 0, 1, 1, 1, 3, 0, 1, 3, 0, 0, 1, 2, 0, 3, 0, 1, 3, 1, 0, 1, 2, 0, 2, 2, 0, 0, 1, 0, 0, 0, 1, 0, 0, 3, 0, 0, 0, 2, 1, 0, 0, 0, 1, 0, 1, 3, 1, 0, 0, 0, 2, 1, 1, 0, 1, 0, 2, 1, 0, 3, 1, 1, 0, 1],910.5386876752216,61882.27459717293,133068.24235042118,true
1,G4_BALANCED,G4_BALANCED,[45, 1, 62, 78, 41, 39, 32, 87, 75, 12, 40, 99, 24, 38, 79, 30, 17, 91, 18, 83, 90, 35, 43, 97, 63, 76, 10, 54, 21, 31, 71, 13, 73, 51, 28, 56, 92, 89, 69, 9, 46, 27, 81, 70, 82, 42, 74, 7, 3, 84, 5, 59, 26, 94, 85, 2, 47, 29, 96, 36, 93, 98, 68, 66, 50, 44, 72, 67, 37, 58, 15, 61, 20, 8, 23, 80, 25, 60, 53, 77, 57, 65, 34, 14, 95, 16, 22, 33, 55, 64, 52, 48, 49, 86, 88, 4, 6, 0, 11, 19]|[0, 2, 1, 2, 0, 2, 0, 2, 0, 1, 2, 2, 2, 1, 0, 2, 1, 2, 0, 0, 1, 0, 1, 0, 1, 1, 1, 1, 1, 0, 0, 1, 1, 2, 1, 2, 2, 1, 0, 1, 1, 0, 1, 1, 0, 0, 0, 1, 0, 1, 2, 1, 1, 2, 0, 2, 1, 1, 1, 1, 0, 0, 0, 2, 2, 2, 1, 2, 1, 1, 2, 1, 2, 1, 1, 0, 0, 2, 0, 0, 0, 1, 1, 2, 0, 0, 1, 2, 0, 0, 1, 2, 1, 1, 1, 1, 1, 0, 2, 2]|[1, 2, 2, 0, 1, 0, 1, 2, 2, 4, 0, 1, 2, 4, 1, 0, 1, 1, 2, 2, 4, 1, 1, 1, 3, 2, 2, 4, 3, 1, 2, 2, 0, 0, 2, 0, 2, 1, 1, 1, 4, 2, 2, 4, 1, 0, 0, 1, 2, 1, 2, 2, 4, 1, 2, 1, 2, 3, 3, 4, 1, 1, 2, 0, 1, 1, 2, 2, 1, 0, 2, 3, 2, 4, 1, 1, 1, 2, 2, 2, 0, 4, 1, 1, 0, 0, 3, 1, 2, 1, 1, 2, 3, 2, 1, 2, 4, 0, 0, 2]|[1, 0, 2, 0, 1, 0, 0, 0, 0, 0, 0, 0, 1, 0, 0, 1, 1, 0, 0, 0, 1, 0, 3, 1, 2, 3, 2, 3, 0, 1, 0, 2, 1, 0, 3, 0, 0, 1, 1, 1, 3, 0, 1, 3, 0, 0, 1, 2, 0, 3, 0, 1, 3, 1, 0, 1, 2, 0, 2, 2, 0, 0, 1, 0, 0, 0, 1, 0, 0, 3, 0, 0, 0, 2, 1, 0, 0, 0, 1, 0, 1, 3, 1, 0, 0, 0, 2, 1, 1, 0, 1, 0, 2, 1, 0, 3, 1, 1, 0, 1],910.5386876752216,61882.27459717293,133068.24235042118,false
1,G2_TEC,G2_TEC,[45, 1, 62, 78, 41, 39, 32, 87, 75, 12, 40, 99, 24, 38, 79, 30, 85, 63, 18, 44, 20, 49, 36, 14, 48, 50, 53, 17, 59, 51, 83, 96, 9, 71, 81, 56, 8, 54, 69, 43, 6, 57, 47, 88, 65, 22, 76, 15, 67, 68, 46, 97, 60, 58, 19, 95, 26, 35, 27, 2, 25, 90, 74, 21, 82, 73, 72, 28, 94, 3, 33, 77, 93, 91, 52, 70, 29, 89, 7, 0, 10, 80, 31, 42, 4, 66, 84, 86, 23, 34, 37, 55, 61, 98, 16, 11, 64, 13, 92, 5]|[2, 2, 1, 0, 2, 1, 0, 0, 2, 0, 2, 1, 1, 1, 1, 2, 0, 0, 0, 2, 2, 2, 1, 2, 1, 1, 0, 1, 1, 2, 1, 0, 1, 1, 1, 0, 2, 0, 0, 2, 0, 0, 2, 2, 1, 0, 1, 2, 0, 0, 2, 2, 2, 0, 2, 0, 0, 1, 0, 0, 1, 2, 0, 0, 0, 1, 0, 1, 1, 1, 2, 0, 2, 0, 1, 1, 1, 2, 1, 0, 2, 0, 1, 0, 1, 2, 0, 1, 1, 1, 1, 1, 1, 1, 1, 2, 2, 1, 0, 1]|[0, 2, 4, 1, 0, 3, 2, 0, 1, 2, 0, 3, 2, 2, 1, 0, 1, 0, 1, 1, 1, 0, 3, 1, 1, 2, 2, 4, 1, 0, 3, 2, 4, 4, 4, 0, 1, 1, 0, 2, 2, 2, 0, 1, 4, 2, 3, 2, 1, 1, 1, 1, 0, 1, 2, 2, 1, 4, 2, 1, 4, 2, 1, 1, 2, 4, 1, 2, 3, 3, 0, 0, 1, 1, 2, 1, 4, 0, 1, 0, 2, 1, 3, 0, 3, 0, 2, 4, 4, 1, 1, 4, 0, 3, 3, 0, 2, 4, 0, 3]|[0, 0, 1, 1, 0, 3, 0, 0, 0, 0, 0, 0, 1, 1, 3, 1, 0, 0, 0, 0, 0, 0, 2, 0, 1, 1, 1, 3, 0, 0, 0, 0, 2, 3, 2, 1, 0, 0, 1, 0, 1, 0, 0, 1, 3, 0, 1, 0, 0, 0, 0, 0, 1, 0, 1, 0, 1, 0, 0, 0, 3, 0, 1, 0, 0, 0, 0, 1, 3, 0, 0, 1, 1, 0, 1, 3, 0, 1, 2, 1, 0, 1, 3, 0, 0, 0, 0, 1, 0, 1, 0, 3, 3, 2, 2, 0, 0, 0, 1, 0],961.130426190569,59167.54413791103,137377.57692171252,false
1,G3_TWC,G2_TEC,[45, 1, 62, 78, 41, 39, 32, 87, 75, 12, 40, 99, 24, 38, 79, 30, 85, 63, 18, 44, 20, 49, 36, 14, 48, 76, 10, 54, 21, 31, 71, 64, 3, 23, 17, 83, 93, 26, 60, 52, 65, 27, 90, 70, 9, 42, 74, 69, 5, 68, 46, 22, 15, 58, 97, 59, 28, 8, 73, 37, 35, 86, 11, 66, 94, 84, 72, 92, 50, 34, 80, 61, 47, 67, 96, 29, 98, 82, 56, 81, 57, 0, 2, 25, 43, 6, 89, 53, 13, 77, 33, 55, 7, 91, 88, 4, 51, 95, 16, 19]|[0, 2, 0, 0, 2, 2, 1, 2, 2, 1, 2, 2, 2, 1, 1, 0, 0, 1, 0, 0, 2, 2, 1, 2, 2, 1, 0, 2, 1, 0, 0, 0, 0, 1, 1, 0, 0, 1, 1, 1, 0, 0, 1, 1, 1, 2, 0, 2, 1, 0, 2, 1, 2, 0, 2, 1, 2, 0, 1, 1, 1, 1, 2, 2, 2, 0, 2, 2, 1, 1, 0, 1, 1, 0, 0, 1, 0, 0, 0, 2, 2, 0, 2, 1, 1, 1, 1, 0, 1, 1, 2, 2, 2, 0, 1, 1, 0, 0, 1, 2]|[1, 1, 2, 1, 0, 1, 3, 2, 2, 4, 0, 1, 1, 4, 4, 1, 1, 3, 2, 0, 2, 0, 4, 1, 0, 3, 2, 1, 3, 1, 2, 1, 2, 1, 4, 1, 1, 4, 0, 1, 2, 1, 4, 4, 0, 2, 1, 2, 3, 1, 1, 3, 0, 1, 1, 3, 0, 2, 4, 3, 1, 4, 0, 0, 0, 2, 2, 2, 4, 2, 1, 3, 2, 1, 2, 3, 2, 1, 0, 2, 2, 0, 1, 4, 1, 4, 1, 2, 4, 1, 1, 1, 1, 1, 1, 3, 0, 0, 4, 2]|[1, 1, 0, 1, 0, 0, 0, 0, 1, 0, 0, 0, 1, 0, 1, 0, 0, 2, 1, 1, 0, 0, 0, 0, 0, 1, 1, 0, 0, 1, 0, 0, 0, 1, 3, 0, 0, 3, 0, 1, 0, 0, 1, 3, 1, 0, 1, 0, 2, 0, 0, 2, 1, 0, 1, 0, 0, 0, 2, 1, 2, 1, 0, 0, 0, 0, 0, 0, 2, 3, 0, 0, 2, 0, 0, 0, 0, 0, 1, 1, 0, 1, 1, 3, 3, 2, 1, 1, 0, 1, 1, 0, 0, 0, 0, 0, 0, 0, 1, 1],1026.5875980264905,58863.22337776773,133968.35011510988,true
1,G1_CMAX,G2_TEC,[45, 1, 62, 78, 41, 39, 32, 87, 75, 12, 40, 99, 24, 38, 79, 30, 17, 91, 18, 83, 90, 35, 43, 97, 63, 76, 10, 54, 21, 31, 44, 13, 73, 51, 81, 56, 14, 85, 69, 9, 22, 27, 20, 70, 49, 42, 74, 15, 5, 68, 46, 77, 60, 58, 19, 96, 26, 59, 57, 64, 6, 50, 47, 37, 82, 53, 72, 28, 94, 4, 33, 8, 93, 95, 52, 88, 29, 89, 55, 0, 2, 80, 65, 25, 3, 66, 84, 86, 23, 34, 71, 7, 61, 98, 16, 11, 36, 48, 92, 67]|[1, 1, 1, 2, 2, 2, 0, 0, 2, 2, 2, 2, 1, 1, 0, 2, 0, 2, 0, 0, 1, 2, 2, 2, 2, 0, 2, 2, 1, 0, 0, 1, 1, 0, 0, 2, 2, 0, 2, 1, 2, 0, 2, 1, 1, 0, 0, 2, 1, 0, 2, 2, 1, 0, 2, 0, 1, 1, 0, 0, 0, 1, 1, 1, 0, 0, 1, 1, 1, 1, 0, 1, 2, 0, 0, 2, 1, 1, 1, 0, 2, 0, 1, 1, 1, 2, 0, 1, 1, 0, 0, 1, 1, 0, 1, 2, 1, 2, 2, 1]|[3, 0, 2, 0, 0, 0, 0, 0, 2, 2, 1, 1, 1, 4, 1, 0, 1, 1, 1, 2, 4, 0, 2, 1, 2, 2, 1, 1, 1, 1, 0, 2, 4, 0, 1, 0, 1, 1, 2, 1, 1, 2, 2, 1, 3, 2, 0, 2, 3, 2, 1, 1, 1, 1, 2, 0, 4, 2, 1, 1, 2, 4, 2, 1, 1, 2, 2, 2, 4, 3, 1, 4, 1, 0, 2, 1, 3, 1, 2, 0, 1, 1, 4, 4, 3, 0, 1, 4, 4, 0, 0, 1, 0, 2, 4, 0, 3, 2, 2, 0]|[3, 1, 2, 0, 0, 0, 0, 0, 1, 0, 1, 0, 2, 0, 1, 1, 0, 0, 0, 0, 1, 0, 0, 1, 1, 1, 0, 0, 0, 1, 1, 2, 0, 0, 1, 0, 1, 0, 0, 1, 1, 0, 0, 3, 2, 0, 1, 0, 2, 1, 0, 0, 1, 0, 1, 0, 3, 1, 1, 0, 1, 2, 2, 0, 0, 1, 1, 1, 2, 0, 0, 2, 1, 0, 0, 1, 0, 1, 1, 1, 1, 0, 3, 3, 3, 0, 0, 1, 0, 0, 1, 2, 3, 0, 0, 0, 2, 0, 0, 0],945.9065922875762,61087.12750041713,126543.65138075766,true
1,G4_BALANCED,G4_BALANCED,[45, 1, 62, 78, 41, 39, 32, 87, 75, 12, 40, 99, 24, 38, 79, 30, 17, 91, 18, 83, 90, 35, 43, 97, 63, 76, 10, 54, 21, 31, 71, 13, 73, 51, 28, 56, 92, 89, 69, 9, 46, 27, 81, 70, 82, 42, 74, 7, 3, 84, 5, 59, 26, 94, 85, 2, 47, 29, 96, 36, 93, 98, 68, 66, 50, 44, 72, 67, 37, 58, 15, 61, 20, 8, 23, 80, 25, 60, 53, 77, 57, 65, 34, 14, 95, 16, 22, 33, 55, 64, 52, 48, 49, 86, 88, 4, 6, 0, 11, 19]|[0, 2, 1, 2, 0, 2, 0, 2, 0, 1, 2, 2, 2, 1, 0, 2, 1, 2, 0, 0, 1, 0, 1, 0, 1, 1, 1, 1, 1, 0, 0, 1, 1, 2, 1, 2, 2, 1, 0, 1, 1, 0, 1, 1, 0, 0, 0, 1, 0, 1, 2, 1, 1, 2, 0, 2, 1, 1, 1, 1, 0, 0, 0, 2, 2, 2, 1, 2, 1, 1, 2, 1, 2, 1, 1, 0, 0, 2, 0, 0, 0, 1, 1, 2, 0, 0, 1, 2, 0, 0, 1, 2, 1, 1, 1, 1, 1, 0, 2, 2]|[1, 2, 2, 0, 1, 0, 1, 2, 2, 4, 0, 1, 2, 4, 1, 0, 1, 1, 2, 2, 4, 1, 1, 1, 3, 2, 2, 4, 3, 1, 2, 2, 0, 0, 2, 0, 2, 1, 1, 1, 4, 2, 2, 4, 1, 0, 0, 1, 2, 1, 2, 2, 4, 1, 2, 1, 2, 3, 3, 4, 1, 1, 2, 0, 1, 1, 2, 2, 1, 0, 2, 3, 2, 4, 1, 1, 1, 2, 2, 2, 0, 4, 1, 1, 0, 0, 3, 1, 2, 1, 1, 2, 3, 2, 1, 2, 4, 0, 0, 2]|[1, 0, 2, 0, 1, 0, 0, 0, 0, 0, 0, 0, 1, 0, 0, 1, 1, 0, 0, 0, 1, 0, 3, 1, 2, 3, 2, 3, 0, 1, 0, 2, 1, 0, 3, 0, 0, 1, 1, 1, 3, 0, 1, 3, 0, 0, 1, 2, 0, 3, 0, 1, 3, 1, 0, 1, 2, 0, 2, 2, 0, 0, 1, 0, 0, 0, 1, 0, 0, 3, 0, 0, 0, 2, 1, 0, 0, 0, 1, 0, 1, 3, 1, 0, 0, 0, 2, 1, 1, 0, 1, 0, 2, 1, 0, 3, 1, 1, 0, 1],910.5386876752216,61882.27459717293,133068.24235042118,false
1,G2_TEC,G2_TEC,[45, 1, 62, 78, 41, 39, 32, 87, 75, 12, 40, 99, 24, 38, 79, 30, 85, 63, 18, 44, 20, 49, 36, 14, 48, 76, 10, 54, 21, 31, 71, 64, 3, 23, 17, 83, 93, 26, 60, 52, 65, 27, 90, 70, 9, 42, 74, 69, 5, 68, 46, 22, 15, 58, 97, 59, 28, 8, 73, 37, 35, 86, 11, 66, 94, 84, 72, 92, 50, 34, 80, 61, 47, 67, 96, 29, 98, 82, 56, 81, 57, 0, 2, 25, 43, 6, 89, 53, 13, 77, 33, 55, 7, 91, 88, 4, 51, 95, 16, 19]|[0, 2, 0, 0, 2, 2, 1, 2, 2, 1, 2, 2, 2, 1, 1, 0, 0, 1, 0, 0, 2, 2, 1, 2, 2, 1, 0, 2, 1, 0, 0, 0, 0, 1, 1, 0, 0, 1, 1, 1, 0, 0, 1, 1, 1, 2, 0, 2, 1, 0, 2, 1, 2, 0, 2, 1, 2, 0, 1, 1, 1, 1, 2, 2, 2, 0, 2, 2, 1, 1, 0, 1, 1, 0, 0, 1, 0, 0, 0, 2, 2, 0, 2, 1, 1, 1, 1, 0, 1, 1, 2, 2, 2, 0, 1, 1, 0, 0, 1, 2]|[1, 1, 2, 1, 0, 1, 3, 2, 2, 4, 0, 1, 1, 4, 4, 1, 1, 3, 2, 0, 2, 0, 4, 1, 0, 3, 2, 1, 3, 1, 2, 1, 2, 1, 4, 1, 1, 4, 0, 1, 2, 1, 4, 4, 0, 2, 1, 2, 3, 1, 1, 3, 0, 1, 1, 3, 0, 2, 4, 3, 1, 4, 0, 0, 0, 2, 2, 2, 4, 2, 1, 3, 2, 1, 2, 3, 2, 1, 0, 2, 2, 0, 1, 4, 1, 4, 1, 2, 4, 1, 1, 1, 1, 1, 1, 3, 0, 0, 4, 2]|[1, 1, 0, 1, 0, 0, 0, 0, 1, 0, 0, 0, 1, 0, 1, 0, 0, 2, 1, 1, 0, 0, 0, 0, 0, 1, 1, 0, 0, 1, 0, 0, 0, 1, 3, 0, 0, 3, 0, 1, 0, 0, 1, 3, 1, 0, 1, 0, 2, 0, 0, 2, 1, 0, 1, 0, 0, 0, 2, 1, 2, 1, 0, 0, 0, 0, 0, 0, 2, 3, 0, 0, 2, 0, 0, 0, 0, 0, 1, 1, 0, 1, 1, 3, 3, 2, 1, 1, 0, 1, 1, 0, 0, 0, 0, 0, 0, 0, 1, 1],1026.5875980264905,58863.22337776773,133968.35011510988,false
1,G3_TWC,G4_BALANCED,[31, 22, 82, 15, 26, 9, 95, 42, 77, 4, 47, 5, 93, 78, 86, 54, 85, 63, 18, 44, 20, 49, 36, 14, 48, 50, 53, 17, 59, 35, 1, 96, 45, 71, 81, 56, 8, 30, 38, 43, 6, 57, 40, 88, 65, 83, 76, 69, 67, 68, 46, 75, 60, 58, 19, 32, 41, 51, 27, 62, 87, 90, 74, 21, 2, 73, 72, 28, 94, 3, 33, 97, 24, 91, 52, 70, 29, 89, 7, 0, 10, 80, 39, 25, 12, 66, 84, 79, 23, 34, 37, 55, 61, 98, 16, 11, 64, 13, 92, 99]|[1, 2, 1, 0, 2, 1, 0, 0, 1, 0, 2, 2, 1, 1, 1, 2, 0, 2, 0, 2, 2, 2, 1, 2, 1, 1, 0, 1, 1, 1, 1, 0, 1, 2, 1, 0, 2, 0, 0, 1, 0, 0, 2, 1, 1, 0, 1, 2, 0, 0, 2, 2, 1, 0, 2, 0, 0, 1, 0, 1, 2, 2, 0, 0, 0, 1, 0, 1, 2, 1, 2, 0, 0, 0, 1, 1, 1, 2, 1, 0, 2, 0, 2, 1, 1, 0, 0, 1, 1, 1, 2, 1, 1, 1, 1, 2, 2, 0, 0, 1]|[3, 1, 4, 1, 0, 3, 2, 0, 2, 0, 0, 1, 2, 2, 2, 0, 1, 2, 1, 1, 1, 0, 3, 1, 1, 2, 2, 4, 1, 3, 3, 2, 4, 0, 4, 0, 1, 1, 0, 1, 2, 2, 0, 1, 4, 2, 4, 2, 0, 1, 1, 1, 1, 1, 2, 1, 1, 4, 2, 2, 1, 2, 0, 1, 2, 4, 1, 2, 0, 3, 0, 0, 1, 1, 2, 1, 4, 0, 1, 0, 2, 1, 2, 4, 3, 2, 2, 4, 4, 1, 0, 4, 0, 3, 3, 0, 2, 2, 0, 3]|[3, 1, 1, 1, 0, 3, 0, 0, 0, 1, 0, 0, 1, 1, 0, 1, 0, 1, 0, 0, 0, 0, 2, 0, 1, 1, 1, 3, 0, 1, 0, 0, 2, 0, 2, 1, 0, 0, 1, 3, 1, 0, 0, 0, 3, 0, 2, 0, 1, 0, 0, 0, 1, 0, 1, 0, 1, 0, 0, 2, 1, 0, 1, 0, 0, 0, 0, 1, 0, 0, 0, 1, 0, 0, 1, 3, 0, 1, 2, 1, 0, 1, 1, 3, 0, 1, 0, 1, 0, 1, 0, 3, 3, 2, 2, 0, 0, 0, 1, 0],1048.5839291927466,59980.81877739722,126043.33445373269,true
1,G1_CMAX,G4_BALANCED,[45, 1, 62, 78, 41, 39, 32, 87, 75, 12, 40, 99, 24, 38, 79, 30, 17, 91, 18, 83, 90, 35, 43, 97, 63, 76, 10, 54, 21, 31, 71, 13, 73, 51, 28, 56, 92, 89, 69, 9, 46, 27, 81, 70, 82, 42, 74, 7, 3, 84, 5, 59, 26, 94, 85, 2, 47, 29, 96, 36, 93, 98, 68, 66, 50, 44, 72, 67, 37, 58, 15, 61, 20, 8, 23, 80, 25, 60, 53, 77, 57, 65, 34, 14, 95, 16, 22, 33, 55, 64, 52, 48, 49, 86, 88, 4, 6, 0, 11, 19]|[0, 2, 1, 2, 0, 2, 0, 2, 0, 1, 2, 2, 2, 1, 0, 2, 1, 2, 0, 0, 1, 0, 1, 0, 1, 1, 1, 1, 1, 0, 0, 1, 1, 2, 1, 2, 2, 1, 0, 1, 1, 0, 1, 1, 0, 0, 0, 1, 0, 1, 2, 1, 1, 2, 0, 2, 1, 1, 1, 1, 0, 0, 0, 2, 2, 2, 1, 2, 1, 1, 2, 1, 2, 1, 1, 0, 0, 2, 0, 0, 0, 1, 1, 2, 0, 0, 1, 2, 0, 0, 1, 2, 1, 1, 1, 1, 1, 0, 2, 2]|[1, 2, 2, 0, 1, 0, 1, 2, 2, 4, 0, 1, 2, 4, 1, 0, 1, 1, 2, 2, 4, 1, 1, 1, 3, 2, 2, 4, 3, 1, 2, 2, 0, 0, 2, 0, 2, 1, 1, 1, 4, 2, 2, 4, 1, 0, 0, 1, 2, 1, 2, 2, 4, 1, 2, 1, 2, 3, 3, 4, 1, 1, 2, 0, 1, 1, 2, 2, 1, 0, 2, 3, 2, 4, 1, 1, 1, 2, 2, 2, 0, 4, 1, 1, 0, 0, 3, 1, 2, 1, 1, 2, 3, 2, 1, 2, 4, 0, 0, 2]|[1, 0, 2, 0, 1, 0, 0, 0, 0, 0, 0, 0, 1, 0, 0, 1, 1, 0, 0, 0, 1, 0, 3, 1, 2, 3, 2, 3, 0, 1, 0, 2, 1, 0, 3, 0, 0, 1, 1, 1, 3, 0, 1, 3, 0, 0, 1, 2, 0, 3, 0, 1, 3, 1, 0, 1, 2, 0, 2, 2, 0, 0, 1, 0, 0, 0, 1, 0, 0, 3, 0, 0, 0, 2, 1, 0, 0, 0, 1, 0, 1, 3, 1, 0, 0, 0, 2, 1, 1, 0, 1, 0, 2, 1, 0, 3, 1, 1, 0, 1],910.5386876752216,61882.27459717293,133068.24235042118,true
1,G4_BALANCED,G4_BALANCED,[45, 1, 62, 78, 41, 39, 32, 87, 75, 12, 40, 99, 24, 38, 79, 30, 17, 91, 18, 83, 90, 35, 43, 97, 63, 76, 10, 54, 21, 31, 71, 13, 73, 51, 28, 56, 92, 89, 69, 9, 46, 27, 81, 70, 82, 42, 74, 7, 3, 84, 5, 59, 26, 94, 85, 2, 47, 29, 96, 36, 93, 98, 68, 66, 50, 44, 72, 67, 37, 58, 15, 61, 20, 8, 23, 80, 25, 60, 53, 77, 57, 65, 34, 14, 95, 16, 22, 33, 55, 64, 52, 48, 49, 86, 88, 4, 6, 0, 11, 19]|[0, 2, 1, 2, 0, 2, 0, 2, 0, 1, 2, 2, 2, 1, 0, 2, 1, 2, 0, 0, 1, 0, 1, 0, 1, 1, 1, 1, 1, 0, 0, 1, 1, 2, 1, 2, 2, 1, 0, 1, 1, 0, 1, 1, 0, 0, 0, 1, 0, 1, 2, 1, 1, 2, 0, 2, 1, 1, 1, 1, 0, 0, 0, 2, 2, 2, 1, 2, 1, 1, 2, 1, 2, 1, 1, 0, 0, 2, 0, 0, 0, 1, 1, 2, 0, 0, 1, 2, 0, 0, 1, 2, 1, 1, 1, 1, 1, 0, 2, 2]|[1, 2, 2, 0, 1, 0, 1, 2, 2, 4, 0, 1, 2, 4, 1, 0, 1, 1, 2, 2, 4, 1, 1, 1, 3, 2, 2, 4, 3, 1, 2, 2, 0, 0, 2, 0, 2, 1, 1, 1, 4, 2, 2, 4, 1, 0, 0, 1, 2, 1, 2, 2, 4, 1, 2, 1, 2, 3, 3, 4, 1, 1, 2, 0, 1, 1, 2, 2, 1, 0, 2, 3, 2, 4, 1, 1, 1, 2, 2, 2, 0, 4, 1, 1, 0, 0, 3, 1, 2, 1, 1, 2, 3, 2, 1, 2, 4, 0, 0, 2]|[1, 0, 2, 0, 1, 0, 0, 0, 0, 0, 0, 0, 1, 0, 0, 1, 1, 0, 0, 0, 1, 0, 3, 1, 2, 3, 2, 3, 0, 1, 0, 2, 1, 0, 3, 0, 0, 1, 1, 1, 3, 0, 1, 3, 0, 0, 1, 2, 0, 3, 0, 1, 3, 1, 0, 1, 2, 0, 2, 2, 0, 0, 1, 0, 0, 0, 1, 0, 0, 3, 0, 0, 0, 2, 1, 0, 0, 0, 1, 0, 1, 3, 1, 0, 0, 0, 2, 1, 1, 0, 1, 0, 2, 1, 0, 3, 1, 1, 0, 1],910.5386876752216,61882.27459717293,133068.24235042118,false
1,G2_TEC,G2_TEC,[45, 1, 62, 78, 41, 39, 32, 87, 75, 12, 40, 99, 24, 38, 79, 30, 85, 63, 18, 44, 20, 49, 36, 14, 48, 76, 10, 54, 21, 31, 71, 64, 3, 23, 17, 83, 93, 26, 60, 52, 65, 27, 90, 70, 9, 42, 74, 69, 5, 68, 46, 22, 15, 58, 97, 59, 28, 8, 73, 37, 35, 86, 11, 66, 94, 84, 72, 92, 50, 34, 80, 61, 47, 67, 96, 29, 98, 82, 56, 81, 57, 0, 2, 25, 43, 6, 89, 53, 13, 77, 33, 55, 7, 91, 88, 4, 51, 95, 16, 19]|[0, 2, 0, 0, 2, 2, 1, 2, 2, 1, 2, 2, 2, 1, 1, 0, 0, 1, 0, 0, 2, 2, 1, 2, 2, 1, 0, 2, 1, 0, 0, 0, 0, 1, 1, 0, 0, 1, 1, 1, 0, 0, 1, 1, 1, 2, 0, 2, 1, 0, 2, 1, 2, 0, 2, 1, 2, 0, 1, 1, 1, 1, 2, 2, 2, 0, 2, 2, 1, 1, 0, 1, 1, 0, 0, 1, 0, 0, 0, 2, 2, 0, 2, 1, 1, 1, 1, 0, 1, 1, 2, 2, 2, 0, 1, 1, 0, 0, 1, 2]|[1, 1, 2, 1, 0, 1, 3, 2, 2, 4, 0, 1, 1, 4, 4, 1, 1, 3, 2, 0, 2, 0, 4, 1, 0, 3, 2, 1, 3, 1, 2, 1, 2, 1, 4, 1, 1, 4, 0, 1, 2, 1, 4, 4, 0, 2, 1, 2, 3, 1, 1, 3, 0, 1, 1, 3, 0, 2, 4, 3, 1, 4, 0, 0, 0, 2, 2, 2, 4, 2, 1, 3, 2, 1, 2, 3, 2, 1, 0, 2, 2, 0, 1, 4, 1, 4, 1, 2, 4, 1, 1, 1, 1, 1, 1, 3, 0, 0, 4, 2]|[1, 1, 0, 1, 0, 0, 0, 0, 1, 0, 0, 0, 1, 0, 1, 0, 0, 2, 1, 1, 0, 0, 0, 0, 0, 1, 1, 0, 0, 1, 0, 0, 0, 1, 3, 0, 0, 3, 0, 1, 0, 0, 1, 3, 1, 0, 1, 0, 2, 0, 0, 2, 1, 0, 1, 0, 0, 0, 2, 1, 2, 1, 0, 0, 0, 0, 0, 0, 2, 3, 0, 0, 2, 0, 0, 0, 0, 0, 1, 1, 0, 1, 1, 3, 3, 2, 1, 1, 0, 1, 1, 0, 0, 0, 0, 0, 0, 0, 1, 1],1026.5875980264905,58863.22337776773,133968.35011510988,false
1,G3_TWC,G4_BALANCED,[31, 22, 82, 15, 26, 9, 95, 42, 77, 4, 47, 5, 93, 78, 86, 54, 85, 63, 18, 44, 20, 49, 36, 14, 48, 50, 53, 17, 59, 35, 1, 96, 45, 71, 81, 56, 8, 30, 38, 43, 6, 57, 40, 88, 65, 83, 76, 69, 67, 68, 46, 75, 60, 58, 19, 32, 41, 51, 27, 62, 87, 90, 74, 21, 2, 73, 72, 28, 94, 3, 33, 97, 24, 91, 52, 70, 29, 89, 7, 0, 10, 80, 39, 25, 12, 66, 84, 79, 23, 34, 37, 55, 61, 98, 16, 11, 64, 13, 92, 99]|[1, 2, 1, 0, 2, 1, 0, 0, 1, 0, 2, 2, 1, 1, 1, 2, 0, 2, 0, 2, 2, 2, 1, 2, 1, 1, 0, 1, 1, 1, 1, 0, 1, 2, 1, 0, 2, 0, 0, 1, 0, 0, 2, 1, 1, 0, 1, 2, 0, 0, 2, 2, 1, 0, 2, 0, 0, 1, 0, 1, 2, 2, 0, 0, 0, 1, 0, 1, 2, 1, 2, 0, 0, 0, 1, 1, 1, 2, 1, 0, 2, 0, 2, 1, 1, 0, 0, 1, 1, 1, 2, 1, 1, 1, 1, 2, 2, 0, 0, 1]|[3, 1, 4, 1, 0, 3, 2, 0, 2, 0, 0, 1, 2, 2, 2, 0, 1, 2, 1, 1, 1, 0, 3, 1, 1, 2, 2, 4, 1, 3, 3, 2, 4, 0, 4, 0, 1, 1, 0, 1, 2, 2, 0, 1, 4, 2, 4, 2, 0, 1, 1, 1, 1, 1, 2, 1, 1, 4, 2, 2, 1, 2, 0, 1, 2, 4, 1, 2, 0, 3, 0, 0, 1, 1, 2, 1, 4, 0, 1, 0, 2, 1, 2, 4, 3, 2, 2, 4, 4, 1, 0, 4, 0, 3, 3, 0, 2, 2, 0, 3]|[3, 1, 1, 1, 0, 3, 0, 0, 0, 1, 0, 0, 1, 1, 0, 1, 0, 1, 0, 0, 0, 0, 2, 0, 1, 1, 1, 3, 0, 1, 0, 0, 2, 0, 2, 1, 0, 0, 1, 3, 1, 0, 0, 0, 3, 0, 2, 0, 1, 0, 0, 0, 1, 0, 1, 0, 1, 0, 0, 2, 1, 0, 1, 0, 0, 0, 0, 1, 0, 0, 0, 1, 0, 0, 1, 3, 0, 1, 2, 1, 0, 1, 1, 3, 0, 1, 0, 1, 0, 1, 0, 3, 3, 2, 2, 0, 0, 0, 1, 0],1048.5839291927466,59980.81877739722,126043.33445373269,true
1,G1_CMAX,G4_BALANCED,[45, 1, 62, 78, 41, 39, 32, 87, 75, 12, 40, 99, 24, 38, 79, 30, 17, 91, 18, 83, 90, 35, 43, 97, 63, 76, 10, 54, 21, 31, 71, 13, 73, 51, 28, 56, 92, 89, 69, 9, 46, 27, 81, 70, 82, 42, 74, 7, 3, 84, 5, 59, 26, 94, 85, 2, 47, 29, 96, 36, 93, 98, 68, 66, 50, 44, 72, 67, 37, 58, 15, 61, 20, 8, 23, 80, 25, 60, 53, 77, 57, 65, 34, 14, 95, 16, 22, 33, 55, 64, 52, 48, 49, 86, 88, 4, 6, 0, 11, 19]|[0, 2, 1, 2, 0, 2, 0, 2, 0, 1, 2, 2, 2, 1, 0, 2, 1, 2, 0, 0, 1, 0, 1, 0, 1, 1, 1, 1, 1, 0, 0, 1, 1, 2, 1, 2, 2, 1, 0, 1, 1, 0, 1, 1, 0, 0, 0, 1, 0, 1, 2, 1, 1, 2, 0, 2, 1, 1, 1, 1, 0, 0, 0, 2, 2, 2, 1, 2, 1, 1, 2, 1, 2, 1, 1, 0, 0, 2, 0, 0, 0, 1, 1, 2, 0, 0, 1, 2, 0, 0, 1, 2, 1, 1, 1, 1, 1, 0, 2, 2]|[1, 2, 2, 0, 1, 0, 1, 2, 2, 4, 0, 1, 2, 4, 1, 0, 1, 1, 2, 2, 4, 1, 1, 1, 3, 2, 2, 4, 3, 1, 2, 2, 0, 0, 2, 0, 2, 1, 1, 1, 4, 2, 2, 4, 1, 0, 0, 1, 2, 1, 2, 2, 4, 1, 2, 1, 2, 3, 3, 4, 1, 1, 2, 0, 1, 1, 2, 2, 1, 0, 2, 3, 2, 4, 1, 1, 1, 2, 2, 2, 0, 4, 1, 1, 0, 0, 3, 1, 2, 1, 1, 2, 3, 2, 1, 2, 4, 0, 0, 2]|[1, 0, 2, 0, 1, 0, 0, 0, 0, 0, 0, 0, 1, 0, 0, 1, 1, 0, 0, 0, 1, 0, 3, 1, 2, 3, 2, 3, 0, 1, 0, 2, 1, 0, 3, 0, 0, 1, 1, 1, 3, 0, 1, 3, 0, 0, 1, 2, 0, 3, 0, 1, 3, 1, 0, 1, 2, 0, 2, 2, 0, 0, 1, 0, 0, 0, 1, 0, 0, 3, 0, 0, 0, 2, 1, 0, 0, 0, 1, 0, 1, 3, 1, 0, 0, 0, 2, 1, 1, 0, 1, 0, 2, 1, 0, 3, 1, 1, 0, 1],910.5386876752216,61882.27459717293,133068.24235042118,true
1,G4_BALANCED,G1_CMAX,[45, 1, 62, 78, 40, 10, 96, 42, 77, 4, 47, 46, 15, 24, 86, 54, 85, 63, 18, 44, 20, 49, 36, 14, 48, 50, 53, 12, 59, 35, 22, 95, 31, 71, 81, 56, 8, 30, 38, 9, 83, 27, 90, 70, 98, 87, 74, 69, 99, 68, 5, 75, 60, 94, 28, 2, 82, 29, 64, 34, 88, 16, 11, 66, 76, 73, 72, 93, 37, 6, 80, 61, 89, 92, 25, 97, 21, 41, 65, 7, 57, 55, 84, 19, 32, 58, 17, 52, 26, 51, 33, 91, 3, 79, 43, 23, 39, 0, 67, 13]|[0, 2, 2, 0, 2, 2, 0, 1, 0, 1, 1, 2, 1, 1, 0, 2, 0, 0, 0, 2, 1, 1, 0, 2, 2, 2, 0, 1, 1, 1, 0, 0, 1, 0, 1, 2, 2, 1, 0, 2, 0, 1, 0, 1, 0, 0, 0, 0, 1, 1, 1, 1, 2, 2, 1, 0, 1, 1, 2, 1, 1, 1, 2, 2, 1, 2, 2, 0, 1, 2, 0, 1, 1, 2, 1, 0, 0, 2, 1, 1, 0, 1, 1, 2, 0, 0, 0, 1, 1, 2, 2, 1, 0, 0, 1, 1, 0, 2, 2, 2]|[1, 2, 0, 1, 0, 1, 2, 4, 2, 4, 2, 1, 2, 2, 1, 1, 2, 0, 1, 1, 4, 3, 0, 1, 0, 1, 2, 1, 4, 0, 2, 2, 0, 0, 2, 0, 2, 4, 1, 1, 0, 2, 0, 1, 1, 0, 1, 1, 3, 1, 3, 2, 2, 1, 2, 2, 2, 3, 2, 1, 1, 3, 0, 1, 3, 1, 2, 1, 1, 2, 1, 3, 1, 2, 4, 2, 1, 2, 4, 1, 0, 2, 1, 0, 1, 1, 2, 2, 4, 0, 1, 2, 2, 1, 1, 4, 2, 2, 1, 2]|[1, 0, 0, 1, 0, 0, 0, 3, 0, 0, 2, 0, 1, 1, 1, 0, 0, 0, 0, 0, 1, 2, 0, 0, 0, 0, 1, 1, 0, 0, 0, 0, 1, 0, 3, 0, 0, 3, 1, 0, 1, 1, 1, 3, 0, 0, 1, 1, 0, 3, 2, 1, 0, 1, 1, 0, 2, 0, 0, 1, 0, 2, 0, 0, 1, 0, 0, 0, 0, 0, 1, 0, 1, 0, 3, 0, 0, 0, 3, 2, 1, 1, 3, 0, 0, 0, 0, 1, 3, 0, 1, 0, 0, 0, 3, 0, 1, 0, 1, 0],906.3049551239445,59557.08750385282,134101.4144076453,true
1,G2_TEC,G2_TEC,[45, 1, 62, 78, 41, 39, 32, 87, 75, 12, 40, 99, 24, 38, 79, 30, 85, 63, 18, 44, 20, 49, 36, 14, 48, 76, 10, 54, 21, 31, 71, 64, 3, 23, 17, 83, 93, 26, 60, 52, 65, 27, 90, 70, 9, 42, 74, 69, 5, 68, 46, 22, 15, 58, 97, 59, 28, 8, 73, 37, 35, 86, 11, 66, 94, 84, 72, 92, 50, 34, 80, 61, 47, 67, 96, 29, 98, 82, 56, 81, 57, 0, 2, 25, 43, 6, 89, 53, 13, 77, 33, 55, 7, 91, 88, 4, 51, 95, 16, 19]|[0, 2, 0, 0, 2, 2, 1, 2, 2, 1, 2, 2, 2, 1, 1, 0, 0, 1, 0, 0, 2, 2, 1, 2, 2, 1, 0, 2, 1, 0, 0, 0, 0, 1, 1, 0, 0, 1, 1, 1, 0, 0, 1, 1, 1, 2, 0, 2, 1, 0, 2, 1, 2, 0, 2, 1, 2, 0, 1, 1, 1, 1, 2, 2, 2, 0, 2, 2, 1, 1, 0, 1, 1, 0, 0, 1, 0, 0, 0, 2, 2, 0, 2, 1, 1, 1, 1, 0, 1, 1, 2, 2, 2, 0, 1, 1, 0, 0, 1, 2]|[1, 1, 2, 1, 0, 1, 3, 2, 2, 4, 0, 1, 1, 4, 4, 1, 1, 3, 2, 0, 2, 0, 4, 1, 0, 3, 2, 1, 3, 1, 2, 1, 2, 1, 4, 1, 1, 4, 0, 1, 2, 1, 4, 4, 0, 2, 1, 2, 3, 1, 1, 3, 0, 1, 1, 3, 0, 2, 4, 3, 1, 4, 0, 0, 0, 2, 2, 2, 4, 2, 1, 3, 2, 1, 2, 3, 2, 1, 0, 2, 2, 0, 1, 4, 1, 4, 1, 2, 4, 1, 1, 1, 1, 1, 1, 3, 0, 0, 4, 2]|[1, 1, 0, 1, 0, 0, 0, 0, 1, 0, 0, 0, 1, 0, 1, 0, 0, 2, 1, 1, 0, 0, 0, 0, 0, 1, 1, 0, 0, 1, 0, 0, 0, 1, 3, 0, 0, 3, 0, 1, 0, 0, 1, 3, 1, 0, 1, 0, 2, 0, 0, 2, 1, 0, 1, 0, 0, 0, 2, 1, 2, 1, 0, 0, 0, 0, 0, 0, 2, 3, 0, 0, 2, 0, 0, 0, 0, 0, 1, 1, 0, 1, 1, 3, 3, 2, 1, 1, 0, 1, 1, 0, 0, 0, 0, 0, 0, 0, 1, 1],1026.5875980264905,58863.22337776773,133968.35011510988,false
1,G3_TWC,G4_BALANCED,[31, 22, 82, 15, 26, 9, 95, 42, 77, 4, 47, 5, 93, 78, 86, 54, 85, 63, 18, 44, 20, 49, 36, 14, 48, 50, 53, 17, 59, 35, 1, 96, 45, 71, 81, 56, 8, 30, 38, 43, 6, 57, 40, 88, 65, 83, 76, 69, 67, 68, 46, 75, 60, 58, 19, 32, 41, 51, 27, 62, 87, 90, 74, 21, 2, 73, 72, 28, 94, 3, 33, 97, 24, 91, 52, 70, 29, 89, 7, 0, 10, 80, 39, 25, 12, 66, 84, 79, 23, 34, 37, 55, 61, 98, 16, 11, 64, 13, 92, 99]|[1, 2, 1, 0, 2, 1, 0, 0, 1, 0, 2, 2, 1, 1, 1, 2, 0, 2, 0, 2, 2, 2, 1, 2, 1, 1, 0, 1, 1, 1, 1, 0, 1, 2, 1, 0, 2, 0, 0, 1, 0, 0, 2, 1, 1, 0, 1, 2, 0, 0, 2, 2, 1, 0, 2, 0, 0, 1, 0, 1, 2, 2, 0, 0, 0, 1, 0, 1, 2, 1, 2, 0, 0, 0, 1, 1, 1, 2, 1, 0, 2, 0, 2, 1, 1, 0, 0, 1, 1, 1, 2, 1, 1, 1, 1, 2, 2, 0, 0, 1]|[3, 1, 4, 1, 0, 3, 2, 0, 2, 0, 0, 1, 2, 2, 2, 0, 1, 2, 1, 1, 1, 0, 3, 1, 1, 2, 2, 4, 1, 3, 3, 2, 4, 0, 4, 0, 1, 1, 0, 1, 2, 2, 0, 1, 4, 2, 4, 2, 0, 1, 1, 1, 1, 1, 2, 1, 1, 4, 2, 2, 1, 2, 0, 1, 2, 4, 1, 2, 0, 3, 0, 0, 1, 1, 2, 1, 4, 0, 1, 0, 2, 1, 2, 4, 3, 2, 2, 4, 4, 1, 0, 4, 0, 3, 3, 0, 2, 2, 0, 3]|[3, 1, 1, 1, 0, 3, 0, 0, 0, 1, 0, 0, 1, 1, 0, 1, 0, 1, 0, 0, 0, 0, 2, 0, 1, 1, 1, 3, 0, 1, 0, 0, 2, 0, 2, 1, 0, 0, 1, 3, 1, 0, 0, 0, 3, 0, 2, 0, 1, 0, 0, 0, 1, 0, 1, 0, 1, 0, 0, 2, 1, 0, 1, 0, 0, 0, 0, 1, 0, 0, 0, 1, 0, 0, 1, 3, 0, 1, 2, 1, 0, 1, 1, 3, 0, 1, 0, 1, 0, 1, 0, 3, 3, 2, 2, 0, 0, 0, 1, 0],1048.5839291927466,59980.81877739722,126043.33445373269,true
1,G1_CMAX,G4_BALANCED,[45, 1, 62, 78, 41, 39, 32, 87, 75, 12, 40, 99, 24, 38, 79, 30, 17, 91, 18, 83, 90, 35, 43, 97, 63, 76, 10, 54, 21, 31, 71, 13, 73, 51, 28, 56, 92, 89, 69, 9, 46, 27, 81, 70, 82, 42, 74, 7, 3, 84, 5, 59, 26, 94, 85, 2, 47, 29, 96, 36, 93, 98, 68, 66, 50, 44, 72, 67, 37, 58, 15, 61, 20, 8, 23, 80, 25, 60, 53, 77, 57, 65, 34, 14, 95, 16, 22, 33, 55, 64, 52, 48, 49, 86, 88, 4, 6, 0, 11, 19]|[0, 2, 1, 2, 0, 2, 0, 2, 0, 1, 2, 2, 2, 1, 0, 2, 1, 2, 0, 0, 1, 0, 1, 0, 1, 1, 1, 1, 1, 0, 0, 1, 1, 2, 1, 2, 2, 1, 0, 1, 1, 0, 1, 1, 0, 0, 0, 1, 0, 1, 2, 1, 1, 2, 0, 2, 1, 1, 1, 1, 0, 0, 0, 2, 2, 2, 1, 2, 1, 1, 2, 1, 2, 1, 1, 0, 0, 2, 0, 0, 0, 1, 1, 2, 0, 0, 1, 2, 0, 0, 1, 2, 1, 1, 1, 1, 1, 0, 2, 2]|[1, 2, 2, 0, 1, 0, 1, 2, 2, 4, 0, 1, 2, 4, 1, 0, 1, 1, 2, 2, 4, 1, 1, 1, 3, 2, 2, 4, 3, 1, 2, 2, 0, 0, 2, 0, 2, 1, 1, 1, 4, 2, 2, 4, 1, 0, 0, 1, 2, 1, 2, 2, 4, 1, 2, 1, 2, 3, 3, 4, 1, 1, 2, 0, 1, 1, 2, 2, 1, 0, 2, 3, 2, 4, 1, 1, 1, 2, 2, 2, 0, 4, 1, 1, 0, 0, 3, 1, 2, 1, 1, 2, 3, 2, 1, 2, 4, 0, 0, 2]|[1, 0, 2, 0, 1, 0, 0, 0, 0, 0, 0, 0, 1, 0, 0, 1, 1, 0, 0, 0, 1, 0, 3, 1, 2, 3, 2, 3, 0, 1, 0, 2, 1, 0, 3, 0, 0, 1, 1, 1, 3, 0, 1, 3, 0, 0, 1, 2, 0, 3, 0, 1, 3, 1, 0, 1, 2, 0, 2, 2, 0, 0, 1, 0, 0, 0, 1, 0, 0, 3, 0, 0, 0, 2, 1, 0, 0, 0, 1, 0, 1, 3, 1, 0, 0, 0, 2, 1, 1, 0, 1, 0, 2, 1, 0, 3, 1, 1, 0, 1],910.5386876752216,61882.27459717293,133068.24235042118,true
1,G4_BALANCED,G1_CMAX,[45, 1, 62, 78, 40, 10, 96, 42, 77, 4, 47, 46, 15, 24, 86, 54, 85, 63, 18, 44, 20, 49, 36, 14, 48, 50, 53, 12, 59, 35, 22, 95, 31, 71, 81, 56, 8, 30, 38, 9, 83, 27, 90, 70, 98, 87, 74, 69, 99, 68, 5, 75, 60, 94, 28, 2, 82, 29, 64, 34, 88, 16, 11, 66, 76, 73, 72, 93, 37, 6, 80, 61, 89, 92, 25, 97, 21, 41, 65, 7, 57, 55, 84, 19, 32, 58, 17, 52, 26, 51, 33, 91, 3, 79, 43, 23, 39, 0, 67, 13]|[0, 2, 2, 0, 2, 2, 0, 1, 0, 1, 1, 2, 1, 1, 0, 2, 0, 0, 0, 2, 1, 1, 0, 2, 2, 2, 0, 1, 1, 1, 0, 0, 1, 0, 1, 2, 2, 1, 0, 2, 0, 1, 0, 1, 0, 0, 0, 0, 1, 1, 1, 1, 2, 2, 1, 0, 1, 1, 2, 1, 1, 1, 2, 2, 1, 2, 2, 0, 1, 2, 0, 1, 1, 2, 1, 0, 0, 2, 1, 1, 0, 1, 1, 2, 0, 0, 0, 1, 1, 2, 2, 1, 0, 0, 1, 1, 0, 2, 2, 2]|[1, 2, 0, 1, 0, 1, 2, 4, 2, 4, 2, 1, 2, 2, 1, 1, 2, 0, 1, 1, 4, 3, 0, 1, 0, 1, 2, 1, 4, 0, 2, 2, 0, 0, 2, 0, 2, 4, 1, 1, 0, 2, 0, 1, 1, 0, 1, 1, 3, 1, 3, 2, 2, 1, 2, 2, 2, 3, 2, 1, 1, 3, 0, 1, 3, 1, 2, 1, 1, 2, 1, 3, 1, 2, 4, 2, 1, 2, 4, 1, 0, 2, 1, 0, 1, 1, 2, 2, 4, 0, 1, 2, 2, 1, 1, 4, 2, 2, 1, 2]|[1, 0, 0, 1, 0, 0, 0, 3, 0, 0, 2, 0, 1, 1, 1, 0, 0, 0, 0, 0, 1, 2, 0, 0, 0, 0, 1, 1, 0, 0, 0, 0, 1, 0, 3, 0, 0, 3, 1, 0, 1, 1, 1, 3, 0, 0, 1, 1, 0, 3, 2, 1, 0, 1, 1, 0, 2, 0, 0, 1, 0, 2, 0, 0, 1, 0, 0, 0, 0, 0, 1, 0, 1, 0, 3, 0, 0, 0, 3, 2, 1, 1, 3, 0, 0, 0, 0, 1, 3, 0, 1, 0, 0, 0, 3, 0, 1, 0, 1, 0],906.3049551239445,59557.08750385282,134101.4144076453,true
1,G2_TEC,G2_TEC,[45, 1, 62, 78, 41, 39, 32, 87, 75, 12, 40, 99, 24, 38, 79, 30, 85, 63, 18, 44, 20, 49, 36, 14, 48, 76, 10, 54, 21, 31, 71, 64, 3, 23, 17, 83, 93, 26, 60, 52, 65, 27, 90, 70, 9, 42, 74, 69, 5, 68, 46, 22, 15, 58, 97, 59, 28, 8, 73, 37, 35, 86, 11, 66, 94, 84, 72, 92, 50, 34, 80, 61, 47, 67, 96, 29, 98, 82, 56, 81, 57, 0, 2, 25, 43, 6, 89, 53, 13, 77, 33, 55, 7, 91, 88, 4, 51, 95, 16, 19]|[0, 2, 0, 0, 2, 2, 1, 2, 2, 1, 2, 2, 2, 1, 1, 0, 0, 1, 0, 0, 2, 2, 1, 2, 2, 1, 0, 2, 1, 0, 0, 0, 0, 1, 1, 0, 0, 1, 1, 1, 0, 0, 1, 1, 1, 2, 0, 2, 1, 0, 2, 1, 2, 0, 2, 1, 2, 0, 1, 1, 1, 1, 2, 2, 2, 0, 2, 2, 1, 1, 0, 1, 1, 0, 0, 1, 0, 0, 0, 2, 2, 0, 2, 1, 1, 1, 1, 0, 1, 1, 2, 2, 2, 0, 1, 1, 0, 0, 1, 2]|[1, 1, 2, 1, 0, 1, 3, 2, 2, 4, 0, 1, 1, 4, 4, 1, 1, 3, 2, 0, 2, 0, 4, 1, 0, 3, 2, 1, 3, 1, 2, 1, 2, 1, 4, 1, 1, 4, 0, 1, 2, 1, 4, 4, 0, 2, 1, 2, 3, 1, 1, 3, 0, 1, 1, 3, 0, 2, 4, 3, 1, 4, 0, 0, 0, 2, 2, 2, 4, 2, 1, 3, 2, 1, 2, 3, 2, 1, 0, 2, 2, 0, 1, 4, 1, 4, 1, 2, 4, 1, 1, 1, 1, 1, 1, 3, 0, 0, 4, 2]|[1, 1, 0, 1, 0, 0, 0, 0, 1, 0, 0, 0, 1, 0, 1, 0, 0, 2, 1, 1, 0, 0, 0, 0, 0, 1, 1, 0, 0, 1, 0, 0, 0, 1, 3, 0, 0, 3, 0, 1, 0, 0, 1, 3, 1, 0, 1, 0, 2, 0, 0, 2, 1, 0, 1, 0, 0, 0, 2, 1, 2, 1, 0, 0, 0, 0, 0, 0, 2, 3, 0, 0, 2, 0, 0, 0, 0, 0, 1, 1, 0, 1, 1, 3, 3, 2, 1, 1, 0, 1, 1, 0, 0, 0, 0, 0, 0, 0, 1, 1],1026.5875980264905,58863.22337776773,133968.35011510988,false
1,G3_TWC,G4_BALANCED,[31, 22, 82, 15, 26, 9, 95, 42, 77, 4, 47, 5, 93, 78, 86, 54, 85, 63, 18, 44, 20, 49, 36, 14, 48, 50, 53, 17, 59, 35, 1, 96, 45, 71, 81, 56, 8, 30, 38, 43, 6, 57, 40, 88, 65, 83, 76, 69, 67, 68, 46, 75, 60, 58, 19, 32, 41, 51, 27, 62, 87, 90, 74, 21, 2, 73, 72, 28, 94, 3, 33, 97, 24, 91, 52, 70, 29, 89, 7, 0, 10, 80, 39, 25, 12, 66, 84, 79, 23, 34, 37, 55, 61, 98, 16, 11, 64, 13, 92, 99]|[1, 2, 1, 0, 2, 1, 0, 0, 1, 0, 2, 2, 1, 1, 1, 2, 0, 2, 0, 2, 2, 2, 1, 2, 1, 1, 0, 1, 1, 1, 1, 0, 1, 2, 1, 0, 2, 0, 0, 1, 0, 0, 2, 1, 1, 0, 1, 2, 0, 0, 2, 2, 1, 0, 2, 0, 0, 1, 0, 1, 2, 2, 0, 0, 0, 1, 0, 1, 2, 1, 2, 0, 0, 0, 1, 1, 1, 2, 1, 0, 2, 0, 2, 1, 1, 0, 0, 1, 1, 1, 2, 1, 1, 1, 1, 2, 2, 0, 0, 1]|[3, 1, 4, 1, 0, 3, 2, 0, 2, 0, 0, 1, 2, 2, 2, 0, 1, 2, 1, 1, 1, 0, 3, 1, 1, 2, 2, 4, 1, 3, 3, 2, 4, 0, 4, 0, 1, 1, 0, 1, 2, 2, 0, 1, 4, 2, 4, 2, 0, 1, 1, 1, 1, 1, 2, 1, 1, 4, 2, 2, 1, 2, 0, 1, 2, 4, 1, 2, 0, 3, 0, 0, 1, 1, 2, 1, 4, 0, 1, 0, 2, 1, 2, 4, 3, 2, 2, 4, 4, 1, 0, 4, 0, 3, 3, 0, 2, 2, 0, 3]|[3, 1, 1, 1, 0, 3, 0, 0, 0, 1, 0, 0, 1, 1, 0, 1, 0, 1, 0, 0, 0, 0, 2, 0, 1, 1, 1, 3, 0, 1, 0, 0, 2, 0, 2, 1, 0, 0, 1, 3, 1, 0, 0, 0, 3, 0, 2, 0, 1, 0, 0, 0, 1, 0, 1, 0, 1, 0, 0, 2, 1, 0, 1, 0, 0, 0, 0, 1, 0, 0, 0, 1, 0, 0, 1, 3, 0, 1, 2, 1, 0, 1, 1, 3, 0, 1, 0, 1, 0, 1, 0, 3, 3, 2, 2, 0, 0, 0, 1, 0],1048.5839291927466,59980.81877739722,126043.33445373269,true
1,G1_CMAX,G4_BALANCED,[45, 1, 62, 78, 41, 39, 32, 87, 75, 12, 40, 99, 24, 38, 79, 30, 17, 91, 18, 83, 90, 35, 43, 97, 63, 76, 10, 54, 21, 31, 71, 13, 73, 51, 28, 56, 92, 89, 69, 9, 46, 27, 81, 70, 82, 42, 74, 7, 3, 84, 5, 59, 26, 94, 85, 2, 47, 29, 96, 36, 93, 98, 68, 66, 50, 44, 72, 67, 37, 58, 15, 61, 20, 8, 23, 80, 25, 60, 53, 77, 57, 65, 34, 14, 95, 16, 22, 33, 55, 64, 52, 48, 49, 86, 88, 4, 6, 0, 11, 19]|[0, 2, 1, 2, 0, 2, 0, 2, 0, 1, 2, 2, 2, 1, 0, 2, 1, 2, 0, 0, 1, 0, 1, 0, 1, 1, 1, 1, 1, 0, 0, 1, 1, 2, 1, 2, 2, 1, 0, 1, 1, 0, 1, 1, 0, 0, 0, 1, 0, 1, 2, 1, 1, 2, 0, 2, 1, 1, 1, 1, 0, 0, 0, 2, 2, 2, 1, 2, 1, 1, 2, 1, 2, 1, 1, 0, 0, 2, 0, 0, 0, 1, 1, 2, 0, 0, 1, 2, 0, 0, 1, 2, 1, 1, 1, 1, 1, 0, 2, 2]|[1, 2, 2, 0, 1, 0, 1, 2, 2, 4, 0, 1, 2, 4, 1, 0, 1, 1, 2, 2, 4, 1, 1, 1, 3, 2, 2, 4, 3, 1, 2, 2, 0, 0, 2, 0, 2, 1, 1, 1, 4, 2, 2, 4, 1, 0, 0, 1, 2, 1, 2, 2, 4, 1, 2, 1, 2, 3, 3, 4, 1, 1, 2, 0, 1, 1, 2, 2, 1, 0, 2, 3, 2, 4, 1, 1, 1, 2, 2, 2, 0, 4, 1, 1, 0, 0, 3, 1, 2, 1, 1, 2, 3, 2, 1, 2, 4, 0, 0, 2]|[1, 0, 2, 0, 1, 0, 0, 0, 0, 0, 0, 0, 1, 0, 0, 1, 1, 0, 0, 0, 1, 0, 3, 1, 2, 3, 2, 3, 0, 1, 0, 2, 1, 0, 3, 0, 0, 1, 1, 1, 3, 0, 1, 3, 0, 0, 1, 2, 0, 3, 0, 1, 3, 1, 0, 1, 2, 0, 2, 2, 0, 0, 1, 0, 0, 0, 1, 0, 0, 3, 0, 0, 0, 2, 1, 0, 0, 0, 1, 0, 1, 3, 1, 0, 0, 0, 2, 1, 1, 0, 1, 0, 2, 1, 0, 3, 1, 1, 0, 1],910.5386876752216,61882.27459717293,133068.24235042118,true
1,G4_BALANCED,G1_CMAX,[45, 1, 62, 78, 40, 10, 96, 42, 77, 4, 47, 46, 15, 24, 86, 54, 85, 63, 18, 44, 20, 49, 36, 14, 48, 50, 53, 12, 59, 35, 22, 95, 31, 71, 81, 56, 8, 30, 38, 9, 83, 27, 90, 70, 98, 87, 74, 69, 99, 68, 5, 75, 60, 94, 28, 2, 82, 29, 64, 34, 88, 16, 11, 66, 76, 73, 72, 93, 37, 6, 80, 61, 89, 92, 25, 97, 21, 41, 65, 7, 57, 55, 84, 19, 32, 58, 17, 52, 26, 51, 33, 91, 3, 79, 43, 23, 39, 0, 67, 13]|[0, 2, 2, 0, 2, 2, 0, 1, 0, 1, 1, 2, 1, 1, 0, 2, 0, 0, 0, 2, 1, 1, 0, 2, 2, 2, 0, 1, 1, 1, 0, 0, 1, 0, 1, 2, 2, 1, 0, 2, 0, 1, 0, 1, 0, 0, 0, 0, 1, 1, 1, 1, 2, 2, 1, 0, 1, 1, 2, 1, 1, 1, 2, 2, 1, 2, 2, 0, 1, 2, 0, 1, 1, 2, 1, 0, 0, 2, 1, 1, 0, 1, 1, 2, 0, 0, 0, 1, 1, 2, 2, 1, 0, 0, 1, 1, 0, 2, 2, 2]|[1, 2, 0, 1, 0, 1, 2, 4, 2, 4, 2, 1, 2, 2, 1, 1, 2, 0, 1, 1, 4, 3, 0, 1, 0, 1, 2, 1, 4, 0, 2, 2, 0, 0, 2, 0, 2, 4, 1, 1, 0, 2, 0, 1, 1, 0, 1, 1, 3, 1, 3, 2, 2, 1, 2, 2, 2, 3, 2, 1, 1, 3, 0, 1, 3, 1, 2, 1, 1, 2, 1, 3, 1, 2, 4, 2, 1, 2, 4, 1, 0, 2, 1, 0, 1, 1, 2, 2, 4, 0, 1, 2, 2, 1, 1, 4, 2, 2, 1, 2]|[1, 0, 0, 1, 0, 0, 0, 3, 0, 0, 2, 0, 1, 1, 1, 0, 0, 0, 0, 0, 1, 2, 0, 0, 0, 0, 1, 1, 0, 0, 0, 0, 1, 0, 3, 0, 0, 3, 1, 0, 1, 1, 1, 3, 0, 0, 1, 1, 0, 3, 2, 1, 0, 1, 1, 0, 2, 0, 0, 1, 0, 2, 0, 0, 1, 0, 0, 0, 0, 0, 1, 0, 1, 0, 3, 0, 0, 0, 3, 2, 1, 1, 3, 0, 0, 0, 0, 1, 3, 0, 1, 0, 0, 0, 3, 0, 1, 0, 1, 0],906.3049551239445,59557.08750385282,134101.4144076453,true
1,G2_TEC,G2_TEC,[45, 1, 62, 78, 41, 39, 32, 87, 75, 12, 40, 99, 24, 38, 79, 30, 85, 63, 18, 44, 20, 49, 36, 14, 48, 76, 10, 54, 21, 31, 71, 64, 3, 23, 17, 83, 93, 26, 60, 52, 65, 27, 90, 70, 9, 42, 74, 69, 5, 68, 46, 22, 15, 58, 97, 59, 28, 8, 73, 37, 35, 86, 11, 66, 94, 84, 72, 92, 50, 34, 80, 61, 47, 67, 96, 29, 98, 82, 56, 81, 57, 0, 2, 25, 43, 6, 89, 53, 13, 77, 33, 55, 7, 91, 88, 4, 51, 95, 16, 19]|[0, 2, 0, 0, 2, 2, 1, 2, 2, 1, 2, 2, 2, 1, 1, 0, 0, 1, 0, 0, 2, 2, 1, 2, 2, 1, 0, 2, 1, 0, 0, 0, 0, 1, 1, 0, 0, 1, 1, 1, 0, 0, 1, 1, 1, 2, 0, 2, 1, 0, 2, 1, 2, 0, 2, 1, 2, 0, 1, 1, 1, 1, 2, 2, 2, 0, 2, 2, 1, 1, 0, 1, 1, 0, 0, 1, 0, 0, 0, 2, 2, 0, 2, 1, 1, 1, 1, 0, 1, 1, 2, 2, 2, 0, 1, 1, 0, 0, 1, 2]|[1, 1, 2, 1, 0, 1, 3, 2, 2, 4, 0, 1, 1, 4, 4, 1, 1, 3, 2, 0, 2, 0, 4, 1, 0, 3, 2, 1, 3, 1, 2, 1, 2, 1, 4, 1, 1, 4, 0, 1, 2, 1, 4, 4, 0, 2, 1, 2, 3, 1, 1, 3, 0, 1, 1, 3, 0, 2, 4, 3, 1, 4, 0, 0, 0, 2, 2, 2, 4, 2, 1, 3, 2, 1, 2, 3, 2, 1, 0, 2, 2, 0, 1, 4, 1, 4, 1, 2, 4, 1, 1, 1, 1, 1, 1, 3, 0, 0, 4, 2]|[1, 1, 0, 1, 0, 0, 0, 0, 1, 0, 0, 0, 1, 0, 1, 0, 0, 2, 1, 1, 0, 0, 0, 0, 0, 1, 1, 0, 0, 1, 0, 0, 0, 1, 3, 0, 0, 3, 0, 1, 0, 0, 1, 3, 1, 0, 1, 0, 2, 0, 0, 2, 1, 0, 1, 0, 0, 0, 2, 1, 2, 1, 0, 0, 0, 0, 0, 0, 2, 3, 0, 0, 2, 0, 0, 0, 0, 0, 1, 1, 0, 1, 1, 3, 3, 2, 1, 1, 0, 1, 1, 0, 0, 0, 0, 0, 0, 0, 1, 1],1026.5875980264905,58863.22337776773,133968.35011510988,false
1,G3_TWC,G1_CMAX,[45, 1, 62, 78, 41, 39, 32, 87, 75, 12, 40, 99, 24, 38, 79, 30, 17, 91, 18, 83, 90, 35, 43, 97, 63, 76, 10, 54, 21, 31, 44, 13, 73, 51, 81, 56, 14, 85, 69, 9, 65, 27, 26, 70, 82, 42, 74, 7, 3, 84, 5, 59, 89, 94, 28, 2, 47, 29, 96, 36, 92, 98, 11, 66, 50, 48, 93, 67, 37, 58, 88, 61, 20, 0, 57, 33, 6, 64, 53, 77, 72, 55, 23, 25, 95, 52, 22, 8, 68, 71, 34, 16, 49, 86, 15, 4, 60, 80, 46, 19]|[0, 1, 0, 2, 2, 2, 0, 1, 0, 1, 2, 2, 1, 1, 0, 2, 1, 0, 0, 0, 1, 0, 1, 0, 2, 1, 1, 2, 1, 0, 0, 1, 1, 2, 1, 1, 2, 0, 0, 1, 1, 0, 1, 1, 0, 1, 1, 1, 0, 1, 1, 1, 1, 1, 1, 2, 1, 1, 0, 0, 2, 0, 2, 2, 2, 2, 2, 0, 1, 0, 1, 1, 2, 2, 0, 2, 1, 0, 0, 0, 1, 0, 1, 0, 0, 1, 2, 1, 0, 0, 1, 0, 2, 1, 2, 1, 2, 0, 0, 2]|[1, 0, 2, 2, 2, 1, 1, 4, 2, 4, 0, 1, 1, 4, 1, 0, 1, 1, 2, 1, 4, 1, 1, 1, 2, 3, 2, 1, 3, 1, 2, 2, 0, 0, 2, 1, 1, 2, 1, 0, 4, 2, 4, 4, 1, 0, 3, 1, 2, 1, 3, 2, 4, 4, 2, 1, 2, 3, 1, 1, 2, 1, 0, 0, 1, 0, 1, 1, 3, 1, 1, 0, 2, 2, 0, 1, 4, 1, 2, 2, 2, 2, 1, 1, 0, 2, 1, 4, 2, 2, 1, 0, 2, 2, 2, 2, 0, 1, 2, 2]|[1, 1, 1, 0, 0, 0, 0, 1, 0, 0, 0, 0, 2, 0, 1, 1, 1, 0, 1, 0, 1, 1, 3, 1, 0, 1, 2, 0, 0, 1, 0, 2, 1, 0, 3, 0, 0, 0, 1, 1, 3, 0, 3, 3, 0, 0, 1, 2, 0, 3, 2, 1, 3, 2, 3, 1, 2, 0, 0, 0, 0, 0, 0, 0, 0, 0, 1, 0, 1, 0, 0, 3, 0, 0, 1, 1, 2, 0, 1, 0, 1, 1, 1, 0, 0, 3, 1, 2, 1, 0, 1, 0, 0, 1, 0, 3, 1, 0, 0, 1],928.0265022627096,62558.900622923284,126858.20664653057,true
1,G1_CMAX,G4_BALANCED,[45, 1, 62, 78, 41, 39, 32, 87, 75, 12, 40, 99, 24, 38, 79, 30, 17, 91, 18, 83, 90, 35, 43, 97, 63, 76, 10, 54, 21, 31, 71, 13, 73, 51, 28, 56, 92, 89, 69, 9, 46, 27, 81, 70, 82, 42, 74, 7, 3, 84, 5, 59, 26, 94, 85, 2, 47, 29, 96, 36, 93, 98, 68, 66, 50, 44, 72, 67, 37, 58, 15, 61, 20, 8, 23, 80, 25, 60, 53, 77, 57, 65, 34, 14, 95, 16, 22, 33, 55, 64, 52, 48, 49, 86, 88, 4, 6, 0, 11, 19]|[0, 2, 1, 2, 0, 2, 0, 2, 0, 1, 2, 2, 2, 1, 0, 2, 1, 2, 0, 0, 1, 0, 1, 0, 1, 1, 1, 1, 1, 0, 0, 1, 1, 2, 1, 2, 2, 1, 0, 1, 1, 0, 1, 1, 0, 0, 0, 1, 0, 1, 2, 1, 1, 2, 0, 2, 1, 1, 1, 1, 0, 0, 0, 2, 2, 2, 1, 2, 1, 1, 2, 1, 2, 1, 1, 0, 0, 2, 0, 0, 0, 1, 1, 2, 0, 0, 1, 2, 0, 0, 1, 2, 1, 1, 1, 1, 1, 0, 2, 2]|[1, 2, 2, 0, 1, 0, 1, 2, 2, 4, 0, 1, 2, 4, 1, 0, 1, 1, 2, 2, 4, 1, 1, 1, 3, 2, 2, 4, 3, 1, 2, 2, 0, 0, 2, 0, 2, 1, 1, 1, 4, 2, 2, 4, 1, 0, 0, 1, 2, 1, 2, 2, 4, 1, 2, 1, 2, 3, 3, 4, 1, 1, 2, 0, 1, 1, 2, 2, 1, 0, 2, 3, 2, 4, 1, 1, 1, 2, 2, 2, 0, 4, 1, 1, 0, 0, 3, 1, 2, 1, 1, 2, 3, 2, 1, 2, 4, 0, 0, 2]|[1, 0, 2, 0, 1, 0, 0, 0, 0, 0, 0, 0, 1, 0, 0, 1, 1, 0, 0, 0, 1, 0, 3, 1, 2, 3, 2, 3, 0, 1, 0, 2, 1, 0, 3, 0, 0, 1, 1, 1, 3, 0, 1, 3, 0, 0, 1, 2, 0, 3, 0, 1, 3, 1, 0, 1, 2, 0, 2, 2, 0, 0, 1, 0, 0, 0, 1, 0, 0, 3, 0, 0, 0, 2, 1, 0, 0, 0, 1, 0, 1, 3, 1, 0, 0, 0, 2, 1, 1, 0, 1, 0, 2, 1, 0, 3, 1, 1, 0, 1],910.5386876752216,61882.27459717293,133068.24235042118,true
1,G4_BALANCED,G4_BALANCED,[31, 22, 82, 15, 26, 9, 95, 42, 77, 4, 47, 5, 93, 78, 86, 54, 85, 63, 18, 44, 20, 49, 36, 14, 48, 50, 53, 17, 59, 35, 1, 96, 45, 71, 81, 56, 8, 30, 38, 43, 6, 57, 40, 88, 65, 83, 76, 69, 67, 68, 46, 75, 60, 58, 19, 32, 41, 51, 27, 62, 87, 90, 74, 21, 2, 73, 72, 28, 94, 3, 33, 97, 24, 91, 52, 70, 29, 89, 7, 0, 10, 80, 39, 25, 12, 66, 84, 79, 23, 34, 37, 55, 61, 98, 16, 11, 64, 13, 92, 99]|[1, 2, 1, 0, 2, 1, 0, 0, 1, 0, 2, 2, 1, 1, 1, 2, 0, 2, 0, 2, 2, 2, 1, 2, 1, 1, 0, 1, 1, 1, 1, 0, 1, 2, 1, 0, 2, 0, 0, 1, 0, 0, 2, 1, 1, 0, 1, 2, 0, 0, 2, 2, 1, 0, 2, 0, 0, 1, 0, 1, 2, 2, 0, 0, 0, 1, 0, 1, 2, 1, 2, 0, 0, 0, 1, 1, 1, 2, 1, 0, 2, 0, 2, 1, 1, 0, 0, 1, 1, 1, 2, 1, 1, 1, 1, 2, 2, 0, 0, 1]|[3, 1, 4, 1, 0, 3, 2, 0, 2, 0, 0, 1, 2, 2, 2, 0, 1, 2, 1, 1, 1, 0, 3, 1, 1, 2, 2, 4, 1, 3, 3, 2, 4, 0, 4, 0, 1, 1, 0, 1, 2, 2, 0, 1, 4, 2, 4, 2, 0, 1, 1, 1, 1, 1, 2, 1, 1, 4, 2, 2, 1, 2, 0, 1, 2, 4, 1, 2, 0, 3, 0, 0, 1, 1, 2, 1, 4, 0, 1, 0, 2, 1, 2, 4, 3, 2, 2, 4, 4, 1, 0, 4, 0, 3, 3, 0, 2, 2, 0, 3]|[3, 1, 1, 1, 0, 3, 0, 0, 0, 1, 0, 0, 1, 1, 0, 1, 0, 1, 0, 0, 0, 0, 2, 0, 1, 1, 1, 3, 0, 1, 0, 0, 2, 0, 2, 1, 0, 0, 1, 3, 1, 0, 0, 0, 3, 0, 2, 0, 1, 0, 0, 0, 1, 0, 1, 0, 1, 0, 0, 2, 1, 0, 1, 0, 0, 0, 0, 1, 0, 0, 0, 1, 0, 0, 1, 3, 0, 1, 2, 1, 0, 1, 1, 3, 0, 1, 0, 1, 0, 1, 0, 3, 3, 2, 2, 0, 0, 0, 1, 0],1048.5839291927466,59980.81877739722,126043.33445373269,false
1,G2_TEC,G2_TEC,[45, 1, 62, 78, 41, 39, 32, 87, 75, 12, 40, 99, 24, 38, 79, 30, 85, 63, 18, 44, 20, 49, 36, 14, 48, 76, 10, 54, 21, 31, 71, 64, 3, 23, 17, 83, 93, 26, 60, 52, 65, 27, 90, 70, 9, 42, 74, 69, 5, 68, 46, 22, 15, 58, 97, 59, 28, 8, 73, 37, 35, 86, 11, 66, 94, 84, 72, 92, 50, 34, 80, 61, 47, 67, 96, 29, 98, 82, 56, 81, 57, 0, 2, 25, 43, 6, 89, 53, 13, 77, 33, 55, 7, 91, 88, 4, 51, 95, 16, 19]|[0, 2, 0, 0, 2, 2, 1, 2, 2, 1, 2, 2, 2, 1, 1, 0, 0, 1, 0, 0, 2, 2, 1, 2, 2, 1, 0, 2, 1, 0, 0, 0, 0, 1, 1, 0, 0, 1, 1, 1, 0, 0, 1, 1, 1, 2, 0, 2, 1, 0, 2, 1, 2, 0, 2, 1, 2, 0, 1, 1, 1, 1, 2, 2, 2, 0, 2, 2, 1, 1, 0, 1, 1, 0, 0, 1, 0, 0, 0, 2, 2, 0, 2, 1, 1, 1, 1, 0, 1, 1, 2, 2, 2, 0, 1, 1, 0, 0, 1, 2]|[1, 1, 2, 1, 0, 1, 3, 2, 2, 4, 0, 1, 1, 4, 4, 1, 1, 3, 2, 0, 2, 0, 4, 1, 0, 3, 2, 1, 3, 1, 2, 1, 2, 1, 4, 1, 1, 4, 0, 1, 2, 1, 4, 4, 0, 2, 1, 2, 3, 1, 1, 3, 0, 1, 1, 3, 0, 2, 4, 3, 1, 4, 0, 0, 0, 2, 2, 2, 4, 2, 1, 3, 2, 1, 2, 3, 2, 1, 0, 2, 2, 0, 1, 4, 1, 4, 1, 2, 4, 1, 1, 1, 1, 1, 1, 3, 0, 0, 4, 2]|[1, 1, 0, 1, 0, 0, 0, 0, 1, 0, 0, 0, 1, 0, 1, 0, 0, 2, 1, 1, 0, 0, 0, 0, 0, 1, 1, 0, 0, 1, 0, 0, 0, 1, 3, 0, 0, 3, 0, 1, 0, 0, 1, 3, 1, 0, 1, 0, 2, 0, 0, 2, 1, 0, 1, 0, 0, 0, 2, 1, 2, 1, 0, 0, 0, 0, 0, 0, 2, 3, 0, 0, 2, 0, 0, 0, 0, 0, 1, 1, 0, 1, 1, 3, 3, 2, 1, 1, 0, 1, 1, 0, 0, 0, 0, 0, 0, 0, 1, 1],1026.5875980264905,58863.22337776773,133968.35011510988,false
1,G3_TWC,G1_CMAX,[45, 1, 62, 78, 40, 10, 96, 42, 77, 4, 47, 46, 15, 24, 86, 54, 85, 63, 18, 44, 20, 49, 36, 14, 48, 50, 53, 12, 59, 35, 22, 95, 31, 71, 81, 56, 8, 30, 38, 9, 83, 27, 90, 70, 98, 87, 74, 69, 99, 68, 5, 75, 60, 94, 28, 2, 82, 29, 64, 34, 88, 16, 11, 66, 76, 73, 72, 93, 37, 6, 80, 61, 89, 92, 25, 97, 21, 41, 65, 7, 57, 55, 84, 19, 32, 58, 17, 52, 26, 51, 33, 91, 3, 79, 43, 23, 39, 0, 67, 13]|[0, 2, 2, 0, 2, 2, 0, 1, 0, 1, 1, 2, 1, 1, 0, 2, 0, 0, 0, 2, 1, 1, 0, 2, 2, 2, 0, 1, 1, 1, 0, 0, 1, 0, 1, 2, 2, 1, 0, 2, 0, 1, 0, 1, 0, 0, 0, 0, 1, 1, 1, 1, 2, 2, 1, 0, 1, 1, 2, 1, 1, 1, 2, 2, 1, 2, 2, 0, 1, 2, 0, 1, 1, 2, 1, 0, 0, 2, 1, 1, 0, 1, 1, 2, 0, 0, 0, 1, 1, 2, 2, 1, 0, 0, 1, 1, 0, 2, 2, 2]|[1, 2, 0, 1, 0, 1, 2, 4, 2, 4, 2, 1, 2, 2, 1, 1, 2, 0, 1, 1, 4, 3, 0, 1, 0, 1, 2, 1, 4, 0, 2, 2, 0, 0, 2, 0, 2, 4, 1, 1, 0, 2, 0, 1, 1, 0, 1, 1, 3, 1, 3, 2, 2, 1, 2, 2, 2, 3, 2, 1, 1, 3, 0, 1, 3, 1, 2, 1, 1, 2, 1, 3, 1, 2, 4, 2, 1, 2, 4, 1, 0, 2, 1, 0, 1, 1, 2, 2, 4, 0, 1, 2, 2, 1, 1, 4, 2, 2, 1, 2]|[1, 0, 0, 1, 0, 0, 0, 3, 0, 0, 2, 0, 1, 1, 1, 0, 0, 0, 0, 0, 1, 2, 0, 0, 0, 0, 1, 1, 0, 0, 0, 0, 1, 0, 3, 0, 0, 3, 1, 0, 1, 1, 1, 3, 0, 0, 1, 1, 0, 3, 2, 1, 0, 1, 1, 0, 2, 0, 0, 1, 0, 2, 0, 0, 1, 0, 0, 0, 0, 0, 1, 0, 1, 0, 3, 0, 0, 0, 3, 2, 1, 1, 3, 0, 0, 0, 0, 1, 3, 0, 1, 0, 0, 0, 3, 0, 1, 0, 1, 0],906.3049551239445,59557.08750385282,134101.4144076453,true
1,G1_CMAX,G4_BALANCED,[45, 1, 62, 78, 41, 39, 32, 87, 75, 12, 40, 99, 24, 38, 79, 30, 17, 91, 18, 83, 90, 35, 43, 97, 63, 76, 10, 54, 21, 31, 71, 13, 73, 51, 28, 56, 92, 89, 69, 9, 46, 27, 81, 70, 82, 42, 74, 7, 3, 84, 5, 59, 26, 94, 85, 2, 47, 29, 96, 36, 93, 98, 68, 66, 50, 44, 72, 67, 37, 58, 15, 61, 20, 8, 23, 80, 25, 60, 53, 77, 57, 65, 34, 14, 95, 16, 22, 33, 55, 64, 52, 48, 49, 86, 88, 4, 6, 0, 11, 19]|[0, 2, 1, 2, 0, 2, 0, 2, 0, 1, 2, 2, 2, 1, 0, 2, 1, 2, 0, 0, 1, 0, 1, 0, 1, 1, 1, 1, 1, 0, 0, 1, 1, 2, 1, 2, 2, 1, 0, 1, 1, 0, 1, 1, 0, 0, 0, 1, 0, 1, 2, 1, 1, 2, 0, 2, 1, 1, 1, 1, 0, 0, 0, 2, 2, 2, 1, 2, 1, 1, 2, 1, 2, 1, 1, 0, 0, 2, 0, 0, 0, 1, 1, 2, 0, 0, 1, 2, 0, 0, 1, 2, 1, 1, 1, 1, 1, 0, 2, 2]|[1, 2, 2, 0, 1, 0, 1, 2, 2, 4, 0, 1, 2, 4, 1, 0, 1, 1, 2, 2, 4, 1, 1, 1, 3, 2, 2, 4, 3, 1, 2, 2, 0, 0, 2, 0, 2, 1, 1, 1, 4, 2, 2, 4, 1, 0, 0, 1, 2, 1, 2, 2, 4, 1, 2, 1, 2, 3, 3, 4, 1, 1, 2, 0, 1, 1, 2, 2, 1, 0, 2, 3, 2, 4, 1, 1, 1, 2, 2, 2, 0, 4, 1, 1, 0, 0, 3, 1, 2, 1, 1, 2, 3, 2, 1, 2, 4, 0, 0, 2]|[1, 0, 2, 0, 1, 0, 0, 0, 0, 0, 0, 0, 1, 0, 0, 1, 1, 0, 0, 0, 1, 0, 3, 1, 2, 3, 2, 3, 0, 1, 0, 2, 1, 0, 3, 0, 0, 1, 1, 1, 3, 0, 1, 3, 0, 0, 1, 2, 0, 3, 0, 1, 3, 1, 0, 1, 2, 0, 2, 2, 0, 0, 1, 0, 0, 0, 1, 0, 0, 3, 0, 0, 0, 2, 1, 0, 0, 0, 1, 0, 1, 3, 1, 0, 0, 0, 2, 1, 1, 0, 1, 0, 2, 1, 0, 3, 1, 1, 0, 1],910.5386876752216,61882.27459717293,133068.24235042118,true
1,G4_BALANCED,G4_BALANCED,[31, 22, 82, 15, 26, 9, 95, 42, 77, 4, 47, 5, 93, 78, 86, 54, 85, 63, 18, 44, 20, 49, 36, 14, 48, 50, 53, 17, 59, 35, 1, 96, 45, 71, 81, 56, 8, 30, 38, 43, 6, 57, 40, 88, 65, 83, 76, 69, 67, 68, 46, 75, 60, 58, 19, 32, 41, 51, 27, 62, 87, 90, 74, 21, 2, 73, 72, 28, 94, 3, 33, 97, 24, 91, 52, 70, 29, 89, 7, 0, 10, 80, 39, 25, 12, 66, 84, 79, 23, 34, 37, 55, 61, 98, 16, 11, 64, 13, 92, 99]|[1, 2, 1, 0, 2, 1, 0, 0, 1, 0, 2, 2, 1, 1, 1, 2, 0, 2, 0, 2, 2, 2, 1, 2, 1, 1, 0, 1, 1, 1, 1, 0, 1, 2, 1, 0, 2, 0, 0, 1, 0, 0, 2, 1, 1, 0, 1, 2, 0, 0, 2, 2, 1, 0, 2, 0, 0, 1, 0, 1, 2, 2, 0, 0, 0, 1, 0, 1, 2, 1, 2, 0, 0, 0, 1, 1, 1, 2, 1, 0, 2, 0, 2, 1, 1, 0, 0, 1, 1, 1, 2, 1, 1, 1, 1, 2, 2, 0, 0, 1]|[3, 1, 4, 1, 0, 3, 2, 0, 2, 0, 0, 1, 2, 2, 2, 0, 1, 2, 1, 1, 1, 0, 3, 1, 1, 2, 2, 4, 1, 3, 3, 2, 4, 0, 4, 0, 1, 1, 0, 1, 2, 2, 0, 1, 4, 2, 4, 2, 0, 1, 1, 1, 1, 1, 2, 1, 1, 4, 2, 2, 1, 2, 0, 1, 2, 4, 1, 2, 0, 3, 0, 0, 1, 1, 2, 1, 4, 0, 1, 0, 2, 1, 2, 4, 3, 2, 2, 4, 4, 1, 0, 4, 0, 3, 3, 0, 2, 2, 0, 3]|[3, 1, 1, 1, 0, 3, 0, 0, 0, 1, 0, 0, 1, 1, 0, 1, 0, 1, 0, 0, 0, 0, 2, 0, 1, 1, 1, 3, 0, 1, 0, 0, 2, 0, 2, 1, 0, 0, 1, 3, 1, 0, 0, 0, 3, 0, 2, 0, 1, 0, 0, 0, 1, 0, 1, 0, 1, 0, 0, 2, 1, 0, 1, 0, 0, 0, 0, 1, 0, 0, 0, 1, 0, 0, 1, 3, 0, 1, 2, 1, 0, 1, 1, 3, 0, 1, 0, 1, 0, 1, 0, 3, 3, 2, 2, 0, 0, 0, 1, 0],1048.5839291927466,59980.81877739722,126043.33445373269,false
1,G2_TEC,G2_TEC,[45, 1, 62, 78, 41, 39, 32, 87, 75, 12, 40, 99, 24, 38, 79, 30, 85, 63, 18, 44, 20, 49, 36, 14, 48, 76, 10, 54, 21, 31, 71, 64, 3, 23, 17, 83, 93, 26, 60, 52, 65, 27, 90, 70, 9, 42, 74, 69, 5, 68, 46, 22, 15, 58, 97, 59, 28, 8, 73, 37, 35, 86, 11, 66, 94, 84, 72, 92, 50, 34, 80, 61, 47, 67, 96, 29, 98, 82, 56, 81, 57, 0, 2, 25, 43, 6, 89, 53, 13, 77, 33, 55, 7, 91, 88, 4, 51, 95, 16, 19]|[0, 2, 0, 0, 2, 2, 1, 2, 2, 1, 2, 2, 2, 1, 1, 0, 0, 1, 0, 0, 2, 2, 1, 2, 2, 1, 0, 2, 1, 0, 0, 0, 0, 1, 1, 0, 0, 1, 1, 1, 0, 0, 1, 1, 1, 2, 0, 2, 1, 0, 2, 1, 2, 0, 2, 1, 2, 0, 1, 1, 1, 1, 2, 2, 2, 0, 2, 2, 1, 1, 0, 1, 1, 0, 0, 1, 0, 0, 0, 2, 2, 0, 2, 1, 1, 1, 1, 0, 1, 1, 2, 2, 2, 0, 1, 1, 0, 0, 1, 2]|[1, 1, 2, 1, 0, 1, 3, 2, 2, 4, 0, 1, 1, 4, 4, 1, 1, 3, 2, 0, 2, 0, 4, 1, 0, 3, 2, 1, 3, 1, 2, 1, 2, 1, 4, 1, 1, 4, 0, 1, 2, 1, 4, 4, 0, 2, 1, 2, 3, 1, 1, 3, 0, 1, 1, 3, 0, 2, 4, 3, 1, 4, 0, 0, 0, 2, 2, 2, 4, 2, 1, 3, 2, 1, 2, 3, 2, 1, 0, 2, 2, 0, 1, 4, 1, 4, 1, 2, 4, 1, 1, 1, 1, 1, 1, 3, 0, 0, 4, 2]|[1, 1, 0, 1, 0, 0, 0, 0, 1, 0, 0, 0, 1, 0, 1, 0, 0, 2, 1, 1, 0, 0, 0, 0, 0, 1, 1, 0, 0, 1, 0, 0, 0, 1, 3, 0, 0, 3, 0, 1, 0, 0, 1, 3, 1, 0, 1, 0, 2, 0, 0, 2, 1, 0, 1, 0, 0, 0, 2, 1, 2, 1, 0, 0, 0, 0, 0, 0, 2, 3, 0, 0, 2, 0, 0, 0, 0, 0, 1, 1, 0, 1, 1, 3, 3, 2, 1, 1, 0, 1, 1, 0, 0, 0, 0, 0, 0, 0, 1, 1],1026.5875980264905,58863.22337776773,133968.35011510988,false
1,G3_TWC,G1_CMAX,[45, 1, 62, 78, 40, 10, 96, 42, 77, 4, 47, 46, 15, 24, 86, 54, 85, 63, 18, 44, 20, 49, 36, 14, 48, 50, 53, 12, 59, 35, 22, 95, 31, 71, 81, 56, 8, 30, 38, 9, 83, 27, 90, 70, 98, 87, 74, 69, 99, 68, 5, 75, 60, 94, 28, 2, 82, 29, 64, 34, 88, 16, 11, 66, 76, 73, 72, 93, 37, 6, 80, 61, 89, 92, 25, 97, 21, 41, 65, 7, 57, 55, 84, 19, 32, 58, 17, 52, 26, 51, 33, 91, 3, 79, 43, 23, 39, 0, 67, 13]|[0, 2, 2, 0, 2, 2, 0, 1, 0, 1, 1, 2, 1, 1, 0, 2, 0, 0, 0, 2, 1, 1, 0, 2, 2, 2, 0, 1, 1, 1, 0, 0, 1, 0, 1, 2, 2, 1, 0, 2, 0, 1, 0, 1, 0, 0, 0, 0, 1, 1, 1, 1, 2, 2, 1, 0, 1, 1, 2, 1, 1, 1, 2, 2, 1, 2, 2, 0, 1, 2, 0, 1, 1, 2, 1, 0, 0, 2, 1, 1, 0, 1, 1, 2, 0, 0, 0, 1, 1, 2, 2, 1, 0, 0, 1, 1, 0, 2, 2, 2]|[1, 2, 0, 1, 0, 1, 2, 4, 2, 4, 2, 1, 2, 2, 1, 1, 2, 0, 1, 1, 4, 3, 0, 1, 0, 1, 2, 1, 4, 0, 2, 2, 0, 0, 2, 0, 2, 4, 1, 1, 0, 2, 0, 1, 1, 0, 1, 1, 3, 1, 3, 2, 2, 1, 2, 2, 2, 3, 2, 1, 1, 3, 0, 1, 3, 1, 2, 1, 1, 2, 1, 3, 1, 2, 4, 2, 1, 2, 4, 1, 0, 2, 1, 0, 1, 1, 2, 2, 4, 0, 1, 2, 2, 1, 1, 4, 2, 2, 1, 2]|[1, 0, 0, 1, 0, 0, 0, 3, 0, 0, 2, 0, 1, 1, 1, 0, 0, 0, 0, 0, 1, 2, 0, 0, 0, 0, 1, 1, 0, 0, 0, 0, 1, 0, 3, 0, 0, 3, 1, 0, 1, 1, 1, 3, 0, 0, 1, 1, 0, 3, 2, 1, 0, 1, 1, 0, 2, 0, 0, 1, 0, 2, 0, 0, 1, 0, 0, 0, 0, 0, 1, 0, 1, 0, 3, 0, 0, 0, 3, 2, 1, 1, 3, 0, 0, 0, 0, 1, 3, 0, 1, 0, 0, 0, 3, 0, 1, 0, 1, 0],906.3049551239445,59557.08750385282,134101.4144076453,true
1,G1_CMAX,G2_TEC,[45, 1, 62, 78, 41, 39, 32, 87, 75, 12, 40, 99, 24, 38, 79, 30, 17, 91, 18, 83, 90, 35, 43, 97, 63, 76, 10, 54, 21, 31, 44, 13, 73, 51, 81, 56, 14, 85, 69, 9, 22, 27, 20, 70, 49, 42, 74, 15, 5, 68, 46, 77, 60, 58, 19, 96, 26, 59, 57, 64, 6, 50, 47, 37, 82, 53, 72, 28, 94, 4, 33, 8, 93, 95, 52, 88, 29, 89, 55, 0, 2, 80, 65, 25, 3, 66, 84, 86, 23, 34, 71, 7, 61, 98, 16, 11, 36, 48, 92, 67]|[1, 1, 1, 2, 2, 2, 0, 0, 2, 2, 2, 2, 1, 1, 0, 2, 0, 2, 0, 0, 1, 2, 2, 2, 2, 0, 2, 2, 1, 0, 0, 1, 1, 0, 0, 2, 2, 0, 2, 1, 2, 0, 2, 1, 1, 0, 0, 2, 1, 0, 2, 2, 1, 0, 2, 0, 1, 1, 0, 0, 0, 1, 1, 1, 0, 0, 1, 1, 1, 1, 0, 1, 2, 0, 0, 2, 1, 1, 1, 0, 2, 0, 1, 1, 1, 2, 0, 1, 1, 0, 0, 1, 1, 0, 1, 2, 1, 2, 2, 1]|[3, 0, 2, 0, 0, 0, 0, 0, 2, 2, 1, 1, 1, 4, 1, 0, 1, 1, 1, 2, 4, 0, 2, 1, 2, 2, 1, 1, 1, 1, 0, 2, 4, 0, 1, 0, 1, 1, 2, 1, 1, 2, 2, 1, 3, 2, 0, 2, 3, 2, 1, 1, 1, 1, 2, 0, 4, 2, 1, 1, 2, 4, 2, 1, 1, 2, 2, 2, 4, 3, 1, 4, 1, 0, 2, 1, 3, 1, 2, 0, 1, 1, 4, 4, 3, 0, 1, 4, 4, 0, 0, 1, 0, 2, 4, 0, 3, 2, 2, 0]|[3, 1, 2, 0, 0, 0, 0, 0, 1, 0, 1, 0, 2, 0, 1, 1, 0, 0, 0, 0, 1, 0, 0, 1, 1, 1, 0, 0, 0, 1, 1, 2, 0, 0, 1, 0, 1, 0, 0, 1, 1, 0, 0, 3, 2, 0, 1, 0, 2, 1, 0, 0, 1, 0, 1, 0, 3, 1, 1, 0, 1, 2, 2, 0, 0, 1, 1, 1, 2, 0, 0, 2, 1, 0, 0, 1, 0, 1, 1, 1, 1, 0, 3, 3, 3, 0, 0, 1, 0, 0, 1, 2, 3, 0, 0, 0, 2, 0, 0, 0],945.9065922875762,61087.12750041713,126543.65138075766,true
1,G4_BALANCED,G4_BALANCED,[31, 22, 82, 15, 26, 9, 95, 42, 77, 4, 47, 5, 93, 78, 86, 54, 85, 63, 18, 44, 20, 49, 36, 14, 48, 50, 53, 17, 59, 35, 1, 96, 45, 71, 81, 56, 8, 30, 38, 43, 6, 57, 40, 88, 65, 83, 76, 69, 67, 68, 46, 75, 60, 58, 19, 32, 41, 51, 27, 62, 87, 90, 74, 21, 2, 73, 72, 28, 94, 3, 33, 97, 24, 91, 52, 70, 29, 89, 7, 0, 10, 80, 39, 25, 12, 66, 84, 79, 23, 34, 37, 55, 61, 98, 16, 11, 64, 13, 92, 99]|[1, 2, 1, 0, 2, 1, 0, 0, 1, 0, 2, 2, 1, 1, 1, 2, 0, 2, 0, 2, 2, 2, 1, 2, 1, 1, 0, 1, 1, 1, 1, 0, 1, 2, 1, 0, 2, 0, 0, 1, 0, 0, 2, 1, 1, 0, 1, 2, 0, 0, 2, 2, 1, 0, 2, 0, 0, 1, 0, 1, 2, 2, 0, 0, 0, 1, 0, 1, 2, 1, 2, 0, 0, 0, 1, 1, 1, 2, 1, 0, 2, 0, 2, 1, 1, 0, 0, 1, 1, 1, 2, 1, 1, 1, 1, 2, 2, 0, 0, 1]|[3, 1, 4, 1, 0, 3, 2, 0, 2, 0, 0, 1, 2, 2, 2, 0, 1, 2, 1, 1, 1, 0, 3, 1, 1, 2, 2, 4, 1, 3, 3, 2, 4, 0, 4, 0, 1, 1, 0, 1, 2, 2, 0, 1, 4, 2, 4, 2, 0, 1, 1, 1, 1, 1, 2, 1, 1, 4, 2, 2, 1, 2, 0, 1, 2, 4, 1, 2, 0, 3, 0, 0, 1, 1, 2, 1, 4, 0, 1, 0, 2, 1, 2, 4, 3, 2, 2, 4, 4, 1, 0, 4, 0, 3, 3, 0, 2, 2, 0, 3]|[3, 1, 1, 1, 0, 3, 0, 0, 0, 1, 0, 0, 1, 1, 0, 1, 0, 1, 0, 0, 0, 0, 2, 0, 1, 1, 1, 3, 0, 1, 0, 0, 2, 0, 2, 1, 0, 0, 1, 3, 1, 0, 0, 0, 3, 0, 2, 0, 1, 0, 0, 0, 1, 0, 1, 0, 1, 0, 0, 2, 1, 0, 1, 0, 0, 0, 0, 1, 0, 0, 0, 1, 0, 0, 1, 3, 0, 1, 2, 1, 0, 1, 1, 3, 0, 1, 0, 1, 0, 1, 0, 3, 3, 2, 2, 0, 0, 0, 1, 0],1048.5839291927466,59980.81877739722,126043.33445373269,false
1,G2_TEC,G2_TEC,[45, 1, 62, 78, 41, 39, 32, 87, 75, 12, 40, 99, 24, 38, 79, 30, 85, 63, 18, 44, 20, 49, 36, 14, 48, 76, 10, 54, 21, 31, 71, 64, 3, 23, 17, 83, 93, 26, 60, 52, 65, 27, 90, 70, 9, 42, 74, 69, 5, 68, 46, 22, 15, 58, 97, 59, 28, 8, 73, 37, 35, 86, 11, 66, 94, 84, 72, 92, 50, 34, 80, 61, 47, 67, 96, 29, 98, 82, 56, 81, 57, 0, 2, 25, 43, 6, 89, 53, 13, 77, 33, 55, 7, 91, 88, 4, 51, 95, 16, 19]|[0, 2, 0, 0, 2, 2, 1, 2, 2, 1, 2, 2, 2, 1, 1, 0, 0, 1, 0, 0, 2, 2, 1, 2, 2, 1, 0, 2, 1, 0, 0, 0, 0, 1, 1, 0, 0, 1, 1, 1, 0, 0, 1, 1, 1, 2, 0, 2, 1, 0, 2, 1, 2, 0, 2, 1, 2, 0, 1, 1, 1, 1, 2, 2, 2, 0, 2, 2, 1, 1, 0, 1, 1, 0, 0, 1, 0, 0, 0, 2, 2, 0, 2, 1, 1, 1, 1, 0, 1, 1, 2, 2, 2, 0, 1, 1, 0, 0, 1, 2]|[1, 1, 2, 1, 0, 1, 3, 2, 2, 4, 0, 1, 1, 4, 4, 1, 1, 3, 2, 0, 2, 0, 4, 1, 0, 3, 2, 1, 3, 1, 2, 1, 2, 1, 4, 1, 1, 4, 0, 1, 2, 1, 4, 4, 0, 2, 1, 2, 3, 1, 1, 3, 0, 1, 1, 3, 0, 2, 4, 3, 1, 4, 0, 0, 0, 2, 2, 2, 4, 2, 1, 3, 2, 1, 2, 3, 2, 1, 0, 2, 2, 0, 1, 4, 1, 4, 1, 2, 4, 1, 1, 1, 1, 1, 1, 3, 0, 0, 4, 2]|[1, 1, 0, 1, 0, 0, 0, 0, 1, 0, 0, 0, 1, 0, 1, 0, 0, 2, 1, 1, 0, 0, 0, 0, 0, 1, 1, 0, 0, 1, 0, 0, 0, 1, 3, 0, 0, 3, 0, 1, 0, 0, 1, 3, 1, 0, 1, 0, 2, 0, 0, 2, 1, 0, 1, 0, 0, 0, 2, 1, 2, 1, 0, 0, 0, 0, 0, 0, 2, 3, 0, 0, 2, 0, 0, 0, 0, 0, 1, 1, 0, 1, 1, 3, 3, 2, 1, 1, 0, 1, 1, 0, 0, 0, 0, 0, 0, 0, 1, 1],1026.5875980264905,58863.22337776773,133968.35011510988,false
1,G3_TWC,G2_TEC,[45, 1, 62, 78, 41, 39, 32, 87, 75, 12, 40, 99, 24, 38, 79, 30, 85, 63, 18, 44, 20, 49, 36, 97, 91, 76, 10, 54, 21, 31, 71, 64, 3, 23, 17, 83, 93, 26, 60, 52, 65, 27, 90, 70, 9, 42, 74, 69, 5, 68, 46, 22, 15, 34, 47, 89, 98, 73, 28, 80, 67, 33, 11, 66, 50, 84, 72, 92, 37, 58, 56, 61, 86, 35, 8, 2, 96, 82, 94, 81, 57, 0, 29, 25, 43, 6, 77, 53, 13, 59, 88, 55, 7, 48, 14, 4, 51, 95, 16, 19]|[2, 2, 0, 2, 2, 2, 1, 2, 2, 1, 2, 0, 2, 1, 0, 0, 1, 1, 0, 0, 2, 1, 1, 2, 2, 1, 0, 2, 1, 0, 0, 0, 0, 1, 1, 0, 0, 1, 1, 1, 0, 0, 1, 2, 1, 1, 0, 2, 1, 0, 0, 1, 2, 1, 1, 1, 0, 1, 2, 0, 0, 2, 2, 2, 2, 0, 1, 2, 1, 0, 0, 1, 1, 1, 2, 1, 1, 0, 2, 2, 2, 0, 1, 1, 1, 1, 1, 0, 0, 1, 1, 2, 2, 0, 2, 1, 0, 0, 1, 2]|[0, 1, 2, 0, 2, 1, 3, 2, 2, 4, 0, 2, 2, 4, 1, 1, 1, 3, 2, 0, 2, 3, 4, 1, 0, 2, 2, 1, 3, 1, 2, 1, 2, 1, 4, 1, 1, 4, 0, 1, 2, 1, 4, 1, 0, 0, 1, 2, 3, 1, 2, 3, 2, 2, 2, 1, 2, 4, 0, 1, 1, 1, 0, 0, 1, 2, 2, 2, 3, 1, 0, 3, 4, 1, 1, 3, 3, 1, 0, 2, 2, 0, 3, 4, 1, 4, 1, 2, 1, 3, 1, 1, 1, 1, 1, 3, 0, 0, 4, 2]|[0, 1, 0, 0, 0, 0, 0, 0, 1, 0, 0, 0, 1, 0, 0, 0, 1, 2, 1, 1, 0, 2, 0, 1, 0, 2, 1, 0, 0, 1, 0, 0, 0, 1, 3, 0, 0, 3, 0, 1, 0, 0, 1, 0, 1, 0, 1, 0, 2, 0, 0, 2, 0, 3, 2, 1, 0, 2, 0, 0, 0, 1, 0, 0, 0, 0, 1, 0, 1, 0, 1, 0, 1, 2, 0, 0, 2, 0, 0, 1, 0, 1, 0, 3, 3, 2, 1, 1, 0, 0, 0, 0, 0, 0, 0, 0, 0, 0, 1, 1],1007.8824735697098,58999.14272771111,136072.49959189215,true
1,G1_CMAX,G1_CMAX,[45, 1, 62, 78, 41, 39, 32, 87, 75, 12, 40, 99, 24, 38, 79, 30, 17, 91, 18, 83, 90, 35, 36, 14, 48, 50, 53, 4, 21, 31, 71, 64, 3, 23, 85, 44, 93, 26, 60, 52, 65, 13, 86, 46, 97, 88, 80, 7, 73, 84, 5, 59, 89, 49, 28, 2, 47, 29, 95, 43, 92, 98, 11, 66, 81, 63, 82, 55, 37, 58, 42, 61, 20, 0, 57, 33, 6, 27, 10, 77, 72, 67, 51, 25, 15, 34, 22, 8, 68, 56, 9, 16, 94, 54, 96, 74, 69, 76, 70, 19]|[1, 2, 0, 2, 2, 2, 1, 2, 2, 1, 1, 0, 2, 0, 1, 1, 1, 0, 0, 0, 2, 1, 1, 2, 2, 2, 0, 1, 1, 0, 0, 0, 0, 1, 1, 0, 0, 1, 2, 1, 1, 0, 1, 1, 0, 1, 0, 1, 1, 1, 1, 1, 1, 1, 2, 2, 1, 1, 0, 1, 2, 0, 2, 2, 0, 0, 1, 0, 1, 1, 1, 1, 2, 0, 0, 2, 1, 0, 2, 0, 2, 1, 0, 1, 2, 1, 0, 0, 0, 0, 1, 1, 2, 2, 1, 2, 0, 0, 1, 2]|[4, 2, 2, 0, 0, 0, 3, 0, 2, 1, 2, 2, 1, 1, 4, 4, 1, 0, 2, 2, 2, 0, 1, 1, 0, 1, 2, 1, 3, 1, 0, 1, 2, 4, 4, 0, 1, 4, 0, 2, 4, 2, 2, 4, 2, 1, 1, 1, 0, 1, 3, 3, 1, 0, 0, 1, 2, 3, 1, 1, 2, 2, 0, 1, 1, 1, 4, 0, 3, 0, 0, 3, 2, 1, 0, 1, 4, 1, 1, 2, 2, 4, 0, 4, 2, 1, 2, 2, 1, 0, 0, 4, 1, 1, 3, 1, 1, 1, 4, 2]|[2, 0, 1, 0, 0, 0, 0, 0, 1, 1, 2, 0, 1, 0, 1, 3, 1, 0, 1, 0, 0, 0, 3, 0, 0, 0, 1, 1, 0, 1, 0, 0, 0, 0, 3, 1, 0, 3, 1, 1, 3, 0, 1, 3, 0, 0, 1, 2, 1, 3, 2, 0, 1, 0, 0, 1, 2, 0, 0, 3, 0, 0, 0, 0, 1, 0, 1, 1, 1, 3, 0, 0, 0, 1, 1, 1, 2, 0, 1, 0, 0, 3, 0, 3, 0, 1, 0, 0, 0, 1, 1, 1, 1, 0, 2, 0, 1, 1, 3, 1],890.730766659574,60824.77102303543,128275.17991816477,false
1,G4_BALANCED,G4_BALANCED,[31, 22, 82, 15, 26, 9, 95, 42, 77, 4, 47, 5, 93, 78, 86, 54, 85, 63, 18, 44, 20, 49, 36, 14, 48, 50, 53, 17, 59, 35, 1, 96, 45, 71, 81, 56, 8, 30, 38, 43, 6, 57, 40, 88, 65, 83, 76, 69, 67, 68, 46, 75, 60, 58, 19, 32, 41, 51, 27, 62, 87, 90, 74, 21, 94, 84, 39, 92, 11, 34, 80, 61, 28, 3, 64, 29, 98, 37, 99, 23, 91, 89, 55, 13, 66, 0, 10, 73, 2, 24, 7, 16, 25, 79, 72, 12, 33, 52, 70, 97]|[1, 2, 1, 0, 2, 1, 0, 0, 1, 1, 2, 2, 1, 1, 1, 0, 0, 1, 0, 2, 1, 1, 1, 2, 1, 1, 0, 1, 1, 0, 1, 0, 1, 2, 2, 0, 0, 0, 0, 1, 0, 1, 2, 1, 1, 0, 1, 2, 2, 0, 2, 2, 2, 0, 0, 1, 0, 1, 0, 2, 2, 2, 2, 2, 2, 1, 0, 0, 1, 1, 0, 1, 1, 1, 2, 1, 1, 1, 1, 1, 0, 1, 1, 0, 0, 0, 0, 1, 0, 0, 1, 1, 0, 1, 2, 1, 2, 1, 1, 2]|[4, 2, 4, 1, 0, 3, 0, 0, 2, 4, 0, 1, 2, 2, 2, 1, 2, 3, 1, 1, 4, 3, 3, 1, 1, 2, 2, 4, 2, 1, 3, 2, 4, 0, 2, 1, 1, 1, 0, 1, 2, 2, 0, 1, 4, 0, 4, 2, 1, 1, 1, 1, 0, 1, 2, 3, 1, 4, 2, 0, 1, 2, 0, 1, 0, 1, 2, 0, 4, 1, 1, 0, 2, 3, 2, 3, 3, 4, 3, 4, 1, 1, 4, 2, 1, 0, 2, 4, 2, 1, 1, 4, 1, 4, 0, 4, 0, 2, 1, 2]|[2, 0, 1, 1, 0, 3, 0, 0, 0, 0, 0, 0, 1, 1, 0, 0, 0, 2, 0, 0, 1, 2, 2, 1, 1, 1, 1, 3, 1, 1, 0, 0, 2, 0, 1, 0, 0, 0, 1, 3, 1, 1, 0, 3, 3, 0, 2, 0, 0, 0, 0, 0, 1, 0, 0, 0, 1, 0, 0, 0, 1, 0, 0, 0, 0, 3, 1, 1, 2, 1, 0, 3, 2, 0, 0, 0, 2, 3, 2, 0, 0, 1, 3, 0, 0, 1, 1, 0, 0, 0, 2, 1, 0, 1, 1, 3, 0, 1, 3, 1],986.938642343314,59929.36372666092,125106.80156771615,false
1,G2_TEC,G3_TWC,[45, 1, 62, 78, 41, 39, 32, 87, 75, 12, 40, 99, 24, 38, 79, 30, 85, 63, 18, 44, 20, 49, 36, 14, 48, 76, 10, 54, 21, 31, 71, 64, 3, 23, 17, 83, 93, 26, 60, 52, 65, 27, 90, 70, 9, 42, 74, 69, 5, 68, 46, 22, 15, 58, 97, 59, 28, 8, 73, 37, 35, 86, 11, 66, 94, 95, 72, 13, 34, 6, 80, 61, 89, 92, 25, 82, 2, 47, 56, 7, 57, 55, 84, 19, 96, 50, 4, 98, 81, 51, 33, 91, 88, 16, 43, 77, 53, 0, 67, 29]|[2, 2, 2, 1, 2, 2, 0, 2, 0, 1, 2, 2, 2, 1, 0, 0, 0, 1, 0, 2, 2, 2, 0, 2, 2, 1, 2, 2, 1, 1, 0, 0, 0, 0, 1, 2, 0, 1, 1, 2, 0, 0, 1, 1, 0, 2, 0, 2, 1, 0, 2, 1, 2, 0, 1, 0, 2, 1, 2, 1, 1, 1, 2, 2, 1, 2, 2, 1, 1, 1, 0, 1, 1, 2, 1, 0, 2, 2, 1, 2, 0, 1, 0, 2, 0, 1, 1, 0, 2, 0, 2, 0, 1, 1, 1, 0, 0, 0, 0, 2]|[0, 1, 0, 2, 0, 1, 2, 2, 1, 4, 0, 1, 1, 4, 1, 1, 2, 3, 2, 1, 2, 0, 0, 1, 0, 2, 1, 1, 4, 0, 2, 1, 2, 0, 4, 0, 1, 4, 0, 1, 0, 1, 4, 4, 1, 2, 1, 1, 3, 1, 1, 2, 2, 1, 2, 2, 0, 3, 2, 3, 0, 3, 0, 1, 3, 1, 2, 4, 2, 4, 1, 3, 1, 2, 4, 1, 1, 2, 1, 1, 0, 2, 2, 2, 2, 4, 3, 2, 2, 0, 1, 1, 1, 4, 1, 2, 2, 0, 1, 2]|[0, 1, 0, 1, 0, 0, 0, 0, 1, 0, 0, 0, 1, 0, 0, 0, 0, 2, 1, 0, 0, 0, 0, 0, 0, 2, 0, 0, 0, 0, 0, 0, 0, 0, 3, 0, 0, 3, 0, 0, 1, 0, 1, 3, 0, 0, 1, 0, 2, 0, 0, 1, 0, 0, 1, 0, 0, 0, 0, 1, 0, 2, 0, 0, 1, 0, 0, 0, 3, 2, 0, 0, 1, 0, 3, 0, 1, 0, 0, 0, 1, 1, 0, 1, 0, 2, 0, 0, 1, 0, 1, 0, 0, 1, 3, 0, 1, 1, 0, 0],1282.5142001207455,57865.009506160255,154150.10338387243,true
1,G3_TWC,G1_CMAX,[45, 1, 62, 78, 41, 39, 32, 87, 75, 12, 47, 5, 93, 15, 86, 54, 85, 63, 18, 44, 20, 49, 36, 14, 48, 50, 53, 28, 59, 35, 83, 96, 9, 71, 81, 56, 8, 33, 67, 64, 6, 57, 40, 88, 65, 22, 76, 91, 80, 68, 69, 26, 51, 99, 19, 95, 77, 60, 27, 82, 42, 90, 74, 21, 2, 73, 72, 17, 94, 3, 30, 97, 24, 46, 52, 70, 29, 43, 7, 0, 10, 38, 31, 25, 4, 66, 84, 79, 23, 34, 37, 55, 61, 98, 16, 11, 89, 13, 92, 58]|[1, 2, 1, 2, 2, 2, 0, 0, 1, 1, 2, 2, 2, 0, 1, 1, 0, 2, 0, 0, 2, 2, 1, 2, 2, 1, 2, 1, 1, 1, 1, 0, 1, 2, 0, 2, 2, 2, 0, 0, 1, 0, 2, 1, 1, 0, 1, 0, 0, 0, 2, 2, 1, 2, 2, 0, 2, 1, 1, 1, 0, 2, 0, 0, 0, 1, 0, 0, 2, 0, 2, 0, 0, 0, 1, 1, 1, 1, 1, 0, 2, 0, 2, 1, 1, 0, 0, 1, 1, 1, 2, 1, 1, 1, 1, 2, 2, 1, 2, 1]|[4, 1, 4, 0, 0, 2, 2, 0, 2, 4, 0, 1, 1, 1, 2, 4, 1, 2, 1, 0, 1, 0, 3, 1, 2, 2, 0, 2, 4, 3, 3, 2, 1, 0, 1, 0, 1, 2, 0, 1, 4, 2, 1, 1, 4, 2, 3, 1, 1, 2, 1, 1, 4, 1, 2, 1, 1, 1, 2, 2, 0, 2, 0, 1, 2, 4, 1, 2, 0, 2, 0, 0, 1, 1, 2, 4, 4, 1, 1, 0, 2, 0, 2, 0, 4, 2, 1, 4, 4, 1, 0, 4, 0, 3, 3, 0, 0, 4, 2, 0]|[2, 1, 1, 0, 0, 0, 0, 0, 0, 0, 0, 0, 1, 1, 0, 3, 0, 1, 0, 1, 0, 0, 2, 1, 0, 1, 0, 3, 0, 1, 0, 0, 1, 0, 1, 0, 0, 0, 1, 0, 1, 0, 1, 0, 3, 0, 1, 0, 1, 1, 0, 0, 0, 0, 1, 0, 0, 1, 1, 2, 0, 0, 1, 0, 0, 0, 0, 1, 0, 0, 0, 1, 0, 0, 1, 3, 0, 3, 2, 1, 0, 1, 1, 2, 0, 1, 0, 1, 0, 1, 0, 3, 3, 2, 2, 0, 1, 0, 0, 3],1019.7466885494563,58986.294799513074,135925.31465793698,true
1,G1_CMAX,G1_CMAX,[45, 1, 62, 78, 41, 39, 32, 87, 75, 12, 40, 99, 24, 38, 79, 30, 17, 91, 18, 83, 90, 35, 36, 14, 48, 50, 53, 4, 21, 31, 71, 64, 3, 23, 85, 44, 93, 26, 60, 52, 65, 13, 86, 46, 97, 88, 80, 7, 73, 84, 5, 59, 89, 49, 28, 2, 47, 29, 95, 43, 92, 98, 11, 66, 81, 63, 82, 55, 37, 58, 42, 61, 20, 0, 57, 33, 6, 27, 10, 77, 72, 67, 51, 25, 15, 34, 22, 8, 68, 56, 9, 16, 94, 54, 96, 74, 69, 76, 70, 19]|[1, 2, 0, 2, 2, 2, 1, 2, 2, 1, 1, 0, 2, 0, 1, 1, 1, 0, 0, 0, 2, 1, 1, 2, 2, 2, 0, 1, 1, 0, 0, 0, 0, 1, 1, 0, 0, 1, 2, 1, 1, 0, 1, 1, 0, 1, 0, 1, 1, 1, 1, 1, 1, 1, 2, 2, 1, 1, 0, 1, 2, 0, 2, 2, 0, 0, 1, 0, 1, 1, 1, 1, 2, 0, 0, 2, 1, 0, 2, 0, 2, 1, 0, 1, 2, 1, 0, 0, 0, 0, 1, 1, 2, 2, 1, 2, 0, 0, 1, 2]|[4, 2, 2, 0, 0, 0, 3, 0, 2, 1, 2, 2, 1, 1, 4, 4, 1, 0, 2, 2, 2, 0, 1, 1, 0, 1, 2, 1, 3, 1, 0, 1, 2, 4, 4, 0, 1, 4, 0, 2, 4, 2, 2, 4, 2, 1, 1, 1, 0, 1, 3, 3, 1, 0, 0, 1, 2, 3, 1, 1, 2, 2, 0, 1, 1, 1, 4, 0, 3, 0, 0, 3, 2, 1, 0, 1, 4, 1, 1, 2, 2, 4, 0, 4, 2, 1, 2, 2, 1, 0, 0, 4, 1, 1, 3, 1, 1, 1, 4, 2]|[2, 0, 1, 0, 0, 0, 0, 0, 1, 1, 2, 0, 1, 0, 1, 3, 1, 0, 1, 0, 0, 0, 3, 0, 0, 0, 1, 1, 0, 1, 0, 0, 0, 0, 3, 1, 0, 3, 1, 1, 3, 0, 1, 3, 0, 0, 1, 2, 1, 3, 2, 0, 1, 0, 0, 1, 2, 0, 0, 3, 0, 0, 0, 0, 1, 0, 1, 1, 1, 3, 0, 0, 0, 1, 1, 1, 2, 0, 1, 0, 0, 3, 0, 3, 0, 1, 0, 0, 0, 1, 1, 1, 1, 0, 2, 0, 1, 1, 3, 1],890.730766659574,60824.77102303543,128275.17991816477,false
1,G4_BALANCED,G4_BALANCED,[31, 22, 82, 15, 26, 9, 95, 42, 77, 4, 47, 5, 93, 78, 86, 54, 85, 63, 18, 44, 20, 49, 36, 14, 48, 50, 53, 17, 59, 35, 1, 96, 45, 71, 81, 56, 8, 30, 38, 43, 6, 57, 40, 88, 65, 83, 76, 69, 67, 68, 46, 75, 60, 58, 19, 32, 41, 51, 27, 62, 87, 90, 74, 21, 94, 84, 39, 92, 11, 34, 80, 61, 28, 3, 64, 29, 98, 37, 99, 23, 91, 89, 55, 13, 66, 0, 10, 73, 2, 24, 7, 16, 25, 79, 72, 12, 33, 52, 70, 97]|[1, 2, 1, 0, 2, 1, 0, 0, 1, 1, 2, 2, 1, 1, 1, 0, 0, 1, 0, 2, 1, 1, 1, 2, 1, 1, 0, 1, 1, 0, 1, 0, 1, 2, 2, 0, 0, 0, 0, 1, 0, 1, 2, 1, 1, 0, 1, 2, 2, 0, 2, 2, 2, 0, 0, 1, 0, 1, 0, 2, 2, 2, 2, 2, 2, 1, 0, 0, 1, 1, 0, 1, 1, 1, 2, 1, 1, 1, 1, 1, 0, 1, 1, 0, 0, 0, 0, 1, 0, 0, 1, 1, 0, 1, 2, 1, 2, 1, 1, 2]|[4, 2, 4, 1, 0, 3, 0, 0, 2, 4, 0, 1, 2, 2, 2, 1, 2, 3, 1, 1, 4, 3, 3, 1, 1, 2, 2, 4, 2, 1, 3, 2, 4, 0, 2, 1, 1, 1, 0, 1, 2, 2, 0, 1, 4, 0, 4, 2, 1, 1, 1, 1, 0, 1, 2, 3, 1, 4, 2, 0, 1, 2, 0, 1, 0, 1, 2, 0, 4, 1, 1, 0, 2, 3, 2, 3, 3, 4, 3, 4, 1, 1, 4, 2, 1, 0, 2, 4, 2, 1, 1, 4, 1, 4, 0, 4, 0, 2, 1, 2]|[2, 0, 1, 1, 0, 3, 0, 0, 0, 0, 0, 0, 1, 1, 0, 0, 0, 2, 0, 0, 1, 2, 2, 1, 1, 1, 1, 3, 1, 1, 0, 0, 2, 0, 1, 0, 0, 0, 1, 3, 1, 1, 0, 3, 3, 0, 2, 0, 0, 0, 0, 0, 1, 0, 0, 0, 1, 0, 0, 0, 1, 0, 0, 0, 0, 3, 1, 1, 2, 1, 0, 3, 2, 0, 0, 0, 2, 3, 2, 0, 0, 1, 3, 0, 0, 1, 1, 0, 0, 0, 2, 1, 0, 1, 1, 3, 0, 1, 3, 1],986.938642343314,59929.36372666092,125106.80156771615,false
1,G2_TEC,G3_TWC,[45, 1, 62, 78, 41, 39, 32, 87, 75, 12, 40, 99, 24, 38, 79, 30, 85, 63, 18, 44, 20, 49, 36, 14, 48, 76, 10, 54, 21, 31, 71, 64, 3, 23, 17, 83, 93, 26, 60, 52, 65, 27, 90, 70, 9, 42, 74, 69, 5, 68, 46, 22, 15, 58, 97, 59, 28, 8, 73, 37, 35, 86, 11, 66, 94, 95, 72, 13, 34, 6, 80, 61, 89, 92, 25, 82, 2, 47, 56, 7, 57, 55, 84, 19, 96, 50, 4, 98, 81, 51, 33, 91, 88, 16, 43, 77, 53, 0, 67, 29]|[2, 2, 2, 1, 2, 2, 0, 2, 0, 1, 2, 2, 2, 1, 0, 0, 0, 1, 0, 2, 2, 2, 0, 2, 2, 1, 2, 2, 1, 1, 0, 0, 0, 0, 1, 2, 0, 1, 1, 2, 0, 0, 1, 1, 0, 2, 0, 2, 1, 0, 2, 1, 2, 0, 1, 0, 2, 1, 2, 1, 1, 1, 2, 2, 1, 2, 2, 1, 1, 1, 0, 1, 1, 2, 1, 0, 2, 2, 1, 2, 0, 1, 0, 2, 0, 1, 1, 0, 2, 0, 2, 0, 1, 1, 1, 0, 0, 0, 0, 2]|[0, 1, 0, 2, 0, 1, 2, 2, 1, 4, 0, 1, 1, 4, 1, 1, 2, 3, 2, 1, 2, 0, 0, 1, 0, 2, 1, 1, 4, 0, 2, 1, 2, 0, 4, 0, 1, 4, 0, 1, 0, 1, 4, 4, 1, 2, 1, 1, 3, 1, 1, 2, 2, 1, 2, 2, 0, 3, 2, 3, 0, 3, 0, 1, 3, 1, 2, 4, 2, 4, 1, 3, 1, 2, 4, 1, 1, 2, 1, 1, 0, 2, 2, 2, 2, 4, 3, 2, 2, 0, 1, 1, 1, 4, 1, 2, 2, 0, 1, 2]|[0, 1, 0, 1, 0, 0, 0, 0, 1, 0, 0, 0, 1, 0, 0, 0, 0, 2, 1, 0, 0, 0, 0, 0, 0, 2, 0, 0, 0, 0, 0, 0, 0, 0, 3, 0, 0, 3, 0, 0, 1, 0, 1, 3, 0, 0, 1, 0, 2, 0, 0, 1, 0, 0, 1, 0, 0, 0, 0, 1, 0, 2, 0, 0, 1, 0, 0, 0, 3, 2, 0, 0, 1, 0, 3, 0, 1, 0, 0, 0, 1, 1, 0, 1, 0, 2, 0, 0, 1, 0, 1, 0, 0, 1, 3, 0, 1, 1, 0, 0],1282.5142001207455,57865.009506160255,154150.10338387243,true
1,G3_TWC,G1_CMAX,[45, 1, 62, 78, 41, 39, 32, 87, 75, 12, 47, 5, 93, 15, 86, 54, 85, 63, 18, 44, 20, 49, 36, 14, 48, 50, 53, 28, 59, 35, 83, 96, 9, 71, 81, 56, 8, 33, 67, 64, 6, 57, 40, 88, 65, 22, 76, 91, 80, 68, 69, 26, 51, 99, 19, 95, 77, 60, 27, 82, 42, 90, 74, 21, 2, 73, 72, 17, 94, 3, 30, 97, 24, 46, 52, 70, 29, 43, 7, 0, 10, 38, 31, 25, 4, 66, 84, 79, 23, 34, 37, 55, 61, 98, 16, 11, 89, 13, 92, 58]|[1, 2, 1, 2, 2, 2, 0, 0, 1, 1, 2, 2, 2, 0, 1, 1, 0, 2, 0, 0, 2, 2, 1, 2, 2, 1, 2, 1, 1, 1, 1, 0, 1, 2, 0, 2, 2, 2, 0, 0, 1, 0, 2, 1, 1, 0, 1, 0, 0, 0, 2, 2, 1, 2, 2, 0, 2, 1, 1, 1, 0, 2, 0, 0, 0, 1, 0, 0, 2, 0, 2, 0, 0, 0, 1, 1, 1, 1, 1, 0, 2, 0, 2, 1, 1, 0, 0, 1, 1, 1, 2, 1, 1, 1, 1, 2, 2, 1, 2, 1]|[4, 1, 4, 0, 0, 2, 2, 0, 2, 4, 0, 1, 1, 1, 2, 4, 1, 2, 1, 0, 1, 0, 3, 1, 2, 2, 0, 2, 4, 3, 3, 2, 1, 0, 1, 0, 1, 2, 0, 1, 4, 2, 1, 1, 4, 2, 3, 1, 1, 2, 1, 1, 4, 1, 2, 1, 1, 1, 2, 2, 0, 2, 0, 1, 2, 4, 1, 2, 0, 2, 0, 0, 1, 1, 2, 4, 4, 1, 1, 0, 2, 0, 2, 0, 4, 2, 1, 4, 4, 1, 0, 4, 0, 3, 3, 0, 0, 4, 2, 0]|[2, 1, 1, 0, 0, 0, 0, 0, 0, 0, 0, 0, 1, 1, 0, 3, 0, 1, 0, 1, 0, 0, 2, 1, 0, 1, 0, 3, 0, 1, 0, 0, 1, 0, 1, 0, 0, 0, 1, 0, 1, 0, 1, 0, 3, 0, 1, 0, 1, 1, 0, 0, 0, 0, 1, 0, 0, 1, 1, 2, 0, 0, 1, 0, 0, 0, 0, 1, 0, 0, 0, 1, 0, 0, 1, 3, 0, 3, 2, 1, 0, 1, 1, 2, 0, 1, 0, 1, 0, 1, 0, 3, 3, 2, 2, 0, 1, 0, 0, 3],1019.7466885494563,58986.294799513074,135925.31465793698,true
1,G1_CMAX,G1_CMAX,[45, 1, 62, 78, 41, 39, 32, 87, 75, 12, 40, 99, 24, 38, 79, 30, 17, 91, 18, 83, 90, 35, 36, 14, 48, 50, 53, 4, 21, 31, 71, 64, 3, 23, 85, 44, 93, 26, 60, 52, 65, 13, 86, 46, 97, 88, 80, 7, 73, 84, 5, 59, 89, 49, 28, 2, 47, 29, 95, 43, 92, 98, 11, 66, 81, 63, 82, 55, 37, 58, 42, 61, 20, 0, 57, 33, 6, 27, 10, 77, 72, 67, 51, 25, 15, 34, 22, 8, 68, 56, 9, 16, 94, 54, 96, 74, 69, 76, 70, 19]|[1, 2, 0, 2, 2, 2, 1, 2, 2, 1, 1, 0, 2, 0, 1, 1, 1, 0, 0, 0, 2, 1, 1, 2, 2, 2, 0, 1, 1, 0, 0, 0, 0, 1, 1, 0, 0, 1, 2, 1, 1, 0, 1, 1, 0, 1, 0, 1, 1, 1, 1, 1, 1, 1, 2, 2, 1, 1, 0, 1, 2, 0, 2, 2, 0, 0, 1, 0, 1, 1, 1, 1, 2, 0, 0, 2, 1, 0, 2, 0, 2, 1, 0, 1, 2, 1, 0, 0, 0, 0, 1, 1, 2, 2, 1, 2, 0, 0, 1, 2]|[4, 2, 2, 0, 0, 0, 3, 0, 2, 1, 2, 2, 1, 1, 4, 4, 1, 0, 2, 2, 2, 0, 1, 1, 0, 1, 2, 1, 3, 1, 0, 1, 2, 4, 4, 0, 1, 4, 0, 2, 4, 2, 2, 4, 2, 1, 1, 1, 0, 1, 3, 3, 1, 0, 0, 1, 2, 3, 1, 1, 2, 2, 0, 1, 1, 1, 4, 0, 3, 0, 0, 3, 2, 1, 0, 1, 4, 1, 1, 2, 2, 4, 0, 4, 2, 1, 2, 2, 1, 0, 0, 4, 1, 1, 3, 1, 1, 1, 4, 2]|[2, 0, 1, 0, 0, 0, 0, 0, 1, 1, 2, 0, 1, 0, 1, 3, 1, 0, 1, 0, 0, 0, 3, 0, 0, 0, 1, 1, 0, 1, 0, 0, 0, 0, 3, 1, 0, 3, 1, 1, 3, 0, 1, 3, 0, 0, 1, 2, 1, 3, 2, 0, 1, 0, 0, 1, 2, 0, 0, 3, 0, 0, 0, 0, 1, 0, 1, 1, 1, 3, 0, 0, 0, 1, 1, 1, 2, 0, 1, 0, 0, 3, 0, 3, 0, 1, 0, 0, 0, 1, 1, 1, 1, 0, 2, 0, 1, 1, 3, 1],890.730766659574,60824.77102303543,128275.17991816477,false
1,G4_BALANCED,G2_TEC,[45, 1, 62, 78, 41, 39, 32, 87, 75, 12, 40, 99, 24, 38, 79, 30, 17, 91, 18, 83, 90, 35, 43, 97, 63, 76, 10, 54, 21, 31, 44, 13, 73, 51, 81, 56, 14, 85, 69, 9, 22, 27, 20, 70, 49, 42, 74, 15, 5, 68, 46, 77, 60, 58, 19, 96, 26, 59, 57, 64, 6, 50, 47, 37, 82, 53, 72, 28, 94, 4, 33, 8, 93, 95, 52, 88, 29, 89, 55, 0, 2, 80, 65, 25, 3, 66, 84, 86, 23, 34, 71, 7, 61, 98, 16, 11, 36, 48, 92, 67]|[1, 1, 1, 2, 2, 2, 0, 0, 2, 2, 2, 2, 1, 1, 0, 2, 0, 2, 0, 0, 1, 2, 2, 2, 2, 0, 2, 2, 1, 0, 0, 1, 1, 0, 0, 2, 2, 0, 2, 1, 2, 0, 2, 1, 1, 0, 0, 2, 1, 0, 2, 2, 1, 0, 2, 0, 1, 1, 0, 0, 0, 1, 1, 1, 0, 0, 1, 1, 1, 1, 0, 1, 2, 0, 0, 2, 1, 1, 1, 0, 2, 0, 1, 1, 1, 2, 0, 1, 1, 0, 0, 1, 1, 0, 1, 2, 1, 2, 2, 1]|[3, 0, 2, 0, 0, 0, 0, 0, 2, 2, 1, 1, 1, 4, 1, 0, 1, 1, 1, 2, 4, 0, 2, 1, 2, 2, 1, 1, 1, 1, 0, 2, 4, 0, 1, 0, 1, 1, 2, 1, 1, 2, 2, 1, 3, 2, 0, 2, 3, 2, 1, 1, 1, 1, 2, 0, 4, 2, 1, 1, 2, 4, 2, 1, 1, 2, 2, 2, 4, 3, 1, 4, 1, 0, 2, 1, 3, 1, 2, 0, 1, 1, 4, 4, 3, 0, 1, 4, 4, 0, 0, 1, 0, 2, 4, 0, 3, 2, 2, 0]|[3, 1, 2, 0, 0, 0, 0, 0, 1, 0, 1, 0, 2, 0, 1, 1, 0, 0, 0, 0, 1, 0, 0, 1, 1, 1, 0, 0, 0, 1, 1, 2, 0, 0, 1, 0, 1, 0, 0, 1, 1, 0, 0, 3, 2, 0, 1, 0, 2, 1, 0, 0, 1, 0, 1, 0, 3, 1, 1, 0, 1, 2, 2, 0, 0, 1, 1, 1, 2, 0, 0, 2, 1, 0, 0, 1, 0, 1, 1, 1, 1, 0, 3, 3, 3, 0, 0, 1, 0, 0, 1, 2, 3, 0, 0, 0, 2, 0, 0, 0],945.9065922875762,61087.12750041713,126543.65138075766,true
1,G2_TEC,G3_TWC,[45, 1, 62, 78, 41, 39, 32, 87, 75, 12, 40, 99, 24, 38, 79, 30, 85, 63, 18, 44, 20, 49, 36, 14, 48, 76, 10, 54, 21, 31, 71, 64, 3, 23, 17, 83, 93, 26, 60, 52, 65, 27, 90, 70, 9, 42, 74, 69, 5, 68, 46, 22, 15, 58, 97, 59, 28, 8, 73, 37, 35, 86, 11, 66, 94, 95, 72, 13, 34, 6, 80, 61, 89, 92, 25, 82, 2, 47, 56, 7, 57, 55, 84, 19, 96, 50, 4, 98, 81, 51, 33, 91, 88, 16, 43, 77, 53, 0, 67, 29]|[2, 2, 2, 1, 2, 2, 0, 2, 0, 1, 2, 2, 2, 1, 0, 0, 0, 1, 0, 2, 2, 2, 0, 2, 2, 1, 2, 2, 1, 1, 0, 0, 0, 0, 1, 2, 0, 1, 1, 2, 0, 0, 1, 1, 0, 2, 0, 2, 1, 0, 2, 1, 2, 0, 1, 0, 2, 1, 2, 1, 1, 1, 2, 2, 1, 2, 2, 1, 1, 1, 0, 1, 1, 2, 1, 0, 2, 2, 1, 2, 0, 1, 0, 2, 0, 1, 1, 0, 2, 0, 2, 0, 1, 1, 1, 0, 0, 0, 0, 2]|[0, 1, 0, 2, 0, 1, 2, 2, 1, 4, 0, 1, 1, 4, 1, 1, 2, 3, 2, 1, 2, 0, 0, 1, 0, 2, 1, 1, 4, 0, 2, 1, 2, 0, 4, 0, 1, 4, 0, 1, 0, 1, 4, 4, 1, 2, 1, 1, 3, 1, 1, 2, 2, 1, 2, 2, 0, 3, 2, 3, 0, 3, 0, 1, 3, 1, 2, 4, 2, 4, 1, 3, 1, 2, 4, 1, 1, 2, 1, 1, 0, 2, 2, 2, 2, 4, 3, 2, 2, 0, 1, 1, 1, 4, 1, 2, 2, 0, 1, 2]|[0, 1, 0, 1, 0, 0, 0, 0, 1, 0, 0, 0, 1, 0, 0, 0, 0, 2, 1, 0, 0, 0, 0, 0, 0, 2, 0, 0, 0, 0, 0, 0, 0, 0, 3, 0, 0, 3, 0, 0, 1, 0, 1, 3, 0, 0, 1, 0, 2, 0, 0, 1, 0, 0, 1, 0, 0, 0, 0, 1, 0, 2, 0, 0, 1, 0, 0, 0, 3, 2, 0, 0, 1, 0, 3, 0, 1, 0, 0, 0, 1, 1, 0, 1, 0, 2, 0, 0, 1, 0, 1, 0, 0, 1, 3, 0, 1, 1, 0, 0],1282.5142001207455,57865.009506160255,154150.10338387243,true
1,G3_TWC,G4_BALANCED,[31, 22, 82, 15, 26, 9, 95, 42, 77, 4, 47, 5, 93, 78, 86, 54, 85, 63, 18, 44, 20, 49, 36, 14, 48, 50, 53, 17, 59, 35, 1, 96, 45, 71, 81, 56, 8, 30, 38, 43, 6, 57, 40, 88, 65, 83, 76, 69, 67, 68, 46, 75, 60, 58, 19, 32, 41, 51, 27, 62, 87, 90, 74, 21, 94, 84, 39, 92, 11, 34, 80, 61, 28, 3, 64, 29, 98, 37, 99, 23, 91, 89, 55, 13, 66, 0, 10, 73, 2, 24, 7, 16, 25, 79, 72, 12, 33, 52, 70, 97]|[1, 2, 1, 0, 2, 1, 0, 0, 1, 1, 2, 2, 1, 1, 1, 0, 0, 1, 0, 2, 1, 1, 1, 2, 1, 1, 0, 1, 1, 0, 1, 0, 1, 2, 2, 0, 0, 0, 0, 1, 0, 1, 2, 1, 1, 0, 1, 2, 2, 0, 2, 2, 2, 0, 0, 1, 0, 1, 0, 2, 2, 2, 2, 2, 2, 1, 0, 0, 1, 1, 0, 1, 1, 1, 2, 1, 1, 1, 1, 1, 0, 1, 1, 0, 0, 0, 0, 1, 0, 0, 1, 1, 0, 1, 2, 1, 2, 1, 1, 2]|[4, 2, 4, 1, 0, 3, 0, 0, 2, 4, 0, 1, 2, 2, 2, 1, 2, 3, 1, 1, 4, 3, 3, 1, 1, 2, 2, 4, 2, 1, 3, 2, 4, 0, 2, 1, 1, 1, 0, 1, 2, 2, 0, 1, 4, 0, 4, 2, 1, 1, 1, 1, 0, 1, 2, 3, 1, 4, 2, 0, 1, 2, 0, 1, 0, 1, 2, 0, 4, 1, 1, 0, 2, 3, 2, 3, 3, 4, 3, 4, 1, 1, 4, 2, 1, 0, 2, 4, 2, 1, 1, 4, 1, 4, 0, 4, 0, 2, 1, 2]|[2, 0, 1, 1, 0, 3, 0, 0, 0, 0, 0, 0, 1, 1, 0, 0, 0, 2, 0, 0, 1, 2, 2, 1, 1, 1, 1, 3, 1, 1, 0, 0, 2, 0, 1, 0, 0, 0, 1, 3, 1, 1, 0, 3, 3, 0, 2, 0, 0, 0, 0, 0, 1, 0, 0, 0, 1, 0, 0, 0, 1, 0, 0, 0, 0, 3, 1, 1, 2, 1, 0, 3, 2, 0, 0, 0, 2, 3, 2, 0, 0, 1, 3, 0, 0, 1, 1, 0, 0, 0, 2, 1, 0, 1, 1, 3, 0, 1, 3, 1],986.938642343314,59929.36372666092,125106.80156771615,true
1,G1_CMAX,G1_CMAX,[45, 1, 62, 78, 41, 39, 32, 87, 75, 12, 40, 99, 24, 38, 79, 30, 17, 91, 18, 83, 90, 35, 36, 14, 48, 50, 53, 4, 21, 31, 71, 64, 3, 23, 85, 44, 93, 26, 60, 52, 65, 13, 86, 46, 97, 88, 80, 7, 73, 84, 5, 59, 89, 49, 28, 2, 47, 29, 95, 43, 92, 98, 11, 66, 81, 63, 82, 55, 37, 58, 42, 61, 20, 0, 57, 33, 6, 27, 10, 77, 72, 67, 51, 25, 15, 34, 22, 8, 68, 56, 9, 16, 94, 54, 96, 74, 69, 76, 70, 19]|[1, 2, 0, 2, 2, 2, 1, 2, 2, 1, 1, 0, 2, 0, 1, 1, 1, 0, 0, 0, 2, 1, 1, 2, 2, 2, 0, 1, 1, 0, 0, 0, 0, 1, 1, 0, 0, 1, 2, 1, 1, 0, 1, 1, 0, 1, 0, 1, 1, 1, 1, 1, 1, 1, 2, 2, 1, 1, 0, 1, 2, 0, 2, 2, 0, 0, 1, 0, 1, 1, 1, 1, 2, 0, 0, 2, 1, 0, 2, 0, 2, 1, 0, 1, 2, 1, 0, 0, 0, 0, 1, 1, 2, 2, 1, 2, 0, 0, 1, 2]|[4, 2, 2, 0, 0, 0, 3, 0, 2, 1, 2, 2, 1, 1, 4, 4, 1, 0, 2, 2, 2, 0, 1, 1, 0, 1, 2, 1, 3, 1, 0, 1, 2, 4, 4, 0, 1, 4, 0, 2, 4, 2, 2, 4, 2, 1, 1, 1, 0, 1, 3, 3, 1, 0, 0, 1, 2, 3, 1, 1, 2, 2, 0, 1, 1, 1, 4, 0, 3, 0, 0, 3, 2, 1, 0, 1, 4, 1, 1, 2, 2, 4, 0, 4, 2, 1, 2, 2, 1, 0, 0, 4, 1, 1, 3, 1, 1, 1, 4, 2]|[2, 0, 1, 0, 0, 0, 0, 0, 1, 1, 2, 0, 1, 0, 1, 3, 1, 0, 1, 0, 0, 0, 3, 0, 0, 0, 1, 1, 0, 1, 0, 0, 0, 0, 3, 1, 0, 3, 1, 1, 3, 0, 1, 3, 0, 0, 1, 2, 1, 3, 2, 0, 1, 0, 0, 1, 2, 0, 0, 3, 0, 0, 0, 0, 1, 0, 1, 1, 1, 3, 0, 0, 0, 1, 1, 1, 2, 0, 1, 0, 0, 3, 0, 3, 0, 1, 0, 0, 0, 1, 1, 1, 1, 0, 2, 0, 1, 1, 3, 1],890.730766659574,60824.77102303543,128275.17991816477,false
1,G4_BALANCED,G1_CMAX,[45, 1, 62, 78, 41, 39, 32, 87, 75, 12, 40, 99, 24, 38, 79, 30, 17, 91, 18, 83, 90, 35, 36, 14, 48, 50, 53, 4, 21, 31, 71, 64, 3, 23, 85, 44, 93, 26, 60, 52, 65, 13, 86, 46, 97, 88, 80, 7, 73, 84, 5, 59, 89, 49, 28, 2, 47, 29, 95, 43, 92, 98, 11, 66, 81, 63, 82, 55, 37, 58, 42, 61, 20, 0, 57, 33, 6, 27, 10, 77, 72, 67, 51, 25, 15, 34, 22, 8, 68, 56, 9, 16, 94, 54, 96, 74, 69, 76, 70, 19]|[1, 2, 0, 2, 2, 2, 1, 2, 2, 1, 1, 0, 2, 0, 1, 1, 1, 0, 0, 0, 2, 1, 1, 2, 2, 2, 0, 1, 1, 0, 0, 0, 0, 1, 1, 0, 0, 1, 2, 1, 1, 0, 1, 1, 0, 1, 0, 1, 1, 1, 1, 1, 1, 1, 2, 2, 1, 1, 0, 1, 2, 0, 2, 2, 0, 0, 1, 0, 1, 1, 1, 1, 2, 0, 0, 2, 1, 0, 2, 0, 2, 1, 0, 1, 2, 1, 0, 0, 0, 0, 1, 1, 2, 2, 1, 2, 0, 0, 1, 2]|[4, 2, 2, 0, 0, 0, 3, 0, 2, 1, 2, 2, 1, 1, 4, 4, 1, 0, 2, 2, 2, 0, 1, 1, 0, 1, 2, 1, 3, 1, 0, 1, 2, 4, 4, 0, 1, 4, 0, 2, 4, 2, 2, 4, 2, 1, 1, 1, 0, 1, 3, 3, 1, 0, 0, 1, 2, 3, 1, 1, 2, 2, 0, 1, 1, 1, 4, 0, 3, 0, 0, 3, 2, 1, 0, 1, 4, 1, 1, 2, 2, 4, 0, 4, 2, 1, 2, 2, 1, 0, 0, 4, 1, 1, 3, 1, 1, 1, 4, 2]|[2, 0, 1, 0, 0, 0, 0, 0, 1, 1, 2, 0, 1, 0, 1, 3, 1, 0, 1, 0, 0, 0, 3, 0, 0, 0, 1, 1, 0, 1, 0, 0, 0, 0, 3, 1, 0, 3, 1, 1, 3, 0, 1, 3, 0, 0, 1, 2, 1, 3, 2, 0, 1, 0, 0, 1, 2, 0, 0, 3, 0, 0, 0, 0, 1, 0, 1, 1, 1, 3, 0, 0, 0, 1, 1, 1, 2, 0, 1, 0, 0, 3, 0, 3, 0, 1, 0, 0, 0, 1, 1, 1, 1, 0, 2, 0, 1, 1, 3, 1],890.730766659574,60824.77102303543,128275.17991816477,true
1,G2_TEC,G3_TWC,[45, 1, 62, 78, 41, 39, 32, 87, 75, 12, 40, 99, 24, 38, 79, 30, 85, 63, 18, 44, 20, 49, 36, 14, 48, 76, 10, 54, 21, 31, 71, 64, 3, 23, 17, 83, 93, 26, 60, 52, 65, 27, 90, 70, 9, 42, 74, 69, 5, 68, 46, 22, 15, 58, 97, 59, 28, 8, 73, 37, 35, 86, 11, 66, 94, 95, 72, 13, 34, 6, 80, 61, 89, 92, 25, 82, 2, 47, 56, 7, 57, 55, 84, 19, 96, 50, 4, 98, 81, 51, 33, 91, 88, 16, 43, 77, 53, 0, 67, 29]|[2, 2, 2, 1, 2, 2, 0, 2, 0, 1, 2, 2, 2, 1, 0, 0, 0, 1, 0, 2, 2, 2, 0, 2, 2, 1, 2, 2, 1, 1, 0, 0, 0, 0, 1, 2, 0, 1, 1, 2, 0, 0, 1, 1, 0, 2, 0, 2, 1, 0, 2, 1, 2, 0, 1, 0, 2, 1, 2, 1, 1, 1, 2, 2, 1, 2, 2, 1, 1, 1, 0, 1, 1, 2, 1, 0, 2, 2, 1, 2, 0, 1, 0, 2, 0, 1, 1, 0, 2, 0, 2, 0, 1, 1, 1, 0, 0, 0, 0, 2]|[0, 1, 0, 2, 0, 1, 2, 2, 1, 4, 0, 1, 1, 4, 1, 1, 2, 3, 2, 1, 2, 0, 0, 1, 0, 2, 1, 1, 4, 0, 2, 1, 2, 0, 4, 0, 1, 4, 0, 1, 0, 1, 4, 4, 1, 2, 1, 1, 3, 1, 1, 2, 2, 1, 2, 2, 0, 3, 2, 3, 0, 3, 0, 1, 3, 1, 2, 4, 2, 4, 1, 3, 1, 2, 4, 1, 1, 2, 1, 1, 0, 2, 2, 2, 2, 4, 3, 2, 2, 0, 1, 1, 1, 4, 1, 2, 2, 0, 1, 2]|[0, 1, 0, 1, 0, 0, 0, 0, 1, 0, 0, 0, 1, 0, 0, 0, 0, 2, 1, 0, 0, 0, 0, 0, 0, 2, 0, 0, 0, 0, 0, 0, 0, 0, 3, 0, 0, 3, 0, 0, 1, 0, 1, 3, 0, 0, 1, 0, 2, 0, 0, 1, 0, 0, 1, 0, 0, 0, 0, 1, 0, 2, 0, 0, 1, 0, 0, 0, 3, 2, 0, 0, 1, 0, 3, 0, 1, 0, 0, 0, 1, 1, 0, 1, 0, 2, 0, 0, 1, 0, 1, 0, 0, 1, 3, 0, 1, 1, 0, 0],1282.5142001207455,57865.009506160255,154150.10338387243,true
1,G3_TWC,G4_BALANCED,[31, 22, 82, 15, 26, 9, 95, 42, 77, 4, 47, 5, 93, 78, 86, 54, 85, 63, 18, 44, 20, 49, 36, 14, 48, 50, 53, 17, 59, 35, 1, 96, 45, 71, 81, 56, 8, 30, 38, 43, 6, 57, 40, 88, 65, 83, 76, 69, 67, 68, 46, 75, 60, 58, 19, 32, 41, 51, 27, 62, 87, 90, 74, 21, 94, 84, 39, 92, 11, 34, 80, 61, 28, 3, 64, 29, 98, 37, 99, 23, 91, 89, 55, 13, 66, 0, 10, 73, 2, 24, 7, 16, 25, 79, 72, 12, 33, 52, 70, 97]|[1, 2, 1, 0, 2, 1, 0, 0, 1, 1, 2, 2, 1, 1, 1, 0, 0, 1, 0, 2, 1, 1, 1, 2, 1, 1, 0, 1, 1, 0, 1, 0, 1, 2, 2, 0, 0, 0, 0, 1, 0, 1, 2, 1, 1, 0, 1, 2, 2, 0, 2, 2, 2, 0, 0, 1, 0, 1, 0, 2, 2, 2, 2, 2, 2, 1, 0, 0, 1, 1, 0, 1, 1, 1, 2, 1, 1, 1, 1, 1, 0, 1, 1, 0, 0, 0, 0, 1, 0, 0, 1, 1, 0, 1, 2, 1, 2, 1, 1, 2]|[4, 2, 4, 1, 0, 3, 0, 0, 2, 4, 0, 1, 2, 2, 2, 1, 2, 3, 1, 1, 4, 3, 3, 1, 1, 2, 2, 4, 2, 1, 3, 2, 4, 0, 2, 1, 1, 1, 0, 1, 2, 2, 0, 1, 4, 0, 4, 2, 1, 1, 1, 1, 0, 1, 2, 3, 1, 4, 2, 0, 1, 2, 0, 1, 0, 1, 2, 0, 4, 1, 1, 0, 2, 3, 2, 3, 3, 4, 3, 4, 1, 1, 4, 2, 1, 0, 2, 4, 2, 1, 1, 4, 1, 4, 0, 4, 0, 2, 1, 2]|[2, 0, 1, 1, 0, 3, 0, 0, 0, 0, 0, 0, 1, 1, 0, 0, 0, 2, 0, 0, 1, 2, 2, 1, 1, 1, 1, 3, 1, 1, 0, 0, 2, 0, 1, 0, 0, 0, 1, 3, 1, 1, 0, 3, 3, 0, 2, 0, 0, 0, 0, 0, 1, 0, 0, 0, 1, 0, 0, 0, 1, 0, 0, 0, 0, 3, 1, 1, 2, 1, 0, 3, 2, 0, 0, 0, 2, 3, 2, 0, 0, 1, 3, 0, 0, 1, 1, 0, 0, 0, 2, 1, 0, 1, 1, 3, 0, 1, 3, 1],986.938642343314,59929.36372666092,125106.80156771615,true
1,G1_CMAX,G1_CMAX,[45, 1, 62, 78, 41, 39, 32, 87, 75, 12, 40, 99, 24, 38, 79, 30, 17, 91, 18, 83, 90, 35, 43, 97, 63, 76, 10, 54, 21, 31, 44, 13, 73, 51, 81, 56, 14, 85, 69, 9, 65, 27, 26, 70, 82, 42, 74, 7, 3, 84, 5, 59, 89, 94, 28, 2, 47, 29, 96, 36, 92, 98, 11, 66, 50, 48, 93, 67, 37, 58, 88, 61, 20, 0, 57, 33, 6, 64, 53, 77, 72, 55, 23, 25, 95, 52, 22, 8, 68, 71, 34, 16, 49, 86, 15, 4, 60, 80, 46, 19]|[0, 1, 0, 2, 2, 2, 0, 1, 0, 1, 2, 2, 1, 1, 0, 2, 1, 0, 0, 0, 1, 0, 1, 0, 2, 1, 1, 2, 1, 0, 0, 1, 1, 2, 1, 1, 2, 0, 0, 1, 1, 0, 1, 1, 0, 1, 1, 1, 0, 1, 1, 1, 1, 1, 1, 2, 1, 1, 0, 0, 2, 0, 2, 2, 2, 2, 2, 0, 1, 0, 1, 1, 2, 2, 0, 2, 1, 0, 0, 0, 1, 0, 1, 0, 0, 1, 2, 1, 0, 0, 1, 0, 2, 1, 2, 1, 2, 0, 0, 2]|[1, 0, 2, 2, 2, 1, 1, 4, 2, 4, 0, 1, 1, 4, 1, 0, 1, 1, 2, 1, 4, 1, 1, 1, 2, 3, 2, 1, 3, 1, 2, 2, 0, 0, 2, 1, 1, 2, 1, 0, 4, 2, 4, 4, 1, 0, 3, 1, 2, 1, 3, 2, 4, 4, 2, 1, 2, 3, 1, 1, 2, 1, 0, 0, 1, 0, 1, 1, 3, 1, 1, 0, 2, 2, 0, 1, 4, 1, 2, 2, 2, 2, 1, 1, 0, 2, 1, 4, 2, 2, 1, 0, 2, 2, 2, 2, 0, 1, 2, 2]|[1, 1, 1, 0, 0, 0, 0, 1, 0, 0, 0, 0, 2, 0, 1, 1, 1, 0, 1, 0, 1, 1, 3, 1, 0, 1, 2, 0, 0, 1, 0, 2, 1, 0, 3, 0, 0, 0, 1, 1, 3, 0, 3, 3, 0, 0, 1, 2, 0, 3, 2, 1, 3, 2, 3, 1, 2, 0, 0, 0, 0, 0, 0, 0, 0, 0, 1, 0, 1, 0, 0, 3, 0, 0, 1, 1, 2, 0, 1, 0, 1, 1, 1, 0, 0, 3, 1, 2, 1, 0, 1, 0, 0, 1, 0, 3, 1, 0, 0, 1],928.0265022627096,62558.900622923284,126858.20664653057,false
1,G4_BALANCED,G4_BALANCED,[31, 22, 82, 15, 26, 9, 95, 42, 77, 4, 47, 5, 93, 78, 86, 54, 85, 63, 18, 44, 20, 49, 36, 14, 48, 50, 53, 17, 59, 35, 1, 96, 45, 71, 81, 56, 8, 30, 38, 43, 6, 57, 40, 88, 65, 83, 76, 69, 46, 68, 99, 75, 60, 94, 28, 2, 62, 29, 32, 34, 70, 16, 11, 66, 74, 73, 72, 24, 37, 87, 80, 61, 89, 92, 25, 97, 21, 13, 10, 58, 90, 3, 51, 27, 64, 39, 23, 67, 84, 98, 52, 33, 55, 12, 79, 41, 7, 0, 91, 19]|[0, 2, 1, 0, 1, 2, 0, 0, 1, 0, 1, 1, 2, 1, 1, 2, 0, 0, 0, 2, 2, 1, 0, 2, 1, 2, 0, 1, 1, 0, 0, 0, 1, 2, 1, 0, 2, 1, 0, 1, 1, 0, 2, 1, 0, 0, 1, 2, 0, 0, 0, 2, 1, 1, 1, 0, 1, 1, 0, 1, 1, 1, 2, 2, 0, 1, 2, 0, 1, 2, 0, 1, 1, 2, 1, 0, 0, 0, 2, 0, 1, 1, 2, 0, 2, 1, 1, 0, 0, 0, 1, 2, 0, 1, 1, 2, 2, 0, 0, 2]|[1, 1, 4, 1, 4, 1, 0, 0, 2, 0, 2, 3, 1, 2, 2, 1, 1, 1, 2, 1, 1, 3, 0, 1, 1, 1, 2, 4, 4, 1, 2, 2, 0, 0, 4, 0, 1, 4, 1, 1, 4, 2, 0, 1, 0, 2, 2, 2, 2, 1, 2, 2, 1, 4, 2, 2, 2, 4, 1, 2, 4, 3, 0, 0, 0, 0, 2, 1, 3, 1, 1, 0, 1, 2, 4, 2, 1, 2, 2, 1, 4, 2, 0, 0, 2, 1, 4, 1, 2, 1, 1, 1, 2, 4, 4, 2, 1, 1, 1, 2]|[1, 1, 1, 1, 3, 0, 0, 0, 0, 1, 2, 2, 1, 1, 1, 0, 0, 0, 1, 0, 0, 2, 0, 0, 1, 0, 1, 3, 0, 1, 0, 0, 1, 0, 2, 1, 0, 3, 1, 3, 2, 0, 0, 0, 1, 0, 2, 0, 0, 0, 0, 1, 1, 2, 1, 0, 2, 0, 0, 3, 3, 2, 0, 0, 1, 1, 0, 0, 1, 1, 0, 3, 1, 0, 3, 0, 0, 0, 0, 0, 1, 1, 0, 1, 0, 3, 0, 0, 0, 0, 1, 1, 1, 0, 1, 0, 0, 1, 0, 1],1004.1082210855385,59894.317053724226,127596.32894949582,false
1,G2_TEC,G2_TEC,[45, 1, 62, 78, 41, 39, 32, 87, 75, 12, 40, 99, 24, 38, 79, 30, 85, 63, 18, 44, 20, 49, 36, 14, 48, 76, 10, 54, 21, 31, 71, 64, 3, 23, 17, 83, 93, 26, 60, 52, 65, 27, 90, 70, 9, 42, 74, 69, 5, 68, 46, 22, 15, 58, 97, 59, 28, 8, 73, 37, 35, 86, 11, 66, 94, 95, 72, 13, 34, 6, 80, 61, 89, 92, 25, 82, 2, 47, 56, 7, 57, 55, 84, 19, 96, 50, 29, 81, 43, 51, 33, 16, 67, 91, 0, 4, 77, 88, 98, 53]|[0, 2, 2, 1, 2, 2, 0, 2, 0, 1, 2, 0, 2, 1, 1, 0, 0, 1, 0, 2, 2, 2, 0, 2, 2, 1, 2, 2, 1, 1, 0, 0, 0, 0, 1, 2, 0, 1, 1, 2, 0, 0, 1, 1, 0, 2, 0, 2, 1, 0, 2, 1, 2, 0, 2, 0, 2, 1, 1, 1, 1, 1, 2, 2, 1, 2, 1, 1, 1, 1, 0, 1, 1, 2, 1, 0, 2, 2, 1, 0, 0, 1, 0, 2, 0, 2, 0, 2, 1, 0, 2, 1, 0, 0, 0, 1, 0, 1, 0, 0]|[1, 1, 0, 2, 0, 1, 2, 2, 1, 4, 0, 2, 1, 4, 4, 1, 2, 3, 2, 1, 2, 0, 0, 1, 0, 2, 1, 1, 4, 0, 2, 1, 2, 0, 4, 0, 1, 4, 0, 1, 2, 1, 4, 4, 1, 2, 1, 1, 3, 1, 1, 2, 2, 1, 1, 2, 0, 3, 4, 3, 0, 3, 0, 0, 3, 1, 2, 4, 4, 4, 1, 3, 1, 2, 4, 1, 1, 2, 1, 2, 0, 3, 1, 2, 2, 1, 1, 2, 1, 0, 1, 4, 1, 1, 2, 3, 2, 1, 1, 2]|[1, 1, 0, 1, 0, 0, 0, 0, 1, 0, 0, 0, 1, 0, 1, 0, 0, 2, 1, 0, 0, 0, 0, 0, 0, 2, 0, 0, 0, 0, 0, 0, 0, 0, 3, 0, 0, 3, 0, 0, 0, 0, 1, 3, 0, 0, 1, 0, 2, 0, 0, 1, 0, 0, 1, 0, 0, 0, 2, 1, 0, 2, 0, 0, 1, 0, 1, 0, 2, 2, 0, 0, 1, 0, 3, 0, 0, 0, 0, 0, 1, 0, 1, 1, 0, 0, 0, 1, 3, 0, 1, 1, 0, 0, 0, 0, 0, 0, 0, 1],1117.1296088588838,57217.14126945194,151235.49267900124,false
1,G3_TWC,G3_TWC,[31, 22, 82, 15, 41, 39, 32, 87, 75, 12, 47, 5, 93, 78, 86, 54, 85, 63, 18, 44, 20, 35, 43, 97, 91, 76, 10, 30, 21, 45, 71, 64, 1, 23, 17, 83, 24, 26, 60, 36, 6, 57, 40, 88, 65, 56, 50, 69, 67, 68, 46, 77, 38, 58, 19, 95, 81, 48, 27, 62, 42, 90, 74, 59, 2, 73, 72, 8, 37, 70, 80, 61, 89, 92, 25, 14, 66, 13, 53, 94, 16, 49, 29, 11, 96, 9, 3, 99, 55, 98, 52, 33, 84, 4, 79, 34, 7, 0, 51, 28]|[2, 2, 2, 2, 1, 1, 1, 0, 0, 1, 1, 1, 1, 1, 1, 0, 0, 0, 0, 2, 2, 0, 1, 2, 0, 2, 0, 1, 0, 2, 1, 2, 2, 2, 1, 0, 0, 0, 1, 1, 0, 1, 2, 1, 1, 1, 1, 2, 0, 0, 0, 2, 1, 1, 2, 1, 2, 2, 0, 2, 2, 1, 2, 1, 0, 1, 2, 0, 1, 1, 0, 1, 1, 2, 1, 0, 0, 0, 2, 2, 1, 1, 1, 1, 1, 0, 2, 0, 1, 0, 1, 2, 1, 1, 0, 1, 1, 0, 0, 1]|[0, 2, 0, 0, 4, 0, 3, 0, 2, 3, 2, 3, 2, 4, 4, 1, 2, 1, 2, 1, 1, 1, 1, 2, 1, 1, 2, 1, 1, 0, 3, 2, 2, 0, 4, 0, 1, 1, 4, 3, 2, 2, 0, 1, 4, 1, 2, 2, 0, 1, 1, 1, 1, 0, 2, 3, 2, 0, 1, 0, 2, 3, 0, 2, 2, 4, 0, 1, 4, 1, 1, 3, 1, 2, 4, 2, 2, 2, 2, 0, 3, 3, 3, 4, 3, 2, 2, 2, 4, 1, 2, 2, 1, 4, 1, 1, 1, 0, 1, 2]|[0, 0, 0, 0, 3, 1, 0, 0, 0, 0, 2, 2, 1, 0, 1, 0, 0, 0, 1, 0, 0, 1, 3, 1, 0, 0, 1, 1, 0, 0, 0, 0, 0, 0, 3, 0, 0, 1, 0, 2, 1, 1, 0, 0, 3, 0, 1, 0, 1, 0, 0, 0, 1, 3, 1, 0, 1, 0, 0, 0, 0, 2, 0, 1, 0, 0, 1, 0, 3, 3, 0, 0, 1, 0, 3, 0, 1, 0, 0, 0, 2, 0, 0, 2, 2, 1, 0, 0, 3, 0, 1, 0, 3, 0, 0, 1, 2, 1, 0, 1],910.4832055929189,59120.46185836394,134236.2183441338,false
1,G1_CMAX,G1_CMAX,[45, 1, 62, 78, 41, 39, 32, 87, 75, 12, 40, 99, 24, 38, 79, 30, 17, 91, 18, 83, 90, 35, 36, 14, 48, 50, 53, 4, 21, 31, 71, 64, 3, 23, 85, 44, 93, 26, 60, 52, 65, 13, 86, 46, 97, 88, 80, 7, 73, 84, 5, 59, 89, 58, 9, 22, 28, 8, 70, 37, 49, 20, 11, 66, 94, 95, 72, 27, 68, 6, 74, 61, 15, 81, 92, 55, 16, 51, 10, 77, 57, 76, 56, 96, 34, 33, 43, 82, 2, 98, 54, 63, 0, 47, 67, 69, 25, 29, 42, 19]|[2, 2, 0, 2, 2, 2, 1, 2, 2, 1, 1, 0, 1, 1, 0, 0, 0, 1, 0, 0, 1, 2, 0, 2, 2, 1, 0, 2, 1, 0, 0, 0, 0, 0, 1, 0, 0, 1, 1, 1, 0, 0, 1, 1, 0, 2, 0, 0, 1, 0, 1, 1, 1, 1, 1, 0, 2, 1, 2, 1, 2, 1, 2, 2, 1, 0, 2, 0, 0, 1, 0, 1, 2, 0, 2, 0, 1, 0, 2, 0, 0, 2, 1, 0, 0, 2, 1, 0, 2, 0, 2, 0, 0, 1, 0, 2, 1, 1, 2, 2]|[0, 2, 2, 0, 2, 1, 3, 2, 2, 4, 2, 2, 2, 4, 1, 1, 2, 3, 2, 1, 4, 0, 0, 1, 0, 2, 2, 1, 4, 1, 0, 1, 2, 0, 4, 1, 1, 4, 0, 1, 0, 1, 4, 4, 2, 2, 1, 1, 0, 2, 3, 3, 1, 0, 0, 1, 0, 4, 2, 3, 2, 3, 0, 0, 4, 1, 2, 1, 1, 4, 1, 3, 2, 1, 2, 2, 4, 0, 1, 2, 0, 1, 1, 2, 0, 1, 4, 1, 1, 1, 1, 1, 0, 1, 1, 1, 4, 3, 0, 2]|[0, 0, 1, 0, 0, 0, 0, 0, 1, 0, 2, 0, 1, 0, 0, 0, 0, 2, 1, 0, 1, 0, 0, 0, 0, 2, 1, 0, 0, 1, 0, 0, 0, 0, 3, 0, 0, 3, 0, 1, 1, 0, 1, 3, 0, 0, 0, 1, 1, 1, 2, 0, 1, 3, 1, 0, 0, 2, 0, 1, 0, 2, 0, 0, 2, 0, 0, 0, 0, 2, 0, 0, 0, 1, 0, 1, 1, 0, 1, 0, 1, 0, 0, 0, 0, 1, 2, 0, 1, 0, 0, 0, 1, 1, 0, 0, 3, 0, 0, 1],1068.3383174598698,58257.19343245563,145552.88828757592,false
1,G4_BALANCED,G2_TEC,[45, 1, 62, 78, 41, 39, 32, 87, 75, 12, 40, 99, 24, 38, 79, 30, 85, 63, 18, 44, 20, 49, 36, 14, 48, 76, 10, 54, 21, 31, 71, 64, 3, 23, 17, 83, 93, 26, 60, 52, 65, 27, 90, 70, 9, 56, 50, 69, 67, 68, 46, 77, 15, 58, 19, 95, 81, 91, 57, 82, 42, 47, 74, 59, 2, 73, 72, 8, 37, 88, 80, 61, 89, 92, 25, 97, 66, 13, 53, 43, 16, 35, 29, 11, 96, 6, 22, 5, 55, 98, 94, 33, 84, 4, 86, 34, 7, 0, 51, 28]|[2, 2, 0, 2, 2, 2, 0, 0, 2, 1, 1, 1, 1, 1, 1, 0, 0, 0, 0, 2, 2, 1, 1, 2, 0, 2, 0, 1, 1, 2, 1, 0, 2, 2, 1, 0, 0, 1, 2, 1, 0, 0, 1, 1, 1, 1, 2, 2, 0, 0, 0, 2, 1, 1, 2, 1, 0, 2, 0, 0, 2, 2, 0, 1, 0, 1, 2, 0, 1, 1, 0, 1, 1, 2, 1, 1, 0, 0, 0, 1, 1, 1, 1, 1, 1, 0, 1, 1, 0, 0, 1, 2, 1, 1, 0, 1, 2, 0, 0, 2]|[0, 2, 2, 0, 0, 1, 2, 0, 2, 3, 2, 3, 2, 4, 4, 1, 2, 1, 2, 1, 2, 3, 1, 1, 1, 1, 2, 1, 4, 0, 3, 1, 2, 0, 4, 0, 1, 4, 0, 3, 2, 1, 4, 4, 4, 1, 1, 2, 0, 2, 1, 1, 1, 0, 2, 3, 1, 0, 0, 1, 2, 2, 1, 2, 2, 4, 0, 1, 4, 1, 1, 3, 1, 2, 4, 2, 2, 2, 2, 1, 3, 3, 3, 4, 3, 2, 3, 3, 2, 1, 2, 2, 1, 4, 1, 1, 1, 0, 0, 0]|[0, 0, 1, 0, 0, 0, 0, 0, 1, 0, 2, 2, 1, 0, 1, 0, 0, 0, 1, 0, 0, 2, 3, 0, 0, 0, 1, 1, 0, 0, 0, 0, 0, 0, 3, 0, 0, 3, 1, 2, 1, 0, 1, 3, 3, 0, 0, 0, 1, 1, 0, 0, 1, 3, 1, 0, 1, 0, 1, 0, 0, 0, 1, 1, 0, 0, 1, 0, 3, 0, 0, 0, 1, 0, 3, 1, 1, 0, 1, 3, 2, 0, 0, 2, 2, 1, 2, 2, 1, 0, 1, 0, 3, 0, 0, 1, 0, 1, 0, 0],1006.2468328172884,59279.85756840151,127542.71853724153,true
1,G2_TEC,G2_TEC,[45, 1, 62, 78, 41, 39, 32, 87, 75, 12, 40, 99, 24, 38, 79, 30, 85, 63, 18, 44, 20, 49, 36, 14, 48, 76, 10, 54, 21, 31, 71, 64, 3, 23, 17, 83, 93, 26, 60, 52, 65, 27, 90, 70, 9, 42, 74, 69, 5, 68, 46, 22, 15, 58, 97, 59, 28, 8, 73, 37, 35, 86, 11, 66, 94, 95, 72, 13, 34, 6, 80, 61, 89, 92, 25, 82, 2, 47, 56, 7, 57, 55, 84, 19, 96, 50, 29, 81, 43, 51, 33, 16, 67, 91, 0, 4, 77, 88, 98, 53]|[0, 2, 2, 1, 2, 2, 0, 2, 0, 1, 2, 0, 2, 1, 1, 0, 0, 1, 0, 2, 2, 2, 0, 2, 2, 1, 2, 2, 1, 1, 0, 0, 0, 0, 1, 2, 0, 1, 1, 2, 0, 0, 1, 1, 0, 2, 0, 2, 1, 0, 2, 1, 2, 0, 2, 0, 2, 1, 1, 1, 1, 1, 2, 2, 1, 2, 1, 1, 1, 1, 0, 1, 1, 2, 1, 0, 2, 2, 1, 0, 0, 1, 0, 2, 0, 2, 0, 2, 1, 0, 2, 1, 0, 0, 0, 1, 0, 1, 0, 0]|[1, 1, 0, 2, 0, 1, 2, 2, 1, 4, 0, 2, 1, 4, 4, 1, 2, 3, 2, 1, 2, 0, 0, 1, 0, 2, 1, 1, 4, 0, 2, 1, 2, 0, 4, 0, 1, 4, 0, 1, 2, 1, 4, 4, 1, 2, 1, 1, 3, 1, 1, 2, 2, 1, 1, 2, 0, 3, 4, 3, 0, 3, 0, 0, 3, 1, 2, 4, 4, 4, 1, 3, 1, 2, 4, 1, 1, 2, 1, 2, 0, 3, 1, 2, 2, 1, 1, 2, 1, 0, 1, 4, 1, 1, 2, 3, 2, 1, 1, 2]|[1, 1, 0, 1, 0, 0, 0, 0, 1, 0, 0, 0, 1, 0, 1, 0, 0, 2, 1, 0, 0, 0, 0, 0, 0, 2, 0, 0, 0, 0, 0, 0, 0, 0, 3, 0, 0, 3, 0, 0, 0, 0, 1, 3, 0, 0, 1, 0, 2, 0, 0, 1, 0, 0, 1, 0, 0, 0, 2, 1, 0, 2, 0, 0, 1, 0, 1, 0, 2, 2, 0, 0, 1, 0, 3, 0, 0, 0, 0, 0, 1, 0, 1, 1, 0, 0, 0, 1, 3, 0, 1, 1, 0, 0, 0, 0, 0, 0, 0, 1],1117.1296088588838,57217.14126945194,151235.49267900124,false
1,G3_TWC,G3_TWC,[31, 22, 82, 15, 41, 39, 32, 87, 75, 12, 47, 5, 93, 78, 86, 54, 85, 63, 18, 44, 20, 35, 43, 97, 91, 76, 10, 30, 21, 45, 71, 64, 1, 23, 17, 83, 24, 26, 60, 36, 6, 57, 40, 88, 65, 56, 50, 69, 67, 68, 46, 77, 38, 58, 19, 95, 81, 48, 27, 62, 42, 90, 74, 59, 2, 73, 72, 8, 37, 70, 80, 61, 89, 92, 25, 14, 66, 13, 53, 94, 16, 49, 29, 11, 96, 9, 3, 99, 55, 98, 52, 33, 84, 4, 79, 34, 7, 0, 51, 28]|[2, 2, 2, 2, 1, 1, 1, 0, 0, 1, 1, 1, 1, 1, 1, 0, 0, 0, 0, 2, 2, 0, 1, 2, 0, 2, 0, 1, 0, 2, 1, 2, 2, 2, 1, 0, 0, 0, 1, 1, 0, 1, 2, 1, 1, 1, 1, 2, 0, 0, 0, 2, 1, 1, 2, 1, 2, 2, 0, 2, 2, 1, 2, 1, 0, 1, 2, 0, 1, 1, 0, 1, 1, 2, 1, 0, 0, 0, 2, 2, 1, 1, 1, 1, 1, 0, 2, 0, 1, 0, 1, 2, 1, 1, 0, 1, 1, 0, 0, 1]|[0, 2, 0, 0, 4, 0, 3, 0, 2, 3, 2, 3, 2, 4, 4, 1, 2, 1, 2, 1, 1, 1, 1, 2, 1, 1, 2, 1, 1, 0, 3, 2, 2, 0, 4, 0, 1, 1, 4, 3, 2, 2, 0, 1, 4, 1, 2, 2, 0, 1, 1, 1, 1, 0, 2, 3, 2, 0, 1, 0, 2, 3, 0, 2, 2, 4, 0, 1, 4, 1, 1, 3, 1, 2, 4, 2, 2, 2, 2, 0, 3, 3, 3, 4, 3, 2, 2, 2, 4, 1, 2, 2, 1, 4, 1, 1, 1, 0, 1, 2]|[0, 0, 0, 0, 3, 1, 0, 0, 0, 0, 2, 2, 1, 0, 1, 0, 0, 0, 1, 0, 0, 1, 3, 1, 0, 0, 1, 1, 0, 0, 0, 0, 0, 0, 3, 0, 0, 1, 0, 2, 1, 1, 0, 0, 3, 0, 1, 0, 1, 0, 0, 0, 1, 3, 1, 0, 1, 0, 0, 0, 0, 2, 0, 1, 0, 0, 1, 0, 3, 3, 0, 0, 1, 0, 3, 0, 1, 0, 0, 0, 2, 0, 0, 2, 2, 1, 0, 0, 3, 0, 1, 0, 3, 0, 0, 1, 2, 1, 0, 1],910.4832055929189,59120.46185836394,134236.2183441338,false
1,G1_CMAX,G1_CMAX,[45, 1, 62, 78, 41, 39, 32, 87, 75, 12, 40, 99, 24, 38, 79, 30, 17, 91, 18, 83, 90, 35, 36, 14, 48, 50, 53, 4, 21, 31, 71, 64, 3, 23, 85, 44, 93, 26, 60, 52, 65, 13, 86, 46, 97, 88, 80, 7, 73, 84, 5, 59, 89, 49, 28, 2, 47, 29, 95, 43, 92, 98, 11, 66, 81, 63, 82, 55, 37, 58, 42, 61, 20, 0, 57, 33, 6, 27, 10, 77, 72, 67, 51, 25, 15, 34, 22, 8, 68, 56, 9, 16, 94, 54, 96, 74, 69, 76, 70, 19]|[1, 2, 0, 2, 2, 2, 1, 2, 2, 1, 1, 0, 2, 0, 1, 1, 1, 0, 0, 0, 2, 1, 1, 2, 2, 2, 0, 1, 1, 0, 0, 0, 0, 1, 1, 0, 0, 1, 2, 1, 1, 0, 1, 1, 0, 1, 0, 1, 1, 1, 1, 1, 1, 1, 2, 2, 1, 1, 0, 1, 2, 0, 2, 2, 0, 0, 1, 0, 1, 1, 1, 1, 2, 0, 0, 2, 1, 0, 2, 0, 2, 1, 0, 1, 2, 1, 0, 0, 0, 0, 1, 1, 2, 2, 1, 2, 0, 0, 1, 2]|[4, 2, 2, 0, 0, 0, 3, 0, 2, 1, 2, 2, 1, 1, 4, 4, 1, 0, 2, 2, 2, 0, 1, 1, 0, 1, 2, 1, 3, 1, 0, 1, 2, 4, 4, 0, 1, 4, 0, 2, 4, 2, 2, 4, 2, 1, 1, 1, 0, 1, 3, 3, 1, 0, 0, 1, 2, 3, 1, 1, 2, 2, 0, 1, 1, 1, 4, 0, 3, 0, 0, 3, 2, 1, 0, 1, 4, 1, 1, 2, 2, 4, 0, 4, 2, 1, 2, 2, 1, 0, 0, 4, 1, 1, 3, 1, 1, 1, 4, 2]|[2, 0, 1, 0, 0, 0, 0, 0, 1, 1, 2, 0, 1, 0, 1, 3, 1, 0, 1, 0, 0, 0, 3, 0, 0, 0, 1, 1, 0, 1, 0, 0, 0, 0, 3, 1, 0, 3, 1, 1, 3, 0, 1, 3, 0, 0, 1, 2, 1, 3, 2, 0, 1, 0, 0, 1, 2, 0, 0, 3, 0, 0, 0, 0, 1, 0, 1, 1, 1, 3, 0, 0, 0, 1, 1, 1, 2, 0, 1, 0, 0, 3, 0, 3, 0, 1, 0, 0, 0, 1, 1, 1, 1, 0, 2, 0, 1, 1, 3, 1],890.730766659574,60824.77102303543,128275.17991816477,false
1,G4_BALANCED,G4_BALANCED,[31, 22, 82, 15, 26, 9, 95, 42, 77, 4, 47, 5, 93, 78, 86, 54, 85, 63, 18, 44, 20, 49, 36, 14, 48, 50, 53, 17, 59, 35, 1, 96, 45, 71, 81, 56, 8, 30, 38, 43, 6, 57, 40, 88, 65, 83, 76, 69, 46, 68, 99, 75, 60, 94, 28, 2, 62, 29, 32, 34, 70, 16, 11, 66, 74, 73, 72, 24, 37, 87, 80, 61, 89, 92, 25, 97, 21, 13, 10, 58, 90, 3, 51, 27, 64, 39, 23, 67, 84, 98, 52, 33, 55, 12, 79, 41, 7, 0, 91, 19]|[0, 2, 1, 0, 1, 2, 0, 0, 1, 0, 1, 1, 2, 1, 1, 2, 0, 0, 0, 2, 2, 1, 0, 2, 1, 2, 0, 1, 1, 0, 0, 0, 1, 2, 1, 0, 2, 1, 0, 1, 1, 0, 2, 1, 0, 0, 1, 2, 0, 0, 0, 2, 1, 1, 1, 0, 1, 1, 0, 1, 1, 1, 2, 2, 0, 1, 2, 0, 1, 2, 0, 1, 1, 2, 1, 0, 0, 0, 2, 0, 1, 1, 2, 0, 2, 1, 1, 0, 0, 0, 1, 2, 0, 1, 1, 2, 2, 0, 0, 2]|[1, 1, 4, 1, 4, 1, 0, 0, 2, 0, 2, 3, 1, 2, 2, 1, 1, 1, 2, 1, 1, 3, 0, 1, 1, 1, 2, 4, 4, 1, 2, 2, 0, 0, 4, 0, 1, 4, 1, 1, 4, 2, 0, 1, 0, 2, 2, 2, 2, 1, 2, 2, 1, 4, 2, 2, 2, 4, 1, 2, 4, 3, 0, 0, 0, 0, 2, 1, 3, 1, 1, 0, 1, 2, 4, 2, 1, 2, 2, 1, 4, 2, 0, 0, 2, 1, 4, 1, 2, 1, 1, 1, 2, 4, 4, 2, 1, 1, 1, 2]|[1, 1, 1, 1, 3, 0, 0, 0, 0, 1, 2, 2, 1, 1, 1, 0, 0, 0, 1, 0, 0, 2, 0, 0, 1, 0, 1, 3, 0, 1, 0, 0, 1, 0, 2, 1, 0, 3, 1, 3, 2, 0, 0, 0, 1, 0, 2, 0, 0, 0, 0, 1, 1, 2, 1, 0, 2, 0, 0, 3, 3, 2, 0, 0, 1, 1, 0, 0, 1, 1, 0, 3, 1, 0, 3, 0, 0, 0, 0, 0, 1, 1, 0, 1, 0, 3, 0, 0, 0, 0, 1, 1, 1, 0, 1, 0, 0, 1, 0, 1],1004.1082210855385,59894.317053724226,127596.32894949582,false
1,G2_TEC,G2_TEC,[45, 1, 62, 78, 41, 39, 32, 87, 75, 12, 40, 99, 24, 38, 79, 30, 85, 63, 18, 44, 20, 49, 36, 14, 48, 76, 10, 54, 21, 31, 71, 64, 3, 23, 17, 83, 93, 26, 60, 52, 65, 27, 90, 70, 9, 42, 74, 69, 5, 68, 46, 22, 15, 58, 97, 59, 28, 8, 73, 37, 35, 86, 11, 66, 94, 95, 72, 13, 34, 6, 80, 61, 89, 92, 25, 82, 2, 47, 56, 7, 57, 55, 84, 19, 96, 50, 29, 81, 43, 51, 33, 16, 67, 91, 0, 4, 77, 88, 98, 53]|[0, 2, 2, 1, 2, 2, 0, 2, 0, 1, 2, 0, 2, 1, 1, 0, 0, 1, 0, 2, 2, 2, 0, 2, 2, 1, 2, 2, 1, 1, 0, 0, 0, 0, 1, 2, 0, 1, 1, 2, 0, 0, 1, 1, 0, 2, 0, 2, 1, 0, 2, 1, 2, 0, 2, 0, 2, 1, 1, 1, 1, 1, 2, 2, 1, 2, 1, 1, 1, 1, 0, 1, 1, 2, 1, 0, 2, 2, 1, 0, 0, 1, 0, 2, 0, 2, 0, 2, 1, 0, 2, 1, 0, 0, 0, 1, 0, 1, 0, 0]|[1, 1, 0, 2, 0, 1, 2, 2, 1, 4, 0, 2, 1, 4, 4, 1, 2, 3, 2, 1, 2, 0, 0, 1, 0, 2, 1, 1, 4, 0, 2, 1, 2, 0, 4, 0, 1, 4, 0, 1, 2, 1, 4, 4, 1, 2, 1, 1, 3, 1, 1, 2, 2, 1, 1, 2, 0, 3, 4, 3, 0, 3, 0, 0, 3, 1, 2, 4, 4, 4, 1, 3, 1, 2, 4, 1, 1, 2, 1, 2, 0, 3, 1, 2, 2, 1, 1, 2, 1, 0, 1, 4, 1, 1, 2, 3, 2, 1, 1, 2]|[1, 1, 0, 1, 0, 0, 0, 0, 1, 0, 0, 0, 1, 0, 1, 0, 0, 2, 1, 0, 0, 0, 0, 0, 0, 2, 0, 0, 0, 0, 0, 0, 0, 0, 3, 0, 0, 3, 0, 0, 0, 0, 1, 3, 0, 0, 1, 0, 2, 0, 0, 1, 0, 0, 1, 0, 0, 0, 2, 1, 0, 2, 0, 0, 1, 0, 1, 0, 2, 2, 0, 0, 1, 0, 3, 0, 0, 0, 0, 0, 1, 0, 1, 1, 0, 0, 0, 1, 3, 0, 1, 1, 0, 0, 0, 0, 0, 0, 0, 1],1117.1296088588838,57217.14126945194,151235.49267900124,false
1,G3_TWC,G3_TWC,[31, 22, 82, 15, 41, 39, 32, 87, 75, 12, 47, 5, 93, 78, 86, 54, 85, 63, 18, 44, 20, 35, 43, 97, 91, 76, 10, 30, 21, 45, 71, 64, 1, 23, 17, 83, 24, 26, 60, 36, 6, 57, 40, 88, 65, 56, 50, 69, 67, 68, 46, 77, 38, 58, 19, 95, 81, 48, 27, 62, 42, 90, 74, 59, 2, 73, 72, 8, 37, 70, 80, 61, 89, 92, 25, 14, 66, 13, 53, 94, 16, 49, 29, 11, 96, 9, 3, 99, 55, 98, 52, 33, 84, 4, 79, 34, 7, 0, 51, 28]|[2, 2, 2, 2, 1, 1, 1, 0, 0, 1, 1, 1, 1, 1, 1, 0, 0, 0, 0, 2, 2, 0, 1, 2, 0, 2, 0, 1, 0, 2, 1, 2, 2, 2, 1, 0, 0, 0, 1, 1, 0, 1, 2, 1, 1, 1, 1, 2, 0, 0, 0, 2, 1, 1, 2, 1, 2, 2, 0, 2, 2, 1, 2, 1, 0, 1, 2, 0, 1, 1, 0, 1, 1, 2, 1, 0, 0, 0, 2, 2, 1, 1, 1, 1, 1, 0, 2, 0, 1, 0, 1, 2, 1, 1, 0, 1, 1, 0, 0, 1]|[0, 2, 0, 0, 4, 0, 3, 0, 2, 3, 2, 3, 2, 4, 4, 1, 2, 1, 2, 1, 1, 1, 1, 2, 1, 1, 2, 1, 1, 0, 3, 2, 2, 0, 4, 0, 1, 1, 4, 3, 2, 2, 0, 1, 4, 1, 2, 2, 0, 1, 1, 1, 1, 0, 2, 3, 2, 0, 1, 0, 2, 3, 0, 2, 2, 4, 0, 1, 4, 1, 1, 3, 1, 2, 4, 2, 2, 2, 2, 0, 3, 3, 3, 4, 3, 2, 2, 2, 4, 1, 2, 2, 1, 4, 1, 1, 1, 0, 1, 2]|[0, 0, 0, 0, 3, 1, 0, 0, 0, 0, 2, 2, 1, 0, 1, 0, 0, 0, 1, 0, 0, 1, 3, 1, 0, 0, 1, 1, 0, 0, 0, 0, 0, 0, 3, 0, 0, 1, 0, 2, 1, 1, 0, 0, 3, 0, 1, 0, 1, 0, 0, 0, 1, 3, 1, 0, 1, 0, 0, 0, 0, 2, 0, 1, 0, 0, 1, 0, 3, 3, 0, 0, 1, 0, 3, 0, 1, 0, 0, 0, 2, 0, 0, 2, 2, 1, 0, 0, 3, 0, 1, 0, 3, 0, 0, 1, 2, 1, 0, 1],910.4832055929189,59120.46185836394,134236.2183441338,false
1,G1_CMAX,G2_TEC,[45, 1, 62, 78, 41, 39, 32, 87, 75, 12, 40, 99, 24, 38, 79, 30, 85, 63, 18, 44, 20, 49, 36, 14, 91, 76, 10, 54, 21, 31, 71, 64, 3, 23, 17, 83, 93, 26, 60, 52, 65, 13, 86, 46, 97, 88, 80, 33, 0, 2, 55, 59, 56, 34, 47, 89, 98, 8, 73, 37, 35, 61, 11, 66, 94, 95, 72, 96, 74, 43, 69, 67, 9, 81, 92, 70, 16, 51, 53, 58, 57, 50, 15, 27, 84, 77, 6, 82, 68, 28, 4, 48, 5, 22, 90, 7, 25, 29, 42, 19]|[2, 2, 2, 2, 2, 0, 0, 2, 0, 1, 2, 0, 2, 1, 0, 0, 1, 1, 0, 2, 2, 1, 0, 2, 2, 1, 2, 1, 1, 0, 0, 0, 0, 0, 1, 2, 0, 1, 2, 1, 0, 1, 1, 0, 0, 2, 0, 0, 1, 0, 0, 2, 1, 0, 2, 1, 2, 1, 1, 1, 1, 1, 2, 0, 1, 0, 1, 1, 0, 1, 2, 0, 2, 0, 2, 1, 1, 0, 0, 1, 0, 1, 2, 0, 1, 0, 0, 1, 0, 1, 1, 2, 1, 1, 1, 2, 1, 1, 1, 2]|[0, 1, 0, 0, 2, 1, 2, 2, 1, 4, 0, 2, 2, 4, 1, 1, 4, 3, 2, 0, 2, 0, 0, 1, 0, 4, 1, 1, 3, 1, 2, 1, 2, 0, 1, 0, 1, 4, 0, 1, 0, 2, 2, 2, 1, 2, 1, 2, 3, 1, 2, 1, 1, 1, 2, 4, 0, 3, 0, 3, 1, 2, 0, 1, 3, 0, 2, 3, 1, 1, 1, 1, 2, 1, 2, 4, 4, 0, 2, 0, 0, 2, 1, 1, 1, 2, 2, 4, 2, 2, 3, 0, 3, 3, 4, 1, 4, 3, 1, 2]|[0, 1, 0, 0, 0, 0, 0, 0, 1, 0, 0, 0, 1, 0, 0, 0, 3, 2, 1, 0, 0, 0, 0, 0, 0, 2, 0, 1, 0, 1, 0, 0, 0, 0, 1, 0, 0, 3, 1, 1, 1, 2, 1, 0, 0, 0, 1, 1, 2, 0, 1, 0, 0, 0, 1, 0, 0, 0, 1, 1, 2, 1, 0, 0, 1, 0, 1, 2, 1, 3, 1, 0, 0, 1, 0, 3, 1, 0, 1, 3, 1, 1, 0, 0, 3, 0, 1, 1, 0, 3, 0, 0, 2, 2, 1, 0, 3, 0, 3, 1],900.1424250428458,60167.0657531842,129458.70943387921,true
1,G4_BALANCED,G4_BALANCED,[31, 22, 82, 15, 26, 9, 95, 42, 77, 4, 47, 5, 93, 78, 86, 54, 85, 63, 18, 44, 20, 49, 36, 14, 48, 50, 53, 17, 59, 35, 1, 96, 45, 71, 81, 56, 8, 30, 38, 43, 6, 57, 40, 88, 65, 83, 76, 69, 46, 68, 99, 75, 60, 94, 28, 2, 62, 29, 32, 34, 70, 16, 11, 66, 74, 73, 72, 24, 37, 87, 80, 61, 89, 92, 25, 97, 21, 13, 10, 58, 90, 3, 51, 27, 64, 39, 23, 67, 84, 98, 52, 33, 55, 12, 79, 41, 7, 0, 91, 19]|[0, 2, 1, 0, 1, 2, 0, 0, 1, 0, 1, 1, 2, 1, 1, 2, 0, 0, 0, 2, 2, 1, 0, 2, 1, 2, 0, 1, 1, 0, 0, 0, 1, 2, 1, 0, 2, 1, 0, 1, 1, 0, 2, 1, 0, 0, 1, 2, 0, 0, 0, 2, 1, 1, 1, 0, 1, 1, 0, 1, 1, 1, 2, 2, 0, 1, 2, 0, 1, 2, 0, 1, 1, 2, 1, 0, 0, 0, 2, 0, 1, 1, 2, 0, 2, 1, 1, 0, 0, 0, 1, 2, 0, 1, 1, 2, 2, 0, 0, 2]|[1, 1, 4, 1, 4, 1, 0, 0, 2, 0, 2, 3, 1, 2, 2, 1, 1, 1, 2, 1, 1, 3, 0, 1, 1, 1, 2, 4, 4, 1, 2, 2, 0, 0, 4, 0, 1, 4, 1, 1, 4, 2, 0, 1, 0, 2, 2, 2, 2, 1, 2, 2, 1, 4, 2, 2, 2, 4, 1, 2, 4, 3, 0, 0, 0, 0, 2, 1, 3, 1, 1, 0, 1, 2, 4, 2, 1, 2, 2, 1, 4, 2, 0, 0, 2, 1, 4, 1, 2, 1, 1, 1, 2, 4, 4, 2, 1, 1, 1, 2]|[1, 1, 1, 1, 3, 0, 0, 0, 0, 1, 2, 2, 1, 1, 1, 0, 0, 0, 1, 0, 0, 2, 0, 0, 1, 0, 1, 3, 0, 1, 0, 0, 1, 0, 2, 1, 0, 3, 1, 3, 2, 0, 0, 0, 1, 0, 2, 0, 0, 0, 0, 1, 1, 2, 1, 0, 2, 0, 0, 3, 3, 2, 0, 0, 1, 1, 0, 0, 1, 1, 0, 3, 1, 0, 3, 0, 0, 0, 0, 0, 1, 1, 0, 1, 0, 3, 0, 0, 0, 0, 1, 1, 1, 0, 1, 0, 0, 1, 0, 1],1004.1082210855385,59894.317053724226,127596.32894949582,false
1,G2_TEC,G2_TEC,[45, 1, 62, 78, 41, 39, 32, 87, 75, 12, 40, 99, 24, 38, 79, 30, 85, 63, 18, 44, 20, 49, 36, 14, 48, 76, 10, 54, 21, 31, 71, 64, 3, 23, 17, 83, 93, 26, 60, 52, 65, 27, 90, 70, 9, 42, 74, 69, 5, 68, 46, 22, 15, 58, 47, 59, 28, 8, 73, 37, 35, 86, 11, 66, 94, 95, 72, 13, 56, 6, 80, 61, 89, 92, 25, 34, 91, 57, 53, 2, 16, 88, 29, 50, 96, 19, 77, 0, 55, 98, 43, 33, 84, 4, 97, 82, 7, 67, 51, 81]|[0, 2, 2, 1, 2, 2, 0, 2, 0, 1, 2, 0, 2, 1, 1, 0, 0, 1, 0, 2, 1, 2, 0, 2, 1, 1, 2, 2, 1, 1, 0, 0, 0, 0, 1, 0, 0, 1, 1, 1, 0, 0, 1, 1, 0, 2, 0, 2, 1, 0, 2, 1, 2, 1, 2, 0, 2, 1, 1, 1, 1, 1, 2, 2, 1, 0, 1, 1, 1, 1, 0, 1, 1, 2, 1, 1, 0, 0, 0, 2, 1, 1, 0, 2, 0, 2, 0, 0, 0, 0, 1, 2, 0, 1, 2, 0, 2, 0, 0, 2]|[1, 2, 0, 2, 2, 1, 2, 2, 1, 4, 0, 2, 1, 4, 4, 1, 2, 3, 2, 1, 4, 0, 0, 1, 3, 2, 1, 1, 4, 0, 2, 1, 2, 0, 4, 1, 1, 4, 0, 3, 2, 1, 4, 4, 1, 2, 1, 1, 3, 1, 1, 2, 2, 0, 2, 2, 2, 3, 4, 3, 0, 3, 0, 0, 4, 0, 2, 4, 1, 4, 1, 3, 1, 2, 4, 4, 1, 0, 2, 1, 4, 1, 1, 1, 2, 2, 2, 2, 2, 1, 1, 1, 1, 3, 2, 1, 1, 1, 0, 2]|[1, 0, 0, 1, 0, 0, 0, 0, 1, 0, 0, 0, 1, 0, 1, 0, 0, 2, 1, 0, 1, 0, 0, 0, 2, 2, 0, 0, 0, 0, 0, 0, 0, 0, 3, 0, 0, 3, 0, 2, 0, 0, 1, 3, 0, 0, 1, 0, 2, 0, 0, 1, 0, 3, 0, 0, 1, 0, 2, 1, 0, 2, 0, 0, 2, 0, 1, 0, 0, 2, 0, 0, 1, 0, 3, 2, 0, 1, 1, 0, 1, 0, 0, 0, 0, 1, 0, 0, 1, 0, 3, 1, 1, 0, 0, 0, 0, 0, 0, 1],1103.795774281678,56827.39228694975,141895.87706454445,false
1,G3_TWC,G4_BALANCED,[31, 22, 82, 15, 26, 9, 95, 42, 77, 4, 47, 5, 93, 78, 86, 54, 85, 63, 18, 44, 20, 49, 36, 14, 48, 50, 53, 17, 59, 35, 1, 96, 45, 71, 81, 56, 8, 30, 38, 43, 6, 57, 40, 88, 65, 83, 76, 69, 67, 68, 46, 75, 60, 58, 19, 32, 41, 51, 27, 62, 87, 90, 74, 21, 94, 84, 39, 92, 11, 34, 80, 61, 28, 3, 64, 29, 98, 37, 99, 23, 91, 89, 55, 13, 66, 0, 10, 73, 2, 24, 7, 16, 25, 79, 72, 12, 33, 52, 70, 97]|[1, 2, 1, 0, 2, 1, 0, 0, 1, 1, 2, 2, 1, 1, 1, 0, 0, 1, 0, 2, 1, 1, 1, 2, 1, 1, 0, 1, 1, 0, 1, 0, 1, 2, 2, 0, 0, 0, 0, 1, 0, 1, 2, 1, 1, 0, 1, 2, 2, 0, 2, 2, 2, 0, 0, 1, 0, 1, 0, 2, 2, 2, 2, 2, 2, 1, 0, 0, 1, 1, 0, 1, 1, 1, 2, 1, 1, 1, 1, 1, 0, 1, 1, 0, 0, 0, 0, 1, 0, 0, 1, 1, 0, 1, 2, 1, 2, 1, 1, 2]|[4, 2, 4, 1, 0, 3, 0, 0, 2, 4, 0, 1, 2, 2, 2, 1, 2, 3, 1, 1, 4, 3, 3, 1, 1, 2, 2, 4, 2, 1, 3, 2, 4, 0, 2, 1, 1, 1, 0, 1, 2, 2, 0, 1, 4, 0, 4, 2, 1, 1, 1, 1, 0, 1, 2, 3, 1, 4, 2, 0, 1, 2, 0, 1, 0, 1, 2, 0, 4, 1, 1, 0, 2, 3, 2, 3, 3, 4, 3, 4, 1, 1, 4, 2, 1, 0, 2, 4, 2, 1, 1, 4, 1, 4, 0, 4, 0, 2, 1, 2]|[2, 0, 1, 1, 0, 3, 0, 0, 0, 0, 0, 0, 1, 1, 0, 0, 0, 2, 0, 0, 1, 2, 2, 1, 1, 1, 1, 3, 1, 1, 0, 0, 2, 0, 1, 0, 0, 0, 1, 3, 1, 1, 0, 3, 3, 0, 2, 0, 0, 0, 0, 0, 1, 0, 0, 0, 1, 0, 0, 0, 1, 0, 0, 0, 0, 3, 1, 1, 2, 1, 0, 3, 2, 0, 0, 0, 2, 3, 2, 0, 0, 1, 3, 0, 0, 1, 1, 0, 0, 0, 2, 1, 0, 1, 1, 3, 0, 1, 3, 1],986.938642343314,59929.36372666092,125106.80156771615,true
1,G1_CMAX,G2_TEC,[45, 1, 62, 78, 41, 39, 32, 87, 75, 12, 40, 99, 24, 38, 79, 30, 17, 91, 18, 83, 90, 35, 43, 97, 63, 76, 10, 54, 21, 31, 44, 13, 73, 51, 81, 56, 14, 85, 69, 9, 22, 27, 20, 70, 49, 42, 74, 15, 5, 68, 46, 77, 60, 58, 19, 96, 26, 59, 57, 64, 6, 50, 47, 37, 82, 53, 72, 28, 94, 4, 33, 8, 93, 95, 52, 88, 29, 89, 55, 0, 2, 80, 65, 25, 3, 66, 84, 86, 23, 34, 71, 7, 61, 98, 16, 11, 36, 48, 92, 67]|[1, 1, 1, 2, 2, 2, 0, 0, 2, 2, 2, 2, 1, 1, 0, 2, 0, 2, 0, 0, 1, 2, 2, 2, 2, 0, 2, 2, 1, 0, 0, 1, 1, 0, 0, 2, 2, 0, 2, 1, 2, 0, 2, 1, 1, 0, 0, 2, 1, 0, 2, 2, 1, 0, 2, 0, 1, 1, 0, 0, 0, 1, 1, 1, 0, 0, 1, 1, 1, 1, 0, 1, 2, 0, 0, 2, 1, 1, 1, 0, 2, 0, 1, 1, 1, 2, 0, 1, 1, 0, 0, 1, 1, 0, 1, 2, 1, 2, 2, 1]|[3, 0, 2, 0, 0, 0, 0, 0, 2, 2, 1, 1, 1, 4, 1, 0, 1, 1, 1, 2, 4, 0, 2, 1, 2, 2, 1, 1, 1, 1, 0, 2, 4, 0, 1, 0, 1, 1, 2, 1, 1, 2, 2, 1, 3, 2, 0, 2, 3, 2, 1, 1, 1, 1, 2, 0, 4, 2, 1, 1, 2, 4, 2, 1, 1, 2, 2, 2, 4, 3, 1, 4, 1, 0, 2, 1, 3, 1, 2, 0, 1, 1, 4, 4, 3, 0, 1, 4, 4, 0, 0, 1, 0, 2, 4, 0, 3, 2, 2, 0]|[3, 1, 2, 0, 0, 0, 0, 0, 1, 0, 1, 0, 2, 0, 1, 1, 0, 0, 0, 0, 1, 0, 0, 1, 1, 1, 0, 0, 0, 1, 1, 2, 0, 0, 1, 0, 1, 0, 0, 1, 1, 0, 0, 3, 2, 0, 1, 0, 2, 1, 0, 0, 1, 0, 1, 0, 3, 1, 1, 0, 1, 2, 2, 0, 0, 1, 1, 1, 2, 0, 0, 2, 1, 0, 0, 1, 0, 1, 1, 1, 1, 0, 3, 3, 3, 0, 0, 1, 0, 0, 1, 2, 3, 0, 0, 0, 2, 0, 0, 0],945.9065922875762,61087.12750041713,126543.65138075766,true
1,G4_BALANCED,G4_BALANCED,[31, 22, 82, 15, 26, 9, 95, 42, 77, 4, 47, 5, 93, 78, 86, 54, 85, 63, 18, 44, 20, 49, 36, 14, 48, 50, 53, 17, 59, 35, 1, 96, 45, 71, 81, 56, 8, 30, 38, 43, 6, 57, 40, 88, 65, 83, 76, 69, 46, 68, 99, 75, 60, 94, 28, 2, 62, 29, 32, 34, 70, 16, 11, 66, 74, 73, 72, 24, 37, 87, 80, 61, 89, 92, 25, 97, 21, 13, 10, 58, 90, 3, 51, 27, 64, 39, 23, 67, 84, 98, 52, 33, 55, 12, 79, 41, 7, 0, 91, 19]|[0, 2, 1, 0, 1, 2, 0, 0, 1, 0, 1, 1, 2, 1, 1, 2, 0, 0, 0, 2, 2, 1, 0, 2, 1, 2, 0, 1, 1, 0, 0, 0, 1, 2, 1, 0, 2, 1, 0, 1, 1, 0, 2, 1, 0, 0, 1, 2, 0, 0, 0, 2, 1, 1, 1, 0, 1, 1, 0, 1, 1, 1, 2, 2, 0, 1, 2, 0, 1, 2, 0, 1, 1, 2, 1, 0, 0, 0, 2, 0, 1, 1, 2, 0, 2, 1, 1, 0, 0, 0, 1, 2, 0, 1, 1, 2, 2, 0, 0, 2]|[1, 1, 4, 1, 4, 1, 0, 0, 2, 0, 2, 3, 1, 2, 2, 1, 1, 1, 2, 1, 1, 3, 0, 1, 1, 1, 2, 4, 4, 1, 2, 2, 0, 0, 4, 0, 1, 4, 1, 1, 4, 2, 0, 1, 0, 2, 2, 2, 2, 1, 2, 2, 1, 4, 2, 2, 2, 4, 1, 2, 4, 3, 0, 0, 0, 0, 2, 1, 3, 1, 1, 0, 1, 2, 4, 2, 1, 2, 2, 1, 4, 2, 0, 0, 2, 1, 4, 1, 2, 1, 1, 1, 2, 4, 4, 2, 1, 1, 1, 2]|[1, 1, 1, 1, 3, 0, 0, 0, 0, 1, 2, 2, 1, 1, 1, 0, 0, 0, 1, 0, 0, 2, 0, 0, 1, 0, 1, 3, 0, 1, 0, 0, 1, 0, 2, 1, 0, 3, 1, 3, 2, 0, 0, 0, 1, 0, 2, 0, 0, 0, 0, 1, 1, 2, 1, 0, 2, 0, 0, 3, 3, 2, 0, 0, 1, 1, 0, 0, 1, 1, 0, 3, 1, 0, 3, 0, 0, 0, 0, 0, 1, 1, 0, 1, 0, 3, 0, 0, 0, 0, 1, 1, 1, 0, 1, 0, 0, 1, 0, 1],1004.1082210855385,59894.317053724226,127596.32894949582,false
1,G2_TEC,G4_BALANCED,[31, 22, 82, 15, 26, 9, 95, 42, 77, 4, 47, 5, 93, 78, 86, 54, 85, 63, 18, 44, 20, 49, 36, 14, 48, 50, 53, 17, 59, 35, 1, 96, 45, 71, 81, 56, 8, 30, 38, 43, 6, 57, 40, 88, 65, 83, 76, 69, 67, 68, 46, 75, 60, 58, 19, 32, 41, 51, 27, 62, 87, 90, 74, 21, 94, 84, 39, 92, 11, 34, 80, 61, 28, 3, 64, 29, 98, 37, 99, 23, 91, 89, 55, 13, 66, 0, 10, 73, 2, 24, 7, 16, 25, 79, 72, 12, 33, 52, 70, 97]|[1, 2, 1, 0, 2, 1, 0, 0, 1, 1, 2, 2, 1, 1, 1, 0, 0, 1, 0, 2, 1, 1, 1, 2, 1, 1, 0, 1, 1, 0, 1, 0, 1, 2, 2, 0, 0, 0, 0, 1, 0, 1, 2, 1, 1, 0, 1, 2, 2, 0, 2, 2, 2, 0, 0, 1, 0, 1, 0, 2, 2, 2, 2, 2, 2, 1, 0, 0, 1, 1, 0, 1, 1, 1, 2, 1, 1, 1, 1, 1, 0, 1, 1, 0, 0, 0, 0, 1, 0, 0, 1, 1, 0, 1, 2, 1, 2, 1, 1, 2]|[4, 2, 4, 1, 0, 3, 0, 0, 2, 4, 0, 1, 2, 2, 2, 1, 2, 3, 1, 1, 4, 3, 3, 1, 1, 2, 2, 4, 2, 1, 3, 2, 4, 0, 2, 1, 1, 1, 0, 1, 2, 2, 0, 1, 4, 0, 4, 2, 1, 1, 1, 1, 0, 1, 2, 3, 1, 4, 2, 0, 1, 2, 0, 1, 0, 1, 2, 0, 4, 1, 1, 0, 2, 3, 2, 3, 3, 4, 3, 4, 1, 1, 4, 2, 1, 0, 2, 4, 2, 1, 1, 4, 1, 4, 0, 4, 0, 2, 1, 2]|[2, 0, 1, 1, 0, 3, 0, 0, 0, 0, 0, 0, 1, 1, 0, 0, 0, 2, 0, 0, 1, 2, 2, 1, 1, 1, 1, 3, 1, 1, 0, 0, 2, 0, 1, 0, 0, 0, 1, 3, 1, 1, 0, 3, 3, 0, 2, 0, 0, 0, 0, 0, 1, 0, 0, 0, 1, 0, 0, 0, 1, 0, 0, 0, 0, 3, 1, 1, 2, 1, 0, 3, 2, 0, 0, 0, 2, 3, 2, 0, 0, 1, 3, 0, 0, 1, 1, 0, 0, 0, 2, 1, 0, 1, 1, 3, 0, 1, 3, 1],986.938642343314,59929.36372666092,125106.80156771615,true
1,G3_TWC,G4_BALANCED,[31, 22, 82, 15, 26, 9, 95, 42, 77, 4, 47, 5, 93, 78, 86, 54, 85, 63, 18, 44, 20, 49, 36, 14, 48, 50, 53, 17, 59, 35, 1, 96, 45, 71, 81, 56, 8, 30, 38, 43, 6, 57, 40, 88, 65, 83, 76, 69, 67, 68, 46, 75, 60, 58, 19, 32, 41, 51, 27, 62, 87, 90, 74, 21, 94, 84, 39, 92, 11, 34, 80, 61, 28, 3, 64, 29, 98, 37, 99, 23, 91, 89, 55, 13, 66, 0, 10, 73, 2, 24, 7, 16, 25, 79, 72, 12, 33, 52, 70, 97]|[1, 2, 1, 0, 2, 1, 0, 0, 1, 1, 2, 2, 1, 1, 1, 0, 0, 1, 0, 2, 1, 1, 1, 2, 1, 1, 0, 1, 1, 0, 1, 0, 1, 2, 2, 0, 0, 0, 0, 1, 0, 1, 2, 1, 1, 0, 1, 2, 2, 0, 2, 2, 2, 0, 0, 1, 0, 1, 0, 2, 2, 2, 2, 2, 2, 1, 0, 0, 1, 1, 0, 1, 1, 1, 2, 1, 1, 1, 1, 1, 0, 1, 1, 0, 0, 0, 0, 1, 0, 0, 1, 1, 0, 1, 2, 1, 2, 1, 1, 2]|[4, 2, 4, 1, 0, 3, 0, 0, 2, 4, 0, 1, 2, 2, 2, 1, 2, 3, 1, 1, 4, 3, 3, 1, 1, 2, 2, 4, 2, 1, 3, 2, 4, 0, 2, 1, 1, 1, 0, 1, 2, 2, 0, 1, 4, 0, 4, 2, 1, 1, 1, 1, 0, 1, 2, 3, 1, 4, 2, 0, 1, 2, 0, 1, 0, 1, 2, 0, 4, 1, 1, 0, 2, 3, 2, 3, 3, 4, 3, 4, 1, 1, 4, 2, 1, 0, 2, 4, 2, 1, 1, 4, 1, 4, 0, 4, 0, 2, 1, 2]|[2, 0, 1, 1, 0, 3, 0, 0, 0, 0, 0, 0, 1, 1, 0, 0, 0, 2, 0, 0, 1, 2, 2, 1, 1, 1, 1, 3, 1, 1, 0, 0, 2, 0, 1, 0, 0, 0, 1, 3, 1, 1, 0, 3, 3, 0, 2, 0, 0, 0, 0, 0, 1, 0, 0, 0, 1, 0, 0, 0, 1, 0, 0, 0, 0, 3, 1, 1, 2, 1, 0, 3, 2, 0, 0, 0, 2, 3, 2, 0, 0, 1, 3, 0, 0, 1, 1, 0, 0, 0, 2, 1, 0, 1, 1, 3, 0, 1, 3, 1],986.938642343314,59929.36372666092,125106.80156771615,true
1,G1_CMAX,G2_TEC,[45, 1, 62, 78, 41, 39, 32, 87, 75, 12, 40, 99, 24, 38, 79, 30, 17, 91, 18, 83, 90, 35, 43, 97, 63, 76, 10, 54, 21, 31, 44, 13, 73, 51, 81, 56, 14, 85, 69, 9, 22, 27, 20, 70, 49, 42, 74, 15, 5, 68, 46, 77, 60, 58, 19, 96, 26, 59, 57, 64, 6, 50, 47, 37, 82, 53, 72, 28, 94, 4, 33, 8, 93, 95, 52, 88, 29, 89, 55, 0, 2, 80, 65, 25, 3, 66, 84, 86, 23, 34, 71, 7, 61, 98, 16, 11, 36, 48, 92, 67]|[1, 1, 1, 2, 2, 2, 0, 0, 2, 2, 2, 2, 1, 1, 0, 2, 0, 2, 0, 0, 1, 2, 2, 2, 2, 0, 2, 2, 1, 0, 0, 1, 1, 0, 0, 2, 2, 0, 2, 1, 2, 0, 2, 1, 1, 0, 0, 2, 1, 0, 2, 2, 1, 0, 2, 0, 1, 1, 0, 0, 0, 1, 1, 1, 0, 0, 1, 1, 1, 1, 0, 1, 2, 0, 0, 2, 1, 1, 1, 0, 2, 0, 1, 1, 1, 2, 0, 1, 1, 0, 0, 1, 1, 0, 1, 2, 1, 2, 2, 1]|[3, 0, 2, 0, 0, 0, 0, 0, 2, 2, 1, 1, 1, 4, 1, 0, 1, 1, 1, 2, 4, 0, 2, 1, 2, 2, 1, 1, 1, 1, 0, 2, 4, 0, 1, 0, 1, 1, 2, 1, 1, 2, 2, 1, 3, 2, 0, 2, 3, 2, 1, 1, 1, 1, 2, 0, 4, 2, 1, 1, 2, 4, 2, 1, 1, 2, 2, 2, 4, 3, 1, 4, 1, 0, 2, 1, 3, 1, 2, 0, 1, 1, 4, 4, 3, 0, 1, 4, 4, 0, 0, 1, 0, 2, 4, 0, 3, 2, 2, 0]|[3, 1, 2, 0, 0, 0, 0, 0, 1, 0, 1, 0, 2, 0, 1, 1, 0, 0, 0, 0, 1, 0, 0, 1, 1, 1, 0, 0, 0, 1, 1, 2, 0, 0, 1, 0, 1, 0, 0, 1, 1, 0, 0, 3, 2, 0, 1, 0, 2, 1, 0, 0, 1, 0, 1, 0, 3, 1, 1, 0, 1, 2, 2, 0, 0, 1, 1, 1, 2, 0, 0, 2, 1, 0, 0, 1, 0, 1, 1, 1, 1, 0, 3, 3, 3, 0, 0, 1, 0, 0, 1, 2, 3, 0, 0, 0, 2, 0, 0, 0],945.9065922875762,61087.12750041713,126543.65138075766,true
1,G4_BALANCED,G4_BALANCED,[31, 22, 82, 15, 26, 9, 95, 42, 77, 4, 47, 5, 93, 78, 86, 54, 85, 63, 18, 44, 20, 49, 36, 14, 48, 50, 53, 17, 59, 35, 1, 96, 45, 71, 81, 56, 8, 30, 38, 43, 6, 57, 40, 88, 65, 83, 76, 69, 46, 68, 99, 75, 60, 94, 28, 2, 62, 29, 32, 34, 70, 16, 11, 66, 74, 73, 72, 24, 37, 87, 80, 61, 89, 92, 25, 97, 21, 13, 10, 58, 90, 3, 51, 27, 64, 39, 23, 67, 84, 98, 52, 33, 55, 12, 79, 41, 7, 0, 91, 19]|[0, 2, 1, 0, 1, 2, 0, 0, 1, 0, 1, 1, 2, 1, 1, 2, 0, 0, 0, 2, 2, 1, 0, 2, 1, 2, 0, 1, 1, 0, 0, 0, 1, 2, 1, 0, 2, 1, 0, 1, 1, 0, 2, 1, 0, 0, 1, 2, 0, 0, 0, 2, 1, 1, 1, 0, 1, 1, 0, 1, 1, 1, 2, 2, 0, 1, 2, 0, 1, 2, 0, 1, 1, 2, 1, 0, 0, 0, 2, 0, 1, 1, 2, 0, 2, 1, 1, 0, 0, 0, 1, 2, 0, 1, 1, 2, 2, 0, 0, 2]|[1, 1, 4, 1, 4, 1, 0, 0, 2, 0, 2, 3, 1, 2, 2, 1, 1, 1, 2, 1, 1, 3, 0, 1, 1, 1, 2, 4, 4, 1, 2, 2, 0, 0, 4, 0, 1, 4, 1, 1, 4, 2, 0, 1, 0, 2, 2, 2, 2, 1, 2, 2, 1, 4, 2, 2, 2, 4, 1, 2, 4, 3, 0, 0, 0, 0, 2, 1, 3, 1, 1, 0, 1, 2, 4, 2, 1, 2, 2, 1, 4, 2, 0, 0, 2, 1, 4, 1, 2, 1, 1, 1, 2, 4, 4, 2, 1, 1, 1, 2]|[1, 1, 1, 1, 3, 0, 0, 0, 0, 1, 2, 2, 1, 1, 1, 0, 0, 0, 1, 0, 0, 2, 0, 0, 1, 0, 1, 3, 0, 1, 0, 0, 1, 0, 2, 1, 0, 3, 1, 3, 2, 0, 0, 0, 1, 0, 2, 0, 0, 0, 0, 1, 1, 2, 1, 0, 2, 0, 0, 3, 3, 2, 0, 0, 1, 1, 0, 0, 1, 1, 0, 3, 1, 0, 3, 0, 0, 0, 0, 0, 1, 1, 0, 1, 0, 3, 0, 0, 0, 0, 1, 1, 1, 0, 1, 0, 0, 1, 0, 1],1004.1082210855385,59894.317053724226,127596.32894949582,false
1,G2_TEC,G4_BALANCED,[31, 22, 82, 15, 26, 9, 95, 42, 77, 4, 47, 5, 93, 78, 86, 54, 85, 63, 18, 44, 20, 49, 36, 14, 48, 50, 53, 17, 59, 35, 1, 96, 45, 71, 81, 56, 8, 30, 38, 43, 6, 57, 40, 88, 65, 83, 76, 69, 67, 68, 46, 75, 60, 58, 19, 32, 41, 51, 27, 62, 87, 90, 74, 21, 94, 84, 39, 92, 11, 34, 80, 61, 28, 3, 64, 29, 98, 37, 99, 23, 91, 89, 55, 13, 66, 0, 10, 73, 2, 24, 7, 16, 25, 79, 72, 12, 33, 52, 70, 97]|[1, 2, 1, 0, 2, 1, 0, 0, 1, 1, 2, 2, 1, 1, 1, 0, 0, 1, 0, 2, 1, 1, 1, 2, 1, 1, 0, 1, 1, 0, 1, 0, 1, 2, 2, 0, 0, 0, 0, 1, 0, 1, 2, 1, 1, 0, 1, 2, 2, 0, 2, 2, 2, 0, 0, 1, 0, 1, 0, 2, 2, 2, 2, 2, 2, 1, 0, 0, 1, 1, 0, 1, 1, 1, 2, 1, 1, 1, 1, 1, 0, 1, 1, 0, 0, 0, 0, 1, 0, 0, 1, 1, 0, 1, 2, 1, 2, 1, 1, 2]|[4, 2, 4, 1, 0, 3, 0, 0, 2, 4, 0, 1, 2, 2, 2, 1, 2, 3, 1, 1, 4, 3, 3, 1, 1, 2, 2, 4, 2, 1, 3, 2, 4, 0, 2, 1, 1, 1, 0, 1, 2, 2, 0, 1, 4, 0, 4, 2, 1, 1, 1, 1, 0, 1, 2, 3, 1, 4, 2, 0, 1, 2, 0, 1, 0, 1, 2, 0, 4, 1, 1, 0, 2, 3, 2, 3, 3, 4, 3, 4, 1, 1, 4, 2, 1, 0, 2, 4, 2, 1, 1, 4, 1, 4, 0, 4, 0, 2, 1, 2]|[2, 0, 1, 1, 0, 3, 0, 0, 0, 0, 0, 0, 1, 1, 0, 0, 0, 2, 0, 0, 1, 2, 2, 1, 1, 1, 1, 3, 1, 1, 0, 0, 2, 0, 1, 0, 0, 0, 1, 3, 1, 1, 0, 3, 3, 0, 2, 0, 0, 0, 0, 0, 1, 0, 0, 0, 1, 0, 0, 0, 1, 0, 0, 0, 0, 3, 1, 1, 2, 1, 0, 3, 2, 0, 0, 0, 2, 3, 2, 0, 0, 1, 3, 0, 0, 1, 1, 0, 0, 0, 2, 1, 0, 1, 1, 3, 0, 1, 3, 1],986.938642343314,59929.36372666092,125106.80156771615,true
1,G3_TWC,G4_BALANCED,[31, 22, 82, 15, 26, 9, 95, 42, 77, 4, 47, 5, 93, 78, 86, 54, 85, 63, 18, 44, 20, 49, 36, 14, 48, 50, 53, 17, 59, 35, 1, 96, 45, 71, 81, 56, 8, 30, 38, 43, 6, 57, 40, 88, 65, 83, 76, 69, 67, 68, 46, 75, 60, 58, 19, 32, 41, 51, 27, 62, 87, 90, 74, 21, 94, 84, 39, 92, 11, 34, 80, 61, 28, 3, 64, 29, 98, 37, 99, 23, 91, 89, 55, 13, 66, 0, 10, 73, 2, 24, 7, 16, 25, 79, 72, 12, 33, 52, 70, 97]|[1, 2, 1, 0, 2, 1, 0, 0, 1, 1, 2, 2, 1, 1, 1, 0, 0, 1, 0, 2, 1, 1, 1, 2, 1, 1, 0, 1, 1, 0, 1, 0, 1, 2, 2, 0, 0, 0, 0, 1, 0, 1, 2, 1, 1, 0, 1, 2, 2, 0, 2, 2, 2, 0, 0, 1, 0, 1, 0, 2, 2, 2, 2, 2, 2, 1, 0, 0, 1, 1, 0, 1, 1, 1, 2, 1, 1, 1, 1, 1, 0, 1, 1, 0, 0, 0, 0, 1, 0, 0, 1, 1, 0, 1, 2, 1, 2, 1, 1, 2]|[4, 2, 4, 1, 0, 3, 0, 0, 2, 4, 0, 1, 2, 2, 2, 1, 2, 3, 1, 1, 4, 3, 3, 1, 1, 2, 2, 4, 2, 1, 3, 2, 4, 0, 2, 1, 1, 1, 0, 1, 2, 2, 0, 1, 4, 0, 4, 2, 1, 1, 1, 1, 0, 1, 2, 3, 1, 4, 2, 0, 1, 2, 0, 1, 0, 1, 2, 0, 4, 1, 1, 0, 2, 3, 2, 3, 3, 4, 3, 4, 1, 1, 4, 2, 1, 0, 2, 4, 2, 1, 1, 4, 1, 4, 0, 4, 0, 2, 1, 2]|[2, 0, 1, 1, 0, 3, 0, 0, 0, 0, 0, 0, 1, 1, 0, 0, 0, 2, 0, 0, 1, 2, 2, 1, 1, 1, 1, 3, 1, 1, 0, 0, 2, 0, 1, 0, 0, 0, 1, 3, 1, 1, 0, 3, 3, 0, 2, 0, 0, 0, 0, 0, 1, 0, 0, 0, 1, 0, 0, 0, 1, 0, 0, 0, 0, 3, 1, 1, 2, 1, 0, 3, 2, 0, 0, 0, 2, 3, 2, 0, 0, 1, 3, 0, 0, 1, 1, 0, 0, 0, 2, 1, 0, 1, 1, 3, 0, 1, 3, 1],986.938642343314,59929.36372666092,125106.80156771615,true
1,G1_CMAX,G1_CMAX,[45, 1, 62, 78, 41, 39, 32, 87, 75, 12, 40, 99, 24, 38, 79, 30, 17, 91, 18, 83, 90, 35, 36, 14, 48, 50, 53, 4, 21, 31, 71, 64, 3, 23, 85, 44, 93, 26, 60, 52, 65, 13, 86, 46, 97, 88, 80, 7, 73, 84, 5, 59, 89, 49, 28, 2, 47, 29, 95, 43, 92, 98, 11, 66, 81, 63, 82, 55, 37, 58, 42, 61, 20, 0, 57, 33, 6, 27, 10, 77, 72, 67, 51, 25, 15, 34, 22, 8, 68, 56, 9, 16, 94, 54, 96, 74, 69, 76, 70, 19]|[1, 2, 0, 2, 2, 2, 1, 2, 2, 1, 1, 0, 2, 0, 1, 1, 1, 0, 0, 0, 2, 1, 1, 2, 2, 2, 0, 1, 1, 0, 0, 0, 0, 1, 1, 0, 0, 1, 2, 1, 1, 0, 1, 1, 0, 1, 0, 1, 1, 1, 1, 1, 1, 1, 2, 2, 1, 1, 0, 1, 2, 0, 2, 2, 0, 0, 1, 0, 1, 1, 1, 1, 2, 0, 0, 2, 1, 0, 2, 0, 2, 1, 0, 1, 2, 1, 0, 0, 0, 0, 1, 1, 2, 2, 1, 2, 0, 0, 1, 2]|[4, 2, 2, 0, 0, 0, 3, 0, 2, 1, 2, 2, 1, 1, 4, 4, 1, 0, 2, 2, 2, 0, 1, 1, 0, 1, 2, 1, 3, 1, 0, 1, 2, 4, 4, 0, 1, 4, 0, 2, 4, 2, 2, 4, 2, 1, 1, 1, 0, 1, 3, 3, 1, 0, 0, 1, 2, 3, 1, 1, 2, 2, 0, 1, 1, 1, 4, 0, 3, 0, 0, 3, 2, 1, 0, 1, 4, 1, 1, 2, 2, 4, 0, 4, 2, 1, 2, 2, 1, 0, 0, 4, 1, 1, 3, 1, 1, 1, 4, 2]|[2, 0, 1, 0, 0, 0, 0, 0, 1, 1, 2, 0, 1, 0, 1, 3, 1, 0, 1, 0, 0, 0, 3, 0, 0, 0, 1, 1, 0, 1, 0, 0, 0, 0, 3, 1, 0, 3, 1, 1, 3, 0, 1, 3, 0, 0, 1, 2, 1, 3, 2, 0, 1, 0, 0, 1, 2, 0, 0, 3, 0, 0, 0, 0, 1, 0, 1, 1, 1, 3, 0, 0, 0, 1, 1, 1, 2, 0, 1, 0, 0, 3, 0, 3, 0, 1, 0, 0, 0, 1, 1, 1, 1, 0, 2, 0, 1, 1, 3, 1],890.730766659574,60824.77102303543,128275.17991816477,false
1,G4_BALANCED,G4_BALANCED,[31, 22, 82, 15, 26, 9, 95, 42, 77, 4, 47, 5, 93, 78, 86, 54, 85, 63, 18, 44, 20, 49, 36, 14, 48, 50, 53, 17, 59, 35, 1, 96, 45, 71, 81, 56, 8, 30, 38, 43, 6, 57, 40, 88, 65, 83, 76, 69, 46, 68, 99, 75, 60, 94, 28, 2, 62, 29, 32, 34, 70, 16, 11, 66, 74, 73, 72, 24, 37, 87, 80, 61, 89, 92, 25, 97, 21, 13, 10, 58, 90, 3, 51, 27, 64, 39, 23, 67, 84, 98, 52, 33, 55, 12, 79, 41, 7, 0, 91, 19]|[0, 2, 1, 0, 1, 2, 0, 0, 1, 0, 1, 1, 2, 1, 1, 2, 0, 0, 0, 2, 2, 1, 0, 2, 1, 2, 0, 1, 1, 0, 0, 0, 1, 2, 1, 0, 2, 1, 0, 1, 1, 0, 2, 1, 0, 0, 1, 2, 0, 0, 0, 2, 1, 1, 1, 0, 1, 1, 0, 1, 1, 1, 2, 2, 0, 1, 2, 0, 1, 2, 0, 1, 1, 2, 1, 0, 0, 0, 2, 0, 1, 1, 2, 0, 2, 1, 1, 0, 0, 0, 1, 2, 0, 1, 1, 2, 2, 0, 0, 2]|[1, 1, 4, 1, 4, 1, 0, 0, 2, 0, 2, 3, 1, 2, 2, 1, 1, 1, 2, 1, 1, 3, 0, 1, 1, 1, 2, 4, 4, 1, 2, 2, 0, 0, 4, 0, 1, 4, 1, 1, 4, 2, 0, 1, 0, 2, 2, 2, 2, 1, 2, 2, 1, 4, 2, 2, 2, 4, 1, 2, 4, 3, 0, 0, 0, 0, 2, 1, 3, 1, 1, 0, 1, 2, 4, 2, 1, 2, 2, 1, 4, 2, 0, 0, 2, 1, 4, 1, 2, 1, 1, 1, 2, 4, 4, 2, 1, 1, 1, 2]|[1, 1, 1, 1, 3, 0, 0, 0, 0, 1, 2, 2, 1, 1, 1, 0, 0, 0, 1, 0, 0, 2, 0, 0, 1, 0, 1, 3, 0, 1, 0, 0, 1, 0, 2, 1, 0, 3, 1, 3, 2, 0, 0, 0, 1, 0, 2, 0, 0, 0, 0, 1, 1, 2, 1, 0, 2, 0, 0, 3, 3, 2, 0, 0, 1, 1, 0, 0, 1, 1, 0, 3, 1, 0, 3, 0, 0, 0, 0, 0, 1, 1, 0, 1, 0, 3, 0, 0, 0, 0, 1, 1, 1, 0, 1, 0, 0, 1, 0, 1],1004.1082210855385,59894.317053724226,127596.32894949582,false
1,G2_TEC,G3_TWC,[31, 22, 82, 15, 41, 39, 32, 87, 75, 12, 47, 5, 93, 78, 86, 54, 85, 63, 18, 44, 20, 35, 43, 97, 91, 76, 10, 30, 21, 45, 71, 64, 1, 23, 17, 83, 24, 26, 60, 36, 6, 57, 40, 88, 65, 56, 50, 69, 67, 68, 46, 77, 38, 58, 19, 95, 81, 48, 27, 62, 42, 90, 74, 59, 2, 73, 72, 8, 37, 70, 80, 61, 89, 92, 25, 14, 66, 13, 53, 94, 16, 49, 29, 11, 96, 9, 3, 99, 55, 98, 52, 33, 84, 4, 79, 34, 7, 0, 51, 28]|[2, 2, 2, 2, 1, 1, 1, 0, 0, 1, 1, 1, 1, 1, 1, 0, 0, 0, 0, 2, 2, 0, 1, 2, 0, 2, 0, 1, 0, 2, 1, 2, 2, 2, 1, 0, 0, 0, 1, 1, 0, 1, 2, 1, 1, 1, 1, 2, 0, 0, 0, 2, 1, 1, 2, 1, 2, 2, 0, 2, 2, 1, 2, 1, 0, 1, 2, 0, 1, 1, 0, 1, 1, 2, 1, 0, 0, 0, 2, 2, 1, 1, 1, 1, 1, 0, 2, 0, 1, 0, 1, 2, 1, 1, 0, 1, 1, 0, 0, 1]|[0, 2, 0, 0, 4, 0, 3, 0, 2, 3, 2, 3, 2, 4, 4, 1, 2, 1, 2, 1, 1, 1, 1, 2, 1, 1, 2, 1, 1, 0, 3, 2, 2, 0, 4, 0, 1, 1, 4, 3, 2, 2, 0, 1, 4, 1, 2, 2, 0, 1, 1, 1, 1, 0, 2, 3, 2, 0, 1, 0, 2, 3, 0, 2, 2, 4, 0, 1, 4, 1, 1, 3, 1, 2, 4, 2, 2, 2, 2, 0, 3, 3, 3, 4, 3, 2, 2, 2, 4, 1, 2, 2, 1, 4, 1, 1, 1, 0, 1, 2]|[0, 0, 0, 0, 3, 1, 0, 0, 0, 0, 2, 2, 1, 0, 1, 0, 0, 0, 1, 0, 0, 1, 3, 1, 0, 0, 1, 1, 0, 0, 0, 0, 0, 0, 3, 0, 0, 1, 0, 2, 1, 1, 0, 0, 3, 0, 1, 0, 1, 0, 0, 0, 1, 3, 1, 0, 1, 0, 0, 0, 0, 2, 0, 1, 0, 0, 1, 0, 3, 3, 0, 0, 1, 0, 3, 0, 1, 0, 0, 0, 2, 0, 0, 2, 2, 1, 0, 0, 3, 0, 1, 0, 3, 0, 0, 1, 2, 1, 0, 1],910.4832055929189,59120.46185836394,134236.2183441338,true
1,G3_TWC,G3_TWC,[31, 22, 82, 15, 41, 39, 32, 87, 75, 12, 47, 5, 93, 78, 86, 54, 85, 63, 18, 44, 20, 35, 43, 97, 91, 76, 10, 30, 21, 45, 71, 64, 1, 23, 17, 83, 24, 26, 60, 36, 6, 57, 40, 88, 65, 56, 50, 69, 67, 68, 46, 77, 38, 58, 19, 95, 81, 48, 27, 62, 42, 90, 74, 59, 2, 73, 72, 8, 37, 70, 80, 61, 89, 92, 25, 14, 66, 13, 53, 94, 16, 49, 29, 11, 96, 9, 3, 99, 55, 98, 52, 33, 84, 4, 79, 34, 7, 0, 51, 28]|[2, 2, 2, 2, 1, 1, 1, 0, 0, 1, 1, 1, 1, 1, 1, 0, 0, 0, 0, 2, 2, 0, 1, 2, 0, 2, 0, 1, 0, 2, 1, 2, 2, 2, 1, 0, 0, 0, 1, 1, 0, 1, 2, 1, 1, 1, 1, 2, 0, 0, 0, 2, 1, 1, 2, 1, 2, 2, 0, 2, 2, 1, 2, 1, 0, 1, 2, 0, 1, 1, 0, 1, 1, 2, 1, 0, 0, 0, 2, 2, 1, 1, 1, 1, 1, 0, 2, 0, 1, 0, 1, 2, 1, 1, 0, 1, 1, 0, 0, 1]|[0, 2, 0, 0, 4, 0, 3, 0, 2, 3, 2, 3, 2, 4, 4, 1, 2, 1, 2, 1, 1, 1, 1, 2, 1, 1, 2, 1, 1, 0, 3, 2, 2, 0, 4, 0, 1, 1, 4, 3, 2, 2, 0, 1, 4, 1, 2, 2, 0, 1, 1, 1, 1, 0, 2, 3, 2, 0, 1, 0, 2, 3, 0, 2, 2, 4, 0, 1, 4, 1, 1, 3, 1, 2, 4, 2, 2, 2, 2, 0, 3, 3, 3, 4, 3, 2, 2, 2, 4, 1, 2, 2, 1, 4, 1, 1, 1, 0, 1, 2]|[0, 0, 0, 0, 3, 1, 0, 0, 0, 0, 2, 2, 1, 0, 1, 0, 0, 0, 1, 0, 0, 1, 3, 1, 0, 0, 1, 1, 0, 0, 0, 0, 0, 0, 3, 0, 0, 1, 0, 2, 1, 1, 0, 0, 3, 0, 1, 0, 1, 0, 0, 0, 1, 3, 1, 0, 1, 0, 0, 0, 0, 2, 0, 1, 0, 0, 1, 0, 3, 3, 0, 0, 1, 0, 3, 0, 1, 0, 0, 0, 2, 0, 0, 2, 2, 1, 0, 0, 3, 0, 1, 0, 3, 0, 0, 1, 2, 1, 0, 1],910.4832055929189,59120.46185836394,134236.2183441338,false
1,G1_CMAX,G1_CMAX,[45, 1, 62, 78, 41, 39, 32, 87, 75, 12, 40, 99, 24, 38, 79, 30, 17, 91, 18, 83, 90, 35, 36, 14, 48, 50, 53, 4, 21, 31, 71, 64, 3, 23, 85, 44, 93, 26, 60, 52, 65, 13, 86, 46, 97, 88, 80, 7, 73, 84, 5, 59, 89, 49, 28, 2, 47, 29, 95, 43, 92, 98, 11, 66, 81, 63, 82, 55, 37, 58, 42, 61, 20, 0, 57, 33, 6, 27, 10, 77, 72, 67, 51, 25, 15, 34, 22, 8, 68, 56, 9, 16, 94, 54, 96, 74, 69, 76, 70, 19]|[1, 2, 0, 2, 2, 2, 1, 2, 2, 1, 1, 0, 2, 0, 1, 1, 1, 0, 0, 0, 2, 1, 1, 2, 2, 2, 0, 1, 1, 0, 0, 0, 0, 1, 1, 0, 0, 1, 2, 1, 1, 0, 1, 1, 0, 1, 0, 1, 1, 1, 1, 1, 1, 1, 2, 2, 1, 1, 0, 1, 2, 0, 2, 2, 0, 0, 1, 0, 1, 1, 1, 1, 2, 0, 0, 2, 1, 0, 2, 0, 2, 1, 0, 1, 2, 1, 0, 0, 0, 0, 1, 1, 2, 2, 1, 2, 0, 0, 1, 2]|[4, 2, 2, 0, 0, 0, 3, 0, 2, 1, 2, 2, 1, 1, 4, 4, 1, 0, 2, 2, 2, 0, 1, 1, 0, 1, 2, 1, 3, 1, 0, 1, 2, 4, 4, 0, 1, 4, 0, 2, 4, 2, 2, 4, 2, 1, 1, 1, 0, 1, 3, 3, 1, 0, 0, 1, 2, 3, 1, 1, 2, 2, 0, 1, 1, 1, 4, 0, 3, 0, 0, 3, 2, 1, 0, 1, 4, 1, 1, 2, 2, 4, 0, 4, 2, 1, 2, 2, 1, 0, 0, 4, 1, 1, 3, 1, 1, 1, 4, 2]|[2, 0, 1, 0, 0, 0, 0, 0, 1, 1, 2, 0, 1, 0, 1, 3, 1, 0, 1, 0, 0, 0, 3, 0, 0, 0, 1, 1, 0, 1, 0, 0, 0, 0, 3, 1, 0, 3, 1, 1, 3, 0, 1, 3, 0, 0, 1, 2, 1, 3, 2, 0, 1, 0, 0, 1, 2, 0, 0, 3, 0, 0, 0, 0, 1, 0, 1, 1, 1, 3, 0, 0, 0, 1, 1, 1, 2, 0, 1, 0, 0, 3, 0, 3, 0, 1, 0, 0, 0, 1, 1, 1, 1, 0, 2, 0, 1, 1, 3, 1],890.730766659574,60824.77102303543,128275.17991816477,false
1,G4_BALANCED,G4_BALANCED,[31, 22, 82, 15, 26, 9, 95, 42, 77, 4, 47, 5, 93, 78, 86, 54, 85, 63, 18, 44, 20, 49, 36, 14, 48, 50, 53, 17, 21, 45, 71, 64, 3, 23, 30, 83, 24, 41, 60, 52, 65, 27, 90, 70, 39, 87, 74, 69, 99, 68, 46, 1, 38, 58, 97, 59, 28, 8, 73, 37, 35, 79, 11, 66, 94, 32, 72, 13, 34, 6, 80, 61, 89, 92, 25, 62, 2, 98, 91, 43, 16, 67, 29, 40, 96, 56, 10, 0, 55, 81, 76, 19, 84, 12, 33, 75, 7, 88, 51, 57]|[0, 2, 2, 1, 1, 2, 2, 0, 1, 1, 1, 0, 2, 1, 1, 0, 0, 0, 0, 2, 2, 1, 0, 2, 1, 2, 0, 2, 0, 1, 1, 0, 0, 0, 1, 0, 2, 1, 2, 2, 0, 0, 1, 1, 0, 2, 0, 2, 1, 0, 0, 2, 2, 1, 2, 0, 2, 1, 1, 1, 2, 1, 2, 2, 1, 2, 1, 1, 1, 1, 0, 1, 1, 2, 1, 2, 2, 0, 0, 1, 1, 1, 1, 2, 0, 0, 1, 0, 1, 2, 2, 2, 1, 1, 0, 0, 0, 1, 0, 0]|[1, 1, 0, 2, 4, 1, 1, 0, 2, 4, 2, 2, 1, 4, 2, 1, 1, 1, 2, 1, 1, 3, 0, 1, 1, 1, 2, 1, 1, 0, 3, 1, 2, 0, 4, 2, 1, 4, 0, 1, 0, 1, 4, 4, 1, 2, 0, 2, 3, 1, 2, 1, 2, 0, 1, 2, 0, 3, 0, 3, 2, 3, 0, 0, 4, 1, 2, 4, 2, 4, 1, 3, 1, 2, 4, 2, 1, 1, 2, 1, 4, 3, 3, 0, 2, 0, 1, 2, 3, 2, 1, 0, 1, 4, 2, 2, 2, 1, 0, 0]|[1, 1, 0, 1, 3, 0, 0, 0, 0, 0, 2, 0, 1, 0, 1, 0, 0, 0, 1, 0, 0, 2, 0, 0, 1, 0, 1, 0, 0, 1, 0, 0, 0, 0, 3, 0, 1, 3, 1, 0, 1, 0, 1, 3, 0, 0, 1, 0, 2, 0, 0, 1, 0, 3, 1, 0, 0, 0, 1, 1, 0, 2, 0, 0, 2, 0, 1, 0, 3, 2, 0, 0, 1, 0, 3, 0, 0, 0, 1, 3, 1, 0, 0, 0, 0, 1, 1, 0, 0, 1, 0, 0, 3, 0, 1, 0, 0, 0, 0, 1],998.3735939713697,57848.666068543775,138465.97105309248,false
1,G2_TEC,G2_TEC,[45, 1, 62, 78, 41, 39, 32, 87, 75, 12, 40, 99, 24, 38, 79, 30, 85, 63, 18, 44, 20, 49, 36, 14, 48, 76, 10, 54, 21, 31, 71, 64, 3, 23, 17, 83, 93, 26, 60, 52, 65, 27, 90, 70, 9, 42, 74, 69, 5, 68, 46, 22, 15, 58, 47, 59, 28, 8, 73, 37, 35, 86, 11, 66, 94, 95, 72, 13, 56, 6, 80, 61, 89, 92, 25, 34, 91, 57, 53, 2, 16, 88, 29, 50, 96, 19, 77, 0, 55, 98, 43, 33, 84, 4, 97, 82, 7, 67, 51, 81]|[0, 2, 2, 1, 2, 2, 0, 2, 0, 1, 2, 0, 2, 1, 1, 0, 0, 1, 0, 2, 1, 2, 0, 2, 1, 1, 2, 2, 1, 1, 0, 0, 0, 0, 1, 0, 0, 1, 1, 1, 0, 0, 1, 1, 0, 2, 0, 2, 1, 0, 2, 1, 2, 1, 2, 0, 2, 1, 1, 1, 1, 1, 2, 2, 1, 0, 1, 1, 1, 1, 0, 1, 1, 2, 1, 1, 0, 0, 0, 2, 1, 1, 0, 2, 0, 2, 0, 0, 0, 0, 1, 2, 0, 1, 2, 0, 2, 0, 0, 2]|[1, 2, 0, 2, 2, 1, 2, 2, 1, 4, 0, 2, 1, 4, 4, 1, 2, 3, 2, 1, 4, 0, 0, 1, 3, 2, 1, 1, 4, 0, 2, 1, 2, 0, 4, 1, 1, 4, 0, 3, 2, 1, 4, 4, 1, 2, 1, 1, 3, 1, 1, 2, 2, 0, 2, 2, 2, 3, 4, 3, 0, 3, 0, 0, 4, 0, 2, 4, 1, 4, 1, 3, 1, 2, 4, 4, 1, 0, 2, 1, 4, 1, 1, 1, 2, 2, 2, 2, 2, 1, 1, 1, 1, 3, 2, 1, 1, 1, 0, 2]|[1, 0, 0, 1, 0, 0, 0, 0, 1, 0, 0, 0, 1, 0, 1, 0, 0, 2, 1, 0, 1, 0, 0, 0, 2, 2, 0, 0, 0, 0, 0, 0, 0, 0, 3, 0, 0, 3, 0, 2, 0, 0, 1, 3, 0, 0, 1, 0, 2, 0, 0, 1, 0, 3, 0, 0, 1, 0, 2, 1, 0, 2, 0, 0, 2, 0, 1, 0, 0, 2, 0, 0, 1, 0, 3, 2, 0, 1, 1, 0, 1, 0, 0, 0, 0, 1, 0, 0, 1, 0, 3, 1, 1, 0, 0, 0, 0, 0, 0, 1],1103.795774281678,56827.39228694975,141895.87706454445,false
1,G3_TWC,G1_CMAX,[45, 1, 62, 78, 40, 10, 96, 42, 77, 4, 47, 46, 15, 24, 86, 54, 85, 63, 18, 44, 20, 49, 36, 14, 48, 50, 53, 12, 59, 35, 22, 95, 31, 71, 81, 56, 8, 30, 38, 9, 83, 27, 90, 70, 98, 87, 74, 69, 99, 68, 5, 75, 60, 94, 28, 2, 82, 29, 64, 34, 88, 16, 11, 66, 76, 73, 72, 93, 37, 6, 80, 61, 89, 92, 25, 97, 21, 41, 65, 7, 57, 55, 84, 19, 32, 58, 17, 52, 26, 51, 33, 91, 3, 79, 43, 23, 39, 0, 67, 13]|[0, 2, 2, 0, 2, 2, 0, 1, 0, 1, 1, 2, 1, 1, 0, 2, 0, 0, 0, 2, 1, 1, 0, 2, 2, 2, 0, 1, 1, 1, 0, 0, 1, 0, 1, 2, 2, 1, 0, 2, 0, 1, 0, 1, 0, 0, 0, 0, 1, 1, 1, 1, 2, 2, 1, 0, 1, 1, 2, 1, 1, 1, 2, 2, 1, 2, 2, 0, 1, 2, 0, 1, 1, 2, 1, 0, 0, 2, 1, 1, 0, 1, 1, 2, 0, 0, 0, 1, 1, 2, 2, 1, 0, 0, 1, 1, 0, 2, 2, 2]|[1, 2, 0, 1, 0, 1, 2, 4, 2, 4, 2, 1, 2, 2, 1, 1, 2, 0, 1, 1, 4, 3, 0, 1, 0, 1, 2, 1, 4, 0, 2, 2, 0, 0, 2, 0, 2, 4, 1, 1, 0, 2, 0, 1, 1, 0, 1, 1, 3, 1, 3, 2, 2, 1, 2, 2, 2, 3, 2, 1, 1, 3, 0, 1, 3, 1, 2, 1, 1, 2, 1, 3, 1, 2, 4, 2, 1, 2, 4, 1, 0, 2, 1, 0, 1, 1, 2, 2, 4, 0, 1, 2, 2, 1, 1, 4, 2, 2, 1, 2]|[1, 0, 0, 1, 0, 0, 0, 3, 0, 0, 2, 0, 1, 1, 1, 0, 0, 0, 0, 0, 1, 2, 0, 0, 0, 0, 1, 1, 0, 0, 0, 0, 1, 0, 3, 0, 0, 3, 1, 0, 1, 1, 1, 3, 0, 0, 1, 1, 0, 3, 2, 1, 0, 1, 1, 0, 2, 0, 0, 1, 0, 2, 0, 0, 1, 0, 0, 0, 0, 0, 1, 0, 1, 0, 3, 0, 0, 0, 3, 2, 1, 1, 3, 0, 0, 0, 0, 1, 3, 0, 1, 0, 0, 0, 3, 0, 1, 0, 1, 0],906.3049551239445,59557.08750385282,134101.4144076453,true
1,G1_CMAX,G1_CMAX,[45, 1, 62, 78, 41, 39, 32, 87, 77, 4, 47, 5, 93, 15, 86, 54, 85, 63, 18, 44, 20, 49, 36, 14, 48, 50, 53, 17, 59, 35, 83, 96, 9, 71, 81, 56, 8, 33, 67, 64, 6, 57, 40, 88, 65, 22, 76, 91, 80, 68, 69, 26, 51, 99, 19, 95, 75, 60, 27, 82, 42, 90, 74, 21, 2, 73, 72, 28, 94, 3, 30, 97, 24, 46, 52, 70, 29, 43, 7, 0, 10, 38, 31, 25, 12, 66, 84, 79, 23, 34, 37, 55, 61, 98, 16, 11, 89, 13, 92, 58]|[1, 2, 1, 0, 2, 2, 0, 0, 1, 2, 2, 2, 1, 1, 1, 1, 0, 2, 0, 0, 2, 2, 1, 2, 2, 1, 2, 1, 1, 1, 1, 0, 1, 2, 0, 2, 2, 2, 0, 2, 1, 0, 2, 1, 1, 0, 1, 0, 0, 0, 2, 2, 1, 2, 2, 0, 2, 1, 1, 1, 0, 2, 0, 0, 0, 1, 0, 0, 2, 1, 2, 0, 0, 0, 1, 1, 1, 1, 1, 0, 2, 0, 2, 1, 1, 0, 0, 1, 1, 1, 2, 1, 1, 1, 1, 2, 2, 1, 2, 1]|[3, 1, 4, 1, 0, 2, 2, 0, 2, 2, 0, 1, 2, 2, 2, 4, 1, 2, 1, 0, 1, 0, 4, 1, 2, 2, 0, 4, 4, 3, 3, 2, 4, 0, 1, 0, 1, 2, 0, 2, 4, 2, 1, 1, 4, 2, 3, 1, 1, 2, 1, 1, 4, 1, 2, 1, 1, 1, 2, 2, 0, 2, 0, 1, 2, 4, 1, 2, 0, 3, 0, 0, 1, 1, 2, 1, 4, 1, 1, 0, 2, 0, 2, 0, 4, 2, 1, 4, 4, 1, 0, 4, 0, 3, 3, 0, 0, 4, 2, 0]|[3, 1, 1, 1, 0, 0, 0, 0, 0, 0, 0, 0, 1, 1, 0, 3, 0, 1, 0, 1, 0, 0, 2, 1, 0, 1, 0, 3, 0, 1, 0, 0, 2, 0, 1, 0, 0, 0, 1, 0, 1, 0, 1, 0, 3, 0, 1, 0, 1, 1, 0, 0, 0, 0, 1, 0, 0, 1, 1, 2, 0, 0, 1, 0, 0, 0, 0, 1, 0, 0, 0, 1, 0, 0, 1, 3, 0, 3, 2, 1, 0, 1, 1, 2, 0, 1, 0, 1, 0, 1, 0, 3, 3, 2, 2, 0, 1, 0, 0, 3],930.5534015398908,59103.495527309344,135188.4648058228,false
1,G4_BALANCED,G2_TEC,[45, 1, 62, 78, 41, 39, 32, 87, 75, 12, 40, 99, 24, 38, 79, 30, 85, 63, 18, 44, 20, 49, 36, 14, 91, 76, 10, 54, 21, 31, 71, 64, 3, 23, 17, 83, 93, 26, 60, 52, 65, 13, 86, 46, 97, 88, 80, 33, 0, 2, 55, 59, 56, 34, 47, 89, 98, 8, 73, 37, 35, 61, 11, 66, 94, 95, 72, 96, 74, 43, 69, 67, 9, 81, 92, 70, 16, 51, 53, 58, 57, 50, 15, 27, 84, 77, 6, 82, 68, 28, 4, 48, 5, 22, 90, 7, 25, 29, 42, 19]|[2, 2, 2, 2, 2, 0, 0, 2, 0, 1, 2, 0, 2, 1, 0, 0, 1, 1, 0, 2, 2, 1, 0, 2, 2, 1, 2, 1, 1, 0, 0, 0, 0, 0, 1, 2, 0, 1, 2, 1, 0, 1, 1, 0, 0, 2, 0, 0, 1, 0, 0, 2, 1, 0, 2, 1, 2, 1, 1, 1, 1, 1, 2, 0, 1, 0, 1, 1, 0, 1, 2, 0, 2, 0, 2, 1, 1, 0, 0, 1, 0, 1, 2, 0, 1, 0, 0, 1, 0, 1, 1, 2, 1, 1, 1, 2, 1, 1, 1, 2]|[0, 1, 0, 0, 2, 1, 2, 2, 1, 4, 0, 2, 2, 4, 1, 1, 4, 3, 2, 0, 2, 0, 0, 1, 0, 4, 1, 1, 3, 1, 2, 1, 2, 0, 1, 0, 1, 4, 0, 1, 0, 2, 2, 2, 1, 2, 1, 2, 3, 1, 2, 1, 1, 1, 2, 4, 0, 3, 0, 3, 1, 2, 0, 1, 3, 0, 2, 3, 1, 1, 1, 1, 2, 1, 2, 4, 4, 0, 2, 0, 0, 2, 1, 1, 1, 2, 2, 4, 2, 2, 3, 0, 3, 3, 4, 1, 4, 3, 1, 2]|[0, 1, 0, 0, 0, 0, 0, 0, 1, 0, 0, 0, 1, 0, 0, 0, 3, 2, 1, 0, 0, 0, 0, 0, 0, 2, 0, 1, 0, 1, 0, 0, 0, 0, 1, 0, 0, 3, 1, 1, 1, 2, 1, 0, 0, 0, 1, 1, 2, 0, 1, 0, 0, 0, 1, 0, 0, 0, 1, 1, 2, 1, 0, 0, 1, 0, 1, 2, 1, 3, 1, 0, 0, 1, 0, 3, 1, 0, 1, 3, 1, 1, 0, 0, 3, 0, 1, 1, 0, 3, 0, 0, 2, 2, 1, 0, 3, 0, 3, 1],900.1424250428458,60167.0657531842,129458.70943387921,true
1,G2_TEC,G2_TEC,[45, 1, 62, 78, 41, 39, 32, 87, 75, 12, 40, 99, 24, 38, 79, 30, 85, 63, 18, 44, 20, 49, 36, 14, 48, 76, 10, 54, 21, 31, 71, 64, 3, 23, 17, 83, 93, 26, 60, 52, 65, 27, 90, 70, 9, 42, 74, 69, 5, 68, 46, 22, 15, 58, 47, 59, 28, 8, 73, 37, 35, 86, 11, 66, 94, 95, 72, 13, 56, 6, 80, 61, 89, 92, 25, 34, 91, 57, 53, 2, 16, 88, 29, 50, 96, 19, 77, 0, 55, 98, 43, 33, 84, 4, 97, 82, 7, 67, 51, 81]|[0, 2, 2, 1, 2, 2, 0, 2, 0, 1, 2, 0, 2, 1, 1, 0, 0, 1, 0, 2, 1, 2, 0, 2, 1, 1, 2, 2, 1, 1, 0, 0, 0, 0, 1, 0, 0, 1, 1, 1, 0, 0, 1, 1, 0, 2, 0, 2, 1, 0, 2, 1, 2, 1, 2, 0, 2, 1, 1, 1, 1, 1, 2, 2, 1, 0, 1, 1, 1, 1, 0, 1, 1, 2, 1, 1, 0, 0, 0, 2, 1, 1, 0, 2, 0, 2, 0, 0, 0, 0, 1, 2, 0, 1, 2, 0, 2, 0, 0, 2]|[1, 2, 0, 2, 2, 1, 2, 2, 1, 4, 0, 2, 1, 4, 4, 1, 2, 3, 2, 1, 4, 0, 0, 1, 3, 2, 1, 1, 4, 0, 2, 1, 2, 0, 4, 1, 1, 4, 0, 3, 2, 1, 4, 4, 1, 2, 1, 1, 3, 1, 1, 2, 2, 0, 2, 2, 2, 3, 4, 3, 0, 3, 0, 0, 4, 0, 2, 4, 1, 4, 1, 3, 1, 2, 4, 4, 1, 0, 2, 1, 4, 1, 1, 1, 2, 2, 2, 2, 2, 1, 1, 1, 1, 3, 2, 1, 1, 1, 0, 2]|[1, 0, 0, 1, 0, 0, 0, 0, 1, 0, 0, 0, 1, 0, 1, 0, 0, 2, 1, 0, 1, 0, 0, 0, 2, 2, 0, 0, 0, 0, 0, 0, 0, 0, 3, 0, 0, 3, 0, 2, 0, 0, 1, 3, 0, 0, 1, 0, 2, 0, 0, 1, 0, 3, 0, 0, 1, 0, 2, 1, 0, 2, 0, 0, 2, 0, 1, 0, 0, 2, 0, 0, 1, 0, 3, 2, 0, 1, 1, 0, 1, 0, 0, 0, 0, 1, 0, 0, 1, 0, 3, 1, 1, 0, 0, 0, 0, 0, 0, 1],1103.795774281678,56827.39228694975,141895.87706454445,false
1,G3_TWC,G1_CMAX,[45, 1, 62, 78, 40, 10, 96, 42, 77, 4, 47, 46, 15, 24, 86, 54, 85, 63, 18, 44, 20, 49, 36, 14, 48, 50, 53, 12, 59, 35, 22, 95, 31, 71, 81, 56, 8, 30, 38, 9, 83, 27, 90, 70, 98, 87, 74, 69, 99, 68, 5, 75, 60, 94, 28, 2, 82, 29, 64, 34, 88, 16, 11, 66, 76, 73, 72, 93, 37, 6, 80, 61, 89, 92, 25, 97, 21, 41, 65, 7, 57, 55, 84, 19, 32, 58, 17, 52, 26, 51, 33, 91, 3, 79, 43, 23, 39, 0, 67, 13]|[0, 2, 2, 0, 2, 2, 0, 1, 0, 1, 1, 2, 1, 1, 0, 2, 0, 0, 0, 2, 1, 1, 0, 2, 2, 2, 0, 1, 1, 1, 0, 0, 1, 0, 1, 2, 2, 1, 0, 2, 0, 1, 0, 1, 0, 0, 0, 0, 1, 1, 1, 1, 2, 2, 1, 0, 1, 1, 2, 1, 1, 1, 2, 2, 1, 2, 2, 0, 1, 2, 0, 1, 1, 2, 1, 0, 0, 2, 1, 1, 0, 1, 1, 2, 0, 0, 0, 1, 1, 2, 2, 1, 0, 0, 1, 1, 0, 2, 2, 2]|[1, 2, 0, 1, 0, 1, 2, 4, 2, 4, 2, 1, 2, 2, 1, 1, 2, 0, 1, 1, 4, 3, 0, 1, 0, 1, 2, 1, 4, 0, 2, 2, 0, 0, 2, 0, 2, 4, 1, 1, 0, 2, 0, 1, 1, 0, 1, 1, 3, 1, 3, 2, 2, 1, 2, 2, 2, 3, 2, 1, 1, 3, 0, 1, 3, 1, 2, 1, 1, 2, 1, 3, 1, 2, 4, 2, 1, 2, 4, 1, 0, 2, 1, 0, 1, 1, 2, 2, 4, 0, 1, 2, 2, 1, 1, 4, 2, 2, 1, 2]|[1, 0, 0, 1, 0, 0, 0, 3, 0, 0, 2, 0, 1, 1, 1, 0, 0, 0, 0, 0, 1, 2, 0, 0, 0, 0, 1, 1, 0, 0, 0, 0, 1, 0, 3, 0, 0, 3, 1, 0, 1, 1, 1, 3, 0, 0, 1, 1, 0, 3, 2, 1, 0, 1, 1, 0, 2, 0, 0, 1, 0, 2, 0, 0, 1, 0, 0, 0, 0, 0, 1, 0, 1, 0, 3, 0, 0, 0, 3, 2, 1, 1, 3, 0, 0, 0, 0, 1, 3, 0, 1, 0, 0, 0, 3, 0, 1, 0, 1, 0],906.3049551239445,59557.08750385282,134101.4144076453,true
1,G1_CMAX,G1_CMAX,[45, 1, 62, 78, 41, 39, 32, 87, 75, 12, 40, 99, 24, 38, 79, 30, 17, 91, 18, 83, 90, 35, 36, 14, 48, 50, 53, 4, 21, 31, 71, 64, 3, 23, 85, 44, 93, 26, 60, 52, 65, 13, 86, 46, 97, 88, 80, 7, 73, 84, 5, 59, 89, 49, 28, 2, 47, 29, 95, 43, 92, 98, 11, 66, 81, 63, 82, 55, 37, 58, 42, 61, 20, 0, 57, 33, 6, 27, 10, 77, 72, 67, 51, 25, 15, 34, 22, 8, 68, 56, 9, 16, 94, 54, 96, 74, 69, 76, 70, 19]|[1, 2, 0, 2, 2, 2, 1, 2, 2, 1, 1, 0, 2, 0, 1, 1, 1, 0, 0, 0, 2, 1, 1, 2, 2, 2, 0, 1, 1, 0, 0, 0, 0, 1, 1, 0, 0, 1, 2, 1, 1, 0, 1, 1, 0, 1, 0, 1, 1, 1, 1, 1, 1, 1, 2, 2, 1, 1, 0, 1, 2, 0, 2, 2, 0, 0, 1, 0, 1, 1, 1, 1, 2, 0, 0, 2, 1, 0, 2, 0, 2, 1, 0, 1, 2, 1, 0, 0, 0, 0, 1, 1, 2, 2, 1, 2, 0, 0, 1, 2]|[4, 2, 2, 0, 0, 0, 3, 0, 2, 1, 2, 2, 1, 1, 4, 4, 1, 0, 2, 2, 2, 0, 1, 1, 0, 1, 2, 1, 3, 1, 0, 1, 2, 4, 4, 0, 1, 4, 0, 2, 4, 2, 2, 4, 2, 1, 1, 1, 0, 1, 3, 3, 1, 0, 0, 1, 2, 3, 1, 1, 2, 2, 0, 1, 1, 1, 4, 0, 3, 0, 0, 3, 2, 1, 0, 1, 4, 1, 1, 2, 2, 4, 0, 4, 2, 1, 2, 2, 1, 0, 0, 4, 1, 1, 3, 1, 1, 1, 4, 2]|[2, 0, 1, 0, 0, 0, 0, 0, 1, 1, 2, 0, 1, 0, 1, 3, 1, 0, 1, 0, 0, 0, 3, 0, 0, 0, 1, 1, 0, 1, 0, 0, 0, 0, 3, 1, 0, 3, 1, 1, 3, 0, 1, 3, 0, 0, 1, 2, 1, 3, 2, 0, 1, 0, 0, 1, 2, 0, 0, 3, 0, 0, 0, 0, 1, 0, 1, 1, 1, 3, 0, 0, 0, 1, 1, 1, 2, 0, 1, 0, 0, 3, 0, 3, 0, 1, 0, 0, 0, 1, 1, 1, 1, 0, 2, 0, 1, 1, 3, 1],890.730766659574,60824.77102303543,128275.17991816477,false
1,G4_BALANCED,G3_TWC,[31, 22, 82, 15, 41, 39, 32, 87, 75, 12, 47, 5, 93, 78, 86, 54, 85, 63, 18, 44, 20, 35, 43, 97, 91, 76, 10, 30, 21, 45, 71, 64, 1, 23, 17, 83, 24, 26, 60, 36, 6, 13, 79, 46, 14, 42, 74, 7, 73, 84, 99, 77, 38, 58, 19, 95, 62, 48, 57, 9, 56, 40, 50, 59, 2, 67, 72, 8, 37, 88, 80, 61, 89, 92, 25, 90, 66, 27, 53, 52, 16, 49, 29, 11, 96, 65, 3, 70, 55, 98, 94, 33, 68, 4, 81, 34, 69, 0, 51, 28]|[0, 2, 2, 2, 1, 1, 1, 0, 2, 1, 2, 1, 2, 1, 1, 2, 0, 0, 0, 2, 2, 1, 1, 2, 0, 2, 0, 2, 1, 2, 0, 2, 0, 2, 1, 0, 0, 1, 2, 1, 0, 1, 0, 0, 0, 2, 0, 1, 1, 1, 1, 2, 1, 1, 2, 0, 2, 2, 0, 0, 1, 2, 2, 1, 0, 0, 2, 1, 1, 1, 0, 1, 1, 2, 1, 2, 0, 0, 0, 1, 1, 1, 1, 1, 1, 0, 2, 1, 0, 0, 1, 2, 0, 1, 1, 1, 2, 2, 0, 1]|[1, 2, 0, 0, 4, 0, 3, 0, 2, 3, 0, 3, 1, 4, 4, 0, 2, 1, 2, 1, 2, 3, 1, 2, 1, 1, 2, 1, 4, 0, 2, 2, 2, 0, 2, 0, 1, 4, 0, 0, 2, 2, 1, 1, 1, 2, 1, 1, 4, 1, 3, 1, 1, 0, 2, 0, 1, 0, 0, 2, 1, 0, 1, 2, 2, 0, 0, 4, 4, 1, 1, 3, 1, 2, 4, 2, 2, 1, 2, 2, 3, 3, 3, 4, 3, 2, 2, 1, 2, 1, 4, 2, 1, 4, 2, 1, 0, 2, 1, 2]|[1, 0, 0, 0, 3, 1, 0, 0, 1, 0, 0, 2, 1, 0, 1, 1, 0, 0, 1, 0, 0, 2, 3, 1, 0, 0, 1, 0, 0, 0, 0, 0, 0, 0, 3, 0, 0, 3, 1, 1, 1, 2, 0, 0, 0, 0, 1, 2, 0, 3, 2, 0, 1, 3, 1, 0, 1, 0, 1, 1, 0, 0, 0, 1, 0, 1, 1, 2, 3, 0, 0, 0, 1, 0, 3, 0, 1, 0, 1, 1, 2, 0, 0, 2, 2, 1, 0, 3, 1, 0, 2, 0, 0, 0, 1, 1, 1, 0, 0, 1],890.1163357090832,62013.01318563086,126131.8100530798,true
1,G2_TEC,G2_TEC,[45, 1, 62, 78, 41, 39, 32, 87, 75, 12, 40, 99, 24, 38, 79, 30, 85, 63, 18, 44, 20, 49, 36, 14, 48, 76, 10, 54, 21, 31, 71, 64, 3, 23, 17, 83, 93, 26, 60, 52, 65, 27, 90, 70, 9, 42, 74, 69, 5, 68, 46, 22, 15, 58, 47, 59, 28, 8, 73, 37, 35, 86, 11, 66, 94, 95, 72, 13, 56, 6, 80, 61, 89, 92, 25, 34, 91, 57, 53, 2, 16, 88, 29, 50, 96, 19, 77, 0, 55, 98, 43, 33, 84, 4, 97, 82, 7, 67, 51, 81]|[0, 2, 2, 1, 2, 2, 0, 2, 0, 1, 2, 0, 2, 1, 1, 0, 0, 1, 0, 2, 1, 2, 0, 2, 1, 1, 2, 2, 1, 1, 0, 0, 0, 0, 1, 0, 0, 1, 1, 1, 0, 0, 1, 1, 0, 2, 0, 2, 1, 0, 2, 1, 2, 1, 2, 0, 2, 1, 1, 1, 1, 1, 2, 2, 1, 0, 1, 1, 1, 1, 0, 1, 1, 2, 1, 1, 0, 0, 0, 2, 1, 1, 0, 2, 0, 2, 0, 0, 0, 0, 1, 2, 0, 1, 2, 0, 2, 0, 0, 2]|[1, 2, 0, 2, 2, 1, 2, 2, 1, 4, 0, 2, 1, 4, 4, 1, 2, 3, 2, 1, 4, 0, 0, 1, 3, 2, 1, 1, 4, 0, 2, 1, 2, 0, 4, 1, 1, 4, 0, 3, 2, 1, 4, 4, 1, 2, 1, 1, 3, 1, 1, 2, 2, 0, 2, 2, 2, 3, 4, 3, 0, 3, 0, 0, 4, 0, 2, 4, 1, 4, 1, 3, 1, 2, 4, 4, 1, 0, 2, 1, 4, 1, 1, 1, 2, 2, 2, 2, 2, 1, 1, 1, 1, 3, 2, 1, 1, 1, 0, 2]|[1, 0, 0, 1, 0, 0, 0, 0, 1, 0, 0, 0, 1, 0, 1, 0, 0, 2, 1, 0, 1, 0, 0, 0, 2, 2, 0, 0, 0, 0, 0, 0, 0, 0, 3, 0, 0, 3, 0, 2, 0, 0, 1, 3, 0, 0, 1, 0, 2, 0, 0, 1, 0, 3, 0, 0, 1, 0, 2, 1, 0, 2, 0, 0, 2, 0, 1, 0, 0, 2, 0, 0, 1, 0, 3, 2, 0, 1, 1, 0, 1, 0, 0, 0, 0, 1, 0, 0, 1, 0, 3, 1, 1, 0, 0, 0, 0, 0, 0, 1],1103.795774281678,56827.39228694975,141895.87706454445,false
1,G3_TWC,G1_CMAX,[45, 1, 62, 78, 40, 10, 96, 42, 77, 4, 47, 46, 15, 24, 86, 54, 85, 63, 18, 44, 20, 49, 36, 14, 48, 50, 53, 12, 59, 35, 22, 95, 31, 71, 81, 56, 8, 30, 38, 9, 83, 27, 90, 70, 98, 87, 74, 69, 99, 68, 5, 75, 60, 94, 28, 2, 82, 29, 64, 34, 88, 16, 11, 66, 76, 73, 72, 93, 37, 6, 80, 61, 89, 92, 25, 97, 21, 41, 65, 7, 57, 55, 84, 19, 32, 58, 17, 52, 26, 51, 33, 91, 3, 79, 43, 23, 39, 0, 67, 13]|[0, 2, 2, 0, 2, 2, 0, 1, 0, 1, 1, 2, 1, 1, 0, 2, 0, 0, 0, 2, 1, 1, 0, 2, 2, 2, 0, 1, 1, 1, 0, 0, 1, 0, 1, 2, 2, 1, 0, 2, 0, 1, 0, 1, 0, 0, 0, 0, 1, 1, 1, 1, 2, 2, 1, 0, 1, 1, 2, 1, 1, 1, 2, 2, 1, 2, 2, 0, 1, 2, 0, 1, 1, 2, 1, 0, 0, 2, 1, 1, 0, 1, 1, 2, 0, 0, 0, 1, 1, 2, 2, 1, 0, 0, 1, 1, 0, 2, 2, 2]|[1, 2, 0, 1, 0, 1, 2, 4, 2, 4, 2, 1, 2, 2, 1, 1, 2, 0, 1, 1, 4, 3, 0, 1, 0, 1, 2, 1, 4, 0, 2, 2, 0, 0, 2, 0, 2, 4, 1, 1, 0, 2, 0, 1, 1, 0, 1, 1, 3, 1, 3, 2, 2, 1, 2, 2, 2, 3, 2, 1, 1, 3, 0, 1, 3, 1, 2, 1, 1, 2, 1, 3, 1, 2, 4, 2, 1, 2, 4, 1, 0, 2, 1, 0, 1, 1, 2, 2, 4, 0, 1, 2, 2, 1, 1, 4, 2, 2, 1, 2]|[1, 0, 0, 1, 0, 0, 0, 3, 0, 0, 2, 0, 1, 1, 1, 0, 0, 0, 0, 0, 1, 2, 0, 0, 0, 0, 1, 1, 0, 0, 0, 0, 1, 0, 3, 0, 0, 3, 1, 0, 1, 1, 1, 3, 0, 0, 1, 1, 0, 3, 2, 1, 0, 1, 1, 0, 2, 0, 0, 1, 0, 2, 0, 0, 1, 0, 0, 0, 0, 0, 1, 0, 1, 0, 3, 0, 0, 0, 3, 2, 1, 1, 3, 0, 0, 0, 0, 1, 3, 0, 1, 0, 0, 0, 3, 0, 1, 0, 1, 0],906.3049551239445,59557.08750385282,134101.4144076453,true
1,G1_CMAX,G1_CMAX,[45, 1, 62, 78, 41, 39, 32, 87, 75, 12, 40, 99, 24, 38, 79, 30, 17, 91, 18, 83, 90, 35, 36, 14, 48, 50, 53, 4, 21, 31, 71, 64, 3, 23, 85, 44, 93, 26, 60, 52, 65, 13, 86, 46, 97, 88, 80, 7, 73, 84, 5, 59, 89, 49, 28, 2, 47, 29, 95, 43, 92, 98, 11, 66, 81, 63, 82, 55, 37, 58, 42, 61, 20, 0, 57, 33, 6, 27, 10, 77, 72, 67, 51, 25, 15, 34, 22, 8, 68, 56, 9, 16, 94, 54, 96, 74, 69, 76, 70, 19]|[1, 2, 0, 2, 2, 2, 1, 2, 2, 1, 1, 0, 2, 0, 1, 1, 1, 0, 0, 0, 2, 1, 1, 2, 2, 2, 0, 1, 1, 0, 0, 0, 0, 1, 1, 0, 0, 1, 2, 1, 1, 0, 1, 1, 0, 1, 0, 1, 1, 1, 1, 1, 1, 1, 2, 2, 1, 1, 0, 1, 2, 0, 2, 2, 0, 0, 1, 0, 1, 1, 1, 1, 2, 0, 0, 2, 1, 0, 2, 0, 2, 1, 0, 1, 2, 1, 0, 0, 0, 0, 1, 1, 2, 2, 1, 2, 0, 0, 1, 2]|[4, 2, 2, 0, 0, 0, 3, 0, 2, 1, 2, 2, 1, 1, 4, 4, 1, 0, 2, 2, 2, 0, 1, 1, 0, 1, 2, 1, 3, 1, 0, 1, 2, 4, 4, 0, 1, 4, 0, 2, 4, 2, 2, 4, 2, 1, 1, 1, 0, 1, 3, 3, 1, 0, 0, 1, 2, 3, 1, 1, 2, 2, 0, 1, 1, 1, 4, 0, 3, 0, 0, 3, 2, 1, 0, 1, 4, 1, 1, 2, 2, 4, 0, 4, 2, 1, 2, 2, 1, 0, 0, 4, 1, 1, 3, 1, 1, 1, 4, 2]|[2, 0, 1, 0, 0, 0, 0, 0, 1, 1, 2, 0, 1, 0, 1, 3, 1, 0, 1, 0, 0, 0, 3, 0, 0, 0, 1, 1, 0, 1, 0, 0, 0, 0, 3, 1, 0, 3, 1, 1, 3, 0, 1, 3, 0, 0, 1, 2, 1, 3, 2, 0, 1, 0, 0, 1, 2, 0, 0, 3, 0, 0, 0, 0, 1, 0, 1, 1, 1, 3, 0, 0, 0, 1, 1, 1, 2, 0, 1, 0, 0, 3, 0, 3, 0, 1, 0, 0, 0, 1, 1, 1, 1, 0, 2, 0, 1, 1, 3, 1],890.730766659574,60824.77102303543,128275.17991816477,false
1,G4_BALANCED,G3_TWC,[31, 22, 82, 15, 26, 9, 95, 42, 77, 4, 47, 5, 93, 78, 86, 54, 85, 63, 18, 44, 20, 49, 36, 14, 48, 50, 53, 17, 59, 35, 1, 96, 45, 71, 81, 56, 8, 30, 38, 43, 6, 57, 40, 88, 65, 83, 80, 33, 0, 2, 55, 21, 46, 34, 79, 89, 98, 73, 32, 52, 92, 28, 11, 66, 41, 91, 62, 99, 37, 58, 87, 61, 90, 24, 29, 74, 72, 64, 10, 60, 68, 3, 51, 25, 13, 39, 23, 70, 67, 75, 97, 16, 27, 12, 69, 94, 7, 76, 84, 19]|[0, 2, 0, 0, 2, 1, 0, 0, 0, 1, 2, 1, 1, 2, 1, 2, 0, 1, 0, 2, 1, 1, 1, 2, 0, 1, 0, 1, 1, 0, 2, 1, 2, 0, 2, 0, 0, 0, 1, 1, 0, 1, 2, 1, 0, 0, 0, 0, 0, 2, 1, 2, 0, 1, 2, 1, 0, 1, 1, 1, 2, 0, 1, 0, 0, 0, 0, 1, 1, 0, 2, 1, 1, 0, 1, 2, 1, 2, 1, 2, 0, 1, 0, 0, 1, 2, 0, 1, 0, 2, 2, 1, 0, 1, 2, 2, 1, 1, 1, 2]|[1, 1, 1, 1, 0, 0, 0, 0, 2, 2, 0, 3, 2, 0, 2, 1, 2, 3, 1, 1, 4, 3, 1, 1, 1, 2, 2, 4, 2, 1, 0, 3, 0, 2, 2, 1, 1, 1, 4, 1, 2, 2, 0, 1, 2, 1, 1, 2, 0, 1, 3, 1, 2, 1, 0, 1, 1, 3, 3, 1, 2, 2, 4, 1, 1, 1, 2, 3, 4, 1, 2, 0, 4, 1, 3, 0, 2, 2, 3, 0, 2, 3, 0, 1, 2, 1, 2, 4, 1, 2, 2, 4, 1, 4, 2, 1, 1, 2, 1, 2]|[1, 1, 0, 1, 0, 1, 0, 0, 0, 3, 0, 2, 1, 0, 0, 0, 0, 2, 0, 0, 1, 2, 3, 0, 0, 1, 1, 3, 1, 1, 0, 2, 0, 0, 1, 0, 0, 0, 0, 1, 1, 1, 0, 0, 0, 0, 0, 1, 1, 1, 2, 0, 0, 1, 0, 1, 0, 0, 0, 1, 0, 0, 2, 0, 1, 0, 1, 2, 3, 0, 0, 3, 1, 0, 0, 0, 1, 0, 3, 1, 1, 0, 0, 0, 2, 0, 0, 3, 0, 1, 1, 1, 0, 0, 0, 1, 2, 2, 3, 1],896.9803584571116,61946.32464406788,127989.18218976559,true
1,G2_TEC,G2_TEC,[45, 1, 62, 78, 41, 39, 32, 87, 75, 12, 40, 99, 24, 38, 79, 30, 85, 63, 18, 44, 20, 49, 36, 14, 48, 76, 10, 54, 21, 31, 71, 64, 3, 23, 17, 83, 93, 26, 60, 52, 65, 27, 90, 70, 9, 42, 74, 69, 5, 68, 46, 22, 15, 58, 47, 59, 28, 8, 73, 37, 35, 86, 11, 66, 94, 95, 72, 13, 56, 6, 80, 61, 89, 92, 25, 34, 91, 57, 53, 2, 16, 88, 29, 50, 96, 19, 77, 0, 55, 98, 43, 33, 84, 4, 97, 82, 7, 67, 51, 81]|[0, 2, 2, 1, 2, 2, 0, 2, 0, 1, 2, 0, 2, 1, 1, 0, 0, 1, 0, 2, 1, 2, 0, 2, 1, 1, 2, 2, 1, 1, 0, 0, 0, 0, 1, 0, 0, 1, 1, 1, 0, 0, 1, 1, 0, 2, 0, 2, 1, 0, 2, 1, 2, 1, 2, 0, 2, 1, 1, 1, 1, 1, 2, 2, 1, 0, 1, 1, 1, 1, 0, 1, 1, 2, 1, 1, 0, 0, 0, 2, 1, 1, 0, 2, 0, 2, 0, 0, 0, 0, 1, 2, 0, 1, 2, 0, 2, 0, 0, 2]|[1, 2, 0, 2, 2, 1, 2, 2, 1, 4, 0, 2, 1, 4, 4, 1, 2, 3, 2, 1, 4, 0, 0, 1, 3, 2, 1, 1, 4, 0, 2, 1, 2, 0, 4, 1, 1, 4, 0, 3, 2, 1, 4, 4, 1, 2, 1, 1, 3, 1, 1, 2, 2, 0, 2, 2, 2, 3, 4, 3, 0, 3, 0, 0, 4, 0, 2, 4, 1, 4, 1, 3, 1, 2, 4, 4, 1, 0, 2, 1, 4, 1, 1, 1, 2, 2, 2, 2, 2, 1, 1, 1, 1, 3, 2, 1, 1, 1, 0, 2]|[1, 0, 0, 1, 0, 0, 0, 0, 1, 0, 0, 0, 1, 0, 1, 0, 0, 2, 1, 0, 1, 0, 0, 0, 2, 2, 0, 0, 0, 0, 0, 0, 0, 0, 3, 0, 0, 3, 0, 2, 0, 0, 1, 3, 0, 0, 1, 0, 2, 0, 0, 1, 0, 3, 0, 0, 1, 0, 2, 1, 0, 2, 0, 0, 2, 0, 1, 0, 0, 2, 0, 0, 1, 0, 3, 2, 0, 1, 1, 0, 1, 0, 0, 0, 0, 1, 0, 0, 1, 0, 3, 1, 1, 0, 0, 0, 0, 0, 0, 1],1103.795774281678,56827.39228694975,141895.87706454445,false
1,G3_TWC,G1_CMAX,[45, 1, 62, 78, 40, 10, 96, 42, 77, 4, 47, 46, 15, 24, 86, 54, 85, 63, 18, 44, 20, 49, 36, 14, 48, 50, 53, 12, 59, 35, 22, 95, 31, 71, 81, 56, 8, 30, 38, 9, 83, 27, 90, 70, 98, 87, 74, 69, 99, 68, 5, 75, 60, 94, 28, 2, 82, 29, 64, 34, 88, 16, 11, 66, 76, 73, 72, 93, 37, 6, 80, 61, 89, 92, 25, 97, 21, 41, 65, 7, 57, 55, 84, 19, 32, 58, 17, 52, 26, 51, 33, 91, 3, 79, 43, 23, 39, 0, 67, 13]|[0, 2, 2, 0, 2, 2, 0, 1, 0, 1, 1, 2, 1, 1, 0, 2, 0, 0, 0, 2, 1, 1, 0, 2, 2, 2, 0, 1, 1, 1, 0, 0, 1, 0, 1, 2, 2, 1, 0, 2, 0, 1, 0, 1, 0, 0, 0, 0, 1, 1, 1, 1, 2, 2, 1, 0, 1, 1, 2, 1, 1, 1, 2, 2, 1, 2, 2, 0, 1, 2, 0, 1, 1, 2, 1, 0, 0, 2, 1, 1, 0, 1, 1, 2, 0, 0, 0, 1, 1, 2, 2, 1, 0, 0, 1, 1, 0, 2, 2, 2]|[1, 2, 0, 1, 0, 1, 2, 4, 2, 4, 2, 1, 2, 2, 1, 1, 2, 0, 1, 1, 4, 3, 0, 1, 0, 1, 2, 1, 4, 0, 2, 2, 0, 0, 2, 0, 2, 4, 1, 1, 0, 2, 0, 1, 1, 0, 1, 1, 3, 1, 3, 2, 2, 1, 2, 2, 2, 3, 2, 1, 1, 3, 0, 1, 3, 1, 2, 1, 1, 2, 1, 3, 1, 2, 4, 2, 1, 2, 4, 1, 0, 2, 1, 0, 1, 1, 2, 2, 4, 0, 1, 2, 2, 1, 1, 4, 2, 2, 1, 2]|[1, 0, 0, 1, 0, 0, 0, 3, 0, 0, 2, 0, 1, 1, 1, 0, 0, 0, 0, 0, 1, 2, 0, 0, 0, 0, 1, 1, 0, 0, 0, 0, 1, 0, 3, 0, 0, 3, 1, 0, 1, 1, 1, 3, 0, 0, 1, 1, 0, 3, 2, 1, 0, 1, 1, 0, 2, 0, 0, 1, 0, 2, 0, 0, 1, 0, 0, 0, 0, 0, 1, 0, 1, 0, 3, 0, 0, 0, 3, 2, 1, 1, 3, 0, 0, 0, 0, 1, 3, 0, 1, 0, 0, 0, 3, 0, 1, 0, 1, 0],906.3049551239445,59557.08750385282,134101.4144076453,true
1,G1_CMAX,G1_CMAX,[45, 1, 62, 78, 41, 39, 32, 87, 75, 12, 40, 99, 24, 38, 79, 30, 17, 91, 18, 83, 90, 35, 36, 14, 48, 50, 53, 4, 21, 31, 71, 64, 3, 23, 85, 44, 93, 26, 60, 52, 65, 13, 86, 46, 97, 88, 80, 7, 73, 84, 5, 59, 89, 49, 28, 2, 47, 29, 95, 43, 92, 98, 11, 66, 81, 63, 82, 55, 37, 58, 42, 61, 20, 0, 57, 33, 6, 27, 10, 77, 72, 67, 51, 25, 15, 34, 22, 8, 68, 56, 9, 16, 94, 54, 96, 74, 69, 76, 70, 19]|[1, 2, 0, 2, 2, 2, 1, 2, 2, 1, 1, 0, 2, 0, 1, 1, 1, 0, 0, 0, 2, 1, 1, 2, 2, 2, 0, 1, 1, 0, 0, 0, 0, 1, 1, 0, 0, 1, 2, 1, 1, 0, 1, 1, 0, 1, 0, 1, 1, 1, 1, 1, 1, 1, 2, 2, 1, 1, 0, 1, 2, 0, 2, 2, 0, 0, 1, 0, 1, 1, 1, 1, 2, 0, 0, 2, 1, 0, 2, 0, 2, 1, 0, 1, 2, 1, 0, 0, 0, 0, 1, 1, 2, 2, 1, 2, 0, 0, 1, 2]|[4, 2, 2, 0, 0, 0, 3, 0, 2, 1, 2, 2, 1, 1, 4, 4, 1, 0, 2, 2, 2, 0, 1, 1, 0, 1, 2, 1, 3, 1, 0, 1, 2, 4, 4, 0, 1, 4, 0, 2, 4, 2, 2, 4, 2, 1, 1, 1, 0, 1, 3, 3, 1, 0, 0, 1, 2, 3, 1, 1, 2, 2, 0, 1, 1, 1, 4, 0, 3, 0, 0, 3, 2, 1, 0, 1, 4, 1, 1, 2, 2, 4, 0, 4, 2, 1, 2, 2, 1, 0, 0, 4, 1, 1, 3, 1, 1, 1, 4, 2]|[2, 0, 1, 0, 0, 0, 0, 0, 1, 1, 2, 0, 1, 0, 1, 3, 1, 0, 1, 0, 0, 0, 3, 0, 0, 0, 1, 1, 0, 1, 0, 0, 0, 0, 3, 1, 0, 3, 1, 1, 3, 0, 1, 3, 0, 0, 1, 2, 1, 3, 2, 0, 1, 0, 0, 1, 2, 0, 0, 3, 0, 0, 0, 0, 1, 0, 1, 1, 1, 3, 0, 0, 0, 1, 1, 1, 2, 0, 1, 0, 0, 3, 0, 3, 0, 1, 0, 0, 0, 1, 1, 1, 1, 0, 2, 0, 1, 1, 3, 1],890.730766659574,60824.77102303543,128275.17991816477,false
1,G4_BALANCED,G4_BALANCED,[31, 22, 82, 15, 26, 9, 95, 42, 77, 4, 47, 5, 93, 78, 86, 54, 85, 63, 18, 44, 20, 49, 36, 14, 48, 50, 53, 17, 59, 35, 1, 96, 45, 71, 81, 56, 8, 30, 38, 43, 6, 57, 40, 88, 65, 83, 76, 69, 67, 68, 46, 75, 60, 58, 19, 32, 41, 51, 27, 62, 87, 90, 74, 21, 94, 84, 39, 92, 11, 34, 80, 61, 28, 3, 64, 29, 98, 37, 99, 23, 91, 89, 55, 13, 66, 0, 10, 73, 2, 24, 7, 16, 25, 79, 72, 12, 33, 52, 70, 97]|[1, 2, 1, 0, 2, 1, 0, 0, 1, 1, 2, 2, 1, 1, 1, 0, 0, 1, 0, 2, 1, 1, 1, 2, 1, 1, 0, 1, 1, 0, 1, 0, 1, 2, 2, 0, 0, 0, 0, 1, 0, 1, 2, 1, 1, 0, 1, 2, 2, 0, 2, 2, 2, 0, 0, 1, 0, 1, 0, 2, 2, 2, 2, 2, 2, 1, 0, 0, 1, 1, 0, 1, 1, 1, 2, 1, 1, 1, 1, 1, 0, 1, 1, 0, 0, 0, 0, 1, 0, 0, 1, 1, 0, 1, 2, 1, 2, 1, 1, 2]|[4, 2, 4, 1, 0, 3, 0, 0, 2, 4, 0, 1, 2, 2, 2, 1, 2, 3, 1, 1, 4, 3, 3, 1, 1, 2, 2, 4, 2, 1, 3, 2, 4, 0, 2, 1, 1, 1, 0, 1, 2, 2, 0, 1, 4, 0, 4, 2, 1, 1, 1, 1, 0, 1, 2, 3, 1, 4, 2, 0, 1, 2, 0, 1, 0, 1, 2, 0, 4, 1, 1, 0, 2, 3, 2, 3, 3, 4, 3, 4, 1, 1, 4, 2, 1, 0, 2, 4, 2, 1, 1, 4, 1, 4, 0, 4, 0, 2, 1, 2]|[2, 0, 1, 1, 0, 3, 0, 0, 0, 0, 0, 0, 1, 1, 0, 0, 0, 2, 0, 0, 1, 2, 2, 1, 1, 1, 1, 3, 1, 1, 0, 0, 2, 0, 1, 0, 0, 0, 1, 3, 1, 1, 0, 3, 3, 0, 2, 0, 0, 0, 0, 0, 1, 0, 0, 0, 1, 0, 0, 0, 1, 0, 0, 0, 0, 3, 1, 1, 2, 1, 0, 3, 2, 0, 0, 0, 2, 3, 2, 0, 0, 1, 3, 0, 0, 1, 1, 0, 0, 0, 2, 1, 0, 1, 1, 3, 0, 1, 3, 1],986.938642343314,59929.36372666092,125106.80156771615,false
1,G2_TEC,G2_TEC,[45, 1, 62, 78, 41, 39, 32, 87, 75, 12, 40, 99, 24, 38, 79, 30, 85, 63, 18, 44, 20, 49, 36, 14, 48, 76, 10, 54, 21, 31, 71, 64, 3, 23, 17, 83, 93, 26, 60, 52, 65, 27, 90, 70, 9, 42, 74, 69, 5, 68, 46, 22, 15, 58, 47, 59, 28, 8, 73, 37, 35, 86, 11, 66, 94, 95, 72, 13, 56, 6, 80, 61, 89, 92, 25, 34, 91, 57, 53, 2, 16, 88, 29, 50, 96, 19, 77, 0, 55, 98, 43, 33, 84, 4, 97, 82, 7, 67, 51, 81]|[0, 2, 2, 1, 2, 2, 0, 2, 0, 1, 2, 0, 2, 1, 1, 0, 0, 1, 0, 2, 1, 2, 0, 2, 1, 1, 2, 2, 1, 1, 0, 0, 0, 0, 1, 0, 0, 1, 1, 1, 0, 0, 1, 1, 0, 2, 0, 2, 1, 0, 2, 1, 2, 1, 2, 0, 2, 1, 1, 1, 1, 1, 2, 2, 1, 0, 1, 1, 1, 1, 0, 1, 1, 2, 1, 1, 0, 0, 0, 2, 1, 1, 0, 2, 0, 2, 0, 0, 0, 0, 1, 2, 0, 1, 2, 0, 2, 0, 0, 2]|[1, 2, 0, 2, 2, 1, 2, 2, 1, 4, 0, 2, 1, 4, 4, 1, 2, 3, 2, 1, 4, 0, 0, 1, 3, 2, 1, 1, 4, 0, 2, 1, 2, 0, 4, 1, 1, 4, 0, 3, 2, 1, 4, 4, 1, 2, 1, 1, 3, 1, 1, 2, 2, 0, 2, 2, 2, 3, 4, 3, 0, 3, 0, 0, 4, 0, 2, 4, 1, 4, 1, 3, 1, 2, 4, 4, 1, 0, 2, 1, 4, 1, 1, 1, 2, 2, 2, 2, 2, 1, 1, 1, 1, 3, 2, 1, 1, 1, 0, 2]|[1, 0, 0, 1, 0, 0, 0, 0, 1, 0, 0, 0, 1, 0, 1, 0, 0, 2, 1, 0, 1, 0, 0, 0, 2, 2, 0, 0, 0, 0, 0, 0, 0, 0, 3, 0, 0, 3, 0, 2, 0, 0, 1, 3, 0, 0, 1, 0, 2, 0, 0, 1, 0, 3, 0, 0, 1, 0, 2, 1, 0, 2, 0, 0, 2, 0, 1, 0, 0, 2, 0, 0, 1, 0, 3, 2, 0, 1, 1, 0, 1, 0, 0, 0, 0, 1, 0, 0, 1, 0, 3, 1, 1, 0, 0, 0, 0, 0, 0, 1],1103.795774281678,56827.39228694975,141895.87706454445,false
1,G3_TWC,G2_TEC,[45, 1, 62, 78, 41, 39, 32, 87, 75, 12, 40, 99, 24, 38, 79, 30, 85, 63, 18, 44, 20, 49, 36, 14, 48, 76, 10, 54, 21, 31, 71, 64, 3, 23, 17, 83, 93, 26, 60, 52, 65, 27, 90, 70, 9, 42, 74, 69, 5, 68, 46, 22, 15, 58, 97, 59, 28, 8, 73, 37, 35, 86, 11, 66, 94, 84, 72, 92, 50, 34, 80, 61, 47, 67, 96, 29, 98, 82, 56, 81, 57, 0, 2, 25, 43, 6, 89, 53, 13, 77, 33, 55, 7, 91, 88, 4, 51, 95, 16, 19]|[0, 2, 0, 0, 2, 2, 1, 2, 2, 1, 2, 2, 2, 1, 1, 0, 0, 1, 0, 0, 2, 2, 1, 2, 2, 1, 0, 2, 1, 0, 0, 0, 0, 1, 1, 0, 0, 1, 1, 1, 0, 0, 1, 1, 1, 2, 0, 2, 1, 0, 2, 1, 2, 0, 2, 1, 2, 0, 1, 1, 1, 1, 2, 2, 2, 0, 2, 2, 1, 1, 0, 1, 1, 0, 0, 1, 0, 0, 0, 2, 2, 0, 2, 1, 1, 1, 1, 0, 1, 1, 2, 2, 2, 0, 1, 1, 0, 0, 1, 2]|[1, 1, 2, 1, 0, 1, 3, 2, 2, 4, 0, 1, 1, 4, 4, 1, 1, 3, 2, 0, 2, 0, 4, 1, 0, 3, 2, 1, 3, 1, 2, 1, 2, 1, 4, 1, 1, 4, 0, 1, 2, 1, 4, 4, 0, 2, 1, 2, 3, 1, 1, 3, 0, 1, 1, 3, 0, 2, 4, 3, 1, 4, 0, 0, 0, 2, 2, 2, 4, 2, 1, 3, 2, 1, 2, 3, 2, 1, 0, 2, 2, 0, 1, 4, 1, 4, 1, 2, 4, 1, 1, 1, 1, 1, 1, 3, 0, 0, 4, 2]|[1, 1, 0, 1, 0, 0, 0, 0, 1, 0, 0, 0, 1, 0, 1, 0, 0, 2, 1, 1, 0, 0, 0, 0, 0, 1, 1, 0, 0, 1, 0, 0, 0, 1, 3, 0, 0, 3, 0, 1, 0, 0, 1, 3, 1, 0, 1, 0, 2, 0, 0, 2, 1, 0, 1, 0, 0, 0, 2, 1, 2, 1, 0, 0, 0, 0, 0, 0, 2, 3, 0, 0, 2, 0, 0, 0, 0, 0, 1, 1, 0, 1, 1, 3, 3, 2, 1, 1, 0, 1, 1, 0, 0, 0, 0, 0, 0, 0, 1, 1],1026.5875980264905,58863.22337776773,133968.35011510988,true
1,G1_CMAX,G4_BALANCED,[31, 22, 82, 15, 26, 9, 95, 42, 77, 4, 47, 5, 93, 78, 86, 54, 85, 63, 18, 44, 20, 35, 43, 97, 91, 76, 10, 30, 21, 49, 1, 32, 45, 71, 81, 56, 8, 12, 38, 52, 65, 27, 90, 70, 39, 87, 74, 69, 99, 68, 73, 23, 60, 58, 40, 59, 28, 24, 46, 37, 3, 79, 11, 66, 94, 64, 72, 13, 83, 6, 80, 61, 89, 92, 25, 34, 2, 98, 84, 7, 57, 55, 0, 53, 67, 88, 29, 17, 36, 51, 48, 16, 62, 33, 96, 41, 75, 50, 14, 19]|[0, 2, 0, 2, 1, 1, 0, 2, 0, 1, 2, 0, 2, 2, 1, 2, 0, 1, 0, 2, 2, 1, 1, 0, 0, 1, 1, 2, 2, 1, 2, 0, 2, 0, 1, 1, 2, 1, 1, 1, 0, 0, 1, 1, 2, 2, 0, 0, 1, 1, 1, 0, 2, 0, 1, 0, 1, 0, 0, 1, 1, 2, 2, 2, 2, 0, 1, 2, 0, 1, 0, 1, 1, 2, 1, 1, 0, 0, 1, 2, 0, 1, 0, 0, 0, 1, 1, 0, 1, 0, 2, 1, 2, 0, 1, 2, 2, 1, 2, 2]|[1, 2, 1, 2, 4, 0, 2, 2, 2, 4, 0, 2, 1, 2, 2, 1, 1, 3, 2, 1, 2, 1, 1, 2, 1, 2, 3, 1, 1, 3, 0, 1, 0, 2, 1, 1, 1, 4, 4, 2, 2, 1, 4, 4, 1, 2, 1, 1, 3, 1, 0, 2, 0, 1, 2, 1, 2, 1, 2, 4, 3, 0, 0, 0, 1, 1, 2, 2, 1, 4, 1, 3, 1, 2, 4, 1, 2, 1, 1, 1, 0, 3, 2, 2, 1, 1, 3, 2, 3, 0, 0, 4, 0, 2, 3, 2, 2, 2, 1, 0]|[1, 0, 0, 0, 3, 1, 0, 0, 0, 0, 0, 0, 1, 1, 0, 0, 0, 2, 1, 0, 0, 2, 3, 0, 0, 2, 3, 0, 0, 2, 0, 0, 0, 0, 1, 0, 1, 3, 0, 1, 0, 0, 1, 3, 0, 0, 1, 1, 0, 3, 1, 0, 1, 0, 2, 0, 1, 0, 0, 3, 0, 0, 0, 0, 1, 0, 1, 0, 0, 2, 1, 0, 1, 0, 3, 1, 0, 0, 3, 0, 1, 2, 0, 1, 0, 0, 0, 0, 2, 0, 0, 1, 0, 1, 2, 0, 1, 1, 0, 0],931.0329708751325,59077.92774874158,131193.08665313208,true
1,G4_BALANCED,G3_TWC,[31, 22, 82, 15, 26, 9, 95, 42, 77, 4, 47, 5, 93, 78, 86, 54, 85, 63, 18, 44, 20, 49, 36, 14, 48, 50, 53, 17, 59, 35, 1, 96, 45, 71, 81, 56, 8, 30, 38, 43, 6, 57, 40, 88, 65, 83, 80, 33, 0, 2, 55, 21, 46, 34, 79, 89, 98, 73, 32, 52, 92, 28, 11, 66, 41, 91, 62, 99, 37, 58, 87, 61, 90, 24, 29, 74, 72, 64, 10, 60, 68, 3, 51, 25, 13, 39, 23, 70, 67, 75, 97, 16, 27, 12, 69, 94, 7, 76, 84, 19]|[0, 2, 0, 0, 2, 1, 0, 0, 0, 1, 2, 1, 1, 2, 1, 2, 0, 1, 0, 2, 1, 1, 1, 2, 0, 1, 0, 1, 1, 0, 2, 1, 2, 0, 2, 0, 0, 0, 1, 1, 0, 1, 2, 1, 0, 0, 0, 0, 0, 2, 1, 2, 0, 1, 2, 1, 0, 1, 1, 1, 2, 0, 1, 0, 0, 0, 0, 1, 1, 0, 2, 1, 1, 0, 1, 2, 1, 2, 1, 2, 0, 1, 0, 0, 1, 2, 0, 1, 0, 2, 2, 1, 0, 1, 2, 2, 1, 1, 1, 2]|[1, 1, 1, 1, 0, 0, 0, 0, 2, 2, 0, 3, 2, 0, 2, 1, 2, 3, 1, 1, 4, 3, 1, 1, 1, 2, 2, 4, 2, 1, 0, 3, 0, 2, 2, 1, 1, 1, 4, 1, 2, 2, 0, 1, 2, 1, 1, 2, 0, 1, 3, 1, 2, 1, 0, 1, 1, 3, 3, 1, 2, 2, 4, 1, 1, 1, 2, 3, 4, 1, 2, 0, 4, 1, 3, 0, 2, 2, 3, 0, 2, 3, 0, 1, 2, 1, 2, 4, 1, 2, 2, 4, 1, 4, 2, 1, 1, 2, 1, 2]|[1, 1, 0, 1, 0, 1, 0, 0, 0, 3, 0, 2, 1, 0, 0, 0, 0, 2, 0, 0, 1, 2, 3, 0, 0, 1, 1, 3, 1, 1, 0, 2, 0, 0, 1, 0, 0, 0, 0, 1, 1, 1, 0, 0, 0, 0, 0, 1, 1, 1, 2, 0, 0, 1, 0, 1, 0, 0, 0, 1, 0, 0, 2, 0, 1, 0, 1, 2, 3, 0, 0, 3, 1, 0, 0, 0, 1, 0, 3, 1, 1, 0, 0, 0, 2, 0, 0, 3, 0, 1, 1, 1, 0, 0, 0, 1, 2, 2, 3, 1],896.9803584571116,61946.32464406788,127989.18218976559,true
1,G2_TEC,G2_TEC,[45, 1, 62, 78, 41, 39, 32, 87, 75, 12, 40, 99, 24, 38, 79, 30, 85, 63, 18, 44, 20, 49, 36, 14, 48, 76, 10, 54, 21, 31, 71, 64, 3, 23, 17, 83, 93, 26, 60, 52, 65, 27, 90, 70, 9, 42, 74, 69, 5, 68, 46, 22, 15, 58, 47, 59, 28, 8, 73, 37, 35, 86, 11, 66, 94, 95, 72, 13, 56, 6, 80, 61, 89, 92, 25, 34, 91, 57, 53, 2, 16, 88, 29, 50, 96, 19, 77, 0, 55, 98, 43, 33, 84, 4, 97, 82, 7, 67, 51, 81]|[0, 2, 2, 1, 2, 2, 0, 2, 0, 1, 2, 0, 2, 1, 1, 0, 0, 1, 0, 2, 1, 2, 0, 2, 1, 1, 2, 2, 1, 1, 0, 0, 0, 0, 1, 0, 0, 1, 1, 1, 0, 0, 1, 1, 0, 2, 0, 2, 1, 0, 2, 1, 2, 1, 2, 0, 2, 1, 1, 1, 1, 1, 2, 2, 1, 0, 1, 1, 1, 1, 0, 1, 1, 2, 1, 1, 0, 0, 0, 2, 1, 1, 0, 2, 0, 2, 0, 0, 0, 0, 1, 2, 0, 1, 2, 0, 2, 0, 0, 2]|[1, 2, 0, 2, 2, 1, 2, 2, 1, 4, 0, 2, 1, 4, 4, 1, 2, 3, 2, 1, 4, 0, 0, 1, 3, 2, 1, 1, 4, 0, 2, 1, 2, 0, 4, 1, 1, 4, 0, 3, 2, 1, 4, 4, 1, 2, 1, 1, 3, 1, 1, 2, 2, 0, 2, 2, 2, 3, 4, 3, 0, 3, 0, 0, 4, 0, 2, 4, 1, 4, 1, 3, 1, 2, 4, 4, 1, 0, 2, 1, 4, 1, 1, 1, 2, 2, 2, 2, 2, 1, 1, 1, 1, 3, 2, 1, 1, 1, 0, 2]|[1, 0, 0, 1, 0, 0, 0, 0, 1, 0, 0, 0, 1, 0, 1, 0, 0, 2, 1, 0, 1, 0, 0, 0, 2, 2, 0, 0, 0, 0, 0, 0, 0, 0, 3, 0, 0, 3, 0, 2, 0, 0, 1, 3, 0, 0, 1, 0, 2, 0, 0, 1, 0, 3, 0, 0, 1, 0, 2, 1, 0, 2, 0, 0, 2, 0, 1, 0, 0, 2, 0, 0, 1, 0, 3, 2, 0, 1, 1, 0, 1, 0, 0, 0, 0, 1, 0, 0, 1, 0, 3, 1, 1, 0, 0, 0, 0, 0, 0, 1],1103.795774281678,56827.39228694975,141895.87706454445,false
1,G3_TWC,G4_BALANCED,[31, 22, 82, 15, 26, 9, 95, 42, 77, 4, 47, 5, 93, 78, 86, 54, 85, 63, 18, 44, 20, 49, 36, 14, 48, 50, 53, 17, 59, 35, 1, 96, 45, 71, 81, 56, 8, 30, 38, 43, 6, 57, 40, 88, 65, 83, 76, 69, 67, 68, 46, 75, 60, 58, 19, 32, 41, 51, 27, 62, 87, 90, 74, 21, 94, 84, 39, 92, 11, 34, 80, 61, 28, 3, 64, 29, 98, 37, 99, 23, 91, 89, 55, 13, 66, 0, 10, 73, 2, 24, 7, 16, 25, 79, 72, 12, 33, 52, 70, 97]|[1, 2, 1, 0, 2, 1, 0, 0, 1, 1, 2, 2, 1, 1, 1, 0, 0, 1, 0, 2, 1, 1, 1, 2, 1, 1, 0, 1, 1, 0, 1, 0, 1, 2, 2, 0, 0, 0, 0, 1, 0, 1, 2, 1, 1, 0, 1, 2, 2, 0, 2, 2, 2, 0, 0, 1, 0, 1, 0, 2, 2, 2, 2, 2, 2, 1, 0, 0, 1, 1, 0, 1, 1, 1, 2, 1, 1, 1, 1, 1, 0, 1, 1, 0, 0, 0, 0, 1, 0, 0, 1, 1, 0, 1, 2, 1, 2, 1, 1, 2]|[4, 2, 4, 1, 0, 3, 0, 0, 2, 4, 0, 1, 2, 2, 2, 1, 2, 3, 1, 1, 4, 3, 3, 1, 1, 2, 2, 4, 2, 1, 3, 2, 4, 0, 2, 1, 1, 1, 0, 1, 2, 2, 0, 1, 4, 0, 4, 2, 1, 1, 1, 1, 0, 1, 2, 3, 1, 4, 2, 0, 1, 2, 0, 1, 0, 1, 2, 0, 4, 1, 1, 0, 2, 3, 2, 3, 3, 4, 3, 4, 1, 1, 4, 2, 1, 0, 2, 4, 2, 1, 1, 4, 1, 4, 0, 4, 0, 2, 1, 2]|[2, 0, 1, 1, 0, 3, 0, 0, 0, 0, 0, 0, 1, 1, 0, 0, 0, 2, 0, 0, 1, 2, 2, 1, 1, 1, 1, 3, 1, 1, 0, 0, 2, 0, 1, 0, 0, 0, 1, 3, 1, 1, 0, 3, 3, 0, 2, 0, 0, 0, 0, 0, 1, 0, 0, 0, 1, 0, 0, 0, 1, 0, 0, 0, 0, 3, 1, 1, 2, 1, 0, 3, 2, 0, 0, 0, 2, 3, 2, 0, 0, 1, 3, 0, 0, 1, 1, 0, 0, 0, 2, 1, 0, 1, 1, 3, 0, 1, 3, 1],986.938642343314,59929.36372666092,125106.80156771615,true
1,G1_CMAX,G4_BALANCED,[31, 22, 82, 15, 26, 9, 95, 42, 77, 4, 47, 5, 93, 78, 86, 54, 85, 63, 18, 44, 20, 49, 36, 14, 48, 50, 53, 17, 59, 35, 1, 96, 45, 71, 81, 56, 8, 30, 38, 43, 6, 57, 40, 88, 65, 83, 76, 69, 46, 68, 99, 75, 60, 94, 28, 2, 62, 29, 32, 34, 70, 16, 11, 66, 74, 73, 72, 24, 37, 87, 80, 61, 89, 92, 25, 97, 21, 13, 10, 58, 90, 3, 51, 27, 64, 39, 23, 67, 84, 98, 52, 33, 55, 12, 79, 41, 7, 0, 91, 19]|[0, 2, 1, 0, 1, 2, 0, 0, 1, 0, 1, 1, 2, 1, 1, 2, 0, 0, 0, 2, 2, 1, 0, 2, 1, 2, 0, 1, 1, 0, 0, 0, 1, 2, 1, 0, 2, 1, 0, 1, 1, 0, 2, 1, 0, 0, 1, 2, 0, 0, 0, 2, 1, 1, 1, 0, 1, 1, 0, 1, 1, 1, 2, 2, 0, 1, 2, 0, 1, 2, 0, 1, 1, 2, 1, 0, 0, 0, 2, 0, 1, 1, 2, 0, 2, 1, 1, 0, 0, 0, 1, 2, 0, 1, 1, 2, 2, 0, 0, 2]|[1, 1, 4, 1, 4, 1, 0, 0, 2, 0, 2, 3, 1, 2, 2, 1, 1, 1, 2, 1, 1, 3, 0, 1, 1, 1, 2, 4, 4, 1, 2, 2, 0, 0, 4, 0, 1, 4, 1, 1, 4, 2, 0, 1, 0, 2, 2, 2, 2, 1, 2, 2, 1, 4, 2, 2, 2, 4, 1, 2, 4, 3, 0, 0, 0, 0, 2, 1, 3, 1, 1, 0, 1, 2, 4, 2, 1, 2, 2, 1, 4, 2, 0, 0, 2, 1, 4, 1, 2, 1, 1, 1, 2, 4, 4, 2, 1, 1, 1, 2]|[1, 1, 1, 1, 3, 0, 0, 0, 0, 1, 2, 2, 1, 1, 1, 0, 0, 0, 1, 0, 0, 2, 0, 0, 1, 0, 1, 3, 0, 1, 0, 0, 1, 0, 2, 1, 0, 3, 1, 3, 2, 0, 0, 0, 1, 0, 2, 0, 0, 0, 0, 1, 1, 2, 1, 0, 2, 0, 0, 3, 3, 2, 0, 0, 1, 1, 0, 0, 1, 1, 0, 3, 1, 0, 3, 0, 0, 0, 0, 0, 1, 1, 0, 1, 0, 3, 0, 0, 0, 0, 1, 1, 1, 0, 1, 0, 0, 1, 0, 1],1004.1082210855385,59894.317053724226,127596.32894949582,true
1,G4_BALANCED,G2_TEC,[45, 1, 62, 78, 41, 39, 32, 87, 75, 12, 40, 99, 24, 38, 79, 30, 85, 63, 18, 44, 20, 49, 36, 14, 48, 76, 10, 54, 21, 31, 71, 64, 3, 23, 17, 83, 93, 26, 60, 52, 65, 27, 90, 70, 9, 42, 74, 69, 5, 68, 46, 22, 15, 58, 47, 59, 28, 8, 73, 37, 35, 86, 11, 66, 25, 91, 72, 98, 80, 34, 89, 61, 95, 92, 2, 67, 97, 96, 6, 81, 84, 43, 51, 53, 82, 33, 94, 13, 56, 55, 29, 16, 0, 4, 7, 57, 19, 50, 88, 77]|[2, 2, 2, 1, 2, 2, 0, 2, 0, 1, 2, 0, 2, 1, 1, 0, 0, 1, 0, 2, 1, 2, 0, 2, 1, 1, 2, 2, 1, 1, 0, 0, 0, 1, 1, 0, 0, 1, 1, 1, 0, 0, 1, 1, 1, 1, 0, 0, 1, 2, 2, 2, 0, 1, 1, 0, 1, 1, 0, 1, 1, 1, 2, 2, 1, 0, 1, 0, 0, 1, 2, 1, 0, 2, 2, 0, 2, 0, 1, 0, 1, 1, 0, 0, 0, 1, 1, 1, 0, 0, 0, 1, 0, 0, 2, 0, 2, 2, 1, 0]|[0, 2, 0, 2, 2, 1, 2, 2, 1, 4, 0, 2, 1, 4, 4, 1, 2, 3, 2, 1, 4, 0, 0, 1, 3, 2, 1, 1, 3, 0, 2, 1, 2, 1, 4, 1, 1, 4, 0, 3, 2, 1, 3, 4, 0, 0, 1, 2, 3, 1, 1, 2, 1, 0, 2, 2, 2, 3, 0, 3, 0, 3, 0, 2, 4, 1, 2, 1, 1, 4, 0, 3, 0, 2, 1, 1, 2, 2, 4, 1, 1, 1, 0, 2, 1, 3, 4, 4, 1, 2, 1, 4, 2, 0, 1, 0, 1, 1, 1, 2]|[0, 0, 0, 1, 0, 0, 0, 0, 1, 0, 0, 0, 1, 0, 1, 0, 0, 2, 1, 0, 1, 0, 0, 0, 2, 2, 0, 0, 0, 0, 0, 0, 0, 1, 3, 0, 0, 3, 0, 2, 0, 0, 2, 3, 1, 0, 1, 1, 2, 0, 0, 1, 0, 3, 2, 0, 3, 0, 1, 1, 0, 2, 0, 0, 3, 0, 1, 0, 0, 2, 0, 0, 0, 0, 0, 0, 0, 0, 2, 1, 3, 3, 0, 1, 0, 2, 2, 0, 0, 1, 0, 1, 0, 1, 0, 1, 0, 0, 0, 0],996.433534392234,58435.10133874817,135668.20805928603,true
1,G2_TEC,G2_TEC,[45, 1, 62, 78, 41, 39, 32, 87, 75, 12, 40, 99, 24, 38, 79, 30, 85, 63, 18, 44, 20, 49, 36, 14, 48, 76, 10, 54, 21, 31, 71, 64, 3, 23, 17, 83, 93, 26, 60, 52, 65, 27, 90, 70, 9, 42, 74, 69, 5, 68, 46, 22, 15, 58, 47, 59, 28, 8, 73, 37, 35, 86, 11, 66, 94, 95, 72, 13, 56, 6, 80, 61, 89, 92, 25, 34, 91, 57, 53, 2, 16, 88, 29, 50, 96, 19, 77, 0, 55, 98, 43, 33, 84, 4, 97, 82, 7, 67, 51, 81]|[0, 2, 2, 1, 2, 2, 0, 2, 0, 1, 2, 0, 2, 1, 1, 0, 0, 1, 0, 2, 1, 2, 0, 2, 1, 1, 2, 2, 1, 1, 0, 0, 0, 0, 1, 0, 0, 1, 1, 1, 0, 0, 1, 1, 0, 2, 0, 2, 1, 0, 2, 1, 2, 1, 2, 0, 2, 1, 1, 1, 1, 1, 2, 2, 1, 0, 1, 1, 1, 1, 0, 1, 1, 2, 1, 1, 0, 0, 0, 2, 1, 1, 0, 2, 0, 2, 0, 0, 0, 0, 1, 2, 0, 1, 2, 0, 2, 0, 0, 2]|[1, 2, 0, 2, 2, 1, 2, 2, 1, 4, 0, 2, 1, 4, 4, 1, 2, 3, 2, 1, 4, 0, 0, 1, 3, 2, 1, 1, 4, 0, 2, 1, 2, 0, 4, 1, 1, 4, 0, 3, 2, 1, 4, 4, 1, 2, 1, 1, 3, 1, 1, 2, 2, 0, 2, 2, 2, 3, 4, 3, 0, 3, 0, 0, 4, 0, 2, 4, 1, 4, 1, 3, 1, 2, 4, 4, 1, 0, 2, 1, 4, 1, 1, 1, 2, 2, 2, 2, 2, 1, 1, 1, 1, 3, 2, 1, 1, 1, 0, 2]|[1, 0, 0, 1, 0, 0, 0, 0, 1, 0, 0, 0, 1, 0, 1, 0, 0, 2, 1, 0, 1, 0, 0, 0, 2, 2, 0, 0, 0, 0, 0, 0, 0, 0, 3, 0, 0, 3, 0, 2, 0, 0, 1, 3, 0, 0, 1, 0, 2, 0, 0, 1, 0, 3, 0, 0, 1, 0, 2, 1, 0, 2, 0, 0, 2, 0, 1, 0, 0, 2, 0, 0, 1, 0, 3, 2, 0, 1, 1, 0, 1, 0, 0, 0, 0, 1, 0, 0, 1, 0, 3, 1, 1, 0, 0, 0, 0, 0, 0, 1],1103.795774281678,56827.39228694975,141895.87706454445,false
1,G3_TWC,G4_BALANCED,[31, 22, 82, 15, 26, 9, 95, 42, 77, 4, 47, 5, 93, 78, 86, 54, 85, 63, 18, 44, 20, 49, 36, 14, 48, 50, 53, 17, 59, 35, 1, 96, 45, 71, 81, 56, 8, 30, 38, 43, 6, 57, 40, 88, 65, 83, 76, 69, 67, 68, 46, 75, 60, 58, 19, 32, 41, 51, 27, 62, 87, 90, 74, 21, 94, 84, 39, 92, 11, 34, 80, 61, 28, 3, 64, 29, 98, 37, 99, 23, 91, 89, 55, 13, 66, 0, 10, 73, 2, 24, 7, 16, 25, 79, 72, 12, 33, 52, 70, 97]|[1, 2, 1, 0, 2, 1, 0, 0, 1, 1, 2, 2, 1, 1, 1, 0, 0, 1, 0, 2, 1, 1, 1, 2, 1, 1, 0, 1, 1, 0, 1, 0, 1, 2, 2, 0, 0, 0, 0, 1, 0, 1, 2, 1, 1, 0, 1, 2, 2, 0, 2, 2, 2, 0, 0, 1, 0, 1, 0, 2, 2, 2, 2, 2, 2, 1, 0, 0, 1, 1, 0, 1, 1, 1, 2, 1, 1, 1, 1, 1, 0, 1, 1, 0, 0, 0, 0, 1, 0, 0, 1, 1, 0, 1, 2, 1, 2, 1, 1, 2]|[4, 2, 4, 1, 0, 3, 0, 0, 2, 4, 0, 1, 2, 2, 2, 1, 2, 3, 1, 1, 4, 3, 3, 1, 1, 2, 2, 4, 2, 1, 3, 2, 4, 0, 2, 1, 1, 1, 0, 1, 2, 2, 0, 1, 4, 0, 4, 2, 1, 1, 1, 1, 0, 1, 2, 3, 1, 4, 2, 0, 1, 2, 0, 1, 0, 1, 2, 0, 4, 1, 1, 0, 2, 3, 2, 3, 3, 4, 3, 4, 1, 1, 4, 2, 1, 0, 2, 4, 2, 1, 1, 4, 1, 4, 0, 4, 0, 2, 1, 2]|[2, 0, 1, 1, 0, 3, 0, 0, 0, 0, 0, 0, 1, 1, 0, 0, 0, 2, 0, 0, 1, 2, 2, 1, 1, 1, 1, 3, 1, 1, 0, 0, 2, 0, 1, 0, 0, 0, 1, 3, 1, 1, 0, 3, 3, 0, 2, 0, 0, 0, 0, 0, 1, 0, 0, 0, 1, 0, 0, 0, 1, 0, 0, 0, 0, 3, 1, 1, 2, 1, 0, 3, 2, 0, 0, 0, 2, 3, 2, 0, 0, 1, 3, 0, 0, 1, 1, 0, 0, 0, 2, 1, 0, 1, 1, 3, 0, 1, 3, 1],986.938642343314,59929.36372666092,125106.80156771615,true
1,G1_CMAX,G4_BALANCED,[31, 22, 82, 15, 26, 9, 95, 42, 77, 4, 47, 5, 93, 78, 86, 54, 85, 63, 18, 44, 20, 49, 36, 14, 48, 50, 53, 17, 59, 35, 1, 96, 45, 71, 81, 56, 8, 30, 38, 43, 6, 57, 40, 88, 65, 83, 76, 69, 46, 68, 99, 75, 60, 94, 28, 2, 62, 29, 32, 34, 70, 16, 11, 66, 74, 73, 72, 24, 37, 87, 80, 61, 89, 92, 25, 97, 21, 13, 10, 58, 90, 3, 51, 27, 64, 39, 23, 67, 84, 98, 52, 33, 55, 12, 79, 41, 7, 0, 91, 19]|[0, 2, 1, 0, 1, 2, 0, 0, 1, 0, 1, 1, 2, 1, 1, 2, 0, 0, 0, 2, 2, 1, 0, 2, 1, 2, 0, 1, 1, 0, 0, 0, 1, 2, 1, 0, 2, 1, 0, 1, 1, 0, 2, 1, 0, 0, 1, 2, 0, 0, 0, 2, 1, 1, 1, 0, 1, 1, 0, 1, 1, 1, 2, 2, 0, 1, 2, 0, 1, 2, 0, 1, 1, 2, 1, 0, 0, 0, 2, 0, 1, 1, 2, 0, 2, 1, 1, 0, 0, 0, 1, 2, 0, 1, 1, 2, 2, 0, 0, 2]|[1, 1, 4, 1, 4, 1, 0, 0, 2, 0, 2, 3, 1, 2, 2, 1, 1, 1, 2, 1, 1, 3, 0, 1, 1, 1, 2, 4, 4, 1, 2, 2, 0, 0, 4, 0, 1, 4, 1, 1, 4, 2, 0, 1, 0, 2, 2, 2, 2, 1, 2, 2, 1, 4, 2, 2, 2, 4, 1, 2, 4, 3, 0, 0, 0, 0, 2, 1, 3, 1, 1, 0, 1, 2, 4, 2, 1, 2, 2, 1, 4, 2, 0, 0, 2, 1, 4, 1, 2, 1, 1, 1, 2, 4, 4, 2, 1, 1, 1, 2]|[1, 1, 1, 1, 3, 0, 0, 0, 0, 1, 2, 2, 1, 1, 1, 0, 0, 0, 1, 0, 0, 2, 0, 0, 1, 0, 1, 3, 0, 1, 0, 0, 1, 0, 2, 1, 0, 3, 1, 3, 2, 0, 0, 0, 1, 0, 2, 0, 0, 0, 0, 1, 1, 2, 1, 0, 2, 0, 0, 3, 3, 2, 0, 0, 1, 1, 0, 0, 1, 1, 0, 3, 1, 0, 3, 0, 0, 0, 0, 0, 1, 1, 0, 1, 0, 3, 0, 0, 0, 0, 1, 1, 1, 0, 1, 0, 0, 1, 0, 1],1004.1082210855385,59894.317053724226,127596.32894949582,true
1,G4_BALANCED,G2_TEC,[45, 1, 62, 78, 41, 39, 32, 87, 75, 12, 40, 99, 24, 38, 79, 30, 85, 63, 18, 44, 20, 49, 36, 14, 91, 76, 10, 54, 21, 31, 71, 64, 3, 23, 17, 83, 93, 26, 60, 52, 65, 13, 86, 46, 97, 88, 80, 33, 0, 2, 55, 59, 56, 34, 47, 89, 98, 8, 73, 37, 35, 61, 11, 66, 94, 95, 72, 96, 74, 43, 69, 67, 9, 81, 92, 70, 16, 51, 53, 58, 57, 50, 15, 27, 84, 77, 6, 82, 68, 28, 4, 48, 5, 22, 90, 7, 25, 29, 42, 19]|[2, 2, 2, 2, 2, 0, 0, 2, 0, 1, 2, 0, 2, 1, 0, 0, 1, 1, 0, 2, 2, 1, 0, 2, 2, 1, 2, 1, 1, 0, 0, 0, 0, 0, 1, 2, 0, 1, 2, 1, 0, 1, 1, 0, 0, 2, 0, 0, 1, 0, 0, 2, 1, 0, 2, 1, 2, 1, 1, 1, 1, 1, 2, 0, 1, 0, 1, 1, 0, 1, 2, 0, 2, 0, 2, 1, 1, 0, 0, 1, 0, 1, 2, 0, 1, 0, 0, 1, 0, 1, 1, 2, 1, 1, 1, 2, 1, 1, 1, 2]|[0, 1, 0, 0, 2, 1, 2, 2, 1, 4, 0, 2, 2, 4, 1, 1, 4, 3, 2, 0, 2, 0, 0, 1, 0, 4, 1, 1, 3, 1, 2, 1, 2, 0, 1, 0, 1, 4, 0, 1, 0, 2, 2, 2, 1, 2, 1, 2, 3, 1, 2, 1, 1, 1, 2, 4, 0, 3, 0, 3, 1, 2, 0, 1, 3, 0, 2, 3, 1, 1, 1, 1, 2, 1, 2, 4, 4, 0, 2, 0, 0, 2, 1, 1, 1, 2, 2, 4, 2, 2, 3, 0, 3, 3, 4, 1, 4, 3, 1, 2]|[0, 1, 0, 0, 0, 0, 0, 0, 1, 0, 0, 0, 1, 0, 0, 0, 3, 2, 1, 0, 0, 0, 0, 0, 0, 2, 0, 1, 0, 1, 0, 0, 0, 0, 1, 0, 0, 3, 1, 1, 1, 2, 1, 0, 0, 0, 1, 1, 2, 0, 1, 0, 0, 0, 1, 0, 0, 0, 1, 1, 2, 1, 0, 0, 1, 0, 1, 2, 1, 3, 1, 0, 0, 1, 0, 3, 1, 0, 1, 3, 1, 1, 0, 0, 3, 0, 1, 1, 0, 3, 0, 0, 2, 2, 1, 0, 3, 0, 3, 1],900.1424250428458,60167.0657531842,129458.70943387921,true
1,G2_TEC,G2_TEC,[45, 1, 62, 78, 41, 39, 32, 87, 75, 12, 40, 99, 24, 38, 79, 30, 85, 63, 18, 44, 20, 49, 36, 14, 48, 76, 10, 54, 21, 31, 71, 64, 3, 23, 17, 83, 93, 26, 60, 52, 65, 27, 90, 70, 9, 42, 74, 69, 5, 68, 46, 22, 15, 58, 47, 59, 28, 8, 73, 37, 35, 86, 11, 66, 94, 95, 72, 13, 56, 6, 80, 61, 89, 92, 25, 34, 91, 57, 53, 2, 16, 88, 29, 50, 96, 19, 77, 0, 55, 98, 43, 33, 84, 4, 97, 82, 7, 67, 51, 81]|[0, 2, 2, 1, 2, 2, 0, 2, 0, 1, 2, 0, 2, 1, 1, 0, 0, 1, 0, 2, 1, 2, 0, 2, 1, 1, 2, 2, 1, 1, 0, 0, 0, 0, 1, 0, 0, 1, 1, 1, 0, 0, 1, 1, 0, 2, 0, 2, 1, 0, 2, 1, 2, 1, 2, 0, 2, 1, 1, 1, 1, 1, 2, 2, 1, 0, 1, 1, 1, 1, 0, 1, 1, 2, 1, 1, 0, 0, 0, 2, 1, 1, 0, 2, 0, 2, 0, 0, 0, 0, 1, 2, 0, 1, 2, 0, 2, 0, 0, 2]|[1, 2, 0, 2, 2, 1, 2, 2, 1, 4, 0, 2, 1, 4, 4, 1, 2, 3, 2, 1, 4, 0, 0, 1, 3, 2, 1, 1, 4, 0, 2, 1, 2, 0, 4, 1, 1, 4, 0, 3, 2, 1, 4, 4, 1, 2, 1, 1, 3, 1, 1, 2, 2, 0, 2, 2, 2, 3, 4, 3, 0, 3, 0, 0, 4, 0, 2, 4, 1, 4, 1, 3, 1, 2, 4, 4, 1, 0, 2, 1, 4, 1, 1, 1, 2, 2, 2, 2, 2, 1, 1, 1, 1, 3, 2, 1, 1, 1, 0, 2]|[1, 0, 0, 1, 0, 0, 0, 0, 1, 0, 0, 0, 1, 0, 1, 0, 0, 2, 1, 0, 1, 0, 0, 0, 2, 2, 0, 0, 0, 0, 0, 0, 0, 0, 3, 0, 0, 3, 0, 2, 0, 0, 1, 3, 0, 0, 1, 0, 2, 0, 0, 1, 0, 3, 0, 0, 1, 0, 2, 1, 0, 2, 0, 0, 2, 0, 1, 0, 0, 2, 0, 0, 1, 0, 3, 2, 0, 1, 1, 0, 1, 0, 0, 0, 0, 1, 0, 0, 1, 0, 3, 1, 1, 0, 0, 0, 0, 0, 0, 1],1103.795774281678,56827.39228694975,141895.87706454445,false
1,G3_TWC,G4_BALANCED,[31, 22, 82, 15, 26, 9, 95, 42, 77, 4, 47, 5, 93, 78, 86, 54, 85, 63, 18, 44, 20, 49, 36, 14, 48, 50, 53, 17, 59, 35, 1, 96, 45, 71, 81, 56, 8, 30, 38, 43, 6, 57, 40, 88, 65, 83, 76, 69, 67, 68, 46, 75, 60, 58, 19, 32, 41, 51, 27, 62, 87, 90, 74, 21, 94, 84, 39, 92, 11, 34, 80, 61, 28, 3, 64, 29, 98, 37, 99, 23, 91, 89, 55, 13, 66, 0, 10, 73, 2, 24, 7, 16, 25, 79, 72, 12, 33, 52, 70, 97]|[1, 2, 1, 0, 2, 1, 0, 0, 1, 1, 2, 2, 1, 1, 1, 0, 0, 1, 0, 2, 1, 1, 1, 2, 1, 1, 0, 1, 1, 0, 1, 0, 1, 2, 2, 0, 0, 0, 0, 1, 0, 1, 2, 1, 1, 0, 1, 2, 2, 0, 2, 2, 2, 0, 0, 1, 0, 1, 0, 2, 2, 2, 2, 2, 2, 1, 0, 0, 1, 1, 0, 1, 1, 1, 2, 1, 1, 1, 1, 1, 0, 1, 1, 0, 0, 0, 0, 1, 0, 0, 1, 1, 0, 1, 2, 1, 2, 1, 1, 2]|[4, 2, 4, 1, 0, 3, 0, 0, 2, 4, 0, 1, 2, 2, 2, 1, 2, 3, 1, 1, 4, 3, 3, 1, 1, 2, 2, 4, 2, 1, 3, 2, 4, 0, 2, 1, 1, 1, 0, 1, 2, 2, 0, 1, 4, 0, 4, 2, 1, 1, 1, 1, 0, 1, 2, 3, 1, 4, 2, 0, 1, 2, 0, 1, 0, 1, 2, 0, 4, 1, 1, 0, 2, 3, 2, 3, 3, 4, 3, 4, 1, 1, 4, 2, 1, 0, 2, 4, 2, 1, 1, 4, 1, 4, 0, 4, 0, 2, 1, 2]|[2, 0, 1, 1, 0, 3, 0, 0, 0, 0, 0, 0, 1, 1, 0, 0, 0, 2, 0, 0, 1, 2, 2, 1, 1, 1, 1, 3, 1, 1, 0, 0, 2, 0, 1, 0, 0, 0, 1, 3, 1, 1, 0, 3, 3, 0, 2, 0, 0, 0, 0, 0, 1, 0, 0, 0, 1, 0, 0, 0, 1, 0, 0, 0, 0, 3, 1, 1, 2, 1, 0, 3, 2, 0, 0, 0, 2, 3, 2, 0, 0, 1, 3, 0, 0, 1, 1, 0, 0, 0, 2, 1, 0, 1, 1, 3, 0, 1, 3, 1],986.938642343314,59929.36372666092,125106.80156771615,true
1,G1_CMAX,G1_CMAX,[45, 1, 62, 78, 41, 39, 32, 87, 75, 12, 40, 99, 24, 38, 79, 30, 17, 91, 18, 83, 90, 35, 36, 14, 48, 50, 53, 4, 21, 31, 71, 64, 3, 23, 85, 44, 8, 49, 15, 43, 6, 13, 86, 46, 58, 88, 80, 33, 0, 2, 55, 59, 56, 28, 81, 84, 47, 73, 98, 74, 67, 69, 11, 66, 76, 89, 72, 92, 37, 97, 94, 61, 68, 93, 25, 60, 22, 57, 10, 42, 20, 34, 51, 27, 96, 9, 65, 77, 29, 82, 52, 16, 70, 26, 95, 54, 7, 5, 63, 19]|[2, 2, 0, 1, 2, 2, 1, 0, 0, 1, 1, 0, 2, 1, 0, 0, 0, 0, 0, 0, 2, 1, 1, 2, 2, 1, 0, 2, 1, 0, 0, 0, 0, 2, 1, 1, 0, 1, 0, 1, 1, 0, 0, 0, 1, 1, 0, 0, 1, 2, 0, 1, 0, 1, 2, 1, 1, 1, 0, 2, 0, 0, 2, 2, 2, 1, 2, 2, 1, 0, 1, 1, 0, 2, 1, 2, 0, 0, 1, 1, 2, 1, 0, 0, 1, 1, 1, 0, 1, 1, 1, 1, 1, 1, 1, 2, 1, 1, 2, 2]|[0, 1, 2, 2, 0, 1, 3, 0, 2, 1, 2, 2, 1, 2, 1, 1, 1, 1, 2, 1, 2, 0, 1, 1, 0, 2, 2, 1, 3, 1, 0, 1, 2, 0, 4, 1, 1, 3, 1, 1, 4, 2, 1, 2, 0, 1, 1, 2, 0, 1, 2, 3, 1, 4, 0, 1, 2, 0, 2, 1, 1, 1, 0, 0, 1, 1, 2, 2, 3, 2, 2, 3, 1, 1, 4, 2, 2, 0, 3, 0, 2, 2, 0, 1, 3, 0, 4, 2, 3, 4, 1, 3, 4, 4, 3, 1, 1, 3, 0, 2]|[0, 1, 1, 1, 0, 0, 0, 0, 0, 1, 2, 0, 1, 1, 0, 0, 0, 0, 1, 0, 0, 0, 3, 0, 0, 2, 1, 0, 0, 1, 0, 0, 0, 0, 3, 0, 0, 0, 1, 1, 2, 0, 0, 0, 3, 0, 1, 1, 1, 1, 1, 0, 0, 3, 0, 3, 2, 1, 0, 0, 0, 1, 0, 0, 0, 1, 0, 0, 1, 0, 1, 0, 0, 1, 3, 0, 0, 1, 3, 0, 0, 3, 0, 0, 2, 1, 3, 0, 0, 1, 1, 2, 3, 3, 0, 0, 2, 2, 0, 1],883.4158517948531,60135.681308448926,129858.67616318309,false
1,G4_BALANCED,G2_TEC,[45, 1, 62, 78, 41, 39, 32, 87, 75, 12, 40, 99, 24, 38, 79, 30, 85, 63, 18, 44, 20, 49, 36, 14, 48, 76, 10, 54, 21, 31, 71, 64, 3, 23, 17, 83, 93, 26, 60, 52, 65, 27, 90, 70, 9, 42, 74, 69, 5, 68, 46, 22, 15, 58, 47, 59, 28, 8, 73, 37, 35, 86, 11, 66, 94, 95, 72, 13, 92, 2, 43, 61, 84, 57, 25, 82, 6, 4, 53, 33, 81, 56, 51, 97, 98, 80, 7, 89, 88, 91, 29, 16, 50, 77, 96, 67, 55, 0, 34, 19]|[2, 2, 2, 1, 1, 0, 0, 2, 0, 1, 2, 0, 2, 1, 1, 0, 0, 1, 0, 2, 1, 2, 1, 2, 1, 2, 2, 2, 1, 0, 0, 0, 0, 0, 1, 2, 0, 1, 1, 1, 0, 0, 1, 1, 0, 2, 0, 2, 0, 0, 2, 1, 2, 2, 2, 0, 2, 1, 1, 1, 2, 1, 2, 2, 2, 0, 2, 1, 1, 0, 1, 1, 0, 0, 1, 2, 1, 1, 0, 2, 0, 1, 0, 2, 2, 0, 2, 2, 1, 2, 1, 1, 2, 0, 0, 0, 0, 1, 0, 2]|[0, 2, 0, 2, 4, 1, 2, 1, 2, 4, 0, 2, 1, 4, 4, 1, 2, 3, 2, 1, 4, 0, 3, 1, 3, 1, 1, 1, 3, 1, 2, 1, 2, 0, 1, 0, 1, 4, 0, 3, 0, 1, 4, 4, 1, 2, 1, 1, 2, 2, 1, 3, 2, 2, 2, 2, 2, 3, 4, 3, 2, 2, 0, 0, 1, 0, 0, 4, 0, 2, 3, 3, 1, 0, 4, 0, 4, 3, 2, 1, 1, 1, 0, 1, 0, 1, 1, 1, 1, 0, 4, 4, 0, 2, 2, 1, 2, 1, 1, 2]|[0, 0, 0, 1, 3, 0, 0, 1, 0, 0, 0, 0, 1, 0, 1, 0, 0, 2, 1, 0, 1, 0, 2, 0, 2, 0, 0, 0, 0, 1, 0, 0, 0, 0, 1, 0, 0, 3, 0, 2, 1, 0, 1, 3, 0, 0, 1, 0, 0, 1, 0, 2, 0, 0, 0, 0, 1, 0, 2, 1, 0, 1, 0, 0, 0, 0, 1, 0, 3, 0, 1, 0, 1, 1, 3, 0, 2, 0, 1, 1, 1, 0, 0, 1, 0, 0, 0, 0, 3, 0, 2, 1, 0, 0, 0, 0, 1, 0, 0, 1],1038.6288085300012,57775.84411592569,143098.11141339273,true
1,G2_TEC,G2_TEC,[45, 1, 62, 78, 41, 39, 32, 87, 75, 12, 40, 99, 24, 38, 79, 30, 85, 63, 18, 44, 20, 49, 36, 14, 48, 76, 10, 54, 21, 31, 71, 64, 3, 23, 17, 83, 93, 26, 60, 52, 65, 27, 90, 70, 9, 42, 74, 69, 5, 68, 46, 22, 15, 58, 47, 59, 28, 8, 73, 37, 35, 86, 11, 66, 94, 95, 72, 13, 56, 6, 80, 61, 89, 92, 25, 34, 91, 57, 53, 2, 16, 88, 29, 50, 96, 19, 77, 0, 55, 98, 43, 33, 84, 4, 97, 82, 7, 67, 51, 81]|[0, 2, 2, 1, 2, 2, 0, 2, 0, 1, 2, 0, 2, 1, 1, 0, 0, 1, 0, 2, 1, 2, 0, 2, 1, 1, 2, 2, 1, 1, 0, 0, 0, 0, 1, 0, 0, 1, 1, 1, 0, 0, 1, 1, 0, 2, 0, 2, 1, 0, 2, 1, 2, 1, 2, 0, 2, 1, 1, 1, 1, 1, 2, 2, 1, 0, 1, 1, 1, 1, 0, 1, 1, 2, 1, 1, 0, 0, 0, 2, 1, 1, 0, 2, 0, 2, 0, 0, 0, 0, 1, 2, 0, 1, 2, 0, 2, 0, 0, 2]|[1, 2, 0, 2, 2, 1, 2, 2, 1, 4, 0, 2, 1, 4, 4, 1, 2, 3, 2, 1, 4, 0, 0, 1, 3, 2, 1, 1, 4, 0, 2, 1, 2, 0, 4, 1, 1, 4, 0, 3, 2, 1, 4, 4, 1, 2, 1, 1, 3, 1, 1, 2, 2, 0, 2, 2, 2, 3, 4, 3, 0, 3, 0, 0, 4, 0, 2, 4, 1, 4, 1, 3, 1, 2, 4, 4, 1, 0, 2, 1, 4, 1, 1, 1, 2, 2, 2, 2, 2, 1, 1, 1, 1, 3, 2, 1, 1, 1, 0, 2]|[1, 0, 0, 1, 0, 0, 0, 0, 1, 0, 0, 0, 1, 0, 1, 0, 0, 2, 1, 0, 1, 0, 0, 0, 2, 2, 0, 0, 0, 0, 0, 0, 0, 0, 3, 0, 0, 3, 0, 2, 0, 0, 1, 3, 0, 0, 1, 0, 2, 0, 0, 1, 0, 3, 0, 0, 1, 0, 2, 1, 0, 2, 0, 0, 2, 0, 1, 0, 0, 2, 0, 0, 1, 0, 3, 2, 0, 1, 1, 0, 1, 0, 0, 0, 0, 1, 0, 0, 1, 0, 3, 1, 1, 0, 0, 0, 0, 0, 0, 1],1103.795774281678,56827.39228694975,141895.87706454445,false
1,G3_TWC,G4_BALANCED,[45, 1, 62, 78, 41, 39, 32, 87, 75, 12, 40, 99, 24, 38, 79, 30, 85, 91, 18, 83, 90, 35, 43, 97, 63, 76, 10, 54, 21, 31, 71, 64, 3, 23, 17, 44, 93, 26, 60, 52, 65, 13, 20, 70, 9, 42, 74, 69, 5, 68, 46, 22, 15, 58, 47, 59, 28, 8, 73, 37, 49, 86, 11, 66, 94, 57, 72, 48, 88, 34, 95, 61, 89, 92, 2, 56, 14, 96, 6, 98, 84, 36, 51, 53, 80, 67, 25, 27, 19, 81, 29, 16, 0, 4, 7, 55, 33, 50, 82, 77]|[0, 2, 0, 1, 1, 2, 1, 2, 0, 1, 2, 0, 2, 1, 0, 0, 0, 1, 0, 0, 1, 1, 1, 2, 0, 1, 1, 2, 1, 1, 0, 0, 0, 0, 1, 0, 0, 1, 2, 1, 0, 1, 2, 0, 1, 1, 0, 0, 1, 0, 2, 1, 2, 1, 1, 1, 2, 1, 1, 1, 1, 1, 2, 2, 1, 0, 1, 0, 1, 1, 0, 1, 1, 2, 2, 1, 2, 0, 1, 0, 1, 1, 0, 0, 0, 1, 1, 0, 0, 2, 0, 1, 0, 1, 2, 1, 0, 2, 0, 0]|[1, 2, 2, 2, 4, 1, 3, 2, 1, 4, 0, 2, 1, 4, 1, 1, 2, 3, 2, 1, 4, 3, 4, 2, 1, 4, 3, 1, 3, 0, 2, 1, 2, 0, 1, 1, 1, 4, 0, 1, 0, 2, 2, 2, 4, 1, 1, 2, 3, 2, 1, 2, 2, 0, 2, 2, 2, 3, 3, 3, 3, 2, 0, 0, 4, 0, 2, 1, 4, 4, 0, 3, 1, 2, 1, 1, 2, 2, 4, 1, 1, 1, 0, 2, 1, 4, 4, 1, 1, 2, 1, 4, 1, 3, 1, 3, 2, 1, 1, 2]|[1, 0, 1, 1, 3, 0, 0, 0, 1, 0, 0, 0, 1, 0, 0, 0, 0, 2, 1, 0, 1, 2, 2, 0, 0, 2, 3, 0, 0, 0, 0, 0, 0, 0, 1, 0, 0, 3, 1, 1, 1, 2, 0, 0, 3, 0, 0, 1, 2, 1, 0, 1, 0, 3, 2, 1, 1, 0, 0, 1, 2, 1, 0, 0, 3, 1, 1, 0, 3, 2, 0, 0, 1, 0, 0, 0, 0, 0, 2, 0, 3, 3, 0, 1, 0, 1, 3, 0, 0, 1, 0, 1, 1, 0, 0, 2, 1, 0, 0, 0],1042.588816221001,58550.02341524104,124144.11702122485,true
1,G1_CMAX,G3_TWC,[31, 22, 82, 15, 26, 9, 95, 42, 77, 4, 47, 5, 93, 78, 86, 54, 85, 63, 18, 44, 20, 49, 36, 14, 48, 50, 53, 17, 59, 35, 1, 96, 45, 71, 81, 56, 8, 30, 38, 43, 6, 57, 40, 88, 65, 83, 80, 33, 0, 2, 55, 21, 46, 34, 79, 89, 98, 73, 32, 52, 92, 28, 11, 66, 41, 91, 62, 99, 37, 58, 87, 61, 90, 24, 29, 74, 72, 64, 10, 60, 68, 3, 51, 25, 13, 39, 23, 70, 67, 75, 97, 16, 27, 12, 69, 94, 7, 76, 84, 19]|[0, 2, 0, 0, 2, 1, 0, 0, 0, 1, 2, 1, 1, 2, 1, 2, 0, 1, 0, 2, 1, 1, 1, 2, 0, 1, 0, 1, 1, 0, 2, 1, 2, 0, 2, 0, 0, 0, 1, 1, 0, 1, 2, 1, 0, 0, 0, 0, 0, 2, 1, 2, 0, 1, 2, 1, 0, 1, 1, 1, 2, 0, 1, 0, 0, 0, 0, 1, 1, 0, 2, 1, 1, 0, 1, 2, 1, 2, 1, 2, 0, 1, 0, 0, 1, 2, 0, 1, 0, 2, 2, 1, 0, 1, 2, 2, 1, 1, 1, 2]|[1, 1, 1, 1, 0, 0, 0, 0, 2, 2, 0, 3, 2, 0, 2, 1, 2, 3, 1, 1, 4, 3, 1, 1, 1, 2, 2, 4, 2, 1, 0, 3, 0, 2, 2, 1, 1, 1, 4, 1, 2, 2, 0, 1, 2, 1, 1, 2, 0, 1, 3, 1, 2, 1, 0, 1, 1, 3, 3, 1, 2, 2, 4, 1, 1, 1, 2, 3, 4, 1, 2, 0, 4, 1, 3, 0, 2, 2, 3, 0, 2, 3, 0, 1, 2, 1, 2, 4, 1, 2, 2, 4, 1, 4, 2, 1, 1, 2, 1, 2]|[1, 1, 0, 1, 0, 1, 0, 0, 0, 3, 0, 2, 1, 0, 0, 0, 0, 2, 0, 0, 1, 2, 3, 0, 0, 1, 1, 3, 1, 1, 0, 2, 0, 0, 1, 0, 0, 0, 0, 1, 1, 1, 0, 0, 0, 0, 0, 1, 1, 1, 2, 0, 0, 1, 0, 1, 0, 0, 0, 1, 0, 0, 2, 0, 1, 0, 1, 2, 3, 0, 0, 3, 1, 0, 0, 0, 1, 0, 3, 1, 1, 0, 0, 0, 2, 0, 0, 3, 0, 1, 1, 1, 0, 0, 0, 1, 2, 2, 3, 1],896.9803584571116,61946.32464406788,127989.18218976559,true
1,G4_BALANCED,G1_CMAX,[45, 1, 62, 78, 41, 39, 32, 87, 75, 12, 40, 99, 24, 38, 79, 30, 17, 91, 18, 83, 90, 35, 36, 14, 48, 50, 53, 4, 21, 31, 71, 64, 3, 23, 85, 44, 93, 26, 60, 52, 65, 13, 86, 46, 97, 88, 80, 7, 73, 84, 5, 59, 89, 49, 28, 2, 47, 29, 95, 43, 92, 98, 11, 66, 81, 63, 82, 55, 37, 58, 42, 61, 20, 0, 57, 33, 6, 27, 10, 77, 72, 67, 51, 25, 15, 34, 22, 8, 68, 56, 9, 16, 94, 54, 96, 74, 69, 76, 70, 19]|[1, 2, 0, 2, 2, 2, 1, 2, 2, 1, 1, 0, 2, 0, 1, 1, 1, 0, 0, 0, 2, 1, 1, 2, 2, 2, 0, 1, 1, 0, 0, 0, 0, 1, 1, 0, 0, 1, 2, 1, 1, 0, 1, 1, 0, 1, 0, 1, 1, 1, 1, 1, 1, 1, 2, 2, 1, 1, 0, 1, 2, 0, 2, 2, 0, 0, 1, 0, 1, 1, 1, 1, 2, 0, 0, 2, 1, 0, 2, 0, 2, 1, 0, 1, 2, 1, 0, 0, 0, 0, 1, 1, 2, 2, 1, 2, 0, 0, 1, 2]|[4, 2, 2, 0, 0, 0, 3, 0, 2, 1, 2, 2, 1, 1, 4, 4, 1, 0, 2, 2, 2, 0, 1, 1, 0, 1, 2, 1, 3, 1, 0, 1, 2, 4, 4, 0, 1, 4, 0, 2, 4, 2, 2, 4, 2, 1, 1, 1, 0, 1, 3, 3, 1, 0, 0, 1, 2, 3, 1, 1, 2, 2, 0, 1, 1, 1, 4, 0, 3, 0, 0, 3, 2, 1, 0, 1, 4, 1, 1, 2, 2, 4, 0, 4, 2, 1, 2, 2, 1, 0, 0, 4, 1, 1, 3, 1, 1, 1, 4, 2]|[2, 0, 1, 0, 0, 0, 0, 0, 1, 1, 2, 0, 1, 0, 1, 3, 1, 0, 1, 0, 0, 0, 3, 0, 0, 0, 1, 1, 0, 1, 0, 0, 0, 0, 3, 1, 0, 3, 1, 1, 3, 0, 1, 3, 0, 0, 1, 2, 1, 3, 2, 0, 1, 0, 0, 1, 2, 0, 0, 3, 0, 0, 0, 0, 1, 0, 1, 1, 1, 3, 0, 0, 0, 1, 1, 1, 2, 0, 1, 0, 0, 3, 0, 3, 0, 1, 0, 0, 0, 1, 1, 1, 1, 0, 2, 0, 1, 1, 3, 1],890.730766659574,60824.77102303543,128275.17991816477,true
1,G2_TEC,G4_BALANCED,[45, 1, 62, 78, 41, 39, 32, 87, 75, 12, 40, 99, 24, 38, 79, 30, 85, 91, 18, 83, 90, 35, 43, 97, 63, 76, 10, 54, 21, 31, 71, 64, 3, 23, 17, 44, 93, 26, 60, 52, 65, 13, 20, 70, 9, 42, 74, 69, 5, 68, 46, 22, 15, 58, 47, 59, 28, 8, 73, 37, 49, 86, 11, 66, 94, 57, 72, 48, 88, 34, 95, 61, 89, 92, 2, 56, 14, 96, 6, 98, 84, 36, 51, 53, 80, 67, 25, 27, 19, 81, 29, 16, 0, 4, 7, 55, 33, 50, 82, 77]|[0, 2, 0, 1, 1, 2, 1, 2, 0, 1, 2, 0, 2, 1, 0, 0, 0, 1, 0, 0, 1, 1, 1, 2, 0, 1, 1, 2, 1, 1, 0, 0, 0, 0, 1, 0, 0, 1, 2, 1, 0, 1, 2, 0, 1, 1, 0, 0, 1, 0, 2, 1, 2, 1, 1, 1, 2, 1, 1, 1, 1, 1, 2, 2, 1, 0, 1, 0, 1, 1, 0, 1, 1, 2, 2, 1, 2, 0, 1, 0, 1, 1, 0, 0, 0, 1, 1, 0, 0, 2, 0, 1, 0, 1, 2, 1, 0, 2, 0, 0]|[1, 2, 2, 2, 4, 1, 3, 2, 1, 4, 0, 2, 1, 4, 1, 1, 2, 3, 2, 1, 4, 3, 4, 2, 1, 4, 3, 1, 3, 0, 2, 1, 2, 0, 1, 1, 1, 4, 0, 1, 0, 2, 2, 2, 4, 1, 1, 2, 3, 2, 1, 2, 2, 0, 2, 2, 2, 3, 3, 3, 3, 2, 0, 0, 4, 0, 2, 1, 4, 4, 0, 3, 1, 2, 1, 1, 2, 2, 4, 1, 1, 1, 0, 2, 1, 4, 4, 1, 1, 2, 1, 4, 1, 3, 1, 3, 2, 1, 1, 2]|[1, 0, 1, 1, 3, 0, 0, 0, 1, 0, 0, 0, 1, 0, 0, 0, 0, 2, 1, 0, 1, 2, 2, 0, 0, 2, 3, 0, 0, 0, 0, 0, 0, 0, 1, 0, 0, 3, 1, 1, 1, 2, 0, 0, 3, 0, 0, 1, 2, 1, 0, 1, 0, 3, 2, 1, 1, 0, 0, 1, 2, 1, 0, 0, 3, 1, 1, 0, 3, 2, 0, 0, 1, 0, 0, 0, 0, 0, 2, 0, 3, 3, 0, 1, 0, 1, 3, 0, 0, 1, 0, 1, 1, 0, 0, 2, 1, 0, 0, 0],1042.588816221001,58550.02341524104,124144.11702122485,true
1,G3_TWC,G4_BALANCED,[45, 1, 62, 78, 41, 39, 32, 87, 75, 12, 40, 99, 24, 38, 79, 30, 85, 91, 18, 83, 90, 35, 43, 97, 63, 76, 10, 54, 21, 31, 71, 64, 3, 23, 17, 44, 93, 26, 60, 52, 65, 13, 20, 70, 9, 42, 74, 69, 5, 68, 46, 22, 15, 58, 47, 59, 28, 8, 73, 37, 49, 86, 11, 66, 94, 57, 72, 48, 88, 34, 95, 61, 89, 92, 2, 56, 14, 96, 6, 98, 84, 36, 51, 53, 80, 67, 25, 27, 19, 81, 29, 16, 0, 4, 7, 55, 33, 50, 82, 77]|[0, 2, 0, 1, 1, 2, 1, 2, 0, 1, 2, 0, 2, 1, 0, 0, 0, 1, 0, 0, 1, 1, 1, 2, 0, 1, 1, 2, 1, 1, 0, 0, 0, 0, 1, 0, 0, 1, 2, 1, 0, 1, 2, 0, 1, 1, 0, 0, 1, 0, 2, 1, 2, 1, 1, 1, 2, 1, 1, 1, 1, 1, 2, 2, 1, 0, 1, 0, 1, 1, 0, 1, 1, 2, 2, 1, 2, 0, 1, 0, 1, 1, 0, 0, 0, 1, 1, 0, 0, 2, 0, 1, 0, 1, 2, 1, 0, 2, 0, 0]|[1, 2, 2, 2, 4, 1, 3, 2, 1, 4, 0, 2, 1, 4, 1, 1, 2, 3, 2, 1, 4, 3, 4, 2, 1, 4, 3, 1, 3, 0, 2, 1, 2, 0, 1, 1, 1, 4, 0, 1, 0, 2, 2, 2, 4, 1, 1, 2, 3, 2, 1, 2, 2, 0, 2, 2, 2, 3, 3, 3, 3, 2, 0, 0, 4, 0, 2, 1, 4, 4, 0, 3, 1, 2, 1, 1, 2, 2, 4, 1, 1, 1, 0, 2, 1, 4, 4, 1, 1, 2, 1, 4, 1, 3, 1, 3, 2, 1, 1, 2]|[1, 0, 1, 1, 3, 0, 0, 0, 1, 0, 0, 0, 1, 0, 0, 0, 0, 2, 1, 0, 1, 2, 2, 0, 0, 2, 3, 0, 0, 0, 0, 0, 0, 0, 1, 0, 0, 3, 1, 1, 1, 2, 0, 0, 3, 0, 0, 1, 2, 1, 0, 1, 0, 3, 2, 1, 1, 0, 0, 1, 2, 1, 0, 0, 3, 1, 1, 0, 3, 2, 0, 0, 1, 0, 0, 0, 0, 0, 2, 0, 3, 3, 0, 1, 0, 1, 3, 0, 0, 1, 0, 1, 1, 0, 0, 2, 1, 0, 0, 0],1042.588816221001,58550.02341524104,124144.11702122485,true
1,G1_CMAX,G3_TWC,[31, 22, 82, 15, 26, 9, 95, 42, 77, 4, 47, 5, 93, 78, 86, 54, 85, 63, 18, 44, 20, 49, 36, 14, 48, 50, 53, 17, 59, 35, 1, 96, 45, 71, 81, 56, 8, 30, 38, 43, 6, 57, 40, 88, 65, 83, 80, 33, 0, 2, 55, 21, 46, 34, 79, 89, 98, 73, 32, 52, 92, 28, 11, 66, 41, 91, 62, 99, 37, 58, 87, 61, 90, 24, 29, 74, 72, 64, 10, 60, 68, 3, 51, 25, 13, 39, 23, 70, 67, 75, 97, 16, 27, 12, 69, 94, 7, 76, 84, 19]|[0, 2, 0, 0, 2, 1, 0, 0, 0, 1, 2, 1, 1, 2, 1, 2, 0, 1, 0, 2, 1, 1, 1, 2, 0, 1, 0, 1, 1, 0, 2, 1, 2, 0, 2, 0, 0, 0, 1, 1, 0, 1, 2, 1, 0, 0, 0, 0, 0, 2, 1, 2, 0, 1, 2, 1, 0, 1, 1, 1, 2, 0, 1, 0, 0, 0, 0, 1, 1, 0, 2, 1, 1, 0, 1, 2, 1, 2, 1, 2, 0, 1, 0, 0, 1, 2, 0, 1, 0, 2, 2, 1, 0, 1, 2, 2, 1, 1, 1, 2]|[1, 1, 1, 1, 0, 0, 0, 0, 2, 2, 0, 3, 2, 0, 2, 1, 2, 3, 1, 1, 4, 3, 1, 1, 1, 2, 2, 4, 2, 1, 0, 3, 0, 2, 2, 1, 1, 1, 4, 1, 2, 2, 0, 1, 2, 1, 1, 2, 0, 1, 3, 1, 2, 1, 0, 1, 1, 3, 3, 1, 2, 2, 4, 1, 1, 1, 2, 3, 4, 1, 2, 0, 4, 1, 3, 0, 2, 2, 3, 0, 2, 3, 0, 1, 2, 1, 2, 4, 1, 2, 2, 4, 1, 4, 2, 1, 1, 2, 1, 2]|[1, 1, 0, 1, 0, 1, 0, 0, 0, 3, 0, 2, 1, 0, 0, 0, 0, 2, 0, 0, 1, 2, 3, 0, 0, 1, 1, 3, 1, 1, 0, 2, 0, 0, 1, 0, 0, 0, 0, 1, 1, 1, 0, 0, 0, 0, 0, 1, 1, 1, 2, 0, 0, 1, 0, 1, 0, 0, 0, 1, 0, 0, 2, 0, 1, 0, 1, 2, 3, 0, 0, 3, 1, 0, 0, 0, 1, 0, 3, 1, 1, 0, 0, 0, 2, 0, 0, 3, 0, 1, 1, 1, 0, 0, 0, 1, 2, 2, 3, 1],896.9803584571116,61946.32464406788,127989.18218976559,true
1,G4_BALANCED,G4_BALANCED,[45, 1, 62, 78, 41, 39, 32, 87, 75, 12, 40, 99, 24, 38, 79, 30, 85, 63, 18, 44, 20, 49, 36, 14, 48, 76, 10, 54, 21, 31, 71, 64, 3, 23, 17, 83, 93, 26, 60, 52, 65, 27, 90, 70, 9, 42, 74, 69, 5, 68, 46, 22, 15, 58, 47, 59, 28, 8, 73, 37, 35, 86, 11, 66, 25, 91, 72, 98, 56, 6, 80, 61, 89, 92, 94, 34, 2, 4, 53, 33, 81, 57, 43, 97, 13, 51, 7, 84, 88, 95, 29, 16, 50, 77, 96, 67, 55, 0, 82, 19]|[2, 2, 0, 1, 2, 2, 0, 2, 2, 1, 2, 0, 2, 1, 1, 0, 0, 1, 0, 2, 1, 2, 0, 2, 2, 2, 2, 2, 1, 1, 0, 0, 0, 0, 1, 0, 2, 1, 1, 1, 0, 0, 1, 1, 0, 2, 0, 0, 1, 0, 2, 1, 0, 1, 2, 0, 1, 1, 1, 1, 1, 1, 2, 2, 1, 0, 1, 1, 0, 1, 0, 1, 1, 2, 1, 1, 2, 1, 0, 1, 2, 0, 1, 2, 1, 0, 2, 0, 1, 0, 0, 1, 2, 0, 0, 0, 0, 0, 0, 2]|[0, 2, 2, 2, 2, 1, 2, 2, 2, 4, 0, 2, 2, 4, 4, 1, 2, 3, 2, 1, 4, 0, 0, 1, 0, 1, 1, 1, 4, 0, 2, 1, 2, 0, 4, 1, 1, 4, 0, 1, 2, 1, 4, 4, 1, 2, 1, 2, 3, 1, 1, 2, 1, 0, 2, 2, 2, 3, 4, 3, 1, 3, 0, 0, 4, 0, 2, 4, 1, 4, 0, 3, 1, 2, 4, 4, 1, 3, 2, 3, 2, 0, 1, 1, 4, 0, 1, 1, 1, 1, 1, 4, 1, 2, 2, 1, 2, 2, 1, 2]|[0, 0, 1, 1, 0, 0, 0, 0, 1, 0, 0, 0, 1, 0, 1, 0, 0, 2, 1, 0, 1, 0, 0, 0, 0, 0, 0, 0, 0, 0, 0, 0, 0, 0, 3, 0, 1, 3, 0, 1, 0, 0, 1, 3, 0, 0, 1, 1, 2, 0, 0, 1, 0, 3, 0, 0, 3, 0, 2, 1, 2, 2, 0, 0, 2, 0, 1, 0, 0, 2, 0, 0, 1, 0, 3, 2, 0, 0, 1, 2, 1, 1, 3, 1, 0, 0, 0, 1, 0, 0, 0, 1, 0, 0, 0, 0, 1, 0, 0, 1],1083.7313545857837,57533.878138086446,146137.09857446083,false
1,G2_TEC,G2_TEC,[45, 1, 62, 78, 41, 39, 32, 87, 75, 12, 40, 99, 24, 38, 79, 30, 85, 63, 18, 44, 20, 49, 36, 14, 48, 76, 10, 54, 21, 31, 71, 64, 3, 23, 17, 83, 93, 26, 60, 52, 65, 27, 90, 70, 9, 42, 74, 69, 5, 68, 46, 22, 15, 58, 47, 59, 28, 8, 73, 37, 35, 86, 11, 66, 94, 95, 72, 13, 56, 6, 80, 61, 89, 92, 25, 34, 91, 57, 53, 2, 16, 88, 29, 50, 96, 19, 77, 0, 55, 98, 43, 33, 84, 4, 97, 82, 7, 67, 51, 81]|[0, 2, 2, 1, 2, 2, 0, 2, 0, 1, 2, 0, 2, 1, 1, 0, 0, 1, 0, 2, 1, 2, 0, 2, 1, 1, 2, 2, 1, 1, 0, 0, 0, 0, 1, 0, 0, 1, 1, 1, 0, 0, 1, 1, 0, 2, 0, 2, 1, 0, 2, 1, 2, 1, 2, 0, 2, 1, 1, 1, 1, 1, 2, 2, 1, 0, 1, 1, 1, 1, 0, 1, 1, 2, 1, 1, 0, 0, 0, 2, 1, 1, 0, 2, 0, 2, 0, 0, 0, 0, 1, 2, 0, 1, 2, 0, 2, 0, 0, 2]|[1, 2, 0, 2, 2, 1, 2, 2, 1, 4, 0, 2, 1, 4, 4, 1, 2, 3, 2, 1, 4, 0, 0, 1, 3, 2, 1, 1, 4, 0, 2, 1, 2, 0, 4, 1, 1, 4, 0, 3, 2, 1, 4, 4, 1, 2, 1, 1, 3, 1, 1, 2, 2, 0, 2, 2, 2, 3, 4, 3, 0, 3, 0, 0, 4, 0, 2, 4, 1, 4, 1, 3, 1, 2, 4, 4, 1, 0, 2, 1, 4, 1, 1, 1, 2, 2, 2, 2, 2, 1, 1, 1, 1, 3, 2, 1, 1, 1, 0, 2]|[1, 0, 0, 1, 0, 0, 0, 0, 1, 0, 0, 0, 1, 0, 1, 0, 0, 2, 1, 0, 1, 0, 0, 0, 2, 2, 0, 0, 0, 0, 0, 0, 0, 0, 3, 0, 0, 3, 0, 2, 0, 0, 1, 3, 0, 0, 1, 0, 2, 0, 0, 1, 0, 3, 0, 0, 1, 0, 2, 1, 0, 2, 0, 0, 2, 0, 1, 0, 0, 2, 0, 0, 1, 0, 3, 2, 0, 1, 1, 0, 1, 0, 0, 0, 0, 1, 0, 0, 1, 0, 3, 1, 1, 0, 0, 0, 0, 0, 0, 1],1103.795774281678,56827.39228694975,141895.87706454445,false
1,G3_TWC,G1_CMAX,[45, 1, 62, 78, 41, 39, 32, 87, 75, 12, 40, 99, 24, 38, 79, 30, 17, 91, 18, 83, 90, 35, 36, 14, 48, 50, 53, 4, 21, 31, 71, 64, 3, 23, 85, 44, 8, 49, 15, 43, 6, 13, 86, 46, 58, 88, 80, 33, 0, 2, 55, 59, 56, 28, 81, 84, 47, 73, 98, 74, 67, 69, 11, 66, 76, 89, 72, 92, 37, 97, 94, 61, 68, 93, 25, 60, 22, 57, 10, 42, 20, 34, 51, 27, 96, 9, 65, 77, 29, 82, 52, 16, 70, 26, 95, 54, 7, 5, 63, 19]|[2, 2, 0, 1, 2, 2, 1, 0, 0, 1, 1, 0, 2, 1, 0, 0, 0, 0, 0, 0, 2, 1, 1, 2, 2, 1, 0, 2, 1, 0, 0, 0, 0, 2, 1, 1, 0, 1, 0, 1, 1, 0, 0, 0, 1, 1, 0, 0, 1, 2, 0, 1, 0, 1, 2, 1, 1, 1, 0, 2, 0, 0, 2, 2, 2, 1, 2, 2, 1, 0, 1, 1, 0, 2, 1, 2, 0, 0, 1, 1, 2, 1, 0, 0, 1, 1, 1, 0, 1, 1, 1, 1, 1, 1, 1, 2, 1, 1, 2, 2]|[0, 1, 2, 2, 0, 1, 3, 0, 2, 1, 2, 2, 1, 2, 1, 1, 1, 1, 2, 1, 2, 0, 1, 1, 0, 2, 2, 1, 3, 1, 0, 1, 2, 0, 4, 1, 1, 3, 1, 1, 4, 2, 1, 2, 0, 1, 1, 2, 0, 1, 2, 3, 1, 4, 0, 1, 2, 0, 2, 1, 1, 1, 0, 0, 1, 1, 2, 2, 3, 2, 2, 3, 1, 1, 4, 2, 2, 0, 3, 0, 2, 2, 0, 1, 3, 0, 4, 2, 3, 4, 1, 3, 4, 4, 3, 1, 1, 3, 0, 2]|[0, 1, 1, 1, 0, 0, 0, 0, 0, 1, 2, 0, 1, 1, 0, 0, 0, 0, 1, 0, 0, 0, 3, 0, 0, 2, 1, 0, 0, 1, 0, 0, 0, 0, 3, 0, 0, 0, 1, 1, 2, 0, 0, 0, 3, 0, 1, 1, 1, 1, 1, 0, 0, 3, 0, 3, 2, 1, 0, 0, 0, 1, 0, 0, 0, 1, 0, 0, 1, 0, 1, 0, 0, 1, 3, 0, 0, 1, 3, 0, 0, 3, 0, 0, 2, 1, 3, 0, 0, 1, 1, 2, 3, 3, 0, 0, 2, 2, 0, 1],883.4158517948531,60135.681308448926,129858.67616318309,true
1,G1_CMAX,G4_BALANCED,[31, 22, 82, 15, 26, 9, 95, 42, 77, 4, 47, 5, 93, 78, 86, 54, 85, 63, 18, 44, 20, 35, 43, 97, 91, 76, 10, 30, 21, 49, 1, 32, 45, 71, 81, 56, 8, 12, 38, 52, 65, 27, 90, 70, 39, 87, 74, 69, 99, 68, 73, 23, 60, 58, 40, 59, 28, 24, 46, 37, 3, 79, 11, 66, 94, 64, 72, 13, 83, 6, 80, 61, 89, 92, 25, 34, 2, 98, 84, 7, 57, 55, 0, 53, 67, 88, 29, 17, 36, 51, 48, 16, 62, 33, 96, 41, 75, 50, 14, 19]|[0, 2, 0, 2, 1, 1, 0, 2, 0, 1, 2, 0, 2, 2, 1, 2, 0, 1, 0, 2, 2, 1, 1, 0, 0, 1, 1, 2, 2, 1, 2, 0, 2, 0, 1, 1, 2, 1, 1, 1, 0, 0, 1, 1, 2, 2, 0, 0, 1, 1, 1, 0, 2, 0, 1, 0, 1, 0, 0, 1, 1, 2, 2, 2, 2, 0, 1, 2, 0, 1, 0, 1, 1, 2, 1, 1, 0, 0, 1, 2, 0, 1, 0, 0, 0, 1, 1, 0, 1, 0, 2, 1, 2, 0, 1, 2, 2, 1, 2, 2]|[1, 2, 1, 2, 4, 0, 2, 2, 2, 4, 0, 2, 1, 2, 2, 1, 1, 3, 2, 1, 2, 1, 1, 2, 1, 2, 3, 1, 1, 3, 0, 1, 0, 2, 1, 1, 1, 4, 4, 2, 2, 1, 4, 4, 1, 2, 1, 1, 3, 1, 0, 2, 0, 1, 2, 1, 2, 1, 2, 4, 3, 0, 0, 0, 1, 1, 2, 2, 1, 4, 1, 3, 1, 2, 4, 1, 2, 1, 1, 1, 0, 3, 2, 2, 1, 1, 3, 2, 3, 0, 0, 4, 0, 2, 3, 2, 2, 2, 1, 0]|[1, 0, 0, 0, 3, 1, 0, 0, 0, 0, 0, 0, 1, 1, 0, 0, 0, 2, 1, 0, 0, 2, 3, 0, 0, 2, 3, 0, 0, 2, 0, 0, 0, 0, 1, 0, 1, 3, 0, 1, 0, 0, 1, 3, 0, 0, 1, 1, 0, 3, 1, 0, 1, 0, 2, 0, 1, 0, 0, 3, 0, 0, 0, 0, 1, 0, 1, 0, 0, 2, 1, 0, 1, 0, 3, 1, 0, 0, 3, 0, 1, 2, 0, 1, 0, 0, 0, 0, 2, 0, 0, 1, 0, 1, 2, 0, 1, 1, 0, 0],931.0329708751325,59077.92774874158,131193.08665313208,true
1,G4_BALANCED,G3_TWC,[31, 22, 82, 15, 26, 9, 95, 42, 77, 4, 47, 5, 93, 78, 86, 54, 85, 63, 18, 44, 20, 49, 36, 14, 48, 50, 53, 17, 59, 35, 1, 96, 45, 71, 81, 56, 8, 30, 38, 43, 6, 57, 40, 88, 65, 83, 80, 33, 0, 2, 55, 21, 46, 34, 79, 89, 98, 73, 32, 52, 92, 28, 11, 66, 41, 91, 62, 99, 37, 58, 87, 61, 90, 24, 29, 74, 72, 64, 10, 60, 68, 3, 51, 25, 13, 39, 23, 70, 67, 75, 97, 16, 27, 12, 69, 94, 7, 76, 84, 19]|[0, 2, 0, 0, 2, 1, 0, 0, 0, 1, 2, 1, 1, 2, 1, 2, 0, 1, 0, 2, 1, 1, 1, 2, 0, 1, 0, 1, 1, 0, 2, 1, 2, 0, 2, 0, 0, 0, 1, 1, 0, 1, 2, 1, 0, 0, 0, 0, 0, 2, 1, 2, 0, 1, 2, 1, 0, 1, 1, 1, 2, 0, 1, 0, 0, 0, 0, 1, 1, 0, 2, 1, 1, 0, 1, 2, 1, 2, 1, 2, 0, 1, 0, 0, 1, 2, 0, 1, 0, 2, 2, 1, 0, 1, 2, 2, 1, 1, 1, 2]|[1, 1, 1, 1, 0, 0, 0, 0, 2, 2, 0, 3, 2, 0, 2, 1, 2, 3, 1, 1, 4, 3, 1, 1, 1, 2, 2, 4, 2, 1, 0, 3, 0, 2, 2, 1, 1, 1, 4, 1, 2, 2, 0, 1, 2, 1, 1, 2, 0, 1, 3, 1, 2, 1, 0, 1, 1, 3, 3, 1, 2, 2, 4, 1, 1, 1, 2, 3, 4, 1, 2, 0, 4, 1, 3, 0, 2, 2, 3, 0, 2, 3, 0, 1, 2, 1, 2, 4, 1, 2, 2, 4, 1, 4, 2, 1, 1, 2, 1, 2]|[1, 1, 0, 1, 0, 1, 0, 0, 0, 3, 0, 2, 1, 0, 0, 0, 0, 2, 0, 0, 1, 2, 3, 0, 0, 1, 1, 3, 1, 1, 0, 2, 0, 0, 1, 0, 0, 0, 0, 1, 1, 1, 0, 0, 0, 0, 0, 1, 1, 1, 2, 0, 0, 1, 0, 1, 0, 0, 0, 1, 0, 0, 2, 0, 1, 0, 1, 2, 3, 0, 0, 3, 1, 0, 0, 0, 1, 0, 3, 1, 1, 0, 0, 0, 2, 0, 0, 3, 0, 1, 1, 1, 0, 0, 0, 1, 2, 2, 3, 1],896.9803584571116,61946.32464406788,127989.18218976559,true
1,G2_TEC,G2_TEC,[45, 1, 62, 78, 41, 39, 32, 87, 75, 12, 40, 99, 24, 38, 79, 30, 85, 63, 18, 44, 20, 49, 36, 14, 48, 76, 10, 54, 21, 31, 71, 64, 3, 23, 17, 83, 93, 26, 60, 52, 65, 27, 90, 70, 9, 42, 74, 69, 5, 68, 46, 22, 15, 58, 47, 59, 28, 8, 73, 37, 35, 86, 11, 66, 94, 95, 72, 13, 56, 6, 80, 61, 89, 92, 25, 34, 91, 57, 53, 2, 16, 88, 29, 50, 96, 19, 77, 0, 55, 98, 43, 33, 84, 4, 97, 82, 7, 67, 51, 81]|[0, 2, 2, 1, 2, 2, 0, 2, 0, 1, 2, 0, 2, 1, 1, 0, 0, 1, 0, 2, 1, 2, 0, 2, 1, 1, 2, 2, 1, 1, 0, 0, 0, 0, 1, 0, 0, 1, 1, 1, 0, 0, 1, 1, 0, 2, 0, 2, 1, 0, 2, 1, 2, 1, 2, 0, 2, 1, 1, 1, 1, 1, 2, 2, 1, 0, 1, 1, 1, 1, 0, 1, 1, 2, 1, 1, 0, 0, 0, 2, 1, 1, 0, 2, 0, 2, 0, 0, 0, 0, 1, 2, 0, 1, 2, 0, 2, 0, 0, 2]|[1, 2, 0, 2, 2, 1, 2, 2, 1, 4, 0, 2, 1, 4, 4, 1, 2, 3, 2, 1, 4, 0, 0, 1, 3, 2, 1, 1, 4, 0, 2, 1, 2, 0, 4, 1, 1, 4, 0, 3, 2, 1, 4, 4, 1, 2, 1, 1, 3, 1, 1, 2, 2, 0, 2, 2, 2, 3, 4, 3, 0, 3, 0, 0, 4, 0, 2, 4, 1, 4, 1, 3, 1, 2, 4, 4, 1, 0, 2, 1, 4, 1, 1, 1, 2, 2, 2, 2, 2, 1, 1, 1, 1, 3, 2, 1, 1, 1, 0, 2]|[1, 0, 0, 1, 0, 0, 0, 0, 1, 0, 0, 0, 1, 0, 1, 0, 0, 2, 1, 0, 1, 0, 0, 0, 2, 2, 0, 0, 0, 0, 0, 0, 0, 0, 3, 0, 0, 3, 0, 2, 0, 0, 1, 3, 0, 0, 1, 0, 2, 0, 0, 1, 0, 3, 0, 0, 1, 0, 2, 1, 0, 2, 0, 0, 2, 0, 1, 0, 0, 2, 0, 0, 1, 0, 3, 2, 0, 1, 1, 0, 1, 0, 0, 0, 0, 1, 0, 0, 1, 0, 3, 1, 1, 0, 0, 0, 0, 0, 0, 1],1103.795774281678,56827.39228694975,141895.87706454445,false
1,G3_TWC,G1_CMAX,[45, 1, 62, 78, 40, 10, 96, 42, 77, 4, 47, 46, 15, 24, 86, 54, 85, 63, 18, 44, 20, 49, 36, 14, 48, 50, 53, 12, 59, 35, 22, 95, 31, 71, 81, 56, 8, 30, 38, 9, 83, 27, 90, 70, 98, 87, 74, 69, 99, 68, 5, 75, 60, 94, 28, 2, 82, 29, 64, 34, 88, 16, 11, 66, 76, 73, 72, 93, 37, 6, 80, 61, 89, 92, 25, 97, 21, 41, 65, 7, 57, 55, 84, 19, 32, 58, 17, 52, 26, 51, 33, 91, 3, 79, 43, 23, 39, 0, 67, 13]|[0, 2, 2, 0, 2, 2, 0, 1, 0, 1, 1, 2, 1, 1, 0, 2, 0, 0, 0, 2, 1, 1, 0, 2, 2, 2, 0, 1, 1, 1, 0, 0, 1, 0, 1, 2, 2, 1, 0, 2, 0, 1, 0, 1, 0, 0, 0, 0, 1, 1, 1, 1, 2, 2, 1, 0, 1, 1, 2, 1, 1, 1, 2, 2, 1, 2, 2, 0, 1, 2, 0, 1, 1, 2, 1, 0, 0, 2, 1, 1, 0, 1, 1, 2, 0, 0, 0, 1, 1, 2, 2, 1, 0, 0, 1, 1, 0, 2, 2, 2]|[1, 2, 0, 1, 0, 1, 2, 4, 2, 4, 2, 1, 2, 2, 1, 1, 2, 0, 1, 1, 4, 3, 0, 1, 0, 1, 2, 1, 4, 0, 2, 2, 0, 0, 2, 0, 2, 4, 1, 1, 0, 2, 0, 1, 1, 0, 1, 1, 3, 1, 3, 2, 2, 1, 2, 2, 2, 3, 2, 1, 1, 3, 0, 1, 3, 1, 2, 1, 1, 2, 1, 3, 1, 2, 4, 2, 1, 2, 4, 1, 0, 2, 1, 0, 1, 1, 2, 2, 4, 0, 1, 2, 2, 1, 1, 4, 2, 2, 1, 2]|[1, 0, 0, 1, 0, 0, 0, 3, 0, 0, 2, 0, 1, 1, 1, 0, 0, 0, 0, 0, 1, 2, 0, 0, 0, 0, 1, 1, 0, 0, 0, 0, 1, 0, 3, 0, 0, 3, 1, 0, 1, 1, 1, 3, 0, 0, 1, 1, 0, 3, 2, 1, 0, 1, 1, 0, 2, 0, 0, 1, 0, 2, 0, 0, 1, 0, 0, 0, 0, 0, 1, 0, 1, 0, 3, 0, 0, 0, 3, 2, 1, 1, 3, 0, 0, 0, 0, 1, 3, 0, 1, 0, 0, 0, 3, 0, 1, 0, 1, 0],906.3049551239445,59557.08750385282,134101.4144076453,true
1,G1_CMAX,G1_CMAX,[31, 22, 82, 15, 26, 9, 95, 42, 77, 4, 47, 5, 93, 78, 86, 54, 85, 63, 18, 44, 20, 35, 43, 97, 91, 76, 10, 30, 21, 49, 1, 32, 45, 71, 81, 56, 24, 41, 60, 52, 65, 13, 79, 46, 14, 88, 80, 33, 0, 2, 55, 59, 83, 34, 40, 89, 98, 73, 28, 74, 67, 69, 11, 66, 50, 84, 72, 92, 37, 58, 38, 61, 3, 57, 87, 90, 94, 12, 53, 68, 17, 99, 51, 36, 39, 29, 7, 23, 25, 48, 8, 16, 75, 64, 96, 27, 70, 6, 62, 19]|[0, 2, 2, 2, 2, 1, 0, 1, 0, 1, 2, 0, 2, 2, 1, 2, 0, 1, 0, 2, 2, 1, 1, 0, 0, 1, 1, 2, 2, 0, 0, 1, 2, 0, 0, 1, 2, 2, 2, 1, 0, 2, 2, 0, 2, 1, 0, 0, 0, 2, 0, 0, 0, 1, 1, 1, 0, 1, 2, 0, 0, 0, 2, 2, 1, 1, 2, 2, 1, 0, 1, 1, 0, 0, 2, 1, 1, 1, 0, 1, 0, 1, 0, 1, 2, 1, 2, 0, 1, 2, 2, 1, 0, 0, 0, 0, 1, 1, 1, 2]|[1, 2, 0, 2, 2, 0, 2, 0, 2, 2, 0, 2, 2, 0, 2, 1, 1, 3, 2, 1, 2, 1, 1, 2, 1, 2, 3, 1, 1, 1, 2, 3, 0, 2, 1, 1, 2, 2, 0, 1, 2, 2, 0, 2, 1, 1, 1, 2, 1, 1, 2, 1, 1, 2, 2, 1, 1, 0, 2, 1, 1, 1, 0, 0, 2, 1, 0, 1, 3, 1, 3, 3, 2, 0, 2, 4, 1, 4, 2, 1, 1, 3, 0, 4, 1, 3, 1, 2, 4, 0, 2, 4, 2, 1, 2, 1, 4, 4, 1, 0]|[1, 0, 0, 0, 0, 1, 0, 0, 0, 3, 0, 0, 1, 0, 1, 0, 0, 2, 1, 0, 0, 2, 3, 0, 0, 2, 3, 0, 0, 1, 0, 0, 0, 0, 1, 0, 1, 0, 1, 1, 0, 0, 0, 0, 0, 0, 0, 1, 1, 1, 1, 0, 0, 3, 2, 1, 0, 1, 0, 1, 0, 1, 0, 0, 1, 3, 0, 1, 1, 0, 1, 0, 0, 1, 0, 1, 0, 3, 1, 3, 1, 0, 0, 2, 0, 0, 0, 0, 3, 0, 0, 1, 0, 0, 0, 0, 3, 2, 1, 0],922.7081795106927,60076.05473246085,131168.56573676525,false
1,G4_BALANCED,G3_TWC,[31, 22, 82, 15, 26, 9, 95, 42, 77, 4, 47, 5, 93, 78, 86, 54, 85, 63, 18, 44, 20, 49, 36, 14, 48, 50, 53, 17, 59, 35, 1, 96, 45, 71, 81, 56, 8, 30, 38, 43, 6, 57, 40, 88, 65, 83, 80, 33, 0, 2, 55, 21, 46, 34, 79, 89, 98, 73, 32, 52, 92, 28, 11, 66, 41, 91, 62, 99, 37, 58, 87, 61, 90, 24, 29, 74, 72, 64, 10, 60, 68, 3, 51, 25, 13, 39, 23, 70, 67, 75, 97, 16, 27, 12, 69, 94, 7, 76, 84, 19]|[0, 2, 0, 0, 2, 1, 0, 0, 0, 1, 2, 1, 1, 2, 1, 2, 0, 1, 0, 2, 1, 1, 1, 2, 0, 1, 0, 1, 1, 0, 2, 1, 2, 0, 2, 0, 0, 0, 1, 1, 0, 1, 2, 1, 0, 0, 0, 0, 0, 2, 1, 2, 0, 1, 2, 1, 0, 1, 1, 1, 2, 0, 1, 0, 0, 0, 0, 1, 1, 0, 2, 1, 1, 0, 1, 2, 1, 2, 1, 2, 0, 1, 0, 0, 1, 2, 0, 1, 0, 2, 2, 1, 0, 1, 2, 2, 1, 1, 1, 2]|[1, 1, 1, 1, 0, 0, 0, 0, 2, 2, 0, 3, 2, 0, 2, 1, 2, 3, 1, 1, 4, 3, 1, 1, 1, 2, 2, 4, 2, 1, 0, 3, 0, 2, 2, 1, 1, 1, 4, 1, 2, 2, 0, 1, 2, 1, 1, 2, 0, 1, 3, 1, 2, 1, 0, 1, 1, 3, 3, 1, 2, 2, 4, 1, 1, 1, 2, 3, 4, 1, 2, 0, 4, 1, 3, 0, 2, 2, 3, 0, 2, 3, 0, 1, 2, 1, 2, 4, 1, 2, 2, 4, 1, 4, 2, 1, 1, 2, 1, 2]|[1, 1, 0, 1, 0, 1, 0, 0, 0, 3, 0, 2, 1, 0, 0, 0, 0, 2, 0, 0, 1, 2, 3, 0, 0, 1, 1, 3, 1, 1, 0, 2, 0, 0, 1, 0, 0, 0, 0, 1, 1, 1, 0, 0, 0, 0, 0, 1, 1, 1, 2, 0, 0, 1, 0, 1, 0, 0, 0, 1, 0, 0, 2, 0, 1, 0, 1, 2, 3, 0, 0, 3, 1, 0, 0, 0, 1, 0, 3, 1, 1, 0, 0, 0, 2, 0, 0, 3, 0, 1, 1, 1, 0, 0, 0, 1, 2, 2, 3, 1],896.9803584571116,61946.32464406788,127989.18218976559,true
1,G2_TEC,G2_TEC,[45, 1, 62, 78, 41, 39, 32, 87, 75, 12, 40, 99, 24, 38, 79, 30, 85, 63, 18, 44, 20, 49, 36, 14, 48, 76, 10, 54, 21, 31, 71, 64, 3, 23, 17, 83, 93, 26, 60, 52, 65, 27, 90, 70, 9, 42, 74, 69, 5, 68, 46, 22, 15, 58, 47, 59, 28, 8, 73, 37, 35, 86, 11, 66, 94, 95, 72, 13, 56, 6, 80, 61, 89, 92, 25, 34, 91, 57, 53, 2, 16, 88, 29, 50, 96, 19, 77, 0, 55, 98, 43, 33, 84, 4, 97, 82, 7, 67, 51, 81]|[0, 2, 2, 1, 2, 2, 0, 2, 0, 1, 2, 0, 2, 1, 1, 0, 0, 1, 0, 2, 1, 2, 0, 2, 1, 1, 2, 2, 1, 1, 0, 0, 0, 0, 1, 0, 0, 1, 1, 1, 0, 0, 1, 1, 0, 2, 0, 2, 1, 0, 2, 1, 2, 1, 2, 0, 2, 1, 1, 1, 1, 1, 2, 2, 1, 0, 1, 1, 1, 1, 0, 1, 1, 2, 1, 1, 0, 0, 0, 2, 1, 1, 0, 2, 0, 2, 0, 0, 0, 0, 1, 2, 0, 1, 2, 0, 2, 0, 0, 2]|[1, 2, 0, 2, 2, 1, 2, 2, 1, 4, 0, 2, 1, 4, 4, 1, 2, 3, 2, 1, 4, 0, 0, 1, 3, 2, 1, 1, 4, 0, 2, 1, 2, 0, 4, 1, 1, 4, 0, 3, 2, 1, 4, 4, 1, 2, 1, 1, 3, 1, 1, 2, 2, 0, 2, 2, 2, 3, 4, 3, 0, 3, 0, 0, 4, 0, 2, 4, 1, 4, 1, 3, 1, 2, 4, 4, 1, 0, 2, 1, 4, 1, 1, 1, 2, 2, 2, 2, 2, 1, 1, 1, 1, 3, 2, 1, 1, 1, 0, 2]|[1, 0, 0, 1, 0, 0, 0, 0, 1, 0, 0, 0, 1, 0, 1, 0, 0, 2, 1, 0, 1, 0, 0, 0, 2, 2, 0, 0, 0, 0, 0, 0, 0, 0, 3, 0, 0, 3, 0, 2, 0, 0, 1, 3, 0, 0, 1, 0, 2, 0, 0, 1, 0, 3, 0, 0, 1, 0, 2, 1, 0, 2, 0, 0, 2, 0, 1, 0, 0, 2, 0, 0, 1, 0, 3, 2, 0, 1, 1, 0, 1, 0, 0, 0, 0, 1, 0, 0, 1, 0, 3, 1, 1, 0, 0, 0, 0, 0, 0, 1],1103.795774281678,56827.39228694975,141895.87706454445,false
1,G3_TWC,G2_TEC,[45, 1, 62, 78, 41, 39, 32, 87, 75, 12, 40, 99, 24, 38, 79, 30, 85, 63, 18, 44, 20, 49, 36, 14, 48, 76, 10, 54, 21, 31, 71, 64, 3, 23, 17, 83, 93, 26, 60, 52, 65, 27, 90, 70, 9, 56, 50, 69, 67, 68, 46, 77, 15, 58, 19, 95, 81, 91, 57, 82, 42, 47, 74, 59, 2, 73, 72, 8, 37, 88, 80, 61, 89, 92, 25, 97, 66, 13, 53, 43, 16, 35, 29, 11, 96, 6, 22, 5, 55, 98, 94, 33, 84, 4, 86, 34, 7, 0, 51, 28]|[2, 2, 0, 2, 2, 2, 0, 0, 2, 1, 1, 1, 1, 1, 1, 0, 0, 0, 0, 2, 2, 1, 1, 2, 0, 2, 0, 1, 1, 2, 1, 0, 2, 2, 1, 0, 0, 1, 2, 1, 0, 0, 1, 1, 1, 1, 2, 2, 0, 0, 0, 2, 1, 1, 2, 1, 0, 2, 0, 0, 2, 2, 0, 1, 0, 1, 2, 0, 1, 1, 0, 1, 1, 2, 1, 1, 0, 0, 0, 1, 1, 1, 1, 1, 1, 0, 1, 1, 0, 0, 1, 2, 1, 1, 0, 1, 2, 0, 0, 2]|[0, 2, 2, 0, 0, 1, 2, 0, 2, 3, 2, 3, 2, 4, 4, 1, 2, 1, 2, 1, 2, 3, 1, 1, 1, 1, 2, 1, 4, 0, 3, 1, 2, 0, 4, 0, 1, 4, 0, 3, 2, 1, 4, 4, 4, 1, 1, 2, 0, 2, 1, 1, 1, 0, 2, 3, 1, 0, 0, 1, 2, 2, 1, 2, 2, 4, 0, 1, 4, 1, 1, 3, 1, 2, 4, 2, 2, 2, 2, 1, 3, 3, 3, 4, 3, 2, 3, 3, 2, 1, 2, 2, 1, 4, 1, 1, 1, 0, 0, 0]|[0, 0, 1, 0, 0, 0, 0, 0, 1, 0, 2, 2, 1, 0, 1, 0, 0, 0, 1, 0, 0, 2, 3, 0, 0, 0, 1, 1, 0, 0, 0, 0, 0, 0, 3, 0, 0, 3, 1, 2, 1, 0, 1, 3, 3, 0, 0, 0, 1, 1, 0, 0, 1, 3, 1, 0, 1, 0, 1, 0, 0, 0, 1, 1, 0, 0, 1, 0, 3, 0, 0, 0, 1, 0, 3, 1, 1, 0, 1, 3, 2, 0, 0, 2, 2, 1, 2, 2, 1, 0, 1, 0, 3, 0, 0, 1, 0, 1, 0, 0],1006.2468328172884,59279.85756840151,127542.71853724153,true
1,G1_CMAX,G2_TEC,[45, 1, 62, 78, 41, 39, 32, 87, 75, 12, 40, 99, 24, 38, 79, 30, 17, 91, 18, 83, 90, 35, 43, 97, 63, 76, 10, 54, 21, 31, 44, 13, 73, 51, 81, 56, 14, 85, 69, 9, 22, 27, 20, 70, 49, 42, 74, 15, 5, 68, 46, 77, 60, 58, 19, 96, 26, 59, 57, 64, 6, 50, 47, 37, 82, 53, 72, 28, 94, 4, 33, 8, 93, 95, 52, 88, 29, 89, 55, 0, 2, 80, 65, 25, 3, 66, 84, 86, 23, 34, 71, 7, 61, 98, 16, 11, 36, 48, 92, 67]|[1, 1, 1, 2, 2, 2, 0, 0, 2, 2, 2, 2, 1, 1, 0, 2, 0, 2, 0, 0, 1, 2, 2, 2, 2, 0, 2, 2, 1, 0, 0, 1, 1, 0, 0, 2, 2, 0, 2, 1, 2, 0, 2, 1, 1, 0, 0, 2, 1, 0, 2, 2, 1, 0, 2, 0, 1, 1, 0, 0, 0, 1, 1, 1, 0, 0, 1, 1, 1, 1, 0, 1, 2, 0, 0, 2, 1, 1, 1, 0, 2, 0, 1, 1, 1, 2, 0, 1, 1, 0, 0, 1, 1, 0, 1, 2, 1, 2, 2, 1]|[3, 0, 2, 0, 0, 0, 0, 0, 2, 2, 1, 1, 1, 4, 1, 0, 1, 1, 1, 2, 4, 0, 2, 1, 2, 2, 1, 1, 1, 1, 0, 2, 4, 0, 1, 0, 1, 1, 2, 1, 1, 2, 2, 1, 3, 2, 0, 2, 3, 2, 1, 1, 1, 1, 2, 0, 4, 2, 1, 1, 2, 4, 2, 1, 1, 2, 2, 2, 4, 3, 1, 4, 1, 0, 2, 1, 3, 1, 2, 0, 1, 1, 4, 4, 3, 0, 1, 4, 4, 0, 0, 1, 0, 2, 4, 0, 3, 2, 2, 0]|[3, 1, 2, 0, 0, 0, 0, 0, 1, 0, 1, 0, 2, 0, 1, 1, 0, 0, 0, 0, 1, 0, 0, 1, 1, 1, 0, 0, 0, 1, 1, 2, 0, 0, 1, 0, 1, 0, 0, 1, 1, 0, 0, 3, 2, 0, 1, 0, 2, 1, 0, 0, 1, 0, 1, 0, 3, 1, 1, 0, 1, 2, 2, 0, 0, 1, 1, 1, 2, 0, 0, 2, 1, 0, 0, 1, 0, 1, 1, 1, 1, 0, 3, 3, 3, 0, 0, 1, 0, 0, 1, 2, 3, 0, 0, 0, 2, 0, 0, 0],945.9065922875762,61087.12750041713,126543.65138075766,true
1,G4_BALANCED,G4_BALANCED,[31, 22, 82, 15, 26, 9, 95, 42, 77, 4, 47, 5, 93, 78, 86, 54, 85, 63, 18, 44, 20, 49, 36, 14, 48, 50, 53, 17, 59, 35, 1, 96, 45, 71, 81, 56, 8, 30, 38, 43, 6, 57, 40, 88, 65, 83, 76, 69, 67, 68, 46, 75, 60, 58, 19, 32, 41, 51, 27, 62, 87, 90, 74, 21, 94, 84, 39, 92, 11, 34, 80, 61, 28, 3, 64, 29, 98, 37, 99, 23, 91, 89, 55, 13, 66, 0, 10, 73, 2, 24, 7, 16, 25, 79, 72, 12, 33, 52, 70, 97]|[1, 2, 1, 0, 2, 1, 0, 0, 1, 1, 2, 2, 1, 1, 1, 0, 0, 1, 0, 2, 1, 1, 1, 2, 1, 1, 0, 1, 1, 0, 1, 0, 1, 2, 2, 0, 0, 0, 0, 1, 0, 1, 2, 1, 1, 0, 1, 2, 2, 0, 2, 2, 2, 0, 0, 1, 0, 1, 0, 2, 2, 2, 2, 2, 2, 1, 0, 0, 1, 1, 0, 1, 1, 1, 2, 1, 1, 1, 1, 1, 0, 1, 1, 0, 0, 0, 0, 1, 0, 0, 1, 1, 0, 1, 2, 1, 2, 1, 1, 2]|[4, 2, 4, 1, 0, 3, 0, 0, 2, 4, 0, 1, 2, 2, 2, 1, 2, 3, 1, 1, 4, 3, 3, 1, 1, 2, 2, 4, 2, 1, 3, 2, 4, 0, 2, 1, 1, 1, 0, 1, 2, 2, 0, 1, 4, 0, 4, 2, 1, 1, 1, 1, 0, 1, 2, 3, 1, 4, 2, 0, 1, 2, 0, 1, 0, 1, 2, 0, 4, 1, 1, 0, 2, 3, 2, 3, 3, 4, 3, 4, 1, 1, 4, 2, 1, 0, 2, 4, 2, 1, 1, 4, 1, 4, 0, 4, 0, 2, 1, 2]|[2, 0, 1, 1, 0, 3, 0, 0, 0, 0, 0, 0, 1, 1, 0, 0, 0, 2, 0, 0, 1, 2, 2, 1, 1, 1, 1, 3, 1, 1, 0, 0, 2, 0, 1, 0, 0, 0, 1, 3, 1, 1, 0, 3, 3, 0, 2, 0, 0, 0, 0, 0, 1, 0, 0, 0, 1, 0, 0, 0, 1, 0, 0, 0, 0, 3, 1, 1, 2, 1, 0, 3, 2, 0, 0, 0, 2, 3, 2, 0, 0, 1, 3, 0, 0, 1, 1, 0, 0, 0, 2, 1, 0, 1, 1, 3, 0, 1, 3, 1],986.938642343314,59929.36372666092,125106.80156771615,false
1,G2_TEC,G4_BALANCED,[45, 1, 62, 78, 41, 39, 32, 87, 75, 12, 40, 99, 24, 38, 79, 30, 85, 63, 18, 44, 20, 49, 36, 14, 48, 76, 10, 54, 21, 31, 71, 64, 3, 23, 17, 83, 93, 26, 60, 52, 65, 27, 90, 70, 9, 42, 74, 69, 5, 68, 46, 22, 15, 58, 47, 59, 28, 8, 73, 37, 35, 86, 11, 66, 25, 91, 72, 98, 56, 6, 80, 61, 89, 92, 94, 34, 2, 4, 53, 33, 81, 57, 43, 97, 13, 51, 7, 84, 88, 95, 29, 16, 50, 77, 96, 67, 55, 0, 82, 19]|[2, 2, 0, 1, 2, 2, 0, 2, 2, 1, 2, 0, 2, 1, 1, 0, 0, 1, 0, 2, 1, 2, 0, 2, 2, 2, 2, 2, 1, 1, 0, 0, 0, 0, 1, 0, 2, 1, 1, 1, 0, 0, 1, 1, 0, 2, 0, 0, 1, 0, 2, 1, 0, 1, 2, 0, 1, 1, 1, 1, 1, 1, 2, 2, 1, 0, 1, 1, 0, 1, 0, 1, 1, 2, 1, 1, 2, 1, 0, 1, 2, 0, 1, 2, 1, 0, 2, 0, 1, 0, 0, 1, 2, 0, 0, 0, 0, 0, 0, 2]|[0, 2, 2, 2, 2, 1, 2, 2, 2, 4, 0, 2, 2, 4, 4, 1, 2, 3, 2, 1, 4, 0, 0, 1, 0, 1, 1, 1, 4, 0, 2, 1, 2, 0, 4, 1, 1, 4, 0, 1, 2, 1, 4, 4, 1, 2, 1, 2, 3, 1, 1, 2, 1, 0, 2, 2, 2, 3, 4, 3, 1, 3, 0, 0, 4, 0, 2, 4, 1, 4, 0, 3, 1, 2, 4, 4, 1, 3, 2, 3, 2, 0, 1, 1, 4, 0, 1, 1, 1, 1, 1, 4, 1, 2, 2, 1, 2, 2, 1, 2]|[0, 0, 1, 1, 0, 0, 0, 0, 1, 0, 0, 0, 1, 0, 1, 0, 0, 2, 1, 0, 1, 0, 0, 0, 0, 0, 0, 0, 0, 0, 0, 0, 0, 0, 3, 0, 1, 3, 0, 1, 0, 0, 1, 3, 0, 0, 1, 1, 2, 0, 0, 1, 0, 3, 0, 0, 3, 0, 2, 1, 2, 2, 0, 0, 2, 0, 1, 0, 0, 2, 0, 0, 1, 0, 3, 2, 0, 0, 1, 2, 1, 1, 3, 1, 0, 0, 0, 1, 0, 0, 0, 1, 0, 0, 0, 0, 1, 0, 0, 1],1083.7313545857837,57533.878138086446,146137.09857446083,true
1,G3_TWC,G2_TEC,[45, 1, 62, 78, 41, 39, 32, 87, 75, 12, 40, 99, 24, 38, 79, 30, 85, 63, 18, 44, 20, 49, 36, 14, 48, 76, 10, 54, 21, 31, 71, 64, 3, 23, 17, 83, 93, 26, 60, 52, 65, 27, 90, 70, 9, 56, 50, 69, 67, 68, 46, 77, 15, 58, 19, 95, 81, 91, 57, 82, 42, 47, 74, 59, 2, 73, 72, 8, 37, 88, 80, 61, 89, 92, 25, 97, 66, 13, 53, 43, 16, 35, 29, 11, 96, 6, 22, 5, 55, 98, 94, 33, 84, 4, 86, 34, 7, 0, 51, 28]|[2, 2, 0, 2, 2, 2, 0, 0, 2, 1, 1, 1, 1, 1, 1, 0, 0, 0, 0, 2, 2, 1, 1, 2, 0, 2, 0, 1, 1, 2, 1, 0, 2, 2, 1, 0, 0, 1, 2, 1, 0, 0, 1, 1, 1, 1, 2, 2, 0, 0, 0, 2, 1, 1, 2, 1, 0, 2, 0, 0, 2, 2, 0, 1, 0, 1, 2, 0, 1, 1, 0, 1, 1, 2, 1, 1, 0, 0, 0, 1, 1, 1, 1, 1, 1, 0, 1, 1, 0, 0, 1, 2, 1, 1, 0, 1, 2, 0, 0, 2]|[0, 2, 2, 0, 0, 1, 2, 0, 2, 3, 2, 3, 2, 4, 4, 1, 2, 1, 2, 1, 2, 3, 1, 1, 1, 1, 2, 1, 4, 0, 3, 1, 2, 0, 4, 0, 1, 4, 0, 3, 2, 1, 4, 4, 4, 1, 1, 2, 0, 2, 1, 1, 1, 0, 2, 3, 1, 0, 0, 1, 2, 2, 1, 2, 2, 4, 0, 1, 4, 1, 1, 3, 1, 2, 4, 2, 2, 2, 2, 1, 3, 3, 3, 4, 3, 2, 3, 3, 2, 1, 2, 2, 1, 4, 1, 1, 1, 0, 0, 0]|[0, 0, 1, 0, 0, 0, 0, 0, 1, 0, 2, 2, 1, 0, 1, 0, 0, 0, 1, 0, 0, 2, 3, 0, 0, 0, 1, 1, 0, 0, 0, 0, 0, 0, 3, 0, 0, 3, 1, 2, 1, 0, 1, 3, 3, 0, 0, 0, 1, 1, 0, 0, 1, 3, 1, 0, 1, 0, 1, 0, 0, 0, 1, 1, 0, 0, 1, 0, 3, 0, 0, 0, 1, 0, 3, 1, 1, 0, 1, 3, 2, 0, 0, 2, 2, 1, 2, 2, 1, 0, 1, 0, 3, 0, 0, 1, 0, 1, 0, 0],1006.2468328172884,59279.85756840151,127542.71853724153,true
1,G1_CMAX,G1_CMAX,[45, 1, 62, 78, 41, 39, 32, 87, 75, 12, 40, 99, 24, 38, 79, 30, 17, 91, 18, 83, 90, 35, 36, 14, 48, 50, 53, 4, 21, 31, 71, 64, 3, 23, 85, 44, 8, 49, 15, 43, 6, 13, 86, 46, 58, 88, 80, 33, 0, 2, 55, 59, 56, 28, 81, 84, 47, 73, 98, 74, 67, 69, 11, 66, 76, 89, 72, 92, 37, 97, 94, 61, 68, 93, 25, 60, 22, 57, 10, 42, 20, 34, 51, 27, 96, 9, 65, 77, 29, 82, 52, 16, 70, 26, 95, 54, 7, 5, 63, 19]|[2, 2, 0, 1, 2, 2, 1, 0, 0, 1, 1, 0, 2, 1, 0, 0, 0, 0, 0, 0, 2, 1, 1, 2, 2, 1, 0, 2, 1, 0, 0, 0, 0, 2, 1, 1, 0, 1, 0, 1, 1, 0, 0, 0, 1, 1, 0, 0, 1, 2, 0, 1, 0, 1, 2, 1, 1, 1, 0, 2, 0, 0, 2, 2, 2, 1, 2, 2, 1, 0, 1, 1, 0, 2, 1, 2, 0, 0, 1, 1, 2, 1, 0, 0, 1, 1, 1, 0, 1, 1, 1, 1, 1, 1, 1, 2, 1, 1, 2, 2]|[0, 1, 2, 2, 0, 1, 3, 0, 2, 1, 2, 2, 1, 2, 1, 1, 1, 1, 2, 1, 2, 0, 1, 1, 0, 2, 2, 1, 3, 1, 0, 1, 2, 0, 4, 1, 1, 3, 1, 1, 4, 2, 1, 2, 0, 1, 1, 2, 0, 1, 2, 3, 1, 4, 0, 1, 2, 0, 2, 1, 1, 1, 0, 0, 1, 1, 2, 2, 3, 2, 2, 3, 1, 1, 4, 2, 2, 0, 3, 0, 2, 2, 0, 1, 3, 0, 4, 2, 3, 4, 1, 3, 4, 4, 3, 1, 1, 3, 0, 2]|[0, 1, 1, 1, 0, 0, 0, 0, 0, 1, 2, 0, 1, 1, 0, 0, 0, 0, 1, 0, 0, 0, 3, 0, 0, 2, 1, 0, 0, 1, 0, 0, 0, 0, 3, 0, 0, 0, 1, 1, 2, 0, 0, 0, 3, 0, 1, 1, 1, 1, 1, 0, 0, 3, 0, 3, 2, 1, 0, 0, 0, 1, 0, 0, 0, 1, 0, 0, 1, 0, 1, 0, 0, 1, 3, 0, 0, 1, 3, 0, 0, 3, 0, 0, 2, 1, 3, 0, 0, 1, 1, 2, 3, 3, 0, 0, 2, 2, 0, 1],883.4158517948531,60135.681308448926,129858.67616318309,false
1,G4_BALANCED,G4_BALANCED,[31, 22, 82, 15, 26, 9, 95, 42, 77, 4, 47, 5, 93, 78, 86, 54, 85, 63, 18, 44, 20, 49, 36, 14, 48, 50, 53, 17, 59, 35, 1, 96, 45, 71, 81, 56, 8, 30, 38, 43, 6, 57, 40, 88, 65, 83, 76, 69, 67, 68, 46, 75, 60, 58, 19, 32, 41, 51, 27, 62, 87, 90, 74, 21, 94, 84, 39, 92, 11, 34, 80, 61, 28, 3, 64, 29, 98, 37, 99, 23, 91, 89, 55, 13, 66, 0, 10, 73, 2, 24, 7, 16, 25, 79, 72, 12, 33, 52, 70, 97]|[1, 2, 1, 0, 2, 1, 0, 0, 1, 1, 2, 2, 1, 1, 1, 0, 0, 1, 0, 2, 1, 1, 1, 2, 1, 1, 0, 1, 1, 0, 1, 0, 1, 2, 2, 0, 0, 0, 0, 1, 0, 1, 2, 1, 1, 0, 1, 2, 2, 0, 2, 2, 2, 0, 0, 1, 0, 1, 0, 2, 2, 2, 2, 2, 2, 1, 0, 0, 1, 1, 0, 1, 1, 1, 2, 1, 1, 1, 1, 1, 0, 1, 1, 0, 0, 0, 0, 1, 0, 0, 1, 1, 0, 1, 2, 1, 2, 1, 1, 2]|[4, 2, 4, 1, 0, 3, 0, 0, 2, 4, 0, 1, 2, 2, 2, 1, 2, 3, 1, 1, 4, 3, 3, 1, 1, 2, 2, 4, 2, 1, 3, 2, 4, 0, 2, 1, 1, 1, 0, 1, 2, 2, 0, 1, 4, 0, 4, 2, 1, 1, 1, 1, 0, 1, 2, 3, 1, 4, 2, 0, 1, 2, 0, 1, 0, 1, 2, 0, 4, 1, 1, 0, 2, 3, 2, 3, 3, 4, 3, 4, 1, 1, 4, 2, 1, 0, 2, 4, 2, 1, 1, 4, 1, 4, 0, 4, 0, 2, 1, 2]|[2, 0, 1, 1, 0, 3, 0, 0, 0, 0, 0, 0, 1, 1, 0, 0, 0, 2, 0, 0, 1, 2, 2, 1, 1, 1, 1, 3, 1, 1, 0, 0, 2, 0, 1, 0, 0, 0, 1, 3, 1, 1, 0, 3, 3, 0, 2, 0, 0, 0, 0, 0, 1, 0, 0, 0, 1, 0, 0, 0, 1, 0, 0, 0, 0, 3, 1, 1, 2, 1, 0, 3, 2, 0, 0, 0, 2, 3, 2, 0, 0, 1, 3, 0, 0, 1, 1, 0, 0, 0, 2, 1, 0, 1, 1, 3, 0, 1, 3, 1],986.938642343314,59929.36372666092,125106.80156771615,false
1,G2_TEC,G2_TEC,[45, 1, 62, 78, 41, 39, 32, 87, 75, 12, 40, 99, 24, 38, 79, 30, 85, 63, 18, 44, 20, 49, 36, 14, 48, 76, 10, 54, 21, 31, 71, 64, 3, 23, 17, 83, 93, 26, 60, 52, 65, 27, 90, 70, 9, 42, 74, 69, 5, 68, 46, 22, 15, 58, 47, 59, 28, 8, 73, 37, 35, 86, 11, 66, 94, 95, 72, 13, 56, 6, 80, 61, 89, 92, 25, 34, 91, 57, 53, 2, 16, 88, 29, 50, 96, 19, 77, 0, 55, 98, 43, 33, 84, 4, 97, 82, 7, 67, 51, 81]|[0, 2, 2, 1, 2, 2, 0, 2, 0, 1, 2, 0, 2, 1, 1, 0, 0, 1, 0, 2, 1, 2, 0, 2, 1, 1, 2, 2, 1, 1, 0, 0, 0, 0, 1, 0, 0, 1, 1, 1, 0, 0, 1, 1, 0, 2, 0, 2, 1, 0, 2, 1, 2, 1, 2, 0, 2, 1, 1, 1, 1, 1, 2, 2, 1, 0, 1, 1, 1, 1, 0, 1, 1, 2, 1, 1, 0, 0, 0, 2, 1, 1, 0, 2, 0, 2, 0, 0, 0, 0, 1, 2, 0, 1, 2, 0, 2, 0, 0, 2]|[1, 2, 0, 2, 2, 1, 2, 2, 1, 4, 0, 2, 1, 4, 4, 1, 2, 3, 2, 1, 4, 0, 0, 1, 3, 2, 1, 1, 4, 0, 2, 1, 2, 0, 4, 1, 1, 4, 0, 3, 2, 1, 4, 4, 1, 2, 1, 1, 3, 1, 1, 2, 2, 0, 2, 2, 2, 3, 4, 3, 0, 3, 0, 0, 4, 0, 2, 4, 1, 4, 1, 3, 1, 2, 4, 4, 1, 0, 2, 1, 4, 1, 1, 1, 2, 2, 2, 2, 2, 1, 1, 1, 1, 3, 2, 1, 1, 1, 0, 2]|[1, 0, 0, 1, 0, 0, 0, 0, 1, 0, 0, 0, 1, 0, 1, 0, 0, 2, 1, 0, 1, 0, 0, 0, 2, 2, 0, 0, 0, 0, 0, 0, 0, 0, 3, 0, 0, 3, 0, 2, 0, 0, 1, 3, 0, 0, 1, 0, 2, 0, 0, 1, 0, 3, 0, 0, 1, 0, 2, 1, 0, 2, 0, 0, 2, 0, 1, 0, 0, 2, 0, 0, 1, 0, 3, 2, 0, 1, 1, 0, 1, 0, 0, 0, 0, 1, 0, 0, 1, 0, 3, 1, 1, 0, 0, 0, 0, 0, 0, 1],1103.795774281678,56827.39228694975,141895.87706454445,false
1,G3_TWC,G4_BALANCED,[45, 1, 62, 78, 41, 39, 32, 87, 75, 12, 40, 99, 24, 38, 79, 30, 85, 63, 18, 44, 20, 49, 36, 14, 48, 76, 10, 54, 21, 31, 71, 64, 3, 23, 17, 83, 93, 26, 60, 52, 65, 27, 90, 70, 9, 42, 74, 69, 5, 68, 46, 59, 56, 34, 47, 89, 98, 73, 28, 80, 67, 33, 11, 66, 50, 57, 72, 91, 88, 58, 95, 61, 22, 13, 2, 15, 97, 96, 6, 8, 84, 43, 51, 53, 37, 35, 25, 92, 19, 81, 29, 16, 0, 4, 7, 55, 86, 94, 82, 77]|[2, 2, 0, 1, 2, 2, 0, 2, 0, 1, 2, 0, 2, 1, 0, 0, 0, 1, 0, 2, 1, 1, 0, 2, 2, 1, 1, 2, 1, 0, 0, 0, 0, 0, 1, 0, 0, 1, 1, 1, 0, 1, 2, 1, 0, 1, 0, 0, 1, 0, 1, 1, 2, 1, 2, 1, 2, 1, 1, 1, 1, 1, 2, 2, 2, 0, 1, 1, 1, 1, 0, 1, 1, 2, 2, 0, 2, 0, 1, 0, 0, 1, 0, 0, 0, 1, 1, 0, 2, 1, 0, 1, 0, 1, 2, 0, 1, 1, 0, 0]|[0, 2, 2, 2, 2, 1, 2, 2, 1, 4, 0, 2, 2, 4, 1, 1, 2, 3, 2, 1, 4, 1, 0, 1, 0, 2, 3, 1, 4, 1, 2, 1, 2, 0, 1, 1, 1, 4, 0, 1, 0, 2, 2, 4, 1, 1, 1, 2, 3, 2, 4, 2, 2, 0, 2, 1, 2, 4, 2, 3, 3, 3, 0, 0, 1, 0, 2, 3, 0, 0, 0, 3, 1, 2, 1, 1, 1, 2, 4, 1, 1, 1, 0, 2, 1, 1, 4, 1, 0, 1, 1, 4, 1, 3, 1, 2, 3, 4, 1, 2]|[0, 0, 1, 1, 0, 0, 0, 0, 1, 0, 0, 0, 1, 0, 0, 0, 0, 2, 1, 0, 1, 2, 0, 0, 0, 2, 3, 0, 0, 1, 0, 0, 0, 0, 1, 0, 0, 3, 0, 1, 1, 2, 0, 3, 0, 0, 0, 1, 2, 1, 3, 1, 0, 3, 0, 1, 1, 2, 3, 1, 2, 2, 0, 0, 0, 1, 1, 2, 0, 3, 0, 0, 1, 0, 0, 0, 1, 0, 2, 0, 1, 3, 0, 1, 0, 2, 2, 0, 0, 1, 0, 1, 1, 0, 0, 1, 2, 2, 0, 0],988.1931840459158,59905.13075785192,128191.64028344979,true
1,G1_CMAX,G3_TWC,[31, 22, 82, 15, 41, 39, 32, 87, 75, 12, 47, 5, 93, 78, 86, 54, 85, 63, 18, 44, 20, 35, 43, 97, 91, 76, 10, 30, 21, 45, 71, 64, 1, 23, 17, 83, 24, 26, 60, 36, 6, 57, 40, 88, 65, 56, 50, 69, 67, 68, 46, 77, 38, 58, 19, 95, 81, 48, 27, 62, 42, 90, 74, 59, 2, 73, 72, 8, 37, 70, 80, 61, 89, 92, 25, 14, 66, 13, 53, 94, 16, 49, 29, 11, 96, 9, 3, 99, 55, 98, 52, 33, 84, 4, 79, 34, 7, 0, 51, 28]|[2, 2, 2, 2, 1, 1, 1, 0, 0, 1, 1, 1, 1, 1, 1, 0, 0, 0, 0, 2, 2, 0, 1, 2, 0, 2, 0, 1, 0, 2, 1, 2, 2, 2, 1, 0, 0, 0, 1, 1, 0, 1, 2, 1, 1, 1, 1, 2, 0, 0, 0, 2, 1, 1, 2, 1, 2, 2, 0, 2, 2, 1, 2, 1, 0, 1, 2, 0, 1, 1, 0, 1, 1, 2, 1, 0, 0, 0, 2, 2, 1, 1, 1, 1, 1, 0, 2, 0, 1, 0, 1, 2, 1, 1, 0, 1, 1, 0, 0, 1]|[0, 2, 0, 0, 4, 0, 3, 0, 2, 3, 2, 3, 2, 4, 4, 1, 2, 1, 2, 1, 1, 1, 1, 2, 1, 1, 2, 1, 1, 0, 3, 2, 2, 0, 4, 0, 1, 1, 4, 3, 2, 2, 0, 1, 4, 1, 2, 2, 0, 1, 1, 1, 1, 0, 2, 3, 2, 0, 1, 0, 2, 3, 0, 2, 2, 4, 0, 1, 4, 1, 1, 3, 1, 2, 4, 2, 2, 2, 2, 0, 3, 3, 3, 4, 3, 2, 2, 2, 4, 1, 2, 2, 1, 4, 1, 1, 1, 0, 1, 2]|[0, 0, 0, 0, 3, 1, 0, 0, 0, 0, 2, 2, 1, 0, 1, 0, 0, 0, 1, 0, 0, 1, 3, 1, 0, 0, 1, 1, 0, 0, 0, 0, 0, 0, 3, 0, 0, 1, 0, 2, 1, 1, 0, 0, 3, 0, 1, 0, 1, 0, 0, 0, 1, 3, 1, 0, 1, 0, 0, 0, 0, 2, 0, 1, 0, 0, 1, 0, 3, 3, 0, 0, 1, 0, 3, 0, 1, 0, 0, 0, 2, 0, 0, 2, 2, 1, 0, 0, 3, 0, 1, 0, 3, 0, 0, 1, 2, 1, 0, 1],910.4832055929189,59120.46185836394,134236.2183441338,true
1,G4_BALANCED,G4_BALANCED,[31, 22, 82, 15, 26, 9, 95, 42, 77, 4, 47, 5, 93, 78, 86, 54, 85, 63, 18, 44, 20, 49, 36, 14, 48, 50, 53, 17, 21, 45, 71, 64, 3, 23, 30, 83, 24, 41, 60, 52, 65, 27, 90, 70, 39, 87, 74, 69, 99, 68, 46, 1, 38, 58, 97, 59, 28, 8, 73, 37, 35, 79, 11, 66, 94, 32, 72, 13, 34, 6, 80, 61, 89, 92, 25, 62, 2, 98, 91, 43, 16, 67, 29, 40, 96, 56, 10, 0, 55, 81, 76, 19, 84, 12, 33, 75, 7, 88, 51, 57]|[0, 2, 2, 1, 1, 2, 2, 0, 1, 1, 1, 0, 2, 1, 1, 0, 0, 0, 0, 2, 2, 1, 0, 2, 1, 2, 0, 2, 0, 1, 1, 0, 0, 0, 1, 0, 2, 1, 2, 2, 0, 0, 1, 1, 0, 2, 0, 2, 1, 0, 0, 2, 2, 1, 2, 0, 2, 1, 1, 1, 2, 1, 2, 2, 1, 2, 1, 1, 1, 1, 0, 1, 1, 2, 1, 2, 2, 0, 0, 1, 1, 1, 1, 2, 0, 0, 1, 0, 1, 2, 2, 2, 1, 1, 0, 0, 0, 1, 0, 0]|[1, 1, 0, 2, 4, 1, 1, 0, 2, 4, 2, 2, 1, 4, 2, 1, 1, 1, 2, 1, 1, 3, 0, 1, 1, 1, 2, 1, 1, 0, 3, 1, 2, 0, 4, 2, 1, 4, 0, 1, 0, 1, 4, 4, 1, 2, 0, 2, 3, 1, 2, 1, 2, 0, 1, 2, 0, 3, 0, 3, 2, 3, 0, 0, 4, 1, 2, 4, 2, 4, 1, 3, 1, 2, 4, 2, 1, 1, 2, 1, 4, 3, 3, 0, 2, 0, 1, 2, 3, 2, 1, 0, 1, 4, 2, 2, 2, 1, 0, 0]|[1, 1, 0, 1, 3, 0, 0, 0, 0, 0, 2, 0, 1, 0, 1, 0, 0, 0, 1, 0, 0, 2, 0, 0, 1, 0, 1, 0, 0, 1, 0, 0, 0, 0, 3, 0, 1, 3, 1, 0, 1, 0, 1, 3, 0, 0, 1, 0, 2, 0, 0, 1, 0, 3, 1, 0, 0, 0, 1, 1, 0, 2, 0, 0, 2, 0, 1, 0, 3, 2, 0, 0, 1, 0, 3, 0, 0, 0, 1, 3, 1, 0, 0, 0, 0, 1, 1, 0, 0, 1, 0, 0, 3, 0, 1, 0, 0, 0, 0, 1],998.3735939713697,57848.666068543775,138465.97105309248,false
1,G2_TEC,G2_TEC,[45, 1, 62, 78, 41, 39, 32, 87, 75, 12, 40, 99, 24, 38, 79, 30, 85, 63, 18, 44, 20, 49, 36, 14, 48, 76, 10, 54, 21, 31, 71, 64, 3, 23, 17, 83, 93, 26, 60, 52, 65, 27, 90, 70, 9, 42, 74, 69, 5, 68, 46, 22, 15, 58, 47, 59, 28, 8, 73, 37, 35, 86, 11, 66, 94, 95, 72, 13, 56, 6, 80, 61, 89, 92, 25, 34, 91, 57, 53, 2, 16, 88, 29, 50, 96, 19, 77, 0, 55, 98, 43, 33, 84, 4, 97, 82, 7, 67, 51, 81]|[0, 2, 2, 1, 2, 2, 0, 2, 0, 1, 2, 0, 2, 1, 1, 0, 0, 1, 0, 2, 1, 2, 0, 2, 1, 1, 2, 2, 1, 1, 0, 0, 0, 0, 1, 0, 0, 1, 1, 1, 0, 0, 1, 1, 0, 2, 0, 2, 1, 0, 2, 1, 2, 1, 2, 0, 2, 1, 1, 1, 1, 1, 2, 2, 1, 0, 1, 1, 1, 1, 0, 1, 1, 2, 1, 1, 0, 0, 0, 2, 1, 1, 0, 2, 0, 2, 0, 0, 0, 0, 1, 2, 0, 1, 2, 0, 2, 0, 0, 2]|[1, 2, 0, 2, 2, 1, 2, 2, 1, 4, 0, 2, 1, 4, 4, 1, 2, 3, 2, 1, 4, 0, 0, 1, 3, 2, 1, 1, 4, 0, 2, 1, 2, 0, 4, 1, 1, 4, 0, 3, 2, 1, 4, 4, 1, 2, 1, 1, 3, 1, 1, 2, 2, 0, 2, 2, 2, 3, 4, 3, 0, 3, 0, 0, 4, 0, 2, 4, 1, 4, 1, 3, 1, 2, 4, 4, 1, 0, 2, 1, 4, 1, 1, 1, 2, 2, 2, 2, 2, 1, 1, 1, 1, 3, 2, 1, 1, 1, 0, 2]|[1, 0, 0, 1, 0, 0, 0, 0, 1, 0, 0, 0, 1, 0, 1, 0, 0, 2, 1, 0, 1, 0, 0, 0, 2, 2, 0, 0, 0, 0, 0, 0, 0, 0, 3, 0, 0, 3, 0, 2, 0, 0, 1, 3, 0, 0, 1, 0, 2, 0, 0, 1, 0, 3, 0, 0, 1, 0, 2, 1, 0, 2, 0, 0, 2, 0, 1, 0, 0, 2, 0, 0, 1, 0, 3, 2, 0, 1, 1, 0, 1, 0, 0, 0, 0, 1, 0, 0, 1, 0, 3, 1, 1, 0, 0, 0, 0, 0, 0, 1],1103.795774281678,56827.39228694975,141895.87706454445,false
1,G3_TWC,G1_CMAX,[31, 22, 82, 15, 26, 9, 95, 42, 77, 4, 47, 5, 93, 78, 86, 54, 85, 63, 18, 44, 20, 35, 43, 97, 91, 76, 10, 30, 21, 49, 1, 32, 45, 71, 81, 56, 24, 41, 60, 52, 65, 13, 79, 46, 14, 88, 80, 33, 0, 2, 55, 59, 83, 34, 40, 89, 98, 73, 28, 74, 67, 69, 11, 66, 50, 84, 72, 92, 37, 58, 38, 61, 3, 57, 87, 90, 94, 12, 53, 68, 17, 99, 51, 36, 39, 29, 7, 23, 25, 48, 8, 16, 75, 64, 96, 27, 70, 6, 62, 19]|[0, 2, 2, 2, 2, 1, 0, 1, 0, 1, 2, 0, 2, 2, 1, 2, 0, 1, 0, 2, 2, 1, 1, 0, 0, 1, 1, 2, 2, 0, 0, 1, 2, 0, 0, 1, 2, 2, 2, 1, 0, 2, 2, 0, 2, 1, 0, 0, 0, 2, 0, 0, 0, 1, 1, 1, 0, 1, 2, 0, 0, 0, 2, 2, 1, 1, 2, 2, 1, 0, 1, 1, 0, 0, 2, 1, 1, 1, 0, 1, 0, 1, 0, 1, 2, 1, 2, 0, 1, 2, 2, 1, 0, 0, 0, 0, 1, 1, 1, 2]|[1, 2, 0, 2, 2, 0, 2, 0, 2, 2, 0, 2, 2, 0, 2, 1, 1, 3, 2, 1, 2, 1, 1, 2, 1, 2, 3, 1, 1, 1, 2, 3, 0, 2, 1, 1, 2, 2, 0, 1, 2, 2, 0, 2, 1, 1, 1, 2, 1, 1, 2, 1, 1, 2, 2, 1, 1, 0, 2, 1, 1, 1, 0, 0, 2, 1, 0, 1, 3, 1, 3, 3, 2, 0, 2, 4, 1, 4, 2, 1, 1, 3, 0, 4, 1, 3, 1, 2, 4, 0, 2, 4, 2, 1, 2, 1, 4, 4, 1, 0]|[1, 0, 0, 0, 0, 1, 0, 0, 0, 3, 0, 0, 1, 0, 1, 0, 0, 2, 1, 0, 0, 2, 3, 0, 0, 2, 3, 0, 0, 1, 0, 0, 0, 0, 1, 0, 1, 0, 1, 1, 0, 0, 0, 0, 0, 0, 0, 1, 1, 1, 1, 0, 0, 3, 2, 1, 0, 1, 0, 1, 0, 1, 0, 0, 1, 3, 0, 1, 1, 0, 1, 0, 0, 1, 0, 1, 0, 3, 1, 3, 1, 0, 0, 2, 0, 0, 0, 0, 3, 0, 0, 1, 0, 0, 0, 0, 3, 2, 1, 0],922.7081795106927,60076.05473246085,131168.56573676525,true
2,G1_CMAX,G4_BALANCED,[45, 1, 62, 78, 41, 39, 32, 87, 75, 12, 40, 99, 24, 38, 79, 30, 85, 63, 18, 44, 90, 35, 43, 97, 91, 76, 10, 54, 21, 31, 71, 64, 3, 23, 17, 83, 93, 26, 60, 52, 65, 13, 20, 70, 9, 42, 74, 69, 5, 68, 46, 88, 15, 58, 47, 59, 28, 8, 73, 37, 49, 86, 11, 66, 94, 57, 72, 48, 22, 6, 80, 61, 84, 95, 25, 82, 2, 81, 53, 33, 4, 92, 36, 14, 98, 51, 7, 89, 56, 27, 29, 16, 50, 77, 96, 67, 55, 0, 34, 19]|[2, 2, 2, 1, 1, 2, 1, 2, 0, 1, 2, 0, 2, 1, 1, 2, 0, 0, 0, 2, 1, 1, 0, 2, 1, 2, 2, 2, 1, 0, 0, 0, 2, 0, 1, 0, 2, 1, 1, 1, 0, 1, 1, 1, 0, 2, 0, 2, 1, 0, 2, 1, 0, 1, 1, 1, 2, 1, 2, 1, 1, 1, 2, 2, 1, 0, 1, 0, 1, 1, 0, 1, 0, 1, 1, 0, 2, 2, 0, 2, 1, 2, 0, 2, 0, 0, 2, 1, 1, 0, 0, 1, 2, 0, 0, 0, 0, 0, 1, 2]|[0, 2, 0, 2, 4, 1, 3, 2, 1, 4, 0, 2, 1, 4, 4, 1, 1, 1, 2, 1, 4, 1, 0, 1, 3, 1, 1, 1, 3, 1, 2, 1, 0, 0, 1, 1, 1, 4, 1, 1, 2, 4, 4, 4, 1, 2, 1, 1, 3, 1, 1, 1, 1, 0, 2, 2, 2, 4, 0, 3, 1, 3, 0, 0, 4, 0, 2, 1, 2, 4, 0, 3, 1, 2, 4, 1, 1, 2, 2, 1, 3, 2, 0, 1, 1, 1, 1, 1, 1, 1, 1, 4, 1, 2, 1, 1, 2, 2, 4, 0]|[0, 0, 0, 1, 3, 0, 0, 0, 1, 0, 0, 0, 1, 0, 1, 0, 0, 0, 1, 0, 1, 2, 0, 0, 2, 0, 0, 0, 0, 1, 0, 0, 0, 0, 1, 0, 1, 3, 1, 1, 0, 0, 1, 3, 0, 0, 0, 0, 2, 0, 0, 0, 0, 3, 2, 1, 1, 2, 0, 1, 2, 2, 0, 0, 2, 0, 1, 0, 1, 2, 0, 0, 1, 1, 3, 0, 0, 1, 1, 1, 0, 0, 0, 1, 0, 0, 0, 1, 0, 0, 0, 1, 0, 0, 0, 0, 1, 0, 2, 0],928.9558690039205,58432.73094442608,138574.4078024126,true
2,G4_BALANCED,G4_BALANCED,[31, 22, 82, 15, 26, 9, 95, 42, 77, 4, 47, 5, 93, 78, 86, 54, 85, 63, 18, 44, 20, 49, 36, 14, 48, 50, 53, 17, 21, 45, 71, 64, 3, 23, 30, 83, 24, 41, 60, 52, 65, 27, 90, 70, 39, 87, 74, 69, 99, 68, 46, 1, 38, 58, 97, 59, 28, 8, 73, 37, 35, 79, 11, 66, 94, 32, 72, 13, 34, 6, 80, 61, 89, 92, 25, 62, 2, 98, 91, 43, 16, 67, 29, 40, 96, 56, 10, 0, 55, 81, 76, 19, 84, 12, 33, 75, 7, 88, 51, 57]|[0, 2, 2, 1, 1, 2, 2, 0, 1, 1, 1, 0, 2, 1, 1, 0, 0, 0, 0, 2, 2, 1, 0, 2, 1, 2, 0, 2, 0, 1, 1, 0, 0, 0, 1, 0, 2, 1, 2, 2, 0, 0, 1, 1, 0, 2, 0, 2, 1, 0, 0, 2, 2, 1, 2, 0, 2, 1, 1, 1, 2, 1, 2, 2, 1, 2, 1, 1, 1, 1, 0, 1, 1, 2, 1, 2, 2, 0, 0, 1, 1, 1, 1, 2, 0, 0, 1, 0, 1, 2, 2, 2, 1, 1, 0, 0, 0, 1, 0, 0]|[1, 1, 0, 2, 4, 1, 1, 0, 2, 4, 2, 2, 1, 4, 2, 1, 1, 1, 2, 1, 1, 3, 0, 1, 1, 1, 2, 1, 1, 0, 3, 1, 2, 0, 4, 2, 1, 4, 0, 1, 0, 1, 4, 4, 1, 2, 0, 2, 3, 1, 2, 1, 2, 0, 1, 2, 0, 3, 0, 3, 2, 3, 0, 0, 4, 1, 2, 4, 2, 4, 1, 3, 1, 2, 4, 2, 1, 1, 2, 1, 4, 3, 3, 0, 2, 0, 1, 2, 3, 2, 1, 0, 1, 4, 2, 2, 2, 1, 0, 0]|[1, 1, 0, 1, 3, 0, 0, 0, 0, 0, 2, 0, 1, 0, 1, 0, 0, 0, 1, 0, 0, 2, 0, 0, 1, 0, 1, 0, 0, 1, 0, 0, 0, 0, 3, 0, 1, 3, 1, 0, 1, 0, 1, 3, 0, 0, 1, 0, 2, 0, 0, 1, 0, 3, 1, 0, 0, 0, 1, 1, 0, 2, 0, 0, 2, 0, 1, 0, 3, 2, 0, 0, 1, 0, 3, 0, 0, 0, 1, 3, 1, 0, 0, 0, 0, 1, 1, 0, 0, 1, 0, 0, 3, 0, 1, 0, 0, 0, 0, 1],998.3735939713697,57848.666068543775,138465.97105309248,false
2,G2_TEC,G2_TEC,[45, 1, 62, 78, 41, 39, 32, 87, 75, 12, 40, 99, 24, 38, 79, 30, 85, 63, 18, 44, 20, 49, 36, 14, 48, 76, 10, 54, 21, 31, 71, 64, 3, 23, 17, 83, 93, 26, 60, 52, 65, 27, 90, 70, 9, 42, 74, 69, 5, 68, 46, 22, 15, 58, 47, 59, 28, 8, 73, 37, 35, 86, 11, 66, 94, 95, 72, 13, 56, 6, 80, 61, 89, 92, 25, 34, 91, 57, 53, 2, 16, 88, 29, 50, 96, 19, 77, 0, 55, 98, 43, 33, 84, 4, 97, 82, 7, 67, 51, 81]|[0, 2, 2, 1, 2, 2, 0, 2, 0, 1, 2, 0, 2, 1, 1, 0, 0, 1, 0, 2, 1, 2, 0, 2, 1, 1, 2, 2, 1, 1, 0, 0, 0, 0, 1, 0, 0, 1, 1, 1, 0, 0, 1, 1, 0, 2, 0, 2, 1, 0, 2, 1, 2, 1, 2, 0, 2, 1, 1, 1, 1, 1, 2, 2, 1, 0, 1, 1, 1, 1, 0, 1, 1, 2, 1, 1, 0, 0, 0, 2, 1, 1, 0, 2, 0, 2, 0, 0, 0, 0, 1, 2, 0, 1, 2, 0, 2, 0, 0, 2]|[1, 2, 0, 2, 2, 1, 2, 2, 1, 4, 0, 2, 1, 4, 4, 1, 2, 3, 2, 1, 4, 0, 0, 1, 3, 2, 1, 1, 4, 0, 2, 1, 2, 0, 4, 1, 1, 4, 0, 3, 2, 1, 4, 4, 1, 2, 1, 1, 3, 1, 1, 2, 2, 0, 2, 2, 2, 3, 4, 3, 0, 3, 0, 0, 4, 0, 2, 4, 1, 4, 1, 3, 1, 2, 4, 4, 1, 0, 2, 1, 4, 1, 1, 1, 2, 2, 2, 2, 2, 1, 1, 1, 1, 3, 2, 1, 1, 1, 0, 2]|[1, 0, 0, 1, 0, 0, 0, 0, 1, 0, 0, 0, 1, 0, 1, 0, 0, 2, 1, 0, 1, 0, 0, 0, 2, 2, 0, 0, 0, 0, 0, 0, 0, 0, 3, 0, 0, 3, 0, 2, 0, 0, 1, 3, 0, 0, 1, 0, 2, 0, 0, 1, 0, 3, 0, 0, 1, 0, 2, 1, 0, 2, 0, 0, 2, 0, 1, 0, 0, 2, 0, 0, 1, 0, 3, 2, 0, 1, 1, 0, 1, 0, 0, 0, 0, 1, 0, 0, 1, 0, 3, 1, 1, 0, 0, 0, 0, 0, 0, 1],1103.795774281678,56827.39228694975,141895.87706454445,false
2,G3_TWC,G2_TEC,[45, 1, 62, 78, 41, 39, 32, 87, 75, 12, 40, 99, 24, 38, 79, 30, 85, 63, 18, 44, 20, 49, 36, 14, 48, 50, 53, 17, 59, 51, 83, 96, 9, 71, 81, 56, 8, 54, 25, 52, 65, 27, 31, 70, 10, 42, 74, 7, 73, 84, 5, 26, 89, 76, 90, 2, 34, 69, 0, 37, 92, 28, 11, 66, 58, 77, 72, 93, 94, 3, 80, 61, 97, 67, 64, 43, 98, 47, 15, 86, 57, 21, 68, 60, 29, 6, 91, 82, 13, 22, 35, 46, 33, 55, 88, 4, 16, 95, 23, 19]|[2, 2, 0, 0, 2, 2, 1, 0, 2, 1, 2, 2, 2, 1, 1, 2, 0, 0, 0, 2, 2, 1, 1, 1, 2, 2, 0, 2, 1, 0, 1, 0, 0, 1, 0, 1, 2, 0, 1, 1, 1, 0, 0, 0, 2, 0, 0, 1, 1, 1, 1, 1, 2, 0, 1, 0, 1, 0, 0, 0, 2, 2, 2, 2, 1, 0, 2, 2, 2, 1, 0, 1, 2, 0, 0, 1, 0, 2, 2, 0, 0, 0, 0, 2, 1, 1, 2, 0, 1, 1, 1, 2, 2, 1, 1, 1, 1, 0, 0, 2]|[0, 2, 1, 1, 2, 2, 3, 0, 1, 2, 0, 1, 1, 4, 3, 0, 1, 0, 2, 1, 2, 3, 4, 2, 2, 0, 2, 1, 2, 2, 3, 1, 2, 1, 1, 3, 2, 1, 4, 2, 4, 2, 1, 1, 2, 1, 1, 1, 4, 1, 3, 4, 0, 1, 4, 1, 2, 2, 0, 2, 2, 2, 0, 0, 4, 2, 2, 1, 1, 3, 1, 3, 1, 1, 1, 3, 1, 0, 2, 1, 2, 1, 1, 0, 3, 4, 1, 2, 4, 3, 0, 1, 0, 1, 1, 2, 3, 0, 2, 0]|[0, 0, 0, 1, 0, 1, 0, 0, 0, 3, 0, 0, 1, 0, 2, 1, 0, 0, 1, 0, 0, 2, 2, 1, 0, 0, 1, 0, 1, 0, 0, 0, 0, 1, 1, 2, 0, 0, 3, 1, 3, 0, 1, 0, 0, 0, 1, 2, 0, 3, 2, 3, 1, 0, 1, 0, 3, 0, 1, 0, 0, 0, 0, 0, 2, 0, 0, 1, 0, 0, 0, 0, 1, 0, 0, 0, 0, 0, 0, 1, 0, 0, 0, 1, 0, 2, 0, 1, 0, 2, 0, 0, 0, 1, 0, 3, 2, 0, 1, 0],956.6991785157963,59411.2532870709,129046.39219295447,true
2,G1_CMAX,G4_BALANCED,[45, 1, 62, 78, 41, 39, 32, 87, 75, 12, 40, 99, 24, 38, 79, 30, 85, 63, 18, 44, 90, 35, 43, 97, 91, 76, 10, 54, 21, 31, 71, 64, 3, 23, 17, 83, 93, 26, 60, 52, 65, 13, 20, 70, 9, 42, 74, 69, 5, 68, 46, 88, 15, 58, 47, 59, 28, 8, 73, 37, 49, 86, 11, 66, 94, 57, 72, 48, 22, 6, 80, 61, 84, 95, 25, 82, 2, 81, 53, 33, 4, 92, 36, 14, 98, 51, 7, 89, 56, 27, 29, 16, 50, 77, 96, 67, 55, 0, 34, 19]|[2, 2, 2, 1, 1, 2, 1, 2, 0, 1, 2, 0, 2, 1, 1, 2, 0, 0, 0, 2, 1, 1, 0, 2, 1, 2, 2, 2, 1, 0, 0, 0, 2, 0, 1, 0, 2, 1, 1, 1, 0, 1, 1, 1, 0, 2, 0, 2, 1, 0, 2, 1, 0, 1, 1, 1, 2, 1, 2, 1, 1, 1, 2, 2, 1, 0, 1, 0, 1, 1, 0, 1, 0, 1, 1, 0, 2, 2, 0, 2, 1, 2, 0, 2, 0, 0, 2, 1, 1, 0, 0, 1, 2, 0, 0, 0, 0, 0, 1, 2]|[0, 2, 0, 2, 4, 1, 3, 2, 1, 4, 0, 2, 1, 4, 4, 1, 1, 1, 2, 1, 4, 1, 0, 1, 3, 1, 1, 1, 3, 1, 2, 1, 0, 0, 1, 1, 1, 4, 1, 1, 2, 4, 4, 4, 1, 2, 1, 1, 3, 1, 1, 1, 1, 0, 2, 2, 2, 4, 0, 3, 1, 3, 0, 0, 4, 0, 2, 1, 2, 4, 0, 3, 1, 2, 4, 1, 1, 2, 2, 1, 3, 2, 0, 1, 1, 1, 1, 1, 1, 1, 1, 4, 1, 2, 1, 1, 2, 2, 4, 0]|[0, 0, 0, 1, 3, 0, 0, 0, 1, 0, 0, 0, 1, 0, 1, 0, 0, 0, 1, 0, 1, 2, 0, 0, 2, 0, 0, 0, 0, 1, 0, 0, 0, 0, 1, 0, 1, 3, 1, 1, 0, 0, 1, 3, 0, 0, 0, 0, 2, 0, 0, 0, 0, 3, 2, 1, 1, 2, 0, 1, 2, 2, 0, 0, 2, 0, 1, 0, 1, 2, 0, 0, 1, 1, 3, 0, 0, 1, 1, 1, 0, 0, 0, 1, 0, 0, 0, 1, 0, 0, 0, 1, 0, 0, 0, 0, 1, 0, 2, 0],928.9558690039205,58432.73094442608,138574.4078024126,true
2,G4_BALANCED,G4_BALANCED,[31, 22, 82, 15, 26, 9, 95, 42, 77, 4, 47, 5, 93, 78, 86, 54, 85, 63, 18, 44, 20, 49, 36, 14, 48, 50, 53, 17, 21, 45, 71, 64, 3, 23, 30, 83, 24, 41, 60, 52, 65, 27, 90, 70, 39, 87, 74, 69, 99, 68, 46, 1, 38, 58, 97, 59, 28, 8, 73, 37, 35, 79, 11, 66, 94, 32, 72, 13, 34, 6, 80, 61, 89, 92, 25, 62, 2, 98, 91, 43, 16, 67, 29, 40, 96, 56, 10, 0, 55, 81, 76, 19, 84, 12, 33, 75, 7, 88, 51, 57]|[0, 2, 2, 1, 1, 2, 2, 0, 1, 1, 1, 0, 2, 1, 1, 0, 0, 0, 0, 2, 2, 1, 0, 2, 1, 2, 0, 2, 0, 1, 1, 0, 0, 0, 1, 0, 2, 1, 2, 2, 0, 0, 1, 1, 0, 2, 0, 2, 1, 0, 0, 2, 2, 1, 2, 0, 2, 1, 1, 1, 2, 1, 2, 2, 1, 2, 1, 1, 1, 1, 0, 1, 1, 2, 1, 2, 2, 0, 0, 1, 1, 1, 1, 2, 0, 0, 1, 0, 1, 2, 2, 2, 1, 1, 0, 0, 0, 1, 0, 0]|[1, 1, 0, 2, 4, 1, 1, 0, 2, 4, 2, 2, 1, 4, 2, 1, 1, 1, 2, 1, 1, 3, 0, 1, 1, 1, 2, 1, 1, 0, 3, 1, 2, 0, 4, 2, 1, 4, 0, 1, 0, 1, 4, 4, 1, 2, 0, 2, 3, 1, 2, 1, 2, 0, 1, 2, 0, 3, 0, 3, 2, 3, 0, 0, 4, 1, 2, 4, 2, 4, 1, 3, 1, 2, 4, 2, 1, 1, 2, 1, 4, 3, 3, 0, 2, 0, 1, 2, 3, 2, 1, 0, 1, 4, 2, 2, 2, 1, 0, 0]|[1, 1, 0, 1, 3, 0, 0, 0, 0, 0, 2, 0, 1, 0, 1, 0, 0, 0, 1, 0, 0, 2, 0, 0, 1, 0, 1, 0, 0, 1, 0, 0, 0, 0, 3, 0, 1, 3, 1, 0, 1, 0, 1, 3, 0, 0, 1, 0, 2, 0, 0, 1, 0, 3, 1, 0, 0, 0, 1, 1, 0, 2, 0, 0, 2, 0, 1, 0, 3, 2, 0, 0, 1, 0, 3, 0, 0, 0, 1, 3, 1, 0, 0, 0, 0, 1, 1, 0, 0, 1, 0, 0, 3, 0, 1, 0, 0, 0, 0, 1],998.3735939713697,57848.666068543775,138465.97105309248,false
2,G2_TEC,G2_TEC,[45, 1, 62, 78, 41, 39, 32, 87, 75, 12, 40, 99, 24, 38, 79, 30, 85, 63, 18, 44, 20, 49, 36, 14, 48, 76, 10, 54, 21, 31, 71, 64, 3, 23, 17, 83, 93, 26, 60, 52, 65, 27, 90, 70, 9, 42, 74, 69, 5, 68, 46, 22, 15, 58, 47, 59, 28, 8, 73, 37, 35, 86, 11, 66, 94, 95, 72, 13, 56, 6, 80, 61, 89, 92, 25, 34, 91, 57, 53, 2, 16, 88, 29, 50, 96, 19, 77, 0, 55, 98, 43, 33, 84, 4, 97, 82, 7, 67, 51, 81]|[0, 2, 2, 1, 2, 2, 0, 2, 0, 1, 2, 0, 2, 1, 1, 0, 0, 1, 0, 2, 1, 2, 0, 2, 1, 1, 2, 2, 1, 1, 0, 0, 0, 0, 1, 0, 0, 1, 1, 1, 0, 0, 1, 1, 0, 2, 0, 2, 1, 0, 2, 1, 2, 1, 2, 0, 2, 1, 1, 1, 1, 1, 2, 2, 1, 0, 1, 1, 1, 1, 0, 1, 1, 2, 1, 1, 0, 0, 0, 2, 1, 1, 0, 2, 0, 2, 0, 0, 0, 0, 1, 2, 0, 1, 2, 0, 2, 0, 0, 2]|[1, 2, 0, 2, 2, 1, 2, 2, 1, 4, 0, 2, 1, 4, 4, 1, 2, 3, 2, 1, 4, 0, 0, 1, 3, 2, 1, 1, 4, 0, 2, 1, 2, 0, 4, 1, 1, 4, 0, 3, 2, 1, 4, 4, 1, 2, 1, 1, 3, 1, 1, 2, 2, 0, 2, 2, 2, 3, 4, 3, 0, 3, 0, 0, 4, 0, 2, 4, 1, 4, 1, 3, 1, 2, 4, 4, 1, 0, 2, 1, 4, 1, 1, 1, 2, 2, 2, 2, 2, 1, 1, 1, 1, 3, 2, 1, 1, 1, 0, 2]|[1, 0, 0, 1, 0, 0, 0, 0, 1, 0, 0, 0, 1, 0, 1, 0, 0, 2, 1, 0, 1, 0, 0, 0, 2, 2, 0, 0, 0, 0, 0, 0, 0, 0, 3, 0, 0, 3, 0, 2, 0, 0, 1, 3, 0, 0, 1, 0, 2, 0, 0, 1, 0, 3, 0, 0, 1, 0, 2, 1, 0, 2, 0, 0, 2, 0, 1, 0, 0, 2, 0, 0, 1, 0, 3, 2, 0, 1, 1, 0, 1, 0, 0, 0, 0, 1, 0, 0, 1, 0, 3, 1, 1, 0, 0, 0, 0, 0, 0, 1],1103.795774281678,56827.39228694975,141895.87706454445,false
2,G3_TWC,G3_TWC,[2, 31, 22, 82, 15, 26, 9, 95, 42, 75, 12, 40, 99, 24, 38, 79, 30, 85, 63, 18, 44, 20, 49, 36, 4, 91, 76, 10, 54, 21, 45, 71, 64, 3, 23, 17, 83, 93, 41, 60, 52, 65, 13, 86, 46, 39, 87, 74, 98, 5, 68, 70, 1, 78, 58, 47, 59, 28, 8, 73, 37, 35, 90, 11, 66, 25, 48, 88, 69, 56, 6, 97, 61, 89, 84, 72, 14, 96, 34, 92, 57, 43, 51, 53, 80, 67, 50, 27, 19, 81, 29, 16, 0, 32, 7, 55, 33, 94, 62, 77]|[2, 2, 2, 0, 2, 2, 0, 1, 2, 2, 1, 2, 2, 2, 1, 1, 2, 0, 1, 0, 2, 1, 1, 1, 1, 0, 1, 1, 0, 1, 2, 0, 0, 0, 0, 1, 2, 2, 2, 2, 1, 0, 0, 0, 0, 0, 2, 1, 0, 1, 0, 1, 1, 2, 1, 2, 0, 1, 1, 2, 1, 1, 1, 1, 2, 1, 0, 1, 0, 1, 1, 1, 1, 1, 1, 1, 2, 1, 1, 2, 0, 1, 0, 0, 0, 1, 2, 0, 2, 2, 1, 1, 0, 1, 2, 0, 0, 2, 1, 0]|[1, 0, 2, 1, 0, 2, 2, 3, 2, 2, 4, 0, 1, 2, 4, 2, 1, 2, 3, 2, 1, 4, 3, 4, 2, 1, 2, 3, 1, 3, 0, 2, 1, 2, 2, 4, 1, 1, 2, 0, 1, 2, 1, 1, 2, 2, 2, 3, 2, 3, 2, 4, 3, 2, 0, 0, 1, 2, 3, 2, 4, 4, 4, 4, 0, 4, 0, 2, 1, 1, 4, 3, 3, 2, 1, 1, 1, 3, 1, 2, 0, 1, 0, 2, 1, 4, 1, 1, 0, 2, 3, 4, 2, 4, 1, 2, 2, 0, 1, 2]|[1, 0, 0, 0, 0, 0, 1, 0, 0, 1, 0, 0, 0, 1, 0, 0, 0, 0, 2, 1, 0, 1, 2, 2, 3, 0, 2, 3, 0, 0, 0, 0, 0, 0, 0, 3, 0, 1, 0, 1, 1, 0, 0, 0, 0, 1, 0, 1, 1, 2, 1, 3, 2, 0, 3, 0, 0, 3, 0, 1, 3, 1, 1, 2, 0, 3, 0, 1, 0, 0, 2, 0, 0, 1, 3, 0, 0, 2, 1, 0, 1, 3, 0, 1, 0, 1, 0, 0, 0, 1, 0, 1, 0, 3, 0, 1, 1, 0, 1, 0],1113.4394736101226,58291.529051966456,133658.12078990132,false
2,G1_CMAX,G4_BALANCED,[31, 22, 82, 15, 26, 9, 95, 42, 77, 4, 47, 5, 93, 78, 86, 54, 85, 63, 18, 44, 20, 49, 36, 14, 48, 50, 53, 17, 21, 45, 71, 64, 3, 23, 30, 83, 24, 41, 60, 52, 65, 27, 90, 70, 39, 87, 74, 69, 99, 68, 46, 1, 38, 58, 97, 59, 28, 8, 73, 37, 35, 79, 11, 66, 94, 32, 72, 13, 34, 6, 80, 61, 89, 92, 25, 62, 2, 98, 91, 43, 16, 67, 29, 84, 12, 19, 57, 75, 0, 81, 51, 40, 10, 55, 33, 96, 7, 76, 88, 56]|[0, 1, 2, 1, 1, 2, 2, 0, 1, 1, 1, 1, 2, 1, 1, 0, 0, 0, 0, 2, 2, 1, 0, 2, 1, 2, 0, 2, 0, 1, 1, 1, 0, 0, 0, 0, 2, 1, 2, 2, 0, 0, 1, 1, 0, 2, 0, 2, 1, 0, 0, 2, 2, 1, 2, 0, 2, 1, 1, 0, 2, 0, 2, 2, 1, 1, 1, 1, 1, 1, 0, 1, 1, 2, 1, 2, 2, 0, 0, 1, 0, 1, 0, 1, 1, 2, 1, 1, 0, 0, 0, 2, 1, 1, 0, 0, 2, 2, 1, 0]|[1, 3, 0, 2, 4, 1, 1, 0, 2, 4, 2, 3, 1, 4, 2, 1, 1, 1, 2, 1, 2, 3, 0, 1, 1, 1, 2, 1, 1, 0, 3, 2, 2, 0, 1, 2, 1, 4, 0, 1, 0, 1, 4, 4, 1, 2, 0, 2, 3, 1, 2, 1, 2, 0, 1, 2, 0, 3, 0, 1, 2, 1, 0, 0, 4, 3, 2, 4, 2, 4, 1, 3, 1, 2, 4, 2, 1, 1, 1, 1, 2, 3, 0, 4, 4, 0, 3, 1, 2, 1, 0, 0, 1, 3, 2, 2, 1, 1, 1, 0]|[1, 2, 0, 1, 3, 0, 0, 0, 0, 0, 2, 2, 1, 0, 1, 0, 0, 0, 1, 0, 0, 2, 0, 0, 1, 0, 1, 0, 0, 1, 0, 2, 0, 0, 0, 0, 1, 3, 1, 0, 1, 0, 1, 3, 0, 0, 1, 0, 2, 0, 0, 1, 0, 3, 1, 0, 0, 0, 1, 0, 0, 0, 0, 0, 2, 0, 1, 0, 3, 2, 0, 0, 1, 0, 3, 0, 0, 0, 0, 3, 1, 0, 0, 1, 0, 0, 0, 3, 0, 1, 0, 0, 1, 0, 1, 0, 0, 0, 0, 1],914.8585186615396,57911.03353665143,135314.9628014586,true
2,G4_BALANCED,G4_BALANCED,[31, 22, 82, 15, 26, 9, 95, 42, 77, 4, 47, 5, 93, 78, 86, 54, 85, 63, 18, 44, 20, 49, 36, 14, 48, 50, 53, 17, 21, 45, 71, 64, 3, 23, 30, 83, 24, 41, 60, 52, 65, 27, 90, 70, 39, 87, 74, 69, 99, 68, 46, 1, 38, 58, 97, 59, 28, 8, 73, 37, 35, 79, 11, 66, 94, 32, 72, 13, 34, 6, 80, 61, 89, 92, 25, 62, 2, 98, 91, 43, 16, 67, 29, 40, 96, 56, 10, 0, 55, 81, 76, 19, 84, 12, 33, 75, 7, 88, 51, 57]|[0, 2, 2, 1, 1, 2, 2, 0, 1, 1, 1, 0, 2, 1, 1, 0, 0, 0, 0, 2, 2, 1, 0, 2, 1, 2, 0, 2, 0, 1, 1, 0, 0, 0, 1, 0, 2, 1, 2, 2, 0, 0, 1, 1, 0, 2, 0, 2, 1, 0, 0, 2, 2, 1, 2, 0, 2, 1, 1, 1, 2, 1, 2, 2, 1, 2, 1, 1, 1, 1, 0, 1, 1, 2, 1, 2, 2, 0, 0, 1, 1, 1, 1, 2, 0, 0, 1, 0, 1, 2, 2, 2, 1, 1, 0, 0, 0, 1, 0, 0]|[1, 1, 0, 2, 4, 1, 1, 0, 2, 4, 2, 2, 1, 4, 2, 1, 1, 1, 2, 1, 1, 3, 0, 1, 1, 1, 2, 1, 1, 0, 3, 1, 2, 0, 4, 2, 1, 4, 0, 1, 0, 1, 4, 4, 1, 2, 0, 2, 3, 1, 2, 1, 2, 0, 1, 2, 0, 3, 0, 3, 2, 3, 0, 0, 4, 1, 2, 4, 2, 4, 1, 3, 1, 2, 4, 2, 1, 1, 2, 1, 4, 3, 3, 0, 2, 0, 1, 2, 3, 2, 1, 0, 1, 4, 2, 2, 2, 1, 0, 0]|[1, 1, 0, 1, 3, 0, 0, 0, 0, 0, 2, 0, 1, 0, 1, 0, 0, 0, 1, 0, 0, 2, 0, 0, 1, 0, 1, 0, 0, 1, 0, 0, 0, 0, 3, 0, 1, 3, 1, 0, 1, 0, 1, 3, 0, 0, 1, 0, 2, 0, 0, 1, 0, 3, 1, 0, 0, 0, 1, 1, 0, 2, 0, 0, 2, 0, 1, 0, 3, 2, 0, 0, 1, 0, 3, 0, 0, 0, 1, 3, 1, 0, 0, 0, 0, 1, 1, 0, 0, 1, 0, 0, 3, 0, 1, 0, 0, 0, 0, 1],998.3735939713697,57848.666068543775,138465.97105309248,false
2,G2_TEC,G2_TEC,[45, 1, 62, 78, 41, 39, 32, 87, 75, 12, 40, 99, 24, 38, 79, 30, 85, 63, 18, 44, 20, 49, 36, 14, 48, 76, 10, 54, 21, 31, 71, 64, 3, 23, 17, 83, 93, 26, 60, 52, 65, 27, 90, 70, 9, 42, 74, 69, 5, 68, 46, 22, 15, 58, 47, 59, 28, 8, 73, 37, 35, 86, 11, 66, 94, 95, 72, 13, 56, 6, 80, 61, 89, 92, 25, 34, 91, 57, 53, 2, 16, 88, 29, 50, 96, 19, 77, 0, 55, 98, 43, 33, 84, 4, 97, 82, 7, 67, 51, 81]|[0, 2, 2, 1, 2, 2, 0, 2, 0, 1, 2, 0, 2, 1, 1, 0, 0, 1, 0, 2, 1, 2, 0, 2, 1, 1, 2, 2, 1, 1, 0, 0, 0, 0, 1, 0, 0, 1, 1, 1, 0, 0, 1, 1, 0, 2, 0, 2, 1, 0, 2, 1, 2, 1, 2, 0, 2, 1, 1, 1, 1, 1, 2, 2, 1, 0, 1, 1, 1, 1, 0, 1, 1, 2, 1, 1, 0, 0, 0, 2, 1, 1, 0, 2, 0, 2, 0, 0, 0, 0, 1, 2, 0, 1, 2, 0, 2, 0, 0, 2]|[1, 2, 0, 2, 2, 1, 2, 2, 1, 4, 0, 2, 1, 4, 4, 1, 2, 3, 2, 1, 4, 0, 0, 1, 3, 2, 1, 1, 4, 0, 2, 1, 2, 0, 4, 1, 1, 4, 0, 3, 2, 1, 4, 4, 1, 2, 1, 1, 3, 1, 1, 2, 2, 0, 2, 2, 2, 3, 4, 3, 0, 3, 0, 0, 4, 0, 2, 4, 1, 4, 1, 3, 1, 2, 4, 4, 1, 0, 2, 1, 4, 1, 1, 1, 2, 2, 2, 2, 2, 1, 1, 1, 1, 3, 2, 1, 1, 1, 0, 2]|[1, 0, 0, 1, 0, 0, 0, 0, 1, 0, 0, 0, 1, 0, 1, 0, 0, 2, 1, 0, 1, 0, 0, 0, 2, 2, 0, 0, 0, 0, 0, 0, 0, 0, 3, 0, 0, 3, 0, 2, 0, 0, 1, 3, 0, 0, 1, 0, 2, 0, 0, 1, 0, 3, 0, 0, 1, 0, 2, 1, 0, 2, 0, 0, 2, 0, 1, 0, 0, 2, 0, 0, 1, 0, 3, 2, 0, 1, 1, 0, 1, 0, 0, 0, 0, 1, 0, 0, 1, 0, 3, 1, 1, 0, 0, 0, 0, 0, 0, 1],1103.795774281678,56827.39228694975,141895.87706454445,false
2,G3_TWC,G1_CMAX,[31, 22, 41, 88, 82, 34, 49, 58, 9, 71, 96, 29, 35, 26, 2, 95, 89, 79, 4, 16, 19, 81, 48, 27, 62, 42, 70, 37, 92, 72, 84, 80, 66, 11, 55, 61, 59, 39, 14, 28, 74, 53, 13, 8, 51, 38, 77, 46, 18, 67, 69, 50, 56, 65, 40, 15, 93, 6, 36, 60, 98, 24, 33, 83, 17, 23, 1, 64, 45, 21, 30, 10, 76, 91, 97, 32, 43, 20, 44, 68, 63, 85, 99, 54, 86, 78, 57, 5, 47, 75, 87, 90, 3, 25, 7, 94, 52, 12, 0, 73]|[0, 2, 2, 2, 2, 1, 1, 0, 0, 1, 1, 1, 0, 0, 2, 1, 1, 2, 1, 1, 1, 0, 1, 0, 0, 2, 1, 1, 2, 2, 1, 0, 0, 1, 0, 1, 1, 1, 2, 1, 0, 2, 0, 2, 0, 2, 2, 0, 0, 0, 0, 2, 1, 0, 2, 2, 1, 1, 1, 2, 0, 0, 0, 0, 1, 2, 2, 0, 2, 1, 1, 0, 2, 1, 2, 1, 1, 2, 2, 0, 1, 0, 0, 2, 1, 2, 1, 0, 1, 2, 0, 1, 0, 1, 1, 1, 1, 1, 0, 1]|[0, 1, 1, 0, 1, 0, 2, 1, 2, 3, 3, 3, 1, 1, 1, 1, 1, 0, 2, 3, 2, 1, 0, 1, 2, 2, 4, 4, 2, 0, 1, 1, 2, 4, 2, 3, 2, 3, 1, 2, 1, 2, 2, 2, 0, 2, 1, 1, 2, 1, 1, 1, 1, 0, 1, 1, 1, 4, 4, 0, 1, 1, 2, 0, 4, 0, 2, 1, 0, 3, 1, 2, 1, 3, 2, 0, 1, 2, 1, 1, 3, 2, 2, 1, 4, 0, 2, 2, 4, 2, 1, 3, 2, 4, 1, 4, 1, 0, 0, 4]|[1, 0, 0, 0, 0, 3, 1, 0, 0, 0, 2, 0, 0, 1, 1, 1, 1, 0, 3, 2, 2, 1, 1, 0, 1, 0, 3, 3, 0, 1, 3, 0, 1, 2, 1, 0, 1, 1, 0, 1, 1, 0, 0, 0, 0, 0, 0, 0, 1, 0, 1, 0, 0, 1, 0, 0, 1, 2, 2, 1, 0, 0, 1, 0, 3, 0, 0, 0, 0, 0, 1, 1, 0, 2, 1, 0, 3, 0, 0, 0, 2, 0, 0, 0, 1, 0, 1, 0, 0, 1, 1, 2, 0, 3, 2, 2, 1, 0, 1, 0],822.6531355047626,61441.46720478758,124898.69890715397,true
2,G1_CMAX,G4_BALANCED,[31, 22, 82, 15, 26, 9, 95, 42, 77, 4, 47, 5, 93, 78, 86, 54, 85, 63, 18, 44, 20, 49, 36, 14, 48, 50, 53, 17, 21, 45, 71, 64, 3, 23, 30, 83, 24, 41, 60, 52, 65, 27, 90, 70, 39, 87, 74, 69, 99, 68, 46, 1, 38, 58, 97, 59, 28, 8, 73, 37, 35, 79, 11, 66, 94, 32, 72, 13, 34, 6, 80, 61, 89, 92, 25, 62, 2, 98, 91, 43, 16, 67, 29, 84, 12, 19, 57, 75, 0, 81, 51, 40, 10, 55, 33, 96, 7, 76, 88, 56]|[0, 1, 2, 1, 1, 2, 2, 0, 1, 1, 1, 1, 2, 1, 1, 0, 0, 0, 0, 2, 2, 1, 0, 2, 1, 2, 0, 2, 0, 1, 1, 1, 0, 0, 0, 0, 2, 1, 2, 2, 0, 0, 1, 1, 0, 2, 0, 2, 1, 0, 0, 2, 2, 1, 2, 0, 2, 1, 1, 0, 2, 0, 2, 2, 1, 1, 1, 1, 1, 1, 0, 1, 1, 2, 1, 2, 2, 0, 0, 1, 0, 1, 0, 1, 1, 2, 1, 1, 0, 0, 0, 2, 1, 1, 0, 0, 2, 2, 1, 0]|[1, 3, 0, 2, 4, 1, 1, 0, 2, 4, 2, 3, 1, 4, 2, 1, 1, 1, 2, 1, 2, 3, 0, 1, 1, 1, 2, 1, 1, 0, 3, 2, 2, 0, 1, 2, 1, 4, 0, 1, 0, 1, 4, 4, 1, 2, 0, 2, 3, 1, 2, 1, 2, 0, 1, 2, 0, 3, 0, 1, 2, 1, 0, 0, 4, 3, 2, 4, 2, 4, 1, 3, 1, 2, 4, 2, 1, 1, 1, 1, 2, 3, 0, 4, 4, 0, 3, 1, 2, 1, 0, 0, 1, 3, 2, 2, 1, 1, 1, 0]|[1, 2, 0, 1, 3, 0, 0, 0, 0, 0, 2, 2, 1, 0, 1, 0, 0, 0, 1, 0, 0, 2, 0, 0, 1, 0, 1, 0, 0, 1, 0, 2, 0, 0, 0, 0, 1, 3, 1, 0, 1, 0, 1, 3, 0, 0, 1, 0, 2, 0, 0, 1, 0, 3, 1, 0, 0, 0, 1, 0, 0, 0, 0, 0, 2, 0, 1, 0, 3, 2, 0, 0, 1, 0, 3, 0, 0, 0, 0, 3, 1, 0, 0, 1, 0, 0, 0, 3, 0, 1, 0, 0, 1, 0, 1, 0, 0, 0, 0, 1],914.8585186615396,57911.03353665143,135314.9628014586,true
2,G4_BALANCED,G1_CMAX,[31, 22, 82, 15, 26, 9, 95, 42, 77, 4, 47, 5, 93, 78, 86, 54, 85, 63, 18, 44, 20, 49, 36, 14, 48, 50, 53, 17, 21, 45, 71, 64, 3, 23, 30, 83, 24, 41, 60, 52, 65, 27, 90, 70, 39, 87, 74, 69, 99, 68, 46, 1, 38, 58, 97, 59, 28, 8, 73, 37, 35, 79, 11, 66, 94, 32, 72, 13, 34, 6, 80, 61, 89, 92, 25, 62, 2, 98, 91, 43, 56, 29, 16, 19, 55, 57, 84, 7, 51, 10, 88, 75, 76, 12, 0, 67, 96, 33, 40, 81]|[0, 1, 2, 1, 1, 2, 2, 0, 0, 1, 1, 1, 2, 1, 1, 0, 0, 1, 0, 2, 2, 1, 0, 2, 2, 2, 0, 2, 0, 1, 1, 0, 0, 0, 0, 0, 2, 1, 2, 2, 0, 0, 1, 1, 0, 2, 0, 2, 0, 0, 0, 2, 1, 1, 2, 0, 2, 1, 1, 1, 2, 1, 2, 2, 1, 2, 1, 1, 2, 1, 0, 1, 1, 2, 1, 0, 2, 0, 0, 0, 1, 0, 0, 2, 1, 0, 1, 1, 0, 1, 1, 1, 1, 1, 0, 1, 2, 0, 2, 1]|[1, 3, 0, 2, 4, 1, 1, 0, 1, 4, 2, 3, 1, 4, 2, 1, 1, 3, 2, 1, 1, 3, 0, 1, 0, 1, 2, 1, 1, 0, 3, 1, 2, 0, 1, 2, 1, 4, 0, 1, 0, 1, 2, 4, 1, 2, 0, 1, 2, 1, 2, 1, 4, 0, 1, 2, 0, 3, 0, 3, 2, 2, 0, 0, 4, 1, 2, 4, 1, 4, 1, 3, 1, 2, 4, 2, 1, 0, 0, 1, 1, 1, 2, 0, 3, 1, 1, 2, 0, 1, 1, 1, 2, 4, 2, 3, 1, 2, 0, 1]|[1, 2, 0, 1, 3, 0, 0, 0, 1, 0, 2, 2, 1, 0, 1, 0, 0, 2, 1, 0, 0, 2, 0, 0, 0, 0, 1, 0, 0, 1, 0, 0, 0, 0, 0, 0, 1, 3, 1, 0, 1, 0, 1, 3, 0, 0, 1, 0, 0, 0, 0, 1, 0, 3, 1, 0, 0, 0, 1, 1, 0, 1, 0, 0, 2, 0, 1, 0, 0, 2, 0, 0, 1, 0, 3, 1, 0, 0, 1, 1, 0, 0, 1, 0, 0, 0, 3, 1, 0, 1, 0, 3, 2, 0, 0, 0, 0, 1, 0, 1],940.0529358499344,57633.66776423191,136347.53243051886,true
2,G2_TEC,G4_BALANCED,[31, 22, 82, 15, 26, 9, 95, 42, 77, 4, 47, 5, 93, 78, 86, 54, 85, 63, 18, 44, 20, 49, 36, 14, 48, 50, 53, 17, 21, 45, 71, 64, 3, 23, 30, 83, 24, 41, 60, 52, 65, 27, 90, 70, 39, 87, 74, 69, 99, 68, 46, 1, 38, 58, 97, 59, 28, 8, 73, 37, 35, 79, 11, 66, 94, 32, 72, 13, 56, 6, 80, 61, 89, 92, 25, 34, 91, 57, 10, 7, 96, 88, 84, 19, 51, 33, 75, 62, 98, 29, 40, 2, 76, 12, 43, 67, 0, 55, 81, 16]|[0, 2, 2, 1, 1, 2, 0, 2, 0, 1, 2, 0, 2, 1, 1, 0, 0, 0, 0, 2, 2, 1, 0, 2, 2, 1, 2, 2, 1, 1, 0, 0, 0, 0, 1, 0, 0, 1, 2, 1, 0, 0, 1, 1, 0, 2, 0, 2, 1, 0, 0, 2, 2, 1, 2, 0, 2, 1, 1, 1, 2, 1, 2, 2, 2, 0, 1, 1, 1, 1, 0, 1, 1, 2, 1, 1, 0, 0, 1, 2, 0, 1, 0, 2, 0, 0, 0, 0, 1, 0, 2, 2, 2, 1, 1, 1, 0, 1, 2, 1]|[1, 2, 0, 2, 4, 1, 0, 2, 1, 4, 0, 2, 1, 4, 2, 1, 2, 1, 2, 1, 2, 3, 0, 1, 0, 2, 1, 1, 4, 0, 2, 2, 2, 0, 4, 1, 1, 4, 0, 3, 2, 1, 4, 4, 1, 2, 0, 2, 3, 1, 2, 1, 2, 0, 1, 2, 0, 3, 4, 3, 2, 3, 0, 0, 1, 0, 2, 4, 1, 4, 1, 3, 1, 2, 4, 4, 1, 0, 1, 1, 2, 1, 1, 2, 0, 2, 2, 2, 4, 2, 0, 1, 1, 3, 1, 3, 2, 4, 2, 4]|[1, 0, 0, 1, 3, 0, 0, 0, 1, 0, 0, 0, 1, 0, 1, 0, 0, 0, 1, 0, 0, 2, 0, 0, 0, 2, 0, 0, 0, 1, 0, 0, 0, 0, 3, 0, 0, 3, 1, 2, 0, 0, 1, 3, 0, 0, 1, 0, 2, 0, 0, 1, 0, 3, 1, 0, 0, 0, 2, 1, 0, 2, 0, 0, 0, 0, 1, 0, 0, 2, 0, 0, 1, 0, 3, 2, 0, 1, 1, 0, 0, 0, 1, 1, 0, 1, 0, 1, 2, 1, 0, 0, 0, 0, 3, 0, 0, 2, 1, 1],955.1567374775325,56597.6173879702,136714.70163577824,true
2,G3_TWC,G1_CMAX,[31, 22, 82, 15, 26, 9, 95, 42, 77, 4, 47, 5, 93, 78, 86, 54, 85, 63, 18, 44, 20, 49, 36, 14, 48, 50, 53, 17, 59, 35, 1, 96, 45, 71, 81, 56, 8, 30, 38, 43, 6, 57, 40, 88, 65, 83, 76, 69, 46, 68, 99, 75, 60, 94, 79, 21, 28, 24, 73, 37, 3, 90, 11, 66, 58, 74, 72, 67, 92, 2, 52, 61, 84, 13, 25, 62, 97, 12, 10, 23, 87, 70, 51, 39, 98, 32, 7, 89, 29, 91, 41, 16, 80, 33, 64, 27, 55, 0, 34, 19]|[0, 2, 0, 0, 1, 2, 0, 0, 0, 1, 1, 2, 2, 1, 1, 0, 0, 1, 0, 2, 2, 1, 1, 2, 2, 2, 0, 2, 1, 0, 0, 0, 0, 0, 2, 1, 2, 0, 0, 1, 0, 0, 2, 1, 0, 0, 0, 0, 2, 0, 1, 0, 1, 1, 2, 2, 1, 0, 1, 1, 0, 2, 1, 2, 1, 2, 1, 0, 0, 0, 1, 1, 1, 0, 0, 0, 0, 1, 2, 0, 2, 0, 0, 2, 0, 1, 2, 1, 1, 0, 0, 1, 1, 2, 1, 0, 0, 0, 1, 0]|[1, 1, 1, 1, 4, 1, 0, 0, 1, 2, 2, 1, 1, 4, 2, 1, 2, 3, 1, 1, 2, 3, 1, 1, 0, 1, 2, 1, 2, 1, 2, 2, 2, 2, 2, 1, 2, 1, 1, 1, 2, 2, 0, 1, 1, 2, 1, 2, 1, 1, 4, 2, 4, 0, 0, 1, 2, 1, 4, 3, 2, 2, 4, 0, 4, 0, 2, 1, 0, 2, 1, 3, 1, 0, 1, 2, 2, 3, 2, 2, 2, 0, 0, 1, 1, 3, 1, 1, 3, 1, 1, 4, 4, 1, 3, 1, 2, 1, 2, 2]|[1, 1, 0, 1, 3, 0, 0, 0, 1, 3, 2, 0, 1, 0, 0, 0, 0, 2, 0, 0, 0, 2, 3, 0, 0, 0, 1, 0, 1, 1, 0, 0, 0, 0, 1, 0, 1, 0, 1, 3, 0, 0, 0, 0, 0, 0, 0, 1, 0, 0, 3, 0, 0, 3, 0, 0, 1, 0, 2, 1, 0, 0, 2, 0, 2, 0, 1, 0, 1, 0, 1, 0, 3, 1, 1, 1, 0, 0, 0, 0, 0, 0, 0, 1, 0, 0, 0, 1, 0, 0, 1, 1, 2, 1, 2, 0, 1, 1, 3, 0],1168.188716805558,60304.10190078798,118828.30031044192,true
2,G1_CMAX,G4_BALANCED,[31, 22, 82, 15, 26, 9, 95, 42, 77, 4, 47, 5, 93, 78, 86, 54, 85, 63, 18, 44, 20, 49, 36, 14, 48, 50, 53, 17, 21, 45, 71, 64, 3, 23, 30, 83, 24, 41, 60, 52, 65, 27, 90, 70, 39, 87, 74, 69, 99, 68, 46, 1, 38, 58, 97, 59, 28, 8, 73, 37, 35, 79, 11, 66, 94, 32, 72, 13, 34, 6, 80, 61, 89, 92, 25, 62, 2, 98, 91, 43, 16, 67, 29, 84, 12, 19, 57, 75, 0, 81, 51, 40, 10, 55, 33, 96, 7, 76, 88, 56]|[0, 1, 2, 1, 1, 2, 2, 0, 1, 1, 1, 1, 2, 1, 1, 0, 0, 0, 0, 2, 2, 1, 0, 2, 1, 2, 0, 2, 0, 1, 1, 1, 0, 0, 0, 0, 2, 1, 2, 2, 0, 0, 1, 1, 0, 2, 0, 2, 1, 0, 0, 2, 2, 1, 2, 0, 2, 1, 1, 0, 2, 0, 2, 2, 1, 1, 1, 1, 1, 1, 0, 1, 1, 2, 1, 2, 2, 0, 0, 1, 0, 1, 0, 1, 1, 2, 1, 1, 0, 0, 0, 2, 1, 1, 0, 0, 2, 2, 1, 0]|[1, 3, 0, 2, 4, 1, 1, 0, 2, 4, 2, 3, 1, 4, 2, 1, 1, 1, 2, 1, 2, 3, 0, 1, 1, 1, 2, 1, 1, 0, 3, 2, 2, 0, 1, 2, 1, 4, 0, 1, 0, 1, 4, 4, 1, 2, 0, 2, 3, 1, 2, 1, 2, 0, 1, 2, 0, 3, 0, 1, 2, 1, 0, 0, 4, 3, 2, 4, 2, 4, 1, 3, 1, 2, 4, 2, 1, 1, 1, 1, 2, 3, 0, 4, 4, 0, 3, 1, 2, 1, 0, 0, 1, 3, 2, 2, 1, 1, 1, 0]|[1, 2, 0, 1, 3, 0, 0, 0, 0, 0, 2, 2, 1, 0, 1, 0, 0, 0, 1, 0, 0, 2, 0, 0, 1, 0, 1, 0, 0, 1, 0, 2, 0, 0, 0, 0, 1, 3, 1, 0, 1, 0, 1, 3, 0, 0, 1, 0, 2, 0, 0, 1, 0, 3, 1, 0, 0, 0, 1, 0, 0, 0, 0, 0, 2, 0, 1, 0, 3, 2, 0, 0, 1, 0, 3, 0, 0, 0, 0, 3, 1, 0, 0, 1, 0, 0, 0, 3, 0, 1, 0, 0, 1, 0, 1, 0, 0, 0, 0, 1],914.8585186615396,57911.03353665143,135314.9628014586,true
2,G4_BALANCED,G1_CMAX,[31, 22, 82, 15, 26, 9, 95, 42, 77, 4, 47, 5, 93, 78, 86, 54, 85, 63, 18, 44, 20, 49, 36, 14, 48, 50, 53, 17, 21, 45, 71, 64, 3, 23, 30, 83, 24, 41, 60, 52, 65, 27, 90, 70, 39, 87, 74, 69, 99, 68, 46, 1, 38, 58, 97, 59, 28, 8, 73, 37, 35, 79, 11, 66, 94, 32, 72, 13, 34, 6, 80, 61, 89, 92, 25, 62, 2, 98, 91, 43, 56, 29, 16, 19, 55, 57, 84, 7, 51, 10, 88, 75, 76, 12, 0, 67, 96, 33, 40, 81]|[0, 1, 2, 1, 1, 2, 2, 0, 0, 1, 1, 1, 2, 1, 1, 0, 0, 1, 0, 2, 2, 1, 0, 2, 2, 2, 0, 2, 0, 1, 1, 0, 0, 0, 0, 0, 2, 1, 2, 2, 0, 0, 1, 1, 0, 2, 0, 2, 0, 0, 0, 2, 1, 1, 2, 0, 2, 1, 1, 1, 2, 1, 2, 2, 1, 2, 1, 1, 2, 1, 0, 1, 1, 2, 1, 0, 2, 0, 0, 0, 1, 0, 0, 2, 1, 0, 1, 1, 0, 1, 1, 1, 1, 1, 0, 1, 2, 0, 2, 1]|[1, 3, 0, 2, 4, 1, 1, 0, 1, 4, 2, 3, 1, 4, 2, 1, 1, 3, 2, 1, 1, 3, 0, 1, 0, 1, 2, 1, 1, 0, 3, 1, 2, 0, 1, 2, 1, 4, 0, 1, 0, 1, 2, 4, 1, 2, 0, 1, 2, 1, 2, 1, 4, 0, 1, 2, 0, 3, 0, 3, 2, 2, 0, 0, 4, 1, 2, 4, 1, 4, 1, 3, 1, 2, 4, 2, 1, 0, 0, 1, 1, 1, 2, 0, 3, 1, 1, 2, 0, 1, 1, 1, 2, 4, 2, 3, 1, 2, 0, 1]|[1, 2, 0, 1, 3, 0, 0, 0, 1, 0, 2, 2, 1, 0, 1, 0, 0, 2, 1, 0, 0, 2, 0, 0, 0, 0, 1, 0, 0, 1, 0, 0, 0, 0, 0, 0, 1, 3, 1, 0, 1, 0, 1, 3, 0, 0, 1, 0, 0, 0, 0, 1, 0, 3, 1, 0, 0, 0, 1, 1, 0, 1, 0, 0, 2, 0, 1, 0, 0, 2, 0, 0, 1, 0, 3, 1, 0, 0, 1, 1, 0, 0, 1, 0, 0, 0, 3, 1, 0, 1, 0, 3, 2, 0, 0, 0, 0, 1, 0, 1],940.0529358499344,57633.66776423191,136347.53243051886,true
2,G2_TEC,G4_BALANCED,[31, 22, 82, 15, 26, 9, 95, 42, 77, 4, 47, 5, 93, 78, 86, 54, 85, 63, 18, 44, 20, 49, 36, 14, 48, 50, 53, 17, 21, 45, 71, 64, 3, 23, 30, 83, 24, 41, 60, 52, 65, 27, 90, 70, 39, 87, 74, 69, 99, 68, 46, 1, 38, 58, 97, 59, 28, 8, 73, 37, 35, 79, 11, 66, 94, 32, 72, 13, 56, 6, 80, 61, 89, 92, 25, 34, 91, 57, 10, 7, 96, 88, 84, 19, 51, 33, 75, 62, 98, 29, 40, 2, 76, 12, 43, 67, 0, 55, 81, 16]|[0, 2, 2, 1, 1, 2, 0, 2, 0, 1, 2, 0, 2, 1, 1, 0, 0, 0, 0, 2, 2, 1, 0, 2, 2, 1, 2, 2, 1, 1, 0, 0, 0, 0, 1, 0, 0, 1, 2, 1, 0, 0, 1, 1, 0, 2, 0, 2, 1, 0, 0, 2, 2, 1, 2, 0, 2, 1, 1, 1, 2, 1, 2, 2, 2, 0, 1, 1, 1, 1, 0, 1, 1, 2, 1, 1, 0, 0, 1, 2, 0, 1, 0, 2, 0, 0, 0, 0, 1, 0, 2, 2, 2, 1, 1, 1, 0, 1, 2, 1]|[1, 2, 0, 2, 4, 1, 0, 2, 1, 4, 0, 2, 1, 4, 2, 1, 2, 1, 2, 1, 2, 3, 0, 1, 0, 2, 1, 1, 4, 0, 2, 2, 2, 0, 4, 1, 1, 4, 0, 3, 2, 1, 4, 4, 1, 2, 0, 2, 3, 1, 2, 1, 2, 0, 1, 2, 0, 3, 4, 3, 2, 3, 0, 0, 1, 0, 2, 4, 1, 4, 1, 3, 1, 2, 4, 4, 1, 0, 1, 1, 2, 1, 1, 2, 0, 2, 2, 2, 4, 2, 0, 1, 1, 3, 1, 3, 2, 4, 2, 4]|[1, 0, 0, 1, 3, 0, 0, 0, 1, 0, 0, 0, 1, 0, 1, 0, 0, 0, 1, 0, 0, 2, 0, 0, 0, 2, 0, 0, 0, 1, 0, 0, 0, 0, 3, 0, 0, 3, 1, 2, 0, 0, 1, 3, 0, 0, 1, 0, 2, 0, 0, 1, 0, 3, 1, 0, 0, 0, 2, 1, 0, 2, 0, 0, 0, 0, 1, 0, 0, 2, 0, 0, 1, 0, 3, 2, 0, 1, 1, 0, 0, 0, 1, 1, 0, 1, 0, 1, 2, 1, 0, 0, 0, 0, 3, 0, 0, 2, 1, 1],955.1567374775325,56597.6173879702,136714.70163577824,true
2,G3_TWC,G3_TWC,[2, 31, 22, 82, 15, 26, 9, 95, 42, 75, 12, 40, 99, 24, 38, 79, 30, 85, 63, 18, 44, 20, 49, 36, 4, 91, 76, 10, 54, 21, 45, 71, 64, 3, 23, 17, 83, 93, 60, 52, 65, 48, 37, 55, 97, 70, 1, 87, 81, 33, 28, 47, 77, 0, 6, 57, 19, 88, 29, 39, 58, 86, 94, 25, 78, 98, 73, 32, 59, 43, 13, 89, 67, 62, 41, 51, 14, 56, 53, 8, 69, 27, 72, 90, 96, 16, 50, 80, 61, 34, 7, 11, 46, 66, 84, 35, 92, 5, 74, 68]|[2, 2, 2, 0, 0, 1, 0, 1, 2, 0, 1, 0, 0, 2, 0, 0, 2, 0, 0, 0, 1, 0, 0, 0, 2, 1, 1, 1, 1, 1, 0, 0, 2, 0, 0, 1, 0, 2, 1, 1, 1, 0, 1, 0, 0, 1, 2, 2, 0, 2, 2, 0, 2, 0, 1, 0, 2, 0, 0, 2, 1, 1, 2, 1, 2, 0, 1, 1, 0, 1, 0, 1, 0, 1, 2, 0, 2, 2, 2, 1, 2, 0, 2, 1, 1, 1, 2, 0, 1, 1, 2, 2, 0, 0, 1, 0, 2, 1, 1, 0]|[1, 2, 0, 1, 1, 2, 2, 2, 2, 0, 4, 2, 2, 2, 0, 1, 1, 2, 2, 2, 4, 1, 0, 0, 0, 2, 2, 3, 3, 3, 2, 2, 2, 2, 2, 4, 1, 1, 1, 1, 4, 0, 4, 2, 0, 4, 2, 2, 1, 2, 2, 2, 1, 2, 4, 0, 0, 2, 1, 1, 4, 3, 0, 4, 2, 2, 0, 3, 0, 1, 1, 1, 0, 1, 2, 0, 1, 1, 1, 4, 2, 1, 0, 4, 3, 4, 1, 1, 3, 1, 1, 0, 1, 2, 1, 1, 2, 3, 3, 2]|[1, 0, 0, 0, 0, 0, 1, 1, 0, 0, 0, 0, 0, 1, 1, 0, 0, 0, 1, 1, 1, 1, 0, 0, 0, 2, 2, 3, 0, 0, 0, 0, 0, 0, 0, 3, 0, 1, 1, 1, 3, 0, 3, 1, 0, 3, 0, 0, 1, 1, 1, 1, 0, 0, 2, 1, 0, 0, 0, 0, 3, 2, 0, 3, 1, 1, 1, 0, 0, 3, 0, 1, 1, 1, 0, 0, 1, 0, 0, 2, 0, 0, 1, 1, 2, 1, 0, 0, 0, 1, 0, 0, 0, 1, 3, 1, 0, 2, 1, 1],991.4406386691531,59159.860815616616,119898.7268312517,false
2,G1_CMAX,G4_BALANCED,[31, 22, 82, 15, 26, 9, 95, 42, 77, 4, 47, 5, 93, 78, 86, 54, 85, 63, 18, 44, 20, 49, 36, 14, 48, 50, 53, 17, 21, 45, 71, 64, 3, 23, 30, 83, 24, 41, 60, 52, 65, 27, 90, 70, 39, 87, 74, 69, 99, 68, 46, 1, 38, 58, 97, 59, 28, 8, 73, 37, 35, 79, 11, 66, 94, 32, 72, 13, 34, 6, 80, 61, 89, 92, 25, 62, 2, 98, 91, 43, 16, 67, 29, 84, 12, 19, 57, 75, 0, 81, 51, 40, 10, 55, 33, 96, 7, 76, 88, 56]|[0, 1, 2, 1, 1, 2, 2, 0, 1, 1, 1, 1, 2, 1, 1, 0, 0, 0, 0, 2, 2, 1, 0, 2, 1, 2, 0, 2, 0, 1, 1, 1, 0, 0, 0, 0, 2, 1, 2, 2, 0, 0, 1, 1, 0, 2, 0, 2, 1, 0, 0, 2, 2, 1, 2, 0, 2, 1, 1, 0, 2, 0, 2, 2, 1, 1, 1, 1, 1, 1, 0, 1, 1, 2, 1, 2, 2, 0, 0, 1, 0, 1, 0, 1, 1, 2, 1, 1, 0, 0, 0, 2, 1, 1, 0, 0, 2, 2, 1, 0]|[1, 3, 0, 2, 4, 1, 1, 0, 2, 4, 2, 3, 1, 4, 2, 1, 1, 1, 2, 1, 2, 3, 0, 1, 1, 1, 2, 1, 1, 0, 3, 2, 2, 0, 1, 2, 1, 4, 0, 1, 0, 1, 4, 4, 1, 2, 0, 2, 3, 1, 2, 1, 2, 0, 1, 2, 0, 3, 0, 1, 2, 1, 0, 0, 4, 3, 2, 4, 2, 4, 1, 3, 1, 2, 4, 2, 1, 1, 1, 1, 2, 3, 0, 4, 4, 0, 3, 1, 2, 1, 0, 0, 1, 3, 2, 2, 1, 1, 1, 0]|[1, 2, 0, 1, 3, 0, 0, 0, 0, 0, 2, 2, 1, 0, 1, 0, 0, 0, 1, 0, 0, 2, 0, 0, 1, 0, 1, 0, 0, 1, 0, 2, 0, 0, 0, 0, 1, 3, 1, 0, 1, 0, 1, 3, 0, 0, 1, 0, 2, 0, 0, 1, 0, 3, 1, 0, 0, 0, 1, 0, 0, 0, 0, 0, 2, 0, 1, 0, 3, 2, 0, 0, 1, 0, 3, 0, 0, 0, 0, 3, 1, 0, 0, 1, 0, 0, 0, 3, 0, 1, 0, 0, 1, 0, 1, 0, 0, 0, 0, 1],914.8585186615396,57911.03353665143,135314.9628014586,true
2,G4_BALANCED,G1_CMAX,[31, 22, 82, 15, 26, 9, 95, 42, 77, 4, 47, 5, 93, 78, 86, 54, 85, 63, 18, 44, 20, 49, 36, 14, 48, 50, 53, 17, 21, 45, 71, 64, 3, 23, 30, 83, 24, 41, 60, 52, 65, 27, 90, 70, 39, 87, 74, 69, 99, 68, 46, 1, 38, 58, 97, 59, 28, 8, 73, 37, 35, 79, 11, 66, 94, 32, 72, 13, 34, 6, 80, 61, 89, 92, 25, 62, 2, 98, 91, 43, 56, 29, 16, 19, 55, 57, 84, 7, 51, 10, 88, 75, 76, 12, 0, 67, 96, 33, 40, 81]|[0, 1, 2, 1, 1, 2, 2, 0, 0, 1, 1, 1, 2, 1, 1, 0, 0, 1, 0, 2, 2, 1, 0, 2, 2, 2, 0, 2, 0, 1, 1, 0, 0, 0, 0, 0, 2, 1, 2, 2, 0, 0, 1, 1, 0, 2, 0, 2, 0, 0, 0, 2, 1, 1, 2, 0, 2, 1, 1, 1, 2, 1, 2, 2, 1, 2, 1, 1, 2, 1, 0, 1, 1, 2, 1, 0, 2, 0, 0, 0, 1, 0, 0, 2, 1, 0, 1, 1, 0, 1, 1, 1, 1, 1, 0, 1, 2, 0, 2, 1]|[1, 3, 0, 2, 4, 1, 1, 0, 1, 4, 2, 3, 1, 4, 2, 1, 1, 3, 2, 1, 1, 3, 0, 1, 0, 1, 2, 1, 1, 0, 3, 1, 2, 0, 1, 2, 1, 4, 0, 1, 0, 1, 2, 4, 1, 2, 0, 1, 2, 1, 2, 1, 4, 0, 1, 2, 0, 3, 0, 3, 2, 2, 0, 0, 4, 1, 2, 4, 1, 4, 1, 3, 1, 2, 4, 2, 1, 0, 0, 1, 1, 1, 2, 0, 3, 1, 1, 2, 0, 1, 1, 1, 2, 4, 2, 3, 1, 2, 0, 1]|[1, 2, 0, 1, 3, 0, 0, 0, 1, 0, 2, 2, 1, 0, 1, 0, 0, 2, 1, 0, 0, 2, 0, 0, 0, 0, 1, 0, 0, 1, 0, 0, 0, 0, 0, 0, 1, 3, 1, 0, 1, 0, 1, 3, 0, 0, 1, 0, 0, 0, 0, 1, 0, 3, 1, 0, 0, 0, 1, 1, 0, 1, 0, 0, 2, 0, 1, 0, 0, 2, 0, 0, 1, 0, 3, 1, 0, 0, 1, 1, 0, 0, 1, 0, 0, 0, 3, 1, 0, 1, 0, 3, 2, 0, 0, 0, 0, 1, 0, 1],940.0529358499344,57633.66776423191,136347.53243051886,true
2,G2_TEC,G2_TEC,[45, 1, 62, 78, 41, 39, 32, 87, 75, 12, 40, 99, 24, 38, 79, 30, 85, 91, 18, 83, 90, 35, 43, 97, 63, 76, 10, 54, 21, 31, 71, 64, 3, 23, 17, 44, 93, 26, 60, 52, 65, 13, 20, 70, 9, 42, 74, 69, 5, 68, 46, 22, 15, 58, 47, 59, 28, 8, 73, 37, 49, 86, 11, 66, 25, 48, 72, 98, 80, 6, 56, 34, 14, 81, 92, 55, 16, 51, 29, 7, 96, 88, 84, 19, 57, 33, 77, 82, 27, 53, 95, 2, 50, 4, 36, 67, 0, 61, 94, 89]|[2, 2, 0, 2, 2, 2, 0, 2, 0, 1, 2, 0, 2, 1, 0, 0, 0, 1, 0, 0, 1, 1, 1, 2, 0, 1, 2, 1, 1, 0, 0, 0, 0, 1, 1, 0, 2, 1, 2, 1, 0, 1, 1, 2, 0, 1, 0, 0, 1, 0, 2, 1, 0, 1, 2, 0, 1, 1, 0, 2, 1, 1, 2, 2, 1, 0, 1, 0, 0, 1, 1, 0, 1, 0, 2, 0, 1, 0, 1, 2, 1, 1, 1, 2, 0, 2, 0, 0, 1, 0, 0, 2, 2, 1, 1, 1, 0, 1, 1, 1]|[0, 2, 2, 0, 2, 1, 2, 2, 1, 4, 0, 2, 2, 4, 1, 1, 2, 3, 2, 1, 4, 3, 4, 1, 1, 4, 1, 1, 3, 1, 0, 1, 2, 1, 1, 2, 1, 4, 0, 1, 0, 4, 2, 1, 1, 0, 1, 2, 3, 2, 1, 3, 1, 0, 0, 2, 2, 3, 0, 1, 3, 2, 0, 0, 4, 1, 2, 1, 1, 4, 0, 1, 0, 1, 2, 2, 4, 0, 3, 1, 3, 1, 1, 0, 0, 2, 2, 1, 4, 2, 0, 1, 1, 3, 4, 4, 1, 3, 4, 1]|[0, 0, 1, 0, 0, 0, 0, 0, 1, 0, 0, 0, 1, 0, 0, 0, 0, 2, 1, 0, 1, 2, 2, 0, 0, 2, 0, 1, 0, 1, 0, 0, 0, 1, 1, 0, 1, 3, 1, 1, 1, 0, 1, 0, 0, 0, 1, 1, 2, 0, 0, 2, 0, 3, 0, 0, 3, 0, 1, 0, 2, 1, 0, 0, 3, 0, 1, 0, 0, 2, 3, 0, 1, 1, 0, 1, 1, 0, 0, 0, 2, 0, 3, 0, 1, 0, 0, 0, 0, 1, 0, 0, 0, 0, 2, 1, 1, 0, 3, 1],990.1990391995199,59364.52865912288,128210.92461938676,false
2,G3_TWC,G4_BALANCED,[31, 22, 82, 15, 26, 9, 95, 42, 77, 4, 47, 5, 93, 78, 86, 54, 85, 63, 18, 44, 20, 49, 36, 14, 48, 50, 53, 17, 21, 45, 71, 64, 3, 23, 30, 83, 24, 41, 60, 52, 65, 27, 90, 70, 39, 87, 74, 69, 99, 68, 46, 1, 38, 58, 97, 59, 28, 8, 73, 37, 35, 79, 11, 66, 94, 32, 72, 13, 34, 6, 80, 61, 89, 92, 25, 62, 2, 98, 91, 43, 16, 67, 29, 84, 12, 19, 57, 75, 0, 81, 51, 40, 10, 55, 33, 96, 7, 76, 88, 56]|[0, 1, 2, 1, 1, 2, 2, 0, 1, 1, 1, 1, 2, 1, 1, 0, 0, 0, 0, 2, 2, 1, 0, 2, 1, 2, 0, 2, 0, 1, 1, 1, 0, 0, 0, 0, 2, 1, 2, 2, 0, 0, 1, 1, 0, 2, 0, 2, 1, 0, 0, 2, 2, 1, 2, 0, 2, 1, 1, 0, 2, 0, 2, 2, 1, 1, 1, 1, 1, 1, 0, 1, 1, 2, 1, 2, 2, 0, 0, 1, 0, 1, 0, 1, 1, 2, 1, 1, 0, 0, 0, 2, 1, 1, 0, 0, 2, 2, 1, 0]|[1, 3, 0, 2, 4, 1, 1, 0, 2, 4, 2, 3, 1, 4, 2, 1, 1, 1, 2, 1, 2, 3, 0, 1, 1, 1, 2, 1, 1, 0, 3, 2, 2, 0, 1, 2, 1, 4, 0, 1, 0, 1, 4, 4, 1, 2, 0, 2, 3, 1, 2, 1, 2, 0, 1, 2, 0, 3, 0, 1, 2, 1, 0, 0, 4, 3, 2, 4, 2, 4, 1, 3, 1, 2, 4, 2, 1, 1, 1, 1, 2, 3, 0, 4, 4, 0, 3, 1, 2, 1, 0, 0, 1, 3, 2, 2, 1, 1, 1, 0]|[1, 2, 0, 1, 3, 0, 0, 0, 0, 0, 2, 2, 1, 0, 1, 0, 0, 0, 1, 0, 0, 2, 0, 0, 1, 0, 1, 0, 0, 1, 0, 2, 0, 0, 0, 0, 1, 3, 1, 0, 1, 0, 1, 3, 0, 0, 1, 0, 2, 0, 0, 1, 0, 3, 1, 0, 0, 0, 1, 0, 0, 0, 0, 0, 2, 0, 1, 0, 3, 2, 0, 0, 1, 0, 3, 0, 0, 0, 0, 3, 1, 0, 0, 1, 0, 0, 0, 3, 0, 1, 0, 0, 1, 0, 1, 0, 0, 0, 0, 1],914.8585186615396,57911.03353665143,135314.9628014586,true
2,G1_CMAX,G1_CMAX,[31, 22, 82, 15, 26, 45, 95, 42, 77, 4, 47, 5, 93, 78, 86, 54, 85, 63, 18, 44, 20, 49, 36, 14, 48, 50, 53, 17, 21, 9, 71, 64, 3, 23, 30, 83, 11, 41, 59, 52, 65, 27, 90, 70, 39, 87, 74, 69, 99, 68, 46, 1, 38, 58, 97, 60, 28, 8, 73, 37, 35, 79, 24, 66, 94, 32, 72, 13, 34, 6, 80, 61, 89, 92, 25, 62, 2, 98, 91, 43, 16, 67, 29, 84, 12, 19, 57, 75, 0, 81, 51, 40, 10, 55, 33, 96, 7, 76, 88, 56]|[0, 1, 2, 1, 1, 1, 2, 0, 1, 1, 2, 1, 2, 1, 1, 0, 0, 0, 0, 2, 2, 1, 0, 2, 1, 2, 0, 2, 0, 1, 1, 1, 0, 0, 0, 0, 2, 1, 0, 2, 0, 0, 1, 1, 0, 2, 0, 2, 1, 0, 0, 2, 2, 1, 2, 0, 2, 1, 1, 0, 2, 0, 2, 2, 1, 1, 1, 1, 1, 1, 0, 1, 1, 2, 1, 0, 2, 0, 0, 1, 1, 1, 1, 1, 1, 2, 0, 1, 0, 0, 0, 2, 1, 1, 0, 0, 2, 2, 1, 0]|[1, 3, 0, 2, 4, 0, 1, 0, 2, 4, 2, 3, 1, 4, 2, 1, 1, 1, 2, 1, 2, 3, 0, 1, 1, 1, 2, 1, 1, 0, 3, 2, 2, 0, 1, 1, 0, 4, 2, 1, 0, 1, 4, 4, 1, 2, 0, 2, 3, 1, 2, 1, 2, 2, 1, 2, 0, 3, 0, 1, 2, 1, 1, 0, 4, 3, 2, 4, 2, 4, 1, 3, 1, 2, 4, 2, 1, 1, 1, 1, 4, 3, 3, 4, 4, 0, 0, 1, 2, 1, 0, 0, 1, 3, 2, 2, 1, 1, 1, 0]|[1, 2, 0, 1, 3, 1, 0, 0, 0, 0, 0, 2, 1, 0, 1, 0, 0, 0, 1, 0, 0, 2, 0, 0, 1, 0, 1, 0, 0, 1, 0, 2, 0, 0, 0, 0, 0, 3, 0, 0, 1, 0, 1, 3, 0, 0, 1, 0, 2, 0, 0, 1, 0, 1, 1, 0, 0, 0, 1, 0, 0, 0, 1, 0, 2, 0, 1, 0, 3, 2, 0, 0, 1, 0, 3, 1, 0, 0, 0, 3, 1, 0, 0, 1, 0, 0, 1, 3, 0, 1, 0, 0, 1, 0, 1, 0, 0, 0, 0, 1],857.5598724280892,57906.87340441957,131803.12665919127,false
2,G4_BALANCED,G1_CMAX,[31, 22, 82, 15, 26, 9, 95, 42, 77, 4, 47, 5, 93, 78, 86, 54, 85, 63, 18, 44, 20, 49, 36, 14, 48, 50, 53, 17, 21, 45, 71, 64, 3, 23, 30, 83, 24, 41, 60, 52, 65, 27, 90, 70, 39, 87, 74, 69, 99, 68, 46, 1, 38, 58, 97, 59, 28, 8, 73, 37, 35, 79, 11, 66, 94, 32, 72, 13, 34, 6, 80, 61, 89, 92, 25, 62, 2, 98, 91, 43, 56, 29, 16, 19, 55, 57, 84, 7, 51, 10, 88, 75, 76, 12, 0, 67, 96, 33, 40, 81]|[0, 1, 2, 1, 1, 2, 2, 0, 0, 1, 1, 1, 2, 1, 1, 0, 0, 1, 0, 2, 2, 1, 0, 2, 2, 2, 0, 2, 0, 1, 1, 0, 0, 0, 0, 0, 2, 1, 2, 2, 0, 0, 1, 1, 0, 2, 0, 2, 0, 0, 0, 2, 1, 1, 2, 0, 2, 1, 1, 1, 2, 1, 2, 2, 1, 2, 1, 1, 2, 1, 0, 1, 1, 2, 1, 0, 2, 0, 0, 0, 1, 0, 0, 2, 1, 0, 1, 1, 0, 1, 1, 1, 1, 1, 0, 1, 2, 0, 2, 1]|[1, 3, 0, 2, 4, 1, 1, 0, 1, 4, 2, 3, 1, 4, 2, 1, 1, 3, 2, 1, 1, 3, 0, 1, 0, 1, 2, 1, 1, 0, 3, 1, 2, 0, 1, 2, 1, 4, 0, 1, 0, 1, 2, 4, 1, 2, 0, 1, 2, 1, 2, 1, 4, 0, 1, 2, 0, 3, 0, 3, 2, 2, 0, 0, 4, 1, 2, 4, 1, 4, 1, 3, 1, 2, 4, 2, 1, 0, 0, 1, 1, 1, 2, 0, 3, 1, 1, 2, 0, 1, 1, 1, 2, 4, 2, 3, 1, 2, 0, 1]|[1, 2, 0, 1, 3, 0, 0, 0, 1, 0, 2, 2, 1, 0, 1, 0, 0, 2, 1, 0, 0, 2, 0, 0, 0, 0, 1, 0, 0, 1, 0, 0, 0, 0, 0, 0, 1, 3, 1, 0, 1, 0, 1, 3, 0, 0, 1, 0, 0, 0, 0, 1, 0, 3, 1, 0, 0, 0, 1, 1, 0, 1, 0, 0, 2, 0, 1, 0, 0, 2, 0, 0, 1, 0, 3, 1, 0, 0, 1, 1, 0, 0, 1, 0, 0, 0, 3, 1, 0, 1, 0, 3, 2, 0, 0, 0, 0, 1, 0, 1],940.0529358499344,57633.66776423191,136347.53243051886,true
2,G2_TEC,G4_BALANCED,[31, 22, 82, 15, 26, 9, 95, 42, 77, 12, 47, 5, 93, 78, 86, 54, 85, 63, 18, 44, 20, 35, 43, 97, 91, 76, 10, 30, 21, 45, 71, 64, 1, 23, 17, 83, 24, 41, 60, 36, 65, 13, 90, 99, 75, 32, 74, 69, 67, 66, 46, 4, 38, 58, 19, 39, 53, 48, 27, 94, 56, 40, 50, 59, 11, 16, 72, 73, 70, 6, 37, 84, 3, 92, 25, 55, 28, 51, 29, 7, 96, 88, 61, 33, 89, 79, 68, 80, 8, 81, 14, 2, 62, 87, 52, 49, 0, 34, 98, 57]|[2, 1, 0, 1, 1, 0, 1, 2, 2, 1, 2, 2, 2, 1, 1, 0, 0, 0, 0, 2, 2, 1, 1, 2, 0, 1, 2, 2, 0, 0, 1, 2, 0, 2, 1, 0, 2, 1, 1, 1, 0, 0, 1, 0, 1, 0, 0, 2, 0, 0, 2, 0, 1, 1, 2, 1, 2, 1, 0, 1, 2, 2, 2, 1, 2, 1, 2, 1, 1, 0, 0, 1, 1, 0, 1, 1, 2, 0, 1, 1, 1, 1, 1, 0, 1, 0, 0, 0, 1, 2, 0, 0, 0, 1, 1, 0, 0, 1, 0, 1]|[0, 3, 2, 2, 4, 1, 2, 2, 1, 4, 0, 1, 2, 4, 4, 1, 2, 1, 2, 1, 1, 3, 1, 2, 1, 2, 1, 1, 1, 1, 3, 2, 2, 0, 4, 0, 1, 4, 0, 2, 1, 2, 3, 1, 0, 0, 0, 1, 0, 2, 1, 2, 1, 0, 0, 0, 1, 4, 1, 4, 1, 0, 1, 2, 1, 3, 0, 4, 1, 2, 1, 1, 1, 0, 4, 3, 0, 1, 3, 1, 3, 1, 3, 2, 1, 1, 2, 1, 3, 1, 2, 2, 2, 4, 2, 1, 2, 0, 0, 2]|[0, 2, 1, 1, 3, 0, 1, 0, 0, 0, 0, 0, 1, 0, 1, 0, 0, 0, 1, 0, 0, 2, 3, 1, 0, 2, 0, 0, 0, 1, 0, 0, 0, 0, 3, 0, 1, 3, 0, 1, 0, 0, 2, 0, 1, 0, 1, 0, 1, 0, 0, 0, 1, 3, 0, 1, 0, 2, 0, 2, 0, 0, 0, 1, 0, 2, 1, 0, 3, 1, 0, 3, 1, 1, 3, 0, 0, 0, 0, 2, 2, 0, 0, 1, 1, 0, 1, 0, 2, 0, 0, 0, 1, 0, 1, 1, 0, 3, 0, 1],945.5252359378954,59275.600109943414,122568.96948166145,true
2,G3_TWC,G4_BALANCED,[31, 22, 82, 15, 26, 9, 95, 42, 77, 4, 47, 5, 93, 78, 86, 54, 85, 63, 18, 44, 20, 49, 36, 14, 48, 50, 53, 17, 21, 45, 71, 64, 3, 23, 30, 83, 24, 41, 60, 52, 65, 27, 90, 70, 39, 87, 74, 69, 99, 32, 68, 46, 1, 79, 12, 40, 38, 28, 8, 98, 80, 33, 11, 66, 76, 57, 72, 91, 56, 6, 37, 61, 89, 92, 25, 58, 16, 51, 29, 7, 96, 88, 84, 19, 67, 59, 55, 62, 73, 10, 97, 2, 94, 75, 43, 35, 0, 34, 81, 13]|[0, 1, 0, 1, 1, 2, 0, 0, 0, 1, 2, 1, 2, 1, 1, 2, 0, 0, 0, 2, 2, 1, 0, 2, 2, 2, 0, 2, 0, 1, 0, 0, 0, 0, 0, 0, 0, 1, 1, 2, 0, 0, 1, 1, 2, 2, 2, 2, 0, 2, 0, 0, 2, 1, 1, 2, 1, 1, 1, 0, 0, 0, 2, 2, 1, 1, 1, 0, 1, 1, 1, 1, 1, 2, 1, 1, 0, 0, 0, 1, 0, 1, 0, 2, 1, 0, 1, 2, 1, 1, 0, 2, 1, 0, 0, 1, 0, 2, 1, 1]|[1, 3, 2, 2, 4, 1, 0, 0, 2, 4, 0, 3, 1, 4, 2, 1, 1, 1, 2, 1, 1, 3, 0, 1, 0, 1, 2, 1, 1, 0, 2, 1, 2, 0, 1, 1, 2, 4, 0, 1, 2, 1, 4, 4, 1, 1, 1, 1, 2, 1, 1, 2, 2, 2, 4, 0, 4, 2, 3, 1, 1, 2, 0, 0, 2, 3, 2, 0, 1, 4, 3, 3, 1, 2, 4, 1, 2, 0, 1, 2, 2, 0, 1, 2, 3, 2, 3, 0, 4, 1, 1, 1, 4, 1, 1, 0, 2, 1, 1, 4]|[1, 2, 1, 1, 3, 0, 0, 0, 0, 0, 0, 2, 1, 0, 1, 0, 0, 0, 1, 0, 0, 2, 0, 0, 0, 0, 1, 0, 0, 1, 0, 0, 0, 0, 0, 0, 0, 3, 0, 0, 0, 0, 1, 3, 0, 0, 0, 0, 0, 0, 0, 0, 0, 1, 0, 0, 0, 3, 0, 0, 0, 1, 0, 0, 2, 0, 1, 1, 0, 2, 1, 0, 1, 0, 3, 1, 1, 0, 0, 1, 0, 0, 1, 1, 2, 0, 0, 0, 2, 1, 0, 0, 2, 1, 1, 0, 0, 0, 1, 0],977.2600218413281,56503.80962719497,131281.85840872824,true
2,G1_CMAX,G1_CMAX,[31, 22, 82, 15, 26, 45, 95, 42, 77, 4, 47, 5, 93, 78, 86, 54, 85, 63, 18, 44, 20, 49, 36, 14, 48, 50, 53, 17, 21, 9, 71, 64, 3, 23, 30, 83, 11, 41, 59, 52, 65, 27, 90, 70, 39, 87, 74, 69, 99, 68, 46, 1, 38, 58, 97, 60, 28, 8, 73, 37, 35, 79, 24, 66, 94, 32, 72, 13, 34, 6, 80, 61, 89, 92, 25, 62, 2, 98, 91, 43, 16, 67, 29, 84, 12, 19, 57, 75, 0, 81, 51, 40, 10, 55, 33, 96, 7, 76, 88, 56]|[0, 1, 2, 1, 1, 1, 2, 0, 1, 1, 2, 1, 2, 1, 1, 0, 0, 0, 0, 2, 2, 1, 0, 2, 1, 2, 0, 2, 0, 1, 1, 1, 0, 0, 0, 0, 2, 1, 0, 2, 0, 0, 1, 1, 0, 2, 0, 2, 1, 0, 0, 2, 2, 1, 2, 0, 2, 1, 1, 0, 2, 0, 2, 2, 1, 1, 1, 1, 1, 1, 0, 1, 1, 2, 1, 0, 2, 0, 0, 1, 1, 1, 1, 1, 1, 2, 0, 1, 0, 0, 0, 2, 1, 1, 0, 0, 2, 2, 1, 0]|[1, 3, 0, 2, 4, 0, 1, 0, 2, 4, 2, 3, 1, 4, 2, 1, 1, 1, 2, 1, 2, 3, 0, 1, 1, 1, 2, 1, 1, 0, 3, 2, 2, 0, 1, 1, 0, 4, 2, 1, 0, 1, 4, 4, 1, 2, 0, 2, 3, 1, 2, 1, 2, 2, 1, 2, 0, 3, 0, 1, 2, 1, 1, 0, 4, 3, 2, 4, 2, 4, 1, 3, 1, 2, 4, 2, 1, 1, 1, 1, 4, 3, 3, 4, 4, 0, 0, 1, 2, 1, 0, 0, 1, 3, 2, 2, 1, 1, 1, 0]|[1, 2, 0, 1, 3, 1, 0, 0, 0, 0, 0, 2, 1, 0, 1, 0, 0, 0, 1, 0, 0, 2, 0, 0, 1, 0, 1, 0, 0, 1, 0, 2, 0, 0, 0, 0, 0, 3, 0, 0, 1, 0, 1, 3, 0, 0, 1, 0, 2, 0, 0, 1, 0, 1, 1, 0, 0, 0, 1, 0, 0, 0, 1, 0, 2, 0, 1, 0, 3, 2, 0, 0, 1, 0, 3, 1, 0, 0, 0, 3, 1, 0, 0, 1, 0, 0, 1, 3, 0, 1, 0, 0, 1, 0, 1, 0, 0, 0, 0, 1],857.5598724280892,57906.87340441957,131803.12665919127,false
2,G4_BALANCED,G4_BALANCED,[31, 22, 82, 15, 26, 9, 95, 42, 77, 4, 47, 5, 93, 78, 86, 54, 85, 63, 18, 44, 20, 49, 36, 14, 48, 50, 53, 17, 21, 45, 71, 64, 3, 23, 30, 83, 24, 41, 60, 52, 65, 27, 90, 70, 39, 87, 74, 69, 99, 68, 46, 1, 38, 58, 97, 59, 28, 8, 73, 37, 35, 79, 11, 66, 94, 32, 72, 13, 34, 6, 80, 61, 89, 92, 25, 62, 2, 98, 91, 43, 56, 67, 29, 84, 12, 19, 57, 75, 0, 81, 51, 40, 10, 55, 33, 96, 7, 76, 88, 16]|[0, 1, 2, 1, 1, 2, 2, 0, 1, 1, 1, 1, 2, 2, 1, 0, 0, 1, 0, 2, 2, 1, 0, 2, 1, 2, 0, 2, 1, 1, 1, 1, 0, 0, 0, 0, 2, 1, 2, 2, 0, 0, 1, 1, 0, 2, 0, 2, 0, 0, 0, 2, 2, 1, 2, 0, 2, 1, 1, 0, 1, 0, 2, 2, 1, 2, 1, 1, 2, 1, 0, 1, 1, 2, 1, 0, 2, 0, 0, 0, 1, 1, 0, 0, 1, 2, 0, 1, 0, 1, 0, 2, 1, 1, 0, 0, 2, 2, 1, 0]|[1, 3, 0, 2, 4, 1, 1, 0, 2, 4, 2, 3, 1, 0, 2, 1, 1, 3, 2, 1, 2, 3, 0, 1, 1, 1, 2, 1, 4, 0, 3, 2, 2, 0, 1, 2, 1, 4, 0, 1, 0, 1, 4, 4, 1, 2, 0, 1, 2, 1, 2, 1, 2, 0, 1, 2, 0, 3, 0, 1, 3, 1, 0, 0, 4, 2, 2, 4, 1, 4, 1, 3, 1, 2, 4, 2, 1, 1, 1, 1, 4, 3, 0, 2, 4, 0, 0, 1, 2, 1, 0, 0, 1, 3, 2, 2, 1, 1, 1, 0]|[1, 2, 0, 1, 3, 0, 0, 0, 0, 0, 2, 2, 1, 0, 1, 0, 0, 2, 1, 0, 0, 2, 0, 0, 1, 0, 1, 0, 0, 1, 0, 2, 0, 0, 0, 0, 1, 3, 1, 0, 1, 0, 1, 3, 0, 0, 1, 0, 0, 0, 0, 1, 0, 3, 1, 0, 0, 0, 1, 0, 0, 0, 0, 0, 2, 0, 1, 0, 0, 2, 0, 0, 1, 0, 3, 1, 0, 0, 0, 1, 1, 0, 0, 1, 0, 0, 1, 3, 0, 1, 0, 0, 1, 0, 1, 0, 0, 0, 0, 1],918.3649870779893,57074.45567756217,132391.1461320182,false
2,G2_TEC,G3_TWC,[2, 31, 22, 82, 15, 26, 9, 95, 42, 75, 12, 40, 99, 24, 38, 79, 30, 85, 63, 18, 44, 20, 49, 36, 4, 91, 76, 10, 54, 21, 45, 71, 64, 3, 23, 17, 83, 41, 60, 52, 65, 27, 90, 70, 39, 87, 74, 69, 93, 68, 46, 1, 86, 58, 97, 59, 28, 8, 73, 80, 67, 33, 11, 66, 53, 57, 72, 13, 34, 6, 37, 61, 89, 92, 25, 62, 77, 98, 50, 43, 16, 35, 29, 84, 47, 19, 32, 48, 0, 81, 51, 5, 78, 55, 14, 96, 7, 94, 88, 56]|[0, 1, 2, 2, 0, 1, 2, 0, 2, 0, 2, 1, 0, 2, 0, 0, 0, 0, 0, 0, 2, 2, 0, 1, 1, 2, 2, 1, 2, 0, 0, 0, 0, 0, 0, 0, 0, 1, 1, 1, 0, 0, 1, 1, 2, 2, 0, 2, 2, 0, 0, 2, 1, 1, 2, 0, 2, 1, 1, 0, 0, 2, 2, 2, 0, 0, 2, 0, 1, 1, 0, 1, 1, 2, 1, 0, 2, 0, 2, 1, 1, 0, 1, 1, 0, 2, 1, 0, 0, 0, 0, 1, 2, 1, 2, 0, 2, 2, 1, 2]|[1, 3, 0, 0, 1, 2, 1, 0, 2, 0, 2, 3, 1, 1, 0, 1, 1, 1, 2, 2, 1, 2, 0, 4, 1, 1, 1, 3, 1, 1, 2, 2, 2, 2, 2, 2, 1, 4, 1, 1, 0, 1, 4, 4, 1, 2, 0, 2, 1, 2, 2, 1, 2, 4, 1, 0, 0, 3, 0, 1, 1, 2, 0, 0, 2, 0, 0, 1, 2, 4, 1, 3, 1, 2, 4, 2, 1, 1, 1, 1, 4, 1, 3, 1, 2, 0, 3, 0, 2, 1, 0, 3, 2, 3, 1, 2, 1, 1, 1, 1]|[1, 2, 0, 0, 0, 0, 0, 0, 0, 0, 0, 2, 1, 1, 1, 0, 0, 0, 1, 1, 0, 0, 0, 2, 1, 0, 0, 3, 0, 0, 0, 0, 0, 0, 0, 0, 0, 3, 1, 1, 1, 0, 1, 3, 0, 0, 1, 0, 1, 1, 0, 1, 1, 3, 1, 0, 0, 0, 1, 0, 0, 1, 0, 0, 1, 1, 1, 0, 3, 2, 0, 0, 1, 0, 3, 1, 0, 0, 0, 3, 1, 1, 0, 3, 1, 0, 0, 0, 0, 1, 0, 2, 1, 0, 0, 0, 0, 0, 0, 0],1078.7249665761447,58847.02341535645,118719.02006941286,true
2,G3_TWC,G1_CMAX,[31, 22, 41, 88, 82, 34, 49, 58, 9, 71, 96, 29, 35, 26, 2, 95, 89, 79, 4, 16, 19, 81, 48, 27, 62, 42, 70, 37, 92, 72, 84, 80, 66, 11, 55, 61, 59, 39, 14, 28, 74, 53, 13, 8, 51, 38, 77, 46, 18, 67, 69, 50, 56, 65, 40, 15, 93, 6, 36, 60, 98, 24, 33, 83, 17, 23, 1, 64, 45, 21, 30, 10, 76, 91, 97, 32, 43, 20, 44, 68, 63, 85, 99, 54, 86, 78, 57, 5, 47, 75, 87, 90, 3, 25, 7, 94, 52, 12, 0, 73]|[0, 2, 2, 2, 2, 1, 1, 0, 0, 1, 1, 1, 0, 0, 2, 1, 1, 2, 1, 1, 1, 0, 1, 0, 0, 2, 1, 1, 2, 2, 1, 0, 0, 1, 0, 1, 1, 1, 2, 1, 0, 2, 0, 2, 0, 2, 2, 0, 0, 0, 0, 2, 1, 0, 2, 2, 1, 1, 1, 2, 0, 0, 0, 0, 1, 2, 2, 0, 2, 1, 1, 0, 2, 1, 2, 1, 1, 2, 2, 0, 1, 0, 0, 2, 1, 2, 1, 0, 1, 2, 0, 1, 0, 1, 1, 1, 1, 1, 0, 1]|[0, 1, 1, 0, 1, 0, 2, 1, 2, 3, 3, 3, 1, 1, 1, 1, 1, 0, 2, 3, 2, 1, 0, 1, 2, 2, 4, 4, 2, 0, 1, 1, 2, 4, 2, 3, 2, 3, 1, 2, 1, 2, 2, 2, 0, 2, 1, 1, 2, 1, 1, 1, 1, 0, 1, 1, 1, 4, 4, 0, 1, 1, 2, 0, 4, 0, 2, 1, 0, 3, 1, 2, 1, 3, 2, 0, 1, 2, 1, 1, 3, 2, 2, 1, 4, 0, 2, 2, 4, 2, 1, 3, 2, 4, 1, 4, 1, 0, 0, 4]|[1, 0, 0, 0, 0, 3, 1, 0, 0, 0, 2, 0, 0, 1, 1, 1, 1, 0, 3, 2, 2, 1, 1, 0, 1, 0, 3, 3, 0, 1, 3, 0, 1, 2, 1, 0, 1, 1, 0, 1, 1, 0, 0, 0, 0, 0, 0, 0, 1, 0, 1, 0, 0, 1, 0, 0, 1, 2, 2, 1, 0, 0, 1, 0, 3, 0, 0, 0, 0, 0, 1, 1, 0, 2, 1, 0, 3, 0, 0, 0, 2, 0, 0, 0, 1, 0, 1, 0, 0, 1, 1, 2, 0, 3, 2, 2, 1, 0, 1, 0],822.6531355047626,61441.46720478758,124898.69890715397,true
2,G1_CMAX,G1_CMAX,[31, 22, 82, 15, 26, 45, 95, 42, 77, 4, 47, 5, 93, 78, 86, 54, 85, 63, 18, 44, 20, 49, 36, 14, 48, 50, 53, 17, 21, 9, 71, 64, 3, 23, 30, 83, 11, 41, 59, 52, 65, 27, 90, 70, 39, 87, 74, 69, 99, 68, 46, 1, 38, 58, 97, 60, 28, 8, 73, 37, 35, 79, 24, 66, 94, 32, 72, 13, 34, 6, 80, 61, 89, 92, 25, 62, 2, 98, 91, 43, 16, 67, 29, 84, 12, 19, 57, 75, 0, 81, 51, 40, 10, 55, 33, 96, 7, 76, 88, 56]|[0, 1, 2, 1, 1, 1, 2, 0, 1, 1, 2, 1, 2, 1, 1, 0, 0, 0, 0, 2, 2, 1, 0, 2, 1, 2, 0, 2, 0, 1, 1, 1, 0, 0, 0, 0, 2, 1, 0, 2, 0, 0, 1, 1, 0, 2, 0, 2, 1, 0, 0, 2, 2, 1, 2, 0, 2, 1, 1, 0, 2, 0, 2, 2, 1, 1, 1, 1, 1, 1, 0, 1, 1, 2, 1, 0, 2, 0, 0, 1, 1, 1, 1, 1, 1, 2, 0, 1, 0, 0, 0, 2, 1, 1, 0, 0, 2, 2, 1, 0]|[1, 3, 0, 2, 4, 0, 1, 0, 2, 4, 2, 3, 1, 4, 2, 1, 1, 1, 2, 1, 2, 3, 0, 1, 1, 1, 2, 1, 1, 0, 3, 2, 2, 0, 1, 1, 0, 4, 2, 1, 0, 1, 4, 4, 1, 2, 0, 2, 3, 1, 2, 1, 2, 2, 1, 2, 0, 3, 0, 1, 2, 1, 1, 0, 4, 3, 2, 4, 2, 4, 1, 3, 1, 2, 4, 2, 1, 1, 1, 1, 4, 3, 3, 4, 4, 0, 0, 1, 2, 1, 0, 0, 1, 3, 2, 2, 1, 1, 1, 0]|[1, 2, 0, 1, 3, 1, 0, 0, 0, 0, 0, 2, 1, 0, 1, 0, 0, 0, 1, 0, 0, 2, 0, 0, 1, 0, 1, 0, 0, 1, 0, 2, 0, 0, 0, 0, 0, 3, 0, 0, 1, 0, 1, 3, 0, 0, 1, 0, 2, 0, 0, 1, 0, 1, 1, 0, 0, 0, 1, 0, 0, 0, 1, 0, 2, 0, 1, 0, 3, 2, 0, 0, 1, 0, 3, 1, 0, 0, 0, 3, 1, 0, 0, 1, 0, 0, 1, 3, 0, 1, 0, 0, 1, 0, 1, 0, 0, 0, 0, 1],857.5598724280892,57906.87340441957,131803.12665919127,false
2,G4_BALANCED,G4_BALANCED,[31, 22, 82, 15, 26, 9, 95, 42, 77, 4, 47, 5, 93, 78, 86, 54, 85, 63, 18, 44, 20, 49, 36, 14, 48, 50, 53, 17, 21, 45, 71, 64, 3, 23, 30, 83, 24, 41, 60, 52, 65, 27, 90, 70, 39, 87, 74, 69, 99, 68, 46, 1, 38, 58, 97, 59, 28, 8, 73, 37, 35, 79, 11, 66, 94, 32, 72, 13, 34, 6, 80, 61, 89, 92, 25, 62, 2, 98, 91, 43, 56, 67, 29, 84, 12, 19, 57, 75, 0, 81, 51, 40, 10, 55, 33, 96, 7, 76, 88, 16]|[0, 1, 2, 1, 1, 2, 2, 0, 1, 1, 1, 1, 2, 2, 1, 0, 0, 1, 0, 2, 2, 1, 0, 2, 1, 2, 0, 2, 1, 1, 1, 1, 0, 0, 0, 0, 2, 1, 2, 2, 0, 0, 1, 1, 0, 2, 0, 2, 0, 0, 0, 2, 2, 1, 2, 0, 2, 1, 1, 0, 1, 0, 2, 2, 1, 2, 1, 1, 2, 1, 0, 1, 1, 2, 1, 0, 2, 0, 0, 0, 1, 1, 0, 0, 1, 2, 0, 1, 0, 1, 0, 2, 1, 1, 0, 0, 2, 2, 1, 0]|[1, 3, 0, 2, 4, 1, 1, 0, 2, 4, 2, 3, 1, 0, 2, 1, 1, 3, 2, 1, 2, 3, 0, 1, 1, 1, 2, 1, 4, 0, 3, 2, 2, 0, 1, 2, 1, 4, 0, 1, 0, 1, 4, 4, 1, 2, 0, 1, 2, 1, 2, 1, 2, 0, 1, 2, 0, 3, 0, 1, 3, 1, 0, 0, 4, 2, 2, 4, 1, 4, 1, 3, 1, 2, 4, 2, 1, 1, 1, 1, 4, 3, 0, 2, 4, 0, 0, 1, 2, 1, 0, 0, 1, 3, 2, 2, 1, 1, 1, 0]|[1, 2, 0, 1, 3, 0, 0, 0, 0, 0, 2, 2, 1, 0, 1, 0, 0, 2, 1, 0, 0, 2, 0, 0, 1, 0, 1, 0, 0, 1, 0, 2, 0, 0, 0, 0, 1, 3, 1, 0, 1, 0, 1, 3, 0, 0, 1, 0, 0, 0, 0, 1, 0, 3, 1, 0, 0, 0, 1, 0, 0, 0, 0, 0, 2, 0, 1, 0, 0, 2, 0, 0, 1, 0, 3, 1, 0, 0, 0, 1, 1, 0, 0, 1, 0, 0, 1, 3, 0, 1, 0, 0, 1, 0, 1, 0, 0, 0, 0, 1],918.3649870779893,57074.45567756217,132391.1461320182,false
2,G2_TEC,G4_BALANCED,[31, 22, 82, 15, 26, 9, 95, 42, 77, 4, 47, 5, 93, 78, 86, 54, 85, 63, 18, 44, 20, 49, 36, 14, 48, 50, 53, 17, 21, 45, 71, 64, 3, 23, 30, 83, 24, 41, 60, 52, 65, 27, 90, 70, 39, 87, 74, 69, 99, 68, 46, 1, 38, 58, 97, 59, 28, 8, 73, 37, 35, 79, 11, 66, 94, 32, 72, 13, 56, 6, 80, 61, 89, 92, 25, 34, 91, 57, 10, 7, 96, 88, 84, 19, 51, 33, 75, 62, 98, 29, 40, 2, 76, 12, 43, 67, 0, 55, 81, 16]|[0, 2, 2, 1, 1, 2, 0, 2, 0, 1, 2, 0, 2, 1, 1, 0, 0, 0, 0, 2, 2, 1, 0, 2, 2, 1, 2, 2, 1, 1, 0, 0, 0, 0, 1, 0, 0, 1, 2, 1, 0, 0, 1, 1, 0, 2, 0, 2, 1, 0, 0, 2, 2, 1, 2, 0, 2, 1, 1, 1, 2, 1, 2, 2, 2, 0, 1, 1, 1, 1, 0, 1, 1, 2, 1, 1, 0, 0, 1, 2, 0, 1, 0, 2, 0, 0, 0, 0, 1, 0, 2, 2, 2, 1, 1, 1, 0, 1, 2, 1]|[1, 2, 0, 2, 4, 1, 0, 2, 1, 4, 0, 2, 1, 4, 2, 1, 2, 1, 2, 1, 2, 3, 0, 1, 0, 2, 1, 1, 4, 0, 2, 2, 2, 0, 4, 1, 1, 4, 0, 3, 2, 1, 4, 4, 1, 2, 0, 2, 3, 1, 2, 1, 2, 0, 1, 2, 0, 3, 4, 3, 2, 3, 0, 0, 1, 0, 2, 4, 1, 4, 1, 3, 1, 2, 4, 4, 1, 0, 1, 1, 2, 1, 1, 2, 0, 2, 2, 2, 4, 2, 0, 1, 1, 3, 1, 3, 2, 4, 2, 4]|[1, 0, 0, 1, 3, 0, 0, 0, 1, 0, 0, 0, 1, 0, 1, 0, 0, 0, 1, 0, 0, 2, 0, 0, 0, 2, 0, 0, 0, 1, 0, 0, 0, 0, 3, 0, 0, 3, 1, 2, 0, 0, 1, 3, 0, 0, 1, 0, 2, 0, 0, 1, 0, 3, 1, 0, 0, 0, 2, 1, 0, 2, 0, 0, 0, 0, 1, 0, 0, 2, 0, 0, 1, 0, 3, 2, 0, 1, 1, 0, 0, 0, 1, 1, 0, 1, 0, 1, 2, 1, 0, 0, 0, 0, 3, 0, 0, 2, 1, 1],955.1567374775325,56597.6173879702,136714.70163577824,true
2,G3_TWC,G4_BALANCED,[31, 22, 82, 15, 26, 9, 95, 42, 77, 12, 47, 5, 93, 78, 86, 54, 85, 63, 18, 44, 20, 35, 43, 97, 91, 76, 10, 30, 21, 45, 71, 64, 1, 23, 17, 83, 24, 41, 60, 36, 65, 13, 90, 99, 75, 32, 74, 69, 67, 66, 46, 4, 38, 58, 19, 39, 53, 48, 27, 94, 56, 40, 50, 59, 11, 16, 72, 73, 70, 6, 37, 84, 3, 92, 25, 55, 28, 51, 29, 7, 96, 88, 61, 33, 89, 79, 68, 80, 8, 81, 14, 2, 62, 87, 52, 49, 0, 34, 98, 57]|[2, 1, 0, 1, 1, 0, 1, 2, 2, 1, 2, 2, 2, 1, 1, 0, 0, 0, 0, 2, 2, 1, 1, 2, 0, 1, 2, 2, 0, 0, 1, 2, 0, 2, 1, 0, 2, 1, 1, 1, 0, 0, 1, 0, 1, 0, 0, 2, 0, 0, 2, 0, 1, 1, 2, 1, 2, 1, 0, 1, 2, 2, 2, 1, 2, 1, 2, 1, 1, 0, 0, 1, 1, 0, 1, 1, 2, 0, 1, 1, 1, 1, 1, 0, 1, 0, 0, 0, 1, 2, 0, 0, 0, 1, 1, 0, 0, 1, 0, 1]|[0, 3, 2, 2, 4, 1, 2, 2, 1, 4, 0, 1, 2, 4, 4, 1, 2, 1, 2, 1, 1, 3, 1, 2, 1, 2, 1, 1, 1, 1, 3, 2, 2, 0, 4, 0, 1, 4, 0, 2, 1, 2, 3, 1, 0, 0, 0, 1, 0, 2, 1, 2, 1, 0, 0, 0, 1, 4, 1, 4, 1, 0, 1, 2, 1, 3, 0, 4, 1, 2, 1, 1, 1, 0, 4, 3, 0, 1, 3, 1, 3, 1, 3, 2, 1, 1, 2, 1, 3, 1, 2, 2, 2, 4, 2, 1, 2, 0, 0, 2]|[0, 2, 1, 1, 3, 0, 1, 0, 0, 0, 0, 0, 1, 0, 1, 0, 0, 0, 1, 0, 0, 2, 3, 1, 0, 2, 0, 0, 0, 1, 0, 0, 0, 0, 3, 0, 1, 3, 0, 1, 0, 0, 2, 0, 1, 0, 1, 0, 1, 0, 0, 0, 1, 3, 0, 1, 0, 2, 0, 2, 0, 0, 0, 1, 0, 2, 1, 0, 3, 1, 0, 3, 1, 1, 3, 0, 0, 0, 0, 2, 2, 0, 0, 1, 1, 0, 1, 0, 2, 0, 0, 0, 1, 0, 1, 1, 0, 3, 0, 1],945.5252359378954,59275.600109943414,122568.96948166145,true
2,G1_CMAX,G1_CMAX,[31, 22, 82, 15, 26, 45, 95, 42, 77, 4, 47, 5, 93, 78, 86, 54, 85, 63, 18, 44, 20, 49, 36, 14, 48, 50, 53, 17, 21, 9, 71, 64, 3, 23, 30, 83, 11, 41, 59, 52, 65, 27, 90, 70, 39, 87, 74, 69, 99, 68, 46, 1, 38, 58, 97, 60, 28, 8, 73, 37, 35, 79, 24, 66, 94, 32, 72, 13, 34, 6, 80, 61, 89, 92, 25, 62, 2, 98, 91, 43, 16, 67, 29, 84, 12, 19, 57, 75, 0, 81, 51, 40, 10, 55, 33, 96, 7, 76, 88, 56]|[0, 1, 2, 1, 1, 1, 2, 0, 1, 1, 2, 1, 2, 1, 1, 0, 0, 0, 0, 2, 2, 1, 0, 2, 1, 2, 0, 2, 0, 1, 1, 1, 0, 0, 0, 0, 2, 1, 0, 2, 0, 0, 1, 1, 0, 2, 0, 2, 1, 0, 0, 2, 2, 1, 2, 0, 2, 1, 1, 0, 2, 0, 2, 2, 1, 1, 1, 1, 1, 1, 0, 1, 1, 2, 1, 0, 2, 0, 0, 1, 1, 1, 1, 1, 1, 2, 0, 1, 0, 0, 0, 2, 1, 1, 0, 0, 2, 2, 1, 0]|[1, 3, 0, 2, 4, 0, 1, 0, 2, 4, 2, 3, 1, 4, 2, 1, 1, 1, 2, 1, 2, 3, 0, 1, 1, 1, 2, 1, 1, 0, 3, 2, 2, 0, 1, 1, 0, 4, 2, 1, 0, 1, 4, 4, 1, 2, 0, 2, 3, 1, 2, 1, 2, 2, 1, 2, 0, 3, 0, 1, 2, 1, 1, 0, 4, 3, 2, 4, 2, 4, 1, 3, 1, 2, 4, 2, 1, 1, 1, 1, 4, 3, 3, 4, 4, 0, 0, 1, 2, 1, 0, 0, 1, 3, 2, 2, 1, 1, 1, 0]|[1, 2, 0, 1, 3, 1, 0, 0, 0, 0, 0, 2, 1, 0, 1, 0, 0, 0, 1, 0, 0, 2, 0, 0, 1, 0, 1, 0, 0, 1, 0, 2, 0, 0, 0, 0, 0, 3, 0, 0, 1, 0, 1, 3, 0, 0, 1, 0, 2, 0, 0, 1, 0, 1, 1, 0, 0, 0, 1, 0, 0, 0, 1, 0, 2, 0, 1, 0, 3, 2, 0, 0, 1, 0, 3, 1, 0, 0, 0, 3, 1, 0, 0, 1, 0, 0, 1, 3, 0, 1, 0, 0, 1, 0, 1, 0, 0, 0, 0, 1],857.5598724280892,57906.87340441957,131803.12665919127,false
2,G4_BALANCED,G4_BALANCED,[31, 22, 82, 15, 26, 9, 95, 42, 77, 4, 47, 5, 93, 78, 86, 54, 85, 63, 18, 44, 20, 49, 36, 14, 48, 50, 53, 17, 21, 45, 71, 64, 3, 23, 30, 83, 24, 41, 60, 52, 65, 27, 90, 70, 39, 87, 74, 69, 99, 68, 46, 1, 38, 58, 97, 59, 28, 8, 73, 37, 35, 79, 11, 66, 94, 32, 72, 13, 34, 6, 80, 61, 89, 92, 25, 62, 2, 98, 91, 43, 56, 67, 29, 84, 12, 19, 57, 75, 0, 81, 51, 40, 10, 55, 33, 96, 7, 76, 88, 16]|[0, 1, 2, 1, 1, 2, 2, 0, 1, 1, 1, 1, 2, 2, 1, 0, 0, 1, 0, 2, 2, 1, 0, 2, 1, 2, 0, 2, 1, 1, 1, 1, 0, 0, 0, 0, 2, 1, 2, 2, 0, 0, 1, 1, 0, 2, 0, 2, 0, 0, 0, 2, 2, 1, 2, 0, 2, 1, 1, 0, 1, 0, 2, 2, 1, 2, 1, 1, 2, 1, 0, 1, 1, 2, 1, 0, 2, 0, 0, 0, 1, 1, 0, 0, 1, 2, 0, 1, 0, 1, 0, 2, 1, 1, 0, 0, 2, 2, 1, 0]|[1, 3, 0, 2, 4, 1, 1, 0, 2, 4, 2, 3, 1, 0, 2, 1, 1, 3, 2, 1, 2, 3, 0, 1, 1, 1, 2, 1, 4, 0, 3, 2, 2, 0, 1, 2, 1, 4, 0, 1, 0, 1, 4, 4, 1, 2, 0, 1, 2, 1, 2, 1, 2, 0, 1, 2, 0, 3, 0, 1, 3, 1, 0, 0, 4, 2, 2, 4, 1, 4, 1, 3, 1, 2, 4, 2, 1, 1, 1, 1, 4, 3, 0, 2, 4, 0, 0, 1, 2, 1, 0, 0, 1, 3, 2, 2, 1, 1, 1, 0]|[1, 2, 0, 1, 3, 0, 0, 0, 0, 0, 2, 2, 1, 0, 1, 0, 0, 2, 1, 0, 0, 2, 0, 0, 1, 0, 1, 0, 0, 1, 0, 2, 0, 0, 0, 0, 1, 3, 1, 0, 1, 0, 1, 3, 0, 0, 1, 0, 0, 0, 0, 1, 0, 3, 1, 0, 0, 0, 1, 0, 0, 0, 0, 0, 2, 0, 1, 0, 0, 2, 0, 0, 1, 0, 3, 1, 0, 0, 0, 1, 1, 0, 0, 1, 0, 0, 1, 3, 0, 1, 0, 0, 1, 0, 1, 0, 0, 0, 0, 1],918.3649870779893,57074.45567756217,132391.1461320182,false
2,G2_TEC,G4_BALANCED,[31, 22, 82, 15, 26, 9, 95, 42, 77, 4, 47, 5, 93, 78, 86, 54, 85, 63, 18, 44, 20, 49, 36, 14, 48, 50, 53, 17, 21, 45, 71, 64, 3, 23, 30, 83, 24, 41, 60, 52, 65, 27, 90, 70, 39, 87, 74, 69, 99, 68, 46, 1, 38, 58, 97, 59, 28, 8, 73, 37, 35, 79, 11, 66, 94, 32, 72, 13, 56, 6, 80, 61, 89, 92, 25, 34, 91, 57, 10, 7, 96, 88, 84, 19, 51, 33, 75, 62, 98, 29, 40, 2, 76, 12, 43, 67, 0, 55, 81, 16]|[0, 2, 2, 1, 1, 2, 0, 2, 0, 1, 2, 0, 2, 1, 1, 0, 0, 0, 0, 2, 2, 1, 0, 2, 2, 1, 2, 2, 1, 1, 0, 0, 0, 0, 1, 0, 0, 1, 2, 1, 0, 0, 1, 1, 0, 2, 0, 2, 1, 0, 0, 2, 2, 1, 2, 0, 2, 1, 1, 1, 2, 1, 2, 2, 2, 0, 1, 1, 1, 1, 0, 1, 1, 2, 1, 1, 0, 0, 1, 2, 0, 1, 0, 2, 0, 0, 0, 0, 1, 0, 2, 2, 2, 1, 1, 1, 0, 1, 2, 1]|[1, 2, 0, 2, 4, 1, 0, 2, 1, 4, 0, 2, 1, 4, 2, 1, 2, 1, 2, 1, 2, 3, 0, 1, 0, 2, 1, 1, 4, 0, 2, 2, 2, 0, 4, 1, 1, 4, 0, 3, 2, 1, 4, 4, 1, 2, 0, 2, 3, 1, 2, 1, 2, 0, 1, 2, 0, 3, 4, 3, 2, 3, 0, 0, 1, 0, 2, 4, 1, 4, 1, 3, 1, 2, 4, 4, 1, 0, 1, 1, 2, 1, 1, 2, 0, 2, 2, 2, 4, 2, 0, 1, 1, 3, 1, 3, 2, 4, 2, 4]|[1, 0, 0, 1, 3, 0, 0, 0, 1, 0, 0, 0, 1, 0, 1, 0, 0, 0, 1, 0, 0, 2, 0, 0, 0, 2, 0, 0, 0, 1, 0, 0, 0, 0, 3, 0, 0, 3, 1, 2, 0, 0, 1, 3, 0, 0, 1, 0, 2, 0, 0, 1, 0, 3, 1, 0, 0, 0, 2, 1, 0, 2, 0, 0, 0, 0, 1, 0, 0, 2, 0, 0, 1, 0, 3, 2, 0, 1, 1, 0, 0, 0, 1, 1, 0, 1, 0, 1, 2, 1, 0, 0, 0, 0, 3, 0, 0, 2, 1, 1],955.1567374775325,56597.6173879702,136714.70163577824,true
2,G3_TWC,G4_BALANCED,[31, 22, 82, 15, 26, 9, 95, 42, 77, 12, 47, 5, 93, 78, 86, 54, 85, 63, 18, 44, 20, 35, 43, 97, 91, 76, 10, 30, 21, 45, 71, 64, 1, 23, 17, 83, 24, 41, 60, 36, 65, 13, 90, 99, 75, 32, 74, 69, 67, 66, 46, 4, 38, 58, 19, 39, 53, 48, 27, 94, 56, 40, 50, 59, 11, 16, 72, 73, 70, 6, 37, 84, 3, 92, 25, 55, 28, 51, 29, 7, 96, 88, 61, 33, 89, 79, 68, 80, 8, 81, 14, 2, 62, 87, 52, 49, 0, 34, 98, 57]|[2, 1, 0, 1, 1, 0, 1, 2, 2, 1, 2, 2, 2, 1, 1, 0, 0, 0, 0, 2, 2, 1, 1, 2, 0, 1, 2, 2, 0, 0, 1, 2, 0, 2, 1, 0, 2, 1, 1, 1, 0, 0, 1, 0, 1, 0, 0, 2, 0, 0, 2, 0, 1, 1, 2, 1, 2, 1, 0, 1, 2, 2, 2, 1, 2, 1, 2, 1, 1, 0, 0, 1, 1, 0, 1, 1, 2, 0, 1, 1, 1, 1, 1, 0, 1, 0, 0, 0, 1, 2, 0, 0, 0, 1, 1, 0, 0, 1, 0, 1]|[0, 3, 2, 2, 4, 1, 2, 2, 1, 4, 0, 1, 2, 4, 4, 1, 2, 1, 2, 1, 1, 3, 1, 2, 1, 2, 1, 1, 1, 1, 3, 2, 2, 0, 4, 0, 1, 4, 0, 2, 1, 2, 3, 1, 0, 0, 0, 1, 0, 2, 1, 2, 1, 0, 0, 0, 1, 4, 1, 4, 1, 0, 1, 2, 1, 3, 0, 4, 1, 2, 1, 1, 1, 0, 4, 3, 0, 1, 3, 1, 3, 1, 3, 2, 1, 1, 2, 1, 3, 1, 2, 2, 2, 4, 2, 1, 2, 0, 0, 2]|[0, 2, 1, 1, 3, 0, 1, 0, 0, 0, 0, 0, 1, 0, 1, 0, 0, 0, 1, 0, 0, 2, 3, 1, 0, 2, 0, 0, 0, 1, 0, 0, 0, 0, 3, 0, 1, 3, 0, 1, 0, 0, 2, 0, 1, 0, 1, 0, 1, 0, 0, 0, 1, 3, 0, 1, 0, 2, 0, 2, 0, 0, 0, 1, 0, 2, 1, 0, 3, 1, 0, 3, 1, 1, 3, 0, 0, 0, 0, 2, 2, 0, 0, 1, 1, 0, 1, 0, 2, 0, 0, 0, 1, 0, 1, 1, 0, 3, 0, 1],945.5252359378954,59275.600109943414,122568.96948166145,true
2,G1_CMAX,G1_CMAX,[1, 22, 82, 15, 41, 39, 32, 87, 75, 12, 47, 5, 93, 78, 86, 54, 80, 53, 51, 49, 84, 14, 96, 38, 52, 2, 92, 89, 4, 59, 34, 61, 98, 72, 73, 55, 66, 68, 90, 42, 62, 27, 48, 81, 31, 19, 58, 9, 36, 17, 23, 10, 64, 71, 45, 21, 46, 76, 67, 95, 99, 25, 79, 13, 7, 37, 0, 16, 29, 70, 11, 28, 94, 3, 69, 50, 56, 65, 88, 40, 57, 6, 83, 26, 24, 60, 77, 33, 30, 85, 74, 63, 18, 44, 20, 35, 8, 43, 97, 91]|[0, 1, 2, 2, 1, 2, 1, 2, 2, 1, 1, 1, 0, 1, 1, 0, 0, 0, 0, 1, 1, 2, 1, 0, 1, 2, 2, 1, 1, 1, 1, 1, 0, 1, 1, 1, 2, 0, 1, 2, 2, 0, 2, 2, 0, 2, 1, 0, 0, 1, 1, 0, 2, 0, 2, 1, 0, 2, 0, 0, 0, 1, 2, 0, 2, 1, 1, 1, 1, 1, 1, 1, 2, 0, 2, 2, 1, 1, 1, 2, 1, 0, 0, 0, 0, 0, 0, 0, 0, 0, 0, 1, 0, 2, 1, 1, 1, 1, 2, 0]|[2, 4, 0, 0, 0, 1, 3, 2, 2, 4, 2, 3, 1, 4, 4, 1, 1, 2, 1, 3, 1, 1, 3, 0, 1, 1, 2, 1, 4, 2, 1, 3, 1, 2, 4, 4, 0, 1, 3, 2, 1, 1, 0, 2, 1, 0, 0, 2, 0, 1, 1, 2, 2, 2, 0, 3, 1, 1, 0, 1, 2, 4, 0, 2, 1, 4, 3, 4, 3, 1, 4, 2, 0, 2, 2, 1, 1, 4, 4, 0, 2, 0, 0, 1, 1, 0, 2, 2, 1, 2, 1, 3, 2, 1, 4, 0, 4, 1, 1, 1]|[1, 1, 0, 0, 1, 0, 0, 0, 0, 0, 2, 2, 0, 0, 1, 0, 0, 1, 0, 0, 3, 1, 2, 1, 3, 0, 0, 1, 0, 1, 1, 0, 0, 1, 0, 3, 0, 0, 2, 0, 0, 0, 0, 1, 0, 0, 3, 1, 0, 1, 1, 1, 0, 0, 0, 0, 0, 0, 1, 0, 0, 3, 0, 0, 0, 3, 0, 1, 0, 0, 2, 1, 0, 0, 0, 0, 0, 3, 3, 0, 1, 1, 0, 1, 0, 1, 0, 1, 0, 0, 1, 2, 1, 0, 1, 0, 2, 3, 0, 0],827.9954936077085,59471.83308717563,126609.0182905769,false
2,G4_BALANCED,G4_BALANCED,[31, 22, 82, 15, 26, 9, 95, 42, 77, 4, 47, 5, 93, 78, 86, 54, 85, 63, 18, 44, 20, 49, 36, 14, 48, 50, 53, 17, 21, 45, 71, 64, 3, 23, 30, 83, 24, 41, 60, 52, 65, 27, 90, 70, 39, 87, 74, 69, 99, 68, 46, 1, 38, 58, 97, 59, 28, 8, 73, 37, 35, 79, 11, 66, 94, 32, 72, 13, 34, 6, 80, 61, 89, 92, 25, 62, 2, 98, 91, 43, 56, 67, 29, 84, 12, 19, 57, 75, 0, 81, 51, 40, 10, 55, 33, 96, 7, 76, 88, 16]|[0, 1, 2, 1, 1, 2, 2, 0, 1, 1, 1, 1, 2, 2, 1, 0, 0, 1, 0, 2, 2, 1, 0, 2, 1, 2, 0, 2, 1, 1, 1, 1, 0, 0, 0, 0, 2, 1, 2, 2, 0, 0, 1, 1, 0, 2, 0, 2, 0, 0, 0, 2, 2, 1, 2, 0, 2, 1, 1, 0, 1, 0, 2, 2, 1, 2, 1, 1, 2, 1, 0, 1, 1, 2, 1, 0, 2, 0, 0, 0, 1, 1, 0, 0, 1, 2, 0, 1, 0, 1, 0, 2, 1, 1, 0, 0, 2, 2, 1, 0]|[1, 3, 0, 2, 4, 1, 1, 0, 2, 4, 2, 3, 1, 0, 2, 1, 1, 3, 2, 1, 2, 3, 0, 1, 1, 1, 2, 1, 4, 0, 3, 2, 2, 0, 1, 2, 1, 4, 0, 1, 0, 1, 4, 4, 1, 2, 0, 1, 2, 1, 2, 1, 2, 0, 1, 2, 0, 3, 0, 1, 3, 1, 0, 0, 4, 2, 2, 4, 1, 4, 1, 3, 1, 2, 4, 2, 1, 1, 1, 1, 4, 3, 0, 2, 4, 0, 0, 1, 2, 1, 0, 0, 1, 3, 2, 2, 1, 1, 1, 0]|[1, 2, 0, 1, 3, 0, 0, 0, 0, 0, 2, 2, 1, 0, 1, 0, 0, 2, 1, 0, 0, 2, 0, 0, 1, 0, 1, 0, 0, 1, 0, 2, 0, 0, 0, 0, 1, 3, 1, 0, 1, 0, 1, 3, 0, 0, 1, 0, 0, 0, 0, 1, 0, 3, 1, 0, 0, 0, 1, 0, 0, 0, 0, 0, 2, 0, 1, 0, 0, 2, 0, 0, 1, 0, 3, 1, 0, 0, 0, 1, 1, 0, 0, 1, 0, 0, 1, 3, 0, 1, 0, 0, 1, 0, 1, 0, 0, 0, 0, 1],918.3649870779893,57074.45567756217,132391.1461320182,false
2,G2_TEC,G4_BALANCED,[31, 22, 82, 15, 26, 9, 95, 42, 77, 4, 47, 5, 93, 78, 86, 54, 85, 63, 18, 44, 20, 49, 36, 14, 48, 50, 53, 17, 21, 45, 71, 64, 3, 23, 30, 83, 24, 41, 60, 52, 65, 27, 90, 70, 39, 87, 74, 69, 99, 68, 46, 1, 38, 58, 97, 59, 28, 8, 73, 37, 35, 79, 11, 66, 94, 32, 72, 13, 56, 6, 80, 61, 89, 92, 25, 34, 91, 57, 10, 7, 96, 88, 84, 19, 51, 33, 75, 62, 98, 29, 40, 2, 76, 12, 43, 67, 0, 55, 81, 16]|[0, 2, 2, 1, 1, 2, 0, 2, 0, 1, 2, 0, 2, 1, 1, 0, 0, 0, 0, 2, 2, 1, 0, 2, 2, 1, 2, 2, 1, 1, 0, 0, 0, 0, 1, 0, 0, 1, 2, 1, 0, 0, 1, 1, 0, 2, 0, 2, 1, 0, 0, 2, 2, 1, 2, 0, 2, 1, 1, 1, 2, 1, 2, 2, 2, 0, 1, 1, 1, 1, 0, 1, 1, 2, 1, 1, 0, 0, 1, 2, 0, 1, 0, 2, 0, 0, 0, 0, 1, 0, 2, 2, 2, 1, 1, 1, 0, 1, 2, 1]|[1, 2, 0, 2, 4, 1, 0, 2, 1, 4, 0, 2, 1, 4, 2, 1, 2, 1, 2, 1, 2, 3, 0, 1, 0, 2, 1, 1, 4, 0, 2, 2, 2, 0, 4, 1, 1, 4, 0, 3, 2, 1, 4, 4, 1, 2, 0, 2, 3, 1, 2, 1, 2, 0, 1, 2, 0, 3, 4, 3, 2, 3, 0, 0, 1, 0, 2, 4, 1, 4, 1, 3, 1, 2, 4, 4, 1, 0, 1, 1, 2, 1, 1, 2, 0, 2, 2, 2, 4, 2, 0, 1, 1, 3, 1, 3, 2, 4, 2, 4]|[1, 0, 0, 1, 3, 0, 0, 0, 1, 0, 0, 0, 1, 0, 1, 0, 0, 0, 1, 0, 0, 2, 0, 0, 0, 2, 0, 0, 0, 1, 0, 0, 0, 0, 3, 0, 0, 3, 1, 2, 0, 0, 1, 3, 0, 0, 1, 0, 2, 0, 0, 1, 0, 3, 1, 0, 0, 0, 2, 1, 0, 2, 0, 0, 0, 0, 1, 0, 0, 2, 0, 0, 1, 0, 3, 2, 0, 1, 1, 0, 0, 0, 1, 1, 0, 1, 0, 1, 2, 1, 0, 0, 0, 0, 3, 0, 0, 2, 1, 1],955.1567374775325,56597.6173879702,136714.70163577824,true
2,G3_TWC,G4_BALANCED,[31, 22, 82, 15, 26, 9, 95, 42, 77, 12, 47, 5, 93, 78, 86, 54, 85, 63, 18, 44, 20, 35, 43, 97, 91, 76, 10, 30, 21, 45, 71, 64, 1, 23, 17, 83, 24, 41, 60, 36, 65, 13, 90, 99, 75, 32, 74, 69, 67, 66, 46, 4, 38, 58, 19, 39, 53, 48, 27, 94, 56, 40, 50, 59, 11, 16, 72, 73, 70, 6, 37, 84, 3, 92, 25, 55, 28, 51, 29, 7, 96, 88, 61, 33, 89, 79, 68, 80, 8, 81, 14, 2, 62, 87, 52, 49, 0, 34, 98, 57]|[2, 1, 0, 1, 1, 0, 1, 2, 2, 1, 2, 2, 2, 1, 1, 0, 0, 0, 0, 2, 2, 1, 1, 2, 0, 1, 2, 2, 0, 0, 1, 2, 0, 2, 1, 0, 2, 1, 1, 1, 0, 0, 1, 0, 1, 0, 0, 2, 0, 0, 2, 0, 1, 1, 2, 1, 2, 1, 0, 1, 2, 2, 2, 1, 2, 1, 2, 1, 1, 0, 0, 1, 1, 0, 1, 1, 2, 0, 1, 1, 1, 1, 1, 0, 1, 0, 0, 0, 1, 2, 0, 0, 0, 1, 1, 0, 0, 1, 0, 1]|[0, 3, 2, 2, 4, 1, 2, 2, 1, 4, 0, 1, 2, 4, 4, 1, 2, 1, 2, 1, 1, 3, 1, 2, 1, 2, 1, 1, 1, 1, 3, 2, 2, 0, 4, 0, 1, 4, 0, 2, 1, 2, 3, 1, 0, 0, 0, 1, 0, 2, 1, 2, 1, 0, 0, 0, 1, 4, 1, 4, 1, 0, 1, 2, 1, 3, 0, 4, 1, 2, 1, 1, 1, 0, 4, 3, 0, 1, 3, 1, 3, 1, 3, 2, 1, 1, 2, 1, 3, 1, 2, 2, 2, 4, 2, 1, 2, 0, 0, 2]|[0, 2, 1, 1, 3, 0, 1, 0, 0, 0, 0, 0, 1, 0, 1, 0, 0, 0, 1, 0, 0, 2, 3, 1, 0, 2, 0, 0, 0, 1, 0, 0, 0, 0, 3, 0, 1, 3, 0, 1, 0, 0, 2, 0, 1, 0, 1, 0, 1, 0, 0, 0, 1, 3, 0, 1, 0, 2, 0, 2, 0, 0, 0, 1, 0, 2, 1, 0, 3, 1, 0, 3, 1, 1, 3, 0, 0, 0, 0, 2, 2, 0, 0, 1, 1, 0, 1, 0, 2, 0, 0, 0, 1, 0, 1, 1, 0, 3, 0, 1],945.5252359378954,59275.600109943414,122568.96948166145,true
2,G1_CMAX,G1_CMAX,[1, 22, 82, 15, 41, 39, 32, 87, 75, 12, 47, 5, 93, 78, 86, 54, 80, 53, 51, 49, 84, 14, 96, 38, 52, 2, 92, 89, 4, 59, 34, 61, 98, 72, 73, 55, 66, 68, 90, 42, 62, 27, 48, 81, 31, 19, 58, 9, 36, 17, 23, 10, 64, 71, 45, 21, 46, 76, 67, 95, 99, 25, 79, 13, 7, 37, 0, 16, 29, 70, 11, 28, 94, 3, 69, 50, 56, 65, 88, 40, 57, 6, 83, 26, 24, 60, 77, 33, 30, 85, 74, 63, 18, 44, 20, 35, 8, 43, 97, 91]|[0, 1, 2, 2, 1, 2, 1, 2, 2, 1, 1, 1, 0, 1, 1, 0, 0, 0, 0, 1, 1, 2, 1, 0, 1, 2, 2, 1, 1, 1, 1, 1, 0, 1, 1, 1, 2, 0, 1, 2, 2, 0, 2, 2, 0, 2, 1, 0, 0, 1, 1, 0, 2, 0, 2, 1, 0, 2, 0, 0, 0, 1, 2, 0, 2, 1, 1, 1, 1, 1, 1, 1, 2, 0, 2, 2, 1, 1, 1, 2, 1, 0, 0, 0, 0, 0, 0, 0, 0, 0, 0, 1, 0, 2, 1, 1, 1, 1, 2, 0]|[2, 4, 0, 0, 0, 1, 3, 2, 2, 4, 2, 3, 1, 4, 4, 1, 1, 2, 1, 3, 1, 1, 3, 0, 1, 1, 2, 1, 4, 2, 1, 3, 1, 2, 4, 4, 0, 1, 3, 2, 1, 1, 0, 2, 1, 0, 0, 2, 0, 1, 1, 2, 2, 2, 0, 3, 1, 1, 0, 1, 2, 4, 0, 2, 1, 4, 3, 4, 3, 1, 4, 2, 0, 2, 2, 1, 1, 4, 4, 0, 2, 0, 0, 1, 1, 0, 2, 2, 1, 2, 1, 3, 2, 1, 4, 0, 4, 1, 1, 1]|[1, 1, 0, 0, 1, 0, 0, 0, 0, 0, 2, 2, 0, 0, 1, 0, 0, 1, 0, 0, 3, 1, 2, 1, 3, 0, 0, 1, 0, 1, 1, 0, 0, 1, 0, 3, 0, 0, 2, 0, 0, 0, 0, 1, 0, 0, 3, 1, 0, 1, 1, 1, 0, 0, 0, 0, 0, 0, 1, 0, 0, 3, 0, 0, 0, 3, 0, 1, 0, 0, 2, 1, 0, 0, 0, 0, 0, 3, 3, 0, 1, 1, 0, 1, 0, 1, 0, 1, 0, 0, 1, 2, 1, 0, 1, 0, 2, 3, 0, 0],827.9954936077085,59471.83308717563,126609.0182905769,false
2,G4_BALANCED,G4_BALANCED,[31, 22, 82, 15, 26, 9, 95, 42, 77, 4, 47, 5, 93, 78, 86, 54, 85, 63, 18, 44, 20, 49, 36, 14, 48, 50, 53, 17, 21, 45, 71, 64, 3, 23, 30, 83, 24, 41, 60, 52, 65, 27, 90, 70, 39, 87, 74, 69, 99, 68, 46, 1, 38, 58, 97, 59, 28, 8, 73, 37, 35, 79, 11, 66, 94, 32, 72, 13, 34, 6, 80, 61, 89, 92, 25, 62, 2, 98, 91, 43, 56, 67, 29, 84, 12, 19, 57, 75, 0, 81, 51, 40, 10, 55, 33, 96, 7, 76, 88, 16]|[0, 1, 2, 1, 1, 2, 2, 0, 1, 1, 1, 1, 2, 2, 1, 0, 0, 1, 0, 2, 2, 1, 0, 2, 1, 2, 0, 2, 1, 1, 1, 1, 0, 0, 0, 0, 2, 1, 2, 2, 0, 0, 1, 1, 0, 2, 0, 2, 0, 0, 0, 2, 2, 1, 2, 0, 2, 1, 1, 0, 1, 0, 2, 2, 1, 2, 1, 1, 2, 1, 0, 1, 1, 2, 1, 0, 2, 0, 0, 0, 1, 1, 0, 0, 1, 2, 0, 1, 0, 1, 0, 2, 1, 1, 0, 0, 2, 2, 1, 0]|[1, 3, 0, 2, 4, 1, 1, 0, 2, 4, 2, 3, 1, 0, 2, 1, 1, 3, 2, 1, 2, 3, 0, 1, 1, 1, 2, 1, 4, 0, 3, 2, 2, 0, 1, 2, 1, 4, 0, 1, 0, 1, 4, 4, 1, 2, 0, 1, 2, 1, 2, 1, 2, 0, 1, 2, 0, 3, 0, 1, 3, 1, 0, 0, 4, 2, 2, 4, 1, 4, 1, 3, 1, 2, 4, 2, 1, 1, 1, 1, 4, 3, 0, 2, 4, 0, 0, 1, 2, 1, 0, 0, 1, 3, 2, 2, 1, 1, 1, 0]|[1, 2, 0, 1, 3, 0, 0, 0, 0, 0, 2, 2, 1, 0, 1, 0, 0, 2, 1, 0, 0, 2, 0, 0, 1, 0, 1, 0, 0, 1, 0, 2, 0, 0, 0, 0, 1, 3, 1, 0, 1, 0, 1, 3, 0, 0, 1, 0, 0, 0, 0, 1, 0, 3, 1, 0, 0, 0, 1, 0, 0, 0, 0, 0, 2, 0, 1, 0, 0, 2, 0, 0, 1, 0, 3, 1, 0, 0, 0, 1, 1, 0, 0, 1, 0, 0, 1, 3, 0, 1, 0, 0, 1, 0, 1, 0, 0, 0, 0, 1],918.3649870779893,57074.45567756217,132391.1461320182,false
2,G2_TEC,G4_BALANCED,[31, 22, 82, 15, 26, 9, 95, 42, 77, 4, 47, 5, 93, 78, 86, 54, 85, 63, 18, 44, 20, 49, 36, 14, 48, 50, 53, 17, 21, 45, 71, 64, 3, 23, 30, 83, 24, 41, 60, 52, 65, 27, 90, 70, 39, 87, 74, 69, 99, 68, 46, 1, 38, 58, 97, 59, 28, 8, 73, 37, 35, 79, 11, 66, 94, 32, 72, 13, 56, 6, 80, 61, 89, 92, 25, 34, 91, 57, 10, 7, 96, 88, 84, 19, 51, 33, 75, 62, 98, 29, 40, 2, 76, 12, 43, 67, 0, 55, 81, 16]|[0, 2, 2, 1, 1, 2, 0, 2, 0, 1, 2, 0, 2, 1, 1, 0, 0, 0, 0, 2, 2, 1, 0, 2, 2, 1, 2, 2, 1, 1, 0, 0, 0, 0, 1, 0, 0, 1, 2, 1, 0, 0, 1, 1, 0, 2, 0, 2, 1, 0, 0, 2, 2, 1, 2, 0, 2, 1, 1, 1, 2, 1, 2, 2, 2, 0, 1, 1, 1, 1, 0, 1, 1, 2, 1, 1, 0, 0, 1, 2, 0, 1, 0, 2, 0, 0, 0, 0, 1, 0, 2, 2, 2, 1, 1, 1, 0, 1, 2, 1]|[1, 2, 0, 2, 4, 1, 0, 2, 1, 4, 0, 2, 1, 4, 2, 1, 2, 1, 2, 1, 2, 3, 0, 1, 0, 2, 1, 1, 4, 0, 2, 2, 2, 0, 4, 1, 1, 4, 0, 3, 2, 1, 4, 4, 1, 2, 0, 2, 3, 1, 2, 1, 2, 0, 1, 2, 0, 3, 4, 3, 2, 3, 0, 0, 1, 0, 2, 4, 1, 4, 1, 3, 1, 2, 4, 4, 1, 0, 1, 1, 2, 1, 1, 2, 0, 2, 2, 2, 4, 2, 0, 1, 1, 3, 1, 3, 2, 4, 2, 4]|[1, 0, 0, 1, 3, 0, 0, 0, 1, 0, 0, 0, 1, 0, 1, 0, 0, 0, 1, 0, 0, 2, 0, 0, 0, 2, 0, 0, 0, 1, 0, 0, 0, 0, 3, 0, 0, 3, 1, 2, 0, 0, 1, 3, 0, 0, 1, 0, 2, 0, 0, 1, 0, 3, 1, 0, 0, 0, 2, 1, 0, 2, 0, 0, 0, 0, 1, 0, 0, 2, 0, 0, 1, 0, 3, 2, 0, 1, 1, 0, 0, 0, 1, 1, 0, 1, 0, 1, 2, 1, 0, 0, 0, 0, 3, 0, 0, 2, 1, 1],955.1567374775325,56597.6173879702,136714.70163577824,true
2,G3_TWC,G4_BALANCED,[31, 22, 82, 15, 26, 9, 95, 42, 77, 12, 47, 5, 93, 78, 86, 54, 85, 63, 18, 44, 20, 35, 43, 97, 91, 76, 10, 30, 21, 45, 71, 64, 1, 23, 17, 83, 24, 41, 60, 36, 65, 13, 90, 99, 75, 32, 74, 69, 67, 66, 46, 4, 38, 58, 19, 39, 53, 48, 27, 94, 56, 40, 50, 59, 11, 16, 72, 73, 70, 6, 37, 84, 3, 92, 25, 55, 28, 51, 29, 7, 96, 88, 61, 33, 89, 79, 68, 80, 8, 81, 14, 2, 62, 87, 52, 49, 0, 34, 98, 57]|[2, 1, 0, 1, 1, 0, 1, 2, 2, 1, 2, 2, 2, 1, 1, 0, 0, 0, 0, 2, 2, 1, 1, 2, 0, 1, 2, 2, 0, 0, 1, 2, 0, 2, 1, 0, 2, 1, 1, 1, 0, 0, 1, 0, 1, 0, 0, 2, 0, 0, 2, 0, 1, 1, 2, 1, 2, 1, 0, 1, 2, 2, 2, 1, 2, 1, 2, 1, 1, 0, 0, 1, 1, 0, 1, 1, 2, 0, 1, 1, 1, 1, 1, 0, 1, 0, 0, 0, 1, 2, 0, 0, 0, 1, 1, 0, 0, 1, 0, 1]|[0, 3, 2, 2, 4, 1, 2, 2, 1, 4, 0, 1, 2, 4, 4, 1, 2, 1, 2, 1, 1, 3, 1, 2, 1, 2, 1, 1, 1, 1, 3, 2, 2, 0, 4, 0, 1, 4, 0, 2, 1, 2, 3, 1, 0, 0, 0, 1, 0, 2, 1, 2, 1, 0, 0, 0, 1, 4, 1, 4, 1, 0, 1, 2, 1, 3, 0, 4, 1, 2, 1, 1, 1, 0, 4, 3, 0, 1, 3, 1, 3, 1, 3, 2, 1, 1, 2, 1, 3, 1, 2, 2, 2, 4, 2, 1, 2, 0, 0, 2]|[0, 2, 1, 1, 3, 0, 1, 0, 0, 0, 0, 0, 1, 0, 1, 0, 0, 0, 1, 0, 0, 2, 3, 1, 0, 2, 0, 0, 0, 1, 0, 0, 0, 0, 3, 0, 1, 3, 0, 1, 0, 0, 2, 0, 1, 0, 1, 0, 1, 0, 0, 0, 1, 3, 0, 1, 0, 2, 0, 2, 0, 0, 0, 1, 0, 2, 1, 0, 3, 1, 0, 3, 1, 1, 3, 0, 0, 0, 0, 2, 2, 0, 0, 1, 1, 0, 1, 0, 2, 0, 0, 0, 1, 0, 1, 1, 0, 3, 0, 1],945.5252359378954,59275.600109943414,122568.96948166145,true
2,G1_CMAX,G1_CMAX,[1, 22, 82, 15, 41, 39, 32, 87, 75, 12, 47, 5, 93, 78, 86, 54, 80, 53, 51, 49, 84, 14, 96, 38, 52, 2, 92, 89, 4, 59, 34, 61, 98, 72, 73, 55, 66, 68, 90, 42, 62, 27, 48, 81, 31, 19, 58, 9, 36, 17, 23, 10, 64, 71, 45, 21, 46, 76, 67, 95, 99, 25, 79, 13, 7, 37, 0, 16, 29, 70, 11, 28, 94, 3, 69, 50, 56, 65, 88, 40, 57, 6, 83, 26, 24, 60, 77, 33, 30, 85, 74, 63, 18, 44, 20, 35, 8, 43, 97, 91]|[0, 1, 2, 2, 1, 2, 1, 2, 2, 1, 1, 1, 0, 1, 1, 0, 0, 0, 0, 1, 1, 2, 1, 0, 1, 2, 2, 1, 1, 1, 1, 1, 0, 1, 1, 1, 2, 0, 1, 2, 2, 0, 2, 2, 0, 2, 1, 0, 0, 1, 1, 0, 2, 0, 2, 1, 0, 2, 0, 0, 0, 1, 2, 0, 2, 1, 1, 1, 1, 1, 1, 1, 2, 0, 2, 2, 1, 1, 1, 2, 1, 0, 0, 0, 0, 0, 0, 0, 0, 0, 0, 1, 0, 2, 1, 1, 1, 1, 2, 0]|[2, 4, 0, 0, 0, 1, 3, 2, 2, 4, 2, 3, 1, 4, 4, 1, 1, 2, 1, 3, 1, 1, 3, 0, 1, 1, 2, 1, 4, 2, 1, 3, 1, 2, 4, 4, 0, 1, 3, 2, 1, 1, 0, 2, 1, 0, 0, 2, 0, 1, 1, 2, 2, 2, 0, 3, 1, 1, 0, 1, 2, 4, 0, 2, 1, 4, 3, 4, 3, 1, 4, 2, 0, 2, 2, 1, 1, 4, 4, 0, 2, 0, 0, 1, 1, 0, 2, 2, 1, 2, 1, 3, 2, 1, 4, 0, 4, 1, 1, 1]|[1, 1, 0, 0, 1, 0, 0, 0, 0, 0, 2, 2, 0, 0, 1, 0, 0, 1, 0, 0, 3, 1, 2, 1, 3, 0, 0, 1, 0, 1, 1, 0, 0, 1, 0, 3, 0, 0, 2, 0, 0, 0, 0, 1, 0, 0, 3, 1, 0, 1, 1, 1, 0, 0, 0, 0, 0, 0, 1, 0, 0, 3, 0, 0, 0, 3, 0, 1, 0, 0, 2, 1, 0, 0, 0, 0, 0, 3, 3, 0, 1, 1, 0, 1, 0, 1, 0, 1, 0, 0, 1, 2, 1, 0, 1, 0, 2, 3, 0, 0],827.9954936077085,59471.83308717563,126609.0182905769,false
2,G4_BALANCED,G4_BALANCED,[31, 22, 82, 15, 26, 9, 95, 42, 77, 4, 47, 5, 93, 78, 86, 54, 85, 63, 18, 44, 20, 49, 36, 14, 48, 50, 53, 17, 21, 45, 71, 64, 3, 23, 30, 83, 24, 41, 60, 52, 65, 27, 90, 70, 39, 87, 74, 69, 99, 68, 46, 1, 38, 58, 97, 59, 28, 8, 73, 37, 35, 79, 11, 66, 94, 32, 72, 13, 34, 6, 80, 61, 89, 92, 25, 62, 2, 98, 91, 43, 56, 67, 29, 84, 12, 19, 57, 75, 0, 81, 51, 40, 10, 55, 33, 96, 7, 76, 88, 16]|[0, 1, 2, 1, 1, 2, 2, 0, 1, 1, 1, 1, 2, 2, 1, 0, 0, 1, 0, 2, 2, 1, 0, 2, 1, 2, 0, 2, 1, 1, 1, 1, 0, 0, 0, 0, 2, 1, 2, 2, 0, 0, 1, 1, 0, 2, 0, 2, 0, 0, 0, 2, 2, 1, 2, 0, 2, 1, 1, 0, 1, 0, 2, 2, 1, 2, 1, 1, 2, 1, 0, 1, 1, 2, 1, 0, 2, 0, 0, 0, 1, 1, 0, 0, 1, 2, 0, 1, 0, 1, 0, 2, 1, 1, 0, 0, 2, 2, 1, 0]|[1, 3, 0, 2, 4, 1, 1, 0, 2, 4, 2, 3, 1, 0, 2, 1, 1, 3, 2, 1, 2, 3, 0, 1, 1, 1, 2, 1, 4, 0, 3, 2, 2, 0, 1, 2, 1, 4, 0, 1, 0, 1, 4, 4, 1, 2, 0, 1, 2, 1, 2, 1, 2, 0, 1, 2, 0, 3, 0, 1, 3, 1, 0, 0, 4, 2, 2, 4, 1, 4, 1, 3, 1, 2, 4, 2, 1, 1, 1, 1, 4, 3, 0, 2, 4, 0, 0, 1, 2, 1, 0, 0, 1, 3, 2, 2, 1, 1, 1, 0]|[1, 2, 0, 1, 3, 0, 0, 0, 0, 0, 2, 2, 1, 0, 1, 0, 0, 2, 1, 0, 0, 2, 0, 0, 1, 0, 1, 0, 0, 1, 0, 2, 0, 0, 0, 0, 1, 3, 1, 0, 1, 0, 1, 3, 0, 0, 1, 0, 0, 0, 0, 1, 0, 3, 1, 0, 0, 0, 1, 0, 0, 0, 0, 0, 2, 0, 1, 0, 0, 2, 0, 0, 1, 0, 3, 1, 0, 0, 0, 1, 1, 0, 0, 1, 0, 0, 1, 3, 0, 1, 0, 0, 1, 0, 1, 0, 0, 0, 0, 1],918.3649870779893,57074.45567756217,132391.1461320182,false
2,G2_TEC,G2_TEC,[31, 22, 82, 15, 26, 9, 95, 42, 77, 4, 47, 5, 93, 78, 86, 54, 85, 63, 18, 44, 20, 49, 36, 14, 48, 50, 53, 17, 21, 45, 71, 64, 3, 23, 30, 83, 24, 41, 60, 52, 65, 27, 90, 70, 39, 87, 74, 69, 99, 68, 46, 1, 38, 58, 97, 59, 28, 8, 73, 37, 35, 79, 11, 66, 94, 32, 72, 13, 56, 6, 80, 61, 89, 92, 25, 34, 91, 57, 10, 7, 96, 88, 84, 19, 51, 33, 67, 75, 0, 81, 12, 40, 16, 55, 62, 2, 43, 76, 29, 98]|[0, 1, 2, 2, 1, 2, 0, 0, 1, 1, 2, 0, 2, 1, 1, 0, 0, 1, 0, 2, 2, 1, 0, 2, 2, 2, 2, 2, 0, 1, 0, 0, 0, 0, 1, 0, 2, 1, 2, 1, 0, 0, 1, 1, 0, 1, 0, 2, 1, 0, 0, 2, 2, 1, 2, 0, 2, 1, 1, 0, 2, 1, 2, 2, 2, 0, 1, 1, 2, 1, 0, 1, 1, 0, 1, 1, 1, 0, 1, 2, 0, 1, 0, 2, 0, 2, 1, 0, 0, 1, 1, 2, 1, 1, 0, 2, 2, 2, 1, 1]|[1, 3, 0, 2, 4, 1, 0, 0, 2, 4, 0, 2, 1, 4, 2, 1, 2, 3, 2, 1, 2, 3, 0, 1, 0, 1, 1, 1, 1, 0, 2, 2, 2, 0, 4, 2, 1, 4, 0, 3, 2, 1, 4, 4, 1, 0, 0, 2, 3, 1, 2, 1, 2, 0, 1, 2, 0, 3, 4, 1, 2, 3, 0, 0, 1, 0, 2, 4, 1, 4, 1, 3, 1, 1, 4, 4, 4, 1, 1, 1, 2, 4, 2, 2, 0, 0, 3, 2, 2, 1, 3, 0, 4, 4, 2, 1, 1, 1, 1, 4]|[1, 2, 0, 0, 3, 0, 0, 0, 0, 0, 0, 0, 1, 0, 1, 0, 0, 2, 1, 0, 0, 2, 0, 0, 0, 0, 0, 0, 0, 1, 0, 0, 0, 0, 3, 0, 1, 3, 1, 2, 0, 0, 1, 3, 0, 0, 1, 0, 2, 0, 0, 1, 0, 3, 1, 0, 0, 0, 2, 0, 0, 2, 0, 0, 0, 1, 1, 0, 0, 2, 0, 0, 1, 0, 3, 2, 1, 0, 1, 0, 0, 1, 1, 1, 0, 0, 0, 0, 0, 1, 0, 0, 1, 2, 1, 0, 0, 0, 0, 2],947.7403185193954,56545.51498881621,135850.26726899145,false
2,G3_TWC,G4_BALANCED,[31, 22, 82, 15, 26, 9, 95, 42, 77, 12, 47, 5, 93, 78, 86, 54, 85, 63, 18, 44, 20, 35, 43, 97, 91, 76, 10, 30, 21, 45, 71, 64, 1, 23, 17, 83, 24, 41, 60, 36, 65, 13, 90, 99, 75, 32, 74, 69, 67, 66, 46, 4, 38, 58, 19, 39, 53, 48, 27, 94, 56, 40, 50, 59, 11, 16, 72, 73, 70, 6, 37, 84, 3, 92, 25, 55, 28, 51, 29, 7, 96, 88, 61, 33, 89, 79, 68, 80, 8, 81, 14, 2, 62, 87, 52, 49, 0, 34, 98, 57]|[2, 1, 0, 1, 1, 0, 1, 2, 2, 1, 2, 2, 2, 1, 1, 0, 0, 0, 0, 2, 2, 1, 1, 2, 0, 1, 2, 2, 0, 0, 1, 2, 0, 2, 1, 0, 2, 1, 1, 1, 0, 0, 1, 0, 1, 0, 0, 2, 0, 0, 2, 0, 1, 1, 2, 1, 2, 1, 0, 1, 2, 2, 2, 1, 2, 1, 2, 1, 1, 0, 0, 1, 1, 0, 1, 1, 2, 0, 1, 1, 1, 1, 1, 0, 1, 0, 0, 0, 1, 2, 0, 0, 0, 1, 1, 0, 0, 1, 0, 1]|[0, 3, 2, 2, 4, 1, 2, 2, 1, 4, 0, 1, 2, 4, 4, 1, 2, 1, 2, 1, 1, 3, 1, 2, 1, 2, 1, 1, 1, 1, 3, 2, 2, 0, 4, 0, 1, 4, 0, 2, 1, 2, 3, 1, 0, 0, 0, 1, 0, 2, 1, 2, 1, 0, 0, 0, 1, 4, 1, 4, 1, 0, 1, 2, 1, 3, 0, 4, 1, 2, 1, 1, 1, 0, 4, 3, 0, 1, 3, 1, 3, 1, 3, 2, 1, 1, 2, 1, 3, 1, 2, 2, 2, 4, 2, 1, 2, 0, 0, 2]|[0, 2, 1, 1, 3, 0, 1, 0, 0, 0, 0, 0, 1, 0, 1, 0, 0, 0, 1, 0, 0, 2, 3, 1, 0, 2, 0, 0, 0, 1, 0, 0, 0, 0, 3, 0, 1, 3, 0, 1, 0, 0, 2, 0, 1, 0, 1, 0, 1, 0, 0, 0, 1, 3, 0, 1, 0, 2, 0, 2, 0, 0, 0, 1, 0, 2, 1, 0, 3, 1, 0, 3, 1, 1, 3, 0, 0, 0, 0, 2, 2, 0, 0, 1, 1, 0, 1, 0, 2, 0, 0, 0, 1, 0, 1, 1, 0, 3, 0, 1],945.5252359378954,59275.600109943414,122568.96948166145,true
2,G1_CMAX,G1_CMAX,[1, 22, 82, 15, 41, 39, 32, 87, 75, 12, 47, 5, 93, 78, 86, 54, 80, 53, 51, 49, 84, 14, 96, 38, 52, 2, 92, 89, 4, 59, 34, 61, 98, 72, 73, 55, 66, 68, 90, 42, 62, 27, 48, 81, 31, 19, 58, 9, 36, 17, 23, 10, 64, 71, 45, 21, 46, 76, 67, 95, 99, 25, 79, 13, 7, 37, 0, 16, 29, 70, 11, 28, 94, 3, 69, 50, 56, 65, 88, 40, 57, 6, 83, 26, 24, 60, 77, 33, 30, 85, 74, 63, 18, 44, 20, 35, 8, 43, 97, 91]|[0, 1, 2, 2, 1, 2, 1, 2, 2, 1, 1, 1, 0, 1, 1, 0, 0, 0, 0, 1, 1, 2, 1, 0, 1, 2, 2, 1, 1, 1, 1, 1, 0, 1, 1, 1, 2, 0, 1, 2, 2, 0, 2, 2, 0, 2, 1, 0, 0, 1, 1, 0, 2, 0, 2, 1, 0, 2, 0, 0, 0, 1, 2, 0, 2, 1, 1, 1, 1, 1, 1, 1, 2, 0, 2, 2, 1, 1, 1, 2, 1, 0, 0, 0, 0, 0, 0, 0, 0, 0, 0, 1, 0, 2, 1, 1, 1, 1, 2, 0]|[2, 4, 0, 0, 0, 1, 3, 2, 2, 4, 2, 3, 1, 4, 4, 1, 1, 2, 1, 3, 1, 1, 3, 0, 1, 1, 2, 1, 4, 2, 1, 3, 1, 2, 4, 4, 0, 1, 3, 2, 1, 1, 0, 2, 1, 0, 0, 2, 0, 1, 1, 2, 2, 2, 0, 3, 1, 1, 0, 1, 2, 4, 0, 2, 1, 4, 3, 4, 3, 1, 4, 2, 0, 2, 2, 1, 1, 4, 4, 0, 2, 0, 0, 1, 1, 0, 2, 2, 1, 2, 1, 3, 2, 1, 4, 0, 4, 1, 1, 1]|[1, 1, 0, 0, 1, 0, 0, 0, 0, 0, 2, 2, 0, 0, 1, 0, 0, 1, 0, 0, 3, 1, 2, 1, 3, 0, 0, 1, 0, 1, 1, 0, 0, 1, 0, 3, 0, 0, 2, 0, 0, 0, 0, 1, 0, 0, 3, 1, 0, 1, 1, 1, 0, 0, 0, 0, 0, 0, 1, 0, 0, 3, 0, 0, 0, 3, 0, 1, 0, 0, 2, 1, 0, 0, 0, 0, 0, 3, 3, 0, 1, 1, 0, 1, 0, 1, 0, 1, 0, 0, 1, 2, 1, 0, 1, 0, 2, 3, 0, 0],827.9954936077085,59471.83308717563,126609.0182905769,false
2,G4_BALANCED,G4_BALANCED,[31, 22, 82, 15, 26, 9, 95, 42, 77, 4, 47, 5, 93, 78, 86, 54, 85, 63, 18, 44, 20, 49, 36, 14, 48, 50, 53, 17, 21, 45, 71, 64, 3, 23, 30, 83, 24, 41, 60, 52, 65, 27, 90, 70, 39, 87, 74, 69, 99, 68, 46, 1, 38, 58, 97, 59, 28, 8, 73, 37, 35, 79, 11, 66, 94, 32, 72, 13, 34, 6, 80, 61, 89, 92, 25, 62, 2, 98, 91, 43, 56, 67, 29, 84, 12, 19, 57, 75, 0, 81, 51, 40, 10, 55, 33, 96, 7, 76, 88, 16]|[0, 1, 2, 1, 1, 2, 2, 0, 1, 1, 1, 1, 2, 2, 1, 0, 0, 1, 0, 2, 2, 1, 0, 2, 1, 2, 0, 2, 1, 1, 1, 1, 0, 0, 0, 0, 2, 1, 2, 2, 0, 0, 1, 1, 0, 2, 0, 2, 0, 0, 0, 2, 2, 1, 2, 0, 2, 1, 1, 0, 1, 0, 2, 2, 1, 2, 1, 1, 2, 1, 0, 1, 1, 2, 1, 0, 2, 0, 0, 0, 1, 1, 0, 0, 1, 2, 0, 1, 0, 1, 0, 2, 1, 1, 0, 0, 2, 2, 1, 0]|[1, 3, 0, 2, 4, 1, 1, 0, 2, 4, 2, 3, 1, 0, 2, 1, 1, 3, 2, 1, 2, 3, 0, 1, 1, 1, 2, 1, 4, 0, 3, 2, 2, 0, 1, 2, 1, 4, 0, 1, 0, 1, 4, 4, 1, 2, 0, 1, 2, 1, 2, 1, 2, 0, 1, 2, 0, 3, 0, 1, 3, 1, 0, 0, 4, 2, 2, 4, 1, 4, 1, 3, 1, 2, 4, 2, 1, 1, 1, 1, 4, 3, 0, 2, 4, 0, 0, 1, 2, 1, 0, 0, 1, 3, 2, 2, 1, 1, 1, 0]|[1, 2, 0, 1, 3, 0, 0, 0, 0, 0, 2, 2, 1, 0, 1, 0, 0, 2, 1, 0, 0, 2, 0, 0, 1, 0, 1, 0, 0, 1, 0, 2, 0, 0, 0, 0, 1, 3, 1, 0, 1, 0, 1, 3, 0, 0, 1, 0, 0, 0, 0, 1, 0, 3, 1, 0, 0, 0, 1, 0, 0, 0, 0, 0, 2, 0, 1, 0, 0, 2, 0, 0, 1, 0, 3, 1, 0, 0, 0, 1, 1, 0, 0, 1, 0, 0, 1, 3, 0, 1, 0, 0, 1, 0, 1, 0, 0, 0, 0, 1],918.3649870779893,57074.45567756217,132391.1461320182,false
2,G2_TEC,G2_TEC,[31, 22, 82, 15, 26, 9, 95, 42, 77, 4, 47, 5, 93, 78, 86, 54, 85, 63, 18, 44, 20, 49, 36, 14, 48, 50, 53, 17, 21, 45, 71, 64, 3, 23, 30, 83, 24, 41, 60, 52, 65, 27, 90, 70, 39, 87, 74, 69, 99, 68, 46, 1, 38, 58, 97, 59, 28, 8, 73, 37, 35, 79, 11, 66, 94, 32, 72, 13, 56, 6, 80, 61, 89, 92, 25, 34, 91, 57, 10, 7, 96, 88, 84, 19, 51, 33, 67, 75, 0, 81, 12, 40, 16, 55, 62, 2, 43, 76, 29, 98]|[0, 1, 2, 2, 1, 2, 0, 0, 1, 1, 2, 0, 2, 1, 1, 0, 0, 1, 0, 2, 2, 1, 0, 2, 2, 2, 2, 2, 0, 1, 0, 0, 0, 0, 1, 0, 2, 1, 2, 1, 0, 0, 1, 1, 0, 1, 0, 2, 1, 0, 0, 2, 2, 1, 2, 0, 2, 1, 1, 0, 2, 1, 2, 2, 2, 0, 1, 1, 2, 1, 0, 1, 1, 0, 1, 1, 1, 0, 1, 2, 0, 1, 0, 2, 0, 2, 1, 0, 0, 1, 1, 2, 1, 1, 0, 2, 2, 2, 1, 1]|[1, 3, 0, 2, 4, 1, 0, 0, 2, 4, 0, 2, 1, 4, 2, 1, 2, 3, 2, 1, 2, 3, 0, 1, 0, 1, 1, 1, 1, 0, 2, 2, 2, 0, 4, 2, 1, 4, 0, 3, 2, 1, 4, 4, 1, 0, 0, 2, 3, 1, 2, 1, 2, 0, 1, 2, 0, 3, 4, 1, 2, 3, 0, 0, 1, 0, 2, 4, 1, 4, 1, 3, 1, 1, 4, 4, 4, 1, 1, 1, 2, 4, 2, 2, 0, 0, 3, 2, 2, 1, 3, 0, 4, 4, 2, 1, 1, 1, 1, 4]|[1, 2, 0, 0, 3, 0, 0, 0, 0, 0, 0, 0, 1, 0, 1, 0, 0, 2, 1, 0, 0, 2, 0, 0, 0, 0, 0, 0, 0, 1, 0, 0, 0, 0, 3, 0, 1, 3, 1, 2, 0, 0, 1, 3, 0, 0, 1, 0, 2, 0, 0, 1, 0, 3, 1, 0, 0, 0, 2, 0, 0, 2, 0, 0, 0, 1, 1, 0, 0, 2, 0, 0, 1, 0, 3, 2, 1, 0, 1, 0, 0, 1, 1, 1, 0, 0, 0, 0, 0, 1, 0, 0, 1, 2, 1, 0, 0, 0, 0, 2],947.7403185193954,56545.51498881621,135850.26726899145,false
2,G3_TWC,G3_TWC,[31, 22, 82, 15, 26, 9, 95, 42, 77, 12, 47, 5, 93, 78, 86, 54, 85, 63, 18, 44, 20, 35, 43, 97, 91, 76, 10, 30, 21, 45, 71, 64, 1, 23, 17, 83, 24, 41, 60, 36, 6, 57, 90, 50, 39, 87, 8, 69, 67, 66, 46, 75, 38, 58, 19, 32, 81, 48, 27, 94, 56, 40, 99, 59, 11, 16, 72, 73, 70, 65, 37, 84, 3, 92, 25, 55, 28, 51, 29, 7, 96, 88, 61, 33, 89, 79, 68, 80, 74, 53, 14, 2, 62, 4, 52, 49, 0, 34, 98, 13]|[2, 1, 0, 1, 1, 0, 1, 2, 2, 1, 2, 2, 2, 1, 1, 0, 0, 0, 0, 2, 2, 0, 1, 2, 0, 1, 2, 2, 0, 0, 1, 2, 1, 2, 1, 0, 2, 1, 1, 1, 0, 1, 1, 2, 1, 2, 1, 2, 0, 0, 0, 0, 1, 1, 2, 0, 2, 1, 0, 1, 2, 2, 0, 1, 2, 1, 2, 1, 1, 0, 0, 1, 1, 0, 1, 1, 2, 0, 1, 1, 1, 1, 1, 0, 1, 0, 0, 0, 2, 0, 0, 0, 0, 0, 1, 0, 0, 1, 0, 0]|[0, 3, 2, 2, 4, 1, 2, 2, 1, 4, 0, 1, 2, 4, 4, 1, 2, 1, 2, 1, 1, 1, 1, 2, 1, 2, 1, 1, 1, 1, 3, 2, 3, 0, 4, 0, 1, 4, 0, 2, 2, 2, 3, 1, 0, 2, 3, 2, 0, 2, 2, 2, 1, 0, 0, 0, 1, 4, 1, 4, 1, 0, 1, 2, 1, 3, 0, 4, 1, 1, 1, 1, 1, 0, 4, 4, 0, 1, 3, 1, 3, 1, 3, 2, 1, 1, 2, 1, 0, 2, 2, 2, 2, 2, 2, 1, 2, 0, 0, 2]|[0, 2, 1, 1, 3, 0, 1, 0, 0, 0, 0, 0, 1, 0, 1, 0, 0, 0, 1, 0, 0, 1, 3, 1, 0, 2, 0, 0, 0, 1, 0, 0, 0, 0, 3, 0, 1, 3, 0, 1, 1, 1, 2, 0, 1, 0, 2, 0, 1, 0, 0, 0, 1, 3, 0, 0, 0, 2, 0, 2, 0, 0, 0, 1, 0, 2, 1, 0, 3, 0, 0, 3, 1, 1, 3, 3, 0, 0, 0, 2, 2, 0, 0, 1, 1, 0, 1, 0, 0, 1, 0, 0, 1, 0, 1, 1, 0, 3, 0, 0],924.7050498680447,59211.6615931601,121049.68893988011,false
2,G1_CMAX,G1_CMAX,[1, 22, 82, 15, 41, 39, 32, 87, 75, 12, 47, 5, 93, 78, 86, 54, 80, 53, 51, 49, 84, 14, 96, 38, 52, 2, 92, 89, 4, 59, 34, 61, 98, 72, 73, 55, 66, 68, 90, 42, 62, 27, 48, 81, 31, 19, 58, 9, 36, 17, 23, 10, 64, 71, 45, 21, 46, 76, 67, 95, 99, 25, 79, 13, 7, 37, 0, 16, 29, 70, 11, 28, 94, 3, 69, 50, 56, 65, 88, 40, 57, 6, 83, 26, 24, 60, 77, 33, 30, 85, 74, 63, 18, 44, 20, 35, 8, 43, 97, 91]|[0, 1, 2, 2, 1, 2, 1, 2, 2, 1, 1, 1, 0, 1, 1, 0, 0, 0, 0, 1, 1, 2, 1, 0, 1, 2, 2, 1, 1, 1, 1, 1, 0, 1, 1, 1, 2, 0, 1, 2, 2, 0, 2, 2, 0, 2, 1, 0, 0, 1, 1, 0, 2, 0, 2, 1, 0, 2, 0, 0, 0, 1, 2, 0, 2, 1, 1, 1, 1, 1, 1, 1, 2, 0, 2, 2, 1, 1, 1, 2, 1, 0, 0, 0, 0, 0, 0, 0, 0, 0, 0, 1, 0, 2, 1, 1, 1, 1, 2, 0]|[2, 4, 0, 0, 0, 1, 3, 2, 2, 4, 2, 3, 1, 4, 4, 1, 1, 2, 1, 3, 1, 1, 3, 0, 1, 1, 2, 1, 4, 2, 1, 3, 1, 2, 4, 4, 0, 1, 3, 2, 1, 1, 0, 2, 1, 0, 0, 2, 0, 1, 1, 2, 2, 2, 0, 3, 1, 1, 0, 1, 2, 4, 0, 2, 1, 4, 3, 4, 3, 1, 4, 2, 0, 2, 2, 1, 1, 4, 4, 0, 2, 0, 0, 1, 1, 0, 2, 2, 1, 2, 1, 3, 2, 1, 4, 0, 4, 1, 1, 1]|[1, 1, 0, 0, 1, 0, 0, 0, 0, 0, 2, 2, 0, 0, 1, 0, 0, 1, 0, 0, 3, 1, 2, 1, 3, 0, 0, 1, 0, 1, 1, 0, 0, 1, 0, 3, 0, 0, 2, 0, 0, 0, 0, 1, 0, 0, 3, 1, 0, 1, 1, 1, 0, 0, 0, 0, 0, 0, 1, 0, 0, 3, 0, 0, 0, 3, 0, 1, 0, 0, 2, 1, 0, 0, 0, 0, 0, 3, 3, 0, 1, 1, 0, 1, 0, 1, 0, 1, 0, 0, 1, 2, 1, 0, 1, 0, 2, 3, 0, 0],827.9954936077085,59471.83308717563,126609.0182905769,false
2,G4_BALANCED,G4_BALANCED,[31, 22, 82, 15, 26, 9, 95, 42, 77, 4, 47, 5, 93, 78, 86, 54, 85, 63, 18, 44, 20, 49, 36, 14, 48, 50, 53, 17, 21, 45, 71, 64, 3, 23, 30, 83, 24, 41, 60, 52, 65, 27, 90, 70, 39, 87, 74, 69, 99, 68, 46, 1, 38, 58, 97, 59, 28, 8, 73, 37, 35, 79, 11, 66, 94, 32, 72, 13, 34, 6, 80, 61, 89, 92, 25, 62, 2, 98, 91, 43, 56, 67, 29, 84, 12, 19, 57, 75, 0, 81, 51, 40, 10, 55, 33, 96, 7, 76, 88, 16]|[0, 1, 2, 1, 1, 2, 2, 0, 1, 1, 1, 1, 2, 2, 1, 0, 0, 1, 0, 2, 2, 1, 0, 2, 1, 2, 0, 2, 1, 1, 1, 1, 0, 0, 0, 0, 2, 1, 2, 2, 0, 0, 1, 1, 0, 2, 0, 2, 0, 0, 0, 2, 2, 1, 2, 0, 2, 1, 1, 0, 1, 0, 2, 2, 1, 2, 1, 1, 2, 1, 0, 1, 1, 2, 1, 0, 2, 0, 0, 0, 1, 1, 0, 0, 1, 2, 0, 1, 0, 1, 0, 2, 1, 1, 0, 0, 2, 2, 1, 0]|[1, 3, 0, 2, 4, 1, 1, 0, 2, 4, 2, 3, 1, 0, 2, 1, 1, 3, 2, 1, 2, 3, 0, 1, 1, 1, 2, 1, 4, 0, 3, 2, 2, 0, 1, 2, 1, 4, 0, 1, 0, 1, 4, 4, 1, 2, 0, 1, 2, 1, 2, 1, 2, 0, 1, 2, 0, 3, 0, 1, 3, 1, 0, 0, 4, 2, 2, 4, 1, 4, 1, 3, 1, 2, 4, 2, 1, 1, 1, 1, 4, 3, 0, 2, 4, 0, 0, 1, 2, 1, 0, 0, 1, 3, 2, 2, 1, 1, 1, 0]|[1, 2, 0, 1, 3, 0, 0, 0, 0, 0, 2, 2, 1, 0, 1, 0, 0, 2, 1, 0, 0, 2, 0, 0, 1, 0, 1, 0, 0, 1, 0, 2, 0, 0, 0, 0, 1, 3, 1, 0, 1, 0, 1, 3, 0, 0, 1, 0, 0, 0, 0, 1, 0, 3, 1, 0, 0, 0, 1, 0, 0, 0, 0, 0, 2, 0, 1, 0, 0, 2, 0, 0, 1, 0, 3, 1, 0, 0, 0, 1, 1, 0, 0, 1, 0, 0, 1, 3, 0, 1, 0, 0, 1, 0, 1, 0, 0, 0, 0, 1],918.3649870779893,57074.45567756217,132391.1461320182,false
2,G2_TEC,G2_TEC,[31, 22, 82, 15, 26, 9, 95, 42, 77, 4, 47, 5, 93, 78, 86, 54, 85, 63, 18, 44, 20, 49, 36, 14, 48, 50, 53, 17, 21, 45, 71, 64, 3, 23, 30, 83, 24, 41, 60, 52, 65, 27, 90, 70, 39, 87, 74, 69, 99, 68, 46, 1, 38, 58, 97, 59, 28, 8, 73, 37, 35, 79, 11, 66, 94, 32, 72, 13, 56, 6, 80, 61, 89, 92, 25, 34, 91, 57, 10, 7, 96, 88, 84, 19, 51, 33, 67, 75, 0, 81, 12, 40, 16, 55, 62, 2, 43, 76, 29, 98]|[0, 1, 2, 2, 1, 2, 0, 0, 1, 1, 2, 0, 2, 1, 1, 0, 0, 1, 0, 2, 2, 1, 0, 2, 2, 2, 2, 2, 0, 1, 0, 0, 0, 0, 1, 0, 2, 1, 2, 1, 0, 0, 1, 1, 0, 1, 0, 2, 1, 0, 0, 2, 2, 1, 2, 0, 2, 1, 1, 0, 2, 1, 2, 2, 2, 0, 1, 1, 2, 1, 0, 1, 1, 0, 1, 1, 1, 0, 1, 2, 0, 1, 0, 2, 0, 2, 1, 0, 0, 1, 1, 2, 1, 1, 0, 2, 2, 2, 1, 1]|[1, 3, 0, 2, 4, 1, 0, 0, 2, 4, 0, 2, 1, 4, 2, 1, 2, 3, 2, 1, 2, 3, 0, 1, 0, 1, 1, 1, 1, 0, 2, 2, 2, 0, 4, 2, 1, 4, 0, 3, 2, 1, 4, 4, 1, 0, 0, 2, 3, 1, 2, 1, 2, 0, 1, 2, 0, 3, 4, 1, 2, 3, 0, 0, 1, 0, 2, 4, 1, 4, 1, 3, 1, 1, 4, 4, 4, 1, 1, 1, 2, 4, 2, 2, 0, 0, 3, 2, 2, 1, 3, 0, 4, 4, 2, 1, 1, 1, 1, 4]|[1, 2, 0, 0, 3, 0, 0, 0, 0, 0, 0, 0, 1, 0, 1, 0, 0, 2, 1, 0, 0, 2, 0, 0, 0, 0, 0, 0, 0, 1, 0, 0, 0, 0, 3, 0, 1, 3, 1, 2, 0, 0, 1, 3, 0, 0, 1, 0, 2, 0, 0, 1, 0, 3, 1, 0, 0, 0, 2, 0, 0, 2, 0, 0, 0, 1, 1, 0, 0, 2, 0, 0, 1, 0, 3, 2, 1, 0, 1, 0, 0, 1, 1, 1, 0, 0, 0, 0, 0, 1, 0, 0, 1, 2, 1, 0, 0, 0, 0, 2],947.7403185193954,56545.51498881621,135850.26726899145,false
2,G3_TWC,G3_TWC,[31, 22, 82, 15, 26, 9, 95, 42, 77, 12, 47, 5, 93, 78, 86, 54, 85, 63, 18, 44, 20, 35, 43, 97, 91, 76, 10, 30, 21, 45, 71, 64, 1, 23, 17, 83, 24, 41, 60, 36, 6, 57, 90, 50, 39, 87, 8, 69, 67, 66, 46, 75, 38, 58, 19, 32, 81, 48, 27, 94, 56, 40, 99, 59, 11, 16, 72, 73, 70, 65, 37, 84, 3, 92, 25, 55, 28, 51, 29, 7, 96, 88, 61, 33, 89, 79, 68, 80, 74, 53, 14, 2, 62, 4, 52, 49, 0, 34, 98, 13]|[2, 1, 0, 1, 1, 0, 1, 2, 2, 1, 2, 2, 2, 1, 1, 0, 0, 0, 0, 2, 2, 0, 1, 2, 0, 1, 2, 2, 0, 0, 1, 2, 1, 2, 1, 0, 2, 1, 1, 1, 0, 1, 1, 2, 1, 2, 1, 2, 0, 0, 0, 0, 1, 1, 2, 0, 2, 1, 0, 1, 2, 2, 0, 1, 2, 1, 2, 1, 1, 0, 0, 1, 1, 0, 1, 1, 2, 0, 1, 1, 1, 1, 1, 0, 1, 0, 0, 0, 2, 0, 0, 0, 0, 0, 1, 0, 0, 1, 0, 0]|[0, 3, 2, 2, 4, 1, 2, 2, 1, 4, 0, 1, 2, 4, 4, 1, 2, 1, 2, 1, 1, 1, 1, 2, 1, 2, 1, 1, 1, 1, 3, 2, 3, 0, 4, 0, 1, 4, 0, 2, 2, 2, 3, 1, 0, 2, 3, 2, 0, 2, 2, 2, 1, 0, 0, 0, 1, 4, 1, 4, 1, 0, 1, 2, 1, 3, 0, 4, 1, 1, 1, 1, 1, 0, 4, 4, 0, 1, 3, 1, 3, 1, 3, 2, 1, 1, 2, 1, 0, 2, 2, 2, 2, 2, 2, 1, 2, 0, 0, 2]|[0, 2, 1, 1, 3, 0, 1, 0, 0, 0, 0, 0, 1, 0, 1, 0, 0, 0, 1, 0, 0, 1, 3, 1, 0, 2, 0, 0, 0, 1, 0, 0, 0, 0, 3, 0, 1, 3, 0, 1, 1, 1, 2, 0, 1, 0, 2, 0, 1, 0, 0, 0, 1, 3, 0, 0, 0, 2, 0, 2, 0, 0, 0, 1, 0, 2, 1, 0, 3, 0, 0, 3, 1, 1, 3, 3, 0, 0, 0, 2, 2, 0, 0, 1, 1, 0, 1, 0, 0, 1, 0, 0, 1, 0, 1, 1, 0, 3, 0, 0],924.7050498680447,59211.6615931601,121049.68893988011,false
2,G1_CMAX,G1_CMAX,[1, 22, 82, 15, 41, 39, 32, 87, 75, 12, 47, 5, 93, 78, 86, 54, 80, 53, 51, 49, 84, 14, 96, 38, 52, 2, 92, 89, 4, 59, 34, 61, 98, 72, 73, 55, 66, 68, 90, 42, 62, 27, 48, 81, 31, 19, 58, 9, 36, 17, 23, 10, 64, 71, 45, 21, 46, 76, 67, 95, 99, 25, 79, 13, 7, 37, 0, 16, 29, 70, 11, 28, 94, 3, 69, 50, 56, 65, 88, 40, 57, 6, 83, 26, 24, 60, 77, 33, 30, 85, 74, 63, 18, 44, 20, 35, 8, 43, 97, 91]|[0, 1, 2, 2, 1, 2, 1, 2, 2, 1, 1, 1, 0, 1, 1, 0, 0, 0, 0, 1, 1, 2, 1, 0, 1, 2, 2, 1, 1, 1, 1, 1, 0, 1, 1, 1, 2, 0, 1, 2, 2, 0, 2, 2, 0, 2, 1, 0, 0, 1, 1, 0, 2, 0, 2, 1, 0, 2, 0, 0, 0, 1, 2, 0, 2, 1, 1, 1, 1, 1, 1, 1, 2, 0, 2, 2, 1, 1, 1, 2, 1, 0, 0, 0, 0, 0, 0, 0, 0, 0, 0, 1, 0, 2, 1, 1, 1, 1, 2, 0]|[2, 4, 0, 0, 0, 1, 3, 2, 2, 4, 2, 3, 1, 4, 4, 1, 1, 2, 1, 3, 1, 1, 3, 0, 1, 1, 2, 1, 4, 2, 1, 3, 1, 2, 4, 4, 0, 1, 3, 2, 1, 1, 0, 2, 1, 0, 0, 2, 0, 1, 1, 2, 2, 2, 0, 3, 1, 1, 0, 1, 2, 4, 0, 2, 1, 4, 3, 4, 3, 1, 4, 2, 0, 2, 2, 1, 1, 4, 4, 0, 2, 0, 0, 1, 1, 0, 2, 2, 1, 2, 1, 3, 2, 1, 4, 0, 4, 1, 1, 1]|[1, 1, 0, 0, 1, 0, 0, 0, 0, 0, 2, 2, 0, 0, 1, 0, 0, 1, 0, 0, 3, 1, 2, 1, 3, 0, 0, 1, 0, 1, 1, 0, 0, 1, 0, 3, 0, 0, 2, 0, 0, 0, 0, 1, 0, 0, 3, 1, 0, 1, 1, 1, 0, 0, 0, 0, 0, 0, 1, 0, 0, 3, 0, 0, 0, 3, 0, 1, 0, 0, 2, 1, 0, 0, 0, 0, 0, 3, 3, 0, 1, 1, 0, 1, 0, 1, 0, 1, 0, 0, 1, 2, 1, 0, 1, 0, 2, 3, 0, 0],827.9954936077085,59471.83308717563,126609.0182905769,false
2,G4_BALANCED,G2_TEC,[31, 22, 82, 15, 26, 9, 95, 42, 77, 4, 47, 5, 93, 78, 86, 54, 85, 63, 18, 44, 20, 49, 36, 14, 48, 50, 53, 17, 21, 45, 71, 64, 3, 23, 30, 83, 24, 41, 60, 52, 65, 27, 90, 70, 39, 87, 74, 69, 99, 68, 46, 1, 38, 58, 97, 59, 28, 8, 73, 37, 35, 79, 11, 66, 94, 57, 72, 92, 80, 6, 56, 61, 33, 13, 25, 34, 91, 32, 10, 7, 96, 88, 84, 19, 51, 89, 75, 98, 0, 81, 12, 40, 2, 55, 29, 16, 43, 76, 67, 62]|[0, 1, 2, 2, 1, 2, 2, 0, 1, 1, 2, 0, 2, 1, 1, 0, 0, 0, 0, 2, 2, 1, 0, 2, 2, 2, 0, 2, 0, 1, 0, 1, 0, 0, 0, 0, 2, 1, 2, 2, 0, 0, 1, 1, 0, 1, 0, 2, 1, 0, 0, 2, 2, 1, 2, 0, 2, 1, 1, 0, 2, 1, 2, 2, 2, 0, 1, 2, 0, 1, 2, 1, 0, 1, 1, 1, 0, 1, 1, 2, 0, 1, 0, 0, 0, 1, 0, 1, 0, 0, 1, 2, 2, 1, 1, 1, 1, 2, 1, 0]|[1, 3, 0, 2, 4, 1, 1, 0, 2, 4, 0, 2, 1, 4, 2, 1, 2, 1, 2, 1, 2, 3, 0, 1, 0, 1, 2, 1, 1, 0, 2, 2, 2, 0, 1, 2, 1, 4, 0, 1, 2, 1, 4, 4, 1, 0, 0, 2, 3, 1, 2, 1, 2, 0, 1, 2, 0, 3, 0, 1, 2, 3, 0, 0, 1, 0, 2, 2, 0, 4, 1, 3, 2, 4, 4, 2, 1, 3, 3, 1, 2, 4, 2, 2, 0, 1, 2, 4, 2, 1, 4, 0, 1, 3, 3, 4, 1, 1, 3, 2]|[1, 2, 0, 0, 3, 0, 0, 0, 0, 0, 0, 0, 1, 0, 1, 0, 0, 0, 1, 0, 0, 2, 0, 0, 0, 0, 1, 0, 0, 1, 0, 2, 0, 0, 0, 0, 1, 3, 1, 0, 0, 0, 1, 3, 0, 0, 1, 0, 2, 0, 0, 1, 0, 3, 1, 0, 0, 0, 1, 0, 0, 2, 0, 0, 0, 1, 1, 0, 1, 2, 0, 0, 1, 0, 3, 3, 0, 0, 3, 0, 0, 1, 1, 1, 0, 1, 0, 2, 0, 1, 0, 0, 0, 0, 0, 1, 3, 0, 0, 1],917.6088645880492,56997.76942413486,132117.5172901157,true
2,G2_TEC,G2_TEC,[31, 22, 82, 15, 26, 9, 95, 42, 77, 4, 47, 5, 93, 78, 86, 54, 85, 63, 18, 44, 20, 49, 36, 14, 48, 50, 53, 17, 21, 45, 71, 64, 3, 23, 30, 83, 24, 41, 60, 52, 65, 27, 90, 70, 39, 87, 74, 69, 99, 68, 46, 1, 38, 58, 97, 59, 28, 8, 73, 37, 35, 79, 11, 66, 94, 32, 72, 13, 56, 6, 80, 61, 89, 92, 25, 34, 91, 57, 10, 7, 96, 88, 84, 19, 51, 33, 67, 75, 0, 81, 12, 40, 16, 55, 62, 2, 43, 76, 29, 98]|[0, 1, 2, 2, 1, 2, 0, 0, 1, 1, 2, 0, 2, 1, 1, 0, 0, 1, 0, 2, 2, 1, 0, 2, 2, 2, 2, 2, 0, 1, 0, 0, 0, 0, 1, 0, 2, 1, 2, 1, 0, 0, 1, 1, 0, 1, 0, 2, 1, 0, 0, 2, 2, 1, 2, 0, 2, 1, 1, 0, 2, 1, 2, 2, 2, 0, 1, 1, 2, 1, 0, 1, 1, 0, 1, 1, 1, 0, 1, 2, 0, 1, 0, 2, 0, 2, 1, 0, 0, 1, 1, 2, 1, 1, 0, 2, 2, 2, 1, 1]|[1, 3, 0, 2, 4, 1, 0, 0, 2, 4, 0, 2, 1, 4, 2, 1, 2, 3, 2, 1, 2, 3, 0, 1, 0, 1, 1, 1, 1, 0, 2, 2, 2, 0, 4, 2, 1, 4, 0, 3, 2, 1, 4, 4, 1, 0, 0, 2, 3, 1, 2, 1, 2, 0, 1, 2, 0, 3, 4, 1, 2, 3, 0, 0, 1, 0, 2, 4, 1, 4, 1, 3, 1, 1, 4, 4, 4, 1, 1, 1, 2, 4, 2, 2, 0, 0, 3, 2, 2, 1, 3, 0, 4, 4, 2, 1, 1, 1, 1, 4]|[1, 2, 0, 0, 3, 0, 0, 0, 0, 0, 0, 0, 1, 0, 1, 0, 0, 2, 1, 0, 0, 2, 0, 0, 0, 0, 0, 0, 0, 1, 0, 0, 0, 0, 3, 0, 1, 3, 1, 2, 0, 0, 1, 3, 0, 0, 1, 0, 2, 0, 0, 1, 0, 3, 1, 0, 0, 0, 2, 0, 0, 2, 0, 0, 0, 1, 1, 0, 0, 2, 0, 0, 1, 0, 3, 2, 1, 0, 1, 0, 0, 1, 1, 1, 0, 0, 0, 0, 0, 1, 0, 0, 1, 2, 1, 0, 0, 0, 0, 2],947.7403185193954,56545.51498881621,135850.26726899145,false
2,G3_TWC,G3_TWC,[31, 22, 82, 15, 26, 9, 95, 42, 77, 12, 47, 5, 93, 78, 86, 54, 85, 63, 18, 44, 20, 35, 43, 97, 91, 76, 10, 30, 21, 45, 71, 64, 1, 23, 17, 83, 24, 41, 60, 36, 6, 57, 90, 50, 39, 87, 8, 69, 67, 66, 46, 75, 38, 58, 19, 32, 81, 48, 27, 94, 56, 40, 99, 59, 11, 16, 72, 73, 70, 65, 37, 84, 3, 92, 25, 55, 28, 51, 29, 7, 96, 88, 61, 33, 89, 79, 68, 80, 74, 53, 14, 2, 62, 4, 52, 49, 0, 34, 98, 13]|[2, 1, 0, 1, 1, 0, 1, 2, 2, 1, 2, 2, 2, 1, 1, 0, 0, 0, 0, 2, 2, 0, 1, 2, 0, 1, 2, 2, 0, 0, 1, 2, 1, 2, 1, 0, 2, 1, 1, 1, 0, 1, 1, 2, 1, 2, 1, 2, 0, 0, 0, 0, 1, 1, 2, 0, 2, 1, 0, 1, 2, 2, 0, 1, 2, 1, 2, 1, 1, 0, 0, 1, 1, 0, 1, 1, 2, 0, 1, 1, 1, 1, 1, 0, 1, 0, 0, 0, 2, 0, 0, 0, 0, 0, 1, 0, 0, 1, 0, 0]|[0, 3, 2, 2, 4, 1, 2, 2, 1, 4, 0, 1, 2, 4, 4, 1, 2, 1, 2, 1, 1, 1, 1, 2, 1, 2, 1, 1, 1, 1, 3, 2, 3, 0, 4, 0, 1, 4, 0, 2, 2, 2, 3, 1, 0, 2, 3, 2, 0, 2, 2, 2, 1, 0, 0, 0, 1, 4, 1, 4, 1, 0, 1, 2, 1, 3, 0, 4, 1, 1, 1, 1, 1, 0, 4, 4, 0, 1, 3, 1, 3, 1, 3, 2, 1, 1, 2, 1, 0, 2, 2, 2, 2, 2, 2, 1, 2, 0, 0, 2]|[0, 2, 1, 1, 3, 0, 1, 0, 0, 0, 0, 0, 1, 0, 1, 0, 0, 0, 1, 0, 0, 1, 3, 1, 0, 2, 0, 0, 0, 1, 0, 0, 0, 0, 3, 0, 1, 3, 0, 1, 1, 1, 2, 0, 1, 0, 2, 0, 1, 0, 0, 0, 1, 3, 0, 0, 0, 2, 0, 2, 0, 0, 0, 1, 0, 2, 1, 0, 3, 0, 0, 3, 1, 1, 3, 3, 0, 0, 0, 2, 2, 0, 0, 1, 1, 0, 1, 0, 0, 1, 0, 0, 1, 0, 1, 1, 0, 3, 0, 0],924.7050498680447,59211.6615931601,121049.68893988011,false
2,G1_CMAX,G1_CMAX,[1, 22, 82, 15, 41, 39, 32, 87, 75, 12, 47, 5, 93, 78, 86, 54, 80, 53, 51, 49, 84, 14, 96, 38, 52, 2, 92, 89, 4, 59, 34, 61, 98, 72, 73, 55, 66, 68, 90, 42, 62, 27, 48, 81, 31, 19, 58, 9, 36, 17, 23, 10, 64, 71, 45, 21, 46, 76, 67, 95, 99, 25, 79, 13, 7, 37, 0, 16, 29, 70, 11, 28, 94, 3, 69, 50, 56, 65, 88, 40, 57, 6, 83, 26, 24, 60, 77, 33, 30, 85, 74, 63, 18, 44, 20, 35, 8, 43, 97, 91]|[0, 1, 2, 2, 1, 2, 1, 2, 2, 1, 1, 1, 0, 1, 1, 0, 0, 0, 0, 1, 1, 2, 1, 0, 1, 2, 2, 1, 1, 1, 1, 1, 0, 1, 1, 1, 2, 0, 1, 2, 2, 0, 2, 2, 0, 2, 1, 0, 0, 1, 1, 0, 2, 0, 2, 1, 0, 2, 0, 0, 0, 1, 2, 0, 2, 1, 1, 1, 1, 1, 1, 1, 2, 0, 2, 2, 1, 1, 1, 2, 1, 0, 0, 0, 0, 0, 0, 0, 0, 0, 0, 1, 0, 2, 1, 1, 1, 1, 2, 0]|[2, 4, 0, 0, 0, 1, 3, 2, 2, 4, 2, 3, 1, 4, 4, 1, 1, 2, 1, 3, 1, 1, 3, 0, 1, 1, 2, 1, 4, 2, 1, 3, 1, 2, 4, 4, 0, 1, 3, 2, 1, 1, 0, 2, 1, 0, 0, 2, 0, 1, 1, 2, 2, 2, 0, 3, 1, 1, 0, 1, 2, 4, 0, 2, 1, 4, 3, 4, 3, 1, 4, 2, 0, 2, 2, 1, 1, 4, 4, 0, 2, 0, 0, 1, 1, 0, 2, 2, 1, 2, 1, 3, 2, 1, 4, 0, 4, 1, 1, 1]|[1, 1, 0, 0, 1, 0, 0, 0, 0, 0, 2, 2, 0, 0, 1, 0, 0, 1, 0, 0, 3, 1, 2, 1, 3, 0, 0, 1, 0, 1, 1, 0, 0, 1, 0, 3, 0, 0, 2, 0, 0, 0, 0, 1, 0, 0, 3, 1, 0, 1, 1, 1, 0, 0, 0, 0, 0, 0, 1, 0, 0, 3, 0, 0, 0, 3, 0, 1, 0, 0, 2, 1, 0, 0, 0, 0, 0, 3, 3, 0, 1, 1, 0, 1, 0, 1, 0, 1, 0, 0, 1, 2, 1, 0, 1, 0, 2, 3, 0, 0],827.9954936077085,59471.83308717563,126609.0182905769,false
2,G4_BALANCED,G2_TEC,[31, 22, 82, 15, 26, 9, 95, 42, 77, 4, 47, 5, 93, 78, 86, 54, 85, 63, 18, 44, 20, 49, 36, 14, 48, 50, 53, 17, 21, 45, 71, 64, 3, 23, 30, 83, 24, 41, 60, 52, 65, 27, 90, 70, 39, 87, 74, 69, 99, 68, 46, 1, 38, 58, 97, 59, 28, 8, 73, 37, 35, 79, 11, 66, 94, 57, 72, 92, 80, 6, 56, 61, 33, 13, 25, 34, 91, 32, 10, 7, 96, 88, 84, 19, 51, 89, 75, 98, 0, 81, 12, 40, 2, 55, 29, 16, 43, 76, 67, 62]|[0, 1, 2, 2, 1, 2, 2, 0, 1, 1, 2, 0, 2, 1, 1, 0, 0, 0, 0, 2, 2, 1, 0, 2, 2, 2, 0, 2, 0, 1, 0, 1, 0, 0, 0, 0, 2, 1, 2, 2, 0, 0, 1, 1, 0, 1, 0, 2, 1, 0, 0, 2, 2, 1, 2, 0, 2, 1, 1, 0, 2, 1, 2, 2, 2, 0, 1, 2, 0, 1, 2, 1, 0, 1, 1, 1, 0, 1, 1, 2, 0, 1, 0, 0, 0, 1, 0, 1, 0, 0, 1, 2, 2, 1, 1, 1, 1, 2, 1, 0]|[1, 3, 0, 2, 4, 1, 1, 0, 2, 4, 0, 2, 1, 4, 2, 1, 2, 1, 2, 1, 2, 3, 0, 1, 0, 1, 2, 1, 1, 0, 2, 2, 2, 0, 1, 2, 1, 4, 0, 1, 2, 1, 4, 4, 1, 0, 0, 2, 3, 1, 2, 1, 2, 0, 1, 2, 0, 3, 0, 1, 2, 3, 0, 0, 1, 0, 2, 2, 0, 4, 1, 3, 2, 4, 4, 2, 1, 3, 3, 1, 2, 4, 2, 2, 0, 1, 2, 4, 2, 1, 4, 0, 1, 3, 3, 4, 1, 1, 3, 2]|[1, 2, 0, 0, 3, 0, 0, 0, 0, 0, 0, 0, 1, 0, 1, 0, 0, 0, 1, 0, 0, 2, 0, 0, 0, 0, 1, 0, 0, 1, 0, 2, 0, 0, 0, 0, 1, 3, 1, 0, 0, 0, 1, 3, 0, 0, 1, 0, 2, 0, 0, 1, 0, 3, 1, 0, 0, 0, 1, 0, 0, 2, 0, 0, 0, 1, 1, 0, 1, 2, 0, 0, 1, 0, 3, 3, 0, 0, 3, 0, 0, 1, 1, 1, 0, 1, 0, 2, 0, 1, 0, 0, 0, 0, 0, 1, 3, 0, 0, 1],917.6088645880492,56997.76942413486,132117.5172901157,true
2,G2_TEC,G2_TEC,[31, 22, 82, 15, 26, 9, 95, 42, 77, 4, 47, 5, 93, 78, 86, 54, 85, 63, 18, 44, 20, 49, 36, 14, 48, 50, 53, 17, 21, 45, 71, 64, 3, 23, 30, 83, 24, 41, 60, 52, 65, 27, 90, 70, 39, 87, 74, 69, 99, 68, 46, 1, 38, 58, 97, 59, 28, 8, 73, 37, 35, 79, 11, 66, 94, 32, 72, 13, 56, 6, 80, 61, 89, 92, 25, 34, 91, 57, 10, 7, 96, 88, 84, 19, 51, 33, 67, 75, 0, 81, 12, 40, 16, 55, 62, 2, 43, 76, 29, 98]|[0, 1, 2, 2, 1, 2, 0, 0, 1, 1, 2, 0, 2, 1, 1, 0, 0, 1, 0, 2, 2, 1, 0, 2, 2, 2, 2, 2, 0, 1, 0, 0, 0, 0, 1, 0, 2, 1, 2, 1, 0, 0, 1, 1, 0, 1, 0, 2, 1, 0, 0, 2, 2, 1, 2, 0, 2, 1, 1, 0, 2, 1, 2, 2, 2, 0, 1, 1, 2, 1, 0, 1, 1, 0, 1, 1, 1, 0, 1, 2, 0, 1, 0, 2, 0, 2, 1, 0, 0, 1, 1, 2, 1, 1, 0, 2, 2, 2, 1, 1]|[1, 3, 0, 2, 4, 1, 0, 0, 2, 4, 0, 2, 1, 4, 2, 1, 2, 3, 2, 1, 2, 3, 0, 1, 0, 1, 1, 1, 1, 0, 2, 2, 2, 0, 4, 2, 1, 4, 0, 3, 2, 1, 4, 4, 1, 0, 0, 2, 3, 1, 2, 1, 2, 0, 1, 2, 0, 3, 4, 1, 2, 3, 0, 0, 1, 0, 2, 4, 1, 4, 1, 3, 1, 1, 4, 4, 4, 1, 1, 1, 2, 4, 2, 2, 0, 0, 3, 2, 2, 1, 3, 0, 4, 4, 2, 1, 1, 1, 1, 4]|[1, 2, 0, 0, 3, 0, 0, 0, 0, 0, 0, 0, 1, 0, 1, 0, 0, 2, 1, 0, 0, 2, 0, 0, 0, 0, 0, 0, 0, 1, 0, 0, 0, 0, 3, 0, 1, 3, 1, 2, 0, 0, 1, 3, 0, 0, 1, 0, 2, 0, 0, 1, 0, 3, 1, 0, 0, 0, 2, 0, 0, 2, 0, 0, 0, 1, 1, 0, 0, 2, 0, 0, 1, 0, 3, 2, 1, 0, 1, 0, 0, 1, 1, 1, 0, 0, 0, 0, 0, 1, 0, 0, 1, 2, 1, 0, 0, 0, 0, 2],947.7403185193954,56545.51498881621,135850.26726899145,false
2,G3_TWC,G3_TWC,[31, 22, 82, 15, 26, 9, 95, 42, 77, 12, 47, 5, 93, 78, 86, 54, 85, 63, 18, 44, 20, 35, 43, 97, 91, 76, 10, 30, 21, 45, 71, 64, 1, 23, 17, 83, 24, 41, 60, 36, 6, 57, 90, 50, 39, 87, 8, 69, 67, 66, 46, 75, 38, 58, 19, 32, 81, 48, 27, 94, 56, 40, 99, 59, 11, 16, 72, 73, 70, 65, 37, 84, 3, 92, 25, 55, 28, 51, 29, 7, 96, 88, 61, 33, 89, 79, 68, 80, 74, 53, 14, 2, 62, 4, 52, 49, 0, 34, 98, 13]|[2, 1, 0, 1, 1, 0, 1, 2, 2, 1, 2, 2, 2, 1, 1, 0, 0, 0, 0, 2, 2, 0, 1, 2, 0, 1, 2, 2, 0, 0, 1, 2, 1, 2, 1, 0, 2, 1, 1, 1, 0, 1, 1, 2, 1, 2, 1, 2, 0, 0, 0, 0, 1, 1, 2, 0, 2, 1, 0, 1, 2, 2, 0, 1, 2, 1, 2, 1, 1, 0, 0, 1, 1, 0, 1, 1, 2, 0, 1, 1, 1, 1, 1, 0, 1, 0, 0, 0, 2, 0, 0, 0, 0, 0, 1, 0, 0, 1, 0, 0]|[0, 3, 2, 2, 4, 1, 2, 2, 1, 4, 0, 1, 2, 4, 4, 1, 2, 1, 2, 1, 1, 1, 1, 2, 1, 2, 1, 1, 1, 1, 3, 2, 3, 0, 4, 0, 1, 4, 0, 2, 2, 2, 3, 1, 0, 2, 3, 2, 0, 2, 2, 2, 1, 0, 0, 0, 1, 4, 1, 4, 1, 0, 1, 2, 1, 3, 0, 4, 1, 1, 1, 1, 1, 0, 4, 4, 0, 1, 3, 1, 3, 1, 3, 2, 1, 1, 2, 1, 0, 2, 2, 2, 2, 2, 2, 1, 2, 0, 0, 2]|[0, 2, 1, 1, 3, 0, 1, 0, 0, 0, 0, 0, 1, 0, 1, 0, 0, 0, 1, 0, 0, 1, 3, 1, 0, 2, 0, 0, 0, 1, 0, 0, 0, 0, 3, 0, 1, 3, 0, 1, 1, 1, 2, 0, 1, 0, 2, 0, 1, 0, 0, 0, 1, 3, 0, 0, 0, 2, 0, 2, 0, 0, 0, 1, 0, 2, 1, 0, 3, 0, 0, 3, 1, 1, 3, 3, 0, 0, 0, 2, 2, 0, 0, 1, 1, 0, 1, 0, 0, 1, 0, 0, 1, 0, 1, 1, 0, 3, 0, 0],924.7050498680447,59211.6615931601,121049.68893988011,false
2,G1_CMAX,G1_CMAX,[1, 22, 82, 15, 41, 39, 32, 87, 75, 12, 47, 5, 93, 78, 86, 54, 80, 53, 51, 49, 84, 14, 96, 38, 52, 2, 92, 89, 4, 59, 34, 61, 98, 72, 73, 55, 66, 68, 90, 42, 62, 27, 48, 81, 31, 19, 58, 9, 36, 17, 23, 10, 64, 71, 45, 21, 46, 76, 67, 95, 99, 25, 79, 13, 7, 37, 0, 16, 29, 70, 11, 28, 94, 3, 69, 50, 56, 65, 88, 40, 57, 6, 83, 26, 24, 60, 77, 33, 30, 85, 74, 63, 18, 44, 20, 35, 8, 43, 97, 91]|[0, 1, 2, 2, 1, 2, 1, 2, 2, 1, 1, 1, 0, 1, 1, 0, 0, 0, 0, 1, 1, 2, 1, 0, 1, 2, 2, 1, 1, 1, 1, 1, 0, 1, 1, 1, 2, 0, 1, 2, 2, 0, 2, 2, 0, 2, 1, 0, 0, 1, 1, 0, 2, 0, 2, 1, 0, 2, 0, 0, 0, 1, 2, 0, 2, 1, 1, 1, 1, 1, 1, 1, 2, 0, 2, 2, 1, 1, 1, 2, 1, 0, 0, 0, 0, 0, 0, 0, 0, 0, 0, 1, 0, 2, 1, 1, 1, 1, 2, 0]|[2, 4, 0, 0, 0, 1, 3, 2, 2, 4, 2, 3, 1, 4, 4, 1, 1, 2, 1, 3, 1, 1, 3, 0, 1, 1, 2, 1, 4, 2, 1, 3, 1, 2, 4, 4, 0, 1, 3, 2, 1, 1, 0, 2, 1, 0, 0, 2, 0, 1, 1, 2, 2, 2, 0, 3, 1, 1, 0, 1, 2, 4, 0, 2, 1, 4, 3, 4, 3, 1, 4, 2, 0, 2, 2, 1, 1, 4, 4, 0, 2, 0, 0, 1, 1, 0, 2, 2, 1, 2, 1, 3, 2, 1, 4, 0, 4, 1, 1, 1]|[1, 1, 0, 0, 1, 0, 0, 0, 0, 0, 2, 2, 0, 0, 1, 0, 0, 1, 0, 0, 3, 1, 2, 1, 3, 0, 0, 1, 0, 1, 1, 0, 0, 1, 0, 3, 0, 0, 2, 0, 0, 0, 0, 1, 0, 0, 3, 1, 0, 1, 1, 1, 0, 0, 0, 0, 0, 0, 1, 0, 0, 3, 0, 0, 0, 3, 0, 1, 0, 0, 2, 1, 0, 0, 0, 0, 0, 3, 3, 0, 1, 1, 0, 1, 0, 1, 0, 1, 0, 0, 1, 2, 1, 0, 1, 0, 2, 3, 0, 0],827.9954936077085,59471.83308717563,126609.0182905769,false
2,G4_BALANCED,G3_TWC,[31, 22, 82, 15, 26, 9, 95, 42, 77, 12, 47, 5, 93, 78, 86, 54, 85, 63, 18, 44, 20, 35, 43, 97, 91, 76, 10, 30, 21, 45, 71, 64, 1, 23, 17, 83, 24, 41, 60, 36, 6, 57, 40, 88, 65, 56, 79, 69, 66, 67, 46, 75, 38, 58, 51, 32, 81, 48, 27, 94, 87, 90, 99, 59, 11, 16, 72, 73, 70, 39, 37, 84, 3, 14, 25, 55, 28, 19, 29, 7, 96, 50, 61, 33, 89, 74, 68, 80, 8, 53, 92, 2, 62, 4, 52, 49, 0, 34, 98, 13]|[2, 1, 0, 1, 1, 0, 1, 0, 2, 1, 2, 2, 2, 1, 1, 0, 0, 0, 0, 2, 2, 0, 1, 2, 0, 1, 2, 2, 0, 0, 1, 2, 1, 2, 1, 0, 2, 1, 1, 1, 0, 1, 2, 1, 0, 1, 0, 2, 0, 0, 0, 0, 1, 1, 0, 1, 2, 1, 0, 1, 2, 1, 0, 1, 2, 1, 2, 1, 1, 1, 0, 1, 1, 0, 1, 1, 1, 2, 1, 1, 1, 0, 1, 0, 1, 2, 0, 0, 1, 0, 0, 0, 0, 0, 2, 1, 0, 2, 0, 0]|[0, 3, 2, 2, 4, 1, 2, 0, 1, 4, 0, 1, 2, 4, 4, 1, 2, 1, 2, 1, 1, 1, 3, 2, 1, 2, 1, 1, 1, 1, 3, 2, 3, 0, 4, 0, 1, 4, 0, 3, 2, 2, 0, 1, 1, 1, 1, 2, 2, 0, 2, 2, 1, 0, 1, 3, 1, 4, 1, 4, 2, 3, 2, 2, 1, 3, 0, 4, 4, 0, 1, 1, 1, 2, 4, 4, 4, 0, 3, 1, 3, 1, 3, 2, 1, 0, 1, 1, 3, 2, 0, 2, 2, 2, 1, 1, 2, 1, 1, 2]|[0, 2, 1, 1, 3, 0, 1, 0, 0, 0, 0, 0, 1, 0, 1, 0, 0, 0, 1, 0, 0, 1, 2, 1, 0, 2, 0, 0, 0, 1, 0, 0, 0, 0, 3, 0, 1, 3, 0, 2, 1, 1, 0, 0, 0, 0, 0, 0, 0, 1, 0, 0, 1, 3, 0, 0, 0, 2, 0, 2, 0, 2, 0, 1, 0, 2, 1, 0, 3, 1, 0, 3, 1, 0, 3, 3, 1, 0, 0, 2, 2, 0, 0, 1, 1, 0, 0, 0, 2, 1, 1, 0, 1, 0, 0, 2, 0, 0, 0, 0],941.9066045001157,58240.09631147502,123996.21926142398,true
2,G2_TEC,G2_TEC,[31, 22, 82, 15, 26, 9, 95, 42, 77, 4, 47, 5, 93, 78, 86, 54, 85, 63, 18, 44, 20, 49, 36, 14, 48, 50, 53, 17, 21, 45, 71, 64, 3, 23, 30, 83, 24, 41, 60, 52, 65, 27, 90, 70, 39, 87, 74, 69, 99, 68, 46, 1, 38, 58, 97, 59, 28, 8, 73, 37, 35, 79, 11, 66, 94, 32, 72, 13, 56, 6, 80, 61, 89, 92, 25, 34, 91, 57, 10, 7, 96, 88, 84, 19, 51, 33, 67, 75, 0, 81, 12, 40, 16, 55, 62, 2, 43, 76, 29, 98]|[0, 1, 2, 2, 1, 2, 0, 0, 1, 1, 2, 0, 2, 1, 1, 0, 0, 1, 0, 2, 2, 1, 0, 2, 2, 2, 2, 2, 0, 1, 0, 0, 0, 0, 1, 0, 2, 1, 2, 1, 0, 0, 1, 1, 0, 1, 0, 2, 1, 0, 0, 2, 2, 1, 2, 0, 2, 1, 1, 0, 2, 1, 2, 2, 2, 0, 1, 1, 2, 1, 0, 1, 1, 0, 1, 1, 1, 0, 1, 2, 0, 1, 0, 2, 0, 2, 1, 0, 0, 1, 1, 2, 1, 1, 0, 2, 2, 2, 1, 1]|[1, 3, 0, 2, 4, 1, 0, 0, 2, 4, 0, 2, 1, 4, 2, 1, 2, 3, 2, 1, 2, 3, 0, 1, 0, 1, 1, 1, 1, 0, 2, 2, 2, 0, 4, 2, 1, 4, 0, 3, 2, 1, 4, 4, 1, 0, 0, 2, 3, 1, 2, 1, 2, 0, 1, 2, 0, 3, 4, 1, 2, 3, 0, 0, 1, 0, 2, 4, 1, 4, 1, 3, 1, 1, 4, 4, 4, 1, 1, 1, 2, 4, 2, 2, 0, 0, 3, 2, 2, 1, 3, 0, 4, 4, 2, 1, 1, 1, 1, 4]|[1, 2, 0, 0, 3, 0, 0, 0, 0, 0, 0, 0, 1, 0, 1, 0, 0, 2, 1, 0, 0, 2, 0, 0, 0, 0, 0, 0, 0, 1, 0, 0, 0, 0, 3, 0, 1, 3, 1, 2, 0, 0, 1, 3, 0, 0, 1, 0, 2, 0, 0, 1, 0, 3, 1, 0, 0, 0, 2, 0, 0, 2, 0, 0, 0, 1, 1, 0, 0, 2, 0, 0, 1, 0, 3, 2, 1, 0, 1, 0, 0, 1, 1, 1, 0, 0, 0, 0, 0, 1, 0, 0, 1, 2, 1, 0, 0, 0, 0, 2],947.7403185193954,56545.51498881621,135850.26726899145,false
2,G3_TWC,G3_TWC,[31, 22, 82, 15, 26, 9, 95, 42, 77, 12, 47, 5, 93, 78, 86, 54, 85, 63, 18, 44, 20, 35, 43, 97, 91, 76, 10, 30, 21, 45, 71, 64, 1, 23, 17, 83, 24, 41, 60, 36, 6, 57, 90, 50, 39, 87, 8, 69, 67, 66, 46, 75, 38, 58, 19, 32, 81, 48, 27, 94, 56, 40, 99, 59, 11, 16, 72, 73, 70, 65, 37, 84, 3, 92, 25, 55, 28, 51, 29, 7, 96, 88, 61, 33, 89, 79, 68, 80, 74, 53, 14, 2, 62, 4, 52, 49, 0, 34, 98, 13]|[2, 1, 0, 1, 1, 0, 1, 2, 2, 1, 2, 2, 2, 1, 1, 0, 0, 0, 0, 2, 2, 0, 1, 2, 0, 1, 2, 2, 0, 0, 1, 2, 1, 2, 1, 0, 2, 1, 1, 1, 0, 1, 1, 2, 1, 2, 1, 2, 0, 0, 0, 0, 1, 1, 2, 0, 2, 1, 0, 1, 2, 2, 0, 1, 2, 1, 2, 1, 1, 0, 0, 1, 1, 0, 1, 1, 2, 0, 1, 1, 1, 1, 1, 0, 1, 0, 0, 0, 2, 0, 0, 0, 0, 0, 1, 0, 0, 1, 0, 0]|[0, 3, 2, 2, 4, 1, 2, 2, 1, 4, 0, 1, 2, 4, 4, 1, 2, 1, 2, 1, 1, 1, 1, 2, 1, 2, 1, 1, 1, 1, 3, 2, 3, 0, 4, 0, 1, 4, 0, 2, 2, 2, 3, 1, 0, 2, 3, 2, 0, 2, 2, 2, 1, 0, 0, 0, 1, 4, 1, 4, 1, 0, 1, 2, 1, 3, 0, 4, 1, 1, 1, 1, 1, 0, 4, 4, 0, 1, 3, 1, 3, 1, 3, 2, 1, 1, 2, 1, 0, 2, 2, 2, 2, 2, 2, 1, 2, 0, 0, 2]|[0, 2, 1, 1, 3, 0, 1, 0, 0, 0, 0, 0, 1, 0, 1, 0, 0, 0, 1, 0, 0, 1, 3, 1, 0, 2, 0, 0, 0, 1, 0, 0, 0, 0, 3, 0, 1, 3, 0, 1, 1, 1, 2, 0, 1, 0, 2, 0, 1, 0, 0, 0, 1, 3, 0, 0, 0, 2, 0, 2, 0, 0, 0, 1, 0, 2, 1, 0, 3, 0, 0, 3, 1, 1, 3, 3, 0, 0, 0, 2, 2, 0, 0, 1, 1, 0, 1, 0, 0, 1, 0, 0, 1, 0, 1, 1, 0, 3, 0, 0],924.7050498680447,59211.6615931601,121049.68893988011,false
2,G1_CMAX,G1_CMAX,[1, 22, 82, 15, 41, 39, 32, 87, 75, 12, 47, 5, 93, 78, 86, 54, 80, 53, 51, 49, 84, 14, 96, 38, 52, 2, 92, 89, 4, 59, 34, 61, 98, 72, 73, 55, 66, 68, 90, 42, 62, 27, 48, 81, 31, 19, 58, 9, 36, 17, 23, 10, 64, 71, 45, 21, 46, 76, 67, 95, 99, 25, 79, 13, 7, 37, 0, 16, 29, 70, 11, 28, 94, 3, 69, 50, 56, 65, 88, 40, 57, 6, 83, 26, 24, 60, 77, 33, 30, 85, 74, 63, 18, 44, 20, 35, 8, 43, 97, 91]|[0, 1, 2, 2, 1, 2, 1, 2, 2, 1, 1, 1, 0, 1, 1, 0, 0, 0, 0, 1, 1, 2, 1, 0, 1, 2, 2, 1, 1, 1, 1, 1, 0, 1, 1, 1, 2, 0, 1, 2, 2, 0, 2, 2, 0, 2, 1, 0, 0, 1, 1, 0, 2, 0, 2, 1, 0, 2, 0, 0, 0, 1, 2, 0, 2, 1, 1, 1, 1, 1, 1, 1, 2, 0, 2, 2, 1, 1, 1, 2, 1, 0, 0, 0, 0, 0, 0, 0, 0, 0, 0, 1, 0, 2, 1, 1, 1, 1, 2, 0]|[2, 4, 0, 0, 0, 1, 3, 2, 2, 4, 2, 3, 1, 4, 4, 1, 1, 2, 1, 3, 1, 1, 3, 0, 1, 1, 2, 1, 4, 2, 1, 3, 1, 2, 4, 4, 0, 1, 3, 2, 1, 1, 0, 2, 1, 0, 0, 2, 0, 1, 1, 2, 2, 2, 0, 3, 1, 1, 0, 1, 2, 4, 0, 2, 1, 4, 3, 4, 3, 1, 4, 2, 0, 2, 2, 1, 1, 4, 4, 0, 2, 0, 0, 1, 1, 0, 2, 2, 1, 2, 1, 3, 2, 1, 4, 0, 4, 1, 1, 1]|[1, 1, 0, 0, 1, 0, 0, 0, 0, 0, 2, 2, 0, 0, 1, 0, 0, 1, 0, 0, 3, 1, 2, 1, 3, 0, 0, 1, 0, 1, 1, 0, 0, 1, 0, 3, 0, 0, 2, 0, 0, 0, 0, 1, 0, 0, 3, 1, 0, 1, 1, 1, 0, 0, 0, 0, 0, 0, 1, 0, 0, 3, 0, 0, 0, 3, 0, 1, 0, 0, 2, 1, 0, 0, 0, 0, 0, 3, 3, 0, 1, 1, 0, 1, 0, 1, 0, 1, 0, 0, 1, 2, 1, 0, 1, 0, 2, 3, 0, 0],827.9954936077085,59471.83308717563,126609.0182905769,false
2,G4_BALANCED,G3_TWC,[31, 22, 82, 15, 26, 9, 95, 42, 77, 12, 47, 5, 93, 78, 86, 54, 85, 63, 18, 44, 20, 35, 43, 97, 91, 76, 10, 30, 21, 45, 71, 64, 1, 23, 17, 83, 24, 41, 60, 36, 6, 57, 40, 88, 65, 56, 79, 69, 66, 67, 46, 75, 38, 58, 51, 32, 81, 48, 27, 94, 87, 90, 99, 59, 11, 16, 72, 73, 70, 39, 37, 84, 3, 14, 25, 55, 28, 19, 29, 7, 96, 50, 61, 33, 89, 74, 68, 80, 8, 53, 92, 2, 62, 4, 52, 49, 0, 34, 98, 13]|[2, 1, 0, 1, 1, 0, 1, 0, 2, 1, 2, 2, 2, 1, 1, 0, 0, 0, 0, 2, 2, 0, 1, 2, 0, 1, 2, 2, 0, 0, 1, 2, 1, 2, 1, 0, 2, 1, 1, 1, 0, 1, 2, 1, 0, 1, 0, 2, 0, 0, 0, 0, 1, 1, 0, 1, 2, 1, 0, 1, 2, 1, 0, 1, 2, 1, 2, 1, 1, 1, 0, 1, 1, 0, 1, 1, 1, 2, 1, 1, 1, 0, 1, 0, 1, 2, 0, 0, 1, 0, 0, 0, 0, 0, 2, 1, 0, 2, 0, 0]|[0, 3, 2, 2, 4, 1, 2, 0, 1, 4, 0, 1, 2, 4, 4, 1, 2, 1, 2, 1, 1, 1, 3, 2, 1, 2, 1, 1, 1, 1, 3, 2, 3, 0, 4, 0, 1, 4, 0, 3, 2, 2, 0, 1, 1, 1, 1, 2, 2, 0, 2, 2, 1, 0, 1, 3, 1, 4, 1, 4, 2, 3, 2, 2, 1, 3, 0, 4, 4, 0, 1, 1, 1, 2, 4, 4, 4, 0, 3, 1, 3, 1, 3, 2, 1, 0, 1, 1, 3, 2, 0, 2, 2, 2, 1, 1, 2, 1, 1, 2]|[0, 2, 1, 1, 3, 0, 1, 0, 0, 0, 0, 0, 1, 0, 1, 0, 0, 0, 1, 0, 0, 1, 2, 1, 0, 2, 0, 0, 0, 1, 0, 0, 0, 0, 3, 0, 1, 3, 0, 2, 1, 1, 0, 0, 0, 0, 0, 0, 0, 1, 0, 0, 1, 3, 0, 0, 0, 2, 0, 2, 0, 2, 0, 1, 0, 2, 1, 0, 3, 1, 0, 3, 1, 0, 3, 3, 1, 0, 0, 2, 2, 0, 0, 1, 1, 0, 0, 0, 2, 1, 1, 0, 1, 0, 0, 2, 0, 0, 0, 0],941.9066045001157,58240.09631147502,123996.21926142398,true
2,G2_TEC,G2_TEC,[31, 22, 82, 15, 26, 9, 95, 42, 77, 4, 47, 5, 93, 78, 86, 54, 85, 63, 18, 44, 20, 49, 36, 14, 48, 50, 53, 17, 21, 45, 71, 64, 3, 23, 30, 83, 24, 41, 60, 52, 65, 27, 90, 70, 39, 87, 74, 69, 99, 68, 46, 1, 38, 58, 97, 59, 28, 8, 73, 37, 35, 79, 11, 66, 94, 32, 72, 13, 56, 6, 80, 61, 89, 92, 25, 34, 91, 57, 10, 7, 96, 88, 84, 19, 51, 33, 67, 75, 0, 81, 12, 40, 16, 55, 62, 2, 43, 76, 29, 98]|[0, 1, 2, 2, 1, 2, 0, 0, 1, 1, 2, 0, 2, 1, 1, 0, 0, 1, 0, 2, 2, 1, 0, 2, 2, 2, 2, 2, 0, 1, 0, 0, 0, 0, 1, 0, 2, 1, 2, 1, 0, 0, 1, 1, 0, 1, 0, 2, 1, 0, 0, 2, 2, 1, 2, 0, 2, 1, 1, 0, 2, 1, 2, 2, 2, 0, 1, 1, 2, 1, 0, 1, 1, 0, 1, 1, 1, 0, 1, 2, 0, 1, 0, 2, 0, 2, 1, 0, 0, 1, 1, 2, 1, 1, 0, 2, 2, 2, 1, 1]|[1, 3, 0, 2, 4, 1, 0, 0, 2, 4, 0, 2, 1, 4, 2, 1, 2, 3, 2, 1, 2, 3, 0, 1, 0, 1, 1, 1, 1, 0, 2, 2, 2, 0, 4, 2, 1, 4, 0, 3, 2, 1, 4, 4, 1, 0, 0, 2, 3, 1, 2, 1, 2, 0, 1, 2, 0, 3, 4, 1, 2, 3, 0, 0, 1, 0, 2, 4, 1, 4, 1, 3, 1, 1, 4, 4, 4, 1, 1, 1, 2, 4, 2, 2, 0, 0, 3, 2, 2, 1, 3, 0, 4, 4, 2, 1, 1, 1, 1, 4]|[1, 2, 0, 0, 3, 0, 0, 0, 0, 0, 0, 0, 1, 0, 1, 0, 0, 2, 1, 0, 0, 2, 0, 0, 0, 0, 0, 0, 0, 1, 0, 0, 0, 0, 3, 0, 1, 3, 1, 2, 0, 0, 1, 3, 0, 0, 1, 0, 2, 0, 0, 1, 0, 3, 1, 0, 0, 0, 2, 0, 0, 2, 0, 0, 0, 1, 1, 0, 0, 2, 0, 0, 1, 0, 3, 2, 1, 0, 1, 0, 0, 1, 1, 1, 0, 0, 0, 0, 0, 1, 0, 0, 1, 2, 1, 0, 0, 0, 0, 2],947.7403185193954,56545.51498881621,135850.26726899145,false
2,G3_TWC,G4_BALANCED,[31, 22, 82, 15, 26, 9, 95, 42, 77, 12, 47, 5, 93, 78, 86, 54, 85, 63, 18, 44, 20, 35, 43, 97, 48, 50, 53, 30, 21, 45, 71, 64, 1, 23, 17, 83, 24, 41, 60, 36, 6, 57, 40, 88, 65, 56, 76, 46, 27, 66, 69, 75, 38, 58, 19, 32, 81, 91, 67, 94, 87, 90, 99, 59, 11, 16, 72, 73, 61, 39, 37, 84, 3, 92, 25, 55, 28, 51, 29, 7, 96, 74, 70, 33, 89, 79, 68, 80, 8, 10, 14, 2, 62, 4, 52, 49, 0, 34, 98, 13]|[2, 1, 0, 1, 1, 0, 2, 0, 2, 1, 2, 2, 2, 1, 1, 0, 0, 0, 0, 2, 2, 0, 1, 0, 1, 0, 0, 2, 0, 0, 1, 2, 1, 0, 1, 0, 2, 1, 1, 1, 0, 0, 1, 1, 0, 1, 1, 0, 0, 0, 2, 0, 1, 1, 0, 1, 2, 0, 0, 1, 2, 1, 0, 1, 2, 1, 2, 1, 1, 1, 0, 1, 1, 0, 1, 1, 1, 0, 1, 1, 1, 2, 1, 2, 1, 0, 0, 0, 1, 2, 0, 0, 0, 0, 2, 1, 0, 2, 0, 0]|[0, 3, 2, 2, 4, 1, 1, 0, 1, 4, 0, 1, 2, 4, 4, 1, 2, 1, 2, 1, 1, 1, 3, 2, 4, 1, 2, 1, 1, 1, 3, 2, 3, 0, 4, 0, 1, 4, 0, 3, 2, 0, 2, 1, 1, 1, 2, 2, 1, 2, 1, 2, 1, 0, 2, 3, 2, 1, 0, 4, 2, 3, 1, 2, 1, 3, 0, 4, 1, 0, 1, 1, 1, 0, 4, 4, 4, 1, 3, 1, 3, 0, 4, 2, 1, 1, 2, 1, 3, 1, 2, 2, 2, 2, 1, 3, 2, 1, 1, 2]|[0, 2, 1, 1, 3, 0, 0, 0, 0, 0, 0, 0, 1, 0, 1, 0, 0, 0, 1, 0, 0, 1, 2, 0, 2, 0, 1, 0, 0, 1, 0, 0, 0, 0, 3, 0, 1, 3, 0, 2, 1, 1, 1, 0, 0, 0, 2, 0, 0, 0, 0, 0, 1, 3, 1, 0, 1, 0, 1, 2, 0, 2, 0, 1, 0, 2, 1, 0, 3, 1, 0, 3, 1, 1, 3, 3, 1, 0, 0, 2, 2, 0, 3, 0, 1, 0, 1, 0, 2, 0, 0, 0, 1, 0, 0, 2, 0, 0, 0, 0],989.1472880817221,58470.716201073956,118273.31176513461,true
2,G1_CMAX,G4_BALANCED,[31, 22, 82, 15, 26, 9, 95, 42, 77, 12, 47, 5, 93, 78, 86, 54, 85, 63, 18, 44, 20, 35, 43, 97, 91, 76, 10, 30, 21, 45, 71, 64, 1, 23, 17, 83, 24, 41, 60, 36, 6, 57, 40, 88, 65, 56, 79, 69, 67, 68, 46, 75, 38, 58, 19, 32, 81, 48, 27, 62, 87, 90, 99, 59, 11, 16, 72, 73, 70, 89, 37, 84, 3, 14, 25, 55, 28, 66, 29, 7, 96, 50, 61, 33, 39, 74, 51, 80, 8, 53, 92, 2, 94, 4, 52, 49, 0, 34, 98, 13]|[2, 1, 0, 1, 1, 0, 1, 2, 2, 1, 2, 2, 2, 1, 1, 0, 0, 0, 0, 2, 2, 0, 1, 2, 0, 1, 2, 2, 0, 0, 1, 2, 1, 2, 1, 0, 2, 1, 1, 1, 0, 1, 2, 1, 0, 2, 1, 2, 0, 0, 0, 0, 1, 1, 2, 1, 2, 1, 0, 0, 2, 1, 0, 1, 2, 1, 2, 1, 1, 1, 0, 1, 1, 0, 1, 1, 1, 2, 1, 1, 1, 0, 1, 0, 1, 2, 0, 0, 1, 0, 0, 0, 1, 0, 2, 0, 0, 2, 0, 0]|[0, 3, 2, 2, 4, 1, 2, 2, 1, 4, 0, 1, 2, 4, 4, 1, 2, 1, 2, 1, 1, 1, 1, 2, 1, 2, 1, 1, 1, 1, 3, 2, 3, 0, 4, 0, 1, 4, 0, 3, 2, 2, 0, 0, 1, 1, 0, 2, 0, 1, 2, 2, 1, 0, 0, 3, 1, 4, 1, 2, 2, 3, 1, 2, 1, 3, 0, 4, 1, 1, 1, 1, 1, 2, 4, 4, 4, 0, 3, 1, 3, 1, 3, 2, 0, 0, 1, 1, 3, 2, 0, 2, 4, 2, 1, 1, 2, 1, 0, 2]|[0, 2, 1, 1, 3, 0, 1, 0, 0, 0, 0, 0, 1, 0, 1, 0, 0, 0, 1, 0, 0, 1, 3, 1, 0, 2, 0, 0, 0, 1, 0, 0, 0, 0, 3, 0, 1, 3, 0, 2, 1, 1, 0, 0, 0, 0, 0, 0, 1, 0, 0, 0, 1, 3, 0, 0, 0, 2, 0, 1, 0, 2, 0, 1, 0, 2, 1, 0, 3, 1, 0, 3, 1, 0, 3, 3, 1, 0, 0, 2, 2, 0, 0, 1, 1, 0, 0, 0, 2, 1, 1, 0, 2, 0, 0, 1, 0, 0, 0, 0],821.6547937044886,58123.029061532,117360.05166761237,true
2,G4_BALANCED,G4_BALANCED,[31, 22, 82, 15, 26, 9, 95, 42, 77, 12, 47, 5, 93, 78, 86, 54, 85, 63, 18, 44, 20, 35, 43, 97, 91, 76, 10, 30, 21, 45, 71, 64, 1, 23, 17, 83, 24, 41, 60, 36, 6, 57, 40, 88, 65, 56, 79, 69, 67, 68, 46, 75, 38, 58, 19, 32, 81, 48, 27, 62, 87, 90, 99, 59, 11, 16, 72, 73, 70, 89, 37, 84, 3, 14, 25, 55, 28, 66, 29, 7, 96, 50, 61, 33, 39, 74, 51, 80, 8, 53, 92, 2, 94, 4, 52, 49, 0, 34, 98, 13]|[2, 1, 0, 1, 1, 0, 1, 2, 2, 1, 2, 2, 2, 1, 1, 0, 0, 0, 0, 2, 2, 0, 1, 2, 0, 1, 2, 2, 0, 0, 1, 2, 1, 2, 1, 0, 2, 1, 1, 1, 0, 1, 2, 1, 0, 2, 1, 2, 0, 0, 0, 0, 1, 1, 2, 1, 2, 1, 0, 0, 2, 1, 0, 1, 2, 1, 2, 1, 1, 1, 0, 1, 1, 0, 1, 1, 1, 2, 1, 1, 1, 0, 1, 0, 1, 2, 0, 0, 1, 0, 0, 0, 1, 0, 2, 0, 0, 2, 0, 0]|[0, 3, 2, 2, 4, 1, 2, 2, 1, 4, 0, 1, 2, 4, 4, 1, 2, 1, 2, 1, 1, 1, 1, 2, 1, 2, 1, 1, 1, 1, 3, 2, 3, 0, 4, 0, 1, 4, 0, 3, 2, 2, 0, 0, 1, 1, 0, 2, 0, 1, 2, 2, 1, 0, 0, 3, 1, 4, 1, 2, 2, 3, 1, 2, 1, 3, 0, 4, 1, 1, 1, 1, 1, 2, 4, 4, 4, 0, 3, 1, 3, 1, 3, 2, 0, 0, 1, 1, 3, 2, 0, 2, 4, 2, 1, 1, 2, 1, 0, 2]|[0, 2, 1, 1, 3, 0, 1, 0, 0, 0, 0, 0, 1, 0, 1, 0, 0, 0, 1, 0, 0, 1, 3, 1, 0, 2, 0, 0, 0, 1, 0, 0, 0, 0, 3, 0, 1, 3, 0, 2, 1, 1, 0, 0, 0, 0, 0, 0, 1, 0, 0, 0, 1, 3, 0, 0, 0, 2, 0, 1, 0, 2, 0, 1, 0, 2, 1, 0, 3, 1, 0, 3, 1, 0, 3, 3, 1, 0, 0, 2, 2, 0, 0, 1, 1, 0, 0, 0, 2, 1, 1, 0, 2, 0, 0, 1, 0, 0, 0, 0],821.6547937044886,58123.029061532,117360.05166761237,false
2,G2_TEC,G2_TEC,[31, 22, 82, 15, 26, 9, 95, 42, 77, 4, 47, 5, 93, 78, 86, 54, 85, 63, 18, 44, 20, 49, 36, 14, 48, 50, 53, 17, 21, 45, 71, 64, 3, 23, 30, 83, 24, 41, 60, 52, 65, 27, 90, 70, 39, 87, 74, 69, 99, 68, 46, 1, 38, 58, 97, 59, 28, 8, 73, 37, 35, 79, 11, 66, 94, 32, 72, 13, 56, 6, 80, 61, 89, 92, 25, 34, 91, 57, 10, 7, 96, 88, 84, 19, 51, 33, 67, 75, 0, 81, 12, 40, 16, 55, 62, 2, 43, 76, 29, 98]|[0, 1, 2, 2, 1, 2, 0, 0, 1, 1, 2, 0, 2, 1, 1, 0, 0, 1, 0, 2, 2, 1, 0, 2, 2, 2, 2, 2, 0, 1, 0, 0, 0, 0, 1, 0, 2, 1, 2, 1, 0, 0, 1, 1, 0, 1, 0, 2, 1, 0, 0, 2, 2, 1, 2, 0, 2, 1, 1, 0, 2, 1, 2, 2, 2, 0, 1, 1, 2, 1, 0, 1, 1, 0, 1, 1, 1, 0, 1, 2, 0, 1, 0, 2, 0, 2, 1, 0, 0, 1, 1, 2, 1, 1, 0, 2, 2, 2, 1, 1]|[1, 3, 0, 2, 4, 1, 0, 0, 2, 4, 0, 2, 1, 4, 2, 1, 2, 3, 2, 1, 2, 3, 0, 1, 0, 1, 1, 1, 1, 0, 2, 2, 2, 0, 4, 2, 1, 4, 0, 3, 2, 1, 4, 4, 1, 0, 0, 2, 3, 1, 2, 1, 2, 0, 1, 2, 0, 3, 4, 1, 2, 3, 0, 0, 1, 0, 2, 4, 1, 4, 1, 3, 1, 1, 4, 4, 4, 1, 1, 1, 2, 4, 2, 2, 0, 0, 3, 2, 2, 1, 3, 0, 4, 4, 2, 1, 1, 1, 1, 4]|[1, 2, 0, 0, 3, 0, 0, 0, 0, 0, 0, 0, 1, 0, 1, 0, 0, 2, 1, 0, 0, 2, 0, 0, 0, 0, 0, 0, 0, 1, 0, 0, 0, 0, 3, 0, 1, 3, 1, 2, 0, 0, 1, 3, 0, 0, 1, 0, 2, 0, 0, 1, 0, 3, 1, 0, 0, 0, 2, 0, 0, 2, 0, 0, 0, 1, 1, 0, 0, 2, 0, 0, 1, 0, 3, 2, 1, 0, 1, 0, 0, 1, 1, 1, 0, 0, 0, 0, 0, 1, 0, 0, 1, 2, 1, 0, 0, 0, 0, 2],947.7403185193954,56545.51498881621,135850.26726899145,false
2,G3_TWC,G4_BALANCED,[31, 22, 82, 15, 26, 9, 95, 42, 77, 12, 47, 5, 93, 78, 86, 54, 85, 63, 18, 44, 20, 35, 43, 97, 91, 76, 10, 30, 21, 45, 71, 64, 1, 23, 17, 83, 24, 41, 60, 36, 6, 57, 40, 88, 65, 56, 79, 69, 67, 68, 46, 75, 38, 58, 19, 32, 81, 48, 27, 62, 87, 90, 99, 59, 11, 16, 72, 73, 70, 89, 37, 84, 3, 14, 25, 55, 28, 66, 29, 7, 96, 50, 61, 33, 39, 74, 51, 80, 8, 53, 92, 2, 94, 4, 52, 49, 0, 34, 98, 13]|[2, 1, 0, 1, 1, 0, 1, 2, 2, 1, 2, 2, 2, 1, 1, 0, 0, 0, 0, 2, 2, 0, 1, 2, 0, 1, 2, 2, 0, 0, 1, 2, 1, 2, 1, 0, 2, 1, 1, 1, 0, 1, 2, 1, 0, 2, 1, 2, 0, 0, 0, 0, 1, 1, 2, 1, 2, 1, 0, 0, 2, 1, 0, 1, 2, 1, 2, 1, 1, 1, 0, 1, 1, 0, 1, 1, 1, 2, 1, 1, 1, 0, 1, 0, 1, 2, 0, 0, 1, 0, 0, 0, 1, 0, 2, 0, 0, 2, 0, 0]|[0, 3, 2, 2, 4, 1, 2, 2, 1, 4, 0, 1, 2, 4, 4, 1, 2, 1, 2, 1, 1, 1, 1, 2, 1, 2, 1, 1, 1, 1, 3, 2, 3, 0, 4, 0, 1, 4, 0, 3, 2, 2, 0, 0, 1, 1, 0, 2, 0, 1, 2, 2, 1, 0, 0, 3, 1, 4, 1, 2, 2, 3, 1, 2, 1, 3, 0, 4, 1, 1, 1, 1, 1, 2, 4, 4, 4, 0, 3, 1, 3, 1, 3, 2, 0, 0, 1, 1, 3, 2, 0, 2, 4, 2, 1, 1, 2, 1, 0, 2]|[0, 2, 1, 1, 3, 0, 1, 0, 0, 0, 0, 0, 1, 0, 1, 0, 0, 0, 1, 0, 0, 1, 3, 1, 0, 2, 0, 0, 0, 1, 0, 0, 0, 0, 3, 0, 1, 3, 0, 2, 1, 1, 0, 0, 0, 0, 0, 0, 1, 0, 0, 0, 1, 3, 0, 0, 0, 2, 0, 1, 0, 2, 0, 1, 0, 2, 1, 0, 3, 1, 0, 3, 1, 0, 3, 3, 1, 0, 0, 2, 2, 0, 0, 1, 1, 0, 0, 0, 2, 1, 1, 0, 2, 0, 0, 1, 0, 0, 0, 0],821.6547937044886,58123.029061532,117360.05166761237,true
2,G1_CMAX,G4_BALANCED,[31, 22, 82, 15, 26, 9, 95, 42, 77, 12, 47, 5, 93, 78, 86, 54, 85, 63, 18, 44, 20, 35, 43, 97, 91, 76, 10, 30, 21, 45, 71, 64, 1, 23, 17, 83, 24, 41, 60, 36, 6, 57, 40, 88, 65, 56, 79, 69, 67, 68, 46, 75, 38, 58, 19, 32, 81, 48, 27, 62, 87, 90, 99, 59, 11, 16, 72, 73, 70, 89, 37, 84, 3, 14, 25, 55, 28, 66, 29, 7, 96, 50, 61, 33, 39, 74, 51, 80, 8, 53, 92, 2, 94, 4, 52, 49, 0, 34, 98, 13]|[2, 1, 0, 1, 1, 0, 1, 2, 2, 1, 2, 2, 2, 1, 1, 0, 0, 0, 0, 2, 2, 0, 1, 2, 0, 1, 2, 2, 0, 0, 1, 2, 1, 2, 1, 0, 2, 1, 1, 1, 0, 1, 2, 1, 0, 2, 1, 2, 0, 0, 0, 0, 1, 1, 2, 1, 2, 1, 0, 0, 2, 1, 0, 1, 2, 1, 2, 1, 1, 1, 0, 1, 1, 0, 1, 1, 1, 2, 1, 1, 1, 0, 1, 0, 1, 2, 0, 0, 1, 0, 0, 0, 1, 0, 2, 0, 0, 2, 0, 0]|[0, 3, 2, 2, 4, 1, 2, 2, 1, 4, 0, 1, 2, 4, 4, 1, 2, 1, 2, 1, 1, 1, 1, 2, 1, 2, 1, 1, 1, 1, 3, 2, 3, 0, 4, 0, 1, 4, 0, 3, 2, 2, 0, 0, 1, 1, 0, 2, 0, 1, 2, 2, 1, 0, 0, 3, 1, 4, 1, 2, 2, 3, 1, 2, 1, 3, 0, 4, 1, 1, 1, 1, 1, 2, 4, 4, 4, 0, 3, 1, 3, 1, 3, 2, 0, 0, 1, 1, 3, 2, 0, 2, 4, 2, 1, 1, 2, 1, 0, 2]|[0, 2, 1, 1, 3, 0, 1, 0, 0, 0, 0, 0, 1, 0, 1, 0, 0, 0, 1, 0, 0, 1, 3, 1, 0, 2, 0, 0, 0, 1, 0, 0, 0, 0, 3, 0, 1, 3, 0, 2, 1, 1, 0, 0, 0, 0, 0, 0, 1, 0, 0, 0, 1, 3, 0, 0, 0, 2, 0, 1, 0, 2, 0, 1, 0, 2, 1, 0, 3, 1, 0, 3, 1, 0, 3, 3, 1, 0, 0, 2, 2, 0, 0, 1, 1, 0, 0, 0, 2, 1, 1, 0, 2, 0, 0, 1, 0, 0, 0, 0],821.6547937044886,58123.029061532,117360.05166761237,true
2,G4_BALANCED,G4_BALANCED,[31, 22, 82, 15, 26, 9, 95, 42, 77, 12, 47, 5, 93, 78, 86, 54, 85, 63, 18, 44, 20, 35, 43, 97, 91, 76, 10, 30, 21, 45, 71, 64, 1, 23, 17, 83, 24, 41, 60, 36, 6, 57, 40, 88, 65, 56, 79, 69, 67, 68, 46, 75, 38, 58, 19, 32, 81, 48, 27, 62, 87, 90, 99, 59, 11, 16, 72, 73, 70, 89, 37, 84, 3, 14, 25, 55, 28, 66, 29, 7, 96, 50, 61, 33, 39, 74, 51, 80, 8, 53, 92, 2, 94, 4, 52, 49, 0, 34, 98, 13]|[2, 1, 0, 1, 1, 0, 1, 2, 2, 1, 2, 2, 2, 1, 1, 0, 0, 0, 0, 2, 2, 0, 1, 2, 0, 1, 2, 2, 0, 0, 1, 2, 1, 2, 1, 0, 2, 1, 1, 1, 0, 1, 2, 1, 0, 2, 1, 2, 0, 0, 0, 0, 1, 1, 2, 1, 2, 1, 0, 0, 2, 1, 0, 1, 2, 1, 2, 1, 1, 1, 0, 1, 1, 0, 1, 1, 1, 2, 1, 1, 1, 0, 1, 0, 1, 2, 0, 0, 1, 0, 0, 0, 1, 0, 2, 0, 0, 2, 0, 0]|[0, 3, 2, 2, 4, 1, 2, 2, 1, 4, 0, 1, 2, 4, 4, 1, 2, 1, 2, 1, 1, 1, 1, 2, 1, 2, 1, 1, 1, 1, 3, 2, 3, 0, 4, 0, 1, 4, 0, 3, 2, 2, 0, 0, 1, 1, 0, 2, 0, 1, 2, 2, 1, 0, 0, 3, 1, 4, 1, 2, 2, 3, 1, 2, 1, 3, 0, 4, 1, 1, 1, 1, 1, 2, 4, 4, 4, 0, 3, 1, 3, 1, 3, 2, 0, 0, 1, 1, 3, 2, 0, 2, 4, 2, 1, 1, 2, 1, 0, 2]|[0, 2, 1, 1, 3, 0, 1, 0, 0, 0, 0, 0, 1, 0, 1, 0, 0, 0, 1, 0, 0, 1, 3, 1, 0, 2, 0, 0, 0, 1, 0, 0, 0, 0, 3, 0, 1, 3, 0, 2, 1, 1, 0, 0, 0, 0, 0, 0, 1, 0, 0, 0, 1, 3, 0, 0, 0, 2, 0, 1, 0, 2, 0, 1, 0, 2, 1, 0, 3, 1, 0, 3, 1, 0, 3, 3, 1, 0, 0, 2, 2, 0, 0, 1, 1, 0, 0, 0, 2, 1, 1, 0, 2, 0, 0, 1, 0, 0, 0, 0],821.6547937044886,58123.029061532,117360.05166761237,false
2,G2_TEC,G2_TEC,[31, 22, 82, 15, 26, 9, 95, 42, 77, 4, 47, 5, 93, 78, 86, 54, 85, 63, 18, 44, 20, 49, 36, 14, 48, 50, 53, 17, 21, 45, 71, 64, 3, 23, 30, 83, 24, 41, 60, 52, 65, 27, 90, 70, 39, 87, 74, 69, 99, 68, 46, 1, 38, 58, 97, 59, 28, 8, 73, 37, 35, 79, 11, 66, 94, 32, 72, 13, 56, 6, 80, 61, 89, 92, 25, 34, 91, 57, 10, 7, 96, 88, 84, 19, 51, 33, 67, 75, 0, 81, 12, 40, 16, 55, 62, 2, 43, 76, 29, 98]|[0, 1, 2, 2, 1, 2, 0, 0, 1, 1, 2, 0, 2, 1, 1, 0, 0, 1, 0, 2, 2, 1, 0, 2, 2, 2, 2, 2, 0, 1, 0, 0, 0, 0, 1, 0, 2, 1, 2, 1, 0, 0, 1, 1, 0, 1, 0, 2, 1, 0, 0, 2, 2, 1, 2, 0, 2, 1, 1, 0, 2, 1, 2, 2, 2, 0, 1, 1, 2, 1, 0, 1, 1, 0, 1, 1, 1, 0, 1, 2, 0, 1, 0, 2, 0, 2, 1, 0, 0, 1, 1, 2, 1, 1, 0, 2, 2, 2, 1, 1]|[1, 3, 0, 2, 4, 1, 0, 0, 2, 4, 0, 2, 1, 4, 2, 1, 2, 3, 2, 1, 2, 3, 0, 1, 0, 1, 1, 1, 1, 0, 2, 2, 2, 0, 4, 2, 1, 4, 0, 3, 2, 1, 4, 4, 1, 0, 0, 2, 3, 1, 2, 1, 2, 0, 1, 2, 0, 3, 4, 1, 2, 3, 0, 0, 1, 0, 2, 4, 1, 4, 1, 3, 1, 1, 4, 4, 4, 1, 1, 1, 2, 4, 2, 2, 0, 0, 3, 2, 2, 1, 3, 0, 4, 4, 2, 1, 1, 1, 1, 4]|[1, 2, 0, 0, 3, 0, 0, 0, 0, 0, 0, 0, 1, 0, 1, 0, 0, 2, 1, 0, 0, 2, 0, 0, 0, 0, 0, 0, 0, 1, 0, 0, 0, 0, 3, 0, 1, 3, 1, 2, 0, 0, 1, 3, 0, 0, 1, 0, 2, 0, 0, 1, 0, 3, 1, 0, 0, 0, 2, 0, 0, 2, 0, 0, 0, 1, 1, 0, 0, 2, 0, 0, 1, 0, 3, 2, 1, 0, 1, 0, 0, 1, 1, 1, 0, 0, 0, 0, 0, 1, 0, 0, 1, 2, 1, 0, 0, 0, 0, 2],947.7403185193954,56545.51498881621,135850.26726899145,false
2,G3_TWC,G4_BALANCED,[31, 22, 82, 15, 26, 9, 95, 42, 77, 12, 47, 5, 93, 78, 86, 54, 85, 63, 18, 44, 20, 35, 43, 97, 91, 76, 10, 30, 21, 45, 71, 64, 1, 23, 17, 83, 24, 41, 60, 36, 6, 57, 40, 88, 65, 56, 79, 69, 67, 68, 46, 75, 38, 58, 19, 32, 81, 48, 27, 62, 87, 90, 99, 59, 11, 16, 72, 73, 70, 89, 37, 84, 3, 14, 25, 55, 28, 66, 29, 7, 96, 50, 61, 33, 39, 74, 51, 80, 8, 53, 92, 2, 94, 4, 52, 49, 0, 34, 98, 13]|[2, 1, 0, 1, 1, 0, 1, 2, 2, 1, 2, 2, 2, 1, 1, 0, 0, 0, 0, 2, 2, 0, 1, 2, 0, 1, 2, 2, 0, 0, 1, 2, 1, 2, 1, 0, 2, 1, 1, 1, 0, 1, 2, 1, 0, 2, 1, 2, 0, 0, 0, 0, 1, 1, 2, 1, 2, 1, 0, 0, 2, 1, 0, 1, 2, 1, 2, 1, 1, 1, 0, 1, 1, 0, 1, 1, 1, 2, 1, 1, 1, 0, 1, 0, 1, 2, 0, 0, 1, 0, 0, 0, 1, 0, 2, 0, 0, 2, 0, 0]|[0, 3, 2, 2, 4, 1, 2, 2, 1, 4, 0, 1, 2, 4, 4, 1, 2, 1, 2, 1, 1, 1, 1, 2, 1, 2, 1, 1, 1, 1, 3, 2, 3, 0, 4, 0, 1, 4, 0, 3, 2, 2, 0, 0, 1, 1, 0, 2, 0, 1, 2, 2, 1, 0, 0, 3, 1, 4, 1, 2, 2, 3, 1, 2, 1, 3, 0, 4, 1, 1, 1, 1, 1, 2, 4, 4, 4, 0, 3, 1, 3, 1, 3, 2, 0, 0, 1, 1, 3, 2, 0, 2, 4, 2, 1, 1, 2, 1, 0, 2]|[0, 2, 1, 1, 3, 0, 1, 0, 0, 0, 0, 0, 1, 0, 1, 0, 0, 0, 1, 0, 0, 1, 3, 1, 0, 2, 0, 0, 0, 1, 0, 0, 0, 0, 3, 0, 1, 3, 0, 2, 1, 1, 0, 0, 0, 0, 0, 0, 1, 0, 0, 0, 1, 3, 0, 0, 0, 2, 0, 1, 0, 2, 0, 1, 0, 2, 1, 0, 3, 1, 0, 3, 1, 0, 3, 3, 1, 0, 0, 2, 2, 0, 0, 1, 1, 0, 0, 0, 2, 1, 1, 0, 2, 0, 0, 1, 0, 0, 0, 0],821.6547937044886,58123.029061532,117360.05166761237,true
2,G1_CMAX,G3_TWC,[31, 22, 82, 15, 26, 9, 95, 42, 77, 12, 47, 5, 93, 78, 86, 54, 85, 63, 18, 44, 20, 35, 43, 97, 91, 76, 10, 30, 21, 45, 71, 64, 1, 23, 17, 83, 24, 41, 60, 36, 6, 57, 40, 56, 65, 88, 50, 46, 27, 66, 69, 75, 38, 58, 19, 32, 81, 48, 67, 94, 87, 90, 99, 59, 11, 16, 72, 73, 61, 39, 37, 84, 3, 92, 25, 55, 28, 51, 29, 7, 96, 74, 70, 33, 89, 79, 68, 80, 8, 53, 14, 2, 62, 4, 52, 49, 0, 34, 98, 13]|[2, 1, 0, 1, 1, 0, 1, 2, 2, 1, 2, 2, 2, 1, 1, 0, 0, 0, 0, 2, 2, 0, 1, 2, 0, 2, 2, 2, 0, 0, 1, 2, 1, 2, 1, 0, 2, 1, 1, 1, 0, 1, 1, 1, 0, 1, 0, 0, 0, 0, 2, 0, 1, 1, 2, 1, 2, 1, 0, 1, 0, 1, 0, 0, 2, 1, 2, 1, 1, 1, 0, 1, 1, 0, 1, 1, 1, 0, 1, 1, 1, 2, 1, 0, 1, 1, 0, 0, 1, 0, 0, 0, 0, 1, 2, 1, 0, 2, 0, 0]|[0, 3, 2, 2, 4, 1, 2, 2, 1, 4, 0, 1, 2, 4, 4, 1, 2, 1, 2, 1, 1, 1, 3, 2, 1, 1, 1, 1, 1, 1, 3, 2, 3, 0, 4, 0, 1, 4, 0, 3, 2, 2, 2, 1, 1, 0, 1, 2, 1, 2, 2, 2, 1, 0, 0, 3, 1, 4, 0, 4, 0, 3, 1, 1, 1, 3, 0, 4, 3, 0, 1, 1, 1, 0, 4, 4, 4, 1, 3, 1, 3, 0, 1, 2, 1, 0, 1, 1, 3, 2, 2, 2, 2, 4, 1, 1, 2, 1, 0, 2]|[0, 2, 1, 1, 3, 0, 1, 0, 0, 0, 0, 0, 1, 0, 1, 0, 0, 0, 1, 0, 0, 1, 2, 1, 0, 0, 0, 0, 0, 1, 0, 0, 0, 0, 3, 0, 1, 3, 0, 2, 1, 1, 1, 0, 0, 0, 0, 0, 0, 0, 0, 0, 1, 3, 0, 0, 0, 2, 1, 2, 0, 2, 0, 0, 0, 2, 1, 0, 0, 1, 0, 3, 1, 1, 3, 3, 1, 0, 0, 2, 2, 0, 3, 1, 1, 0, 0, 0, 2, 1, 0, 0, 1, 0, 0, 2, 0, 0, 0, 0],900.8067366937719,57556.73960376336,116660.20456998478,true
2,G4_BALANCED,G4_BALANCED,[31, 22, 82, 15, 26, 9, 95, 42, 77, 12, 47, 5, 93, 78, 86, 54, 85, 63, 18, 44, 20, 35, 43, 97, 91, 76, 10, 30, 21, 45, 71, 64, 1, 23, 17, 83, 24, 41, 60, 36, 6, 57, 40, 88, 65, 56, 79, 69, 67, 68, 46, 75, 38, 58, 19, 32, 81, 48, 27, 62, 87, 90, 99, 59, 11, 16, 72, 73, 70, 89, 37, 84, 3, 14, 25, 55, 28, 66, 29, 7, 96, 50, 61, 33, 39, 74, 51, 80, 8, 53, 92, 2, 94, 4, 52, 49, 0, 34, 98, 13]|[2, 1, 0, 1, 1, 0, 1, 2, 2, 1, 2, 2, 2, 1, 1, 0, 0, 0, 0, 2, 2, 0, 1, 2, 0, 1, 2, 2, 0, 0, 1, 2, 1, 2, 1, 0, 2, 1, 1, 1, 0, 1, 2, 1, 0, 2, 1, 2, 0, 0, 0, 0, 1, 1, 2, 1, 2, 1, 0, 0, 2, 1, 0, 1, 2, 1, 2, 1, 1, 1, 0, 1, 1, 0, 1, 1, 1, 2, 1, 1, 1, 0, 1, 0, 1, 2, 0, 0, 1, 0, 0, 0, 1, 0, 2, 0, 0, 2, 0, 0]|[0, 3, 2, 2, 4, 1, 2, 2, 1, 4, 0, 1, 2, 4, 4, 1, 2, 1, 2, 1, 1, 1, 1, 2, 1, 2, 1, 1, 1, 1, 3, 2, 3, 0, 4, 0, 1, 4, 0, 3, 2, 2, 0, 0, 1, 1, 0, 2, 0, 1, 2, 2, 1, 0, 0, 3, 1, 4, 1, 2, 2, 3, 1, 2, 1, 3, 0, 4, 1, 1, 1, 1, 1, 2, 4, 4, 4, 0, 3, 1, 3, 1, 3, 2, 0, 0, 1, 1, 3, 2, 0, 2, 4, 2, 1, 1, 2, 1, 0, 2]|[0, 2, 1, 1, 3, 0, 1, 0, 0, 0, 0, 0, 1, 0, 1, 0, 0, 0, 1, 0, 0, 1, 3, 1, 0, 2, 0, 0, 0, 1, 0, 0, 0, 0, 3, 0, 1, 3, 0, 2, 1, 1, 0, 0, 0, 0, 0, 0, 1, 0, 0, 0, 1, 3, 0, 0, 0, 2, 0, 1, 0, 2, 0, 1, 0, 2, 1, 0, 3, 1, 0, 3, 1, 0, 3, 3, 1, 0, 0, 2, 2, 0, 0, 1, 1, 0, 0, 0, 2, 1, 1, 0, 2, 0, 0, 1, 0, 0, 0, 0],821.6547937044886,58123.029061532,117360.05166761237,false
2,G2_TEC,G2_TEC,[31, 22, 82, 15, 26, 9, 95, 42, 77, 4, 47, 5, 93, 78, 86, 54, 85, 63, 18, 44, 20, 49, 36, 14, 48, 50, 53, 17, 21, 45, 71, 64, 3, 23, 30, 83, 24, 41, 60, 52, 65, 27, 90, 70, 39, 87, 74, 69, 99, 68, 46, 1, 38, 58, 97, 59, 28, 8, 73, 37, 35, 79, 11, 66, 94, 32, 72, 13, 56, 6, 80, 61, 89, 92, 25, 34, 91, 57, 10, 7, 96, 88, 84, 19, 51, 33, 67, 75, 0, 81, 12, 40, 16, 55, 62, 2, 43, 76, 29, 98]|[0, 1, 2, 2, 1, 2, 0, 0, 1, 1, 2, 0, 2, 1, 1, 0, 0, 1, 0, 2, 2, 1, 0, 2, 2, 2, 2, 2, 0, 1, 0, 0, 0, 0, 1, 0, 2, 1, 2, 1, 0, 0, 1, 1, 0, 1, 0, 2, 1, 0, 0, 2, 2, 1, 2, 0, 2, 1, 1, 0, 2, 1, 2, 2, 2, 0, 1, 1, 2, 1, 0, 1, 1, 0, 1, 1, 1, 0, 1, 2, 0, 1, 0, 2, 0, 2, 1, 0, 0, 1, 1, 2, 1, 1, 0, 2, 2, 2, 1, 1]|[1, 3, 0, 2, 4, 1, 0, 0, 2, 4, 0, 2, 1, 4, 2, 1, 2, 3, 2, 1, 2, 3, 0, 1, 0, 1, 1, 1, 1, 0, 2, 2, 2, 0, 4, 2, 1, 4, 0, 3, 2, 1, 4, 4, 1, 0, 0, 2, 3, 1, 2, 1, 2, 0, 1, 2, 0, 3, 4, 1, 2, 3, 0, 0, 1, 0, 2, 4, 1, 4, 1, 3, 1, 1, 4, 4, 4, 1, 1, 1, 2, 4, 2, 2, 0, 0, 3, 2, 2, 1, 3, 0, 4, 4, 2, 1, 1, 1, 1, 4]|[1, 2, 0, 0, 3, 0, 0, 0, 0, 0, 0, 0, 1, 0, 1, 0, 0, 2, 1, 0, 0, 2, 0, 0, 0, 0, 0, 0, 0, 1, 0, 0, 0, 0, 3, 0, 1, 3, 1, 2, 0, 0, 1, 3, 0, 0, 1, 0, 2, 0, 0, 1, 0, 3, 1, 0, 0, 0, 2, 0, 0, 2, 0, 0, 0, 1, 1, 0, 0, 2, 0, 0, 1, 0, 3, 2, 1, 0, 1, 0, 0, 1, 1, 1, 0, 0, 0, 0, 0, 1, 0, 0, 1, 2, 1, 0, 0, 0, 0, 2],947.7403185193954,56545.51498881621,135850.26726899145,false
2,G3_TWC,G4_BALANCED,[31, 22, 82, 15, 26, 9, 95, 42, 77, 12, 47, 5, 93, 78, 86, 54, 85, 63, 18, 44, 20, 35, 43, 97, 91, 76, 10, 30, 21, 45, 71, 64, 1, 23, 17, 83, 24, 41, 60, 36, 6, 57, 40, 88, 65, 56, 79, 69, 67, 68, 46, 75, 38, 58, 19, 32, 81, 48, 27, 62, 87, 90, 99, 59, 11, 16, 72, 73, 70, 89, 37, 84, 3, 14, 25, 55, 28, 66, 29, 7, 96, 50, 61, 33, 39, 74, 51, 80, 8, 53, 92, 2, 94, 4, 52, 49, 0, 34, 98, 13]|[2, 1, 0, 1, 1, 0, 1, 2, 2, 1, 2, 2, 2, 1, 1, 0, 0, 0, 0, 2, 2, 0, 1, 2, 0, 1, 2, 2, 0, 0, 1, 2, 1, 2, 1, 0, 2, 1, 1, 1, 0, 1, 2, 1, 0, 2, 1, 2, 0, 0, 0, 0, 1, 1, 2, 1, 2, 1, 0, 0, 2, 1, 0, 1, 2, 1, 2, 1, 1, 1, 0, 1, 1, 0, 1, 1, 1, 2, 1, 1, 1, 0, 1, 0, 1, 2, 0, 0, 1, 0, 0, 0, 1, 0, 2, 0, 0, 2, 0, 0]|[0, 3, 2, 2, 4, 1, 2, 2, 1, 4, 0, 1, 2, 4, 4, 1, 2, 1, 2, 1, 1, 1, 1, 2, 1, 2, 1, 1, 1, 1, 3, 2, 3, 0, 4, 0, 1, 4, 0, 3, 2, 2, 0, 0, 1, 1, 0, 2, 0, 1, 2, 2, 1, 0, 0, 3, 1, 4, 1, 2, 2, 3, 1, 2, 1, 3, 0, 4, 1, 1, 1, 1, 1, 2, 4, 4, 4, 0, 3, 1, 3, 1, 3, 2, 0, 0, 1, 1, 3, 2, 0, 2, 4, 2, 1, 1, 2, 1, 0, 2]|[0, 2, 1, 1, 3, 0, 1, 0, 0, 0, 0, 0, 1, 0, 1, 0, 0, 0, 1, 0, 0, 1, 3, 1, 0, 2, 0, 0, 0, 1, 0, 0, 0, 0, 3, 0, 1, 3, 0, 2, 1, 1, 0, 0, 0, 0, 0, 0, 1, 0, 0, 0, 1, 3, 0, 0, 0, 2, 0, 1, 0, 2, 0, 1, 0, 2, 1, 0, 3, 1, 0, 3, 1, 0, 3, 3, 1, 0, 0, 2, 2, 0, 0, 1, 1, 0, 0, 0, 2, 1, 1, 0, 2, 0, 0, 1, 0, 0, 0, 0],821.6547937044886,58123.029061532,117360.05166761237,true
2,G1_CMAX,G2_TEC,[31, 22, 82, 15, 26, 9, 95, 42, 77, 4, 47, 5, 93, 78, 86, 54, 85, 63, 18, 44, 20, 49, 36, 14, 48, 50, 53, 17, 21, 45, 71, 64, 3, 23, 30, 83, 24, 41, 60, 52, 65, 27, 90, 70, 39, 87, 74, 69, 99, 68, 46, 1, 38, 58, 97, 59, 28, 8, 73, 37, 67, 33, 11, 66, 76, 32, 72, 13, 56, 6, 80, 61, 89, 92, 25, 34, 91, 57, 10, 7, 96, 88, 84, 19, 51, 79, 35, 75, 0, 81, 12, 40, 16, 55, 62, 2, 43, 94, 29, 98]|[0, 1, 2, 2, 1, 2, 0, 0, 1, 1, 2, 0, 2, 2, 1, 2, 0, 1, 0, 2, 2, 1, 0, 2, 2, 2, 0, 2, 0, 1, 0, 0, 0, 0, 1, 0, 2, 1, 2, 2, 0, 0, 1, 1, 0, 1, 0, 2, 1, 0, 0, 2, 2, 1, 2, 0, 2, 1, 1, 0, 2, 2, 2, 2, 2, 0, 1, 1, 2, 1, 0, 1, 1, 0, 1, 1, 1, 0, 1, 2, 0, 1, 0, 2, 0, 1, 1, 0, 0, 1, 1, 2, 1, 1, 0, 2, 2, 2, 1, 0]|[1, 3, 0, 2, 4, 1, 0, 0, 2, 4, 0, 2, 1, 0, 2, 1, 2, 3, 2, 1, 2, 3, 0, 1, 0, 1, 2, 1, 1, 0, 2, 2, 2, 0, 4, 1, 1, 4, 0, 1, 0, 1, 4, 4, 1, 0, 0, 2, 3, 1, 2, 1, 2, 0, 1, 2, 0, 3, 4, 1, 2, 0, 0, 0, 1, 0, 2, 4, 1, 4, 1, 3, 1, 1, 4, 4, 4, 0, 1, 1, 2, 4, 2, 0, 0, 3, 3, 2, 2, 1, 3, 0, 4, 4, 2, 1, 1, 1, 1, 1]|[1, 2, 0, 0, 3, 0, 0, 0, 0, 0, 0, 0, 1, 0, 1, 0, 0, 2, 1, 0, 0, 2, 0, 0, 0, 0, 1, 0, 0, 1, 0, 0, 0, 0, 3, 0, 1, 3, 1, 0, 1, 0, 1, 3, 0, 0, 1, 0, 2, 0, 0, 1, 0, 3, 1, 0, 0, 0, 2, 0, 0, 0, 0, 0, 0, 1, 1, 0, 0, 2, 0, 0, 1, 0, 3, 2, 1, 1, 1, 0, 0, 1, 1, 0, 0, 2, 0, 0, 0, 1, 0, 0, 1, 2, 1, 0, 0, 0, 0, 0],977.8145393342876,56238.137905939075,132465.9524661886,true
2,G4_BALANCED,G4_BALANCED,[31, 22, 82, 15, 26, 9, 95, 42, 77, 12, 47, 5, 93, 78, 86, 54, 85, 63, 18, 44, 20, 35, 43, 97, 91, 76, 10, 30, 21, 45, 71, 64, 1, 23, 17, 83, 24, 41, 60, 36, 6, 57, 40, 88, 65, 56, 79, 69, 67, 68, 46, 75, 38, 58, 19, 32, 81, 48, 27, 62, 87, 90, 99, 59, 11, 16, 72, 73, 70, 89, 37, 84, 3, 14, 25, 55, 28, 66, 29, 7, 96, 50, 61, 33, 39, 74, 51, 80, 8, 53, 92, 2, 94, 4, 52, 49, 0, 34, 98, 13]|[2, 1, 0, 1, 1, 0, 1, 2, 2, 1, 2, 2, 2, 1, 1, 0, 0, 0, 0, 2, 2, 0, 1, 2, 0, 1, 2, 2, 0, 0, 1, 2, 1, 2, 1, 0, 2, 1, 1, 1, 0, 1, 2, 1, 0, 2, 1, 2, 0, 0, 0, 0, 1, 1, 2, 1, 2, 1, 0, 0, 2, 1, 0, 1, 2, 1, 2, 1, 1, 1, 0, 1, 1, 0, 1, 1, 1, 2, 1, 1, 1, 0, 1, 0, 1, 2, 0, 0, 1, 0, 0, 0, 1, 0, 2, 0, 0, 2, 0, 0]|[0, 3, 2, 2, 4, 1, 2, 2, 1, 4, 0, 1, 2, 4, 4, 1, 2, 1, 2, 1, 1, 1, 1, 2, 1, 2, 1, 1, 1, 1, 3, 2, 3, 0, 4, 0, 1, 4, 0, 3, 2, 2, 0, 0, 1, 1, 0, 2, 0, 1, 2, 2, 1, 0, 0, 3, 1, 4, 1, 2, 2, 3, 1, 2, 1, 3, 0, 4, 1, 1, 1, 1, 1, 2, 4, 4, 4, 0, 3, 1, 3, 1, 3, 2, 0, 0, 1, 1, 3, 2, 0, 2, 4, 2, 1, 1, 2, 1, 0, 2]|[0, 2, 1, 1, 3, 0, 1, 0, 0, 0, 0, 0, 1, 0, 1, 0, 0, 0, 1, 0, 0, 1, 3, 1, 0, 2, 0, 0, 0, 1, 0, 0, 0, 0, 3, 0, 1, 3, 0, 2, 1, 1, 0, 0, 0, 0, 0, 0, 1, 0, 0, 0, 1, 3, 0, 0, 0, 2, 0, 1, 0, 2, 0, 1, 0, 2, 1, 0, 3, 1, 0, 3, 1, 0, 3, 3, 1, 0, 0, 2, 2, 0, 0, 1, 1, 0, 0, 0, 2, 1, 1, 0, 2, 0, 0, 1, 0, 0, 0, 0],821.6547937044886,58123.029061532,117360.05166761237,false
2,G2_TEC,G2_TEC,[31, 22, 82, 15, 26, 9, 95, 42, 77, 4, 47, 5, 93, 78, 86, 54, 85, 63, 18, 44, 20, 49, 36, 14, 48, 50, 53, 17, 21, 45, 71, 64, 3, 23, 30, 83, 24, 41, 60, 52, 65, 27, 90, 70, 39, 87, 74, 69, 99, 68, 46, 1, 38, 58, 97, 59, 28, 8, 73, 37, 35, 79, 11, 66, 94, 32, 72, 13, 56, 6, 80, 61, 89, 92, 25, 34, 91, 57, 10, 7, 96, 88, 84, 19, 51, 33, 67, 75, 0, 81, 12, 40, 16, 55, 62, 2, 43, 76, 29, 98]|[0, 1, 2, 2, 1, 2, 0, 0, 1, 1, 2, 0, 2, 1, 1, 0, 0, 1, 0, 2, 2, 1, 0, 2, 2, 2, 2, 2, 0, 1, 0, 0, 0, 0, 1, 0, 2, 1, 2, 1, 0, 0, 1, 1, 0, 1, 0, 2, 1, 0, 0, 2, 2, 1, 2, 0, 2, 1, 1, 0, 2, 1, 2, 2, 2, 0, 1, 1, 2, 1, 0, 1, 1, 0, 1, 1, 1, 0, 1, 2, 0, 1, 0, 2, 0, 2, 1, 0, 0, 1, 1, 2, 1, 1, 0, 2, 2, 2, 1, 1]|[1, 3, 0, 2, 4, 1, 0, 0, 2, 4, 0, 2, 1, 4, 2, 1, 2, 3, 2, 1, 2, 3, 0, 1, 0, 1, 1, 1, 1, 0, 2, 2, 2, 0, 4, 2, 1, 4, 0, 3, 2, 1, 4, 4, 1, 0, 0, 2, 3, 1, 2, 1, 2, 0, 1, 2, 0, 3, 4, 1, 2, 3, 0, 0, 1, 0, 2, 4, 1, 4, 1, 3, 1, 1, 4, 4, 4, 1, 1, 1, 2, 4, 2, 2, 0, 0, 3, 2, 2, 1, 3, 0, 4, 4, 2, 1, 1, 1, 1, 4]|[1, 2, 0, 0, 3, 0, 0, 0, 0, 0, 0, 0, 1, 0, 1, 0, 0, 2, 1, 0, 0, 2, 0, 0, 0, 0, 0, 0, 0, 1, 0, 0, 0, 0, 3, 0, 1, 3, 1, 2, 0, 0, 1, 3, 0, 0, 1, 0, 2, 0, 0, 1, 0, 3, 1, 0, 0, 0, 2, 0, 0, 2, 0, 0, 0, 1, 1, 0, 0, 2, 0, 0, 1, 0, 3, 2, 1, 0, 1, 0, 0, 1, 1, 1, 0, 0, 0, 0, 0, 1, 0, 0, 1, 2, 1, 0, 0, 0, 0, 2],947.7403185193954,56545.51498881621,135850.26726899145,false
2,G3_TWC,G4_BALANCED,[31, 22, 82, 15, 26, 9, 95, 42, 77, 12, 47, 5, 93, 78, 86, 54, 85, 63, 18, 44, 20, 35, 43, 97, 91, 76, 10, 30, 21, 45, 71, 64, 1, 23, 17, 83, 24, 41, 60, 36, 6, 57, 40, 88, 65, 56, 79, 69, 67, 68, 46, 75, 38, 58, 19, 32, 81, 48, 27, 62, 87, 90, 99, 59, 11, 16, 72, 73, 70, 89, 37, 84, 3, 14, 25, 55, 28, 66, 29, 7, 96, 50, 61, 33, 39, 74, 51, 80, 8, 53, 92, 2, 94, 4, 52, 49, 0, 34, 98, 13]|[2, 1, 0, 1, 1, 0, 1, 2, 2, 1, 2, 2, 2, 1, 1, 0, 0, 0, 0, 2, 2, 0, 1, 2, 0, 1, 2, 2, 0, 0, 1, 2, 1, 2, 1, 0, 2, 1, 1, 1, 0, 1, 2, 1, 0, 2, 1, 2, 0, 0, 0, 0, 1, 1, 2, 1, 2, 1, 0, 0, 2, 1, 0, 1, 2, 1, 2, 1, 1, 1, 0, 1, 1, 0, 1, 1, 1, 2, 1, 1, 1, 0, 1, 0, 1, 2, 0, 0, 1, 0, 0, 0, 1, 0, 2, 0, 0, 2, 0, 0]|[0, 3, 2, 2, 4, 1, 2, 2, 1, 4, 0, 1, 2, 4, 4, 1, 2, 1, 2, 1, 1, 1, 1, 2, 1, 2, 1, 1, 1, 1, 3, 2, 3, 0, 4, 0, 1, 4, 0, 3, 2, 2, 0, 0, 1, 1, 0, 2, 0, 1, 2, 2, 1, 0, 0, 3, 1, 4, 1, 2, 2, 3, 1, 2, 1, 3, 0, 4, 1, 1, 1, 1, 1, 2, 4, 4, 4, 0, 3, 1, 3, 1, 3, 2, 0, 0, 1, 1, 3, 2, 0, 2, 4, 2, 1, 1, 2, 1, 0, 2]|[0, 2, 1, 1, 3, 0, 1, 0, 0, 0, 0, 0, 1, 0, 1, 0, 0, 0, 1, 0, 0, 1, 3, 1, 0, 2, 0, 0, 0, 1, 0, 0, 0, 0, 3, 0, 1, 3, 0, 2, 1, 1, 0, 0, 0, 0, 0, 0, 1, 0, 0, 0, 1, 3, 0, 0, 0, 2, 0, 1, 0, 2, 0, 1, 0, 2, 1, 0, 3, 1, 0, 3, 1, 0, 3, 3, 1, 0, 0, 2, 2, 0, 0, 1, 1, 0, 0, 0, 2, 1, 1, 0, 2, 0, 0, 1, 0, 0, 0, 0],821.6547937044886,58123.029061532,117360.05166761237,true
2,G1_CMAX,G2_TEC,[31, 22, 82, 15, 26, 9, 95, 42, 77, 4, 47, 5, 93, 78, 86, 54, 85, 63, 18, 44, 20, 49, 36, 14, 48, 50, 53, 17, 21, 45, 71, 64, 3, 23, 30, 83, 24, 41, 60, 52, 65, 27, 90, 70, 39, 87, 74, 69, 99, 68, 46, 1, 38, 58, 97, 59, 28, 8, 73, 37, 67, 33, 11, 66, 76, 32, 72, 13, 56, 6, 80, 61, 89, 92, 25, 34, 91, 57, 10, 7, 96, 88, 84, 19, 51, 79, 35, 75, 0, 81, 12, 40, 16, 55, 62, 2, 43, 94, 29, 98]|[0, 1, 2, 2, 1, 2, 0, 0, 1, 1, 2, 0, 2, 2, 1, 2, 0, 1, 0, 2, 2, 1, 0, 2, 2, 2, 0, 2, 0, 1, 0, 0, 0, 0, 1, 0, 2, 1, 2, 2, 0, 0, 1, 1, 0, 1, 0, 2, 1, 0, 0, 2, 2, 1, 2, 0, 2, 1, 1, 0, 2, 2, 2, 2, 2, 0, 1, 1, 2, 1, 0, 1, 1, 0, 1, 1, 1, 0, 1, 2, 0, 1, 0, 2, 0, 1, 1, 0, 0, 1, 1, 2, 1, 1, 0, 2, 2, 2, 1, 0]|[1, 3, 0, 2, 4, 1, 0, 0, 2, 4, 0, 2, 1, 0, 2, 1, 2, 3, 2, 1, 2, 3, 0, 1, 0, 1, 2, 1, 1, 0, 2, 2, 2, 0, 4, 1, 1, 4, 0, 1, 0, 1, 4, 4, 1, 0, 0, 2, 3, 1, 2, 1, 2, 0, 1, 2, 0, 3, 4, 1, 2, 0, 0, 0, 1, 0, 2, 4, 1, 4, 1, 3, 1, 1, 4, 4, 4, 0, 1, 1, 2, 4, 2, 0, 0, 3, 3, 2, 2, 1, 3, 0, 4, 4, 2, 1, 1, 1, 1, 1]|[1, 2, 0, 0, 3, 0, 0, 0, 0, 0, 0, 0, 1, 0, 1, 0, 0, 2, 1, 0, 0, 2, 0, 0, 0, 0, 1, 0, 0, 1, 0, 0, 0, 0, 3, 0, 1, 3, 1, 0, 1, 0, 1, 3, 0, 0, 1, 0, 2, 0, 0, 1, 0, 3, 1, 0, 0, 0, 2, 0, 0, 0, 0, 0, 0, 1, 1, 0, 0, 2, 0, 0, 1, 0, 3, 2, 1, 1, 1, 0, 0, 1, 1, 0, 0, 2, 0, 0, 0, 1, 0, 0, 1, 2, 1, 0, 0, 0, 0, 0],977.8145393342876,56238.137905939075,132465.9524661886,true
2,G4_BALANCED,G4_BALANCED,[31, 22, 82, 15, 26, 9, 95, 42, 77, 12, 47, 5, 93, 78, 86, 54, 85, 63, 18, 44, 20, 35, 43, 97, 91, 76, 10, 30, 21, 45, 71, 64, 1, 23, 17, 83, 24, 41, 60, 36, 6, 57, 40, 88, 65, 56, 79, 69, 67, 68, 46, 75, 38, 58, 19, 32, 81, 48, 27, 62, 87, 90, 99, 59, 11, 16, 72, 73, 70, 89, 37, 84, 3, 14, 25, 55, 28, 66, 29, 7, 96, 50, 61, 33, 39, 74, 51, 80, 8, 53, 92, 2, 94, 4, 52, 49, 0, 34, 98, 13]|[2, 1, 0, 1, 1, 0, 1, 2, 2, 1, 2, 2, 2, 1, 1, 0, 0, 0, 0, 2, 2, 0, 1, 2, 0, 1, 2, 2, 0, 0, 1, 2, 1, 2, 1, 0, 2, 1, 1, 1, 0, 1, 2, 1, 0, 2, 1, 2, 0, 0, 0, 0, 1, 1, 2, 1, 2, 1, 0, 0, 2, 1, 0, 1, 2, 1, 2, 1, 1, 1, 0, 1, 1, 0, 1, 1, 1, 2, 1, 1, 1, 0, 1, 0, 1, 2, 0, 0, 1, 0, 0, 0, 1, 0, 2, 0, 0, 2, 0, 0]|[0, 3, 2, 2, 4, 1, 2, 2, 1, 4, 0, 1, 2, 4, 4, 1, 2, 1, 2, 1, 1, 1, 1, 2, 1, 2, 1, 1, 1, 1, 3, 2, 3, 0, 4, 0, 1, 4, 0, 3, 2, 2, 0, 0, 1, 1, 0, 2, 0, 1, 2, 2, 1, 0, 0, 3, 1, 4, 1, 2, 2, 3, 1, 2, 1, 3, 0, 4, 1, 1, 1, 1, 1, 2, 4, 4, 4, 0, 3, 1, 3, 1, 3, 2, 0, 0, 1, 1, 3, 2, 0, 2, 4, 2, 1, 1, 2, 1, 0, 2]|[0, 2, 1, 1, 3, 0, 1, 0, 0, 0, 0, 0, 1, 0, 1, 0, 0, 0, 1, 0, 0, 1, 3, 1, 0, 2, 0, 0, 0, 1, 0, 0, 0, 0, 3, 0, 1, 3, 0, 2, 1, 1, 0, 0, 0, 0, 0, 0, 1, 0, 0, 0, 1, 3, 0, 0, 0, 2, 0, 1, 0, 2, 0, 1, 0, 2, 1, 0, 3, 1, 0, 3, 1, 0, 3, 3, 1, 0, 0, 2, 2, 0, 0, 1, 1, 0, 0, 0, 2, 1, 1, 0, 2, 0, 0, 1, 0, 0, 0, 0],821.6547937044886,58123.029061532,117360.05166761237,false
2,G2_TEC,G2_TEC,[31, 22, 82, 15, 26, 9, 95, 42, 77, 4, 47, 5, 93, 78, 86, 54, 85, 63, 18, 44, 20, 49, 36, 14, 48, 50, 53, 17, 21, 45, 71, 64, 3, 23, 30, 83, 24, 41, 60, 52, 65, 27, 90, 70, 39, 87, 74, 69, 99, 68, 46, 1, 38, 58, 97, 59, 28, 8, 73, 37, 35, 79, 11, 66, 94, 32, 72, 13, 56, 6, 80, 61, 89, 92, 25, 34, 91, 57, 10, 7, 96, 88, 84, 19, 51, 33, 67, 75, 0, 81, 12, 40, 16, 55, 62, 2, 43, 76, 29, 98]|[0, 1, 2, 2, 1, 2, 0, 0, 1, 1, 2, 0, 2, 1, 1, 0, 0, 1, 0, 2, 2, 1, 0, 2, 2, 2, 2, 2, 0, 1, 0, 0, 0, 0, 1, 0, 2, 1, 2, 1, 0, 0, 1, 1, 0, 1, 0, 2, 1, 0, 0, 2, 2, 1, 2, 0, 2, 1, 1, 0, 2, 1, 2, 2, 2, 0, 1, 1, 2, 1, 0, 1, 1, 0, 1, 1, 1, 0, 1, 2, 0, 1, 0, 2, 0, 2, 1, 0, 0, 1, 1, 2, 1, 1, 0, 2, 2, 2, 1, 1]|[1, 3, 0, 2, 4, 1, 0, 0, 2, 4, 0, 2, 1, 4, 2, 1, 2, 3, 2, 1, 2, 3, 0, 1, 0, 1, 1, 1, 1, 0, 2, 2, 2, 0, 4, 2, 1, 4, 0, 3, 2, 1, 4, 4, 1, 0, 0, 2, 3, 1, 2, 1, 2, 0, 1, 2, 0, 3, 4, 1, 2, 3, 0, 0, 1, 0, 2, 4, 1, 4, 1, 3, 1, 1, 4, 4, 4, 1, 1, 1, 2, 4, 2, 2, 0, 0, 3, 2, 2, 1, 3, 0, 4, 4, 2, 1, 1, 1, 1, 4]|[1, 2, 0, 0, 3, 0, 0, 0, 0, 0, 0, 0, 1, 0, 1, 0, 0, 2, 1, 0, 0, 2, 0, 0, 0, 0, 0, 0, 0, 1, 0, 0, 0, 0, 3, 0, 1, 3, 1, 2, 0, 0, 1, 3, 0, 0, 1, 0, 2, 0, 0, 1, 0, 3, 1, 0, 0, 0, 2, 0, 0, 2, 0, 0, 0, 1, 1, 0, 0, 2, 0, 0, 1, 0, 3, 2, 1, 0, 1, 0, 0, 1, 1, 1, 0, 0, 0, 0, 0, 1, 0, 0, 1, 2, 1, 0, 0, 0, 0, 2],947.7403185193954,56545.51498881621,135850.26726899145,false
2,G3_TWC,G4_BALANCED,[31, 22, 82, 15, 26, 9, 95, 42, 77, 12, 47, 5, 93, 78, 86, 54, 85, 63, 18, 44, 20, 35, 43, 97, 91, 76, 10, 30, 21, 45, 71, 64, 1, 23, 17, 83, 24, 41, 60, 36, 6, 57, 40, 88, 65, 56, 79, 69, 67, 68, 46, 75, 38, 58, 19, 32, 81, 48, 27, 62, 87, 90, 99, 59, 11, 16, 72, 73, 70, 89, 37, 84, 3, 14, 25, 55, 28, 66, 29, 7, 96, 50, 61, 33, 39, 74, 51, 80, 8, 53, 92, 2, 94, 4, 52, 49, 0, 34, 98, 13]|[2, 1, 0, 1, 1, 0, 1, 2, 2, 1, 2, 2, 2, 1, 1, 0, 0, 0, 0, 2, 2, 0, 1, 2, 0, 1, 2, 2, 0, 0, 1, 2, 1, 2, 1, 0, 2, 1, 1, 1, 0, 1, 2, 1, 0, 2, 1, 2, 0, 0, 0, 0, 1, 1, 2, 1, 2, 1, 0, 0, 2, 1, 0, 1, 2, 1, 2, 1, 1, 1, 0, 1, 1, 0, 1, 1, 1, 2, 1, 1, 1, 0, 1, 0, 1, 2, 0, 0, 1, 0, 0, 0, 1, 0, 2, 0, 0, 2, 0, 0]|[0, 3, 2, 2, 4, 1, 2, 2, 1, 4, 0, 1, 2, 4, 4, 1, 2, 1, 2, 1, 1, 1, 1, 2, 1, 2, 1, 1, 1, 1, 3, 2, 3, 0, 4, 0, 1, 4, 0, 3, 2, 2, 0, 0, 1, 1, 0, 2, 0, 1, 2, 2, 1, 0, 0, 3, 1, 4, 1, 2, 2, 3, 1, 2, 1, 3, 0, 4, 1, 1, 1, 1, 1, 2, 4, 4, 4, 0, 3, 1, 3, 1, 3, 2, 0, 0, 1, 1, 3, 2, 0, 2, 4, 2, 1, 1, 2, 1, 0, 2]|[0, 2, 1, 1, 3, 0, 1, 0, 0, 0, 0, 0, 1, 0, 1, 0, 0, 0, 1, 0, 0, 1, 3, 1, 0, 2, 0, 0, 0, 1, 0, 0, 0, 0, 3, 0, 1, 3, 0, 2, 1, 1, 0, 0, 0, 0, 0, 0, 1, 0, 0, 0, 1, 3, 0, 0, 0, 2, 0, 1, 0, 2, 0, 1, 0, 2, 1, 0, 3, 1, 0, 3, 1, 0, 3, 3, 1, 0, 0, 2, 2, 0, 0, 1, 1, 0, 0, 0, 2, 1, 1, 0, 2, 0, 0, 1, 0, 0, 0, 0],821.6547937044886,58123.029061532,117360.05166761237,true
2,G1_CMAX,G2_TEC,[31, 22, 82, 15, 26, 9, 95, 42, 77, 4, 47, 5, 93, 78, 86, 54, 85, 63, 18, 44, 20, 49, 36, 14, 48, 50, 53, 17, 21, 45, 71, 64, 3, 23, 30, 83, 24, 41, 60, 52, 65, 27, 90, 70, 39, 87, 74, 69, 99, 68, 46, 1, 38, 58, 97, 59, 28, 8, 73, 37, 35, 79, 11, 66, 94, 32, 72, 13, 56, 6, 80, 61, 89, 92, 25, 34, 91, 57, 10, 2, 16, 88, 29, 40, 96, 19, 75, 0, 81, 33, 43, 12, 76, 7, 67, 98, 55, 84, 62, 51]|[0, 2, 0, 1, 1, 2, 2, 2, 0, 1, 2, 0, 2, 1, 1, 0, 0, 1, 0, 2, 2, 2, 0, 2, 2, 1, 2, 1, 1, 0, 1, 0, 0, 0, 1, 0, 2, 1, 1, 1, 0, 0, 1, 1, 0, 2, 0, 2, 0, 0, 0, 2, 2, 1, 2, 0, 2, 1, 1, 1, 2, 1, 2, 1, 2, 0, 1, 1, 1, 1, 0, 1, 1, 2, 1, 1, 0, 0, 1, 2, 1, 1, 0, 2, 0, 2, 0, 0, 2, 0, 1, 1, 2, 2, 1, 1, 1, 0, 2, 0]|[1, 2, 2, 2, 4, 1, 1, 2, 2, 4, 0, 2, 1, 2, 2, 1, 2, 3, 2, 1, 2, 0, 0, 1, 0, 2, 1, 4, 4, 1, 3, 2, 2, 0, 4, 1, 1, 4, 0, 3, 0, 1, 4, 4, 1, 2, 0, 2, 2, 1, 2, 2, 2, 0, 2, 2, 0, 3, 4, 3, 2, 2, 0, 3, 1, 0, 2, 4, 1, 4, 1, 3, 1, 2, 4, 4, 1, 0, 1, 1, 4, 1, 2, 1, 2, 2, 2, 2, 2, 2, 1, 3, 2, 1, 3, 4, 4, 1, 2, 0]|[1, 0, 1, 1, 3, 0, 0, 0, 0, 0, 0, 0, 1, 1, 1, 0, 0, 2, 1, 0, 0, 0, 0, 0, 0, 2, 0, 3, 0, 1, 0, 0, 0, 0, 3, 0, 1, 3, 0, 2, 1, 0, 1, 3, 0, 0, 1, 0, 0, 0, 0, 0, 0, 3, 0, 0, 0, 0, 2, 1, 0, 1, 0, 0, 0, 0, 1, 0, 0, 2, 0, 0, 3, 0, 3, 2, 0, 1, 1, 0, 1, 0, 1, 0, 0, 1, 0, 0, 1, 1, 3, 0, 0, 0, 0, 2, 2, 1, 0, 0],998.787252478408,55791.1941453718,138447.4265962288,true
2,G4_BALANCED,G4_BALANCED,[31, 22, 82, 15, 26, 9, 95, 42, 77, 4, 47, 5, 93, 78, 86, 54, 85, 63, 18, 44, 20, 49, 36, 14, 48, 50, 53, 17, 21, 45, 71, 64, 3, 23, 30, 83, 24, 41, 60, 52, 65, 27, 90, 70, 39, 87, 74, 69, 99, 32, 68, 46, 1, 79, 12, 40, 38, 28, 8, 98, 80, 33, 11, 66, 76, 57, 72, 91, 56, 6, 37, 61, 89, 92, 25, 58, 16, 51, 29, 7, 96, 88, 84, 19, 67, 59, 55, 62, 73, 10, 97, 2, 94, 75, 43, 35, 0, 34, 81, 13]|[0, 1, 0, 1, 1, 2, 0, 0, 0, 1, 2, 1, 2, 1, 1, 2, 0, 0, 0, 2, 2, 1, 0, 2, 2, 2, 0, 2, 0, 1, 0, 0, 0, 0, 0, 0, 0, 1, 1, 2, 0, 0, 1, 1, 2, 2, 2, 2, 0, 2, 0, 0, 2, 1, 1, 2, 1, 1, 1, 0, 0, 0, 2, 2, 1, 1, 1, 0, 1, 1, 1, 1, 1, 2, 1, 1, 0, 0, 0, 1, 0, 1, 0, 2, 1, 0, 1, 2, 1, 1, 0, 2, 1, 0, 0, 1, 0, 2, 1, 1]|[1, 3, 2, 2, 4, 1, 0, 0, 2, 4, 0, 3, 1, 4, 2, 1, 1, 1, 2, 1, 1, 3, 0, 1, 0, 1, 2, 1, 1, 0, 2, 1, 2, 0, 1, 1, 2, 4, 0, 1, 2, 1, 4, 4, 1, 1, 1, 1, 2, 1, 1, 2, 2, 2, 4, 0, 4, 2, 3, 1, 1, 2, 0, 0, 2, 3, 2, 0, 1, 4, 3, 3, 1, 2, 4, 1, 2, 0, 1, 2, 2, 0, 1, 2, 3, 2, 3, 0, 4, 1, 1, 1, 4, 1, 1, 0, 2, 1, 1, 4]|[1, 2, 1, 1, 3, 0, 0, 0, 0, 0, 0, 2, 1, 0, 1, 0, 0, 0, 1, 0, 0, 2, 0, 0, 0, 0, 1, 0, 0, 1, 0, 0, 0, 0, 0, 0, 0, 3, 0, 0, 0, 0, 1, 3, 0, 0, 0, 0, 0, 0, 0, 0, 0, 1, 0, 0, 0, 3, 0, 0, 0, 1, 0, 0, 2, 0, 1, 1, 0, 2, 1, 0, 1, 0, 3, 1, 1, 0, 0, 1, 0, 0, 1, 1, 2, 0, 0, 0, 2, 1, 0, 0, 2, 1, 1, 0, 0, 0, 1, 0],977.2600218413281,56503.80962719497,131281.85840872824,false
2,G2_TEC,G2_TEC,[31, 22, 82, 15, 26, 9, 95, 42, 77, 4, 47, 5, 93, 78, 86, 54, 85, 63, 18, 44, 20, 49, 36, 14, 48, 50, 53, 17, 21, 45, 71, 64, 3, 23, 30, 83, 24, 41, 60, 52, 65, 27, 90, 70, 39, 87, 74, 69, 99, 68, 46, 1, 38, 58, 97, 59, 28, 8, 73, 37, 35, 79, 11, 66, 94, 32, 72, 13, 56, 6, 80, 61, 89, 92, 25, 34, 91, 57, 10, 7, 96, 88, 84, 19, 51, 33, 67, 75, 0, 81, 12, 40, 16, 55, 62, 2, 43, 76, 29, 98]|[0, 1, 2, 2, 1, 2, 0, 0, 1, 1, 2, 0, 2, 1, 1, 0, 0, 1, 0, 2, 2, 1, 0, 2, 2, 2, 2, 2, 0, 1, 0, 0, 0, 0, 1, 0, 2, 1, 2, 1, 0, 0, 1, 1, 0, 1, 0, 2, 1, 0, 0, 2, 2, 1, 2, 0, 2, 1, 1, 0, 2, 1, 2, 2, 2, 0, 1, 1, 2, 1, 0, 1, 1, 0, 1, 1, 1, 0, 1, 2, 0, 1, 0, 2, 0, 2, 1, 0, 0, 1, 1, 2, 1, 1, 0, 2, 2, 2, 1, 1]|[1, 3, 0, 2, 4, 1, 0, 0, 2, 4, 0, 2, 1, 4, 2, 1, 2, 3, 2, 1, 2, 3, 0, 1, 0, 1, 1, 1, 1, 0, 2, 2, 2, 0, 4, 2, 1, 4, 0, 3, 2, 1, 4, 4, 1, 0, 0, 2, 3, 1, 2, 1, 2, 0, 1, 2, 0, 3, 4, 1, 2, 3, 0, 0, 1, 0, 2, 4, 1, 4, 1, 3, 1, 1, 4, 4, 4, 1, 1, 1, 2, 4, 2, 2, 0, 0, 3, 2, 2, 1, 3, 0, 4, 4, 2, 1, 1, 1, 1, 4]|[1, 2, 0, 0, 3, 0, 0, 0, 0, 0, 0, 0, 1, 0, 1, 0, 0, 2, 1, 0, 0, 2, 0, 0, 0, 0, 0, 0, 0, 1, 0, 0, 0, 0, 3, 0, 1, 3, 1, 2, 0, 0, 1, 3, 0, 0, 1, 0, 2, 0, 0, 1, 0, 3, 1, 0, 0, 0, 2, 0, 0, 2, 0, 0, 0, 1, 1, 0, 0, 2, 0, 0, 1, 0, 3, 2, 1, 0, 1, 0, 0, 1, 1, 1, 0, 0, 0, 0, 0, 1, 0, 0, 1, 2, 1, 0, 0, 0, 0, 2],947.7403185193954,56545.51498881621,135850.26726899145,false
2,G3_TWC,G4_BALANCED,[31, 22, 82, 15, 26, 9, 95, 42, 77, 12, 47, 5, 93, 78, 86, 54, 85, 63, 18, 44, 20, 35, 43, 97, 91, 76, 10, 30, 21, 45, 71, 64, 1, 23, 17, 83, 24, 41, 60, 36, 6, 57, 40, 88, 65, 56, 79, 69, 67, 68, 46, 75, 38, 58, 19, 32, 81, 48, 27, 62, 87, 90, 99, 59, 11, 16, 72, 73, 70, 89, 37, 84, 3, 14, 25, 55, 28, 66, 29, 7, 96, 50, 61, 33, 39, 74, 51, 80, 8, 53, 92, 2, 94, 4, 52, 49, 0, 34, 98, 13]|[2, 1, 0, 1, 1, 0, 1, 2, 2, 1, 2, 2, 2, 1, 1, 0, 0, 0, 0, 2, 2, 0, 1, 2, 0, 1, 2, 2, 0, 0, 1, 2, 1, 2, 1, 0, 2, 1, 1, 1, 0, 1, 2, 1, 0, 2, 1, 2, 0, 0, 0, 0, 1, 1, 2, 1, 2, 1, 0, 0, 2, 1, 0, 1, 2, 1, 2, 1, 1, 1, 0, 1, 1, 0, 1, 1, 1, 2, 1, 1, 1, 0, 1, 0, 1, 2, 0, 0, 1, 0, 0, 0, 1, 0, 2, 0, 0, 2, 0, 0]|[0, 3, 2, 2, 4, 1, 2, 2, 1, 4, 0, 1, 2, 4, 4, 1, 2, 1, 2, 1, 1, 1, 1, 2, 1, 2, 1, 1, 1, 1, 3, 2, 3, 0, 4, 0, 1, 4, 0, 3, 2, 2, 0, 0, 1, 1, 0, 2, 0, 1, 2, 2, 1, 0, 0, 3, 1, 4, 1, 2, 2, 3, 1, 2, 1, 3, 0, 4, 1, 1, 1, 1, 1, 2, 4, 4, 4, 0, 3, 1, 3, 1, 3, 2, 0, 0, 1, 1, 3, 2, 0, 2, 4, 2, 1, 1, 2, 1, 0, 2]|[0, 2, 1, 1, 3, 0, 1, 0, 0, 0, 0, 0, 1, 0, 1, 0, 0, 0, 1, 0, 0, 1, 3, 1, 0, 2, 0, 0, 0, 1, 0, 0, 0, 0, 3, 0, 1, 3, 0, 2, 1, 1, 0, 0, 0, 0, 0, 0, 1, 0, 0, 0, 1, 3, 0, 0, 0, 2, 0, 1, 0, 2, 0, 1, 0, 2, 1, 0, 3, 1, 0, 3, 1, 0, 3, 3, 1, 0, 0, 2, 2, 0, 0, 1, 1, 0, 0, 0, 2, 1, 1, 0, 2, 0, 0, 1, 0, 0, 0, 0],821.6547937044886,58123.029061532,117360.05166761237,true
2,G1_CMAX,G4_BALANCED,[31, 22, 82, 15, 26, 9, 95, 42, 77, 4, 47, 5, 93, 78, 86, 54, 85, 63, 18, 44, 20, 49, 36, 14, 48, 50, 53, 17, 21, 45, 71, 64, 3, 23, 30, 83, 24, 41, 60, 52, 65, 27, 90, 70, 39, 87, 74, 69, 99, 68, 46, 1, 38, 58, 97, 59, 28, 8, 73, 37, 35, 79, 11, 66, 94, 32, 72, 13, 34, 6, 80, 61, 89, 92, 25, 62, 2, 98, 91, 43, 56, 67, 29, 84, 16, 76, 75, 0, 55, 57, 7, 12, 40, 10, 33, 88, 81, 19, 96, 51]|[0, 1, 2, 1, 1, 2, 2, 0, 1, 1, 2, 0, 2, 2, 1, 0, 0, 1, 0, 2, 2, 1, 0, 2, 1, 1, 2, 2, 1, 1, 0, 0, 0, 0, 1, 0, 2, 1, 2, 1, 0, 0, 1, 1, 2, 2, 0, 2, 0, 0, 0, 2, 1, 1, 0, 0, 2, 1, 1, 1, 2, 0, 2, 2, 1, 2, 1, 1, 2, 1, 0, 1, 1, 2, 1, 1, 0, 0, 0, 2, 0, 1, 0, 0, 0, 2, 0, 0, 1, 1, 1, 1, 2, 2, 0, 1, 2, 2, 0, 0]|[1, 3, 0, 2, 4, 1, 1, 0, 2, 4, 0, 2, 1, 0, 2, 1, 1, 3, 2, 1, 2, 3, 0, 1, 1, 2, 1, 1, 4, 0, 2, 2, 2, 0, 4, 1, 1, 4, 0, 1, 2, 1, 4, 4, 1, 2, 0, 1, 2, 1, 2, 1, 4, 0, 0, 2, 0, 3, 0, 3, 2, 1, 0, 0, 4, 2, 2, 4, 1, 4, 1, 3, 1, 2, 4, 4, 1, 0, 1, 1, 2, 1, 0, 2, 0, 1, 2, 2, 4, 4, 1, 3, 0, 1, 2, 3, 2, 0, 2, 0]|[1, 2, 0, 1, 3, 0, 0, 0, 0, 0, 0, 0, 1, 0, 1, 0, 0, 3, 1, 0, 0, 2, 0, 0, 1, 2, 0, 0, 0, 1, 0, 0, 0, 0, 3, 0, 1, 3, 1, 1, 0, 0, 1, 3, 0, 0, 1, 0, 0, 0, 0, 1, 0, 3, 1, 0, 0, 0, 1, 1, 0, 0, 0, 0, 2, 0, 1, 0, 0, 2, 0, 0, 1, 0, 3, 2, 0, 1, 0, 0, 0, 0, 0, 1, 1, 0, 0, 0, 2, 2, 3, 0, 0, 0, 1, 0, 1, 0, 0, 0],885.6271264599577,56628.14329437727,135807.30887499795,true
2,G4_BALANCED,G4_BALANCED,[31, 22, 82, 15, 26, 9, 95, 42, 77, 12, 47, 5, 93, 78, 86, 54, 85, 63, 18, 44, 20, 35, 43, 97, 91, 76, 10, 30, 21, 45, 71, 64, 1, 23, 17, 83, 24, 41, 60, 36, 6, 57, 40, 88, 65, 56, 79, 69, 67, 68, 46, 75, 38, 58, 19, 32, 81, 48, 27, 62, 87, 90, 99, 59, 11, 16, 72, 73, 70, 89, 37, 84, 3, 14, 25, 55, 28, 66, 29, 7, 96, 50, 61, 33, 39, 74, 51, 80, 8, 53, 92, 2, 94, 4, 52, 49, 0, 34, 98, 13]|[2, 1, 0, 1, 1, 0, 1, 2, 2, 1, 2, 2, 2, 1, 1, 0, 0, 0, 0, 2, 2, 0, 1, 2, 0, 1, 2, 2, 0, 0, 1, 2, 1, 2, 1, 0, 2, 1, 1, 1, 0, 1, 2, 1, 0, 2, 1, 2, 0, 0, 0, 0, 1, 1, 2, 1, 2, 1, 0, 0, 2, 1, 0, 1, 2, 1, 2, 1, 1, 1, 0, 1, 1, 0, 1, 1, 1, 2, 1, 1, 1, 0, 1, 0, 1, 2, 0, 0, 1, 0, 0, 0, 1, 0, 2, 0, 0, 2, 0, 0]|[0, 3, 2, 2, 4, 1, 2, 2, 1, 4, 0, 1, 2, 4, 4, 1, 2, 1, 2, 1, 1, 1, 1, 2, 1, 2, 1, 1, 1, 1, 3, 2, 3, 0, 4, 0, 1, 4, 0, 3, 2, 2, 0, 0, 1, 1, 0, 2, 0, 1, 2, 2, 1, 0, 0, 3, 1, 4, 1, 2, 2, 3, 1, 2, 1, 3, 0, 4, 1, 1, 1, 1, 1, 2, 4, 4, 4, 0, 3, 1, 3, 1, 3, 2, 0, 0, 1, 1, 3, 2, 0, 2, 4, 2, 1, 1, 2, 1, 0, 2]|[0, 2, 1, 1, 3, 0, 1, 0, 0, 0, 0, 0, 1, 0, 1, 0, 0, 0, 1, 0, 0, 1, 3, 1, 0, 2, 0, 0, 0, 1, 0, 0, 0, 0, 3, 0, 1, 3, 0, 2, 1, 1, 0, 0, 0, 0, 0, 0, 1, 0, 0, 0, 1, 3, 0, 0, 0, 2, 0, 1, 0, 2, 0, 1, 0, 2, 1, 0, 3, 1, 0, 3, 1, 0, 3, 3, 1, 0, 0, 2, 2, 0, 0, 1, 1, 0, 0, 0, 2, 1, 1, 0, 2, 0, 0, 1, 0, 0, 0, 0],821.6547937044886,58123.029061532,117360.05166761237,false
2,G2_TEC,G2_TEC,[31, 22, 82, 15, 26, 9, 95, 42, 77, 4, 47, 5, 93, 78, 86, 54, 85, 63, 18, 44, 20, 49, 36, 14, 48, 50, 53, 17, 21, 45, 71, 64, 3, 23, 30, 83, 24, 41, 60, 52, 65, 27, 90, 70, 39, 87, 74, 69, 99, 68, 46, 1, 38, 58, 97, 59, 28, 8, 73, 37, 35, 79, 11, 66, 94, 32, 72, 13, 56, 6, 80, 61, 89, 92, 25, 34, 91, 57, 10, 7, 96, 88, 84, 19, 51, 33, 67, 75, 0, 81, 12, 40, 16, 55, 62, 2, 43, 76, 29, 98]|[0, 1, 2, 2, 1, 2, 0, 0, 1, 1, 2, 0, 2, 1, 1, 0, 0, 1, 0, 2, 2, 1, 0, 2, 2, 2, 2, 2, 0, 1, 0, 0, 0, 0, 1, 0, 2, 1, 2, 1, 0, 0, 1, 1, 0, 1, 0, 2, 1, 0, 0, 2, 2, 1, 2, 0, 2, 1, 1, 0, 2, 1, 2, 2, 2, 0, 1, 1, 2, 1, 0, 1, 1, 0, 1, 1, 1, 0, 1, 2, 0, 1, 0, 2, 0, 2, 1, 0, 0, 1, 1, 2, 1, 1, 0, 2, 2, 2, 1, 1]|[1, 3, 0, 2, 4, 1, 0, 0, 2, 4, 0, 2, 1, 4, 2, 1, 2, 3, 2, 1, 2, 3, 0, 1, 0, 1, 1, 1, 1, 0, 2, 2, 2, 0, 4, 2, 1, 4, 0, 3, 2, 1, 4, 4, 1, 0, 0, 2, 3, 1, 2, 1, 2, 0, 1, 2, 0, 3, 4, 1, 2, 3, 0, 0, 1, 0, 2, 4, 1, 4, 1, 3, 1, 1, 4, 4, 4, 1, 1, 1, 2, 4, 2, 2, 0, 0, 3, 2, 2, 1, 3, 0, 4, 4, 2, 1, 1, 1, 1, 4]|[1, 2, 0, 0, 3, 0, 0, 0, 0, 0, 0, 0, 1, 0, 1, 0, 0, 2, 1, 0, 0, 2, 0, 0, 0, 0, 0, 0, 0, 1, 0, 0, 0, 0, 3, 0, 1, 3, 1, 2, 0, 0, 1, 3, 0, 0, 1, 0, 2, 0, 0, 1, 0, 3, 1, 0, 0, 0, 2, 0, 0, 2, 0, 0, 0, 1, 1, 0, 0, 2, 0, 0, 1, 0, 3, 2, 1, 0, 1, 0, 0, 1, 1, 1, 0, 0, 0, 0, 0, 1, 0, 0, 1, 2, 1, 0, 0, 0, 0, 2],947.7403185193954,56545.51498881621,135850.26726899145,false
2,G3_TWC,G4_BALANCED,[31, 22, 82, 15, 26, 9, 95, 42, 77, 12, 47, 5, 93, 78, 86, 54, 85, 63, 18, 44, 20, 35, 43, 97, 91, 76, 10, 30, 21, 45, 71, 64, 1, 23, 17, 83, 24, 41, 60, 36, 6, 57, 40, 88, 65, 56, 79, 69, 67, 68, 46, 75, 38, 58, 19, 32, 81, 48, 27, 62, 87, 90, 99, 59, 11, 16, 72, 73, 70, 89, 37, 84, 3, 14, 25, 55, 28, 66, 29, 7, 96, 50, 61, 33, 39, 74, 51, 80, 8, 53, 92, 2, 94, 4, 52, 49, 0, 34, 98, 13]|[2, 1, 0, 1, 1, 0, 1, 2, 2, 1, 2, 2, 2, 1, 1, 0, 0, 0, 0, 2, 2, 0, 1, 2, 0, 1, 2, 2, 0, 0, 1, 2, 1, 2, 1, 0, 2, 1, 1, 1, 0, 1, 2, 1, 0, 2, 1, 2, 0, 0, 0, 0, 1, 1, 2, 1, 2, 1, 0, 0, 2, 1, 0, 1, 2, 1, 2, 1, 1, 1, 0, 1, 1, 0, 1, 1, 1, 2, 1, 1, 1, 0, 1, 0, 1, 2, 0, 0, 1, 0, 0, 0, 1, 0, 2, 0, 0, 2, 0, 0]|[0, 3, 2, 2, 4, 1, 2, 2, 1, 4, 0, 1, 2, 4, 4, 1, 2, 1, 2, 1, 1, 1, 1, 2, 1, 2, 1, 1, 1, 1, 3, 2, 3, 0, 4, 0, 1, 4, 0, 3, 2, 2, 0, 0, 1, 1, 0, 2, 0, 1, 2, 2, 1, 0, 0, 3, 1, 4, 1, 2, 2, 3, 1, 2, 1, 3, 0, 4, 1, 1, 1, 1, 1, 2, 4, 4, 4, 0, 3, 1, 3, 1, 3, 2, 0, 0, 1, 1, 3, 2, 0, 2, 4, 2, 1, 1, 2, 1, 0, 2]|[0, 2, 1, 1, 3, 0, 1, 0, 0, 0, 0, 0, 1, 0, 1, 0, 0, 0, 1, 0, 0, 1, 3, 1, 0, 2, 0, 0, 0, 1, 0, 0, 0, 0, 3, 0, 1, 3, 0, 2, 1, 1, 0, 0, 0, 0, 0, 0, 1, 0, 0, 0, 1, 3, 0, 0, 0, 2, 0, 1, 0, 2, 0, 1, 0, 2, 1, 0, 3, 1, 0, 3, 1, 0, 3, 3, 1, 0, 0, 2, 2, 0, 0, 1, 1, 0, 0, 0, 2, 1, 1, 0, 2, 0, 0, 1, 0, 0, 0, 0],821.6547937044886,58123.029061532,117360.05166761237,true
2,G1_CMAX,G4_BALANCED,[31, 22, 82, 15, 26, 9, 95, 42, 77, 4, 47, 5, 93, 78, 86, 54, 85, 63, 18, 44, 20, 49, 36, 14, 48, 50, 53, 17, 21, 45, 71, 64, 3, 23, 30, 83, 24, 41, 60, 52, 65, 27, 90, 70, 39, 87, 74, 69, 99, 68, 46, 1, 38, 58, 97, 59, 28, 8, 73, 37, 35, 79, 11, 66, 94, 32, 72, 13, 34, 6, 80, 61, 89, 92, 25, 62, 2, 98, 91, 43, 56, 67, 29, 84, 16, 76, 75, 0, 55, 57, 7, 12, 40, 10, 33, 88, 81, 19, 96, 51]|[0, 1, 2, 1, 1, 2, 2, 0, 1, 1, 2, 0, 2, 2, 1, 0, 0, 1, 0, 2, 2, 1, 0, 2, 1, 1, 2, 2, 1, 1, 0, 0, 0, 0, 1, 0, 2, 1, 2, 1, 0, 0, 1, 1, 2, 2, 0, 2, 0, 0, 0, 2, 1, 1, 0, 0, 2, 1, 1, 1, 2, 0, 2, 2, 1, 2, 1, 1, 2, 1, 0, 1, 1, 2, 1, 1, 0, 0, 0, 2, 0, 1, 0, 0, 0, 2, 0, 0, 1, 1, 1, 1, 2, 2, 0, 1, 2, 2, 0, 0]|[1, 3, 0, 2, 4, 1, 1, 0, 2, 4, 0, 2, 1, 0, 2, 1, 1, 3, 2, 1, 2, 3, 0, 1, 1, 2, 1, 1, 4, 0, 2, 2, 2, 0, 4, 1, 1, 4, 0, 1, 2, 1, 4, 4, 1, 2, 0, 1, 2, 1, 2, 1, 4, 0, 0, 2, 0, 3, 0, 3, 2, 1, 0, 0, 4, 2, 2, 4, 1, 4, 1, 3, 1, 2, 4, 4, 1, 0, 1, 1, 2, 1, 0, 2, 0, 1, 2, 2, 4, 4, 1, 3, 0, 1, 2, 3, 2, 0, 2, 0]|[1, 2, 0, 1, 3, 0, 0, 0, 0, 0, 0, 0, 1, 0, 1, 0, 0, 3, 1, 0, 0, 2, 0, 0, 1, 2, 0, 0, 0, 1, 0, 0, 0, 0, 3, 0, 1, 3, 1, 1, 0, 0, 1, 3, 0, 0, 1, 0, 0, 0, 0, 1, 0, 3, 1, 0, 0, 0, 1, 1, 0, 0, 0, 0, 2, 0, 1, 0, 0, 2, 0, 0, 1, 0, 3, 2, 0, 1, 0, 0, 0, 0, 0, 1, 1, 0, 0, 0, 2, 2, 3, 0, 0, 0, 1, 0, 1, 0, 0, 0],885.6271264599577,56628.14329437727,135807.30887499795,true
2,G4_BALANCED,G4_BALANCED,[31, 22, 82, 15, 26, 9, 95, 42, 77, 12, 47, 5, 93, 78, 86, 54, 85, 63, 18, 44, 20, 35, 43, 97, 91, 76, 10, 30, 21, 45, 71, 64, 1, 23, 17, 83, 24, 41, 60, 36, 6, 57, 40, 88, 65, 56, 79, 69, 67, 68, 46, 75, 38, 58, 19, 32, 81, 48, 27, 62, 87, 90, 99, 59, 11, 16, 72, 73, 70, 89, 37, 84, 3, 14, 25, 55, 28, 66, 29, 7, 96, 50, 61, 33, 39, 74, 51, 80, 8, 53, 92, 2, 94, 4, 52, 49, 0, 34, 98, 13]|[2, 1, 0, 1, 1, 0, 1, 2, 2, 1, 2, 2, 2, 1, 1, 0, 0, 0, 0, 2, 2, 0, 1, 2, 0, 1, 2, 2, 0, 0, 1, 2, 1, 2, 1, 0, 2, 1, 1, 1, 0, 1, 2, 1, 0, 2, 1, 2, 0, 0, 0, 0, 1, 1, 2, 1, 2, 1, 0, 0, 2, 1, 0, 1, 2, 1, 2, 1, 1, 1, 0, 1, 1, 0, 1, 1, 1, 2, 1, 1, 1, 0, 1, 0, 1, 2, 0, 0, 1, 0, 0, 0, 1, 0, 2, 0, 0, 2, 0, 0]|[0, 3, 2, 2, 4, 1, 2, 2, 1, 4, 0, 1, 2, 4, 4, 1, 2, 1, 2, 1, 1, 1, 1, 2, 1, 2, 1, 1, 1, 1, 3, 2, 3, 0, 4, 0, 1, 4, 0, 3, 2, 2, 0, 0, 1, 1, 0, 2, 0, 1, 2, 2, 1, 0, 0, 3, 1, 4, 1, 2, 2, 3, 1, 2, 1, 3, 0, 4, 1, 1, 1, 1, 1, 2, 4, 4, 4, 0, 3, 1, 3, 1, 3, 2, 0, 0, 1, 1, 3, 2, 0, 2, 4, 2, 1, 1, 2, 1, 0, 2]|[0, 2, 1, 1, 3, 0, 1, 0, 0, 0, 0, 0, 1, 0, 1, 0, 0, 0, 1, 0, 0, 1, 3, 1, 0, 2, 0, 0, 0, 1, 0, 0, 0, 0, 3, 0, 1, 3, 0, 2, 1, 1, 0, 0, 0, 0, 0, 0, 1, 0, 0, 0, 1, 3, 0, 0, 0, 2, 0, 1, 0, 2, 0, 1, 0, 2, 1, 0, 3, 1, 0, 3, 1, 0, 3, 3, 1, 0, 0, 2, 2, 0, 0, 1, 1, 0, 0, 0, 2, 1, 1, 0, 2, 0, 0, 1, 0, 0, 0, 0],821.6547937044886,58123.029061532,117360.05166761237,false
2,G2_TEC,G2_TEC,[31, 22, 82, 15, 26, 9, 95, 42, 77, 4, 47, 5, 93, 78, 86, 54, 85, 63, 18, 44, 20, 49, 36, 14, 48, 50, 53, 17, 21, 45, 71, 64, 3, 23, 30, 83, 24, 41, 60, 52, 65, 27, 90, 70, 39, 87, 74, 69, 99, 68, 46, 1, 38, 58, 97, 59, 28, 8, 73, 37, 35, 79, 11, 66, 94, 32, 72, 13, 56, 6, 80, 61, 89, 92, 25, 34, 91, 57, 10, 7, 96, 88, 84, 19, 51, 33, 67, 75, 0, 81, 12, 40, 16, 55, 62, 2, 43, 76, 29, 98]|[0, 1, 2, 2, 1, 2, 0, 0, 1, 1, 2, 0, 2, 1, 1, 0, 0, 1, 0, 2, 2, 1, 0, 2, 2, 2, 2, 2, 0, 1, 0, 0, 0, 0, 1, 0, 2, 1, 2, 1, 0, 0, 1, 1, 0, 1, 0, 2, 1, 0, 0, 2, 2, 1, 2, 0, 2, 1, 1, 0, 2, 1, 2, 2, 2, 0, 1, 1, 2, 1, 0, 1, 1, 0, 1, 1, 1, 0, 1, 2, 0, 1, 0, 2, 0, 2, 1, 0, 0, 1, 1, 2, 1, 1, 0, 2, 2, 2, 1, 1]|[1, 3, 0, 2, 4, 1, 0, 0, 2, 4, 0, 2, 1, 4, 2, 1, 2, 3, 2, 1, 2, 3, 0, 1, 0, 1, 1, 1, 1, 0, 2, 2, 2, 0, 4, 2, 1, 4, 0, 3, 2, 1, 4, 4, 1, 0, 0, 2, 3, 1, 2, 1, 2, 0, 1, 2, 0, 3, 4, 1, 2, 3, 0, 0, 1, 0, 2, 4, 1, 4, 1, 3, 1, 1, 4, 4, 4, 1, 1, 1, 2, 4, 2, 2, 0, 0, 3, 2, 2, 1, 3, 0, 4, 4, 2, 1, 1, 1, 1, 4]|[1, 2, 0, 0, 3, 0, 0, 0, 0, 0, 0, 0, 1, 0, 1, 0, 0, 2, 1, 0, 0, 2, 0, 0, 0, 0, 0, 0, 0, 1, 0, 0, 0, 0, 3, 0, 1, 3, 1, 2, 0, 0, 1, 3, 0, 0, 1, 0, 2, 0, 0, 1, 0, 3, 1, 0, 0, 0, 2, 0, 0, 2, 0, 0, 0, 1, 1, 0, 0, 2, 0, 0, 1, 0, 3, 2, 1, 0, 1, 0, 0, 1, 1, 1, 0, 0, 0, 0, 0, 1, 0, 0, 1, 2, 1, 0, 0, 0, 0, 2],947.7403185193954,56545.51498881621,135850.26726899145,false
2,G3_TWC,G4_BALANCED,[31, 22, 82, 15, 26, 9, 95, 42, 77, 12, 47, 5, 93, 78, 86, 54, 85, 63, 18, 44, 20, 35, 43, 97, 91, 76, 10, 30, 21, 45, 71, 64, 1, 23, 17, 83, 24, 41, 60, 36, 6, 57, 40, 88, 65, 56, 79, 69, 67, 68, 46, 75, 38, 58, 19, 32, 81, 48, 27, 62, 87, 90, 99, 59, 11, 16, 72, 73, 70, 89, 37, 84, 3, 14, 25, 55, 28, 66, 29, 7, 96, 50, 61, 33, 39, 74, 51, 80, 8, 53, 92, 2, 94, 4, 52, 49, 0, 34, 98, 13]|[2, 1, 0, 1, 1, 0, 1, 2, 2, 1, 2, 2, 2, 1, 1, 0, 0, 0, 0, 2, 2, 0, 1, 2, 0, 1, 2, 2, 0, 0, 1, 2, 1, 2, 1, 0, 2, 1, 1, 1, 0, 1, 2, 1, 0, 2, 1, 2, 0, 0, 0, 0, 1, 1, 2, 1, 2, 1, 0, 0, 2, 1, 0, 1, 2, 1, 2, 1, 1, 1, 0, 1, 1, 0, 1, 1, 1, 2, 1, 1, 1, 0, 1, 0, 1, 2, 0, 0, 1, 0, 0, 0, 1, 0, 2, 0, 0, 2, 0, 0]|[0, 3, 2, 2, 4, 1, 2, 2, 1, 4, 0, 1, 2, 4, 4, 1, 2, 1, 2, 1, 1, 1, 1, 2, 1, 2, 1, 1, 1, 1, 3, 2, 3, 0, 4, 0, 1, 4, 0, 3, 2, 2, 0, 0, 1, 1, 0, 2, 0, 1, 2, 2, 1, 0, 0, 3, 1, 4, 1, 2, 2, 3, 1, 2, 1, 3, 0, 4, 1, 1, 1, 1, 1, 2, 4, 4, 4, 0, 3, 1, 3, 1, 3, 2, 0, 0, 1, 1, 3, 2, 0, 2, 4, 2, 1, 1, 2, 1, 0, 2]|[0, 2, 1, 1, 3, 0, 1, 0, 0, 0, 0, 0, 1, 0, 1, 0, 0, 0, 1, 0, 0, 1, 3, 1, 0, 2, 0, 0, 0, 1, 0, 0, 0, 0, 3, 0, 1, 3, 0, 2, 1, 1, 0, 0, 0, 0, 0, 0, 1, 0, 0, 0, 1, 3, 0, 0, 0, 2, 0, 1, 0, 2, 0, 1, 0, 2, 1, 0, 3, 1, 0, 3, 1, 0, 3, 3, 1, 0, 0, 2, 2, 0, 0, 1, 1, 0, 0, 0, 2, 1, 1, 0, 2, 0, 0, 1, 0, 0, 0, 0],821.6547937044886,58123.029061532,117360.05166761237,true
2,G1_CMAX,G4_BALANCED,[31, 22, 82, 15, 26, 9, 95, 42, 77, 12, 47, 5, 93, 78, 86, 54, 85, 63, 18, 44, 20, 35, 43, 97, 91, 76, 10, 30, 21, 45, 71, 64, 1, 23, 17, 83, 24, 41, 60, 36, 6, 57, 40, 88, 65, 56, 79, 69, 67, 68, 46, 75, 38, 58, 19, 32, 81, 48, 27, 62, 87, 90, 99, 59, 11, 16, 72, 73, 70, 89, 37, 84, 3, 14, 25, 55, 28, 66, 29, 7, 96, 50, 61, 33, 39, 74, 51, 80, 8, 53, 92, 2, 94, 4, 52, 49, 0, 34, 98, 13]|[2, 1, 0, 1, 1, 0, 1, 2, 2, 1, 2, 2, 2, 1, 1, 0, 0, 0, 0, 2, 2, 0, 1, 2, 0, 1, 2, 2, 0, 0, 1, 2, 1, 2, 1, 0, 2, 1, 1, 1, 0, 1, 2, 1, 0, 2, 1, 2, 0, 0, 0, 0, 1, 1, 2, 1, 2, 1, 0, 0, 2, 1, 0, 1, 2, 1, 2, 1, 1, 1, 0, 1, 1, 0, 1, 1, 1, 2, 1, 1, 1, 0, 1, 0, 1, 2, 0, 0, 1, 0, 0, 0, 1, 0, 2, 0, 0, 2, 0, 0]|[0, 3, 2, 2, 4, 1, 2, 2, 1, 4, 0, 1, 2, 4, 4, 1, 2, 1, 2, 1, 1, 1, 1, 2, 1, 2, 1, 1, 1, 1, 3, 2, 3, 0, 4, 0, 1, 4, 0, 3, 2, 2, 0, 0, 1, 1, 0, 2, 0, 1, 2, 2, 1, 0, 0, 3, 1, 4, 1, 2, 2, 3, 1, 2, 1, 3, 0, 4, 1, 1, 1, 1, 1, 2, 4, 4, 4, 0, 3, 1, 3, 1, 3, 2, 0, 0, 1, 1, 3, 2, 0, 2, 4, 2, 1, 1, 2, 1, 0, 2]|[0, 2, 1, 1, 3, 0, 1, 0, 0, 0, 0, 0, 1, 0, 1, 0, 0, 0, 1, 0, 0, 1, 3, 1, 0, 2, 0, 0, 0, 1, 0, 0, 0, 0, 3, 0, 1, 3, 0, 2, 1, 1, 0, 0, 0, 0, 0, 0, 1, 0, 0, 0, 1, 3, 0, 0, 0, 2, 0, 1, 0, 2, 0, 1, 0, 2, 1, 0, 3, 1, 0, 3, 1, 0, 3, 3, 1, 0, 0, 2, 2, 0, 0, 1, 1, 0, 0, 0, 2, 1, 1, 0, 2, 0, 0, 1, 0, 0, 0, 0],821.6547937044886,58123.029061532,117360.05166761237,true
2,G4_BALANCED,G4_BALANCED,[31, 22, 82, 15, 26, 9, 95, 42, 77, 12, 47, 5, 93, 78, 86, 54, 85, 63, 18, 44, 20, 35, 43, 97, 91, 76, 10, 30, 21, 45, 71, 64, 1, 23, 17, 83, 24, 41, 60, 36, 6, 57, 40, 88, 65, 56, 79, 69, 67, 68, 46, 75, 38, 58, 19, 32, 81, 48, 27, 62, 87, 90, 99, 59, 11, 16, 72, 73, 70, 89, 37, 84, 3, 14, 25, 55, 28, 66, 29, 7, 96, 50, 61, 33, 39, 74, 51, 80, 8, 53, 92, 2, 94, 4, 52, 49, 0, 34, 98, 13]|[2, 1, 0, 1, 1, 0, 1, 2, 2, 1, 2, 2, 2, 1, 1, 0, 0, 0, 0, 2, 2, 0, 1, 2, 0, 1, 2, 2, 0, 0, 1, 2, 1, 2, 1, 0, 2, 1, 1, 1, 0, 1, 2, 1, 0, 2, 1, 2, 0, 0, 0, 0, 1, 1, 2, 1, 2, 1, 0, 0, 2, 1, 0, 1, 2, 1, 2, 1, 1, 1, 0, 1, 1, 0, 1, 1, 1, 2, 1, 1, 1, 0, 1, 0, 1, 2, 0, 0, 1, 0, 0, 0, 1, 0, 2, 0, 0, 2, 0, 0]|[0, 3, 2, 2, 4, 1, 2, 2, 1, 4, 0, 1, 2, 4, 4, 1, 2, 1, 2, 1, 1, 1, 1, 2, 1, 2, 1, 1, 1, 1, 3, 2, 3, 0, 4, 0, 1, 4, 0, 3, 2, 2, 0, 0, 1, 1, 0, 2, 0, 1, 2, 2, 1, 0, 0, 3, 1, 4, 1, 2, 2, 3, 1, 2, 1, 3, 0, 4, 1, 1, 1, 1, 1, 2, 4, 4, 4, 0, 3, 1, 3, 1, 3, 2, 0, 0, 1, 1, 3, 2, 0, 2, 4, 2, 1, 1, 2, 1, 0, 2]|[0, 2, 1, 1, 3, 0, 1, 0, 0, 0, 0, 0, 1, 0, 1, 0, 0, 0, 1, 0, 0, 1, 3, 1, 0, 2, 0, 0, 0, 1, 0, 0, 0, 0, 3, 0, 1, 3, 0, 2, 1, 1, 0, 0, 0, 0, 0, 0, 1, 0, 0, 0, 1, 3, 0, 0, 0, 2, 0, 1, 0, 2, 0, 1, 0, 2, 1, 0, 3, 1, 0, 3, 1, 0, 3, 3, 1, 0, 0, 2, 2, 0, 0, 1, 1, 0, 0, 0, 2, 1, 1, 0, 2, 0, 0, 1, 0, 0, 0, 0],821.6547937044886,58123.029061532,117360.05166761237,false
2,G2_TEC,G2_TEC,[31, 22, 82, 15, 26, 9, 95, 42, 77, 4, 47, 5, 93, 78, 86, 54, 85, 63, 18, 44, 20, 49, 36, 14, 48, 50, 53, 17, 21, 45, 71, 64, 3, 23, 30, 83, 24, 41, 60, 52, 65, 27, 90, 70, 39, 87, 74, 69, 99, 68, 46, 1, 38, 58, 97, 59, 28, 8, 73, 37, 35, 79, 11, 66, 94, 32, 72, 13, 56, 6, 80, 61, 89, 92, 25, 34, 91, 57, 10, 7, 96, 88, 84, 19, 51, 33, 12, 98, 0, 81, 75, 40, 2, 55, 29, 16, 43, 76, 67, 62]|[0, 1, 2, 2, 1, 2, 0, 0, 1, 1, 2, 0, 2, 2, 1, 0, 0, 0, 0, 2, 2, 1, 0, 2, 2, 2, 2, 2, 0, 1, 1, 0, 0, 0, 1, 0, 2, 1, 2, 1, 0, 0, 1, 1, 0, 1, 0, 2, 1, 0, 0, 2, 2, 1, 2, 0, 2, 1, 1, 0, 2, 1, 2, 2, 2, 0, 1, 1, 2, 1, 0, 1, 1, 0, 1, 1, 1, 0, 1, 2, 0, 1, 0, 2, 0, 1, 1, 1, 0, 1, 0, 2, 2, 1, 1, 0, 2, 2, 1, 0]|[1, 3, 0, 2, 4, 1, 0, 0, 2, 4, 0, 2, 1, 0, 2, 1, 1, 1, 2, 1, 2, 3, 0, 1, 0, 1, 1, 1, 1, 0, 3, 2, 2, 0, 4, 1, 1, 4, 0, 3, 2, 1, 4, 4, 1, 0, 0, 2, 3, 1, 2, 1, 2, 0, 1, 2, 0, 3, 0, 1, 2, 3, 0, 0, 1, 0, 2, 4, 1, 4, 1, 3, 1, 1, 4, 4, 4, 0, 1, 1, 2, 4, 2, 2, 0, 4, 3, 4, 2, 1, 2, 0, 1, 4, 3, 2, 1, 1, 3, 2]|[1, 2, 0, 0, 3, 0, 0, 0, 0, 0, 0, 0, 1, 0, 1, 0, 0, 0, 1, 0, 0, 2, 0, 0, 0, 0, 0, 0, 0, 1, 0, 0, 0, 0, 3, 0, 1, 3, 1, 2, 0, 0, 1, 3, 0, 0, 1, 0, 2, 0, 0, 1, 0, 3, 1, 0, 0, 0, 1, 0, 0, 2, 0, 0, 0, 1, 1, 0, 0, 2, 0, 0, 1, 0, 3, 2, 1, 1, 1, 0, 0, 1, 1, 1, 0, 1, 0, 2, 0, 1, 0, 0, 0, 2, 0, 1, 0, 0, 0, 1],922.4902335948325,56225.538460804004,129714.61644009146,false
2,G3_TWC,G2_TEC,[31, 22, 82, 15, 26, 9, 95, 42, 77, 4, 47, 5, 93, 78, 86, 54, 85, 63, 18, 44, 20, 49, 36, 14, 48, 50, 53, 17, 21, 45, 71, 64, 3, 23, 30, 83, 24, 41, 60, 52, 65, 27, 90, 70, 39, 87, 74, 69, 99, 68, 46, 1, 38, 58, 97, 59, 28, 8, 73, 37, 35, 79, 11, 66, 94, 32, 72, 13, 56, 6, 80, 61, 89, 92, 25, 34, 91, 57, 10, 7, 96, 88, 84, 19, 51, 16, 12, 98, 0, 81, 75, 40, 2, 55, 29, 33, 43, 76, 67, 62]|[0, 1, 2, 2, 1, 2, 0, 0, 1, 1, 2, 0, 2, 2, 1, 0, 0, 0, 0, 2, 2, 1, 0, 2, 2, 2, 2, 2, 0, 1, 1, 0, 0, 0, 1, 0, 2, 1, 2, 1, 0, 0, 1, 1, 0, 1, 0, 2, 1, 0, 0, 2, 2, 1, 2, 0, 2, 1, 1, 0, 2, 1, 2, 2, 2, 0, 1, 1, 0, 1, 0, 1, 1, 0, 1, 1, 1, 0, 1, 2, 0, 1, 0, 2, 0, 1, 1, 1, 0, 0, 0, 2, 2, 1, 1, 0, 2, 2, 1, 0]|[1, 3, 0, 2, 4, 1, 0, 0, 2, 4, 0, 2, 1, 0, 2, 1, 1, 1, 2, 1, 2, 3, 0, 1, 0, 1, 1, 1, 1, 0, 3, 2, 2, 0, 4, 2, 1, 4, 0, 3, 2, 1, 4, 4, 1, 0, 0, 2, 3, 1, 2, 1, 2, 0, 1, 2, 0, 3, 0, 1, 2, 3, 0, 0, 1, 0, 2, 4, 0, 4, 1, 3, 1, 1, 4, 4, 4, 0, 1, 1, 2, 4, 2, 2, 0, 4, 3, 4, 2, 1, 2, 0, 1, 4, 3, 2, 1, 1, 3, 2]|[1, 2, 0, 0, 3, 0, 0, 0, 0, 0, 0, 0, 1, 0, 1, 0, 0, 0, 1, 0, 0, 2, 0, 0, 0, 0, 0, 0, 0, 1, 0, 0, 0, 0, 3, 0, 1, 3, 1, 2, 0, 0, 1, 3, 0, 0, 1, 0, 2, 0, 0, 1, 0, 3, 1, 0, 0, 0, 1, 0, 0, 2, 0, 0, 0, 1, 1, 0, 1, 2, 0, 0, 1, 0, 3, 2, 1, 1, 1, 0, 0, 1, 1, 1, 0, 1, 0, 2, 0, 1, 0, 0, 0, 2, 0, 1, 0, 0, 0, 1],923.1758032923485,56590.74560143257,127943.8245789711,true
2,G1_CMAX,G4_BALANCED,[31, 22, 82, 15, 26, 9, 95, 42, 77, 12, 47, 5, 93, 78, 86, 54, 85, 63, 18, 44, 20, 35, 43, 97, 91, 76, 10, 30, 21, 45, 71, 64, 1, 23, 17, 83, 24, 41, 60, 36, 6, 57, 40, 88, 65, 56, 79, 69, 67, 68, 46, 75, 38, 58, 19, 32, 94, 48, 27, 81, 87, 90, 50, 59, 11, 16, 72, 73, 70, 39, 37, 84, 13, 92, 25, 55, 28, 51, 29, 7, 96, 99, 61, 33, 89, 74, 66, 98, 8, 53, 14, 2, 62, 4, 52, 49, 0, 34, 80, 3]|[2, 1, 0, 1, 1, 0, 1, 2, 2, 1, 2, 2, 2, 1, 1, 0, 0, 0, 0, 2, 2, 0, 1, 2, 0, 1, 2, 2, 0, 0, 1, 2, 1, 2, 1, 0, 2, 1, 1, 1, 0, 1, 2, 1, 0, 2, 1, 2, 0, 0, 2, 0, 1, 1, 2, 1, 1, 1, 0, 2, 2, 1, 0, 1, 2, 1, 2, 1, 1, 1, 0, 1, 1, 0, 1, 1, 1, 0, 1, 1, 1, 0, 1, 0, 1, 2, 2, 0, 1, 0, 0, 0, 0, 0, 2, 0, 0, 2, 0, 1]|[0, 3, 2, 2, 4, 1, 2, 2, 1, 4, 0, 1, 2, 4, 4, 1, 2, 1, 2, 1, 1, 1, 1, 2, 1, 2, 1, 1, 1, 1, 3, 2, 3, 0, 4, 0, 1, 4, 0, 3, 2, 2, 0, 0, 1, 1, 0, 2, 0, 1, 1, 2, 1, 0, 0, 3, 4, 4, 1, 2, 2, 3, 1, 2, 1, 3, 0, 4, 1, 0, 1, 1, 1, 0, 4, 4, 4, 1, 3, 1, 3, 1, 3, 2, 1, 0, 0, 0, 3, 2, 2, 2, 2, 2, 1, 1, 2, 1, 1, 1]|[0, 2, 1, 1, 3, 0, 1, 0, 0, 0, 0, 0, 1, 0, 1, 0, 0, 0, 1, 0, 0, 1, 3, 1, 0, 2, 0, 0, 0, 1, 0, 0, 0, 0, 3, 0, 1, 3, 0, 2, 1, 1, 0, 0, 0, 0, 0, 0, 1, 0, 0, 0, 1, 3, 0, 0, 2, 2, 0, 1, 0, 2, 0, 1, 0, 2, 1, 0, 3, 1, 0, 3, 1, 1, 3, 3, 1, 0, 0, 2, 2, 0, 0, 1, 1, 0, 0, 0, 2, 1, 0, 0, 1, 0, 0, 1, 0, 0, 0, 1],807.2571776459058,58193.72128015534,112168.65216098764,true
2,G4_BALANCED,G4_BALANCED,[31, 22, 82, 15, 26, 9, 95, 42, 77, 12, 47, 5, 93, 78, 86, 54, 85, 63, 18, 44, 20, 35, 43, 97, 91, 76, 10, 30, 21, 45, 71, 64, 1, 23, 17, 83, 24, 41, 60, 36, 6, 57, 40, 88, 65, 56, 79, 69, 67, 68, 46, 75, 38, 58, 19, 32, 81, 48, 27, 62, 87, 90, 99, 59, 11, 16, 72, 73, 70, 89, 37, 84, 3, 14, 25, 55, 28, 66, 29, 7, 96, 50, 61, 33, 39, 74, 51, 80, 8, 53, 92, 2, 94, 4, 52, 49, 0, 34, 98, 13]|[2, 1, 0, 1, 1, 0, 1, 2, 2, 1, 2, 2, 2, 1, 1, 0, 0, 0, 0, 2, 2, 0, 1, 2, 0, 1, 2, 2, 0, 0, 1, 2, 1, 2, 1, 0, 2, 1, 1, 1, 0, 1, 2, 1, 0, 2, 1, 2, 0, 0, 0, 0, 1, 1, 2, 1, 2, 1, 0, 0, 2, 1, 0, 1, 2, 1, 2, 1, 1, 1, 0, 1, 1, 0, 1, 1, 1, 2, 1, 1, 1, 0, 1, 0, 1, 2, 0, 0, 1, 0, 0, 0, 1, 0, 2, 0, 0, 2, 0, 0]|[0, 3, 2, 2, 4, 1, 2, 2, 1, 4, 0, 1, 2, 4, 4, 1, 2, 1, 2, 1, 1, 1, 1, 2, 1, 2, 1, 1, 1, 1, 3, 2, 3, 0, 4, 0, 1, 4, 0, 3, 2, 2, 0, 0, 1, 1, 0, 2, 0, 1, 2, 2, 1, 0, 0, 3, 1, 4, 1, 2, 2, 3, 1, 2, 1, 3, 0, 4, 1, 1, 1, 1, 1, 2, 4, 4, 4, 0, 3, 1, 3, 1, 3, 2, 0, 0, 1, 1, 3, 2, 0, 2, 4, 2, 1, 1, 2, 1, 0, 2]|[0, 2, 1, 1, 3, 0, 1, 0, 0, 0, 0, 0, 1, 0, 1, 0, 0, 0, 1, 0, 0, 1, 3, 1, 0, 2, 0, 0, 0, 1, 0, 0, 0, 0, 3, 0, 1, 3, 0, 2, 1, 1, 0, 0, 0, 0, 0, 0, 1, 0, 0, 0, 1, 3, 0, 0, 0, 2, 0, 1, 0, 2, 0, 1, 0, 2, 1, 0, 3, 1, 0, 3, 1, 0, 3, 3, 1, 0, 0, 2, 2, 0, 0, 1, 1, 0, 0, 0, 2, 1, 1, 0, 2, 0, 0, 1, 0, 0, 0, 0],821.6547937044886,58123.029061532,117360.05166761237,false
2,G2_TEC,G2_TEC,[31, 22, 82, 15, 26, 9, 95, 42, 77, 4, 47, 5, 93, 78, 86, 54, 85, 63, 18, 44, 20, 49, 36, 14, 48, 50, 53, 17, 21, 45, 71, 64, 3, 23, 30, 83, 24, 41, 60, 52, 65, 27, 90, 70, 39, 87, 74, 69, 99, 68, 46, 1, 38, 58, 97, 59, 28, 8, 73, 37, 35, 79, 11, 66, 94, 32, 72, 13, 56, 6, 80, 61, 89, 92, 25, 34, 91, 57, 10, 7, 96, 88, 84, 19, 51, 33, 12, 98, 0, 81, 75, 40, 2, 55, 29, 16, 43, 76, 67, 62]|[0, 1, 2, 2, 1, 2, 0, 0, 1, 1, 2, 0, 2, 2, 1, 0, 0, 0, 0, 2, 2, 1, 0, 2, 2, 2, 2, 2, 0, 1, 1, 0, 0, 0, 1, 0, 2, 1, 2, 1, 0, 0, 1, 1, 0, 1, 0, 2, 1, 0, 0, 2, 2, 1, 2, 0, 2, 1, 1, 0, 2, 1, 2, 2, 2, 0, 1, 1, 2, 1, 0, 1, 1, 0, 1, 1, 1, 0, 1, 2, 0, 1, 0, 2, 0, 1, 1, 1, 0, 1, 0, 2, 2, 1, 1, 0, 2, 2, 1, 0]|[1, 3, 0, 2, 4, 1, 0, 0, 2, 4, 0, 2, 1, 0, 2, 1, 1, 1, 2, 1, 2, 3, 0, 1, 0, 1, 1, 1, 1, 0, 3, 2, 2, 0, 4, 1, 1, 4, 0, 3, 2, 1, 4, 4, 1, 0, 0, 2, 3, 1, 2, 1, 2, 0, 1, 2, 0, 3, 0, 1, 2, 3, 0, 0, 1, 0, 2, 4, 1, 4, 1, 3, 1, 1, 4, 4, 4, 0, 1, 1, 2, 4, 2, 2, 0, 4, 3, 4, 2, 1, 2, 0, 1, 4, 3, 2, 1, 1, 3, 2]|[1, 2, 0, 0, 3, 0, 0, 0, 0, 0, 0, 0, 1, 0, 1, 0, 0, 0, 1, 0, 0, 2, 0, 0, 0, 0, 0, 0, 0, 1, 0, 0, 0, 0, 3, 0, 1, 3, 1, 2, 0, 0, 1, 3, 0, 0, 1, 0, 2, 0, 0, 1, 0, 3, 1, 0, 0, 0, 1, 0, 0, 2, 0, 0, 0, 1, 1, 0, 0, 2, 0, 0, 1, 0, 3, 2, 1, 1, 1, 0, 0, 1, 1, 1, 0, 1, 0, 2, 0, 1, 0, 0, 0, 2, 0, 1, 0, 0, 0, 1],922.4902335948325,56225.538460804004,129714.61644009146,false
2,G3_TWC,G4_BALANCED,[31, 22, 82, 15, 26, 9, 95, 42, 77, 12, 47, 5, 93, 78, 86, 54, 85, 63, 18, 44, 20, 35, 43, 97, 91, 76, 10, 30, 21, 45, 71, 64, 1, 23, 17, 83, 24, 41, 60, 36, 6, 57, 40, 88, 65, 56, 79, 69, 67, 68, 46, 75, 38, 58, 19, 32, 81, 48, 27, 62, 87, 90, 99, 59, 11, 16, 72, 73, 70, 89, 37, 84, 3, 14, 25, 55, 28, 66, 29, 7, 96, 50, 61, 33, 39, 74, 51, 80, 8, 53, 92, 2, 94, 4, 52, 49, 0, 34, 98, 13]|[2, 1, 0, 1, 1, 0, 1, 2, 2, 1, 2, 2, 2, 1, 1, 0, 0, 0, 0, 2, 2, 0, 1, 2, 0, 1, 2, 2, 0, 0, 1, 2, 1, 2, 1, 0, 2, 1, 1, 1, 0, 1, 2, 1, 0, 2, 1, 2, 0, 0, 0, 0, 1, 1, 2, 1, 2, 1, 0, 0, 2, 1, 0, 1, 2, 1, 2, 1, 1, 1, 0, 1, 1, 0, 1, 1, 1, 2, 1, 1, 1, 0, 1, 0, 1, 2, 0, 0, 1, 0, 0, 0, 1, 0, 2, 0, 0, 2, 0, 0]|[0, 3, 2, 2, 4, 1, 2, 2, 1, 4, 0, 1, 2, 4, 4, 1, 2, 1, 2, 1, 1, 1, 1, 2, 1, 2, 1, 1, 1, 1, 3, 2, 3, 0, 4, 0, 1, 4, 0, 3, 2, 2, 0, 0, 1, 1, 0, 2, 0, 1, 2, 2, 1, 0, 0, 3, 1, 4, 1, 2, 2, 3, 1, 2, 1, 3, 0, 4, 1, 1, 1, 1, 1, 2, 4, 4, 4, 0, 3, 1, 3, 1, 3, 2, 0, 0, 1, 1, 3, 2, 0, 2, 4, 2, 1, 1, 2, 1, 0, 2]|[0, 2, 1, 1, 3, 0, 1, 0, 0, 0, 0, 0, 1, 0, 1, 0, 0, 0, 1, 0, 0, 1, 3, 1, 0, 2, 0, 0, 0, 1, 0, 0, 0, 0, 3, 0, 1, 3, 0, 2, 1, 1, 0, 0, 0, 0, 0, 0, 1, 0, 0, 0, 1, 3, 0, 0, 0, 2, 0, 1, 0, 2, 0, 1, 0, 2, 1, 0, 3, 1, 0, 3, 1, 0, 3, 3, 1, 0, 0, 2, 2, 0, 0, 1, 1, 0, 0, 0, 2, 1, 1, 0, 2, 0, 0, 1, 0, 0, 0, 0],821.6547937044886,58123.029061532,117360.05166761237,true
2,G1_CMAX,G4_BALANCED,[31, 22, 82, 15, 26, 9, 95, 42, 77, 12, 47, 5, 93, 78, 86, 54, 85, 63, 18, 44, 20, 35, 43, 97, 91, 76, 10, 30, 21, 45, 71, 64, 1, 23, 17, 83, 24, 41, 60, 36, 6, 57, 40, 88, 65, 56, 79, 69, 67, 68, 46, 75, 38, 58, 19, 32, 94, 48, 27, 81, 87, 90, 50, 59, 11, 16, 72, 73, 70, 39, 37, 84, 13, 92, 25, 55, 28, 51, 29, 7, 96, 99, 61, 33, 89, 74, 66, 98, 8, 53, 14, 2, 62, 4, 52, 49, 0, 34, 80, 3]|[2, 1, 0, 1, 1, 0, 1, 2, 2, 1, 2, 2, 2, 1, 1, 0, 0, 0, 0, 2, 2, 0, 1, 2, 0, 1, 2, 2, 0, 0, 1, 2, 1, 2, 1, 0, 2, 1, 1, 1, 0, 1, 2, 1, 0, 2, 1, 2, 0, 0, 2, 0, 1, 1, 2, 1, 1, 1, 0, 2, 2, 1, 0, 1, 2, 1, 2, 1, 1, 1, 0, 1, 1, 0, 1, 1, 1, 0, 1, 1, 1, 0, 1, 0, 1, 2, 2, 0, 1, 0, 0, 0, 0, 0, 2, 0, 0, 2, 0, 1]|[0, 3, 2, 2, 4, 1, 2, 2, 1, 4, 0, 1, 2, 4, 4, 1, 2, 1, 2, 1, 1, 1, 1, 2, 1, 2, 1, 1, 1, 1, 3, 2, 3, 0, 4, 0, 1, 4, 0, 3, 2, 2, 0, 0, 1, 1, 0, 2, 0, 1, 1, 2, 1, 0, 0, 3, 4, 4, 1, 2, 2, 3, 1, 2, 1, 3, 0, 4, 1, 0, 1, 1, 1, 0, 4, 4, 4, 1, 3, 1, 3, 1, 3, 2, 1, 0, 0, 0, 3, 2, 2, 2, 2, 2, 1, 1, 2, 1, 1, 1]|[0, 2, 1, 1, 3, 0, 1, 0, 0, 0, 0, 0, 1, 0, 1, 0, 0, 0, 1, 0, 0, 1, 3, 1, 0, 2, 0, 0, 0, 1, 0, 0, 0, 0, 3, 0, 1, 3, 0, 2, 1, 1, 0, 0, 0, 0, 0, 0, 1, 0, 0, 0, 1, 3, 0, 0, 2, 2, 0, 1, 0, 2, 0, 1, 0, 2, 1, 0, 3, 1, 0, 3, 1, 1, 3, 3, 1, 0, 0, 2, 2, 0, 0, 1, 1, 0, 0, 0, 2, 1, 0, 0, 1, 0, 0, 1, 0, 0, 0, 1],807.2571776459058,58193.72128015534,112168.65216098764,true
2,G4_BALANCED,G4_BALANCED,[31, 22, 82, 15, 26, 9, 95, 42, 77, 12, 47, 5, 93, 78, 86, 54, 85, 63, 18, 44, 20, 35, 43, 97, 91, 76, 10, 30, 21, 45, 71, 64, 1, 23, 17, 83, 24, 41, 60, 36, 6, 57, 40, 88, 65, 56, 79, 69, 67, 68, 46, 75, 38, 58, 19, 32, 81, 48, 27, 62, 87, 90, 99, 59, 11, 16, 72, 73, 70, 89, 37, 84, 3, 14, 25, 55, 28, 66, 29, 7, 96, 50, 61, 33, 39, 74, 51, 80, 8, 53, 92, 2, 94, 4, 52, 49, 0, 34, 98, 13]|[2, 1, 0, 1, 1, 0, 1, 2, 2, 1, 2, 2, 2, 1, 1, 0, 0, 0, 0, 2, 2, 0, 1, 2, 0, 1, 2, 2, 0, 0, 1, 2, 1, 2, 1, 0, 2, 1, 1, 1, 0, 1, 2, 1, 0, 2, 1, 2, 0, 0, 0, 0, 1, 1, 2, 1, 2, 1, 0, 0, 2, 1, 0, 1, 2, 1, 2, 1, 1, 1, 0, 1, 1, 0, 1, 1, 1, 2, 1, 1, 1, 0, 1, 0, 1, 2, 0, 0, 1, 0, 0, 0, 1, 0, 2, 0, 0, 2, 0, 0]|[0, 3, 2, 2, 4, 1, 2, 2, 1, 4, 0, 1, 2, 4, 4, 1, 2, 1, 2, 1, 1, 1, 1, 2, 1, 2, 1, 1, 1, 1, 3, 2, 3, 0, 4, 0, 1, 4, 0, 3, 2, 2, 0, 0, 1, 1, 0, 2, 0, 1, 2, 2, 1, 0, 0, 3, 1, 4, 1, 2, 2, 3, 1, 2, 1, 3, 0, 4, 1, 1, 1, 1, 1, 2, 4, 4, 4, 0, 3, 1, 3, 1, 3, 2, 0, 0, 1, 1, 3, 2, 0, 2, 4, 2, 1, 1, 2, 1, 0, 2]|[0, 2, 1, 1, 3, 0, 1, 0, 0, 0, 0, 0, 1, 0, 1, 0, 0, 0, 1, 0, 0, 1, 3, 1, 0, 2, 0, 0, 0, 1, 0, 0, 0, 0, 3, 0, 1, 3, 0, 2, 1, 1, 0, 0, 0, 0, 0, 0, 1, 0, 0, 0, 1, 3, 0, 0, 0, 2, 0, 1, 0, 2, 0, 1, 0, 2, 1, 0, 3, 1, 0, 3, 1, 0, 3, 3, 1, 0, 0, 2, 2, 0, 0, 1, 1, 0, 0, 0, 2, 1, 1, 0, 2, 0, 0, 1, 0, 0, 0, 0],821.6547937044886,58123.029061532,117360.05166761237,false
2,G2_TEC,G2_TEC,[31, 22, 82, 15, 26, 9, 95, 42, 77, 4, 47, 5, 93, 78, 86, 54, 85, 63, 18, 44, 20, 49, 36, 14, 48, 50, 53, 17, 21, 45, 71, 64, 3, 23, 30, 83, 24, 41, 60, 52, 65, 27, 90, 70, 39, 87, 74, 69, 99, 68, 46, 1, 38, 58, 97, 59, 28, 8, 73, 37, 35, 79, 11, 66, 94, 32, 72, 13, 56, 6, 80, 61, 89, 92, 25, 34, 91, 57, 10, 7, 96, 88, 84, 19, 51, 33, 12, 98, 0, 81, 75, 40, 2, 55, 29, 16, 43, 76, 67, 62]|[0, 1, 2, 2, 1, 2, 0, 0, 1, 1, 2, 0, 2, 2, 1, 0, 0, 0, 0, 2, 2, 1, 0, 2, 2, 2, 2, 2, 0, 1, 1, 0, 0, 0, 1, 0, 2, 1, 2, 1, 0, 0, 1, 1, 0, 1, 0, 2, 1, 0, 0, 2, 2, 1, 2, 0, 2, 1, 1, 0, 2, 1, 2, 2, 2, 0, 1, 1, 2, 1, 0, 1, 1, 0, 1, 1, 1, 0, 1, 2, 0, 1, 0, 2, 0, 1, 1, 1, 0, 1, 0, 2, 2, 1, 1, 0, 2, 2, 1, 0]|[1, 3, 0, 2, 4, 1, 0, 0, 2, 4, 0, 2, 1, 0, 2, 1, 1, 1, 2, 1, 2, 3, 0, 1, 0, 1, 1, 1, 1, 0, 3, 2, 2, 0, 4, 1, 1, 4, 0, 3, 2, 1, 4, 4, 1, 0, 0, 2, 3, 1, 2, 1, 2, 0, 1, 2, 0, 3, 0, 1, 2, 3, 0, 0, 1, 0, 2, 4, 1, 4, 1, 3, 1, 1, 4, 4, 4, 0, 1, 1, 2, 4, 2, 2, 0, 4, 3, 4, 2, 1, 2, 0, 1, 4, 3, 2, 1, 1, 3, 2]|[1, 2, 0, 0, 3, 0, 0, 0, 0, 0, 0, 0, 1, 0, 1, 0, 0, 0, 1, 0, 0, 2, 0, 0, 0, 0, 0, 0, 0, 1, 0, 0, 0, 0, 3, 0, 1, 3, 1, 2, 0, 0, 1, 3, 0, 0, 1, 0, 2, 0, 0, 1, 0, 3, 1, 0, 0, 0, 1, 0, 0, 2, 0, 0, 0, 1, 1, 0, 0, 2, 0, 0, 1, 0, 3, 2, 1, 1, 1, 0, 0, 1, 1, 1, 0, 1, 0, 2, 0, 1, 0, 0, 0, 2, 0, 1, 0, 0, 0, 1],922.4902335948325,56225.538460804004,129714.61644009146,false
2,G3_TWC,G4_BALANCED,[31, 22, 82, 15, 26, 9, 95, 42, 77, 12, 47, 5, 93, 78, 86, 54, 85, 63, 18, 44, 20, 35, 43, 97, 91, 76, 10, 30, 21, 45, 71, 64, 1, 23, 17, 83, 24, 41, 60, 36, 6, 57, 40, 88, 65, 56, 79, 69, 67, 68, 46, 75, 38, 58, 19, 32, 81, 48, 27, 62, 87, 90, 99, 59, 11, 16, 72, 73, 70, 89, 37, 84, 3, 14, 25, 55, 28, 66, 29, 7, 96, 50, 61, 33, 39, 74, 51, 80, 8, 53, 92, 2, 94, 4, 52, 49, 0, 34, 98, 13]|[2, 1, 0, 1, 1, 0, 1, 2, 2, 1, 2, 2, 2, 1, 1, 0, 0, 0, 0, 2, 2, 0, 1, 2, 0, 1, 2, 2, 0, 0, 1, 2, 1, 2, 1, 0, 2, 1, 1, 1, 0, 1, 2, 1, 0, 2, 1, 2, 0, 0, 0, 0, 1, 1, 2, 1, 2, 1, 0, 0, 2, 1, 0, 1, 2, 1, 2, 1, 1, 1, 0, 1, 1, 0, 1, 1, 1, 2, 1, 1, 1, 0, 1, 0, 1, 2, 0, 0, 1, 0, 0, 0, 1, 0, 2, 0, 0, 2, 0, 0]|[0, 3, 2, 2, 4, 1, 2, 2, 1, 4, 0, 1, 2, 4, 4, 1, 2, 1, 2, 1, 1, 1, 1, 2, 1, 2, 1, 1, 1, 1, 3, 2, 3, 0, 4, 0, 1, 4, 0, 3, 2, 2, 0, 0, 1, 1, 0, 2, 0, 1, 2, 2, 1, 0, 0, 3, 1, 4, 1, 2, 2, 3, 1, 2, 1, 3, 0, 4, 1, 1, 1, 1, 1, 2, 4, 4, 4, 0, 3, 1, 3, 1, 3, 2, 0, 0, 1, 1, 3, 2, 0, 2, 4, 2, 1, 1, 2, 1, 0, 2]|[0, 2, 1, 1, 3, 0, 1, 0, 0, 0, 0, 0, 1, 0, 1, 0, 0, 0, 1, 0, 0, 1, 3, 1, 0, 2, 0, 0, 0, 1, 0, 0, 0, 0, 3, 0, 1, 3, 0, 2, 1, 1, 0, 0, 0, 0, 0, 0, 1, 0, 0, 0, 1, 3, 0, 0, 0, 2, 0, 1, 0, 2, 0, 1, 0, 2, 1, 0, 3, 1, 0, 3, 1, 0, 3, 3, 1, 0, 0, 2, 2, 0, 0, 1, 1, 0, 0, 0, 2, 1, 1, 0, 2, 0, 0, 1, 0, 0, 0, 0],821.6547937044886,58123.029061532,117360.05166761237,true
2,G1_CMAX,G4_BALANCED,[31, 22, 82, 15, 26, 9, 95, 42, 77, 12, 47, 5, 93, 78, 86, 54, 85, 63, 18, 44, 20, 35, 43, 97, 91, 76, 10, 30, 21, 45, 71, 64, 1, 23, 17, 83, 24, 41, 60, 36, 6, 57, 40, 88, 65, 56, 79, 69, 67, 68, 46, 75, 38, 58, 19, 32, 94, 48, 27, 81, 87, 90, 50, 59, 11, 16, 72, 73, 70, 39, 37, 84, 13, 92, 25, 55, 28, 51, 29, 7, 96, 99, 61, 33, 89, 74, 66, 98, 8, 53, 14, 2, 62, 4, 52, 49, 0, 34, 80, 3]|[2, 1, 0, 1, 1, 0, 1, 2, 2, 1, 2, 2, 2, 1, 1, 0, 0, 0, 0, 2, 2, 0, 1, 2, 0, 1, 2, 2, 0, 0, 1, 2, 1, 2, 1, 0, 2, 1, 1, 1, 0, 1, 2, 1, 0, 2, 1, 2, 0, 0, 2, 0, 1, 1, 2, 1, 1, 1, 0, 2, 2, 1, 0, 1, 2, 1, 2, 1, 1, 1, 0, 1, 1, 0, 1, 1, 1, 0, 1, 1, 1, 0, 1, 0, 1, 2, 2, 0, 1, 0, 0, 0, 0, 0, 2, 0, 0, 2, 0, 1]|[0, 3, 2, 2, 4, 1, 2, 2, 1, 4, 0, 1, 2, 4, 4, 1, 2, 1, 2, 1, 1, 1, 1, 2, 1, 2, 1, 1, 1, 1, 3, 2, 3, 0, 4, 0, 1, 4, 0, 3, 2, 2, 0, 0, 1, 1, 0, 2, 0, 1, 1, 2, 1, 0, 0, 3, 4, 4, 1, 2, 2, 3, 1, 2, 1, 3, 0, 4, 1, 0, 1, 1, 1, 0, 4, 4, 4, 1, 3, 1, 3, 1, 3, 2, 1, 0, 0, 0, 3, 2, 2, 2, 2, 2, 1, 1, 2, 1, 1, 1]|[0, 2, 1, 1, 3, 0, 1, 0, 0, 0, 0, 0, 1, 0, 1, 0, 0, 0, 1, 0, 0, 1, 3, 1, 0, 2, 0, 0, 0, 1, 0, 0, 0, 0, 3, 0, 1, 3, 0, 2, 1, 1, 0, 0, 0, 0, 0, 0, 1, 0, 0, 0, 1, 3, 0, 0, 2, 2, 0, 1, 0, 2, 0, 1, 0, 2, 1, 0, 3, 1, 0, 3, 1, 1, 3, 3, 1, 0, 0, 2, 2, 0, 0, 1, 1, 0, 0, 0, 2, 1, 0, 0, 1, 0, 0, 1, 0, 0, 0, 1],807.2571776459058,58193.72128015534,112168.65216098764,true
2,G4_BALANCED,G4_BALANCED,[31, 22, 82, 15, 26, 9, 95, 42, 77, 12, 47, 5, 93, 78, 86, 54, 85, 63, 18, 44, 20, 35, 43, 97, 91, 76, 10, 30, 21, 45, 71, 64, 1, 23, 17, 83, 24, 41, 60, 36, 6, 57, 40, 88, 65, 56, 79, 69, 67, 68, 46, 75, 38, 58, 19, 32, 81, 48, 27, 62, 87, 90, 99, 59, 11, 16, 72, 73, 70, 89, 37, 84, 3, 14, 25, 55, 28, 66, 29, 7, 96, 50, 61, 33, 39, 74, 51, 80, 8, 53, 92, 2, 94, 4, 52, 49, 0, 34, 98, 13]|[2, 1, 0, 1, 1, 0, 1, 2, 2, 1, 2, 2, 2, 1, 1, 0, 0, 0, 0, 2, 2, 0, 1, 2, 0, 1, 2, 2, 0, 0, 1, 2, 1, 2, 1, 0, 2, 1, 1, 1, 0, 1, 2, 1, 0, 2, 1, 2, 0, 0, 0, 0, 1, 1, 2, 1, 2, 1, 0, 0, 2, 1, 0, 1, 2, 1, 2, 1, 1, 1, 0, 1, 1, 0, 1, 1, 1, 2, 1, 1, 1, 0, 1, 0, 1, 2, 0, 0, 1, 0, 0, 0, 1, 0, 2, 0, 0, 2, 0, 0]|[0, 3, 2, 2, 4, 1, 2, 2, 1, 4, 0, 1, 2, 4, 4, 1, 2, 1, 2, 1, 1, 1, 1, 2, 1, 2, 1, 1, 1, 1, 3, 2, 3, 0, 4, 0, 1, 4, 0, 3, 2, 2, 0, 0, 1, 1, 0, 2, 0, 1, 2, 2, 1, 0, 0, 3, 1, 4, 1, 2, 2, 3, 1, 2, 1, 3, 0, 4, 1, 1, 1, 1, 1, 2, 4, 4, 4, 0, 3, 1, 3, 1, 3, 2, 0, 0, 1, 1, 3, 2, 0, 2, 4, 2, 1, 1, 2, 1, 0, 2]|[0, 2, 1, 1, 3, 0, 1, 0, 0, 0, 0, 0, 1, 0, 1, 0, 0, 0, 1, 0, 0, 1, 3, 1, 0, 2, 0, 0, 0, 1, 0, 0, 0, 0, 3, 0, 1, 3, 0, 2, 1, 1, 0, 0, 0, 0, 0, 0, 1, 0, 0, 0, 1, 3, 0, 0, 0, 2, 0, 1, 0, 2, 0, 1, 0, 2, 1, 0, 3, 1, 0, 3, 1, 0, 3, 3, 1, 0, 0, 2, 2, 0, 0, 1, 1, 0, 0, 0, 2, 1, 1, 0, 2, 0, 0, 1, 0, 0, 0, 0],821.6547937044886,58123.029061532,117360.05166761237,false
2,G2_TEC,G2_TEC,[31, 22, 82, 15, 26, 9, 95, 42, 77, 4, 47, 5, 93, 78, 86, 54, 85, 63, 18, 44, 20, 49, 36, 14, 48, 50, 53, 17, 21, 45, 71, 64, 3, 23, 30, 83, 24, 41, 60, 52, 65, 27, 90, 70, 39, 87, 74, 69, 99, 68, 46, 1, 38, 58, 97, 59, 28, 8, 73, 37, 35, 79, 11, 66, 94, 32, 72, 13, 56, 6, 80, 61, 89, 92, 25, 34, 91, 57, 10, 7, 96, 88, 84, 19, 51, 33, 12, 98, 0, 81, 75, 40, 2, 55, 29, 16, 43, 76, 67, 62]|[0, 1, 2, 2, 1, 2, 0, 0, 1, 1, 2, 0, 2, 2, 1, 0, 0, 0, 0, 2, 2, 1, 0, 2, 2, 2, 2, 2, 0, 1, 1, 0, 0, 0, 1, 0, 2, 1, 2, 1, 0, 0, 1, 1, 0, 1, 0, 2, 1, 0, 0, 2, 2, 1, 2, 0, 2, 1, 1, 0, 2, 1, 2, 2, 2, 0, 1, 1, 2, 1, 0, 1, 1, 0, 1, 1, 1, 0, 1, 2, 0, 1, 0, 2, 0, 1, 1, 1, 0, 1, 0, 2, 2, 1, 1, 0, 2, 2, 1, 0]|[1, 3, 0, 2, 4, 1, 0, 0, 2, 4, 0, 2, 1, 0, 2, 1, 1, 1, 2, 1, 2, 3, 0, 1, 0, 1, 1, 1, 1, 0, 3, 2, 2, 0, 4, 1, 1, 4, 0, 3, 2, 1, 4, 4, 1, 0, 0, 2, 3, 1, 2, 1, 2, 0, 1, 2, 0, 3, 0, 1, 2, 3, 0, 0, 1, 0, 2, 4, 1, 4, 1, 3, 1, 1, 4, 4, 4, 0, 1, 1, 2, 4, 2, 2, 0, 4, 3, 4, 2, 1, 2, 0, 1, 4, 3, 2, 1, 1, 3, 2]|[1, 2, 0, 0, 3, 0, 0, 0, 0, 0, 0, 0, 1, 0, 1, 0, 0, 0, 1, 0, 0, 2, 0, 0, 0, 0, 0, 0, 0, 1, 0, 0, 0, 0, 3, 0, 1, 3, 1, 2, 0, 0, 1, 3, 0, 0, 1, 0, 2, 0, 0, 1, 0, 3, 1, 0, 0, 0, 1, 0, 0, 2, 0, 0, 0, 1, 1, 0, 0, 2, 0, 0, 1, 0, 3, 2, 1, 1, 1, 0, 0, 1, 1, 1, 0, 1, 0, 2, 0, 1, 0, 0, 0, 2, 0, 1, 0, 0, 0, 1],922.4902335948325,56225.538460804004,129714.61644009146,false
2,G3_TWC,G4_BALANCED,[31, 22, 82, 15, 26, 9, 95, 42, 77, 12, 47, 5, 93, 78, 86, 54, 85, 63, 18, 44, 20, 35, 43, 97, 91, 76, 10, 30, 21, 45, 71, 64, 1, 23, 17, 83, 24, 41, 60, 36, 6, 57, 40, 88, 65, 56, 79, 69, 67, 68, 46, 75, 38, 58, 19, 32, 81, 48, 27, 62, 87, 90, 99, 59, 11, 16, 72, 73, 70, 89, 37, 84, 3, 14, 25, 55, 28, 66, 29, 7, 96, 50, 61, 33, 39, 74, 51, 80, 8, 53, 92, 2, 94, 4, 52, 49, 0, 34, 98, 13]|[2, 1, 0, 1, 1, 0, 1, 2, 2, 1, 2, 2, 2, 1, 1, 0, 0, 0, 0, 2, 2, 0, 1, 2, 0, 1, 2, 2, 0, 0, 1, 2, 1, 2, 1, 0, 2, 1, 1, 1, 0, 1, 2, 1, 0, 2, 1, 2, 0, 0, 0, 0, 1, 1, 2, 1, 2, 1, 0, 0, 2, 1, 0, 1, 2, 1, 2, 1, 1, 1, 0, 1, 1, 0, 1, 1, 1, 2, 1, 1, 1, 0, 1, 0, 1, 2, 0, 0, 1, 0, 0, 0, 1, 0, 2, 0, 0, 2, 0, 0]|[0, 3, 2, 2, 4, 1, 2, 2, 1, 4, 0, 1, 2, 4, 4, 1, 2, 1, 2, 1, 1, 1, 1, 2, 1, 2, 1, 1, 1, 1, 3, 2, 3, 0, 4, 0, 1, 4, 0, 3, 2, 2, 0, 0, 1, 1, 0, 2, 0, 1, 2, 2, 1, 0, 0, 3, 1, 4, 1, 2, 2, 3, 1, 2, 1, 3, 0, 4, 1, 1, 1, 1, 1, 2, 4, 4, 4, 0, 3, 1, 3, 1, 3, 2, 0, 0, 1, 1, 3, 2, 0, 2, 4, 2, 1, 1, 2, 1, 0, 2]|[0, 2, 1, 1, 3, 0, 1, 0, 0, 0, 0, 0, 1, 0, 1, 0, 0, 0, 1, 0, 0, 1, 3, 1, 0, 2, 0, 0, 0, 1, 0, 0, 0, 0, 3, 0, 1, 3, 0, 2, 1, 1, 0, 0, 0, 0, 0, 0, 1, 0, 0, 0, 1, 3, 0, 0, 0, 2, 0, 1, 0, 2, 0, 1, 0, 2, 1, 0, 3, 1, 0, 3, 1, 0, 3, 3, 1, 0, 0, 2, 2, 0, 0, 1, 1, 0, 0, 0, 2, 1, 1, 0, 2, 0, 0, 1, 0, 0, 0, 0],821.6547937044886,58123.029061532,117360.05166761237,true
2,G1_CMAX,G4_BALANCED,[31, 22, 82, 15, 26, 9, 95, 42, 77, 12, 47, 5, 93, 78, 86, 54, 85, 63, 18, 44, 20, 35, 43, 97, 91, 76, 10, 30, 21, 45, 71, 64, 1, 23, 17, 83, 24, 41, 60, 36, 6, 57, 40, 88, 65, 56, 79, 69, 67, 68, 46, 75, 38, 58, 19, 32, 94, 48, 27, 81, 87, 90, 50, 59, 11, 16, 72, 73, 70, 39, 37, 84, 13, 92, 25, 55, 28, 51, 29, 7, 96, 99, 61, 33, 89, 74, 66, 98, 8, 53, 14, 2, 62, 4, 52, 49, 0, 34, 80, 3]|[2, 1, 0, 1, 1, 0, 1, 2, 2, 1, 2, 2, 2, 1, 1, 0, 0, 0, 0, 2, 2, 0, 1, 2, 0, 1, 2, 2, 0, 0, 1, 2, 1, 2, 1, 0, 2, 1, 1, 1, 0, 1, 2, 1, 0, 2, 1, 2, 0, 0, 2, 0, 1, 1, 2, 1, 1, 1, 0, 2, 2, 1, 0, 1, 2, 1, 2, 1, 1, 1, 0, 1, 1, 0, 1, 1, 1, 0, 1, 1, 1, 0, 1, 0, 1, 2, 2, 0, 1, 0, 0, 0, 0, 0, 2, 0, 0, 2, 0, 1]|[0, 3, 2, 2, 4, 1, 2, 2, 1, 4, 0, 1, 2, 4, 4, 1, 2, 1, 2, 1, 1, 1, 1, 2, 1, 2, 1, 1, 1, 1, 3, 2, 3, 0, 4, 0, 1, 4, 0, 3, 2, 2, 0, 0, 1, 1, 0, 2, 0, 1, 1, 2, 1, 0, 0, 3, 4, 4, 1, 2, 2, 3, 1, 2, 1, 3, 0, 4, 1, 0, 1, 1, 1, 0, 4, 4, 4, 1, 3, 1, 3, 1, 3, 2, 1, 0, 0, 0, 3, 2, 2, 2, 2, 2, 1, 1, 2, 1, 1, 1]|[0, 2, 1, 1, 3, 0, 1, 0, 0, 0, 0, 0, 1, 0, 1, 0, 0, 0, 1, 0, 0, 1, 3, 1, 0, 2, 0, 0, 0, 1, 0, 0, 0, 0, 3, 0, 1, 3, 0, 2, 1, 1, 0, 0, 0, 0, 0, 0, 1, 0, 0, 0, 1, 3, 0, 0, 2, 2, 0, 1, 0, 2, 0, 1, 0, 2, 1, 0, 3, 1, 0, 3, 1, 1, 3, 3, 1, 0, 0, 2, 2, 0, 0, 1, 1, 0, 0, 0, 2, 1, 0, 0, 1, 0, 0, 1, 0, 0, 0, 1],807.2571776459058,58193.72128015534,112168.65216098764,true
2,G4_BALANCED,G4_BALANCED,[31, 22, 82, 15, 26, 9, 95, 42, 77, 12, 47, 5, 93, 78, 86, 54, 85, 63, 18, 44, 20, 35, 43, 97, 91, 76, 10, 30, 21, 45, 71, 64, 1, 23, 17, 83, 24, 41, 60, 36, 6, 57, 40, 88, 65, 56, 79, 69, 67, 68, 46, 75, 38, 58, 19, 32, 81, 48, 27, 62, 87, 90, 99, 59, 11, 16, 72, 73, 70, 89, 37, 84, 3, 14, 25, 55, 28, 66, 29, 7, 96, 50, 61, 33, 39, 74, 51, 80, 8, 53, 92, 2, 94, 4, 52, 49, 0, 34, 98, 13]|[2, 1, 0, 1, 1, 0, 1, 2, 2, 1, 2, 2, 2, 1, 1, 0, 0, 0, 0, 2, 2, 0, 1, 2, 0, 1, 2, 2, 0, 0, 1, 2, 1, 2, 1, 0, 2, 1, 1, 1, 0, 1, 2, 1, 0, 2, 1, 2, 0, 0, 0, 0, 1, 1, 2, 1, 2, 1, 0, 0, 2, 1, 0, 1, 2, 1, 2, 1, 1, 1, 0, 1, 1, 0, 1, 1, 1, 2, 1, 1, 1, 0, 1, 0, 1, 2, 0, 0, 1, 0, 0, 0, 1, 0, 2, 0, 0, 2, 0, 0]|[0, 3, 2, 2, 4, 1, 2, 2, 1, 4, 0, 1, 2, 4, 4, 1, 2, 1, 2, 1, 1, 1, 1, 2, 1, 2, 1, 1, 1, 1, 3, 2, 3, 0, 4, 0, 1, 4, 0, 3, 2, 2, 0, 0, 1, 1, 0, 2, 0, 1, 2, 2, 1, 0, 0, 3, 1, 4, 1, 2, 2, 3, 1, 2, 1, 3, 0, 4, 1, 1, 1, 1, 1, 2, 4, 4, 4, 0, 3, 1, 3, 1, 3, 2, 0, 0, 1, 1, 3, 2, 0, 2, 4, 2, 1, 1, 2, 1, 0, 2]|[0, 2, 1, 1, 3, 0, 1, 0, 0, 0, 0, 0, 1, 0, 1, 0, 0, 0, 1, 0, 0, 1, 3, 1, 0, 2, 0, 0, 0, 1, 0, 0, 0, 0, 3, 0, 1, 3, 0, 2, 1, 1, 0, 0, 0, 0, 0, 0, 1, 0, 0, 0, 1, 3, 0, 0, 0, 2, 0, 1, 0, 2, 0, 1, 0, 2, 1, 0, 3, 1, 0, 3, 1, 0, 3, 3, 1, 0, 0, 2, 2, 0, 0, 1, 1, 0, 0, 0, 2, 1, 1, 0, 2, 0, 0, 1, 0, 0, 0, 0],821.6547937044886,58123.029061532,117360.05166761237,false
2,G2_TEC,G2_TEC,[31, 22, 82, 15, 26, 9, 95, 42, 77, 4, 47, 5, 93, 78, 86, 54, 85, 63, 18, 44, 20, 49, 36, 14, 48, 50, 53, 17, 21, 45, 71, 64, 3, 23, 30, 83, 24, 41, 60, 52, 65, 27, 90, 70, 39, 87, 74, 69, 99, 68, 46, 1, 38, 58, 97, 59, 28, 8, 73, 37, 35, 79, 11, 66, 94, 32, 72, 13, 56, 6, 80, 61, 89, 92, 25, 34, 91, 57, 10, 7, 96, 88, 84, 19, 51, 33, 12, 98, 0, 81, 75, 40, 2, 55, 29, 16, 43, 76, 67, 62]|[0, 1, 2, 2, 1, 2, 0, 0, 1, 1, 2, 0, 2, 2, 1, 0, 0, 0, 0, 2, 2, 1, 0, 2, 2, 2, 2, 2, 0, 1, 1, 0, 0, 0, 1, 0, 2, 1, 2, 1, 0, 0, 1, 1, 0, 1, 0, 2, 1, 0, 0, 2, 2, 1, 2, 0, 2, 1, 1, 0, 2, 1, 2, 2, 2, 0, 1, 1, 2, 1, 0, 1, 1, 0, 1, 1, 1, 0, 1, 2, 0, 1, 0, 2, 0, 1, 1, 1, 0, 1, 0, 2, 2, 1, 1, 0, 2, 2, 1, 0]|[1, 3, 0, 2, 4, 1, 0, 0, 2, 4, 0, 2, 1, 0, 2, 1, 1, 1, 2, 1, 2, 3, 0, 1, 0, 1, 1, 1, 1, 0, 3, 2, 2, 0, 4, 1, 1, 4, 0, 3, 2, 1, 4, 4, 1, 0, 0, 2, 3, 1, 2, 1, 2, 0, 1, 2, 0, 3, 0, 1, 2, 3, 0, 0, 1, 0, 2, 4, 1, 4, 1, 3, 1, 1, 4, 4, 4, 0, 1, 1, 2, 4, 2, 2, 0, 4, 3, 4, 2, 1, 2, 0, 1, 4, 3, 2, 1, 1, 3, 2]|[1, 2, 0, 0, 3, 0, 0, 0, 0, 0, 0, 0, 1, 0, 1, 0, 0, 0, 1, 0, 0, 2, 0, 0, 0, 0, 0, 0, 0, 1, 0, 0, 0, 0, 3, 0, 1, 3, 1, 2, 0, 0, 1, 3, 0, 0, 1, 0, 2, 0, 0, 1, 0, 3, 1, 0, 0, 0, 1, 0, 0, 2, 0, 0, 0, 1, 1, 0, 0, 2, 0, 0, 1, 0, 3, 2, 1, 1, 1, 0, 0, 1, 1, 1, 0, 1, 0, 2, 0, 1, 0, 0, 0, 2, 0, 1, 0, 0, 0, 1],922.4902335948325,56225.538460804004,129714.61644009146,false
2,G3_TWC,G4_BALANCED,[31, 22, 82, 15, 26, 9, 95, 42, 77, 12, 47, 5, 93, 78, 86, 54, 85, 63, 18, 44, 20, 35, 43, 97, 91, 76, 10, 30, 21, 45, 71, 64, 1, 23, 17, 83, 24, 41, 60, 36, 6, 57, 40, 88, 65, 56, 79, 69, 67, 68, 46, 75, 38, 58, 19, 32, 81, 48, 27, 62, 87, 90, 99, 59, 11, 16, 72, 73, 70, 89, 37, 84, 3, 14, 25, 55, 28, 66, 29, 7, 96, 50, 61, 33, 39, 74, 51, 80, 8, 53, 92, 2, 94, 4, 52, 49, 0, 34, 98, 13]|[2, 1, 0, 1, 1, 0, 1, 2, 2, 1, 2, 2, 2, 1, 1, 0, 0, 0, 0, 2, 2, 0, 1, 2, 0, 1, 2, 2, 0, 0, 1, 2, 1, 2, 1, 0, 2, 1, 1, 1, 0, 1, 2, 1, 0, 2, 1, 2, 0, 0, 0, 0, 1, 1, 2, 1, 2, 1, 0, 0, 2, 1, 0, 1, 2, 1, 2, 1, 1, 1, 0, 1, 1, 0, 1, 1, 1, 2, 1, 1, 1, 0, 1, 0, 1, 2, 0, 0, 1, 0, 0, 0, 1, 0, 2, 0, 0, 2, 0, 0]|[0, 3, 2, 2, 4, 1, 2, 2, 1, 4, 0, 1, 2, 4, 4, 1, 2, 1, 2, 1, 1, 1, 1, 2, 1, 2, 1, 1, 1, 1, 3, 2, 3, 0, 4, 0, 1, 4, 0, 3, 2, 2, 0, 0, 1, 1, 0, 2, 0, 1, 2, 2, 1, 0, 0, 3, 1, 4, 1, 2, 2, 3, 1, 2, 1, 3, 0, 4, 1, 1, 1, 1, 1, 2, 4, 4, 4, 0, 3, 1, 3, 1, 3, 2, 0, 0, 1, 1, 3, 2, 0, 2, 4, 2, 1, 1, 2, 1, 0, 2]|[0, 2, 1, 1, 3, 0, 1, 0, 0, 0, 0, 0, 1, 0, 1, 0, 0, 0, 1, 0, 0, 1, 3, 1, 0, 2, 0, 0, 0, 1, 0, 0, 0, 0, 3, 0, 1, 3, 0, 2, 1, 1, 0, 0, 0, 0, 0, 0, 1, 0, 0, 0, 1, 3, 0, 0, 0, 2, 0, 1, 0, 2, 0, 1, 0, 2, 1, 0, 3, 1, 0, 3, 1, 0, 3, 3, 1, 0, 0, 2, 2, 0, 0, 1, 1, 0, 0, 0, 2, 1, 1, 0, 2, 0, 0, 1, 0, 0, 0, 0],821.6547937044886,58123.029061532,117360.05166761237,true
2,G1_CMAX,G4_BALANCED,[31, 22, 82, 15, 26, 9, 95, 42, 77, 12, 47, 5, 93, 78, 86, 54, 85, 63, 18, 44, 20, 35, 43, 97, 91, 76, 10, 30, 21, 45, 71, 64, 1, 23, 17, 83, 24, 41, 60, 36, 6, 57, 40, 88, 65, 56, 79, 69, 67, 68, 46, 75, 38, 58, 19, 32, 94, 48, 27, 81, 87, 90, 50, 59, 11, 16, 72, 73, 70, 39, 37, 84, 13, 92, 25, 55, 28, 51, 29, 7, 96, 99, 61, 33, 89, 74, 66, 98, 8, 53, 14, 2, 62, 4, 52, 49, 0, 34, 80, 3]|[2, 1, 0, 1, 1, 0, 1, 2, 2, 1, 2, 2, 2, 1, 1, 0, 0, 0, 0, 2, 2, 0, 1, 2, 0, 1, 2, 2, 0, 0, 1, 2, 1, 2, 1, 0, 2, 1, 1, 1, 0, 1, 2, 1, 0, 2, 1, 2, 0, 0, 2, 0, 1, 1, 2, 1, 1, 1, 0, 2, 2, 1, 0, 1, 2, 1, 2, 1, 1, 1, 0, 1, 1, 0, 1, 1, 1, 0, 1, 1, 1, 0, 1, 0, 1, 2, 2, 0, 1, 0, 0, 0, 0, 0, 2, 0, 0, 2, 0, 1]|[0, 3, 2, 2, 4, 1, 2, 2, 1, 4, 0, 1, 2, 4, 4, 1, 2, 1, 2, 1, 1, 1, 1, 2, 1, 2, 1, 1, 1, 1, 3, 2, 3, 0, 4, 0, 1, 4, 0, 3, 2, 2, 0, 0, 1, 1, 0, 2, 0, 1, 1, 2, 1, 0, 0, 3, 4, 4, 1, 2, 2, 3, 1, 2, 1, 3, 0, 4, 1, 0, 1, 1, 1, 0, 4, 4, 4, 1, 3, 1, 3, 1, 3, 2, 1, 0, 0, 0, 3, 2, 2, 2, 2, 2, 1, 1, 2, 1, 1, 1]|[0, 2, 1, 1, 3, 0, 1, 0, 0, 0, 0, 0, 1, 0, 1, 0, 0, 0, 1, 0, 0, 1, 3, 1, 0, 2, 0, 0, 0, 1, 0, 0, 0, 0, 3, 0, 1, 3, 0, 2, 1, 1, 0, 0, 0, 0, 0, 0, 1, 0, 0, 0, 1, 3, 0, 0, 2, 2, 0, 1, 0, 2, 0, 1, 0, 2, 1, 0, 3, 1, 0, 3, 1, 1, 3, 3, 1, 0, 0, 2, 2, 0, 0, 1, 1, 0, 0, 0, 2, 1, 0, 0, 1, 0, 0, 1, 0, 0, 0, 1],807.2571776459058,58193.72128015534,112168.65216098764,true
2,G4_BALANCED,G4_BALANCED,[31, 22, 82, 15, 26, 9, 95, 42, 77, 12, 47, 5, 93, 78, 86, 54, 85, 63, 18, 44, 20, 35, 43, 97, 91, 76, 10, 30, 21, 45, 71, 64, 1, 23, 17, 83, 24, 41, 60, 36, 6, 57, 40, 88, 65, 56, 79, 69, 67, 68, 46, 75, 38, 58, 19, 32, 81, 48, 27, 62, 87, 90, 99, 59, 11, 16, 72, 73, 70, 89, 37, 84, 3, 14, 25, 55, 28, 66, 29, 7, 96, 50, 61, 33, 39, 74, 51, 80, 8, 53, 92, 2, 94, 4, 52, 49, 0, 34, 98, 13]|[2, 1, 0, 1, 1, 0, 1, 2, 2, 1, 2, 2, 2, 1, 1, 0, 0, 0, 0, 2, 2, 0, 1, 2, 0, 1, 2, 2, 0, 0, 1, 2, 1, 2, 1, 0, 2, 1, 1, 1, 0, 1, 2, 1, 0, 2, 1, 2, 0, 0, 0, 0, 1, 1, 2, 1, 2, 1, 0, 0, 2, 1, 0, 1, 2, 1, 2, 1, 1, 1, 0, 1, 1, 0, 1, 1, 1, 2, 1, 1, 1, 0, 1, 0, 1, 2, 0, 0, 1, 0, 0, 0, 1, 0, 2, 0, 0, 2, 0, 0]|[0, 3, 2, 2, 4, 1, 2, 2, 1, 4, 0, 1, 2, 4, 4, 1, 2, 1, 2, 1, 1, 1, 1, 2, 1, 2, 1, 1, 1, 1, 3, 2, 3, 0, 4, 0, 1, 4, 0, 3, 2, 2, 0, 0, 1, 1, 0, 2, 0, 1, 2, 2, 1, 0, 0, 3, 1, 4, 1, 2, 2, 3, 1, 2, 1, 3, 0, 4, 1, 1, 1, 1, 1, 2, 4, 4, 4, 0, 3, 1, 3, 1, 3, 2, 0, 0, 1, 1, 3, 2, 0, 2, 4, 2, 1, 1, 2, 1, 0, 2]|[0, 2, 1, 1, 3, 0, 1, 0, 0, 0, 0, 0, 1, 0, 1, 0, 0, 0, 1, 0, 0, 1, 3, 1, 0, 2, 0, 0, 0, 1, 0, 0, 0, 0, 3, 0, 1, 3, 0, 2, 1, 1, 0, 0, 0, 0, 0, 0, 1, 0, 0, 0, 1, 3, 0, 0, 0, 2, 0, 1, 0, 2, 0, 1, 0, 2, 1, 0, 3, 1, 0, 3, 1, 0, 3, 3, 1, 0, 0, 2, 2, 0, 0, 1, 1, 0, 0, 0, 2, 1, 1, 0, 2, 0, 0, 1, 0, 0, 0, 0],821.6547937044886,58123.029061532,117360.05166761237,false
2,G2_TEC,G2_TEC,[31, 22, 82, 15, 26, 9, 95, 42, 77, 4, 47, 5, 93, 78, 86, 54, 85, 63, 18, 44, 20, 49, 36, 14, 48, 50, 53, 17, 21, 45, 71, 64, 3, 23, 30, 83, 24, 41, 60, 52, 65, 27, 90, 70, 39, 87, 74, 69, 99, 68, 46, 1, 38, 58, 97, 59, 28, 8, 73, 37, 35, 79, 11, 66, 94, 32, 72, 13, 56, 6, 80, 61, 89, 92, 25, 34, 91, 57, 10, 7, 96, 88, 84, 19, 51, 33, 12, 98, 0, 81, 75, 40, 2, 55, 29, 16, 43, 76, 67, 62]|[0, 1, 2, 2, 1, 2, 0, 0, 1, 1, 2, 0, 2, 2, 1, 0, 0, 0, 0, 2, 2, 1, 0, 2, 2, 2, 2, 2, 0, 1, 1, 0, 0, 0, 1, 0, 2, 1, 2, 1, 0, 0, 1, 1, 0, 1, 0, 2, 1, 0, 0, 2, 2, 1, 2, 0, 2, 1, 1, 0, 2, 1, 2, 2, 2, 0, 1, 1, 2, 1, 0, 1, 1, 0, 1, 1, 1, 0, 1, 2, 0, 1, 0, 2, 0, 1, 1, 1, 0, 1, 0, 2, 2, 1, 1, 0, 2, 2, 1, 0]|[1, 3, 0, 2, 4, 1, 0, 0, 2, 4, 0, 2, 1, 0, 2, 1, 1, 1, 2, 1, 2, 3, 0, 1, 0, 1, 1, 1, 1, 0, 3, 2, 2, 0, 4, 1, 1, 4, 0, 3, 2, 1, 4, 4, 1, 0, 0, 2, 3, 1, 2, 1, 2, 0, 1, 2, 0, 3, 0, 1, 2, 3, 0, 0, 1, 0, 2, 4, 1, 4, 1, 3, 1, 1, 4, 4, 4, 0, 1, 1, 2, 4, 2, 2, 0, 4, 3, 4, 2, 1, 2, 0, 1, 4, 3, 2, 1, 1, 3, 2]|[1, 2, 0, 0, 3, 0, 0, 0, 0, 0, 0, 0, 1, 0, 1, 0, 0, 0, 1, 0, 0, 2, 0, 0, 0, 0, 0, 0, 0, 1, 0, 0, 0, 0, 3, 0, 1, 3, 1, 2, 0, 0, 1, 3, 0, 0, 1, 0, 2, 0, 0, 1, 0, 3, 1, 0, 0, 0, 1, 0, 0, 2, 0, 0, 0, 1, 1, 0, 0, 2, 0, 0, 1, 0, 3, 2, 1, 1, 1, 0, 0, 1, 1, 1, 0, 1, 0, 2, 0, 1, 0, 0, 0, 2, 0, 1, 0, 0, 0, 1],922.4902335948325,56225.538460804004,129714.61644009146,false
2,G3_TWC,G4_BALANCED,[31, 22, 82, 15, 26, 9, 95, 42, 77, 12, 47, 5, 93, 78, 86, 54, 85, 63, 18, 44, 20, 35, 43, 97, 91, 76, 10, 30, 21, 45, 71, 64, 1, 23, 17, 83, 24, 41, 60, 36, 6, 57, 40, 88, 65, 56, 79, 69, 67, 68, 46, 75, 38, 58, 19, 32, 81, 48, 27, 62, 87, 90, 99, 59, 11, 16, 72, 73, 70, 89, 37, 84, 3, 14, 25, 55, 28, 66, 29, 7, 96, 50, 61, 33, 39, 74, 51, 80, 8, 53, 92, 2, 94, 4, 52, 49, 0, 34, 98, 13]|[2, 1, 0, 1, 1, 0, 1, 2, 2, 1, 2, 2, 2, 1, 1, 0, 0, 0, 0, 2, 2, 0, 1, 2, 0, 1, 2, 2, 0, 0, 1, 2, 1, 2, 1, 0, 2, 1, 1, 1, 0, 1, 2, 1, 0, 2, 1, 2, 0, 0, 0, 0, 1, 1, 2, 1, 2, 1, 0, 0, 2, 1, 0, 1, 2, 1, 2, 1, 1, 1, 0, 1, 1, 0, 1, 1, 1, 2, 1, 1, 1, 0, 1, 0, 1, 2, 0, 0, 1, 0, 0, 0, 1, 0, 2, 0, 0, 2, 0, 0]|[0, 3, 2, 2, 4, 1, 2, 2, 1, 4, 0, 1, 2, 4, 4, 1, 2, 1, 2, 1, 1, 1, 1, 2, 1, 2, 1, 1, 1, 1, 3, 2, 3, 0, 4, 0, 1, 4, 0, 3, 2, 2, 0, 0, 1, 1, 0, 2, 0, 1, 2, 2, 1, 0, 0, 3, 1, 4, 1, 2, 2, 3, 1, 2, 1, 3, 0, 4, 1, 1, 1, 1, 1, 2, 4, 4, 4, 0, 3, 1, 3, 1, 3, 2, 0, 0, 1, 1, 3, 2, 0, 2, 4, 2, 1, 1, 2, 1, 0, 2]|[0, 2, 1, 1, 3, 0, 1, 0, 0, 0, 0, 0, 1, 0, 1, 0, 0, 0, 1, 0, 0, 1, 3, 1, 0, 2, 0, 0, 0, 1, 0, 0, 0, 0, 3, 0, 1, 3, 0, 2, 1, 1, 0, 0, 0, 0, 0, 0, 1, 0, 0, 0, 1, 3, 0, 0, 0, 2, 0, 1, 0, 2, 0, 1, 0, 2, 1, 0, 3, 1, 0, 3, 1, 0, 3, 3, 1, 0, 0, 2, 2, 0, 0, 1, 1, 0, 0, 0, 2, 1, 1, 0, 2, 0, 0, 1, 0, 0, 0, 0],821.6547937044886,58123.029061532,117360.05166761237,true
2,G1_CMAX,G4_BALANCED,[31, 22, 82, 15, 26, 9, 95, 42, 77, 12, 47, 5, 93, 78, 86, 54, 85, 63, 18, 44, 20, 35, 43, 97, 91, 76, 10, 30, 21, 45, 71, 64, 1, 23, 17, 83, 24, 41, 60, 36, 6, 57, 40, 88, 65, 56, 79, 69, 67, 68, 46, 75, 38, 58, 19, 32, 94, 48, 27, 81, 87, 90, 50, 59, 11, 16, 72, 73, 70, 39, 37, 84, 13, 92, 25, 55, 28, 51, 29, 7, 96, 99, 61, 33, 89, 74, 66, 98, 8, 53, 14, 2, 62, 4, 52, 49, 0, 34, 80, 3]|[2, 1, 0, 1, 1, 0, 1, 2, 2, 1, 2, 2, 2, 1, 1, 0, 0, 0, 0, 2, 2, 0, 1, 2, 0, 1, 2, 2, 0, 0, 1, 2, 1, 2, 1, 0, 2, 1, 1, 1, 0, 1, 2, 1, 0, 2, 1, 2, 0, 0, 2, 0, 1, 1, 2, 1, 1, 1, 0, 2, 2, 1, 0, 1, 2, 1, 2, 1, 1, 1, 0, 1, 1, 0, 1, 1, 1, 0, 1, 1, 1, 0, 1, 0, 1, 2, 2, 0, 1, 0, 0, 0, 0, 0, 2, 0, 0, 2, 0, 1]|[0, 3, 2, 2, 4, 1, 2, 2, 1, 4, 0, 1, 2, 4, 4, 1, 2, 1, 2, 1, 1, 1, 1, 2, 1, 2, 1, 1, 1, 1, 3, 2, 3, 0, 4, 0, 1, 4, 0, 3, 2, 2, 0, 0, 1, 1, 0, 2, 0, 1, 1, 2, 1, 0, 0, 3, 4, 4, 1, 2, 2, 3, 1, 2, 1, 3, 0, 4, 1, 0, 1, 1, 1, 0, 4, 4, 4, 1, 3, 1, 3, 1, 3, 2, 1, 0, 0, 0, 3, 2, 2, 2, 2, 2, 1, 1, 2, 1, 1, 1]|[0, 2, 1, 1, 3, 0, 1, 0, 0, 0, 0, 0, 1, 0, 1, 0, 0, 0, 1, 0, 0, 1, 3, 1, 0, 2, 0, 0, 0, 1, 0, 0, 0, 0, 3, 0, 1, 3, 0, 2, 1, 1, 0, 0, 0, 0, 0, 0, 1, 0, 0, 0, 1, 3, 0, 0, 2, 2, 0, 1, 0, 2, 0, 1, 0, 2, 1, 0, 3, 1, 0, 3, 1, 1, 3, 3, 1, 0, 0, 2, 2, 0, 0, 1, 1, 0, 0, 0, 2, 1, 0, 0, 1, 0, 0, 1, 0, 0, 0, 1],807.2571776459058,58193.72128015534,112168.65216098764,true
2,G4_BALANCED,G4_BALANCED,[31, 22, 82, 15, 26, 9, 95, 42, 77, 12, 47, 5, 93, 78, 86, 54, 85, 63, 18, 44, 20, 35, 43, 97, 91, 76, 10, 30, 21, 45, 71, 64, 1, 23, 17, 83, 24, 41, 60, 36, 6, 57, 40, 88, 65, 56, 79, 69, 67, 68, 46, 75, 38, 58, 19, 32, 81, 48, 27, 62, 87, 90, 99, 59, 11, 16, 72, 73, 70, 89, 37, 84, 3, 14, 25, 55, 28, 66, 29, 7, 96, 50, 61, 33, 39, 74, 51, 80, 8, 53, 92, 2, 94, 4, 52, 49, 0, 34, 98, 13]|[2, 1, 0, 1, 1, 0, 1, 2, 2, 1, 2, 2, 2, 1, 1, 0, 0, 0, 0, 2, 2, 0, 1, 2, 0, 1, 2, 2, 0, 0, 1, 2, 1, 2, 1, 0, 2, 1, 1, 1, 0, 1, 2, 1, 0, 2, 1, 2, 0, 0, 0, 0, 1, 1, 2, 1, 2, 1, 0, 0, 2, 1, 0, 1, 2, 1, 2, 1, 1, 1, 0, 1, 1, 0, 1, 1, 1, 2, 1, 1, 1, 0, 1, 0, 1, 2, 0, 0, 1, 0, 0, 0, 1, 0, 2, 0, 0, 2, 0, 0]|[0, 3, 2, 2, 4, 1, 2, 2, 1, 4, 0, 1, 2, 4, 4, 1, 2, 1, 2, 1, 1, 1, 1, 2, 1, 2, 1, 1, 1, 1, 3, 2, 3, 0, 4, 0, 1, 4, 0, 3, 2, 2, 0, 0, 1, 1, 0, 2, 0, 1, 2, 2, 1, 0, 0, 3, 1, 4, 1, 2, 2, 3, 1, 2, 1, 3, 0, 4, 1, 1, 1, 1, 1, 2, 4, 4, 4, 0, 3, 1, 3, 1, 3, 2, 0, 0, 1, 1, 3, 2, 0, 2, 4, 2, 1, 1, 2, 1, 0, 2]|[0, 2, 1, 1, 3, 0, 1, 0, 0, 0, 0, 0, 1, 0, 1, 0, 0, 0, 1, 0, 0, 1, 3, 1, 0, 2, 0, 0, 0, 1, 0, 0, 0, 0, 3, 0, 1, 3, 0, 2, 1, 1, 0, 0, 0, 0, 0, 0, 1, 0, 0, 0, 1, 3, 0, 0, 0, 2, 0, 1, 0, 2, 0, 1, 0, 2, 1, 0, 3, 1, 0, 3, 1, 0, 3, 3, 1, 0, 0, 2, 2, 0, 0, 1, 1, 0, 0, 0, 2, 1, 1, 0, 2, 0, 0, 1, 0, 0, 0, 0],821.6547937044886,58123.029061532,117360.05166761237,false
2,G2_TEC,G2_TEC,[31, 22, 82, 15, 26, 9, 95, 42, 77, 4, 47, 5, 93, 78, 86, 54, 85, 63, 18, 44, 20, 49, 36, 14, 48, 50, 53, 17, 21, 45, 71, 64, 3, 23, 30, 83, 24, 41, 60, 52, 65, 27, 90, 70, 39, 87, 74, 69, 99, 68, 46, 1, 38, 58, 97, 59, 28, 8, 73, 37, 35, 79, 11, 66, 94, 32, 72, 13, 56, 6, 80, 61, 89, 92, 25, 34, 91, 57, 10, 7, 96, 88, 84, 19, 51, 33, 12, 98, 0, 81, 75, 40, 2, 55, 29, 16, 43, 76, 67, 62]|[0, 1, 2, 2, 1, 2, 0, 0, 1, 1, 2, 0, 2, 2, 1, 0, 0, 0, 0, 2, 2, 1, 0, 2, 2, 2, 2, 2, 0, 1, 1, 0, 0, 0, 1, 0, 2, 1, 2, 1, 0, 0, 1, 1, 0, 1, 0, 2, 1, 0, 0, 2, 2, 1, 2, 0, 2, 1, 1, 0, 2, 1, 2, 2, 2, 0, 1, 1, 2, 1, 0, 1, 1, 0, 1, 1, 1, 0, 1, 2, 0, 1, 0, 2, 0, 1, 1, 1, 0, 1, 0, 2, 2, 1, 1, 0, 2, 2, 1, 0]|[1, 3, 0, 2, 4, 1, 0, 0, 2, 4, 0, 2, 1, 0, 2, 1, 1, 1, 2, 1, 2, 3, 0, 1, 0, 1, 1, 1, 1, 0, 3, 2, 2, 0, 4, 1, 1, 4, 0, 3, 2, 1, 4, 4, 1, 0, 0, 2, 3, 1, 2, 1, 2, 0, 1, 2, 0, 3, 0, 1, 2, 3, 0, 0, 1, 0, 2, 4, 1, 4, 1, 3, 1, 1, 4, 4, 4, 0, 1, 1, 2, 4, 2, 2, 0, 4, 3, 4, 2, 1, 2, 0, 1, 4, 3, 2, 1, 1, 3, 2]|[1, 2, 0, 0, 3, 0, 0, 0, 0, 0, 0, 0, 1, 0, 1, 0, 0, 0, 1, 0, 0, 2, 0, 0, 0, 0, 0, 0, 0, 1, 0, 0, 0, 0, 3, 0, 1, 3, 1, 2, 0, 0, 1, 3, 0, 0, 1, 0, 2, 0, 0, 1, 0, 3, 1, 0, 0, 0, 1, 0, 0, 2, 0, 0, 0, 1, 1, 0, 0, 2, 0, 0, 1, 0, 3, 2, 1, 1, 1, 0, 0, 1, 1, 1, 0, 1, 0, 2, 0, 1, 0, 0, 0, 2, 0, 1, 0, 0, 0, 1],922.4902335948325,56225.538460804004,129714.61644009146,false
2,G3_TWC,G4_BALANCED,[31, 22, 82, 15, 26, 9, 95, 42, 77, 12, 47, 5, 93, 78, 86, 54, 85, 63, 18, 44, 20, 35, 43, 97, 91, 76, 10, 30, 21, 45, 71, 64, 1, 23, 17, 83, 24, 41, 60, 36, 6, 57, 40, 88, 65, 56, 79, 69, 67, 68, 46, 75, 38, 58, 19, 32, 81, 48, 27, 62, 87, 90, 99, 59, 11, 16, 72, 73, 70, 89, 37, 84, 3, 14, 25, 55, 28, 66, 29, 7, 96, 50, 61, 33, 39, 74, 51, 80, 8, 53, 92, 2, 94, 4, 52, 49, 0, 34, 98, 13]|[2, 1, 0, 1, 1, 0, 1, 2, 2, 1, 2, 2, 2, 1, 1, 0, 0, 0, 0, 2, 2, 0, 1, 2, 0, 1, 2, 2, 0, 0, 1, 2, 1, 2, 1, 0, 2, 1, 1, 1, 0, 1, 2, 1, 0, 2, 1, 2, 0, 0, 0, 0, 1, 1, 2, 1, 2, 1, 0, 0, 2, 1, 0, 1, 2, 1, 2, 1, 1, 1, 0, 1, 1, 0, 1, 1, 1, 2, 1, 1, 1, 0, 1, 0, 1, 2, 0, 0, 1, 0, 0, 0, 1, 0, 2, 0, 0, 2, 0, 0]|[0, 3, 2, 2, 4, 1, 2, 2, 1, 4, 0, 1, 2, 4, 4, 1, 2, 1, 2, 1, 1, 1, 1, 2, 1, 2, 1, 1, 1, 1, 3, 2, 3, 0, 4, 0, 1, 4, 0, 3, 2, 2, 0, 0, 1, 1, 0, 2, 0, 1, 2, 2, 1, 0, 0, 3, 1, 4, 1, 2, 2, 3, 1, 2, 1, 3, 0, 4, 1, 1, 1, 1, 1, 2, 4, 4, 4, 0, 3, 1, 3, 1, 3, 2, 0, 0, 1, 1, 3, 2, 0, 2, 4, 2, 1, 1, 2, 1, 0, 2]|[0, 2, 1, 1, 3, 0, 1, 0, 0, 0, 0, 0, 1, 0, 1, 0, 0, 0, 1, 0, 0, 1, 3, 1, 0, 2, 0, 0, 0, 1, 0, 0, 0, 0, 3, 0, 1, 3, 0, 2, 1, 1, 0, 0, 0, 0, 0, 0, 1, 0, 0, 0, 1, 3, 0, 0, 0, 2, 0, 1, 0, 2, 0, 1, 0, 2, 1, 0, 3, 1, 0, 3, 1, 0, 3, 3, 1, 0, 0, 2, 2, 0, 0, 1, 1, 0, 0, 0, 2, 1, 1, 0, 2, 0, 0, 1, 0, 0, 0, 0],821.6547937044886,58123.029061532,117360.05166761237,true
2,G1_CMAX,G4_BALANCED,[31, 22, 82, 15, 26, 9, 95, 42, 77, 12, 47, 5, 93, 78, 86, 54, 85, 63, 18, 44, 20, 35, 43, 97, 91, 76, 10, 30, 21, 45, 71, 64, 1, 23, 17, 83, 24, 41, 60, 36, 6, 57, 40, 88, 65, 56, 79, 69, 66, 67, 37, 75, 38, 58, 19, 32, 81, 48, 27, 94, 87, 90, 99, 59, 11, 16, 72, 73, 70, 39, 46, 84, 3, 14, 25, 55, 28, 51, 29, 7, 96, 50, 61, 33, 89, 74, 68, 80, 8, 53, 92, 2, 62, 4, 52, 49, 0, 34, 98, 13]|[2, 1, 0, 1, 1, 0, 1, 2, 2, 1, 2, 2, 2, 1, 1, 0, 0, 0, 0, 2, 2, 0, 1, 2, 0, 1, 2, 2, 0, 0, 1, 2, 1, 2, 1, 0, 2, 1, 1, 1, 0, 1, 2, 1, 0, 1, 1, 2, 2, 0, 0, 0, 1, 1, 2, 1, 2, 1, 0, 1, 2, 1, 0, 1, 2, 1, 2, 1, 1, 1, 2, 1, 1, 0, 1, 1, 1, 0, 1, 1, 1, 0, 1, 0, 1, 2, 0, 0, 1, 0, 0, 0, 0, 1, 2, 0, 0, 2, 0, 0]|[0, 3, 2, 2, 4, 1, 2, 2, 1, 4, 0, 1, 2, 4, 4, 1, 2, 1, 2, 1, 1, 1, 1, 2, 1, 2, 1, 1, 1, 1, 3, 2, 3, 0, 4, 0, 1, 4, 0, 3, 2, 2, 0, 0, 1, 1, 0, 2, 0, 0, 1, 2, 1, 0, 0, 3, 2, 4, 1, 4, 2, 3, 1, 2, 1, 3, 0, 4, 1, 0, 1, 1, 1, 2, 4, 4, 4, 1, 3, 1, 3, 1, 3, 2, 1, 0, 1, 1, 3, 2, 0, 2, 2, 4, 1, 1, 2, 1, 0, 2]|[0, 2, 1, 1, 3, 0, 1, 0, 0, 0, 0, 0, 1, 0, 1, 0, 0, 0, 1, 0, 0, 1, 3, 1, 0, 2, 0, 0, 0, 1, 0, 0, 0, 0, 3, 0, 1, 3, 0, 2, 1, 1, 0, 0, 0, 0, 0, 0, 0, 1, 0, 0, 1, 3, 0, 0, 1, 2, 0, 2, 0, 2, 0, 1, 0, 2, 1, 0, 3, 1, 0, 3, 1, 0, 3, 3, 1, 0, 0, 2, 2, 0, 0, 1, 1, 0, 0, 0, 2, 1, 1, 0, 1, 0, 0, 1, 0, 0, 0, 0],790.5224098895561,58527.38897491663,115766.08906894119,true
2,G4_BALANCED,G1_CMAX,[31, 22, 82, 15, 26, 9, 95, 42, 77, 12, 47, 5, 93, 78, 86, 54, 85, 63, 18, 44, 20, 35, 43, 97, 91, 76, 10, 30, 21, 45, 71, 64, 1, 23, 17, 83, 24, 41, 60, 36, 6, 57, 40, 88, 65, 56, 79, 69, 67, 68, 46, 75, 38, 58, 19, 32, 94, 48, 27, 81, 87, 90, 99, 59, 11, 16, 72, 73, 61, 39, 37, 84, 3, 92, 25, 55, 28, 51, 29, 7, 96, 74, 70, 33, 89, 14, 66, 80, 8, 53, 50, 2, 62, 4, 52, 49, 0, 34, 98, 13]|[2, 1, 0, 1, 1, 0, 1, 2, 2, 1, 2, 2, 2, 1, 1, 0, 0, 0, 0, 2, 2, 0, 1, 2, 0, 1, 2, 2, 0, 0, 1, 2, 1, 2, 1, 0, 0, 1, 1, 1, 0, 1, 2, 1, 0, 2, 1, 2, 0, 0, 2, 0, 1, 1, 2, 1, 1, 1, 0, 2, 2, 1, 0, 1, 2, 1, 2, 1, 1, 1, 0, 1, 1, 0, 1, 1, 1, 0, 1, 1, 1, 2, 1, 0, 1, 0, 0, 0, 1, 0, 0, 0, 0, 0, 2, 0, 0, 2, 0, 1]|[0, 3, 2, 2, 4, 1, 2, 2, 1, 4, 0, 1, 2, 4, 4, 1, 2, 1, 2, 1, 1, 1, 1, 2, 1, 2, 1, 1, 1, 1, 3, 2, 3, 0, 4, 0, 1, 4, 0, 3, 2, 2, 0, 0, 1, 1, 0, 2, 0, 1, 1, 2, 1, 0, 0, 3, 4, 4, 1, 2, 2, 3, 1, 2, 1, 3, 0, 4, 3, 0, 1, 1, 1, 0, 4, 4, 4, 1, 3, 1, 3, 0, 1, 2, 1, 2, 2, 1, 3, 2, 1, 2, 2, 2, 1, 1, 2, 1, 1, 1]|[0, 2, 1, 1, 3, 0, 1, 0, 0, 0, 0, 0, 1, 0, 1, 0, 0, 0, 1, 0, 0, 1, 3, 1, 0, 2, 0, 0, 0, 1, 0, 0, 0, 0, 3, 0, 0, 3, 0, 2, 1, 1, 0, 0, 0, 0, 0, 0, 1, 0, 0, 0, 1, 3, 0, 0, 2, 2, 0, 1, 0, 2, 0, 1, 0, 2, 1, 0, 0, 1, 0, 3, 1, 1, 3, 3, 1, 0, 0, 2, 2, 0, 3, 1, 1, 0, 0, 0, 2, 1, 0, 0, 1, 0, 0, 1, 0, 0, 0, 1],828.8138582182239,58181.34738971162,111957.73922965777,true
2,G2_TEC,G2_TEC,[31, 22, 82, 15, 26, 9, 95, 42, 77, 4, 47, 5, 93, 78, 86, 54, 85, 63, 18, 44, 20, 49, 36, 14, 48, 50, 53, 17, 21, 45, 71, 64, 3, 23, 30, 83, 24, 41, 60, 52, 65, 27, 90, 70, 39, 87, 74, 69, 99, 68, 46, 1, 38, 58, 97, 59, 28, 8, 73, 37, 35, 79, 11, 66, 94, 32, 72, 13, 56, 6, 80, 61, 89, 92, 25, 34, 91, 57, 10, 7, 96, 88, 84, 19, 51, 33, 12, 98, 0, 81, 75, 40, 2, 55, 29, 16, 43, 76, 67, 62]|[0, 1, 2, 2, 1, 2, 0, 0, 1, 1, 2, 0, 2, 2, 1, 0, 0, 0, 0, 2, 2, 1, 0, 2, 2, 2, 2, 2, 0, 1, 1, 0, 0, 0, 1, 0, 2, 1, 2, 1, 0, 0, 1, 1, 0, 1, 0, 2, 1, 0, 0, 2, 2, 1, 2, 0, 2, 1, 1, 0, 2, 1, 2, 2, 2, 0, 1, 1, 2, 1, 0, 1, 1, 0, 1, 1, 1, 0, 1, 2, 0, 1, 0, 2, 0, 1, 1, 1, 0, 1, 0, 2, 2, 1, 1, 0, 2, 2, 1, 0]|[1, 3, 0, 2, 4, 1, 0, 0, 2, 4, 0, 2, 1, 0, 2, 1, 1, 1, 2, 1, 2, 3, 0, 1, 0, 1, 1, 1, 1, 0, 3, 2, 2, 0, 4, 1, 1, 4, 0, 3, 2, 1, 4, 4, 1, 0, 0, 2, 3, 1, 2, 1, 2, 0, 1, 2, 0, 3, 0, 1, 2, 3, 0, 0, 1, 0, 2, 4, 1, 4, 1, 3, 1, 1, 4, 4, 4, 0, 1, 1, 2, 4, 2, 2, 0, 4, 3, 4, 2, 1, 2, 0, 1, 4, 3, 2, 1, 1, 3, 2]|[1, 2, 0, 0, 3, 0, 0, 0, 0, 0, 0, 0, 1, 0, 1, 0, 0, 0, 1, 0, 0, 2, 0, 0, 0, 0, 0, 0, 0, 1, 0, 0, 0, 0, 3, 0, 1, 3, 1, 2, 0, 0, 1, 3, 0, 0, 1, 0, 2, 0, 0, 1, 0, 3, 1, 0, 0, 0, 1, 0, 0, 2, 0, 0, 0, 1, 1, 0, 0, 2, 0, 0, 1, 0, 3, 2, 1, 1, 1, 0, 0, 1, 1, 1, 0, 1, 0, 2, 0, 1, 0, 0, 0, 2, 0, 1, 0, 0, 0, 1],922.4902335948325,56225.538460804004,129714.61644009146,false
2,G3_TWC,G4_BALANCED,[31, 22, 82, 15, 26, 9, 95, 42, 77, 12, 47, 5, 93, 78, 86, 54, 85, 63, 18, 44, 20, 35, 43, 97, 91, 76, 10, 30, 21, 45, 71, 64, 1, 23, 17, 83, 24, 41, 60, 36, 6, 57, 40, 88, 65, 56, 79, 69, 67, 68, 46, 75, 38, 58, 19, 32, 81, 48, 27, 62, 87, 90, 99, 59, 11, 16, 72, 73, 70, 89, 37, 84, 3, 14, 25, 55, 28, 66, 29, 7, 96, 50, 61, 33, 39, 74, 51, 80, 8, 53, 92, 2, 94, 4, 52, 49, 0, 34, 98, 13]|[2, 1, 0, 1, 1, 0, 1, 2, 2, 1, 2, 2, 2, 1, 1, 0, 0, 0, 0, 2, 2, 0, 1, 2, 0, 1, 2, 2, 0, 0, 1, 2, 1, 2, 1, 0, 2, 1, 1, 1, 0, 1, 2, 1, 0, 2, 1, 2, 0, 0, 0, 0, 1, 1, 2, 1, 2, 1, 0, 0, 2, 1, 0, 1, 2, 1, 2, 1, 1, 1, 0, 1, 1, 0, 1, 1, 1, 2, 1, 1, 1, 0, 1, 0, 1, 2, 0, 0, 1, 0, 0, 0, 1, 0, 2, 0, 0, 2, 0, 0]|[0, 3, 2, 2, 4, 1, 2, 2, 1, 4, 0, 1, 2, 4, 4, 1, 2, 1, 2, 1, 1, 1, 1, 2, 1, 2, 1, 1, 1, 1, 3, 2, 3, 0, 4, 0, 1, 4, 0, 3, 2, 2, 0, 0, 1, 1, 0, 2, 0, 1, 2, 2, 1, 0, 0, 3, 1, 4, 1, 2, 2, 3, 1, 2, 1, 3, 0, 4, 1, 1, 1, 1, 1, 2, 4, 4, 4, 0, 3, 1, 3, 1, 3, 2, 0, 0, 1, 1, 3, 2, 0, 2, 4, 2, 1, 1, 2, 1, 0, 2]|[0, 2, 1, 1, 3, 0, 1, 0, 0, 0, 0, 0, 1, 0, 1, 0, 0, 0, 1, 0, 0, 1, 3, 1, 0, 2, 0, 0, 0, 1, 0, 0, 0, 0, 3, 0, 1, 3, 0, 2, 1, 1, 0, 0, 0, 0, 0, 0, 1, 0, 0, 0, 1, 3, 0, 0, 0, 2, 0, 1, 0, 2, 0, 1, 0, 2, 1, 0, 3, 1, 0, 3, 1, 0, 3, 3, 1, 0, 0, 2, 2, 0, 0, 1, 1, 0, 0, 0, 2, 1, 1, 0, 2, 0, 0, 1, 0, 0, 0, 0],821.6547937044886,58123.029061532,117360.05166761237,true
2,G1_CMAX,G2_TEC,[31, 22, 82, 15, 26, 9, 95, 42, 77, 4, 47, 5, 93, 78, 86, 54, 85, 63, 18, 44, 20, 49, 36, 14, 48, 50, 53, 17, 21, 45, 71, 64, 3, 23, 30, 83, 24, 41, 60, 52, 65, 27, 90, 70, 39, 87, 74, 69, 99, 68, 46, 1, 38, 58, 97, 59, 28, 8, 73, 37, 35, 79, 11, 66, 94, 32, 72, 13, 56, 6, 80, 61, 33, 92, 25, 34, 91, 57, 10, 7, 96, 88, 84, 19, 51, 89, 75, 98, 0, 81, 12, 40, 2, 55, 29, 16, 43, 76, 67, 62]|[0, 1, 2, 2, 1, 2, 2, 0, 1, 1, 1, 0, 2, 2, 1, 0, 0, 0, 0, 2, 2, 1, 0, 2, 2, 2, 0, 2, 0, 1, 0, 0, 0, 0, 1, 0, 2, 1, 2, 2, 0, 0, 1, 1, 0, 1, 0, 2, 1, 0, 0, 2, 2, 1, 2, 0, 2, 1, 1, 0, 2, 0, 2, 2, 2, 0, 1, 1, 0, 1, 0, 1, 0, 0, 1, 1, 1, 0, 1, 2, 0, 1, 0, 0, 0, 1, 0, 1, 0, 1, 1, 2, 2, 1, 1, 1, 1, 2, 1, 0]|[1, 3, 0, 2, 4, 1, 1, 0, 2, 4, 2, 2, 1, 0, 2, 1, 1, 1, 2, 1, 2, 3, 0, 1, 0, 1, 2, 1, 1, 0, 2, 2, 2, 0, 4, 2, 1, 4, 0, 1, 0, 1, 4, 4, 1, 0, 0, 2, 3, 1, 2, 1, 2, 0, 1, 2, 0, 3, 4, 1, 2, 1, 0, 0, 1, 0, 2, 4, 0, 4, 1, 3, 2, 1, 4, 4, 4, 1, 3, 1, 2, 4, 2, 2, 0, 1, 2, 4, 1, 1, 3, 0, 1, 3, 3, 4, 1, 1, 3, 2]|[1, 2, 0, 0, 3, 0, 0, 0, 0, 0, 2, 0, 1, 0, 1, 0, 0, 0, 1, 0, 0, 2, 0, 0, 0, 0, 1, 0, 0, 1, 0, 0, 0, 0, 3, 0, 1, 3, 1, 0, 1, 0, 1, 3, 0, 0, 1, 0, 2, 0, 0, 1, 0, 3, 1, 0, 0, 0, 2, 0, 0, 0, 0, 0, 0, 1, 1, 0, 1, 2, 0, 0, 1, 0, 3, 2, 1, 0, 3, 0, 0, 1, 1, 1, 0, 1, 0, 2, 1, 1, 0, 0, 0, 0, 0, 1, 3, 0, 0, 1],947.4547474409625,56652.88173490804,126783.84750735445,true
2,G4_BALANCED,G4_BALANCED,[31, 22, 82, 15, 26, 9, 95, 42, 77, 12, 47, 5, 93, 78, 86, 54, 85, 63, 18, 44, 20, 35, 43, 97, 91, 76, 10, 30, 21, 45, 71, 64, 1, 23, 17, 83, 24, 41, 60, 36, 6, 57, 40, 88, 65, 56, 79, 69, 67, 68, 46, 75, 38, 58, 19, 32, 81, 48, 27, 62, 87, 90, 99, 59, 11, 16, 72, 73, 70, 89, 37, 84, 3, 14, 25, 55, 28, 66, 29, 7, 96, 50, 61, 33, 39, 74, 51, 80, 8, 53, 92, 2, 94, 4, 52, 49, 0, 34, 98, 13]|[2, 1, 0, 1, 1, 0, 1, 2, 2, 1, 2, 2, 2, 1, 1, 0, 0, 0, 0, 2, 2, 0, 1, 2, 0, 1, 2, 2, 0, 0, 1, 2, 1, 2, 1, 0, 2, 1, 1, 1, 0, 1, 2, 1, 0, 2, 1, 2, 0, 0, 0, 0, 1, 1, 2, 1, 2, 1, 0, 0, 2, 1, 0, 1, 2, 1, 2, 1, 1, 1, 0, 1, 1, 0, 1, 1, 1, 2, 1, 1, 1, 0, 1, 0, 1, 2, 0, 0, 1, 0, 0, 0, 1, 0, 2, 0, 0, 2, 0, 0]|[0, 3, 2, 2, 4, 1, 2, 2, 1, 4, 0, 1, 2, 4, 4, 1, 2, 1, 2, 1, 1, 1, 1, 2, 1, 2, 1, 1, 1, 1, 3, 2, 3, 0, 4, 0, 1, 4, 0, 3, 2, 2, 0, 0, 1, 1, 0, 2, 0, 1, 2, 2, 1, 0, 0, 3, 1, 4, 1, 2, 2, 3, 1, 2, 1, 3, 0, 4, 1, 1, 1, 1, 1, 2, 4, 4, 4, 0, 3, 1, 3, 1, 3, 2, 0, 0, 1, 1, 3, 2, 0, 2, 4, 2, 1, 1, 2, 1, 0, 2]|[0, 2, 1, 1, 3, 0, 1, 0, 0, 0, 0, 0, 1, 0, 1, 0, 0, 0, 1, 0, 0, 1, 3, 1, 0, 2, 0, 0, 0, 1, 0, 0, 0, 0, 3, 0, 1, 3, 0, 2, 1, 1, 0, 0, 0, 0, 0, 0, 1, 0, 0, 0, 1, 3, 0, 0, 0, 2, 0, 1, 0, 2, 0, 1, 0, 2, 1, 0, 3, 1, 0, 3, 1, 0, 3, 3, 1, 0, 0, 2, 2, 0, 0, 1, 1, 0, 0, 0, 2, 1, 1, 0, 2, 0, 0, 1, 0, 0, 0, 0],821.6547937044886,58123.029061532,117360.05166761237,false
2,G2_TEC,G2_TEC,[31, 22, 82, 15, 26, 9, 95, 42, 77, 4, 47, 5, 93, 78, 86, 54, 85, 63, 18, 44, 20, 49, 36, 14, 48, 50, 53, 17, 21, 45, 71, 64, 3, 23, 30, 83, 24, 41, 60, 52, 65, 27, 90, 70, 39, 87, 74, 69, 99, 68, 46, 1, 38, 58, 97, 59, 28, 8, 73, 37, 35, 79, 11, 66, 94, 32, 72, 13, 56, 6, 80, 61, 89, 92, 25, 34, 91, 57, 10, 7, 96, 88, 84, 19, 51, 33, 12, 98, 0, 81, 75, 40, 2, 55, 29, 16, 43, 76, 67, 62]|[0, 1, 2, 2, 1, 2, 0, 0, 1, 1, 2, 0, 2, 2, 1, 0, 0, 0, 0, 2, 2, 1, 0, 2, 2, 2, 2, 2, 0, 1, 1, 0, 0, 0, 1, 0, 2, 1, 2, 1, 0, 0, 1, 1, 0, 1, 0, 2, 1, 0, 0, 2, 2, 1, 2, 0, 2, 1, 1, 0, 2, 1, 2, 2, 2, 0, 1, 1, 2, 1, 0, 1, 1, 0, 1, 1, 1, 0, 1, 2, 0, 1, 0, 2, 0, 1, 1, 1, 0, 1, 0, 2, 2, 1, 1, 0, 2, 2, 1, 0]|[1, 3, 0, 2, 4, 1, 0, 0, 2, 4, 0, 2, 1, 0, 2, 1, 1, 1, 2, 1, 2, 3, 0, 1, 0, 1, 1, 1, 1, 0, 3, 2, 2, 0, 4, 1, 1, 4, 0, 3, 2, 1, 4, 4, 1, 0, 0, 2, 3, 1, 2, 1, 2, 0, 1, 2, 0, 3, 0, 1, 2, 3, 0, 0, 1, 0, 2, 4, 1, 4, 1, 3, 1, 1, 4, 4, 4, 0, 1, 1, 2, 4, 2, 2, 0, 4, 3, 4, 2, 1, 2, 0, 1, 4, 3, 2, 1, 1, 3, 2]|[1, 2, 0, 0, 3, 0, 0, 0, 0, 0, 0, 0, 1, 0, 1, 0, 0, 0, 1, 0, 0, 2, 0, 0, 0, 0, 0, 0, 0, 1, 0, 0, 0, 0, 3, 0, 1, 3, 1, 2, 0, 0, 1, 3, 0, 0, 1, 0, 2, 0, 0, 1, 0, 3, 1, 0, 0, 0, 1, 0, 0, 2, 0, 0, 0, 1, 1, 0, 0, 2, 0, 0, 1, 0, 3, 2, 1, 1, 1, 0, 0, 1, 1, 1, 0, 1, 0, 2, 0, 1, 0, 0, 0, 2, 0, 1, 0, 0, 0, 1],922.4902335948325,56225.538460804004,129714.61644009146,false
2,G3_TWC,G4_BALANCED,[31, 22, 82, 15, 26, 9, 95, 42, 77, 12, 47, 5, 93, 78, 86, 54, 85, 63, 18, 44, 20, 35, 43, 97, 91, 76, 10, 30, 21, 45, 71, 64, 1, 23, 17, 83, 24, 41, 60, 36, 6, 57, 40, 88, 65, 56, 79, 69, 67, 68, 46, 75, 38, 58, 19, 32, 81, 48, 27, 62, 87, 90, 99, 59, 11, 16, 72, 73, 70, 89, 37, 84, 3, 14, 25, 55, 28, 66, 29, 7, 96, 50, 61, 33, 39, 74, 51, 80, 8, 53, 92, 2, 94, 4, 52, 49, 0, 34, 98, 13]|[2, 1, 0, 1, 1, 0, 1, 2, 2, 1, 2, 2, 2, 1, 1, 0, 0, 0, 0, 2, 2, 0, 1, 2, 0, 1, 2, 2, 0, 0, 1, 2, 1, 2, 1, 0, 2, 1, 1, 1, 0, 1, 2, 1, 0, 2, 1, 2, 0, 0, 0, 0, 1, 1, 2, 1, 2, 1, 0, 0, 2, 1, 0, 1, 2, 1, 2, 1, 1, 1, 0, 1, 1, 0, 1, 1, 1, 2, 1, 1, 1, 0, 1, 0, 1, 2, 0, 0, 1, 0, 0, 0, 1, 0, 2, 0, 0, 2, 0, 0]|[0, 3, 2, 2, 4, 1, 2, 2, 1, 4, 0, 1, 2, 4, 4, 1, 2, 1, 2, 1, 1, 1, 1, 2, 1, 2, 1, 1, 1, 1, 3, 2, 3, 0, 4, 0, 1, 4, 0, 3, 2, 2, 0, 0, 1, 1, 0, 2, 0, 1, 2, 2, 1, 0, 0, 3, 1, 4, 1, 2, 2, 3, 1, 2, 1, 3, 0, 4, 1, 1, 1, 1, 1, 2, 4, 4, 4, 0, 3, 1, 3, 1, 3, 2, 0, 0, 1, 1, 3, 2, 0, 2, 4, 2, 1, 1, 2, 1, 0, 2]|[0, 2, 1, 1, 3, 0, 1, 0, 0, 0, 0, 0, 1, 0, 1, 0, 0, 0, 1, 0, 0, 1, 3, 1, 0, 2, 0, 0, 0, 1, 0, 0, 0, 0, 3, 0, 1, 3, 0, 2, 1, 1, 0, 0, 0, 0, 0, 0, 1, 0, 0, 0, 1, 3, 0, 0, 0, 2, 0, 1, 0, 2, 0, 1, 0, 2, 1, 0, 3, 1, 0, 3, 1, 0, 3, 3, 1, 0, 0, 2, 2, 0, 0, 1, 1, 0, 0, 0, 2, 1, 1, 0, 2, 0, 0, 1, 0, 0, 0, 0],821.6547937044886,58123.029061532,117360.05166761237,true
2,G1_CMAX,G2_TEC,[31, 22, 82, 15, 26, 9, 95, 42, 77, 4, 47, 5, 93, 78, 86, 54, 85, 63, 18, 44, 20, 49, 36, 14, 48, 50, 53, 17, 21, 45, 71, 64, 3, 23, 30, 83, 24, 41, 60, 52, 65, 27, 90, 70, 39, 87, 74, 69, 99, 68, 46, 1, 38, 58, 97, 59, 28, 8, 73, 37, 35, 79, 11, 66, 94, 32, 72, 13, 56, 6, 80, 61, 33, 92, 25, 34, 91, 57, 10, 7, 96, 88, 84, 19, 51, 89, 75, 98, 0, 81, 12, 40, 2, 55, 29, 16, 43, 76, 67, 62]|[0, 1, 2, 2, 1, 2, 2, 0, 1, 1, 1, 0, 2, 2, 1, 0, 0, 0, 0, 2, 2, 1, 0, 2, 2, 2, 0, 2, 0, 1, 0, 0, 0, 0, 1, 0, 2, 1, 2, 2, 0, 0, 1, 1, 0, 1, 0, 2, 1, 0, 0, 2, 2, 1, 2, 0, 2, 1, 1, 0, 2, 0, 2, 2, 2, 0, 1, 1, 0, 1, 0, 1, 0, 0, 1, 1, 1, 0, 1, 2, 0, 1, 0, 0, 0, 1, 0, 1, 0, 1, 1, 2, 2, 1, 1, 1, 1, 2, 1, 0]|[1, 3, 0, 2, 4, 1, 1, 0, 2, 4, 2, 2, 1, 0, 2, 1, 1, 1, 2, 1, 2, 3, 0, 1, 0, 1, 2, 1, 1, 0, 2, 2, 2, 0, 4, 2, 1, 4, 0, 1, 0, 1, 4, 4, 1, 0, 0, 2, 3, 1, 2, 1, 2, 0, 1, 2, 0, 3, 4, 1, 2, 1, 0, 0, 1, 0, 2, 4, 0, 4, 1, 3, 2, 1, 4, 4, 4, 1, 3, 1, 2, 4, 2, 2, 0, 1, 2, 4, 1, 1, 3, 0, 1, 3, 3, 4, 1, 1, 3, 2]|[1, 2, 0, 0, 3, 0, 0, 0, 0, 0, 2, 0, 1, 0, 1, 0, 0, 0, 1, 0, 0, 2, 0, 0, 0, 0, 1, 0, 0, 1, 0, 0, 0, 0, 3, 0, 1, 3, 1, 0, 1, 0, 1, 3, 0, 0, 1, 0, 2, 0, 0, 1, 0, 3, 1, 0, 0, 0, 2, 0, 0, 0, 0, 0, 0, 1, 1, 0, 1, 2, 0, 0, 1, 0, 3, 2, 1, 0, 3, 0, 0, 1, 1, 1, 0, 1, 0, 2, 1, 1, 0, 0, 0, 0, 0, 1, 3, 0, 0, 1],947.4547474409625,56652.88173490804,126783.84750735445,true
2,G4_BALANCED,G4_BALANCED,[31, 22, 82, 15, 26, 9, 95, 42, 77, 12, 47, 5, 93, 78, 86, 54, 85, 63, 18, 44, 20, 35, 43, 97, 91, 76, 10, 30, 21, 45, 71, 64, 1, 23, 17, 83, 24, 41, 60, 36, 6, 57, 40, 88, 65, 56, 79, 69, 67, 68, 46, 75, 38, 58, 19, 32, 81, 48, 27, 62, 87, 90, 99, 59, 11, 16, 72, 73, 70, 89, 37, 84, 3, 14, 25, 55, 28, 66, 29, 7, 96, 50, 61, 33, 39, 74, 51, 80, 8, 53, 92, 2, 94, 4, 52, 49, 0, 34, 98, 13]|[2, 1, 0, 1, 1, 0, 1, 2, 2, 1, 2, 2, 2, 1, 1, 0, 0, 0, 0, 2, 2, 0, 1, 2, 0, 1, 2, 2, 0, 0, 1, 2, 1, 2, 1, 0, 2, 1, 1, 1, 0, 1, 2, 1, 0, 2, 1, 2, 0, 0, 0, 0, 1, 1, 2, 1, 2, 1, 0, 0, 2, 1, 0, 1, 2, 1, 2, 1, 1, 1, 0, 1, 1, 0, 1, 1, 1, 2, 1, 1, 1, 0, 1, 0, 1, 2, 0, 0, 1, 0, 0, 0, 1, 0, 2, 0, 0, 2, 0, 0]|[0, 3, 2, 2, 4, 1, 2, 2, 1, 4, 0, 1, 2, 4, 4, 1, 2, 1, 2, 1, 1, 1, 1, 2, 1, 2, 1, 1, 1, 1, 3, 2, 3, 0, 4, 0, 1, 4, 0, 3, 2, 2, 0, 0, 1, 1, 0, 2, 0, 1, 2, 2, 1, 0, 0, 3, 1, 4, 1, 2, 2, 3, 1, 2, 1, 3, 0, 4, 1, 1, 1, 1, 1, 2, 4, 4, 4, 0, 3, 1, 3, 1, 3, 2, 0, 0, 1, 1, 3, 2, 0, 2, 4, 2, 1, 1, 2, 1, 0, 2]|[0, 2, 1, 1, 3, 0, 1, 0, 0, 0, 0, 0, 1, 0, 1, 0, 0, 0, 1, 0, 0, 1, 3, 1, 0, 2, 0, 0, 0, 1, 0, 0, 0, 0, 3, 0, 1, 3, 0, 2, 1, 1, 0, 0, 0, 0, 0, 0, 1, 0, 0, 0, 1, 3, 0, 0, 0, 2, 0, 1, 0, 2, 0, 1, 0, 2, 1, 0, 3, 1, 0, 3, 1, 0, 3, 3, 1, 0, 0, 2, 2, 0, 0, 1, 1, 0, 0, 0, 2, 1, 1, 0, 2, 0, 0, 1, 0, 0, 0, 0],821.6547937044886,58123.029061532,117360.05166761237,false
2,G2_TEC,G2_TEC,[31, 22, 82, 15, 26, 9, 95, 42, 77, 4, 47, 5, 93, 78, 86, 54, 85, 63, 18, 44, 20, 49, 36, 14, 48, 50, 53, 17, 21, 45, 71, 64, 3, 23, 30, 83, 24, 41, 60, 52, 65, 27, 90, 70, 39, 87, 74, 69, 99, 68, 46, 1, 38, 58, 97, 59, 28, 8, 73, 37, 35, 79, 11, 66, 94, 32, 72, 13, 56, 6, 80, 61, 89, 92, 25, 34, 91, 57, 10, 7, 96, 88, 84, 19, 51, 33, 12, 98, 0, 81, 75, 40, 2, 55, 29, 16, 43, 76, 67, 62]|[0, 1, 2, 2, 1, 2, 0, 0, 1, 1, 2, 0, 2, 2, 1, 0, 0, 0, 0, 2, 2, 1, 0, 2, 2, 2, 2, 2, 0, 1, 1, 0, 0, 0, 1, 0, 2, 1, 2, 1, 0, 0, 1, 1, 0, 1, 0, 2, 1, 0, 0, 2, 2, 1, 2, 0, 2, 1, 1, 0, 2, 1, 2, 2, 2, 0, 1, 1, 2, 1, 0, 1, 1, 0, 1, 1, 1, 0, 1, 2, 0, 1, 0, 2, 0, 1, 1, 1, 0, 1, 0, 2, 2, 1, 1, 0, 2, 2, 1, 0]|[1, 3, 0, 2, 4, 1, 0, 0, 2, 4, 0, 2, 1, 0, 2, 1, 1, 1, 2, 1, 2, 3, 0, 1, 0, 1, 1, 1, 1, 0, 3, 2, 2, 0, 4, 1, 1, 4, 0, 3, 2, 1, 4, 4, 1, 0, 0, 2, 3, 1, 2, 1, 2, 0, 1, 2, 0, 3, 0, 1, 2, 3, 0, 0, 1, 0, 2, 4, 1, 4, 1, 3, 1, 1, 4, 4, 4, 0, 1, 1, 2, 4, 2, 2, 0, 4, 3, 4, 2, 1, 2, 0, 1, 4, 3, 2, 1, 1, 3, 2]|[1, 2, 0, 0, 3, 0, 0, 0, 0, 0, 0, 0, 1, 0, 1, 0, 0, 0, 1, 0, 0, 2, 0, 0, 0, 0, 0, 0, 0, 1, 0, 0, 0, 0, 3, 0, 1, 3, 1, 2, 0, 0, 1, 3, 0, 0, 1, 0, 2, 0, 0, 1, 0, 3, 1, 0, 0, 0, 1, 0, 0, 2, 0, 0, 0, 1, 1, 0, 0, 2, 0, 0, 1, 0, 3, 2, 1, 1, 1, 0, 0, 1, 1, 1, 0, 1, 0, 2, 0, 1, 0, 0, 0, 2, 0, 1, 0, 0, 0, 1],922.4902335948325,56225.538460804004,129714.61644009146,false
2,G3_TWC,G4_BALANCED,[31, 22, 82, 15, 26, 9, 95, 42, 77, 12, 47, 5, 93, 78, 86, 54, 85, 63, 18, 44, 20, 35, 43, 97, 91, 76, 10, 30, 21, 45, 71, 64, 1, 23, 17, 83, 24, 41, 60, 36, 6, 57, 40, 88, 65, 56, 79, 69, 67, 68, 46, 75, 38, 58, 19, 32, 81, 48, 27, 62, 87, 90, 99, 59, 11, 16, 72, 73, 70, 89, 37, 84, 3, 14, 25, 55, 28, 66, 29, 7, 96, 50, 61, 33, 39, 74, 51, 80, 8, 53, 92, 2, 94, 4, 52, 49, 0, 34, 98, 13]|[2, 1, 0, 1, 1, 0, 1, 2, 2, 1, 2, 2, 2, 1, 1, 0, 0, 0, 0, 2, 2, 0, 1, 2, 0, 1, 2, 2, 0, 0, 1, 2, 1, 2, 1, 0, 2, 1, 1, 1, 0, 1, 2, 1, 0, 2, 1, 2, 0, 0, 0, 0, 1, 1, 2, 1, 2, 1, 0, 0, 2, 1, 0, 1, 2, 1, 2, 1, 1, 1, 0, 1, 1, 0, 1, 1, 1, 2, 1, 1, 1, 0, 1, 0, 1, 2, 0, 0, 1, 0, 0, 0, 1, 0, 2, 0, 0, 2, 0, 0]|[0, 3, 2, 2, 4, 1, 2, 2, 1, 4, 0, 1, 2, 4, 4, 1, 2, 1, 2, 1, 1, 1, 1, 2, 1, 2, 1, 1, 1, 1, 3, 2, 3, 0, 4, 0, 1, 4, 0, 3, 2, 2, 0, 0, 1, 1, 0, 2, 0, 1, 2, 2, 1, 0, 0, 3, 1, 4, 1, 2, 2, 3, 1, 2, 1, 3, 0, 4, 1, 1, 1, 1, 1, 2, 4, 4, 4, 0, 3, 1, 3, 1, 3, 2, 0, 0, 1, 1, 3, 2, 0, 2, 4, 2, 1, 1, 2, 1, 0, 2]|[0, 2, 1, 1, 3, 0, 1, 0, 0, 0, 0, 0, 1, 0, 1, 0, 0, 0, 1, 0, 0, 1, 3, 1, 0, 2, 0, 0, 0, 1, 0, 0, 0, 0, 3, 0, 1, 3, 0, 2, 1, 1, 0, 0, 0, 0, 0, 0, 1, 0, 0, 0, 1, 3, 0, 0, 0, 2, 0, 1, 0, 2, 0, 1, 0, 2, 1, 0, 3, 1, 0, 3, 1, 0, 3, 3, 1, 0, 0, 2, 2, 0, 0, 1, 1, 0, 0, 0, 2, 1, 1, 0, 2, 0, 0, 1, 0, 0, 0, 0],821.6547937044886,58123.029061532,117360.05166761237,true
2,G1_CMAX,G4_BALANCED,[31, 22, 82, 15, 26, 9, 95, 42, 77, 12, 47, 5, 93, 78, 86, 54, 85, 63, 18, 44, 20, 35, 43, 97, 91, 76, 10, 30, 21, 45, 71, 64, 1, 23, 17, 83, 24, 41, 60, 36, 6, 57, 40, 88, 65, 56, 79, 69, 67, 19, 46, 75, 38, 58, 68, 32, 81, 48, 27, 94, 87, 90, 99, 59, 11, 28, 72, 73, 61, 39, 37, 84, 3, 92, 25, 55, 16, 51, 29, 7, 96, 74, 70, 33, 89, 50, 66, 80, 8, 53, 14, 2, 62, 4, 52, 49, 0, 34, 98, 13]|[2, 1, 0, 1, 1, 0, 1, 2, 2, 1, 2, 2, 2, 1, 1, 0, 0, 0, 0, 2, 2, 0, 1, 2, 0, 1, 2, 2, 0, 0, 1, 2, 1, 2, 1, 0, 2, 1, 1, 1, 0, 1, 2, 1, 0, 2, 1, 2, 0, 2, 0, 0, 1, 1, 0, 1, 2, 1, 0, 1, 2, 1, 0, 1, 2, 1, 2, 1, 1, 1, 0, 1, 1, 0, 1, 1, 1, 0, 1, 1, 1, 2, 1, 2, 1, 0, 2, 0, 1, 0, 0, 0, 0, 1, 2, 0, 0, 2, 0, 0]|[0, 3, 2, 2, 4, 1, 2, 2, 1, 4, 0, 1, 2, 4, 4, 1, 2, 1, 2, 1, 1, 1, 1, 2, 1, 2, 1, 1, 1, 1, 3, 2, 3, 0, 4, 0, 1, 4, 0, 3, 2, 2, 0, 0, 1, 1, 0, 2, 0, 0, 2, 2, 1, 0, 1, 3, 1, 4, 1, 4, 2, 3, 1, 2, 1, 4, 0, 4, 3, 0, 1, 1, 1, 0, 4, 4, 4, 1, 3, 1, 3, 0, 1, 2, 1, 1, 0, 1, 3, 2, 2, 2, 2, 4, 1, 1, 2, 1, 1, 2]|[0, 2, 1, 1, 3, 0, 1, 0, 0, 0, 0, 0, 1, 0, 1, 0, 0, 0, 1, 0, 0, 1, 3, 1, 0, 2, 0, 0, 0, 1, 0, 0, 0, 0, 3, 0, 1, 3, 0, 2, 1, 1, 0, 0, 0, 0, 0, 0, 1, 0, 0, 0, 1, 3, 0, 0, 0, 2, 0, 2, 0, 2, 0, 1, 0, 1, 1, 0, 0, 1, 0, 3, 1, 1, 3, 3, 1, 0, 0, 2, 2, 0, 3, 0, 1, 0, 0, 0, 2, 1, 0, 0, 1, 0, 0, 1, 0, 0, 0, 0],836.6690363245341,57730.96965824721,116914.55600926722,true
2,G4_BALANCED,G4_BALANCED,[31, 22, 82, 15, 26, 9, 95, 42, 77, 12, 47, 5, 93, 78, 86, 54, 85, 63, 18, 44, 20, 35, 43, 97, 91, 76, 10, 30, 21, 45, 71, 64, 1, 23, 17, 83, 24, 41, 60, 36, 6, 57, 40, 88, 65, 56, 79, 69, 67, 68, 46, 75, 38, 58, 19, 32, 81, 48, 27, 62, 87, 90, 99, 59, 11, 16, 72, 73, 70, 89, 37, 84, 3, 14, 25, 55, 28, 66, 29, 7, 96, 50, 61, 33, 39, 74, 51, 80, 8, 53, 92, 2, 94, 4, 52, 49, 0, 34, 98, 13]|[2, 1, 0, 1, 1, 0, 1, 2, 2, 1, 2, 2, 2, 1, 1, 0, 0, 0, 0, 2, 2, 0, 1, 2, 0, 1, 2, 2, 0, 0, 1, 2, 1, 2, 1, 0, 2, 1, 1, 1, 0, 1, 2, 1, 0, 2, 1, 2, 0, 0, 0, 0, 1, 1, 2, 1, 2, 1, 0, 0, 2, 1, 0, 1, 2, 1, 2, 1, 1, 1, 0, 1, 1, 0, 1, 1, 1, 2, 1, 1, 1, 0, 1, 0, 1, 2, 0, 0, 1, 0, 0, 0, 1, 0, 2, 0, 0, 2, 0, 0]|[0, 3, 2, 2, 4, 1, 2, 2, 1, 4, 0, 1, 2, 4, 4, 1, 2, 1, 2, 1, 1, 1, 1, 2, 1, 2, 1, 1, 1, 1, 3, 2, 3, 0, 4, 0, 1, 4, 0, 3, 2, 2, 0, 0, 1, 1, 0, 2, 0, 1, 2, 2, 1, 0, 0, 3, 1, 4, 1, 2, 2, 3, 1, 2, 1, 3, 0, 4, 1, 1, 1, 1, 1, 2, 4, 4, 4, 0, 3, 1, 3, 1, 3, 2, 0, 0, 1, 1, 3, 2, 0, 2, 4, 2, 1, 1, 2, 1, 0, 2]|[0, 2, 1, 1, 3, 0, 1, 0, 0, 0, 0, 0, 1, 0, 1, 0, 0, 0, 1, 0, 0, 1, 3, 1, 0, 2, 0, 0, 0, 1, 0, 0, 0, 0, 3, 0, 1, 3, 0, 2, 1, 1, 0, 0, 0, 0, 0, 0, 1, 0, 0, 0, 1, 3, 0, 0, 0, 2, 0, 1, 0, 2, 0, 1, 0, 2, 1, 0, 3, 1, 0, 3, 1, 0, 3, 3, 1, 0, 0, 2, 2, 0, 0, 1, 1, 0, 0, 0, 2, 1, 1, 0, 2, 0, 0, 1, 0, 0, 0, 0],821.6547937044886,58123.029061532,117360.05166761237,false
2,G2_TEC,G2_TEC,[31, 22, 82, 15, 26, 9, 95, 42, 77, 4, 47, 5, 93, 78, 86, 54, 85, 63, 18, 44, 20, 49, 36, 14, 48, 50, 53, 17, 21, 45, 71, 64, 3, 23, 30, 83, 24, 41, 60, 52, 65, 27, 90, 70, 39, 87, 74, 69, 99, 68, 46, 1, 38, 58, 97, 59, 28, 8, 73, 37, 35, 79, 11, 66, 94, 32, 72, 13, 56, 6, 80, 61, 89, 92, 25, 34, 91, 57, 10, 7, 96, 88, 84, 19, 51, 33, 12, 98, 0, 81, 75, 40, 2, 55, 29, 16, 43, 76, 67, 62]|[0, 1, 2, 2, 1, 2, 0, 0, 1, 1, 2, 0, 2, 2, 1, 0, 0, 0, 0, 2, 2, 1, 0, 2, 2, 2, 2, 2, 0, 1, 1, 0, 0, 0, 1, 0, 2, 1, 2, 1, 0, 0, 1, 1, 0, 1, 0, 2, 1, 0, 0, 2, 2, 1, 2, 0, 2, 1, 1, 0, 2, 1, 2, 2, 2, 0, 1, 1, 2, 1, 0, 1, 1, 0, 1, 1, 1, 0, 1, 2, 0, 1, 0, 2, 0, 1, 1, 1, 0, 1, 0, 2, 2, 1, 1, 0, 2, 2, 1, 0]|[1, 3, 0, 2, 4, 1, 0, 0, 2, 4, 0, 2, 1, 0, 2, 1, 1, 1, 2, 1, 2, 3, 0, 1, 0, 1, 1, 1, 1, 0, 3, 2, 2, 0, 4, 1, 1, 4, 0, 3, 2, 1, 4, 4, 1, 0, 0, 2, 3, 1, 2, 1, 2, 0, 1, 2, 0, 3, 0, 1, 2, 3, 0, 0, 1, 0, 2, 4, 1, 4, 1, 3, 1, 1, 4, 4, 4, 0, 1, 1, 2, 4, 2, 2, 0, 4, 3, 4, 2, 1, 2, 0, 1, 4, 3, 2, 1, 1, 3, 2]|[1, 2, 0, 0, 3, 0, 0, 0, 0, 0, 0, 0, 1, 0, 1, 0, 0, 0, 1, 0, 0, 2, 0, 0, 0, 0, 0, 0, 0, 1, 0, 0, 0, 0, 3, 0, 1, 3, 1, 2, 0, 0, 1, 3, 0, 0, 1, 0, 2, 0, 0, 1, 0, 3, 1, 0, 0, 0, 1, 0, 0, 2, 0, 0, 0, 1, 1, 0, 0, 2, 0, 0, 1, 0, 3, 2, 1, 1, 1, 0, 0, 1, 1, 1, 0, 1, 0, 2, 0, 1, 0, 0, 0, 2, 0, 1, 0, 0, 0, 1],922.4902335948325,56225.538460804004,129714.61644009146,false
2,G3_TWC,G4_BALANCED,[31, 22, 82, 15, 26, 9, 95, 42, 77, 12, 47, 5, 93, 78, 86, 54, 85, 63, 18, 44, 20, 35, 43, 97, 91, 76, 10, 30, 21, 45, 71, 64, 1, 23, 17, 83, 24, 41, 60, 36, 6, 57, 40, 88, 65, 56, 79, 69, 67, 68, 46, 75, 38, 58, 19, 32, 81, 48, 27, 62, 87, 90, 99, 59, 11, 16, 72, 73, 70, 89, 37, 84, 3, 14, 25, 55, 28, 66, 29, 7, 96, 50, 61, 33, 39, 74, 51, 80, 8, 53, 92, 2, 94, 4, 52, 49, 0, 34, 98, 13]|[2, 1, 0, 1, 1, 0, 1, 2, 2, 1, 2, 2, 2, 1, 1, 0, 0, 0, 0, 2, 2, 0, 1, 2, 0, 1, 2, 2, 0, 0, 1, 2, 1, 2, 1, 0, 2, 1, 1, 1, 0, 1, 2, 1, 0, 2, 1, 2, 0, 0, 0, 0, 1, 1, 2, 1, 2, 1, 0, 0, 2, 1, 0, 1, 2, 1, 2, 1, 1, 1, 0, 1, 1, 0, 1, 1, 1, 2, 1, 1, 1, 0, 1, 0, 1, 2, 0, 0, 1, 0, 0, 0, 1, 0, 2, 0, 0, 2, 0, 0]|[0, 3, 2, 2, 4, 1, 2, 2, 1, 4, 0, 1, 2, 4, 4, 1, 2, 1, 2, 1, 1, 1, 1, 2, 1, 2, 1, 1, 1, 1, 3, 2, 3, 0, 4, 0, 1, 4, 0, 3, 2, 2, 0, 0, 1, 1, 0, 2, 0, 1, 2, 2, 1, 0, 0, 3, 1, 4, 1, 2, 2, 3, 1, 2, 1, 3, 0, 4, 1, 1, 1, 1, 1, 2, 4, 4, 4, 0, 3, 1, 3, 1, 3, 2, 0, 0, 1, 1, 3, 2, 0, 2, 4, 2, 1, 1, 2, 1, 0, 2]|[0, 2, 1, 1, 3, 0, 1, 0, 0, 0, 0, 0, 1, 0, 1, 0, 0, 0, 1, 0, 0, 1, 3, 1, 0, 2, 0, 0, 0, 1, 0, 0, 0, 0, 3, 0, 1, 3, 0, 2, 1, 1, 0, 0, 0, 0, 0, 0, 1, 0, 0, 0, 1, 3, 0, 0, 0, 2, 0, 1, 0, 2, 0, 1, 0, 2, 1, 0, 3, 1, 0, 3, 1, 0, 3, 3, 1, 0, 0, 2, 2, 0, 0, 1, 1, 0, 0, 0, 2, 1, 1, 0, 2, 0, 0, 1, 0, 0, 0, 0],821.6547937044886,58123.029061532,117360.05166761237,true
2,G1_CMAX,G3_TWC,[31, 22, 82, 15, 26, 9, 95, 42, 77, 12, 47, 5, 93, 78, 86, 54, 85, 63, 18, 44, 20, 35, 43, 97, 91, 76, 10, 30, 21, 45, 71, 64, 1, 23, 17, 83, 24, 41, 75, 36, 6, 57, 40, 88, 65, 56, 79, 69, 67, 68, 46, 60, 38, 58, 19, 32, 81, 48, 27, 62, 87, 90, 99, 59, 11, 16, 72, 73, 70, 39, 37, 84, 3, 92, 25, 55, 28, 51, 29, 7, 96, 74, 61, 33, 89, 50, 66, 80, 8, 53, 14, 2, 94, 4, 52, 49, 0, 34, 98, 13]|[2, 1, 0, 1, 1, 0, 1, 2, 2, 1, 2, 2, 2, 1, 1, 0, 0, 0, 0, 2, 2, 0, 1, 2, 0, 1, 2, 2, 0, 0, 1, 2, 1, 2, 1, 0, 2, 1, 1, 1, 0, 1, 2, 1, 0, 2, 0, 0, 0, 0, 2, 0, 1, 1, 2, 1, 2, 1, 0, 0, 0, 1, 0, 1, 2, 1, 2, 1, 1, 1, 0, 1, 1, 0, 1, 1, 1, 0, 1, 1, 1, 2, 1, 0, 1, 0, 0, 0, 1, 0, 0, 0, 1, 1, 2, 0, 0, 2, 0, 0]|[0, 3, 2, 2, 4, 1, 2, 2, 1, 4, 0, 1, 2, 4, 4, 1, 2, 1, 2, 1, 1, 1, 1, 2, 1, 2, 1, 1, 1, 1, 3, 2, 3, 0, 4, 0, 1, 4, 0, 3, 2, 2, 0, 0, 1, 1, 1, 2, 0, 1, 1, 2, 1, 0, 0, 3, 1, 4, 1, 2, 0, 3, 1, 2, 1, 3, 0, 4, 1, 0, 1, 1, 1, 0, 4, 4, 4, 1, 3, 1, 3, 0, 3, 2, 1, 1, 1, 1, 3, 2, 2, 2, 4, 4, 1, 1, 2, 1, 0, 2]|[0, 2, 1, 1, 3, 0, 1, 0, 0, 0, 0, 0, 1, 0, 1, 0, 0, 0, 1, 0, 0, 1, 3, 1, 0, 2, 0, 0, 0, 1, 0, 0, 0, 0, 3, 0, 1, 3, 0, 2, 1, 1, 0, 0, 0, 0, 0, 0, 1, 0, 0, 0, 1, 3, 0, 0, 0, 2, 0, 1, 0, 2, 0, 1, 0, 2, 1, 0, 3, 1, 0, 3, 1, 1, 3, 3, 1, 0, 0, 2, 2, 0, 0, 1, 1, 0, 0, 0, 2, 1, 0, 0, 2, 0, 0, 1, 0, 0, 0, 0],865.7211465880806,57957.94803970007,112546.72601430368,true
2,G4_BALANCED,G4_BALANCED,[31, 22, 82, 15, 26, 9, 95, 42, 77, 12, 47, 5, 93, 78, 86, 54, 85, 63, 18, 44, 20, 35, 43, 97, 91, 76, 10, 30, 21, 45, 71, 64, 1, 23, 17, 83, 24, 41, 60, 36, 6, 57, 40, 88, 65, 56, 79, 69, 67, 68, 46, 75, 38, 58, 19, 32, 81, 48, 27, 62, 87, 90, 99, 59, 11, 16, 72, 73, 70, 89, 37, 84, 3, 14, 25, 55, 28, 66, 29, 7, 96, 50, 61, 33, 39, 74, 51, 80, 8, 53, 92, 2, 94, 4, 52, 49, 0, 34, 98, 13]|[2, 1, 0, 1, 1, 0, 1, 2, 2, 1, 2, 2, 2, 1, 1, 0, 0, 0, 0, 2, 2, 0, 1, 2, 0, 1, 2, 2, 0, 0, 1, 2, 1, 2, 1, 0, 2, 1, 1, 1, 0, 1, 2, 1, 0, 2, 1, 2, 0, 0, 0, 0, 1, 1, 2, 1, 2, 1, 0, 0, 2, 1, 0, 1, 2, 1, 2, 1, 1, 1, 0, 1, 1, 0, 1, 1, 1, 2, 1, 1, 1, 0, 1, 0, 1, 2, 0, 0, 1, 0, 0, 0, 1, 0, 2, 0, 0, 2, 0, 0]|[0, 3, 2, 2, 4, 1, 2, 2, 1, 4, 0, 1, 2, 4, 4, 1, 2, 1, 2, 1, 1, 1, 1, 2, 1, 2, 1, 1, 1, 1, 3, 2, 3, 0, 4, 0, 1, 4, 0, 3, 2, 2, 0, 0, 1, 1, 0, 2, 0, 1, 2, 2, 1, 0, 0, 3, 1, 4, 1, 2, 2, 3, 1, 2, 1, 3, 0, 4, 1, 1, 1, 1, 1, 2, 4, 4, 4, 0, 3, 1, 3, 1, 3, 2, 0, 0, 1, 1, 3, 2, 0, 2, 4, 2, 1, 1, 2, 1, 0, 2]|[0, 2, 1, 1, 3, 0, 1, 0, 0, 0, 0, 0, 1, 0, 1, 0, 0, 0, 1, 0, 0, 1, 3, 1, 0, 2, 0, 0, 0, 1, 0, 0, 0, 0, 3, 0, 1, 3, 0, 2, 1, 1, 0, 0, 0, 0, 0, 0, 1, 0, 0, 0, 1, 3, 0, 0, 0, 2, 0, 1, 0, 2, 0, 1, 0, 2, 1, 0, 3, 1, 0, 3, 1, 0, 3, 3, 1, 0, 0, 2, 2, 0, 0, 1, 1, 0, 0, 0, 2, 1, 1, 0, 2, 0, 0, 1, 0, 0, 0, 0],821.6547937044886,58123.029061532,117360.05166761237,false
2,G2_TEC,G2_TEC,[31, 22, 82, 15, 26, 9, 95, 42, 77, 4, 47, 5, 93, 78, 86, 54, 85, 63, 18, 44, 20, 49, 36, 14, 48, 50, 53, 17, 21, 45, 71, 64, 3, 23, 30, 83, 24, 41, 60, 52, 65, 27, 90, 70, 39, 87, 74, 69, 99, 68, 46, 1, 38, 58, 97, 59, 28, 8, 73, 37, 35, 79, 11, 66, 94, 32, 72, 13, 56, 6, 80, 61, 89, 92, 25, 34, 91, 57, 10, 7, 96, 88, 84, 19, 51, 33, 12, 98, 0, 81, 75, 40, 2, 55, 29, 16, 43, 76, 67, 62]|[0, 1, 2, 2, 1, 2, 0, 0, 1, 1, 2, 0, 2, 2, 1, 0, 0, 0, 0, 2, 2, 1, 0, 2, 2, 2, 2, 2, 0, 1, 1, 0, 0, 0, 1, 0, 2, 1, 2, 1, 0, 0, 1, 1, 0, 1, 0, 2, 1, 0, 0, 2, 2, 1, 2, 0, 2, 1, 1, 0, 2, 1, 2, 2, 2, 0, 1, 1, 2, 1, 0, 1, 1, 0, 1, 1, 1, 0, 1, 2, 0, 1, 0, 2, 0, 1, 1, 1, 0, 1, 0, 2, 2, 1, 1, 0, 2, 2, 1, 0]|[1, 3, 0, 2, 4, 1, 0, 0, 2, 4, 0, 2, 1, 0, 2, 1, 1, 1, 2, 1, 2, 3, 0, 1, 0, 1, 1, 1, 1, 0, 3, 2, 2, 0, 4, 1, 1, 4, 0, 3, 2, 1, 4, 4, 1, 0, 0, 2, 3, 1, 2, 1, 2, 0, 1, 2, 0, 3, 0, 1, 2, 3, 0, 0, 1, 0, 2, 4, 1, 4, 1, 3, 1, 1, 4, 4, 4, 0, 1, 1, 2, 4, 2, 2, 0, 4, 3, 4, 2, 1, 2, 0, 1, 4, 3, 2, 1, 1, 3, 2]|[1, 2, 0, 0, 3, 0, 0, 0, 0, 0, 0, 0, 1, 0, 1, 0, 0, 0, 1, 0, 0, 2, 0, 0, 0, 0, 0, 0, 0, 1, 0, 0, 0, 0, 3, 0, 1, 3, 1, 2, 0, 0, 1, 3, 0, 0, 1, 0, 2, 0, 0, 1, 0, 3, 1, 0, 0, 0, 1, 0, 0, 2, 0, 0, 0, 1, 1, 0, 0, 2, 0, 0, 1, 0, 3, 2, 1, 1, 1, 0, 0, 1, 1, 1, 0, 1, 0, 2, 0, 1, 0, 0, 0, 2, 0, 1, 0, 0, 0, 1],922.4902335948325,56225.538460804004,129714.61644009146,false
2,G3_TWC,G4_BALANCED,[31, 22, 82, 15, 26, 9, 95, 42, 77, 12, 47, 5, 93, 78, 86, 54, 85, 63, 18, 44, 20, 35, 43, 97, 91, 76, 10, 30, 21, 45, 71, 64, 1, 23, 17, 83, 24, 41, 60, 36, 6, 57, 40, 88, 65, 56, 79, 69, 67, 68, 46, 75, 38, 58, 19, 32, 81, 48, 27, 62, 87, 90, 99, 59, 11, 16, 72, 73, 70, 89, 37, 84, 3, 14, 25, 55, 28, 66, 29, 7, 96, 50, 61, 33, 39, 74, 51, 80, 8, 53, 92, 2, 94, 4, 52, 49, 0, 34, 98, 13]|[2, 1, 0, 1, 1, 0, 1, 2, 2, 1, 2, 2, 2, 1, 1, 0, 0, 0, 0, 2, 2, 0, 1, 2, 0, 1, 2, 2, 0, 0, 1, 2, 1, 2, 1, 0, 2, 1, 1, 1, 0, 1, 2, 1, 0, 2, 1, 2, 0, 0, 0, 0, 1, 1, 2, 1, 2, 1, 0, 0, 2, 1, 0, 1, 2, 1, 2, 1, 1, 1, 0, 1, 1, 0, 1, 1, 1, 2, 1, 1, 1, 0, 1, 0, 1, 2, 0, 0, 1, 0, 0, 0, 1, 0, 2, 0, 0, 2, 0, 0]|[0, 3, 2, 2, 4, 1, 2, 2, 1, 4, 0, 1, 2, 4, 4, 1, 2, 1, 2, 1, 1, 1, 1, 2, 1, 2, 1, 1, 1, 1, 3, 2, 3, 0, 4, 0, 1, 4, 0, 3, 2, 2, 0, 0, 1, 1, 0, 2, 0, 1, 2, 2, 1, 0, 0, 3, 1, 4, 1, 2, 2, 3, 1, 2, 1, 3, 0, 4, 1, 1, 1, 1, 1, 2, 4, 4, 4, 0, 3, 1, 3, 1, 3, 2, 0, 0, 1, 1, 3, 2, 0, 2, 4, 2, 1, 1, 2, 1, 0, 2]|[0, 2, 1, 1, 3, 0, 1, 0, 0, 0, 0, 0, 1, 0, 1, 0, 0, 0, 1, 0, 0, 1, 3, 1, 0, 2, 0, 0, 0, 1, 0, 0, 0, 0, 3, 0, 1, 3, 0, 2, 1, 1, 0, 0, 0, 0, 0, 0, 1, 0, 0, 0, 1, 3, 0, 0, 0, 2, 0, 1, 0, 2, 0, 1, 0, 2, 1, 0, 3, 1, 0, 3, 1, 0, 3, 3, 1, 0, 0, 2, 2, 0, 0, 1, 1, 0, 0, 0, 2, 1, 1, 0, 2, 0, 0, 1, 0, 0, 0, 0],821.6547937044886,58123.029061532,117360.05166761237,true
2,G1_CMAX,G4_BALANCED,[31, 22, 82, 15, 26, 9, 95, 42, 77, 12, 47, 5, 93, 78, 86, 54, 85, 63, 18, 44, 20, 35, 43, 97, 91, 76, 10, 30, 21, 45, 71, 64, 1, 23, 17, 83, 24, 41, 60, 36, 6, 57, 40, 88, 65, 56, 79, 69, 67, 19, 46, 75, 38, 58, 68, 32, 81, 48, 27, 94, 87, 90, 99, 59, 11, 28, 72, 73, 61, 39, 37, 84, 3, 92, 25, 55, 16, 51, 29, 7, 96, 74, 70, 33, 89, 50, 66, 80, 8, 53, 14, 2, 62, 4, 52, 49, 0, 34, 98, 13]|[2, 1, 0, 1, 1, 0, 1, 2, 2, 1, 2, 2, 2, 1, 1, 0, 0, 0, 0, 2, 2, 0, 1, 2, 0, 1, 2, 2, 0, 0, 1, 2, 1, 2, 1, 0, 2, 1, 1, 1, 0, 1, 2, 1, 0, 2, 1, 2, 0, 2, 0, 0, 1, 1, 0, 1, 2, 1, 0, 1, 2, 1, 0, 1, 2, 1, 2, 1, 1, 1, 0, 1, 1, 0, 1, 1, 1, 0, 1, 1, 1, 2, 1, 2, 1, 0, 2, 0, 1, 0, 0, 0, 0, 1, 2, 0, 0, 2, 0, 0]|[0, 3, 2, 2, 4, 1, 2, 2, 1, 4, 0, 1, 2, 4, 4, 1, 2, 1, 2, 1, 1, 1, 1, 2, 1, 2, 1, 1, 1, 1, 3, 2, 3, 0, 4, 0, 1, 4, 0, 3, 2, 2, 0, 0, 1, 1, 0, 2, 0, 0, 2, 2, 1, 0, 1, 3, 1, 4, 1, 4, 2, 3, 1, 2, 1, 4, 0, 4, 3, 0, 1, 1, 1, 0, 4, 4, 4, 1, 3, 1, 3, 0, 1, 2, 1, 1, 0, 1, 3, 2, 2, 2, 2, 4, 1, 1, 2, 1, 1, 2]|[0, 2, 1, 1, 3, 0, 1, 0, 0, 0, 0, 0, 1, 0, 1, 0, 0, 0, 1, 0, 0, 1, 3, 1, 0, 2, 0, 0, 0, 1, 0, 0, 0, 0, 3, 0, 1, 3, 0, 2, 1, 1, 0, 0, 0, 0, 0, 0, 1, 0, 0, 0, 1, 3, 0, 0, 0, 2, 0, 2, 0, 2, 0, 1, 0, 1, 1, 0, 0, 1, 0, 3, 1, 1, 3, 3, 1, 0, 0, 2, 2, 0, 3, 0, 1, 0, 0, 0, 2, 1, 0, 0, 1, 0, 0, 1, 0, 0, 0, 0],836.6690363245341,57730.96965824721,116914.55600926722,true
2,G4_BALANCED,G4_BALANCED,[31, 22, 82, 15, 26, 9, 95, 42, 77, 12, 47, 5, 93, 78, 86, 54, 85, 63, 18, 44, 20, 35, 43, 97, 91, 76, 10, 30, 21, 45, 71, 64, 1, 23, 17, 83, 24, 41, 60, 36, 6, 57, 40, 88, 65, 56, 79, 69, 66, 67, 37, 87, 38, 58, 19, 32, 81, 48, 27, 94, 75, 90, 99, 59, 11, 16, 72, 73, 70, 39, 46, 84, 3, 14, 25, 55, 28, 51, 29, 7, 96, 50, 61, 33, 89, 74, 68, 80, 8, 53, 92, 2, 62, 4, 52, 49, 0, 34, 98, 13]|[2, 1, 0, 1, 1, 0, 1, 2, 2, 1, 2, 2, 2, 1, 1, 0, 0, 0, 0, 2, 2, 0, 1, 2, 0, 1, 2, 2, 0, 0, 1, 2, 1, 2, 1, 0, 2, 1, 1, 1, 0, 1, 1, 1, 0, 2, 1, 2, 2, 0, 0, 2, 1, 1, 2, 1, 2, 1, 0, 1, 0, 1, 0, 1, 2, 1, 2, 1, 1, 1, 0, 1, 1, 0, 1, 1, 1, 0, 1, 1, 1, 0, 1, 2, 1, 2, 0, 0, 1, 0, 0, 0, 0, 0, 2, 0, 0, 2, 0, 0]|[0, 3, 2, 2, 4, 1, 2, 2, 1, 4, 0, 1, 2, 4, 4, 1, 2, 1, 2, 1, 1, 1, 1, 2, 1, 2, 1, 1, 1, 1, 3, 2, 3, 0, 4, 0, 1, 4, 0, 3, 2, 2, 2, 0, 1, 1, 0, 2, 0, 0, 1, 2, 1, 0, 0, 3, 2, 4, 1, 4, 2, 3, 1, 2, 1, 3, 0, 4, 1, 0, 2, 1, 1, 2, 4, 4, 4, 1, 3, 1, 3, 1, 3, 2, 1, 0, 1, 1, 3, 2, 0, 2, 2, 2, 1, 1, 2, 1, 1, 2]|[0, 2, 1, 1, 3, 0, 1, 0, 0, 0, 0, 0, 1, 0, 1, 0, 0, 0, 1, 0, 0, 1, 3, 1, 0, 2, 0, 0, 0, 1, 0, 0, 0, 0, 3, 0, 1, 3, 0, 2, 1, 1, 1, 0, 0, 0, 0, 0, 0, 1, 0, 0, 1, 3, 0, 0, 1, 2, 0, 2, 0, 2, 0, 1, 0, 2, 1, 0, 3, 1, 0, 3, 1, 0, 3, 3, 1, 0, 0, 2, 2, 0, 0, 0, 1, 0, 0, 0, 2, 1, 1, 0, 1, 0, 0, 1, 0, 0, 0, 0],825.2390663037945,58008.51036436332,113289.14809759372,false
2,G2_TEC,G2_TEC,[31, 22, 82, 15, 26, 9, 95, 42, 77, 4, 47, 5, 93, 78, 86, 54, 85, 63, 18, 44, 20, 49, 36, 14, 48, 50, 53, 17, 21, 45, 71, 64, 3, 23, 30, 83, 24, 41, 60, 52, 65, 27, 90, 70, 39, 87, 74, 69, 99, 68, 46, 1, 38, 58, 97, 59, 28, 8, 73, 37, 35, 79, 11, 66, 94, 32, 72, 13, 56, 6, 80, 61, 89, 92, 25, 34, 91, 57, 10, 7, 96, 88, 84, 19, 51, 33, 12, 98, 0, 81, 75, 40, 2, 55, 29, 16, 43, 76, 67, 62]|[0, 1, 2, 2, 1, 2, 0, 0, 1, 1, 2, 0, 2, 2, 1, 0, 0, 0, 0, 2, 2, 1, 0, 2, 2, 2, 2, 2, 0, 1, 1, 0, 0, 0, 1, 0, 2, 1, 2, 1, 0, 0, 1, 1, 0, 1, 0, 2, 1, 0, 0, 2, 2, 1, 2, 0, 2, 1, 1, 0, 2, 1, 2, 2, 2, 0, 1, 1, 2, 1, 0, 1, 1, 0, 1, 1, 1, 0, 1, 2, 0, 1, 0, 2, 0, 1, 1, 1, 0, 1, 0, 2, 2, 1, 1, 0, 2, 2, 1, 0]|[1, 3, 0, 2, 4, 1, 0, 0, 2, 4, 0, 2, 1, 0, 2, 1, 1, 1, 2, 1, 2, 3, 0, 1, 0, 1, 1, 1, 1, 0, 3, 2, 2, 0, 4, 1, 1, 4, 0, 3, 2, 1, 4, 4, 1, 0, 0, 2, 3, 1, 2, 1, 2, 0, 1, 2, 0, 3, 0, 1, 2, 3, 0, 0, 1, 0, 2, 4, 1, 4, 1, 3, 1, 1, 4, 4, 4, 0, 1, 1, 2, 4, 2, 2, 0, 4, 3, 4, 2, 1, 2, 0, 1, 4, 3, 2, 1, 1, 3, 2]|[1, 2, 0, 0, 3, 0, 0, 0, 0, 0, 0, 0, 1, 0, 1, 0, 0, 0, 1, 0, 0, 2, 0, 0, 0, 0, 0, 0, 0, 1, 0, 0, 0, 0, 3, 0, 1, 3, 1, 2, 0, 0, 1, 3, 0, 0, 1, 0, 2, 0, 0, 1, 0, 3, 1, 0, 0, 0, 1, 0, 0, 2, 0, 0, 0, 1, 1, 0, 0, 2, 0, 0, 1, 0, 3, 2, 1, 1, 1, 0, 0, 1, 1, 1, 0, 1, 0, 2, 0, 1, 0, 0, 0, 2, 0, 1, 0, 0, 0, 1],922.4902335948325,56225.538460804004,129714.61644009146,false
2,G3_TWC,G4_BALANCED,[31, 22, 82, 15, 26, 9, 95, 42, 77, 12, 47, 5, 93, 78, 86, 54, 85, 63, 18, 44, 20, 35, 43, 97, 91, 76, 10, 30, 21, 45, 71, 64, 1, 23, 17, 83, 24, 41, 60, 36, 6, 57, 40, 88, 65, 56, 79, 69, 67, 68, 46, 75, 38, 58, 19, 32, 81, 48, 27, 62, 87, 90, 99, 59, 11, 16, 72, 73, 70, 89, 37, 84, 3, 14, 25, 55, 28, 66, 29, 7, 96, 50, 61, 33, 39, 74, 51, 80, 8, 53, 92, 2, 94, 4, 52, 49, 0, 34, 98, 13]|[2, 1, 0, 1, 1, 0, 1, 2, 2, 1, 2, 2, 2, 1, 1, 0, 0, 0, 0, 2, 2, 0, 1, 2, 0, 1, 2, 2, 0, 0, 1, 2, 1, 2, 1, 0, 2, 1, 1, 1, 0, 1, 2, 1, 0, 2, 1, 2, 0, 0, 0, 0, 1, 1, 2, 1, 2, 1, 0, 0, 2, 1, 0, 1, 2, 1, 2, 1, 1, 1, 0, 1, 1, 0, 1, 1, 1, 2, 1, 1, 1, 0, 1, 0, 1, 2, 0, 0, 1, 0, 0, 0, 1, 0, 2, 0, 0, 2, 0, 0]|[0, 3, 2, 2, 4, 1, 2, 2, 1, 4, 0, 1, 2, 4, 4, 1, 2, 1, 2, 1, 1, 1, 1, 2, 1, 2, 1, 1, 1, 1, 3, 2, 3, 0, 4, 0, 1, 4, 0, 3, 2, 2, 0, 0, 1, 1, 0, 2, 0, 1, 2, 2, 1, 0, 0, 3, 1, 4, 1, 2, 2, 3, 1, 2, 1, 3, 0, 4, 1, 1, 1, 1, 1, 2, 4, 4, 4, 0, 3, 1, 3, 1, 3, 2, 0, 0, 1, 1, 3, 2, 0, 2, 4, 2, 1, 1, 2, 1, 0, 2]|[0, 2, 1, 1, 3, 0, 1, 0, 0, 0, 0, 0, 1, 0, 1, 0, 0, 0, 1, 0, 0, 1, 3, 1, 0, 2, 0, 0, 0, 1, 0, 0, 0, 0, 3, 0, 1, 3, 0, 2, 1, 1, 0, 0, 0, 0, 0, 0, 1, 0, 0, 0, 1, 3, 0, 0, 0, 2, 0, 1, 0, 2, 0, 1, 0, 2, 1, 0, 3, 1, 0, 3, 1, 0, 3, 3, 1, 0, 0, 2, 2, 0, 0, 1, 1, 0, 0, 0, 2, 1, 1, 0, 2, 0, 0, 1, 0, 0, 0, 0],821.6547937044886,58123.029061532,117360.05166761237,true
2,G1_CMAX,G4_BALANCED,[31, 22, 82, 15, 26, 9, 95, 42, 77, 12, 47, 5, 93, 78, 86, 54, 85, 63, 18, 44, 20, 35, 43, 97, 91, 76, 10, 30, 21, 45, 71, 64, 1, 23, 17, 83, 24, 41, 60, 36, 6, 57, 40, 88, 65, 56, 79, 69, 67, 19, 46, 75, 38, 58, 68, 32, 81, 48, 27, 94, 87, 90, 99, 59, 11, 28, 72, 73, 61, 39, 37, 84, 3, 92, 25, 55, 16, 51, 29, 7, 96, 74, 70, 33, 89, 50, 66, 80, 8, 53, 14, 2, 62, 4, 52, 49, 0, 34, 98, 13]|[2, 1, 0, 1, 1, 0, 1, 2, 2, 1, 2, 2, 2, 1, 1, 0, 0, 0, 0, 2, 2, 0, 1, 2, 0, 1, 2, 2, 0, 0, 1, 2, 1, 2, 1, 0, 2, 1, 1, 1, 0, 1, 2, 1, 0, 2, 1, 2, 0, 2, 0, 0, 1, 1, 0, 1, 2, 1, 0, 1, 2, 1, 0, 1, 2, 1, 2, 1, 1, 1, 0, 1, 1, 0, 1, 1, 1, 0, 1, 1, 1, 2, 1, 2, 1, 0, 2, 0, 1, 0, 0, 0, 0, 1, 2, 0, 0, 2, 0, 0]|[0, 3, 2, 2, 4, 1, 2, 2, 1, 4, 0, 1, 2, 4, 4, 1, 2, 1, 2, 1, 1, 1, 1, 2, 1, 2, 1, 1, 1, 1, 3, 2, 3, 0, 4, 0, 1, 4, 0, 3, 2, 2, 0, 0, 1, 1, 0, 2, 0, 0, 2, 2, 1, 0, 1, 3, 1, 4, 1, 4, 2, 3, 1, 2, 1, 4, 0, 4, 3, 0, 1, 1, 1, 0, 4, 4, 4, 1, 3, 1, 3, 0, 1, 2, 1, 1, 0, 1, 3, 2, 2, 2, 2, 4, 1, 1, 2, 1, 1, 2]|[0, 2, 1, 1, 3, 0, 1, 0, 0, 0, 0, 0, 1, 0, 1, 0, 0, 0, 1, 0, 0, 1, 3, 1, 0, 2, 0, 0, 0, 1, 0, 0, 0, 0, 3, 0, 1, 3, 0, 2, 1, 1, 0, 0, 0, 0, 0, 0, 1, 0, 0, 0, 1, 3, 0, 0, 0, 2, 0, 2, 0, 2, 0, 1, 0, 1, 1, 0, 0, 1, 0, 3, 1, 1, 3, 3, 1, 0, 0, 2, 2, 0, 3, 0, 1, 0, 0, 0, 2, 1, 0, 0, 1, 0, 0, 1, 0, 0, 0, 0],836.6690363245341,57730.96965824721,116914.55600926722,true
2,G4_BALANCED,G4_BALANCED,[31, 22, 82, 15, 26, 9, 95, 42, 77, 12, 47, 5, 93, 78, 86, 54, 85, 63, 18, 44, 20, 35, 43, 97, 91, 76, 10, 30, 21, 45, 71, 64, 1, 23, 17, 83, 24, 41, 60, 36, 6, 57, 40, 88, 65, 56, 79, 69, 66, 67, 37, 87, 38, 58, 19, 32, 81, 48, 27, 94, 75, 90, 99, 59, 11, 16, 72, 73, 70, 39, 46, 84, 3, 14, 25, 55, 28, 51, 29, 7, 96, 50, 61, 33, 89, 74, 68, 80, 8, 53, 92, 2, 62, 4, 52, 49, 0, 34, 98, 13]|[2, 1, 0, 1, 1, 0, 1, 2, 2, 1, 2, 2, 2, 1, 1, 0, 0, 0, 0, 2, 2, 0, 1, 2, 0, 1, 2, 2, 0, 0, 1, 2, 1, 2, 1, 0, 2, 1, 1, 1, 0, 1, 1, 1, 0, 2, 1, 2, 2, 0, 0, 2, 1, 1, 2, 1, 2, 1, 0, 1, 0, 1, 0, 1, 2, 1, 2, 1, 1, 1, 0, 1, 1, 0, 1, 1, 1, 0, 1, 1, 1, 0, 1, 2, 1, 2, 0, 0, 1, 0, 0, 0, 0, 0, 2, 0, 0, 2, 0, 0]|[0, 3, 2, 2, 4, 1, 2, 2, 1, 4, 0, 1, 2, 4, 4, 1, 2, 1, 2, 1, 1, 1, 1, 2, 1, 2, 1, 1, 1, 1, 3, 2, 3, 0, 4, 0, 1, 4, 0, 3, 2, 2, 2, 0, 1, 1, 0, 2, 0, 0, 1, 2, 1, 0, 0, 3, 2, 4, 1, 4, 2, 3, 1, 2, 1, 3, 0, 4, 1, 0, 2, 1, 1, 2, 4, 4, 4, 1, 3, 1, 3, 1, 3, 2, 1, 0, 1, 1, 3, 2, 0, 2, 2, 2, 1, 1, 2, 1, 1, 2]|[0, 2, 1, 1, 3, 0, 1, 0, 0, 0, 0, 0, 1, 0, 1, 0, 0, 0, 1, 0, 0, 1, 3, 1, 0, 2, 0, 0, 0, 1, 0, 0, 0, 0, 3, 0, 1, 3, 0, 2, 1, 1, 1, 0, 0, 0, 0, 0, 0, 1, 0, 0, 1, 3, 0, 0, 1, 2, 0, 2, 0, 2, 0, 1, 0, 2, 1, 0, 3, 1, 0, 3, 1, 0, 3, 3, 1, 0, 0, 2, 2, 0, 0, 0, 1, 0, 0, 0, 2, 1, 1, 0, 1, 0, 0, 1, 0, 0, 0, 0],825.2390663037945,58008.51036436332,113289.14809759372,false
2,G2_TEC,G2_TEC,[31, 22, 82, 15, 26, 9, 95, 42, 77, 4, 47, 5, 93, 78, 86, 54, 85, 63, 18, 44, 20, 49, 36, 14, 48, 50, 53, 17, 21, 45, 71, 64, 3, 23, 30, 83, 24, 41, 60, 52, 65, 27, 90, 70, 39, 87, 74, 69, 99, 68, 46, 1, 38, 58, 97, 59, 28, 8, 73, 37, 35, 79, 11, 66, 94, 32, 72, 13, 56, 6, 80, 61, 89, 92, 25, 34, 91, 57, 10, 7, 96, 88, 84, 19, 51, 33, 12, 98, 0, 81, 75, 40, 2, 55, 29, 16, 43, 76, 67, 62]|[0, 1, 2, 2, 1, 2, 0, 0, 1, 1, 2, 0, 2, 2, 1, 0, 0, 0, 0, 2, 2, 1, 0, 2, 2, 2, 2, 2, 0, 1, 1, 0, 0, 0, 1, 0, 2, 1, 2, 1, 0, 0, 1, 1, 0, 1, 0, 2, 1, 0, 0, 2, 2, 1, 2, 0, 2, 1, 1, 0, 2, 1, 2, 2, 2, 0, 1, 1, 2, 1, 0, 1, 1, 0, 1, 1, 1, 0, 1, 2, 0, 1, 0, 2, 0, 1, 1, 1, 0, 1, 0, 2, 2, 1, 1, 0, 2, 2, 1, 0]|[1, 3, 0, 2, 4, 1, 0, 0, 2, 4, 0, 2, 1, 0, 2, 1, 1, 1, 2, 1, 2, 3, 0, 1, 0, 1, 1, 1, 1, 0, 3, 2, 2, 0, 4, 1, 1, 4, 0, 3, 2, 1, 4, 4, 1, 0, 0, 2, 3, 1, 2, 1, 2, 0, 1, 2, 0, 3, 0, 1, 2, 3, 0, 0, 1, 0, 2, 4, 1, 4, 1, 3, 1, 1, 4, 4, 4, 0, 1, 1, 2, 4, 2, 2, 0, 4, 3, 4, 2, 1, 2, 0, 1, 4, 3, 2, 1, 1, 3, 2]|[1, 2, 0, 0, 3, 0, 0, 0, 0, 0, 0, 0, 1, 0, 1, 0, 0, 0, 1, 0, 0, 2, 0, 0, 0, 0, 0, 0, 0, 1, 0, 0, 0, 0, 3, 0, 1, 3, 1, 2, 0, 0, 1, 3, 0, 0, 1, 0, 2, 0, 0, 1, 0, 3, 1, 0, 0, 0, 1, 0, 0, 2, 0, 0, 0, 1, 1, 0, 0, 2, 0, 0, 1, 0, 3, 2, 1, 1, 1, 0, 0, 1, 1, 1, 0, 1, 0, 2, 0, 1, 0, 0, 0, 2, 0, 1, 0, 0, 0, 1],922.4902335948325,56225.538460804004,129714.61644009146,false
2,G3_TWC,G4_BALANCED,[31, 22, 82, 15, 26, 9, 95, 42, 77, 12, 47, 5, 93, 78, 86, 54, 85, 63, 18, 44, 20, 35, 43, 97, 91, 76, 10, 30, 21, 45, 71, 64, 1, 23, 17, 83, 24, 41, 60, 36, 6, 57, 40, 88, 65, 56, 79, 69, 67, 68, 46, 75, 38, 58, 19, 32, 81, 48, 27, 62, 87, 90, 99, 59, 11, 16, 72, 73, 70, 89, 37, 84, 3, 14, 25, 55, 28, 66, 29, 7, 96, 50, 61, 33, 39, 74, 51, 80, 8, 53, 92, 2, 94, 4, 52, 49, 0, 34, 98, 13]|[2, 1, 0, 1, 1, 0, 1, 2, 2, 1, 2, 2, 2, 1, 1, 0, 0, 0, 0, 2, 2, 0, 1, 2, 0, 1, 2, 2, 0, 0, 1, 2, 1, 2, 1, 0, 2, 1, 1, 1, 0, 1, 2, 1, 0, 2, 1, 2, 0, 0, 0, 0, 1, 1, 2, 1, 2, 1, 0, 0, 2, 1, 0, 1, 2, 1, 2, 1, 1, 1, 0, 1, 1, 0, 1, 1, 1, 2, 1, 1, 1, 0, 1, 0, 1, 2, 0, 0, 1, 0, 0, 0, 1, 0, 2, 0, 0, 2, 0, 0]|[0, 3, 2, 2, 4, 1, 2, 2, 1, 4, 0, 1, 2, 4, 4, 1, 2, 1, 2, 1, 1, 1, 1, 2, 1, 2, 1, 1, 1, 1, 3, 2, 3, 0, 4, 0, 1, 4, 0, 3, 2, 2, 0, 0, 1, 1, 0, 2, 0, 1, 2, 2, 1, 0, 0, 3, 1, 4, 1, 2, 2, 3, 1, 2, 1, 3, 0, 4, 1, 1, 1, 1, 1, 2, 4, 4, 4, 0, 3, 1, 3, 1, 3, 2, 0, 0, 1, 1, 3, 2, 0, 2, 4, 2, 1, 1, 2, 1, 0, 2]|[0, 2, 1, 1, 3, 0, 1, 0, 0, 0, 0, 0, 1, 0, 1, 0, 0, 0, 1, 0, 0, 1, 3, 1, 0, 2, 0, 0, 0, 1, 0, 0, 0, 0, 3, 0, 1, 3, 0, 2, 1, 1, 0, 0, 0, 0, 0, 0, 1, 0, 0, 0, 1, 3, 0, 0, 0, 2, 0, 1, 0, 2, 0, 1, 0, 2, 1, 0, 3, 1, 0, 3, 1, 0, 3, 3, 1, 0, 0, 2, 2, 0, 0, 1, 1, 0, 0, 0, 2, 1, 1, 0, 2, 0, 0, 1, 0, 0, 0, 0],821.6547937044886,58123.029061532,117360.05166761237,true
2,G1_CMAX,G2_TEC,[31, 22, 82, 15, 26, 9, 95, 42, 77, 4, 47, 5, 93, 78, 86, 54, 85, 63, 18, 44, 20, 49, 36, 14, 48, 50, 53, 17, 21, 45, 71, 64, 3, 23, 30, 83, 24, 41, 60, 52, 65, 27, 90, 70, 39, 87, 74, 69, 99, 68, 46, 1, 38, 58, 97, 59, 28, 8, 57, 94, 56, 40, 67, 32, 11, 16, 72, 73, 61, 6, 37, 84, 75, 92, 19, 55, 81, 51, 29, 7, 96, 79, 88, 33, 89, 76, 66, 80, 91, 10, 25, 2, 62, 12, 43, 35, 0, 34, 98, 13]|[2, 1, 0, 1, 1, 0, 0, 0, 2, 1, 2, 0, 2, 2, 1, 0, 0, 0, 0, 2, 2, 1, 0, 2, 2, 1, 2, 2, 0, 0, 1, 2, 1, 2, 1, 0, 0, 1, 1, 1, 0, 1, 1, 1, 0, 1, 0, 2, 1, 0, 0, 0, 2, 1, 0, 0, 2, 1, 0, 2, 2, 1, 1, 1, 2, 1, 2, 1, 1, 1, 0, 0, 1, 0, 2, 1, 1, 0, 1, 1, 1, 2, 1, 2, 1, 2, 2, 0, 1, 1, 1, 2, 0, 0, 2, 1, 0, 2, 0, 0]|[0, 3, 2, 2, 4, 1, 0, 0, 1, 4, 0, 2, 2, 0, 4, 1, 1, 1, 2, 1, 1, 3, 0, 1, 0, 2, 1, 1, 1, 1, 3, 2, 3, 0, 4, 0, 1, 4, 0, 3, 2, 2, 4, 4, 1, 0, 0, 2, 3, 1, 2, 2, 2, 0, 1, 2, 0, 4, 1, 1, 1, 3, 3, 2, 1, 3, 0, 4, 3, 0, 1, 2, 1, 0, 0, 4, 1, 1, 3, 1, 3, 0, 4, 2, 1, 1, 0, 1, 4, 1, 4, 1, 2, 2, 1, 1, 2, 1, 1, 2]|[0, 2, 1, 1, 3, 0, 0, 0, 0, 0, 0, 0, 1, 0, 1, 0, 0, 0, 1, 0, 0, 2, 0, 0, 0, 2, 0, 0, 0, 1, 0, 0, 0, 0, 3, 0, 0, 3, 0, 2, 1, 1, 1, 3, 0, 0, 1, 0, 2, 0, 0, 0, 0, 3, 0, 0, 0, 2, 0, 0, 0, 2, 0, 1, 0, 2, 1, 0, 0, 1, 0, 1, 1, 1, 0, 3, 1, 0, 0, 2, 2, 0, 1, 0, 1, 0, 0, 0, 1, 1, 3, 0, 1, 0, 0, 2, 0, 0, 0, 0],857.4597937008236,57085.385850795676,130777.67402095848,true
2,G4_BALANCED,G4_BALANCED,[31, 22, 82, 15, 26, 9, 95, 42, 77, 12, 47, 5, 93, 78, 86, 54, 85, 63, 18, 44, 20, 35, 43, 97, 91, 76, 10, 30, 21, 45, 71, 64, 1, 23, 17, 83, 24, 41, 60, 36, 6, 57, 40, 88, 65, 56, 79, 69, 66, 67, 37, 87, 38, 58, 19, 32, 81, 48, 27, 94, 75, 90, 99, 59, 11, 16, 72, 73, 70, 39, 46, 84, 3, 14, 25, 55, 28, 51, 29, 7, 96, 50, 61, 33, 89, 74, 68, 80, 8, 53, 92, 2, 62, 4, 52, 49, 0, 34, 98, 13]|[2, 1, 0, 1, 1, 0, 1, 2, 2, 1, 2, 2, 2, 1, 1, 0, 0, 0, 0, 2, 2, 0, 1, 2, 0, 1, 2, 2, 0, 0, 1, 2, 1, 2, 1, 0, 2, 1, 1, 1, 0, 1, 1, 1, 0, 2, 1, 2, 2, 0, 0, 2, 1, 1, 2, 1, 2, 1, 0, 1, 0, 1, 0, 1, 2, 1, 2, 1, 1, 1, 0, 1, 1, 0, 1, 1, 1, 0, 1, 1, 1, 0, 1, 2, 1, 2, 0, 0, 1, 0, 0, 0, 0, 0, 2, 0, 0, 2, 0, 0]|[0, 3, 2, 2, 4, 1, 2, 2, 1, 4, 0, 1, 2, 4, 4, 1, 2, 1, 2, 1, 1, 1, 1, 2, 1, 2, 1, 1, 1, 1, 3, 2, 3, 0, 4, 0, 1, 4, 0, 3, 2, 2, 2, 0, 1, 1, 0, 2, 0, 0, 1, 2, 1, 0, 0, 3, 2, 4, 1, 4, 2, 3, 1, 2, 1, 3, 0, 4, 1, 0, 2, 1, 1, 2, 4, 4, 4, 1, 3, 1, 3, 1, 3, 2, 1, 0, 1, 1, 3, 2, 0, 2, 2, 2, 1, 1, 2, 1, 1, 2]|[0, 2, 1, 1, 3, 0, 1, 0, 0, 0, 0, 0, 1, 0, 1, 0, 0, 0, 1, 0, 0, 1, 3, 1, 0, 2, 0, 0, 0, 1, 0, 0, 0, 0, 3, 0, 1, 3, 0, 2, 1, 1, 1, 0, 0, 0, 0, 0, 0, 1, 0, 0, 1, 3, 0, 0, 1, 2, 0, 2, 0, 2, 0, 1, 0, 2, 1, 0, 3, 1, 0, 3, 1, 0, 3, 3, 1, 0, 0, 2, 2, 0, 0, 0, 1, 0, 0, 0, 2, 1, 1, 0, 1, 0, 0, 1, 0, 0, 0, 0],825.2390663037945,58008.51036436332,113289.14809759372,false
2,G2_TEC,G2_TEC,[31, 22, 82, 15, 26, 9, 95, 42, 77, 4, 47, 5, 93, 78, 86, 54, 85, 63, 18, 44, 20, 49, 36, 14, 48, 50, 53, 17, 21, 45, 71, 64, 3, 23, 30, 83, 24, 41, 60, 52, 65, 27, 90, 70, 39, 87, 74, 69, 99, 68, 46, 1, 38, 58, 97, 59, 28, 8, 73, 37, 35, 79, 11, 66, 94, 32, 72, 13, 56, 6, 80, 61, 89, 92, 25, 34, 91, 57, 10, 7, 96, 88, 84, 19, 51, 33, 12, 98, 0, 81, 75, 40, 2, 55, 29, 16, 43, 76, 67, 62]|[0, 1, 2, 2, 1, 2, 0, 0, 1, 1, 2, 0, 2, 2, 1, 0, 0, 0, 0, 2, 2, 1, 0, 2, 2, 2, 2, 2, 0, 1, 1, 0, 0, 0, 1, 0, 2, 1, 2, 1, 0, 0, 1, 1, 0, 1, 0, 2, 1, 0, 0, 2, 2, 1, 2, 0, 2, 1, 1, 0, 2, 1, 2, 2, 2, 0, 1, 1, 2, 1, 0, 1, 1, 0, 1, 1, 1, 0, 1, 2, 0, 1, 0, 2, 0, 1, 1, 1, 0, 1, 0, 2, 2, 1, 1, 0, 2, 2, 1, 0]|[1, 3, 0, 2, 4, 1, 0, 0, 2, 4, 0, 2, 1, 0, 2, 1, 1, 1, 2, 1, 2, 3, 0, 1, 0, 1, 1, 1, 1, 0, 3, 2, 2, 0, 4, 1, 1, 4, 0, 3, 2, 1, 4, 4, 1, 0, 0, 2, 3, 1, 2, 1, 2, 0, 1, 2, 0, 3, 0, 1, 2, 3, 0, 0, 1, 0, 2, 4, 1, 4, 1, 3, 1, 1, 4, 4, 4, 0, 1, 1, 2, 4, 2, 2, 0, 4, 3, 4, 2, 1, 2, 0, 1, 4, 3, 2, 1, 1, 3, 2]|[1, 2, 0, 0, 3, 0, 0, 0, 0, 0, 0, 0, 1, 0, 1, 0, 0, 0, 1, 0, 0, 2, 0, 0, 0, 0, 0, 0, 0, 1, 0, 0, 0, 0, 3, 0, 1, 3, 1, 2, 0, 0, 1, 3, 0, 0, 1, 0, 2, 0, 0, 1, 0, 3, 1, 0, 0, 0, 1, 0, 0, 2, 0, 0, 0, 1, 1, 0, 0, 2, 0, 0, 1, 0, 3, 2, 1, 1, 1, 0, 0, 1, 1, 1, 0, 1, 0, 2, 0, 1, 0, 0, 0, 2, 0, 1, 0, 0, 0, 1],922.4902335948325,56225.538460804004,129714.61644009146,false
2,G3_TWC,G4_BALANCED,[31, 22, 82, 15, 26, 9, 95, 42, 77, 12, 47, 5, 93, 78, 86, 54, 85, 63, 18, 44, 20, 35, 43, 97, 91, 76, 10, 30, 21, 45, 71, 64, 1, 23, 17, 83, 24, 41, 60, 36, 6, 57, 40, 88, 65, 56, 79, 69, 67, 68, 46, 75, 38, 58, 19, 32, 81, 48, 27, 62, 87, 90, 99, 59, 11, 16, 72, 73, 70, 89, 37, 84, 3, 14, 25, 55, 28, 66, 29, 7, 96, 50, 61, 33, 39, 74, 51, 80, 8, 53, 92, 2, 94, 4, 52, 49, 0, 34, 98, 13]|[2, 1, 0, 1, 1, 0, 1, 2, 2, 1, 2, 2, 2, 1, 1, 0, 0, 0, 0, 2, 2, 0, 1, 2, 0, 1, 2, 2, 0, 0, 1, 2, 1, 2, 1, 0, 2, 1, 1, 1, 0, 1, 2, 1, 0, 2, 1, 2, 0, 0, 0, 0, 1, 1, 2, 1, 2, 1, 0, 0, 2, 1, 0, 1, 2, 1, 2, 1, 1, 1, 0, 1, 1, 0, 1, 1, 1, 2, 1, 1, 1, 0, 1, 0, 1, 2, 0, 0, 1, 0, 0, 0, 1, 0, 2, 0, 0, 2, 0, 0]|[0, 3, 2, 2, 4, 1, 2, 2, 1, 4, 0, 1, 2, 4, 4, 1, 2, 1, 2, 1, 1, 1, 1, 2, 1, 2, 1, 1, 1, 1, 3, 2, 3, 0, 4, 0, 1, 4, 0, 3, 2, 2, 0, 0, 1, 1, 0, 2, 0, 1, 2, 2, 1, 0, 0, 3, 1, 4, 1, 2, 2, 3, 1, 2, 1, 3, 0, 4, 1, 1, 1, 1, 1, 2, 4, 4, 4, 0, 3, 1, 3, 1, 3, 2, 0, 0, 1, 1, 3, 2, 0, 2, 4, 2, 1, 1, 2, 1, 0, 2]|[0, 2, 1, 1, 3, 0, 1, 0, 0, 0, 0, 0, 1, 0, 1, 0, 0, 0, 1, 0, 0, 1, 3, 1, 0, 2, 0, 0, 0, 1, 0, 0, 0, 0, 3, 0, 1, 3, 0, 2, 1, 1, 0, 0, 0, 0, 0, 0, 1, 0, 0, 0, 1, 3, 0, 0, 0, 2, 0, 1, 0, 2, 0, 1, 0, 2, 1, 0, 3, 1, 0, 3, 1, 0, 3, 3, 1, 0, 0, 2, 2, 0, 0, 1, 1, 0, 0, 0, 2, 1, 1, 0, 2, 0, 0, 1, 0, 0, 0, 0],821.6547937044886,58123.029061532,117360.05166761237,true
2,G1_CMAX,G3_TWC,[31, 22, 82, 15, 26, 9, 95, 42, 75, 12, 47, 5, 93, 78, 86, 54, 83, 63, 18, 44, 20, 35, 43, 97, 91, 76, 10, 30, 21, 45, 71, 64, 1, 23, 17, 85, 24, 41, 60, 36, 6, 57, 40, 88, 65, 56, 79, 69, 67, 19, 46, 77, 38, 58, 68, 32, 81, 48, 27, 94, 87, 90, 99, 59, 11, 28, 72, 73, 61, 39, 37, 84, 3, 92, 25, 55, 16, 51, 29, 7, 96, 74, 70, 33, 89, 50, 66, 80, 8, 53, 14, 2, 62, 4, 52, 49, 0, 34, 98, 13]|[2, 1, 0, 1, 1, 0, 1, 2, 2, 1, 2, 2, 2, 1, 1, 0, 0, 0, 0, 2, 2, 0, 1, 2, 0, 2, 2, 2, 0, 0, 1, 2, 1, 2, 1, 0, 2, 1, 1, 1, 0, 1, 1, 1, 0, 2, 0, 2, 0, 2, 0, 2, 1, 1, 0, 1, 2, 1, 0, 1, 0, 1, 0, 1, 2, 1, 2, 1, 1, 1, 0, 1, 1, 0, 1, 1, 1, 0, 1, 1, 1, 2, 1, 2, 1, 0, 2, 0, 1, 0, 0, 0, 0, 1, 2, 1, 0, 2, 0, 0]|[0, 3, 2, 2, 4, 1, 2, 2, 1, 4, 0, 1, 2, 4, 4, 1, 2, 1, 2, 1, 1, 1, 1, 2, 1, 1, 1, 1, 1, 1, 3, 2, 3, 0, 4, 2, 1, 4, 0, 3, 2, 2, 2, 0, 1, 1, 1, 2, 0, 0, 2, 1, 1, 0, 0, 3, 1, 4, 1, 4, 0, 3, 1, 2, 1, 4, 0, 4, 3, 0, 1, 1, 1, 0, 4, 4, 4, 1, 3, 1, 3, 0, 1, 2, 1, 1, 0, 1, 3, 2, 2, 2, 2, 4, 1, 1, 2, 1, 0, 2]|[0, 2, 1, 1, 3, 0, 1, 0, 0, 0, 0, 0, 1, 0, 1, 0, 0, 0, 1, 0, 0, 1, 3, 1, 0, 0, 0, 0, 0, 1, 0, 0, 0, 0, 3, 0, 1, 3, 0, 2, 1, 1, 1, 0, 0, 0, 0, 0, 1, 0, 0, 0, 1, 3, 0, 0, 0, 2, 0, 2, 0, 2, 0, 1, 0, 1, 1, 0, 0, 1, 0, 3, 1, 1, 3, 3, 1, 0, 0, 2, 2, 0, 3, 0, 1, 0, 0, 0, 2, 1, 0, 0, 1, 0, 0, 2, 0, 0, 0, 0],905.3053265548109,57529.70707955056,125129.64090556979,true
2,G4_BALANCED,G4_BALANCED,[31, 22, 82, 15, 26, 9, 95, 42, 77, 12, 47, 5, 93, 78, 86, 54, 85, 63, 18, 44, 20, 35, 43, 97, 91, 76, 10, 30, 21, 45, 71, 64, 1, 23, 17, 83, 24, 41, 60, 36, 6, 57, 40, 88, 65, 56, 79, 69, 66, 67, 37, 87, 38, 58, 19, 32, 81, 48, 27, 94, 75, 90, 99, 59, 11, 16, 72, 73, 70, 39, 46, 84, 3, 14, 25, 55, 28, 51, 29, 7, 96, 50, 61, 33, 89, 74, 68, 80, 8, 53, 92, 2, 62, 4, 52, 49, 0, 34, 98, 13]|[2, 1, 0, 1, 1, 0, 1, 2, 2, 1, 2, 2, 2, 1, 1, 0, 0, 0, 0, 2, 2, 0, 1, 2, 0, 1, 2, 2, 0, 0, 1, 2, 1, 2, 1, 0, 2, 1, 1, 1, 0, 1, 1, 1, 0, 2, 1, 2, 2, 0, 0, 2, 1, 1, 2, 1, 2, 1, 0, 1, 0, 1, 0, 1, 2, 1, 2, 1, 1, 1, 0, 1, 1, 0, 1, 1, 1, 0, 1, 1, 1, 0, 1, 2, 1, 2, 0, 0, 1, 0, 0, 0, 0, 0, 2, 0, 0, 2, 0, 0]|[0, 3, 2, 2, 4, 1, 2, 2, 1, 4, 0, 1, 2, 4, 4, 1, 2, 1, 2, 1, 1, 1, 1, 2, 1, 2, 1, 1, 1, 1, 3, 2, 3, 0, 4, 0, 1, 4, 0, 3, 2, 2, 2, 0, 1, 1, 0, 2, 0, 0, 1, 2, 1, 0, 0, 3, 2, 4, 1, 4, 2, 3, 1, 2, 1, 3, 0, 4, 1, 0, 2, 1, 1, 2, 4, 4, 4, 1, 3, 1, 3, 1, 3, 2, 1, 0, 1, 1, 3, 2, 0, 2, 2, 2, 1, 1, 2, 1, 1, 2]|[0, 2, 1, 1, 3, 0, 1, 0, 0, 0, 0, 0, 1, 0, 1, 0, 0, 0, 1, 0, 0, 1, 3, 1, 0, 2, 0, 0, 0, 1, 0, 0, 0, 0, 3, 0, 1, 3, 0, 2, 1, 1, 1, 0, 0, 0, 0, 0, 0, 1, 0, 0, 1, 3, 0, 0, 1, 2, 0, 2, 0, 2, 0, 1, 0, 2, 1, 0, 3, 1, 0, 3, 1, 0, 3, 3, 1, 0, 0, 2, 2, 0, 0, 0, 1, 0, 0, 0, 2, 1, 1, 0, 1, 0, 0, 1, 0, 0, 0, 0],825.2390663037945,58008.51036436332,113289.14809759372,false
2,G2_TEC,G2_TEC,[31, 22, 82, 15, 26, 9, 95, 42, 77, 4, 47, 5, 93, 78, 86, 54, 85, 63, 18, 44, 20, 49, 36, 14, 48, 50, 53, 17, 21, 45, 71, 64, 3, 23, 30, 83, 24, 41, 60, 52, 65, 27, 90, 70, 39, 87, 74, 69, 99, 68, 46, 1, 38, 58, 97, 59, 28, 8, 73, 37, 35, 79, 11, 66, 94, 32, 72, 13, 56, 6, 80, 61, 89, 92, 25, 34, 91, 57, 10, 7, 96, 88, 84, 19, 51, 33, 12, 98, 0, 81, 75, 40, 2, 55, 29, 16, 43, 76, 67, 62]|[0, 1, 2, 2, 1, 2, 0, 0, 1, 1, 2, 0, 2, 2, 1, 0, 0, 0, 0, 2, 2, 1, 0, 2, 2, 2, 2, 2, 0, 1, 1, 0, 0, 0, 1, 0, 2, 1, 2, 1, 0, 0, 1, 1, 0, 1, 0, 2, 1, 0, 0, 2, 2, 1, 2, 0, 2, 1, 1, 0, 2, 1, 2, 2, 2, 0, 1, 1, 2, 1, 0, 1, 1, 0, 1, 1, 1, 0, 1, 2, 0, 1, 0, 2, 0, 1, 1, 1, 0, 1, 0, 2, 2, 1, 1, 0, 2, 2, 1, 0]|[1, 3, 0, 2, 4, 1, 0, 0, 2, 4, 0, 2, 1, 0, 2, 1, 1, 1, 2, 1, 2, 3, 0, 1, 0, 1, 1, 1, 1, 0, 3, 2, 2, 0, 4, 1, 1, 4, 0, 3, 2, 1, 4, 4, 1, 0, 0, 2, 3, 1, 2, 1, 2, 0, 1, 2, 0, 3, 0, 1, 2, 3, 0, 0, 1, 0, 2, 4, 1, 4, 1, 3, 1, 1, 4, 4, 4, 0, 1, 1, 2, 4, 2, 2, 0, 4, 3, 4, 2, 1, 2, 0, 1, 4, 3, 2, 1, 1, 3, 2]|[1, 2, 0, 0, 3, 0, 0, 0, 0, 0, 0, 0, 1, 0, 1, 0, 0, 0, 1, 0, 0, 2, 0, 0, 0, 0, 0, 0, 0, 1, 0, 0, 0, 0, 3, 0, 1, 3, 1, 2, 0, 0, 1, 3, 0, 0, 1, 0, 2, 0, 0, 1, 0, 3, 1, 0, 0, 0, 1, 0, 0, 2, 0, 0, 0, 1, 1, 0, 0, 2, 0, 0, 1, 0, 3, 2, 1, 1, 1, 0, 0, 1, 1, 1, 0, 1, 0, 2, 0, 1, 0, 0, 0, 2, 0, 1, 0, 0, 0, 1],922.4902335948325,56225.538460804004,129714.61644009146,false
2,G3_TWC,G4_BALANCED,[31, 22, 82, 15, 26, 9, 95, 42, 77, 12, 47, 5, 93, 78, 86, 54, 85, 63, 18, 44, 20, 35, 43, 97, 91, 76, 10, 30, 21, 45, 71, 64, 1, 23, 17, 83, 24, 41, 60, 36, 6, 57, 40, 88, 65, 56, 79, 69, 67, 68, 46, 75, 38, 58, 19, 32, 81, 48, 27, 62, 87, 90, 99, 59, 11, 16, 72, 73, 70, 89, 37, 84, 3, 14, 25, 55, 28, 66, 29, 7, 96, 50, 61, 33, 39, 74, 51, 80, 8, 53, 92, 2, 94, 4, 52, 49, 0, 34, 98, 13]|[2, 1, 0, 1, 1, 0, 1, 2, 2, 1, 2, 2, 2, 1, 1, 0, 0, 0, 0, 2, 2, 0, 1, 2, 0, 1, 2, 2, 0, 0, 1, 2, 1, 2, 1, 0, 2, 1, 1, 1, 0, 1, 2, 1, 0, 2, 1, 2, 0, 0, 0, 0, 1, 1, 2, 1, 2, 1, 0, 0, 2, 1, 0, 1, 2, 1, 2, 1, 1, 1, 0, 1, 1, 0, 1, 1, 1, 2, 1, 1, 1, 0, 1, 0, 1, 2, 0, 0, 1, 0, 0, 0, 1, 0, 2, 0, 0, 2, 0, 0]|[0, 3, 2, 2, 4, 1, 2, 2, 1, 4, 0, 1, 2, 4, 4, 1, 2, 1, 2, 1, 1, 1, 1, 2, 1, 2, 1, 1, 1, 1, 3, 2, 3, 0, 4, 0, 1, 4, 0, 3, 2, 2, 0, 0, 1, 1, 0, 2, 0, 1, 2, 2, 1, 0, 0, 3, 1, 4, 1, 2, 2, 3, 1, 2, 1, 3, 0, 4, 1, 1, 1, 1, 1, 2, 4, 4, 4, 0, 3, 1, 3, 1, 3, 2, 0, 0, 1, 1, 3, 2, 0, 2, 4, 2, 1, 1, 2, 1, 0, 2]|[0, 2, 1, 1, 3, 0, 1, 0, 0, 0, 0, 0, 1, 0, 1, 0, 0, 0, 1, 0, 0, 1, 3, 1, 0, 2, 0, 0, 0, 1, 0, 0, 0, 0, 3, 0, 1, 3, 0, 2, 1, 1, 0, 0, 0, 0, 0, 0, 1, 0, 0, 0, 1, 3, 0, 0, 0, 2, 0, 1, 0, 2, 0, 1, 0, 2, 1, 0, 3, 1, 0, 3, 1, 0, 3, 3, 1, 0, 0, 2, 2, 0, 0, 1, 1, 0, 0, 0, 2, 1, 1, 0, 2, 0, 0, 1, 0, 0, 0, 0],821.6547937044886,58123.029061532,117360.05166761237,true
2,G1_CMAX,G1_CMAX,[31, 22, 82, 15, 26, 9, 95, 42, 77, 12, 47, 5, 93, 78, 86, 54, 85, 63, 18, 44, 20, 35, 43, 97, 91, 76, 10, 30, 21, 45, 71, 64, 1, 23, 17, 83, 24, 41, 60, 36, 6, 57, 40, 88, 65, 56, 79, 69, 67, 68, 46, 75, 38, 58, 19, 32, 94, 48, 27, 81, 87, 90, 99, 59, 11, 16, 72, 73, 61, 39, 37, 84, 3, 92, 25, 55, 28, 51, 29, 7, 96, 74, 70, 33, 89, 14, 66, 80, 8, 53, 50, 2, 62, 4, 52, 49, 0, 34, 98, 13]|[2, 1, 0, 1, 1, 0, 1, 2, 2, 1, 2, 2, 2, 1, 1, 0, 0, 0, 0, 2, 2, 0, 1, 2, 0, 1, 2, 2, 0, 0, 1, 2, 1, 2, 1, 0, 0, 1, 1, 1, 0, 1, 2, 1, 0, 2, 1, 2, 0, 0, 2, 0, 1, 1, 2, 1, 1, 1, 0, 2, 2, 1, 0, 1, 2, 1, 2, 1, 1, 1, 0, 1, 1, 0, 1, 1, 1, 0, 1, 1, 1, 2, 1, 0, 1, 0, 0, 0, 1, 0, 0, 0, 0, 0, 2, 0, 0, 2, 0, 1]|[0, 3, 2, 2, 4, 1, 2, 2, 1, 4, 0, 1, 2, 4, 4, 1, 2, 1, 2, 1, 1, 1, 1, 2, 1, 2, 1, 1, 1, 1, 3, 2, 3, 0, 4, 0, 1, 4, 0, 3, 2, 2, 0, 0, 1, 1, 0, 2, 0, 1, 1, 2, 1, 0, 0, 3, 4, 4, 1, 2, 2, 3, 1, 2, 1, 3, 0, 4, 3, 0, 1, 1, 1, 0, 4, 4, 4, 1, 3, 1, 3, 0, 1, 2, 1, 2, 2, 1, 3, 2, 1, 2, 2, 2, 1, 1, 2, 1, 1, 1]|[0, 2, 1, 1, 3, 0, 1, 0, 0, 0, 0, 0, 1, 0, 1, 0, 0, 0, 1, 0, 0, 1, 3, 1, 0, 2, 0, 0, 0, 1, 0, 0, 0, 0, 3, 0, 0, 3, 0, 2, 1, 1, 0, 0, 0, 0, 0, 0, 1, 0, 0, 0, 1, 3, 0, 0, 2, 2, 0, 1, 0, 2, 0, 1, 0, 2, 1, 0, 0, 1, 0, 3, 1, 1, 3, 3, 1, 0, 0, 2, 2, 0, 3, 1, 1, 0, 0, 0, 2, 1, 0, 0, 1, 0, 0, 1, 0, 0, 0, 1],828.8138582182239,58181.34738971162,111957.73922965777,false
2,G4_BALANCED,G3_TWC,[31, 22, 82, 15, 26, 9, 95, 42, 77, 12, 47, 5, 93, 78, 86, 54, 85, 63, 18, 44, 20, 35, 43, 97, 91, 76, 10, 30, 21, 45, 71, 64, 1, 23, 17, 83, 24, 41, 60, 36, 6, 57, 40, 88, 65, 56, 79, 69, 67, 68, 46, 75, 38, 58, 19, 32, 81, 48, 27, 62, 87, 90, 99, 59, 11, 16, 72, 73, 70, 89, 37, 84, 13, 92, 25, 55, 28, 51, 29, 7, 96, 50, 61, 33, 39, 74, 66, 98, 8, 53, 14, 2, 94, 4, 52, 49, 0, 34, 80, 3]|[2, 1, 0, 1, 1, 0, 1, 2, 2, 1, 2, 2, 2, 1, 1, 0, 0, 0, 0, 2, 2, 0, 1, 2, 0, 1, 2, 2, 0, 0, 1, 2, 1, 2, 1, 0, 2, 1, 1, 1, 0, 1, 2, 1, 0, 2, 1, 2, 0, 0, 0, 0, 1, 1, 2, 1, 2, 1, 0, 0, 2, 1, 0, 1, 2, 1, 2, 1, 1, 1, 0, 1, 0, 0, 1, 1, 1, 0, 1, 1, 1, 0, 1, 0, 1, 2, 2, 0, 1, 0, 0, 0, 1, 0, 2, 0, 0, 2, 0, 1]|[0, 3, 2, 2, 4, 1, 2, 2, 1, 4, 0, 1, 2, 4, 4, 1, 2, 1, 2, 1, 1, 1, 1, 2, 1, 2, 1, 1, 1, 1, 3, 2, 3, 0, 4, 0, 1, 4, 0, 3, 2, 2, 0, 0, 1, 1, 0, 2, 0, 1, 2, 2, 1, 0, 0, 3, 1, 4, 1, 2, 2, 3, 1, 2, 1, 3, 0, 4, 1, 1, 1, 1, 2, 0, 4, 4, 4, 1, 3, 1, 3, 1, 3, 2, 1, 0, 0, 0, 3, 2, 2, 2, 4, 2, 1, 1, 2, 1, 1, 1]|[0, 2, 1, 1, 3, 0, 1, 0, 0, 0, 0, 0, 1, 0, 1, 0, 0, 0, 1, 0, 0, 1, 3, 1, 0, 2, 0, 0, 0, 1, 0, 0, 0, 0, 3, 0, 1, 3, 0, 2, 1, 1, 0, 0, 0, 0, 0, 0, 1, 0, 0, 0, 1, 3, 0, 0, 0, 2, 0, 1, 0, 2, 0, 1, 0, 2, 1, 0, 3, 1, 0, 3, 0, 1, 3, 3, 1, 0, 0, 2, 2, 0, 0, 1, 1, 0, 0, 0, 2, 1, 0, 0, 2, 0, 0, 1, 0, 0, 0, 1],837.9777884740815,57998.766069457466,116257.20721386475,true
2,G2_TEC,G2_TEC,[31, 22, 82, 15, 26, 9, 95, 42, 77, 4, 47, 5, 93, 78, 86, 54, 85, 63, 18, 44, 20, 49, 36, 14, 48, 50, 53, 17, 21, 45, 71, 64, 3, 23, 30, 83, 24, 41, 60, 52, 65, 27, 90, 70, 39, 87, 74, 69, 99, 68, 46, 1, 38, 58, 97, 59, 28, 8, 73, 37, 35, 79, 11, 66, 94, 32, 72, 13, 56, 6, 80, 61, 89, 92, 25, 34, 91, 57, 10, 7, 96, 88, 84, 19, 51, 33, 12, 98, 0, 81, 75, 40, 2, 55, 29, 16, 43, 76, 67, 62]|[0, 1, 2, 2, 1, 2, 0, 0, 1, 1, 2, 0, 2, 2, 1, 0, 0, 0, 0, 2, 2, 1, 0, 2, 2, 2, 2, 2, 0, 1, 1, 0, 0, 0, 1, 0, 2, 1, 2, 1, 0, 0, 1, 1, 0, 1, 0, 2, 1, 0, 0, 2, 2, 1, 2, 0, 2, 1, 1, 0, 2, 1, 2, 2, 2, 0, 1, 1, 2, 1, 0, 1, 1, 0, 1, 1, 1, 0, 1, 2, 0, 1, 0, 2, 0, 1, 1, 1, 0, 1, 0, 2, 2, 1, 1, 0, 2, 2, 1, 0]|[1, 3, 0, 2, 4, 1, 0, 0, 2, 4, 0, 2, 1, 0, 2, 1, 1, 1, 2, 1, 2, 3, 0, 1, 0, 1, 1, 1, 1, 0, 3, 2, 2, 0, 4, 1, 1, 4, 0, 3, 2, 1, 4, 4, 1, 0, 0, 2, 3, 1, 2, 1, 2, 0, 1, 2, 0, 3, 0, 1, 2, 3, 0, 0, 1, 0, 2, 4, 1, 4, 1, 3, 1, 1, 4, 4, 4, 0, 1, 1, 2, 4, 2, 2, 0, 4, 3, 4, 2, 1, 2, 0, 1, 4, 3, 2, 1, 1, 3, 2]|[1, 2, 0, 0, 3, 0, 0, 0, 0, 0, 0, 0, 1, 0, 1, 0, 0, 0, 1, 0, 0, 2, 0, 0, 0, 0, 0, 0, 0, 1, 0, 0, 0, 0, 3, 0, 1, 3, 1, 2, 0, 0, 1, 3, 0, 0, 1, 0, 2, 0, 0, 1, 0, 3, 1, 0, 0, 0, 1, 0, 0, 2, 0, 0, 0, 1, 1, 0, 0, 2, 0, 0, 1, 0, 3, 2, 1, 1, 1, 0, 0, 1, 1, 1, 0, 1, 0, 2, 0, 1, 0, 0, 0, 2, 0, 1, 0, 0, 0, 1],922.4902335948325,56225.538460804004,129714.61644009146,false
2,G3_TWC,G4_BALANCED,[31, 22, 82, 15, 26, 9, 95, 42, 77, 12, 47, 5, 93, 78, 86, 54, 85, 63, 18, 44, 20, 35, 43, 97, 91, 76, 10, 30, 21, 45, 71, 64, 1, 23, 17, 83, 24, 41, 60, 36, 6, 57, 40, 88, 65, 56, 79, 69, 67, 68, 46, 75, 38, 58, 19, 32, 81, 48, 27, 62, 87, 90, 99, 59, 11, 16, 72, 73, 70, 89, 37, 84, 3, 14, 25, 55, 28, 66, 29, 7, 96, 50, 61, 33, 39, 74, 51, 80, 8, 53, 92, 2, 94, 4, 52, 49, 0, 34, 98, 13]|[2, 1, 0, 1, 1, 0, 1, 2, 2, 1, 2, 2, 2, 1, 1, 0, 0, 0, 0, 2, 2, 0, 1, 2, 0, 1, 2, 2, 0, 0, 1, 2, 1, 2, 1, 0, 2, 1, 1, 1, 0, 1, 2, 1, 0, 2, 1, 2, 0, 0, 0, 0, 1, 1, 2, 1, 2, 1, 0, 0, 2, 1, 0, 1, 2, 1, 2, 1, 1, 1, 0, 1, 1, 0, 1, 1, 1, 2, 1, 1, 1, 0, 1, 0, 1, 2, 0, 0, 1, 0, 0, 0, 1, 0, 2, 0, 0, 2, 0, 0]|[0, 3, 2, 2, 4, 1, 2, 2, 1, 4, 0, 1, 2, 4, 4, 1, 2, 1, 2, 1, 1, 1, 1, 2, 1, 2, 1, 1, 1, 1, 3, 2, 3, 0, 4, 0, 1, 4, 0, 3, 2, 2, 0, 0, 1, 1, 0, 2, 0, 1, 2, 2, 1, 0, 0, 3, 1, 4, 1, 2, 2, 3, 1, 2, 1, 3, 0, 4, 1, 1, 1, 1, 1, 2, 4, 4, 4, 0, 3, 1, 3, 1, 3, 2, 0, 0, 1, 1, 3, 2, 0, 2, 4, 2, 1, 1, 2, 1, 0, 2]|[0, 2, 1, 1, 3, 0, 1, 0, 0, 0, 0, 0, 1, 0, 1, 0, 0, 0, 1, 0, 0, 1, 3, 1, 0, 2, 0, 0, 0, 1, 0, 0, 0, 0, 3, 0, 1, 3, 0, 2, 1, 1, 0, 0, 0, 0, 0, 0, 1, 0, 0, 0, 1, 3, 0, 0, 0, 2, 0, 1, 0, 2, 0, 1, 0, 2, 1, 0, 3, 1, 0, 3, 1, 0, 3, 3, 1, 0, 0, 2, 2, 0, 0, 1, 1, 0, 0, 0, 2, 1, 1, 0, 2, 0, 0, 1, 0, 0, 0, 0],821.6547937044886,58123.029061532,117360.05166761237,true
2,G1_CMAX,G2_TEC,[31, 22, 82, 15, 26, 9, 95, 42, 77, 4, 47, 5, 93, 78, 86, 54, 85, 63, 18, 44, 20, 49, 36, 14, 48, 50, 53, 17, 21, 45, 71, 64, 3, 23, 30, 83, 24, 41, 60, 52, 65, 27, 90, 70, 39, 87, 74, 69, 99, 68, 46, 1, 38, 58, 97, 59, 28, 8, 73, 37, 35, 79, 11, 66, 94, 32, 72, 13, 56, 6, 80, 61, 89, 92, 25, 34, 91, 57, 10, 7, 96, 88, 84, 19, 51, 67, 12, 16, 43, 81, 75, 40, 2, 55, 0, 33, 29, 76, 98, 62]|[0, 1, 2, 2, 1, 2, 0, 0, 2, 1, 2, 0, 2, 2, 1, 0, 0, 0, 0, 2, 2, 1, 0, 2, 2, 1, 0, 2, 0, 1, 1, 0, 0, 2, 1, 0, 2, 2, 2, 1, 0, 0, 1, 1, 0, 1, 0, 2, 1, 0, 0, 2, 2, 1, 2, 0, 2, 1, 1, 0, 2, 1, 2, 2, 2, 0, 1, 1, 2, 1, 0, 1, 1, 0, 1, 1, 0, 0, 1, 2, 0, 1, 0, 2, 0, 1, 1, 0, 2, 1, 0, 2, 2, 1, 0, 1, 1, 2, 1, 0]|[1, 3, 0, 2, 4, 1, 0, 0, 1, 4, 0, 2, 1, 0, 4, 1, 1, 1, 2, 1, 2, 3, 0, 1, 0, 2, 2, 1, 1, 0, 3, 2, 2, 0, 4, 1, 1, 2, 0, 3, 2, 1, 4, 4, 1, 0, 0, 2, 3, 1, 2, 1, 2, 0, 1, 2, 0, 3, 0, 1, 2, 3, 0, 0, 1, 0, 2, 4, 1, 4, 2, 3, 1, 1, 4, 4, 1, 0, 1, 1, 2, 4, 2, 2, 0, 3, 4, 2, 1, 1, 2, 0, 1, 4, 1, 4, 3, 1, 4, 2]|[1, 2, 0, 0, 3, 0, 0, 0, 0, 0, 0, 0, 1, 0, 1, 0, 0, 0, 1, 0, 0, 2, 0, 0, 0, 2, 1, 0, 0, 1, 0, 0, 0, 0, 3, 0, 1, 0, 1, 2, 1, 0, 1, 3, 0, 0, 1, 0, 2, 0, 0, 1, 0, 3, 1, 0, 0, 0, 1, 0, 0, 2, 0, 0, 0, 1, 1, 0, 0, 2, 0, 0, 1, 0, 3, 2, 0, 1, 1, 0, 0, 1, 1, 1, 0, 0, 0, 1, 0, 1, 0, 0, 0, 2, 1, 1, 0, 0, 2, 1],920.1380548892698,56825.41059576947,126930.90818951325,true
2,G4_BALANCED,G3_TWC,[31, 22, 82, 15, 26, 9, 95, 42, 77, 12, 47, 5, 93, 78, 86, 54, 85, 63, 18, 44, 20, 35, 43, 97, 91, 76, 10, 30, 21, 45, 71, 64, 1, 23, 17, 83, 24, 41, 60, 36, 6, 57, 40, 88, 65, 56, 79, 69, 67, 68, 46, 75, 38, 58, 19, 32, 81, 48, 27, 62, 87, 90, 99, 59, 11, 16, 72, 73, 70, 89, 37, 84, 13, 92, 25, 55, 28, 51, 29, 7, 96, 50, 61, 33, 39, 74, 66, 98, 8, 53, 14, 2, 94, 4, 52, 49, 0, 34, 80, 3]|[2, 1, 0, 1, 1, 0, 1, 2, 2, 1, 2, 2, 2, 1, 1, 0, 0, 0, 0, 2, 2, 0, 1, 2, 0, 1, 2, 2, 0, 0, 1, 2, 1, 2, 1, 0, 2, 1, 1, 1, 0, 1, 2, 1, 0, 2, 1, 2, 0, 0, 0, 0, 1, 1, 2, 1, 2, 1, 0, 0, 2, 1, 0, 1, 2, 1, 2, 1, 1, 1, 0, 1, 0, 0, 1, 1, 1, 0, 1, 1, 1, 0, 1, 0, 1, 2, 2, 0, 1, 0, 0, 0, 1, 0, 2, 0, 0, 2, 0, 1]|[0, 3, 2, 2, 4, 1, 2, 2, 1, 4, 0, 1, 2, 4, 4, 1, 2, 1, 2, 1, 1, 1, 1, 2, 1, 2, 1, 1, 1, 1, 3, 2, 3, 0, 4, 0, 1, 4, 0, 3, 2, 2, 0, 0, 1, 1, 0, 2, 0, 1, 2, 2, 1, 0, 0, 3, 1, 4, 1, 2, 2, 3, 1, 2, 1, 3, 0, 4, 1, 1, 1, 1, 2, 0, 4, 4, 4, 1, 3, 1, 3, 1, 3, 2, 1, 0, 0, 0, 3, 2, 2, 2, 4, 2, 1, 1, 2, 1, 1, 1]|[0, 2, 1, 1, 3, 0, 1, 0, 0, 0, 0, 0, 1, 0, 1, 0, 0, 0, 1, 0, 0, 1, 3, 1, 0, 2, 0, 0, 0, 1, 0, 0, 0, 0, 3, 0, 1, 3, 0, 2, 1, 1, 0, 0, 0, 0, 0, 0, 1, 0, 0, 0, 1, 3, 0, 0, 0, 2, 0, 1, 0, 2, 0, 1, 0, 2, 1, 0, 3, 1, 0, 3, 0, 1, 3, 3, 1, 0, 0, 2, 2, 0, 0, 1, 1, 0, 0, 0, 2, 1, 0, 0, 2, 0, 0, 1, 0, 0, 0, 1],837.9777884740815,57998.766069457466,116257.20721386475,true
2,G2_TEC,G2_TEC,[31, 22, 82, 15, 26, 9, 95, 42, 77, 4, 47, 5, 93, 78, 86, 54, 85, 63, 18, 44, 20, 49, 36, 14, 48, 50, 53, 17, 21, 45, 71, 64, 3, 23, 30, 83, 24, 41, 60, 52, 65, 27, 90, 70, 39, 87, 74, 69, 99, 68, 46, 1, 38, 58, 97, 59, 28, 8, 73, 37, 35, 79, 11, 66, 94, 32, 72, 13, 56, 6, 80, 61, 89, 92, 25, 34, 91, 57, 10, 7, 96, 88, 84, 19, 51, 33, 12, 98, 0, 81, 75, 40, 2, 55, 29, 16, 43, 76, 67, 62]|[0, 1, 2, 2, 1, 2, 0, 0, 1, 1, 2, 0, 2, 2, 1, 0, 0, 0, 0, 2, 2, 1, 0, 2, 2, 2, 2, 2, 0, 1, 1, 0, 0, 0, 1, 0, 2, 1, 2, 1, 0, 0, 1, 1, 0, 1, 0, 2, 1, 0, 0, 2, 2, 1, 2, 0, 2, 1, 1, 0, 2, 1, 2, 2, 2, 0, 1, 1, 2, 1, 0, 1, 1, 0, 1, 1, 1, 0, 1, 2, 0, 1, 0, 2, 0, 1, 1, 1, 0, 1, 0, 2, 2, 1, 1, 0, 2, 2, 1, 0]|[1, 3, 0, 2, 4, 1, 0, 0, 2, 4, 0, 2, 1, 0, 2, 1, 1, 1, 2, 1, 2, 3, 0, 1, 0, 1, 1, 1, 1, 0, 3, 2, 2, 0, 4, 1, 1, 4, 0, 3, 2, 1, 4, 4, 1, 0, 0, 2, 3, 1, 2, 1, 2, 0, 1, 2, 0, 3, 0, 1, 2, 3, 0, 0, 1, 0, 2, 4, 1, 4, 1, 3, 1, 1, 4, 4, 4, 0, 1, 1, 2, 4, 2, 2, 0, 4, 3, 4, 2, 1, 2, 0, 1, 4, 3, 2, 1, 1, 3, 2]|[1, 2, 0, 0, 3, 0, 0, 0, 0, 0, 0, 0, 1, 0, 1, 0, 0, 0, 1, 0, 0, 2, 0, 0, 0, 0, 0, 0, 0, 1, 0, 0, 0, 0, 3, 0, 1, 3, 1, 2, 0, 0, 1, 3, 0, 0, 1, 0, 2, 0, 0, 1, 0, 3, 1, 0, 0, 0, 1, 0, 0, 2, 0, 0, 0, 1, 1, 0, 0, 2, 0, 0, 1, 0, 3, 2, 1, 1, 1, 0, 0, 1, 1, 1, 0, 1, 0, 2, 0, 1, 0, 0, 0, 2, 0, 1, 0, 0, 0, 1],922.4902335948325,56225.538460804004,129714.61644009146,false
2,G3_TWC,G4_BALANCED,[31, 22, 82, 15, 26, 9, 95, 42, 77, 12, 47, 5, 93, 78, 86, 54, 85, 63, 18, 44, 20, 35, 43, 97, 91, 76, 10, 30, 21, 45, 71, 64, 1, 23, 17, 83, 24, 41, 60, 36, 6, 57, 40, 88, 65, 56, 79, 69, 67, 68, 46, 75, 38, 58, 19, 32, 81, 48, 27, 62, 87, 90, 99, 59, 11, 16, 72, 73, 70, 89, 37, 84, 3, 14, 25, 55, 28, 66, 29, 7, 96, 50, 61, 33, 39, 74, 51, 80, 8, 53, 92, 2, 94, 4, 52, 49, 0, 34, 98, 13]|[2, 1, 0, 1, 1, 0, 1, 2, 2, 1, 2, 2, 2, 1, 1, 0, 0, 0, 0, 2, 2, 0, 1, 2, 0, 1, 2, 2, 0, 0, 1, 2, 1, 2, 1, 0, 2, 1, 1, 1, 0, 1, 2, 1, 0, 2, 1, 2, 0, 0, 0, 0, 1, 1, 2, 1, 2, 1, 0, 0, 2, 1, 0, 1, 2, 1, 2, 1, 1, 1, 0, 1, 1, 0, 1, 1, 1, 2, 1, 1, 1, 0, 1, 0, 1, 2, 0, 0, 1, 0, 0, 0, 1, 0, 2, 0, 0, 2, 0, 0]|[0, 3, 2, 2, 4, 1, 2, 2, 1, 4, 0, 1, 2, 4, 4, 1, 2, 1, 2, 1, 1, 1, 1, 2, 1, 2, 1, 1, 1, 1, 3, 2, 3, 0, 4, 0, 1, 4, 0, 3, 2, 2, 0, 0, 1, 1, 0, 2, 0, 1, 2, 2, 1, 0, 0, 3, 1, 4, 1, 2, 2, 3, 1, 2, 1, 3, 0, 4, 1, 1, 1, 1, 1, 2, 4, 4, 4, 0, 3, 1, 3, 1, 3, 2, 0, 0, 1, 1, 3, 2, 0, 2, 4, 2, 1, 1, 2, 1, 0, 2]|[0, 2, 1, 1, 3, 0, 1, 0, 0, 0, 0, 0, 1, 0, 1, 0, 0, 0, 1, 0, 0, 1, 3, 1, 0, 2, 0, 0, 0, 1, 0, 0, 0, 0, 3, 0, 1, 3, 0, 2, 1, 1, 0, 0, 0, 0, 0, 0, 1, 0, 0, 0, 1, 3, 0, 0, 0, 2, 0, 1, 0, 2, 0, 1, 0, 2, 1, 0, 3, 1, 0, 3, 1, 0, 3, 3, 1, 0, 0, 2, 2, 0, 0, 1, 1, 0, 0, 0, 2, 1, 1, 0, 2, 0, 0, 1, 0, 0, 0, 0],821.6547937044886,58123.029061532,117360.05166761237,true
2,G1_CMAX,G4_BALANCED,[31, 22, 82, 15, 26, 9, 95, 42, 77, 12, 47, 5, 93, 78, 86, 54, 85, 63, 18, 44, 20, 35, 43, 97, 91, 76, 10, 30, 21, 45, 71, 64, 1, 23, 17, 83, 24, 41, 60, 36, 6, 57, 40, 88, 65, 75, 79, 69, 67, 68, 46, 56, 38, 58, 19, 32, 81, 48, 27, 62, 87, 90, 99, 59, 11, 16, 72, 73, 70, 39, 37, 84, 3, 92, 25, 55, 28, 51, 29, 7, 96, 74, 61, 33, 89, 14, 66, 80, 94, 53, 50, 2, 8, 4, 52, 49, 0, 34, 98, 13]|[2, 1, 0, 1, 1, 0, 1, 2, 2, 1, 2, 2, 2, 1, 1, 0, 0, 0, 0, 2, 2, 0, 1, 2, 0, 1, 2, 2, 0, 0, 1, 2, 1, 2, 2, 0, 0, 1, 1, 1, 0, 1, 1, 1, 0, 0, 1, 2, 0, 0, 2, 2, 1, 1, 2, 1, 2, 1, 0, 0, 2, 1, 0, 1, 2, 1, 2, 1, 1, 1, 0, 1, 1, 0, 1, 1, 1, 0, 1, 1, 1, 2, 1, 2, 1, 0, 0, 0, 1, 0, 0, 0, 1, 1, 2, 0, 0, 2, 0, 0]|[0, 3, 2, 2, 4, 1, 2, 2, 1, 4, 0, 1, 2, 4, 4, 1, 2, 1, 2, 1, 1, 1, 1, 2, 1, 2, 1, 1, 1, 1, 3, 2, 3, 0, 1, 0, 1, 4, 0, 3, 2, 2, 2, 0, 1, 2, 0, 2, 0, 1, 1, 1, 1, 0, 0, 3, 2, 4, 1, 2, 2, 3, 1, 2, 1, 3, 0, 4, 1, 1, 1, 1, 1, 0, 4, 4, 4, 1, 3, 1, 3, 0, 3, 2, 1, 2, 2, 1, 4, 2, 1, 2, 3, 4, 1, 1, 2, 1, 0, 2]|[0, 2, 1, 1, 3, 0, 1, 0, 0, 0, 0, 0, 1, 0, 1, 0, 0, 0, 1, 0, 0, 1, 3, 1, 0, 2, 0, 0, 0, 1, 0, 0, 0, 0, 0, 0, 0, 3, 0, 2, 1, 1, 1, 0, 0, 0, 0, 0, 1, 0, 0, 0, 1, 3, 0, 0, 1, 2, 0, 1, 0, 2, 0, 1, 0, 2, 1, 0, 3, 1, 0, 3, 1, 1, 3, 3, 1, 0, 0, 2, 2, 0, 0, 0, 1, 0, 0, 0, 2, 1, 0, 0, 2, 0, 0, 1, 0, 0, 0, 0],801.8881181607775,58484.683679669666,119285.05667989879,true
2,G4_BALANCED,G3_TWC,[31, 22, 82, 15, 26, 9, 95, 42, 77, 12, 47, 5, 93, 78, 86, 54, 85, 63, 18, 44, 20, 35, 43, 97, 91, 76, 10, 30, 21, 45, 71, 64, 1, 23, 17, 83, 24, 41, 60, 36, 6, 57, 40, 88, 65, 56, 79, 69, 67, 68, 46, 75, 38, 58, 19, 32, 81, 48, 27, 62, 87, 90, 99, 59, 11, 16, 72, 73, 70, 89, 37, 84, 13, 92, 25, 55, 28, 51, 29, 7, 96, 50, 61, 33, 39, 74, 66, 98, 8, 53, 14, 2, 94, 4, 52, 49, 0, 34, 80, 3]|[2, 1, 0, 1, 1, 0, 1, 2, 2, 1, 2, 2, 2, 1, 1, 0, 0, 0, 0, 2, 2, 0, 1, 2, 0, 1, 2, 2, 0, 0, 1, 2, 1, 2, 1, 0, 2, 1, 1, 1, 0, 1, 2, 1, 0, 2, 1, 2, 0, 0, 0, 0, 1, 1, 2, 1, 2, 1, 0, 0, 2, 1, 0, 1, 2, 1, 2, 1, 1, 1, 0, 1, 0, 0, 1, 1, 1, 0, 1, 1, 1, 0, 1, 0, 1, 2, 2, 0, 1, 0, 0, 0, 1, 0, 2, 0, 0, 2, 0, 1]|[0, 3, 2, 2, 4, 1, 2, 2, 1, 4, 0, 1, 2, 4, 4, 1, 2, 1, 2, 1, 1, 1, 1, 2, 1, 2, 1, 1, 1, 1, 3, 2, 3, 0, 4, 0, 1, 4, 0, 3, 2, 2, 0, 0, 1, 1, 0, 2, 0, 1, 2, 2, 1, 0, 0, 3, 1, 4, 1, 2, 2, 3, 1, 2, 1, 3, 0, 4, 1, 1, 1, 1, 2, 0, 4, 4, 4, 1, 3, 1, 3, 1, 3, 2, 1, 0, 0, 0, 3, 2, 2, 2, 4, 2, 1, 1, 2, 1, 1, 1]|[0, 2, 1, 1, 3, 0, 1, 0, 0, 0, 0, 0, 1, 0, 1, 0, 0, 0, 1, 0, 0, 1, 3, 1, 0, 2, 0, 0, 0, 1, 0, 0, 0, 0, 3, 0, 1, 3, 0, 2, 1, 1, 0, 0, 0, 0, 0, 0, 1, 0, 0, 0, 1, 3, 0, 0, 0, 2, 0, 1, 0, 2, 0, 1, 0, 2, 1, 0, 3, 1, 0, 3, 0, 1, 3, 3, 1, 0, 0, 2, 2, 0, 0, 1, 1, 0, 0, 0, 2, 1, 0, 0, 2, 0, 0, 1, 0, 0, 0, 1],837.9777884740815,57998.766069457466,116257.20721386475,true
2,G2_TEC,G2_TEC,[31, 22, 82, 15, 26, 9, 95, 42, 77, 4, 47, 5, 93, 78, 86, 54, 85, 63, 18, 44, 20, 49, 36, 14, 48, 50, 53, 17, 21, 45, 71, 64, 3, 23, 30, 83, 24, 41, 60, 52, 65, 27, 90, 70, 39, 87, 74, 69, 99, 68, 46, 1, 38, 58, 97, 59, 28, 8, 73, 37, 35, 79, 11, 66, 94, 32, 72, 13, 56, 6, 80, 61, 89, 92, 25, 34, 91, 57, 10, 7, 96, 88, 84, 19, 51, 33, 12, 98, 0, 81, 75, 40, 2, 55, 29, 16, 43, 76, 67, 62]|[0, 1, 2, 2, 1, 2, 0, 0, 1, 1, 2, 0, 2, 2, 1, 0, 0, 0, 0, 2, 2, 1, 0, 2, 2, 2, 2, 2, 0, 1, 1, 0, 0, 0, 1, 0, 2, 1, 2, 1, 0, 0, 1, 1, 0, 1, 0, 2, 1, 0, 0, 2, 2, 1, 2, 0, 2, 1, 1, 0, 2, 1, 2, 2, 2, 0, 1, 1, 2, 1, 0, 1, 1, 0, 1, 1, 1, 0, 1, 2, 0, 1, 0, 2, 0, 1, 1, 1, 0, 1, 0, 2, 2, 1, 1, 0, 2, 2, 1, 0]|[1, 3, 0, 2, 4, 1, 0, 0, 2, 4, 0, 2, 1, 0, 2, 1, 1, 1, 2, 1, 2, 3, 0, 1, 0, 1, 1, 1, 1, 0, 3, 2, 2, 0, 4, 1, 1, 4, 0, 3, 2, 1, 4, 4, 1, 0, 0, 2, 3, 1, 2, 1, 2, 0, 1, 2, 0, 3, 0, 1, 2, 3, 0, 0, 1, 0, 2, 4, 1, 4, 1, 3, 1, 1, 4, 4, 4, 0, 1, 1, 2, 4, 2, 2, 0, 4, 3, 4, 2, 1, 2, 0, 1, 4, 3, 2, 1, 1, 3, 2]|[1, 2, 0, 0, 3, 0, 0, 0, 0, 0, 0, 0, 1, 0, 1, 0, 0, 0, 1, 0, 0, 2, 0, 0, 0, 0, 0, 0, 0, 1, 0, 0, 0, 0, 3, 0, 1, 3, 1, 2, 0, 0, 1, 3, 0, 0, 1, 0, 2, 0, 0, 1, 0, 3, 1, 0, 0, 0, 1, 0, 0, 2, 0, 0, 0, 1, 1, 0, 0, 2, 0, 0, 1, 0, 3, 2, 1, 1, 1, 0, 0, 1, 1, 1, 0, 1, 0, 2, 0, 1, 0, 0, 0, 2, 0, 1, 0, 0, 0, 1],922.4902335948325,56225.538460804004,129714.61644009146,false
2,G3_TWC,G4_BALANCED,[31, 22, 82, 15, 26, 9, 95, 42, 77, 12, 47, 5, 93, 78, 86, 54, 85, 63, 18, 44, 20, 35, 43, 97, 91, 76, 10, 30, 21, 45, 71, 64, 1, 23, 17, 83, 24, 41, 60, 36, 6, 57, 40, 88, 65, 56, 79, 69, 67, 68, 46, 75, 38, 58, 19, 32, 81, 48, 27, 62, 87, 90, 99, 59, 11, 16, 72, 73, 70, 89, 37, 84, 3, 14, 25, 55, 28, 66, 29, 7, 96, 50, 61, 33, 39, 74, 51, 80, 8, 53, 92, 2, 94, 4, 52, 49, 0, 34, 98, 13]|[2, 1, 0, 1, 1, 0, 1, 2, 2, 1, 2, 2, 2, 1, 1, 0, 0, 0, 0, 2, 2, 0, 1, 2, 0, 1, 2, 2, 0, 0, 1, 2, 1, 2, 1, 0, 2, 1, 1, 1, 0, 1, 2, 1, 0, 2, 1, 2, 0, 0, 0, 0, 1, 1, 2, 1, 2, 1, 0, 0, 2, 1, 0, 1, 2, 1, 2, 1, 1, 1, 0, 1, 1, 0, 1, 1, 1, 2, 1, 1, 1, 0, 1, 0, 1, 2, 0, 0, 1, 0, 0, 0, 1, 0, 2, 0, 0, 2, 0, 0]|[0, 3, 2, 2, 4, 1, 2, 2, 1, 4, 0, 1, 2, 4, 4, 1, 2, 1, 2, 1, 1, 1, 1, 2, 1, 2, 1, 1, 1, 1, 3, 2, 3, 0, 4, 0, 1, 4, 0, 3, 2, 2, 0, 0, 1, 1, 0, 2, 0, 1, 2, 2, 1, 0, 0, 3, 1, 4, 1, 2, 2, 3, 1, 2, 1, 3, 0, 4, 1, 1, 1, 1, 1, 2, 4, 4, 4, 0, 3, 1, 3, 1, 3, 2, 0, 0, 1, 1, 3, 2, 0, 2, 4, 2, 1, 1, 2, 1, 0, 2]|[0, 2, 1, 1, 3, 0, 1, 0, 0, 0, 0, 0, 1, 0, 1, 0, 0, 0, 1, 0, 0, 1, 3, 1, 0, 2, 0, 0, 0, 1, 0, 0, 0, 0, 3, 0, 1, 3, 0, 2, 1, 1, 0, 0, 0, 0, 0, 0, 1, 0, 0, 0, 1, 3, 0, 0, 0, 2, 0, 1, 0, 2, 0, 1, 0, 2, 1, 0, 3, 1, 0, 3, 1, 0, 3, 3, 1, 0, 0, 2, 2, 0, 0, 1, 1, 0, 0, 0, 2, 1, 1, 0, 2, 0, 0, 1, 0, 0, 0, 0],821.6547937044886,58123.029061532,117360.05166761237,true
2,G1_CMAX,G4_BALANCED,[31, 22, 82, 15, 26, 9, 95, 42, 77, 12, 47, 5, 93, 78, 86, 54, 85, 63, 18, 44, 20, 35, 43, 97, 91, 76, 10, 30, 21, 45, 71, 64, 1, 23, 17, 83, 24, 41, 60, 36, 6, 57, 40, 88, 65, 75, 79, 69, 67, 68, 46, 56, 38, 58, 19, 32, 81, 48, 27, 62, 87, 90, 99, 59, 11, 16, 72, 73, 70, 39, 37, 84, 3, 92, 25, 55, 28, 51, 29, 7, 96, 74, 61, 33, 89, 14, 66, 80, 94, 53, 50, 2, 8, 4, 52, 49, 0, 34, 98, 13]|[2, 1, 0, 1, 1, 0, 1, 2, 2, 1, 2, 2, 2, 1, 1, 0, 0, 0, 0, 2, 2, 0, 1, 2, 0, 1, 2, 2, 0, 0, 1, 2, 1, 2, 2, 0, 0, 1, 1, 1, 0, 1, 1, 1, 0, 0, 1, 2, 0, 0, 2, 2, 1, 1, 2, 1, 2, 1, 0, 0, 2, 1, 0, 1, 2, 1, 2, 1, 1, 1, 0, 1, 1, 0, 1, 1, 1, 0, 1, 1, 1, 2, 1, 2, 1, 0, 0, 0, 1, 0, 0, 0, 1, 1, 2, 0, 0, 2, 0, 0]|[0, 3, 2, 2, 4, 1, 2, 2, 1, 4, 0, 1, 2, 4, 4, 1, 2, 1, 2, 1, 1, 1, 1, 2, 1, 2, 1, 1, 1, 1, 3, 2, 3, 0, 1, 0, 1, 4, 0, 3, 2, 2, 2, 0, 1, 2, 0, 2, 0, 1, 1, 1, 1, 0, 0, 3, 2, 4, 1, 2, 2, 3, 1, 2, 1, 3, 0, 4, 1, 1, 1, 1, 1, 0, 4, 4, 4, 1, 3, 1, 3, 0, 3, 2, 1, 2, 2, 1, 4, 2, 1, 2, 3, 4, 1, 1, 2, 1, 0, 2]|[0, 2, 1, 1, 3, 0, 1, 0, 0, 0, 0, 0, 1, 0, 1, 0, 0, 0, 1, 0, 0, 1, 3, 1, 0, 2, 0, 0, 0, 1, 0, 0, 0, 0, 0, 0, 0, 3, 0, 2, 1, 1, 1, 0, 0, 0, 0, 0, 1, 0, 0, 0, 1, 3, 0, 0, 1, 2, 0, 1, 0, 2, 0, 1, 0, 2, 1, 0, 3, 1, 0, 3, 1, 1, 3, 3, 1, 0, 0, 2, 2, 0, 0, 0, 1, 0, 0, 0, 2, 1, 0, 0, 2, 0, 0, 1, 0, 0, 0, 0],801.8881181607775,58484.683679669666,119285.05667989879,true
2,G4_BALANCED,G3_TWC,[31, 22, 82, 15, 26, 9, 95, 42, 77, 12, 47, 5, 93, 78, 86, 54, 85, 63, 18, 44, 20, 35, 43, 97, 91, 76, 10, 30, 21, 45, 71, 64, 1, 23, 17, 83, 24, 41, 60, 36, 6, 57, 40, 88, 65, 56, 79, 69, 67, 68, 46, 75, 38, 58, 19, 32, 81, 48, 27, 62, 87, 90, 99, 59, 11, 16, 72, 73, 70, 89, 37, 84, 13, 92, 25, 55, 28, 51, 29, 7, 96, 50, 61, 33, 39, 74, 66, 98, 8, 53, 14, 2, 94, 4, 52, 49, 0, 34, 80, 3]|[2, 1, 0, 1, 1, 0, 1, 2, 2, 1, 2, 2, 2, 1, 1, 0, 0, 0, 0, 2, 2, 0, 1, 2, 0, 1, 2, 2, 0, 0, 1, 2, 1, 2, 1, 0, 2, 1, 1, 1, 0, 1, 2, 1, 0, 2, 1, 2, 0, 0, 0, 0, 1, 1, 2, 1, 2, 1, 0, 0, 2, 1, 0, 1, 2, 1, 2, 1, 1, 1, 0, 1, 0, 0, 1, 1, 1, 0, 1, 1, 1, 0, 1, 0, 1, 2, 2, 0, 1, 0, 0, 0, 1, 0, 2, 0, 0, 2, 0, 1]|[0, 3, 2, 2, 4, 1, 2, 2, 1, 4, 0, 1, 2, 4, 4, 1, 2, 1, 2, 1, 1, 1, 1, 2, 1, 2, 1, 1, 1, 1, 3, 2, 3, 0, 4, 0, 1, 4, 0, 3, 2, 2, 0, 0, 1, 1, 0, 2, 0, 1, 2, 2, 1, 0, 0, 3, 1, 4, 1, 2, 2, 3, 1, 2, 1, 3, 0, 4, 1, 1, 1, 1, 2, 0, 4, 4, 4, 1, 3, 1, 3, 1, 3, 2, 1, 0, 0, 0, 3, 2, 2, 2, 4, 2, 1, 1, 2, 1, 1, 1]|[0, 2, 1, 1, 3, 0, 1, 0, 0, 0, 0, 0, 1, 0, 1, 0, 0, 0, 1, 0, 0, 1, 3, 1, 0, 2, 0, 0, 0, 1, 0, 0, 0, 0, 3, 0, 1, 3, 0, 2, 1, 1, 0, 0, 0, 0, 0, 0, 1, 0, 0, 0, 1, 3, 0, 0, 0, 2, 0, 1, 0, 2, 0, 1, 0, 2, 1, 0, 3, 1, 0, 3, 0, 1, 3, 3, 1, 0, 0, 2, 2, 0, 0, 1, 1, 0, 0, 0, 2, 1, 0, 0, 2, 0, 0, 1, 0, 0, 0, 1],837.9777884740815,57998.766069457466,116257.20721386475,true
2,G2_TEC,G2_TEC,[31, 22, 82, 15, 26, 9, 95, 42, 77, 4, 47, 5, 93, 78, 86, 54, 85, 63, 18, 44, 20, 49, 36, 14, 48, 50, 53, 17, 21, 45, 71, 64, 3, 23, 30, 83, 24, 41, 60, 52, 65, 27, 90, 70, 39, 87, 74, 69, 99, 68, 46, 1, 38, 58, 97, 59, 28, 8, 73, 37, 35, 79, 11, 66, 94, 32, 72, 13, 56, 6, 80, 61, 89, 92, 25, 34, 91, 57, 10, 7, 96, 88, 84, 19, 51, 33, 12, 98, 0, 81, 75, 40, 2, 55, 29, 16, 43, 76, 67, 62]|[0, 1, 2, 2, 1, 2, 0, 0, 1, 1, 2, 0, 2, 2, 1, 0, 0, 0, 0, 2, 2, 1, 0, 2, 2, 2, 2, 2, 0, 1, 1, 0, 0, 0, 1, 0, 2, 1, 2, 1, 0, 0, 1, 1, 0, 1, 0, 2, 1, 0, 0, 2, 2, 1, 2, 0, 2, 1, 1, 0, 2, 1, 2, 2, 2, 0, 1, 1, 2, 1, 0, 1, 1, 0, 1, 1, 1, 0, 1, 2, 0, 1, 0, 2, 0, 1, 1, 1, 0, 1, 0, 2, 2, 1, 1, 0, 2, 2, 1, 0]|[1, 3, 0, 2, 4, 1, 0, 0, 2, 4, 0, 2, 1, 0, 2, 1, 1, 1, 2, 1, 2, 3, 0, 1, 0, 1, 1, 1, 1, 0, 3, 2, 2, 0, 4, 1, 1, 4, 0, 3, 2, 1, 4, 4, 1, 0, 0, 2, 3, 1, 2, 1, 2, 0, 1, 2, 0, 3, 0, 1, 2, 3, 0, 0, 1, 0, 2, 4, 1, 4, 1, 3, 1, 1, 4, 4, 4, 0, 1, 1, 2, 4, 2, 2, 0, 4, 3, 4, 2, 1, 2, 0, 1, 4, 3, 2, 1, 1, 3, 2]|[1, 2, 0, 0, 3, 0, 0, 0, 0, 0, 0, 0, 1, 0, 1, 0, 0, 0, 1, 0, 0, 2, 0, 0, 0, 0, 0, 0, 0, 1, 0, 0, 0, 0, 3, 0, 1, 3, 1, 2, 0, 0, 1, 3, 0, 0, 1, 0, 2, 0, 0, 1, 0, 3, 1, 0, 0, 0, 1, 0, 0, 2, 0, 0, 0, 1, 1, 0, 0, 2, 0, 0, 1, 0, 3, 2, 1, 1, 1, 0, 0, 1, 1, 1, 0, 1, 0, 2, 0, 1, 0, 0, 0, 2, 0, 1, 0, 0, 0, 1],922.4902335948325,56225.538460804004,129714.61644009146,false
2,G3_TWC,G4_BALANCED,[31, 22, 82, 15, 26, 9, 95, 42, 77, 12, 47, 5, 93, 78, 86, 54, 85, 63, 18, 44, 20, 35, 43, 97, 91, 76, 10, 30, 21, 45, 71, 64, 1, 23, 17, 83, 24, 41, 60, 36, 6, 57, 40, 88, 65, 56, 79, 69, 67, 68, 46, 75, 38, 58, 19, 32, 81, 48, 27, 62, 87, 90, 99, 59, 11, 16, 72, 73, 70, 89, 37, 84, 3, 14, 25, 55, 28, 66, 29, 7, 96, 50, 61, 33, 39, 74, 51, 80, 8, 53, 92, 2, 94, 4, 52, 49, 0, 34, 98, 13]|[2, 1, 0, 1, 1, 0, 1, 2, 2, 1, 2, 2, 2, 1, 1, 0, 0, 0, 0, 2, 2, 0, 1, 2, 0, 1, 2, 2, 0, 0, 1, 2, 1, 2, 1, 0, 2, 1, 1, 1, 0, 1, 2, 1, 0, 2, 1, 2, 0, 0, 0, 0, 1, 1, 2, 1, 2, 1, 0, 0, 2, 1, 0, 1, 2, 1, 2, 1, 1, 1, 0, 1, 1, 0, 1, 1, 1, 2, 1, 1, 1, 0, 1, 0, 1, 2, 0, 0, 1, 0, 0, 0, 1, 0, 2, 0, 0, 2, 0, 0]|[0, 3, 2, 2, 4, 1, 2, 2, 1, 4, 0, 1, 2, 4, 4, 1, 2, 1, 2, 1, 1, 1, 1, 2, 1, 2, 1, 1, 1, 1, 3, 2, 3, 0, 4, 0, 1, 4, 0, 3, 2, 2, 0, 0, 1, 1, 0, 2, 0, 1, 2, 2, 1, 0, 0, 3, 1, 4, 1, 2, 2, 3, 1, 2, 1, 3, 0, 4, 1, 1, 1, 1, 1, 2, 4, 4, 4, 0, 3, 1, 3, 1, 3, 2, 0, 0, 1, 1, 3, 2, 0, 2, 4, 2, 1, 1, 2, 1, 0, 2]|[0, 2, 1, 1, 3, 0, 1, 0, 0, 0, 0, 0, 1, 0, 1, 0, 0, 0, 1, 0, 0, 1, 3, 1, 0, 2, 0, 0, 0, 1, 0, 0, 0, 0, 3, 0, 1, 3, 0, 2, 1, 1, 0, 0, 0, 0, 0, 0, 1, 0, 0, 0, 1, 3, 0, 0, 0, 2, 0, 1, 0, 2, 0, 1, 0, 2, 1, 0, 3, 1, 0, 3, 1, 0, 3, 3, 1, 0, 0, 2, 2, 0, 0, 1, 1, 0, 0, 0, 2, 1, 1, 0, 2, 0, 0, 1, 0, 0, 0, 0],821.6547937044886,58123.029061532,117360.05166761237,true
2,G1_CMAX,G4_BALANCED,[31, 22, 82, 15, 26, 9, 95, 42, 77, 12, 47, 5, 93, 78, 86, 54, 85, 63, 18, 44, 20, 35, 43, 97, 91, 76, 10, 30, 21, 45, 71, 64, 1, 23, 17, 83, 24, 41, 60, 36, 6, 57, 40, 88, 65, 75, 79, 69, 67, 68, 46, 56, 38, 58, 19, 32, 81, 48, 27, 62, 87, 90, 99, 59, 11, 16, 72, 73, 70, 39, 37, 84, 3, 92, 25, 55, 28, 51, 29, 7, 96, 74, 61, 33, 89, 14, 66, 80, 94, 53, 50, 2, 8, 4, 52, 49, 0, 34, 98, 13]|[2, 1, 0, 1, 1, 0, 1, 2, 2, 1, 2, 2, 2, 1, 1, 0, 0, 0, 0, 2, 2, 0, 1, 2, 0, 1, 2, 2, 0, 0, 1, 2, 1, 2, 2, 0, 0, 1, 1, 1, 0, 1, 1, 1, 0, 0, 1, 2, 0, 0, 2, 2, 1, 1, 2, 1, 2, 1, 0, 0, 2, 1, 0, 1, 2, 1, 2, 1, 1, 1, 0, 1, 1, 0, 1, 1, 1, 0, 1, 1, 1, 2, 1, 2, 1, 0, 0, 0, 1, 0, 0, 0, 1, 1, 2, 0, 0, 2, 0, 0]|[0, 3, 2, 2, 4, 1, 2, 2, 1, 4, 0, 1, 2, 4, 4, 1, 2, 1, 2, 1, 1, 1, 1, 2, 1, 2, 1, 1, 1, 1, 3, 2, 3, 0, 1, 0, 1, 4, 0, 3, 2, 2, 2, 0, 1, 2, 0, 2, 0, 1, 1, 1, 1, 0, 0, 3, 2, 4, 1, 2, 2, 3, 1, 2, 1, 3, 0, 4, 1, 1, 1, 1, 1, 0, 4, 4, 4, 1, 3, 1, 3, 0, 3, 2, 1, 2, 2, 1, 4, 2, 1, 2, 3, 4, 1, 1, 2, 1, 0, 2]|[0, 2, 1, 1, 3, 0, 1, 0, 0, 0, 0, 0, 1, 0, 1, 0, 0, 0, 1, 0, 0, 1, 3, 1, 0, 2, 0, 0, 0, 1, 0, 0, 0, 0, 0, 0, 0, 3, 0, 2, 1, 1, 1, 0, 0, 0, 0, 0, 1, 0, 0, 0, 1, 3, 0, 0, 1, 2, 0, 1, 0, 2, 0, 1, 0, 2, 1, 0, 3, 1, 0, 3, 1, 1, 3, 3, 1, 0, 0, 2, 2, 0, 0, 0, 1, 0, 0, 0, 2, 1, 0, 0, 2, 0, 0, 1, 0, 0, 0, 0],801.8881181607775,58484.683679669666,119285.05667989879,true
2,G4_BALANCED,G3_TWC,[31, 22, 82, 15, 26, 9, 95, 42, 77, 12, 47, 5, 93, 78, 86, 54, 85, 63, 18, 44, 20, 35, 43, 97, 91, 76, 10, 30, 21, 45, 71, 64, 1, 23, 17, 83, 24, 41, 60, 36, 6, 57, 40, 88, 65, 56, 79, 69, 67, 68, 46, 75, 38, 58, 19, 32, 81, 48, 27, 62, 87, 90, 99, 59, 11, 16, 72, 73, 70, 89, 37, 84, 13, 92, 25, 55, 28, 51, 29, 7, 96, 50, 61, 33, 39, 74, 66, 98, 8, 53, 14, 2, 94, 4, 52, 49, 0, 34, 80, 3]|[2, 1, 0, 1, 1, 0, 1, 2, 2, 1, 2, 2, 2, 1, 1, 0, 0, 0, 0, 2, 2, 0, 1, 2, 0, 1, 2, 2, 0, 0, 1, 2, 1, 2, 1, 0, 2, 1, 1, 1, 0, 1, 2, 1, 0, 2, 1, 2, 0, 0, 0, 0, 1, 1, 2, 1, 2, 1, 0, 0, 2, 1, 0, 1, 2, 1, 2, 1, 1, 1, 0, 1, 0, 0, 1, 1, 1, 0, 1, 1, 1, 0, 1, 0, 1, 2, 2, 0, 1, 0, 0, 0, 1, 0, 2, 0, 0, 2, 0, 1]|[0, 3, 2, 2, 4, 1, 2, 2, 1, 4, 0, 1, 2, 4, 4, 1, 2, 1, 2, 1, 1, 1, 1, 2, 1, 2, 1, 1, 1, 1, 3, 2, 3, 0, 4, 0, 1, 4, 0, 3, 2, 2, 0, 0, 1, 1, 0, 2, 0, 1, 2, 2, 1, 0, 0, 3, 1, 4, 1, 2, 2, 3, 1, 2, 1, 3, 0, 4, 1, 1, 1, 1, 2, 0, 4, 4, 4, 1, 3, 1, 3, 1, 3, 2, 1, 0, 0, 0, 3, 2, 2, 2, 4, 2, 1, 1, 2, 1, 1, 1]|[0, 2, 1, 1, 3, 0, 1, 0, 0, 0, 0, 0, 1, 0, 1, 0, 0, 0, 1, 0, 0, 1, 3, 1, 0, 2, 0, 0, 0, 1, 0, 0, 0, 0, 3, 0, 1, 3, 0, 2, 1, 1, 0, 0, 0, 0, 0, 0, 1, 0, 0, 0, 1, 3, 0, 0, 0, 2, 0, 1, 0, 2, 0, 1, 0, 2, 1, 0, 3, 1, 0, 3, 0, 1, 3, 3, 1, 0, 0, 2, 2, 0, 0, 1, 1, 0, 0, 0, 2, 1, 0, 0, 2, 0, 0, 1, 0, 0, 0, 1],837.9777884740815,57998.766069457466,116257.20721386475,true
2,G2_TEC,G2_TEC,[31, 22, 82, 15, 26, 9, 95, 42, 77, 4, 47, 5, 93, 78, 86, 54, 85, 63, 18, 44, 20, 49, 36, 14, 48, 50, 53, 17, 21, 45, 71, 64, 3, 23, 30, 83, 24, 41, 60, 52, 65, 27, 90, 70, 39, 87, 74, 69, 99, 68, 46, 1, 38, 58, 97, 59, 28, 8, 73, 37, 35, 79, 11, 66, 94, 32, 72, 13, 56, 6, 80, 61, 89, 92, 25, 34, 91, 57, 10, 7, 96, 88, 84, 19, 51, 33, 12, 98, 0, 81, 75, 40, 2, 55, 29, 16, 43, 76, 67, 62]|[0, 1, 2, 2, 1, 2, 0, 0, 1, 1, 2, 0, 2, 2, 1, 0, 0, 0, 0, 2, 2, 1, 0, 2, 2, 2, 2, 2, 0, 1, 1, 0, 0, 0, 1, 0, 2, 1, 2, 1, 0, 0, 1, 1, 0, 1, 0, 2, 1, 0, 0, 2, 2, 1, 2, 0, 2, 1, 1, 0, 2, 1, 2, 2, 2, 0, 1, 1, 2, 1, 0, 1, 1, 0, 1, 1, 1, 0, 1, 2, 0, 1, 0, 2, 0, 1, 1, 1, 0, 1, 0, 2, 2, 1, 1, 0, 2, 2, 1, 0]|[1, 3, 0, 2, 4, 1, 0, 0, 2, 4, 0, 2, 1, 0, 2, 1, 1, 1, 2, 1, 2, 3, 0, 1, 0, 1, 1, 1, 1, 0, 3, 2, 2, 0, 4, 1, 1, 4, 0, 3, 2, 1, 4, 4, 1, 0, 0, 2, 3, 1, 2, 1, 2, 0, 1, 2, 0, 3, 0, 1, 2, 3, 0, 0, 1, 0, 2, 4, 1, 4, 1, 3, 1, 1, 4, 4, 4, 0, 1, 1, 2, 4, 2, 2, 0, 4, 3, 4, 2, 1, 2, 0, 1, 4, 3, 2, 1, 1, 3, 2]|[1, 2, 0, 0, 3, 0, 0, 0, 0, 0, 0, 0, 1, 0, 1, 0, 0, 0, 1, 0, 0, 2, 0, 0, 0, 0, 0, 0, 0, 1, 0, 0, 0, 0, 3, 0, 1, 3, 1, 2, 0, 0, 1, 3, 0, 0, 1, 0, 2, 0, 0, 1, 0, 3, 1, 0, 0, 0, 1, 0, 0, 2, 0, 0, 0, 1, 1, 0, 0, 2, 0, 0, 1, 0, 3, 2, 1, 1, 1, 0, 0, 1, 1, 1, 0, 1, 0, 2, 0, 1, 0, 0, 0, 2, 0, 1, 0, 0, 0, 1],922.4902335948325,56225.538460804004,129714.61644009146,false
2,G3_TWC,G4_BALANCED,[31, 22, 82, 15, 26, 9, 95, 42, 77, 12, 47, 5, 93, 78, 86, 54, 85, 63, 18, 44, 20, 35, 43, 97, 91, 76, 10, 30, 21, 45, 71, 64, 1, 23, 17, 83, 24, 41, 60, 36, 6, 57, 40, 88, 65, 56, 79, 69, 67, 68, 46, 75, 38, 58, 19, 32, 81, 48, 27, 62, 87, 90, 99, 59, 11, 16, 72, 73, 70, 89, 37, 84, 3, 14, 25, 55, 28, 66, 29, 7, 96, 50, 61, 33, 39, 74, 51, 80, 8, 53, 92, 2, 94, 4, 52, 49, 0, 34, 98, 13]|[2, 1, 0, 1, 1, 0, 1, 2, 2, 1, 2, 2, 2, 1, 1, 0, 0, 0, 0, 2, 2, 0, 1, 2, 0, 1, 2, 2, 0, 0, 1, 2, 1, 2, 1, 0, 2, 1, 1, 1, 0, 1, 2, 1, 0, 2, 1, 2, 0, 0, 0, 0, 1, 1, 2, 1, 2, 1, 0, 0, 2, 1, 0, 1, 2, 1, 2, 1, 1, 1, 0, 1, 1, 0, 1, 1, 1, 2, 1, 1, 1, 0, 1, 0, 1, 2, 0, 0, 1, 0, 0, 0, 1, 0, 2, 0, 0, 2, 0, 0]|[0, 3, 2, 2, 4, 1, 2, 2, 1, 4, 0, 1, 2, 4, 4, 1, 2, 1, 2, 1, 1, 1, 1, 2, 1, 2, 1, 1, 1, 1, 3, 2, 3, 0, 4, 0, 1, 4, 0, 3, 2, 2, 0, 0, 1, 1, 0, 2, 0, 1, 2, 2, 1, 0, 0, 3, 1, 4, 1, 2, 2, 3, 1, 2, 1, 3, 0, 4, 1, 1, 1, 1, 1, 2, 4, 4, 4, 0, 3, 1, 3, 1, 3, 2, 0, 0, 1, 1, 3, 2, 0, 2, 4, 2, 1, 1, 2, 1, 0, 2]|[0, 2, 1, 1, 3, 0, 1, 0, 0, 0, 0, 0, 1, 0, 1, 0, 0, 0, 1, 0, 0, 1, 3, 1, 0, 2, 0, 0, 0, 1, 0, 0, 0, 0, 3, 0, 1, 3, 0, 2, 1, 1, 0, 0, 0, 0, 0, 0, 1, 0, 0, 0, 1, 3, 0, 0, 0, 2, 0, 1, 0, 2, 0, 1, 0, 2, 1, 0, 3, 1, 0, 3, 1, 0, 3, 3, 1, 0, 0, 2, 2, 0, 0, 1, 1, 0, 0, 0, 2, 1, 1, 0, 2, 0, 0, 1, 0, 0, 0, 0],821.6547937044886,58123.029061532,117360.05166761237,true
2,G1_CMAX,G4_BALANCED,[31, 22, 82, 15, 26, 9, 95, 42, 77, 12, 47, 5, 93, 78, 86, 54, 85, 63, 18, 44, 20, 35, 43, 97, 91, 76, 10, 30, 21, 45, 71, 64, 1, 23, 17, 83, 24, 41, 60, 36, 6, 57, 40, 88, 65, 75, 79, 69, 67, 68, 46, 56, 38, 58, 19, 32, 81, 48, 27, 62, 87, 90, 99, 59, 11, 16, 72, 73, 70, 39, 37, 84, 3, 92, 25, 55, 28, 51, 29, 7, 96, 74, 61, 33, 89, 14, 66, 80, 94, 53, 50, 2, 8, 4, 52, 49, 0, 34, 98, 13]|[2, 1, 0, 1, 1, 0, 1, 2, 2, 1, 2, 2, 2, 1, 1, 0, 0, 0, 0, 2, 2, 0, 1, 2, 0, 1, 2, 2, 0, 0, 1, 2, 1, 2, 2, 0, 0, 1, 1, 1, 0, 1, 1, 1, 0, 0, 1, 2, 0, 0, 2, 2, 1, 1, 2, 1, 2, 1, 0, 0, 2, 1, 0, 1, 2, 1, 2, 1, 1, 1, 0, 1, 1, 0, 1, 1, 1, 0, 1, 1, 1, 2, 1, 2, 1, 0, 0, 0, 1, 0, 0, 0, 1, 1, 2, 0, 0, 2, 0, 0]|[0, 3, 2, 2, 4, 1, 2, 2, 1, 4, 0, 1, 2, 4, 4, 1, 2, 1, 2, 1, 1, 1, 1, 2, 1, 2, 1, 1, 1, 1, 3, 2, 3, 0, 1, 0, 1, 4, 0, 3, 2, 2, 2, 0, 1, 2, 0, 2, 0, 1, 1, 1, 1, 0, 0, 3, 2, 4, 1, 2, 2, 3, 1, 2, 1, 3, 0, 4, 1, 1, 1, 1, 1, 0, 4, 4, 4, 1, 3, 1, 3, 0, 3, 2, 1, 2, 2, 1, 4, 2, 1, 2, 3, 4, 1, 1, 2, 1, 0, 2]|[0, 2, 1, 1, 3, 0, 1, 0, 0, 0, 0, 0, 1, 0, 1, 0, 0, 0, 1, 0, 0, 1, 3, 1, 0, 2, 0, 0, 0, 1, 0, 0, 0, 0, 0, 0, 0, 3, 0, 2, 1, 1, 1, 0, 0, 0, 0, 0, 1, 0, 0, 0, 1, 3, 0, 0, 1, 2, 0, 1, 0, 2, 0, 1, 0, 2, 1, 0, 3, 1, 0, 3, 1, 1, 3, 3, 1, 0, 0, 2, 2, 0, 0, 0, 1, 0, 0, 0, 2, 1, 0, 0, 2, 0, 0, 1, 0, 0, 0, 0],801.8881181607775,58484.683679669666,119285.05667989879,true
2,G4_BALANCED,G1_CMAX,[31, 22, 82, 15, 26, 9, 95, 42, 77, 12, 47, 5, 93, 78, 86, 54, 85, 63, 18, 44, 20, 35, 43, 97, 91, 76, 10, 30, 21, 45, 71, 64, 1, 23, 17, 46, 27, 41, 60, 36, 6, 57, 40, 88, 65, 56, 79, 69, 67, 68, 83, 75, 38, 58, 19, 32, 81, 48, 24, 62, 87, 90, 99, 59, 11, 16, 72, 73, 61, 39, 37, 84, 3, 92, 25, 55, 28, 51, 29, 7, 96, 74, 70, 33, 89, 50, 66, 80, 8, 53, 14, 2, 34, 4, 52, 49, 0, 94, 98, 13]|[2, 1, 0, 1, 1, 0, 1, 2, 2, 1, 2, 2, 2, 1, 1, 0, 0, 0, 0, 2, 2, 0, 1, 2, 0, 2, 2, 2, 0, 0, 1, 2, 1, 2, 1, 2, 0, 1, 1, 1, 0, 1, 1, 1, 0, 2, 1, 2, 0, 0, 0, 0, 1, 1, 2, 1, 2, 1, 0, 0, 2, 1, 0, 1, 2, 1, 2, 1, 1, 1, 0, 1, 1, 0, 1, 1, 1, 0, 1, 1, 1, 2, 1, 2, 1, 0, 0, 0, 1, 0, 0, 0, 2, 1, 2, 0, 0, 1, 0, 0]|[0, 3, 2, 2, 4, 1, 2, 2, 1, 4, 0, 1, 2, 4, 4, 1, 2, 1, 2, 1, 1, 1, 1, 2, 1, 1, 1, 1, 1, 1, 3, 2, 3, 0, 4, 1, 1, 4, 0, 3, 2, 2, 2, 0, 1, 1, 0, 2, 0, 1, 2, 2, 1, 0, 0, 3, 2, 4, 1, 2, 2, 3, 1, 2, 1, 3, 0, 4, 3, 1, 1, 1, 1, 0, 4, 4, 4, 1, 3, 1, 3, 0, 1, 2, 1, 1, 2, 1, 3, 2, 2, 2, 1, 4, 1, 1, 2, 4, 1, 2]|[0, 2, 1, 1, 3, 0, 1, 0, 0, 0, 0, 0, 1, 0, 1, 0, 0, 0, 1, 0, 0, 1, 3, 1, 0, 0, 0, 0, 0, 1, 0, 0, 0, 0, 3, 0, 0, 3, 0, 2, 1, 1, 1, 0, 0, 0, 0, 0, 1, 0, 0, 0, 1, 3, 0, 0, 1, 2, 0, 1, 0, 2, 0, 1, 0, 2, 1, 0, 0, 1, 0, 3, 1, 1, 3, 3, 1, 0, 0, 2, 2, 0, 3, 0, 1, 0, 0, 0, 2, 1, 0, 0, 0, 0, 0, 1, 0, 2, 0, 0],830.6930766304811,57864.27995439536,117731.4843942947,true
2,G2_TEC,G2_TEC,[31, 22, 82, 15, 26, 9, 95, 42, 77, 4, 47, 5, 93, 78, 86, 54, 85, 63, 18, 44, 20, 49, 36, 14, 48, 50, 53, 17, 21, 45, 71, 64, 3, 23, 30, 83, 24, 41, 60, 52, 65, 27, 90, 70, 39, 87, 74, 69, 99, 68, 46, 1, 38, 58, 97, 59, 28, 8, 73, 37, 35, 79, 11, 66, 94, 32, 72, 13, 56, 6, 80, 61, 89, 92, 25, 34, 91, 57, 10, 7, 96, 88, 84, 19, 51, 33, 12, 98, 0, 81, 75, 40, 2, 55, 29, 16, 43, 76, 67, 62]|[0, 1, 2, 2, 1, 2, 0, 0, 1, 1, 2, 0, 2, 2, 1, 0, 0, 0, 0, 2, 2, 1, 0, 2, 2, 2, 2, 2, 0, 1, 1, 0, 0, 0, 1, 0, 2, 1, 2, 1, 0, 0, 1, 1, 0, 1, 0, 2, 1, 0, 0, 2, 2, 1, 2, 0, 2, 1, 1, 0, 2, 1, 2, 2, 2, 0, 1, 1, 2, 1, 0, 1, 1, 0, 1, 1, 1, 0, 1, 2, 0, 1, 0, 2, 0, 1, 1, 1, 0, 1, 0, 2, 2, 1, 1, 0, 2, 2, 1, 0]|[1, 3, 0, 2, 4, 1, 0, 0, 2, 4, 0, 2, 1, 0, 2, 1, 1, 1, 2, 1, 2, 3, 0, 1, 0, 1, 1, 1, 1, 0, 3, 2, 2, 0, 4, 1, 1, 4, 0, 3, 2, 1, 4, 4, 1, 0, 0, 2, 3, 1, 2, 1, 2, 0, 1, 2, 0, 3, 0, 1, 2, 3, 0, 0, 1, 0, 2, 4, 1, 4, 1, 3, 1, 1, 4, 4, 4, 0, 1, 1, 2, 4, 2, 2, 0, 4, 3, 4, 2, 1, 2, 0, 1, 4, 3, 2, 1, 1, 3, 2]|[1, 2, 0, 0, 3, 0, 0, 0, 0, 0, 0, 0, 1, 0, 1, 0, 0, 0, 1, 0, 0, 2, 0, 0, 0, 0, 0, 0, 0, 1, 0, 0, 0, 0, 3, 0, 1, 3, 1, 2, 0, 0, 1, 3, 0, 0, 1, 0, 2, 0, 0, 1, 0, 3, 1, 0, 0, 0, 1, 0, 0, 2, 0, 0, 0, 1, 1, 0, 0, 2, 0, 0, 1, 0, 3, 2, 1, 1, 1, 0, 0, 1, 1, 1, 0, 1, 0, 2, 0, 1, 0, 0, 0, 2, 0, 1, 0, 0, 0, 1],922.4902335948325,56225.538460804004,129714.61644009146,false
2,G3_TWC,G4_BALANCED,[31, 22, 82, 15, 26, 9, 95, 42, 77, 12, 47, 5, 93, 78, 86, 54, 85, 63, 18, 44, 20, 35, 43, 97, 91, 76, 10, 30, 21, 45, 71, 64, 1, 23, 17, 83, 24, 41, 60, 36, 6, 57, 40, 88, 65, 56, 79, 69, 67, 68, 46, 75, 38, 58, 19, 32, 81, 48, 27, 62, 87, 90, 99, 59, 11, 16, 72, 73, 70, 89, 37, 84, 3, 14, 25, 55, 28, 66, 29, 7, 96, 50, 61, 33, 39, 74, 51, 80, 8, 53, 92, 2, 94, 4, 52, 49, 0, 34, 98, 13]|[2, 1, 0, 1, 1, 0, 1, 2, 2, 1, 2, 2, 2, 1, 1, 0, 0, 0, 0, 2, 2, 0, 1, 2, 0, 1, 2, 2, 0, 0, 1, 2, 1, 2, 1, 0, 2, 1, 1, 1, 0, 1, 2, 1, 0, 2, 1, 2, 0, 0, 0, 0, 1, 1, 2, 1, 2, 1, 0, 0, 2, 1, 0, 1, 2, 1, 2, 1, 1, 1, 0, 1, 1, 0, 1, 1, 1, 2, 1, 1, 1, 0, 1, 0, 1, 2, 0, 0, 1, 0, 0, 0, 1, 0, 2, 0, 0, 2, 0, 0]|[0, 3, 2, 2, 4, 1, 2, 2, 1, 4, 0, 1, 2, 4, 4, 1, 2, 1, 2, 1, 1, 1, 1, 2, 1, 2, 1, 1, 1, 1, 3, 2, 3, 0, 4, 0, 1, 4, 0, 3, 2, 2, 0, 0, 1, 1, 0, 2, 0, 1, 2, 2, 1, 0, 0, 3, 1, 4, 1, 2, 2, 3, 1, 2, 1, 3, 0, 4, 1, 1, 1, 1, 1, 2, 4, 4, 4, 0, 3, 1, 3, 1, 3, 2, 0, 0, 1, 1, 3, 2, 0, 2, 4, 2, 1, 1, 2, 1, 0, 2]|[0, 2, 1, 1, 3, 0, 1, 0, 0, 0, 0, 0, 1, 0, 1, 0, 0, 0, 1, 0, 0, 1, 3, 1, 0, 2, 0, 0, 0, 1, 0, 0, 0, 0, 3, 0, 1, 3, 0, 2, 1, 1, 0, 0, 0, 0, 0, 0, 1, 0, 0, 0, 1, 3, 0, 0, 0, 2, 0, 1, 0, 2, 0, 1, 0, 2, 1, 0, 3, 1, 0, 3, 1, 0, 3, 3, 1, 0, 0, 2, 2, 0, 0, 1, 1, 0, 0, 0, 2, 1, 1, 0, 2, 0, 0, 1, 0, 0, 0, 0],821.6547937044886,58123.029061532,117360.05166761237,true
2,G1_CMAX,G4_BALANCED,[31, 22, 82, 15, 26, 9, 95, 42, 77, 12, 47, 5, 93, 78, 86, 54, 85, 63, 18, 44, 20, 35, 43, 97, 91, 76, 10, 30, 21, 45, 71, 64, 1, 23, 17, 83, 24, 41, 60, 36, 6, 57, 40, 88, 65, 75, 79, 69, 67, 68, 46, 56, 38, 58, 19, 32, 81, 48, 27, 62, 87, 90, 99, 59, 11, 16, 72, 73, 70, 39, 37, 84, 3, 92, 25, 55, 28, 51, 29, 7, 96, 74, 61, 33, 89, 14, 66, 80, 94, 53, 50, 2, 8, 4, 52, 49, 0, 34, 98, 13]|[2, 1, 0, 1, 1, 0, 1, 2, 2, 1, 2, 2, 2, 1, 1, 0, 0, 0, 0, 2, 2, 0, 1, 2, 0, 1, 2, 2, 0, 0, 1, 2, 1, 2, 2, 0, 0, 1, 1, 1, 0, 1, 1, 1, 0, 0, 1, 2, 0, 0, 2, 2, 1, 1, 2, 1, 2, 1, 0, 0, 2, 1, 0, 1, 2, 1, 2, 1, 1, 1, 0, 1, 1, 0, 1, 1, 1, 0, 1, 1, 1, 2, 1, 2, 1, 0, 0, 0, 1, 0, 0, 0, 1, 1, 2, 0, 0, 2, 0, 0]|[0, 3, 2, 2, 4, 1, 2, 2, 1, 4, 0, 1, 2, 4, 4, 1, 2, 1, 2, 1, 1, 1, 1, 2, 1, 2, 1, 1, 1, 1, 3, 2, 3, 0, 1, 0, 1, 4, 0, 3, 2, 2, 2, 0, 1, 2, 0, 2, 0, 1, 1, 1, 1, 0, 0, 3, 2, 4, 1, 2, 2, 3, 1, 2, 1, 3, 0, 4, 1, 1, 1, 1, 1, 0, 4, 4, 4, 1, 3, 1, 3, 0, 3, 2, 1, 2, 2, 1, 4, 2, 1, 2, 3, 4, 1, 1, 2, 1, 0, 2]|[0, 2, 1, 1, 3, 0, 1, 0, 0, 0, 0, 0, 1, 0, 1, 0, 0, 0, 1, 0, 0, 1, 3, 1, 0, 2, 0, 0, 0, 1, 0, 0, 0, 0, 0, 0, 0, 3, 0, 2, 1, 1, 1, 0, 0, 0, 0, 0, 1, 0, 0, 0, 1, 3, 0, 0, 1, 2, 0, 1, 0, 2, 0, 1, 0, 2, 1, 0, 3, 1, 0, 3, 1, 1, 3, 3, 1, 0, 0, 2, 2, 0, 0, 0, 1, 0, 0, 0, 2, 1, 0, 0, 2, 0, 0, 1, 0, 0, 0, 0],801.8881181607775,58484.683679669666,119285.05667989879,true
2,G4_BALANCED,G2_TEC,[31, 22, 82, 15, 26, 9, 95, 42, 77, 4, 47, 5, 93, 78, 86, 54, 85, 63, 18, 44, 20, 49, 36, 14, 48, 50, 53, 17, 21, 45, 71, 64, 3, 23, 30, 83, 24, 41, 60, 52, 65, 27, 90, 70, 39, 87, 74, 69, 99, 68, 46, 1, 38, 58, 97, 59, 28, 8, 73, 37, 35, 79, 11, 66, 76, 57, 72, 13, 56, 6, 80, 61, 89, 92, 25, 34, 91, 32, 10, 7, 96, 88, 84, 19, 12, 67, 51, 16, 43, 81, 75, 40, 2, 55, 0, 33, 29, 94, 98, 62]|[0, 1, 2, 2, 1, 2, 0, 0, 1, 1, 2, 0, 2, 2, 1, 2, 0, 0, 0, 2, 2, 1, 0, 2, 2, 2, 2, 2, 0, 1, 1, 0, 0, 0, 1, 0, 2, 1, 2, 2, 0, 0, 1, 1, 0, 1, 0, 2, 1, 0, 0, 2, 2, 1, 2, 0, 2, 1, 1, 0, 2, 1, 2, 2, 2, 0, 1, 1, 2, 1, 0, 1, 1, 2, 1, 1, 1, 0, 1, 2, 0, 1, 0, 2, 1, 1, 0, 0, 2, 1, 2, 2, 2, 1, 0, 1, 1, 2, 1, 0]|[1, 3, 0, 2, 4, 1, 0, 0, 2, 4, 0, 2, 1, 0, 2, 1, 1, 1, 2, 1, 2, 3, 0, 1, 0, 1, 1, 1, 1, 0, 3, 2, 2, 0, 4, 1, 1, 4, 0, 1, 2, 1, 4, 4, 1, 0, 0, 2, 3, 1, 2, 1, 2, 0, 1, 2, 0, 3, 0, 1, 2, 3, 0, 0, 1, 0, 2, 4, 1, 4, 1, 3, 1, 2, 4, 4, 4, 0, 1, 1, 2, 4, 2, 0, 3, 3, 0, 2, 1, 1, 2, 0, 1, 3, 2, 4, 3, 1, 4, 2]|[1, 2, 0, 0, 3, 0, 0, 0, 0, 0, 0, 0, 1, 0, 1, 0, 0, 0, 1, 0, 0, 2, 0, 0, 0, 0, 0, 0, 0, 1, 0, 0, 0, 0, 3, 0, 1, 3, 1, 0, 0, 0, 1, 3, 0, 0, 1, 0, 2, 0, 0, 1, 0, 3, 1, 0, 0, 0, 1, 0, 0, 2, 0, 0, 0, 1, 1, 0, 0, 2, 0, 0, 1, 0, 3, 2, 1, 1, 1, 0, 0, 1, 1, 0, 0, 0, 0, 1, 0, 1, 1, 0, 0, 0, 0, 1, 0, 0, 2, 1],1016.4323635097834,55960.754071720774,132940.10991914486,true
2,G2_TEC,G2_TEC,[31, 22, 82, 15, 26, 9, 95, 42, 77, 4, 47, 5, 93, 78, 86, 54, 85, 63, 18, 44, 20, 49, 36, 14, 48, 50, 53, 17, 21, 45, 71, 64, 3, 23, 30, 83, 24, 41, 60, 52, 65, 27, 90, 70, 39, 87, 74, 69, 99, 68, 46, 1, 38, 58, 97, 59, 28, 8, 73, 37, 35, 79, 11, 66, 94, 32, 72, 13, 56, 6, 80, 61, 89, 92, 25, 34, 91, 57, 10, 7, 96, 88, 84, 19, 51, 33, 12, 98, 0, 81, 75, 40, 2, 55, 29, 16, 43, 76, 67, 62]|[0, 1, 2, 2, 1, 2, 0, 0, 1, 1, 2, 0, 2, 2, 1, 0, 0, 0, 0, 2, 2, 1, 0, 2, 2, 2, 2, 2, 0, 1, 1, 0, 0, 0, 1, 0, 2, 1, 2, 1, 0, 0, 1, 1, 0, 1, 0, 2, 1, 0, 0, 2, 2, 1, 2, 0, 2, 1, 1, 0, 2, 1, 2, 2, 2, 0, 1, 1, 2, 1, 0, 1, 1, 0, 1, 1, 1, 0, 1, 2, 0, 1, 0, 2, 0, 1, 1, 1, 0, 1, 0, 2, 2, 1, 1, 0, 2, 2, 1, 0]|[1, 3, 0, 2, 4, 1, 0, 0, 2, 4, 0, 2, 1, 0, 2, 1, 1, 1, 2, 1, 2, 3, 0, 1, 0, 1, 1, 1, 1, 0, 3, 2, 2, 0, 4, 1, 1, 4, 0, 3, 2, 1, 4, 4, 1, 0, 0, 2, 3, 1, 2, 1, 2, 0, 1, 2, 0, 3, 0, 1, 2, 3, 0, 0, 1, 0, 2, 4, 1, 4, 1, 3, 1, 1, 4, 4, 4, 0, 1, 1, 2, 4, 2, 2, 0, 4, 3, 4, 2, 1, 2, 0, 1, 4, 3, 2, 1, 1, 3, 2]|[1, 2, 0, 0, 3, 0, 0, 0, 0, 0, 0, 0, 1, 0, 1, 0, 0, 0, 1, 0, 0, 2, 0, 0, 0, 0, 0, 0, 0, 1, 0, 0, 0, 0, 3, 0, 1, 3, 1, 2, 0, 0, 1, 3, 0, 0, 1, 0, 2, 0, 0, 1, 0, 3, 1, 0, 0, 0, 1, 0, 0, 2, 0, 0, 0, 1, 1, 0, 0, 2, 0, 0, 1, 0, 3, 2, 1, 1, 1, 0, 0, 1, 1, 1, 0, 1, 0, 2, 0, 1, 0, 0, 0, 2, 0, 1, 0, 0, 0, 1],922.4902335948325,56225.538460804004,129714.61644009146,false
2,G3_TWC,G4_BALANCED,[31, 22, 82, 15, 26, 9, 95, 42, 77, 12, 47, 5, 93, 78, 86, 54, 85, 63, 18, 44, 20, 35, 43, 97, 91, 76, 10, 30, 21, 45, 71, 64, 1, 23, 17, 83, 24, 41, 60, 36, 6, 57, 40, 88, 65, 56, 79, 69, 67, 68, 46, 75, 38, 58, 19, 32, 81, 48, 27, 62, 87, 90, 99, 59, 11, 16, 72, 73, 70, 89, 37, 84, 3, 14, 25, 55, 28, 66, 29, 7, 96, 50, 61, 33, 39, 74, 51, 80, 8, 53, 92, 2, 94, 4, 52, 49, 0, 34, 98, 13]|[2, 1, 0, 1, 1, 0, 1, 2, 2, 1, 2, 2, 2, 1, 1, 0, 0, 0, 0, 2, 2, 0, 1, 2, 0, 1, 2, 2, 0, 0, 1, 2, 1, 2, 1, 0, 2, 1, 1, 1, 0, 1, 2, 1, 0, 2, 1, 2, 0, 0, 0, 0, 1, 1, 2, 1, 2, 1, 0, 0, 2, 1, 0, 1, 2, 1, 2, 1, 1, 1, 0, 1, 1, 0, 1, 1, 1, 2, 1, 1, 1, 0, 1, 0, 1, 2, 0, 0, 1, 0, 0, 0, 1, 0, 2, 0, 0, 2, 0, 0]|[0, 3, 2, 2, 4, 1, 2, 2, 1, 4, 0, 1, 2, 4, 4, 1, 2, 1, 2, 1, 1, 1, 1, 2, 1, 2, 1, 1, 1, 1, 3, 2, 3, 0, 4, 0, 1, 4, 0, 3, 2, 2, 0, 0, 1, 1, 0, 2, 0, 1, 2, 2, 1, 0, 0, 3, 1, 4, 1, 2, 2, 3, 1, 2, 1, 3, 0, 4, 1, 1, 1, 1, 1, 2, 4, 4, 4, 0, 3, 1, 3, 1, 3, 2, 0, 0, 1, 1, 3, 2, 0, 2, 4, 2, 1, 1, 2, 1, 0, 2]|[0, 2, 1, 1, 3, 0, 1, 0, 0, 0, 0, 0, 1, 0, 1, 0, 0, 0, 1, 0, 0, 1, 3, 1, 0, 2, 0, 0, 0, 1, 0, 0, 0, 0, 3, 0, 1, 3, 0, 2, 1, 1, 0, 0, 0, 0, 0, 0, 1, 0, 0, 0, 1, 3, 0, 0, 0, 2, 0, 1, 0, 2, 0, 1, 0, 2, 1, 0, 3, 1, 0, 3, 1, 0, 3, 3, 1, 0, 0, 2, 2, 0, 0, 1, 1, 0, 0, 0, 2, 1, 1, 0, 2, 0, 0, 1, 0, 0, 0, 0],821.6547937044886,58123.029061532,117360.05166761237,true
3,G1_CMAX,G4_BALANCED,[31, 22, 82, 15, 26, 9, 95, 42, 77, 12, 47, 5, 93, 78, 86, 54, 85, 63, 18, 44, 20, 35, 43, 97, 91, 76, 10, 30, 21, 45, 71, 64, 1, 23, 17, 83, 24, 41, 60, 36, 6, 57, 40, 88, 65, 75, 79, 69, 67, 68, 46, 56, 38, 58, 19, 32, 81, 48, 27, 62, 87, 90, 99, 59, 11, 16, 72, 73, 70, 39, 37, 84, 3, 92, 25, 55, 28, 51, 29, 7, 96, 74, 61, 33, 89, 14, 66, 80, 94, 53, 50, 2, 8, 4, 52, 49, 0, 34, 98, 13]|[2, 1, 0, 1, 1, 0, 1, 2, 2, 1, 2, 2, 2, 1, 1, 0, 0, 0, 0, 2, 2, 0, 1, 2, 0, 1, 2, 2, 0, 0, 1, 2, 1, 2, 2, 0, 0, 1, 1, 1, 0, 1, 1, 1, 0, 0, 1, 2, 0, 0, 2, 2, 1, 1, 2, 1, 2, 1, 0, 0, 2, 1, 0, 1, 2, 1, 2, 1, 1, 1, 0, 1, 1, 0, 1, 1, 1, 0, 1, 1, 1, 2, 1, 2, 1, 0, 0, 0, 1, 0, 0, 0, 1, 1, 2, 0, 0, 2, 0, 0]|[0, 3, 2, 2, 4, 1, 2, 2, 1, 4, 0, 1, 2, 4, 4, 1, 2, 1, 2, 1, 1, 1, 1, 2, 1, 2, 1, 1, 1, 1, 3, 2, 3, 0, 1, 0, 1, 4, 0, 3, 2, 2, 2, 0, 1, 2, 0, 2, 0, 1, 1, 1, 1, 0, 0, 3, 2, 4, 1, 2, 2, 3, 1, 2, 1, 3, 0, 4, 1, 1, 1, 1, 1, 0, 4, 4, 4, 1, 3, 1, 3, 0, 3, 2, 1, 2, 2, 1, 4, 2, 1, 2, 3, 4, 1, 1, 2, 1, 0, 2]|[0, 2, 1, 1, 3, 0, 1, 0, 0, 0, 0, 0, 1, 0, 1, 0, 0, 0, 1, 0, 0, 1, 3, 1, 0, 2, 0, 0, 0, 1, 0, 0, 0, 0, 0, 0, 0, 3, 0, 2, 1, 1, 1, 0, 0, 0, 0, 0, 1, 0, 0, 0, 1, 3, 0, 0, 1, 2, 0, 1, 0, 2, 0, 1, 0, 2, 1, 0, 3, 1, 0, 3, 1, 1, 3, 3, 1, 0, 0, 2, 2, 0, 0, 0, 1, 0, 0, 0, 2, 1, 0, 0, 2, 0, 0, 1, 0, 0, 0, 0],801.8881181607775,58484.683679669666,119285.05667989879,true
3,G4_BALANCED,G2_TEC,[31, 22, 82, 15, 26, 9, 95, 42, 77, 4, 47, 5, 93, 78, 86, 54, 85, 63, 18, 44, 20, 49, 36, 14, 48, 50, 53, 17, 21, 45, 71, 64, 3, 23, 30, 83, 24, 41, 60, 52, 65, 27, 90, 70, 39, 87, 74, 69, 99, 68, 46, 1, 38, 58, 97, 59, 28, 8, 73, 37, 35, 79, 11, 66, 76, 57, 72, 13, 56, 6, 80, 61, 89, 92, 25, 34, 91, 32, 10, 7, 96, 88, 84, 19, 12, 67, 51, 16, 43, 81, 75, 40, 2, 55, 0, 33, 29, 94, 98, 62]|[0, 1, 2, 2, 1, 2, 0, 0, 1, 1, 2, 0, 2, 2, 1, 2, 0, 0, 0, 2, 2, 1, 0, 2, 2, 2, 2, 2, 0, 1, 1, 0, 0, 0, 1, 0, 2, 1, 2, 2, 0, 0, 1, 1, 0, 1, 0, 2, 1, 0, 0, 2, 2, 1, 2, 0, 2, 1, 1, 0, 2, 1, 2, 2, 2, 0, 1, 1, 2, 1, 0, 1, 1, 2, 1, 1, 1, 0, 1, 2, 0, 1, 0, 2, 1, 1, 0, 0, 2, 1, 2, 2, 2, 1, 0, 1, 1, 2, 1, 0]|[1, 3, 0, 2, 4, 1, 0, 0, 2, 4, 0, 2, 1, 0, 2, 1, 1, 1, 2, 1, 2, 3, 0, 1, 0, 1, 1, 1, 1, 0, 3, 2, 2, 0, 4, 1, 1, 4, 0, 1, 2, 1, 4, 4, 1, 0, 0, 2, 3, 1, 2, 1, 2, 0, 1, 2, 0, 3, 0, 1, 2, 3, 0, 0, 1, 0, 2, 4, 1, 4, 1, 3, 1, 2, 4, 4, 4, 0, 1, 1, 2, 4, 2, 0, 3, 3, 0, 2, 1, 1, 2, 0, 1, 3, 2, 4, 3, 1, 4, 2]|[1, 2, 0, 0, 3, 0, 0, 0, 0, 0, 0, 0, 1, 0, 1, 0, 0, 0, 1, 0, 0, 2, 0, 0, 0, 0, 0, 0, 0, 1, 0, 0, 0, 0, 3, 0, 1, 3, 1, 0, 0, 0, 1, 3, 0, 0, 1, 0, 2, 0, 0, 1, 0, 3, 1, 0, 0, 0, 1, 0, 0, 2, 0, 0, 0, 1, 1, 0, 0, 2, 0, 0, 1, 0, 3, 2, 1, 1, 1, 0, 0, 1, 1, 0, 0, 0, 0, 1, 0, 1, 1, 0, 0, 0, 0, 1, 0, 0, 2, 1],1016.4323635097834,55960.754071720774,132940.10991914486,true
3,G2_TEC,G2_TEC,[31, 22, 82, 15, 26, 9, 95, 42, 77, 4, 47, 5, 93, 78, 86, 54, 85, 63, 18, 44, 20, 49, 36, 14, 48, 50, 53, 17, 21, 45, 71, 64, 3, 23, 30, 83, 24, 41, 60, 52, 65, 27, 90, 70, 39, 87, 74, 69, 99, 68, 46, 1, 38, 58, 97, 59, 28, 8, 73, 37, 35, 79, 11, 66, 94, 32, 72, 13, 56, 6, 80, 61, 89, 92, 25, 34, 91, 57, 10, 7, 96, 88, 84, 19, 51, 33, 12, 98, 0, 81, 75, 40, 2, 55, 29, 16, 43, 76, 67, 62]|[0, 1, 2, 2, 1, 2, 0, 0, 1, 1, 2, 0, 2, 2, 1, 0, 0, 0, 0, 2, 2, 1, 0, 2, 2, 2, 2, 2, 0, 1, 1, 0, 0, 0, 1, 0, 2, 1, 2, 1, 0, 0, 1, 1, 0, 1, 0, 2, 1, 0, 0, 2, 2, 1, 2, 0, 2, 1, 1, 0, 2, 1, 2, 2, 2, 0, 1, 1, 2, 1, 0, 1, 1, 0, 1, 1, 1, 0, 1, 2, 0, 1, 0, 2, 0, 1, 1, 1, 0, 1, 0, 2, 2, 1, 1, 0, 2, 2, 1, 0]|[1, 3, 0, 2, 4, 1, 0, 0, 2, 4, 0, 2, 1, 0, 2, 1, 1, 1, 2, 1, 2, 3, 0, 1, 0, 1, 1, 1, 1, 0, 3, 2, 2, 0, 4, 1, 1, 4, 0, 3, 2, 1, 4, 4, 1, 0, 0, 2, 3, 1, 2, 1, 2, 0, 1, 2, 0, 3, 0, 1, 2, 3, 0, 0, 1, 0, 2, 4, 1, 4, 1, 3, 1, 1, 4, 4, 4, 0, 1, 1, 2, 4, 2, 2, 0, 4, 3, 4, 2, 1, 2, 0, 1, 4, 3, 2, 1, 1, 3, 2]|[1, 2, 0, 0, 3, 0, 0, 0, 0, 0, 0, 0, 1, 0, 1, 0, 0, 0, 1, 0, 0, 2, 0, 0, 0, 0, 0, 0, 0, 1, 0, 0, 0, 0, 3, 0, 1, 3, 1, 2, 0, 0, 1, 3, 0, 0, 1, 0, 2, 0, 0, 1, 0, 3, 1, 0, 0, 0, 1, 0, 0, 2, 0, 0, 0, 1, 1, 0, 0, 2, 0, 0, 1, 0, 3, 2, 1, 1, 1, 0, 0, 1, 1, 1, 0, 1, 0, 2, 0, 1, 0, 0, 0, 2, 0, 1, 0, 0, 0, 1],922.4902335948325,56225.538460804004,129714.61644009146,false
3,G3_TWC,G4_BALANCED,[31, 22, 82, 15, 26, 9, 95, 42, 77, 12, 47, 5, 93, 78, 86, 54, 85, 63, 18, 44, 20, 35, 43, 97, 91, 76, 10, 30, 21, 45, 71, 64, 1, 23, 17, 83, 24, 41, 60, 36, 6, 57, 40, 88, 65, 56, 79, 69, 67, 68, 46, 75, 38, 58, 19, 32, 81, 48, 27, 62, 87, 90, 99, 59, 11, 16, 72, 73, 70, 89, 37, 84, 3, 14, 25, 55, 28, 66, 29, 7, 96, 50, 61, 33, 39, 74, 51, 80, 8, 53, 92, 2, 94, 4, 52, 49, 0, 34, 98, 13]|[2, 1, 0, 1, 1, 0, 1, 2, 2, 1, 2, 2, 2, 1, 1, 0, 0, 0, 0, 2, 2, 0, 1, 2, 0, 1, 2, 2, 0, 0, 1, 2, 1, 2, 1, 0, 2, 1, 1, 1, 0, 1, 2, 1, 0, 2, 1, 2, 0, 0, 0, 0, 1, 1, 2, 1, 2, 1, 0, 0, 2, 1, 0, 1, 2, 1, 2, 1, 1, 1, 0, 1, 1, 0, 1, 1, 1, 2, 1, 1, 1, 0, 1, 0, 1, 2, 0, 0, 1, 0, 0, 0, 1, 0, 2, 0, 0, 2, 0, 0]|[0, 3, 2, 2, 4, 1, 2, 2, 1, 4, 0, 1, 2, 4, 4, 1, 2, 1, 2, 1, 1, 1, 1, 2, 1, 2, 1, 1, 1, 1, 3, 2, 3, 0, 4, 0, 1, 4, 0, 3, 2, 2, 0, 0, 1, 1, 0, 2, 0, 1, 2, 2, 1, 0, 0, 3, 1, 4, 1, 2, 2, 3, 1, 2, 1, 3, 0, 4, 1, 1, 1, 1, 1, 2, 4, 4, 4, 0, 3, 1, 3, 1, 3, 2, 0, 0, 1, 1, 3, 2, 0, 2, 4, 2, 1, 1, 2, 1, 0, 2]|[0, 2, 1, 1, 3, 0, 1, 0, 0, 0, 0, 0, 1, 0, 1, 0, 0, 0, 1, 0, 0, 1, 3, 1, 0, 2, 0, 0, 0, 1, 0, 0, 0, 0, 3, 0, 1, 3, 0, 2, 1, 1, 0, 0, 0, 0, 0, 0, 1, 0, 0, 0, 1, 3, 0, 0, 0, 2, 0, 1, 0, 2, 0, 1, 0, 2, 1, 0, 3, 1, 0, 3, 1, 0, 3, 3, 1, 0, 0, 2, 2, 0, 0, 1, 1, 0, 0, 0, 2, 1, 1, 0, 2, 0, 0, 1, 0, 0, 0, 0],821.6547937044886,58123.029061532,117360.05166761237,true
3,G1_CMAX,G4_BALANCED,[31, 22, 82, 15, 26, 9, 95, 42, 77, 12, 47, 5, 93, 78, 86, 54, 85, 63, 18, 44, 20, 35, 43, 97, 91, 76, 10, 30, 21, 45, 71, 64, 1, 23, 17, 83, 24, 41, 60, 36, 6, 57, 40, 88, 65, 75, 79, 69, 67, 68, 46, 56, 38, 58, 19, 32, 81, 48, 27, 62, 87, 90, 99, 59, 11, 16, 72, 73, 70, 39, 37, 84, 3, 92, 25, 55, 28, 51, 29, 7, 96, 74, 61, 33, 89, 14, 66, 80, 94, 53, 50, 2, 8, 4, 52, 49, 0, 34, 98, 13]|[2, 1, 0, 1, 1, 0, 1, 2, 2, 1, 2, 2, 2, 1, 1, 0, 0, 0, 0, 2, 2, 0, 1, 2, 0, 1, 2, 2, 0, 0, 1, 2, 1, 2, 2, 0, 0, 1, 1, 1, 0, 1, 1, 1, 0, 0, 1, 2, 0, 0, 2, 2, 1, 1, 2, 1, 2, 1, 0, 0, 2, 1, 0, 1, 2, 1, 2, 1, 1, 1, 0, 1, 1, 0, 1, 1, 1, 0, 1, 1, 1, 2, 1, 2, 1, 0, 0, 0, 1, 0, 0, 0, 1, 1, 2, 0, 0, 2, 0, 0]|[0, 3, 2, 2, 4, 1, 2, 2, 1, 4, 0, 1, 2, 4, 4, 1, 2, 1, 2, 1, 1, 1, 1, 2, 1, 2, 1, 1, 1, 1, 3, 2, 3, 0, 1, 0, 1, 4, 0, 3, 2, 2, 2, 0, 1, 2, 0, 2, 0, 1, 1, 1, 1, 0, 0, 3, 2, 4, 1, 2, 2, 3, 1, 2, 1, 3, 0, 4, 1, 1, 1, 1, 1, 0, 4, 4, 4, 1, 3, 1, 3, 0, 3, 2, 1, 2, 2, 1, 4, 2, 1, 2, 3, 4, 1, 1, 2, 1, 0, 2]|[0, 2, 1, 1, 3, 0, 1, 0, 0, 0, 0, 0, 1, 0, 1, 0, 0, 0, 1, 0, 0, 1, 3, 1, 0, 2, 0, 0, 0, 1, 0, 0, 0, 0, 0, 0, 0, 3, 0, 2, 1, 1, 1, 0, 0, 0, 0, 0, 1, 0, 0, 0, 1, 3, 0, 0, 1, 2, 0, 1, 0, 2, 0, 1, 0, 2, 1, 0, 3, 1, 0, 3, 1, 1, 3, 3, 1, 0, 0, 2, 2, 0, 0, 0, 1, 0, 0, 0, 2, 1, 0, 0, 2, 0, 0, 1, 0, 0, 0, 0],801.8881181607775,58484.683679669666,119285.05667989879,true
3,G4_BALANCED,G1_CMAX,[31, 22, 82, 15, 26, 9, 95, 42, 77, 12, 47, 5, 93, 78, 86, 54, 85, 63, 18, 44, 20, 35, 43, 97, 91, 76, 10, 30, 21, 45, 71, 64, 1, 23, 17, 46, 27, 41, 60, 36, 6, 57, 40, 88, 65, 56, 79, 69, 67, 68, 83, 75, 38, 58, 19, 32, 81, 48, 24, 62, 87, 90, 99, 59, 11, 16, 72, 73, 61, 39, 37, 84, 3, 92, 25, 55, 28, 51, 29, 7, 96, 74, 70, 33, 89, 50, 66, 80, 8, 53, 14, 2, 34, 4, 52, 49, 0, 94, 98, 13]|[2, 1, 0, 1, 1, 0, 1, 2, 2, 1, 2, 2, 2, 1, 1, 0, 0, 0, 0, 2, 2, 0, 1, 2, 0, 2, 2, 2, 0, 0, 1, 2, 1, 2, 1, 2, 0, 1, 1, 1, 0, 1, 1, 1, 0, 2, 1, 2, 0, 0, 0, 0, 1, 1, 2, 1, 2, 1, 0, 0, 2, 1, 0, 1, 2, 1, 2, 1, 1, 1, 0, 1, 1, 0, 1, 1, 1, 0, 1, 1, 1, 2, 1, 2, 1, 0, 0, 0, 1, 0, 0, 0, 2, 1, 2, 0, 0, 1, 0, 0]|[0, 3, 2, 2, 4, 1, 2, 2, 1, 4, 0, 1, 2, 4, 4, 1, 2, 1, 2, 1, 1, 1, 1, 2, 1, 1, 1, 1, 1, 1, 3, 2, 3, 0, 4, 1, 1, 4, 0, 3, 2, 2, 2, 0, 1, 1, 0, 2, 0, 1, 2, 2, 1, 0, 0, 3, 2, 4, 1, 2, 2, 3, 1, 2, 1, 3, 0, 4, 3, 1, 1, 1, 1, 0, 4, 4, 4, 1, 3, 1, 3, 0, 1, 2, 1, 1, 2, 1, 3, 2, 2, 2, 1, 4, 1, 1, 2, 4, 1, 2]|[0, 2, 1, 1, 3, 0, 1, 0, 0, 0, 0, 0, 1, 0, 1, 0, 0, 0, 1, 0, 0, 1, 3, 1, 0, 0, 0, 0, 0, 1, 0, 0, 0, 0, 3, 0, 0, 3, 0, 2, 1, 1, 1, 0, 0, 0, 0, 0, 1, 0, 0, 0, 1, 3, 0, 0, 1, 2, 0, 1, 0, 2, 0, 1, 0, 2, 1, 0, 0, 1, 0, 3, 1, 1, 3, 3, 1, 0, 0, 2, 2, 0, 3, 0, 1, 0, 0, 0, 2, 1, 0, 0, 0, 0, 0, 1, 0, 2, 0, 0],830.6930766304811,57864.27995439536,117731.4843942947,true
3,G2_TEC,G2_TEC,[31, 22, 82, 15, 26, 9, 95, 42, 77, 4, 47, 5, 93, 78, 86, 54, 85, 63, 18, 44, 20, 49, 36, 14, 48, 50, 53, 17, 21, 45, 71, 64, 3, 23, 30, 83, 24, 41, 60, 52, 65, 27, 90, 70, 39, 87, 74, 69, 99, 68, 46, 1, 38, 58, 97, 59, 28, 8, 73, 37, 35, 79, 11, 66, 94, 32, 72, 13, 56, 34, 80, 61, 33, 98, 25, 6, 91, 57, 10, 7, 96, 88, 84, 19, 51, 67, 12, 92, 0, 81, 75, 40, 2, 55, 29, 89, 43, 76, 16, 62]|[0, 1, 2, 2, 1, 2, 0, 0, 1, 1, 2, 0, 2, 2, 1, 0, 0, 0, 0, 2, 2, 1, 0, 2, 2, 2, 0, 2, 0, 1, 1, 0, 0, 0, 1, 0, 2, 1, 2, 2, 0, 0, 1, 1, 0, 1, 0, 2, 1, 0, 0, 2, 2, 1, 2, 0, 0, 1, 1, 0, 2, 1, 2, 2, 2, 1, 1, 1, 0, 1, 0, 1, 1, 1, 1, 1, 1, 0, 1, 2, 0, 1, 0, 2, 0, 1, 1, 0, 0, 1, 2, 2, 2, 1, 1, 1, 2, 2, 1, 0]|[1, 3, 0, 2, 4, 1, 0, 0, 2, 4, 0, 2, 1, 0, 2, 1, 1, 1, 2, 1, 2, 3, 0, 1, 0, 1, 2, 1, 1, 0, 3, 2, 2, 0, 4, 1, 1, 4, 0, 1, 2, 1, 4, 4, 1, 0, 0, 2, 3, 1, 2, 1, 2, 0, 1, 2, 1, 3, 0, 1, 2, 3, 0, 0, 1, 3, 2, 4, 0, 4, 0, 3, 4, 4, 4, 4, 4, 0, 1, 1, 2, 4, 2, 2, 0, 3, 3, 1, 2, 1, 2, 0, 1, 4, 3, 1, 1, 1, 4, 2]|[1, 2, 0, 0, 3, 0, 0, 0, 0, 0, 0, 0, 1, 0, 1, 0, 0, 0, 1, 0, 0, 2, 0, 0, 0, 0, 1, 0, 0, 1, 0, 0, 0, 0, 3, 0, 1, 3, 1, 0, 0, 0, 1, 3, 0, 0, 1, 0, 2, 0, 0, 1, 0, 3, 1, 0, 1, 0, 1, 0, 0, 2, 0, 0, 0, 0, 1, 0, 1, 2, 1, 0, 1, 2, 3, 2, 1, 1, 1, 0, 0, 1, 1, 1, 0, 0, 0, 0, 0, 1, 1, 0, 0, 2, 0, 1, 0, 0, 1, 1],901.2054384786918,57001.57498785451,130262.9473964301,false
3,G3_TWC,G4_BALANCED,[31, 22, 82, 15, 26, 9, 95, 42, 77, 12, 47, 5, 93, 78, 86, 54, 85, 63, 18, 44, 20, 35, 43, 97, 91, 76, 10, 30, 21, 45, 71, 64, 1, 23, 17, 83, 24, 41, 60, 36, 6, 57, 40, 88, 65, 56, 79, 69, 67, 68, 46, 75, 38, 58, 19, 32, 81, 48, 27, 62, 87, 90, 99, 59, 11, 16, 72, 73, 61, 39, 37, 84, 3, 92, 25, 55, 28, 51, 29, 7, 33, 74, 70, 96, 89, 14, 66, 80, 8, 53, 50, 2, 94, 4, 52, 49, 0, 34, 98, 13]|[2, 1, 0, 1, 1, 0, 1, 2, 2, 1, 2, 2, 2, 1, 1, 0, 0, 0, 0, 2, 2, 0, 1, 2, 0, 1, 2, 2, 0, 0, 1, 2, 1, 2, 1, 0, 0, 1, 1, 1, 0, 1, 1, 1, 0, 1, 1, 2, 0, 0, 0, 0, 1, 1, 2, 1, 2, 1, 0, 0, 0, 1, 0, 1, 2, 1, 2, 1, 1, 1, 0, 1, 1, 0, 1, 1, 1, 0, 1, 1, 1, 2, 1, 0, 1, 0, 0, 0, 1, 0, 0, 0, 2, 1, 2, 0, 0, 2, 0, 0]|[0, 3, 2, 2, 4, 1, 2, 2, 1, 4, 0, 1, 2, 4, 4, 1, 2, 1, 2, 1, 1, 1, 1, 2, 1, 2, 1, 1, 1, 1, 3, 2, 3, 0, 4, 0, 1, 4, 0, 3, 2, 2, 2, 0, 1, 1, 0, 2, 0, 1, 2, 2, 1, 0, 0, 3, 1, 4, 1, 2, 0, 3, 1, 2, 1, 3, 0, 4, 3, 0, 1, 1, 1, 0, 4, 4, 4, 1, 3, 1, 3, 0, 1, 2, 1, 2, 1, 1, 3, 2, 1, 2, 2, 4, 1, 1, 2, 1, 1, 2]|[0, 2, 1, 1, 3, 0, 1, 0, 0, 0, 0, 0, 1, 0, 1, 0, 0, 0, 1, 0, 0, 1, 3, 1, 0, 2, 0, 0, 0, 1, 0, 0, 0, 0, 3, 0, 0, 3, 0, 2, 1, 1, 1, 0, 0, 0, 0, 0, 1, 0, 0, 0, 1, 3, 0, 0, 0, 2, 0, 1, 0, 2, 0, 1, 0, 2, 1, 0, 0, 1, 0, 3, 1, 1, 3, 3, 1, 0, 0, 2, 2, 0, 3, 1, 1, 0, 0, 0, 2, 1, 0, 0, 1, 0, 0, 1, 0, 0, 0, 0],886.2473358349586,58758.83497165405,109616.89586335752,true
3,G1_CMAX,G4_BALANCED,[31, 22, 82, 15, 26, 9, 95, 42, 77, 12, 47, 5, 93, 78, 86, 54, 85, 63, 18, 44, 20, 35, 43, 97, 91, 76, 10, 30, 21, 45, 71, 64, 1, 23, 17, 83, 24, 41, 60, 36, 6, 57, 40, 88, 65, 75, 79, 69, 67, 68, 46, 56, 38, 58, 19, 32, 81, 48, 27, 62, 87, 90, 99, 59, 11, 16, 72, 73, 70, 39, 37, 84, 3, 92, 25, 55, 28, 51, 29, 7, 96, 74, 61, 33, 89, 14, 66, 80, 94, 53, 50, 2, 8, 4, 52, 49, 0, 34, 98, 13]|[2, 1, 0, 1, 1, 0, 1, 2, 2, 1, 2, 2, 2, 1, 1, 0, 0, 0, 0, 2, 2, 0, 1, 2, 0, 1, 2, 2, 0, 0, 1, 2, 1, 2, 2, 0, 0, 1, 1, 1, 0, 1, 1, 1, 0, 0, 1, 2, 0, 0, 2, 2, 1, 1, 2, 1, 2, 1, 0, 0, 2, 1, 0, 1, 2, 1, 2, 1, 1, 1, 0, 1, 1, 0, 1, 1, 1, 0, 1, 1, 1, 2, 1, 2, 1, 0, 0, 0, 1, 0, 0, 0, 1, 1, 2, 0, 0, 2, 0, 0]|[0, 3, 2, 2, 4, 1, 2, 2, 1, 4, 0, 1, 2, 4, 4, 1, 2, 1, 2, 1, 1, 1, 1, 2, 1, 2, 1, 1, 1, 1, 3, 2, 3, 0, 1, 0, 1, 4, 0, 3, 2, 2, 2, 0, 1, 2, 0, 2, 0, 1, 1, 1, 1, 0, 0, 3, 2, 4, 1, 2, 2, 3, 1, 2, 1, 3, 0, 4, 1, 1, 1, 1, 1, 0, 4, 4, 4, 1, 3, 1, 3, 0, 3, 2, 1, 2, 2, 1, 4, 2, 1, 2, 3, 4, 1, 1, 2, 1, 0, 2]|[0, 2, 1, 1, 3, 0, 1, 0, 0, 0, 0, 0, 1, 0, 1, 0, 0, 0, 1, 0, 0, 1, 3, 1, 0, 2, 0, 0, 0, 1, 0, 0, 0, 0, 0, 0, 0, 3, 0, 2, 1, 1, 1, 0, 0, 0, 0, 0, 1, 0, 0, 0, 1, 3, 0, 0, 1, 2, 0, 1, 0, 2, 0, 1, 0, 2, 1, 0, 3, 1, 0, 3, 1, 1, 3, 3, 1, 0, 0, 2, 2, 0, 0, 0, 1, 0, 0, 0, 2, 1, 0, 0, 2, 0, 0, 1, 0, 0, 0, 0],801.8881181607775,58484.683679669666,119285.05667989879,true
3,G4_BALANCED,G1_CMAX,[31, 22, 82, 15, 26, 9, 95, 42, 77, 12, 47, 5, 93, 78, 86, 54, 85, 63, 18, 44, 20, 35, 43, 97, 91, 76, 10, 30, 21, 45, 71, 64, 1, 23, 17, 46, 27, 41, 60, 36, 6, 57, 40, 88, 65, 56, 79, 69, 67, 68, 83, 75, 38, 58, 19, 32, 81, 48, 24, 62, 87, 90, 99, 59, 11, 16, 72, 73, 61, 39, 37, 84, 3, 92, 25, 55, 28, 51, 29, 7, 96, 74, 70, 33, 89, 50, 66, 80, 8, 53, 14, 2, 34, 4, 52, 49, 0, 94, 98, 13]|[2, 1, 0, 1, 1, 0, 1, 2, 2, 1, 2, 2, 2, 1, 1, 0, 0, 0, 0, 2, 2, 0, 1, 2, 0, 2, 2, 2, 0, 0, 1, 2, 1, 2, 1, 2, 0, 1, 1, 1, 0, 1, 1, 1, 0, 2, 1, 2, 0, 0, 0, 0, 1, 1, 2, 1, 2, 1, 0, 0, 2, 1, 0, 1, 2, 1, 2, 1, 1, 1, 0, 1, 1, 0, 1, 1, 1, 0, 1, 1, 1, 2, 1, 2, 1, 0, 0, 0, 1, 0, 0, 0, 2, 1, 2, 0, 0, 1, 0, 0]|[0, 3, 2, 2, 4, 1, 2, 2, 1, 4, 0, 1, 2, 4, 4, 1, 2, 1, 2, 1, 1, 1, 1, 2, 1, 1, 1, 1, 1, 1, 3, 2, 3, 0, 4, 1, 1, 4, 0, 3, 2, 2, 2, 0, 1, 1, 0, 2, 0, 1, 2, 2, 1, 0, 0, 3, 2, 4, 1, 2, 2, 3, 1, 2, 1, 3, 0, 4, 3, 1, 1, 1, 1, 0, 4, 4, 4, 1, 3, 1, 3, 0, 1, 2, 1, 1, 2, 1, 3, 2, 2, 2, 1, 4, 1, 1, 2, 4, 1, 2]|[0, 2, 1, 1, 3, 0, 1, 0, 0, 0, 0, 0, 1, 0, 1, 0, 0, 0, 1, 0, 0, 1, 3, 1, 0, 0, 0, 0, 0, 1, 0, 0, 0, 0, 3, 0, 0, 3, 0, 2, 1, 1, 1, 0, 0, 0, 0, 0, 1, 0, 0, 0, 1, 3, 0, 0, 1, 2, 0, 1, 0, 2, 0, 1, 0, 2, 1, 0, 0, 1, 0, 3, 1, 1, 3, 3, 1, 0, 0, 2, 2, 0, 3, 0, 1, 0, 0, 0, 2, 1, 0, 0, 0, 0, 0, 1, 0, 2, 0, 0],830.6930766304811,57864.27995439536,117731.4843942947,true
3,G2_TEC,G2_TEC,[31, 22, 82, 15, 26, 9, 95, 42, 77, 4, 47, 5, 93, 78, 86, 54, 85, 63, 18, 44, 20, 49, 36, 14, 48, 50, 53, 17, 21, 45, 71, 64, 3, 23, 30, 83, 24, 41, 60, 52, 65, 27, 90, 70, 39, 87, 74, 69, 99, 68, 46, 1, 38, 58, 97, 59, 28, 8, 73, 37, 35, 79, 11, 66, 94, 32, 72, 13, 56, 34, 80, 61, 33, 98, 25, 6, 91, 57, 10, 7, 96, 88, 84, 19, 51, 67, 12, 92, 0, 81, 75, 40, 2, 55, 29, 89, 43, 76, 16, 62]|[0, 1, 2, 2, 1, 2, 0, 0, 1, 1, 2, 0, 2, 2, 1, 0, 0, 0, 0, 2, 2, 1, 0, 2, 2, 2, 0, 2, 0, 1, 1, 0, 0, 0, 1, 0, 2, 1, 2, 2, 0, 0, 1, 1, 0, 1, 0, 2, 1, 0, 0, 2, 2, 1, 2, 0, 0, 1, 1, 0, 2, 1, 2, 2, 2, 1, 1, 1, 0, 1, 0, 1, 1, 1, 1, 1, 1, 0, 1, 2, 0, 1, 0, 2, 0, 1, 1, 0, 0, 1, 2, 2, 2, 1, 1, 1, 2, 2, 1, 0]|[1, 3, 0, 2, 4, 1, 0, 0, 2, 4, 0, 2, 1, 0, 2, 1, 1, 1, 2, 1, 2, 3, 0, 1, 0, 1, 2, 1, 1, 0, 3, 2, 2, 0, 4, 1, 1, 4, 0, 1, 2, 1, 4, 4, 1, 0, 0, 2, 3, 1, 2, 1, 2, 0, 1, 2, 1, 3, 0, 1, 2, 3, 0, 0, 1, 3, 2, 4, 0, 4, 0, 3, 4, 4, 4, 4, 4, 0, 1, 1, 2, 4, 2, 2, 0, 3, 3, 1, 2, 1, 2, 0, 1, 4, 3, 1, 1, 1, 4, 2]|[1, 2, 0, 0, 3, 0, 0, 0, 0, 0, 0, 0, 1, 0, 1, 0, 0, 0, 1, 0, 0, 2, 0, 0, 0, 0, 1, 0, 0, 1, 0, 0, 0, 0, 3, 0, 1, 3, 1, 0, 0, 0, 1, 3, 0, 0, 1, 0, 2, 0, 0, 1, 0, 3, 1, 0, 1, 0, 1, 0, 0, 2, 0, 0, 0, 0, 1, 0, 1, 2, 1, 0, 1, 2, 3, 2, 1, 1, 1, 0, 0, 1, 1, 1, 0, 0, 0, 0, 0, 1, 1, 0, 0, 2, 0, 1, 0, 0, 1, 1],901.2054384786918,57001.57498785451,130262.9473964301,false
3,G3_TWC,G3_TWC,[31, 22, 82, 15, 26, 9, 95, 42, 77, 12, 47, 5, 93, 78, 86, 54, 85, 63, 18, 44, 20, 35, 43, 97, 91, 76, 10, 30, 21, 45, 71, 64, 1, 23, 17, 83, 24, 41, 60, 36, 6, 57, 40, 88, 65, 56, 79, 69, 67, 19, 46, 75, 38, 58, 68, 32, 81, 48, 27, 94, 87, 90, 99, 59, 11, 16, 72, 73, 61, 39, 37, 84, 3, 92, 25, 55, 28, 51, 29, 7, 96, 74, 70, 33, 89, 50, 66, 80, 8, 53, 14, 2, 62, 4, 52, 49, 0, 34, 98, 13]|[2, 1, 0, 1, 1, 0, 1, 2, 2, 1, 2, 2, 2, 1, 1, 0, 0, 0, 0, 2, 2, 0, 1, 2, 0, 1, 2, 2, 0, 0, 1, 2, 1, 2, 1, 0, 2, 1, 1, 1, 0, 1, 0, 1, 0, 2, 1, 2, 0, 2, 2, 0, 1, 1, 0, 1, 2, 1, 0, 1, 2, 1, 0, 1, 2, 1, 2, 1, 1, 1, 0, 1, 1, 0, 1, 1, 1, 0, 1, 1, 1, 2, 1, 0, 1, 0, 0, 0, 1, 0, 0, 0, 0, 0, 2, 0, 0, 2, 0, 0]|[0, 3, 2, 2, 4, 1, 2, 2, 1, 4, 0, 1, 2, 4, 4, 1, 2, 1, 2, 1, 1, 1, 3, 2, 1, 2, 1, 1, 1, 1, 3, 2, 3, 0, 4, 0, 1, 4, 0, 3, 2, 2, 0, 0, 1, 1, 3, 2, 0, 0, 1, 2, 1, 0, 1, 3, 1, 4, 1, 4, 2, 3, 1, 2, 1, 3, 0, 4, 3, 0, 1, 1, 1, 0, 4, 4, 4, 1, 3, 1, 3, 0, 1, 2, 1, 1, 2, 1, 3, 2, 2, 2, 2, 2, 1, 1, 2, 1, 1, 2]|[0, 2, 1, 1, 3, 0, 1, 0, 0, 0, 0, 0, 1, 0, 1, 0, 0, 0, 1, 0, 0, 1, 2, 1, 0, 2, 0, 0, 0, 1, 0, 0, 0, 0, 3, 0, 1, 3, 0, 2, 1, 1, 0, 0, 0, 0, 2, 0, 1, 0, 0, 0, 1, 3, 0, 0, 0, 2, 0, 2, 0, 2, 0, 1, 0, 2, 1, 0, 0, 1, 0, 3, 1, 1, 3, 3, 1, 0, 0, 2, 2, 0, 3, 1, 1, 0, 0, 0, 2, 1, 0, 0, 1, 0, 0, 1, 0, 0, 0, 0],859.1740304769382,57531.04769896623,112764.37852539941,false
3,G1_CMAX,G4_BALANCED,[31, 22, 82, 15, 26, 9, 95, 42, 77, 12, 47, 5, 93, 78, 86, 54, 85, 63, 18, 44, 20, 35, 43, 97, 91, 76, 10, 30, 21, 45, 71, 64, 1, 23, 17, 83, 24, 41, 60, 36, 6, 57, 40, 88, 65, 75, 79, 69, 67, 68, 46, 56, 38, 58, 19, 32, 81, 48, 27, 62, 87, 90, 99, 59, 11, 16, 72, 73, 70, 39, 37, 84, 3, 92, 25, 55, 28, 51, 29, 7, 96, 74, 61, 33, 89, 14, 66, 80, 94, 53, 50, 2, 8, 4, 52, 49, 0, 34, 98, 13]|[2, 1, 0, 1, 1, 0, 1, 2, 2, 1, 2, 2, 2, 1, 1, 0, 0, 0, 0, 2, 2, 0, 1, 2, 0, 1, 2, 2, 0, 0, 1, 2, 1, 2, 2, 0, 0, 1, 1, 1, 0, 1, 1, 1, 0, 0, 1, 2, 0, 0, 2, 2, 1, 1, 2, 1, 2, 1, 0, 0, 2, 1, 0, 1, 2, 1, 2, 1, 1, 1, 0, 1, 1, 0, 1, 1, 1, 0, 1, 1, 1, 2, 1, 2, 1, 0, 0, 0, 1, 0, 0, 0, 1, 1, 2, 0, 0, 2, 0, 0]|[0, 3, 2, 2, 4, 1, 2, 2, 1, 4, 0, 1, 2, 4, 4, 1, 2, 1, 2, 1, 1, 1, 1, 2, 1, 2, 1, 1, 1, 1, 3, 2, 3, 0, 1, 0, 1, 4, 0, 3, 2, 2, 2, 0, 1, 2, 0, 2, 0, 1, 1, 1, 1, 0, 0, 3, 2, 4, 1, 2, 2, 3, 1, 2, 1, 3, 0, 4, 1, 1, 1, 1, 1, 0, 4, 4, 4, 1, 3, 1, 3, 0, 3, 2, 1, 2, 2, 1, 4, 2, 1, 2, 3, 4, 1, 1, 2, 1, 0, 2]|[0, 2, 1, 1, 3, 0, 1, 0, 0, 0, 0, 0, 1, 0, 1, 0, 0, 0, 1, 0, 0, 1, 3, 1, 0, 2, 0, 0, 0, 1, 0, 0, 0, 0, 0, 0, 0, 3, 0, 2, 1, 1, 1, 0, 0, 0, 0, 0, 1, 0, 0, 0, 1, 3, 0, 0, 1, 2, 0, 1, 0, 2, 0, 1, 0, 2, 1, 0, 3, 1, 0, 3, 1, 1, 3, 3, 1, 0, 0, 2, 2, 0, 0, 0, 1, 0, 0, 0, 2, 1, 0, 0, 2, 0, 0, 1, 0, 0, 0, 0],801.8881181607775,58484.683679669666,119285.05667989879,true
3,G4_BALANCED,G1_CMAX,[31, 22, 82, 15, 26, 9, 95, 42, 77, 12, 47, 5, 93, 78, 86, 54, 85, 63, 18, 44, 20, 35, 43, 97, 91, 76, 10, 30, 21, 45, 71, 64, 1, 23, 17, 46, 27, 41, 60, 36, 6, 57, 40, 88, 65, 56, 79, 69, 67, 68, 83, 75, 38, 58, 19, 32, 81, 48, 24, 62, 87, 90, 99, 59, 11, 16, 72, 73, 61, 39, 37, 84, 3, 92, 25, 55, 28, 51, 29, 7, 96, 74, 70, 33, 89, 50, 66, 80, 8, 53, 14, 2, 34, 4, 52, 49, 0, 94, 98, 13]|[2, 1, 0, 1, 1, 0, 1, 2, 2, 1, 2, 2, 2, 1, 1, 0, 0, 0, 0, 2, 2, 0, 1, 2, 0, 2, 2, 2, 0, 0, 1, 2, 1, 2, 1, 2, 0, 1, 1, 1, 0, 1, 1, 1, 0, 2, 1, 2, 0, 0, 0, 0, 1, 1, 2, 1, 2, 1, 0, 0, 2, 1, 0, 1, 2, 1, 2, 1, 1, 1, 0, 1, 1, 0, 1, 1, 1, 0, 1, 1, 1, 2, 1, 2, 1, 0, 0, 0, 1, 0, 0, 0, 2, 1, 2, 0, 0, 1, 0, 0]|[0, 3, 2, 2, 4, 1, 2, 2, 1, 4, 0, 1, 2, 4, 4, 1, 2, 1, 2, 1, 1, 1, 1, 2, 1, 1, 1, 1, 1, 1, 3, 2, 3, 0, 4, 1, 1, 4, 0, 3, 2, 2, 2, 0, 1, 1, 0, 2, 0, 1, 2, 2, 1, 0, 0, 3, 2, 4, 1, 2, 2, 3, 1, 2, 1, 3, 0, 4, 3, 1, 1, 1, 1, 0, 4, 4, 4, 1, 3, 1, 3, 0, 1, 2, 1, 1, 2, 1, 3, 2, 2, 2, 1, 4, 1, 1, 2, 4, 1, 2]|[0, 2, 1, 1, 3, 0, 1, 0, 0, 0, 0, 0, 1, 0, 1, 0, 0, 0, 1, 0, 0, 1, 3, 1, 0, 0, 0, 0, 0, 1, 0, 0, 0, 0, 3, 0, 0, 3, 0, 2, 1, 1, 1, 0, 0, 0, 0, 0, 1, 0, 0, 0, 1, 3, 0, 0, 1, 2, 0, 1, 0, 2, 0, 1, 0, 2, 1, 0, 0, 1, 0, 3, 1, 1, 3, 3, 1, 0, 0, 2, 2, 0, 3, 0, 1, 0, 0, 0, 2, 1, 0, 0, 0, 0, 0, 1, 0, 2, 0, 0],830.6930766304811,57864.27995439536,117731.4843942947,true
3,G2_TEC,G2_TEC,[31, 22, 82, 15, 26, 9, 95, 42, 77, 4, 47, 5, 93, 78, 86, 54, 85, 63, 18, 44, 20, 49, 36, 14, 48, 50, 53, 17, 21, 45, 71, 64, 3, 23, 30, 83, 24, 41, 60, 52, 65, 27, 90, 70, 39, 87, 74, 69, 99, 68, 46, 1, 38, 58, 97, 59, 28, 8, 73, 37, 35, 79, 11, 66, 94, 32, 72, 13, 56, 34, 80, 61, 33, 98, 25, 6, 91, 57, 10, 7, 96, 88, 84, 19, 51, 67, 12, 92, 0, 81, 75, 40, 2, 55, 29, 89, 43, 76, 16, 62]|[0, 1, 2, 2, 1, 2, 0, 0, 1, 1, 2, 0, 2, 2, 1, 0, 0, 0, 0, 2, 2, 1, 0, 2, 2, 2, 0, 2, 0, 1, 1, 0, 0, 0, 1, 0, 2, 1, 2, 2, 0, 0, 1, 1, 0, 1, 0, 2, 1, 0, 0, 2, 2, 1, 2, 0, 0, 1, 1, 0, 2, 1, 2, 2, 2, 1, 1, 1, 0, 1, 0, 1, 1, 1, 1, 1, 1, 0, 1, 2, 0, 1, 0, 2, 0, 1, 1, 0, 0, 1, 2, 2, 2, 1, 1, 1, 2, 2, 1, 0]|[1, 3, 0, 2, 4, 1, 0, 0, 2, 4, 0, 2, 1, 0, 2, 1, 1, 1, 2, 1, 2, 3, 0, 1, 0, 1, 2, 1, 1, 0, 3, 2, 2, 0, 4, 1, 1, 4, 0, 1, 2, 1, 4, 4, 1, 0, 0, 2, 3, 1, 2, 1, 2, 0, 1, 2, 1, 3, 0, 1, 2, 3, 0, 0, 1, 3, 2, 4, 0, 4, 0, 3, 4, 4, 4, 4, 4, 0, 1, 1, 2, 4, 2, 2, 0, 3, 3, 1, 2, 1, 2, 0, 1, 4, 3, 1, 1, 1, 4, 2]|[1, 2, 0, 0, 3, 0, 0, 0, 0, 0, 0, 0, 1, 0, 1, 0, 0, 0, 1, 0, 0, 2, 0, 0, 0, 0, 1, 0, 0, 1, 0, 0, 0, 0, 3, 0, 1, 3, 1, 0, 0, 0, 1, 3, 0, 0, 1, 0, 2, 0, 0, 1, 0, 3, 1, 0, 1, 0, 1, 0, 0, 2, 0, 0, 0, 0, 1, 0, 1, 2, 1, 0, 1, 2, 3, 2, 1, 1, 1, 0, 0, 1, 1, 1, 0, 0, 0, 0, 0, 1, 1, 0, 0, 2, 0, 1, 0, 0, 1, 1],901.2054384786918,57001.57498785451,130262.9473964301,false
3,G3_TWC,G4_BALANCED,[31, 22, 82, 15, 26, 9, 95, 42, 77, 12, 47, 5, 93, 78, 86, 54, 85, 63, 18, 68, 20, 49, 36, 14, 48, 50, 53, 17, 21, 45, 71, 64, 3, 23, 30, 83, 24, 41, 60, 52, 65, 27, 90, 87, 70, 39, 74, 69, 99, 44, 46, 1, 38, 58, 97, 59, 28, 8, 57, 62, 56, 40, 67, 76, 11, 16, 72, 73, 61, 6, 37, 84, 66, 92, 25, 89, 81, 51, 29, 7, 33, 79, 88, 96, 55, 32, 75, 19, 91, 10, 80, 2, 34, 4, 43, 35, 0, 94, 98, 13]|[2, 1, 2, 2, 1, 1, 0, 0, 0, 1, 2, 2, 2, 2, 2, 0, 0, 0, 0, 0, 2, 2, 1, 2, 2, 2, 2, 2, 0, 0, 1, 1, 1, 1, 1, 0, 0, 1, 2, 1, 0, 0, 1, 1, 1, 0, 0, 2, 1, 0, 0, 1, 2, 1, 2, 0, 2, 1, 1, 0, 2, 1, 0, 2, 2, 0, 2, 1, 1, 0, 0, 0, 1, 0, 1, 1, 1, 0, 1, 2, 1, 1, 1, 2, 1, 0, 0, 2, 1, 1, 0, 2, 1, 1, 2, 2, 0, 2, 1, 0]|[0, 3, 0, 2, 4, 4, 0, 0, 0, 3, 0, 1, 1, 2, 0, 1, 1, 2, 2, 2, 1, 1, 3, 1, 2, 1, 1, 1, 1, 1, 3, 3, 3, 3, 4, 1, 0, 4, 0, 3, 2, 1, 4, 4, 4, 1, 0, 2, 3, 1, 2, 3, 2, 0, 1, 2, 0, 3, 2, 2, 1, 3, 1, 1, 0, 2, 0, 0, 3, 1, 1, 2, 1, 0, 4, 4, 1, 0, 3, 1, 4, 3, 4, 2, 1, 1, 2, 2, 4, 1, 1, 1, 4, 3, 1, 2, 2, 1, 4, 2]|[0, 2, 0, 0, 3, 3, 0, 0, 0, 0, 0, 0, 1, 1, 0, 0, 0, 0, 1, 1, 0, 0, 2, 0, 1, 0, 0, 0, 0, 0, 0, 0, 0, 0, 3, 0, 0, 3, 1, 2, 0, 0, 1, 1, 3, 0, 1, 0, 2, 0, 0, 0, 0, 3, 1, 0, 0, 0, 1, 1, 0, 2, 0, 0, 0, 1, 1, 1, 0, 0, 0, 1, 1, 1, 3, 3, 1, 0, 0, 0, 1, 2, 1, 0, 1, 0, 0, 1, 1, 1, 0, 0, 2, 0, 0, 0, 0, 0, 2, 0],953.4548136336422,56357.37256681798,123673.4257013006,true
3,G1_CMAX,G4_BALANCED,[31, 22, 82, 15, 26, 9, 95, 42, 77, 12, 47, 5, 93, 78, 86, 54, 85, 63, 18, 44, 20, 35, 43, 97, 91, 76, 10, 30, 21, 45, 71, 64, 1, 23, 17, 83, 24, 41, 60, 36, 6, 57, 40, 88, 65, 75, 79, 69, 67, 68, 46, 56, 38, 58, 19, 32, 81, 48, 27, 62, 87, 90, 99, 59, 11, 16, 72, 73, 70, 39, 37, 84, 3, 92, 25, 55, 28, 51, 29, 7, 96, 74, 61, 33, 89, 14, 66, 80, 94, 53, 50, 2, 8, 4, 52, 49, 0, 34, 98, 13]|[2, 1, 0, 1, 1, 0, 1, 2, 2, 1, 2, 2, 2, 1, 1, 0, 0, 0, 0, 2, 2, 0, 1, 2, 0, 1, 2, 2, 0, 0, 1, 2, 1, 2, 2, 0, 0, 1, 1, 1, 0, 1, 1, 1, 0, 0, 1, 2, 0, 0, 2, 2, 1, 1, 2, 1, 2, 1, 0, 0, 2, 1, 0, 1, 2, 1, 2, 1, 1, 1, 0, 1, 1, 0, 1, 1, 1, 0, 1, 1, 1, 2, 1, 2, 1, 0, 0, 0, 1, 0, 0, 0, 1, 1, 2, 0, 0, 2, 0, 0]|[0, 3, 2, 2, 4, 1, 2, 2, 1, 4, 0, 1, 2, 4, 4, 1, 2, 1, 2, 1, 1, 1, 1, 2, 1, 2, 1, 1, 1, 1, 3, 2, 3, 0, 1, 0, 1, 4, 0, 3, 2, 2, 2, 0, 1, 2, 0, 2, 0, 1, 1, 1, 1, 0, 0, 3, 2, 4, 1, 2, 2, 3, 1, 2, 1, 3, 0, 4, 1, 1, 1, 1, 1, 0, 4, 4, 4, 1, 3, 1, 3, 0, 3, 2, 1, 2, 2, 1, 4, 2, 1, 2, 3, 4, 1, 1, 2, 1, 0, 2]|[0, 2, 1, 1, 3, 0, 1, 0, 0, 0, 0, 0, 1, 0, 1, 0, 0, 0, 1, 0, 0, 1, 3, 1, 0, 2, 0, 0, 0, 1, 0, 0, 0, 0, 0, 0, 0, 3, 0, 2, 1, 1, 1, 0, 0, 0, 0, 0, 1, 0, 0, 0, 1, 3, 0, 0, 1, 2, 0, 1, 0, 2, 0, 1, 0, 2, 1, 0, 3, 1, 0, 3, 1, 1, 3, 3, 1, 0, 0, 2, 2, 0, 0, 0, 1, 0, 0, 0, 2, 1, 0, 0, 2, 0, 0, 1, 0, 0, 0, 0],801.8881181607775,58484.683679669666,119285.05667989879,true
3,G4_BALANCED,G1_CMAX,[31, 22, 82, 15, 26, 9, 95, 42, 77, 12, 47, 5, 93, 78, 86, 54, 85, 63, 18, 44, 20, 35, 43, 97, 91, 76, 10, 30, 21, 45, 71, 64, 1, 23, 17, 46, 27, 41, 60, 36, 6, 57, 40, 88, 65, 56, 79, 69, 67, 68, 83, 75, 38, 58, 19, 32, 81, 48, 24, 62, 87, 90, 99, 59, 11, 16, 72, 73, 61, 39, 37, 84, 3, 92, 25, 55, 28, 51, 29, 7, 96, 74, 70, 33, 89, 50, 66, 80, 8, 53, 14, 2, 34, 4, 52, 49, 0, 94, 98, 13]|[2, 1, 0, 1, 1, 0, 1, 2, 2, 1, 2, 2, 2, 1, 1, 0, 0, 0, 0, 2, 2, 0, 1, 2, 0, 2, 2, 2, 0, 0, 1, 2, 1, 2, 1, 2, 0, 1, 1, 1, 0, 1, 1, 1, 0, 2, 1, 2, 0, 0, 0, 0, 1, 1, 2, 1, 2, 1, 0, 0, 2, 1, 0, 1, 2, 1, 2, 1, 1, 1, 0, 1, 1, 0, 1, 1, 1, 0, 1, 1, 1, 2, 1, 2, 1, 0, 0, 0, 1, 0, 0, 0, 2, 1, 2, 0, 0, 1, 0, 0]|[0, 3, 2, 2, 4, 1, 2, 2, 1, 4, 0, 1, 2, 4, 4, 1, 2, 1, 2, 1, 1, 1, 1, 2, 1, 1, 1, 1, 1, 1, 3, 2, 3, 0, 4, 1, 1, 4, 0, 3, 2, 2, 2, 0, 1, 1, 0, 2, 0, 1, 2, 2, 1, 0, 0, 3, 2, 4, 1, 2, 2, 3, 1, 2, 1, 3, 0, 4, 3, 1, 1, 1, 1, 0, 4, 4, 4, 1, 3, 1, 3, 0, 1, 2, 1, 1, 2, 1, 3, 2, 2, 2, 1, 4, 1, 1, 2, 4, 1, 2]|[0, 2, 1, 1, 3, 0, 1, 0, 0, 0, 0, 0, 1, 0, 1, 0, 0, 0, 1, 0, 0, 1, 3, 1, 0, 0, 0, 0, 0, 1, 0, 0, 0, 0, 3, 0, 0, 3, 0, 2, 1, 1, 1, 0, 0, 0, 0, 0, 1, 0, 0, 0, 1, 3, 0, 0, 1, 2, 0, 1, 0, 2, 0, 1, 0, 2, 1, 0, 0, 1, 0, 3, 1, 1, 3, 3, 1, 0, 0, 2, 2, 0, 3, 0, 1, 0, 0, 0, 2, 1, 0, 0, 0, 0, 0, 1, 0, 2, 0, 0],830.6930766304811,57864.27995439536,117731.4843942947,true
3,G2_TEC,G2_TEC,[31, 22, 82, 15, 26, 9, 95, 42, 77, 4, 47, 5, 93, 78, 86, 54, 85, 63, 18, 44, 20, 49, 36, 14, 48, 50, 53, 17, 21, 45, 71, 64, 3, 23, 30, 83, 24, 41, 60, 52, 65, 27, 90, 70, 39, 87, 74, 69, 99, 68, 46, 1, 38, 58, 97, 59, 28, 8, 73, 37, 35, 79, 11, 66, 94, 32, 72, 13, 56, 34, 80, 61, 33, 98, 25, 6, 91, 57, 10, 7, 96, 88, 84, 19, 51, 67, 12, 92, 0, 81, 75, 40, 2, 55, 29, 89, 43, 76, 16, 62]|[0, 1, 2, 2, 1, 2, 0, 0, 1, 1, 2, 0, 2, 2, 1, 0, 0, 0, 0, 2, 2, 1, 0, 2, 2, 2, 0, 2, 0, 1, 1, 0, 0, 0, 1, 0, 2, 1, 2, 2, 0, 0, 1, 1, 0, 1, 0, 2, 1, 0, 0, 2, 2, 1, 2, 0, 0, 1, 1, 0, 2, 1, 2, 2, 2, 1, 1, 1, 0, 1, 0, 1, 1, 1, 1, 1, 1, 0, 1, 2, 0, 1, 0, 2, 0, 1, 1, 0, 0, 1, 2, 2, 2, 1, 1, 1, 2, 2, 1, 0]|[1, 3, 0, 2, 4, 1, 0, 0, 2, 4, 0, 2, 1, 0, 2, 1, 1, 1, 2, 1, 2, 3, 0, 1, 0, 1, 2, 1, 1, 0, 3, 2, 2, 0, 4, 1, 1, 4, 0, 1, 2, 1, 4, 4, 1, 0, 0, 2, 3, 1, 2, 1, 2, 0, 1, 2, 1, 3, 0, 1, 2, 3, 0, 0, 1, 3, 2, 4, 0, 4, 0, 3, 4, 4, 4, 4, 4, 0, 1, 1, 2, 4, 2, 2, 0, 3, 3, 1, 2, 1, 2, 0, 1, 4, 3, 1, 1, 1, 4, 2]|[1, 2, 0, 0, 3, 0, 0, 0, 0, 0, 0, 0, 1, 0, 1, 0, 0, 0, 1, 0, 0, 2, 0, 0, 0, 0, 1, 0, 0, 1, 0, 0, 0, 0, 3, 0, 1, 3, 1, 0, 0, 0, 1, 3, 0, 0, 1, 0, 2, 0, 0, 1, 0, 3, 1, 0, 1, 0, 1, 0, 0, 2, 0, 0, 0, 0, 1, 0, 1, 2, 1, 0, 1, 2, 3, 2, 1, 1, 1, 0, 0, 1, 1, 1, 0, 0, 0, 0, 0, 1, 1, 0, 0, 2, 0, 1, 0, 0, 1, 1],901.2054384786918,57001.57498785451,130262.9473964301,false
3,G3_TWC,G4_BALANCED,[31, 22, 82, 15, 26, 9, 95, 42, 77, 12, 47, 5, 93, 78, 86, 54, 85, 63, 18, 68, 20, 49, 36, 14, 48, 50, 53, 17, 21, 45, 71, 64, 3, 23, 30, 83, 24, 41, 60, 52, 65, 27, 90, 87, 70, 39, 74, 69, 99, 44, 46, 1, 38, 58, 97, 59, 28, 8, 57, 62, 56, 40, 67, 76, 11, 16, 72, 73, 61, 6, 37, 84, 66, 92, 25, 89, 81, 51, 29, 7, 33, 79, 88, 96, 55, 32, 75, 19, 91, 10, 80, 2, 34, 4, 43, 35, 0, 94, 98, 13]|[2, 1, 2, 2, 1, 1, 0, 0, 0, 1, 2, 2, 2, 2, 2, 0, 0, 0, 0, 0, 2, 2, 1, 2, 2, 2, 2, 2, 0, 0, 1, 1, 1, 1, 1, 0, 0, 1, 2, 1, 0, 0, 1, 1, 1, 0, 0, 2, 1, 0, 0, 1, 2, 1, 2, 0, 2, 1, 1, 0, 2, 1, 0, 2, 2, 0, 2, 1, 1, 0, 0, 0, 1, 0, 1, 1, 1, 0, 1, 2, 1, 1, 1, 2, 1, 0, 0, 2, 1, 1, 0, 2, 1, 1, 2, 2, 0, 2, 1, 0]|[0, 3, 0, 2, 4, 4, 0, 0, 0, 3, 0, 1, 1, 2, 0, 1, 1, 2, 2, 2, 1, 1, 3, 1, 2, 1, 1, 1, 1, 1, 3, 3, 3, 3, 4, 1, 0, 4, 0, 3, 2, 1, 4, 4, 4, 1, 0, 2, 3, 1, 2, 3, 2, 0, 1, 2, 0, 3, 2, 2, 1, 3, 1, 1, 0, 2, 0, 0, 3, 1, 1, 2, 1, 0, 4, 4, 1, 0, 3, 1, 4, 3, 4, 2, 1, 1, 2, 2, 4, 1, 1, 1, 4, 3, 1, 2, 2, 1, 4, 2]|[0, 2, 0, 0, 3, 3, 0, 0, 0, 0, 0, 0, 1, 1, 0, 0, 0, 0, 1, 1, 0, 0, 2, 0, 1, 0, 0, 0, 0, 0, 0, 0, 0, 0, 3, 0, 0, 3, 1, 2, 0, 0, 1, 1, 3, 0, 1, 0, 2, 0, 0, 0, 0, 3, 1, 0, 0, 0, 1, 1, 0, 2, 0, 0, 0, 1, 1, 1, 0, 0, 0, 1, 1, 1, 3, 3, 1, 0, 0, 0, 1, 2, 1, 0, 1, 0, 0, 1, 1, 1, 0, 0, 2, 0, 0, 0, 0, 0, 2, 0],953.4548136336422,56357.37256681798,123673.4257013006,true
3,G1_CMAX,G4_BALANCED,[31, 22, 82, 15, 26, 9, 95, 42, 77, 12, 47, 5, 93, 78, 86, 54, 85, 63, 18, 44, 20, 35, 43, 97, 91, 76, 10, 30, 21, 45, 71, 64, 1, 23, 17, 83, 24, 41, 60, 36, 6, 57, 40, 88, 65, 75, 79, 69, 67, 68, 46, 56, 38, 58, 19, 32, 81, 48, 27, 62, 87, 90, 99, 59, 11, 16, 72, 73, 70, 39, 37, 84, 3, 92, 25, 55, 28, 51, 29, 7, 96, 74, 61, 33, 89, 14, 66, 80, 94, 53, 50, 2, 8, 4, 52, 49, 0, 34, 98, 13]|[2, 1, 0, 1, 1, 0, 1, 2, 2, 1, 2, 2, 2, 1, 1, 0, 0, 0, 0, 2, 2, 0, 1, 2, 0, 1, 2, 2, 0, 0, 1, 2, 1, 2, 2, 0, 0, 1, 1, 1, 0, 1, 1, 1, 0, 0, 1, 2, 0, 0, 2, 2, 1, 1, 2, 1, 2, 1, 0, 0, 2, 1, 0, 1, 2, 1, 2, 1, 1, 1, 0, 1, 1, 0, 1, 1, 1, 0, 1, 1, 1, 2, 1, 2, 1, 0, 0, 0, 1, 0, 0, 0, 1, 1, 2, 0, 0, 2, 0, 0]|[0, 3, 2, 2, 4, 1, 2, 2, 1, 4, 0, 1, 2, 4, 4, 1, 2, 1, 2, 1, 1, 1, 1, 2, 1, 2, 1, 1, 1, 1, 3, 2, 3, 0, 1, 0, 1, 4, 0, 3, 2, 2, 2, 0, 1, 2, 0, 2, 0, 1, 1, 1, 1, 0, 0, 3, 2, 4, 1, 2, 2, 3, 1, 2, 1, 3, 0, 4, 1, 1, 1, 1, 1, 0, 4, 4, 4, 1, 3, 1, 3, 0, 3, 2, 1, 2, 2, 1, 4, 2, 1, 2, 3, 4, 1, 1, 2, 1, 0, 2]|[0, 2, 1, 1, 3, 0, 1, 0, 0, 0, 0, 0, 1, 0, 1, 0, 0, 0, 1, 0, 0, 1, 3, 1, 0, 2, 0, 0, 0, 1, 0, 0, 0, 0, 0, 0, 0, 3, 0, 2, 1, 1, 1, 0, 0, 0, 0, 0, 1, 0, 0, 0, 1, 3, 0, 0, 1, 2, 0, 1, 0, 2, 0, 1, 0, 2, 1, 0, 3, 1, 0, 3, 1, 1, 3, 3, 1, 0, 0, 2, 2, 0, 0, 0, 1, 0, 0, 0, 2, 1, 0, 0, 2, 0, 0, 1, 0, 0, 0, 0],801.8881181607775,58484.683679669666,119285.05667989879,true
3,G4_BALANCED,G1_CMAX,[31, 22, 82, 15, 26, 9, 95, 42, 77, 12, 47, 5, 93, 78, 86, 54, 85, 63, 18, 44, 20, 35, 43, 97, 91, 76, 10, 30, 21, 45, 71, 64, 1, 23, 17, 46, 27, 41, 60, 36, 6, 57, 40, 88, 65, 56, 79, 69, 67, 68, 83, 75, 38, 58, 19, 32, 81, 48, 24, 62, 87, 90, 99, 59, 11, 16, 72, 73, 61, 39, 37, 84, 3, 92, 25, 55, 28, 51, 29, 7, 96, 74, 70, 33, 89, 50, 66, 80, 8, 53, 14, 2, 34, 4, 52, 49, 0, 94, 98, 13]|[2, 1, 0, 1, 1, 0, 1, 2, 2, 1, 2, 2, 2, 1, 1, 0, 0, 0, 0, 2, 2, 0, 1, 2, 0, 2, 2, 2, 0, 0, 1, 2, 1, 2, 1, 2, 0, 1, 1, 1, 0, 1, 1, 1, 0, 2, 1, 2, 0, 0, 0, 0, 1, 1, 2, 1, 2, 1, 0, 0, 2, 1, 0, 1, 2, 1, 2, 1, 1, 1, 0, 1, 1, 0, 1, 1, 1, 0, 1, 1, 1, 2, 1, 2, 1, 0, 0, 0, 1, 0, 0, 0, 2, 1, 2, 0, 0, 1, 0, 0]|[0, 3, 2, 2, 4, 1, 2, 2, 1, 4, 0, 1, 2, 4, 4, 1, 2, 1, 2, 1, 1, 1, 1, 2, 1, 1, 1, 1, 1, 1, 3, 2, 3, 0, 4, 1, 1, 4, 0, 3, 2, 2, 2, 0, 1, 1, 0, 2, 0, 1, 2, 2, 1, 0, 0, 3, 2, 4, 1, 2, 2, 3, 1, 2, 1, 3, 0, 4, 3, 1, 1, 1, 1, 0, 4, 4, 4, 1, 3, 1, 3, 0, 1, 2, 1, 1, 2, 1, 3, 2, 2, 2, 1, 4, 1, 1, 2, 4, 1, 2]|[0, 2, 1, 1, 3, 0, 1, 0, 0, 0, 0, 0, 1, 0, 1, 0, 0, 0, 1, 0, 0, 1, 3, 1, 0, 0, 0, 0, 0, 1, 0, 0, 0, 0, 3, 0, 0, 3, 0, 2, 1, 1, 1, 0, 0, 0, 0, 0, 1, 0, 0, 0, 1, 3, 0, 0, 1, 2, 0, 1, 0, 2, 0, 1, 0, 2, 1, 0, 0, 1, 0, 3, 1, 1, 3, 3, 1, 0, 0, 2, 2, 0, 3, 0, 1, 0, 0, 0, 2, 1, 0, 0, 0, 0, 0, 1, 0, 2, 0, 0],830.6930766304811,57864.27995439536,117731.4843942947,true
3,G2_TEC,G2_TEC,[31, 22, 82, 15, 26, 9, 95, 42, 77, 4, 47, 5, 93, 78, 86, 54, 85, 63, 18, 44, 20, 49, 36, 14, 48, 50, 53, 17, 21, 45, 71, 64, 3, 23, 30, 83, 24, 41, 60, 52, 65, 27, 90, 70, 39, 87, 74, 69, 99, 68, 46, 1, 38, 58, 97, 59, 28, 8, 73, 37, 35, 79, 11, 66, 94, 32, 72, 13, 56, 34, 80, 61, 33, 98, 25, 6, 91, 57, 10, 7, 96, 88, 84, 19, 51, 67, 12, 92, 0, 81, 75, 40, 2, 55, 29, 89, 43, 76, 16, 62]|[0, 1, 2, 2, 1, 2, 0, 0, 1, 1, 2, 0, 2, 2, 1, 0, 0, 0, 0, 2, 2, 1, 0, 2, 2, 2, 0, 2, 0, 1, 1, 0, 0, 0, 1, 0, 2, 1, 2, 2, 0, 0, 1, 1, 0, 1, 0, 2, 1, 0, 0, 2, 2, 1, 2, 0, 0, 1, 1, 0, 2, 1, 2, 2, 2, 1, 1, 1, 0, 1, 0, 1, 1, 1, 1, 1, 1, 0, 1, 2, 0, 1, 0, 2, 0, 1, 1, 0, 0, 1, 2, 2, 2, 1, 1, 1, 2, 2, 1, 0]|[1, 3, 0, 2, 4, 1, 0, 0, 2, 4, 0, 2, 1, 0, 2, 1, 1, 1, 2, 1, 2, 3, 0, 1, 0, 1, 2, 1, 1, 0, 3, 2, 2, 0, 4, 1, 1, 4, 0, 1, 2, 1, 4, 4, 1, 0, 0, 2, 3, 1, 2, 1, 2, 0, 1, 2, 1, 3, 0, 1, 2, 3, 0, 0, 1, 3, 2, 4, 0, 4, 0, 3, 4, 4, 4, 4, 4, 0, 1, 1, 2, 4, 2, 2, 0, 3, 3, 1, 2, 1, 2, 0, 1, 4, 3, 1, 1, 1, 4, 2]|[1, 2, 0, 0, 3, 0, 0, 0, 0, 0, 0, 0, 1, 0, 1, 0, 0, 0, 1, 0, 0, 2, 0, 0, 0, 0, 1, 0, 0, 1, 0, 0, 0, 0, 3, 0, 1, 3, 1, 0, 0, 0, 1, 3, 0, 0, 1, 0, 2, 0, 0, 1, 0, 3, 1, 0, 1, 0, 1, 0, 0, 2, 0, 0, 0, 0, 1, 0, 1, 2, 1, 0, 1, 2, 3, 2, 1, 1, 1, 0, 0, 1, 1, 1, 0, 0, 0, 0, 0, 1, 1, 0, 0, 2, 0, 1, 0, 0, 1, 1],901.2054384786918,57001.57498785451,130262.9473964301,false
3,G3_TWC,G4_BALANCED,[31, 22, 82, 15, 26, 9, 95, 42, 77, 12, 47, 5, 93, 78, 86, 54, 85, 63, 18, 44, 20, 35, 43, 97, 91, 76, 10, 30, 21, 45, 71, 64, 1, 23, 17, 83, 24, 41, 60, 36, 6, 57, 40, 88, 65, 56, 79, 69, 67, 68, 46, 75, 38, 58, 19, 32, 81, 48, 27, 62, 87, 90, 99, 59, 11, 16, 72, 73, 61, 39, 37, 84, 3, 92, 25, 55, 28, 51, 29, 7, 33, 74, 70, 96, 89, 14, 66, 80, 8, 53, 50, 2, 94, 4, 52, 49, 0, 34, 98, 13]|[2, 1, 0, 1, 1, 0, 1, 2, 2, 1, 2, 2, 2, 1, 1, 0, 0, 0, 0, 2, 2, 0, 1, 2, 0, 1, 2, 2, 0, 0, 1, 2, 1, 2, 1, 0, 0, 1, 1, 1, 0, 1, 1, 1, 0, 1, 1, 2, 0, 0, 0, 0, 1, 1, 2, 1, 2, 1, 0, 0, 0, 1, 0, 1, 2, 1, 2, 1, 1, 1, 0, 1, 1, 0, 1, 1, 1, 0, 1, 1, 1, 2, 1, 0, 1, 0, 0, 0, 1, 0, 0, 0, 2, 1, 2, 0, 0, 2, 0, 0]|[0, 3, 2, 2, 4, 1, 2, 2, 1, 4, 0, 1, 2, 4, 4, 1, 2, 1, 2, 1, 1, 1, 1, 2, 1, 2, 1, 1, 1, 1, 3, 2, 3, 0, 4, 0, 1, 4, 0, 3, 2, 2, 2, 0, 1, 1, 0, 2, 0, 1, 2, 2, 1, 0, 0, 3, 1, 4, 1, 2, 0, 3, 1, 2, 1, 3, 0, 4, 3, 0, 1, 1, 1, 0, 4, 4, 4, 1, 3, 1, 3, 0, 1, 2, 1, 2, 1, 1, 3, 2, 1, 2, 2, 4, 1, 1, 2, 1, 1, 2]|[0, 2, 1, 1, 3, 0, 1, 0, 0, 0, 0, 0, 1, 0, 1, 0, 0, 0, 1, 0, 0, 1, 3, 1, 0, 2, 0, 0, 0, 1, 0, 0, 0, 0, 3, 0, 0, 3, 0, 2, 1, 1, 1, 0, 0, 0, 0, 0, 1, 0, 0, 0, 1, 3, 0, 0, 0, 2, 0, 1, 0, 2, 0, 1, 0, 2, 1, 0, 0, 1, 0, 3, 1, 1, 3, 3, 1, 0, 0, 2, 2, 0, 3, 1, 1, 0, 0, 0, 2, 1, 0, 0, 1, 0, 0, 1, 0, 0, 0, 0],886.2473358349586,58758.83497165405,109616.89586335752,true
3,G1_CMAX,G4_BALANCED,[31, 22, 82, 15, 26, 9, 95, 42, 77, 12, 47, 5, 93, 78, 86, 54, 85, 63, 18, 44, 20, 35, 43, 97, 91, 76, 10, 30, 21, 45, 71, 64, 1, 23, 17, 83, 24, 41, 60, 36, 6, 57, 40, 88, 65, 75, 79, 69, 67, 68, 46, 56, 38, 58, 19, 32, 81, 48, 27, 62, 87, 90, 99, 59, 11, 16, 72, 73, 70, 39, 37, 84, 3, 92, 25, 55, 28, 51, 29, 7, 96, 74, 61, 33, 89, 14, 66, 80, 94, 53, 50, 2, 8, 4, 52, 49, 0, 34, 98, 13]|[2, 1, 0, 1, 1, 0, 1, 2, 2, 1, 2, 2, 2, 1, 1, 0, 0, 0, 0, 2, 2, 0, 1, 2, 0, 1, 2, 2, 0, 0, 1, 2, 1, 2, 2, 0, 0, 1, 1, 1, 0, 1, 1, 1, 0, 0, 1, 2, 0, 0, 2, 2, 1, 1, 2, 1, 2, 1, 0, 0, 2, 1, 0, 1, 2, 1, 2, 1, 1, 1, 0, 1, 1, 0, 1, 1, 1, 0, 1, 1, 1, 2, 1, 2, 1, 0, 0, 0, 1, 0, 0, 0, 1, 1, 2, 0, 0, 2, 0, 0]|[0, 3, 2, 2, 4, 1, 2, 2, 1, 4, 0, 1, 2, 4, 4, 1, 2, 1, 2, 1, 1, 1, 1, 2, 1, 2, 1, 1, 1, 1, 3, 2, 3, 0, 1, 0, 1, 4, 0, 3, 2, 2, 2, 0, 1, 2, 0, 2, 0, 1, 1, 1, 1, 0, 0, 3, 2, 4, 1, 2, 2, 3, 1, 2, 1, 3, 0, 4, 1, 1, 1, 1, 1, 0, 4, 4, 4, 1, 3, 1, 3, 0, 3, 2, 1, 2, 2, 1, 4, 2, 1, 2, 3, 4, 1, 1, 2, 1, 0, 2]|[0, 2, 1, 1, 3, 0, 1, 0, 0, 0, 0, 0, 1, 0, 1, 0, 0, 0, 1, 0, 0, 1, 3, 1, 0, 2, 0, 0, 0, 1, 0, 0, 0, 0, 0, 0, 0, 3, 0, 2, 1, 1, 1, 0, 0, 0, 0, 0, 1, 0, 0, 0, 1, 3, 0, 0, 1, 2, 0, 1, 0, 2, 0, 1, 0, 2, 1, 0, 3, 1, 0, 3, 1, 1, 3, 3, 1, 0, 0, 2, 2, 0, 0, 0, 1, 0, 0, 0, 2, 1, 0, 0, 2, 0, 0, 1, 0, 0, 0, 0],801.8881181607775,58484.683679669666,119285.05667989879,true
3,G4_BALANCED,G4_BALANCED,[31, 22, 82, 15, 26, 9, 95, 42, 77, 12, 47, 5, 93, 78, 86, 54, 85, 63, 18, 44, 20, 35, 43, 97, 91, 76, 10, 30, 21, 45, 71, 64, 1, 23, 17, 83, 24, 41, 60, 36, 6, 57, 40, 88, 65, 56, 79, 69, 67, 68, 46, 75, 38, 58, 19, 32, 81, 48, 27, 62, 87, 90, 99, 59, 11, 16, 72, 73, 70, 89, 37, 84, 3, 14, 25, 55, 28, 51, 80, 7, 96, 98, 61, 33, 39, 92, 66, 29, 94, 53, 50, 2, 8, 4, 52, 49, 0, 34, 74, 13]|[2, 1, 0, 1, 1, 0, 1, 2, 2, 1, 2, 2, 2, 1, 1, 0, 0, 0, 0, 2, 2, 0, 1, 2, 0, 1, 2, 2, 0, 0, 1, 2, 1, 2, 1, 0, 0, 1, 1, 1, 0, 1, 2, 1, 0, 2, 1, 2, 0, 0, 0, 0, 1, 1, 2, 1, 2, 1, 0, 0, 2, 1, 0, 1, 2, 1, 2, 1, 1, 1, 0, 1, 1, 0, 1, 1, 1, 0, 1, 1, 1, 2, 1, 2, 1, 0, 2, 0, 1, 0, 0, 0, 1, 0, 2, 0, 0, 2, 2, 0]|[0, 3, 2, 2, 4, 1, 2, 2, 1, 4, 0, 1, 2, 4, 4, 1, 2, 1, 2, 1, 1, 1, 1, 2, 1, 2, 1, 1, 1, 1, 3, 2, 3, 0, 4, 0, 1, 4, 0, 3, 2, 2, 0, 0, 1, 1, 0, 2, 0, 1, 2, 2, 1, 0, 0, 3, 1, 4, 1, 2, 2, 3, 1, 2, 1, 3, 0, 4, 3, 1, 1, 1, 1, 2, 4, 4, 4, 1, 3, 1, 3, 0, 3, 2, 1, 0, 0, 1, 4, 2, 1, 2, 3, 2, 1, 1, 2, 1, 0, 2]|[0, 2, 1, 1, 3, 0, 1, 0, 0, 0, 0, 0, 1, 0, 1, 0, 0, 0, 1, 0, 0, 1, 3, 1, 0, 2, 0, 0, 0, 1, 0, 0, 0, 0, 3, 0, 0, 3, 0, 2, 1, 1, 0, 0, 0, 0, 0, 0, 1, 0, 0, 0, 1, 3, 0, 0, 0, 2, 0, 1, 0, 2, 0, 1, 0, 2, 1, 0, 0, 1, 0, 3, 1, 0, 3, 3, 1, 0, 0, 2, 2, 0, 0, 0, 1, 1, 0, 0, 2, 1, 0, 0, 2, 0, 0, 1, 0, 0, 0, 0],829.379534923994,57828.15105342472,117512.75883959542,false
3,G2_TEC,G4_BALANCED,[31, 22, 82, 15, 26, 9, 95, 42, 77, 12, 47, 5, 93, 78, 86, 54, 85, 63, 18, 44, 20, 35, 43, 97, 91, 76, 10, 30, 21, 45, 71, 64, 1, 23, 17, 83, 24, 41, 60, 36, 6, 57, 40, 88, 65, 56, 79, 69, 67, 68, 46, 75, 38, 58, 19, 32, 81, 48, 27, 62, 87, 90, 99, 59, 11, 16, 72, 73, 70, 89, 37, 84, 13, 92, 25, 53, 28, 51, 29, 7, 96, 74, 61, 33, 39, 14, 66, 80, 94, 55, 50, 2, 8, 4, 52, 49, 0, 34, 98, 3]|[2, 1, 0, 1, 1, 0, 1, 2, 2, 1, 2, 2, 2, 1, 1, 0, 0, 0, 0, 2, 2, 0, 1, 2, 0, 1, 2, 2, 0, 0, 1, 2, 1, 2, 1, 0, 2, 1, 1, 1, 0, 1, 1, 1, 0, 2, 1, 2, 0, 0, 0, 0, 1, 1, 2, 1, 2, 1, 0, 0, 2, 1, 0, 1, 2, 1, 2, 1, 1, 1, 0, 1, 0, 0, 1, 0, 1, 0, 1, 1, 1, 2, 1, 2, 1, 0, 2, 0, 1, 1, 0, 0, 1, 1, 2, 0, 0, 2, 0, 1]|[0, 3, 2, 2, 4, 1, 2, 2, 1, 4, 0, 1, 2, 4, 4, 1, 2, 1, 2, 1, 1, 1, 1, 2, 1, 2, 1, 1, 1, 1, 3, 2, 3, 0, 4, 0, 1, 4, 0, 3, 2, 2, 2, 0, 1, 1, 0, 2, 0, 1, 2, 2, 1, 0, 0, 3, 1, 4, 1, 2, 2, 3, 1, 2, 1, 3, 0, 4, 1, 1, 1, 1, 2, 0, 4, 2, 4, 1, 3, 1, 3, 0, 3, 2, 1, 2, 0, 1, 4, 4, 1, 2, 3, 4, 1, 1, 2, 1, 0, 1]|[0, 2, 1, 1, 3, 0, 1, 0, 0, 0, 0, 0, 1, 0, 1, 0, 0, 0, 1, 0, 0, 1, 3, 1, 0, 2, 0, 0, 0, 1, 0, 0, 0, 0, 3, 0, 1, 3, 0, 2, 1, 1, 1, 0, 0, 0, 0, 0, 1, 0, 0, 0, 1, 3, 0, 0, 0, 2, 0, 1, 0, 2, 0, 1, 0, 2, 1, 0, 3, 1, 0, 3, 0, 1, 3, 1, 1, 0, 0, 2, 2, 0, 0, 0, 1, 0, 0, 0, 2, 3, 0, 0, 2, 0, 0, 1, 0, 0, 0, 1],817.0059486236622,58045.18931027049,119054.37397356685,true
3,G3_TWC,G4_BALANCED,[31, 22, 82, 15, 26, 9, 95, 42, 77, 12, 47, 5, 93, 78, 86, 54, 85, 63, 18, 44, 20, 35, 43, 97, 91, 76, 10, 30, 21, 45, 71, 64, 1, 23, 17, 83, 24, 41, 60, 36, 6, 57, 40, 88, 65, 56, 79, 69, 67, 68, 46, 75, 38, 58, 19, 32, 81, 48, 27, 62, 87, 90, 99, 59, 11, 16, 72, 73, 61, 39, 37, 84, 3, 92, 25, 55, 28, 51, 29, 7, 33, 74, 70, 96, 89, 14, 66, 80, 8, 53, 50, 2, 94, 4, 52, 49, 0, 34, 98, 13]|[2, 1, 0, 1, 1, 0, 1, 2, 2, 1, 2, 2, 2, 1, 1, 0, 0, 0, 0, 2, 2, 0, 1, 2, 0, 1, 2, 2, 0, 0, 1, 2, 1, 2, 1, 0, 0, 1, 1, 1, 0, 1, 1, 1, 0, 1, 1, 2, 0, 0, 0, 0, 1, 1, 2, 1, 2, 1, 0, 0, 0, 1, 0, 1, 2, 1, 2, 1, 1, 1, 0, 1, 1, 0, 1, 1, 1, 0, 1, 1, 1, 2, 1, 0, 1, 0, 0, 0, 1, 0, 0, 0, 2, 1, 2, 0, 0, 2, 0, 0]|[0, 3, 2, 2, 4, 1, 2, 2, 1, 4, 0, 1, 2, 4, 4, 1, 2, 1, 2, 1, 1, 1, 1, 2, 1, 2, 1, 1, 1, 1, 3, 2, 3, 0, 4, 0, 1, 4, 0, 3, 2, 2, 2, 0, 1, 1, 0, 2, 0, 1, 2, 2, 1, 0, 0, 3, 1, 4, 1, 2, 0, 3, 1, 2, 1, 3, 0, 4, 3, 0, 1, 1, 1, 0, 4, 4, 4, 1, 3, 1, 3, 0, 1, 2, 1, 2, 1, 1, 3, 2, 1, 2, 2, 4, 1, 1, 2, 1, 1, 2]|[0, 2, 1, 1, 3, 0, 1, 0, 0, 0, 0, 0, 1, 0, 1, 0, 0, 0, 1, 0, 0, 1, 3, 1, 0, 2, 0, 0, 0, 1, 0, 0, 0, 0, 3, 0, 0, 3, 0, 2, 1, 1, 1, 0, 0, 0, 0, 0, 1, 0, 0, 0, 1, 3, 0, 0, 0, 2, 0, 1, 0, 2, 0, 1, 0, 2, 1, 0, 0, 1, 0, 3, 1, 1, 3, 3, 1, 0, 0, 2, 2, 0, 3, 1, 1, 0, 0, 0, 2, 1, 0, 0, 1, 0, 0, 1, 0, 0, 0, 0],886.2473358349586,58758.83497165405,109616.89586335752,true
3,G1_CMAX,G4_BALANCED,[31, 22, 82, 15, 26, 9, 95, 42, 77, 12, 47, 5, 93, 78, 86, 54, 85, 63, 18, 44, 20, 35, 43, 97, 91, 76, 10, 30, 21, 45, 71, 64, 1, 23, 17, 83, 24, 41, 60, 36, 6, 57, 40, 88, 65, 75, 79, 69, 67, 68, 46, 56, 38, 58, 19, 32, 81, 48, 27, 62, 87, 90, 99, 59, 11, 16, 72, 73, 70, 39, 37, 84, 3, 92, 25, 55, 28, 51, 29, 7, 96, 74, 61, 33, 89, 14, 66, 80, 94, 53, 50, 2, 8, 4, 52, 49, 0, 34, 98, 13]|[2, 1, 0, 1, 1, 0, 1, 2, 2, 1, 2, 2, 2, 1, 1, 0, 0, 0, 0, 2, 2, 0, 1, 2, 0, 1, 2, 2, 0, 0, 1, 2, 1, 2, 2, 0, 0, 1, 1, 1, 0, 1, 1, 1, 0, 0, 1, 2, 0, 0, 2, 2, 1, 1, 2, 1, 2, 1, 0, 0, 2, 1, 0, 1, 2, 1, 2, 1, 1, 1, 0, 1, 1, 0, 1, 1, 1, 0, 1, 1, 1, 2, 1, 2, 1, 0, 0, 0, 1, 0, 0, 0, 1, 1, 2, 0, 0, 2, 0, 0]|[0, 3, 2, 2, 4, 1, 2, 2, 1, 4, 0, 1, 2, 4, 4, 1, 2, 1, 2, 1, 1, 1, 1, 2, 1, 2, 1, 1, 1, 1, 3, 2, 3, 0, 1, 0, 1, 4, 0, 3, 2, 2, 2, 0, 1, 2, 0, 2, 0, 1, 1, 1, 1, 0, 0, 3, 2, 4, 1, 2, 2, 3, 1, 2, 1, 3, 0, 4, 1, 1, 1, 1, 1, 0, 4, 4, 4, 1, 3, 1, 3, 0, 3, 2, 1, 2, 2, 1, 4, 2, 1, 2, 3, 4, 1, 1, 2, 1, 0, 2]|[0, 2, 1, 1, 3, 0, 1, 0, 0, 0, 0, 0, 1, 0, 1, 0, 0, 0, 1, 0, 0, 1, 3, 1, 0, 2, 0, 0, 0, 1, 0, 0, 0, 0, 0, 0, 0, 3, 0, 2, 1, 1, 1, 0, 0, 0, 0, 0, 1, 0, 0, 0, 1, 3, 0, 0, 1, 2, 0, 1, 0, 2, 0, 1, 0, 2, 1, 0, 3, 1, 0, 3, 1, 1, 3, 3, 1, 0, 0, 2, 2, 0, 0, 0, 1, 0, 0, 0, 2, 1, 0, 0, 2, 0, 0, 1, 0, 0, 0, 0],801.8881181607775,58484.683679669666,119285.05667989879,true
3,G4_BALANCED,G4_BALANCED,[31, 22, 82, 15, 26, 9, 95, 42, 77, 12, 47, 5, 93, 78, 86, 54, 85, 63, 18, 44, 20, 35, 43, 97, 91, 76, 10, 30, 21, 45, 71, 64, 1, 23, 17, 83, 24, 41, 60, 36, 6, 57, 40, 88, 65, 56, 79, 69, 67, 68, 46, 75, 38, 58, 19, 32, 81, 48, 27, 62, 87, 90, 99, 59, 11, 16, 72, 73, 70, 89, 37, 84, 3, 14, 25, 55, 28, 51, 80, 7, 96, 98, 61, 33, 39, 92, 66, 29, 94, 53, 50, 2, 8, 4, 52, 49, 0, 34, 74, 13]|[2, 1, 0, 1, 1, 0, 1, 2, 2, 1, 2, 2, 2, 1, 1, 0, 0, 0, 0, 2, 2, 0, 1, 2, 0, 1, 2, 2, 0, 0, 1, 2, 1, 2, 1, 0, 0, 1, 1, 1, 0, 1, 2, 1, 0, 2, 1, 2, 0, 0, 0, 0, 1, 1, 2, 1, 2, 1, 0, 0, 2, 1, 0, 1, 2, 1, 2, 1, 1, 1, 0, 1, 1, 0, 1, 1, 1, 0, 1, 1, 1, 2, 1, 2, 1, 0, 2, 0, 1, 0, 0, 0, 1, 0, 2, 0, 0, 2, 2, 0]|[0, 3, 2, 2, 4, 1, 2, 2, 1, 4, 0, 1, 2, 4, 4, 1, 2, 1, 2, 1, 1, 1, 1, 2, 1, 2, 1, 1, 1, 1, 3, 2, 3, 0, 4, 0, 1, 4, 0, 3, 2, 2, 0, 0, 1, 1, 0, 2, 0, 1, 2, 2, 1, 0, 0, 3, 1, 4, 1, 2, 2, 3, 1, 2, 1, 3, 0, 4, 3, 1, 1, 1, 1, 2, 4, 4, 4, 1, 3, 1, 3, 0, 3, 2, 1, 0, 0, 1, 4, 2, 1, 2, 3, 2, 1, 1, 2, 1, 0, 2]|[0, 2, 1, 1, 3, 0, 1, 0, 0, 0, 0, 0, 1, 0, 1, 0, 0, 0, 1, 0, 0, 1, 3, 1, 0, 2, 0, 0, 0, 1, 0, 0, 0, 0, 3, 0, 0, 3, 0, 2, 1, 1, 0, 0, 0, 0, 0, 0, 1, 0, 0, 0, 1, 3, 0, 0, 0, 2, 0, 1, 0, 2, 0, 1, 0, 2, 1, 0, 0, 1, 0, 3, 1, 0, 3, 3, 1, 0, 0, 2, 2, 0, 0, 0, 1, 1, 0, 0, 2, 1, 0, 0, 2, 0, 0, 1, 0, 0, 0, 0],829.379534923994,57828.15105342472,117512.75883959542,false
3,G2_TEC,G4_BALANCED,[31, 22, 82, 15, 26, 9, 95, 42, 77, 12, 47, 5, 93, 78, 86, 54, 85, 63, 18, 44, 20, 35, 43, 97, 91, 76, 10, 30, 21, 45, 71, 64, 1, 23, 17, 83, 24, 41, 60, 36, 6, 57, 40, 88, 65, 56, 79, 69, 67, 68, 46, 75, 38, 58, 19, 32, 81, 48, 27, 62, 87, 90, 99, 59, 11, 16, 72, 73, 70, 89, 37, 84, 13, 92, 25, 53, 28, 51, 29, 7, 96, 74, 61, 33, 39, 14, 66, 80, 94, 55, 50, 2, 8, 4, 52, 49, 0, 34, 98, 3]|[2, 1, 0, 1, 1, 0, 1, 2, 2, 1, 2, 2, 2, 1, 1, 0, 0, 0, 0, 2, 2, 0, 1, 2, 0, 1, 2, 2, 0, 0, 1, 2, 1, 2, 1, 0, 2, 1, 1, 1, 0, 1, 1, 1, 0, 2, 1, 2, 0, 0, 0, 0, 1, 1, 2, 1, 2, 1, 0, 0, 2, 1, 0, 1, 2, 1, 2, 1, 1, 1, 0, 1, 0, 0, 1, 0, 1, 0, 1, 1, 1, 2, 1, 2, 1, 0, 2, 0, 1, 1, 0, 0, 1, 1, 2, 0, 0, 2, 0, 1]|[0, 3, 2, 2, 4, 1, 2, 2, 1, 4, 0, 1, 2, 4, 4, 1, 2, 1, 2, 1, 1, 1, 1, 2, 1, 2, 1, 1, 1, 1, 3, 2, 3, 0, 4, 0, 1, 4, 0, 3, 2, 2, 2, 0, 1, 1, 0, 2, 0, 1, 2, 2, 1, 0, 0, 3, 1, 4, 1, 2, 2, 3, 1, 2, 1, 3, 0, 4, 1, 1, 1, 1, 2, 0, 4, 2, 4, 1, 3, 1, 3, 0, 3, 2, 1, 2, 0, 1, 4, 4, 1, 2, 3, 4, 1, 1, 2, 1, 0, 1]|[0, 2, 1, 1, 3, 0, 1, 0, 0, 0, 0, 0, 1, 0, 1, 0, 0, 0, 1, 0, 0, 1, 3, 1, 0, 2, 0, 0, 0, 1, 0, 0, 0, 0, 3, 0, 1, 3, 0, 2, 1, 1, 1, 0, 0, 0, 0, 0, 1, 0, 0, 0, 1, 3, 0, 0, 0, 2, 0, 1, 0, 2, 0, 1, 0, 2, 1, 0, 3, 1, 0, 3, 0, 1, 3, 1, 1, 0, 0, 2, 2, 0, 0, 0, 1, 0, 0, 0, 2, 3, 0, 0, 2, 0, 0, 1, 0, 0, 0, 1],817.0059486236622,58045.18931027049,119054.37397356685,true
3,G3_TWC,G4_BALANCED,[31, 22, 82, 15, 26, 9, 95, 42, 77, 12, 47, 5, 93, 78, 86, 54, 85, 63, 18, 44, 20, 35, 43, 97, 91, 76, 10, 30, 21, 45, 71, 64, 1, 23, 17, 83, 24, 41, 60, 36, 6, 57, 40, 88, 65, 56, 79, 69, 67, 68, 46, 75, 38, 58, 19, 32, 81, 48, 27, 62, 87, 90, 99, 59, 11, 16, 72, 73, 61, 39, 37, 84, 3, 92, 25, 55, 28, 51, 29, 7, 33, 74, 70, 96, 89, 14, 66, 80, 8, 53, 50, 2, 94, 4, 52, 49, 0, 34, 98, 13]|[2, 1, 0, 1, 1, 0, 1, 2, 2, 1, 2, 2, 2, 1, 1, 0, 0, 0, 0, 2, 2, 0, 1, 2, 0, 1, 2, 2, 0, 0, 1, 2, 1, 2, 1, 0, 0, 1, 1, 1, 0, 1, 1, 1, 0, 1, 1, 2, 0, 0, 0, 0, 1, 1, 2, 1, 2, 1, 0, 0, 0, 1, 0, 1, 2, 1, 2, 1, 1, 1, 0, 1, 1, 0, 1, 1, 1, 0, 1, 1, 1, 2, 1, 0, 1, 0, 0, 0, 1, 0, 0, 0, 2, 1, 2, 0, 0, 2, 0, 0]|[0, 3, 2, 2, 4, 1, 2, 2, 1, 4, 0, 1, 2, 4, 4, 1, 2, 1, 2, 1, 1, 1, 1, 2, 1, 2, 1, 1, 1, 1, 3, 2, 3, 0, 4, 0, 1, 4, 0, 3, 2, 2, 2, 0, 1, 1, 0, 2, 0, 1, 2, 2, 1, 0, 0, 3, 1, 4, 1, 2, 0, 3, 1, 2, 1, 3, 0, 4, 3, 0, 1, 1, 1, 0, 4, 4, 4, 1, 3, 1, 3, 0, 1, 2, 1, 2, 1, 1, 3, 2, 1, 2, 2, 4, 1, 1, 2, 1, 1, 2]|[0, 2, 1, 1, 3, 0, 1, 0, 0, 0, 0, 0, 1, 0, 1, 0, 0, 0, 1, 0, 0, 1, 3, 1, 0, 2, 0, 0, 0, 1, 0, 0, 0, 0, 3, 0, 0, 3, 0, 2, 1, 1, 1, 0, 0, 0, 0, 0, 1, 0, 0, 0, 1, 3, 0, 0, 0, 2, 0, 1, 0, 2, 0, 1, 0, 2, 1, 0, 0, 1, 0, 3, 1, 1, 3, 3, 1, 0, 0, 2, 2, 0, 3, 1, 1, 0, 0, 0, 2, 1, 0, 0, 1, 0, 0, 1, 0, 0, 0, 0],886.2473358349586,58758.83497165405,109616.89586335752,true
3,G1_CMAX,G1_CMAX,[31, 95, 9, 15, 82, 22, 42, 77, 26, 8, 47, 5, 93, 86, 78, 45, 80, 18, 44, 20, 63, 43, 97, 91, 76, 10, 30, 71, 64, 1, 14, 17, 83, 24, 41, 60, 36, 6, 57, 40, 88, 62, 75, 79, 67, 68, 85, 46, 56, 38, 58, 19, 32, 81, 69, 48, 27, 65, 90, 99, 59, 34, 16, 72, 73, 29, 39, 98, 84, 3, 92, 25, 55, 28, 51, 61, 7, 96, 74, 70, 33, 87, 54, 21, 50, 66, 35, 12, 53, 23, 2, 11, 4, 89, 52, 49, 0, 94, 37, 13]|[2, 1, 0, 1, 0, 1, 2, 1, 1, 1, 2, 2, 2, 1, 1, 0, 0, 0, 2, 2, 0, 1, 2, 0, 1, 2, 2, 1, 2, 1, 2, 2, 0, 2, 1, 1, 1, 0, 1, 2, 1, 0, 2, 1, 0, 0, 0, 2, 2, 1, 1, 2, 1, 2, 2, 1, 0, 0, 1, 0, 1, 2, 1, 2, 1, 1, 1, 0, 1, 1, 0, 1, 1, 1, 0, 1, 1, 1, 2, 1, 2, 0, 0, 0, 0, 2, 0, 1, 0, 2, 0, 2, 1, 1, 2, 0, 0, 1, 0, 0]|[1, 3, 2, 4, 1, 2, 2, 1, 0, 4, 0, 1, 2, 4, 4, 1, 1, 2, 1, 1, 1, 1, 2, 1, 2, 1, 1, 3, 2, 3, 0, 1, 1, 1, 4, 0, 3, 2, 2, 0, 0, 2, 1, 0, 0, 1, 2, 1, 1, 1, 0, 0, 3, 2, 2, 4, 1, 1, 3, 1, 2, 1, 3, 0, 4, 3, 0, 0, 1, 1, 0, 0, 4, 4, 1, 3, 1, 3, 0, 1, 2, 2, 1, 1, 1, 0, 1, 4, 2, 0, 2, 1, 4, 1, 1, 1, 2, 4, 1, 2]|[1, 3, 1, 0, 0, 1, 0, 2, 3, 2, 0, 0, 1, 1, 1, 0, 0, 1, 0, 0, 0, 3, 1, 0, 2, 0, 0, 0, 0, 0, 1, 0, 0, 1, 3, 0, 2, 1, 1, 0, 0, 1, 0, 0, 1, 0, 0, 0, 0, 1, 3, 0, 0, 1, 0, 2, 0, 0, 2, 0, 1, 0, 2, 1, 0, 0, 1, 0, 3, 1, 1, 3, 3, 1, 0, 0, 2, 2, 0, 3, 0, 1, 0, 0, 0, 0, 1, 3, 1, 0, 0, 0, 0, 1, 0, 1, 0, 2, 0, 0],760.3905621193804,59720.61998542996,105098.40235927113,false
3,G4_BALANCED,G4_BALANCED,[31, 22, 82, 15, 26, 9, 95, 42, 77, 12, 47, 5, 93, 78, 86, 54, 85, 63, 18, 44, 20, 35, 43, 97, 91, 76, 10, 30, 21, 45, 71, 64, 1, 23, 17, 83, 24, 41, 60, 36, 6, 57, 40, 88, 65, 56, 79, 69, 67, 68, 46, 75, 38, 58, 19, 32, 81, 48, 27, 62, 87, 90, 99, 59, 11, 16, 72, 73, 70, 89, 37, 84, 3, 14, 25, 55, 28, 51, 80, 7, 96, 98, 61, 33, 39, 92, 66, 29, 94, 53, 50, 2, 8, 4, 52, 49, 0, 34, 74, 13]|[2, 1, 0, 1, 1, 0, 1, 2, 2, 1, 2, 2, 2, 1, 1, 0, 0, 0, 0, 2, 2, 0, 1, 2, 0, 1, 2, 2, 0, 0, 1, 2, 1, 2, 1, 0, 0, 1, 1, 1, 0, 1, 2, 1, 0, 2, 1, 2, 0, 0, 0, 0, 1, 1, 2, 1, 2, 1, 0, 0, 2, 1, 0, 1, 2, 1, 2, 1, 1, 1, 0, 1, 1, 0, 1, 1, 1, 0, 1, 1, 1, 2, 1, 2, 1, 0, 2, 0, 1, 0, 0, 0, 1, 0, 2, 0, 0, 2, 2, 0]|[0, 3, 2, 2, 4, 1, 2, 2, 1, 4, 0, 1, 2, 4, 4, 1, 2, 1, 2, 1, 1, 1, 1, 2, 1, 2, 1, 1, 1, 1, 3, 2, 3, 0, 4, 0, 1, 4, 0, 3, 2, 2, 0, 0, 1, 1, 0, 2, 0, 1, 2, 2, 1, 0, 0, 3, 1, 4, 1, 2, 2, 3, 1, 2, 1, 3, 0, 4, 3, 1, 1, 1, 1, 2, 4, 4, 4, 1, 3, 1, 3, 0, 3, 2, 1, 0, 0, 1, 4, 2, 1, 2, 3, 2, 1, 1, 2, 1, 0, 2]|[0, 2, 1, 1, 3, 0, 1, 0, 0, 0, 0, 0, 1, 0, 1, 0, 0, 0, 1, 0, 0, 1, 3, 1, 0, 2, 0, 0, 0, 1, 0, 0, 0, 0, 3, 0, 0, 3, 0, 2, 1, 1, 0, 0, 0, 0, 0, 0, 1, 0, 0, 0, 1, 3, 0, 0, 0, 2, 0, 1, 0, 2, 0, 1, 0, 2, 1, 0, 0, 1, 0, 3, 1, 0, 3, 3, 1, 0, 0, 2, 2, 0, 0, 0, 1, 1, 0, 0, 2, 1, 0, 0, 2, 0, 0, 1, 0, 0, 0, 0],829.379534923994,57828.15105342472,117512.75883959542,false
3,G2_TEC,G1_CMAX,[31, 22, 82, 15, 26, 9, 95, 42, 77, 12, 47, 5, 93, 78, 86, 54, 85, 63, 18, 44, 20, 35, 43, 97, 91, 76, 10, 30, 21, 45, 71, 64, 1, 23, 17, 83, 24, 41, 60, 36, 6, 57, 40, 88, 65, 75, 79, 69, 67, 68, 46, 56, 38, 58, 19, 32, 81, 48, 27, 62, 87, 90, 99, 59, 11, 16, 72, 73, 70, 39, 37, 84, 3, 92, 25, 55, 28, 51, 29, 7, 96, 74, 61, 33, 89, 50, 66, 80, 8, 53, 14, 2, 34, 4, 52, 49, 0, 94, 98, 13]|[2, 1, 0, 1, 1, 0, 1, 2, 2, 1, 2, 2, 2, 1, 1, 0, 0, 0, 0, 2, 2, 0, 1, 2, 0, 2, 2, 2, 0, 0, 1, 2, 1, 2, 1, 0, 2, 1, 1, 1, 0, 1, 1, 1, 0, 0, 2, 2, 0, 0, 2, 2, 1, 1, 2, 1, 2, 1, 0, 0, 2, 1, 0, 1, 2, 1, 2, 1, 1, 1, 0, 1, 1, 0, 1, 1, 1, 0, 1, 1, 1, 2, 1, 0, 1, 0, 0, 0, 1, 1, 0, 0, 2, 1, 2, 0, 0, 1, 0, 0]|[0, 3, 2, 2, 4, 1, 2, 2, 1, 4, 0, 1, 2, 4, 4, 1, 2, 1, 2, 1, 1, 1, 1, 2, 1, 1, 1, 1, 1, 1, 3, 2, 3, 0, 4, 0, 1, 4, 0, 3, 2, 2, 2, 0, 1, 2, 1, 2, 0, 1, 1, 1, 1, 0, 0, 3, 2, 4, 1, 2, 2, 3, 1, 2, 1, 3, 0, 4, 1, 1, 1, 1, 1, 0, 4, 4, 4, 1, 3, 1, 3, 0, 3, 2, 1, 1, 2, 1, 3, 1, 2, 2, 1, 4, 1, 1, 2, 4, 1, 2]|[0, 2, 1, 1, 3, 0, 1, 0, 0, 0, 0, 0, 1, 0, 1, 0, 0, 0, 1, 0, 0, 1, 3, 1, 0, 0, 0, 0, 0, 1, 0, 0, 0, 0, 3, 0, 1, 3, 0, 2, 1, 1, 1, 0, 0, 0, 0, 0, 1, 0, 0, 0, 1, 3, 0, 0, 1, 2, 0, 1, 0, 2, 0, 1, 0, 2, 1, 0, 3, 1, 0, 3, 1, 1, 3, 3, 1, 0, 0, 2, 2, 0, 0, 1, 1, 0, 0, 0, 2, 1, 0, 0, 0, 0, 0, 1, 0, 2, 0, 0],814.4182047393939,57947.250636755925,115438.45714333907,true
3,G3_TWC,G4_BALANCED,[31, 22, 82, 15, 26, 9, 95, 42, 77, 12, 47, 5, 93, 78, 86, 54, 85, 63, 18, 44, 20, 35, 43, 97, 91, 76, 10, 30, 21, 45, 71, 64, 1, 23, 17, 83, 24, 41, 60, 36, 6, 57, 40, 88, 65, 56, 79, 69, 67, 68, 46, 75, 38, 58, 19, 32, 81, 48, 27, 62, 87, 90, 99, 59, 11, 16, 72, 73, 61, 39, 37, 84, 3, 92, 25, 55, 28, 51, 29, 7, 33, 74, 70, 96, 89, 14, 66, 80, 8, 53, 50, 2, 94, 4, 52, 49, 0, 34, 98, 13]|[2, 1, 0, 1, 1, 0, 1, 2, 2, 1, 2, 2, 2, 1, 1, 0, 0, 0, 0, 2, 2, 0, 1, 2, 0, 1, 2, 2, 0, 0, 1, 2, 1, 2, 1, 0, 0, 1, 1, 1, 0, 1, 1, 1, 0, 1, 1, 2, 0, 0, 0, 0, 1, 1, 2, 1, 2, 1, 0, 0, 0, 1, 0, 1, 2, 1, 2, 1, 1, 1, 0, 1, 1, 0, 1, 1, 1, 0, 1, 1, 1, 2, 1, 0, 1, 0, 0, 0, 1, 0, 0, 0, 2, 1, 2, 0, 0, 2, 0, 0]|[0, 3, 2, 2, 4, 1, 2, 2, 1, 4, 0, 1, 2, 4, 4, 1, 2, 1, 2, 1, 1, 1, 1, 2, 1, 2, 1, 1, 1, 1, 3, 2, 3, 0, 4, 0, 1, 4, 0, 3, 2, 2, 2, 0, 1, 1, 0, 2, 0, 1, 2, 2, 1, 0, 0, 3, 1, 4, 1, 2, 0, 3, 1, 2, 1, 3, 0, 4, 3, 0, 1, 1, 1, 0, 4, 4, 4, 1, 3, 1, 3, 0, 1, 2, 1, 2, 1, 1, 3, 2, 1, 2, 2, 4, 1, 1, 2, 1, 1, 2]|[0, 2, 1, 1, 3, 0, 1, 0, 0, 0, 0, 0, 1, 0, 1, 0, 0, 0, 1, 0, 0, 1, 3, 1, 0, 2, 0, 0, 0, 1, 0, 0, 0, 0, 3, 0, 0, 3, 0, 2, 1, 1, 1, 0, 0, 0, 0, 0, 1, 0, 0, 0, 1, 3, 0, 0, 0, 2, 0, 1, 0, 2, 0, 1, 0, 2, 1, 0, 0, 1, 0, 3, 1, 1, 3, 3, 1, 0, 0, 2, 2, 0, 3, 1, 1, 0, 0, 0, 2, 1, 0, 0, 1, 0, 0, 1, 0, 0, 0, 0],886.2473358349586,58758.83497165405,109616.89586335752,true
3,G1_CMAX,G1_CMAX,[31, 95, 9, 15, 82, 22, 42, 77, 26, 8, 47, 5, 93, 86, 78, 45, 80, 18, 44, 20, 63, 43, 97, 91, 76, 10, 30, 71, 64, 1, 14, 17, 83, 24, 41, 60, 36, 6, 57, 40, 88, 62, 75, 79, 67, 68, 85, 46, 56, 38, 58, 19, 32, 81, 69, 48, 27, 65, 90, 99, 59, 34, 16, 72, 73, 29, 39, 98, 84, 3, 92, 25, 55, 28, 51, 61, 7, 96, 74, 70, 33, 87, 54, 21, 50, 66, 35, 12, 53, 23, 2, 11, 4, 89, 52, 49, 0, 94, 37, 13]|[2, 1, 0, 1, 0, 1, 2, 1, 1, 1, 2, 2, 2, 1, 1, 0, 0, 0, 2, 2, 0, 1, 2, 0, 1, 2, 2, 1, 2, 1, 2, 2, 0, 2, 1, 1, 1, 0, 1, 2, 1, 0, 2, 1, 0, 0, 0, 2, 2, 1, 1, 2, 1, 2, 2, 1, 0, 0, 1, 0, 1, 2, 1, 2, 1, 1, 1, 0, 1, 1, 0, 1, 1, 1, 0, 1, 1, 1, 2, 1, 2, 0, 0, 0, 0, 2, 0, 1, 0, 2, 0, 2, 1, 1, 2, 0, 0, 1, 0, 0]|[1, 3, 2, 4, 1, 2, 2, 1, 0, 4, 0, 1, 2, 4, 4, 1, 1, 2, 1, 1, 1, 1, 2, 1, 2, 1, 1, 3, 2, 3, 0, 1, 1, 1, 4, 0, 3, 2, 2, 0, 0, 2, 1, 0, 0, 1, 2, 1, 1, 1, 0, 0, 3, 2, 2, 4, 1, 1, 3, 1, 2, 1, 3, 0, 4, 3, 0, 0, 1, 1, 0, 0, 4, 4, 1, 3, 1, 3, 0, 1, 2, 2, 1, 1, 1, 0, 1, 4, 2, 0, 2, 1, 4, 1, 1, 1, 2, 4, 1, 2]|[1, 3, 1, 0, 0, 1, 0, 2, 3, 2, 0, 0, 1, 1, 1, 0, 0, 1, 0, 0, 0, 3, 1, 0, 2, 0, 0, 0, 0, 0, 1, 0, 0, 1, 3, 0, 2, 1, 1, 0, 0, 1, 0, 0, 1, 0, 0, 0, 0, 1, 3, 0, 0, 1, 0, 2, 0, 0, 2, 0, 1, 0, 2, 1, 0, 0, 1, 0, 3, 1, 1, 3, 3, 1, 0, 0, 2, 2, 0, 3, 0, 1, 0, 0, 0, 0, 1, 3, 1, 0, 0, 0, 0, 1, 0, 1, 0, 2, 0, 0],760.3905621193804,59720.61998542996,105098.40235927113,false
3,G4_BALANCED,G4_BALANCED,[31, 22, 82, 15, 26, 9, 95, 42, 77, 12, 47, 5, 93, 78, 86, 54, 85, 63, 18, 44, 20, 35, 43, 97, 91, 76, 10, 30, 21, 45, 71, 64, 1, 23, 17, 83, 24, 41, 60, 36, 6, 57, 40, 88, 65, 56, 79, 69, 67, 68, 46, 75, 38, 58, 19, 32, 81, 48, 27, 62, 87, 90, 99, 59, 11, 16, 72, 73, 70, 89, 37, 84, 3, 14, 25, 55, 28, 51, 29, 7, 96, 98, 61, 33, 39, 92, 66, 80, 94, 53, 50, 2, 8, 4, 52, 49, 0, 34, 74, 13]|[2, 1, 0, 1, 1, 0, 1, 2, 2, 1, 2, 2, 2, 1, 1, 0, 0, 0, 0, 2, 2, 0, 1, 2, 0, 1, 2, 2, 0, 0, 1, 2, 1, 2, 1, 0, 0, 1, 1, 1, 0, 1, 2, 1, 0, 2, 1, 2, 0, 0, 0, 0, 1, 1, 2, 1, 2, 1, 0, 0, 2, 1, 0, 1, 2, 1, 2, 1, 1, 1, 0, 1, 1, 0, 1, 1, 1, 0, 0, 1, 1, 2, 1, 2, 1, 0, 2, 1, 1, 0, 0, 0, 1, 0, 2, 0, 0, 2, 2, 0]|[0, 3, 2, 2, 4, 1, 2, 2, 1, 4, 0, 1, 2, 4, 4, 1, 2, 1, 2, 1, 1, 1, 1, 2, 1, 2, 1, 1, 1, 1, 3, 2, 3, 0, 4, 0, 1, 4, 0, 3, 2, 2, 0, 0, 1, 1, 0, 2, 0, 1, 2, 2, 1, 0, 0, 3, 1, 4, 1, 2, 2, 3, 1, 2, 1, 3, 0, 4, 3, 1, 1, 1, 1, 2, 4, 4, 4, 1, 1, 1, 3, 0, 3, 2, 1, 0, 0, 3, 4, 2, 1, 2, 3, 2, 1, 1, 2, 1, 0, 2]|[0, 2, 1, 1, 3, 0, 1, 0, 0, 0, 0, 0, 1, 0, 1, 0, 0, 0, 1, 0, 0, 1, 3, 1, 0, 2, 0, 0, 0, 1, 0, 0, 0, 0, 3, 0, 0, 3, 0, 2, 1, 1, 0, 0, 0, 0, 0, 0, 1, 0, 0, 0, 1, 3, 0, 0, 0, 2, 0, 1, 0, 2, 0, 1, 0, 2, 1, 0, 0, 1, 0, 3, 1, 0, 3, 3, 1, 0, 0, 2, 2, 0, 0, 0, 1, 1, 0, 0, 2, 1, 0, 0, 2, 0, 0, 1, 0, 0, 0, 0],829.379534923994,57793.51130383475,116375.00926789793,false
3,G2_TEC,G1_CMAX,[31, 22, 82, 15, 26, 9, 95, 42, 77, 12, 47, 5, 93, 78, 86, 54, 85, 63, 18, 44, 20, 35, 43, 97, 91, 76, 10, 30, 21, 45, 71, 64, 1, 23, 17, 83, 24, 41, 60, 36, 6, 57, 40, 88, 65, 75, 79, 69, 67, 68, 46, 56, 38, 58, 19, 32, 81, 48, 27, 62, 87, 90, 99, 59, 11, 16, 72, 73, 70, 39, 37, 84, 3, 92, 25, 55, 28, 51, 29, 7, 96, 74, 61, 33, 89, 50, 66, 80, 8, 53, 14, 2, 34, 4, 52, 49, 0, 94, 98, 13]|[2, 1, 0, 1, 1, 0, 1, 2, 2, 1, 2, 2, 2, 1, 1, 0, 0, 0, 0, 2, 2, 0, 1, 2, 0, 2, 2, 2, 0, 0, 1, 2, 1, 2, 1, 0, 2, 1, 1, 1, 0, 1, 1, 1, 0, 0, 2, 2, 0, 0, 2, 2, 1, 1, 2, 1, 2, 1, 0, 0, 2, 1, 0, 1, 2, 1, 2, 1, 1, 1, 0, 1, 1, 0, 1, 1, 1, 0, 1, 1, 1, 2, 1, 0, 1, 0, 0, 0, 1, 1, 0, 0, 2, 1, 2, 0, 0, 1, 0, 0]|[0, 3, 2, 2, 4, 1, 2, 2, 1, 4, 0, 1, 2, 4, 4, 1, 2, 1, 2, 1, 1, 1, 1, 2, 1, 1, 1, 1, 1, 1, 3, 2, 3, 0, 4, 0, 1, 4, 0, 3, 2, 2, 2, 0, 1, 2, 1, 2, 0, 1, 1, 1, 1, 0, 0, 3, 2, 4, 1, 2, 2, 3, 1, 2, 1, 3, 0, 4, 1, 1, 1, 1, 1, 0, 4, 4, 4, 1, 3, 1, 3, 0, 3, 2, 1, 1, 2, 1, 3, 1, 2, 2, 1, 4, 1, 1, 2, 4, 1, 2]|[0, 2, 1, 1, 3, 0, 1, 0, 0, 0, 0, 0, 1, 0, 1, 0, 0, 0, 1, 0, 0, 1, 3, 1, 0, 0, 0, 0, 0, 1, 0, 0, 0, 0, 3, 0, 1, 3, 0, 2, 1, 1, 1, 0, 0, 0, 0, 0, 1, 0, 0, 0, 1, 3, 0, 0, 1, 2, 0, 1, 0, 2, 0, 1, 0, 2, 1, 0, 3, 1, 0, 3, 1, 1, 3, 3, 1, 0, 0, 2, 2, 0, 0, 1, 1, 0, 0, 0, 2, 1, 0, 0, 0, 0, 0, 1, 0, 2, 0, 0],814.4182047393939,57947.250636755925,115438.45714333907,true
3,G3_TWC,G4_BALANCED,[31, 22, 82, 15, 26, 9, 95, 42, 77, 12, 47, 5, 93, 78, 86, 54, 85, 63, 18, 44, 20, 35, 43, 97, 91, 76, 10, 30, 21, 45, 71, 64, 1, 23, 17, 83, 24, 41, 60, 36, 6, 57, 40, 88, 65, 56, 79, 69, 67, 68, 46, 75, 38, 58, 19, 32, 81, 48, 27, 62, 87, 90, 99, 59, 11, 16, 72, 73, 61, 39, 37, 84, 3, 92, 25, 55, 28, 51, 29, 7, 33, 74, 70, 96, 89, 14, 66, 80, 8, 53, 50, 2, 94, 4, 52, 49, 0, 34, 98, 13]|[2, 1, 0, 1, 1, 0, 1, 2, 2, 1, 2, 2, 2, 1, 1, 0, 0, 0, 0, 2, 2, 0, 1, 2, 0, 1, 2, 2, 0, 0, 1, 2, 1, 2, 1, 0, 0, 1, 1, 1, 0, 1, 1, 1, 0, 1, 1, 2, 0, 0, 0, 0, 1, 1, 2, 1, 2, 1, 0, 0, 0, 1, 0, 1, 2, 1, 2, 1, 1, 1, 0, 1, 1, 0, 1, 1, 1, 0, 1, 1, 1, 2, 1, 0, 1, 0, 0, 0, 1, 0, 0, 0, 2, 1, 2, 0, 0, 2, 0, 0]|[0, 3, 2, 2, 4, 1, 2, 2, 1, 4, 0, 1, 2, 4, 4, 1, 2, 1, 2, 1, 1, 1, 1, 2, 1, 2, 1, 1, 1, 1, 3, 2, 3, 0, 4, 0, 1, 4, 0, 3, 2, 2, 2, 0, 1, 1, 0, 2, 0, 1, 2, 2, 1, 0, 0, 3, 1, 4, 1, 2, 0, 3, 1, 2, 1, 3, 0, 4, 3, 0, 1, 1, 1, 0, 4, 4, 4, 1, 3, 1, 3, 0, 1, 2, 1, 2, 1, 1, 3, 2, 1, 2, 2, 4, 1, 1, 2, 1, 1, 2]|[0, 2, 1, 1, 3, 0, 1, 0, 0, 0, 0, 0, 1, 0, 1, 0, 0, 0, 1, 0, 0, 1, 3, 1, 0, 2, 0, 0, 0, 1, 0, 0, 0, 0, 3, 0, 0, 3, 0, 2, 1, 1, 1, 0, 0, 0, 0, 0, 1, 0, 0, 0, 1, 3, 0, 0, 0, 2, 0, 1, 0, 2, 0, 1, 0, 2, 1, 0, 0, 1, 0, 3, 1, 1, 3, 3, 1, 0, 0, 2, 2, 0, 3, 1, 1, 0, 0, 0, 2, 1, 0, 0, 1, 0, 0, 1, 0, 0, 0, 0],886.2473358349586,58758.83497165405,109616.89586335752,true
3,G1_CMAX,G1_CMAX,[31, 95, 9, 15, 82, 22, 42, 77, 26, 8, 47, 5, 93, 86, 78, 45, 80, 18, 44, 20, 63, 43, 97, 91, 76, 10, 30, 71, 64, 1, 14, 17, 83, 24, 41, 60, 36, 6, 57, 40, 88, 62, 75, 79, 67, 68, 85, 46, 56, 38, 58, 19, 32, 81, 69, 48, 27, 65, 90, 99, 59, 34, 16, 72, 73, 29, 39, 98, 84, 3, 92, 25, 55, 28, 51, 61, 7, 96, 74, 70, 33, 87, 54, 21, 50, 66, 35, 12, 53, 23, 2, 11, 4, 89, 52, 49, 0, 94, 37, 13]|[2, 1, 0, 1, 0, 1, 2, 1, 1, 1, 2, 2, 2, 1, 1, 0, 0, 0, 2, 2, 0, 1, 2, 0, 1, 2, 2, 1, 2, 1, 2, 2, 0, 2, 1, 1, 1, 0, 1, 2, 1, 0, 2, 1, 0, 0, 0, 2, 2, 1, 1, 2, 1, 2, 2, 1, 0, 0, 1, 0, 1, 2, 1, 2, 1, 1, 1, 0, 1, 1, 0, 1, 1, 1, 0, 1, 1, 1, 2, 1, 2, 0, 0, 0, 0, 2, 0, 1, 0, 2, 0, 2, 1, 1, 2, 0, 0, 1, 0, 0]|[1, 3, 2, 4, 1, 2, 2, 1, 0, 4, 0, 1, 2, 4, 4, 1, 1, 2, 1, 1, 1, 1, 2, 1, 2, 1, 1, 3, 2, 3, 0, 1, 1, 1, 4, 0, 3, 2, 2, 0, 0, 2, 1, 0, 0, 1, 2, 1, 1, 1, 0, 0, 3, 2, 2, 4, 1, 1, 3, 1, 2, 1, 3, 0, 4, 3, 0, 0, 1, 1, 0, 0, 4, 4, 1, 3, 1, 3, 0, 1, 2, 2, 1, 1, 1, 0, 1, 4, 2, 0, 2, 1, 4, 1, 1, 1, 2, 4, 1, 2]|[1, 3, 1, 0, 0, 1, 0, 2, 3, 2, 0, 0, 1, 1, 1, 0, 0, 1, 0, 0, 0, 3, 1, 0, 2, 0, 0, 0, 0, 0, 1, 0, 0, 1, 3, 0, 2, 1, 1, 0, 0, 1, 0, 0, 1, 0, 0, 0, 0, 1, 3, 0, 0, 1, 0, 2, 0, 0, 2, 0, 1, 0, 2, 1, 0, 0, 1, 0, 3, 1, 1, 3, 3, 1, 0, 0, 2, 2, 0, 3, 0, 1, 0, 0, 0, 0, 1, 3, 1, 0, 0, 0, 0, 1, 0, 1, 0, 2, 0, 0],760.3905621193804,59720.61998542996,105098.40235927113,false
3,G4_BALANCED,G4_BALANCED,[31, 22, 82, 15, 26, 9, 95, 42, 77, 12, 47, 5, 93, 78, 86, 54, 85, 63, 18, 44, 20, 35, 43, 97, 91, 76, 10, 30, 21, 45, 71, 64, 1, 23, 17, 83, 24, 41, 60, 36, 6, 57, 40, 88, 65, 56, 79, 69, 67, 68, 46, 75, 38, 58, 19, 32, 81, 48, 27, 62, 87, 90, 99, 59, 11, 16, 72, 73, 70, 89, 37, 84, 3, 14, 25, 55, 28, 51, 29, 7, 96, 98, 61, 33, 39, 92, 66, 80, 94, 53, 50, 2, 8, 4, 52, 49, 0, 34, 74, 13]|[2, 1, 0, 1, 1, 0, 1, 2, 2, 1, 2, 2, 2, 1, 1, 0, 0, 0, 0, 2, 2, 0, 1, 2, 0, 1, 2, 2, 0, 0, 1, 2, 1, 2, 1, 0, 0, 1, 1, 1, 0, 1, 2, 1, 0, 2, 1, 2, 0, 0, 0, 0, 1, 1, 2, 1, 2, 1, 0, 0, 2, 1, 0, 1, 2, 1, 2, 1, 1, 1, 0, 1, 1, 0, 1, 1, 1, 0, 0, 1, 1, 2, 1, 2, 1, 0, 2, 1, 1, 0, 0, 0, 1, 0, 2, 0, 0, 2, 2, 0]|[0, 3, 2, 2, 4, 1, 2, 2, 1, 4, 0, 1, 2, 4, 4, 1, 2, 1, 2, 1, 1, 1, 1, 2, 1, 2, 1, 1, 1, 1, 3, 2, 3, 0, 4, 0, 1, 4, 0, 3, 2, 2, 0, 0, 1, 1, 0, 2, 0, 1, 2, 2, 1, 0, 0, 3, 1, 4, 1, 2, 2, 3, 1, 2, 1, 3, 0, 4, 3, 1, 1, 1, 1, 2, 4, 4, 4, 1, 1, 1, 3, 0, 3, 2, 1, 0, 0, 3, 4, 2, 1, 2, 3, 2, 1, 1, 2, 1, 0, 2]|[0, 2, 1, 1, 3, 0, 1, 0, 0, 0, 0, 0, 1, 0, 1, 0, 0, 0, 1, 0, 0, 1, 3, 1, 0, 2, 0, 0, 0, 1, 0, 0, 0, 0, 3, 0, 0, 3, 0, 2, 1, 1, 0, 0, 0, 0, 0, 0, 1, 0, 0, 0, 1, 3, 0, 0, 0, 2, 0, 1, 0, 2, 0, 1, 0, 2, 1, 0, 0, 1, 0, 3, 1, 0, 3, 3, 1, 0, 0, 2, 2, 0, 0, 0, 1, 1, 0, 0, 2, 1, 0, 0, 2, 0, 0, 1, 0, 0, 0, 0],829.379534923994,57793.51130383475,116375.00926789793,false
3,G2_TEC,G4_BALANCED,[31, 22, 82, 15, 26, 9, 95, 42, 77, 12, 47, 5, 93, 78, 86, 54, 85, 63, 18, 68, 20, 49, 36, 14, 48, 50, 53, 17, 21, 45, 71, 64, 3, 23, 30, 83, 24, 41, 60, 52, 65, 27, 90, 87, 70, 39, 74, 69, 99, 44, 46, 1, 38, 58, 97, 59, 28, 8, 57, 62, 56, 40, 67, 76, 11, 16, 72, 73, 61, 6, 37, 84, 66, 92, 25, 89, 81, 51, 29, 7, 33, 79, 88, 96, 55, 32, 75, 19, 91, 10, 80, 2, 34, 4, 43, 35, 0, 94, 98, 13]|[2, 1, 2, 2, 1, 1, 0, 0, 0, 1, 2, 2, 2, 2, 2, 0, 0, 0, 0, 0, 2, 2, 1, 2, 2, 2, 2, 2, 0, 0, 1, 1, 1, 1, 1, 0, 0, 1, 2, 1, 0, 0, 1, 1, 1, 0, 0, 2, 1, 0, 0, 1, 2, 1, 2, 0, 2, 1, 1, 0, 2, 1, 0, 2, 2, 0, 2, 1, 1, 0, 0, 0, 1, 0, 1, 1, 1, 0, 1, 2, 1, 1, 1, 2, 1, 0, 0, 2, 1, 1, 0, 2, 1, 1, 2, 2, 0, 2, 1, 0]|[0, 3, 0, 2, 4, 4, 0, 0, 0, 3, 0, 1, 1, 2, 0, 1, 1, 2, 2, 2, 1, 1, 3, 1, 2, 1, 1, 1, 1, 1, 3, 3, 3, 3, 4, 1, 0, 4, 0, 3, 2, 1, 4, 4, 4, 1, 0, 2, 3, 1, 2, 3, 2, 0, 1, 2, 0, 3, 2, 2, 1, 3, 1, 1, 0, 2, 0, 0, 3, 1, 1, 2, 1, 0, 4, 4, 1, 0, 3, 1, 4, 3, 4, 2, 1, 1, 2, 2, 4, 1, 1, 1, 4, 3, 1, 2, 2, 1, 4, 2]|[0, 2, 0, 0, 3, 3, 0, 0, 0, 0, 0, 0, 1, 1, 0, 0, 0, 0, 1, 1, 0, 0, 2, 0, 1, 0, 0, 0, 0, 0, 0, 0, 0, 0, 3, 0, 0, 3, 1, 2, 0, 0, 1, 1, 3, 0, 1, 0, 2, 0, 0, 0, 0, 3, 1, 0, 0, 0, 1, 1, 0, 2, 0, 0, 0, 1, 1, 1, 0, 0, 0, 1, 1, 1, 3, 3, 1, 0, 0, 0, 1, 2, 1, 0, 1, 0, 0, 1, 1, 1, 0, 0, 2, 0, 0, 0, 0, 0, 2, 0],953.4548136336422,56357.37256681798,123673.4257013006,true
3,G3_TWC,G4_BALANCED,[31, 22, 82, 15, 26, 9, 95, 42, 77, 12, 47, 5, 93, 78, 86, 54, 85, 63, 18, 44, 20, 35, 43, 97, 91, 76, 10, 30, 21, 45, 71, 64, 1, 23, 17, 83, 24, 41, 60, 36, 6, 57, 40, 88, 65, 56, 79, 69, 67, 68, 46, 75, 38, 58, 19, 32, 81, 48, 27, 62, 87, 90, 99, 59, 11, 16, 72, 73, 61, 39, 37, 84, 3, 92, 25, 55, 28, 51, 29, 7, 33, 74, 70, 96, 89, 14, 66, 80, 8, 53, 50, 2, 94, 4, 52, 49, 0, 34, 98, 13]|[2, 1, 0, 1, 1, 0, 1, 2, 2, 1, 2, 2, 2, 1, 1, 0, 0, 0, 0, 2, 2, 0, 1, 2, 0, 1, 2, 2, 0, 0, 1, 2, 1, 2, 1, 0, 0, 1, 1, 1, 0, 1, 1, 1, 0, 1, 1, 2, 0, 0, 0, 0, 1, 1, 2, 1, 2, 1, 0, 0, 0, 1, 0, 1, 2, 1, 2, 1, 1, 1, 0, 1, 1, 0, 1, 1, 1, 0, 1, 1, 1, 2, 1, 0, 1, 0, 0, 0, 1, 0, 0, 0, 2, 1, 2, 0, 0, 2, 0, 0]|[0, 3, 2, 2, 4, 1, 2, 2, 1, 4, 0, 1, 2, 4, 4, 1, 2, 1, 2, 1, 1, 1, 1, 2, 1, 2, 1, 1, 1, 1, 3, 2, 3, 0, 4, 0, 1, 4, 0, 3, 2, 2, 2, 0, 1, 1, 0, 2, 0, 1, 2, 2, 1, 0, 0, 3, 1, 4, 1, 2, 0, 3, 1, 2, 1, 3, 0, 4, 3, 0, 1, 1, 1, 0, 4, 4, 4, 1, 3, 1, 3, 0, 1, 2, 1, 2, 1, 1, 3, 2, 1, 2, 2, 4, 1, 1, 2, 1, 1, 2]|[0, 2, 1, 1, 3, 0, 1, 0, 0, 0, 0, 0, 1, 0, 1, 0, 0, 0, 1, 0, 0, 1, 3, 1, 0, 2, 0, 0, 0, 1, 0, 0, 0, 0, 3, 0, 0, 3, 0, 2, 1, 1, 1, 0, 0, 0, 0, 0, 1, 0, 0, 0, 1, 3, 0, 0, 0, 2, 0, 1, 0, 2, 0, 1, 0, 2, 1, 0, 0, 1, 0, 3, 1, 1, 3, 3, 1, 0, 0, 2, 2, 0, 3, 1, 1, 0, 0, 0, 2, 1, 0, 0, 1, 0, 0, 1, 0, 0, 0, 0],886.2473358349586,58758.83497165405,109616.89586335752,true
3,G1_CMAX,G2_TEC,[31, 22, 82, 15, 26, 9, 95, 42, 77, 4, 47, 5, 93, 78, 86, 54, 85, 63, 18, 44, 20, 49, 36, 14, 48, 50, 53, 17, 21, 45, 71, 64, 3, 23, 30, 83, 24, 41, 60, 52, 65, 27, 90, 70, 39, 87, 74, 69, 99, 68, 46, 1, 38, 58, 97, 59, 28, 8, 57, 94, 56, 40, 67, 32, 11, 16, 72, 73, 61, 6, 37, 84, 75, 92, 19, 55, 81, 51, 29, 7, 96, 79, 88, 33, 89, 76, 66, 80, 91, 10, 25, 2, 62, 12, 43, 35, 0, 34, 98, 13]|[2, 1, 0, 1, 1, 0, 0, 0, 2, 1, 2, 0, 2, 2, 1, 0, 0, 0, 0, 2, 2, 1, 0, 2, 2, 1, 2, 2, 0, 0, 1, 2, 1, 2, 1, 0, 0, 1, 1, 1, 0, 1, 1, 1, 0, 1, 0, 2, 1, 0, 0, 0, 2, 1, 0, 0, 2, 1, 0, 2, 2, 1, 1, 1, 2, 1, 2, 1, 1, 1, 0, 0, 1, 0, 2, 1, 1, 0, 1, 1, 1, 2, 1, 2, 1, 2, 2, 0, 1, 1, 1, 2, 0, 0, 2, 1, 0, 2, 0, 0]|[0, 3, 2, 2, 4, 1, 0, 0, 1, 4, 0, 2, 2, 0, 4, 1, 1, 1, 2, 1, 1, 3, 0, 1, 0, 2, 1, 1, 1, 1, 3, 2, 3, 0, 4, 0, 1, 4, 0, 3, 2, 2, 4, 4, 1, 0, 0, 2, 3, 1, 2, 2, 2, 0, 1, 2, 0, 4, 1, 1, 1, 3, 3, 2, 1, 3, 0, 4, 3, 0, 1, 2, 1, 0, 0, 4, 1, 1, 3, 1, 3, 0, 4, 2, 1, 1, 0, 1, 4, 1, 4, 1, 2, 2, 1, 1, 2, 1, 1, 2]|[0, 2, 1, 1, 3, 0, 0, 0, 0, 0, 0, 0, 1, 0, 1, 0, 0, 0, 1, 0, 0, 2, 0, 0, 0, 2, 0, 0, 0, 1, 0, 0, 0, 0, 3, 0, 0, 3, 0, 2, 1, 1, 1, 3, 0, 0, 1, 0, 2, 0, 0, 0, 0, 3, 0, 0, 0, 2, 0, 0, 0, 2, 0, 1, 0, 2, 1, 0, 0, 1, 0, 1, 1, 1, 0, 3, 1, 0, 0, 2, 2, 0, 1, 0, 1, 0, 0, 0, 1, 1, 3, 0, 1, 0, 0, 2, 0, 0, 0, 0],857.4597937008236,57085.385850795676,130777.67402095848,true
3,G4_BALANCED,G4_BALANCED,[31, 22, 82, 15, 26, 9, 95, 42, 77, 12, 47, 5, 93, 78, 86, 54, 85, 63, 18, 44, 20, 35, 43, 97, 91, 76, 10, 30, 21, 45, 71, 64, 1, 23, 17, 83, 24, 41, 60, 36, 6, 57, 40, 88, 65, 56, 79, 69, 67, 68, 46, 75, 38, 58, 19, 32, 81, 48, 27, 62, 87, 90, 99, 59, 11, 16, 72, 73, 70, 89, 37, 84, 3, 14, 25, 55, 28, 51, 29, 7, 96, 98, 61, 33, 39, 92, 66, 80, 94, 53, 50, 2, 8, 4, 52, 49, 0, 34, 74, 13]|[2, 1, 0, 1, 1, 0, 1, 2, 2, 1, 2, 2, 2, 1, 1, 0, 0, 0, 0, 2, 2, 0, 1, 2, 0, 1, 2, 2, 0, 0, 1, 2, 1, 2, 1, 0, 0, 1, 1, 1, 0, 1, 2, 1, 0, 2, 1, 2, 0, 0, 0, 0, 1, 1, 2, 1, 2, 1, 0, 0, 2, 1, 0, 1, 2, 1, 2, 1, 1, 1, 0, 1, 1, 0, 1, 1, 1, 0, 0, 1, 1, 2, 1, 2, 1, 0, 2, 1, 1, 0, 0, 0, 1, 0, 2, 0, 0, 2, 2, 0]|[0, 3, 2, 2, 4, 1, 2, 2, 1, 4, 0, 1, 2, 4, 4, 1, 2, 1, 2, 1, 1, 1, 1, 2, 1, 2, 1, 1, 1, 1, 3, 2, 3, 0, 4, 0, 1, 4, 0, 3, 2, 2, 0, 0, 1, 1, 0, 2, 0, 1, 2, 2, 1, 0, 0, 3, 1, 4, 1, 2, 2, 3, 1, 2, 1, 3, 0, 4, 3, 1, 1, 1, 1, 2, 4, 4, 4, 1, 1, 1, 3, 0, 3, 2, 1, 0, 0, 3, 4, 2, 1, 2, 3, 2, 1, 1, 2, 1, 0, 2]|[0, 2, 1, 1, 3, 0, 1, 0, 0, 0, 0, 0, 1, 0, 1, 0, 0, 0, 1, 0, 0, 1, 3, 1, 0, 2, 0, 0, 0, 1, 0, 0, 0, 0, 3, 0, 0, 3, 0, 2, 1, 1, 0, 0, 0, 0, 0, 0, 1, 0, 0, 0, 1, 3, 0, 0, 0, 2, 0, 1, 0, 2, 0, 1, 0, 2, 1, 0, 0, 1, 0, 3, 1, 0, 3, 3, 1, 0, 0, 2, 2, 0, 0, 0, 1, 1, 0, 0, 2, 1, 0, 0, 2, 0, 0, 1, 0, 0, 0, 0],829.379534923994,57793.51130383475,116375.00926789793,false
3,G2_TEC,G2_TEC,[31, 22, 93, 82, 15, 26, 9, 95, 42, 77, 4, 47, 5, 78, 86, 54, 85, 63, 18, 44, 20, 49, 36, 14, 48, 50, 53, 17, 21, 45, 12, 64, 3, 23, 30, 83, 24, 8, 60, 52, 65, 27, 90, 70, 39, 87, 74, 69, 99, 68, 46, 1, 38, 2, 97, 59, 28, 41, 73, 37, 35, 79, 11, 66, 94, 32, 72, 13, 56, 34, 80, 61, 33, 98, 25, 43, 62, 96, 10, 7, 57, 6, 51, 92, 71, 67, 84, 16, 0, 81, 75, 40, 58, 55, 88, 89, 29, 76, 19, 91]|[0, 1, 2, 2, 1, 1, 2, 2, 0, 2, 1, 1, 0, 2, 1, 2, 0, 0, 0, 2, 2, 1, 0, 2, 2, 2, 2, 2, 0, 1, 1, 1, 0, 0, 1, 0, 2, 2, 2, 2, 0, 0, 1, 1, 0, 1, 0, 2, 1, 0, 0, 2, 2, 2, 2, 0, 2, 1, 1, 0, 2, 1, 2, 2, 1, 0, 1, 2, 0, 1, 0, 1, 1, 0, 1, 2, 0, 0, 1, 2, 0, 1, 0, 0, 1, 0, 0, 0, 0, 1, 2, 2, 0, 1, 1, 1, 1, 2, 2, 0]|[1, 3, 0, 0, 4, 4, 1, 1, 0, 1, 4, 2, 2, 0, 2, 1, 1, 1, 2, 1, 2, 3, 0, 1, 0, 1, 1, 1, 1, 0, 3, 2, 2, 0, 4, 1, 1, 2, 0, 1, 2, 1, 4, 4, 1, 0, 0, 2, 3, 1, 2, 1, 2, 1, 1, 2, 0, 4, 0, 1, 2, 3, 0, 0, 4, 2, 2, 2, 0, 4, 1, 3, 4, 1, 4, 1, 2, 2, 3, 1, 0, 4, 0, 1, 3, 1, 2, 2, 2, 1, 2, 0, 1, 4, 4, 4, 3, 1, 0, 1]|[1, 2, 0, 0, 3, 3, 0, 0, 0, 1, 0, 2, 0, 0, 1, 0, 0, 0, 1, 0, 0, 2, 0, 0, 0, 0, 0, 0, 0, 1, 0, 2, 0, 0, 3, 0, 1, 0, 1, 0, 0, 0, 1, 3, 0, 0, 1, 0, 2, 0, 0, 0, 0, 0, 1, 0, 0, 3, 1, 0, 0, 2, 0, 0, 2, 0, 1, 0, 1, 2, 0, 0, 1, 0, 3, 0, 1, 0, 3, 0, 1, 2, 0, 0, 0, 0, 1, 1, 0, 1, 1, 0, 0, 2, 1, 1, 0, 0, 0, 0],1059.2575890228254,55692.64286483875,133315.05149287923,false
3,G3_TWC,G3_TWC,[31, 22, 82, 15, 26, 9, 95, 42, 77, 12, 47, 5, 93, 78, 86, 54, 85, 63, 18, 44, 20, 35, 43, 97, 91, 76, 10, 30, 21, 45, 71, 64, 1, 23, 17, 83, 24, 41, 60, 36, 6, 57, 40, 88, 65, 56, 79, 69, 67, 68, 46, 75, 38, 58, 19, 32, 81, 48, 27, 62, 87, 90, 99, 59, 11, 16, 72, 73, 61, 39, 37, 84, 3, 92, 25, 55, 28, 51, 29, 7, 33, 70, 74, 96, 53, 50, 66, 80, 8, 89, 14, 2, 34, 4, 52, 49, 0, 94, 98, 13]|[2, 1, 0, 1, 1, 0, 1, 2, 2, 1, 2, 2, 2, 1, 1, 0, 0, 0, 0, 2, 2, 0, 1, 2, 0, 1, 2, 2, 0, 0, 1, 2, 1, 2, 1, 0, 2, 1, 1, 1, 0, 1, 1, 1, 0, 2, 1, 2, 0, 0, 0, 0, 1, 1, 2, 1, 2, 1, 0, 0, 0, 1, 0, 1, 2, 1, 2, 1, 1, 1, 0, 1, 1, 0, 1, 1, 1, 0, 0, 1, 1, 1, 2, 1, 0, 0, 2, 0, 1, 1, 0, 0, 2, 1, 2, 0, 0, 2, 0, 0]|[0, 3, 2, 2, 4, 1, 2, 2, 1, 4, 0, 1, 2, 4, 4, 1, 2, 1, 2, 1, 1, 1, 1, 2, 1, 2, 1, 1, 1, 1, 3, 2, 3, 0, 4, 0, 1, 4, 0, 3, 2, 2, 2, 0, 1, 1, 0, 2, 0, 1, 2, 2, 1, 0, 0, 3, 1, 4, 1, 2, 0, 3, 1, 2, 1, 3, 0, 4, 3, 0, 1, 1, 1, 0, 4, 4, 4, 1, 1, 1, 3, 1, 0, 3, 2, 1, 0, 1, 3, 1, 2, 2, 1, 4, 1, 1, 2, 2, 1, 2]|[0, 2, 1, 1, 3, 0, 1, 0, 0, 0, 0, 0, 1, 0, 1, 0, 0, 0, 1, 0, 0, 1, 3, 1, 0, 2, 0, 0, 0, 1, 0, 0, 0, 0, 3, 0, 1, 3, 0, 2, 1, 1, 1, 0, 0, 0, 0, 0, 1, 0, 0, 0, 1, 3, 0, 0, 0, 2, 0, 1, 0, 2, 0, 1, 0, 2, 1, 0, 0, 1, 0, 3, 1, 1, 3, 3, 1, 0, 0, 2, 2, 3, 0, 2, 1, 0, 0, 0, 2, 1, 0, 0, 0, 0, 0, 1, 0, 1, 0, 0],861.739685975851,58318.939044088795,108444.6188380646,false
3,G1_CMAX,G2_TEC,[31, 22, 82, 15, 26, 9, 95, 42, 77, 4, 47, 5, 93, 78, 86, 54, 85, 63, 18, 44, 20, 49, 36, 14, 48, 50, 53, 17, 21, 45, 71, 64, 3, 23, 30, 83, 24, 41, 60, 52, 65, 27, 90, 70, 39, 87, 74, 69, 99, 68, 46, 1, 38, 58, 97, 59, 28, 8, 57, 94, 56, 40, 67, 32, 11, 16, 72, 73, 61, 6, 37, 84, 75, 92, 19, 55, 81, 51, 29, 7, 96, 79, 88, 33, 89, 76, 66, 80, 91, 10, 25, 2, 62, 12, 43, 35, 0, 34, 98, 13]|[2, 1, 0, 1, 1, 0, 0, 0, 2, 1, 2, 0, 2, 2, 1, 0, 0, 0, 0, 2, 2, 1, 0, 2, 2, 1, 2, 2, 0, 0, 1, 2, 1, 2, 1, 0, 0, 1, 1, 1, 0, 1, 1, 1, 0, 1, 0, 2, 1, 0, 0, 0, 2, 1, 0, 0, 2, 1, 0, 2, 2, 1, 1, 1, 2, 1, 2, 1, 1, 1, 0, 0, 1, 0, 2, 1, 1, 0, 1, 1, 1, 2, 1, 2, 1, 2, 2, 0, 1, 1, 1, 2, 0, 0, 2, 1, 0, 2, 0, 0]|[0, 3, 2, 2, 4, 1, 0, 0, 1, 4, 0, 2, 2, 0, 4, 1, 1, 1, 2, 1, 1, 3, 0, 1, 0, 2, 1, 1, 1, 1, 3, 2, 3, 0, 4, 0, 1, 4, 0, 3, 2, 2, 4, 4, 1, 0, 0, 2, 3, 1, 2, 2, 2, 0, 1, 2, 0, 4, 1, 1, 1, 3, 3, 2, 1, 3, 0, 4, 3, 0, 1, 2, 1, 0, 0, 4, 1, 1, 3, 1, 3, 0, 4, 2, 1, 1, 0, 1, 4, 1, 4, 1, 2, 2, 1, 1, 2, 1, 1, 2]|[0, 2, 1, 1, 3, 0, 0, 0, 0, 0, 0, 0, 1, 0, 1, 0, 0, 0, 1, 0, 0, 2, 0, 0, 0, 2, 0, 0, 0, 1, 0, 0, 0, 0, 3, 0, 0, 3, 0, 2, 1, 1, 1, 3, 0, 0, 1, 0, 2, 0, 0, 0, 0, 3, 0, 0, 0, 2, 0, 0, 0, 2, 0, 1, 0, 2, 1, 0, 0, 1, 0, 1, 1, 1, 0, 3, 1, 0, 0, 2, 2, 0, 1, 0, 1, 0, 0, 0, 1, 1, 3, 0, 1, 0, 0, 2, 0, 0, 0, 0],857.4597937008236,57085.385850795676,130777.67402095848,true
3,G4_BALANCED,G4_BALANCED,[31, 22, 82, 15, 26, 9, 95, 42, 77, 12, 47, 5, 93, 78, 86, 54, 85, 63, 18, 44, 20, 35, 43, 97, 91, 76, 10, 30, 21, 45, 71, 64, 1, 23, 17, 83, 24, 41, 60, 36, 6, 57, 40, 88, 65, 56, 79, 69, 67, 68, 46, 75, 38, 58, 19, 32, 81, 48, 27, 62, 87, 90, 99, 59, 11, 16, 72, 73, 70, 89, 37, 84, 3, 14, 25, 55, 28, 51, 29, 7, 96, 98, 61, 33, 39, 92, 66, 80, 94, 53, 50, 2, 8, 4, 52, 49, 0, 34, 74, 13]|[2, 1, 0, 1, 1, 0, 1, 2, 2, 1, 2, 2, 2, 1, 1, 0, 0, 0, 0, 2, 2, 0, 1, 2, 0, 1, 2, 2, 0, 0, 1, 2, 1, 2, 1, 0, 0, 1, 1, 1, 0, 1, 2, 1, 0, 2, 1, 2, 0, 0, 0, 0, 1, 1, 2, 1, 2, 1, 0, 0, 2, 1, 0, 1, 2, 1, 2, 1, 1, 1, 0, 1, 1, 0, 1, 1, 1, 0, 0, 1, 1, 2, 1, 2, 1, 0, 2, 1, 1, 0, 0, 0, 1, 0, 2, 0, 0, 2, 2, 0]|[0, 3, 2, 2, 4, 1, 2, 2, 1, 4, 0, 1, 2, 4, 4, 1, 2, 1, 2, 1, 1, 1, 1, 2, 1, 2, 1, 1, 1, 1, 3, 2, 3, 0, 4, 0, 1, 4, 0, 3, 2, 2, 0, 0, 1, 1, 0, 2, 0, 1, 2, 2, 1, 0, 0, 3, 1, 4, 1, 2, 2, 3, 1, 2, 1, 3, 0, 4, 3, 1, 1, 1, 1, 2, 4, 4, 4, 1, 1, 1, 3, 0, 3, 2, 1, 0, 0, 3, 4, 2, 1, 2, 3, 2, 1, 1, 2, 1, 0, 2]|[0, 2, 1, 1, 3, 0, 1, 0, 0, 0, 0, 0, 1, 0, 1, 0, 0, 0, 1, 0, 0, 1, 3, 1, 0, 2, 0, 0, 0, 1, 0, 0, 0, 0, 3, 0, 0, 3, 0, 2, 1, 1, 0, 0, 0, 0, 0, 0, 1, 0, 0, 0, 1, 3, 0, 0, 0, 2, 0, 1, 0, 2, 0, 1, 0, 2, 1, 0, 0, 1, 0, 3, 1, 0, 3, 3, 1, 0, 0, 2, 2, 0, 0, 0, 1, 1, 0, 0, 2, 1, 0, 0, 2, 0, 0, 1, 0, 0, 0, 0],829.379534923994,57793.51130383475,116375.00926789793,false
3,G2_TEC,G4_BALANCED,[31, 22, 82, 15, 26, 9, 95, 42, 77, 4, 47, 5, 93, 78, 86, 54, 85, 63, 18, 44, 20, 35, 66, 97, 91, 76, 10, 30, 21, 45, 71, 64, 1, 23, 17, 83, 24, 41, 60, 36, 6, 57, 40, 88, 65, 56, 79, 69, 67, 68, 46, 75, 38, 58, 19, 32, 81, 48, 34, 62, 87, 90, 99, 59, 11, 16, 72, 73, 70, 89, 37, 84, 3, 92, 25, 55, 28, 51, 29, 7, 96, 74, 61, 33, 39, 14, 27, 80, 94, 53, 50, 2, 8, 12, 52, 49, 0, 43, 98, 13]|[2, 1, 0, 1, 1, 0, 1, 2, 2, 1, 2, 2, 2, 1, 1, 0, 0, 0, 0, 2, 2, 2, 0, 2, 0, 2, 2, 2, 0, 0, 1, 0, 1, 2, 1, 0, 2, 1, 2, 1, 0, 1, 1, 1, 0, 1, 0, 2, 1, 0, 2, 0, 1, 1, 2, 1, 1, 1, 1, 0, 0, 1, 0, 0, 2, 1, 1, 1, 1, 1, 0, 2, 1, 0, 1, 1, 1, 0, 1, 1, 1, 2, 1, 2, 0, 0, 0, 0, 1, 0, 0, 0, 1, 1, 2, 1, 0, 1, 0, 0]|[0, 3, 2, 2, 4, 1, 2, 2, 1, 4, 0, 1, 2, 4, 4, 1, 1, 1, 2, 1, 1, 2, 2, 2, 1, 1, 1, 1, 2, 1, 3, 2, 3, 0, 4, 2, 1, 4, 0, 3, 2, 2, 2, 4, 1, 1, 1, 2, 3, 1, 1, 2, 1, 0, 0, 3, 1, 4, 1, 2, 0, 3, 1, 2, 1, 3, 2, 4, 4, 1, 1, 0, 1, 0, 4, 4, 4, 1, 3, 1, 3, 0, 3, 2, 1, 2, 1, 1, 4, 2, 1, 2, 3, 4, 1, 3, 2, 0, 1, 2]|[0, 2, 1, 1, 3, 0, 1, 0, 0, 0, 0, 0, 1, 0, 1, 0, 0, 0, 1, 0, 0, 0, 0, 1, 0, 0, 0, 0, 0, 1, 0, 0, 0, 0, 3, 0, 1, 3, 1, 2, 1, 1, 1, 1, 0, 0, 0, 0, 0, 0, 0, 0, 1, 3, 0, 0, 1, 2, 3, 1, 0, 2, 0, 0, 0, 2, 1, 0, 3, 1, 0, 1, 1, 1, 3, 3, 1, 0, 0, 2, 2, 0, 0, 0, 0, 0, 0, 0, 2, 1, 0, 0, 2, 0, 0, 2, 0, 3, 0, 0],934.2128358689167,57239.412708234115,120222.59393124486,true
3,G3_TWC,G3_TWC,[31, 22, 82, 15, 26, 9, 95, 42, 77, 12, 47, 5, 93, 78, 86, 54, 85, 63, 18, 44, 20, 35, 43, 97, 91, 76, 10, 30, 21, 45, 71, 64, 1, 23, 17, 83, 24, 41, 60, 36, 6, 57, 40, 88, 65, 56, 79, 69, 67, 68, 46, 75, 38, 58, 19, 32, 81, 48, 27, 62, 87, 90, 99, 59, 11, 16, 72, 73, 61, 39, 37, 84, 3, 92, 25, 55, 28, 51, 29, 7, 33, 70, 74, 96, 53, 50, 66, 80, 8, 89, 14, 2, 34, 4, 52, 49, 0, 94, 98, 13]|[2, 1, 0, 1, 1, 0, 1, 2, 2, 1, 2, 2, 2, 1, 1, 0, 0, 0, 0, 2, 2, 0, 1, 2, 0, 1, 2, 2, 0, 0, 1, 2, 1, 2, 1, 0, 2, 1, 1, 1, 0, 1, 1, 1, 0, 2, 1, 2, 0, 0, 0, 0, 1, 1, 2, 1, 2, 1, 0, 0, 0, 1, 0, 1, 2, 1, 2, 1, 1, 1, 0, 1, 1, 0, 1, 1, 1, 0, 0, 1, 1, 1, 2, 1, 0, 0, 2, 0, 1, 1, 0, 0, 2, 1, 2, 0, 0, 2, 0, 0]|[0, 3, 2, 2, 4, 1, 2, 2, 1, 4, 0, 1, 2, 4, 4, 1, 2, 1, 2, 1, 1, 1, 1, 2, 1, 2, 1, 1, 1, 1, 3, 2, 3, 0, 4, 0, 1, 4, 0, 3, 2, 2, 2, 0, 1, 1, 0, 2, 0, 1, 2, 2, 1, 0, 0, 3, 1, 4, 1, 2, 0, 3, 1, 2, 1, 3, 0, 4, 3, 0, 1, 1, 1, 0, 4, 4, 4, 1, 1, 1, 3, 1, 0, 3, 2, 1, 0, 1, 3, 1, 2, 2, 1, 4, 1, 1, 2, 2, 1, 2]|[0, 2, 1, 1, 3, 0, 1, 0, 0, 0, 0, 0, 1, 0, 1, 0, 0, 0, 1, 0, 0, 1, 3, 1, 0, 2, 0, 0, 0, 1, 0, 0, 0, 0, 3, 0, 1, 3, 0, 2, 1, 1, 1, 0, 0, 0, 0, 0, 1, 0, 0, 0, 1, 3, 0, 0, 0, 2, 0, 1, 0, 2, 0, 1, 0, 2, 1, 0, 0, 1, 0, 3, 1, 1, 3, 3, 1, 0, 0, 2, 2, 3, 0, 2, 1, 0, 0, 0, 2, 1, 0, 0, 0, 0, 0, 1, 0, 1, 0, 0],861.739685975851,58318.939044088795,108444.6188380646,false
3,G1_CMAX,G1_CMAX,[31, 95, 9, 15, 82, 22, 42, 77, 26, 8, 47, 5, 93, 86, 78, 45, 80, 18, 44, 20, 63, 43, 97, 91, 76, 10, 30, 71, 64, 1, 14, 17, 83, 24, 41, 60, 36, 6, 57, 40, 88, 62, 75, 79, 67, 68, 85, 46, 56, 38, 58, 19, 32, 81, 69, 48, 27, 65, 90, 99, 59, 34, 16, 72, 73, 29, 39, 98, 84, 3, 92, 25, 55, 28, 51, 61, 7, 96, 74, 70, 33, 87, 54, 21, 50, 66, 35, 12, 53, 23, 2, 11, 4, 89, 52, 49, 0, 94, 37, 13]|[2, 1, 0, 1, 0, 1, 2, 1, 1, 1, 2, 2, 2, 1, 1, 0, 0, 0, 2, 2, 0, 1, 2, 0, 1, 2, 2, 1, 2, 1, 2, 2, 0, 2, 1, 1, 1, 0, 1, 2, 1, 0, 2, 1, 0, 0, 0, 2, 2, 1, 1, 2, 1, 2, 2, 1, 0, 0, 1, 0, 1, 2, 1, 2, 1, 1, 1, 0, 1, 1, 0, 1, 1, 1, 0, 1, 1, 1, 2, 1, 2, 0, 0, 0, 0, 2, 0, 1, 0, 2, 0, 2, 1, 1, 2, 0, 0, 1, 0, 0]|[1, 3, 2, 4, 1, 2, 2, 1, 0, 4, 0, 1, 2, 4, 4, 1, 1, 2, 1, 1, 1, 1, 2, 1, 2, 1, 1, 3, 2, 3, 0, 1, 1, 1, 4, 0, 3, 2, 2, 0, 0, 2, 1, 0, 0, 1, 2, 1, 1, 1, 0, 0, 3, 2, 2, 4, 1, 1, 3, 1, 2, 1, 3, 0, 4, 3, 0, 0, 1, 1, 0, 0, 4, 4, 1, 3, 1, 3, 0, 1, 2, 2, 1, 1, 1, 0, 1, 4, 2, 0, 2, 1, 4, 1, 1, 1, 2, 4, 1, 2]|[1, 3, 1, 0, 0, 1, 0, 2, 3, 2, 0, 0, 1, 1, 1, 0, 0, 1, 0, 0, 0, 3, 1, 0, 2, 0, 0, 0, 0, 0, 1, 0, 0, 1, 3, 0, 2, 1, 1, 0, 0, 1, 0, 0, 1, 0, 0, 0, 0, 1, 3, 0, 0, 1, 0, 2, 0, 0, 2, 0, 1, 0, 2, 1, 0, 0, 1, 0, 3, 1, 1, 3, 3, 1, 0, 0, 2, 2, 0, 3, 0, 1, 0, 0, 0, 0, 1, 3, 1, 0, 0, 0, 0, 1, 0, 1, 0, 2, 0, 0],760.3905621193804,59720.61998542996,105098.40235927113,false
3,G4_BALANCED,G4_BALANCED,[31, 22, 82, 15, 26, 9, 95, 42, 77, 12, 47, 5, 93, 78, 86, 54, 85, 63, 18, 44, 20, 35, 43, 97, 91, 76, 10, 30, 21, 45, 71, 64, 1, 23, 17, 83, 24, 41, 60, 36, 6, 57, 40, 88, 65, 56, 79, 69, 67, 68, 46, 75, 38, 58, 19, 32, 81, 48, 27, 62, 87, 90, 99, 59, 11, 16, 72, 73, 70, 89, 37, 84, 3, 14, 25, 55, 28, 51, 29, 7, 96, 98, 61, 33, 39, 92, 66, 80, 94, 53, 50, 2, 8, 4, 52, 49, 0, 34, 74, 13]|[2, 1, 0, 1, 1, 0, 1, 2, 2, 1, 2, 2, 2, 1, 1, 0, 0, 0, 0, 2, 2, 0, 1, 2, 0, 1, 2, 2, 0, 0, 1, 2, 1, 2, 1, 0, 0, 1, 1, 1, 0, 1, 2, 1, 0, 2, 1, 2, 0, 0, 0, 0, 1, 1, 2, 1, 2, 1, 0, 0, 2, 1, 0, 1, 2, 1, 2, 1, 1, 1, 0, 1, 1, 0, 1, 1, 1, 0, 0, 1, 1, 2, 1, 2, 1, 0, 2, 1, 1, 0, 0, 0, 1, 0, 2, 0, 0, 2, 2, 0]|[0, 3, 2, 2, 4, 1, 2, 2, 1, 4, 0, 1, 2, 4, 4, 1, 2, 1, 2, 1, 1, 1, 1, 2, 1, 2, 1, 1, 1, 1, 3, 2, 3, 0, 4, 0, 1, 4, 0, 3, 2, 2, 0, 0, 1, 1, 0, 2, 0, 1, 2, 2, 1, 0, 0, 3, 1, 4, 1, 2, 2, 3, 1, 2, 1, 3, 0, 4, 3, 1, 1, 1, 1, 2, 4, 4, 4, 1, 1, 1, 3, 0, 3, 2, 1, 0, 0, 3, 4, 2, 1, 2, 3, 2, 1, 1, 2, 1, 0, 2]|[0, 2, 1, 1, 3, 0, 1, 0, 0, 0, 0, 0, 1, 0, 1, 0, 0, 0, 1, 0, 0, 1, 3, 1, 0, 2, 0, 0, 0, 1, 0, 0, 0, 0, 3, 0, 0, 3, 0, 2, 1, 1, 0, 0, 0, 0, 0, 0, 1, 0, 0, 0, 1, 3, 0, 0, 0, 2, 0, 1, 0, 2, 0, 1, 0, 2, 1, 0, 0, 1, 0, 3, 1, 0, 3, 3, 1, 0, 0, 2, 2, 0, 0, 0, 1, 1, 0, 0, 2, 1, 0, 0, 2, 0, 0, 1, 0, 0, 0, 0],829.379534923994,57793.51130383475,116375.00926789793,false
3,G2_TEC,G4_BALANCED,[31, 22, 82, 15, 26, 9, 95, 42, 77, 12, 47, 5, 93, 78, 86, 54, 85, 63, 18, 44, 20, 35, 43, 97, 91, 76, 10, 30, 21, 45, 71, 64, 1, 23, 17, 83, 24, 41, 60, 36, 6, 57, 40, 88, 65, 56, 79, 69, 67, 68, 46, 75, 38, 58, 19, 32, 81, 48, 27, 62, 87, 90, 99, 59, 11, 16, 72, 73, 70, 39, 37, 84, 3, 92, 25, 55, 28, 51, 29, 7, 96, 98, 61, 33, 89, 14, 66, 80, 94, 53, 50, 2, 8, 4, 52, 49, 0, 34, 74, 13]|[2, 1, 0, 1, 1, 0, 1, 2, 2, 1, 2, 2, 2, 1, 1, 0, 0, 0, 0, 2, 2, 0, 1, 2, 0, 1, 2, 2, 0, 0, 1, 2, 1, 2, 1, 0, 0, 1, 1, 1, 0, 1, 2, 1, 0, 2, 1, 2, 0, 0, 0, 0, 1, 1, 2, 1, 2, 1, 0, 0, 2, 1, 0, 1, 2, 1, 2, 1, 1, 1, 0, 1, 1, 0, 1, 1, 1, 0, 1, 1, 1, 2, 1, 2, 1, 0, 2, 1, 1, 0, 0, 0, 1, 0, 2, 0, 0, 2, 2, 0]|[0, 3, 2, 2, 4, 1, 2, 2, 1, 4, 0, 1, 2, 4, 4, 1, 2, 1, 2, 1, 1, 1, 1, 2, 1, 2, 1, 1, 1, 1, 3, 2, 3, 0, 4, 0, 1, 4, 0, 3, 2, 2, 0, 0, 1, 1, 0, 2, 0, 1, 2, 2, 1, 0, 0, 3, 1, 4, 1, 2, 2, 3, 1, 2, 1, 3, 0, 4, 3, 1, 1, 1, 1, 0, 4, 4, 4, 1, 3, 1, 3, 0, 3, 2, 1, 2, 0, 3, 4, 2, 1, 2, 3, 2, 1, 1, 2, 1, 0, 2]|[0, 2, 1, 1, 3, 0, 1, 0, 0, 0, 0, 0, 1, 0, 1, 0, 0, 0, 1, 0, 0, 1, 3, 1, 0, 2, 0, 0, 0, 1, 0, 0, 0, 0, 3, 0, 0, 3, 0, 2, 1, 1, 0, 0, 0, 0, 0, 0, 1, 0, 0, 0, 1, 3, 0, 0, 0, 2, 0, 1, 0, 2, 0, 1, 0, 2, 1, 0, 0, 1, 0, 3, 1, 1, 3, 3, 1, 0, 0, 2, 2, 0, 0, 0, 1, 0, 0, 0, 2, 1, 0, 0, 2, 0, 0, 1, 0, 0, 0, 0],829.379534923994,57579.05716459076,118707.02537134773,true
3,G3_TWC,G3_TWC,[31, 22, 82, 15, 26, 9, 95, 42, 77, 12, 47, 5, 93, 78, 86, 54, 85, 63, 18, 44, 20, 35, 43, 97, 91, 76, 10, 30, 21, 45, 71, 64, 1, 23, 17, 83, 24, 41, 60, 36, 6, 57, 40, 88, 65, 56, 79, 69, 67, 68, 46, 75, 38, 58, 19, 32, 81, 48, 27, 62, 87, 90, 99, 59, 11, 16, 72, 73, 61, 39, 37, 84, 3, 92, 25, 55, 28, 51, 29, 7, 33, 70, 74, 96, 53, 50, 66, 80, 8, 89, 14, 2, 34, 4, 52, 49, 0, 94, 98, 13]|[2, 1, 0, 1, 1, 0, 1, 2, 2, 1, 2, 2, 2, 1, 1, 0, 0, 0, 0, 2, 2, 0, 1, 2, 0, 1, 2, 2, 0, 0, 1, 2, 1, 2, 1, 0, 2, 1, 1, 1, 0, 1, 1, 1, 0, 2, 1, 2, 0, 0, 0, 0, 1, 1, 2, 1, 2, 1, 0, 0, 0, 1, 0, 1, 2, 1, 2, 1, 1, 1, 0, 1, 1, 0, 1, 1, 1, 0, 0, 1, 1, 1, 2, 1, 0, 0, 2, 0, 1, 1, 0, 0, 2, 1, 2, 0, 0, 2, 0, 0]|[0, 3, 2, 2, 4, 1, 2, 2, 1, 4, 0, 1, 2, 4, 4, 1, 2, 1, 2, 1, 1, 1, 1, 2, 1, 2, 1, 1, 1, 1, 3, 2, 3, 0, 4, 0, 1, 4, 0, 3, 2, 2, 2, 0, 1, 1, 0, 2, 0, 1, 2, 2, 1, 0, 0, 3, 1, 4, 1, 2, 0, 3, 1, 2, 1, 3, 0, 4, 3, 0, 1, 1, 1, 0, 4, 4, 4, 1, 1, 1, 3, 1, 0, 3, 2, 1, 0, 1, 3, 1, 2, 2, 1, 4, 1, 1, 2, 2, 1, 2]|[0, 2, 1, 1, 3, 0, 1, 0, 0, 0, 0, 0, 1, 0, 1, 0, 0, 0, 1, 0, 0, 1, 3, 1, 0, 2, 0, 0, 0, 1, 0, 0, 0, 0, 3, 0, 1, 3, 0, 2, 1, 1, 1, 0, 0, 0, 0, 0, 1, 0, 0, 0, 1, 3, 0, 0, 0, 2, 0, 1, 0, 2, 0, 1, 0, 2, 1, 0, 0, 1, 0, 3, 1, 1, 3, 3, 1, 0, 0, 2, 2, 3, 0, 2, 1, 0, 0, 0, 2, 1, 0, 0, 0, 0, 0, 1, 0, 1, 0, 0],861.739685975851,58318.939044088795,108444.6188380646,false
3,G1_CMAX,G3_TWC,[31, 22, 82, 15, 26, 9, 95, 42, 77, 12, 47, 5, 93, 78, 86, 54, 85, 63, 18, 44, 20, 35, 43, 97, 91, 76, 10, 30, 21, 45, 71, 64, 1, 23, 17, 83, 24, 41, 60, 36, 6, 57, 40, 88, 65, 56, 79, 69, 67, 87, 46, 75, 38, 58, 19, 32, 81, 48, 27, 62, 68, 90, 99, 59, 11, 16, 72, 73, 61, 39, 37, 84, 3, 92, 25, 55, 28, 51, 29, 7, 33, 74, 70, 96, 53, 50, 66, 80, 8, 89, 14, 2, 34, 4, 52, 49, 0, 94, 98, 13]|[2, 1, 0, 1, 1, 0, 1, 2, 2, 1, 2, 2, 2, 1, 1, 0, 0, 0, 0, 2, 2, 0, 1, 2, 0, 2, 2, 2, 0, 0, 1, 2, 1, 2, 1, 0, 2, 1, 1, 1, 0, 1, 1, 1, 0, 2, 1, 2, 0, 0, 0, 0, 1, 1, 2, 1, 2, 1, 0, 0, 0, 1, 0, 1, 2, 1, 2, 1, 1, 1, 0, 1, 1, 0, 1, 1, 1, 0, 1, 1, 0, 2, 1, 1, 0, 0, 2, 0, 1, 1, 0, 0, 1, 1, 2, 0, 0, 1, 0, 0]|[0, 3, 2, 2, 4, 1, 2, 2, 1, 4, 0, 1, 2, 4, 4, 1, 2, 1, 2, 1, 1, 1, 1, 2, 1, 1, 1, 1, 1, 1, 3, 2, 3, 0, 4, 0, 1, 4, 0, 3, 2, 2, 2, 0, 1, 1, 0, 2, 0, 1, 2, 2, 1, 0, 0, 3, 1, 4, 1, 2, 1, 3, 1, 2, 1, 3, 0, 4, 3, 0, 1, 1, 1, 0, 4, 4, 4, 1, 3, 1, 2, 0, 1, 3, 2, 1, 0, 1, 3, 1, 1, 2, 0, 4, 1, 1, 2, 4, 1, 2]|[0, 0, 1, 1, 3, 0, 1, 0, 0, 0, 0, 0, 1, 0, 1, 0, 0, 0, 1, 0, 0, 1, 3, 1, 0, 0, 0, 0, 0, 1, 0, 0, 0, 0, 3, 0, 1, 3, 0, 2, 1, 1, 1, 0, 0, 0, 0, 0, 1, 0, 0, 0, 1, 3, 0, 0, 0, 2, 0, 1, 0, 2, 0, 1, 0, 2, 1, 0, 0, 1, 0, 3, 1, 1, 3, 3, 1, 0, 0, 2, 1, 0, 3, 2, 1, 0, 0, 0, 2, 1, 0, 0, 3, 0, 0, 1, 0, 2, 0, 0],833.3448026420305,58727.12934624244,111330.5652009511,true
3,G4_BALANCED,G4_BALANCED,[31, 22, 82, 15, 26, 9, 95, 42, 77, 12, 47, 5, 93, 78, 86, 54, 85, 63, 18, 44, 20, 35, 43, 97, 91, 76, 10, 30, 21, 45, 71, 64, 1, 23, 17, 83, 24, 41, 60, 36, 6, 57, 40, 88, 65, 56, 79, 69, 67, 68, 46, 75, 38, 58, 19, 32, 81, 48, 27, 62, 87, 90, 99, 59, 11, 16, 72, 73, 70, 89, 37, 84, 3, 14, 25, 55, 28, 51, 29, 7, 96, 98, 61, 33, 39, 92, 66, 80, 94, 53, 50, 2, 8, 4, 52, 49, 0, 34, 74, 13]|[2, 1, 0, 1, 1, 0, 1, 2, 2, 1, 2, 2, 2, 1, 1, 0, 0, 0, 0, 2, 2, 0, 1, 2, 0, 1, 2, 2, 0, 0, 1, 2, 1, 2, 1, 0, 0, 1, 1, 1, 0, 1, 2, 1, 0, 2, 1, 2, 0, 0, 0, 0, 1, 1, 2, 1, 2, 1, 0, 0, 2, 1, 0, 1, 2, 1, 2, 1, 1, 1, 0, 1, 1, 0, 1, 1, 1, 0, 0, 1, 1, 2, 1, 2, 1, 0, 2, 1, 1, 0, 0, 0, 1, 0, 2, 0, 0, 2, 2, 0]|[0, 3, 2, 2, 4, 1, 2, 2, 1, 4, 0, 1, 2, 4, 4, 1, 2, 1, 2, 1, 1, 1, 1, 2, 1, 2, 1, 1, 1, 1, 3, 2, 3, 0, 4, 0, 1, 4, 0, 3, 2, 2, 0, 0, 1, 1, 0, 2, 0, 1, 2, 2, 1, 0, 0, 3, 1, 4, 1, 2, 2, 3, 1, 2, 1, 3, 0, 4, 3, 1, 1, 1, 1, 2, 4, 4, 4, 1, 1, 1, 3, 0, 3, 2, 1, 0, 0, 3, 4, 2, 1, 2, 3, 2, 1, 1, 2, 1, 0, 2]|[0, 2, 1, 1, 3, 0, 1, 0, 0, 0, 0, 0, 1, 0, 1, 0, 0, 0, 1, 0, 0, 1, 3, 1, 0, 2, 0, 0, 0, 1, 0, 0, 0, 0, 3, 0, 0, 3, 0, 2, 1, 1, 0, 0, 0, 0, 0, 0, 1, 0, 0, 0, 1, 3, 0, 0, 0, 2, 0, 1, 0, 2, 0, 1, 0, 2, 1, 0, 0, 1, 0, 3, 1, 0, 3, 3, 1, 0, 0, 2, 2, 0, 0, 0, 1, 1, 0, 0, 2, 1, 0, 0, 2, 0, 0, 1, 0, 0, 0, 0],829.379534923994,57793.51130383475,116375.00926789793,false
3,G2_TEC,G2_TEC,[31, 22, 82, 15, 26, 9, 95, 42, 77, 4, 47, 5, 93, 78, 86, 54, 85, 63, 18, 44, 20, 49, 36, 14, 48, 50, 53, 17, 21, 45, 71, 64, 3, 23, 30, 83, 24, 41, 60, 52, 65, 27, 90, 87, 70, 39, 74, 69, 99, 68, 46, 1, 38, 58, 97, 59, 28, 8, 57, 62, 56, 40, 67, 76, 11, 16, 72, 73, 61, 6, 37, 84, 66, 92, 25, 89, 81, 51, 29, 7, 33, 79, 88, 96, 55, 32, 75, 19, 91, 10, 80, 2, 34, 12, 43, 35, 0, 94, 98, 13]|[2, 1, 2, 2, 1, 1, 0, 0, 0, 2, 2, 0, 2, 2, 2, 0, 0, 0, 0, 0, 2, 2, 0, 2, 2, 2, 2, 2, 0, 0, 1, 1, 2, 1, 1, 0, 0, 1, 2, 1, 0, 0, 1, 1, 1, 0, 0, 2, 1, 0, 0, 0, 2, 1, 2, 0, 2, 1, 0, 0, 2, 1, 0, 2, 2, 0, 2, 1, 1, 0, 0, 0, 1, 0, 1, 1, 1, 0, 1, 2, 1, 1, 1, 0, 1, 0, 0, 2, 1, 1, 0, 2, 1, 1, 2, 2, 0, 2, 1, 1]|[0, 3, 0, 2, 4, 4, 0, 0, 0, 1, 0, 2, 1, 2, 0, 1, 1, 2, 1, 2, 1, 1, 0, 1, 2, 1, 1, 1, 1, 1, 3, 3, 2, 3, 4, 1, 0, 4, 0, 3, 2, 1, 4, 4, 4, 1, 0, 2, 3, 1, 2, 2, 2, 0, 1, 2, 0, 3, 0, 2, 1, 3, 1, 1, 0, 2, 0, 0, 3, 1, 1, 2, 1, 0, 4, 4, 1, 0, 3, 1, 4, 3, 4, 2, 1, 1, 2, 2, 4, 1, 1, 1, 4, 3, 1, 2, 2, 1, 4, 4]|[0, 2, 0, 0, 3, 3, 0, 0, 0, 0, 0, 0, 1, 1, 0, 0, 0, 0, 0, 1, 0, 0, 0, 0, 1, 0, 0, 0, 0, 0, 0, 0, 0, 0, 3, 0, 0, 3, 1, 2, 0, 0, 1, 1, 3, 0, 1, 0, 2, 0, 0, 0, 0, 3, 1, 0, 0, 0, 1, 1, 0, 2, 0, 0, 0, 1, 1, 1, 0, 0, 0, 1, 1, 1, 3, 3, 1, 0, 0, 0, 1, 2, 1, 0, 1, 0, 0, 1, 1, 1, 0, 0, 2, 0, 0, 0, 0, 0, 2, 0],1086.6813695604533,55832.60526691572,126496.91202946662,false
3,G3_TWC,G3_TWC,[31, 22, 82, 15, 26, 9, 95, 42, 77, 12, 47, 5, 93, 78, 86, 54, 85, 63, 18, 44, 20, 35, 43, 97, 91, 76, 10, 30, 21, 45, 71, 64, 1, 23, 17, 83, 24, 41, 60, 36, 6, 57, 40, 88, 65, 56, 79, 69, 67, 68, 46, 75, 38, 58, 19, 32, 81, 48, 27, 62, 87, 90, 99, 59, 11, 16, 72, 73, 61, 39, 37, 84, 3, 92, 25, 55, 28, 51, 29, 7, 33, 70, 74, 96, 53, 50, 66, 80, 8, 89, 14, 2, 34, 4, 52, 49, 0, 94, 98, 13]|[2, 1, 0, 1, 1, 0, 1, 2, 2, 1, 2, 2, 2, 1, 1, 0, 0, 0, 0, 2, 2, 0, 1, 2, 0, 1, 2, 2, 0, 0, 1, 2, 1, 2, 1, 0, 2, 1, 1, 1, 0, 1, 1, 1, 0, 2, 1, 2, 0, 0, 0, 0, 1, 1, 2, 1, 2, 1, 0, 0, 0, 1, 0, 1, 2, 1, 2, 1, 1, 1, 0, 1, 1, 0, 1, 1, 1, 0, 0, 1, 1, 1, 2, 1, 0, 0, 2, 0, 1, 1, 0, 0, 2, 1, 2, 0, 0, 2, 0, 0]|[0, 3, 2, 2, 4, 1, 2, 2, 1, 4, 0, 1, 2, 4, 4, 1, 2, 1, 2, 1, 1, 1, 1, 2, 1, 2, 1, 1, 1, 1, 3, 2, 3, 0, 4, 0, 1, 4, 0, 3, 2, 2, 2, 0, 1, 1, 0, 2, 0, 1, 2, 2, 1, 0, 0, 3, 1, 4, 1, 2, 0, 3, 1, 2, 1, 3, 0, 4, 3, 0, 1, 1, 1, 0, 4, 4, 4, 1, 1, 1, 3, 1, 0, 3, 2, 1, 0, 1, 3, 1, 2, 2, 1, 4, 1, 1, 2, 2, 1, 2]|[0, 2, 1, 1, 3, 0, 1, 0, 0, 0, 0, 0, 1, 0, 1, 0, 0, 0, 1, 0, 0, 1, 3, 1, 0, 2, 0, 0, 0, 1, 0, 0, 0, 0, 3, 0, 1, 3, 0, 2, 1, 1, 1, 0, 0, 0, 0, 0, 1, 0, 0, 0, 1, 3, 0, 0, 0, 2, 0, 1, 0, 2, 0, 1, 0, 2, 1, 0, 0, 1, 0, 3, 1, 1, 3, 3, 1, 0, 0, 2, 2, 3, 0, 2, 1, 0, 0, 0, 2, 1, 0, 0, 0, 0, 0, 1, 0, 1, 0, 0],861.739685975851,58318.939044088795,108444.6188380646,false
3,G1_CMAX,G1_CMAX,[31, 22, 82, 15, 26, 9, 95, 42, 77, 12, 47, 5, 93, 78, 86, 54, 85, 63, 18, 44, 20, 35, 43, 97, 91, 76, 10, 30, 21, 45, 71, 64, 1, 23, 17, 83, 24, 41, 60, 36, 6, 57, 40, 88, 65, 56, 79, 69, 67, 68, 46, 75, 38, 58, 19, 32, 94, 48, 27, 81, 87, 90, 99, 59, 11, 16, 72, 73, 61, 39, 37, 84, 3, 92, 25, 55, 28, 51, 29, 7, 96, 74, 70, 33, 89, 14, 66, 80, 8, 53, 50, 2, 62, 4, 52, 49, 0, 34, 98, 13]|[2, 1, 0, 1, 1, 0, 1, 2, 2, 1, 2, 2, 2, 1, 1, 0, 0, 0, 0, 2, 2, 0, 1, 2, 0, 1, 2, 2, 0, 0, 1, 2, 1, 2, 1, 0, 0, 1, 1, 1, 0, 1, 2, 1, 0, 2, 1, 2, 0, 0, 2, 0, 1, 1, 2, 1, 1, 1, 0, 2, 2, 1, 0, 1, 2, 1, 2, 1, 1, 1, 0, 1, 1, 0, 1, 1, 1, 0, 1, 1, 1, 2, 1, 0, 1, 0, 0, 0, 1, 0, 0, 0, 0, 0, 2, 0, 0, 2, 0, 1]|[0, 3, 2, 2, 4, 1, 2, 2, 1, 4, 0, 1, 2, 4, 4, 1, 2, 1, 2, 1, 1, 1, 1, 2, 1, 2, 1, 1, 1, 1, 3, 2, 3, 0, 4, 0, 1, 4, 0, 3, 2, 2, 0, 0, 1, 1, 0, 2, 0, 1, 1, 2, 1, 0, 0, 3, 4, 4, 1, 2, 2, 3, 1, 2, 1, 3, 0, 4, 3, 0, 1, 1, 1, 0, 4, 4, 4, 1, 3, 1, 3, 0, 1, 2, 1, 2, 2, 1, 3, 2, 1, 2, 2, 2, 1, 1, 2, 1, 1, 1]|[0, 2, 1, 1, 3, 0, 1, 0, 0, 0, 0, 0, 1, 0, 1, 0, 0, 0, 1, 0, 0, 1, 3, 1, 0, 2, 0, 0, 0, 1, 0, 0, 0, 0, 3, 0, 0, 3, 0, 2, 1, 1, 0, 0, 0, 0, 0, 0, 1, 0, 0, 0, 1, 3, 0, 0, 2, 2, 0, 1, 0, 2, 0, 1, 0, 2, 1, 0, 0, 1, 0, 3, 1, 1, 3, 3, 1, 0, 0, 2, 2, 0, 3, 1, 1, 0, 0, 0, 2, 1, 0, 0, 1, 0, 0, 1, 0, 0, 0, 1],828.8138582182239,58181.34738971162,111957.73922965777,false
3,G4_BALANCED,G4_BALANCED,[31, 22, 82, 15, 26, 9, 95, 42, 77, 12, 47, 5, 93, 78, 86, 54, 85, 63, 18, 44, 20, 35, 43, 97, 91, 76, 10, 30, 21, 45, 71, 64, 1, 23, 17, 83, 24, 41, 60, 36, 6, 57, 40, 88, 65, 56, 79, 69, 67, 68, 46, 75, 38, 58, 19, 32, 81, 48, 27, 62, 87, 90, 99, 59, 11, 16, 72, 73, 70, 89, 37, 84, 3, 14, 25, 55, 28, 51, 29, 7, 96, 98, 61, 33, 39, 92, 66, 80, 94, 53, 50, 2, 8, 4, 52, 49, 0, 34, 74, 13]|[2, 1, 0, 1, 1, 0, 1, 2, 2, 1, 2, 2, 2, 1, 1, 0, 0, 0, 0, 2, 2, 0, 1, 2, 0, 1, 2, 2, 0, 0, 1, 2, 1, 2, 1, 0, 0, 1, 1, 1, 0, 1, 2, 1, 0, 2, 1, 2, 0, 0, 0, 0, 1, 1, 2, 1, 2, 1, 0, 0, 2, 1, 0, 1, 2, 1, 2, 1, 1, 1, 0, 1, 1, 0, 1, 1, 1, 0, 0, 1, 1, 2, 1, 2, 1, 0, 2, 1, 1, 0, 0, 0, 1, 0, 2, 0, 0, 2, 2, 0]|[0, 3, 2, 2, 4, 1, 2, 2, 1, 4, 0, 1, 2, 4, 4, 1, 2, 1, 2, 1, 1, 1, 1, 2, 1, 2, 1, 1, 1, 1, 3, 2, 3, 0, 4, 0, 1, 4, 0, 3, 2, 2, 0, 0, 1, 1, 0, 2, 0, 1, 2, 2, 1, 0, 0, 3, 1, 4, 1, 2, 2, 3, 1, 2, 1, 3, 0, 4, 3, 1, 1, 1, 1, 2, 4, 4, 4, 1, 1, 1, 3, 0, 3, 2, 1, 0, 0, 3, 4, 2, 1, 2, 3, 2, 1, 1, 2, 1, 0, 2]|[0, 2, 1, 1, 3, 0, 1, 0, 0, 0, 0, 0, 1, 0, 1, 0, 0, 0, 1, 0, 0, 1, 3, 1, 0, 2, 0, 0, 0, 1, 0, 0, 0, 0, 3, 0, 0, 3, 0, 2, 1, 1, 0, 0, 0, 0, 0, 0, 1, 0, 0, 0, 1, 3, 0, 0, 0, 2, 0, 1, 0, 2, 0, 1, 0, 2, 1, 0, 0, 1, 0, 3, 1, 0, 3, 3, 1, 0, 0, 2, 2, 0, 0, 0, 1, 1, 0, 0, 2, 1, 0, 0, 2, 0, 0, 1, 0, 0, 0, 0],829.379534923994,57793.51130383475,116375.00926789793,false
3,G2_TEC,G2_TEC,[31, 22, 93, 82, 15, 26, 9, 95, 42, 77, 4, 47, 5, 78, 86, 54, 85, 63, 18, 44, 20, 49, 36, 14, 48, 50, 53, 17, 21, 45, 12, 64, 3, 23, 30, 83, 24, 8, 60, 52, 65, 27, 90, 70, 39, 87, 74, 69, 99, 68, 46, 1, 38, 2, 97, 59, 28, 41, 73, 37, 35, 79, 11, 66, 94, 32, 72, 13, 56, 34, 80, 61, 33, 98, 25, 43, 62, 96, 10, 7, 57, 6, 51, 92, 71, 67, 84, 16, 0, 81, 75, 40, 58, 55, 88, 89, 29, 76, 19, 91]|[0, 1, 2, 2, 1, 1, 2, 2, 0, 2, 1, 1, 0, 2, 1, 2, 0, 0, 0, 2, 2, 1, 0, 2, 2, 2, 2, 2, 0, 1, 1, 1, 0, 0, 1, 0, 2, 2, 2, 2, 0, 0, 1, 1, 0, 1, 0, 2, 1, 0, 0, 2, 2, 2, 2, 0, 2, 1, 1, 0, 2, 1, 2, 2, 1, 0, 1, 2, 0, 1, 0, 1, 1, 0, 1, 2, 0, 0, 1, 2, 0, 1, 0, 0, 1, 0, 0, 0, 0, 1, 2, 2, 0, 1, 1, 1, 1, 2, 2, 0]|[1, 3, 0, 0, 4, 4, 1, 1, 0, 1, 4, 2, 2, 0, 2, 1, 1, 1, 2, 1, 2, 3, 0, 1, 0, 1, 1, 1, 1, 0, 3, 2, 2, 0, 4, 1, 1, 2, 0, 1, 2, 1, 4, 4, 1, 0, 0, 2, 3, 1, 2, 1, 2, 1, 1, 2, 0, 4, 0, 1, 2, 3, 0, 0, 4, 2, 2, 2, 0, 4, 1, 3, 4, 1, 4, 1, 2, 2, 3, 1, 0, 4, 0, 1, 3, 1, 2, 2, 2, 1, 2, 0, 1, 4, 4, 4, 3, 1, 0, 1]|[1, 2, 0, 0, 3, 3, 0, 0, 0, 1, 0, 2, 0, 0, 1, 0, 0, 0, 1, 0, 0, 2, 0, 0, 0, 0, 0, 0, 0, 1, 0, 2, 0, 0, 3, 0, 1, 0, 1, 0, 0, 0, 1, 3, 0, 0, 1, 0, 2, 0, 0, 0, 0, 0, 1, 0, 0, 3, 1, 0, 0, 2, 0, 0, 2, 0, 1, 0, 1, 2, 0, 0, 1, 0, 3, 0, 1, 0, 3, 0, 1, 2, 0, 0, 0, 0, 1, 1, 0, 1, 1, 0, 0, 2, 1, 1, 0, 0, 0, 0],1059.2575890228254,55692.64286483875,133315.05149287923,false
3,G3_TWC,G3_TWC,[31, 22, 82, 15, 26, 9, 95, 42, 77, 12, 47, 5, 93, 78, 86, 54, 85, 63, 18, 44, 20, 35, 43, 97, 91, 76, 10, 30, 21, 45, 71, 64, 1, 23, 17, 83, 24, 41, 60, 36, 6, 57, 40, 88, 65, 56, 79, 69, 67, 68, 46, 75, 38, 58, 19, 32, 81, 48, 27, 62, 87, 90, 99, 59, 11, 16, 72, 73, 61, 39, 37, 84, 3, 92, 25, 55, 28, 51, 29, 7, 33, 70, 74, 96, 53, 50, 66, 80, 8, 89, 14, 2, 34, 4, 52, 49, 0, 94, 98, 13]|[2, 1, 0, 1, 1, 0, 1, 2, 2, 1, 2, 2, 2, 1, 1, 0, 0, 0, 0, 2, 2, 0, 1, 2, 0, 1, 2, 2, 0, 0, 1, 2, 1, 2, 1, 0, 2, 1, 1, 1, 0, 1, 1, 1, 0, 2, 1, 2, 0, 0, 0, 0, 1, 1, 2, 1, 2, 1, 0, 0, 0, 1, 0, 1, 2, 1, 2, 1, 1, 1, 0, 1, 1, 0, 1, 1, 1, 0, 0, 1, 1, 1, 2, 1, 0, 0, 2, 0, 1, 1, 0, 0, 2, 1, 2, 0, 0, 2, 0, 0]|[0, 3, 2, 2, 4, 1, 2, 2, 1, 4, 0, 1, 2, 4, 4, 1, 2, 1, 2, 1, 1, 1, 1, 2, 1, 2, 1, 1, 1, 1, 3, 2, 3, 0, 4, 0, 1, 4, 0, 3, 2, 2, 2, 0, 1, 1, 0, 2, 0, 1, 2, 2, 1, 0, 0, 3, 1, 4, 1, 2, 0, 3, 1, 2, 1, 3, 0, 4, 3, 0, 1, 1, 1, 0, 4, 4, 4, 1, 1, 1, 3, 1, 0, 3, 2, 1, 0, 1, 3, 1, 2, 2, 1, 4, 1, 1, 2, 2, 1, 2]|[0, 2, 1, 1, 3, 0, 1, 0, 0, 0, 0, 0, 1, 0, 1, 0, 0, 0, 1, 0, 0, 1, 3, 1, 0, 2, 0, 0, 0, 1, 0, 0, 0, 0, 3, 0, 1, 3, 0, 2, 1, 1, 1, 0, 0, 0, 0, 0, 1, 0, 0, 0, 1, 3, 0, 0, 0, 2, 0, 1, 0, 2, 0, 1, 0, 2, 1, 0, 0, 1, 0, 3, 1, 1, 3, 3, 1, 0, 0, 2, 2, 3, 0, 2, 1, 0, 0, 0, 2, 1, 0, 0, 0, 0, 0, 1, 0, 1, 0, 0],861.739685975851,58318.939044088795,108444.6188380646,false
3,G1_CMAX,G4_BALANCED,[31, 22, 82, 15, 26, 9, 95, 42, 77, 12, 47, 5, 93, 78, 86, 54, 85, 63, 18, 44, 20, 35, 43, 97, 91, 76, 10, 30, 21, 45, 71, 64, 1, 23, 17, 83, 24, 41, 60, 36, 6, 57, 40, 88, 65, 56, 79, 69, 67, 68, 46, 75, 38, 58, 19, 32, 81, 48, 27, 62, 87, 90, 99, 59, 11, 16, 72, 73, 70, 39, 37, 84, 3, 92, 25, 55, 28, 51, 29, 7, 33, 61, 74, 96, 53, 50, 66, 80, 8, 89, 14, 2, 34, 4, 52, 49, 0, 94, 98, 13]|[2, 1, 0, 1, 1, 0, 1, 2, 2, 1, 2, 2, 2, 1, 1, 0, 0, 0, 0, 2, 2, 0, 1, 2, 0, 1, 2, 2, 0, 0, 1, 2, 1, 2, 1, 0, 0, 1, 1, 1, 0, 1, 2, 1, 0, 2, 1, 2, 0, 0, 0, 0, 1, 1, 2, 1, 2, 1, 0, 0, 2, 1, 0, 1, 2, 1, 2, 1, 1, 1, 0, 1, 1, 0, 1, 1, 1, 0, 0, 1, 0, 1, 2, 1, 0, 0, 2, 0, 1, 1, 0, 0, 1, 1, 2, 0, 0, 1, 2, 0]|[0, 3, 2, 2, 4, 1, 2, 2, 1, 4, 0, 1, 2, 4, 4, 1, 2, 1, 2, 1, 1, 1, 1, 2, 1, 2, 1, 1, 1, 1, 3, 2, 3, 0, 4, 0, 1, 4, 0, 3, 2, 2, 0, 0, 1, 1, 0, 2, 0, 1, 2, 2, 1, 0, 0, 3, 1, 4, 1, 2, 2, 3, 1, 2, 1, 3, 0, 4, 3, 1, 1, 1, 1, 0, 4, 4, 4, 1, 1, 1, 2, 1, 0, 3, 2, 1, 0, 1, 3, 1, 2, 2, 0, 4, 1, 1, 2, 4, 0, 2]|[0, 2, 1, 1, 3, 0, 1, 0, 0, 0, 0, 0, 1, 0, 1, 0, 0, 0, 1, 0, 0, 1, 3, 1, 0, 2, 0, 0, 0, 1, 0, 0, 0, 0, 3, 0, 0, 3, 0, 2, 1, 1, 0, 0, 0, 0, 0, 0, 1, 0, 0, 0, 1, 3, 0, 0, 0, 2, 0, 1, 0, 2, 0, 1, 0, 2, 1, 0, 0, 1, 0, 3, 1, 1, 3, 3, 1, 0, 0, 2, 1, 3, 0, 2, 1, 0, 0, 0, 2, 1, 0, 0, 3, 0, 0, 1, 0, 2, 0, 0],799.6640614126133,58535.642390508496,113906.59752135605,true
3,G4_BALANCED,G4_BALANCED,[73, 22, 82, 15, 26, 9, 95, 42, 77, 12, 47, 5, 93, 78, 86, 54, 85, 63, 18, 44, 20, 35, 43, 97, 91, 76, 10, 30, 21, 45, 71, 64, 1, 23, 17, 83, 24, 41, 60, 36, 6, 57, 40, 88, 65, 56, 79, 69, 67, 68, 46, 75, 38, 58, 19, 32, 81, 48, 27, 62, 87, 90, 99, 59, 11, 16, 72, 31, 70, 89, 96, 84, 3, 14, 25, 55, 28, 51, 29, 7, 37, 98, 61, 33, 39, 92, 66, 80, 94, 53, 50, 2, 8, 4, 52, 49, 0, 34, 74, 13]|[1, 1, 0, 1, 1, 0, 1, 2, 2, 1, 2, 2, 2, 1, 1, 0, 0, 0, 0, 2, 2, 0, 1, 2, 0, 1, 2, 2, 0, 0, 1, 2, 1, 2, 1, 0, 0, 1, 1, 1, 0, 1, 2, 1, 0, 2, 1, 2, 0, 0, 0, 0, 1, 1, 2, 1, 2, 1, 0, 0, 0, 1, 0, 1, 2, 1, 2, 2, 1, 1, 1, 1, 1, 0, 1, 1, 1, 0, 1, 1, 0, 2, 1, 2, 1, 0, 2, 0, 1, 0, 0, 0, 1, 0, 2, 0, 0, 2, 2, 0]|[4, 3, 2, 2, 4, 1, 2, 2, 1, 4, 0, 1, 2, 4, 4, 1, 2, 1, 2, 1, 1, 1, 1, 2, 1, 2, 1, 1, 1, 1, 3, 2, 3, 0, 4, 0, 1, 4, 0, 3, 2, 2, 0, 0, 1, 1, 0, 2, 0, 1, 2, 2, 1, 0, 0, 3, 1, 4, 1, 2, 0, 3, 1, 2, 1, 3, 0, 0, 1, 1, 3, 1, 1, 2, 4, 4, 4, 1, 3, 1, 1, 0, 3, 2, 1, 0, 0, 1, 4, 2, 1, 2, 3, 2, 1, 1, 2, 1, 0, 2]|[0, 2, 1, 1, 3, 0, 1, 0, 0, 0, 0, 0, 1, 0, 1, 0, 0, 0, 1, 0, 0, 0, 3, 1, 0, 2, 0, 0, 0, 1, 0, 0, 0, 0, 3, 0, 0, 3, 0, 2, 1, 1, 0, 0, 0, 0, 0, 0, 1, 0, 0, 0, 1, 3, 0, 0, 0, 2, 0, 1, 0, 2, 0, 1, 0, 2, 1, 0, 3, 1, 2, 3, 1, 0, 3, 3, 1, 0, 0, 2, 0, 0, 0, 0, 1, 1, 0, 0, 2, 1, 0, 0, 2, 0, 0, 1, 0, 0, 0, 0],808.9439163745462,57792.78391546893,115220.52336632926,false
3,G2_TEC,G2_TEC,[31, 22, 93, 82, 15, 26, 9, 95, 42, 77, 4, 47, 5, 78, 86, 54, 85, 63, 18, 44, 20, 49, 36, 14, 48, 50, 53, 17, 21, 45, 12, 64, 3, 23, 30, 83, 24, 8, 60, 52, 65, 27, 90, 70, 39, 87, 74, 69, 99, 68, 46, 1, 38, 2, 97, 59, 28, 41, 73, 37, 35, 79, 11, 66, 94, 32, 72, 13, 56, 34, 80, 61, 33, 98, 25, 43, 62, 96, 10, 7, 57, 6, 51, 92, 71, 67, 84, 16, 0, 81, 75, 40, 58, 55, 88, 89, 29, 76, 19, 91]|[0, 1, 2, 2, 1, 1, 2, 2, 0, 2, 1, 1, 0, 2, 1, 2, 0, 0, 0, 2, 2, 1, 0, 2, 2, 2, 2, 2, 0, 1, 1, 1, 0, 0, 1, 0, 2, 2, 2, 2, 0, 0, 1, 1, 0, 1, 0, 2, 1, 0, 0, 2, 2, 2, 2, 0, 2, 1, 1, 0, 2, 1, 2, 2, 1, 0, 1, 2, 0, 1, 0, 1, 1, 0, 1, 2, 0, 0, 1, 2, 0, 1, 0, 0, 1, 0, 0, 0, 0, 1, 2, 2, 0, 1, 1, 1, 1, 2, 2, 0]|[1, 3, 0, 0, 4, 4, 1, 1, 0, 1, 4, 2, 2, 0, 2, 1, 1, 1, 2, 1, 2, 3, 0, 1, 0, 1, 1, 1, 1, 0, 3, 2, 2, 0, 4, 1, 1, 2, 0, 1, 2, 1, 4, 4, 1, 0, 0, 2, 3, 1, 2, 1, 2, 1, 1, 2, 0, 4, 0, 1, 2, 3, 0, 0, 4, 2, 2, 2, 0, 4, 1, 3, 4, 1, 4, 1, 2, 2, 3, 1, 0, 4, 0, 1, 3, 1, 2, 2, 2, 1, 2, 0, 1, 4, 4, 4, 3, 1, 0, 1]|[1, 2, 0, 0, 3, 3, 0, 0, 0, 1, 0, 2, 0, 0, 1, 0, 0, 0, 1, 0, 0, 2, 0, 0, 0, 0, 0, 0, 0, 1, 0, 2, 0, 0, 3, 0, 1, 0, 1, 0, 0, 0, 1, 3, 0, 0, 1, 0, 2, 0, 0, 0, 0, 0, 1, 0, 0, 3, 1, 0, 0, 2, 0, 0, 2, 0, 1, 0, 1, 2, 0, 0, 1, 0, 3, 0, 1, 0, 3, 0, 1, 2, 0, 0, 0, 0, 1, 1, 0, 1, 1, 0, 0, 2, 1, 1, 0, 0, 0, 0],1059.2575890228254,55692.64286483875,133315.05149287923,false
3,G3_TWC,G3_TWC,[31, 22, 82, 15, 26, 9, 95, 42, 77, 12, 47, 5, 93, 78, 86, 54, 85, 63, 18, 44, 20, 35, 43, 97, 91, 76, 10, 30, 21, 45, 71, 64, 1, 23, 17, 83, 24, 41, 60, 36, 6, 57, 40, 88, 65, 56, 79, 69, 67, 68, 46, 75, 38, 58, 19, 32, 81, 48, 27, 62, 87, 90, 99, 59, 11, 16, 72, 73, 61, 39, 37, 84, 3, 92, 25, 55, 28, 51, 29, 7, 33, 70, 74, 96, 53, 50, 66, 80, 8, 89, 14, 2, 34, 4, 52, 49, 0, 94, 98, 13]|[2, 1, 0, 1, 1, 0, 1, 2, 2, 1, 2, 2, 2, 1, 1, 0, 0, 0, 0, 2, 2, 0, 1, 2, 0, 1, 2, 2, 0, 0, 1, 2, 1, 2, 1, 0, 2, 1, 1, 1, 0, 1, 1, 1, 0, 2, 1, 2, 0, 0, 0, 0, 1, 1, 2, 1, 2, 1, 0, 0, 0, 1, 0, 1, 2, 1, 2, 1, 1, 1, 0, 1, 1, 0, 1, 1, 1, 0, 0, 1, 1, 1, 2, 1, 0, 0, 2, 0, 1, 1, 0, 0, 2, 1, 2, 0, 0, 2, 0, 0]|[0, 3, 2, 2, 4, 1, 2, 2, 1, 4, 0, 1, 2, 4, 4, 1, 2, 1, 2, 1, 1, 1, 1, 2, 1, 2, 1, 1, 1, 1, 3, 2, 3, 0, 4, 0, 1, 4, 0, 3, 2, 2, 2, 0, 1, 1, 0, 2, 0, 1, 2, 2, 1, 0, 0, 3, 1, 4, 1, 2, 0, 3, 1, 2, 1, 3, 0, 4, 3, 0, 1, 1, 1, 0, 4, 4, 4, 1, 1, 1, 3, 1, 0, 3, 2, 1, 0, 1, 3, 1, 2, 2, 1, 4, 1, 1, 2, 2, 1, 2]|[0, 2, 1, 1, 3, 0, 1, 0, 0, 0, 0, 0, 1, 0, 1, 0, 0, 0, 1, 0, 0, 1, 3, 1, 0, 2, 0, 0, 0, 1, 0, 0, 0, 0, 3, 0, 1, 3, 0, 2, 1, 1, 1, 0, 0, 0, 0, 0, 1, 0, 0, 0, 1, 3, 0, 0, 0, 2, 0, 1, 0, 2, 0, 1, 0, 2, 1, 0, 0, 1, 0, 3, 1, 1, 3, 3, 1, 0, 0, 2, 2, 3, 0, 2, 1, 0, 0, 0, 2, 1, 0, 0, 0, 0, 0, 1, 0, 1, 0, 0],861.739685975851,58318.939044088795,108444.6188380646,false
3,G1_CMAX,G4_BALANCED,[31, 22, 82, 15, 26, 9, 95, 42, 77, 12, 47, 5, 93, 78, 86, 54, 85, 63, 18, 44, 20, 35, 43, 97, 91, 76, 10, 30, 21, 45, 71, 64, 1, 23, 17, 83, 24, 41, 60, 36, 6, 57, 40, 88, 65, 56, 79, 69, 67, 68, 46, 75, 38, 58, 19, 32, 81, 48, 27, 62, 87, 90, 99, 59, 11, 16, 72, 73, 70, 39, 37, 84, 3, 92, 25, 55, 28, 51, 29, 7, 96, 98, 61, 33, 89, 14, 66, 80, 94, 53, 4, 50, 8, 2, 52, 49, 0, 34, 74, 13]|[2, 1, 0, 1, 1, 0, 1, 2, 2, 1, 2, 2, 2, 1, 1, 0, 0, 0, 0, 2, 2, 0, 1, 2, 0, 1, 2, 2, 0, 0, 1, 2, 1, 2, 1, 2, 0, 1, 1, 1, 0, 1, 2, 1, 0, 2, 1, 2, 0, 0, 0, 0, 1, 1, 2, 1, 2, 1, 0, 0, 2, 1, 0, 1, 2, 1, 2, 1, 1, 1, 0, 1, 1, 0, 1, 1, 1, 0, 0, 1, 1, 2, 1, 2, 1, 0, 2, 1, 1, 0, 0, 0, 1, 0, 2, 0, 0, 2, 0, 0]|[0, 3, 2, 2, 4, 1, 2, 2, 1, 4, 0, 1, 2, 4, 4, 1, 2, 1, 2, 1, 1, 1, 1, 2, 1, 2, 1, 1, 1, 1, 3, 2, 3, 0, 4, 1, 1, 4, 0, 3, 2, 2, 0, 0, 1, 1, 0, 2, 0, 1, 2, 2, 1, 0, 0, 3, 1, 4, 1, 2, 2, 3, 1, 2, 1, 3, 0, 4, 3, 1, 1, 1, 1, 0, 4, 4, 4, 1, 1, 1, 3, 0, 3, 2, 1, 2, 0, 3, 4, 2, 2, 2, 3, 1, 1, 1, 2, 1, 1, 2]|[0, 2, 1, 1, 3, 0, 1, 0, 0, 0, 0, 0, 1, 0, 1, 0, 0, 0, 1, 0, 0, 1, 3, 1, 0, 2, 0, 0, 0, 1, 0, 0, 0, 0, 3, 0, 0, 3, 0, 2, 1, 1, 0, 0, 0, 0, 0, 0, 1, 0, 0, 0, 1, 3, 0, 0, 0, 2, 0, 1, 0, 2, 0, 1, 0, 2, 1, 0, 0, 1, 0, 3, 1, 1, 3, 3, 1, 0, 0, 2, 2, 0, 0, 0, 1, 0, 0, 0, 2, 1, 0, 0, 2, 0, 0, 1, 0, 0, 0, 0],903.9760035930376,57485.346479055144,120446.35666643226,true
3,G4_BALANCED,G4_BALANCED,[73, 22, 82, 15, 26, 9, 95, 42, 77, 12, 47, 5, 93, 78, 86, 54, 85, 63, 18, 44, 20, 35, 43, 97, 91, 76, 10, 30, 21, 45, 71, 64, 1, 23, 17, 83, 24, 41, 60, 36, 6, 57, 40, 88, 65, 56, 79, 69, 67, 68, 46, 75, 38, 58, 19, 32, 81, 48, 27, 62, 87, 90, 99, 59, 11, 16, 72, 31, 70, 89, 96, 84, 3, 14, 25, 55, 28, 51, 29, 7, 37, 98, 61, 33, 39, 92, 66, 80, 94, 53, 50, 2, 8, 4, 52, 49, 0, 34, 74, 13]|[1, 1, 0, 1, 1, 0, 1, 2, 2, 1, 2, 2, 2, 1, 1, 0, 0, 0, 0, 2, 2, 0, 1, 2, 0, 1, 2, 2, 0, 0, 1, 2, 1, 2, 1, 0, 0, 1, 1, 1, 0, 1, 2, 1, 0, 2, 1, 2, 0, 0, 0, 0, 1, 1, 2, 1, 2, 1, 0, 0, 0, 1, 0, 1, 2, 1, 2, 2, 1, 1, 1, 1, 1, 0, 1, 1, 1, 0, 1, 1, 0, 2, 1, 2, 1, 0, 2, 0, 1, 0, 0, 0, 1, 0, 2, 0, 0, 2, 2, 0]|[4, 3, 2, 2, 4, 1, 2, 2, 1, 4, 0, 1, 2, 4, 4, 1, 2, 1, 2, 1, 1, 1, 1, 2, 1, 2, 1, 1, 1, 1, 3, 2, 3, 0, 4, 0, 1, 4, 0, 3, 2, 2, 0, 0, 1, 1, 0, 2, 0, 1, 2, 2, 1, 0, 0, 3, 1, 4, 1, 2, 0, 3, 1, 2, 1, 3, 0, 0, 1, 1, 3, 1, 1, 2, 4, 4, 4, 1, 3, 1, 1, 0, 3, 2, 1, 0, 0, 1, 4, 2, 1, 2, 3, 2, 1, 1, 2, 1, 0, 2]|[0, 2, 1, 1, 3, 0, 1, 0, 0, 0, 0, 0, 1, 0, 1, 0, 0, 0, 1, 0, 0, 0, 3, 1, 0, 2, 0, 0, 0, 1, 0, 0, 0, 0, 3, 0, 0, 3, 0, 2, 1, 1, 0, 0, 0, 0, 0, 0, 1, 0, 0, 0, 1, 3, 0, 0, 0, 2, 0, 1, 0, 2, 0, 1, 0, 2, 1, 0, 3, 1, 2, 3, 1, 0, 3, 3, 1, 0, 0, 2, 0, 0, 0, 0, 1, 1, 0, 0, 2, 1, 0, 0, 2, 0, 0, 1, 0, 0, 0, 0],808.9439163745462,57792.78391546893,115220.52336632926,false
3,G2_TEC,G2_TEC,[31, 22, 93, 82, 15, 26, 9, 95, 42, 77, 4, 47, 5, 78, 86, 54, 85, 63, 18, 44, 20, 49, 36, 14, 48, 50, 53, 17, 21, 45, 12, 64, 3, 23, 30, 83, 24, 8, 60, 52, 65, 27, 90, 70, 39, 87, 74, 69, 99, 68, 46, 1, 38, 2, 97, 59, 28, 41, 73, 37, 35, 79, 11, 66, 94, 32, 72, 13, 56, 34, 80, 61, 33, 98, 25, 43, 62, 96, 10, 7, 57, 6, 51, 92, 71, 67, 84, 16, 0, 81, 75, 40, 58, 55, 88, 89, 29, 76, 19, 91]|[0, 1, 2, 2, 1, 1, 2, 2, 0, 2, 1, 1, 0, 2, 1, 2, 0, 0, 0, 2, 2, 1, 0, 2, 2, 2, 2, 2, 0, 1, 1, 1, 0, 0, 1, 0, 2, 2, 2, 2, 0, 0, 1, 1, 0, 1, 0, 2, 1, 0, 0, 2, 2, 2, 2, 0, 2, 1, 1, 0, 2, 1, 2, 2, 1, 0, 1, 2, 0, 1, 0, 1, 1, 0, 1, 2, 0, 0, 1, 2, 0, 1, 0, 0, 1, 0, 0, 0, 0, 1, 2, 2, 0, 1, 1, 1, 1, 2, 2, 0]|[1, 3, 0, 0, 4, 4, 1, 1, 0, 1, 4, 2, 2, 0, 2, 1, 1, 1, 2, 1, 2, 3, 0, 1, 0, 1, 1, 1, 1, 0, 3, 2, 2, 0, 4, 1, 1, 2, 0, 1, 2, 1, 4, 4, 1, 0, 0, 2, 3, 1, 2, 1, 2, 1, 1, 2, 0, 4, 0, 1, 2, 3, 0, 0, 4, 2, 2, 2, 0, 4, 1, 3, 4, 1, 4, 1, 2, 2, 3, 1, 0, 4, 0, 1, 3, 1, 2, 2, 2, 1, 2, 0, 1, 4, 4, 4, 3, 1, 0, 1]|[1, 2, 0, 0, 3, 3, 0, 0, 0, 1, 0, 2, 0, 0, 1, 0, 0, 0, 1, 0, 0, 2, 0, 0, 0, 0, 0, 0, 0, 1, 0, 2, 0, 0, 3, 0, 1, 0, 1, 0, 0, 0, 1, 3, 0, 0, 1, 0, 2, 0, 0, 0, 0, 0, 1, 0, 0, 3, 1, 0, 0, 2, 0, 0, 2, 0, 1, 0, 1, 2, 0, 0, 1, 0, 3, 0, 1, 0, 3, 0, 1, 2, 0, 0, 0, 0, 1, 1, 0, 1, 1, 0, 0, 2, 1, 1, 0, 0, 0, 0],1059.2575890228254,55692.64286483875,133315.05149287923,false
3,G3_TWC,G3_TWC,[31, 22, 82, 15, 26, 9, 95, 42, 77, 12, 47, 5, 93, 78, 86, 54, 85, 63, 18, 44, 20, 35, 43, 97, 91, 76, 10, 30, 21, 45, 71, 64, 1, 23, 17, 83, 24, 41, 60, 36, 6, 57, 40, 88, 65, 56, 79, 69, 67, 68, 46, 75, 38, 58, 19, 32, 81, 48, 27, 62, 87, 90, 99, 59, 11, 16, 72, 73, 61, 39, 37, 84, 3, 92, 25, 55, 28, 51, 29, 7, 33, 70, 74, 96, 53, 50, 66, 80, 8, 89, 14, 2, 34, 4, 52, 49, 0, 94, 98, 13]|[2, 1, 0, 1, 1, 0, 1, 2, 2, 1, 2, 2, 2, 1, 1, 0, 0, 0, 0, 2, 2, 0, 1, 2, 0, 1, 2, 2, 0, 0, 1, 2, 1, 2, 1, 0, 2, 1, 1, 1, 0, 1, 1, 1, 0, 2, 1, 2, 0, 0, 0, 0, 1, 1, 2, 1, 2, 1, 0, 0, 0, 1, 0, 1, 2, 1, 2, 1, 1, 1, 0, 1, 1, 0, 1, 1, 1, 0, 0, 1, 1, 1, 2, 1, 0, 0, 2, 0, 1, 1, 0, 0, 2, 1, 2, 0, 0, 2, 0, 0]|[0, 3, 2, 2, 4, 1, 2, 2, 1, 4, 0, 1, 2, 4, 4, 1, 2, 1, 2, 1, 1, 1, 1, 2, 1, 2, 1, 1, 1, 1, 3, 2, 3, 0, 4, 0, 1, 4, 0, 3, 2, 2, 2, 0, 1, 1, 0, 2, 0, 1, 2, 2, 1, 0, 0, 3, 1, 4, 1, 2, 0, 3, 1, 2, 1, 3, 0, 4, 3, 0, 1, 1, 1, 0, 4, 4, 4, 1, 1, 1, 3, 1, 0, 3, 2, 1, 0, 1, 3, 1, 2, 2, 1, 4, 1, 1, 2, 2, 1, 2]|[0, 2, 1, 1, 3, 0, 1, 0, 0, 0, 0, 0, 1, 0, 1, 0, 0, 0, 1, 0, 0, 1, 3, 1, 0, 2, 0, 0, 0, 1, 0, 0, 0, 0, 3, 0, 1, 3, 0, 2, 1, 1, 1, 0, 0, 0, 0, 0, 1, 0, 0, 0, 1, 3, 0, 0, 0, 2, 0, 1, 0, 2, 0, 1, 0, 2, 1, 0, 0, 1, 0, 3, 1, 1, 3, 3, 1, 0, 0, 2, 2, 3, 0, 2, 1, 0, 0, 0, 2, 1, 0, 0, 0, 0, 0, 1, 0, 1, 0, 0],861.739685975851,58318.939044088795,108444.6188380646,false
3,G1_CMAX,G4_BALANCED,[31, 22, 82, 15, 26, 9, 95, 42, 77, 12, 47, 5, 93, 78, 86, 54, 85, 63, 18, 44, 20, 35, 43, 97, 91, 76, 10, 30, 21, 45, 71, 64, 1, 23, 17, 83, 24, 41, 60, 36, 6, 57, 40, 88, 65, 56, 79, 69, 67, 68, 46, 75, 38, 58, 19, 32, 81, 48, 27, 62, 87, 90, 99, 59, 11, 16, 72, 73, 70, 89, 37, 84, 3, 14, 25, 55, 28, 51, 29, 7, 96, 98, 74, 33, 53, 50, 66, 80, 8, 39, 92, 2, 34, 4, 52, 49, 0, 94, 61, 13]|[2, 1, 0, 1, 1, 0, 1, 2, 2, 1, 2, 2, 2, 1, 1, 0, 0, 0, 0, 2, 2, 0, 1, 2, 0, 1, 2, 2, 0, 0, 1, 2, 1, 2, 1, 0, 2, 1, 1, 1, 0, 1, 1, 1, 0, 2, 1, 2, 0, 0, 0, 0, 1, 1, 2, 1, 2, 1, 0, 0, 2, 1, 0, 1, 2, 1, 2, 1, 1, 1, 0, 1, 1, 0, 1, 1, 1, 0, 0, 1, 1, 1, 2, 1, 0, 0, 2, 0, 1, 1, 0, 0, 2, 1, 2, 0, 0, 1, 1, 0]|[0, 3, 2, 2, 4, 1, 2, 2, 1, 4, 0, 1, 2, 4, 4, 1, 2, 1, 2, 1, 1, 1, 1, 2, 1, 2, 1, 1, 1, 1, 3, 2, 3, 0, 4, 0, 1, 4, 0, 3, 2, 2, 2, 0, 1, 1, 0, 2, 0, 1, 2, 2, 1, 0, 0, 3, 1, 4, 1, 2, 2, 3, 1, 2, 1, 3, 0, 4, 3, 1, 1, 1, 1, 2, 4, 4, 4, 1, 1, 1, 3, 1, 0, 3, 2, 1, 0, 1, 3, 1, 2, 2, 1, 4, 1, 1, 2, 4, 3, 2]|[0, 2, 1, 1, 3, 0, 1, 0, 0, 0, 0, 0, 1, 0, 1, 0, 0, 0, 1, 0, 0, 1, 3, 1, 0, 2, 0, 0, 0, 1, 0, 0, 0, 0, 3, 0, 1, 3, 0, 2, 1, 1, 1, 0, 0, 0, 0, 0, 1, 0, 0, 0, 1, 3, 0, 0, 0, 2, 0, 1, 0, 2, 0, 1, 0, 2, 1, 0, 0, 1, 0, 3, 1, 0, 3, 3, 1, 0, 0, 2, 2, 3, 0, 2, 1, 0, 0, 0, 2, 1, 0, 0, 0, 0, 0, 1, 0, 2, 0, 0],806.3692865812992,57819.22210314704,112213.84145663114,true
3,G4_BALANCED,G4_BALANCED,[73, 22, 82, 15, 26, 9, 95, 42, 77, 12, 47, 5, 93, 78, 86, 54, 85, 63, 18, 44, 20, 35, 43, 97, 91, 76, 10, 30, 21, 45, 71, 64, 1, 23, 17, 83, 24, 41, 60, 36, 6, 57, 40, 88, 65, 56, 79, 69, 67, 68, 46, 75, 38, 58, 19, 32, 81, 48, 27, 62, 87, 90, 99, 59, 11, 16, 72, 31, 70, 89, 96, 84, 3, 14, 25, 55, 28, 51, 29, 7, 37, 98, 61, 33, 39, 92, 66, 80, 94, 53, 50, 2, 8, 4, 52, 49, 0, 34, 74, 13]|[1, 1, 0, 1, 1, 0, 1, 2, 2, 1, 2, 2, 2, 1, 1, 0, 0, 0, 0, 2, 2, 0, 1, 2, 0, 1, 2, 2, 0, 0, 1, 2, 1, 2, 1, 0, 0, 1, 1, 1, 0, 1, 2, 1, 0, 2, 1, 2, 0, 0, 0, 0, 1, 1, 2, 1, 2, 1, 0, 0, 0, 1, 0, 1, 2, 1, 2, 2, 1, 1, 1, 1, 1, 0, 1, 1, 1, 0, 1, 1, 0, 2, 1, 2, 1, 0, 2, 0, 1, 0, 0, 0, 1, 0, 2, 0, 0, 2, 2, 0]|[4, 3, 2, 2, 4, 1, 2, 2, 1, 4, 0, 1, 2, 4, 4, 1, 2, 1, 2, 1, 1, 1, 1, 2, 1, 2, 1, 1, 1, 1, 3, 2, 3, 0, 4, 0, 1, 4, 0, 3, 2, 2, 0, 0, 1, 1, 0, 2, 0, 1, 2, 2, 1, 0, 0, 3, 1, 4, 1, 2, 0, 3, 1, 2, 1, 3, 0, 0, 1, 1, 3, 1, 1, 2, 4, 4, 4, 1, 3, 1, 1, 0, 3, 2, 1, 0, 0, 1, 4, 2, 1, 2, 3, 2, 1, 1, 2, 1, 0, 2]|[0, 2, 1, 1, 3, 0, 1, 0, 0, 0, 0, 0, 1, 0, 1, 0, 0, 0, 1, 0, 0, 0, 3, 1, 0, 2, 0, 0, 0, 1, 0, 0, 0, 0, 3, 0, 0, 3, 0, 2, 1, 1, 0, 0, 0, 0, 0, 0, 1, 0, 0, 0, 1, 3, 0, 0, 0, 2, 0, 1, 0, 2, 0, 1, 0, 2, 1, 0, 3, 1, 2, 3, 1, 0, 3, 3, 1, 0, 0, 2, 0, 0, 0, 0, 1, 1, 0, 0, 2, 1, 0, 0, 2, 0, 0, 1, 0, 0, 0, 0],808.9439163745462,57792.78391546893,115220.52336632926,false
3,G2_TEC,G2_TEC,[31, 22, 93, 82, 15, 26, 9, 95, 42, 77, 4, 47, 5, 78, 86, 54, 85, 63, 18, 44, 20, 49, 36, 14, 48, 50, 53, 17, 21, 45, 12, 64, 3, 23, 30, 83, 24, 8, 60, 52, 65, 27, 90, 70, 39, 87, 74, 69, 99, 68, 46, 1, 38, 2, 97, 59, 28, 41, 73, 37, 35, 79, 11, 66, 94, 32, 72, 13, 56, 34, 80, 61, 33, 98, 25, 43, 62, 96, 10, 7, 57, 6, 51, 92, 71, 67, 84, 16, 0, 81, 75, 40, 58, 55, 88, 89, 29, 76, 19, 91]|[0, 1, 2, 2, 1, 1, 2, 2, 0, 2, 1, 1, 0, 2, 1, 2, 0, 0, 0, 2, 2, 1, 0, 2, 2, 2, 2, 2, 0, 1, 1, 1, 0, 0, 1, 0, 2, 2, 2, 2, 0, 0, 1, 1, 0, 1, 0, 2, 1, 0, 0, 2, 2, 2, 2, 0, 2, 1, 1, 0, 2, 1, 2, 2, 1, 0, 1, 2, 0, 1, 0, 1, 1, 0, 1, 2, 0, 0, 1, 2, 0, 1, 0, 0, 1, 0, 0, 0, 0, 1, 2, 2, 0, 1, 1, 1, 1, 2, 2, 0]|[1, 3, 0, 0, 4, 4, 1, 1, 0, 1, 4, 2, 2, 0, 2, 1, 1, 1, 2, 1, 2, 3, 0, 1, 0, 1, 1, 1, 1, 0, 3, 2, 2, 0, 4, 1, 1, 2, 0, 1, 2, 1, 4, 4, 1, 0, 0, 2, 3, 1, 2, 1, 2, 1, 1, 2, 0, 4, 0, 1, 2, 3, 0, 0, 4, 2, 2, 2, 0, 4, 1, 3, 4, 1, 4, 1, 2, 2, 3, 1, 0, 4, 0, 1, 3, 1, 2, 2, 2, 1, 2, 0, 1, 4, 4, 4, 3, 1, 0, 1]|[1, 2, 0, 0, 3, 3, 0, 0, 0, 1, 0, 2, 0, 0, 1, 0, 0, 0, 1, 0, 0, 2, 0, 0, 0, 0, 0, 0, 0, 1, 0, 2, 0, 0, 3, 0, 1, 0, 1, 0, 0, 0, 1, 3, 0, 0, 1, 0, 2, 0, 0, 0, 0, 0, 1, 0, 0, 3, 1, 0, 0, 2, 0, 0, 2, 0, 1, 0, 1, 2, 0, 0, 1, 0, 3, 0, 1, 0, 3, 0, 1, 2, 0, 0, 0, 0, 1, 1, 0, 1, 1, 0, 0, 2, 1, 1, 0, 0, 0, 0],1059.2575890228254,55692.64286483875,133315.05149287923,false
3,G3_TWC,G3_TWC,[31, 22, 82, 15, 26, 9, 95, 42, 77, 12, 47, 5, 93, 78, 86, 54, 85, 63, 18, 44, 20, 35, 43, 97, 91, 76, 10, 30, 21, 45, 71, 64, 1, 23, 17, 83, 24, 41, 60, 36, 6, 57, 40, 88, 65, 56, 79, 69, 67, 68, 46, 75, 38, 58, 19, 32, 81, 48, 27, 62, 87, 90, 99, 59, 11, 16, 72, 73, 61, 39, 37, 84, 3, 92, 25, 55, 28, 51, 29, 7, 33, 70, 74, 96, 53, 50, 66, 80, 8, 89, 14, 2, 34, 4, 52, 49, 0, 94, 98, 13]|[2, 1, 0, 1, 1, 0, 1, 2, 2, 1, 2, 2, 2, 1, 1, 0, 0, 0, 0, 2, 2, 0, 1, 2, 0, 1, 2, 2, 0, 0, 1, 2, 1, 2, 1, 0, 2, 1, 1, 1, 0, 1, 1, 1, 0, 2, 1, 2, 0, 0, 0, 0, 1, 1, 2, 1, 2, 1, 0, 0, 0, 1, 0, 1, 2, 1, 2, 1, 1, 1, 0, 1, 1, 0, 1, 1, 1, 0, 0, 1, 1, 1, 2, 1, 0, 0, 2, 0, 1, 1, 0, 0, 2, 1, 2, 0, 0, 2, 0, 0]|[0, 3, 2, 2, 4, 1, 2, 2, 1, 4, 0, 1, 2, 4, 4, 1, 2, 1, 2, 1, 1, 1, 1, 2, 1, 2, 1, 1, 1, 1, 3, 2, 3, 0, 4, 0, 1, 4, 0, 3, 2, 2, 2, 0, 1, 1, 0, 2, 0, 1, 2, 2, 1, 0, 0, 3, 1, 4, 1, 2, 0, 3, 1, 2, 1, 3, 0, 4, 3, 0, 1, 1, 1, 0, 4, 4, 4, 1, 1, 1, 3, 1, 0, 3, 2, 1, 0, 1, 3, 1, 2, 2, 1, 4, 1, 1, 2, 2, 1, 2]|[0, 2, 1, 1, 3, 0, 1, 0, 0, 0, 0, 0, 1, 0, 1, 0, 0, 0, 1, 0, 0, 1, 3, 1, 0, 2, 0, 0, 0, 1, 0, 0, 0, 0, 3, 0, 1, 3, 0, 2, 1, 1, 1, 0, 0, 0, 0, 0, 1, 0, 0, 0, 1, 3, 0, 0, 0, 2, 0, 1, 0, 2, 0, 1, 0, 2, 1, 0, 0, 1, 0, 3, 1, 1, 3, 3, 1, 0, 0, 2, 2, 3, 0, 2, 1, 0, 0, 0, 2, 1, 0, 0, 0, 0, 0, 1, 0, 1, 0, 0],861.739685975851,58318.939044088795,108444.6188380646,false
3,G1_CMAX,G3_TWC,[31, 22, 82, 15, 26, 9, 95, 42, 77, 12, 47, 5, 93, 78, 86, 54, 85, 63, 18, 44, 20, 35, 43, 97, 91, 76, 10, 30, 21, 45, 71, 64, 1, 23, 17, 83, 24, 41, 60, 36, 6, 57, 40, 88, 65, 56, 79, 69, 67, 68, 46, 75, 38, 58, 19, 32, 81, 48, 27, 62, 87, 90, 99, 59, 11, 16, 72, 73, 61, 39, 37, 84, 3, 92, 25, 55, 28, 51, 29, 7, 33, 70, 74, 96, 53, 14, 66, 80, 94, 89, 50, 2, 8, 4, 52, 49, 0, 34, 98, 13]|[2, 1, 0, 1, 1, 0, 1, 2, 2, 1, 2, 2, 2, 1, 1, 0, 0, 0, 0, 2, 2, 0, 1, 2, 0, 1, 2, 2, 0, 0, 1, 2, 1, 2, 1, 0, 2, 1, 1, 1, 0, 1, 1, 1, 0, 2, 1, 2, 0, 0, 0, 0, 1, 1, 2, 1, 2, 1, 0, 0, 0, 1, 0, 1, 2, 1, 2, 1, 1, 1, 0, 1, 1, 0, 1, 1, 1, 0, 0, 1, 1, 1, 0, 1, 0, 0, 2, 0, 2, 1, 0, 0, 1, 1, 2, 0, 0, 2, 0, 0]|[0, 3, 2, 2, 4, 1, 2, 2, 1, 4, 0, 1, 2, 4, 4, 1, 2, 1, 2, 1, 1, 1, 1, 2, 1, 2, 1, 1, 1, 1, 3, 2, 3, 0, 4, 0, 1, 4, 0, 3, 2, 2, 2, 0, 1, 1, 0, 2, 0, 1, 2, 2, 1, 0, 0, 3, 1, 4, 1, 2, 0, 3, 1, 2, 1, 3, 0, 4, 3, 0, 1, 1, 1, 0, 4, 4, 4, 1, 1, 1, 3, 1, 1, 3, 2, 2, 0, 1, 2, 1, 1, 2, 3, 4, 1, 1, 2, 1, 1, 2]|[0, 2, 1, 1, 3, 0, 1, 0, 0, 0, 0, 0, 1, 0, 1, 0, 0, 0, 1, 0, 0, 1, 3, 1, 0, 2, 0, 0, 0, 1, 0, 0, 0, 0, 3, 0, 1, 3, 0, 2, 1, 1, 1, 0, 0, 0, 0, 0, 1, 0, 0, 0, 1, 3, 0, 0, 0, 2, 0, 1, 0, 2, 0, 1, 0, 2, 1, 0, 0, 1, 0, 3, 1, 1, 3, 3, 1, 0, 0, 2, 2, 3, 0, 2, 1, 0, 0, 0, 1, 1, 0, 0, 2, 0, 0, 1, 0, 0, 0, 0],901.4617797866482,58282.998077394564,107654.05596688903,true
3,G4_BALANCED,G4_BALANCED,[73, 22, 82, 15, 26, 9, 95, 42, 77, 12, 47, 5, 93, 78, 86, 54, 85, 63, 18, 44, 20, 35, 43, 97, 91, 76, 10, 30, 21, 45, 71, 64, 1, 23, 17, 83, 24, 41, 60, 36, 6, 57, 40, 88, 65, 56, 79, 69, 67, 68, 46, 75, 38, 58, 19, 32, 81, 48, 27, 62, 87, 90, 99, 59, 11, 16, 72, 31, 70, 89, 96, 84, 3, 14, 25, 55, 28, 51, 29, 7, 37, 98, 61, 33, 39, 92, 66, 80, 94, 53, 50, 2, 8, 4, 52, 49, 0, 34, 74, 13]|[1, 1, 0, 1, 1, 0, 1, 2, 2, 1, 2, 2, 2, 1, 1, 0, 0, 0, 0, 2, 2, 0, 1, 2, 0, 1, 2, 2, 0, 0, 1, 2, 1, 2, 1, 0, 0, 1, 1, 1, 0, 1, 2, 1, 0, 2, 1, 2, 0, 0, 0, 0, 1, 1, 2, 1, 2, 1, 0, 0, 0, 1, 0, 1, 2, 1, 2, 2, 1, 1, 1, 1, 1, 0, 1, 1, 1, 0, 1, 1, 0, 2, 1, 2, 1, 0, 2, 0, 1, 0, 0, 0, 1, 0, 2, 0, 0, 2, 2, 0]|[4, 3, 2, 2, 4, 1, 2, 2, 1, 4, 0, 1, 2, 4, 4, 1, 2, 1, 2, 1, 1, 1, 1, 2, 1, 2, 1, 1, 1, 1, 3, 2, 3, 0, 4, 0, 1, 4, 0, 3, 2, 2, 0, 0, 1, 1, 0, 2, 0, 1, 2, 2, 1, 0, 0, 3, 1, 4, 1, 2, 0, 3, 1, 2, 1, 3, 0, 0, 1, 1, 3, 1, 1, 2, 4, 4, 4, 1, 3, 1, 1, 0, 3, 2, 1, 0, 0, 1, 4, 2, 1, 2, 3, 2, 1, 1, 2, 1, 0, 2]|[0, 2, 1, 1, 3, 0, 1, 0, 0, 0, 0, 0, 1, 0, 1, 0, 0, 0, 1, 0, 0, 0, 3, 1, 0, 2, 0, 0, 0, 1, 0, 0, 0, 0, 3, 0, 0, 3, 0, 2, 1, 1, 0, 0, 0, 0, 0, 0, 1, 0, 0, 0, 1, 3, 0, 0, 0, 2, 0, 1, 0, 2, 0, 1, 0, 2, 1, 0, 3, 1, 2, 3, 1, 0, 3, 3, 1, 0, 0, 2, 0, 0, 0, 0, 1, 1, 0, 0, 2, 1, 0, 0, 2, 0, 0, 1, 0, 0, 0, 0],808.9439163745462,57792.78391546893,115220.52336632926,false
3,G2_TEC,G2_TEC,[31, 22, 93, 82, 15, 26, 9, 95, 42, 77, 4, 47, 5, 78, 86, 54, 85, 63, 18, 44, 20, 49, 36, 14, 48, 50, 53, 17, 21, 45, 12, 64, 3, 23, 30, 83, 24, 8, 60, 52, 65, 27, 90, 70, 39, 87, 74, 69, 99, 68, 46, 1, 38, 2, 97, 59, 28, 41, 73, 37, 35, 79, 11, 66, 94, 32, 72, 13, 56, 34, 80, 61, 33, 98, 25, 43, 62, 96, 10, 7, 57, 6, 51, 92, 71, 67, 84, 16, 0, 81, 75, 40, 58, 55, 88, 89, 29, 76, 19, 91]|[0, 1, 2, 2, 1, 1, 2, 2, 0, 2, 1, 1, 0, 2, 1, 2, 0, 0, 0, 2, 2, 1, 0, 2, 2, 2, 2, 2, 0, 1, 1, 1, 0, 0, 1, 0, 2, 2, 2, 2, 0, 0, 1, 1, 0, 1, 0, 2, 1, 0, 0, 2, 2, 2, 2, 0, 2, 1, 1, 0, 2, 1, 2, 2, 1, 0, 1, 2, 0, 1, 0, 1, 1, 0, 1, 2, 0, 0, 1, 2, 0, 1, 0, 0, 1, 0, 0, 0, 0, 1, 2, 2, 0, 1, 1, 1, 1, 2, 2, 0]|[1, 3, 0, 0, 4, 4, 1, 1, 0, 1, 4, 2, 2, 0, 2, 1, 1, 1, 2, 1, 2, 3, 0, 1, 0, 1, 1, 1, 1, 0, 3, 2, 2, 0, 4, 1, 1, 2, 0, 1, 2, 1, 4, 4, 1, 0, 0, 2, 3, 1, 2, 1, 2, 1, 1, 2, 0, 4, 0, 1, 2, 3, 0, 0, 4, 2, 2, 2, 0, 4, 1, 3, 4, 1, 4, 1, 2, 2, 3, 1, 0, 4, 0, 1, 3, 1, 2, 2, 2, 1, 2, 0, 1, 4, 4, 4, 3, 1, 0, 1]|[1, 2, 0, 0, 3, 3, 0, 0, 0, 1, 0, 2, 0, 0, 1, 0, 0, 0, 1, 0, 0, 2, 0, 0, 0, 0, 0, 0, 0, 1, 0, 2, 0, 0, 3, 0, 1, 0, 1, 0, 0, 0, 1, 3, 0, 0, 1, 0, 2, 0, 0, 0, 0, 0, 1, 0, 0, 3, 1, 0, 0, 2, 0, 0, 2, 0, 1, 0, 1, 2, 0, 0, 1, 0, 3, 0, 1, 0, 3, 0, 1, 2, 0, 0, 0, 0, 1, 1, 0, 1, 1, 0, 0, 2, 1, 1, 0, 0, 0, 0],1059.2575890228254,55692.64286483875,133315.05149287923,false
3,G3_TWC,G3_TWC,[31, 22, 82, 15, 26, 9, 95, 42, 77, 12, 47, 5, 93, 78, 86, 54, 85, 63, 18, 44, 20, 35, 43, 97, 91, 76, 10, 30, 21, 45, 71, 64, 1, 23, 17, 83, 24, 41, 60, 36, 6, 57, 40, 88, 65, 56, 79, 69, 67, 68, 46, 75, 38, 58, 19, 32, 81, 48, 27, 62, 87, 90, 99, 59, 11, 16, 72, 73, 61, 39, 37, 84, 3, 92, 25, 55, 28, 51, 29, 7, 33, 70, 74, 96, 53, 50, 66, 80, 8, 89, 14, 2, 34, 4, 52, 49, 0, 94, 98, 13]|[2, 1, 0, 1, 1, 0, 1, 2, 2, 1, 2, 2, 2, 1, 1, 0, 0, 0, 0, 2, 2, 0, 1, 2, 0, 1, 2, 2, 0, 0, 1, 2, 1, 2, 1, 0, 2, 1, 1, 1, 0, 1, 1, 1, 0, 2, 1, 2, 0, 0, 0, 0, 1, 1, 2, 1, 2, 1, 0, 0, 0, 1, 0, 1, 2, 1, 2, 1, 1, 1, 0, 1, 1, 0, 1, 1, 1, 0, 0, 1, 1, 1, 2, 1, 0, 0, 2, 0, 1, 1, 0, 0, 2, 1, 2, 0, 0, 2, 0, 0]|[0, 3, 2, 2, 4, 1, 2, 2, 1, 4, 0, 1, 2, 4, 4, 1, 2, 1, 2, 1, 1, 1, 1, 2, 1, 2, 1, 1, 1, 1, 3, 2, 3, 0, 4, 0, 1, 4, 0, 3, 2, 2, 2, 0, 1, 1, 0, 2, 0, 1, 2, 2, 1, 0, 0, 3, 1, 4, 1, 2, 0, 3, 1, 2, 1, 3, 0, 4, 3, 0, 1, 1, 1, 0, 4, 4, 4, 1, 1, 1, 3, 1, 0, 3, 2, 1, 0, 1, 3, 1, 2, 2, 1, 4, 1, 1, 2, 2, 1, 2]|[0, 2, 1, 1, 3, 0, 1, 0, 0, 0, 0, 0, 1, 0, 1, 0, 0, 0, 1, 0, 0, 1, 3, 1, 0, 2, 0, 0, 0, 1, 0, 0, 0, 0, 3, 0, 1, 3, 0, 2, 1, 1, 1, 0, 0, 0, 0, 0, 1, 0, 0, 0, 1, 3, 0, 0, 0, 2, 0, 1, 0, 2, 0, 1, 0, 2, 1, 0, 0, 1, 0, 3, 1, 1, 3, 3, 1, 0, 0, 2, 2, 3, 0, 2, 1, 0, 0, 0, 2, 1, 0, 0, 0, 0, 0, 1, 0, 1, 0, 0],861.739685975851,58318.939044088795,108444.6188380646,false
3,G1_CMAX,G2_TEC,[31, 22, 82, 15, 26, 9, 95, 42, 77, 4, 47, 5, 93, 78, 86, 54, 85, 63, 18, 44, 20, 49, 36, 14, 48, 50, 53, 17, 21, 45, 71, 64, 3, 23, 30, 83, 24, 41, 60, 52, 65, 27, 90, 70, 39, 87, 74, 69, 99, 68, 46, 1, 38, 58, 97, 59, 28, 8, 73, 37, 35, 79, 11, 66, 94, 32, 72, 13, 56, 6, 80, 61, 89, 92, 25, 34, 91, 57, 10, 7, 96, 88, 84, 19, 12, 67, 51, 16, 43, 81, 75, 40, 2, 55, 0, 33, 29, 76, 98, 62]|[0, 1, 2, 2, 1, 2, 0, 0, 1, 1, 2, 0, 2, 2, 1, 2, 0, 0, 0, 2, 2, 1, 1, 2, 2, 2, 2, 2, 0, 1, 1, 0, 0, 0, 1, 0, 2, 1, 2, 1, 0, 0, 1, 1, 0, 1, 0, 2, 1, 0, 0, 2, 2, 1, 2, 0, 2, 1, 1, 0, 2, 1, 2, 2, 2, 0, 1, 1, 2, 1, 0, 1, 1, 0, 1, 1, 1, 0, 1, 2, 0, 1, 0, 2, 1, 1, 0, 1, 2, 1, 0, 2, 2, 1, 0, 1, 1, 2, 1, 0]|[1, 3, 0, 2, 4, 1, 0, 0, 2, 4, 0, 2, 1, 0, 2, 1, 1, 1, 2, 1, 2, 3, 4, 1, 0, 1, 1, 1, 1, 0, 3, 2, 2, 0, 4, 1, 1, 4, 0, 3, 2, 1, 4, 4, 1, 0, 0, 2, 3, 1, 2, 1, 2, 0, 1, 2, 0, 3, 0, 1, 2, 3, 0, 0, 1, 0, 2, 4, 1, 4, 1, 3, 1, 1, 4, 4, 4, 0, 3, 1, 2, 4, 2, 2, 3, 3, 0, 4, 1, 1, 2, 0, 1, 4, 2, 4, 3, 1, 4, 2]|[1, 2, 0, 0, 3, 0, 0, 0, 0, 0, 0, 0, 1, 0, 1, 0, 0, 0, 1, 0, 0, 2, 2, 0, 0, 0, 0, 0, 0, 1, 0, 0, 0, 0, 3, 0, 1, 3, 1, 2, 0, 0, 1, 3, 0, 0, 1, 0, 2, 0, 0, 1, 0, 3, 1, 0, 0, 0, 1, 0, 0, 2, 0, 0, 0, 1, 1, 0, 0, 2, 0, 0, 1, 0, 3, 2, 1, 1, 3, 0, 0, 1, 1, 1, 0, 0, 0, 1, 0, 1, 0, 0, 0, 2, 0, 1, 0, 0, 2, 1],902.8387316684926,56066.06148194696,129804.3902958204,true
3,G4_BALANCED,G4_BALANCED,[73, 22, 82, 15, 26, 9, 95, 42, 77, 12, 47, 5, 93, 78, 86, 54, 85, 63, 18, 44, 20, 35, 43, 97, 91, 76, 10, 30, 21, 45, 71, 64, 1, 23, 17, 83, 24, 41, 60, 36, 6, 57, 40, 88, 65, 56, 79, 69, 67, 68, 46, 75, 38, 58, 19, 32, 81, 48, 27, 62, 87, 90, 99, 59, 11, 16, 72, 31, 70, 89, 96, 84, 3, 14, 25, 55, 28, 51, 29, 7, 37, 98, 61, 33, 39, 92, 66, 80, 94, 53, 50, 2, 8, 4, 52, 49, 0, 34, 74, 13]|[1, 1, 0, 1, 1, 0, 1, 2, 2, 1, 2, 2, 2, 1, 1, 0, 0, 0, 0, 2, 2, 0, 1, 2, 0, 1, 2, 2, 0, 0, 1, 2, 1, 2, 1, 0, 0, 1, 1, 1, 0, 1, 2, 1, 0, 2, 1, 2, 0, 0, 0, 0, 1, 1, 2, 1, 2, 1, 0, 0, 0, 1, 0, 1, 2, 1, 2, 2, 1, 1, 1, 1, 1, 0, 1, 1, 1, 0, 1, 1, 0, 2, 1, 2, 1, 0, 2, 0, 1, 0, 0, 0, 1, 0, 2, 0, 0, 2, 2, 0]|[4, 3, 2, 2, 4, 1, 2, 2, 1, 4, 0, 1, 2, 4, 4, 1, 2, 1, 2, 1, 1, 1, 1, 2, 1, 2, 1, 1, 1, 1, 3, 2, 3, 0, 4, 0, 1, 4, 0, 3, 2, 2, 0, 0, 1, 1, 0, 2, 0, 1, 2, 2, 1, 0, 0, 3, 1, 4, 1, 2, 0, 3, 1, 2, 1, 3, 0, 0, 1, 1, 3, 1, 1, 2, 4, 4, 4, 1, 3, 1, 1, 0, 3, 2, 1, 0, 0, 1, 4, 2, 1, 2, 3, 2, 1, 1, 2, 1, 0, 2]|[0, 2, 1, 1, 3, 0, 1, 0, 0, 0, 0, 0, 1, 0, 1, 0, 0, 0, 1, 0, 0, 0, 3, 1, 0, 2, 0, 0, 0, 1, 0, 0, 0, 0, 3, 0, 0, 3, 0, 2, 1, 1, 0, 0, 0, 0, 0, 0, 1, 0, 0, 0, 1, 3, 0, 0, 0, 2, 0, 1, 0, 2, 0, 1, 0, 2, 1, 0, 3, 1, 2, 3, 1, 0, 3, 3, 1, 0, 0, 2, 0, 0, 0, 0, 1, 1, 0, 0, 2, 1, 0, 0, 2, 0, 0, 1, 0, 0, 0, 0],808.9439163745462,57792.78391546893,115220.52336632926,false
3,G2_TEC,G2_TEC,[31, 22, 93, 82, 15, 26, 9, 95, 42, 77, 4, 47, 5, 78, 86, 54, 85, 63, 18, 44, 20, 49, 36, 14, 48, 50, 53, 17, 21, 45, 12, 64, 3, 23, 30, 83, 24, 8, 60, 52, 65, 27, 90, 70, 39, 87, 74, 69, 99, 68, 46, 1, 38, 2, 97, 59, 28, 41, 73, 37, 35, 79, 11, 66, 94, 32, 72, 13, 56, 34, 80, 61, 33, 98, 25, 43, 62, 96, 10, 7, 57, 6, 51, 92, 71, 67, 84, 16, 0, 81, 75, 40, 58, 55, 88, 89, 29, 76, 19, 91]|[0, 1, 2, 2, 1, 1, 2, 2, 0, 2, 1, 1, 0, 2, 1, 2, 0, 0, 0, 2, 2, 1, 0, 2, 2, 2, 2, 2, 0, 1, 1, 1, 0, 0, 1, 0, 2, 2, 2, 2, 0, 0, 1, 1, 0, 1, 0, 2, 1, 0, 0, 2, 2, 2, 2, 0, 2, 1, 1, 0, 2, 1, 2, 2, 1, 0, 1, 2, 0, 1, 0, 1, 1, 0, 1, 2, 0, 0, 1, 2, 0, 1, 0, 0, 1, 0, 0, 0, 0, 1, 2, 2, 0, 1, 1, 1, 1, 2, 2, 0]|[1, 3, 0, 0, 4, 4, 1, 1, 0, 1, 4, 2, 2, 0, 2, 1, 1, 1, 2, 1, 2, 3, 0, 1, 0, 1, 1, 1, 1, 0, 3, 2, 2, 0, 4, 1, 1, 2, 0, 1, 2, 1, 4, 4, 1, 0, 0, 2, 3, 1, 2, 1, 2, 1, 1, 2, 0, 4, 0, 1, 2, 3, 0, 0, 4, 2, 2, 2, 0, 4, 1, 3, 4, 1, 4, 1, 2, 2, 3, 1, 0, 4, 0, 1, 3, 1, 2, 2, 2, 1, 2, 0, 1, 4, 4, 4, 3, 1, 0, 1]|[1, 2, 0, 0, 3, 3, 0, 0, 0, 1, 0, 2, 0, 0, 1, 0, 0, 0, 1, 0, 0, 2, 0, 0, 0, 0, 0, 0, 0, 1, 0, 2, 0, 0, 3, 0, 1, 0, 1, 0, 0, 0, 1, 3, 0, 0, 1, 0, 2, 0, 0, 0, 0, 0, 1, 0, 0, 3, 1, 0, 0, 2, 0, 0, 2, 0, 1, 0, 1, 2, 0, 0, 1, 0, 3, 0, 1, 0, 3, 0, 1, 2, 0, 0, 0, 0, 1, 1, 0, 1, 1, 0, 0, 2, 1, 1, 0, 0, 0, 0],1059.2575890228254,55692.64286483875,133315.05149287923,false
3,G3_TWC,G3_TWC,[31, 22, 82, 15, 26, 9, 95, 42, 77, 12, 47, 5, 93, 78, 86, 54, 85, 63, 18, 44, 20, 35, 43, 97, 91, 76, 10, 30, 21, 45, 71, 64, 1, 23, 17, 83, 24, 41, 60, 36, 6, 57, 40, 88, 65, 56, 79, 69, 67, 68, 46, 75, 38, 58, 19, 32, 81, 48, 27, 62, 87, 90, 99, 59, 11, 16, 72, 73, 61, 39, 37, 84, 3, 92, 25, 55, 28, 51, 29, 7, 33, 70, 74, 96, 53, 50, 66, 80, 8, 89, 14, 2, 34, 4, 52, 49, 0, 94, 98, 13]|[2, 1, 0, 1, 1, 0, 1, 2, 2, 1, 2, 2, 2, 1, 1, 0, 0, 0, 0, 2, 2, 0, 1, 2, 0, 1, 2, 2, 0, 0, 1, 2, 1, 2, 1, 0, 2, 1, 1, 1, 0, 1, 1, 1, 0, 2, 1, 2, 0, 0, 0, 0, 1, 1, 2, 1, 2, 1, 0, 0, 0, 1, 0, 1, 2, 1, 2, 1, 1, 1, 0, 1, 1, 0, 1, 1, 1, 0, 0, 1, 1, 1, 2, 1, 0, 0, 2, 0, 1, 1, 0, 0, 2, 1, 2, 0, 0, 2, 0, 0]|[0, 3, 2, 2, 4, 1, 2, 2, 1, 4, 0, 1, 2, 4, 4, 1, 2, 1, 2, 1, 1, 1, 1, 2, 1, 2, 1, 1, 1, 1, 3, 2, 3, 0, 4, 0, 1, 4, 0, 3, 2, 2, 2, 0, 1, 1, 0, 2, 0, 1, 2, 2, 1, 0, 0, 3, 1, 4, 1, 2, 0, 3, 1, 2, 1, 3, 0, 4, 3, 0, 1, 1, 1, 0, 4, 4, 4, 1, 1, 1, 3, 1, 0, 3, 2, 1, 0, 1, 3, 1, 2, 2, 1, 4, 1, 1, 2, 2, 1, 2]|[0, 2, 1, 1, 3, 0, 1, 0, 0, 0, 0, 0, 1, 0, 1, 0, 0, 0, 1, 0, 0, 1, 3, 1, 0, 2, 0, 0, 0, 1, 0, 0, 0, 0, 3, 0, 1, 3, 0, 2, 1, 1, 1, 0, 0, 0, 0, 0, 1, 0, 0, 0, 1, 3, 0, 0, 0, 2, 0, 1, 0, 2, 0, 1, 0, 2, 1, 0, 0, 1, 0, 3, 1, 1, 3, 3, 1, 0, 0, 2, 2, 3, 0, 2, 1, 0, 0, 0, 2, 1, 0, 0, 0, 0, 0, 1, 0, 1, 0, 0],861.739685975851,58318.939044088795,108444.6188380646,false
3,G1_CMAX,G1_CMAX,[31, 95, 9, 15, 82, 22, 42, 77, 26, 8, 47, 5, 93, 86, 78, 45, 80, 18, 44, 20, 63, 43, 97, 91, 76, 10, 30, 71, 64, 1, 14, 17, 83, 24, 41, 60, 36, 6, 57, 40, 88, 62, 75, 79, 67, 68, 85, 46, 56, 38, 58, 19, 32, 81, 69, 48, 27, 65, 90, 99, 59, 34, 16, 72, 73, 29, 39, 98, 84, 3, 92, 25, 55, 28, 51, 61, 7, 96, 74, 70, 33, 87, 54, 21, 50, 66, 35, 12, 53, 23, 2, 11, 4, 89, 52, 49, 0, 94, 37, 13]|[2, 1, 0, 1, 0, 1, 2, 1, 1, 1, 2, 2, 2, 1, 1, 0, 0, 0, 2, 2, 0, 1, 2, 0, 1, 2, 2, 1, 2, 1, 2, 2, 0, 2, 1, 1, 1, 0, 1, 2, 1, 0, 2, 1, 0, 0, 0, 2, 2, 1, 1, 2, 1, 2, 2, 1, 0, 0, 1, 0, 1, 2, 1, 2, 1, 1, 1, 0, 1, 1, 0, 1, 1, 1, 0, 1, 1, 1, 2, 1, 2, 0, 0, 0, 0, 2, 0, 1, 0, 2, 0, 2, 1, 1, 2, 0, 0, 1, 0, 0]|[1, 3, 2, 4, 1, 2, 2, 1, 0, 4, 0, 1, 2, 4, 4, 1, 1, 2, 1, 1, 1, 1, 2, 1, 2, 1, 1, 3, 2, 3, 0, 1, 1, 1, 4, 0, 3, 2, 2, 0, 0, 2, 1, 0, 0, 1, 2, 1, 1, 1, 0, 0, 3, 2, 2, 4, 1, 1, 3, 1, 2, 1, 3, 0, 4, 3, 0, 0, 1, 1, 0, 0, 4, 4, 1, 3, 1, 3, 0, 1, 2, 2, 1, 1, 1, 0, 1, 4, 2, 0, 2, 1, 4, 1, 1, 1, 2, 4, 1, 2]|[1, 3, 1, 0, 0, 1, 0, 2, 3, 2, 0, 0, 1, 1, 1, 0, 0, 1, 0, 0, 0, 3, 1, 0, 2, 0, 0, 0, 0, 0, 1, 0, 0, 1, 3, 0, 2, 1, 1, 0, 0, 1, 0, 0, 1, 0, 0, 0, 0, 1, 3, 0, 0, 1, 0, 2, 0, 0, 2, 0, 1, 0, 2, 1, 0, 0, 1, 0, 3, 1, 1, 3, 3, 1, 0, 0, 2, 2, 0, 3, 0, 1, 0, 0, 0, 0, 1, 3, 1, 0, 0, 0, 0, 1, 0, 1, 0, 2, 0, 0],760.3905621193804,59720.61998542996,105098.40235927113,false
3,G4_BALANCED,G4_BALANCED,[73, 22, 82, 15, 26, 9, 95, 42, 77, 12, 47, 5, 93, 78, 86, 54, 85, 63, 18, 44, 20, 35, 43, 97, 91, 76, 10, 30, 21, 45, 71, 64, 1, 23, 17, 83, 24, 41, 60, 36, 6, 57, 40, 88, 65, 56, 79, 69, 67, 68, 46, 75, 38, 58, 19, 32, 81, 48, 27, 62, 87, 90, 99, 59, 11, 16, 72, 31, 70, 89, 96, 84, 3, 14, 25, 55, 28, 51, 29, 7, 37, 98, 61, 33, 39, 92, 66, 80, 94, 53, 50, 2, 8, 4, 52, 49, 0, 34, 74, 13]|[1, 1, 0, 1, 1, 0, 1, 2, 2, 1, 2, 2, 2, 1, 1, 0, 0, 0, 0, 2, 2, 0, 1, 2, 0, 1, 2, 2, 0, 0, 1, 2, 1, 2, 1, 0, 0, 1, 1, 1, 0, 1, 2, 1, 0, 2, 1, 2, 0, 0, 0, 0, 1, 1, 2, 1, 2, 1, 0, 0, 0, 1, 0, 1, 2, 1, 2, 2, 1, 1, 1, 1, 1, 0, 1, 1, 1, 0, 1, 1, 0, 2, 1, 2, 1, 0, 2, 0, 1, 0, 0, 0, 1, 0, 2, 0, 0, 2, 2, 0]|[4, 3, 2, 2, 4, 1, 2, 2, 1, 4, 0, 1, 2, 4, 4, 1, 2, 1, 2, 1, 1, 1, 1, 2, 1, 2, 1, 1, 1, 1, 3, 2, 3, 0, 4, 0, 1, 4, 0, 3, 2, 2, 0, 0, 1, 1, 0, 2, 0, 1, 2, 2, 1, 0, 0, 3, 1, 4, 1, 2, 0, 3, 1, 2, 1, 3, 0, 0, 1, 1, 3, 1, 1, 2, 4, 4, 4, 1, 3, 1, 1, 0, 3, 2, 1, 0, 0, 1, 4, 2, 1, 2, 3, 2, 1, 1, 2, 1, 0, 2]|[0, 2, 1, 1, 3, 0, 1, 0, 0, 0, 0, 0, 1, 0, 1, 0, 0, 0, 1, 0, 0, 0, 3, 1, 0, 2, 0, 0, 0, 1, 0, 0, 0, 0, 3, 0, 0, 3, 0, 2, 1, 1, 0, 0, 0, 0, 0, 0, 1, 0, 0, 0, 1, 3, 0, 0, 0, 2, 0, 1, 0, 2, 0, 1, 0, 2, 1, 0, 3, 1, 2, 3, 1, 0, 3, 3, 1, 0, 0, 2, 0, 0, 0, 0, 1, 1, 0, 0, 2, 1, 0, 0, 2, 0, 0, 1, 0, 0, 0, 0],808.9439163745462,57792.78391546893,115220.52336632926,false
3,G2_TEC,G2_TEC,[31, 22, 93, 82, 15, 26, 9, 95, 42, 77, 4, 47, 5, 78, 86, 54, 85, 63, 18, 44, 20, 49, 36, 14, 48, 50, 53, 17, 21, 45, 12, 64, 3, 23, 30, 83, 24, 8, 60, 52, 65, 27, 90, 70, 39, 87, 74, 69, 99, 68, 46, 1, 38, 2, 97, 59, 28, 41, 73, 37, 35, 79, 11, 66, 94, 32, 72, 13, 56, 34, 80, 61, 33, 98, 25, 43, 62, 96, 10, 7, 57, 6, 51, 92, 71, 67, 84, 16, 0, 81, 75, 40, 58, 55, 88, 89, 29, 76, 19, 91]|[0, 1, 2, 2, 1, 1, 2, 2, 0, 2, 1, 1, 0, 2, 1, 2, 0, 0, 0, 2, 2, 1, 0, 2, 2, 2, 2, 2, 0, 1, 1, 1, 0, 0, 1, 0, 2, 2, 2, 2, 0, 0, 1, 1, 0, 1, 0, 2, 1, 0, 0, 2, 2, 2, 2, 0, 2, 1, 1, 0, 2, 1, 2, 2, 1, 0, 1, 2, 0, 1, 0, 1, 1, 0, 1, 2, 0, 0, 1, 2, 0, 1, 0, 0, 1, 0, 0, 0, 0, 1, 2, 2, 0, 1, 1, 1, 1, 2, 2, 0]|[1, 3, 0, 0, 4, 4, 1, 1, 0, 1, 4, 2, 2, 0, 2, 1, 1, 1, 2, 1, 2, 3, 0, 1, 0, 1, 1, 1, 1, 0, 3, 2, 2, 0, 4, 1, 1, 2, 0, 1, 2, 1, 4, 4, 1, 0, 0, 2, 3, 1, 2, 1, 2, 1, 1, 2, 0, 4, 0, 1, 2, 3, 0, 0, 4, 2, 2, 2, 0, 4, 1, 3, 4, 1, 4, 1, 2, 2, 3, 1, 0, 4, 0, 1, 3, 1, 2, 2, 2, 1, 2, 0, 1, 4, 4, 4, 3, 1, 0, 1]|[1, 2, 0, 0, 3, 3, 0, 0, 0, 1, 0, 2, 0, 0, 1, 0, 0, 0, 1, 0, 0, 2, 0, 0, 0, 0, 0, 0, 0, 1, 0, 2, 0, 0, 3, 0, 1, 0, 1, 0, 0, 0, 1, 3, 0, 0, 1, 0, 2, 0, 0, 0, 0, 0, 1, 0, 0, 3, 1, 0, 0, 2, 0, 0, 2, 0, 1, 0, 1, 2, 0, 0, 1, 0, 3, 0, 1, 0, 3, 0, 1, 2, 0, 0, 0, 0, 1, 1, 0, 1, 1, 0, 0, 2, 1, 1, 0, 0, 0, 0],1059.2575890228254,55692.64286483875,133315.05149287923,false
3,G3_TWC,G3_TWC,[31, 22, 82, 15, 26, 9, 95, 42, 77, 12, 47, 5, 93, 78, 86, 54, 85, 63, 18, 44, 20, 35, 43, 97, 91, 76, 10, 30, 21, 45, 71, 64, 1, 23, 17, 83, 24, 41, 60, 36, 6, 57, 40, 88, 65, 56, 79, 69, 67, 68, 46, 75, 38, 58, 19, 32, 81, 48, 27, 62, 87, 90, 99, 59, 11, 16, 72, 73, 61, 39, 37, 84, 3, 92, 25, 55, 28, 51, 29, 7, 33, 70, 74, 96, 53, 50, 66, 80, 8, 89, 14, 2, 34, 4, 52, 49, 0, 94, 98, 13]|[2, 1, 0, 1, 1, 0, 1, 2, 2, 1, 2, 2, 2, 1, 1, 0, 0, 0, 0, 2, 2, 0, 1, 2, 0, 1, 2, 2, 0, 0, 1, 2, 1, 2, 1, 0, 2, 1, 1, 1, 0, 1, 1, 1, 0, 2, 1, 2, 0, 0, 0, 0, 1, 1, 2, 1, 2, 1, 0, 0, 0, 1, 0, 1, 2, 1, 2, 1, 1, 1, 0, 1, 1, 0, 1, 1, 1, 0, 0, 1, 1, 1, 2, 1, 0, 0, 2, 0, 1, 1, 0, 0, 2, 1, 2, 0, 0, 2, 0, 0]|[0, 3, 2, 2, 4, 1, 2, 2, 1, 4, 0, 1, 2, 4, 4, 1, 2, 1, 2, 1, 1, 1, 1, 2, 1, 2, 1, 1, 1, 1, 3, 2, 3, 0, 4, 0, 1, 4, 0, 3, 2, 2, 2, 0, 1, 1, 0, 2, 0, 1, 2, 2, 1, 0, 0, 3, 1, 4, 1, 2, 0, 3, 1, 2, 1, 3, 0, 4, 3, 0, 1, 1, 1, 0, 4, 4, 4, 1, 1, 1, 3, 1, 0, 3, 2, 1, 0, 1, 3, 1, 2, 2, 1, 4, 1, 1, 2, 2, 1, 2]|[0, 2, 1, 1, 3, 0, 1, 0, 0, 0, 0, 0, 1, 0, 1, 0, 0, 0, 1, 0, 0, 1, 3, 1, 0, 2, 0, 0, 0, 1, 0, 0, 0, 0, 3, 0, 1, 3, 0, 2, 1, 1, 1, 0, 0, 0, 0, 0, 1, 0, 0, 0, 1, 3, 0, 0, 0, 2, 0, 1, 0, 2, 0, 1, 0, 2, 1, 0, 0, 1, 0, 3, 1, 1, 3, 3, 1, 0, 0, 2, 2, 3, 0, 2, 1, 0, 0, 0, 2, 1, 0, 0, 0, 0, 0, 1, 0, 1, 0, 0],861.739685975851,58318.939044088795,108444.6188380646,false
3,G1_CMAX,G2_TEC,[31, 22, 82, 15, 26, 9, 95, 42, 77, 4, 47, 5, 93, 78, 86, 54, 85, 63, 18, 44, 20, 49, 36, 14, 48, 50, 53, 17, 21, 45, 71, 64, 3, 23, 30, 83, 24, 41, 60, 52, 65, 27, 90, 70, 39, 87, 74, 69, 99, 68, 46, 1, 38, 58, 97, 59, 28, 8, 57, 94, 56, 40, 67, 32, 11, 16, 72, 73, 61, 6, 37, 84, 75, 92, 19, 55, 81, 51, 29, 7, 96, 79, 88, 33, 89, 76, 66, 80, 91, 10, 25, 2, 62, 12, 43, 35, 0, 34, 98, 13]|[2, 1, 0, 1, 1, 0, 0, 0, 2, 1, 2, 0, 2, 2, 1, 0, 0, 0, 0, 2, 2, 1, 0, 2, 2, 1, 2, 2, 0, 0, 1, 2, 1, 2, 1, 0, 0, 1, 1, 1, 0, 1, 1, 1, 0, 1, 0, 2, 1, 0, 0, 0, 2, 1, 0, 0, 2, 1, 0, 2, 2, 1, 1, 1, 2, 1, 2, 1, 1, 1, 0, 0, 1, 0, 2, 1, 1, 0, 1, 1, 1, 2, 1, 2, 1, 2, 2, 0, 1, 1, 1, 2, 0, 0, 2, 1, 0, 2, 0, 0]|[0, 3, 2, 2, 4, 1, 0, 0, 1, 4, 0, 2, 2, 0, 4, 1, 1, 1, 2, 1, 1, 3, 0, 1, 0, 2, 1, 1, 1, 1, 3, 2, 3, 0, 4, 0, 1, 4, 0, 3, 2, 2, 4, 4, 1, 0, 0, 2, 3, 1, 2, 2, 2, 0, 1, 2, 0, 4, 1, 1, 1, 3, 3, 2, 1, 3, 0, 4, 3, 0, 1, 2, 1, 0, 0, 4, 1, 1, 3, 1, 3, 0, 4, 2, 1, 1, 0, 1, 4, 1, 4, 1, 2, 2, 1, 1, 2, 1, 1, 2]|[0, 2, 1, 1, 3, 0, 0, 0, 0, 0, 0, 0, 1, 0, 1, 0, 0, 0, 1, 0, 0, 2, 0, 0, 0, 2, 0, 0, 0, 1, 0, 0, 0, 0, 3, 0, 0, 3, 0, 2, 1, 1, 1, 3, 0, 0, 1, 0, 2, 0, 0, 0, 0, 3, 0, 0, 0, 2, 0, 0, 0, 2, 0, 1, 0, 2, 1, 0, 0, 1, 0, 1, 1, 1, 0, 3, 1, 0, 0, 2, 2, 0, 1, 0, 1, 0, 0, 0, 1, 1, 3, 0, 1, 0, 0, 2, 0, 0, 0, 0],857.4597937008236,57085.385850795676,130777.67402095848,true
3,G4_BALANCED,G4_BALANCED,[73, 22, 82, 15, 26, 9, 95, 42, 77, 12, 47, 5, 93, 78, 86, 54, 85, 63, 18, 44, 20, 35, 43, 97, 91, 76, 10, 30, 21, 45, 71, 64, 1, 23, 17, 83, 24, 41, 60, 36, 6, 57, 40, 88, 65, 56, 79, 69, 67, 68, 46, 75, 38, 58, 19, 32, 81, 48, 27, 62, 87, 90, 99, 59, 11, 16, 72, 31, 70, 89, 96, 84, 3, 14, 25, 55, 28, 51, 29, 7, 37, 98, 61, 33, 39, 92, 66, 80, 94, 53, 50, 2, 8, 4, 52, 49, 0, 34, 74, 13]|[1, 1, 0, 1, 1, 0, 1, 2, 2, 1, 2, 2, 2, 1, 1, 0, 0, 0, 0, 2, 2, 0, 1, 2, 0, 1, 2, 2, 0, 0, 1, 2, 1, 2, 1, 0, 0, 1, 1, 1, 0, 1, 2, 1, 0, 2, 1, 2, 0, 0, 0, 0, 1, 1, 2, 1, 2, 1, 0, 0, 0, 1, 0, 1, 2, 1, 2, 2, 1, 1, 1, 1, 1, 0, 1, 1, 1, 0, 1, 1, 0, 2, 1, 2, 1, 0, 2, 0, 1, 0, 0, 0, 1, 0, 2, 0, 0, 2, 2, 0]|[4, 3, 2, 2, 4, 1, 2, 2, 1, 4, 0, 1, 2, 4, 4, 1, 2, 1, 2, 1, 1, 1, 1, 2, 1, 2, 1, 1, 1, 1, 3, 2, 3, 0, 4, 0, 1, 4, 0, 3, 2, 2, 0, 0, 1, 1, 0, 2, 0, 1, 2, 2, 1, 0, 0, 3, 1, 4, 1, 2, 0, 3, 1, 2, 1, 3, 0, 0, 1, 1, 3, 1, 1, 2, 4, 4, 4, 1, 3, 1, 1, 0, 3, 2, 1, 0, 0, 1, 4, 2, 1, 2, 3, 2, 1, 1, 2, 1, 0, 2]|[0, 2, 1, 1, 3, 0, 1, 0, 0, 0, 0, 0, 1, 0, 1, 0, 0, 0, 1, 0, 0, 0, 3, 1, 0, 2, 0, 0, 0, 1, 0, 0, 0, 0, 3, 0, 0, 3, 0, 2, 1, 1, 0, 0, 0, 0, 0, 0, 1, 0, 0, 0, 1, 3, 0, 0, 0, 2, 0, 1, 0, 2, 0, 1, 0, 2, 1, 0, 3, 1, 2, 3, 1, 0, 3, 3, 1, 0, 0, 2, 0, 0, 0, 0, 1, 1, 0, 0, 2, 1, 0, 0, 2, 0, 0, 1, 0, 0, 0, 0],808.9439163745462,57792.78391546893,115220.52336632926,false
3,G2_TEC,G3_TWC,[31, 22, 82, 15, 26, 9, 95, 42, 77, 12, 47, 5, 93, 78, 86, 54, 18, 63, 85, 44, 20, 35, 43, 97, 91, 76, 10, 30, 21, 45, 71, 64, 1, 23, 17, 83, 24, 41, 60, 36, 6, 57, 40, 88, 65, 56, 79, 69, 67, 19, 46, 75, 38, 58, 68, 32, 81, 48, 27, 70, 87, 90, 99, 59, 11, 72, 16, 73, 62, 89, 37, 84, 3, 92, 25, 55, 28, 51, 29, 7, 96, 74, 61, 33, 39, 14, 66, 80, 94, 53, 50, 2, 8, 4, 52, 49, 0, 34, 98, 13]|[2, 1, 0, 1, 1, 0, 1, 2, 2, 1, 2, 2, 2, 1, 1, 0, 0, 0, 0, 2, 2, 0, 0, 2, 0, 2, 2, 2, 0, 0, 1, 2, 1, 2, 1, 0, 0, 1, 1, 1, 0, 1, 1, 1, 0, 2, 0, 2, 0, 2, 0, 0, 1, 1, 0, 1, 0, 1, 0, 1, 0, 1, 0, 1, 2, 2, 1, 1, 0, 1, 0, 1, 1, 0, 1, 1, 1, 0, 1, 1, 1, 2, 1, 1, 0, 0, 0, 0, 1, 0, 0, 0, 1, 1, 2, 0, 0, 2, 0, 0]|[1, 3, 2, 2, 4, 1, 2, 2, 1, 4, 0, 1, 2, 4, 4, 1, 2, 1, 2, 1, 1, 1, 1, 2, 1, 1, 1, 1, 1, 1, 3, 2, 3, 0, 4, 0, 1, 4, 0, 3, 2, 2, 2, 0, 1, 1, 1, 2, 0, 0, 2, 2, 1, 0, 1, 3, 1, 4, 1, 1, 0, 3, 1, 2, 1, 0, 3, 4, 2, 1, 1, 1, 1, 0, 4, 4, 4, 1, 3, 1, 3, 0, 3, 3, 1, 2, 1, 1, 4, 2, 1, 2, 3, 4, 1, 1, 2, 1, 1, 2]|[1, 2, 1, 1, 3, 0, 1, 0, 0, 0, 0, 0, 1, 0, 1, 0, 0, 0, 1, 0, 0, 1, 0, 1, 0, 0, 0, 0, 0, 1, 0, 0, 0, 0, 3, 0, 0, 3, 0, 2, 1, 1, 1, 0, 0, 0, 0, 0, 1, 0, 0, 0, 1, 3, 0, 0, 0, 2, 0, 3, 0, 2, 0, 1, 0, 1, 2, 0, 1, 1, 0, 3, 1, 1, 3, 3, 1, 0, 0, 2, 2, 0, 0, 2, 0, 0, 0, 0, 2, 1, 0, 0, 2, 0, 0, 1, 0, 0, 0, 0],935.0584571901228,57503.630407196855,113472.45592790033,true
3,G3_TWC,G3_TWC,[31, 22, 82, 15, 26, 9, 95, 42, 77, 12, 47, 5, 93, 78, 86, 54, 85, 63, 18, 44, 20, 35, 43, 97, 91, 76, 10, 30, 21, 45, 71, 64, 1, 23, 17, 83, 24, 41, 60, 36, 6, 57, 40, 88, 65, 56, 79, 69, 67, 68, 46, 75, 38, 58, 19, 32, 81, 48, 27, 62, 87, 90, 99, 59, 11, 16, 72, 73, 61, 39, 37, 84, 3, 92, 25, 55, 28, 51, 29, 7, 33, 70, 74, 96, 53, 50, 66, 80, 8, 89, 14, 2, 34, 4, 52, 49, 0, 94, 98, 13]|[2, 1, 0, 1, 1, 0, 1, 2, 2, 1, 2, 2, 2, 1, 1, 0, 0, 0, 0, 2, 2, 0, 1, 2, 0, 1, 2, 2, 0, 0, 1, 2, 1, 2, 1, 0, 2, 1, 1, 1, 0, 1, 1, 1, 0, 2, 1, 2, 0, 0, 0, 0, 1, 1, 2, 1, 2, 1, 0, 0, 0, 1, 0, 1, 2, 1, 2, 1, 1, 1, 0, 1, 1, 0, 1, 1, 1, 0, 0, 1, 1, 1, 2, 1, 0, 0, 2, 0, 1, 1, 0, 0, 2, 1, 2, 0, 0, 2, 0, 0]|[0, 3, 2, 2, 4, 1, 2, 2, 1, 4, 0, 1, 2, 4, 4, 1, 2, 1, 2, 1, 1, 1, 1, 2, 1, 2, 1, 1, 1, 1, 3, 2, 3, 0, 4, 0, 1, 4, 0, 3, 2, 2, 2, 0, 1, 1, 0, 2, 0, 1, 2, 2, 1, 0, 0, 3, 1, 4, 1, 2, 0, 3, 1, 2, 1, 3, 0, 4, 3, 0, 1, 1, 1, 0, 4, 4, 4, 1, 1, 1, 3, 1, 0, 3, 2, 1, 0, 1, 3, 1, 2, 2, 1, 4, 1, 1, 2, 2, 1, 2]|[0, 2, 1, 1, 3, 0, 1, 0, 0, 0, 0, 0, 1, 0, 1, 0, 0, 0, 1, 0, 0, 1, 3, 1, 0, 2, 0, 0, 0, 1, 0, 0, 0, 0, 3, 0, 1, 3, 0, 2, 1, 1, 1, 0, 0, 0, 0, 0, 1, 0, 0, 0, 1, 3, 0, 0, 0, 2, 0, 1, 0, 2, 0, 1, 0, 2, 1, 0, 0, 1, 0, 3, 1, 1, 3, 3, 1, 0, 0, 2, 2, 3, 0, 2, 1, 0, 0, 0, 2, 1, 0, 0, 0, 0, 0, 1, 0, 1, 0, 0],861.739685975851,58318.939044088795,108444.6188380646,false
3,G1_CMAX,G1_CMAX,[31, 95, 9, 15, 82, 22, 42, 77, 26, 8, 47, 5, 93, 86, 78, 45, 80, 18, 44, 20, 63, 43, 97, 91, 76, 10, 30, 71, 64, 1, 14, 17, 83, 24, 41, 60, 36, 6, 57, 40, 88, 62, 75, 79, 67, 68, 85, 46, 56, 38, 58, 19, 32, 81, 69, 48, 27, 65, 90, 99, 59, 34, 16, 72, 73, 29, 39, 98, 84, 3, 92, 25, 55, 28, 51, 61, 7, 96, 74, 70, 33, 87, 54, 21, 50, 66, 35, 12, 53, 23, 2, 11, 4, 89, 52, 49, 0, 94, 37, 13]|[2, 1, 0, 1, 0, 1, 2, 1, 1, 1, 2, 2, 2, 1, 1, 0, 0, 0, 2, 2, 0, 1, 2, 0, 1, 2, 2, 1, 2, 1, 2, 2, 0, 2, 1, 1, 1, 0, 1, 2, 1, 0, 2, 1, 0, 0, 0, 2, 2, 1, 1, 2, 1, 2, 2, 1, 0, 0, 1, 0, 1, 2, 1, 2, 1, 1, 1, 0, 1, 1, 0, 1, 1, 1, 0, 1, 1, 1, 2, 1, 2, 0, 0, 0, 0, 2, 0, 1, 0, 2, 0, 2, 1, 1, 2, 0, 0, 1, 0, 0]|[1, 3, 2, 4, 1, 2, 2, 1, 0, 4, 0, 1, 2, 4, 4, 1, 1, 2, 1, 1, 1, 1, 2, 1, 2, 1, 1, 3, 2, 3, 0, 1, 1, 1, 4, 0, 3, 2, 2, 0, 0, 2, 1, 0, 0, 1, 2, 1, 1, 1, 0, 0, 3, 2, 2, 4, 1, 1, 3, 1, 2, 1, 3, 0, 4, 3, 0, 0, 1, 1, 0, 0, 4, 4, 1, 3, 1, 3, 0, 1, 2, 2, 1, 1, 1, 0, 1, 4, 2, 0, 2, 1, 4, 1, 1, 1, 2, 4, 1, 2]|[1, 3, 1, 0, 0, 1, 0, 2, 3, 2, 0, 0, 1, 1, 1, 0, 0, 1, 0, 0, 0, 3, 1, 0, 2, 0, 0, 0, 0, 0, 1, 0, 0, 1, 3, 0, 2, 1, 1, 0, 0, 1, 0, 0, 1, 0, 0, 0, 0, 1, 3, 0, 0, 1, 0, 2, 0, 0, 2, 0, 1, 0, 2, 1, 0, 0, 1, 0, 3, 1, 1, 3, 3, 1, 0, 0, 2, 2, 0, 3, 0, 1, 0, 0, 0, 0, 1, 3, 1, 0, 0, 0, 0, 1, 0, 1, 0, 2, 0, 0],760.3905621193804,59720.61998542996,105098.40235927113,false
3,G4_BALANCED,G4_BALANCED,[73, 22, 82, 15, 26, 9, 95, 42, 77, 12, 47, 5, 93, 78, 86, 54, 85, 63, 18, 44, 20, 35, 43, 97, 91, 76, 10, 30, 21, 45, 71, 64, 1, 23, 17, 83, 24, 41, 60, 36, 6, 57, 40, 88, 65, 56, 79, 69, 67, 68, 46, 75, 38, 58, 19, 32, 81, 48, 27, 62, 87, 90, 99, 59, 11, 16, 72, 31, 70, 89, 96, 84, 3, 14, 25, 55, 28, 51, 29, 7, 37, 98, 61, 33, 39, 92, 66, 80, 94, 53, 50, 2, 8, 4, 52, 49, 0, 34, 74, 13]|[1, 1, 0, 1, 1, 0, 1, 2, 2, 1, 2, 2, 2, 1, 1, 0, 0, 0, 0, 2, 2, 0, 1, 2, 0, 1, 2, 2, 0, 0, 1, 2, 1, 2, 1, 0, 0, 1, 1, 1, 0, 1, 2, 1, 0, 2, 1, 2, 0, 0, 0, 0, 1, 1, 2, 1, 2, 1, 0, 0, 0, 1, 0, 1, 2, 1, 2, 2, 1, 1, 1, 1, 1, 0, 1, 1, 1, 0, 1, 1, 0, 2, 1, 2, 1, 0, 2, 0, 1, 0, 0, 0, 1, 0, 2, 0, 0, 2, 2, 0]|[4, 3, 2, 2, 4, 1, 2, 2, 1, 4, 0, 1, 2, 4, 4, 1, 2, 1, 2, 1, 1, 1, 1, 2, 1, 2, 1, 1, 1, 1, 3, 2, 3, 0, 4, 0, 1, 4, 0, 3, 2, 2, 0, 0, 1, 1, 0, 2, 0, 1, 2, 2, 1, 0, 0, 3, 1, 4, 1, 2, 0, 3, 1, 2, 1, 3, 0, 0, 1, 1, 3, 1, 1, 2, 4, 4, 4, 1, 3, 1, 1, 0, 3, 2, 1, 0, 0, 1, 4, 2, 1, 2, 3, 2, 1, 1, 2, 1, 0, 2]|[0, 2, 1, 1, 3, 0, 1, 0, 0, 0, 0, 0, 1, 0, 1, 0, 0, 0, 1, 0, 0, 0, 3, 1, 0, 2, 0, 0, 0, 1, 0, 0, 0, 0, 3, 0, 0, 3, 0, 2, 1, 1, 0, 0, 0, 0, 0, 0, 1, 0, 0, 0, 1, 3, 0, 0, 0, 2, 0, 1, 0, 2, 0, 1, 0, 2, 1, 0, 3, 1, 2, 3, 1, 0, 3, 3, 1, 0, 0, 2, 0, 0, 0, 0, 1, 1, 0, 0, 2, 1, 0, 0, 2, 0, 0, 1, 0, 0, 0, 0],808.9439163745462,57792.78391546893,115220.52336632926,false
3,G2_TEC,G2_TEC,[31, 22, 93, 82, 15, 26, 9, 95, 42, 77, 4, 47, 5, 78, 86, 54, 85, 63, 18, 44, 20, 49, 36, 14, 48, 50, 53, 17, 21, 45, 12, 64, 3, 23, 30, 83, 24, 8, 60, 52, 65, 27, 90, 70, 39, 87, 74, 69, 99, 68, 46, 1, 38, 2, 97, 59, 28, 41, 73, 37, 35, 79, 11, 66, 94, 32, 72, 13, 56, 34, 80, 61, 33, 98, 25, 43, 62, 96, 10, 7, 57, 6, 51, 92, 71, 67, 84, 16, 0, 81, 75, 40, 58, 55, 88, 89, 29, 76, 19, 91]|[0, 1, 2, 2, 1, 1, 2, 2, 0, 2, 1, 1, 0, 2, 1, 2, 0, 0, 0, 2, 2, 1, 0, 2, 2, 2, 2, 2, 0, 1, 1, 1, 0, 0, 1, 0, 2, 2, 2, 2, 0, 0, 1, 1, 0, 1, 0, 2, 1, 0, 0, 2, 2, 2, 2, 0, 2, 1, 1, 0, 2, 1, 2, 2, 1, 0, 1, 2, 0, 1, 0, 1, 1, 0, 1, 2, 0, 0, 1, 2, 0, 1, 0, 0, 1, 0, 0, 0, 0, 1, 2, 2, 0, 1, 1, 1, 1, 2, 2, 0]|[1, 3, 0, 0, 4, 4, 1, 1, 0, 1, 4, 2, 2, 0, 2, 1, 1, 1, 2, 1, 2, 3, 0, 1, 0, 1, 1, 1, 1, 0, 3, 2, 2, 0, 4, 1, 1, 2, 0, 1, 2, 1, 4, 4, 1, 0, 0, 2, 3, 1, 2, 1, 2, 1, 1, 2, 0, 4, 0, 1, 2, 3, 0, 0, 4, 2, 2, 2, 0, 4, 1, 3, 4, 1, 4, 1, 2, 2, 3, 1, 0, 4, 0, 1, 3, 1, 2, 2, 2, 1, 2, 0, 1, 4, 4, 4, 3, 1, 0, 1]|[1, 2, 0, 0, 3, 3, 0, 0, 0, 1, 0, 2, 0, 0, 1, 0, 0, 0, 1, 0, 0, 2, 0, 0, 0, 0, 0, 0, 0, 1, 0, 2, 0, 0, 3, 0, 1, 0, 1, 0, 0, 0, 1, 3, 0, 0, 1, 0, 2, 0, 0, 0, 0, 0, 1, 0, 0, 3, 1, 0, 0, 2, 0, 0, 2, 0, 1, 0, 1, 2, 0, 0, 1, 0, 3, 0, 1, 0, 3, 0, 1, 2, 0, 0, 0, 0, 1, 1, 0, 1, 1, 0, 0, 2, 1, 1, 0, 0, 0, 0],1059.2575890228254,55692.64286483875,133315.05149287923,false
3,G3_TWC,G3_TWC,[31, 22, 82, 15, 26, 9, 95, 42, 77, 12, 47, 5, 93, 78, 86, 54, 85, 63, 18, 44, 20, 35, 43, 97, 91, 76, 10, 30, 21, 45, 71, 64, 1, 23, 17, 83, 24, 41, 60, 36, 6, 57, 40, 88, 65, 56, 79, 69, 67, 68, 46, 75, 38, 58, 19, 32, 81, 48, 27, 62, 87, 90, 99, 59, 11, 16, 72, 73, 61, 39, 37, 84, 3, 92, 25, 55, 28, 51, 29, 7, 33, 70, 74, 96, 53, 50, 66, 80, 8, 89, 14, 2, 34, 4, 52, 49, 0, 94, 98, 13]|[2, 1, 0, 1, 1, 0, 1, 2, 2, 1, 2, 2, 2, 1, 1, 0, 0, 0, 0, 2, 2, 0, 1, 2, 0, 1, 2, 2, 0, 0, 1, 2, 1, 2, 1, 0, 2, 1, 1, 1, 0, 1, 1, 1, 0, 2, 1, 2, 0, 0, 0, 0, 1, 1, 2, 1, 2, 1, 0, 0, 0, 1, 0, 1, 2, 1, 2, 1, 1, 1, 0, 1, 1, 0, 1, 1, 1, 0, 0, 1, 1, 1, 2, 1, 0, 0, 2, 0, 1, 1, 0, 0, 2, 1, 2, 0, 0, 2, 0, 0]|[0, 3, 2, 2, 4, 1, 2, 2, 1, 4, 0, 1, 2, 4, 4, 1, 2, 1, 2, 1, 1, 1, 1, 2, 1, 2, 1, 1, 1, 1, 3, 2, 3, 0, 4, 0, 1, 4, 0, 3, 2, 2, 2, 0, 1, 1, 0, 2, 0, 1, 2, 2, 1, 0, 0, 3, 1, 4, 1, 2, 0, 3, 1, 2, 1, 3, 0, 4, 3, 0, 1, 1, 1, 0, 4, 4, 4, 1, 1, 1, 3, 1, 0, 3, 2, 1, 0, 1, 3, 1, 2, 2, 1, 4, 1, 1, 2, 2, 1, 2]|[0, 2, 1, 1, 3, 0, 1, 0, 0, 0, 0, 0, 1, 0, 1, 0, 0, 0, 1, 0, 0, 1, 3, 1, 0, 2, 0, 0, 0, 1, 0, 0, 0, 0, 3, 0, 1, 3, 0, 2, 1, 1, 1, 0, 0, 0, 0, 0, 1, 0, 0, 0, 1, 3, 0, 0, 0, 2, 0, 1, 0, 2, 0, 1, 0, 2, 1, 0, 0, 1, 0, 3, 1, 1, 3, 3, 1, 0, 0, 2, 2, 3, 0, 2, 1, 0, 0, 0, 2, 1, 0, 0, 0, 0, 0, 1, 0, 1, 0, 0],861.739685975851,58318.939044088795,108444.6188380646,false
3,G1_CMAX,G1_CMAX,[31, 95, 9, 15, 82, 22, 42, 77, 26, 8, 47, 5, 93, 86, 78, 45, 80, 18, 44, 20, 63, 43, 97, 91, 76, 10, 30, 71, 64, 1, 14, 17, 83, 24, 41, 60, 36, 6, 57, 40, 88, 62, 75, 79, 67, 68, 85, 46, 56, 38, 58, 19, 32, 81, 69, 48, 27, 65, 90, 99, 59, 34, 16, 72, 73, 29, 39, 98, 84, 3, 92, 25, 55, 28, 51, 61, 7, 96, 74, 70, 33, 87, 54, 21, 50, 66, 35, 12, 53, 23, 2, 11, 4, 89, 52, 49, 0, 94, 37, 13]|[2, 1, 0, 1, 0, 1, 2, 1, 1, 1, 2, 2, 2, 1, 1, 0, 0, 0, 2, 2, 0, 1, 2, 0, 1, 2, 2, 1, 2, 1, 2, 2, 0, 2, 1, 1, 1, 0, 1, 2, 1, 0, 2, 1, 0, 0, 0, 2, 2, 1, 1, 2, 1, 2, 2, 1, 0, 0, 1, 0, 1, 2, 1, 2, 1, 1, 1, 0, 1, 1, 0, 1, 1, 1, 0, 1, 1, 1, 2, 1, 2, 0, 0, 0, 0, 2, 0, 1, 0, 2, 0, 2, 1, 1, 2, 0, 0, 1, 0, 0]|[1, 3, 2, 4, 1, 2, 2, 1, 0, 4, 0, 1, 2, 4, 4, 1, 1, 2, 1, 1, 1, 1, 2, 1, 2, 1, 1, 3, 2, 3, 0, 1, 1, 1, 4, 0, 3, 2, 2, 0, 0, 2, 1, 0, 0, 1, 2, 1, 1, 1, 0, 0, 3, 2, 2, 4, 1, 1, 3, 1, 2, 1, 3, 0, 4, 3, 0, 0, 1, 1, 0, 0, 4, 4, 1, 3, 1, 3, 0, 1, 2, 2, 1, 1, 1, 0, 1, 4, 2, 0, 2, 1, 4, 1, 1, 1, 2, 4, 1, 2]|[1, 3, 1, 0, 0, 1, 0, 2, 3, 2, 0, 0, 1, 1, 1, 0, 0, 1, 0, 0, 0, 3, 1, 0, 2, 0, 0, 0, 0, 0, 1, 0, 0, 1, 3, 0, 2, 1, 1, 0, 0, 1, 0, 0, 1, 0, 0, 0, 0, 1, 3, 0, 0, 1, 0, 2, 0, 0, 2, 0, 1, 0, 2, 1, 0, 0, 1, 0, 3, 1, 1, 3, 3, 1, 0, 0, 2, 2, 0, 3, 0, 1, 0, 0, 0, 0, 1, 3, 1, 0, 0, 0, 0, 1, 0, 1, 0, 2, 0, 0],760.3905621193804,59720.61998542996,105098.40235927113,false
3,G4_BALANCED,G4_BALANCED,[73, 22, 82, 15, 26, 9, 95, 42, 77, 12, 47, 5, 93, 78, 86, 54, 85, 63, 18, 44, 20, 35, 43, 97, 91, 76, 10, 30, 21, 45, 71, 64, 1, 23, 17, 83, 24, 41, 60, 36, 6, 57, 40, 88, 65, 56, 79, 69, 67, 68, 46, 75, 38, 58, 19, 32, 81, 48, 27, 62, 87, 90, 99, 59, 11, 16, 72, 31, 70, 89, 96, 84, 3, 14, 25, 55, 28, 51, 29, 7, 33, 61, 74, 37, 39, 92, 66, 80, 94, 53, 50, 2, 8, 4, 52, 49, 0, 34, 98, 13]|[1, 1, 0, 1, 1, 0, 1, 2, 2, 1, 2, 2, 2, 1, 1, 0, 0, 0, 0, 2, 2, 0, 1, 2, 0, 1, 2, 2, 0, 0, 1, 2, 1, 2, 1, 0, 0, 1, 1, 1, 0, 1, 2, 1, 0, 2, 1, 2, 0, 0, 0, 0, 1, 1, 2, 1, 2, 1, 0, 0, 0, 1, 0, 1, 2, 1, 2, 2, 1, 1, 1, 1, 1, 0, 1, 1, 1, 0, 1, 1, 2, 1, 2, 0, 1, 0, 2, 0, 1, 0, 0, 0, 1, 0, 2, 0, 0, 2, 2, 0]|[4, 3, 2, 2, 4, 1, 2, 2, 1, 4, 0, 1, 2, 4, 4, 1, 2, 1, 2, 1, 1, 1, 1, 2, 1, 2, 1, 1, 1, 1, 3, 2, 3, 0, 4, 0, 1, 4, 0, 3, 2, 2, 0, 0, 1, 1, 0, 2, 0, 1, 2, 2, 1, 0, 0, 3, 1, 4, 1, 2, 0, 3, 1, 2, 1, 3, 0, 0, 1, 1, 3, 1, 1, 2, 4, 4, 4, 1, 3, 1, 2, 3, 0, 1, 1, 0, 0, 1, 4, 2, 1, 2, 3, 2, 1, 1, 2, 1, 0, 2]|[0, 2, 1, 1, 3, 0, 1, 0, 0, 0, 0, 0, 1, 0, 1, 0, 0, 0, 1, 0, 0, 0, 3, 1, 0, 2, 0, 0, 0, 1, 0, 0, 0, 0, 3, 0, 0, 3, 0, 2, 1, 1, 0, 0, 0, 0, 0, 0, 1, 0, 0, 0, 1, 3, 0, 0, 0, 2, 0, 1, 0, 2, 0, 1, 0, 2, 1, 0, 3, 1, 2, 3, 1, 0, 3, 3, 1, 0, 0, 2, 0, 0, 0, 0, 1, 1, 0, 0, 2, 1, 0, 0, 2, 0, 0, 1, 0, 0, 0, 0],808.9439163745462,57755.139752232935,115017.82687133108,false
3,G2_TEC,G2_TEC,[31, 22, 93, 82, 15, 26, 9, 95, 42, 77, 4, 47, 5, 78, 86, 54, 85, 63, 18, 44, 20, 49, 36, 14, 48, 50, 53, 17, 21, 45, 12, 64, 3, 23, 30, 83, 24, 8, 60, 52, 65, 27, 90, 70, 39, 87, 74, 69, 99, 68, 46, 1, 38, 2, 97, 59, 28, 41, 73, 37, 35, 79, 11, 66, 94, 32, 72, 13, 56, 34, 80, 61, 33, 98, 25, 43, 62, 96, 10, 7, 57, 6, 51, 92, 71, 67, 84, 16, 0, 81, 75, 40, 58, 55, 88, 89, 29, 76, 19, 91]|[0, 1, 2, 2, 1, 1, 2, 2, 0, 2, 1, 1, 0, 2, 1, 2, 0, 0, 0, 2, 2, 1, 0, 2, 2, 2, 2, 2, 0, 1, 1, 1, 0, 0, 1, 0, 2, 2, 2, 2, 0, 0, 1, 1, 0, 1, 0, 2, 1, 0, 0, 2, 2, 2, 2, 0, 2, 1, 1, 0, 2, 1, 2, 2, 1, 0, 1, 2, 0, 1, 0, 1, 1, 0, 1, 2, 0, 0, 1, 2, 0, 1, 0, 0, 1, 0, 0, 0, 0, 1, 2, 2, 0, 1, 1, 1, 1, 2, 2, 0]|[1, 3, 0, 0, 4, 4, 1, 1, 0, 1, 4, 2, 2, 0, 2, 1, 1, 1, 2, 1, 2, 3, 0, 1, 0, 1, 1, 1, 1, 0, 3, 2, 2, 0, 4, 1, 1, 2, 0, 1, 2, 1, 4, 4, 1, 0, 0, 2, 3, 1, 2, 1, 2, 1, 1, 2, 0, 4, 0, 1, 2, 3, 0, 0, 4, 2, 2, 2, 0, 4, 1, 3, 4, 1, 4, 1, 2, 2, 3, 1, 0, 4, 0, 1, 3, 1, 2, 2, 2, 1, 2, 0, 1, 4, 4, 4, 3, 1, 0, 1]|[1, 2, 0, 0, 3, 3, 0, 0, 0, 1, 0, 2, 0, 0, 1, 0, 0, 0, 1, 0, 0, 2, 0, 0, 0, 0, 0, 0, 0, 1, 0, 2, 0, 0, 3, 0, 1, 0, 1, 0, 0, 0, 1, 3, 0, 0, 1, 0, 2, 0, 0, 0, 0, 0, 1, 0, 0, 3, 1, 0, 0, 2, 0, 0, 2, 0, 1, 0, 1, 2, 0, 0, 1, 0, 3, 0, 1, 0, 3, 0, 1, 2, 0, 0, 0, 0, 1, 1, 0, 1, 1, 0, 0, 2, 1, 1, 0, 0, 0, 0],1059.2575890228254,55692.64286483875,133315.05149287923,false
3,G3_TWC,G3_TWC,[31, 22, 82, 15, 26, 9, 95, 42, 77, 12, 47, 5, 93, 78, 86, 54, 85, 63, 18, 44, 20, 35, 43, 97, 91, 76, 10, 30, 21, 45, 71, 64, 1, 23, 17, 83, 24, 41, 60, 36, 6, 57, 40, 88, 65, 56, 79, 69, 67, 68, 46, 75, 38, 58, 19, 32, 81, 48, 27, 62, 87, 90, 99, 59, 11, 16, 72, 73, 61, 39, 37, 84, 3, 92, 25, 55, 28, 51, 29, 7, 33, 70, 74, 96, 53, 50, 66, 80, 8, 89, 14, 2, 34, 4, 52, 49, 0, 94, 98, 13]|[2, 1, 0, 1, 1, 0, 1, 2, 2, 1, 2, 2, 2, 1, 1, 0, 0, 0, 0, 2, 2, 0, 1, 2, 0, 1, 2, 2, 0, 0, 1, 2, 1, 2, 1, 0, 2, 1, 1, 1, 0, 1, 1, 1, 0, 2, 1, 2, 0, 0, 0, 0, 1, 1, 2, 1, 2, 1, 0, 0, 0, 1, 0, 1, 2, 1, 2, 1, 1, 1, 0, 1, 1, 0, 1, 1, 1, 0, 0, 1, 1, 1, 2, 1, 0, 0, 2, 0, 1, 1, 0, 0, 2, 1, 2, 0, 0, 2, 0, 0]|[0, 3, 2, 2, 4, 1, 2, 2, 1, 4, 0, 1, 2, 4, 4, 1, 2, 1, 2, 1, 1, 1, 1, 2, 1, 2, 1, 1, 1, 1, 3, 2, 3, 0, 4, 0, 1, 4, 0, 3, 2, 2, 2, 0, 1, 1, 0, 2, 0, 1, 2, 2, 1, 0, 0, 3, 1, 4, 1, 2, 0, 3, 1, 2, 1, 3, 0, 4, 3, 0, 1, 1, 1, 0, 4, 4, 4, 1, 1, 1, 3, 1, 0, 3, 2, 1, 0, 1, 3, 1, 2, 2, 1, 4, 1, 1, 2, 2, 1, 2]|[0, 2, 1, 1, 3, 0, 1, 0, 0, 0, 0, 0, 1, 0, 1, 0, 0, 0, 1, 0, 0, 1, 3, 1, 0, 2, 0, 0, 0, 1, 0, 0, 0, 0, 3, 0, 1, 3, 0, 2, 1, 1, 1, 0, 0, 0, 0, 0, 1, 0, 0, 0, 1, 3, 0, 0, 0, 2, 0, 1, 0, 2, 0, 1, 0, 2, 1, 0, 0, 1, 0, 3, 1, 1, 3, 3, 1, 0, 0, 2, 2, 3, 0, 2, 1, 0, 0, 0, 2, 1, 0, 0, 0, 0, 0, 1, 0, 1, 0, 0],861.739685975851,58318.939044088795,108444.6188380646,false
3,G1_CMAX,G1_CMAX,[31, 95, 9, 15, 82, 22, 42, 77, 26, 8, 47, 5, 93, 86, 78, 45, 80, 18, 44, 20, 63, 43, 97, 91, 76, 10, 30, 71, 64, 1, 14, 17, 83, 24, 41, 60, 36, 6, 57, 40, 88, 62, 75, 79, 67, 68, 85, 46, 56, 38, 58, 19, 32, 81, 69, 48, 27, 65, 90, 99, 59, 34, 16, 72, 73, 29, 39, 98, 84, 3, 92, 25, 55, 28, 51, 61, 7, 96, 74, 70, 33, 87, 54, 21, 50, 66, 35, 12, 53, 23, 2, 11, 4, 89, 52, 49, 0, 94, 37, 13]|[2, 1, 0, 1, 0, 1, 2, 1, 1, 1, 2, 2, 2, 1, 1, 0, 0, 0, 2, 2, 0, 1, 2, 0, 1, 2, 2, 1, 2, 1, 2, 2, 0, 2, 1, 1, 1, 0, 1, 2, 1, 0, 2, 1, 0, 0, 0, 2, 2, 1, 1, 2, 1, 2, 2, 1, 0, 0, 1, 0, 1, 2, 1, 2, 1, 1, 1, 0, 1, 1, 0, 1, 1, 1, 0, 1, 1, 1, 2, 1, 2, 0, 0, 0, 0, 2, 0, 1, 0, 2, 0, 2, 1, 1, 2, 0, 0, 1, 0, 0]|[1, 3, 2, 4, 1, 2, 2, 1, 0, 4, 0, 1, 2, 4, 4, 1, 1, 2, 1, 1, 1, 1, 2, 1, 2, 1, 1, 3, 2, 3, 0, 1, 1, 1, 4, 0, 3, 2, 2, 0, 0, 2, 1, 0, 0, 1, 2, 1, 1, 1, 0, 0, 3, 2, 2, 4, 1, 1, 3, 1, 2, 1, 3, 0, 4, 3, 0, 0, 1, 1, 0, 0, 4, 4, 1, 3, 1, 3, 0, 1, 2, 2, 1, 1, 1, 0, 1, 4, 2, 0, 2, 1, 4, 1, 1, 1, 2, 4, 1, 2]|[1, 3, 1, 0, 0, 1, 0, 2, 3, 2, 0, 0, 1, 1, 1, 0, 0, 1, 0, 0, 0, 3, 1, 0, 2, 0, 0, 0, 0, 0, 1, 0, 0, 1, 3, 0, 2, 1, 1, 0, 0, 1, 0, 0, 1, 0, 0, 0, 0, 1, 3, 0, 0, 1, 0, 2, 0, 0, 2, 0, 1, 0, 2, 1, 0, 0, 1, 0, 3, 1, 1, 3, 3, 1, 0, 0, 2, 2, 0, 3, 0, 1, 0, 0, 0, 0, 1, 3, 1, 0, 0, 0, 0, 1, 0, 1, 0, 2, 0, 0],760.3905621193804,59720.61998542996,105098.40235927113,false
3,G4_BALANCED,G4_BALANCED,[73, 22, 82, 15, 26, 9, 95, 42, 77, 12, 47, 5, 93, 78, 86, 54, 85, 63, 18, 44, 20, 35, 43, 97, 91, 76, 10, 30, 21, 45, 71, 64, 1, 23, 17, 83, 24, 41, 60, 36, 6, 57, 40, 88, 65, 56, 79, 69, 67, 68, 46, 75, 38, 58, 19, 32, 81, 48, 27, 62, 87, 90, 99, 59, 11, 16, 72, 31, 70, 89, 96, 84, 3, 14, 25, 55, 28, 51, 29, 7, 33, 61, 74, 37, 39, 92, 66, 80, 94, 53, 50, 2, 8, 4, 52, 49, 0, 34, 98, 13]|[1, 1, 0, 1, 1, 0, 1, 2, 2, 1, 2, 2, 2, 1, 1, 0, 0, 0, 0, 2, 2, 0, 1, 2, 0, 1, 2, 2, 0, 0, 1, 2, 1, 2, 1, 0, 0, 1, 1, 1, 0, 1, 2, 1, 0, 2, 1, 2, 0, 0, 0, 0, 1, 1, 2, 1, 2, 1, 0, 0, 0, 1, 0, 1, 2, 1, 2, 2, 1, 1, 1, 1, 1, 0, 1, 1, 1, 0, 1, 1, 2, 1, 2, 0, 1, 0, 2, 0, 1, 0, 0, 0, 1, 0, 2, 0, 0, 2, 2, 0]|[4, 3, 2, 2, 4, 1, 2, 2, 1, 4, 0, 1, 2, 4, 4, 1, 2, 1, 2, 1, 1, 1, 1, 2, 1, 2, 1, 1, 1, 1, 3, 2, 3, 0, 4, 0, 1, 4, 0, 3, 2, 2, 0, 0, 1, 1, 0, 2, 0, 1, 2, 2, 1, 0, 0, 3, 1, 4, 1, 2, 0, 3, 1, 2, 1, 3, 0, 0, 1, 1, 3, 1, 1, 2, 4, 4, 4, 1, 3, 1, 2, 3, 0, 1, 1, 0, 0, 1, 4, 2, 1, 2, 3, 2, 1, 1, 2, 1, 0, 2]|[0, 2, 1, 1, 3, 0, 1, 0, 0, 0, 0, 0, 1, 0, 1, 0, 0, 0, 1, 0, 0, 0, 3, 1, 0, 2, 0, 0, 0, 1, 0, 0, 0, 0, 3, 0, 0, 3, 0, 2, 1, 1, 0, 0, 0, 0, 0, 0, 1, 0, 0, 0, 1, 3, 0, 0, 0, 2, 0, 1, 0, 2, 0, 1, 0, 2, 1, 0, 3, 1, 2, 3, 1, 0, 3, 3, 1, 0, 0, 2, 0, 0, 0, 0, 1, 1, 0, 0, 2, 1, 0, 0, 2, 0, 0, 1, 0, 0, 0, 0],808.9439163745462,57755.139752232935,115017.82687133108,false
3,G2_TEC,G2_TEC,[31, 22, 93, 82, 15, 26, 9, 95, 42, 77, 4, 47, 5, 78, 86, 54, 85, 63, 18, 44, 20, 49, 36, 14, 48, 50, 53, 17, 21, 45, 12, 64, 3, 23, 30, 83, 24, 8, 60, 52, 65, 27, 90, 70, 39, 87, 74, 69, 99, 68, 46, 1, 38, 2, 97, 59, 28, 41, 73, 37, 35, 79, 11, 66, 94, 32, 72, 13, 56, 34, 80, 61, 33, 98, 25, 43, 62, 96, 10, 7, 57, 6, 51, 92, 71, 67, 84, 16, 0, 81, 75, 40, 58, 55, 88, 89, 29, 76, 19, 91]|[0, 1, 2, 2, 1, 1, 2, 2, 0, 2, 1, 1, 0, 2, 1, 2, 0, 0, 0, 2, 2, 1, 0, 2, 2, 2, 2, 2, 0, 1, 1, 1, 0, 0, 1, 0, 2, 2, 2, 2, 0, 0, 1, 1, 0, 1, 0, 2, 1, 0, 0, 2, 2, 2, 2, 0, 2, 1, 1, 0, 2, 1, 2, 2, 1, 0, 1, 2, 0, 1, 0, 1, 1, 0, 1, 2, 0, 0, 1, 2, 0, 1, 0, 0, 1, 0, 0, 0, 0, 1, 2, 2, 0, 1, 1, 1, 1, 2, 2, 0]|[1, 3, 0, 0, 4, 4, 1, 1, 0, 1, 4, 2, 2, 0, 2, 1, 1, 1, 2, 1, 2, 3, 0, 1, 0, 1, 1, 1, 1, 0, 3, 2, 2, 0, 4, 1, 1, 2, 0, 1, 2, 1, 4, 4, 1, 0, 0, 2, 3, 1, 2, 1, 2, 1, 1, 2, 0, 4, 0, 1, 2, 3, 0, 0, 4, 2, 2, 2, 0, 4, 1, 3, 4, 1, 4, 1, 2, 2, 3, 1, 0, 4, 0, 1, 3, 1, 2, 2, 2, 1, 2, 0, 1, 4, 4, 4, 3, 1, 0, 1]|[1, 2, 0, 0, 3, 3, 0, 0, 0, 1, 0, 2, 0, 0, 1, 0, 0, 0, 1, 0, 0, 2, 0, 0, 0, 0, 0, 0, 0, 1, 0, 2, 0, 0, 3, 0, 1, 0, 1, 0, 0, 0, 1, 3, 0, 0, 1, 0, 2, 0, 0, 0, 0, 0, 1, 0, 0, 3, 1, 0, 0, 2, 0, 0, 2, 0, 1, 0, 1, 2, 0, 0, 1, 0, 3, 0, 1, 0, 3, 0, 1, 2, 0, 0, 0, 0, 1, 1, 0, 1, 1, 0, 0, 2, 1, 1, 0, 0, 0, 0],1059.2575890228254,55692.64286483875,133315.05149287923,false
3,G3_TWC,G3_TWC,[31, 22, 82, 15, 26, 9, 95, 42, 77, 12, 47, 5, 93, 78, 86, 54, 85, 63, 18, 44, 20, 35, 43, 97, 91, 76, 10, 30, 21, 45, 71, 64, 1, 23, 17, 83, 24, 41, 60, 36, 6, 57, 40, 88, 65, 56, 79, 69, 67, 68, 46, 75, 38, 58, 19, 32, 81, 48, 27, 62, 87, 90, 99, 59, 11, 16, 72, 73, 61, 39, 37, 84, 3, 92, 25, 55, 28, 51, 29, 7, 33, 70, 74, 96, 53, 50, 66, 80, 8, 89, 14, 2, 34, 4, 52, 49, 0, 94, 98, 13]|[2, 1, 0, 1, 1, 0, 1, 2, 2, 1, 2, 2, 2, 1, 1, 0, 0, 0, 0, 2, 2, 0, 1, 2, 0, 1, 2, 2, 0, 0, 1, 2, 1, 2, 1, 0, 2, 1, 1, 1, 0, 1, 1, 1, 0, 2, 1, 2, 0, 0, 0, 0, 1, 1, 2, 1, 2, 1, 0, 0, 0, 1, 0, 1, 2, 1, 2, 1, 1, 1, 0, 1, 1, 0, 1, 1, 1, 0, 0, 1, 1, 1, 2, 1, 0, 0, 2, 0, 1, 1, 0, 0, 2, 1, 2, 0, 0, 2, 0, 0]|[0, 3, 2, 2, 4, 1, 2, 2, 1, 4, 0, 1, 2, 4, 4, 1, 2, 1, 2, 1, 1, 1, 1, 2, 1, 2, 1, 1, 1, 1, 3, 2, 3, 0, 4, 0, 1, 4, 0, 3, 2, 2, 2, 0, 1, 1, 0, 2, 0, 1, 2, 2, 1, 0, 0, 3, 1, 4, 1, 2, 0, 3, 1, 2, 1, 3, 0, 4, 3, 0, 1, 1, 1, 0, 4, 4, 4, 1, 1, 1, 3, 1, 0, 3, 2, 1, 0, 1, 3, 1, 2, 2, 1, 4, 1, 1, 2, 2, 1, 2]|[0, 2, 1, 1, 3, 0, 1, 0, 0, 0, 0, 0, 1, 0, 1, 0, 0, 0, 1, 0, 0, 1, 3, 1, 0, 2, 0, 0, 0, 1, 0, 0, 0, 0, 3, 0, 1, 3, 0, 2, 1, 1, 1, 0, 0, 0, 0, 0, 1, 0, 0, 0, 1, 3, 0, 0, 0, 2, 0, 1, 0, 2, 0, 1, 0, 2, 1, 0, 0, 1, 0, 3, 1, 1, 3, 3, 1, 0, 0, 2, 2, 3, 0, 2, 1, 0, 0, 0, 2, 1, 0, 0, 0, 0, 0, 1, 0, 1, 0, 0],861.739685975851,58318.939044088795,108444.6188380646,false
3,G1_CMAX,G1_CMAX,[31, 95, 9, 15, 82, 22, 42, 77, 26, 8, 47, 5, 93, 86, 78, 45, 80, 18, 44, 20, 63, 43, 97, 91, 76, 10, 30, 71, 64, 1, 14, 17, 83, 24, 41, 60, 36, 6, 57, 40, 88, 62, 75, 79, 67, 68, 85, 46, 56, 38, 58, 19, 32, 81, 69, 48, 27, 65, 90, 99, 59, 34, 16, 72, 73, 29, 39, 98, 84, 3, 92, 25, 55, 28, 51, 61, 7, 96, 74, 70, 33, 87, 54, 21, 50, 66, 35, 12, 53, 23, 2, 11, 4, 89, 52, 49, 0, 94, 37, 13]|[2, 1, 0, 1, 0, 1, 2, 1, 1, 1, 2, 2, 2, 1, 1, 0, 0, 0, 2, 2, 0, 1, 2, 0, 1, 2, 2, 1, 2, 1, 2, 2, 0, 2, 1, 1, 1, 0, 1, 2, 1, 0, 2, 1, 0, 0, 0, 2, 2, 1, 1, 2, 1, 2, 2, 1, 0, 0, 1, 0, 1, 2, 1, 2, 1, 1, 1, 0, 1, 1, 0, 1, 1, 1, 0, 1, 1, 1, 2, 1, 2, 0, 0, 0, 0, 2, 0, 1, 0, 2, 0, 2, 1, 1, 2, 0, 0, 1, 0, 0]|[1, 3, 2, 4, 1, 2, 2, 1, 0, 4, 0, 1, 2, 4, 4, 1, 1, 2, 1, 1, 1, 1, 2, 1, 2, 1, 1, 3, 2, 3, 0, 1, 1, 1, 4, 0, 3, 2, 2, 0, 0, 2, 1, 0, 0, 1, 2, 1, 1, 1, 0, 0, 3, 2, 2, 4, 1, 1, 3, 1, 2, 1, 3, 0, 4, 3, 0, 0, 1, 1, 0, 0, 4, 4, 1, 3, 1, 3, 0, 1, 2, 2, 1, 1, 1, 0, 1, 4, 2, 0, 2, 1, 4, 1, 1, 1, 2, 4, 1, 2]|[1, 3, 1, 0, 0, 1, 0, 2, 3, 2, 0, 0, 1, 1, 1, 0, 0, 1, 0, 0, 0, 3, 1, 0, 2, 0, 0, 0, 0, 0, 1, 0, 0, 1, 3, 0, 2, 1, 1, 0, 0, 1, 0, 0, 1, 0, 0, 0, 0, 1, 3, 0, 0, 1, 0, 2, 0, 0, 2, 0, 1, 0, 2, 1, 0, 0, 1, 0, 3, 1, 1, 3, 3, 1, 0, 0, 2, 2, 0, 3, 0, 1, 0, 0, 0, 0, 1, 3, 1, 0, 0, 0, 0, 1, 0, 1, 0, 2, 0, 0],760.3905621193804,59720.61998542996,105098.40235927113,false
3,G4_BALANCED,G4_BALANCED,[73, 22, 82, 15, 26, 9, 95, 42, 77, 12, 47, 5, 93, 78, 86, 54, 85, 63, 18, 44, 20, 35, 43, 97, 91, 76, 10, 30, 21, 45, 71, 64, 1, 23, 17, 83, 24, 41, 60, 36, 6, 57, 40, 88, 65, 56, 79, 69, 67, 68, 46, 75, 38, 58, 19, 32, 81, 48, 27, 62, 87, 90, 99, 59, 11, 16, 72, 31, 70, 89, 96, 84, 3, 14, 25, 55, 28, 51, 29, 7, 33, 61, 74, 37, 39, 92, 66, 80, 94, 53, 50, 2, 8, 4, 52, 49, 0, 34, 98, 13]|[1, 1, 0, 1, 1, 0, 1, 2, 2, 1, 2, 2, 2, 1, 1, 0, 0, 0, 0, 2, 2, 0, 1, 2, 0, 1, 2, 2, 0, 0, 1, 2, 1, 2, 1, 0, 0, 1, 1, 1, 0, 1, 2, 1, 0, 2, 1, 2, 0, 0, 0, 0, 1, 1, 2, 1, 2, 1, 0, 0, 0, 1, 0, 1, 2, 1, 2, 2, 1, 1, 1, 1, 1, 0, 1, 1, 1, 0, 1, 1, 2, 1, 2, 0, 1, 0, 2, 0, 1, 0, 0, 0, 1, 0, 2, 0, 0, 2, 2, 0]|[4, 3, 2, 2, 4, 1, 2, 2, 1, 4, 0, 1, 2, 4, 4, 1, 2, 1, 2, 1, 1, 1, 1, 2, 1, 2, 1, 1, 1, 1, 3, 2, 3, 0, 4, 0, 1, 4, 0, 3, 2, 2, 0, 0, 1, 1, 0, 2, 0, 1, 2, 2, 1, 0, 0, 3, 1, 4, 1, 2, 0, 3, 1, 2, 1, 3, 0, 0, 1, 1, 3, 1, 1, 2, 4, 4, 4, 1, 3, 1, 2, 3, 0, 1, 1, 0, 0, 1, 4, 2, 1, 2, 3, 2, 1, 1, 2, 1, 0, 2]|[0, 2, 1, 1, 3, 0, 1, 0, 0, 0, 0, 0, 1, 0, 1, 0, 0, 0, 1, 0, 0, 0, 3, 1, 0, 2, 0, 0, 0, 1, 0, 0, 0, 0, 3, 0, 0, 3, 0, 2, 1, 1, 0, 0, 0, 0, 0, 0, 1, 0, 0, 0, 1, 3, 0, 0, 0, 2, 0, 1, 0, 2, 0, 1, 0, 2, 1, 0, 3, 1, 2, 3, 1, 0, 3, 3, 1, 0, 0, 2, 0, 0, 0, 0, 1, 1, 0, 0, 2, 1, 0, 0, 2, 0, 0, 1, 0, 0, 0, 0],808.9439163745462,57755.139752232935,115017.82687133108,false
3,G2_TEC,G2_TEC,[31, 22, 93, 82, 15, 26, 9, 95, 42, 77, 4, 47, 5, 78, 86, 54, 85, 63, 18, 44, 20, 49, 36, 14, 48, 50, 53, 17, 21, 45, 12, 64, 3, 23, 30, 83, 24, 8, 60, 52, 65, 27, 90, 70, 39, 87, 74, 69, 99, 68, 46, 1, 38, 2, 97, 59, 28, 41, 73, 37, 35, 79, 11, 66, 94, 32, 72, 13, 56, 34, 80, 61, 33, 98, 25, 43, 62, 96, 10, 7, 57, 6, 51, 92, 71, 67, 84, 16, 0, 81, 75, 40, 58, 55, 88, 89, 29, 76, 19, 91]|[0, 1, 2, 2, 1, 1, 2, 2, 0, 2, 1, 1, 0, 2, 1, 2, 0, 0, 0, 2, 2, 1, 0, 2, 2, 2, 2, 2, 0, 1, 1, 1, 0, 0, 1, 0, 2, 2, 2, 2, 0, 0, 1, 1, 0, 1, 0, 2, 1, 0, 0, 2, 2, 2, 2, 0, 2, 1, 1, 0, 2, 1, 2, 2, 1, 0, 1, 2, 0, 1, 0, 1, 1, 0, 1, 2, 0, 0, 1, 2, 0, 1, 0, 0, 1, 0, 0, 0, 0, 1, 2, 2, 0, 1, 1, 1, 1, 2, 2, 0]|[1, 3, 0, 0, 4, 4, 1, 1, 0, 1, 4, 2, 2, 0, 2, 1, 1, 1, 2, 1, 2, 3, 0, 1, 0, 1, 1, 1, 1, 0, 3, 2, 2, 0, 4, 1, 1, 2, 0, 1, 2, 1, 4, 4, 1, 0, 0, 2, 3, 1, 2, 1, 2, 1, 1, 2, 0, 4, 0, 1, 2, 3, 0, 0, 4, 2, 2, 2, 0, 4, 1, 3, 4, 1, 4, 1, 2, 2, 3, 1, 0, 4, 0, 1, 3, 1, 2, 2, 2, 1, 2, 0, 1, 4, 4, 4, 3, 1, 0, 1]|[1, 2, 0, 0, 3, 3, 0, 0, 0, 1, 0, 2, 0, 0, 1, 0, 0, 0, 1, 0, 0, 2, 0, 0, 0, 0, 0, 0, 0, 1, 0, 2, 0, 0, 3, 0, 1, 0, 1, 0, 0, 0, 1, 3, 0, 0, 1, 0, 2, 0, 0, 0, 0, 0, 1, 0, 0, 3, 1, 0, 0, 2, 0, 0, 2, 0, 1, 0, 1, 2, 0, 0, 1, 0, 3, 0, 1, 0, 3, 0, 1, 2, 0, 0, 0, 0, 1, 1, 0, 1, 1, 0, 0, 2, 1, 1, 0, 0, 0, 0],1059.2575890228254,55692.64286483875,133315.05149287923,false
3,G3_TWC,G3_TWC,[31, 22, 82, 15, 26, 9, 95, 42, 77, 12, 47, 5, 93, 78, 86, 54, 85, 63, 18, 44, 20, 35, 43, 97, 91, 76, 10, 30, 21, 45, 71, 64, 1, 23, 17, 83, 24, 41, 60, 36, 6, 57, 40, 88, 65, 56, 79, 69, 67, 68, 46, 75, 38, 58, 19, 32, 81, 48, 27, 62, 87, 90, 99, 59, 11, 16, 72, 73, 61, 39, 37, 84, 3, 92, 25, 55, 28, 51, 29, 7, 33, 70, 74, 96, 53, 50, 66, 80, 8, 89, 14, 2, 34, 4, 52, 49, 0, 94, 98, 13]|[2, 1, 0, 1, 1, 0, 1, 2, 2, 1, 2, 2, 2, 1, 1, 0, 0, 0, 0, 2, 2, 0, 1, 2, 0, 1, 2, 2, 0, 0, 1, 2, 1, 2, 1, 0, 2, 1, 1, 1, 0, 1, 1, 1, 0, 2, 1, 2, 0, 0, 0, 0, 1, 1, 2, 1, 2, 1, 0, 0, 0, 1, 0, 1, 2, 1, 2, 1, 1, 1, 0, 1, 1, 0, 1, 1, 1, 0, 0, 1, 1, 1, 2, 1, 0, 0, 2, 0, 1, 1, 0, 0, 2, 1, 2, 0, 0, 2, 0, 0]|[0, 3, 2, 2, 4, 1, 2, 2, 1, 4, 0, 1, 2, 4, 4, 1, 2, 1, 2, 1, 1, 1, 1, 2, 1, 2, 1, 1, 1, 1, 3, 2, 3, 0, 4, 0, 1, 4, 0, 3, 2, 2, 2, 0, 1, 1, 0, 2, 0, 1, 2, 2, 1, 0, 0, 3, 1, 4, 1, 2, 0, 3, 1, 2, 1, 3, 0, 4, 3, 0, 1, 1, 1, 0, 4, 4, 4, 1, 1, 1, 3, 1, 0, 3, 2, 1, 0, 1, 3, 1, 2, 2, 1, 4, 1, 1, 2, 2, 1, 2]|[0, 2, 1, 1, 3, 0, 1, 0, 0, 0, 0, 0, 1, 0, 1, 0, 0, 0, 1, 0, 0, 1, 3, 1, 0, 2, 0, 0, 0, 1, 0, 0, 0, 0, 3, 0, 1, 3, 0, 2, 1, 1, 1, 0, 0, 0, 0, 0, 1, 0, 0, 0, 1, 3, 0, 0, 0, 2, 0, 1, 0, 2, 0, 1, 0, 2, 1, 0, 0, 1, 0, 3, 1, 1, 3, 3, 1, 0, 0, 2, 2, 3, 0, 2, 1, 0, 0, 0, 2, 1, 0, 0, 0, 0, 0, 1, 0, 1, 0, 0],861.739685975851,58318.939044088795,108444.6188380646,false
3,G1_CMAX,G1_CMAX,[31, 95, 9, 15, 82, 22, 42, 77, 26, 8, 47, 5, 93, 86, 78, 45, 80, 18, 44, 20, 63, 43, 97, 91, 76, 10, 30, 71, 64, 1, 14, 17, 83, 24, 41, 60, 36, 6, 57, 40, 88, 62, 75, 79, 67, 68, 85, 46, 56, 38, 58, 19, 32, 81, 69, 48, 27, 65, 90, 99, 59, 34, 16, 72, 73, 29, 39, 98, 84, 3, 92, 25, 55, 28, 51, 61, 7, 96, 74, 70, 33, 87, 54, 21, 50, 66, 35, 12, 53, 23, 2, 11, 4, 89, 52, 49, 0, 94, 37, 13]|[2, 1, 0, 1, 0, 1, 2, 1, 1, 1, 2, 2, 2, 1, 1, 0, 0, 0, 2, 2, 0, 1, 2, 0, 1, 2, 2, 1, 2, 1, 2, 2, 0, 2, 1, 1, 1, 0, 1, 2, 1, 0, 2, 1, 0, 0, 0, 2, 2, 1, 1, 2, 1, 2, 2, 1, 0, 0, 1, 0, 1, 2, 1, 2, 1, 1, 1, 0, 1, 1, 0, 1, 1, 1, 0, 1, 1, 1, 2, 1, 2, 0, 0, 0, 0, 2, 0, 1, 0, 2, 0, 2, 1, 1, 2, 0, 0, 1, 0, 0]|[1, 3, 2, 4, 1, 2, 2, 1, 0, 4, 0, 1, 2, 4, 4, 1, 1, 2, 1, 1, 1, 1, 2, 1, 2, 1, 1, 3, 2, 3, 0, 1, 1, 1, 4, 0, 3, 2, 2, 0, 0, 2, 1, 0, 0, 1, 2, 1, 1, 1, 0, 0, 3, 2, 2, 4, 1, 1, 3, 1, 2, 1, 3, 0, 4, 3, 0, 0, 1, 1, 0, 0, 4, 4, 1, 3, 1, 3, 0, 1, 2, 2, 1, 1, 1, 0, 1, 4, 2, 0, 2, 1, 4, 1, 1, 1, 2, 4, 1, 2]|[1, 3, 1, 0, 0, 1, 0, 2, 3, 2, 0, 0, 1, 1, 1, 0, 0, 1, 0, 0, 0, 3, 1, 0, 2, 0, 0, 0, 0, 0, 1, 0, 0, 1, 3, 0, 2, 1, 1, 0, 0, 1, 0, 0, 1, 0, 0, 0, 0, 1, 3, 0, 0, 1, 0, 2, 0, 0, 2, 0, 1, 0, 2, 1, 0, 0, 1, 0, 3, 1, 1, 3, 3, 1, 0, 0, 2, 2, 0, 3, 0, 1, 0, 0, 0, 0, 1, 3, 1, 0, 0, 0, 0, 1, 0, 1, 0, 2, 0, 0],760.3905621193804,59720.61998542996,105098.40235927113,false
3,G4_BALANCED,G4_BALANCED,[73, 22, 82, 15, 26, 9, 95, 42, 77, 12, 47, 5, 93, 78, 86, 54, 85, 63, 18, 44, 20, 35, 43, 97, 91, 76, 10, 30, 21, 45, 71, 64, 1, 23, 17, 83, 24, 41, 60, 36, 6, 57, 40, 88, 65, 56, 79, 69, 67, 68, 46, 75, 38, 58, 19, 32, 81, 48, 27, 62, 87, 90, 99, 59, 11, 16, 72, 31, 70, 89, 96, 84, 3, 14, 25, 55, 28, 51, 29, 7, 33, 61, 74, 37, 39, 92, 66, 80, 94, 53, 50, 2, 8, 4, 52, 49, 0, 34, 98, 13]|[1, 1, 0, 1, 1, 0, 1, 2, 2, 1, 2, 2, 2, 1, 1, 0, 0, 0, 0, 2, 2, 0, 1, 2, 0, 1, 2, 2, 0, 0, 1, 2, 1, 2, 1, 0, 0, 1, 1, 1, 0, 1, 2, 1, 0, 2, 1, 2, 0, 0, 0, 0, 1, 1, 2, 1, 2, 1, 0, 0, 0, 1, 0, 1, 2, 1, 2, 2, 1, 1, 1, 1, 1, 0, 1, 1, 1, 0, 1, 1, 2, 1, 2, 0, 1, 0, 2, 0, 1, 0, 0, 0, 1, 0, 2, 0, 0, 2, 2, 0]|[4, 3, 2, 2, 4, 1, 2, 2, 1, 4, 0, 1, 2, 4, 4, 1, 2, 1, 2, 1, 1, 1, 1, 2, 1, 2, 1, 1, 1, 1, 3, 2, 3, 0, 4, 0, 1, 4, 0, 3, 2, 2, 0, 0, 1, 1, 0, 2, 0, 1, 2, 2, 1, 0, 0, 3, 1, 4, 1, 2, 0, 3, 1, 2, 1, 3, 0, 0, 1, 1, 3, 1, 1, 2, 4, 4, 4, 1, 3, 1, 2, 3, 0, 1, 1, 0, 0, 1, 4, 2, 1, 2, 3, 2, 1, 1, 2, 1, 0, 2]|[0, 2, 1, 1, 3, 0, 1, 0, 0, 0, 0, 0, 1, 0, 1, 0, 0, 0, 1, 0, 0, 0, 3, 1, 0, 2, 0, 0, 0, 1, 0, 0, 0, 0, 3, 0, 0, 3, 0, 2, 1, 1, 0, 0, 0, 0, 0, 0, 1, 0, 0, 0, 1, 3, 0, 0, 0, 2, 0, 1, 0, 2, 0, 1, 0, 2, 1, 0, 3, 1, 2, 3, 1, 0, 3, 3, 1, 0, 0, 2, 0, 0, 0, 0, 1, 1, 0, 0, 2, 1, 0, 0, 2, 0, 0, 1, 0, 0, 0, 0],808.9439163745462,57755.139752232935,115017.82687133108,false
3,G2_TEC,G2_TEC,[31, 22, 93, 82, 15, 26, 9, 95, 42, 77, 4, 47, 5, 78, 86, 54, 85, 63, 18, 44, 20, 49, 36, 14, 48, 50, 53, 17, 21, 45, 12, 64, 3, 23, 30, 83, 24, 8, 60, 52, 65, 27, 90, 70, 39, 87, 74, 69, 99, 68, 46, 1, 38, 2, 97, 59, 28, 41, 73, 37, 35, 79, 11, 66, 94, 32, 72, 13, 56, 34, 80, 61, 33, 98, 25, 43, 62, 96, 10, 7, 57, 6, 51, 92, 71, 67, 84, 16, 0, 81, 75, 40, 58, 55, 88, 89, 29, 76, 19, 91]|[0, 1, 2, 2, 1, 1, 2, 2, 0, 2, 1, 1, 0, 2, 1, 2, 0, 0, 0, 2, 2, 1, 0, 2, 2, 2, 2, 2, 0, 1, 1, 1, 0, 0, 1, 0, 2, 2, 2, 2, 0, 0, 1, 1, 0, 1, 0, 2, 1, 0, 0, 2, 2, 2, 2, 0, 2, 1, 1, 0, 2, 1, 2, 2, 1, 0, 1, 2, 0, 1, 0, 1, 1, 0, 1, 2, 0, 0, 1, 2, 0, 1, 0, 0, 1, 0, 0, 0, 0, 1, 2, 2, 0, 1, 1, 1, 1, 2, 2, 0]|[1, 3, 0, 0, 4, 4, 1, 1, 0, 1, 4, 2, 2, 0, 2, 1, 1, 1, 2, 1, 2, 3, 0, 1, 0, 1, 1, 1, 1, 0, 3, 2, 2, 0, 4, 1, 1, 2, 0, 1, 2, 1, 4, 4, 1, 0, 0, 2, 3, 1, 2, 1, 2, 1, 1, 2, 0, 4, 0, 1, 2, 3, 0, 0, 4, 2, 2, 2, 0, 4, 1, 3, 4, 1, 4, 1, 2, 2, 3, 1, 0, 4, 0, 1, 3, 1, 2, 2, 2, 1, 2, 0, 1, 4, 4, 4, 3, 1, 0, 1]|[1, 2, 0, 0, 3, 3, 0, 0, 0, 1, 0, 2, 0, 0, 1, 0, 0, 0, 1, 0, 0, 2, 0, 0, 0, 0, 0, 0, 0, 1, 0, 2, 0, 0, 3, 0, 1, 0, 1, 0, 0, 0, 1, 3, 0, 0, 1, 0, 2, 0, 0, 0, 0, 0, 1, 0, 0, 3, 1, 0, 0, 2, 0, 0, 2, 0, 1, 0, 1, 2, 0, 0, 1, 0, 3, 0, 1, 0, 3, 0, 1, 2, 0, 0, 0, 0, 1, 1, 0, 1, 1, 0, 0, 2, 1, 1, 0, 0, 0, 0],1059.2575890228254,55692.64286483875,133315.05149287923,false
3,G3_TWC,G3_TWC,[31, 22, 82, 15, 26, 9, 95, 42, 77, 12, 47, 5, 93, 78, 86, 54, 85, 63, 18, 44, 20, 35, 43, 97, 91, 76, 10, 30, 21, 45, 71, 64, 1, 23, 17, 83, 24, 41, 60, 36, 6, 57, 40, 88, 65, 56, 79, 69, 67, 68, 46, 75, 38, 58, 19, 32, 81, 48, 27, 62, 87, 90, 99, 59, 11, 16, 72, 73, 61, 39, 37, 84, 3, 92, 25, 55, 28, 51, 29, 7, 33, 70, 74, 96, 53, 50, 66, 80, 8, 89, 14, 2, 34, 4, 52, 49, 0, 94, 98, 13]|[2, 1, 0, 1, 1, 0, 1, 2, 2, 1, 2, 2, 2, 1, 1, 0, 0, 0, 0, 2, 2, 0, 1, 2, 0, 1, 2, 2, 0, 0, 1, 2, 1, 2, 1, 0, 2, 1, 1, 1, 0, 1, 1, 1, 0, 2, 1, 2, 0, 0, 0, 0, 1, 1, 2, 1, 2, 1, 0, 0, 0, 1, 0, 1, 2, 1, 2, 1, 1, 1, 0, 1, 1, 0, 1, 1, 1, 0, 0, 1, 1, 1, 2, 1, 0, 0, 2, 0, 1, 1, 0, 0, 2, 1, 2, 0, 0, 2, 0, 0]|[0, 3, 2, 2, 4, 1, 2, 2, 1, 4, 0, 1, 2, 4, 4, 1, 2, 1, 2, 1, 1, 1, 1, 2, 1, 2, 1, 1, 1, 1, 3, 2, 3, 0, 4, 0, 1, 4, 0, 3, 2, 2, 2, 0, 1, 1, 0, 2, 0, 1, 2, 2, 1, 0, 0, 3, 1, 4, 1, 2, 0, 3, 1, 2, 1, 3, 0, 4, 3, 0, 1, 1, 1, 0, 4, 4, 4, 1, 1, 1, 3, 1, 0, 3, 2, 1, 0, 1, 3, 1, 2, 2, 1, 4, 1, 1, 2, 2, 1, 2]|[0, 2, 1, 1, 3, 0, 1, 0, 0, 0, 0, 0, 1, 0, 1, 0, 0, 0, 1, 0, 0, 1, 3, 1, 0, 2, 0, 0, 0, 1, 0, 0, 0, 0, 3, 0, 1, 3, 0, 2, 1, 1, 1, 0, 0, 0, 0, 0, 1, 0, 0, 0, 1, 3, 0, 0, 0, 2, 0, 1, 0, 2, 0, 1, 0, 2, 1, 0, 0, 1, 0, 3, 1, 1, 3, 3, 1, 0, 0, 2, 2, 3, 0, 2, 1, 0, 0, 0, 2, 1, 0, 0, 0, 0, 0, 1, 0, 1, 0, 0],861.739685975851,58318.939044088795,108444.6188380646,false
3,G1_CMAX,G4_BALANCED,[31, 22, 82, 15, 26, 9, 95, 42, 77, 12, 47, 5, 93, 78, 86, 54, 85, 63, 18, 44, 20, 35, 43, 97, 91, 76, 10, 30, 21, 45, 71, 64, 1, 23, 17, 83, 24, 41, 60, 36, 6, 57, 40, 88, 65, 38, 79, 69, 67, 68, 46, 75, 56, 58, 19, 32, 81, 48, 27, 62, 87, 90, 99, 59, 11, 16, 72, 73, 70, 89, 37, 84, 3, 14, 25, 55, 28, 51, 29, 7, 96, 98, 61, 33, 39, 92, 66, 2, 94, 53, 50, 80, 8, 4, 52, 49, 0, 34, 74, 13]|[2, 1, 0, 1, 1, 0, 1, 2, 2, 1, 2, 2, 2, 1, 1, 0, 0, 0, 0, 2, 2, 0, 1, 2, 0, 1, 2, 2, 0, 0, 1, 2, 1, 2, 1, 0, 0, 1, 1, 1, 0, 1, 2, 1, 0, 1, 1, 2, 0, 0, 0, 0, 2, 1, 2, 1, 2, 1, 0, 0, 2, 1, 0, 1, 2, 1, 2, 1, 1, 1, 0, 1, 1, 0, 1, 1, 1, 0, 1, 1, 1, 2, 1, 2, 1, 0, 2, 0, 1, 0, 0, 1, 1, 0, 2, 0, 0, 2, 0, 0]|[0, 3, 2, 2, 4, 1, 2, 2, 1, 4, 0, 1, 2, 4, 4, 1, 2, 1, 2, 1, 1, 1, 1, 2, 1, 2, 1, 1, 1, 1, 3, 2, 3, 0, 4, 0, 1, 4, 0, 3, 2, 2, 0, 0, 1, 1, 0, 2, 0, 1, 2, 2, 1, 0, 0, 3, 1, 4, 1, 2, 2, 3, 1, 2, 1, 3, 0, 4, 1, 1, 1, 1, 1, 2, 4, 4, 4, 1, 3, 1, 3, 0, 3, 2, 1, 0, 0, 1, 4, 2, 1, 3, 3, 2, 1, 1, 2, 1, 1, 2]|[0, 2, 1, 1, 3, 0, 1, 0, 0, 0, 0, 0, 1, 0, 1, 0, 0, 0, 1, 0, 0, 1, 3, 1, 0, 2, 0, 0, 0, 1, 0, 0, 0, 0, 3, 0, 0, 3, 0, 2, 1, 1, 0, 0, 0, 1, 0, 0, 1, 0, 0, 0, 0, 3, 0, 0, 0, 2, 0, 1, 0, 2, 0, 1, 0, 2, 1, 0, 3, 1, 0, 3, 1, 0, 3, 3, 1, 0, 0, 2, 2, 0, 0, 0, 1, 1, 0, 0, 2, 1, 0, 0, 2, 0, 0, 1, 0, 0, 0, 0],804.9735943872694,57798.689917163574,115894.9607412459,true
3,G4_BALANCED,G4_BALANCED,[73, 22, 82, 15, 26, 9, 95, 42, 77, 12, 47, 5, 93, 78, 86, 54, 85, 63, 18, 44, 20, 35, 43, 97, 91, 76, 10, 30, 21, 45, 71, 64, 1, 23, 17, 83, 24, 41, 60, 36, 6, 57, 40, 88, 65, 56, 79, 69, 67, 68, 46, 75, 38, 58, 19, 32, 81, 48, 27, 62, 87, 90, 99, 59, 11, 16, 72, 31, 70, 89, 96, 84, 3, 14, 25, 55, 28, 51, 29, 7, 33, 61, 74, 37, 39, 92, 66, 80, 94, 53, 50, 2, 8, 4, 52, 49, 0, 34, 98, 13]|[1, 1, 0, 1, 1, 0, 1, 2, 2, 1, 2, 2, 2, 1, 1, 0, 0, 0, 0, 2, 2, 0, 1, 2, 0, 1, 2, 2, 0, 0, 1, 2, 1, 2, 1, 0, 0, 1, 1, 1, 0, 1, 2, 1, 0, 2, 1, 2, 0, 0, 0, 0, 1, 1, 2, 1, 2, 1, 0, 0, 0, 1, 0, 1, 2, 1, 2, 2, 1, 1, 1, 1, 1, 0, 1, 1, 1, 0, 1, 1, 2, 1, 2, 0, 1, 0, 2, 0, 1, 0, 0, 0, 1, 0, 2, 0, 0, 2, 2, 0]|[4, 3, 2, 2, 4, 1, 2, 2, 1, 4, 0, 1, 2, 4, 4, 1, 2, 1, 2, 1, 1, 1, 1, 2, 1, 2, 1, 1, 1, 1, 3, 2, 3, 0, 4, 0, 1, 4, 0, 3, 2, 2, 0, 0, 1, 1, 0, 2, 0, 1, 2, 2, 1, 0, 0, 3, 1, 4, 1, 2, 0, 3, 1, 2, 1, 3, 0, 0, 1, 1, 3, 1, 1, 2, 4, 4, 4, 1, 3, 1, 2, 3, 0, 1, 1, 0, 0, 1, 4, 2, 1, 2, 3, 2, 1, 1, 2, 1, 0, 2]|[0, 2, 1, 1, 3, 0, 1, 0, 0, 0, 0, 0, 1, 0, 1, 0, 0, 0, 1, 0, 0, 0, 3, 1, 0, 2, 0, 0, 0, 1, 0, 0, 0, 0, 3, 0, 0, 3, 0, 2, 1, 1, 0, 0, 0, 0, 0, 0, 1, 0, 0, 0, 1, 3, 0, 0, 0, 2, 0, 1, 0, 2, 0, 1, 0, 2, 1, 0, 3, 1, 2, 3, 1, 0, 3, 3, 1, 0, 0, 2, 0, 0, 0, 0, 1, 1, 0, 0, 2, 1, 0, 0, 2, 0, 0, 1, 0, 0, 0, 0],808.9439163745462,57755.139752232935,115017.82687133108,false
3,G2_TEC,G2_TEC,[31, 22, 82, 15, 26, 9, 95, 42, 77, 4, 47, 5, 93, 78, 86, 54, 85, 63, 18, 44, 20, 49, 36, 14, 48, 50, 53, 17, 21, 45, 71, 64, 3, 23, 30, 83, 24, 41, 60, 52, 65, 27, 90, 70, 39, 87, 74, 69, 99, 68, 46, 1, 38, 58, 97, 59, 28, 8, 73, 37, 35, 79, 11, 66, 76, 57, 72, 16, 92, 6, 80, 61, 33, 98, 32, 34, 51, 67, 10, 7, 96, 88, 84, 19, 91, 56, 12, 13, 0, 81, 75, 40, 2, 55, 43, 25, 29, 94, 89, 62]|[0, 1, 2, 1, 1, 2, 2, 0, 1, 1, 1, 0, 2, 2, 1, 2, 0, 0, 0, 2, 2, 1, 0, 2, 2, 2, 2, 1, 0, 1, 1, 1, 0, 0, 2, 0, 0, 1, 2, 2, 0, 1, 1, 1, 0, 2, 0, 2, 1, 0, 0, 2, 2, 0, 2, 0, 2, 1, 0, 0, 2, 1, 0, 0, 2, 0, 1, 1, 2, 0, 0, 1, 1, 0, 0, 1, 0, 0, 1, 2, 0, 1, 0, 2, 1, 2, 1, 0, 0, 1, 2, 2, 2, 1, 2, 1, 1, 1, 1, 0]|[1, 3, 0, 2, 4, 1, 1, 0, 2, 4, 2, 2, 1, 0, 2, 1, 1, 1, 2, 1, 2, 3, 0, 1, 0, 1, 1, 4, 1, 0, 3, 2, 2, 0, 1, 1, 1, 4, 0, 1, 2, 2, 4, 4, 1, 1, 0, 2, 3, 1, 2, 1, 2, 1, 1, 2, 0, 3, 0, 2, 2, 3, 1, 2, 1, 2, 2, 0, 2, 1, 1, 3, 4, 1, 2, 4, 0, 1, 3, 1, 2, 4, 2, 0, 3, 0, 3, 2, 2, 1, 2, 0, 1, 3, 1, 4, 3, 4, 4, 2]|[1, 2, 0, 1, 3, 0, 0, 0, 0, 0, 2, 0, 1, 0, 1, 0, 0, 0, 1, 0, 0, 2, 0, 0, 0, 0, 0, 3, 0, 1, 0, 2, 0, 0, 0, 0, 0, 3, 1, 0, 0, 1, 1, 3, 0, 0, 1, 0, 2, 0, 0, 0, 0, 0, 1, 0, 0, 0, 1, 1, 0, 2, 0, 0, 0, 1, 1, 1, 0, 0, 0, 0, 1, 0, 0, 2, 0, 0, 3, 0, 0, 1, 1, 0, 0, 0, 0, 0, 0, 1, 1, 0, 0, 0, 0, 3, 0, 2, 1, 1],972.2974863879424,55409.0698204059,133223.07570117986,false
3,G3_TWC,G3_TWC,[31, 22, 82, 15, 26, 9, 95, 42, 77, 12, 47, 5, 93, 78, 86, 54, 85, 63, 18, 44, 20, 35, 43, 97, 91, 76, 10, 30, 21, 45, 71, 64, 1, 23, 17, 83, 24, 41, 60, 36, 6, 57, 40, 88, 65, 56, 79, 69, 67, 68, 46, 75, 38, 58, 19, 32, 81, 48, 27, 62, 87, 90, 99, 59, 11, 16, 72, 73, 61, 39, 37, 84, 3, 92, 25, 55, 28, 51, 29, 7, 33, 70, 74, 96, 53, 50, 66, 80, 8, 89, 14, 2, 34, 4, 52, 49, 0, 94, 98, 13]|[2, 1, 0, 1, 1, 0, 1, 2, 2, 1, 2, 2, 2, 1, 1, 0, 0, 0, 0, 2, 2, 0, 1, 2, 0, 1, 2, 2, 0, 0, 1, 2, 1, 2, 1, 0, 2, 1, 1, 1, 0, 1, 1, 1, 0, 2, 1, 2, 0, 0, 0, 0, 1, 1, 2, 1, 2, 1, 0, 0, 0, 1, 0, 1, 2, 1, 2, 1, 1, 1, 0, 1, 1, 0, 1, 1, 1, 0, 0, 1, 1, 1, 2, 1, 0, 0, 2, 0, 1, 1, 0, 0, 2, 1, 2, 0, 0, 2, 0, 0]|[0, 3, 2, 2, 4, 1, 2, 2, 1, 4, 0, 1, 2, 4, 4, 1, 2, 1, 2, 1, 1, 1, 1, 2, 1, 2, 1, 1, 1, 1, 3, 2, 3, 0, 4, 0, 1, 4, 0, 3, 2, 2, 2, 0, 1, 1, 0, 2, 0, 1, 2, 2, 1, 0, 0, 3, 1, 4, 1, 2, 0, 3, 1, 2, 1, 3, 0, 4, 3, 0, 1, 1, 1, 0, 4, 4, 4, 1, 1, 1, 3, 1, 0, 3, 2, 1, 0, 1, 3, 1, 2, 2, 1, 4, 1, 1, 2, 2, 1, 2]|[0, 2, 1, 1, 3, 0, 1, 0, 0, 0, 0, 0, 1, 0, 1, 0, 0, 0, 1, 0, 0, 1, 3, 1, 0, 2, 0, 0, 0, 1, 0, 0, 0, 0, 3, 0, 1, 3, 0, 2, 1, 1, 1, 0, 0, 0, 0, 0, 1, 0, 0, 0, 1, 3, 0, 0, 0, 2, 0, 1, 0, 2, 0, 1, 0, 2, 1, 0, 0, 1, 0, 3, 1, 1, 3, 3, 1, 0, 0, 2, 2, 3, 0, 2, 1, 0, 0, 0, 2, 1, 0, 0, 0, 0, 0, 1, 0, 1, 0, 0],861.739685975851,58318.939044088795,108444.6188380646,false
3,G1_CMAX,G4_BALANCED,[73, 22, 82, 15, 26, 9, 95, 42, 77, 12, 47, 5, 93, 78, 86, 54, 85, 63, 18, 44, 20, 35, 43, 97, 91, 76, 10, 30, 21, 45, 71, 64, 1, 23, 17, 83, 24, 41, 60, 36, 6, 57, 40, 88, 65, 56, 79, 69, 67, 68, 46, 75, 38, 58, 19, 32, 81, 48, 27, 62, 87, 90, 99, 59, 11, 16, 72, 31, 61, 39, 37, 84, 3, 92, 25, 55, 28, 51, 29, 7, 96, 70, 74, 33, 53, 50, 66, 80, 8, 89, 2, 14, 34, 4, 52, 49, 0, 94, 98, 13]|[2, 1, 0, 1, 1, 0, 1, 2, 2, 1, 2, 2, 2, 1, 1, 0, 0, 0, 0, 2, 2, 0, 1, 2, 0, 1, 2, 2, 0, 0, 1, 2, 1, 2, 1, 0, 2, 1, 1, 1, 0, 1, 1, 1, 0, 2, 1, 2, 0, 0, 0, 0, 1, 1, 2, 1, 2, 1, 0, 0, 2, 1, 0, 1, 2, 1, 2, 1, 1, 1, 0, 1, 1, 0, 1, 1, 1, 0, 0, 1, 1, 1, 2, 1, 0, 0, 2, 0, 1, 1, 0, 0, 2, 1, 2, 0, 0, 1, 0, 0]|[0, 3, 2, 2, 4, 1, 2, 2, 1, 4, 0, 1, 2, 4, 4, 1, 2, 1, 2, 1, 1, 1, 1, 2, 1, 2, 1, 1, 1, 1, 3, 2, 3, 0, 4, 0, 1, 4, 0, 3, 2, 2, 2, 0, 1, 1, 0, 2, 0, 1, 2, 2, 1, 0, 0, 3, 2, 4, 1, 2, 2, 3, 1, 2, 1, 3, 0, 4, 3, 0, 1, 1, 1, 0, 4, 4, 4, 1, 1, 1, 3, 1, 0, 3, 2, 1, 0, 1, 3, 1, 2, 2, 1, 4, 1, 1, 2, 4, 1, 2]|[0, 2, 1, 1, 3, 0, 1, 0, 0, 0, 0, 0, 1, 0, 1, 0, 0, 0, 1, 0, 0, 0, 3, 1, 0, 2, 0, 0, 0, 1, 0, 0, 0, 0, 3, 0, 1, 3, 0, 2, 1, 1, 1, 0, 0, 0, 0, 0, 1, 0, 0, 0, 1, 3, 0, 0, 1, 2, 0, 1, 0, 2, 0, 1, 0, 2, 1, 0, 0, 1, 0, 3, 1, 1, 3, 3, 1, 0, 0, 2, 2, 3, 0, 2, 1, 0, 0, 0, 2, 1, 0, 0, 0, 0, 0, 1, 0, 2, 0, 0],790.5949553826322,58363.116843882744,109481.087392478,true
3,G4_BALANCED,G4_BALANCED,[73, 22, 82, 15, 26, 9, 95, 42, 77, 12, 47, 5, 93, 78, 86, 54, 85, 63, 18, 44, 20, 35, 43, 97, 91, 76, 10, 30, 21, 45, 71, 64, 1, 23, 17, 83, 24, 41, 60, 36, 6, 57, 40, 88, 65, 56, 79, 69, 67, 68, 46, 75, 38, 58, 19, 32, 81, 48, 27, 62, 87, 90, 99, 59, 11, 16, 72, 31, 70, 89, 96, 84, 3, 14, 25, 55, 28, 51, 29, 7, 33, 61, 74, 37, 39, 92, 66, 80, 94, 53, 50, 2, 8, 4, 52, 49, 0, 34, 98, 13]|[1, 1, 0, 1, 1, 0, 1, 2, 2, 1, 2, 2, 2, 1, 1, 0, 0, 0, 0, 2, 2, 0, 1, 2, 0, 1, 2, 2, 0, 0, 1, 2, 1, 2, 1, 0, 0, 1, 1, 1, 0, 1, 2, 1, 0, 2, 1, 2, 0, 0, 0, 0, 1, 1, 2, 1, 2, 1, 0, 0, 0, 1, 0, 1, 2, 1, 2, 2, 1, 1, 1, 1, 1, 0, 1, 1, 1, 0, 1, 1, 2, 1, 2, 0, 1, 0, 2, 0, 1, 0, 0, 0, 1, 0, 2, 0, 0, 2, 2, 0]|[4, 3, 2, 2, 4, 1, 2, 2, 1, 4, 0, 1, 2, 4, 4, 1, 2, 1, 2, 1, 1, 1, 1, 2, 1, 2, 1, 1, 1, 1, 3, 2, 3, 0, 4, 0, 1, 4, 0, 3, 2, 2, 0, 0, 1, 1, 0, 2, 0, 1, 2, 2, 1, 0, 0, 3, 1, 4, 1, 2, 0, 3, 1, 2, 1, 3, 0, 0, 1, 1, 3, 1, 1, 2, 4, 4, 4, 1, 3, 1, 2, 3, 0, 1, 1, 0, 0, 1, 4, 2, 1, 2, 3, 2, 1, 1, 2, 1, 0, 2]|[0, 2, 1, 1, 3, 0, 1, 0, 0, 0, 0, 0, 1, 0, 1, 0, 0, 0, 1, 0, 0, 0, 3, 1, 0, 2, 0, 0, 0, 1, 0, 0, 0, 0, 3, 0, 0, 3, 0, 2, 1, 1, 0, 0, 0, 0, 0, 0, 1, 0, 0, 0, 1, 3, 0, 0, 0, 2, 0, 1, 0, 2, 0, 1, 0, 2, 1, 0, 3, 1, 2, 3, 1, 0, 3, 3, 1, 0, 0, 2, 0, 0, 0, 0, 1, 1, 0, 0, 2, 1, 0, 0, 2, 0, 0, 1, 0, 0, 0, 0],808.9439163745462,57755.139752232935,115017.82687133108,false
3,G2_TEC,G2_TEC,[31, 22, 82, 15, 26, 9, 95, 42, 77, 4, 47, 5, 93, 78, 86, 54, 85, 63, 18, 44, 20, 49, 36, 14, 48, 50, 53, 17, 21, 45, 71, 64, 3, 23, 30, 83, 24, 41, 60, 52, 65, 27, 90, 70, 39, 87, 74, 69, 99, 68, 46, 1, 38, 58, 97, 59, 28, 8, 73, 37, 35, 79, 11, 66, 76, 57, 72, 16, 92, 6, 80, 61, 33, 98, 32, 34, 51, 67, 10, 7, 96, 88, 84, 19, 91, 56, 12, 13, 0, 81, 75, 40, 2, 55, 43, 25, 29, 94, 89, 62]|[0, 1, 2, 1, 1, 2, 2, 0, 1, 1, 1, 0, 2, 2, 1, 2, 0, 0, 0, 2, 2, 1, 0, 2, 2, 2, 2, 1, 0, 1, 1, 1, 0, 0, 2, 0, 0, 1, 2, 2, 0, 1, 1, 1, 0, 2, 0, 2, 1, 0, 0, 2, 2, 0, 2, 0, 2, 1, 0, 0, 2, 1, 0, 0, 2, 0, 1, 1, 2, 0, 0, 1, 1, 0, 0, 1, 0, 0, 1, 2, 0, 1, 0, 2, 1, 2, 1, 0, 0, 1, 2, 2, 2, 1, 2, 1, 1, 1, 1, 0]|[1, 3, 0, 2, 4, 1, 1, 0, 2, 4, 2, 2, 1, 0, 2, 1, 1, 1, 2, 1, 2, 3, 0, 1, 0, 1, 1, 4, 1, 0, 3, 2, 2, 0, 1, 1, 1, 4, 0, 1, 2, 2, 4, 4, 1, 1, 0, 2, 3, 1, 2, 1, 2, 1, 1, 2, 0, 3, 0, 2, 2, 3, 1, 2, 1, 2, 2, 0, 2, 1, 1, 3, 4, 1, 2, 4, 0, 1, 3, 1, 2, 4, 2, 0, 3, 0, 3, 2, 2, 1, 2, 0, 1, 3, 1, 4, 3, 4, 4, 2]|[1, 2, 0, 1, 3, 0, 0, 0, 0, 0, 2, 0, 1, 0, 1, 0, 0, 0, 1, 0, 0, 2, 0, 0, 0, 0, 0, 3, 0, 1, 0, 2, 0, 0, 0, 0, 0, 3, 1, 0, 0, 1, 1, 3, 0, 0, 1, 0, 2, 0, 0, 0, 0, 0, 1, 0, 0, 0, 1, 1, 0, 2, 0, 0, 0, 1, 1, 1, 0, 0, 0, 0, 1, 0, 0, 2, 0, 0, 3, 0, 0, 1, 1, 0, 0, 0, 0, 0, 0, 1, 1, 0, 0, 0, 0, 3, 0, 2, 1, 1],972.2974863879424,55409.0698204059,133223.07570117986,false
3,G3_TWC,G3_TWC,[31, 22, 82, 15, 26, 9, 95, 42, 77, 12, 47, 5, 93, 78, 86, 54, 85, 63, 18, 44, 20, 35, 43, 97, 91, 76, 10, 30, 21, 45, 71, 64, 1, 23, 17, 83, 24, 41, 60, 36, 6, 57, 40, 88, 65, 56, 79, 69, 67, 68, 46, 75, 38, 58, 19, 32, 81, 48, 27, 62, 87, 90, 99, 59, 11, 16, 72, 73, 61, 39, 37, 84, 3, 92, 25, 55, 28, 51, 29, 7, 33, 70, 74, 96, 53, 50, 66, 80, 8, 89, 14, 2, 34, 4, 52, 49, 0, 94, 98, 13]|[2, 1, 0, 1, 1, 0, 1, 2, 2, 1, 2, 2, 2, 1, 1, 0, 0, 0, 0, 2, 2, 0, 1, 2, 0, 1, 2, 2, 0, 0, 1, 2, 1, 2, 1, 0, 2, 1, 1, 1, 0, 1, 1, 1, 0, 2, 1, 2, 0, 0, 0, 0, 1, 1, 2, 1, 2, 1, 0, 0, 0, 1, 0, 1, 2, 1, 2, 1, 1, 1, 0, 1, 1, 0, 1, 1, 1, 0, 0, 1, 1, 1, 2, 1, 0, 0, 2, 0, 1, 1, 0, 0, 2, 1, 2, 0, 0, 2, 0, 0]|[0, 3, 2, 2, 4, 1, 2, 2, 1, 4, 0, 1, 2, 4, 4, 1, 2, 1, 2, 1, 1, 1, 1, 2, 1, 2, 1, 1, 1, 1, 3, 2, 3, 0, 4, 0, 1, 4, 0, 3, 2, 2, 2, 0, 1, 1, 0, 2, 0, 1, 2, 2, 1, 0, 0, 3, 1, 4, 1, 2, 0, 3, 1, 2, 1, 3, 0, 4, 3, 0, 1, 1, 1, 0, 4, 4, 4, 1, 1, 1, 3, 1, 0, 3, 2, 1, 0, 1, 3, 1, 2, 2, 1, 4, 1, 1, 2, 2, 1, 2]|[0, 2, 1, 1, 3, 0, 1, 0, 0, 0, 0, 0, 1, 0, 1, 0, 0, 0, 1, 0, 0, 1, 3, 1, 0, 2, 0, 0, 0, 1, 0, 0, 0, 0, 3, 0, 1, 3, 0, 2, 1, 1, 1, 0, 0, 0, 0, 0, 1, 0, 0, 0, 1, 3, 0, 0, 0, 2, 0, 1, 0, 2, 0, 1, 0, 2, 1, 0, 0, 1, 0, 3, 1, 1, 3, 3, 1, 0, 0, 2, 2, 3, 0, 2, 1, 0, 0, 0, 2, 1, 0, 0, 0, 0, 0, 1, 0, 1, 0, 0],861.739685975851,58318.939044088795,108444.6188380646,false
3,G1_CMAX,G4_BALANCED,[31, 22, 82, 15, 26, 9, 95, 42, 77, 12, 47, 5, 93, 78, 86, 54, 85, 63, 18, 44, 20, 35, 43, 97, 91, 76, 10, 30, 21, 45, 71, 64, 1, 23, 17, 83, 24, 41, 60, 36, 6, 57, 40, 88, 65, 56, 79, 69, 67, 68, 46, 75, 38, 58, 19, 32, 81, 48, 27, 62, 87, 90, 99, 59, 11, 16, 72, 73, 70, 89, 37, 84, 3, 92, 25, 55, 28, 51, 29, 7, 96, 61, 74, 33, 53, 50, 66, 80, 8, 39, 14, 2, 34, 4, 52, 49, 0, 94, 98, 13]|[2, 1, 0, 1, 1, 0, 1, 2, 2, 1, 2, 2, 2, 1, 1, 0, 0, 0, 0, 2, 2, 0, 1, 2, 0, 1, 2, 2, 0, 0, 1, 2, 1, 2, 1, 0, 2, 1, 1, 1, 0, 1, 1, 1, 0, 2, 1, 2, 0, 0, 0, 0, 1, 1, 2, 1, 2, 1, 0, 0, 2, 1, 0, 1, 2, 1, 2, 1, 1, 1, 0, 1, 1, 0, 1, 1, 1, 0, 0, 1, 1, 1, 2, 2, 0, 0, 2, 0, 1, 1, 0, 0, 2, 1, 2, 0, 0, 1, 2, 0]|[0, 3, 2, 2, 4, 1, 2, 2, 1, 4, 0, 1, 2, 4, 4, 1, 2, 1, 2, 1, 1, 1, 1, 2, 1, 2, 1, 1, 1, 1, 3, 2, 3, 0, 4, 0, 1, 4, 0, 3, 2, 2, 2, 0, 1, 1, 0, 2, 0, 1, 2, 2, 1, 0, 0, 3, 1, 4, 1, 2, 2, 3, 1, 2, 1, 3, 0, 4, 3, 1, 1, 1, 1, 0, 4, 4, 4, 1, 1, 1, 3, 3, 0, 2, 2, 1, 0, 1, 3, 1, 1, 2, 1, 4, 1, 1, 2, 4, 0, 2]|[0, 2, 1, 1, 3, 0, 1, 0, 0, 0, 0, 0, 1, 0, 1, 0, 0, 0, 1, 0, 0, 1, 3, 1, 0, 2, 0, 0, 0, 1, 0, 0, 0, 0, 3, 0, 1, 3, 0, 2, 1, 1, 1, 0, 0, 0, 0, 0, 1, 0, 0, 0, 1, 3, 0, 0, 0, 2, 0, 1, 0, 2, 0, 1, 0, 2, 1, 0, 0, 1, 0, 3, 1, 1, 3, 3, 1, 0, 0, 2, 2, 0, 0, 0, 1, 0, 0, 0, 2, 1, 0, 0, 0, 0, 0, 1, 0, 2, 0, 0],800.7764335018153,57931.80313254393,116045.28620954856,true
3,G4_BALANCED,G4_BALANCED,[73, 22, 82, 15, 26, 9, 95, 42, 77, 12, 47, 5, 93, 78, 86, 54, 85, 63, 18, 44, 20, 35, 43, 97, 91, 76, 10, 30, 21, 45, 71, 64, 1, 23, 17, 83, 24, 41, 60, 36, 6, 57, 40, 88, 65, 56, 79, 69, 67, 68, 46, 75, 38, 58, 19, 32, 81, 48, 27, 62, 87, 90, 99, 59, 11, 16, 72, 31, 70, 89, 96, 84, 3, 14, 25, 55, 28, 51, 29, 7, 33, 61, 74, 37, 39, 92, 66, 80, 94, 53, 50, 2, 8, 4, 52, 49, 0, 34, 98, 13]|[1, 1, 0, 1, 1, 0, 1, 2, 2, 1, 2, 2, 2, 1, 1, 0, 0, 0, 0, 2, 2, 0, 1, 2, 0, 1, 2, 2, 0, 0, 1, 2, 1, 2, 1, 0, 0, 1, 1, 1, 0, 1, 2, 1, 0, 2, 1, 2, 0, 0, 0, 0, 1, 1, 2, 1, 2, 1, 0, 0, 0, 1, 0, 1, 2, 1, 2, 2, 1, 1, 1, 1, 1, 0, 1, 1, 1, 0, 1, 1, 2, 1, 2, 0, 1, 0, 2, 0, 1, 0, 0, 0, 1, 0, 2, 0, 0, 2, 2, 0]|[4, 3, 2, 2, 4, 1, 2, 2, 1, 4, 0, 1, 2, 4, 4, 1, 2, 1, 2, 1, 1, 1, 1, 2, 1, 2, 1, 1, 1, 1, 3, 2, 3, 0, 4, 0, 1, 4, 0, 3, 2, 2, 0, 0, 1, 1, 0, 2, 0, 1, 2, 2, 1, 0, 0, 3, 1, 4, 1, 2, 0, 3, 1, 2, 1, 3, 0, 0, 1, 1, 3, 1, 1, 2, 4, 4, 4, 1, 3, 1, 2, 3, 0, 1, 1, 0, 0, 1, 4, 2, 1, 2, 3, 2, 1, 1, 2, 1, 0, 2]|[0, 2, 1, 1, 3, 0, 1, 0, 0, 0, 0, 0, 1, 0, 1, 0, 0, 0, 1, 0, 0, 0, 3, 1, 0, 2, 0, 0, 0, 1, 0, 0, 0, 0, 3, 0, 0, 3, 0, 2, 1, 1, 0, 0, 0, 0, 0, 0, 1, 0, 0, 0, 1, 3, 0, 0, 0, 2, 0, 1, 0, 2, 0, 1, 0, 2, 1, 0, 3, 1, 2, 3, 1, 0, 3, 3, 1, 0, 0, 2, 0, 0, 0, 0, 1, 1, 0, 0, 2, 1, 0, 0, 2, 0, 0, 1, 0, 0, 0, 0],808.9439163745462,57755.139752232935,115017.82687133108,false
3,G2_TEC,G2_TEC,[31, 22, 82, 15, 26, 9, 95, 42, 77, 4, 47, 5, 93, 78, 86, 54, 85, 63, 18, 44, 20, 49, 36, 14, 48, 50, 53, 17, 21, 45, 71, 64, 3, 23, 30, 83, 24, 41, 60, 52, 65, 27, 90, 70, 39, 87, 74, 69, 99, 68, 46, 1, 38, 58, 97, 59, 28, 8, 73, 37, 35, 79, 11, 66, 76, 57, 72, 16, 92, 6, 80, 61, 33, 98, 32, 34, 51, 67, 10, 7, 96, 88, 84, 19, 91, 56, 12, 13, 0, 81, 75, 40, 2, 55, 43, 25, 29, 94, 89, 62]|[0, 1, 2, 1, 1, 2, 2, 0, 1, 1, 1, 0, 2, 2, 1, 2, 0, 0, 0, 2, 2, 1, 0, 2, 2, 2, 2, 1, 0, 1, 1, 1, 0, 0, 2, 0, 0, 1, 2, 2, 0, 1, 1, 1, 0, 2, 0, 2, 1, 0, 0, 2, 2, 0, 2, 0, 2, 1, 0, 0, 2, 1, 0, 0, 2, 0, 1, 1, 2, 0, 0, 1, 1, 0, 0, 1, 0, 0, 1, 2, 0, 1, 0, 2, 1, 2, 1, 0, 0, 1, 2, 2, 2, 1, 2, 1, 1, 1, 1, 0]|[1, 3, 0, 2, 4, 1, 1, 0, 2, 4, 2, 2, 1, 0, 2, 1, 1, 1, 2, 1, 2, 3, 0, 1, 0, 1, 1, 4, 1, 0, 3, 2, 2, 0, 1, 1, 1, 4, 0, 1, 2, 2, 4, 4, 1, 1, 0, 2, 3, 1, 2, 1, 2, 1, 1, 2, 0, 3, 0, 2, 2, 3, 1, 2, 1, 2, 2, 0, 2, 1, 1, 3, 4, 1, 2, 4, 0, 1, 3, 1, 2, 4, 2, 0, 3, 0, 3, 2, 2, 1, 2, 0, 1, 3, 1, 4, 3, 4, 4, 2]|[1, 2, 0, 1, 3, 0, 0, 0, 0, 0, 2, 0, 1, 0, 1, 0, 0, 0, 1, 0, 0, 2, 0, 0, 0, 0, 0, 3, 0, 1, 0, 2, 0, 0, 0, 0, 0, 3, 1, 0, 0, 1, 1, 3, 0, 0, 1, 0, 2, 0, 0, 0, 0, 0, 1, 0, 0, 0, 1, 1, 0, 2, 0, 0, 0, 1, 1, 1, 0, 0, 0, 0, 1, 0, 0, 2, 0, 0, 3, 0, 0, 1, 1, 0, 0, 0, 0, 0, 0, 1, 1, 0, 0, 0, 0, 3, 0, 2, 1, 1],972.2974863879424,55409.0698204059,133223.07570117986,false
3,G3_TWC,G3_TWC,[31, 22, 82, 15, 26, 9, 95, 42, 77, 12, 47, 5, 93, 78, 86, 54, 85, 63, 18, 44, 20, 35, 43, 97, 91, 76, 10, 30, 21, 45, 71, 64, 1, 23, 17, 83, 24, 41, 60, 36, 6, 57, 40, 88, 65, 56, 79, 69, 67, 68, 46, 75, 38, 58, 19, 32, 81, 48, 27, 62, 87, 90, 99, 59, 11, 16, 72, 73, 61, 39, 37, 84, 3, 92, 25, 55, 28, 51, 29, 7, 33, 70, 74, 96, 53, 50, 66, 80, 8, 89, 14, 2, 34, 4, 52, 49, 0, 94, 98, 13]|[2, 1, 0, 1, 1, 0, 1, 2, 2, 1, 2, 2, 2, 1, 1, 0, 0, 0, 0, 2, 2, 0, 1, 2, 0, 1, 2, 2, 0, 0, 1, 2, 1, 2, 1, 0, 2, 1, 1, 1, 0, 1, 1, 1, 0, 2, 1, 2, 0, 0, 0, 0, 1, 1, 2, 1, 2, 1, 0, 0, 0, 1, 0, 1, 2, 1, 2, 1, 1, 1, 0, 1, 1, 0, 1, 1, 1, 0, 0, 1, 1, 1, 2, 1, 0, 0, 2, 0, 1, 1, 0, 0, 2, 1, 2, 0, 0, 2, 0, 0]|[0, 3, 2, 2, 4, 1, 2, 2, 1, 4, 0, 1, 2, 4, 4, 1, 2, 1, 2, 1, 1, 1, 1, 2, 1, 2, 1, 1, 1, 1, 3, 2, 3, 0, 4, 0, 1, 4, 0, 3, 2, 2, 2, 0, 1, 1, 0, 2, 0, 1, 2, 2, 1, 0, 0, 3, 1, 4, 1, 2, 0, 3, 1, 2, 1, 3, 0, 4, 3, 0, 1, 1, 1, 0, 4, 4, 4, 1, 1, 1, 3, 1, 0, 3, 2, 1, 0, 1, 3, 1, 2, 2, 1, 4, 1, 1, 2, 2, 1, 2]|[0, 2, 1, 1, 3, 0, 1, 0, 0, 0, 0, 0, 1, 0, 1, 0, 0, 0, 1, 0, 0, 1, 3, 1, 0, 2, 0, 0, 0, 1, 0, 0, 0, 0, 3, 0, 1, 3, 0, 2, 1, 1, 1, 0, 0, 0, 0, 0, 1, 0, 0, 0, 1, 3, 0, 0, 0, 2, 0, 1, 0, 2, 0, 1, 0, 2, 1, 0, 0, 1, 0, 3, 1, 1, 3, 3, 1, 0, 0, 2, 2, 3, 0, 2, 1, 0, 0, 0, 2, 1, 0, 0, 0, 0, 0, 1, 0, 1, 0, 0],861.739685975851,58318.939044088795,108444.6188380646,false
3,G1_CMAX,G4_BALANCED,[31, 22, 82, 15, 26, 9, 95, 42, 77, 12, 47, 5, 93, 78, 86, 54, 85, 63, 18, 44, 20, 35, 43, 97, 91, 76, 10, 30, 21, 45, 71, 64, 1, 23, 17, 83, 24, 41, 60, 36, 6, 57, 40, 88, 65, 56, 79, 69, 67, 68, 46, 75, 38, 58, 19, 32, 81, 48, 27, 62, 87, 90, 99, 59, 11, 16, 72, 73, 70, 89, 37, 84, 3, 92, 25, 55, 28, 51, 29, 7, 96, 61, 74, 33, 53, 50, 66, 80, 8, 39, 14, 2, 34, 4, 52, 49, 0, 94, 98, 13]|[2, 1, 0, 1, 1, 0, 1, 2, 2, 1, 2, 2, 2, 1, 1, 0, 0, 0, 0, 2, 2, 0, 1, 2, 0, 1, 2, 2, 0, 0, 1, 2, 1, 2, 1, 0, 2, 1, 1, 1, 0, 1, 1, 1, 0, 2, 1, 2, 0, 0, 0, 0, 1, 1, 2, 1, 2, 1, 0, 0, 2, 1, 0, 1, 2, 1, 2, 1, 1, 1, 0, 1, 1, 0, 1, 1, 1, 0, 0, 1, 1, 1, 2, 2, 0, 0, 2, 0, 1, 1, 0, 0, 2, 1, 2, 0, 0, 1, 2, 0]|[0, 3, 2, 2, 4, 1, 2, 2, 1, 4, 0, 1, 2, 4, 4, 1, 2, 1, 2, 1, 1, 1, 1, 2, 1, 2, 1, 1, 1, 1, 3, 2, 3, 0, 4, 0, 1, 4, 0, 3, 2, 2, 2, 0, 1, 1, 0, 2, 0, 1, 2, 2, 1, 0, 0, 3, 1, 4, 1, 2, 2, 3, 1, 2, 1, 3, 0, 4, 3, 1, 1, 1, 1, 0, 4, 4, 4, 1, 1, 1, 3, 3, 0, 2, 2, 1, 0, 1, 3, 1, 1, 2, 1, 4, 1, 1, 2, 4, 0, 2]|[0, 2, 1, 1, 3, 0, 1, 0, 0, 0, 0, 0, 1, 0, 1, 0, 0, 0, 1, 0, 0, 1, 3, 1, 0, 2, 0, 0, 0, 1, 0, 0, 0, 0, 3, 0, 1, 3, 0, 2, 1, 1, 1, 0, 0, 0, 0, 0, 1, 0, 0, 0, 1, 3, 0, 0, 0, 2, 0, 1, 0, 2, 0, 1, 0, 2, 1, 0, 0, 1, 0, 3, 1, 1, 3, 3, 1, 0, 0, 2, 2, 0, 0, 0, 1, 0, 0, 0, 2, 1, 0, 0, 0, 0, 0, 1, 0, 2, 0, 0],800.7764335018153,57931.80313254393,116045.28620954856,true
3,G4_BALANCED,G4_BALANCED,[73, 22, 82, 15, 26, 9, 95, 42, 77, 12, 47, 5, 93, 78, 86, 54, 85, 63, 18, 44, 20, 35, 43, 97, 91, 76, 10, 30, 21, 45, 71, 64, 1, 23, 17, 83, 24, 41, 60, 36, 6, 57, 40, 88, 65, 56, 79, 69, 67, 68, 46, 75, 38, 58, 19, 32, 81, 48, 27, 62, 87, 90, 99, 59, 11, 16, 72, 31, 70, 89, 96, 84, 3, 14, 25, 55, 28, 51, 29, 7, 33, 61, 74, 37, 39, 92, 66, 80, 94, 53, 50, 2, 8, 4, 52, 49, 0, 34, 98, 13]|[1, 1, 0, 1, 1, 0, 1, 2, 2, 1, 2, 2, 2, 1, 1, 0, 0, 0, 0, 2, 2, 0, 1, 2, 0, 1, 2, 2, 0, 0, 1, 2, 1, 2, 1, 0, 0, 1, 1, 1, 0, 1, 2, 1, 0, 2, 1, 2, 0, 0, 0, 0, 1, 1, 2, 1, 2, 1, 0, 0, 0, 1, 0, 1, 2, 1, 2, 2, 1, 1, 1, 1, 1, 0, 1, 1, 1, 0, 1, 1, 2, 1, 2, 0, 1, 0, 2, 0, 1, 0, 0, 0, 1, 0, 2, 0, 0, 2, 2, 0]|[4, 3, 2, 2, 4, 1, 2, 2, 1, 4, 0, 1, 2, 4, 4, 1, 2, 1, 2, 1, 1, 1, 1, 2, 1, 2, 1, 1, 1, 1, 3, 2, 3, 0, 4, 0, 1, 4, 0, 3, 2, 2, 0, 0, 1, 1, 0, 2, 0, 1, 2, 2, 1, 0, 0, 3, 1, 4, 1, 2, 0, 3, 1, 2, 1, 3, 0, 0, 1, 1, 3, 1, 1, 2, 4, 4, 4, 1, 3, 1, 2, 3, 0, 1, 1, 0, 0, 1, 4, 2, 1, 2, 3, 2, 1, 1, 2, 1, 0, 2]|[0, 2, 1, 1, 3, 0, 1, 0, 0, 0, 0, 0, 1, 0, 1, 0, 0, 0, 1, 0, 0, 0, 3, 1, 0, 2, 0, 0, 0, 1, 0, 0, 0, 0, 3, 0, 0, 3, 0, 2, 1, 1, 0, 0, 0, 0, 0, 0, 1, 0, 0, 0, 1, 3, 0, 0, 0, 2, 0, 1, 0, 2, 0, 1, 0, 2, 1, 0, 3, 1, 2, 3, 1, 0, 3, 3, 1, 0, 0, 2, 0, 0, 0, 0, 1, 1, 0, 0, 2, 1, 0, 0, 2, 0, 0, 1, 0, 0, 0, 0],808.9439163745462,57755.139752232935,115017.82687133108,false
3,G2_TEC,G2_TEC,[31, 22, 82, 15, 26, 9, 95, 42, 77, 4, 47, 5, 93, 78, 86, 54, 85, 63, 18, 44, 20, 49, 36, 14, 48, 50, 53, 17, 21, 45, 71, 64, 3, 23, 30, 83, 24, 41, 60, 52, 65, 27, 90, 70, 39, 87, 74, 69, 99, 68, 46, 1, 38, 58, 97, 59, 28, 8, 73, 37, 35, 79, 11, 66, 76, 57, 72, 16, 92, 6, 80, 61, 33, 98, 32, 34, 51, 67, 10, 7, 96, 88, 84, 19, 91, 56, 12, 13, 0, 81, 75, 40, 2, 55, 43, 25, 29, 94, 89, 62]|[0, 1, 2, 1, 1, 2, 2, 0, 1, 1, 1, 0, 2, 2, 1, 2, 0, 0, 0, 2, 2, 1, 0, 2, 2, 2, 2, 1, 0, 1, 1, 1, 0, 0, 2, 0, 0, 1, 2, 2, 0, 1, 1, 1, 0, 2, 0, 2, 1, 0, 0, 2, 2, 0, 2, 0, 2, 1, 0, 0, 2, 1, 0, 0, 2, 0, 1, 1, 2, 0, 0, 1, 1, 0, 0, 1, 0, 0, 1, 2, 0, 1, 0, 2, 1, 2, 1, 0, 0, 1, 2, 2, 2, 1, 2, 1, 1, 1, 1, 0]|[1, 3, 0, 2, 4, 1, 1, 0, 2, 4, 2, 2, 1, 0, 2, 1, 1, 1, 2, 1, 2, 3, 0, 1, 0, 1, 1, 4, 1, 0, 3, 2, 2, 0, 1, 1, 1, 4, 0, 1, 2, 2, 4, 4, 1, 1, 0, 2, 3, 1, 2, 1, 2, 1, 1, 2, 0, 3, 0, 2, 2, 3, 1, 2, 1, 2, 2, 0, 2, 1, 1, 3, 4, 1, 2, 4, 0, 1, 3, 1, 2, 4, 2, 0, 3, 0, 3, 2, 2, 1, 2, 0, 1, 3, 1, 4, 3, 4, 4, 2]|[1, 2, 0, 1, 3, 0, 0, 0, 0, 0, 2, 0, 1, 0, 1, 0, 0, 0, 1, 0, 0, 2, 0, 0, 0, 0, 0, 3, 0, 1, 0, 2, 0, 0, 0, 0, 0, 3, 1, 0, 0, 1, 1, 3, 0, 0, 1, 0, 2, 0, 0, 0, 0, 0, 1, 0, 0, 0, 1, 1, 0, 2, 0, 0, 0, 1, 1, 1, 0, 0, 0, 0, 1, 0, 0, 2, 0, 0, 3, 0, 0, 1, 1, 0, 0, 0, 0, 0, 0, 1, 1, 0, 0, 0, 0, 3, 0, 2, 1, 1],972.2974863879424,55409.0698204059,133223.07570117986,false
3,G3_TWC,G3_TWC,[31, 22, 82, 15, 26, 9, 95, 42, 77, 12, 47, 5, 93, 78, 86, 54, 85, 63, 18, 44, 20, 35, 43, 97, 91, 76, 10, 30, 21, 45, 71, 64, 1, 23, 17, 83, 24, 41, 60, 36, 6, 57, 40, 88, 65, 56, 79, 69, 67, 68, 46, 75, 38, 58, 19, 32, 81, 48, 27, 62, 87, 90, 99, 59, 11, 16, 72, 73, 61, 39, 37, 84, 3, 92, 25, 55, 28, 51, 29, 7, 33, 70, 74, 96, 53, 50, 66, 80, 8, 89, 14, 2, 34, 4, 52, 49, 0, 94, 98, 13]|[2, 1, 0, 1, 1, 0, 1, 2, 2, 1, 2, 2, 2, 1, 1, 0, 0, 0, 0, 2, 2, 0, 1, 2, 0, 1, 2, 2, 0, 0, 1, 2, 1, 2, 1, 0, 2, 1, 1, 1, 0, 1, 1, 1, 0, 2, 1, 2, 0, 0, 0, 0, 1, 1, 2, 1, 2, 1, 0, 0, 0, 1, 0, 1, 2, 1, 2, 1, 1, 1, 0, 1, 1, 0, 1, 1, 1, 0, 0, 1, 1, 1, 2, 1, 0, 0, 2, 0, 1, 1, 0, 0, 2, 1, 2, 0, 0, 2, 0, 0]|[0, 3, 2, 2, 4, 1, 2, 2, 1, 4, 0, 1, 2, 4, 4, 1, 2, 1, 2, 1, 1, 1, 1, 2, 1, 2, 1, 1, 1, 1, 3, 2, 3, 0, 4, 0, 1, 4, 0, 3, 2, 2, 2, 0, 1, 1, 0, 2, 0, 1, 2, 2, 1, 0, 0, 3, 1, 4, 1, 2, 0, 3, 1, 2, 1, 3, 0, 4, 3, 0, 1, 1, 1, 0, 4, 4, 4, 1, 1, 1, 3, 1, 0, 3, 2, 1, 0, 1, 3, 1, 2, 2, 1, 4, 1, 1, 2, 2, 1, 2]|[0, 2, 1, 1, 3, 0, 1, 0, 0, 0, 0, 0, 1, 0, 1, 0, 0, 0, 1, 0, 0, 1, 3, 1, 0, 2, 0, 0, 0, 1, 0, 0, 0, 0, 3, 0, 1, 3, 0, 2, 1, 1, 1, 0, 0, 0, 0, 0, 1, 0, 0, 0, 1, 3, 0, 0, 0, 2, 0, 1, 0, 2, 0, 1, 0, 2, 1, 0, 0, 1, 0, 3, 1, 1, 3, 3, 1, 0, 0, 2, 2, 3, 0, 2, 1, 0, 0, 0, 2, 1, 0, 0, 0, 0, 0, 1, 0, 1, 0, 0],861.739685975851,58318.939044088795,108444.6188380646,false
3,G1_CMAX,G4_BALANCED,[31, 22, 82, 15, 26, 9, 95, 42, 77, 12, 47, 5, 93, 78, 86, 54, 85, 63, 18, 44, 20, 35, 43, 97, 91, 76, 10, 30, 21, 45, 71, 64, 1, 23, 17, 83, 24, 41, 60, 36, 6, 57, 40, 88, 65, 56, 79, 69, 67, 68, 46, 75, 38, 58, 19, 32, 81, 48, 27, 62, 87, 90, 99, 59, 11, 16, 72, 73, 70, 89, 37, 84, 3, 92, 25, 55, 28, 51, 29, 7, 96, 61, 74, 33, 53, 50, 66, 80, 8, 39, 14, 2, 34, 4, 52, 49, 0, 94, 98, 13]|[2, 1, 0, 1, 1, 0, 1, 2, 2, 1, 2, 2, 2, 1, 1, 0, 0, 0, 0, 2, 2, 0, 1, 2, 0, 1, 2, 2, 0, 0, 1, 2, 1, 2, 1, 0, 2, 1, 1, 1, 0, 1, 1, 1, 0, 2, 1, 2, 0, 0, 0, 0, 1, 1, 2, 1, 2, 1, 0, 0, 2, 1, 0, 1, 2, 1, 2, 1, 1, 1, 0, 1, 1, 0, 1, 1, 1, 0, 0, 1, 1, 1, 2, 2, 0, 0, 2, 0, 1, 1, 0, 0, 2, 1, 2, 0, 0, 1, 2, 0]|[0, 3, 2, 2, 4, 1, 2, 2, 1, 4, 0, 1, 2, 4, 4, 1, 2, 1, 2, 1, 1, 1, 1, 2, 1, 2, 1, 1, 1, 1, 3, 2, 3, 0, 4, 0, 1, 4, 0, 3, 2, 2, 2, 0, 1, 1, 0, 2, 0, 1, 2, 2, 1, 0, 0, 3, 1, 4, 1, 2, 2, 3, 1, 2, 1, 3, 0, 4, 3, 1, 1, 1, 1, 0, 4, 4, 4, 1, 1, 1, 3, 3, 0, 2, 2, 1, 0, 1, 3, 1, 1, 2, 1, 4, 1, 1, 2, 4, 0, 2]|[0, 2, 1, 1, 3, 0, 1, 0, 0, 0, 0, 0, 1, 0, 1, 0, 0, 0, 1, 0, 0, 1, 3, 1, 0, 2, 0, 0, 0, 1, 0, 0, 0, 0, 3, 0, 1, 3, 0, 2, 1, 1, 1, 0, 0, 0, 0, 0, 1, 0, 0, 0, 1, 3, 0, 0, 0, 2, 0, 1, 0, 2, 0, 1, 0, 2, 1, 0, 0, 1, 0, 3, 1, 1, 3, 3, 1, 0, 0, 2, 2, 0, 0, 0, 1, 0, 0, 0, 2, 1, 0, 0, 0, 0, 0, 1, 0, 2, 0, 0],800.7764335018153,57931.80313254393,116045.28620954856,true
3,G4_BALANCED,G4_BALANCED,[73, 22, 82, 15, 26, 9, 95, 42, 77, 12, 47, 5, 93, 78, 86, 54, 85, 63, 18, 44, 20, 35, 43, 97, 91, 76, 10, 30, 21, 45, 71, 64, 1, 23, 17, 83, 24, 41, 60, 36, 6, 57, 40, 88, 65, 56, 79, 69, 67, 68, 46, 75, 38, 58, 19, 32, 81, 48, 27, 62, 87, 90, 99, 59, 11, 16, 72, 31, 70, 89, 96, 84, 3, 14, 25, 55, 28, 51, 29, 7, 33, 61, 74, 37, 39, 92, 66, 80, 94, 53, 50, 2, 8, 4, 52, 49, 0, 34, 98, 13]|[1, 1, 0, 1, 1, 0, 1, 2, 2, 1, 2, 2, 2, 1, 1, 0, 0, 0, 0, 2, 2, 0, 1, 2, 0, 1, 2, 2, 0, 0, 1, 2, 1, 2, 1, 0, 0, 1, 1, 1, 0, 1, 2, 1, 0, 2, 1, 2, 0, 0, 0, 0, 1, 1, 2, 1, 2, 1, 0, 0, 0, 1, 0, 1, 2, 1, 2, 2, 1, 1, 1, 1, 1, 0, 1, 1, 1, 0, 1, 1, 2, 1, 2, 0, 1, 0, 2, 0, 1, 0, 0, 0, 1, 0, 2, 0, 0, 2, 2, 0]|[4, 3, 2, 2, 4, 1, 2, 2, 1, 4, 0, 1, 2, 4, 4, 1, 2, 1, 2, 1, 1, 1, 1, 2, 1, 2, 1, 1, 1, 1, 3, 2, 3, 0, 4, 0, 1, 4, 0, 3, 2, 2, 0, 0, 1, 1, 0, 2, 0, 1, 2, 2, 1, 0, 0, 3, 1, 4, 1, 2, 0, 3, 1, 2, 1, 3, 0, 0, 1, 1, 3, 1, 1, 2, 4, 4, 4, 1, 3, 1, 2, 3, 0, 1, 1, 0, 0, 1, 4, 2, 1, 2, 3, 2, 1, 1, 2, 1, 0, 2]|[0, 2, 1, 1, 3, 0, 1, 0, 0, 0, 0, 0, 1, 0, 1, 0, 0, 0, 1, 0, 0, 0, 3, 1, 0, 2, 0, 0, 0, 1, 0, 0, 0, 0, 3, 0, 0, 3, 0, 2, 1, 1, 0, 0, 0, 0, 0, 0, 1, 0, 0, 0, 1, 3, 0, 0, 0, 2, 0, 1, 0, 2, 0, 1, 0, 2, 1, 0, 3, 1, 2, 3, 1, 0, 3, 3, 1, 0, 0, 2, 0, 0, 0, 0, 1, 1, 0, 0, 2, 1, 0, 0, 2, 0, 0, 1, 0, 0, 0, 0],808.9439163745462,57755.139752232935,115017.82687133108,false
3,G2_TEC,G2_TEC,[31, 22, 82, 15, 26, 9, 95, 42, 77, 4, 47, 5, 93, 78, 86, 54, 85, 63, 18, 44, 20, 49, 36, 14, 48, 50, 53, 17, 21, 45, 71, 64, 3, 23, 30, 83, 24, 41, 60, 52, 65, 27, 90, 70, 39, 87, 74, 69, 99, 68, 46, 1, 38, 58, 97, 59, 28, 8, 73, 37, 35, 79, 11, 66, 76, 57, 72, 16, 92, 6, 80, 61, 33, 98, 32, 34, 51, 67, 10, 7, 96, 88, 84, 19, 91, 56, 12, 13, 0, 81, 75, 40, 2, 55, 43, 25, 29, 94, 89, 62]|[0, 1, 2, 1, 1, 2, 2, 0, 1, 1, 1, 0, 2, 2, 1, 2, 0, 0, 0, 2, 2, 1, 0, 2, 2, 2, 2, 1, 0, 1, 1, 1, 0, 0, 2, 0, 0, 1, 2, 2, 0, 1, 1, 1, 0, 2, 0, 2, 1, 0, 0, 2, 2, 0, 2, 0, 2, 1, 0, 0, 2, 1, 0, 0, 2, 0, 1, 1, 2, 0, 0, 1, 1, 0, 0, 1, 0, 0, 1, 2, 0, 1, 0, 2, 1, 2, 1, 0, 0, 1, 2, 2, 2, 1, 2, 1, 1, 1, 1, 0]|[1, 3, 0, 2, 4, 1, 1, 0, 2, 4, 2, 2, 1, 0, 2, 1, 1, 1, 2, 1, 2, 3, 0, 1, 0, 1, 1, 4, 1, 0, 3, 2, 2, 0, 1, 1, 1, 4, 0, 1, 2, 2, 4, 4, 1, 1, 0, 2, 3, 1, 2, 1, 2, 1, 1, 2, 0, 3, 0, 2, 2, 3, 1, 2, 1, 2, 2, 0, 2, 1, 1, 3, 4, 1, 2, 4, 0, 1, 3, 1, 2, 4, 2, 0, 3, 0, 3, 2, 2, 1, 2, 0, 1, 3, 1, 4, 3, 4, 4, 2]|[1, 2, 0, 1, 3, 0, 0, 0, 0, 0, 2, 0, 1, 0, 1, 0, 0, 0, 1, 0, 0, 2, 0, 0, 0, 0, 0, 3, 0, 1, 0, 2, 0, 0, 0, 0, 0, 3, 1, 0, 0, 1, 1, 3, 0, 0, 1, 0, 2, 0, 0, 0, 0, 0, 1, 0, 0, 0, 1, 1, 0, 2, 0, 0, 0, 1, 1, 1, 0, 0, 0, 0, 1, 0, 0, 2, 0, 0, 3, 0, 0, 1, 1, 0, 0, 0, 0, 0, 0, 1, 1, 0, 0, 0, 0, 3, 0, 2, 1, 1],972.2974863879424,55409.0698204059,133223.07570117986,false
3,G3_TWC,G3_TWC,[31, 22, 82, 15, 26, 9, 95, 42, 77, 12, 47, 5, 93, 78, 86, 54, 85, 63, 18, 44, 20, 35, 43, 97, 91, 76, 10, 30, 21, 45, 71, 64, 1, 23, 17, 83, 24, 41, 60, 36, 6, 57, 40, 88, 65, 56, 79, 69, 67, 68, 46, 75, 38, 58, 19, 32, 81, 48, 27, 62, 87, 90, 99, 59, 11, 16, 72, 73, 61, 39, 37, 84, 3, 92, 25, 55, 28, 51, 29, 7, 33, 70, 74, 96, 53, 50, 66, 80, 8, 89, 14, 2, 34, 4, 52, 49, 0, 94, 98, 13]|[2, 1, 0, 1, 1, 0, 1, 2, 2, 1, 2, 2, 2, 1, 1, 0, 0, 0, 0, 2, 2, 0, 1, 2, 0, 1, 2, 2, 0, 0, 1, 2, 1, 2, 1, 0, 2, 1, 1, 1, 0, 1, 1, 1, 0, 2, 1, 2, 0, 0, 0, 0, 1, 1, 2, 1, 2, 1, 0, 0, 0, 1, 0, 1, 2, 1, 2, 1, 1, 1, 0, 1, 1, 0, 1, 1, 1, 0, 0, 1, 1, 1, 2, 1, 0, 0, 2, 0, 1, 1, 0, 0, 2, 1, 2, 0, 0, 2, 0, 0]|[0, 3, 2, 2, 4, 1, 2, 2, 1, 4, 0, 1, 2, 4, 4, 1, 2, 1, 2, 1, 1, 1, 1, 2, 1, 2, 1, 1, 1, 1, 3, 2, 3, 0, 4, 0, 1, 4, 0, 3, 2, 2, 2, 0, 1, 1, 0, 2, 0, 1, 2, 2, 1, 0, 0, 3, 1, 4, 1, 2, 0, 3, 1, 2, 1, 3, 0, 4, 3, 0, 1, 1, 1, 0, 4, 4, 4, 1, 1, 1, 3, 1, 0, 3, 2, 1, 0, 1, 3, 1, 2, 2, 1, 4, 1, 1, 2, 2, 1, 2]|[0, 2, 1, 1, 3, 0, 1, 0, 0, 0, 0, 0, 1, 0, 1, 0, 0, 0, 1, 0, 0, 1, 3, 1, 0, 2, 0, 0, 0, 1, 0, 0, 0, 0, 3, 0, 1, 3, 0, 2, 1, 1, 1, 0, 0, 0, 0, 0, 1, 0, 0, 0, 1, 3, 0, 0, 0, 2, 0, 1, 0, 2, 0, 1, 0, 2, 1, 0, 0, 1, 0, 3, 1, 1, 3, 3, 1, 0, 0, 2, 2, 3, 0, 2, 1, 0, 0, 0, 2, 1, 0, 0, 0, 0, 0, 1, 0, 1, 0, 0],861.739685975851,58318.939044088795,108444.6188380646,false
3,G1_CMAX,G4_BALANCED,[31, 22, 82, 15, 26, 9, 95, 42, 77, 12, 47, 5, 93, 78, 86, 54, 85, 63, 18, 44, 20, 35, 43, 97, 91, 76, 10, 30, 21, 45, 71, 64, 1, 23, 17, 83, 24, 41, 60, 36, 6, 57, 40, 88, 65, 56, 79, 69, 67, 68, 46, 75, 38, 58, 19, 32, 81, 48, 27, 62, 87, 90, 99, 59, 11, 16, 72, 73, 70, 89, 37, 84, 3, 92, 25, 55, 28, 51, 29, 7, 96, 61, 74, 33, 53, 50, 66, 80, 8, 39, 14, 2, 34, 4, 52, 49, 0, 94, 98, 13]|[2, 1, 0, 1, 1, 0, 1, 2, 2, 1, 2, 2, 2, 1, 1, 0, 0, 0, 0, 2, 2, 0, 1, 2, 0, 1, 2, 2, 0, 0, 1, 2, 1, 2, 1, 0, 2, 1, 1, 1, 0, 1, 1, 1, 0, 2, 1, 2, 0, 0, 0, 0, 1, 1, 2, 1, 2, 1, 0, 0, 2, 1, 0, 1, 2, 1, 2, 1, 1, 1, 0, 1, 1, 0, 1, 1, 1, 0, 0, 1, 1, 1, 2, 2, 0, 0, 2, 0, 1, 1, 0, 0, 2, 1, 2, 0, 0, 1, 2, 0]|[0, 3, 2, 2, 4, 1, 2, 2, 1, 4, 0, 1, 2, 4, 4, 1, 2, 1, 2, 1, 1, 1, 1, 2, 1, 2, 1, 1, 1, 1, 3, 2, 3, 0, 4, 0, 1, 4, 0, 3, 2, 2, 2, 0, 1, 1, 0, 2, 0, 1, 2, 2, 1, 0, 0, 3, 1, 4, 1, 2, 2, 3, 1, 2, 1, 3, 0, 4, 3, 1, 1, 1, 1, 0, 4, 4, 4, 1, 1, 1, 3, 3, 0, 2, 2, 1, 0, 1, 3, 1, 1, 2, 1, 4, 1, 1, 2, 4, 0, 2]|[0, 2, 1, 1, 3, 0, 1, 0, 0, 0, 0, 0, 1, 0, 1, 0, 0, 0, 1, 0, 0, 1, 3, 1, 0, 2, 0, 0, 0, 1, 0, 0, 0, 0, 3, 0, 1, 3, 0, 2, 1, 1, 1, 0, 0, 0, 0, 0, 1, 0, 0, 0, 1, 3, 0, 0, 0, 2, 0, 1, 0, 2, 0, 1, 0, 2, 1, 0, 0, 1, 0, 3, 1, 1, 3, 3, 1, 0, 0, 2, 2, 0, 0, 0, 1, 0, 0, 0, 2, 1, 0, 0, 0, 0, 0, 1, 0, 2, 0, 0],800.7764335018153,57931.80313254393,116045.28620954856,true
3,G4_BALANCED,G4_BALANCED,[73, 22, 82, 15, 26, 9, 95, 42, 77, 12, 47, 5, 93, 78, 86, 54, 85, 63, 18, 44, 20, 35, 43, 97, 91, 76, 10, 30, 21, 45, 71, 64, 1, 23, 17, 83, 24, 41, 60, 36, 6, 57, 40, 88, 65, 56, 79, 69, 67, 68, 46, 75, 38, 58, 19, 32, 81, 48, 27, 62, 87, 90, 99, 59, 11, 16, 72, 31, 70, 89, 96, 84, 3, 14, 25, 55, 28, 51, 29, 7, 33, 61, 74, 37, 39, 92, 66, 80, 94, 53, 50, 2, 8, 4, 52, 49, 0, 34, 98, 13]|[1, 1, 0, 1, 1, 0, 1, 2, 2, 1, 2, 2, 2, 1, 1, 0, 0, 0, 0, 2, 2, 0, 1, 2, 0, 1, 2, 2, 0, 0, 1, 2, 1, 2, 1, 0, 0, 1, 1, 1, 0, 1, 2, 1, 0, 2, 1, 2, 0, 0, 0, 0, 1, 1, 2, 1, 2, 1, 0, 0, 0, 1, 0, 1, 2, 1, 2, 2, 1, 1, 1, 1, 1, 0, 1, 1, 1, 0, 1, 1, 2, 1, 2, 0, 1, 0, 2, 0, 1, 0, 0, 0, 1, 0, 2, 0, 0, 2, 2, 0]|[4, 3, 2, 2, 4, 1, 2, 2, 1, 4, 0, 1, 2, 4, 4, 1, 2, 1, 2, 1, 1, 1, 1, 2, 1, 2, 1, 1, 1, 1, 3, 2, 3, 0, 4, 0, 1, 4, 0, 3, 2, 2, 0, 0, 1, 1, 0, 2, 0, 1, 2, 2, 1, 0, 0, 3, 1, 4, 1, 2, 0, 3, 1, 2, 1, 3, 0, 0, 1, 1, 3, 1, 1, 2, 4, 4, 4, 1, 3, 1, 2, 3, 0, 1, 1, 0, 0, 1, 4, 2, 1, 2, 3, 2, 1, 1, 2, 1, 0, 2]|[0, 2, 1, 1, 3, 0, 1, 0, 0, 0, 0, 0, 1, 0, 1, 0, 0, 0, 1, 0, 0, 0, 3, 1, 0, 2, 0, 0, 0, 1, 0, 0, 0, 0, 3, 0, 0, 3, 0, 2, 1, 1, 0, 0, 0, 0, 0, 0, 1, 0, 0, 0, 1, 3, 0, 0, 0, 2, 0, 1, 0, 2, 0, 1, 0, 2, 1, 0, 3, 1, 2, 3, 1, 0, 3, 3, 1, 0, 0, 2, 0, 0, 0, 0, 1, 1, 0, 0, 2, 1, 0, 0, 2, 0, 0, 1, 0, 0, 0, 0],808.9439163745462,57755.139752232935,115017.82687133108,false
3,G2_TEC,G2_TEC,[31, 22, 82, 15, 26, 9, 95, 42, 77, 4, 47, 5, 93, 78, 86, 54, 85, 63, 18, 44, 20, 49, 36, 14, 48, 50, 53, 17, 21, 45, 71, 64, 3, 23, 30, 83, 24, 41, 60, 52, 65, 27, 90, 70, 39, 87, 74, 69, 99, 68, 46, 1, 38, 58, 97, 59, 28, 8, 73, 37, 35, 79, 11, 66, 76, 57, 72, 16, 92, 6, 80, 61, 33, 98, 32, 34, 51, 67, 10, 7, 96, 88, 84, 19, 91, 56, 12, 13, 0, 81, 75, 40, 2, 55, 43, 25, 29, 94, 89, 62]|[0, 1, 2, 1, 1, 2, 2, 0, 1, 1, 1, 0, 2, 2, 1, 2, 0, 0, 0, 2, 2, 1, 0, 2, 2, 2, 2, 1, 0, 1, 1, 1, 0, 0, 2, 0, 0, 1, 2, 2, 0, 1, 1, 1, 0, 2, 0, 2, 1, 0, 0, 2, 2, 0, 2, 0, 2, 1, 0, 0, 2, 1, 0, 0, 2, 0, 1, 1, 2, 0, 0, 1, 1, 0, 0, 1, 0, 0, 1, 2, 0, 1, 0, 2, 1, 2, 1, 0, 0, 1, 2, 2, 2, 1, 2, 1, 1, 1, 1, 0]|[1, 3, 0, 2, 4, 1, 1, 0, 2, 4, 2, 2, 1, 0, 2, 1, 1, 1, 2, 1, 2, 3, 0, 1, 0, 1, 1, 4, 1, 0, 3, 2, 2, 0, 1, 1, 1, 4, 0, 1, 2, 2, 4, 4, 1, 1, 0, 2, 3, 1, 2, 1, 2, 1, 1, 2, 0, 3, 0, 2, 2, 3, 1, 2, 1, 2, 2, 0, 2, 1, 1, 3, 4, 1, 2, 4, 0, 1, 3, 1, 2, 4, 2, 0, 3, 0, 3, 2, 2, 1, 2, 0, 1, 3, 1, 4, 3, 4, 4, 2]|[1, 2, 0, 1, 3, 0, 0, 0, 0, 0, 2, 0, 1, 0, 1, 0, 0, 0, 1, 0, 0, 2, 0, 0, 0, 0, 0, 3, 0, 1, 0, 2, 0, 0, 0, 0, 0, 3, 1, 0, 0, 1, 1, 3, 0, 0, 1, 0, 2, 0, 0, 0, 0, 0, 1, 0, 0, 0, 1, 1, 0, 2, 0, 0, 0, 1, 1, 1, 0, 0, 0, 0, 1, 0, 0, 2, 0, 0, 3, 0, 0, 1, 1, 0, 0, 0, 0, 0, 0, 1, 1, 0, 0, 0, 0, 3, 0, 2, 1, 1],972.2974863879424,55409.0698204059,133223.07570117986,false
3,G3_TWC,G3_TWC,[31, 22, 82, 15, 26, 9, 95, 42, 77, 12, 47, 5, 93, 78, 86, 54, 85, 63, 18, 44, 20, 35, 43, 97, 91, 76, 10, 30, 21, 45, 71, 64, 1, 23, 17, 83, 24, 41, 60, 36, 6, 57, 40, 88, 65, 56, 79, 69, 67, 68, 46, 75, 38, 58, 19, 32, 81, 48, 27, 62, 87, 90, 99, 59, 11, 16, 72, 73, 61, 39, 37, 84, 3, 92, 25, 55, 28, 51, 29, 7, 33, 70, 74, 96, 53, 50, 66, 80, 8, 89, 14, 2, 34, 4, 52, 49, 0, 94, 98, 13]|[2, 1, 0, 1, 1, 0, 1, 2, 2, 1, 2, 2, 2, 1, 1, 0, 0, 0, 0, 2, 2, 0, 1, 2, 0, 1, 2, 2, 0, 0, 1, 2, 1, 2, 1, 0, 2, 1, 1, 1, 0, 1, 1, 1, 0, 2, 1, 2, 0, 0, 0, 0, 1, 1, 2, 1, 2, 1, 0, 0, 0, 1, 0, 1, 2, 1, 2, 1, 1, 1, 0, 1, 1, 0, 1, 1, 1, 0, 0, 1, 1, 1, 2, 1, 0, 0, 2, 0, 1, 1, 0, 0, 2, 1, 2, 0, 0, 2, 0, 0]|[0, 3, 2, 2, 4, 1, 2, 2, 1, 4, 0, 1, 2, 4, 4, 1, 2, 1, 2, 1, 1, 1, 1, 2, 1, 2, 1, 1, 1, 1, 3, 2, 3, 0, 4, 0, 1, 4, 0, 3, 2, 2, 2, 0, 1, 1, 0, 2, 0, 1, 2, 2, 1, 0, 0, 3, 1, 4, 1, 2, 0, 3, 1, 2, 1, 3, 0, 4, 3, 0, 1, 1, 1, 0, 4, 4, 4, 1, 1, 1, 3, 1, 0, 3, 2, 1, 0, 1, 3, 1, 2, 2, 1, 4, 1, 1, 2, 2, 1, 2]|[0, 2, 1, 1, 3, 0, 1, 0, 0, 0, 0, 0, 1, 0, 1, 0, 0, 0, 1, 0, 0, 1, 3, 1, 0, 2, 0, 0, 0, 1, 0, 0, 0, 0, 3, 0, 1, 3, 0, 2, 1, 1, 1, 0, 0, 0, 0, 0, 1, 0, 0, 0, 1, 3, 0, 0, 0, 2, 0, 1, 0, 2, 0, 1, 0, 2, 1, 0, 0, 1, 0, 3, 1, 1, 3, 3, 1, 0, 0, 2, 2, 3, 0, 2, 1, 0, 0, 0, 2, 1, 0, 0, 0, 0, 0, 1, 0, 1, 0, 0],861.739685975851,58318.939044088795,108444.6188380646,false
3,G1_CMAX,G4_BALANCED,[31, 22, 82, 15, 26, 9, 95, 42, 77, 12, 47, 5, 93, 78, 86, 54, 85, 63, 18, 44, 20, 35, 43, 97, 91, 76, 10, 30, 21, 45, 71, 64, 1, 23, 17, 83, 24, 41, 60, 36, 6, 57, 40, 88, 65, 56, 79, 69, 67, 68, 46, 75, 38, 58, 19, 32, 81, 48, 27, 62, 87, 90, 99, 59, 11, 16, 72, 73, 70, 89, 37, 84, 3, 92, 25, 55, 28, 51, 29, 7, 96, 61, 74, 33, 53, 50, 66, 80, 8, 39, 14, 2, 34, 4, 52, 49, 0, 94, 98, 13]|[2, 1, 0, 1, 1, 0, 1, 2, 2, 1, 2, 2, 2, 1, 1, 0, 0, 0, 0, 2, 2, 0, 1, 2, 0, 1, 2, 2, 0, 0, 1, 2, 1, 2, 1, 0, 2, 1, 1, 1, 0, 1, 1, 1, 0, 2, 1, 2, 0, 0, 0, 0, 1, 1, 2, 1, 2, 1, 0, 0, 2, 1, 0, 1, 2, 1, 2, 1, 1, 1, 0, 1, 1, 0, 1, 1, 1, 0, 0, 1, 1, 1, 2, 2, 0, 0, 2, 0, 1, 1, 0, 0, 2, 1, 2, 0, 0, 1, 2, 0]|[0, 3, 2, 2, 4, 1, 2, 2, 1, 4, 0, 1, 2, 4, 4, 1, 2, 1, 2, 1, 1, 1, 1, 2, 1, 2, 1, 1, 1, 1, 3, 2, 3, 0, 4, 0, 1, 4, 0, 3, 2, 2, 2, 0, 1, 1, 0, 2, 0, 1, 2, 2, 1, 0, 0, 3, 1, 4, 1, 2, 2, 3, 1, 2, 1, 3, 0, 4, 3, 1, 1, 1, 1, 0, 4, 4, 4, 1, 1, 1, 3, 3, 0, 2, 2, 1, 0, 1, 3, 1, 1, 2, 1, 4, 1, 1, 2, 4, 0, 2]|[0, 2, 1, 1, 3, 0, 1, 0, 0, 0, 0, 0, 1, 0, 1, 0, 0, 0, 1, 0, 0, 1, 3, 1, 0, 2, 0, 0, 0, 1, 0, 0, 0, 0, 3, 0, 1, 3, 0, 2, 1, 1, 1, 0, 0, 0, 0, 0, 1, 0, 0, 0, 1, 3, 0, 0, 0, 2, 0, 1, 0, 2, 0, 1, 0, 2, 1, 0, 0, 1, 0, 3, 1, 1, 3, 3, 1, 0, 0, 2, 2, 0, 0, 0, 1, 0, 0, 0, 2, 1, 0, 0, 0, 0, 0, 1, 0, 2, 0, 0],800.7764335018153,57931.80313254393,116045.28620954856,true
3,G4_BALANCED,G4_BALANCED,[73, 22, 82, 15, 26, 9, 95, 42, 77, 12, 47, 5, 93, 78, 86, 54, 85, 63, 18, 44, 20, 35, 43, 97, 91, 76, 10, 30, 21, 45, 71, 64, 1, 23, 17, 83, 24, 41, 60, 36, 6, 57, 40, 88, 65, 56, 79, 69, 67, 68, 46, 75, 38, 58, 19, 32, 81, 48, 27, 62, 87, 90, 99, 59, 11, 16, 72, 31, 70, 89, 96, 84, 3, 14, 25, 55, 28, 51, 29, 7, 33, 61, 74, 37, 39, 92, 66, 80, 94, 53, 50, 2, 8, 4, 52, 49, 0, 34, 98, 13]|[1, 1, 0, 1, 1, 0, 1, 2, 2, 1, 2, 2, 2, 1, 1, 0, 0, 0, 0, 2, 2, 0, 1, 2, 0, 1, 2, 2, 0, 0, 1, 2, 1, 2, 1, 0, 0, 1, 1, 1, 0, 1, 2, 1, 0, 2, 1, 2, 0, 0, 0, 0, 1, 1, 2, 1, 2, 1, 0, 0, 0, 1, 0, 1, 2, 1, 2, 2, 1, 1, 1, 1, 1, 0, 1, 1, 1, 0, 1, 1, 2, 1, 2, 0, 1, 0, 2, 0, 1, 0, 0, 0, 1, 0, 2, 0, 0, 2, 2, 0]|[4, 3, 2, 2, 4, 1, 2, 2, 1, 4, 0, 1, 2, 4, 4, 1, 2, 1, 2, 1, 1, 1, 1, 2, 1, 2, 1, 1, 1, 1, 3, 2, 3, 0, 4, 0, 1, 4, 0, 3, 2, 2, 0, 0, 1, 1, 0, 2, 0, 1, 2, 2, 1, 0, 0, 3, 1, 4, 1, 2, 0, 3, 1, 2, 1, 3, 0, 0, 1, 1, 3, 1, 1, 2, 4, 4, 4, 1, 3, 1, 2, 3, 0, 1, 1, 0, 0, 1, 4, 2, 1, 2, 3, 2, 1, 1, 2, 1, 0, 2]|[0, 2, 1, 1, 3, 0, 1, 0, 0, 0, 0, 0, 1, 0, 1, 0, 0, 0, 1, 0, 0, 0, 3, 1, 0, 2, 0, 0, 0, 1, 0, 0, 0, 0, 3, 0, 0, 3, 0, 2, 1, 1, 0, 0, 0, 0, 0, 0, 1, 0, 0, 0, 1, 3, 0, 0, 0, 2, 0, 1, 0, 2, 0, 1, 0, 2, 1, 0, 3, 1, 2, 3, 1, 0, 3, 3, 1, 0, 0, 2, 0, 0, 0, 0, 1, 1, 0, 0, 2, 1, 0, 0, 2, 0, 0, 1, 0, 0, 0, 0],808.9439163745462,57755.139752232935,115017.82687133108,false
3,G2_TEC,G2_TEC,[31, 22, 82, 15, 26, 9, 95, 42, 77, 4, 47, 5, 93, 78, 86, 54, 85, 63, 18, 44, 20, 49, 36, 14, 48, 50, 53, 17, 21, 45, 71, 64, 3, 23, 30, 83, 24, 41, 60, 52, 65, 27, 90, 70, 39, 87, 74, 69, 99, 68, 46, 1, 38, 58, 97, 59, 28, 8, 73, 37, 35, 79, 11, 66, 76, 57, 72, 16, 92, 6, 80, 61, 33, 98, 32, 34, 51, 67, 10, 7, 56, 43, 62, 19, 91, 13, 29, 96, 0, 81, 75, 40, 2, 55, 88, 25, 12, 94, 89, 84]|[0, 1, 2, 1, 1, 2, 2, 0, 1, 1, 1, 0, 2, 2, 1, 2, 0, 0, 0, 2, 2, 1, 0, 2, 2, 2, 2, 1, 0, 1, 1, 1, 0, 0, 2, 0, 2, 1, 2, 2, 0, 1, 1, 1, 0, 2, 0, 2, 1, 0, 0, 2, 2, 0, 2, 0, 2, 1, 0, 0, 2, 1, 0, 0, 2, 0, 1, 1, 0, 0, 0, 1, 1, 0, 0, 1, 0, 0, 1, 2, 2, 2, 0, 2, 1, 0, 1, 0, 0, 1, 2, 2, 2, 1, 1, 1, 1, 1, 1, 0]|[1, 3, 0, 2, 4, 1, 1, 0, 2, 4, 2, 2, 1, 0, 2, 1, 1, 1, 2, 1, 2, 3, 0, 1, 0, 1, 1, 4, 1, 0, 3, 2, 2, 0, 1, 1, 1, 4, 0, 1, 2, 2, 4, 4, 1, 1, 0, 2, 3, 1, 2, 1, 2, 1, 1, 2, 0, 3, 0, 2, 2, 3, 1, 2, 1, 2, 4, 0, 0, 1, 1, 3, 4, 1, 2, 4, 0, 1, 3, 1, 0, 1, 2, 0, 3, 2, 3, 2, 2, 1, 2, 0, 1, 3, 4, 4, 3, 4, 4, 2]|[1, 2, 0, 1, 3, 0, 0, 0, 0, 0, 2, 0, 1, 0, 1, 0, 0, 0, 1, 0, 0, 2, 0, 0, 0, 0, 0, 3, 0, 1, 0, 2, 0, 0, 0, 0, 1, 3, 1, 0, 0, 1, 1, 3, 0, 0, 1, 0, 2, 0, 0, 0, 0, 0, 1, 0, 0, 0, 1, 1, 0, 2, 0, 0, 0, 1, 2, 1, 1, 0, 0, 0, 1, 0, 0, 2, 0, 0, 3, 0, 0, 0, 1, 0, 0, 0, 0, 0, 0, 1, 1, 0, 0, 0, 1, 3, 0, 2, 1, 1],964.5999201164345,55335.330859542846,127695.30227055156,false
3,G3_TWC,G3_TWC,[31, 22, 82, 15, 26, 9, 95, 42, 77, 12, 47, 5, 93, 78, 86, 54, 85, 63, 18, 44, 20, 35, 43, 97, 91, 76, 10, 30, 21, 45, 71, 64, 1, 23, 17, 83, 24, 41, 60, 36, 6, 57, 40, 88, 65, 56, 79, 69, 67, 68, 46, 75, 38, 58, 19, 32, 81, 48, 27, 62, 87, 90, 99, 59, 11, 16, 72, 73, 61, 39, 37, 84, 3, 92, 25, 55, 28, 51, 29, 7, 33, 70, 74, 96, 53, 50, 66, 80, 8, 89, 14, 2, 34, 4, 52, 49, 0, 94, 98, 13]|[2, 1, 0, 1, 1, 0, 1, 2, 2, 1, 2, 2, 2, 1, 1, 0, 0, 0, 0, 2, 2, 0, 1, 2, 0, 1, 2, 2, 0, 0, 1, 2, 1, 2, 1, 0, 2, 1, 1, 1, 0, 1, 1, 1, 0, 2, 1, 2, 0, 0, 0, 0, 1, 1, 2, 1, 2, 1, 0, 0, 0, 1, 0, 1, 2, 1, 2, 1, 1, 1, 0, 1, 1, 0, 1, 1, 1, 0, 0, 1, 1, 1, 2, 1, 0, 0, 2, 0, 1, 1, 0, 0, 2, 1, 2, 0, 0, 2, 0, 0]|[0, 3, 2, 2, 4, 1, 2, 2, 1, 4, 0, 1, 2, 4, 4, 1, 2, 1, 2, 1, 1, 1, 1, 2, 1, 2, 1, 1, 1, 1, 3, 2, 3, 0, 4, 0, 1, 4, 0, 3, 2, 2, 2, 0, 1, 1, 0, 2, 0, 1, 2, 2, 1, 0, 0, 3, 1, 4, 1, 2, 0, 3, 1, 2, 1, 3, 0, 4, 3, 0, 1, 1, 1, 0, 4, 4, 4, 1, 1, 1, 3, 1, 0, 3, 2, 1, 0, 1, 3, 1, 2, 2, 1, 4, 1, 1, 2, 2, 1, 2]|[0, 2, 1, 1, 3, 0, 1, 0, 0, 0, 0, 0, 1, 0, 1, 0, 0, 0, 1, 0, 0, 1, 3, 1, 0, 2, 0, 0, 0, 1, 0, 0, 0, 0, 3, 0, 1, 3, 0, 2, 1, 1, 1, 0, 0, 0, 0, 0, 1, 0, 0, 0, 1, 3, 0, 0, 0, 2, 0, 1, 0, 2, 0, 1, 0, 2, 1, 0, 0, 1, 0, 3, 1, 1, 3, 3, 1, 0, 0, 2, 2, 3, 0, 2, 1, 0, 0, 0, 2, 1, 0, 0, 0, 0, 0, 1, 0, 1, 0, 0],861.739685975851,58318.939044088795,108444.6188380646,false
3,G1_CMAX,G4_BALANCED,[31, 22, 82, 15, 26, 9, 95, 42, 77, 12, 47, 5, 93, 78, 86, 54, 85, 63, 18, 44, 20, 35, 43, 97, 91, 76, 10, 30, 21, 45, 71, 64, 1, 23, 17, 83, 24, 41, 60, 36, 6, 57, 40, 88, 65, 56, 79, 69, 67, 68, 46, 75, 38, 58, 19, 32, 81, 48, 27, 62, 87, 90, 99, 59, 11, 16, 72, 73, 70, 89, 37, 84, 3, 92, 25, 55, 28, 51, 29, 7, 96, 61, 74, 33, 53, 50, 66, 80, 8, 39, 14, 2, 34, 4, 52, 49, 0, 94, 98, 13]|[2, 1, 0, 1, 1, 0, 1, 2, 2, 1, 2, 2, 2, 1, 1, 0, 0, 0, 0, 2, 2, 0, 1, 2, 0, 1, 2, 2, 0, 0, 1, 2, 1, 2, 1, 0, 2, 1, 1, 1, 0, 1, 1, 1, 0, 2, 1, 2, 0, 0, 0, 0, 1, 1, 2, 1, 2, 1, 0, 0, 2, 1, 0, 1, 2, 1, 2, 1, 1, 1, 0, 1, 1, 0, 1, 1, 1, 0, 0, 1, 1, 1, 2, 2, 0, 0, 2, 0, 1, 1, 0, 0, 2, 1, 2, 0, 0, 1, 2, 0]|[0, 3, 2, 2, 4, 1, 2, 2, 1, 4, 0, 1, 2, 4, 4, 1, 2, 1, 2, 1, 1, 1, 1, 2, 1, 2, 1, 1, 1, 1, 3, 2, 3, 0, 4, 0, 1, 4, 0, 3, 2, 2, 2, 0, 1, 1, 0, 2, 0, 1, 2, 2, 1, 0, 0, 3, 1, 4, 1, 2, 2, 3, 1, 2, 1, 3, 0, 4, 3, 1, 1, 1, 1, 0, 4, 4, 4, 1, 1, 1, 3, 3, 0, 2, 2, 1, 0, 1, 3, 1, 1, 2, 1, 4, 1, 1, 2, 4, 0, 2]|[0, 2, 1, 1, 3, 0, 1, 0, 0, 0, 0, 0, 1, 0, 1, 0, 0, 0, 1, 0, 0, 1, 3, 1, 0, 2, 0, 0, 0, 1, 0, 0, 0, 0, 3, 0, 1, 3, 0, 2, 1, 1, 1, 0, 0, 0, 0, 0, 1, 0, 0, 0, 1, 3, 0, 0, 0, 2, 0, 1, 0, 2, 0, 1, 0, 2, 1, 0, 0, 1, 0, 3, 1, 1, 3, 3, 1, 0, 0, 2, 2, 0, 0, 0, 1, 0, 0, 0, 2, 1, 0, 0, 0, 0, 0, 1, 0, 2, 0, 0],800.7764335018153,57931.80313254393,116045.28620954856,true
3,G4_BALANCED,G4_BALANCED,[73, 22, 82, 15, 26, 9, 95, 42, 77, 12, 47, 5, 93, 78, 86, 54, 85, 63, 18, 44, 20, 35, 43, 97, 91, 76, 10, 30, 21, 45, 71, 64, 1, 23, 17, 83, 24, 41, 60, 36, 6, 57, 40, 88, 65, 56, 79, 69, 67, 68, 46, 75, 38, 58, 19, 32, 81, 48, 27, 62, 87, 90, 99, 59, 11, 16, 72, 31, 70, 89, 96, 84, 3, 14, 25, 55, 28, 51, 29, 7, 33, 61, 74, 37, 39, 92, 66, 80, 94, 53, 50, 2, 8, 4, 52, 49, 0, 34, 98, 13]|[1, 1, 0, 1, 1, 0, 1, 2, 2, 1, 2, 2, 2, 1, 1, 0, 0, 0, 0, 2, 2, 0, 1, 2, 0, 1, 2, 2, 0, 0, 1, 2, 1, 2, 1, 0, 0, 1, 1, 1, 0, 1, 2, 1, 0, 2, 1, 2, 0, 0, 0, 0, 1, 1, 2, 1, 2, 1, 0, 0, 0, 1, 0, 1, 2, 1, 2, 2, 1, 1, 1, 1, 1, 0, 1, 1, 1, 0, 1, 1, 2, 1, 2, 0, 1, 0, 2, 0, 1, 0, 0, 0, 1, 0, 2, 0, 0, 2, 2, 0]|[4, 3, 2, 2, 4, 1, 2, 2, 1, 4, 0, 1, 2, 4, 4, 1, 2, 1, 2, 1, 1, 1, 1, 2, 1, 2, 1, 1, 1, 1, 3, 2, 3, 0, 4, 0, 1, 4, 0, 3, 2, 2, 0, 0, 1, 1, 0, 2, 0, 1, 2, 2, 1, 0, 0, 3, 1, 4, 1, 2, 0, 3, 1, 2, 1, 3, 0, 0, 1, 1, 3, 1, 1, 2, 4, 4, 4, 1, 3, 1, 2, 3, 0, 1, 1, 0, 0, 1, 4, 2, 1, 2, 3, 2, 1, 1, 2, 1, 0, 2]|[0, 2, 1, 1, 3, 0, 1, 0, 0, 0, 0, 0, 1, 0, 1, 0, 0, 0, 1, 0, 0, 0, 3, 1, 0, 2, 0, 0, 0, 1, 0, 0, 0, 0, 3, 0, 0, 3, 0, 2, 1, 1, 0, 0, 0, 0, 0, 0, 1, 0, 0, 0, 1, 3, 0, 0, 0, 2, 0, 1, 0, 2, 0, 1, 0, 2, 1, 0, 3, 1, 2, 3, 1, 0, 3, 3, 1, 0, 0, 2, 0, 0, 0, 0, 1, 1, 0, 0, 2, 1, 0, 0, 2, 0, 0, 1, 0, 0, 0, 0],808.9439163745462,57755.139752232935,115017.82687133108,false
3,G2_TEC,G2_TEC,[31, 22, 82, 15, 26, 9, 95, 42, 77, 4, 47, 5, 93, 78, 86, 54, 85, 63, 18, 44, 20, 49, 36, 14, 48, 50, 53, 17, 21, 45, 71, 64, 3, 23, 30, 83, 24, 41, 60, 52, 65, 27, 90, 70, 39, 87, 74, 69, 99, 68, 46, 1, 38, 58, 97, 59, 28, 8, 73, 37, 35, 79, 11, 66, 76, 57, 72, 16, 92, 6, 80, 61, 33, 98, 32, 34, 51, 67, 10, 7, 56, 43, 62, 19, 91, 13, 29, 96, 0, 81, 75, 40, 2, 55, 88, 25, 12, 94, 89, 84]|[0, 1, 2, 1, 1, 2, 2, 0, 1, 1, 1, 0, 2, 2, 1, 2, 0, 0, 0, 2, 2, 1, 0, 2, 2, 2, 2, 1, 0, 1, 1, 1, 0, 0, 2, 0, 2, 1, 2, 2, 0, 1, 1, 1, 0, 2, 0, 2, 1, 0, 0, 2, 2, 0, 2, 0, 2, 1, 0, 0, 2, 1, 0, 0, 2, 0, 1, 1, 0, 0, 0, 1, 1, 0, 0, 1, 0, 0, 1, 2, 2, 2, 0, 2, 1, 0, 1, 0, 0, 1, 2, 2, 2, 1, 1, 1, 1, 1, 1, 0]|[1, 3, 0, 2, 4, 1, 1, 0, 2, 4, 2, 2, 1, 0, 2, 1, 1, 1, 2, 1, 2, 3, 0, 1, 0, 1, 1, 4, 1, 0, 3, 2, 2, 0, 1, 1, 1, 4, 0, 1, 2, 2, 4, 4, 1, 1, 0, 2, 3, 1, 2, 1, 2, 1, 1, 2, 0, 3, 0, 2, 2, 3, 1, 2, 1, 2, 4, 0, 0, 1, 1, 3, 4, 1, 2, 4, 0, 1, 3, 1, 0, 1, 2, 0, 3, 2, 3, 2, 2, 1, 2, 0, 1, 3, 4, 4, 3, 4, 4, 2]|[1, 2, 0, 1, 3, 0, 0, 0, 0, 0, 2, 0, 1, 0, 1, 0, 0, 0, 1, 0, 0, 2, 0, 0, 0, 0, 0, 3, 0, 1, 0, 2, 0, 0, 0, 0, 1, 3, 1, 0, 0, 1, 1, 3, 0, 0, 1, 0, 2, 0, 0, 0, 0, 0, 1, 0, 0, 0, 1, 1, 0, 2, 0, 0, 0, 1, 2, 1, 1, 0, 0, 0, 1, 0, 0, 2, 0, 0, 3, 0, 0, 0, 1, 0, 0, 0, 0, 0, 0, 1, 1, 0, 0, 0, 1, 3, 0, 2, 1, 1],964.5999201164345,55335.330859542846,127695.30227055156,false
3,G3_TWC,G3_TWC,[31, 22, 82, 15, 26, 9, 95, 42, 77, 12, 47, 5, 93, 78, 86, 54, 85, 63, 18, 44, 20, 35, 43, 97, 91, 76, 10, 30, 21, 45, 71, 64, 1, 23, 17, 83, 24, 41, 60, 36, 6, 57, 40, 88, 65, 56, 79, 69, 67, 68, 46, 75, 38, 58, 19, 32, 81, 48, 27, 62, 87, 90, 99, 59, 11, 16, 72, 73, 61, 39, 37, 84, 3, 92, 25, 55, 28, 51, 29, 7, 33, 70, 74, 96, 53, 50, 66, 80, 8, 89, 14, 2, 34, 4, 52, 49, 0, 94, 98, 13]|[2, 1, 0, 1, 1, 0, 1, 2, 2, 1, 2, 2, 2, 1, 1, 0, 0, 0, 0, 2, 2, 0, 1, 2, 0, 1, 2, 2, 0, 0, 1, 2, 1, 2, 1, 0, 2, 1, 1, 1, 0, 1, 1, 1, 0, 2, 1, 2, 0, 0, 0, 0, 1, 1, 2, 1, 2, 1, 0, 0, 0, 1, 0, 1, 2, 1, 2, 1, 1, 1, 0, 1, 1, 0, 1, 1, 1, 0, 0, 1, 1, 1, 2, 1, 0, 0, 2, 0, 1, 1, 0, 0, 2, 1, 2, 0, 0, 2, 0, 0]|[0, 3, 2, 2, 4, 1, 2, 2, 1, 4, 0, 1, 2, 4, 4, 1, 2, 1, 2, 1, 1, 1, 1, 2, 1, 2, 1, 1, 1, 1, 3, 2, 3, 0, 4, 0, 1, 4, 0, 3, 2, 2, 2, 0, 1, 1, 0, 2, 0, 1, 2, 2, 1, 0, 0, 3, 1, 4, 1, 2, 0, 3, 1, 2, 1, 3, 0, 4, 3, 0, 1, 1, 1, 0, 4, 4, 4, 1, 1, 1, 3, 1, 0, 3, 2, 1, 0, 1, 3, 1, 2, 2, 1, 4, 1, 1, 2, 2, 1, 2]|[0, 2, 1, 1, 3, 0, 1, 0, 0, 0, 0, 0, 1, 0, 1, 0, 0, 0, 1, 0, 0, 1, 3, 1, 0, 2, 0, 0, 0, 1, 0, 0, 0, 0, 3, 0, 1, 3, 0, 2, 1, 1, 1, 0, 0, 0, 0, 0, 1, 0, 0, 0, 1, 3, 0, 0, 0, 2, 0, 1, 0, 2, 0, 1, 0, 2, 1, 0, 0, 1, 0, 3, 1, 1, 3, 3, 1, 0, 0, 2, 2, 3, 0, 2, 1, 0, 0, 0, 2, 1, 0, 0, 0, 0, 0, 1, 0, 1, 0, 0],861.739685975851,58318.939044088795,108444.6188380646,false
3,G1_CMAX,G4_BALANCED,[31, 22, 82, 15, 26, 9, 95, 42, 77, 12, 47, 5, 93, 78, 86, 54, 85, 63, 18, 44, 20, 35, 43, 97, 91, 76, 10, 30, 21, 45, 71, 64, 1, 23, 17, 83, 24, 41, 60, 36, 6, 57, 40, 88, 65, 56, 79, 69, 67, 68, 46, 75, 38, 58, 19, 32, 81, 48, 27, 62, 87, 90, 99, 59, 11, 16, 72, 73, 70, 89, 37, 84, 3, 92, 25, 55, 28, 51, 29, 7, 96, 61, 74, 33, 53, 50, 66, 80, 8, 39, 14, 2, 34, 4, 52, 49, 0, 94, 98, 13]|[2, 1, 0, 1, 1, 0, 1, 2, 2, 1, 2, 2, 2, 1, 1, 0, 0, 0, 0, 2, 2, 0, 1, 2, 0, 1, 2, 2, 0, 0, 1, 2, 1, 2, 1, 0, 2, 1, 1, 1, 0, 1, 1, 1, 0, 2, 1, 2, 0, 0, 0, 0, 1, 1, 2, 1, 2, 1, 0, 0, 2, 1, 0, 1, 2, 1, 2, 1, 1, 1, 0, 1, 1, 0, 1, 1, 1, 0, 0, 1, 1, 1, 2, 2, 0, 0, 2, 0, 1, 1, 0, 0, 2, 1, 2, 0, 0, 1, 2, 0]|[0, 3, 2, 2, 4, 1, 2, 2, 1, 4, 0, 1, 2, 4, 4, 1, 2, 1, 2, 1, 1, 1, 1, 2, 1, 2, 1, 1, 1, 1, 3, 2, 3, 0, 4, 0, 1, 4, 0, 3, 2, 2, 2, 0, 1, 1, 0, 2, 0, 1, 2, 2, 1, 0, 0, 3, 1, 4, 1, 2, 2, 3, 1, 2, 1, 3, 0, 4, 3, 1, 1, 1, 1, 0, 4, 4, 4, 1, 1, 1, 3, 3, 0, 2, 2, 1, 0, 1, 3, 1, 1, 2, 1, 4, 1, 1, 2, 4, 0, 2]|[0, 2, 1, 1, 3, 0, 1, 0, 0, 0, 0, 0, 1, 0, 1, 0, 0, 0, 1, 0, 0, 1, 3, 1, 0, 2, 0, 0, 0, 1, 0, 0, 0, 0, 3, 0, 1, 3, 0, 2, 1, 1, 1, 0, 0, 0, 0, 0, 1, 0, 0, 0, 1, 3, 0, 0, 0, 2, 0, 1, 0, 2, 0, 1, 0, 2, 1, 0, 0, 1, 0, 3, 1, 1, 3, 3, 1, 0, 0, 2, 2, 0, 0, 0, 1, 0, 0, 0, 2, 1, 0, 0, 0, 0, 0, 1, 0, 2, 0, 0],800.7764335018153,57931.80313254393,116045.28620954856,true
3,G4_BALANCED,G4_BALANCED,[73, 22, 82, 15, 26, 9, 95, 42, 77, 12, 47, 5, 93, 78, 86, 54, 85, 63, 18, 44, 20, 35, 43, 97, 91, 76, 10, 30, 21, 45, 71, 64, 1, 23, 17, 83, 24, 41, 60, 36, 6, 57, 40, 88, 65, 56, 79, 69, 67, 68, 46, 75, 38, 58, 19, 32, 81, 48, 27, 62, 87, 90, 99, 59, 11, 16, 72, 31, 70, 89, 96, 84, 3, 14, 25, 55, 28, 51, 29, 7, 33, 61, 74, 37, 39, 92, 66, 80, 94, 53, 50, 2, 8, 4, 52, 49, 0, 34, 98, 13]|[1, 1, 0, 1, 1, 0, 1, 2, 2, 1, 2, 2, 2, 1, 1, 0, 0, 0, 0, 2, 2, 0, 1, 2, 0, 1, 2, 2, 0, 0, 1, 2, 1, 2, 1, 0, 0, 1, 1, 1, 0, 1, 2, 1, 0, 2, 1, 2, 0, 0, 0, 0, 1, 1, 2, 1, 2, 1, 0, 0, 0, 1, 0, 1, 2, 1, 2, 2, 1, 1, 1, 1, 1, 0, 1, 1, 1, 0, 1, 1, 2, 1, 2, 0, 1, 0, 2, 0, 1, 0, 0, 0, 1, 0, 2, 0, 0, 2, 2, 0]|[4, 3, 2, 2, 4, 1, 2, 2, 1, 4, 0, 1, 2, 4, 4, 1, 2, 1, 2, 1, 1, 1, 1, 2, 1, 2, 1, 1, 1, 1, 3, 2, 3, 0, 4, 0, 1, 4, 0, 3, 2, 2, 0, 0, 1, 1, 0, 2, 0, 1, 2, 2, 1, 0, 0, 3, 1, 4, 1, 2, 0, 3, 1, 2, 1, 3, 0, 0, 1, 1, 3, 1, 1, 2, 4, 4, 4, 1, 3, 1, 2, 3, 0, 1, 1, 0, 0, 1, 4, 2, 1, 2, 3, 2, 1, 1, 2, 1, 0, 2]|[0, 2, 1, 1, 3, 0, 1, 0, 0, 0, 0, 0, 1, 0, 1, 0, 0, 0, 1, 0, 0, 0, 3, 1, 0, 2, 0, 0, 0, 1, 0, 0, 0, 0, 3, 0, 0, 3, 0, 2, 1, 1, 0, 0, 0, 0, 0, 0, 1, 0, 0, 0, 1, 3, 0, 0, 0, 2, 0, 1, 0, 2, 0, 1, 0, 2, 1, 0, 3, 1, 2, 3, 1, 0, 3, 3, 1, 0, 0, 2, 0, 0, 0, 0, 1, 1, 0, 0, 2, 1, 0, 0, 2, 0, 0, 1, 0, 0, 0, 0],808.9439163745462,57755.139752232935,115017.82687133108,false
3,G2_TEC,G2_TEC,[31, 22, 82, 15, 26, 9, 95, 42, 77, 4, 47, 5, 93, 78, 86, 54, 85, 63, 18, 44, 20, 49, 36, 14, 48, 50, 53, 17, 21, 45, 71, 64, 3, 23, 30, 83, 24, 41, 60, 52, 65, 27, 90, 70, 39, 87, 74, 69, 99, 68, 46, 1, 38, 58, 97, 59, 28, 8, 73, 37, 35, 79, 11, 66, 76, 57, 72, 16, 92, 6, 80, 61, 33, 98, 32, 34, 51, 67, 10, 7, 56, 43, 62, 19, 91, 13, 29, 96, 0, 81, 75, 40, 2, 55, 88, 25, 12, 94, 89, 84]|[0, 1, 2, 1, 1, 2, 2, 0, 1, 1, 1, 0, 2, 2, 1, 2, 0, 0, 0, 2, 2, 1, 0, 2, 2, 2, 2, 1, 0, 1, 1, 1, 0, 0, 2, 0, 2, 1, 2, 2, 0, 1, 1, 1, 0, 2, 0, 2, 1, 0, 0, 2, 2, 0, 2, 0, 2, 1, 0, 0, 2, 1, 0, 0, 2, 0, 1, 1, 0, 0, 0, 1, 1, 0, 0, 1, 0, 0, 1, 2, 2, 2, 0, 2, 1, 0, 1, 0, 0, 1, 2, 2, 2, 1, 1, 1, 1, 1, 1, 0]|[1, 3, 0, 2, 4, 1, 1, 0, 2, 4, 2, 2, 1, 0, 2, 1, 1, 1, 2, 1, 2, 3, 0, 1, 0, 1, 1, 4, 1, 0, 3, 2, 2, 0, 1, 1, 1, 4, 0, 1, 2, 2, 4, 4, 1, 1, 0, 2, 3, 1, 2, 1, 2, 1, 1, 2, 0, 3, 0, 2, 2, 3, 1, 2, 1, 2, 4, 0, 0, 1, 1, 3, 4, 1, 2, 4, 0, 1, 3, 1, 0, 1, 2, 0, 3, 2, 3, 2, 2, 1, 2, 0, 1, 3, 4, 4, 3, 4, 4, 2]|[1, 2, 0, 1, 3, 0, 0, 0, 0, 0, 2, 0, 1, 0, 1, 0, 0, 0, 1, 0, 0, 2, 0, 0, 0, 0, 0, 3, 0, 1, 0, 2, 0, 0, 0, 0, 1, 3, 1, 0, 0, 1, 1, 3, 0, 0, 1, 0, 2, 0, 0, 0, 0, 0, 1, 0, 0, 0, 1, 1, 0, 2, 0, 0, 0, 1, 2, 1, 1, 0, 0, 0, 1, 0, 0, 2, 0, 0, 3, 0, 0, 0, 1, 0, 0, 0, 0, 0, 0, 1, 1, 0, 0, 0, 1, 3, 0, 2, 1, 1],964.5999201164345,55335.330859542846,127695.30227055156,false
3,G3_TWC,G3_TWC,[31, 22, 82, 15, 26, 9, 95, 42, 77, 12, 47, 5, 93, 78, 86, 54, 85, 63, 18, 44, 20, 35, 43, 97, 91, 76, 10, 30, 21, 45, 71, 64, 1, 23, 17, 83, 24, 41, 60, 36, 6, 57, 40, 88, 65, 56, 79, 69, 67, 68, 46, 75, 38, 58, 19, 32, 81, 48, 27, 62, 87, 90, 99, 59, 11, 16, 72, 73, 61, 39, 37, 84, 3, 92, 25, 55, 28, 51, 29, 7, 33, 70, 74, 96, 53, 50, 66, 80, 8, 89, 14, 2, 34, 4, 52, 49, 0, 94, 98, 13]|[2, 1, 0, 1, 1, 0, 1, 2, 2, 1, 2, 2, 2, 1, 1, 0, 0, 0, 0, 2, 2, 0, 1, 2, 0, 1, 2, 2, 0, 0, 1, 2, 1, 2, 1, 0, 2, 1, 1, 1, 0, 1, 1, 1, 0, 2, 1, 2, 0, 0, 0, 0, 1, 1, 2, 1, 2, 1, 0, 0, 0, 1, 0, 1, 2, 1, 2, 1, 1, 1, 0, 1, 1, 0, 1, 1, 1, 0, 0, 1, 1, 1, 2, 1, 0, 0, 2, 0, 1, 1, 0, 0, 2, 1, 2, 0, 0, 2, 0, 0]|[0, 3, 2, 2, 4, 1, 2, 2, 1, 4, 0, 1, 2, 4, 4, 1, 2, 1, 2, 1, 1, 1, 1, 2, 1, 2, 1, 1, 1, 1, 3, 2, 3, 0, 4, 0, 1, 4, 0, 3, 2, 2, 2, 0, 1, 1, 0, 2, 0, 1, 2, 2, 1, 0, 0, 3, 1, 4, 1, 2, 0, 3, 1, 2, 1, 3, 0, 4, 3, 0, 1, 1, 1, 0, 4, 4, 4, 1, 1, 1, 3, 1, 0, 3, 2, 1, 0, 1, 3, 1, 2, 2, 1, 4, 1, 1, 2, 2, 1, 2]|[0, 2, 1, 1, 3, 0, 1, 0, 0, 0, 0, 0, 1, 0, 1, 0, 0, 0, 1, 0, 0, 1, 3, 1, 0, 2, 0, 0, 0, 1, 0, 0, 0, 0, 3, 0, 1, 3, 0, 2, 1, 1, 1, 0, 0, 0, 0, 0, 1, 0, 0, 0, 1, 3, 0, 0, 0, 2, 0, 1, 0, 2, 0, 1, 0, 2, 1, 0, 0, 1, 0, 3, 1, 1, 3, 3, 1, 0, 0, 2, 2, 3, 0, 2, 1, 0, 0, 0, 2, 1, 0, 0, 0, 0, 0, 1, 0, 1, 0, 0],861.739685975851,58318.939044088795,108444.6188380646,false
3,G1_CMAX,G4_BALANCED,[31, 22, 82, 15, 26, 9, 95, 42, 77, 12, 47, 5, 93, 78, 86, 54, 85, 63, 18, 44, 20, 35, 43, 97, 91, 76, 10, 30, 21, 45, 71, 64, 1, 23, 17, 83, 24, 41, 60, 36, 6, 57, 40, 88, 65, 56, 79, 69, 67, 68, 46, 75, 38, 58, 19, 32, 81, 48, 27, 62, 87, 90, 99, 59, 11, 16, 72, 73, 70, 89, 37, 84, 3, 92, 25, 55, 28, 51, 29, 7, 96, 61, 74, 33, 53, 50, 66, 80, 8, 39, 14, 2, 34, 4, 52, 49, 0, 94, 98, 13]|[2, 1, 0, 1, 1, 0, 1, 2, 2, 1, 2, 2, 2, 1, 1, 0, 0, 0, 0, 2, 2, 0, 1, 2, 0, 1, 2, 2, 0, 0, 1, 2, 1, 2, 1, 0, 2, 1, 1, 1, 0, 1, 1, 1, 0, 2, 1, 2, 0, 0, 0, 0, 1, 1, 2, 1, 2, 1, 0, 0, 2, 1, 0, 1, 2, 1, 2, 1, 1, 1, 0, 1, 1, 0, 1, 1, 1, 0, 0, 1, 1, 1, 2, 2, 0, 0, 2, 0, 1, 1, 0, 0, 2, 1, 2, 0, 0, 1, 2, 0]|[0, 3, 2, 2, 4, 1, 2, 2, 1, 4, 0, 1, 2, 4, 4, 1, 2, 1, 2, 1, 1, 1, 1, 2, 1, 2, 1, 1, 1, 1, 3, 2, 3, 0, 4, 0, 1, 4, 0, 3, 2, 2, 2, 0, 1, 1, 0, 2, 0, 1, 2, 2, 1, 0, 0, 3, 1, 4, 1, 2, 2, 3, 1, 2, 1, 3, 0, 4, 3, 1, 1, 1, 1, 0, 4, 4, 4, 1, 1, 1, 3, 3, 0, 2, 2, 1, 0, 1, 3, 1, 1, 2, 1, 4, 1, 1, 2, 4, 0, 2]|[0, 2, 1, 1, 3, 0, 1, 0, 0, 0, 0, 0, 1, 0, 1, 0, 0, 0, 1, 0, 0, 1, 3, 1, 0, 2, 0, 0, 0, 1, 0, 0, 0, 0, 3, 0, 1, 3, 0, 2, 1, 1, 1, 0, 0, 0, 0, 0, 1, 0, 0, 0, 1, 3, 0, 0, 0, 2, 0, 1, 0, 2, 0, 1, 0, 2, 1, 0, 0, 1, 0, 3, 1, 1, 3, 3, 1, 0, 0, 2, 2, 0, 0, 0, 1, 0, 0, 0, 2, 1, 0, 0, 0, 0, 0, 1, 0, 2, 0, 0],800.7764335018153,57931.80313254393,116045.28620954856,true
3,G4_BALANCED,G4_BALANCED,[73, 22, 82, 15, 26, 9, 95, 42, 77, 12, 47, 5, 93, 78, 86, 54, 85, 63, 18, 44, 20, 35, 43, 97, 91, 76, 10, 30, 21, 45, 71, 64, 1, 23, 17, 83, 24, 41, 60, 36, 6, 57, 40, 88, 65, 56, 79, 69, 67, 68, 46, 75, 38, 58, 19, 32, 81, 48, 27, 62, 87, 90, 99, 59, 11, 16, 72, 31, 70, 89, 96, 84, 3, 14, 25, 55, 28, 51, 29, 7, 33, 61, 74, 37, 39, 92, 66, 80, 94, 53, 50, 2, 8, 4, 52, 49, 0, 34, 98, 13]|[1, 1, 0, 1, 1, 0, 1, 2, 2, 1, 2, 2, 2, 1, 1, 0, 0, 0, 0, 2, 2, 0, 1, 2, 0, 1, 2, 2, 0, 0, 1, 2, 1, 2, 1, 0, 0, 1, 1, 1, 0, 1, 2, 1, 0, 2, 1, 2, 0, 0, 0, 0, 1, 1, 2, 1, 2, 1, 0, 0, 0, 1, 0, 1, 2, 1, 2, 2, 1, 1, 1, 1, 1, 0, 1, 1, 1, 0, 1, 1, 2, 1, 2, 0, 1, 0, 2, 0, 1, 0, 0, 0, 1, 0, 2, 0, 0, 2, 2, 0]|[4, 3, 2, 2, 4, 1, 2, 2, 1, 4, 0, 1, 2, 4, 4, 1, 2, 1, 2, 1, 1, 1, 1, 2, 1, 2, 1, 1, 1, 1, 3, 2, 3, 0, 4, 0, 1, 4, 0, 3, 2, 2, 0, 0, 1, 1, 0, 2, 0, 1, 2, 2, 1, 0, 0, 3, 1, 4, 1, 2, 0, 3, 1, 2, 1, 3, 0, 0, 1, 1, 3, 1, 1, 2, 4, 4, 4, 1, 3, 1, 2, 3, 0, 1, 1, 0, 0, 1, 4, 2, 1, 2, 3, 2, 1, 1, 2, 1, 0, 2]|[0, 2, 1, 1, 3, 0, 1, 0, 0, 0, 0, 0, 1, 0, 1, 0, 0, 0, 1, 0, 0, 0, 3, 1, 0, 2, 0, 0, 0, 1, 0, 0, 0, 0, 3, 0, 0, 3, 0, 2, 1, 1, 0, 0, 0, 0, 0, 0, 1, 0, 0, 0, 1, 3, 0, 0, 0, 2, 0, 1, 0, 2, 0, 1, 0, 2, 1, 0, 3, 1, 2, 3, 1, 0, 3, 3, 1, 0, 0, 2, 0, 0, 0, 0, 1, 1, 0, 0, 2, 1, 0, 0, 2, 0, 0, 1, 0, 0, 0, 0],808.9439163745462,57755.139752232935,115017.82687133108,false
3,G2_TEC,G2_TEC,[31, 22, 82, 15, 26, 9, 95, 42, 77, 4, 47, 5, 93, 78, 86, 54, 85, 63, 18, 44, 20, 49, 36, 14, 48, 50, 53, 17, 21, 45, 71, 64, 3, 23, 30, 83, 24, 41, 60, 52, 65, 27, 90, 70, 39, 87, 74, 69, 99, 68, 46, 1, 38, 58, 97, 59, 28, 8, 73, 37, 35, 79, 11, 66, 76, 57, 72, 16, 92, 6, 80, 61, 33, 98, 32, 34, 51, 67, 10, 7, 56, 43, 62, 19, 91, 13, 29, 96, 0, 81, 75, 40, 2, 55, 88, 25, 12, 94, 89, 84]|[0, 1, 2, 1, 1, 2, 2, 0, 1, 1, 1, 0, 2, 2, 1, 2, 0, 0, 0, 2, 2, 1, 0, 2, 2, 2, 2, 1, 0, 1, 1, 1, 0, 0, 2, 0, 2, 1, 2, 2, 0, 1, 1, 1, 0, 2, 0, 2, 1, 0, 0, 2, 2, 0, 2, 0, 2, 1, 0, 0, 2, 1, 0, 0, 2, 0, 1, 1, 0, 0, 0, 1, 1, 0, 0, 1, 0, 0, 1, 2, 2, 2, 0, 2, 1, 0, 1, 0, 0, 1, 2, 2, 2, 1, 1, 1, 1, 1, 1, 0]|[1, 3, 0, 2, 4, 1, 1, 0, 2, 4, 2, 2, 1, 0, 2, 1, 1, 1, 2, 1, 2, 3, 0, 1, 0, 1, 1, 4, 1, 0, 3, 2, 2, 0, 1, 1, 1, 4, 0, 1, 2, 2, 4, 4, 1, 1, 0, 2, 3, 1, 2, 1, 2, 1, 1, 2, 0, 3, 0, 2, 2, 3, 1, 2, 1, 2, 4, 0, 0, 1, 1, 3, 4, 1, 2, 4, 0, 1, 3, 1, 0, 1, 2, 0, 3, 2, 3, 2, 2, 1, 2, 0, 1, 3, 4, 4, 3, 4, 4, 2]|[1, 2, 0, 1, 3, 0, 0, 0, 0, 0, 2, 0, 1, 0, 1, 0, 0, 0, 1, 0, 0, 2, 0, 0, 0, 0, 0, 3, 0, 1, 0, 2, 0, 0, 0, 0, 1, 3, 1, 0, 0, 1, 1, 3, 0, 0, 1, 0, 2, 0, 0, 0, 0, 0, 1, 0, 0, 0, 1, 1, 0, 2, 0, 0, 0, 1, 2, 1, 1, 0, 0, 0, 1, 0, 0, 2, 0, 0, 3, 0, 0, 0, 1, 0, 0, 0, 0, 0, 0, 1, 1, 0, 0, 0, 1, 3, 0, 2, 1, 1],964.5999201164345,55335.330859542846,127695.30227055156,false
3,G3_TWC,G3_TWC,[31, 22, 82, 15, 26, 9, 95, 42, 77, 12, 47, 5, 93, 78, 86, 54, 85, 63, 18, 44, 20, 35, 43, 97, 91, 76, 10, 30, 21, 45, 71, 64, 1, 23, 17, 83, 24, 41, 60, 36, 6, 57, 40, 88, 65, 56, 79, 69, 67, 68, 46, 75, 38, 58, 19, 32, 81, 48, 27, 62, 87, 90, 99, 59, 11, 16, 72, 73, 61, 39, 37, 84, 3, 92, 25, 55, 28, 51, 29, 7, 33, 70, 74, 96, 53, 50, 66, 80, 8, 89, 14, 2, 34, 4, 52, 49, 0, 94, 98, 13]|[2, 1, 0, 1, 1, 0, 1, 2, 2, 1, 2, 2, 2, 1, 1, 0, 0, 0, 0, 2, 2, 0, 1, 2, 0, 1, 2, 2, 0, 0, 1, 2, 1, 2, 1, 0, 2, 1, 1, 1, 0, 1, 1, 1, 0, 2, 1, 2, 0, 0, 0, 0, 1, 1, 2, 1, 2, 1, 0, 0, 0, 1, 0, 1, 2, 1, 2, 1, 1, 1, 0, 1, 1, 0, 1, 1, 1, 0, 0, 1, 1, 1, 2, 1, 0, 0, 2, 0, 1, 1, 0, 0, 2, 1, 2, 0, 0, 2, 0, 0]|[0, 3, 2, 2, 4, 1, 2, 2, 1, 4, 0, 1, 2, 4, 4, 1, 2, 1, 2, 1, 1, 1, 1, 2, 1, 2, 1, 1, 1, 1, 3, 2, 3, 0, 4, 0, 1, 4, 0, 3, 2, 2, 2, 0, 1, 1, 0, 2, 0, 1, 2, 2, 1, 0, 0, 3, 1, 4, 1, 2, 0, 3, 1, 2, 1, 3, 0, 4, 3, 0, 1, 1, 1, 0, 4, 4, 4, 1, 1, 1, 3, 1, 0, 3, 2, 1, 0, 1, 3, 1, 2, 2, 1, 4, 1, 1, 2, 2, 1, 2]|[0, 2, 1, 1, 3, 0, 1, 0, 0, 0, 0, 0, 1, 0, 1, 0, 0, 0, 1, 0, 0, 1, 3, 1, 0, 2, 0, 0, 0, 1, 0, 0, 0, 0, 3, 0, 1, 3, 0, 2, 1, 1, 1, 0, 0, 0, 0, 0, 1, 0, 0, 0, 1, 3, 0, 0, 0, 2, 0, 1, 0, 2, 0, 1, 0, 2, 1, 0, 0, 1, 0, 3, 1, 1, 3, 3, 1, 0, 0, 2, 2, 3, 0, 2, 1, 0, 0, 0, 2, 1, 0, 0, 0, 0, 0, 1, 0, 1, 0, 0],861.739685975851,58318.939044088795,108444.6188380646,false
3,G1_CMAX,G4_BALANCED,[31, 22, 82, 15, 26, 9, 95, 42, 77, 12, 47, 5, 93, 78, 86, 54, 85, 63, 18, 44, 20, 35, 43, 97, 91, 76, 10, 30, 21, 45, 71, 64, 1, 23, 17, 83, 24, 41, 60, 36, 6, 57, 40, 88, 65, 56, 79, 69, 67, 68, 46, 75, 38, 58, 19, 32, 81, 48, 27, 62, 87, 90, 99, 59, 11, 16, 72, 73, 70, 89, 37, 84, 3, 92, 25, 55, 28, 51, 29, 7, 96, 61, 74, 33, 53, 50, 66, 80, 8, 39, 14, 2, 34, 4, 52, 49, 0, 94, 98, 13]|[2, 1, 0, 1, 1, 0, 1, 2, 2, 1, 2, 2, 2, 1, 1, 0, 0, 0, 0, 2, 2, 0, 1, 2, 0, 1, 2, 2, 0, 0, 1, 2, 1, 2, 1, 0, 2, 1, 1, 1, 0, 1, 1, 1, 0, 2, 1, 2, 0, 0, 0, 0, 1, 1, 2, 1, 2, 1, 0, 0, 2, 1, 0, 1, 2, 1, 2, 1, 1, 1, 0, 1, 1, 0, 1, 1, 1, 0, 0, 1, 1, 1, 2, 2, 0, 0, 2, 0, 1, 1, 0, 0, 2, 1, 2, 0, 0, 1, 2, 0]|[0, 3, 2, 2, 4, 1, 2, 2, 1, 4, 0, 1, 2, 4, 4, 1, 2, 1, 2, 1, 1, 1, 1, 2, 1, 2, 1, 1, 1, 1, 3, 2, 3, 0, 4, 0, 1, 4, 0, 3, 2, 2, 2, 0, 1, 1, 0, 2, 0, 1, 2, 2, 1, 0, 0, 3, 1, 4, 1, 2, 2, 3, 1, 2, 1, 3, 0, 4, 3, 1, 1, 1, 1, 0, 4, 4, 4, 1, 1, 1, 3, 3, 0, 2, 2, 1, 0, 1, 3, 1, 1, 2, 1, 4, 1, 1, 2, 4, 0, 2]|[0, 2, 1, 1, 3, 0, 1, 0, 0, 0, 0, 0, 1, 0, 1, 0, 0, 0, 1, 0, 0, 1, 3, 1, 0, 2, 0, 0, 0, 1, 0, 0, 0, 0, 3, 0, 1, 3, 0, 2, 1, 1, 1, 0, 0, 0, 0, 0, 1, 0, 0, 0, 1, 3, 0, 0, 0, 2, 0, 1, 0, 2, 0, 1, 0, 2, 1, 0, 0, 1, 0, 3, 1, 1, 3, 3, 1, 0, 0, 2, 2, 0, 0, 0, 1, 0, 0, 0, 2, 1, 0, 0, 0, 0, 0, 1, 0, 2, 0, 0],800.7764335018153,57931.80313254393,116045.28620954856,true
3,G4_BALANCED,G4_BALANCED,[73, 22, 82, 15, 26, 9, 95, 42, 77, 12, 47, 5, 93, 78, 86, 54, 85, 63, 18, 44, 20, 35, 43, 97, 91, 76, 10, 30, 21, 45, 71, 64, 1, 23, 17, 83, 24, 41, 60, 36, 6, 57, 40, 88, 65, 56, 79, 69, 67, 68, 46, 75, 38, 58, 19, 32, 81, 48, 27, 62, 87, 90, 99, 59, 11, 16, 72, 31, 70, 89, 96, 84, 3, 14, 25, 55, 28, 51, 29, 7, 33, 61, 74, 37, 39, 92, 66, 80, 94, 53, 50, 2, 8, 4, 52, 49, 0, 34, 98, 13]|[1, 1, 0, 1, 1, 0, 1, 2, 2, 1, 2, 2, 2, 1, 1, 0, 0, 0, 0, 2, 2, 0, 1, 2, 0, 1, 2, 2, 0, 0, 1, 2, 1, 2, 1, 0, 0, 1, 1, 1, 0, 1, 2, 1, 0, 2, 1, 2, 0, 0, 0, 0, 1, 1, 2, 1, 2, 1, 0, 0, 0, 1, 0, 1, 2, 1, 2, 2, 1, 1, 1, 1, 1, 0, 1, 1, 1, 0, 1, 1, 2, 1, 2, 0, 1, 0, 2, 0, 1, 0, 0, 0, 1, 0, 2, 0, 0, 2, 2, 0]|[4, 3, 2, 2, 4, 1, 2, 2, 1, 4, 0, 1, 2, 4, 4, 1, 2, 1, 2, 1, 1, 1, 1, 2, 1, 2, 1, 1, 1, 1, 3, 2, 3, 0, 4, 0, 1, 4, 0, 3, 2, 2, 0, 0, 1, 1, 0, 2, 0, 1, 2, 2, 1, 0, 0, 3, 1, 4, 1, 2, 0, 3, 1, 2, 1, 3, 0, 0, 1, 1, 3, 1, 1, 2, 4, 4, 4, 1, 3, 1, 2, 3, 0, 1, 1, 0, 0, 1, 4, 2, 1, 2, 3, 2, 1, 1, 2, 1, 0, 2]|[0, 2, 1, 1, 3, 0, 1, 0, 0, 0, 0, 0, 1, 0, 1, 0, 0, 0, 1, 0, 0, 0, 3, 1, 0, 2, 0, 0, 0, 1, 0, 0, 0, 0, 3, 0, 0, 3, 0, 2, 1, 1, 0, 0, 0, 0, 0, 0, 1, 0, 0, 0, 1, 3, 0, 0, 0, 2, 0, 1, 0, 2, 0, 1, 0, 2, 1, 0, 3, 1, 2, 3, 1, 0, 3, 3, 1, 0, 0, 2, 0, 0, 0, 0, 1, 1, 0, 0, 2, 1, 0, 0, 2, 0, 0, 1, 0, 0, 0, 0],808.9439163745462,57755.139752232935,115017.82687133108,false
3,G2_TEC,G2_TEC,[31, 22, 82, 15, 26, 9, 95, 42, 77, 4, 47, 5, 93, 78, 86, 54, 85, 63, 18, 44, 20, 49, 36, 14, 48, 50, 53, 17, 21, 45, 71, 64, 3, 23, 30, 83, 24, 41, 60, 52, 65, 27, 90, 70, 39, 87, 74, 69, 99, 68, 46, 1, 38, 58, 97, 59, 28, 8, 73, 37, 35, 79, 11, 66, 76, 57, 72, 16, 92, 6, 80, 61, 33, 98, 32, 34, 51, 67, 10, 7, 56, 43, 62, 19, 91, 13, 29, 96, 0, 81, 75, 40, 2, 55, 88, 25, 12, 94, 89, 84]|[0, 1, 2, 1, 1, 2, 2, 0, 1, 1, 1, 0, 2, 2, 1, 2, 0, 0, 0, 2, 2, 1, 0, 2, 2, 2, 2, 1, 0, 1, 1, 1, 0, 0, 2, 0, 2, 1, 2, 2, 0, 1, 1, 1, 0, 2, 0, 2, 1, 0, 0, 2, 2, 0, 2, 0, 2, 1, 0, 0, 2, 1, 0, 0, 2, 0, 1, 1, 0, 0, 0, 1, 1, 0, 0, 1, 0, 0, 1, 2, 2, 2, 0, 2, 1, 0, 1, 0, 0, 1, 2, 2, 2, 1, 1, 1, 1, 1, 1, 0]|[1, 3, 0, 2, 4, 1, 1, 0, 2, 4, 2, 2, 1, 0, 2, 1, 1, 1, 2, 1, 2, 3, 0, 1, 0, 1, 1, 4, 1, 0, 3, 2, 2, 0, 1, 1, 1, 4, 0, 1, 2, 2, 4, 4, 1, 1, 0, 2, 3, 1, 2, 1, 2, 1, 1, 2, 0, 3, 0, 2, 2, 3, 1, 2, 1, 2, 4, 0, 0, 1, 1, 3, 4, 1, 2, 4, 0, 1, 3, 1, 0, 1, 2, 0, 3, 2, 3, 2, 2, 1, 2, 0, 1, 3, 4, 4, 3, 4, 4, 2]|[1, 2, 0, 1, 3, 0, 0, 0, 0, 0, 2, 0, 1, 0, 1, 0, 0, 0, 1, 0, 0, 2, 0, 0, 0, 0, 0, 3, 0, 1, 0, 2, 0, 0, 0, 0, 1, 3, 1, 0, 0, 1, 1, 3, 0, 0, 1, 0, 2, 0, 0, 0, 0, 0, 1, 0, 0, 0, 1, 1, 0, 2, 0, 0, 0, 1, 2, 1, 1, 0, 0, 0, 1, 0, 0, 2, 0, 0, 3, 0, 0, 0, 1, 0, 0, 0, 0, 0, 0, 1, 1, 0, 0, 0, 1, 3, 0, 2, 1, 1],964.5999201164345,55335.330859542846,127695.30227055156,false
3,G3_TWC,G3_TWC,[31, 22, 82, 15, 26, 9, 95, 42, 77, 12, 47, 5, 93, 78, 86, 54, 85, 63, 18, 44, 20, 35, 43, 97, 91, 76, 10, 30, 21, 45, 71, 64, 1, 23, 17, 83, 24, 41, 60, 36, 6, 57, 40, 88, 65, 56, 79, 69, 67, 68, 46, 75, 38, 58, 19, 32, 81, 48, 27, 62, 87, 90, 99, 59, 11, 16, 72, 73, 61, 39, 37, 84, 3, 92, 25, 55, 28, 51, 29, 7, 33, 70, 74, 96, 53, 50, 66, 80, 8, 89, 14, 2, 34, 4, 52, 49, 0, 94, 98, 13]|[2, 1, 0, 1, 1, 0, 1, 2, 2, 1, 2, 2, 2, 1, 1, 0, 0, 0, 0, 2, 2, 0, 1, 2, 0, 1, 2, 2, 0, 0, 1, 2, 1, 2, 1, 0, 2, 1, 1, 1, 0, 1, 1, 1, 0, 2, 1, 2, 0, 0, 0, 0, 1, 1, 2, 1, 2, 1, 0, 0, 0, 1, 0, 1, 2, 1, 2, 1, 1, 1, 0, 1, 1, 0, 1, 1, 1, 0, 0, 1, 1, 1, 2, 1, 0, 0, 2, 0, 1, 1, 0, 0, 2, 1, 2, 0, 0, 2, 0, 0]|[0, 3, 2, 2, 4, 1, 2, 2, 1, 4, 0, 1, 2, 4, 4, 1, 2, 1, 2, 1, 1, 1, 1, 2, 1, 2, 1, 1, 1, 1, 3, 2, 3, 0, 4, 0, 1, 4, 0, 3, 2, 2, 2, 0, 1, 1, 0, 2, 0, 1, 2, 2, 1, 0, 0, 3, 1, 4, 1, 2, 0, 3, 1, 2, 1, 3, 0, 4, 3, 0, 1, 1, 1, 0, 4, 4, 4, 1, 1, 1, 3, 1, 0, 3, 2, 1, 0, 1, 3, 1, 2, 2, 1, 4, 1, 1, 2, 2, 1, 2]|[0, 2, 1, 1, 3, 0, 1, 0, 0, 0, 0, 0, 1, 0, 1, 0, 0, 0, 1, 0, 0, 1, 3, 1, 0, 2, 0, 0, 0, 1, 0, 0, 0, 0, 3, 0, 1, 3, 0, 2, 1, 1, 1, 0, 0, 0, 0, 0, 1, 0, 0, 0, 1, 3, 0, 0, 0, 2, 0, 1, 0, 2, 0, 1, 0, 2, 1, 0, 0, 1, 0, 3, 1, 1, 3, 3, 1, 0, 0, 2, 2, 3, 0, 2, 1, 0, 0, 0, 2, 1, 0, 0, 0, 0, 0, 1, 0, 1, 0, 0],861.739685975851,58318.939044088795,108444.6188380646,false
3,G1_CMAX,G4_BALANCED,[31, 22, 82, 15, 26, 9, 95, 42, 77, 12, 47, 5, 93, 78, 86, 54, 85, 63, 18, 44, 20, 35, 43, 97, 91, 76, 10, 30, 21, 45, 71, 64, 1, 23, 17, 83, 24, 41, 60, 36, 6, 57, 40, 88, 65, 56, 79, 69, 67, 68, 46, 75, 38, 58, 19, 32, 81, 48, 27, 62, 87, 90, 99, 59, 11, 16, 72, 73, 70, 89, 37, 84, 3, 92, 25, 55, 28, 51, 29, 7, 96, 61, 74, 33, 53, 50, 66, 80, 8, 39, 14, 2, 34, 4, 52, 49, 0, 94, 98, 13]|[2, 1, 0, 1, 1, 0, 1, 2, 2, 1, 2, 2, 2, 1, 1, 0, 0, 0, 0, 2, 2, 0, 1, 2, 0, 1, 2, 2, 0, 0, 1, 2, 1, 2, 1, 0, 2, 1, 1, 1, 0, 1, 1, 1, 0, 2, 1, 2, 0, 0, 0, 0, 1, 1, 2, 1, 2, 1, 0, 0, 2, 1, 0, 1, 2, 1, 2, 1, 1, 1, 0, 1, 1, 0, 1, 1, 1, 0, 0, 1, 1, 1, 2, 2, 0, 0, 2, 0, 1, 1, 0, 0, 2, 1, 2, 0, 0, 1, 2, 0]|[0, 3, 2, 2, 4, 1, 2, 2, 1, 4, 0, 1, 2, 4, 4, 1, 2, 1, 2, 1, 1, 1, 1, 2, 1, 2, 1, 1, 1, 1, 3, 2, 3, 0, 4, 0, 1, 4, 0, 3, 2, 2, 2, 0, 1, 1, 0, 2, 0, 1, 2, 2, 1, 0, 0, 3, 1, 4, 1, 2, 2, 3, 1, 2, 1, 3, 0, 4, 3, 1, 1, 1, 1, 0, 4, 4, 4, 1, 1, 1, 3, 3, 0, 2, 2, 1, 0, 1, 3, 1, 1, 2, 1, 4, 1, 1, 2, 4, 0, 2]|[0, 2, 1, 1, 3, 0, 1, 0, 0, 0, 0, 0, 1, 0, 1, 0, 0, 0, 1, 0, 0, 1, 3, 1, 0, 2, 0, 0, 0, 1, 0, 0, 0, 0, 3, 0, 1, 3, 0, 2, 1, 1, 1, 0, 0, 0, 0, 0, 1, 0, 0, 0, 1, 3, 0, 0, 0, 2, 0, 1, 0, 2, 0, 1, 0, 2, 1, 0, 0, 1, 0, 3, 1, 1, 3, 3, 1, 0, 0, 2, 2, 0, 0, 0, 1, 0, 0, 0, 2, 1, 0, 0, 0, 0, 0, 1, 0, 2, 0, 0],800.7764335018153,57931.80313254393,116045.28620954856,true
3,G4_BALANCED,G4_BALANCED,[73, 22, 82, 15, 26, 9, 95, 42, 77, 12, 47, 5, 93, 78, 86, 54, 85, 63, 18, 44, 20, 35, 43, 97, 91, 76, 10, 30, 21, 45, 71, 64, 1, 23, 17, 83, 24, 41, 60, 36, 6, 57, 40, 88, 65, 56, 79, 69, 67, 68, 46, 75, 38, 58, 19, 32, 81, 48, 27, 62, 87, 90, 99, 59, 11, 16, 72, 31, 70, 89, 96, 84, 3, 14, 25, 55, 28, 51, 29, 7, 33, 61, 74, 37, 39, 92, 66, 80, 94, 53, 50, 2, 8, 4, 52, 49, 0, 34, 98, 13]|[1, 1, 0, 1, 1, 0, 1, 2, 2, 1, 2, 2, 2, 1, 1, 0, 0, 0, 0, 2, 2, 0, 1, 2, 0, 1, 2, 2, 0, 0, 1, 2, 1, 2, 1, 0, 0, 1, 1, 1, 0, 1, 2, 1, 0, 2, 1, 2, 0, 0, 0, 0, 1, 1, 2, 1, 2, 1, 0, 0, 0, 1, 0, 1, 2, 1, 2, 2, 1, 1, 1, 1, 1, 0, 1, 1, 1, 0, 1, 1, 2, 1, 2, 0, 1, 0, 2, 0, 1, 0, 0, 0, 1, 0, 2, 0, 0, 2, 2, 0]|[4, 3, 2, 2, 4, 1, 2, 2, 1, 4, 0, 1, 2, 4, 4, 1, 2, 1, 2, 1, 1, 1, 1, 2, 1, 2, 1, 1, 1, 1, 3, 2, 3, 0, 4, 0, 1, 4, 0, 3, 2, 2, 0, 0, 1, 1, 0, 2, 0, 1, 2, 2, 1, 0, 0, 3, 1, 4, 1, 2, 0, 3, 1, 2, 1, 3, 0, 0, 1, 1, 3, 1, 1, 2, 4, 4, 4, 1, 3, 1, 2, 3, 0, 1, 1, 0, 0, 1, 4, 2, 1, 2, 3, 2, 1, 1, 2, 1, 0, 2]|[0, 2, 1, 1, 3, 0, 1, 0, 0, 0, 0, 0, 1, 0, 1, 0, 0, 0, 1, 0, 0, 0, 3, 1, 0, 2, 0, 0, 0, 1, 0, 0, 0, 0, 3, 0, 0, 3, 0, 2, 1, 1, 0, 0, 0, 0, 0, 0, 1, 0, 0, 0, 1, 3, 0, 0, 0, 2, 0, 1, 0, 2, 0, 1, 0, 2, 1, 0, 3, 1, 2, 3, 1, 0, 3, 3, 1, 0, 0, 2, 0, 0, 0, 0, 1, 1, 0, 0, 2, 1, 0, 0, 2, 0, 0, 1, 0, 0, 0, 0],808.9439163745462,57755.139752232935,115017.82687133108,false
3,G2_TEC,G2_TEC,[31, 22, 82, 15, 26, 9, 95, 42, 77, 4, 47, 5, 93, 78, 86, 54, 85, 63, 18, 44, 20, 49, 36, 14, 48, 50, 53, 17, 21, 45, 71, 64, 3, 23, 30, 83, 24, 41, 60, 52, 65, 27, 90, 70, 39, 87, 74, 69, 99, 68, 46, 1, 38, 58, 97, 59, 28, 8, 73, 37, 35, 79, 11, 66, 76, 57, 72, 16, 92, 6, 80, 61, 33, 98, 32, 34, 51, 67, 10, 7, 56, 43, 62, 19, 91, 13, 29, 96, 0, 81, 75, 40, 2, 55, 88, 25, 12, 94, 89, 84]|[0, 1, 2, 1, 1, 2, 2, 0, 1, 1, 1, 0, 2, 2, 1, 2, 0, 0, 0, 2, 2, 1, 0, 2, 2, 2, 2, 1, 0, 1, 1, 1, 0, 0, 2, 0, 2, 1, 2, 2, 0, 1, 1, 1, 0, 2, 0, 2, 1, 0, 0, 2, 2, 0, 2, 0, 2, 1, 0, 0, 2, 1, 0, 0, 2, 0, 1, 1, 0, 0, 0, 1, 1, 0, 0, 1, 0, 0, 1, 2, 2, 2, 0, 2, 1, 0, 1, 0, 0, 1, 2, 2, 2, 1, 1, 1, 1, 1, 1, 0]|[1, 3, 0, 2, 4, 1, 1, 0, 2, 4, 2, 2, 1, 0, 2, 1, 1, 1, 2, 1, 2, 3, 0, 1, 0, 1, 1, 4, 1, 0, 3, 2, 2, 0, 1, 1, 1, 4, 0, 1, 2, 2, 4, 4, 1, 1, 0, 2, 3, 1, 2, 1, 2, 1, 1, 2, 0, 3, 0, 2, 2, 3, 1, 2, 1, 2, 4, 0, 0, 1, 1, 3, 4, 1, 2, 4, 0, 1, 3, 1, 0, 1, 2, 0, 3, 2, 3, 2, 2, 1, 2, 0, 1, 3, 4, 4, 3, 4, 4, 2]|[1, 2, 0, 1, 3, 0, 0, 0, 0, 0, 2, 0, 1, 0, 1, 0, 0, 0, 1, 0, 0, 2, 0, 0, 0, 0, 0, 3, 0, 1, 0, 2, 0, 0, 0, 0, 1, 3, 1, 0, 0, 1, 1, 3, 0, 0, 1, 0, 2, 0, 0, 0, 0, 0, 1, 0, 0, 0, 1, 1, 0, 2, 0, 0, 0, 1, 2, 1, 1, 0, 0, 0, 1, 0, 0, 2, 0, 0, 3, 0, 0, 0, 1, 0, 0, 0, 0, 0, 0, 1, 1, 0, 0, 0, 1, 3, 0, 2, 1, 1],964.5999201164345,55335.330859542846,127695.30227055156,false
3,G3_TWC,G3_TWC,[31, 22, 82, 15, 26, 9, 95, 42, 77, 12, 47, 5, 93, 78, 86, 54, 85, 63, 18, 44, 20, 35, 43, 97, 91, 76, 10, 30, 21, 45, 71, 64, 1, 23, 17, 83, 24, 41, 60, 36, 6, 57, 40, 88, 65, 56, 79, 69, 67, 68, 46, 75, 38, 58, 19, 32, 81, 48, 27, 62, 87, 90, 99, 59, 11, 16, 72, 73, 61, 39, 37, 84, 3, 92, 25, 55, 28, 51, 29, 7, 33, 70, 74, 96, 53, 50, 66, 80, 8, 89, 14, 2, 34, 4, 52, 49, 0, 94, 98, 13]|[2, 1, 0, 1, 1, 0, 1, 2, 2, 1, 2, 2, 2, 1, 1, 0, 0, 0, 0, 2, 2, 0, 1, 2, 0, 1, 2, 2, 0, 0, 1, 2, 1, 2, 1, 0, 2, 1, 1, 1, 0, 1, 1, 1, 0, 2, 1, 2, 0, 0, 0, 0, 1, 1, 2, 1, 2, 1, 0, 0, 0, 1, 0, 1, 2, 1, 2, 1, 1, 1, 0, 1, 1, 0, 1, 1, 1, 0, 0, 1, 1, 1, 2, 1, 0, 0, 2, 0, 1, 1, 0, 0, 2, 1, 2, 0, 0, 2, 0, 0]|[0, 3, 2, 2, 4, 1, 2, 2, 1, 4, 0, 1, 2, 4, 4, 1, 2, 1, 2, 1, 1, 1, 1, 2, 1, 2, 1, 1, 1, 1, 3, 2, 3, 0, 4, 0, 1, 4, 0, 3, 2, 2, 2, 0, 1, 1, 0, 2, 0, 1, 2, 2, 1, 0, 0, 3, 1, 4, 1, 2, 0, 3, 1, 2, 1, 3, 0, 4, 3, 0, 1, 1, 1, 0, 4, 4, 4, 1, 1, 1, 3, 1, 0, 3, 2, 1, 0, 1, 3, 1, 2, 2, 1, 4, 1, 1, 2, 2, 1, 2]|[0, 2, 1, 1, 3, 0, 1, 0, 0, 0, 0, 0, 1, 0, 1, 0, 0, 0, 1, 0, 0, 1, 3, 1, 0, 2, 0, 0, 0, 1, 0, 0, 0, 0, 3, 0, 1, 3, 0, 2, 1, 1, 1, 0, 0, 0, 0, 0, 1, 0, 0, 0, 1, 3, 0, 0, 0, 2, 0, 1, 0, 2, 0, 1, 0, 2, 1, 0, 0, 1, 0, 3, 1, 1, 3, 3, 1, 0, 0, 2, 2, 3, 0, 2, 1, 0, 0, 0, 2, 1, 0, 0, 0, 0, 0, 1, 0, 1, 0, 0],861.739685975851,58318.939044088795,108444.6188380646,false
3,G1_CMAX,G1_CMAX,[31, 22, 82, 15, 26, 9, 95, 42, 77, 12, 47, 5, 93, 78, 86, 54, 85, 63, 18, 44, 20, 35, 43, 97, 91, 76, 10, 30, 21, 45, 71, 64, 1, 23, 17, 83, 24, 41, 60, 36, 6, 57, 40, 88, 65, 56, 79, 69, 67, 68, 46, 75, 38, 58, 19, 32, 81, 48, 27, 62, 87, 90, 99, 59, 11, 16, 72, 73, 70, 89, 96, 84, 3, 92, 25, 55, 28, 51, 29, 7, 37, 61, 98, 33, 39, 50, 66, 80, 8, 53, 14, 2, 34, 4, 52, 49, 0, 94, 74, 13]|[1, 1, 0, 1, 1, 0, 1, 2, 2, 1, 2, 2, 2, 1, 1, 0, 0, 0, 0, 2, 2, 0, 1, 2, 0, 1, 2, 2, 0, 0, 1, 2, 1, 2, 1, 0, 2, 1, 1, 1, 0, 1, 1, 1, 0, 2, 1, 2, 0, 0, 0, 0, 1, 1, 2, 1, 2, 1, 0, 0, 2, 1, 0, 1, 2, 1, 2, 1, 1, 1, 1, 1, 1, 0, 1, 1, 1, 0, 0, 1, 0, 1, 2, 2, 1, 0, 2, 0, 1, 0, 0, 0, 2, 0, 2, 0, 0, 1, 2, 0]|[4, 3, 2, 2, 4, 1, 2, 2, 1, 4, 0, 1, 2, 4, 4, 1, 2, 1, 2, 1, 1, 1, 1, 2, 1, 2, 1, 1, 1, 1, 3, 2, 3, 0, 4, 0, 1, 4, 0, 3, 2, 2, 2, 0, 1, 1, 0, 2, 0, 1, 2, 2, 1, 0, 0, 3, 1, 4, 1, 2, 2, 3, 1, 1, 1, 3, 0, 4, 3, 1, 3, 1, 1, 0, 4, 4, 4, 1, 1, 1, 1, 1, 0, 2, 1, 1, 0, 1, 3, 2, 2, 2, 1, 2, 1, 1, 2, 4, 0, 2]|[0, 2, 1, 1, 3, 0, 1, 0, 0, 0, 0, 0, 1, 0, 1, 0, 0, 0, 1, 0, 0, 0, 3, 1, 0, 2, 0, 0, 0, 1, 0, 0, 0, 0, 3, 0, 1, 3, 0, 2, 1, 1, 1, 0, 0, 0, 0, 0, 1, 0, 0, 0, 1, 3, 0, 0, 0, 2, 0, 1, 0, 2, 0, 1, 0, 2, 1, 0, 0, 1, 2, 3, 1, 1, 3, 3, 1, 0, 0, 2, 0, 3, 0, 0, 1, 0, 0, 0, 2, 1, 0, 0, 0, 0, 0, 1, 0, 2, 0, 0],800.2653185881204,57573.29499760826,112161.56572807231,false
3,G4_BALANCED,G1_CMAX,[31, 22, 82, 15, 26, 9, 95, 42, 77, 12, 47, 5, 93, 78, 86, 54, 85, 63, 18, 44, 20, 35, 43, 97, 91, 76, 10, 30, 21, 45, 71, 64, 1, 23, 17, 83, 24, 41, 60, 36, 6, 57, 40, 88, 65, 56, 79, 69, 67, 68, 46, 75, 38, 58, 19, 32, 81, 48, 27, 62, 87, 90, 99, 59, 11, 16, 72, 73, 70, 89, 96, 84, 3, 92, 25, 55, 28, 51, 29, 7, 37, 61, 98, 33, 39, 50, 66, 80, 8, 53, 14, 2, 34, 4, 52, 49, 0, 94, 74, 13]|[1, 1, 0, 1, 1, 0, 1, 2, 2, 1, 2, 2, 2, 1, 1, 0, 0, 0, 0, 2, 2, 0, 1, 2, 0, 1, 2, 2, 0, 0, 1, 2, 1, 2, 1, 0, 2, 1, 1, 1, 0, 1, 1, 1, 0, 2, 1, 2, 0, 0, 0, 0, 1, 1, 2, 1, 2, 1, 0, 0, 2, 1, 0, 1, 2, 1, 2, 1, 1, 1, 1, 1, 1, 0, 1, 1, 1, 0, 0, 1, 0, 1, 2, 2, 1, 0, 2, 0, 1, 0, 0, 0, 2, 0, 2, 0, 0, 1, 2, 0]|[4, 3, 2, 2, 4, 1, 2, 2, 1, 4, 0, 1, 2, 4, 4, 1, 2, 1, 2, 1, 1, 1, 1, 2, 1, 2, 1, 1, 1, 1, 3, 2, 3, 0, 4, 0, 1, 4, 0, 3, 2, 2, 2, 0, 1, 1, 0, 2, 0, 1, 2, 2, 1, 0, 0, 3, 1, 4, 1, 2, 2, 3, 1, 1, 1, 3, 0, 4, 3, 1, 3, 1, 1, 0, 4, 4, 4, 1, 1, 1, 1, 1, 0, 2, 1, 1, 0, 1, 3, 2, 2, 2, 1, 2, 1, 1, 2, 4, 0, 2]|[0, 2, 1, 1, 3, 0, 1, 0, 0, 0, 0, 0, 1, 0, 1, 0, 0, 0, 1, 0, 0, 0, 3, 1, 0, 2, 0, 0, 0, 1, 0, 0, 0, 0, 3, 0, 1, 3, 0, 2, 1, 1, 1, 0, 0, 0, 0, 0, 1, 0, 0, 0, 1, 3, 0, 0, 0, 2, 0, 1, 0, 2, 0, 1, 0, 2, 1, 0, 0, 1, 2, 3, 1, 1, 3, 3, 1, 0, 0, 2, 0, 3, 0, 0, 1, 0, 0, 0, 2, 1, 0, 0, 0, 0, 0, 1, 0, 2, 0, 0],800.2653185881204,57573.29499760826,112161.56572807231,true
3,G2_TEC,G2_TEC,[31, 22, 82, 15, 26, 9, 95, 42, 77, 4, 47, 5, 93, 78, 86, 54, 85, 63, 18, 44, 20, 49, 36, 14, 48, 50, 53, 17, 21, 45, 71, 64, 3, 23, 30, 83, 24, 41, 60, 52, 65, 27, 90, 70, 39, 87, 74, 69, 99, 68, 46, 1, 38, 58, 97, 59, 28, 8, 73, 37, 35, 79, 11, 66, 76, 57, 72, 16, 92, 6, 80, 61, 33, 98, 32, 34, 51, 67, 10, 7, 56, 43, 62, 19, 91, 13, 29, 96, 0, 81, 75, 40, 2, 55, 88, 25, 12, 94, 89, 84]|[0, 1, 2, 1, 1, 2, 2, 0, 1, 1, 1, 0, 2, 2, 1, 2, 0, 0, 0, 2, 2, 1, 0, 2, 2, 2, 2, 1, 0, 1, 1, 1, 0, 0, 2, 0, 2, 1, 2, 2, 0, 1, 1, 1, 0, 2, 0, 2, 1, 0, 0, 2, 2, 0, 2, 0, 2, 1, 0, 0, 2, 1, 0, 0, 2, 0, 1, 1, 0, 0, 0, 1, 1, 0, 0, 1, 0, 0, 1, 2, 2, 2, 0, 2, 1, 0, 1, 0, 0, 1, 2, 2, 2, 1, 1, 1, 1, 1, 1, 0]|[1, 3, 0, 2, 4, 1, 1, 0, 2, 4, 2, 2, 1, 0, 2, 1, 1, 1, 2, 1, 2, 3, 0, 1, 0, 1, 1, 4, 1, 0, 3, 2, 2, 0, 1, 1, 1, 4, 0, 1, 2, 2, 4, 4, 1, 1, 0, 2, 3, 1, 2, 1, 2, 1, 1, 2, 0, 3, 0, 2, 2, 3, 1, 2, 1, 2, 4, 0, 0, 1, 1, 3, 4, 1, 2, 4, 0, 1, 3, 1, 0, 1, 2, 0, 3, 2, 3, 2, 2, 1, 2, 0, 1, 3, 4, 4, 3, 4, 4, 2]|[1, 2, 0, 1, 3, 0, 0, 0, 0, 0, 2, 0, 1, 0, 1, 0, 0, 0, 1, 0, 0, 2, 0, 0, 0, 0, 0, 3, 0, 1, 0, 2, 0, 0, 0, 0, 1, 3, 1, 0, 0, 1, 1, 3, 0, 0, 1, 0, 2, 0, 0, 0, 0, 0, 1, 0, 0, 0, 1, 1, 0, 2, 0, 0, 0, 1, 2, 1, 1, 0, 0, 0, 1, 0, 0, 2, 0, 0, 3, 0, 0, 0, 1, 0, 0, 0, 0, 0, 0, 1, 1, 0, 0, 0, 1, 3, 0, 2, 1, 1],964.5999201164345,55335.330859542846,127695.30227055156,false
3,G3_TWC,G3_TWC,[31, 22, 82, 15, 26, 9, 95, 42, 77, 12, 47, 5, 93, 78, 86, 54, 85, 63, 18, 44, 20, 35, 43, 97, 91, 76, 10, 30, 21, 45, 71, 64, 1, 23, 17, 83, 24, 41, 60, 36, 6, 57, 40, 88, 65, 56, 79, 69, 67, 68, 46, 75, 38, 58, 19, 32, 81, 48, 27, 62, 87, 90, 99, 59, 11, 16, 72, 73, 61, 39, 37, 84, 3, 92, 25, 55, 28, 51, 29, 7, 33, 70, 74, 96, 53, 50, 66, 80, 8, 89, 14, 2, 34, 4, 52, 49, 0, 94, 98, 13]|[2, 1, 0, 1, 1, 0, 1, 2, 2, 1, 2, 2, 2, 1, 1, 0, 0, 0, 0, 2, 2, 0, 1, 2, 0, 1, 2, 2, 0, 0, 1, 2, 1, 2, 1, 0, 2, 1, 1, 1, 0, 1, 1, 1, 0, 2, 1, 2, 0, 0, 0, 0, 1, 1, 2, 1, 2, 1, 0, 0, 0, 1, 0, 1, 2, 1, 2, 1, 1, 1, 0, 1, 1, 0, 1, 1, 1, 0, 0, 1, 1, 1, 2, 1, 0, 0, 2, 0, 1, 1, 0, 0, 2, 1, 2, 0, 0, 2, 0, 0]|[0, 3, 2, 2, 4, 1, 2, 2, 1, 4, 0, 1, 2, 4, 4, 1, 2, 1, 2, 1, 1, 1, 1, 2, 1, 2, 1, 1, 1, 1, 3, 2, 3, 0, 4, 0, 1, 4, 0, 3, 2, 2, 2, 0, 1, 1, 0, 2, 0, 1, 2, 2, 1, 0, 0, 3, 1, 4, 1, 2, 0, 3, 1, 2, 1, 3, 0, 4, 3, 0, 1, 1, 1, 0, 4, 4, 4, 1, 1, 1, 3, 1, 0, 3, 2, 1, 0, 1, 3, 1, 2, 2, 1, 4, 1, 1, 2, 2, 1, 2]|[0, 2, 1, 1, 3, 0, 1, 0, 0, 0, 0, 0, 1, 0, 1, 0, 0, 0, 1, 0, 0, 1, 3, 1, 0, 2, 0, 0, 0, 1, 0, 0, 0, 0, 3, 0, 1, 3, 0, 2, 1, 1, 1, 0, 0, 0, 0, 0, 1, 0, 0, 0, 1, 3, 0, 0, 0, 2, 0, 1, 0, 2, 0, 1, 0, 2, 1, 0, 0, 1, 0, 3, 1, 1, 3, 3, 1, 0, 0, 2, 2, 3, 0, 2, 1, 0, 0, 0, 2, 1, 0, 0, 0, 0, 0, 1, 0, 1, 0, 0],861.739685975851,58318.939044088795,108444.6188380646,false
3,G1_CMAX,G1_CMAX,[31, 22, 82, 15, 26, 9, 95, 42, 77, 12, 47, 5, 93, 78, 86, 54, 85, 63, 18, 44, 20, 35, 43, 97, 91, 76, 10, 30, 21, 45, 71, 64, 1, 23, 17, 83, 24, 41, 60, 36, 6, 57, 40, 88, 65, 56, 79, 69, 67, 68, 46, 75, 38, 58, 19, 32, 81, 48, 27, 62, 87, 90, 99, 59, 11, 16, 72, 73, 70, 89, 96, 84, 3, 92, 25, 55, 28, 51, 29, 7, 37, 61, 98, 33, 39, 50, 66, 80, 8, 53, 14, 2, 34, 4, 52, 49, 0, 94, 74, 13]|[1, 1, 0, 1, 1, 0, 1, 2, 2, 1, 2, 2, 2, 1, 1, 0, 0, 0, 0, 2, 2, 0, 1, 2, 0, 1, 2, 2, 0, 0, 1, 2, 1, 2, 1, 0, 2, 1, 1, 1, 0, 1, 1, 1, 0, 2, 1, 2, 0, 0, 0, 0, 1, 1, 2, 1, 2, 1, 0, 0, 2, 1, 0, 1, 2, 1, 2, 1, 1, 1, 1, 1, 1, 0, 1, 1, 1, 0, 0, 1, 0, 1, 2, 2, 1, 0, 2, 0, 1, 0, 0, 0, 2, 0, 2, 0, 0, 1, 2, 0]|[4, 3, 2, 2, 4, 1, 2, 2, 1, 4, 0, 1, 2, 4, 4, 1, 2, 1, 2, 1, 1, 1, 1, 2, 1, 2, 1, 1, 1, 1, 3, 2, 3, 0, 4, 0, 1, 4, 0, 3, 2, 2, 2, 0, 1, 1, 0, 2, 0, 1, 2, 2, 1, 0, 0, 3, 1, 4, 1, 2, 2, 3, 1, 1, 1, 3, 0, 4, 3, 1, 3, 1, 1, 0, 4, 4, 4, 1, 1, 1, 1, 1, 0, 2, 1, 1, 0, 1, 3, 2, 2, 2, 1, 2, 1, 1, 2, 4, 0, 2]|[0, 2, 1, 1, 3, 0, 1, 0, 0, 0, 0, 0, 1, 0, 1, 0, 0, 0, 1, 0, 0, 0, 3, 1, 0, 2, 0, 0, 0, 1, 0, 0, 0, 0, 3, 0, 1, 3, 0, 2, 1, 1, 1, 0, 0, 0, 0, 0, 1, 0, 0, 0, 1, 3, 0, 0, 0, 2, 0, 1, 0, 2, 0, 1, 0, 2, 1, 0, 0, 1, 2, 3, 1, 1, 3, 3, 1, 0, 0, 2, 0, 3, 0, 0, 1, 0, 0, 0, 2, 1, 0, 0, 0, 0, 0, 1, 0, 2, 0, 0],800.2653185881204,57573.29499760826,112161.56572807231,false
3,G4_BALANCED,G1_CMAX,[31, 22, 82, 15, 26, 9, 95, 42, 77, 12, 47, 5, 93, 78, 86, 54, 85, 63, 18, 44, 20, 35, 43, 97, 91, 76, 10, 30, 21, 45, 71, 64, 1, 23, 17, 83, 24, 41, 60, 36, 6, 57, 40, 88, 65, 56, 79, 69, 67, 68, 46, 75, 38, 58, 19, 32, 81, 48, 27, 62, 87, 90, 99, 59, 11, 16, 72, 73, 70, 89, 96, 84, 3, 92, 25, 55, 28, 51, 29, 7, 37, 61, 98, 33, 39, 50, 66, 80, 8, 53, 14, 2, 34, 4, 52, 49, 0, 94, 74, 13]|[1, 1, 0, 1, 1, 0, 1, 2, 2, 1, 2, 2, 2, 1, 1, 0, 0, 0, 0, 2, 2, 0, 1, 2, 0, 1, 2, 2, 0, 0, 1, 2, 1, 2, 1, 0, 2, 1, 1, 1, 0, 1, 1, 1, 0, 2, 1, 2, 0, 0, 0, 0, 1, 1, 2, 1, 2, 1, 0, 0, 2, 1, 0, 1, 2, 1, 2, 1, 1, 1, 1, 1, 1, 0, 1, 1, 1, 0, 0, 1, 0, 1, 2, 2, 1, 0, 2, 0, 1, 0, 0, 0, 2, 0, 2, 0, 0, 1, 2, 0]|[4, 3, 2, 2, 4, 1, 2, 2, 1, 4, 0, 1, 2, 4, 4, 1, 2, 1, 2, 1, 1, 1, 1, 2, 1, 2, 1, 1, 1, 1, 3, 2, 3, 0, 4, 0, 1, 4, 0, 3, 2, 2, 2, 0, 1, 1, 0, 2, 0, 1, 2, 2, 1, 0, 0, 3, 1, 4, 1, 2, 2, 3, 1, 1, 1, 3, 0, 4, 3, 1, 3, 1, 1, 0, 4, 4, 4, 1, 1, 1, 1, 1, 0, 2, 1, 1, 0, 1, 3, 2, 2, 2, 1, 2, 1, 1, 2, 4, 0, 2]|[0, 2, 1, 1, 3, 0, 1, 0, 0, 0, 0, 0, 1, 0, 1, 0, 0, 0, 1, 0, 0, 0, 3, 1, 0, 2, 0, 0, 0, 1, 0, 0, 0, 0, 3, 0, 1, 3, 0, 2, 1, 1, 1, 0, 0, 0, 0, 0, 1, 0, 0, 0, 1, 3, 0, 0, 0, 2, 0, 1, 0, 2, 0, 1, 0, 2, 1, 0, 0, 1, 2, 3, 1, 1, 3, 3, 1, 0, 0, 2, 0, 3, 0, 0, 1, 0, 0, 0, 2, 1, 0, 0, 0, 0, 0, 1, 0, 2, 0, 0],800.2653185881204,57573.29499760826,112161.56572807231,true
3,G2_TEC,G2_TEC,[31, 22, 82, 15, 26, 9, 95, 42, 77, 4, 47, 5, 93, 78, 86, 54, 85, 63, 18, 44, 20, 49, 36, 14, 48, 50, 53, 17, 21, 45, 71, 64, 3, 23, 30, 83, 24, 41, 60, 52, 65, 27, 90, 70, 39, 87, 74, 69, 99, 68, 46, 1, 38, 58, 97, 59, 28, 8, 73, 37, 35, 79, 11, 66, 76, 57, 72, 16, 92, 6, 80, 61, 33, 98, 32, 34, 51, 67, 10, 7, 56, 43, 62, 19, 91, 13, 29, 96, 0, 81, 75, 40, 2, 55, 88, 25, 12, 94, 89, 84]|[0, 1, 2, 1, 1, 2, 2, 0, 1, 1, 1, 0, 2, 2, 1, 2, 0, 0, 0, 2, 2, 1, 0, 2, 2, 2, 2, 1, 0, 1, 1, 1, 0, 0, 2, 0, 2, 1, 2, 2, 0, 1, 1, 1, 0, 2, 0, 2, 1, 0, 0, 2, 2, 0, 2, 0, 2, 1, 0, 0, 2, 1, 0, 0, 2, 0, 1, 1, 0, 0, 0, 1, 1, 0, 0, 1, 0, 0, 1, 2, 2, 2, 0, 2, 1, 0, 1, 0, 0, 1, 2, 2, 2, 1, 1, 1, 1, 1, 1, 0]|[1, 3, 0, 2, 4, 1, 1, 0, 2, 4, 2, 2, 1, 0, 2, 1, 1, 1, 2, 1, 2, 3, 0, 1, 0, 1, 1, 4, 1, 0, 3, 2, 2, 0, 1, 1, 1, 4, 0, 1, 2, 2, 4, 4, 1, 1, 0, 2, 3, 1, 2, 1, 2, 1, 1, 2, 0, 3, 0, 2, 2, 3, 1, 2, 1, 2, 4, 0, 0, 1, 1, 3, 4, 1, 2, 4, 0, 1, 3, 1, 0, 1, 2, 0, 3, 2, 3, 2, 2, 1, 2, 0, 1, 3, 4, 4, 3, 4, 4, 2]|[1, 2, 0, 1, 3, 0, 0, 0, 0, 0, 2, 0, 1, 0, 1, 0, 0, 0, 1, 0, 0, 2, 0, 0, 0, 0, 0, 3, 0, 1, 0, 2, 0, 0, 0, 0, 1, 3, 1, 0, 0, 1, 1, 3, 0, 0, 1, 0, 2, 0, 0, 0, 0, 0, 1, 0, 0, 0, 1, 1, 0, 2, 0, 0, 0, 1, 2, 1, 1, 0, 0, 0, 1, 0, 0, 2, 0, 0, 3, 0, 0, 0, 1, 0, 0, 0, 0, 0, 0, 1, 1, 0, 0, 0, 1, 3, 0, 2, 1, 1],964.5999201164345,55335.330859542846,127695.30227055156,false
3,G3_TWC,G1_CMAX,[31, 22, 82, 15, 26, 9, 95, 42, 77, 12, 47, 5, 93, 78, 86, 54, 85, 63, 18, 44, 20, 35, 43, 97, 91, 76, 10, 30, 21, 45, 71, 64, 1, 23, 17, 83, 24, 41, 60, 36, 6, 57, 40, 88, 65, 56, 79, 69, 67, 68, 46, 75, 38, 58, 19, 32, 81, 48, 27, 62, 87, 90, 99, 59, 11, 16, 72, 73, 70, 39, 37, 84, 3, 92, 25, 55, 28, 51, 29, 7, 96, 61, 98, 33, 89, 50, 66, 8, 80, 53, 14, 2, 34, 4, 52, 49, 0, 94, 74, 13]|[1, 1, 0, 1, 1, 0, 1, 2, 2, 1, 2, 2, 2, 1, 1, 0, 0, 0, 0, 2, 2, 0, 1, 2, 0, 1, 2, 2, 0, 0, 1, 2, 1, 2, 1, 0, 2, 1, 1, 1, 0, 1, 1, 1, 0, 2, 1, 2, 0, 0, 0, 0, 1, 1, 2, 1, 2, 1, 0, 0, 2, 1, 0, 1, 2, 1, 2, 1, 1, 1, 0, 1, 1, 0, 1, 1, 1, 0, 0, 1, 1, 1, 0, 0, 1, 0, 2, 1, 0, 0, 0, 0, 2, 1, 2, 0, 0, 1, 2, 0]|[4, 3, 2, 2, 4, 1, 2, 2, 1, 4, 0, 1, 2, 4, 4, 1, 2, 1, 2, 1, 1, 1, 1, 2, 1, 2, 1, 1, 1, 1, 3, 2, 3, 0, 4, 0, 1, 4, 0, 3, 2, 2, 2, 0, 1, 1, 0, 2, 0, 1, 2, 2, 1, 0, 0, 3, 2, 4, 1, 2, 2, 3, 1, 1, 1, 3, 0, 4, 3, 1, 1, 1, 1, 0, 4, 4, 4, 1, 1, 1, 3, 1, 1, 2, 1, 1, 0, 3, 1, 2, 2, 2, 1, 4, 1, 1, 2, 4, 0, 2]|[0, 2, 1, 1, 3, 0, 1, 0, 0, 0, 0, 0, 1, 0, 1, 0, 0, 0, 1, 0, 0, 0, 3, 1, 0, 2, 0, 0, 0, 1, 0, 0, 0, 0, 3, 0, 1, 3, 0, 2, 1, 1, 1, 0, 0, 0, 0, 0, 1, 0, 0, 0, 1, 3, 0, 0, 1, 2, 0, 1, 0, 2, 0, 1, 0, 2, 1, 0, 0, 1, 0, 3, 1, 1, 3, 3, 1, 0, 0, 2, 2, 3, 0, 1, 1, 0, 0, 2, 0, 1, 0, 0, 0, 0, 0, 1, 0, 2, 0, 0],806.9143460718665,57908.12513348024,107465.88407950419,true
3,G1_CMAX,G1_CMAX,[31, 22, 82, 15, 26, 9, 95, 42, 77, 12, 47, 5, 93, 78, 86, 54, 85, 63, 18, 44, 20, 35, 43, 97, 91, 76, 10, 30, 21, 45, 71, 64, 1, 23, 17, 83, 24, 41, 60, 36, 6, 57, 40, 88, 65, 56, 79, 69, 67, 68, 46, 75, 38, 58, 19, 32, 81, 48, 27, 62, 87, 90, 99, 59, 11, 16, 72, 73, 70, 89, 96, 84, 3, 92, 25, 55, 28, 51, 29, 7, 37, 61, 98, 33, 39, 50, 66, 80, 8, 53, 14, 2, 34, 4, 52, 49, 0, 94, 74, 13]|[1, 1, 0, 1, 1, 0, 1, 2, 2, 1, 2, 2, 2, 1, 1, 0, 0, 0, 0, 2, 2, 0, 1, 2, 0, 1, 2, 2, 0, 0, 1, 2, 1, 2, 1, 0, 2, 1, 1, 1, 0, 1, 1, 1, 0, 2, 1, 2, 0, 0, 0, 0, 1, 1, 2, 1, 2, 1, 0, 0, 2, 1, 0, 1, 2, 1, 2, 1, 1, 1, 1, 1, 1, 0, 1, 1, 1, 0, 0, 1, 0, 1, 2, 2, 1, 0, 2, 0, 1, 0, 0, 0, 2, 0, 2, 0, 0, 1, 2, 0]|[4, 3, 2, 2, 4, 1, 2, 2, 1, 4, 0, 1, 2, 4, 4, 1, 2, 1, 2, 1, 1, 1, 1, 2, 1, 2, 1, 1, 1, 1, 3, 2, 3, 0, 4, 0, 1, 4, 0, 3, 2, 2, 2, 0, 1, 1, 0, 2, 0, 1, 2, 2, 1, 0, 0, 3, 1, 4, 1, 2, 2, 3, 1, 1, 1, 3, 0, 4, 3, 1, 3, 1, 1, 0, 4, 4, 4, 1, 1, 1, 1, 1, 0, 2, 1, 1, 0, 1, 3, 2, 2, 2, 1, 2, 1, 1, 2, 4, 0, 2]|[0, 2, 1, 1, 3, 0, 1, 0, 0, 0, 0, 0, 1, 0, 1, 0, 0, 0, 1, 0, 0, 0, 3, 1, 0, 2, 0, 0, 0, 1, 0, 0, 0, 0, 3, 0, 1, 3, 0, 2, 1, 1, 1, 0, 0, 0, 0, 0, 1, 0, 0, 0, 1, 3, 0, 0, 0, 2, 0, 1, 0, 2, 0, 1, 0, 2, 1, 0, 0, 1, 2, 3, 1, 1, 3, 3, 1, 0, 0, 2, 0, 3, 0, 0, 1, 0, 0, 0, 2, 1, 0, 0, 0, 0, 0, 1, 0, 2, 0, 0],800.2653185881204,57573.29499760826,112161.56572807231,false
3,G4_BALANCED,G1_CMAX,[31, 22, 82, 15, 26, 9, 95, 42, 77, 12, 47, 5, 93, 78, 86, 54, 85, 63, 18, 44, 20, 35, 43, 97, 91, 76, 10, 30, 21, 45, 71, 64, 1, 23, 17, 83, 24, 41, 60, 36, 6, 57, 40, 88, 65, 56, 79, 69, 67, 68, 46, 75, 38, 58, 19, 32, 81, 48, 27, 62, 87, 90, 99, 59, 11, 16, 72, 73, 70, 89, 96, 84, 3, 92, 25, 55, 28, 51, 29, 7, 37, 61, 98, 33, 39, 50, 66, 80, 8, 53, 14, 2, 34, 4, 52, 49, 0, 94, 74, 13]|[1, 1, 0, 1, 1, 0, 1, 2, 2, 1, 2, 2, 2, 1, 1, 0, 0, 0, 0, 2, 2, 0, 1, 2, 0, 1, 2, 2, 0, 0, 1, 2, 1, 2, 1, 0, 2, 1, 1, 1, 0, 1, 1, 1, 0, 2, 1, 2, 0, 0, 0, 0, 1, 1, 2, 1, 2, 1, 0, 0, 2, 1, 0, 1, 2, 1, 2, 1, 1, 1, 1, 1, 1, 0, 1, 1, 1, 0, 0, 1, 0, 1, 2, 2, 1, 0, 2, 0, 1, 0, 0, 0, 2, 0, 2, 0, 0, 1, 2, 0]|[4, 3, 2, 2, 4, 1, 2, 2, 1, 4, 0, 1, 2, 4, 4, 1, 2, 1, 2, 1, 1, 1, 1, 2, 1, 2, 1, 1, 1, 1, 3, 2, 3, 0, 4, 0, 1, 4, 0, 3, 2, 2, 2, 0, 1, 1, 0, 2, 0, 1, 2, 2, 1, 0, 0, 3, 1, 4, 1, 2, 2, 3, 1, 1, 1, 3, 0, 4, 3, 1, 3, 1, 1, 0, 4, 4, 4, 1, 1, 1, 1, 1, 0, 2, 1, 1, 0, 1, 3, 2, 2, 2, 1, 2, 1, 1, 2, 4, 0, 2]|[0, 2, 1, 1, 3, 0, 1, 0, 0, 0, 0, 0, 1, 0, 1, 0, 0, 0, 1, 0, 0, 0, 3, 1, 0, 2, 0, 0, 0, 1, 0, 0, 0, 0, 3, 0, 1, 3, 0, 2, 1, 1, 1, 0, 0, 0, 0, 0, 1, 0, 0, 0, 1, 3, 0, 0, 0, 2, 0, 1, 0, 2, 0, 1, 0, 2, 1, 0, 0, 1, 2, 3, 1, 1, 3, 3, 1, 0, 0, 2, 0, 3, 0, 0, 1, 0, 0, 0, 2, 1, 0, 0, 0, 0, 0, 1, 0, 2, 0, 0],800.2653185881204,57573.29499760826,112161.56572807231,true
3,G2_TEC,G2_TEC,[31, 22, 82, 15, 26, 9, 95, 42, 77, 4, 47, 5, 93, 78, 86, 54, 85, 63, 18, 44, 20, 49, 36, 14, 48, 50, 53, 17, 21, 45, 71, 64, 3, 23, 30, 83, 24, 41, 60, 52, 65, 27, 90, 70, 39, 87, 74, 69, 99, 68, 46, 1, 38, 58, 97, 59, 28, 8, 73, 37, 35, 79, 11, 66, 76, 57, 72, 16, 92, 6, 80, 61, 33, 98, 32, 34, 51, 67, 10, 7, 56, 43, 62, 19, 91, 13, 29, 96, 0, 81, 75, 40, 2, 55, 88, 25, 12, 94, 89, 84]|[0, 1, 2, 1, 1, 2, 2, 0, 1, 1, 1, 0, 2, 2, 1, 2, 0, 0, 0, 2, 2, 1, 0, 2, 2, 2, 2, 1, 0, 1, 1, 1, 0, 0, 2, 0, 2, 1, 2, 2, 0, 1, 1, 1, 0, 2, 0, 2, 1, 0, 0, 2, 2, 0, 2, 0, 2, 1, 0, 0, 2, 1, 0, 0, 2, 0, 1, 1, 0, 0, 0, 1, 1, 0, 0, 1, 0, 0, 1, 2, 2, 2, 0, 2, 1, 0, 1, 0, 0, 1, 2, 2, 2, 1, 1, 1, 1, 1, 1, 0]|[1, 3, 0, 2, 4, 1, 1, 0, 2, 4, 2, 2, 1, 0, 2, 1, 1, 1, 2, 1, 2, 3, 0, 1, 0, 1, 1, 4, 1, 0, 3, 2, 2, 0, 1, 1, 1, 4, 0, 1, 2, 2, 4, 4, 1, 1, 0, 2, 3, 1, 2, 1, 2, 1, 1, 2, 0, 3, 0, 2, 2, 3, 1, 2, 1, 2, 4, 0, 0, 1, 1, 3, 4, 1, 2, 4, 0, 1, 3, 1, 0, 1, 2, 0, 3, 2, 3, 2, 2, 1, 2, 0, 1, 3, 4, 4, 3, 4, 4, 2]|[1, 2, 0, 1, 3, 0, 0, 0, 0, 0, 2, 0, 1, 0, 1, 0, 0, 0, 1, 0, 0, 2, 0, 0, 0, 0, 0, 3, 0, 1, 0, 2, 0, 0, 0, 0, 1, 3, 1, 0, 0, 1, 1, 3, 0, 0, 1, 0, 2, 0, 0, 0, 0, 0, 1, 0, 0, 0, 1, 1, 0, 2, 0, 0, 0, 1, 2, 1, 1, 0, 0, 0, 1, 0, 0, 2, 0, 0, 3, 0, 0, 0, 1, 0, 0, 0, 0, 0, 0, 1, 1, 0, 0, 0, 1, 3, 0, 2, 1, 1],964.5999201164345,55335.330859542846,127695.30227055156,false
3,G3_TWC,G1_CMAX,[31, 22, 82, 15, 26, 9, 95, 42, 77, 12, 47, 5, 93, 78, 86, 54, 85, 63, 18, 44, 20, 35, 43, 97, 91, 76, 10, 30, 21, 45, 71, 64, 1, 23, 17, 83, 24, 41, 60, 36, 6, 57, 40, 88, 65, 56, 79, 69, 67, 68, 46, 75, 38, 58, 19, 32, 81, 48, 27, 62, 87, 90, 99, 59, 11, 16, 72, 73, 70, 39, 37, 84, 3, 92, 25, 55, 28, 51, 29, 7, 96, 61, 98, 33, 89, 50, 66, 8, 80, 53, 14, 2, 34, 4, 52, 49, 0, 94, 74, 13]|[1, 1, 0, 1, 1, 0, 1, 2, 2, 1, 2, 2, 2, 1, 1, 0, 0, 0, 0, 2, 2, 0, 1, 2, 0, 1, 2, 2, 0, 0, 1, 2, 1, 2, 1, 0, 2, 1, 1, 1, 0, 1, 1, 1, 0, 2, 1, 2, 0, 0, 0, 0, 1, 1, 2, 1, 2, 1, 0, 0, 2, 1, 0, 1, 2, 1, 2, 1, 1, 1, 0, 1, 1, 0, 1, 1, 1, 0, 0, 1, 1, 1, 0, 0, 1, 0, 2, 1, 0, 0, 0, 0, 2, 1, 2, 0, 0, 1, 2, 0]|[4, 3, 2, 2, 4, 1, 2, 2, 1, 4, 0, 1, 2, 4, 4, 1, 2, 1, 2, 1, 1, 1, 1, 2, 1, 2, 1, 1, 1, 1, 3, 2, 3, 0, 4, 0, 1, 4, 0, 3, 2, 2, 2, 0, 1, 1, 0, 2, 0, 1, 2, 2, 1, 0, 0, 3, 2, 4, 1, 2, 2, 3, 1, 1, 1, 3, 0, 4, 3, 1, 1, 1, 1, 0, 4, 4, 4, 1, 1, 1, 3, 1, 1, 2, 1, 1, 0, 3, 1, 2, 2, 2, 1, 4, 1, 1, 2, 4, 0, 2]|[0, 2, 1, 1, 3, 0, 1, 0, 0, 0, 0, 0, 1, 0, 1, 0, 0, 0, 1, 0, 0, 0, 3, 1, 0, 2, 0, 0, 0, 1, 0, 0, 0, 0, 3, 0, 1, 3, 0, 2, 1, 1, 1, 0, 0, 0, 0, 0, 1, 0, 0, 0, 1, 3, 0, 0, 1, 2, 0, 1, 0, 2, 0, 1, 0, 2, 1, 0, 0, 1, 0, 3, 1, 1, 3, 3, 1, 0, 0, 2, 2, 3, 0, 1, 1, 0, 0, 2, 0, 1, 0, 0, 0, 0, 0, 1, 0, 2, 0, 0],806.9143460718665,57908.12513348024,107465.88407950419,true
3,G1_CMAX,G1_CMAX,[31, 22, 82, 15, 26, 9, 95, 42, 77, 12, 47, 5, 93, 78, 86, 54, 85, 63, 18, 44, 20, 35, 43, 97, 91, 76, 10, 30, 21, 45, 71, 64, 1, 23, 17, 83, 24, 41, 60, 36, 6, 57, 40, 88, 65, 56, 79, 69, 67, 68, 46, 75, 38, 58, 19, 32, 81, 48, 27, 62, 87, 90, 99, 59, 11, 16, 72, 73, 70, 89, 96, 84, 3, 92, 25, 55, 28, 51, 29, 7, 37, 61, 98, 33, 39, 50, 66, 80, 8, 53, 14, 2, 34, 4, 52, 49, 0, 94, 74, 13]|[1, 1, 0, 1, 1, 0, 1, 2, 2, 1, 2, 2, 2, 1, 1, 0, 0, 0, 0, 2, 2, 0, 1, 2, 0, 1, 2, 2, 0, 0, 1, 2, 1, 2, 1, 0, 2, 1, 1, 1, 0, 1, 1, 1, 0, 2, 1, 2, 0, 0, 0, 0, 1, 1, 2, 1, 2, 1, 0, 0, 2, 1, 0, 1, 2, 1, 2, 1, 1, 1, 1, 1, 1, 0, 1, 1, 1, 0, 0, 1, 0, 1, 2, 2, 1, 0, 2, 0, 1, 0, 0, 0, 2, 0, 2, 0, 0, 1, 2, 0]|[4, 3, 2, 2, 4, 1, 2, 2, 1, 4, 0, 1, 2, 4, 4, 1, 2, 1, 2, 1, 1, 1, 1, 2, 1, 2, 1, 1, 1, 1, 3, 2, 3, 0, 4, 0, 1, 4, 0, 3, 2, 2, 2, 0, 1, 1, 0, 2, 0, 1, 2, 2, 1, 0, 0, 3, 1, 4, 1, 2, 2, 3, 1, 1, 1, 3, 0, 4, 3, 1, 3, 1, 1, 0, 4, 4, 4, 1, 1, 1, 1, 1, 0, 2, 1, 1, 0, 1, 3, 2, 2, 2, 1, 2, 1, 1, 2, 4, 0, 2]|[0, 2, 1, 1, 3, 0, 1, 0, 0, 0, 0, 0, 1, 0, 1, 0, 0, 0, 1, 0, 0, 0, 3, 1, 0, 2, 0, 0, 0, 1, 0, 0, 0, 0, 3, 0, 1, 3, 0, 2, 1, 1, 1, 0, 0, 0, 0, 0, 1, 0, 0, 0, 1, 3, 0, 0, 0, 2, 0, 1, 0, 2, 0, 1, 0, 2, 1, 0, 0, 1, 2, 3, 1, 1, 3, 3, 1, 0, 0, 2, 0, 3, 0, 0, 1, 0, 0, 0, 2, 1, 0, 0, 0, 0, 0, 1, 0, 2, 0, 0],800.2653185881204,57573.29499760826,112161.56572807231,false
3,G4_BALANCED,G1_CMAX,[31, 22, 82, 15, 26, 9, 95, 42, 77, 12, 47, 5, 93, 78, 86, 54, 85, 63, 18, 44, 20, 35, 43, 97, 91, 76, 10, 30, 21, 45, 71, 64, 1, 23, 17, 83, 24, 41, 60, 36, 6, 57, 40, 88, 65, 56, 79, 69, 67, 68, 46, 75, 38, 58, 19, 32, 81, 48, 27, 62, 87, 90, 99, 59, 11, 16, 72, 73, 70, 89, 96, 84, 3, 92, 25, 55, 28, 51, 29, 7, 37, 61, 98, 33, 39, 50, 66, 80, 8, 53, 14, 2, 34, 4, 52, 49, 0, 94, 74, 13]|[1, 1, 0, 1, 1, 0, 1, 2, 2, 1, 2, 2, 2, 1, 1, 0, 0, 0, 0, 2, 2, 0, 1, 2, 0, 1, 2, 2, 0, 0, 1, 2, 1, 2, 1, 0, 2, 1, 1, 1, 0, 1, 1, 1, 0, 2, 1, 2, 0, 0, 0, 0, 1, 1, 2, 1, 2, 1, 0, 0, 2, 1, 0, 1, 2, 1, 2, 1, 1, 1, 1, 1, 1, 0, 1, 1, 1, 0, 0, 1, 0, 1, 2, 2, 1, 0, 2, 0, 1, 0, 0, 0, 2, 0, 2, 0, 0, 1, 2, 0]|[4, 3, 2, 2, 4, 1, 2, 2, 1, 4, 0, 1, 2, 4, 4, 1, 2, 1, 2, 1, 1, 1, 1, 2, 1, 2, 1, 1, 1, 1, 3, 2, 3, 0, 4, 0, 1, 4, 0, 3, 2, 2, 2, 0, 1, 1, 0, 2, 0, 1, 2, 2, 1, 0, 0, 3, 1, 4, 1, 2, 2, 3, 1, 1, 1, 3, 0, 4, 3, 1, 3, 1, 1, 0, 4, 4, 4, 1, 1, 1, 1, 1, 0, 2, 1, 1, 0, 1, 3, 2, 2, 2, 1, 2, 1, 1, 2, 4, 0, 2]|[0, 2, 1, 1, 3, 0, 1, 0, 0, 0, 0, 0, 1, 0, 1, 0, 0, 0, 1, 0, 0, 0, 3, 1, 0, 2, 0, 0, 0, 1, 0, 0, 0, 0, 3, 0, 1, 3, 0, 2, 1, 1, 1, 0, 0, 0, 0, 0, 1, 0, 0, 0, 1, 3, 0, 0, 0, 2, 0, 1, 0, 2, 0, 1, 0, 2, 1, 0, 0, 1, 2, 3, 1, 1, 3, 3, 1, 0, 0, 2, 0, 3, 0, 0, 1, 0, 0, 0, 2, 1, 0, 0, 0, 0, 0, 1, 0, 2, 0, 0],800.2653185881204,57573.29499760826,112161.56572807231,true
3,G2_TEC,G2_TEC,[31, 22, 82, 15, 26, 9, 95, 42, 77, 4, 47, 5, 93, 78, 86, 54, 85, 63, 18, 44, 20, 49, 36, 14, 48, 50, 53, 17, 21, 45, 71, 64, 3, 23, 30, 83, 24, 41, 60, 52, 65, 27, 90, 70, 39, 87, 74, 69, 99, 68, 46, 1, 38, 58, 97, 59, 28, 8, 73, 37, 35, 79, 11, 66, 76, 57, 72, 16, 92, 6, 80, 61, 33, 98, 32, 34, 51, 67, 10, 7, 56, 43, 62, 19, 91, 13, 29, 96, 0, 81, 75, 40, 2, 55, 88, 25, 12, 94, 89, 84]|[0, 1, 2, 1, 1, 2, 2, 0, 1, 1, 1, 0, 2, 2, 1, 2, 0, 0, 0, 2, 2, 1, 0, 2, 2, 2, 2, 1, 0, 1, 1, 1, 0, 0, 2, 0, 2, 1, 2, 2, 0, 1, 1, 1, 0, 2, 0, 2, 1, 0, 0, 2, 2, 0, 2, 0, 2, 1, 0, 0, 2, 1, 0, 0, 2, 0, 1, 1, 0, 0, 0, 1, 1, 0, 0, 1, 0, 0, 1, 2, 2, 2, 0, 2, 1, 0, 1, 0, 0, 1, 2, 2, 2, 1, 1, 1, 1, 1, 1, 0]|[1, 3, 0, 2, 4, 1, 1, 0, 2, 4, 2, 2, 1, 0, 2, 1, 1, 1, 2, 1, 2, 3, 0, 1, 0, 1, 1, 4, 1, 0, 3, 2, 2, 0, 1, 1, 1, 4, 0, 1, 2, 2, 4, 4, 1, 1, 0, 2, 3, 1, 2, 1, 2, 1, 1, 2, 0, 3, 0, 2, 2, 3, 1, 2, 1, 2, 4, 0, 0, 1, 1, 3, 4, 1, 2, 4, 0, 1, 3, 1, 0, 1, 2, 0, 3, 2, 3, 2, 2, 1, 2, 0, 1, 3, 4, 4, 3, 4, 4, 2]|[1, 2, 0, 1, 3, 0, 0, 0, 0, 0, 2, 0, 1, 0, 1, 0, 0, 0, 1, 0, 0, 2, 0, 0, 0, 0, 0, 3, 0, 1, 0, 2, 0, 0, 0, 0, 1, 3, 1, 0, 0, 1, 1, 3, 0, 0, 1, 0, 2, 0, 0, 0, 0, 0, 1, 0, 0, 0, 1, 1, 0, 2, 0, 0, 0, 1, 2, 1, 1, 0, 0, 0, 1, 0, 0, 2, 0, 0, 3, 0, 0, 0, 1, 0, 0, 0, 0, 0, 0, 1, 1, 0, 0, 0, 1, 3, 0, 2, 1, 1],964.5999201164345,55335.330859542846,127695.30227055156,false
3,G3_TWC,G1_CMAX,[31, 22, 82, 15, 26, 9, 95, 42, 77, 12, 47, 5, 93, 78, 86, 54, 85, 63, 18, 44, 20, 35, 43, 97, 91, 76, 10, 30, 21, 45, 71, 64, 1, 23, 17, 83, 24, 41, 60, 36, 6, 57, 40, 88, 65, 56, 79, 69, 67, 68, 46, 75, 38, 58, 19, 32, 81, 48, 27, 62, 87, 90, 99, 59, 11, 16, 72, 73, 70, 39, 37, 84, 3, 92, 25, 55, 28, 51, 29, 7, 96, 61, 98, 33, 89, 50, 66, 8, 80, 53, 14, 2, 34, 4, 52, 49, 0, 94, 74, 13]|[1, 1, 0, 1, 1, 0, 1, 2, 2, 1, 2, 2, 2, 1, 1, 0, 0, 0, 0, 2, 2, 0, 1, 2, 0, 1, 2, 2, 0, 0, 1, 2, 1, 2, 1, 0, 2, 1, 1, 1, 0, 1, 1, 1, 0, 2, 1, 2, 0, 0, 0, 0, 1, 1, 2, 1, 2, 1, 0, 0, 2, 1, 0, 1, 2, 1, 2, 1, 1, 1, 0, 1, 1, 0, 1, 1, 1, 0, 0, 1, 1, 1, 0, 0, 1, 0, 2, 1, 0, 0, 0, 0, 2, 1, 2, 0, 0, 1, 2, 0]|[4, 3, 2, 2, 4, 1, 2, 2, 1, 4, 0, 1, 2, 4, 4, 1, 2, 1, 2, 1, 1, 1, 1, 2, 1, 2, 1, 1, 1, 1, 3, 2, 3, 0, 4, 0, 1, 4, 0, 3, 2, 2, 2, 0, 1, 1, 0, 2, 0, 1, 2, 2, 1, 0, 0, 3, 2, 4, 1, 2, 2, 3, 1, 1, 1, 3, 0, 4, 3, 1, 1, 1, 1, 0, 4, 4, 4, 1, 1, 1, 3, 1, 1, 2, 1, 1, 0, 3, 1, 2, 2, 2, 1, 4, 1, 1, 2, 4, 0, 2]|[0, 2, 1, 1, 3, 0, 1, 0, 0, 0, 0, 0, 1, 0, 1, 0, 0, 0, 1, 0, 0, 0, 3, 1, 0, 2, 0, 0, 0, 1, 0, 0, 0, 0, 3, 0, 1, 3, 0, 2, 1, 1, 1, 0, 0, 0, 0, 0, 1, 0, 0, 0, 1, 3, 0, 0, 1, 2, 0, 1, 0, 2, 0, 1, 0, 2, 1, 0, 0, 1, 0, 3, 1, 1, 3, 3, 1, 0, 0, 2, 2, 3, 0, 1, 1, 0, 0, 2, 0, 1, 0, 0, 0, 0, 0, 1, 0, 2, 0, 0],806.9143460718665,57908.12513348024,107465.88407950419,true
3,G1_CMAX,G1_CMAX,[31, 22, 82, 15, 26, 9, 95, 42, 77, 12, 47, 5, 93, 78, 86, 54, 85, 63, 18, 44, 20, 35, 43, 97, 91, 76, 10, 30, 21, 45, 71, 64, 1, 23, 17, 83, 24, 41, 60, 36, 6, 57, 40, 88, 65, 56, 79, 69, 67, 68, 46, 75, 38, 58, 19, 32, 81, 48, 27, 62, 87, 90, 99, 59, 11, 16, 72, 73, 70, 89, 96, 84, 3, 92, 25, 55, 28, 51, 29, 7, 37, 61, 98, 33, 39, 50, 66, 80, 8, 53, 14, 2, 34, 4, 52, 49, 0, 94, 74, 13]|[1, 1, 0, 1, 1, 0, 1, 2, 2, 1, 2, 2, 2, 1, 1, 0, 0, 0, 0, 2, 2, 0, 1, 2, 0, 1, 2, 2, 0, 0, 1, 2, 1, 2, 1, 0, 2, 1, 1, 1, 0, 1, 1, 1, 0, 2, 1, 2, 0, 0, 0, 0, 1, 1, 2, 1, 2, 1, 0, 0, 2, 1, 0, 1, 2, 1, 2, 1, 1, 1, 1, 1, 1, 0, 1, 1, 1, 0, 0, 1, 0, 1, 2, 2, 1, 0, 2, 0, 1, 0, 0, 0, 2, 0, 2, 0, 0, 1, 2, 0]|[4, 3, 2, 2, 4, 1, 2, 2, 1, 4, 0, 1, 2, 4, 4, 1, 2, 1, 2, 1, 1, 1, 1, 2, 1, 2, 1, 1, 1, 1, 3, 2, 3, 0, 4, 0, 1, 4, 0, 3, 2, 2, 2, 0, 1, 1, 0, 2, 0, 1, 2, 2, 1, 0, 0, 3, 1, 4, 1, 2, 2, 3, 1, 1, 1, 3, 0, 4, 3, 1, 3, 1, 1, 0, 4, 4, 4, 1, 1, 1, 1, 1, 0, 2, 1, 1, 0, 1, 3, 2, 2, 2, 1, 2, 1, 1, 2, 4, 0, 2]|[0, 2, 1, 1, 3, 0, 1, 0, 0, 0, 0, 0, 1, 0, 1, 0, 0, 0, 1, 0, 0, 0, 3, 1, 0, 2, 0, 0, 0, 1, 0, 0, 0, 0, 3, 0, 1, 3, 0, 2, 1, 1, 1, 0, 0, 0, 0, 0, 1, 0, 0, 0, 1, 3, 0, 0, 0, 2, 0, 1, 0, 2, 0, 1, 0, 2, 1, 0, 0, 1, 2, 3, 1, 1, 3, 3, 1, 0, 0, 2, 0, 3, 0, 0, 1, 0, 0, 0, 2, 1, 0, 0, 0, 0, 0, 1, 0, 2, 0, 0],800.2653185881204,57573.29499760826,112161.56572807231,false
3,G4_BALANCED,G1_CMAX,[31, 22, 82, 15, 26, 9, 95, 42, 77, 12, 47, 5, 93, 78, 86, 54, 85, 63, 18, 44, 20, 35, 43, 97, 91, 76, 10, 30, 21, 45, 71, 64, 1, 23, 17, 83, 24, 41, 60, 36, 6, 57, 40, 88, 65, 56, 79, 69, 67, 68, 46, 75, 38, 58, 19, 32, 81, 48, 27, 62, 87, 90, 99, 59, 11, 16, 72, 73, 70, 89, 96, 84, 3, 92, 25, 55, 28, 51, 29, 7, 37, 61, 98, 33, 39, 50, 66, 80, 8, 53, 14, 2, 34, 4, 52, 49, 0, 94, 74, 13]|[1, 1, 0, 1, 1, 0, 1, 2, 2, 1, 2, 2, 2, 1, 1, 0, 0, 0, 0, 2, 2, 0, 1, 2, 0, 1, 2, 2, 0, 0, 1, 2, 1, 2, 1, 0, 2, 1, 1, 1, 0, 1, 1, 1, 0, 2, 1, 2, 0, 0, 0, 0, 1, 1, 2, 1, 2, 1, 0, 0, 2, 1, 0, 1, 2, 1, 2, 1, 1, 1, 1, 1, 1, 0, 1, 1, 1, 0, 0, 1, 0, 1, 2, 2, 1, 0, 2, 0, 1, 0, 0, 0, 2, 0, 2, 0, 0, 1, 2, 0]|[4, 3, 2, 2, 4, 1, 2, 2, 1, 4, 0, 1, 2, 4, 4, 1, 2, 1, 2, 1, 1, 1, 1, 2, 1, 2, 1, 1, 1, 1, 3, 2, 3, 0, 4, 0, 1, 4, 0, 3, 2, 2, 2, 0, 1, 1, 0, 2, 0, 1, 2, 2, 1, 0, 0, 3, 1, 4, 1, 2, 2, 3, 1, 1, 1, 3, 0, 4, 3, 1, 3, 1, 1, 0, 4, 4, 4, 1, 1, 1, 1, 1, 0, 2, 1, 1, 0, 1, 3, 2, 2, 2, 1, 2, 1, 1, 2, 4, 0, 2]|[0, 2, 1, 1, 3, 0, 1, 0, 0, 0, 0, 0, 1, 0, 1, 0, 0, 0, 1, 0, 0, 0, 3, 1, 0, 2, 0, 0, 0, 1, 0, 0, 0, 0, 3, 0, 1, 3, 0, 2, 1, 1, 1, 0, 0, 0, 0, 0, 1, 0, 0, 0, 1, 3, 0, 0, 0, 2, 0, 1, 0, 2, 0, 1, 0, 2, 1, 0, 0, 1, 2, 3, 1, 1, 3, 3, 1, 0, 0, 2, 0, 3, 0, 0, 1, 0, 0, 0, 2, 1, 0, 0, 0, 0, 0, 1, 0, 2, 0, 0],800.2653185881204,57573.29499760826,112161.56572807231,true
3,G2_TEC,G2_TEC,[31, 22, 82, 15, 26, 9, 95, 42, 77, 4, 47, 5, 93, 78, 86, 54, 85, 63, 18, 44, 20, 49, 36, 14, 48, 50, 53, 17, 21, 45, 71, 64, 3, 23, 30, 83, 24, 41, 60, 52, 65, 27, 90, 70, 39, 87, 74, 69, 99, 68, 46, 1, 38, 58, 97, 59, 28, 8, 73, 37, 35, 79, 11, 66, 76, 57, 72, 16, 92, 6, 80, 61, 33, 98, 32, 34, 51, 67, 10, 7, 56, 43, 62, 19, 91, 13, 29, 96, 0, 81, 75, 40, 2, 55, 88, 25, 12, 94, 89, 84]|[0, 1, 2, 1, 1, 2, 2, 0, 1, 1, 1, 0, 2, 2, 1, 2, 0, 0, 0, 2, 2, 1, 0, 2, 2, 2, 2, 1, 0, 1, 1, 1, 0, 0, 2, 0, 2, 1, 2, 2, 0, 1, 1, 1, 0, 2, 0, 2, 1, 0, 0, 2, 2, 0, 2, 0, 2, 1, 0, 0, 2, 1, 0, 0, 2, 0, 1, 1, 0, 0, 0, 1, 1, 0, 0, 1, 0, 0, 1, 2, 2, 2, 0, 2, 1, 0, 1, 0, 0, 1, 2, 2, 2, 1, 1, 1, 1, 1, 1, 0]|[1, 3, 0, 2, 4, 1, 1, 0, 2, 4, 2, 2, 1, 0, 2, 1, 1, 1, 2, 1, 2, 3, 0, 1, 0, 1, 1, 4, 1, 0, 3, 2, 2, 0, 1, 1, 1, 4, 0, 1, 2, 2, 4, 4, 1, 1, 0, 2, 3, 1, 2, 1, 2, 1, 1, 2, 0, 3, 0, 2, 2, 3, 1, 2, 1, 2, 4, 0, 0, 1, 1, 3, 4, 1, 2, 4, 0, 1, 3, 1, 0, 1, 2, 0, 3, 2, 3, 2, 2, 1, 2, 0, 1, 3, 4, 4, 3, 4, 4, 2]|[1, 2, 0, 1, 3, 0, 0, 0, 0, 0, 2, 0, 1, 0, 1, 0, 0, 0, 1, 0, 0, 2, 0, 0, 0, 0, 0, 3, 0, 1, 0, 2, 0, 0, 0, 0, 1, 3, 1, 0, 0, 1, 1, 3, 0, 0, 1, 0, 2, 0, 0, 0, 0, 0, 1, 0, 0, 0, 1, 1, 0, 2, 0, 0, 0, 1, 2, 1, 1, 0, 0, 0, 1, 0, 0, 2, 0, 0, 3, 0, 0, 0, 1, 0, 0, 0, 0, 0, 0, 1, 1, 0, 0, 0, 1, 3, 0, 2, 1, 1],964.5999201164345,55335.330859542846,127695.30227055156,false
3,G3_TWC,G1_CMAX,[31, 22, 82, 15, 26, 9, 95, 42, 77, 12, 47, 5, 93, 78, 86, 54, 85, 63, 18, 44, 20, 35, 43, 97, 91, 76, 10, 30, 21, 45, 71, 64, 1, 23, 17, 83, 24, 41, 60, 36, 6, 57, 40, 88, 65, 56, 79, 69, 67, 68, 46, 75, 38, 58, 19, 32, 81, 48, 27, 62, 87, 90, 99, 59, 11, 16, 72, 73, 70, 39, 37, 84, 3, 92, 25, 55, 28, 51, 29, 7, 96, 61, 98, 33, 89, 50, 66, 8, 80, 53, 14, 2, 34, 4, 52, 49, 0, 94, 74, 13]|[1, 1, 0, 1, 1, 0, 1, 2, 2, 1, 2, 2, 2, 1, 1, 0, 0, 0, 0, 2, 2, 0, 1, 2, 0, 1, 2, 2, 0, 0, 1, 2, 1, 2, 1, 0, 2, 1, 1, 1, 0, 1, 1, 1, 0, 2, 1, 2, 0, 0, 0, 0, 1, 1, 2, 1, 2, 1, 0, 0, 2, 1, 0, 1, 2, 1, 2, 1, 1, 1, 0, 1, 1, 0, 1, 1, 1, 0, 0, 1, 1, 1, 0, 0, 1, 0, 2, 1, 0, 0, 0, 0, 2, 1, 2, 0, 0, 1, 2, 0]|[4, 3, 2, 2, 4, 1, 2, 2, 1, 4, 0, 1, 2, 4, 4, 1, 2, 1, 2, 1, 1, 1, 1, 2, 1, 2, 1, 1, 1, 1, 3, 2, 3, 0, 4, 0, 1, 4, 0, 3, 2, 2, 2, 0, 1, 1, 0, 2, 0, 1, 2, 2, 1, 0, 0, 3, 2, 4, 1, 2, 2, 3, 1, 1, 1, 3, 0, 4, 3, 1, 1, 1, 1, 0, 4, 4, 4, 1, 1, 1, 3, 1, 1, 2, 1, 1, 0, 3, 1, 2, 2, 2, 1, 4, 1, 1, 2, 4, 0, 2]|[0, 2, 1, 1, 3, 0, 1, 0, 0, 0, 0, 0, 1, 0, 1, 0, 0, 0, 1, 0, 0, 0, 3, 1, 0, 2, 0, 0, 0, 1, 0, 0, 0, 0, 3, 0, 1, 3, 0, 2, 1, 1, 1, 0, 0, 0, 0, 0, 1, 0, 0, 0, 1, 3, 0, 0, 1, 2, 0, 1, 0, 2, 0, 1, 0, 2, 1, 0, 0, 1, 0, 3, 1, 1, 3, 3, 1, 0, 0, 2, 2, 3, 0, 1, 1, 0, 0, 2, 0, 1, 0, 0, 0, 0, 0, 1, 0, 2, 0, 0],806.9143460718665,57908.12513348024,107465.88407950419,true
3,G1_CMAX,G1_CMAX,[31, 22, 82, 15, 26, 9, 95, 42, 77, 12, 47, 5, 93, 78, 86, 54, 85, 63, 18, 44, 20, 35, 43, 97, 91, 76, 10, 30, 21, 45, 71, 64, 1, 23, 17, 83, 24, 41, 60, 36, 6, 57, 40, 88, 65, 56, 79, 69, 67, 68, 46, 75, 38, 58, 19, 32, 81, 48, 27, 62, 87, 90, 99, 59, 11, 16, 72, 73, 70, 89, 96, 84, 3, 92, 25, 55, 28, 51, 29, 7, 37, 61, 98, 33, 39, 50, 66, 80, 8, 53, 14, 2, 34, 4, 52, 49, 0, 94, 74, 13]|[1, 1, 0, 1, 1, 0, 1, 2, 2, 1, 2, 2, 2, 1, 1, 0, 0, 0, 0, 2, 2, 0, 1, 2, 0, 1, 2, 2, 0, 0, 1, 2, 1, 2, 1, 0, 2, 1, 1, 1, 0, 1, 1, 1, 0, 2, 1, 2, 0, 0, 0, 0, 1, 1, 2, 1, 2, 1, 0, 0, 2, 1, 0, 1, 2, 1, 2, 1, 1, 1, 1, 1, 1, 0, 1, 1, 1, 0, 0, 1, 0, 1, 2, 2, 1, 0, 2, 0, 1, 0, 0, 0, 2, 0, 2, 0, 0, 1, 2, 0]|[4, 3, 2, 2, 4, 1, 2, 2, 1, 4, 0, 1, 2, 4, 4, 1, 2, 1, 2, 1, 1, 1, 1, 2, 1, 2, 1, 1, 1, 1, 3, 2, 3, 0, 4, 0, 1, 4, 0, 3, 2, 2, 2, 0, 1, 1, 0, 2, 0, 1, 2, 2, 1, 0, 0, 3, 1, 4, 1, 2, 2, 3, 1, 1, 1, 3, 0, 4, 3, 1, 3, 1, 1, 0, 4, 4, 4, 1, 1, 1, 1, 1, 0, 2, 1, 1, 0, 1, 3, 2, 2, 2, 1, 2, 1, 1, 2, 4, 0, 2]|[0, 2, 1, 1, 3, 0, 1, 0, 0, 0, 0, 0, 1, 0, 1, 0, 0, 0, 1, 0, 0, 0, 3, 1, 0, 2, 0, 0, 0, 1, 0, 0, 0, 0, 3, 0, 1, 3, 0, 2, 1, 1, 1, 0, 0, 0, 0, 0, 1, 0, 0, 0, 1, 3, 0, 0, 0, 2, 0, 1, 0, 2, 0, 1, 0, 2, 1, 0, 0, 1, 2, 3, 1, 1, 3, 3, 1, 0, 0, 2, 0, 3, 0, 0, 1, 0, 0, 0, 2, 1, 0, 0, 0, 0, 0, 1, 0, 2, 0, 0],800.2653185881204,57573.29499760826,112161.56572807231,false
3,G4_BALANCED,G1_CMAX,[31, 22, 82, 15, 26, 9, 95, 42, 77, 12, 47, 5, 93, 78, 86, 54, 85, 63, 18, 44, 20, 35, 43, 97, 91, 76, 10, 30, 21, 45, 71, 64, 1, 23, 17, 83, 24, 41, 60, 36, 6, 57, 40, 88, 65, 56, 79, 69, 67, 68, 46, 75, 38, 58, 19, 32, 81, 48, 27, 62, 87, 90, 99, 59, 11, 16, 72, 73, 70, 89, 96, 84, 3, 92, 25, 55, 28, 51, 29, 7, 37, 61, 98, 33, 39, 50, 66, 80, 8, 53, 14, 2, 34, 4, 52, 49, 0, 94, 74, 13]|[1, 1, 0, 1, 1, 0, 1, 2, 2, 1, 2, 2, 2, 1, 1, 0, 0, 0, 0, 2, 2, 0, 1, 2, 0, 1, 2, 2, 0, 0, 1, 2, 1, 2, 1, 0, 2, 1, 1, 1, 0, 1, 1, 1, 0, 2, 1, 2, 0, 0, 0, 0, 1, 1, 2, 1, 2, 1, 0, 0, 2, 1, 0, 1, 2, 1, 2, 1, 1, 1, 1, 1, 1, 0, 1, 1, 1, 0, 0, 1, 0, 1, 2, 2, 1, 0, 2, 0, 1, 0, 0, 0, 2, 0, 2, 0, 0, 1, 2, 0]|[4, 3, 2, 2, 4, 1, 2, 2, 1, 4, 0, 1, 2, 4, 4, 1, 2, 1, 2, 1, 1, 1, 1, 2, 1, 2, 1, 1, 1, 1, 3, 2, 3, 0, 4, 0, 1, 4, 0, 3, 2, 2, 2, 0, 1, 1, 0, 2, 0, 1, 2, 2, 1, 0, 0, 3, 1, 4, 1, 2, 2, 3, 1, 1, 1, 3, 0, 4, 3, 1, 3, 1, 1, 0, 4, 4, 4, 1, 1, 1, 1, 1, 0, 2, 1, 1, 0, 1, 3, 2, 2, 2, 1, 2, 1, 1, 2, 4, 0, 2]|[0, 2, 1, 1, 3, 0, 1, 0, 0, 0, 0, 0, 1, 0, 1, 0, 0, 0, 1, 0, 0, 0, 3, 1, 0, 2, 0, 0, 0, 1, 0, 0, 0, 0, 3, 0, 1, 3, 0, 2, 1, 1, 1, 0, 0, 0, 0, 0, 1, 0, 0, 0, 1, 3, 0, 0, 0, 2, 0, 1, 0, 2, 0, 1, 0, 2, 1, 0, 0, 1, 2, 3, 1, 1, 3, 3, 1, 0, 0, 2, 0, 3, 0, 0, 1, 0, 0, 0, 2, 1, 0, 0, 0, 0, 0, 1, 0, 2, 0, 0],800.2653185881204,57573.29499760826,112161.56572807231,true
3,G2_TEC,G2_TEC,[31, 22, 82, 15, 26, 9, 95, 42, 77, 4, 47, 5, 93, 78, 86, 54, 85, 63, 18, 44, 20, 49, 36, 14, 48, 50, 53, 17, 21, 45, 71, 64, 3, 23, 30, 83, 24, 41, 60, 52, 65, 27, 90, 70, 39, 87, 74, 69, 99, 68, 46, 1, 38, 58, 97, 59, 28, 8, 73, 37, 35, 79, 11, 66, 76, 57, 72, 16, 92, 6, 80, 61, 33, 98, 32, 34, 51, 67, 10, 7, 56, 43, 62, 19, 91, 13, 29, 96, 0, 81, 75, 40, 2, 55, 88, 25, 12, 94, 89, 84]|[0, 1, 2, 1, 1, 2, 2, 0, 1, 1, 1, 0, 2, 2, 1, 2, 0, 0, 0, 2, 2, 1, 0, 2, 2, 2, 2, 1, 0, 1, 1, 1, 0, 0, 2, 0, 2, 1, 2, 2, 0, 1, 1, 1, 0, 2, 0, 2, 1, 0, 0, 2, 2, 0, 2, 0, 2, 1, 0, 0, 2, 1, 0, 0, 2, 0, 1, 1, 0, 0, 0, 1, 1, 0, 0, 1, 0, 0, 1, 2, 2, 2, 0, 2, 1, 0, 1, 0, 0, 1, 2, 2, 2, 1, 1, 1, 1, 1, 1, 0]|[1, 3, 0, 2, 4, 1, 1, 0, 2, 4, 2, 2, 1, 0, 2, 1, 1, 1, 2, 1, 2, 3, 0, 1, 0, 1, 1, 4, 1, 0, 3, 2, 2, 0, 1, 1, 1, 4, 0, 1, 2, 2, 4, 4, 1, 1, 0, 2, 3, 1, 2, 1, 2, 1, 1, 2, 0, 3, 0, 2, 2, 3, 1, 2, 1, 2, 4, 0, 0, 1, 1, 3, 4, 1, 2, 4, 0, 1, 3, 1, 0, 1, 2, 0, 3, 2, 3, 2, 2, 1, 2, 0, 1, 3, 4, 4, 3, 4, 4, 2]|[1, 2, 0, 1, 3, 0, 0, 0, 0, 0, 2, 0, 1, 0, 1, 0, 0, 0, 1, 0, 0, 2, 0, 0, 0, 0, 0, 3, 0, 1, 0, 2, 0, 0, 0, 0, 1, 3, 1, 0, 0, 1, 1, 3, 0, 0, 1, 0, 2, 0, 0, 0, 0, 0, 1, 0, 0, 0, 1, 1, 0, 2, 0, 0, 0, 1, 2, 1, 1, 0, 0, 0, 1, 0, 0, 2, 0, 0, 3, 0, 0, 0, 1, 0, 0, 0, 0, 0, 0, 1, 1, 0, 0, 0, 1, 3, 0, 2, 1, 1],964.5999201164345,55335.330859542846,127695.30227055156,false
3,G3_TWC,G1_CMAX,[31, 22, 82, 15, 26, 9, 95, 42, 77, 12, 47, 5, 93, 78, 86, 54, 85, 63, 18, 44, 20, 35, 43, 97, 91, 76, 10, 30, 21, 45, 71, 64, 1, 23, 17, 83, 24, 41, 60, 36, 6, 57, 40, 88, 65, 56, 79, 69, 67, 68, 46, 75, 38, 58, 19, 32, 81, 48, 27, 62, 87, 90, 99, 59, 11, 16, 72, 73, 70, 39, 37, 84, 3, 92, 25, 55, 28, 51, 29, 7, 96, 61, 98, 33, 89, 50, 66, 8, 80, 53, 14, 2, 34, 4, 52, 49, 0, 94, 74, 13]|[1, 1, 0, 1, 1, 0, 1, 2, 2, 1, 2, 2, 2, 1, 1, 0, 0, 0, 0, 2, 2, 0, 1, 2, 0, 1, 2, 2, 0, 0, 1, 2, 1, 2, 1, 0, 2, 1, 1, 1, 0, 1, 1, 1, 0, 2, 1, 2, 0, 0, 0, 0, 1, 1, 2, 1, 2, 1, 0, 0, 2, 1, 0, 1, 2, 1, 2, 1, 1, 1, 0, 1, 1, 0, 1, 1, 1, 0, 0, 1, 1, 1, 0, 0, 1, 0, 2, 1, 0, 0, 0, 0, 2, 1, 2, 0, 0, 1, 2, 0]|[4, 3, 2, 2, 4, 1, 2, 2, 1, 4, 0, 1, 2, 4, 4, 1, 2, 1, 2, 1, 1, 1, 1, 2, 1, 2, 1, 1, 1, 1, 3, 2, 3, 0, 4, 0, 1, 4, 0, 3, 2, 2, 2, 0, 1, 1, 0, 2, 0, 1, 2, 2, 1, 0, 0, 3, 2, 4, 1, 2, 2, 3, 1, 1, 1, 3, 0, 4, 3, 1, 1, 1, 1, 0, 4, 4, 4, 1, 1, 1, 3, 1, 1, 2, 1, 1, 0, 3, 1, 2, 2, 2, 1, 4, 1, 1, 2, 4, 0, 2]|[0, 2, 1, 1, 3, 0, 1, 0, 0, 0, 0, 0, 1, 0, 1, 0, 0, 0, 1, 0, 0, 0, 3, 1, 0, 2, 0, 0, 0, 1, 0, 0, 0, 0, 3, 0, 1, 3, 0, 2, 1, 1, 1, 0, 0, 0, 0, 0, 1, 0, 0, 0, 1, 3, 0, 0, 1, 2, 0, 1, 0, 2, 0, 1, 0, 2, 1, 0, 0, 1, 0, 3, 1, 1, 3, 3, 1, 0, 0, 2, 2, 3, 0, 1, 1, 0, 0, 2, 0, 1, 0, 0, 0, 0, 0, 1, 0, 2, 0, 0],806.9143460718665,57908.12513348024,107465.88407950419,true
3,G1_CMAX,G1_CMAX,[31, 22, 82, 15, 26, 9, 95, 42, 77, 12, 47, 5, 93, 78, 86, 54, 85, 63, 18, 44, 20, 35, 43, 97, 91, 76, 10, 30, 21, 45, 71, 64, 1, 23, 17, 83, 24, 41, 60, 36, 6, 57, 40, 88, 65, 56, 79, 69, 67, 68, 46, 75, 38, 58, 19, 32, 81, 48, 27, 62, 87, 90, 99, 59, 11, 16, 72, 73, 70, 89, 96, 84, 3, 92, 25, 55, 28, 51, 29, 7, 37, 61, 98, 33, 39, 50, 66, 80, 8, 53, 14, 2, 34, 4, 52, 49, 0, 94, 74, 13]|[1, 1, 0, 1, 1, 0, 1, 2, 2, 1, 2, 2, 2, 1, 1, 0, 0, 0, 0, 2, 2, 0, 1, 2, 0, 1, 2, 2, 0, 0, 1, 2, 1, 2, 1, 0, 2, 1, 1, 1, 0, 1, 1, 1, 0, 2, 1, 2, 0, 0, 0, 0, 1, 1, 2, 1, 2, 1, 0, 0, 2, 1, 0, 1, 2, 1, 2, 1, 1, 1, 1, 1, 1, 0, 1, 1, 1, 0, 0, 1, 0, 1, 2, 2, 1, 0, 2, 0, 1, 0, 0, 0, 2, 0, 2, 0, 0, 1, 2, 0]|[4, 3, 2, 2, 4, 1, 2, 2, 1, 4, 0, 1, 2, 4, 4, 1, 2, 1, 2, 1, 1, 1, 1, 2, 1, 2, 1, 1, 1, 1, 3, 2, 3, 0, 4, 0, 1, 4, 0, 3, 2, 2, 2, 0, 1, 1, 0, 2, 0, 1, 2, 2, 1, 0, 0, 3, 1, 4, 1, 2, 2, 3, 1, 1, 1, 3, 0, 4, 3, 1, 3, 1, 1, 0, 4, 4, 4, 1, 1, 1, 1, 1, 0, 2, 1, 1, 0, 1, 3, 2, 2, 2, 1, 2, 1, 1, 2, 4, 0, 2]|[0, 2, 1, 1, 3, 0, 1, 0, 0, 0, 0, 0, 1, 0, 1, 0, 0, 0, 1, 0, 0, 0, 3, 1, 0, 2, 0, 0, 0, 1, 0, 0, 0, 0, 3, 0, 1, 3, 0, 2, 1, 1, 1, 0, 0, 0, 0, 0, 1, 0, 0, 0, 1, 3, 0, 0, 0, 2, 0, 1, 0, 2, 0, 1, 0, 2, 1, 0, 0, 1, 2, 3, 1, 1, 3, 3, 1, 0, 0, 2, 0, 3, 0, 0, 1, 0, 0, 0, 2, 1, 0, 0, 0, 0, 0, 1, 0, 2, 0, 0],800.2653185881204,57573.29499760826,112161.56572807231,false
3,G4_BALANCED,G1_CMAX,[31, 22, 82, 15, 26, 9, 95, 42, 77, 12, 47, 5, 93, 78, 86, 54, 85, 63, 18, 44, 20, 35, 43, 97, 91, 76, 10, 30, 21, 45, 71, 64, 1, 23, 17, 83, 24, 41, 60, 36, 6, 57, 40, 88, 65, 56, 79, 69, 67, 68, 46, 75, 38, 58, 19, 32, 81, 48, 27, 62, 87, 90, 99, 59, 11, 16, 72, 73, 70, 89, 96, 84, 3, 92, 25, 55, 28, 51, 29, 7, 37, 61, 98, 33, 39, 50, 66, 80, 8, 53, 14, 2, 34, 4, 52, 49, 0, 94, 74, 13]|[1, 1, 0, 1, 1, 0, 1, 2, 2, 1, 2, 2, 2, 1, 1, 0, 0, 0, 0, 2, 2, 0, 1, 2, 0, 1, 2, 2, 0, 0, 1, 2, 1, 2, 1, 0, 2, 1, 1, 1, 0, 1, 1, 1, 0, 2, 1, 2, 0, 0, 0, 0, 1, 1, 2, 1, 2, 1, 0, 0, 2, 1, 0, 1, 2, 1, 2, 1, 1, 1, 1, 1, 1, 0, 1, 1, 1, 0, 0, 1, 0, 1, 2, 2, 1, 0, 2, 0, 1, 0, 0, 0, 2, 0, 2, 0, 0, 1, 2, 0]|[4, 3, 2, 2, 4, 1, 2, 2, 1, 4, 0, 1, 2, 4, 4, 1, 2, 1, 2, 1, 1, 1, 1, 2, 1, 2, 1, 1, 1, 1, 3, 2, 3, 0, 4, 0, 1, 4, 0, 3, 2, 2, 2, 0, 1, 1, 0, 2, 0, 1, 2, 2, 1, 0, 0, 3, 1, 4, 1, 2, 2, 3, 1, 1, 1, 3, 0, 4, 3, 1, 3, 1, 1, 0, 4, 4, 4, 1, 1, 1, 1, 1, 0, 2, 1, 1, 0, 1, 3, 2, 2, 2, 1, 2, 1, 1, 2, 4, 0, 2]|[0, 2, 1, 1, 3, 0, 1, 0, 0, 0, 0, 0, 1, 0, 1, 0, 0, 0, 1, 0, 0, 0, 3, 1, 0, 2, 0, 0, 0, 1, 0, 0, 0, 0, 3, 0, 1, 3, 0, 2, 1, 1, 1, 0, 0, 0, 0, 0, 1, 0, 0, 0, 1, 3, 0, 0, 0, 2, 0, 1, 0, 2, 0, 1, 0, 2, 1, 0, 0, 1, 2, 3, 1, 1, 3, 3, 1, 0, 0, 2, 0, 3, 0, 0, 1, 0, 0, 0, 2, 1, 0, 0, 0, 0, 0, 1, 0, 2, 0, 0],800.2653185881204,57573.29499760826,112161.56572807231,true
3,G2_TEC,G2_TEC,[31, 22, 82, 15, 26, 9, 95, 42, 77, 4, 47, 5, 93, 78, 86, 54, 85, 63, 18, 44, 20, 49, 36, 14, 48, 50, 53, 17, 21, 45, 71, 64, 3, 23, 30, 83, 24, 41, 60, 52, 65, 27, 90, 70, 39, 87, 74, 69, 99, 68, 46, 1, 38, 58, 97, 59, 28, 8, 73, 37, 35, 79, 11, 66, 76, 57, 72, 16, 92, 6, 80, 61, 33, 98, 32, 34, 51, 67, 10, 7, 56, 43, 62, 19, 91, 13, 29, 96, 0, 81, 75, 40, 2, 55, 88, 25, 12, 94, 89, 84]|[0, 1, 2, 1, 1, 2, 2, 0, 1, 1, 1, 0, 2, 2, 1, 2, 0, 0, 0, 2, 2, 1, 0, 2, 2, 2, 2, 1, 0, 1, 1, 1, 0, 0, 2, 0, 2, 1, 2, 2, 0, 1, 1, 1, 0, 2, 0, 2, 1, 0, 0, 2, 2, 0, 2, 0, 2, 1, 0, 0, 2, 1, 0, 0, 2, 0, 1, 1, 0, 0, 0, 1, 1, 0, 0, 1, 0, 0, 1, 2, 2, 2, 0, 2, 1, 0, 1, 0, 0, 1, 2, 2, 2, 1, 1, 1, 1, 1, 1, 0]|[1, 3, 0, 2, 4, 1, 1, 0, 2, 4, 2, 2, 1, 0, 2, 1, 1, 1, 2, 1, 2, 3, 0, 1, 0, 1, 1, 4, 1, 0, 3, 2, 2, 0, 1, 1, 1, 4, 0, 1, 2, 2, 4, 4, 1, 1, 0, 2, 3, 1, 2, 1, 2, 1, 1, 2, 0, 3, 0, 2, 2, 3, 1, 2, 1, 2, 4, 0, 0, 1, 1, 3, 4, 1, 2, 4, 0, 1, 3, 1, 0, 1, 2, 0, 3, 2, 3, 2, 2, 1, 2, 0, 1, 3, 4, 4, 3, 4, 4, 2]|[1, 2, 0, 1, 3, 0, 0, 0, 0, 0, 2, 0, 1, 0, 1, 0, 0, 0, 1, 0, 0, 2, 0, 0, 0, 0, 0, 3, 0, 1, 0, 2, 0, 0, 0, 0, 1, 3, 1, 0, 0, 1, 1, 3, 0, 0, 1, 0, 2, 0, 0, 0, 0, 0, 1, 0, 0, 0, 1, 1, 0, 2, 0, 0, 0, 1, 2, 1, 1, 0, 0, 0, 1, 0, 0, 2, 0, 0, 3, 0, 0, 0, 1, 0, 0, 0, 0, 0, 0, 1, 1, 0, 0, 0, 1, 3, 0, 2, 1, 1],964.5999201164345,55335.330859542846,127695.30227055156,false
3,G3_TWC,G1_CMAX,[31, 22, 82, 15, 26, 9, 95, 42, 77, 12, 47, 5, 93, 78, 86, 54, 85, 63, 18, 44, 20, 35, 43, 97, 91, 76, 10, 30, 21, 45, 71, 64, 1, 23, 17, 83, 24, 41, 60, 36, 6, 57, 40, 88, 65, 56, 79, 69, 67, 68, 46, 75, 38, 58, 19, 32, 81, 48, 27, 62, 87, 90, 99, 59, 11, 16, 72, 73, 70, 39, 37, 84, 3, 92, 25, 55, 28, 51, 29, 7, 96, 61, 98, 33, 89, 50, 66, 8, 80, 53, 14, 2, 34, 4, 52, 49, 0, 94, 74, 13]|[1, 1, 0, 1, 1, 0, 1, 2, 2, 1, 2, 2, 2, 1, 1, 0, 0, 0, 0, 2, 2, 0, 1, 2, 0, 1, 2, 2, 0, 0, 1, 2, 1, 2, 1, 0, 2, 1, 1, 1, 0, 1, 1, 1, 0, 2, 1, 2, 0, 0, 0, 0, 1, 1, 2, 1, 2, 1, 0, 0, 2, 1, 0, 1, 2, 1, 2, 1, 1, 1, 0, 1, 1, 0, 1, 1, 1, 0, 0, 1, 1, 1, 0, 0, 1, 0, 2, 1, 0, 0, 0, 0, 2, 1, 2, 0, 0, 1, 2, 0]|[4, 3, 2, 2, 4, 1, 2, 2, 1, 4, 0, 1, 2, 4, 4, 1, 2, 1, 2, 1, 1, 1, 1, 2, 1, 2, 1, 1, 1, 1, 3, 2, 3, 0, 4, 0, 1, 4, 0, 3, 2, 2, 2, 0, 1, 1, 0, 2, 0, 1, 2, 2, 1, 0, 0, 3, 2, 4, 1, 2, 2, 3, 1, 1, 1, 3, 0, 4, 3, 1, 1, 1, 1, 0, 4, 4, 4, 1, 1, 1, 3, 1, 1, 2, 1, 1, 0, 3, 1, 2, 2, 2, 1, 4, 1, 1, 2, 4, 0, 2]|[0, 2, 1, 1, 3, 0, 1, 0, 0, 0, 0, 0, 1, 0, 1, 0, 0, 0, 1, 0, 0, 0, 3, 1, 0, 2, 0, 0, 0, 1, 0, 0, 0, 0, 3, 0, 1, 3, 0, 2, 1, 1, 1, 0, 0, 0, 0, 0, 1, 0, 0, 0, 1, 3, 0, 0, 1, 2, 0, 1, 0, 2, 0, 1, 0, 2, 1, 0, 0, 1, 0, 3, 1, 1, 3, 3, 1, 0, 0, 2, 2, 3, 0, 1, 1, 0, 0, 2, 0, 1, 0, 0, 0, 0, 0, 1, 0, 2, 0, 0],806.9143460718665,57908.12513348024,107465.88407950419,true
3,G1_CMAX,G1_CMAX,[31, 22, 82, 15, 26, 9, 95, 42, 77, 12, 47, 5, 93, 78, 86, 54, 85, 63, 18, 44, 20, 35, 43, 97, 91, 76, 10, 30, 21, 45, 71, 64, 1, 23, 17, 83, 24, 41, 60, 36, 6, 57, 40, 88, 65, 56, 79, 69, 67, 68, 46, 75, 38, 58, 19, 32, 81, 48, 27, 62, 87, 90, 99, 59, 11, 16, 72, 73, 70, 89, 96, 84, 3, 92, 25, 55, 28, 51, 29, 7, 37, 61, 98, 33, 39, 50, 66, 80, 8, 53, 14, 2, 34, 4, 52, 49, 0, 94, 74, 13]|[1, 1, 0, 1, 1, 0, 1, 2, 2, 1, 2, 2, 2, 1, 1, 0, 0, 0, 0, 2, 2, 0, 1, 2, 0, 1, 2, 2, 0, 0, 1, 2, 1, 2, 1, 0, 2, 1, 1, 1, 0, 1, 1, 1, 0, 2, 1, 2, 0, 0, 0, 0, 1, 1, 2, 1, 2, 1, 0, 0, 2, 1, 0, 1, 2, 1, 2, 1, 1, 1, 1, 1, 1, 0, 1, 1, 1, 0, 0, 1, 0, 1, 2, 2, 1, 0, 2, 0, 1, 0, 0, 0, 2, 0, 2, 0, 0, 1, 2, 0]|[4, 3, 2, 2, 4, 1, 2, 2, 1, 4, 0, 1, 2, 4, 4, 1, 2, 1, 2, 1, 1, 1, 1, 2, 1, 2, 1, 1, 1, 1, 3, 2, 3, 0, 4, 0, 1, 4, 0, 3, 2, 2, 2, 0, 1, 1, 0, 2, 0, 1, 2, 2, 1, 0, 0, 3, 1, 4, 1, 2, 2, 3, 1, 1, 1, 3, 0, 4, 3, 1, 3, 1, 1, 0, 4, 4, 4, 1, 1, 1, 1, 1, 0, 2, 1, 1, 0, 1, 3, 2, 2, 2, 1, 2, 1, 1, 2, 4, 0, 2]|[0, 2, 1, 1, 3, 0, 1, 0, 0, 0, 0, 0, 1, 0, 1, 0, 0, 0, 1, 0, 0, 0, 3, 1, 0, 2, 0, 0, 0, 1, 0, 0, 0, 0, 3, 0, 1, 3, 0, 2, 1, 1, 1, 0, 0, 0, 0, 0, 1, 0, 0, 0, 1, 3, 0, 0, 0, 2, 0, 1, 0, 2, 0, 1, 0, 2, 1, 0, 0, 1, 2, 3, 1, 1, 3, 3, 1, 0, 0, 2, 0, 3, 0, 0, 1, 0, 0, 0, 2, 1, 0, 0, 0, 0, 0, 1, 0, 2, 0, 0],800.2653185881204,57573.29499760826,112161.56572807231,false
3,G4_BALANCED,G1_CMAX,[31, 22, 82, 15, 26, 9, 95, 42, 77, 12, 47, 5, 93, 78, 86, 54, 85, 63, 18, 44, 20, 35, 43, 97, 91, 76, 10, 30, 21, 45, 71, 64, 1, 23, 17, 83, 24, 41, 60, 36, 6, 57, 40, 88, 65, 56, 79, 69, 67, 68, 46, 75, 38, 58, 19, 32, 81, 48, 27, 62, 87, 90, 99, 59, 11, 16, 72, 73, 70, 89, 96, 84, 3, 92, 25, 55, 28, 51, 29, 7, 37, 61, 98, 33, 39, 50, 66, 80, 8, 53, 14, 2, 34, 4, 52, 49, 0, 94, 74, 13]|[1, 1, 0, 1, 1, 0, 1, 2, 2, 1, 2, 2, 2, 1, 1, 0, 0, 0, 0, 2, 2, 0, 1, 2, 0, 1, 2, 2, 0, 0, 1, 2, 1, 2, 1, 0, 2, 1, 1, 1, 0, 1, 1, 1, 0, 2, 1, 2, 0, 0, 0, 0, 1, 1, 2, 1, 2, 1, 0, 0, 2, 1, 0, 1, 2, 1, 2, 1, 1, 1, 1, 1, 1, 0, 1, 1, 1, 0, 0, 1, 0, 1, 2, 2, 1, 0, 2, 0, 1, 0, 0, 0, 2, 0, 2, 0, 0, 1, 2, 0]|[4, 3, 2, 2, 4, 1, 2, 2, 1, 4, 0, 1, 2, 4, 4, 1, 2, 1, 2, 1, 1, 1, 1, 2, 1, 2, 1, 1, 1, 1, 3, 2, 3, 0, 4, 0, 1, 4, 0, 3, 2, 2, 2, 0, 1, 1, 0, 2, 0, 1, 2, 2, 1, 0, 0, 3, 1, 4, 1, 2, 2, 3, 1, 1, 1, 3, 0, 4, 3, 1, 3, 1, 1, 0, 4, 4, 4, 1, 1, 1, 1, 1, 0, 2, 1, 1, 0, 1, 3, 2, 2, 2, 1, 2, 1, 1, 2, 4, 0, 2]|[0, 2, 1, 1, 3, 0, 1, 0, 0, 0, 0, 0, 1, 0, 1, 0, 0, 0, 1, 0, 0, 0, 3, 1, 0, 2, 0, 0, 0, 1, 0, 0, 0, 0, 3, 0, 1, 3, 0, 2, 1, 1, 1, 0, 0, 0, 0, 0, 1, 0, 0, 0, 1, 3, 0, 0, 0, 2, 0, 1, 0, 2, 0, 1, 0, 2, 1, 0, 0, 1, 2, 3, 1, 1, 3, 3, 1, 0, 0, 2, 0, 3, 0, 0, 1, 0, 0, 0, 2, 1, 0, 0, 0, 0, 0, 1, 0, 2, 0, 0],800.2653185881204,57573.29499760826,112161.56572807231,true
3,G2_TEC,G2_TEC,[31, 22, 82, 15, 26, 9, 95, 42, 77, 4, 47, 5, 93, 78, 86, 54, 85, 63, 18, 44, 20, 49, 36, 14, 48, 50, 53, 17, 21, 45, 71, 64, 3, 23, 30, 83, 24, 41, 60, 52, 65, 27, 90, 70, 39, 87, 74, 69, 99, 68, 46, 1, 38, 58, 97, 59, 28, 8, 73, 37, 35, 79, 11, 66, 76, 57, 72, 16, 92, 6, 80, 61, 33, 98, 32, 34, 51, 67, 10, 7, 56, 43, 62, 19, 91, 13, 29, 96, 0, 81, 75, 40, 2, 55, 88, 25, 12, 94, 89, 84]|[0, 1, 2, 1, 1, 2, 2, 0, 1, 1, 1, 0, 2, 2, 1, 2, 0, 0, 0, 2, 2, 1, 0, 2, 2, 2, 2, 1, 0, 1, 1, 1, 0, 0, 2, 0, 2, 1, 2, 2, 0, 1, 1, 1, 0, 2, 0, 2, 1, 0, 0, 2, 2, 0, 2, 0, 2, 1, 0, 0, 2, 1, 0, 0, 2, 0, 1, 1, 0, 0, 0, 1, 1, 0, 0, 1, 0, 0, 1, 2, 2, 2, 0, 2, 1, 0, 1, 0, 0, 1, 2, 2, 2, 1, 1, 1, 1, 1, 1, 0]|[1, 3, 0, 2, 4, 1, 1, 0, 2, 4, 2, 2, 1, 0, 2, 1, 1, 1, 2, 1, 2, 3, 0, 1, 0, 1, 1, 4, 1, 0, 3, 2, 2, 0, 1, 1, 1, 4, 0, 1, 2, 2, 4, 4, 1, 1, 0, 2, 3, 1, 2, 1, 2, 1, 1, 2, 0, 3, 0, 2, 2, 3, 1, 2, 1, 2, 4, 0, 0, 1, 1, 3, 4, 1, 2, 4, 0, 1, 3, 1, 0, 1, 2, 0, 3, 2, 3, 2, 2, 1, 2, 0, 1, 3, 4, 4, 3, 4, 4, 2]|[1, 2, 0, 1, 3, 0, 0, 0, 0, 0, 2, 0, 1, 0, 1, 0, 0, 0, 1, 0, 0, 2, 0, 0, 0, 0, 0, 3, 0, 1, 0, 2, 0, 0, 0, 0, 1, 3, 1, 0, 0, 1, 1, 3, 0, 0, 1, 0, 2, 0, 0, 0, 0, 0, 1, 0, 0, 0, 1, 1, 0, 2, 0, 0, 0, 1, 2, 1, 1, 0, 0, 0, 1, 0, 0, 2, 0, 0, 3, 0, 0, 0, 1, 0, 0, 0, 0, 0, 0, 1, 1, 0, 0, 0, 1, 3, 0, 2, 1, 1],964.5999201164345,55335.330859542846,127695.30227055156,false
3,G3_TWC,G1_CMAX,[31, 22, 82, 15, 26, 9, 95, 42, 77, 12, 47, 5, 93, 78, 86, 54, 85, 63, 18, 44, 20, 35, 43, 97, 91, 76, 10, 30, 21, 45, 71, 64, 1, 23, 17, 83, 24, 41, 60, 36, 6, 57, 40, 88, 65, 56, 79, 69, 67, 68, 46, 75, 38, 58, 19, 32, 81, 48, 27, 62, 87, 90, 99, 59, 11, 16, 72, 73, 70, 39, 37, 84, 3, 92, 25, 55, 28, 51, 29, 7, 96, 61, 98, 33, 89, 50, 66, 8, 80, 53, 14, 2, 34, 4, 52, 49, 0, 94, 74, 13]|[1, 1, 0, 1, 1, 0, 1, 2, 2, 1, 2, 2, 2, 1, 1, 0, 0, 0, 0, 2, 2, 0, 1, 2, 0, 1, 2, 2, 0, 0, 1, 2, 1, 2, 1, 0, 2, 1, 1, 1, 0, 1, 1, 1, 0, 2, 1, 2, 0, 0, 0, 0, 1, 1, 2, 1, 2, 1, 0, 0, 2, 1, 0, 1, 2, 1, 2, 1, 1, 1, 0, 1, 1, 0, 1, 1, 1, 0, 0, 1, 1, 1, 0, 0, 1, 0, 2, 1, 0, 0, 0, 0, 2, 1, 2, 0, 0, 1, 2, 0]|[4, 3, 2, 2, 4, 1, 2, 2, 1, 4, 0, 1, 2, 4, 4, 1, 2, 1, 2, 1, 1, 1, 1, 2, 1, 2, 1, 1, 1, 1, 3, 2, 3, 0, 4, 0, 1, 4, 0, 3, 2, 2, 2, 0, 1, 1, 0, 2, 0, 1, 2, 2, 1, 0, 0, 3, 2, 4, 1, 2, 2, 3, 1, 1, 1, 3, 0, 4, 3, 1, 1, 1, 1, 0, 4, 4, 4, 1, 1, 1, 3, 1, 1, 2, 1, 1, 0, 3, 1, 2, 2, 2, 1, 4, 1, 1, 2, 4, 0, 2]|[0, 2, 1, 1, 3, 0, 1, 0, 0, 0, 0, 0, 1, 0, 1, 0, 0, 0, 1, 0, 0, 0, 3, 1, 0, 2, 0, 0, 0, 1, 0, 0, 0, 0, 3, 0, 1, 3, 0, 2, 1, 1, 1, 0, 0, 0, 0, 0, 1, 0, 0, 0, 1, 3, 0, 0, 1, 2, 0, 1, 0, 2, 0, 1, 0, 2, 1, 0, 0, 1, 0, 3, 1, 1, 3, 3, 1, 0, 0, 2, 2, 3, 0, 1, 1, 0, 0, 2, 0, 1, 0, 0, 0, 0, 0, 1, 0, 2, 0, 0],806.9143460718665,57908.12513348024,107465.88407950419,true
3,G1_CMAX,G1_CMAX,[31, 22, 82, 15, 26, 9, 95, 42, 77, 12, 47, 5, 93, 78, 86, 54, 85, 63, 18, 44, 20, 35, 43, 97, 91, 76, 10, 30, 21, 45, 71, 64, 1, 23, 17, 83, 24, 41, 60, 36, 6, 57, 40, 88, 65, 56, 79, 69, 67, 68, 46, 75, 38, 58, 19, 32, 81, 48, 27, 62, 87, 90, 99, 59, 11, 16, 72, 73, 70, 89, 96, 84, 3, 92, 25, 55, 51, 28, 29, 7, 33, 98, 61, 37, 53, 50, 66, 80, 8, 39, 14, 2, 34, 4, 52, 49, 0, 94, 74, 13]|[1, 1, 0, 1, 1, 0, 1, 2, 2, 1, 2, 2, 2, 1, 1, 0, 0, 0, 0, 2, 2, 0, 1, 2, 0, 1, 2, 2, 0, 0, 1, 2, 1, 2, 1, 0, 2, 1, 1, 1, 0, 1, 1, 1, 0, 2, 1, 2, 0, 0, 0, 0, 1, 1, 2, 1, 2, 1, 0, 0, 2, 1, 0, 1, 2, 1, 2, 1, 1, 1, 1, 1, 1, 0, 1, 1, 0, 1, 0, 1, 2, 2, 1, 0, 0, 0, 2, 0, 1, 1, 0, 0, 2, 0, 2, 0, 0, 1, 2, 0]|[4, 3, 2, 2, 4, 1, 2, 2, 1, 4, 0, 1, 2, 4, 4, 1, 2, 1, 2, 1, 1, 1, 1, 2, 1, 2, 1, 1, 1, 1, 3, 2, 3, 0, 4, 0, 1, 4, 0, 3, 2, 2, 2, 0, 1, 1, 0, 2, 0, 1, 2, 2, 1, 0, 0, 3, 1, 4, 1, 2, 2, 3, 1, 1, 1, 3, 0, 4, 3, 1, 3, 1, 1, 0, 4, 4, 1, 4, 1, 1, 2, 0, 3, 1, 2, 1, 0, 1, 3, 1, 2, 2, 1, 2, 1, 1, 2, 4, 0, 2]|[0, 2, 1, 1, 3, 0, 1, 0, 0, 0, 0, 0, 1, 0, 1, 0, 0, 0, 1, 0, 0, 0, 3, 1, 0, 2, 0, 0, 0, 1, 0, 0, 0, 0, 3, 0, 1, 3, 0, 2, 1, 1, 1, 0, 0, 0, 0, 0, 1, 0, 0, 0, 1, 3, 0, 0, 0, 2, 0, 1, 0, 2, 0, 1, 0, 2, 1, 0, 0, 1, 2, 3, 1, 1, 3, 3, 0, 1, 0, 2, 0, 0, 0, 0, 1, 0, 0, 0, 2, 1, 0, 0, 0, 0, 0, 1, 0, 2, 0, 0],799.9084883574901,57395.96707975837,111302.99335543459,false
3,G4_BALANCED,G1_CMAX,[31, 22, 82, 15, 26, 9, 95, 42, 77, 12, 47, 5, 93, 78, 86, 54, 85, 63, 18, 44, 20, 35, 43, 97, 91, 76, 10, 30, 21, 45, 71, 64, 1, 23, 17, 83, 24, 41, 60, 36, 6, 57, 40, 88, 65, 56, 79, 69, 67, 68, 46, 75, 38, 58, 19, 32, 81, 48, 27, 62, 87, 90, 99, 59, 11, 16, 72, 73, 70, 89, 96, 84, 3, 92, 25, 55, 51, 28, 29, 7, 33, 98, 61, 37, 53, 50, 66, 80, 8, 39, 14, 2, 34, 4, 52, 49, 0, 94, 74, 13]|[1, 1, 0, 1, 1, 0, 1, 2, 2, 1, 2, 2, 2, 1, 1, 0, 0, 0, 0, 2, 2, 0, 1, 2, 0, 1, 2, 2, 0, 0, 1, 2, 1, 2, 1, 0, 2, 1, 1, 1, 0, 1, 1, 1, 0, 2, 1, 2, 0, 0, 0, 0, 1, 1, 2, 1, 2, 1, 0, 0, 2, 1, 0, 1, 2, 1, 2, 1, 1, 1, 1, 1, 1, 0, 1, 1, 0, 1, 0, 1, 2, 2, 1, 0, 0, 0, 2, 0, 1, 1, 0, 0, 2, 0, 2, 0, 0, 1, 2, 0]|[4, 3, 2, 2, 4, 1, 2, 2, 1, 4, 0, 1, 2, 4, 4, 1, 2, 1, 2, 1, 1, 1, 1, 2, 1, 2, 1, 1, 1, 1, 3, 2, 3, 0, 4, 0, 1, 4, 0, 3, 2, 2, 2, 0, 1, 1, 0, 2, 0, 1, 2, 2, 1, 0, 0, 3, 1, 4, 1, 2, 2, 3, 1, 1, 1, 3, 0, 4, 3, 1, 3, 1, 1, 0, 4, 4, 1, 4, 1, 1, 2, 0, 3, 1, 2, 1, 0, 1, 3, 1, 2, 2, 1, 2, 1, 1, 2, 4, 0, 2]|[0, 2, 1, 1, 3, 0, 1, 0, 0, 0, 0, 0, 1, 0, 1, 0, 0, 0, 1, 0, 0, 0, 3, 1, 0, 2, 0, 0, 0, 1, 0, 0, 0, 0, 3, 0, 1, 3, 0, 2, 1, 1, 1, 0, 0, 0, 0, 0, 1, 0, 0, 0, 1, 3, 0, 0, 0, 2, 0, 1, 0, 2, 0, 1, 0, 2, 1, 0, 0, 1, 2, 3, 1, 1, 3, 3, 0, 1, 0, 2, 0, 0, 0, 0, 1, 0, 0, 0, 2, 1, 0, 0, 0, 0, 0, 1, 0, 2, 0, 0],799.9084883574901,57395.96707975837,111302.99335543459,true
3,G2_TEC,G2_TEC,[31, 22, 82, 15, 26, 9, 95, 42, 77, 4, 47, 5, 93, 78, 86, 54, 85, 63, 18, 44, 20, 49, 36, 14, 48, 50, 53, 17, 21, 45, 71, 64, 3, 23, 30, 83, 24, 41, 60, 52, 65, 27, 90, 70, 39, 87, 74, 69, 99, 68, 46, 1, 38, 58, 97, 59, 28, 8, 73, 37, 35, 79, 11, 66, 76, 57, 72, 16, 92, 6, 80, 61, 33, 98, 32, 34, 51, 67, 10, 7, 56, 43, 62, 19, 91, 13, 29, 96, 0, 81, 75, 40, 2, 55, 88, 25, 12, 94, 89, 84]|[0, 1, 2, 1, 1, 2, 2, 0, 1, 1, 1, 0, 2, 2, 1, 2, 0, 0, 0, 2, 2, 1, 0, 2, 2, 2, 2, 1, 0, 1, 1, 1, 0, 0, 2, 0, 2, 1, 2, 2, 0, 1, 1, 1, 0, 2, 0, 2, 1, 0, 0, 2, 2, 0, 2, 0, 2, 1, 0, 0, 2, 1, 0, 0, 2, 0, 1, 1, 0, 0, 0, 1, 1, 0, 0, 1, 0, 0, 1, 2, 2, 2, 0, 2, 1, 0, 1, 0, 0, 1, 2, 2, 2, 1, 1, 1, 1, 1, 1, 0]|[1, 3, 0, 2, 4, 1, 1, 0, 2, 4, 2, 2, 1, 0, 2, 1, 1, 1, 2, 1, 2, 3, 0, 1, 0, 1, 1, 4, 1, 0, 3, 2, 2, 0, 1, 1, 1, 4, 0, 1, 2, 2, 4, 4, 1, 1, 0, 2, 3, 1, 2, 1, 2, 1, 1, 2, 0, 3, 0, 2, 2, 3, 1, 2, 1, 2, 4, 0, 0, 1, 1, 3, 4, 1, 2, 4, 0, 1, 3, 1, 0, 1, 2, 0, 3, 2, 3, 2, 2, 1, 2, 0, 1, 3, 4, 4, 3, 4, 4, 2]|[1, 2, 0, 1, 3, 0, 0, 0, 0, 0, 2, 0, 1, 0, 1, 0, 0, 0, 1, 0, 0, 2, 0, 0, 0, 0, 0, 3, 0, 1, 0, 2, 0, 0, 0, 0, 1, 3, 1, 0, 0, 1, 1, 3, 0, 0, 1, 0, 2, 0, 0, 0, 0, 0, 1, 0, 0, 0, 1, 1, 0, 2, 0, 0, 0, 1, 2, 1, 1, 0, 0, 0, 1, 0, 0, 2, 0, 0, 3, 0, 0, 0, 1, 0, 0, 0, 0, 0, 0, 1, 1, 0, 0, 0, 1, 3, 0, 2, 1, 1],964.5999201164345,55335.330859542846,127695.30227055156,false
3,G3_TWC,G1_CMAX,[31, 22, 82, 15, 26, 9, 95, 42, 77, 12, 47, 5, 93, 78, 86, 54, 85, 63, 18, 44, 20, 35, 43, 97, 91, 76, 10, 30, 21, 45, 71, 64, 1, 23, 17, 83, 24, 41, 60, 36, 6, 57, 40, 88, 65, 56, 79, 69, 67, 68, 46, 75, 38, 58, 19, 32, 81, 48, 27, 62, 87, 90, 99, 59, 11, 16, 72, 73, 70, 39, 37, 84, 3, 92, 25, 55, 28, 51, 29, 7, 96, 61, 98, 33, 89, 50, 66, 8, 80, 53, 14, 2, 34, 4, 52, 49, 0, 94, 74, 13]|[1, 1, 0, 1, 1, 0, 1, 2, 2, 1, 2, 2, 2, 1, 1, 0, 0, 0, 0, 2, 2, 0, 1, 2, 0, 1, 2, 2, 0, 0, 1, 2, 1, 2, 1, 0, 2, 1, 1, 1, 0, 1, 1, 1, 0, 2, 1, 2, 0, 0, 0, 0, 1, 1, 2, 1, 2, 1, 0, 0, 2, 1, 0, 1, 2, 1, 2, 1, 1, 1, 0, 1, 1, 0, 1, 1, 1, 0, 0, 1, 1, 1, 0, 0, 1, 0, 2, 1, 0, 0, 0, 0, 2, 1, 2, 0, 0, 1, 2, 0]|[4, 3, 2, 2, 4, 1, 2, 2, 1, 4, 0, 1, 2, 4, 4, 1, 2, 1, 2, 1, 1, 1, 1, 2, 1, 2, 1, 1, 1, 1, 3, 2, 3, 0, 4, 0, 1, 4, 0, 3, 2, 2, 2, 0, 1, 1, 0, 2, 0, 1, 2, 2, 1, 0, 0, 3, 2, 4, 1, 2, 2, 3, 1, 1, 1, 3, 0, 4, 3, 1, 1, 1, 1, 0, 4, 4, 4, 1, 1, 1, 3, 1, 1, 2, 1, 1, 0, 3, 1, 2, 2, 2, 1, 4, 1, 1, 2, 4, 0, 2]|[0, 2, 1, 1, 3, 0, 1, 0, 0, 0, 0, 0, 1, 0, 1, 0, 0, 0, 1, 0, 0, 0, 3, 1, 0, 2, 0, 0, 0, 1, 0, 0, 0, 0, 3, 0, 1, 3, 0, 2, 1, 1, 1, 0, 0, 0, 0, 0, 1, 0, 0, 0, 1, 3, 0, 0, 1, 2, 0, 1, 0, 2, 0, 1, 0, 2, 1, 0, 0, 1, 0, 3, 1, 1, 3, 3, 1, 0, 0, 2, 2, 3, 0, 1, 1, 0, 0, 2, 0, 1, 0, 0, 0, 0, 0, 1, 0, 2, 0, 0],806.9143460718665,57908.12513348024,107465.88407950419,true
3,G1_CMAX,G1_CMAX,[31, 22, 82, 15, 26, 9, 95, 42, 77, 12, 47, 5, 93, 78, 86, 54, 85, 63, 18, 44, 20, 35, 43, 97, 91, 76, 10, 30, 21, 45, 71, 64, 1, 23, 17, 83, 24, 41, 60, 36, 6, 57, 40, 88, 65, 56, 79, 69, 67, 68, 46, 75, 38, 58, 19, 32, 81, 48, 27, 62, 87, 90, 99, 59, 11, 16, 72, 73, 70, 89, 96, 84, 3, 92, 25, 55, 51, 28, 29, 7, 33, 98, 61, 37, 53, 50, 66, 80, 8, 39, 14, 2, 34, 4, 52, 49, 0, 94, 74, 13]|[1, 1, 0, 1, 1, 0, 1, 2, 2, 1, 2, 2, 2, 1, 1, 0, 0, 0, 0, 2, 2, 0, 1, 2, 0, 1, 2, 2, 0, 0, 1, 2, 1, 2, 1, 0, 2, 1, 1, 1, 0, 1, 1, 1, 0, 2, 1, 2, 0, 0, 0, 0, 1, 1, 2, 1, 2, 1, 0, 0, 2, 1, 0, 1, 2, 1, 2, 1, 1, 1, 1, 1, 1, 0, 1, 1, 0, 1, 0, 1, 2, 2, 1, 0, 0, 0, 2, 0, 1, 1, 0, 0, 2, 0, 2, 0, 0, 1, 2, 0]|[4, 3, 2, 2, 4, 1, 2, 2, 1, 4, 0, 1, 2, 4, 4, 1, 2, 1, 2, 1, 1, 1, 1, 2, 1, 2, 1, 1, 1, 1, 3, 2, 3, 0, 4, 0, 1, 4, 0, 3, 2, 2, 2, 0, 1, 1, 0, 2, 0, 1, 2, 2, 1, 0, 0, 3, 1, 4, 1, 2, 2, 3, 1, 1, 1, 3, 0, 4, 3, 1, 3, 1, 1, 0, 4, 4, 1, 4, 1, 1, 2, 0, 3, 1, 2, 1, 0, 1, 3, 1, 2, 2, 1, 2, 1, 1, 2, 4, 0, 2]|[0, 2, 1, 1, 3, 0, 1, 0, 0, 0, 0, 0, 1, 0, 1, 0, 0, 0, 1, 0, 0, 0, 3, 1, 0, 2, 0, 0, 0, 1, 0, 0, 0, 0, 3, 0, 1, 3, 0, 2, 1, 1, 1, 0, 0, 0, 0, 0, 1, 0, 0, 0, 1, 3, 0, 0, 0, 2, 0, 1, 0, 2, 0, 1, 0, 2, 1, 0, 0, 1, 2, 3, 1, 1, 3, 3, 0, 1, 0, 2, 0, 0, 0, 0, 1, 0, 0, 0, 2, 1, 0, 0, 0, 0, 0, 1, 0, 2, 0, 0],799.9084883574901,57395.96707975837,111302.99335543459,false
3,G4_BALANCED,G1_CMAX,[31, 22, 82, 15, 26, 9, 95, 42, 77, 12, 47, 5, 93, 78, 86, 54, 85, 63, 18, 44, 20, 35, 43, 97, 91, 76, 10, 30, 21, 45, 71, 64, 1, 23, 17, 83, 24, 41, 60, 36, 6, 57, 40, 88, 65, 56, 79, 69, 67, 68, 46, 75, 38, 58, 19, 32, 81, 48, 27, 62, 87, 90, 99, 59, 11, 16, 72, 73, 70, 89, 96, 84, 3, 92, 25, 55, 51, 28, 29, 7, 33, 98, 61, 37, 53, 50, 66, 80, 8, 39, 14, 2, 34, 4, 52, 49, 0, 94, 74, 13]|[1, 1, 0, 1, 1, 0, 1, 2, 2, 1, 2, 2, 2, 1, 1, 0, 0, 0, 0, 2, 2, 0, 1, 2, 0, 1, 2, 2, 0, 0, 1, 2, 1, 2, 1, 0, 2, 1, 1, 1, 0, 1, 1, 1, 0, 2, 1, 2, 0, 0, 0, 0, 1, 1, 2, 1, 2, 1, 0, 0, 2, 1, 0, 1, 2, 1, 2, 1, 1, 1, 1, 1, 1, 0, 1, 1, 0, 1, 0, 1, 2, 2, 1, 0, 0, 0, 2, 0, 1, 1, 0, 0, 2, 0, 2, 0, 0, 1, 2, 0]|[4, 3, 2, 2, 4, 1, 2, 2, 1, 4, 0, 1, 2, 4, 4, 1, 2, 1, 2, 1, 1, 1, 1, 2, 1, 2, 1, 1, 1, 1, 3, 2, 3, 0, 4, 0, 1, 4, 0, 3, 2, 2, 2, 0, 1, 1, 0, 2, 0, 1, 2, 2, 1, 0, 0, 3, 1, 4, 1, 2, 2, 3, 1, 1, 1, 3, 0, 4, 3, 1, 3, 1, 1, 0, 4, 4, 1, 4, 1, 1, 2, 0, 3, 1, 2, 1, 0, 1, 3, 1, 2, 2, 1, 2, 1, 1, 2, 4, 0, 2]|[0, 2, 1, 1, 3, 0, 1, 0, 0, 0, 0, 0, 1, 0, 1, 0, 0, 0, 1, 0, 0, 0, 3, 1, 0, 2, 0, 0, 0, 1, 0, 0, 0, 0, 3, 0, 1, 3, 0, 2, 1, 1, 1, 0, 0, 0, 0, 0, 1, 0, 0, 0, 1, 3, 0, 0, 0, 2, 0, 1, 0, 2, 0, 1, 0, 2, 1, 0, 0, 1, 2, 3, 1, 1, 3, 3, 0, 1, 0, 2, 0, 0, 0, 0, 1, 0, 0, 0, 2, 1, 0, 0, 0, 0, 0, 1, 0, 2, 0, 0],799.9084883574901,57395.96707975837,111302.99335543459,true
3,G2_TEC,G2_TEC,[31, 22, 82, 15, 26, 9, 95, 42, 77, 4, 47, 5, 93, 78, 86, 54, 85, 63, 18, 44, 20, 49, 36, 14, 48, 50, 53, 17, 21, 45, 71, 64, 3, 23, 30, 83, 24, 41, 60, 52, 65, 27, 90, 70, 39, 87, 74, 69, 99, 68, 46, 1, 38, 58, 97, 59, 28, 8, 73, 37, 35, 79, 11, 66, 76, 57, 72, 16, 92, 6, 80, 61, 33, 98, 32, 34, 51, 67, 10, 7, 56, 43, 62, 19, 91, 13, 29, 96, 0, 81, 75, 40, 2, 55, 88, 25, 12, 94, 89, 84]|[0, 1, 2, 1, 1, 2, 2, 0, 1, 1, 1, 0, 2, 2, 1, 2, 0, 0, 0, 2, 2, 1, 0, 2, 2, 2, 2, 1, 0, 1, 1, 1, 0, 0, 2, 0, 2, 1, 2, 2, 0, 1, 1, 1, 0, 2, 0, 2, 1, 0, 0, 2, 2, 0, 2, 0, 2, 1, 0, 0, 2, 1, 0, 0, 2, 0, 1, 1, 0, 0, 0, 1, 1, 0, 0, 1, 0, 0, 1, 2, 2, 2, 0, 2, 1, 0, 1, 0, 0, 1, 2, 2, 2, 1, 1, 1, 1, 1, 1, 0]|[1, 3, 0, 2, 4, 1, 1, 0, 2, 4, 2, 2, 1, 0, 2, 1, 1, 1, 2, 1, 2, 3, 0, 1, 0, 1, 1, 4, 1, 0, 3, 2, 2, 0, 1, 1, 1, 4, 0, 1, 2, 2, 4, 4, 1, 1, 0, 2, 3, 1, 2, 1, 2, 1, 1, 2, 0, 3, 0, 2, 2, 3, 1, 2, 1, 2, 4, 0, 0, 1, 1, 3, 4, 1, 2, 4, 0, 1, 3, 1, 0, 1, 2, 0, 3, 2, 3, 2, 2, 1, 2, 0, 1, 3, 4, 4, 3, 4, 4, 2]|[1, 2, 0, 1, 3, 0, 0, 0, 0, 0, 2, 0, 1, 0, 1, 0, 0, 0, 1, 0, 0, 2, 0, 0, 0, 0, 0, 3, 0, 1, 0, 2, 0, 0, 0, 0, 1, 3, 1, 0, 0, 1, 1, 3, 0, 0, 1, 0, 2, 0, 0, 0, 0, 0, 1, 0, 0, 0, 1, 1, 0, 2, 0, 0, 0, 1, 2, 1, 1, 0, 0, 0, 1, 0, 0, 2, 0, 0, 3, 0, 0, 0, 1, 0, 0, 0, 0, 0, 0, 1, 1, 0, 0, 0, 1, 3, 0, 2, 1, 1],964.5999201164345,55335.330859542846,127695.30227055156,false
3,G3_TWC,G1_CMAX,[31, 22, 82, 15, 26, 9, 95, 42, 77, 12, 47, 5, 93, 78, 86, 54, 85, 63, 18, 44, 20, 35, 43, 97, 91, 76, 10, 30, 21, 45, 71, 64, 1, 23, 17, 83, 24, 41, 60, 36, 6, 57, 40, 88, 65, 56, 79, 69, 67, 68, 46, 75, 38, 58, 19, 32, 81, 48, 27, 62, 87, 90, 99, 59, 11, 16, 72, 73, 70, 39, 37, 84, 3, 92, 25, 55, 28, 51, 29, 7, 96, 61, 98, 33, 89, 50, 66, 8, 80, 53, 14, 2, 34, 4, 52, 49, 0, 94, 74, 13]|[1, 1, 0, 1, 1, 0, 1, 2, 2, 1, 2, 2, 2, 1, 1, 0, 0, 0, 0, 2, 2, 0, 1, 2, 0, 1, 2, 2, 0, 0, 1, 2, 1, 2, 1, 0, 2, 1, 1, 1, 0, 1, 1, 1, 0, 2, 1, 2, 0, 0, 0, 0, 1, 1, 2, 1, 2, 1, 0, 0, 2, 1, 0, 1, 2, 1, 2, 1, 1, 1, 0, 1, 1, 0, 1, 1, 1, 0, 0, 1, 1, 1, 0, 0, 1, 0, 2, 1, 0, 0, 0, 0, 2, 1, 2, 0, 0, 1, 2, 0]|[4, 3, 2, 2, 4, 1, 2, 2, 1, 4, 0, 1, 2, 4, 4, 1, 2, 1, 2, 1, 1, 1, 1, 2, 1, 2, 1, 1, 1, 1, 3, 2, 3, 0, 4, 0, 1, 4, 0, 3, 2, 2, 2, 0, 1, 1, 0, 2, 0, 1, 2, 2, 1, 0, 0, 3, 2, 4, 1, 2, 2, 3, 1, 1, 1, 3, 0, 4, 3, 1, 1, 1, 1, 0, 4, 4, 4, 1, 1, 1, 3, 1, 1, 2, 1, 1, 0, 3, 1, 2, 2, 2, 1, 4, 1, 1, 2, 4, 0, 2]|[0, 2, 1, 1, 3, 0, 1, 0, 0, 0, 0, 0, 1, 0, 1, 0, 0, 0, 1, 0, 0, 0, 3, 1, 0, 2, 0, 0, 0, 1, 0, 0, 0, 0, 3, 0, 1, 3, 0, 2, 1, 1, 1, 0, 0, 0, 0, 0, 1, 0, 0, 0, 1, 3, 0, 0, 1, 2, 0, 1, 0, 2, 0, 1, 0, 2, 1, 0, 0, 1, 0, 3, 1, 1, 3, 3, 1, 0, 0, 2, 2, 3, 0, 1, 1, 0, 0, 2, 0, 1, 0, 0, 0, 0, 0, 1, 0, 2, 0, 0],806.9143460718665,57908.12513348024,107465.88407950419,true
4,G1_CMAX,G1_CMAX,[31, 22, 82, 15, 26, 9, 95, 42, 77, 12, 47, 5, 93, 78, 86, 54, 85, 63, 18, 44, 20, 35, 43, 97, 91, 76, 10, 30, 21, 45, 71, 64, 1, 23, 17, 83, 24, 41, 60, 36, 6, 57, 40, 88, 65, 56, 79, 69, 67, 68, 46, 75, 38, 58, 19, 32, 81, 48, 27, 62, 87, 90, 99, 59, 11, 16, 72, 73, 70, 89, 96, 84, 3, 92, 25, 55, 51, 28, 29, 7, 33, 98, 61, 37, 53, 50, 66, 80, 8, 39, 14, 2, 34, 4, 52, 49, 0, 94, 74, 13]|[1, 1, 0, 1, 1, 0, 1, 2, 2, 1, 2, 2, 2, 1, 1, 0, 0, 0, 0, 2, 2, 0, 1, 2, 0, 1, 2, 2, 0, 0, 1, 2, 1, 2, 1, 0, 2, 1, 1, 1, 0, 1, 1, 1, 0, 2, 1, 2, 0, 0, 0, 0, 1, 1, 2, 1, 2, 1, 0, 0, 2, 1, 0, 1, 2, 1, 2, 1, 1, 1, 1, 1, 1, 0, 1, 1, 0, 1, 0, 1, 2, 2, 1, 0, 0, 0, 2, 0, 1, 1, 0, 0, 2, 0, 2, 0, 0, 1, 2, 0]|[4, 3, 2, 2, 4, 1, 2, 2, 1, 4, 0, 1, 2, 4, 4, 1, 2, 1, 2, 1, 1, 1, 1, 2, 1, 2, 1, 1, 1, 1, 3, 2, 3, 0, 4, 0, 1, 4, 0, 3, 2, 2, 2, 0, 1, 1, 0, 2, 0, 1, 2, 2, 1, 0, 0, 3, 1, 4, 1, 2, 2, 3, 1, 1, 1, 3, 0, 4, 3, 1, 3, 1, 1, 0, 4, 4, 1, 4, 1, 1, 2, 0, 3, 1, 2, 1, 0, 1, 3, 1, 2, 2, 1, 2, 1, 1, 2, 4, 0, 2]|[0, 2, 1, 1, 3, 0, 1, 0, 0, 0, 0, 0, 1, 0, 1, 0, 0, 0, 1, 0, 0, 0, 3, 1, 0, 2, 0, 0, 0, 1, 0, 0, 0, 0, 3, 0, 1, 3, 0, 2, 1, 1, 1, 0, 0, 0, 0, 0, 1, 0, 0, 0, 1, 3, 0, 0, 0, 2, 0, 1, 0, 2, 0, 1, 0, 2, 1, 0, 0, 1, 2, 3, 1, 1, 3, 3, 0, 1, 0, 2, 0, 0, 0, 0, 1, 0, 0, 0, 2, 1, 0, 0, 0, 0, 0, 1, 0, 2, 0, 0],799.9084883574901,57395.96707975837,111302.99335543459,false
4,G4_BALANCED,G1_CMAX,[31, 22, 82, 15, 26, 9, 95, 42, 77, 12, 47, 5, 93, 78, 86, 54, 85, 63, 18, 44, 20, 35, 43, 97, 91, 76, 10, 30, 21, 45, 71, 64, 1, 23, 17, 83, 24, 41, 60, 36, 6, 57, 40, 88, 65, 56, 79, 69, 67, 68, 46, 75, 38, 58, 19, 32, 81, 48, 27, 62, 87, 90, 99, 59, 11, 16, 72, 73, 70, 89, 96, 84, 3, 92, 25, 55, 51, 28, 29, 7, 33, 98, 61, 37, 53, 50, 66, 80, 8, 39, 14, 2, 34, 4, 52, 49, 0, 94, 74, 13]|[1, 1, 0, 1, 1, 0, 1, 2, 2, 1, 2, 2, 2, 1, 1, 0, 0, 0, 0, 2, 2, 0, 1, 2, 0, 1, 2, 2, 0, 0, 1, 2, 1, 2, 1, 0, 2, 1, 1, 1, 0, 1, 1, 1, 0, 2, 1, 2, 0, 0, 0, 0, 1, 1, 2, 1, 2, 1, 0, 0, 2, 1, 0, 1, 2, 1, 2, 1, 1, 1, 1, 1, 1, 0, 1, 1, 0, 1, 0, 1, 2, 2, 1, 0, 0, 0, 2, 0, 1, 1, 0, 0, 2, 0, 2, 0, 0, 1, 2, 0]|[4, 3, 2, 2, 4, 1, 2, 2, 1, 4, 0, 1, 2, 4, 4, 1, 2, 1, 2, 1, 1, 1, 1, 2, 1, 2, 1, 1, 1, 1, 3, 2, 3, 0, 4, 0, 1, 4, 0, 3, 2, 2, 2, 0, 1, 1, 0, 2, 0, 1, 2, 2, 1, 0, 0, 3, 1, 4, 1, 2, 2, 3, 1, 1, 1, 3, 0, 4, 3, 1, 3, 1, 1, 0, 4, 4, 1, 4, 1, 1, 2, 0, 3, 1, 2, 1, 0, 1, 3, 1, 2, 2, 1, 2, 1, 1, 2, 4, 0, 2]|[0, 2, 1, 1, 3, 0, 1, 0, 0, 0, 0, 0, 1, 0, 1, 0, 0, 0, 1, 0, 0, 0, 3, 1, 0, 2, 0, 0, 0, 1, 0, 0, 0, 0, 3, 0, 1, 3, 0, 2, 1, 1, 1, 0, 0, 0, 0, 0, 1, 0, 0, 0, 1, 3, 0, 0, 0, 2, 0, 1, 0, 2, 0, 1, 0, 2, 1, 0, 0, 1, 2, 3, 1, 1, 3, 3, 0, 1, 0, 2, 0, 0, 0, 0, 1, 0, 0, 0, 2, 1, 0, 0, 0, 0, 0, 1, 0, 2, 0, 0],799.9084883574901,57395.96707975837,111302.99335543459,true
4,G2_TEC,G2_TEC,[31, 22, 82, 15, 26, 9, 95, 42, 77, 4, 47, 5, 93, 78, 86, 54, 85, 63, 18, 44, 20, 49, 36, 14, 48, 50, 53, 17, 21, 45, 71, 64, 3, 23, 30, 83, 24, 41, 60, 52, 65, 27, 90, 70, 39, 87, 74, 69, 99, 68, 46, 1, 38, 58, 97, 59, 28, 8, 73, 37, 35, 79, 11, 66, 76, 57, 72, 16, 92, 6, 80, 61, 33, 98, 32, 34, 51, 67, 10, 7, 56, 43, 62, 19, 91, 13, 29, 96, 0, 81, 75, 40, 2, 55, 88, 25, 12, 94, 89, 84]|[0, 1, 2, 1, 1, 2, 2, 0, 1, 1, 1, 0, 2, 2, 1, 2, 0, 0, 0, 2, 2, 1, 0, 2, 2, 2, 2, 1, 0, 1, 1, 1, 0, 0, 2, 0, 2, 1, 2, 2, 0, 1, 1, 1, 0, 2, 0, 2, 1, 0, 0, 2, 2, 0, 2, 0, 2, 1, 0, 0, 2, 1, 0, 0, 2, 0, 1, 1, 0, 0, 0, 1, 1, 0, 0, 1, 0, 0, 1, 2, 2, 2, 0, 2, 1, 0, 1, 0, 0, 1, 2, 2, 2, 1, 1, 1, 1, 1, 1, 0]|[1, 3, 0, 2, 4, 1, 1, 0, 2, 4, 2, 2, 1, 0, 2, 1, 1, 1, 2, 1, 2, 3, 0, 1, 0, 1, 1, 4, 1, 0, 3, 2, 2, 0, 1, 1, 1, 4, 0, 1, 2, 2, 4, 4, 1, 1, 0, 2, 3, 1, 2, 1, 2, 1, 1, 2, 0, 3, 0, 2, 2, 3, 1, 2, 1, 2, 4, 0, 0, 1, 1, 3, 4, 1, 2, 4, 0, 1, 3, 1, 0, 1, 2, 0, 3, 2, 3, 2, 2, 1, 2, 0, 1, 3, 4, 4, 3, 4, 4, 2]|[1, 2, 0, 1, 3, 0, 0, 0, 0, 0, 2, 0, 1, 0, 1, 0, 0, 0, 1, 0, 0, 2, 0, 0, 0, 0, 0, 3, 0, 1, 0, 2, 0, 0, 0, 0, 1, 3, 1, 0, 0, 1, 1, 3, 0, 0, 1, 0, 2, 0, 0, 0, 0, 0, 1, 0, 0, 0, 1, 1, 0, 2, 0, 0, 0, 1, 2, 1, 1, 0, 0, 0, 1, 0, 0, 2, 0, 0, 3, 0, 0, 0, 1, 0, 0, 0, 0, 0, 0, 1, 1, 0, 0, 0, 1, 3, 0, 2, 1, 1],964.5999201164345,55335.330859542846,127695.30227055156,false
4,G3_TWC,G1_CMAX,[31, 22, 82, 15, 26, 9, 95, 42, 77, 12, 47, 5, 93, 78, 86, 54, 85, 63, 18, 44, 20, 35, 43, 97, 91, 76, 10, 30, 21, 45, 71, 64, 1, 23, 17, 83, 24, 41, 60, 36, 6, 57, 40, 88, 65, 56, 79, 69, 67, 68, 46, 75, 38, 58, 19, 32, 81, 48, 27, 62, 87, 90, 99, 59, 11, 16, 72, 73, 70, 39, 37, 84, 3, 92, 25, 55, 28, 51, 29, 7, 96, 61, 98, 33, 89, 50, 66, 8, 80, 53, 14, 2, 34, 4, 52, 49, 0, 94, 74, 13]|[1, 1, 0, 1, 1, 0, 1, 2, 2, 1, 2, 2, 2, 1, 1, 0, 0, 0, 0, 2, 2, 0, 1, 2, 0, 1, 2, 2, 0, 0, 1, 2, 1, 2, 1, 0, 2, 1, 1, 1, 0, 1, 1, 1, 0, 2, 1, 2, 0, 0, 0, 0, 1, 1, 2, 1, 2, 1, 0, 0, 2, 1, 0, 1, 2, 1, 2, 1, 1, 1, 0, 1, 1, 0, 1, 1, 1, 0, 0, 1, 1, 1, 0, 0, 1, 0, 2, 1, 0, 0, 0, 0, 2, 1, 2, 0, 0, 1, 2, 0]|[4, 3, 2, 2, 4, 1, 2, 2, 1, 4, 0, 1, 2, 4, 4, 1, 2, 1, 2, 1, 1, 1, 1, 2, 1, 2, 1, 1, 1, 1, 3, 2, 3, 0, 4, 0, 1, 4, 0, 3, 2, 2, 2, 0, 1, 1, 0, 2, 0, 1, 2, 2, 1, 0, 0, 3, 2, 4, 1, 2, 2, 3, 1, 1, 1, 3, 0, 4, 3, 1, 1, 1, 1, 0, 4, 4, 4, 1, 1, 1, 3, 1, 1, 2, 1, 1, 0, 3, 1, 2, 2, 2, 1, 4, 1, 1, 2, 4, 0, 2]|[0, 2, 1, 1, 3, 0, 1, 0, 0, 0, 0, 0, 1, 0, 1, 0, 0, 0, 1, 0, 0, 0, 3, 1, 0, 2, 0, 0, 0, 1, 0, 0, 0, 0, 3, 0, 1, 3, 0, 2, 1, 1, 1, 0, 0, 0, 0, 0, 1, 0, 0, 0, 1, 3, 0, 0, 1, 2, 0, 1, 0, 2, 0, 1, 0, 2, 1, 0, 0, 1, 0, 3, 1, 1, 3, 3, 1, 0, 0, 2, 2, 3, 0, 1, 1, 0, 0, 2, 0, 1, 0, 0, 0, 0, 0, 1, 0, 2, 0, 0],806.9143460718665,57908.12513348024,107465.88407950419,true
4,G1_CMAX,G1_CMAX,[31, 22, 82, 15, 26, 68, 95, 77, 44, 12, 47, 93, 78, 86, 54, 85, 18, 74, 20, 35, 43, 97, 91, 76, 10, 30, 24, 21, 45, 71, 64, 1, 23, 17, 83, 5, 41, 60, 36, 88, 40, 57, 79, 69, 67, 46, 75, 38, 58, 19, 32, 81, 66, 48, 6, 9, 14, 53, 51, 65, 50, 8, 56, 33, 39, 37, 98, 42, 80, 63, 7, 29, 28, 55, 25, 92, 3, 84, 2, 89, 70, 73, 72, 16, 11, 59, 96, 90, 87, 62, 27, 99, 34, 13, 61, 94, 0, 49, 52, 4]|[2, 1, 0, 1, 1, 0, 1, 2, 2, 1, 2, 1, 1, 2, 0, 0, 0, 2, 2, 0, 1, 2, 0, 2, 1, 2, 2, 0, 0, 1, 2, 1, 2, 1, 0, 2, 1, 1, 1, 1, 1, 1, 1, 2, 0, 0, 0, 1, 1, 2, 1, 2, 2, 1, 0, 0, 0, 0, 0, 0, 0, 1, 2, 0, 1, 0, 2, 2, 0, 0, 1, 1, 1, 1, 1, 0, 1, 1, 0, 1, 1, 1, 2, 1, 2, 1, 0, 1, 2, 0, 0, 0, 2, 0, 1, 1, 0, 0, 2, 0]|[0, 3, 2, 2, 4, 1, 2, 1, 1, 4, 0, 3, 4, 2, 1, 2, 2, 0, 1, 1, 1, 2, 1, 1, 0, 1, 1, 1, 1, 3, 2, 3, 0, 4, 0, 1, 4, 0, 3, 0, 2, 2, 0, 2, 0, 2, 2, 1, 0, 0, 3, 1, 0, 4, 2, 1, 1, 2, 1, 1, 1, 3, 1, 2, 1, 1, 0, 2, 1, 1, 1, 3, 4, 4, 4, 0, 1, 1, 2, 1, 1, 4, 0, 3, 1, 1, 1, 3, 2, 2, 1, 1, 1, 2, 3, 4, 2, 1, 1, 2]|[1, 2, 1, 1, 3, 0, 1, 0, 0, 2, 0, 2, 3, 1, 0, 0, 1, 0, 0, 0, 3, 1, 0, 0, 0, 0, 1, 0, 1, 0, 0, 0, 0, 3, 0, 0, 3, 0, 2, 0, 1, 1, 0, 0, 1, 0, 0, 1, 3, 0, 0, 0, 0, 2, 1, 0, 0, 1, 0, 0, 0, 2, 0, 1, 1, 0, 0, 0, 0, 0, 2, 0, 1, 3, 3, 1, 1, 3, 0, 1, 3, 0, 1, 2, 0, 1, 0, 2, 0, 1, 0, 0, 0, 0, 0, 2, 0, 1, 0, 0],774.3192902146667,58266.130554676274,111665.63482886844,false
4,G4_BALANCED,G1_CMAX,[31, 22, 82, 15, 26, 9, 95, 42, 77, 12, 47, 5, 93, 78, 86, 54, 85, 63, 18, 44, 20, 35, 43, 97, 91, 76, 10, 30, 21, 45, 71, 64, 1, 23, 17, 83, 24, 41, 60, 36, 6, 57, 40, 88, 65, 56, 79, 69, 67, 68, 46, 75, 38, 58, 19, 32, 81, 48, 27, 62, 87, 90, 99, 59, 11, 16, 72, 73, 70, 89, 96, 84, 3, 92, 25, 55, 51, 28, 29, 7, 33, 98, 61, 37, 53, 50, 66, 80, 8, 39, 14, 2, 34, 4, 52, 49, 0, 94, 74, 13]|[1, 1, 0, 1, 1, 0, 1, 2, 2, 1, 2, 2, 2, 1, 1, 0, 0, 0, 0, 2, 2, 0, 1, 2, 0, 1, 2, 2, 0, 0, 1, 2, 1, 2, 1, 0, 2, 1, 1, 1, 0, 1, 1, 1, 0, 2, 1, 2, 0, 0, 0, 0, 1, 1, 2, 1, 2, 1, 0, 0, 2, 1, 0, 1, 2, 1, 2, 1, 1, 1, 1, 1, 1, 0, 1, 1, 0, 1, 0, 1, 2, 2, 1, 0, 0, 0, 2, 0, 1, 1, 0, 0, 2, 0, 2, 0, 0, 1, 2, 0]|[4, 3, 2, 2, 4, 1, 2, 2, 1, 4, 0, 1, 2, 4, 4, 1, 2, 1, 2, 1, 1, 1, 1, 2, 1, 2, 1, 1, 1, 1, 3, 2, 3, 0, 4, 0, 1, 4, 0, 3, 2, 2, 2, 0, 1, 1, 0, 2, 0, 1, 2, 2, 1, 0, 0, 3, 1, 4, 1, 2, 2, 3, 1, 1, 1, 3, 0, 4, 3, 1, 3, 1, 1, 0, 4, 4, 1, 4, 1, 1, 2, 0, 3, 1, 2, 1, 0, 1, 3, 1, 2, 2, 1, 2, 1, 1, 2, 4, 0, 2]|[0, 2, 1, 1, 3, 0, 1, 0, 0, 0, 0, 0, 1, 0, 1, 0, 0, 0, 1, 0, 0, 0, 3, 1, 0, 2, 0, 0, 0, 1, 0, 0, 0, 0, 3, 0, 1, 3, 0, 2, 1, 1, 1, 0, 0, 0, 0, 0, 1, 0, 0, 0, 1, 3, 0, 0, 0, 2, 0, 1, 0, 2, 0, 1, 0, 2, 1, 0, 0, 1, 2, 3, 1, 1, 3, 3, 0, 1, 0, 2, 0, 0, 0, 0, 1, 0, 0, 0, 2, 1, 0, 0, 0, 0, 0, 1, 0, 2, 0, 0],799.9084883574901,57395.96707975837,111302.99335543459,true
4,G2_TEC,G2_TEC,[31, 22, 82, 15, 26, 9, 95, 42, 77, 4, 47, 5, 93, 78, 86, 54, 85, 63, 18, 44, 20, 49, 36, 14, 48, 50, 53, 17, 21, 45, 71, 64, 3, 23, 30, 83, 24, 41, 60, 52, 65, 27, 90, 70, 39, 87, 74, 69, 99, 68, 46, 1, 38, 58, 97, 59, 28, 8, 73, 37, 35, 79, 11, 66, 76, 57, 72, 16, 92, 6, 80, 61, 33, 98, 32, 34, 51, 67, 10, 7, 56, 43, 62, 19, 91, 13, 29, 96, 0, 81, 75, 40, 2, 55, 88, 25, 12, 94, 89, 84]|[0, 1, 2, 1, 1, 2, 2, 0, 1, 1, 1, 0, 2, 2, 1, 2, 0, 0, 0, 2, 2, 1, 0, 2, 2, 2, 2, 1, 0, 1, 1, 1, 0, 0, 2, 0, 2, 1, 2, 2, 0, 1, 1, 1, 0, 2, 0, 2, 1, 0, 0, 2, 2, 0, 2, 0, 2, 1, 0, 0, 2, 1, 0, 0, 2, 0, 1, 1, 0, 0, 0, 1, 1, 0, 0, 1, 0, 0, 1, 2, 2, 2, 0, 2, 1, 0, 1, 0, 0, 1, 2, 2, 2, 1, 1, 1, 1, 1, 1, 0]|[1, 3, 0, 2, 4, 1, 1, 0, 2, 4, 2, 2, 1, 0, 2, 1, 1, 1, 2, 1, 2, 3, 0, 1, 0, 1, 1, 4, 1, 0, 3, 2, 2, 0, 1, 1, 1, 4, 0, 1, 2, 2, 4, 4, 1, 1, 0, 2, 3, 1, 2, 1, 2, 1, 1, 2, 0, 3, 0, 2, 2, 3, 1, 2, 1, 2, 4, 0, 0, 1, 1, 3, 4, 1, 2, 4, 0, 1, 3, 1, 0, 1, 2, 0, 3, 2, 3, 2, 2, 1, 2, 0, 1, 3, 4, 4, 3, 4, 4, 2]|[1, 2, 0, 1, 3, 0, 0, 0, 0, 0, 2, 0, 1, 0, 1, 0, 0, 0, 1, 0, 0, 2, 0, 0, 0, 0, 0, 3, 0, 1, 0, 2, 0, 0, 0, 0, 1, 3, 1, 0, 0, 1, 1, 3, 0, 0, 1, 0, 2, 0, 0, 0, 0, 0, 1, 0, 0, 0, 1, 1, 0, 2, 0, 0, 0, 1, 2, 1, 1, 0, 0, 0, 1, 0, 0, 2, 0, 0, 3, 0, 0, 0, 1, 0, 0, 0, 0, 0, 0, 1, 1, 0, 0, 0, 1, 3, 0, 2, 1, 1],964.5999201164345,55335.330859542846,127695.30227055156,false
4,G3_TWC,G1_CMAX,[31, 22, 82, 15, 26, 9, 95, 42, 77, 12, 47, 5, 93, 78, 86, 54, 85, 63, 18, 44, 20, 35, 43, 97, 91, 76, 10, 30, 21, 45, 71, 64, 1, 23, 17, 83, 24, 41, 60, 36, 6, 57, 40, 88, 65, 56, 79, 69, 67, 68, 46, 75, 38, 58, 19, 32, 81, 48, 27, 62, 87, 90, 99, 59, 11, 16, 72, 73, 70, 39, 37, 84, 3, 92, 25, 55, 28, 51, 29, 7, 96, 61, 98, 33, 89, 50, 66, 8, 80, 53, 14, 2, 34, 4, 52, 49, 0, 94, 74, 13]|[1, 1, 0, 1, 1, 0, 1, 2, 2, 1, 2, 2, 2, 1, 1, 0, 0, 0, 0, 2, 2, 0, 1, 2, 0, 1, 2, 2, 0, 0, 1, 2, 1, 2, 1, 0, 2, 1, 1, 1, 0, 1, 1, 1, 0, 2, 1, 2, 0, 0, 0, 0, 1, 1, 2, 1, 2, 1, 0, 0, 2, 1, 0, 1, 2, 1, 2, 1, 1, 1, 0, 1, 1, 0, 1, 1, 1, 0, 0, 1, 1, 1, 0, 0, 1, 0, 2, 1, 0, 0, 0, 0, 2, 1, 2, 0, 0, 1, 2, 0]|[4, 3, 2, 2, 4, 1, 2, 2, 1, 4, 0, 1, 2, 4, 4, 1, 2, 1, 2, 1, 1, 1, 1, 2, 1, 2, 1, 1, 1, 1, 3, 2, 3, 0, 4, 0, 1, 4, 0, 3, 2, 2, 2, 0, 1, 1, 0, 2, 0, 1, 2, 2, 1, 0, 0, 3, 2, 4, 1, 2, 2, 3, 1, 1, 1, 3, 0, 4, 3, 1, 1, 1, 1, 0, 4, 4, 4, 1, 1, 1, 3, 1, 1, 2, 1, 1, 0, 3, 1, 2, 2, 2, 1, 4, 1, 1, 2, 4, 0, 2]|[0, 2, 1, 1, 3, 0, 1, 0, 0, 0, 0, 0, 1, 0, 1, 0, 0, 0, 1, 0, 0, 0, 3, 1, 0, 2, 0, 0, 0, 1, 0, 0, 0, 0, 3, 0, 1, 3, 0, 2, 1, 1, 1, 0, 0, 0, 0, 0, 1, 0, 0, 0, 1, 3, 0, 0, 1, 2, 0, 1, 0, 2, 0, 1, 0, 2, 1, 0, 0, 1, 0, 3, 1, 1, 3, 3, 1, 0, 0, 2, 2, 3, 0, 1, 1, 0, 0, 2, 0, 1, 0, 0, 0, 0, 0, 1, 0, 2, 0, 0],806.9143460718665,57908.12513348024,107465.88407950419,true
4,G1_CMAX,G4_BALANCED,[31, 22, 82, 15, 26, 9, 95, 42, 77, 12, 47, 5, 93, 78, 86, 54, 85, 63, 18, 44, 20, 35, 43, 97, 91, 76, 10, 30, 21, 45, 71, 64, 1, 23, 17, 83, 24, 41, 60, 36, 6, 57, 40, 88, 65, 56, 79, 69, 67, 68, 46, 75, 38, 58, 19, 32, 81, 48, 27, 62, 87, 90, 99, 59, 11, 16, 72, 73, 70, 89, 96, 84, 3, 92, 25, 55, 28, 51, 29, 7, 49, 52, 37, 14, 8, 13, 53, 80, 0, 50, 2, 74, 98, 34, 33, 66, 4, 94, 39, 61]|[1, 1, 0, 1, 1, 0, 2, 0, 2, 1, 2, 2, 2, 1, 1, 0, 0, 0, 0, 2, 2, 0, 2, 2, 0, 1, 2, 1, 0, 1, 1, 1, 0, 2, 2, 0, 2, 1, 2, 1, 0, 1, 1, 1, 0, 2, 1, 2, 0, 0, 0, 2, 2, 1, 2, 1, 2, 1, 0, 0, 2, 1, 0, 1, 2, 1, 1, 1, 1, 1, 1, 1, 1, 2, 1, 1, 1, 0, 0, 1, 0, 2, 0, 0, 1, 0, 0, 0, 0, 1, 0, 2, 0, 1, 2, 1, 1, 1, 1, 1]|[4, 3, 2, 2, 4, 1, 1, 0, 1, 4, 0, 1, 2, 4, 4, 1, 2, 1, 2, 1, 1, 1, 1, 2, 1, 2, 1, 4, 1, 0, 3, 2, 2, 0, 1, 0, 1, 4, 0, 3, 2, 2, 2, 0, 1, 1, 0, 2, 1, 1, 2, 1, 2, 0, 1, 3, 0, 4, 1, 2, 2, 3, 1, 1, 0, 3, 2, 4, 3, 1, 3, 3, 4, 2, 4, 4, 4, 1, 1, 1, 1, 1, 1, 2, 3, 2, 2, 2, 2, 1, 2, 0, 1, 4, 2, 4, 4, 4, 1, 1]|[0, 2, 1, 1, 3, 0, 0, 0, 0, 0, 0, 0, 1, 0, 1, 0, 0, 0, 1, 0, 0, 0, 0, 1, 0, 2, 0, 3, 0, 1, 0, 2, 0, 0, 0, 0, 1, 3, 1, 2, 1, 1, 1, 0, 0, 0, 0, 0, 0, 0, 0, 0, 0, 3, 0, 0, 0, 2, 0, 1, 0, 2, 0, 1, 0, 2, 1, 0, 0, 1, 2, 0, 1, 0, 3, 3, 1, 0, 0, 2, 1, 0, 0, 0, 0, 0, 1, 0, 0, 1, 0, 0, 0, 2, 0, 3, 0, 2, 1, 3],915.1724679534225,56581.859992854654,129059.08651707225,true
4,G4_BALANCED,G4_BALANCED,[31, 22, 82, 15, 73, 9, 95, 42, 77, 12, 47, 98, 93, 78, 86, 54, 85, 63, 18, 44, 20, 35, 43, 97, 91, 76, 10, 30, 21, 45, 71, 64, 1, 23, 17, 83, 24, 41, 60, 36, 6, 57, 40, 88, 65, 56, 79, 69, 67, 68, 46, 75, 38, 58, 19, 32, 81, 48, 27, 62, 87, 90, 99, 59, 11, 16, 72, 26, 70, 89, 96, 84, 3, 92, 25, 55, 51, 28, 29, 8, 33, 5, 61, 37, 53, 50, 66, 80, 7, 39, 14, 2, 34, 4, 52, 49, 0, 94, 74, 13]|[1, 1, 0, 1, 1, 0, 1, 2, 2, 1, 2, 2, 2, 1, 1, 0, 0, 0, 0, 2, 2, 0, 1, 2, 0, 1, 2, 2, 0, 0, 1, 2, 1, 2, 1, 0, 2, 1, 1, 1, 0, 1, 1, 1, 0, 2, 1, 2, 0, 0, 0, 0, 1, 1, 2, 1, 2, 1, 0, 0, 2, 1, 0, 1, 2, 1, 2, 1, 1, 1, 1, 1, 1, 0, 1, 1, 0, 1, 0, 1, 2, 2, 1, 0, 0, 0, 2, 0, 1, 1, 0, 0, 2, 0, 2, 0, 0, 1, 2, 0]|[4, 3, 2, 2, 4, 1, 2, 2, 1, 4, 0, 1, 2, 4, 4, 1, 2, 1, 2, 1, 1, 1, 1, 2, 1, 2, 1, 1, 1, 1, 3, 2, 3, 0, 4, 0, 1, 4, 0, 3, 2, 2, 2, 0, 1, 1, 0, 2, 0, 1, 2, 2, 1, 4, 0, 3, 1, 4, 1, 2, 2, 3, 1, 1, 1, 3, 0, 4, 3, 1, 3, 1, 1, 0, 4, 4, 1, 4, 1, 1, 2, 1, 3, 1, 2, 1, 0, 1, 1, 1, 2, 2, 1, 2, 1, 1, 2, 4, 0, 2]|[0, 2, 1, 1, 3, 0, 1, 0, 0, 0, 0, 0, 1, 0, 1, 0, 0, 0, 1, 0, 0, 0, 3, 1, 0, 2, 0, 0, 0, 1, 0, 0, 0, 0, 3, 0, 1, 3, 0, 2, 1, 1, 1, 0, 0, 0, 0, 0, 1, 0, 0, 0, 1, 3, 0, 0, 0, 2, 0, 1, 0, 2, 0, 1, 0, 2, 1, 3, 0, 1, 2, 3, 1, 1, 3, 3, 0, 1, 0, 2, 0, 0, 0, 0, 1, 0, 0, 0, 2, 1, 0, 0, 0, 0, 0, 1, 0, 2, 0, 0],794.098885727208,57225.0796738386,110359.71307210415,false
4,G2_TEC,G2_TEC,[31, 22, 82, 15, 26, 9, 95, 42, 77, 4, 47, 5, 93, 78, 86, 54, 85, 63, 18, 44, 20, 49, 36, 14, 48, 50, 53, 17, 21, 45, 71, 64, 3, 23, 30, 83, 24, 41, 60, 52, 65, 27, 90, 70, 39, 87, 74, 69, 99, 68, 46, 1, 38, 58, 97, 59, 28, 8, 73, 37, 35, 79, 11, 66, 76, 57, 72, 16, 92, 6, 80, 61, 33, 98, 32, 34, 51, 67, 10, 7, 56, 43, 62, 19, 91, 13, 29, 96, 0, 81, 75, 40, 2, 55, 88, 25, 12, 94, 89, 84]|[0, 1, 2, 1, 1, 2, 2, 0, 1, 1, 1, 0, 2, 2, 1, 2, 0, 0, 0, 2, 2, 1, 0, 2, 2, 2, 2, 1, 0, 1, 1, 1, 0, 0, 2, 0, 2, 1, 2, 2, 0, 1, 1, 1, 0, 2, 0, 2, 1, 0, 0, 2, 2, 0, 2, 0, 2, 1, 0, 0, 2, 1, 0, 0, 2, 0, 1, 1, 0, 0, 0, 1, 1, 0, 0, 1, 0, 0, 1, 2, 2, 2, 0, 2, 1, 0, 1, 0, 0, 1, 2, 2, 2, 1, 1, 1, 1, 1, 1, 0]|[1, 3, 0, 2, 4, 1, 1, 0, 2, 4, 2, 2, 1, 0, 2, 1, 1, 1, 2, 1, 2, 3, 0, 1, 0, 1, 1, 4, 1, 0, 3, 2, 2, 0, 1, 1, 1, 4, 0, 1, 2, 2, 4, 4, 1, 1, 0, 2, 3, 1, 2, 1, 2, 1, 1, 2, 0, 3, 0, 2, 2, 3, 1, 2, 1, 2, 4, 0, 0, 1, 1, 3, 4, 1, 2, 4, 0, 1, 3, 1, 0, 1, 2, 0, 3, 2, 3, 2, 2, 1, 2, 0, 1, 3, 4, 4, 3, 4, 4, 2]|[1, 2, 0, 1, 3, 0, 0, 0, 0, 0, 2, 0, 1, 0, 1, 0, 0, 0, 1, 0, 0, 2, 0, 0, 0, 0, 0, 3, 0, 1, 0, 2, 0, 0, 0, 0, 1, 3, 1, 0, 0, 1, 1, 3, 0, 0, 1, 0, 2, 0, 0, 0, 0, 0, 1, 0, 0, 0, 1, 1, 0, 2, 0, 0, 0, 1, 2, 1, 1, 0, 0, 0, 1, 0, 0, 2, 0, 0, 3, 0, 0, 0, 1, 0, 0, 0, 0, 0, 0, 1, 1, 0, 0, 0, 1, 3, 0, 2, 1, 1],964.5999201164345,55335.330859542846,127695.30227055156,false
4,G3_TWC,G1_CMAX,[31, 22, 82, 15, 26, 9, 95, 42, 77, 12, 47, 5, 93, 78, 86, 54, 85, 63, 18, 44, 20, 35, 43, 97, 91, 76, 10, 30, 21, 45, 71, 64, 1, 23, 17, 83, 24, 41, 60, 36, 6, 57, 40, 88, 65, 56, 79, 69, 67, 68, 46, 75, 38, 58, 19, 32, 81, 48, 27, 62, 87, 90, 99, 59, 11, 16, 72, 73, 70, 39, 37, 84, 3, 92, 25, 55, 28, 51, 29, 7, 96, 61, 98, 33, 89, 50, 66, 8, 80, 53, 14, 2, 34, 4, 52, 49, 0, 94, 74, 13]|[1, 1, 0, 1, 1, 0, 1, 2, 2, 1, 2, 2, 2, 1, 1, 0, 0, 0, 0, 2, 2, 0, 1, 2, 0, 1, 2, 2, 0, 0, 1, 2, 1, 2, 1, 0, 2, 1, 1, 1, 0, 1, 1, 1, 0, 2, 1, 2, 0, 0, 0, 0, 1, 1, 2, 1, 2, 1, 0, 0, 2, 1, 0, 1, 2, 1, 2, 1, 1, 1, 0, 1, 1, 0, 1, 1, 1, 0, 0, 1, 1, 1, 0, 0, 1, 0, 2, 1, 0, 0, 0, 0, 2, 1, 2, 0, 0, 1, 2, 0]|[4, 3, 2, 2, 4, 1, 2, 2, 1, 4, 0, 1, 2, 4, 4, 1, 2, 1, 2, 1, 1, 1, 1, 2, 1, 2, 1, 1, 1, 1, 3, 2, 3, 0, 4, 0, 1, 4, 0, 3, 2, 2, 2, 0, 1, 1, 0, 2, 0, 1, 2, 2, 1, 0, 0, 3, 2, 4, 1, 2, 2, 3, 1, 1, 1, 3, 0, 4, 3, 1, 1, 1, 1, 0, 4, 4, 4, 1, 1, 1, 3, 1, 1, 2, 1, 1, 0, 3, 1, 2, 2, 2, 1, 4, 1, 1, 2, 4, 0, 2]|[0, 2, 1, 1, 3, 0, 1, 0, 0, 0, 0, 0, 1, 0, 1, 0, 0, 0, 1, 0, 0, 0, 3, 1, 0, 2, 0, 0, 0, 1, 0, 0, 0, 0, 3, 0, 1, 3, 0, 2, 1, 1, 1, 0, 0, 0, 0, 0, 1, 0, 0, 0, 1, 3, 0, 0, 1, 2, 0, 1, 0, 2, 0, 1, 0, 2, 1, 0, 0, 1, 0, 3, 1, 1, 3, 3, 1, 0, 0, 2, 2, 3, 0, 1, 1, 0, 0, 2, 0, 1, 0, 0, 0, 0, 0, 1, 0, 2, 0, 0],806.9143460718665,57908.12513348024,107465.88407950419,true
4,G1_CMAX,G1_CMAX,[31, 22, 82, 15, 26, 9, 95, 42, 77, 12, 47, 5, 93, 78, 86, 54, 85, 63, 18, 44, 20, 35, 43, 97, 91, 76, 10, 30, 21, 45, 71, 64, 1, 23, 17, 83, 24, 41, 60, 36, 6, 57, 40, 88, 65, 56, 79, 69, 67, 68, 46, 75, 38, 58, 19, 32, 81, 48, 27, 62, 87, 90, 99, 59, 11, 16, 72, 73, 70, 89, 96, 84, 3, 92, 25, 55, 28, 51, 29, 7, 49, 52, 37, 14, 8, 13, 53, 80, 0, 66, 98, 2, 34, 4, 61, 33, 39, 94, 74, 50]|[1, 1, 0, 1, 1, 0, 2, 0, 2, 1, 2, 2, 2, 1, 1, 0, 0, 0, 0, 2, 2, 0, 2, 2, 0, 1, 2, 1, 0, 0, 1, 2, 0, 2, 2, 0, 2, 1, 2, 1, 0, 1, 1, 1, 0, 2, 1, 2, 0, 0, 0, 2, 1, 1, 2, 1, 2, 1, 0, 0, 2, 1, 0, 1, 2, 1, 2, 1, 1, 1, 1, 1, 1, 0, 1, 1, 1, 0, 0, 1, 0, 2, 2, 0, 1, 0, 2, 0, 0, 0, 0, 0, 1, 1, 1, 2, 0, 1, 2, 1]|[4, 3, 2, 2, 4, 1, 1, 0, 2, 4, 0, 1, 2, 4, 4, 1, 2, 1, 2, 1, 1, 1, 1, 2, 1, 2, 1, 4, 1, 1, 3, 2, 2, 0, 1, 0, 1, 4, 0, 3, 2, 2, 2, 0, 1, 1, 0, 2, 1, 1, 2, 1, 1, 0, 1, 3, 0, 4, 1, 2, 2, 3, 1, 1, 1, 3, 0, 4, 3, 1, 3, 3, 1, 0, 4, 4, 4, 1, 1, 1, 2, 1, 0, 2, 3, 2, 0, 2, 2, 2, 2, 2, 4, 4, 1, 2, 2, 4, 0, 1]|[0, 2, 1, 1, 3, 0, 0, 0, 0, 0, 0, 0, 1, 0, 1, 0, 0, 0, 1, 0, 0, 0, 0, 1, 0, 2, 0, 3, 0, 1, 0, 0, 0, 0, 0, 0, 1, 3, 1, 2, 1, 1, 1, 0, 0, 0, 0, 0, 0, 0, 0, 0, 1, 3, 0, 0, 0, 2, 0, 1, 0, 2, 0, 1, 0, 2, 1, 0, 0, 1, 2, 0, 1, 1, 3, 3, 1, 0, 0, 2, 1, 0, 0, 0, 0, 0, 0, 0, 0, 1, 0, 0, 2, 0, 3, 0, 0, 2, 0, 1],835.1017224934683,56379.80932271395,118628.103711086,false
4,G4_BALANCED,G4_BALANCED,[31, 22, 82, 15, 73, 9, 95, 42, 77, 12, 47, 98, 93, 78, 86, 54, 85, 63, 18, 44, 20, 35, 43, 97, 91, 76, 10, 30, 21, 45, 71, 64, 1, 23, 17, 83, 24, 41, 60, 36, 6, 57, 40, 88, 65, 56, 79, 69, 67, 68, 46, 75, 38, 58, 19, 32, 81, 48, 27, 62, 87, 90, 99, 59, 11, 16, 72, 26, 70, 89, 96, 84, 3, 92, 25, 55, 51, 28, 29, 8, 33, 5, 61, 37, 53, 50, 66, 80, 7, 39, 14, 2, 34, 4, 52, 49, 0, 94, 74, 13]|[1, 1, 0, 1, 1, 0, 1, 2, 2, 1, 2, 2, 2, 1, 1, 0, 0, 0, 0, 2, 2, 0, 1, 2, 0, 1, 2, 2, 0, 0, 1, 2, 1, 2, 1, 0, 2, 1, 1, 1, 0, 1, 1, 1, 0, 2, 1, 2, 0, 0, 0, 0, 1, 1, 2, 1, 2, 1, 0, 0, 2, 1, 0, 1, 2, 1, 2, 1, 1, 1, 1, 1, 1, 0, 1, 1, 0, 1, 0, 1, 2, 2, 1, 0, 0, 0, 2, 0, 1, 1, 0, 0, 2, 0, 2, 0, 0, 1, 2, 0]|[4, 3, 2, 2, 4, 1, 2, 2, 1, 4, 0, 1, 2, 4, 4, 1, 2, 1, 2, 1, 1, 1, 1, 2, 1, 2, 1, 1, 1, 1, 3, 2, 3, 0, 4, 0, 1, 4, 0, 3, 2, 2, 2, 0, 1, 1, 0, 2, 0, 1, 2, 2, 1, 4, 0, 3, 1, 4, 1, 2, 2, 3, 1, 1, 1, 3, 0, 4, 3, 1, 3, 1, 1, 0, 4, 4, 1, 4, 1, 1, 2, 1, 3, 1, 2, 1, 0, 1, 1, 1, 2, 2, 1, 2, 1, 1, 2, 4, 0, 2]|[0, 2, 1, 1, 3, 0, 1, 0, 0, 0, 0, 0, 1, 0, 1, 0, 0, 0, 1, 0, 0, 0, 3, 1, 0, 2, 0, 0, 0, 1, 0, 0, 0, 0, 3, 0, 1, 3, 0, 2, 1, 1, 1, 0, 0, 0, 0, 0, 1, 0, 0, 0, 1, 3, 0, 0, 0, 2, 0, 1, 0, 2, 0, 1, 0, 2, 1, 3, 0, 1, 2, 3, 1, 1, 3, 3, 0, 1, 0, 2, 0, 0, 0, 0, 1, 0, 0, 0, 2, 1, 0, 0, 0, 0, 0, 1, 0, 2, 0, 0],794.098885727208,57225.0796738386,110359.71307210415,false
4,G2_TEC,G2_TEC,[31, 22, 82, 15, 26, 9, 95, 42, 77, 4, 47, 5, 93, 78, 86, 54, 85, 63, 18, 44, 20, 49, 36, 14, 48, 50, 53, 17, 21, 45, 71, 64, 3, 23, 30, 83, 24, 41, 60, 52, 65, 27, 90, 70, 39, 87, 74, 69, 99, 68, 46, 1, 38, 58, 97, 59, 28, 8, 73, 37, 35, 79, 11, 66, 76, 57, 72, 16, 92, 6, 80, 61, 33, 98, 32, 34, 51, 67, 10, 7, 56, 43, 62, 19, 91, 13, 29, 96, 0, 81, 75, 40, 2, 55, 88, 25, 12, 94, 89, 84]|[0, 1, 2, 1, 1, 2, 2, 0, 1, 1, 1, 0, 2, 2, 1, 2, 0, 0, 0, 2, 2, 1, 0, 2, 2, 2, 2, 1, 0, 1, 1, 1, 0, 0, 2, 0, 2, 1, 2, 2, 0, 1, 1, 1, 0, 2, 0, 2, 1, 0, 0, 2, 2, 0, 2, 0, 2, 1, 0, 0, 2, 1, 0, 0, 2, 0, 1, 1, 0, 0, 0, 1, 1, 0, 0, 1, 0, 0, 1, 2, 2, 2, 0, 2, 1, 0, 1, 0, 0, 1, 2, 2, 2, 1, 1, 1, 1, 1, 1, 0]|[1, 3, 0, 2, 4, 1, 1, 0, 2, 4, 2, 2, 1, 0, 2, 1, 1, 1, 2, 1, 2, 3, 0, 1, 0, 1, 1, 4, 1, 0, 3, 2, 2, 0, 1, 1, 1, 4, 0, 1, 2, 2, 4, 4, 1, 1, 0, 2, 3, 1, 2, 1, 2, 1, 1, 2, 0, 3, 0, 2, 2, 3, 1, 2, 1, 2, 4, 0, 0, 1, 1, 3, 4, 1, 2, 4, 0, 1, 3, 1, 0, 1, 2, 0, 3, 2, 3, 2, 2, 1, 2, 0, 1, 3, 4, 4, 3, 4, 4, 2]|[1, 2, 0, 1, 3, 0, 0, 0, 0, 0, 2, 0, 1, 0, 1, 0, 0, 0, 1, 0, 0, 2, 0, 0, 0, 0, 0, 3, 0, 1, 0, 2, 0, 0, 0, 0, 1, 3, 1, 0, 0, 1, 1, 3, 0, 0, 1, 0, 2, 0, 0, 0, 0, 0, 1, 0, 0, 0, 1, 1, 0, 2, 0, 0, 0, 1, 2, 1, 1, 0, 0, 0, 1, 0, 0, 2, 0, 0, 3, 0, 0, 0, 1, 0, 0, 0, 0, 0, 0, 1, 1, 0, 0, 0, 1, 3, 0, 2, 1, 1],964.5999201164345,55335.330859542846,127695.30227055156,false
4,G3_TWC,G3_TWC,[31, 22, 82, 15, 26, 9, 95, 42, 77, 12, 47, 5, 93, 78, 86, 54, 85, 63, 18, 44, 20, 35, 43, 97, 91, 76, 10, 30, 21, 45, 71, 64, 1, 23, 17, 83, 24, 41, 60, 36, 6, 57, 40, 88, 65, 56, 79, 69, 67, 68, 46, 75, 38, 58, 19, 32, 81, 48, 27, 62, 87, 90, 99, 59, 11, 16, 72, 73, 70, 39, 37, 84, 3, 92, 25, 55, 28, 51, 29, 7, 96, 61, 74, 33, 53, 50, 66, 80, 8, 89, 14, 2, 34, 4, 52, 49, 0, 94, 98, 13]|[1, 1, 0, 1, 1, 0, 1, 2, 2, 1, 2, 2, 2, 1, 1, 0, 0, 0, 0, 2, 2, 0, 1, 2, 0, 1, 2, 2, 0, 0, 1, 2, 1, 2, 1, 0, 2, 1, 1, 1, 0, 1, 1, 1, 0, 2, 1, 2, 0, 0, 0, 0, 1, 1, 2, 1, 2, 1, 0, 0, 2, 1, 0, 1, 2, 1, 2, 1, 1, 1, 0, 1, 1, 0, 1, 1, 1, 0, 1, 1, 0, 1, 2, 0, 0, 0, 2, 0, 1, 1, 0, 0, 2, 1, 2, 0, 0, 1, 0, 0]|[4, 3, 2, 2, 4, 1, 2, 2, 1, 4, 0, 1, 2, 4, 4, 1, 2, 1, 2, 1, 1, 1, 1, 2, 1, 2, 1, 1, 1, 1, 3, 2, 3, 0, 4, 0, 1, 4, 0, 3, 2, 2, 2, 0, 1, 1, 0, 2, 0, 1, 2, 2, 1, 0, 0, 3, 2, 4, 1, 2, 2, 3, 1, 1, 1, 3, 0, 4, 3, 1, 1, 1, 1, 0, 4, 4, 4, 1, 3, 1, 1, 1, 0, 2, 2, 1, 0, 1, 3, 1, 1, 2, 1, 4, 1, 1, 2, 4, 1, 2]|[0, 2, 1, 1, 3, 0, 1, 0, 0, 0, 0, 0, 1, 0, 1, 0, 0, 0, 1, 0, 0, 0, 3, 1, 0, 2, 0, 0, 0, 1, 0, 0, 0, 0, 3, 0, 1, 3, 0, 2, 1, 1, 1, 0, 0, 0, 0, 0, 1, 0, 0, 0, 1, 3, 0, 0, 1, 2, 0, 1, 0, 2, 0, 1, 0, 2, 1, 0, 0, 1, 0, 3, 1, 1, 3, 3, 1, 0, 0, 2, 0, 3, 0, 1, 1, 0, 0, 0, 2, 1, 0, 0, 0, 0, 0, 1, 0, 2, 0, 0],800.5183914248439,57716.265274063895,106711.43293742399,false
4,G1_CMAX,G1_CMAX,[31, 22, 82, 15, 26, 68, 95, 77, 44, 12, 47, 93, 78, 86, 54, 85, 18, 74, 20, 35, 43, 97, 91, 76, 10, 30, 24, 21, 45, 71, 64, 1, 23, 17, 83, 5, 41, 60, 36, 88, 40, 57, 79, 69, 67, 46, 75, 38, 58, 19, 32, 81, 66, 48, 6, 9, 14, 53, 51, 65, 50, 8, 56, 33, 39, 37, 98, 42, 80, 63, 7, 29, 28, 55, 25, 92, 3, 84, 2, 89, 70, 73, 72, 16, 11, 59, 96, 90, 87, 62, 27, 99, 34, 13, 61, 94, 0, 49, 52, 4]|[2, 1, 0, 1, 1, 0, 1, 2, 2, 1, 2, 1, 1, 2, 0, 0, 0, 2, 2, 0, 1, 2, 0, 2, 1, 2, 2, 0, 0, 1, 2, 1, 2, 1, 0, 2, 1, 1, 1, 1, 1, 1, 1, 2, 0, 0, 0, 1, 1, 2, 1, 2, 2, 1, 0, 0, 0, 0, 0, 0, 0, 1, 2, 0, 1, 0, 2, 2, 0, 0, 1, 1, 1, 1, 1, 0, 1, 1, 0, 1, 1, 1, 2, 1, 2, 1, 0, 1, 2, 0, 0, 0, 2, 0, 1, 1, 0, 0, 2, 0]|[0, 3, 2, 2, 4, 1, 2, 1, 1, 4, 0, 3, 4, 2, 1, 2, 2, 0, 1, 1, 1, 2, 1, 1, 0, 1, 1, 1, 1, 3, 2, 3, 0, 4, 0, 1, 4, 0, 3, 0, 2, 2, 0, 2, 0, 2, 2, 1, 0, 0, 3, 1, 0, 4, 2, 1, 1, 2, 1, 1, 1, 3, 1, 2, 1, 1, 0, 2, 1, 1, 1, 3, 4, 4, 4, 0, 1, 1, 2, 1, 1, 4, 0, 3, 1, 1, 1, 3, 2, 2, 1, 1, 1, 2, 3, 4, 2, 1, 1, 2]|[1, 2, 1, 1, 3, 0, 1, 0, 0, 2, 0, 2, 3, 1, 0, 0, 1, 0, 0, 0, 3, 1, 0, 0, 0, 0, 1, 0, 1, 0, 0, 0, 0, 3, 0, 0, 3, 0, 2, 0, 1, 1, 0, 0, 1, 0, 0, 1, 3, 0, 0, 0, 0, 2, 1, 0, 0, 1, 0, 0, 0, 2, 0, 1, 1, 0, 0, 0, 0, 0, 2, 0, 1, 3, 3, 1, 1, 3, 0, 1, 3, 0, 1, 2, 0, 1, 0, 2, 0, 1, 0, 0, 0, 0, 0, 2, 0, 1, 0, 0],774.3192902146667,58266.130554676274,111665.63482886844,false
4,G4_BALANCED,G4_BALANCED,[31, 22, 82, 15, 73, 9, 95, 42, 77, 12, 47, 98, 93, 78, 86, 54, 85, 63, 18, 44, 20, 35, 43, 97, 91, 76, 10, 30, 21, 45, 71, 64, 1, 23, 17, 83, 24, 41, 60, 36, 6, 57, 40, 88, 65, 56, 79, 69, 67, 68, 46, 75, 38, 58, 19, 32, 81, 48, 27, 62, 87, 90, 99, 59, 11, 16, 72, 26, 70, 89, 96, 84, 3, 92, 25, 55, 51, 28, 29, 8, 33, 5, 61, 37, 53, 50, 66, 80, 7, 39, 14, 2, 34, 4, 52, 49, 0, 94, 74, 13]|[1, 1, 0, 1, 1, 0, 1, 2, 2, 1, 2, 2, 2, 1, 1, 0, 0, 0, 0, 2, 2, 0, 1, 2, 0, 1, 2, 2, 0, 0, 1, 2, 1, 2, 1, 0, 2, 1, 1, 1, 0, 1, 1, 1, 0, 2, 1, 2, 0, 0, 0, 0, 1, 1, 2, 1, 2, 1, 0, 0, 2, 1, 0, 1, 2, 1, 2, 1, 1, 1, 1, 1, 1, 0, 1, 1, 0, 1, 0, 1, 2, 2, 1, 0, 0, 0, 2, 0, 1, 1, 0, 0, 2, 0, 2, 0, 0, 1, 2, 0]|[4, 3, 2, 2, 4, 1, 2, 2, 1, 4, 0, 1, 2, 4, 4, 1, 2, 1, 2, 1, 1, 1, 1, 2, 1, 2, 1, 1, 1, 1, 3, 2, 3, 0, 4, 0, 1, 4, 0, 3, 2, 2, 2, 0, 1, 1, 0, 2, 0, 1, 2, 2, 1, 4, 0, 3, 1, 4, 1, 2, 2, 3, 1, 1, 1, 3, 0, 4, 3, 1, 3, 1, 1, 0, 4, 4, 1, 4, 1, 1, 2, 1, 3, 1, 2, 1, 0, 1, 1, 1, 2, 2, 1, 2, 1, 1, 2, 4, 0, 2]|[0, 2, 1, 1, 3, 0, 1, 0, 0, 0, 0, 0, 1, 0, 1, 0, 0, 0, 1, 0, 0, 0, 3, 1, 0, 2, 0, 0, 0, 1, 0, 0, 0, 0, 3, 0, 1, 3, 0, 2, 1, 1, 1, 0, 0, 0, 0, 0, 1, 0, 0, 0, 1, 3, 0, 0, 0, 2, 0, 1, 0, 2, 0, 1, 0, 2, 1, 3, 0, 1, 2, 3, 1, 1, 3, 3, 0, 1, 0, 2, 0, 0, 0, 0, 1, 0, 0, 0, 2, 1, 0, 0, 0, 0, 0, 1, 0, 2, 0, 0],794.098885727208,57225.0796738386,110359.71307210415,false
4,G2_TEC,G2_TEC,[31, 22, 82, 15, 26, 9, 90, 42, 77, 4, 79, 5, 93, 78, 86, 54, 85, 63, 18, 44, 20, 49, 36, 14, 48, 50, 53, 17, 21, 45, 71, 64, 3, 23, 30, 83, 24, 41, 60, 52, 65, 27, 95, 70, 39, 87, 74, 69, 99, 68, 46, 1, 38, 58, 97, 59, 28, 8, 73, 37, 35, 47, 11, 66, 76, 57, 72, 16, 92, 6, 80, 61, 33, 98, 32, 34, 51, 67, 10, 7, 56, 43, 62, 19, 91, 13, 29, 96, 0, 81, 2, 40, 88, 55, 75, 25, 12, 94, 89, 84]|[2, 1, 2, 1, 1, 2, 2, 0, 1, 1, 1, 0, 2, 2, 1, 2, 0, 0, 0, 2, 2, 1, 0, 2, 2, 2, 2, 1, 0, 1, 1, 1, 0, 0, 2, 0, 2, 1, 2, 2, 0, 1, 1, 1, 0, 2, 0, 2, 1, 0, 0, 2, 2, 0, 2, 0, 2, 1, 0, 0, 2, 1, 0, 2, 2, 0, 1, 1, 0, 0, 0, 1, 1, 0, 0, 1, 0, 0, 1, 2, 2, 1, 0, 2, 1, 0, 1, 0, 0, 1, 2, 2, 1, 1, 2, 1, 1, 1, 1, 0]|[0, 3, 0, 2, 4, 1, 1, 0, 2, 4, 2, 2, 1, 0, 2, 1, 1, 1, 2, 1, 2, 3, 0, 1, 0, 1, 1, 4, 1, 0, 3, 2, 2, 0, 1, 1, 1, 4, 0, 1, 2, 2, 4, 4, 1, 1, 0, 2, 3, 1, 2, 1, 2, 1, 1, 2, 0, 3, 0, 2, 2, 3, 1, 0, 1, 2, 4, 0, 0, 1, 1, 3, 4, 1, 2, 4, 0, 1, 3, 1, 0, 4, 2, 0, 3, 2, 3, 2, 2, 1, 1, 0, 4, 3, 2, 4, 3, 4, 4, 2]|[0, 2, 0, 1, 3, 0, 0, 0, 0, 0, 2, 0, 1, 0, 1, 0, 0, 0, 1, 0, 0, 2, 0, 0, 0, 0, 0, 3, 0, 1, 0, 2, 0, 0, 0, 0, 1, 3, 1, 0, 0, 1, 1, 3, 0, 0, 1, 0, 2, 0, 0, 0, 0, 0, 1, 0, 0, 0, 1, 1, 0, 2, 0, 0, 0, 1, 2, 1, 1, 0, 0, 0, 1, 0, 0, 2, 0, 0, 3, 0, 0, 2, 1, 0, 0, 0, 0, 0, 0, 1, 0, 0, 1, 0, 1, 3, 0, 2, 1, 1],958.1577796465699,54776.11066986155,126991.14939741348,false
4,G3_TWC,G3_TWC,[31, 22, 82, 15, 26, 9, 95, 42, 77, 12, 47, 5, 93, 78, 86, 54, 85, 63, 18, 44, 20, 35, 43, 97, 91, 76, 10, 30, 21, 45, 61, 64, 1, 23, 17, 83, 24, 41, 60, 36, 6, 57, 40, 88, 65, 56, 79, 69, 67, 68, 46, 75, 38, 58, 19, 32, 81, 48, 27, 62, 87, 90, 99, 59, 11, 16, 72, 73, 70, 89, 37, 84, 3, 92, 25, 55, 28, 51, 29, 7, 96, 74, 98, 33, 39, 50, 66, 8, 80, 53, 14, 2, 34, 4, 52, 49, 0, 94, 71, 13]|[1, 1, 0, 1, 1, 0, 1, 2, 2, 1, 2, 2, 2, 1, 1, 0, 0, 0, 0, 2, 2, 0, 1, 2, 0, 1, 2, 2, 0, 0, 1, 2, 1, 2, 1, 0, 2, 1, 1, 1, 0, 1, 1, 1, 0, 2, 1, 2, 0, 0, 0, 0, 1, 1, 2, 1, 2, 1, 0, 0, 2, 1, 0, 1, 2, 1, 2, 1, 1, 1, 0, 1, 1, 0, 1, 1, 1, 0, 1, 1, 0, 2, 0, 0, 1, 0, 2, 1, 0, 0, 0, 0, 2, 1, 2, 0, 0, 1, 1, 0]|[4, 3, 2, 2, 4, 1, 2, 2, 1, 4, 0, 1, 2, 4, 4, 1, 2, 1, 2, 1, 1, 1, 1, 2, 1, 2, 1, 1, 1, 1, 3, 2, 3, 0, 4, 0, 1, 4, 0, 3, 2, 2, 2, 0, 1, 1, 0, 2, 0, 1, 2, 2, 1, 0, 0, 3, 2, 4, 1, 2, 2, 3, 1, 1, 1, 3, 0, 4, 3, 1, 1, 1, 1, 0, 4, 4, 4, 1, 3, 1, 1, 0, 1, 2, 1, 1, 0, 3, 1, 2, 2, 2, 1, 4, 1, 1, 2, 4, 3, 2]|[0, 2, 1, 1, 3, 0, 1, 0, 0, 0, 0, 0, 1, 0, 1, 0, 0, 0, 1, 0, 0, 0, 3, 1, 0, 2, 0, 0, 0, 1, 0, 0, 0, 0, 3, 0, 1, 3, 0, 2, 1, 1, 1, 0, 0, 0, 0, 0, 1, 0, 0, 0, 1, 3, 0, 0, 1, 2, 0, 1, 0, 2, 0, 1, 0, 2, 1, 0, 0, 1, 0, 3, 1, 1, 3, 3, 1, 0, 0, 2, 0, 0, 0, 1, 1, 0, 0, 2, 0, 1, 0, 0, 0, 0, 0, 1, 0, 2, 0, 0],798.2574073403379,57632.95637757205,106447.61416322197,false
4,G1_CMAX,G1_CMAX,[31, 22, 82, 15, 26, 68, 95, 77, 44, 12, 47, 93, 78, 86, 54, 85, 18, 74, 20, 35, 43, 97, 91, 76, 10, 30, 24, 21, 45, 71, 64, 1, 23, 17, 83, 5, 41, 60, 36, 88, 40, 57, 79, 69, 67, 46, 75, 38, 58, 19, 32, 81, 66, 48, 6, 9, 14, 53, 51, 65, 50, 8, 56, 33, 39, 37, 98, 42, 80, 63, 7, 29, 28, 55, 25, 92, 3, 84, 2, 89, 70, 73, 72, 16, 11, 59, 96, 90, 87, 62, 27, 99, 34, 13, 61, 94, 0, 49, 52, 4]|[2, 1, 0, 1, 1, 0, 1, 2, 2, 1, 2, 1, 1, 2, 0, 0, 0, 2, 2, 0, 1, 2, 0, 2, 1, 2, 2, 0, 0, 1, 2, 1, 2, 1, 0, 2, 1, 1, 1, 1, 1, 1, 1, 2, 0, 0, 0, 1, 1, 2, 1, 2, 2, 1, 0, 0, 0, 0, 0, 0, 0, 1, 2, 0, 1, 0, 2, 2, 0, 0, 1, 1, 1, 1, 1, 0, 1, 1, 0, 1, 1, 1, 2, 1, 2, 1, 0, 1, 2, 0, 0, 0, 2, 0, 1, 1, 0, 0, 2, 0]|[0, 3, 2, 2, 4, 1, 2, 1, 1, 4, 0, 3, 4, 2, 1, 2, 2, 0, 1, 1, 1, 2, 1, 1, 0, 1, 1, 1, 1, 3, 2, 3, 0, 4, 0, 1, 4, 0, 3, 0, 2, 2, 0, 2, 0, 2, 2, 1, 0, 0, 3, 1, 0, 4, 2, 1, 1, 2, 1, 1, 1, 3, 1, 2, 1, 1, 0, 2, 1, 1, 1, 3, 4, 4, 4, 0, 1, 1, 2, 1, 1, 4, 0, 3, 1, 1, 1, 3, 2, 2, 1, 1, 1, 2, 3, 4, 2, 1, 1, 2]|[1, 2, 1, 1, 3, 0, 1, 0, 0, 2, 0, 2, 3, 1, 0, 0, 1, 0, 0, 0, 3, 1, 0, 0, 0, 0, 1, 0, 1, 0, 0, 0, 0, 3, 0, 0, 3, 0, 2, 0, 1, 1, 0, 0, 1, 0, 0, 1, 3, 0, 0, 0, 0, 2, 1, 0, 0, 1, 0, 0, 0, 2, 0, 1, 1, 0, 0, 0, 0, 0, 2, 0, 1, 3, 3, 1, 1, 3, 0, 1, 3, 0, 1, 2, 0, 1, 0, 2, 0, 1, 0, 0, 0, 0, 0, 2, 0, 1, 0, 0],774.3192902146667,58266.130554676274,111665.63482886844,false
4,G4_BALANCED,G4_BALANCED,[31, 22, 82, 15, 73, 9, 95, 42, 77, 12, 47, 98, 93, 78, 86, 54, 85, 63, 18, 44, 20, 35, 43, 97, 91, 76, 10, 30, 21, 45, 71, 64, 1, 23, 17, 83, 24, 41, 60, 36, 6, 57, 40, 88, 65, 56, 79, 69, 67, 68, 46, 75, 38, 58, 19, 32, 81, 48, 27, 62, 87, 90, 99, 59, 11, 16, 72, 26, 70, 89, 96, 84, 3, 92, 25, 55, 51, 28, 29, 8, 33, 5, 61, 37, 53, 50, 66, 80, 7, 39, 14, 2, 34, 4, 52, 49, 0, 94, 74, 13]|[1, 1, 0, 1, 1, 0, 1, 2, 2, 1, 2, 2, 2, 1, 1, 0, 0, 0, 0, 2, 2, 0, 1, 2, 0, 1, 2, 2, 0, 0, 1, 2, 1, 2, 1, 0, 2, 1, 1, 1, 0, 1, 1, 1, 0, 2, 1, 2, 0, 0, 0, 0, 1, 1, 2, 1, 2, 1, 0, 0, 2, 1, 0, 1, 2, 1, 2, 1, 1, 1, 1, 1, 1, 0, 1, 1, 0, 1, 0, 1, 2, 2, 1, 0, 0, 0, 2, 0, 1, 1, 0, 0, 2, 0, 2, 0, 0, 1, 2, 0]|[4, 3, 2, 2, 4, 1, 2, 2, 1, 4, 0, 1, 2, 4, 4, 1, 2, 1, 2, 1, 1, 1, 1, 2, 1, 2, 1, 1, 1, 1, 3, 2, 3, 0, 4, 0, 1, 4, 0, 3, 2, 2, 2, 0, 1, 1, 0, 2, 0, 1, 2, 2, 1, 4, 0, 3, 1, 4, 1, 2, 2, 3, 1, 1, 1, 3, 0, 4, 3, 1, 3, 1, 1, 0, 4, 4, 1, 4, 1, 1, 2, 1, 3, 1, 2, 1, 0, 1, 1, 1, 2, 2, 1, 2, 1, 1, 2, 4, 0, 2]|[0, 2, 1, 1, 3, 0, 1, 0, 0, 0, 0, 0, 1, 0, 1, 0, 0, 0, 1, 0, 0, 0, 3, 1, 0, 2, 0, 0, 0, 1, 0, 0, 0, 0, 3, 0, 1, 3, 0, 2, 1, 1, 1, 0, 0, 0, 0, 0, 1, 0, 0, 0, 1, 3, 0, 0, 0, 2, 0, 1, 0, 2, 0, 1, 0, 2, 1, 3, 0, 1, 2, 3, 1, 1, 3, 3, 0, 1, 0, 2, 0, 0, 0, 0, 1, 0, 0, 0, 2, 1, 0, 0, 0, 0, 0, 1, 0, 2, 0, 0],794.098885727208,57225.0796738386,110359.71307210415,false
4,G2_TEC,G2_TEC,[31, 22, 82, 15, 26, 9, 90, 42, 77, 4, 79, 5, 93, 78, 86, 54, 85, 63, 18, 44, 20, 49, 36, 14, 48, 50, 53, 17, 21, 45, 71, 64, 3, 23, 30, 83, 24, 41, 60, 52, 65, 27, 95, 70, 39, 87, 74, 69, 99, 68, 46, 1, 38, 58, 97, 59, 28, 8, 73, 37, 35, 47, 11, 66, 76, 57, 72, 16, 92, 6, 80, 61, 33, 98, 32, 34, 51, 67, 10, 7, 56, 43, 62, 19, 91, 13, 29, 96, 0, 81, 2, 40, 88, 55, 75, 25, 12, 94, 89, 84]|[2, 1, 2, 1, 1, 2, 2, 0, 1, 1, 1, 0, 2, 2, 1, 2, 0, 0, 0, 2, 2, 1, 0, 2, 2, 2, 2, 1, 0, 1, 1, 1, 0, 0, 2, 0, 2, 1, 2, 2, 0, 1, 1, 1, 0, 2, 0, 2, 1, 0, 0, 2, 2, 0, 2, 0, 2, 1, 0, 0, 2, 1, 0, 2, 2, 0, 1, 1, 0, 0, 0, 1, 1, 0, 0, 1, 0, 0, 1, 2, 2, 1, 0, 2, 1, 0, 1, 0, 0, 1, 2, 2, 1, 1, 2, 1, 1, 1, 1, 0]|[0, 3, 0, 2, 4, 1, 1, 0, 2, 4, 2, 2, 1, 0, 2, 1, 1, 1, 2, 1, 2, 3, 0, 1, 0, 1, 1, 4, 1, 0, 3, 2, 2, 0, 1, 1, 1, 4, 0, 1, 2, 2, 4, 4, 1, 1, 0, 2, 3, 1, 2, 1, 2, 1, 1, 2, 0, 3, 0, 2, 2, 3, 1, 0, 1, 2, 4, 0, 0, 1, 1, 3, 4, 1, 2, 4, 0, 1, 3, 1, 0, 4, 2, 0, 3, 2, 3, 2, 2, 1, 1, 0, 4, 3, 2, 4, 3, 4, 4, 2]|[0, 2, 0, 1, 3, 0, 0, 0, 0, 0, 2, 0, 1, 0, 1, 0, 0, 0, 1, 0, 0, 2, 0, 0, 0, 0, 0, 3, 0, 1, 0, 2, 0, 0, 0, 0, 1, 3, 1, 0, 0, 1, 1, 3, 0, 0, 1, 0, 2, 0, 0, 0, 0, 0, 1, 0, 0, 0, 1, 1, 0, 2, 0, 0, 0, 1, 2, 1, 1, 0, 0, 0, 1, 0, 0, 2, 0, 0, 3, 0, 0, 2, 1, 0, 0, 0, 0, 0, 0, 1, 0, 0, 1, 0, 1, 3, 0, 2, 1, 1],958.1577796465699,54776.11066986155,126991.14939741348,false
4,G3_TWC,G3_TWC,[31, 22, 82, 15, 26, 9, 95, 42, 77, 12, 47, 5, 93, 78, 86, 54, 85, 63, 18, 44, 20, 35, 43, 97, 91, 76, 10, 30, 21, 45, 61, 64, 1, 23, 17, 83, 24, 41, 60, 36, 6, 57, 40, 88, 65, 56, 79, 69, 67, 68, 46, 75, 38, 58, 19, 32, 81, 48, 27, 62, 87, 90, 99, 59, 11, 16, 72, 73, 70, 89, 37, 84, 3, 92, 25, 55, 28, 51, 29, 7, 96, 74, 98, 33, 39, 50, 66, 8, 80, 53, 14, 2, 34, 4, 52, 49, 0, 94, 71, 13]|[1, 1, 0, 1, 1, 0, 1, 2, 2, 1, 2, 2, 2, 1, 1, 0, 0, 0, 0, 2, 2, 0, 1, 2, 0, 1, 2, 2, 0, 0, 1, 2, 1, 2, 1, 0, 2, 1, 1, 1, 0, 1, 1, 1, 0, 2, 1, 2, 0, 0, 0, 0, 1, 1, 2, 1, 2, 1, 0, 0, 2, 1, 0, 1, 2, 1, 2, 1, 1, 1, 0, 1, 1, 0, 1, 1, 1, 0, 1, 1, 0, 2, 0, 0, 1, 0, 2, 1, 0, 0, 0, 0, 2, 1, 2, 0, 0, 1, 1, 0]|[4, 3, 2, 2, 4, 1, 2, 2, 1, 4, 0, 1, 2, 4, 4, 1, 2, 1, 2, 1, 1, 1, 1, 2, 1, 2, 1, 1, 1, 1, 3, 2, 3, 0, 4, 0, 1, 4, 0, 3, 2, 2, 2, 0, 1, 1, 0, 2, 0, 1, 2, 2, 1, 0, 0, 3, 2, 4, 1, 2, 2, 3, 1, 1, 1, 3, 0, 4, 3, 1, 1, 1, 1, 0, 4, 4, 4, 1, 3, 1, 1, 0, 1, 2, 1, 1, 0, 3, 1, 2, 2, 2, 1, 4, 1, 1, 2, 4, 3, 2]|[0, 2, 1, 1, 3, 0, 1, 0, 0, 0, 0, 0, 1, 0, 1, 0, 0, 0, 1, 0, 0, 0, 3, 1, 0, 2, 0, 0, 0, 1, 0, 0, 0, 0, 3, 0, 1, 3, 0, 2, 1, 1, 1, 0, 0, 0, 0, 0, 1, 0, 0, 0, 1, 3, 0, 0, 1, 2, 0, 1, 0, 2, 0, 1, 0, 2, 1, 0, 0, 1, 0, 3, 1, 1, 3, 3, 1, 0, 0, 2, 0, 0, 0, 1, 1, 0, 0, 2, 0, 1, 0, 0, 0, 0, 0, 1, 0, 2, 0, 0],798.2574073403379,57632.95637757205,106447.61416322197,false
4,G1_CMAX,G3_TWC,[31, 22, 82, 15, 26, 9, 95, 42, 77, 12, 47, 5, 93, 78, 86, 54, 85, 63, 18, 44, 20, 35, 43, 97, 91, 76, 10, 30, 21, 45, 61, 64, 1, 23, 17, 83, 24, 41, 60, 36, 6, 57, 40, 88, 65, 56, 79, 69, 67, 68, 46, 75, 38, 58, 19, 32, 81, 48, 27, 62, 87, 90, 99, 59, 11, 16, 72, 73, 70, 89, 37, 84, 3, 92, 25, 55, 28, 51, 29, 7, 96, 74, 98, 33, 39, 50, 66, 8, 80, 53, 14, 2, 34, 4, 52, 49, 0, 94, 71, 13]|[1, 1, 0, 1, 1, 0, 1, 2, 2, 1, 2, 2, 2, 1, 1, 0, 0, 0, 0, 2, 2, 0, 1, 2, 0, 1, 2, 2, 0, 0, 1, 2, 1, 2, 1, 0, 2, 1, 1, 1, 0, 1, 1, 1, 0, 2, 1, 2, 0, 0, 0, 0, 1, 1, 2, 1, 2, 1, 0, 0, 2, 1, 0, 1, 2, 1, 2, 1, 1, 1, 0, 1, 1, 0, 1, 1, 1, 0, 1, 1, 0, 2, 0, 0, 1, 0, 2, 1, 0, 0, 0, 0, 2, 1, 2, 0, 0, 1, 1, 0]|[4, 3, 2, 2, 4, 1, 2, 2, 1, 4, 0, 1, 2, 4, 4, 1, 2, 1, 2, 1, 1, 1, 1, 2, 1, 2, 1, 1, 1, 1, 3, 2, 3, 0, 4, 0, 1, 4, 0, 3, 2, 2, 2, 0, 1, 1, 0, 2, 0, 1, 2, 2, 1, 0, 0, 3, 2, 4, 1, 2, 2, 3, 1, 1, 1, 3, 0, 4, 3, 1, 1, 1, 1, 0, 4, 4, 4, 1, 3, 1, 1, 0, 1, 2, 1, 1, 0, 3, 1, 2, 2, 2, 1, 4, 1, 1, 2, 4, 3, 2]|[0, 2, 1, 1, 3, 0, 1, 0, 0, 0, 0, 0, 1, 0, 1, 0, 0, 0, 1, 0, 0, 0, 3, 1, 0, 2, 0, 0, 0, 1, 0, 0, 0, 0, 3, 0, 1, 3, 0, 2, 1, 1, 1, 0, 0, 0, 0, 0, 1, 0, 0, 0, 1, 3, 0, 0, 1, 2, 0, 1, 0, 2, 0, 1, 0, 2, 1, 0, 0, 1, 0, 3, 1, 1, 3, 3, 1, 0, 0, 2, 0, 0, 0, 1, 1, 0, 0, 2, 0, 1, 0, 0, 0, 0, 0, 1, 0, 2, 0, 0],798.2574073403379,57632.95637757205,106447.61416322197,true
4,G4_BALANCED,G4_BALANCED,[31, 22, 82, 15, 73, 9, 95, 42, 77, 12, 47, 98, 93, 78, 86, 54, 85, 63, 18, 44, 20, 35, 43, 97, 91, 76, 10, 30, 21, 45, 71, 64, 1, 23, 17, 83, 24, 41, 60, 36, 6, 57, 40, 88, 65, 56, 79, 69, 67, 68, 46, 75, 38, 58, 19, 32, 81, 48, 27, 62, 87, 90, 99, 59, 11, 16, 72, 26, 70, 89, 96, 84, 3, 92, 25, 55, 51, 28, 29, 8, 33, 5, 61, 37, 53, 50, 66, 80, 7, 39, 14, 2, 34, 4, 52, 49, 0, 94, 74, 13]|[1, 1, 0, 1, 1, 0, 1, 2, 2, 1, 2, 2, 2, 1, 1, 0, 0, 0, 0, 2, 2, 0, 1, 2, 0, 1, 2, 2, 0, 0, 1, 2, 1, 2, 1, 0, 2, 1, 1, 1, 0, 1, 1, 1, 0, 2, 1, 2, 0, 0, 0, 0, 1, 1, 2, 1, 2, 1, 0, 0, 2, 1, 0, 1, 2, 1, 2, 1, 1, 1, 1, 1, 1, 0, 1, 1, 0, 1, 0, 1, 2, 2, 1, 0, 0, 0, 2, 0, 1, 1, 0, 0, 2, 0, 2, 0, 0, 1, 2, 0]|[4, 3, 2, 2, 4, 1, 2, 2, 1, 4, 0, 1, 2, 4, 4, 1, 2, 1, 2, 1, 1, 1, 1, 2, 1, 2, 1, 1, 1, 1, 3, 2, 3, 0, 4, 0, 1, 4, 0, 3, 2, 2, 2, 0, 1, 1, 0, 2, 0, 1, 2, 2, 1, 4, 0, 3, 1, 4, 1, 2, 2, 3, 1, 1, 1, 3, 0, 4, 3, 1, 3, 1, 1, 0, 4, 4, 1, 4, 1, 1, 2, 1, 3, 1, 2, 1, 0, 1, 1, 1, 2, 2, 1, 2, 1, 1, 2, 4, 0, 2]|[0, 2, 1, 1, 3, 0, 1, 0, 0, 0, 0, 0, 1, 0, 1, 0, 0, 0, 1, 0, 0, 0, 3, 1, 0, 2, 0, 0, 0, 1, 0, 0, 0, 0, 3, 0, 1, 3, 0, 2, 1, 1, 1, 0, 0, 0, 0, 0, 1, 0, 0, 0, 1, 3, 0, 0, 0, 2, 0, 1, 0, 2, 0, 1, 0, 2, 1, 3, 0, 1, 2, 3, 1, 1, 3, 3, 0, 1, 0, 2, 0, 0, 0, 0, 1, 0, 0, 0, 2, 1, 0, 0, 0, 0, 0, 1, 0, 2, 0, 0],794.098885727208,57225.0796738386,110359.71307210415,false
4,G2_TEC,G2_TEC,[31, 22, 82, 15, 26, 9, 90, 42, 77, 4, 79, 5, 93, 78, 86, 54, 85, 63, 18, 44, 20, 49, 36, 14, 48, 50, 53, 17, 21, 45, 71, 64, 3, 23, 30, 83, 24, 41, 60, 52, 65, 27, 95, 70, 39, 87, 74, 69, 99, 68, 46, 1, 38, 58, 97, 59, 28, 8, 73, 37, 35, 47, 11, 66, 76, 57, 72, 16, 92, 6, 80, 61, 33, 98, 32, 34, 51, 67, 10, 7, 56, 43, 62, 19, 91, 13, 29, 96, 0, 81, 2, 40, 88, 55, 75, 25, 12, 94, 89, 84]|[2, 1, 2, 1, 1, 2, 2, 0, 1, 1, 1, 0, 2, 2, 1, 2, 0, 0, 0, 2, 2, 1, 0, 2, 2, 2, 2, 1, 0, 1, 1, 1, 0, 0, 2, 0, 2, 1, 2, 2, 0, 1, 1, 1, 0, 2, 0, 2, 1, 0, 0, 2, 2, 0, 2, 0, 2, 1, 0, 0, 2, 1, 0, 2, 2, 0, 1, 1, 0, 0, 0, 1, 1, 0, 0, 1, 0, 0, 1, 2, 2, 1, 0, 2, 1, 0, 1, 0, 0, 1, 2, 2, 1, 1, 2, 1, 1, 1, 1, 0]|[0, 3, 0, 2, 4, 1, 1, 0, 2, 4, 2, 2, 1, 0, 2, 1, 1, 1, 2, 1, 2, 3, 0, 1, 0, 1, 1, 4, 1, 0, 3, 2, 2, 0, 1, 1, 1, 4, 0, 1, 2, 2, 4, 4, 1, 1, 0, 2, 3, 1, 2, 1, 2, 1, 1, 2, 0, 3, 0, 2, 2, 3, 1, 0, 1, 2, 4, 0, 0, 1, 1, 3, 4, 1, 2, 4, 0, 1, 3, 1, 0, 4, 2, 0, 3, 2, 3, 2, 2, 1, 1, 0, 4, 3, 2, 4, 3, 4, 4, 2]|[0, 2, 0, 1, 3, 0, 0, 0, 0, 0, 2, 0, 1, 0, 1, 0, 0, 0, 1, 0, 0, 2, 0, 0, 0, 0, 0, 3, 0, 1, 0, 2, 0, 0, 0, 0, 1, 3, 1, 0, 0, 1, 1, 3, 0, 0, 1, 0, 2, 0, 0, 0, 0, 0, 1, 0, 0, 0, 1, 1, 0, 2, 0, 0, 0, 1, 2, 1, 1, 0, 0, 0, 1, 0, 0, 2, 0, 0, 3, 0, 0, 2, 1, 0, 0, 0, 0, 0, 0, 1, 0, 0, 1, 0, 1, 3, 0, 2, 1, 1],958.1577796465699,54776.11066986155,126991.14939741348,false
4,G3_TWC,G3_TWC,[31, 22, 82, 15, 26, 9, 95, 42, 77, 12, 47, 5, 93, 78, 86, 54, 85, 63, 18, 44, 20, 35, 43, 97, 91, 76, 10, 30, 21, 45, 61, 64, 1, 23, 17, 83, 24, 41, 60, 36, 6, 57, 40, 88, 65, 56, 79, 69, 67, 68, 46, 75, 38, 58, 19, 32, 81, 48, 27, 62, 87, 90, 99, 59, 11, 16, 72, 73, 70, 89, 37, 84, 3, 92, 25, 55, 28, 51, 29, 7, 96, 74, 98, 33, 39, 50, 66, 8, 80, 53, 14, 2, 34, 4, 52, 49, 0, 94, 71, 13]|[1, 1, 0, 1, 1, 0, 1, 2, 2, 1, 2, 2, 2, 1, 1, 0, 0, 0, 0, 2, 2, 0, 1, 2, 0, 1, 2, 2, 0, 0, 1, 2, 1, 2, 1, 0, 2, 1, 1, 1, 0, 1, 1, 1, 0, 2, 1, 2, 0, 0, 0, 0, 1, 1, 2, 1, 2, 1, 0, 0, 2, 1, 0, 1, 2, 1, 2, 1, 1, 1, 0, 1, 1, 0, 1, 1, 1, 0, 1, 1, 0, 2, 0, 0, 1, 0, 2, 1, 0, 0, 0, 0, 2, 1, 2, 0, 0, 1, 1, 0]|[4, 3, 2, 2, 4, 1, 2, 2, 1, 4, 0, 1, 2, 4, 4, 1, 2, 1, 2, 1, 1, 1, 1, 2, 1, 2, 1, 1, 1, 1, 3, 2, 3, 0, 4, 0, 1, 4, 0, 3, 2, 2, 2, 0, 1, 1, 0, 2, 0, 1, 2, 2, 1, 0, 0, 3, 2, 4, 1, 2, 2, 3, 1, 1, 1, 3, 0, 4, 3, 1, 1, 1, 1, 0, 4, 4, 4, 1, 3, 1, 1, 0, 1, 2, 1, 1, 0, 3, 1, 2, 2, 2, 1, 4, 1, 1, 2, 4, 3, 2]|[0, 2, 1, 1, 3, 0, 1, 0, 0, 0, 0, 0, 1, 0, 1, 0, 0, 0, 1, 0, 0, 0, 3, 1, 0, 2, 0, 0, 0, 1, 0, 0, 0, 0, 3, 0, 1, 3, 0, 2, 1, 1, 1, 0, 0, 0, 0, 0, 1, 0, 0, 0, 1, 3, 0, 0, 1, 2, 0, 1, 0, 2, 0, 1, 0, 2, 1, 0, 0, 1, 0, 3, 1, 1, 3, 3, 1, 0, 0, 2, 0, 0, 0, 1, 1, 0, 0, 2, 0, 1, 0, 0, 0, 0, 0, 1, 0, 2, 0, 0],798.2574073403379,57632.95637757205,106447.61416322197,false
4,G1_CMAX,G2_TEC,[31, 22, 82, 15, 26, 9, 90, 42, 77, 4, 79, 5, 93, 78, 86, 54, 85, 63, 18, 44, 20, 49, 36, 14, 48, 50, 53, 17, 21, 45, 71, 64, 3, 23, 30, 83, 24, 41, 60, 52, 65, 27, 95, 70, 39, 87, 74, 69, 99, 68, 46, 1, 38, 58, 97, 59, 28, 8, 73, 37, 35, 47, 11, 66, 76, 57, 72, 16, 92, 6, 80, 61, 33, 98, 32, 34, 51, 67, 10, 7, 56, 43, 62, 19, 91, 13, 29, 96, 0, 81, 75, 40, 2, 55, 25, 88, 12, 94, 89, 84]|[2, 1, 0, 1, 1, 2, 1, 0, 1, 1, 1, 0, 2, 2, 1, 2, 0, 0, 0, 2, 2, 1, 0, 2, 2, 2, 2, 1, 0, 1, 1, 1, 0, 0, 1, 0, 2, 1, 2, 2, 0, 1, 2, 1, 0, 1, 0, 2, 1, 0, 0, 2, 2, 0, 2, 0, 2, 1, 0, 0, 2, 1, 2, 2, 2, 0, 1, 1, 0, 1, 0, 1, 1, 0, 0, 1, 0, 0, 1, 2, 2, 2, 0, 2, 1, 0, 1, 0, 0, 1, 2, 2, 2, 1, 1, 1, 1, 1, 1, 0]|[0, 3, 2, 2, 4, 1, 4, 0, 2, 4, 3, 2, 1, 0, 2, 1, 1, 1, 2, 1, 2, 3, 0, 1, 0, 1, 1, 4, 1, 0, 3, 2, 2, 0, 4, 1, 1, 4, 0, 1, 2, 2, 1, 4, 1, 0, 0, 2, 3, 1, 2, 1, 2, 1, 1, 2, 0, 3, 0, 2, 2, 3, 0, 0, 1, 2, 4, 0, 0, 4, 1, 3, 4, 1, 2, 4, 0, 1, 3, 1, 0, 1, 0, 0, 3, 2, 3, 2, 2, 1, 2, 0, 1, 3, 4, 4, 3, 4, 4, 2]|[0, 2, 1, 1, 3, 0, 1, 0, 0, 0, 2, 0, 1, 0, 1, 0, 0, 0, 1, 0, 0, 2, 0, 0, 0, 0, 0, 3, 0, 1, 0, 2, 0, 0, 3, 0, 1, 3, 1, 0, 0, 1, 0, 3, 0, 0, 1, 0, 2, 0, 0, 0, 0, 0, 1, 0, 0, 0, 1, 1, 0, 2, 0, 0, 0, 1, 2, 1, 1, 2, 0, 0, 1, 0, 0, 2, 0, 0, 3, 0, 0, 0, 0, 0, 0, 0, 0, 0, 0, 1, 1, 0, 0, 0, 3, 1, 0, 2, 1, 1],942.4068389230864,55188.17752529901,126038.66261655805,true
4,G4_BALANCED,G1_CMAX,[31, 22, 82, 15, 26, 9, 95, 42, 77, 12, 47, 5, 93, 78, 86, 54, 85, 63, 18, 44, 20, 35, 43, 97, 91, 76, 10, 30, 21, 45, 61, 64, 1, 23, 17, 83, 24, 41, 60, 36, 6, 57, 40, 88, 65, 56, 79, 69, 67, 68, 46, 75, 38, 58, 19, 32, 81, 48, 27, 62, 87, 90, 99, 59, 11, 16, 72, 73, 70, 89, 37, 84, 3, 92, 25, 55, 28, 51, 29, 7, 96, 74, 33, 14, 39, 50, 66, 8, 80, 53, 49, 2, 34, 4, 98, 52, 0, 94, 71, 13]|[1, 1, 0, 1, 1, 0, 1, 2, 2, 1, 2, 2, 2, 1, 1, 0, 0, 0, 0, 2, 2, 0, 1, 2, 0, 1, 2, 2, 0, 0, 1, 2, 1, 2, 1, 0, 2, 1, 1, 1, 0, 1, 1, 1, 0, 2, 1, 2, 0, 0, 0, 0, 1, 1, 2, 1, 2, 1, 0, 0, 2, 1, 0, 1, 2, 1, 2, 1, 1, 1, 0, 1, 1, 0, 1, 1, 1, 0, 1, 1, 0, 2, 0, 0, 1, 0, 2, 1, 0, 0, 0, 0, 2, 1, 2, 2, 0, 1, 1, 0]|[4, 3, 2, 2, 4, 1, 2, 2, 1, 4, 0, 1, 2, 4, 4, 1, 2, 1, 2, 1, 1, 1, 1, 2, 1, 2, 1, 1, 1, 1, 3, 2, 3, 0, 4, 0, 1, 4, 0, 3, 2, 2, 2, 0, 1, 1, 0, 2, 0, 1, 2, 2, 1, 0, 0, 3, 1, 4, 1, 2, 2, 3, 1, 1, 1, 3, 0, 4, 3, 1, 1, 1, 1, 0, 4, 4, 4, 1, 3, 1, 1, 1, 2, 2, 1, 1, 0, 3, 1, 2, 1, 2, 1, 4, 0, 1, 2, 4, 3, 2]|[0, 2, 1, 1, 3, 0, 1, 0, 0, 0, 0, 0, 1, 0, 1, 0, 0, 0, 1, 0, 0, 0, 3, 1, 0, 2, 0, 0, 0, 1, 0, 0, 0, 0, 3, 0, 1, 3, 0, 2, 1, 1, 1, 0, 0, 0, 0, 0, 1, 0, 0, 0, 1, 3, 0, 0, 0, 2, 0, 1, 0, 2, 0, 1, 0, 2, 1, 0, 0, 1, 0, 3, 1, 1, 3, 3, 1, 0, 0, 2, 0, 0, 1, 0, 1, 0, 0, 2, 0, 1, 1, 0, 0, 0, 0, 0, 0, 2, 0, 0],790.6131679435312,57200.74018068108,109594.4813316059,true
4,G2_TEC,G2_TEC,[31, 22, 82, 15, 26, 9, 90, 42, 77, 4, 79, 5, 93, 78, 86, 54, 85, 63, 18, 44, 20, 49, 36, 14, 48, 50, 53, 17, 21, 45, 71, 64, 3, 23, 30, 83, 24, 41, 60, 52, 65, 27, 95, 70, 39, 87, 74, 69, 99, 68, 46, 1, 38, 58, 97, 59, 28, 8, 73, 37, 35, 47, 11, 66, 76, 57, 72, 16, 92, 6, 80, 61, 33, 98, 32, 34, 51, 67, 10, 7, 56, 43, 62, 19, 91, 13, 29, 96, 0, 81, 2, 40, 88, 55, 75, 25, 12, 94, 89, 84]|[2, 1, 2, 1, 1, 2, 2, 0, 1, 1, 1, 0, 2, 2, 1, 2, 0, 0, 0, 2, 2, 1, 0, 2, 2, 2, 2, 1, 0, 1, 1, 1, 0, 0, 2, 0, 2, 1, 2, 2, 0, 1, 1, 1, 0, 2, 0, 2, 1, 0, 0, 2, 2, 0, 2, 0, 2, 1, 0, 0, 2, 1, 0, 2, 2, 0, 1, 1, 0, 0, 0, 1, 1, 0, 0, 1, 0, 0, 1, 2, 2, 1, 0, 2, 1, 0, 1, 0, 0, 1, 2, 2, 1, 1, 2, 1, 1, 1, 1, 0]|[0, 3, 0, 2, 4, 1, 1, 0, 2, 4, 2, 2, 1, 0, 2, 1, 1, 1, 2, 1, 2, 3, 0, 1, 0, 1, 1, 4, 1, 0, 3, 2, 2, 0, 1, 1, 1, 4, 0, 1, 2, 2, 4, 4, 1, 1, 0, 2, 3, 1, 2, 1, 2, 1, 1, 2, 0, 3, 0, 2, 2, 3, 1, 0, 1, 2, 4, 0, 0, 1, 1, 3, 4, 1, 2, 4, 0, 1, 3, 1, 0, 4, 2, 0, 3, 2, 3, 2, 2, 1, 1, 0, 4, 3, 2, 4, 3, 4, 4, 2]|[0, 2, 0, 1, 3, 0, 0, 0, 0, 0, 2, 0, 1, 0, 1, 0, 0, 0, 1, 0, 0, 2, 0, 0, 0, 0, 0, 3, 0, 1, 0, 2, 0, 0, 0, 0, 1, 3, 1, 0, 0, 1, 1, 3, 0, 0, 1, 0, 2, 0, 0, 0, 0, 0, 1, 0, 0, 0, 1, 1, 0, 2, 0, 0, 0, 1, 2, 1, 1, 0, 0, 0, 1, 0, 0, 2, 0, 0, 3, 0, 0, 2, 1, 0, 0, 0, 0, 0, 0, 1, 0, 0, 1, 0, 1, 3, 0, 2, 1, 1],958.1577796465699,54776.11066986155,126991.14939741348,false
4,G3_TWC,G3_TWC,[31, 22, 82, 15, 26, 9, 95, 42, 77, 12, 47, 5, 93, 78, 86, 54, 85, 63, 18, 44, 20, 35, 43, 97, 91, 76, 10, 30, 21, 45, 61, 64, 1, 23, 17, 83, 24, 41, 60, 36, 6, 57, 40, 88, 65, 56, 79, 69, 67, 68, 46, 75, 38, 58, 19, 32, 81, 48, 27, 62, 87, 90, 99, 59, 11, 16, 72, 73, 70, 89, 37, 84, 3, 92, 25, 55, 28, 51, 29, 7, 96, 74, 98, 33, 39, 50, 66, 8, 80, 53, 14, 2, 34, 4, 52, 49, 0, 94, 71, 13]|[1, 1, 0, 1, 1, 0, 1, 2, 2, 1, 2, 2, 2, 1, 1, 0, 0, 0, 0, 2, 2, 0, 1, 2, 0, 1, 2, 2, 0, 0, 1, 2, 1, 2, 1, 0, 2, 1, 1, 1, 0, 1, 1, 1, 0, 2, 1, 2, 0, 0, 0, 0, 1, 1, 2, 1, 2, 1, 0, 0, 2, 1, 0, 1, 2, 1, 2, 1, 1, 1, 0, 1, 1, 0, 1, 1, 1, 0, 1, 1, 0, 2, 0, 0, 1, 0, 2, 1, 0, 0, 0, 0, 2, 1, 2, 0, 0, 1, 1, 0]|[4, 3, 2, 2, 4, 1, 2, 2, 1, 4, 0, 1, 2, 4, 4, 1, 2, 1, 2, 1, 1, 1, 1, 2, 1, 2, 1, 1, 1, 1, 3, 2, 3, 0, 4, 0, 1, 4, 0, 3, 2, 2, 2, 0, 1, 1, 0, 2, 0, 1, 2, 2, 1, 0, 0, 3, 2, 4, 1, 2, 2, 3, 1, 1, 1, 3, 0, 4, 3, 1, 1, 1, 1, 0, 4, 4, 4, 1, 3, 1, 1, 0, 1, 2, 1, 1, 0, 3, 1, 2, 2, 2, 1, 4, 1, 1, 2, 4, 3, 2]|[0, 2, 1, 1, 3, 0, 1, 0, 0, 0, 0, 0, 1, 0, 1, 0, 0, 0, 1, 0, 0, 0, 3, 1, 0, 2, 0, 0, 0, 1, 0, 0, 0, 0, 3, 0, 1, 3, 0, 2, 1, 1, 1, 0, 0, 0, 0, 0, 1, 0, 0, 0, 1, 3, 0, 0, 1, 2, 0, 1, 0, 2, 0, 1, 0, 2, 1, 0, 0, 1, 0, 3, 1, 1, 3, 3, 1, 0, 0, 2, 0, 0, 0, 1, 1, 0, 0, 2, 0, 1, 0, 0, 0, 0, 0, 1, 0, 2, 0, 0],798.2574073403379,57632.95637757205,106447.61416322197,false
4,G1_CMAX,G2_TEC,[31, 22, 82, 15, 26, 9, 90, 42, 77, 4, 79, 5, 93, 78, 86, 54, 85, 63, 18, 44, 20, 49, 36, 14, 48, 50, 53, 17, 21, 45, 71, 64, 3, 23, 30, 83, 24, 41, 60, 52, 65, 27, 95, 70, 39, 87, 74, 69, 99, 68, 46, 1, 38, 58, 97, 59, 28, 8, 73, 37, 35, 47, 11, 66, 76, 57, 72, 16, 92, 6, 80, 61, 33, 98, 32, 34, 51, 67, 10, 7, 56, 43, 62, 19, 91, 13, 29, 96, 0, 81, 75, 40, 2, 55, 25, 88, 12, 94, 89, 84]|[2, 1, 0, 1, 1, 2, 1, 0, 1, 1, 1, 0, 2, 2, 1, 2, 0, 0, 0, 2, 2, 1, 0, 2, 2, 2, 2, 1, 0, 1, 1, 1, 0, 0, 1, 0, 2, 1, 2, 2, 0, 1, 2, 1, 0, 1, 0, 2, 1, 0, 0, 2, 2, 0, 2, 0, 2, 1, 0, 0, 2, 1, 2, 2, 2, 0, 1, 1, 0, 1, 0, 1, 1, 0, 0, 1, 0, 0, 1, 2, 2, 2, 0, 2, 1, 0, 1, 0, 0, 1, 2, 2, 2, 1, 1, 1, 1, 1, 1, 0]|[0, 3, 2, 2, 4, 1, 4, 0, 2, 4, 3, 2, 1, 0, 2, 1, 1, 1, 2, 1, 2, 3, 0, 1, 0, 1, 1, 4, 1, 0, 3, 2, 2, 0, 4, 1, 1, 4, 0, 1, 2, 2, 1, 4, 1, 0, 0, 2, 3, 1, 2, 1, 2, 1, 1, 2, 0, 3, 0, 2, 2, 3, 0, 0, 1, 2, 4, 0, 0, 4, 1, 3, 4, 1, 2, 4, 0, 1, 3, 1, 0, 1, 0, 0, 3, 2, 3, 2, 2, 1, 2, 0, 1, 3, 4, 4, 3, 4, 4, 2]|[0, 2, 1, 1, 3, 0, 1, 0, 0, 0, 2, 0, 1, 0, 1, 0, 0, 0, 1, 0, 0, 2, 0, 0, 0, 0, 0, 3, 0, 1, 0, 2, 0, 0, 3, 0, 1, 3, 1, 0, 0, 1, 0, 3, 0, 0, 1, 0, 2, 0, 0, 0, 0, 0, 1, 0, 0, 0, 1, 1, 0, 2, 0, 0, 0, 1, 2, 1, 1, 2, 0, 0, 1, 0, 0, 2, 0, 0, 3, 0, 0, 0, 0, 0, 0, 0, 0, 0, 0, 1, 1, 0, 0, 0, 3, 1, 0, 2, 1, 1],942.4068389230864,55188.17752529901,126038.66261655805,true
4,G4_BALANCED,G1_CMAX,[31, 22, 82, 15, 26, 9, 95, 42, 77, 12, 47, 5, 93, 78, 86, 54, 85, 63, 18, 44, 20, 35, 43, 97, 91, 76, 10, 30, 21, 45, 61, 64, 1, 23, 17, 83, 24, 41, 60, 36, 6, 57, 40, 88, 65, 56, 79, 69, 67, 68, 46, 75, 38, 58, 19, 32, 81, 48, 27, 62, 87, 90, 99, 59, 11, 16, 72, 73, 70, 89, 37, 84, 3, 92, 25, 55, 28, 51, 29, 7, 96, 74, 33, 14, 39, 50, 66, 8, 80, 53, 49, 2, 34, 4, 98, 52, 0, 94, 71, 13]|[1, 1, 0, 1, 1, 0, 1, 2, 2, 1, 2, 2, 2, 1, 1, 0, 0, 0, 0, 2, 2, 0, 1, 2, 0, 1, 2, 2, 0, 0, 1, 2, 1, 2, 1, 0, 2, 1, 1, 1, 0, 1, 1, 1, 0, 2, 1, 2, 0, 0, 0, 0, 1, 1, 2, 1, 2, 1, 0, 0, 2, 1, 0, 1, 2, 1, 2, 1, 1, 1, 0, 1, 1, 0, 1, 1, 1, 0, 1, 1, 0, 2, 0, 0, 1, 0, 2, 1, 0, 0, 0, 0, 2, 1, 2, 2, 0, 1, 1, 0]|[4, 3, 2, 2, 4, 1, 2, 2, 1, 4, 0, 1, 2, 4, 4, 1, 2, 1, 2, 1, 1, 1, 1, 2, 1, 2, 1, 1, 1, 1, 3, 2, 3, 0, 4, 0, 1, 4, 0, 3, 2, 2, 2, 0, 1, 1, 0, 2, 0, 1, 2, 2, 1, 0, 0, 3, 1, 4, 1, 2, 2, 3, 1, 1, 1, 3, 0, 4, 3, 1, 1, 1, 1, 0, 4, 4, 4, 1, 3, 1, 1, 1, 2, 2, 1, 1, 0, 3, 1, 2, 1, 2, 1, 4, 0, 1, 2, 4, 3, 2]|[0, 2, 1, 1, 3, 0, 1, 0, 0, 0, 0, 0, 1, 0, 1, 0, 0, 0, 1, 0, 0, 0, 3, 1, 0, 2, 0, 0, 0, 1, 0, 0, 0, 0, 3, 0, 1, 3, 0, 2, 1, 1, 1, 0, 0, 0, 0, 0, 1, 0, 0, 0, 1, 3, 0, 0, 0, 2, 0, 1, 0, 2, 0, 1, 0, 2, 1, 0, 0, 1, 0, 3, 1, 1, 3, 3, 1, 0, 0, 2, 0, 0, 1, 0, 1, 0, 0, 2, 0, 1, 1, 0, 0, 0, 0, 0, 0, 2, 0, 0],790.6131679435312,57200.74018068108,109594.4813316059,true
4,G2_TEC,G2_TEC,[31, 22, 82, 15, 26, 9, 90, 42, 77, 4, 79, 5, 93, 78, 86, 54, 85, 63, 18, 44, 20, 49, 36, 14, 48, 50, 53, 17, 21, 45, 71, 64, 3, 23, 30, 83, 24, 41, 60, 52, 65, 27, 95, 70, 39, 87, 74, 69, 99, 68, 46, 1, 38, 58, 97, 59, 28, 8, 73, 37, 35, 47, 11, 66, 76, 57, 72, 16, 92, 6, 80, 61, 33, 98, 32, 34, 51, 67, 10, 7, 56, 43, 62, 19, 91, 13, 29, 96, 0, 81, 2, 40, 88, 55, 75, 25, 12, 94, 89, 84]|[2, 1, 2, 1, 1, 2, 2, 0, 1, 1, 1, 0, 2, 2, 1, 2, 0, 0, 0, 2, 2, 1, 0, 2, 2, 2, 2, 1, 0, 1, 1, 1, 0, 0, 2, 0, 2, 1, 2, 2, 0, 1, 1, 1, 0, 2, 0, 2, 1, 0, 0, 2, 2, 0, 2, 0, 2, 1, 0, 0, 2, 1, 0, 2, 2, 0, 1, 1, 0, 0, 0, 1, 1, 0, 0, 1, 0, 0, 1, 2, 2, 1, 0, 2, 1, 0, 1, 0, 0, 1, 2, 2, 1, 1, 2, 1, 1, 1, 1, 0]|[0, 3, 0, 2, 4, 1, 1, 0, 2, 4, 2, 2, 1, 0, 2, 1, 1, 1, 2, 1, 2, 3, 0, 1, 0, 1, 1, 4, 1, 0, 3, 2, 2, 0, 1, 1, 1, 4, 0, 1, 2, 2, 4, 4, 1, 1, 0, 2, 3, 1, 2, 1, 2, 1, 1, 2, 0, 3, 0, 2, 2, 3, 1, 0, 1, 2, 4, 0, 0, 1, 1, 3, 4, 1, 2, 4, 0, 1, 3, 1, 0, 4, 2, 0, 3, 2, 3, 2, 2, 1, 1, 0, 4, 3, 2, 4, 3, 4, 4, 2]|[0, 2, 0, 1, 3, 0, 0, 0, 0, 0, 2, 0, 1, 0, 1, 0, 0, 0, 1, 0, 0, 2, 0, 0, 0, 0, 0, 3, 0, 1, 0, 2, 0, 0, 0, 0, 1, 3, 1, 0, 0, 1, 1, 3, 0, 0, 1, 0, 2, 0, 0, 0, 0, 0, 1, 0, 0, 0, 1, 1, 0, 2, 0, 0, 0, 1, 2, 1, 1, 0, 0, 0, 1, 0, 0, 2, 0, 0, 3, 0, 0, 2, 1, 0, 0, 0, 0, 0, 0, 1, 0, 0, 1, 0, 1, 3, 0, 2, 1, 1],958.1577796465699,54776.11066986155,126991.14939741348,false
4,G3_TWC,G3_TWC,[31, 22, 82, 15, 26, 9, 95, 42, 77, 12, 47, 5, 93, 78, 86, 54, 85, 63, 18, 44, 20, 35, 43, 97, 91, 76, 10, 30, 21, 45, 61, 64, 1, 23, 17, 83, 24, 41, 60, 36, 6, 57, 40, 88, 65, 56, 79, 69, 67, 68, 46, 75, 38, 58, 19, 32, 81, 48, 27, 62, 87, 90, 99, 59, 11, 16, 72, 73, 70, 89, 37, 84, 3, 92, 25, 55, 28, 51, 29, 7, 96, 74, 98, 33, 39, 50, 66, 8, 80, 53, 14, 2, 34, 4, 52, 49, 0, 94, 71, 13]|[1, 1, 0, 1, 1, 0, 1, 2, 2, 1, 2, 2, 2, 1, 1, 0, 0, 0, 0, 2, 2, 0, 1, 2, 0, 1, 2, 2, 0, 0, 1, 2, 1, 2, 1, 0, 2, 1, 1, 1, 0, 1, 1, 1, 0, 2, 1, 2, 0, 0, 0, 0, 1, 1, 2, 1, 2, 1, 0, 0, 2, 1, 0, 1, 2, 1, 2, 1, 1, 1, 0, 1, 1, 0, 1, 1, 1, 0, 1, 1, 0, 2, 0, 0, 1, 0, 2, 1, 0, 0, 0, 0, 2, 1, 2, 0, 0, 1, 1, 0]|[4, 3, 2, 2, 4, 1, 2, 2, 1, 4, 0, 1, 2, 4, 4, 1, 2, 1, 2, 1, 1, 1, 1, 2, 1, 2, 1, 1, 1, 1, 3, 2, 3, 0, 4, 0, 1, 4, 0, 3, 2, 2, 2, 0, 1, 1, 0, 2, 0, 1, 2, 2, 1, 0, 0, 3, 2, 4, 1, 2, 2, 3, 1, 1, 1, 3, 0, 4, 3, 1, 1, 1, 1, 0, 4, 4, 4, 1, 3, 1, 1, 0, 1, 2, 1, 1, 0, 3, 1, 2, 2, 2, 1, 4, 1, 1, 2, 4, 3, 2]|[0, 2, 1, 1, 3, 0, 1, 0, 0, 0, 0, 0, 1, 0, 1, 0, 0, 0, 1, 0, 0, 0, 3, 1, 0, 2, 0, 0, 0, 1, 0, 0, 0, 0, 3, 0, 1, 3, 0, 2, 1, 1, 1, 0, 0, 0, 0, 0, 1, 0, 0, 0, 1, 3, 0, 0, 1, 2, 0, 1, 0, 2, 0, 1, 0, 2, 1, 0, 0, 1, 0, 3, 1, 1, 3, 3, 1, 0, 0, 2, 0, 0, 0, 1, 1, 0, 0, 2, 0, 1, 0, 0, 0, 0, 0, 1, 0, 2, 0, 0],798.2574073403379,57632.95637757205,106447.61416322197,false
4,G1_CMAX,G1_CMAX,[31, 95, 9, 15, 82, 22, 42, 77, 26, 8, 47, 5, 93, 86, 78, 45, 80, 18, 44, 20, 63, 43, 97, 91, 76, 10, 30, 71, 64, 1, 14, 17, 83, 24, 41, 60, 36, 6, 57, 40, 88, 62, 75, 79, 67, 68, 85, 46, 56, 38, 58, 19, 32, 81, 69, 48, 27, 65, 90, 99, 59, 34, 16, 72, 73, 29, 39, 98, 84, 3, 92, 25, 55, 28, 51, 61, 7, 96, 74, 70, 33, 87, 54, 21, 50, 66, 35, 12, 53, 23, 2, 11, 4, 89, 52, 49, 0, 94, 37, 13]|[2, 1, 0, 1, 0, 1, 2, 1, 1, 1, 2, 2, 2, 1, 1, 0, 0, 0, 2, 2, 0, 1, 2, 0, 1, 2, 2, 1, 2, 1, 2, 2, 0, 2, 1, 1, 1, 0, 1, 2, 1, 0, 2, 1, 0, 0, 0, 2, 2, 1, 1, 2, 1, 2, 2, 1, 0, 0, 1, 0, 1, 2, 1, 2, 1, 1, 1, 0, 1, 1, 0, 1, 1, 1, 0, 1, 1, 1, 2, 1, 2, 0, 0, 0, 0, 2, 0, 1, 0, 2, 0, 2, 1, 1, 2, 0, 0, 1, 0, 0]|[1, 3, 2, 4, 1, 2, 2, 1, 0, 4, 0, 1, 2, 4, 4, 1, 1, 2, 1, 1, 1, 1, 2, 1, 2, 1, 1, 3, 2, 3, 0, 1, 1, 1, 4, 0, 3, 2, 2, 0, 0, 2, 1, 0, 0, 1, 2, 1, 1, 1, 0, 0, 3, 2, 2, 4, 1, 1, 3, 1, 2, 1, 3, 0, 4, 3, 0, 0, 1, 1, 0, 0, 4, 4, 1, 3, 1, 3, 0, 1, 2, 2, 1, 1, 1, 0, 1, 4, 2, 0, 2, 1, 4, 1, 1, 1, 2, 4, 1, 2]|[1, 3, 1, 0, 0, 1, 0, 2, 3, 2, 0, 0, 1, 1, 1, 0, 0, 1, 0, 0, 0, 3, 1, 0, 2, 0, 0, 0, 0, 0, 1, 0, 0, 1, 3, 0, 2, 1, 1, 0, 0, 1, 0, 0, 1, 0, 0, 0, 0, 1, 3, 0, 0, 1, 0, 2, 0, 0, 2, 0, 1, 0, 2, 1, 0, 0, 1, 0, 3, 1, 1, 3, 3, 1, 0, 0, 2, 2, 0, 3, 0, 1, 0, 0, 0, 0, 1, 3, 1, 0, 0, 0, 0, 1, 0, 1, 0, 2, 0, 0],760.3905621193804,59720.61998542996,105098.40235927113,false
4,G4_BALANCED,G1_CMAX,[31, 22, 82, 15, 26, 9, 95, 42, 77, 12, 47, 5, 93, 78, 86, 54, 85, 63, 18, 44, 20, 35, 43, 97, 91, 76, 10, 30, 21, 45, 61, 64, 1, 23, 17, 83, 24, 41, 60, 36, 6, 57, 40, 88, 65, 56, 79, 69, 67, 68, 46, 75, 38, 58, 19, 32, 81, 48, 27, 62, 87, 90, 99, 59, 11, 16, 72, 73, 70, 89, 37, 84, 3, 92, 25, 55, 28, 51, 29, 7, 96, 74, 33, 14, 39, 50, 66, 8, 80, 53, 49, 2, 34, 4, 98, 52, 0, 94, 71, 13]|[1, 1, 0, 1, 1, 0, 1, 2, 2, 1, 2, 2, 2, 1, 1, 0, 0, 0, 0, 2, 2, 0, 1, 2, 0, 1, 2, 2, 0, 0, 1, 2, 1, 2, 1, 0, 2, 1, 1, 1, 0, 1, 1, 1, 0, 2, 1, 2, 0, 0, 0, 0, 1, 1, 2, 1, 2, 1, 0, 0, 2, 1, 0, 1, 2, 1, 2, 1, 1, 1, 0, 1, 1, 0, 1, 1, 1, 0, 1, 1, 0, 2, 0, 0, 1, 0, 2, 1, 0, 0, 0, 0, 2, 1, 2, 2, 0, 1, 1, 0]|[4, 3, 2, 2, 4, 1, 2, 2, 1, 4, 0, 1, 2, 4, 4, 1, 2, 1, 2, 1, 1, 1, 1, 2, 1, 2, 1, 1, 1, 1, 3, 2, 3, 0, 4, 0, 1, 4, 0, 3, 2, 2, 2, 0, 1, 1, 0, 2, 0, 1, 2, 2, 1, 0, 0, 3, 1, 4, 1, 2, 2, 3, 1, 1, 1, 3, 0, 4, 3, 1, 1, 1, 1, 0, 4, 4, 4, 1, 3, 1, 1, 1, 2, 2, 1, 1, 0, 3, 1, 2, 1, 2, 1, 4, 0, 1, 2, 4, 3, 2]|[0, 2, 1, 1, 3, 0, 1, 0, 0, 0, 0, 0, 1, 0, 1, 0, 0, 0, 1, 0, 0, 0, 3, 1, 0, 2, 0, 0, 0, 1, 0, 0, 0, 0, 3, 0, 1, 3, 0, 2, 1, 1, 1, 0, 0, 0, 0, 0, 1, 0, 0, 0, 1, 3, 0, 0, 0, 2, 0, 1, 0, 2, 0, 1, 0, 2, 1, 0, 0, 1, 0, 3, 1, 1, 3, 3, 1, 0, 0, 2, 0, 0, 1, 0, 1, 0, 0, 2, 0, 1, 1, 0, 0, 0, 0, 0, 0, 2, 0, 0],790.6131679435312,57200.74018068108,109594.4813316059,true
4,G2_TEC,G2_TEC,[31, 22, 82, 15, 26, 9, 90, 42, 77, 4, 79, 5, 93, 78, 86, 54, 85, 63, 18, 44, 20, 49, 36, 14, 48, 50, 53, 17, 21, 45, 71, 64, 3, 23, 30, 83, 24, 41, 60, 52, 65, 27, 95, 70, 39, 87, 74, 69, 99, 68, 46, 1, 38, 58, 97, 59, 28, 8, 73, 37, 35, 47, 11, 66, 76, 57, 72, 16, 92, 6, 80, 61, 33, 98, 32, 34, 51, 67, 10, 7, 56, 43, 62, 19, 91, 13, 29, 96, 0, 81, 2, 40, 88, 55, 75, 25, 12, 94, 89, 84]|[2, 1, 2, 1, 1, 2, 2, 0, 1, 1, 1, 0, 2, 2, 1, 2, 0, 0, 0, 2, 2, 1, 0, 2, 2, 2, 2, 1, 0, 1, 1, 1, 0, 0, 2, 0, 2, 1, 2, 2, 0, 1, 1, 1, 0, 2, 0, 2, 1, 0, 0, 2, 2, 0, 2, 0, 2, 1, 0, 0, 2, 1, 0, 2, 2, 0, 1, 1, 0, 0, 0, 1, 1, 0, 0, 1, 0, 0, 1, 2, 2, 1, 0, 2, 1, 0, 1, 0, 0, 1, 2, 2, 1, 1, 2, 1, 1, 1, 1, 0]|[0, 3, 0, 2, 4, 1, 1, 0, 2, 4, 2, 2, 1, 0, 2, 1, 1, 1, 2, 1, 2, 3, 0, 1, 0, 1, 1, 4, 1, 0, 3, 2, 2, 0, 1, 1, 1, 4, 0, 1, 2, 2, 4, 4, 1, 1, 0, 2, 3, 1, 2, 1, 2, 1, 1, 2, 0, 3, 0, 2, 2, 3, 1, 0, 1, 2, 4, 0, 0, 1, 1, 3, 4, 1, 2, 4, 0, 1, 3, 1, 0, 4, 2, 0, 3, 2, 3, 2, 2, 1, 1, 0, 4, 3, 2, 4, 3, 4, 4, 2]|[0, 2, 0, 1, 3, 0, 0, 0, 0, 0, 2, 0, 1, 0, 1, 0, 0, 0, 1, 0, 0, 2, 0, 0, 0, 0, 0, 3, 0, 1, 0, 2, 0, 0, 0, 0, 1, 3, 1, 0, 0, 1, 1, 3, 0, 0, 1, 0, 2, 0, 0, 0, 0, 0, 1, 0, 0, 0, 1, 1, 0, 2, 0, 0, 0, 1, 2, 1, 1, 0, 0, 0, 1, 0, 0, 2, 0, 0, 3, 0, 0, 2, 1, 0, 0, 0, 0, 0, 0, 1, 0, 0, 1, 0, 1, 3, 0, 2, 1, 1],958.1577796465699,54776.11066986155,126991.14939741348,false
4,G3_TWC,G4_BALANCED,[31, 22, 82, 15, 26, 9, 95, 42, 77, 12, 47, 5, 93, 78, 86, 54, 85, 63, 18, 44, 20, 35, 43, 97, 91, 76, 10, 30, 21, 45, 61, 64, 1, 23, 17, 83, 24, 41, 60, 36, 6, 57, 40, 88, 65, 56, 79, 69, 67, 68, 46, 75, 38, 58, 19, 32, 81, 48, 27, 62, 87, 90, 99, 59, 11, 16, 72, 73, 70, 89, 37, 84, 3, 92, 25, 55, 28, 51, 29, 7, 96, 74, 98, 33, 39, 50, 66, 8, 80, 53, 14, 2, 34, 4, 52, 49, 0, 94, 71, 13]|[1, 1, 0, 1, 1, 0, 1, 2, 2, 1, 2, 2, 2, 1, 1, 0, 0, 0, 0, 2, 2, 0, 1, 2, 0, 1, 2, 2, 0, 0, 1, 2, 1, 2, 1, 0, 2, 1, 1, 1, 0, 1, 1, 1, 0, 2, 1, 2, 0, 0, 0, 0, 1, 1, 2, 1, 2, 1, 0, 0, 2, 1, 0, 1, 2, 1, 2, 1, 1, 1, 0, 1, 1, 0, 1, 1, 1, 0, 1, 1, 0, 2, 0, 0, 1, 0, 2, 1, 0, 0, 0, 0, 2, 1, 2, 0, 0, 1, 1, 0]|[4, 3, 2, 2, 4, 1, 2, 2, 1, 4, 0, 1, 2, 4, 4, 1, 2, 1, 2, 1, 1, 1, 1, 2, 1, 2, 1, 1, 1, 1, 3, 2, 3, 0, 4, 0, 1, 4, 0, 3, 2, 2, 2, 0, 1, 1, 0, 2, 0, 1, 2, 2, 1, 0, 0, 3, 2, 4, 1, 2, 2, 3, 1, 1, 1, 3, 0, 4, 3, 1, 1, 1, 1, 0, 4, 4, 4, 1, 3, 1, 1, 1, 1, 2, 1, 1, 0, 3, 1, 2, 2, 2, 1, 4, 1, 1, 2, 4, 3, 2]|[0, 2, 1, 1, 3, 0, 1, 0, 0, 0, 0, 0, 1, 0, 1, 0, 0, 0, 1, 0, 0, 0, 3, 1, 0, 2, 0, 0, 0, 1, 0, 0, 0, 0, 3, 0, 1, 3, 0, 2, 1, 1, 1, 0, 0, 0, 0, 0, 1, 0, 0, 0, 1, 3, 0, 0, 1, 2, 0, 1, 0, 2, 0, 1, 0, 2, 1, 0, 0, 1, 0, 3, 1, 1, 3, 3, 1, 0, 0, 2, 0, 0, 0, 1, 1, 0, 0, 2, 0, 1, 0, 0, 0, 0, 0, 1, 0, 2, 0, 0],798.2574073403379,57504.80506544505,106056.59480992847,true
4,G1_CMAX,G3_TWC,[31, 22, 82, 15, 26, 9, 95, 42, 77, 12, 47, 5, 93, 78, 86, 54, 85, 63, 18, 44, 20, 35, 43, 97, 91, 76, 10, 30, 21, 45, 71, 64, 1, 23, 17, 83, 24, 41, 60, 36, 6, 57, 40, 88, 65, 56, 79, 69, 67, 68, 46, 75, 38, 58, 19, 32, 81, 48, 27, 62, 87, 90, 99, 59, 11, 16, 72, 73, 70, 89, 96, 84, 3, 92, 25, 55, 51, 28, 29, 7, 37, 74, 98, 33, 39, 50, 66, 8, 80, 53, 14, 2, 34, 4, 52, 49, 0, 94, 61, 13]|[1, 1, 0, 1, 1, 0, 1, 2, 2, 1, 2, 2, 2, 1, 1, 0, 0, 0, 0, 2, 2, 0, 1, 2, 0, 1, 2, 2, 0, 0, 1, 2, 1, 2, 1, 0, 2, 1, 1, 1, 0, 1, 1, 1, 0, 2, 1, 2, 0, 0, 0, 0, 1, 1, 2, 1, 2, 1, 0, 0, 2, 1, 0, 1, 2, 1, 2, 1, 1, 1, 0, 1, 1, 0, 1, 1, 0, 1, 1, 1, 0, 2, 0, 0, 1, 0, 2, 1, 0, 0, 0, 0, 2, 1, 2, 0, 0, 1, 1, 0]|[4, 3, 2, 2, 4, 1, 2, 2, 1, 4, 0, 1, 2, 4, 4, 1, 2, 1, 2, 1, 1, 1, 1, 2, 1, 2, 1, 1, 1, 1, 3, 2, 3, 0, 4, 0, 1, 4, 0, 3, 2, 2, 2, 0, 1, 1, 0, 2, 0, 1, 2, 2, 1, 0, 0, 3, 1, 4, 1, 2, 2, 3, 1, 1, 1, 3, 0, 4, 3, 1, 1, 1, 1, 0, 4, 4, 1, 4, 3, 1, 1, 0, 1, 2, 1, 1, 0, 3, 1, 2, 2, 2, 1, 4, 1, 1, 2, 4, 1, 2]|[0, 2, 1, 1, 3, 0, 1, 0, 0, 0, 0, 0, 1, 0, 1, 0, 0, 0, 1, 0, 0, 0, 3, 1, 0, 2, 0, 0, 0, 1, 0, 0, 0, 0, 3, 0, 1, 3, 0, 2, 1, 1, 1, 0, 0, 0, 0, 0, 1, 0, 0, 0, 1, 3, 0, 0, 0, 2, 0, 1, 0, 2, 0, 1, 0, 2, 1, 0, 0, 1, 0, 3, 1, 1, 3, 3, 0, 1, 0, 2, 0, 0, 0, 1, 1, 0, 0, 2, 0, 1, 0, 0, 0, 0, 0, 1, 0, 2, 3, 0],809.413248519586,57347.17872999797,107421.05865975743,true
4,G4_BALANCED,G1_CMAX,[31, 22, 82, 15, 26, 9, 95, 42, 77, 12, 47, 5, 93, 78, 86, 54, 85, 63, 18, 44, 20, 35, 43, 97, 91, 76, 10, 30, 21, 45, 61, 64, 1, 23, 17, 83, 24, 41, 60, 36, 6, 57, 40, 88, 65, 56, 79, 69, 67, 68, 46, 75, 38, 58, 19, 32, 81, 48, 27, 62, 87, 90, 99, 59, 11, 16, 72, 73, 70, 89, 37, 84, 3, 92, 25, 55, 28, 51, 29, 7, 96, 74, 33, 14, 39, 50, 66, 8, 80, 53, 49, 2, 34, 4, 98, 52, 0, 94, 71, 13]|[1, 1, 0, 1, 1, 0, 1, 2, 2, 1, 2, 2, 2, 1, 1, 0, 0, 0, 0, 2, 2, 0, 1, 2, 0, 1, 2, 2, 0, 0, 1, 2, 1, 2, 1, 0, 2, 1, 1, 1, 0, 1, 1, 1, 0, 2, 1, 2, 0, 0, 0, 0, 1, 1, 2, 1, 2, 1, 0, 0, 2, 1, 0, 1, 2, 1, 2, 1, 1, 1, 0, 1, 1, 0, 1, 1, 1, 0, 1, 1, 0, 2, 0, 0, 1, 0, 2, 1, 0, 0, 0, 0, 2, 1, 2, 2, 0, 1, 1, 0]|[4, 3, 2, 2, 4, 1, 2, 2, 1, 4, 0, 1, 2, 4, 4, 1, 2, 1, 2, 1, 1, 1, 1, 2, 1, 2, 1, 1, 1, 1, 3, 2, 3, 0, 4, 0, 1, 4, 0, 3, 2, 2, 2, 0, 1, 1, 0, 2, 0, 1, 2, 2, 1, 0, 0, 3, 1, 4, 1, 2, 2, 3, 1, 1, 1, 3, 0, 4, 3, 1, 1, 1, 1, 0, 4, 4, 4, 1, 3, 1, 1, 1, 2, 2, 1, 1, 0, 3, 1, 2, 1, 2, 1, 4, 0, 1, 2, 4, 3, 2]|[0, 2, 1, 1, 3, 0, 1, 0, 0, 0, 0, 0, 1, 0, 1, 0, 0, 0, 1, 0, 0, 0, 3, 1, 0, 2, 0, 0, 0, 1, 0, 0, 0, 0, 3, 0, 1, 3, 0, 2, 1, 1, 1, 0, 0, 0, 0, 0, 1, 0, 0, 0, 1, 3, 0, 0, 0, 2, 0, 1, 0, 2, 0, 1, 0, 2, 1, 0, 0, 1, 0, 3, 1, 1, 3, 3, 1, 0, 0, 2, 0, 0, 1, 0, 1, 0, 0, 2, 0, 1, 1, 0, 0, 0, 0, 0, 0, 2, 0, 0],790.6131679435312,57200.74018068108,109594.4813316059,true
4,G2_TEC,G2_TEC,[31, 22, 82, 15, 26, 9, 90, 42, 77, 4, 79, 5, 93, 78, 86, 54, 85, 63, 18, 44, 20, 49, 36, 14, 48, 50, 53, 17, 21, 45, 71, 64, 3, 23, 30, 83, 24, 41, 60, 52, 65, 27, 95, 70, 39, 87, 74, 69, 99, 68, 46, 1, 38, 58, 97, 59, 28, 8, 73, 37, 35, 47, 11, 66, 76, 57, 72, 16, 92, 6, 80, 61, 33, 98, 32, 34, 51, 67, 10, 7, 56, 43, 62, 19, 91, 13, 29, 96, 0, 81, 2, 40, 88, 55, 75, 25, 12, 94, 89, 84]|[2, 1, 2, 1, 1, 2, 2, 0, 1, 1, 1, 0, 2, 2, 1, 2, 0, 0, 0, 2, 2, 1, 0, 2, 2, 2, 2, 1, 0, 1, 1, 1, 0, 0, 2, 0, 2, 1, 2, 2, 0, 1, 1, 1, 0, 2, 0, 2, 1, 0, 0, 2, 2, 0, 2, 0, 2, 1, 0, 0, 2, 1, 0, 2, 2, 0, 1, 1, 0, 0, 0, 1, 1, 0, 0, 1, 0, 0, 1, 2, 2, 1, 0, 2, 1, 0, 1, 0, 0, 1, 2, 2, 1, 1, 2, 1, 1, 1, 1, 0]|[0, 3, 0, 2, 4, 1, 1, 0, 2, 4, 2, 2, 1, 0, 2, 1, 1, 1, 2, 1, 2, 3, 0, 1, 0, 1, 1, 4, 1, 0, 3, 2, 2, 0, 1, 1, 1, 4, 0, 1, 2, 2, 4, 4, 1, 1, 0, 2, 3, 1, 2, 1, 2, 1, 1, 2, 0, 3, 0, 2, 2, 3, 1, 0, 1, 2, 4, 0, 0, 1, 1, 3, 4, 1, 2, 4, 0, 1, 3, 1, 0, 4, 2, 0, 3, 2, 3, 2, 2, 1, 1, 0, 4, 3, 2, 4, 3, 4, 4, 2]|[0, 2, 0, 1, 3, 0, 0, 0, 0, 0, 2, 0, 1, 0, 1, 0, 0, 0, 1, 0, 0, 2, 0, 0, 0, 0, 0, 3, 0, 1, 0, 2, 0, 0, 0, 0, 1, 3, 1, 0, 0, 1, 1, 3, 0, 0, 1, 0, 2, 0, 0, 0, 0, 0, 1, 0, 0, 0, 1, 1, 0, 2, 0, 0, 0, 1, 2, 1, 1, 0, 0, 0, 1, 0, 0, 2, 0, 0, 3, 0, 0, 2, 1, 0, 0, 0, 0, 0, 0, 1, 0, 0, 1, 0, 1, 3, 0, 2, 1, 1],958.1577796465699,54776.11066986155,126991.14939741348,false
4,G3_TWC,G4_BALANCED,[31, 22, 82, 15, 26, 9, 95, 42, 77, 12, 47, 5, 93, 78, 86, 54, 85, 63, 18, 44, 20, 35, 43, 97, 91, 76, 10, 30, 21, 45, 61, 64, 1, 23, 17, 83, 24, 41, 60, 36, 6, 57, 40, 88, 65, 56, 79, 69, 67, 68, 46, 75, 38, 58, 19, 32, 81, 48, 27, 62, 87, 90, 99, 59, 11, 16, 72, 73, 70, 89, 37, 84, 3, 92, 25, 55, 28, 51, 29, 7, 96, 74, 98, 33, 39, 50, 66, 8, 80, 53, 14, 2, 34, 4, 52, 49, 0, 94, 71, 13]|[1, 1, 0, 1, 1, 0, 1, 2, 2, 1, 2, 2, 2, 1, 1, 0, 0, 0, 0, 2, 2, 0, 1, 2, 0, 1, 2, 2, 0, 0, 1, 2, 1, 2, 1, 0, 2, 1, 1, 1, 0, 1, 1, 1, 0, 2, 1, 2, 0, 0, 0, 0, 1, 1, 2, 1, 2, 1, 0, 0, 2, 1, 0, 1, 2, 1, 2, 1, 1, 1, 0, 1, 1, 0, 1, 1, 1, 0, 1, 1, 0, 2, 0, 0, 1, 0, 2, 1, 0, 0, 0, 0, 2, 1, 2, 0, 0, 1, 1, 0]|[4, 3, 2, 2, 4, 1, 2, 2, 1, 4, 0, 1, 2, 4, 4, 1, 2, 1, 2, 1, 1, 1, 1, 2, 1, 2, 1, 1, 1, 1, 3, 2, 3, 0, 4, 0, 1, 4, 0, 3, 2, 2, 2, 0, 1, 1, 0, 2, 0, 1, 2, 2, 1, 0, 0, 3, 2, 4, 1, 2, 2, 3, 1, 1, 1, 3, 0, 4, 3, 1, 1, 1, 1, 0, 4, 4, 4, 1, 3, 1, 1, 1, 1, 2, 1, 1, 0, 3, 1, 2, 2, 2, 1, 4, 1, 1, 2, 4, 3, 2]|[0, 2, 1, 1, 3, 0, 1, 0, 0, 0, 0, 0, 1, 0, 1, 0, 0, 0, 1, 0, 0, 0, 3, 1, 0, 2, 0, 0, 0, 1, 0, 0, 0, 0, 3, 0, 1, 3, 0, 2, 1, 1, 1, 0, 0, 0, 0, 0, 1, 0, 0, 0, 1, 3, 0, 0, 1, 2, 0, 1, 0, 2, 0, 1, 0, 2, 1, 0, 0, 1, 0, 3, 1, 1, 3, 3, 1, 0, 0, 2, 0, 0, 0, 1, 1, 0, 0, 2, 0, 1, 0, 0, 0, 0, 0, 1, 0, 2, 0, 0],798.2574073403379,57504.80506544505,106056.59480992847,true
4,G1_CMAX,G4_BALANCED,[31, 22, 82, 15, 26, 9, 95, 42, 77, 12, 47, 5, 93, 78, 86, 54, 85, 63, 18, 44, 20, 35, 43, 97, 91, 76, 10, 30, 21, 45, 61, 64, 1, 33, 17, 83, 24, 41, 60, 36, 6, 57, 40, 88, 65, 56, 79, 69, 67, 68, 46, 75, 38, 58, 19, 32, 81, 48, 27, 62, 87, 90, 99, 59, 11, 16, 72, 73, 70, 89, 37, 84, 3, 92, 25, 55, 28, 51, 29, 7, 66, 71, 98, 23, 53, 50, 96, 80, 8, 39, 14, 2, 34, 4, 52, 49, 0, 94, 74, 13]|[1, 1, 0, 1, 1, 0, 1, 2, 2, 1, 2, 2, 2, 1, 1, 0, 0, 0, 0, 2, 2, 0, 1, 2, 0, 1, 2, 2, 0, 0, 1, 2, 1, 2, 1, 0, 2, 1, 1, 1, 0, 1, 1, 1, 0, 2, 1, 2, 0, 0, 0, 0, 1, 1, 2, 1, 2, 1, 0, 0, 2, 1, 0, 1, 2, 1, 2, 1, 1, 1, 0, 1, 1, 0, 1, 1, 1, 0, 1, 1, 2, 1, 0, 2, 0, 0, 0, 0, 1, 1, 0, 0, 2, 1, 2, 0, 0, 1, 2, 0]|[4, 3, 2, 2, 4, 1, 2, 2, 1, 4, 0, 1, 2, 4, 4, 1, 2, 1, 2, 1, 1, 1, 1, 2, 1, 2, 1, 1, 1, 1, 3, 2, 3, 0, 4, 0, 1, 4, 0, 3, 2, 2, 2, 0, 1, 1, 0, 2, 0, 1, 2, 2, 1, 0, 0, 3, 1, 4, 1, 2, 2, 3, 1, 1, 1, 3, 0, 4, 3, 1, 1, 1, 1, 0, 4, 4, 4, 1, 3, 1, 0, 3, 1, 0, 2, 1, 1, 1, 3, 1, 2, 2, 1, 4, 1, 1, 2, 4, 1, 2]|[0, 2, 1, 1, 3, 0, 1, 0, 0, 0, 0, 0, 1, 0, 1, 0, 0, 0, 1, 0, 0, 0, 3, 1, 0, 2, 0, 0, 0, 1, 0, 0, 0, 0, 3, 0, 1, 3, 0, 2, 1, 1, 1, 0, 0, 0, 0, 0, 1, 0, 0, 0, 1, 3, 0, 0, 0, 2, 0, 1, 0, 2, 0, 1, 0, 2, 1, 0, 0, 1, 0, 3, 1, 1, 3, 3, 1, 0, 0, 2, 0, 0, 0, 0, 1, 0, 0, 0, 2, 1, 0, 0, 0, 0, 0, 1, 0, 2, 0, 0],800.7050151386115,57255.033008263126,107431.05819903885,true
4,G4_BALANCED,G1_CMAX,[31, 22, 82, 15, 26, 9, 95, 42, 77, 12, 47, 5, 93, 78, 86, 54, 85, 63, 18, 44, 20, 35, 43, 97, 91, 76, 10, 30, 21, 45, 61, 64, 1, 23, 17, 83, 24, 41, 60, 36, 6, 57, 40, 88, 65, 56, 79, 69, 67, 68, 46, 75, 38, 58, 19, 32, 81, 48, 27, 62, 87, 90, 99, 59, 11, 16, 72, 73, 70, 89, 37, 84, 3, 92, 25, 55, 28, 51, 29, 7, 96, 74, 33, 14, 39, 50, 66, 8, 80, 53, 49, 2, 34, 4, 98, 52, 0, 94, 71, 13]|[1, 1, 0, 1, 1, 0, 1, 2, 2, 1, 2, 2, 2, 1, 1, 0, 0, 0, 0, 2, 2, 0, 1, 2, 0, 1, 2, 2, 0, 0, 1, 2, 1, 2, 1, 0, 2, 1, 1, 1, 0, 1, 1, 1, 0, 2, 1, 2, 0, 0, 0, 0, 1, 1, 2, 1, 2, 1, 0, 0, 2, 1, 0, 1, 2, 1, 2, 1, 1, 1, 0, 1, 1, 0, 1, 1, 1, 0, 1, 1, 0, 2, 0, 0, 1, 0, 2, 1, 0, 0, 0, 0, 2, 1, 2, 2, 0, 1, 1, 0]|[4, 3, 2, 2, 4, 1, 2, 2, 1, 4, 0, 1, 2, 4, 4, 1, 2, 1, 2, 1, 1, 1, 1, 2, 1, 2, 1, 1, 1, 1, 3, 2, 3, 0, 4, 0, 1, 4, 0, 3, 2, 2, 2, 0, 1, 1, 0, 2, 0, 1, 2, 2, 1, 0, 0, 3, 1, 4, 1, 2, 2, 3, 1, 1, 1, 3, 0, 4, 3, 1, 1, 1, 1, 0, 4, 4, 4, 1, 3, 1, 1, 1, 2, 2, 1, 1, 0, 3, 1, 2, 1, 2, 1, 4, 0, 1, 2, 4, 3, 2]|[0, 2, 1, 1, 3, 0, 1, 0, 0, 0, 0, 0, 1, 0, 1, 0, 0, 0, 1, 0, 0, 0, 3, 1, 0, 2, 0, 0, 0, 1, 0, 0, 0, 0, 3, 0, 1, 3, 0, 2, 1, 1, 1, 0, 0, 0, 0, 0, 1, 0, 0, 0, 1, 3, 0, 0, 0, 2, 0, 1, 0, 2, 0, 1, 0, 2, 1, 0, 0, 1, 0, 3, 1, 1, 3, 3, 1, 0, 0, 2, 0, 0, 1, 0, 1, 0, 0, 2, 0, 1, 1, 0, 0, 0, 0, 0, 0, 2, 0, 0],790.6131679435312,57200.74018068108,109594.4813316059,true
4,G2_TEC,G2_TEC,[31, 22, 82, 15, 26, 9, 90, 42, 77, 4, 79, 5, 93, 78, 86, 54, 85, 63, 18, 44, 20, 49, 36, 14, 48, 50, 53, 17, 21, 45, 71, 64, 3, 23, 30, 83, 24, 41, 60, 52, 65, 27, 95, 70, 39, 87, 74, 69, 99, 68, 46, 1, 38, 58, 97, 59, 28, 8, 73, 37, 35, 47, 11, 66, 76, 57, 72, 16, 92, 6, 80, 61, 33, 98, 32, 34, 51, 67, 10, 7, 56, 43, 62, 19, 91, 13, 29, 96, 0, 81, 2, 40, 88, 55, 75, 25, 12, 94, 89, 84]|[2, 1, 2, 1, 1, 2, 2, 0, 1, 1, 1, 0, 2, 2, 1, 2, 0, 0, 0, 2, 2, 1, 0, 2, 2, 2, 2, 1, 0, 1, 1, 1, 0, 0, 2, 0, 2, 1, 2, 2, 0, 1, 1, 1, 0, 2, 0, 2, 1, 0, 0, 2, 2, 0, 2, 0, 2, 1, 0, 0, 2, 1, 0, 2, 2, 0, 1, 1, 0, 0, 0, 1, 1, 0, 0, 1, 0, 0, 1, 2, 2, 1, 0, 2, 1, 0, 1, 0, 0, 1, 2, 2, 1, 1, 2, 1, 1, 1, 1, 0]|[0, 3, 0, 2, 4, 1, 1, 0, 2, 4, 2, 2, 1, 0, 2, 1, 1, 1, 2, 1, 2, 3, 0, 1, 0, 1, 1, 4, 1, 0, 3, 2, 2, 0, 1, 1, 1, 4, 0, 1, 2, 2, 4, 4, 1, 1, 0, 2, 3, 1, 2, 1, 2, 1, 1, 2, 0, 3, 0, 2, 2, 3, 1, 0, 1, 2, 4, 0, 0, 1, 1, 3, 4, 1, 2, 4, 0, 1, 3, 1, 0, 4, 2, 0, 3, 2, 3, 2, 2, 1, 1, 0, 4, 3, 2, 4, 3, 4, 4, 2]|[0, 2, 0, 1, 3, 0, 0, 0, 0, 0, 2, 0, 1, 0, 1, 0, 0, 0, 1, 0, 0, 2, 0, 0, 0, 0, 0, 3, 0, 1, 0, 2, 0, 0, 0, 0, 1, 3, 1, 0, 0, 1, 1, 3, 0, 0, 1, 0, 2, 0, 0, 0, 0, 0, 1, 0, 0, 0, 1, 1, 0, 2, 0, 0, 0, 1, 2, 1, 1, 0, 0, 0, 1, 0, 0, 2, 0, 0, 3, 0, 0, 2, 1, 0, 0, 0, 0, 0, 0, 1, 0, 0, 1, 0, 1, 3, 0, 2, 1, 1],958.1577796465699,54776.11066986155,126991.14939741348,false
4,G3_TWC,G4_BALANCED,[31, 22, 82, 15, 26, 9, 95, 42, 77, 12, 47, 5, 93, 78, 86, 54, 85, 63, 18, 44, 20, 35, 43, 97, 91, 76, 10, 30, 21, 45, 61, 64, 1, 23, 17, 83, 24, 41, 60, 36, 6, 57, 40, 88, 65, 56, 79, 69, 67, 68, 46, 75, 38, 58, 19, 32, 81, 48, 27, 62, 87, 90, 99, 59, 11, 16, 72, 73, 70, 89, 37, 84, 3, 92, 25, 55, 28, 51, 29, 7, 96, 74, 98, 33, 39, 50, 66, 8, 80, 53, 14, 2, 34, 4, 52, 49, 0, 94, 71, 13]|[1, 1, 0, 1, 1, 0, 1, 2, 2, 1, 2, 2, 2, 1, 1, 0, 0, 0, 0, 2, 2, 0, 1, 2, 0, 1, 2, 2, 0, 0, 1, 2, 1, 2, 1, 0, 2, 1, 1, 1, 0, 1, 1, 1, 0, 2, 1, 2, 0, 0, 0, 0, 1, 1, 2, 1, 2, 1, 0, 0, 2, 1, 0, 1, 2, 1, 2, 1, 1, 1, 0, 1, 1, 0, 1, 1, 1, 0, 1, 1, 0, 2, 0, 0, 1, 0, 2, 1, 0, 0, 0, 0, 2, 1, 2, 0, 0, 1, 1, 0]|[4, 3, 2, 2, 4, 1, 2, 2, 1, 4, 0, 1, 2, 4, 4, 1, 2, 1, 2, 1, 1, 1, 1, 2, 1, 2, 1, 1, 1, 1, 3, 2, 3, 0, 4, 0, 1, 4, 0, 3, 2, 2, 2, 0, 1, 1, 0, 2, 0, 1, 2, 2, 1, 0, 0, 3, 2, 4, 1, 2, 2, 3, 1, 1, 1, 3, 0, 4, 3, 1, 1, 1, 1, 0, 4, 4, 4, 1, 3, 1, 1, 1, 1, 2, 1, 1, 0, 3, 1, 2, 2, 2, 1, 4, 1, 1, 2, 4, 3, 2]|[0, 2, 1, 1, 3, 0, 1, 0, 0, 0, 0, 0, 1, 0, 1, 0, 0, 0, 1, 0, 0, 0, 3, 1, 0, 2, 0, 0, 0, 1, 0, 0, 0, 0, 3, 0, 1, 3, 0, 2, 1, 1, 1, 0, 0, 0, 0, 0, 1, 0, 0, 0, 1, 3, 0, 0, 1, 2, 0, 1, 0, 2, 0, 1, 0, 2, 1, 0, 0, 1, 0, 3, 1, 1, 3, 3, 1, 0, 0, 2, 0, 0, 0, 1, 1, 0, 0, 2, 0, 1, 0, 0, 0, 0, 0, 1, 0, 2, 0, 0],798.2574073403379,57504.80506544505,106056.59480992847,true
4,G1_CMAX,G4_BALANCED,[31, 22, 82, 15, 26, 9, 95, 42, 77, 12, 47, 5, 93, 78, 86, 54, 85, 63, 18, 44, 20, 35, 43, 97, 91, 76, 10, 30, 21, 45, 61, 64, 1, 23, 17, 83, 24, 41, 60, 36, 6, 57, 40, 88, 65, 56, 79, 69, 67, 68, 46, 75, 38, 58, 19, 32, 81, 48, 27, 62, 87, 90, 99, 59, 11, 16, 72, 73, 70, 89, 37, 84, 3, 92, 25, 55, 51, 28, 29, 7, 96, 74, 98, 33, 39, 50, 66, 8, 80, 53, 14, 2, 34, 4, 52, 49, 0, 94, 71, 13]|[1, 1, 0, 1, 1, 0, 1, 2, 2, 1, 2, 2, 2, 1, 1, 0, 0, 0, 0, 2, 2, 0, 1, 2, 0, 1, 2, 2, 0, 0, 1, 2, 1, 2, 1, 0, 2, 1, 1, 1, 0, 1, 1, 1, 0, 2, 1, 2, 0, 0, 0, 0, 1, 1, 2, 1, 2, 1, 0, 0, 2, 1, 0, 1, 2, 1, 2, 1, 1, 1, 0, 1, 1, 0, 1, 1, 0, 1, 1, 1, 0, 2, 0, 0, 1, 0, 2, 1, 0, 0, 0, 0, 2, 1, 2, 0, 0, 1, 1, 0]|[4, 3, 2, 2, 4, 1, 2, 2, 1, 4, 0, 1, 2, 4, 4, 1, 2, 1, 2, 1, 1, 1, 1, 2, 1, 2, 1, 1, 1, 1, 3, 2, 3, 0, 4, 0, 1, 4, 0, 3, 2, 2, 2, 0, 1, 1, 0, 2, 0, 1, 2, 2, 1, 0, 0, 3, 1, 4, 1, 2, 2, 3, 1, 1, 1, 3, 0, 4, 3, 1, 1, 1, 1, 0, 4, 4, 1, 4, 3, 1, 1, 1, 1, 2, 1, 1, 0, 3, 1, 2, 1, 2, 1, 4, 1, 1, 2, 4, 3, 2]|[0, 2, 1, 1, 3, 0, 1, 0, 0, 0, 0, 0, 1, 0, 1, 0, 0, 0, 1, 0, 0, 0, 3, 1, 0, 2, 0, 0, 0, 1, 0, 0, 0, 0, 3, 0, 1, 3, 0, 2, 1, 1, 1, 0, 0, 0, 0, 0, 1, 0, 0, 0, 1, 3, 0, 0, 0, 2, 0, 1, 0, 2, 0, 1, 0, 2, 1, 0, 0, 1, 0, 3, 1, 1, 3, 3, 0, 1, 0, 2, 0, 0, 0, 1, 1, 0, 0, 2, 0, 1, 0, 0, 0, 0, 0, 1, 0, 2, 0, 0],798.2574073403379,57322.55629425985,107472.30118493846,true
4,G4_BALANCED,G1_CMAX,[31, 22, 82, 15, 26, 9, 95, 42, 77, 12, 47, 5, 93, 78, 86, 54, 85, 63, 18, 44, 20, 35, 43, 97, 91, 76, 10, 30, 21, 45, 61, 64, 1, 23, 17, 83, 24, 41, 60, 36, 6, 57, 40, 88, 65, 56, 79, 69, 67, 68, 46, 75, 38, 58, 19, 32, 81, 48, 27, 62, 87, 90, 99, 59, 11, 16, 72, 73, 70, 89, 37, 84, 3, 92, 25, 55, 28, 51, 29, 7, 96, 74, 33, 14, 39, 50, 66, 8, 80, 53, 49, 2, 34, 4, 98, 52, 0, 94, 71, 13]|[1, 1, 0, 1, 1, 0, 1, 2, 2, 1, 2, 2, 2, 1, 1, 0, 0, 0, 0, 2, 2, 0, 1, 2, 0, 1, 2, 2, 0, 0, 1, 2, 1, 2, 1, 0, 2, 1, 1, 1, 0, 1, 1, 1, 0, 2, 1, 2, 0, 0, 0, 0, 1, 1, 2, 1, 2, 1, 0, 0, 2, 1, 0, 1, 2, 1, 2, 1, 1, 1, 0, 1, 1, 0, 1, 1, 1, 0, 1, 1, 0, 2, 0, 0, 1, 0, 2, 1, 0, 0, 0, 0, 2, 1, 2, 2, 0, 1, 1, 0]|[4, 3, 2, 2, 4, 1, 2, 2, 1, 4, 0, 1, 2, 4, 4, 1, 2, 1, 2, 1, 1, 1, 1, 2, 1, 2, 1, 1, 1, 1, 3, 2, 3, 0, 4, 0, 1, 4, 0, 3, 2, 2, 2, 0, 1, 1, 0, 2, 0, 1, 2, 2, 1, 0, 0, 3, 1, 4, 1, 2, 2, 3, 1, 1, 1, 3, 0, 4, 3, 1, 1, 1, 1, 0, 4, 4, 4, 1, 3, 1, 1, 1, 2, 2, 1, 1, 0, 3, 1, 2, 1, 2, 1, 4, 0, 1, 2, 4, 3, 2]|[0, 2, 1, 1, 3, 0, 1, 0, 0, 0, 0, 0, 1, 0, 1, 0, 0, 0, 1, 0, 0, 0, 3, 1, 0, 2, 0, 0, 0, 1, 0, 0, 0, 0, 3, 0, 1, 3, 0, 2, 1, 1, 1, 0, 0, 0, 0, 0, 1, 0, 0, 0, 1, 3, 0, 0, 0, 2, 0, 1, 0, 2, 0, 1, 0, 2, 1, 0, 0, 1, 0, 3, 1, 1, 3, 3, 1, 0, 0, 2, 0, 0, 1, 0, 1, 0, 0, 2, 0, 1, 1, 0, 0, 0, 0, 0, 0, 2, 0, 0],790.6131679435312,57200.74018068108,109594.4813316059,true
4,G2_TEC,G2_TEC,[31, 22, 82, 15, 26, 9, 90, 42, 77, 4, 79, 5, 93, 78, 86, 54, 85, 63, 18, 44, 20, 49, 36, 14, 48, 50, 53, 17, 21, 45, 71, 64, 3, 23, 30, 83, 24, 41, 60, 52, 65, 27, 95, 70, 39, 87, 74, 69, 99, 68, 46, 1, 38, 58, 97, 59, 28, 8, 73, 37, 35, 47, 11, 66, 76, 57, 72, 16, 92, 6, 80, 61, 33, 98, 32, 34, 51, 67, 10, 7, 56, 43, 62, 19, 91, 13, 29, 96, 0, 81, 2, 40, 88, 55, 75, 25, 12, 94, 89, 84]|[2, 1, 2, 1, 1, 2, 2, 0, 1, 1, 1, 0, 2, 2, 1, 2, 0, 0, 0, 2, 2, 1, 0, 2, 2, 2, 2, 1, 0, 1, 1, 1, 0, 0, 2, 0, 2, 1, 2, 2, 0, 1, 1, 1, 0, 2, 0, 2, 1, 0, 0, 2, 2, 0, 2, 0, 2, 1, 0, 0, 2, 1, 0, 2, 2, 0, 1, 1, 0, 0, 0, 1, 1, 0, 0, 1, 0, 0, 1, 2, 2, 1, 0, 2, 1, 0, 1, 0, 0, 1, 2, 2, 1, 1, 2, 1, 1, 1, 1, 0]|[0, 3, 0, 2, 4, 1, 1, 0, 2, 4, 2, 2, 1, 0, 2, 1, 1, 1, 2, 1, 2, 3, 0, 1, 0, 1, 1, 4, 1, 0, 3, 2, 2, 0, 1, 1, 1, 4, 0, 1, 2, 2, 4, 4, 1, 1, 0, 2, 3, 1, 2, 1, 2, 1, 1, 2, 0, 3, 0, 2, 2, 3, 1, 0, 1, 2, 4, 0, 0, 1, 1, 3, 4, 1, 2, 4, 0, 1, 3, 1, 0, 4, 2, 0, 3, 2, 3, 2, 2, 1, 1, 0, 4, 3, 2, 4, 3, 4, 4, 2]|[0, 2, 0, 1, 3, 0, 0, 0, 0, 0, 2, 0, 1, 0, 1, 0, 0, 0, 1, 0, 0, 2, 0, 0, 0, 0, 0, 3, 0, 1, 0, 2, 0, 0, 0, 0, 1, 3, 1, 0, 0, 1, 1, 3, 0, 0, 1, 0, 2, 0, 0, 0, 0, 0, 1, 0, 0, 0, 1, 1, 0, 2, 0, 0, 0, 1, 2, 1, 1, 0, 0, 0, 1, 0, 0, 2, 0, 0, 3, 0, 0, 2, 1, 0, 0, 0, 0, 0, 0, 1, 0, 0, 1, 0, 1, 3, 0, 2, 1, 1],958.1577796465699,54776.11066986155,126991.14939741348,false
4,G3_TWC,G4_BALANCED,[31, 22, 82, 15, 26, 9, 95, 42, 77, 12, 47, 5, 93, 78, 86, 54, 85, 63, 18, 44, 20, 35, 43, 97, 91, 76, 10, 30, 21, 45, 61, 64, 1, 23, 17, 83, 24, 41, 60, 36, 6, 57, 40, 88, 65, 56, 79, 69, 67, 68, 46, 75, 38, 58, 19, 32, 81, 48, 27, 62, 87, 90, 99, 59, 11, 16, 72, 73, 70, 89, 37, 84, 3, 92, 25, 55, 28, 51, 29, 7, 96, 74, 98, 33, 39, 50, 66, 8, 80, 53, 14, 2, 34, 4, 52, 49, 0, 94, 71, 13]|[1, 1, 0, 1, 1, 0, 1, 2, 2, 1, 2, 2, 2, 1, 1, 0, 0, 0, 0, 2, 2, 0, 1, 2, 0, 1, 2, 2, 0, 0, 1, 2, 1, 2, 1, 0, 2, 1, 1, 1, 0, 1, 1, 1, 0, 2, 1, 2, 0, 0, 0, 0, 1, 1, 2, 1, 2, 1, 0, 0, 2, 1, 0, 1, 2, 1, 2, 1, 1, 1, 0, 1, 1, 0, 1, 1, 1, 0, 1, 1, 0, 2, 0, 0, 1, 0, 2, 1, 0, 0, 0, 0, 2, 1, 2, 0, 0, 1, 1, 0]|[4, 3, 2, 2, 4, 1, 2, 2, 1, 4, 0, 1, 2, 4, 4, 1, 2, 1, 2, 1, 1, 1, 1, 2, 1, 2, 1, 1, 1, 1, 3, 2, 3, 0, 4, 0, 1, 4, 0, 3, 2, 2, 2, 0, 1, 1, 0, 2, 0, 1, 2, 2, 1, 0, 0, 3, 2, 4, 1, 2, 2, 3, 1, 1, 1, 3, 0, 4, 3, 1, 1, 1, 1, 0, 4, 4, 4, 1, 3, 1, 1, 1, 1, 2, 1, 1, 0, 3, 1, 2, 2, 2, 1, 4, 1, 1, 2, 4, 3, 2]|[0, 2, 1, 1, 3, 0, 1, 0, 0, 0, 0, 0, 1, 0, 1, 0, 0, 0, 1, 0, 0, 0, 3, 1, 0, 2, 0, 0, 0, 1, 0, 0, 0, 0, 3, 0, 1, 3, 0, 2, 1, 1, 1, 0, 0, 0, 0, 0, 1, 0, 0, 0, 1, 3, 0, 0, 1, 2, 0, 1, 0, 2, 0, 1, 0, 2, 1, 0, 0, 1, 0, 3, 1, 1, 3, 3, 1, 0, 0, 2, 0, 0, 0, 1, 1, 0, 0, 2, 0, 1, 0, 0, 0, 0, 0, 1, 0, 2, 0, 0],798.2574073403379,57504.80506544505,106056.59480992847,true
4,G1_CMAX,G3_TWC,[31, 22, 82, 15, 26, 9, 95, 42, 77, 12, 47, 5, 93, 78, 86, 54, 85, 41, 18, 44, 20, 35, 43, 97, 91, 76, 10, 30, 21, 45, 61, 64, 1, 23, 17, 83, 24, 63, 60, 36, 6, 57, 40, 88, 65, 56, 79, 69, 67, 68, 46, 75, 38, 58, 19, 32, 81, 48, 27, 62, 87, 90, 99, 59, 11, 16, 72, 73, 70, 89, 37, 84, 3, 92, 25, 55, 28, 51, 29, 7, 96, 74, 98, 33, 39, 50, 66, 8, 80, 53, 14, 2, 34, 4, 52, 49, 0, 94, 71, 13]|[1, 1, 0, 1, 1, 0, 1, 2, 2, 1, 2, 2, 2, 1, 1, 0, 0, 1, 0, 2, 2, 0, 1, 2, 0, 1, 2, 2, 0, 0, 1, 2, 1, 2, 1, 0, 2, 0, 1, 1, 0, 1, 1, 1, 0, 2, 1, 2, 0, 0, 0, 0, 1, 1, 2, 1, 2, 1, 0, 0, 2, 1, 0, 1, 2, 1, 2, 1, 1, 1, 0, 1, 1, 0, 1, 1, 0, 0, 0, 1, 0, 2, 0, 0, 1, 0, 2, 1, 0, 0, 0, 0, 2, 1, 2, 0, 0, 1, 1, 0]|[4, 3, 2, 2, 4, 1, 2, 2, 1, 4, 0, 1, 2, 4, 4, 1, 2, 4, 2, 1, 1, 1, 1, 2, 1, 2, 1, 1, 1, 1, 3, 2, 3, 0, 4, 0, 1, 1, 0, 3, 2, 2, 2, 0, 1, 1, 0, 2, 0, 1, 2, 2, 1, 0, 0, 3, 2, 4, 1, 2, 2, 3, 1, 1, 1, 3, 0, 4, 3, 1, 1, 1, 1, 0, 4, 4, 2, 1, 1, 1, 1, 1, 1, 2, 1, 1, 0, 3, 1, 2, 2, 2, 1, 4, 1, 1, 2, 4, 3, 2]|[0, 2, 1, 1, 3, 0, 1, 0, 0, 0, 0, 0, 1, 0, 1, 0, 0, 3, 1, 0, 0, 0, 3, 1, 0, 2, 0, 0, 0, 1, 0, 0, 0, 0, 3, 0, 1, 0, 0, 2, 1, 1, 1, 0, 0, 0, 0, 0, 1, 0, 0, 0, 1, 3, 0, 0, 1, 2, 0, 1, 0, 2, 0, 1, 0, 2, 1, 0, 0, 1, 0, 3, 1, 1, 3, 3, 1, 0, 0, 2, 0, 0, 0, 1, 1, 0, 0, 2, 0, 1, 0, 0, 0, 0, 0, 1, 0, 2, 0, 0],841.0046271093007,58181.69522866253,103867.6747749024,true
4,G4_BALANCED,G1_CMAX,[31, 22, 82, 15, 26, 9, 95, 42, 77, 12, 47, 5, 93, 78, 86, 54, 85, 63, 18, 44, 20, 35, 43, 97, 91, 76, 10, 30, 21, 45, 61, 64, 1, 23, 17, 83, 24, 41, 60, 36, 6, 57, 40, 88, 65, 56, 79, 69, 67, 68, 46, 75, 38, 58, 19, 32, 81, 48, 27, 62, 87, 90, 99, 59, 11, 16, 72, 73, 70, 89, 37, 84, 3, 92, 25, 55, 28, 51, 29, 7, 96, 74, 33, 14, 39, 50, 66, 8, 80, 53, 49, 2, 34, 4, 98, 52, 0, 94, 71, 13]|[1, 1, 0, 1, 1, 0, 1, 2, 2, 1, 2, 2, 2, 1, 1, 0, 0, 0, 0, 2, 2, 0, 1, 2, 0, 1, 2, 2, 0, 0, 1, 2, 1, 2, 1, 0, 2, 1, 1, 1, 0, 1, 1, 1, 0, 2, 1, 2, 0, 0, 0, 0, 1, 1, 2, 1, 2, 1, 0, 0, 2, 1, 0, 1, 2, 1, 2, 1, 1, 1, 0, 1, 1, 0, 1, 1, 1, 0, 1, 1, 0, 2, 0, 0, 1, 0, 2, 1, 0, 0, 0, 0, 2, 1, 2, 2, 0, 1, 1, 0]|[4, 3, 2, 2, 4, 1, 2, 2, 1, 4, 0, 1, 2, 4, 4, 1, 2, 1, 2, 1, 1, 1, 1, 2, 1, 2, 1, 1, 1, 1, 3, 2, 3, 0, 4, 0, 1, 4, 0, 3, 2, 2, 2, 0, 1, 1, 0, 2, 0, 1, 2, 2, 1, 0, 0, 3, 1, 4, 1, 2, 2, 3, 1, 1, 1, 3, 0, 4, 3, 1, 1, 1, 1, 0, 4, 4, 4, 1, 3, 1, 1, 1, 2, 2, 1, 1, 0, 3, 1, 2, 1, 2, 1, 4, 0, 1, 2, 4, 3, 2]|[0, 2, 1, 1, 3, 0, 1, 0, 0, 0, 0, 0, 1, 0, 1, 0, 0, 0, 1, 0, 0, 0, 3, 1, 0, 2, 0, 0, 0, 1, 0, 0, 0, 0, 3, 0, 1, 3, 0, 2, 1, 1, 1, 0, 0, 0, 0, 0, 1, 0, 0, 0, 1, 3, 0, 0, 0, 2, 0, 1, 0, 2, 0, 1, 0, 2, 1, 0, 0, 1, 0, 3, 1, 1, 3, 3, 1, 0, 0, 2, 0, 0, 1, 0, 1, 0, 0, 2, 0, 1, 1, 0, 0, 0, 0, 0, 0, 2, 0, 0],790.6131679435312,57200.74018068108,109594.4813316059,true
4,G2_TEC,G2_TEC,[31, 22, 82, 15, 26, 9, 90, 42, 77, 4, 79, 5, 93, 78, 86, 54, 85, 63, 18, 44, 20, 49, 36, 14, 48, 50, 53, 17, 21, 45, 71, 64, 3, 23, 30, 83, 24, 41, 60, 52, 65, 27, 95, 70, 39, 87, 74, 69, 99, 68, 46, 1, 38, 58, 97, 59, 28, 8, 73, 37, 35, 47, 11, 66, 76, 57, 72, 16, 92, 6, 80, 61, 33, 98, 32, 34, 51, 67, 10, 7, 56, 43, 62, 19, 91, 13, 29, 96, 0, 81, 2, 40, 88, 55, 75, 25, 12, 94, 89, 84]|[2, 1, 2, 1, 1, 2, 2, 0, 1, 1, 1, 0, 2, 2, 1, 2, 0, 0, 0, 2, 2, 1, 0, 2, 2, 2, 2, 1, 0, 1, 1, 1, 0, 0, 2, 0, 2, 1, 2, 2, 0, 1, 1, 1, 0, 2, 0, 2, 1, 0, 0, 2, 2, 0, 2, 0, 2, 1, 0, 0, 2, 1, 0, 2, 2, 0, 1, 1, 0, 0, 0, 1, 1, 0, 0, 1, 0, 0, 1, 2, 2, 1, 0, 2, 1, 0, 1, 0, 0, 1, 2, 2, 1, 1, 2, 1, 1, 1, 1, 0]|[0, 3, 0, 2, 4, 1, 1, 0, 2, 4, 2, 2, 1, 0, 2, 1, 1, 1, 2, 1, 2, 3, 0, 1, 0, 1, 1, 4, 1, 0, 3, 2, 2, 0, 1, 1, 1, 4, 0, 1, 2, 2, 4, 4, 1, 1, 0, 2, 3, 1, 2, 1, 2, 1, 1, 2, 0, 3, 0, 2, 2, 3, 1, 0, 1, 2, 4, 0, 0, 1, 1, 3, 4, 1, 2, 4, 0, 1, 3, 1, 0, 4, 2, 0, 3, 2, 3, 2, 2, 1, 1, 0, 4, 3, 2, 4, 3, 4, 4, 2]|[0, 2, 0, 1, 3, 0, 0, 0, 0, 0, 2, 0, 1, 0, 1, 0, 0, 0, 1, 0, 0, 2, 0, 0, 0, 0, 0, 3, 0, 1, 0, 2, 0, 0, 0, 0, 1, 3, 1, 0, 0, 1, 1, 3, 0, 0, 1, 0, 2, 0, 0, 0, 0, 0, 1, 0, 0, 0, 1, 1, 0, 2, 0, 0, 0, 1, 2, 1, 1, 0, 0, 0, 1, 0, 0, 2, 0, 0, 3, 0, 0, 2, 1, 0, 0, 0, 0, 0, 0, 1, 0, 0, 1, 0, 1, 3, 0, 2, 1, 1],958.1577796465699,54776.11066986155,126991.14939741348,false
4,G3_TWC,G4_BALANCED,[31, 22, 82, 15, 26, 9, 95, 42, 77, 12, 47, 5, 93, 78, 86, 54, 85, 63, 18, 44, 20, 35, 43, 97, 91, 76, 10, 30, 21, 45, 61, 64, 1, 23, 17, 83, 24, 41, 60, 36, 6, 57, 40, 88, 65, 56, 79, 69, 67, 68, 46, 75, 38, 58, 19, 32, 81, 48, 27, 62, 87, 90, 99, 59, 11, 16, 72, 73, 70, 89, 37, 84, 3, 92, 25, 55, 28, 51, 29, 7, 96, 74, 98, 33, 39, 50, 66, 8, 80, 53, 14, 2, 34, 4, 52, 49, 0, 94, 71, 13]|[1, 1, 0, 1, 1, 0, 1, 2, 2, 1, 2, 2, 2, 1, 1, 0, 0, 0, 0, 2, 2, 0, 1, 2, 0, 1, 2, 2, 0, 0, 1, 2, 1, 2, 1, 0, 2, 1, 1, 1, 0, 1, 1, 1, 0, 2, 1, 2, 0, 0, 0, 0, 1, 1, 2, 1, 2, 1, 0, 0, 2, 1, 0, 1, 2, 1, 2, 1, 1, 1, 0, 1, 1, 0, 1, 1, 1, 0, 1, 1, 0, 2, 0, 0, 1, 0, 2, 1, 0, 0, 0, 0, 2, 1, 2, 0, 0, 1, 1, 0]|[4, 3, 2, 2, 4, 1, 2, 2, 1, 4, 0, 1, 2, 4, 4, 1, 2, 1, 2, 1, 1, 1, 1, 2, 1, 2, 1, 1, 1, 1, 3, 2, 3, 0, 4, 0, 1, 4, 0, 3, 2, 2, 2, 0, 1, 1, 0, 2, 0, 1, 2, 2, 1, 0, 0, 3, 2, 4, 1, 2, 2, 3, 1, 1, 1, 3, 0, 4, 3, 1, 1, 1, 1, 0, 4, 4, 4, 1, 3, 1, 1, 1, 1, 2, 1, 1, 0, 3, 1, 2, 2, 2, 1, 4, 1, 1, 2, 4, 3, 2]|[0, 2, 1, 1, 3, 0, 1, 0, 0, 0, 0, 0, 1, 0, 1, 0, 0, 0, 1, 0, 0, 0, 3, 1, 0, 2, 0, 0, 0, 1, 0, 0, 0, 0, 3, 0, 1, 3, 0, 2, 1, 1, 1, 0, 0, 0, 0, 0, 1, 0, 0, 0, 1, 3, 0, 0, 1, 2, 0, 1, 0, 2, 0, 1, 0, 2, 1, 0, 0, 1, 0, 3, 1, 1, 3, 3, 1, 0, 0, 2, 0, 0, 0, 1, 1, 0, 0, 2, 0, 1, 0, 0, 0, 0, 0, 1, 0, 2, 0, 0],798.2574073403379,57504.80506544505,106056.59480992847,true
4,G1_CMAX,G4_BALANCED,[31, 22, 82, 15, 73, 9, 95, 42, 77, 12, 47, 98, 93, 78, 86, 54, 85, 63, 18, 44, 20, 35, 43, 97, 37, 76, 10, 30, 21, 45, 71, 64, 1, 23, 17, 83, 24, 41, 60, 36, 6, 57, 40, 88, 65, 56, 79, 69, 67, 68, 46, 75, 38, 58, 19, 32, 81, 48, 27, 39, 87, 90, 99, 59, 11, 16, 72, 26, 70, 89, 96, 84, 3, 92, 25, 55, 28, 51, 29, 7, 91, 74, 5, 33, 62, 50, 66, 8, 80, 53, 14, 2, 34, 4, 52, 49, 0, 94, 61, 13]|[1, 1, 0, 1, 1, 0, 1, 2, 2, 1, 2, 2, 2, 1, 1, 0, 0, 0, 0, 2, 2, 0, 1, 2, 0, 1, 2, 2, 0, 0, 1, 2, 1, 2, 1, 0, 2, 1, 1, 1, 0, 1, 1, 1, 0, 2, 1, 2, 0, 0, 0, 0, 1, 1, 2, 1, 2, 1, 0, 1, 2, 1, 0, 1, 2, 1, 2, 1, 1, 1, 1, 1, 1, 0, 1, 1, 1, 0, 0, 1, 0, 2, 2, 0, 0, 0, 2, 1, 0, 0, 0, 0, 2, 1, 2, 0, 0, 1, 1, 0]|[4, 3, 2, 2, 4, 1, 2, 2, 1, 4, 0, 1, 2, 4, 4, 1, 2, 1, 2, 1, 1, 1, 1, 2, 1, 2, 1, 1, 1, 1, 3, 2, 3, 0, 4, 0, 1, 4, 0, 3, 2, 2, 2, 0, 1, 1, 0, 2, 0, 1, 2, 2, 1, 4, 0, 3, 1, 4, 1, 1, 2, 3, 1, 1, 1, 3, 0, 4, 3, 1, 3, 1, 1, 0, 4, 4, 4, 1, 1, 1, 1, 0, 1, 2, 2, 1, 0, 3, 1, 2, 1, 2, 1, 4, 1, 1, 2, 4, 1, 2]|[0, 2, 1, 1, 3, 0, 1, 0, 0, 0, 0, 0, 1, 0, 1, 0, 0, 0, 1, 0, 0, 0, 3, 1, 0, 2, 0, 0, 0, 1, 0, 0, 0, 0, 3, 0, 1, 3, 0, 2, 1, 1, 1, 0, 0, 0, 0, 0, 1, 0, 0, 0, 1, 3, 0, 0, 0, 2, 0, 1, 0, 2, 0, 1, 0, 2, 1, 0, 0, 1, 2, 3, 1, 1, 3, 3, 1, 0, 0, 2, 0, 0, 0, 1, 1, 0, 0, 2, 0, 1, 0, 0, 0, 0, 0, 1, 0, 2, 3, 0],801.3187996866799,56926.15632660228,107760.52172589168,true
4,G4_BALANCED,G4_BALANCED,[31, 22, 82, 15, 26, 9, 95, 42, 77, 12, 47, 5, 93, 78, 86, 54, 85, 63, 18, 44, 20, 35, 43, 97, 91, 76, 10, 30, 21, 45, 61, 64, 1, 23, 17, 83, 24, 41, 60, 36, 6, 57, 40, 88, 65, 56, 79, 69, 67, 68, 46, 75, 38, 58, 19, 32, 81, 48, 27, 62, 87, 90, 99, 59, 11, 16, 72, 73, 70, 89, 37, 84, 3, 92, 25, 55, 28, 51, 29, 7, 96, 74, 33, 98, 39, 50, 66, 8, 80, 53, 14, 2, 34, 4, 52, 49, 0, 94, 71, 13]|[1, 1, 0, 1, 1, 0, 1, 2, 2, 1, 2, 2, 2, 1, 1, 0, 0, 0, 0, 2, 2, 0, 1, 2, 0, 1, 2, 2, 0, 0, 1, 2, 1, 2, 1, 0, 2, 1, 1, 1, 0, 1, 1, 1, 0, 2, 1, 2, 0, 0, 0, 0, 1, 1, 2, 1, 2, 1, 0, 0, 2, 1, 0, 1, 2, 1, 2, 1, 1, 1, 0, 1, 1, 0, 1, 1, 1, 0, 1, 1, 0, 2, 0, 2, 1, 0, 2, 1, 0, 0, 0, 0, 2, 1, 2, 0, 0, 1, 2, 0]|[4, 3, 2, 2, 4, 1, 2, 2, 1, 4, 0, 1, 2, 4, 4, 1, 2, 1, 2, 1, 1, 1, 1, 2, 1, 2, 1, 1, 1, 1, 3, 2, 3, 0, 4, 0, 1, 4, 0, 3, 2, 2, 2, 0, 1, 1, 0, 2, 0, 1, 2, 2, 1, 0, 0, 3, 1, 4, 1, 2, 2, 3, 1, 1, 1, 3, 0, 4, 3, 1, 1, 1, 1, 0, 4, 4, 4, 1, 3, 1, 1, 1, 1, 0, 1, 1, 0, 3, 1, 2, 2, 2, 1, 4, 1, 1, 2, 4, 1, 2]|[0, 2, 1, 1, 3, 0, 1, 0, 0, 0, 0, 0, 1, 0, 1, 0, 0, 0, 1, 0, 0, 0, 3, 1, 0, 2, 0, 0, 0, 1, 0, 0, 0, 0, 3, 0, 1, 3, 0, 2, 1, 1, 1, 0, 0, 0, 0, 0, 1, 0, 0, 0, 1, 3, 0, 0, 0, 2, 0, 1, 0, 2, 0, 1, 0, 2, 1, 0, 0, 1, 0, 3, 1, 1, 3, 3, 1, 0, 0, 2, 0, 0, 0, 0, 1, 0, 0, 2, 0, 1, 0, 0, 0, 0, 0, 1, 0, 2, 0, 0],786.1430875023194,57044.44410972526,108603.1045361672,false
4,G2_TEC,G2_TEC,[31, 22, 82, 15, 26, 9, 90, 42, 77, 4, 79, 5, 93, 78, 86, 54, 85, 63, 18, 44, 20, 49, 36, 14, 48, 50, 53, 17, 21, 45, 71, 64, 3, 23, 30, 83, 24, 41, 60, 52, 65, 27, 95, 70, 39, 87, 74, 69, 99, 68, 46, 1, 38, 58, 97, 59, 28, 8, 73, 37, 35, 47, 11, 66, 76, 57, 72, 16, 92, 6, 80, 61, 33, 98, 32, 34, 51, 67, 10, 7, 56, 43, 62, 19, 91, 13, 29, 96, 0, 81, 2, 40, 88, 55, 75, 25, 12, 94, 89, 84]|[2, 1, 2, 1, 1, 2, 2, 0, 1, 1, 1, 0, 2, 2, 1, 2, 0, 0, 0, 2, 2, 1, 0, 2, 2, 2, 2, 1, 0, 1, 1, 1, 0, 0, 2, 0, 2, 1, 2, 2, 0, 1, 1, 1, 0, 2, 0, 2, 1, 0, 0, 2, 2, 0, 2, 0, 2, 1, 0, 0, 2, 1, 0, 2, 2, 0, 1, 1, 0, 0, 0, 1, 1, 0, 0, 1, 0, 0, 1, 2, 2, 1, 0, 2, 1, 0, 1, 0, 0, 1, 2, 2, 1, 1, 2, 1, 1, 1, 1, 0]|[0, 3, 0, 2, 4, 1, 1, 0, 2, 4, 2, 2, 1, 0, 2, 1, 1, 1, 2, 1, 2, 3, 0, 1, 0, 1, 1, 4, 1, 0, 3, 2, 2, 0, 1, 1, 1, 4, 0, 1, 2, 2, 4, 4, 1, 1, 0, 2, 3, 1, 2, 1, 2, 1, 1, 2, 0, 3, 0, 2, 2, 3, 1, 0, 1, 2, 4, 0, 0, 1, 1, 3, 4, 1, 2, 4, 0, 1, 3, 1, 0, 4, 2, 0, 3, 2, 3, 2, 2, 1, 1, 0, 4, 3, 2, 4, 3, 4, 4, 2]|[0, 2, 0, 1, 3, 0, 0, 0, 0, 0, 2, 0, 1, 0, 1, 0, 0, 0, 1, 0, 0, 2, 0, 0, 0, 0, 0, 3, 0, 1, 0, 2, 0, 0, 0, 0, 1, 3, 1, 0, 0, 1, 1, 3, 0, 0, 1, 0, 2, 0, 0, 0, 0, 0, 1, 0, 0, 0, 1, 1, 0, 2, 0, 0, 0, 1, 2, 1, 1, 0, 0, 0, 1, 0, 0, 2, 0, 0, 3, 0, 0, 2, 1, 0, 0, 0, 0, 0, 0, 1, 0, 0, 1, 0, 1, 3, 0, 2, 1, 1],958.1577796465699,54776.11066986155,126991.14939741348,false
4,G3_TWC,G4_BALANCED,[31, 22, 82, 15, 26, 9, 95, 42, 77, 12, 47, 5, 93, 78, 86, 54, 85, 63, 18, 44, 20, 35, 43, 97, 91, 76, 10, 30, 21, 45, 61, 64, 1, 23, 17, 83, 24, 41, 60, 36, 6, 57, 40, 88, 65, 56, 79, 69, 67, 68, 46, 75, 38, 58, 19, 32, 81, 48, 27, 62, 87, 90, 99, 59, 11, 16, 72, 73, 70, 89, 37, 84, 3, 92, 25, 55, 28, 51, 29, 7, 96, 74, 98, 33, 39, 50, 66, 8, 80, 53, 14, 2, 34, 4, 52, 49, 0, 94, 71, 13]|[1, 1, 0, 1, 1, 0, 1, 2, 2, 1, 2, 2, 2, 1, 1, 0, 0, 0, 0, 2, 2, 0, 1, 2, 0, 1, 2, 2, 0, 0, 1, 2, 1, 2, 1, 0, 2, 1, 1, 1, 0, 1, 1, 1, 0, 2, 1, 2, 0, 0, 0, 0, 1, 1, 2, 1, 2, 1, 0, 0, 2, 1, 0, 1, 2, 1, 2, 1, 1, 1, 0, 1, 1, 0, 1, 1, 1, 0, 1, 1, 0, 2, 0, 0, 1, 0, 2, 1, 0, 0, 0, 0, 2, 1, 2, 0, 0, 1, 1, 0]|[4, 3, 2, 2, 4, 1, 2, 2, 1, 4, 0, 1, 2, 4, 4, 1, 2, 1, 2, 1, 1, 1, 1, 2, 1, 2, 1, 1, 1, 1, 3, 2, 3, 0, 4, 0, 1, 4, 0, 3, 2, 2, 2, 0, 1, 1, 0, 2, 0, 1, 2, 2, 1, 0, 0, 3, 2, 4, 1, 2, 2, 3, 1, 1, 1, 3, 0, 4, 3, 1, 1, 1, 1, 0, 4, 4, 4, 1, 3, 1, 1, 1, 1, 2, 1, 1, 0, 3, 1, 2, 2, 2, 1, 4, 1, 1, 2, 4, 3, 2]|[0, 2, 1, 1, 3, 0, 1, 0, 0, 0, 0, 0, 1, 0, 1, 0, 0, 0, 1, 0, 0, 0, 3, 1, 0, 2, 0, 0, 0, 1, 0, 0, 0, 0, 3, 0, 1, 3, 0, 2, 1, 1, 1, 0, 0, 0, 0, 0, 1, 0, 0, 0, 1, 3, 0, 0, 1, 2, 0, 1, 0, 2, 0, 1, 0, 2, 1, 0, 0, 1, 0, 3, 1, 1, 3, 3, 1, 0, 0, 2, 0, 0, 0, 1, 1, 0, 0, 2, 0, 1, 0, 0, 0, 0, 0, 1, 0, 2, 0, 0],798.2574073403379,57504.80506544505,106056.59480992847,true
4,G1_CMAX,G4_BALANCED,[31, 22, 82, 15, 73, 9, 95, 42, 77, 12, 47, 98, 93, 78, 86, 54, 85, 63, 18, 44, 20, 35, 43, 97, 37, 76, 10, 30, 21, 45, 71, 64, 1, 23, 17, 83, 24, 41, 60, 36, 6, 57, 40, 88, 65, 56, 79, 69, 67, 68, 46, 75, 38, 58, 19, 32, 81, 48, 27, 39, 87, 90, 99, 59, 11, 16, 72, 26, 70, 89, 96, 84, 3, 92, 25, 55, 28, 51, 29, 7, 91, 74, 5, 33, 62, 50, 66, 8, 80, 53, 14, 2, 34, 4, 52, 49, 0, 94, 61, 13]|[1, 1, 0, 1, 1, 0, 1, 2, 2, 1, 2, 2, 2, 1, 1, 0, 0, 0, 0, 2, 2, 0, 1, 2, 0, 1, 2, 2, 0, 0, 1, 2, 1, 2, 1, 0, 2, 1, 1, 1, 0, 1, 1, 1, 0, 2, 1, 2, 0, 0, 0, 0, 1, 1, 2, 1, 2, 1, 0, 1, 2, 1, 0, 1, 2, 1, 2, 1, 1, 1, 1, 1, 1, 0, 1, 1, 1, 0, 0, 1, 0, 2, 2, 0, 0, 0, 2, 1, 0, 0, 0, 0, 2, 1, 2, 0, 0, 1, 1, 0]|[4, 3, 2, 2, 4, 1, 2, 2, 1, 4, 0, 1, 2, 4, 4, 1, 2, 1, 2, 1, 1, 1, 1, 2, 1, 2, 1, 1, 1, 1, 3, 2, 3, 0, 4, 0, 1, 4, 0, 3, 2, 2, 2, 0, 1, 1, 0, 2, 0, 1, 2, 2, 1, 4, 0, 3, 1, 4, 1, 1, 2, 3, 1, 1, 1, 3, 0, 4, 3, 1, 3, 1, 1, 0, 4, 4, 4, 1, 1, 1, 1, 0, 1, 2, 2, 1, 0, 3, 1, 2, 1, 2, 1, 4, 1, 1, 2, 4, 1, 2]|[0, 2, 1, 1, 3, 0, 1, 0, 0, 0, 0, 0, 1, 0, 1, 0, 0, 0, 1, 0, 0, 0, 3, 1, 0, 2, 0, 0, 0, 1, 0, 0, 0, 0, 3, 0, 1, 3, 0, 2, 1, 1, 1, 0, 0, 0, 0, 0, 1, 0, 0, 0, 1, 3, 0, 0, 0, 2, 0, 1, 0, 2, 0, 1, 0, 2, 1, 0, 0, 1, 2, 3, 1, 1, 3, 3, 1, 0, 0, 2, 0, 0, 0, 1, 1, 0, 0, 2, 0, 1, 0, 0, 0, 0, 0, 1, 0, 2, 3, 0],801.3187996866799,56926.15632660228,107760.52172589168,true
4,G4_BALANCED,G4_BALANCED,[31, 22, 82, 15, 26, 9, 95, 42, 77, 12, 47, 5, 93, 78, 86, 54, 85, 63, 18, 44, 20, 35, 43, 97, 91, 76, 10, 30, 21, 45, 61, 64, 1, 23, 17, 83, 24, 41, 60, 36, 6, 57, 40, 88, 65, 56, 79, 69, 67, 68, 46, 75, 38, 58, 19, 32, 81, 48, 27, 62, 87, 90, 99, 59, 11, 16, 72, 73, 70, 89, 37, 84, 3, 92, 25, 55, 28, 51, 29, 7, 96, 74, 33, 98, 39, 50, 66, 8, 80, 53, 14, 2, 34, 4, 52, 49, 0, 94, 71, 13]|[1, 1, 0, 1, 1, 0, 1, 2, 2, 1, 2, 2, 2, 1, 1, 0, 0, 0, 0, 2, 2, 0, 1, 2, 0, 1, 2, 2, 0, 0, 1, 2, 1, 2, 1, 0, 2, 1, 1, 1, 0, 1, 1, 1, 0, 2, 1, 2, 0, 0, 0, 0, 1, 1, 2, 1, 2, 1, 0, 0, 2, 1, 0, 1, 2, 1, 2, 1, 1, 1, 0, 1, 1, 0, 1, 1, 1, 0, 1, 1, 0, 2, 0, 2, 1, 0, 2, 1, 0, 0, 0, 0, 2, 1, 2, 0, 0, 1, 2, 0]|[4, 3, 2, 2, 4, 1, 2, 2, 1, 4, 0, 1, 2, 4, 4, 1, 2, 1, 2, 1, 1, 1, 1, 2, 1, 2, 1, 1, 1, 1, 3, 2, 3, 0, 4, 0, 1, 4, 0, 3, 2, 2, 2, 0, 1, 1, 0, 2, 0, 1, 2, 2, 1, 0, 0, 3, 1, 4, 1, 2, 2, 3, 1, 1, 1, 3, 0, 4, 3, 1, 1, 1, 1, 0, 4, 4, 4, 1, 3, 1, 1, 1, 1, 0, 1, 1, 0, 3, 1, 2, 2, 2, 1, 4, 1, 1, 2, 4, 1, 2]|[0, 2, 1, 1, 3, 0, 1, 0, 0, 0, 0, 0, 1, 0, 1, 0, 0, 0, 1, 0, 0, 0, 3, 1, 0, 2, 0, 0, 0, 1, 0, 0, 0, 0, 3, 0, 1, 3, 0, 2, 1, 1, 1, 0, 0, 0, 0, 0, 1, 0, 0, 0, 1, 3, 0, 0, 0, 2, 0, 1, 0, 2, 0, 1, 0, 2, 1, 0, 0, 1, 0, 3, 1, 1, 3, 3, 1, 0, 0, 2, 0, 0, 0, 0, 1, 0, 0, 2, 0, 1, 0, 0, 0, 0, 0, 1, 0, 2, 0, 0],786.1430875023194,57044.44410972526,108603.1045361672,false
4,G2_TEC,G2_TEC,[31, 22, 82, 15, 26, 9, 90, 42, 77, 4, 79, 5, 93, 78, 86, 54, 85, 63, 18, 44, 20, 49, 36, 14, 48, 50, 53, 17, 21, 45, 71, 64, 3, 23, 30, 83, 24, 41, 60, 52, 65, 27, 95, 70, 39, 87, 74, 69, 99, 68, 46, 1, 38, 58, 97, 59, 28, 8, 73, 37, 35, 47, 11, 66, 76, 57, 72, 16, 92, 6, 80, 61, 33, 98, 32, 34, 51, 67, 10, 7, 56, 43, 62, 19, 91, 13, 29, 96, 0, 81, 2, 40, 88, 55, 75, 25, 12, 94, 89, 84]|[2, 1, 2, 1, 1, 2, 2, 0, 1, 1, 1, 0, 2, 2, 1, 2, 0, 0, 0, 2, 2, 1, 0, 2, 2, 2, 2, 1, 0, 1, 1, 1, 0, 0, 2, 0, 2, 1, 2, 2, 0, 1, 1, 1, 0, 2, 0, 2, 1, 0, 0, 2, 2, 0, 2, 0, 2, 1, 0, 0, 2, 1, 0, 2, 2, 0, 1, 1, 0, 0, 0, 1, 1, 0, 0, 1, 0, 0, 1, 2, 2, 1, 0, 2, 1, 0, 1, 0, 0, 1, 2, 2, 1, 1, 2, 1, 1, 1, 1, 0]|[0, 3, 0, 2, 4, 1, 1, 0, 2, 4, 2, 2, 1, 0, 2, 1, 1, 1, 2, 1, 2, 3, 0, 1, 0, 1, 1, 4, 1, 0, 3, 2, 2, 0, 1, 1, 1, 4, 0, 1, 2, 2, 4, 4, 1, 1, 0, 2, 3, 1, 2, 1, 2, 1, 1, 2, 0, 3, 0, 2, 2, 3, 1, 0, 1, 2, 4, 0, 0, 1, 1, 3, 4, 1, 2, 4, 0, 1, 3, 1, 0, 4, 2, 0, 3, 2, 3, 2, 2, 1, 1, 0, 4, 3, 2, 4, 3, 4, 4, 2]|[0, 2, 0, 1, 3, 0, 0, 0, 0, 0, 2, 0, 1, 0, 1, 0, 0, 0, 1, 0, 0, 2, 0, 0, 0, 0, 0, 3, 0, 1, 0, 2, 0, 0, 0, 0, 1, 3, 1, 0, 0, 1, 1, 3, 0, 0, 1, 0, 2, 0, 0, 0, 0, 0, 1, 0, 0, 0, 1, 1, 0, 2, 0, 0, 0, 1, 2, 1, 1, 0, 0, 0, 1, 0, 0, 2, 0, 0, 3, 0, 0, 2, 1, 0, 0, 0, 0, 0, 0, 1, 0, 0, 1, 0, 1, 3, 0, 2, 1, 1],958.1577796465699,54776.11066986155,126991.14939741348,false
4,G3_TWC,G4_BALANCED,[31, 22, 82, 15, 26, 9, 95, 42, 77, 12, 47, 5, 93, 78, 86, 54, 85, 63, 18, 44, 20, 35, 43, 97, 91, 76, 10, 30, 21, 45, 61, 64, 1, 23, 17, 83, 24, 41, 60, 36, 6, 57, 40, 88, 65, 56, 79, 69, 67, 68, 46, 75, 38, 58, 19, 32, 81, 48, 27, 62, 87, 90, 99, 59, 11, 16, 72, 73, 70, 89, 37, 84, 3, 92, 25, 55, 28, 51, 29, 7, 96, 74, 98, 33, 39, 50, 66, 8, 80, 53, 14, 2, 34, 4, 52, 49, 0, 94, 71, 13]|[1, 1, 0, 1, 1, 0, 1, 2, 2, 1, 2, 2, 2, 1, 1, 0, 0, 0, 0, 2, 2, 0, 1, 2, 0, 1, 2, 2, 0, 0, 1, 2, 1, 2, 1, 0, 2, 1, 1, 1, 0, 1, 1, 1, 0, 2, 1, 2, 0, 0, 0, 0, 1, 1, 2, 1, 2, 1, 0, 0, 2, 1, 0, 1, 2, 1, 2, 1, 1, 1, 0, 1, 1, 0, 1, 1, 1, 0, 1, 1, 0, 2, 0, 0, 1, 0, 2, 1, 0, 0, 0, 0, 2, 1, 2, 0, 0, 1, 1, 0]|[4, 3, 2, 2, 4, 1, 2, 2, 1, 4, 0, 1, 2, 4, 4, 1, 2, 1, 2, 1, 1, 1, 1, 2, 1, 2, 1, 1, 1, 1, 3, 2, 3, 0, 4, 0, 1, 4, 0, 3, 2, 2, 2, 0, 1, 1, 0, 2, 0, 1, 2, 2, 1, 0, 0, 3, 2, 4, 1, 2, 2, 3, 1, 1, 1, 3, 0, 4, 3, 1, 1, 1, 1, 0, 4, 4, 4, 1, 3, 1, 1, 1, 1, 2, 1, 1, 0, 3, 1, 2, 2, 2, 1, 4, 1, 1, 2, 4, 3, 2]|[0, 2, 1, 1, 3, 0, 1, 0, 0, 0, 0, 0, 1, 0, 1, 0, 0, 0, 1, 0, 0, 0, 3, 1, 0, 2, 0, 0, 0, 1, 0, 0, 0, 0, 3, 0, 1, 3, 0, 2, 1, 1, 1, 0, 0, 0, 0, 0, 1, 0, 0, 0, 1, 3, 0, 0, 1, 2, 0, 1, 0, 2, 0, 1, 0, 2, 1, 0, 0, 1, 0, 3, 1, 1, 3, 3, 1, 0, 0, 2, 0, 0, 0, 1, 1, 0, 0, 2, 0, 1, 0, 0, 0, 0, 0, 1, 0, 2, 0, 0],798.2574073403379,57504.80506544505,106056.59480992847,true
4,G1_CMAX,G4_BALANCED,[31, 22, 82, 15, 73, 9, 95, 42, 77, 12, 47, 98, 93, 78, 86, 54, 85, 63, 18, 44, 20, 35, 43, 97, 37, 76, 10, 30, 21, 45, 71, 64, 1, 23, 17, 83, 24, 41, 60, 36, 6, 57, 40, 88, 65, 56, 79, 69, 67, 68, 46, 75, 38, 58, 19, 32, 81, 48, 27, 39, 87, 90, 99, 59, 11, 16, 72, 26, 70, 89, 96, 84, 3, 92, 25, 55, 28, 51, 29, 7, 91, 74, 5, 33, 62, 50, 66, 8, 80, 53, 14, 2, 34, 4, 52, 49, 0, 94, 61, 13]|[1, 1, 0, 1, 1, 0, 1, 2, 2, 1, 2, 2, 2, 1, 1, 0, 0, 0, 0, 2, 2, 0, 1, 2, 0, 1, 2, 2, 0, 0, 1, 2, 1, 2, 1, 0, 2, 1, 1, 1, 0, 1, 1, 1, 0, 2, 1, 2, 0, 0, 0, 0, 1, 1, 2, 1, 2, 1, 0, 1, 2, 1, 0, 1, 2, 1, 2, 1, 1, 1, 1, 1, 1, 0, 1, 1, 1, 0, 0, 1, 0, 2, 2, 0, 0, 0, 2, 1, 0, 0, 0, 0, 2, 1, 2, 0, 0, 1, 1, 0]|[4, 3, 2, 2, 4, 1, 2, 2, 1, 4, 0, 1, 2, 4, 4, 1, 2, 1, 2, 1, 1, 1, 1, 2, 1, 2, 1, 1, 1, 1, 3, 2, 3, 0, 4, 0, 1, 4, 0, 3, 2, 2, 2, 0, 1, 1, 0, 2, 0, 1, 2, 2, 1, 4, 0, 3, 1, 4, 1, 1, 2, 3, 1, 1, 1, 3, 0, 4, 3, 1, 3, 1, 1, 0, 4, 4, 4, 1, 1, 1, 1, 0, 1, 2, 2, 1, 0, 3, 1, 2, 1, 2, 1, 4, 1, 1, 2, 4, 1, 2]|[0, 2, 1, 1, 3, 0, 1, 0, 0, 0, 0, 0, 1, 0, 1, 0, 0, 0, 1, 0, 0, 0, 3, 1, 0, 2, 0, 0, 0, 1, 0, 0, 0, 0, 3, 0, 1, 3, 0, 2, 1, 1, 1, 0, 0, 0, 0, 0, 1, 0, 0, 0, 1, 3, 0, 0, 0, 2, 0, 1, 0, 2, 0, 1, 0, 2, 1, 0, 0, 1, 2, 3, 1, 1, 3, 3, 1, 0, 0, 2, 0, 0, 0, 1, 1, 0, 0, 2, 0, 1, 0, 0, 0, 0, 0, 1, 0, 2, 3, 0],801.3187996866799,56926.15632660228,107760.52172589168,true
4,G4_BALANCED,G4_BALANCED,[31, 22, 82, 15, 26, 9, 95, 42, 77, 12, 47, 5, 93, 78, 86, 54, 85, 63, 18, 44, 20, 35, 43, 97, 91, 76, 10, 30, 21, 45, 61, 64, 1, 23, 17, 83, 24, 41, 60, 36, 6, 57, 40, 88, 65, 56, 79, 69, 67, 68, 46, 75, 38, 58, 19, 32, 81, 48, 27, 62, 87, 90, 99, 59, 11, 16, 72, 73, 70, 89, 37, 84, 3, 92, 25, 55, 28, 51, 29, 7, 96, 74, 33, 98, 39, 50, 66, 8, 80, 53, 14, 2, 34, 4, 52, 49, 0, 94, 71, 13]|[1, 1, 0, 1, 1, 0, 1, 2, 2, 1, 2, 2, 2, 1, 1, 0, 0, 0, 0, 2, 2, 0, 1, 2, 0, 1, 2, 2, 0, 0, 1, 2, 1, 2, 1, 0, 2, 1, 1, 1, 0, 1, 1, 1, 0, 2, 1, 2, 0, 0, 0, 0, 1, 1, 2, 1, 2, 1, 0, 0, 2, 1, 0, 1, 2, 1, 2, 1, 1, 1, 0, 1, 1, 0, 1, 1, 1, 0, 1, 1, 0, 2, 0, 2, 1, 0, 2, 1, 0, 0, 0, 0, 2, 1, 2, 0, 0, 1, 2, 0]|[4, 3, 2, 2, 4, 1, 2, 2, 1, 4, 0, 1, 2, 4, 4, 1, 2, 1, 2, 1, 1, 1, 1, 2, 1, 2, 1, 1, 1, 1, 3, 2, 3, 0, 4, 0, 1, 4, 0, 3, 2, 2, 2, 0, 1, 1, 0, 2, 0, 1, 2, 2, 1, 0, 0, 3, 1, 4, 1, 2, 2, 3, 1, 1, 1, 3, 0, 4, 3, 1, 1, 1, 1, 0, 4, 4, 4, 1, 3, 1, 1, 1, 1, 0, 1, 1, 0, 3, 1, 2, 2, 2, 1, 4, 1, 1, 2, 4, 1, 2]|[0, 2, 1, 1, 3, 0, 1, 0, 0, 0, 0, 0, 1, 0, 1, 0, 0, 0, 1, 0, 0, 0, 3, 1, 0, 2, 0, 0, 0, 1, 0, 0, 0, 0, 3, 0, 1, 3, 0, 2, 1, 1, 1, 0, 0, 0, 0, 0, 1, 0, 0, 0, 1, 3, 0, 0, 0, 2, 0, 1, 0, 2, 0, 1, 0, 2, 1, 0, 0, 1, 0, 3, 1, 1, 3, 3, 1, 0, 0, 2, 0, 0, 0, 0, 1, 0, 0, 2, 0, 1, 0, 0, 0, 0, 0, 1, 0, 2, 0, 0],786.1430875023194,57044.44410972526,108603.1045361672,false
4,G2_TEC,G2_TEC,[31, 22, 82, 15, 26, 9, 90, 42, 77, 4, 79, 5, 93, 78, 86, 54, 85, 63, 18, 44, 20, 49, 36, 14, 48, 50, 53, 17, 21, 45, 71, 64, 3, 23, 30, 83, 24, 41, 60, 52, 65, 27, 95, 70, 39, 87, 74, 69, 99, 68, 46, 1, 38, 58, 97, 59, 28, 8, 73, 37, 35, 47, 11, 66, 76, 57, 72, 16, 92, 6, 80, 61, 33, 98, 32, 34, 51, 67, 10, 7, 56, 43, 62, 19, 91, 13, 29, 96, 0, 81, 2, 40, 88, 55, 75, 25, 12, 94, 89, 84]|[2, 1, 2, 1, 1, 2, 2, 0, 1, 1, 1, 0, 2, 2, 1, 2, 0, 0, 0, 2, 2, 1, 0, 2, 2, 2, 2, 1, 0, 1, 1, 1, 0, 0, 2, 0, 2, 1, 2, 2, 0, 1, 1, 1, 0, 2, 0, 2, 1, 0, 0, 2, 2, 0, 2, 0, 2, 1, 0, 0, 2, 1, 0, 2, 2, 0, 1, 1, 0, 0, 0, 1, 1, 0, 0, 1, 0, 0, 1, 2, 2, 1, 0, 2, 1, 0, 1, 0, 0, 1, 2, 2, 1, 1, 2, 1, 1, 1, 1, 0]|[0, 3, 0, 2, 4, 1, 1, 0, 2, 4, 2, 2, 1, 0, 2, 1, 1, 1, 2, 1, 2, 3, 0, 1, 0, 1, 1, 4, 1, 0, 3, 2, 2, 0, 1, 1, 1, 4, 0, 1, 2, 2, 4, 4, 1, 1, 0, 2, 3, 1, 2, 1, 2, 1, 1, 2, 0, 3, 0, 2, 2, 3, 1, 0, 1, 2, 4, 0, 0, 1, 1, 3, 4, 1, 2, 4, 0, 1, 3, 1, 0, 4, 2, 0, 3, 2, 3, 2, 2, 1, 1, 0, 4, 3, 2, 4, 3, 4, 4, 2]|[0, 2, 0, 1, 3, 0, 0, 0, 0, 0, 2, 0, 1, 0, 1, 0, 0, 0, 1, 0, 0, 2, 0, 0, 0, 0, 0, 3, 0, 1, 0, 2, 0, 0, 0, 0, 1, 3, 1, 0, 0, 1, 1, 3, 0, 0, 1, 0, 2, 0, 0, 0, 0, 0, 1, 0, 0, 0, 1, 1, 0, 2, 0, 0, 0, 1, 2, 1, 1, 0, 0, 0, 1, 0, 0, 2, 0, 0, 3, 0, 0, 2, 1, 0, 0, 0, 0, 0, 0, 1, 0, 0, 1, 0, 1, 3, 0, 2, 1, 1],958.1577796465699,54776.11066986155,126991.14939741348,false
4,G3_TWC,G4_BALANCED,[31, 22, 82, 15, 26, 9, 95, 42, 77, 12, 47, 5, 93, 78, 86, 54, 85, 63, 18, 44, 20, 35, 43, 97, 91, 76, 10, 30, 21, 45, 61, 64, 1, 23, 17, 83, 24, 41, 60, 36, 6, 57, 40, 88, 65, 56, 79, 69, 67, 68, 46, 75, 38, 58, 19, 32, 81, 48, 27, 62, 87, 90, 99, 59, 11, 16, 72, 73, 70, 89, 37, 84, 3, 92, 25, 55, 28, 51, 29, 7, 96, 74, 98, 33, 39, 50, 66, 8, 80, 53, 14, 2, 34, 4, 52, 49, 0, 94, 71, 13]|[1, 1, 0, 1, 1, 0, 1, 2, 2, 1, 2, 2, 2, 1, 1, 0, 0, 0, 0, 2, 2, 0, 1, 2, 0, 1, 2, 2, 0, 0, 1, 2, 1, 2, 1, 0, 2, 1, 1, 1, 0, 1, 1, 1, 0, 2, 1, 2, 0, 0, 0, 0, 1, 1, 2, 1, 2, 1, 0, 0, 2, 1, 0, 1, 2, 1, 2, 1, 1, 1, 0, 1, 1, 0, 1, 1, 1, 0, 1, 1, 0, 2, 0, 0, 1, 0, 2, 1, 0, 0, 0, 0, 2, 1, 2, 0, 0, 1, 1, 0]|[4, 3, 2, 2, 4, 1, 2, 2, 1, 4, 0, 1, 2, 4, 4, 1, 2, 1, 2, 1, 1, 1, 1, 2, 1, 2, 1, 1, 1, 1, 3, 2, 3, 0, 4, 0, 1, 4, 0, 3, 2, 2, 2, 0, 1, 1, 0, 2, 0, 1, 2, 2, 1, 0, 0, 3, 2, 4, 1, 2, 2, 3, 1, 1, 1, 3, 0, 4, 3, 1, 1, 1, 1, 0, 4, 4, 4, 1, 3, 1, 1, 1, 1, 2, 1, 1, 0, 3, 1, 2, 2, 2, 1, 4, 1, 1, 2, 4, 3, 2]|[0, 2, 1, 1, 3, 0, 1, 0, 0, 0, 0, 0, 1, 0, 1, 0, 0, 0, 1, 0, 0, 0, 3, 1, 0, 2, 0, 0, 0, 1, 0, 0, 0, 0, 3, 0, 1, 3, 0, 2, 1, 1, 1, 0, 0, 0, 0, 0, 1, 0, 0, 0, 1, 3, 0, 0, 1, 2, 0, 1, 0, 2, 0, 1, 0, 2, 1, 0, 0, 1, 0, 3, 1, 1, 3, 3, 1, 0, 0, 2, 0, 0, 0, 1, 1, 0, 0, 2, 0, 1, 0, 0, 0, 0, 0, 1, 0, 2, 0, 0],798.2574073403379,57504.80506544505,106056.59480992847,true
4,G1_CMAX,G4_BALANCED,[31, 22, 82, 15, 73, 9, 95, 42, 77, 12, 47, 98, 93, 78, 86, 54, 85, 63, 18, 44, 20, 35, 43, 97, 37, 76, 10, 30, 21, 45, 71, 64, 1, 23, 17, 83, 24, 41, 60, 36, 6, 57, 40, 88, 65, 56, 79, 69, 67, 68, 46, 75, 38, 58, 19, 32, 81, 48, 27, 39, 87, 90, 99, 59, 11, 16, 72, 26, 70, 89, 96, 84, 3, 92, 25, 55, 28, 51, 29, 7, 91, 74, 5, 33, 62, 50, 66, 8, 80, 53, 14, 2, 34, 4, 52, 49, 0, 94, 61, 13]|[1, 1, 0, 1, 1, 0, 1, 2, 2, 1, 2, 2, 2, 1, 1, 0, 0, 0, 0, 2, 2, 0, 1, 2, 0, 1, 2, 2, 0, 0, 1, 2, 1, 2, 1, 0, 2, 1, 1, 1, 0, 1, 1, 1, 0, 2, 1, 2, 0, 0, 0, 0, 1, 1, 2, 1, 2, 1, 0, 1, 2, 1, 0, 1, 2, 1, 2, 1, 1, 1, 1, 1, 1, 0, 1, 1, 1, 0, 0, 1, 0, 2, 2, 0, 0, 0, 2, 1, 0, 0, 0, 0, 2, 1, 2, 0, 0, 1, 1, 0]|[4, 3, 2, 2, 4, 1, 2, 2, 1, 4, 0, 1, 2, 4, 4, 1, 2, 1, 2, 1, 1, 1, 1, 2, 1, 2, 1, 1, 1, 1, 3, 2, 3, 0, 4, 0, 1, 4, 0, 3, 2, 2, 2, 0, 1, 1, 0, 2, 0, 1, 2, 2, 1, 4, 0, 3, 1, 4, 1, 1, 2, 3, 1, 1, 1, 3, 0, 4, 3, 1, 3, 1, 1, 0, 4, 4, 4, 1, 1, 1, 1, 0, 1, 2, 2, 1, 0, 3, 1, 2, 1, 2, 1, 4, 1, 1, 2, 4, 1, 2]|[0, 2, 1, 1, 3, 0, 1, 0, 0, 0, 0, 0, 1, 0, 1, 0, 0, 0, 1, 0, 0, 0, 3, 1, 0, 2, 0, 0, 0, 1, 0, 0, 0, 0, 3, 0, 1, 3, 0, 2, 1, 1, 1, 0, 0, 0, 0, 0, 1, 0, 0, 0, 1, 3, 0, 0, 0, 2, 0, 1, 0, 2, 0, 1, 0, 2, 1, 0, 0, 1, 2, 3, 1, 1, 3, 3, 1, 0, 0, 2, 0, 0, 0, 1, 1, 0, 0, 2, 0, 1, 0, 0, 0, 0, 0, 1, 0, 2, 3, 0],801.3187996866799,56926.15632660228,107760.52172589168,true
4,G4_BALANCED,G4_BALANCED,[31, 22, 82, 15, 26, 9, 95, 42, 77, 12, 47, 5, 93, 78, 86, 54, 85, 63, 18, 44, 20, 35, 43, 97, 91, 76, 10, 30, 21, 45, 61, 64, 1, 23, 17, 83, 24, 41, 60, 36, 6, 57, 40, 88, 65, 56, 79, 69, 67, 68, 46, 75, 38, 58, 19, 32, 81, 48, 27, 62, 87, 90, 99, 59, 11, 16, 72, 73, 70, 89, 37, 84, 3, 92, 25, 55, 28, 51, 29, 7, 96, 74, 33, 98, 39, 50, 66, 8, 80, 53, 14, 2, 34, 4, 52, 49, 0, 94, 71, 13]|[1, 1, 0, 1, 1, 0, 1, 2, 2, 1, 2, 2, 2, 1, 1, 0, 0, 0, 0, 2, 2, 0, 1, 2, 0, 1, 2, 2, 0, 0, 1, 2, 1, 2, 1, 0, 2, 1, 1, 1, 0, 1, 1, 1, 0, 2, 1, 2, 0, 0, 0, 0, 1, 1, 2, 1, 2, 1, 0, 0, 2, 1, 0, 1, 2, 1, 2, 1, 1, 1, 0, 1, 1, 0, 1, 1, 1, 0, 1, 1, 0, 2, 0, 2, 1, 0, 2, 1, 0, 0, 0, 0, 2, 1, 2, 0, 0, 1, 2, 0]|[4, 3, 2, 2, 4, 1, 2, 2, 1, 4, 0, 1, 2, 4, 4, 1, 2, 1, 2, 1, 1, 1, 1, 2, 1, 2, 1, 1, 1, 1, 3, 2, 3, 0, 4, 0, 1, 4, 0, 3, 2, 2, 2, 0, 1, 1, 0, 2, 0, 1, 2, 2, 1, 0, 0, 3, 1, 4, 1, 2, 2, 3, 1, 1, 1, 3, 0, 4, 3, 1, 1, 1, 1, 0, 4, 4, 4, 1, 3, 1, 1, 1, 1, 0, 1, 1, 0, 3, 1, 2, 2, 2, 1, 4, 1, 1, 2, 4, 1, 2]|[0, 2, 1, 1, 3, 0, 1, 0, 0, 0, 0, 0, 1, 0, 1, 0, 0, 0, 1, 0, 0, 0, 3, 1, 0, 2, 0, 0, 0, 1, 0, 0, 0, 0, 3, 0, 1, 3, 0, 2, 1, 1, 1, 0, 0, 0, 0, 0, 1, 0, 0, 0, 1, 3, 0, 0, 0, 2, 0, 1, 0, 2, 0, 1, 0, 2, 1, 0, 0, 1, 0, 3, 1, 1, 3, 3, 1, 0, 0, 2, 0, 0, 0, 0, 1, 0, 0, 2, 0, 1, 0, 0, 0, 0, 0, 1, 0, 2, 0, 0],786.1430875023194,57044.44410972526,108603.1045361672,false
4,G2_TEC,G2_TEC,[31, 22, 82, 15, 26, 9, 90, 42, 77, 4, 79, 5, 93, 78, 86, 54, 85, 63, 18, 44, 20, 49, 36, 14, 48, 50, 53, 17, 21, 45, 71, 64, 3, 23, 30, 83, 24, 41, 60, 52, 65, 27, 95, 70, 39, 87, 74, 69, 99, 68, 46, 1, 38, 58, 97, 59, 28, 8, 73, 37, 35, 47, 11, 66, 76, 57, 72, 16, 92, 6, 80, 61, 33, 98, 32, 34, 51, 67, 10, 7, 56, 43, 62, 19, 91, 13, 29, 96, 0, 81, 2, 40, 88, 55, 75, 25, 12, 94, 89, 84]|[2, 1, 2, 1, 1, 2, 2, 0, 1, 1, 1, 0, 2, 2, 1, 2, 0, 0, 0, 2, 2, 1, 0, 2, 2, 2, 2, 1, 0, 1, 1, 1, 0, 0, 2, 0, 2, 1, 2, 2, 0, 1, 1, 1, 0, 2, 0, 2, 1, 0, 0, 2, 2, 0, 2, 0, 2, 1, 0, 0, 2, 1, 0, 2, 2, 0, 1, 1, 0, 0, 0, 1, 1, 0, 0, 1, 0, 0, 1, 2, 2, 1, 0, 2, 1, 0, 1, 0, 0, 1, 2, 2, 1, 1, 2, 1, 1, 1, 1, 0]|[0, 3, 0, 2, 4, 1, 1, 0, 2, 4, 2, 2, 1, 0, 2, 1, 1, 1, 2, 1, 2, 3, 0, 1, 0, 1, 1, 4, 1, 0, 3, 2, 2, 0, 1, 1, 1, 4, 0, 1, 2, 2, 4, 4, 1, 1, 0, 2, 3, 1, 2, 1, 2, 1, 1, 2, 0, 3, 0, 2, 2, 3, 1, 0, 1, 2, 4, 0, 0, 1, 1, 3, 4, 1, 2, 4, 0, 1, 3, 1, 0, 4, 2, 0, 3, 2, 3, 2, 2, 1, 1, 0, 4, 3, 2, 4, 3, 4, 4, 2]|[0, 2, 0, 1, 3, 0, 0, 0, 0, 0, 2, 0, 1, 0, 1, 0, 0, 0, 1, 0, 0, 2, 0, 0, 0, 0, 0, 3, 0, 1, 0, 2, 0, 0, 0, 0, 1, 3, 1, 0, 0, 1, 1, 3, 0, 0, 1, 0, 2, 0, 0, 0, 0, 0, 1, 0, 0, 0, 1, 1, 0, 2, 0, 0, 0, 1, 2, 1, 1, 0, 0, 0, 1, 0, 0, 2, 0, 0, 3, 0, 0, 2, 1, 0, 0, 0, 0, 0, 0, 1, 0, 0, 1, 0, 1, 3, 0, 2, 1, 1],958.1577796465699,54776.11066986155,126991.14939741348,false
4,G3_TWC,G4_BALANCED,[31, 22, 82, 15, 26, 9, 95, 42, 77, 12, 47, 5, 93, 78, 86, 54, 85, 63, 18, 44, 20, 35, 43, 97, 91, 76, 10, 30, 21, 45, 61, 64, 1, 23, 17, 83, 24, 41, 60, 36, 6, 57, 40, 88, 65, 56, 79, 69, 67, 68, 46, 75, 38, 58, 19, 32, 81, 48, 27, 62, 87, 90, 99, 59, 11, 16, 72, 73, 70, 89, 37, 84, 3, 92, 25, 55, 28, 51, 29, 7, 96, 74, 98, 33, 39, 50, 66, 8, 80, 53, 14, 2, 34, 4, 52, 49, 0, 94, 71, 13]|[1, 1, 0, 1, 1, 0, 1, 2, 2, 1, 2, 2, 2, 1, 1, 0, 0, 0, 0, 2, 2, 0, 1, 2, 0, 1, 2, 2, 0, 0, 1, 2, 1, 2, 1, 0, 2, 1, 1, 1, 0, 1, 1, 1, 0, 2, 1, 2, 0, 0, 0, 0, 1, 1, 2, 1, 2, 1, 0, 0, 2, 1, 0, 1, 2, 1, 2, 1, 1, 1, 0, 1, 1, 0, 1, 1, 1, 0, 1, 1, 0, 2, 0, 0, 1, 0, 2, 1, 0, 0, 0, 0, 2, 1, 2, 0, 0, 1, 1, 0]|[4, 3, 2, 2, 4, 1, 2, 2, 1, 4, 0, 1, 2, 4, 4, 1, 2, 1, 2, 1, 1, 1, 1, 2, 1, 2, 1, 1, 1, 1, 3, 2, 3, 0, 4, 0, 1, 4, 0, 3, 2, 2, 2, 0, 1, 1, 0, 2, 0, 1, 2, 2, 1, 0, 0, 3, 2, 4, 1, 2, 2, 3, 1, 1, 1, 3, 0, 4, 3, 1, 1, 1, 1, 0, 4, 4, 4, 1, 3, 1, 1, 1, 1, 2, 1, 1, 0, 3, 1, 2, 2, 2, 1, 4, 1, 1, 2, 4, 3, 2]|[0, 2, 1, 1, 3, 0, 1, 0, 0, 0, 0, 0, 1, 0, 1, 0, 0, 0, 1, 0, 0, 0, 3, 1, 0, 2, 0, 0, 0, 1, 0, 0, 0, 0, 3, 0, 1, 3, 0, 2, 1, 1, 1, 0, 0, 0, 0, 0, 1, 0, 0, 0, 1, 3, 0, 0, 1, 2, 0, 1, 0, 2, 0, 1, 0, 2, 1, 0, 0, 1, 0, 3, 1, 1, 3, 3, 1, 0, 0, 2, 0, 0, 0, 1, 1, 0, 0, 2, 0, 1, 0, 0, 0, 0, 0, 1, 0, 2, 0, 0],798.2574073403379,57504.80506544505,106056.59480992847,true
4,G1_CMAX,G4_BALANCED,[31, 22, 82, 15, 73, 9, 95, 42, 77, 12, 47, 98, 93, 78, 86, 54, 85, 63, 18, 44, 20, 35, 43, 97, 37, 76, 10, 30, 21, 45, 71, 64, 1, 23, 17, 83, 24, 41, 60, 36, 6, 57, 40, 88, 65, 56, 79, 69, 67, 68, 46, 75, 38, 58, 19, 32, 81, 48, 27, 39, 87, 90, 99, 59, 11, 16, 72, 26, 70, 89, 96, 84, 3, 92, 25, 55, 28, 51, 29, 7, 91, 74, 5, 33, 62, 50, 66, 8, 80, 53, 14, 2, 34, 4, 52, 49, 0, 94, 61, 13]|[1, 1, 0, 1, 1, 0, 1, 2, 2, 1, 2, 2, 2, 1, 1, 0, 0, 0, 0, 2, 2, 0, 1, 2, 0, 1, 2, 2, 0, 0, 1, 2, 1, 2, 1, 0, 2, 1, 1, 1, 0, 1, 1, 1, 0, 2, 1, 2, 0, 0, 0, 0, 1, 1, 2, 1, 2, 1, 0, 1, 2, 1, 0, 1, 2, 1, 2, 1, 1, 1, 1, 1, 1, 0, 1, 1, 1, 0, 0, 1, 0, 2, 2, 0, 0, 0, 2, 1, 0, 0, 0, 0, 2, 1, 2, 0, 0, 1, 1, 0]|[4, 3, 2, 2, 4, 1, 2, 2, 1, 4, 0, 1, 2, 4, 4, 1, 2, 1, 2, 1, 1, 1, 1, 2, 1, 2, 1, 1, 1, 1, 3, 2, 3, 0, 4, 0, 1, 4, 0, 3, 2, 2, 2, 0, 1, 1, 0, 2, 0, 1, 2, 2, 1, 4, 0, 3, 1, 4, 1, 1, 2, 3, 1, 1, 1, 3, 0, 4, 3, 1, 3, 1, 1, 0, 4, 4, 4, 1, 1, 1, 1, 0, 1, 2, 2, 1, 0, 3, 1, 2, 1, 2, 1, 4, 1, 1, 2, 4, 1, 2]|[0, 2, 1, 1, 3, 0, 1, 0, 0, 0, 0, 0, 1, 0, 1, 0, 0, 0, 1, 0, 0, 0, 3, 1, 0, 2, 0, 0, 0, 1, 0, 0, 0, 0, 3, 0, 1, 3, 0, 2, 1, 1, 1, 0, 0, 0, 0, 0, 1, 0, 0, 0, 1, 3, 0, 0, 0, 2, 0, 1, 0, 2, 0, 1, 0, 2, 1, 0, 0, 1, 2, 3, 1, 1, 3, 3, 1, 0, 0, 2, 0, 0, 0, 1, 1, 0, 0, 2, 0, 1, 0, 0, 0, 0, 0, 1, 0, 2, 3, 0],801.3187996866799,56926.15632660228,107760.52172589168,true
4,G4_BALANCED,G4_BALANCED,[31, 22, 82, 15, 26, 9, 95, 42, 77, 12, 47, 5, 93, 78, 86, 54, 85, 63, 18, 44, 20, 35, 43, 97, 91, 76, 10, 30, 21, 45, 61, 64, 1, 23, 17, 83, 24, 41, 60, 36, 6, 57, 40, 88, 65, 56, 79, 69, 67, 68, 46, 75, 38, 58, 19, 32, 81, 48, 27, 62, 87, 90, 99, 59, 11, 16, 72, 73, 70, 89, 37, 84, 3, 92, 25, 55, 28, 51, 29, 7, 96, 74, 33, 98, 39, 50, 66, 8, 80, 53, 14, 2, 34, 4, 52, 49, 0, 94, 71, 13]|[1, 1, 0, 1, 1, 0, 1, 2, 2, 1, 2, 2, 2, 1, 1, 0, 0, 0, 0, 2, 2, 0, 1, 2, 0, 1, 2, 2, 0, 0, 1, 2, 1, 2, 1, 0, 2, 1, 1, 1, 0, 1, 1, 1, 0, 2, 1, 2, 0, 0, 0, 0, 1, 1, 2, 1, 2, 1, 0, 0, 2, 1, 0, 1, 2, 1, 2, 1, 1, 1, 0, 1, 1, 0, 1, 1, 1, 0, 1, 1, 0, 2, 0, 2, 1, 0, 2, 1, 0, 0, 0, 0, 2, 1, 2, 0, 0, 1, 2, 0]|[4, 3, 2, 2, 4, 1, 2, 2, 1, 4, 0, 1, 2, 4, 4, 1, 2, 1, 2, 1, 1, 1, 1, 2, 1, 2, 1, 1, 1, 1, 3, 2, 3, 0, 4, 0, 1, 4, 0, 3, 2, 2, 2, 0, 1, 1, 0, 2, 0, 1, 2, 2, 1, 0, 0, 3, 1, 4, 1, 2, 2, 3, 1, 1, 1, 3, 0, 4, 3, 1, 1, 1, 1, 0, 4, 4, 4, 1, 3, 1, 1, 1, 1, 0, 1, 1, 0, 3, 1, 2, 2, 2, 1, 4, 1, 1, 2, 4, 1, 2]|[0, 2, 1, 1, 3, 0, 1, 0, 0, 0, 0, 0, 1, 0, 1, 0, 0, 0, 1, 0, 0, 0, 3, 1, 0, 2, 0, 0, 0, 1, 0, 0, 0, 0, 3, 0, 1, 3, 0, 2, 1, 1, 1, 0, 0, 0, 0, 0, 1, 0, 0, 0, 1, 3, 0, 0, 0, 2, 0, 1, 0, 2, 0, 1, 0, 2, 1, 0, 0, 1, 0, 3, 1, 1, 3, 3, 1, 0, 0, 2, 0, 0, 0, 0, 1, 0, 0, 2, 0, 1, 0, 0, 0, 0, 0, 1, 0, 2, 0, 0],786.1430875023194,57044.44410972526,108603.1045361672,false
4,G2_TEC,G2_TEC,[31, 22, 82, 15, 26, 9, 90, 42, 77, 4, 79, 5, 93, 78, 86, 54, 85, 63, 18, 44, 20, 49, 36, 14, 48, 50, 53, 17, 21, 45, 71, 64, 3, 23, 30, 83, 24, 41, 60, 52, 65, 27, 95, 70, 39, 87, 74, 69, 99, 68, 46, 1, 38, 58, 97, 59, 28, 8, 73, 37, 35, 47, 11, 66, 76, 57, 72, 16, 92, 6, 80, 61, 33, 98, 32, 34, 51, 67, 10, 7, 56, 43, 62, 19, 91, 13, 29, 96, 0, 81, 2, 40, 88, 55, 75, 25, 12, 94, 89, 84]|[2, 1, 2, 1, 1, 2, 2, 0, 1, 1, 1, 0, 2, 2, 1, 2, 0, 0, 0, 2, 2, 1, 0, 2, 2, 2, 2, 1, 0, 1, 1, 1, 0, 0, 2, 0, 2, 1, 2, 2, 0, 1, 1, 1, 0, 2, 0, 2, 1, 0, 0, 2, 2, 0, 2, 0, 2, 1, 0, 0, 2, 1, 0, 2, 2, 0, 1, 1, 0, 0, 0, 1, 1, 0, 0, 1, 0, 0, 1, 2, 2, 1, 0, 2, 1, 0, 1, 0, 0, 1, 2, 2, 1, 1, 2, 1, 1, 1, 1, 0]|[0, 3, 0, 2, 4, 1, 1, 0, 2, 4, 2, 2, 1, 0, 2, 1, 1, 1, 2, 1, 2, 3, 0, 1, 0, 1, 1, 4, 1, 0, 3, 2, 2, 0, 1, 1, 1, 4, 0, 1, 2, 2, 4, 4, 1, 1, 0, 2, 3, 1, 2, 1, 2, 1, 1, 2, 0, 3, 0, 2, 2, 3, 1, 0, 1, 2, 4, 0, 0, 1, 1, 3, 4, 1, 2, 4, 0, 1, 3, 1, 0, 4, 2, 0, 3, 2, 3, 2, 2, 1, 1, 0, 4, 3, 2, 4, 3, 4, 4, 2]|[0, 2, 0, 1, 3, 0, 0, 0, 0, 0, 2, 0, 1, 0, 1, 0, 0, 0, 1, 0, 0, 2, 0, 0, 0, 0, 0, 3, 0, 1, 0, 2, 0, 0, 0, 0, 1, 3, 1, 0, 0, 1, 1, 3, 0, 0, 1, 0, 2, 0, 0, 0, 0, 0, 1, 0, 0, 0, 1, 1, 0, 2, 0, 0, 0, 1, 2, 1, 1, 0, 0, 0, 1, 0, 0, 2, 0, 0, 3, 0, 0, 2, 1, 0, 0, 0, 0, 0, 0, 1, 0, 0, 1, 0, 1, 3, 0, 2, 1, 1],958.1577796465699,54776.11066986155,126991.14939741348,false
4,G3_TWC,G4_BALANCED,[31, 22, 82, 15, 26, 9, 95, 42, 77, 12, 47, 5, 93, 78, 86, 54, 85, 63, 18, 44, 20, 35, 43, 97, 91, 76, 10, 30, 21, 45, 61, 64, 1, 23, 17, 83, 24, 41, 60, 36, 6, 57, 40, 88, 65, 56, 79, 69, 67, 68, 46, 75, 38, 58, 19, 32, 81, 48, 27, 62, 87, 90, 99, 59, 11, 16, 72, 73, 70, 89, 37, 84, 3, 92, 25, 55, 28, 51, 29, 7, 96, 74, 98, 33, 39, 50, 66, 8, 80, 53, 14, 2, 34, 4, 52, 49, 0, 94, 71, 13]|[1, 1, 0, 1, 1, 0, 1, 2, 2, 1, 2, 2, 2, 1, 1, 0, 0, 0, 0, 2, 2, 0, 1, 2, 0, 1, 2, 2, 0, 0, 1, 2, 1, 2, 1, 0, 2, 1, 1, 1, 0, 1, 1, 1, 0, 2, 1, 2, 0, 0, 0, 0, 1, 1, 2, 1, 2, 1, 0, 0, 2, 1, 0, 1, 2, 1, 2, 1, 1, 1, 0, 1, 1, 0, 1, 1, 1, 0, 1, 1, 0, 2, 0, 0, 1, 0, 2, 1, 0, 0, 0, 0, 2, 1, 2, 0, 0, 1, 1, 0]|[4, 3, 2, 2, 4, 1, 2, 2, 1, 4, 0, 1, 2, 4, 4, 1, 2, 1, 2, 1, 1, 1, 1, 2, 1, 2, 1, 1, 1, 1, 3, 2, 3, 0, 4, 0, 1, 4, 0, 3, 2, 2, 2, 0, 1, 1, 0, 2, 0, 1, 2, 2, 1, 0, 0, 3, 2, 4, 1, 2, 2, 3, 1, 1, 1, 3, 0, 4, 3, 1, 1, 1, 1, 0, 4, 4, 4, 1, 3, 1, 1, 1, 1, 2, 1, 1, 0, 3, 1, 2, 2, 2, 1, 4, 1, 1, 2, 4, 3, 2]|[0, 2, 1, 1, 3, 0, 1, 0, 0, 0, 0, 0, 1, 0, 1, 0, 0, 0, 1, 0, 0, 0, 3, 1, 0, 2, 0, 0, 0, 1, 0, 0, 0, 0, 3, 0, 1, 3, 0, 2, 1, 1, 1, 0, 0, 0, 0, 0, 1, 0, 0, 0, 1, 3, 0, 0, 1, 2, 0, 1, 0, 2, 0, 1, 0, 2, 1, 0, 0, 1, 0, 3, 1, 1, 3, 3, 1, 0, 0, 2, 0, 0, 0, 1, 1, 0, 0, 2, 0, 1, 0, 0, 0, 0, 0, 1, 0, 2, 0, 0],798.2574073403379,57504.80506544505,106056.59480992847,true
4,G1_CMAX,G4_BALANCED,[31, 22, 82, 15, 73, 9, 95, 42, 77, 12, 47, 98, 93, 78, 86, 54, 85, 63, 18, 44, 20, 35, 43, 97, 37, 76, 10, 30, 21, 45, 71, 64, 1, 23, 17, 83, 24, 41, 60, 36, 6, 57, 40, 88, 65, 56, 79, 69, 67, 68, 46, 75, 38, 58, 19, 32, 81, 48, 27, 39, 87, 90, 99, 59, 11, 16, 72, 26, 70, 89, 96, 84, 3, 92, 25, 55, 28, 51, 29, 7, 91, 74, 5, 33, 62, 50, 66, 8, 80, 53, 14, 2, 34, 4, 52, 49, 0, 94, 61, 13]|[1, 1, 0, 1, 1, 0, 1, 2, 2, 1, 2, 2, 2, 1, 1, 0, 0, 0, 0, 2, 2, 0, 1, 2, 0, 1, 2, 2, 0, 0, 1, 2, 1, 2, 1, 0, 2, 1, 1, 1, 0, 1, 1, 1, 0, 2, 1, 2, 0, 0, 0, 0, 1, 1, 2, 1, 2, 1, 0, 1, 2, 1, 0, 1, 2, 1, 2, 1, 1, 1, 1, 1, 1, 0, 1, 1, 1, 0, 0, 1, 0, 2, 2, 0, 0, 0, 2, 1, 0, 0, 0, 0, 2, 1, 2, 0, 0, 1, 1, 0]|[4, 3, 2, 2, 4, 1, 2, 2, 1, 4, 0, 1, 2, 4, 4, 1, 2, 1, 2, 1, 1, 1, 1, 2, 1, 2, 1, 1, 1, 1, 3, 2, 3, 0, 4, 0, 1, 4, 0, 3, 2, 2, 2, 0, 1, 1, 0, 2, 0, 1, 2, 2, 1, 4, 0, 3, 1, 4, 1, 1, 2, 3, 1, 1, 1, 3, 0, 4, 3, 1, 3, 1, 1, 0, 4, 4, 4, 1, 1, 1, 1, 0, 1, 2, 2, 1, 0, 3, 1, 2, 1, 2, 1, 4, 1, 1, 2, 4, 1, 2]|[0, 2, 1, 1, 3, 0, 1, 0, 0, 0, 0, 0, 1, 0, 1, 0, 0, 0, 1, 0, 0, 0, 3, 1, 0, 2, 0, 0, 0, 1, 0, 0, 0, 0, 3, 0, 1, 3, 0, 2, 1, 1, 1, 0, 0, 0, 0, 0, 1, 0, 0, 0, 1, 3, 0, 0, 0, 2, 0, 1, 0, 2, 0, 1, 0, 2, 1, 0, 0, 1, 2, 3, 1, 1, 3, 3, 1, 0, 0, 2, 0, 0, 0, 1, 1, 0, 0, 2, 0, 1, 0, 0, 0, 0, 0, 1, 0, 2, 3, 0],801.3187996866799,56926.15632660228,107760.52172589168,true
4,G4_BALANCED,G4_BALANCED,[31, 22, 82, 15, 26, 9, 95, 42, 77, 12, 47, 5, 93, 78, 86, 54, 85, 63, 18, 44, 20, 35, 43, 97, 91, 76, 10, 30, 21, 45, 61, 64, 1, 23, 17, 83, 24, 41, 60, 36, 6, 57, 40, 88, 65, 56, 79, 69, 67, 68, 46, 75, 38, 58, 19, 32, 81, 48, 27, 62, 87, 90, 99, 59, 11, 16, 72, 73, 70, 89, 37, 84, 3, 92, 25, 55, 28, 51, 29, 7, 96, 74, 33, 98, 39, 50, 66, 8, 80, 53, 14, 2, 34, 4, 52, 49, 0, 94, 71, 13]|[1, 1, 0, 1, 1, 0, 1, 2, 2, 1, 2, 2, 2, 1, 1, 0, 0, 0, 0, 2, 2, 0, 1, 2, 0, 1, 2, 2, 0, 0, 1, 2, 1, 2, 1, 0, 2, 1, 1, 1, 0, 1, 1, 1, 0, 2, 1, 2, 0, 0, 0, 0, 1, 1, 2, 1, 2, 1, 0, 0, 2, 1, 0, 1, 2, 1, 2, 1, 1, 1, 0, 1, 1, 0, 1, 1, 1, 0, 1, 1, 0, 2, 0, 2, 1, 0, 2, 1, 0, 0, 0, 0, 2, 1, 2, 0, 0, 1, 2, 0]|[4, 3, 2, 2, 4, 1, 2, 2, 1, 4, 0, 1, 2, 4, 4, 1, 2, 1, 2, 1, 1, 1, 1, 2, 1, 2, 1, 1, 1, 1, 3, 2, 3, 0, 4, 0, 1, 4, 0, 3, 2, 2, 2, 0, 1, 1, 0, 2, 0, 1, 2, 2, 1, 0, 0, 3, 1, 4, 1, 2, 2, 3, 1, 1, 1, 3, 0, 4, 3, 1, 1, 1, 1, 0, 4, 4, 4, 1, 3, 1, 1, 1, 1, 0, 1, 1, 0, 3, 1, 2, 2, 2, 1, 4, 1, 1, 2, 4, 1, 2]|[0, 2, 1, 1, 3, 0, 1, 0, 0, 0, 0, 0, 1, 0, 1, 0, 0, 0, 1, 0, 0, 0, 3, 1, 0, 2, 0, 0, 0, 1, 0, 0, 0, 0, 3, 0, 1, 3, 0, 2, 1, 1, 1, 0, 0, 0, 0, 0, 1, 0, 0, 0, 1, 3, 0, 0, 0, 2, 0, 1, 0, 2, 0, 1, 0, 2, 1, 0, 0, 1, 0, 3, 1, 1, 3, 3, 1, 0, 0, 2, 0, 0, 0, 0, 1, 0, 0, 2, 0, 1, 0, 0, 0, 0, 0, 1, 0, 2, 0, 0],786.1430875023194,57044.44410972526,108603.1045361672,false
4,G2_TEC,G2_TEC,[31, 22, 82, 15, 26, 9, 90, 42, 77, 4, 79, 5, 93, 78, 86, 54, 85, 63, 18, 44, 20, 49, 36, 14, 48, 50, 53, 17, 21, 45, 71, 64, 3, 23, 30, 83, 24, 41, 60, 52, 65, 27, 95, 70, 39, 87, 74, 69, 99, 68, 46, 1, 38, 58, 97, 59, 28, 8, 73, 37, 35, 47, 11, 66, 76, 57, 72, 16, 92, 6, 80, 61, 33, 98, 32, 34, 51, 67, 10, 7, 56, 43, 62, 19, 91, 13, 29, 96, 0, 81, 2, 40, 88, 55, 75, 25, 12, 94, 89, 84]|[2, 1, 2, 1, 1, 2, 2, 0, 1, 1, 1, 0, 2, 2, 1, 2, 0, 0, 0, 2, 2, 1, 0, 2, 2, 2, 2, 1, 0, 1, 1, 1, 0, 0, 2, 0, 2, 1, 2, 2, 0, 1, 1, 1, 0, 2, 0, 2, 1, 0, 0, 2, 2, 0, 2, 0, 2, 1, 0, 0, 2, 1, 0, 2, 2, 0, 1, 1, 0, 0, 0, 1, 1, 0, 0, 1, 0, 0, 1, 2, 2, 1, 0, 2, 1, 0, 1, 0, 0, 1, 2, 2, 1, 1, 2, 1, 1, 1, 1, 0]|[0, 3, 0, 2, 4, 1, 1, 0, 2, 4, 2, 2, 1, 0, 2, 1, 1, 1, 2, 1, 2, 3, 0, 1, 0, 1, 1, 4, 1, 0, 3, 2, 2, 0, 1, 1, 1, 4, 0, 1, 2, 2, 4, 4, 1, 1, 0, 2, 3, 1, 2, 1, 2, 1, 1, 2, 0, 3, 0, 2, 2, 3, 1, 0, 1, 2, 4, 0, 0, 1, 1, 3, 4, 1, 2, 4, 0, 1, 3, 1, 0, 4, 2, 0, 3, 2, 3, 2, 2, 1, 1, 0, 4, 3, 2, 4, 3, 4, 4, 2]|[0, 2, 0, 1, 3, 0, 0, 0, 0, 0, 2, 0, 1, 0, 1, 0, 0, 0, 1, 0, 0, 2, 0, 0, 0, 0, 0, 3, 0, 1, 0, 2, 0, 0, 0, 0, 1, 3, 1, 0, 0, 1, 1, 3, 0, 0, 1, 0, 2, 0, 0, 0, 0, 0, 1, 0, 0, 0, 1, 1, 0, 2, 0, 0, 0, 1, 2, 1, 1, 0, 0, 0, 1, 0, 0, 2, 0, 0, 3, 0, 0, 2, 1, 0, 0, 0, 0, 0, 0, 1, 0, 0, 1, 0, 1, 3, 0, 2, 1, 1],958.1577796465699,54776.11066986155,126991.14939741348,false
4,G3_TWC,G4_BALANCED,[31, 22, 82, 15, 26, 9, 95, 42, 77, 12, 47, 5, 93, 78, 86, 54, 85, 63, 18, 44, 20, 35, 43, 97, 91, 76, 10, 30, 21, 45, 61, 64, 1, 23, 17, 83, 24, 41, 60, 36, 6, 57, 40, 88, 65, 56, 79, 69, 67, 68, 46, 75, 38, 58, 19, 32, 81, 48, 27, 62, 87, 90, 99, 59, 11, 16, 72, 73, 70, 89, 37, 84, 3, 92, 25, 55, 28, 51, 29, 7, 96, 74, 98, 33, 39, 50, 66, 8, 80, 53, 14, 2, 34, 4, 52, 49, 0, 94, 71, 13]|[1, 1, 0, 1, 1, 0, 1, 2, 2, 1, 2, 2, 2, 1, 1, 0, 0, 0, 0, 2, 2, 0, 1, 2, 0, 1, 2, 2, 0, 0, 1, 2, 1, 2, 1, 0, 2, 1, 1, 1, 0, 1, 1, 1, 0, 2, 1, 2, 0, 0, 0, 0, 1, 1, 2, 1, 2, 1, 0, 0, 2, 1, 0, 1, 2, 1, 2, 1, 1, 1, 0, 1, 1, 0, 1, 1, 1, 0, 1, 1, 0, 2, 0, 0, 1, 0, 2, 1, 0, 0, 0, 0, 2, 1, 2, 0, 0, 1, 1, 0]|[4, 3, 2, 2, 4, 1, 2, 2, 1, 4, 0, 1, 2, 4, 4, 1, 2, 1, 2, 1, 1, 1, 1, 2, 1, 2, 1, 1, 1, 1, 3, 2, 3, 0, 4, 0, 1, 4, 0, 3, 2, 2, 2, 0, 1, 1, 0, 2, 0, 1, 2, 2, 1, 0, 0, 3, 2, 4, 1, 2, 2, 3, 1, 1, 1, 3, 0, 4, 3, 1, 1, 1, 1, 0, 4, 4, 4, 1, 3, 1, 1, 1, 1, 2, 1, 1, 0, 3, 1, 2, 2, 2, 1, 4, 1, 1, 2, 4, 3, 2]|[0, 2, 1, 1, 3, 0, 1, 0, 0, 0, 0, 0, 1, 0, 1, 0, 0, 0, 1, 0, 0, 0, 3, 1, 0, 2, 0, 0, 0, 1, 0, 0, 0, 0, 3, 0, 1, 3, 0, 2, 1, 1, 1, 0, 0, 0, 0, 0, 1, 0, 0, 0, 1, 3, 0, 0, 1, 2, 0, 1, 0, 2, 0, 1, 0, 2, 1, 0, 0, 1, 0, 3, 1, 1, 3, 3, 1, 0, 0, 2, 0, 0, 0, 1, 1, 0, 0, 2, 0, 1, 0, 0, 0, 0, 0, 1, 0, 2, 0, 0],798.2574073403379,57504.80506544505,106056.59480992847,true
4,G1_CMAX,G4_BALANCED,[31, 22, 82, 15, 73, 9, 95, 42, 77, 12, 47, 98, 93, 78, 86, 54, 85, 63, 18, 44, 20, 35, 43, 97, 37, 76, 10, 30, 21, 45, 71, 64, 1, 23, 17, 83, 24, 41, 60, 36, 6, 57, 40, 88, 65, 56, 79, 69, 67, 68, 46, 75, 38, 58, 19, 32, 81, 48, 27, 39, 87, 90, 99, 59, 11, 16, 72, 26, 70, 89, 96, 84, 3, 92, 25, 55, 28, 51, 29, 7, 91, 74, 5, 33, 62, 50, 66, 8, 80, 53, 14, 2, 34, 4, 52, 49, 0, 94, 61, 13]|[1, 1, 0, 1, 1, 0, 1, 2, 2, 1, 2, 2, 2, 1, 1, 0, 0, 0, 0, 2, 2, 0, 1, 2, 0, 1, 2, 2, 0, 0, 1, 2, 1, 2, 1, 0, 2, 1, 1, 1, 0, 1, 1, 1, 0, 2, 1, 2, 0, 0, 0, 0, 1, 1, 2, 1, 2, 1, 0, 1, 2, 1, 0, 1, 2, 1, 2, 1, 1, 1, 1, 1, 1, 0, 1, 1, 1, 0, 0, 1, 0, 2, 2, 0, 0, 0, 2, 1, 0, 0, 0, 0, 2, 1, 2, 0, 0, 1, 1, 0]|[4, 3, 2, 2, 4, 1, 2, 2, 1, 4, 0, 1, 2, 4, 4, 1, 2, 1, 2, 1, 1, 1, 1, 2, 1, 2, 1, 1, 1, 1, 3, 2, 3, 0, 4, 0, 1, 4, 0, 3, 2, 2, 2, 0, 1, 1, 0, 2, 0, 1, 2, 2, 1, 4, 0, 3, 1, 4, 1, 1, 2, 3, 1, 1, 1, 3, 0, 4, 3, 1, 3, 1, 1, 0, 4, 4, 4, 1, 1, 1, 1, 0, 1, 2, 2, 1, 0, 3, 1, 2, 1, 2, 1, 4, 1, 1, 2, 4, 1, 2]|[0, 2, 1, 1, 3, 0, 1, 0, 0, 0, 0, 0, 1, 0, 1, 0, 0, 0, 1, 0, 0, 0, 3, 1, 0, 2, 0, 0, 0, 1, 0, 0, 0, 0, 3, 0, 1, 3, 0, 2, 1, 1, 1, 0, 0, 0, 0, 0, 1, 0, 0, 0, 1, 3, 0, 0, 0, 2, 0, 1, 0, 2, 0, 1, 0, 2, 1, 0, 0, 1, 2, 3, 1, 1, 3, 3, 1, 0, 0, 2, 0, 0, 0, 1, 1, 0, 0, 2, 0, 1, 0, 0, 0, 0, 0, 1, 0, 2, 3, 0],801.3187996866799,56926.15632660228,107760.52172589168,true
4,G4_BALANCED,G4_BALANCED,[31, 22, 82, 15, 26, 9, 95, 42, 77, 12, 47, 5, 93, 78, 86, 54, 85, 63, 18, 44, 20, 35, 43, 97, 91, 76, 10, 30, 21, 45, 61, 64, 1, 23, 17, 83, 24, 41, 60, 36, 6, 57, 40, 88, 65, 56, 79, 69, 67, 68, 46, 75, 38, 58, 19, 32, 81, 48, 27, 62, 87, 90, 99, 59, 11, 16, 72, 73, 70, 89, 37, 84, 3, 92, 25, 55, 28, 51, 29, 7, 96, 74, 33, 98, 39, 50, 66, 8, 80, 53, 14, 2, 34, 4, 52, 49, 0, 94, 71, 13]|[1, 1, 0, 1, 1, 0, 1, 2, 2, 1, 2, 2, 2, 1, 1, 0, 0, 0, 0, 2, 2, 0, 1, 2, 0, 1, 2, 2, 0, 0, 1, 2, 1, 2, 1, 0, 2, 1, 1, 1, 0, 1, 1, 1, 0, 2, 1, 2, 0, 0, 0, 0, 1, 1, 2, 1, 2, 1, 0, 0, 2, 1, 0, 1, 2, 1, 2, 1, 1, 1, 0, 1, 1, 0, 1, 1, 1, 0, 1, 1, 0, 2, 0, 2, 1, 0, 2, 1, 0, 0, 0, 0, 2, 1, 2, 0, 0, 1, 2, 0]|[4, 3, 2, 2, 4, 1, 2, 2, 1, 4, 0, 1, 2, 4, 4, 1, 2, 1, 2, 1, 1, 1, 1, 2, 1, 2, 1, 1, 1, 1, 3, 2, 3, 0, 4, 0, 1, 4, 0, 3, 2, 2, 2, 0, 1, 1, 0, 2, 0, 1, 2, 2, 1, 0, 0, 3, 1, 4, 1, 2, 2, 3, 1, 1, 1, 3, 0, 4, 3, 1, 1, 1, 1, 0, 4, 4, 4, 1, 3, 1, 1, 1, 1, 0, 1, 1, 0, 3, 1, 2, 2, 2, 1, 4, 1, 1, 2, 4, 1, 2]|[0, 2, 1, 1, 3, 0, 1, 0, 0, 0, 0, 0, 1, 0, 1, 0, 0, 0, 1, 0, 0, 0, 3, 1, 0, 2, 0, 0, 0, 1, 0, 0, 0, 0, 3, 0, 1, 3, 0, 2, 1, 1, 1, 0, 0, 0, 0, 0, 1, 0, 0, 0, 1, 3, 0, 0, 0, 2, 0, 1, 0, 2, 0, 1, 0, 2, 1, 0, 0, 1, 0, 3, 1, 1, 3, 3, 1, 0, 0, 2, 0, 0, 0, 0, 1, 0, 0, 2, 0, 1, 0, 0, 0, 0, 0, 1, 0, 2, 0, 0],786.1430875023194,57044.44410972526,108603.1045361672,false
4,G2_TEC,G2_TEC,[31, 22, 82, 15, 26, 9, 90, 42, 77, 4, 79, 5, 93, 78, 86, 54, 85, 63, 18, 44, 20, 49, 36, 14, 48, 50, 53, 17, 21, 45, 71, 64, 3, 23, 30, 83, 24, 41, 60, 52, 65, 27, 95, 70, 39, 87, 74, 69, 99, 68, 46, 1, 38, 58, 97, 59, 28, 8, 73, 37, 35, 47, 11, 66, 76, 57, 72, 16, 92, 6, 80, 61, 33, 98, 32, 34, 51, 67, 10, 7, 56, 43, 62, 19, 91, 13, 29, 96, 0, 81, 75, 40, 2, 55, 25, 88, 12, 94, 89, 84]|[2, 1, 2, 1, 1, 2, 2, 0, 1, 1, 1, 0, 2, 2, 1, 2, 0, 0, 0, 2, 2, 1, 0, 2, 2, 2, 2, 1, 0, 1, 1, 1, 0, 0, 1, 0, 2, 1, 2, 2, 0, 1, 1, 1, 0, 2, 0, 2, 1, 0, 0, 2, 2, 0, 2, 0, 2, 1, 0, 0, 2, 1, 0, 2, 2, 0, 1, 1, 0, 0, 2, 1, 1, 0, 0, 1, 0, 0, 1, 2, 2, 1, 0, 2, 1, 0, 1, 0, 0, 1, 2, 2, 2, 1, 1, 1, 1, 1, 1, 0]|[0, 3, 0, 2, 4, 1, 1, 0, 2, 4, 3, 2, 1, 0, 2, 1, 1, 1, 2, 1, 2, 3, 0, 1, 0, 1, 1, 4, 1, 0, 3, 2, 2, 0, 4, 1, 1, 4, 0, 1, 2, 2, 4, 4, 1, 1, 0, 2, 3, 1, 2, 1, 2, 1, 1, 2, 0, 3, 0, 2, 2, 3, 1, 0, 1, 2, 4, 0, 0, 1, 1, 3, 4, 1, 2, 4, 0, 1, 3, 1, 0, 4, 0, 0, 3, 2, 3, 2, 2, 1, 2, 0, 1, 3, 4, 4, 3, 4, 4, 2]|[0, 2, 0, 1, 3, 0, 0, 0, 0, 0, 2, 0, 1, 0, 1, 0, 0, 0, 1, 0, 0, 2, 0, 0, 0, 0, 0, 3, 0, 1, 0, 2, 0, 0, 3, 0, 1, 3, 1, 0, 0, 1, 1, 3, 0, 0, 1, 0, 2, 0, 0, 0, 0, 0, 1, 0, 0, 0, 1, 1, 0, 2, 0, 0, 0, 1, 2, 1, 1, 0, 0, 0, 1, 0, 0, 2, 0, 0, 3, 0, 0, 2, 0, 0, 0, 0, 0, 0, 0, 1, 1, 0, 0, 0, 3, 1, 0, 2, 1, 1],955.8733926004294,54536.65158988291,128477.30564999962,false
4,G3_TWC,G4_BALANCED,[31, 22, 82, 15, 26, 9, 95, 42, 77, 12, 47, 5, 93, 78, 86, 54, 85, 63, 18, 44, 20, 35, 43, 97, 91, 76, 10, 30, 21, 45, 61, 64, 1, 23, 17, 83, 24, 41, 60, 36, 6, 57, 40, 88, 65, 56, 79, 69, 67, 68, 46, 75, 38, 58, 19, 32, 81, 48, 27, 62, 87, 90, 99, 59, 11, 16, 72, 73, 70, 39, 37, 84, 3, 14, 25, 55, 28, 51, 29, 7, 66, 71, 98, 33, 53, 50, 96, 80, 8, 89, 92, 2, 34, 4, 52, 49, 0, 94, 74, 13]|[1, 1, 0, 1, 1, 0, 1, 2, 2, 1, 2, 2, 2, 1, 1, 0, 0, 0, 0, 2, 2, 0, 1, 2, 0, 1, 2, 2, 0, 0, 1, 2, 1, 2, 1, 0, 2, 1, 1, 1, 0, 1, 1, 1, 0, 2, 1, 2, 0, 0, 0, 0, 1, 1, 2, 1, 2, 1, 2, 0, 1, 2, 0, 1, 2, 1, 2, 1, 1, 1, 0, 1, 1, 0, 1, 1, 1, 0, 0, 1, 2, 1, 2, 0, 0, 0, 0, 0, 1, 1, 0, 0, 2, 1, 2, 0, 0, 1, 2, 0]|[4, 3, 2, 2, 4, 1, 2, 2, 1, 4, 0, 1, 2, 4, 4, 1, 2, 1, 2, 1, 1, 1, 1, 2, 1, 2, 1, 1, 1, 1, 3, 2, 3, 0, 4, 0, 1, 4, 0, 3, 2, 2, 2, 0, 1, 1, 0, 2, 0, 1, 2, 2, 1, 0, 0, 3, 2, 4, 1, 2, 3, 2, 1, 1, 1, 3, 0, 4, 3, 0, 1, 1, 1, 2, 4, 4, 4, 1, 1, 1, 0, 3, 0, 2, 2, 1, 1, 1, 3, 1, 0, 2, 1, 4, 1, 1, 2, 4, 0, 2]|[0, 2, 1, 1, 3, 0, 1, 0, 0, 0, 0, 0, 1, 0, 1, 0, 0, 0, 1, 0, 0, 0, 3, 1, 0, 2, 0, 0, 0, 1, 0, 0, 0, 0, 3, 0, 1, 3, 0, 2, 1, 1, 1, 0, 0, 0, 0, 0, 1, 0, 0, 0, 1, 3, 0, 0, 1, 2, 0, 1, 2, 0, 0, 1, 0, 2, 1, 0, 0, 1, 0, 3, 1, 0, 3, 3, 1, 0, 0, 2, 0, 0, 0, 1, 1, 0, 0, 0, 2, 1, 1, 0, 0, 0, 0, 1, 0, 2, 0, 0],771.4827228045212,57954.86800424517,106478.01230561978,true
4,G1_CMAX,G4_BALANCED,[31, 22, 82, 15, 73, 9, 95, 42, 77, 12, 47, 98, 93, 78, 86, 54, 85, 63, 18, 44, 20, 35, 43, 97, 37, 76, 10, 30, 21, 45, 71, 64, 1, 23, 17, 83, 24, 41, 60, 36, 6, 57, 40, 88, 65, 56, 79, 69, 67, 68, 46, 75, 38, 58, 19, 32, 81, 48, 27, 39, 87, 90, 99, 59, 11, 16, 72, 26, 70, 89, 96, 84, 3, 92, 25, 55, 28, 51, 29, 7, 91, 74, 5, 33, 62, 50, 66, 8, 80, 53, 14, 2, 34, 4, 52, 49, 0, 94, 61, 13]|[1, 1, 0, 1, 1, 0, 1, 2, 2, 1, 2, 2, 2, 1, 1, 0, 0, 0, 0, 2, 2, 0, 1, 2, 0, 1, 2, 2, 0, 0, 1, 2, 1, 2, 1, 0, 2, 1, 1, 1, 0, 1, 1, 1, 0, 2, 1, 2, 0, 0, 0, 0, 1, 1, 2, 1, 2, 1, 0, 1, 2, 1, 0, 1, 2, 1, 2, 1, 1, 1, 1, 1, 1, 0, 1, 1, 1, 0, 0, 1, 0, 2, 2, 0, 0, 0, 2, 1, 0, 0, 0, 0, 2, 1, 2, 0, 0, 1, 1, 0]|[4, 3, 2, 2, 4, 1, 2, 2, 1, 4, 0, 1, 2, 4, 4, 1, 2, 1, 2, 1, 1, 1, 1, 2, 1, 2, 1, 1, 1, 1, 3, 2, 3, 0, 4, 0, 1, 4, 0, 3, 2, 2, 2, 0, 1, 1, 0, 2, 0, 1, 2, 2, 1, 4, 0, 3, 1, 4, 1, 1, 2, 3, 1, 1, 1, 3, 0, 4, 3, 1, 3, 1, 1, 0, 4, 4, 4, 1, 1, 1, 1, 0, 1, 2, 2, 1, 0, 3, 1, 2, 1, 2, 1, 4, 1, 1, 2, 4, 1, 2]|[0, 2, 1, 1, 3, 0, 1, 0, 0, 0, 0, 0, 1, 0, 1, 0, 0, 0, 1, 0, 0, 0, 3, 1, 0, 2, 0, 0, 0, 1, 0, 0, 0, 0, 3, 0, 1, 3, 0, 2, 1, 1, 1, 0, 0, 0, 0, 0, 1, 0, 0, 0, 1, 3, 0, 0, 0, 2, 0, 1, 0, 2, 0, 1, 0, 2, 1, 0, 0, 1, 2, 3, 1, 1, 3, 3, 1, 0, 0, 2, 0, 0, 0, 1, 1, 0, 0, 2, 0, 1, 0, 0, 0, 0, 0, 1, 0, 2, 3, 0],801.3187996866799,56926.15632660228,107760.52172589168,true
4,G4_BALANCED,G4_BALANCED,[31, 22, 82, 15, 26, 9, 95, 42, 77, 12, 47, 5, 93, 78, 86, 54, 85, 63, 18, 44, 20, 35, 43, 97, 91, 76, 10, 30, 21, 45, 61, 64, 1, 23, 17, 83, 24, 41, 60, 36, 6, 57, 40, 88, 65, 56, 79, 69, 67, 68, 46, 75, 38, 58, 19, 32, 81, 48, 27, 62, 87, 90, 99, 59, 11, 16, 72, 73, 70, 89, 37, 84, 3, 92, 25, 55, 28, 51, 29, 7, 96, 74, 33, 98, 39, 50, 66, 8, 80, 53, 14, 2, 34, 4, 52, 49, 0, 94, 71, 13]|[1, 1, 0, 1, 1, 0, 1, 2, 2, 1, 2, 2, 2, 1, 1, 0, 0, 0, 0, 2, 2, 0, 1, 2, 0, 1, 2, 2, 0, 0, 1, 2, 1, 2, 1, 0, 2, 1, 1, 1, 0, 1, 1, 1, 0, 2, 1, 2, 0, 0, 0, 0, 1, 1, 2, 1, 2, 1, 0, 0, 2, 1, 0, 1, 2, 1, 2, 1, 1, 1, 0, 1, 1, 0, 1, 1, 1, 0, 1, 1, 0, 2, 0, 2, 1, 0, 2, 1, 0, 0, 0, 0, 2, 1, 2, 0, 0, 1, 2, 0]|[4, 3, 2, 2, 4, 1, 2, 2, 1, 4, 0, 1, 2, 4, 4, 1, 2, 1, 2, 1, 1, 1, 1, 2, 1, 2, 1, 1, 1, 1, 3, 2, 3, 0, 4, 0, 1, 4, 0, 3, 2, 2, 2, 0, 1, 1, 0, 2, 0, 1, 2, 2, 1, 0, 0, 3, 1, 4, 1, 2, 2, 3, 1, 1, 1, 3, 0, 4, 3, 1, 1, 1, 1, 0, 4, 4, 4, 1, 3, 1, 1, 1, 1, 0, 1, 1, 0, 3, 1, 2, 2, 2, 1, 4, 1, 1, 2, 4, 1, 2]|[0, 2, 1, 1, 3, 0, 1, 0, 0, 0, 0, 0, 1, 0, 1, 0, 0, 0, 1, 0, 0, 0, 3, 1, 0, 2, 0, 0, 0, 1, 0, 0, 0, 0, 3, 0, 1, 3, 0, 2, 1, 1, 1, 0, 0, 0, 0, 0, 1, 0, 0, 0, 1, 3, 0, 0, 0, 2, 0, 1, 0, 2, 0, 1, 0, 2, 1, 0, 0, 1, 0, 3, 1, 1, 3, 3, 1, 0, 0, 2, 0, 0, 0, 0, 1, 0, 0, 2, 0, 1, 0, 0, 0, 0, 0, 1, 0, 2, 0, 0],786.1430875023194,57044.44410972526,108603.1045361672,false
4,G2_TEC,G2_TEC,[31, 22, 82, 15, 26, 9, 90, 42, 77, 4, 79, 5, 93, 78, 86, 54, 85, 63, 18, 44, 20, 49, 36, 14, 48, 50, 53, 17, 21, 45, 71, 64, 3, 23, 30, 83, 24, 41, 60, 52, 65, 27, 95, 70, 39, 87, 74, 69, 99, 68, 46, 1, 38, 58, 97, 59, 28, 8, 73, 37, 35, 47, 11, 66, 76, 57, 72, 16, 92, 6, 80, 61, 33, 98, 32, 34, 51, 67, 10, 7, 56, 43, 62, 19, 91, 13, 29, 96, 0, 81, 75, 40, 2, 55, 25, 88, 12, 94, 89, 84]|[2, 1, 2, 1, 1, 2, 2, 0, 1, 1, 1, 0, 2, 2, 1, 2, 0, 0, 0, 2, 2, 1, 0, 2, 2, 2, 2, 1, 0, 1, 1, 1, 0, 0, 1, 0, 2, 1, 2, 2, 0, 1, 1, 1, 0, 2, 0, 2, 1, 0, 0, 2, 2, 0, 2, 0, 2, 1, 0, 0, 2, 1, 0, 2, 2, 0, 1, 1, 0, 0, 2, 1, 1, 0, 0, 1, 0, 0, 1, 2, 2, 1, 0, 2, 1, 0, 1, 0, 0, 1, 2, 2, 2, 1, 1, 1, 1, 1, 1, 0]|[0, 3, 0, 2, 4, 1, 1, 0, 2, 4, 3, 2, 1, 0, 2, 1, 1, 1, 2, 1, 2, 3, 0, 1, 0, 1, 1, 4, 1, 0, 3, 2, 2, 0, 4, 1, 1, 4, 0, 1, 2, 2, 4, 4, 1, 1, 0, 2, 3, 1, 2, 1, 2, 1, 1, 2, 0, 3, 0, 2, 2, 3, 1, 0, 1, 2, 4, 0, 0, 1, 1, 3, 4, 1, 2, 4, 0, 1, 3, 1, 0, 4, 0, 0, 3, 2, 3, 2, 2, 1, 2, 0, 1, 3, 4, 4, 3, 4, 4, 2]|[0, 2, 0, 1, 3, 0, 0, 0, 0, 0, 2, 0, 1, 0, 1, 0, 0, 0, 1, 0, 0, 2, 0, 0, 0, 0, 0, 3, 0, 1, 0, 2, 0, 0, 3, 0, 1, 3, 1, 0, 0, 1, 1, 3, 0, 0, 1, 0, 2, 0, 0, 0, 0, 0, 1, 0, 0, 0, 1, 1, 0, 2, 0, 0, 0, 1, 2, 1, 1, 0, 0, 0, 1, 0, 0, 2, 0, 0, 3, 0, 0, 2, 0, 0, 0, 0, 0, 0, 0, 1, 1, 0, 0, 0, 3, 1, 0, 2, 1, 1],955.8733926004294,54536.65158988291,128477.30564999962,false
4,G3_TWC,G4_BALANCED,[31, 22, 82, 15, 26, 9, 95, 42, 77, 12, 47, 5, 93, 78, 86, 54, 85, 63, 18, 44, 20, 35, 43, 97, 91, 76, 10, 30, 21, 45, 61, 64, 1, 23, 17, 83, 24, 41, 60, 36, 6, 57, 40, 88, 65, 56, 79, 69, 67, 68, 46, 75, 38, 58, 19, 32, 81, 48, 27, 62, 87, 90, 99, 59, 11, 16, 72, 73, 70, 89, 37, 84, 3, 92, 25, 55, 28, 51, 29, 7, 96, 74, 98, 33, 39, 50, 66, 8, 80, 53, 14, 2, 34, 4, 52, 49, 0, 94, 71, 13]|[1, 1, 0, 1, 1, 0, 1, 2, 2, 1, 2, 2, 2, 1, 1, 0, 0, 0, 0, 2, 2, 0, 1, 2, 0, 1, 2, 2, 0, 0, 1, 2, 1, 2, 1, 0, 2, 1, 1, 1, 0, 1, 1, 1, 0, 2, 1, 2, 0, 0, 0, 0, 1, 1, 2, 1, 2, 1, 0, 0, 2, 1, 0, 1, 2, 1, 2, 1, 1, 1, 0, 1, 1, 0, 1, 1, 1, 0, 1, 1, 0, 2, 0, 0, 1, 0, 2, 1, 0, 0, 0, 0, 2, 1, 2, 0, 0, 1, 1, 0]|[4, 3, 2, 2, 4, 1, 2, 2, 1, 4, 0, 1, 2, 4, 4, 1, 2, 1, 2, 1, 1, 1, 1, 2, 1, 2, 1, 1, 1, 1, 3, 2, 3, 0, 4, 0, 1, 4, 0, 3, 2, 2, 2, 0, 1, 1, 0, 2, 0, 1, 2, 2, 1, 0, 0, 3, 2, 4, 1, 2, 2, 3, 1, 1, 1, 3, 0, 4, 3, 1, 1, 1, 1, 0, 4, 4, 4, 1, 3, 1, 1, 1, 1, 2, 1, 1, 0, 3, 1, 2, 2, 2, 1, 4, 1, 1, 2, 4, 3, 2]|[0, 2, 1, 1, 3, 0, 1, 0, 0, 0, 0, 0, 1, 0, 1, 0, 0, 0, 1, 0, 0, 0, 3, 1, 0, 2, 0, 0, 0, 1, 0, 0, 0, 0, 3, 0, 1, 3, 0, 2, 1, 1, 1, 0, 0, 0, 0, 0, 1, 0, 0, 0, 1, 3, 0, 0, 1, 2, 0, 1, 0, 2, 0, 1, 0, 2, 1, 0, 0, 1, 0, 3, 1, 1, 3, 3, 1, 0, 0, 2, 0, 0, 0, 1, 1, 0, 0, 2, 0, 1, 0, 0, 0, 0, 0, 1, 0, 2, 0, 0],798.2574073403379,57504.80506544505,106056.59480992847,true
4,G1_CMAX,G4_BALANCED,[31, 22, 82, 15, 73, 9, 95, 42, 77, 12, 47, 98, 93, 78, 86, 54, 85, 63, 18, 44, 20, 35, 43, 97, 37, 76, 10, 30, 21, 45, 71, 64, 1, 23, 17, 83, 24, 41, 60, 36, 6, 57, 40, 88, 65, 56, 79, 69, 67, 68, 46, 75, 38, 58, 19, 32, 81, 48, 27, 39, 87, 90, 99, 59, 11, 16, 72, 26, 70, 89, 96, 84, 3, 92, 25, 55, 28, 51, 29, 7, 91, 74, 5, 33, 62, 50, 66, 8, 80, 53, 14, 2, 34, 4, 52, 49, 0, 94, 61, 13]|[1, 1, 0, 1, 1, 0, 1, 2, 2, 1, 2, 2, 2, 1, 1, 0, 0, 0, 0, 2, 2, 0, 1, 2, 0, 1, 2, 2, 0, 0, 1, 2, 1, 2, 1, 0, 2, 1, 1, 1, 0, 1, 1, 1, 0, 2, 1, 2, 0, 0, 0, 0, 1, 1, 2, 1, 2, 1, 0, 1, 2, 1, 0, 1, 2, 1, 2, 1, 1, 1, 1, 1, 1, 0, 1, 1, 1, 0, 0, 1, 0, 2, 2, 0, 0, 0, 2, 1, 0, 0, 0, 0, 2, 1, 2, 0, 0, 1, 1, 0]|[4, 3, 2, 2, 4, 1, 2, 2, 1, 4, 0, 1, 2, 4, 4, 1, 2, 1, 2, 1, 1, 1, 1, 2, 1, 2, 1, 1, 1, 1, 3, 2, 3, 0, 4, 0, 1, 4, 0, 3, 2, 2, 2, 0, 1, 1, 0, 2, 0, 1, 2, 2, 1, 4, 0, 3, 1, 4, 1, 1, 2, 3, 1, 1, 1, 3, 0, 4, 3, 1, 3, 1, 1, 0, 4, 4, 4, 1, 1, 1, 1, 0, 1, 2, 2, 1, 0, 3, 1, 2, 1, 2, 1, 4, 1, 1, 2, 4, 1, 2]|[0, 2, 1, 1, 3, 0, 1, 0, 0, 0, 0, 0, 1, 0, 1, 0, 0, 0, 1, 0, 0, 0, 3, 1, 0, 2, 0, 0, 0, 1, 0, 0, 0, 0, 3, 0, 1, 3, 0, 2, 1, 1, 1, 0, 0, 0, 0, 0, 1, 0, 0, 0, 1, 3, 0, 0, 0, 2, 0, 1, 0, 2, 0, 1, 0, 2, 1, 0, 0, 1, 2, 3, 1, 1, 3, 3, 1, 0, 0, 2, 0, 0, 0, 1, 1, 0, 0, 2, 0, 1, 0, 0, 0, 0, 0, 1, 0, 2, 3, 0],801.3187996866799,56926.15632660228,107760.52172589168,true
4,G4_BALANCED,G4_BALANCED,[31, 22, 82, 15, 26, 9, 95, 42, 77, 12, 47, 5, 93, 78, 86, 54, 85, 63, 18, 44, 20, 35, 43, 97, 91, 76, 10, 30, 21, 45, 61, 64, 1, 23, 17, 83, 24, 41, 60, 36, 6, 57, 40, 88, 65, 56, 79, 69, 67, 68, 46, 75, 38, 58, 19, 32, 81, 48, 27, 62, 87, 90, 99, 59, 11, 16, 72, 73, 70, 89, 37, 84, 3, 92, 25, 55, 28, 51, 29, 7, 96, 74, 33, 98, 39, 50, 66, 8, 80, 53, 14, 2, 34, 4, 52, 49, 0, 94, 71, 13]|[1, 1, 0, 1, 1, 0, 1, 2, 2, 1, 2, 2, 2, 1, 1, 0, 0, 0, 0, 2, 2, 0, 1, 2, 0, 1, 2, 2, 0, 0, 1, 2, 1, 2, 1, 0, 2, 1, 1, 1, 0, 1, 1, 1, 0, 2, 1, 2, 0, 0, 0, 0, 1, 1, 2, 1, 2, 1, 0, 0, 2, 1, 0, 1, 2, 1, 2, 1, 1, 1, 0, 1, 1, 0, 1, 1, 1, 0, 1, 1, 0, 2, 0, 2, 1, 0, 2, 1, 0, 0, 0, 0, 2, 1, 2, 0, 0, 1, 2, 0]|[4, 3, 2, 2, 4, 1, 2, 2, 1, 4, 0, 1, 2, 4, 4, 1, 2, 1, 2, 1, 1, 1, 1, 2, 1, 2, 1, 1, 1, 1, 3, 2, 3, 0, 4, 0, 1, 4, 0, 3, 2, 2, 2, 0, 1, 1, 0, 2, 0, 1, 2, 2, 1, 0, 0, 3, 1, 4, 1, 2, 2, 3, 1, 1, 1, 3, 0, 4, 3, 1, 1, 1, 1, 0, 4, 4, 4, 1, 3, 1, 1, 1, 1, 0, 1, 1, 0, 3, 1, 2, 2, 2, 1, 4, 1, 1, 2, 4, 1, 2]|[0, 2, 1, 1, 3, 0, 1, 0, 0, 0, 0, 0, 1, 0, 1, 0, 0, 0, 1, 0, 0, 0, 3, 1, 0, 2, 0, 0, 0, 1, 0, 0, 0, 0, 3, 0, 1, 3, 0, 2, 1, 1, 1, 0, 0, 0, 0, 0, 1, 0, 0, 0, 1, 3, 0, 0, 0, 2, 0, 1, 0, 2, 0, 1, 0, 2, 1, 0, 0, 1, 0, 3, 1, 1, 3, 3, 1, 0, 0, 2, 0, 0, 0, 0, 1, 0, 0, 2, 0, 1, 0, 0, 0, 0, 0, 1, 0, 2, 0, 0],786.1430875023194,57044.44410972526,108603.1045361672,false
4,G2_TEC,G2_TEC,[31, 22, 82, 15, 26, 9, 90, 42, 77, 4, 79, 5, 93, 78, 86, 54, 85, 63, 18, 44, 20, 49, 36, 14, 48, 50, 53, 17, 21, 45, 71, 64, 3, 23, 30, 83, 24, 41, 60, 52, 65, 27, 95, 70, 39, 87, 74, 69, 99, 68, 46, 1, 38, 58, 97, 59, 28, 8, 73, 37, 35, 47, 11, 66, 76, 57, 72, 16, 92, 6, 80, 61, 33, 98, 32, 34, 51, 67, 10, 7, 56, 43, 62, 19, 91, 13, 29, 96, 0, 81, 75, 40, 2, 55, 25, 88, 12, 94, 89, 84]|[2, 1, 2, 1, 1, 2, 2, 0, 1, 1, 1, 0, 2, 2, 1, 2, 0, 0, 0, 2, 2, 1, 0, 2, 2, 2, 2, 1, 0, 1, 1, 1, 0, 0, 1, 0, 2, 1, 2, 2, 0, 1, 1, 1, 0, 2, 0, 2, 1, 0, 0, 2, 2, 0, 2, 0, 2, 1, 0, 0, 2, 1, 0, 2, 2, 0, 1, 1, 0, 0, 2, 1, 1, 0, 0, 1, 0, 0, 1, 2, 2, 1, 0, 2, 1, 0, 1, 0, 0, 1, 2, 2, 2, 1, 1, 1, 1, 1, 1, 0]|[0, 3, 0, 2, 4, 1, 1, 0, 2, 4, 3, 2, 1, 0, 2, 1, 1, 1, 2, 1, 2, 3, 0, 1, 0, 1, 1, 4, 1, 0, 3, 2, 2, 0, 4, 1, 1, 4, 0, 1, 2, 2, 4, 4, 1, 1, 0, 2, 3, 1, 2, 1, 2, 1, 1, 2, 0, 3, 0, 2, 2, 3, 1, 0, 1, 2, 4, 0, 0, 1, 1, 3, 4, 1, 2, 4, 0, 1, 3, 1, 0, 4, 0, 0, 3, 2, 3, 2, 2, 1, 2, 0, 1, 3, 4, 4, 3, 4, 4, 2]|[0, 2, 0, 1, 3, 0, 0, 0, 0, 0, 2, 0, 1, 0, 1, 0, 0, 0, 1, 0, 0, 2, 0, 0, 0, 0, 0, 3, 0, 1, 0, 2, 0, 0, 3, 0, 1, 3, 1, 0, 0, 1, 1, 3, 0, 0, 1, 0, 2, 0, 0, 0, 0, 0, 1, 0, 0, 0, 1, 1, 0, 2, 0, 0, 0, 1, 2, 1, 1, 0, 0, 0, 1, 0, 0, 2, 0, 0, 3, 0, 0, 2, 0, 0, 0, 0, 0, 0, 0, 1, 1, 0, 0, 0, 3, 1, 0, 2, 1, 1],955.8733926004294,54536.65158988291,128477.30564999962,false
4,G3_TWC,G4_BALANCED,[31, 22, 15, 82, 26, 9, 95, 42, 77, 12, 47, 5, 93, 78, 86, 54, 85, 63, 18, 44, 20, 35, 43, 97, 91, 76, 10, 30, 21, 45, 61, 64, 1, 23, 17, 83, 24, 41, 60, 36, 6, 57, 40, 88, 65, 56, 79, 69, 67, 68, 46, 75, 38, 58, 19, 32, 81, 48, 27, 62, 90, 87, 99, 59, 11, 16, 72, 73, 70, 39, 37, 84, 3, 92, 25, 55, 28, 51, 29, 7, 66, 71, 98, 33, 53, 50, 96, 80, 8, 89, 14, 2, 34, 4, 52, 49, 0, 94, 74, 13]|[2, 1, 1, 0, 1, 0, 1, 2, 2, 1, 2, 2, 2, 1, 1, 0, 0, 0, 0, 2, 2, 0, 1, 2, 0, 1, 2, 2, 0, 0, 1, 2, 1, 2, 1, 0, 2, 1, 1, 1, 0, 1, 1, 1, 0, 2, 1, 2, 0, 0, 0, 0, 1, 1, 2, 1, 2, 1, 2, 0, 1, 2, 0, 1, 2, 1, 2, 1, 1, 1, 0, 1, 1, 0, 1, 1, 1, 0, 0, 1, 2, 1, 0, 0, 0, 0, 1, 0, 1, 1, 0, 0, 2, 1, 2, 0, 0, 1, 2, 0]|[1, 3, 2, 2, 4, 1, 2, 2, 1, 4, 0, 1, 2, 4, 4, 1, 2, 1, 2, 1, 1, 1, 1, 2, 1, 2, 1, 1, 1, 1, 3, 2, 3, 0, 4, 0, 1, 4, 0, 3, 2, 2, 2, 0, 1, 1, 0, 2, 0, 1, 2, 2, 1, 0, 0, 3, 2, 4, 1, 2, 3, 2, 1, 1, 1, 3, 0, 4, 3, 0, 1, 1, 1, 0, 4, 4, 4, 1, 1, 1, 0, 3, 1, 2, 2, 1, 3, 1, 3, 1, 2, 2, 1, 4, 1, 1, 2, 4, 0, 2]|[1, 2, 1, 1, 3, 0, 1, 0, 0, 0, 0, 0, 1, 0, 1, 0, 0, 0, 1, 0, 0, 0, 3, 1, 0, 2, 0, 0, 0, 1, 0, 0, 0, 0, 3, 0, 1, 3, 0, 2, 1, 1, 1, 0, 0, 0, 0, 0, 1, 0, 0, 0, 1, 3, 0, 0, 1, 2, 0, 1, 2, 0, 0, 1, 0, 2, 1, 0, 0, 1, 0, 3, 1, 1, 3, 3, 1, 0, 0, 2, 0, 0, 0, 1, 1, 0, 2, 0, 2, 1, 0, 0, 0, 0, 0, 1, 0, 2, 0, 0],777.3296322355412,57992.256228772734,105820.35250672413,true
4,G1_CMAX,G4_BALANCED,[31, 22, 82, 15, 73, 9, 95, 42, 77, 12, 47, 98, 93, 78, 86, 54, 85, 63, 18, 44, 20, 35, 43, 97, 37, 76, 10, 30, 21, 45, 71, 64, 1, 23, 17, 83, 24, 41, 60, 36, 6, 57, 40, 88, 65, 56, 79, 69, 67, 68, 46, 75, 38, 58, 19, 32, 81, 48, 27, 39, 87, 90, 99, 59, 11, 16, 72, 26, 70, 89, 96, 84, 3, 92, 25, 55, 28, 51, 29, 7, 91, 74, 5, 33, 62, 50, 66, 8, 80, 53, 14, 2, 34, 4, 52, 49, 0, 94, 61, 13]|[1, 1, 0, 1, 1, 0, 1, 2, 2, 1, 2, 2, 2, 1, 1, 0, 0, 0, 0, 2, 2, 0, 1, 2, 0, 1, 2, 2, 0, 0, 1, 2, 1, 2, 1, 0, 2, 1, 1, 1, 0, 1, 1, 1, 0, 2, 1, 2, 0, 0, 0, 0, 1, 1, 2, 1, 2, 1, 0, 1, 2, 1, 0, 1, 2, 1, 2, 1, 1, 1, 1, 1, 1, 0, 1, 1, 1, 0, 0, 1, 0, 2, 2, 0, 0, 0, 2, 1, 0, 0, 0, 0, 2, 1, 2, 0, 0, 1, 1, 0]|[4, 3, 2, 2, 4, 1, 2, 2, 1, 4, 0, 1, 2, 4, 4, 1, 2, 1, 2, 1, 1, 1, 1, 2, 1, 2, 1, 1, 1, 1, 3, 2, 3, 0, 4, 0, 1, 4, 0, 3, 2, 2, 2, 0, 1, 1, 0, 2, 0, 1, 2, 2, 1, 4, 0, 3, 1, 4, 1, 1, 2, 3, 1, 1, 1, 3, 0, 4, 3, 1, 3, 1, 1, 0, 4, 4, 4, 1, 1, 1, 1, 0, 1, 2, 2, 1, 0, 3, 1, 2, 1, 2, 1, 4, 1, 1, 2, 4, 1, 2]|[0, 2, 1, 1, 3, 0, 1, 0, 0, 0, 0, 0, 1, 0, 1, 0, 0, 0, 1, 0, 0, 0, 3, 1, 0, 2, 0, 0, 0, 1, 0, 0, 0, 0, 3, 0, 1, 3, 0, 2, 1, 1, 1, 0, 0, 0, 0, 0, 1, 0, 0, 0, 1, 3, 0, 0, 0, 2, 0, 1, 0, 2, 0, 1, 0, 2, 1, 0, 0, 1, 2, 3, 1, 1, 3, 3, 1, 0, 0, 2, 0, 0, 0, 1, 1, 0, 0, 2, 0, 1, 0, 0, 0, 0, 0, 1, 0, 2, 3, 0],801.3187996866799,56926.15632660228,107760.52172589168,true
4,G4_BALANCED,G4_BALANCED,[31, 22, 82, 15, 26, 9, 95, 42, 77, 12, 47, 5, 93, 78, 86, 54, 85, 63, 18, 44, 20, 35, 43, 97, 91, 76, 10, 30, 21, 45, 61, 64, 1, 23, 17, 83, 24, 41, 60, 36, 6, 57, 40, 88, 65, 56, 79, 69, 67, 68, 46, 75, 38, 58, 19, 32, 81, 48, 27, 62, 87, 90, 99, 59, 11, 16, 72, 73, 70, 89, 37, 84, 3, 92, 25, 55, 28, 51, 29, 7, 96, 74, 33, 98, 39, 50, 66, 8, 80, 53, 14, 2, 34, 4, 52, 49, 0, 94, 71, 13]|[1, 1, 0, 1, 1, 0, 1, 2, 2, 1, 2, 2, 2, 1, 1, 0, 0, 0, 0, 2, 2, 0, 1, 2, 0, 1, 2, 2, 0, 0, 1, 2, 1, 2, 1, 0, 2, 1, 1, 1, 0, 1, 1, 1, 0, 2, 1, 2, 0, 0, 0, 0, 1, 1, 2, 1, 2, 1, 0, 0, 2, 1, 0, 1, 2, 1, 2, 1, 1, 1, 0, 1, 1, 0, 1, 1, 1, 0, 1, 1, 0, 2, 0, 2, 1, 0, 2, 1, 0, 0, 0, 0, 2, 1, 2, 0, 0, 1, 2, 0]|[4, 3, 2, 2, 4, 1, 2, 2, 1, 4, 0, 1, 2, 4, 4, 1, 2, 1, 2, 1, 1, 1, 1, 2, 1, 2, 1, 1, 1, 1, 3, 2, 3, 0, 4, 0, 1, 4, 0, 3, 2, 2, 2, 0, 1, 1, 0, 2, 0, 1, 2, 2, 1, 0, 0, 3, 1, 4, 1, 2, 2, 3, 1, 1, 1, 3, 0, 4, 3, 1, 1, 1, 1, 0, 4, 4, 4, 1, 3, 1, 1, 1, 1, 0, 1, 1, 0, 3, 1, 2, 2, 2, 1, 4, 1, 1, 2, 4, 1, 2]|[0, 2, 1, 1, 3, 0, 1, 0, 0, 0, 0, 0, 1, 0, 1, 0, 0, 0, 1, 0, 0, 0, 3, 1, 0, 2, 0, 0, 0, 1, 0, 0, 0, 0, 3, 0, 1, 3, 0, 2, 1, 1, 1, 0, 0, 0, 0, 0, 1, 0, 0, 0, 1, 3, 0, 0, 0, 2, 0, 1, 0, 2, 0, 1, 0, 2, 1, 0, 0, 1, 0, 3, 1, 1, 3, 3, 1, 0, 0, 2, 0, 0, 0, 0, 1, 0, 0, 2, 0, 1, 0, 0, 0, 0, 0, 1, 0, 2, 0, 0],786.1430875023194,57044.44410972526,108603.1045361672,false
4,G2_TEC,G2_TEC,[31, 22, 82, 15, 26, 9, 90, 42, 77, 4, 79, 5, 93, 78, 86, 54, 85, 63, 18, 44, 20, 49, 36, 14, 48, 50, 53, 17, 21, 45, 71, 64, 3, 23, 30, 83, 24, 41, 60, 52, 65, 27, 95, 70, 39, 87, 74, 69, 99, 68, 46, 1, 38, 58, 97, 59, 28, 8, 73, 37, 35, 47, 11, 66, 76, 57, 72, 16, 92, 6, 80, 61, 33, 98, 32, 34, 51, 67, 10, 7, 56, 43, 62, 19, 91, 13, 29, 96, 0, 81, 75, 40, 2, 55, 25, 88, 12, 94, 89, 84]|[2, 1, 2, 1, 1, 2, 2, 0, 1, 1, 1, 0, 2, 2, 1, 2, 0, 0, 0, 2, 2, 1, 0, 2, 2, 2, 2, 1, 0, 1, 1, 1, 0, 0, 1, 0, 2, 1, 2, 2, 0, 1, 1, 1, 0, 2, 0, 2, 1, 0, 0, 2, 2, 0, 2, 0, 2, 1, 0, 0, 2, 1, 0, 2, 2, 0, 1, 1, 0, 0, 2, 1, 1, 0, 0, 1, 0, 0, 1, 2, 2, 1, 0, 2, 1, 0, 1, 0, 0, 1, 2, 2, 2, 1, 1, 1, 1, 1, 1, 0]|[0, 3, 0, 2, 4, 1, 1, 0, 2, 4, 3, 2, 1, 0, 2, 1, 1, 1, 2, 1, 2, 3, 0, 1, 0, 1, 1, 4, 1, 0, 3, 2, 2, 0, 4, 1, 1, 4, 0, 1, 2, 2, 4, 4, 1, 1, 0, 2, 3, 1, 2, 1, 2, 1, 1, 2, 0, 3, 0, 2, 2, 3, 1, 0, 1, 2, 4, 0, 0, 1, 1, 3, 4, 1, 2, 4, 0, 1, 3, 1, 0, 4, 0, 0, 3, 2, 3, 2, 2, 1, 2, 0, 1, 3, 4, 4, 3, 4, 4, 2]|[0, 2, 0, 1, 3, 0, 0, 0, 0, 0, 2, 0, 1, 0, 1, 0, 0, 0, 1, 0, 0, 2, 0, 0, 0, 0, 0, 3, 0, 1, 0, 2, 0, 0, 3, 0, 1, 3, 1, 0, 0, 1, 1, 3, 0, 0, 1, 0, 2, 0, 0, 0, 0, 0, 1, 0, 0, 0, 1, 1, 0, 2, 0, 0, 0, 1, 2, 1, 1, 0, 0, 0, 1, 0, 0, 2, 0, 0, 3, 0, 0, 2, 0, 0, 0, 0, 0, 0, 0, 1, 1, 0, 0, 0, 3, 1, 0, 2, 1, 1],955.8733926004294,54536.65158988291,128477.30564999962,false
4,G3_TWC,G4_BALANCED,[31, 22, 15, 82, 26, 9, 95, 42, 77, 12, 47, 5, 93, 78, 86, 54, 85, 63, 18, 44, 20, 35, 43, 97, 91, 76, 10, 30, 21, 45, 61, 64, 1, 23, 17, 83, 24, 41, 60, 36, 6, 57, 40, 88, 65, 56, 79, 69, 67, 68, 46, 75, 38, 58, 19, 32, 81, 48, 27, 62, 90, 87, 99, 59, 11, 16, 72, 73, 70, 39, 37, 84, 3, 92, 25, 55, 28, 51, 29, 7, 66, 71, 98, 33, 53, 50, 96, 80, 8, 89, 14, 2, 34, 4, 52, 49, 0, 94, 74, 13]|[2, 1, 1, 0, 1, 0, 1, 2, 2, 1, 2, 2, 2, 1, 1, 0, 0, 0, 0, 2, 2, 0, 1, 2, 0, 1, 2, 2, 0, 0, 1, 2, 1, 2, 1, 0, 2, 1, 1, 1, 0, 1, 1, 1, 0, 2, 1, 2, 0, 0, 0, 0, 1, 1, 2, 1, 2, 1, 2, 0, 1, 2, 0, 1, 2, 1, 2, 1, 1, 1, 0, 1, 1, 0, 1, 1, 1, 0, 0, 1, 2, 1, 0, 0, 0, 0, 1, 0, 1, 1, 0, 0, 2, 1, 2, 0, 0, 1, 2, 0]|[1, 3, 2, 2, 4, 1, 2, 2, 1, 4, 0, 1, 2, 4, 4, 1, 2, 1, 2, 1, 1, 1, 1, 2, 1, 2, 1, 1, 1, 1, 3, 2, 3, 0, 4, 0, 1, 4, 0, 3, 2, 2, 2, 0, 1, 1, 0, 2, 0, 1, 2, 2, 1, 0, 0, 3, 2, 4, 1, 2, 3, 2, 1, 1, 1, 3, 0, 4, 3, 0, 1, 1, 1, 0, 4, 4, 4, 1, 1, 1, 0, 3, 1, 2, 2, 1, 3, 1, 3, 1, 2, 2, 1, 4, 1, 1, 2, 4, 0, 2]|[1, 2, 1, 1, 3, 0, 1, 0, 0, 0, 0, 0, 1, 0, 1, 0, 0, 0, 1, 0, 0, 0, 3, 1, 0, 2, 0, 0, 0, 1, 0, 0, 0, 0, 3, 0, 1, 3, 0, 2, 1, 1, 1, 0, 0, 0, 0, 0, 1, 0, 0, 0, 1, 3, 0, 0, 1, 2, 0, 1, 2, 0, 0, 1, 0, 2, 1, 0, 0, 1, 0, 3, 1, 1, 3, 3, 1, 0, 0, 2, 0, 0, 0, 1, 1, 0, 2, 0, 2, 1, 0, 0, 0, 0, 0, 1, 0, 2, 0, 0],777.3296322355412,57992.256228772734,105820.35250672413,true
4,G1_CMAX,G4_BALANCED,[31, 22, 82, 15, 73, 9, 95, 42, 77, 12, 47, 98, 93, 78, 86, 54, 85, 63, 18, 44, 20, 35, 43, 97, 37, 76, 10, 30, 21, 45, 71, 64, 1, 23, 17, 83, 24, 41, 60, 36, 6, 57, 40, 88, 65, 56, 79, 69, 67, 68, 46, 75, 38, 58, 19, 32, 81, 48, 27, 39, 87, 90, 99, 59, 11, 16, 72, 26, 70, 89, 96, 84, 3, 92, 25, 55, 28, 51, 29, 7, 91, 74, 5, 33, 62, 50, 66, 8, 80, 53, 14, 2, 34, 4, 52, 49, 0, 94, 61, 13]|[1, 1, 0, 1, 1, 0, 1, 2, 2, 1, 2, 2, 2, 1, 1, 0, 0, 0, 0, 2, 2, 0, 1, 2, 0, 1, 2, 2, 0, 0, 1, 2, 1, 2, 1, 0, 2, 1, 1, 1, 0, 1, 1, 1, 0, 2, 1, 2, 0, 0, 0, 0, 1, 1, 2, 1, 2, 1, 0, 1, 2, 1, 0, 1, 2, 1, 2, 1, 1, 1, 1, 1, 1, 0, 1, 1, 1, 0, 0, 1, 0, 2, 2, 0, 0, 0, 2, 1, 0, 0, 0, 0, 2, 1, 2, 0, 0, 1, 1, 0]|[4, 3, 2, 2, 4, 1, 2, 2, 1, 4, 0, 1, 2, 4, 4, 1, 2, 1, 2, 1, 1, 1, 1, 2, 1, 2, 1, 1, 1, 1, 3, 2, 3, 0, 4, 0, 1, 4, 0, 3, 2, 2, 2, 0, 1, 1, 0, 2, 0, 1, 2, 2, 1, 4, 0, 3, 1, 4, 1, 1, 2, 3, 1, 1, 1, 3, 0, 4, 3, 1, 3, 1, 1, 0, 4, 4, 4, 1, 1, 1, 1, 0, 1, 2, 2, 1, 0, 3, 1, 2, 1, 2, 1, 4, 1, 1, 2, 4, 1, 2]|[0, 2, 1, 1, 3, 0, 1, 0, 0, 0, 0, 0, 1, 0, 1, 0, 0, 0, 1, 0, 0, 0, 3, 1, 0, 2, 0, 0, 0, 1, 0, 0, 0, 0, 3, 0, 1, 3, 0, 2, 1, 1, 1, 0, 0, 0, 0, 0, 1, 0, 0, 0, 1, 3, 0, 0, 0, 2, 0, 1, 0, 2, 0, 1, 0, 2, 1, 0, 0, 1, 2, 3, 1, 1, 3, 3, 1, 0, 0, 2, 0, 0, 0, 1, 1, 0, 0, 2, 0, 1, 0, 0, 0, 0, 0, 1, 0, 2, 3, 0],801.3187996866799,56926.15632660228,107760.52172589168,true
4,G4_BALANCED,G4_BALANCED,[31, 22, 82, 15, 26, 9, 95, 42, 77, 4, 47, 5, 93, 78, 86, 54, 85, 63, 18, 44, 20, 49, 65, 14, 48, 50, 53, 17, 21, 45, 71, 64, 3, 23, 30, 83, 24, 41, 60, 52, 36, 27, 90, 70, 39, 87, 74, 69, 99, 68, 94, 1, 38, 58, 97, 59, 28, 8, 73, 37, 35, 79, 11, 66, 76, 57, 72, 16, 92, 6, 80, 61, 33, 98, 32, 34, 51, 67, 10, 7, 56, 43, 62, 19, 91, 13, 12, 96, 89, 81, 75, 40, 2, 55, 25, 88, 29, 46, 0, 84]|[0, 1, 0, 2, 1, 2, 1, 0, 1, 1, 1, 0, 2, 2, 1, 2, 0, 0, 0, 2, 2, 1, 0, 2, 2, 2, 2, 1, 0, 1, 1, 1, 0, 0, 1, 0, 2, 1, 2, 2, 0, 0, 1, 1, 0, 2, 0, 2, 1, 0, 1, 2, 2, 0, 2, 0, 2, 1, 0, 0, 2, 1, 0, 2, 2, 0, 1, 1, 0, 1, 0, 1, 1, 0, 0, 1, 0, 0, 1, 2, 2, 1, 0, 2, 1, 0, 1, 0, 1, 1, 2, 2, 2, 1, 1, 1, 1, 0, 0, 0]|[1, 3, 2, 2, 4, 1, 4, 0, 2, 4, 2, 2, 1, 0, 2, 1, 1, 1, 2, 1, 2, 4, 0, 1, 0, 1, 1, 4, 1, 0, 3, 2, 2, 0, 4, 1, 1, 4, 0, 1, 2, 1, 4, 4, 1, 1, 0, 2, 3, 1, 4, 1, 2, 1, 1, 2, 0, 3, 0, 2, 2, 3, 1, 0, 1, 2, 4, 0, 0, 4, 1, 3, 4, 1, 2, 4, 0, 1, 3, 1, 0, 4, 0, 0, 3, 2, 3, 2, 4, 1, 2, 0, 1, 3, 4, 4, 3, 2, 2, 0]|[1, 2, 1, 0, 3, 0, 1, 0, 0, 0, 2, 0, 1, 0, 1, 0, 0, 0, 1, 0, 0, 0, 0, 0, 0, 0, 0, 3, 0, 1, 0, 2, 0, 0, 3, 0, 1, 3, 1, 0, 0, 0, 1, 3, 0, 0, 1, 0, 2, 0, 2, 0, 0, 0, 1, 0, 0, 0, 1, 1, 0, 2, 0, 0, 0, 1, 2, 1, 1, 2, 0, 0, 1, 0, 0, 2, 0, 0, 3, 0, 0, 2, 0, 0, 0, 0, 0, 0, 1, 1, 1, 0, 0, 0, 3, 1, 0, 0, 0, 1],926.2736613403765,55164.59667916827,133011.28338365201,false
4,G2_TEC,G2_TEC,[31, 22, 82, 15, 26, 9, 90, 42, 77, 4, 47, 5, 93, 78, 86, 54, 85, 63, 18, 44, 20, 16, 36, 14, 48, 50, 53, 17, 21, 45, 71, 64, 3, 23, 30, 83, 24, 41, 60, 52, 65, 27, 95, 70, 39, 87, 74, 69, 99, 68, 46, 1, 38, 58, 97, 59, 28, 8, 73, 37, 35, 79, 11, 66, 10, 57, 72, 49, 92, 6, 80, 61, 33, 98, 32, 34, 51, 67, 76, 7, 56, 43, 62, 19, 91, 13, 12, 96, 0, 81, 2, 40, 88, 55, 75, 25, 29, 94, 89, 84]|[2, 1, 2, 1, 1, 2, 1, 0, 1, 1, 1, 0, 2, 2, 1, 2, 0, 0, 0, 2, 2, 1, 0, 2, 2, 2, 2, 1, 0, 1, 1, 1, 0, 0, 2, 0, 2, 1, 2, 2, 0, 1, 1, 1, 0, 2, 0, 2, 1, 0, 0, 2, 2, 0, 2, 0, 1, 1, 0, 0, 2, 1, 0, 2, 1, 0, 1, 1, 0, 0, 0, 1, 1, 0, 0, 1, 0, 0, 2, 2, 2, 1, 0, 2, 1, 0, 1, 0, 0, 1, 2, 2, 1, 1, 2, 1, 1, 1, 1, 0]|[0, 3, 0, 2, 4, 1, 4, 0, 2, 4, 3, 2, 1, 0, 2, 1, 1, 1, 2, 1, 2, 3, 0, 1, 0, 1, 1, 4, 1, 0, 3, 2, 2, 0, 1, 1, 1, 4, 0, 1, 2, 2, 4, 0, 1, 1, 0, 2, 3, 1, 2, 1, 2, 1, 1, 2, 4, 3, 0, 2, 2, 2, 1, 0, 3, 0, 4, 0, 0, 1, 1, 3, 4, 1, 2, 4, 0, 1, 1, 1, 0, 4, 2, 0, 3, 2, 3, 2, 2, 1, 1, 0, 4, 3, 2, 4, 3, 4, 4, 2]|[0, 2, 0, 1, 3, 0, 1, 0, 0, 0, 2, 0, 1, 0, 1, 0, 0, 0, 1, 0, 0, 2, 0, 0, 0, 0, 0, 3, 0, 1, 0, 2, 0, 0, 0, 0, 1, 3, 1, 0, 0, 1, 1, 3, 0, 0, 1, 0, 2, 0, 0, 0, 0, 0, 1, 0, 1, 0, 1, 1, 0, 2, 0, 0, 3, 1, 2, 1, 1, 0, 0, 0, 1, 0, 0, 2, 0, 0, 0, 0, 0, 2, 1, 0, 0, 0, 0, 0, 0, 1, 0, 0, 1, 0, 1, 3, 0, 2, 1, 1],940.809596463614,55195.67463792814,123424.67485744183,false
4,G3_TWC,G4_BALANCED,[31, 22, 15, 82, 26, 9, 95, 42, 77, 12, 47, 5, 93, 78, 86, 54, 85, 63, 18, 44, 20, 35, 43, 97, 91, 76, 10, 30, 21, 45, 61, 64, 1, 23, 17, 83, 24, 41, 60, 36, 6, 57, 40, 88, 65, 56, 79, 69, 67, 68, 46, 75, 38, 58, 19, 32, 81, 48, 27, 62, 90, 87, 99, 59, 11, 16, 72, 73, 70, 39, 37, 84, 3, 92, 25, 55, 28, 51, 29, 7, 66, 71, 98, 33, 53, 50, 96, 80, 8, 89, 14, 2, 34, 4, 52, 49, 0, 94, 74, 13]|[2, 1, 1, 0, 1, 0, 1, 2, 2, 1, 2, 2, 2, 1, 1, 0, 0, 0, 0, 2, 2, 0, 1, 2, 0, 1, 2, 2, 0, 0, 1, 2, 1, 2, 1, 0, 2, 1, 1, 1, 0, 1, 1, 1, 0, 2, 1, 2, 0, 0, 0, 0, 1, 1, 2, 1, 2, 1, 2, 0, 1, 2, 0, 1, 2, 1, 2, 1, 1, 1, 0, 1, 1, 0, 1, 1, 1, 0, 0, 1, 2, 1, 0, 0, 0, 0, 1, 0, 1, 1, 0, 0, 2, 1, 2, 0, 0, 1, 2, 0]|[1, 3, 2, 2, 4, 1, 2, 2, 1, 4, 0, 1, 2, 4, 4, 1, 2, 1, 2, 1, 1, 1, 1, 2, 1, 2, 1, 1, 1, 1, 3, 2, 3, 0, 4, 0, 1, 4, 0, 3, 2, 2, 2, 0, 1, 1, 0, 2, 0, 1, 2, 2, 1, 0, 0, 3, 2, 4, 1, 2, 3, 2, 1, 1, 1, 3, 0, 4, 3, 0, 1, 1, 1, 0, 4, 4, 4, 1, 1, 1, 0, 3, 1, 2, 2, 1, 3, 1, 3, 1, 2, 2, 1, 4, 1, 1, 2, 4, 0, 2]|[1, 2, 1, 1, 3, 0, 1, 0, 0, 0, 0, 0, 1, 0, 1, 0, 0, 0, 1, 0, 0, 0, 3, 1, 0, 2, 0, 0, 0, 1, 0, 0, 0, 0, 3, 0, 1, 3, 0, 2, 1, 1, 1, 0, 0, 0, 0, 0, 1, 0, 0, 0, 1, 3, 0, 0, 1, 2, 0, 1, 2, 0, 0, 1, 0, 2, 1, 0, 0, 1, 0, 3, 1, 1, 3, 3, 1, 0, 0, 2, 0, 0, 0, 1, 1, 0, 2, 0, 2, 1, 0, 0, 0, 0, 0, 1, 0, 2, 0, 0],777.3296322355412,57992.256228772734,105820.35250672413,true
4,G1_CMAX,G4_BALANCED,[31, 22, 82, 15, 73, 9, 95, 42, 77, 12, 47, 98, 93, 78, 86, 54, 85, 63, 18, 44, 20, 35, 43, 97, 37, 76, 10, 30, 21, 45, 71, 64, 1, 23, 17, 83, 24, 41, 60, 36, 6, 57, 40, 88, 65, 56, 79, 69, 67, 68, 46, 75, 38, 58, 19, 32, 81, 48, 27, 39, 87, 90, 99, 59, 11, 16, 72, 26, 70, 89, 96, 84, 3, 92, 25, 55, 28, 51, 29, 7, 91, 74, 5, 33, 62, 50, 66, 8, 80, 53, 14, 2, 34, 4, 52, 49, 0, 94, 61, 13]|[1, 1, 0, 1, 1, 0, 1, 2, 2, 1, 2, 2, 2, 1, 1, 0, 0, 0, 0, 2, 2, 0, 1, 2, 0, 1, 2, 2, 0, 0, 1, 2, 1, 2, 1, 0, 2, 1, 1, 1, 0, 1, 1, 1, 0, 2, 1, 2, 0, 0, 0, 0, 1, 1, 2, 1, 2, 1, 0, 1, 2, 1, 0, 1, 2, 1, 2, 1, 1, 1, 1, 1, 1, 0, 1, 1, 1, 0, 0, 1, 0, 2, 2, 0, 0, 0, 2, 1, 0, 0, 0, 0, 2, 1, 2, 0, 0, 1, 1, 0]|[4, 3, 2, 2, 4, 1, 2, 2, 1, 4, 0, 1, 2, 4, 4, 1, 2, 1, 2, 1, 1, 1, 1, 2, 1, 2, 1, 1, 1, 1, 3, 2, 3, 0, 4, 0, 1, 4, 0, 3, 2, 2, 2, 0, 1, 1, 0, 2, 0, 1, 2, 2, 1, 4, 0, 3, 1, 4, 1, 1, 2, 3, 1, 1, 1, 3, 0, 4, 3, 1, 3, 1, 1, 0, 4, 4, 4, 1, 1, 1, 1, 0, 1, 2, 2, 1, 0, 3, 1, 2, 1, 2, 1, 4, 1, 1, 2, 4, 1, 2]|[0, 2, 1, 1, 3, 0, 1, 0, 0, 0, 0, 0, 1, 0, 1, 0, 0, 0, 1, 0, 0, 0, 3, 1, 0, 2, 0, 0, 0, 1, 0, 0, 0, 0, 3, 0, 1, 3, 0, 2, 1, 1, 1, 0, 0, 0, 0, 0, 1, 0, 0, 0, 1, 3, 0, 0, 0, 2, 0, 1, 0, 2, 0, 1, 0, 2, 1, 0, 0, 1, 2, 3, 1, 1, 3, 3, 1, 0, 0, 2, 0, 0, 0, 1, 1, 0, 0, 2, 0, 1, 0, 0, 0, 0, 0, 1, 0, 2, 3, 0],801.3187996866799,56926.15632660228,107760.52172589168,true
4,G4_BALANCED,G4_BALANCED,[31, 22, 82, 15, 26, 9, 95, 42, 77, 4, 47, 5, 93, 78, 86, 54, 85, 63, 18, 44, 20, 49, 65, 14, 48, 50, 53, 17, 21, 45, 71, 64, 3, 23, 30, 83, 24, 41, 60, 52, 36, 27, 90, 70, 39, 87, 74, 69, 99, 68, 94, 1, 38, 58, 97, 59, 28, 8, 73, 37, 35, 79, 11, 66, 76, 57, 72, 16, 92, 6, 80, 61, 33, 98, 32, 34, 62, 67, 10, 7, 88, 43, 51, 19, 91, 13, 29, 96, 0, 81, 2, 40, 89, 55, 25, 56, 12, 46, 75, 84]|[0, 1, 0, 2, 1, 2, 1, 0, 1, 1, 1, 0, 2, 2, 1, 2, 0, 0, 0, 2, 2, 1, 0, 2, 2, 2, 2, 1, 0, 1, 1, 1, 0, 0, 1, 0, 2, 1, 2, 2, 0, 1, 1, 1, 0, 2, 0, 2, 1, 0, 0, 2, 2, 0, 2, 0, 2, 1, 0, 0, 2, 1, 0, 2, 2, 0, 1, 1, 0, 1, 0, 1, 1, 0, 0, 1, 0, 0, 1, 2, 1, 2, 0, 2, 1, 0, 1, 0, 0, 1, 2, 2, 1, 1, 1, 2, 1, 0, 2, 0]|[1, 3, 2, 2, 4, 1, 4, 0, 2, 4, 2, 2, 1, 0, 2, 1, 1, 1, 2, 1, 2, 4, 0, 1, 0, 1, 1, 4, 1, 0, 3, 2, 2, 0, 4, 1, 1, 4, 0, 1, 2, 2, 4, 4, 1, 1, 0, 2, 3, 1, 2, 1, 2, 1, 1, 2, 0, 3, 0, 2, 2, 3, 1, 0, 1, 2, 4, 0, 0, 4, 1, 3, 4, 1, 2, 4, 0, 1, 3, 1, 4, 1, 0, 0, 3, 2, 3, 2, 2, 1, 1, 0, 4, 3, 4, 0, 3, 2, 2, 0]|[1, 2, 1, 0, 3, 0, 1, 0, 0, 0, 2, 0, 1, 0, 1, 0, 0, 0, 1, 0, 0, 0, 0, 0, 0, 0, 0, 3, 0, 1, 0, 2, 0, 0, 3, 0, 1, 3, 1, 0, 0, 1, 1, 3, 0, 0, 1, 0, 2, 0, 0, 0, 0, 0, 1, 0, 0, 0, 1, 1, 0, 2, 0, 0, 0, 1, 2, 1, 1, 2, 0, 0, 1, 0, 0, 2, 0, 0, 3, 0, 1, 0, 0, 0, 0, 0, 0, 0, 0, 1, 0, 0, 1, 0, 3, 0, 0, 0, 1, 1],922.9248638321566,55130.742856979865,129621.19381408225,false
4,G2_TEC,G2_TEC,[31, 22, 82, 15, 26, 9, 90, 42, 77, 4, 79, 5, 93, 78, 86, 54, 85, 63, 18, 44, 20, 49, 36, 14, 48, 50, 53, 17, 21, 45, 71, 64, 3, 23, 30, 83, 24, 41, 60, 52, 65, 27, 95, 70, 39, 87, 74, 69, 99, 68, 46, 1, 38, 58, 97, 59, 28, 8, 73, 37, 35, 47, 11, 66, 76, 57, 72, 16, 92, 6, 80, 61, 33, 98, 32, 34, 51, 67, 10, 7, 56, 43, 62, 19, 91, 13, 29, 96, 0, 81, 75, 40, 2, 55, 25, 88, 12, 94, 89, 84]|[2, 1, 2, 1, 1, 2, 2, 0, 1, 1, 1, 0, 2, 2, 1, 2, 0, 0, 0, 2, 2, 1, 0, 2, 2, 2, 2, 1, 0, 1, 1, 1, 0, 0, 1, 0, 2, 1, 2, 2, 0, 1, 1, 1, 0, 2, 0, 2, 1, 0, 0, 2, 2, 0, 2, 0, 2, 1, 0, 0, 2, 1, 0, 2, 2, 0, 1, 1, 0, 0, 2, 1, 1, 0, 0, 1, 0, 0, 1, 2, 2, 1, 0, 2, 1, 0, 1, 0, 0, 1, 2, 2, 2, 1, 1, 1, 1, 1, 1, 0]|[0, 3, 0, 2, 4, 1, 1, 0, 2, 4, 3, 2, 1, 0, 2, 1, 1, 1, 2, 1, 2, 3, 0, 1, 0, 1, 1, 4, 1, 0, 3, 2, 2, 0, 4, 1, 1, 4, 0, 1, 2, 2, 4, 4, 1, 1, 0, 2, 3, 1, 2, 1, 2, 1, 1, 2, 0, 3, 0, 2, 2, 3, 1, 0, 1, 2, 4, 0, 0, 1, 1, 3, 4, 1, 2, 4, 0, 1, 3, 1, 0, 4, 0, 0, 3, 2, 3, 2, 2, 1, 2, 0, 1, 3, 4, 4, 3, 4, 4, 2]|[0, 2, 0, 1, 3, 0, 0, 0, 0, 0, 2, 0, 1, 0, 1, 0, 0, 0, 1, 0, 0, 2, 0, 0, 0, 0, 0, 3, 0, 1, 0, 2, 0, 0, 3, 0, 1, 3, 1, 0, 0, 1, 1, 3, 0, 0, 1, 0, 2, 0, 0, 0, 0, 0, 1, 0, 0, 0, 1, 1, 0, 2, 0, 0, 0, 1, 2, 1, 1, 0, 0, 0, 1, 0, 0, 2, 0, 0, 3, 0, 0, 2, 0, 0, 0, 0, 0, 0, 0, 1, 1, 0, 0, 0, 3, 1, 0, 2, 1, 1],955.8733926004294,54536.65158988291,128477.30564999962,false
4,G3_TWC,G3_TWC,[31, 22, 82, 15, 26, 9, 95, 42, 77, 12, 47, 5, 93, 78, 86, 54, 85, 41, 18, 44, 20, 35, 43, 97, 91, 76, 10, 30, 21, 45, 61, 64, 1, 23, 17, 83, 24, 63, 60, 36, 6, 57, 40, 88, 65, 56, 79, 69, 67, 68, 46, 75, 38, 58, 19, 32, 81, 48, 27, 62, 87, 90, 99, 59, 11, 16, 72, 73, 70, 89, 37, 84, 3, 92, 25, 55, 28, 51, 29, 7, 96, 74, 98, 33, 39, 50, 66, 8, 80, 53, 14, 2, 34, 4, 52, 49, 0, 94, 71, 13]|[1, 1, 0, 1, 1, 0, 1, 2, 2, 1, 2, 2, 2, 1, 1, 0, 0, 1, 0, 2, 2, 0, 1, 2, 0, 1, 2, 2, 0, 0, 1, 2, 1, 2, 1, 0, 2, 0, 1, 1, 0, 1, 1, 1, 0, 2, 1, 2, 0, 0, 0, 0, 1, 1, 2, 1, 2, 1, 0, 0, 2, 1, 0, 1, 2, 1, 2, 1, 1, 1, 0, 1, 1, 0, 1, 1, 0, 0, 0, 1, 0, 2, 0, 0, 1, 0, 2, 1, 0, 0, 0, 0, 2, 1, 2, 0, 0, 1, 1, 0]|[4, 3, 2, 2, 4, 1, 2, 2, 1, 4, 0, 1, 2, 4, 4, 1, 2, 4, 2, 1, 1, 1, 1, 2, 1, 2, 1, 1, 1, 1, 3, 2, 3, 0, 4, 0, 1, 1, 0, 3, 2, 2, 2, 0, 1, 1, 0, 2, 0, 1, 2, 2, 1, 0, 0, 3, 2, 4, 1, 2, 2, 3, 1, 1, 1, 3, 0, 4, 3, 1, 1, 1, 1, 0, 4, 4, 2, 1, 1, 1, 1, 1, 1, 2, 1, 1, 0, 3, 1, 2, 2, 2, 1, 4, 1, 1, 2, 4, 3, 2]|[0, 2, 1, 1, 3, 0, 1, 0, 0, 0, 0, 0, 1, 0, 1, 0, 0, 3, 1, 0, 0, 0, 3, 1, 0, 2, 0, 0, 0, 1, 0, 0, 0, 0, 3, 0, 1, 0, 0, 2, 1, 1, 1, 0, 0, 0, 0, 0, 1, 0, 0, 0, 1, 3, 0, 0, 1, 2, 0, 1, 0, 2, 0, 1, 0, 2, 1, 0, 0, 1, 0, 3, 1, 1, 3, 3, 1, 0, 0, 2, 0, 0, 0, 1, 1, 0, 0, 2, 0, 1, 0, 0, 0, 0, 0, 1, 0, 2, 0, 0],841.0046271093007,58181.69522866253,103867.6747749024,false
4,G1_CMAX,G4_BALANCED,[31, 22, 82, 15, 73, 9, 95, 42, 77, 12, 47, 98, 93, 78, 86, 54, 85, 63, 18, 44, 20, 35, 43, 97, 37, 76, 10, 30, 21, 45, 71, 64, 1, 23, 17, 83, 24, 41, 60, 36, 6, 57, 40, 88, 65, 56, 79, 69, 67, 68, 46, 75, 38, 58, 19, 32, 81, 48, 27, 39, 87, 90, 99, 59, 11, 16, 72, 26, 70, 89, 96, 84, 3, 92, 25, 55, 28, 51, 29, 7, 91, 74, 5, 33, 62, 50, 66, 8, 80, 53, 14, 2, 34, 4, 52, 49, 0, 94, 61, 13]|[1, 1, 0, 1, 1, 0, 1, 2, 2, 1, 2, 2, 2, 1, 1, 0, 0, 0, 0, 2, 2, 0, 1, 2, 0, 1, 2, 2, 0, 0, 1, 2, 1, 2, 1, 0, 2, 1, 1, 1, 0, 1, 1, 1, 0, 2, 1, 2, 0, 0, 0, 0, 1, 1, 2, 1, 2, 1, 0, 1, 2, 1, 0, 1, 2, 1, 2, 1, 1, 1, 1, 1, 1, 0, 1, 1, 1, 0, 0, 1, 0, 2, 2, 0, 0, 0, 2, 1, 0, 0, 0, 0, 2, 1, 2, 0, 0, 1, 1, 0]|[4, 3, 2, 2, 4, 1, 2, 2, 1, 4, 0, 1, 2, 4, 4, 1, 2, 1, 2, 1, 1, 1, 1, 2, 1, 2, 1, 1, 1, 1, 3, 2, 3, 0, 4, 0, 1, 4, 0, 3, 2, 2, 2, 0, 1, 1, 0, 2, 0, 1, 2, 2, 1, 4, 0, 3, 1, 4, 1, 1, 2, 3, 1, 1, 1, 3, 0, 4, 3, 1, 3, 1, 1, 0, 4, 4, 4, 1, 1, 1, 1, 0, 1, 2, 2, 1, 0, 3, 1, 2, 1, 2, 1, 4, 1, 1, 2, 4, 1, 2]|[0, 2, 1, 1, 3, 0, 1, 0, 0, 0, 0, 0, 1, 0, 1, 0, 0, 0, 1, 0, 0, 0, 3, 1, 0, 2, 0, 0, 0, 1, 0, 0, 0, 0, 3, 0, 1, 3, 0, 2, 1, 1, 1, 0, 0, 0, 0, 0, 1, 0, 0, 0, 1, 3, 0, 0, 0, 2, 0, 1, 0, 2, 0, 1, 0, 2, 1, 0, 0, 1, 2, 3, 1, 1, 3, 3, 1, 0, 0, 2, 0, 0, 0, 1, 1, 0, 0, 2, 0, 1, 0, 0, 0, 0, 0, 1, 0, 2, 3, 0],801.3187996866799,56926.15632660228,107760.52172589168,true
4,G4_BALANCED,G4_BALANCED,[31, 22, 82, 15, 26, 9, 95, 42, 77, 12, 47, 5, 93, 78, 86, 54, 85, 63, 18, 44, 20, 35, 43, 97, 91, 76, 10, 30, 21, 45, 61, 64, 1, 23, 17, 83, 24, 41, 60, 36, 6, 57, 40, 88, 65, 56, 79, 69, 67, 68, 46, 75, 38, 58, 19, 32, 81, 48, 27, 62, 87, 90, 99, 59, 11, 16, 72, 73, 70, 89, 37, 84, 3, 92, 25, 55, 28, 51, 29, 7, 96, 74, 33, 98, 39, 50, 66, 8, 80, 53, 14, 2, 34, 4, 52, 49, 0, 94, 71, 13]|[1, 1, 0, 1, 1, 0, 1, 2, 2, 1, 2, 2, 2, 1, 1, 0, 0, 0, 0, 2, 2, 0, 1, 2, 0, 1, 2, 2, 0, 0, 1, 2, 1, 2, 1, 0, 2, 1, 1, 1, 0, 1, 1, 1, 0, 2, 1, 2, 0, 0, 0, 0, 1, 1, 2, 1, 2, 1, 0, 0, 2, 1, 0, 1, 2, 1, 2, 1, 1, 1, 0, 1, 1, 0, 1, 1, 1, 0, 1, 1, 0, 2, 0, 2, 1, 0, 2, 1, 0, 0, 0, 0, 2, 1, 2, 0, 0, 1, 2, 0]|[4, 3, 2, 2, 4, 1, 2, 2, 1, 4, 0, 1, 2, 4, 4, 1, 2, 1, 2, 1, 1, 1, 1, 2, 1, 2, 1, 1, 1, 1, 3, 2, 3, 0, 4, 0, 1, 4, 0, 3, 2, 2, 2, 0, 1, 1, 0, 2, 0, 1, 2, 2, 1, 0, 0, 3, 1, 4, 1, 2, 2, 3, 1, 1, 1, 3, 0, 4, 3, 1, 1, 1, 1, 0, 4, 4, 4, 1, 3, 1, 1, 1, 1, 0, 1, 1, 0, 3, 1, 2, 2, 2, 1, 4, 1, 1, 2, 4, 1, 2]|[0, 2, 1, 1, 3, 0, 1, 0, 0, 0, 0, 0, 1, 0, 1, 0, 0, 0, 1, 0, 0, 0, 3, 1, 0, 2, 0, 0, 0, 1, 0, 0, 0, 0, 3, 0, 1, 3, 0, 2, 1, 1, 1, 0, 0, 0, 0, 0, 1, 0, 0, 0, 1, 3, 0, 0, 0, 2, 0, 1, 0, 2, 0, 1, 0, 2, 1, 0, 0, 1, 0, 3, 1, 1, 3, 3, 1, 0, 0, 2, 0, 0, 0, 0, 1, 0, 0, 2, 0, 1, 0, 0, 0, 0, 0, 1, 0, 2, 0, 0],786.1430875023194,57044.44410972526,108603.1045361672,false
4,G2_TEC,G2_TEC,[31, 22, 82, 15, 26, 9, 90, 42, 77, 4, 79, 5, 93, 78, 86, 54, 85, 63, 18, 44, 20, 49, 36, 14, 48, 50, 53, 17, 21, 45, 71, 64, 3, 23, 30, 83, 24, 41, 60, 52, 65, 27, 95, 70, 39, 87, 74, 69, 99, 68, 46, 1, 38, 58, 97, 59, 28, 8, 73, 37, 35, 47, 11, 66, 76, 57, 72, 16, 92, 6, 80, 61, 33, 98, 32, 34, 51, 67, 10, 7, 56, 43, 62, 19, 91, 13, 29, 96, 0, 81, 75, 40, 2, 55, 25, 88, 12, 94, 89, 84]|[2, 1, 2, 1, 1, 2, 2, 0, 1, 1, 1, 0, 2, 2, 1, 2, 0, 0, 0, 2, 2, 1, 0, 2, 2, 2, 2, 1, 0, 1, 1, 1, 0, 0, 1, 0, 2, 1, 2, 2, 0, 1, 1, 1, 0, 2, 0, 2, 1, 0, 0, 2, 2, 0, 2, 0, 2, 1, 0, 0, 2, 1, 0, 2, 2, 0, 1, 1, 0, 0, 2, 1, 1, 0, 0, 1, 0, 0, 1, 2, 2, 1, 0, 2, 1, 0, 1, 0, 0, 1, 2, 2, 2, 1, 1, 1, 1, 1, 1, 0]|[0, 3, 0, 2, 4, 1, 1, 0, 2, 4, 3, 2, 1, 0, 2, 1, 1, 1, 2, 1, 2, 3, 0, 1, 0, 1, 1, 4, 1, 0, 3, 2, 2, 0, 4, 1, 1, 4, 0, 1, 2, 2, 4, 4, 1, 1, 0, 2, 3, 1, 2, 1, 2, 1, 1, 2, 0, 3, 0, 2, 2, 3, 1, 0, 1, 2, 4, 0, 0, 1, 1, 3, 4, 1, 2, 4, 0, 1, 3, 1, 0, 4, 0, 0, 3, 2, 3, 2, 2, 1, 2, 0, 1, 3, 4, 4, 3, 4, 4, 2]|[0, 2, 0, 1, 3, 0, 0, 0, 0, 0, 2, 0, 1, 0, 1, 0, 0, 0, 1, 0, 0, 2, 0, 0, 0, 0, 0, 3, 0, 1, 0, 2, 0, 0, 3, 0, 1, 3, 1, 0, 0, 1, 1, 3, 0, 0, 1, 0, 2, 0, 0, 0, 0, 0, 1, 0, 0, 0, 1, 1, 0, 2, 0, 0, 0, 1, 2, 1, 1, 0, 0, 0, 1, 0, 0, 2, 0, 0, 3, 0, 0, 2, 0, 0, 0, 0, 0, 0, 0, 1, 1, 0, 0, 0, 3, 1, 0, 2, 1, 1],955.8733926004294,54536.65158988291,128477.30564999962,false
4,G3_TWC,G3_TWC,[31, 22, 82, 15, 26, 9, 95, 42, 77, 12, 47, 98, 93, 78, 86, 54, 85, 63, 18, 44, 20, 35, 43, 97, 37, 76, 10, 30, 21, 45, 61, 64, 1, 23, 17, 83, 24, 41, 60, 36, 6, 57, 40, 88, 65, 56, 79, 69, 67, 68, 46, 75, 38, 58, 19, 32, 81, 48, 27, 62, 4, 90, 99, 59, 11, 16, 72, 73, 70, 89, 91, 84, 3, 92, 25, 55, 28, 51, 29, 7, 96, 74, 5, 14, 39, 80, 33, 8, 50, 53, 66, 2, 34, 87, 52, 49, 0, 94, 71, 13]|[1, 1, 0, 1, 1, 0, 1, 2, 2, 1, 2, 2, 2, 1, 1, 0, 0, 0, 0, 2, 2, 0, 1, 2, 0, 1, 2, 2, 0, 0, 1, 2, 1, 2, 1, 0, 2, 1, 1, 1, 0, 1, 1, 1, 0, 2, 1, 2, 0, 0, 0, 0, 1, 1, 2, 1, 2, 1, 0, 0, 1, 1, 0, 1, 2, 1, 2, 1, 1, 1, 0, 1, 1, 0, 1, 1, 1, 0, 1, 1, 0, 2, 0, 0, 1, 0, 0, 1, 0, 0, 2, 0, 2, 1, 2, 0, 0, 1, 1, 0]|[4, 3, 2, 2, 4, 1, 2, 2, 1, 4, 0, 1, 2, 4, 4, 1, 2, 1, 2, 1, 1, 1, 1, 2, 1, 2, 1, 1, 1, 1, 1, 2, 3, 0, 4, 0, 1, 4, 0, 3, 2, 2, 2, 0, 1, 1, 0, 2, 0, 1, 2, 2, 1, 0, 0, 3, 1, 4, 1, 2, 4, 3, 1, 1, 1, 3, 0, 4, 3, 1, 1, 1, 1, 0, 4, 4, 4, 1, 3, 1, 1, 0, 1, 1, 1, 1, 2, 3, 1, 2, 0, 2, 1, 4, 1, 1, 2, 4, 3, 2]|[0, 2, 1, 1, 3, 0, 1, 0, 0, 0, 0, 0, 1, 0, 1, 0, 0, 0, 1, 0, 0, 0, 3, 1, 0, 2, 0, 0, 0, 1, 3, 0, 0, 0, 3, 0, 1, 3, 0, 2, 1, 1, 1, 0, 0, 0, 0, 0, 1, 0, 0, 0, 1, 3, 0, 0, 0, 2, 0, 1, 0, 2, 0, 1, 0, 2, 1, 0, 0, 1, 0, 3, 1, 1, 3, 3, 1, 0, 0, 2, 0, 0, 0, 0, 1, 0, 1, 2, 0, 1, 0, 0, 0, 0, 0, 1, 0, 2, 0, 0],801.1152038234617,57634.99404979431,104735.75926620692,false
4,G1_CMAX,G4_BALANCED,[31, 22, 82, 15, 73, 9, 95, 42, 77, 12, 47, 98, 93, 78, 86, 54, 85, 63, 18, 44, 20, 35, 43, 97, 37, 76, 10, 30, 21, 45, 71, 64, 1, 23, 17, 83, 24, 41, 60, 36, 6, 57, 40, 88, 65, 56, 79, 69, 67, 68, 46, 75, 38, 58, 19, 32, 81, 48, 27, 39, 87, 90, 99, 59, 11, 16, 72, 26, 70, 89, 96, 84, 3, 92, 25, 55, 28, 51, 29, 7, 91, 74, 5, 33, 62, 50, 66, 8, 80, 53, 14, 2, 34, 4, 52, 49, 0, 94, 61, 13]|[1, 1, 0, 1, 1, 0, 1, 2, 2, 1, 2, 2, 2, 1, 1, 0, 0, 0, 0, 2, 2, 0, 1, 2, 0, 1, 2, 2, 0, 0, 1, 2, 1, 2, 1, 0, 2, 1, 1, 1, 0, 1, 1, 1, 0, 2, 1, 2, 0, 0, 0, 0, 1, 1, 2, 1, 2, 1, 0, 1, 2, 1, 0, 1, 2, 1, 2, 1, 1, 1, 1, 1, 1, 0, 1, 1, 1, 0, 0, 1, 0, 2, 2, 0, 0, 0, 2, 1, 0, 0, 0, 0, 2, 1, 2, 0, 0, 1, 1, 0]|[4, 3, 2, 2, 4, 1, 2, 2, 1, 4, 0, 1, 2, 4, 4, 1, 2, 1, 2, 1, 1, 1, 1, 2, 1, 2, 1, 1, 1, 1, 3, 2, 3, 0, 4, 0, 1, 4, 0, 3, 2, 2, 2, 0, 1, 1, 0, 2, 0, 1, 2, 2, 1, 4, 0, 3, 1, 4, 1, 1, 2, 3, 1, 1, 1, 3, 0, 4, 3, 1, 3, 1, 1, 0, 4, 4, 4, 1, 1, 1, 1, 0, 1, 2, 2, 1, 0, 3, 1, 2, 1, 2, 1, 4, 1, 1, 2, 4, 1, 2]|[0, 2, 1, 1, 3, 0, 1, 0, 0, 0, 0, 0, 1, 0, 1, 0, 0, 0, 1, 0, 0, 0, 3, 1, 0, 2, 0, 0, 0, 1, 0, 0, 0, 0, 3, 0, 1, 3, 0, 2, 1, 1, 1, 0, 0, 0, 0, 0, 1, 0, 0, 0, 1, 3, 0, 0, 0, 2, 0, 1, 0, 2, 0, 1, 0, 2, 1, 0, 0, 1, 2, 3, 1, 1, 3, 3, 1, 0, 0, 2, 0, 0, 0, 1, 1, 0, 0, 2, 0, 1, 0, 0, 0, 0, 0, 1, 0, 2, 3, 0],801.3187996866799,56926.15632660228,107760.52172589168,true
4,G4_BALANCED,G4_BALANCED,[31, 22, 82, 15, 26, 9, 95, 42, 77, 12, 47, 5, 93, 78, 86, 54, 85, 63, 18, 44, 20, 35, 43, 97, 91, 76, 10, 30, 21, 45, 61, 64, 1, 23, 17, 83, 24, 41, 60, 36, 6, 57, 40, 88, 65, 56, 79, 69, 67, 68, 46, 75, 38, 58, 19, 32, 81, 48, 27, 62, 87, 90, 99, 59, 11, 16, 72, 73, 70, 89, 37, 84, 3, 92, 25, 55, 28, 51, 29, 7, 96, 74, 33, 98, 39, 50, 66, 8, 80, 53, 14, 2, 34, 4, 52, 49, 0, 94, 71, 13]|[1, 1, 0, 1, 1, 0, 1, 2, 2, 1, 2, 2, 2, 1, 1, 0, 0, 0, 0, 2, 2, 0, 1, 2, 0, 1, 2, 2, 0, 0, 1, 2, 1, 2, 1, 0, 2, 1, 1, 1, 0, 1, 1, 1, 0, 2, 1, 2, 0, 0, 0, 0, 1, 1, 2, 1, 2, 1, 0, 0, 2, 1, 0, 1, 2, 1, 2, 1, 1, 1, 0, 1, 1, 0, 1, 1, 1, 0, 1, 1, 0, 2, 0, 2, 1, 0, 2, 1, 0, 0, 0, 0, 2, 1, 2, 0, 0, 1, 2, 0]|[4, 3, 2, 2, 4, 1, 2, 2, 1, 4, 0, 1, 2, 4, 4, 1, 2, 1, 2, 1, 1, 1, 1, 2, 1, 2, 1, 1, 1, 1, 3, 2, 3, 0, 4, 0, 1, 4, 0, 3, 2, 2, 2, 0, 1, 1, 0, 2, 0, 1, 2, 2, 1, 0, 0, 3, 1, 4, 1, 2, 2, 3, 1, 1, 1, 3, 0, 4, 3, 1, 1, 1, 1, 0, 4, 4, 4, 1, 3, 1, 1, 1, 1, 0, 1, 1, 0, 3, 1, 2, 2, 2, 1, 4, 1, 1, 2, 4, 1, 2]|[0, 2, 1, 1, 3, 0, 1, 0, 0, 0, 0, 0, 1, 0, 1, 0, 0, 0, 1, 0, 0, 0, 3, 1, 0, 2, 0, 0, 0, 1, 0, 0, 0, 0, 3, 0, 1, 3, 0, 2, 1, 1, 1, 0, 0, 0, 0, 0, 1, 0, 0, 0, 1, 3, 0, 0, 0, 2, 0, 1, 0, 2, 0, 1, 0, 2, 1, 0, 0, 1, 0, 3, 1, 1, 3, 3, 1, 0, 0, 2, 0, 0, 0, 0, 1, 0, 0, 2, 0, 1, 0, 0, 0, 0, 0, 1, 0, 2, 0, 0],786.1430875023194,57044.44410972526,108603.1045361672,false
4,G2_TEC,G2_TEC,[31, 22, 82, 15, 26, 9, 90, 42, 77, 4, 79, 5, 93, 78, 86, 54, 85, 63, 18, 44, 20, 49, 36, 14, 48, 50, 53, 17, 21, 45, 71, 64, 3, 23, 30, 83, 24, 41, 60, 52, 65, 27, 95, 70, 39, 87, 74, 69, 99, 68, 46, 1, 38, 58, 97, 59, 28, 8, 73, 37, 35, 47, 11, 66, 76, 57, 72, 16, 92, 6, 80, 61, 33, 98, 32, 34, 51, 67, 10, 7, 56, 43, 62, 19, 91, 13, 29, 96, 0, 81, 75, 40, 2, 55, 25, 88, 12, 94, 89, 84]|[2, 1, 2, 1, 1, 2, 2, 0, 1, 1, 1, 0, 2, 2, 1, 2, 0, 0, 0, 2, 2, 1, 0, 2, 2, 2, 2, 1, 0, 1, 1, 1, 0, 0, 1, 0, 2, 1, 2, 2, 0, 1, 1, 1, 0, 2, 0, 2, 1, 0, 0, 2, 2, 0, 2, 0, 2, 1, 0, 0, 2, 1, 0, 2, 2, 0, 1, 1, 0, 0, 2, 1, 1, 0, 0, 1, 0, 0, 1, 2, 2, 1, 0, 2, 1, 0, 1, 0, 0, 1, 2, 2, 2, 1, 1, 1, 1, 1, 1, 0]|[0, 3, 0, 2, 4, 1, 1, 0, 2, 4, 3, 2, 1, 0, 2, 1, 1, 1, 2, 1, 2, 3, 0, 1, 0, 1, 1, 4, 1, 0, 3, 2, 2, 0, 4, 1, 1, 4, 0, 1, 2, 2, 4, 4, 1, 1, 0, 2, 3, 1, 2, 1, 2, 1, 1, 2, 0, 3, 0, 2, 2, 3, 1, 0, 1, 2, 4, 0, 0, 1, 1, 3, 4, 1, 2, 4, 0, 1, 3, 1, 0, 4, 0, 0, 3, 2, 3, 2, 2, 1, 2, 0, 1, 3, 4, 4, 3, 4, 4, 2]|[0, 2, 0, 1, 3, 0, 0, 0, 0, 0, 2, 0, 1, 0, 1, 0, 0, 0, 1, 0, 0, 2, 0, 0, 0, 0, 0, 3, 0, 1, 0, 2, 0, 0, 3, 0, 1, 3, 1, 0, 0, 1, 1, 3, 0, 0, 1, 0, 2, 0, 0, 0, 0, 0, 1, 0, 0, 0, 1, 1, 0, 2, 0, 0, 0, 1, 2, 1, 1, 0, 0, 0, 1, 0, 0, 2, 0, 0, 3, 0, 0, 2, 0, 0, 0, 0, 0, 0, 0, 1, 1, 0, 0, 0, 3, 1, 0, 2, 1, 1],955.8733926004294,54536.65158988291,128477.30564999962,false
4,G3_TWC,G1_CMAX,[31, 95, 9, 15, 82, 22, 42, 77, 26, 8, 47, 5, 93, 86, 78, 45, 80, 18, 44, 20, 63, 43, 97, 91, 76, 10, 30, 71, 64, 1, 14, 17, 83, 24, 41, 60, 36, 6, 57, 40, 88, 62, 75, 79, 67, 68, 85, 46, 56, 38, 58, 19, 32, 81, 69, 48, 27, 65, 90, 99, 59, 34, 16, 72, 73, 29, 39, 98, 84, 3, 92, 25, 55, 28, 51, 61, 7, 96, 74, 70, 33, 87, 54, 21, 50, 66, 35, 12, 53, 23, 2, 11, 4, 89, 52, 49, 0, 94, 37, 13]|[2, 1, 0, 1, 0, 1, 2, 1, 1, 1, 2, 2, 2, 1, 1, 0, 0, 0, 2, 2, 0, 1, 2, 0, 1, 2, 2, 1, 2, 1, 2, 2, 0, 2, 1, 1, 1, 0, 1, 2, 1, 0, 2, 1, 0, 0, 0, 2, 2, 1, 1, 2, 1, 2, 2, 1, 0, 0, 1, 0, 1, 2, 1, 2, 1, 1, 1, 0, 1, 1, 0, 1, 1, 1, 0, 1, 1, 1, 2, 1, 2, 0, 0, 0, 0, 2, 0, 1, 0, 2, 0, 2, 1, 1, 2, 0, 0, 1, 0, 0]|[1, 3, 2, 4, 1, 2, 2, 1, 0, 4, 0, 1, 2, 4, 4, 1, 1, 2, 1, 1, 1, 1, 2, 1, 2, 1, 1, 3, 2, 3, 0, 1, 1, 1, 4, 0, 3, 2, 2, 0, 0, 2, 1, 0, 0, 1, 2, 1, 1, 1, 0, 0, 3, 2, 2, 4, 1, 1, 3, 1, 2, 1, 3, 0, 4, 3, 0, 0, 1, 1, 0, 0, 4, 4, 1, 3, 1, 3, 0, 1, 2, 2, 1, 1, 1, 0, 1, 4, 2, 0, 2, 1, 4, 1, 1, 1, 2, 4, 1, 2]|[1, 3, 1, 0, 0, 1, 0, 2, 3, 2, 0, 0, 1, 1, 1, 0, 0, 1, 0, 0, 0, 3, 1, 0, 2, 0, 0, 0, 0, 0, 1, 0, 0, 1, 3, 0, 2, 1, 1, 0, 0, 1, 0, 0, 1, 0, 0, 0, 0, 1, 3, 0, 0, 1, 0, 2, 0, 0, 2, 0, 1, 0, 2, 1, 0, 0, 1, 0, 3, 1, 1, 3, 3, 1, 0, 0, 2, 2, 0, 3, 0, 1, 0, 0, 0, 0, 1, 3, 1, 0, 0, 0, 0, 1, 0, 1, 0, 2, 0, 0],760.3905621193804,59720.61998542996,105098.40235927113,true
4,G1_CMAX,G4_BALANCED,[31, 22, 82, 15, 73, 9, 95, 42, 77, 12, 47, 98, 93, 78, 86, 54, 85, 63, 18, 44, 20, 35, 43, 97, 37, 76, 10, 30, 21, 45, 71, 64, 1, 23, 17, 83, 24, 41, 60, 36, 6, 57, 40, 88, 65, 56, 79, 69, 67, 68, 46, 75, 38, 58, 19, 32, 81, 48, 27, 39, 87, 90, 99, 59, 11, 16, 72, 26, 70, 89, 96, 84, 3, 92, 25, 55, 28, 51, 29, 7, 91, 74, 5, 33, 62, 50, 66, 8, 80, 53, 14, 2, 34, 4, 52, 49, 0, 94, 61, 13]|[1, 1, 0, 1, 1, 0, 1, 2, 2, 1, 2, 2, 2, 1, 1, 0, 0, 0, 0, 2, 2, 0, 1, 2, 0, 1, 2, 2, 0, 0, 1, 2, 1, 2, 1, 0, 2, 1, 1, 1, 0, 1, 1, 1, 0, 2, 1, 2, 0, 0, 0, 0, 1, 1, 2, 1, 2, 1, 0, 1, 2, 1, 0, 1, 2, 1, 2, 1, 1, 1, 1, 1, 1, 0, 1, 1, 1, 0, 0, 1, 0, 2, 2, 0, 0, 0, 2, 1, 0, 0, 0, 0, 2, 1, 2, 0, 0, 1, 1, 0]|[4, 3, 2, 2, 4, 1, 2, 2, 1, 4, 0, 1, 2, 4, 4, 1, 2, 1, 2, 1, 1, 1, 1, 2, 1, 2, 1, 1, 1, 1, 3, 2, 3, 0, 4, 0, 1, 4, 0, 3, 2, 2, 2, 0, 1, 1, 0, 2, 0, 1, 2, 2, 1, 4, 0, 3, 1, 4, 1, 1, 2, 3, 1, 1, 1, 3, 0, 4, 3, 1, 3, 1, 1, 0, 4, 4, 4, 1, 1, 1, 1, 0, 1, 2, 2, 1, 0, 3, 1, 2, 1, 2, 1, 4, 1, 1, 2, 4, 1, 2]|[0, 2, 1, 1, 3, 0, 1, 0, 0, 0, 0, 0, 1, 0, 1, 0, 0, 0, 1, 0, 0, 0, 3, 1, 0, 2, 0, 0, 0, 1, 0, 0, 0, 0, 3, 0, 1, 3, 0, 2, 1, 1, 1, 0, 0, 0, 0, 0, 1, 0, 0, 0, 1, 3, 0, 0, 0, 2, 0, 1, 0, 2, 0, 1, 0, 2, 1, 0, 0, 1, 2, 3, 1, 1, 3, 3, 1, 0, 0, 2, 0, 0, 0, 1, 1, 0, 0, 2, 0, 1, 0, 0, 0, 0, 0, 1, 0, 2, 3, 0],801.3187996866799,56926.15632660228,107760.52172589168,true
4,G4_BALANCED,G4_BALANCED,[31, 22, 82, 15, 26, 9, 95, 42, 77, 12, 47, 5, 93, 78, 86, 54, 85, 63, 18, 44, 20, 35, 43, 97, 91, 76, 10, 30, 21, 45, 61, 64, 1, 23, 17, 83, 24, 41, 60, 36, 6, 57, 40, 88, 65, 56, 79, 69, 67, 68, 46, 75, 38, 58, 19, 32, 81, 48, 27, 62, 87, 90, 99, 59, 11, 16, 72, 73, 70, 89, 37, 84, 3, 92, 25, 55, 28, 51, 29, 7, 96, 74, 33, 98, 39, 50, 66, 8, 80, 53, 14, 2, 34, 4, 52, 49, 0, 94, 71, 13]|[1, 1, 0, 1, 1, 0, 1, 2, 2, 1, 2, 2, 2, 1, 1, 0, 0, 0, 0, 2, 2, 0, 1, 2, 0, 1, 2, 2, 0, 0, 1, 2, 1, 2, 1, 0, 2, 1, 1, 1, 0, 1, 1, 1, 0, 2, 1, 2, 0, 0, 0, 0, 1, 1, 2, 1, 2, 1, 0, 0, 2, 1, 0, 1, 2, 1, 2, 1, 1, 1, 0, 1, 1, 0, 1, 1, 1, 0, 1, 1, 0, 2, 0, 2, 1, 0, 2, 1, 0, 0, 0, 0, 2, 1, 2, 0, 0, 1, 2, 0]|[4, 3, 2, 2, 4, 1, 2, 2, 1, 4, 0, 1, 2, 4, 4, 1, 2, 1, 2, 1, 1, 1, 1, 2, 1, 2, 1, 1, 1, 1, 3, 2, 3, 0, 4, 0, 1, 4, 0, 3, 2, 2, 2, 0, 1, 1, 0, 2, 0, 1, 2, 2, 1, 0, 0, 3, 1, 4, 1, 2, 2, 3, 1, 1, 1, 3, 0, 4, 3, 1, 1, 1, 1, 0, 4, 4, 4, 1, 3, 1, 1, 1, 1, 0, 1, 1, 0, 3, 1, 2, 2, 2, 1, 4, 1, 1, 2, 4, 1, 2]|[0, 2, 1, 1, 3, 0, 1, 0, 0, 0, 0, 0, 1, 0, 1, 0, 0, 0, 1, 0, 0, 0, 3, 1, 0, 2, 0, 0, 0, 1, 0, 0, 0, 0, 3, 0, 1, 3, 0, 2, 1, 1, 1, 0, 0, 0, 0, 0, 1, 0, 0, 0, 1, 3, 0, 0, 0, 2, 0, 1, 0, 2, 0, 1, 0, 2, 1, 0, 0, 1, 0, 3, 1, 1, 3, 3, 1, 0, 0, 2, 0, 0, 0, 0, 1, 0, 0, 2, 0, 1, 0, 0, 0, 0, 0, 1, 0, 2, 0, 0],786.1430875023194,57044.44410972526,108603.1045361672,false
4,G2_TEC,G2_TEC,[31, 22, 82, 15, 26, 9, 90, 42, 77, 4, 79, 5, 93, 78, 86, 54, 85, 63, 18, 44, 20, 49, 36, 14, 48, 50, 53, 17, 21, 45, 71, 64, 3, 23, 30, 83, 24, 41, 60, 52, 65, 27, 95, 70, 39, 87, 74, 69, 99, 68, 46, 1, 38, 58, 97, 59, 28, 8, 73, 37, 35, 47, 11, 66, 76, 57, 72, 16, 92, 6, 80, 61, 33, 98, 32, 34, 51, 67, 10, 7, 56, 43, 62, 19, 91, 13, 29, 96, 0, 81, 75, 40, 2, 55, 25, 88, 12, 94, 89, 84]|[2, 1, 2, 1, 1, 2, 2, 0, 1, 1, 1, 0, 2, 2, 1, 2, 0, 0, 0, 2, 2, 1, 0, 2, 2, 2, 2, 1, 0, 1, 1, 1, 0, 0, 1, 0, 2, 1, 2, 2, 0, 1, 1, 1, 0, 2, 0, 2, 1, 0, 0, 2, 2, 0, 2, 0, 2, 1, 0, 0, 2, 1, 0, 2, 2, 0, 1, 1, 0, 0, 2, 1, 1, 0, 0, 1, 0, 0, 1, 2, 2, 1, 0, 2, 1, 0, 1, 0, 0, 1, 2, 2, 2, 1, 1, 1, 1, 1, 1, 0]|[0, 3, 0, 2, 4, 1, 1, 0, 2, 4, 3, 2, 1, 0, 2, 1, 1, 1, 2, 1, 2, 3, 0, 1, 0, 1, 1, 4, 1, 0, 3, 2, 2, 0, 4, 1, 1, 4, 0, 1, 2, 2, 4, 4, 1, 1, 0, 2, 3, 1, 2, 1, 2, 1, 1, 2, 0, 3, 0, 2, 2, 3, 1, 0, 1, 2, 4, 0, 0, 1, 1, 3, 4, 1, 2, 4, 0, 1, 3, 1, 0, 4, 0, 0, 3, 2, 3, 2, 2, 1, 2, 0, 1, 3, 4, 4, 3, 4, 4, 2]|[0, 2, 0, 1, 3, 0, 0, 0, 0, 0, 2, 0, 1, 0, 1, 0, 0, 0, 1, 0, 0, 2, 0, 0, 0, 0, 0, 3, 0, 1, 0, 2, 0, 0, 3, 0, 1, 3, 1, 0, 0, 1, 1, 3, 0, 0, 1, 0, 2, 0, 0, 0, 0, 0, 1, 0, 0, 0, 1, 1, 0, 2, 0, 0, 0, 1, 2, 1, 1, 0, 0, 0, 1, 0, 0, 2, 0, 0, 3, 0, 0, 2, 0, 0, 0, 0, 0, 0, 0, 1, 1, 0, 0, 0, 3, 1, 0, 2, 1, 1],955.8733926004294,54536.65158988291,128477.30564999962,false
4,G3_TWC,G3_TWC,[31, 22, 82, 15, 26, 9, 95, 42, 77, 12, 47, 5, 93, 78, 86, 54, 85, 41, 18, 44, 20, 35, 43, 97, 91, 76, 10, 30, 21, 45, 61, 64, 1, 23, 17, 83, 24, 63, 60, 36, 6, 57, 40, 88, 65, 56, 79, 69, 67, 68, 46, 75, 38, 58, 19, 32, 81, 48, 27, 62, 87, 90, 99, 59, 11, 16, 72, 73, 70, 89, 37, 84, 3, 92, 25, 55, 28, 51, 29, 7, 96, 74, 98, 33, 39, 50, 66, 8, 80, 53, 14, 2, 34, 4, 52, 49, 0, 94, 71, 13]|[1, 1, 0, 1, 1, 0, 1, 2, 2, 1, 2, 2, 2, 1, 1, 0, 0, 1, 0, 2, 2, 0, 1, 2, 0, 1, 2, 2, 0, 0, 1, 2, 1, 2, 1, 0, 2, 0, 1, 1, 0, 1, 1, 1, 0, 2, 1, 2, 0, 0, 0, 0, 1, 1, 2, 1, 2, 1, 0, 0, 2, 1, 0, 1, 2, 1, 2, 1, 1, 1, 0, 1, 1, 0, 1, 1, 0, 0, 0, 1, 0, 2, 0, 0, 1, 0, 2, 1, 0, 0, 0, 0, 2, 1, 2, 0, 0, 1, 1, 0]|[4, 3, 2, 2, 4, 1, 2, 2, 1, 4, 0, 1, 2, 4, 4, 1, 2, 4, 2, 1, 1, 1, 1, 2, 1, 2, 1, 1, 1, 1, 3, 2, 3, 0, 4, 0, 1, 1, 0, 3, 2, 2, 2, 0, 1, 1, 0, 2, 0, 1, 2, 2, 1, 0, 0, 3, 2, 4, 1, 2, 2, 3, 1, 1, 1, 3, 0, 4, 3, 1, 1, 1, 1, 0, 4, 4, 2, 1, 1, 1, 1, 1, 1, 2, 1, 1, 0, 3, 1, 2, 2, 2, 1, 4, 1, 1, 2, 4, 3, 2]|[0, 2, 1, 1, 3, 0, 1, 0, 0, 0, 0, 0, 1, 0, 1, 0, 0, 3, 1, 0, 0, 0, 3, 1, 0, 2, 0, 0, 0, 1, 0, 0, 0, 0, 3, 0, 1, 0, 0, 2, 1, 1, 1, 0, 0, 0, 0, 0, 1, 0, 0, 0, 1, 3, 0, 0, 1, 2, 0, 1, 0, 2, 0, 1, 0, 2, 1, 0, 0, 1, 0, 3, 1, 1, 3, 3, 1, 0, 0, 2, 0, 0, 0, 1, 1, 0, 0, 2, 0, 1, 0, 0, 0, 0, 0, 1, 0, 2, 0, 0],841.0046271093007,58181.69522866253,103867.6747749024,false
4,G1_CMAX,G4_BALANCED,[31, 22, 82, 15, 73, 9, 95, 42, 77, 12, 47, 98, 93, 78, 86, 54, 85, 63, 18, 44, 20, 35, 43, 97, 37, 76, 10, 30, 21, 45, 71, 64, 1, 23, 17, 83, 24, 41, 60, 36, 6, 57, 40, 88, 65, 56, 79, 69, 67, 68, 46, 75, 38, 58, 19, 32, 81, 48, 27, 39, 87, 90, 99, 59, 11, 16, 72, 26, 70, 89, 96, 84, 3, 92, 25, 55, 28, 51, 29, 7, 91, 74, 5, 33, 62, 50, 66, 8, 80, 53, 14, 2, 34, 4, 52, 49, 0, 94, 61, 13]|[1, 1, 0, 1, 1, 0, 1, 2, 2, 1, 2, 2, 2, 1, 1, 0, 0, 0, 0, 2, 2, 0, 1, 2, 0, 1, 2, 2, 0, 0, 1, 2, 1, 2, 1, 0, 2, 1, 1, 1, 0, 1, 1, 1, 0, 2, 1, 2, 0, 0, 0, 0, 1, 1, 2, 1, 2, 1, 0, 1, 2, 1, 0, 1, 2, 1, 2, 1, 1, 1, 1, 1, 1, 0, 1, 1, 1, 0, 0, 1, 0, 2, 2, 0, 0, 0, 2, 1, 0, 0, 0, 0, 2, 1, 2, 0, 0, 1, 1, 0]|[4, 3, 2, 2, 4, 1, 2, 2, 1, 4, 0, 1, 2, 4, 4, 1, 2, 1, 2, 1, 1, 1, 1, 2, 1, 2, 1, 1, 1, 1, 3, 2, 3, 0, 4, 0, 1, 4, 0, 3, 2, 2, 2, 0, 1, 1, 0, 2, 0, 1, 2, 2, 1, 4, 0, 3, 1, 4, 1, 1, 2, 3, 1, 1, 1, 3, 0, 4, 3, 1, 3, 1, 1, 0, 4, 4, 4, 1, 1, 1, 1, 0, 1, 2, 2, 1, 0, 3, 1, 2, 1, 2, 1, 4, 1, 1, 2, 4, 1, 2]|[0, 2, 1, 1, 3, 0, 1, 0, 0, 0, 0, 0, 1, 0, 1, 0, 0, 0, 1, 0, 0, 0, 3, 1, 0, 2, 0, 0, 0, 1, 0, 0, 0, 0, 3, 0, 1, 3, 0, 2, 1, 1, 1, 0, 0, 0, 0, 0, 1, 0, 0, 0, 1, 3, 0, 0, 0, 2, 0, 1, 0, 2, 0, 1, 0, 2, 1, 0, 0, 1, 2, 3, 1, 1, 3, 3, 1, 0, 0, 2, 0, 0, 0, 1, 1, 0, 0, 2, 0, 1, 0, 0, 0, 0, 0, 1, 0, 2, 3, 0],801.3187996866799,56926.15632660228,107760.52172589168,true
4,G4_BALANCED,G4_BALANCED,[31, 22, 82, 15, 26, 9, 95, 42, 77, 12, 47, 5, 93, 78, 86, 54, 85, 63, 18, 44, 20, 35, 43, 97, 91, 76, 10, 30, 21, 45, 61, 64, 1, 23, 17, 83, 24, 41, 60, 36, 6, 57, 40, 88, 65, 56, 79, 69, 67, 68, 46, 75, 38, 58, 19, 32, 81, 48, 27, 62, 87, 90, 99, 59, 11, 16, 72, 73, 70, 89, 37, 84, 3, 92, 25, 55, 28, 51, 29, 7, 96, 74, 33, 98, 39, 50, 66, 8, 80, 53, 14, 2, 34, 4, 52, 49, 0, 94, 71, 13]|[1, 1, 0, 1, 1, 0, 1, 2, 2, 1, 2, 2, 2, 1, 1, 0, 0, 0, 0, 2, 2, 0, 1, 2, 0, 1, 2, 2, 0, 0, 1, 2, 1, 2, 1, 0, 2, 1, 1, 1, 0, 1, 1, 1, 0, 2, 1, 2, 0, 0, 0, 0, 1, 1, 2, 1, 2, 1, 0, 0, 2, 1, 0, 1, 2, 1, 2, 1, 1, 1, 0, 1, 1, 0, 1, 1, 1, 0, 1, 1, 0, 2, 0, 2, 1, 0, 2, 1, 0, 0, 0, 0, 2, 1, 2, 0, 0, 1, 2, 0]|[4, 3, 2, 2, 4, 1, 2, 2, 1, 4, 0, 1, 2, 4, 4, 1, 2, 1, 2, 1, 1, 1, 1, 2, 1, 2, 1, 1, 1, 1, 3, 2, 3, 0, 4, 0, 1, 4, 0, 3, 2, 2, 2, 0, 1, 1, 0, 2, 0, 1, 2, 2, 1, 0, 0, 3, 1, 4, 1, 2, 2, 3, 1, 1, 1, 3, 0, 4, 3, 1, 1, 1, 1, 0, 4, 4, 4, 1, 3, 1, 1, 1, 1, 0, 1, 1, 0, 3, 1, 2, 2, 2, 1, 4, 1, 1, 2, 4, 1, 2]|[0, 2, 1, 1, 3, 0, 1, 0, 0, 0, 0, 0, 1, 0, 1, 0, 0, 0, 1, 0, 0, 0, 3, 1, 0, 2, 0, 0, 0, 1, 0, 0, 0, 0, 3, 0, 1, 3, 0, 2, 1, 1, 1, 0, 0, 0, 0, 0, 1, 0, 0, 0, 1, 3, 0, 0, 0, 2, 0, 1, 0, 2, 0, 1, 0, 2, 1, 0, 0, 1, 0, 3, 1, 1, 3, 3, 1, 0, 0, 2, 0, 0, 0, 0, 1, 0, 0, 2, 0, 1, 0, 0, 0, 0, 0, 1, 0, 2, 0, 0],786.1430875023194,57044.44410972526,108603.1045361672,false
4,G2_TEC,G2_TEC,[31, 22, 82, 15, 26, 9, 90, 42, 77, 4, 79, 5, 93, 78, 86, 54, 85, 63, 18, 44, 20, 49, 36, 14, 48, 50, 53, 17, 21, 45, 71, 64, 3, 23, 30, 83, 24, 41, 60, 52, 65, 27, 95, 70, 39, 87, 74, 69, 99, 68, 46, 1, 38, 58, 97, 59, 28, 8, 73, 37, 35, 47, 11, 66, 76, 57, 72, 16, 92, 6, 80, 61, 33, 98, 32, 34, 51, 67, 10, 7, 56, 43, 62, 19, 91, 13, 29, 96, 0, 81, 75, 40, 2, 55, 25, 88, 12, 94, 89, 84]|[2, 1, 2, 1, 1, 2, 2, 0, 1, 1, 1, 0, 2, 2, 1, 2, 0, 0, 0, 2, 2, 1, 0, 2, 2, 2, 2, 1, 0, 1, 1, 1, 0, 0, 1, 0, 2, 1, 2, 2, 0, 1, 1, 1, 0, 2, 0, 2, 1, 0, 0, 2, 2, 0, 2, 0, 2, 1, 0, 0, 2, 1, 0, 2, 2, 0, 1, 1, 0, 0, 2, 1, 1, 0, 0, 1, 0, 0, 1, 2, 2, 1, 0, 2, 1, 0, 1, 0, 0, 1, 2, 2, 2, 1, 1, 1, 1, 1, 1, 0]|[0, 3, 0, 2, 4, 1, 1, 0, 2, 4, 3, 2, 1, 0, 2, 1, 1, 1, 2, 1, 2, 3, 0, 1, 0, 1, 1, 4, 1, 0, 3, 2, 2, 0, 4, 1, 1, 4, 0, 1, 2, 2, 4, 4, 1, 1, 0, 2, 3, 1, 2, 1, 2, 1, 1, 2, 0, 3, 0, 2, 2, 3, 1, 0, 1, 2, 4, 0, 0, 1, 1, 3, 4, 1, 2, 4, 0, 1, 3, 1, 0, 4, 0, 0, 3, 2, 3, 2, 2, 1, 2, 0, 1, 3, 4, 4, 3, 4, 4, 2]|[0, 2, 0, 1, 3, 0, 0, 0, 0, 0, 2, 0, 1, 0, 1, 0, 0, 0, 1, 0, 0, 2, 0, 0, 0, 0, 0, 3, 0, 1, 0, 2, 0, 0, 3, 0, 1, 3, 1, 0, 0, 1, 1, 3, 0, 0, 1, 0, 2, 0, 0, 0, 0, 0, 1, 0, 0, 0, 1, 1, 0, 2, 0, 0, 0, 1, 2, 1, 1, 0, 0, 0, 1, 0, 0, 2, 0, 0, 3, 0, 0, 2, 0, 0, 0, 0, 0, 0, 0, 1, 1, 0, 0, 0, 3, 1, 0, 2, 1, 1],955.8733926004294,54536.65158988291,128477.30564999962,false
4,G3_TWC,G3_TWC,[31, 22, 82, 15, 26, 9, 95, 42, 77, 12, 47, 5, 93, 78, 86, 54, 85, 41, 18, 44, 20, 35, 43, 97, 91, 76, 10, 30, 21, 45, 61, 64, 1, 23, 17, 83, 24, 63, 60, 36, 6, 57, 40, 88, 65, 56, 79, 69, 67, 68, 46, 75, 38, 58, 19, 32, 81, 48, 27, 62, 90, 87, 99, 59, 11, 16, 72, 73, 70, 89, 37, 84, 3, 92, 25, 55, 28, 51, 29, 7, 96, 74, 98, 33, 53, 50, 66, 80, 8, 39, 14, 2, 34, 4, 52, 49, 0, 94, 71, 13]|[2, 1, 0, 1, 1, 0, 1, 2, 2, 1, 2, 2, 2, 1, 1, 0, 0, 1, 0, 2, 2, 0, 1, 2, 0, 1, 2, 2, 0, 0, 1, 2, 1, 2, 1, 0, 2, 0, 1, 1, 0, 1, 1, 1, 0, 2, 1, 2, 0, 0, 0, 0, 1, 1, 2, 1, 2, 1, 0, 0, 1, 2, 0, 1, 2, 1, 2, 1, 1, 1, 0, 1, 1, 0, 1, 1, 0, 0, 0, 1, 0, 2, 0, 0, 0, 0, 2, 0, 1, 1, 0, 0, 2, 1, 2, 0, 0, 1, 1, 0]|[1, 3, 2, 2, 4, 1, 2, 2, 1, 4, 0, 1, 2, 4, 4, 1, 2, 4, 2, 1, 1, 1, 1, 2, 1, 2, 1, 1, 1, 1, 3, 2, 3, 0, 4, 0, 1, 1, 0, 3, 2, 2, 2, 0, 1, 1, 0, 2, 0, 1, 2, 2, 1, 0, 0, 3, 2, 4, 1, 2, 3, 2, 1, 1, 1, 3, 0, 4, 3, 1, 1, 1, 1, 0, 4, 4, 2, 1, 1, 1, 1, 1, 1, 2, 2, 1, 0, 1, 3, 1, 2, 2, 1, 4, 1, 1, 2, 4, 3, 2]|[1, 2, 1, 1, 3, 0, 1, 0, 0, 0, 0, 0, 1, 0, 1, 0, 0, 3, 1, 0, 0, 0, 3, 1, 0, 2, 0, 0, 0, 1, 0, 0, 0, 0, 3, 0, 1, 0, 0, 2, 1, 1, 1, 0, 0, 0, 0, 0, 1, 0, 0, 0, 1, 3, 0, 0, 1, 2, 0, 1, 2, 0, 0, 1, 0, 2, 1, 0, 0, 1, 0, 3, 1, 1, 3, 3, 1, 0, 0, 2, 0, 0, 0, 1, 1, 0, 0, 0, 2, 1, 0, 0, 0, 0, 0, 1, 0, 2, 0, 0],841.0046271093007,57942.35459701435,103006.41677086438,false
4,G1_CMAX,G4_BALANCED,[31, 22, 82, 15, 73, 9, 95, 42, 77, 12, 47, 98, 93, 78, 86, 54, 85, 63, 18, 44, 20, 35, 43, 97, 37, 76, 10, 30, 21, 45, 71, 64, 1, 23, 17, 83, 24, 41, 60, 36, 6, 57, 40, 88, 65, 56, 79, 69, 67, 68, 46, 75, 38, 58, 19, 32, 81, 48, 27, 39, 87, 90, 99, 59, 11, 16, 72, 26, 70, 89, 96, 84, 3, 92, 25, 55, 28, 51, 29, 7, 91, 74, 5, 33, 62, 50, 66, 8, 80, 53, 14, 2, 34, 4, 52, 49, 0, 94, 61, 13]|[1, 1, 0, 1, 1, 0, 1, 2, 2, 1, 2, 2, 2, 1, 1, 0, 0, 0, 0, 2, 2, 0, 1, 2, 0, 1, 2, 2, 0, 0, 1, 2, 1, 2, 1, 0, 2, 1, 1, 1, 0, 1, 1, 1, 0, 2, 1, 2, 0, 0, 0, 0, 1, 1, 2, 1, 2, 1, 0, 1, 2, 1, 0, 1, 2, 1, 2, 1, 1, 1, 1, 1, 1, 0, 1, 1, 1, 0, 0, 1, 0, 2, 2, 0, 0, 0, 2, 1, 0, 0, 0, 0, 2, 1, 2, 0, 0, 1, 1, 0]|[4, 3, 2, 2, 4, 1, 2, 2, 1, 4, 0, 1, 2, 4, 4, 1, 2, 1, 2, 1, 1, 1, 1, 2, 1, 2, 1, 1, 1, 1, 3, 2, 3, 0, 4, 0, 1, 4, 0, 3, 2, 2, 2, 0, 1, 1, 0, 2, 0, 1, 2, 2, 1, 4, 0, 3, 1, 4, 1, 1, 2, 3, 1, 1, 1, 3, 0, 4, 3, 1, 3, 1, 1, 0, 4, 4, 4, 1, 1, 1, 1, 0, 1, 2, 2, 1, 0, 3, 1, 2, 1, 2, 1, 4, 1, 1, 2, 4, 1, 2]|[0, 2, 1, 1, 3, 0, 1, 0, 0, 0, 0, 0, 1, 0, 1, 0, 0, 0, 1, 0, 0, 0, 3, 1, 0, 2, 0, 0, 0, 1, 0, 0, 0, 0, 3, 0, 1, 3, 0, 2, 1, 1, 1, 0, 0, 0, 0, 0, 1, 0, 0, 0, 1, 3, 0, 0, 0, 2, 0, 1, 0, 2, 0, 1, 0, 2, 1, 0, 0, 1, 2, 3, 1, 1, 3, 3, 1, 0, 0, 2, 0, 0, 0, 1, 1, 0, 0, 2, 0, 1, 0, 0, 0, 0, 0, 1, 0, 2, 3, 0],801.3187996866799,56926.15632660228,107760.52172589168,true
4,G4_BALANCED,G4_BALANCED,[31, 22, 82, 15, 26, 9, 95, 42, 77, 12, 47, 5, 93, 78, 86, 54, 85, 63, 18, 44, 20, 35, 43, 97, 91, 76, 10, 30, 21, 45, 61, 64, 1, 23, 17, 83, 24, 41, 60, 36, 6, 57, 40, 88, 65, 56, 79, 69, 67, 68, 46, 75, 38, 58, 19, 32, 81, 48, 27, 62, 87, 90, 99, 59, 11, 16, 72, 73, 70, 89, 37, 84, 3, 92, 25, 55, 28, 51, 29, 7, 96, 74, 33, 98, 39, 50, 66, 8, 80, 53, 14, 2, 34, 4, 52, 49, 0, 94, 71, 13]|[1, 1, 0, 1, 1, 0, 1, 2, 2, 1, 2, 2, 2, 1, 1, 0, 0, 0, 0, 2, 2, 0, 1, 2, 0, 1, 2, 2, 0, 0, 1, 2, 1, 2, 1, 0, 2, 1, 1, 1, 0, 1, 1, 1, 0, 2, 1, 2, 0, 0, 0, 0, 1, 1, 2, 1, 2, 1, 0, 0, 2, 1, 0, 1, 2, 1, 2, 1, 1, 1, 0, 1, 1, 0, 1, 1, 1, 0, 1, 1, 0, 2, 0, 2, 1, 0, 2, 1, 0, 0, 0, 0, 2, 1, 2, 0, 0, 1, 2, 0]|[4, 3, 2, 2, 4, 1, 2, 2, 1, 4, 0, 1, 2, 4, 4, 1, 2, 1, 2, 1, 1, 1, 1, 2, 1, 2, 1, 1, 1, 1, 3, 2, 3, 0, 4, 0, 1, 4, 0, 3, 2, 2, 2, 0, 1, 1, 0, 2, 0, 1, 2, 2, 1, 0, 0, 3, 1, 4, 1, 2, 2, 3, 1, 1, 1, 3, 0, 4, 3, 1, 1, 1, 1, 0, 4, 4, 4, 1, 3, 1, 1, 1, 1, 0, 1, 1, 0, 3, 1, 2, 2, 2, 1, 4, 1, 1, 2, 4, 1, 2]|[0, 2, 1, 1, 3, 0, 1, 0, 0, 0, 0, 0, 1, 0, 1, 0, 0, 0, 1, 0, 0, 0, 3, 1, 0, 2, 0, 0, 0, 1, 0, 0, 0, 0, 3, 0, 1, 3, 0, 2, 1, 1, 1, 0, 0, 0, 0, 0, 1, 0, 0, 0, 1, 3, 0, 0, 0, 2, 0, 1, 0, 2, 0, 1, 0, 2, 1, 0, 0, 1, 0, 3, 1, 1, 3, 3, 1, 0, 0, 2, 0, 0, 0, 0, 1, 0, 0, 2, 0, 1, 0, 0, 0, 0, 0, 1, 0, 2, 0, 0],786.1430875023194,57044.44410972526,108603.1045361672,false
4,G2_TEC,G2_TEC,[31, 22, 82, 15, 26, 9, 90, 42, 77, 4, 79, 5, 93, 78, 86, 54, 85, 63, 18, 44, 20, 49, 36, 14, 48, 50, 53, 17, 21, 45, 71, 64, 3, 23, 30, 83, 24, 41, 60, 52, 65, 27, 95, 70, 39, 87, 74, 69, 99, 68, 46, 1, 38, 58, 97, 59, 28, 8, 73, 37, 35, 47, 11, 66, 76, 57, 72, 16, 92, 6, 80, 61, 33, 98, 32, 34, 51, 67, 10, 7, 56, 43, 62, 19, 91, 13, 29, 96, 0, 81, 75, 40, 2, 55, 25, 88, 12, 94, 89, 84]|[2, 1, 2, 1, 1, 2, 2, 0, 1, 1, 1, 0, 2, 2, 1, 2, 0, 0, 0, 2, 2, 1, 0, 2, 2, 2, 2, 1, 0, 1, 1, 1, 0, 0, 1, 0, 2, 1, 2, 2, 0, 1, 1, 1, 0, 2, 0, 2, 1, 0, 0, 2, 2, 0, 2, 0, 2, 1, 0, 0, 2, 1, 0, 2, 2, 0, 1, 1, 0, 0, 2, 1, 1, 0, 0, 1, 0, 0, 1, 2, 2, 1, 0, 2, 1, 0, 1, 0, 0, 1, 2, 2, 2, 1, 1, 1, 1, 1, 1, 0]|[0, 3, 0, 2, 4, 1, 1, 0, 2, 4, 3, 2, 1, 0, 2, 1, 1, 1, 2, 1, 2, 3, 0, 1, 0, 1, 1, 4, 1, 0, 3, 2, 2, 0, 4, 1, 1, 4, 0, 1, 2, 2, 4, 4, 1, 1, 0, 2, 3, 1, 2, 1, 2, 1, 1, 2, 0, 3, 0, 2, 2, 3, 1, 0, 1, 2, 4, 0, 0, 1, 1, 3, 4, 1, 2, 4, 0, 1, 3, 1, 0, 4, 0, 0, 3, 2, 3, 2, 2, 1, 2, 0, 1, 3, 4, 4, 3, 4, 4, 2]|[0, 2, 0, 1, 3, 0, 0, 0, 0, 0, 2, 0, 1, 0, 1, 0, 0, 0, 1, 0, 0, 2, 0, 0, 0, 0, 0, 3, 0, 1, 0, 2, 0, 0, 3, 0, 1, 3, 1, 0, 0, 1, 1, 3, 0, 0, 1, 0, 2, 0, 0, 0, 0, 0, 1, 0, 0, 0, 1, 1, 0, 2, 0, 0, 0, 1, 2, 1, 1, 0, 0, 0, 1, 0, 0, 2, 0, 0, 3, 0, 0, 2, 0, 0, 0, 0, 0, 0, 0, 1, 1, 0, 0, 0, 3, 1, 0, 2, 1, 1],955.8733926004294,54536.65158988291,128477.30564999962,false
4,G3_TWC,G3_TWC,[31, 22, 82, 15, 26, 9, 95, 42, 77, 12, 47, 5, 93, 78, 86, 54, 85, 41, 18, 44, 20, 35, 43, 97, 91, 76, 10, 30, 21, 45, 61, 64, 1, 23, 17, 83, 24, 63, 60, 36, 6, 57, 40, 88, 65, 56, 79, 69, 67, 68, 46, 75, 38, 58, 19, 32, 81, 48, 27, 62, 90, 87, 99, 59, 11, 16, 72, 73, 70, 89, 37, 84, 3, 92, 25, 55, 28, 51, 29, 7, 96, 74, 98, 33, 53, 50, 66, 80, 8, 39, 14, 2, 34, 4, 52, 49, 0, 94, 71, 13]|[2, 1, 0, 1, 1, 0, 1, 2, 2, 1, 2, 2, 2, 1, 1, 0, 0, 1, 0, 2, 2, 0, 1, 2, 0, 1, 2, 2, 0, 0, 1, 2, 1, 2, 1, 0, 2, 0, 1, 1, 0, 1, 1, 1, 0, 2, 1, 2, 0, 0, 0, 0, 1, 1, 2, 1, 2, 1, 0, 0, 1, 2, 0, 1, 2, 1, 2, 1, 1, 1, 0, 1, 1, 0, 1, 1, 0, 0, 0, 1, 0, 2, 0, 0, 0, 0, 2, 0, 1, 1, 0, 0, 2, 1, 2, 0, 0, 1, 1, 0]|[1, 3, 2, 2, 4, 1, 2, 2, 1, 4, 0, 1, 2, 4, 4, 1, 2, 4, 2, 1, 1, 1, 1, 2, 1, 2, 1, 1, 1, 1, 3, 2, 3, 0, 4, 0, 1, 1, 0, 3, 2, 2, 2, 0, 1, 1, 0, 2, 0, 1, 2, 2, 1, 0, 0, 3, 2, 4, 1, 2, 3, 2, 1, 1, 1, 3, 0, 4, 3, 1, 1, 1, 1, 0, 4, 4, 2, 1, 1, 1, 1, 1, 1, 2, 2, 1, 0, 1, 3, 1, 2, 2, 1, 4, 1, 1, 2, 4, 3, 2]|[1, 2, 1, 1, 3, 0, 1, 0, 0, 0, 0, 0, 1, 0, 1, 0, 0, 3, 1, 0, 0, 0, 3, 1, 0, 2, 0, 0, 0, 1, 0, 0, 0, 0, 3, 0, 1, 0, 0, 2, 1, 1, 1, 0, 0, 0, 0, 0, 1, 0, 0, 0, 1, 3, 0, 0, 1, 2, 0, 1, 2, 0, 0, 1, 0, 2, 1, 0, 0, 1, 0, 3, 1, 1, 3, 3, 1, 0, 0, 2, 0, 0, 0, 1, 1, 0, 0, 0, 2, 1, 0, 0, 0, 0, 0, 1, 0, 2, 0, 0],841.0046271093007,57942.35459701435,103006.41677086438,false
4,G1_CMAX,G4_BALANCED,[31, 22, 82, 15, 73, 9, 95, 42, 77, 12, 47, 98, 93, 78, 86, 54, 85, 63, 18, 44, 20, 35, 43, 97, 37, 76, 10, 30, 21, 45, 71, 64, 1, 23, 17, 83, 24, 41, 60, 36, 6, 57, 40, 88, 65, 56, 79, 69, 67, 68, 46, 75, 38, 58, 19, 32, 81, 48, 27, 39, 87, 90, 99, 59, 11, 16, 72, 26, 70, 89, 96, 84, 3, 92, 25, 55, 28, 51, 29, 7, 91, 74, 5, 33, 62, 50, 66, 8, 80, 53, 14, 2, 34, 4, 52, 49, 0, 94, 61, 13]|[1, 1, 0, 1, 1, 0, 1, 2, 2, 1, 2, 2, 2, 1, 1, 0, 0, 0, 0, 2, 2, 0, 1, 2, 0, 1, 2, 2, 0, 0, 1, 2, 1, 2, 1, 0, 2, 1, 1, 1, 0, 1, 1, 1, 0, 2, 1, 2, 0, 0, 0, 0, 1, 1, 2, 1, 2, 1, 0, 1, 2, 1, 0, 1, 2, 1, 2, 1, 1, 1, 1, 1, 1, 0, 1, 1, 1, 0, 0, 1, 0, 2, 2, 0, 0, 0, 2, 1, 0, 0, 0, 0, 2, 1, 2, 0, 0, 1, 1, 0]|[4, 3, 2, 2, 4, 1, 2, 2, 1, 4, 0, 1, 2, 4, 4, 1, 2, 1, 2, 1, 1, 1, 1, 2, 1, 2, 1, 1, 1, 1, 3, 2, 3, 0, 4, 0, 1, 4, 0, 3, 2, 2, 2, 0, 1, 1, 0, 2, 0, 1, 2, 2, 1, 4, 0, 3, 1, 4, 1, 1, 2, 3, 1, 1, 1, 3, 0, 4, 3, 1, 3, 1, 1, 0, 4, 4, 4, 1, 1, 1, 1, 0, 1, 2, 2, 1, 0, 3, 1, 2, 1, 2, 1, 4, 1, 1, 2, 4, 1, 2]|[0, 2, 1, 1, 3, 0, 1, 0, 0, 0, 0, 0, 1, 0, 1, 0, 0, 0, 1, 0, 0, 0, 3, 1, 0, 2, 0, 0, 0, 1, 0, 0, 0, 0, 3, 0, 1, 3, 0, 2, 1, 1, 1, 0, 0, 0, 0, 0, 1, 0, 0, 0, 1, 3, 0, 0, 0, 2, 0, 1, 0, 2, 0, 1, 0, 2, 1, 0, 0, 1, 2, 3, 1, 1, 3, 3, 1, 0, 0, 2, 0, 0, 0, 1, 1, 0, 0, 2, 0, 1, 0, 0, 0, 0, 0, 1, 0, 2, 3, 0],801.3187996866799,56926.15632660228,107760.52172589168,true
4,G4_BALANCED,G4_BALANCED,[31, 22, 82, 15, 26, 9, 95, 42, 77, 12, 47, 5, 93, 78, 86, 54, 85, 63, 18, 44, 20, 35, 43, 97, 91, 76, 10, 30, 21, 45, 61, 64, 1, 23, 17, 83, 24, 41, 60, 36, 6, 57, 40, 88, 65, 56, 79, 69, 67, 68, 46, 75, 38, 58, 19, 32, 81, 48, 27, 62, 87, 90, 99, 59, 11, 16, 72, 73, 70, 89, 37, 84, 3, 92, 25, 55, 28, 51, 29, 7, 96, 71, 98, 33, 39, 50, 66, 8, 80, 53, 14, 2, 34, 4, 52, 49, 0, 94, 74, 13]|[1, 1, 0, 1, 1, 0, 1, 2, 2, 1, 2, 2, 2, 1, 1, 0, 0, 0, 0, 2, 2, 0, 1, 2, 0, 1, 2, 2, 0, 0, 1, 2, 1, 2, 1, 0, 2, 1, 1, 1, 0, 1, 1, 1, 0, 2, 1, 2, 0, 0, 0, 0, 1, 1, 2, 1, 2, 1, 0, 0, 2, 1, 0, 1, 2, 1, 2, 1, 1, 1, 0, 1, 1, 0, 1, 1, 1, 0, 0, 1, 0, 1, 0, 0, 1, 0, 2, 1, 0, 0, 0, 0, 2, 1, 2, 0, 0, 1, 2, 0]|[4, 3, 2, 2, 4, 1, 2, 2, 1, 4, 0, 1, 2, 4, 4, 1, 2, 1, 2, 1, 1, 1, 1, 2, 1, 2, 1, 1, 1, 1, 3, 2, 3, 0, 4, 0, 1, 4, 0, 3, 2, 2, 2, 0, 1, 1, 0, 2, 0, 1, 2, 2, 1, 0, 0, 3, 2, 4, 1, 2, 2, 3, 1, 1, 1, 3, 0, 4, 3, 1, 1, 1, 1, 0, 4, 4, 4, 1, 1, 1, 1, 3, 1, 2, 1, 1, 0, 3, 1, 2, 2, 2, 1, 4, 1, 1, 2, 4, 1, 2]|[0, 2, 1, 1, 3, 0, 1, 0, 0, 0, 0, 0, 1, 0, 1, 0, 0, 0, 1, 0, 0, 0, 3, 1, 0, 2, 0, 0, 0, 1, 0, 0, 0, 0, 3, 0, 1, 3, 0, 2, 1, 1, 1, 0, 0, 0, 0, 0, 1, 0, 0, 0, 1, 3, 0, 0, 1, 2, 0, 1, 0, 2, 0, 1, 0, 2, 1, 0, 0, 1, 0, 3, 1, 1, 3, 3, 1, 0, 0, 2, 0, 0, 0, 1, 1, 0, 0, 2, 0, 1, 0, 0, 0, 0, 0, 1, 0, 2, 0, 0],829.336176479284,57266.64838756036,105252.97832338337,false
4,G2_TEC,G2_TEC,[31, 22, 82, 15, 26, 9, 90, 42, 77, 4, 79, 5, 93, 78, 86, 54, 85, 63, 18, 44, 20, 49, 36, 14, 48, 50, 53, 17, 21, 45, 71, 64, 3, 23, 30, 83, 24, 41, 60, 52, 65, 27, 95, 70, 39, 87, 74, 69, 99, 68, 46, 1, 38, 58, 97, 59, 28, 8, 73, 37, 35, 47, 11, 66, 76, 57, 72, 16, 92, 6, 80, 61, 33, 98, 32, 34, 51, 67, 10, 7, 56, 43, 62, 19, 91, 13, 29, 96, 0, 81, 75, 40, 2, 55, 25, 88, 12, 94, 89, 84]|[2, 1, 2, 1, 1, 2, 2, 0, 1, 1, 1, 0, 2, 2, 1, 2, 0, 0, 0, 2, 2, 1, 0, 2, 2, 2, 2, 1, 0, 1, 1, 1, 0, 0, 1, 0, 2, 1, 2, 2, 0, 1, 1, 1, 0, 2, 0, 2, 1, 0, 0, 2, 2, 0, 2, 0, 2, 1, 0, 0, 2, 1, 0, 2, 2, 0, 1, 1, 0, 0, 2, 1, 1, 0, 0, 1, 0, 0, 1, 2, 2, 1, 0, 2, 1, 0, 1, 0, 0, 1, 2, 2, 2, 1, 1, 1, 1, 1, 1, 0]|[0, 3, 0, 2, 4, 1, 1, 0, 2, 4, 3, 2, 1, 0, 2, 1, 1, 1, 2, 1, 2, 3, 0, 1, 0, 1, 1, 4, 1, 0, 3, 2, 2, 0, 4, 1, 1, 4, 0, 1, 2, 2, 4, 4, 1, 1, 0, 2, 3, 1, 2, 1, 2, 1, 1, 2, 0, 3, 0, 2, 2, 3, 1, 0, 1, 2, 4, 0, 0, 1, 1, 3, 4, 1, 2, 4, 0, 1, 3, 1, 0, 4, 0, 0, 3, 2, 3, 2, 2, 1, 2, 0, 1, 3, 4, 4, 3, 4, 4, 2]|[0, 2, 0, 1, 3, 0, 0, 0, 0, 0, 2, 0, 1, 0, 1, 0, 0, 0, 1, 0, 0, 2, 0, 0, 0, 0, 0, 3, 0, 1, 0, 2, 0, 0, 3, 0, 1, 3, 1, 0, 0, 1, 1, 3, 0, 0, 1, 0, 2, 0, 0, 0, 0, 0, 1, 0, 0, 0, 1, 1, 0, 2, 0, 0, 0, 1, 2, 1, 1, 0, 0, 0, 1, 0, 0, 2, 0, 0, 3, 0, 0, 2, 0, 0, 0, 0, 0, 0, 0, 1, 1, 0, 0, 0, 3, 1, 0, 2, 1, 1],955.8733926004294,54536.65158988291,128477.30564999962,false
4,G3_TWC,G3_TWC,[31, 22, 82, 15, 26, 9, 95, 42, 77, 12, 47, 5, 93, 78, 86, 54, 85, 41, 18, 44, 20, 35, 43, 97, 91, 76, 10, 30, 21, 45, 61, 64, 1, 23, 17, 83, 24, 63, 60, 36, 6, 57, 40, 88, 65, 56, 79, 69, 67, 68, 46, 75, 38, 58, 19, 32, 81, 48, 27, 62, 90, 87, 99, 59, 11, 16, 72, 73, 70, 89, 37, 84, 3, 92, 25, 55, 28, 51, 29, 7, 96, 74, 98, 33, 53, 50, 66, 80, 8, 39, 14, 2, 34, 4, 52, 49, 0, 94, 71, 13]|[2, 1, 0, 1, 1, 0, 1, 2, 2, 1, 2, 2, 2, 1, 1, 0, 0, 1, 0, 2, 2, 0, 1, 2, 0, 1, 2, 2, 0, 0, 1, 2, 1, 2, 1, 0, 2, 0, 1, 1, 0, 1, 1, 1, 0, 2, 1, 2, 0, 0, 0, 0, 1, 1, 2, 1, 2, 1, 0, 0, 1, 2, 0, 1, 2, 1, 2, 1, 1, 1, 0, 1, 1, 0, 1, 1, 0, 0, 0, 1, 0, 2, 0, 0, 0, 0, 2, 0, 1, 1, 0, 0, 2, 1, 2, 0, 0, 1, 1, 0]|[1, 3, 2, 2, 4, 1, 2, 2, 1, 4, 0, 1, 2, 4, 4, 1, 2, 4, 2, 1, 1, 1, 1, 2, 1, 2, 1, 1, 1, 1, 3, 2, 3, 0, 4, 0, 1, 1, 0, 3, 2, 2, 2, 0, 1, 1, 0, 2, 0, 1, 2, 2, 1, 0, 0, 3, 2, 4, 1, 2, 3, 2, 1, 1, 1, 3, 0, 4, 3, 1, 1, 1, 1, 0, 4, 4, 2, 1, 1, 1, 1, 1, 1, 2, 2, 1, 0, 1, 3, 1, 2, 2, 1, 4, 1, 1, 2, 4, 3, 2]|[1, 2, 1, 1, 3, 0, 1, 0, 0, 0, 0, 0, 1, 0, 1, 0, 0, 3, 1, 0, 0, 0, 3, 1, 0, 2, 0, 0, 0, 1, 0, 0, 0, 0, 3, 0, 1, 0, 0, 2, 1, 1, 1, 0, 0, 0, 0, 0, 1, 0, 0, 0, 1, 3, 0, 0, 1, 2, 0, 1, 2, 0, 0, 1, 0, 2, 1, 0, 0, 1, 0, 3, 1, 1, 3, 3, 1, 0, 0, 2, 0, 0, 0, 1, 1, 0, 0, 0, 2, 1, 0, 0, 0, 0, 0, 1, 0, 2, 0, 0],841.0046271093007,57942.35459701435,103006.41677086438,false
4,G1_CMAX,G1_CMAX,[31, 95, 9, 15, 82, 22, 42, 77, 26, 8, 47, 5, 93, 86, 78, 45, 80, 18, 44, 20, 63, 43, 97, 91, 76, 10, 30, 71, 64, 1, 14, 17, 83, 24, 41, 60, 36, 6, 57, 40, 88, 62, 75, 79, 67, 68, 85, 46, 56, 38, 58, 19, 32, 81, 69, 48, 27, 65, 90, 99, 59, 34, 16, 72, 73, 29, 39, 98, 84, 3, 92, 25, 55, 28, 51, 61, 7, 96, 74, 70, 33, 87, 54, 21, 50, 66, 35, 12, 53, 23, 2, 11, 4, 89, 52, 49, 0, 94, 37, 13]|[2, 1, 0, 1, 0, 1, 2, 1, 1, 1, 2, 2, 2, 1, 1, 0, 0, 0, 2, 2, 0, 1, 2, 0, 1, 2, 2, 1, 2, 1, 2, 2, 0, 2, 1, 1, 1, 0, 1, 2, 1, 0, 2, 1, 0, 0, 0, 2, 2, 1, 1, 2, 1, 2, 2, 1, 0, 0, 1, 0, 1, 2, 1, 2, 1, 1, 1, 0, 1, 1, 0, 1, 1, 1, 0, 1, 1, 1, 2, 1, 2, 0, 0, 0, 0, 2, 0, 1, 0, 2, 0, 2, 1, 1, 2, 0, 0, 1, 0, 0]|[1, 3, 2, 4, 1, 2, 2, 1, 0, 4, 0, 1, 2, 4, 4, 1, 1, 2, 1, 1, 1, 1, 2, 1, 2, 1, 1, 3, 2, 3, 0, 1, 1, 1, 4, 0, 3, 2, 2, 0, 0, 2, 1, 0, 0, 1, 2, 1, 1, 1, 0, 0, 3, 2, 2, 4, 1, 1, 3, 1, 2, 1, 3, 0, 4, 3, 0, 0, 1, 1, 0, 0, 4, 4, 1, 3, 1, 3, 0, 1, 2, 2, 1, 1, 1, 0, 1, 4, 2, 0, 2, 1, 4, 1, 1, 1, 2, 4, 1, 2]|[1, 3, 1, 0, 0, 1, 0, 2, 3, 2, 0, 0, 1, 1, 1, 0, 0, 1, 0, 0, 0, 3, 1, 0, 2, 0, 0, 0, 0, 0, 1, 0, 0, 1, 3, 0, 2, 1, 1, 0, 0, 1, 0, 0, 1, 0, 0, 0, 0, 1, 3, 0, 0, 1, 0, 2, 0, 0, 2, 0, 1, 0, 2, 1, 0, 0, 1, 0, 3, 1, 1, 3, 3, 1, 0, 0, 2, 2, 0, 3, 0, 1, 0, 0, 0, 0, 1, 3, 1, 0, 0, 0, 0, 1, 0, 1, 0, 2, 0, 0],760.3905621193804,59720.61998542996,105098.40235927113,false
4,G4_BALANCED,G4_BALANCED,[31, 22, 82, 15, 26, 9, 95, 42, 77, 12, 47, 5, 93, 78, 86, 54, 85, 63, 18, 44, 20, 35, 43, 97, 91, 76, 10, 30, 21, 45, 61, 64, 1, 23, 17, 83, 24, 41, 60, 36, 6, 57, 40, 88, 65, 56, 79, 69, 67, 68, 46, 75, 38, 58, 19, 32, 81, 48, 27, 62, 87, 90, 99, 59, 11, 16, 72, 73, 70, 89, 37, 84, 3, 92, 25, 55, 28, 51, 29, 7, 96, 71, 98, 33, 39, 50, 66, 8, 80, 53, 14, 2, 34, 4, 52, 49, 0, 94, 74, 13]|[1, 1, 0, 1, 1, 0, 1, 2, 2, 1, 2, 2, 2, 1, 1, 0, 0, 0, 0, 2, 2, 0, 1, 2, 0, 1, 2, 2, 0, 0, 1, 2, 1, 2, 1, 0, 2, 1, 1, 1, 0, 1, 1, 1, 0, 2, 1, 2, 0, 0, 0, 0, 1, 1, 2, 1, 2, 1, 0, 0, 2, 1, 0, 1, 2, 1, 2, 1, 1, 1, 0, 1, 1, 0, 1, 1, 1, 0, 0, 1, 0, 1, 0, 0, 1, 0, 2, 1, 0, 0, 0, 0, 2, 1, 2, 0, 0, 1, 2, 0]|[4, 3, 2, 2, 4, 1, 2, 2, 1, 4, 0, 1, 2, 4, 4, 1, 2, 1, 2, 1, 1, 1, 1, 2, 1, 2, 1, 1, 1, 1, 3, 2, 3, 0, 4, 0, 1, 4, 0, 3, 2, 2, 2, 0, 1, 1, 0, 2, 0, 1, 2, 2, 1, 0, 0, 3, 2, 4, 1, 2, 2, 3, 1, 1, 1, 3, 0, 4, 3, 1, 1, 1, 1, 0, 4, 4, 4, 1, 1, 1, 1, 3, 1, 2, 1, 1, 0, 3, 1, 2, 2, 2, 1, 4, 1, 1, 2, 4, 1, 2]|[0, 2, 1, 1, 3, 0, 1, 0, 0, 0, 0, 0, 1, 0, 1, 0, 0, 0, 1, 0, 0, 0, 3, 1, 0, 2, 0, 0, 0, 1, 0, 0, 0, 0, 3, 0, 1, 3, 0, 2, 1, 1, 1, 0, 0, 0, 0, 0, 1, 0, 0, 0, 1, 3, 0, 0, 1, 2, 0, 1, 0, 2, 0, 1, 0, 2, 1, 0, 0, 1, 0, 3, 1, 1, 3, 3, 1, 0, 0, 2, 0, 0, 0, 1, 1, 0, 0, 2, 0, 1, 0, 0, 0, 0, 0, 1, 0, 2, 0, 0],829.336176479284,57266.64838756036,105252.97832338337,false
4,G2_TEC,G2_TEC,[31, 22, 82, 15, 26, 9, 90, 42, 77, 4, 79, 5, 93, 78, 86, 54, 85, 63, 18, 44, 20, 49, 36, 14, 48, 50, 53, 17, 21, 45, 71, 64, 3, 23, 30, 83, 24, 41, 60, 52, 65, 27, 95, 70, 39, 87, 74, 69, 99, 68, 46, 1, 38, 58, 97, 59, 28, 8, 73, 37, 35, 47, 11, 66, 76, 57, 72, 16, 92, 6, 80, 61, 33, 98, 32, 34, 51, 67, 10, 7, 56, 43, 62, 19, 91, 13, 29, 96, 0, 81, 75, 40, 2, 55, 25, 88, 12, 94, 89, 84]|[2, 1, 2, 1, 1, 2, 2, 0, 1, 1, 1, 0, 2, 2, 1, 2, 0, 0, 0, 2, 2, 1, 0, 2, 2, 2, 2, 1, 0, 1, 1, 1, 0, 0, 1, 0, 2, 1, 2, 2, 0, 1, 1, 1, 0, 2, 0, 2, 1, 0, 0, 2, 2, 0, 2, 0, 2, 1, 0, 0, 2, 1, 0, 2, 2, 0, 1, 1, 0, 0, 2, 1, 1, 0, 0, 1, 0, 0, 1, 2, 2, 1, 0, 2, 1, 0, 1, 0, 0, 1, 2, 2, 2, 1, 1, 1, 1, 1, 1, 0]|[0, 3, 0, 2, 4, 1, 1, 0, 2, 4, 3, 2, 1, 0, 2, 1, 1, 1, 2, 1, 2, 3, 0, 1, 0, 1, 1, 4, 1, 0, 3, 2, 2, 0, 4, 1, 1, 4, 0, 1, 2, 2, 4, 4, 1, 1, 0, 2, 3, 1, 2, 1, 2, 1, 1, 2, 0, 3, 0, 2, 2, 3, 1, 0, 1, 2, 4, 0, 0, 1, 1, 3, 4, 1, 2, 4, 0, 1, 3, 1, 0, 4, 0, 0, 3, 2, 3, 2, 2, 1, 2, 0, 1, 3, 4, 4, 3, 4, 4, 2]|[0, 2, 0, 1, 3, 0, 0, 0, 0, 0, 2, 0, 1, 0, 1, 0, 0, 0, 1, 0, 0, 2, 0, 0, 0, 0, 0, 3, 0, 1, 0, 2, 0, 0, 3, 0, 1, 3, 1, 0, 0, 1, 1, 3, 0, 0, 1, 0, 2, 0, 0, 0, 0, 0, 1, 0, 0, 0, 1, 1, 0, 2, 0, 0, 0, 1, 2, 1, 1, 0, 0, 0, 1, 0, 0, 2, 0, 0, 3, 0, 0, 2, 0, 0, 0, 0, 0, 0, 0, 1, 1, 0, 0, 0, 3, 1, 0, 2, 1, 1],955.8733926004294,54536.65158988291,128477.30564999962,false
4,G3_TWC,G4_BALANCED,[31, 22, 82, 15, 26, 9, 95, 42, 77, 12, 47, 5, 93, 78, 86, 54, 85, 63, 18, 44, 20, 35, 43, 97, 91, 76, 10, 30, 21, 45, 61, 64, 1, 23, 17, 83, 24, 41, 60, 36, 6, 57, 40, 88, 65, 56, 79, 69, 67, 68, 46, 75, 38, 58, 19, 32, 81, 48, 27, 62, 87, 90, 99, 59, 11, 16, 72, 73, 70, 39, 37, 84, 3, 92, 25, 55, 28, 51, 29, 7, 33, 71, 96, 14, 89, 50, 66, 98, 80, 53, 8, 2, 34, 4, 52, 49, 0, 94, 74, 13]|[1, 1, 0, 1, 1, 0, 1, 2, 2, 1, 2, 2, 2, 1, 1, 0, 0, 1, 0, 2, 2, 0, 1, 2, 0, 1, 2, 2, 0, 0, 1, 2, 1, 2, 1, 0, 2, 0, 1, 1, 0, 1, 1, 1, 0, 2, 1, 2, 0, 0, 0, 0, 1, 1, 2, 1, 2, 1, 0, 0, 2, 1, 0, 1, 2, 1, 2, 1, 1, 1, 0, 1, 1, 0, 1, 1, 0, 0, 0, 1, 0, 1, 0, 0, 1, 0, 2, 0, 0, 0, 1, 0, 2, 1, 2, 0, 0, 1, 2, 0]|[4, 3, 2, 2, 4, 1, 2, 2, 2, 4, 0, 1, 2, 4, 4, 1, 2, 4, 2, 1, 1, 1, 1, 2, 1, 2, 1, 1, 1, 1, 3, 2, 3, 0, 4, 0, 1, 1, 0, 3, 2, 2, 2, 0, 1, 1, 0, 2, 0, 1, 2, 2, 1, 0, 0, 3, 2, 4, 1, 2, 2, 3, 1, 1, 1, 3, 0, 4, 3, 1, 1, 1, 1, 0, 4, 4, 2, 1, 1, 1, 2, 3, 1, 1, 1, 1, 0, 1, 1, 2, 3, 2, 1, 4, 1, 1, 2, 4, 1, 2]|[0, 2, 1, 1, 3, 0, 1, 0, 0, 0, 0, 0, 1, 0, 1, 0, 0, 3, 1, 0, 0, 0, 3, 1, 0, 2, 0, 0, 0, 1, 0, 0, 0, 0, 3, 0, 1, 0, 0, 2, 1, 1, 1, 0, 0, 0, 0, 0, 1, 0, 0, 0, 1, 3, 0, 0, 1, 2, 0, 1, 0, 2, 0, 1, 0, 2, 1, 0, 0, 1, 0, 3, 1, 1, 3, 3, 1, 0, 0, 2, 1, 0, 0, 0, 1, 0, 0, 0, 0, 1, 2, 0, 0, 0, 0, 1, 0, 2, 0, 0],839.3802886534756,57583.88317662583,102941.97578317125,true
4,G1_CMAX,G1_CMAX,[31, 95, 9, 15, 82, 22, 42, 77, 26, 8, 47, 5, 93, 86, 78, 45, 80, 18, 44, 20, 63, 43, 97, 91, 76, 10, 30, 71, 64, 1, 14, 17, 83, 24, 41, 60, 36, 6, 57, 40, 88, 62, 75, 79, 67, 68, 85, 46, 56, 38, 58, 19, 32, 81, 69, 48, 27, 65, 90, 99, 59, 34, 16, 72, 73, 29, 39, 98, 84, 3, 92, 25, 55, 28, 51, 61, 7, 96, 74, 70, 33, 87, 54, 21, 50, 66, 35, 12, 53, 23, 2, 11, 4, 89, 52, 49, 0, 94, 37, 13]|[2, 1, 0, 1, 0, 1, 2, 1, 1, 1, 2, 2, 2, 1, 1, 0, 0, 0, 2, 2, 0, 1, 2, 0, 1, 2, 2, 1, 2, 1, 2, 2, 0, 2, 1, 1, 1, 0, 1, 2, 1, 0, 2, 1, 0, 0, 0, 2, 2, 1, 1, 2, 1, 2, 2, 1, 0, 0, 1, 0, 1, 2, 1, 2, 1, 1, 1, 0, 1, 1, 0, 1, 1, 1, 0, 1, 1, 1, 2, 1, 2, 0, 0, 0, 0, 2, 0, 1, 0, 2, 0, 2, 1, 1, 2, 0, 0, 1, 0, 0]|[1, 3, 2, 4, 1, 2, 2, 1, 0, 4, 0, 1, 2, 4, 4, 1, 1, 2, 1, 1, 1, 1, 2, 1, 2, 1, 1, 3, 2, 3, 0, 1, 1, 1, 4, 0, 3, 2, 2, 0, 0, 2, 1, 0, 0, 1, 2, 1, 1, 1, 0, 0, 3, 2, 2, 4, 1, 1, 3, 1, 2, 1, 3, 0, 4, 3, 0, 0, 1, 1, 0, 0, 4, 4, 1, 3, 1, 3, 0, 1, 2, 2, 1, 1, 1, 0, 1, 4, 2, 0, 2, 1, 4, 1, 1, 1, 2, 4, 1, 2]|[1, 3, 1, 0, 0, 1, 0, 2, 3, 2, 0, 0, 1, 1, 1, 0, 0, 1, 0, 0, 0, 3, 1, 0, 2, 0, 0, 0, 0, 0, 1, 0, 0, 1, 3, 0, 2, 1, 1, 0, 0, 1, 0, 0, 1, 0, 0, 0, 0, 1, 3, 0, 0, 1, 0, 2, 0, 0, 2, 0, 1, 0, 2, 1, 0, 0, 1, 0, 3, 1, 1, 3, 3, 1, 0, 0, 2, 2, 0, 3, 0, 1, 0, 0, 0, 0, 1, 3, 1, 0, 0, 0, 0, 1, 0, 1, 0, 2, 0, 0],760.3905621193804,59720.61998542996,105098.40235927113,false
4,G4_BALANCED,G4_BALANCED,[31, 22, 82, 15, 26, 9, 95, 42, 77, 12, 47, 5, 93, 78, 86, 54, 85, 63, 18, 44, 20, 35, 43, 97, 91, 76, 10, 30, 21, 45, 61, 64, 1, 23, 17, 83, 24, 41, 60, 36, 6, 57, 40, 88, 65, 56, 79, 69, 67, 68, 46, 75, 38, 58, 19, 32, 81, 48, 27, 62, 87, 90, 99, 66, 50, 73, 72, 16, 92, 39, 80, 71, 33, 98, 59, 34, 51, 11, 53, 7, 49, 52, 37, 14, 8, 13, 29, 25, 55, 28, 2, 74, 70, 0, 3, 96, 4, 94, 89, 84]|[1, 1, 2, 1, 1, 0, 2, 2, 2, 1, 1, 0, 2, 2, 1, 0, 0, 0, 0, 2, 2, 1, 0, 2, 2, 2, 2, 1, 0, 1, 1, 2, 0, 2, 1, 0, 2, 1, 2, 2, 0, 1, 2, 1, 0, 2, 1, 2, 1, 0, 0, 0, 1, 0, 2, 1, 2, 1, 0, 0, 2, 1, 0, 2, 0, 1, 2, 1, 0, 1, 2, 1, 1, 0, 1, 2, 0, 0, 1, 2, 0, 1, 0, 0, 1, 0, 1, 0, 1, 1, 2, 2, 1, 0, 1, 1, 1, 1, 1, 1]|[4, 3, 0, 2, 4, 1, 1, 2, 1, 4, 3, 2, 2, 0, 2, 1, 1, 1, 2, 1, 1, 3, 0, 2, 0, 1, 1, 4, 1, 0, 3, 2, 2, 0, 4, 1, 1, 4, 0, 1, 2, 2, 1, 4, 1, 1, 0, 2, 3, 1, 2, 2, 1, 1, 1, 3, 1, 4, 0, 2, 2, 3, 1, 0, 1, 4, 0, 0, 0, 1, 1, 3, 4, 1, 1, 1, 1, 1, 3, 1, 1, 4, 2, 2, 3, 2, 3, 2, 4, 4, 1, 0, 3, 2, 1, 4, 4, 4, 1, 1]|[0, 2, 0, 1, 3, 0, 0, 0, 0, 0, 2, 0, 1, 0, 1, 0, 0, 0, 1, 0, 0, 2, 0, 1, 0, 0, 0, 3, 0, 1, 0, 0, 0, 0, 3, 0, 1, 3, 1, 0, 0, 1, 0, 3, 0, 0, 0, 0, 2, 0, 0, 0, 1, 0, 1, 0, 0, 2, 1, 1, 0, 2, 0, 0, 0, 0, 1, 1, 1, 1, 0, 0, 1, 0, 1, 0, 0, 0, 3, 0, 1, 2, 1, 0, 2, 0, 0, 0, 3, 1, 0, 0, 0, 0, 1, 3, 0, 2, 1, 3],877.6808200061749,56343.953074503515,123109.33151661613,false
4,G2_TEC,G2_TEC,[31, 22, 82, 15, 26, 9, 90, 42, 77, 4, 79, 5, 93, 78, 86, 54, 85, 63, 18, 44, 20, 49, 36, 14, 48, 50, 53, 17, 21, 45, 71, 64, 3, 23, 30, 83, 24, 41, 60, 52, 65, 27, 95, 70, 39, 87, 74, 69, 99, 68, 46, 1, 38, 58, 97, 59, 28, 8, 73, 37, 35, 47, 11, 66, 76, 57, 72, 16, 92, 6, 80, 61, 33, 98, 32, 34, 51, 67, 10, 7, 56, 43, 62, 19, 91, 13, 29, 96, 0, 81, 75, 40, 2, 55, 25, 88, 12, 94, 89, 84]|[2, 1, 2, 1, 1, 2, 2, 0, 1, 1, 1, 0, 2, 2, 1, 2, 0, 0, 0, 2, 2, 1, 0, 2, 2, 2, 2, 1, 0, 1, 1, 1, 0, 0, 1, 0, 2, 1, 2, 2, 0, 1, 1, 1, 0, 2, 0, 2, 1, 0, 0, 2, 2, 0, 2, 0, 2, 1, 0, 0, 2, 1, 0, 2, 2, 0, 1, 1, 0, 0, 2, 1, 1, 0, 0, 1, 0, 0, 1, 2, 2, 1, 0, 2, 1, 0, 1, 0, 0, 1, 2, 2, 2, 1, 1, 1, 1, 1, 1, 0]|[0, 3, 0, 2, 4, 1, 1, 0, 2, 4, 3, 2, 1, 0, 2, 1, 1, 1, 2, 1, 2, 3, 0, 1, 0, 1, 1, 4, 1, 0, 3, 2, 2, 0, 4, 1, 1, 4, 0, 1, 2, 2, 4, 4, 1, 1, 0, 2, 3, 1, 2, 1, 2, 1, 1, 2, 0, 3, 0, 2, 2, 3, 1, 0, 1, 2, 4, 0, 0, 1, 1, 3, 4, 1, 2, 4, 0, 1, 3, 1, 0, 4, 0, 0, 3, 2, 3, 2, 2, 1, 2, 0, 1, 3, 4, 4, 3, 4, 4, 2]|[0, 2, 0, 1, 3, 0, 0, 0, 0, 0, 2, 0, 1, 0, 1, 0, 0, 0, 1, 0, 0, 2, 0, 0, 0, 0, 0, 3, 0, 1, 0, 2, 0, 0, 3, 0, 1, 3, 1, 0, 0, 1, 1, 3, 0, 0, 1, 0, 2, 0, 0, 0, 0, 0, 1, 0, 0, 0, 1, 1, 0, 2, 0, 0, 0, 1, 2, 1, 1, 0, 0, 0, 1, 0, 0, 2, 0, 0, 3, 0, 0, 2, 0, 0, 0, 0, 0, 0, 0, 1, 1, 0, 0, 0, 3, 1, 0, 2, 1, 1],955.8733926004294,54536.65158988291,128477.30564999962,false
4,G3_TWC,G4_BALANCED,[31, 22, 82, 15, 26, 9, 95, 42, 77, 12, 47, 5, 93, 78, 86, 54, 85, 63, 18, 44, 20, 35, 43, 97, 91, 76, 10, 30, 21, 45, 61, 64, 1, 23, 17, 83, 24, 41, 60, 36, 6, 57, 40, 88, 65, 56, 79, 69, 67, 68, 46, 75, 38, 58, 19, 32, 81, 48, 27, 62, 87, 90, 99, 59, 11, 16, 72, 73, 70, 39, 37, 84, 3, 92, 25, 55, 28, 51, 29, 7, 33, 71, 96, 14, 89, 50, 66, 98, 80, 53, 8, 2, 34, 4, 52, 49, 0, 94, 74, 13]|[1, 1, 0, 1, 1, 0, 1, 2, 2, 1, 2, 2, 2, 1, 1, 0, 0, 1, 0, 2, 2, 0, 1, 2, 0, 1, 2, 2, 0, 0, 1, 2, 1, 2, 1, 0, 2, 0, 1, 1, 0, 1, 1, 1, 0, 2, 1, 2, 0, 0, 0, 0, 1, 1, 2, 1, 2, 1, 0, 0, 2, 1, 0, 1, 2, 1, 2, 1, 1, 1, 0, 1, 1, 0, 1, 1, 0, 0, 0, 1, 0, 1, 0, 0, 1, 0, 2, 0, 0, 0, 1, 0, 2, 1, 2, 0, 0, 1, 2, 0]|[4, 3, 2, 2, 4, 1, 2, 2, 2, 4, 0, 1, 2, 4, 4, 1, 2, 4, 2, 1, 1, 1, 1, 2, 1, 2, 1, 1, 1, 1, 3, 2, 3, 0, 4, 0, 1, 1, 0, 3, 2, 2, 2, 0, 1, 1, 0, 2, 0, 1, 2, 2, 1, 0, 0, 3, 2, 4, 1, 2, 2, 3, 1, 1, 1, 3, 0, 4, 3, 1, 1, 1, 1, 0, 4, 4, 2, 1, 1, 1, 2, 3, 1, 1, 1, 1, 0, 1, 1, 2, 3, 2, 1, 4, 1, 1, 2, 4, 1, 2]|[0, 2, 1, 1, 3, 0, 1, 0, 0, 0, 0, 0, 1, 0, 1, 0, 0, 3, 1, 0, 0, 0, 3, 1, 0, 2, 0, 0, 0, 1, 0, 0, 0, 0, 3, 0, 1, 0, 0, 2, 1, 1, 1, 0, 0, 0, 0, 0, 1, 0, 0, 0, 1, 3, 0, 0, 1, 2, 0, 1, 0, 2, 0, 1, 0, 2, 1, 0, 0, 1, 0, 3, 1, 1, 3, 3, 1, 0, 0, 2, 1, 0, 0, 0, 1, 0, 0, 0, 0, 1, 2, 0, 0, 0, 0, 1, 0, 2, 0, 0],839.3802886534756,57583.88317662583,102941.97578317125,true
4,G1_CMAX,G1_CMAX,[31, 95, 9, 15, 82, 22, 42, 77, 26, 8, 47, 5, 93, 86, 78, 45, 80, 18, 44, 20, 63, 43, 97, 91, 76, 10, 30, 71, 64, 1, 14, 17, 83, 24, 41, 60, 36, 6, 57, 40, 88, 62, 75, 79, 67, 68, 85, 46, 56, 38, 58, 19, 32, 81, 69, 48, 27, 65, 90, 99, 59, 34, 16, 72, 73, 29, 39, 98, 84, 3, 92, 25, 55, 28, 51, 61, 7, 96, 74, 70, 33, 87, 54, 21, 50, 66, 35, 12, 53, 23, 2, 11, 4, 89, 52, 49, 0, 94, 37, 13]|[2, 1, 0, 1, 0, 1, 2, 1, 1, 1, 2, 2, 2, 1, 1, 0, 0, 0, 2, 2, 0, 1, 2, 0, 1, 2, 2, 1, 2, 1, 2, 2, 0, 2, 1, 1, 1, 0, 1, 2, 1, 0, 2, 1, 0, 0, 0, 2, 2, 1, 1, 2, 1, 2, 2, 1, 0, 0, 1, 0, 1, 2, 1, 2, 1, 1, 1, 0, 1, 1, 0, 1, 1, 1, 0, 1, 1, 1, 2, 1, 2, 0, 0, 0, 0, 2, 0, 1, 0, 2, 0, 2, 1, 1, 2, 0, 0, 1, 0, 0]|[1, 3, 2, 4, 1, 2, 2, 1, 0, 4, 0, 1, 2, 4, 4, 1, 1, 2, 1, 1, 1, 1, 2, 1, 2, 1, 1, 3, 2, 3, 0, 1, 1, 1, 4, 0, 3, 2, 2, 0, 0, 2, 1, 0, 0, 1, 2, 1, 1, 1, 0, 0, 3, 2, 2, 4, 1, 1, 3, 1, 2, 1, 3, 0, 4, 3, 0, 0, 1, 1, 0, 0, 4, 4, 1, 3, 1, 3, 0, 1, 2, 2, 1, 1, 1, 0, 1, 4, 2, 0, 2, 1, 4, 1, 1, 1, 2, 4, 1, 2]|[1, 3, 1, 0, 0, 1, 0, 2, 3, 2, 0, 0, 1, 1, 1, 0, 0, 1, 0, 0, 0, 3, 1, 0, 2, 0, 0, 0, 0, 0, 1, 0, 0, 1, 3, 0, 2, 1, 1, 0, 0, 1, 0, 0, 1, 0, 0, 0, 0, 1, 3, 0, 0, 1, 0, 2, 0, 0, 2, 0, 1, 0, 2, 1, 0, 0, 1, 0, 3, 1, 1, 3, 3, 1, 0, 0, 2, 2, 0, 3, 0, 1, 0, 0, 0, 0, 1, 3, 1, 0, 0, 0, 0, 1, 0, 1, 0, 2, 0, 0],760.3905621193804,59720.61998542996,105098.40235927113,false
4,G4_BALANCED,G4_BALANCED,[31, 22, 82, 15, 26, 9, 95, 42, 77, 12, 47, 5, 93, 78, 86, 54, 85, 63, 18, 44, 20, 35, 43, 97, 91, 76, 10, 30, 21, 45, 61, 64, 1, 23, 17, 83, 24, 41, 60, 36, 6, 57, 40, 88, 65, 56, 79, 69, 67, 68, 46, 75, 38, 58, 19, 32, 81, 48, 27, 62, 87, 90, 99, 59, 11, 16, 72, 73, 70, 39, 37, 84, 3, 92, 25, 55, 28, 51, 29, 7, 33, 71, 96, 14, 89, 50, 66, 98, 80, 53, 8, 2, 34, 4, 52, 49, 0, 94, 74, 13]|[1, 1, 0, 1, 1, 0, 1, 2, 2, 1, 2, 2, 2, 1, 1, 0, 0, 1, 0, 2, 2, 0, 1, 2, 0, 1, 2, 2, 0, 0, 1, 2, 1, 2, 1, 0, 2, 0, 1, 1, 0, 1, 1, 1, 0, 2, 1, 2, 0, 0, 0, 0, 1, 1, 2, 1, 2, 1, 0, 0, 2, 1, 0, 1, 2, 1, 2, 1, 1, 1, 0, 1, 1, 0, 1, 1, 0, 0, 0, 1, 0, 1, 0, 0, 1, 0, 2, 0, 0, 0, 1, 0, 2, 1, 2, 0, 0, 1, 2, 0]|[4, 3, 2, 2, 4, 1, 2, 2, 2, 4, 0, 1, 2, 4, 4, 1, 2, 4, 2, 1, 1, 1, 1, 2, 1, 2, 1, 1, 1, 1, 3, 2, 3, 0, 4, 0, 1, 1, 0, 3, 2, 2, 2, 0, 1, 1, 0, 2, 0, 1, 2, 2, 1, 0, 0, 3, 2, 4, 1, 2, 2, 3, 1, 1, 1, 3, 0, 4, 3, 1, 1, 1, 1, 0, 4, 4, 2, 1, 1, 1, 2, 3, 1, 1, 1, 1, 0, 1, 1, 2, 3, 2, 1, 4, 1, 1, 2, 4, 1, 2]|[0, 2, 1, 1, 3, 0, 1, 0, 0, 0, 0, 0, 1, 0, 1, 0, 0, 3, 1, 0, 0, 0, 3, 1, 0, 2, 0, 0, 0, 1, 0, 0, 0, 0, 3, 0, 1, 0, 0, 2, 1, 1, 1, 0, 0, 0, 0, 0, 1, 0, 0, 0, 1, 3, 0, 0, 1, 2, 0, 1, 0, 2, 0, 1, 0, 2, 1, 0, 0, 1, 0, 3, 1, 1, 3, 3, 1, 0, 0, 2, 1, 0, 0, 0, 1, 0, 0, 0, 0, 1, 2, 0, 0, 0, 0, 1, 0, 2, 0, 0],839.3802886534756,57583.88317662583,102941.97578317125,false
4,G2_TEC,G2_TEC,[31, 22, 82, 15, 26, 9, 90, 42, 77, 4, 79, 5, 93, 78, 86, 54, 85, 63, 18, 44, 20, 49, 36, 14, 48, 50, 53, 17, 21, 45, 71, 64, 3, 23, 30, 83, 24, 41, 60, 52, 65, 27, 95, 70, 39, 87, 74, 69, 99, 68, 46, 1, 38, 58, 97, 59, 28, 8, 73, 37, 35, 47, 11, 66, 76, 57, 72, 16, 92, 6, 80, 61, 33, 98, 32, 34, 51, 67, 10, 7, 56, 43, 62, 19, 91, 13, 29, 96, 0, 81, 75, 40, 2, 55, 25, 88, 12, 94, 89, 84]|[2, 1, 2, 1, 1, 2, 2, 0, 1, 1, 1, 0, 2, 2, 1, 2, 0, 0, 0, 2, 2, 1, 0, 2, 2, 2, 2, 1, 0, 1, 1, 1, 0, 0, 1, 0, 2, 1, 2, 2, 0, 1, 1, 1, 0, 2, 0, 2, 1, 0, 0, 2, 2, 0, 2, 0, 2, 1, 0, 0, 2, 1, 0, 2, 2, 0, 1, 1, 0, 0, 2, 1, 1, 0, 0, 1, 0, 0, 1, 2, 2, 1, 0, 2, 1, 0, 1, 0, 0, 1, 2, 2, 2, 1, 1, 1, 1, 1, 1, 0]|[0, 3, 0, 2, 4, 1, 1, 0, 2, 4, 3, 2, 1, 0, 2, 1, 1, 1, 2, 1, 2, 3, 0, 1, 0, 1, 1, 4, 1, 0, 3, 2, 2, 0, 4, 1, 1, 4, 0, 1, 2, 2, 4, 4, 1, 1, 0, 2, 3, 1, 2, 1, 2, 1, 1, 2, 0, 3, 0, 2, 2, 3, 1, 0, 1, 2, 4, 0, 0, 1, 1, 3, 4, 1, 2, 4, 0, 1, 3, 1, 0, 4, 0, 0, 3, 2, 3, 2, 2, 1, 2, 0, 1, 3, 4, 4, 3, 4, 4, 2]|[0, 2, 0, 1, 3, 0, 0, 0, 0, 0, 2, 0, 1, 0, 1, 0, 0, 0, 1, 0, 0, 2, 0, 0, 0, 0, 0, 3, 0, 1, 0, 2, 0, 0, 3, 0, 1, 3, 1, 0, 0, 1, 1, 3, 0, 0, 1, 0, 2, 0, 0, 0, 0, 0, 1, 0, 0, 0, 1, 1, 0, 2, 0, 0, 0, 1, 2, 1, 1, 0, 0, 0, 1, 0, 0, 2, 0, 0, 3, 0, 0, 2, 0, 0, 0, 0, 0, 0, 0, 1, 1, 0, 0, 0, 3, 1, 0, 2, 1, 1],955.8733926004294,54536.65158988291,128477.30564999962,false
4,G3_TWC,G4_BALANCED,[31, 22, 82, 15, 26, 9, 95, 42, 77, 12, 47, 5, 93, 78, 86, 54, 85, 63, 18, 44, 20, 35, 43, 97, 91, 76, 10, 30, 21, 45, 61, 64, 1, 23, 17, 83, 24, 41, 60, 36, 6, 57, 40, 88, 65, 56, 79, 69, 67, 68, 46, 75, 38, 58, 19, 32, 81, 48, 27, 62, 87, 90, 99, 59, 11, 16, 72, 73, 70, 39, 37, 84, 3, 92, 25, 55, 28, 51, 29, 7, 33, 71, 96, 14, 89, 50, 66, 98, 80, 53, 8, 2, 34, 4, 52, 49, 0, 94, 74, 13]|[1, 1, 0, 1, 1, 0, 1, 2, 2, 1, 2, 2, 2, 1, 1, 0, 0, 1, 0, 2, 2, 0, 1, 2, 0, 1, 2, 2, 0, 0, 1, 2, 1, 2, 1, 0, 2, 0, 1, 1, 0, 1, 1, 1, 0, 2, 1, 2, 0, 0, 0, 0, 1, 1, 2, 1, 2, 1, 0, 0, 2, 1, 0, 1, 2, 1, 2, 1, 1, 1, 0, 1, 1, 0, 1, 1, 0, 0, 0, 1, 0, 1, 0, 0, 1, 0, 2, 0, 0, 0, 1, 0, 2, 1, 2, 0, 0, 1, 2, 0]|[4, 3, 2, 2, 4, 1, 2, 2, 2, 4, 0, 1, 2, 4, 4, 1, 2, 4, 2, 1, 1, 1, 1, 2, 1, 2, 1, 1, 1, 1, 3, 2, 3, 0, 4, 0, 1, 1, 0, 3, 2, 2, 2, 0, 1, 1, 0, 2, 0, 1, 2, 2, 1, 0, 0, 3, 2, 4, 1, 2, 2, 3, 1, 1, 1, 3, 0, 4, 3, 1, 1, 1, 1, 0, 4, 4, 2, 1, 1, 1, 2, 3, 1, 1, 1, 1, 0, 1, 1, 2, 3, 2, 1, 4, 1, 1, 2, 4, 1, 2]|[0, 2, 1, 1, 3, 0, 1, 0, 0, 0, 0, 0, 1, 0, 1, 0, 0, 3, 1, 0, 0, 0, 3, 1, 0, 2, 0, 0, 0, 1, 0, 0, 0, 0, 3, 0, 1, 0, 0, 2, 1, 1, 1, 0, 0, 0, 0, 0, 1, 0, 0, 0, 1, 3, 0, 0, 1, 2, 0, 1, 0, 2, 0, 1, 0, 2, 1, 0, 0, 1, 0, 3, 1, 1, 3, 3, 1, 0, 0, 2, 1, 0, 0, 0, 1, 0, 0, 0, 0, 1, 2, 0, 0, 0, 0, 1, 0, 2, 0, 0],839.3802886534756,57583.88317662583,102941.97578317125,true
4,G1_CMAX,G4_BALANCED,[31, 22, 82, 15, 67, 9, 95, 42, 77, 12, 47, 5, 93, 78, 86, 54, 85, 63, 18, 44, 20, 35, 43, 97, 91, 76, 10, 30, 21, 45, 61, 64, 1, 23, 17, 83, 24, 41, 60, 36, 6, 57, 40, 88, 65, 56, 79, 69, 26, 68, 46, 75, 38, 58, 19, 32, 81, 48, 27, 62, 87, 90, 99, 59, 11, 16, 72, 73, 70, 89, 37, 84, 3, 92, 25, 55, 28, 51, 29, 7, 96, 74, 33, 98, 53, 50, 66, 80, 8, 39, 14, 2, 34, 4, 52, 49, 0, 94, 71, 13]|[1, 1, 0, 1, 1, 0, 1, 2, 2, 1, 2, 2, 2, 1, 1, 0, 0, 0, 0, 2, 2, 0, 1, 2, 0, 1, 2, 2, 0, 0, 1, 2, 1, 2, 1, 0, 2, 1, 1, 1, 0, 1, 1, 1, 0, 2, 1, 2, 0, 0, 0, 0, 1, 1, 2, 1, 2, 1, 0, 0, 2, 1, 0, 1, 2, 1, 2, 1, 1, 1, 0, 1, 1, 0, 1, 1, 1, 0, 1, 1, 0, 2, 0, 0, 0, 0, 2, 0, 1, 1, 0, 0, 2, 1, 2, 0, 0, 1, 1, 0]|[4, 3, 2, 2, 4, 1, 2, 2, 1, 4, 0, 1, 2, 4, 4, 1, 2, 1, 2, 1, 1, 1, 1, 2, 1, 2, 1, 1, 1, 1, 3, 2, 3, 0, 4, 0, 1, 4, 0, 3, 2, 2, 2, 0, 1, 1, 0, 2, 0, 1, 2, 2, 1, 0, 0, 3, 2, 4, 1, 2, 2, 3, 1, 1, 1, 3, 0, 4, 3, 1, 1, 1, 1, 0, 4, 4, 4, 1, 3, 1, 1, 1, 1, 1, 2, 1, 0, 1, 3, 1, 2, 2, 1, 4, 1, 1, 2, 4, 3, 2]|[0, 2, 1, 1, 3, 0, 1, 0, 0, 0, 0, 0, 1, 0, 1, 0, 0, 0, 1, 0, 0, 0, 3, 1, 0, 2, 0, 0, 0, 1, 0, 0, 0, 0, 3, 0, 1, 3, 0, 2, 1, 1, 1, 0, 0, 0, 0, 0, 1, 0, 0, 0, 1, 3, 0, 0, 1, 2, 0, 1, 0, 2, 0, 1, 0, 2, 1, 0, 0, 1, 0, 3, 1, 1, 3, 3, 1, 0, 0, 2, 0, 0, 0, 0, 1, 0, 0, 0, 2, 1, 0, 0, 0, 0, 0, 1, 0, 2, 0, 0],799.4480636260516,57275.879001826484,106319.83460080964,true
4,G4_BALANCED,G3_TWC,[31, 22, 82, 15, 26, 9, 95, 42, 77, 12, 47, 5, 93, 78, 86, 54, 85, 41, 18, 44, 20, 35, 43, 97, 91, 76, 10, 30, 21, 45, 61, 64, 1, 23, 17, 83, 24, 63, 60, 36, 6, 57, 40, 88, 65, 56, 79, 69, 67, 68, 46, 75, 38, 58, 19, 32, 81, 48, 27, 62, 90, 87, 99, 59, 11, 16, 72, 73, 70, 89, 37, 84, 3, 92, 25, 55, 28, 51, 29, 7, 96, 74, 33, 14, 39, 50, 98, 8, 80, 53, 66, 2, 34, 4, 52, 49, 0, 94, 71, 13]|[2, 1, 0, 1, 1, 0, 1, 2, 2, 1, 2, 2, 2, 1, 1, 0, 0, 1, 0, 2, 2, 0, 1, 2, 0, 1, 2, 2, 0, 0, 1, 2, 1, 2, 1, 0, 2, 0, 1, 1, 0, 1, 1, 1, 0, 2, 1, 2, 0, 0, 0, 0, 1, 1, 2, 1, 2, 1, 0, 0, 1, 1, 0, 1, 2, 1, 2, 1, 1, 1, 0, 1, 1, 0, 1, 1, 0, 0, 0, 1, 0, 2, 0, 0, 1, 0, 0, 1, 0, 0, 2, 0, 2, 1, 2, 0, 0, 1, 1, 0]|[1, 3, 2, 2, 4, 1, 2, 2, 1, 4, 0, 1, 2, 4, 4, 1, 2, 4, 2, 1, 1, 1, 1, 2, 1, 2, 1, 1, 1, 1, 3, 2, 3, 0, 4, 0, 1, 1, 0, 3, 2, 2, 2, 0, 1, 1, 0, 2, 0, 1, 2, 2, 1, 0, 0, 3, 2, 4, 1, 2, 3, 3, 1, 1, 1, 3, 0, 4, 3, 1, 1, 1, 1, 0, 4, 4, 2, 1, 1, 1, 1, 1, 2, 2, 1, 1, 1, 3, 1, 2, 0, 2, 1, 4, 1, 1, 2, 4, 1, 2]|[1, 2, 1, 1, 3, 0, 1, 0, 0, 0, 0, 0, 1, 0, 1, 0, 0, 3, 1, 0, 0, 0, 3, 1, 0, 2, 0, 0, 0, 1, 0, 0, 0, 0, 3, 0, 1, 0, 0, 2, 1, 1, 1, 0, 0, 0, 0, 0, 1, 0, 0, 0, 1, 3, 0, 0, 1, 2, 0, 1, 2, 2, 0, 1, 0, 2, 1, 0, 0, 1, 0, 3, 1, 1, 3, 3, 1, 0, 0, 2, 0, 0, 0, 0, 1, 0, 0, 2, 0, 1, 0, 0, 0, 0, 0, 1, 0, 2, 3, 0],853.2954716328121,58188.2451798227,101827.41768970178,true
4,G2_TEC,G2_TEC,[31, 22, 82, 15, 26, 9, 90, 42, 77, 4, 79, 5, 93, 78, 86, 54, 85, 63, 18, 44, 20, 49, 36, 14, 48, 50, 53, 17, 21, 45, 71, 64, 3, 23, 30, 83, 24, 41, 60, 52, 65, 27, 95, 70, 39, 87, 74, 69, 99, 68, 46, 1, 38, 58, 97, 59, 28, 8, 73, 37, 35, 47, 11, 66, 76, 57, 72, 16, 92, 6, 80, 61, 33, 98, 32, 34, 51, 67, 10, 7, 56, 43, 62, 19, 91, 13, 29, 96, 0, 81, 75, 40, 2, 55, 25, 88, 12, 94, 89, 84]|[2, 1, 2, 1, 1, 2, 2, 0, 1, 1, 1, 0, 2, 2, 1, 2, 0, 0, 0, 2, 2, 1, 0, 2, 2, 2, 2, 1, 0, 1, 1, 1, 0, 0, 1, 0, 2, 1, 2, 2, 0, 1, 1, 1, 0, 2, 0, 2, 1, 0, 0, 2, 2, 0, 2, 0, 2, 1, 0, 0, 2, 1, 0, 2, 2, 0, 1, 1, 0, 0, 2, 1, 1, 0, 0, 1, 0, 0, 1, 2, 2, 1, 0, 2, 1, 0, 1, 0, 0, 1, 2, 2, 2, 1, 1, 1, 1, 1, 1, 0]|[0, 3, 0, 2, 4, 1, 1, 0, 2, 4, 3, 2, 1, 0, 2, 1, 1, 1, 2, 1, 2, 3, 0, 1, 0, 1, 1, 4, 1, 0, 3, 2, 2, 0, 4, 1, 1, 4, 0, 1, 2, 2, 4, 4, 1, 1, 0, 2, 3, 1, 2, 1, 2, 1, 1, 2, 0, 3, 0, 2, 2, 3, 1, 0, 1, 2, 4, 0, 0, 1, 1, 3, 4, 1, 2, 4, 0, 1, 3, 1, 0, 4, 0, 0, 3, 2, 3, 2, 2, 1, 2, 0, 1, 3, 4, 4, 3, 4, 4, 2]|[0, 2, 0, 1, 3, 0, 0, 0, 0, 0, 2, 0, 1, 0, 1, 0, 0, 0, 1, 0, 0, 2, 0, 0, 0, 0, 0, 3, 0, 1, 0, 2, 0, 0, 3, 0, 1, 3, 1, 0, 0, 1, 1, 3, 0, 0, 1, 0, 2, 0, 0, 0, 0, 0, 1, 0, 0, 0, 1, 1, 0, 2, 0, 0, 0, 1, 2, 1, 1, 0, 0, 0, 1, 0, 0, 2, 0, 0, 3, 0, 0, 2, 0, 0, 0, 0, 0, 0, 0, 1, 1, 0, 0, 0, 3, 1, 0, 2, 1, 1],955.8733926004294,54536.65158988291,128477.30564999962,false
4,G3_TWC,G4_BALANCED,[31, 22, 82, 15, 26, 9, 95, 42, 77, 12, 47, 5, 93, 78, 86, 54, 85, 63, 18, 44, 20, 35, 43, 97, 91, 76, 10, 30, 21, 45, 61, 64, 1, 23, 17, 83, 24, 41, 60, 36, 6, 57, 40, 88, 65, 56, 79, 69, 67, 68, 46, 75, 38, 58, 19, 32, 81, 48, 27, 62, 87, 90, 99, 59, 11, 16, 72, 73, 70, 39, 37, 84, 3, 92, 25, 55, 28, 51, 29, 7, 33, 71, 96, 14, 89, 50, 66, 98, 80, 53, 8, 2, 34, 4, 52, 49, 0, 94, 74, 13]|[1, 1, 0, 1, 1, 0, 1, 2, 2, 1, 2, 2, 2, 1, 1, 0, 0, 1, 0, 2, 2, 0, 1, 2, 0, 1, 2, 2, 0, 0, 1, 2, 1, 2, 1, 0, 2, 0, 1, 1, 0, 1, 1, 1, 0, 2, 1, 2, 0, 0, 0, 0, 1, 1, 2, 1, 2, 1, 0, 0, 2, 1, 0, 1, 2, 1, 2, 1, 1, 1, 0, 1, 1, 0, 1, 1, 0, 0, 0, 1, 0, 1, 0, 0, 1, 0, 2, 0, 0, 0, 1, 0, 2, 1, 2, 0, 0, 1, 2, 0]|[4, 3, 2, 2, 4, 1, 2, 2, 2, 4, 0, 1, 2, 4, 4, 1, 2, 4, 2, 1, 1, 1, 1, 2, 1, 2, 1, 1, 1, 1, 3, 2, 3, 0, 4, 0, 1, 1, 0, 3, 2, 2, 2, 0, 1, 1, 0, 2, 0, 1, 2, 2, 1, 0, 0, 3, 2, 4, 1, 2, 2, 3, 1, 1, 1, 3, 0, 4, 3, 1, 1, 1, 1, 0, 4, 4, 2, 1, 1, 1, 2, 3, 1, 1, 1, 1, 0, 1, 1, 2, 3, 2, 1, 4, 1, 1, 2, 4, 1, 2]|[0, 2, 1, 1, 3, 0, 1, 0, 0, 0, 0, 0, 1, 0, 1, 0, 0, 3, 1, 0, 0, 0, 3, 1, 0, 2, 0, 0, 0, 1, 0, 0, 0, 0, 3, 0, 1, 0, 0, 2, 1, 1, 1, 0, 0, 0, 0, 0, 1, 0, 0, 0, 1, 3, 0, 0, 1, 2, 0, 1, 0, 2, 0, 1, 0, 2, 1, 0, 0, 1, 0, 3, 1, 1, 3, 3, 1, 0, 0, 2, 1, 0, 0, 0, 1, 0, 0, 0, 0, 1, 2, 0, 0, 0, 0, 1, 0, 2, 0, 0],839.3802886534756,57583.88317662583,102941.97578317125,true
4,G1_CMAX,G4_BALANCED,[31, 22, 82, 15, 26, 9, 95, 42, 77, 12, 47, 5, 93, 78, 86, 54, 85, 63, 18, 44, 20, 35, 43, 97, 91, 76, 10, 30, 21, 45, 61, 64, 1, 23, 17, 83, 24, 41, 60, 36, 6, 57, 40, 88, 65, 56, 79, 69, 67, 68, 46, 75, 38, 58, 19, 32, 81, 48, 27, 62, 87, 90, 99, 59, 11, 16, 72, 73, 70, 89, 37, 84, 3, 92, 25, 55, 28, 51, 29, 7, 96, 74, 98, 14, 39, 80, 33, 8, 50, 53, 66, 2, 34, 4, 52, 49, 0, 94, 71, 13]|[1, 1, 0, 1, 1, 0, 1, 2, 2, 1, 2, 2, 2, 1, 1, 0, 0, 0, 0, 2, 2, 0, 1, 2, 0, 1, 2, 2, 0, 0, 1, 2, 1, 2, 1, 0, 2, 1, 1, 1, 0, 1, 1, 1, 0, 2, 1, 2, 0, 0, 0, 0, 1, 1, 2, 1, 2, 1, 0, 0, 2, 1, 0, 1, 2, 1, 2, 1, 1, 1, 0, 1, 1, 0, 1, 1, 1, 0, 1, 1, 0, 2, 0, 0, 1, 0, 0, 1, 0, 0, 2, 0, 2, 1, 2, 0, 0, 1, 2, 0]|[4, 3, 2, 2, 4, 1, 2, 2, 1, 4, 0, 1, 2, 4, 4, 1, 2, 1, 2, 1, 1, 1, 1, 2, 1, 2, 1, 1, 1, 1, 1, 2, 3, 0, 4, 0, 1, 4, 0, 3, 2, 2, 2, 0, 1, 1, 0, 2, 0, 1, 2, 2, 1, 0, 0, 3, 1, 4, 1, 2, 2, 3, 1, 1, 1, 3, 0, 4, 3, 1, 1, 1, 1, 0, 4, 4, 4, 1, 3, 1, 1, 1, 1, 1, 1, 1, 2, 3, 1, 2, 0, 2, 1, 4, 1, 1, 2, 4, 1, 2]|[0, 2, 1, 1, 3, 0, 1, 0, 0, 0, 0, 0, 1, 0, 1, 0, 0, 0, 1, 0, 0, 0, 3, 1, 0, 2, 0, 0, 0, 1, 3, 0, 0, 0, 3, 0, 1, 3, 0, 2, 1, 1, 1, 0, 0, 0, 0, 0, 1, 0, 0, 0, 1, 3, 0, 0, 0, 2, 0, 1, 0, 2, 0, 1, 0, 2, 1, 0, 0, 1, 0, 3, 1, 1, 3, 3, 1, 0, 0, 2, 0, 0, 0, 0, 1, 0, 1, 2, 0, 1, 0, 0, 0, 0, 0, 1, 0, 2, 0, 0],798.2126290544513,57216.69429393091,107378.5910362429,true
4,G4_BALANCED,G4_BALANCED,[31, 22, 82, 15, 26, 9, 90, 70, 77, 4, 79, 5, 93, 78, 86, 54, 85, 63, 18, 44, 20, 49, 36, 14, 48, 50, 53, 17, 21, 45, 71, 64, 3, 23, 30, 83, 24, 41, 60, 52, 65, 27, 95, 42, 39, 87, 74, 69, 99, 68, 46, 1, 38, 58, 97, 59, 28, 8, 73, 37, 35, 47, 11, 66, 76, 57, 72, 16, 92, 6, 80, 61, 33, 98, 32, 34, 51, 96, 10, 0, 56, 43, 62, 19, 91, 13, 29, 67, 7, 81, 2, 40, 88, 75, 55, 25, 12, 94, 89, 84]|[2, 1, 2, 1, 1, 2, 1, 1, 1, 1, 1, 0, 2, 2, 1, 2, 0, 0, 0, 2, 2, 1, 0, 2, 2, 2, 2, 1, 0, 1, 1, 1, 0, 0, 2, 0, 2, 1, 2, 2, 0, 1, 1, 1, 0, 2, 0, 2, 1, 0, 0, 2, 2, 0, 2, 0, 2, 1, 0, 0, 2, 1, 0, 2, 2, 0, 1, 1, 0, 0, 0, 1, 1, 0, 0, 1, 0, 0, 1, 0, 2, 1, 0, 2, 0, 0, 1, 0, 2, 1, 2, 2, 1, 1, 2, 1, 1, 1, 1, 0]|[0, 3, 0, 2, 4, 1, 4, 4, 2, 4, 3, 2, 1, 0, 2, 1, 1, 1, 2, 1, 2, 3, 0, 1, 0, 1, 1, 4, 1, 0, 3, 2, 2, 0, 1, 1, 1, 4, 0, 1, 2, 2, 4, 4, 1, 1, 0, 2, 3, 1, 2, 1, 2, 1, 1, 2, 0, 3, 0, 2, 2, 3, 1, 0, 1, 2, 4, 0, 0, 1, 1, 3, 4, 1, 2, 4, 0, 2, 3, 2, 0, 4, 0, 0, 1, 2, 3, 1, 1, 1, 1, 0, 4, 3, 2, 4, 3, 4, 4, 2]|[0, 2, 0, 1, 3, 0, 1, 3, 0, 0, 2, 0, 1, 0, 1, 0, 0, 0, 1, 0, 0, 2, 0, 0, 0, 0, 0, 3, 0, 1, 0, 2, 0, 0, 0, 0, 1, 3, 1, 0, 0, 1, 1, 3, 0, 0, 1, 0, 2, 0, 0, 0, 0, 0, 1, 0, 0, 0, 1, 1, 0, 2, 0, 0, 0, 1, 2, 1, 1, 0, 0, 0, 1, 0, 0, 2, 0, 0, 3, 0, 0, 2, 0, 0, 0, 0, 0, 0, 0, 1, 0, 0, 1, 0, 1, 3, 0, 2, 1, 1],930.6128744098136,54781.061690128205,126337.2263808558,false
4,G2_TEC,G2_TEC,[31, 22, 82, 15, 26, 9, 90, 42, 77, 4, 79, 5, 93, 78, 86, 54, 85, 63, 18, 44, 20, 49, 36, 14, 48, 50, 53, 17, 21, 45, 71, 64, 3, 23, 30, 83, 24, 41, 60, 52, 65, 27, 95, 70, 39, 87, 74, 69, 99, 68, 46, 1, 38, 58, 97, 59, 28, 8, 73, 37, 35, 47, 11, 66, 76, 57, 72, 16, 92, 6, 80, 61, 33, 98, 32, 34, 51, 67, 10, 7, 56, 43, 62, 19, 91, 13, 29, 96, 0, 81, 75, 40, 2, 55, 25, 88, 12, 94, 89, 84]|[2, 1, 2, 1, 1, 2, 2, 0, 1, 1, 1, 0, 2, 2, 1, 2, 0, 0, 0, 2, 2, 1, 0, 2, 2, 2, 2, 1, 0, 1, 1, 1, 0, 0, 1, 0, 2, 1, 2, 2, 0, 1, 1, 1, 0, 2, 0, 2, 1, 0, 0, 2, 2, 0, 2, 0, 2, 1, 0, 0, 2, 1, 0, 2, 2, 0, 1, 1, 0, 0, 2, 1, 1, 0, 0, 1, 0, 0, 1, 2, 2, 1, 0, 2, 1, 0, 1, 0, 0, 1, 2, 2, 2, 1, 1, 1, 1, 1, 1, 0]|[0, 3, 0, 2, 4, 1, 1, 0, 2, 4, 3, 2, 1, 0, 2, 1, 1, 1, 2, 1, 2, 3, 0, 1, 0, 1, 1, 4, 1, 0, 3, 2, 2, 0, 4, 1, 1, 4, 0, 1, 2, 2, 4, 4, 1, 1, 0, 2, 3, 1, 2, 1, 2, 1, 1, 2, 0, 3, 0, 2, 2, 3, 1, 0, 1, 2, 4, 0, 0, 1, 1, 3, 4, 1, 2, 4, 0, 1, 3, 1, 0, 4, 0, 0, 3, 2, 3, 2, 2, 1, 2, 0, 1, 3, 4, 4, 3, 4, 4, 2]|[0, 2, 0, 1, 3, 0, 0, 0, 0, 0, 2, 0, 1, 0, 1, 0, 0, 0, 1, 0, 0, 2, 0, 0, 0, 0, 0, 3, 0, 1, 0, 2, 0, 0, 3, 0, 1, 3, 1, 0, 0, 1, 1, 3, 0, 0, 1, 0, 2, 0, 0, 0, 0, 0, 1, 0, 0, 0, 1, 1, 0, 2, 0, 0, 0, 1, 2, 1, 1, 0, 0, 0, 1, 0, 0, 2, 0, 0, 3, 0, 0, 2, 0, 0, 0, 0, 0, 0, 0, 1, 1, 0, 0, 0, 3, 1, 0, 2, 1, 1],955.8733926004294,54536.65158988291,128477.30564999962,false
4,G3_TWC,G4_BALANCED,[31, 22, 82, 15, 26, 9, 95, 42, 77, 12, 47, 5, 93, 78, 86, 54, 85, 63, 18, 44, 20, 35, 43, 97, 91, 76, 10, 30, 21, 45, 61, 64, 1, 23, 17, 83, 24, 41, 60, 36, 6, 57, 40, 88, 65, 56, 79, 69, 67, 68, 46, 75, 38, 58, 19, 32, 81, 48, 27, 62, 87, 90, 99, 59, 11, 16, 72, 73, 70, 39, 37, 84, 3, 92, 25, 55, 28, 51, 29, 7, 33, 71, 96, 14, 89, 50, 66, 98, 80, 53, 8, 2, 34, 4, 52, 49, 0, 94, 74, 13]|[1, 1, 0, 1, 1, 0, 1, 2, 2, 1, 2, 2, 2, 1, 1, 0, 0, 1, 0, 2, 2, 0, 1, 2, 0, 1, 2, 2, 0, 0, 1, 2, 1, 2, 1, 0, 2, 0, 1, 1, 0, 1, 1, 1, 0, 2, 1, 2, 0, 0, 0, 0, 1, 1, 2, 1, 2, 1, 0, 0, 2, 1, 0, 1, 2, 1, 2, 1, 1, 1, 0, 1, 1, 0, 1, 1, 0, 0, 0, 1, 0, 1, 0, 0, 1, 0, 2, 0, 0, 0, 1, 0, 2, 1, 2, 0, 0, 1, 2, 0]|[4, 3, 2, 2, 4, 1, 2, 2, 2, 4, 0, 1, 2, 4, 4, 1, 2, 4, 2, 1, 1, 1, 1, 2, 1, 2, 1, 1, 1, 1, 3, 2, 3, 0, 4, 0, 1, 1, 0, 3, 2, 2, 2, 0, 1, 1, 0, 2, 0, 1, 2, 2, 1, 0, 0, 3, 2, 4, 1, 2, 2, 3, 1, 1, 1, 3, 0, 4, 3, 1, 1, 1, 1, 0, 4, 4, 2, 1, 1, 1, 2, 3, 1, 1, 1, 1, 0, 1, 1, 2, 3, 2, 1, 4, 1, 1, 2, 4, 1, 2]|[0, 2, 1, 1, 3, 0, 1, 0, 0, 0, 0, 0, 1, 0, 1, 0, 0, 3, 1, 0, 0, 0, 3, 1, 0, 2, 0, 0, 0, 1, 0, 0, 0, 0, 3, 0, 1, 0, 0, 2, 1, 1, 1, 0, 0, 0, 0, 0, 1, 0, 0, 0, 1, 3, 0, 0, 1, 2, 0, 1, 0, 2, 0, 1, 0, 2, 1, 0, 0, 1, 0, 3, 1, 1, 3, 3, 1, 0, 0, 2, 1, 0, 0, 0, 1, 0, 0, 0, 0, 1, 2, 0, 0, 0, 0, 1, 0, 2, 0, 0],839.3802886534756,57583.88317662583,102941.97578317125,true
4,G1_CMAX,G4_BALANCED,[31, 22, 82, 15, 26, 9, 95, 42, 77, 12, 47, 5, 93, 78, 86, 54, 85, 63, 18, 44, 20, 35, 43, 97, 91, 76, 10, 30, 21, 45, 61, 64, 1, 23, 17, 83, 24, 41, 60, 36, 6, 57, 40, 88, 65, 56, 79, 69, 67, 68, 46, 75, 38, 58, 19, 32, 81, 48, 27, 62, 87, 90, 99, 59, 11, 16, 72, 73, 70, 39, 37, 84, 3, 14, 25, 55, 28, 51, 29, 7, 66, 71, 98, 33, 53, 50, 96, 80, 8, 89, 92, 2, 34, 4, 52, 49, 0, 94, 74, 13]|[1, 1, 0, 1, 1, 0, 1, 2, 2, 1, 2, 2, 2, 1, 1, 0, 0, 0, 0, 2, 2, 0, 1, 2, 0, 1, 2, 2, 0, 0, 1, 2, 1, 2, 1, 0, 2, 1, 1, 1, 0, 1, 1, 1, 0, 2, 1, 2, 0, 0, 0, 0, 1, 1, 2, 1, 2, 1, 2, 0, 1, 2, 0, 1, 2, 1, 2, 1, 1, 1, 0, 1, 1, 0, 1, 1, 1, 0, 0, 1, 2, 1, 2, 0, 0, 0, 0, 0, 1, 1, 0, 0, 2, 1, 2, 0, 0, 1, 2, 0]|[4, 3, 2, 2, 4, 1, 2, 2, 1, 4, 0, 1, 2, 4, 4, 1, 2, 1, 2, 1, 1, 1, 1, 2, 1, 2, 1, 1, 1, 1, 3, 2, 3, 0, 4, 0, 1, 4, 0, 3, 2, 2, 2, 0, 1, 1, 0, 2, 0, 1, 2, 2, 1, 0, 0, 3, 2, 4, 1, 2, 3, 2, 1, 1, 1, 3, 0, 4, 3, 0, 1, 1, 1, 2, 4, 4, 4, 1, 1, 1, 0, 3, 0, 2, 2, 1, 1, 1, 3, 1, 0, 2, 1, 4, 1, 1, 2, 4, 0, 2]|[0, 2, 1, 1, 3, 0, 1, 0, 0, 0, 0, 0, 1, 0, 1, 0, 0, 0, 1, 0, 0, 0, 3, 1, 0, 2, 0, 0, 0, 1, 0, 0, 0, 0, 3, 0, 1, 3, 0, 2, 1, 1, 1, 0, 0, 0, 0, 0, 1, 0, 0, 0, 1, 3, 0, 0, 1, 2, 0, 1, 2, 0, 0, 1, 0, 2, 1, 0, 0, 1, 0, 3, 1, 0, 3, 3, 1, 0, 0, 2, 0, 0, 0, 1, 1, 0, 0, 0, 2, 1, 1, 0, 0, 0, 0, 1, 0, 2, 0, 0],771.4827228045212,57954.86800424517,106478.01230561978,true
4,G4_BALANCED,G4_BALANCED,[31, 22, 82, 15, 26, 9, 90, 70, 77, 4, 79, 5, 93, 78, 86, 54, 85, 63, 18, 44, 20, 49, 36, 14, 48, 50, 53, 17, 21, 45, 71, 64, 3, 23, 30, 83, 24, 41, 60, 52, 65, 27, 95, 42, 39, 87, 74, 69, 99, 68, 46, 1, 38, 58, 97, 59, 28, 8, 73, 37, 35, 47, 11, 66, 76, 57, 72, 16, 92, 6, 80, 61, 33, 98, 32, 34, 51, 96, 10, 0, 56, 43, 62, 19, 91, 13, 29, 67, 7, 81, 2, 40, 88, 75, 55, 25, 12, 94, 89, 84]|[2, 1, 2, 1, 1, 2, 1, 1, 1, 1, 1, 0, 2, 2, 1, 2, 0, 0, 0, 2, 2, 1, 0, 2, 2, 2, 2, 1, 0, 1, 1, 1, 0, 0, 2, 0, 2, 1, 2, 2, 0, 1, 1, 1, 0, 2, 0, 2, 1, 0, 0, 2, 2, 0, 2, 0, 2, 1, 0, 0, 2, 1, 0, 2, 2, 0, 1, 1, 0, 0, 0, 1, 1, 0, 0, 1, 0, 0, 1, 0, 2, 1, 0, 2, 0, 0, 1, 0, 2, 1, 2, 2, 1, 1, 2, 1, 1, 1, 1, 0]|[0, 3, 0, 2, 4, 1, 4, 4, 2, 4, 3, 2, 1, 0, 2, 1, 1, 1, 2, 1, 2, 3, 0, 1, 0, 1, 1, 4, 1, 0, 3, 2, 2, 0, 1, 1, 1, 4, 0, 1, 2, 2, 4, 4, 1, 1, 0, 2, 3, 1, 2, 1, 2, 1, 1, 2, 0, 3, 0, 2, 2, 3, 1, 0, 1, 2, 4, 0, 0, 1, 1, 3, 4, 1, 2, 4, 0, 2, 3, 2, 0, 4, 0, 0, 1, 2, 3, 1, 1, 1, 1, 0, 4, 3, 2, 4, 3, 4, 4, 2]|[0, 2, 0, 1, 3, 0, 1, 3, 0, 0, 2, 0, 1, 0, 1, 0, 0, 0, 1, 0, 0, 2, 0, 0, 0, 0, 0, 3, 0, 1, 0, 2, 0, 0, 0, 0, 1, 3, 1, 0, 0, 1, 1, 3, 0, 0, 1, 0, 2, 0, 0, 0, 0, 0, 1, 0, 0, 0, 1, 1, 0, 2, 0, 0, 0, 1, 2, 1, 1, 0, 0, 0, 1, 0, 0, 2, 0, 0, 3, 0, 0, 2, 0, 0, 0, 0, 0, 0, 0, 1, 0, 0, 1, 0, 1, 3, 0, 2, 1, 1],930.6128744098136,54781.061690128205,126337.2263808558,false
4,G2_TEC,G2_TEC,[31, 22, 82, 15, 26, 9, 90, 42, 77, 4, 79, 5, 93, 78, 86, 54, 85, 63, 18, 44, 20, 49, 36, 14, 48, 50, 53, 17, 21, 45, 71, 64, 3, 23, 30, 83, 24, 41, 60, 52, 65, 27, 95, 70, 39, 87, 74, 69, 99, 68, 46, 1, 38, 58, 97, 59, 28, 8, 73, 37, 35, 47, 11, 66, 76, 57, 72, 16, 92, 6, 80, 61, 33, 98, 32, 34, 51, 67, 10, 7, 56, 43, 62, 19, 91, 13, 29, 96, 0, 81, 75, 40, 2, 55, 25, 88, 12, 94, 89, 84]|[2, 1, 2, 1, 1, 2, 2, 0, 1, 1, 1, 0, 2, 2, 1, 2, 0, 0, 0, 2, 2, 1, 0, 2, 2, 2, 2, 1, 0, 1, 1, 1, 0, 0, 1, 0, 2, 1, 2, 2, 0, 1, 1, 1, 0, 2, 0, 2, 1, 0, 0, 2, 2, 0, 2, 0, 2, 1, 0, 0, 2, 1, 0, 2, 2, 0, 1, 1, 0, 0, 2, 1, 1, 0, 0, 1, 0, 0, 1, 2, 2, 1, 0, 2, 1, 0, 1, 0, 0, 1, 2, 2, 2, 1, 1, 1, 1, 1, 1, 0]|[0, 3, 0, 2, 4, 1, 1, 0, 2, 4, 3, 2, 1, 0, 2, 1, 1, 1, 2, 1, 2, 3, 0, 1, 0, 1, 1, 4, 1, 0, 3, 2, 2, 0, 4, 1, 1, 4, 0, 1, 2, 2, 4, 4, 1, 1, 0, 2, 3, 1, 2, 1, 2, 1, 1, 2, 0, 3, 0, 2, 2, 3, 1, 0, 1, 2, 4, 0, 0, 1, 1, 3, 4, 1, 2, 4, 0, 1, 3, 1, 0, 4, 0, 0, 3, 2, 3, 2, 2, 1, 2, 0, 1, 3, 4, 4, 3, 4, 4, 2]|[0, 2, 0, 1, 3, 0, 0, 0, 0, 0, 2, 0, 1, 0, 1, 0, 0, 0, 1, 0, 0, 2, 0, 0, 0, 0, 0, 3, 0, 1, 0, 2, 0, 0, 3, 0, 1, 3, 1, 0, 0, 1, 1, 3, 0, 0, 1, 0, 2, 0, 0, 0, 0, 0, 1, 0, 0, 0, 1, 1, 0, 2, 0, 0, 0, 1, 2, 1, 1, 0, 0, 0, 1, 0, 0, 2, 0, 0, 3, 0, 0, 2, 0, 0, 0, 0, 0, 0, 0, 1, 1, 0, 0, 0, 3, 1, 0, 2, 1, 1],955.8733926004294,54536.65158988291,128477.30564999962,false
4,G3_TWC,G4_BALANCED,[31, 22, 82, 15, 26, 9, 95, 42, 77, 12, 47, 5, 93, 78, 86, 54, 85, 63, 18, 44, 20, 35, 43, 97, 91, 76, 10, 30, 21, 45, 61, 64, 1, 23, 17, 83, 24, 41, 60, 36, 6, 57, 40, 88, 65, 56, 79, 69, 67, 68, 46, 75, 38, 58, 19, 32, 81, 48, 27, 62, 87, 90, 99, 59, 11, 16, 72, 73, 70, 39, 37, 84, 3, 92, 25, 55, 28, 51, 29, 7, 33, 71, 96, 14, 89, 50, 66, 98, 80, 53, 8, 2, 34, 4, 52, 49, 0, 94, 74, 13]|[1, 1, 0, 1, 1, 0, 1, 2, 2, 1, 2, 2, 2, 1, 1, 0, 0, 1, 0, 2, 2, 0, 1, 2, 0, 1, 2, 2, 0, 0, 1, 2, 1, 2, 1, 0, 2, 0, 1, 1, 0, 1, 1, 1, 0, 2, 1, 2, 0, 0, 0, 0, 1, 1, 2, 1, 2, 1, 0, 0, 2, 1, 0, 1, 2, 1, 2, 1, 1, 1, 0, 1, 1, 0, 1, 1, 0, 0, 0, 1, 0, 1, 0, 0, 1, 0, 2, 0, 0, 0, 1, 0, 2, 1, 2, 0, 0, 1, 2, 0]|[4, 3, 2, 2, 4, 1, 2, 2, 2, 4, 0, 1, 2, 4, 4, 1, 2, 4, 2, 1, 1, 1, 1, 2, 1, 2, 1, 1, 1, 1, 3, 2, 3, 0, 4, 0, 1, 1, 0, 3, 2, 2, 2, 0, 1, 1, 0, 2, 0, 1, 2, 2, 1, 0, 0, 3, 2, 4, 1, 2, 2, 3, 1, 1, 1, 3, 0, 4, 3, 1, 1, 1, 1, 0, 4, 4, 2, 1, 1, 1, 2, 3, 1, 1, 1, 1, 0, 1, 1, 2, 3, 2, 1, 4, 1, 1, 2, 4, 1, 2]|[0, 2, 1, 1, 3, 0, 1, 0, 0, 0, 0, 0, 1, 0, 1, 0, 0, 3, 1, 0, 0, 0, 3, 1, 0, 2, 0, 0, 0, 1, 0, 0, 0, 0, 3, 0, 1, 0, 0, 2, 1, 1, 1, 0, 0, 0, 0, 0, 1, 0, 0, 0, 1, 3, 0, 0, 1, 2, 0, 1, 0, 2, 0, 1, 0, 2, 1, 0, 0, 1, 0, 3, 1, 1, 3, 3, 1, 0, 0, 2, 1, 0, 0, 0, 1, 0, 0, 0, 0, 1, 2, 0, 0, 0, 0, 1, 0, 2, 0, 0],839.3802886534756,57583.88317662583,102941.97578317125,true
4,G1_CMAX,G4_BALANCED,[31, 22, 82, 15, 26, 9, 95, 42, 77, 12, 47, 5, 93, 78, 86, 54, 85, 63, 18, 44, 20, 35, 43, 97, 91, 76, 10, 30, 21, 45, 61, 64, 1, 23, 17, 83, 24, 41, 60, 36, 6, 57, 40, 88, 65, 56, 79, 69, 67, 68, 46, 75, 38, 58, 19, 32, 81, 48, 27, 62, 87, 90, 99, 59, 11, 16, 72, 73, 70, 39, 37, 84, 3, 92, 25, 55, 28, 51, 29, 7, 33, 71, 96, 14, 53, 50, 66, 80, 8, 89, 98, 2, 34, 4, 52, 49, 0, 94, 74, 13]|[1, 1, 0, 1, 1, 0, 1, 2, 2, 1, 2, 2, 2, 1, 1, 0, 0, 1, 0, 2, 2, 0, 1, 2, 0, 1, 2, 2, 0, 0, 1, 2, 1, 2, 1, 0, 2, 0, 1, 1, 0, 1, 1, 1, 0, 2, 1, 2, 0, 0, 0, 0, 1, 1, 2, 1, 2, 1, 0, 0, 2, 1, 0, 1, 2, 1, 2, 1, 1, 1, 0, 1, 1, 0, 1, 1, 0, 0, 0, 1, 0, 1, 0, 1, 0, 0, 2, 0, 1, 1, 0, 0, 2, 1, 2, 0, 0, 1, 2, 0]|[4, 3, 2, 2, 4, 1, 2, 2, 1, 4, 0, 1, 2, 4, 4, 1, 2, 4, 2, 1, 1, 1, 1, 2, 1, 2, 1, 1, 1, 1, 3, 2, 3, 0, 4, 0, 1, 1, 0, 3, 2, 2, 2, 0, 1, 1, 0, 2, 0, 1, 2, 2, 1, 0, 0, 3, 2, 4, 1, 2, 2, 3, 1, 1, 1, 3, 0, 4, 3, 1, 1, 1, 1, 0, 4, 4, 2, 1, 1, 1, 2, 3, 1, 3, 2, 1, 0, 1, 3, 1, 1, 2, 1, 4, 1, 1, 2, 4, 1, 2]|[0, 2, 1, 1, 3, 0, 1, 0, 0, 0, 0, 0, 1, 0, 1, 0, 0, 3, 1, 0, 0, 0, 3, 1, 0, 2, 0, 0, 0, 1, 0, 0, 0, 0, 3, 0, 1, 0, 0, 2, 1, 1, 1, 0, 0, 0, 0, 0, 1, 0, 0, 0, 1, 3, 0, 0, 1, 2, 0, 1, 0, 2, 0, 1, 0, 2, 1, 0, 0, 1, 0, 3, 1, 1, 3, 3, 1, 0, 0, 2, 1, 0, 0, 2, 1, 0, 0, 0, 2, 1, 0, 0, 0, 0, 0, 1, 0, 2, 0, 0],808.9031341708279,57556.58696628521,103424.30014044789,true
4,G4_BALANCED,G2_TEC,[31, 22, 82, 15, 26, 9, 90, 42, 77, 4, 79, 5, 93, 78, 86, 54, 85, 63, 18, 44, 20, 49, 36, 14, 48, 50, 53, 17, 21, 45, 23, 64, 3, 71, 30, 83, 24, 41, 60, 52, 65, 27, 95, 70, 39, 87, 74, 69, 99, 68, 46, 1, 38, 58, 97, 59, 28, 8, 73, 37, 35, 47, 11, 66, 76, 57, 72, 16, 92, 6, 80, 61, 33, 98, 32, 34, 51, 67, 10, 7, 56, 43, 62, 19, 91, 13, 12, 96, 0, 81, 2, 40, 88, 55, 75, 25, 29, 94, 89, 84]|[2, 1, 2, 1, 1, 2, 2, 0, 1, 1, 1, 0, 2, 2, 1, 2, 0, 0, 0, 2, 2, 1, 0, 2, 2, 2, 2, 1, 0, 1, 1, 1, 0, 0, 1, 0, 2, 1, 2, 2, 0, 1, 1, 1, 0, 2, 0, 2, 1, 0, 0, 2, 2, 0, 2, 0, 2, 1, 0, 0, 2, 1, 0, 2, 2, 0, 1, 1, 0, 0, 0, 1, 1, 0, 0, 1, 0, 0, 1, 2, 2, 1, 0, 2, 1, 0, 1, 0, 0, 1, 2, 2, 1, 1, 2, 1, 1, 1, 1, 0]|[0, 3, 0, 2, 4, 1, 1, 0, 2, 4, 3, 2, 1, 0, 2, 1, 1, 1, 2, 1, 2, 3, 0, 1, 0, 1, 1, 4, 1, 0, 3, 2, 2, 0, 4, 1, 1, 4, 0, 1, 2, 2, 4, 4, 1, 1, 0, 1, 3, 1, 2, 1, 2, 1, 1, 2, 0, 3, 0, 2, 2, 3, 1, 0, 1, 2, 4, 0, 0, 1, 1, 3, 4, 1, 2, 4, 0, 1, 3, 1, 0, 4, 2, 0, 3, 2, 3, 2, 2, 1, 1, 0, 4, 3, 2, 4, 3, 4, 4, 2]|[0, 2, 0, 1, 3, 0, 0, 0, 0, 0, 2, 0, 1, 0, 1, 0, 0, 0, 1, 0, 0, 2, 0, 0, 0, 0, 0, 3, 0, 1, 0, 2, 0, 0, 3, 0, 1, 3, 1, 0, 0, 1, 1, 3, 0, 0, 1, 0, 2, 0, 0, 0, 0, 0, 1, 0, 0, 0, 1, 1, 0, 2, 0, 0, 0, 1, 2, 1, 1, 0, 0, 0, 1, 0, 0, 2, 0, 0, 3, 0, 0, 2, 1, 0, 0, 0, 0, 0, 0, 1, 0, 0, 1, 0, 1, 3, 0, 2, 1, 1],926.1894873655232,54741.64660108498,124955.9454654083,true
4,G2_TEC,G2_TEC,[31, 22, 82, 15, 26, 9, 90, 42, 77, 4, 79, 5, 93, 78, 86, 54, 85, 63, 18, 44, 20, 49, 36, 14, 48, 50, 53, 17, 21, 45, 71, 64, 3, 23, 30, 83, 24, 41, 60, 52, 65, 27, 95, 70, 39, 87, 74, 69, 99, 68, 46, 1, 38, 58, 97, 59, 28, 8, 73, 37, 35, 47, 11, 66, 76, 57, 72, 16, 92, 6, 80, 61, 33, 98, 32, 34, 51, 67, 10, 7, 56, 43, 62, 19, 91, 13, 29, 96, 0, 81, 75, 40, 2, 55, 25, 88, 12, 94, 89, 84]|[2, 1, 2, 1, 1, 2, 2, 0, 1, 1, 1, 0, 2, 2, 1, 2, 0, 0, 0, 2, 2, 1, 0, 2, 2, 2, 2, 1, 0, 1, 1, 1, 0, 0, 1, 0, 2, 1, 2, 2, 0, 1, 1, 1, 0, 2, 0, 2, 1, 0, 0, 2, 2, 0, 2, 0, 2, 1, 0, 0, 2, 1, 0, 2, 2, 0, 1, 1, 0, 0, 2, 1, 1, 0, 0, 1, 0, 0, 1, 2, 2, 1, 0, 2, 1, 0, 1, 0, 0, 1, 2, 2, 2, 1, 1, 1, 1, 1, 1, 0]|[0, 3, 0, 2, 4, 1, 1, 0, 2, 4, 3, 2, 1, 0, 2, 1, 1, 1, 2, 1, 2, 3, 0, 1, 0, 1, 1, 4, 1, 0, 3, 2, 2, 0, 4, 1, 1, 4, 0, 1, 2, 2, 4, 4, 1, 1, 0, 2, 3, 1, 2, 1, 2, 1, 1, 2, 0, 3, 0, 2, 2, 3, 1, 0, 1, 2, 4, 0, 0, 1, 1, 3, 4, 1, 2, 4, 0, 1, 3, 1, 0, 4, 0, 0, 3, 2, 3, 2, 2, 1, 2, 0, 1, 3, 4, 4, 3, 4, 4, 2]|[0, 2, 0, 1, 3, 0, 0, 0, 0, 0, 2, 0, 1, 0, 1, 0, 0, 0, 1, 0, 0, 2, 0, 0, 0, 0, 0, 3, 0, 1, 0, 2, 0, 0, 3, 0, 1, 3, 1, 0, 0, 1, 1, 3, 0, 0, 1, 0, 2, 0, 0, 0, 0, 0, 1, 0, 0, 0, 1, 1, 0, 2, 0, 0, 0, 1, 2, 1, 1, 0, 0, 0, 1, 0, 0, 2, 0, 0, 3, 0, 0, 2, 0, 0, 0, 0, 0, 0, 0, 1, 1, 0, 0, 0, 3, 1, 0, 2, 1, 1],955.8733926004294,54536.65158988291,128477.30564999962,false
4,G3_TWC,G4_BALANCED,[31, 22, 82, 15, 26, 9, 95, 42, 77, 12, 47, 5, 93, 78, 86, 54, 85, 63, 18, 44, 20, 35, 43, 97, 91, 76, 10, 30, 21, 45, 61, 64, 1, 23, 17, 83, 24, 41, 60, 36, 6, 57, 40, 88, 65, 56, 79, 69, 67, 68, 46, 75, 38, 58, 19, 32, 81, 48, 27, 62, 87, 90, 99, 59, 11, 16, 72, 73, 70, 39, 37, 84, 3, 92, 25, 55, 28, 51, 29, 7, 33, 71, 96, 14, 89, 50, 66, 98, 80, 53, 8, 2, 34, 4, 52, 49, 0, 94, 74, 13]|[1, 1, 0, 1, 1, 0, 1, 2, 2, 1, 2, 2, 2, 1, 1, 0, 0, 1, 0, 2, 2, 0, 1, 2, 0, 1, 2, 2, 0, 0, 1, 2, 1, 2, 1, 0, 2, 0, 1, 1, 0, 1, 1, 1, 0, 2, 1, 2, 0, 0, 0, 0, 1, 1, 2, 1, 2, 1, 0, 0, 2, 1, 0, 1, 2, 1, 2, 1, 1, 1, 0, 1, 1, 0, 1, 1, 0, 0, 0, 1, 0, 1, 0, 0, 1, 0, 2, 0, 0, 0, 1, 0, 2, 1, 2, 0, 0, 1, 2, 0]|[4, 3, 2, 2, 4, 1, 2, 2, 2, 4, 0, 1, 2, 4, 4, 1, 2, 4, 2, 1, 1, 1, 1, 2, 1, 2, 1, 1, 1, 1, 3, 2, 3, 0, 4, 0, 1, 1, 0, 3, 2, 2, 2, 0, 1, 1, 0, 2, 0, 1, 2, 2, 1, 0, 0, 3, 2, 4, 1, 2, 2, 3, 1, 1, 1, 3, 0, 4, 3, 1, 1, 1, 1, 0, 4, 4, 2, 1, 1, 1, 2, 3, 1, 1, 1, 1, 0, 1, 1, 2, 3, 2, 1, 4, 1, 1, 2, 4, 1, 2]|[0, 2, 1, 1, 3, 0, 1, 0, 0, 0, 0, 0, 1, 0, 1, 0, 0, 3, 1, 0, 0, 0, 3, 1, 0, 2, 0, 0, 0, 1, 0, 0, 0, 0, 3, 0, 1, 0, 0, 2, 1, 1, 1, 0, 0, 0, 0, 0, 1, 0, 0, 0, 1, 3, 0, 0, 1, 2, 0, 1, 0, 2, 0, 1, 0, 2, 1, 0, 0, 1, 0, 3, 1, 1, 3, 3, 1, 0, 0, 2, 1, 0, 0, 0, 1, 0, 0, 0, 0, 1, 2, 0, 0, 0, 0, 1, 0, 2, 0, 0],839.3802886534756,57583.88317662583,102941.97578317125,true
4,G1_CMAX,G3_TWC,[31, 22, 82, 15, 26, 9, 95, 42, 77, 12, 47, 5, 93, 78, 86, 54, 85, 63, 18, 44, 20, 35, 43, 97, 91, 76, 10, 30, 21, 45, 61, 64, 1, 23, 17, 83, 24, 41, 60, 36, 6, 57, 40, 88, 65, 56, 79, 69, 67, 68, 46, 75, 38, 58, 19, 32, 81, 48, 27, 62, 87, 90, 99, 59, 11, 16, 72, 73, 70, 39, 37, 84, 3, 92, 25, 55, 28, 51, 29, 7, 33, 71, 96, 14, 53, 50, 66, 80, 8, 89, 98, 2, 34, 4, 52, 49, 0, 94, 74, 13]|[1, 1, 0, 1, 1, 0, 1, 2, 2, 1, 2, 2, 2, 1, 1, 0, 0, 1, 0, 2, 2, 0, 1, 2, 0, 1, 2, 2, 0, 0, 1, 2, 1, 2, 1, 0, 2, 0, 1, 1, 0, 1, 1, 1, 0, 2, 1, 2, 0, 0, 0, 0, 1, 1, 2, 1, 2, 1, 0, 0, 2, 1, 0, 1, 2, 1, 2, 1, 1, 1, 0, 1, 1, 0, 1, 1, 0, 0, 0, 1, 0, 1, 0, 0, 0, 0, 2, 0, 1, 1, 0, 0, 2, 1, 2, 0, 0, 1, 2, 0]|[4, 3, 2, 2, 4, 1, 2, 2, 2, 4, 0, 1, 2, 4, 4, 1, 2, 4, 2, 1, 1, 1, 1, 2, 1, 2, 1, 1, 1, 1, 3, 2, 3, 0, 4, 0, 1, 1, 0, 3, 2, 2, 2, 0, 1, 1, 0, 2, 0, 1, 2, 2, 1, 0, 0, 3, 2, 4, 1, 2, 2, 3, 1, 1, 1, 3, 0, 4, 3, 0, 1, 1, 1, 0, 4, 4, 2, 1, 1, 1, 2, 3, 1, 1, 2, 1, 0, 1, 3, 1, 1, 2, 1, 4, 1, 1, 2, 4, 1, 2]|[0, 2, 1, 1, 3, 0, 1, 0, 0, 0, 0, 0, 1, 0, 1, 0, 0, 3, 1, 0, 0, 0, 3, 1, 0, 2, 0, 0, 0, 1, 0, 0, 0, 0, 3, 0, 1, 0, 0, 2, 1, 1, 1, 0, 0, 0, 0, 0, 1, 0, 0, 0, 1, 3, 0, 0, 1, 2, 0, 1, 0, 2, 0, 1, 0, 2, 1, 0, 0, 1, 0, 3, 1, 1, 3, 3, 1, 0, 0, 2, 1, 0, 0, 0, 1, 0, 0, 0, 2, 1, 0, 0, 0, 0, 0, 1, 0, 2, 0, 0],839.8136217076633,57663.28184965308,102373.28298826548,true
4,G4_BALANCED,G2_TEC,[31, 22, 82, 15, 26, 9, 90, 42, 77, 4, 79, 5, 93, 78, 86, 54, 85, 63, 18, 44, 20, 49, 36, 14, 48, 50, 53, 17, 21, 45, 23, 64, 3, 71, 30, 83, 24, 41, 60, 52, 65, 27, 95, 70, 39, 87, 74, 69, 99, 68, 46, 1, 38, 58, 97, 59, 28, 8, 73, 37, 35, 47, 11, 66, 76, 57, 72, 16, 92, 6, 80, 61, 33, 98, 32, 34, 51, 67, 10, 7, 56, 43, 62, 19, 91, 13, 12, 96, 0, 81, 2, 40, 88, 55, 75, 25, 29, 94, 89, 84]|[2, 1, 2, 1, 1, 2, 2, 0, 1, 1, 1, 0, 2, 2, 1, 2, 0, 0, 0, 2, 2, 1, 0, 2, 2, 2, 2, 1, 0, 1, 1, 1, 0, 0, 1, 0, 2, 1, 2, 2, 0, 1, 1, 1, 0, 2, 0, 2, 1, 0, 0, 2, 2, 0, 2, 0, 2, 1, 0, 0, 2, 1, 0, 2, 2, 0, 1, 1, 0, 0, 0, 1, 1, 0, 0, 1, 0, 0, 1, 2, 2, 1, 0, 2, 1, 0, 1, 0, 0, 1, 2, 2, 1, 1, 2, 1, 1, 1, 1, 0]|[0, 3, 0, 2, 4, 1, 1, 0, 2, 4, 3, 2, 1, 0, 2, 1, 1, 1, 2, 1, 2, 3, 0, 1, 0, 1, 1, 4, 1, 0, 3, 2, 2, 0, 4, 1, 1, 4, 0, 1, 2, 2, 4, 4, 1, 1, 0, 1, 3, 1, 2, 1, 2, 1, 1, 2, 0, 3, 0, 2, 2, 3, 1, 0, 1, 2, 4, 0, 0, 1, 1, 3, 4, 1, 2, 4, 0, 1, 3, 1, 0, 4, 2, 0, 3, 2, 3, 2, 2, 1, 1, 0, 4, 3, 2, 4, 3, 4, 4, 2]|[0, 2, 0, 1, 3, 0, 0, 0, 0, 0, 2, 0, 1, 0, 1, 0, 0, 0, 1, 0, 0, 2, 0, 0, 0, 0, 0, 3, 0, 1, 0, 2, 0, 0, 3, 0, 1, 3, 1, 0, 0, 1, 1, 3, 0, 0, 1, 0, 2, 0, 0, 0, 0, 0, 1, 0, 0, 0, 1, 1, 0, 2, 0, 0, 0, 1, 2, 1, 1, 0, 0, 0, 1, 0, 0, 2, 0, 0, 3, 0, 0, 2, 1, 0, 0, 0, 0, 0, 0, 1, 0, 0, 1, 0, 1, 3, 0, 2, 1, 1],926.1894873655232,54741.64660108498,124955.9454654083,true
4,G2_TEC,G2_TEC,[31, 22, 82, 15, 26, 9, 90, 42, 77, 4, 79, 5, 93, 78, 86, 54, 85, 63, 18, 44, 20, 49, 36, 14, 48, 50, 53, 17, 21, 45, 71, 64, 3, 23, 30, 83, 24, 41, 60, 52, 65, 27, 95, 70, 39, 87, 74, 69, 99, 68, 46, 1, 38, 58, 97, 59, 28, 8, 73, 37, 35, 47, 11, 66, 76, 57, 72, 16, 92, 6, 80, 61, 33, 98, 32, 34, 51, 67, 10, 7, 56, 43, 62, 19, 91, 13, 29, 96, 0, 81, 75, 40, 2, 55, 25, 88, 12, 94, 89, 84]|[2, 1, 2, 1, 1, 2, 2, 0, 1, 1, 1, 0, 2, 2, 1, 2, 0, 0, 0, 2, 2, 1, 0, 2, 2, 2, 2, 1, 0, 1, 1, 1, 0, 0, 1, 0, 2, 1, 2, 2, 0, 1, 1, 1, 0, 2, 0, 2, 1, 0, 0, 2, 2, 0, 2, 0, 2, 1, 0, 0, 2, 1, 0, 2, 2, 0, 1, 1, 0, 0, 2, 1, 1, 0, 0, 1, 0, 0, 1, 2, 2, 1, 0, 2, 1, 0, 1, 0, 0, 1, 2, 2, 2, 1, 1, 1, 1, 1, 1, 0]|[0, 3, 0, 2, 4, 1, 1, 0, 2, 4, 3, 2, 1, 0, 2, 1, 1, 1, 2, 1, 2, 3, 0, 1, 0, 1, 1, 4, 1, 0, 3, 2, 2, 0, 4, 1, 1, 4, 0, 1, 2, 2, 4, 4, 1, 1, 0, 2, 3, 1, 2, 1, 2, 1, 1, 2, 0, 3, 0, 2, 2, 3, 1, 0, 1, 2, 4, 0, 0, 1, 1, 3, 4, 1, 2, 4, 0, 1, 3, 1, 0, 4, 0, 0, 3, 2, 3, 2, 2, 1, 2, 0, 1, 3, 4, 4, 3, 4, 4, 2]|[0, 2, 0, 1, 3, 0, 0, 0, 0, 0, 2, 0, 1, 0, 1, 0, 0, 0, 1, 0, 0, 2, 0, 0, 0, 0, 0, 3, 0, 1, 0, 2, 0, 0, 3, 0, 1, 3, 1, 0, 0, 1, 1, 3, 0, 0, 1, 0, 2, 0, 0, 0, 0, 0, 1, 0, 0, 0, 1, 1, 0, 2, 0, 0, 0, 1, 2, 1, 1, 0, 0, 0, 1, 0, 0, 2, 0, 0, 3, 0, 0, 2, 0, 0, 0, 0, 0, 0, 0, 1, 1, 0, 0, 0, 3, 1, 0, 2, 1, 1],955.8733926004294,54536.65158988291,128477.30564999962,false
4,G3_TWC,G4_BALANCED,[31, 22, 82, 15, 26, 9, 95, 42, 77, 12, 47, 5, 93, 78, 86, 54, 85, 63, 18, 44, 20, 35, 43, 97, 91, 76, 10, 30, 21, 45, 61, 64, 1, 23, 17, 83, 24, 41, 60, 36, 6, 57, 40, 88, 65, 56, 79, 69, 67, 68, 46, 75, 38, 58, 19, 32, 81, 48, 27, 62, 87, 90, 99, 59, 11, 16, 72, 73, 70, 39, 37, 84, 3, 92, 25, 55, 28, 51, 29, 7, 33, 71, 96, 14, 89, 50, 66, 98, 80, 53, 8, 2, 34, 4, 52, 49, 0, 94, 74, 13]|[1, 1, 0, 1, 1, 0, 1, 2, 2, 1, 2, 2, 2, 1, 1, 0, 0, 1, 0, 2, 2, 0, 1, 2, 0, 1, 2, 2, 0, 0, 1, 2, 1, 2, 1, 0, 2, 0, 1, 1, 0, 1, 1, 1, 0, 2, 1, 2, 0, 0, 0, 0, 1, 1, 2, 1, 2, 1, 0, 0, 2, 1, 0, 1, 2, 1, 2, 1, 1, 1, 0, 1, 1, 0, 1, 1, 0, 0, 0, 1, 0, 1, 0, 0, 1, 0, 2, 0, 0, 0, 1, 0, 2, 1, 2, 0, 0, 1, 2, 0]|[4, 3, 2, 2, 4, 1, 2, 2, 2, 4, 0, 1, 2, 4, 4, 1, 2, 4, 2, 1, 1, 1, 1, 2, 1, 2, 1, 1, 1, 1, 3, 2, 3, 0, 4, 0, 1, 1, 0, 3, 2, 2, 2, 0, 1, 1, 0, 2, 0, 1, 2, 2, 1, 0, 0, 3, 2, 4, 1, 2, 2, 3, 1, 1, 1, 3, 0, 4, 3, 1, 1, 1, 1, 0, 4, 4, 2, 1, 1, 1, 2, 3, 1, 1, 1, 1, 0, 1, 1, 2, 3, 2, 1, 4, 1, 1, 2, 4, 1, 2]|[0, 2, 1, 1, 3, 0, 1, 0, 0, 0, 0, 0, 1, 0, 1, 0, 0, 3, 1, 0, 0, 0, 3, 1, 0, 2, 0, 0, 0, 1, 0, 0, 0, 0, 3, 0, 1, 0, 0, 2, 1, 1, 1, 0, 0, 0, 0, 0, 1, 0, 0, 0, 1, 3, 0, 0, 1, 2, 0, 1, 0, 2, 0, 1, 0, 2, 1, 0, 0, 1, 0, 3, 1, 1, 3, 3, 1, 0, 0, 2, 1, 0, 0, 0, 1, 0, 0, 0, 0, 1, 2, 0, 0, 0, 0, 1, 0, 2, 0, 0],839.3802886534756,57583.88317662583,102941.97578317125,true
4,G1_CMAX,G1_CMAX,[31, 22, 82, 15, 67, 9, 95, 42, 77, 12, 47, 5, 93, 78, 86, 54, 85, 63, 18, 44, 20, 35, 43, 97, 91, 76, 10, 30, 21, 45, 61, 64, 1, 23, 17, 83, 24, 41, 60, 36, 6, 57, 40, 88, 65, 56, 79, 69, 26, 68, 46, 75, 38, 58, 19, 32, 81, 48, 27, 62, 87, 90, 99, 59, 11, 16, 72, 73, 70, 39, 37, 84, 3, 92, 25, 55, 28, 51, 29, 7, 33, 74, 96, 98, 53, 50, 66, 80, 8, 89, 14, 2, 34, 4, 52, 49, 0, 94, 71, 13]|[1, 1, 0, 1, 1, 0, 1, 2, 2, 1, 2, 2, 2, 1, 1, 0, 0, 0, 0, 2, 2, 0, 1, 2, 0, 1, 2, 2, 0, 0, 1, 2, 1, 2, 1, 0, 2, 1, 1, 1, 0, 1, 1, 1, 0, 2, 1, 2, 0, 0, 0, 0, 1, 1, 2, 1, 2, 1, 0, 0, 2, 1, 0, 1, 2, 1, 2, 1, 1, 1, 0, 2, 1, 0, 1, 1, 1, 0, 1, 1, 0, 2, 0, 0, 0, 0, 2, 0, 1, 1, 0, 0, 1, 1, 2, 0, 0, 1, 1, 0]|[4, 3, 2, 2, 4, 1, 2, 2, 1, 4, 0, 1, 2, 4, 4, 1, 2, 1, 2, 1, 1, 1, 1, 2, 1, 2, 1, 1, 1, 1, 3, 2, 3, 0, 4, 0, 1, 4, 0, 3, 2, 2, 2, 0, 1, 1, 0, 2, 0, 1, 2, 2, 1, 0, 0, 3, 2, 4, 1, 2, 2, 3, 1, 1, 1, 3, 0, 4, 3, 1, 1, 1, 1, 0, 4, 4, 4, 1, 3, 1, 2, 1, 1, 1, 2, 1, 0, 1, 3, 1, 2, 2, 1, 4, 1, 1, 2, 4, 3, 2]|[0, 2, 1, 1, 3, 0, 1, 0, 0, 0, 0, 0, 1, 0, 1, 0, 0, 0, 1, 0, 0, 0, 3, 1, 0, 2, 0, 0, 0, 1, 0, 0, 0, 0, 3, 0, 1, 3, 0, 2, 1, 1, 1, 0, 0, 0, 0, 0, 1, 0, 0, 0, 1, 3, 0, 0, 1, 2, 0, 1, 0, 2, 0, 1, 0, 2, 1, 0, 0, 1, 0, 0, 1, 1, 3, 3, 1, 0, 0, 2, 1, 0, 0, 0, 1, 0, 0, 0, 2, 1, 0, 0, 3, 0, 0, 1, 0, 2, 0, 0],789.0948459015889,57286.2722916818,105108.80362125326,false
4,G4_BALANCED,G2_TEC,[31, 22, 82, 15, 26, 9, 90, 42, 77, 4, 47, 5, 93, 78, 86, 54, 85, 63, 18, 44, 20, 49, 36, 14, 48, 50, 53, 17, 21, 45, 71, 64, 3, 23, 30, 83, 24, 41, 60, 52, 65, 27, 95, 70, 84, 87, 74, 69, 99, 68, 46, 1, 38, 58, 97, 59, 28, 8, 73, 37, 35, 79, 11, 66, 76, 57, 72, 16, 92, 6, 80, 61, 33, 98, 32, 34, 62, 67, 10, 7, 51, 43, 56, 19, 91, 13, 29, 96, 0, 81, 2, 40, 88, 55, 75, 25, 12, 94, 89, 39]|[0, 1, 2, 1, 1, 2, 1, 0, 1, 1, 1, 0, 2, 2, 1, 2, 0, 0, 0, 2, 2, 1, 0, 2, 2, 2, 2, 1, 0, 1, 1, 1, 0, 0, 2, 0, 2, 1, 2, 2, 0, 1, 1, 1, 0, 1, 0, 2, 1, 0, 0, 2, 2, 0, 2, 0, 2, 1, 0, 0, 2, 1, 0, 0, 2, 0, 1, 1, 1, 1, 0, 1, 1, 0, 0, 1, 0, 0, 1, 2, 0, 1, 0, 2, 1, 0, 1, 0, 0, 1, 2, 2, 1, 1, 2, 1, 1, 0, 1, 0]|[1, 3, 0, 2, 4, 1, 4, 0, 2, 4, 2, 2, 1, 0, 2, 1, 1, 1, 2, 1, 2, 3, 0, 1, 0, 1, 1, 4, 1, 0, 3, 2, 2, 0, 1, 1, 1, 4, 0, 1, 2, 2, 4, 4, 1, 0, 0, 2, 3, 1, 2, 1, 2, 1, 1, 2, 0, 3, 0, 2, 2, 3, 1, 2, 1, 0, 4, 0, 4, 4, 1, 3, 4, 1, 2, 4, 2, 1, 3, 1, 0, 4, 2, 0, 3, 2, 3, 2, 2, 1, 1, 0, 4, 3, 2, 4, 3, 0, 4, 2]|[1, 2, 0, 1, 3, 0, 1, 0, 0, 0, 2, 0, 1, 0, 1, 0, 0, 0, 1, 0, 0, 2, 0, 0, 0, 0, 0, 3, 0, 1, 0, 2, 0, 0, 0, 0, 1, 3, 1, 0, 0, 1, 1, 3, 0, 0, 1, 0, 2, 0, 0, 0, 0, 0, 1, 0, 0, 0, 1, 1, 0, 2, 0, 0, 0, 1, 2, 1, 2, 2, 0, 0, 1, 0, 0, 2, 1, 0, 3, 0, 0, 2, 1, 0, 0, 0, 0, 0, 0, 1, 0, 0, 1, 0, 1, 3, 0, 1, 1, 1],905.6773546073192,55702.31428231548,122848.97488473749,true
4,G2_TEC,G2_TEC,[31, 22, 82, 15, 26, 9, 90, 42, 77, 4, 79, 5, 93, 78, 86, 54, 85, 63, 18, 44, 20, 49, 36, 14, 48, 50, 53, 17, 21, 45, 71, 64, 3, 23, 30, 83, 24, 41, 60, 52, 65, 27, 95, 70, 39, 87, 74, 69, 99, 68, 46, 1, 38, 58, 97, 59, 28, 8, 73, 37, 35, 47, 11, 66, 76, 57, 72, 16, 92, 6, 80, 61, 33, 98, 32, 34, 51, 67, 10, 7, 56, 43, 62, 19, 91, 13, 29, 96, 0, 81, 75, 40, 2, 55, 25, 88, 12, 94, 89, 84]|[2, 1, 2, 1, 1, 2, 2, 0, 1, 1, 1, 0, 2, 2, 1, 2, 0, 0, 0, 2, 2, 1, 0, 2, 2, 2, 2, 1, 0, 1, 1, 1, 0, 0, 1, 0, 2, 1, 2, 2, 0, 1, 1, 1, 0, 2, 0, 2, 1, 0, 0, 2, 2, 0, 2, 0, 2, 1, 0, 0, 2, 1, 0, 2, 2, 0, 1, 1, 0, 0, 2, 1, 1, 0, 0, 1, 0, 0, 1, 2, 2, 1, 0, 2, 1, 0, 1, 0, 0, 1, 2, 2, 2, 1, 1, 1, 1, 1, 1, 0]|[0, 3, 0, 2, 4, 1, 1, 0, 2, 4, 3, 2, 1, 0, 2, 1, 1, 1, 2, 1, 2, 3, 0, 1, 0, 1, 1, 4, 1, 0, 3, 2, 2, 0, 4, 1, 1, 4, 0, 1, 2, 2, 4, 4, 1, 1, 0, 2, 3, 1, 2, 1, 2, 1, 1, 2, 0, 3, 0, 2, 2, 3, 1, 0, 1, 2, 4, 0, 0, 1, 1, 3, 4, 1, 2, 4, 0, 1, 3, 1, 0, 4, 0, 0, 3, 2, 3, 2, 2, 1, 2, 0, 1, 3, 4, 4, 3, 4, 4, 2]|[0, 2, 0, 1, 3, 0, 0, 0, 0, 0, 2, 0, 1, 0, 1, 0, 0, 0, 1, 0, 0, 2, 0, 0, 0, 0, 0, 3, 0, 1, 0, 2, 0, 0, 3, 0, 1, 3, 1, 0, 0, 1, 1, 3, 0, 0, 1, 0, 2, 0, 0, 0, 0, 0, 1, 0, 0, 0, 1, 1, 0, 2, 0, 0, 0, 1, 2, 1, 1, 0, 0, 0, 1, 0, 0, 2, 0, 0, 3, 0, 0, 2, 0, 0, 0, 0, 0, 0, 0, 1, 1, 0, 0, 0, 3, 1, 0, 2, 1, 1],955.8733926004294,54536.65158988291,128477.30564999962,false
4,G3_TWC,G3_TWC,[31, 22, 82, 15, 26, 9, 95, 42, 77, 12, 47, 5, 93, 78, 86, 54, 85, 63, 18, 44, 20, 35, 43, 97, 91, 76, 10, 30, 21, 45, 71, 64, 1, 23, 17, 83, 24, 41, 60, 36, 6, 57, 40, 88, 65, 56, 79, 69, 67, 68, 46, 75, 38, 58, 19, 32, 81, 48, 27, 62, 87, 90, 99, 59, 11, 16, 72, 73, 61, 39, 37, 84, 3, 92, 25, 55, 28, 51, 29, 7, 33, 70, 96, 14, 89, 50, 66, 98, 80, 53, 8, 2, 34, 4, 52, 49, 0, 94, 74, 13]|[1, 1, 0, 1, 1, 0, 1, 2, 2, 1, 2, 2, 2, 1, 1, 0, 0, 1, 0, 2, 2, 0, 1, 2, 0, 1, 2, 2, 0, 0, 1, 2, 1, 2, 1, 0, 2, 0, 1, 1, 0, 1, 1, 1, 0, 2, 1, 2, 0, 0, 0, 0, 1, 1, 2, 1, 2, 1, 0, 0, 2, 1, 0, 1, 2, 1, 2, 1, 1, 1, 0, 1, 1, 0, 1, 1, 0, 0, 0, 1, 0, 1, 0, 0, 1, 0, 2, 0, 0, 0, 1, 0, 2, 1, 2, 0, 0, 1, 2, 0]|[4, 3, 2, 2, 4, 1, 2, 2, 2, 4, 0, 1, 2, 4, 4, 1, 2, 4, 2, 1, 1, 1, 1, 2, 1, 2, 1, 1, 1, 1, 3, 2, 3, 0, 4, 0, 1, 1, 0, 3, 2, 2, 2, 0, 1, 1, 0, 2, 0, 1, 2, 2, 1, 0, 0, 3, 2, 4, 1, 2, 2, 3, 1, 1, 1, 3, 0, 4, 3, 1, 1, 1, 1, 0, 4, 4, 2, 1, 1, 1, 2, 3, 1, 1, 1, 1, 0, 1, 1, 2, 3, 2, 1, 4, 1, 1, 2, 4, 1, 2]|[0, 2, 1, 1, 3, 0, 1, 0, 0, 0, 0, 0, 1, 0, 1, 0, 0, 3, 1, 0, 0, 0, 3, 1, 0, 2, 0, 0, 0, 1, 0, 0, 0, 0, 3, 0, 1, 0, 0, 2, 1, 1, 1, 0, 0, 0, 0, 0, 1, 0, 0, 0, 1, 3, 0, 0, 1, 2, 0, 1, 0, 2, 0, 1, 0, 2, 1, 0, 0, 1, 0, 3, 1, 1, 3, 3, 1, 0, 0, 2, 1, 0, 0, 0, 1, 0, 0, 0, 0, 1, 2, 0, 0, 0, 0, 1, 0, 2, 0, 0],839.3802886534756,57385.34034403243,102899.16763282518,false
4,G1_CMAX,G1_CMAX,[31, 95, 9, 15, 82, 22, 42, 77, 26, 8, 47, 5, 93, 86, 78, 45, 80, 18, 44, 20, 63, 43, 97, 91, 76, 10, 30, 71, 64, 1, 14, 17, 83, 24, 41, 60, 36, 6, 57, 40, 88, 62, 75, 79, 67, 68, 85, 46, 56, 38, 58, 19, 32, 81, 69, 48, 27, 65, 90, 99, 59, 34, 16, 72, 73, 29, 39, 98, 84, 3, 92, 25, 55, 28, 51, 61, 7, 96, 74, 70, 33, 87, 54, 21, 50, 66, 35, 12, 53, 23, 2, 11, 4, 89, 52, 49, 0, 94, 37, 13]|[2, 1, 0, 1, 0, 1, 2, 1, 1, 1, 2, 2, 2, 1, 1, 0, 0, 0, 2, 2, 0, 1, 2, 0, 1, 2, 2, 1, 2, 1, 2, 2, 0, 2, 1, 1, 1, 0, 1, 2, 1, 0, 2, 1, 0, 0, 0, 2, 2, 1, 1, 2, 1, 2, 2, 1, 0, 0, 1, 0, 1, 2, 1, 2, 1, 1, 1, 0, 1, 1, 0, 1, 1, 1, 0, 1, 1, 1, 2, 1, 2, 0, 0, 0, 0, 2, 0, 1, 0, 2, 0, 2, 1, 1, 2, 0, 0, 1, 0, 0]|[1, 3, 2, 4, 1, 2, 2, 1, 0, 4, 0, 1, 2, 4, 4, 1, 1, 2, 1, 1, 1, 1, 2, 1, 2, 1, 1, 3, 2, 3, 0, 1, 1, 1, 4, 0, 3, 2, 2, 0, 0, 2, 1, 0, 0, 1, 2, 1, 1, 1, 0, 0, 3, 2, 2, 4, 1, 1, 3, 1, 2, 1, 3, 0, 4, 3, 0, 0, 1, 1, 0, 0, 4, 4, 1, 3, 1, 3, 0, 1, 2, 2, 1, 1, 1, 0, 1, 4, 2, 0, 2, 1, 4, 1, 1, 1, 2, 4, 1, 2]|[1, 3, 1, 0, 0, 1, 0, 2, 3, 2, 0, 0, 1, 1, 1, 0, 0, 1, 0, 0, 0, 3, 1, 0, 2, 0, 0, 0, 0, 0, 1, 0, 0, 1, 3, 0, 2, 1, 1, 0, 0, 1, 0, 0, 1, 0, 0, 0, 0, 1, 3, 0, 0, 1, 0, 2, 0, 0, 2, 0, 1, 0, 2, 1, 0, 0, 1, 0, 3, 1, 1, 3, 3, 1, 0, 0, 2, 2, 0, 3, 0, 1, 0, 0, 0, 0, 1, 3, 1, 0, 0, 0, 0, 1, 0, 1, 0, 2, 0, 0],760.3905621193804,59720.61998542996,105098.40235927113,false
4,G4_BALANCED,G4_BALANCED,[31, 22, 82, 15, 26, 9, 90, 42, 77, 4, 47, 5, 93, 78, 86, 54, 85, 63, 18, 44, 20, 49, 36, 14, 48, 50, 53, 17, 21, 45, 71, 64, 3, 23, 30, 83, 24, 41, 60, 52, 65, 27, 95, 70, 39, 87, 74, 69, 99, 68, 46, 1, 38, 58, 97, 59, 28, 8, 73, 37, 35, 79, 11, 66, 76, 57, 72, 16, 92, 6, 80, 61, 33, 98, 32, 34, 51, 67, 10, 7, 56, 43, 62, 19, 91, 13, 29, 96, 0, 81, 2, 40, 88, 55, 75, 84, 12, 94, 89, 25]|[0, 1, 2, 1, 1, 2, 1, 0, 1, 1, 1, 0, 2, 2, 1, 2, 0, 0, 0, 2, 2, 1, 0, 2, 2, 2, 2, 1, 0, 1, 1, 1, 0, 1, 1, 0, 2, 1, 2, 2, 0, 1, 1, 1, 0, 2, 0, 2, 1, 0, 0, 2, 2, 0, 2, 0, 2, 1, 0, 0, 2, 1, 0, 0, 2, 0, 1, 1, 0, 1, 0, 1, 1, 0, 0, 1, 0, 0, 1, 2, 0, 1, 0, 2, 1, 0, 1, 0, 0, 1, 2, 2, 1, 1, 2, 0, 1, 0, 1, 1]|[1, 3, 0, 2, 4, 1, 4, 0, 2, 4, 3, 2, 1, 0, 2, 1, 1, 1, 2, 1, 2, 3, 0, 1, 0, 1, 1, 4, 1, 0, 3, 2, 2, 3, 4, 1, 1, 4, 0, 1, 2, 2, 4, 4, 1, 1, 0, 2, 3, 1, 2, 1, 2, 1, 1, 2, 0, 3, 0, 2, 2, 3, 1, 2, 1, 0, 4, 0, 0, 4, 1, 3, 4, 1, 2, 4, 0, 1, 3, 1, 2, 4, 2, 0, 3, 2, 3, 2, 2, 1, 1, 0, 4, 3, 2, 1, 3, 0, 4, 4]|[1, 2, 0, 1, 3, 0, 1, 0, 0, 0, 2, 0, 1, 0, 1, 0, 0, 0, 1, 0, 0, 2, 0, 0, 0, 0, 0, 3, 0, 1, 0, 2, 0, 0, 3, 0, 1, 3, 1, 0, 0, 1, 1, 3, 0, 0, 1, 0, 2, 0, 0, 0, 0, 0, 1, 0, 0, 0, 1, 1, 0, 2, 0, 0, 0, 1, 2, 1, 1, 2, 0, 0, 1, 0, 0, 2, 0, 0, 3, 0, 1, 2, 1, 0, 0, 0, 0, 0, 0, 1, 0, 0, 1, 0, 1, 0, 0, 1, 1, 3],872.1255365416955,55453.61021867931,121593.07526808116,false
4,G2_TEC,G2_TEC,[31, 22, 82, 15, 26, 9, 90, 42, 77, 4, 79, 5, 93, 78, 86, 54, 85, 63, 18, 44, 20, 49, 36, 14, 48, 50, 53, 17, 21, 45, 71, 64, 3, 23, 30, 83, 24, 41, 60, 52, 65, 27, 95, 70, 39, 87, 74, 69, 99, 68, 46, 1, 38, 58, 97, 59, 28, 8, 73, 37, 35, 47, 11, 66, 76, 57, 72, 16, 92, 6, 80, 61, 33, 98, 32, 34, 51, 67, 10, 7, 56, 43, 62, 19, 91, 13, 29, 96, 0, 81, 75, 40, 2, 55, 25, 88, 12, 94, 89, 84]|[2, 1, 2, 1, 1, 2, 2, 0, 1, 1, 1, 0, 2, 2, 1, 2, 0, 0, 0, 2, 2, 1, 0, 2, 2, 2, 2, 1, 0, 1, 1, 1, 0, 0, 1, 0, 2, 1, 2, 2, 0, 1, 1, 1, 0, 2, 0, 2, 1, 0, 0, 2, 2, 0, 2, 0, 2, 1, 0, 0, 2, 1, 0, 2, 2, 0, 1, 1, 0, 0, 2, 1, 1, 0, 0, 1, 0, 0, 1, 2, 2, 1, 0, 2, 1, 0, 1, 0, 0, 1, 2, 2, 2, 1, 1, 1, 1, 1, 1, 0]|[0, 3, 0, 2, 4, 1, 1, 0, 2, 4, 3, 2, 1, 0, 2, 1, 1, 1, 2, 1, 2, 3, 0, 1, 0, 1, 1, 4, 1, 0, 3, 2, 2, 0, 4, 1, 1, 4, 0, 1, 2, 2, 4, 4, 1, 1, 0, 2, 3, 1, 2, 1, 2, 1, 1, 2, 0, 3, 0, 2, 2, 3, 1, 0, 1, 2, 4, 0, 0, 1, 1, 3, 4, 1, 2, 4, 0, 1, 3, 1, 0, 4, 0, 0, 3, 2, 3, 2, 2, 1, 2, 0, 1, 3, 4, 4, 3, 4, 4, 2]|[0, 2, 0, 1, 3, 0, 0, 0, 0, 0, 2, 0, 1, 0, 1, 0, 0, 0, 1, 0, 0, 2, 0, 0, 0, 0, 0, 3, 0, 1, 0, 2, 0, 0, 3, 0, 1, 3, 1, 0, 0, 1, 1, 3, 0, 0, 1, 0, 2, 0, 0, 0, 0, 0, 1, 0, 0, 0, 1, 1, 0, 2, 0, 0, 0, 1, 2, 1, 1, 0, 0, 0, 1, 0, 0, 2, 0, 0, 3, 0, 0, 2, 0, 0, 0, 0, 0, 0, 0, 1, 1, 0, 0, 0, 3, 1, 0, 2, 1, 1],955.8733926004294,54536.65158988291,128477.30564999962,false
4,G3_TWC,G3_TWC,[31, 22, 82, 15, 26, 9, 95, 42, 77, 12, 47, 5, 93, 78, 86, 54, 85, 63, 18, 44, 20, 35, 43, 97, 91, 76, 10, 30, 21, 45, 71, 64, 1, 23, 17, 83, 24, 41, 60, 36, 6, 57, 40, 88, 65, 56, 79, 69, 67, 68, 46, 75, 38, 58, 19, 32, 81, 48, 27, 62, 87, 90, 99, 59, 11, 16, 72, 73, 70, 39, 37, 84, 50, 92, 25, 55, 28, 51, 29, 7, 33, 61, 96, 14, 89, 3, 66, 98, 80, 53, 8, 2, 34, 4, 52, 49, 0, 94, 74, 13]|[1, 1, 0, 1, 1, 0, 1, 2, 2, 1, 2, 2, 2, 1, 1, 0, 0, 1, 0, 2, 2, 0, 1, 2, 0, 1, 2, 2, 0, 0, 1, 2, 1, 2, 1, 0, 2, 0, 1, 1, 0, 1, 1, 1, 0, 2, 1, 2, 0, 0, 0, 0, 1, 1, 2, 1, 2, 1, 0, 0, 2, 1, 0, 1, 2, 1, 2, 1, 1, 1, 0, 1, 0, 0, 1, 1, 0, 0, 0, 1, 0, 1, 0, 0, 1, 1, 2, 0, 0, 0, 1, 0, 2, 1, 2, 0, 0, 1, 2, 0]|[4, 3, 2, 2, 4, 1, 2, 2, 2, 4, 0, 1, 2, 4, 4, 1, 2, 4, 2, 1, 1, 1, 1, 2, 1, 2, 1, 1, 1, 1, 3, 2, 3, 0, 4, 0, 1, 1, 0, 3, 2, 2, 2, 0, 1, 1, 0, 2, 0, 1, 2, 2, 1, 0, 0, 3, 2, 4, 1, 2, 2, 3, 1, 1, 1, 3, 0, 4, 3, 1, 1, 1, 1, 0, 4, 4, 2, 1, 1, 1, 2, 3, 1, 1, 1, 1, 0, 1, 1, 2, 3, 2, 1, 4, 1, 1, 2, 4, 1, 2]|[0, 2, 1, 1, 3, 0, 1, 0, 0, 0, 0, 0, 1, 0, 1, 0, 0, 3, 1, 0, 0, 0, 3, 1, 0, 2, 0, 0, 0, 1, 0, 0, 0, 0, 3, 0, 1, 0, 0, 2, 1, 1, 1, 0, 0, 0, 0, 0, 1, 0, 0, 0, 1, 3, 0, 0, 1, 2, 0, 1, 0, 2, 0, 1, 0, 2, 1, 0, 0, 1, 0, 3, 0, 1, 3, 3, 1, 0, 0, 2, 1, 0, 0, 0, 1, 1, 0, 0, 0, 1, 2, 0, 0, 0, 0, 1, 0, 2, 0, 0],828.4845943742912,57341.945770192586,102652.40208809491,false
4,G1_CMAX,G1_CMAX,[31, 22, 82, 15, 73, 9, 95, 42, 77, 12, 47, 98, 93, 78, 86, 54, 85, 63, 18, 44, 20, 35, 43, 97, 37, 76, 10, 30, 21, 45, 71, 64, 1, 23, 17, 83, 24, 41, 60, 36, 6, 57, 40, 88, 65, 56, 79, 69, 67, 68, 46, 75, 38, 58, 19, 32, 81, 48, 27, 62, 87, 90, 99, 59, 11, 16, 72, 26, 70, 89, 91, 84, 3, 14, 25, 55, 28, 51, 29, 7, 66, 74, 33, 5, 39, 50, 96, 8, 80, 53, 92, 2, 34, 4, 52, 49, 0, 94, 61, 13]|[1, 1, 0, 1, 1, 0, 1, 2, 2, 1, 2, 2, 2, 1, 1, 0, 0, 0, 0, 2, 2, 0, 1, 2, 0, 1, 2, 2, 0, 0, 1, 2, 1, 2, 1, 0, 2, 1, 1, 1, 0, 1, 1, 1, 0, 2, 1, 2, 0, 0, 0, 0, 1, 1, 2, 1, 2, 1, 0, 0, 1, 1, 0, 1, 2, 1, 2, 1, 1, 1, 0, 1, 1, 0, 1, 1, 1, 0, 0, 1, 2, 2, 0, 2, 1, 0, 0, 1, 0, 0, 0, 0, 2, 1, 2, 0, 0, 1, 1, 0]|[4, 3, 2, 2, 4, 1, 2, 2, 1, 4, 0, 1, 2, 4, 4, 1, 2, 1, 2, 1, 1, 1, 1, 2, 1, 2, 1, 1, 1, 1, 3, 2, 3, 0, 4, 0, 1, 4, 0, 3, 2, 2, 2, 0, 1, 1, 0, 2, 0, 1, 2, 2, 1, 4, 0, 3, 1, 4, 1, 2, 3, 3, 1, 1, 1, 3, 0, 4, 3, 1, 1, 1, 1, 1, 4, 4, 4, 1, 1, 1, 0, 0, 2, 0, 1, 1, 1, 3, 1, 2, 0, 2, 1, 4, 1, 1, 2, 4, 1, 2]|[0, 2, 1, 1, 3, 0, 1, 0, 0, 0, 0, 0, 1, 0, 1, 0, 0, 0, 1, 0, 0, 0, 3, 1, 0, 2, 0, 0, 0, 1, 0, 0, 0, 0, 3, 0, 1, 3, 0, 2, 1, 1, 1, 0, 0, 0, 0, 0, 1, 0, 0, 0, 1, 3, 0, 0, 0, 2, 0, 1, 2, 2, 0, 1, 0, 2, 1, 0, 0, 1, 0, 3, 1, 0, 3, 3, 1, 0, 0, 2, 0, 0, 1, 0, 1, 0, 0, 2, 0, 1, 1, 0, 0, 0, 0, 1, 0, 2, 3, 0],809.7991504936393,57146.59641114169,106462.21543183757,false
4,G4_BALANCED,G4_BALANCED,[31, 22, 82, 15, 26, 9, 90, 42, 77, 4, 47, 5, 93, 78, 86, 54, 85, 63, 18, 44, 20, 49, 36, 14, 48, 50, 53, 17, 21, 45, 71, 64, 3, 23, 30, 83, 24, 41, 60, 52, 65, 27, 95, 70, 39, 87, 74, 69, 99, 68, 46, 1, 38, 58, 97, 59, 28, 8, 73, 37, 35, 79, 11, 66, 76, 57, 72, 16, 92, 6, 80, 61, 33, 98, 32, 34, 51, 67, 10, 7, 56, 43, 62, 19, 91, 13, 29, 96, 0, 81, 2, 40, 88, 55, 75, 84, 12, 94, 89, 25]|[0, 1, 2, 1, 1, 2, 1, 0, 1, 1, 1, 0, 2, 2, 1, 2, 0, 0, 0, 2, 2, 1, 0, 2, 2, 2, 2, 1, 0, 1, 1, 1, 0, 1, 1, 0, 2, 1, 2, 2, 0, 1, 1, 1, 0, 2, 0, 2, 1, 0, 0, 2, 2, 0, 2, 0, 2, 1, 0, 0, 2, 1, 0, 0, 2, 0, 1, 1, 0, 1, 0, 1, 1, 0, 0, 1, 0, 0, 1, 2, 0, 1, 0, 2, 1, 0, 1, 0, 0, 1, 2, 2, 1, 1, 2, 0, 1, 0, 1, 1]|[1, 3, 0, 2, 4, 1, 4, 0, 2, 4, 3, 2, 1, 0, 2, 1, 1, 1, 2, 1, 2, 3, 0, 1, 0, 1, 1, 4, 1, 0, 3, 2, 2, 3, 4, 1, 1, 4, 0, 1, 2, 2, 4, 4, 1, 1, 0, 2, 3, 1, 2, 1, 2, 1, 1, 2, 0, 3, 0, 2, 2, 3, 1, 2, 1, 0, 4, 0, 0, 4, 1, 3, 4, 1, 2, 4, 0, 1, 3, 1, 2, 4, 2, 0, 3, 2, 3, 2, 2, 1, 1, 0, 4, 3, 2, 1, 3, 0, 4, 4]|[1, 2, 0, 1, 3, 0, 1, 0, 0, 0, 2, 0, 1, 0, 1, 0, 0, 0, 1, 0, 0, 2, 0, 0, 0, 0, 0, 3, 0, 1, 0, 2, 0, 0, 3, 0, 1, 3, 1, 0, 0, 1, 1, 3, 0, 0, 1, 0, 2, 0, 0, 0, 0, 0, 1, 0, 0, 0, 1, 1, 0, 2, 0, 0, 0, 1, 2, 1, 1, 2, 0, 0, 1, 0, 0, 2, 0, 0, 3, 0, 1, 2, 1, 0, 0, 0, 0, 0, 0, 1, 0, 0, 1, 0, 1, 0, 0, 1, 1, 3],872.1255365416955,55453.61021867931,121593.07526808116,false
4,G2_TEC,G2_TEC,[31, 22, 82, 15, 26, 9, 90, 42, 77, 4, 79, 5, 93, 78, 86, 54, 85, 63, 18, 44, 20, 49, 36, 14, 48, 50, 53, 17, 21, 45, 71, 64, 3, 23, 30, 83, 24, 41, 60, 52, 65, 27, 95, 70, 39, 87, 74, 69, 99, 68, 46, 1, 38, 58, 97, 59, 28, 8, 73, 37, 35, 47, 11, 66, 76, 57, 72, 16, 92, 6, 80, 61, 33, 98, 32, 34, 51, 67, 10, 7, 56, 43, 62, 19, 91, 13, 29, 96, 0, 81, 75, 40, 2, 55, 25, 88, 12, 94, 89, 84]|[2, 1, 2, 1, 1, 2, 2, 0, 1, 1, 1, 0, 2, 2, 1, 2, 0, 0, 0, 2, 2, 1, 0, 2, 2, 2, 2, 1, 0, 1, 1, 1, 0, 0, 1, 0, 2, 1, 2, 2, 0, 1, 1, 1, 0, 2, 0, 2, 1, 0, 0, 2, 2, 0, 2, 0, 2, 1, 0, 0, 2, 1, 0, 2, 2, 0, 1, 1, 0, 0, 2, 1, 1, 0, 0, 1, 0, 0, 1, 2, 2, 1, 0, 2, 1, 0, 1, 0, 0, 1, 2, 2, 2, 1, 1, 1, 1, 1, 1, 0]|[0, 3, 0, 2, 4, 1, 1, 0, 2, 4, 3, 2, 1, 0, 2, 1, 1, 1, 2, 1, 2, 3, 0, 1, 0, 1, 1, 4, 1, 0, 3, 2, 2, 0, 4, 1, 1, 4, 0, 1, 2, 2, 4, 4, 1, 1, 0, 2, 3, 1, 2, 1, 2, 1, 1, 2, 0, 3, 0, 2, 2, 3, 1, 0, 1, 2, 4, 0, 0, 1, 1, 3, 4, 1, 2, 4, 0, 1, 3, 1, 0, 4, 0, 0, 3, 2, 3, 2, 2, 1, 2, 0, 1, 3, 4, 4, 3, 4, 4, 2]|[0, 2, 0, 1, 3, 0, 0, 0, 0, 0, 2, 0, 1, 0, 1, 0, 0, 0, 1, 0, 0, 2, 0, 0, 0, 0, 0, 3, 0, 1, 0, 2, 0, 0, 3, 0, 1, 3, 1, 0, 0, 1, 1, 3, 0, 0, 1, 0, 2, 0, 0, 0, 0, 0, 1, 0, 0, 0, 1, 1, 0, 2, 0, 0, 0, 1, 2, 1, 1, 0, 0, 0, 1, 0, 0, 2, 0, 0, 3, 0, 0, 2, 0, 0, 0, 0, 0, 0, 0, 1, 1, 0, 0, 0, 3, 1, 0, 2, 1, 1],955.8733926004294,54536.65158988291,128477.30564999962,false
4,G3_TWC,G3_TWC,[31, 22, 82, 15, 26, 9, 95, 42, 77, 12, 47, 5, 93, 78, 86, 54, 85, 63, 18, 44, 20, 35, 43, 97, 91, 76, 10, 30, 21, 45, 71, 64, 1, 23, 17, 83, 24, 41, 60, 36, 6, 57, 40, 88, 65, 56, 79, 69, 67, 68, 46, 75, 38, 58, 19, 32, 81, 48, 27, 62, 87, 90, 99, 59, 11, 16, 72, 73, 70, 39, 37, 84, 50, 92, 25, 55, 28, 51, 29, 7, 33, 61, 96, 14, 89, 3, 66, 98, 80, 53, 8, 2, 34, 4, 52, 49, 0, 94, 74, 13]|[1, 1, 0, 1, 1, 0, 1, 2, 2, 1, 2, 2, 2, 1, 1, 0, 0, 1, 0, 2, 2, 0, 1, 2, 0, 1, 2, 2, 0, 0, 1, 2, 1, 2, 1, 0, 2, 0, 1, 1, 0, 1, 1, 1, 0, 2, 1, 2, 0, 0, 0, 0, 1, 1, 2, 1, 2, 1, 0, 0, 2, 1, 0, 1, 2, 1, 2, 1, 1, 1, 0, 1, 0, 0, 1, 1, 0, 0, 0, 1, 0, 1, 0, 0, 1, 1, 2, 0, 0, 0, 1, 0, 2, 1, 2, 0, 0, 1, 2, 0]|[4, 3, 2, 2, 4, 1, 2, 2, 2, 4, 0, 1, 2, 4, 4, 1, 2, 4, 2, 1, 1, 1, 1, 2, 1, 2, 1, 1, 1, 1, 3, 2, 3, 0, 4, 0, 1, 1, 0, 3, 2, 2, 2, 0, 1, 1, 0, 2, 0, 1, 2, 2, 1, 0, 0, 3, 2, 4, 1, 2, 2, 3, 1, 1, 1, 3, 0, 4, 3, 1, 1, 1, 1, 0, 4, 4, 2, 1, 1, 1, 2, 3, 1, 1, 1, 1, 0, 1, 1, 2, 3, 2, 1, 4, 1, 1, 2, 4, 1, 2]|[0, 2, 1, 1, 3, 0, 1, 0, 0, 0, 0, 0, 1, 0, 1, 0, 0, 3, 1, 0, 0, 0, 3, 1, 0, 2, 0, 0, 0, 1, 0, 0, 0, 0, 3, 0, 1, 0, 0, 2, 1, 1, 1, 0, 0, 0, 0, 0, 1, 0, 0, 0, 1, 3, 0, 0, 1, 2, 0, 1, 0, 2, 0, 1, 0, 2, 1, 0, 0, 1, 0, 3, 0, 1, 3, 3, 1, 0, 0, 2, 1, 0, 0, 0, 1, 1, 0, 0, 0, 1, 2, 0, 0, 0, 0, 1, 0, 2, 0, 0],828.4845943742912,57341.945770192586,102652.40208809491,false
4,G1_CMAX,G1_CMAX,[31, 95, 9, 15, 82, 22, 42, 77, 26, 8, 47, 5, 93, 86, 78, 45, 80, 18, 44, 20, 63, 43, 97, 91, 76, 10, 30, 71, 64, 1, 14, 17, 83, 24, 41, 60, 36, 6, 57, 40, 88, 62, 75, 79, 67, 68, 85, 46, 56, 38, 58, 19, 32, 81, 69, 48, 27, 65, 90, 99, 59, 34, 16, 72, 73, 29, 39, 98, 84, 3, 92, 25, 55, 28, 51, 61, 7, 96, 74, 70, 33, 87, 54, 21, 50, 66, 35, 12, 53, 23, 2, 11, 4, 89, 52, 49, 0, 94, 37, 13]|[2, 1, 0, 1, 0, 1, 2, 1, 1, 1, 2, 2, 2, 1, 1, 0, 0, 0, 2, 2, 0, 1, 2, 0, 1, 2, 2, 1, 2, 1, 2, 2, 0, 2, 1, 1, 1, 0, 1, 2, 1, 0, 2, 1, 0, 0, 0, 2, 2, 1, 1, 2, 1, 2, 2, 1, 0, 0, 1, 0, 1, 2, 1, 2, 1, 1, 1, 0, 1, 1, 0, 1, 1, 1, 0, 1, 1, 1, 2, 1, 2, 0, 0, 0, 0, 2, 0, 1, 0, 2, 0, 2, 1, 1, 2, 0, 0, 1, 0, 0]|[1, 3, 2, 4, 1, 2, 2, 1, 0, 4, 0, 1, 2, 4, 4, 1, 1, 2, 1, 1, 1, 1, 2, 1, 2, 1, 1, 3, 2, 3, 0, 1, 1, 1, 4, 0, 3, 2, 2, 0, 0, 2, 1, 0, 0, 1, 2, 1, 1, 1, 0, 0, 3, 2, 2, 4, 1, 1, 3, 1, 2, 1, 3, 0, 4, 3, 0, 0, 1, 1, 0, 0, 4, 4, 1, 3, 1, 3, 0, 1, 2, 2, 1, 1, 1, 0, 1, 4, 2, 0, 2, 1, 4, 1, 1, 1, 2, 4, 1, 2]|[1, 3, 1, 0, 0, 1, 0, 2, 3, 2, 0, 0, 1, 1, 1, 0, 0, 1, 0, 0, 0, 3, 1, 0, 2, 0, 0, 0, 0, 0, 1, 0, 0, 1, 3, 0, 2, 1, 1, 0, 0, 1, 0, 0, 1, 0, 0, 0, 0, 1, 3, 0, 0, 1, 0, 2, 0, 0, 2, 0, 1, 0, 2, 1, 0, 0, 1, 0, 3, 1, 1, 3, 3, 1, 0, 0, 2, 2, 0, 3, 0, 1, 0, 0, 0, 0, 1, 3, 1, 0, 0, 0, 0, 1, 0, 1, 0, 2, 0, 0],760.3905621193804,59720.61998542996,105098.40235927113,false
4,G4_BALANCED,G4_BALANCED,[31, 22, 82, 15, 26, 9, 90, 42, 77, 4, 47, 5, 93, 78, 86, 54, 85, 63, 18, 44, 20, 49, 36, 14, 48, 50, 53, 17, 21, 45, 71, 64, 3, 23, 30, 83, 24, 41, 60, 52, 65, 27, 95, 70, 39, 87, 74, 69, 99, 68, 46, 1, 38, 58, 97, 59, 28, 8, 73, 37, 35, 79, 11, 66, 76, 57, 72, 16, 92, 6, 80, 61, 33, 98, 32, 34, 51, 67, 10, 7, 56, 43, 62, 19, 91, 13, 29, 96, 0, 81, 2, 40, 88, 55, 75, 84, 12, 94, 89, 25]|[0, 1, 2, 1, 1, 2, 1, 0, 1, 1, 1, 0, 2, 2, 1, 2, 0, 0, 0, 2, 2, 1, 0, 2, 2, 2, 2, 1, 0, 1, 1, 1, 0, 1, 1, 0, 2, 1, 2, 2, 0, 1, 1, 1, 0, 2, 0, 2, 1, 0, 0, 2, 2, 0, 2, 0, 2, 1, 0, 0, 2, 1, 0, 0, 2, 0, 1, 1, 0, 1, 0, 1, 1, 0, 0, 1, 0, 0, 1, 2, 0, 1, 0, 2, 1, 0, 1, 0, 0, 1, 2, 2, 1, 1, 2, 0, 1, 0, 1, 1]|[1, 3, 0, 2, 4, 1, 4, 0, 2, 4, 3, 2, 1, 0, 2, 1, 1, 1, 2, 1, 2, 3, 0, 1, 0, 1, 1, 4, 1, 0, 3, 2, 2, 3, 4, 1, 1, 4, 0, 1, 2, 2, 4, 4, 1, 1, 0, 2, 3, 1, 2, 1, 2, 1, 1, 2, 0, 3, 0, 2, 2, 3, 1, 2, 1, 0, 4, 0, 0, 4, 1, 3, 4, 1, 2, 4, 0, 1, 3, 1, 2, 4, 2, 0, 3, 2, 3, 2, 2, 1, 1, 0, 4, 3, 2, 1, 3, 0, 4, 4]|[1, 2, 0, 1, 3, 0, 1, 0, 0, 0, 2, 0, 1, 0, 1, 0, 0, 0, 1, 0, 0, 2, 0, 0, 0, 0, 0, 3, 0, 1, 0, 2, 0, 0, 3, 0, 1, 3, 1, 0, 0, 1, 1, 3, 0, 0, 1, 0, 2, 0, 0, 0, 0, 0, 1, 0, 0, 0, 1, 1, 0, 2, 0, 0, 0, 1, 2, 1, 1, 2, 0, 0, 1, 0, 0, 2, 0, 0, 3, 0, 1, 2, 1, 0, 0, 0, 0, 0, 0, 1, 0, 0, 1, 0, 1, 0, 0, 1, 1, 3],872.1255365416955,55453.61021867931,121593.07526808116,false
4,G2_TEC,G2_TEC,[31, 22, 82, 15, 26, 9, 90, 42, 77, 4, 47, 5, 93, 78, 86, 54, 85, 63, 18, 44, 20, 49, 36, 84, 48, 50, 53, 17, 21, 45, 71, 64, 3, 23, 30, 83, 24, 41, 60, 52, 65, 27, 95, 70, 39, 87, 74, 69, 99, 68, 46, 1, 38, 58, 97, 59, 28, 8, 73, 37, 35, 79, 11, 66, 76, 57, 72, 16, 94, 6, 80, 61, 33, 98, 32, 34, 51, 67, 10, 7, 56, 43, 62, 19, 91, 13, 29, 96, 0, 81, 2, 40, 88, 55, 75, 25, 12, 92, 89, 14]|[2, 1, 2, 1, 1, 2, 1, 0, 1, 1, 1, 0, 2, 2, 1, 2, 0, 0, 0, 2, 2, 1, 0, 0, 2, 2, 2, 1, 0, 1, 1, 1, 0, 0, 2, 0, 2, 1, 2, 2, 0, 1, 1, 1, 0, 1, 0, 2, 1, 0, 0, 2, 2, 0, 2, 0, 2, 1, 0, 0, 2, 1, 0, 2, 2, 0, 1, 1, 1, 0, 0, 1, 1, 0, 0, 1, 0, 0, 1, 2, 2, 1, 0, 2, 0, 0, 1, 0, 0, 1, 2, 2, 1, 1, 2, 1, 1, 0, 1, 0]|[0, 3, 0, 2, 4, 1, 4, 0, 2, 4, 3, 2, 1, 0, 2, 1, 1, 1, 2, 1, 2, 3, 0, 2, 0, 1, 1, 4, 1, 0, 3, 2, 2, 0, 1, 1, 1, 4, 0, 1, 2, 2, 4, 4, 1, 0, 0, 2, 3, 1, 2, 1, 2, 1, 1, 2, 0, 3, 0, 2, 2, 2, 1, 0, 1, 2, 4, 0, 4, 1, 1, 3, 4, 1, 2, 4, 0, 1, 3, 1, 0, 4, 2, 0, 1, 2, 3, 2, 2, 1, 1, 0, 4, 3, 2, 4, 3, 0, 4, 2]|[0, 2, 0, 1, 3, 0, 1, 0, 0, 0, 2, 0, 1, 0, 1, 0, 0, 0, 1, 0, 0, 2, 0, 1, 0, 0, 0, 3, 0, 1, 0, 2, 0, 0, 0, 0, 1, 3, 1, 0, 0, 1, 1, 3, 0, 0, 1, 0, 2, 0, 0, 0, 0, 0, 1, 0, 0, 0, 1, 1, 0, 2, 0, 0, 0, 1, 2, 1, 2, 0, 0, 0, 1, 0, 0, 2, 0, 0, 3, 0, 0, 2, 1, 0, 0, 0, 0, 0, 0, 1, 0, 0, 1, 0, 1, 3, 0, 1, 1, 1],950.3445008793329,55656.172329726476,120173.9294776318,false
4,G3_TWC,G3_TWC,[31, 22, 82, 15, 26, 9, 95, 42, 77, 12, 47, 5, 93, 78, 86, 54, 85, 63, 18, 44, 20, 35, 43, 97, 91, 76, 10, 30, 21, 45, 71, 64, 1, 23, 17, 83, 24, 41, 60, 36, 6, 57, 40, 88, 65, 56, 79, 69, 67, 68, 46, 75, 38, 58, 19, 32, 81, 48, 27, 62, 87, 90, 99, 59, 11, 16, 72, 73, 70, 39, 37, 84, 50, 92, 25, 55, 28, 51, 29, 7, 33, 61, 96, 14, 89, 3, 66, 98, 80, 53, 8, 2, 34, 4, 52, 49, 0, 94, 74, 13]|[1, 1, 0, 1, 1, 0, 1, 2, 2, 1, 2, 2, 2, 1, 1, 0, 0, 1, 0, 2, 2, 0, 1, 2, 0, 1, 2, 2, 0, 0, 1, 2, 1, 2, 1, 0, 2, 0, 1, 1, 0, 1, 1, 1, 0, 2, 1, 2, 0, 0, 0, 0, 1, 1, 2, 1, 2, 1, 0, 0, 2, 1, 0, 1, 2, 1, 2, 1, 1, 1, 0, 1, 0, 0, 1, 1, 0, 0, 0, 1, 0, 1, 0, 0, 1, 1, 2, 0, 0, 0, 1, 0, 2, 1, 2, 0, 0, 1, 2, 0]|[4, 3, 2, 2, 4, 1, 2, 2, 2, 4, 0, 1, 2, 4, 4, 1, 2, 4, 2, 1, 1, 1, 1, 2, 1, 2, 1, 1, 1, 1, 3, 2, 3, 0, 4, 0, 1, 1, 0, 3, 2, 2, 2, 0, 1, 1, 0, 2, 0, 1, 2, 2, 1, 0, 0, 3, 2, 4, 1, 2, 2, 3, 1, 1, 1, 3, 0, 4, 3, 1, 1, 1, 1, 0, 4, 4, 2, 1, 1, 1, 2, 3, 1, 1, 1, 1, 0, 1, 1, 2, 3, 2, 1, 4, 1, 1, 2, 4, 1, 2]|[0, 2, 1, 1, 3, 0, 1, 0, 0, 0, 0, 0, 1, 0, 1, 0, 0, 3, 1, 0, 0, 0, 3, 1, 0, 2, 0, 0, 0, 1, 0, 0, 0, 0, 3, 0, 1, 0, 0, 2, 1, 1, 1, 0, 0, 0, 0, 0, 1, 0, 0, 0, 1, 3, 0, 0, 1, 2, 0, 1, 0, 2, 0, 1, 0, 2, 1, 0, 0, 1, 0, 3, 0, 1, 3, 3, 1, 0, 0, 2, 1, 0, 0, 0, 1, 1, 0, 0, 0, 1, 2, 0, 0, 0, 0, 1, 0, 2, 0, 0],828.4845943742912,57341.945770192586,102652.40208809491,false
4,G1_CMAX,G4_BALANCED,[31, 22, 82, 15, 73, 9, 95, 42, 77, 12, 47, 98, 93, 78, 86, 54, 85, 63, 18, 44, 20, 35, 43, 97, 37, 76, 10, 30, 21, 45, 71, 64, 1, 23, 17, 83, 24, 41, 60, 36, 6, 57, 40, 88, 65, 56, 79, 69, 67, 68, 46, 75, 38, 58, 19, 32, 81, 48, 27, 39, 87, 90, 99, 59, 11, 16, 72, 26, 70, 89, 96, 84, 3, 92, 25, 55, 28, 51, 29, 7, 91, 74, 5, 33, 62, 50, 66, 8, 80, 53, 14, 2, 34, 4, 52, 49, 0, 94, 61, 13]|[1, 1, 0, 1, 1, 0, 1, 2, 2, 1, 2, 2, 2, 1, 1, 0, 0, 0, 0, 2, 2, 0, 1, 2, 0, 1, 2, 2, 0, 0, 1, 2, 1, 2, 1, 0, 2, 1, 1, 1, 0, 1, 1, 1, 0, 2, 1, 2, 0, 0, 0, 0, 1, 1, 2, 1, 2, 1, 0, 1, 2, 1, 0, 1, 2, 1, 2, 1, 1, 1, 1, 1, 1, 0, 1, 1, 1, 0, 0, 1, 0, 2, 2, 0, 0, 0, 2, 1, 0, 0, 0, 0, 2, 1, 2, 0, 0, 1, 1, 0]|[4, 3, 2, 2, 4, 1, 2, 2, 1, 4, 0, 1, 2, 4, 4, 1, 2, 1, 2, 1, 1, 1, 1, 2, 1, 2, 1, 1, 1, 1, 3, 2, 3, 0, 4, 0, 1, 4, 0, 3, 2, 2, 2, 0, 1, 1, 0, 2, 0, 1, 2, 2, 1, 4, 0, 3, 1, 4, 1, 1, 2, 3, 1, 1, 1, 3, 0, 4, 3, 1, 3, 1, 1, 0, 4, 4, 4, 1, 1, 1, 1, 0, 1, 2, 2, 1, 0, 3, 1, 2, 1, 2, 1, 4, 1, 1, 2, 4, 1, 2]|[0, 2, 1, 1, 3, 0, 1, 0, 0, 0, 0, 0, 1, 0, 1, 0, 0, 0, 1, 0, 0, 0, 3, 1, 0, 2, 0, 0, 0, 1, 0, 0, 0, 0, 3, 0, 1, 3, 0, 2, 1, 1, 1, 0, 0, 0, 0, 0, 1, 0, 0, 0, 1, 3, 0, 0, 0, 2, 0, 1, 0, 2, 0, 1, 0, 2, 1, 0, 0, 1, 2, 3, 1, 1, 3, 3, 1, 0, 0, 2, 0, 0, 0, 1, 1, 0, 0, 2, 0, 1, 0, 0, 0, 0, 0, 1, 0, 2, 3, 0],801.3187996866799,56926.15632660228,107760.52172589168,true
4,G4_BALANCED,G4_BALANCED,[31, 22, 82, 15, 26, 9, 90, 42, 77, 4, 47, 5, 93, 78, 86, 54, 85, 63, 18, 44, 20, 49, 36, 14, 48, 50, 53, 17, 21, 45, 71, 64, 3, 23, 30, 83, 24, 41, 60, 52, 65, 27, 95, 70, 39, 87, 74, 69, 99, 68, 46, 1, 38, 58, 97, 59, 28, 8, 73, 37, 35, 79, 11, 66, 76, 57, 72, 16, 92, 6, 80, 61, 33, 98, 32, 34, 51, 67, 10, 7, 56, 43, 62, 19, 91, 13, 29, 96, 0, 81, 2, 40, 88, 55, 75, 84, 12, 94, 89, 25]|[0, 1, 2, 1, 1, 2, 1, 0, 1, 1, 1, 0, 2, 2, 1, 2, 0, 0, 0, 2, 2, 1, 0, 2, 2, 2, 2, 1, 0, 1, 1, 1, 0, 1, 1, 0, 2, 1, 2, 2, 0, 1, 1, 1, 0, 2, 0, 2, 1, 0, 0, 2, 2, 0, 2, 0, 2, 1, 0, 0, 2, 1, 0, 0, 2, 0, 1, 1, 0, 1, 0, 1, 1, 0, 0, 1, 0, 0, 1, 2, 0, 1, 0, 2, 1, 0, 1, 0, 0, 1, 2, 2, 1, 1, 2, 0, 1, 0, 1, 1]|[1, 3, 0, 2, 4, 1, 4, 0, 2, 4, 3, 2, 1, 0, 2, 1, 1, 1, 2, 1, 2, 3, 0, 1, 0, 1, 1, 4, 1, 0, 3, 2, 2, 3, 4, 1, 1, 4, 0, 1, 2, 2, 4, 4, 1, 1, 0, 2, 3, 1, 2, 1, 2, 1, 1, 2, 0, 3, 0, 2, 2, 3, 1, 2, 1, 0, 4, 0, 0, 4, 1, 3, 4, 1, 2, 4, 0, 1, 3, 1, 2, 4, 2, 0, 3, 2, 3, 2, 2, 1, 1, 0, 4, 3, 2, 1, 3, 0, 4, 4]|[1, 2, 0, 1, 3, 0, 1, 0, 0, 0, 2, 0, 1, 0, 1, 0, 0, 0, 1, 0, 0, 2, 0, 0, 0, 0, 0, 3, 0, 1, 0, 2, 0, 0, 3, 0, 1, 3, 1, 0, 0, 1, 1, 3, 0, 0, 1, 0, 2, 0, 0, 0, 0, 0, 1, 0, 0, 0, 1, 1, 0, 2, 0, 0, 0, 1, 2, 1, 1, 2, 0, 0, 1, 0, 0, 2, 0, 0, 3, 0, 1, 2, 1, 0, 0, 0, 0, 0, 0, 1, 0, 0, 1, 0, 1, 0, 0, 1, 1, 3],872.1255365416955,55453.61021867931,121593.07526808116,false
4,G2_TEC,G2_TEC,[31, 22, 82, 15, 26, 9, 90, 42, 77, 4, 79, 5, 93, 78, 86, 54, 85, 63, 18, 44, 20, 49, 36, 14, 48, 50, 53, 17, 21, 45, 71, 64, 3, 23, 30, 83, 24, 41, 60, 52, 65, 27, 95, 70, 39, 87, 74, 69, 99, 68, 46, 1, 38, 58, 97, 59, 28, 8, 73, 37, 35, 47, 11, 66, 76, 57, 72, 16, 92, 6, 80, 61, 33, 98, 32, 34, 51, 67, 10, 7, 56, 43, 62, 19, 91, 13, 29, 96, 0, 81, 75, 40, 2, 55, 25, 88, 12, 94, 89, 84]|[2, 1, 2, 1, 1, 2, 2, 0, 1, 1, 1, 0, 2, 2, 1, 2, 0, 0, 0, 2, 2, 1, 0, 2, 2, 2, 2, 1, 0, 1, 1, 1, 0, 0, 1, 0, 2, 1, 2, 2, 0, 1, 1, 1, 0, 2, 0, 2, 1, 0, 0, 2, 2, 0, 2, 0, 2, 1, 0, 0, 2, 1, 0, 2, 2, 0, 1, 1, 0, 0, 2, 1, 1, 0, 0, 1, 0, 0, 1, 2, 2, 1, 0, 2, 1, 0, 1, 0, 0, 1, 2, 2, 2, 1, 1, 1, 1, 1, 1, 0]|[0, 3, 0, 2, 4, 1, 1, 0, 2, 4, 3, 2, 1, 0, 2, 1, 1, 1, 2, 1, 2, 3, 0, 1, 0, 1, 1, 4, 1, 0, 3, 2, 2, 0, 4, 1, 1, 4, 0, 1, 2, 2, 4, 4, 1, 1, 0, 2, 3, 1, 2, 1, 2, 1, 1, 2, 0, 3, 0, 2, 2, 3, 1, 0, 1, 2, 4, 0, 0, 1, 1, 3, 4, 1, 2, 4, 0, 1, 3, 1, 0, 4, 0, 0, 3, 2, 3, 2, 2, 1, 2, 0, 1, 3, 4, 4, 3, 4, 4, 2]|[0, 2, 0, 1, 3, 0, 0, 0, 0, 0, 2, 0, 1, 0, 1, 0, 0, 0, 1, 0, 0, 2, 0, 0, 0, 0, 0, 3, 0, 1, 0, 2, 0, 0, 3, 0, 1, 3, 1, 0, 0, 1, 1, 3, 0, 0, 1, 0, 2, 0, 0, 0, 0, 0, 1, 0, 0, 0, 1, 1, 0, 2, 0, 0, 0, 1, 2, 1, 1, 0, 0, 0, 1, 0, 0, 2, 0, 0, 3, 0, 0, 2, 0, 0, 0, 0, 0, 0, 0, 1, 1, 0, 0, 0, 3, 1, 0, 2, 1, 1],955.8733926004294,54536.65158988291,128477.30564999962,false
4,G3_TWC,G3_TWC,[31, 22, 82, 15, 26, 9, 95, 42, 77, 12, 47, 5, 93, 78, 86, 54, 85, 63, 18, 44, 20, 35, 43, 97, 91, 76, 10, 30, 21, 45, 71, 64, 1, 23, 17, 83, 24, 41, 60, 36, 6, 57, 40, 88, 65, 56, 79, 69, 67, 68, 46, 75, 38, 58, 19, 32, 81, 48, 27, 62, 87, 90, 99, 59, 11, 16, 72, 73, 70, 39, 37, 84, 50, 92, 25, 55, 28, 51, 29, 7, 33, 61, 96, 14, 89, 3, 66, 98, 80, 53, 8, 2, 34, 4, 52, 49, 0, 94, 74, 13]|[1, 1, 0, 1, 1, 0, 1, 2, 2, 1, 2, 2, 2, 1, 1, 0, 0, 1, 0, 2, 2, 0, 1, 2, 0, 1, 2, 2, 0, 0, 1, 2, 1, 2, 1, 0, 2, 0, 1, 1, 0, 1, 1, 1, 0, 2, 1, 2, 0, 0, 0, 0, 1, 1, 2, 1, 2, 1, 0, 0, 2, 1, 0, 1, 2, 1, 2, 1, 1, 1, 0, 1, 0, 0, 1, 1, 0, 0, 0, 1, 0, 1, 0, 0, 1, 1, 2, 0, 0, 0, 1, 0, 2, 1, 2, 0, 0, 1, 2, 0]|[4, 3, 2, 2, 4, 1, 2, 2, 2, 4, 0, 1, 2, 4, 4, 1, 2, 4, 2, 1, 1, 1, 1, 2, 1, 2, 1, 1, 1, 1, 3, 2, 3, 0, 4, 0, 1, 1, 0, 3, 2, 2, 2, 0, 1, 1, 0, 2, 0, 1, 2, 2, 1, 0, 0, 3, 2, 4, 1, 2, 2, 3, 1, 1, 1, 3, 0, 4, 3, 1, 1, 1, 1, 0, 4, 4, 2, 1, 1, 1, 2, 3, 1, 1, 1, 1, 0, 1, 1, 2, 3, 2, 1, 4, 1, 1, 2, 4, 1, 2]|[0, 2, 1, 1, 3, 0, 1, 0, 0, 0, 0, 0, 1, 0, 1, 0, 0, 3, 1, 0, 0, 0, 3, 1, 0, 2, 0, 0, 0, 1, 0, 0, 0, 0, 3, 0, 1, 0, 0, 2, 1, 1, 1, 0, 0, 0, 0, 0, 1, 0, 0, 0, 1, 3, 0, 0, 1, 2, 0, 1, 0, 2, 0, 1, 0, 2, 1, 0, 0, 1, 0, 3, 0, 1, 3, 3, 1, 0, 0, 2, 1, 0, 0, 0, 1, 1, 0, 0, 0, 1, 2, 0, 0, 0, 0, 1, 0, 2, 0, 0],828.4845943742912,57341.945770192586,102652.40208809491,false
4,G1_CMAX,G4_BALANCED,[31, 22, 82, 15, 26, 9, 95, 42, 77, 12, 47, 5, 93, 78, 86, 54, 85, 63, 18, 44, 20, 35, 43, 97, 91, 76, 10, 30, 21, 45, 61, 64, 1, 23, 17, 83, 24, 41, 60, 36, 6, 57, 40, 88, 65, 56, 79, 69, 67, 68, 46, 75, 38, 58, 19, 32, 81, 48, 27, 62, 87, 90, 99, 59, 11, 16, 72, 73, 70, 89, 37, 84, 3, 92, 25, 55, 28, 51, 29, 7, 96, 74, 33, 14, 39, 50, 66, 98, 80, 53, 8, 2, 34, 4, 52, 49, 0, 94, 71, 13]|[1, 1, 0, 1, 1, 0, 1, 2, 2, 1, 2, 2, 2, 1, 1, 0, 0, 0, 0, 2, 2, 0, 1, 2, 0, 1, 2, 2, 0, 0, 1, 2, 1, 2, 1, 0, 2, 1, 1, 1, 0, 1, 1, 1, 0, 2, 1, 2, 0, 0, 0, 0, 1, 1, 2, 1, 2, 1, 0, 0, 2, 1, 0, 1, 2, 1, 2, 1, 1, 1, 0, 1, 1, 0, 1, 1, 1, 0, 1, 1, 0, 2, 0, 0, 1, 0, 2, 2, 0, 0, 1, 0, 2, 1, 2, 0, 0, 1, 2, 0]|[4, 3, 2, 2, 4, 1, 2, 2, 1, 4, 0, 1, 2, 4, 4, 1, 2, 1, 2, 1, 1, 1, 1, 2, 1, 2, 1, 1, 1, 1, 3, 2, 3, 0, 4, 0, 1, 4, 0, 3, 2, 2, 2, 0, 1, 1, 0, 2, 0, 1, 2, 2, 1, 0, 0, 3, 1, 4, 1, 2, 2, 3, 1, 1, 1, 3, 0, 4, 3, 1, 1, 1, 1, 0, 4, 4, 4, 1, 3, 1, 1, 1, 1, 2, 1, 1, 0, 0, 1, 2, 3, 2, 1, 4, 1, 1, 2, 4, 1, 2]|[0, 2, 1, 1, 3, 0, 1, 0, 0, 0, 0, 0, 1, 0, 1, 0, 0, 0, 1, 0, 0, 0, 3, 1, 0, 2, 0, 0, 0, 1, 0, 0, 0, 0, 3, 0, 1, 3, 0, 2, 1, 1, 1, 0, 0, 0, 0, 0, 1, 0, 0, 0, 1, 3, 0, 0, 0, 2, 0, 1, 0, 2, 0, 1, 0, 2, 1, 0, 0, 1, 0, 3, 1, 1, 3, 3, 1, 0, 0, 2, 0, 0, 0, 0, 1, 0, 0, 0, 0, 1, 2, 0, 0, 0, 0, 1, 0, 2, 0, 0],787.5286629220103,56961.28701465638,109464.63670148456,true
4,G4_BALANCED,G4_BALANCED,[31, 22, 82, 15, 26, 9, 90, 42, 77, 4, 47, 5, 93, 78, 86, 54, 85, 63, 18, 44, 20, 49, 36, 14, 48, 50, 53, 17, 21, 45, 71, 64, 3, 23, 30, 83, 24, 41, 60, 52, 65, 27, 95, 70, 39, 87, 74, 69, 99, 68, 46, 1, 38, 58, 97, 59, 28, 8, 73, 37, 35, 79, 11, 66, 76, 57, 72, 16, 92, 6, 80, 61, 33, 98, 32, 34, 51, 67, 10, 7, 56, 43, 62, 19, 91, 13, 29, 96, 0, 81, 2, 40, 88, 55, 75, 84, 12, 94, 89, 25]|[0, 1, 2, 1, 1, 2, 1, 0, 1, 1, 1, 0, 2, 2, 1, 2, 0, 0, 0, 2, 2, 1, 0, 2, 2, 2, 2, 1, 0, 1, 1, 1, 0, 1, 1, 0, 2, 1, 2, 2, 0, 1, 1, 1, 0, 2, 0, 2, 1, 0, 0, 2, 2, 0, 2, 0, 2, 1, 0, 0, 2, 1, 0, 0, 2, 0, 1, 1, 0, 1, 0, 1, 1, 0, 0, 1, 0, 0, 1, 2, 0, 1, 0, 2, 1, 0, 1, 0, 0, 1, 2, 2, 1, 1, 2, 0, 1, 0, 1, 1]|[1, 3, 0, 2, 4, 1, 4, 0, 2, 4, 3, 2, 1, 0, 2, 1, 1, 1, 2, 1, 2, 3, 0, 1, 0, 1, 1, 4, 1, 0, 3, 2, 2, 3, 4, 1, 1, 4, 0, 1, 2, 2, 4, 4, 1, 1, 0, 2, 3, 1, 2, 1, 2, 1, 1, 2, 0, 3, 0, 2, 2, 3, 1, 2, 1, 0, 4, 0, 0, 4, 1, 3, 4, 1, 2, 4, 0, 1, 3, 1, 2, 4, 2, 0, 3, 2, 3, 2, 2, 1, 1, 0, 4, 3, 2, 1, 3, 0, 4, 4]|[1, 2, 0, 1, 3, 0, 1, 0, 0, 0, 2, 0, 1, 0, 1, 0, 0, 0, 1, 0, 0, 2, 0, 0, 0, 0, 0, 3, 0, 1, 0, 2, 0, 0, 3, 0, 1, 3, 1, 0, 0, 1, 1, 3, 0, 0, 1, 0, 2, 0, 0, 0, 0, 0, 1, 0, 0, 0, 1, 1, 0, 2, 0, 0, 0, 1, 2, 1, 1, 2, 0, 0, 1, 0, 0, 2, 0, 0, 3, 0, 1, 2, 1, 0, 0, 0, 0, 0, 0, 1, 0, 0, 1, 0, 1, 0, 0, 1, 1, 3],872.1255365416955,55453.61021867931,121593.07526808116,false
4,G2_TEC,G2_TEC,[31, 22, 82, 15, 26, 9, 90, 42, 77, 4, 79, 5, 93, 78, 86, 54, 85, 63, 18, 44, 20, 49, 36, 14, 48, 50, 53, 17, 21, 45, 71, 64, 3, 23, 30, 83, 24, 41, 60, 52, 65, 27, 95, 70, 39, 87, 74, 69, 99, 68, 46, 1, 38, 58, 97, 59, 28, 8, 73, 37, 35, 47, 11, 66, 76, 57, 72, 16, 92, 6, 80, 61, 33, 98, 32, 34, 51, 67, 10, 7, 56, 43, 62, 19, 91, 13, 29, 96, 0, 81, 75, 40, 2, 55, 25, 88, 12, 94, 89, 84]|[2, 1, 2, 1, 1, 2, 2, 0, 1, 1, 1, 0, 2, 2, 1, 2, 0, 0, 0, 2, 2, 1, 0, 2, 2, 2, 2, 1, 0, 1, 1, 1, 0, 0, 1, 0, 2, 1, 2, 2, 0, 1, 1, 1, 0, 2, 0, 2, 1, 0, 0, 2, 2, 0, 2, 0, 2, 1, 0, 0, 2, 1, 0, 2, 2, 0, 1, 1, 0, 0, 2, 1, 1, 0, 0, 1, 0, 0, 1, 2, 2, 1, 0, 2, 1, 0, 1, 0, 0, 1, 2, 2, 2, 1, 1, 1, 1, 1, 1, 0]|[0, 3, 0, 2, 4, 1, 1, 0, 2, 4, 3, 2, 1, 0, 2, 1, 1, 1, 2, 1, 2, 3, 0, 1, 0, 1, 1, 4, 1, 0, 3, 2, 2, 0, 4, 1, 1, 4, 0, 1, 2, 2, 4, 4, 1, 1, 0, 2, 3, 1, 2, 1, 2, 1, 1, 2, 0, 3, 0, 2, 2, 3, 1, 0, 1, 2, 4, 0, 0, 1, 1, 3, 4, 1, 2, 4, 0, 1, 3, 1, 0, 4, 0, 0, 3, 2, 3, 2, 2, 1, 2, 0, 1, 3, 4, 4, 3, 4, 4, 2]|[0, 2, 0, 1, 3, 0, 0, 0, 0, 0, 2, 0, 1, 0, 1, 0, 0, 0, 1, 0, 0, 2, 0, 0, 0, 0, 0, 3, 0, 1, 0, 2, 0, 0, 3, 0, 1, 3, 1, 0, 0, 1, 1, 3, 0, 0, 1, 0, 2, 0, 0, 0, 0, 0, 1, 0, 0, 0, 1, 1, 0, 2, 0, 0, 0, 1, 2, 1, 1, 0, 0, 0, 1, 0, 0, 2, 0, 0, 3, 0, 0, 2, 0, 0, 0, 0, 0, 0, 0, 1, 1, 0, 0, 0, 3, 1, 0, 2, 1, 1],955.8733926004294,54536.65158988291,128477.30564999962,false
4,G3_TWC,G3_TWC,[31, 22, 82, 15, 26, 9, 95, 42, 77, 12, 47, 5, 93, 78, 86, 54, 85, 63, 18, 44, 20, 35, 43, 97, 91, 76, 10, 30, 21, 45, 71, 64, 1, 23, 17, 83, 24, 41, 60, 36, 6, 57, 40, 88, 65, 56, 79, 69, 67, 68, 46, 75, 38, 58, 19, 32, 81, 48, 27, 62, 87, 90, 99, 59, 11, 16, 72, 73, 70, 39, 37, 84, 50, 92, 25, 55, 28, 51, 29, 7, 33, 61, 96, 14, 89, 3, 66, 98, 80, 53, 8, 2, 34, 4, 52, 49, 0, 94, 74, 13]|[1, 1, 0, 1, 1, 0, 1, 2, 2, 1, 2, 2, 2, 1, 1, 0, 0, 1, 0, 2, 2, 0, 1, 2, 0, 1, 2, 2, 0, 0, 1, 2, 1, 2, 1, 0, 2, 0, 1, 1, 0, 1, 1, 1, 0, 2, 1, 2, 0, 0, 0, 0, 1, 1, 2, 1, 2, 1, 0, 0, 2, 1, 0, 1, 2, 1, 2, 1, 1, 1, 0, 1, 0, 0, 1, 1, 0, 0, 0, 1, 0, 1, 0, 0, 1, 1, 2, 0, 0, 0, 1, 0, 2, 1, 2, 0, 0, 1, 2, 0]|[4, 3, 2, 2, 4, 1, 2, 2, 2, 4, 0, 1, 2, 4, 4, 1, 2, 4, 2, 1, 1, 1, 1, 2, 1, 2, 1, 1, 1, 1, 3, 2, 3, 0, 4, 0, 1, 1, 0, 3, 2, 2, 2, 0, 1, 1, 0, 2, 0, 1, 2, 2, 1, 0, 0, 3, 2, 4, 1, 2, 2, 3, 1, 1, 1, 3, 0, 4, 3, 1, 1, 1, 1, 0, 4, 4, 2, 1, 1, 1, 2, 3, 1, 1, 1, 1, 0, 1, 1, 2, 3, 2, 1, 4, 1, 1, 2, 4, 1, 2]|[0, 2, 1, 1, 3, 0, 1, 0, 0, 0, 0, 0, 1, 0, 1, 0, 0, 3, 1, 0, 0, 0, 3, 1, 0, 2, 0, 0, 0, 1, 0, 0, 0, 0, 3, 0, 1, 0, 0, 2, 1, 1, 1, 0, 0, 0, 0, 0, 1, 0, 0, 0, 1, 3, 0, 0, 1, 2, 0, 1, 0, 2, 0, 1, 0, 2, 1, 0, 0, 1, 0, 3, 0, 1, 3, 3, 1, 0, 0, 2, 1, 0, 0, 0, 1, 1, 0, 0, 0, 1, 2, 0, 0, 0, 0, 1, 0, 2, 0, 0],828.4845943742912,57341.945770192586,102652.40208809491,false
4,G1_CMAX,G3_TWC,[31, 22, 82, 15, 26, 9, 95, 42, 77, 12, 47, 5, 93, 78, 86, 54, 85, 63, 18, 44, 20, 35, 43, 97, 91, 76, 10, 30, 21, 45, 71, 64, 1, 23, 17, 83, 24, 41, 60, 36, 6, 57, 40, 88, 65, 56, 79, 69, 67, 68, 46, 75, 38, 58, 19, 32, 81, 48, 27, 62, 87, 90, 99, 59, 11, 16, 72, 73, 70, 39, 37, 84, 3, 92, 25, 55, 28, 51, 29, 7, 33, 74, 96, 98, 53, 50, 66, 80, 8, 89, 14, 2, 34, 4, 52, 49, 0, 94, 61, 13]|[1, 1, 0, 1, 1, 0, 1, 2, 2, 1, 2, 2, 2, 1, 1, 0, 0, 1, 0, 2, 2, 0, 1, 2, 0, 1, 2, 2, 0, 0, 1, 2, 1, 0, 1, 0, 2, 0, 1, 1, 0, 1, 1, 1, 0, 2, 1, 2, 0, 0, 0, 0, 1, 1, 2, 1, 2, 1, 0, 0, 2, 1, 0, 1, 2, 1, 2, 1, 1, 1, 0, 1, 1, 0, 1, 1, 0, 0, 0, 1, 0, 2, 0, 0, 0, 0, 2, 0, 1, 1, 0, 0, 2, 1, 2, 0, 0, 1, 1, 0]|[4, 3, 2, 2, 4, 1, 2, 2, 1, 4, 0, 1, 2, 4, 4, 1, 2, 4, 2, 1, 1, 1, 1, 2, 1, 2, 1, 1, 1, 1, 3, 2, 3, 0, 4, 0, 1, 1, 0, 3, 2, 2, 2, 0, 1, 1, 0, 2, 0, 1, 2, 2, 1, 0, 0, 3, 2, 4, 1, 2, 2, 3, 1, 1, 1, 3, 0, 4, 3, 0, 1, 1, 1, 0, 4, 4, 2, 1, 1, 1, 2, 0, 1, 1, 2, 1, 1, 1, 3, 1, 1, 2, 1, 4, 1, 1, 2, 4, 3, 2]|[0, 2, 1, 1, 3, 0, 1, 0, 0, 0, 0, 0, 1, 0, 1, 0, 0, 3, 1, 0, 0, 0, 3, 1, 0, 2, 0, 0, 0, 1, 0, 0, 0, 0, 3, 0, 1, 0, 0, 2, 1, 1, 1, 0, 0, 0, 0, 0, 1, 0, 0, 0, 1, 3, 0, 0, 1, 2, 0, 1, 0, 2, 0, 1, 0, 2, 1, 0, 0, 1, 0, 3, 1, 1, 3, 3, 1, 0, 0, 2, 1, 0, 0, 0, 1, 0, 0, 0, 2, 1, 0, 0, 0, 0, 0, 1, 0, 2, 0, 0],873.4893786211098,57415.33017963518,102573.26498177616,true
4,G4_BALANCED,G3_TWC,[31, 22, 82, 15, 26, 9, 95, 42, 77, 12, 47, 5, 93, 78, 86, 54, 85, 63, 18, 44, 20, 35, 43, 97, 91, 76, 10, 30, 21, 45, 61, 64, 1, 23, 17, 83, 24, 41, 60, 36, 6, 57, 40, 88, 65, 56, 79, 69, 67, 68, 46, 75, 38, 58, 19, 32, 81, 48, 27, 62, 87, 90, 99, 59, 11, 16, 72, 73, 70, 39, 37, 84, 3, 92, 25, 55, 28, 51, 29, 7, 33, 71, 96, 14, 53, 50, 66, 80, 8, 89, 98, 2, 34, 4, 52, 49, 0, 94, 74, 13]|[1, 1, 0, 1, 1, 0, 1, 2, 2, 1, 2, 2, 2, 1, 1, 0, 0, 1, 0, 2, 2, 0, 1, 2, 0, 1, 2, 2, 0, 0, 1, 2, 1, 2, 1, 0, 2, 0, 1, 1, 0, 1, 1, 1, 0, 2, 1, 2, 0, 0, 0, 0, 1, 1, 2, 1, 2, 1, 0, 0, 2, 1, 0, 1, 2, 1, 2, 1, 1, 1, 0, 1, 1, 0, 1, 1, 0, 0, 0, 1, 0, 1, 0, 0, 0, 0, 2, 0, 1, 1, 0, 0, 2, 1, 2, 0, 0, 1, 2, 0]|[4, 3, 2, 2, 4, 1, 2, 2, 2, 4, 0, 1, 2, 4, 4, 1, 2, 4, 2, 1, 1, 1, 1, 2, 1, 2, 1, 1, 1, 1, 3, 2, 3, 0, 4, 0, 1, 1, 0, 3, 2, 2, 2, 0, 1, 1, 0, 2, 0, 1, 2, 2, 1, 0, 0, 3, 2, 4, 1, 2, 2, 3, 1, 1, 1, 3, 0, 4, 3, 0, 1, 1, 1, 0, 4, 4, 2, 1, 1, 1, 2, 3, 1, 1, 2, 1, 0, 1, 3, 1, 1, 2, 1, 4, 1, 1, 2, 4, 1, 2]|[0, 2, 1, 1, 3, 0, 1, 0, 0, 0, 0, 0, 1, 0, 1, 0, 0, 3, 1, 0, 0, 0, 3, 1, 0, 2, 0, 0, 0, 1, 0, 0, 0, 0, 3, 0, 1, 0, 0, 2, 1, 1, 1, 0, 0, 0, 0, 0, 1, 0, 0, 0, 1, 3, 0, 0, 1, 2, 0, 1, 0, 2, 0, 1, 0, 2, 1, 0, 0, 1, 0, 3, 1, 1, 3, 3, 1, 0, 0, 2, 1, 0, 0, 0, 1, 0, 0, 0, 2, 1, 0, 0, 0, 0, 0, 1, 0, 2, 0, 0],839.8136217076633,57663.28184965308,102373.28298826548,true
4,G2_TEC,G2_TEC,[31, 22, 82, 15, 26, 9, 90, 42, 77, 4, 79, 5, 93, 78, 86, 54, 85, 63, 18, 44, 20, 49, 36, 14, 48, 50, 53, 17, 21, 45, 71, 64, 3, 23, 30, 83, 24, 41, 60, 52, 65, 27, 95, 70, 39, 87, 74, 69, 99, 68, 46, 1, 38, 58, 97, 59, 28, 8, 73, 37, 35, 47, 11, 66, 76, 57, 72, 16, 92, 6, 80, 61, 33, 98, 32, 34, 51, 67, 10, 7, 56, 43, 62, 19, 91, 13, 29, 96, 0, 81, 75, 40, 2, 55, 25, 88, 12, 94, 89, 84]|[2, 1, 2, 1, 1, 2, 2, 0, 1, 1, 1, 0, 2, 2, 1, 2, 0, 0, 0, 2, 2, 1, 0, 2, 2, 2, 2, 1, 0, 1, 1, 1, 0, 0, 1, 0, 2, 1, 2, 2, 0, 1, 1, 1, 0, 2, 0, 2, 1, 0, 0, 2, 2, 0, 2, 0, 2, 1, 0, 0, 2, 1, 0, 2, 2, 0, 1, 1, 0, 0, 2, 1, 1, 0, 0, 1, 0, 0, 1, 2, 2, 1, 0, 2, 1, 0, 1, 0, 0, 1, 2, 2, 2, 1, 1, 1, 1, 1, 1, 0]|[0, 3, 0, 2, 4, 1, 1, 0, 2, 4, 3, 2, 1, 0, 2, 1, 1, 1, 2, 1, 2, 3, 0, 1, 0, 1, 1, 4, 1, 0, 3, 2, 2, 0, 4, 1, 1, 4, 0, 1, 2, 2, 4, 4, 1, 1, 0, 2, 3, 1, 2, 1, 2, 1, 1, 2, 0, 3, 0, 2, 2, 3, 1, 0, 1, 2, 4, 0, 0, 1, 1, 3, 4, 1, 2, 4, 0, 1, 3, 1, 0, 4, 0, 0, 3, 2, 3, 2, 2, 1, 2, 0, 1, 3, 4, 4, 3, 4, 4, 2]|[0, 2, 0, 1, 3, 0, 0, 0, 0, 0, 2, 0, 1, 0, 1, 0, 0, 0, 1, 0, 0, 2, 0, 0, 0, 0, 0, 3, 0, 1, 0, 2, 0, 0, 3, 0, 1, 3, 1, 0, 0, 1, 1, 3, 0, 0, 1, 0, 2, 0, 0, 0, 0, 0, 1, 0, 0, 0, 1, 1, 0, 2, 0, 0, 0, 1, 2, 1, 1, 0, 0, 0, 1, 0, 0, 2, 0, 0, 3, 0, 0, 2, 0, 0, 0, 0, 0, 0, 0, 1, 1, 0, 0, 0, 3, 1, 0, 2, 1, 1],955.8733926004294,54536.65158988291,128477.30564999962,false
4,G3_TWC,G3_TWC,[31, 22, 82, 15, 26, 9, 95, 42, 77, 12, 47, 5, 93, 78, 86, 54, 85, 63, 18, 44, 20, 35, 43, 97, 91, 76, 10, 30, 21, 45, 71, 64, 1, 23, 17, 83, 24, 41, 60, 36, 6, 57, 40, 88, 65, 56, 79, 69, 67, 68, 46, 75, 38, 58, 19, 32, 81, 48, 27, 62, 87, 90, 99, 59, 11, 16, 72, 73, 70, 39, 37, 84, 50, 92, 25, 55, 28, 51, 29, 7, 33, 61, 96, 14, 89, 3, 66, 98, 80, 53, 8, 2, 34, 4, 52, 49, 0, 94, 74, 13]|[1, 1, 0, 1, 1, 0, 1, 2, 2, 1, 2, 2, 2, 1, 1, 0, 0, 1, 0, 2, 2, 0, 1, 2, 0, 1, 2, 2, 0, 0, 1, 2, 1, 2, 1, 0, 2, 0, 1, 1, 0, 1, 1, 1, 0, 2, 1, 2, 0, 0, 0, 0, 1, 1, 2, 1, 2, 1, 0, 0, 2, 1, 0, 1, 2, 1, 2, 1, 1, 1, 0, 1, 0, 0, 1, 1, 0, 0, 0, 1, 0, 1, 0, 0, 1, 1, 2, 0, 0, 0, 1, 0, 2, 1, 2, 0, 0, 1, 2, 0]|[4, 3, 2, 2, 4, 1, 2, 2, 2, 4, 0, 1, 2, 4, 4, 1, 2, 4, 2, 1, 1, 1, 1, 2, 1, 2, 1, 1, 1, 1, 3, 2, 3, 0, 4, 0, 1, 1, 0, 3, 2, 2, 2, 0, 1, 1, 0, 2, 0, 1, 2, 2, 1, 0, 0, 3, 2, 4, 1, 2, 2, 3, 1, 1, 1, 3, 0, 4, 3, 1, 1, 1, 1, 0, 4, 4, 2, 1, 1, 1, 2, 3, 1, 1, 1, 1, 0, 1, 1, 2, 3, 2, 1, 4, 1, 1, 2, 4, 1, 2]|[0, 2, 1, 1, 3, 0, 1, 0, 0, 0, 0, 0, 1, 0, 1, 0, 0, 3, 1, 0, 0, 0, 3, 1, 0, 2, 0, 0, 0, 1, 0, 0, 0, 0, 3, 0, 1, 0, 0, 2, 1, 1, 1, 0, 0, 0, 0, 0, 1, 0, 0, 0, 1, 3, 0, 0, 1, 2, 0, 1, 0, 2, 0, 1, 0, 2, 1, 0, 0, 1, 0, 3, 0, 1, 3, 3, 1, 0, 0, 2, 1, 0, 0, 0, 1, 1, 0, 0, 0, 1, 2, 0, 0, 0, 0, 1, 0, 2, 0, 0],828.4845943742912,57341.945770192586,102652.40208809491,false
4,G1_CMAX,G1_CMAX,[31, 22, 82, 15, 73, 9, 95, 42, 77, 12, 47, 98, 93, 78, 86, 54, 85, 63, 18, 44, 20, 35, 43, 97, 37, 76, 10, 30, 21, 45, 61, 64, 1, 23, 17, 83, 24, 41, 60, 36, 6, 57, 40, 88, 65, 56, 79, 69, 67, 68, 46, 75, 38, 58, 19, 32, 81, 48, 27, 62, 4, 90, 99, 59, 11, 16, 72, 26, 70, 89, 91, 84, 3, 92, 25, 55, 28, 51, 29, 7, 96, 74, 5, 33, 53, 50, 66, 80, 8, 39, 14, 2, 34, 87, 52, 49, 0, 94, 71, 13]|[1, 1, 0, 1, 1, 0, 1, 2, 2, 1, 2, 2, 2, 1, 1, 0, 0, 0, 0, 2, 2, 0, 1, 2, 0, 1, 2, 2, 0, 0, 1, 2, 1, 2, 1, 0, 2, 1, 1, 1, 0, 1, 1, 1, 0, 2, 1, 2, 0, 0, 0, 0, 1, 1, 2, 1, 2, 1, 0, 0, 1, 1, 0, 1, 2, 1, 2, 1, 1, 1, 0, 1, 1, 0, 1, 1, 1, 0, 0, 1, 1, 2, 2, 0, 0, 0, 2, 0, 1, 1, 0, 0, 2, 1, 2, 0, 0, 1, 1, 0]|[4, 3, 2, 2, 4, 1, 2, 2, 1, 4, 0, 1, 2, 4, 4, 1, 2, 1, 2, 1, 1, 1, 1, 2, 1, 2, 1, 1, 1, 1, 1, 2, 3, 0, 4, 0, 1, 4, 0, 3, 2, 2, 2, 0, 1, 1, 0, 2, 0, 1, 2, 2, 1, 0, 0, 3, 1, 4, 1, 2, 4, 3, 1, 1, 1, 3, 0, 4, 3, 1, 1, 1, 1, 0, 4, 4, 4, 1, 1, 1, 3, 0, 1, 2, 2, 1, 0, 1, 3, 1, 1, 2, 1, 4, 1, 1, 2, 4, 3, 2]|[0, 2, 1, 1, 3, 0, 1, 0, 0, 0, 0, 0, 1, 0, 1, 0, 0, 0, 1, 0, 0, 0, 3, 1, 0, 2, 0, 0, 0, 1, 3, 0, 0, 0, 3, 0, 1, 3, 0, 2, 1, 1, 1, 0, 0, 0, 0, 0, 1, 0, 0, 0, 1, 3, 0, 0, 0, 2, 0, 1, 0, 2, 0, 1, 0, 2, 1, 0, 0, 1, 0, 3, 1, 1, 3, 3, 1, 0, 0, 2, 2, 0, 0, 1, 1, 0, 0, 0, 2, 1, 0, 0, 0, 0, 0, 1, 0, 2, 0, 0],777.2256289871133,57304.87144007418,104017.57103098517,false
4,G4_BALANCED,G1_CMAX,[31, 22, 82, 15, 67, 9, 95, 42, 77, 12, 47, 5, 93, 78, 37, 54, 85, 63, 18, 44, 20, 35, 43, 97, 91, 76, 10, 30, 21, 45, 61, 64, 1, 23, 17, 83, 24, 41, 60, 36, 6, 57, 40, 88, 65, 56, 79, 69, 26, 68, 46, 75, 38, 58, 19, 32, 81, 48, 27, 62, 87, 90, 99, 59, 11, 16, 72, 73, 70, 39, 86, 84, 3, 92, 25, 55, 28, 51, 29, 7, 33, 74, 96, 98, 53, 50, 66, 80, 8, 89, 14, 2, 34, 4, 52, 49, 0, 94, 71, 13]|[1, 1, 0, 1, 1, 0, 1, 2, 2, 1, 2, 2, 2, 1, 1, 0, 0, 0, 0, 2, 2, 0, 1, 2, 0, 1, 2, 2, 0, 0, 1, 2, 1, 2, 1, 0, 2, 1, 1, 1, 0, 1, 1, 1, 0, 2, 1, 2, 0, 0, 0, 0, 1, 1, 2, 1, 2, 1, 0, 0, 2, 1, 0, 1, 2, 1, 2, 1, 1, 1, 0, 2, 1, 0, 1, 1, 1, 0, 0, 1, 0, 2, 0, 0, 0, 0, 2, 0, 1, 1, 0, 0, 2, 1, 2, 0, 0, 1, 2, 0]|[4, 3, 2, 2, 4, 1, 2, 2, 1, 4, 0, 1, 2, 4, 4, 1, 2, 1, 2, 1, 1, 1, 1, 2, 1, 2, 1, 1, 1, 1, 3, 2, 3, 0, 4, 0, 1, 4, 0, 3, 2, 2, 2, 0, 1, 1, 0, 2, 0, 1, 2, 2, 1, 0, 0, 3, 2, 4, 1, 2, 2, 3, 1, 1, 1, 3, 0, 4, 3, 0, 1, 1, 1, 0, 4, 4, 4, 1, 1, 1, 2, 1, 1, 1, 2, 1, 0, 1, 3, 1, 2, 2, 1, 4, 1, 1, 2, 4, 1, 2]|[0, 2, 1, 1, 3, 0, 1, 0, 0, 0, 0, 0, 1, 0, 1, 0, 0, 0, 1, 0, 0, 0, 3, 1, 0, 2, 0, 0, 0, 1, 0, 0, 0, 0, 3, 0, 1, 3, 0, 2, 1, 1, 1, 0, 0, 0, 0, 0, 1, 0, 0, 0, 1, 3, 0, 0, 1, 2, 0, 1, 0, 2, 0, 1, 0, 2, 1, 0, 0, 1, 0, 0, 1, 1, 3, 3, 1, 0, 0, 2, 1, 0, 0, 0, 1, 0, 0, 0, 2, 1, 0, 0, 0, 0, 0, 1, 0, 2, 0, 0],832.4570253481864,56752.10626903946,106142.10157667361,true
4,G2_TEC,G2_TEC,[31, 22, 82, 15, 26, 9, 90, 42, 77, 4, 79, 5, 93, 78, 86, 54, 85, 63, 18, 44, 20, 49, 36, 14, 48, 50, 53, 17, 21, 45, 71, 64, 3, 23, 30, 83, 24, 41, 60, 52, 65, 27, 95, 70, 39, 87, 74, 69, 99, 68, 46, 1, 38, 58, 97, 59, 28, 8, 73, 37, 35, 47, 11, 66, 76, 57, 72, 16, 92, 6, 80, 61, 33, 98, 32, 34, 51, 67, 10, 7, 56, 43, 62, 19, 91, 13, 29, 96, 0, 81, 75, 40, 2, 55, 25, 88, 12, 94, 89, 84]|[2, 1, 2, 1, 1, 2, 2, 0, 1, 1, 1, 0, 2, 2, 1, 2, 0, 0, 0, 2, 2, 1, 0, 2, 2, 2, 2, 1, 0, 1, 1, 1, 0, 0, 1, 0, 2, 1, 2, 2, 0, 1, 1, 1, 0, 2, 0, 2, 1, 0, 0, 2, 2, 0, 2, 0, 2, 1, 0, 0, 2, 1, 0, 2, 2, 0, 1, 1, 0, 0, 2, 1, 1, 0, 0, 1, 0, 0, 1, 2, 2, 1, 0, 2, 1, 0, 1, 0, 0, 1, 2, 2, 2, 1, 1, 1, 1, 1, 1, 0]|[0, 3, 0, 2, 4, 1, 1, 0, 2, 4, 3, 2, 1, 0, 2, 1, 1, 1, 2, 1, 2, 3, 0, 1, 0, 1, 1, 4, 1, 0, 3, 2, 2, 0, 4, 1, 1, 4, 0, 1, 2, 2, 4, 4, 1, 1, 0, 2, 3, 1, 2, 1, 2, 1, 1, 2, 0, 3, 0, 2, 2, 3, 1, 0, 1, 2, 4, 0, 0, 1, 1, 3, 4, 1, 2, 4, 0, 1, 3, 1, 0, 4, 0, 0, 3, 2, 3, 2, 2, 1, 2, 0, 1, 3, 4, 4, 3, 4, 4, 2]|[0, 2, 0, 1, 3, 0, 0, 0, 0, 0, 2, 0, 1, 0, 1, 0, 0, 0, 1, 0, 0, 2, 0, 0, 0, 0, 0, 3, 0, 1, 0, 2, 0, 0, 3, 0, 1, 3, 1, 0, 0, 1, 1, 3, 0, 0, 1, 0, 2, 0, 0, 0, 0, 0, 1, 0, 0, 0, 1, 1, 0, 2, 0, 0, 0, 1, 2, 1, 1, 0, 0, 0, 1, 0, 0, 2, 0, 0, 3, 0, 0, 2, 0, 0, 0, 0, 0, 0, 0, 1, 1, 0, 0, 0, 3, 1, 0, 2, 1, 1],955.8733926004294,54536.65158988291,128477.30564999962,false
4,G3_TWC,G3_TWC,[31, 22, 82, 15, 26, 9, 95, 42, 77, 12, 47, 5, 93, 78, 86, 54, 85, 63, 18, 44, 20, 35, 43, 97, 91, 76, 10, 30, 21, 45, 71, 64, 1, 23, 17, 83, 24, 41, 60, 36, 6, 57, 40, 88, 65, 56, 79, 69, 67, 68, 46, 75, 38, 58, 19, 32, 81, 48, 27, 62, 87, 90, 99, 59, 11, 16, 72, 73, 70, 39, 37, 84, 50, 92, 25, 55, 28, 51, 29, 7, 33, 61, 96, 14, 89, 3, 66, 98, 80, 53, 8, 2, 34, 4, 52, 49, 0, 94, 74, 13]|[1, 1, 0, 1, 1, 0, 1, 2, 2, 1, 2, 2, 2, 1, 1, 0, 0, 1, 0, 2, 2, 0, 1, 2, 0, 1, 2, 2, 0, 0, 1, 2, 1, 2, 1, 0, 2, 0, 1, 1, 0, 1, 1, 1, 0, 2, 1, 2, 0, 0, 0, 0, 1, 1, 2, 1, 2, 1, 0, 0, 2, 1, 0, 1, 2, 1, 2, 1, 1, 1, 0, 1, 0, 0, 1, 1, 0, 0, 0, 1, 0, 1, 0, 0, 1, 1, 2, 0, 0, 0, 1, 0, 2, 1, 2, 0, 0, 1, 2, 0]|[4, 3, 2, 2, 4, 1, 2, 2, 2, 4, 0, 1, 2, 4, 4, 1, 2, 4, 2, 1, 1, 1, 1, 2, 1, 2, 1, 1, 1, 1, 3, 2, 3, 0, 4, 0, 1, 1, 0, 3, 2, 2, 2, 0, 1, 1, 0, 2, 0, 1, 2, 2, 1, 0, 0, 3, 2, 4, 1, 2, 2, 3, 1, 1, 1, 3, 0, 4, 3, 1, 1, 1, 1, 0, 4, 4, 2, 1, 1, 1, 2, 3, 1, 1, 1, 1, 0, 1, 1, 2, 3, 2, 1, 4, 1, 1, 2, 4, 1, 2]|[0, 2, 1, 1, 3, 0, 1, 0, 0, 0, 0, 0, 1, 0, 1, 0, 0, 3, 1, 0, 0, 0, 3, 1, 0, 2, 0, 0, 0, 1, 0, 0, 0, 0, 3, 0, 1, 0, 0, 2, 1, 1, 1, 0, 0, 0, 0, 0, 1, 0, 0, 0, 1, 3, 0, 0, 1, 2, 0, 1, 0, 2, 0, 1, 0, 2, 1, 0, 0, 1, 0, 3, 0, 1, 3, 3, 1, 0, 0, 2, 1, 0, 0, 0, 1, 1, 0, 0, 0, 1, 2, 0, 0, 0, 0, 1, 0, 2, 0, 0],828.4845943742912,57341.945770192586,102652.40208809491,false
4,G1_CMAX,G4_BALANCED,[31, 22, 82, 15, 26, 9, 95, 42, 77, 12, 47, 5, 93, 78, 86, 54, 85, 63, 18, 44, 20, 35, 43, 97, 91, 76, 10, 30, 21, 45, 61, 64, 1, 23, 17, 83, 24, 41, 60, 36, 6, 57, 40, 88, 65, 56, 79, 69, 67, 68, 46, 75, 38, 58, 19, 32, 81, 48, 27, 62, 87, 90, 99, 59, 11, 16, 72, 73, 70, 89, 37, 84, 3, 92, 25, 55, 28, 51, 29, 7, 96, 74, 98, 14, 39, 80, 33, 8, 50, 53, 66, 2, 34, 4, 52, 49, 0, 94, 71, 13]|[1, 1, 0, 1, 1, 0, 1, 2, 2, 1, 2, 2, 2, 1, 1, 0, 0, 0, 0, 2, 2, 0, 1, 2, 0, 1, 2, 2, 0, 0, 1, 2, 1, 2, 1, 0, 2, 1, 1, 1, 0, 1, 1, 1, 0, 2, 1, 2, 0, 0, 0, 0, 1, 1, 2, 1, 2, 1, 0, 0, 2, 1, 0, 1, 2, 1, 2, 1, 1, 1, 0, 1, 1, 0, 1, 1, 1, 0, 1, 1, 0, 2, 0, 0, 1, 0, 0, 1, 0, 0, 2, 0, 2, 1, 2, 0, 0, 1, 2, 0]|[4, 3, 2, 2, 4, 1, 2, 2, 1, 4, 0, 1, 2, 4, 4, 1, 2, 1, 2, 1, 1, 1, 1, 2, 1, 2, 1, 1, 1, 1, 1, 2, 3, 0, 4, 0, 1, 4, 0, 3, 2, 2, 2, 0, 1, 1, 0, 2, 0, 1, 2, 2, 1, 0, 0, 3, 1, 4, 1, 2, 2, 3, 1, 1, 1, 3, 0, 4, 3, 1, 1, 1, 1, 0, 4, 4, 4, 1, 3, 1, 1, 1, 1, 1, 1, 1, 2, 3, 1, 2, 0, 2, 1, 4, 1, 1, 2, 4, 1, 2]|[0, 2, 1, 1, 3, 0, 1, 0, 0, 0, 0, 0, 1, 0, 1, 0, 0, 0, 1, 0, 0, 0, 3, 1, 0, 2, 0, 0, 0, 1, 3, 0, 0, 0, 3, 0, 1, 3, 0, 2, 1, 1, 1, 0, 0, 0, 0, 0, 1, 0, 0, 0, 1, 3, 0, 0, 0, 2, 0, 1, 0, 2, 0, 1, 0, 2, 1, 0, 0, 1, 0, 3, 1, 1, 3, 3, 1, 0, 0, 2, 0, 0, 0, 0, 1, 0, 1, 2, 0, 1, 0, 0, 0, 0, 0, 1, 0, 2, 0, 0],798.2126290544513,57216.69429393091,107378.5910362429,true
4,G4_BALANCED,G4_BALANCED,[31, 22, 82, 15, 26, 9, 90, 42, 77, 4, 47, 5, 93, 78, 86, 54, 85, 63, 18, 44, 20, 49, 36, 14, 48, 50, 53, 17, 21, 45, 71, 64, 3, 23, 30, 83, 24, 41, 60, 52, 65, 27, 95, 70, 39, 87, 74, 69, 99, 68, 46, 1, 38, 58, 97, 59, 28, 8, 73, 37, 35, 79, 11, 66, 76, 57, 72, 16, 92, 6, 80, 61, 33, 98, 32, 34, 51, 67, 10, 7, 56, 43, 62, 19, 91, 13, 29, 96, 0, 81, 2, 40, 88, 55, 75, 84, 12, 94, 89, 25]|[0, 1, 2, 1, 1, 2, 1, 0, 1, 1, 1, 0, 2, 2, 1, 2, 0, 0, 0, 2, 2, 1, 0, 2, 2, 2, 2, 1, 0, 1, 1, 1, 0, 1, 1, 0, 2, 1, 2, 2, 0, 1, 1, 1, 0, 2, 0, 2, 1, 0, 0, 2, 2, 0, 2, 0, 2, 1, 0, 0, 2, 1, 0, 0, 2, 0, 1, 1, 0, 1, 0, 1, 1, 0, 0, 1, 0, 0, 1, 2, 0, 1, 0, 2, 1, 0, 1, 0, 0, 1, 2, 2, 1, 1, 2, 0, 1, 0, 1, 1]|[1, 3, 0, 2, 4, 1, 4, 0, 2, 4, 3, 2, 1, 0, 2, 1, 1, 1, 2, 1, 2, 3, 0, 1, 0, 1, 1, 4, 1, 0, 3, 2, 2, 3, 4, 1, 1, 4, 0, 1, 2, 2, 4, 4, 1, 1, 0, 2, 3, 1, 2, 1, 2, 1, 1, 2, 0, 3, 0, 2, 2, 3, 1, 2, 1, 0, 4, 0, 0, 4, 1, 3, 4, 1, 2, 4, 0, 1, 3, 1, 2, 4, 2, 0, 3, 2, 3, 2, 2, 1, 1, 0, 4, 3, 2, 1, 3, 0, 4, 4]|[1, 2, 0, 1, 3, 0, 1, 0, 0, 0, 2, 0, 1, 0, 1, 0, 0, 0, 1, 0, 0, 2, 0, 0, 0, 0, 0, 3, 0, 1, 0, 2, 0, 0, 3, 0, 1, 3, 1, 0, 0, 1, 1, 3, 0, 0, 1, 0, 2, 0, 0, 0, 0, 0, 1, 0, 0, 0, 1, 1, 0, 2, 0, 0, 0, 1, 2, 1, 1, 2, 0, 0, 1, 0, 0, 2, 0, 0, 3, 0, 1, 2, 1, 0, 0, 0, 0, 0, 0, 1, 0, 0, 1, 0, 1, 0, 0, 1, 1, 3],872.1255365416955,55453.61021867931,121593.07526808116,false
4,G2_TEC,G2_TEC,[31, 22, 82, 15, 26, 9, 90, 42, 77, 4, 79, 5, 93, 78, 86, 54, 85, 63, 18, 44, 20, 49, 36, 14, 48, 50, 53, 17, 21, 45, 71, 64, 3, 23, 30, 83, 24, 41, 60, 52, 65, 27, 95, 70, 39, 87, 74, 69, 99, 68, 46, 1, 38, 58, 97, 59, 28, 8, 73, 37, 35, 47, 11, 66, 76, 57, 72, 16, 92, 6, 80, 61, 33, 98, 32, 34, 51, 67, 10, 7, 56, 43, 62, 19, 91, 13, 29, 96, 0, 81, 75, 40, 2, 55, 25, 88, 12, 94, 89, 84]|[2, 1, 2, 1, 1, 2, 2, 0, 1, 1, 1, 0, 2, 2, 1, 2, 0, 0, 0, 2, 2, 1, 0, 2, 2, 2, 2, 1, 0, 1, 1, 1, 0, 0, 1, 0, 2, 1, 2, 2, 0, 1, 1, 1, 0, 2, 0, 2, 1, 0, 0, 2, 2, 0, 2, 0, 2, 1, 0, 0, 2, 1, 0, 2, 2, 0, 1, 1, 0, 0, 2, 1, 1, 0, 0, 1, 0, 0, 1, 2, 2, 1, 0, 2, 1, 0, 1, 0, 0, 1, 2, 2, 2, 1, 1, 1, 1, 1, 1, 0]|[0, 3, 0, 2, 4, 1, 1, 0, 2, 4, 3, 2, 1, 0, 2, 1, 1, 1, 2, 1, 2, 3, 0, 1, 0, 1, 1, 4, 1, 0, 3, 2, 2, 0, 4, 1, 1, 4, 0, 1, 2, 2, 4, 4, 1, 1, 0, 2, 3, 1, 2, 1, 2, 1, 1, 2, 0, 3, 0, 2, 2, 3, 1, 0, 1, 2, 4, 0, 0, 1, 1, 3, 4, 1, 2, 4, 0, 1, 3, 1, 0, 4, 0, 0, 3, 2, 3, 2, 2, 1, 2, 0, 1, 3, 4, 4, 3, 4, 4, 2]|[0, 2, 0, 1, 3, 0, 0, 0, 0, 0, 2, 0, 1, 0, 1, 0, 0, 0, 1, 0, 0, 2, 0, 0, 0, 0, 0, 3, 0, 1, 0, 2, 0, 0, 3, 0, 1, 3, 1, 0, 0, 1, 1, 3, 0, 0, 1, 0, 2, 0, 0, 0, 0, 0, 1, 0, 0, 0, 1, 1, 0, 2, 0, 0, 0, 1, 2, 1, 1, 0, 0, 0, 1, 0, 0, 2, 0, 0, 3, 0, 0, 2, 0, 0, 0, 0, 0, 0, 0, 1, 1, 0, 0, 0, 3, 1, 0, 2, 1, 1],955.8733926004294,54536.65158988291,128477.30564999962,false
4,G3_TWC,G3_TWC,[31, 22, 82, 15, 26, 9, 95, 42, 77, 12, 47, 5, 93, 78, 86, 54, 85, 63, 18, 44, 20, 35, 43, 97, 91, 76, 10, 30, 21, 45, 71, 64, 1, 23, 17, 83, 24, 41, 60, 36, 6, 57, 40, 88, 65, 56, 79, 69, 67, 68, 46, 75, 38, 58, 19, 32, 81, 48, 27, 62, 87, 90, 99, 59, 11, 16, 72, 73, 70, 39, 37, 84, 50, 92, 25, 55, 28, 51, 29, 7, 33, 61, 96, 14, 89, 3, 66, 98, 80, 53, 8, 2, 34, 4, 52, 49, 0, 94, 74, 13]|[1, 1, 0, 1, 1, 0, 1, 2, 2, 1, 2, 2, 2, 1, 1, 0, 0, 1, 0, 2, 2, 0, 1, 2, 0, 1, 2, 2, 0, 0, 1, 2, 1, 2, 1, 0, 2, 0, 1, 1, 0, 1, 1, 1, 0, 2, 1, 2, 0, 0, 0, 0, 1, 1, 2, 1, 2, 1, 0, 0, 2, 1, 0, 1, 2, 1, 2, 1, 1, 1, 0, 1, 0, 0, 1, 1, 0, 0, 0, 1, 0, 1, 0, 0, 1, 1, 2, 0, 0, 0, 1, 0, 2, 1, 2, 0, 0, 1, 2, 0]|[4, 3, 2, 2, 4, 1, 2, 2, 2, 4, 0, 1, 2, 4, 4, 1, 2, 4, 2, 1, 1, 1, 1, 2, 1, 2, 1, 1, 1, 1, 3, 2, 3, 0, 4, 0, 1, 1, 0, 3, 2, 2, 2, 0, 1, 1, 0, 2, 0, 1, 2, 2, 1, 0, 0, 3, 2, 4, 1, 2, 2, 3, 1, 1, 1, 3, 0, 4, 3, 1, 1, 1, 1, 0, 4, 4, 2, 1, 1, 1, 2, 3, 1, 1, 1, 1, 0, 1, 1, 2, 3, 2, 1, 4, 1, 1, 2, 4, 1, 2]|[0, 2, 1, 1, 3, 0, 1, 0, 0, 0, 0, 0, 1, 0, 1, 0, 0, 3, 1, 0, 0, 0, 3, 1, 0, 2, 0, 0, 0, 1, 0, 0, 0, 0, 3, 0, 1, 0, 0, 2, 1, 1, 1, 0, 0, 0, 0, 0, 1, 0, 0, 0, 1, 3, 0, 0, 1, 2, 0, 1, 0, 2, 0, 1, 0, 2, 1, 0, 0, 1, 0, 3, 0, 1, 3, 3, 1, 0, 0, 2, 1, 0, 0, 0, 1, 1, 0, 0, 0, 1, 2, 0, 0, 0, 0, 1, 0, 2, 0, 0],828.4845943742912,57341.945770192586,102652.40208809491,false
4,G1_CMAX,G1_CMAX,[31, 95, 9, 15, 82, 22, 42, 77, 26, 8, 47, 5, 93, 86, 78, 45, 80, 18, 44, 20, 63, 43, 97, 91, 76, 10, 30, 71, 64, 1, 14, 17, 83, 24, 41, 60, 36, 6, 57, 40, 88, 62, 75, 79, 67, 68, 85, 46, 56, 38, 58, 19, 32, 81, 69, 48, 27, 65, 90, 99, 59, 34, 16, 72, 73, 29, 39, 98, 84, 3, 92, 25, 55, 28, 51, 61, 7, 96, 74, 70, 33, 87, 54, 21, 50, 66, 35, 12, 53, 23, 2, 11, 4, 89, 52, 49, 0, 94, 37, 13]|[2, 1, 0, 1, 0, 1, 2, 1, 1, 1, 2, 2, 2, 1, 1, 0, 0, 0, 2, 2, 0, 1, 2, 0, 1, 2, 2, 1, 2, 1, 2, 2, 0, 2, 1, 1, 1, 0, 1, 2, 1, 0, 2, 1, 0, 0, 0, 2, 2, 1, 1, 2, 1, 2, 2, 1, 0, 0, 1, 0, 1, 2, 1, 2, 1, 1, 1, 0, 1, 1, 0, 1, 1, 1, 0, 1, 1, 1, 2, 1, 2, 0, 0, 0, 0, 2, 0, 1, 0, 2, 0, 2, 1, 1, 2, 0, 0, 1, 0, 0]|[1, 3, 2, 4, 1, 2, 2, 1, 0, 4, 0, 1, 2, 4, 4, 1, 1, 2, 1, 1, 1, 1, 2, 1, 2, 1, 1, 3, 2, 3, 0, 1, 1, 1, 4, 0, 3, 2, 2, 0, 0, 2, 1, 0, 0, 1, 2, 1, 1, 1, 0, 0, 3, 2, 2, 4, 1, 1, 3, 1, 2, 1, 3, 0, 4, 3, 0, 0, 1, 1, 0, 0, 4, 4, 1, 3, 1, 3, 0, 1, 2, 2, 1, 1, 1, 0, 1, 4, 2, 0, 2, 1, 4, 1, 1, 1, 2, 4, 1, 2]|[1, 3, 1, 0, 0, 1, 0, 2, 3, 2, 0, 0, 1, 1, 1, 0, 0, 1, 0, 0, 0, 3, 1, 0, 2, 0, 0, 0, 0, 0, 1, 0, 0, 1, 3, 0, 2, 1, 1, 0, 0, 1, 0, 0, 1, 0, 0, 0, 0, 1, 3, 0, 0, 1, 0, 2, 0, 0, 2, 0, 1, 0, 2, 1, 0, 0, 1, 0, 3, 1, 1, 3, 3, 1, 0, 0, 2, 2, 0, 3, 0, 1, 0, 0, 0, 0, 1, 3, 1, 0, 0, 0, 0, 1, 0, 1, 0, 2, 0, 0],760.3905621193804,59720.61998542996,105098.40235927113,false
4,G4_BALANCED,G3_TWC,[31, 22, 82, 15, 26, 9, 95, 42, 77, 12, 47, 5, 93, 78, 86, 54, 85, 63, 18, 44, 20, 35, 43, 97, 91, 76, 10, 30, 21, 45, 71, 64, 1, 23, 17, 83, 24, 41, 60, 36, 6, 57, 40, 88, 65, 56, 79, 69, 67, 68, 46, 75, 38, 58, 19, 32, 81, 48, 27, 62, 87, 90, 99, 59, 11, 16, 72, 73, 70, 39, 51, 84, 3, 92, 25, 55, 28, 37, 29, 7, 33, 61, 96, 14, 52, 50, 66, 98, 80, 53, 8, 2, 34, 4, 89, 49, 0, 94, 74, 13]|[1, 1, 0, 1, 1, 0, 1, 2, 2, 1, 2, 2, 2, 1, 1, 0, 0, 1, 0, 2, 2, 0, 1, 2, 0, 1, 2, 2, 0, 0, 1, 2, 1, 2, 1, 0, 2, 0, 1, 1, 0, 1, 1, 1, 0, 2, 1, 2, 0, 0, 0, 0, 1, 1, 2, 1, 2, 1, 0, 0, 2, 1, 0, 1, 2, 1, 2, 1, 1, 1, 0, 1, 1, 0, 1, 1, 0, 0, 0, 1, 0, 1, 0, 0, 1, 0, 2, 0, 0, 0, 1, 0, 2, 1, 1, 0, 0, 1, 2, 0]|[4, 3, 2, 2, 4, 1, 2, 2, 2, 4, 0, 1, 2, 4, 4, 1, 2, 4, 2, 1, 1, 1, 1, 2, 1, 2, 1, 1, 1, 1, 3, 2, 3, 0, 4, 0, 1, 1, 0, 3, 2, 2, 2, 0, 1, 1, 0, 2, 0, 1, 2, 2, 1, 0, 0, 3, 2, 4, 1, 2, 2, 3, 1, 1, 1, 3, 0, 4, 3, 1, 1, 1, 1, 0, 4, 4, 2, 1, 1, 1, 2, 3, 1, 1, 1, 1, 0, 1, 1, 2, 3, 2, 1, 4, 1, 1, 2, 4, 1, 2]|[0, 2, 1, 1, 3, 0, 1, 0, 0, 0, 0, 0, 1, 0, 1, 0, 0, 3, 1, 0, 0, 0, 3, 1, 0, 2, 0, 0, 0, 1, 0, 0, 0, 0, 3, 0, 1, 0, 0, 2, 1, 1, 1, 0, 0, 0, 0, 0, 1, 0, 0, 0, 1, 3, 0, 0, 1, 2, 0, 1, 0, 2, 0, 1, 0, 2, 1, 0, 0, 1, 0, 3, 1, 1, 3, 3, 1, 0, 0, 2, 1, 0, 0, 0, 1, 0, 0, 0, 0, 1, 2, 0, 0, 0, 1, 1, 0, 2, 0, 0],833.0987955738995,57729.603793387556,101655.48813010713,true
4,G2_TEC,G2_TEC,[31, 22, 82, 15, 26, 9, 90, 42, 77, 4, 79, 5, 93, 78, 86, 54, 85, 63, 18, 44, 20, 49, 36, 14, 48, 50, 53, 17, 21, 45, 71, 64, 3, 23, 30, 83, 24, 41, 60, 52, 65, 27, 95, 70, 39, 87, 74, 69, 99, 68, 46, 1, 38, 58, 97, 59, 28, 8, 73, 37, 35, 47, 11, 66, 76, 57, 72, 16, 92, 6, 80, 61, 33, 98, 32, 34, 51, 67, 10, 7, 56, 43, 62, 19, 91, 13, 29, 96, 0, 81, 75, 40, 2, 55, 25, 88, 12, 94, 89, 84]|[2, 1, 2, 1, 1, 2, 2, 0, 1, 1, 1, 0, 2, 2, 1, 2, 0, 0, 0, 2, 2, 1, 0, 2, 2, 2, 2, 1, 0, 1, 1, 1, 0, 0, 1, 0, 2, 1, 2, 2, 0, 1, 1, 1, 0, 2, 0, 2, 1, 0, 0, 2, 2, 0, 2, 0, 2, 1, 0, 0, 2, 1, 0, 2, 2, 0, 1, 1, 0, 0, 2, 1, 1, 0, 0, 1, 0, 0, 1, 2, 2, 1, 0, 2, 1, 0, 1, 0, 0, 1, 2, 2, 2, 1, 1, 1, 1, 1, 1, 0]|[0, 3, 0, 2, 4, 1, 1, 0, 2, 4, 3, 2, 1, 0, 2, 1, 1, 1, 2, 1, 2, 3, 0, 1, 0, 1, 1, 4, 1, 0, 3, 2, 2, 0, 4, 1, 1, 4, 0, 1, 2, 2, 4, 4, 1, 1, 0, 2, 3, 1, 2, 1, 2, 1, 1, 2, 0, 3, 0, 2, 2, 3, 1, 0, 1, 2, 4, 0, 0, 1, 1, 3, 4, 1, 2, 4, 0, 1, 3, 1, 0, 4, 0, 0, 3, 2, 3, 2, 2, 1, 2, 0, 1, 3, 4, 4, 3, 4, 4, 2]|[0, 2, 0, 1, 3, 0, 0, 0, 0, 0, 2, 0, 1, 0, 1, 0, 0, 0, 1, 0, 0, 2, 0, 0, 0, 0, 0, 3, 0, 1, 0, 2, 0, 0, 3, 0, 1, 3, 1, 0, 0, 1, 1, 3, 0, 0, 1, 0, 2, 0, 0, 0, 0, 0, 1, 0, 0, 0, 1, 1, 0, 2, 0, 0, 0, 1, 2, 1, 1, 0, 0, 0, 1, 0, 0, 2, 0, 0, 3, 0, 0, 2, 0, 0, 0, 0, 0, 0, 0, 1, 1, 0, 0, 0, 3, 1, 0, 2, 1, 1],955.8733926004294,54536.65158988291,128477.30564999962,false
4,G3_TWC,G1_CMAX,[31, 22, 82, 15, 67, 9, 95, 42, 77, 12, 47, 5, 93, 78, 37, 54, 85, 63, 18, 44, 20, 35, 43, 97, 91, 76, 10, 30, 21, 45, 61, 64, 1, 23, 17, 83, 24, 41, 60, 36, 6, 57, 40, 88, 65, 56, 79, 69, 26, 68, 46, 75, 38, 58, 19, 32, 81, 48, 27, 62, 87, 90, 99, 59, 11, 16, 72, 73, 70, 39, 86, 84, 3, 92, 25, 55, 28, 51, 29, 7, 33, 74, 96, 98, 53, 50, 66, 80, 8, 89, 14, 2, 34, 4, 52, 49, 0, 94, 71, 13]|[1, 1, 0, 1, 1, 0, 1, 2, 2, 1, 2, 2, 2, 1, 1, 0, 0, 0, 0, 2, 2, 0, 1, 2, 0, 1, 2, 2, 0, 0, 1, 2, 1, 2, 1, 0, 2, 1, 1, 1, 0, 1, 1, 1, 0, 2, 1, 2, 0, 0, 0, 0, 1, 1, 2, 1, 2, 1, 0, 0, 2, 1, 0, 1, 2, 1, 2, 1, 1, 1, 0, 2, 1, 0, 1, 1, 1, 0, 0, 1, 0, 2, 0, 0, 0, 0, 2, 0, 1, 1, 0, 0, 2, 1, 2, 0, 0, 1, 2, 0]|[4, 3, 2, 2, 4, 1, 2, 2, 1, 4, 0, 1, 2, 4, 4, 1, 2, 1, 2, 1, 1, 1, 1, 2, 1, 2, 1, 1, 1, 1, 3, 2, 3, 0, 4, 0, 1, 4, 0, 3, 2, 2, 2, 0, 1, 1, 0, 2, 0, 1, 2, 2, 1, 0, 0, 3, 2, 4, 1, 2, 2, 3, 1, 1, 1, 3, 0, 4, 3, 0, 1, 1, 1, 0, 4, 4, 4, 1, 1, 1, 2, 1, 1, 1, 2, 1, 0, 1, 3, 1, 2, 2, 1, 4, 1, 1, 2, 4, 1, 2]|[0, 2, 1, 1, 3, 0, 1, 0, 0, 0, 0, 0, 1, 0, 1, 0, 0, 0, 1, 0, 0, 0, 3, 1, 0, 2, 0, 0, 0, 1, 0, 0, 0, 0, 3, 0, 1, 3, 0, 2, 1, 1, 1, 0, 0, 0, 0, 0, 1, 0, 0, 0, 1, 3, 0, 0, 1, 2, 0, 1, 0, 2, 0, 1, 0, 2, 1, 0, 0, 1, 0, 0, 1, 1, 3, 3, 1, 0, 0, 2, 1, 0, 0, 0, 1, 0, 0, 0, 2, 1, 0, 0, 0, 0, 0, 1, 0, 2, 0, 0],832.4570253481864,56752.10626903946,106142.10157667361,true
5,G1_CMAX,G4_BALANCED,[31, 22, 82, 15, 26, 9, 95, 42, 77, 12, 47, 5, 93, 78, 86, 54, 85, 63, 18, 44, 20, 35, 43, 97, 91, 76, 10, 30, 21, 45, 61, 64, 1, 23, 17, 83, 24, 41, 60, 36, 6, 57, 40, 88, 65, 56, 79, 69, 67, 68, 46, 75, 38, 58, 19, 32, 81, 48, 27, 62, 87, 90, 99, 59, 11, 16, 72, 73, 70, 89, 37, 84, 3, 92, 25, 55, 28, 51, 29, 7, 96, 74, 98, 14, 39, 80, 33, 8, 50, 53, 66, 2, 34, 4, 52, 49, 0, 94, 71, 13]|[1, 1, 0, 1, 1, 0, 1, 2, 2, 1, 2, 2, 2, 1, 1, 0, 0, 0, 0, 2, 2, 0, 1, 2, 0, 1, 2, 2, 0, 0, 1, 2, 1, 2, 1, 0, 2, 1, 1, 1, 0, 1, 1, 1, 0, 2, 1, 2, 0, 0, 0, 0, 1, 1, 2, 1, 2, 1, 0, 0, 2, 1, 0, 1, 2, 1, 2, 1, 1, 1, 0, 1, 1, 0, 1, 1, 1, 0, 1, 1, 0, 2, 0, 0, 1, 0, 0, 1, 0, 0, 2, 0, 2, 1, 2, 0, 0, 1, 2, 0]|[4, 3, 2, 2, 4, 1, 2, 2, 1, 4, 0, 1, 2, 4, 4, 1, 2, 1, 2, 1, 1, 1, 1, 2, 1, 2, 1, 1, 1, 1, 1, 2, 3, 0, 4, 0, 1, 4, 0, 3, 2, 2, 2, 0, 1, 1, 0, 2, 0, 1, 2, 2, 1, 0, 0, 3, 1, 4, 1, 2, 2, 3, 1, 1, 1, 3, 0, 4, 3, 1, 1, 1, 1, 0, 4, 4, 4, 1, 3, 1, 1, 1, 1, 1, 1, 1, 2, 3, 1, 2, 0, 2, 1, 4, 1, 1, 2, 4, 1, 2]|[0, 2, 1, 1, 3, 0, 1, 0, 0, 0, 0, 0, 1, 0, 1, 0, 0, 0, 1, 0, 0, 0, 3, 1, 0, 2, 0, 0, 0, 1, 3, 0, 0, 0, 3, 0, 1, 3, 0, 2, 1, 1, 1, 0, 0, 0, 0, 0, 1, 0, 0, 0, 1, 3, 0, 0, 0, 2, 0, 1, 0, 2, 0, 1, 0, 2, 1, 0, 0, 1, 0, 3, 1, 1, 3, 3, 1, 0, 0, 2, 0, 0, 0, 0, 1, 0, 1, 2, 0, 1, 0, 0, 0, 0, 0, 1, 0, 2, 0, 0],798.2126290544513,57216.69429393091,107378.5910362429,true
5,G4_BALANCED,G4_BALANCED,[31, 22, 82, 15, 26, 9, 95, 42, 77, 12, 47, 5, 93, 78, 86, 54, 85, 63, 18, 44, 20, 35, 43, 97, 91, 76, 10, 30, 21, 45, 61, 64, 1, 23, 17, 83, 24, 41, 60, 36, 6, 57, 40, 88, 65, 56, 79, 69, 67, 68, 46, 75, 38, 58, 19, 32, 81, 48, 27, 62, 87, 90, 99, 59, 11, 16, 72, 73, 70, 89, 37, 84, 3, 92, 25, 55, 28, 51, 29, 7, 96, 74, 33, 14, 39, 50, 66, 98, 80, 53, 8, 2, 34, 4, 52, 49, 0, 94, 71, 13]|[1, 1, 0, 1, 1, 0, 1, 2, 2, 1, 2, 2, 2, 1, 1, 0, 0, 0, 0, 2, 2, 0, 1, 2, 0, 1, 2, 2, 0, 0, 1, 2, 1, 2, 1, 0, 2, 1, 1, 1, 0, 1, 1, 1, 0, 2, 1, 2, 0, 0, 0, 0, 1, 1, 2, 1, 2, 1, 0, 0, 2, 1, 0, 1, 2, 1, 2, 1, 1, 1, 0, 1, 1, 0, 1, 1, 1, 0, 1, 1, 0, 2, 0, 0, 1, 0, 2, 2, 0, 0, 1, 0, 2, 1, 2, 0, 0, 1, 2, 0]|[4, 3, 2, 2, 4, 1, 2, 2, 1, 4, 0, 1, 2, 4, 4, 1, 2, 1, 2, 1, 1, 1, 1, 2, 1, 2, 1, 1, 1, 1, 3, 2, 3, 0, 4, 0, 1, 4, 0, 3, 2, 2, 2, 0, 1, 1, 0, 2, 0, 1, 2, 2, 1, 0, 0, 3, 1, 4, 1, 2, 2, 3, 1, 1, 1, 3, 0, 4, 3, 1, 1, 1, 1, 0, 4, 4, 4, 1, 3, 1, 1, 1, 1, 2, 1, 1, 0, 0, 1, 2, 3, 2, 1, 4, 1, 1, 2, 4, 1, 2]|[0, 2, 1, 1, 3, 0, 1, 0, 0, 0, 0, 0, 1, 0, 1, 0, 0, 0, 1, 0, 0, 0, 3, 1, 0, 2, 0, 0, 0, 1, 0, 0, 0, 0, 3, 0, 1, 3, 0, 2, 1, 1, 1, 0, 0, 0, 0, 0, 1, 0, 0, 0, 1, 3, 0, 0, 0, 2, 0, 1, 0, 2, 0, 1, 0, 2, 1, 0, 0, 1, 0, 3, 1, 1, 3, 3, 1, 0, 0, 2, 0, 0, 0, 0, 1, 0, 0, 0, 0, 1, 2, 0, 0, 0, 0, 1, 0, 2, 0, 0],787.5286629220103,56961.28701465638,109464.63670148456,false
5,G2_TEC,G2_TEC,[31, 22, 82, 15, 26, 9, 90, 42, 77, 4, 79, 5, 93, 78, 86, 54, 85, 63, 18, 44, 20, 49, 36, 14, 48, 50, 53, 17, 21, 45, 71, 64, 3, 23, 30, 83, 24, 41, 60, 52, 65, 27, 95, 70, 39, 87, 74, 69, 99, 68, 46, 1, 38, 58, 97, 59, 28, 8, 73, 37, 35, 47, 11, 66, 76, 57, 72, 16, 92, 6, 80, 61, 33, 98, 32, 34, 51, 67, 10, 7, 56, 43, 62, 19, 91, 13, 29, 96, 0, 81, 75, 40, 2, 55, 25, 88, 12, 94, 89, 84]|[2, 1, 2, 1, 1, 2, 2, 0, 1, 1, 1, 0, 2, 2, 1, 2, 0, 0, 0, 2, 2, 1, 0, 2, 2, 2, 2, 1, 0, 1, 1, 1, 0, 0, 1, 0, 2, 1, 2, 2, 0, 1, 1, 1, 0, 2, 0, 2, 1, 0, 0, 2, 2, 0, 2, 0, 2, 1, 0, 0, 2, 1, 0, 2, 2, 0, 1, 1, 0, 0, 2, 1, 1, 0, 0, 1, 0, 0, 1, 2, 2, 1, 0, 2, 1, 0, 1, 0, 0, 1, 2, 2, 2, 1, 1, 1, 1, 1, 1, 0]|[0, 3, 0, 2, 4, 1, 1, 0, 2, 4, 3, 2, 1, 0, 2, 1, 1, 1, 2, 1, 2, 3, 0, 1, 0, 1, 1, 4, 1, 0, 3, 2, 2, 0, 4, 1, 1, 4, 0, 1, 2, 2, 4, 4, 1, 1, 0, 2, 3, 1, 2, 1, 2, 1, 1, 2, 0, 3, 0, 2, 2, 3, 1, 0, 1, 2, 4, 0, 0, 1, 1, 3, 4, 1, 2, 4, 0, 1, 3, 1, 0, 4, 0, 0, 3, 2, 3, 2, 2, 1, 2, 0, 1, 3, 4, 4, 3, 4, 4, 2]|[0, 2, 0, 1, 3, 0, 0, 0, 0, 0, 2, 0, 1, 0, 1, 0, 0, 0, 1, 0, 0, 2, 0, 0, 0, 0, 0, 3, 0, 1, 0, 2, 0, 0, 3, 0, 1, 3, 1, 0, 0, 1, 1, 3, 0, 0, 1, 0, 2, 0, 0, 0, 0, 0, 1, 0, 0, 0, 1, 1, 0, 2, 0, 0, 0, 1, 2, 1, 1, 0, 0, 0, 1, 0, 0, 2, 0, 0, 3, 0, 0, 2, 0, 0, 0, 0, 0, 0, 0, 1, 1, 0, 0, 0, 3, 1, 0, 2, 1, 1],955.8733926004294,54536.65158988291,128477.30564999962,false
5,G3_TWC,G1_CMAX,[31, 22, 82, 15, 67, 9, 95, 42, 77, 12, 47, 5, 93, 78, 37, 54, 85, 63, 18, 44, 20, 35, 43, 97, 91, 76, 10, 30, 21, 45, 61, 64, 1, 23, 17, 83, 24, 41, 60, 36, 6, 57, 40, 88, 65, 56, 79, 69, 26, 68, 46, 75, 38, 58, 19, 32, 81, 48, 27, 62, 87, 90, 99, 59, 11, 16, 72, 73, 70, 39, 86, 84, 3, 92, 25, 55, 28, 51, 29, 7, 33, 74, 96, 98, 53, 50, 66, 80, 8, 89, 14, 2, 34, 4, 52, 49, 0, 94, 71, 13]|[1, 1, 0, 1, 1, 0, 1, 2, 2, 1, 2, 2, 2, 1, 1, 0, 0, 0, 0, 2, 2, 0, 1, 2, 0, 1, 2, 2, 0, 0, 1, 2, 1, 2, 1, 0, 2, 1, 1, 1, 0, 1, 1, 1, 0, 2, 1, 2, 0, 0, 0, 0, 1, 1, 2, 1, 2, 1, 0, 0, 2, 1, 0, 1, 2, 1, 2, 1, 1, 1, 0, 2, 1, 0, 1, 1, 1, 0, 0, 1, 0, 2, 0, 0, 0, 0, 2, 0, 1, 1, 0, 0, 2, 1, 2, 0, 0, 1, 2, 0]|[4, 3, 2, 2, 4, 1, 2, 2, 1, 4, 0, 1, 2, 4, 4, 1, 2, 1, 2, 1, 1, 1, 1, 2, 1, 2, 1, 1, 1, 1, 3, 2, 3, 0, 4, 0, 1, 4, 0, 3, 2, 2, 2, 0, 1, 1, 0, 2, 0, 1, 2, 2, 1, 0, 0, 3, 2, 4, 1, 2, 2, 3, 1, 1, 1, 3, 0, 4, 3, 0, 1, 1, 1, 0, 4, 4, 4, 1, 1, 1, 2, 1, 1, 1, 2, 1, 0, 1, 3, 1, 2, 2, 1, 4, 1, 1, 2, 4, 1, 2]|[0, 2, 1, 1, 3, 0, 1, 0, 0, 0, 0, 0, 1, 0, 1, 0, 0, 0, 1, 0, 0, 0, 3, 1, 0, 2, 0, 0, 0, 1, 0, 0, 0, 0, 3, 0, 1, 3, 0, 2, 1, 1, 1, 0, 0, 0, 0, 0, 1, 0, 0, 0, 1, 3, 0, 0, 1, 2, 0, 1, 0, 2, 0, 1, 0, 2, 1, 0, 0, 1, 0, 0, 1, 1, 3, 3, 1, 0, 0, 2, 1, 0, 0, 0, 1, 0, 0, 0, 2, 1, 0, 0, 0, 0, 0, 1, 0, 2, 0, 0],832.4570253481864,56752.10626903946,106142.10157667361,true
5,G1_CMAX,G4_BALANCED,[31, 22, 82, 15, 26, 9, 95, 42, 77, 12, 47, 5, 93, 78, 86, 54, 85, 63, 18, 44, 20, 35, 43, 97, 91, 76, 10, 30, 21, 45, 61, 64, 1, 23, 17, 83, 24, 41, 60, 36, 6, 57, 40, 88, 65, 56, 79, 69, 67, 68, 46, 75, 38, 58, 19, 32, 81, 48, 27, 62, 87, 90, 99, 59, 11, 16, 72, 73, 70, 89, 37, 84, 3, 92, 25, 55, 28, 51, 29, 7, 96, 74, 98, 14, 39, 80, 33, 8, 50, 53, 66, 2, 34, 4, 52, 49, 0, 94, 71, 13]|[1, 1, 0, 1, 1, 0, 1, 2, 2, 1, 2, 2, 2, 1, 1, 0, 0, 0, 0, 2, 2, 0, 1, 2, 0, 1, 2, 2, 0, 0, 1, 2, 1, 2, 1, 0, 2, 1, 1, 1, 0, 1, 1, 1, 0, 2, 1, 2, 0, 0, 0, 0, 1, 1, 2, 1, 2, 1, 0, 0, 2, 1, 0, 1, 2, 1, 2, 1, 1, 1, 0, 1, 1, 0, 1, 1, 1, 0, 1, 1, 0, 2, 0, 0, 1, 0, 0, 1, 0, 0, 2, 0, 2, 1, 2, 0, 0, 1, 2, 0]|[4, 3, 2, 2, 4, 1, 2, 2, 1, 4, 0, 1, 2, 4, 4, 1, 2, 1, 2, 1, 1, 1, 1, 2, 1, 2, 1, 1, 1, 1, 1, 2, 3, 0, 4, 0, 1, 4, 0, 3, 2, 2, 2, 0, 1, 1, 0, 2, 0, 1, 2, 2, 1, 0, 0, 3, 1, 4, 1, 2, 2, 3, 1, 1, 1, 3, 0, 4, 3, 1, 1, 1, 1, 0, 4, 4, 4, 1, 3, 1, 1, 1, 1, 1, 1, 1, 2, 3, 1, 2, 0, 2, 1, 4, 1, 1, 2, 4, 1, 2]|[0, 2, 1, 1, 3, 0, 1, 0, 0, 0, 0, 0, 1, 0, 1, 0, 0, 0, 1, 0, 0, 0, 3, 1, 0, 2, 0, 0, 0, 1, 3, 0, 0, 0, 3, 0, 1, 3, 0, 2, 1, 1, 1, 0, 0, 0, 0, 0, 1, 0, 0, 0, 1, 3, 0, 0, 0, 2, 0, 1, 0, 2, 0, 1, 0, 2, 1, 0, 0, 1, 0, 3, 1, 1, 3, 3, 1, 0, 0, 2, 0, 0, 0, 0, 1, 0, 1, 2, 0, 1, 0, 0, 0, 0, 0, 1, 0, 2, 0, 0],798.2126290544513,57216.69429393091,107378.5910362429,true
5,G4_BALANCED,G4_BALANCED,[31, 22, 82, 15, 26, 9, 90, 42, 77, 4, 47, 5, 93, 78, 86, 54, 85, 63, 18, 44, 20, 49, 36, 14, 48, 50, 53, 17, 21, 45, 71, 64, 3, 23, 30, 83, 24, 41, 60, 52, 65, 27, 95, 70, 39, 87, 74, 69, 99, 68, 46, 1, 38, 58, 97, 59, 28, 8, 73, 37, 35, 79, 11, 66, 76, 57, 72, 16, 92, 6, 80, 61, 33, 98, 32, 34, 51, 67, 10, 7, 56, 43, 62, 19, 91, 13, 29, 96, 0, 81, 2, 40, 88, 55, 25, 89, 12, 94, 75, 84]|[1, 1, 0, 2, 1, 2, 1, 0, 1, 1, 1, 0, 2, 2, 1, 2, 0, 0, 0, 2, 2, 1, 0, 2, 2, 2, 2, 1, 0, 1, 1, 1, 0, 1, 1, 0, 2, 1, 2, 2, 0, 1, 1, 1, 0, 1, 0, 2, 1, 0, 0, 2, 2, 0, 2, 0, 2, 1, 0, 0, 2, 1, 0, 2, 2, 0, 1, 1, 0, 1, 0, 1, 1, 0, 0, 1, 0, 0, 1, 2, 0, 2, 0, 2, 1, 0, 1, 0, 0, 1, 2, 2, 1, 1, 1, 1, 1, 1, 2, 0]|[3, 3, 2, 2, 4, 1, 4, 0, 2, 4, 3, 2, 1, 0, 2, 1, 1, 1, 2, 1, 2, 3, 0, 1, 0, 1, 1, 4, 1, 0, 3, 2, 2, 3, 4, 1, 1, 4, 0, 1, 2, 2, 4, 4, 1, 0, 0, 2, 3, 1, 2, 1, 2, 1, 1, 2, 0, 3, 0, 2, 2, 3, 1, 0, 1, 0, 4, 0, 0, 4, 1, 3, 4, 1, 2, 4, 0, 1, 3, 1, 2, 1, 2, 0, 3, 2, 3, 2, 2, 1, 1, 0, 4, 3, 4, 4, 3, 4, 2, 1]|[2, 2, 1, 0, 3, 0, 1, 0, 0, 0, 2, 0, 1, 0, 1, 0, 0, 0, 1, 0, 0, 2, 0, 0, 0, 0, 0, 3, 0, 1, 0, 2, 0, 0, 3, 0, 1, 3, 1, 0, 0, 1, 1, 3, 0, 0, 1, 0, 2, 0, 0, 0, 0, 0, 1, 0, 0, 0, 1, 1, 0, 2, 0, 0, 0, 1, 2, 1, 1, 2, 0, 0, 1, 0, 0, 2, 0, 0, 3, 0, 1, 0, 1, 0, 0, 0, 0, 0, 0, 1, 0, 0, 1, 0, 3, 1, 0, 2, 1, 0],862.5852121192183,55479.517208510064,123717.62532828261,false
5,G2_TEC,G2_TEC,[31, 22, 82, 15, 26, 9, 90, 42, 77, 4, 79, 5, 93, 78, 86, 54, 85, 63, 18, 44, 20, 49, 36, 14, 48, 50, 53, 17, 21, 45, 71, 64, 3, 23, 30, 83, 24, 41, 60, 52, 65, 27, 95, 70, 39, 87, 74, 69, 99, 68, 46, 1, 38, 58, 97, 59, 28, 8, 73, 37, 35, 47, 11, 66, 76, 57, 72, 16, 92, 6, 80, 61, 33, 98, 32, 34, 51, 67, 10, 7, 56, 43, 62, 19, 91, 13, 29, 96, 0, 81, 75, 40, 2, 55, 25, 88, 12, 94, 89, 84]|[2, 1, 2, 1, 1, 2, 2, 0, 1, 1, 1, 0, 2, 2, 1, 2, 0, 0, 0, 2, 2, 1, 0, 2, 2, 2, 2, 1, 0, 1, 1, 1, 0, 0, 1, 0, 2, 1, 2, 2, 0, 1, 1, 1, 0, 2, 0, 2, 1, 0, 0, 2, 2, 0, 2, 0, 2, 1, 0, 0, 2, 1, 0, 2, 2, 0, 1, 1, 0, 0, 2, 1, 1, 0, 0, 1, 0, 0, 1, 2, 2, 1, 0, 2, 1, 0, 1, 0, 0, 1, 2, 2, 2, 1, 1, 1, 1, 1, 1, 0]|[0, 3, 0, 2, 4, 1, 1, 0, 2, 4, 3, 2, 1, 0, 2, 1, 1, 1, 2, 1, 2, 3, 0, 1, 0, 1, 1, 4, 1, 0, 3, 2, 2, 0, 4, 1, 1, 4, 0, 1, 2, 2, 4, 4, 1, 1, 0, 2, 3, 1, 2, 1, 2, 1, 1, 2, 0, 3, 0, 2, 2, 3, 1, 0, 1, 2, 4, 0, 0, 1, 1, 3, 4, 1, 2, 4, 0, 1, 3, 1, 0, 4, 0, 0, 3, 2, 3, 2, 2, 1, 2, 0, 1, 3, 4, 4, 3, 4, 4, 2]|[0, 2, 0, 1, 3, 0, 0, 0, 0, 0, 2, 0, 1, 0, 1, 0, 0, 0, 1, 0, 0, 2, 0, 0, 0, 0, 0, 3, 0, 1, 0, 2, 0, 0, 3, 0, 1, 3, 1, 0, 0, 1, 1, 3, 0, 0, 1, 0, 2, 0, 0, 0, 0, 0, 1, 0, 0, 0, 1, 1, 0, 2, 0, 0, 0, 1, 2, 1, 1, 0, 0, 0, 1, 0, 0, 2, 0, 0, 3, 0, 0, 2, 0, 0, 0, 0, 0, 0, 0, 1, 1, 0, 0, 0, 3, 1, 0, 2, 1, 1],955.8733926004294,54536.65158988291,128477.30564999962,false
5,G3_TWC,G3_TWC,[31, 22, 82, 15, 26, 9, 95, 42, 77, 12, 47, 5, 93, 78, 86, 54, 85, 63, 18, 44, 20, 35, 43, 97, 91, 76, 10, 30, 21, 45, 71, 64, 1, 23, 17, 83, 24, 41, 60, 36, 6, 57, 40, 88, 65, 56, 79, 69, 67, 68, 46, 75, 38, 58, 19, 32, 81, 48, 27, 62, 87, 90, 99, 59, 11, 16, 72, 73, 70, 39, 37, 84, 3, 92, 25, 55, 28, 51, 29, 7, 33, 74, 96, 98, 53, 50, 66, 80, 8, 89, 14, 2, 34, 4, 52, 49, 0, 94, 61, 13]|[1, 1, 0, 1, 1, 0, 1, 2, 2, 1, 2, 2, 2, 1, 1, 0, 0, 1, 0, 2, 2, 0, 1, 2, 0, 1, 2, 2, 0, 0, 1, 2, 1, 0, 1, 0, 2, 0, 1, 1, 0, 1, 1, 1, 0, 2, 1, 2, 0, 0, 0, 0, 1, 1, 2, 1, 2, 1, 0, 0, 2, 1, 0, 1, 2, 1, 2, 1, 1, 1, 0, 1, 1, 0, 1, 1, 0, 0, 0, 1, 0, 2, 0, 0, 0, 0, 2, 0, 1, 1, 0, 0, 2, 1, 2, 0, 0, 1, 1, 0]|[4, 3, 2, 2, 4, 1, 2, 2, 1, 4, 0, 1, 2, 4, 4, 1, 2, 4, 2, 1, 1, 1, 1, 2, 1, 2, 1, 1, 1, 1, 3, 2, 3, 0, 4, 0, 1, 1, 0, 3, 2, 2, 2, 0, 1, 1, 0, 2, 0, 1, 2, 2, 1, 0, 0, 3, 2, 4, 1, 2, 2, 3, 1, 1, 1, 3, 0, 4, 3, 0, 1, 1, 1, 0, 4, 4, 2, 1, 1, 1, 2, 0, 1, 1, 2, 1, 1, 1, 3, 1, 1, 2, 1, 4, 1, 1, 2, 4, 3, 2]|[0, 2, 1, 1, 3, 0, 1, 0, 0, 0, 0, 0, 1, 0, 1, 0, 0, 3, 1, 0, 0, 0, 3, 1, 0, 2, 0, 0, 0, 1, 0, 0, 0, 0, 3, 0, 1, 0, 0, 2, 1, 1, 1, 0, 0, 0, 0, 0, 1, 0, 0, 0, 1, 3, 0, 0, 1, 2, 0, 1, 0, 2, 0, 1, 0, 2, 1, 0, 0, 1, 0, 3, 1, 1, 3, 3, 1, 0, 0, 2, 1, 0, 0, 0, 1, 0, 0, 0, 2, 1, 0, 0, 0, 0, 0, 1, 0, 2, 0, 0],873.4893786211098,57415.33017963518,102573.26498177616,false
5,G1_CMAX,G1_CMAX,[31, 95, 9, 15, 82, 22, 42, 77, 41, 24, 83, 17, 14, 1, 64, 71, 30, 10, 76, 91, 97, 43, 63, 20, 44, 18, 80, 45, 86, 78, 93, 5, 47, 8, 26, 36, 6, 57, 40, 88, 75, 65, 56, 79, 69, 68, 35, 46, 23, 38, 62, 58, 19, 32, 81, 48, 99, 37, 39, 61, 73, 72, 16, 11, 59, 27, 90, 87, 54, 21, 84, 3, 60, 92, 25, 55, 28, 51, 29, 7, 33, 70, 98, 67, 89, 50, 66, 96, 85, 53, 12, 4, 34, 2, 52, 49, 0, 94, 74, 13]|[1, 1, 0, 1, 0, 1, 1, 2, 1, 2, 0, 2, 0, 1, 0, 1, 2, 1, 1, 0, 2, 1, 2, 2, 2, 0, 0, 0, 1, 1, 2, 2, 2, 1, 1, 1, 0, 1, 1, 1, 1, 0, 2, 1, 2, 0, 0, 0, 2, 1, 1, 1, 2, 1, 2, 1, 0, 0, 1, 1, 1, 2, 1, 2, 1, 0, 1, 2, 0, 0, 1, 1, 1, 0, 1, 1, 1, 0, 0, 1, 0, 1, 0, 0, 1, 0, 2, 0, 0, 0, 1, 1, 1, 0, 2, 0, 0, 2, 2, 0]|[3, 0, 2, 4, 1, 3, 4, 2, 4, 1, 1, 1, 1, 3, 1, 3, 1, 2, 2, 1, 2, 1, 1, 1, 1, 2, 2, 1, 4, 4, 2, 1, 0, 4, 4, 3, 2, 2, 3, 0, 2, 1, 1, 0, 2, 1, 1, 2, 0, 1, 2, 0, 0, 3, 2, 4, 1, 1, 0, 3, 4, 0, 3, 1, 2, 1, 3, 2, 1, 1, 1, 1, 0, 0, 4, 4, 4, 1, 1, 1, 2, 1, 1, 0, 1, 1, 0, 1, 1, 2, 3, 4, 0, 2, 1, 1, 2, 0, 0, 2]|[1, 3, 1, 0, 0, 2, 1, 0, 3, 1, 0, 0, 0, 0, 0, 0, 0, 2, 2, 0, 1, 3, 0, 0, 0, 1, 0, 0, 1, 0, 1, 0, 0, 0, 3, 2, 1, 1, 2, 0, 1, 0, 0, 0, 0, 0, 1, 0, 0, 1, 1, 3, 0, 0, 1, 2, 0, 0, 1, 0, 0, 1, 2, 0, 1, 0, 2, 0, 0, 0, 3, 1, 0, 1, 3, 3, 1, 0, 0, 2, 1, 3, 0, 1, 1, 0, 0, 0, 0, 1, 2, 0, 3, 0, 0, 1, 0, 1, 0, 0],754.7986916891765,59644.33611882997,103098.36120490318,false
5,G4_BALANCED,G2_TEC,[31, 22, 82, 15, 26, 9, 95, 42, 77, 4, 47, 5, 11, 78, 86, 54, 85, 63, 18, 44, 20, 49, 36, 14, 48, 50, 53, 17, 21, 45, 71, 64, 3, 23, 30, 83, 24, 41, 60, 52, 65, 27, 90, 70, 39, 87, 74, 69, 99, 68, 46, 1, 38, 58, 97, 59, 28, 8, 16, 37, 35, 79, 93, 66, 76, 33, 72, 73, 92, 6, 80, 61, 57, 98, 32, 34, 51, 67, 10, 7, 56, 43, 62, 19, 91, 13, 29, 96, 0, 81, 2, 40, 88, 55, 75, 25, 12, 94, 89, 84]|[2, 1, 2, 1, 1, 2, 1, 1, 1, 1, 1, 0, 2, 2, 1, 2, 0, 0, 0, 2, 2, 1, 0, 2, 2, 2, 2, 1, 0, 1, 1, 1, 0, 0, 2, 0, 2, 1, 2, 2, 0, 1, 2, 1, 0, 2, 0, 2, 1, 0, 0, 2, 2, 0, 2, 0, 2, 1, 1, 0, 2, 1, 0, 2, 2, 1, 1, 0, 0, 0, 0, 1, 1, 0, 0, 1, 0, 0, 1, 2, 2, 1, 0, 2, 1, 0, 1, 0, 0, 1, 2, 2, 1, 1, 1, 1, 1, 1, 1, 0]|[0, 3, 0, 2, 4, 1, 4, 4, 2, 4, 3, 2, 1, 0, 2, 1, 1, 1, 2, 1, 2, 3, 0, 1, 0, 1, 1, 4, 1, 0, 3, 2, 2, 0, 1, 1, 1, 4, 0, 1, 2, 2, 1, 4, 1, 1, 0, 2, 3, 1, 2, 1, 2, 1, 1, 2, 0, 3, 0, 2, 2, 3, 1, 0, 1, 4, 4, 0, 0, 1, 1, 3, 4, 1, 2, 4, 0, 1, 3, 1, 0, 4, 2, 0, 3, 2, 3, 2, 2, 1, 1, 0, 4, 3, 3, 4, 3, 4, 4, 2]|[0, 2, 0, 1, 3, 0, 1, 3, 0, 0, 2, 0, 1, 0, 1, 0, 0, 0, 1, 0, 0, 2, 0, 0, 0, 0, 0, 3, 0, 1, 0, 2, 0, 0, 0, 0, 1, 3, 1, 0, 0, 1, 0, 3, 0, 0, 1, 0, 2, 0, 0, 0, 0, 0, 1, 0, 0, 0, 1, 1, 0, 2, 0, 0, 0, 1, 2, 1, 1, 0, 0, 0, 1, 0, 0, 2, 0, 0, 3, 0, 0, 2, 1, 0, 0, 0, 0, 0, 0, 1, 0, 0, 1, 0, 0, 3, 0, 2, 1, 1],958.3111181096324,54438.6808755251,127057.03855573019,true
5,G2_TEC,G2_TEC,[31, 22, 82, 15, 26, 9, 90, 42, 77, 4, 79, 5, 93, 78, 86, 54, 85, 63, 18, 44, 20, 49, 36, 14, 48, 50, 53, 17, 21, 45, 71, 64, 3, 23, 30, 83, 24, 41, 60, 52, 65, 27, 95, 70, 39, 87, 74, 69, 99, 68, 46, 1, 38, 58, 97, 59, 28, 8, 73, 37, 35, 47, 11, 66, 76, 57, 72, 16, 92, 6, 80, 61, 33, 98, 32, 34, 62, 67, 10, 7, 56, 43, 51, 19, 91, 13, 29, 96, 0, 81, 2, 40, 89, 55, 25, 88, 12, 94, 75, 84]|[2, 1, 2, 1, 1, 2, 2, 0, 1, 1, 1, 0, 2, 2, 1, 2, 0, 0, 0, 2, 2, 1, 0, 2, 2, 2, 2, 1, 0, 1, 1, 1, 0, 0, 1, 0, 2, 1, 2, 2, 0, 1, 1, 1, 0, 2, 0, 2, 1, 0, 0, 2, 2, 0, 2, 0, 2, 1, 0, 0, 2, 1, 0, 2, 2, 0, 1, 1, 0, 1, 2, 1, 1, 0, 0, 1, 0, 0, 1, 2, 2, 1, 0, 2, 1, 0, 1, 0, 0, 1, 2, 2, 1, 1, 1, 1, 1, 1, 2, 0]|[0, 3, 0, 2, 4, 1, 1, 0, 2, 4, 3, 2, 1, 0, 2, 1, 1, 1, 2, 1, 2, 3, 0, 1, 0, 1, 1, 4, 1, 0, 3, 2, 2, 0, 4, 1, 1, 4, 0, 1, 2, 2, 4, 4, 1, 1, 0, 2, 3, 1, 2, 1, 2, 1, 1, 2, 0, 3, 0, 2, 2, 3, 1, 0, 1, 2, 4, 0, 0, 4, 1, 3, 4, 1, 2, 4, 0, 1, 3, 1, 0, 4, 0, 0, 3, 2, 3, 2, 2, 1, 1, 0, 4, 3, 4, 4, 3, 4, 2, 2]|[0, 2, 0, 1, 3, 0, 0, 0, 0, 0, 2, 0, 1, 0, 1, 0, 0, 0, 1, 0, 0, 2, 0, 0, 0, 0, 0, 3, 0, 1, 0, 2, 0, 0, 3, 0, 1, 3, 1, 0, 0, 1, 1, 3, 0, 0, 1, 0, 2, 0, 0, 0, 0, 0, 1, 0, 0, 0, 1, 1, 0, 2, 0, 0, 0, 1, 2, 1, 1, 2, 0, 0, 1, 0, 0, 2, 0, 0, 3, 0, 0, 2, 0, 0, 0, 0, 0, 0, 0, 1, 0, 0, 1, 0, 3, 1, 0, 2, 1, 1],960.4801163899435,54404.216108605964,130128.71625231582,false
5,G3_TWC,G3_TWC,[31, 22, 82, 15, 26, 9, 95, 42, 77, 12, 47, 5, 93, 78, 86, 54, 85, 63, 18, 44, 20, 35, 43, 97, 91, 76, 10, 30, 21, 45, 71, 64, 1, 23, 17, 83, 24, 41, 60, 36, 6, 57, 40, 88, 65, 56, 79, 69, 67, 68, 46, 75, 38, 58, 19, 32, 81, 48, 27, 62, 87, 90, 99, 59, 11, 16, 72, 73, 70, 39, 37, 84, 3, 92, 25, 55, 28, 51, 29, 7, 33, 61, 98, 14, 89, 50, 66, 96, 80, 53, 8, 2, 34, 4, 13, 49, 0, 94, 74, 52]|[1, 1, 0, 1, 1, 0, 1, 2, 2, 1, 2, 2, 2, 1, 0, 0, 0, 1, 0, 2, 2, 0, 1, 2, 0, 1, 2, 2, 0, 0, 1, 2, 1, 0, 1, 0, 2, 0, 1, 1, 0, 1, 1, 1, 0, 2, 2, 2, 0, 0, 0, 0, 1, 1, 2, 1, 2, 1, 0, 0, 2, 1, 0, 1, 2, 1, 2, 1, 1, 1, 1, 1, 1, 0, 1, 1, 0, 0, 0, 1, 0, 1, 0, 0, 1, 0, 2, 0, 0, 0, 1, 0, 2, 1, 0, 0, 0, 1, 2, 2]|[4, 3, 2, 2, 4, 1, 2, 2, 2, 4, 0, 1, 2, 4, 1, 1, 2, 4, 2, 1, 1, 1, 1, 2, 1, 2, 1, 1, 1, 1, 3, 2, 3, 0, 4, 0, 1, 1, 0, 3, 2, 2, 2, 0, 1, 1, 1, 2, 0, 1, 2, 2, 1, 0, 0, 3, 2, 4, 1, 2, 2, 3, 1, 1, 1, 3, 0, 4, 3, 1, 4, 1, 1, 0, 4, 4, 2, 1, 1, 1, 2, 3, 1, 1, 1, 1, 1, 1, 1, 2, 3, 2, 1, 4, 2, 1, 2, 4, 0, 1]|[0, 2, 1, 1, 3, 0, 1, 0, 0, 0, 0, 0, 1, 0, 0, 0, 0, 3, 1, 0, 0, 0, 3, 1, 0, 2, 0, 0, 0, 1, 0, 0, 0, 0, 3, 0, 1, 0, 0, 2, 1, 1, 1, 0, 0, 0, 0, 0, 1, 0, 0, 0, 1, 3, 0, 0, 1, 2, 0, 1, 0, 2, 0, 1, 0, 2, 1, 0, 0, 1, 1, 3, 1, 1, 3, 3, 1, 0, 0, 2, 1, 0, 0, 0, 1, 0, 0, 0, 0, 1, 2, 0, 0, 0, 0, 1, 0, 2, 0, 0],868.8091742880855,57174.219428041026,102154.62402930541,false
5,G1_CMAX,G1_CMAX,[31, 95, 9, 15, 82, 22, 42, 77, 41, 24, 83, 17, 14, 1, 64, 71, 30, 10, 76, 91, 97, 43, 63, 20, 44, 18, 80, 45, 86, 78, 93, 5, 47, 8, 26, 36, 6, 57, 40, 88, 75, 65, 56, 79, 69, 68, 35, 46, 23, 38, 62, 58, 19, 32, 81, 48, 99, 37, 39, 61, 73, 72, 16, 11, 59, 27, 90, 87, 54, 21, 84, 3, 60, 92, 25, 55, 28, 51, 29, 7, 33, 70, 98, 67, 89, 50, 66, 96, 85, 53, 12, 4, 34, 2, 52, 49, 0, 94, 74, 13]|[1, 1, 0, 1, 0, 1, 1, 2, 1, 2, 0, 2, 0, 1, 0, 1, 2, 1, 1, 0, 2, 1, 2, 2, 2, 0, 0, 0, 1, 1, 2, 2, 2, 1, 1, 1, 0, 1, 1, 1, 1, 0, 2, 1, 2, 0, 0, 0, 2, 1, 1, 1, 2, 1, 2, 1, 0, 0, 1, 1, 1, 2, 1, 2, 1, 0, 1, 2, 0, 0, 1, 1, 1, 0, 1, 1, 1, 0, 0, 1, 0, 1, 0, 0, 1, 0, 2, 0, 0, 0, 1, 1, 1, 0, 2, 0, 0, 2, 2, 0]|[3, 0, 2, 4, 1, 3, 4, 2, 4, 1, 1, 1, 1, 3, 1, 3, 1, 2, 2, 1, 2, 1, 1, 1, 1, 2, 2, 1, 4, 4, 2, 1, 0, 4, 4, 3, 2, 2, 3, 0, 2, 1, 1, 0, 2, 1, 1, 2, 0, 1, 2, 0, 0, 3, 2, 4, 1, 1, 0, 3, 4, 0, 3, 1, 2, 1, 3, 2, 1, 1, 1, 1, 0, 0, 4, 4, 4, 1, 1, 1, 2, 1, 1, 0, 1, 1, 0, 1, 1, 2, 3, 4, 0, 2, 1, 1, 2, 0, 0, 2]|[1, 3, 1, 0, 0, 2, 1, 0, 3, 1, 0, 0, 0, 0, 0, 0, 0, 2, 2, 0, 1, 3, 0, 0, 0, 1, 0, 0, 1, 0, 1, 0, 0, 0, 3, 2, 1, 1, 2, 0, 1, 0, 0, 0, 0, 0, 1, 0, 0, 1, 1, 3, 0, 0, 1, 2, 0, 0, 1, 0, 0, 1, 2, 0, 1, 0, 2, 0, 0, 0, 3, 1, 0, 1, 3, 3, 1, 0, 0, 2, 1, 3, 0, 1, 1, 0, 0, 0, 0, 1, 2, 0, 3, 0, 0, 1, 0, 1, 0, 0],754.7986916891765,59644.33611882997,103098.36120490318,false
5,G4_BALANCED,G2_TEC,[31, 22, 82, 15, 26, 9, 95, 42, 77, 4, 47, 5, 11, 78, 86, 54, 85, 63, 18, 44, 20, 49, 36, 14, 48, 50, 53, 17, 21, 45, 71, 64, 3, 23, 30, 83, 24, 41, 60, 52, 65, 27, 90, 70, 39, 87, 74, 69, 99, 68, 46, 1, 38, 58, 97, 59, 28, 8, 16, 37, 35, 79, 93, 66, 76, 33, 72, 73, 92, 6, 80, 61, 57, 98, 32, 34, 51, 67, 10, 7, 56, 43, 62, 19, 91, 13, 29, 96, 0, 81, 2, 40, 88, 55, 75, 25, 12, 94, 89, 84]|[2, 1, 2, 1, 1, 2, 1, 1, 1, 1, 1, 0, 2, 2, 1, 2, 0, 0, 0, 2, 2, 1, 0, 2, 2, 2, 2, 1, 0, 1, 1, 1, 0, 0, 2, 0, 2, 1, 2, 2, 0, 1, 2, 1, 0, 2, 0, 2, 1, 0, 0, 2, 2, 0, 2, 0, 2, 1, 1, 0, 2, 1, 0, 2, 2, 1, 1, 0, 0, 0, 0, 1, 1, 0, 0, 1, 0, 0, 1, 2, 2, 1, 0, 2, 1, 0, 1, 0, 0, 1, 2, 2, 1, 1, 1, 1, 1, 1, 1, 0]|[0, 3, 0, 2, 4, 1, 4, 4, 2, 4, 3, 2, 1, 0, 2, 1, 1, 1, 2, 1, 2, 3, 0, 1, 0, 1, 1, 4, 1, 0, 3, 2, 2, 0, 1, 1, 1, 4, 0, 1, 2, 2, 1, 4, 1, 1, 0, 2, 3, 1, 2, 1, 2, 1, 1, 2, 0, 3, 0, 2, 2, 3, 1, 0, 1, 4, 4, 0, 0, 1, 1, 3, 4, 1, 2, 4, 0, 1, 3, 1, 0, 4, 2, 0, 3, 2, 3, 2, 2, 1, 1, 0, 4, 3, 3, 4, 3, 4, 4, 2]|[0, 2, 0, 1, 3, 0, 1, 3, 0, 0, 2, 0, 1, 0, 1, 0, 0, 0, 1, 0, 0, 2, 0, 0, 0, 0, 0, 3, 0, 1, 0, 2, 0, 0, 0, 0, 1, 3, 1, 0, 0, 1, 0, 3, 0, 0, 1, 0, 2, 0, 0, 0, 0, 0, 1, 0, 0, 0, 1, 1, 0, 2, 0, 0, 0, 1, 2, 1, 1, 0, 0, 0, 1, 0, 0, 2, 0, 0, 3, 0, 0, 2, 1, 0, 0, 0, 0, 0, 0, 1, 0, 0, 1, 0, 0, 3, 0, 2, 1, 1],958.3111181096324,54438.6808755251,127057.03855573019,true
5,G2_TEC,G2_TEC,[31, 22, 82, 15, 26, 9, 90, 42, 77, 4, 79, 5, 93, 78, 86, 54, 85, 63, 18, 44, 20, 49, 36, 14, 48, 50, 53, 17, 21, 45, 71, 64, 3, 23, 30, 83, 24, 41, 60, 52, 65, 27, 95, 70, 39, 87, 74, 69, 99, 68, 46, 1, 38, 58, 97, 59, 28, 8, 73, 37, 35, 47, 11, 66, 76, 57, 72, 16, 92, 6, 80, 61, 33, 98, 32, 34, 62, 67, 10, 7, 56, 43, 51, 19, 91, 13, 29, 96, 0, 81, 2, 40, 89, 55, 25, 88, 12, 94, 75, 84]|[2, 1, 2, 1, 1, 2, 2, 0, 1, 1, 1, 0, 2, 2, 1, 2, 0, 0, 0, 2, 2, 1, 0, 2, 2, 2, 2, 1, 0, 1, 1, 1, 0, 0, 1, 0, 2, 1, 2, 2, 0, 1, 1, 1, 0, 2, 0, 2, 1, 0, 0, 2, 2, 0, 2, 0, 2, 1, 0, 0, 2, 1, 0, 2, 2, 0, 1, 1, 0, 1, 2, 1, 1, 0, 0, 1, 0, 0, 1, 2, 2, 1, 0, 2, 1, 0, 1, 0, 0, 1, 2, 2, 1, 1, 1, 1, 1, 1, 2, 0]|[0, 3, 0, 2, 4, 1, 1, 0, 2, 4, 3, 2, 1, 0, 2, 1, 1, 1, 2, 1, 2, 3, 0, 1, 0, 1, 1, 4, 1, 0, 3, 2, 2, 0, 4, 1, 1, 4, 0, 1, 2, 2, 4, 4, 1, 1, 0, 2, 3, 1, 2, 1, 2, 1, 1, 2, 0, 3, 0, 2, 2, 3, 1, 0, 1, 2, 4, 0, 0, 4, 1, 3, 4, 1, 2, 4, 0, 1, 3, 1, 0, 4, 0, 0, 3, 2, 3, 2, 2, 1, 1, 0, 4, 3, 4, 4, 3, 4, 2, 2]|[0, 2, 0, 1, 3, 0, 0, 0, 0, 0, 2, 0, 1, 0, 1, 0, 0, 0, 1, 0, 0, 2, 0, 0, 0, 0, 0, 3, 0, 1, 0, 2, 0, 0, 3, 0, 1, 3, 1, 0, 0, 1, 1, 3, 0, 0, 1, 0, 2, 0, 0, 0, 0, 0, 1, 0, 0, 0, 1, 1, 0, 2, 0, 0, 0, 1, 2, 1, 1, 2, 0, 0, 1, 0, 0, 2, 0, 0, 3, 0, 0, 2, 0, 0, 0, 0, 0, 0, 0, 1, 0, 0, 1, 0, 3, 1, 0, 2, 1, 1],960.4801163899435,54404.216108605964,130128.71625231582,false
5,G3_TWC,G3_TWC,[31, 22, 82, 15, 26, 9, 95, 42, 77, 12, 47, 5, 93, 78, 86, 54, 85, 63, 18, 44, 20, 35, 43, 97, 91, 76, 10, 30, 21, 45, 71, 64, 1, 23, 17, 83, 24, 41, 60, 36, 6, 57, 40, 88, 65, 56, 79, 69, 67, 68, 46, 75, 38, 58, 19, 32, 81, 48, 27, 62, 87, 90, 99, 59, 11, 16, 72, 73, 70, 39, 37, 84, 3, 92, 25, 55, 28, 51, 29, 7, 33, 61, 98, 14, 89, 50, 66, 96, 80, 53, 8, 2, 34, 4, 13, 49, 0, 94, 74, 52]|[1, 1, 0, 1, 1, 0, 1, 2, 2, 1, 2, 2, 2, 1, 0, 0, 0, 1, 0, 2, 2, 0, 1, 2, 0, 1, 2, 2, 0, 0, 1, 2, 1, 0, 1, 0, 2, 0, 1, 1, 0, 1, 1, 1, 0, 2, 2, 2, 0, 0, 0, 0, 1, 1, 2, 1, 2, 1, 0, 0, 2, 1, 0, 1, 2, 1, 2, 1, 1, 1, 1, 1, 1, 0, 1, 1, 0, 0, 0, 1, 0, 1, 0, 0, 1, 0, 2, 0, 0, 0, 1, 0, 2, 1, 0, 0, 0, 1, 2, 2]|[4, 3, 2, 2, 4, 1, 2, 2, 2, 4, 0, 1, 2, 4, 1, 1, 2, 4, 2, 1, 1, 1, 1, 2, 1, 2, 1, 1, 1, 1, 3, 2, 3, 0, 4, 0, 1, 1, 0, 3, 2, 2, 2, 0, 1, 1, 1, 2, 0, 1, 2, 2, 1, 0, 0, 3, 2, 4, 1, 2, 2, 3, 1, 1, 1, 3, 0, 4, 3, 1, 4, 1, 1, 0, 4, 4, 2, 1, 1, 1, 2, 3, 1, 1, 1, 1, 1, 1, 1, 2, 3, 2, 1, 4, 2, 1, 2, 4, 0, 1]|[0, 2, 1, 1, 3, 0, 1, 0, 0, 0, 0, 0, 1, 0, 0, 0, 0, 3, 1, 0, 0, 0, 3, 1, 0, 2, 0, 0, 0, 1, 0, 0, 0, 0, 3, 0, 1, 0, 0, 2, 1, 1, 1, 0, 0, 0, 0, 0, 1, 0, 0, 0, 1, 3, 0, 0, 1, 2, 0, 1, 0, 2, 0, 1, 0, 2, 1, 0, 0, 1, 1, 3, 1, 1, 3, 3, 1, 0, 0, 2, 1, 0, 0, 0, 1, 0, 0, 0, 0, 1, 2, 0, 0, 0, 0, 1, 0, 2, 0, 0],868.8091742880855,57174.219428041026,102154.62402930541,false
5,G1_CMAX,G1_CMAX,[31, 22, 82, 15, 67, 9, 95, 42, 77, 12, 47, 5, 93, 78, 86, 54, 85, 63, 18, 44, 20, 35, 43, 97, 91, 76, 10, 30, 21, 45, 61, 64, 1, 23, 17, 83, 24, 41, 60, 36, 6, 57, 40, 88, 65, 56, 79, 69, 26, 68, 46, 75, 38, 58, 19, 32, 81, 48, 27, 62, 87, 90, 99, 59, 11, 16, 72, 73, 70, 39, 37, 84, 3, 92, 25, 55, 28, 51, 29, 7, 33, 74, 96, 98, 53, 50, 66, 80, 8, 89, 14, 2, 34, 4, 52, 49, 0, 94, 71, 13]|[1, 1, 0, 1, 1, 0, 1, 2, 2, 1, 2, 2, 2, 1, 1, 0, 0, 0, 0, 2, 2, 0, 1, 2, 0, 1, 2, 2, 0, 0, 1, 2, 1, 2, 1, 0, 2, 1, 1, 1, 0, 1, 1, 1, 0, 2, 1, 2, 0, 0, 0, 0, 1, 1, 2, 1, 2, 1, 0, 0, 2, 1, 0, 1, 2, 1, 2, 1, 1, 1, 0, 2, 1, 0, 1, 1, 1, 0, 1, 1, 0, 2, 0, 0, 0, 0, 2, 0, 1, 1, 0, 0, 1, 1, 2, 0, 0, 1, 1, 0]|[4, 3, 2, 2, 4, 1, 2, 2, 1, 4, 0, 1, 2, 4, 4, 1, 2, 1, 2, 1, 1, 1, 1, 2, 1, 2, 1, 1, 1, 1, 3, 2, 3, 0, 4, 0, 1, 4, 0, 3, 2, 2, 2, 0, 1, 1, 0, 2, 0, 1, 2, 2, 1, 0, 0, 3, 2, 4, 1, 2, 2, 3, 1, 1, 1, 3, 0, 4, 3, 1, 1, 1, 1, 0, 4, 4, 4, 1, 3, 1, 2, 1, 1, 1, 2, 1, 0, 1, 3, 1, 2, 2, 1, 4, 1, 1, 2, 4, 3, 2]|[0, 2, 1, 1, 3, 0, 1, 0, 0, 0, 0, 0, 1, 0, 1, 0, 0, 0, 1, 0, 0, 0, 3, 1, 0, 2, 0, 0, 0, 1, 0, 0, 0, 0, 3, 0, 1, 3, 0, 2, 1, 1, 1, 0, 0, 0, 0, 0, 1, 0, 0, 0, 1, 3, 0, 0, 1, 2, 0, 1, 0, 2, 0, 1, 0, 2, 1, 0, 0, 1, 0, 0, 1, 1, 3, 3, 1, 0, 0, 2, 1, 0, 0, 0, 1, 0, 0, 0, 2, 1, 0, 0, 3, 0, 0, 1, 0, 2, 0, 0],789.0948459015889,57286.2722916818,105108.80362125326,false
5,G4_BALANCED,G4_BALANCED,[31, 22, 82, 15, 26, 9, 95, 42, 77, 4, 47, 5, 93, 78, 86, 54, 85, 63, 18, 44, 20, 49, 36, 14, 48, 50, 53, 17, 21, 45, 71, 64, 3, 23, 30, 83, 24, 41, 60, 52, 65, 27, 90, 70, 39, 87, 74, 69, 99, 68, 46, 1, 38, 58, 97, 59, 28, 8, 73, 37, 35, 79, 11, 66, 76, 57, 72, 16, 92, 6, 80, 61, 33, 98, 32, 34, 62, 67, 10, 7, 56, 43, 51, 19, 91, 13, 29, 96, 0, 81, 2, 40, 88, 55, 75, 25, 12, 94, 89, 84]|[2, 1, 2, 1, 1, 2, 2, 1, 1, 1, 1, 0, 0, 2, 1, 2, 0, 0, 0, 2, 2, 1, 0, 2, 2, 2, 2, 1, 0, 1, 1, 1, 0, 0, 1, 0, 2, 1, 2, 2, 0, 1, 2, 1, 0, 2, 0, 2, 1, 0, 0, 2, 2, 0, 2, 0, 2, 1, 0, 0, 2, 1, 2, 2, 2, 1, 1, 1, 0, 1, 0, 1, 1, 0, 0, 1, 0, 0, 1, 2, 2, 1, 0, 2, 1, 0, 1, 0, 0, 1, 2, 2, 1, 1, 1, 1, 1, 1, 1, 0]|[0, 3, 0, 2, 4, 1, 1, 4, 2, 4, 3, 2, 1, 0, 2, 1, 1, 1, 2, 1, 2, 3, 0, 1, 0, 1, 1, 4, 1, 0, 3, 2, 2, 0, 4, 1, 1, 4, 0, 1, 2, 2, 1, 4, 1, 1, 0, 2, 3, 1, 2, 1, 2, 1, 1, 2, 0, 3, 0, 2, 2, 3, 1, 0, 1, 4, 4, 0, 0, 4, 1, 3, 4, 1, 2, 4, 2, 1, 3, 1, 0, 4, 0, 0, 3, 2, 3, 2, 2, 1, 1, 0, 4, 3, 3, 4, 3, 4, 4, 2]|[0, 2, 0, 1, 3, 0, 0, 3, 0, 0, 2, 0, 0, 0, 1, 0, 0, 0, 1, 0, 0, 2, 0, 0, 0, 0, 0, 3, 0, 1, 0, 2, 0, 0, 3, 0, 1, 3, 1, 0, 0, 1, 0, 3, 0, 0, 1, 0, 2, 0, 0, 0, 0, 0, 1, 0, 0, 0, 1, 1, 0, 2, 1, 0, 0, 1, 2, 1, 1, 2, 0, 0, 1, 0, 0, 2, 1, 0, 3, 0, 0, 2, 0, 0, 0, 0, 0, 0, 0, 1, 0, 0, 1, 0, 0, 3, 0, 2, 1, 1],948.8922839357011,54343.17794684255,126419.9714554426,false
5,G2_TEC,G1_CMAX,[31, 22, 82, 15, 73, 9, 95, 42, 77, 12, 47, 98, 93, 78, 86, 54, 85, 63, 18, 44, 20, 35, 43, 97, 37, 76, 10, 30, 21, 45, 61, 64, 1, 23, 17, 83, 24, 41, 60, 36, 6, 57, 40, 88, 65, 56, 79, 69, 67, 68, 46, 75, 38, 58, 19, 32, 81, 48, 27, 62, 87, 90, 99, 59, 11, 16, 72, 26, 70, 89, 91, 84, 3, 92, 25, 55, 28, 51, 29, 7, 96, 74, 5, 14, 39, 80, 33, 8, 50, 53, 66, 2, 34, 4, 52, 49, 0, 94, 71, 13]|[1, 1, 0, 1, 1, 0, 1, 2, 2, 1, 2, 2, 2, 1, 1, 0, 0, 0, 0, 2, 2, 0, 1, 2, 0, 1, 2, 2, 0, 0, 1, 2, 1, 2, 1, 0, 2, 1, 1, 1, 0, 1, 1, 1, 0, 2, 1, 2, 0, 0, 0, 0, 1, 1, 2, 1, 2, 1, 0, 0, 2, 1, 0, 1, 2, 1, 2, 1, 1, 1, 0, 1, 1, 0, 1, 1, 1, 0, 1, 1, 0, 2, 2, 0, 1, 0, 0, 1, 0, 0, 2, 0, 2, 1, 2, 0, 0, 1, 2, 0]|[4, 3, 2, 2, 4, 1, 2, 2, 1, 4, 0, 1, 2, 4, 4, 1, 2, 1, 2, 1, 1, 1, 1, 2, 1, 2, 1, 1, 1, 1, 1, 2, 3, 0, 4, 0, 1, 4, 0, 3, 2, 2, 2, 0, 1, 1, 0, 2, 0, 1, 2, 2, 1, 4, 0, 3, 1, 4, 1, 2, 2, 3, 1, 1, 1, 3, 0, 4, 3, 1, 1, 1, 1, 0, 4, 4, 4, 1, 3, 1, 1, 0, 1, 2, 1, 1, 2, 3, 1, 2, 0, 2, 1, 4, 1, 1, 2, 4, 1, 2]|[0, 2, 1, 1, 3, 0, 1, 0, 0, 0, 0, 0, 1, 0, 1, 0, 0, 0, 1, 0, 0, 0, 3, 1, 0, 2, 0, 0, 0, 1, 3, 0, 0, 0, 3, 0, 1, 3, 0, 2, 1, 1, 1, 0, 0, 0, 0, 0, 1, 0, 0, 0, 1, 3, 0, 0, 0, 2, 0, 1, 0, 2, 0, 1, 0, 2, 1, 0, 0, 1, 0, 3, 1, 1, 3, 3, 1, 0, 0, 2, 0, 0, 0, 0, 1, 0, 1, 2, 0, 1, 0, 0, 0, 0, 0, 1, 0, 2, 0, 0],789.0469836246521,56736.66854690487,109055.00294687356,true
5,G3_TWC,G3_TWC,[31, 22, 82, 15, 26, 9, 95, 42, 77, 12, 47, 5, 93, 78, 86, 54, 85, 63, 18, 44, 20, 35, 43, 97, 91, 76, 10, 30, 21, 45, 71, 64, 1, 23, 17, 83, 24, 41, 60, 36, 6, 57, 40, 88, 65, 56, 79, 69, 67, 68, 46, 75, 38, 58, 19, 32, 81, 48, 27, 62, 87, 90, 99, 59, 11, 16, 72, 73, 70, 39, 37, 84, 3, 92, 25, 55, 28, 51, 29, 7, 33, 61, 98, 14, 89, 50, 66, 96, 80, 53, 8, 2, 34, 4, 13, 49, 0, 94, 74, 52]|[1, 1, 0, 1, 1, 0, 1, 2, 2, 1, 2, 2, 2, 1, 0, 0, 0, 1, 0, 2, 2, 0, 1, 2, 0, 1, 2, 2, 0, 0, 1, 2, 1, 0, 1, 0, 2, 0, 1, 1, 0, 1, 1, 1, 0, 2, 2, 2, 0, 0, 0, 0, 1, 1, 2, 1, 2, 1, 0, 0, 2, 1, 0, 1, 2, 1, 2, 1, 1, 1, 1, 1, 1, 0, 1, 1, 0, 0, 0, 1, 0, 1, 0, 0, 1, 0, 2, 0, 0, 0, 1, 0, 2, 1, 0, 0, 0, 1, 2, 2]|[4, 3, 2, 2, 4, 1, 2, 2, 2, 4, 0, 1, 2, 4, 1, 1, 2, 4, 2, 1, 1, 1, 1, 2, 1, 2, 1, 1, 1, 1, 3, 2, 3, 0, 4, 0, 1, 1, 0, 3, 2, 2, 2, 0, 1, 1, 1, 2, 0, 1, 2, 2, 1, 0, 0, 3, 2, 4, 1, 2, 2, 3, 1, 1, 1, 3, 0, 4, 3, 1, 4, 1, 1, 0, 4, 4, 2, 1, 1, 1, 2, 3, 1, 1, 1, 1, 1, 1, 1, 2, 3, 2, 1, 4, 2, 1, 2, 4, 0, 1]|[0, 2, 1, 1, 3, 0, 1, 0, 0, 0, 0, 0, 1, 0, 0, 0, 0, 3, 1, 0, 0, 0, 3, 1, 0, 2, 0, 0, 0, 1, 0, 0, 0, 0, 3, 0, 1, 0, 0, 2, 1, 1, 1, 0, 0, 0, 0, 0, 1, 0, 0, 0, 1, 3, 0, 0, 1, 2, 0, 1, 0, 2, 0, 1, 0, 2, 1, 0, 0, 1, 1, 3, 1, 1, 3, 3, 1, 0, 0, 2, 1, 0, 0, 0, 1, 0, 0, 0, 0, 1, 2, 0, 0, 0, 0, 1, 0, 2, 0, 0],868.8091742880855,57174.219428041026,102154.62402930541,false
5,G1_CMAX,G1_CMAX,[52, 22, 82, 39, 26, 9, 89, 5, 12, 77, 93, 78, 31, 54, 85, 63, 18, 44, 20, 35, 43, 76, 87, 30, 45, 71, 64, 1, 23, 17, 83, 24, 41, 60, 36, 6, 57, 40, 88, 65, 91, 56, 79, 69, 67, 68, 46, 75, 38, 58, 19, 32, 81, 48, 27, 62, 42, 84, 96, 95, 70, 73, 72, 16, 11, 15, 99, 90, 3, 92, 25, 55, 51, 28, 29, 7, 86, 74, 98, 37, 59, 50, 66, 10, 47, 97, 8, 80, 53, 14, 21, 2, 34, 4, 33, 49, 0, 94, 61, 13]|[2, 1, 0, 1, 1, 0, 1, 2, 1, 2, 2, 1, 1, 0, 0, 0, 0, 2, 2, 0, 1, 1, 2, 2, 0, 1, 2, 1, 2, 1, 0, 2, 1, 1, 1, 0, 1, 1, 1, 0, 0, 2, 1, 2, 0, 0, 0, 0, 1, 0, 2, 1, 2, 1, 0, 0, 2, 1, 1, 1, 1, 1, 2, 1, 2, 1, 0, 1, 1, 0, 1, 1, 0, 1, 1, 1, 1, 2, 2, 0, 1, 0, 2, 2, 2, 2, 1, 0, 0, 0, 0, 0, 2, 1, 2, 0, 0, 1, 1, 0]|[1, 3, 2, 1, 0, 1, 1, 1, 4, 1, 2, 4, 3, 1, 2, 1, 2, 1, 1, 1, 1, 2, 2, 1, 1, 3, 2, 3, 0, 4, 0, 1, 4, 0, 3, 2, 2, 2, 0, 1, 1, 1, 0, 2, 0, 1, 2, 2, 1, 0, 0, 3, 2, 4, 1, 2, 1, 1, 3, 2, 1, 4, 0, 3, 1, 2, 1, 3, 1, 0, 4, 4, 1, 4, 3, 1, 4, 0, 0, 1, 1, 1, 0, 1, 1, 2, 3, 1, 2, 1, 1, 2, 1, 4, 2, 1, 2, 4, 1, 2]|[0, 1, 1, 1, 3, 0, 1, 0, 0, 0, 1, 0, 2, 0, 0, 0, 1, 0, 0, 0, 3, 2, 0, 0, 1, 0, 0, 0, 0, 3, 0, 1, 3, 0, 2, 1, 1, 1, 0, 0, 0, 0, 0, 0, 1, 0, 0, 0, 1, 1, 0, 0, 0, 2, 0, 1, 0, 3, 2, 1, 3, 0, 1, 2, 0, 1, 0, 2, 1, 1, 3, 3, 0, 1, 0, 2, 1, 0, 0, 0, 1, 0, 0, 0, 0, 1, 2, 0, 1, 0, 0, 0, 0, 0, 1, 1, 0, 2, 3, 0],744.5504451349321,58431.33066549081,105266.06001032445,false
5,G4_BALANCED,G1_CMAX,[31, 22, 82, 15, 73, 9, 95, 42, 77, 12, 47, 98, 93, 78, 86, 54, 85, 63, 18, 44, 20, 35, 43, 97, 91, 76, 10, 30, 21, 45, 71, 64, 1, 23, 17, 83, 24, 41, 60, 36, 6, 57, 40, 88, 65, 56, 79, 69, 67, 68, 46, 75, 38, 58, 19, 32, 81, 48, 27, 62, 87, 90, 99, 59, 11, 16, 72, 26, 70, 89, 37, 84, 3, 92, 25, 55, 28, 51, 29, 7, 96, 74, 33, 5, 39, 80, 14, 8, 50, 53, 66, 2, 34, 4, 52, 49, 0, 94, 61, 13]|[1, 1, 0, 1, 1, 0, 1, 2, 2, 1, 2, 2, 2, 1, 1, 0, 0, 0, 0, 2, 2, 0, 1, 2, 0, 1, 2, 2, 0, 0, 1, 2, 1, 2, 1, 0, 2, 1, 1, 1, 0, 1, 1, 1, 0, 2, 1, 2, 0, 0, 0, 0, 1, 1, 2, 1, 2, 1, 0, 0, 2, 1, 0, 1, 2, 1, 2, 1, 1, 1, 0, 1, 1, 0, 1, 1, 1, 0, 1, 1, 0, 2, 0, 2, 1, 0, 0, 1, 0, 0, 2, 0, 2, 1, 2, 0, 0, 1, 1, 0]|[4, 3, 2, 2, 4, 1, 2, 2, 1, 4, 0, 0, 2, 4, 4, 1, 2, 1, 2, 1, 1, 1, 1, 2, 1, 2, 1, 1, 1, 1, 3, 2, 3, 0, 4, 0, 1, 4, 0, 3, 2, 2, 2, 0, 1, 1, 0, 2, 0, 1, 2, 2, 1, 0, 0, 3, 2, 4, 1, 2, 2, 3, 1, 1, 1, 3, 0, 4, 3, 1, 1, 1, 1, 0, 4, 4, 4, 1, 3, 1, 1, 0, 2, 1, 1, 1, 1, 3, 1, 2, 0, 2, 1, 4, 1, 1, 2, 4, 1, 2]|[0, 2, 1, 1, 0, 0, 1, 0, 0, 0, 0, 0, 1, 0, 1, 0, 0, 0, 1, 0, 0, 0, 3, 1, 0, 2, 0, 0, 0, 1, 0, 0, 0, 0, 3, 0, 1, 3, 0, 2, 1, 1, 1, 0, 0, 0, 0, 0, 1, 0, 0, 0, 1, 3, 0, 0, 1, 2, 0, 1, 0, 2, 0, 1, 0, 2, 1, 0, 0, 1, 0, 3, 1, 1, 3, 3, 1, 0, 0, 2, 0, 0, 1, 0, 1, 0, 0, 2, 0, 1, 0, 0, 0, 0, 0, 1, 0, 2, 3, 0],773.5126623593135,57648.27991665458,108480.14860541711,true
5,G2_TEC,G1_CMAX,[31, 22, 82, 15, 73, 9, 95, 42, 77, 12, 47, 98, 93, 78, 86, 54, 85, 63, 18, 44, 20, 35, 43, 97, 37, 76, 10, 30, 21, 45, 61, 64, 1, 23, 17, 83, 24, 41, 60, 36, 6, 57, 40, 88, 65, 56, 79, 69, 67, 68, 46, 75, 38, 58, 19, 32, 81, 48, 27, 62, 87, 90, 99, 59, 11, 16, 72, 26, 70, 89, 91, 84, 3, 92, 25, 55, 28, 51, 29, 7, 96, 74, 5, 14, 39, 80, 33, 8, 50, 53, 66, 2, 34, 4, 52, 49, 0, 94, 71, 13]|[1, 1, 0, 1, 1, 0, 1, 2, 2, 1, 2, 2, 2, 1, 1, 0, 0, 0, 0, 2, 2, 0, 1, 2, 0, 1, 2, 2, 0, 0, 1, 2, 1, 2, 1, 0, 2, 1, 1, 1, 0, 1, 1, 1, 0, 2, 1, 2, 0, 0, 0, 0, 1, 1, 2, 1, 2, 1, 0, 0, 2, 1, 0, 1, 2, 1, 2, 1, 1, 1, 0, 1, 1, 0, 1, 1, 1, 0, 1, 1, 0, 2, 2, 0, 1, 0, 0, 1, 0, 0, 2, 0, 2, 1, 2, 0, 0, 1, 2, 0]|[4, 3, 2, 2, 4, 1, 2, 2, 1, 4, 0, 1, 2, 4, 4, 1, 2, 1, 2, 1, 1, 1, 1, 2, 1, 2, 1, 1, 1, 1, 1, 2, 3, 0, 4, 0, 1, 4, 0, 3, 2, 2, 2, 0, 1, 1, 0, 2, 0, 1, 2, 2, 1, 4, 0, 3, 1, 4, 1, 2, 2, 3, 1, 1, 1, 3, 0, 4, 3, 1, 1, 1, 1, 0, 4, 4, 4, 1, 3, 1, 1, 0, 1, 2, 1, 1, 2, 3, 1, 2, 0, 2, 1, 4, 1, 1, 2, 4, 1, 2]|[0, 2, 1, 1, 3, 0, 1, 0, 0, 0, 0, 0, 1, 0, 1, 0, 0, 0, 1, 0, 0, 0, 3, 1, 0, 2, 0, 0, 0, 1, 3, 0, 0, 0, 3, 0, 1, 3, 0, 2, 1, 1, 1, 0, 0, 0, 0, 0, 1, 0, 0, 0, 1, 3, 0, 0, 0, 2, 0, 1, 0, 2, 0, 1, 0, 2, 1, 0, 0, 1, 0, 3, 1, 1, 3, 3, 1, 0, 0, 2, 0, 0, 0, 0, 1, 0, 1, 2, 0, 1, 0, 0, 0, 0, 0, 1, 0, 2, 0, 0],789.0469836246521,56736.66854690487,109055.00294687356,true
5,G3_TWC,G3_TWC,[31, 22, 82, 15, 26, 9, 95, 42, 77, 12, 47, 5, 93, 78, 86, 54, 85, 63, 18, 44, 20, 35, 43, 97, 91, 76, 10, 30, 21, 45, 71, 64, 1, 23, 17, 83, 24, 41, 60, 36, 6, 57, 40, 88, 65, 56, 79, 69, 67, 68, 46, 75, 38, 58, 19, 32, 81, 48, 27, 62, 87, 90, 99, 59, 11, 16, 72, 73, 70, 39, 37, 84, 3, 92, 25, 55, 28, 51, 29, 7, 33, 61, 98, 14, 89, 50, 66, 96, 80, 53, 8, 2, 34, 4, 13, 49, 0, 94, 74, 52]|[1, 1, 0, 1, 1, 0, 1, 2, 2, 1, 2, 2, 2, 1, 0, 0, 0, 1, 0, 2, 2, 0, 1, 2, 0, 1, 2, 2, 0, 0, 1, 2, 1, 0, 1, 0, 2, 0, 1, 1, 0, 1, 1, 1, 0, 2, 2, 2, 0, 0, 0, 0, 1, 1, 2, 1, 2, 1, 0, 0, 2, 1, 0, 1, 2, 1, 2, 1, 1, 1, 1, 1, 1, 0, 1, 1, 0, 0, 0, 1, 0, 1, 0, 0, 1, 0, 2, 0, 0, 0, 1, 0, 2, 1, 0, 0, 0, 1, 2, 2]|[4, 3, 2, 2, 4, 1, 2, 2, 2, 4, 0, 1, 2, 4, 1, 1, 2, 4, 2, 1, 1, 1, 1, 2, 1, 2, 1, 1, 1, 1, 3, 2, 3, 0, 4, 0, 1, 1, 0, 3, 2, 2, 2, 0, 1, 1, 1, 2, 0, 1, 2, 2, 1, 0, 0, 3, 2, 4, 1, 2, 2, 3, 1, 1, 1, 3, 0, 4, 3, 1, 4, 1, 1, 0, 4, 4, 2, 1, 1, 1, 2, 3, 1, 1, 1, 1, 1, 1, 1, 2, 3, 2, 1, 4, 2, 1, 2, 4, 0, 1]|[0, 2, 1, 1, 3, 0, 1, 0, 0, 0, 0, 0, 1, 0, 0, 0, 0, 3, 1, 0, 0, 0, 3, 1, 0, 2, 0, 0, 0, 1, 0, 0, 0, 0, 3, 0, 1, 0, 0, 2, 1, 1, 1, 0, 0, 0, 0, 0, 1, 0, 0, 0, 1, 3, 0, 0, 1, 2, 0, 1, 0, 2, 0, 1, 0, 2, 1, 0, 0, 1, 1, 3, 1, 1, 3, 3, 1, 0, 0, 2, 1, 0, 0, 0, 1, 0, 0, 0, 0, 1, 2, 0, 0, 0, 0, 1, 0, 2, 0, 0],868.8091742880855,57174.219428041026,102154.62402930541,false
5,G1_CMAX,G1_CMAX,[31, 22, 82, 15, 67, 9, 95, 42, 77, 12, 47, 5, 93, 78, 86, 54, 85, 63, 18, 44, 20, 35, 43, 97, 91, 76, 10, 30, 21, 45, 61, 64, 1, 23, 17, 83, 24, 41, 60, 36, 6, 57, 40, 88, 65, 56, 79, 69, 26, 68, 46, 75, 38, 58, 19, 32, 81, 48, 27, 62, 87, 90, 99, 59, 11, 16, 72, 73, 70, 39, 37, 84, 3, 92, 25, 55, 28, 51, 29, 7, 33, 74, 96, 98, 53, 50, 66, 80, 8, 89, 14, 2, 34, 4, 52, 49, 0, 94, 71, 13]|[1, 1, 0, 1, 1, 0, 1, 2, 2, 1, 2, 2, 2, 1, 1, 0, 0, 0, 0, 2, 2, 0, 1, 2, 0, 1, 2, 2, 0, 0, 1, 2, 1, 2, 1, 0, 2, 1, 1, 1, 0, 1, 1, 1, 0, 2, 1, 2, 0, 0, 0, 0, 1, 1, 2, 1, 2, 1, 0, 0, 2, 1, 0, 1, 2, 1, 2, 1, 1, 1, 0, 2, 1, 0, 1, 1, 1, 0, 1, 1, 0, 2, 0, 0, 0, 0, 2, 0, 1, 1, 0, 0, 1, 1, 2, 0, 0, 1, 1, 0]|[4, 3, 2, 2, 4, 1, 2, 2, 1, 4, 0, 1, 2, 4, 4, 1, 2, 1, 2, 1, 1, 1, 1, 2, 1, 2, 1, 1, 1, 1, 3, 2, 3, 0, 4, 0, 1, 4, 0, 3, 2, 2, 2, 0, 1, 1, 0, 2, 0, 1, 2, 2, 1, 0, 0, 3, 2, 4, 1, 2, 2, 3, 1, 1, 1, 3, 0, 4, 3, 1, 1, 1, 1, 0, 4, 4, 4, 1, 3, 1, 2, 1, 1, 1, 2, 1, 0, 1, 3, 1, 2, 2, 1, 4, 1, 1, 2, 4, 3, 2]|[0, 2, 1, 1, 3, 0, 1, 0, 0, 0, 0, 0, 1, 0, 1, 0, 0, 0, 1, 0, 0, 0, 3, 1, 0, 2, 0, 0, 0, 1, 0, 0, 0, 0, 3, 0, 1, 3, 0, 2, 1, 1, 1, 0, 0, 0, 0, 0, 1, 0, 0, 0, 1, 3, 0, 0, 1, 2, 0, 1, 0, 2, 0, 1, 0, 2, 1, 0, 0, 1, 0, 0, 1, 1, 3, 3, 1, 0, 0, 2, 1, 0, 0, 0, 1, 0, 0, 0, 2, 1, 0, 0, 3, 0, 0, 1, 0, 2, 0, 0],789.0948459015889,57286.2722916818,105108.80362125326,false
5,G4_BALANCED,G2_TEC,[31, 22, 82, 15, 26, 9, 90, 42, 77, 4, 79, 5, 93, 78, 86, 54, 85, 63, 18, 44, 20, 49, 36, 14, 48, 50, 53, 17, 21, 45, 71, 64, 3, 23, 30, 83, 24, 41, 60, 52, 65, 27, 95, 70, 39, 87, 74, 69, 99, 68, 46, 1, 38, 58, 97, 59, 28, 8, 73, 37, 35, 47, 11, 66, 76, 57, 72, 16, 92, 6, 80, 61, 33, 98, 32, 34, 62, 67, 10, 7, 19, 43, 51, 56, 84, 13, 29, 96, 0, 81, 2, 40, 89, 55, 25, 88, 12, 94, 75, 91]|[2, 1, 2, 1, 1, 2, 2, 0, 1, 1, 1, 0, 2, 2, 1, 2, 0, 0, 0, 2, 2, 1, 0, 2, 2, 2, 2, 1, 0, 1, 1, 2, 0, 0, 1, 0, 2, 1, 2, 2, 0, 1, 1, 1, 0, 2, 0, 2, 1, 0, 0, 2, 2, 0, 2, 0, 2, 1, 0, 0, 2, 1, 0, 2, 2, 0, 1, 1, 0, 0, 2, 1, 1, 0, 0, 1, 0, 0, 1, 2, 2, 0, 0, 2, 0, 0, 1, 0, 0, 1, 2, 2, 1, 1, 1, 1, 1, 1, 2, 1]|[0, 3, 0, 2, 4, 1, 1, 0, 2, 4, 3, 2, 1, 0, 2, 1, 1, 1, 2, 1, 2, 3, 0, 1, 0, 1, 1, 4, 1, 0, 3, 2, 2, 0, 4, 1, 1, 4, 0, 1, 2, 2, 4, 4, 1, 1, 0, 2, 3, 1, 2, 1, 2, 1, 1, 2, 0, 3, 0, 2, 2, 3, 1, 0, 1, 2, 4, 0, 0, 1, 1, 3, 4, 1, 2, 4, 0, 1, 3, 1, 0, 0, 0, 0, 2, 2, 3, 2, 2, 1, 1, 0, 4, 3, 4, 4, 3, 4, 2, 3]|[0, 2, 0, 1, 3, 0, 0, 0, 0, 0, 2, 0, 1, 0, 1, 0, 0, 0, 1, 0, 0, 2, 0, 0, 0, 0, 0, 3, 0, 1, 0, 0, 0, 0, 3, 0, 1, 3, 1, 0, 0, 1, 1, 3, 0, 0, 1, 0, 2, 0, 0, 0, 0, 0, 1, 0, 0, 0, 1, 1, 0, 2, 0, 0, 0, 1, 2, 1, 1, 0, 0, 0, 1, 0, 0, 2, 0, 0, 3, 0, 0, 0, 0, 0, 1, 0, 0, 0, 0, 1, 0, 0, 1, 0, 3, 1, 0, 2, 1, 0],967.0112774829266,54335.897869781984,126302.3288708994,true
5,G2_TEC,G4_BALANCED,[31, 22, 82, 15, 26, 9, 95, 42, 77, 4, 47, 5, 93, 78, 86, 54, 85, 63, 18, 44, 20, 49, 36, 14, 48, 50, 53, 17, 21, 45, 71, 64, 3, 23, 30, 83, 24, 41, 60, 52, 65, 27, 90, 70, 39, 87, 74, 69, 99, 68, 46, 1, 38, 58, 97, 59, 28, 8, 73, 37, 35, 79, 11, 66, 76, 57, 72, 16, 92, 6, 80, 61, 33, 98, 32, 34, 62, 67, 10, 7, 56, 43, 51, 19, 91, 13, 29, 96, 0, 81, 2, 40, 88, 55, 75, 25, 12, 94, 89, 84]|[2, 1, 2, 1, 1, 2, 2, 1, 1, 1, 1, 0, 0, 2, 1, 2, 0, 0, 0, 2, 2, 1, 0, 2, 2, 2, 2, 1, 0, 1, 1, 1, 0, 0, 1, 0, 2, 1, 2, 2, 0, 1, 2, 1, 0, 2, 0, 2, 1, 0, 0, 2, 2, 0, 2, 0, 2, 1, 0, 0, 2, 1, 2, 2, 2, 1, 1, 1, 0, 1, 0, 1, 1, 0, 0, 1, 0, 0, 1, 2, 2, 1, 0, 2, 1, 0, 1, 0, 0, 1, 2, 2, 1, 1, 1, 1, 1, 1, 1, 0]|[0, 3, 0, 2, 4, 1, 1, 4, 2, 4, 3, 2, 1, 0, 2, 1, 1, 1, 2, 1, 2, 3, 0, 1, 0, 1, 1, 4, 1, 0, 3, 2, 2, 0, 4, 1, 1, 4, 0, 1, 2, 2, 1, 4, 1, 1, 0, 2, 3, 1, 2, 1, 2, 1, 1, 2, 0, 3, 0, 2, 2, 3, 1, 0, 1, 4, 4, 0, 0, 4, 1, 3, 4, 1, 2, 4, 2, 1, 3, 1, 0, 4, 0, 0, 3, 2, 3, 2, 2, 1, 1, 0, 4, 3, 3, 4, 3, 4, 4, 2]|[0, 2, 0, 1, 3, 0, 0, 3, 0, 0, 2, 0, 0, 0, 1, 0, 0, 0, 1, 0, 0, 2, 0, 0, 0, 0, 0, 3, 0, 1, 0, 2, 0, 0, 3, 0, 1, 3, 1, 0, 0, 1, 0, 3, 0, 0, 1, 0, 2, 0, 0, 0, 0, 0, 1, 0, 0, 0, 1, 1, 0, 2, 1, 0, 0, 1, 2, 1, 1, 2, 0, 0, 1, 0, 0, 2, 1, 0, 3, 0, 0, 2, 0, 0, 0, 0, 0, 0, 0, 1, 0, 0, 1, 0, 0, 3, 0, 2, 1, 1],948.8922839357011,54343.17794684255,126419.9714554426,true
5,G3_TWC,G3_TWC,[31, 22, 82, 15, 26, 9, 95, 42, 77, 12, 47, 5, 93, 78, 86, 54, 85, 63, 18, 44, 20, 35, 43, 97, 91, 76, 10, 30, 21, 45, 71, 64, 1, 23, 17, 83, 24, 41, 60, 36, 6, 57, 40, 88, 65, 56, 79, 69, 67, 68, 46, 75, 38, 58, 19, 32, 81, 48, 27, 62, 87, 90, 99, 59, 11, 16, 72, 73, 70, 39, 37, 84, 3, 92, 25, 55, 28, 51, 29, 7, 33, 61, 98, 14, 89, 50, 66, 96, 80, 53, 8, 2, 34, 4, 13, 49, 0, 94, 74, 52]|[1, 1, 0, 1, 1, 0, 1, 2, 2, 1, 2, 2, 2, 1, 0, 0, 0, 1, 0, 2, 2, 0, 1, 2, 0, 1, 2, 2, 0, 0, 1, 2, 1, 0, 1, 0, 2, 0, 1, 1, 0, 1, 1, 1, 0, 2, 2, 2, 0, 0, 0, 0, 1, 1, 2, 1, 2, 1, 0, 0, 2, 1, 0, 1, 2, 1, 2, 1, 1, 1, 1, 1, 1, 0, 1, 1, 0, 0, 0, 1, 0, 1, 0, 0, 1, 0, 2, 0, 0, 0, 1, 0, 2, 1, 0, 0, 0, 1, 2, 2]|[4, 3, 2, 2, 4, 1, 2, 2, 2, 4, 0, 1, 2, 4, 1, 1, 2, 4, 2, 1, 1, 1, 1, 2, 1, 2, 1, 1, 1, 1, 3, 2, 3, 0, 4, 0, 1, 1, 0, 3, 2, 2, 2, 0, 1, 1, 1, 2, 0, 1, 2, 2, 1, 0, 0, 3, 2, 4, 1, 2, 2, 3, 1, 1, 1, 3, 0, 4, 3, 1, 4, 1, 1, 0, 4, 4, 2, 1, 1, 1, 2, 3, 1, 1, 1, 1, 1, 1, 1, 2, 3, 2, 1, 4, 2, 1, 2, 4, 0, 1]|[0, 2, 1, 1, 3, 0, 1, 0, 0, 0, 0, 0, 1, 0, 0, 0, 0, 3, 1, 0, 0, 0, 3, 1, 0, 2, 0, 0, 0, 1, 0, 0, 0, 0, 3, 0, 1, 0, 0, 2, 1, 1, 1, 0, 0, 0, 0, 0, 1, 0, 0, 0, 1, 3, 0, 0, 1, 2, 0, 1, 0, 2, 0, 1, 0, 2, 1, 0, 0, 1, 1, 3, 1, 1, 3, 3, 1, 0, 0, 2, 1, 0, 0, 0, 1, 0, 0, 0, 0, 1, 2, 0, 0, 0, 0, 1, 0, 2, 0, 0],868.8091742880855,57174.219428041026,102154.62402930541,false
5,G1_CMAX,G1_CMAX,[31, 22, 82, 15, 67, 9, 95, 42, 77, 12, 47, 5, 93, 78, 86, 54, 85, 63, 18, 44, 20, 35, 43, 97, 91, 76, 10, 30, 21, 45, 61, 64, 1, 23, 17, 83, 24, 41, 60, 36, 6, 57, 40, 88, 65, 56, 79, 69, 26, 68, 46, 75, 38, 58, 19, 32, 81, 48, 27, 62, 87, 90, 99, 59, 11, 16, 72, 73, 70, 39, 37, 84, 3, 92, 25, 55, 28, 51, 29, 7, 33, 74, 96, 98, 53, 50, 66, 80, 8, 89, 14, 2, 34, 4, 52, 49, 0, 94, 71, 13]|[1, 1, 0, 1, 1, 0, 1, 2, 2, 1, 2, 2, 2, 1, 1, 0, 0, 0, 0, 2, 2, 0, 1, 2, 0, 1, 2, 2, 0, 0, 1, 2, 1, 2, 1, 0, 2, 1, 1, 1, 0, 1, 1, 1, 0, 2, 1, 2, 0, 0, 0, 0, 1, 1, 2, 1, 2, 1, 0, 0, 2, 1, 0, 1, 2, 1, 2, 1, 1, 1, 0, 2, 1, 0, 1, 1, 1, 0, 1, 1, 0, 2, 0, 0, 0, 0, 2, 0, 1, 1, 0, 0, 1, 1, 2, 0, 0, 1, 1, 0]|[4, 3, 2, 2, 4, 1, 2, 2, 1, 4, 0, 1, 2, 4, 4, 1, 2, 1, 2, 1, 1, 1, 1, 2, 1, 2, 1, 1, 1, 1, 3, 2, 3, 0, 4, 0, 1, 4, 0, 3, 2, 2, 2, 0, 1, 1, 0, 2, 0, 1, 2, 2, 1, 0, 0, 3, 2, 4, 1, 2, 2, 3, 1, 1, 1, 3, 0, 4, 3, 1, 1, 1, 1, 0, 4, 4, 4, 1, 3, 1, 2, 1, 1, 1, 2, 1, 0, 1, 3, 1, 2, 2, 1, 4, 1, 1, 2, 4, 3, 2]|[0, 2, 1, 1, 3, 0, 1, 0, 0, 0, 0, 0, 1, 0, 1, 0, 0, 0, 1, 0, 0, 0, 3, 1, 0, 2, 0, 0, 0, 1, 0, 0, 0, 0, 3, 0, 1, 3, 0, 2, 1, 1, 1, 0, 0, 0, 0, 0, 1, 0, 0, 0, 1, 3, 0, 0, 1, 2, 0, 1, 0, 2, 0, 1, 0, 2, 1, 0, 0, 1, 0, 0, 1, 1, 3, 3, 1, 0, 0, 2, 1, 0, 0, 0, 1, 0, 0, 0, 2, 1, 0, 0, 3, 0, 0, 1, 0, 2, 0, 0],789.0948459015889,57286.2722916818,105108.80362125326,false
5,G4_BALANCED,G2_TEC,[31, 22, 82, 15, 26, 9, 90, 42, 77, 4, 79, 5, 93, 78, 86, 54, 85, 63, 18, 44, 20, 49, 36, 14, 48, 50, 53, 17, 21, 45, 71, 64, 3, 23, 30, 83, 24, 41, 60, 52, 65, 27, 95, 70, 39, 87, 74, 69, 99, 68, 46, 1, 38, 58, 97, 59, 28, 8, 73, 37, 35, 47, 11, 66, 76, 57, 72, 16, 92, 6, 80, 61, 33, 98, 32, 34, 62, 67, 10, 7, 19, 43, 51, 56, 84, 13, 29, 96, 0, 81, 2, 40, 89, 55, 25, 88, 12, 94, 75, 91]|[2, 1, 2, 1, 1, 2, 2, 0, 1, 1, 1, 0, 2, 2, 1, 2, 0, 0, 0, 2, 2, 1, 0, 2, 2, 2, 2, 1, 0, 1, 1, 2, 0, 0, 1, 0, 2, 1, 2, 2, 0, 1, 1, 1, 0, 2, 0, 2, 1, 0, 0, 2, 2, 0, 2, 0, 2, 1, 0, 0, 2, 1, 0, 2, 2, 0, 1, 1, 0, 0, 2, 1, 1, 0, 0, 1, 0, 0, 1, 2, 2, 0, 0, 2, 0, 0, 1, 0, 0, 1, 2, 2, 1, 1, 1, 1, 1, 1, 2, 1]|[0, 3, 0, 2, 4, 1, 1, 0, 2, 4, 3, 2, 1, 0, 2, 1, 1, 1, 2, 1, 2, 3, 0, 1, 0, 1, 1, 4, 1, 0, 3, 2, 2, 0, 4, 1, 1, 4, 0, 1, 2, 2, 4, 4, 1, 1, 0, 2, 3, 1, 2, 1, 2, 1, 1, 2, 0, 3, 0, 2, 2, 3, 1, 0, 1, 2, 4, 0, 0, 1, 1, 3, 4, 1, 2, 4, 0, 1, 3, 1, 0, 0, 0, 0, 2, 2, 3, 2, 2, 1, 1, 0, 4, 3, 4, 4, 3, 4, 2, 3]|[0, 2, 0, 1, 3, 0, 0, 0, 0, 0, 2, 0, 1, 0, 1, 0, 0, 0, 1, 0, 0, 2, 0, 0, 0, 0, 0, 3, 0, 1, 0, 0, 0, 0, 3, 0, 1, 3, 1, 0, 0, 1, 1, 3, 0, 0, 1, 0, 2, 0, 0, 0, 0, 0, 1, 0, 0, 0, 1, 1, 0, 2, 0, 0, 0, 1, 2, 1, 1, 0, 0, 0, 1, 0, 0, 2, 0, 0, 3, 0, 0, 0, 0, 0, 1, 0, 0, 0, 0, 1, 0, 0, 1, 0, 3, 1, 0, 2, 1, 0],967.0112774829266,54335.897869781984,126302.3288708994,true
5,G2_TEC,G4_BALANCED,[31, 22, 82, 15, 26, 9, 95, 42, 77, 4, 47, 5, 93, 78, 86, 54, 85, 63, 18, 44, 20, 49, 36, 14, 48, 50, 53, 17, 21, 45, 71, 64, 3, 23, 30, 83, 24, 41, 60, 52, 65, 27, 90, 70, 39, 87, 74, 69, 99, 68, 46, 1, 38, 58, 97, 59, 28, 8, 73, 37, 35, 79, 11, 66, 76, 57, 72, 16, 92, 6, 80, 61, 33, 98, 32, 34, 62, 67, 10, 7, 56, 43, 51, 19, 91, 13, 29, 96, 0, 81, 2, 40, 88, 55, 75, 25, 12, 94, 89, 84]|[2, 1, 2, 1, 1, 2, 2, 1, 1, 1, 1, 0, 0, 2, 1, 2, 0, 0, 0, 2, 2, 1, 0, 2, 2, 2, 2, 1, 0, 1, 1, 1, 0, 0, 1, 0, 2, 1, 2, 2, 0, 1, 2, 1, 0, 2, 0, 2, 1, 0, 0, 2, 2, 0, 2, 0, 2, 1, 0, 0, 2, 1, 2, 2, 2, 1, 1, 1, 0, 1, 0, 1, 1, 0, 0, 1, 0, 0, 1, 2, 2, 1, 0, 2, 1, 0, 1, 0, 0, 1, 2, 2, 1, 1, 1, 1, 1, 1, 1, 0]|[0, 3, 0, 2, 4, 1, 1, 4, 2, 4, 3, 2, 1, 0, 2, 1, 1, 1, 2, 1, 2, 3, 0, 1, 0, 1, 1, 4, 1, 0, 3, 2, 2, 0, 4, 1, 1, 4, 0, 1, 2, 2, 1, 4, 1, 1, 0, 2, 3, 1, 2, 1, 2, 1, 1, 2, 0, 3, 0, 2, 2, 3, 1, 0, 1, 4, 4, 0, 0, 4, 1, 3, 4, 1, 2, 4, 2, 1, 3, 1, 0, 4, 0, 0, 3, 2, 3, 2, 2, 1, 1, 0, 4, 3, 3, 4, 3, 4, 4, 2]|[0, 2, 0, 1, 3, 0, 0, 3, 0, 0, 2, 0, 0, 0, 1, 0, 0, 0, 1, 0, 0, 2, 0, 0, 0, 0, 0, 3, 0, 1, 0, 2, 0, 0, 3, 0, 1, 3, 1, 0, 0, 1, 0, 3, 0, 0, 1, 0, 2, 0, 0, 0, 0, 0, 1, 0, 0, 0, 1, 1, 0, 2, 1, 0, 0, 1, 2, 1, 1, 2, 0, 0, 1, 0, 0, 2, 1, 0, 3, 0, 0, 2, 0, 0, 0, 0, 0, 0, 0, 1, 0, 0, 1, 0, 0, 3, 0, 2, 1, 1],948.8922839357011,54343.17794684255,126419.9714554426,true
5,G3_TWC,G3_TWC,[31, 22, 82, 15, 26, 9, 95, 42, 77, 12, 47, 5, 93, 78, 86, 54, 85, 63, 18, 44, 20, 35, 43, 97, 91, 76, 10, 30, 21, 45, 71, 64, 1, 23, 17, 83, 24, 41, 60, 36, 6, 57, 40, 88, 65, 56, 79, 69, 67, 68, 46, 75, 38, 58, 19, 32, 81, 48, 27, 62, 87, 90, 99, 59, 11, 16, 72, 73, 70, 39, 37, 84, 3, 92, 25, 55, 28, 51, 29, 7, 33, 61, 98, 14, 89, 50, 66, 96, 80, 53, 8, 2, 34, 4, 13, 49, 0, 94, 74, 52]|[1, 1, 0, 1, 1, 0, 1, 2, 2, 1, 2, 2, 2, 1, 0, 0, 0, 1, 0, 2, 2, 0, 1, 2, 0, 1, 2, 2, 0, 0, 1, 2, 1, 0, 1, 0, 2, 0, 1, 1, 0, 1, 1, 1, 0, 2, 2, 2, 0, 0, 0, 0, 1, 1, 2, 1, 2, 1, 0, 0, 2, 1, 0, 1, 2, 1, 2, 1, 1, 1, 1, 1, 1, 0, 1, 1, 0, 0, 0, 1, 0, 1, 0, 0, 1, 0, 2, 0, 0, 0, 1, 0, 2, 1, 0, 0, 0, 1, 2, 2]|[4, 3, 2, 2, 4, 1, 2, 2, 2, 4, 0, 1, 2, 4, 1, 1, 2, 4, 2, 1, 1, 1, 1, 2, 1, 2, 1, 1, 1, 1, 3, 2, 3, 0, 4, 0, 1, 1, 0, 3, 2, 2, 2, 0, 1, 1, 1, 2, 0, 1, 2, 2, 1, 0, 0, 3, 2, 4, 1, 2, 2, 3, 1, 1, 1, 3, 0, 4, 3, 1, 4, 1, 1, 0, 4, 4, 2, 1, 1, 1, 2, 3, 1, 1, 1, 1, 1, 1, 1, 2, 3, 2, 1, 4, 2, 1, 2, 4, 0, 1]|[0, 2, 1, 1, 3, 0, 1, 0, 0, 0, 0, 0, 1, 0, 0, 0, 0, 3, 1, 0, 0, 0, 3, 1, 0, 2, 0, 0, 0, 1, 0, 0, 0, 0, 3, 0, 1, 0, 0, 2, 1, 1, 1, 0, 0, 0, 0, 0, 1, 0, 0, 0, 1, 3, 0, 0, 1, 2, 0, 1, 0, 2, 0, 1, 0, 2, 1, 0, 0, 1, 1, 3, 1, 1, 3, 3, 1, 0, 0, 2, 1, 0, 0, 0, 1, 0, 0, 0, 0, 1, 2, 0, 0, 0, 0, 1, 0, 2, 0, 0],868.8091742880855,57174.219428041026,102154.62402930541,false
5,G1_CMAX,G3_TWC,[31, 22, 82, 15, 26, 9, 95, 42, 77, 12, 47, 5, 93, 78, 86, 54, 85, 63, 18, 44, 20, 35, 43, 97, 91, 76, 10, 30, 21, 45, 71, 64, 1, 23, 17, 83, 24, 41, 60, 36, 6, 57, 40, 88, 65, 56, 79, 69, 67, 68, 46, 75, 38, 58, 19, 32, 81, 48, 27, 62, 87, 90, 99, 59, 11, 16, 72, 73, 70, 39, 37, 84, 3, 92, 25, 55, 28, 51, 29, 7, 33, 61, 96, 14, 4, 50, 66, 98, 80, 53, 8, 2, 34, 89, 52, 49, 0, 94, 74, 13]|[1, 1, 0, 1, 1, 0, 1, 2, 2, 1, 2, 2, 2, 1, 1, 0, 0, 1, 0, 2, 2, 0, 1, 2, 0, 1, 2, 2, 0, 0, 1, 2, 1, 2, 1, 0, 2, 0, 1, 1, 0, 1, 1, 1, 0, 2, 1, 2, 0, 0, 0, 0, 1, 1, 2, 1, 2, 1, 0, 0, 2, 1, 0, 1, 2, 1, 2, 1, 1, 1, 1, 1, 1, 0, 1, 1, 1, 0, 0, 1, 0, 1, 0, 0, 1, 0, 2, 0, 0, 0, 1, 0, 2, 1, 2, 0, 0, 1, 2, 0]|[4, 3, 2, 2, 4, 1, 2, 2, 2, 4, 0, 1, 2, 4, 4, 1, 2, 4, 2, 1, 1, 1, 1, 2, 1, 2, 1, 1, 1, 1, 3, 2, 3, 0, 4, 0, 1, 1, 0, 3, 2, 2, 2, 0, 1, 1, 0, 2, 0, 1, 2, 2, 1, 0, 0, 3, 2, 4, 1, 2, 2, 3, 1, 1, 1, 3, 0, 4, 3, 1, 4, 1, 1, 0, 4, 4, 4, 1, 1, 1, 2, 3, 1, 1, 4, 1, 0, 1, 1, 2, 3, 2, 1, 1, 1, 1, 2, 4, 1, 2]|[0, 2, 1, 1, 3, 0, 1, 0, 0, 0, 0, 0, 1, 0, 1, 0, 0, 3, 1, 0, 0, 0, 3, 1, 0, 2, 0, 0, 0, 1, 0, 0, 0, 0, 3, 0, 1, 0, 0, 2, 1, 1, 1, 0, 0, 0, 0, 0, 1, 0, 0, 0, 1, 3, 0, 0, 1, 2, 0, 1, 0, 2, 0, 1, 0, 2, 1, 0, 0, 1, 1, 3, 1, 1, 3, 3, 1, 0, 0, 2, 1, 0, 0, 0, 0, 0, 0, 0, 0, 1, 2, 0, 0, 1, 0, 1, 0, 2, 0, 0],811.0679225191134,56975.74284540615,104745.79270024941,true
5,G4_BALANCED,G2_TEC,[31, 22, 82, 15, 26, 9, 90, 42, 77, 4, 79, 5, 93, 78, 86, 54, 85, 63, 18, 44, 20, 49, 36, 14, 48, 50, 53, 17, 21, 45, 71, 64, 3, 23, 30, 83, 24, 41, 60, 52, 65, 27, 95, 70, 39, 87, 74, 69, 99, 68, 46, 1, 38, 58, 97, 59, 28, 8, 73, 37, 35, 47, 11, 66, 76, 57, 72, 16, 92, 6, 80, 61, 33, 98, 32, 34, 62, 67, 10, 7, 19, 43, 51, 56, 84, 13, 29, 96, 0, 81, 2, 40, 89, 55, 25, 88, 12, 94, 75, 91]|[2, 1, 2, 1, 1, 2, 2, 0, 1, 1, 1, 0, 2, 2, 1, 2, 0, 0, 0, 2, 2, 1, 0, 2, 2, 2, 2, 1, 0, 1, 1, 2, 0, 0, 1, 0, 2, 1, 2, 2, 0, 1, 1, 1, 0, 2, 0, 2, 1, 0, 0, 2, 2, 0, 2, 0, 2, 1, 0, 0, 2, 1, 0, 2, 2, 0, 1, 1, 0, 0, 2, 1, 1, 0, 0, 1, 0, 0, 1, 2, 2, 0, 0, 2, 0, 0, 1, 0, 0, 1, 2, 2, 1, 1, 1, 1, 1, 1, 2, 1]|[0, 3, 0, 2, 4, 1, 1, 0, 2, 4, 3, 2, 1, 0, 2, 1, 1, 1, 2, 1, 2, 3, 0, 1, 0, 1, 1, 4, 1, 0, 3, 2, 2, 0, 4, 1, 1, 4, 0, 1, 2, 2, 4, 4, 1, 1, 0, 2, 3, 1, 2, 1, 2, 1, 1, 2, 0, 3, 0, 2, 2, 3, 1, 0, 1, 2, 4, 0, 0, 1, 1, 3, 4, 1, 2, 4, 0, 1, 3, 1, 0, 0, 0, 0, 2, 2, 3, 2, 2, 1, 1, 0, 4, 3, 4, 4, 3, 4, 2, 3]|[0, 2, 0, 1, 3, 0, 0, 0, 0, 0, 2, 0, 1, 0, 1, 0, 0, 0, 1, 0, 0, 2, 0, 0, 0, 0, 0, 3, 0, 1, 0, 0, 0, 0, 3, 0, 1, 3, 1, 0, 0, 1, 1, 3, 0, 0, 1, 0, 2, 0, 0, 0, 0, 0, 1, 0, 0, 0, 1, 1, 0, 2, 0, 0, 0, 1, 2, 1, 1, 0, 0, 0, 1, 0, 0, 2, 0, 0, 3, 0, 0, 0, 0, 0, 1, 0, 0, 0, 0, 1, 0, 0, 1, 0, 3, 1, 0, 2, 1, 0],967.0112774829266,54335.897869781984,126302.3288708994,true
5,G2_TEC,G4_BALANCED,[31, 22, 82, 15, 26, 9, 95, 42, 77, 4, 47, 5, 93, 78, 86, 54, 85, 63, 18, 44, 20, 49, 36, 14, 48, 50, 53, 17, 21, 45, 71, 64, 3, 23, 30, 83, 24, 41, 60, 52, 65, 27, 90, 70, 39, 87, 74, 69, 99, 68, 46, 1, 38, 58, 97, 59, 28, 8, 73, 37, 35, 79, 11, 66, 76, 57, 72, 16, 92, 6, 80, 61, 33, 98, 32, 34, 62, 67, 10, 7, 56, 43, 51, 19, 91, 13, 29, 96, 0, 81, 2, 40, 88, 55, 75, 25, 12, 94, 89, 84]|[2, 1, 2, 1, 1, 2, 2, 1, 1, 1, 1, 0, 0, 2, 1, 2, 0, 0, 0, 2, 2, 1, 0, 2, 2, 2, 2, 1, 0, 1, 1, 1, 0, 0, 1, 0, 2, 1, 2, 2, 0, 1, 2, 1, 0, 2, 0, 2, 1, 0, 0, 2, 2, 0, 2, 0, 2, 1, 0, 0, 2, 1, 2, 2, 2, 1, 1, 1, 0, 1, 0, 1, 1, 0, 0, 1, 0, 0, 1, 2, 2, 1, 0, 2, 1, 0, 1, 0, 0, 1, 2, 2, 1, 1, 1, 1, 1, 1, 1, 0]|[0, 3, 0, 2, 4, 1, 1, 4, 2, 4, 3, 2, 1, 0, 2, 1, 1, 1, 2, 1, 2, 3, 0, 1, 0, 1, 1, 4, 1, 0, 3, 2, 2, 0, 4, 1, 1, 4, 0, 1, 2, 2, 1, 4, 1, 1, 0, 2, 3, 1, 2, 1, 2, 1, 1, 2, 0, 3, 0, 2, 2, 3, 1, 0, 1, 4, 4, 0, 0, 4, 1, 3, 4, 1, 2, 4, 2, 1, 3, 1, 0, 4, 0, 0, 3, 2, 3, 2, 2, 1, 1, 0, 4, 3, 3, 4, 3, 4, 4, 2]|[0, 2, 0, 1, 3, 0, 0, 3, 0, 0, 2, 0, 0, 0, 1, 0, 0, 0, 1, 0, 0, 2, 0, 0, 0, 0, 0, 3, 0, 1, 0, 2, 0, 0, 3, 0, 1, 3, 1, 0, 0, 1, 0, 3, 0, 0, 1, 0, 2, 0, 0, 0, 0, 0, 1, 0, 0, 0, 1, 1, 0, 2, 1, 0, 0, 1, 2, 1, 1, 2, 0, 0, 1, 0, 0, 2, 1, 0, 3, 0, 0, 2, 0, 0, 0, 0, 0, 0, 0, 1, 0, 0, 1, 0, 0, 3, 0, 2, 1, 1],948.8922839357011,54343.17794684255,126419.9714554426,true
5,G3_TWC,G3_TWC,[31, 22, 82, 15, 26, 9, 95, 42, 77, 12, 47, 5, 93, 78, 86, 54, 85, 63, 18, 44, 20, 35, 43, 97, 91, 76, 10, 30, 21, 45, 71, 64, 1, 23, 17, 83, 24, 41, 60, 36, 6, 57, 40, 88, 65, 56, 79, 69, 67, 68, 46, 75, 38, 58, 19, 32, 81, 48, 27, 62, 87, 90, 99, 59, 11, 16, 72, 73, 70, 39, 37, 84, 3, 92, 25, 55, 28, 51, 29, 7, 33, 61, 98, 14, 89, 50, 66, 96, 80, 53, 8, 2, 34, 4, 52, 49, 0, 94, 74, 13]|[1, 1, 0, 1, 1, 0, 1, 2, 2, 1, 2, 2, 2, 1, 0, 0, 0, 1, 0, 2, 2, 0, 1, 2, 0, 1, 2, 2, 0, 0, 1, 2, 1, 0, 1, 0, 2, 0, 1, 1, 0, 1, 1, 1, 0, 2, 2, 2, 0, 0, 0, 0, 1, 1, 2, 1, 2, 1, 0, 0, 2, 1, 0, 1, 2, 1, 2, 1, 1, 1, 1, 1, 1, 0, 1, 1, 0, 0, 0, 1, 0, 1, 0, 0, 1, 0, 2, 0, 0, 0, 1, 0, 2, 1, 2, 0, 0, 1, 1, 0]|[4, 3, 2, 2, 4, 1, 2, 2, 2, 4, 0, 1, 2, 4, 1, 1, 2, 4, 2, 1, 1, 1, 1, 2, 1, 2, 1, 1, 1, 1, 3, 2, 3, 0, 4, 0, 1, 1, 0, 3, 2, 2, 2, 0, 1, 1, 1, 2, 0, 1, 2, 2, 1, 0, 0, 3, 2, 4, 1, 2, 2, 3, 1, 1, 1, 3, 0, 4, 3, 1, 4, 1, 1, 0, 4, 4, 2, 1, 1, 1, 2, 3, 1, 1, 1, 1, 1, 1, 1, 2, 3, 2, 1, 4, 1, 1, 2, 4, 3, 2]|[0, 2, 1, 1, 3, 0, 1, 0, 0, 0, 0, 0, 1, 0, 0, 0, 0, 3, 1, 0, 0, 0, 3, 1, 0, 2, 0, 0, 0, 1, 0, 0, 0, 0, 3, 0, 1, 0, 0, 2, 1, 1, 1, 0, 0, 0, 0, 0, 1, 0, 0, 0, 1, 3, 0, 0, 1, 2, 0, 1, 0, 2, 0, 1, 0, 2, 1, 0, 0, 1, 1, 3, 1, 1, 3, 3, 1, 0, 0, 2, 1, 0, 0, 0, 1, 0, 0, 0, 0, 1, 2, 0, 0, 0, 0, 1, 0, 2, 0, 0],868.8091742880855,57060.49302920472,101221.3843147768,false
5,G1_CMAX,G1_CMAX,[31, 22, 82, 15, 73, 9, 95, 42, 77, 12, 47, 98, 93, 78, 86, 54, 85, 63, 18, 44, 20, 35, 43, 97, 37, 76, 10, 30, 21, 45, 71, 64, 1, 23, 17, 83, 24, 41, 60, 36, 6, 57, 40, 88, 65, 56, 79, 69, 67, 68, 46, 75, 38, 58, 19, 32, 81, 48, 27, 62, 87, 90, 99, 59, 11, 16, 72, 26, 70, 89, 91, 84, 3, 92, 25, 55, 28, 51, 29, 7, 66, 61, 5, 33, 53, 50, 96, 80, 8, 39, 14, 2, 34, 4, 52, 49, 0, 94, 74, 13]|[1, 1, 0, 1, 1, 0, 1, 2, 2, 1, 2, 2, 2, 1, 1, 0, 0, 0, 0, 2, 2, 0, 1, 2, 0, 1, 2, 2, 0, 0, 1, 2, 1, 2, 1, 0, 2, 1, 1, 1, 0, 1, 1, 1, 0, 2, 1, 2, 0, 0, 0, 0, 1, 1, 2, 1, 2, 1, 0, 0, 2, 1, 0, 1, 2, 1, 2, 1, 1, 1, 0, 1, 1, 0, 1, 1, 1, 0, 0, 1, 2, 1, 2, 0, 0, 0, 1, 0, 1, 1, 0, 0, 2, 1, 2, 0, 0, 1, 2, 0]|[4, 3, 2, 2, 4, 1, 2, 2, 1, 4, 0, 1, 2, 4, 4, 1, 2, 1, 2, 1, 1, 1, 1, 2, 1, 2, 1, 1, 1, 1, 3, 2, 3, 0, 4, 0, 1, 4, 0, 3, 2, 2, 2, 0, 1, 1, 0, 2, 0, 1, 2, 2, 1, 0, 0, 3, 1, 4, 1, 2, 2, 3, 1, 1, 1, 3, 0, 4, 3, 1, 1, 1, 1, 0, 4, 4, 4, 1, 1, 1, 0, 1, 1, 2, 2, 1, 3, 1, 3, 1, 1, 2, 1, 4, 1, 1, 2, 4, 0, 2]|[0, 2, 1, 1, 3, 0, 1, 0, 0, 0, 0, 0, 1, 0, 1, 0, 0, 0, 1, 0, 0, 0, 3, 1, 0, 2, 0, 0, 0, 1, 0, 0, 0, 0, 3, 0, 1, 3, 0, 2, 1, 1, 1, 0, 0, 0, 0, 0, 1, 0, 0, 0, 1, 3, 0, 0, 0, 2, 0, 1, 0, 2, 0, 1, 0, 2, 1, 0, 0, 1, 0, 3, 1, 1, 3, 3, 1, 0, 0, 2, 0, 3, 0, 1, 1, 0, 2, 0, 2, 1, 0, 0, 0, 0, 0, 1, 0, 2, 0, 0],774.3624095891006,57375.18061298367,107306.07498374351,false
5,G4_BALANCED,G4_BALANCED,[31, 22, 82, 15, 26, 9, 90, 42, 77, 4, 47, 5, 93, 78, 86, 54, 85, 63, 18, 44, 20, 49, 36, 14, 48, 50, 53, 17, 21, 45, 71, 64, 3, 23, 30, 83, 24, 41, 60, 52, 65, 27, 95, 70, 39, 87, 74, 69, 99, 68, 46, 1, 38, 58, 97, 59, 28, 8, 73, 37, 35, 79, 11, 66, 76, 57, 72, 16, 92, 6, 80, 61, 33, 98, 32, 34, 51, 67, 10, 7, 56, 43, 62, 19, 91, 13, 29, 96, 0, 81, 2, 40, 88, 55, 25, 89, 12, 94, 75, 84]|[1, 1, 0, 2, 1, 2, 1, 0, 1, 1, 1, 0, 2, 2, 1, 2, 0, 0, 0, 2, 2, 1, 0, 2, 2, 2, 2, 1, 0, 1, 1, 1, 0, 1, 1, 0, 2, 1, 2, 2, 0, 1, 1, 1, 0, 1, 0, 2, 1, 0, 0, 2, 2, 0, 2, 0, 2, 1, 0, 0, 2, 1, 0, 2, 2, 0, 1, 1, 0, 1, 0, 1, 1, 0, 0, 1, 0, 0, 1, 2, 0, 2, 0, 2, 1, 0, 1, 0, 0, 1, 2, 2, 1, 1, 1, 1, 1, 1, 2, 0]|[3, 3, 2, 2, 4, 1, 4, 0, 2, 4, 3, 2, 1, 0, 2, 1, 1, 1, 2, 1, 2, 3, 0, 1, 0, 1, 1, 4, 1, 0, 3, 2, 2, 3, 4, 1, 1, 4, 0, 1, 2, 2, 4, 4, 1, 0, 0, 2, 3, 1, 2, 1, 2, 1, 1, 2, 0, 3, 0, 2, 2, 3, 1, 0, 1, 0, 4, 0, 0, 4, 1, 3, 4, 1, 2, 4, 0, 1, 3, 1, 2, 1, 2, 0, 3, 2, 3, 2, 2, 1, 1, 0, 4, 3, 4, 4, 3, 4, 2, 1]|[2, 2, 1, 0, 3, 0, 1, 0, 0, 0, 2, 0, 1, 0, 1, 0, 0, 0, 1, 0, 0, 2, 0, 0, 0, 0, 0, 3, 0, 1, 0, 2, 0, 0, 3, 0, 1, 3, 1, 0, 0, 1, 1, 3, 0, 0, 1, 0, 2, 0, 0, 0, 0, 0, 1, 0, 0, 0, 1, 1, 0, 2, 0, 0, 0, 1, 2, 1, 1, 2, 0, 0, 1, 0, 0, 2, 0, 0, 3, 0, 1, 0, 1, 0, 0, 0, 0, 0, 0, 1, 0, 0, 1, 0, 3, 1, 0, 2, 1, 0],862.5852121192183,55479.517208510064,123717.62532828261,false
5,G2_TEC,G3_TWC,[31, 22, 82, 15, 67, 9, 95, 42, 77, 12, 47, 5, 93, 78, 37, 54, 85, 63, 18, 44, 20, 35, 43, 97, 91, 76, 10, 30, 21, 45, 61, 64, 1, 23, 17, 83, 24, 41, 60, 36, 6, 57, 40, 88, 65, 56, 79, 69, 26, 68, 46, 75, 38, 58, 19, 32, 81, 48, 27, 62, 87, 90, 99, 59, 11, 16, 72, 73, 70, 39, 86, 84, 50, 92, 25, 55, 28, 51, 29, 7, 33, 71, 98, 14, 89, 3, 66, 96, 80, 53, 8, 2, 34, 4, 52, 49, 0, 94, 74, 13]|[1, 1, 0, 1, 1, 0, 1, 2, 2, 1, 2, 2, 2, 1, 1, 0, 0, 0, 0, 2, 2, 0, 1, 2, 0, 1, 2, 2, 0, 0, 1, 2, 1, 2, 1, 0, 2, 1, 1, 1, 0, 1, 1, 1, 0, 2, 1, 2, 0, 0, 0, 0, 1, 1, 2, 1, 2, 1, 0, 0, 2, 1, 0, 1, 2, 1, 2, 1, 1, 1, 1, 1, 0, 0, 1, 1, 1, 0, 0, 1, 0, 2, 0, 0, 1, 1, 2, 1, 0, 0, 1, 0, 1, 1, 2, 0, 0, 1, 2, 0]|[4, 3, 2, 2, 4, 1, 2, 2, 2, 4, 0, 1, 2, 4, 4, 1, 2, 1, 2, 1, 1, 1, 1, 2, 1, 2, 1, 1, 1, 1, 3, 2, 3, 0, 4, 0, 1, 4, 0, 3, 2, 2, 2, 0, 1, 1, 0, 2, 0, 1, 2, 2, 1, 0, 0, 3, 2, 4, 1, 2, 2, 3, 1, 1, 1, 3, 0, 4, 3, 0, 4, 1, 1, 0, 4, 4, 4, 1, 1, 1, 2, 1, 1, 1, 1, 1, 0, 3, 1, 2, 3, 2, 0, 4, 1, 1, 2, 4, 1, 2]|[0, 2, 1, 1, 3, 0, 1, 0, 0, 0, 0, 0, 1, 0, 1, 0, 0, 0, 1, 0, 0, 0, 3, 1, 0, 2, 0, 0, 0, 1, 0, 0, 0, 0, 3, 0, 1, 3, 0, 2, 1, 1, 1, 0, 0, 0, 0, 0, 1, 0, 0, 0, 1, 3, 0, 0, 1, 2, 0, 1, 0, 2, 0, 1, 0, 2, 1, 0, 0, 1, 1, 3, 0, 1, 3, 3, 1, 0, 0, 2, 1, 0, 0, 0, 1, 1, 0, 2, 0, 1, 2, 0, 3, 0, 0, 1, 0, 2, 0, 0],763.528282981251,57768.88373513239,105395.61400959778,true
5,G3_TWC,G3_TWC,[31, 22, 82, 15, 26, 9, 95, 42, 77, 12, 47, 5, 93, 78, 86, 54, 85, 63, 18, 44, 20, 35, 43, 97, 91, 76, 10, 30, 21, 45, 71, 64, 1, 23, 17, 83, 24, 41, 60, 36, 6, 57, 40, 88, 65, 56, 79, 69, 67, 68, 46, 75, 38, 58, 19, 32, 81, 48, 27, 62, 87, 90, 99, 59, 11, 16, 72, 73, 70, 39, 37, 84, 3, 92, 25, 55, 28, 51, 29, 7, 33, 61, 98, 14, 89, 50, 66, 96, 80, 53, 8, 2, 34, 4, 52, 49, 0, 94, 74, 13]|[1, 1, 0, 1, 1, 0, 1, 2, 2, 1, 2, 2, 2, 1, 0, 0, 0, 1, 0, 2, 2, 0, 1, 2, 0, 1, 2, 2, 0, 0, 1, 2, 1, 0, 1, 0, 2, 0, 1, 1, 0, 1, 1, 1, 0, 2, 2, 2, 0, 0, 0, 0, 1, 1, 2, 1, 2, 1, 0, 0, 2, 1, 0, 1, 2, 1, 2, 1, 1, 1, 1, 1, 1, 0, 1, 1, 0, 0, 0, 1, 0, 1, 0, 0, 1, 0, 2, 0, 0, 0, 1, 0, 2, 1, 2, 0, 0, 1, 1, 0]|[4, 3, 2, 2, 4, 1, 2, 2, 2, 4, 0, 1, 2, 4, 1, 1, 2, 4, 2, 1, 1, 1, 1, 2, 1, 2, 1, 1, 1, 1, 3, 2, 3, 0, 4, 0, 1, 1, 0, 3, 2, 2, 2, 0, 1, 1, 1, 2, 0, 1, 2, 2, 1, 0, 0, 3, 2, 4, 1, 2, 2, 3, 1, 1, 1, 3, 0, 4, 3, 1, 4, 1, 1, 0, 4, 4, 2, 1, 1, 1, 2, 3, 1, 1, 1, 1, 1, 1, 1, 2, 3, 2, 1, 4, 1, 1, 2, 4, 3, 2]|[0, 2, 1, 1, 3, 0, 1, 0, 0, 0, 0, 0, 1, 0, 0, 0, 0, 3, 1, 0, 0, 0, 3, 1, 0, 2, 0, 0, 0, 1, 0, 0, 0, 0, 3, 0, 1, 0, 0, 2, 1, 1, 1, 0, 0, 0, 0, 0, 1, 0, 0, 0, 1, 3, 0, 0, 1, 2, 0, 1, 0, 2, 0, 1, 0, 2, 1, 0, 0, 1, 1, 3, 1, 1, 3, 3, 1, 0, 0, 2, 1, 0, 0, 0, 1, 0, 0, 0, 0, 1, 2, 0, 0, 0, 0, 1, 0, 2, 0, 0],868.8091742880855,57060.49302920472,101221.3843147768,false
5,G1_CMAX,G1_CMAX,[52, 22, 82, 39, 26, 9, 89, 5, 12, 77, 93, 78, 31, 54, 85, 63, 18, 44, 20, 35, 43, 76, 87, 30, 45, 71, 64, 1, 23, 17, 83, 24, 41, 60, 36, 6, 57, 40, 88, 65, 91, 56, 79, 69, 67, 68, 46, 75, 38, 58, 19, 32, 81, 48, 27, 62, 42, 84, 96, 95, 70, 73, 72, 16, 11, 15, 99, 90, 3, 92, 25, 55, 51, 28, 29, 7, 86, 74, 98, 37, 59, 50, 66, 10, 47, 97, 8, 80, 53, 14, 21, 2, 34, 4, 33, 49, 0, 94, 61, 13]|[2, 1, 0, 1, 1, 0, 1, 2, 1, 2, 2, 1, 1, 0, 0, 0, 0, 2, 2, 0, 1, 1, 2, 2, 0, 1, 2, 1, 2, 1, 0, 2, 1, 1, 1, 0, 1, 1, 1, 0, 0, 2, 1, 2, 0, 0, 0, 0, 1, 0, 2, 1, 2, 1, 0, 0, 2, 1, 1, 1, 1, 1, 2, 1, 2, 1, 0, 1, 1, 0, 1, 1, 0, 1, 1, 1, 1, 2, 2, 0, 1, 0, 2, 2, 2, 2, 1, 0, 0, 0, 0, 0, 2, 1, 2, 0, 0, 1, 1, 0]|[1, 3, 2, 1, 0, 1, 1, 1, 4, 1, 2, 4, 3, 1, 2, 1, 2, 1, 1, 1, 1, 2, 2, 1, 1, 3, 2, 3, 0, 4, 0, 1, 4, 0, 3, 2, 2, 2, 0, 1, 1, 1, 0, 2, 0, 1, 2, 2, 1, 0, 0, 3, 2, 4, 1, 2, 1, 1, 3, 2, 1, 4, 0, 3, 1, 2, 1, 3, 1, 0, 4, 4, 1, 4, 3, 1, 4, 0, 0, 1, 1, 1, 0, 1, 1, 2, 3, 1, 2, 1, 1, 2, 1, 4, 2, 1, 2, 4, 1, 2]|[0, 1, 1, 1, 3, 0, 1, 0, 0, 0, 1, 0, 2, 0, 0, 0, 1, 0, 0, 0, 3, 2, 0, 0, 1, 0, 0, 0, 0, 3, 0, 1, 3, 0, 2, 1, 1, 1, 0, 0, 0, 0, 0, 0, 1, 0, 0, 0, 1, 1, 0, 0, 0, 2, 0, 1, 0, 3, 2, 1, 3, 0, 1, 2, 0, 1, 0, 2, 1, 1, 3, 3, 0, 1, 0, 2, 1, 0, 0, 0, 1, 0, 0, 0, 0, 1, 2, 0, 1, 0, 0, 0, 0, 0, 1, 1, 0, 2, 3, 0],744.5504451349321,58431.33066549081,105266.06001032445,false
5,G4_BALANCED,G2_TEC,[31, 22, 82, 15, 26, 9, 90, 42, 77, 4, 79, 5, 93, 78, 86, 54, 85, 63, 18, 44, 20, 49, 36, 14, 48, 50, 53, 17, 21, 45, 38, 64, 3, 23, 30, 83, 24, 41, 60, 52, 65, 27, 95, 70, 39, 87, 74, 69, 99, 68, 75, 1, 40, 58, 97, 59, 28, 8, 73, 37, 35, 47, 11, 66, 76, 57, 72, 16, 92, 6, 80, 61, 33, 98, 32, 34, 51, 67, 10, 7, 56, 43, 62, 19, 91, 13, 29, 96, 0, 81, 2, 71, 88, 55, 46, 25, 12, 94, 89, 84]|[2, 1, 2, 1, 1, 2, 1, 0, 1, 1, 1, 0, 2, 2, 1, 2, 0, 0, 0, 2, 2, 1, 0, 2, 2, 2, 2, 1, 0, 1, 2, 1, 0, 1, 1, 0, 2, 1, 2, 2, 0, 1, 1, 1, 0, 2, 0, 2, 1, 0, 2, 2, 2, 0, 2, 0, 2, 1, 0, 0, 2, 1, 0, 0, 2, 0, 1, 1, 0, 1, 2, 1, 1, 0, 0, 1, 0, 0, 1, 2, 0, 1, 0, 2, 1, 0, 1, 0, 0, 1, 2, 1, 1, 1, 0, 1, 1, 0, 1, 0]|[0, 3, 0, 2, 4, 1, 4, 0, 2, 4, 3, 2, 1, 0, 2, 1, 1, 1, 2, 1, 2, 3, 0, 1, 0, 1, 1, 4, 1, 0, 2, 2, 2, 3, 4, 1, 1, 4, 0, 1, 2, 2, 4, 4, 1, 1, 0, 2, 3, 1, 2, 1, 0, 1, 1, 2, 0, 3, 0, 2, 2, 3, 1, 2, 1, 0, 4, 0, 0, 4, 1, 3, 4, 1, 2, 4, 0, 1, 3, 1, 2, 4, 2, 0, 3, 2, 3, 2, 2, 1, 1, 3, 4, 3, 2, 4, 3, 0, 4, 2]|[0, 2, 0, 1, 3, 0, 1, 0, 0, 0, 2, 0, 1, 0, 1, 0, 0, 0, 1, 0, 0, 2, 0, 0, 0, 0, 0, 3, 0, 1, 0, 2, 0, 0, 3, 0, 1, 3, 1, 0, 0, 1, 1, 3, 0, 0, 1, 0, 2, 0, 1, 0, 0, 0, 1, 0, 0, 0, 1, 1, 0, 2, 0, 0, 0, 1, 2, 1, 1, 2, 0, 0, 1, 0, 0, 2, 0, 0, 3, 0, 1, 2, 1, 0, 0, 0, 0, 0, 0, 1, 0, 0, 1, 0, 0, 3, 0, 1, 1, 1],880.7999515313535,55105.08885805552,118765.43127796176,true
5,G2_TEC,G4_BALANCED,[31, 22, 82, 15, 26, 9, 95, 42, 77, 4, 47, 5, 93, 78, 86, 54, 85, 63, 18, 44, 20, 49, 36, 14, 48, 50, 53, 17, 21, 45, 71, 64, 3, 23, 30, 83, 24, 41, 60, 52, 65, 27, 90, 70, 39, 87, 74, 69, 99, 68, 46, 1, 38, 58, 97, 59, 28, 8, 73, 37, 35, 79, 11, 66, 76, 57, 72, 16, 92, 6, 80, 61, 33, 98, 32, 34, 62, 67, 10, 7, 56, 43, 51, 19, 91, 13, 29, 96, 0, 81, 2, 40, 88, 55, 75, 25, 12, 94, 89, 84]|[2, 1, 2, 1, 1, 2, 2, 1, 1, 1, 1, 0, 0, 2, 1, 2, 0, 0, 0, 2, 2, 1, 0, 2, 2, 2, 2, 1, 0, 1, 1, 1, 0, 0, 1, 0, 2, 1, 2, 2, 0, 1, 2, 1, 0, 2, 0, 2, 1, 0, 0, 2, 2, 0, 2, 0, 2, 1, 0, 0, 2, 1, 2, 2, 2, 1, 1, 1, 0, 1, 0, 1, 1, 0, 0, 1, 0, 0, 1, 2, 2, 1, 0, 2, 1, 0, 1, 0, 0, 1, 2, 2, 1, 1, 1, 1, 1, 1, 1, 0]|[0, 3, 0, 2, 4, 1, 1, 4, 2, 4, 3, 2, 1, 0, 2, 1, 1, 1, 2, 1, 2, 3, 0, 1, 0, 1, 1, 4, 1, 0, 3, 2, 2, 0, 4, 1, 1, 4, 0, 1, 2, 2, 1, 4, 1, 1, 0, 2, 3, 1, 2, 1, 2, 1, 1, 2, 0, 3, 0, 2, 2, 3, 1, 0, 1, 4, 4, 0, 0, 4, 1, 3, 4, 1, 2, 4, 2, 1, 3, 1, 0, 4, 0, 0, 3, 2, 3, 2, 2, 1, 1, 0, 4, 3, 3, 4, 3, 4, 4, 2]|[0, 2, 0, 1, 3, 0, 0, 3, 0, 0, 2, 0, 0, 0, 1, 0, 0, 0, 1, 0, 0, 2, 0, 0, 0, 0, 0, 3, 0, 1, 0, 2, 0, 0, 3, 0, 1, 3, 1, 0, 0, 1, 0, 3, 0, 0, 1, 0, 2, 0, 0, 0, 0, 0, 1, 0, 0, 0, 1, 1, 0, 2, 1, 0, 0, 1, 2, 1, 1, 2, 0, 0, 1, 0, 0, 2, 1, 0, 3, 0, 0, 2, 0, 0, 0, 0, 0, 0, 0, 1, 0, 0, 1, 0, 0, 3, 0, 2, 1, 1],948.8922839357011,54343.17794684255,126419.9714554426,true
5,G3_TWC,G3_TWC,[31, 22, 82, 15, 26, 9, 95, 42, 77, 12, 47, 5, 93, 78, 86, 54, 85, 63, 18, 44, 20, 35, 43, 97, 91, 76, 10, 30, 21, 45, 71, 64, 1, 23, 17, 83, 24, 41, 60, 36, 6, 57, 40, 88, 65, 56, 79, 69, 67, 68, 46, 75, 38, 58, 19, 32, 81, 48, 27, 62, 87, 90, 99, 59, 11, 16, 72, 73, 70, 39, 37, 84, 3, 92, 25, 55, 28, 51, 29, 7, 33, 61, 98, 14, 89, 50, 66, 96, 80, 53, 8, 2, 34, 4, 52, 49, 0, 94, 74, 13]|[1, 1, 0, 1, 1, 0, 1, 2, 2, 1, 2, 2, 2, 1, 0, 0, 0, 1, 0, 2, 2, 0, 1, 2, 0, 1, 2, 2, 0, 0, 1, 2, 1, 0, 1, 0, 2, 0, 1, 1, 0, 1, 1, 1, 0, 2, 2, 2, 0, 0, 0, 0, 1, 1, 2, 1, 2, 1, 0, 0, 2, 1, 0, 1, 2, 1, 2, 1, 1, 1, 1, 1, 1, 0, 1, 1, 0, 0, 0, 1, 0, 1, 0, 0, 1, 0, 2, 0, 0, 0, 1, 0, 2, 1, 2, 0, 0, 1, 1, 0]|[4, 3, 2, 2, 4, 1, 2, 2, 2, 4, 0, 1, 2, 4, 1, 1, 2, 4, 2, 1, 1, 1, 1, 2, 1, 2, 1, 1, 1, 1, 3, 2, 3, 0, 4, 0, 1, 1, 0, 3, 2, 2, 2, 0, 1, 1, 1, 2, 0, 1, 2, 2, 1, 0, 0, 3, 2, 4, 1, 2, 2, 3, 1, 1, 1, 3, 0, 4, 3, 1, 4, 1, 1, 0, 4, 4, 2, 1, 1, 1, 2, 3, 1, 1, 1, 1, 1, 1, 1, 2, 3, 2, 1, 4, 1, 1, 2, 4, 3, 2]|[0, 2, 1, 1, 3, 0, 1, 0, 0, 0, 0, 0, 1, 0, 0, 0, 0, 3, 1, 0, 0, 0, 3, 1, 0, 2, 0, 0, 0, 1, 0, 0, 0, 0, 3, 0, 1, 0, 0, 2, 1, 1, 1, 0, 0, 0, 0, 0, 1, 0, 0, 0, 1, 3, 0, 0, 1, 2, 0, 1, 0, 2, 0, 1, 0, 2, 1, 0, 0, 1, 1, 3, 1, 1, 3, 3, 1, 0, 0, 2, 1, 0, 0, 0, 1, 0, 0, 0, 0, 1, 2, 0, 0, 0, 0, 1, 0, 2, 0, 0],868.8091742880855,57060.49302920472,101221.3843147768,false
5,G1_CMAX,G2_TEC,[31, 22, 82, 15, 26, 9, 90, 42, 77, 4, 79, 5, 93, 78, 86, 54, 85, 63, 18, 44, 20, 49, 36, 14, 48, 50, 53, 17, 21, 45, 71, 64, 3, 23, 30, 83, 24, 41, 60, 52, 65, 27, 95, 70, 89, 87, 74, 69, 99, 68, 46, 1, 38, 58, 97, 59, 28, 8, 73, 37, 35, 47, 11, 66, 76, 57, 72, 16, 92, 6, 80, 61, 33, 98, 32, 34, 62, 67, 10, 7, 19, 43, 51, 56, 91, 13, 29, 96, 0, 81, 2, 40, 88, 55, 75, 25, 12, 94, 39, 84]|[1, 1, 2, 1, 1, 2, 1, 0, 1, 1, 1, 0, 2, 2, 1, 2, 0, 0, 0, 2, 2, 1, 0, 2, 2, 2, 2, 1, 0, 1, 1, 1, 0, 0, 1, 0, 2, 1, 2, 2, 0, 1, 1, 1, 1, 1, 0, 2, 1, 0, 0, 2, 2, 0, 2, 0, 2, 1, 0, 0, 2, 1, 0, 2, 2, 0, 1, 1, 0, 0, 2, 1, 1, 0, 0, 1, 0, 0, 1, 2, 2, 1, 0, 0, 1, 0, 1, 0, 0, 1, 2, 2, 1, 1, 0, 1, 1, 1, 1, 0]|[3, 3, 0, 2, 4, 1, 4, 0, 2, 4, 3, 2, 1, 0, 2, 1, 1, 1, 2, 1, 2, 3, 0, 1, 0, 1, 1, 4, 1, 0, 3, 2, 2, 0, 4, 1, 1, 4, 0, 1, 2, 2, 4, 4, 4, 0, 0, 2, 3, 1, 2, 1, 2, 1, 1, 2, 0, 3, 0, 2, 2, 3, 1, 0, 1, 0, 4, 0, 0, 1, 1, 3, 4, 1, 2, 4, 2, 1, 3, 1, 0, 4, 0, 2, 3, 2, 3, 2, 2, 1, 1, 0, 4, 3, 2, 4, 3, 4, 4, 2]|[2, 2, 0, 1, 3, 0, 1, 0, 0, 0, 2, 0, 1, 0, 1, 0, 0, 0, 1, 0, 0, 2, 0, 0, 0, 0, 0, 3, 0, 1, 0, 2, 0, 0, 3, 0, 1, 3, 1, 0, 0, 1, 1, 3, 1, 0, 1, 0, 2, 0, 0, 0, 0, 0, 1, 0, 0, 0, 1, 1, 0, 2, 0, 0, 0, 1, 2, 1, 1, 0, 0, 0, 1, 0, 0, 2, 1, 0, 3, 0, 0, 2, 0, 1, 0, 0, 0, 0, 0, 1, 0, 0, 1, 0, 0, 3, 0, 2, 1, 1],931.6540022061757,54720.582947080235,120229.31403037685,true
5,G4_BALANCED,G4_BALANCED,[31, 22, 82, 15, 26, 9, 90, 42, 77, 4, 47, 5, 93, 78, 86, 54, 85, 63, 18, 44, 20, 49, 36, 14, 48, 50, 53, 17, 21, 45, 71, 64, 3, 23, 30, 83, 24, 41, 60, 52, 65, 27, 95, 70, 39, 87, 74, 69, 99, 68, 46, 1, 38, 58, 97, 59, 28, 8, 73, 37, 35, 79, 11, 66, 76, 57, 72, 16, 92, 6, 80, 61, 33, 98, 32, 34, 51, 67, 10, 7, 56, 43, 62, 19, 91, 13, 29, 96, 0, 81, 2, 40, 88, 55, 25, 89, 12, 94, 75, 84]|[1, 1, 0, 2, 1, 2, 1, 0, 1, 1, 1, 0, 2, 2, 1, 2, 0, 0, 0, 2, 2, 1, 0, 2, 2, 2, 2, 1, 0, 1, 1, 1, 0, 1, 1, 0, 2, 1, 2, 2, 0, 1, 1, 1, 0, 1, 0, 2, 1, 0, 0, 2, 2, 0, 2, 0, 2, 1, 0, 0, 2, 1, 0, 2, 2, 0, 1, 1, 0, 1, 0, 1, 1, 0, 0, 1, 0, 0, 1, 2, 0, 2, 0, 2, 1, 0, 1, 0, 0, 1, 2, 2, 1, 1, 1, 1, 1, 1, 2, 0]|[3, 3, 2, 2, 4, 1, 4, 0, 2, 4, 3, 2, 1, 0, 2, 1, 1, 1, 2, 1, 2, 3, 0, 1, 0, 1, 1, 4, 1, 0, 3, 2, 2, 3, 4, 1, 1, 4, 0, 1, 2, 2, 4, 4, 1, 0, 0, 2, 3, 1, 2, 1, 2, 1, 1, 2, 0, 3, 0, 2, 2, 3, 1, 0, 1, 0, 4, 0, 0, 4, 1, 3, 4, 1, 2, 4, 0, 1, 3, 1, 2, 1, 2, 0, 3, 2, 3, 2, 2, 1, 1, 0, 4, 3, 4, 4, 3, 4, 2, 1]|[2, 2, 1, 0, 3, 0, 1, 0, 0, 0, 2, 0, 1, 0, 1, 0, 0, 0, 1, 0, 0, 2, 0, 0, 0, 0, 0, 3, 0, 1, 0, 2, 0, 0, 3, 0, 1, 3, 1, 0, 0, 1, 1, 3, 0, 0, 1, 0, 2, 0, 0, 0, 0, 0, 1, 0, 0, 0, 1, 1, 0, 2, 0, 0, 0, 1, 2, 1, 1, 2, 0, 0, 1, 0, 0, 2, 0, 0, 3, 0, 1, 0, 1, 0, 0, 0, 0, 0, 0, 1, 0, 0, 1, 0, 3, 1, 0, 2, 1, 0],862.5852121192183,55479.517208510064,123717.62532828261,false
5,G2_TEC,G4_BALANCED,[31, 22, 82, 15, 26, 9, 95, 42, 77, 4, 47, 5, 93, 78, 86, 54, 85, 63, 18, 44, 20, 49, 36, 14, 48, 50, 53, 17, 21, 45, 71, 64, 3, 23, 30, 83, 24, 41, 60, 52, 65, 27, 90, 70, 39, 87, 74, 69, 99, 68, 46, 1, 38, 58, 97, 59, 28, 8, 73, 37, 35, 79, 11, 66, 76, 57, 72, 16, 92, 6, 80, 61, 33, 98, 32, 34, 62, 67, 10, 7, 56, 43, 51, 19, 91, 13, 29, 96, 0, 81, 2, 40, 88, 55, 75, 25, 12, 94, 89, 84]|[2, 1, 2, 1, 1, 2, 2, 1, 1, 1, 1, 0, 0, 2, 1, 2, 0, 0, 0, 2, 2, 1, 0, 2, 2, 2, 2, 1, 0, 1, 1, 1, 0, 0, 1, 0, 2, 1, 2, 2, 0, 1, 2, 1, 0, 2, 0, 2, 1, 0, 0, 2, 2, 0, 2, 0, 2, 1, 0, 0, 2, 1, 2, 2, 2, 1, 1, 1, 0, 1, 0, 1, 1, 0, 0, 1, 0, 0, 1, 2, 2, 1, 0, 2, 1, 0, 1, 0, 0, 1, 2, 2, 1, 1, 1, 1, 1, 1, 1, 0]|[0, 3, 0, 2, 4, 1, 1, 4, 2, 4, 3, 2, 1, 0, 2, 1, 1, 1, 2, 1, 2, 3, 0, 1, 0, 1, 1, 4, 1, 0, 3, 2, 2, 0, 4, 1, 1, 4, 0, 1, 2, 2, 1, 4, 1, 1, 0, 2, 3, 1, 2, 1, 2, 1, 1, 2, 0, 3, 0, 2, 2, 3, 1, 0, 1, 4, 4, 0, 0, 4, 1, 3, 4, 1, 2, 4, 2, 1, 3, 1, 0, 4, 0, 0, 3, 2, 3, 2, 2, 1, 1, 0, 4, 3, 3, 4, 3, 4, 4, 2]|[0, 2, 0, 1, 3, 0, 0, 3, 0, 0, 2, 0, 0, 0, 1, 0, 0, 0, 1, 0, 0, 2, 0, 0, 0, 0, 0, 3, 0, 1, 0, 2, 0, 0, 3, 0, 1, 3, 1, 0, 0, 1, 0, 3, 0, 0, 1, 0, 2, 0, 0, 0, 0, 0, 1, 0, 0, 0, 1, 1, 0, 2, 1, 0, 0, 1, 2, 1, 1, 2, 0, 0, 1, 0, 0, 2, 1, 0, 3, 0, 0, 2, 0, 0, 0, 0, 0, 0, 0, 1, 0, 0, 1, 0, 0, 3, 0, 2, 1, 1],948.8922839357011,54343.17794684255,126419.9714554426,true
5,G3_TWC,G3_TWC,[31, 22, 82, 15, 26, 9, 95, 42, 77, 12, 47, 5, 93, 78, 86, 54, 85, 63, 18, 44, 20, 35, 43, 97, 91, 76, 10, 30, 21, 45, 71, 64, 1, 23, 17, 83, 24, 41, 60, 36, 6, 57, 40, 88, 65, 56, 79, 69, 67, 68, 46, 75, 38, 58, 19, 32, 81, 48, 27, 62, 87, 90, 99, 59, 11, 16, 72, 73, 70, 39, 37, 84, 3, 92, 25, 55, 28, 51, 29, 7, 33, 61, 98, 14, 89, 50, 66, 96, 80, 53, 8, 2, 34, 4, 52, 49, 0, 94, 74, 13]|[1, 1, 0, 1, 1, 0, 1, 2, 2, 1, 2, 2, 2, 1, 0, 0, 0, 1, 0, 2, 2, 0, 1, 2, 0, 1, 2, 2, 0, 0, 1, 2, 1, 0, 1, 0, 2, 0, 1, 1, 0, 1, 1, 1, 0, 2, 2, 2, 0, 0, 0, 0, 1, 1, 2, 1, 2, 1, 0, 0, 2, 1, 0, 1, 2, 1, 2, 1, 1, 1, 1, 1, 1, 0, 1, 1, 0, 0, 0, 1, 0, 1, 0, 0, 1, 0, 2, 0, 0, 0, 1, 0, 2, 1, 2, 0, 0, 1, 1, 0]|[4, 3, 2, 2, 4, 1, 2, 2, 2, 4, 0, 1, 2, 4, 1, 1, 2, 4, 2, 1, 1, 1, 1, 2, 1, 2, 1, 1, 1, 1, 3, 2, 3, 0, 4, 0, 1, 1, 0, 3, 2, 2, 2, 0, 1, 1, 1, 2, 0, 1, 2, 2, 1, 0, 0, 3, 2, 4, 1, 2, 2, 3, 1, 1, 1, 3, 0, 4, 3, 1, 4, 1, 1, 0, 4, 4, 2, 1, 1, 1, 2, 3, 1, 1, 1, 1, 1, 1, 1, 2, 3, 2, 1, 4, 1, 1, 2, 4, 3, 2]|[0, 2, 1, 1, 3, 0, 1, 0, 0, 0, 0, 0, 1, 0, 0, 0, 0, 3, 1, 0, 0, 0, 3, 1, 0, 2, 0, 0, 0, 1, 0, 0, 0, 0, 3, 0, 1, 0, 0, 2, 1, 1, 1, 0, 0, 0, 0, 0, 1, 0, 0, 0, 1, 3, 0, 0, 1, 2, 0, 1, 0, 2, 0, 1, 0, 2, 1, 0, 0, 1, 1, 3, 1, 1, 3, 3, 1, 0, 0, 2, 1, 0, 0, 0, 1, 0, 0, 0, 0, 1, 2, 0, 0, 0, 0, 1, 0, 2, 0, 0],868.8091742880855,57060.49302920472,101221.3843147768,false
5,G1_CMAX,G2_TEC,[31, 22, 82, 15, 26, 9, 90, 42, 77, 4, 79, 5, 93, 78, 86, 54, 85, 63, 18, 44, 20, 49, 36, 14, 48, 50, 53, 17, 21, 45, 71, 64, 3, 23, 30, 83, 24, 41, 60, 52, 65, 27, 95, 70, 89, 87, 74, 69, 99, 68, 46, 1, 38, 58, 97, 59, 28, 8, 73, 37, 35, 47, 11, 66, 76, 57, 72, 16, 92, 6, 80, 61, 33, 98, 32, 34, 62, 67, 10, 7, 19, 43, 51, 56, 91, 13, 29, 96, 0, 81, 2, 40, 88, 55, 75, 25, 12, 94, 39, 84]|[1, 1, 2, 1, 1, 2, 1, 0, 1, 1, 1, 0, 2, 2, 1, 2, 0, 0, 0, 2, 2, 1, 0, 2, 2, 2, 2, 1, 0, 1, 1, 1, 0, 0, 1, 0, 2, 1, 2, 2, 0, 1, 1, 1, 1, 1, 0, 2, 1, 0, 0, 2, 2, 0, 2, 0, 2, 1, 0, 0, 2, 1, 0, 2, 2, 0, 1, 1, 0, 0, 2, 1, 1, 0, 0, 1, 0, 0, 1, 2, 2, 1, 0, 0, 1, 0, 1, 0, 0, 1, 2, 2, 1, 1, 0, 1, 1, 1, 1, 0]|[3, 3, 0, 2, 4, 1, 4, 0, 2, 4, 3, 2, 1, 0, 2, 1, 1, 1, 2, 1, 2, 3, 0, 1, 0, 1, 1, 4, 1, 0, 3, 2, 2, 0, 4, 1, 1, 4, 0, 1, 2, 2, 4, 4, 4, 0, 0, 2, 3, 1, 2, 1, 2, 1, 1, 2, 0, 3, 0, 2, 2, 3, 1, 0, 1, 0, 4, 0, 0, 1, 1, 3, 4, 1, 2, 4, 2, 1, 3, 1, 0, 4, 0, 2, 3, 2, 3, 2, 2, 1, 1, 0, 4, 3, 2, 4, 3, 4, 4, 2]|[2, 2, 0, 1, 3, 0, 1, 0, 0, 0, 2, 0, 1, 0, 1, 0, 0, 0, 1, 0, 0, 2, 0, 0, 0, 0, 0, 3, 0, 1, 0, 2, 0, 0, 3, 0, 1, 3, 1, 0, 0, 1, 1, 3, 1, 0, 1, 0, 2, 0, 0, 0, 0, 0, 1, 0, 0, 0, 1, 1, 0, 2, 0, 0, 0, 1, 2, 1, 1, 0, 0, 0, 1, 0, 0, 2, 1, 0, 3, 0, 0, 2, 0, 1, 0, 0, 0, 0, 0, 1, 0, 0, 1, 0, 0, 3, 0, 2, 1, 1],931.6540022061757,54720.582947080235,120229.31403037685,true
5,G4_BALANCED,G4_BALANCED,[31, 22, 82, 15, 26, 9, 90, 42, 77, 4, 47, 5, 93, 78, 86, 54, 85, 63, 18, 44, 20, 49, 36, 14, 48, 50, 53, 17, 21, 45, 71, 64, 3, 23, 30, 83, 24, 41, 60, 52, 65, 27, 95, 70, 39, 87, 74, 69, 99, 68, 46, 1, 38, 58, 97, 59, 28, 8, 73, 37, 35, 79, 11, 66, 76, 57, 72, 16, 92, 6, 80, 61, 33, 98, 32, 34, 51, 67, 10, 7, 56, 43, 62, 19, 91, 13, 29, 96, 0, 81, 2, 40, 88, 55, 25, 89, 12, 94, 75, 84]|[1, 1, 0, 2, 1, 2, 1, 0, 1, 1, 1, 0, 2, 2, 1, 2, 0, 0, 0, 2, 2, 1, 0, 2, 2, 2, 2, 1, 0, 1, 1, 1, 0, 1, 1, 0, 2, 1, 2, 2, 0, 1, 1, 1, 0, 1, 0, 2, 1, 0, 0, 2, 2, 0, 2, 0, 2, 1, 0, 0, 2, 1, 0, 2, 2, 0, 1, 1, 0, 1, 0, 1, 1, 0, 0, 1, 0, 0, 1, 2, 0, 2, 0, 2, 1, 0, 1, 0, 0, 1, 2, 2, 1, 1, 1, 1, 1, 1, 2, 0]|[3, 3, 2, 2, 4, 1, 4, 0, 2, 4, 3, 2, 1, 0, 2, 1, 1, 1, 2, 1, 2, 3, 0, 1, 0, 1, 1, 4, 1, 0, 3, 2, 2, 3, 4, 1, 1, 4, 0, 1, 2, 2, 4, 4, 1, 0, 0, 2, 3, 1, 2, 1, 2, 1, 1, 2, 0, 3, 0, 2, 2, 3, 1, 0, 1, 0, 4, 0, 0, 4, 1, 3, 4, 1, 2, 4, 0, 1, 3, 1, 2, 1, 2, 0, 3, 2, 3, 2, 2, 1, 1, 0, 4, 3, 4, 4, 3, 4, 2, 1]|[2, 2, 1, 0, 3, 0, 1, 0, 0, 0, 2, 0, 1, 0, 1, 0, 0, 0, 1, 0, 0, 2, 0, 0, 0, 0, 0, 3, 0, 1, 0, 2, 0, 0, 3, 0, 1, 3, 1, 0, 0, 1, 1, 3, 0, 0, 1, 0, 2, 0, 0, 0, 0, 0, 1, 0, 0, 0, 1, 1, 0, 2, 0, 0, 0, 1, 2, 1, 1, 2, 0, 0, 1, 0, 0, 2, 0, 0, 3, 0, 1, 0, 1, 0, 0, 0, 0, 0, 0, 1, 0, 0, 1, 0, 3, 1, 0, 2, 1, 0],862.5852121192183,55479.517208510064,123717.62532828261,false
5,G2_TEC,G4_BALANCED,[31, 22, 82, 15, 26, 9, 95, 42, 77, 4, 47, 5, 93, 78, 86, 54, 85, 63, 18, 44, 20, 49, 36, 14, 48, 50, 53, 17, 21, 45, 71, 64, 3, 23, 30, 83, 24, 41, 60, 52, 65, 27, 90, 70, 39, 87, 74, 69, 99, 68, 46, 1, 38, 58, 97, 59, 28, 8, 73, 37, 35, 79, 11, 66, 76, 57, 72, 16, 92, 6, 80, 61, 33, 98, 32, 34, 62, 67, 10, 7, 56, 43, 51, 19, 91, 13, 29, 96, 0, 81, 2, 40, 88, 55, 75, 25, 12, 94, 89, 84]|[2, 1, 2, 1, 1, 2, 2, 1, 1, 1, 1, 0, 0, 2, 1, 2, 0, 0, 0, 2, 2, 1, 0, 2, 2, 2, 2, 1, 0, 1, 1, 1, 0, 0, 1, 0, 2, 1, 2, 2, 0, 1, 2, 1, 0, 2, 0, 2, 1, 0, 0, 2, 2, 0, 2, 0, 2, 1, 0, 0, 2, 1, 2, 2, 2, 1, 1, 1, 0, 1, 0, 1, 1, 0, 0, 1, 0, 0, 1, 2, 2, 1, 0, 2, 1, 0, 1, 0, 0, 1, 2, 2, 1, 1, 1, 1, 1, 1, 1, 0]|[0, 3, 0, 2, 4, 1, 1, 4, 2, 4, 3, 2, 1, 0, 2, 1, 1, 1, 2, 1, 2, 3, 0, 1, 0, 1, 1, 4, 1, 0, 3, 2, 2, 0, 4, 1, 1, 4, 0, 1, 2, 2, 1, 4, 1, 1, 0, 2, 3, 1, 2, 1, 2, 1, 1, 2, 0, 3, 0, 2, 2, 3, 1, 0, 1, 4, 4, 0, 0, 4, 1, 3, 4, 1, 2, 4, 2, 1, 3, 1, 0, 4, 0, 0, 3, 2, 3, 2, 2, 1, 1, 0, 4, 3, 3, 4, 3, 4, 4, 2]|[0, 2, 0, 1, 3, 0, 0, 3, 0, 0, 2, 0, 0, 0, 1, 0, 0, 0, 1, 0, 0, 2, 0, 0, 0, 0, 0, 3, 0, 1, 0, 2, 0, 0, 3, 0, 1, 3, 1, 0, 0, 1, 0, 3, 0, 0, 1, 0, 2, 0, 0, 0, 0, 0, 1, 0, 0, 0, 1, 1, 0, 2, 1, 0, 0, 1, 2, 1, 1, 2, 0, 0, 1, 0, 0, 2, 1, 0, 3, 0, 0, 2, 0, 0, 0, 0, 0, 0, 0, 1, 0, 0, 1, 0, 0, 3, 0, 2, 1, 1],948.8922839357011,54343.17794684255,126419.9714554426,true
5,G3_TWC,G3_TWC,[31, 22, 82, 15, 26, 9, 95, 42, 77, 12, 47, 5, 93, 78, 86, 54, 85, 63, 18, 44, 20, 35, 43, 97, 91, 76, 10, 30, 21, 45, 71, 64, 1, 23, 17, 83, 24, 41, 60, 36, 6, 57, 40, 88, 65, 56, 79, 69, 67, 68, 46, 75, 38, 58, 19, 32, 81, 48, 27, 62, 87, 90, 99, 59, 11, 16, 72, 73, 70, 39, 37, 84, 3, 92, 25, 55, 28, 51, 29, 7, 33, 61, 98, 14, 89, 50, 66, 96, 80, 53, 8, 2, 34, 4, 52, 49, 0, 94, 74, 13]|[1, 1, 0, 1, 1, 0, 1, 2, 2, 1, 2, 2, 2, 1, 0, 0, 0, 1, 0, 2, 2, 0, 1, 2, 0, 1, 2, 2, 0, 0, 1, 2, 1, 0, 1, 0, 2, 0, 1, 1, 0, 1, 1, 1, 0, 2, 2, 2, 0, 0, 0, 0, 1, 1, 2, 1, 2, 1, 0, 0, 2, 1, 0, 1, 2, 1, 2, 1, 1, 1, 1, 1, 1, 0, 1, 1, 0, 0, 0, 1, 0, 1, 0, 0, 1, 0, 2, 0, 0, 0, 1, 0, 2, 1, 2, 0, 0, 1, 1, 0]|[4, 3, 2, 2, 4, 1, 2, 2, 2, 4, 0, 1, 2, 4, 1, 1, 2, 4, 2, 1, 1, 1, 1, 2, 1, 2, 1, 1, 1, 1, 3, 2, 3, 0, 4, 0, 1, 1, 0, 3, 2, 2, 2, 0, 1, 1, 1, 2, 0, 1, 2, 2, 1, 0, 0, 3, 2, 4, 1, 2, 2, 3, 1, 1, 1, 3, 0, 4, 3, 1, 4, 1, 1, 0, 4, 4, 2, 1, 1, 1, 2, 3, 1, 1, 1, 1, 1, 1, 1, 2, 3, 2, 1, 4, 1, 1, 2, 4, 3, 2]|[0, 2, 1, 1, 3, 0, 1, 0, 0, 0, 0, 0, 1, 0, 0, 0, 0, 3, 1, 0, 0, 0, 3, 1, 0, 2, 0, 0, 0, 1, 0, 0, 0, 0, 3, 0, 1, 0, 0, 2, 1, 1, 1, 0, 0, 0, 0, 0, 1, 0, 0, 0, 1, 3, 0, 0, 1, 2, 0, 1, 0, 2, 0, 1, 0, 2, 1, 0, 0, 1, 1, 3, 1, 1, 3, 3, 1, 0, 0, 2, 1, 0, 0, 0, 1, 0, 0, 0, 0, 1, 2, 0, 0, 0, 0, 1, 0, 2, 0, 0],868.8091742880855,57060.49302920472,101221.3843147768,false
5,G1_CMAX,G1_CMAX,[52, 22, 82, 39, 26, 9, 89, 5, 12, 77, 93, 78, 31, 54, 85, 63, 18, 44, 20, 35, 43, 76, 87, 30, 45, 71, 64, 1, 23, 17, 83, 24, 41, 60, 36, 6, 57, 40, 88, 65, 91, 56, 79, 69, 67, 68, 46, 75, 38, 58, 19, 32, 81, 48, 27, 62, 42, 84, 96, 95, 70, 73, 72, 16, 11, 15, 99, 90, 3, 92, 25, 55, 51, 28, 29, 7, 86, 74, 98, 37, 59, 50, 66, 10, 47, 97, 8, 80, 53, 14, 21, 2, 34, 4, 33, 49, 0, 94, 61, 13]|[2, 1, 0, 1, 1, 0, 1, 2, 1, 2, 2, 1, 1, 0, 0, 0, 0, 2, 2, 0, 1, 1, 2, 2, 0, 1, 2, 1, 2, 1, 0, 2, 1, 1, 1, 0, 1, 1, 1, 0, 0, 2, 1, 2, 0, 0, 0, 0, 1, 0, 2, 1, 2, 1, 0, 0, 2, 1, 1, 1, 1, 1, 2, 1, 2, 1, 0, 1, 1, 0, 1, 1, 0, 1, 1, 1, 1, 2, 2, 0, 1, 0, 2, 2, 2, 2, 1, 0, 0, 0, 0, 0, 2, 1, 2, 0, 0, 1, 1, 0]|[1, 3, 2, 1, 0, 1, 1, 1, 4, 1, 2, 4, 3, 1, 2, 1, 2, 1, 1, 1, 1, 2, 2, 1, 1, 3, 2, 3, 0, 4, 0, 1, 4, 0, 3, 2, 2, 2, 0, 1, 1, 1, 0, 2, 0, 1, 2, 2, 1, 0, 0, 3, 2, 4, 1, 2, 1, 1, 3, 2, 1, 4, 0, 3, 1, 2, 1, 3, 1, 0, 4, 4, 1, 4, 3, 1, 4, 0, 0, 1, 1, 1, 0, 1, 1, 2, 3, 1, 2, 1, 1, 2, 1, 4, 2, 1, 2, 4, 1, 2]|[0, 1, 1, 1, 3, 0, 1, 0, 0, 0, 1, 0, 2, 0, 0, 0, 1, 0, 0, 0, 3, 2, 0, 0, 1, 0, 0, 0, 0, 3, 0, 1, 3, 0, 2, 1, 1, 1, 0, 0, 0, 0, 0, 0, 1, 0, 0, 0, 1, 1, 0, 0, 0, 2, 0, 1, 0, 3, 2, 1, 3, 0, 1, 2, 0, 1, 0, 2, 1, 1, 3, 3, 0, 1, 0, 2, 1, 0, 0, 0, 1, 0, 0, 0, 0, 1, 2, 0, 1, 0, 0, 0, 0, 0, 1, 1, 0, 2, 3, 0],744.5504451349321,58431.33066549081,105266.06001032445,false
5,G4_BALANCED,G3_TWC,[31, 22, 82, 15, 26, 9, 95, 42, 77, 12, 47, 5, 93, 78, 86, 54, 85, 63, 18, 44, 20, 35, 43, 97, 91, 76, 10, 30, 21, 45, 71, 64, 1, 23, 17, 83, 24, 41, 60, 36, 6, 57, 40, 88, 65, 38, 79, 69, 67, 68, 46, 75, 56, 58, 19, 32, 81, 48, 27, 62, 87, 90, 99, 59, 11, 16, 72, 73, 70, 39, 37, 84, 3, 92, 25, 55, 28, 51, 29, 7, 33, 61, 98, 14, 89, 50, 66, 96, 80, 53, 8, 2, 34, 4, 52, 49, 0, 94, 74, 13]|[1, 1, 0, 1, 1, 0, 1, 2, 2, 1, 2, 2, 2, 1, 0, 0, 0, 1, 0, 2, 2, 0, 1, 2, 0, 1, 2, 2, 0, 0, 1, 2, 1, 0, 1, 0, 2, 1, 1, 1, 0, 1, 1, 1, 0, 1, 2, 2, 0, 0, 0, 0, 2, 1, 2, 1, 2, 1, 0, 0, 2, 1, 0, 1, 2, 1, 2, 1, 1, 1, 1, 1, 1, 0, 1, 1, 0, 0, 0, 1, 0, 1, 0, 0, 1, 0, 2, 0, 0, 0, 1, 0, 2, 1, 2, 0, 0, 1, 1, 0]|[4, 3, 2, 2, 4, 1, 2, 2, 2, 4, 0, 1, 2, 4, 1, 1, 2, 4, 2, 1, 1, 1, 1, 2, 1, 2, 1, 1, 1, 1, 3, 2, 3, 0, 4, 0, 1, 4, 0, 3, 2, 2, 2, 0, 1, 1, 1, 2, 0, 1, 2, 2, 1, 0, 0, 3, 2, 4, 1, 2, 2, 3, 1, 1, 1, 3, 0, 4, 3, 1, 4, 1, 1, 0, 4, 4, 2, 1, 1, 1, 2, 3, 1, 1, 1, 1, 1, 1, 1, 2, 3, 2, 1, 4, 1, 1, 2, 4, 3, 2]|[0, 2, 1, 1, 3, 0, 1, 0, 0, 0, 0, 0, 1, 0, 0, 0, 0, 3, 1, 0, 0, 0, 3, 1, 0, 2, 0, 0, 0, 1, 0, 0, 0, 0, 3, 0, 1, 3, 0, 2, 1, 1, 1, 0, 0, 1, 0, 0, 1, 0, 0, 0, 0, 3, 0, 0, 1, 2, 0, 1, 0, 2, 0, 1, 0, 2, 1, 0, 0, 1, 1, 3, 1, 1, 3, 3, 1, 0, 0, 2, 1, 0, 0, 0, 1, 0, 0, 0, 0, 1, 2, 0, 0, 0, 0, 1, 0, 2, 0, 0],844.9567220670442,57462.86056774677,100659.19965770759,true
5,G2_TEC,G2_TEC,[31, 22, 82, 15, 26, 9, 95, 42, 77, 4, 47, 5, 93, 78, 86, 54, 85, 63, 18, 44, 20, 49, 36, 14, 74, 50, 53, 17, 21, 45, 71, 64, 3, 23, 30, 83, 24, 41, 60, 52, 65, 27, 90, 70, 39, 87, 48, 69, 99, 68, 46, 1, 38, 58, 97, 59, 28, 8, 73, 37, 35, 79, 11, 66, 76, 57, 72, 16, 92, 6, 80, 61, 33, 98, 32, 34, 51, 67, 10, 7, 56, 43, 62, 19, 91, 13, 29, 96, 94, 81, 84, 40, 88, 55, 75, 25, 12, 0, 89, 2]|[2, 1, 2, 1, 1, 2, 1, 1, 1, 1, 1, 0, 2, 2, 1, 2, 0, 0, 0, 2, 2, 1, 0, 2, 0, 2, 2, 1, 0, 1, 1, 1, 0, 0, 1, 0, 2, 1, 2, 2, 0, 1, 1, 1, 0, 2, 0, 2, 1, 0, 0, 2, 2, 0, 2, 0, 2, 1, 0, 0, 2, 1, 0, 2, 2, 1, 1, 1, 0, 1, 2, 1, 1, 0, 0, 1, 0, 0, 1, 2, 2, 1, 0, 2, 1, 0, 1, 0, 1, 1, 0, 2, 1, 0, 0, 1, 1, 0, 1, 2]|[0, 3, 0, 2, 4, 1, 4, 4, 2, 4, 3, 2, 1, 0, 2, 1, 1, 1, 2, 1, 2, 3, 0, 1, 0, 1, 1, 4, 1, 0, 3, 2, 2, 0, 4, 1, 1, 4, 0, 1, 2, 2, 4, 4, 1, 1, 0, 2, 3, 1, 2, 1, 2, 1, 1, 2, 0, 3, 0, 2, 2, 3, 1, 0, 1, 4, 4, 0, 0, 4, 1, 3, 4, 1, 2, 4, 0, 1, 3, 1, 0, 4, 2, 0, 3, 2, 3, 2, 4, 1, 2, 0, 4, 2, 2, 4, 3, 2, 4, 1]|[0, 2, 0, 1, 3, 0, 1, 3, 0, 0, 2, 0, 1, 0, 1, 0, 0, 0, 1, 0, 0, 2, 0, 0, 1, 0, 0, 3, 0, 1, 0, 2, 0, 0, 3, 0, 1, 3, 1, 0, 0, 1, 1, 3, 0, 0, 1, 0, 2, 0, 0, 0, 0, 0, 1, 0, 0, 0, 1, 1, 0, 2, 0, 0, 0, 1, 2, 1, 1, 2, 0, 0, 1, 0, 0, 2, 0, 0, 3, 0, 0, 2, 1, 0, 0, 0, 0, 0, 2, 1, 1, 0, 1, 0, 0, 3, 0, 0, 1, 0],881.4638349230657,54042.855127685005,122716.37488162471,false
5,G3_TWC,G3_TWC,[31, 22, 82, 15, 26, 9, 95, 42, 77, 12, 47, 5, 93, 78, 86, 54, 85, 63, 18, 44, 20, 35, 43, 97, 91, 76, 10, 30, 21, 45, 71, 64, 1, 23, 17, 83, 24, 41, 60, 36, 6, 57, 40, 88, 65, 56, 79, 69, 67, 68, 46, 75, 38, 58, 19, 32, 81, 48, 27, 62, 87, 90, 99, 59, 11, 16, 72, 73, 70, 39, 37, 84, 3, 92, 25, 55, 28, 51, 29, 7, 33, 61, 98, 14, 89, 50, 66, 96, 80, 53, 8, 2, 34, 4, 52, 49, 0, 94, 74, 13]|[1, 1, 0, 1, 1, 0, 1, 2, 2, 1, 2, 2, 2, 1, 0, 0, 0, 1, 0, 2, 2, 0, 1, 2, 0, 1, 2, 2, 0, 0, 1, 2, 1, 0, 1, 0, 2, 0, 1, 1, 0, 1, 1, 1, 0, 2, 2, 2, 0, 0, 0, 0, 1, 1, 2, 1, 2, 1, 0, 0, 2, 1, 0, 1, 2, 1, 2, 1, 1, 1, 1, 1, 1, 0, 1, 1, 0, 0, 0, 1, 0, 1, 0, 0, 1, 0, 2, 0, 0, 0, 1, 0, 2, 1, 2, 0, 0, 1, 1, 0]|[4, 3, 2, 2, 4, 1, 2, 2, 2, 4, 0, 1, 2, 4, 1, 1, 2, 4, 2, 1, 1, 1, 1, 2, 1, 2, 1, 1, 1, 1, 3, 2, 3, 0, 4, 0, 1, 1, 0, 3, 2, 2, 2, 0, 1, 1, 1, 2, 0, 1, 2, 2, 1, 0, 0, 3, 2, 4, 1, 2, 2, 3, 1, 1, 1, 3, 0, 4, 3, 1, 4, 1, 1, 0, 4, 4, 2, 1, 1, 1, 2, 3, 1, 1, 1, 1, 1, 1, 1, 2, 3, 2, 1, 4, 1, 1, 2, 4, 3, 2]|[0, 2, 1, 1, 3, 0, 1, 0, 0, 0, 0, 0, 1, 0, 0, 0, 0, 3, 1, 0, 0, 0, 3, 1, 0, 2, 0, 0, 0, 1, 0, 0, 0, 0, 3, 0, 1, 0, 0, 2, 1, 1, 1, 0, 0, 0, 0, 0, 1, 0, 0, 0, 1, 3, 0, 0, 1, 2, 0, 1, 0, 2, 0, 1, 0, 2, 1, 0, 0, 1, 1, 3, 1, 1, 3, 3, 1, 0, 0, 2, 1, 0, 0, 0, 1, 0, 0, 0, 0, 1, 2, 0, 0, 0, 0, 1, 0, 2, 0, 0],868.8091742880855,57060.49302920472,101221.3843147768,false
5,G1_CMAX,G1_CMAX,[52, 22, 82, 39, 26, 9, 89, 5, 12, 77, 93, 78, 31, 54, 85, 63, 18, 44, 20, 35, 43, 76, 87, 30, 45, 71, 64, 1, 23, 17, 83, 24, 41, 60, 36, 6, 57, 40, 88, 65, 91, 56, 79, 69, 67, 68, 46, 75, 38, 58, 19, 32, 81, 48, 27, 62, 42, 84, 96, 95, 70, 73, 72, 16, 11, 15, 99, 90, 3, 92, 25, 55, 51, 28, 29, 7, 86, 74, 98, 37, 59, 50, 66, 10, 47, 97, 8, 80, 53, 14, 21, 2, 34, 4, 33, 49, 0, 94, 61, 13]|[2, 1, 0, 1, 1, 0, 1, 2, 1, 2, 2, 1, 1, 0, 0, 0, 0, 2, 2, 0, 1, 1, 2, 2, 0, 1, 2, 1, 2, 1, 0, 2, 1, 1, 1, 0, 1, 1, 1, 0, 0, 2, 1, 2, 0, 0, 0, 0, 1, 0, 2, 1, 2, 1, 0, 0, 2, 1, 1, 1, 1, 1, 2, 1, 2, 1, 0, 1, 1, 0, 1, 1, 0, 1, 1, 1, 1, 2, 2, 0, 1, 0, 2, 2, 2, 2, 1, 0, 0, 0, 0, 0, 2, 1, 2, 0, 0, 1, 1, 0]|[1, 3, 2, 1, 0, 1, 1, 1, 4, 1, 2, 4, 3, 1, 2, 1, 2, 1, 1, 1, 1, 2, 2, 1, 1, 3, 2, 3, 0, 4, 0, 1, 4, 0, 3, 2, 2, 2, 0, 1, 1, 1, 0, 2, 0, 1, 2, 2, 1, 0, 0, 3, 2, 4, 1, 2, 1, 1, 3, 2, 1, 4, 0, 3, 1, 2, 1, 3, 1, 0, 4, 4, 1, 4, 3, 1, 4, 0, 0, 1, 1, 1, 0, 1, 1, 2, 3, 1, 2, 1, 1, 2, 1, 4, 2, 1, 2, 4, 1, 2]|[0, 1, 1, 1, 3, 0, 1, 0, 0, 0, 1, 0, 2, 0, 0, 0, 1, 0, 0, 0, 3, 2, 0, 0, 1, 0, 0, 0, 0, 3, 0, 1, 3, 0, 2, 1, 1, 1, 0, 0, 0, 0, 0, 0, 1, 0, 0, 0, 1, 1, 0, 0, 0, 2, 0, 1, 0, 3, 2, 1, 3, 0, 1, 2, 0, 1, 0, 2, 1, 1, 3, 3, 0, 1, 0, 2, 1, 0, 0, 0, 1, 0, 0, 0, 0, 1, 2, 0, 1, 0, 0, 0, 0, 0, 1, 1, 0, 2, 3, 0],744.5504451349321,58431.33066549081,105266.06001032445,false
5,G4_BALANCED,G4_BALANCED,[31, 22, 82, 15, 26, 9, 90, 42, 77, 4, 79, 5, 93, 78, 86, 54, 85, 63, 18, 44, 20, 49, 36, 14, 48, 50, 53, 17, 21, 45, 71, 64, 3, 23, 30, 83, 24, 41, 60, 52, 65, 27, 95, 70, 39, 87, 74, 69, 99, 68, 46, 1, 38, 58, 97, 59, 28, 8, 73, 37, 35, 47, 11, 66, 76, 57, 72, 16, 92, 6, 80, 61, 33, 98, 32, 34, 62, 67, 10, 7, 19, 43, 51, 56, 91, 13, 29, 96, 0, 81, 2, 40, 88, 55, 75, 25, 12, 94, 89, 84]|[2, 1, 2, 1, 1, 2, 2, 1, 1, 1, 1, 0, 2, 2, 1, 2, 0, 0, 0, 2, 2, 1, 0, 2, 2, 2, 2, 1, 0, 1, 1, 2, 0, 0, 1, 0, 2, 1, 2, 2, 0, 1, 1, 1, 1, 2, 0, 2, 1, 0, 0, 2, 2, 0, 2, 0, 2, 1, 0, 0, 2, 1, 0, 2, 2, 0, 1, 1, 0, 0, 2, 1, 1, 0, 0, 1, 0, 0, 1, 2, 2, 1, 0, 2, 1, 0, 1, 0, 0, 1, 2, 2, 1, 1, 0, 1, 1, 1, 1, 0]|[0, 3, 0, 2, 4, 1, 1, 4, 2, 4, 3, 2, 1, 0, 2, 1, 1, 1, 2, 1, 2, 3, 0, 1, 0, 1, 1, 4, 1, 0, 3, 2, 2, 0, 4, 1, 1, 4, 0, 1, 2, 2, 4, 4, 4, 1, 0, 2, 3, 1, 2, 1, 2, 2, 1, 2, 0, 3, 0, 2, 2, 3, 1, 0, 1, 2, 4, 0, 0, 1, 1, 3, 4, 1, 2, 4, 2, 1, 3, 1, 0, 4, 0, 0, 3, 2, 3, 2, 2, 1, 1, 0, 4, 3, 2, 4, 3, 4, 4, 2]|[0, 2, 0, 1, 3, 0, 0, 3, 0, 0, 2, 0, 1, 0, 1, 0, 0, 0, 1, 0, 0, 2, 0, 0, 0, 0, 0, 3, 0, 1, 0, 0, 0, 0, 3, 0, 1, 3, 1, 0, 0, 1, 1, 3, 1, 0, 1, 0, 2, 0, 0, 0, 0, 0, 1, 0, 0, 0, 1, 1, 0, 2, 0, 0, 0, 1, 2, 1, 1, 0, 0, 0, 1, 0, 0, 2, 1, 0, 3, 0, 0, 2, 0, 0, 0, 0, 0, 0, 0, 1, 0, 0, 1, 0, 0, 3, 0, 2, 1, 1],969.3691930067102,54029.163797695815,126857.6385704591,false
5,G2_TEC,G2_TEC,[31, 22, 82, 15, 26, 9, 95, 42, 77, 4, 47, 5, 93, 78, 86, 54, 85, 63, 18, 44, 20, 49, 36, 14, 74, 50, 53, 17, 21, 45, 71, 64, 3, 23, 30, 83, 24, 41, 60, 52, 65, 27, 90, 70, 39, 87, 48, 69, 99, 68, 46, 1, 38, 58, 97, 59, 28, 8, 73, 37, 35, 79, 11, 66, 76, 57, 72, 16, 92, 6, 80, 61, 33, 98, 32, 34, 51, 67, 10, 7, 56, 43, 62, 19, 91, 13, 29, 96, 94, 81, 84, 40, 88, 55, 75, 25, 12, 0, 89, 2]|[2, 1, 2, 1, 1, 2, 1, 1, 1, 1, 1, 0, 2, 2, 1, 2, 0, 0, 0, 2, 2, 1, 0, 2, 0, 2, 2, 1, 0, 1, 1, 1, 0, 0, 1, 0, 2, 1, 2, 2, 0, 1, 1, 1, 0, 2, 0, 2, 1, 0, 0, 2, 2, 0, 2, 0, 2, 1, 0, 0, 2, 1, 0, 2, 2, 1, 1, 1, 0, 1, 2, 1, 1, 0, 0, 1, 0, 0, 1, 2, 2, 1, 0, 2, 1, 0, 1, 0, 1, 1, 0, 2, 1, 0, 0, 1, 1, 0, 1, 2]|[0, 3, 0, 2, 4, 1, 4, 4, 2, 4, 3, 2, 1, 0, 2, 1, 1, 1, 2, 1, 2, 3, 0, 1, 0, 1, 1, 4, 1, 0, 3, 2, 2, 0, 4, 1, 1, 4, 0, 1, 2, 2, 4, 4, 1, 1, 0, 2, 3, 1, 2, 1, 2, 1, 1, 2, 0, 3, 0, 2, 2, 3, 1, 0, 1, 4, 4, 0, 0, 4, 1, 3, 4, 1, 2, 4, 0, 1, 3, 1, 0, 4, 2, 0, 3, 2, 3, 2, 4, 1, 2, 0, 4, 2, 2, 4, 3, 2, 4, 1]|[0, 2, 0, 1, 3, 0, 1, 3, 0, 0, 2, 0, 1, 0, 1, 0, 0, 0, 1, 0, 0, 2, 0, 0, 1, 0, 0, 3, 0, 1, 0, 2, 0, 0, 3, 0, 1, 3, 1, 0, 0, 1, 1, 3, 0, 0, 1, 0, 2, 0, 0, 0, 0, 0, 1, 0, 0, 0, 1, 1, 0, 2, 0, 0, 0, 1, 2, 1, 1, 2, 0, 0, 1, 0, 0, 2, 0, 0, 3, 0, 0, 2, 1, 0, 0, 0, 0, 0, 2, 1, 1, 0, 1, 0, 0, 3, 0, 0, 1, 0],881.4638349230657,54042.855127685005,122716.37488162471,false
5,G3_TWC,G3_TWC,[31, 22, 82, 15, 26, 9, 95, 42, 77, 12, 47, 5, 93, 78, 86, 54, 85, 63, 18, 44, 20, 35, 43, 97, 91, 76, 10, 30, 21, 45, 71, 64, 1, 23, 17, 83, 24, 41, 60, 36, 6, 57, 40, 88, 65, 56, 79, 69, 67, 68, 46, 75, 38, 58, 19, 32, 81, 48, 27, 62, 87, 90, 99, 59, 11, 16, 72, 73, 70, 39, 37, 84, 3, 92, 25, 55, 28, 51, 29, 7, 33, 61, 98, 14, 89, 50, 66, 96, 80, 53, 8, 2, 34, 4, 52, 49, 0, 94, 74, 13]|[1, 1, 0, 1, 1, 0, 1, 2, 2, 1, 2, 2, 2, 1, 0, 0, 0, 1, 0, 2, 2, 0, 1, 2, 0, 1, 2, 2, 0, 0, 1, 2, 1, 0, 1, 0, 2, 0, 1, 1, 0, 1, 1, 1, 0, 2, 2, 2, 0, 0, 0, 0, 1, 1, 2, 1, 2, 1, 0, 0, 2, 1, 0, 1, 2, 1, 2, 1, 1, 1, 1, 1, 1, 0, 1, 1, 0, 0, 0, 1, 0, 1, 0, 0, 1, 0, 2, 0, 0, 0, 1, 0, 2, 1, 2, 0, 0, 1, 1, 0]|[4, 3, 2, 2, 4, 1, 2, 2, 2, 4, 0, 1, 2, 4, 1, 1, 2, 4, 2, 1, 1, 1, 1, 2, 1, 2, 1, 1, 1, 1, 3, 2, 3, 0, 4, 0, 1, 1, 0, 3, 2, 2, 2, 0, 1, 1, 1, 2, 0, 1, 2, 2, 1, 0, 0, 3, 2, 4, 1, 2, 2, 3, 1, 1, 1, 3, 0, 4, 3, 1, 4, 1, 1, 0, 4, 4, 2, 1, 1, 1, 2, 3, 1, 1, 1, 1, 1, 1, 1, 2, 3, 2, 1, 4, 1, 1, 2, 4, 3, 2]|[0, 2, 1, 1, 3, 0, 1, 0, 0, 0, 0, 0, 1, 0, 0, 0, 0, 3, 1, 0, 0, 0, 3, 1, 0, 2, 0, 0, 0, 1, 0, 0, 0, 0, 3, 0, 1, 0, 0, 2, 1, 1, 1, 0, 0, 0, 0, 0, 1, 0, 0, 0, 1, 3, 0, 0, 1, 2, 0, 1, 0, 2, 0, 1, 0, 2, 1, 0, 0, 1, 1, 3, 1, 1, 3, 3, 1, 0, 0, 2, 1, 0, 0, 0, 1, 0, 0, 0, 0, 1, 2, 0, 0, 0, 0, 1, 0, 2, 0, 0],868.8091742880855,57060.49302920472,101221.3843147768,false
5,G1_CMAX,G1_CMAX,[52, 22, 82, 39, 26, 9, 89, 5, 12, 77, 93, 78, 31, 54, 85, 63, 18, 44, 20, 35, 43, 76, 87, 30, 45, 71, 64, 1, 23, 17, 83, 24, 41, 60, 36, 6, 57, 40, 88, 65, 91, 56, 79, 69, 67, 68, 46, 75, 38, 58, 19, 32, 81, 48, 27, 62, 42, 84, 96, 95, 70, 73, 72, 16, 11, 15, 99, 90, 3, 92, 25, 55, 51, 28, 29, 7, 86, 74, 98, 37, 59, 50, 66, 10, 47, 97, 8, 80, 53, 14, 21, 2, 34, 4, 33, 49, 0, 94, 61, 13]|[2, 1, 0, 1, 1, 0, 1, 2, 1, 2, 2, 1, 1, 0, 0, 0, 0, 2, 2, 0, 1, 1, 2, 2, 0, 1, 2, 1, 2, 1, 0, 2, 1, 1, 1, 0, 1, 1, 1, 0, 0, 2, 1, 2, 0, 0, 0, 0, 1, 0, 2, 1, 2, 1, 0, 0, 2, 1, 1, 1, 1, 1, 2, 1, 2, 1, 0, 1, 1, 0, 1, 1, 0, 1, 1, 1, 1, 2, 2, 0, 1, 0, 2, 2, 2, 2, 1, 0, 0, 0, 0, 0, 2, 1, 2, 0, 0, 1, 1, 0]|[1, 3, 2, 1, 0, 1, 1, 1, 4, 1, 2, 4, 3, 1, 2, 1, 2, 1, 1, 1, 1, 2, 2, 1, 1, 3, 2, 3, 0, 4, 0, 1, 4, 0, 3, 2, 2, 2, 0, 1, 1, 1, 0, 2, 0, 1, 2, 2, 1, 0, 0, 3, 2, 4, 1, 2, 1, 1, 3, 2, 1, 4, 0, 3, 1, 2, 1, 3, 1, 0, 4, 4, 1, 4, 3, 1, 4, 0, 0, 1, 1, 1, 0, 1, 1, 2, 3, 1, 2, 1, 1, 2, 1, 4, 2, 1, 2, 4, 1, 2]|[0, 1, 1, 1, 3, 0, 1, 0, 0, 0, 1, 0, 2, 0, 0, 0, 1, 0, 0, 0, 3, 2, 0, 0, 1, 0, 0, 0, 0, 3, 0, 1, 3, 0, 2, 1, 1, 1, 0, 0, 0, 0, 0, 0, 1, 0, 0, 0, 1, 1, 0, 0, 0, 2, 0, 1, 0, 3, 2, 1, 3, 0, 1, 2, 0, 1, 0, 2, 1, 1, 3, 3, 0, 1, 0, 2, 1, 0, 0, 0, 1, 0, 0, 0, 0, 1, 2, 0, 1, 0, 0, 0, 0, 0, 1, 1, 0, 2, 3, 0],744.5504451349321,58431.33066549081,105266.06001032445,false
5,G4_BALANCED,G4_BALANCED,[31, 22, 82, 15, 26, 9, 90, 42, 77, 4, 47, 5, 93, 78, 86, 54, 85, 63, 18, 44, 20, 49, 36, 14, 48, 50, 53, 17, 21, 45, 71, 64, 3, 23, 30, 83, 24, 41, 60, 52, 65, 27, 95, 70, 39, 87, 74, 69, 99, 68, 46, 1, 38, 58, 97, 59, 28, 8, 73, 37, 35, 79, 11, 66, 76, 57, 72, 16, 92, 6, 80, 61, 33, 98, 32, 34, 51, 67, 10, 7, 56, 43, 62, 19, 91, 13, 29, 96, 0, 81, 2, 40, 88, 55, 25, 89, 12, 94, 75, 84]|[1, 1, 0, 2, 1, 2, 1, 0, 1, 1, 1, 0, 2, 2, 1, 2, 0, 0, 0, 2, 2, 1, 0, 2, 2, 2, 2, 1, 0, 1, 1, 1, 0, 1, 1, 0, 2, 1, 2, 2, 0, 1, 1, 1, 0, 1, 0, 2, 1, 0, 0, 2, 2, 0, 2, 0, 2, 1, 0, 0, 2, 1, 0, 2, 2, 0, 1, 1, 0, 1, 0, 1, 1, 0, 0, 1, 0, 0, 1, 2, 0, 2, 0, 2, 1, 0, 1, 0, 0, 1, 2, 2, 1, 1, 1, 1, 1, 1, 2, 0]|[3, 3, 2, 2, 4, 1, 4, 0, 2, 4, 3, 2, 1, 0, 2, 1, 1, 1, 2, 1, 2, 3, 0, 1, 0, 1, 1, 4, 1, 0, 3, 2, 2, 3, 4, 1, 1, 4, 0, 1, 2, 2, 4, 4, 1, 0, 0, 2, 3, 1, 2, 1, 2, 1, 1, 2, 0, 3, 0, 2, 2, 3, 1, 0, 1, 0, 4, 0, 0, 4, 1, 3, 4, 1, 2, 4, 0, 1, 3, 1, 2, 1, 2, 0, 3, 2, 3, 2, 2, 1, 1, 0, 4, 3, 4, 4, 3, 4, 2, 1]|[2, 2, 1, 0, 3, 0, 1, 0, 0, 0, 2, 0, 1, 0, 1, 0, 0, 0, 1, 0, 0, 2, 0, 0, 0, 0, 0, 3, 0, 1, 0, 2, 0, 0, 3, 0, 1, 3, 1, 0, 0, 1, 1, 3, 0, 0, 1, 0, 2, 0, 0, 0, 0, 0, 1, 0, 0, 0, 1, 1, 0, 2, 0, 0, 0, 1, 2, 1, 1, 2, 0, 0, 1, 0, 0, 2, 0, 0, 3, 0, 1, 0, 1, 0, 0, 0, 0, 0, 0, 1, 0, 0, 1, 0, 3, 1, 0, 2, 1, 0],862.5852121192183,55479.517208510064,123717.62532828261,false
5,G2_TEC,G2_TEC,[31, 22, 82, 15, 26, 9, 95, 42, 77, 4, 47, 5, 93, 78, 86, 54, 85, 63, 18, 44, 20, 49, 36, 14, 74, 50, 53, 17, 21, 45, 71, 64, 3, 23, 30, 83, 24, 41, 60, 52, 65, 27, 90, 70, 39, 87, 48, 69, 99, 68, 46, 1, 38, 58, 97, 59, 28, 8, 73, 37, 35, 79, 11, 66, 76, 57, 72, 16, 92, 6, 80, 61, 33, 98, 32, 34, 51, 67, 10, 7, 56, 43, 62, 19, 91, 13, 29, 96, 94, 81, 84, 40, 88, 55, 75, 25, 12, 0, 89, 2]|[2, 1, 2, 1, 1, 2, 1, 1, 1, 1, 1, 0, 2, 2, 1, 2, 0, 0, 0, 2, 2, 1, 0, 2, 0, 2, 2, 1, 0, 1, 1, 1, 0, 0, 1, 0, 2, 1, 2, 2, 0, 1, 1, 1, 0, 2, 0, 2, 1, 0, 0, 2, 2, 0, 2, 0, 2, 1, 0, 0, 2, 1, 0, 2, 2, 1, 1, 1, 0, 1, 2, 1, 1, 0, 0, 1, 0, 0, 1, 2, 2, 1, 0, 2, 1, 0, 1, 0, 1, 1, 0, 2, 1, 0, 0, 1, 1, 0, 1, 2]|[0, 3, 0, 2, 4, 1, 4, 4, 2, 4, 3, 2, 1, 0, 2, 1, 1, 1, 2, 1, 2, 3, 0, 1, 0, 1, 1, 4, 1, 0, 3, 2, 2, 0, 4, 1, 1, 4, 0, 1, 2, 2, 4, 4, 1, 1, 0, 2, 3, 1, 2, 1, 2, 1, 1, 2, 0, 3, 0, 2, 2, 3, 1, 0, 1, 4, 4, 0, 0, 4, 1, 3, 4, 1, 2, 4, 0, 1, 3, 1, 0, 4, 2, 0, 3, 2, 3, 2, 4, 1, 2, 0, 4, 2, 2, 4, 3, 2, 4, 1]|[0, 2, 0, 1, 3, 0, 1, 3, 0, 0, 2, 0, 1, 0, 1, 0, 0, 0, 1, 0, 0, 2, 0, 0, 1, 0, 0, 3, 0, 1, 0, 2, 0, 0, 3, 0, 1, 3, 1, 0, 0, 1, 1, 3, 0, 0, 1, 0, 2, 0, 0, 0, 0, 0, 1, 0, 0, 0, 1, 1, 0, 2, 0, 0, 0, 1, 2, 1, 1, 2, 0, 0, 1, 0, 0, 2, 0, 0, 3, 0, 0, 2, 1, 0, 0, 0, 0, 0, 2, 1, 1, 0, 1, 0, 0, 3, 0, 0, 1, 0],881.4638349230657,54042.855127685005,122716.37488162471,false
5,G3_TWC,G3_TWC,[31, 22, 82, 15, 26, 9, 95, 42, 77, 12, 47, 5, 93, 78, 86, 54, 85, 63, 18, 44, 20, 35, 43, 97, 91, 76, 10, 30, 21, 45, 71, 64, 1, 23, 17, 83, 24, 41, 60, 36, 6, 57, 40, 88, 65, 56, 79, 69, 67, 68, 46, 75, 38, 58, 19, 32, 81, 48, 27, 62, 87, 90, 99, 59, 11, 16, 72, 73, 70, 39, 37, 84, 3, 92, 25, 55, 28, 51, 29, 7, 33, 61, 98, 14, 89, 50, 66, 96, 80, 53, 8, 2, 34, 4, 52, 49, 0, 94, 74, 13]|[1, 1, 0, 1, 1, 0, 1, 2, 2, 1, 2, 2, 2, 1, 0, 0, 0, 1, 0, 2, 2, 0, 1, 2, 0, 1, 2, 2, 0, 0, 1, 2, 1, 0, 1, 0, 2, 0, 1, 1, 0, 1, 1, 1, 0, 2, 2, 2, 0, 0, 0, 0, 1, 1, 2, 1, 2, 1, 0, 0, 2, 1, 0, 1, 2, 1, 2, 1, 1, 1, 1, 1, 1, 0, 1, 1, 0, 0, 0, 1, 0, 1, 0, 0, 1, 0, 2, 0, 0, 0, 1, 0, 2, 1, 2, 0, 0, 1, 1, 0]|[4, 3, 2, 2, 4, 1, 2, 2, 2, 4, 0, 1, 2, 4, 1, 1, 2, 4, 2, 1, 1, 1, 1, 2, 1, 2, 1, 1, 1, 1, 3, 2, 3, 0, 4, 0, 1, 1, 0, 3, 2, 2, 2, 0, 1, 1, 1, 2, 0, 1, 2, 2, 1, 0, 0, 3, 2, 4, 1, 2, 2, 3, 1, 1, 1, 3, 0, 4, 3, 1, 4, 1, 1, 0, 4, 4, 2, 1, 1, 1, 2, 3, 1, 1, 1, 1, 1, 1, 1, 2, 3, 2, 1, 4, 1, 1, 2, 4, 3, 2]|[0, 2, 1, 1, 3, 0, 1, 0, 0, 0, 0, 0, 1, 0, 0, 0, 0, 3, 1, 0, 0, 0, 3, 1, 0, 2, 0, 0, 0, 1, 0, 0, 0, 0, 3, 0, 1, 0, 0, 2, 1, 1, 1, 0, 0, 0, 0, 0, 1, 0, 0, 0, 1, 3, 0, 0, 1, 2, 0, 1, 0, 2, 0, 1, 0, 2, 1, 0, 0, 1, 1, 3, 1, 1, 3, 3, 1, 0, 0, 2, 1, 0, 0, 0, 1, 0, 0, 0, 0, 1, 2, 0, 0, 0, 0, 1, 0, 2, 0, 0],868.8091742880855,57060.49302920472,101221.3843147768,false
5,G1_CMAX,G3_TWC,[31, 22, 82, 15, 67, 9, 95, 42, 77, 12, 47, 5, 93, 78, 37, 54, 85, 63, 18, 44, 20, 35, 43, 97, 91, 76, 10, 30, 21, 45, 61, 64, 1, 23, 17, 83, 24, 41, 60, 36, 6, 57, 40, 88, 65, 56, 79, 69, 26, 68, 46, 75, 38, 58, 19, 32, 81, 48, 27, 62, 87, 90, 99, 59, 11, 16, 72, 73, 70, 39, 86, 84, 3, 92, 25, 55, 28, 51, 29, 7, 33, 74, 98, 14, 89, 50, 66, 96, 80, 53, 8, 2, 34, 4, 52, 49, 0, 94, 71, 13]|[1, 1, 0, 1, 1, 0, 1, 2, 2, 1, 2, 2, 2, 1, 1, 0, 0, 0, 0, 2, 2, 0, 1, 2, 0, 1, 2, 2, 0, 0, 1, 2, 1, 2, 1, 0, 2, 1, 1, 1, 0, 1, 1, 1, 0, 2, 1, 2, 0, 0, 0, 0, 1, 1, 2, 1, 2, 1, 0, 0, 2, 1, 0, 1, 2, 1, 2, 1, 1, 1, 1, 2, 1, 0, 1, 1, 1, 0, 0, 1, 0, 1, 0, 0, 1, 0, 2, 0, 0, 0, 1, 0, 1, 1, 2, 0, 0, 1, 2, 0]|[4, 3, 2, 2, 4, 1, 2, 2, 2, 4, 0, 1, 2, 4, 4, 1, 2, 1, 2, 1, 1, 1, 1, 2, 1, 2, 1, 1, 1, 1, 3, 2, 3, 0, 4, 0, 1, 4, 0, 3, 2, 2, 2, 0, 1, 1, 0, 2, 0, 1, 2, 2, 1, 0, 0, 3, 2, 4, 1, 2, 2, 3, 1, 1, 1, 3, 0, 4, 3, 0, 4, 1, 1, 0, 4, 4, 4, 1, 1, 1, 2, 3, 1, 2, 1, 1, 0, 1, 1, 2, 3, 2, 0, 4, 1, 1, 2, 4, 1, 2]|[0, 2, 1, 1, 3, 0, 1, 0, 0, 0, 0, 0, 1, 0, 1, 0, 0, 0, 1, 0, 0, 0, 3, 1, 0, 2, 0, 0, 0, 1, 0, 0, 0, 0, 3, 0, 1, 3, 0, 2, 1, 1, 1, 0, 0, 0, 0, 0, 1, 0, 0, 0, 1, 3, 0, 0, 1, 2, 0, 1, 0, 2, 0, 1, 0, 2, 0, 0, 0, 1, 1, 0, 1, 1, 3, 3, 1, 0, 0, 2, 1, 0, 0, 0, 1, 0, 0, 0, 0, 1, 2, 0, 3, 0, 0, 1, 0, 2, 0, 0],798.2158207446173,56981.44316497554,108514.24638261225,true
5,G4_BALANCED,G2_TEC,[31, 22, 82, 15, 26, 9, 95, 42, 77, 4, 47, 5, 93, 78, 86, 54, 85, 63, 18, 44, 20, 49, 36, 14, 74, 50, 53, 17, 21, 45, 71, 64, 3, 23, 30, 83, 24, 41, 60, 52, 65, 27, 90, 70, 39, 87, 48, 69, 99, 68, 46, 1, 38, 58, 97, 59, 28, 8, 73, 37, 35, 79, 11, 66, 76, 57, 72, 16, 92, 6, 80, 61, 33, 98, 55, 34, 62, 67, 10, 7, 19, 43, 51, 56, 91, 13, 29, 96, 0, 81, 2, 40, 88, 32, 75, 25, 12, 94, 89, 84]|[2, 1, 2, 1, 1, 2, 1, 1, 1, 1, 1, 0, 2, 2, 1, 2, 0, 0, 0, 2, 2, 1, 0, 2, 0, 2, 2, 1, 0, 1, 1, 1, 0, 0, 1, 0, 2, 1, 2, 2, 0, 1, 1, 1, 0, 2, 0, 2, 1, 0, 0, 2, 2, 0, 2, 0, 2, 1, 0, 0, 2, 1, 0, 2, 2, 1, 1, 1, 0, 1, 2, 1, 1, 0, 0, 1, 0, 0, 1, 2, 0, 1, 0, 2, 1, 0, 1, 0, 0, 1, 2, 2, 1, 0, 0, 1, 1, 1, 1, 0]|[0, 3, 0, 2, 4, 1, 4, 4, 2, 4, 3, 2, 1, 0, 2, 1, 1, 1, 2, 1, 2, 3, 0, 1, 0, 1, 1, 4, 1, 0, 3, 2, 2, 0, 4, 1, 1, 4, 0, 1, 2, 2, 4, 4, 1, 1, 0, 2, 3, 1, 2, 1, 2, 1, 1, 2, 0, 3, 0, 2, 2, 3, 1, 0, 1, 4, 4, 0, 0, 4, 1, 3, 4, 1, 1, 4, 2, 1, 3, 1, 1, 4, 0, 0, 3, 2, 3, 2, 2, 1, 1, 0, 4, 2, 2, 4, 3, 4, 4, 2]|[0, 2, 0, 1, 3, 0, 1, 3, 0, 0, 2, 0, 1, 0, 1, 0, 0, 0, 1, 0, 0, 2, 0, 0, 1, 0, 0, 3, 0, 1, 0, 2, 0, 0, 3, 0, 1, 3, 1, 0, 0, 1, 1, 3, 0, 0, 1, 0, 2, 0, 0, 0, 0, 0, 1, 0, 0, 0, 1, 1, 0, 2, 0, 0, 0, 1, 2, 1, 1, 2, 0, 0, 1, 0, 0, 2, 1, 0, 3, 0, 0, 2, 0, 0, 0, 0, 0, 0, 0, 1, 0, 0, 1, 0, 0, 3, 0, 2, 1, 1],916.0403477880013,54164.222840447546,121719.20335207264,true
5,G2_TEC,G1_CMAX,[31, 22, 82, 15, 67, 9, 95, 42, 77, 12, 47, 5, 93, 78, 86, 54, 85, 63, 18, 44, 20, 35, 43, 97, 91, 76, 10, 30, 21, 45, 61, 64, 1, 23, 17, 83, 24, 41, 60, 36, 6, 57, 40, 88, 65, 56, 79, 69, 26, 68, 46, 75, 38, 58, 19, 32, 81, 48, 27, 62, 87, 90, 99, 59, 11, 16, 72, 73, 70, 39, 37, 84, 3, 92, 25, 55, 28, 51, 29, 7, 33, 74, 96, 98, 53, 50, 66, 80, 8, 89, 14, 2, 34, 4, 52, 49, 0, 94, 71, 13]|[1, 1, 0, 1, 1, 0, 1, 2, 2, 1, 2, 2, 2, 1, 1, 0, 0, 0, 0, 2, 2, 0, 1, 2, 0, 1, 2, 2, 0, 0, 1, 2, 1, 2, 1, 0, 2, 1, 1, 1, 0, 1, 1, 1, 0, 2, 1, 2, 0, 0, 0, 0, 1, 1, 2, 1, 2, 1, 0, 0, 2, 1, 0, 1, 2, 1, 2, 1, 1, 1, 0, 2, 1, 0, 1, 1, 1, 0, 1, 1, 0, 2, 0, 0, 0, 0, 2, 0, 1, 1, 0, 0, 1, 1, 2, 0, 0, 1, 1, 0]|[4, 3, 2, 2, 4, 1, 2, 2, 1, 4, 0, 1, 2, 4, 4, 1, 2, 1, 2, 1, 1, 1, 1, 2, 1, 2, 1, 1, 1, 1, 3, 2, 3, 0, 4, 0, 1, 4, 0, 3, 2, 2, 2, 0, 1, 1, 0, 2, 0, 1, 2, 2, 1, 0, 0, 3, 2, 4, 1, 2, 2, 3, 1, 1, 1, 3, 0, 4, 3, 1, 1, 1, 1, 0, 4, 4, 4, 1, 3, 1, 2, 1, 1, 1, 2, 1, 0, 1, 3, 1, 2, 2, 1, 4, 1, 1, 2, 4, 3, 2]|[0, 2, 1, 1, 3, 0, 1, 0, 0, 0, 0, 0, 1, 0, 1, 0, 0, 0, 1, 0, 0, 0, 3, 1, 0, 2, 0, 0, 0, 1, 0, 0, 0, 0, 3, 0, 1, 3, 0, 2, 1, 1, 1, 0, 0, 0, 0, 0, 1, 0, 0, 0, 1, 3, 0, 0, 1, 2, 0, 1, 0, 2, 0, 1, 0, 2, 1, 0, 0, 1, 0, 0, 1, 1, 3, 3, 1, 0, 0, 2, 1, 0, 0, 0, 1, 0, 0, 0, 2, 1, 0, 0, 3, 0, 0, 1, 0, 2, 0, 0],789.0948459015889,57286.2722916818,105108.80362125326,true
5,G3_TWC,G3_TWC,[31, 22, 82, 15, 26, 9, 95, 42, 77, 12, 47, 5, 93, 78, 86, 54, 85, 63, 18, 44, 20, 35, 43, 97, 91, 76, 10, 30, 21, 45, 71, 64, 1, 23, 17, 83, 24, 41, 60, 36, 6, 57, 40, 88, 65, 56, 79, 69, 67, 68, 46, 75, 38, 58, 19, 32, 81, 48, 27, 62, 87, 90, 99, 59, 11, 16, 72, 73, 70, 39, 37, 84, 3, 92, 25, 55, 28, 51, 29, 7, 33, 61, 98, 14, 89, 50, 66, 96, 80, 53, 8, 2, 34, 4, 52, 49, 0, 94, 74, 13]|[1, 1, 0, 1, 1, 0, 1, 2, 2, 1, 2, 2, 2, 1, 0, 0, 0, 1, 0, 2, 2, 0, 1, 2, 0, 1, 2, 2, 0, 0, 1, 2, 1, 0, 1, 0, 2, 0, 1, 1, 0, 1, 1, 1, 0, 2, 2, 2, 0, 0, 0, 0, 1, 1, 2, 1, 2, 1, 0, 0, 2, 1, 0, 1, 2, 1, 2, 1, 1, 1, 1, 1, 1, 0, 1, 1, 0, 0, 0, 1, 0, 1, 0, 0, 1, 0, 2, 0, 0, 0, 1, 0, 2, 1, 2, 0, 0, 1, 1, 0]|[4, 3, 2, 2, 4, 1, 2, 2, 2, 4, 0, 1, 2, 4, 1, 1, 2, 4, 2, 1, 1, 1, 1, 2, 1, 2, 1, 1, 1, 1, 3, 2, 3, 0, 4, 0, 1, 1, 0, 3, 2, 2, 2, 0, 1, 1, 1, 2, 0, 1, 2, 2, 1, 0, 0, 3, 2, 4, 1, 2, 2, 3, 1, 1, 1, 3, 0, 4, 3, 1, 4, 1, 1, 0, 4, 4, 2, 1, 1, 1, 2, 3, 1, 1, 1, 1, 1, 1, 1, 2, 3, 2, 1, 4, 1, 1, 2, 4, 3, 2]|[0, 2, 1, 1, 3, 0, 1, 0, 0, 0, 0, 0, 1, 0, 0, 0, 0, 3, 1, 0, 0, 0, 3, 1, 0, 2, 0, 0, 0, 1, 0, 0, 0, 0, 3, 0, 1, 0, 0, 2, 1, 1, 1, 0, 0, 0, 0, 0, 1, 0, 0, 0, 1, 3, 0, 0, 1, 2, 0, 1, 0, 2, 0, 1, 0, 2, 1, 0, 0, 1, 1, 3, 1, 1, 3, 3, 1, 0, 0, 2, 1, 0, 0, 0, 1, 0, 0, 0, 0, 1, 2, 0, 0, 0, 0, 1, 0, 2, 0, 0],868.8091742880855,57060.49302920472,101221.3843147768,false
5,G1_CMAX,G1_CMAX,[31, 22, 82, 15, 73, 9, 95, 42, 77, 12, 47, 98, 93, 78, 86, 54, 85, 63, 18, 44, 20, 35, 43, 97, 37, 76, 10, 30, 21, 45, 71, 64, 1, 23, 17, 83, 24, 41, 60, 36, 6, 57, 40, 88, 65, 56, 79, 69, 67, 68, 46, 75, 38, 58, 19, 32, 81, 48, 27, 62, 87, 90, 99, 59, 11, 16, 72, 26, 70, 89, 91, 84, 3, 92, 25, 55, 28, 51, 29, 7, 66, 61, 5, 33, 53, 50, 96, 80, 8, 39, 14, 2, 34, 4, 52, 49, 0, 94, 74, 13]|[1, 1, 0, 1, 1, 0, 1, 2, 2, 1, 2, 2, 2, 1, 1, 0, 0, 0, 0, 2, 2, 0, 1, 2, 0, 1, 2, 2, 0, 0, 1, 2, 1, 2, 1, 0, 2, 1, 1, 1, 0, 1, 1, 1, 0, 2, 1, 2, 0, 0, 0, 0, 1, 1, 2, 1, 2, 1, 0, 0, 2, 1, 0, 1, 2, 1, 2, 1, 1, 1, 0, 1, 1, 0, 1, 1, 1, 0, 0, 1, 2, 1, 2, 0, 0, 0, 1, 0, 1, 1, 0, 0, 2, 1, 2, 0, 0, 1, 2, 0]|[4, 3, 2, 2, 4, 1, 2, 2, 1, 4, 0, 1, 2, 4, 4, 1, 2, 1, 2, 1, 1, 1, 1, 2, 1, 2, 1, 1, 1, 1, 3, 2, 3, 0, 4, 0, 1, 4, 0, 3, 2, 2, 2, 0, 1, 1, 0, 2, 0, 1, 2, 2, 1, 0, 0, 3, 1, 4, 1, 2, 2, 3, 1, 1, 1, 3, 0, 4, 3, 1, 1, 1, 1, 0, 4, 4, 4, 1, 1, 1, 0, 1, 1, 2, 2, 1, 3, 1, 3, 1, 1, 2, 1, 4, 1, 1, 2, 4, 0, 2]|[0, 2, 1, 1, 3, 0, 1, 0, 0, 0, 0, 0, 1, 0, 1, 0, 0, 0, 1, 0, 0, 0, 3, 1, 0, 2, 0, 0, 0, 1, 0, 0, 0, 0, 3, 0, 1, 3, 0, 2, 1, 1, 1, 0, 0, 0, 0, 0, 1, 0, 0, 0, 1, 3, 0, 0, 0, 2, 0, 1, 0, 2, 0, 1, 0, 2, 1, 0, 0, 1, 0, 3, 1, 1, 3, 3, 1, 0, 0, 2, 0, 3, 0, 1, 1, 0, 2, 0, 2, 1, 0, 0, 0, 0, 0, 1, 0, 2, 0, 0],774.3624095891006,57375.18061298367,107306.07498374351,false
5,G4_BALANCED,G4_BALANCED,[31, 22, 82, 15, 26, 9, 90, 42, 77, 4, 47, 5, 93, 78, 86, 54, 85, 63, 18, 44, 20, 49, 36, 14, 48, 50, 53, 17, 21, 45, 71, 64, 3, 23, 30, 83, 24, 41, 60, 52, 65, 27, 95, 70, 39, 87, 74, 69, 99, 68, 46, 1, 38, 58, 97, 59, 28, 8, 73, 37, 35, 79, 11, 66, 76, 57, 72, 16, 92, 6, 80, 61, 33, 98, 32, 34, 51, 67, 10, 7, 56, 43, 62, 19, 91, 13, 29, 96, 0, 81, 2, 40, 88, 55, 25, 89, 12, 94, 75, 84]|[1, 1, 0, 2, 1, 2, 1, 0, 1, 1, 1, 0, 2, 2, 1, 2, 0, 0, 0, 2, 2, 1, 0, 2, 2, 2, 2, 1, 0, 1, 1, 1, 0, 1, 1, 0, 2, 1, 2, 2, 0, 1, 1, 1, 0, 1, 0, 2, 1, 0, 0, 2, 2, 0, 2, 0, 2, 1, 0, 0, 2, 1, 0, 2, 2, 0, 1, 1, 0, 1, 0, 1, 1, 0, 0, 1, 0, 0, 1, 2, 0, 2, 0, 2, 1, 0, 1, 0, 0, 1, 2, 2, 1, 1, 1, 1, 1, 1, 2, 0]|[3, 3, 2, 2, 4, 1, 4, 0, 2, 4, 3, 2, 1, 0, 2, 1, 1, 1, 2, 1, 2, 3, 0, 1, 0, 1, 1, 4, 1, 0, 3, 2, 2, 3, 4, 1, 1, 4, 0, 1, 2, 2, 4, 4, 1, 0, 0, 2, 3, 1, 2, 1, 2, 1, 1, 2, 0, 3, 0, 2, 2, 3, 1, 0, 1, 0, 4, 0, 0, 4, 1, 3, 4, 1, 2, 4, 0, 1, 3, 1, 2, 1, 2, 0, 3, 2, 3, 2, 2, 1, 1, 0, 4, 3, 4, 4, 3, 4, 2, 1]|[2, 2, 1, 0, 3, 0, 1, 0, 0, 0, 2, 0, 1, 0, 1, 0, 0, 0, 1, 0, 0, 2, 0, 0, 0, 0, 0, 3, 0, 1, 0, 2, 0, 0, 3, 0, 1, 3, 1, 0, 0, 1, 1, 3, 0, 0, 1, 0, 2, 0, 0, 0, 0, 0, 1, 0, 0, 0, 1, 1, 0, 2, 0, 0, 0, 1, 2, 1, 1, 2, 0, 0, 1, 0, 0, 2, 0, 0, 3, 0, 1, 0, 1, 0, 0, 0, 0, 0, 0, 1, 0, 0, 1, 0, 3, 1, 0, 2, 1, 0],862.5852121192183,55479.517208510064,123717.62532828261,false
5,G2_TEC,G2_TEC,[31, 22, 82, 15, 26, 9, 95, 42, 77, 4, 47, 5, 93, 78, 86, 54, 85, 63, 18, 44, 20, 49, 36, 14, 74, 50, 53, 17, 21, 45, 71, 64, 3, 23, 30, 83, 24, 41, 60, 52, 65, 27, 90, 70, 39, 87, 48, 69, 99, 68, 46, 1, 38, 58, 97, 59, 28, 8, 73, 37, 35, 79, 11, 66, 76, 57, 72, 16, 92, 6, 80, 61, 33, 98, 32, 34, 51, 67, 10, 7, 56, 43, 62, 19, 91, 13, 29, 96, 94, 81, 84, 40, 88, 55, 75, 25, 12, 0, 89, 2]|[2, 1, 2, 1, 1, 2, 1, 1, 1, 1, 1, 0, 2, 2, 1, 2, 0, 0, 0, 2, 2, 1, 0, 2, 0, 2, 2, 1, 0, 1, 1, 1, 0, 0, 1, 0, 2, 1, 2, 2, 0, 1, 1, 1, 0, 2, 0, 2, 1, 0, 0, 2, 2, 0, 2, 0, 2, 1, 0, 0, 2, 1, 0, 2, 2, 1, 1, 1, 0, 1, 2, 1, 1, 0, 0, 1, 0, 0, 1, 2, 2, 1, 0, 2, 1, 0, 1, 0, 1, 1, 0, 2, 1, 0, 0, 1, 1, 0, 1, 2]|[0, 3, 0, 2, 4, 1, 4, 4, 2, 4, 3, 2, 1, 0, 2, 1, 1, 1, 2, 1, 2, 3, 0, 1, 0, 1, 1, 4, 1, 0, 3, 2, 2, 0, 4, 1, 1, 4, 0, 1, 2, 2, 4, 4, 1, 1, 0, 2, 3, 1, 2, 1, 2, 1, 1, 2, 0, 3, 0, 2, 2, 3, 1, 0, 1, 4, 4, 0, 0, 4, 1, 3, 4, 1, 2, 4, 0, 1, 3, 1, 0, 4, 2, 0, 3, 2, 3, 2, 4, 1, 2, 0, 4, 2, 2, 4, 3, 2, 4, 1]|[0, 2, 0, 1, 3, 0, 1, 3, 0, 0, 2, 0, 1, 0, 1, 0, 0, 0, 1, 0, 0, 2, 0, 0, 1, 0, 0, 3, 0, 1, 0, 2, 0, 0, 3, 0, 1, 3, 1, 0, 0, 1, 1, 3, 0, 0, 1, 0, 2, 0, 0, 0, 0, 0, 1, 0, 0, 0, 1, 1, 0, 2, 0, 0, 0, 1, 2, 1, 1, 2, 0, 0, 1, 0, 0, 2, 0, 0, 3, 0, 0, 2, 1, 0, 0, 0, 0, 0, 2, 1, 1, 0, 1, 0, 0, 3, 0, 0, 1, 0],881.4638349230657,54042.855127685005,122716.37488162471,false
5,G3_TWC,G3_TWC,[31, 22, 82, 15, 26, 9, 95, 42, 77, 12, 47, 5, 93, 78, 86, 54, 85, 63, 18, 44, 20, 35, 43, 97, 91, 76, 10, 30, 21, 45, 71, 64, 1, 23, 17, 83, 24, 41, 60, 36, 6, 57, 40, 88, 65, 56, 79, 69, 67, 68, 46, 75, 38, 58, 19, 32, 81, 48, 27, 62, 87, 90, 99, 59, 11, 16, 72, 73, 70, 39, 37, 84, 3, 92, 25, 55, 28, 51, 29, 7, 33, 61, 98, 14, 89, 50, 66, 96, 80, 53, 8, 2, 34, 4, 52, 49, 0, 94, 74, 13]|[1, 1, 0, 1, 1, 0, 1, 2, 2, 1, 2, 2, 2, 1, 0, 0, 0, 1, 0, 2, 2, 0, 1, 2, 0, 1, 2, 2, 0, 0, 1, 2, 1, 0, 1, 0, 2, 0, 1, 1, 0, 1, 1, 1, 0, 2, 2, 2, 0, 0, 0, 0, 1, 1, 2, 1, 2, 1, 0, 0, 2, 1, 0, 1, 2, 1, 2, 1, 1, 1, 1, 1, 1, 0, 1, 1, 0, 0, 0, 1, 0, 1, 0, 0, 1, 0, 2, 0, 0, 0, 1, 0, 2, 1, 2, 0, 0, 1, 1, 0]|[4, 3, 2, 2, 4, 1, 2, 2, 2, 4, 0, 1, 2, 4, 1, 1, 2, 4, 2, 1, 1, 1, 1, 2, 1, 2, 1, 1, 1, 1, 3, 2, 3, 0, 4, 0, 1, 1, 0, 3, 2, 2, 2, 0, 1, 1, 1, 2, 0, 1, 2, 2, 1, 0, 0, 3, 2, 4, 1, 2, 2, 3, 1, 1, 1, 3, 0, 4, 3, 1, 4, 1, 1, 0, 4, 4, 2, 1, 1, 1, 2, 3, 1, 1, 1, 1, 1, 1, 1, 2, 3, 2, 1, 4, 1, 1, 2, 4, 3, 2]|[0, 2, 1, 1, 3, 0, 1, 0, 0, 0, 0, 0, 1, 0, 0, 0, 0, 3, 1, 0, 0, 0, 3, 1, 0, 2, 0, 0, 0, 1, 0, 0, 0, 0, 3, 0, 1, 0, 0, 2, 1, 1, 1, 0, 0, 0, 0, 0, 1, 0, 0, 0, 1, 3, 0, 0, 1, 2, 0, 1, 0, 2, 0, 1, 0, 2, 1, 0, 0, 1, 1, 3, 1, 1, 3, 3, 1, 0, 0, 2, 1, 0, 0, 0, 1, 0, 0, 0, 0, 1, 2, 0, 0, 0, 0, 1, 0, 2, 0, 0],868.8091742880855,57060.49302920472,101221.3843147768,false
5,G1_CMAX,G1_CMAX,[31, 95, 9, 15, 82, 22, 42, 77, 26, 8, 10, 76, 91, 97, 43, 63, 20, 44, 18, 80, 45, 78, 86, 5, 84, 89, 61, 96, 35, 33, 7, 29, 51, 28, 55, 25, 92, 50, 30, 37, 39, 70, 73, 72, 93, 16, 11, 74, 59, 99, 90, 34, 54, 27, 48, 65, 69, 81, 32, 19, 58, 38, 56, 46, 64, 68, 67, 79, 75, 62, 88, 40, 57, 6, 36, 60, 41, 24, 66, 17, 1, 85, 71, 3, 83, 14, 98, 21, 53, 12, 2, 52, 4, 87, 49, 0, 94, 23, 47, 13]|[1, 1, 0, 1, 0, 0, 2, 2, 1, 1, 2, 1, 0, 1, 0, 2, 2, 2, 0, 0, 0, 1, 1, 2, 2, 1, 1, 1, 1, 2, 1, 1, 0, 1, 1, 1, 0, 0, 2, 0, 1, 1, 1, 2, 2, 1, 2, 2, 1, 0, 1, 2, 0, 0, 1, 1, 2, 2, 1, 0, 1, 1, 2, 0, 0, 0, 0, 1, 1, 1, 1, 2, 1, 0, 1, 1, 1, 2, 2, 2, 0, 0, 1, 1, 1, 2, 0, 0, 0, 1, 0, 2, 0, 2, 0, 0, 1, 2, 2, 0]|[2, 3, 2, 4, 1, 1, 2, 1, 0, 4, 1, 2, 1, 1, 1, 1, 1, 1, 1, 2, 1, 4, 4, 1, 1, 1, 3, 3, 3, 2, 1, 3, 1, 4, 4, 4, 0, 1, 1, 1, 0, 3, 4, 0, 2, 3, 1, 0, 1, 1, 3, 1, 2, 1, 4, 3, 2, 2, 1, 2, 0, 1, 1, 2, 1, 1, 0, 0, 2, 2, 0, 0, 2, 2, 3, 0, 4, 1, 0, 2, 1, 2, 3, 1, 3, 0, 0, 1, 2, 4, 2, 1, 1, 2, 1, 2, 4, 0, 0, 2]|[1, 1, 1, 0, 0, 0, 1, 0, 3, 0, 0, 2, 0, 3, 0, 0, 0, 0, 0, 0, 0, 1, 1, 0, 0, 1, 0, 2, 0, 0, 2, 0, 0, 1, 3, 3, 1, 0, 0, 0, 1, 0, 0, 1, 1, 2, 0, 0, 1, 0, 2, 0, 1, 0, 2, 0, 0, 1, 1, 0, 3, 1, 0, 0, 0, 0, 1, 0, 1, 1, 0, 0, 1, 1, 2, 0, 3, 1, 0, 0, 1, 0, 0, 1, 0, 1, 0, 0, 1, 3, 0, 0, 0, 0, 1, 0, 2, 0, 0, 0],741.0259643952477,59280.645567270396,113268.46410696392,false
5,G4_BALANCED,G4_BALANCED,[31, 22, 82, 15, 26, 9, 90, 42, 77, 4, 47, 5, 93, 78, 86, 54, 85, 63, 18, 44, 20, 49, 36, 14, 48, 50, 53, 17, 21, 45, 71, 64, 3, 23, 30, 83, 24, 41, 60, 52, 65, 27, 95, 70, 39, 87, 74, 69, 99, 68, 46, 1, 38, 58, 97, 59, 28, 8, 73, 37, 35, 79, 11, 66, 76, 57, 72, 16, 92, 6, 80, 61, 33, 98, 32, 34, 51, 67, 10, 7, 56, 43, 62, 19, 91, 13, 29, 96, 0, 81, 2, 40, 88, 55, 25, 89, 12, 94, 75, 84]|[1, 1, 0, 2, 1, 2, 1, 0, 1, 1, 1, 0, 2, 2, 1, 2, 0, 0, 0, 2, 2, 1, 0, 2, 2, 2, 2, 1, 0, 1, 1, 1, 0, 1, 1, 0, 2, 1, 2, 2, 0, 1, 1, 1, 0, 1, 0, 2, 1, 0, 0, 2, 2, 0, 2, 0, 2, 1, 0, 0, 2, 1, 0, 2, 2, 0, 1, 1, 0, 1, 0, 1, 1, 0, 0, 1, 0, 0, 1, 2, 0, 2, 0, 2, 1, 0, 1, 0, 0, 1, 2, 2, 1, 1, 1, 1, 1, 1, 2, 0]|[3, 3, 2, 2, 4, 1, 4, 0, 2, 4, 3, 2, 1, 0, 2, 1, 1, 1, 2, 1, 2, 3, 0, 1, 0, 1, 1, 4, 1, 0, 3, 2, 2, 3, 4, 1, 1, 4, 0, 1, 2, 2, 4, 4, 1, 0, 0, 2, 3, 1, 2, 1, 2, 1, 1, 2, 0, 3, 0, 2, 2, 3, 1, 0, 1, 0, 4, 0, 0, 4, 1, 3, 4, 1, 2, 4, 0, 1, 3, 1, 2, 1, 2, 0, 3, 2, 3, 2, 2, 1, 1, 0, 4, 3, 4, 4, 3, 4, 2, 1]|[2, 2, 1, 0, 3, 0, 1, 0, 0, 0, 2, 0, 1, 0, 1, 0, 0, 0, 1, 0, 0, 2, 0, 0, 0, 0, 0, 3, 0, 1, 0, 2, 0, 0, 3, 0, 1, 3, 1, 0, 0, 1, 1, 3, 0, 0, 1, 0, 2, 0, 0, 0, 0, 0, 1, 0, 0, 0, 1, 1, 0, 2, 0, 0, 0, 1, 2, 1, 1, 2, 0, 0, 1, 0, 0, 2, 0, 0, 3, 0, 1, 0, 1, 0, 0, 0, 0, 0, 0, 1, 0, 0, 1, 0, 3, 1, 0, 2, 1, 0],862.5852121192183,55479.517208510064,123717.62532828261,false
5,G2_TEC,G2_TEC,[31, 22, 82, 15, 26, 9, 95, 42, 77, 4, 47, 5, 93, 78, 86, 54, 85, 63, 18, 44, 20, 49, 36, 14, 74, 50, 53, 17, 21, 45, 71, 64, 3, 23, 30, 83, 24, 41, 60, 52, 65, 27, 90, 70, 39, 87, 48, 69, 99, 68, 46, 1, 38, 58, 97, 59, 28, 8, 73, 37, 35, 79, 11, 66, 76, 57, 72, 16, 92, 6, 80, 61, 33, 98, 32, 34, 51, 67, 10, 7, 56, 43, 62, 19, 91, 13, 29, 96, 94, 81, 84, 40, 88, 55, 75, 25, 12, 0, 89, 2]|[2, 1, 2, 1, 1, 2, 1, 1, 1, 1, 1, 0, 2, 2, 1, 2, 0, 0, 0, 2, 2, 1, 0, 2, 0, 2, 2, 1, 0, 1, 1, 1, 0, 0, 1, 0, 2, 1, 2, 2, 0, 1, 1, 1, 0, 2, 0, 2, 1, 0, 0, 2, 2, 0, 2, 0, 2, 1, 0, 0, 2, 1, 0, 2, 2, 1, 1, 1, 0, 1, 2, 1, 1, 0, 0, 1, 0, 0, 1, 2, 2, 1, 0, 2, 1, 0, 1, 0, 1, 1, 0, 2, 1, 0, 0, 1, 1, 0, 1, 2]|[0, 3, 0, 2, 4, 1, 4, 4, 2, 4, 3, 2, 1, 0, 2, 1, 1, 1, 2, 1, 2, 3, 0, 1, 0, 1, 1, 4, 1, 0, 3, 2, 2, 0, 4, 1, 1, 4, 0, 1, 2, 2, 4, 4, 1, 1, 0, 2, 3, 1, 2, 1, 2, 1, 1, 2, 0, 3, 0, 2, 2, 3, 1, 0, 1, 4, 4, 0, 0, 4, 1, 3, 4, 1, 2, 4, 0, 1, 3, 1, 0, 4, 2, 0, 3, 2, 3, 2, 4, 1, 2, 0, 4, 2, 2, 4, 3, 2, 4, 1]|[0, 2, 0, 1, 3, 0, 1, 3, 0, 0, 2, 0, 1, 0, 1, 0, 0, 0, 1, 0, 0, 2, 0, 0, 1, 0, 0, 3, 0, 1, 0, 2, 0, 0, 3, 0, 1, 3, 1, 0, 0, 1, 1, 3, 0, 0, 1, 0, 2, 0, 0, 0, 0, 0, 1, 0, 0, 0, 1, 1, 0, 2, 0, 0, 0, 1, 2, 1, 1, 2, 0, 0, 1, 0, 0, 2, 0, 0, 3, 0, 0, 2, 1, 0, 0, 0, 0, 0, 2, 1, 1, 0, 1, 0, 0, 3, 0, 0, 1, 0],881.4638349230657,54042.855127685005,122716.37488162471,false
5,G3_TWC,G3_TWC,[31, 22, 82, 15, 26, 9, 95, 42, 77, 12, 47, 5, 93, 78, 86, 54, 85, 63, 18, 44, 20, 35, 43, 97, 91, 76, 10, 30, 21, 45, 71, 64, 1, 23, 17, 83, 24, 41, 60, 36, 6, 57, 40, 88, 65, 56, 79, 69, 67, 68, 46, 75, 38, 58, 19, 32, 81, 48, 27, 62, 87, 90, 99, 59, 11, 16, 72, 73, 70, 39, 37, 84, 3, 92, 25, 55, 28, 51, 29, 7, 33, 61, 98, 14, 89, 50, 66, 96, 80, 53, 8, 2, 34, 4, 52, 49, 0, 94, 74, 13]|[1, 1, 0, 1, 1, 0, 1, 2, 2, 1, 2, 2, 2, 1, 0, 0, 0, 1, 0, 2, 2, 0, 1, 2, 0, 1, 2, 2, 0, 0, 1, 2, 1, 0, 1, 0, 2, 0, 1, 1, 0, 1, 1, 1, 0, 2, 2, 2, 0, 0, 0, 0, 1, 1, 2, 1, 2, 1, 0, 0, 2, 1, 0, 1, 2, 1, 2, 1, 1, 1, 1, 1, 1, 0, 1, 1, 0, 0, 0, 1, 0, 1, 0, 0, 1, 0, 2, 0, 0, 0, 1, 0, 2, 1, 2, 0, 0, 1, 1, 0]|[4, 3, 2, 2, 4, 1, 2, 2, 2, 4, 0, 1, 2, 4, 1, 1, 2, 4, 2, 1, 1, 1, 1, 2, 1, 2, 1, 1, 1, 1, 3, 2, 3, 0, 4, 0, 1, 1, 0, 3, 2, 2, 2, 0, 1, 1, 1, 2, 0, 1, 2, 2, 1, 0, 0, 3, 2, 4, 1, 2, 2, 3, 1, 1, 1, 3, 0, 4, 3, 1, 4, 1, 1, 0, 4, 4, 2, 1, 1, 1, 2, 3, 1, 1, 1, 1, 1, 1, 1, 2, 3, 2, 1, 4, 1, 1, 2, 4, 3, 2]|[0, 2, 1, 1, 3, 0, 1, 0, 0, 0, 0, 0, 1, 0, 0, 0, 0, 3, 1, 0, 0, 0, 3, 1, 0, 2, 0, 0, 0, 1, 0, 0, 0, 0, 3, 0, 1, 0, 0, 2, 1, 1, 1, 0, 0, 0, 0, 0, 1, 0, 0, 0, 1, 3, 0, 0, 1, 2, 0, 1, 0, 2, 0, 1, 0, 2, 1, 0, 0, 1, 1, 3, 1, 1, 3, 3, 1, 0, 0, 2, 1, 0, 0, 0, 1, 0, 0, 0, 0, 1, 2, 0, 0, 0, 0, 1, 0, 2, 0, 0],868.8091742880855,57060.49302920472,101221.3843147768,false
5,G1_CMAX,G4_BALANCED,[31, 22, 82, 15, 26, 9, 95, 42, 77, 12, 47, 5, 93, 78, 86, 54, 85, 63, 18, 44, 20, 35, 43, 97, 91, 76, 10, 30, 21, 45, 61, 64, 1, 23, 17, 83, 24, 41, 60, 36, 6, 57, 40, 88, 65, 56, 79, 69, 67, 68, 46, 75, 38, 58, 19, 32, 81, 48, 27, 62, 87, 90, 99, 59, 11, 16, 72, 73, 70, 89, 37, 84, 3, 92, 25, 55, 28, 51, 29, 7, 96, 74, 33, 14, 39, 50, 66, 98, 80, 53, 8, 2, 34, 4, 52, 49, 0, 94, 71, 13]|[1, 1, 0, 1, 1, 0, 1, 2, 2, 1, 2, 2, 2, 1, 1, 0, 0, 0, 0, 2, 2, 0, 1, 2, 0, 1, 2, 2, 0, 0, 1, 2, 1, 2, 1, 0, 2, 1, 1, 1, 0, 1, 1, 1, 0, 2, 1, 2, 0, 0, 0, 0, 1, 1, 2, 1, 2, 1, 0, 0, 2, 1, 0, 1, 2, 1, 2, 1, 1, 1, 0, 1, 1, 0, 1, 1, 1, 0, 1, 1, 0, 2, 0, 0, 1, 0, 2, 2, 0, 0, 1, 0, 2, 1, 2, 0, 0, 1, 2, 0]|[4, 3, 2, 2, 4, 1, 2, 2, 1, 4, 0, 1, 2, 4, 4, 1, 2, 1, 2, 1, 1, 1, 1, 2, 1, 2, 1, 1, 1, 1, 3, 2, 3, 0, 4, 0, 1, 4, 0, 3, 2, 2, 2, 0, 1, 1, 0, 2, 0, 1, 2, 2, 1, 0, 0, 3, 1, 4, 1, 2, 2, 3, 1, 1, 1, 3, 0, 4, 3, 1, 1, 1, 1, 0, 4, 4, 4, 1, 3, 1, 1, 1, 1, 2, 1, 1, 0, 0, 1, 2, 3, 2, 1, 4, 1, 1, 2, 4, 1, 2]|[0, 2, 1, 1, 3, 0, 1, 0, 0, 0, 0, 0, 1, 0, 1, 0, 0, 0, 1, 0, 0, 0, 3, 1, 0, 2, 0, 0, 0, 1, 0, 0, 0, 0, 3, 0, 1, 3, 0, 2, 1, 1, 1, 0, 0, 0, 0, 0, 1, 0, 0, 0, 1, 3, 0, 0, 0, 2, 0, 1, 0, 2, 0, 1, 0, 2, 1, 0, 0, 1, 0, 3, 1, 1, 3, 3, 1, 0, 0, 2, 0, 0, 0, 0, 1, 0, 0, 0, 0, 1, 2, 0, 0, 0, 0, 1, 0, 2, 0, 0],787.5286629220103,56961.28701465638,109464.63670148456,true
5,G4_BALANCED,G4_BALANCED,[31, 22, 82, 15, 26, 9, 90, 42, 77, 4, 47, 5, 93, 78, 86, 54, 85, 63, 18, 44, 20, 49, 36, 14, 48, 50, 53, 17, 21, 45, 71, 64, 3, 23, 30, 83, 24, 41, 60, 52, 65, 27, 95, 70, 39, 87, 74, 69, 99, 68, 46, 1, 38, 58, 97, 59, 28, 8, 73, 37, 35, 79, 11, 66, 76, 57, 72, 16, 92, 6, 80, 61, 33, 98, 32, 34, 62, 67, 10, 7, 19, 43, 51, 56, 91, 13, 29, 96, 0, 81, 2, 40, 88, 55, 75, 89, 12, 94, 25, 84]|[2, 1, 2, 1, 1, 2, 1, 1, 1, 1, 1, 0, 2, 2, 1, 2, 0, 0, 0, 2, 2, 1, 0, 2, 2, 2, 2, 1, 0, 1, 1, 1, 0, 0, 1, 0, 2, 1, 2, 2, 0, 1, 1, 1, 0, 1, 0, 2, 1, 0, 0, 2, 2, 0, 2, 0, 2, 1, 0, 0, 2, 1, 0, 2, 2, 0, 1, 1, 0, 1, 0, 1, 1, 0, 0, 1, 0, 0, 1, 2, 2, 2, 0, 0, 1, 0, 1, 0, 0, 1, 2, 2, 1, 1, 2, 1, 1, 1, 1, 0]|[0, 3, 0, 2, 4, 1, 4, 4, 2, 4, 3, 2, 1, 0, 2, 1, 1, 1, 2, 1, 2, 3, 0, 1, 0, 1, 1, 4, 1, 0, 3, 2, 2, 0, 4, 1, 1, 4, 0, 1, 2, 2, 4, 4, 1, 0, 0, 2, 3, 1, 2, 1, 2, 1, 1, 2, 0, 3, 0, 2, 2, 3, 1, 0, 1, 0, 4, 0, 0, 4, 1, 3, 4, 1, 2, 4, 2, 1, 3, 1, 0, 1, 0, 2, 3, 2, 3, 2, 2, 1, 1, 0, 4, 3, 2, 4, 3, 4, 4, 1]|[0, 2, 0, 1, 3, 0, 1, 3, 0, 0, 2, 0, 1, 0, 1, 0, 0, 0, 1, 0, 0, 2, 0, 0, 0, 0, 0, 3, 0, 1, 0, 2, 0, 0, 3, 0, 1, 3, 1, 0, 0, 1, 1, 3, 0, 0, 1, 0, 2, 0, 0, 0, 0, 0, 1, 0, 0, 0, 1, 1, 0, 2, 0, 0, 0, 1, 2, 1, 1, 2, 0, 0, 1, 0, 0, 2, 1, 0, 3, 0, 0, 0, 0, 1, 0, 0, 0, 0, 0, 1, 0, 0, 1, 0, 1, 1, 0, 2, 3, 0],859.3258246690137,55284.01110282602,121587.07642727022,false
5,G2_TEC,G2_TEC,[31, 22, 82, 15, 26, 9, 95, 42, 77, 4, 47, 5, 93, 78, 86, 54, 85, 63, 18, 44, 20, 49, 36, 14, 74, 50, 53, 17, 21, 45, 71, 64, 3, 23, 30, 83, 24, 41, 60, 52, 65, 27, 90, 70, 39, 87, 48, 69, 99, 68, 46, 1, 38, 58, 97, 59, 28, 8, 73, 37, 35, 79, 11, 66, 76, 57, 72, 16, 92, 6, 80, 61, 33, 98, 32, 34, 51, 67, 10, 7, 56, 43, 62, 19, 91, 13, 29, 96, 94, 81, 84, 40, 88, 55, 75, 25, 12, 0, 89, 2]|[2, 1, 2, 1, 1, 2, 1, 1, 1, 1, 1, 0, 2, 2, 1, 2, 0, 0, 0, 2, 2, 1, 0, 2, 0, 2, 2, 1, 0, 1, 1, 1, 0, 0, 1, 0, 2, 1, 2, 2, 0, 1, 1, 1, 0, 2, 0, 2, 1, 0, 0, 2, 2, 0, 2, 0, 2, 1, 0, 0, 2, 1, 0, 2, 2, 1, 1, 1, 0, 1, 2, 1, 1, 0, 0, 1, 0, 0, 1, 2, 2, 1, 0, 2, 1, 0, 1, 0, 1, 1, 0, 2, 1, 0, 0, 1, 1, 0, 1, 2]|[0, 3, 0, 2, 4, 1, 4, 4, 2, 4, 3, 2, 1, 0, 2, 1, 1, 1, 2, 1, 2, 3, 0, 1, 0, 1, 1, 4, 1, 0, 3, 2, 2, 0, 4, 1, 1, 4, 0, 1, 2, 2, 4, 4, 1, 1, 0, 2, 3, 1, 2, 1, 2, 1, 1, 2, 0, 3, 0, 2, 2, 3, 1, 0, 1, 4, 4, 0, 0, 4, 1, 3, 4, 1, 2, 4, 0, 1, 3, 1, 0, 4, 2, 0, 3, 2, 3, 2, 4, 1, 2, 0, 4, 2, 2, 4, 3, 2, 4, 1]|[0, 2, 0, 1, 3, 0, 1, 3, 0, 0, 2, 0, 1, 0, 1, 0, 0, 0, 1, 0, 0, 2, 0, 0, 1, 0, 0, 3, 0, 1, 0, 2, 0, 0, 3, 0, 1, 3, 1, 0, 0, 1, 1, 3, 0, 0, 1, 0, 2, 0, 0, 0, 0, 0, 1, 0, 0, 0, 1, 1, 0, 2, 0, 0, 0, 1, 2, 1, 1, 2, 0, 0, 1, 0, 0, 2, 0, 0, 3, 0, 0, 2, 1, 0, 0, 0, 0, 0, 2, 1, 1, 0, 1, 0, 0, 3, 0, 0, 1, 0],881.4638349230657,54042.855127685005,122716.37488162471,false
5,G3_TWC,G3_TWC,[31, 22, 82, 15, 26, 9, 95, 42, 77, 12, 47, 5, 93, 78, 86, 54, 85, 63, 18, 44, 20, 35, 43, 97, 91, 76, 10, 30, 21, 45, 71, 64, 1, 23, 17, 83, 24, 41, 60, 36, 6, 57, 40, 88, 65, 56, 79, 69, 67, 68, 46, 75, 38, 58, 19, 32, 81, 48, 27, 62, 87, 90, 99, 59, 11, 16, 72, 73, 70, 39, 37, 84, 3, 92, 25, 55, 28, 51, 29, 7, 33, 61, 98, 14, 89, 50, 66, 96, 80, 53, 8, 2, 34, 4, 52, 49, 0, 94, 74, 13]|[1, 1, 0, 1, 1, 0, 1, 2, 2, 1, 2, 2, 2, 1, 0, 0, 0, 1, 0, 2, 2, 0, 1, 2, 0, 1, 2, 2, 0, 0, 1, 2, 1, 0, 1, 0, 2, 0, 1, 1, 0, 1, 1, 1, 0, 2, 2, 2, 0, 0, 0, 0, 1, 1, 2, 1, 2, 1, 0, 0, 2, 1, 0, 1, 2, 1, 2, 1, 1, 1, 1, 1, 1, 0, 1, 1, 0, 0, 0, 1, 0, 1, 0, 0, 1, 0, 2, 0, 0, 0, 1, 0, 2, 1, 2, 0, 0, 1, 1, 0]|[4, 3, 2, 2, 4, 1, 2, 2, 2, 4, 0, 1, 2, 4, 1, 1, 2, 4, 2, 1, 1, 1, 1, 2, 1, 2, 1, 1, 1, 1, 3, 2, 3, 0, 4, 0, 1, 1, 0, 3, 2, 2, 2, 0, 1, 1, 1, 2, 0, 1, 2, 2, 1, 0, 0, 3, 2, 4, 1, 2, 2, 3, 1, 1, 1, 3, 0, 4, 3, 1, 4, 1, 1, 0, 4, 4, 2, 1, 1, 1, 2, 3, 1, 1, 1, 1, 1, 1, 1, 2, 3, 2, 1, 4, 1, 1, 2, 4, 3, 2]|[0, 2, 1, 1, 3, 0, 1, 0, 0, 0, 0, 0, 1, 0, 0, 0, 0, 3, 1, 0, 0, 0, 3, 1, 0, 2, 0, 0, 0, 1, 0, 0, 0, 0, 3, 0, 1, 0, 0, 2, 1, 1, 1, 0, 0, 0, 0, 0, 1, 0, 0, 0, 1, 3, 0, 0, 1, 2, 0, 1, 0, 2, 0, 1, 0, 2, 1, 0, 0, 1, 1, 3, 1, 1, 3, 3, 1, 0, 0, 2, 1, 0, 0, 0, 1, 0, 0, 0, 0, 1, 2, 0, 0, 0, 0, 1, 0, 2, 0, 0],868.8091742880855,57060.49302920472,101221.3843147768,false
5,G1_CMAX,G1_CMAX,[31, 22, 82, 15, 67, 9, 95, 42, 77, 12, 47, 5, 93, 78, 37, 54, 85, 63, 18, 44, 20, 35, 43, 97, 91, 76, 10, 30, 21, 45, 61, 64, 1, 23, 17, 83, 24, 41, 60, 36, 6, 57, 40, 88, 65, 56, 79, 69, 26, 68, 46, 75, 38, 58, 19, 32, 81, 48, 27, 62, 87, 90, 99, 59, 11, 16, 72, 73, 70, 39, 86, 84, 3, 92, 25, 55, 28, 51, 29, 7, 33, 74, 96, 98, 53, 50, 66, 80, 8, 89, 14, 2, 34, 4, 52, 49, 0, 94, 71, 13]|[1, 1, 0, 1, 1, 0, 1, 2, 2, 1, 2, 2, 2, 1, 1, 0, 0, 0, 0, 2, 2, 0, 1, 2, 0, 1, 2, 2, 0, 0, 1, 2, 1, 2, 1, 0, 2, 1, 1, 1, 0, 1, 1, 1, 0, 2, 1, 2, 0, 0, 0, 0, 1, 1, 2, 1, 2, 1, 0, 0, 2, 1, 0, 1, 2, 1, 2, 1, 1, 1, 0, 2, 1, 0, 1, 1, 1, 0, 0, 1, 0, 2, 0, 0, 0, 0, 2, 0, 1, 1, 0, 0, 2, 1, 2, 0, 0, 1, 2, 0]|[4, 3, 2, 2, 4, 1, 2, 2, 1, 4, 0, 1, 2, 4, 4, 1, 2, 1, 2, 1, 1, 1, 1, 2, 1, 2, 1, 1, 1, 1, 3, 2, 3, 0, 4, 0, 1, 4, 0, 3, 2, 2, 2, 0, 1, 1, 0, 2, 0, 1, 2, 2, 1, 0, 0, 3, 2, 4, 1, 2, 2, 3, 1, 1, 1, 3, 0, 4, 3, 0, 1, 1, 1, 0, 4, 4, 4, 1, 1, 1, 2, 1, 1, 1, 2, 1, 0, 1, 3, 1, 2, 2, 1, 4, 1, 1, 2, 4, 1, 2]|[0, 2, 1, 1, 3, 0, 1, 0, 0, 0, 0, 0, 1, 0, 1, 0, 0, 0, 1, 0, 0, 0, 3, 1, 0, 2, 0, 0, 0, 1, 0, 0, 0, 0, 3, 0, 1, 3, 0, 2, 1, 1, 1, 0, 0, 0, 0, 0, 1, 0, 0, 0, 1, 3, 0, 0, 1, 2, 0, 1, 0, 2, 0, 1, 0, 2, 1, 0, 0, 1, 0, 0, 1, 1, 3, 3, 1, 0, 0, 2, 1, 0, 0, 0, 1, 0, 0, 0, 2, 1, 0, 0, 0, 0, 0, 1, 0, 2, 0, 0],832.4570253481864,56752.10626903946,106142.10157667361,false
5,G4_BALANCED,G4_BALANCED,[31, 22, 82, 15, 26, 9, 90, 42, 77, 4, 47, 5, 93, 78, 86, 54, 85, 63, 18, 44, 20, 49, 36, 14, 48, 50, 53, 17, 21, 45, 71, 64, 3, 23, 30, 83, 24, 41, 60, 52, 65, 27, 95, 70, 39, 87, 74, 69, 99, 68, 46, 1, 38, 58, 97, 59, 28, 8, 73, 37, 35, 79, 11, 66, 76, 57, 72, 16, 92, 6, 80, 61, 33, 98, 32, 34, 62, 67, 10, 7, 19, 43, 51, 56, 91, 13, 29, 96, 0, 81, 2, 40, 88, 55, 75, 89, 12, 94, 25, 84]|[2, 1, 2, 1, 1, 2, 1, 1, 1, 1, 1, 0, 2, 2, 1, 2, 0, 0, 0, 2, 2, 1, 0, 2, 2, 2, 2, 1, 0, 1, 1, 1, 0, 0, 1, 0, 2, 1, 2, 2, 0, 1, 1, 1, 0, 1, 0, 2, 1, 0, 0, 2, 2, 0, 2, 0, 2, 1, 0, 0, 2, 1, 0, 2, 2, 0, 1, 1, 0, 1, 0, 1, 1, 0, 0, 1, 0, 0, 1, 2, 2, 2, 0, 0, 1, 0, 1, 0, 0, 1, 2, 2, 1, 1, 2, 1, 1, 1, 1, 0]|[0, 3, 0, 2, 4, 1, 4, 4, 2, 4, 3, 2, 1, 0, 2, 1, 1, 1, 2, 1, 2, 3, 0, 1, 0, 1, 1, 4, 1, 0, 3, 2, 2, 0, 4, 1, 1, 4, 0, 1, 2, 2, 4, 4, 1, 0, 0, 2, 3, 1, 2, 1, 2, 1, 1, 2, 0, 3, 0, 2, 2, 3, 1, 0, 1, 0, 4, 0, 0, 4, 1, 3, 4, 1, 2, 4, 2, 1, 3, 1, 0, 1, 0, 2, 3, 2, 3, 2, 2, 1, 1, 0, 4, 3, 2, 4, 3, 4, 4, 1]|[0, 2, 0, 1, 3, 0, 1, 3, 0, 0, 2, 0, 1, 0, 1, 0, 0, 0, 1, 0, 0, 2, 0, 0, 0, 0, 0, 3, 0, 1, 0, 2, 0, 0, 3, 0, 1, 3, 1, 0, 0, 1, 1, 3, 0, 0, 1, 0, 2, 0, 0, 0, 0, 0, 1, 0, 0, 0, 1, 1, 0, 2, 0, 0, 0, 1, 2, 1, 1, 2, 0, 0, 1, 0, 0, 2, 1, 0, 3, 0, 0, 0, 0, 1, 0, 0, 0, 0, 0, 1, 0, 0, 1, 0, 1, 1, 0, 2, 3, 0],859.3258246690137,55284.01110282602,121587.07642727022,false
5,G2_TEC,G2_TEC,[31, 22, 82, 15, 26, 9, 95, 42, 77, 4, 47, 5, 93, 78, 86, 54, 85, 63, 18, 44, 20, 49, 36, 14, 74, 50, 53, 17, 21, 45, 71, 64, 3, 23, 30, 83, 24, 41, 60, 52, 65, 27, 90, 70, 39, 87, 48, 69, 99, 68, 46, 1, 38, 58, 97, 59, 28, 8, 73, 37, 35, 79, 11, 66, 76, 57, 72, 16, 92, 6, 80, 61, 33, 98, 32, 34, 51, 67, 10, 7, 56, 43, 62, 19, 91, 13, 29, 96, 94, 81, 84, 40, 88, 55, 75, 25, 12, 0, 89, 2]|[2, 1, 2, 1, 1, 2, 1, 1, 1, 1, 1, 0, 2, 2, 1, 2, 0, 0, 0, 2, 2, 1, 0, 2, 0, 2, 2, 1, 0, 1, 1, 1, 0, 0, 1, 0, 2, 1, 2, 2, 0, 1, 1, 1, 0, 2, 0, 2, 1, 0, 0, 2, 2, 0, 2, 0, 2, 1, 0, 0, 2, 1, 0, 2, 2, 1, 1, 1, 0, 1, 2, 1, 1, 0, 0, 1, 0, 0, 1, 2, 2, 1, 0, 2, 1, 0, 1, 0, 1, 1, 0, 2, 1, 0, 0, 1, 1, 0, 1, 2]|[0, 3, 0, 2, 4, 1, 4, 4, 2, 4, 3, 2, 1, 0, 2, 1, 1, 1, 2, 1, 2, 3, 0, 1, 0, 1, 1, 4, 1, 0, 3, 2, 2, 0, 4, 1, 1, 4, 0, 1, 2, 2, 4, 4, 1, 1, 0, 2, 3, 1, 2, 1, 2, 1, 1, 2, 0, 3, 0, 2, 2, 3, 1, 0, 1, 4, 4, 0, 0, 4, 1, 3, 4, 1, 2, 4, 0, 1, 3, 1, 0, 4, 2, 0, 3, 2, 3, 2, 4, 1, 2, 0, 4, 2, 2, 4, 3, 2, 4, 1]|[0, 2, 0, 1, 3, 0, 1, 3, 0, 0, 2, 0, 1, 0, 1, 0, 0, 0, 1, 0, 0, 2, 0, 0, 1, 0, 0, 3, 0, 1, 0, 2, 0, 0, 3, 0, 1, 3, 1, 0, 0, 1, 1, 3, 0, 0, 1, 0, 2, 0, 0, 0, 0, 0, 1, 0, 0, 0, 1, 1, 0, 2, 0, 0, 0, 1, 2, 1, 1, 2, 0, 0, 1, 0, 0, 2, 0, 0, 3, 0, 0, 2, 1, 0, 0, 0, 0, 0, 2, 1, 1, 0, 1, 0, 0, 3, 0, 0, 1, 0],881.4638349230657,54042.855127685005,122716.37488162471,false
5,G3_TWC,G3_TWC,[31, 22, 82, 15, 26, 9, 95, 42, 77, 12, 47, 5, 93, 78, 86, 54, 85, 63, 18, 44, 20, 35, 43, 97, 91, 76, 10, 30, 21, 45, 71, 64, 1, 23, 17, 83, 24, 41, 60, 36, 6, 57, 40, 88, 65, 56, 79, 69, 67, 68, 46, 75, 38, 58, 19, 32, 81, 48, 27, 62, 87, 90, 99, 59, 11, 16, 72, 73, 70, 39, 37, 84, 3, 92, 25, 55, 28, 51, 29, 7, 33, 61, 98, 14, 89, 50, 66, 96, 80, 53, 8, 2, 34, 4, 52, 49, 0, 94, 74, 13]|[1, 1, 0, 1, 1, 0, 1, 2, 2, 1, 2, 2, 2, 1, 0, 0, 0, 1, 0, 2, 2, 0, 1, 2, 0, 1, 2, 2, 0, 0, 1, 2, 1, 0, 1, 0, 2, 0, 1, 1, 0, 1, 1, 1, 0, 2, 2, 2, 0, 0, 0, 0, 1, 1, 2, 1, 2, 1, 0, 0, 2, 1, 0, 1, 2, 1, 2, 1, 1, 1, 1, 1, 1, 0, 1, 1, 0, 0, 0, 1, 0, 1, 0, 0, 1, 0, 2, 0, 0, 0, 1, 0, 2, 1, 2, 0, 0, 1, 1, 0]|[4, 3, 2, 2, 4, 1, 2, 2, 2, 4, 0, 1, 2, 4, 1, 1, 2, 4, 2, 1, 1, 1, 1, 2, 1, 2, 1, 1, 1, 1, 3, 2, 3, 0, 4, 0, 1, 1, 0, 3, 2, 2, 2, 0, 1, 1, 1, 2, 0, 1, 2, 2, 1, 0, 0, 3, 2, 4, 1, 2, 2, 3, 1, 1, 1, 3, 0, 4, 3, 1, 4, 1, 1, 0, 4, 4, 2, 1, 1, 1, 2, 3, 1, 1, 1, 1, 1, 1, 1, 2, 3, 2, 1, 4, 1, 1, 2, 4, 3, 2]|[0, 2, 1, 1, 3, 0, 1, 0, 0, 0, 0, 0, 1, 0, 0, 0, 0, 3, 1, 0, 0, 0, 3, 1, 0, 2, 0, 0, 0, 1, 0, 0, 0, 0, 3, 0, 1, 0, 0, 2, 1, 1, 1, 0, 0, 0, 0, 0, 1, 0, 0, 0, 1, 3, 0, 0, 1, 2, 0, 1, 0, 2, 0, 1, 0, 2, 1, 0, 0, 1, 1, 3, 1, 1, 3, 3, 1, 0, 0, 2, 1, 0, 0, 0, 1, 0, 0, 0, 0, 1, 2, 0, 0, 0, 0, 1, 0, 2, 0, 0],868.8091742880855,57060.49302920472,101221.3843147768,false
5,G1_CMAX,G1_CMAX,[31, 22, 82, 15, 67, 9, 95, 42, 77, 12, 47, 5, 93, 78, 37, 54, 85, 63, 18, 44, 20, 35, 43, 97, 91, 76, 10, 30, 21, 45, 61, 64, 1, 23, 17, 83, 24, 41, 60, 36, 6, 34, 40, 88, 65, 56, 79, 69, 26, 68, 46, 75, 38, 58, 19, 32, 81, 48, 27, 62, 87, 90, 99, 59, 11, 16, 72, 73, 71, 39, 51, 84, 3, 92, 25, 55, 28, 86, 29, 7, 33, 70, 98, 14, 4, 50, 66, 96, 80, 53, 8, 2, 57, 89, 52, 49, 0, 94, 74, 13]|[1, 1, 0, 1, 1, 0, 1, 2, 2, 1, 2, 2, 2, 1, 1, 0, 0, 1, 0, 2, 2, 0, 1, 2, 0, 1, 2, 2, 0, 0, 1, 2, 1, 2, 1, 0, 2, 0, 1, 1, 0, 1, 1, 1, 0, 2, 1, 2, 0, 0, 0, 0, 1, 1, 2, 1, 2, 1, 0, 0, 2, 1, 0, 1, 2, 1, 2, 1, 2, 1, 0, 2, 1, 0, 1, 1, 1, 0, 0, 1, 0, 1, 0, 0, 1, 0, 2, 1, 0, 0, 1, 0, 2, 1, 2, 0, 0, 1, 2, 0]|[4, 3, 2, 2, 4, 1, 2, 2, 1, 4, 0, 1, 2, 4, 4, 1, 2, 4, 2, 1, 1, 1, 1, 2, 1, 2, 1, 1, 1, 1, 3, 2, 3, 0, 4, 0, 1, 1, 0, 3, 2, 2, 2, 0, 1, 1, 0, 2, 0, 1, 2, 2, 1, 0, 0, 3, 2, 4, 1, 2, 2, 3, 1, 1, 1, 3, 0, 4, 1, 1, 1, 1, 1, 0, 4, 4, 4, 1, 1, 1, 2, 3, 1, 1, 4, 1, 0, 3, 1, 2, 3, 2, 1, 1, 1, 1, 2, 4, 1, 2]|[0, 2, 1, 1, 3, 0, 1, 0, 0, 0, 0, 0, 1, 0, 1, 0, 0, 3, 1, 0, 0, 0, 3, 1, 0, 2, 0, 0, 0, 1, 0, 0, 0, 0, 3, 0, 1, 0, 0, 2, 1, 1, 1, 0, 0, 0, 0, 0, 1, 0, 0, 0, 1, 3, 0, 0, 1, 2, 0, 1, 0, 2, 0, 1, 0, 2, 1, 0, 0, 1, 0, 0, 1, 1, 3, 3, 1, 0, 0, 2, 1, 0, 0, 0, 0, 0, 0, 2, 0, 1, 2, 0, 0, 1, 0, 1, 0, 2, 0, 0],777.8708243944569,57143.444864528676,105649.14556736051,false
5,G4_BALANCED,G3_TWC,[31, 22, 82, 15, 26, 9, 95, 42, 77, 12, 47, 5, 93, 78, 86, 54, 85, 63, 18, 44, 20, 35, 43, 97, 91, 76, 10, 30, 21, 45, 71, 64, 1, 23, 17, 83, 24, 41, 60, 36, 6, 57, 40, 88, 65, 38, 79, 69, 67, 68, 46, 75, 56, 58, 19, 32, 81, 48, 27, 62, 87, 90, 99, 59, 11, 16, 72, 73, 70, 39, 37, 84, 3, 92, 25, 55, 28, 51, 29, 7, 33, 61, 98, 14, 89, 50, 66, 96, 80, 53, 8, 2, 34, 4, 52, 49, 0, 94, 74, 13]|[1, 1, 0, 1, 1, 0, 1, 2, 2, 1, 2, 2, 2, 1, 0, 0, 0, 1, 0, 2, 2, 0, 1, 2, 0, 1, 2, 2, 0, 0, 1, 2, 1, 0, 1, 0, 2, 1, 1, 1, 0, 1, 1, 1, 0, 1, 2, 2, 0, 0, 0, 0, 2, 1, 2, 1, 2, 1, 0, 0, 2, 1, 0, 1, 2, 1, 2, 1, 1, 1, 1, 1, 1, 0, 1, 1, 0, 0, 0, 1, 0, 1, 0, 0, 1, 0, 2, 0, 0, 0, 1, 0, 2, 1, 2, 0, 0, 1, 1, 0]|[4, 3, 2, 2, 4, 1, 2, 2, 2, 4, 0, 1, 2, 4, 1, 1, 2, 4, 2, 1, 1, 1, 1, 2, 1, 2, 1, 1, 1, 1, 3, 2, 3, 0, 4, 0, 1, 4, 0, 3, 2, 2, 2, 0, 1, 1, 1, 2, 0, 1, 2, 2, 1, 0, 0, 3, 2, 4, 1, 2, 2, 3, 1, 1, 1, 3, 0, 4, 3, 1, 4, 1, 1, 0, 4, 4, 2, 1, 1, 1, 2, 3, 1, 1, 1, 1, 1, 1, 1, 2, 3, 2, 1, 4, 1, 1, 2, 4, 3, 2]|[0, 2, 1, 1, 3, 0, 1, 0, 0, 0, 0, 0, 1, 0, 0, 0, 0, 3, 1, 0, 0, 0, 3, 1, 0, 2, 0, 0, 0, 1, 0, 0, 0, 0, 3, 0, 1, 3, 0, 2, 1, 1, 1, 0, 0, 1, 0, 0, 1, 0, 0, 0, 0, 3, 0, 0, 1, 2, 0, 1, 0, 2, 0, 1, 0, 2, 1, 0, 0, 1, 1, 3, 1, 1, 3, 3, 1, 0, 0, 2, 1, 0, 0, 0, 1, 0, 0, 0, 0, 1, 2, 0, 0, 0, 0, 1, 0, 2, 0, 0],844.9567220670442,57462.86056774677,100659.19965770759,true
5,G2_TEC,G4_BALANCED,[31, 22, 82, 15, 26, 9, 95, 42, 77, 12, 47, 5, 93, 78, 86, 54, 85, 63, 18, 44, 20, 35, 43, 97, 91, 76, 10, 30, 21, 45, 61, 64, 1, 23, 17, 83, 24, 41, 60, 36, 6, 57, 40, 88, 65, 56, 79, 69, 67, 68, 46, 75, 38, 58, 19, 32, 81, 48, 27, 62, 87, 90, 99, 59, 11, 16, 72, 73, 70, 89, 37, 84, 3, 92, 25, 55, 28, 51, 29, 7, 96, 74, 33, 14, 39, 50, 66, 98, 80, 53, 8, 2, 34, 4, 52, 49, 0, 94, 71, 13]|[1, 1, 0, 1, 1, 0, 1, 2, 2, 1, 2, 2, 2, 1, 1, 0, 0, 0, 0, 2, 2, 0, 1, 2, 0, 1, 2, 2, 0, 0, 1, 2, 1, 2, 1, 0, 2, 1, 1, 1, 0, 1, 1, 1, 0, 2, 1, 2, 0, 0, 0, 0, 1, 1, 2, 1, 2, 1, 0, 0, 2, 1, 0, 1, 2, 1, 2, 1, 1, 1, 0, 1, 1, 0, 1, 1, 1, 0, 1, 1, 0, 2, 0, 0, 1, 0, 2, 2, 0, 0, 1, 0, 2, 1, 2, 0, 0, 1, 2, 0]|[4, 3, 2, 2, 4, 1, 2, 2, 1, 4, 0, 1, 2, 4, 4, 1, 2, 1, 2, 1, 1, 1, 1, 2, 1, 2, 1, 1, 1, 1, 3, 2, 3, 0, 4, 0, 1, 4, 0, 3, 2, 2, 2, 0, 1, 1, 0, 2, 0, 1, 2, 2, 1, 0, 0, 3, 1, 4, 1, 2, 2, 3, 1, 1, 1, 3, 0, 4, 3, 1, 1, 1, 1, 0, 4, 4, 4, 1, 3, 1, 1, 1, 1, 2, 1, 1, 0, 0, 1, 2, 3, 2, 1, 4, 1, 1, 2, 4, 1, 2]|[0, 2, 1, 1, 3, 0, 1, 0, 0, 0, 0, 0, 1, 0, 1, 0, 0, 0, 1, 0, 0, 0, 3, 1, 0, 2, 0, 0, 0, 1, 0, 0, 0, 0, 3, 0, 1, 3, 0, 2, 1, 1, 1, 0, 0, 0, 0, 0, 1, 0, 0, 0, 1, 3, 0, 0, 0, 2, 0, 1, 0, 2, 0, 1, 0, 2, 1, 0, 0, 1, 0, 3, 1, 1, 3, 3, 1, 0, 0, 2, 0, 0, 0, 0, 1, 0, 0, 0, 0, 1, 2, 0, 0, 0, 0, 1, 0, 2, 0, 0],787.5286629220103,56961.28701465638,109464.63670148456,true
5,G3_TWC,G3_TWC,[31, 22, 82, 15, 26, 9, 95, 42, 77, 12, 47, 5, 93, 78, 86, 54, 85, 63, 18, 44, 20, 35, 43, 97, 91, 76, 10, 30, 21, 45, 71, 64, 1, 23, 17, 83, 24, 41, 60, 36, 6, 57, 40, 88, 65, 56, 79, 69, 67, 68, 46, 75, 38, 58, 19, 32, 81, 48, 27, 62, 87, 90, 99, 59, 11, 16, 72, 73, 70, 39, 37, 84, 3, 92, 25, 55, 28, 51, 29, 7, 33, 61, 98, 14, 89, 50, 66, 96, 80, 53, 8, 2, 34, 4, 52, 49, 0, 94, 74, 13]|[1, 1, 0, 1, 1, 0, 1, 2, 2, 1, 2, 2, 2, 1, 0, 0, 0, 1, 0, 2, 2, 0, 1, 2, 0, 1, 2, 2, 0, 0, 1, 2, 1, 0, 1, 0, 2, 0, 1, 1, 0, 1, 1, 1, 0, 2, 2, 2, 0, 0, 0, 0, 1, 1, 2, 1, 2, 1, 0, 0, 2, 1, 0, 1, 2, 1, 2, 1, 1, 1, 1, 1, 1, 0, 1, 1, 0, 0, 0, 1, 0, 1, 0, 0, 1, 0, 2, 0, 0, 0, 1, 0, 2, 1, 2, 0, 0, 1, 1, 0]|[4, 3, 2, 2, 4, 1, 2, 2, 2, 4, 0, 1, 2, 4, 1, 1, 2, 4, 2, 1, 1, 1, 1, 2, 1, 2, 1, 1, 1, 1, 3, 2, 3, 0, 4, 0, 1, 1, 0, 3, 2, 2, 2, 0, 1, 1, 1, 2, 0, 1, 2, 2, 1, 0, 0, 3, 2, 4, 1, 2, 2, 3, 1, 1, 1, 3, 0, 4, 3, 1, 4, 1, 1, 0, 4, 4, 2, 1, 1, 1, 2, 3, 1, 1, 1, 1, 1, 1, 1, 2, 3, 2, 1, 4, 1, 1, 2, 4, 3, 2]|[0, 2, 1, 1, 3, 0, 1, 0, 0, 0, 0, 0, 1, 0, 0, 0, 0, 3, 1, 0, 0, 0, 3, 1, 0, 2, 0, 0, 0, 1, 0, 0, 0, 0, 3, 0, 1, 0, 0, 2, 1, 1, 1, 0, 0, 0, 0, 0, 1, 0, 0, 0, 1, 3, 0, 0, 1, 2, 0, 1, 0, 2, 0, 1, 0, 2, 1, 0, 0, 1, 1, 3, 1, 1, 3, 3, 1, 0, 0, 2, 1, 0, 0, 0, 1, 0, 0, 0, 0, 1, 2, 0, 0, 0, 0, 1, 0, 2, 0, 0],868.8091742880855,57060.49302920472,101221.3843147768,false
5,G1_CMAX,G3_TWC,[31, 22, 82, 15, 26, 9, 95, 42, 77, 12, 47, 5, 93, 78, 86, 54, 85, 63, 18, 44, 20, 35, 43, 97, 91, 76, 10, 30, 21, 45, 71, 64, 1, 23, 17, 83, 24, 41, 60, 36, 6, 57, 40, 88, 65, 56, 79, 69, 67, 68, 46, 75, 38, 58, 19, 32, 81, 48, 27, 62, 87, 90, 99, 59, 11, 16, 72, 73, 70, 89, 37, 84, 3, 92, 25, 55, 28, 51, 29, 7, 96, 74, 33, 14, 39, 50, 98, 8, 80, 53, 66, 2, 34, 4, 52, 49, 0, 94, 61, 13]|[1, 1, 0, 1, 1, 0, 1, 2, 2, 1, 2, 2, 2, 1, 1, 0, 0, 0, 0, 2, 2, 0, 1, 2, 0, 1, 2, 2, 0, 0, 1, 2, 1, 2, 1, 0, 2, 1, 1, 1, 0, 1, 1, 1, 0, 2, 1, 2, 0, 0, 0, 0, 1, 1, 2, 1, 2, 1, 0, 0, 2, 1, 0, 1, 2, 1, 2, 1, 1, 1, 0, 1, 1, 0, 1, 1, 1, 0, 0, 1, 1, 2, 0, 0, 1, 0, 0, 1, 0, 0, 2, 0, 2, 1, 2, 0, 0, 1, 1, 0]|[4, 3, 2, 2, 4, 1, 2, 2, 1, 4, 0, 1, 2, 4, 4, 1, 2, 1, 2, 1, 1, 1, 1, 2, 1, 2, 1, 1, 1, 1, 3, 2, 3, 0, 4, 2, 1, 4, 0, 3, 2, 2, 2, 0, 1, 1, 0, 2, 0, 1, 2, 2, 1, 4, 0, 3, 1, 4, 1, 2, 2, 3, 1, 1, 1, 3, 0, 4, 3, 1, 1, 1, 1, 0, 4, 4, 4, 1, 1, 1, 3, 1, 2, 2, 1, 1, 1, 3, 1, 2, 0, 2, 1, 4, 1, 1, 2, 4, 1, 2]|[0, 2, 1, 1, 3, 0, 1, 0, 0, 0, 0, 0, 1, 0, 1, 0, 0, 0, 1, 0, 0, 0, 3, 1, 0, 2, 0, 0, 0, 1, 0, 0, 0, 0, 3, 0, 1, 3, 0, 2, 1, 1, 1, 0, 0, 0, 0, 0, 1, 0, 0, 0, 1, 3, 0, 0, 0, 2, 0, 1, 0, 2, 0, 1, 0, 2, 1, 0, 0, 1, 0, 3, 1, 1, 3, 3, 1, 0, 0, 2, 2, 0, 1, 0, 1, 0, 0, 2, 0, 1, 0, 0, 0, 0, 0, 1, 0, 2, 3, 0],798.6665889210603,56998.84674386903,107204.51432336448,true
5,G4_BALANCED,G2_TEC,[31, 22, 82, 15, 26, 9, 95, 42, 77, 4, 47, 5, 93, 78, 86, 54, 85, 63, 18, 44, 20, 49, 36, 14, 74, 50, 53, 17, 21, 45, 71, 64, 3, 23, 30, 83, 24, 41, 60, 52, 65, 27, 90, 70, 39, 87, 48, 69, 99, 68, 46, 1, 38, 58, 97, 59, 28, 8, 73, 37, 35, 79, 11, 66, 76, 57, 72, 16, 92, 6, 80, 61, 33, 98, 32, 34, 51, 67, 10, 7, 56, 43, 62, 19, 91, 13, 29, 96, 0, 81, 2, 40, 88, 55, 75, 25, 12, 94, 89, 84]|[2, 1, 2, 1, 1, 2, 1, 0, 1, 1, 1, 0, 2, 2, 1, 2, 0, 0, 0, 2, 2, 1, 0, 2, 0, 2, 2, 1, 0, 1, 1, 1, 0, 0, 1, 0, 2, 1, 2, 2, 0, 1, 1, 1, 0, 2, 0, 2, 1, 0, 0, 2, 2, 0, 2, 0, 2, 1, 0, 0, 2, 1, 0, 2, 2, 1, 1, 1, 0, 0, 2, 1, 1, 0, 0, 1, 0, 0, 1, 2, 2, 1, 0, 2, 1, 0, 1, 0, 0, 1, 2, 2, 1, 0, 0, 1, 1, 1, 1, 0]|[0, 3, 0, 2, 4, 1, 4, 0, 2, 4, 3, 2, 1, 0, 2, 1, 1, 1, 2, 1, 2, 3, 0, 1, 0, 1, 1, 4, 1, 0, 3, 2, 2, 0, 4, 1, 1, 4, 0, 1, 2, 2, 4, 4, 1, 1, 0, 2, 3, 1, 2, 1, 2, 1, 1, 2, 0, 3, 0, 2, 2, 3, 1, 0, 1, 4, 4, 0, 0, 1, 1, 3, 4, 1, 2, 4, 2, 1, 3, 1, 0, 4, 2, 0, 3, 2, 3, 2, 2, 1, 1, 0, 4, 2, 2, 4, 3, 4, 4, 2]|[0, 2, 0, 1, 3, 0, 1, 0, 0, 0, 2, 0, 1, 0, 1, 0, 0, 0, 1, 0, 0, 2, 0, 0, 1, 0, 0, 3, 0, 1, 0, 2, 0, 0, 3, 0, 1, 3, 1, 0, 0, 1, 1, 3, 0, 0, 1, 0, 2, 0, 0, 0, 0, 0, 1, 0, 0, 0, 1, 1, 0, 2, 0, 0, 0, 1, 2, 1, 1, 0, 0, 0, 1, 0, 0, 2, 1, 0, 3, 0, 0, 2, 1, 0, 0, 0, 0, 0, 0, 1, 0, 0, 1, 0, 0, 3, 0, 2, 1, 1],982.7003027823314,54027.132897768555,118943.60598565004,true
5,G2_TEC,G2_TEC,[31, 22, 82, 15, 26, 9, 95, 42, 77, 4, 47, 5, 93, 78, 86, 54, 85, 63, 18, 44, 20, 49, 36, 14, 74, 50, 53, 17, 21, 45, 71, 64, 3, 23, 30, 83, 24, 41, 60, 52, 65, 27, 90, 70, 39, 87, 48, 69, 99, 68, 46, 1, 38, 58, 97, 59, 28, 8, 73, 37, 35, 79, 11, 66, 76, 57, 72, 16, 92, 6, 80, 61, 33, 98, 32, 34, 51, 67, 10, 7, 56, 43, 62, 19, 91, 13, 29, 96, 94, 81, 84, 40, 88, 55, 75, 25, 12, 0, 89, 2]|[2, 1, 2, 1, 1, 2, 1, 1, 1, 1, 1, 0, 2, 2, 1, 2, 0, 0, 0, 2, 2, 1, 0, 2, 0, 2, 2, 1, 0, 1, 1, 1, 0, 0, 1, 0, 2, 1, 2, 2, 0, 1, 1, 1, 0, 2, 0, 2, 1, 0, 0, 2, 2, 0, 2, 0, 2, 1, 0, 0, 2, 1, 0, 2, 2, 1, 1, 1, 0, 1, 2, 1, 1, 0, 0, 1, 0, 0, 1, 2, 2, 1, 0, 2, 1, 0, 1, 0, 1, 1, 0, 2, 1, 0, 0, 1, 1, 0, 1, 2]|[0, 3, 0, 2, 4, 1, 4, 4, 2, 4, 3, 2, 1, 0, 2, 1, 1, 1, 2, 1, 2, 3, 0, 1, 0, 1, 1, 4, 1, 0, 3, 2, 2, 0, 4, 1, 1, 4, 0, 1, 2, 2, 4, 4, 1, 1, 0, 2, 3, 1, 2, 1, 2, 1, 1, 2, 0, 3, 0, 2, 2, 3, 1, 0, 1, 4, 4, 0, 0, 4, 1, 3, 4, 1, 2, 4, 0, 1, 3, 1, 0, 4, 2, 0, 3, 2, 3, 2, 4, 1, 2, 0, 4, 2, 2, 4, 3, 2, 4, 1]|[0, 2, 0, 1, 3, 0, 1, 3, 0, 0, 2, 0, 1, 0, 1, 0, 0, 0, 1, 0, 0, 2, 0, 0, 1, 0, 0, 3, 0, 1, 0, 2, 0, 0, 3, 0, 1, 3, 1, 0, 0, 1, 1, 3, 0, 0, 1, 0, 2, 0, 0, 0, 0, 0, 1, 0, 0, 0, 1, 1, 0, 2, 0, 0, 0, 1, 2, 1, 1, 2, 0, 0, 1, 0, 0, 2, 0, 0, 3, 0, 0, 2, 1, 0, 0, 0, 0, 0, 2, 1, 1, 0, 1, 0, 0, 3, 0, 0, 1, 0],881.4638349230657,54042.855127685005,122716.37488162471,false
5,G3_TWC,G3_TWC,[31, 22, 82, 15, 26, 9, 95, 42, 77, 12, 47, 5, 93, 78, 86, 54, 85, 63, 18, 44, 20, 35, 43, 97, 91, 76, 10, 30, 21, 45, 71, 64, 1, 23, 17, 83, 24, 41, 60, 36, 6, 57, 40, 88, 65, 56, 79, 69, 67, 68, 46, 75, 38, 58, 19, 32, 81, 48, 27, 62, 87, 90, 99, 59, 11, 16, 72, 73, 70, 39, 37, 84, 3, 92, 25, 55, 28, 51, 29, 7, 33, 61, 98, 14, 89, 50, 66, 96, 80, 53, 8, 2, 34, 4, 52, 49, 0, 94, 74, 13]|[1, 1, 0, 1, 1, 0, 1, 2, 2, 1, 2, 2, 2, 1, 0, 0, 0, 1, 0, 2, 2, 0, 1, 2, 0, 1, 2, 2, 0, 0, 1, 2, 1, 0, 1, 0, 2, 0, 1, 1, 0, 1, 1, 1, 0, 2, 2, 2, 0, 0, 0, 0, 1, 1, 2, 1, 2, 1, 0, 0, 2, 1, 0, 1, 2, 1, 2, 1, 1, 1, 1, 1, 1, 0, 1, 1, 0, 0, 0, 1, 0, 1, 0, 0, 1, 0, 2, 0, 0, 0, 1, 0, 2, 1, 2, 0, 0, 1, 1, 0]|[4, 3, 2, 2, 4, 1, 2, 2, 2, 4, 0, 1, 2, 4, 1, 1, 2, 4, 2, 1, 1, 1, 1, 2, 1, 2, 1, 1, 1, 1, 3, 2, 3, 0, 4, 0, 1, 1, 0, 3, 2, 2, 2, 0, 1, 1, 1, 2, 0, 1, 2, 2, 1, 0, 0, 3, 2, 4, 1, 2, 2, 3, 1, 1, 1, 3, 0, 4, 3, 1, 4, 1, 1, 0, 4, 4, 2, 1, 1, 1, 2, 3, 1, 1, 1, 1, 1, 1, 1, 2, 3, 2, 1, 4, 1, 1, 2, 4, 3, 2]|[0, 2, 1, 1, 3, 0, 1, 0, 0, 0, 0, 0, 1, 0, 0, 0, 0, 3, 1, 0, 0, 0, 3, 1, 0, 2, 0, 0, 0, 1, 0, 0, 0, 0, 3, 0, 1, 0, 0, 2, 1, 1, 1, 0, 0, 0, 0, 0, 1, 0, 0, 0, 1, 3, 0, 0, 1, 2, 0, 1, 0, 2, 0, 1, 0, 2, 1, 0, 0, 1, 1, 3, 1, 1, 3, 3, 1, 0, 0, 2, 1, 0, 0, 0, 1, 0, 0, 0, 0, 1, 2, 0, 0, 0, 0, 1, 0, 2, 0, 0],868.8091742880855,57060.49302920472,101221.3843147768,false
5,G1_CMAX,G1_CMAX,[31, 22, 82, 15, 73, 9, 95, 42, 77, 12, 47, 98, 93, 78, 86, 54, 85, 63, 18, 44, 20, 35, 43, 97, 91, 76, 10, 30, 21, 45, 71, 64, 1, 23, 17, 83, 24, 41, 60, 36, 6, 57, 40, 88, 65, 56, 79, 69, 67, 68, 46, 75, 38, 58, 19, 32, 81, 48, 27, 62, 87, 90, 99, 59, 11, 16, 72, 26, 70, 89, 37, 84, 3, 92, 25, 55, 28, 51, 29, 7, 96, 74, 33, 5, 39, 80, 14, 8, 50, 53, 66, 2, 34, 4, 52, 49, 0, 94, 61, 13]|[1, 1, 0, 1, 1, 0, 1, 2, 2, 1, 2, 2, 2, 1, 1, 0, 0, 0, 0, 2, 2, 0, 1, 2, 0, 1, 2, 2, 0, 0, 1, 2, 1, 2, 1, 0, 2, 1, 1, 1, 0, 1, 1, 1, 0, 2, 1, 2, 0, 0, 0, 0, 1, 1, 2, 1, 2, 1, 0, 0, 2, 1, 0, 1, 2, 1, 2, 1, 1, 1, 0, 1, 1, 0, 1, 1, 1, 0, 1, 1, 0, 2, 0, 2, 1, 0, 0, 1, 0, 0, 2, 0, 2, 1, 2, 0, 0, 1, 1, 0]|[4, 3, 2, 2, 4, 1, 2, 2, 1, 4, 0, 0, 2, 4, 4, 1, 2, 1, 2, 1, 1, 1, 1, 2, 1, 2, 1, 1, 1, 1, 3, 2, 3, 0, 4, 0, 1, 4, 0, 3, 2, 2, 2, 0, 1, 1, 0, 2, 0, 1, 2, 2, 1, 0, 0, 3, 2, 4, 1, 2, 2, 3, 1, 1, 1, 3, 0, 4, 3, 1, 1, 1, 1, 0, 4, 4, 4, 1, 3, 1, 1, 0, 2, 1, 1, 1, 1, 3, 1, 2, 0, 2, 1, 4, 1, 1, 2, 4, 1, 2]|[0, 2, 1, 1, 0, 0, 1, 0, 0, 0, 0, 0, 1, 0, 1, 0, 0, 0, 1, 0, 0, 0, 3, 1, 0, 2, 0, 0, 0, 1, 0, 0, 0, 0, 3, 0, 1, 3, 0, 2, 1, 1, 1, 0, 0, 0, 0, 0, 1, 0, 0, 0, 1, 3, 0, 0, 1, 2, 0, 1, 0, 2, 0, 1, 0, 2, 1, 0, 0, 1, 0, 3, 1, 1, 3, 3, 1, 0, 0, 2, 0, 0, 1, 0, 1, 0, 0, 2, 0, 1, 0, 0, 0, 0, 0, 1, 0, 2, 3, 0],773.5126623593135,57648.27991665458,108480.14860541711,false
5,G4_BALANCED,G3_TWC,[31, 22, 82, 15, 26, 9, 95, 42, 77, 12, 47, 5, 93, 78, 86, 54, 85, 63, 18, 44, 20, 35, 43, 97, 91, 76, 10, 30, 21, 45, 71, 64, 1, 23, 17, 83, 24, 41, 60, 36, 6, 57, 40, 88, 65, 56, 79, 69, 67, 68, 46, 75, 38, 58, 19, 32, 81, 48, 27, 62, 87, 90, 99, 59, 11, 16, 72, 73, 70, 39, 37, 84, 3, 92, 25, 55, 28, 51, 29, 7, 33, 61, 98, 14, 4, 50, 66, 96, 80, 53, 8, 2, 34, 89, 52, 49, 0, 94, 74, 13]|[1, 1, 0, 1, 1, 0, 1, 2, 2, 1, 2, 2, 2, 1, 1, 0, 0, 1, 0, 2, 2, 0, 1, 2, 0, 1, 2, 2, 0, 0, 1, 2, 1, 0, 1, 0, 2, 0, 1, 1, 0, 1, 1, 1, 0, 2, 1, 2, 0, 0, 0, 0, 1, 1, 2, 1, 2, 1, 0, 0, 2, 1, 0, 1, 2, 1, 2, 1, 1, 1, 1, 1, 1, 0, 1, 1, 1, 0, 0, 1, 0, 1, 0, 0, 1, 0, 2, 0, 0, 0, 1, 0, 2, 1, 2, 0, 0, 1, 2, 0]|[4, 3, 2, 2, 4, 1, 2, 2, 2, 4, 0, 1, 2, 4, 4, 1, 2, 4, 2, 1, 1, 1, 1, 2, 1, 2, 1, 1, 1, 1, 3, 2, 3, 0, 4, 0, 1, 1, 0, 3, 2, 2, 2, 0, 1, 1, 0, 2, 0, 1, 2, 2, 1, 0, 0, 3, 2, 4, 1, 2, 2, 3, 1, 1, 1, 3, 0, 4, 3, 1, 4, 1, 1, 0, 4, 4, 4, 1, 1, 1, 2, 3, 1, 1, 4, 1, 1, 1, 1, 2, 3, 2, 1, 1, 1, 1, 2, 4, 1, 2]|[0, 2, 1, 1, 3, 0, 1, 0, 0, 0, 0, 0, 1, 0, 1, 0, 0, 3, 1, 0, 0, 0, 3, 1, 0, 2, 0, 0, 0, 1, 0, 0, 0, 0, 3, 0, 1, 0, 0, 2, 1, 1, 1, 0, 0, 0, 0, 0, 1, 0, 0, 0, 1, 3, 0, 0, 1, 2, 0, 1, 0, 2, 0, 1, 0, 2, 1, 0, 0, 1, 1, 3, 1, 1, 3, 3, 1, 0, 0, 2, 1, 0, 0, 0, 0, 0, 0, 0, 0, 1, 2, 0, 0, 1, 0, 1, 0, 2, 0, 0],835.0904586090594,56692.54035493964,103293.0828473471,true
5,G2_TEC,G2_TEC,[31, 22, 82, 15, 26, 9, 95, 42, 77, 4, 47, 5, 93, 78, 86, 54, 85, 63, 18, 44, 20, 49, 36, 14, 74, 50, 53, 17, 21, 45, 71, 64, 3, 23, 30, 83, 24, 41, 60, 52, 65, 27, 90, 70, 39, 87, 48, 69, 99, 68, 46, 1, 38, 58, 97, 59, 28, 8, 73, 37, 35, 79, 11, 66, 76, 57, 72, 16, 92, 6, 80, 61, 33, 98, 32, 34, 51, 67, 10, 7, 56, 43, 62, 19, 91, 13, 29, 96, 94, 81, 84, 40, 88, 55, 75, 25, 12, 0, 89, 2]|[2, 1, 2, 1, 1, 2, 1, 1, 1, 1, 1, 0, 2, 2, 1, 2, 0, 0, 0, 2, 2, 1, 0, 2, 0, 2, 2, 1, 0, 1, 1, 1, 0, 0, 1, 0, 2, 1, 2, 2, 0, 1, 1, 1, 0, 2, 0, 2, 1, 0, 0, 2, 2, 0, 2, 0, 2, 1, 0, 0, 2, 1, 0, 2, 2, 1, 1, 1, 0, 1, 2, 1, 1, 0, 0, 1, 0, 0, 1, 2, 2, 1, 0, 2, 1, 0, 1, 0, 1, 1, 0, 2, 1, 0, 0, 1, 1, 0, 1, 2]|[0, 3, 0, 2, 4, 1, 4, 4, 2, 4, 3, 2, 1, 0, 2, 1, 1, 1, 2, 1, 2, 3, 0, 1, 0, 1, 1, 4, 1, 0, 3, 2, 2, 0, 4, 1, 1, 4, 0, 1, 2, 2, 4, 4, 1, 1, 0, 2, 3, 1, 2, 1, 2, 1, 1, 2, 0, 3, 0, 2, 2, 3, 1, 0, 1, 4, 4, 0, 0, 4, 1, 3, 4, 1, 2, 4, 0, 1, 3, 1, 0, 4, 2, 0, 3, 2, 3, 2, 4, 1, 2, 0, 4, 2, 2, 4, 3, 2, 4, 1]|[0, 2, 0, 1, 3, 0, 1, 3, 0, 0, 2, 0, 1, 0, 1, 0, 0, 0, 1, 0, 0, 2, 0, 0, 1, 0, 0, 3, 0, 1, 0, 2, 0, 0, 3, 0, 1, 3, 1, 0, 0, 1, 1, 3, 0, 0, 1, 0, 2, 0, 0, 0, 0, 0, 1, 0, 0, 0, 1, 1, 0, 2, 0, 0, 0, 1, 2, 1, 1, 2, 0, 0, 1, 0, 0, 2, 0, 0, 3, 0, 0, 2, 1, 0, 0, 0, 0, 0, 2, 1, 1, 0, 1, 0, 0, 3, 0, 0, 1, 0],881.4638349230657,54042.855127685005,122716.37488162471,false
5,G3_TWC,G3_TWC,[31, 22, 82, 15, 26, 9, 95, 42, 77, 12, 47, 5, 93, 78, 86, 54, 85, 63, 18, 44, 20, 35, 43, 97, 91, 76, 10, 30, 21, 45, 71, 64, 1, 23, 17, 83, 24, 41, 60, 36, 6, 57, 40, 88, 65, 56, 79, 69, 67, 68, 46, 75, 38, 58, 19, 32, 81, 48, 27, 62, 87, 90, 99, 59, 11, 16, 72, 73, 70, 39, 37, 84, 3, 92, 25, 55, 28, 51, 29, 7, 33, 61, 98, 14, 89, 50, 66, 96, 80, 53, 8, 2, 34, 4, 52, 49, 0, 94, 74, 13]|[1, 1, 0, 1, 1, 0, 1, 2, 2, 1, 2, 2, 2, 1, 0, 0, 0, 1, 0, 2, 2, 0, 1, 2, 0, 1, 2, 2, 0, 0, 1, 2, 1, 0, 1, 0, 2, 0, 1, 1, 0, 1, 1, 1, 0, 2, 2, 2, 0, 0, 0, 0, 1, 1, 2, 1, 2, 1, 0, 0, 2, 1, 0, 1, 2, 1, 2, 1, 1, 1, 1, 1, 1, 0, 1, 1, 0, 0, 0, 1, 0, 1, 0, 0, 1, 0, 2, 0, 0, 0, 1, 0, 2, 1, 2, 0, 0, 1, 1, 0]|[4, 3, 2, 2, 4, 1, 2, 2, 2, 4, 0, 1, 2, 4, 1, 1, 2, 4, 2, 1, 1, 1, 1, 2, 1, 2, 1, 1, 1, 1, 3, 2, 3, 0, 4, 0, 1, 1, 0, 3, 2, 2, 2, 0, 1, 1, 1, 2, 0, 1, 2, 2, 1, 0, 0, 3, 2, 4, 1, 2, 2, 3, 1, 1, 1, 3, 0, 4, 3, 1, 4, 1, 1, 0, 4, 4, 2, 1, 1, 1, 2, 3, 1, 1, 1, 1, 1, 1, 1, 2, 3, 2, 1, 4, 1, 1, 2, 4, 3, 2]|[0, 2, 1, 1, 3, 0, 1, 0, 0, 0, 0, 0, 1, 0, 0, 0, 0, 3, 1, 0, 0, 0, 3, 1, 0, 2, 0, 0, 0, 1, 0, 0, 0, 0, 3, 0, 1, 0, 0, 2, 1, 1, 1, 0, 0, 0, 0, 0, 1, 0, 0, 0, 1, 3, 0, 0, 1, 2, 0, 1, 0, 2, 0, 1, 0, 2, 1, 0, 0, 1, 1, 3, 1, 1, 3, 3, 1, 0, 0, 2, 1, 0, 0, 0, 1, 0, 0, 0, 0, 1, 2, 0, 0, 0, 0, 1, 0, 2, 0, 0],868.8091742880855,57060.49302920472,101221.3843147768,false
5,G1_CMAX,G3_TWC,[31, 22, 82, 15, 26, 9, 95, 42, 77, 12, 47, 5, 93, 78, 86, 54, 85, 63, 18, 44, 20, 35, 43, 97, 91, 76, 10, 30, 21, 45, 61, 64, 1, 23, 17, 83, 24, 41, 60, 36, 6, 57, 40, 88, 65, 56, 79, 69, 67, 68, 46, 75, 38, 58, 19, 32, 81, 48, 27, 62, 87, 90, 99, 59, 11, 16, 72, 73, 70, 89, 37, 84, 3, 14, 25, 55, 28, 51, 29, 7, 66, 71, 98, 33, 53, 50, 96, 80, 8, 39, 92, 2, 34, 4, 52, 49, 0, 94, 74, 13]|[1, 1, 0, 1, 1, 0, 1, 2, 2, 1, 2, 2, 2, 1, 1, 0, 0, 0, 0, 2, 2, 0, 1, 2, 0, 1, 2, 2, 0, 0, 1, 2, 1, 2, 1, 0, 2, 1, 1, 1, 0, 1, 1, 1, 0, 2, 1, 2, 0, 0, 0, 0, 1, 1, 2, 1, 2, 1, 2, 0, 1, 2, 0, 1, 2, 1, 2, 1, 1, 1, 0, 1, 1, 0, 1, 1, 1, 0, 1, 1, 2, 1, 0, 0, 0, 0, 0, 0, 1, 1, 0, 0, 2, 1, 2, 0, 0, 1, 2, 0]|[4, 3, 2, 2, 4, 1, 2, 2, 1, 4, 0, 1, 2, 4, 4, 1, 2, 1, 2, 1, 1, 1, 1, 2, 1, 2, 1, 1, 1, 1, 3, 2, 3, 0, 4, 0, 1, 4, 0, 3, 2, 2, 2, 0, 1, 1, 0, 2, 0, 1, 2, 2, 1, 0, 0, 3, 2, 4, 1, 2, 3, 2, 1, 1, 1, 3, 0, 4, 3, 0, 1, 1, 1, 2, 4, 4, 4, 1, 3, 1, 0, 1, 1, 2, 2, 1, 1, 1, 3, 1, 0, 2, 1, 4, 1, 1, 2, 4, 0, 2]|[0, 2, 1, 1, 3, 0, 1, 0, 0, 0, 0, 0, 1, 0, 1, 0, 0, 0, 1, 0, 0, 0, 3, 1, 0, 2, 0, 0, 0, 1, 0, 0, 0, 0, 3, 0, 1, 3, 0, 2, 1, 1, 1, 0, 0, 0, 0, 0, 1, 0, 0, 0, 1, 3, 0, 0, 1, 2, 0, 1, 2, 0, 0, 1, 0, 2, 1, 0, 0, 1, 0, 3, 1, 0, 3, 3, 1, 0, 0, 2, 0, 3, 0, 1, 1, 0, 0, 0, 2, 1, 1, 0, 0, 0, 0, 1, 0, 2, 0, 0],776.016846974015,58127.48400680267,105351.21171418912,true
5,G4_BALANCED,G4_BALANCED,[31, 22, 82, 15, 26, 9, 90, 42, 77, 4, 47, 5, 93, 78, 86, 54, 85, 63, 18, 44, 20, 49, 36, 14, 48, 50, 53, 17, 21, 45, 71, 64, 3, 23, 30, 83, 24, 41, 60, 52, 65, 27, 95, 70, 39, 87, 74, 69, 99, 68, 46, 1, 38, 58, 97, 59, 28, 8, 73, 37, 35, 79, 11, 66, 76, 57, 72, 16, 92, 6, 80, 61, 33, 98, 32, 34, 62, 67, 10, 7, 19, 43, 51, 56, 91, 13, 29, 96, 0, 81, 2, 40, 88, 55, 75, 89, 12, 94, 25, 84]|[2, 1, 2, 1, 1, 2, 1, 1, 1, 1, 1, 0, 2, 2, 1, 2, 0, 0, 0, 2, 2, 1, 0, 2, 2, 2, 2, 1, 0, 1, 1, 1, 0, 0, 1, 0, 2, 1, 2, 2, 0, 1, 1, 1, 0, 1, 0, 2, 1, 0, 0, 2, 2, 0, 2, 0, 2, 1, 0, 0, 2, 1, 0, 2, 2, 0, 1, 1, 0, 1, 0, 1, 1, 0, 0, 1, 0, 0, 1, 2, 2, 2, 0, 0, 1, 0, 1, 0, 0, 1, 2, 2, 1, 1, 2, 1, 1, 1, 1, 0]|[0, 3, 0, 2, 4, 1, 4, 4, 2, 4, 3, 2, 1, 0, 2, 1, 1, 1, 2, 1, 2, 3, 0, 1, 0, 1, 1, 4, 1, 0, 3, 2, 2, 0, 4, 1, 1, 4, 0, 1, 2, 2, 4, 4, 1, 0, 0, 2, 3, 1, 2, 1, 2, 1, 1, 2, 0, 3, 0, 2, 2, 3, 1, 0, 1, 0, 4, 0, 0, 4, 1, 3, 4, 1, 2, 4, 2, 1, 3, 1, 0, 1, 0, 2, 3, 2, 3, 2, 2, 1, 1, 0, 4, 3, 2, 4, 3, 4, 4, 1]|[0, 2, 0, 1, 3, 0, 1, 3, 0, 0, 2, 0, 1, 0, 1, 0, 0, 0, 1, 0, 0, 2, 0, 0, 0, 0, 0, 3, 0, 1, 0, 2, 0, 0, 3, 0, 1, 3, 1, 0, 0, 1, 1, 3, 0, 0, 1, 0, 2, 0, 0, 0, 0, 0, 1, 0, 0, 0, 1, 1, 0, 2, 0, 0, 0, 1, 2, 1, 1, 2, 0, 0, 1, 0, 0, 2, 1, 0, 3, 0, 0, 0, 0, 1, 0, 0, 0, 0, 0, 1, 0, 0, 1, 0, 1, 1, 0, 2, 3, 0],859.3258246690137,55284.01110282602,121587.07642727022,false
5,G2_TEC,G2_TEC,[31, 22, 82, 15, 26, 9, 95, 42, 77, 4, 47, 5, 93, 78, 86, 54, 85, 63, 18, 44, 20, 49, 36, 14, 74, 50, 53, 17, 21, 45, 71, 64, 3, 23, 30, 83, 24, 41, 60, 52, 65, 27, 90, 70, 39, 87, 48, 69, 99, 68, 46, 1, 38, 58, 97, 59, 28, 8, 73, 37, 35, 79, 11, 66, 76, 57, 72, 16, 92, 6, 80, 61, 33, 51, 32, 34, 62, 67, 10, 7, 19, 43, 98, 56, 91, 13, 29, 96, 0, 81, 2, 40, 88, 55, 75, 25, 12, 94, 89, 84]|[2, 1, 2, 1, 1, 2, 1, 1, 1, 1, 1, 0, 2, 2, 1, 2, 0, 0, 0, 2, 2, 1, 0, 2, 0, 2, 2, 1, 0, 1, 1, 1, 0, 0, 1, 0, 2, 1, 2, 2, 2, 1, 1, 1, 0, 2, 0, 2, 1, 0, 0, 2, 2, 0, 2, 0, 2, 1, 0, 0, 2, 1, 0, 2, 2, 1, 1, 1, 0, 0, 2, 1, 1, 0, 0, 1, 0, 0, 1, 2, 2, 1, 0, 2, 1, 0, 1, 0, 0, 1, 2, 2, 1, 0, 0, 1, 1, 1, 1, 0]|[0, 3, 0, 2, 4, 1, 4, 4, 2, 4, 3, 2, 1, 0, 2, 1, 1, 1, 2, 1, 2, 3, 0, 1, 0, 1, 1, 4, 1, 0, 3, 2, 2, 0, 4, 2, 1, 4, 0, 1, 1, 2, 4, 4, 1, 1, 0, 2, 3, 1, 2, 1, 2, 1, 1, 2, 0, 3, 0, 2, 2, 3, 1, 0, 1, 4, 4, 0, 0, 1, 1, 3, 4, 0, 2, 4, 2, 1, 3, 1, 0, 4, 1, 0, 3, 2, 3, 2, 2, 1, 1, 0, 4, 2, 2, 4, 3, 4, 4, 2]|[0, 2, 0, 1, 3, 0, 1, 3, 0, 0, 2, 0, 1, 0, 1, 0, 0, 0, 1, 0, 0, 2, 0, 1, 1, 0, 0, 3, 0, 1, 0, 2, 0, 0, 3, 0, 1, 3, 1, 0, 0, 1, 1, 3, 0, 0, 1, 0, 2, 0, 0, 0, 0, 0, 1, 0, 0, 0, 1, 1, 0, 2, 0, 0, 0, 1, 2, 1, 1, 0, 0, 0, 1, 0, 0, 2, 1, 0, 3, 0, 0, 2, 0, 0, 0, 0, 0, 0, 0, 1, 0, 0, 1, 0, 0, 3, 0, 2, 1, 1],944.456886708643,54054.41677824546,121656.46090147135,false
5,G3_TWC,G1_CMAX,[31, 22, 82, 15, 73, 9, 95, 42, 77, 12, 47, 98, 93, 78, 86, 54, 85, 63, 18, 44, 20, 35, 43, 97, 37, 76, 10, 30, 21, 45, 71, 64, 1, 23, 17, 83, 24, 41, 60, 36, 6, 57, 40, 88, 65, 56, 79, 69, 67, 68, 7, 75, 38, 58, 19, 32, 81, 48, 27, 62, 87, 90, 99, 59, 11, 16, 72, 26, 70, 89, 91, 84, 3, 92, 25, 5, 28, 51, 29, 46, 96, 74, 33, 14, 39, 50, 55, 8, 80, 53, 66, 2, 34, 4, 52, 49, 0, 94, 61, 13]|[1, 1, 0, 1, 1, 0, 1, 2, 2, 1, 2, 0, 2, 1, 1, 0, 0, 0, 0, 2, 2, 0, 1, 2, 0, 1, 2, 2, 0, 0, 1, 2, 1, 2, 1, 0, 2, 1, 1, 1, 0, 1, 1, 1, 0, 2, 1, 2, 0, 0, 0, 0, 1, 1, 2, 1, 2, 1, 0, 0, 2, 1, 0, 1, 2, 1, 2, 1, 1, 1, 0, 1, 1, 0, 1, 2, 1, 0, 0, 0, 1, 2, 0, 0, 1, 0, 1, 1, 0, 0, 2, 0, 2, 1, 2, 0, 0, 1, 1, 0]|[4, 3, 2, 2, 4, 1, 2, 2, 1, 4, 0, 1, 2, 4, 4, 1, 2, 1, 2, 1, 1, 1, 1, 2, 1, 2, 1, 1, 1, 1, 3, 2, 3, 0, 4, 0, 1, 4, 0, 3, 2, 2, 2, 0, 1, 1, 0, 2, 0, 1, 2, 2, 1, 4, 0, 3, 1, 4, 1, 2, 2, 3, 1, 1, 1, 3, 0, 4, 3, 1, 1, 1, 1, 0, 4, 1, 4, 1, 1, 2, 3, 0, 2, 1, 1, 1, 4, 3, 1, 2, 0, 2, 1, 4, 1, 1, 2, 4, 1, 2]|[0, 2, 1, 1, 3, 0, 1, 0, 0, 0, 0, 0, 1, 0, 1, 0, 0, 0, 1, 0, 0, 0, 3, 1, 0, 2, 0, 0, 0, 1, 0, 0, 0, 0, 3, 0, 1, 3, 0, 2, 1, 1, 1, 0, 0, 0, 0, 0, 1, 0, 0, 0, 1, 3, 0, 0, 0, 2, 0, 1, 0, 2, 0, 1, 0, 2, 1, 0, 0, 1, 0, 3, 1, 1, 3, 0, 1, 0, 0, 0, 2, 0, 1, 0, 1, 0, 3, 2, 0, 1, 0, 0, 0, 0, 0, 1, 0, 2, 3, 0],801.5115843029317,56947.068621803955,106583.32818803831,true
5,G1_CMAX,G4_BALANCED,[31, 22, 82, 15, 26, 9, 95, 42, 77, 12, 47, 5, 93, 78, 86, 54, 85, 63, 18, 44, 20, 35, 43, 97, 91, 76, 10, 30, 21, 45, 61, 64, 1, 23, 17, 83, 24, 41, 60, 36, 6, 57, 40, 88, 65, 56, 79, 69, 67, 68, 46, 75, 38, 58, 19, 32, 81, 48, 27, 62, 87, 90, 99, 59, 11, 16, 72, 73, 70, 89, 37, 84, 3, 92, 25, 55, 28, 51, 29, 7, 96, 74, 33, 14, 39, 50, 66, 98, 80, 53, 8, 2, 34, 4, 52, 49, 0, 94, 71, 13]|[1, 1, 0, 1, 1, 0, 1, 2, 2, 1, 2, 2, 2, 1, 1, 0, 0, 0, 0, 2, 2, 0, 1, 2, 0, 1, 2, 2, 0, 0, 1, 2, 1, 2, 1, 0, 2, 1, 1, 1, 0, 1, 1, 1, 0, 2, 1, 2, 0, 0, 0, 0, 1, 1, 2, 1, 2, 1, 0, 0, 2, 1, 0, 1, 2, 1, 2, 1, 1, 1, 0, 1, 1, 0, 1, 1, 1, 0, 1, 1, 0, 2, 0, 0, 1, 0, 2, 2, 0, 0, 1, 0, 2, 1, 2, 0, 0, 1, 2, 0]|[4, 3, 2, 2, 4, 1, 2, 2, 1, 4, 0, 1, 2, 4, 4, 1, 2, 1, 2, 1, 1, 1, 1, 2, 1, 2, 1, 1, 1, 1, 3, 2, 3, 0, 4, 0, 1, 4, 0, 3, 2, 2, 2, 0, 1, 1, 0, 2, 0, 1, 2, 2, 1, 0, 0, 3, 1, 4, 1, 2, 2, 3, 1, 1, 1, 3, 0, 4, 3, 1, 1, 1, 1, 0, 4, 4, 4, 1, 3, 1, 1, 1, 1, 2, 1, 1, 0, 0, 1, 2, 3, 2, 1, 4, 1, 1, 2, 4, 1, 2]|[0, 2, 1, 1, 3, 0, 1, 0, 0, 0, 0, 0, 1, 0, 1, 0, 0, 0, 1, 0, 0, 0, 3, 1, 0, 2, 0, 0, 0, 1, 0, 0, 0, 0, 3, 0, 1, 3, 0, 2, 1, 1, 1, 0, 0, 0, 0, 0, 1, 0, 0, 0, 1, 3, 0, 0, 0, 2, 0, 1, 0, 2, 0, 1, 0, 2, 1, 0, 0, 1, 0, 3, 1, 1, 3, 3, 1, 0, 0, 2, 0, 0, 0, 0, 1, 0, 0, 0, 0, 1, 2, 0, 0, 0, 0, 1, 0, 2, 0, 0],787.5286629220103,56961.28701465638,109464.63670148456,true
5,G4_BALANCED,G4_BALANCED,[31, 22, 82, 15, 26, 9, 90, 42, 77, 4, 47, 5, 93, 78, 86, 54, 85, 63, 18, 44, 20, 49, 36, 14, 48, 50, 53, 17, 21, 45, 71, 64, 3, 23, 30, 83, 24, 41, 60, 52, 65, 27, 95, 70, 39, 87, 74, 69, 99, 68, 46, 1, 38, 58, 97, 59, 28, 8, 73, 37, 35, 79, 11, 66, 76, 57, 72, 16, 92, 6, 80, 61, 33, 98, 32, 34, 62, 67, 10, 7, 19, 43, 51, 56, 91, 13, 29, 96, 0, 81, 2, 40, 88, 55, 75, 89, 12, 94, 25, 84]|[2, 1, 2, 1, 1, 2, 1, 1, 1, 1, 1, 0, 2, 2, 1, 2, 0, 0, 0, 2, 2, 1, 0, 2, 2, 2, 2, 1, 0, 1, 1, 1, 0, 0, 1, 0, 2, 1, 2, 2, 0, 1, 1, 1, 0, 1, 0, 2, 1, 0, 0, 2, 2, 0, 2, 0, 2, 1, 0, 0, 2, 1, 0, 2, 2, 0, 1, 1, 0, 1, 0, 1, 1, 0, 0, 1, 0, 0, 1, 2, 2, 2, 0, 0, 1, 0, 1, 0, 0, 1, 2, 2, 1, 1, 2, 1, 1, 1, 1, 0]|[0, 3, 0, 2, 4, 1, 4, 4, 2, 4, 3, 2, 1, 0, 2, 1, 1, 1, 2, 1, 2, 3, 0, 1, 0, 1, 1, 4, 1, 0, 3, 2, 2, 0, 4, 1, 1, 4, 0, 1, 2, 2, 4, 4, 1, 0, 0, 2, 3, 1, 2, 1, 2, 1, 1, 2, 0, 3, 0, 2, 2, 3, 1, 0, 1, 0, 4, 0, 0, 4, 1, 3, 4, 1, 2, 4, 2, 1, 3, 1, 0, 1, 0, 2, 3, 2, 3, 2, 2, 1, 1, 0, 4, 3, 2, 4, 3, 4, 4, 1]|[0, 2, 0, 1, 3, 0, 1, 3, 0, 0, 2, 0, 1, 0, 1, 0, 0, 0, 1, 0, 0, 2, 0, 0, 0, 0, 0, 3, 0, 1, 0, 2, 0, 0, 3, 0, 1, 3, 1, 0, 0, 1, 1, 3, 0, 0, 1, 0, 2, 0, 0, 0, 0, 0, 1, 0, 0, 0, 1, 1, 0, 2, 0, 0, 0, 1, 2, 1, 1, 2, 0, 0, 1, 0, 0, 2, 1, 0, 3, 0, 0, 0, 0, 1, 0, 0, 0, 0, 0, 1, 0, 0, 1, 0, 1, 1, 0, 2, 3, 0],859.3258246690137,55284.01110282602,121587.07642727022,false
5,G2_TEC,G2_TEC,[31, 22, 82, 15, 26, 9, 95, 42, 77, 4, 47, 5, 93, 78, 86, 54, 85, 63, 18, 44, 20, 49, 36, 14, 74, 50, 53, 17, 21, 45, 71, 64, 3, 23, 30, 83, 24, 41, 60, 52, 65, 27, 90, 70, 39, 87, 48, 69, 99, 68, 46, 1, 38, 58, 97, 59, 28, 8, 73, 37, 35, 79, 11, 66, 76, 57, 72, 16, 92, 6, 80, 61, 33, 98, 32, 34, 51, 67, 10, 7, 56, 43, 62, 19, 91, 13, 29, 96, 94, 81, 84, 40, 88, 55, 75, 25, 12, 0, 89, 2]|[2, 1, 2, 1, 1, 2, 1, 1, 1, 1, 1, 0, 2, 2, 1, 2, 0, 0, 0, 2, 2, 1, 0, 2, 0, 2, 2, 1, 0, 1, 1, 1, 0, 0, 1, 0, 2, 1, 2, 2, 0, 1, 1, 1, 0, 2, 0, 2, 1, 0, 0, 2, 2, 0, 2, 0, 2, 1, 0, 0, 2, 1, 0, 2, 2, 1, 1, 1, 0, 1, 2, 1, 1, 0, 0, 1, 0, 0, 1, 2, 2, 1, 0, 2, 1, 0, 1, 0, 1, 1, 0, 2, 1, 0, 0, 1, 1, 0, 1, 2]|[0, 3, 0, 2, 4, 1, 4, 4, 2, 4, 3, 2, 1, 0, 2, 1, 1, 1, 2, 1, 2, 3, 0, 1, 0, 1, 1, 4, 1, 0, 3, 2, 2, 0, 4, 1, 1, 4, 0, 1, 2, 2, 4, 4, 1, 1, 0, 2, 3, 1, 2, 1, 2, 1, 1, 2, 0, 3, 0, 2, 2, 3, 1, 0, 1, 4, 4, 0, 0, 4, 1, 3, 4, 1, 2, 4, 0, 1, 3, 1, 0, 4, 2, 0, 3, 2, 3, 2, 4, 1, 2, 0, 4, 2, 2, 4, 3, 2, 4, 1]|[0, 2, 0, 1, 3, 0, 1, 3, 0, 0, 2, 0, 1, 0, 1, 0, 0, 0, 1, 0, 0, 2, 0, 0, 1, 0, 0, 3, 0, 1, 0, 2, 0, 0, 3, 0, 1, 3, 1, 0, 0, 1, 1, 3, 0, 0, 1, 0, 2, 0, 0, 0, 0, 0, 1, 0, 0, 0, 1, 1, 0, 2, 0, 0, 0, 1, 2, 1, 1, 2, 0, 0, 1, 0, 0, 2, 0, 0, 3, 0, 0, 2, 1, 0, 0, 0, 0, 0, 2, 1, 1, 0, 1, 0, 0, 3, 0, 0, 1, 0],881.4638349230657,54042.855127685005,122716.37488162471,false
5,G3_TWC,G3_TWC,[31, 22, 82, 15, 26, 9, 95, 42, 77, 12, 47, 5, 93, 78, 86, 54, 85, 63, 18, 44, 20, 35, 43, 97, 91, 76, 10, 30, 21, 45, 71, 64, 1, 23, 17, 83, 24, 41, 60, 36, 6, 57, 40, 88, 65, 56, 79, 69, 67, 68, 46, 75, 38, 58, 19, 32, 81, 48, 27, 62, 87, 90, 99, 59, 11, 16, 72, 73, 70, 39, 37, 84, 3, 92, 25, 55, 28, 51, 29, 7, 33, 61, 98, 14, 89, 50, 66, 96, 80, 53, 8, 2, 34, 4, 52, 49, 0, 94, 74, 13]|[1, 1, 0, 1, 1, 0, 1, 2, 2, 1, 2, 2, 2, 1, 0, 0, 0, 1, 0, 2, 2, 0, 1, 2, 0, 1, 2, 2, 0, 0, 1, 2, 1, 0, 1, 0, 2, 0, 1, 1, 0, 1, 1, 1, 0, 2, 2, 2, 0, 0, 0, 0, 1, 1, 2, 1, 2, 1, 0, 0, 2, 1, 0, 1, 2, 1, 2, 1, 1, 1, 1, 1, 1, 0, 1, 1, 0, 0, 0, 1, 0, 1, 0, 0, 1, 0, 2, 0, 0, 0, 1, 0, 2, 1, 2, 0, 0, 1, 1, 0]|[4, 3, 2, 2, 4, 1, 2, 2, 2, 4, 0, 1, 2, 4, 1, 1, 2, 4, 2, 1, 1, 1, 1, 2, 1, 2, 1, 1, 1, 1, 3, 2, 3, 0, 4, 0, 1, 1, 0, 3, 2, 2, 2, 0, 1, 1, 1, 2, 0, 1, 2, 2, 1, 0, 0, 3, 2, 4, 1, 2, 2, 3, 1, 1, 1, 3, 0, 4, 3, 1, 4, 1, 1, 0, 4, 4, 2, 1, 1, 1, 2, 3, 1, 1, 1, 1, 1, 1, 1, 2, 3, 2, 1, 4, 1, 1, 2, 4, 3, 2]|[0, 2, 1, 1, 3, 0, 1, 0, 0, 0, 0, 0, 1, 0, 0, 0, 0, 3, 1, 0, 0, 0, 3, 1, 0, 2, 0, 0, 0, 1, 0, 0, 0, 0, 3, 0, 1, 0, 0, 2, 1, 1, 1, 0, 0, 0, 0, 0, 1, 0, 0, 0, 1, 3, 0, 0, 1, 2, 0, 1, 0, 2, 0, 1, 0, 2, 1, 0, 0, 1, 1, 3, 1, 1, 3, 3, 1, 0, 0, 2, 1, 0, 0, 0, 1, 0, 0, 0, 0, 1, 2, 0, 0, 0, 0, 1, 0, 2, 0, 0],868.8091742880855,57060.49302920472,101221.3843147768,false
5,G1_CMAX,G4_BALANCED,[31, 22, 82, 15, 26, 9, 95, 42, 77, 12, 47, 5, 93, 78, 86, 54, 85, 63, 18, 44, 20, 35, 43, 97, 91, 76, 10, 30, 21, 45, 61, 64, 1, 23, 17, 83, 24, 41, 60, 36, 6, 57, 40, 88, 65, 56, 79, 69, 67, 68, 46, 75, 38, 58, 19, 32, 81, 48, 27, 62, 87, 90, 99, 59, 11, 16, 72, 73, 70, 89, 37, 84, 3, 92, 25, 55, 28, 51, 29, 7, 96, 74, 33, 98, 39, 50, 66, 8, 80, 53, 14, 2, 34, 4, 52, 49, 0, 94, 71, 13]|[1, 1, 0, 1, 1, 0, 1, 2, 2, 1, 2, 2, 2, 1, 1, 0, 0, 0, 0, 2, 2, 0, 1, 2, 0, 1, 2, 2, 0, 0, 1, 2, 1, 2, 1, 0, 2, 1, 1, 1, 0, 1, 1, 1, 0, 2, 1, 2, 0, 0, 0, 0, 1, 1, 2, 1, 2, 1, 0, 0, 2, 1, 0, 1, 2, 1, 2, 1, 1, 1, 0, 1, 1, 0, 1, 1, 1, 0, 1, 1, 0, 2, 0, 2, 1, 0, 2, 1, 0, 0, 0, 0, 2, 1, 2, 0, 0, 1, 2, 0]|[4, 3, 2, 2, 4, 1, 2, 2, 1, 4, 0, 1, 2, 4, 4, 1, 2, 1, 2, 1, 1, 1, 1, 2, 1, 2, 1, 1, 1, 1, 3, 2, 3, 0, 4, 0, 1, 4, 0, 3, 2, 2, 2, 0, 1, 1, 0, 2, 0, 1, 2, 2, 1, 0, 0, 3, 1, 4, 1, 2, 2, 3, 1, 1, 1, 3, 0, 4, 3, 1, 1, 1, 1, 0, 4, 4, 4, 1, 3, 1, 1, 1, 1, 0, 1, 1, 0, 3, 1, 2, 2, 2, 1, 4, 1, 1, 2, 4, 1, 2]|[0, 2, 1, 1, 3, 0, 1, 0, 0, 0, 0, 0, 1, 0, 1, 0, 0, 0, 1, 0, 0, 0, 3, 1, 0, 2, 0, 0, 0, 1, 0, 0, 0, 0, 3, 0, 1, 3, 0, 2, 1, 1, 1, 0, 0, 0, 0, 0, 1, 0, 0, 0, 1, 3, 0, 0, 0, 2, 0, 1, 0, 2, 0, 1, 0, 2, 1, 0, 0, 1, 0, 3, 1, 1, 3, 3, 1, 0, 0, 2, 0, 0, 0, 0, 1, 0, 0, 2, 0, 1, 0, 0, 0, 0, 0, 1, 0, 2, 0, 0],786.1430875023194,57044.44410972526,108603.1045361672,true
5,G4_BALANCED,G3_TWC,[31, 22, 82, 15, 26, 9, 95, 42, 77, 12, 47, 5, 93, 78, 86, 54, 85, 63, 18, 44, 20, 35, 43, 97, 91, 76, 10, 30, 21, 45, 71, 64, 1, 23, 17, 83, 24, 41, 60, 36, 6, 57, 40, 88, 65, 56, 79, 69, 67, 68, 46, 75, 38, 58, 19, 32, 81, 48, 27, 62, 87, 90, 99, 59, 11, 16, 72, 73, 70, 39, 37, 84, 80, 92, 25, 55, 28, 51, 29, 7, 33, 61, 96, 14, 4, 50, 66, 98, 3, 53, 8, 2, 34, 89, 52, 49, 0, 94, 74, 13]|[1, 1, 0, 1, 1, 0, 1, 2, 2, 1, 2, 2, 2, 1, 1, 0, 0, 1, 0, 2, 2, 0, 1, 2, 0, 1, 2, 2, 0, 0, 1, 2, 1, 0, 1, 0, 2, 0, 1, 1, 0, 1, 1, 1, 0, 2, 2, 2, 0, 0, 0, 0, 1, 1, 2, 1, 2, 1, 0, 0, 2, 1, 0, 1, 2, 1, 2, 1, 1, 1, 1, 2, 0, 0, 1, 1, 0, 0, 0, 1, 0, 1, 0, 0, 1, 0, 2, 0, 1, 0, 1, 0, 2, 1, 2, 0, 0, 1, 2, 0]|[4, 3, 2, 2, 4, 1, 2, 2, 2, 4, 0, 1, 2, 4, 4, 1, 2, 4, 2, 1, 1, 1, 1, 2, 1, 2, 1, 1, 1, 1, 3, 2, 3, 0, 4, 0, 1, 1, 0, 3, 2, 2, 2, 0, 1, 1, 1, 2, 0, 1, 2, 2, 1, 0, 0, 3, 2, 4, 1, 2, 2, 3, 1, 1, 1, 3, 0, 4, 3, 1, 4, 1, 1, 0, 4, 4, 2, 1, 1, 1, 2, 3, 1, 1, 4, 1, 0, 1, 1, 2, 3, 2, 1, 1, 1, 1, 2, 4, 1, 2]|[0, 2, 1, 1, 3, 0, 1, 0, 0, 0, 0, 0, 1, 0, 1, 0, 0, 3, 1, 0, 0, 0, 3, 1, 0, 2, 0, 0, 0, 1, 0, 0, 0, 0, 3, 0, 1, 0, 0, 2, 1, 1, 1, 0, 0, 0, 0, 0, 1, 0, 0, 0, 1, 3, 0, 0, 1, 2, 0, 1, 0, 2, 0, 1, 0, 2, 1, 0, 0, 1, 1, 0, 0, 1, 3, 3, 1, 0, 0, 2, 1, 0, 0, 0, 0, 0, 0, 0, 1, 1, 2, 0, 0, 1, 0, 1, 0, 2, 0, 0],839.2265432193287,56849.22991634524,102080.68567002763,true
5,G2_TEC,G2_TEC,[31, 22, 82, 15, 26, 9, 95, 42, 77, 4, 47, 5, 93, 78, 86, 54, 85, 63, 18, 44, 20, 49, 36, 14, 74, 50, 53, 17, 21, 45, 71, 64, 3, 23, 30, 83, 24, 41, 60, 52, 65, 27, 90, 70, 39, 87, 48, 69, 99, 68, 46, 1, 38, 58, 97, 59, 28, 8, 73, 37, 35, 79, 11, 66, 76, 57, 72, 16, 92, 6, 80, 61, 33, 98, 32, 34, 51, 67, 10, 7, 56, 43, 62, 19, 91, 13, 29, 96, 94, 81, 84, 40, 88, 55, 75, 25, 12, 0, 89, 2]|[2, 1, 2, 1, 1, 2, 1, 1, 1, 1, 1, 0, 2, 2, 1, 2, 0, 0, 0, 2, 2, 1, 0, 2, 0, 2, 2, 1, 0, 1, 1, 1, 0, 0, 1, 0, 2, 1, 2, 2, 0, 1, 1, 1, 0, 2, 0, 2, 1, 0, 0, 2, 2, 0, 2, 0, 2, 1, 0, 0, 2, 1, 0, 2, 2, 1, 1, 1, 0, 1, 2, 1, 1, 0, 0, 1, 0, 0, 1, 2, 2, 1, 0, 2, 1, 0, 1, 0, 1, 1, 0, 2, 1, 0, 0, 1, 1, 0, 1, 2]|[0, 3, 0, 2, 4, 1, 4, 4, 2, 4, 3, 2, 1, 0, 2, 1, 1, 1, 2, 1, 2, 3, 0, 1, 0, 1, 1, 4, 1, 0, 3, 2, 2, 0, 4, 1, 1, 4, 0, 1, 2, 2, 4, 4, 1, 1, 0, 2, 3, 1, 2, 1, 2, 1, 1, 2, 0, 3, 0, 2, 2, 3, 1, 0, 1, 4, 4, 0, 0, 4, 1, 3, 4, 1, 2, 4, 0, 1, 3, 1, 0, 4, 2, 0, 3, 2, 3, 2, 4, 1, 2, 0, 4, 2, 2, 4, 3, 2, 4, 1]|[0, 2, 0, 1, 3, 0, 1, 3, 0, 0, 2, 0, 1, 0, 1, 0, 0, 0, 1, 0, 0, 2, 0, 0, 1, 0, 0, 3, 0, 1, 0, 2, 0, 0, 3, 0, 1, 3, 1, 0, 0, 1, 1, 3, 0, 0, 1, 0, 2, 0, 0, 0, 0, 0, 1, 0, 0, 0, 1, 1, 0, 2, 0, 0, 0, 1, 2, 1, 1, 2, 0, 0, 1, 0, 0, 2, 0, 0, 3, 0, 0, 2, 1, 0, 0, 0, 0, 0, 2, 1, 1, 0, 1, 0, 0, 3, 0, 0, 1, 0],881.4638349230657,54042.855127685005,122716.37488162471,false
5,G3_TWC,G3_TWC,[31, 22, 82, 15, 26, 9, 95, 42, 77, 12, 47, 5, 93, 78, 86, 54, 85, 63, 18, 44, 20, 35, 43, 97, 91, 76, 10, 30, 21, 45, 71, 64, 1, 23, 17, 83, 24, 41, 60, 36, 6, 57, 40, 88, 65, 56, 79, 69, 67, 68, 46, 75, 38, 58, 19, 32, 81, 48, 27, 62, 87, 90, 99, 59, 11, 16, 72, 73, 70, 39, 37, 84, 3, 92, 25, 55, 28, 51, 29, 7, 33, 61, 98, 14, 89, 50, 66, 96, 80, 53, 8, 2, 34, 4, 52, 49, 0, 94, 74, 13]|[1, 1, 0, 1, 1, 0, 1, 2, 2, 1, 2, 2, 2, 1, 0, 0, 0, 1, 0, 2, 2, 0, 1, 2, 0, 1, 2, 2, 0, 0, 1, 2, 1, 0, 1, 0, 2, 0, 1, 1, 0, 1, 1, 1, 0, 2, 2, 2, 0, 0, 0, 0, 1, 1, 2, 1, 2, 1, 0, 0, 2, 1, 0, 1, 2, 1, 2, 1, 1, 1, 1, 1, 1, 0, 1, 1, 0, 0, 0, 1, 0, 1, 0, 0, 1, 0, 2, 0, 0, 0, 1, 0, 2, 1, 2, 0, 0, 1, 1, 0]|[4, 3, 2, 2, 4, 1, 2, 2, 2, 4, 0, 1, 2, 4, 1, 1, 2, 4, 2, 1, 1, 1, 1, 2, 1, 2, 1, 1, 1, 1, 3, 2, 3, 0, 4, 0, 1, 1, 0, 3, 2, 2, 2, 0, 1, 1, 1, 2, 0, 1, 2, 2, 1, 0, 0, 3, 2, 4, 1, 2, 2, 3, 1, 1, 1, 3, 0, 4, 3, 1, 4, 1, 1, 0, 4, 4, 2, 1, 1, 1, 2, 3, 1, 1, 1, 1, 1, 1, 1, 2, 3, 2, 1, 4, 1, 1, 2, 4, 3, 2]|[0, 2, 1, 1, 3, 0, 1, 0, 0, 0, 0, 0, 1, 0, 0, 0, 0, 3, 1, 0, 0, 0, 3, 1, 0, 2, 0, 0, 0, 1, 0, 0, 0, 0, 3, 0, 1, 0, 0, 2, 1, 1, 1, 0, 0, 0, 0, 0, 1, 0, 0, 0, 1, 3, 0, 0, 1, 2, 0, 1, 0, 2, 0, 1, 0, 2, 1, 0, 0, 1, 1, 3, 1, 1, 3, 3, 1, 0, 0, 2, 1, 0, 0, 0, 1, 0, 0, 0, 0, 1, 2, 0, 0, 0, 0, 1, 0, 2, 0, 0],868.8091742880855,57060.49302920472,101221.3843147768,false
5,G1_CMAX,G3_TWC,[31, 22, 82, 15, 26, 9, 95, 42, 77, 12, 47, 5, 93, 78, 86, 54, 85, 63, 18, 44, 20, 35, 43, 97, 91, 76, 10, 30, 21, 45, 71, 64, 1, 23, 17, 83, 24, 41, 60, 36, 6, 57, 40, 88, 65, 56, 79, 69, 67, 68, 46, 75, 38, 58, 19, 32, 81, 48, 27, 62, 87, 90, 99, 59, 11, 16, 72, 73, 70, 39, 37, 84, 3, 92, 25, 55, 28, 51, 29, 7, 33, 61, 98, 66, 89, 50, 14, 96, 80, 53, 8, 2, 34, 4, 52, 49, 0, 94, 74, 13]|[1, 1, 0, 1, 1, 0, 1, 2, 2, 1, 2, 2, 2, 1, 0, 0, 0, 1, 0, 2, 2, 0, 1, 2, 0, 1, 2, 2, 0, 0, 1, 2, 1, 2, 1, 0, 2, 1, 1, 1, 0, 1, 1, 1, 0, 2, 2, 2, 0, 0, 0, 0, 1, 1, 2, 1, 2, 1, 0, 0, 2, 1, 0, 1, 2, 1, 2, 1, 1, 1, 1, 1, 1, 0, 1, 1, 0, 0, 0, 1, 0, 1, 2, 2, 1, 0, 0, 0, 0, 0, 1, 0, 2, 1, 2, 0, 0, 1, 2, 0]|[4, 3, 2, 2, 4, 1, 2, 2, 2, 4, 0, 1, 2, 4, 1, 1, 2, 4, 2, 1, 1, 1, 1, 2, 1, 2, 1, 1, 1, 1, 3, 2, 3, 0, 4, 0, 1, 4, 0, 3, 2, 2, 2, 0, 1, 1, 1, 2, 0, 1, 2, 2, 1, 0, 0, 3, 2, 4, 1, 2, 2, 3, 1, 1, 1, 3, 0, 4, 3, 1, 4, 1, 1, 0, 4, 4, 2, 1, 1, 1, 2, 3, 1, 1, 1, 1, 1, 1, 1, 2, 3, 2, 1, 4, 1, 1, 2, 4, 1, 2]|[0, 2, 1, 1, 3, 0, 1, 0, 0, 0, 0, 0, 1, 0, 0, 0, 0, 3, 1, 0, 0, 0, 3, 1, 0, 2, 0, 0, 0, 1, 0, 0, 0, 0, 3, 0, 1, 3, 0, 2, 1, 1, 1, 0, 0, 0, 0, 0, 1, 0, 0, 0, 1, 3, 0, 0, 1, 2, 0, 1, 0, 2, 0, 1, 0, 2, 1, 0, 0, 1, 1, 3, 1, 1, 3, 3, 1, 0, 0, 2, 1, 0, 0, 0, 1, 0, 0, 0, 0, 1, 2, 0, 0, 0, 0, 1, 0, 2, 0, 0],800.7812220105551,57299.26057600833,102976.79285807606,true
5,G4_BALANCED,G1_CMAX,[31, 22, 82, 15, 26, 9, 90, 42, 77, 4, 47, 65, 93, 78, 86, 54, 85, 63, 18, 44, 20, 49, 36, 14, 48, 50, 53, 17, 21, 45, 71, 64, 3, 23, 30, 83, 24, 41, 60, 52, 5, 27, 95, 70, 39, 87, 74, 69, 99, 68, 46, 1, 38, 58, 97, 59, 28, 8, 73, 37, 35, 79, 11, 66, 76, 57, 72, 16, 92, 6, 80, 61, 33, 98, 32, 34, 62, 67, 10, 7, 19, 43, 51, 56, 91, 13, 29, 96, 0, 81, 2, 40, 88, 55, 75, 89, 12, 94, 25, 84]|[2, 1, 2, 1, 1, 2, 1, 1, 1, 1, 1, 0, 2, 2, 1, 2, 0, 0, 0, 2, 2, 1, 0, 2, 2, 2, 2, 1, 0, 1, 1, 1, 0, 0, 1, 0, 2, 1, 2, 2, 0, 1, 1, 1, 0, 1, 0, 2, 1, 0, 0, 2, 2, 0, 2, 0, 2, 1, 0, 0, 2, 1, 0, 2, 2, 0, 1, 1, 0, 1, 0, 1, 1, 0, 0, 1, 0, 0, 1, 2, 2, 2, 0, 0, 1, 0, 1, 0, 0, 1, 2, 2, 1, 1, 2, 1, 1, 1, 1, 0]|[0, 3, 0, 2, 4, 1, 4, 4, 2, 4, 3, 2, 1, 0, 2, 1, 1, 1, 2, 1, 2, 3, 0, 1, 0, 1, 1, 4, 1, 0, 3, 2, 2, 0, 4, 1, 1, 4, 0, 1, 2, 2, 4, 4, 1, 0, 0, 2, 3, 1, 2, 1, 2, 1, 1, 2, 0, 3, 0, 2, 2, 3, 1, 0, 1, 0, 4, 0, 0, 4, 1, 3, 4, 1, 2, 4, 2, 1, 3, 1, 0, 1, 0, 2, 3, 2, 3, 2, 2, 1, 1, 0, 4, 3, 2, 4, 3, 4, 4, 1]|[0, 2, 0, 1, 3, 0, 1, 3, 0, 0, 2, 0, 1, 0, 1, 0, 0, 0, 1, 0, 0, 2, 0, 0, 0, 0, 0, 3, 0, 1, 0, 2, 0, 0, 3, 0, 1, 3, 1, 0, 0, 1, 1, 3, 0, 0, 1, 0, 2, 0, 0, 0, 0, 0, 1, 0, 0, 0, 1, 1, 0, 2, 0, 0, 0, 1, 2, 1, 1, 2, 0, 0, 1, 0, 0, 2, 1, 0, 3, 0, 0, 0, 0, 1, 0, 0, 0, 0, 0, 1, 0, 0, 1, 0, 1, 1, 0, 2, 3, 0],855.772444525677,55260.20157115299,121900.47828628033,true
5,G2_TEC,G2_TEC,[31, 22, 82, 15, 26, 9, 95, 42, 77, 4, 47, 5, 93, 78, 86, 54, 85, 63, 18, 44, 20, 49, 36, 14, 74, 50, 53, 17, 21, 45, 71, 64, 3, 23, 30, 83, 24, 41, 60, 52, 65, 27, 90, 70, 39, 87, 48, 69, 99, 68, 46, 1, 38, 58, 97, 59, 28, 8, 73, 37, 35, 79, 11, 66, 76, 57, 72, 16, 92, 6, 80, 61, 33, 98, 32, 34, 51, 67, 10, 7, 56, 43, 62, 19, 91, 13, 29, 96, 94, 81, 84, 40, 88, 55, 75, 25, 12, 0, 89, 2]|[2, 1, 2, 1, 1, 2, 1, 1, 1, 1, 1, 0, 2, 2, 1, 2, 0, 0, 0, 2, 2, 1, 0, 2, 0, 2, 2, 1, 0, 1, 1, 1, 0, 0, 1, 0, 2, 1, 2, 2, 0, 1, 1, 1, 0, 2, 0, 2, 1, 0, 0, 2, 2, 0, 2, 0, 2, 1, 0, 0, 2, 1, 0, 2, 2, 1, 1, 1, 0, 1, 2, 1, 1, 0, 0, 1, 0, 0, 1, 2, 2, 1, 0, 2, 1, 0, 1, 0, 1, 1, 0, 2, 1, 0, 0, 1, 1, 0, 1, 2]|[0, 3, 0, 2, 4, 1, 4, 4, 2, 4, 3, 2, 1, 0, 2, 1, 1, 1, 2, 1, 2, 3, 0, 1, 0, 1, 1, 4, 1, 0, 3, 2, 2, 0, 4, 1, 1, 4, 0, 1, 2, 2, 4, 4, 1, 1, 0, 2, 3, 1, 2, 1, 2, 1, 1, 2, 0, 3, 0, 2, 2, 3, 1, 0, 1, 4, 4, 0, 0, 4, 1, 3, 4, 1, 2, 4, 0, 1, 3, 1, 0, 4, 2, 0, 3, 2, 3, 2, 4, 1, 2, 0, 4, 2, 2, 4, 3, 2, 4, 1]|[0, 2, 0, 1, 3, 0, 1, 3, 0, 0, 2, 0, 1, 0, 1, 0, 0, 0, 1, 0, 0, 2, 0, 0, 1, 0, 0, 3, 0, 1, 0, 2, 0, 0, 3, 0, 1, 3, 1, 0, 0, 1, 1, 3, 0, 0, 1, 0, 2, 0, 0, 0, 0, 0, 1, 0, 0, 0, 1, 1, 0, 2, 0, 0, 0, 1, 2, 1, 1, 2, 0, 0, 1, 0, 0, 2, 0, 0, 3, 0, 0, 2, 1, 0, 0, 0, 0, 0, 2, 1, 1, 0, 1, 0, 0, 3, 0, 0, 1, 0],881.4638349230657,54042.855127685005,122716.37488162471,false
5,G3_TWC,G3_TWC,[31, 22, 82, 15, 26, 9, 95, 42, 77, 12, 47, 5, 93, 78, 86, 54, 85, 63, 18, 44, 20, 35, 43, 97, 91, 76, 10, 30, 21, 45, 71, 64, 1, 23, 17, 83, 24, 41, 60, 36, 6, 57, 40, 88, 65, 56, 79, 69, 67, 68, 46, 75, 38, 58, 19, 32, 81, 48, 27, 62, 87, 90, 99, 59, 11, 16, 72, 73, 70, 39, 37, 84, 3, 92, 25, 55, 28, 51, 29, 7, 33, 61, 98, 14, 89, 50, 66, 96, 80, 53, 8, 2, 34, 4, 52, 49, 0, 94, 74, 13]|[1, 1, 0, 1, 1, 0, 1, 2, 2, 1, 2, 2, 2, 1, 0, 0, 0, 1, 0, 2, 2, 0, 1, 2, 0, 1, 2, 2, 0, 0, 1, 2, 1, 0, 1, 0, 2, 0, 1, 1, 0, 1, 1, 1, 0, 2, 2, 2, 0, 0, 0, 0, 1, 1, 2, 1, 2, 1, 0, 0, 2, 1, 0, 1, 2, 1, 2, 1, 1, 1, 1, 1, 1, 0, 1, 1, 0, 0, 0, 1, 0, 1, 0, 0, 1, 0, 2, 0, 0, 0, 1, 0, 2, 1, 2, 0, 0, 1, 1, 0]|[4, 3, 2, 2, 4, 1, 2, 2, 2, 4, 0, 1, 2, 4, 1, 1, 2, 4, 2, 1, 1, 1, 1, 2, 1, 2, 1, 1, 1, 1, 3, 2, 3, 0, 4, 0, 1, 1, 0, 3, 2, 2, 2, 0, 1, 1, 1, 2, 0, 1, 2, 2, 1, 0, 0, 3, 2, 4, 1, 2, 2, 3, 1, 1, 1, 3, 0, 4, 3, 1, 4, 1, 1, 0, 4, 4, 2, 1, 1, 1, 2, 3, 1, 1, 1, 1, 1, 1, 1, 2, 3, 2, 1, 4, 1, 1, 2, 4, 3, 2]|[0, 2, 1, 1, 3, 0, 1, 0, 0, 0, 0, 0, 1, 0, 0, 0, 0, 3, 1, 0, 0, 0, 3, 1, 0, 2, 0, 0, 0, 1, 0, 0, 0, 0, 3, 0, 1, 0, 0, 2, 1, 1, 1, 0, 0, 0, 0, 0, 1, 0, 0, 0, 1, 3, 0, 0, 1, 2, 0, 1, 0, 2, 0, 1, 0, 2, 1, 0, 0, 1, 1, 3, 1, 1, 3, 3, 1, 0, 0, 2, 1, 0, 0, 0, 1, 0, 0, 0, 0, 1, 2, 0, 0, 0, 0, 1, 0, 2, 0, 0],868.8091742880855,57060.49302920472,101221.3843147768,false
5,G1_CMAX,G3_TWC,[31, 22, 82, 15, 26, 9, 95, 42, 77, 12, 47, 5, 93, 78, 86, 54, 85, 63, 18, 44, 20, 35, 43, 97, 91, 76, 10, 30, 21, 45, 71, 64, 1, 23, 17, 83, 24, 41, 60, 36, 6, 57, 40, 88, 65, 56, 79, 69, 67, 68, 46, 75, 38, 58, 19, 32, 81, 48, 27, 62, 87, 90, 99, 59, 11, 16, 72, 73, 61, 39, 37, 84, 3, 92, 25, 55, 28, 51, 29, 7, 33, 70, 98, 14, 4, 50, 66, 96, 80, 53, 8, 2, 34, 89, 52, 49, 0, 94, 74, 13]|[1, 1, 0, 1, 1, 0, 1, 2, 2, 1, 2, 2, 2, 1, 1, 0, 0, 1, 0, 2, 2, 0, 1, 2, 0, 1, 2, 2, 0, 0, 1, 2, 1, 0, 1, 0, 2, 0, 1, 1, 0, 1, 1, 1, 0, 2, 1, 2, 0, 0, 0, 0, 1, 1, 2, 1, 2, 1, 0, 0, 2, 1, 0, 1, 2, 1, 2, 1, 1, 1, 1, 1, 1, 0, 1, 1, 1, 0, 0, 1, 0, 1, 0, 0, 1, 0, 2, 0, 0, 0, 1, 0, 2, 1, 2, 0, 0, 1, 2, 0]|[4, 3, 2, 2, 4, 1, 2, 2, 2, 4, 0, 1, 2, 4, 4, 1, 2, 4, 2, 1, 1, 1, 1, 2, 1, 2, 1, 1, 1, 1, 3, 2, 3, 0, 4, 0, 1, 1, 0, 3, 2, 2, 2, 0, 1, 1, 0, 2, 0, 1, 2, 2, 1, 0, 0, 3, 2, 4, 1, 2, 2, 3, 1, 1, 1, 3, 0, 4, 3, 1, 4, 1, 1, 0, 4, 4, 4, 1, 1, 1, 2, 3, 1, 1, 4, 1, 1, 1, 1, 2, 3, 2, 1, 1, 1, 1, 2, 4, 1, 2]|[0, 2, 1, 1, 3, 0, 1, 0, 0, 0, 0, 0, 1, 0, 1, 0, 0, 3, 1, 0, 0, 0, 3, 1, 0, 2, 0, 0, 0, 1, 0, 0, 0, 0, 3, 0, 1, 0, 0, 2, 1, 1, 1, 0, 0, 0, 0, 0, 1, 0, 0, 0, 1, 3, 0, 0, 1, 2, 0, 1, 0, 2, 0, 1, 0, 2, 1, 0, 0, 1, 1, 3, 1, 1, 3, 3, 1, 0, 0, 2, 1, 0, 0, 0, 0, 0, 0, 0, 0, 1, 2, 0, 0, 1, 0, 1, 0, 2, 0, 0],835.0904586090594,56790.63375326138,103208.12047971984,true
5,G4_BALANCED,G3_TWC,[31, 22, 82, 15, 26, 9, 95, 42, 77, 12, 47, 5, 93, 78, 86, 54, 85, 63, 18, 44, 20, 35, 43, 97, 91, 76, 10, 30, 21, 45, 71, 64, 1, 23, 17, 83, 24, 41, 60, 36, 6, 57, 40, 88, 65, 56, 79, 69, 67, 68, 46, 75, 38, 58, 19, 32, 81, 48, 27, 62, 87, 90, 99, 59, 11, 16, 72, 73, 70, 39, 37, 84, 3, 92, 25, 55, 28, 51, 29, 7, 33, 61, 98, 0, 89, 50, 66, 96, 80, 53, 8, 2, 34, 4, 52, 49, 14, 94, 74, 13]|[1, 1, 0, 1, 1, 0, 1, 2, 2, 1, 2, 2, 2, 1, 1, 0, 0, 1, 0, 2, 2, 0, 1, 2, 0, 1, 2, 2, 0, 0, 1, 2, 1, 0, 1, 0, 2, 0, 1, 1, 0, 1, 1, 1, 0, 2, 1, 2, 0, 0, 0, 0, 1, 1, 2, 1, 2, 1, 0, 0, 2, 1, 0, 1, 2, 1, 2, 1, 1, 1, 1, 1, 1, 0, 1, 1, 0, 0, 0, 1, 0, 1, 0, 0, 1, 0, 2, 0, 0, 0, 1, 0, 2, 1, 1, 0, 0, 1, 2, 0]|[4, 3, 2, 2, 4, 1, 2, 2, 2, 4, 0, 1, 2, 4, 4, 1, 2, 4, 2, 1, 1, 1, 1, 2, 1, 2, 1, 1, 1, 1, 3, 2, 3, 0, 4, 0, 1, 1, 0, 3, 2, 2, 2, 0, 1, 1, 0, 2, 0, 1, 2, 2, 1, 0, 0, 3, 2, 4, 1, 2, 2, 3, 1, 1, 1, 3, 0, 4, 3, 1, 4, 1, 1, 0, 4, 4, 2, 1, 1, 1, 2, 3, 1, 2, 1, 1, 0, 1, 1, 2, 3, 2, 1, 4, 1, 1, 1, 4, 1, 2]|[0, 2, 1, 1, 3, 0, 1, 0, 0, 0, 0, 0, 1, 0, 1, 0, 0, 3, 1, 0, 0, 0, 3, 1, 0, 2, 0, 0, 0, 1, 0, 0, 0, 0, 3, 0, 1, 0, 0, 2, 1, 1, 1, 0, 0, 0, 0, 0, 1, 0, 0, 0, 1, 3, 0, 0, 1, 2, 0, 1, 0, 2, 0, 1, 0, 2, 1, 0, 0, 1, 1, 3, 1, 1, 3, 3, 1, 0, 0, 2, 1, 0, 0, 0, 1, 0, 0, 0, 0, 1, 2, 0, 0, 0, 1, 1, 0, 2, 0, 0],853.734853942223,57261.492602597384,101283.83744922886,true
5,G2_TEC,G2_TEC,[31, 22, 82, 15, 26, 9, 95, 42, 77, 4, 47, 5, 93, 78, 86, 54, 85, 63, 18, 44, 20, 49, 36, 14, 74, 50, 53, 17, 21, 45, 71, 64, 3, 23, 30, 83, 24, 41, 60, 52, 65, 27, 90, 70, 39, 87, 48, 69, 99, 68, 46, 1, 38, 58, 97, 59, 28, 8, 73, 37, 35, 79, 11, 66, 76, 57, 72, 16, 92, 6, 80, 61, 33, 98, 32, 34, 51, 67, 10, 7, 56, 43, 62, 19, 91, 13, 29, 96, 94, 81, 84, 40, 88, 55, 75, 25, 12, 0, 89, 2]|[2, 1, 2, 1, 1, 2, 1, 1, 1, 1, 1, 0, 2, 2, 1, 2, 0, 0, 0, 2, 2, 1, 0, 2, 0, 2, 2, 1, 0, 1, 1, 1, 0, 0, 1, 0, 2, 1, 2, 2, 0, 1, 1, 1, 0, 2, 0, 2, 1, 0, 0, 2, 2, 0, 2, 0, 2, 1, 0, 0, 2, 1, 0, 2, 2, 1, 1, 1, 0, 1, 2, 1, 1, 0, 0, 1, 0, 0, 1, 2, 2, 1, 0, 2, 1, 0, 1, 0, 1, 1, 0, 2, 1, 0, 0, 1, 1, 0, 1, 2]|[0, 3, 0, 2, 4, 1, 4, 4, 2, 4, 3, 2, 1, 0, 2, 1, 1, 1, 2, 1, 2, 3, 0, 1, 0, 1, 1, 4, 1, 0, 3, 2, 2, 0, 4, 1, 1, 4, 0, 1, 2, 2, 4, 4, 1, 1, 0, 2, 3, 1, 2, 1, 2, 1, 1, 2, 0, 3, 0, 2, 2, 3, 1, 0, 1, 4, 4, 0, 0, 4, 1, 3, 4, 1, 2, 4, 0, 1, 3, 1, 0, 4, 2, 0, 3, 2, 3, 2, 4, 1, 2, 0, 4, 2, 2, 4, 3, 2, 4, 1]|[0, 2, 0, 1, 3, 0, 1, 3, 0, 0, 2, 0, 1, 0, 1, 0, 0, 0, 1, 0, 0, 2, 0, 0, 1, 0, 0, 3, 0, 1, 0, 2, 0, 0, 3, 0, 1, 3, 1, 0, 0, 1, 1, 3, 0, 0, 1, 0, 2, 0, 0, 0, 0, 0, 1, 0, 0, 0, 1, 1, 0, 2, 0, 0, 0, 1, 2, 1, 1, 2, 0, 0, 1, 0, 0, 2, 0, 0, 3, 0, 0, 2, 1, 0, 0, 0, 0, 0, 2, 1, 1, 0, 1, 0, 0, 3, 0, 0, 1, 0],881.4638349230657,54042.855127685005,122716.37488162471,false
5,G3_TWC,G3_TWC,[31, 22, 82, 15, 26, 9, 95, 42, 77, 12, 47, 5, 93, 78, 86, 54, 85, 63, 18, 44, 20, 35, 43, 97, 91, 76, 10, 30, 21, 45, 71, 64, 1, 23, 17, 83, 24, 41, 60, 36, 6, 57, 40, 88, 65, 56, 79, 69, 67, 68, 46, 75, 38, 58, 19, 32, 81, 48, 27, 62, 87, 90, 99, 59, 11, 16, 72, 73, 70, 39, 37, 84, 3, 92, 25, 55, 28, 51, 29, 7, 33, 61, 98, 14, 89, 50, 66, 96, 80, 53, 8, 2, 34, 4, 52, 49, 0, 94, 74, 13]|[1, 1, 0, 1, 1, 0, 1, 2, 2, 1, 2, 2, 2, 1, 0, 0, 0, 1, 0, 2, 2, 0, 1, 2, 0, 1, 2, 2, 0, 0, 1, 2, 1, 0, 1, 0, 2, 0, 1, 1, 0, 1, 1, 1, 0, 2, 2, 2, 0, 0, 0, 0, 1, 1, 2, 1, 2, 1, 0, 0, 2, 1, 0, 1, 2, 1, 2, 1, 1, 1, 1, 1, 1, 0, 1, 1, 0, 0, 0, 1, 0, 1, 0, 0, 1, 0, 2, 0, 0, 0, 1, 0, 2, 1, 2, 0, 0, 1, 1, 0]|[4, 3, 2, 2, 4, 1, 2, 2, 2, 4, 0, 1, 2, 4, 1, 1, 2, 4, 2, 1, 1, 1, 1, 2, 1, 2, 1, 1, 1, 1, 3, 2, 3, 0, 4, 0, 1, 1, 0, 3, 2, 2, 2, 0, 1, 1, 1, 2, 0, 1, 2, 2, 1, 0, 0, 3, 2, 4, 1, 2, 2, 3, 1, 1, 1, 3, 0, 4, 3, 1, 4, 1, 1, 0, 4, 4, 2, 1, 1, 1, 2, 3, 1, 1, 1, 1, 1, 1, 1, 2, 3, 2, 1, 4, 1, 1, 2, 4, 3, 2]|[0, 2, 1, 1, 3, 0, 1, 0, 0, 0, 0, 0, 1, 0, 0, 0, 0, 3, 1, 0, 0, 0, 3, 1, 0, 2, 0, 0, 0, 1, 0, 0, 0, 0, 3, 0, 1, 0, 0, 2, 1, 1, 1, 0, 0, 0, 0, 0, 1, 0, 0, 0, 1, 3, 0, 0, 1, 2, 0, 1, 0, 2, 0, 1, 0, 2, 1, 0, 0, 1, 1, 3, 1, 1, 3, 3, 1, 0, 0, 2, 1, 0, 0, 0, 1, 0, 0, 0, 0, 1, 2, 0, 0, 0, 0, 1, 0, 2, 0, 0],868.8091742880855,57060.49302920472,101221.3843147768,false
5,G1_CMAX,G1_CMAX,[31, 95, 9, 15, 82, 22, 42, 77, 26, 8, 10, 76, 91, 97, 43, 63, 20, 44, 18, 80, 45, 78, 86, 5, 84, 89, 61, 96, 35, 33, 7, 29, 51, 28, 55, 25, 92, 50, 30, 37, 39, 70, 73, 72, 93, 16, 11, 74, 59, 99, 90, 34, 54, 27, 48, 65, 69, 81, 32, 19, 58, 38, 56, 46, 64, 68, 67, 79, 75, 62, 88, 40, 57, 6, 36, 60, 41, 24, 66, 17, 1, 85, 71, 3, 83, 14, 98, 21, 53, 12, 2, 52, 4, 87, 49, 0, 94, 23, 47, 13]|[1, 1, 0, 1, 0, 0, 2, 2, 1, 1, 2, 1, 0, 1, 0, 2, 2, 2, 0, 0, 0, 1, 1, 2, 2, 1, 1, 1, 1, 2, 1, 1, 0, 1, 1, 1, 0, 0, 2, 0, 1, 1, 1, 2, 2, 1, 2, 2, 1, 0, 1, 2, 0, 0, 1, 1, 2, 2, 1, 0, 1, 1, 2, 0, 0, 0, 0, 1, 1, 1, 1, 2, 1, 0, 1, 1, 1, 2, 2, 2, 0, 0, 1, 1, 1, 2, 0, 0, 0, 1, 0, 2, 0, 2, 0, 0, 1, 2, 2, 0]|[2, 3, 2, 4, 1, 1, 2, 1, 0, 4, 1, 2, 1, 1, 1, 1, 1, 1, 1, 2, 1, 4, 4, 1, 1, 1, 3, 3, 3, 2, 1, 3, 1, 4, 4, 4, 0, 1, 1, 1, 0, 3, 4, 0, 2, 3, 1, 0, 1, 1, 3, 1, 2, 1, 4, 3, 2, 2, 1, 2, 0, 1, 1, 2, 1, 1, 0, 0, 2, 2, 0, 0, 2, 2, 3, 0, 4, 1, 0, 2, 1, 2, 3, 1, 3, 0, 0, 1, 2, 4, 2, 1, 1, 2, 1, 2, 4, 0, 0, 2]|[1, 1, 1, 0, 0, 0, 1, 0, 3, 0, 0, 2, 0, 3, 0, 0, 0, 0, 0, 0, 0, 1, 1, 0, 0, 1, 0, 2, 0, 0, 2, 0, 0, 1, 3, 3, 1, 0, 0, 0, 1, 0, 0, 1, 1, 2, 0, 0, 1, 0, 2, 0, 1, 0, 2, 0, 0, 1, 1, 0, 3, 1, 0, 0, 0, 0, 1, 0, 1, 1, 0, 0, 1, 1, 2, 0, 3, 1, 0, 0, 1, 0, 0, 1, 0, 1, 0, 0, 1, 3, 0, 0, 0, 0, 1, 0, 2, 0, 0, 0],741.0259643952477,59280.645567270396,113268.46410696392,false
5,G4_BALANCED,G2_TEC,[31, 22, 82, 15, 26, 9, 95, 42, 77, 4, 47, 5, 93, 78, 86, 54, 85, 63, 18, 44, 20, 49, 36, 14, 74, 50, 53, 17, 21, 45, 71, 64, 3, 23, 30, 83, 24, 41, 60, 52, 65, 27, 90, 70, 39, 87, 48, 69, 99, 68, 46, 1, 38, 58, 97, 59, 28, 8, 73, 37, 35, 79, 11, 66, 76, 57, 72, 16, 92, 6, 80, 61, 33, 98, 32, 34, 62, 67, 10, 7, 19, 43, 51, 56, 91, 13, 29, 96, 0, 81, 2, 40, 88, 55, 75, 25, 12, 94, 89, 84]|[2, 1, 2, 1, 1, 2, 1, 1, 1, 1, 1, 0, 2, 2, 1, 2, 0, 0, 0, 2, 2, 1, 0, 2, 0, 2, 2, 1, 0, 1, 1, 1, 0, 0, 1, 0, 2, 1, 2, 2, 0, 1, 1, 1, 0, 2, 0, 2, 1, 0, 0, 2, 2, 0, 2, 0, 2, 1, 0, 0, 2, 1, 0, 2, 2, 0, 1, 1, 0, 0, 2, 1, 1, 0, 0, 1, 0, 0, 1, 2, 2, 1, 0, 2, 1, 0, 1, 0, 0, 1, 2, 2, 1, 0, 0, 1, 1, 1, 1, 0]|[0, 3, 0, 2, 4, 1, 4, 4, 2, 4, 3, 2, 1, 0, 2, 1, 1, 1, 2, 1, 2, 3, 0, 1, 0, 1, 1, 4, 1, 0, 3, 2, 2, 0, 4, 1, 1, 4, 0, 1, 2, 2, 4, 4, 1, 1, 0, 2, 3, 1, 2, 1, 2, 1, 1, 2, 0, 3, 0, 2, 2, 3, 1, 0, 1, 0, 4, 0, 0, 1, 1, 3, 4, 1, 2, 4, 2, 1, 3, 1, 0, 4, 0, 0, 3, 2, 3, 2, 2, 1, 1, 0, 4, 2, 2, 4, 3, 4, 4, 2]|[0, 2, 0, 1, 3, 0, 1, 3, 0, 0, 2, 0, 1, 0, 1, 0, 0, 0, 1, 0, 0, 2, 0, 0, 1, 0, 0, 3, 0, 1, 0, 2, 0, 0, 3, 0, 1, 3, 1, 0, 0, 1, 1, 3, 0, 0, 1, 0, 2, 0, 0, 0, 0, 0, 1, 0, 0, 0, 1, 1, 0, 2, 0, 0, 0, 1, 2, 1, 1, 0, 0, 0, 1, 0, 0, 2, 1, 0, 3, 0, 0, 2, 0, 0, 0, 0, 0, 0, 0, 1, 0, 0, 1, 0, 0, 3, 0, 2, 1, 1],925.5460401916771,54132.153139971764,119192.7540682288,true
5,G2_TEC,G2_TEC,[31, 22, 82, 15, 26, 9, 95, 42, 77, 4, 47, 5, 93, 78, 86, 54, 85, 63, 18, 44, 20, 49, 36, 14, 74, 50, 53, 17, 21, 45, 71, 64, 3, 23, 30, 83, 24, 41, 60, 52, 65, 27, 90, 70, 39, 87, 48, 69, 99, 68, 46, 1, 38, 58, 97, 59, 28, 8, 73, 37, 35, 79, 11, 66, 76, 57, 72, 16, 92, 6, 80, 61, 33, 98, 32, 34, 51, 67, 10, 7, 56, 43, 62, 19, 91, 13, 29, 96, 94, 81, 84, 40, 88, 55, 75, 25, 12, 0, 89, 2]|[2, 1, 2, 1, 1, 2, 1, 1, 1, 1, 1, 0, 2, 2, 1, 2, 0, 0, 0, 2, 2, 1, 0, 2, 0, 2, 2, 1, 0, 1, 1, 1, 0, 0, 1, 0, 2, 1, 2, 2, 0, 1, 1, 1, 0, 2, 0, 2, 1, 0, 0, 2, 2, 0, 2, 0, 2, 1, 0, 0, 2, 1, 0, 2, 2, 1, 1, 1, 0, 1, 2, 1, 1, 0, 0, 1, 0, 0, 1, 2, 2, 1, 0, 2, 1, 0, 1, 0, 1, 1, 0, 2, 1, 0, 0, 1, 1, 0, 1, 2]|[0, 3, 0, 2, 4, 1, 4, 4, 2, 4, 3, 2, 1, 0, 2, 1, 1, 1, 2, 1, 2, 3, 0, 1, 0, 1, 1, 4, 1, 0, 3, 2, 2, 0, 4, 1, 1, 4, 0, 1, 2, 2, 4, 4, 1, 1, 0, 2, 3, 1, 2, 1, 2, 1, 1, 2, 0, 3, 0, 2, 2, 3, 1, 0, 1, 4, 4, 0, 0, 4, 1, 3, 4, 1, 2, 4, 0, 1, 3, 1, 0, 4, 2, 0, 3, 2, 3, 2, 4, 1, 2, 0, 4, 2, 2, 4, 3, 2, 4, 1]|[0, 2, 0, 1, 3, 0, 1, 3, 0, 0, 2, 0, 1, 0, 1, 0, 0, 0, 1, 0, 0, 2, 0, 0, 1, 0, 0, 3, 0, 1, 0, 2, 0, 0, 3, 0, 1, 3, 1, 0, 0, 1, 1, 3, 0, 0, 1, 0, 2, 0, 0, 0, 0, 0, 1, 0, 0, 0, 1, 1, 0, 2, 0, 0, 0, 1, 2, 1, 1, 2, 0, 0, 1, 0, 0, 2, 0, 0, 3, 0, 0, 2, 1, 0, 0, 0, 0, 0, 2, 1, 1, 0, 1, 0, 0, 3, 0, 0, 1, 0],881.4638349230657,54042.855127685005,122716.37488162471,false
5,G3_TWC,G3_TWC,[31, 22, 82, 15, 26, 9, 95, 42, 77, 12, 47, 5, 93, 78, 86, 54, 85, 63, 18, 44, 20, 35, 43, 97, 91, 76, 10, 30, 21, 45, 71, 64, 1, 23, 17, 83, 24, 41, 60, 36, 6, 57, 40, 88, 65, 56, 79, 69, 67, 68, 46, 75, 38, 58, 19, 32, 81, 48, 27, 62, 87, 90, 99, 59, 11, 16, 72, 73, 70, 39, 37, 84, 3, 92, 25, 55, 28, 51, 29, 7, 33, 61, 98, 14, 89, 50, 66, 96, 80, 53, 8, 2, 34, 4, 52, 49, 0, 94, 74, 13]|[1, 1, 0, 1, 1, 0, 1, 2, 2, 1, 2, 2, 2, 1, 0, 0, 0, 1, 0, 2, 2, 0, 1, 2, 0, 1, 2, 2, 0, 0, 1, 2, 1, 0, 1, 0, 2, 0, 1, 1, 0, 1, 1, 1, 0, 2, 2, 2, 0, 0, 0, 0, 1, 1, 2, 1, 2, 1, 0, 0, 2, 1, 0, 1, 2, 1, 2, 1, 1, 1, 1, 1, 1, 0, 1, 1, 0, 0, 0, 1, 0, 1, 0, 0, 1, 0, 2, 0, 0, 0, 1, 0, 2, 1, 2, 0, 0, 1, 1, 0]|[4, 3, 2, 2, 4, 1, 2, 2, 2, 4, 0, 1, 2, 4, 1, 1, 2, 4, 2, 1, 1, 1, 1, 2, 1, 2, 1, 1, 1, 1, 3, 2, 3, 0, 4, 0, 1, 1, 0, 3, 2, 2, 2, 0, 1, 1, 1, 2, 0, 1, 2, 2, 1, 0, 0, 3, 2, 4, 1, 2, 2, 3, 1, 1, 1, 3, 0, 4, 3, 1, 4, 1, 1, 0, 4, 4, 2, 1, 1, 1, 2, 3, 1, 1, 1, 1, 1, 1, 1, 2, 3, 2, 1, 4, 1, 1, 2, 4, 3, 2]|[0, 2, 1, 1, 3, 0, 1, 0, 0, 0, 0, 0, 1, 0, 0, 0, 0, 3, 1, 0, 0, 0, 3, 1, 0, 2, 0, 0, 0, 1, 0, 0, 0, 0, 3, 0, 1, 0, 0, 2, 1, 1, 1, 0, 0, 0, 0, 0, 1, 0, 0, 0, 1, 3, 0, 0, 1, 2, 0, 1, 0, 2, 0, 1, 0, 2, 1, 0, 0, 1, 1, 3, 1, 1, 3, 3, 1, 0, 0, 2, 1, 0, 0, 0, 1, 0, 0, 0, 0, 1, 2, 0, 0, 0, 0, 1, 0, 2, 0, 0],868.8091742880855,57060.49302920472,101221.3843147768,false
5,G1_CMAX,G3_TWC,[31, 22, 82, 15, 26, 9, 95, 42, 77, 12, 47, 5, 93, 78, 86, 54, 85, 63, 18, 44, 20, 35, 43, 97, 91, 76, 10, 30, 21, 45, 71, 64, 1, 23, 17, 83, 24, 41, 60, 36, 6, 57, 11, 88, 65, 56, 79, 69, 67, 68, 46, 75, 38, 58, 19, 32, 81, 48, 27, 62, 87, 90, 99, 59, 40, 16, 72, 73, 70, 39, 37, 84, 80, 92, 25, 55, 28, 51, 29, 7, 33, 61, 96, 14, 4, 50, 66, 98, 3, 53, 8, 2, 34, 89, 52, 49, 0, 94, 74, 13]|[1, 1, 0, 1, 1, 0, 1, 2, 2, 1, 2, 2, 2, 1, 1, 0, 0, 1, 0, 2, 2, 0, 1, 2, 0, 1, 2, 2, 0, 0, 1, 2, 1, 2, 1, 0, 2, 0, 1, 1, 0, 1, 2, 1, 0, 2, 2, 2, 0, 0, 0, 0, 1, 1, 2, 1, 2, 1, 0, 0, 2, 1, 0, 1, 2, 1, 2, 1, 1, 1, 1, 1, 0, 0, 1, 1, 0, 0, 0, 1, 0, 1, 0, 0, 1, 0, 2, 0, 1, 0, 1, 0, 2, 1, 2, 0, 0, 1, 2, 0]|[4, 3, 2, 2, 4, 1, 2, 2, 2, 4, 0, 1, 2, 4, 4, 1, 2, 4, 2, 1, 1, 1, 1, 2, 1, 2, 1, 1, 1, 1, 3, 2, 3, 0, 4, 0, 1, 1, 0, 3, 2, 2, 1, 0, 1, 1, 1, 2, 0, 1, 2, 2, 1, 0, 0, 3, 2, 4, 1, 2, 2, 3, 1, 1, 1, 3, 0, 4, 3, 1, 4, 1, 1, 0, 4, 4, 2, 1, 1, 1, 2, 3, 1, 1, 4, 1, 0, 1, 1, 2, 3, 2, 1, 1, 1, 1, 2, 4, 1, 2]|[0, 2, 1, 1, 3, 0, 1, 0, 0, 0, 0, 0, 1, 0, 1, 0, 0, 3, 1, 0, 0, 0, 3, 1, 0, 2, 0, 0, 0, 1, 0, 0, 0, 0, 3, 0, 1, 0, 0, 2, 1, 1, 0, 0, 0, 0, 0, 0, 1, 0, 0, 0, 1, 3, 0, 0, 1, 2, 0, 1, 0, 2, 0, 1, 0, 2, 1, 0, 0, 1, 1, 3, 0, 1, 3, 3, 1, 0, 0, 2, 1, 0, 0, 0, 0, 0, 0, 0, 1, 1, 2, 0, 0, 1, 0, 1, 0, 2, 0, 0],806.1469559176064,57087.215890916006,103229.40171982482,true
5,G4_BALANCED,G4_BALANCED,[31, 22, 82, 15, 26, 9, 90, 42, 77, 4, 47, 5, 93, 78, 86, 54, 85, 63, 18, 44, 20, 49, 36, 14, 48, 50, 53, 17, 21, 45, 71, 64, 3, 23, 30, 83, 24, 41, 60, 52, 65, 27, 95, 70, 39, 87, 74, 69, 99, 68, 46, 1, 38, 58, 97, 59, 28, 8, 73, 37, 35, 79, 11, 66, 76, 57, 72, 16, 92, 6, 80, 61, 33, 98, 32, 34, 62, 67, 10, 7, 19, 43, 51, 56, 91, 13, 29, 96, 0, 81, 2, 40, 88, 55, 75, 89, 12, 94, 25, 84]|[2, 1, 2, 1, 1, 2, 1, 1, 1, 1, 1, 0, 2, 2, 1, 2, 0, 0, 0, 2, 2, 1, 0, 2, 2, 2, 2, 1, 0, 1, 1, 1, 0, 0, 1, 0, 2, 1, 2, 2, 0, 1, 1, 1, 0, 1, 0, 2, 1, 0, 0, 2, 2, 0, 2, 0, 2, 1, 0, 0, 2, 1, 0, 2, 2, 0, 1, 1, 0, 1, 0, 1, 1, 0, 0, 1, 0, 0, 1, 2, 2, 2, 0, 0, 1, 0, 1, 0, 0, 1, 2, 2, 1, 1, 2, 1, 1, 1, 1, 0]|[0, 3, 0, 2, 4, 1, 4, 4, 2, 4, 3, 2, 1, 0, 2, 1, 1, 1, 2, 1, 2, 3, 0, 1, 0, 1, 1, 4, 1, 0, 3, 2, 2, 0, 4, 1, 1, 4, 0, 1, 2, 2, 4, 4, 1, 0, 0, 2, 3, 1, 2, 1, 2, 1, 1, 2, 0, 3, 0, 2, 2, 3, 1, 0, 1, 0, 4, 0, 0, 4, 1, 3, 4, 1, 2, 4, 2, 1, 3, 1, 0, 1, 0, 2, 3, 2, 3, 2, 2, 1, 1, 0, 4, 3, 2, 4, 3, 4, 4, 1]|[0, 2, 0, 1, 3, 0, 1, 3, 0, 0, 2, 0, 1, 0, 1, 0, 0, 0, 1, 0, 0, 2, 0, 0, 0, 0, 0, 3, 0, 1, 0, 2, 0, 0, 3, 0, 1, 3, 1, 0, 0, 1, 1, 3, 0, 0, 1, 0, 2, 0, 0, 0, 0, 0, 1, 0, 0, 0, 1, 1, 0, 2, 0, 0, 0, 1, 2, 1, 1, 2, 0, 0, 1, 0, 0, 2, 1, 0, 3, 0, 0, 0, 0, 1, 0, 0, 0, 0, 0, 1, 0, 0, 1, 0, 1, 1, 0, 2, 3, 0],859.3258246690137,55284.01110282602,121587.07642727022,false
5,G2_TEC,G2_TEC,[31, 22, 82, 15, 26, 9, 95, 42, 77, 4, 47, 5, 93, 78, 86, 54, 85, 63, 18, 44, 20, 49, 36, 14, 74, 50, 53, 17, 21, 45, 71, 64, 3, 23, 30, 83, 24, 41, 60, 52, 65, 27, 90, 70, 39, 87, 48, 69, 99, 68, 46, 1, 38, 58, 97, 59, 28, 8, 73, 37, 35, 79, 11, 66, 76, 57, 72, 16, 92, 6, 80, 61, 33, 98, 32, 34, 51, 67, 10, 7, 56, 43, 62, 19, 91, 13, 29, 96, 94, 81, 84, 40, 88, 55, 75, 25, 12, 0, 89, 2]|[2, 1, 2, 1, 1, 2, 1, 1, 1, 1, 1, 0, 2, 2, 1, 2, 0, 0, 0, 2, 2, 1, 0, 2, 0, 2, 2, 1, 0, 1, 1, 1, 0, 0, 1, 0, 2, 1, 2, 2, 0, 1, 1, 1, 0, 2, 0, 2, 1, 0, 0, 2, 2, 0, 2, 0, 2, 1, 0, 0, 2, 1, 0, 2, 2, 1, 1, 1, 0, 1, 2, 1, 1, 0, 0, 1, 0, 0, 1, 2, 2, 1, 0, 2, 1, 0, 1, 0, 1, 1, 0, 2, 1, 0, 0, 1, 1, 0, 1, 2]|[0, 3, 0, 2, 4, 1, 4, 4, 2, 4, 3, 2, 1, 0, 2, 1, 1, 1, 2, 1, 2, 3, 0, 1, 0, 1, 1, 4, 1, 0, 3, 2, 2, 0, 4, 1, 1, 4, 0, 1, 2, 2, 4, 4, 1, 1, 0, 2, 3, 1, 2, 1, 2, 1, 1, 2, 0, 3, 0, 2, 2, 3, 1, 0, 1, 4, 4, 0, 0, 4, 1, 3, 4, 1, 2, 4, 0, 1, 3, 1, 0, 4, 2, 0, 3, 2, 3, 2, 4, 1, 2, 0, 4, 2, 2, 4, 3, 2, 4, 1]|[0, 2, 0, 1, 3, 0, 1, 3, 0, 0, 2, 0, 1, 0, 1, 0, 0, 0, 1, 0, 0, 2, 0, 0, 1, 0, 0, 3, 0, 1, 0, 2, 0, 0, 3, 0, 1, 3, 1, 0, 0, 1, 1, 3, 0, 0, 1, 0, 2, 0, 0, 0, 0, 0, 1, 0, 0, 0, 1, 1, 0, 2, 0, 0, 0, 1, 2, 1, 1, 2, 0, 0, 1, 0, 0, 2, 0, 0, 3, 0, 0, 2, 1, 0, 0, 0, 0, 0, 2, 1, 1, 0, 1, 0, 0, 3, 0, 0, 1, 0],881.4638349230657,54042.855127685005,122716.37488162471,false
5,G3_TWC,G3_TWC,[31, 22, 82, 15, 26, 9, 95, 42, 77, 12, 47, 5, 93, 78, 86, 54, 85, 63, 18, 44, 20, 35, 43, 97, 91, 76, 10, 30, 21, 45, 71, 64, 1, 23, 17, 83, 24, 41, 60, 36, 6, 57, 40, 88, 65, 56, 79, 69, 67, 68, 46, 75, 38, 58, 19, 32, 81, 48, 27, 62, 87, 90, 99, 59, 11, 16, 72, 73, 70, 39, 37, 84, 3, 92, 25, 55, 28, 51, 29, 7, 33, 61, 98, 14, 89, 50, 66, 96, 80, 53, 8, 2, 34, 4, 52, 49, 0, 94, 74, 13]|[1, 1, 0, 1, 1, 0, 1, 2, 2, 1, 2, 2, 2, 1, 0, 0, 0, 1, 0, 2, 2, 0, 1, 2, 0, 1, 2, 2, 0, 0, 1, 2, 1, 0, 1, 0, 2, 0, 1, 1, 0, 1, 1, 1, 0, 2, 2, 2, 0, 0, 0, 0, 1, 1, 2, 1, 2, 1, 0, 0, 2, 1, 0, 1, 2, 1, 2, 1, 1, 1, 1, 1, 1, 0, 1, 1, 0, 0, 0, 1, 0, 1, 0, 0, 1, 0, 2, 0, 0, 0, 1, 0, 2, 1, 2, 0, 0, 1, 1, 0]|[4, 3, 2, 2, 4, 1, 2, 2, 2, 4, 0, 1, 2, 4, 1, 1, 2, 4, 2, 1, 1, 1, 1, 2, 1, 2, 1, 1, 1, 1, 3, 2, 3, 0, 4, 0, 1, 1, 0, 3, 2, 2, 2, 0, 1, 1, 1, 2, 0, 1, 2, 2, 1, 0, 0, 3, 2, 4, 1, 2, 2, 3, 1, 1, 1, 3, 0, 4, 3, 1, 4, 1, 1, 0, 4, 4, 2, 1, 1, 1, 2, 3, 1, 1, 1, 1, 1, 1, 1, 2, 3, 2, 1, 4, 1, 1, 2, 4, 3, 2]|[0, 2, 1, 1, 3, 0, 1, 0, 0, 0, 0, 0, 1, 0, 0, 0, 0, 3, 1, 0, 0, 0, 3, 1, 0, 2, 0, 0, 0, 1, 0, 0, 0, 0, 3, 0, 1, 0, 0, 2, 1, 1, 1, 0, 0, 0, 0, 0, 1, 0, 0, 0, 1, 3, 0, 0, 1, 2, 0, 1, 0, 2, 0, 1, 0, 2, 1, 0, 0, 1, 1, 3, 1, 1, 3, 3, 1, 0, 0, 2, 1, 0, 0, 0, 1, 0, 0, 0, 0, 1, 2, 0, 0, 0, 0, 1, 0, 2, 0, 0],868.8091742880855,57060.49302920472,101221.3843147768,false
5,G1_CMAX,G4_BALANCED,[31, 22, 82, 15, 73, 9, 95, 42, 77, 12, 47, 98, 93, 78, 86, 54, 85, 63, 18, 44, 20, 35, 43, 97, 37, 76, 10, 30, 21, 45, 71, 64, 1, 23, 17, 83, 24, 41, 60, 36, 6, 57, 40, 88, 65, 56, 79, 69, 67, 68, 46, 75, 38, 58, 19, 32, 81, 48, 27, 39, 87, 90, 99, 59, 11, 16, 72, 26, 70, 89, 96, 84, 3, 92, 25, 55, 28, 51, 29, 7, 91, 74, 5, 33, 62, 50, 66, 8, 80, 53, 14, 2, 34, 4, 52, 49, 0, 94, 61, 13]|[1, 1, 0, 1, 1, 0, 1, 2, 2, 1, 2, 2, 2, 1, 1, 0, 0, 0, 0, 2, 2, 0, 1, 2, 0, 1, 2, 2, 0, 0, 1, 2, 1, 2, 1, 0, 2, 1, 1, 1, 0, 1, 1, 1, 0, 2, 1, 2, 0, 0, 0, 0, 1, 1, 2, 1, 2, 1, 0, 1, 2, 1, 0, 1, 2, 1, 2, 1, 1, 1, 1, 1, 1, 0, 1, 1, 1, 0, 0, 1, 0, 2, 2, 0, 0, 0, 2, 1, 0, 0, 0, 0, 2, 1, 2, 0, 0, 1, 1, 0]|[4, 3, 2, 2, 4, 1, 2, 2, 1, 4, 0, 1, 2, 4, 4, 1, 2, 1, 2, 1, 1, 1, 1, 2, 1, 2, 1, 1, 1, 1, 3, 2, 3, 0, 4, 0, 1, 4, 0, 3, 2, 2, 2, 0, 1, 1, 0, 2, 0, 1, 2, 2, 1, 4, 0, 3, 1, 4, 1, 1, 2, 3, 1, 1, 1, 3, 0, 4, 3, 1, 3, 1, 1, 0, 4, 4, 4, 1, 1, 1, 1, 0, 1, 2, 2, 1, 0, 3, 1, 2, 1, 2, 1, 4, 1, 1, 2, 4, 1, 2]|[0, 2, 1, 1, 3, 0, 1, 0, 0, 0, 0, 0, 1, 0, 1, 0, 0, 0, 1, 0, 0, 0, 3, 1, 0, 2, 0, 0, 0, 1, 0, 0, 0, 0, 3, 0, 1, 3, 0, 2, 1, 1, 1, 0, 0, 0, 0, 0, 1, 0, 0, 0, 1, 3, 0, 0, 0, 2, 0, 1, 0, 2, 0, 1, 0, 2, 1, 0, 0, 1, 2, 3, 1, 1, 3, 3, 1, 0, 0, 2, 0, 0, 0, 1, 1, 0, 0, 2, 0, 1, 0, 0, 0, 0, 0, 1, 0, 2, 3, 0],801.3187996866799,56926.15632660228,107760.52172589168,true
5,G4_BALANCED,G4_BALANCED,[31, 22, 82, 15, 26, 9, 90, 42, 77, 4, 47, 5, 93, 78, 86, 54, 85, 63, 18, 44, 20, 49, 36, 14, 48, 50, 53, 17, 21, 45, 71, 64, 3, 23, 30, 83, 24, 41, 60, 52, 65, 27, 95, 70, 39, 87, 74, 69, 99, 68, 46, 1, 38, 58, 97, 59, 28, 8, 73, 37, 35, 79, 11, 66, 76, 57, 72, 16, 92, 6, 80, 61, 33, 98, 32, 34, 62, 67, 10, 7, 19, 43, 51, 56, 91, 13, 29, 96, 0, 81, 2, 40, 88, 55, 75, 89, 12, 94, 25, 84]|[2, 1, 2, 1, 1, 2, 1, 1, 1, 1, 1, 0, 2, 2, 1, 2, 0, 0, 0, 2, 2, 1, 0, 2, 2, 2, 2, 1, 0, 1, 1, 1, 0, 0, 1, 0, 2, 1, 2, 2, 0, 1, 1, 1, 0, 1, 0, 2, 1, 0, 0, 2, 2, 0, 2, 0, 2, 1, 0, 0, 2, 1, 0, 2, 2, 0, 1, 1, 0, 1, 0, 1, 1, 0, 0, 1, 0, 0, 1, 2, 2, 2, 0, 0, 1, 0, 1, 0, 0, 1, 2, 2, 1, 1, 2, 1, 1, 1, 1, 0]|[0, 3, 0, 2, 4, 1, 4, 4, 2, 4, 3, 2, 1, 0, 2, 1, 1, 1, 2, 1, 2, 3, 0, 1, 0, 1, 1, 4, 1, 0, 3, 2, 2, 0, 4, 1, 1, 4, 0, 1, 2, 2, 4, 4, 1, 0, 0, 2, 3, 1, 2, 1, 2, 1, 1, 2, 0, 3, 0, 2, 2, 3, 1, 0, 1, 0, 4, 0, 0, 4, 1, 3, 4, 1, 2, 4, 2, 1, 3, 1, 0, 1, 0, 2, 3, 2, 3, 2, 2, 1, 1, 0, 4, 3, 2, 4, 3, 4, 4, 1]|[0, 2, 0, 1, 3, 0, 1, 3, 0, 0, 2, 0, 1, 0, 1, 0, 0, 0, 1, 0, 0, 2, 0, 0, 0, 0, 0, 3, 0, 1, 0, 2, 0, 0, 3, 0, 1, 3, 1, 0, 0, 1, 1, 3, 0, 0, 1, 0, 2, 0, 0, 0, 0, 0, 1, 0, 0, 0, 1, 1, 0, 2, 0, 0, 0, 1, 2, 1, 1, 2, 0, 0, 1, 0, 0, 2, 1, 0, 3, 0, 0, 0, 0, 1, 0, 0, 0, 0, 0, 1, 0, 0, 1, 0, 1, 1, 0, 2, 3, 0],859.3258246690137,55284.01110282602,121587.07642727022,false
5,G2_TEC,G2_TEC,[31, 22, 82, 15, 26, 9, 95, 42, 77, 4, 47, 5, 93, 78, 86, 54, 85, 63, 18, 44, 20, 49, 36, 14, 74, 50, 53, 17, 21, 45, 71, 64, 3, 23, 30, 83, 24, 41, 60, 52, 65, 27, 90, 70, 39, 87, 48, 69, 99, 68, 46, 1, 38, 58, 97, 59, 28, 8, 73, 37, 35, 79, 11, 66, 76, 57, 72, 16, 92, 6, 80, 61, 33, 98, 32, 34, 51, 67, 10, 7, 56, 43, 62, 19, 91, 13, 29, 96, 94, 81, 84, 40, 88, 55, 75, 25, 12, 0, 89, 2]|[2, 1, 2, 1, 1, 2, 1, 1, 1, 1, 1, 0, 2, 2, 1, 2, 0, 0, 0, 2, 2, 1, 0, 2, 0, 2, 2, 1, 0, 1, 1, 1, 0, 0, 1, 0, 2, 1, 2, 2, 0, 1, 1, 1, 0, 2, 0, 2, 1, 0, 0, 2, 2, 0, 2, 0, 2, 1, 0, 0, 2, 1, 0, 2, 2, 1, 1, 1, 0, 1, 2, 1, 1, 0, 0, 1, 0, 0, 1, 2, 2, 1, 0, 2, 1, 0, 1, 0, 1, 1, 0, 2, 1, 0, 0, 1, 1, 0, 1, 2]|[0, 3, 0, 2, 4, 1, 4, 4, 2, 4, 3, 2, 1, 0, 2, 1, 1, 1, 2, 1, 2, 3, 0, 1, 0, 1, 1, 4, 1, 0, 3, 2, 2, 0, 4, 1, 1, 4, 0, 1, 2, 2, 4, 4, 1, 1, 0, 2, 3, 1, 2, 1, 2, 1, 1, 2, 0, 3, 0, 2, 2, 3, 1, 0, 1, 4, 4, 0, 0, 4, 1, 3, 4, 1, 2, 4, 0, 1, 3, 1, 0, 4, 2, 0, 3, 2, 3, 2, 4, 1, 2, 0, 4, 2, 2, 4, 3, 2, 4, 1]|[0, 2, 0, 1, 3, 0, 1, 3, 0, 0, 2, 0, 1, 0, 1, 0, 0, 0, 1, 0, 0, 2, 0, 0, 1, 0, 0, 3, 0, 1, 0, 2, 0, 0, 3, 0, 1, 3, 1, 0, 0, 1, 1, 3, 0, 0, 1, 0, 2, 0, 0, 0, 0, 0, 1, 0, 0, 0, 1, 1, 0, 2, 0, 0, 0, 1, 2, 1, 1, 2, 0, 0, 1, 0, 0, 2, 0, 0, 3, 0, 0, 2, 1, 0, 0, 0, 0, 0, 2, 1, 1, 0, 1, 0, 0, 3, 0, 0, 1, 0],881.4638349230657,54042.855127685005,122716.37488162471,false
5,G3_TWC,G3_TWC,[31, 22, 82, 15, 26, 9, 95, 42, 77, 12, 47, 5, 93, 78, 86, 54, 85, 63, 18, 44, 20, 35, 43, 97, 91, 76, 10, 30, 21, 45, 71, 64, 1, 23, 17, 83, 24, 41, 60, 36, 6, 57, 40, 88, 65, 56, 79, 69, 67, 68, 46, 75, 38, 58, 19, 32, 81, 48, 27, 62, 87, 90, 99, 59, 11, 16, 72, 73, 70, 39, 37, 84, 3, 92, 25, 55, 28, 51, 29, 7, 33, 61, 98, 14, 89, 50, 66, 96, 80, 53, 8, 2, 34, 4, 52, 49, 0, 94, 74, 13]|[1, 1, 0, 1, 1, 0, 1, 2, 2, 1, 2, 2, 2, 1, 0, 0, 0, 1, 0, 2, 2, 0, 1, 2, 0, 1, 2, 2, 0, 0, 1, 2, 1, 0, 1, 0, 2, 0, 1, 1, 0, 1, 1, 1, 0, 2, 2, 2, 0, 0, 0, 0, 1, 1, 2, 1, 2, 1, 0, 0, 2, 1, 0, 1, 2, 1, 2, 1, 1, 1, 1, 1, 1, 0, 1, 1, 0, 0, 0, 1, 0, 1, 0, 0, 1, 0, 2, 0, 0, 0, 1, 0, 2, 1, 2, 0, 0, 1, 1, 0]|[4, 3, 2, 2, 4, 1, 2, 2, 2, 4, 0, 1, 2, 4, 1, 1, 2, 4, 2, 1, 1, 1, 1, 2, 1, 2, 1, 1, 1, 1, 3, 2, 3, 0, 4, 0, 1, 1, 0, 3, 2, 2, 2, 0, 1, 1, 1, 2, 0, 1, 2, 2, 1, 0, 0, 3, 2, 4, 1, 2, 2, 3, 1, 1, 1, 3, 0, 4, 3, 1, 4, 1, 1, 0, 4, 4, 2, 1, 1, 1, 2, 3, 1, 1, 1, 1, 1, 1, 1, 2, 3, 2, 1, 4, 1, 1, 2, 4, 3, 2]|[0, 2, 1, 1, 3, 0, 1, 0, 0, 0, 0, 0, 1, 0, 0, 0, 0, 3, 1, 0, 0, 0, 3, 1, 0, 2, 0, 0, 0, 1, 0, 0, 0, 0, 3, 0, 1, 0, 0, 2, 1, 1, 1, 0, 0, 0, 0, 0, 1, 0, 0, 0, 1, 3, 0, 0, 1, 2, 0, 1, 0, 2, 0, 1, 0, 2, 1, 0, 0, 1, 1, 3, 1, 1, 3, 3, 1, 0, 0, 2, 1, 0, 0, 0, 1, 0, 0, 0, 0, 1, 2, 0, 0, 0, 0, 1, 0, 2, 0, 0],868.8091742880855,57060.49302920472,101221.3843147768,false
5,G1_CMAX,G3_TWC,[31, 22, 82, 15, 26, 9, 95, 42, 77, 12, 47, 5, 93, 78, 86, 54, 85, 63, 18, 44, 20, 35, 43, 97, 91, 76, 10, 30, 21, 45, 71, 64, 1, 23, 17, 83, 24, 41, 60, 36, 6, 57, 40, 88, 65, 56, 79, 69, 67, 68, 46, 75, 38, 58, 19, 32, 81, 48, 27, 62, 87, 90, 99, 59, 11, 16, 72, 73, 70, 39, 37, 84, 80, 92, 25, 55, 28, 51, 29, 7, 33, 61, 96, 14, 4, 50, 66, 98, 3, 53, 8, 2, 34, 89, 52, 49, 0, 94, 74, 13]|[1, 1, 0, 1, 1, 0, 1, 2, 2, 1, 2, 2, 2, 1, 1, 0, 0, 1, 0, 2, 2, 0, 1, 2, 0, 1, 2, 2, 0, 0, 1, 2, 1, 0, 1, 0, 2, 0, 1, 1, 0, 1, 1, 1, 0, 2, 2, 2, 0, 0, 0, 0, 1, 1, 2, 1, 2, 1, 0, 0, 2, 1, 0, 1, 2, 1, 2, 1, 1, 1, 1, 2, 0, 0, 1, 1, 0, 0, 0, 1, 0, 1, 0, 0, 1, 0, 2, 0, 1, 0, 1, 0, 2, 1, 2, 0, 0, 1, 2, 0]|[4, 3, 2, 2, 4, 1, 2, 2, 2, 4, 0, 1, 2, 4, 4, 1, 2, 4, 2, 1, 1, 1, 1, 2, 1, 2, 1, 1, 1, 1, 3, 2, 3, 0, 4, 0, 1, 1, 0, 3, 2, 2, 2, 0, 1, 1, 1, 2, 0, 1, 2, 2, 1, 0, 0, 3, 2, 4, 1, 2, 2, 3, 1, 1, 1, 3, 0, 4, 3, 1, 4, 1, 1, 0, 4, 4, 2, 1, 1, 1, 2, 3, 1, 1, 4, 1, 0, 1, 1, 2, 3, 2, 1, 1, 1, 1, 2, 4, 1, 2]|[0, 2, 1, 1, 3, 0, 1, 0, 0, 0, 0, 0, 1, 0, 1, 0, 0, 3, 1, 0, 0, 0, 3, 1, 0, 2, 0, 0, 0, 1, 0, 0, 0, 0, 3, 0, 1, 0, 0, 2, 1, 1, 1, 0, 0, 0, 0, 0, 1, 0, 0, 0, 1, 3, 0, 0, 1, 2, 0, 1, 0, 2, 0, 1, 0, 2, 1, 0, 0, 1, 1, 0, 0, 1, 3, 3, 1, 0, 0, 2, 1, 0, 0, 0, 0, 0, 0, 0, 1, 1, 2, 0, 0, 1, 0, 1, 0, 2, 0, 0],839.2265432193287,56849.22991634524,102080.68567002763,true
5,G4_BALANCED,G4_BALANCED,[31, 22, 82, 15, 26, 9, 90, 42, 77, 4, 47, 5, 93, 78, 86, 54, 85, 63, 18, 44, 20, 49, 36, 14, 48, 50, 53, 17, 21, 45, 71, 64, 3, 23, 30, 83, 24, 41, 60, 52, 65, 27, 95, 70, 39, 87, 74, 69, 99, 68, 46, 1, 38, 58, 97, 59, 28, 8, 73, 37, 35, 79, 11, 66, 76, 57, 72, 16, 92, 6, 80, 61, 33, 98, 32, 34, 62, 67, 10, 7, 19, 43, 51, 56, 91, 13, 29, 96, 0, 81, 2, 40, 88, 55, 75, 89, 12, 94, 25, 84]|[2, 1, 2, 1, 1, 2, 1, 1, 1, 1, 1, 0, 2, 2, 1, 2, 0, 0, 0, 2, 2, 1, 0, 2, 2, 2, 2, 1, 0, 1, 1, 1, 0, 0, 1, 0, 2, 1, 2, 2, 0, 1, 1, 1, 0, 1, 0, 2, 1, 0, 0, 2, 2, 0, 2, 0, 2, 1, 0, 0, 2, 1, 0, 2, 2, 0, 1, 1, 0, 1, 0, 1, 1, 0, 0, 1, 0, 0, 1, 2, 2, 2, 0, 0, 1, 0, 1, 0, 0, 1, 2, 2, 1, 1, 2, 1, 1, 1, 1, 0]|[0, 3, 0, 2, 4, 1, 4, 4, 2, 4, 3, 2, 1, 0, 2, 1, 1, 1, 2, 1, 2, 3, 0, 1, 0, 1, 1, 4, 1, 0, 3, 2, 2, 0, 4, 1, 1, 4, 0, 1, 2, 2, 4, 4, 1, 0, 0, 2, 3, 1, 2, 1, 2, 1, 1, 2, 0, 3, 0, 2, 2, 3, 1, 0, 1, 0, 4, 0, 0, 4, 1, 3, 4, 1, 2, 4, 2, 1, 3, 1, 0, 1, 0, 2, 3, 2, 3, 2, 2, 1, 1, 0, 4, 3, 2, 4, 3, 4, 4, 1]|[0, 2, 0, 1, 3, 0, 1, 3, 0, 0, 2, 0, 1, 0, 1, 0, 0, 0, 1, 0, 0, 2, 0, 0, 0, 0, 0, 3, 0, 1, 0, 2, 0, 0, 3, 0, 1, 3, 1, 0, 0, 1, 1, 3, 0, 0, 1, 0, 2, 0, 0, 0, 0, 0, 1, 0, 0, 0, 1, 1, 0, 2, 0, 0, 0, 1, 2, 1, 1, 2, 0, 0, 1, 0, 0, 2, 1, 0, 3, 0, 0, 0, 0, 1, 0, 0, 0, 0, 0, 1, 0, 0, 1, 0, 1, 1, 0, 2, 3, 0],859.3258246690137,55284.01110282602,121587.07642727022,false
5,G2_TEC,G2_TEC,[31, 22, 82, 15, 26, 9, 95, 42, 77, 4, 47, 5, 93, 78, 86, 54, 85, 63, 18, 44, 20, 49, 36, 14, 74, 50, 53, 17, 21, 45, 71, 64, 3, 23, 30, 83, 24, 41, 60, 52, 65, 27, 90, 70, 39, 87, 48, 69, 99, 68, 46, 1, 38, 58, 97, 59, 28, 8, 73, 37, 35, 79, 11, 66, 76, 57, 72, 16, 92, 6, 80, 61, 33, 98, 32, 34, 51, 67, 10, 7, 56, 43, 62, 19, 91, 13, 29, 96, 94, 81, 84, 40, 88, 55, 75, 25, 12, 0, 89, 2]|[2, 1, 2, 1, 1, 2, 1, 1, 1, 1, 1, 0, 2, 2, 1, 2, 0, 0, 0, 2, 2, 1, 0, 2, 0, 2, 2, 1, 0, 1, 1, 1, 0, 0, 1, 0, 2, 1, 2, 2, 0, 1, 1, 1, 0, 2, 0, 2, 1, 0, 0, 2, 2, 0, 2, 0, 2, 1, 0, 0, 2, 1, 0, 2, 2, 1, 1, 1, 0, 1, 2, 1, 1, 0, 0, 1, 0, 0, 1, 2, 2, 1, 0, 2, 1, 0, 1, 0, 1, 1, 0, 2, 1, 0, 0, 1, 1, 0, 1, 2]|[0, 3, 0, 2, 4, 1, 4, 4, 2, 4, 3, 2, 1, 0, 2, 1, 1, 1, 2, 1, 2, 3, 0, 1, 0, 1, 1, 4, 1, 0, 3, 2, 2, 0, 4, 1, 1, 4, 0, 1, 2, 2, 4, 4, 1, 1, 0, 2, 3, 1, 2, 1, 2, 1, 1, 2, 0, 3, 0, 2, 2, 3, 1, 0, 1, 4, 4, 0, 0, 4, 1, 3, 4, 1, 2, 4, 0, 1, 3, 1, 0, 4, 2, 0, 3, 2, 3, 2, 4, 1, 2, 0, 4, 2, 2, 4, 3, 2, 4, 1]|[0, 2, 0, 1, 3, 0, 1, 3, 0, 0, 2, 0, 1, 0, 1, 0, 0, 0, 1, 0, 0, 2, 0, 0, 1, 0, 0, 3, 0, 1, 0, 2, 0, 0, 3, 0, 1, 3, 1, 0, 0, 1, 1, 3, 0, 0, 1, 0, 2, 0, 0, 0, 0, 0, 1, 0, 0, 0, 1, 1, 0, 2, 0, 0, 0, 1, 2, 1, 1, 2, 0, 0, 1, 0, 0, 2, 0, 0, 3, 0, 0, 2, 1, 0, 0, 0, 0, 0, 2, 1, 1, 0, 1, 0, 0, 3, 0, 0, 1, 0],881.4638349230657,54042.855127685005,122716.37488162471,false
5,G3_TWC,G3_TWC,[31, 22, 82, 15, 26, 9, 95, 42, 77, 12, 47, 5, 93, 78, 86, 54, 85, 63, 18, 44, 20, 35, 43, 97, 91, 76, 10, 30, 21, 45, 71, 64, 1, 23, 17, 83, 24, 41, 60, 36, 6, 57, 40, 88, 65, 56, 79, 69, 67, 68, 46, 75, 38, 58, 19, 32, 81, 48, 27, 62, 87, 90, 99, 59, 11, 16, 72, 73, 70, 39, 37, 84, 3, 92, 25, 55, 28, 51, 29, 7, 33, 61, 98, 14, 89, 50, 66, 96, 80, 53, 8, 2, 34, 4, 52, 49, 0, 94, 74, 13]|[1, 1, 0, 1, 1, 0, 1, 2, 2, 1, 2, 2, 2, 1, 0, 0, 0, 1, 0, 2, 2, 0, 1, 2, 0, 1, 2, 2, 0, 0, 1, 2, 1, 0, 1, 0, 2, 0, 1, 1, 0, 1, 1, 1, 0, 2, 2, 2, 0, 0, 0, 0, 1, 1, 2, 1, 2, 1, 0, 0, 2, 1, 0, 1, 2, 1, 2, 1, 1, 1, 1, 1, 1, 0, 1, 1, 0, 0, 0, 1, 0, 1, 0, 0, 1, 0, 2, 0, 0, 0, 1, 0, 2, 1, 2, 0, 0, 1, 1, 0]|[4, 3, 2, 2, 4, 1, 2, 2, 2, 4, 0, 1, 2, 4, 1, 1, 2, 4, 2, 1, 1, 1, 1, 2, 1, 2, 1, 1, 1, 1, 3, 2, 3, 0, 4, 0, 1, 1, 0, 3, 2, 2, 2, 0, 1, 1, 1, 2, 0, 1, 2, 2, 1, 0, 0, 3, 2, 4, 1, 2, 2, 3, 1, 1, 1, 3, 0, 4, 3, 1, 4, 1, 1, 0, 4, 4, 2, 1, 1, 1, 2, 3, 1, 1, 1, 1, 1, 1, 1, 2, 3, 2, 1, 4, 1, 1, 2, 4, 3, 2]|[0, 2, 1, 1, 3, 0, 1, 0, 0, 0, 0, 0, 1, 0, 0, 0, 0, 3, 1, 0, 0, 0, 3, 1, 0, 2, 0, 0, 0, 1, 0, 0, 0, 0, 3, 0, 1, 0, 0, 2, 1, 1, 1, 0, 0, 0, 0, 0, 1, 0, 0, 0, 1, 3, 0, 0, 1, 2, 0, 1, 0, 2, 0, 1, 0, 2, 1, 0, 0, 1, 1, 3, 1, 1, 3, 3, 1, 0, 0, 2, 1, 0, 0, 0, 1, 0, 0, 0, 0, 1, 2, 0, 0, 0, 0, 1, 0, 2, 0, 0],868.8091742880855,57060.49302920472,101221.3843147768,false
5,G1_CMAX,G4_BALANCED,[31, 22, 82, 15, 26, 9, 90, 42, 77, 4, 47, 5, 93, 78, 86, 54, 85, 63, 18, 44, 20, 49, 36, 14, 48, 50, 66, 17, 21, 45, 71, 64, 3, 23, 30, 83, 24, 41, 60, 52, 65, 27, 95, 70, 39, 87, 74, 69, 99, 68, 46, 1, 38, 58, 97, 59, 28, 8, 73, 37, 35, 79, 11, 53, 76, 57, 72, 16, 92, 6, 80, 61, 33, 98, 32, 34, 51, 67, 10, 7, 56, 43, 62, 19, 91, 13, 29, 96, 0, 81, 84, 40, 88, 55, 12, 89, 75, 94, 25, 2]|[2, 1, 2, 1, 1, 2, 1, 1, 1, 1, 1, 0, 2, 2, 1, 2, 0, 0, 0, 2, 2, 1, 0, 2, 0, 2, 2, 1, 0, 1, 1, 1, 0, 0, 1, 0, 2, 1, 2, 2, 0, 1, 1, 1, 0, 2, 0, 2, 1, 0, 0, 2, 2, 0, 2, 0, 2, 1, 0, 0, 2, 1, 0, 2, 2, 0, 1, 1, 0, 0, 2, 1, 1, 0, 0, 1, 0, 0, 1, 2, 2, 1, 0, 2, 1, 0, 1, 0, 0, 1, 0, 2, 1, 0, 1, 1, 0, 1, 1, 2]|[0, 3, 0, 2, 4, 1, 4, 4, 2, 4, 3, 2, 1, 0, 2, 1, 1, 1, 2, 1, 2, 3, 0, 1, 0, 1, 1, 4, 1, 0, 3, 2, 2, 0, 4, 1, 1, 4, 0, 1, 2, 2, 4, 4, 1, 1, 0, 2, 3, 1, 2, 1, 2, 1, 1, 2, 0, 3, 0, 2, 2, 3, 1, 1, 1, 0, 4, 0, 0, 1, 1, 3, 4, 1, 2, 4, 0, 1, 3, 1, 0, 4, 2, 0, 3, 2, 3, 2, 2, 1, 2, 0, 4, 2, 3, 4, 2, 4, 4, 1]|[0, 2, 0, 1, 3, 0, 1, 3, 0, 0, 2, 0, 1, 0, 1, 0, 0, 0, 1, 0, 0, 2, 0, 0, 1, 0, 0, 3, 0, 1, 0, 2, 0, 0, 3, 0, 1, 3, 1, 0, 0, 1, 1, 3, 0, 0, 1, 0, 2, 0, 0, 0, 0, 0, 1, 0, 0, 0, 1, 1, 0, 2, 0, 0, 0, 1, 2, 1, 1, 0, 0, 0, 1, 0, 0, 2, 0, 0, 3, 0, 0, 2, 1, 0, 0, 0, 0, 0, 0, 1, 1, 0, 1, 0, 0, 1, 0, 2, 3, 0],932.4632899476239,54061.525855951426,119758.53902499322,true
5,G4_BALANCED,G4_BALANCED,[31, 22, 82, 15, 26, 9, 90, 42, 77, 4, 47, 5, 93, 78, 86, 54, 85, 63, 18, 44, 20, 49, 36, 14, 48, 50, 53, 17, 21, 45, 71, 64, 3, 23, 30, 83, 24, 41, 60, 52, 65, 27, 95, 70, 39, 87, 74, 69, 99, 68, 46, 1, 38, 58, 97, 59, 28, 8, 73, 37, 35, 79, 11, 66, 76, 57, 72, 16, 92, 6, 80, 61, 33, 98, 32, 34, 62, 67, 10, 7, 19, 43, 51, 56, 91, 13, 29, 96, 0, 81, 2, 40, 88, 55, 75, 89, 12, 94, 25, 84]|[2, 1, 2, 1, 1, 2, 1, 1, 1, 1, 1, 0, 2, 2, 1, 2, 0, 0, 0, 2, 2, 1, 0, 2, 2, 2, 2, 1, 0, 1, 1, 1, 0, 0, 1, 0, 2, 1, 2, 2, 0, 1, 1, 1, 0, 1, 0, 2, 1, 0, 0, 2, 2, 0, 2, 0, 2, 1, 0, 0, 2, 1, 0, 2, 2, 0, 1, 1, 0, 1, 0, 1, 1, 0, 0, 1, 0, 0, 1, 2, 2, 2, 0, 0, 1, 0, 1, 0, 0, 1, 2, 2, 1, 1, 2, 1, 1, 1, 1, 0]|[0, 3, 0, 2, 4, 1, 4, 4, 2, 4, 3, 2, 1, 0, 2, 1, 1, 1, 2, 1, 2, 3, 0, 1, 0, 1, 1, 4, 1, 0, 3, 2, 2, 0, 4, 1, 1, 4, 0, 1, 2, 2, 4, 4, 1, 0, 0, 2, 3, 1, 2, 1, 2, 1, 1, 2, 0, 3, 0, 2, 2, 3, 1, 0, 1, 0, 4, 0, 0, 4, 1, 3, 4, 1, 2, 4, 2, 1, 3, 1, 0, 1, 0, 2, 3, 2, 3, 2, 2, 1, 1, 0, 4, 3, 2, 4, 3, 4, 4, 1]|[0, 2, 0, 1, 3, 0, 1, 3, 0, 0, 2, 0, 1, 0, 1, 0, 0, 0, 1, 0, 0, 2, 0, 0, 0, 0, 0, 3, 0, 1, 0, 2, 0, 0, 3, 0, 1, 3, 1, 0, 0, 1, 1, 3, 0, 0, 1, 0, 2, 0, 0, 0, 0, 0, 1, 0, 0, 0, 1, 1, 0, 2, 0, 0, 0, 1, 2, 1, 1, 2, 0, 0, 1, 0, 0, 2, 1, 0, 3, 0, 0, 0, 0, 1, 0, 0, 0, 0, 0, 1, 0, 0, 1, 0, 1, 1, 0, 2, 3, 0],859.3258246690137,55284.01110282602,121587.07642727022,false
5,G2_TEC,G2_TEC,[31, 22, 82, 15, 26, 9, 95, 42, 77, 4, 47, 5, 93, 78, 86, 54, 85, 63, 18, 44, 20, 49, 36, 14, 74, 50, 53, 17, 21, 45, 71, 64, 3, 23, 30, 83, 24, 41, 60, 52, 65, 27, 90, 70, 39, 87, 48, 69, 99, 68, 46, 1, 38, 58, 97, 59, 28, 8, 73, 37, 35, 79, 11, 66, 76, 57, 72, 16, 92, 6, 80, 61, 33, 98, 32, 34, 51, 67, 10, 7, 56, 43, 62, 19, 91, 13, 29, 96, 94, 81, 84, 40, 88, 55, 75, 25, 12, 0, 89, 2]|[2, 1, 2, 1, 1, 2, 1, 1, 1, 1, 1, 0, 2, 2, 1, 2, 0, 0, 0, 2, 2, 1, 0, 2, 0, 2, 2, 1, 0, 1, 1, 1, 0, 0, 1, 0, 2, 1, 2, 2, 0, 1, 1, 1, 0, 2, 0, 2, 1, 0, 0, 2, 2, 0, 2, 0, 2, 1, 0, 0, 2, 1, 0, 2, 2, 1, 1, 1, 0, 1, 2, 1, 1, 0, 0, 1, 0, 0, 1, 2, 2, 1, 0, 2, 1, 0, 1, 0, 1, 1, 0, 2, 1, 0, 0, 1, 1, 0, 1, 2]|[0, 3, 0, 2, 4, 1, 4, 4, 2, 4, 3, 2, 1, 0, 2, 1, 1, 1, 2, 1, 2, 3, 0, 1, 0, 1, 1, 4, 1, 0, 3, 2, 2, 0, 4, 1, 1, 4, 0, 1, 2, 2, 4, 4, 1, 1, 0, 2, 3, 1, 2, 1, 2, 1, 1, 2, 0, 3, 0, 2, 2, 3, 1, 0, 1, 4, 4, 0, 0, 4, 1, 3, 4, 1, 2, 4, 0, 1, 3, 1, 0, 4, 2, 0, 3, 2, 3, 2, 4, 1, 2, 0, 4, 2, 2, 4, 3, 2, 4, 1]|[0, 2, 0, 1, 3, 0, 1, 3, 0, 0, 2, 0, 1, 0, 1, 0, 0, 0, 1, 0, 0, 2, 0, 0, 1, 0, 0, 3, 0, 1, 0, 2, 0, 0, 3, 0, 1, 3, 1, 0, 0, 1, 1, 3, 0, 0, 1, 0, 2, 0, 0, 0, 0, 0, 1, 0, 0, 0, 1, 1, 0, 2, 0, 0, 0, 1, 2, 1, 1, 2, 0, 0, 1, 0, 0, 2, 0, 0, 3, 0, 0, 2, 1, 0, 0, 0, 0, 0, 2, 1, 1, 0, 1, 0, 0, 3, 0, 0, 1, 0],881.4638349230657,54042.855127685005,122716.37488162471,false
5,G3_TWC,G3_TWC,[31, 22, 82, 15, 26, 9, 95, 42, 77, 12, 47, 5, 93, 78, 86, 54, 85, 63, 18, 44, 20, 35, 43, 97, 91, 76, 10, 30, 21, 45, 71, 64, 1, 23, 17, 83, 24, 41, 60, 36, 6, 57, 40, 88, 65, 56, 79, 69, 67, 68, 46, 75, 38, 58, 19, 32, 81, 48, 27, 62, 87, 90, 99, 59, 11, 16, 72, 73, 70, 39, 37, 84, 3, 92, 25, 55, 28, 51, 29, 7, 33, 61, 98, 14, 89, 50, 66, 96, 80, 53, 8, 2, 34, 4, 52, 49, 0, 94, 74, 13]|[1, 1, 0, 1, 1, 0, 1, 2, 2, 1, 2, 2, 2, 1, 0, 0, 0, 1, 0, 2, 2, 0, 1, 2, 0, 1, 2, 2, 0, 0, 1, 2, 1, 0, 1, 0, 2, 0, 1, 1, 0, 1, 1, 1, 0, 2, 2, 2, 0, 0, 0, 0, 1, 1, 2, 1, 2, 1, 0, 0, 2, 1, 0, 1, 2, 1, 2, 1, 1, 1, 1, 1, 1, 0, 1, 1, 0, 0, 0, 1, 0, 1, 0, 0, 1, 0, 2, 0, 0, 0, 1, 0, 2, 1, 2, 0, 0, 1, 1, 0]|[4, 3, 2, 2, 4, 1, 2, 2, 2, 4, 0, 1, 2, 4, 1, 1, 2, 4, 2, 1, 1, 1, 1, 2, 1, 2, 1, 1, 1, 1, 3, 2, 3, 0, 4, 0, 1, 1, 0, 3, 2, 2, 2, 0, 1, 1, 1, 2, 0, 1, 2, 2, 1, 0, 0, 3, 2, 4, 1, 2, 2, 3, 1, 1, 1, 3, 0, 4, 3, 1, 4, 1, 1, 0, 4, 4, 2, 1, 1, 1, 2, 3, 1, 1, 1, 1, 1, 1, 1, 2, 3, 2, 1, 4, 1, 1, 2, 4, 3, 2]|[0, 2, 1, 1, 3, 0, 1, 0, 0, 0, 0, 0, 1, 0, 0, 0, 0, 3, 1, 0, 0, 0, 3, 1, 0, 2, 0, 0, 0, 1, 0, 0, 0, 0, 3, 0, 1, 0, 0, 2, 1, 1, 1, 0, 0, 0, 0, 0, 1, 0, 0, 0, 1, 3, 0, 0, 1, 2, 0, 1, 0, 2, 0, 1, 0, 2, 1, 0, 0, 1, 1, 3, 1, 1, 3, 3, 1, 0, 0, 2, 1, 0, 0, 0, 1, 0, 0, 0, 0, 1, 2, 0, 0, 0, 0, 1, 0, 2, 0, 0],868.8091742880855,57060.49302920472,101221.3843147768,false
5,G1_CMAX,G1_CMAX,[31, 95, 9, 15, 82, 22, 42, 77, 26, 8, 10, 76, 91, 97, 43, 63, 20, 44, 18, 80, 45, 78, 86, 5, 84, 89, 61, 96, 35, 33, 7, 29, 51, 28, 55, 25, 92, 50, 30, 37, 39, 70, 73, 72, 93, 16, 11, 74, 59, 99, 90, 34, 54, 27, 48, 65, 69, 81, 32, 19, 58, 38, 56, 46, 64, 68, 67, 79, 75, 62, 88, 40, 57, 6, 36, 60, 41, 24, 66, 17, 1, 85, 71, 3, 83, 14, 98, 21, 53, 12, 2, 52, 4, 87, 49, 0, 94, 23, 47, 13]|[1, 1, 0, 1, 0, 0, 2, 2, 1, 1, 2, 1, 0, 1, 0, 2, 2, 2, 0, 0, 0, 1, 1, 2, 2, 1, 1, 1, 1, 2, 1, 1, 0, 1, 1, 1, 0, 0, 2, 0, 1, 1, 1, 2, 2, 1, 2, 2, 1, 0, 1, 2, 0, 0, 1, 1, 2, 2, 1, 0, 1, 1, 2, 0, 0, 0, 0, 1, 1, 1, 1, 2, 1, 0, 1, 1, 1, 2, 2, 2, 0, 0, 1, 1, 1, 2, 0, 0, 0, 1, 0, 2, 0, 2, 0, 0, 1, 2, 2, 0]|[2, 3, 2, 4, 1, 1, 2, 1, 0, 4, 1, 2, 1, 1, 1, 1, 1, 1, 1, 2, 1, 4, 4, 1, 1, 1, 3, 3, 3, 2, 1, 3, 1, 4, 4, 4, 0, 1, 1, 1, 0, 3, 4, 0, 2, 3, 1, 0, 1, 1, 3, 1, 2, 1, 4, 3, 2, 2, 1, 2, 0, 1, 1, 2, 1, 1, 0, 0, 2, 2, 0, 0, 2, 2, 3, 0, 4, 1, 0, 2, 1, 2, 3, 1, 3, 0, 0, 1, 2, 4, 2, 1, 1, 2, 1, 2, 4, 0, 0, 2]|[1, 1, 1, 0, 0, 0, 1, 0, 3, 0, 0, 2, 0, 3, 0, 0, 0, 0, 0, 0, 0, 1, 1, 0, 0, 1, 0, 2, 0, 0, 2, 0, 0, 1, 3, 3, 1, 0, 0, 0, 1, 0, 0, 1, 1, 2, 0, 0, 1, 0, 2, 0, 1, 0, 2, 0, 0, 1, 1, 0, 3, 1, 0, 0, 0, 0, 1, 0, 1, 1, 0, 0, 1, 1, 2, 0, 3, 1, 0, 0, 1, 0, 0, 1, 0, 1, 0, 0, 1, 3, 0, 0, 0, 0, 1, 0, 2, 0, 0, 0],741.0259643952477,59280.645567270396,113268.46410696392,false
5,G4_BALANCED,G4_BALANCED,[31, 22, 82, 15, 26, 9, 90, 42, 77, 4, 79, 5, 93, 78, 86, 54, 85, 63, 18, 44, 20, 49, 36, 14, 48, 50, 53, 17, 21, 95, 71, 64, 3, 23, 30, 83, 24, 41, 60, 52, 65, 27, 45, 70, 89, 87, 74, 69, 99, 68, 46, 1, 38, 32, 97, 59, 28, 8, 73, 37, 35, 47, 11, 66, 76, 57, 72, 16, 92, 6, 80, 61, 33, 12, 58, 34, 62, 67, 10, 7, 39, 43, 51, 19, 91, 13, 29, 96, 94, 81, 84, 40, 88, 55, 75, 25, 98, 0, 56, 2]|[2, 1, 2, 1, 1, 2, 1, 0, 1, 1, 1, 0, 2, 2, 1, 2, 0, 0, 0, 2, 2, 1, 0, 2, 2, 2, 2, 1, 0, 1, 1, 1, 0, 0, 1, 0, 2, 1, 2, 2, 0, 1, 1, 1, 1, 2, 0, 2, 1, 0, 0, 2, 2, 0, 2, 0, 2, 1, 0, 0, 2, 1, 0, 2, 2, 0, 1, 1, 0, 1, 2, 1, 1, 1, 0, 1, 0, 0, 1, 2, 0, 1, 0, 2, 1, 0, 1, 0, 1, 1, 0, 2, 1, 0, 0, 1, 0, 0, 2, 2]|[0, 3, 0, 2, 4, 1, 4, 0, 2, 4, 3, 2, 1, 0, 2, 1, 1, 1, 2, 1, 2, 3, 0, 1, 0, 1, 1, 4, 1, 4, 3, 2, 2, 0, 4, 1, 1, 4, 0, 1, 2, 2, 4, 4, 4, 1, 0, 2, 3, 1, 2, 1, 2, 2, 1, 2, 0, 3, 0, 2, 2, 3, 1, 0, 1, 0, 4, 0, 0, 4, 1, 3, 4, 3, 1, 4, 2, 1, 3, 1, 1, 4, 0, 0, 3, 2, 3, 2, 4, 1, 2, 0, 4, 2, 2, 4, 1, 2, 0, 1]|[0, 2, 0, 1, 3, 0, 1, 0, 0, 0, 2, 0, 1, 0, 1, 0, 0, 0, 1, 0, 0, 2, 0, 0, 0, 0, 0, 3, 0, 1, 0, 2, 0, 0, 3, 0, 1, 3, 1, 0, 0, 1, 1, 3, 1, 0, 1, 0, 2, 0, 0, 0, 0, 0, 1, 0, 0, 0, 1, 1, 0, 2, 0, 0, 0, 1, 2, 1, 1, 2, 0, 0, 1, 0, 0, 2, 1, 0, 3, 0, 0, 2, 0, 0, 0, 0, 0, 0, 2, 1, 1, 0, 1, 0, 0, 3, 0, 0, 0, 0],958.341294482427,53691.98368796511,129041.66342089645,false
5,G2_TEC,G2_TEC,[31, 22, 82, 15, 26, 9, 95, 42, 77, 4, 47, 5, 93, 78, 86, 54, 85, 63, 18, 44, 20, 49, 36, 14, 74, 50, 53, 17, 21, 45, 71, 64, 3, 23, 30, 83, 24, 41, 60, 52, 65, 27, 90, 70, 39, 87, 48, 69, 99, 68, 46, 1, 38, 58, 97, 59, 28, 8, 73, 37, 35, 79, 11, 66, 76, 57, 72, 16, 92, 6, 80, 61, 33, 98, 32, 34, 51, 67, 10, 7, 56, 43, 62, 19, 91, 13, 29, 96, 94, 81, 84, 40, 88, 55, 75, 25, 12, 0, 89, 2]|[2, 1, 2, 1, 1, 2, 1, 1, 1, 1, 1, 0, 2, 2, 1, 2, 0, 0, 0, 2, 2, 1, 0, 2, 0, 2, 2, 1, 0, 1, 1, 1, 0, 0, 1, 0, 2, 1, 2, 2, 0, 1, 1, 1, 0, 2, 0, 2, 1, 0, 0, 2, 2, 0, 2, 0, 2, 1, 0, 0, 2, 1, 0, 2, 2, 1, 1, 1, 0, 1, 2, 1, 1, 0, 0, 1, 0, 0, 1, 2, 2, 1, 0, 2, 1, 0, 1, 0, 1, 1, 0, 2, 1, 0, 0, 1, 1, 0, 1, 2]|[0, 3, 0, 2, 4, 1, 4, 4, 2, 4, 3, 2, 1, 0, 2, 1, 1, 1, 2, 1, 2, 3, 0, 1, 0, 1, 1, 4, 1, 0, 3, 2, 2, 0, 4, 1, 1, 4, 0, 1, 2, 2, 4, 4, 1, 1, 0, 2, 3, 1, 2, 1, 2, 1, 1, 2, 0, 3, 0, 2, 2, 3, 1, 0, 1, 4, 4, 0, 0, 4, 1, 3, 4, 1, 2, 4, 0, 1, 3, 1, 0, 4, 2, 0, 3, 2, 3, 2, 4, 1, 2, 0, 4, 2, 2, 4, 3, 2, 4, 1]|[0, 2, 0, 1, 3, 0, 1, 3, 0, 0, 2, 0, 1, 0, 1, 0, 0, 0, 1, 0, 0, 2, 0, 0, 1, 0, 0, 3, 0, 1, 0, 2, 0, 0, 3, 0, 1, 3, 1, 0, 0, 1, 1, 3, 0, 0, 1, 0, 2, 0, 0, 0, 0, 0, 1, 0, 0, 0, 1, 1, 0, 2, 0, 0, 0, 1, 2, 1, 1, 2, 0, 0, 1, 0, 0, 2, 0, 0, 3, 0, 0, 2, 1, 0, 0, 0, 0, 0, 2, 1, 1, 0, 1, 0, 0, 3, 0, 0, 1, 0],881.4638349230657,54042.855127685005,122716.37488162471,false
5,G3_TWC,G3_TWC,[31, 22, 82, 15, 26, 9, 95, 42, 77, 12, 47, 5, 93, 78, 86, 54, 85, 63, 18, 44, 20, 35, 43, 97, 91, 76, 10, 30, 21, 45, 71, 64, 1, 23, 17, 83, 24, 41, 60, 36, 6, 57, 40, 88, 65, 56, 79, 69, 67, 68, 46, 75, 38, 58, 19, 32, 81, 48, 27, 62, 87, 90, 99, 59, 11, 16, 72, 73, 70, 39, 37, 84, 3, 92, 25, 55, 28, 51, 29, 7, 33, 61, 98, 14, 89, 50, 66, 96, 80, 53, 8, 2, 34, 4, 52, 49, 0, 94, 74, 13]|[1, 1, 0, 1, 1, 0, 1, 2, 2, 1, 2, 2, 2, 1, 0, 0, 0, 1, 0, 2, 2, 0, 1, 2, 0, 1, 2, 2, 0, 0, 1, 2, 1, 0, 1, 0, 2, 0, 1, 1, 0, 1, 1, 1, 0, 2, 2, 2, 0, 0, 0, 0, 1, 1, 2, 1, 2, 1, 0, 0, 2, 1, 0, 1, 2, 1, 2, 1, 1, 1, 1, 1, 1, 0, 1, 1, 0, 0, 0, 1, 0, 1, 0, 0, 1, 0, 2, 0, 0, 0, 1, 0, 2, 1, 2, 0, 0, 1, 1, 0]|[4, 3, 2, 2, 4, 1, 2, 2, 2, 4, 0, 1, 2, 4, 1, 1, 2, 4, 2, 1, 1, 1, 1, 2, 1, 2, 1, 1, 1, 1, 3, 2, 3, 0, 4, 0, 1, 1, 0, 3, 2, 2, 2, 0, 1, 1, 1, 2, 0, 1, 2, 2, 1, 0, 0, 3, 2, 4, 1, 2, 2, 3, 1, 1, 1, 3, 0, 4, 3, 1, 4, 1, 1, 0, 4, 4, 2, 1, 1, 1, 2, 3, 1, 1, 1, 1, 1, 1, 1, 2, 3, 2, 1, 4, 1, 1, 2, 4, 3, 2]|[0, 2, 1, 1, 3, 0, 1, 0, 0, 0, 0, 0, 1, 0, 0, 0, 0, 3, 1, 0, 0, 0, 3, 1, 0, 2, 0, 0, 0, 1, 0, 0, 0, 0, 3, 0, 1, 0, 0, 2, 1, 1, 1, 0, 0, 0, 0, 0, 1, 0, 0, 0, 1, 3, 0, 0, 1, 2, 0, 1, 0, 2, 0, 1, 0, 2, 1, 0, 0, 1, 1, 3, 1, 1, 3, 3, 1, 0, 0, 2, 1, 0, 0, 0, 1, 0, 0, 0, 0, 1, 2, 0, 0, 0, 0, 1, 0, 2, 0, 0],868.8091742880855,57060.49302920472,101221.3843147768,false
5,G1_CMAX,G1_CMAX,[31, 95, 9, 15, 82, 22, 42, 77, 26, 8, 10, 76, 91, 97, 43, 63, 20, 44, 18, 80, 45, 78, 86, 5, 84, 89, 61, 96, 35, 33, 7, 29, 51, 28, 55, 25, 92, 50, 30, 37, 39, 70, 73, 72, 93, 16, 11, 74, 59, 99, 90, 34, 54, 27, 48, 65, 69, 81, 32, 19, 58, 38, 56, 46, 64, 68, 67, 79, 75, 62, 88, 40, 57, 6, 36, 60, 41, 24, 66, 17, 1, 85, 71, 3, 83, 14, 98, 21, 53, 12, 2, 52, 4, 87, 49, 0, 94, 23, 47, 13]|[1, 1, 0, 1, 0, 0, 2, 2, 1, 1, 2, 1, 0, 1, 0, 2, 2, 2, 0, 0, 0, 1, 1, 2, 2, 1, 1, 1, 1, 2, 1, 1, 0, 1, 1, 1, 0, 0, 2, 0, 1, 1, 1, 2, 2, 1, 2, 2, 1, 0, 1, 2, 0, 0, 1, 1, 2, 2, 1, 0, 1, 1, 2, 0, 0, 0, 0, 1, 1, 1, 1, 2, 1, 0, 1, 1, 1, 2, 2, 2, 0, 0, 1, 1, 1, 2, 0, 0, 0, 1, 0, 2, 0, 2, 0, 0, 1, 2, 2, 0]|[2, 3, 2, 4, 1, 1, 2, 1, 0, 4, 1, 2, 1, 1, 1, 1, 1, 1, 1, 2, 1, 4, 4, 1, 1, 1, 3, 3, 3, 2, 1, 3, 1, 4, 4, 4, 0, 1, 1, 1, 0, 3, 4, 0, 2, 3, 1, 0, 1, 1, 3, 1, 2, 1, 4, 3, 2, 2, 1, 2, 0, 1, 1, 2, 1, 1, 0, 0, 2, 2, 0, 0, 2, 2, 3, 0, 4, 1, 0, 2, 1, 2, 3, 1, 3, 0, 0, 1, 2, 4, 2, 1, 1, 2, 1, 2, 4, 0, 0, 2]|[1, 1, 1, 0, 0, 0, 1, 0, 3, 0, 0, 2, 0, 3, 0, 0, 0, 0, 0, 0, 0, 1, 1, 0, 0, 1, 0, 2, 0, 0, 2, 0, 0, 1, 3, 3, 1, 0, 0, 0, 1, 0, 0, 1, 1, 2, 0, 0, 1, 0, 2, 0, 1, 0, 2, 0, 0, 1, 1, 0, 3, 1, 0, 0, 0, 0, 1, 0, 1, 1, 0, 0, 1, 1, 2, 0, 3, 1, 0, 0, 1, 0, 0, 1, 0, 1, 0, 0, 1, 3, 0, 0, 0, 0, 1, 0, 2, 0, 0, 0],741.0259643952477,59280.645567270396,113268.46410696392,false
5,G4_BALANCED,G4_BALANCED,[31, 22, 82, 15, 26, 9, 90, 42, 77, 4, 47, 5, 93, 78, 86, 54, 85, 63, 18, 44, 20, 49, 36, 14, 48, 50, 53, 17, 21, 45, 71, 64, 3, 23, 30, 83, 24, 41, 60, 52, 65, 27, 95, 70, 39, 87, 74, 69, 99, 68, 46, 1, 38, 58, 97, 59, 28, 8, 73, 37, 35, 79, 11, 66, 76, 57, 72, 16, 92, 6, 80, 61, 33, 98, 32, 34, 62, 67, 10, 7, 19, 43, 51, 56, 91, 13, 29, 96, 0, 81, 2, 40, 88, 55, 75, 89, 12, 94, 25, 84]|[2, 1, 2, 1, 1, 2, 1, 1, 1, 1, 1, 0, 2, 2, 1, 2, 0, 0, 0, 2, 2, 1, 0, 2, 2, 2, 2, 1, 0, 1, 1, 1, 0, 0, 1, 0, 2, 1, 2, 2, 0, 1, 1, 1, 0, 1, 0, 2, 1, 0, 0, 2, 2, 0, 2, 0, 2, 1, 0, 0, 2, 1, 0, 2, 2, 0, 1, 1, 0, 1, 0, 1, 1, 0, 0, 1, 0, 0, 1, 2, 2, 2, 0, 0, 1, 0, 1, 0, 0, 1, 2, 2, 1, 1, 2, 1, 1, 1, 1, 0]|[0, 3, 0, 2, 4, 1, 4, 4, 2, 4, 3, 2, 1, 0, 2, 1, 1, 1, 2, 1, 2, 3, 0, 1, 0, 1, 1, 4, 1, 0, 3, 2, 2, 0, 4, 1, 1, 4, 0, 1, 2, 2, 4, 4, 1, 0, 0, 2, 3, 1, 2, 1, 2, 1, 1, 2, 0, 3, 0, 2, 2, 3, 1, 0, 1, 0, 4, 0, 0, 4, 1, 3, 4, 1, 2, 4, 2, 1, 3, 1, 0, 1, 0, 2, 3, 2, 3, 2, 2, 1, 1, 0, 4, 3, 2, 4, 3, 4, 4, 1]|[0, 2, 0, 1, 3, 0, 1, 3, 0, 0, 2, 0, 1, 0, 1, 0, 0, 0, 1, 0, 0, 2, 0, 0, 0, 0, 0, 3, 0, 1, 0, 2, 0, 0, 3, 0, 1, 3, 1, 0, 0, 1, 1, 3, 0, 0, 1, 0, 2, 0, 0, 0, 0, 0, 1, 0, 0, 0, 1, 1, 0, 2, 0, 0, 0, 1, 2, 1, 1, 2, 0, 0, 1, 0, 0, 2, 1, 0, 3, 0, 0, 0, 0, 1, 0, 0, 0, 0, 0, 1, 0, 0, 1, 0, 1, 1, 0, 2, 3, 0],859.3258246690137,55284.01110282602,121587.07642727022,false
5,G2_TEC,G2_TEC,[31, 22, 82, 15, 26, 9, 95, 42, 77, 4, 47, 5, 93, 78, 86, 54, 85, 63, 18, 44, 20, 49, 36, 14, 74, 50, 53, 17, 21, 45, 71, 64, 3, 23, 30, 83, 24, 41, 60, 52, 65, 27, 90, 70, 39, 87, 48, 69, 99, 68, 46, 1, 38, 58, 97, 59, 28, 8, 73, 37, 35, 79, 11, 66, 76, 57, 72, 16, 92, 6, 80, 61, 33, 98, 32, 34, 51, 67, 10, 7, 56, 43, 62, 19, 91, 13, 29, 96, 94, 81, 84, 40, 88, 55, 75, 25, 12, 0, 89, 2]|[2, 1, 2, 1, 1, 2, 1, 1, 1, 1, 1, 0, 2, 2, 1, 2, 0, 0, 0, 2, 2, 1, 0, 2, 0, 2, 2, 1, 0, 1, 1, 1, 0, 0, 1, 0, 2, 1, 2, 2, 0, 1, 1, 1, 0, 2, 0, 2, 1, 0, 0, 2, 2, 0, 2, 0, 2, 1, 0, 0, 2, 1, 0, 2, 2, 1, 1, 1, 0, 1, 2, 1, 1, 0, 0, 1, 0, 0, 1, 2, 2, 1, 0, 2, 1, 0, 1, 0, 1, 1, 0, 2, 1, 0, 0, 1, 1, 0, 1, 2]|[0, 3, 0, 2, 4, 1, 4, 4, 2, 4, 3, 2, 1, 0, 2, 1, 1, 1, 2, 1, 2, 3, 0, 1, 0, 1, 1, 4, 1, 0, 3, 2, 2, 0, 4, 1, 1, 4, 0, 1, 2, 2, 4, 4, 1, 1, 0, 2, 3, 1, 2, 1, 2, 1, 1, 2, 0, 3, 0, 2, 2, 3, 1, 0, 1, 4, 4, 0, 0, 4, 1, 3, 4, 1, 2, 4, 0, 1, 3, 1, 0, 4, 2, 0, 3, 2, 3, 2, 4, 1, 2, 0, 4, 2, 2, 4, 3, 2, 4, 1]|[0, 2, 0, 1, 3, 0, 1, 3, 0, 0, 2, 0, 1, 0, 1, 0, 0, 0, 1, 0, 0, 2, 0, 0, 1, 0, 0, 3, 0, 1, 0, 2, 0, 0, 3, 0, 1, 3, 1, 0, 0, 1, 1, 3, 0, 0, 1, 0, 2, 0, 0, 0, 0, 0, 1, 0, 0, 0, 1, 1, 0, 2, 0, 0, 0, 1, 2, 1, 1, 2, 0, 0, 1, 0, 0, 2, 0, 0, 3, 0, 0, 2, 1, 0, 0, 0, 0, 0, 2, 1, 1, 0, 1, 0, 0, 3, 0, 0, 1, 0],881.4638349230657,54042.855127685005,122716.37488162471,false
5,G3_TWC,G3_TWC,[31, 22, 82, 15, 26, 9, 95, 42, 77, 12, 47, 5, 93, 78, 86, 54, 85, 63, 18, 44, 20, 35, 43, 97, 91, 76, 10, 30, 21, 45, 71, 64, 1, 23, 17, 83, 24, 41, 60, 36, 6, 57, 40, 88, 65, 56, 79, 69, 67, 68, 46, 75, 38, 58, 19, 32, 81, 48, 27, 62, 87, 90, 99, 59, 11, 16, 72, 73, 70, 39, 37, 84, 3, 92, 25, 55, 28, 51, 29, 7, 33, 61, 98, 14, 89, 50, 66, 96, 80, 53, 8, 2, 34, 4, 52, 49, 0, 94, 74, 13]|[1, 1, 0, 1, 1, 0, 1, 2, 2, 1, 2, 2, 2, 1, 0, 0, 0, 1, 0, 2, 2, 0, 1, 2, 0, 1, 2, 2, 0, 0, 1, 2, 1, 0, 1, 0, 2, 0, 1, 1, 0, 1, 1, 1, 0, 2, 2, 2, 0, 0, 0, 0, 1, 1, 2, 1, 2, 1, 0, 0, 2, 1, 0, 1, 2, 1, 2, 1, 1, 1, 1, 1, 1, 0, 1, 1, 0, 0, 0, 1, 0, 1, 0, 0, 1, 0, 2, 0, 0, 0, 1, 0, 2, 1, 2, 0, 0, 1, 1, 0]|[4, 3, 2, 2, 4, 1, 2, 2, 2, 4, 0, 1, 2, 4, 1, 1, 2, 4, 2, 1, 1, 1, 1, 2, 1, 2, 1, 1, 1, 1, 3, 2, 3, 0, 4, 0, 1, 1, 0, 3, 2, 2, 2, 0, 1, 1, 1, 2, 0, 1, 2, 2, 1, 0, 0, 3, 2, 4, 1, 2, 2, 3, 1, 1, 1, 3, 0, 4, 3, 1, 4, 1, 1, 0, 4, 4, 2, 1, 1, 1, 2, 3, 1, 1, 1, 1, 1, 1, 1, 2, 3, 2, 1, 4, 1, 1, 2, 4, 3, 2]|[0, 2, 1, 1, 3, 0, 1, 0, 0, 0, 0, 0, 1, 0, 0, 0, 0, 3, 1, 0, 0, 0, 3, 1, 0, 2, 0, 0, 0, 1, 0, 0, 0, 0, 3, 0, 1, 0, 0, 2, 1, 1, 1, 0, 0, 0, 0, 0, 1, 0, 0, 0, 1, 3, 0, 0, 1, 2, 0, 1, 0, 2, 0, 1, 0, 2, 1, 0, 0, 1, 1, 3, 1, 1, 3, 3, 1, 0, 0, 2, 1, 0, 0, 0, 1, 0, 0, 0, 0, 1, 2, 0, 0, 0, 0, 1, 0, 2, 0, 0],868.8091742880855,57060.49302920472,101221.3843147768,false
5,G1_CMAX,G4_BALANCED,[31, 22, 82, 15, 73, 9, 95, 42, 77, 12, 47, 98, 93, 78, 86, 54, 85, 63, 18, 44, 20, 35, 43, 97, 37, 76, 10, 30, 21, 45, 71, 64, 1, 23, 17, 83, 24, 41, 60, 36, 6, 57, 40, 88, 65, 56, 79, 69, 67, 68, 46, 75, 38, 58, 19, 32, 81, 48, 27, 39, 87, 90, 99, 59, 11, 16, 72, 26, 70, 89, 96, 84, 3, 92, 25, 55, 28, 51, 29, 7, 91, 74, 5, 33, 62, 50, 66, 8, 80, 53, 14, 2, 34, 4, 52, 49, 0, 94, 61, 13]|[1, 1, 0, 1, 1, 0, 1, 2, 2, 1, 2, 2, 2, 1, 1, 0, 0, 0, 0, 2, 2, 0, 1, 2, 0, 1, 2, 2, 0, 0, 1, 2, 1, 2, 1, 0, 2, 1, 1, 1, 0, 1, 1, 1, 0, 2, 1, 2, 0, 0, 0, 0, 1, 1, 2, 1, 2, 1, 0, 1, 2, 1, 0, 1, 2, 1, 2, 1, 1, 1, 1, 1, 1, 0, 1, 1, 1, 0, 0, 1, 0, 2, 2, 0, 0, 0, 2, 1, 0, 0, 0, 0, 2, 1, 2, 0, 0, 1, 1, 0]|[4, 3, 2, 2, 4, 1, 2, 2, 1, 4, 0, 1, 2, 4, 4, 1, 2, 1, 2, 1, 1, 1, 1, 2, 1, 2, 1, 1, 1, 1, 3, 2, 3, 0, 4, 0, 1, 4, 0, 3, 2, 2, 2, 0, 1, 1, 0, 2, 0, 1, 2, 2, 1, 4, 0, 3, 1, 4, 1, 1, 2, 3, 1, 1, 1, 3, 0, 4, 3, 1, 3, 1, 1, 0, 4, 4, 4, 1, 1, 1, 1, 0, 1, 2, 2, 1, 0, 3, 1, 2, 1, 2, 1, 4, 1, 1, 2, 4, 1, 2]|[0, 2, 1, 1, 3, 0, 1, 0, 0, 0, 0, 0, 1, 0, 1, 0, 0, 0, 1, 0, 0, 0, 3, 1, 0, 2, 0, 0, 0, 1, 0, 0, 0, 0, 3, 0, 1, 3, 0, 2, 1, 1, 1, 0, 0, 0, 0, 0, 1, 0, 0, 0, 1, 3, 0, 0, 0, 2, 0, 1, 0, 2, 0, 1, 0, 2, 1, 0, 0, 1, 2, 3, 1, 1, 3, 3, 1, 0, 0, 2, 0, 0, 0, 1, 1, 0, 0, 2, 0, 1, 0, 0, 0, 0, 0, 1, 0, 2, 3, 0],801.3187996866799,56926.15632660228,107760.52172589168,true
5,G4_BALANCED,G4_BALANCED,[31, 22, 82, 15, 26, 9, 95, 42, 77, 12, 47, 5, 93, 78, 86, 54, 85, 63, 18, 44, 20, 35, 43, 97, 91, 76, 10, 30, 21, 45, 71, 64, 1, 23, 17, 83, 24, 41, 60, 36, 6, 57, 40, 88, 65, 38, 79, 69, 67, 68, 46, 75, 56, 58, 19, 32, 70, 48, 27, 62, 87, 90, 99, 59, 11, 16, 72, 73, 81, 39, 37, 84, 3, 92, 25, 55, 28, 51, 29, 7, 33, 61, 96, 14, 4, 50, 66, 98, 80, 53, 8, 2, 34, 89, 52, 49, 0, 94, 74, 13]|[1, 1, 0, 1, 1, 0, 1, 2, 2, 1, 2, 2, 2, 1, 1, 0, 0, 1, 0, 2, 2, 0, 1, 2, 0, 1, 2, 2, 0, 0, 1, 2, 1, 0, 1, 0, 2, 0, 1, 1, 0, 1, 1, 1, 0, 1, 1, 2, 0, 0, 0, 0, 2, 1, 2, 1, 2, 1, 0, 0, 2, 1, 0, 1, 2, 1, 2, 1, 1, 1, 1, 1, 1, 0, 1, 1, 0, 0, 0, 1, 0, 1, 0, 0, 1, 0, 2, 0, 0, 0, 1, 0, 2, 1, 2, 0, 0, 1, 1, 0]|[4, 3, 2, 2, 4, 1, 2, 2, 2, 4, 0, 1, 2, 4, 4, 1, 2, 4, 2, 1, 1, 1, 1, 2, 1, 2, 1, 1, 1, 1, 3, 2, 3, 0, 4, 0, 1, 1, 0, 3, 2, 2, 2, 0, 1, 1, 0, 2, 0, 1, 2, 2, 1, 0, 0, 3, 2, 4, 1, 2, 2, 3, 1, 1, 1, 3, 0, 4, 3, 1, 4, 1, 1, 0, 4, 4, 2, 1, 1, 1, 2, 3, 1, 1, 4, 1, 1, 1, 1, 2, 3, 2, 1, 1, 1, 1, 2, 4, 3, 2]|[0, 2, 1, 1, 3, 0, 1, 0, 0, 0, 0, 0, 1, 0, 1, 0, 0, 3, 1, 0, 0, 0, 3, 1, 0, 2, 0, 0, 0, 1, 0, 0, 0, 0, 3, 0, 1, 0, 0, 2, 1, 1, 1, 0, 0, 1, 0, 0, 1, 0, 0, 0, 0, 3, 0, 0, 1, 2, 0, 1, 0, 2, 0, 1, 0, 2, 1, 0, 0, 1, 1, 3, 1, 1, 3, 3, 1, 0, 0, 2, 1, 0, 0, 0, 0, 0, 0, 0, 0, 1, 2, 0, 0, 1, 0, 1, 0, 2, 0, 0],844.8838711809564,57307.5847762811,99264.993285959,false
5,G2_TEC,G2_TEC,[31, 22, 82, 15, 26, 9, 95, 42, 77, 4, 47, 5, 93, 78, 86, 54, 85, 63, 18, 44, 20, 49, 36, 14, 74, 50, 53, 17, 21, 45, 71, 64, 3, 23, 30, 83, 24, 41, 60, 52, 65, 27, 90, 70, 39, 87, 48, 69, 99, 68, 46, 1, 38, 58, 97, 59, 28, 8, 73, 37, 35, 79, 11, 66, 76, 57, 72, 16, 92, 6, 80, 61, 33, 98, 32, 34, 51, 67, 10, 7, 56, 43, 62, 19, 91, 13, 29, 96, 94, 81, 84, 40, 88, 55, 75, 25, 12, 0, 89, 2]|[2, 1, 2, 1, 1, 2, 1, 1, 1, 1, 1, 0, 2, 2, 1, 2, 0, 0, 0, 2, 2, 1, 0, 2, 0, 2, 2, 1, 0, 1, 1, 1, 0, 0, 1, 0, 2, 1, 2, 2, 0, 1, 1, 1, 0, 2, 0, 2, 1, 0, 0, 2, 2, 0, 2, 0, 2, 1, 0, 0, 2, 1, 0, 2, 2, 1, 1, 1, 0, 1, 2, 1, 1, 0, 0, 1, 0, 0, 1, 2, 2, 1, 0, 2, 1, 0, 1, 0, 1, 1, 0, 2, 1, 0, 0, 1, 1, 0, 1, 2]|[0, 3, 0, 2, 4, 1, 4, 4, 2, 4, 3, 2, 1, 0, 2, 1, 1, 1, 2, 1, 2, 3, 0, 1, 0, 1, 1, 4, 1, 0, 3, 2, 2, 0, 4, 1, 1, 4, 0, 1, 2, 2, 4, 4, 1, 1, 0, 2, 3, 1, 2, 1, 2, 1, 1, 2, 0, 3, 0, 2, 2, 3, 1, 0, 1, 4, 4, 0, 0, 4, 1, 3, 4, 1, 2, 4, 0, 1, 3, 1, 0, 4, 2, 0, 3, 2, 3, 2, 4, 1, 2, 0, 4, 2, 2, 4, 3, 2, 4, 1]|[0, 2, 0, 1, 3, 0, 1, 3, 0, 0, 2, 0, 1, 0, 1, 0, 0, 0, 1, 0, 0, 2, 0, 0, 1, 0, 0, 3, 0, 1, 0, 2, 0, 0, 3, 0, 1, 3, 1, 0, 0, 1, 1, 3, 0, 0, 1, 0, 2, 0, 0, 0, 0, 0, 1, 0, 0, 0, 1, 1, 0, 2, 0, 0, 0, 1, 2, 1, 1, 2, 0, 0, 1, 0, 0, 2, 0, 0, 3, 0, 0, 2, 1, 0, 0, 0, 0, 0, 2, 1, 1, 0, 1, 0, 0, 3, 0, 0, 1, 0],881.4638349230657,54042.855127685005,122716.37488162471,false
5,G3_TWC,G3_TWC,[31, 22, 82, 15, 26, 9, 95, 42, 77, 12, 47, 5, 93, 78, 86, 54, 85, 63, 18, 44, 20, 35, 43, 97, 91, 76, 10, 30, 21, 45, 71, 64, 1, 23, 17, 83, 24, 41, 60, 36, 6, 57, 40, 88, 65, 56, 79, 69, 67, 68, 46, 75, 38, 58, 19, 32, 81, 48, 27, 62, 87, 90, 99, 59, 11, 16, 72, 73, 70, 39, 37, 84, 3, 92, 25, 55, 28, 51, 29, 7, 33, 61, 98, 14, 89, 50, 66, 96, 80, 53, 8, 2, 34, 4, 52, 49, 0, 94, 74, 13]|[1, 1, 0, 1, 1, 0, 1, 2, 2, 1, 2, 2, 2, 1, 0, 0, 0, 1, 0, 2, 2, 0, 1, 2, 0, 1, 2, 2, 0, 0, 1, 2, 1, 0, 1, 0, 2, 0, 1, 1, 0, 1, 1, 1, 0, 2, 2, 2, 0, 0, 0, 0, 1, 1, 2, 1, 2, 1, 0, 0, 2, 1, 0, 1, 2, 1, 2, 1, 1, 1, 1, 1, 1, 0, 1, 1, 0, 0, 0, 1, 0, 1, 0, 0, 1, 0, 2, 0, 0, 0, 1, 0, 2, 1, 2, 0, 0, 1, 1, 0]|[4, 3, 2, 2, 4, 1, 2, 2, 2, 4, 0, 1, 2, 4, 1, 1, 2, 4, 2, 1, 1, 1, 1, 2, 1, 2, 1, 1, 1, 1, 3, 2, 3, 0, 4, 0, 1, 1, 0, 3, 2, 2, 2, 0, 1, 1, 1, 2, 0, 1, 2, 2, 1, 0, 0, 3, 2, 4, 1, 2, 2, 3, 1, 1, 1, 3, 0, 4, 3, 1, 4, 1, 1, 0, 4, 4, 2, 1, 1, 1, 2, 3, 1, 1, 1, 1, 1, 1, 1, 2, 3, 2, 1, 4, 1, 1, 2, 4, 3, 2]|[0, 2, 1, 1, 3, 0, 1, 0, 0, 0, 0, 0, 1, 0, 0, 0, 0, 3, 1, 0, 0, 0, 3, 1, 0, 2, 0, 0, 0, 1, 0, 0, 0, 0, 3, 0, 1, 0, 0, 2, 1, 1, 1, 0, 0, 0, 0, 0, 1, 0, 0, 0, 1, 3, 0, 0, 1, 2, 0, 1, 0, 2, 0, 1, 0, 2, 1, 0, 0, 1, 1, 3, 1, 1, 3, 3, 1, 0, 0, 2, 1, 0, 0, 0, 1, 0, 0, 0, 0, 1, 2, 0, 0, 0, 0, 1, 0, 2, 0, 0],868.8091742880855,57060.49302920472,101221.3843147768,false
5,G1_CMAX,G3_TWC,[31, 22, 82, 15, 26, 9, 95, 42, 77, 12, 47, 5, 93, 78, 86, 54, 85, 63, 18, 44, 20, 35, 43, 97, 91, 76, 10, 30, 21, 45, 61, 64, 1, 23, 17, 83, 24, 41, 60, 36, 6, 57, 40, 88, 65, 56, 79, 69, 67, 68, 46, 75, 38, 58, 19, 32, 81, 48, 27, 62, 87, 90, 99, 59, 11, 16, 72, 73, 70, 89, 37, 84, 3, 14, 25, 55, 28, 51, 29, 7, 66, 71, 98, 33, 53, 50, 96, 80, 8, 39, 92, 2, 34, 4, 52, 49, 0, 94, 74, 13]|[1, 1, 0, 1, 1, 0, 1, 2, 2, 1, 2, 2, 2, 1, 1, 0, 0, 0, 0, 2, 2, 0, 1, 2, 0, 1, 2, 2, 0, 0, 1, 2, 1, 2, 1, 0, 2, 1, 1, 1, 0, 1, 1, 1, 0, 2, 1, 2, 0, 0, 0, 0, 1, 1, 2, 1, 2, 1, 2, 0, 1, 2, 0, 1, 2, 1, 2, 1, 1, 1, 0, 1, 1, 0, 1, 1, 1, 0, 1, 1, 2, 1, 0, 0, 0, 0, 0, 0, 1, 1, 0, 0, 2, 1, 2, 0, 0, 1, 2, 0]|[4, 3, 2, 2, 4, 1, 2, 2, 1, 4, 0, 1, 2, 4, 4, 1, 2, 1, 2, 1, 1, 1, 1, 2, 1, 2, 1, 1, 1, 1, 3, 2, 3, 0, 4, 0, 1, 4, 0, 3, 2, 2, 2, 0, 1, 1, 0, 2, 0, 1, 2, 2, 1, 0, 0, 3, 2, 4, 1, 2, 3, 2, 1, 1, 1, 3, 0, 4, 3, 0, 1, 1, 1, 2, 4, 4, 4, 1, 3, 1, 0, 1, 1, 2, 2, 1, 1, 1, 3, 1, 0, 2, 1, 4, 1, 1, 2, 4, 0, 2]|[0, 2, 1, 1, 3, 0, 1, 0, 0, 0, 0, 0, 1, 0, 1, 0, 0, 0, 1, 0, 0, 0, 3, 1, 0, 2, 0, 0, 0, 1, 0, 0, 0, 0, 3, 0, 1, 3, 0, 2, 1, 1, 1, 0, 0, 0, 0, 0, 1, 0, 0, 0, 1, 3, 0, 0, 1, 2, 0, 1, 2, 0, 0, 1, 0, 2, 1, 0, 0, 1, 0, 3, 1, 0, 3, 3, 1, 0, 0, 2, 0, 3, 0, 1, 1, 0, 0, 0, 2, 1, 1, 0, 0, 0, 0, 1, 0, 2, 0, 0],776.016846974015,58127.48400680267,105351.21171418912,true
5,G4_BALANCED,G4_BALANCED,[31, 22, 82, 15, 26, 9, 95, 42, 77, 12, 47, 5, 93, 78, 86, 54, 85, 63, 18, 44, 20, 35, 43, 97, 91, 76, 10, 30, 21, 45, 71, 64, 1, 23, 17, 83, 24, 41, 60, 36, 6, 57, 40, 88, 65, 38, 79, 69, 67, 68, 46, 75, 56, 58, 19, 32, 70, 48, 27, 62, 87, 90, 99, 59, 11, 16, 72, 73, 81, 39, 37, 84, 3, 92, 25, 55, 28, 51, 29, 7, 33, 61, 96, 14, 4, 50, 66, 98, 80, 53, 8, 2, 34, 89, 52, 49, 0, 94, 74, 13]|[1, 1, 0, 1, 1, 0, 1, 2, 2, 1, 2, 2, 2, 1, 1, 0, 0, 1, 0, 2, 2, 0, 1, 2, 0, 1, 2, 2, 0, 0, 1, 2, 1, 0, 1, 0, 2, 0, 1, 1, 0, 1, 1, 1, 0, 1, 1, 2, 0, 0, 0, 0, 2, 1, 2, 1, 2, 1, 0, 0, 2, 1, 0, 1, 2, 1, 2, 1, 1, 1, 1, 1, 1, 0, 1, 1, 0, 0, 0, 1, 0, 1, 0, 0, 1, 0, 2, 0, 0, 0, 1, 0, 2, 1, 2, 0, 0, 1, 1, 0]|[4, 3, 2, 2, 4, 1, 2, 2, 2, 4, 0, 1, 2, 4, 4, 1, 2, 4, 2, 1, 1, 1, 1, 2, 1, 2, 1, 1, 1, 1, 3, 2, 3, 0, 4, 0, 1, 1, 0, 3, 2, 2, 2, 0, 1, 1, 0, 2, 0, 1, 2, 2, 1, 0, 0, 3, 2, 4, 1, 2, 2, 3, 1, 1, 1, 3, 0, 4, 3, 1, 4, 1, 1, 0, 4, 4, 2, 1, 1, 1, 2, 3, 1, 1, 4, 1, 1, 1, 1, 2, 3, 2, 1, 1, 1, 1, 2, 4, 3, 2]|[0, 2, 1, 1, 3, 0, 1, 0, 0, 0, 0, 0, 1, 0, 1, 0, 0, 3, 1, 0, 0, 0, 3, 1, 0, 2, 0, 0, 0, 1, 0, 0, 0, 0, 3, 0, 1, 0, 0, 2, 1, 1, 1, 0, 0, 1, 0, 0, 1, 0, 0, 0, 0, 3, 0, 0, 1, 2, 0, 1, 0, 2, 0, 1, 0, 2, 1, 0, 0, 1, 1, 3, 1, 1, 3, 3, 1, 0, 0, 2, 1, 0, 0, 0, 0, 0, 0, 0, 0, 1, 2, 0, 0, 1, 0, 1, 0, 2, 0, 0],844.8838711809564,57307.5847762811,99264.993285959,false
5,G2_TEC,G2_TEC,[31, 22, 82, 15, 26, 9, 95, 42, 77, 4, 47, 5, 93, 78, 86, 54, 85, 63, 18, 44, 20, 49, 36, 14, 74, 50, 53, 17, 21, 45, 71, 64, 3, 23, 30, 83, 24, 41, 60, 52, 65, 27, 90, 70, 39, 87, 48, 69, 99, 68, 46, 1, 38, 58, 97, 59, 28, 8, 73, 37, 35, 79, 11, 66, 76, 57, 72, 16, 92, 6, 80, 61, 33, 98, 32, 34, 51, 67, 10, 7, 56, 43, 62, 19, 91, 13, 29, 96, 94, 81, 84, 40, 88, 55, 75, 25, 12, 0, 89, 2]|[2, 1, 2, 1, 1, 2, 1, 1, 1, 1, 1, 0, 2, 2, 1, 2, 0, 0, 0, 2, 2, 1, 0, 2, 0, 2, 2, 1, 0, 1, 1, 1, 0, 0, 1, 0, 2, 1, 2, 2, 0, 1, 1, 1, 0, 2, 0, 2, 1, 0, 0, 2, 2, 0, 2, 0, 2, 1, 0, 0, 2, 1, 0, 2, 2, 1, 1, 1, 0, 1, 2, 1, 1, 0, 0, 1, 0, 0, 1, 2, 2, 1, 0, 2, 1, 0, 1, 0, 1, 1, 0, 2, 1, 0, 0, 1, 1, 0, 1, 2]|[0, 3, 0, 2, 4, 1, 4, 4, 2, 4, 3, 2, 1, 0, 2, 1, 1, 1, 2, 1, 2, 3, 0, 1, 0, 1, 1, 4, 1, 0, 3, 2, 2, 0, 4, 1, 1, 4, 0, 1, 2, 2, 4, 4, 1, 1, 0, 2, 3, 1, 2, 1, 2, 1, 1, 2, 0, 3, 0, 2, 2, 3, 1, 0, 1, 4, 4, 0, 0, 4, 1, 3, 4, 1, 2, 4, 0, 1, 3, 1, 0, 4, 2, 0, 3, 2, 3, 2, 4, 1, 2, 0, 4, 2, 2, 4, 3, 2, 4, 1]|[0, 2, 0, 1, 3, 0, 1, 3, 0, 0, 2, 0, 1, 0, 1, 0, 0, 0, 1, 0, 0, 2, 0, 0, 1, 0, 0, 3, 0, 1, 0, 2, 0, 0, 3, 0, 1, 3, 1, 0, 0, 1, 1, 3, 0, 0, 1, 0, 2, 0, 0, 0, 0, 0, 1, 0, 0, 0, 1, 1, 0, 2, 0, 0, 0, 1, 2, 1, 1, 2, 0, 0, 1, 0, 0, 2, 0, 0, 3, 0, 0, 2, 1, 0, 0, 0, 0, 0, 2, 1, 1, 0, 1, 0, 0, 3, 0, 0, 1, 0],881.4638349230657,54042.855127685005,122716.37488162471,false
5,G3_TWC,G3_TWC,[31, 22, 82, 15, 26, 9, 95, 42, 77, 12, 47, 5, 93, 78, 86, 54, 85, 63, 18, 44, 20, 35, 43, 97, 91, 76, 10, 30, 21, 45, 71, 64, 1, 23, 17, 83, 24, 41, 60, 36, 6, 57, 40, 88, 65, 56, 79, 69, 67, 68, 46, 75, 38, 58, 19, 32, 81, 48, 27, 62, 87, 90, 99, 59, 11, 16, 72, 73, 70, 39, 37, 84, 3, 92, 25, 55, 28, 51, 29, 7, 33, 61, 98, 14, 89, 50, 66, 96, 80, 53, 8, 2, 34, 4, 52, 49, 0, 94, 74, 13]|[1, 1, 0, 1, 1, 0, 1, 2, 2, 1, 2, 2, 2, 1, 0, 0, 0, 1, 0, 2, 2, 0, 1, 2, 0, 1, 2, 2, 0, 0, 1, 2, 1, 0, 1, 0, 2, 0, 1, 1, 0, 1, 1, 1, 0, 2, 2, 2, 0, 0, 0, 0, 1, 1, 2, 1, 2, 1, 0, 0, 2, 1, 0, 1, 2, 1, 2, 1, 1, 1, 1, 1, 1, 0, 1, 1, 0, 0, 0, 1, 0, 1, 0, 0, 1, 0, 2, 0, 0, 0, 1, 0, 2, 1, 2, 0, 0, 1, 1, 0]|[4, 3, 2, 2, 4, 1, 2, 2, 2, 4, 0, 1, 2, 4, 1, 1, 2, 4, 2, 1, 1, 1, 1, 2, 1, 2, 1, 1, 1, 1, 3, 2, 3, 0, 4, 0, 1, 1, 0, 3, 2, 2, 2, 0, 1, 1, 1, 2, 0, 1, 2, 2, 1, 0, 0, 3, 2, 4, 1, 2, 2, 3, 1, 1, 1, 3, 0, 4, 3, 1, 4, 1, 1, 0, 4, 4, 2, 1, 1, 1, 2, 3, 1, 1, 1, 1, 1, 1, 1, 2, 3, 2, 1, 4, 1, 1, 2, 4, 3, 2]|[0, 2, 1, 1, 3, 0, 1, 0, 0, 0, 0, 0, 1, 0, 0, 0, 0, 3, 1, 0, 0, 0, 3, 1, 0, 2, 0, 0, 0, 1, 0, 0, 0, 0, 3, 0, 1, 0, 0, 2, 1, 1, 1, 0, 0, 0, 0, 0, 1, 0, 0, 0, 1, 3, 0, 0, 1, 2, 0, 1, 0, 2, 0, 1, 0, 2, 1, 0, 0, 1, 1, 3, 1, 1, 3, 3, 1, 0, 0, 2, 1, 0, 0, 0, 1, 0, 0, 0, 0, 1, 2, 0, 0, 0, 0, 1, 0, 2, 0, 0],868.8091742880855,57060.49302920472,101221.3843147768,false
5,G1_CMAX,G4_BALANCED,[31, 22, 82, 15, 26, 9, 90, 42, 77, 4, 47, 5, 93, 78, 86, 54, 85, 63, 18, 44, 20, 49, 36, 14, 48, 50, 53, 17, 21, 45, 71, 64, 3, 23, 30, 83, 24, 41, 60, 52, 65, 27, 95, 70, 39, 87, 74, 69, 99, 68, 46, 1, 38, 58, 97, 59, 28, 8, 73, 37, 35, 79, 11, 66, 76, 57, 72, 16, 92, 6, 80, 34, 33, 98, 32, 61, 51, 67, 10, 7, 56, 43, 62, 19, 91, 13, 29, 96, 94, 81, 84, 40, 88, 55, 75, 25, 12, 0, 89, 2]|[2, 1, 0, 1, 1, 2, 1, 0, 1, 1, 1, 0, 2, 2, 1, 2, 0, 0, 0, 2, 2, 1, 0, 2, 0, 2, 2, 1, 0, 1, 1, 1, 0, 1, 1, 0, 2, 1, 2, 2, 0, 1, 1, 1, 1, 1, 0, 2, 1, 0, 0, 2, 2, 0, 2, 0, 2, 1, 0, 0, 2, 1, 0, 2, 2, 0, 1, 1, 0, 1, 2, 1, 1, 0, 0, 1, 0, 0, 1, 2, 0, 1, 0, 2, 1, 0, 1, 0, 1, 1, 0, 2, 1, 0, 2, 1, 1, 0, 1, 2]|[0, 3, 2, 2, 4, 1, 4, 0, 2, 4, 3, 2, 1, 0, 2, 1, 1, 1, 2, 1, 2, 3, 0, 1, 0, 1, 1, 4, 1, 0, 3, 2, 2, 3, 4, 1, 1, 4, 0, 1, 2, 2, 4, 4, 4, 0, 0, 2, 3, 1, 2, 1, 2, 1, 1, 2, 0, 3, 0, 2, 2, 3, 1, 0, 1, 0, 4, 0, 0, 4, 1, 4, 4, 1, 2, 3, 0, 1, 3, 1, 2, 4, 2, 0, 3, 2, 3, 2, 4, 1, 2, 0, 4, 1, 2, 4, 3, 2, 4, 1]|[0, 2, 1, 1, 3, 0, 1, 0, 0, 0, 2, 0, 1, 0, 1, 0, 0, 0, 1, 0, 0, 2, 0, 0, 1, 0, 0, 3, 0, 1, 0, 2, 0, 0, 3, 0, 1, 3, 1, 0, 0, 1, 1, 3, 1, 0, 1, 0, 2, 0, 0, 0, 0, 0, 1, 0, 0, 0, 1, 1, 0, 2, 0, 0, 0, 1, 2, 1, 1, 2, 0, 2, 1, 0, 0, 0, 0, 0, 3, 0, 1, 2, 1, 0, 0, 0, 0, 0, 2, 1, 1, 0, 1, 0, 1, 3, 0, 0, 1, 0],875.9267117159379,55688.213195924705,116846.38083853925,true
5,G4_BALANCED,G4_BALANCED,[31, 22, 82, 15, 26, 9, 95, 42, 77, 12, 47, 5, 93, 78, 86, 54, 85, 63, 18, 44, 20, 35, 43, 97, 91, 76, 10, 30, 21, 45, 71, 64, 1, 23, 17, 83, 24, 41, 60, 36, 6, 57, 40, 88, 65, 38, 79, 69, 67, 68, 46, 75, 56, 58, 19, 32, 70, 48, 27, 62, 87, 90, 99, 59, 11, 16, 72, 73, 81, 39, 37, 84, 3, 92, 25, 55, 28, 51, 29, 7, 33, 61, 96, 14, 4, 50, 66, 98, 80, 53, 8, 2, 34, 89, 52, 49, 0, 94, 74, 13]|[1, 1, 0, 1, 1, 0, 1, 2, 2, 1, 2, 2, 2, 1, 1, 0, 0, 1, 0, 2, 2, 0, 1, 2, 0, 1, 2, 2, 0, 0, 1, 2, 1, 0, 1, 0, 2, 0, 1, 1, 0, 1, 1, 1, 0, 1, 1, 2, 0, 0, 0, 0, 2, 1, 2, 1, 2, 1, 0, 0, 2, 1, 0, 1, 2, 1, 2, 1, 1, 1, 1, 1, 1, 0, 1, 1, 0, 0, 0, 1, 0, 1, 0, 0, 1, 0, 2, 0, 0, 0, 1, 0, 2, 1, 2, 0, 0, 1, 1, 0]|[4, 3, 2, 2, 4, 1, 2, 2, 2, 4, 0, 1, 2, 4, 4, 1, 2, 4, 2, 1, 1, 1, 1, 2, 1, 2, 1, 1, 1, 1, 3, 2, 3, 0, 4, 0, 1, 1, 0, 3, 2, 2, 2, 0, 1, 1, 0, 2, 0, 1, 2, 2, 1, 0, 0, 3, 2, 4, 1, 2, 2, 3, 1, 1, 1, 3, 0, 4, 3, 1, 4, 1, 1, 0, 4, 4, 2, 1, 1, 1, 2, 3, 1, 1, 4, 1, 1, 1, 1, 2, 3, 2, 1, 1, 1, 1, 2, 4, 3, 2]|[0, 2, 1, 1, 3, 0, 1, 0, 0, 0, 0, 0, 1, 0, 1, 0, 0, 3, 1, 0, 0, 0, 3, 1, 0, 2, 0, 0, 0, 1, 0, 0, 0, 0, 3, 0, 1, 0, 0, 2, 1, 1, 1, 0, 0, 1, 0, 0, 1, 0, 0, 0, 0, 3, 0, 0, 1, 2, 0, 1, 0, 2, 0, 1, 0, 2, 1, 0, 0, 1, 1, 3, 1, 1, 3, 3, 1, 0, 0, 2, 1, 0, 0, 0, 0, 0, 0, 0, 0, 1, 2, 0, 0, 1, 0, 1, 0, 2, 0, 0],844.8838711809564,57307.5847762811,99264.993285959,false
5,G2_TEC,G2_TEC,[31, 22, 82, 15, 26, 9, 95, 42, 77, 4, 47, 5, 93, 78, 86, 54, 85, 63, 18, 44, 20, 49, 36, 14, 74, 50, 53, 17, 21, 45, 71, 64, 3, 23, 30, 83, 24, 41, 60, 52, 65, 27, 90, 70, 39, 87, 48, 69, 99, 68, 46, 1, 38, 58, 97, 59, 28, 8, 73, 37, 35, 79, 11, 66, 76, 57, 72, 16, 92, 6, 80, 61, 33, 98, 32, 34, 51, 67, 10, 7, 56, 43, 62, 19, 91, 13, 29, 96, 94, 81, 84, 40, 88, 55, 75, 25, 12, 0, 89, 2]|[2, 1, 2, 1, 1, 2, 1, 1, 1, 1, 1, 0, 2, 2, 1, 2, 0, 0, 0, 2, 2, 1, 0, 2, 0, 2, 2, 1, 0, 1, 1, 1, 0, 0, 1, 0, 2, 1, 2, 2, 0, 1, 1, 1, 0, 2, 0, 2, 1, 0, 0, 2, 2, 0, 2, 0, 2, 1, 0, 0, 2, 1, 0, 2, 2, 1, 1, 1, 0, 1, 2, 1, 1, 0, 0, 1, 0, 0, 1, 2, 2, 1, 0, 2, 1, 0, 1, 0, 1, 1, 0, 2, 1, 0, 0, 1, 1, 0, 1, 2]|[0, 3, 0, 2, 4, 1, 4, 4, 2, 4, 3, 2, 1, 0, 2, 1, 1, 1, 2, 1, 2, 3, 0, 1, 0, 1, 1, 4, 1, 0, 3, 2, 2, 0, 4, 1, 1, 4, 0, 1, 2, 2, 4, 4, 1, 1, 0, 2, 3, 1, 2, 1, 2, 1, 1, 2, 0, 3, 0, 2, 2, 3, 1, 0, 1, 4, 4, 0, 0, 4, 1, 3, 4, 1, 2, 4, 0, 1, 3, 1, 0, 4, 2, 0, 3, 2, 3, 2, 4, 1, 2, 0, 4, 2, 2, 4, 3, 2, 4, 1]|[0, 2, 0, 1, 3, 0, 1, 3, 0, 0, 2, 0, 1, 0, 1, 0, 0, 0, 1, 0, 0, 2, 0, 0, 1, 0, 0, 3, 0, 1, 0, 2, 0, 0, 3, 0, 1, 3, 1, 0, 0, 1, 1, 3, 0, 0, 1, 0, 2, 0, 0, 0, 0, 0, 1, 0, 0, 0, 1, 1, 0, 2, 0, 0, 0, 1, 2, 1, 1, 2, 0, 0, 1, 0, 0, 2, 0, 0, 3, 0, 0, 2, 1, 0, 0, 0, 0, 0, 2, 1, 1, 0, 1, 0, 0, 3, 0, 0, 1, 0],881.4638349230657,54042.855127685005,122716.37488162471,false
5,G3_TWC,G3_TWC,[31, 22, 82, 15, 26, 9, 95, 42, 77, 12, 47, 5, 93, 78, 86, 54, 85, 63, 18, 44, 20, 35, 43, 97, 91, 76, 10, 30, 21, 45, 71, 64, 1, 23, 17, 83, 24, 41, 60, 36, 6, 57, 40, 88, 65, 56, 79, 69, 67, 68, 46, 75, 38, 58, 19, 32, 81, 48, 27, 62, 87, 90, 99, 59, 11, 16, 72, 73, 70, 39, 37, 84, 3, 92, 25, 55, 28, 51, 29, 7, 66, 61, 98, 14, 89, 50, 8, 96, 80, 53, 33, 2, 34, 4, 52, 49, 0, 94, 74, 13]|[1, 1, 0, 1, 1, 0, 1, 2, 2, 1, 2, 2, 2, 1, 1, 0, 0, 1, 0, 2, 2, 0, 1, 2, 0, 1, 2, 2, 0, 0, 1, 2, 1, 0, 1, 0, 2, 0, 1, 1, 0, 1, 1, 1, 0, 2, 2, 2, 0, 0, 0, 0, 1, 1, 2, 1, 2, 1, 0, 0, 2, 1, 0, 1, 2, 1, 2, 1, 1, 1, 1, 1, 1, 0, 1, 1, 0, 0, 0, 1, 2, 1, 0, 0, 1, 0, 1, 0, 0, 0, 0, 0, 2, 1, 2, 0, 0, 1, 2, 0]|[4, 3, 2, 2, 4, 1, 2, 2, 2, 4, 0, 1, 2, 4, 4, 1, 2, 4, 2, 1, 1, 1, 1, 2, 1, 2, 1, 1, 1, 1, 3, 2, 3, 0, 4, 0, 1, 1, 0, 3, 2, 2, 2, 0, 1, 1, 1, 2, 0, 1, 2, 2, 1, 0, 0, 3, 2, 4, 1, 2, 2, 3, 1, 1, 1, 3, 0, 4, 3, 1, 4, 1, 1, 0, 4, 4, 2, 1, 1, 1, 1, 3, 1, 1, 1, 1, 3, 1, 1, 2, 2, 2, 1, 4, 1, 1, 2, 4, 1, 2]|[0, 2, 1, 1, 3, 0, 1, 0, 0, 0, 0, 0, 1, 0, 1, 0, 0, 3, 1, 0, 0, 0, 3, 1, 0, 2, 0, 0, 0, 1, 0, 0, 0, 0, 3, 0, 1, 0, 0, 2, 1, 1, 1, 0, 0, 0, 0, 0, 1, 0, 0, 0, 1, 3, 0, 0, 1, 2, 0, 1, 0, 2, 0, 1, 0, 2, 1, 0, 0, 1, 1, 3, 1, 1, 3, 3, 1, 0, 0, 2, 0, 0, 0, 0, 1, 0, 2, 0, 0, 1, 1, 0, 0, 0, 0, 1, 0, 2, 0, 0],853.8134336796039,56995.486308939144,101115.22862513701,false
5,G1_CMAX,G1_CMAX,[31, 95, 9, 15, 82, 22, 42, 77, 26, 8, 10, 76, 91, 97, 43, 63, 20, 44, 18, 80, 45, 78, 86, 5, 84, 89, 61, 96, 35, 33, 7, 29, 51, 28, 55, 25, 92, 50, 30, 37, 39, 70, 73, 72, 93, 16, 11, 74, 59, 99, 90, 34, 54, 27, 48, 65, 69, 81, 32, 19, 58, 38, 56, 46, 64, 68, 67, 79, 75, 62, 88, 40, 57, 6, 36, 60, 41, 24, 66, 17, 1, 85, 71, 3, 83, 14, 98, 21, 53, 12, 2, 52, 4, 87, 49, 0, 94, 23, 47, 13]|[1, 1, 0, 1, 0, 0, 2, 2, 1, 1, 2, 1, 0, 1, 0, 2, 2, 2, 0, 0, 0, 1, 1, 2, 2, 1, 1, 1, 1, 2, 1, 1, 0, 1, 1, 1, 0, 0, 2, 0, 1, 1, 1, 2, 2, 1, 2, 2, 1, 0, 1, 2, 0, 0, 1, 1, 2, 2, 1, 0, 1, 1, 2, 0, 0, 0, 0, 1, 1, 1, 1, 2, 1, 0, 1, 1, 1, 2, 2, 2, 0, 0, 1, 1, 1, 2, 0, 0, 0, 1, 0, 2, 0, 2, 0, 0, 1, 2, 2, 0]|[2, 3, 2, 4, 1, 1, 2, 1, 0, 4, 1, 2, 1, 1, 1, 1, 1, 1, 1, 2, 1, 4, 4, 1, 1, 1, 3, 3, 3, 2, 1, 3, 1, 4, 4, 4, 0, 1, 1, 1, 0, 3, 4, 0, 2, 3, 1, 0, 1, 1, 3, 1, 2, 1, 4, 3, 2, 2, 1, 2, 0, 1, 1, 2, 1, 1, 0, 0, 2, 2, 0, 0, 2, 2, 3, 0, 4, 1, 0, 2, 1, 2, 3, 1, 3, 0, 0, 1, 2, 4, 2, 1, 1, 2, 1, 2, 4, 0, 0, 2]|[1, 1, 1, 0, 0, 0, 1, 0, 3, 0, 0, 2, 0, 3, 0, 0, 0, 0, 0, 0, 0, 1, 1, 0, 0, 1, 0, 2, 0, 0, 2, 0, 0, 1, 3, 3, 1, 0, 0, 0, 1, 0, 0, 1, 1, 2, 0, 0, 1, 0, 2, 0, 1, 0, 2, 0, 0, 1, 1, 0, 3, 1, 0, 0, 0, 0, 1, 0, 1, 1, 0, 0, 1, 1, 2, 0, 3, 1, 0, 0, 1, 0, 0, 1, 0, 1, 0, 0, 1, 3, 0, 0, 0, 0, 1, 0, 2, 0, 0, 0],741.0259643952477,59280.645567270396,113268.46410696392,false
5,G4_BALANCED,G3_TWC,[31, 22, 82, 15, 26, 9, 95, 42, 77, 12, 56, 5, 93, 78, 86, 54, 85, 63, 18, 44, 20, 35, 43, 97, 91, 76, 10, 30, 21, 45, 71, 64, 1, 23, 17, 83, 24, 41, 60, 36, 6, 57, 40, 88, 65, 47, 79, 69, 67, 68, 46, 75, 38, 58, 19, 32, 81, 48, 27, 62, 87, 90, 28, 59, 11, 16, 70, 73, 72, 39, 37, 84, 3, 92, 25, 55, 99, 51, 29, 7, 33, 61, 98, 14, 89, 50, 66, 96, 80, 53, 8, 2, 34, 4, 52, 49, 0, 94, 74, 13]|[1, 1, 0, 1, 1, 0, 1, 2, 2, 1, 2, 2, 2, 1, 1, 0, 0, 1, 0, 2, 2, 0, 1, 2, 0, 1, 2, 2, 0, 0, 1, 2, 1, 0, 1, 0, 2, 0, 1, 1, 0, 1, 1, 1, 0, 2, 2, 2, 0, 0, 0, 0, 1, 1, 2, 1, 2, 1, 0, 0, 2, 1, 0, 1, 2, 1, 2, 1, 2, 1, 1, 1, 1, 0, 1, 1, 1, 0, 0, 1, 0, 1, 0, 0, 1, 0, 2, 0, 0, 0, 1, 0, 2, 1, 1, 0, 0, 1, 2, 0]|[4, 3, 2, 2, 4, 1, 2, 2, 2, 4, 1, 1, 2, 4, 4, 1, 2, 4, 2, 1, 1, 1, 1, 2, 1, 2, 1, 1, 1, 1, 3, 2, 3, 0, 4, 0, 1, 1, 0, 3, 2, 2, 2, 0, 1, 0, 1, 2, 0, 1, 2, 2, 1, 0, 0, 3, 2, 4, 1, 0, 2, 3, 2, 1, 1, 3, 0, 4, 0, 1, 4, 1, 1, 0, 4, 4, 4, 1, 1, 1, 2, 3, 1, 1, 1, 1, 1, 1, 1, 2, 3, 2, 1, 4, 1, 1, 2, 4, 0, 2]|[0, 2, 1, 1, 3, 0, 1, 0, 0, 0, 1, 0, 1, 0, 1, 0, 0, 3, 1, 0, 0, 0, 3, 1, 0, 2, 0, 0, 0, 1, 0, 0, 0, 0, 3, 0, 1, 0, 0, 2, 1, 1, 1, 0, 0, 0, 0, 0, 1, 0, 0, 0, 1, 3, 0, 0, 1, 2, 0, 1, 0, 2, 1, 1, 0, 2, 1, 0, 1, 1, 1, 3, 1, 1, 3, 3, 1, 0, 0, 2, 1, 0, 0, 0, 1, 0, 0, 0, 0, 1, 2, 0, 0, 0, 1, 1, 0, 2, 0, 0],809.3766596189948,58251.06342705718,100178.15291552867,true
5,G2_TEC,G2_TEC,[31, 22, 82, 15, 26, 9, 95, 42, 77, 4, 47, 5, 93, 78, 86, 54, 85, 63, 18, 44, 20, 49, 36, 14, 74, 50, 53, 17, 21, 45, 71, 64, 3, 23, 30, 83, 24, 41, 60, 52, 65, 27, 90, 70, 39, 87, 48, 69, 99, 68, 46, 1, 38, 58, 97, 59, 28, 8, 73, 37, 35, 79, 11, 66, 76, 57, 72, 16, 92, 6, 80, 61, 33, 98, 32, 34, 51, 67, 10, 7, 56, 43, 62, 19, 91, 13, 29, 96, 94, 81, 84, 40, 88, 55, 75, 25, 12, 0, 89, 2]|[2, 1, 2, 1, 1, 2, 1, 1, 1, 1, 1, 0, 2, 2, 1, 2, 0, 0, 0, 2, 2, 1, 0, 2, 0, 2, 2, 1, 0, 1, 1, 1, 0, 0, 1, 0, 2, 1, 2, 2, 0, 1, 1, 1, 0, 2, 0, 2, 1, 0, 0, 2, 2, 0, 2, 0, 2, 1, 0, 0, 2, 1, 0, 2, 2, 1, 1, 1, 0, 1, 2, 1, 1, 0, 0, 1, 0, 0, 1, 2, 2, 1, 0, 2, 1, 0, 1, 0, 1, 1, 0, 2, 1, 0, 0, 1, 1, 0, 1, 2]|[0, 3, 0, 2, 4, 1, 4, 4, 2, 4, 3, 2, 1, 0, 2, 1, 1, 1, 2, 1, 2, 3, 0, 1, 0, 1, 1, 4, 1, 0, 3, 2, 2, 0, 4, 1, 1, 4, 0, 1, 2, 2, 4, 4, 1, 1, 0, 2, 3, 1, 2, 1, 2, 1, 1, 2, 0, 3, 0, 2, 2, 3, 1, 0, 1, 4, 4, 0, 0, 4, 1, 3, 4, 1, 2, 4, 0, 1, 3, 1, 0, 4, 2, 0, 3, 2, 3, 2, 4, 1, 2, 0, 4, 2, 2, 4, 3, 2, 4, 1]|[0, 2, 0, 1, 3, 0, 1, 3, 0, 0, 2, 0, 1, 0, 1, 0, 0, 0, 1, 0, 0, 2, 0, 0, 1, 0, 0, 3, 0, 1, 0, 2, 0, 0, 3, 0, 1, 3, 1, 0, 0, 1, 1, 3, 0, 0, 1, 0, 2, 0, 0, 0, 0, 0, 1, 0, 0, 0, 1, 1, 0, 2, 0, 0, 0, 1, 2, 1, 1, 2, 0, 0, 1, 0, 0, 2, 0, 0, 3, 0, 0, 2, 1, 0, 0, 0, 0, 0, 2, 1, 1, 0, 1, 0, 0, 3, 0, 0, 1, 0],881.4638349230657,54042.855127685005,122716.37488162471,false
5,G3_TWC,G3_TWC,[31, 22, 82, 15, 26, 9, 95, 42, 77, 12, 47, 5, 93, 78, 86, 54, 85, 63, 18, 44, 20, 35, 43, 97, 91, 76, 10, 30, 21, 45, 71, 64, 1, 23, 17, 83, 24, 41, 60, 36, 6, 57, 40, 88, 65, 56, 79, 69, 67, 68, 46, 75, 38, 58, 19, 32, 81, 48, 27, 62, 87, 90, 99, 59, 11, 16, 72, 73, 70, 39, 37, 84, 3, 92, 25, 55, 28, 51, 29, 7, 66, 61, 98, 14, 89, 50, 8, 96, 80, 53, 33, 2, 34, 4, 52, 49, 0, 94, 74, 13]|[1, 1, 0, 1, 1, 0, 1, 2, 2, 1, 2, 2, 2, 1, 1, 0, 0, 1, 0, 2, 2, 0, 1, 2, 0, 1, 2, 2, 0, 0, 1, 2, 1, 0, 1, 0, 2, 0, 1, 1, 0, 1, 1, 1, 0, 2, 2, 2, 0, 0, 0, 0, 1, 1, 2, 1, 2, 1, 0, 0, 2, 1, 0, 1, 2, 1, 2, 1, 1, 1, 1, 1, 1, 0, 1, 1, 0, 0, 0, 1, 2, 1, 0, 0, 1, 0, 1, 0, 0, 0, 0, 0, 2, 1, 2, 0, 0, 1, 2, 0]|[4, 3, 2, 2, 4, 1, 2, 2, 2, 4, 0, 1, 2, 4, 4, 1, 2, 4, 2, 1, 1, 1, 1, 2, 1, 2, 1, 1, 1, 1, 3, 2, 3, 0, 4, 0, 1, 1, 0, 3, 2, 2, 2, 0, 1, 1, 1, 2, 0, 1, 2, 2, 1, 0, 0, 3, 2, 4, 1, 2, 2, 3, 1, 1, 1, 3, 0, 4, 3, 1, 4, 1, 1, 0, 4, 4, 2, 1, 1, 1, 1, 3, 1, 1, 1, 1, 3, 1, 1, 2, 2, 2, 1, 4, 1, 1, 2, 4, 1, 2]|[0, 2, 1, 1, 3, 0, 1, 0, 0, 0, 0, 0, 1, 0, 1, 0, 0, 3, 1, 0, 0, 0, 3, 1, 0, 2, 0, 0, 0, 1, 0, 0, 0, 0, 3, 0, 1, 0, 0, 2, 1, 1, 1, 0, 0, 0, 0, 0, 1, 0, 0, 0, 1, 3, 0, 0, 1, 2, 0, 1, 0, 2, 0, 1, 0, 2, 1, 0, 0, 1, 1, 3, 1, 1, 3, 3, 1, 0, 0, 2, 0, 0, 0, 0, 1, 0, 2, 0, 0, 1, 1, 0, 0, 0, 0, 1, 0, 2, 0, 0],853.8134336796039,56995.486308939144,101115.22862513701,false
5,G1_CMAX,G1_CMAX,[31, 95, 9, 15, 82, 22, 42, 77, 26, 8, 10, 76, 91, 97, 43, 63, 20, 44, 18, 80, 45, 78, 86, 5, 84, 89, 61, 96, 35, 33, 7, 29, 51, 28, 55, 25, 92, 50, 30, 37, 39, 70, 73, 72, 93, 16, 11, 74, 59, 99, 90, 34, 54, 27, 48, 65, 69, 81, 32, 19, 58, 38, 56, 46, 64, 68, 67, 79, 75, 62, 88, 40, 57, 6, 36, 60, 41, 24, 66, 17, 1, 85, 71, 3, 83, 14, 98, 21, 53, 12, 2, 52, 4, 87, 49, 0, 94, 23, 47, 13]|[1, 1, 0, 1, 0, 0, 2, 2, 1, 1, 2, 1, 0, 1, 0, 2, 2, 2, 0, 0, 0, 1, 1, 2, 2, 1, 1, 1, 1, 2, 1, 1, 0, 1, 1, 1, 0, 0, 2, 0, 1, 1, 1, 2, 2, 1, 2, 2, 1, 0, 1, 2, 0, 0, 1, 1, 2, 2, 1, 0, 1, 1, 2, 0, 0, 0, 0, 1, 1, 1, 1, 2, 1, 0, 1, 1, 1, 2, 2, 2, 0, 0, 1, 1, 1, 2, 0, 0, 0, 1, 0, 2, 0, 2, 0, 0, 1, 2, 2, 0]|[2, 3, 2, 4, 1, 1, 2, 1, 0, 4, 1, 2, 1, 1, 1, 1, 1, 1, 1, 2, 1, 4, 4, 1, 1, 1, 3, 3, 3, 2, 1, 3, 1, 4, 4, 4, 0, 1, 1, 1, 0, 3, 4, 0, 2, 3, 1, 0, 1, 1, 3, 1, 2, 1, 4, 3, 2, 2, 1, 2, 0, 1, 1, 2, 1, 1, 0, 0, 2, 2, 0, 0, 2, 2, 3, 0, 4, 1, 0, 2, 1, 2, 3, 1, 3, 0, 0, 1, 2, 4, 2, 1, 1, 2, 1, 2, 4, 0, 0, 2]|[1, 1, 1, 0, 0, 0, 1, 0, 3, 0, 0, 2, 0, 3, 0, 0, 0, 0, 0, 0, 0, 1, 1, 0, 0, 1, 0, 2, 0, 0, 2, 0, 0, 1, 3, 3, 1, 0, 0, 0, 1, 0, 0, 1, 1, 2, 0, 0, 1, 0, 2, 0, 1, 0, 2, 0, 0, 1, 1, 0, 3, 1, 0, 0, 0, 0, 1, 0, 1, 1, 0, 0, 1, 1, 2, 0, 3, 1, 0, 0, 1, 0, 0, 1, 0, 1, 0, 0, 1, 3, 0, 0, 0, 0, 1, 0, 2, 0, 0, 0],741.0259643952477,59280.645567270396,113268.46410696392,false
5,G4_BALANCED,G3_TWC,[31, 22, 82, 15, 26, 9, 95, 42, 77, 12, 47, 5, 93, 78, 86, 54, 85, 63, 18, 44, 20, 35, 43, 97, 91, 76, 10, 30, 21, 45, 71, 64, 1, 23, 17, 83, 24, 41, 60, 36, 6, 57, 40, 88, 65, 56, 79, 69, 67, 68, 46, 75, 38, 58, 19, 32, 81, 48, 27, 62, 87, 90, 99, 59, 11, 16, 72, 73, 70, 39, 37, 84, 61, 92, 25, 55, 28, 51, 29, 7, 33, 3, 98, 14, 89, 50, 66, 96, 80, 53, 8, 2, 34, 4, 52, 49, 0, 94, 74, 13]|[1, 1, 0, 1, 1, 0, 1, 2, 2, 1, 2, 2, 2, 1, 0, 0, 0, 1, 0, 2, 2, 0, 1, 2, 0, 1, 2, 2, 0, 0, 1, 2, 1, 0, 1, 0, 2, 0, 1, 1, 0, 1, 1, 1, 0, 2, 2, 2, 0, 0, 0, 0, 1, 1, 2, 1, 2, 1, 0, 0, 2, 1, 0, 1, 2, 1, 2, 1, 1, 1, 1, 1, 1, 0, 1, 1, 0, 0, 0, 1, 0, 1, 0, 0, 1, 0, 2, 0, 0, 0, 1, 0, 2, 1, 2, 0, 0, 1, 2, 0]|[4, 3, 2, 2, 4, 1, 2, 2, 2, 4, 0, 1, 2, 4, 1, 1, 2, 4, 2, 1, 1, 1, 1, 2, 1, 2, 1, 1, 1, 1, 3, 2, 3, 0, 4, 0, 1, 1, 0, 3, 2, 2, 2, 0, 1, 1, 1, 2, 0, 1, 2, 2, 1, 0, 0, 3, 2, 4, 1, 2, 2, 3, 1, 1, 1, 3, 0, 4, 3, 1, 4, 1, 3, 0, 4, 4, 2, 1, 1, 1, 2, 1, 1, 1, 1, 1, 1, 1, 1, 2, 3, 2, 1, 4, 1, 1, 2, 4, 1, 2]|[0, 2, 1, 1, 3, 0, 1, 0, 0, 0, 0, 0, 1, 0, 0, 0, 0, 3, 1, 0, 0, 0, 3, 1, 0, 2, 0, 0, 0, 1, 0, 0, 0, 0, 3, 0, 1, 0, 0, 2, 1, 1, 1, 0, 0, 0, 0, 0, 1, 0, 0, 0, 1, 3, 0, 0, 1, 2, 0, 1, 0, 2, 0, 1, 0, 2, 1, 0, 0, 1, 1, 3, 0, 1, 3, 3, 1, 0, 0, 2, 1, 1, 0, 0, 1, 0, 0, 0, 0, 1, 2, 0, 0, 0, 0, 1, 0, 2, 0, 0],868.8091742880855,56907.63535836847,100432.67904127736,true
5,G2_TEC,G2_TEC,[31, 22, 82, 15, 26, 9, 95, 42, 77, 4, 47, 5, 93, 78, 86, 54, 85, 63, 18, 44, 20, 49, 36, 14, 74, 50, 53, 17, 21, 45, 71, 64, 3, 23, 30, 83, 24, 41, 60, 52, 65, 27, 90, 70, 39, 87, 48, 69, 99, 68, 46, 1, 38, 58, 97, 59, 28, 8, 73, 37, 35, 79, 11, 66, 76, 57, 72, 16, 92, 6, 80, 61, 33, 98, 32, 34, 51, 67, 10, 7, 56, 43, 62, 19, 91, 13, 29, 96, 94, 81, 84, 40, 88, 55, 75, 25, 12, 0, 89, 2]|[2, 1, 2, 1, 1, 2, 1, 1, 1, 1, 1, 0, 2, 2, 1, 2, 0, 0, 0, 2, 2, 1, 0, 2, 0, 2, 2, 1, 0, 1, 1, 1, 0, 0, 1, 0, 2, 1, 2, 2, 0, 1, 1, 1, 0, 2, 0, 2, 1, 0, 0, 2, 2, 0, 2, 0, 2, 1, 0, 0, 2, 1, 0, 2, 2, 1, 1, 1, 0, 1, 2, 1, 1, 0, 0, 1, 0, 0, 1, 2, 2, 1, 0, 2, 1, 0, 1, 0, 1, 1, 0, 2, 1, 0, 0, 1, 1, 0, 1, 2]|[0, 3, 0, 2, 4, 1, 4, 4, 2, 4, 3, 2, 1, 0, 2, 1, 1, 1, 2, 1, 2, 3, 0, 1, 0, 1, 1, 4, 1, 0, 3, 2, 2, 0, 4, 1, 1, 4, 0, 1, 2, 2, 4, 4, 1, 1, 0, 2, 3, 1, 2, 1, 2, 1, 1, 2, 0, 3, 0, 2, 2, 3, 1, 0, 1, 4, 4, 0, 0, 4, 1, 3, 4, 1, 2, 4, 0, 1, 3, 1, 0, 4, 2, 0, 3, 2, 3, 2, 4, 1, 2, 0, 4, 2, 2, 4, 3, 2, 4, 1]|[0, 2, 0, 1, 3, 0, 1, 3, 0, 0, 2, 0, 1, 0, 1, 0, 0, 0, 1, 0, 0, 2, 0, 0, 1, 0, 0, 3, 0, 1, 0, 2, 0, 0, 3, 0, 1, 3, 1, 0, 0, 1, 1, 3, 0, 0, 1, 0, 2, 0, 0, 0, 0, 0, 1, 0, 0, 0, 1, 1, 0, 2, 0, 0, 0, 1, 2, 1, 1, 2, 0, 0, 1, 0, 0, 2, 0, 0, 3, 0, 0, 2, 1, 0, 0, 0, 0, 0, 2, 1, 1, 0, 1, 0, 0, 3, 0, 0, 1, 0],881.4638349230657,54042.855127685005,122716.37488162471,false
5,G3_TWC,G3_TWC,[31, 22, 82, 15, 26, 9, 95, 42, 77, 12, 47, 5, 93, 78, 86, 54, 85, 63, 18, 44, 20, 35, 43, 97, 91, 76, 10, 30, 21, 45, 71, 64, 1, 23, 17, 83, 24, 41, 60, 36, 6, 57, 40, 88, 65, 56, 79, 69, 67, 68, 46, 75, 38, 58, 19, 32, 81, 48, 27, 62, 87, 90, 99, 59, 11, 16, 72, 73, 70, 39, 37, 84, 3, 92, 25, 55, 28, 51, 29, 7, 33, 61, 98, 14, 89, 50, 66, 96, 80, 53, 8, 2, 34, 4, 52, 49, 0, 94, 74, 13]|[1, 1, 0, 1, 1, 0, 1, 2, 2, 1, 2, 2, 2, 1, 1, 0, 0, 1, 0, 2, 2, 0, 1, 2, 0, 1, 2, 2, 0, 0, 1, 2, 1, 0, 1, 0, 2, 0, 1, 1, 0, 1, 1, 1, 0, 2, 1, 2, 0, 0, 0, 0, 1, 1, 2, 1, 2, 1, 0, 0, 2, 1, 0, 1, 2, 1, 2, 1, 1, 1, 1, 1, 1, 0, 1, 1, 0, 0, 0, 1, 0, 1, 0, 0, 1, 0, 2, 0, 0, 0, 1, 0, 2, 1, 2, 0, 0, 1, 2, 0]|[4, 3, 2, 2, 4, 1, 2, 2, 2, 4, 0, 1, 2, 4, 4, 1, 2, 4, 2, 1, 1, 1, 1, 2, 1, 2, 1, 1, 1, 1, 3, 2, 3, 0, 4, 0, 1, 1, 0, 3, 2, 2, 2, 0, 1, 1, 0, 2, 0, 1, 2, 2, 1, 0, 0, 3, 2, 4, 1, 2, 2, 3, 1, 1, 1, 3, 0, 4, 3, 1, 4, 1, 1, 0, 4, 4, 2, 1, 1, 1, 2, 3, 1, 1, 1, 1, 1, 1, 1, 2, 3, 2, 1, 4, 1, 1, 2, 4, 1, 2]|[0, 2, 1, 1, 3, 0, 1, 0, 0, 0, 0, 0, 1, 0, 1, 0, 0, 3, 1, 0, 0, 0, 3, 1, 0, 2, 0, 0, 0, 1, 0, 0, 0, 0, 3, 0, 1, 0, 0, 2, 1, 1, 1, 0, 0, 0, 0, 0, 1, 0, 0, 0, 1, 3, 0, 0, 1, 2, 0, 1, 0, 2, 0, 1, 0, 2, 1, 0, 0, 1, 1, 3, 1, 1, 3, 3, 1, 0, 0, 2, 1, 0, 0, 0, 1, 0, 0, 0, 0, 1, 2, 0, 0, 0, 0, 1, 0, 2, 0, 0],841.203111962131,56988.10732967789,100579.33830527878,false
5,G1_CMAX,G4_BALANCED,[31, 22, 82, 15, 26, 9, 95, 42, 77, 12, 47, 5, 93, 78, 86, 54, 85, 63, 18, 44, 20, 35, 43, 97, 91, 76, 10, 30, 21, 45, 71, 64, 1, 23, 17, 83, 24, 41, 60, 36, 6, 57, 40, 88, 65, 56, 79, 69, 67, 68, 46, 75, 38, 58, 19, 32, 81, 48, 27, 62, 87, 90, 99, 59, 11, 16, 72, 73, 70, 39, 37, 84, 3, 92, 25, 55, 28, 51, 29, 7, 33, 61, 98, 66, 89, 50, 14, 96, 80, 53, 8, 2, 34, 4, 52, 49, 0, 94, 74, 13]|[1, 1, 0, 1, 1, 0, 1, 2, 2, 1, 2, 2, 2, 1, 1, 0, 0, 1, 0, 2, 2, 0, 1, 2, 0, 1, 2, 2, 0, 0, 1, 2, 1, 2, 1, 0, 2, 1, 1, 1, 0, 1, 1, 1, 0, 2, 1, 2, 0, 0, 0, 0, 1, 1, 2, 1, 2, 1, 0, 0, 2, 1, 0, 1, 2, 1, 2, 1, 2, 1, 1, 1, 1, 0, 1, 1, 0, 0, 0, 1, 0, 1, 0, 2, 1, 0, 0, 0, 0, 0, 1, 0, 2, 1, 2, 0, 0, 1, 2, 0]|[4, 3, 2, 2, 4, 1, 2, 2, 2, 4, 0, 1, 2, 4, 4, 1, 2, 4, 2, 1, 1, 1, 1, 2, 1, 2, 1, 1, 1, 1, 3, 2, 3, 0, 4, 0, 1, 4, 0, 3, 2, 2, 2, 0, 1, 1, 0, 2, 0, 1, 2, 2, 1, 0, 0, 3, 2, 4, 1, 2, 2, 3, 1, 1, 1, 3, 0, 4, 2, 1, 4, 1, 1, 0, 4, 4, 2, 1, 1, 1, 2, 3, 1, 1, 1, 1, 1, 1, 1, 2, 3, 2, 1, 4, 1, 1, 2, 4, 1, 2]|[0, 2, 1, 1, 3, 0, 1, 0, 0, 0, 0, 0, 1, 0, 1, 0, 0, 3, 1, 0, 0, 0, 3, 1, 0, 2, 0, 0, 0, 1, 0, 0, 0, 0, 3, 0, 1, 3, 0, 2, 1, 1, 1, 0, 0, 0, 0, 0, 1, 0, 0, 0, 1, 3, 0, 0, 1, 2, 0, 1, 0, 2, 0, 1, 0, 2, 1, 0, 1, 1, 1, 3, 1, 1, 3, 3, 1, 0, 0, 2, 1, 0, 0, 0, 1, 0, 0, 0, 0, 1, 2, 0, 0, 0, 0, 1, 0, 2, 0, 0],795.1917007619443,57655.611404342686,103155.65270169376,true
5,G4_BALANCED,G3_TWC,[31, 22, 82, 15, 26, 9, 95, 42, 77, 12, 47, 5, 93, 78, 86, 54, 85, 63, 18, 44, 20, 35, 43, 97, 91, 76, 10, 30, 21, 45, 71, 64, 1, 23, 17, 83, 24, 41, 60, 36, 6, 57, 40, 88, 65, 56, 79, 69, 67, 68, 46, 75, 38, 58, 19, 32, 81, 48, 27, 62, 87, 90, 99, 59, 11, 16, 72, 73, 70, 39, 37, 55, 3, 92, 28, 84, 25, 51, 29, 7, 33, 61, 98, 14, 89, 50, 66, 96, 80, 53, 8, 2, 34, 4, 52, 49, 0, 94, 74, 13]|[1, 1, 0, 1, 1, 0, 1, 2, 2, 1, 2, 2, 2, 1, 1, 0, 0, 1, 0, 2, 2, 0, 1, 2, 0, 1, 2, 2, 0, 0, 1, 2, 1, 0, 1, 0, 2, 1, 1, 1, 0, 1, 1, 1, 0, 2, 2, 2, 0, 0, 0, 0, 1, 1, 2, 1, 2, 1, 0, 0, 2, 1, 0, 1, 2, 1, 2, 1, 1, 1, 1, 1, 1, 0, 0, 1, 1, 0, 0, 1, 0, 1, 0, 0, 1, 0, 2, 0, 0, 0, 1, 0, 2, 1, 2, 0, 0, 1, 2, 0]|[4, 3, 2, 2, 4, 1, 2, 2, 2, 4, 0, 1, 2, 4, 4, 1, 2, 4, 2, 1, 1, 1, 1, 2, 1, 2, 1, 1, 1, 1, 3, 2, 3, 0, 4, 0, 1, 4, 0, 3, 2, 2, 2, 0, 1, 1, 1, 2, 0, 1, 2, 2, 1, 0, 0, 3, 2, 4, 1, 2, 2, 3, 1, 1, 1, 3, 0, 4, 3, 1, 4, 1, 1, 0, 2, 4, 4, 1, 1, 1, 2, 3, 1, 1, 1, 1, 1, 1, 1, 2, 3, 2, 1, 4, 1, 1, 2, 4, 1, 2]|[0, 2, 1, 1, 3, 0, 1, 0, 0, 0, 0, 0, 1, 0, 1, 0, 0, 3, 1, 0, 0, 0, 3, 1, 0, 2, 0, 0, 0, 1, 0, 0, 0, 0, 3, 0, 1, 3, 0, 2, 1, 1, 1, 0, 0, 0, 0, 0, 1, 0, 0, 0, 1, 3, 0, 0, 1, 2, 0, 1, 0, 2, 0, 1, 0, 2, 1, 0, 0, 1, 1, 3, 1, 1, 1, 3, 3, 0, 0, 2, 1, 0, 0, 0, 1, 0, 0, 0, 0, 1, 2, 0, 0, 0, 0, 1, 0, 2, 0, 0],818.4719059587114,57202.491905601826,102149.40615932184,true
5,G2_TEC,G2_TEC,[31, 22, 82, 15, 26, 9, 95, 42, 77, 4, 47, 5, 93, 78, 86, 54, 85, 63, 18, 44, 20, 49, 36, 14, 74, 50, 53, 17, 21, 45, 71, 64, 3, 23, 30, 83, 24, 41, 60, 52, 65, 27, 90, 70, 39, 87, 48, 69, 99, 68, 46, 1, 38, 58, 97, 59, 28, 8, 73, 37, 35, 79, 11, 66, 76, 57, 72, 16, 92, 6, 80, 61, 33, 98, 32, 34, 51, 67, 10, 7, 56, 43, 62, 19, 91, 13, 29, 96, 94, 81, 84, 40, 88, 55, 75, 25, 12, 0, 89, 2]|[2, 1, 2, 1, 1, 2, 1, 1, 1, 1, 1, 0, 2, 2, 1, 2, 0, 0, 0, 2, 2, 1, 0, 2, 0, 2, 2, 1, 0, 1, 1, 1, 0, 0, 1, 0, 2, 1, 2, 2, 0, 1, 1, 1, 0, 2, 0, 2, 1, 0, 0, 2, 2, 0, 2, 0, 2, 1, 0, 0, 2, 1, 0, 2, 2, 1, 1, 1, 0, 1, 2, 1, 1, 0, 0, 1, 0, 0, 1, 2, 2, 1, 0, 2, 1, 0, 1, 0, 1, 1, 0, 2, 1, 0, 0, 1, 1, 0, 1, 2]|[0, 3, 0, 2, 4, 1, 4, 4, 2, 4, 3, 2, 1, 0, 2, 1, 1, 1, 2, 1, 2, 3, 0, 1, 0, 1, 1, 4, 1, 0, 3, 2, 2, 0, 4, 1, 1, 4, 0, 1, 2, 2, 4, 4, 1, 1, 0, 2, 3, 1, 2, 1, 2, 1, 1, 2, 0, 3, 0, 2, 2, 3, 1, 0, 1, 4, 4, 0, 0, 4, 1, 3, 4, 1, 2, 4, 0, 1, 3, 1, 0, 4, 2, 0, 3, 2, 3, 2, 4, 1, 2, 0, 4, 2, 2, 4, 3, 2, 4, 1]|[0, 2, 0, 1, 3, 0, 1, 3, 0, 0, 2, 0, 1, 0, 1, 0, 0, 0, 1, 0, 0, 2, 0, 0, 1, 0, 0, 3, 0, 1, 0, 2, 0, 0, 3, 0, 1, 3, 1, 0, 0, 1, 1, 3, 0, 0, 1, 0, 2, 0, 0, 0, 0, 0, 1, 0, 0, 0, 1, 1, 0, 2, 0, 0, 0, 1, 2, 1, 1, 2, 0, 0, 1, 0, 0, 2, 0, 0, 3, 0, 0, 2, 1, 0, 0, 0, 0, 0, 2, 1, 1, 0, 1, 0, 0, 3, 0, 0, 1, 0],881.4638349230657,54042.855127685005,122716.37488162471,false
5,G3_TWC,G3_TWC,[31, 22, 82, 15, 26, 9, 95, 42, 77, 12, 47, 5, 93, 78, 86, 54, 85, 63, 18, 44, 20, 35, 43, 97, 91, 76, 10, 30, 21, 45, 71, 64, 1, 23, 17, 83, 24, 41, 60, 36, 6, 57, 40, 88, 65, 56, 79, 69, 67, 68, 46, 75, 38, 58, 19, 32, 81, 48, 27, 62, 87, 90, 99, 59, 11, 16, 72, 73, 70, 39, 37, 84, 3, 92, 25, 55, 28, 51, 29, 7, 33, 61, 98, 14, 89, 50, 66, 96, 80, 53, 8, 2, 34, 4, 52, 49, 0, 94, 74, 13]|[1, 1, 0, 1, 1, 0, 1, 2, 2, 1, 2, 2, 2, 1, 1, 0, 0, 1, 0, 2, 2, 0, 1, 2, 0, 1, 2, 2, 0, 0, 1, 2, 1, 0, 1, 0, 2, 0, 1, 1, 0, 1, 1, 1, 0, 2, 1, 2, 0, 0, 0, 0, 1, 1, 2, 1, 2, 1, 0, 0, 2, 1, 0, 1, 2, 1, 2, 1, 1, 1, 1, 1, 1, 0, 1, 1, 0, 0, 0, 1, 0, 1, 0, 0, 1, 0, 2, 0, 0, 0, 1, 0, 2, 1, 2, 0, 0, 1, 2, 0]|[4, 3, 2, 2, 4, 1, 2, 2, 2, 4, 0, 1, 2, 4, 4, 1, 2, 4, 2, 1, 1, 1, 1, 2, 1, 2, 1, 1, 1, 1, 3, 2, 3, 0, 4, 0, 1, 1, 0, 3, 2, 2, 2, 0, 1, 1, 0, 2, 0, 1, 2, 2, 1, 0, 0, 3, 2, 4, 1, 2, 2, 3, 1, 1, 1, 3, 0, 4, 3, 1, 4, 1, 1, 0, 4, 4, 2, 1, 1, 1, 2, 3, 1, 1, 1, 1, 1, 1, 1, 2, 3, 2, 1, 4, 1, 1, 2, 4, 1, 2]|[0, 2, 1, 1, 3, 0, 1, 0, 0, 0, 0, 0, 1, 0, 1, 0, 0, 3, 1, 0, 0, 0, 3, 1, 0, 2, 0, 0, 0, 1, 0, 0, 0, 0, 3, 0, 1, 0, 0, 2, 1, 1, 1, 0, 0, 0, 0, 0, 1, 0, 0, 0, 1, 3, 0, 0, 1, 2, 0, 1, 0, 2, 0, 1, 0, 2, 1, 0, 0, 1, 1, 3, 1, 1, 3, 3, 1, 0, 0, 2, 1, 0, 0, 0, 1, 0, 0, 0, 0, 1, 2, 0, 0, 0, 0, 1, 0, 2, 0, 0],841.203111962131,56988.10732967789,100579.33830527878,false
5,G1_CMAX,G1_CMAX,[31, 95, 9, 15, 82, 22, 42, 77, 26, 8, 10, 76, 91, 97, 43, 63, 20, 44, 18, 80, 45, 78, 86, 5, 84, 89, 61, 96, 35, 33, 7, 29, 51, 28, 55, 25, 92, 50, 30, 37, 39, 70, 73, 72, 93, 16, 11, 74, 59, 99, 90, 34, 54, 27, 48, 65, 69, 81, 32, 19, 58, 38, 56, 46, 64, 68, 67, 79, 75, 62, 88, 40, 57, 6, 36, 60, 41, 24, 66, 17, 1, 85, 71, 3, 83, 14, 98, 21, 53, 12, 2, 52, 4, 87, 49, 0, 94, 23, 47, 13]|[1, 1, 0, 1, 0, 0, 2, 2, 1, 1, 2, 1, 0, 1, 0, 2, 2, 2, 0, 0, 0, 1, 1, 2, 2, 1, 1, 1, 1, 2, 1, 1, 0, 1, 1, 1, 0, 0, 2, 0, 1, 1, 1, 2, 2, 1, 2, 2, 1, 0, 1, 2, 0, 0, 1, 1, 2, 2, 1, 0, 1, 1, 2, 0, 0, 0, 0, 1, 1, 1, 1, 2, 1, 0, 1, 1, 1, 2, 2, 2, 0, 0, 1, 1, 1, 2, 0, 0, 0, 1, 0, 2, 0, 2, 0, 0, 1, 2, 2, 0]|[2, 3, 2, 4, 1, 1, 2, 1, 0, 4, 1, 2, 1, 1, 1, 1, 1, 1, 1, 2, 1, 4, 4, 1, 1, 1, 3, 3, 3, 2, 1, 3, 1, 4, 4, 4, 0, 1, 1, 1, 0, 3, 4, 0, 2, 3, 1, 0, 1, 1, 3, 1, 2, 1, 4, 3, 2, 2, 1, 2, 0, 1, 1, 2, 1, 1, 0, 0, 2, 2, 0, 0, 2, 2, 3, 0, 4, 1, 0, 2, 1, 2, 3, 1, 3, 0, 0, 1, 2, 4, 2, 1, 1, 2, 1, 2, 4, 0, 0, 2]|[1, 1, 1, 0, 0, 0, 1, 0, 3, 0, 0, 2, 0, 3, 0, 0, 0, 0, 0, 0, 0, 1, 1, 0, 0, 1, 0, 2, 0, 0, 2, 0, 0, 1, 3, 3, 1, 0, 0, 0, 1, 0, 0, 1, 1, 2, 0, 0, 1, 0, 2, 0, 1, 0, 2, 0, 0, 1, 1, 0, 3, 1, 0, 0, 0, 0, 1, 0, 1, 1, 0, 0, 1, 1, 2, 0, 3, 1, 0, 0, 1, 0, 0, 1, 0, 1, 0, 0, 1, 3, 0, 0, 0, 0, 1, 0, 2, 0, 0, 0],741.0259643952477,59280.645567270396,113268.46410696392,false
5,G4_BALANCED,G4_BALANCED,[31, 22, 82, 15, 26, 9, 90, 42, 77, 4, 47, 5, 93, 78, 86, 54, 85, 63, 18, 44, 20, 49, 36, 14, 74, 50, 53, 17, 21, 45, 71, 64, 3, 23, 30, 83, 24, 41, 60, 52, 65, 27, 95, 70, 39, 87, 48, 69, 99, 68, 46, 1, 38, 58, 97, 59, 28, 8, 73, 37, 35, 79, 11, 66, 76, 57, 72, 16, 92, 6, 80, 61, 33, 98, 32, 34, 62, 67, 10, 7, 19, 43, 51, 56, 91, 13, 29, 96, 0, 81, 2, 40, 88, 55, 75, 25, 12, 94, 89, 84]|[1, 1, 2, 1, 1, 2, 1, 0, 1, 1, 1, 0, 2, 2, 1, 2, 0, 0, 0, 2, 2, 1, 0, 2, 0, 2, 2, 1, 0, 1, 1, 1, 0, 0, 1, 0, 2, 1, 2, 2, 0, 1, 1, 1, 0, 1, 0, 2, 1, 0, 0, 2, 2, 0, 2, 0, 2, 1, 0, 0, 2, 1, 0, 2, 2, 0, 1, 1, 0, 0, 2, 1, 1, 0, 0, 1, 0, 0, 1, 2, 2, 1, 0, 2, 1, 0, 1, 0, 0, 1, 2, 2, 1, 0, 0, 1, 1, 1, 1, 0]|[3, 3, 0, 2, 4, 1, 4, 0, 2, 4, 3, 2, 1, 0, 2, 1, 1, 1, 2, 1, 2, 3, 0, 1, 0, 1, 1, 4, 1, 0, 3, 2, 2, 0, 4, 1, 1, 4, 0, 1, 2, 2, 4, 4, 1, 0, 0, 2, 3, 1, 2, 1, 2, 1, 1, 2, 0, 3, 0, 2, 2, 3, 1, 0, 1, 0, 4, 0, 0, 1, 1, 3, 4, 1, 2, 4, 2, 1, 3, 1, 0, 4, 0, 0, 3, 2, 3, 2, 2, 1, 1, 0, 4, 2, 2, 4, 3, 4, 4, 2]|[2, 2, 0, 1, 3, 0, 1, 0, 0, 0, 2, 0, 1, 0, 1, 0, 0, 0, 1, 0, 0, 2, 0, 0, 1, 0, 0, 3, 0, 1, 0, 2, 0, 0, 3, 0, 1, 3, 1, 0, 0, 1, 1, 3, 0, 0, 1, 0, 2, 0, 0, 0, 0, 0, 1, 0, 0, 0, 1, 1, 0, 2, 0, 0, 0, 1, 2, 1, 1, 0, 0, 0, 1, 0, 0, 2, 1, 0, 3, 0, 0, 2, 0, 0, 0, 0, 0, 0, 0, 1, 0, 0, 1, 0, 0, 3, 0, 2, 1, 1],978.0208004651386,54558.8309842313,116079.59413684881,false
5,G2_TEC,G2_TEC,[31, 22, 82, 15, 26, 9, 95, 42, 77, 4, 47, 5, 93, 78, 86, 54, 85, 63, 18, 44, 20, 49, 36, 14, 74, 50, 53, 17, 21, 45, 71, 64, 3, 23, 30, 83, 24, 41, 60, 52, 65, 27, 90, 70, 39, 87, 48, 69, 99, 68, 46, 1, 38, 58, 97, 59, 28, 8, 73, 37, 35, 79, 11, 66, 76, 57, 72, 16, 92, 6, 80, 61, 33, 98, 32, 34, 51, 67, 10, 7, 56, 43, 62, 19, 91, 13, 29, 96, 94, 81, 84, 40, 88, 55, 75, 25, 12, 0, 89, 2]|[2, 1, 2, 1, 1, 2, 1, 1, 1, 1, 1, 0, 2, 2, 1, 2, 0, 0, 0, 2, 2, 1, 0, 2, 0, 2, 2, 1, 0, 1, 1, 1, 0, 0, 1, 0, 2, 1, 2, 2, 0, 1, 1, 1, 0, 2, 0, 2, 1, 0, 0, 2, 2, 0, 2, 0, 2, 1, 0, 0, 2, 1, 0, 2, 2, 1, 1, 1, 0, 1, 2, 1, 1, 0, 0, 1, 0, 0, 1, 2, 2, 1, 0, 2, 1, 0, 1, 0, 1, 1, 0, 2, 1, 0, 0, 1, 1, 0, 1, 2]|[0, 3, 0, 2, 4, 1, 4, 4, 2, 4, 3, 2, 1, 0, 2, 1, 1, 1, 2, 1, 2, 3, 0, 1, 0, 1, 1, 4, 1, 0, 3, 2, 2, 0, 4, 1, 1, 4, 0, 1, 2, 2, 4, 4, 1, 1, 0, 2, 3, 1, 2, 1, 2, 1, 1, 2, 0, 3, 0, 2, 2, 3, 1, 0, 1, 4, 4, 0, 0, 4, 1, 3, 4, 1, 2, 4, 0, 1, 3, 1, 0, 4, 2, 0, 3, 2, 3, 2, 4, 1, 2, 0, 4, 2, 2, 4, 3, 2, 4, 1]|[0, 2, 0, 1, 3, 0, 1, 3, 0, 0, 2, 0, 1, 0, 1, 0, 0, 0, 1, 0, 0, 2, 0, 0, 1, 0, 0, 3, 0, 1, 0, 2, 0, 0, 3, 0, 1, 3, 1, 0, 0, 1, 1, 3, 0, 0, 1, 0, 2, 0, 0, 0, 0, 0, 1, 0, 0, 0, 1, 1, 0, 2, 0, 0, 0, 1, 2, 1, 1, 2, 0, 0, 1, 0, 0, 2, 0, 0, 3, 0, 0, 2, 1, 0, 0, 0, 0, 0, 2, 1, 1, 0, 1, 0, 0, 3, 0, 0, 1, 0],881.4638349230657,54042.855127685005,122716.37488162471,false
5,G3_TWC,G3_TWC,[31, 22, 82, 15, 26, 9, 95, 42, 77, 12, 47, 5, 93, 78, 86, 54, 85, 63, 18, 44, 20, 35, 43, 97, 91, 76, 10, 30, 21, 45, 71, 64, 1, 23, 17, 83, 24, 41, 60, 36, 6, 57, 40, 88, 65, 56, 79, 69, 67, 68, 46, 75, 38, 58, 19, 32, 81, 48, 27, 62, 87, 90, 99, 59, 11, 16, 72, 73, 70, 39, 37, 84, 3, 92, 25, 55, 28, 51, 29, 7, 33, 61, 98, 14, 89, 50, 66, 96, 80, 53, 8, 2, 34, 4, 52, 49, 0, 94, 74, 13]|[1, 1, 0, 1, 1, 0, 1, 2, 2, 1, 2, 2, 2, 1, 1, 0, 0, 1, 0, 2, 2, 0, 1, 2, 0, 1, 2, 2, 0, 0, 1, 2, 1, 0, 1, 0, 2, 0, 1, 1, 0, 1, 1, 1, 0, 2, 1, 2, 0, 0, 0, 0, 1, 1, 2, 1, 2, 1, 0, 0, 2, 1, 0, 1, 2, 1, 2, 1, 1, 1, 1, 1, 1, 0, 1, 1, 0, 0, 0, 1, 0, 1, 0, 0, 1, 0, 2, 0, 0, 0, 1, 0, 2, 1, 2, 0, 0, 1, 2, 0]|[4, 3, 2, 2, 4, 1, 2, 2, 2, 4, 0, 1, 2, 4, 4, 1, 2, 4, 2, 1, 1, 1, 1, 2, 1, 2, 1, 1, 1, 1, 3, 2, 3, 0, 4, 0, 1, 1, 0, 3, 2, 2, 2, 0, 1, 1, 0, 2, 0, 1, 2, 2, 1, 0, 0, 3, 2, 4, 1, 2, 2, 3, 1, 1, 1, 3, 0, 4, 3, 1, 4, 1, 1, 0, 4, 4, 2, 1, 1, 1, 2, 3, 1, 1, 1, 1, 1, 1, 1, 2, 3, 2, 1, 4, 1, 1, 2, 4, 1, 2]|[0, 2, 1, 1, 3, 0, 1, 0, 0, 0, 0, 0, 1, 0, 1, 0, 0, 3, 1, 0, 0, 0, 3, 1, 0, 2, 0, 0, 0, 1, 0, 0, 0, 0, 3, 0, 1, 0, 0, 2, 1, 1, 1, 0, 0, 0, 0, 0, 1, 0, 0, 0, 1, 3, 0, 0, 1, 2, 0, 1, 0, 2, 0, 1, 0, 2, 1, 0, 0, 1, 1, 3, 1, 1, 3, 3, 1, 0, 0, 2, 1, 0, 0, 0, 1, 0, 0, 0, 0, 1, 2, 0, 0, 0, 0, 1, 0, 2, 0, 0],841.203111962131,56988.10732967789,100579.33830527878,false
5,G1_CMAX,G3_TWC,[31, 22, 82, 15, 26, 9, 95, 42, 77, 12, 47, 5, 93, 78, 86, 54, 85, 63, 18, 44, 20, 35, 43, 97, 91, 76, 10, 30, 21, 45, 71, 64, 1, 23, 17, 83, 24, 41, 60, 36, 6, 57, 40, 88, 65, 56, 79, 69, 67, 68, 46, 75, 38, 58, 19, 32, 81, 48, 27, 62, 87, 90, 99, 59, 11, 16, 72, 73, 70, 39, 37, 55, 3, 92, 28, 84, 25, 51, 29, 7, 33, 61, 98, 14, 89, 50, 66, 96, 80, 53, 8, 2, 34, 4, 52, 49, 0, 94, 74, 13]|[1, 1, 0, 1, 1, 0, 1, 2, 2, 1, 2, 2, 2, 1, 0, 0, 0, 1, 0, 2, 2, 0, 1, 2, 0, 1, 2, 2, 0, 0, 1, 2, 1, 0, 1, 0, 2, 0, 1, 1, 0, 1, 1, 1, 0, 2, 2, 2, 0, 0, 0, 0, 1, 1, 0, 1, 2, 1, 0, 0, 2, 1, 0, 1, 2, 1, 2, 1, 1, 1, 1, 1, 1, 0, 0, 1, 1, 0, 0, 1, 0, 1, 0, 0, 1, 0, 2, 0, 0, 0, 1, 0, 2, 1, 2, 0, 0, 1, 2, 0]|[4, 3, 2, 2, 4, 1, 2, 2, 2, 4, 0, 1, 2, 4, 1, 1, 2, 4, 2, 1, 1, 1, 1, 2, 1, 2, 1, 1, 1, 1, 3, 2, 3, 0, 4, 0, 1, 1, 0, 3, 2, 2, 2, 0, 1, 1, 1, 2, 0, 1, 2, 2, 1, 0, 1, 3, 2, 4, 1, 2, 2, 3, 1, 1, 1, 3, 0, 4, 3, 1, 4, 1, 1, 0, 2, 4, 4, 1, 1, 1, 2, 3, 1, 1, 1, 1, 1, 1, 1, 2, 3, 2, 1, 4, 1, 1, 2, 4, 1, 2]|[0, 2, 1, 1, 3, 0, 1, 0, 0, 0, 0, 0, 1, 0, 0, 0, 0, 3, 1, 0, 0, 0, 3, 1, 0, 2, 0, 0, 0, 1, 0, 0, 0, 0, 3, 0, 1, 0, 0, 2, 1, 1, 1, 0, 0, 0, 0, 0, 1, 0, 0, 0, 1, 3, 0, 0, 1, 2, 0, 1, 0, 2, 0, 1, 0, 2, 1, 0, 0, 1, 1, 3, 1, 1, 1, 3, 3, 0, 0, 2, 1, 0, 0, 0, 1, 0, 0, 0, 0, 1, 2, 0, 0, 0, 0, 1, 0, 2, 0, 0],879.3285630499419,56799.43778824979,99469.47485359936,true
5,G4_BALANCED,G4_BALANCED,[31, 22, 82, 15, 26, 9, 90, 42, 77, 4, 47, 5, 93, 78, 86, 54, 85, 63, 18, 44, 20, 49, 36, 14, 74, 50, 53, 17, 21, 45, 71, 64, 3, 23, 30, 83, 24, 41, 60, 52, 65, 27, 95, 70, 39, 87, 48, 69, 99, 68, 46, 1, 38, 58, 97, 59, 28, 8, 73, 37, 35, 79, 11, 66, 76, 57, 72, 16, 92, 6, 80, 61, 33, 98, 32, 34, 62, 67, 10, 7, 19, 43, 51, 56, 91, 13, 29, 96, 0, 81, 2, 40, 88, 55, 75, 25, 12, 94, 89, 84]|[1, 1, 2, 1, 1, 2, 1, 0, 1, 1, 1, 0, 2, 2, 1, 2, 0, 0, 0, 2, 2, 1, 0, 2, 0, 2, 2, 1, 0, 1, 1, 1, 0, 0, 1, 0, 2, 1, 2, 2, 0, 1, 1, 1, 0, 1, 0, 2, 1, 0, 0, 2, 2, 0, 2, 0, 2, 1, 0, 0, 2, 1, 0, 2, 2, 0, 1, 1, 0, 0, 2, 1, 1, 0, 0, 1, 0, 0, 1, 2, 2, 1, 0, 2, 1, 0, 1, 0, 0, 1, 2, 2, 1, 0, 0, 1, 1, 1, 1, 0]|[3, 3, 0, 2, 4, 1, 4, 0, 2, 4, 3, 2, 1, 0, 2, 1, 1, 1, 2, 1, 2, 3, 0, 1, 0, 1, 1, 4, 1, 0, 3, 2, 2, 0, 4, 1, 1, 4, 0, 1, 2, 2, 4, 4, 1, 0, 0, 2, 3, 1, 2, 1, 2, 1, 1, 2, 0, 3, 0, 2, 2, 3, 1, 0, 1, 0, 4, 0, 0, 1, 1, 3, 4, 1, 2, 4, 2, 1, 3, 1, 0, 4, 0, 0, 3, 2, 3, 2, 2, 1, 1, 0, 4, 2, 2, 4, 3, 4, 4, 2]|[2, 2, 0, 1, 3, 0, 1, 0, 0, 0, 2, 0, 1, 0, 1, 0, 0, 0, 1, 0, 0, 2, 0, 0, 1, 0, 0, 3, 0, 1, 0, 2, 0, 0, 3, 0, 1, 3, 1, 0, 0, 1, 1, 3, 0, 0, 1, 0, 2, 0, 0, 0, 0, 0, 1, 0, 0, 0, 1, 1, 0, 2, 0, 0, 0, 1, 2, 1, 1, 0, 0, 0, 1, 0, 0, 2, 1, 0, 3, 0, 0, 2, 0, 0, 0, 0, 0, 0, 0, 1, 0, 0, 1, 0, 0, 3, 0, 2, 1, 1],978.0208004651386,54558.8309842313,116079.59413684881,false
5,G2_TEC,G2_TEC,[31, 22, 82, 15, 26, 9, 95, 42, 77, 4, 47, 5, 93, 78, 86, 54, 85, 63, 18, 44, 20, 49, 36, 14, 74, 50, 53, 17, 21, 45, 71, 64, 3, 23, 30, 83, 24, 41, 60, 52, 65, 27, 90, 70, 39, 87, 48, 69, 99, 68, 46, 1, 38, 58, 97, 59, 28, 8, 73, 37, 35, 79, 11, 66, 76, 57, 72, 16, 92, 6, 80, 61, 33, 98, 55, 34, 29, 67, 10, 7, 56, 43, 62, 19, 91, 94, 13, 96, 51, 81, 84, 40, 88, 32, 75, 25, 12, 0, 89, 2]|[2, 1, 2, 1, 1, 2, 1, 1, 1, 1, 1, 0, 2, 2, 1, 2, 0, 0, 0, 2, 2, 1, 0, 2, 0, 2, 2, 1, 0, 1, 1, 1, 0, 0, 1, 0, 2, 1, 2, 2, 0, 1, 1, 1, 0, 2, 0, 2, 1, 0, 0, 2, 2, 0, 2, 0, 2, 1, 0, 0, 2, 1, 0, 2, 2, 1, 1, 1, 0, 1, 2, 1, 1, 0, 0, 1, 1, 0, 1, 2, 2, 1, 0, 2, 1, 1, 0, 0, 1, 1, 0, 2, 1, 0, 0, 1, 1, 0, 1, 2]|[0, 3, 0, 2, 4, 1, 4, 4, 2, 4, 3, 2, 1, 0, 2, 1, 1, 1, 2, 1, 2, 3, 0, 1, 0, 1, 1, 4, 1, 0, 3, 2, 2, 0, 4, 1, 1, 4, 0, 1, 2, 2, 4, 4, 1, 1, 0, 2, 3, 1, 2, 1, 2, 1, 1, 2, 0, 3, 0, 2, 2, 3, 1, 0, 1, 4, 4, 0, 2, 4, 1, 3, 4, 1, 2, 4, 3, 1, 3, 1, 0, 4, 2, 0, 3, 4, 2, 2, 3, 1, 2, 0, 4, 2, 2, 4, 3, 2, 4, 1]|[0, 2, 0, 1, 3, 0, 1, 3, 0, 0, 2, 0, 1, 0, 1, 0, 0, 0, 1, 0, 0, 2, 0, 0, 1, 0, 0, 3, 0, 1, 0, 2, 0, 0, 3, 0, 1, 3, 1, 0, 0, 1, 1, 3, 0, 0, 1, 0, 2, 0, 0, 0, 0, 0, 1, 0, 0, 0, 1, 1, 0, 2, 0, 0, 0, 1, 2, 1, 0, 2, 0, 0, 1, 0, 0, 2, 0, 0, 3, 0, 0, 2, 1, 0, 0, 2, 0, 0, 0, 1, 1, 0, 1, 0, 0, 3, 0, 0, 1, 0],872.0012760558924,53817.77809509565,120851.17663248716,false
5,G3_TWC,G3_TWC,[31, 22, 82, 15, 26, 9, 95, 42, 77, 12, 47, 5, 93, 78, 86, 54, 85, 63, 18, 44, 20, 35, 43, 97, 91, 76, 10, 30, 21, 45, 71, 64, 1, 23, 17, 83, 24, 41, 60, 36, 6, 57, 40, 88, 65, 56, 79, 69, 67, 68, 46, 75, 38, 58, 19, 32, 81, 48, 27, 62, 87, 90, 99, 59, 11, 16, 72, 73, 70, 39, 37, 84, 3, 92, 25, 55, 28, 51, 29, 7, 33, 61, 98, 14, 89, 50, 66, 96, 80, 53, 8, 2, 34, 4, 52, 49, 0, 94, 74, 13]|[1, 1, 0, 1, 1, 0, 1, 2, 2, 1, 2, 2, 2, 1, 1, 0, 0, 1, 0, 2, 2, 0, 1, 2, 0, 1, 2, 2, 0, 0, 1, 2, 1, 0, 1, 0, 2, 0, 1, 1, 0, 1, 1, 1, 0, 2, 1, 2, 0, 0, 0, 0, 1, 1, 2, 1, 2, 1, 0, 0, 2, 1, 0, 1, 2, 1, 2, 1, 1, 1, 1, 1, 1, 0, 1, 1, 0, 0, 0, 1, 0, 1, 0, 0, 1, 0, 2, 0, 0, 0, 1, 0, 2, 1, 2, 0, 0, 1, 2, 0]|[4, 3, 2, 2, 4, 1, 2, 2, 2, 4, 0, 1, 2, 4, 4, 1, 2, 4, 2, 1, 1, 1, 1, 2, 1, 2, 1, 1, 1, 1, 3, 2, 3, 0, 4, 0, 1, 1, 0, 3, 2, 2, 2, 0, 1, 1, 0, 2, 0, 1, 2, 2, 1, 0, 0, 3, 2, 4, 1, 2, 2, 3, 1, 1, 1, 3, 0, 4, 3, 1, 4, 1, 1, 0, 4, 4, 2, 1, 1, 1, 2, 3, 1, 1, 1, 1, 1, 1, 1, 2, 3, 2, 1, 4, 1, 1, 2, 4, 1, 2]|[0, 2, 1, 1, 3, 0, 1, 0, 0, 0, 0, 0, 1, 0, 1, 0, 0, 3, 1, 0, 0, 0, 3, 1, 0, 2, 0, 0, 0, 1, 0, 0, 0, 0, 3, 0, 1, 0, 0, 2, 1, 1, 1, 0, 0, 0, 0, 0, 1, 0, 0, 0, 1, 3, 0, 0, 1, 2, 0, 1, 0, 2, 0, 1, 0, 2, 1, 0, 0, 1, 1, 3, 1, 1, 3, 3, 1, 0, 0, 2, 1, 0, 0, 0, 1, 0, 0, 0, 0, 1, 2, 0, 0, 0, 0, 1, 0, 2, 0, 0],841.203111962131,56988.10732967789,100579.33830527878,false
5,G1_CMAX,G1_CMAX,[31, 95, 9, 15, 82, 22, 42, 77, 26, 8, 10, 76, 91, 97, 43, 63, 20, 44, 18, 80, 45, 78, 86, 5, 84, 89, 61, 96, 35, 33, 7, 29, 51, 28, 55, 25, 92, 50, 30, 37, 39, 70, 73, 72, 93, 16, 11, 74, 59, 99, 90, 34, 54, 27, 48, 65, 69, 81, 32, 19, 58, 38, 56, 46, 64, 68, 67, 79, 75, 62, 88, 40, 57, 6, 36, 60, 41, 24, 66, 17, 1, 85, 71, 3, 83, 14, 98, 21, 53, 12, 2, 52, 4, 87, 49, 0, 94, 23, 47, 13]|[1, 1, 0, 1, 0, 0, 2, 2, 1, 1, 2, 1, 0, 1, 0, 2, 2, 2, 0, 0, 0, 1, 1, 2, 2, 1, 1, 1, 1, 2, 1, 1, 0, 1, 1, 1, 0, 0, 2, 0, 1, 1, 1, 2, 2, 1, 2, 2, 1, 0, 1, 2, 0, 0, 1, 1, 2, 2, 1, 0, 1, 1, 2, 0, 0, 0, 0, 1, 1, 1, 1, 2, 1, 0, 1, 1, 1, 2, 2, 2, 0, 0, 1, 1, 1, 2, 0, 0, 0, 1, 0, 2, 0, 2, 0, 0, 1, 2, 2, 0]|[2, 3, 2, 4, 1, 1, 2, 1, 0, 4, 1, 2, 1, 1, 1, 1, 1, 1, 1, 2, 1, 4, 4, 1, 1, 1, 3, 3, 3, 2, 1, 3, 1, 4, 4, 4, 0, 1, 1, 1, 0, 3, 4, 0, 2, 3, 1, 0, 1, 1, 3, 1, 2, 1, 4, 3, 2, 2, 1, 2, 0, 1, 1, 2, 1, 1, 0, 0, 2, 2, 0, 0, 2, 2, 3, 0, 4, 1, 0, 2, 1, 2, 3, 1, 3, 0, 0, 1, 2, 4, 2, 1, 1, 2, 1, 2, 4, 0, 0, 2]|[1, 1, 1, 0, 0, 0, 1, 0, 3, 0, 0, 2, 0, 3, 0, 0, 0, 0, 0, 0, 0, 1, 1, 0, 0, 1, 0, 2, 0, 0, 2, 0, 0, 1, 3, 3, 1, 0, 0, 0, 1, 0, 0, 1, 1, 2, 0, 0, 1, 0, 2, 0, 1, 0, 2, 0, 0, 1, 1, 0, 3, 1, 0, 0, 0, 0, 1, 0, 1, 1, 0, 0, 1, 1, 2, 0, 3, 1, 0, 0, 1, 0, 0, 1, 0, 1, 0, 0, 1, 3, 0, 0, 0, 0, 1, 0, 2, 0, 0, 0],741.0259643952477,59280.645567270396,113268.46410696392,false
5,G4_BALANCED,G2_TEC,[31, 22, 82, 15, 26, 9, 95, 42, 77, 4, 79, 5, 93, 78, 86, 54, 85, 63, 18, 44, 20, 49, 36, 14, 48, 50, 53, 17, 21, 45, 71, 64, 3, 23, 30, 83, 24, 41, 60, 52, 65, 27, 90, 70, 89, 87, 74, 69, 99, 68, 46, 1, 11, 58, 97, 59, 28, 8, 73, 37, 35, 47, 38, 66, 76, 57, 72, 16, 92, 6, 80, 61, 33, 98, 40, 34, 62, 67, 10, 7, 56, 88, 51, 19, 91, 13, 29, 96, 0, 81, 2, 43, 32, 55, 75, 25, 12, 94, 39, 84]|[2, 1, 2, 1, 1, 2, 1, 0, 1, 1, 1, 0, 2, 2, 1, 2, 0, 0, 0, 2, 2, 1, 0, 2, 0, 2, 2, 1, 0, 1, 1, 1, 0, 0, 1, 0, 2, 1, 2, 2, 0, 1, 1, 1, 1, 2, 0, 2, 1, 0, 0, 2, 0, 0, 2, 0, 2, 1, 0, 0, 2, 1, 0, 2, 2, 0, 1, 1, 0, 0, 2, 1, 1, 0, 2, 1, 0, 0, 1, 2, 2, 1, 0, 2, 1, 0, 1, 0, 0, 1, 2, 0, 0, 0, 0, 1, 1, 1, 1, 0]|[0, 3, 0, 2, 4, 1, 4, 0, 2, 4, 3, 2, 1, 0, 2, 1, 1, 1, 2, 1, 2, 3, 0, 1, 0, 1, 1, 4, 1, 4, 3, 2, 2, 0, 4, 1, 1, 4, 0, 1, 2, 2, 4, 4, 4, 1, 0, 2, 3, 1, 2, 1, 1, 1, 1, 2, 0, 3, 0, 2, 2, 3, 1, 0, 1, 0, 4, 0, 0, 1, 1, 3, 4, 1, 0, 4, 2, 1, 3, 1, 0, 4, 0, 0, 3, 2, 3, 2, 2, 1, 1, 2, 2, 2, 2, 4, 3, 4, 4, 2]|[0, 2, 0, 1, 3, 0, 1, 0, 0, 0, 2, 0, 1, 0, 1, 0, 0, 0, 1, 0, 0, 2, 0, 0, 1, 0, 0, 3, 0, 1, 0, 2, 0, 0, 3, 0, 1, 3, 1, 0, 0, 1, 1, 3, 1, 0, 1, 0, 2, 0, 0, 0, 0, 0, 1, 0, 0, 0, 1, 1, 0, 2, 0, 0, 0, 1, 2, 1, 1, 0, 0, 0, 1, 0, 0, 2, 1, 0, 3, 0, 0, 1, 0, 0, 0, 0, 0, 0, 0, 1, 0, 0, 0, 0, 0, 3, 0, 2, 1, 1],1023.6166323703729,53447.6690449819,115449.56601817081,true
5,G2_TEC,G4_BALANCED,[31, 22, 82, 15, 26, 9, 90, 42, 77, 4, 47, 5, 8, 78, 86, 54, 85, 63, 18, 44, 20, 49, 36, 14, 48, 50, 53, 17, 21, 45, 71, 64, 3, 23, 30, 83, 24, 41, 76, 52, 65, 27, 95, 70, 89, 87, 91, 61, 99, 68, 46, 1, 38, 40, 35, 59, 28, 93, 73, 37, 97, 79, 11, 66, 60, 57, 72, 55, 92, 6, 80, 69, 33, 98, 32, 34, 62, 67, 10, 7, 56, 43, 51, 19, 74, 13, 29, 96, 0, 81, 2, 58, 88, 16, 75, 25, 12, 94, 39, 84]|[2, 1, 2, 1, 1, 2, 1, 1, 1, 1, 1, 0, 2, 2, 1, 2, 0, 0, 0, 2, 2, 1, 0, 2, 0, 2, 2, 1, 0, 1, 1, 1, 2, 0, 1, 0, 2, 1, 2, 2, 0, 1, 1, 1, 1, 2, 1, 2, 1, 0, 0, 2, 2, 2, 2, 0, 2, 1, 0, 0, 2, 1, 0, 2, 2, 1, 1, 0, 0, 1, 2, 2, 1, 2, 0, 2, 0, 0, 1, 2, 0, 1, 0, 2, 0, 0, 1, 0, 0, 1, 2, 0, 1, 1, 0, 1, 1, 1, 0, 0]|[0, 3, 0, 2, 4, 1, 4, 4, 2, 4, 3, 2, 1, 0, 2, 1, 1, 1, 2, 1, 2, 3, 0, 1, 0, 1, 1, 4, 1, 0, 3, 2, 1, 0, 4, 0, 1, 4, 1, 1, 2, 2, 4, 4, 4, 1, 3, 1, 3, 1, 2, 1, 2, 0, 2, 2, 0, 3, 0, 1, 1, 3, 1, 0, 1, 4, 4, 2, 0, 4, 1, 2, 4, 0, 2, 1, 2, 1, 3, 1, 2, 4, 0, 0, 0, 2, 3, 2, 2, 1, 1, 1, 4, 0, 2, 4, 3, 4, 1, 2]|[0, 2, 0, 1, 3, 0, 1, 3, 0, 0, 2, 0, 1, 0, 1, 0, 0, 0, 1, 0, 0, 2, 0, 0, 1, 0, 0, 3, 0, 1, 0, 2, 0, 0, 3, 0, 1, 3, 0, 0, 0, 1, 1, 3, 1, 0, 0, 0, 2, 0, 0, 0, 0, 0, 0, 0, 0, 0, 1, 0, 1, 2, 0, 0, 0, 1, 2, 0, 1, 2, 0, 0, 1, 0, 0, 0, 1, 0, 3, 0, 1, 2, 0, 0, 1, 0, 0, 0, 0, 1, 0, 0, 1, 1, 0, 3, 0, 2, 0, 1],972.243460786203,53565.439590723094,135630.97711473814,true
5,G3_TWC,G3_TWC,[31, 22, 82, 15, 26, 9, 95, 42, 77, 12, 47, 5, 93, 78, 86, 54, 85, 63, 18, 44, 20, 35, 43, 97, 91, 76, 10, 30, 21, 45, 71, 64, 1, 23, 17, 83, 24, 41, 60, 36, 6, 57, 40, 88, 65, 56, 79, 69, 67, 68, 46, 75, 38, 58, 19, 32, 81, 48, 27, 62, 87, 90, 99, 59, 11, 16, 72, 73, 70, 39, 37, 84, 3, 92, 25, 55, 28, 51, 29, 7, 33, 61, 98, 14, 89, 50, 66, 96, 80, 53, 8, 2, 34, 4, 52, 49, 0, 94, 74, 13]|[1, 1, 0, 1, 1, 0, 1, 2, 2, 1, 2, 2, 2, 1, 1, 0, 0, 1, 0, 2, 2, 0, 1, 2, 0, 1, 2, 2, 0, 0, 1, 2, 1, 0, 1, 0, 2, 0, 1, 1, 0, 1, 1, 1, 0, 2, 1, 2, 0, 0, 0, 0, 1, 1, 2, 1, 2, 1, 0, 0, 2, 1, 0, 1, 2, 1, 2, 1, 1, 1, 1, 1, 1, 0, 1, 1, 0, 0, 0, 1, 0, 1, 0, 0, 1, 0, 2, 0, 0, 0, 1, 0, 2, 1, 2, 0, 0, 1, 2, 0]|[4, 3, 2, 2, 4, 1, 2, 2, 2, 4, 0, 1, 2, 4, 4, 1, 2, 4, 2, 1, 1, 1, 1, 2, 1, 2, 1, 1, 1, 1, 3, 2, 3, 0, 4, 0, 1, 1, 0, 3, 2, 2, 2, 0, 1, 1, 0, 2, 0, 1, 2, 2, 1, 0, 0, 3, 2, 4, 1, 2, 2, 3, 1, 1, 1, 3, 0, 4, 3, 1, 4, 1, 1, 0, 4, 4, 2, 1, 1, 1, 2, 3, 1, 1, 1, 1, 1, 1, 1, 2, 3, 2, 1, 4, 1, 1, 2, 4, 1, 2]|[0, 2, 1, 1, 3, 0, 1, 0, 0, 0, 0, 0, 1, 0, 1, 0, 0, 3, 1, 0, 0, 0, 3, 1, 0, 2, 0, 0, 0, 1, 0, 0, 0, 0, 3, 0, 1, 0, 0, 2, 1, 1, 1, 0, 0, 0, 0, 0, 1, 0, 0, 0, 1, 3, 0, 0, 1, 2, 0, 1, 0, 2, 0, 1, 0, 2, 1, 0, 0, 1, 1, 3, 1, 1, 3, 3, 1, 0, 0, 2, 1, 0, 0, 0, 1, 0, 0, 0, 0, 1, 2, 0, 0, 0, 0, 1, 0, 2, 0, 0],841.203111962131,56988.10732967789,100579.33830527878,false
5,G1_CMAX,G4_BALANCED,[31, 22, 82, 15, 26, 9, 95, 42, 77, 4, 79, 5, 93, 78, 86, 54, 85, 63, 18, 44, 20, 49, 36, 14, 48, 50, 53, 17, 21, 45, 71, 64, 3, 23, 30, 83, 24, 41, 60, 52, 65, 27, 90, 70, 39, 87, 74, 69, 99, 68, 46, 1, 38, 58, 97, 59, 28, 8, 73, 37, 35, 47, 11, 66, 76, 57, 40, 80, 92, 6, 16, 61, 33, 98, 32, 34, 51, 67, 10, 7, 56, 43, 62, 25, 91, 13, 29, 96, 0, 81, 84, 72, 88, 55, 75, 19, 12, 94, 89, 2]|[2, 1, 2, 1, 1, 2, 1, 1, 1, 1, 1, 0, 2, 2, 1, 2, 0, 0, 0, 2, 2, 1, 0, 2, 0, 2, 2, 1, 0, 1, 1, 1, 0, 0, 1, 0, 2, 1, 2, 2, 0, 1, 1, 1, 1, 2, 0, 2, 1, 0, 0, 2, 2, 0, 2, 0, 2, 1, 0, 0, 2, 1, 0, 2, 2, 0, 2, 2, 0, 0, 1, 1, 1, 0, 0, 1, 1, 0, 1, 2, 2, 0, 0, 1, 1, 0, 1, 0, 0, 1, 0, 1, 1, 0, 0, 2, 1, 1, 1, 2]|[0, 3, 0, 2, 4, 1, 4, 4, 2, 4, 3, 2, 1, 0, 2, 1, 1, 1, 2, 1, 2, 3, 0, 1, 0, 1, 1, 4, 1, 0, 3, 2, 2, 0, 4, 1, 1, 4, 0, 1, 2, 2, 4, 4, 4, 1, 0, 2, 3, 1, 2, 1, 2, 1, 1, 2, 1, 3, 0, 2, 2, 3, 1, 0, 1, 0, 0, 1, 0, 1, 0, 3, 4, 1, 2, 4, 3, 1, 3, 1, 0, 2, 2, 4, 3, 2, 3, 2, 2, 1, 2, 4, 4, 2, 2, 0, 3, 4, 4, 1]|[0, 2, 0, 1, 3, 0, 1, 3, 0, 0, 2, 0, 1, 0, 1, 0, 0, 0, 1, 0, 0, 2, 0, 0, 1, 0, 0, 3, 0, 1, 0, 2, 0, 0, 3, 0, 1, 3, 1, 0, 0, 1, 1, 3, 1, 0, 1, 0, 2, 0, 0, 0, 0, 0, 1, 0, 0, 0, 1, 1, 0, 2, 0, 0, 0, 1, 0, 0, 1, 0, 1, 0, 1, 0, 0, 2, 0, 0, 3, 0, 0, 0, 1, 3, 0, 0, 0, 0, 0, 1, 1, 2, 1, 0, 0, 0, 0, 2, 1, 0],876.5010409480474,53990.807554039275,119834.6724247759,true
5,G4_BALANCED,G3_TWC,[31, 22, 82, 15, 26, 9, 95, 42, 77, 12, 47, 5, 93, 78, 86, 54, 85, 63, 18, 44, 20, 35, 43, 97, 91, 76, 10, 30, 21, 45, 71, 64, 1, 23, 17, 83, 24, 41, 60, 36, 6, 57, 40, 88, 65, 56, 79, 69, 67, 68, 46, 75, 38, 0, 19, 32, 81, 48, 27, 62, 87, 90, 99, 59, 11, 16, 72, 73, 70, 39, 37, 84, 3, 92, 25, 55, 28, 51, 29, 7, 66, 61, 98, 14, 89, 50, 8, 96, 80, 53, 33, 2, 34, 4, 52, 49, 58, 94, 74, 13]|[1, 1, 0, 1, 1, 0, 1, 2, 2, 1, 2, 2, 2, 1, 1, 0, 0, 1, 0, 2, 2, 0, 1, 2, 0, 1, 2, 2, 0, 0, 1, 2, 1, 0, 1, 0, 2, 0, 1, 1, 0, 1, 1, 1, 0, 2, 2, 2, 0, 0, 0, 0, 1, 0, 2, 1, 2, 1, 0, 0, 2, 1, 0, 1, 2, 1, 2, 1, 1, 1, 1, 1, 1, 0, 1, 1, 0, 0, 0, 1, 2, 1, 0, 0, 1, 0, 1, 0, 0, 0, 0, 0, 2, 1, 2, 0, 0, 1, 2, 0]|[4, 3, 2, 2, 4, 1, 2, 2, 2, 4, 0, 1, 2, 4, 4, 1, 2, 4, 2, 1, 1, 1, 1, 2, 1, 2, 1, 1, 1, 1, 3, 2, 3, 0, 4, 0, 1, 1, 0, 3, 2, 2, 2, 0, 1, 1, 1, 2, 0, 1, 2, 2, 1, 2, 0, 3, 2, 4, 1, 2, 2, 3, 1, 1, 1, 3, 0, 4, 3, 1, 4, 1, 1, 0, 4, 4, 2, 1, 1, 1, 1, 3, 1, 1, 1, 1, 3, 1, 1, 2, 2, 2, 1, 4, 1, 1, 2, 4, 1, 2]|[0, 2, 1, 1, 3, 0, 1, 0, 0, 0, 0, 0, 1, 0, 1, 0, 0, 3, 1, 0, 0, 0, 3, 1, 0, 2, 0, 0, 0, 1, 0, 0, 0, 0, 3, 0, 1, 0, 0, 2, 1, 1, 1, 0, 0, 0, 0, 0, 1, 0, 0, 0, 1, 0, 0, 0, 1, 2, 0, 1, 0, 2, 0, 1, 0, 2, 1, 0, 0, 1, 1, 3, 1, 1, 3, 3, 1, 0, 0, 2, 0, 0, 0, 0, 1, 0, 2, 0, 0, 1, 1, 0, 0, 0, 0, 1, 0, 2, 0, 0],878.8878945916837,56749.97403399895,102054.74122686131,true
5,G2_TEC,G4_BALANCED,[31, 22, 82, 15, 26, 9, 95, 42, 77, 4, 79, 5, 93, 78, 86, 54, 85, 63, 18, 44, 20, 49, 36, 14, 48, 50, 53, 17, 21, 45, 71, 64, 3, 23, 30, 83, 24, 87, 60, 52, 65, 27, 90, 70, 39, 41, 74, 69, 99, 68, 46, 1, 38, 58, 97, 59, 28, 8, 73, 37, 35, 47, 11, 66, 76, 57, 72, 16, 92, 6, 80, 61, 33, 98, 55, 34, 29, 67, 10, 7, 56, 43, 62, 19, 91, 13, 51, 32, 0, 81, 2, 96, 88, 40, 75, 25, 12, 94, 89, 84]|[2, 1, 2, 1, 1, 2, 1, 1, 1, 1, 1, 0, 2, 2, 1, 2, 0, 0, 0, 2, 2, 1, 0, 2, 0, 2, 2, 1, 0, 1, 1, 1, 0, 0, 1, 0, 2, 2, 2, 2, 0, 1, 1, 1, 1, 2, 0, 2, 1, 0, 0, 2, 2, 0, 2, 0, 2, 1, 0, 0, 2, 1, 0, 2, 2, 0, 1, 1, 0, 0, 2, 1, 1, 0, 0, 1, 1, 0, 1, 2, 2, 1, 2, 2, 1, 0, 0, 0, 0, 1, 2, 0, 1, 2, 0, 1, 1, 1, 1, 0]|[0, 3, 0, 2, 4, 1, 4, 4, 2, 4, 3, 2, 1, 0, 2, 1, 1, 1, 2, 1, 2, 3, 0, 1, 0, 1, 1, 4, 1, 4, 3, 2, 2, 0, 4, 1, 1, 1, 0, 1, 2, 2, 4, 4, 4, 1, 0, 2, 3, 1, 2, 1, 2, 1, 1, 2, 0, 3, 0, 2, 2, 3, 1, 0, 1, 0, 4, 0, 2, 1, 1, 3, 4, 1, 2, 4, 3, 1, 3, 1, 0, 4, 0, 0, 3, 2, 0, 2, 2, 1, 1, 2, 4, 0, 2, 4, 3, 4, 4, 2]|[0, 2, 0, 1, 3, 0, 1, 3, 0, 0, 2, 0, 1, 0, 1, 0, 0, 0, 1, 0, 0, 2, 0, 0, 1, 0, 0, 3, 0, 1, 0, 2, 0, 0, 3, 0, 1, 0, 1, 0, 0, 1, 1, 3, 1, 0, 1, 0, 2, 0, 0, 0, 0, 0, 1, 0, 0, 0, 1, 1, 0, 2, 0, 0, 0, 1, 2, 1, 0, 0, 0, 0, 1, 0, 0, 2, 0, 0, 3, 0, 0, 2, 0, 0, 0, 0, 0, 0, 0, 1, 0, 0, 1, 0, 0, 3, 0, 2, 1, 1],942.0739308871387,53433.603315516506,124151.19017822828,true
5,G3_TWC,G3_TWC,[31, 22, 82, 15, 26, 9, 95, 42, 77, 12, 47, 5, 93, 78, 86, 54, 85, 63, 18, 44, 20, 35, 43, 97, 91, 76, 10, 30, 21, 45, 71, 64, 1, 23, 17, 83, 24, 41, 60, 36, 6, 57, 40, 88, 65, 56, 79, 69, 67, 68, 46, 75, 38, 58, 19, 32, 81, 48, 27, 62, 87, 90, 99, 59, 11, 16, 72, 73, 70, 39, 37, 84, 3, 92, 25, 55, 28, 51, 29, 7, 33, 61, 98, 14, 89, 50, 66, 96, 80, 53, 8, 2, 34, 4, 52, 49, 0, 94, 74, 13]|[1, 1, 0, 1, 1, 0, 1, 2, 2, 1, 2, 2, 2, 1, 1, 0, 0, 1, 0, 2, 2, 0, 1, 2, 0, 1, 2, 2, 0, 0, 1, 2, 1, 0, 1, 0, 2, 0, 1, 1, 0, 1, 1, 1, 0, 2, 1, 2, 0, 0, 0, 0, 1, 1, 2, 1, 2, 1, 0, 0, 2, 1, 0, 1, 2, 1, 2, 1, 1, 1, 1, 1, 1, 0, 1, 1, 0, 0, 0, 1, 0, 1, 0, 0, 1, 0, 2, 0, 0, 0, 1, 0, 2, 1, 2, 0, 0, 1, 2, 0]|[4, 3, 2, 2, 4, 1, 2, 2, 2, 4, 0, 1, 2, 4, 4, 1, 2, 4, 2, 1, 1, 1, 1, 2, 1, 2, 1, 1, 1, 1, 3, 2, 3, 0, 4, 0, 1, 1, 0, 3, 2, 2, 2, 0, 1, 1, 0, 2, 0, 1, 2, 2, 1, 0, 0, 3, 2, 4, 1, 2, 2, 3, 1, 1, 1, 3, 0, 4, 3, 1, 4, 1, 1, 0, 4, 4, 2, 1, 1, 1, 2, 3, 1, 1, 1, 1, 1, 1, 1, 2, 3, 2, 1, 4, 1, 1, 2, 4, 1, 2]|[0, 2, 1, 1, 3, 0, 1, 0, 0, 0, 0, 0, 1, 0, 1, 0, 0, 3, 1, 0, 0, 0, 3, 1, 0, 2, 0, 0, 0, 1, 0, 0, 0, 0, 3, 0, 1, 0, 0, 2, 1, 1, 1, 0, 0, 0, 0, 0, 1, 0, 0, 0, 1, 3, 0, 0, 1, 2, 0, 1, 0, 2, 0, 1, 0, 2, 1, 0, 0, 1, 1, 3, 1, 1, 3, 3, 1, 0, 0, 2, 1, 0, 0, 0, 1, 0, 0, 0, 0, 1, 2, 0, 0, 0, 0, 1, 0, 2, 0, 0],841.203111962131,56988.10732967789,100579.33830527878,false
5,G1_CMAX,G1_CMAX,[31, 95, 9, 15, 82, 22, 42, 77, 26, 8, 10, 76, 91, 97, 43, 63, 20, 44, 18, 80, 45, 78, 86, 5, 84, 89, 61, 96, 35, 33, 7, 29, 51, 28, 55, 25, 92, 50, 30, 37, 39, 70, 73, 72, 93, 16, 11, 74, 59, 99, 90, 34, 54, 27, 48, 65, 69, 81, 32, 19, 58, 38, 56, 46, 64, 68, 67, 79, 75, 62, 88, 40, 57, 6, 36, 60, 41, 24, 66, 17, 1, 85, 71, 3, 83, 14, 98, 21, 53, 12, 2, 52, 4, 87, 49, 0, 94, 23, 47, 13]|[1, 1, 0, 1, 0, 0, 2, 2, 1, 1, 2, 1, 0, 1, 0, 2, 2, 2, 0, 0, 0, 1, 1, 2, 2, 1, 1, 1, 1, 2, 1, 1, 0, 1, 1, 1, 0, 0, 2, 0, 1, 1, 1, 2, 2, 1, 2, 2, 1, 0, 1, 2, 0, 0, 1, 1, 2, 2, 1, 0, 1, 1, 2, 0, 0, 0, 0, 1, 1, 1, 1, 2, 1, 0, 1, 1, 1, 2, 2, 2, 0, 0, 1, 1, 1, 2, 0, 0, 0, 1, 0, 2, 0, 2, 0, 0, 1, 2, 2, 0]|[2, 3, 2, 4, 1, 1, 2, 1, 0, 4, 1, 2, 1, 1, 1, 1, 1, 1, 1, 2, 1, 4, 4, 1, 1, 1, 3, 3, 3, 2, 1, 3, 1, 4, 4, 4, 0, 1, 1, 1, 0, 3, 4, 0, 2, 3, 1, 0, 1, 1, 3, 1, 2, 1, 4, 3, 2, 2, 1, 2, 0, 1, 1, 2, 1, 1, 0, 0, 2, 2, 0, 0, 2, 2, 3, 0, 4, 1, 0, 2, 1, 2, 3, 1, 3, 0, 0, 1, 2, 4, 2, 1, 1, 2, 1, 2, 4, 0, 0, 2]|[1, 1, 1, 0, 0, 0, 1, 0, 3, 0, 0, 2, 0, 3, 0, 0, 0, 0, 0, 0, 0, 1, 1, 0, 0, 1, 0, 2, 0, 0, 2, 0, 0, 1, 3, 3, 1, 0, 0, 0, 1, 0, 0, 1, 1, 2, 0, 0, 1, 0, 2, 0, 1, 0, 2, 0, 0, 1, 1, 0, 3, 1, 0, 0, 0, 0, 1, 0, 1, 1, 0, 0, 1, 1, 2, 0, 3, 1, 0, 0, 1, 0, 0, 1, 0, 1, 0, 0, 1, 3, 0, 0, 0, 0, 1, 0, 2, 0, 0, 0],741.0259643952477,59280.645567270396,113268.46410696392,false
5,G4_BALANCED,G1_CMAX,[31, 22, 82, 15, 26, 9, 95, 42, 77, 12, 47, 5, 93, 78, 86, 54, 85, 63, 18, 44, 20, 35, 43, 97, 91, 76, 10, 30, 21, 45, 71, 64, 1, 23, 17, 83, 24, 41, 60, 36, 6, 57, 40, 88, 65, 56, 79, 69, 67, 68, 46, 75, 38, 58, 19, 32, 81, 48, 27, 62, 87, 90, 99, 59, 11, 16, 72, 73, 61, 39, 37, 84, 3, 92, 25, 55, 28, 51, 96, 7, 33, 70, 98, 14, 4, 50, 66, 29, 80, 53, 8, 2, 34, 89, 52, 49, 0, 94, 74, 13]|[1, 1, 0, 1, 1, 0, 1, 2, 2, 1, 2, 2, 2, 1, 1, 0, 0, 1, 0, 2, 2, 0, 1, 2, 0, 1, 2, 2, 0, 0, 1, 2, 1, 0, 1, 0, 2, 0, 1, 1, 0, 1, 1, 1, 0, 2, 1, 2, 0, 0, 0, 0, 1, 1, 2, 1, 2, 1, 0, 0, 2, 1, 0, 1, 2, 1, 2, 1, 1, 1, 1, 1, 1, 0, 1, 1, 1, 0, 1, 1, 0, 1, 0, 0, 1, 0, 2, 0, 0, 0, 1, 0, 2, 1, 2, 0, 0, 1, 2, 0]|[4, 3, 2, 2, 4, 1, 2, 2, 2, 4, 0, 1, 2, 4, 4, 1, 2, 4, 2, 1, 1, 1, 1, 2, 1, 2, 1, 1, 1, 1, 3, 2, 3, 0, 4, 0, 1, 1, 0, 3, 2, 2, 2, 0, 1, 1, 0, 2, 0, 1, 2, 2, 1, 0, 0, 3, 2, 4, 1, 2, 2, 3, 1, 1, 1, 3, 0, 4, 3, 1, 4, 1, 1, 0, 4, 4, 4, 1, 3, 1, 2, 3, 1, 1, 4, 1, 0, 1, 1, 2, 3, 2, 1, 1, 1, 1, 2, 4, 1, 2]|[0, 2, 1, 1, 3, 0, 1, 0, 0, 0, 0, 0, 1, 0, 1, 0, 0, 3, 1, 0, 0, 0, 3, 1, 0, 2, 0, 0, 0, 1, 0, 0, 0, 0, 3, 0, 1, 0, 0, 2, 1, 1, 1, 0, 0, 0, 0, 0, 1, 0, 0, 0, 1, 3, 0, 0, 1, 2, 0, 1, 0, 2, 0, 1, 0, 2, 1, 0, 0, 1, 1, 3, 1, 1, 3, 3, 1, 0, 2, 2, 1, 0, 0, 0, 0, 0, 0, 0, 0, 1, 2, 0, 0, 1, 0, 1, 0, 2, 0, 0],803.5962578662737,56945.445701825265,102683.83367270176,true
5,G2_TEC,G2_TEC,[31, 22, 82, 15, 26, 9, 95, 42, 77, 4, 47, 5, 93, 78, 86, 54, 85, 63, 18, 44, 20, 49, 36, 14, 74, 50, 53, 17, 21, 45, 71, 64, 3, 23, 30, 83, 24, 41, 60, 52, 65, 27, 90, 70, 39, 87, 48, 69, 99, 68, 46, 1, 38, 58, 97, 59, 28, 8, 73, 37, 35, 79, 11, 66, 76, 57, 40, 80, 96, 6, 16, 61, 33, 98, 32, 34, 51, 67, 10, 7, 56, 43, 62, 25, 91, 13, 29, 92, 0, 81, 84, 72, 88, 55, 75, 19, 12, 94, 89, 2]|[2, 1, 2, 1, 1, 2, 1, 1, 1, 1, 1, 0, 2, 2, 1, 2, 0, 0, 0, 2, 2, 1, 0, 2, 0, 2, 2, 1, 0, 1, 1, 1, 0, 0, 1, 0, 2, 1, 2, 2, 0, 1, 1, 1, 0, 2, 0, 2, 1, 0, 0, 2, 2, 0, 2, 0, 2, 1, 0, 0, 2, 1, 0, 2, 2, 0, 2, 2, 0, 1, 1, 1, 1, 0, 0, 1, 1, 0, 1, 2, 2, 1, 0, 1, 1, 0, 1, 0, 0, 1, 0, 1, 1, 0, 0, 2, 1, 1, 1, 2]|[0, 3, 0, 2, 4, 1, 4, 4, 2, 4, 3, 2, 1, 0, 2, 1, 1, 1, 2, 1, 2, 3, 0, 1, 0, 1, 1, 4, 1, 4, 3, 2, 2, 0, 4, 1, 1, 4, 0, 1, 2, 2, 4, 4, 1, 1, 0, 2, 3, 1, 2, 1, 2, 1, 1, 2, 1, 3, 0, 2, 2, 3, 1, 0, 1, 0, 0, 1, 2, 4, 0, 3, 4, 1, 2, 4, 3, 1, 3, 1, 0, 4, 2, 4, 3, 2, 3, 2, 2, 1, 2, 4, 4, 2, 2, 0, 3, 4, 4, 1]|[0, 2, 0, 1, 3, 0, 1, 3, 0, 0, 2, 0, 1, 0, 1, 0, 0, 0, 1, 0, 0, 2, 0, 0, 1, 0, 0, 3, 0, 1, 0, 2, 0, 0, 3, 0, 1, 3, 1, 0, 0, 1, 1, 3, 0, 0, 1, 0, 2, 0, 0, 0, 0, 0, 1, 0, 0, 0, 1, 1, 0, 2, 0, 0, 0, 1, 0, 0, 0, 2, 1, 0, 1, 0, 0, 2, 0, 0, 3, 0, 0, 2, 1, 3, 0, 0, 0, 0, 0, 1, 1, 2, 1, 0, 0, 0, 0, 2, 1, 0],867.4647062768508,53338.27234710852,119055.93153865679,false
5,G3_TWC,G3_TWC,[31, 22, 82, 15, 26, 9, 95, 42, 77, 12, 47, 5, 93, 78, 86, 54, 85, 63, 18, 44, 20, 35, 43, 97, 91, 76, 10, 30, 21, 45, 71, 64, 1, 23, 17, 83, 24, 41, 60, 36, 6, 57, 40, 88, 65, 56, 79, 69, 67, 68, 46, 75, 38, 58, 19, 32, 81, 48, 27, 62, 87, 90, 99, 59, 11, 16, 72, 73, 70, 39, 37, 84, 3, 92, 25, 55, 28, 51, 29, 7, 33, 61, 98, 14, 89, 50, 66, 96, 80, 53, 8, 2, 34, 4, 52, 49, 0, 94, 74, 13]|[1, 1, 0, 1, 1, 0, 1, 2, 2, 1, 2, 2, 2, 1, 1, 0, 0, 1, 0, 2, 2, 0, 1, 2, 0, 1, 2, 2, 0, 0, 1, 2, 1, 0, 1, 0, 2, 0, 1, 1, 0, 1, 1, 1, 0, 2, 1, 2, 0, 0, 0, 0, 1, 1, 2, 1, 2, 1, 0, 0, 2, 1, 0, 1, 2, 1, 2, 1, 1, 1, 1, 1, 1, 0, 1, 1, 0, 0, 0, 1, 0, 1, 0, 0, 1, 0, 2, 0, 0, 0, 1, 0, 2, 1, 2, 0, 0, 1, 2, 0]|[4, 3, 2, 2, 4, 1, 2, 2, 2, 4, 0, 1, 2, 4, 4, 1, 2, 4, 2, 1, 1, 1, 1, 2, 1, 2, 1, 1, 1, 1, 3, 2, 3, 0, 4, 0, 1, 1, 0, 3, 2, 2, 2, 0, 1, 1, 0, 2, 0, 1, 2, 2, 1, 0, 0, 3, 2, 4, 1, 2, 2, 3, 1, 1, 1, 3, 0, 4, 3, 1, 4, 1, 1, 0, 4, 4, 2, 1, 1, 1, 2, 3, 1, 1, 1, 1, 1, 1, 1, 2, 3, 2, 1, 4, 1, 1, 2, 4, 1, 2]|[0, 2, 1, 1, 3, 0, 1, 0, 0, 0, 0, 0, 1, 0, 1, 0, 0, 3, 1, 0, 0, 0, 3, 1, 0, 2, 0, 0, 0, 1, 0, 0, 0, 0, 3, 0, 1, 0, 0, 2, 1, 1, 1, 0, 0, 0, 0, 0, 1, 0, 0, 0, 1, 3, 0, 0, 1, 2, 0, 1, 0, 2, 0, 1, 0, 2, 1, 0, 0, 1, 1, 3, 1, 1, 3, 3, 1, 0, 0, 2, 1, 0, 0, 0, 1, 0, 0, 0, 0, 1, 2, 0, 0, 0, 0, 1, 0, 2, 0, 0],841.203111962131,56988.10732967789,100579.33830527878,false
5,G1_CMAX,G4_BALANCED,[31, 22, 82, 15, 26, 9, 90, 42, 77, 4, 47, 5, 93, 78, 86, 54, 85, 63, 18, 44, 20, 49, 36, 14, 48, 50, 53, 17, 21, 45, 71, 64, 3, 23, 30, 83, 24, 41, 60, 52, 65, 27, 95, 70, 39, 87, 74, 69, 99, 68, 46, 1, 38, 58, 97, 59, 28, 8, 73, 37, 35, 79, 11, 66, 76, 57, 72, 16, 92, 6, 80, 61, 33, 98, 32, 34, 51, 67, 10, 7, 56, 43, 62, 19, 84, 13, 29, 96, 0, 81, 2, 40, 89, 55, 25, 88, 12, 94, 75, 91]|[0, 1, 2, 1, 1, 2, 1, 0, 1, 1, 1, 0, 2, 2, 1, 2, 0, 0, 0, 2, 2, 1, 0, 2, 2, 2, 2, 1, 0, 1, 1, 1, 0, 1, 1, 0, 2, 1, 2, 2, 0, 1, 1, 1, 0, 1, 0, 2, 1, 0, 0, 2, 2, 0, 2, 0, 2, 1, 0, 0, 2, 1, 0, 2, 2, 0, 1, 1, 0, 1, 0, 1, 1, 0, 0, 1, 0, 0, 1, 2, 0, 2, 0, 2, 0, 0, 1, 0, 0, 1, 2, 2, 1, 1, 1, 1, 1, 0, 2, 1]|[1, 3, 0, 2, 4, 1, 4, 0, 2, 4, 2, 2, 1, 0, 2, 1, 1, 1, 2, 1, 2, 3, 0, 1, 0, 1, 1, 4, 1, 0, 3, 2, 2, 3, 4, 1, 1, 4, 0, 1, 2, 2, 4, 4, 1, 0, 0, 2, 3, 1, 2, 1, 2, 1, 1, 2, 0, 3, 0, 2, 2, 3, 1, 0, 1, 2, 4, 0, 0, 4, 1, 3, 4, 1, 2, 4, 0, 1, 3, 1, 2, 1, 2, 0, 1, 2, 3, 2, 2, 1, 1, 0, 4, 3, 4, 4, 3, 0, 2, 3]|[1, 2, 0, 1, 3, 0, 1, 0, 0, 0, 2, 0, 1, 0, 1, 0, 0, 0, 1, 0, 0, 2, 0, 0, 0, 0, 0, 3, 0, 1, 0, 2, 0, 0, 3, 0, 1, 3, 1, 0, 0, 1, 1, 3, 0, 0, 1, 0, 2, 0, 0, 0, 0, 0, 1, 0, 0, 0, 1, 1, 0, 2, 0, 0, 0, 1, 2, 1, 1, 2, 0, 0, 1, 0, 0, 2, 0, 0, 3, 0, 1, 0, 1, 0, 0, 0, 0, 0, 0, 1, 0, 0, 1, 0, 3, 1, 0, 1, 1, 0],843.5474459353086,55975.36545268966,121421.24977672924,true
5,G4_BALANCED,G1_CMAX,[31, 22, 82, 15, 26, 9, 95, 42, 77, 12, 47, 5, 93, 78, 86, 54, 85, 63, 18, 44, 20, 35, 43, 97, 91, 76, 10, 30, 21, 45, 71, 64, 1, 23, 17, 83, 24, 41, 60, 36, 6, 57, 40, 88, 65, 56, 79, 69, 67, 68, 46, 75, 38, 58, 19, 32, 81, 48, 27, 62, 87, 90, 99, 59, 11, 16, 72, 73, 61, 39, 37, 84, 3, 92, 25, 55, 28, 51, 96, 7, 33, 70, 98, 14, 4, 50, 66, 29, 80, 53, 8, 2, 34, 89, 52, 49, 0, 94, 74, 13]|[1, 1, 0, 1, 1, 0, 1, 2, 2, 1, 2, 2, 2, 1, 1, 0, 0, 1, 0, 2, 2, 0, 1, 2, 0, 1, 2, 2, 0, 0, 1, 2, 1, 0, 1, 0, 2, 0, 1, 1, 0, 1, 1, 1, 0, 2, 1, 2, 0, 0, 0, 0, 1, 1, 2, 1, 2, 1, 0, 0, 2, 1, 0, 1, 2, 1, 2, 1, 1, 1, 1, 1, 1, 0, 1, 1, 1, 0, 1, 1, 0, 1, 0, 0, 1, 0, 2, 0, 0, 0, 1, 0, 2, 1, 2, 0, 0, 1, 2, 0]|[4, 3, 2, 2, 4, 1, 2, 2, 2, 4, 0, 1, 2, 4, 4, 1, 2, 4, 2, 1, 1, 1, 1, 2, 1, 2, 1, 1, 1, 1, 3, 2, 3, 0, 4, 0, 1, 1, 0, 3, 2, 2, 2, 0, 1, 1, 0, 2, 0, 1, 2, 2, 1, 0, 0, 3, 2, 4, 1, 2, 2, 3, 1, 1, 1, 3, 0, 4, 3, 1, 4, 1, 1, 0, 4, 4, 4, 1, 3, 1, 2, 3, 1, 1, 4, 1, 0, 1, 1, 2, 3, 2, 1, 1, 1, 1, 2, 4, 1, 2]|[0, 2, 1, 1, 3, 0, 1, 0, 0, 0, 0, 0, 1, 0, 1, 0, 0, 3, 1, 0, 0, 0, 3, 1, 0, 2, 0, 0, 0, 1, 0, 0, 0, 0, 3, 0, 1, 0, 0, 2, 1, 1, 1, 0, 0, 0, 0, 0, 1, 0, 0, 0, 1, 3, 0, 0, 1, 2, 0, 1, 0, 2, 0, 1, 0, 2, 1, 0, 0, 1, 1, 3, 1, 1, 3, 3, 1, 0, 2, 2, 1, 0, 0, 0, 0, 0, 0, 0, 0, 1, 2, 0, 0, 1, 0, 1, 0, 2, 0, 0],803.5962578662737,56945.445701825265,102683.83367270176,true
5,G2_TEC,G2_TEC,[31, 22, 82, 15, 26, 9, 95, 42, 77, 4, 47, 5, 93, 78, 86, 54, 85, 63, 18, 44, 20, 49, 36, 14, 74, 50, 53, 17, 21, 45, 71, 64, 3, 23, 30, 83, 24, 41, 60, 52, 65, 27, 90, 70, 39, 87, 48, 69, 99, 68, 46, 1, 38, 58, 97, 59, 28, 8, 73, 37, 35, 79, 11, 66, 76, 57, 40, 80, 96, 6, 16, 61, 33, 98, 32, 34, 51, 67, 10, 7, 56, 43, 62, 25, 91, 13, 29, 92, 0, 81, 84, 72, 88, 55, 75, 19, 12, 94, 89, 2]|[2, 1, 2, 1, 1, 2, 1, 1, 1, 1, 1, 0, 2, 2, 1, 2, 0, 0, 0, 2, 2, 1, 0, 2, 0, 2, 2, 1, 0, 1, 1, 1, 0, 0, 1, 0, 2, 1, 2, 2, 0, 1, 1, 1, 0, 2, 0, 2, 1, 0, 0, 2, 2, 0, 2, 0, 2, 1, 0, 0, 2, 1, 0, 2, 2, 0, 2, 2, 0, 1, 1, 1, 1, 0, 0, 1, 1, 0, 1, 2, 2, 1, 0, 1, 1, 0, 1, 0, 0, 1, 0, 1, 1, 0, 0, 2, 1, 1, 1, 2]|[0, 3, 0, 2, 4, 1, 4, 4, 2, 4, 3, 2, 1, 0, 2, 1, 1, 1, 2, 1, 2, 3, 0, 1, 0, 1, 1, 4, 1, 4, 3, 2, 2, 0, 4, 1, 1, 4, 0, 1, 2, 2, 4, 4, 1, 1, 0, 2, 3, 1, 2, 1, 2, 1, 1, 2, 1, 3, 0, 2, 2, 3, 1, 0, 1, 0, 0, 1, 2, 4, 0, 3, 4, 1, 2, 4, 3, 1, 3, 1, 0, 4, 2, 4, 3, 2, 3, 2, 2, 1, 2, 4, 4, 2, 2, 0, 3, 4, 4, 1]|[0, 2, 0, 1, 3, 0, 1, 3, 0, 0, 2, 0, 1, 0, 1, 0, 0, 0, 1, 0, 0, 2, 0, 0, 1, 0, 0, 3, 0, 1, 0, 2, 0, 0, 3, 0, 1, 3, 1, 0, 0, 1, 1, 3, 0, 0, 1, 0, 2, 0, 0, 0, 0, 0, 1, 0, 0, 0, 1, 1, 0, 2, 0, 0, 0, 1, 0, 0, 0, 2, 1, 0, 1, 0, 0, 2, 0, 0, 3, 0, 0, 2, 1, 3, 0, 0, 0, 0, 0, 1, 1, 2, 1, 0, 0, 0, 0, 2, 1, 0],867.4647062768508,53338.27234710852,119055.93153865679,false
5,G3_TWC,G3_TWC,[31, 22, 82, 15, 26, 9, 95, 42, 77, 12, 47, 5, 93, 78, 86, 54, 85, 63, 18, 44, 20, 35, 43, 97, 91, 76, 10, 30, 21, 45, 71, 64, 1, 23, 17, 83, 24, 41, 60, 36, 6, 57, 40, 88, 65, 56, 79, 69, 67, 68, 46, 75, 38, 58, 19, 32, 81, 48, 27, 62, 87, 90, 99, 59, 11, 16, 72, 73, 70, 39, 37, 84, 3, 92, 25, 55, 28, 51, 29, 7, 33, 61, 98, 14, 89, 50, 66, 96, 80, 53, 8, 2, 34, 4, 52, 49, 0, 94, 74, 13]|[1, 1, 0, 1, 1, 0, 1, 2, 2, 1, 2, 2, 2, 1, 1, 0, 0, 1, 0, 2, 2, 0, 1, 2, 0, 1, 2, 2, 0, 0, 1, 2, 1, 0, 1, 0, 2, 0, 1, 1, 0, 1, 1, 1, 0, 2, 1, 2, 0, 0, 0, 0, 1, 1, 2, 1, 2, 1, 0, 0, 2, 1, 0, 1, 2, 1, 2, 1, 1, 1, 1, 1, 1, 0, 1, 1, 0, 0, 0, 1, 0, 1, 0, 0, 1, 0, 2, 0, 0, 0, 1, 0, 2, 1, 2, 0, 0, 1, 2, 0]|[4, 3, 2, 2, 4, 1, 2, 2, 2, 4, 0, 1, 2, 4, 4, 1, 2, 4, 2, 1, 1, 1, 1, 2, 1, 2, 1, 1, 1, 1, 3, 2, 3, 0, 4, 0, 1, 1, 0, 3, 2, 2, 2, 0, 1, 1, 0, 2, 0, 1, 2, 2, 1, 0, 0, 3, 2, 4, 1, 2, 2, 3, 1, 1, 1, 3, 0, 4, 3, 1, 4, 1, 1, 0, 4, 4, 2, 1, 1, 1, 2, 3, 1, 1, 1, 1, 1, 1, 1, 2, 3, 2, 1, 4, 1, 1, 2, 4, 1, 2]|[0, 2, 1, 1, 3, 0, 1, 0, 0, 0, 0, 0, 1, 0, 1, 0, 0, 3, 1, 0, 0, 0, 3, 1, 0, 2, 0, 0, 0, 1, 0, 0, 0, 0, 3, 0, 1, 0, 0, 2, 1, 1, 1, 0, 0, 0, 0, 0, 1, 0, 0, 0, 1, 3, 0, 0, 1, 2, 0, 1, 0, 2, 0, 1, 0, 2, 1, 0, 0, 1, 1, 3, 1, 1, 3, 3, 1, 0, 0, 2, 1, 0, 0, 0, 1, 0, 0, 0, 0, 1, 2, 0, 0, 0, 0, 1, 0, 2, 0, 0],841.203111962131,56988.10732967789,100579.33830527878,false
5,G1_CMAX,G1_CMAX,[31, 95, 9, 15, 82, 22, 42, 77, 26, 8, 10, 76, 91, 97, 43, 63, 20, 44, 18, 80, 45, 78, 86, 5, 84, 89, 61, 96, 35, 33, 7, 29, 51, 28, 55, 25, 92, 50, 30, 37, 39, 70, 73, 72, 93, 16, 11, 74, 59, 99, 90, 34, 54, 27, 48, 65, 69, 81, 32, 19, 58, 38, 56, 46, 64, 68, 67, 79, 75, 62, 88, 40, 57, 6, 36, 60, 41, 24, 66, 17, 1, 85, 71, 3, 83, 14, 98, 21, 53, 12, 2, 52, 4, 87, 49, 0, 94, 23, 47, 13]|[1, 1, 0, 1, 0, 0, 2, 2, 1, 1, 2, 1, 0, 1, 0, 2, 2, 2, 0, 0, 0, 1, 1, 2, 2, 1, 1, 1, 1, 2, 1, 1, 0, 1, 1, 1, 0, 0, 2, 0, 1, 1, 1, 2, 2, 1, 2, 2, 1, 0, 1, 2, 0, 0, 1, 1, 2, 2, 1, 0, 1, 1, 2, 0, 0, 0, 0, 1, 1, 1, 1, 2, 1, 0, 1, 1, 1, 2, 2, 2, 0, 0, 1, 1, 1, 2, 0, 0, 0, 1, 0, 2, 0, 2, 0, 0, 1, 2, 2, 0]|[2, 3, 2, 4, 1, 1, 2, 1, 0, 4, 1, 2, 1, 1, 1, 1, 1, 1, 1, 2, 1, 4, 4, 1, 1, 1, 3, 3, 3, 2, 1, 3, 1, 4, 4, 4, 0, 1, 1, 1, 0, 3, 4, 0, 2, 3, 1, 0, 1, 1, 3, 1, 2, 1, 4, 3, 2, 2, 1, 2, 0, 1, 1, 2, 1, 1, 0, 0, 2, 2, 0, 0, 2, 2, 3, 0, 4, 1, 0, 2, 1, 2, 3, 1, 3, 0, 0, 1, 2, 4, 2, 1, 1, 2, 1, 2, 4, 0, 0, 2]|[1, 1, 1, 0, 0, 0, 1, 0, 3, 0, 0, 2, 0, 3, 0, 0, 0, 0, 0, 0, 0, 1, 1, 0, 0, 1, 0, 2, 0, 0, 2, 0, 0, 1, 3, 3, 1, 0, 0, 0, 1, 0, 0, 1, 1, 2, 0, 0, 1, 0, 2, 0, 1, 0, 2, 0, 0, 1, 1, 0, 3, 1, 0, 0, 0, 0, 1, 0, 1, 1, 0, 0, 1, 1, 2, 0, 3, 1, 0, 0, 1, 0, 0, 1, 0, 1, 0, 0, 1, 3, 0, 0, 0, 0, 1, 0, 2, 0, 0, 0],741.0259643952477,59280.645567270396,113268.46410696392,false
5,G4_BALANCED,G4_BALANCED,[31, 22, 82, 15, 26, 9, 90, 42, 77, 4, 47, 5, 93, 78, 86, 54, 85, 63, 18, 44, 20, 49, 36, 14, 48, 50, 53, 17, 21, 45, 71, 64, 3, 23, 30, 83, 24, 41, 60, 52, 65, 27, 95, 70, 39, 87, 74, 69, 99, 68, 46, 1, 38, 58, 97, 59, 28, 8, 73, 37, 35, 79, 11, 66, 76, 57, 72, 16, 92, 6, 80, 61, 33, 98, 32, 34, 62, 67, 10, 7, 19, 43, 51, 56, 91, 13, 29, 96, 0, 81, 2, 40, 88, 55, 75, 89, 12, 94, 25, 84]|[2, 1, 2, 1, 1, 2, 1, 1, 1, 1, 1, 0, 2, 2, 1, 2, 0, 0, 0, 2, 2, 1, 0, 2, 2, 2, 2, 1, 0, 1, 1, 1, 0, 0, 1, 0, 2, 1, 2, 2, 0, 1, 1, 1, 0, 1, 0, 2, 1, 0, 0, 2, 2, 0, 2, 0, 2, 1, 0, 0, 2, 1, 0, 2, 2, 0, 1, 1, 0, 1, 0, 1, 1, 0, 0, 1, 0, 0, 1, 2, 2, 2, 0, 0, 1, 0, 1, 0, 0, 1, 2, 2, 1, 1, 2, 1, 1, 1, 1, 0]|[0, 3, 0, 2, 4, 1, 4, 4, 2, 4, 3, 2, 1, 0, 2, 1, 1, 1, 2, 1, 2, 3, 0, 1, 0, 1, 1, 4, 1, 0, 3, 2, 2, 0, 4, 1, 1, 4, 0, 1, 2, 2, 4, 4, 1, 0, 0, 2, 3, 1, 2, 1, 2, 1, 1, 2, 0, 3, 0, 2, 2, 3, 1, 0, 1, 0, 4, 0, 0, 4, 1, 3, 4, 1, 2, 4, 2, 1, 3, 1, 0, 1, 0, 2, 3, 2, 3, 2, 2, 1, 1, 0, 4, 3, 2, 4, 3, 4, 4, 1]|[0, 2, 0, 1, 3, 0, 1, 3, 0, 0, 2, 0, 1, 0, 1, 0, 0, 0, 1, 0, 0, 2, 0, 0, 0, 0, 0, 3, 0, 1, 0, 2, 0, 0, 3, 0, 1, 3, 1, 0, 0, 1, 1, 3, 0, 0, 1, 0, 2, 0, 0, 0, 0, 0, 1, 0, 0, 0, 1, 1, 0, 2, 0, 0, 0, 1, 2, 1, 1, 2, 0, 0, 1, 0, 0, 2, 1, 0, 3, 0, 0, 0, 0, 1, 0, 0, 0, 0, 0, 1, 0, 0, 1, 0, 1, 1, 0, 2, 3, 0],859.3258246690137,55284.01110282602,121587.07642727022,false
5,G2_TEC,G2_TEC,[31, 22, 82, 15, 26, 9, 95, 42, 77, 4, 47, 5, 93, 78, 86, 54, 85, 63, 18, 44, 20, 49, 36, 14, 74, 50, 53, 17, 21, 45, 71, 64, 3, 23, 30, 83, 24, 41, 60, 52, 65, 27, 90, 70, 39, 87, 48, 69, 99, 68, 46, 1, 38, 58, 97, 59, 28, 8, 73, 37, 35, 79, 11, 66, 76, 57, 40, 80, 96, 6, 16, 61, 33, 98, 32, 34, 51, 67, 10, 7, 56, 43, 62, 25, 91, 13, 29, 92, 0, 81, 84, 72, 88, 55, 75, 19, 12, 94, 89, 2]|[2, 1, 2, 1, 1, 2, 1, 1, 1, 1, 1, 0, 2, 2, 1, 2, 0, 0, 0, 2, 2, 1, 0, 2, 0, 2, 2, 1, 0, 1, 1, 1, 0, 0, 1, 0, 2, 1, 2, 2, 0, 1, 1, 1, 0, 2, 0, 2, 1, 0, 0, 2, 2, 0, 2, 0, 2, 1, 0, 0, 2, 1, 0, 2, 2, 0, 2, 2, 0, 1, 1, 1, 1, 0, 0, 1, 1, 0, 1, 2, 2, 1, 0, 1, 1, 0, 1, 0, 0, 1, 0, 1, 1, 0, 0, 2, 1, 1, 1, 2]|[0, 3, 0, 2, 4, 1, 4, 4, 2, 4, 3, 2, 1, 0, 2, 1, 1, 1, 2, 1, 2, 3, 0, 1, 0, 1, 1, 4, 1, 4, 3, 2, 2, 0, 4, 1, 1, 4, 0, 1, 2, 2, 4, 4, 1, 1, 0, 2, 3, 1, 2, 1, 2, 1, 1, 2, 1, 3, 0, 2, 2, 3, 1, 0, 1, 0, 0, 1, 2, 4, 0, 3, 4, 1, 2, 4, 3, 1, 3, 1, 0, 4, 2, 4, 3, 2, 3, 2, 2, 1, 2, 4, 4, 2, 2, 0, 3, 4, 4, 1]|[0, 2, 0, 1, 3, 0, 1, 3, 0, 0, 2, 0, 1, 0, 1, 0, 0, 0, 1, 0, 0, 2, 0, 0, 1, 0, 0, 3, 0, 1, 0, 2, 0, 0, 3, 0, 1, 3, 1, 0, 0, 1, 1, 3, 0, 0, 1, 0, 2, 0, 0, 0, 0, 0, 1, 0, 0, 0, 1, 1, 0, 2, 0, 0, 0, 1, 0, 0, 0, 2, 1, 0, 1, 0, 0, 2, 0, 0, 3, 0, 0, 2, 1, 3, 0, 0, 0, 0, 0, 1, 1, 2, 1, 0, 0, 0, 0, 2, 1, 0],867.4647062768508,53338.27234710852,119055.93153865679,false
5,G3_TWC,G4_BALANCED,[31, 22, 82, 15, 26, 9, 95, 42, 77, 12, 47, 5, 93, 78, 86, 54, 85, 63, 18, 44, 20, 35, 43, 97, 91, 76, 10, 30, 21, 45, 71, 64, 1, 23, 17, 83, 24, 41, 60, 36, 6, 57, 40, 88, 65, 56, 79, 69, 67, 68, 46, 75, 38, 58, 19, 32, 81, 48, 27, 62, 87, 90, 99, 59, 11, 16, 72, 73, 70, 39, 37, 84, 3, 92, 25, 55, 28, 98, 29, 7, 66, 61, 51, 14, 89, 50, 33, 96, 80, 94, 8, 2, 34, 4, 52, 49, 0, 53, 74, 13]|[1, 1, 0, 1, 1, 0, 1, 2, 2, 1, 2, 2, 2, 1, 1, 0, 0, 1, 0, 2, 2, 0, 1, 2, 0, 1, 2, 2, 0, 0, 1, 2, 1, 0, 1, 0, 2, 0, 1, 1, 0, 1, 1, 1, 0, 2, 2, 2, 0, 0, 0, 0, 1, 0, 2, 1, 2, 1, 0, 0, 2, 1, 0, 1, 2, 1, 2, 1, 1, 1, 1, 1, 1, 0, 1, 1, 0, 0, 0, 1, 2, 1, 0, 0, 1, 0, 0, 0, 0, 0, 1, 0, 2, 1, 2, 0, 0, 1, 2, 0]|[4, 3, 2, 2, 4, 1, 2, 2, 2, 4, 0, 1, 2, 4, 4, 1, 2, 4, 2, 1, 1, 1, 1, 2, 1, 2, 1, 1, 1, 1, 3, 2, 3, 0, 4, 0, 1, 1, 0, 3, 2, 2, 2, 0, 1, 1, 1, 2, 0, 1, 2, 2, 1, 2, 0, 3, 2, 4, 1, 2, 2, 3, 1, 1, 1, 3, 0, 4, 3, 1, 4, 1, 1, 0, 4, 4, 2, 1, 1, 1, 1, 3, 1, 1, 1, 1, 2, 1, 1, 2, 3, 2, 1, 4, 1, 1, 2, 4, 1, 2]|[0, 2, 1, 1, 3, 0, 1, 0, 0, 0, 0, 0, 1, 0, 1, 0, 0, 3, 1, 0, 0, 0, 3, 1, 0, 2, 0, 0, 0, 1, 0, 0, 0, 0, 3, 0, 1, 0, 0, 2, 1, 1, 1, 0, 0, 0, 0, 0, 1, 0, 0, 0, 1, 0, 0, 0, 1, 2, 0, 1, 0, 2, 0, 1, 0, 2, 1, 0, 0, 1, 1, 3, 1, 1, 3, 3, 1, 0, 0, 2, 0, 0, 0, 0, 1, 0, 1, 0, 0, 1, 2, 0, 0, 0, 0, 1, 0, 2, 0, 0],866.8862653917552,56706.73184436142,102150.16665759555,true
5,G1_CMAX,G1_CMAX,[31, 22, 82, 15, 73, 9, 95, 42, 77, 12, 47, 98, 93, 78, 86, 54, 85, 63, 18, 44, 20, 35, 43, 97, 91, 76, 10, 30, 21, 45, 71, 64, 1, 23, 17, 83, 24, 41, 60, 36, 6, 57, 40, 88, 65, 56, 79, 69, 67, 68, 46, 75, 38, 58, 19, 32, 81, 48, 27, 62, 87, 90, 99, 59, 11, 16, 72, 26, 70, 89, 37, 84, 3, 92, 25, 55, 28, 51, 29, 7, 96, 74, 33, 14, 39, 50, 5, 8, 80, 53, 66, 2, 34, 4, 52, 49, 0, 94, 61, 13]|[1, 1, 0, 1, 1, 0, 1, 2, 2, 1, 2, 2, 2, 1, 1, 0, 0, 0, 0, 2, 2, 0, 1, 2, 0, 1, 2, 2, 0, 0, 1, 2, 1, 2, 1, 0, 2, 1, 1, 1, 0, 1, 1, 1, 0, 2, 1, 2, 0, 0, 0, 0, 1, 1, 2, 1, 2, 1, 0, 0, 2, 1, 0, 1, 2, 1, 2, 1, 1, 1, 0, 1, 1, 0, 1, 1, 1, 0, 0, 1, 1, 2, 0, 0, 1, 0, 0, 1, 0, 0, 2, 0, 2, 1, 2, 0, 0, 1, 2, 0]|[4, 3, 2, 2, 4, 1, 2, 2, 1, 4, 0, 1, 2, 4, 4, 1, 2, 1, 2, 1, 1, 1, 1, 2, 1, 2, 1, 1, 1, 1, 3, 2, 3, 0, 4, 2, 1, 4, 0, 3, 2, 2, 2, 0, 1, 1, 0, 2, 0, 1, 2, 2, 1, 4, 0, 3, 1, 4, 1, 2, 2, 3, 1, 1, 1, 3, 0, 4, 3, 1, 1, 1, 1, 0, 4, 4, 4, 1, 1, 1, 3, 0, 2, 1, 1, 1, 1, 3, 1, 2, 0, 2, 1, 4, 1, 1, 2, 4, 1, 2]|[0, 2, 1, 1, 3, 0, 1, 0, 0, 0, 0, 0, 1, 0, 1, 0, 0, 0, 1, 0, 0, 0, 3, 1, 0, 2, 0, 0, 0, 1, 0, 0, 0, 0, 3, 0, 1, 3, 0, 2, 1, 1, 1, 0, 0, 0, 0, 0, 1, 0, 0, 0, 1, 3, 0, 0, 0, 2, 0, 1, 0, 2, 0, 1, 0, 2, 1, 0, 0, 1, 0, 3, 1, 1, 3, 3, 1, 0, 0, 2, 2, 0, 1, 0, 1, 0, 0, 2, 0, 1, 0, 0, 0, 0, 0, 1, 0, 2, 0, 0],804.6336714748968,56894.7667294105,107771.98175219222,false
5,G4_BALANCED,G1_CMAX,[31, 22, 82, 15, 26, 9, 95, 42, 77, 12, 47, 5, 93, 78, 86, 54, 85, 63, 18, 44, 20, 35, 43, 97, 91, 76, 10, 30, 21, 45, 61, 64, 1, 23, 17, 83, 24, 41, 60, 36, 6, 57, 40, 88, 65, 56, 79, 69, 67, 68, 46, 75, 38, 58, 19, 32, 81, 48, 27, 62, 87, 90, 99, 59, 11, 16, 72, 73, 71, 39, 37, 84, 3, 92, 25, 55, 28, 51, 29, 7, 33, 70, 98, 96, 89, 50, 14, 66, 80, 53, 8, 2, 13, 4, 52, 49, 0, 94, 74, 34]|[1, 1, 0, 1, 1, 0, 1, 2, 2, 1, 2, 2, 2, 1, 1, 0, 0, 1, 0, 2, 2, 0, 1, 2, 0, 1, 2, 2, 0, 0, 1, 2, 1, 2, 1, 0, 2, 0, 1, 1, 0, 1, 1, 1, 0, 2, 2, 2, 0, 0, 0, 0, 1, 1, 2, 1, 2, 1, 0, 0, 2, 1, 0, 1, 2, 1, 2, 1, 1, 1, 0, 1, 1, 0, 1, 1, 1, 0, 0, 1, 0, 1, 2, 2, 1, 0, 0, 1, 0, 0, 1, 0, 0, 1, 1, 0, 0, 1, 2, 1]|[4, 3, 2, 2, 4, 1, 2, 2, 2, 4, 0, 1, 2, 4, 4, 1, 2, 4, 2, 1, 1, 1, 1, 2, 1, 2, 1, 1, 1, 1, 3, 2, 3, 0, 4, 0, 1, 1, 0, 3, 2, 2, 2, 0, 1, 1, 1, 2, 0, 1, 2, 2, 1, 0, 0, 3, 2, 4, 1, 2, 2, 3, 1, 1, 1, 3, 0, 4, 3, 0, 1, 1, 1, 0, 4, 4, 4, 1, 1, 1, 1, 3, 1, 0, 1, 1, 1, 3, 1, 2, 3, 2, 2, 4, 1, 1, 2, 4, 0, 0]|[0, 2, 1, 1, 3, 0, 1, 0, 0, 0, 0, 0, 1, 0, 1, 0, 0, 3, 1, 0, 0, 0, 3, 1, 0, 2, 0, 0, 0, 1, 0, 0, 0, 0, 3, 0, 1, 0, 0, 2, 1, 1, 1, 0, 0, 0, 0, 0, 1, 0, 0, 0, 1, 3, 0, 0, 1, 2, 0, 1, 0, 2, 0, 1, 0, 2, 1, 0, 0, 1, 0, 3, 1, 1, 3, 3, 1, 0, 0, 2, 0, 0, 0, 0, 1, 0, 0, 2, 0, 1, 2, 0, 0, 0, 1, 1, 0, 2, 0, 3],777.0910805834285,58129.49291100744,105095.16068331014,true
5,G2_TEC,G2_TEC,[31, 22, 82, 15, 26, 9, 95, 42, 77, 4, 47, 5, 93, 78, 86, 54, 85, 63, 18, 44, 20, 49, 36, 14, 74, 50, 53, 17, 21, 45, 71, 64, 3, 23, 30, 83, 24, 41, 60, 52, 65, 27, 90, 70, 39, 87, 48, 69, 99, 68, 46, 1, 38, 58, 97, 59, 28, 8, 73, 37, 35, 79, 11, 66, 76, 57, 40, 80, 96, 6, 16, 61, 33, 98, 32, 34, 51, 67, 10, 7, 56, 43, 62, 25, 91, 13, 29, 92, 0, 81, 84, 72, 88, 55, 75, 19, 12, 94, 89, 2]|[2, 1, 2, 1, 1, 2, 1, 1, 1, 1, 1, 0, 2, 2, 1, 2, 0, 0, 0, 2, 2, 1, 0, 2, 0, 2, 2, 1, 0, 1, 1, 1, 0, 0, 1, 0, 2, 1, 2, 2, 0, 1, 1, 1, 0, 2, 0, 2, 1, 0, 0, 2, 2, 0, 2, 0, 2, 1, 0, 0, 2, 1, 0, 2, 2, 0, 2, 2, 0, 1, 1, 1, 1, 0, 0, 1, 1, 0, 1, 2, 2, 1, 0, 1, 1, 0, 1, 0, 0, 1, 0, 1, 1, 0, 0, 2, 1, 1, 1, 2]|[0, 3, 0, 2, 4, 1, 4, 4, 2, 4, 3, 2, 1, 0, 2, 1, 1, 1, 2, 1, 2, 3, 0, 1, 0, 1, 1, 4, 1, 4, 3, 2, 2, 0, 4, 1, 1, 4, 0, 1, 2, 2, 4, 4, 1, 1, 0, 2, 3, 1, 2, 1, 2, 1, 1, 2, 1, 3, 0, 2, 2, 3, 1, 0, 1, 0, 0, 1, 2, 4, 0, 3, 4, 1, 2, 4, 3, 1, 3, 1, 0, 4, 2, 4, 3, 2, 3, 2, 2, 1, 2, 4, 4, 2, 2, 0, 3, 4, 4, 1]|[0, 2, 0, 1, 3, 0, 1, 3, 0, 0, 2, 0, 1, 0, 1, 0, 0, 0, 1, 0, 0, 2, 0, 0, 1, 0, 0, 3, 0, 1, 0, 2, 0, 0, 3, 0, 1, 3, 1, 0, 0, 1, 1, 3, 0, 0, 1, 0, 2, 0, 0, 0, 0, 0, 1, 0, 0, 0, 1, 1, 0, 2, 0, 0, 0, 1, 0, 0, 0, 2, 1, 0, 1, 0, 0, 2, 0, 0, 3, 0, 0, 2, 1, 3, 0, 0, 0, 0, 0, 1, 1, 2, 1, 0, 0, 0, 0, 2, 1, 0],867.4647062768508,53338.27234710852,119055.93153865679,false
5,G3_TWC,G3_TWC,[31, 22, 82, 15, 26, 9, 95, 42, 77, 12, 47, 5, 93, 78, 86, 54, 85, 63, 18, 44, 20, 35, 43, 97, 91, 76, 10, 30, 21, 45, 71, 64, 1, 23, 17, 83, 24, 41, 60, 36, 6, 57, 40, 88, 65, 56, 79, 69, 67, 68, 46, 75, 38, 58, 19, 32, 81, 48, 27, 62, 87, 90, 99, 59, 11, 16, 72, 73, 70, 39, 37, 84, 3, 92, 25, 55, 28, 29, 51, 7, 66, 61, 98, 14, 89, 50, 8, 96, 80, 53, 33, 2, 34, 4, 52, 49, 0, 94, 74, 13]|[1, 1, 0, 1, 1, 0, 1, 2, 2, 1, 2, 2, 2, 1, 1, 0, 0, 1, 0, 2, 2, 0, 1, 2, 0, 1, 2, 2, 0, 0, 1, 2, 1, 2, 1, 0, 2, 0, 1, 1, 0, 1, 1, 1, 0, 2, 1, 2, 0, 0, 0, 0, 1, 1, 2, 1, 2, 1, 0, 0, 2, 1, 0, 1, 2, 1, 2, 1, 1, 1, 1, 1, 1, 0, 1, 1, 0, 0, 0, 1, 2, 1, 0, 0, 1, 0, 1, 0, 0, 0, 0, 0, 2, 1, 2, 0, 0, 1, 2, 0]|[4, 3, 2, 2, 4, 1, 2, 2, 2, 4, 1, 1, 2, 4, 4, 1, 2, 4, 2, 1, 1, 1, 1, 2, 1, 2, 1, 1, 1, 1, 3, 2, 3, 0, 4, 0, 1, 1, 0, 3, 2, 2, 2, 0, 1, 1, 0, 2, 0, 1, 2, 2, 1, 0, 0, 3, 2, 4, 1, 2, 2, 3, 1, 1, 1, 3, 0, 4, 3, 1, 4, 1, 1, 0, 4, 4, 2, 1, 1, 1, 0, 3, 1, 1, 1, 1, 3, 1, 1, 2, 2, 2, 1, 4, 1, 1, 2, 4, 1, 2]|[0, 2, 1, 1, 3, 0, 1, 0, 0, 0, 0, 0, 1, 0, 1, 0, 0, 3, 1, 0, 0, 0, 3, 1, 0, 2, 0, 0, 0, 1, 0, 0, 0, 0, 3, 0, 1, 0, 0, 2, 1, 1, 1, 0, 0, 0, 0, 0, 1, 0, 0, 0, 1, 3, 0, 0, 1, 2, 0, 1, 0, 2, 0, 1, 0, 2, 1, 0, 0, 1, 1, 3, 1, 1, 3, 3, 1, 0, 0, 2, 0, 0, 0, 0, 1, 0, 2, 0, 0, 1, 1, 0, 0, 0, 0, 1, 0, 2, 0, 0],806.3463616132157,57045.50962016164,99401.06800953601,false
6,G1_CMAX,G1_CMAX,[31, 22, 82, 15, 73, 9, 95, 42, 77, 12, 47, 98, 93, 78, 86, 54, 85, 63, 18, 44, 20, 35, 43, 97, 37, 76, 10, 30, 21, 45, 71, 64, 1, 23, 17, 83, 24, 41, 60, 36, 6, 57, 40, 88, 65, 56, 79, 69, 67, 68, 46, 75, 38, 58, 19, 32, 81, 48, 27, 62, 87, 90, 99, 59, 11, 16, 72, 26, 70, 89, 91, 84, 3, 92, 25, 5, 28, 51, 29, 7, 96, 74, 33, 14, 39, 50, 55, 8, 80, 53, 66, 2, 34, 4, 52, 49, 0, 94, 61, 13]|[1, 1, 0, 1, 1, 0, 1, 2, 2, 1, 2, 2, 2, 1, 1, 0, 0, 0, 0, 2, 2, 0, 1, 2, 0, 1, 2, 2, 0, 0, 2, 2, 1, 2, 1, 0, 2, 1, 1, 1, 0, 1, 1, 1, 0, 2, 1, 2, 0, 0, 0, 0, 1, 1, 2, 1, 2, 1, 0, 0, 2, 1, 0, 1, 2, 1, 2, 1, 1, 1, 0, 1, 1, 0, 1, 1, 1, 0, 0, 1, 1, 2, 0, 0, 1, 0, 1, 1, 0, 0, 2, 0, 2, 1, 2, 0, 0, 1, 1, 0]|[4, 3, 2, 2, 4, 1, 2, 2, 1, 4, 0, 1, 2, 4, 4, 1, 2, 1, 2, 1, 1, 1, 1, 2, 1, 2, 1, 1, 1, 1, 1, 2, 3, 0, 4, 0, 1, 4, 0, 3, 2, 2, 2, 0, 1, 1, 0, 2, 0, 1, 2, 2, 1, 4, 0, 3, 1, 4, 1, 2, 2, 3, 1, 1, 1, 3, 0, 4, 3, 1, 1, 1, 1, 0, 4, 4, 4, 1, 1, 1, 3, 0, 2, 2, 1, 1, 4, 3, 1, 2, 0, 2, 1, 4, 1, 1, 2, 4, 1, 2]|[0, 2, 1, 1, 3, 0, 1, 0, 0, 0, 0, 0, 1, 0, 1, 0, 0, 0, 1, 0, 0, 0, 3, 1, 0, 2, 0, 0, 0, 1, 0, 0, 0, 0, 3, 0, 1, 3, 0, 2, 1, 1, 1, 0, 0, 0, 0, 0, 1, 0, 0, 0, 1, 3, 0, 0, 0, 2, 0, 1, 0, 2, 0, 1, 0, 2, 1, 0, 0, 1, 0, 3, 1, 1, 3, 3, 1, 0, 0, 2, 2, 0, 1, 0, 1, 0, 3, 2, 0, 1, 0, 0, 0, 0, 0, 1, 0, 2, 3, 0],793.9245523686786,56725.22725953277,109750.13129864159,false
6,G4_BALANCED,G1_CMAX,[31, 22, 82, 15, 26, 9, 95, 42, 77, 12, 47, 5, 93, 78, 86, 54, 85, 63, 18, 44, 20, 35, 43, 97, 91, 76, 10, 30, 21, 45, 71, 64, 1, 23, 17, 83, 24, 41, 60, 36, 6, 57, 40, 88, 65, 56, 79, 69, 67, 68, 46, 75, 38, 58, 19, 32, 81, 48, 27, 62, 87, 90, 99, 59, 11, 16, 72, 73, 70, 39, 37, 84, 3, 92, 25, 55, 28, 29, 51, 7, 66, 61, 98, 14, 89, 50, 8, 96, 80, 53, 33, 2, 34, 4, 52, 49, 0, 94, 74, 13]|[1, 1, 0, 1, 1, 0, 1, 2, 2, 1, 2, 2, 2, 1, 1, 0, 0, 1, 0, 2, 2, 0, 1, 2, 0, 1, 2, 2, 0, 0, 1, 2, 1, 2, 1, 0, 2, 1, 1, 1, 0, 1, 1, 1, 0, 2, 1, 2, 0, 0, 0, 0, 1, 1, 2, 1, 2, 1, 0, 0, 2, 1, 0, 1, 2, 1, 2, 1, 2, 1, 1, 1, 1, 0, 1, 1, 0, 0, 0, 1, 2, 1, 0, 0, 1, 0, 1, 0, 0, 0, 0, 0, 2, 1, 1, 0, 0, 1, 2, 0]|[4, 3, 2, 2, 4, 1, 2, 2, 2, 4, 1, 1, 2, 4, 4, 1, 2, 4, 2, 1, 1, 1, 1, 2, 1, 2, 1, 1, 1, 1, 3, 2, 3, 0, 4, 0, 1, 4, 0, 3, 2, 2, 2, 0, 1, 1, 0, 2, 0, 1, 2, 2, 1, 0, 0, 3, 2, 4, 1, 2, 2, 3, 1, 1, 1, 3, 0, 4, 2, 1, 4, 1, 1, 0, 4, 4, 2, 1, 1, 1, 1, 3, 1, 1, 1, 1, 3, 1, 1, 2, 2, 2, 1, 4, 1, 1, 2, 4, 1, 2]|[0, 2, 1, 1, 3, 0, 1, 0, 0, 0, 0, 0, 1, 0, 1, 0, 0, 3, 1, 0, 0, 0, 3, 1, 0, 2, 0, 0, 0, 1, 0, 0, 0, 0, 3, 0, 1, 3, 0, 2, 1, 1, 1, 0, 0, 0, 0, 0, 1, 0, 0, 0, 1, 3, 0, 0, 1, 2, 0, 1, 0, 2, 0, 1, 0, 2, 1, 0, 1, 1, 1, 3, 1, 1, 3, 3, 1, 0, 0, 2, 0, 0, 0, 0, 1, 0, 2, 0, 0, 1, 1, 0, 0, 0, 1, 1, 0, 2, 0, 0],795.0091064070469,57713.03941554547,100199.14332357411,true
6,G2_TEC,G2_TEC,[31, 22, 82, 15, 26, 9, 95, 42, 77, 4, 47, 5, 93, 78, 86, 54, 85, 63, 18, 44, 20, 49, 36, 14, 74, 50, 53, 17, 21, 45, 71, 64, 3, 23, 30, 83, 24, 41, 60, 52, 65, 27, 90, 70, 39, 87, 48, 69, 99, 68, 46, 1, 38, 58, 97, 59, 28, 8, 73, 37, 35, 79, 11, 66, 76, 57, 40, 80, 96, 6, 16, 61, 33, 98, 32, 34, 51, 67, 10, 7, 56, 43, 62, 25, 91, 13, 29, 92, 0, 81, 84, 72, 88, 55, 75, 19, 12, 94, 89, 2]|[2, 1, 2, 1, 1, 2, 1, 1, 1, 1, 1, 0, 2, 2, 1, 2, 0, 0, 0, 2, 2, 1, 0, 2, 0, 2, 2, 1, 0, 1, 1, 1, 0, 0, 1, 0, 2, 1, 2, 2, 0, 1, 1, 1, 0, 2, 0, 2, 1, 0, 0, 2, 2, 0, 2, 0, 2, 1, 0, 0, 2, 1, 0, 2, 2, 0, 2, 2, 0, 1, 1, 1, 1, 0, 0, 1, 1, 0, 1, 2, 2, 1, 0, 1, 1, 0, 1, 0, 0, 1, 0, 1, 1, 0, 0, 2, 1, 1, 1, 2]|[0, 3, 0, 2, 4, 1, 4, 4, 2, 4, 3, 2, 1, 0, 2, 1, 1, 1, 2, 1, 2, 3, 0, 1, 0, 1, 1, 4, 1, 4, 3, 2, 2, 0, 4, 1, 1, 4, 0, 1, 2, 2, 4, 4, 1, 1, 0, 2, 3, 1, 2, 1, 2, 1, 1, 2, 1, 3, 0, 2, 2, 3, 1, 0, 1, 0, 0, 1, 2, 4, 0, 3, 4, 1, 2, 4, 3, 1, 3, 1, 0, 4, 2, 4, 3, 2, 3, 2, 2, 1, 2, 4, 4, 2, 2, 0, 3, 4, 4, 1]|[0, 2, 0, 1, 3, 0, 1, 3, 0, 0, 2, 0, 1, 0, 1, 0, 0, 0, 1, 0, 0, 2, 0, 0, 1, 0, 0, 3, 0, 1, 0, 2, 0, 0, 3, 0, 1, 3, 1, 0, 0, 1, 1, 3, 0, 0, 1, 0, 2, 0, 0, 0, 0, 0, 1, 0, 0, 0, 1, 1, 0, 2, 0, 0, 0, 1, 0, 0, 0, 2, 1, 0, 1, 0, 0, 2, 0, 0, 3, 0, 0, 2, 1, 3, 0, 0, 0, 0, 0, 1, 1, 2, 1, 0, 0, 0, 0, 2, 1, 0],867.4647062768508,53338.27234710852,119055.93153865679,false
6,G3_TWC,G3_TWC,[31, 22, 82, 15, 26, 9, 95, 42, 77, 12, 47, 5, 93, 78, 86, 54, 85, 63, 18, 44, 20, 35, 43, 97, 91, 76, 10, 30, 21, 45, 71, 64, 1, 23, 17, 83, 24, 41, 60, 36, 6, 57, 40, 88, 65, 56, 79, 69, 67, 68, 46, 75, 38, 58, 19, 32, 81, 48, 27, 62, 87, 90, 99, 59, 11, 16, 72, 73, 70, 39, 37, 84, 3, 92, 25, 55, 28, 29, 51, 7, 66, 61, 98, 14, 89, 50, 8, 96, 80, 53, 33, 74, 34, 4, 52, 49, 0, 94, 2, 13]|[1, 1, 0, 1, 1, 0, 1, 2, 2, 1, 2, 2, 2, 1, 1, 0, 0, 1, 0, 2, 2, 0, 1, 2, 0, 1, 2, 2, 0, 0, 1, 2, 1, 2, 1, 0, 2, 0, 1, 1, 0, 1, 1, 1, 0, 2, 1, 2, 0, 0, 0, 0, 1, 1, 2, 1, 2, 1, 0, 0, 2, 1, 0, 1, 2, 1, 2, 1, 1, 1, 1, 1, 1, 0, 1, 1, 0, 0, 0, 1, 2, 1, 0, 0, 1, 0, 1, 0, 0, 0, 0, 2, 2, 1, 1, 0, 0, 1, 0, 0]|[4, 3, 2, 2, 4, 1, 2, 2, 2, 4, 1, 1, 2, 4, 4, 1, 2, 4, 2, 1, 1, 1, 1, 2, 1, 2, 1, 1, 1, 1, 3, 2, 3, 0, 4, 0, 1, 1, 0, 3, 2, 2, 2, 0, 1, 1, 0, 2, 0, 1, 2, 2, 1, 0, 0, 3, 2, 4, 1, 2, 2, 3, 1, 1, 1, 3, 0, 4, 3, 1, 4, 1, 1, 0, 4, 4, 2, 1, 1, 1, 0, 3, 1, 1, 1, 1, 3, 1, 1, 2, 2, 1, 1, 4, 1, 1, 2, 4, 2, 2]|[0, 2, 1, 1, 3, 0, 1, 0, 0, 0, 0, 0, 1, 0, 1, 0, 0, 3, 1, 0, 0, 0, 3, 1, 0, 2, 0, 0, 0, 1, 0, 0, 0, 0, 3, 0, 1, 0, 0, 2, 1, 1, 1, 0, 0, 0, 0, 0, 1, 0, 0, 0, 1, 3, 0, 0, 1, 2, 0, 1, 0, 2, 0, 1, 0, 2, 1, 0, 0, 1, 1, 3, 1, 1, 3, 3, 1, 0, 0, 2, 0, 0, 0, 0, 1, 0, 2, 0, 0, 1, 1, 0, 0, 0, 1, 1, 0, 2, 0, 0],804.1796957672034,57452.725472644015,98584.0896411805,false
6,G1_CMAX,G1_CMAX,[31, 95, 9, 15, 82, 22, 42, 77, 26, 8, 10, 76, 91, 97, 43, 63, 20, 44, 18, 80, 45, 78, 86, 5, 84, 89, 61, 96, 35, 33, 7, 29, 51, 28, 55, 25, 92, 50, 30, 37, 39, 70, 73, 72, 93, 16, 11, 74, 59, 99, 90, 34, 54, 27, 48, 65, 69, 81, 32, 19, 58, 38, 56, 46, 64, 68, 67, 79, 75, 62, 88, 40, 57, 6, 36, 60, 41, 24, 66, 17, 1, 85, 71, 3, 83, 14, 98, 21, 53, 12, 2, 52, 4, 87, 49, 0, 94, 23, 47, 13]|[1, 1, 0, 1, 0, 0, 2, 2, 1, 1, 2, 1, 0, 1, 0, 2, 2, 2, 0, 0, 0, 1, 1, 2, 2, 1, 1, 1, 1, 2, 1, 1, 0, 1, 1, 1, 0, 0, 2, 0, 1, 1, 1, 2, 2, 1, 2, 2, 1, 0, 1, 2, 0, 0, 1, 1, 2, 2, 1, 0, 1, 1, 2, 0, 0, 0, 0, 1, 1, 1, 1, 2, 1, 0, 1, 1, 1, 2, 2, 2, 0, 0, 1, 1, 1, 2, 0, 0, 0, 1, 0, 2, 0, 2, 0, 0, 1, 2, 2, 0]|[2, 3, 2, 4, 1, 1, 2, 1, 0, 4, 1, 2, 1, 1, 1, 1, 1, 1, 1, 2, 1, 4, 4, 1, 1, 1, 3, 3, 3, 2, 1, 3, 1, 4, 4, 4, 0, 1, 1, 1, 0, 3, 4, 0, 2, 3, 1, 0, 1, 1, 3, 1, 2, 1, 4, 3, 2, 2, 1, 2, 0, 1, 1, 2, 1, 1, 0, 0, 2, 2, 0, 0, 2, 2, 3, 0, 4, 1, 0, 2, 1, 2, 3, 1, 3, 0, 0, 1, 2, 4, 2, 1, 1, 2, 1, 2, 4, 0, 0, 2]|[1, 1, 1, 0, 0, 0, 1, 0, 3, 0, 0, 2, 0, 3, 0, 0, 0, 0, 0, 0, 0, 1, 1, 0, 0, 1, 0, 2, 0, 0, 2, 0, 0, 1, 3, 3, 1, 0, 0, 0, 1, 0, 0, 1, 1, 2, 0, 0, 1, 0, 2, 0, 1, 0, 2, 0, 0, 1, 1, 0, 3, 1, 0, 0, 0, 0, 1, 0, 1, 1, 0, 0, 1, 1, 2, 0, 3, 1, 0, 0, 1, 0, 0, 1, 0, 1, 0, 0, 1, 3, 0, 0, 0, 0, 1, 0, 2, 0, 0, 0],741.0259643952477,59280.645567270396,113268.46410696392,false
6,G4_BALANCED,G2_TEC,[31, 22, 82, 15, 26, 9, 36, 42, 77, 4, 47, 5, 93, 78, 86, 54, 85, 63, 18, 44, 20, 49, 95, 14, 74, 50, 53, 17, 21, 45, 71, 64, 3, 23, 30, 83, 24, 41, 60, 52, 65, 27, 90, 70, 39, 87, 48, 69, 99, 68, 46, 1, 38, 58, 97, 59, 28, 8, 73, 37, 35, 79, 11, 66, 76, 57, 40, 80, 96, 6, 16, 61, 33, 98, 32, 34, 51, 67, 10, 7, 56, 43, 62, 25, 91, 13, 29, 92, 0, 81, 84, 72, 88, 55, 75, 19, 12, 94, 89, 2]|[2, 1, 2, 1, 1, 2, 1, 1, 1, 1, 1, 0, 2, 2, 1, 2, 0, 0, 0, 2, 2, 1, 0, 2, 0, 2, 2, 1, 0, 1, 1, 1, 0, 0, 1, 0, 2, 1, 2, 2, 0, 1, 1, 1, 0, 2, 0, 2, 1, 0, 0, 2, 2, 0, 2, 0, 2, 1, 0, 0, 2, 1, 0, 2, 2, 0, 2, 2, 0, 1, 1, 1, 1, 0, 0, 1, 1, 0, 1, 2, 2, 1, 0, 1, 1, 0, 1, 0, 0, 1, 0, 1, 1, 0, 0, 2, 1, 1, 1, 2]|[0, 3, 0, 2, 4, 1, 4, 4, 2, 4, 3, 2, 1, 0, 2, 1, 1, 1, 2, 1, 2, 3, 0, 1, 0, 1, 1, 4, 1, 4, 3, 2, 2, 0, 4, 1, 1, 4, 0, 1, 2, 2, 4, 4, 1, 1, 0, 2, 3, 1, 2, 1, 2, 1, 1, 2, 1, 3, 0, 2, 2, 3, 1, 0, 1, 0, 0, 1, 2, 4, 0, 3, 4, 1, 2, 4, 3, 1, 3, 1, 0, 4, 2, 4, 3, 2, 3, 2, 2, 1, 2, 4, 4, 2, 2, 0, 3, 4, 4, 1]|[0, 2, 0, 1, 3, 0, 1, 3, 0, 0, 2, 0, 1, 0, 1, 0, 0, 0, 1, 0, 0, 2, 0, 0, 1, 0, 0, 3, 0, 1, 0, 2, 0, 0, 3, 0, 1, 3, 1, 0, 0, 1, 1, 3, 0, 0, 1, 0, 2, 0, 0, 0, 0, 0, 1, 0, 0, 0, 1, 1, 0, 2, 0, 0, 0, 1, 0, 0, 0, 2, 1, 0, 1, 0, 0, 2, 0, 0, 3, 0, 0, 2, 1, 3, 0, 0, 0, 0, 0, 1, 1, 2, 1, 0, 0, 0, 0, 2, 1, 0],867.4647062768508,53369.78233461387,118803.58872823781,true
6,G2_TEC,G2_TEC,[31, 22, 82, 15, 26, 9, 95, 42, 77, 4, 47, 5, 93, 78, 86, 54, 85, 63, 18, 44, 20, 49, 36, 14, 74, 50, 53, 17, 21, 45, 71, 64, 3, 23, 30, 83, 24, 41, 60, 52, 65, 27, 90, 70, 39, 87, 48, 69, 99, 68, 46, 1, 38, 58, 97, 59, 28, 8, 73, 37, 35, 79, 11, 66, 76, 57, 40, 80, 96, 6, 16, 61, 33, 98, 32, 34, 51, 67, 10, 7, 56, 43, 62, 25, 91, 13, 29, 92, 0, 81, 84, 72, 88, 55, 75, 19, 12, 94, 89, 2]|[2, 1, 2, 1, 1, 2, 1, 1, 1, 1, 1, 0, 2, 2, 1, 2, 0, 0, 0, 2, 2, 1, 0, 2, 0, 2, 2, 1, 0, 1, 1, 1, 0, 0, 1, 0, 2, 1, 2, 2, 0, 1, 1, 1, 0, 2, 0, 2, 1, 0, 0, 2, 2, 0, 2, 0, 2, 1, 0, 0, 2, 1, 0, 2, 2, 0, 2, 2, 0, 1, 1, 1, 1, 0, 0, 1, 1, 0, 1, 2, 2, 1, 0, 1, 1, 0, 1, 0, 0, 1, 0, 1, 1, 0, 0, 2, 1, 1, 1, 2]|[0, 3, 0, 2, 4, 1, 4, 4, 2, 4, 3, 2, 1, 0, 2, 1, 1, 1, 2, 1, 2, 3, 0, 1, 0, 1, 1, 4, 1, 4, 3, 2, 2, 0, 4, 1, 1, 4, 0, 1, 2, 2, 4, 4, 1, 1, 0, 2, 3, 1, 2, 1, 2, 1, 1, 2, 1, 3, 0, 2, 2, 3, 1, 0, 1, 0, 0, 1, 2, 4, 0, 3, 4, 1, 2, 4, 3, 1, 3, 1, 0, 4, 2, 4, 3, 2, 3, 2, 2, 1, 2, 4, 4, 2, 2, 0, 3, 4, 4, 1]|[0, 2, 0, 1, 3, 0, 1, 3, 0, 0, 2, 0, 1, 0, 1, 0, 0, 0, 1, 0, 0, 2, 0, 0, 1, 0, 0, 3, 0, 1, 0, 2, 0, 0, 3, 0, 1, 3, 1, 0, 0, 1, 1, 3, 0, 0, 1, 0, 2, 0, 0, 0, 0, 0, 1, 0, 0, 0, 1, 1, 0, 2, 0, 0, 0, 1, 0, 0, 0, 2, 1, 0, 1, 0, 0, 2, 0, 0, 3, 0, 0, 2, 1, 3, 0, 0, 0, 0, 0, 1, 1, 2, 1, 0, 0, 0, 0, 2, 1, 0],867.4647062768508,53338.27234710852,119055.93153865679,false
6,G3_TWC,G3_TWC,[31, 22, 82, 15, 26, 9, 95, 42, 77, 12, 47, 5, 93, 78, 86, 54, 85, 63, 18, 44, 20, 35, 43, 97, 91, 76, 10, 30, 21, 45, 71, 64, 1, 23, 17, 83, 24, 41, 60, 36, 6, 57, 40, 88, 65, 56, 79, 69, 67, 68, 46, 75, 38, 58, 19, 32, 81, 48, 27, 62, 87, 90, 99, 59, 11, 16, 72, 73, 70, 39, 37, 84, 3, 92, 25, 55, 28, 29, 51, 7, 66, 61, 98, 14, 89, 50, 8, 96, 80, 53, 33, 74, 34, 4, 52, 49, 0, 94, 2, 13]|[1, 1, 0, 1, 1, 0, 1, 2, 2, 1, 2, 2, 2, 1, 1, 0, 0, 1, 0, 2, 2, 0, 1, 2, 0, 1, 2, 2, 0, 0, 1, 2, 1, 2, 1, 0, 2, 0, 1, 1, 0, 1, 1, 1, 0, 2, 1, 2, 0, 0, 0, 0, 1, 1, 2, 1, 2, 1, 0, 0, 2, 1, 0, 1, 2, 1, 2, 1, 1, 1, 1, 1, 1, 0, 1, 1, 0, 0, 0, 1, 2, 1, 0, 0, 1, 0, 1, 0, 0, 0, 0, 2, 2, 1, 1, 0, 0, 1, 0, 0]|[4, 3, 2, 2, 4, 1, 2, 2, 2, 4, 1, 1, 2, 4, 4, 1, 2, 4, 2, 1, 1, 1, 1, 2, 1, 2, 1, 1, 1, 1, 3, 2, 3, 0, 4, 0, 1, 1, 0, 3, 2, 2, 2, 0, 1, 1, 0, 2, 0, 1, 2, 2, 1, 0, 0, 3, 2, 4, 1, 2, 2, 3, 1, 1, 1, 3, 0, 4, 3, 1, 4, 1, 1, 0, 4, 4, 2, 1, 1, 1, 0, 3, 1, 1, 1, 1, 3, 1, 1, 2, 2, 1, 1, 4, 1, 1, 2, 4, 2, 2]|[0, 2, 1, 1, 3, 0, 1, 0, 0, 0, 0, 0, 1, 0, 1, 0, 0, 3, 1, 0, 0, 0, 3, 1, 0, 2, 0, 0, 0, 1, 0, 0, 0, 0, 3, 0, 1, 0, 0, 2, 1, 1, 1, 0, 0, 0, 0, 0, 1, 0, 0, 0, 1, 3, 0, 0, 1, 2, 0, 1, 0, 2, 0, 1, 0, 2, 1, 0, 0, 1, 1, 3, 1, 1, 3, 3, 1, 0, 0, 2, 0, 0, 0, 0, 1, 0, 2, 0, 0, 1, 1, 0, 0, 0, 1, 1, 0, 2, 0, 0],804.1796957672034,57452.725472644015,98584.0896411805,false
6,G1_CMAX,G1_CMAX,[31, 95, 9, 15, 82, 22, 42, 77, 26, 8, 10, 76, 91, 97, 43, 63, 20, 44, 18, 80, 45, 78, 86, 5, 84, 89, 61, 96, 35, 33, 7, 29, 51, 28, 55, 25, 92, 50, 30, 37, 39, 70, 73, 72, 93, 16, 11, 74, 59, 99, 90, 34, 54, 27, 48, 65, 69, 81, 32, 19, 58, 38, 56, 46, 64, 68, 67, 79, 75, 62, 88, 40, 57, 6, 36, 60, 41, 24, 66, 17, 1, 85, 71, 3, 83, 14, 98, 21, 53, 12, 2, 52, 4, 87, 49, 0, 94, 23, 47, 13]|[1, 1, 0, 1, 0, 0, 2, 2, 1, 1, 2, 1, 0, 1, 0, 2, 2, 2, 0, 0, 0, 1, 1, 2, 2, 1, 1, 1, 1, 2, 1, 1, 0, 1, 1, 1, 0, 0, 2, 0, 1, 1, 1, 2, 2, 1, 2, 2, 1, 0, 1, 2, 0, 0, 1, 1, 2, 2, 1, 0, 1, 1, 2, 0, 0, 0, 0, 1, 1, 1, 1, 2, 1, 0, 1, 1, 1, 2, 2, 2, 0, 0, 1, 1, 1, 2, 0, 0, 0, 1, 0, 2, 0, 2, 0, 0, 1, 2, 2, 0]|[2, 3, 2, 4, 1, 1, 2, 1, 0, 4, 1, 2, 1, 1, 1, 1, 1, 1, 1, 2, 1, 4, 4, 1, 1, 1, 3, 3, 3, 2, 1, 3, 1, 4, 4, 4, 0, 1, 1, 1, 0, 3, 4, 0, 2, 3, 1, 0, 1, 1, 3, 1, 2, 1, 4, 3, 2, 2, 1, 2, 0, 1, 1, 2, 1, 1, 0, 0, 2, 2, 0, 0, 2, 2, 3, 0, 4, 1, 0, 2, 1, 2, 3, 1, 3, 0, 0, 1, 2, 4, 2, 1, 1, 2, 1, 2, 4, 0, 0, 2]|[1, 1, 1, 0, 0, 0, 1, 0, 3, 0, 0, 2, 0, 3, 0, 0, 0, 0, 0, 0, 0, 1, 1, 0, 0, 1, 0, 2, 0, 0, 2, 0, 0, 1, 3, 3, 1, 0, 0, 0, 1, 0, 0, 1, 1, 2, 0, 0, 1, 0, 2, 0, 1, 0, 2, 0, 0, 1, 1, 0, 3, 1, 0, 0, 0, 0, 1, 0, 1, 1, 0, 0, 1, 1, 2, 0, 3, 1, 0, 0, 1, 0, 0, 1, 0, 1, 0, 0, 1, 3, 0, 0, 0, 0, 1, 0, 2, 0, 0, 0],741.0259643952477,59280.645567270396,113268.46410696392,false
6,G4_BALANCED,G4_BALANCED,[31, 22, 82, 15, 26, 9, 90, 42, 77, 4, 47, 5, 93, 78, 86, 54, 85, 63, 18, 44, 20, 49, 36, 14, 48, 50, 53, 17, 21, 45, 71, 64, 3, 23, 30, 83, 24, 41, 60, 52, 65, 27, 95, 70, 39, 87, 74, 69, 99, 68, 46, 1, 38, 58, 97, 59, 28, 8, 73, 37, 35, 79, 11, 66, 76, 57, 72, 16, 92, 6, 80, 61, 33, 98, 32, 34, 51, 67, 10, 7, 56, 43, 62, 19, 84, 13, 29, 96, 0, 81, 2, 40, 89, 55, 25, 88, 12, 94, 75, 91]|[0, 1, 2, 1, 1, 2, 1, 0, 1, 1, 1, 0, 2, 2, 1, 2, 0, 0, 0, 2, 2, 1, 0, 2, 2, 2, 2, 1, 0, 1, 1, 1, 0, 1, 1, 0, 2, 1, 2, 2, 0, 1, 1, 1, 0, 1, 0, 2, 1, 0, 0, 2, 2, 0, 2, 0, 2, 1, 0, 0, 2, 1, 0, 2, 2, 0, 1, 1, 0, 1, 0, 1, 1, 0, 0, 1, 0, 0, 1, 2, 0, 2, 0, 2, 0, 0, 1, 0, 0, 1, 2, 2, 1, 1, 1, 1, 1, 0, 2, 1]|[1, 3, 0, 2, 4, 1, 4, 0, 2, 4, 2, 2, 1, 0, 2, 1, 1, 1, 2, 1, 2, 3, 0, 1, 0, 1, 1, 4, 1, 0, 3, 2, 2, 3, 4, 1, 1, 4, 0, 1, 2, 2, 4, 4, 1, 0, 0, 2, 3, 1, 2, 1, 2, 1, 1, 2, 0, 3, 0, 2, 2, 3, 1, 0, 1, 2, 4, 0, 0, 4, 1, 3, 4, 1, 2, 4, 0, 1, 3, 1, 2, 1, 2, 0, 1, 2, 3, 2, 2, 1, 1, 0, 4, 3, 4, 4, 3, 0, 2, 3]|[1, 2, 0, 1, 3, 0, 1, 0, 0, 0, 2, 0, 1, 0, 1, 0, 0, 0, 1, 0, 0, 2, 0, 0, 0, 0, 0, 3, 0, 1, 0, 2, 0, 0, 3, 0, 1, 3, 1, 0, 0, 1, 1, 3, 0, 0, 1, 0, 2, 0, 0, 0, 0, 0, 1, 0, 0, 0, 1, 1, 0, 2, 0, 0, 0, 1, 2, 1, 1, 2, 0, 0, 1, 0, 0, 2, 0, 0, 3, 0, 1, 0, 1, 0, 0, 0, 0, 0, 0, 1, 0, 0, 1, 0, 3, 1, 0, 1, 1, 0],843.5474459353086,55975.36545268966,121421.24977672924,false
6,G2_TEC,G2_TEC,[31, 22, 82, 15, 26, 9, 95, 42, 77, 4, 47, 5, 93, 78, 86, 54, 85, 63, 18, 44, 20, 49, 36, 14, 74, 50, 53, 17, 21, 45, 71, 64, 3, 23, 30, 83, 24, 41, 60, 52, 65, 27, 90, 70, 39, 87, 48, 69, 99, 68, 46, 1, 38, 58, 97, 59, 28, 8, 73, 37, 35, 79, 11, 66, 76, 57, 40, 80, 96, 6, 16, 61, 33, 98, 32, 34, 51, 67, 10, 7, 56, 43, 62, 25, 91, 13, 29, 92, 0, 81, 84, 72, 88, 55, 75, 19, 12, 94, 89, 2]|[2, 1, 2, 1, 1, 2, 1, 1, 1, 1, 1, 0, 2, 2, 1, 2, 0, 0, 0, 2, 2, 1, 0, 2, 0, 2, 2, 1, 0, 1, 1, 1, 0, 0, 1, 0, 2, 1, 2, 2, 0, 1, 1, 1, 0, 2, 0, 2, 1, 0, 0, 2, 2, 0, 2, 0, 2, 1, 0, 0, 2, 1, 0, 2, 2, 0, 2, 2, 0, 1, 1, 1, 1, 0, 0, 1, 1, 0, 1, 2, 2, 1, 0, 1, 1, 0, 1, 0, 0, 1, 0, 1, 1, 0, 0, 2, 1, 1, 1, 2]|[0, 3, 0, 2, 4, 1, 4, 4, 2, 4, 3, 2, 1, 0, 2, 1, 1, 1, 2, 1, 2, 3, 0, 1, 0, 1, 1, 4, 1, 4, 3, 2, 2, 0, 4, 1, 1, 4, 0, 1, 2, 2, 4, 4, 1, 1, 0, 2, 3, 1, 2, 1, 2, 1, 1, 2, 1, 3, 0, 2, 2, 3, 1, 0, 1, 0, 0, 1, 2, 4, 0, 3, 4, 1, 2, 4, 3, 1, 3, 1, 0, 4, 2, 4, 3, 2, 3, 2, 2, 1, 2, 4, 4, 2, 2, 0, 3, 4, 4, 1]|[0, 2, 0, 1, 3, 0, 1, 3, 0, 0, 2, 0, 1, 0, 1, 0, 0, 0, 1, 0, 0, 2, 0, 0, 1, 0, 0, 3, 0, 1, 0, 2, 0, 0, 3, 0, 1, 3, 1, 0, 0, 1, 1, 3, 0, 0, 1, 0, 2, 0, 0, 0, 0, 0, 1, 0, 0, 0, 1, 1, 0, 2, 0, 0, 0, 1, 0, 0, 0, 2, 1, 0, 1, 0, 0, 2, 0, 0, 3, 0, 0, 2, 1, 3, 0, 0, 0, 0, 0, 1, 1, 2, 1, 0, 0, 0, 0, 2, 1, 0],867.4647062768508,53338.27234710852,119055.93153865679,false
6,G3_TWC,G3_TWC,[31, 22, 82, 15, 26, 9, 95, 42, 77, 12, 47, 5, 93, 78, 86, 54, 85, 63, 18, 44, 20, 35, 43, 97, 91, 76, 10, 30, 21, 45, 71, 64, 1, 23, 17, 83, 24, 41, 60, 36, 6, 57, 40, 88, 65, 56, 79, 69, 67, 68, 46, 75, 38, 58, 19, 32, 81, 48, 27, 62, 87, 90, 99, 59, 11, 16, 72, 73, 70, 39, 37, 84, 3, 92, 25, 55, 28, 29, 51, 7, 66, 61, 98, 14, 89, 50, 8, 96, 80, 53, 33, 74, 34, 4, 52, 49, 0, 94, 2, 13]|[1, 1, 0, 1, 1, 0, 1, 2, 2, 1, 2, 2, 2, 1, 1, 0, 0, 1, 0, 2, 2, 0, 1, 2, 0, 1, 2, 2, 0, 0, 1, 2, 1, 2, 1, 0, 2, 0, 1, 1, 0, 1, 1, 1, 0, 2, 1, 2, 0, 0, 0, 0, 1, 1, 2, 1, 2, 1, 0, 0, 2, 1, 0, 1, 2, 1, 2, 1, 1, 1, 1, 1, 1, 0, 1, 1, 0, 0, 0, 1, 2, 1, 0, 0, 1, 0, 1, 0, 0, 0, 0, 2, 2, 1, 1, 0, 0, 1, 0, 0]|[4, 3, 2, 2, 4, 1, 2, 2, 2, 4, 1, 1, 2, 4, 4, 1, 2, 4, 2, 1, 1, 1, 1, 2, 1, 2, 1, 1, 1, 1, 3, 2, 3, 0, 4, 0, 1, 1, 0, 3, 2, 2, 2, 0, 1, 1, 0, 2, 0, 1, 2, 2, 1, 0, 0, 3, 2, 4, 1, 2, 2, 3, 1, 1, 1, 3, 0, 4, 3, 1, 4, 1, 1, 0, 4, 4, 2, 1, 1, 1, 0, 3, 1, 1, 1, 1, 3, 1, 1, 2, 2, 1, 1, 4, 1, 1, 2, 4, 2, 2]|[0, 2, 1, 1, 3, 0, 1, 0, 0, 0, 0, 0, 1, 0, 1, 0, 0, 3, 1, 0, 0, 0, 3, 1, 0, 2, 0, 0, 0, 1, 0, 0, 0, 0, 3, 0, 1, 0, 0, 2, 1, 1, 1, 0, 0, 0, 0, 0, 1, 0, 0, 0, 1, 3, 0, 0, 1, 2, 0, 1, 0, 2, 0, 1, 0, 2, 1, 0, 0, 1, 1, 3, 1, 1, 3, 3, 1, 0, 0, 2, 0, 0, 0, 0, 1, 0, 2, 0, 0, 1, 1, 0, 0, 0, 1, 1, 0, 2, 0, 0],804.1796957672034,57452.725472644015,98584.0896411805,false
6,G1_CMAX,G3_TWC,[31, 22, 82, 15, 26, 9, 95, 42, 77, 12, 47, 5, 93, 78, 86, 54, 85, 63, 18, 44, 20, 35, 43, 97, 91, 76, 10, 30, 21, 45, 71, 64, 1, 23, 24, 83, 17, 41, 60, 36, 6, 57, 40, 88, 65, 56, 79, 69, 67, 68, 46, 75, 38, 58, 19, 32, 81, 48, 27, 62, 87, 90, 99, 59, 11, 16, 72, 73, 70, 39, 37, 84, 3, 92, 25, 55, 28, 29, 51, 7, 33, 61, 98, 8, 89, 50, 14, 96, 80, 53, 66, 2, 34, 4, 52, 49, 0, 94, 74, 13]|[1, 1, 0, 1, 1, 0, 1, 2, 2, 1, 2, 2, 2, 1, 1, 0, 0, 1, 0, 2, 2, 0, 1, 2, 0, 1, 2, 2, 0, 0, 1, 2, 1, 2, 1, 0, 2, 0, 1, 1, 0, 1, 1, 1, 0, 2, 1, 2, 0, 0, 0, 0, 1, 1, 2, 1, 2, 1, 0, 0, 2, 1, 0, 1, 2, 1, 2, 1, 1, 1, 1, 1, 1, 0, 1, 1, 0, 0, 0, 1, 0, 1, 0, 1, 1, 0, 1, 0, 0, 0, 2, 0, 2, 1, 2, 0, 0, 1, 2, 0]|[4, 3, 2, 2, 4, 1, 2, 2, 2, 4, 1, 1, 2, 4, 4, 1, 2, 4, 2, 1, 1, 1, 1, 2, 1, 2, 1, 1, 1, 1, 3, 2, 3, 0, 4, 0, 1, 1, 0, 3, 2, 2, 2, 0, 1, 1, 0, 2, 0, 1, 2, 2, 1, 0, 0, 3, 2, 4, 1, 2, 2, 3, 1, 1, 1, 3, 0, 4, 3, 1, 4, 1, 1, 0, 4, 4, 2, 1, 1, 1, 2, 3, 1, 3, 1, 1, 3, 1, 1, 2, 0, 2, 1, 4, 1, 1, 2, 4, 1, 2]|[0, 2, 1, 1, 3, 0, 1, 0, 0, 0, 0, 0, 1, 0, 1, 0, 0, 3, 1, 0, 0, 0, 3, 1, 0, 2, 0, 0, 0, 1, 0, 0, 0, 0, 3, 0, 1, 0, 0, 2, 1, 1, 1, 0, 0, 0, 0, 0, 1, 0, 0, 0, 1, 3, 0, 0, 1, 2, 0, 1, 0, 2, 0, 1, 0, 2, 1, 0, 0, 1, 1, 3, 1, 1, 3, 3, 1, 0, 0, 2, 1, 0, 0, 2, 1, 0, 2, 0, 0, 1, 0, 0, 0, 0, 0, 1, 0, 2, 0, 0],796.4468198150602,57427.87058974325,100478.32869120911,true
6,G4_BALANCED,G4_BALANCED,[31, 22, 82, 15, 26, 9, 90, 42, 77, 4, 47, 5, 93, 78, 86, 54, 85, 63, 18, 44, 20, 49, 36, 14, 48, 50, 53, 17, 21, 45, 71, 64, 3, 23, 30, 83, 24, 41, 60, 52, 65, 27, 95, 70, 39, 87, 74, 69, 99, 68, 46, 1, 38, 58, 97, 59, 28, 8, 73, 37, 35, 79, 11, 66, 76, 57, 72, 16, 92, 6, 80, 61, 33, 98, 32, 34, 51, 67, 10, 7, 56, 43, 62, 19, 84, 13, 29, 96, 0, 81, 2, 40, 89, 55, 25, 88, 12, 94, 75, 91]|[0, 1, 2, 1, 1, 2, 1, 0, 1, 1, 1, 0, 2, 2, 1, 2, 0, 0, 0, 2, 2, 1, 0, 2, 2, 2, 2, 1, 0, 1, 1, 1, 0, 1, 1, 0, 2, 1, 2, 2, 0, 1, 1, 1, 0, 1, 0, 2, 1, 0, 0, 2, 2, 0, 2, 0, 2, 1, 0, 0, 2, 1, 0, 2, 2, 0, 1, 1, 0, 1, 0, 1, 1, 0, 0, 1, 0, 0, 1, 2, 0, 2, 0, 2, 0, 0, 1, 0, 0, 1, 2, 2, 1, 1, 1, 1, 1, 0, 2, 1]|[1, 3, 0, 2, 4, 1, 4, 0, 2, 4, 2, 2, 1, 0, 2, 1, 1, 1, 2, 1, 2, 3, 0, 1, 0, 1, 1, 4, 1, 0, 3, 2, 2, 3, 4, 1, 1, 4, 0, 1, 2, 2, 4, 4, 1, 0, 0, 2, 3, 1, 2, 1, 2, 1, 1, 2, 0, 3, 0, 2, 2, 3, 1, 0, 1, 2, 4, 0, 0, 4, 1, 3, 4, 1, 2, 4, 0, 1, 3, 1, 2, 1, 2, 0, 1, 2, 3, 2, 2, 1, 1, 0, 4, 3, 4, 4, 3, 0, 2, 3]|[1, 2, 0, 1, 3, 0, 1, 0, 0, 0, 2, 0, 1, 0, 1, 0, 0, 0, 1, 0, 0, 2, 0, 0, 0, 0, 0, 3, 0, 1, 0, 2, 0, 0, 3, 0, 1, 3, 1, 0, 0, 1, 1, 3, 0, 0, 1, 0, 2, 0, 0, 0, 0, 0, 1, 0, 0, 0, 1, 1, 0, 2, 0, 0, 0, 1, 2, 1, 1, 2, 0, 0, 1, 0, 0, 2, 0, 0, 3, 0, 1, 0, 1, 0, 0, 0, 0, 0, 0, 1, 0, 0, 1, 0, 3, 1, 0, 1, 1, 0],843.5474459353086,55975.36545268966,121421.24977672924,false
6,G2_TEC,G2_TEC,[31, 22, 82, 15, 26, 9, 95, 42, 77, 4, 47, 5, 93, 78, 86, 54, 85, 63, 18, 44, 20, 49, 36, 14, 74, 50, 53, 17, 21, 45, 71, 64, 3, 23, 30, 83, 24, 41, 60, 52, 65, 27, 90, 70, 39, 87, 48, 69, 99, 68, 46, 1, 38, 58, 97, 59, 28, 8, 73, 37, 35, 79, 11, 66, 76, 57, 40, 80, 96, 6, 16, 61, 33, 98, 32, 34, 51, 67, 10, 7, 56, 43, 62, 25, 91, 13, 29, 92, 0, 81, 84, 72, 88, 55, 75, 19, 12, 94, 89, 2]|[2, 1, 2, 1, 1, 2, 1, 1, 1, 1, 1, 0, 2, 2, 1, 2, 0, 0, 0, 2, 2, 1, 0, 2, 0, 2, 2, 1, 0, 1, 1, 1, 0, 0, 1, 0, 2, 1, 2, 2, 0, 1, 1, 1, 0, 2, 0, 2, 1, 0, 0, 2, 2, 0, 2, 0, 2, 1, 0, 0, 2, 1, 0, 2, 2, 0, 2, 2, 0, 1, 1, 1, 1, 0, 0, 1, 1, 0, 1, 2, 2, 1, 0, 1, 1, 0, 1, 0, 0, 1, 0, 1, 1, 0, 0, 2, 1, 1, 1, 2]|[0, 3, 0, 2, 4, 1, 4, 4, 2, 4, 3, 2, 1, 0, 2, 1, 1, 1, 2, 1, 2, 3, 0, 1, 0, 1, 1, 4, 1, 4, 3, 2, 2, 0, 4, 1, 1, 4, 0, 1, 2, 2, 4, 4, 1, 1, 0, 2, 3, 1, 2, 1, 2, 1, 1, 2, 1, 3, 0, 2, 2, 3, 1, 0, 1, 0, 0, 1, 2, 4, 0, 3, 4, 1, 2, 4, 3, 1, 3, 1, 0, 4, 2, 4, 3, 2, 3, 2, 2, 1, 2, 4, 4, 2, 2, 0, 3, 4, 4, 1]|[0, 2, 0, 1, 3, 0, 1, 3, 0, 0, 2, 0, 1, 0, 1, 0, 0, 0, 1, 0, 0, 2, 0, 0, 1, 0, 0, 3, 0, 1, 0, 2, 0, 0, 3, 0, 1, 3, 1, 0, 0, 1, 1, 3, 0, 0, 1, 0, 2, 0, 0, 0, 0, 0, 1, 0, 0, 0, 1, 1, 0, 2, 0, 0, 0, 1, 0, 0, 0, 2, 1, 0, 1, 0, 0, 2, 0, 0, 3, 0, 0, 2, 1, 3, 0, 0, 0, 0, 0, 1, 1, 2, 1, 0, 0, 0, 0, 2, 1, 0],867.4647062768508,53338.27234710852,119055.93153865679,false
6,G3_TWC,G3_TWC,[31, 22, 82, 15, 26, 9, 95, 42, 77, 12, 47, 5, 93, 78, 86, 54, 85, 63, 18, 44, 20, 35, 43, 97, 91, 76, 10, 30, 21, 45, 71, 64, 1, 23, 17, 83, 24, 41, 60, 36, 6, 57, 40, 88, 65, 56, 79, 69, 67, 68, 46, 75, 38, 58, 19, 32, 81, 48, 27, 62, 87, 90, 99, 59, 11, 16, 72, 73, 70, 39, 37, 84, 3, 92, 25, 55, 28, 29, 51, 7, 66, 61, 98, 14, 89, 50, 8, 96, 80, 53, 33, 74, 34, 4, 52, 49, 0, 94, 2, 13]|[1, 1, 0, 1, 1, 0, 1, 2, 2, 1, 2, 2, 2, 1, 1, 0, 0, 1, 0, 2, 2, 0, 1, 2, 0, 1, 2, 2, 0, 0, 1, 2, 1, 2, 1, 0, 2, 0, 1, 1, 0, 1, 1, 1, 0, 2, 1, 2, 0, 0, 0, 0, 1, 1, 2, 1, 2, 1, 0, 0, 2, 1, 0, 1, 2, 1, 2, 1, 1, 1, 1, 1, 1, 0, 1, 1, 0, 0, 0, 1, 2, 1, 0, 0, 1, 0, 1, 0, 0, 0, 0, 2, 2, 1, 1, 0, 0, 1, 0, 0]|[4, 3, 2, 2, 4, 1, 2, 2, 2, 4, 1, 1, 2, 4, 4, 1, 2, 4, 2, 1, 1, 1, 1, 2, 1, 2, 1, 1, 1, 1, 3, 2, 3, 0, 4, 0, 1, 1, 0, 3, 2, 2, 2, 0, 1, 1, 0, 2, 0, 1, 2, 2, 1, 0, 0, 3, 2, 4, 1, 2, 2, 3, 1, 1, 1, 3, 0, 4, 3, 1, 4, 1, 1, 0, 4, 4, 2, 1, 1, 1, 0, 3, 1, 1, 1, 1, 3, 1, 1, 2, 2, 1, 1, 4, 1, 1, 2, 4, 2, 2]|[0, 2, 1, 1, 3, 0, 1, 0, 0, 0, 0, 0, 1, 0, 1, 0, 0, 3, 1, 0, 0, 0, 3, 1, 0, 2, 0, 0, 0, 1, 0, 0, 0, 0, 3, 0, 1, 0, 0, 2, 1, 1, 1, 0, 0, 0, 0, 0, 1, 0, 0, 0, 1, 3, 0, 0, 1, 2, 0, 1, 0, 2, 0, 1, 0, 2, 1, 0, 0, 1, 1, 3, 1, 1, 3, 3, 1, 0, 0, 2, 0, 0, 0, 0, 1, 0, 2, 0, 0, 1, 1, 0, 0, 0, 1, 1, 0, 2, 0, 0],804.1796957672034,57452.725472644015,98584.0896411805,false
6,G1_CMAX,G4_BALANCED,[31, 22, 82, 15, 26, 9, 95, 42, 77, 12, 47, 5, 93, 78, 86, 54, 85, 63, 18, 44, 20, 35, 43, 97, 91, 76, 10, 30, 21, 45, 71, 64, 1, 23, 17, 83, 24, 41, 60, 36, 6, 57, 40, 88, 65, 56, 79, 69, 67, 68, 46, 75, 38, 58, 19, 32, 81, 48, 27, 62, 87, 90, 99, 0, 11, 16, 72, 73, 61, 39, 37, 84, 3, 92, 25, 55, 28, 51, 29, 7, 33, 70, 98, 14, 4, 50, 66, 96, 80, 53, 8, 2, 34, 89, 52, 49, 59, 94, 74, 13]|[1, 1, 0, 1, 1, 0, 1, 2, 2, 1, 2, 2, 2, 1, 1, 0, 0, 1, 0, 2, 2, 0, 1, 2, 0, 1, 2, 2, 0, 0, 1, 2, 1, 0, 1, 0, 2, 0, 1, 1, 0, 1, 1, 1, 0, 2, 1, 2, 0, 0, 0, 0, 1, 1, 2, 1, 2, 1, 0, 0, 2, 1, 0, 0, 2, 1, 2, 1, 1, 1, 1, 1, 1, 0, 1, 1, 1, 0, 0, 1, 0, 1, 0, 0, 1, 0, 2, 1, 0, 0, 1, 0, 2, 1, 2, 0, 0, 1, 2, 0]|[4, 3, 2, 2, 4, 1, 2, 2, 2, 4, 0, 1, 2, 4, 4, 1, 2, 4, 2, 1, 1, 1, 1, 2, 1, 2, 1, 1, 1, 1, 3, 2, 3, 0, 4, 0, 1, 1, 0, 3, 2, 2, 2, 0, 1, 1, 0, 2, 0, 1, 2, 2, 1, 0, 0, 3, 2, 4, 1, 2, 2, 3, 1, 2, 1, 3, 0, 4, 3, 1, 4, 1, 1, 0, 4, 4, 4, 1, 1, 1, 2, 3, 1, 1, 4, 1, 0, 3, 1, 2, 3, 2, 1, 1, 1, 1, 2, 4, 1, 2]|[0, 2, 1, 1, 3, 0, 1, 0, 0, 0, 0, 0, 1, 0, 1, 0, 0, 3, 1, 0, 0, 0, 3, 1, 0, 2, 0, 0, 0, 1, 0, 0, 0, 0, 3, 0, 1, 0, 0, 2, 1, 1, 1, 0, 0, 0, 0, 0, 1, 0, 0, 0, 1, 3, 0, 0, 1, 2, 0, 1, 0, 2, 0, 0, 0, 2, 1, 0, 0, 1, 1, 3, 1, 1, 3, 3, 1, 0, 0, 2, 1, 0, 0, 0, 0, 0, 0, 2, 0, 1, 2, 0, 0, 1, 0, 1, 0, 2, 0, 0],831.3924877849647,56630.56974149976,104745.81736532328,true
6,G4_BALANCED,G2_TEC,[31, 22, 82, 15, 26, 9, 36, 42, 77, 4, 47, 5, 93, 78, 86, 54, 85, 63, 18, 44, 20, 49, 95, 14, 74, 50, 53, 17, 21, 45, 71, 64, 3, 23, 30, 83, 24, 41, 60, 52, 65, 27, 90, 70, 39, 87, 48, 69, 99, 68, 46, 1, 38, 58, 97, 59, 28, 8, 73, 37, 35, 79, 11, 66, 76, 57, 40, 80, 96, 6, 16, 61, 33, 98, 32, 34, 51, 67, 10, 7, 56, 43, 62, 25, 91, 13, 29, 92, 0, 81, 84, 72, 88, 55, 75, 19, 12, 94, 89, 2]|[2, 1, 2, 1, 1, 2, 1, 1, 1, 1, 1, 0, 2, 2, 1, 2, 0, 0, 0, 2, 2, 1, 0, 2, 0, 2, 2, 1, 0, 1, 1, 1, 0, 0, 1, 0, 2, 1, 2, 2, 0, 1, 1, 1, 0, 2, 0, 2, 1, 0, 0, 2, 2, 0, 2, 0, 2, 1, 0, 0, 2, 1, 0, 2, 2, 0, 2, 2, 0, 1, 1, 1, 1, 0, 0, 1, 1, 0, 1, 2, 2, 1, 0, 1, 1, 0, 1, 0, 0, 1, 0, 1, 1, 0, 0, 2, 1, 1, 1, 2]|[0, 3, 0, 2, 4, 1, 4, 4, 2, 4, 3, 2, 1, 0, 2, 1, 1, 1, 2, 1, 2, 3, 0, 1, 0, 1, 1, 4, 1, 4, 3, 2, 2, 0, 4, 1, 1, 4, 0, 1, 2, 2, 4, 4, 1, 1, 0, 2, 3, 1, 2, 1, 2, 1, 1, 2, 1, 3, 0, 2, 2, 3, 1, 0, 1, 0, 0, 1, 2, 4, 0, 3, 4, 1, 2, 4, 3, 1, 3, 1, 0, 4, 2, 4, 3, 2, 3, 2, 2, 1, 2, 4, 4, 2, 2, 0, 3, 4, 4, 1]|[0, 2, 0, 1, 3, 0, 1, 3, 0, 0, 2, 0, 1, 0, 1, 0, 0, 0, 1, 0, 0, 2, 0, 0, 1, 0, 0, 3, 0, 1, 0, 2, 0, 0, 3, 0, 1, 3, 1, 0, 0, 1, 1, 3, 0, 0, 1, 0, 2, 0, 0, 0, 0, 0, 1, 0, 0, 0, 1, 1, 0, 2, 0, 0, 0, 1, 0, 0, 0, 2, 1, 0, 1, 0, 0, 2, 0, 0, 3, 0, 0, 2, 1, 3, 0, 0, 0, 0, 0, 1, 1, 2, 1, 0, 0, 0, 0, 2, 1, 0],867.4647062768508,53369.78233461387,118803.58872823781,true
6,G2_TEC,G2_TEC,[31, 22, 82, 15, 26, 9, 95, 42, 77, 4, 47, 5, 93, 78, 86, 54, 85, 63, 18, 44, 20, 49, 36, 14, 74, 50, 53, 17, 21, 45, 71, 64, 3, 23, 30, 83, 24, 41, 60, 52, 65, 27, 90, 70, 39, 87, 48, 69, 99, 68, 46, 1, 38, 58, 97, 59, 28, 8, 73, 37, 35, 79, 11, 66, 76, 57, 40, 80, 96, 6, 16, 61, 33, 98, 32, 34, 51, 67, 10, 7, 56, 43, 62, 25, 91, 13, 29, 92, 0, 81, 84, 72, 88, 55, 75, 19, 12, 94, 89, 2]|[2, 1, 2, 1, 1, 2, 1, 1, 1, 1, 1, 0, 2, 2, 1, 2, 0, 0, 0, 2, 2, 1, 0, 2, 0, 2, 2, 1, 0, 1, 1, 1, 0, 0, 1, 0, 2, 1, 2, 2, 0, 1, 1, 1, 0, 2, 0, 2, 1, 0, 0, 2, 2, 0, 2, 0, 2, 1, 0, 0, 2, 1, 0, 2, 2, 0, 2, 2, 0, 1, 1, 1, 1, 0, 0, 1, 1, 0, 1, 2, 2, 1, 0, 1, 1, 0, 1, 0, 0, 1, 0, 1, 1, 0, 0, 2, 1, 1, 1, 2]|[0, 3, 0, 2, 4, 1, 4, 4, 2, 4, 3, 2, 1, 0, 2, 1, 1, 1, 2, 1, 2, 3, 0, 1, 0, 1, 1, 4, 1, 4, 3, 2, 2, 0, 4, 1, 1, 4, 0, 1, 2, 2, 4, 4, 1, 1, 0, 2, 3, 1, 2, 1, 2, 1, 1, 2, 1, 3, 0, 2, 2, 3, 1, 0, 1, 0, 0, 1, 2, 4, 0, 3, 4, 1, 2, 4, 3, 1, 3, 1, 0, 4, 2, 4, 3, 2, 3, 2, 2, 1, 2, 4, 4, 2, 2, 0, 3, 4, 4, 1]|[0, 2, 0, 1, 3, 0, 1, 3, 0, 0, 2, 0, 1, 0, 1, 0, 0, 0, 1, 0, 0, 2, 0, 0, 1, 0, 0, 3, 0, 1, 0, 2, 0, 0, 3, 0, 1, 3, 1, 0, 0, 1, 1, 3, 0, 0, 1, 0, 2, 0, 0, 0, 0, 0, 1, 0, 0, 0, 1, 1, 0, 2, 0, 0, 0, 1, 0, 0, 0, 2, 1, 0, 1, 0, 0, 2, 0, 0, 3, 0, 0, 2, 1, 3, 0, 0, 0, 0, 0, 1, 1, 2, 1, 0, 0, 0, 0, 2, 1, 0],867.4647062768508,53338.27234710852,119055.93153865679,false
6,G3_TWC,G3_TWC,[31, 22, 82, 15, 26, 9, 95, 42, 77, 12, 47, 5, 93, 78, 86, 54, 85, 63, 18, 44, 20, 35, 43, 97, 91, 76, 10, 30, 21, 45, 71, 64, 1, 23, 17, 83, 24, 41, 60, 36, 6, 57, 40, 88, 65, 56, 79, 69, 67, 68, 46, 75, 38, 58, 19, 32, 81, 48, 27, 62, 87, 90, 99, 59, 11, 16, 72, 73, 70, 39, 37, 84, 3, 92, 25, 55, 28, 29, 51, 7, 66, 61, 98, 14, 89, 50, 8, 96, 80, 53, 33, 74, 34, 4, 52, 49, 0, 94, 2, 13]|[1, 1, 0, 1, 1, 0, 1, 2, 2, 1, 2, 2, 2, 1, 1, 0, 0, 1, 0, 2, 2, 0, 1, 2, 0, 1, 2, 2, 0, 0, 1, 2, 1, 2, 1, 0, 2, 0, 1, 1, 0, 1, 1, 1, 0, 2, 1, 2, 0, 0, 0, 0, 1, 1, 2, 1, 2, 1, 0, 0, 2, 1, 0, 1, 2, 1, 2, 1, 1, 1, 1, 1, 1, 0, 1, 1, 0, 0, 0, 1, 2, 1, 0, 0, 1, 0, 1, 0, 0, 0, 0, 2, 2, 1, 1, 0, 0, 1, 0, 0]|[4, 3, 2, 2, 4, 1, 2, 2, 2, 4, 1, 1, 2, 4, 4, 1, 2, 4, 2, 1, 1, 1, 1, 2, 1, 2, 1, 1, 1, 1, 3, 2, 3, 0, 4, 0, 1, 1, 0, 3, 2, 2, 2, 0, 1, 1, 0, 2, 0, 1, 2, 2, 1, 0, 0, 3, 2, 4, 1, 2, 2, 3, 1, 1, 1, 3, 0, 4, 3, 1, 4, 1, 1, 0, 4, 4, 2, 1, 1, 1, 0, 3, 1, 1, 1, 1, 3, 1, 1, 2, 2, 1, 1, 4, 1, 1, 2, 4, 2, 2]|[0, 2, 1, 1, 3, 0, 1, 0, 0, 0, 0, 0, 1, 0, 1, 0, 0, 3, 1, 0, 0, 0, 3, 1, 0, 2, 0, 0, 0, 1, 0, 0, 0, 0, 3, 0, 1, 0, 0, 2, 1, 1, 1, 0, 0, 0, 0, 0, 1, 0, 0, 0, 1, 3, 0, 0, 1, 2, 0, 1, 0, 2, 0, 1, 0, 2, 1, 0, 0, 1, 1, 3, 1, 1, 3, 3, 1, 0, 0, 2, 0, 0, 0, 0, 1, 0, 2, 0, 0, 1, 1, 0, 0, 0, 1, 1, 0, 2, 0, 0],804.1796957672034,57452.725472644015,98584.0896411805,false
6,G1_CMAX,G3_TWC,[31, 22, 82, 15, 26, 9, 95, 42, 77, 12, 47, 5, 93, 78, 86, 54, 85, 63, 18, 44, 20, 35, 43, 97, 91, 76, 10, 30, 21, 45, 71, 64, 1, 23, 17, 83, 24, 41, 60, 36, 6, 57, 40, 88, 65, 56, 79, 69, 67, 68, 46, 75, 38, 58, 19, 32, 81, 48, 27, 62, 87, 90, 99, 59, 11, 16, 72, 73, 70, 39, 37, 84, 3, 92, 25, 55, 28, 98, 29, 7, 66, 61, 51, 14, 89, 50, 33, 96, 80, 53, 8, 2, 34, 4, 52, 49, 0, 94, 74, 13]|[1, 1, 0, 1, 1, 0, 1, 2, 2, 1, 2, 2, 2, 1, 0, 0, 0, 1, 0, 2, 2, 0, 1, 2, 0, 1, 2, 2, 0, 0, 1, 2, 1, 0, 1, 0, 2, 0, 1, 1, 0, 1, 1, 1, 0, 2, 1, 2, 0, 0, 0, 0, 1, 1, 2, 1, 2, 1, 0, 0, 2, 1, 0, 1, 2, 1, 2, 1, 1, 1, 0, 1, 1, 0, 1, 1, 0, 0, 0, 1, 2, 1, 0, 0, 1, 0, 0, 0, 0, 0, 1, 0, 2, 1, 2, 0, 0, 1, 2, 0]|[4, 3, 2, 2, 4, 1, 2, 2, 2, 4, 1, 1, 2, 4, 1, 1, 2, 4, 2, 1, 1, 1, 1, 2, 1, 2, 1, 1, 1, 1, 3, 2, 3, 0, 4, 0, 1, 1, 0, 3, 2, 2, 2, 0, 1, 1, 0, 2, 0, 1, 2, 2, 1, 0, 0, 3, 2, 4, 1, 2, 2, 3, 1, 1, 1, 3, 0, 4, 3, 1, 1, 1, 1, 0, 4, 4, 2, 1, 1, 1, 1, 3, 1, 1, 1, 1, 2, 1, 1, 2, 3, 2, 1, 4, 1, 1, 2, 4, 1, 2]|[0, 2, 1, 1, 3, 0, 1, 0, 0, 0, 0, 0, 1, 0, 0, 0, 0, 3, 1, 0, 0, 0, 3, 1, 0, 2, 0, 0, 0, 1, 0, 0, 0, 0, 3, 0, 1, 0, 0, 2, 1, 1, 1, 0, 0, 0, 0, 0, 1, 0, 0, 0, 1, 3, 0, 0, 1, 2, 0, 1, 0, 2, 0, 1, 0, 2, 1, 0, 0, 1, 0, 3, 1, 1, 3, 3, 1, 0, 0, 2, 0, 0, 0, 0, 1, 0, 1, 0, 0, 1, 2, 0, 0, 0, 0, 1, 0, 2, 0, 0],894.9280930270395,56726.143254113726,98167.25885992247,true
6,G4_BALANCED,G1_CMAX,[31, 22, 82, 15, 26, 9, 95, 42, 77, 12, 47, 5, 93, 78, 86, 54, 85, 63, 18, 44, 20, 35, 43, 97, 91, 76, 10, 30, 21, 45, 71, 64, 1, 23, 17, 83, 24, 41, 60, 36, 6, 57, 40, 88, 65, 56, 79, 69, 67, 68, 46, 75, 38, 58, 19, 32, 81, 48, 27, 62, 87, 90, 99, 59, 11, 16, 72, 73, 61, 39, 37, 84, 3, 92, 25, 55, 28, 29, 51, 7, 66, 70, 98, 14, 89, 50, 8, 96, 80, 53, 33, 74, 34, 4, 52, 49, 0, 94, 2, 13]|[1, 1, 0, 1, 1, 0, 1, 2, 2, 1, 2, 2, 2, 1, 1, 0, 0, 1, 0, 2, 2, 0, 1, 2, 0, 1, 2, 2, 0, 0, 1, 2, 1, 0, 1, 0, 2, 0, 1, 1, 0, 1, 1, 1, 0, 2, 1, 2, 0, 0, 0, 0, 1, 1, 2, 1, 2, 1, 0, 0, 2, 1, 2, 1, 2, 1, 2, 1, 1, 1, 0, 1, 1, 0, 1, 1, 1, 0, 0, 1, 2, 1, 0, 0, 1, 0, 1, 0, 0, 0, 0, 2, 2, 1, 1, 0, 0, 1, 0, 0]|[4, 3, 2, 2, 4, 1, 2, 2, 2, 4, 1, 1, 2, 4, 4, 1, 2, 4, 2, 1, 1, 1, 1, 2, 1, 2, 1, 1, 1, 1, 3, 2, 3, 0, 4, 0, 1, 1, 0, 3, 2, 2, 2, 0, 1, 1, 0, 2, 0, 1, 2, 2, 1, 0, 0, 3, 2, 4, 1, 2, 2, 3, 0, 1, 1, 3, 0, 4, 3, 1, 1, 1, 1, 0, 4, 4, 4, 1, 1, 1, 0, 3, 1, 1, 1, 1, 3, 1, 1, 2, 2, 1, 1, 4, 1, 1, 2, 4, 2, 2]|[0, 2, 1, 1, 3, 0, 1, 0, 0, 0, 0, 0, 1, 0, 1, 0, 0, 3, 1, 0, 0, 0, 3, 1, 0, 2, 0, 0, 0, 1, 0, 0, 0, 0, 3, 0, 1, 0, 0, 2, 1, 1, 1, 0, 0, 0, 0, 0, 1, 0, 0, 0, 1, 3, 0, 0, 1, 2, 0, 1, 0, 2, 0, 1, 0, 2, 1, 0, 0, 1, 0, 3, 1, 1, 3, 3, 1, 0, 0, 2, 0, 0, 0, 0, 1, 0, 2, 0, 0, 1, 1, 0, 0, 0, 1, 1, 0, 2, 0, 0],826.9195809645393,56787.770288627566,103172.72597684557,true
6,G2_TEC,G2_TEC,[31, 22, 82, 15, 26, 9, 95, 42, 77, 4, 47, 5, 93, 78, 86, 54, 85, 63, 18, 44, 20, 49, 36, 14, 74, 50, 53, 17, 21, 45, 71, 64, 3, 23, 30, 83, 24, 41, 60, 52, 65, 27, 90, 70, 39, 87, 48, 69, 99, 68, 46, 1, 38, 58, 97, 59, 28, 8, 73, 37, 35, 79, 11, 66, 76, 57, 40, 80, 96, 6, 16, 61, 33, 98, 32, 34, 51, 67, 10, 7, 56, 43, 62, 25, 91, 13, 29, 92, 0, 81, 84, 72, 88, 55, 75, 19, 12, 94, 89, 2]|[2, 1, 2, 1, 1, 2, 1, 1, 1, 1, 1, 0, 2, 2, 1, 2, 0, 0, 0, 2, 2, 1, 0, 2, 0, 2, 2, 1, 0, 1, 1, 1, 0, 0, 1, 0, 2, 1, 2, 2, 0, 1, 1, 1, 0, 2, 0, 2, 1, 0, 0, 2, 2, 0, 2, 0, 2, 1, 0, 0, 2, 1, 0, 2, 2, 0, 2, 2, 0, 1, 1, 1, 1, 0, 0, 1, 1, 0, 1, 2, 2, 1, 0, 1, 1, 0, 1, 0, 0, 1, 0, 1, 1, 0, 0, 2, 1, 1, 1, 2]|[0, 3, 0, 2, 4, 1, 4, 4, 2, 4, 3, 2, 1, 0, 2, 1, 1, 1, 2, 1, 2, 3, 0, 1, 0, 1, 1, 4, 1, 4, 3, 2, 2, 0, 4, 1, 1, 4, 0, 1, 2, 2, 4, 4, 1, 1, 0, 2, 3, 1, 2, 1, 2, 1, 1, 2, 1, 3, 0, 2, 2, 3, 1, 0, 1, 0, 0, 1, 2, 4, 0, 3, 4, 1, 2, 4, 3, 1, 3, 1, 0, 4, 2, 4, 3, 2, 3, 2, 2, 1, 2, 4, 4, 2, 2, 0, 3, 4, 4, 1]|[0, 2, 0, 1, 3, 0, 1, 3, 0, 0, 2, 0, 1, 0, 1, 0, 0, 0, 1, 0, 0, 2, 0, 0, 1, 0, 0, 3, 0, 1, 0, 2, 0, 0, 3, 0, 1, 3, 1, 0, 0, 1, 1, 3, 0, 0, 1, 0, 2, 0, 0, 0, 0, 0, 1, 0, 0, 0, 1, 1, 0, 2, 0, 0, 0, 1, 0, 0, 0, 2, 1, 0, 1, 0, 0, 2, 0, 0, 3, 0, 0, 2, 1, 3, 0, 0, 0, 0, 0, 1, 1, 2, 1, 0, 0, 0, 0, 2, 1, 0],867.4647062768508,53338.27234710852,119055.93153865679,false
6,G3_TWC,G3_TWC,[31, 22, 82, 15, 26, 9, 95, 42, 77, 12, 47, 5, 93, 78, 86, 54, 85, 63, 18, 44, 20, 35, 43, 97, 91, 76, 10, 30, 21, 45, 71, 64, 1, 23, 17, 83, 24, 41, 60, 36, 6, 57, 40, 88, 65, 56, 79, 69, 67, 68, 46, 75, 38, 58, 19, 32, 81, 48, 27, 62, 87, 90, 99, 59, 11, 16, 72, 73, 70, 39, 37, 84, 3, 92, 25, 55, 28, 29, 51, 7, 66, 61, 98, 14, 89, 50, 8, 96, 80, 53, 33, 74, 34, 4, 52, 49, 0, 94, 2, 13]|[1, 1, 0, 1, 1, 0, 1, 2, 2, 1, 2, 2, 2, 1, 1, 0, 0, 1, 0, 2, 2, 0, 1, 2, 0, 1, 2, 2, 0, 0, 1, 2, 1, 2, 1, 0, 2, 0, 1, 1, 0, 1, 1, 1, 0, 2, 1, 2, 0, 0, 0, 0, 1, 1, 2, 1, 2, 1, 0, 0, 2, 1, 0, 1, 2, 1, 2, 1, 1, 1, 1, 1, 1, 0, 1, 1, 0, 0, 0, 1, 2, 1, 0, 0, 1, 0, 1, 0, 0, 0, 0, 2, 2, 1, 1, 0, 0, 1, 0, 0]|[4, 3, 2, 2, 4, 1, 2, 2, 2, 4, 1, 1, 2, 4, 4, 1, 2, 4, 2, 1, 1, 1, 1, 2, 1, 2, 1, 1, 1, 1, 3, 2, 3, 0, 4, 0, 1, 1, 0, 3, 2, 2, 2, 0, 1, 1, 0, 2, 0, 1, 2, 2, 1, 0, 0, 3, 2, 4, 1, 2, 2, 3, 1, 1, 1, 3, 0, 4, 3, 1, 4, 1, 1, 0, 4, 4, 2, 1, 1, 1, 0, 3, 1, 1, 1, 1, 3, 1, 1, 2, 2, 1, 1, 4, 1, 1, 2, 4, 2, 2]|[0, 2, 1, 1, 3, 0, 1, 0, 0, 0, 0, 0, 1, 0, 1, 0, 0, 3, 1, 0, 0, 0, 3, 1, 0, 2, 0, 0, 0, 1, 0, 0, 0, 0, 3, 0, 1, 0, 0, 2, 1, 1, 1, 0, 0, 0, 0, 0, 1, 0, 0, 0, 1, 3, 0, 0, 1, 2, 0, 1, 0, 2, 0, 1, 0, 2, 1, 0, 0, 1, 1, 3, 1, 1, 3, 3, 1, 0, 0, 2, 0, 0, 0, 0, 1, 0, 2, 0, 0, 1, 1, 0, 0, 0, 1, 1, 0, 2, 0, 0],804.1796957672034,57452.725472644015,98584.0896411805,false
6,G1_CMAX,G1_CMAX,[31, 95, 9, 15, 82, 22, 42, 77, 26, 8, 10, 76, 91, 97, 43, 63, 20, 44, 18, 80, 45, 78, 86, 5, 84, 89, 61, 96, 35, 33, 7, 29, 51, 28, 55, 25, 92, 50, 30, 37, 39, 70, 73, 72, 93, 16, 11, 74, 59, 99, 90, 34, 54, 27, 48, 65, 69, 81, 32, 19, 58, 38, 56, 46, 64, 68, 67, 79, 75, 62, 88, 40, 57, 6, 36, 60, 41, 24, 66, 17, 1, 85, 71, 3, 83, 14, 98, 21, 53, 12, 2, 52, 4, 87, 49, 0, 94, 23, 47, 13]|[1, 1, 0, 1, 0, 0, 2, 2, 1, 1, 2, 1, 0, 1, 0, 2, 2, 2, 0, 0, 0, 1, 1, 2, 2, 1, 1, 1, 1, 2, 1, 1, 0, 1, 1, 1, 0, 0, 2, 0, 1, 1, 1, 2, 2, 1, 2, 2, 1, 0, 1, 2, 0, 0, 1, 1, 2, 2, 1, 0, 1, 1, 2, 0, 0, 0, 0, 1, 1, 1, 1, 2, 1, 0, 1, 1, 1, 2, 2, 2, 0, 0, 1, 1, 1, 2, 0, 0, 0, 1, 0, 2, 0, 2, 0, 0, 1, 2, 2, 0]|[2, 3, 2, 4, 1, 1, 2, 1, 0, 4, 1, 2, 1, 1, 1, 1, 1, 1, 1, 2, 1, 4, 4, 1, 1, 1, 3, 3, 3, 2, 1, 3, 1, 4, 4, 4, 0, 1, 1, 1, 0, 3, 4, 0, 2, 3, 1, 0, 1, 1, 3, 1, 2, 1, 4, 3, 2, 2, 1, 2, 0, 1, 1, 2, 1, 1, 0, 0, 2, 2, 0, 0, 2, 2, 3, 0, 4, 1, 0, 2, 1, 2, 3, 1, 3, 0, 0, 1, 2, 4, 2, 1, 1, 2, 1, 2, 4, 0, 0, 2]|[1, 1, 1, 0, 0, 0, 1, 0, 3, 0, 0, 2, 0, 3, 0, 0, 0, 0, 0, 0, 0, 1, 1, 0, 0, 1, 0, 2, 0, 0, 2, 0, 0, 1, 3, 3, 1, 0, 0, 0, 1, 0, 0, 1, 1, 2, 0, 0, 1, 0, 2, 0, 1, 0, 2, 0, 0, 1, 1, 0, 3, 1, 0, 0, 0, 0, 1, 0, 1, 1, 0, 0, 1, 1, 2, 0, 3, 1, 0, 0, 1, 0, 0, 1, 0, 1, 0, 0, 1, 3, 0, 0, 0, 0, 1, 0, 2, 0, 0, 0],741.0259643952477,59280.645567270396,113268.46410696392,false
6,G4_BALANCED,G3_TWC,[31, 22, 82, 15, 26, 9, 95, 42, 77, 12, 47, 5, 93, 78, 86, 54, 85, 63, 18, 44, 20, 35, 43, 97, 91, 76, 10, 30, 21, 45, 71, 64, 1, 23, 17, 83, 24, 41, 60, 36, 6, 57, 40, 88, 65, 56, 79, 69, 67, 68, 46, 75, 38, 58, 19, 32, 81, 48, 27, 62, 87, 90, 99, 59, 11, 16, 72, 73, 70, 39, 37, 84, 3, 92, 25, 55, 28, 50, 29, 7, 33, 61, 98, 14, 4, 51, 66, 96, 80, 53, 8, 2, 34, 89, 52, 49, 0, 94, 74, 13]|[1, 1, 0, 1, 1, 0, 1, 2, 2, 1, 2, 2, 2, 1, 1, 0, 0, 1, 0, 2, 2, 0, 1, 2, 0, 1, 2, 2, 0, 0, 1, 2, 1, 2, 1, 0, 2, 0, 1, 1, 0, 1, 1, 1, 0, 2, 1, 2, 0, 0, 0, 0, 1, 1, 2, 1, 2, 1, 0, 0, 2, 1, 0, 1, 2, 1, 2, 1, 1, 1, 1, 1, 1, 0, 1, 1, 1, 0, 0, 1, 0, 1, 0, 0, 1, 0, 2, 0, 0, 0, 1, 0, 2, 1, 2, 0, 0, 1, 2, 0]|[4, 3, 2, 2, 4, 1, 2, 2, 2, 4, 0, 1, 2, 4, 4, 1, 2, 4, 2, 1, 1, 1, 1, 2, 1, 2, 1, 1, 1, 1, 3, 2, 3, 0, 4, 0, 1, 1, 0, 3, 2, 2, 2, 0, 1, 1, 0, 2, 0, 1, 2, 2, 1, 0, 0, 3, 2, 4, 1, 2, 2, 3, 1, 1, 1, 3, 0, 4, 3, 1, 4, 1, 1, 0, 4, 4, 4, 1, 1, 1, 2, 3, 1, 1, 4, 1, 1, 1, 1, 2, 3, 2, 1, 1, 1, 1, 2, 4, 1, 2]|[0, 2, 1, 1, 3, 0, 1, 0, 0, 0, 0, 0, 1, 0, 1, 0, 0, 3, 1, 0, 0, 0, 3, 1, 0, 2, 0, 0, 0, 1, 0, 0, 0, 0, 3, 0, 1, 0, 0, 2, 1, 1, 1, 0, 0, 0, 0, 0, 1, 0, 0, 0, 1, 3, 0, 0, 1, 2, 0, 1, 0, 2, 0, 1, 0, 2, 1, 0, 0, 1, 1, 3, 1, 1, 3, 3, 1, 0, 0, 2, 1, 0, 0, 0, 0, 0, 0, 0, 0, 1, 2, 0, 0, 1, 0, 1, 0, 2, 0, 0],790.6730482917026,56985.90625537587,103724.61207106625,true
6,G2_TEC,G2_TEC,[31, 22, 82, 15, 26, 9, 95, 42, 77, 4, 47, 5, 93, 78, 86, 54, 85, 63, 18, 44, 20, 49, 36, 14, 74, 50, 53, 17, 21, 45, 71, 64, 3, 23, 30, 83, 24, 41, 60, 52, 65, 27, 90, 70, 39, 87, 48, 69, 99, 68, 46, 1, 38, 58, 97, 59, 28, 8, 73, 37, 35, 79, 11, 66, 76, 57, 40, 80, 96, 6, 16, 61, 33, 98, 32, 34, 51, 67, 10, 7, 56, 43, 62, 25, 91, 13, 29, 92, 0, 81, 2, 55, 88, 72, 75, 19, 12, 94, 89, 84]|[2, 1, 2, 1, 1, 2, 1, 1, 1, 1, 1, 0, 2, 2, 1, 2, 0, 0, 0, 2, 2, 1, 0, 2, 0, 2, 2, 1, 0, 1, 1, 1, 0, 0, 1, 0, 2, 1, 2, 2, 0, 1, 1, 1, 0, 2, 0, 2, 1, 0, 0, 2, 2, 0, 2, 0, 2, 1, 0, 0, 2, 1, 0, 2, 2, 0, 1, 2, 0, 1, 2, 1, 1, 0, 0, 1, 1, 0, 1, 2, 2, 1, 0, 2, 1, 0, 1, 0, 0, 1, 2, 0, 1, 1, 0, 1, 1, 1, 1, 0]|[0, 3, 0, 2, 4, 1, 4, 4, 2, 4, 3, 2, 1, 0, 2, 1, 1, 1, 2, 1, 2, 3, 0, 1, 0, 1, 1, 4, 1, 4, 3, 2, 2, 0, 4, 1, 1, 4, 0, 1, 2, 2, 4, 4, 1, 1, 0, 2, 3, 1, 2, 1, 2, 1, 1, 2, 1, 3, 0, 2, 2, 3, 1, 0, 1, 0, 4, 1, 2, 4, 1, 3, 4, 1, 2, 4, 3, 1, 3, 1, 0, 4, 2, 0, 3, 2, 3, 2, 2, 1, 1, 2, 4, 4, 2, 4, 3, 4, 4, 2]|[0, 2, 0, 1, 3, 0, 1, 3, 0, 0, 2, 0, 1, 0, 1, 0, 0, 0, 1, 0, 0, 2, 0, 0, 1, 0, 0, 3, 0, 1, 0, 2, 0, 0, 3, 0, 1, 3, 1, 0, 0, 1, 1, 3, 0, 0, 1, 0, 2, 0, 0, 0, 0, 0, 1, 0, 0, 0, 1, 1, 0, 2, 0, 0, 0, 1, 2, 0, 0, 2, 0, 0, 1, 0, 0, 2, 0, 0, 3, 0, 0, 2, 1, 0, 0, 0, 0, 0, 0, 1, 0, 0, 1, 2, 0, 3, 0, 2, 1, 1],894.5436151372168,53230.024676189925,120890.61091078934,false
6,G3_TWC,G3_TWC,[31, 22, 82, 15, 26, 9, 95, 42, 77, 12, 47, 5, 93, 78, 86, 54, 85, 63, 18, 44, 20, 35, 43, 97, 91, 76, 10, 30, 21, 45, 71, 64, 1, 23, 17, 83, 24, 41, 60, 36, 6, 57, 40, 88, 65, 56, 79, 69, 67, 68, 46, 75, 38, 58, 19, 32, 81, 48, 27, 62, 87, 90, 99, 59, 11, 16, 72, 73, 70, 39, 37, 84, 3, 92, 25, 55, 28, 29, 51, 7, 66, 61, 98, 14, 89, 50, 8, 96, 80, 53, 33, 74, 34, 4, 52, 49, 0, 94, 2, 13]|[1, 1, 0, 1, 1, 0, 1, 2, 2, 1, 2, 2, 2, 1, 1, 0, 0, 1, 0, 2, 2, 0, 1, 2, 0, 1, 2, 2, 0, 0, 1, 2, 1, 2, 1, 0, 2, 0, 1, 1, 0, 1, 1, 1, 0, 2, 1, 2, 0, 0, 0, 0, 1, 1, 2, 1, 2, 1, 0, 0, 2, 1, 0, 1, 2, 1, 2, 1, 1, 1, 1, 1, 1, 0, 1, 1, 0, 0, 0, 1, 2, 1, 0, 0, 1, 0, 1, 0, 0, 0, 0, 2, 2, 1, 1, 0, 0, 1, 0, 0]|[4, 3, 2, 2, 4, 1, 2, 2, 2, 4, 1, 1, 2, 4, 4, 1, 2, 4, 2, 1, 1, 1, 1, 2, 1, 2, 1, 1, 1, 1, 3, 2, 3, 0, 4, 0, 1, 1, 0, 3, 2, 2, 2, 0, 1, 1, 0, 2, 0, 1, 2, 2, 1, 0, 0, 3, 2, 4, 1, 2, 2, 3, 1, 1, 1, 3, 0, 4, 3, 1, 4, 1, 1, 0, 4, 4, 2, 1, 1, 1, 0, 3, 1, 1, 1, 1, 3, 1, 1, 2, 2, 1, 1, 4, 1, 1, 2, 4, 2, 2]|[0, 2, 1, 1, 3, 0, 1, 0, 0, 0, 0, 0, 1, 0, 1, 0, 0, 3, 1, 0, 0, 0, 3, 1, 0, 2, 0, 0, 0, 1, 0, 0, 0, 0, 3, 0, 1, 0, 0, 2, 1, 1, 1, 0, 0, 0, 0, 0, 1, 0, 0, 0, 1, 3, 0, 0, 1, 2, 0, 1, 0, 2, 0, 1, 0, 2, 1, 0, 0, 1, 1, 3, 1, 1, 3, 3, 1, 0, 0, 2, 0, 0, 0, 0, 1, 0, 2, 0, 0, 1, 1, 0, 0, 0, 1, 1, 0, 2, 0, 0],804.1796957672034,57452.725472644015,98584.0896411805,false
6,G1_CMAX,G1_CMAX,[31, 22, 82, 15, 26, 9, 95, 42, 77, 12, 47, 5, 93, 78, 86, 54, 85, 63, 18, 44, 20, 35, 43, 97, 91, 76, 10, 30, 21, 45, 71, 64, 1, 23, 17, 83, 24, 41, 60, 36, 6, 57, 40, 88, 65, 56, 79, 69, 67, 68, 46, 75, 38, 58, 19, 32, 81, 48, 27, 62, 87, 90, 99, 59, 11, 16, 72, 73, 70, 39, 37, 84, 3, 92, 25, 55, 28, 98, 29, 7, 33, 61, 51, 8, 89, 50, 14, 96, 53, 80, 34, 4, 66, 2, 52, 49, 0, 94, 74, 13]|[1, 1, 0, 1, 1, 0, 1, 2, 2, 1, 2, 2, 2, 1, 1, 0, 0, 1, 0, 2, 2, 0, 1, 2, 0, 1, 2, 2, 0, 0, 1, 2, 1, 0, 1, 0, 2, 0, 1, 1, 0, 1, 1, 1, 0, 2, 1, 2, 0, 0, 0, 0, 1, 1, 2, 1, 2, 1, 0, 0, 2, 1, 0, 1, 2, 1, 2, 1, 1, 1, 0, 1, 1, 0, 1, 1, 0, 0, 0, 1, 2, 1, 0, 1, 1, 0, 1, 0, 0, 0, 2, 1, 0, 0, 1, 0, 0, 1, 2, 0]|[4, 3, 2, 2, 4, 1, 2, 2, 2, 4, 1, 1, 2, 4, 4, 1, 2, 4, 2, 1, 1, 1, 1, 2, 1, 2, 1, 1, 1, 1, 3, 2, 3, 0, 4, 0, 1, 1, 0, 3, 2, 2, 2, 0, 1, 1, 0, 2, 0, 1, 2, 2, 1, 0, 0, 3, 2, 4, 1, 2, 2, 3, 1, 1, 1, 3, 0, 4, 3, 1, 1, 1, 1, 0, 4, 4, 2, 1, 1, 1, 0, 3, 1, 3, 1, 1, 3, 1, 2, 1, 1, 4, 2, 2, 1, 1, 2, 4, 1, 2]|[0, 2, 1, 1, 3, 0, 1, 0, 0, 0, 0, 0, 1, 0, 1, 0, 0, 3, 1, 0, 0, 0, 3, 1, 0, 2, 0, 0, 0, 1, 0, 0, 0, 0, 3, 0, 1, 0, 0, 2, 1, 1, 1, 0, 0, 0, 0, 0, 1, 0, 0, 0, 1, 3, 0, 0, 1, 2, 0, 1, 0, 2, 0, 1, 0, 2, 1, 0, 0, 1, 0, 3, 1, 1, 3, 3, 1, 0, 0, 2, 0, 0, 0, 2, 1, 0, 2, 0, 1, 0, 0, 0, 1, 0, 1, 1, 0, 2, 0, 0],841.5265433244125,57153.70771438666,97625.18096171123,false
6,G4_BALANCED,G2_TEC,[31, 22, 82, 15, 26, 9, 36, 42, 77, 4, 47, 5, 93, 78, 86, 54, 85, 63, 18, 44, 20, 49, 95, 14, 74, 50, 53, 17, 21, 45, 71, 64, 3, 23, 30, 83, 24, 41, 60, 52, 65, 27, 90, 70, 39, 87, 48, 69, 99, 68, 46, 1, 38, 58, 97, 59, 28, 8, 73, 37, 35, 79, 11, 66, 76, 57, 40, 80, 96, 6, 16, 61, 33, 98, 32, 34, 51, 67, 10, 7, 56, 43, 62, 25, 91, 13, 29, 92, 0, 81, 84, 72, 88, 55, 75, 19, 12, 94, 89, 2]|[2, 1, 2, 1, 1, 2, 1, 1, 1, 1, 1, 0, 2, 2, 1, 2, 0, 0, 0, 2, 2, 1, 0, 2, 0, 2, 2, 1, 0, 1, 1, 1, 0, 0, 1, 0, 2, 1, 2, 2, 0, 1, 1, 1, 0, 2, 0, 2, 1, 0, 0, 2, 2, 0, 2, 0, 2, 1, 0, 0, 2, 1, 0, 2, 2, 0, 2, 2, 0, 1, 1, 1, 1, 0, 0, 1, 1, 0, 1, 2, 2, 1, 0, 1, 1, 0, 1, 0, 0, 1, 0, 1, 1, 0, 0, 2, 1, 1, 1, 2]|[0, 3, 0, 2, 4, 1, 4, 4, 2, 4, 3, 2, 1, 0, 2, 1, 1, 1, 2, 1, 2, 3, 0, 1, 0, 1, 1, 4, 1, 4, 3, 2, 2, 0, 4, 1, 1, 4, 0, 1, 2, 2, 4, 4, 1, 1, 0, 2, 3, 1, 2, 1, 2, 1, 1, 2, 1, 3, 0, 2, 2, 3, 1, 0, 1, 0, 0, 1, 2, 4, 0, 3, 4, 1, 2, 4, 3, 1, 3, 1, 0, 4, 2, 4, 3, 2, 3, 2, 2, 1, 2, 4, 4, 2, 2, 0, 3, 4, 4, 1]|[0, 2, 0, 1, 3, 0, 1, 3, 0, 0, 2, 0, 1, 0, 1, 0, 0, 0, 1, 0, 0, 2, 0, 0, 1, 0, 0, 3, 0, 1, 0, 2, 0, 0, 3, 0, 1, 3, 1, 0, 0, 1, 1, 3, 0, 0, 1, 0, 2, 0, 0, 0, 0, 0, 1, 0, 0, 0, 1, 1, 0, 2, 0, 0, 0, 1, 0, 0, 0, 2, 1, 0, 1, 0, 0, 2, 0, 0, 3, 0, 0, 2, 1, 3, 0, 0, 0, 0, 0, 1, 1, 2, 1, 0, 0, 0, 0, 2, 1, 0],867.4647062768508,53369.78233461387,118803.58872823781,true
6,G2_TEC,G2_TEC,[31, 22, 82, 15, 26, 9, 95, 42, 77, 4, 47, 5, 93, 78, 86, 54, 85, 63, 18, 44, 20, 49, 36, 14, 74, 50, 53, 17, 21, 45, 71, 64, 3, 23, 30, 83, 24, 41, 60, 52, 65, 27, 90, 70, 39, 87, 48, 69, 99, 68, 46, 1, 38, 58, 97, 59, 28, 8, 73, 37, 35, 79, 11, 66, 76, 57, 40, 80, 96, 6, 16, 61, 33, 98, 32, 34, 51, 67, 10, 7, 56, 43, 62, 25, 91, 13, 29, 92, 0, 81, 2, 55, 88, 72, 75, 19, 12, 94, 89, 84]|[2, 1, 2, 1, 1, 2, 1, 1, 1, 1, 1, 0, 2, 2, 1, 2, 0, 0, 0, 2, 2, 1, 0, 2, 0, 2, 2, 1, 0, 1, 1, 1, 0, 0, 1, 0, 2, 1, 2, 2, 0, 1, 1, 1, 0, 2, 0, 2, 1, 0, 0, 2, 2, 0, 2, 0, 2, 1, 0, 0, 2, 1, 0, 2, 2, 0, 1, 2, 0, 1, 2, 1, 1, 0, 0, 1, 1, 0, 1, 2, 2, 1, 0, 2, 1, 0, 1, 0, 0, 1, 2, 0, 1, 1, 0, 1, 1, 1, 1, 0]|[0, 3, 0, 2, 4, 1, 4, 4, 2, 4, 3, 2, 1, 0, 2, 1, 1, 1, 2, 1, 2, 3, 0, 1, 0, 1, 1, 4, 1, 4, 3, 2, 2, 0, 4, 1, 1, 4, 0, 1, 2, 2, 4, 4, 1, 1, 0, 2, 3, 1, 2, 1, 2, 1, 1, 2, 1, 3, 0, 2, 2, 3, 1, 0, 1, 0, 4, 1, 2, 4, 1, 3, 4, 1, 2, 4, 3, 1, 3, 1, 0, 4, 2, 0, 3, 2, 3, 2, 2, 1, 1, 2, 4, 4, 2, 4, 3, 4, 4, 2]|[0, 2, 0, 1, 3, 0, 1, 3, 0, 0, 2, 0, 1, 0, 1, 0, 0, 0, 1, 0, 0, 2, 0, 0, 1, 0, 0, 3, 0, 1, 0, 2, 0, 0, 3, 0, 1, 3, 1, 0, 0, 1, 1, 3, 0, 0, 1, 0, 2, 0, 0, 0, 0, 0, 1, 0, 0, 0, 1, 1, 0, 2, 0, 0, 0, 1, 2, 0, 0, 2, 0, 0, 1, 0, 0, 2, 0, 0, 3, 0, 0, 2, 1, 0, 0, 0, 0, 0, 0, 1, 0, 0, 1, 2, 0, 3, 0, 2, 1, 1],894.5436151372168,53230.024676189925,120890.61091078934,false
6,G3_TWC,G3_TWC,[31, 22, 82, 15, 26, 9, 95, 42, 77, 12, 47, 5, 93, 78, 86, 54, 85, 63, 18, 44, 20, 35, 43, 97, 91, 76, 10, 30, 21, 45, 71, 64, 1, 23, 17, 83, 24, 41, 60, 36, 6, 57, 40, 88, 65, 56, 79, 69, 67, 68, 46, 75, 38, 58, 19, 32, 81, 48, 27, 62, 87, 90, 99, 59, 11, 16, 72, 73, 70, 39, 37, 84, 3, 92, 25, 55, 28, 29, 51, 7, 66, 61, 98, 14, 89, 50, 8, 96, 80, 53, 33, 74, 34, 4, 52, 49, 0, 94, 2, 13]|[1, 1, 0, 1, 1, 0, 1, 2, 2, 1, 2, 2, 2, 1, 1, 0, 0, 1, 0, 2, 2, 0, 1, 2, 0, 1, 2, 2, 0, 0, 1, 2, 1, 2, 1, 0, 2, 0, 1, 1, 0, 1, 1, 1, 0, 2, 1, 2, 0, 0, 0, 0, 1, 1, 2, 1, 2, 1, 0, 0, 2, 1, 0, 1, 2, 1, 2, 1, 1, 1, 1, 1, 1, 0, 1, 1, 0, 0, 0, 1, 2, 1, 0, 0, 1, 0, 1, 0, 0, 0, 0, 2, 2, 1, 1, 0, 0, 1, 0, 0]|[4, 3, 2, 2, 4, 1, 2, 2, 2, 4, 1, 1, 2, 4, 4, 1, 2, 4, 2, 1, 1, 1, 1, 2, 1, 2, 1, 1, 1, 1, 3, 2, 3, 0, 4, 0, 1, 1, 0, 3, 2, 2, 2, 0, 1, 1, 0, 2, 0, 1, 2, 2, 1, 0, 0, 3, 2, 4, 1, 2, 2, 3, 1, 1, 1, 3, 0, 4, 3, 1, 4, 1, 1, 0, 4, 4, 2, 1, 1, 1, 0, 3, 1, 1, 1, 1, 3, 1, 1, 2, 2, 1, 1, 4, 1, 1, 2, 4, 2, 2]|[0, 2, 1, 1, 3, 0, 1, 0, 0, 0, 0, 0, 1, 0, 1, 0, 0, 3, 1, 0, 0, 0, 3, 1, 0, 2, 0, 0, 0, 1, 0, 0, 0, 0, 3, 0, 1, 0, 0, 2, 1, 1, 1, 0, 0, 0, 0, 0, 1, 0, 0, 0, 1, 3, 0, 0, 1, 2, 0, 1, 0, 2, 0, 1, 0, 2, 1, 0, 0, 1, 1, 3, 1, 1, 3, 3, 1, 0, 0, 2, 0, 0, 0, 0, 1, 0, 2, 0, 0, 1, 1, 0, 0, 0, 1, 1, 0, 2, 0, 0],804.1796957672034,57452.725472644015,98584.0896411805,false
6,G1_CMAX,G3_TWC,[31, 22, 82, 15, 26, 9, 95, 42, 77, 12, 47, 5, 93, 78, 86, 54, 85, 63, 18, 44, 20, 35, 43, 97, 91, 76, 10, 30, 21, 45, 71, 64, 1, 23, 17, 83, 24, 41, 60, 36, 6, 57, 40, 88, 65, 56, 79, 69, 67, 68, 46, 75, 38, 58, 19, 32, 81, 48, 27, 62, 87, 90, 99, 59, 11, 16, 72, 73, 70, 39, 37, 84, 3, 92, 25, 55, 28, 50, 29, 7, 66, 61, 98, 14, 89, 51, 8, 96, 80, 53, 4, 74, 34, 33, 52, 49, 0, 94, 2, 13]|[1, 1, 0, 1, 1, 0, 1, 2, 2, 1, 2, 2, 2, 1, 1, 0, 0, 1, 0, 2, 2, 0, 1, 2, 0, 1, 2, 2, 0, 0, 1, 2, 1, 2, 1, 0, 2, 0, 1, 1, 0, 1, 1, 1, 0, 2, 1, 2, 0, 0, 0, 0, 1, 1, 2, 1, 2, 1, 0, 0, 2, 1, 0, 1, 2, 1, 2, 1, 1, 1, 1, 1, 1, 0, 1, 1, 0, 0, 0, 1, 2, 1, 0, 0, 1, 0, 1, 0, 0, 0, 1, 2, 2, 0, 1, 0, 0, 1, 0, 0]|[4, 3, 2, 2, 4, 1, 2, 2, 2, 4, 1, 1, 2, 4, 4, 1, 2, 4, 2, 1, 1, 1, 1, 2, 1, 2, 1, 1, 1, 1, 3, 2, 3, 0, 4, 0, 1, 1, 0, 3, 2, 2, 2, 0, 1, 1, 0, 2, 0, 1, 2, 2, 1, 0, 0, 3, 2, 4, 1, 2, 2, 3, 1, 1, 1, 3, 0, 4, 3, 1, 4, 1, 1, 0, 4, 4, 2, 1, 1, 1, 1, 3, 1, 1, 1, 1, 3, 1, 1, 2, 4, 1, 1, 2, 1, 1, 2, 4, 2, 2]|[0, 2, 1, 1, 3, 0, 1, 0, 0, 0, 0, 0, 1, 0, 1, 0, 0, 3, 1, 0, 0, 0, 3, 1, 0, 2, 0, 0, 0, 1, 0, 0, 0, 0, 3, 0, 1, 0, 0, 2, 1, 1, 1, 0, 0, 0, 0, 0, 1, 0, 0, 0, 1, 3, 0, 0, 1, 2, 0, 1, 0, 2, 0, 1, 0, 2, 1, 0, 0, 1, 1, 3, 1, 1, 3, 3, 1, 0, 0, 2, 0, 0, 0, 0, 1, 0, 2, 0, 0, 1, 0, 0, 0, 1, 1, 1, 0, 2, 0, 0],810.1466956796065,57389.933728952135,98208.916815141,true
6,G4_BALANCED,G4_BALANCED,[31, 22, 82, 15, 26, 9, 95, 42, 77, 12, 47, 5, 93, 78, 86, 54, 85, 63, 18, 44, 20, 35, 43, 97, 91, 76, 10, 30, 21, 45, 71, 64, 1, 23, 17, 83, 24, 14, 60, 36, 6, 57, 40, 88, 65, 56, 79, 69, 67, 68, 46, 75, 38, 58, 19, 32, 81, 48, 27, 62, 87, 90, 99, 59, 11, 16, 72, 73, 61, 39, 37, 84, 3, 92, 25, 55, 28, 98, 29, 7, 66, 70, 51, 41, 89, 50, 33, 96, 80, 53, 8, 2, 34, 4, 52, 49, 0, 94, 74, 13]|[1, 1, 0, 1, 1, 0, 1, 2, 2, 1, 2, 2, 2, 1, 1, 0, 0, 1, 0, 2, 2, 0, 1, 2, 0, 1, 2, 2, 0, 0, 1, 2, 1, 0, 1, 0, 2, 0, 1, 1, 0, 1, 1, 1, 0, 2, 1, 2, 0, 0, 0, 0, 1, 1, 2, 1, 2, 1, 0, 0, 2, 1, 0, 1, 2, 1, 2, 1, 1, 1, 1, 1, 1, 0, 1, 1, 0, 2, 0, 1, 2, 1, 0, 0, 1, 0, 0, 2, 0, 0, 1, 0, 2, 1, 2, 0, 0, 1, 2, 0]|[4, 3, 2, 2, 4, 1, 2, 2, 2, 4, 1, 1, 2, 4, 4, 1, 2, 4, 2, 1, 1, 1, 1, 2, 1, 2, 1, 1, 1, 1, 3, 2, 3, 0, 4, 0, 1, 1, 0, 3, 2, 2, 2, 0, 1, 1, 0, 2, 0, 1, 2, 2, 1, 0, 0, 3, 2, 4, 1, 2, 2, 3, 1, 1, 1, 3, 0, 4, 3, 1, 4, 1, 1, 0, 4, 4, 2, 1, 1, 1, 0, 3, 1, 1, 1, 1, 1, 0, 1, 2, 3, 2, 1, 4, 1, 1, 2, 4, 0, 2]|[0, 2, 1, 1, 3, 0, 1, 0, 0, 0, 0, 0, 1, 0, 1, 0, 0, 3, 1, 0, 0, 0, 3, 1, 0, 2, 0, 0, 0, 1, 0, 0, 0, 0, 3, 0, 1, 0, 0, 2, 1, 1, 1, 0, 0, 0, 0, 0, 1, 0, 0, 0, 1, 3, 0, 0, 1, 2, 0, 1, 0, 2, 0, 1, 0, 2, 1, 0, 0, 1, 1, 3, 1, 1, 3, 3, 1, 0, 0, 2, 0, 0, 0, 0, 1, 0, 0, 0, 0, 1, 2, 0, 0, 0, 0, 1, 0, 2, 0, 0],795.0586023636142,56919.63605264445,101449.24111620533,false
6,G2_TEC,G4_BALANCED,[31, 22, 82, 15, 26, 9, 90, 42, 77, 4, 47, 5, 93, 78, 86, 54, 85, 63, 18, 44, 20, 49, 36, 14, 48, 50, 53, 17, 21, 45, 71, 64, 3, 23, 30, 83, 24, 41, 60, 52, 65, 27, 95, 70, 39, 87, 74, 69, 99, 68, 46, 1, 38, 58, 97, 59, 28, 8, 73, 37, 35, 79, 11, 66, 76, 57, 72, 16, 92, 6, 80, 61, 33, 98, 32, 34, 51, 67, 10, 7, 56, 43, 62, 19, 84, 13, 29, 96, 0, 81, 2, 40, 89, 55, 25, 88, 12, 94, 75, 91]|[0, 1, 2, 1, 1, 2, 1, 0, 1, 1, 1, 0, 2, 2, 1, 2, 0, 0, 0, 2, 2, 1, 0, 2, 2, 2, 2, 1, 0, 1, 1, 1, 0, 1, 1, 0, 2, 1, 2, 2, 0, 1, 1, 1, 0, 1, 0, 2, 1, 0, 0, 2, 2, 0, 2, 0, 2, 1, 0, 0, 2, 1, 0, 2, 2, 0, 1, 1, 0, 1, 0, 1, 1, 0, 0, 1, 0, 0, 1, 2, 0, 2, 0, 2, 0, 0, 1, 0, 0, 1, 2, 2, 1, 1, 1, 1, 1, 0, 2, 1]|[1, 3, 0, 2, 4, 1, 4, 0, 2, 4, 2, 2, 1, 0, 2, 1, 1, 1, 2, 1, 2, 3, 0, 1, 0, 1, 1, 4, 1, 0, 3, 2, 2, 3, 4, 1, 1, 4, 0, 1, 2, 2, 4, 4, 1, 0, 0, 2, 3, 1, 2, 1, 2, 1, 1, 2, 0, 3, 0, 2, 2, 3, 1, 0, 1, 2, 4, 0, 0, 4, 1, 3, 4, 1, 2, 4, 0, 1, 3, 1, 2, 1, 2, 0, 1, 2, 3, 2, 2, 1, 1, 0, 4, 3, 4, 4, 3, 0, 2, 3]|[1, 2, 0, 1, 3, 0, 1, 0, 0, 0, 2, 0, 1, 0, 1, 0, 0, 0, 1, 0, 0, 2, 0, 0, 0, 0, 0, 3, 0, 1, 0, 2, 0, 0, 3, 0, 1, 3, 1, 0, 0, 1, 1, 3, 0, 0, 1, 0, 2, 0, 0, 0, 0, 0, 1, 0, 0, 0, 1, 1, 0, 2, 0, 0, 0, 1, 2, 1, 1, 2, 0, 0, 1, 0, 0, 2, 0, 0, 3, 0, 1, 0, 1, 0, 0, 0, 0, 0, 0, 1, 0, 0, 1, 0, 3, 1, 0, 1, 1, 0],843.5474459353086,55975.36545268966,121421.24977672924,true
6,G3_TWC,G1_CMAX,[31, 22, 82, 15, 26, 9, 95, 42, 77, 12, 47, 5, 93, 78, 86, 54, 85, 63, 18, 44, 20, 35, 43, 97, 91, 76, 10, 30, 21, 45, 71, 64, 1, 23, 17, 83, 24, 41, 60, 36, 6, 57, 40, 88, 65, 56, 79, 69, 67, 68, 46, 75, 38, 58, 19, 32, 81, 48, 27, 62, 87, 90, 99, 59, 11, 16, 72, 73, 70, 39, 37, 84, 3, 92, 25, 55, 28, 29, 51, 7, 66, 61, 98, 14, 89, 50, 8, 96, 80, 53, 33, 4, 34, 2, 52, 49, 0, 94, 74, 13]|[1, 1, 0, 1, 1, 0, 1, 2, 2, 1, 2, 2, 2, 1, 1, 0, 0, 1, 0, 2, 2, 0, 1, 2, 0, 1, 2, 2, 0, 0, 1, 2, 1, 2, 1, 0, 2, 0, 1, 1, 0, 1, 1, 1, 0, 2, 1, 2, 0, 0, 0, 0, 1, 1, 2, 1, 2, 1, 0, 0, 2, 1, 0, 1, 2, 1, 2, 1, 1, 1, 1, 1, 1, 0, 1, 1, 0, 0, 0, 1, 0, 1, 0, 1, 1, 0, 1, 0, 0, 0, 2, 1, 2, 0, 1, 0, 0, 1, 2, 0]|[4, 3, 2, 2, 4, 1, 2, 2, 2, 4, 1, 1, 2, 4, 4, 1, 2, 4, 2, 1, 1, 1, 1, 2, 1, 2, 1, 1, 1, 1, 3, 2, 3, 0, 4, 0, 1, 1, 0, 3, 2, 2, 2, 0, 1, 1, 0, 2, 0, 1, 2, 2, 1, 0, 0, 3, 2, 4, 1, 2, 2, 3, 1, 1, 1, 3, 0, 4, 3, 1, 4, 1, 1, 0, 4, 4, 2, 1, 1, 1, 2, 3, 1, 3, 1, 1, 3, 1, 1, 2, 1, 4, 1, 2, 1, 1, 2, 4, 1, 2]|[0, 2, 1, 1, 3, 0, 1, 0, 0, 0, 0, 0, 1, 0, 1, 0, 0, 3, 1, 0, 0, 0, 3, 1, 0, 2, 0, 0, 0, 1, 0, 0, 0, 0, 3, 0, 1, 0, 0, 2, 1, 1, 1, 0, 0, 0, 0, 0, 1, 0, 0, 0, 1, 3, 0, 0, 1, 2, 0, 1, 0, 2, 0, 1, 0, 2, 1, 0, 0, 1, 1, 3, 1, 1, 3, 3, 1, 0, 0, 2, 1, 0, 0, 2, 1, 0, 2, 0, 0, 1, 0, 0, 0, 0, 1, 1, 0, 2, 0, 0],790.4134964798036,57438.782339003716,98090.89936383035,true
6,G1_CMAX,G3_TWC,[31, 22, 82, 15, 26, 9, 95, 42, 77, 12, 47, 5, 93, 78, 86, 54, 85, 63, 18, 44, 20, 35, 43, 97, 91, 76, 10, 30, 21, 45, 71, 64, 1, 23, 17, 83, 24, 41, 60, 36, 6, 57, 40, 88, 65, 56, 79, 69, 67, 68, 46, 75, 38, 58, 19, 32, 81, 48, 27, 62, 87, 90, 99, 59, 11, 16, 72, 73, 70, 39, 37, 84, 3, 92, 25, 55, 28, 98, 29, 7, 66, 61, 51, 14, 89, 50, 8, 96, 80, 53, 33, 4, 34, 2, 52, 49, 0, 94, 74, 13]|[1, 1, 0, 1, 1, 0, 1, 2, 2, 1, 2, 2, 2, 1, 1, 0, 0, 1, 0, 2, 2, 0, 1, 2, 0, 1, 2, 2, 0, 0, 1, 2, 1, 0, 1, 0, 2, 1, 1, 1, 0, 1, 1, 1, 0, 2, 1, 2, 0, 0, 0, 0, 1, 1, 2, 1, 2, 1, 0, 0, 2, 1, 0, 1, 2, 1, 2, 1, 1, 1, 1, 1, 1, 0, 1, 1, 0, 0, 0, 1, 2, 1, 0, 1, 1, 0, 1, 0, 0, 0, 0, 1, 2, 0, 1, 0, 0, 1, 2, 0]|[4, 3, 2, 2, 4, 1, 2, 2, 2, 4, 1, 1, 2, 4, 4, 1, 2, 4, 2, 1, 1, 1, 1, 2, 1, 2, 1, 1, 1, 1, 3, 2, 3, 0, 4, 0, 1, 4, 0, 3, 2, 2, 2, 0, 1, 1, 0, 2, 0, 1, 2, 2, 1, 0, 0, 3, 2, 4, 1, 2, 2, 3, 1, 1, 1, 3, 0, 4, 3, 1, 4, 1, 1, 0, 4, 4, 2, 1, 1, 1, 0, 3, 1, 3, 1, 1, 3, 1, 1, 2, 2, 4, 1, 2, 1, 1, 2, 4, 1, 2]|[0, 2, 1, 1, 3, 0, 1, 0, 0, 0, 0, 0, 1, 0, 1, 0, 0, 3, 1, 0, 0, 0, 3, 1, 0, 2, 0, 0, 0, 1, 0, 0, 0, 0, 3, 0, 1, 3, 0, 2, 1, 1, 1, 0, 0, 0, 0, 0, 1, 0, 0, 0, 1, 3, 0, 0, 1, 2, 0, 1, 0, 2, 0, 1, 0, 2, 1, 0, 0, 1, 1, 3, 1, 1, 3, 3, 1, 0, 0, 2, 0, 0, 0, 2, 1, 0, 2, 0, 0, 1, 1, 0, 0, 0, 1, 1, 0, 2, 0, 0],816.2259736259547,57225.78817675987,98006.1471477357,true
6,G4_BALANCED,G2_TEC,[31, 22, 82, 15, 26, 9, 95, 42, 77, 4, 47, 5, 93, 78, 86, 54, 85, 63, 18, 44, 20, 49, 36, 14, 74, 50, 53, 17, 21, 45, 71, 64, 3, 23, 30, 83, 24, 41, 60, 52, 65, 27, 90, 70, 39, 87, 48, 69, 99, 68, 46, 1, 38, 58, 97, 59, 28, 8, 73, 37, 35, 79, 11, 66, 76, 57, 40, 80, 96, 6, 16, 61, 33, 98, 32, 34, 51, 67, 10, 7, 56, 43, 62, 19, 91, 13, 75, 92, 0, 81, 2, 55, 88, 72, 29, 25, 12, 94, 89, 84]|[2, 1, 2, 1, 1, 2, 1, 1, 1, 1, 1, 0, 2, 2, 1, 2, 0, 0, 0, 2, 2, 1, 0, 2, 0, 2, 2, 1, 0, 1, 1, 1, 0, 0, 1, 0, 2, 1, 2, 2, 0, 1, 1, 1, 0, 2, 0, 2, 1, 0, 0, 2, 2, 0, 2, 0, 2, 1, 0, 0, 2, 1, 0, 2, 2, 0, 2, 2, 0, 1, 0, 1, 1, 0, 0, 1, 1, 0, 1, 2, 2, 1, 0, 2, 1, 0, 0, 0, 0, 1, 2, 0, 1, 1, 1, 1, 1, 1, 1, 0]|[0, 3, 0, 2, 4, 1, 4, 4, 2, 4, 3, 2, 1, 0, 2, 1, 1, 1, 2, 1, 2, 3, 0, 1, 0, 1, 1, 4, 1, 0, 3, 2, 2, 0, 4, 1, 1, 4, 0, 1, 2, 2, 4, 4, 1, 1, 0, 2, 3, 1, 2, 1, 2, 1, 1, 2, 1, 3, 0, 2, 2, 3, 1, 0, 1, 0, 0, 1, 2, 4, 1, 3, 4, 1, 2, 4, 3, 1, 3, 1, 0, 4, 2, 0, 3, 2, 2, 2, 2, 1, 1, 2, 4, 4, 3, 4, 3, 4, 4, 2]|[0, 2, 0, 1, 3, 0, 1, 3, 0, 0, 2, 0, 1, 0, 1, 0, 0, 0, 1, 0, 0, 2, 0, 0, 1, 0, 0, 3, 0, 1, 0, 2, 0, 0, 3, 0, 1, 3, 1, 0, 0, 1, 1, 3, 0, 0, 1, 0, 2, 0, 0, 0, 0, 0, 1, 0, 0, 0, 1, 1, 0, 2, 0, 0, 0, 1, 0, 0, 0, 2, 0, 0, 1, 0, 0, 2, 0, 0, 3, 0, 0, 2, 1, 0, 0, 0, 1, 0, 0, 1, 0, 0, 1, 2, 0, 3, 0, 2, 1, 1],912.877319724525,53649.845030311975,117820.15849824226,true
6,G2_TEC,G2_TEC,[31, 22, 82, 15, 26, 9, 95, 42, 77, 4, 47, 5, 93, 78, 86, 54, 85, 63, 18, 44, 20, 49, 36, 14, 74, 50, 53, 17, 21, 45, 71, 64, 3, 23, 30, 83, 24, 41, 60, 52, 65, 27, 90, 70, 39, 87, 48, 69, 99, 68, 46, 1, 38, 58, 97, 59, 28, 8, 73, 37, 35, 79, 11, 66, 76, 57, 40, 80, 96, 6, 16, 61, 33, 98, 32, 34, 51, 67, 10, 7, 56, 43, 62, 25, 91, 13, 29, 92, 0, 81, 2, 55, 88, 72, 75, 19, 12, 94, 89, 84]|[2, 1, 2, 1, 1, 2, 1, 1, 1, 1, 1, 0, 2, 2, 1, 2, 0, 0, 0, 2, 2, 1, 0, 2, 0, 2, 2, 1, 0, 1, 1, 1, 0, 0, 1, 0, 2, 1, 2, 2, 0, 1, 1, 1, 0, 2, 0, 2, 1, 0, 0, 2, 2, 0, 2, 0, 2, 1, 0, 0, 2, 1, 0, 2, 2, 0, 1, 2, 0, 1, 2, 1, 1, 0, 0, 1, 1, 0, 1, 2, 2, 1, 0, 2, 1, 0, 1, 0, 0, 1, 2, 0, 1, 1, 0, 1, 1, 1, 1, 0]|[0, 3, 0, 2, 4, 1, 4, 4, 2, 4, 3, 2, 1, 0, 2, 1, 1, 1, 2, 1, 2, 3, 0, 1, 0, 1, 1, 4, 1, 4, 3, 2, 2, 0, 4, 1, 1, 4, 0, 1, 2, 2, 4, 4, 1, 1, 0, 2, 3, 1, 2, 1, 2, 1, 1, 2, 1, 3, 0, 2, 2, 3, 1, 0, 1, 0, 4, 1, 2, 4, 1, 3, 4, 1, 2, 4, 3, 1, 3, 1, 0, 4, 2, 0, 3, 2, 3, 2, 2, 1, 1, 2, 4, 4, 2, 4, 3, 4, 4, 2]|[0, 2, 0, 1, 3, 0, 1, 3, 0, 0, 2, 0, 1, 0, 1, 0, 0, 0, 1, 0, 0, 2, 0, 0, 1, 0, 0, 3, 0, 1, 0, 2, 0, 0, 3, 0, 1, 3, 1, 0, 0, 1, 1, 3, 0, 0, 1, 0, 2, 0, 0, 0, 0, 0, 1, 0, 0, 0, 1, 1, 0, 2, 0, 0, 0, 1, 2, 0, 0, 2, 0, 0, 1, 0, 0, 2, 0, 0, 3, 0, 0, 2, 1, 0, 0, 0, 0, 0, 0, 1, 0, 0, 1, 2, 0, 3, 0, 2, 1, 1],894.5436151372168,53230.024676189925,120890.61091078934,false
6,G3_TWC,G3_TWC,[31, 22, 82, 15, 26, 9, 95, 42, 77, 12, 47, 5, 93, 78, 86, 96, 85, 63, 18, 44, 20, 35, 43, 97, 91, 76, 10, 30, 21, 45, 71, 64, 72, 23, 17, 83, 24, 41, 60, 36, 6, 57, 40, 88, 65, 56, 79, 69, 67, 68, 46, 75, 38, 58, 19, 32, 81, 48, 27, 62, 87, 90, 99, 59, 11, 16, 1, 73, 70, 39, 37, 84, 3, 92, 25, 55, 28, 51, 29, 7, 66, 61, 98, 14, 89, 50, 33, 54, 80, 53, 8, 2, 34, 4, 52, 49, 0, 94, 74, 13]|[1, 1, 0, 1, 1, 0, 1, 2, 2, 1, 2, 2, 2, 1, 1, 0, 0, 1, 0, 2, 2, 0, 1, 2, 0, 1, 2, 2, 0, 0, 1, 2, 1, 0, 1, 0, 2, 0, 1, 1, 0, 1, 1, 1, 0, 2, 1, 2, 0, 0, 0, 0, 1, 1, 2, 1, 2, 1, 0, 0, 2, 1, 0, 1, 2, 1, 2, 1, 1, 1, 1, 1, 1, 0, 1, 1, 0, 0, 0, 1, 2, 1, 0, 0, 1, 0, 0, 0, 0, 0, 1, 0, 2, 1, 1, 0, 0, 1, 2, 0]|[4, 3, 2, 2, 4, 1, 2, 2, 2, 4, 1, 1, 2, 4, 4, 1, 2, 4, 2, 1, 1, 1, 1, 2, 1, 2, 1, 1, 1, 1, 3, 2, 3, 0, 4, 0, 1, 1, 0, 3, 2, 2, 2, 0, 1, 1, 0, 2, 0, 1, 2, 2, 1, 0, 0, 3, 2, 4, 1, 2, 2, 3, 1, 1, 1, 3, 0, 4, 3, 1, 4, 1, 1, 0, 4, 4, 2, 1, 1, 1, 1, 3, 1, 1, 1, 1, 2, 1, 1, 2, 3, 2, 1, 4, 1, 1, 2, 4, 1, 2]|[0, 2, 1, 1, 3, 0, 1, 0, 0, 0, 0, 0, 1, 0, 1, 0, 0, 3, 1, 0, 0, 0, 3, 1, 0, 2, 0, 0, 0, 1, 0, 0, 0, 0, 3, 0, 1, 0, 0, 2, 1, 1, 1, 0, 0, 0, 0, 0, 1, 0, 0, 0, 1, 3, 0, 0, 1, 2, 0, 1, 0, 2, 0, 1, 0, 2, 1, 0, 0, 1, 1, 3, 1, 1, 3, 3, 1, 0, 0, 2, 0, 0, 0, 0, 1, 0, 1, 0, 0, 1, 2, 0, 0, 0, 1, 1, 0, 2, 0, 0],853.2001582481751,56809.63994118179,97206.19054843111,false
6,G1_CMAX,G1_CMAX,[31, 22, 82, 15, 26, 9, 95, 42, 77, 12, 47, 5, 93, 78, 86, 54, 85, 63, 18, 44, 20, 35, 43, 97, 91, 76, 10, 30, 21, 45, 71, 64, 1, 23, 17, 83, 24, 41, 60, 36, 6, 57, 40, 88, 65, 56, 79, 69, 67, 68, 46, 75, 38, 58, 19, 32, 81, 48, 27, 62, 87, 90, 99, 59, 11, 16, 72, 73, 70, 89, 96, 84, 3, 92, 25, 55, 28, 51, 29, 7, 49, 52, 37, 14, 8, 13, 53, 80, 0, 66, 98, 2, 34, 4, 61, 33, 39, 94, 74, 50]|[1, 1, 0, 1, 1, 0, 2, 0, 2, 1, 2, 2, 2, 1, 1, 0, 0, 0, 0, 2, 2, 0, 2, 2, 0, 1, 2, 1, 0, 0, 1, 2, 0, 2, 2, 0, 2, 1, 2, 1, 0, 1, 1, 1, 0, 2, 1, 2, 0, 0, 0, 2, 1, 1, 2, 1, 2, 1, 0, 0, 2, 1, 0, 1, 2, 1, 2, 1, 1, 1, 1, 1, 1, 0, 1, 1, 1, 0, 0, 1, 0, 2, 2, 0, 1, 0, 2, 0, 0, 0, 0, 0, 1, 1, 1, 2, 0, 1, 2, 1]|[4, 3, 2, 2, 4, 1, 1, 0, 2, 4, 0, 1, 2, 4, 4, 1, 2, 1, 2, 1, 1, 1, 1, 2, 1, 2, 1, 4, 1, 1, 3, 2, 2, 0, 1, 0, 1, 4, 0, 3, 2, 2, 2, 0, 1, 1, 0, 2, 1, 1, 2, 1, 1, 0, 1, 3, 0, 4, 1, 2, 2, 3, 1, 1, 1, 3, 0, 4, 3, 1, 3, 3, 1, 0, 4, 4, 4, 1, 1, 1, 2, 1, 0, 2, 3, 2, 0, 2, 2, 2, 2, 2, 4, 4, 1, 2, 2, 4, 0, 1]|[0, 2, 1, 1, 3, 0, 0, 0, 0, 0, 0, 0, 1, 0, 1, 0, 0, 0, 1, 0, 0, 0, 0, 1, 0, 2, 0, 3, 0, 1, 0, 0, 0, 0, 0, 0, 1, 3, 1, 2, 1, 1, 1, 0, 0, 0, 0, 0, 0, 0, 0, 0, 1, 3, 0, 0, 0, 2, 0, 1, 0, 2, 0, 1, 0, 2, 1, 0, 0, 1, 2, 0, 1, 1, 3, 3, 1, 0, 0, 2, 1, 0, 0, 0, 0, 0, 0, 0, 0, 1, 0, 0, 2, 0, 3, 0, 0, 2, 0, 1],835.1017224934683,56379.80932271395,118628.103711086,false
6,G4_BALANCED,G2_TEC,[31, 22, 82, 15, 26, 9, 95, 42, 77, 4, 47, 5, 93, 78, 86, 54, 85, 63, 18, 44, 20, 49, 36, 14, 74, 50, 53, 17, 21, 45, 71, 64, 3, 23, 30, 83, 24, 41, 60, 52, 65, 27, 90, 70, 39, 87, 48, 69, 99, 68, 46, 1, 38, 58, 97, 59, 28, 8, 73, 37, 35, 79, 11, 66, 76, 57, 40, 80, 96, 6, 16, 61, 33, 98, 32, 34, 51, 67, 10, 7, 56, 43, 62, 19, 91, 13, 75, 92, 0, 81, 2, 55, 88, 72, 29, 25, 12, 94, 89, 84]|[2, 1, 2, 1, 1, 2, 1, 1, 1, 1, 1, 0, 2, 2, 1, 2, 0, 0, 0, 2, 2, 1, 0, 2, 0, 2, 2, 1, 0, 1, 1, 1, 0, 0, 1, 0, 2, 1, 2, 2, 0, 1, 1, 1, 0, 2, 0, 2, 1, 0, 0, 2, 2, 0, 2, 0, 2, 1, 0, 0, 2, 1, 0, 2, 2, 0, 2, 2, 0, 1, 0, 1, 1, 0, 0, 1, 1, 0, 1, 2, 2, 1, 0, 2, 1, 0, 0, 0, 0, 1, 2, 0, 1, 1, 1, 1, 1, 1, 1, 0]|[0, 3, 0, 2, 4, 1, 4, 4, 2, 4, 3, 2, 1, 0, 2, 1, 1, 1, 2, 1, 2, 3, 0, 1, 0, 1, 1, 4, 1, 0, 3, 2, 2, 0, 4, 1, 1, 4, 0, 1, 2, 2, 4, 4, 1, 1, 0, 2, 3, 1, 2, 1, 2, 1, 1, 2, 1, 3, 0, 2, 2, 3, 1, 0, 1, 0, 0, 1, 2, 4, 1, 3, 4, 1, 2, 4, 3, 1, 3, 1, 0, 4, 2, 0, 3, 2, 2, 2, 2, 1, 1, 2, 4, 4, 3, 4, 3, 4, 4, 2]|[0, 2, 0, 1, 3, 0, 1, 3, 0, 0, 2, 0, 1, 0, 1, 0, 0, 0, 1, 0, 0, 2, 0, 0, 1, 0, 0, 3, 0, 1, 0, 2, 0, 0, 3, 0, 1, 3, 1, 0, 0, 1, 1, 3, 0, 0, 1, 0, 2, 0, 0, 0, 0, 0, 1, 0, 0, 0, 1, 1, 0, 2, 0, 0, 0, 1, 0, 0, 0, 2, 0, 0, 1, 0, 0, 2, 0, 0, 3, 0, 0, 2, 1, 0, 0, 0, 1, 0, 0, 1, 0, 0, 1, 2, 0, 3, 0, 2, 1, 1],912.877319724525,53649.845030311975,117820.15849824226,true
6,G2_TEC,G2_TEC,[31, 22, 82, 15, 26, 9, 95, 42, 77, 4, 47, 5, 93, 78, 86, 54, 85, 63, 18, 44, 20, 49, 36, 14, 74, 50, 53, 17, 21, 45, 71, 64, 3, 23, 30, 83, 24, 41, 60, 52, 65, 27, 90, 70, 39, 87, 48, 69, 99, 68, 46, 1, 38, 58, 97, 59, 28, 8, 73, 37, 35, 79, 11, 66, 76, 57, 40, 80, 96, 6, 16, 61, 33, 98, 32, 34, 51, 67, 10, 7, 56, 43, 62, 25, 91, 13, 29, 92, 0, 81, 2, 55, 88, 72, 75, 19, 12, 94, 89, 84]|[2, 1, 2, 1, 1, 2, 1, 1, 1, 1, 1, 0, 2, 2, 1, 2, 0, 0, 0, 2, 2, 1, 0, 2, 0, 2, 2, 1, 0, 1, 1, 1, 0, 0, 1, 0, 2, 1, 2, 2, 0, 1, 1, 1, 0, 2, 0, 2, 1, 0, 0, 2, 2, 0, 2, 0, 2, 1, 0, 0, 2, 1, 0, 2, 2, 0, 1, 2, 0, 1, 2, 1, 1, 0, 0, 1, 1, 0, 1, 2, 2, 1, 0, 2, 1, 0, 1, 0, 0, 1, 2, 0, 1, 1, 0, 1, 1, 1, 1, 0]|[0, 3, 0, 2, 4, 1, 4, 4, 2, 4, 3, 2, 1, 0, 2, 1, 1, 1, 2, 1, 2, 3, 0, 1, 0, 1, 1, 4, 1, 4, 3, 2, 2, 0, 4, 1, 1, 4, 0, 1, 2, 2, 4, 4, 1, 1, 0, 2, 3, 1, 2, 1, 2, 1, 1, 2, 1, 3, 0, 2, 2, 3, 1, 0, 1, 0, 4, 1, 2, 4, 1, 3, 4, 1, 2, 4, 3, 1, 3, 1, 0, 4, 2, 0, 3, 2, 3, 2, 2, 1, 1, 2, 4, 4, 2, 4, 3, 4, 4, 2]|[0, 2, 0, 1, 3, 0, 1, 3, 0, 0, 2, 0, 1, 0, 1, 0, 0, 0, 1, 0, 0, 2, 0, 0, 1, 0, 0, 3, 0, 1, 0, 2, 0, 0, 3, 0, 1, 3, 1, 0, 0, 1, 1, 3, 0, 0, 1, 0, 2, 0, 0, 0, 0, 0, 1, 0, 0, 0, 1, 1, 0, 2, 0, 0, 0, 1, 2, 0, 0, 2, 0, 0, 1, 0, 0, 2, 0, 0, 3, 0, 0, 2, 1, 0, 0, 0, 0, 0, 0, 1, 0, 0, 1, 2, 0, 3, 0, 2, 1, 1],894.5436151372168,53230.024676189925,120890.61091078934,false
6,G3_TWC,G3_TWC,[31, 22, 82, 15, 26, 9, 95, 42, 77, 12, 47, 5, 93, 78, 86, 96, 85, 63, 18, 44, 20, 35, 43, 97, 91, 76, 10, 30, 21, 45, 71, 64, 72, 23, 17, 83, 24, 41, 60, 36, 6, 57, 40, 88, 65, 56, 79, 69, 67, 68, 46, 75, 38, 58, 19, 32, 81, 48, 27, 62, 87, 90, 99, 59, 11, 16, 1, 73, 70, 39, 37, 84, 3, 92, 25, 55, 28, 51, 29, 7, 66, 61, 98, 14, 89, 50, 33, 54, 80, 53, 8, 2, 34, 4, 52, 49, 0, 94, 74, 13]|[1, 1, 0, 1, 1, 0, 1, 2, 2, 1, 2, 2, 2, 1, 1, 0, 0, 1, 0, 2, 2, 0, 1, 2, 0, 1, 2, 2, 0, 0, 1, 2, 1, 0, 1, 0, 2, 0, 1, 1, 0, 1, 1, 1, 0, 2, 1, 2, 0, 0, 0, 0, 1, 1, 2, 1, 2, 1, 0, 0, 2, 1, 0, 1, 2, 1, 2, 1, 1, 1, 1, 1, 1, 0, 1, 1, 0, 0, 0, 1, 2, 1, 0, 0, 1, 0, 0, 0, 0, 0, 1, 0, 2, 1, 1, 0, 0, 1, 2, 0]|[4, 3, 2, 2, 4, 1, 2, 2, 2, 4, 1, 1, 2, 4, 4, 1, 2, 4, 2, 1, 1, 1, 1, 2, 1, 2, 1, 1, 1, 1, 3, 2, 3, 0, 4, 0, 1, 1, 0, 3, 2, 2, 2, 0, 1, 1, 0, 2, 0, 1, 2, 2, 1, 0, 0, 3, 2, 4, 1, 2, 2, 3, 1, 1, 1, 3, 0, 4, 3, 1, 4, 1, 1, 0, 4, 4, 2, 1, 1, 1, 1, 3, 1, 1, 1, 1, 2, 1, 1, 2, 3, 2, 1, 4, 1, 1, 2, 4, 1, 2]|[0, 2, 1, 1, 3, 0, 1, 0, 0, 0, 0, 0, 1, 0, 1, 0, 0, 3, 1, 0, 0, 0, 3, 1, 0, 2, 0, 0, 0, 1, 0, 0, 0, 0, 3, 0, 1, 0, 0, 2, 1, 1, 1, 0, 0, 0, 0, 0, 1, 0, 0, 0, 1, 3, 0, 0, 1, 2, 0, 1, 0, 2, 0, 1, 0, 2, 1, 0, 0, 1, 1, 3, 1, 1, 3, 3, 1, 0, 0, 2, 0, 0, 0, 0, 1, 0, 1, 0, 0, 1, 2, 0, 0, 0, 1, 1, 0, 2, 0, 0],853.2001582481751,56809.63994118179,97206.19054843111,false
6,G1_CMAX,G1_CMAX,[31, 22, 82, 15, 73, 9, 95, 42, 77, 12, 47, 98, 93, 78, 86, 54, 85, 63, 18, 44, 20, 35, 43, 97, 37, 76, 10, 30, 21, 45, 61, 64, 1, 23, 17, 83, 24, 41, 60, 36, 6, 57, 40, 88, 65, 56, 79, 69, 67, 68, 46, 75, 38, 58, 19, 32, 81, 48, 27, 62, 87, 90, 99, 59, 11, 16, 72, 26, 70, 89, 91, 84, 3, 92, 25, 55, 28, 51, 29, 7, 96, 74, 5, 14, 39, 80, 33, 8, 50, 53, 66, 2, 34, 4, 52, 49, 0, 94, 71, 13]|[1, 1, 0, 1, 1, 0, 1, 2, 2, 1, 2, 2, 2, 1, 1, 0, 0, 0, 0, 2, 2, 0, 1, 2, 0, 1, 2, 2, 0, 0, 1, 2, 1, 2, 1, 0, 2, 1, 1, 1, 0, 1, 1, 1, 0, 2, 1, 2, 0, 0, 0, 0, 1, 1, 2, 1, 2, 1, 0, 0, 2, 1, 0, 1, 2, 1, 2, 1, 1, 1, 0, 1, 1, 0, 1, 1, 1, 0, 1, 1, 0, 2, 2, 0, 1, 0, 0, 1, 0, 0, 2, 0, 2, 1, 2, 0, 0, 1, 2, 0]|[4, 3, 2, 2, 4, 1, 2, 2, 1, 4, 0, 1, 2, 4, 4, 1, 2, 1, 2, 1, 1, 1, 1, 2, 1, 2, 1, 1, 1, 1, 1, 2, 3, 0, 4, 0, 1, 4, 0, 3, 2, 2, 2, 0, 1, 1, 0, 2, 0, 1, 2, 2, 1, 4, 0, 3, 1, 4, 1, 2, 2, 3, 1, 1, 1, 3, 0, 4, 3, 1, 1, 1, 1, 0, 4, 4, 4, 1, 3, 1, 1, 0, 1, 2, 1, 1, 2, 3, 1, 2, 0, 2, 1, 4, 1, 1, 2, 4, 1, 2]|[0, 2, 1, 1, 3, 0, 1, 0, 0, 0, 0, 0, 1, 0, 1, 0, 0, 0, 1, 0, 0, 0, 3, 1, 0, 2, 0, 0, 0, 1, 3, 0, 0, 0, 3, 0, 1, 3, 0, 2, 1, 1, 1, 0, 0, 0, 0, 0, 1, 0, 0, 0, 1, 3, 0, 0, 0, 2, 0, 1, 0, 2, 0, 1, 0, 2, 1, 0, 0, 1, 0, 3, 1, 1, 3, 3, 1, 0, 0, 2, 0, 0, 0, 0, 1, 0, 1, 2, 0, 1, 0, 0, 0, 0, 0, 1, 0, 2, 0, 0],789.0469836246521,56736.66854690487,109055.00294687356,false
6,G4_BALANCED,G2_TEC,[31, 22, 82, 15, 26, 9, 95, 42, 77, 4, 47, 5, 93, 78, 86, 54, 85, 63, 18, 44, 20, 49, 36, 14, 74, 50, 53, 17, 21, 45, 71, 64, 3, 23, 30, 83, 24, 41, 60, 52, 65, 27, 90, 70, 39, 87, 48, 69, 99, 68, 46, 1, 38, 58, 97, 59, 28, 8, 73, 37, 35, 79, 11, 66, 76, 57, 40, 80, 96, 6, 16, 61, 33, 98, 32, 34, 51, 67, 10, 7, 56, 43, 62, 19, 91, 13, 75, 92, 0, 81, 2, 55, 88, 72, 29, 25, 12, 94, 89, 84]|[2, 1, 2, 1, 1, 2, 1, 1, 1, 1, 1, 0, 2, 2, 1, 2, 0, 0, 0, 2, 2, 1, 0, 2, 0, 2, 2, 1, 0, 1, 1, 1, 0, 0, 1, 0, 2, 1, 2, 2, 0, 1, 1, 1, 0, 2, 0, 2, 1, 0, 0, 2, 2, 0, 2, 0, 2, 1, 0, 0, 2, 1, 0, 2, 2, 0, 2, 2, 0, 1, 0, 1, 1, 0, 0, 1, 1, 0, 1, 2, 2, 1, 0, 2, 1, 0, 0, 0, 0, 1, 2, 0, 1, 1, 1, 1, 1, 1, 1, 0]|[0, 3, 0, 2, 4, 1, 4, 4, 2, 4, 3, 2, 1, 0, 2, 1, 1, 1, 2, 1, 2, 3, 0, 1, 0, 1, 1, 4, 1, 0, 3, 2, 2, 0, 4, 1, 1, 4, 0, 1, 2, 2, 4, 4, 1, 1, 0, 2, 3, 1, 2, 1, 2, 1, 1, 2, 1, 3, 0, 2, 2, 3, 1, 0, 1, 0, 0, 1, 2, 4, 1, 3, 4, 1, 2, 4, 3, 1, 3, 1, 0, 4, 2, 0, 3, 2, 2, 2, 2, 1, 1, 2, 4, 4, 3, 4, 3, 4, 4, 2]|[0, 2, 0, 1, 3, 0, 1, 3, 0, 0, 2, 0, 1, 0, 1, 0, 0, 0, 1, 0, 0, 2, 0, 0, 1, 0, 0, 3, 0, 1, 0, 2, 0, 0, 3, 0, 1, 3, 1, 0, 0, 1, 1, 3, 0, 0, 1, 0, 2, 0, 0, 0, 0, 0, 1, 0, 0, 0, 1, 1, 0, 2, 0, 0, 0, 1, 0, 0, 0, 2, 0, 0, 1, 0, 0, 2, 0, 0, 3, 0, 0, 2, 1, 0, 0, 0, 1, 0, 0, 1, 0, 0, 1, 2, 0, 3, 0, 2, 1, 1],912.877319724525,53649.845030311975,117820.15849824226,true
6,G2_TEC,G2_TEC,[31, 22, 82, 15, 26, 9, 95, 42, 77, 4, 47, 5, 93, 78, 86, 54, 85, 63, 18, 44, 20, 49, 36, 14, 74, 50, 53, 17, 21, 45, 71, 64, 3, 23, 30, 83, 24, 41, 60, 52, 65, 27, 90, 70, 39, 87, 48, 69, 99, 68, 46, 1, 38, 58, 97, 59, 28, 8, 73, 37, 35, 79, 11, 66, 76, 57, 40, 80, 96, 6, 16, 61, 33, 98, 32, 34, 51, 67, 10, 7, 56, 43, 62, 25, 91, 13, 29, 92, 0, 81, 2, 55, 88, 72, 75, 19, 12, 94, 89, 84]|[2, 1, 2, 1, 1, 2, 1, 1, 1, 1, 1, 0, 2, 2, 1, 2, 0, 0, 0, 2, 2, 1, 0, 2, 0, 2, 2, 1, 0, 1, 1, 1, 0, 0, 1, 0, 2, 1, 2, 2, 0, 1, 1, 1, 0, 2, 0, 2, 1, 0, 0, 2, 2, 0, 2, 0, 2, 1, 0, 0, 2, 1, 0, 2, 2, 0, 1, 2, 0, 1, 2, 1, 1, 0, 0, 1, 1, 0, 1, 2, 2, 1, 0, 2, 1, 0, 1, 0, 0, 1, 2, 0, 1, 1, 0, 1, 1, 1, 1, 0]|[0, 3, 0, 2, 4, 1, 4, 4, 2, 4, 3, 2, 1, 0, 2, 1, 1, 1, 2, 1, 2, 3, 0, 1, 0, 1, 1, 4, 1, 4, 3, 2, 2, 0, 4, 1, 1, 4, 0, 1, 2, 2, 4, 4, 1, 1, 0, 2, 3, 1, 2, 1, 2, 1, 1, 2, 1, 3, 0, 2, 2, 3, 1, 0, 1, 0, 4, 1, 2, 4, 1, 3, 4, 1, 2, 4, 3, 1, 3, 1, 0, 4, 2, 0, 3, 2, 3, 2, 2, 1, 1, 2, 4, 4, 2, 4, 3, 4, 4, 2]|[0, 2, 0, 1, 3, 0, 1, 3, 0, 0, 2, 0, 1, 0, 1, 0, 0, 0, 1, 0, 0, 2, 0, 0, 1, 0, 0, 3, 0, 1, 0, 2, 0, 0, 3, 0, 1, 3, 1, 0, 0, 1, 1, 3, 0, 0, 1, 0, 2, 0, 0, 0, 0, 0, 1, 0, 0, 0, 1, 1, 0, 2, 0, 0, 0, 1, 2, 0, 0, 2, 0, 0, 1, 0, 0, 2, 0, 0, 3, 0, 0, 2, 1, 0, 0, 0, 0, 0, 0, 1, 0, 0, 1, 2, 0, 3, 0, 2, 1, 1],894.5436151372168,53230.024676189925,120890.61091078934,false
6,G3_TWC,G3_TWC,[31, 22, 82, 15, 26, 9, 95, 42, 77, 12, 47, 5, 93, 78, 86, 96, 85, 63, 18, 44, 20, 35, 43, 97, 91, 76, 10, 30, 21, 45, 71, 64, 72, 23, 17, 83, 24, 41, 60, 36, 6, 57, 40, 88, 65, 56, 79, 69, 67, 68, 46, 75, 38, 58, 19, 32, 81, 48, 27, 62, 87, 90, 99, 59, 11, 16, 1, 73, 70, 39, 37, 84, 3, 92, 25, 55, 28, 51, 29, 7, 66, 61, 98, 14, 89, 50, 33, 54, 80, 53, 8, 2, 34, 4, 52, 49, 0, 94, 74, 13]|[1, 1, 0, 1, 1, 0, 1, 2, 2, 1, 2, 2, 2, 1, 1, 0, 0, 1, 0, 2, 2, 0, 1, 2, 0, 1, 2, 2, 0, 0, 1, 2, 1, 0, 1, 0, 2, 0, 1, 1, 0, 1, 1, 1, 0, 2, 1, 2, 0, 0, 0, 0, 1, 1, 2, 1, 2, 1, 0, 0, 2, 1, 0, 1, 2, 1, 2, 1, 1, 1, 1, 1, 1, 0, 1, 1, 0, 0, 0, 1, 2, 1, 0, 0, 1, 0, 0, 0, 0, 0, 1, 0, 2, 1, 1, 0, 0, 1, 2, 0]|[4, 3, 2, 2, 4, 1, 2, 2, 2, 4, 1, 1, 2, 4, 4, 1, 2, 4, 2, 1, 1, 1, 1, 2, 1, 2, 1, 1, 1, 1, 3, 2, 3, 0, 4, 0, 1, 1, 0, 3, 2, 2, 2, 0, 1, 1, 0, 2, 0, 1, 2, 2, 1, 0, 0, 3, 2, 4, 1, 2, 2, 3, 1, 1, 1, 3, 0, 4, 3, 1, 4, 1, 1, 0, 4, 4, 2, 1, 1, 1, 1, 3, 1, 1, 1, 1, 2, 1, 1, 2, 3, 2, 1, 4, 1, 1, 2, 4, 1, 2]|[0, 2, 1, 1, 3, 0, 1, 0, 0, 0, 0, 0, 1, 0, 1, 0, 0, 3, 1, 0, 0, 0, 3, 1, 0, 2, 0, 0, 0, 1, 0, 0, 0, 0, 3, 0, 1, 0, 0, 2, 1, 1, 1, 0, 0, 0, 0, 0, 1, 0, 0, 0, 1, 3, 0, 0, 1, 2, 0, 1, 0, 2, 0, 1, 0, 2, 1, 0, 0, 1, 1, 3, 1, 1, 3, 3, 1, 0, 0, 2, 0, 0, 0, 0, 1, 0, 1, 0, 0, 1, 2, 0, 0, 0, 1, 1, 0, 2, 0, 0],853.2001582481751,56809.63994118179,97206.19054843111,false
6,G1_CMAX,G3_TWC,[31, 22, 82, 15, 26, 9, 95, 42, 77, 12, 47, 5, 93, 78, 86, 54, 85, 63, 18, 44, 20, 35, 43, 97, 91, 76, 10, 30, 21, 45, 71, 64, 1, 23, 17, 83, 24, 41, 60, 36, 6, 57, 40, 88, 65, 56, 79, 69, 67, 68, 46, 75, 38, 58, 19, 32, 81, 48, 27, 62, 87, 90, 99, 59, 11, 16, 72, 73, 70, 39, 37, 84, 3, 92, 25, 55, 28, 29, 51, 7, 66, 61, 98, 33, 89, 50, 14, 96, 80, 53, 8, 2, 13, 4, 52, 49, 0, 94, 74, 34]|[1, 1, 0, 1, 1, 0, 1, 2, 2, 1, 2, 2, 2, 1, 1, 0, 0, 1, 0, 2, 2, 0, 1, 2, 0, 1, 2, 2, 0, 0, 1, 2, 1, 2, 1, 0, 2, 0, 1, 1, 0, 1, 1, 1, 0, 2, 1, 2, 0, 0, 0, 0, 1, 1, 2, 1, 2, 1, 0, 0, 2, 1, 0, 1, 2, 1, 2, 1, 1, 1, 1, 1, 1, 0, 1, 1, 0, 0, 0, 1, 0, 1, 0, 2, 1, 0, 0, 0, 0, 0, 1, 0, 0, 1, 1, 0, 0, 1, 2, 2]|[4, 3, 2, 2, 4, 1, 2, 2, 2, 4, 1, 1, 2, 4, 4, 1, 2, 4, 2, 1, 1, 1, 1, 2, 1, 2, 1, 1, 1, 1, 3, 2, 3, 0, 4, 0, 1, 1, 0, 3, 2, 2, 2, 0, 1, 1, 0, 2, 0, 1, 2, 2, 1, 0, 0, 3, 2, 4, 1, 2, 2, 3, 1, 1, 1, 3, 0, 4, 3, 1, 4, 1, 1, 0, 4, 4, 2, 1, 1, 1, 2, 3, 1, 1, 1, 1, 1, 1, 1, 2, 3, 2, 2, 4, 1, 1, 2, 4, 1, 1]|[0, 2, 1, 1, 3, 0, 1, 0, 0, 0, 0, 0, 1, 0, 1, 0, 0, 3, 1, 0, 0, 0, 3, 1, 0, 2, 0, 0, 0, 1, 0, 0, 0, 0, 3, 0, 1, 0, 0, 2, 1, 1, 1, 0, 0, 0, 0, 0, 1, 0, 0, 0, 1, 3, 0, 0, 1, 2, 0, 1, 0, 2, 0, 1, 0, 2, 1, 0, 0, 1, 1, 3, 1, 1, 3, 3, 1, 0, 0, 2, 1, 0, 0, 0, 1, 0, 0, 0, 0, 1, 2, 0, 0, 0, 1, 1, 0, 2, 0, 0],811.8133928951363,57372.24425303656,98182.78446947367,true
6,G4_BALANCED,G2_TEC,[31, 22, 82, 15, 26, 9, 95, 42, 77, 4, 47, 5, 93, 78, 86, 54, 85, 63, 18, 44, 20, 49, 36, 14, 74, 50, 53, 17, 21, 45, 71, 64, 3, 23, 30, 83, 24, 41, 60, 52, 65, 27, 90, 70, 39, 87, 48, 69, 99, 68, 46, 1, 38, 58, 97, 59, 28, 8, 73, 37, 35, 79, 11, 66, 76, 57, 40, 80, 96, 6, 16, 61, 33, 98, 32, 34, 51, 67, 10, 7, 56, 43, 62, 19, 91, 13, 75, 92, 0, 81, 2, 55, 88, 72, 29, 25, 12, 94, 89, 84]|[2, 1, 2, 1, 1, 2, 1, 1, 1, 1, 1, 0, 2, 2, 1, 2, 0, 0, 0, 2, 2, 1, 0, 2, 0, 2, 2, 1, 0, 1, 1, 1, 0, 0, 1, 0, 2, 1, 2, 2, 0, 1, 1, 1, 0, 2, 0, 2, 1, 0, 0, 2, 2, 0, 2, 0, 2, 1, 0, 0, 2, 1, 0, 2, 2, 0, 2, 2, 0, 1, 0, 1, 1, 0, 0, 1, 1, 0, 1, 2, 2, 1, 0, 2, 1, 0, 0, 0, 0, 1, 2, 0, 1, 1, 1, 1, 1, 1, 1, 0]|[0, 3, 0, 2, 4, 1, 4, 4, 2, 4, 3, 2, 1, 0, 2, 1, 1, 1, 2, 1, 2, 3, 0, 1, 0, 1, 1, 4, 1, 0, 3, 2, 2, 0, 4, 1, 1, 4, 0, 1, 2, 2, 4, 4, 1, 1, 0, 2, 3, 1, 2, 1, 2, 1, 1, 2, 1, 3, 0, 2, 2, 3, 1, 0, 1, 0, 0, 1, 2, 4, 1, 3, 4, 1, 2, 4, 3, 1, 3, 1, 0, 4, 2, 0, 3, 2, 2, 2, 2, 1, 1, 2, 4, 4, 3, 4, 3, 4, 4, 2]|[0, 2, 0, 1, 3, 0, 1, 3, 0, 0, 2, 0, 1, 0, 1, 0, 0, 0, 1, 0, 0, 2, 0, 0, 1, 0, 0, 3, 0, 1, 0, 2, 0, 0, 3, 0, 1, 3, 1, 0, 0, 1, 1, 3, 0, 0, 1, 0, 2, 0, 0, 0, 0, 0, 1, 0, 0, 0, 1, 1, 0, 2, 0, 0, 0, 1, 0, 0, 0, 2, 0, 0, 1, 0, 0, 2, 0, 0, 3, 0, 0, 2, 1, 0, 0, 0, 1, 0, 0, 1, 0, 0, 1, 2, 0, 3, 0, 2, 1, 1],912.877319724525,53649.845030311975,117820.15849824226,true
6,G2_TEC,G2_TEC,[31, 22, 82, 15, 26, 9, 95, 42, 77, 4, 47, 5, 93, 78, 86, 54, 85, 63, 18, 44, 20, 49, 36, 14, 74, 50, 53, 17, 21, 45, 71, 64, 3, 23, 30, 83, 24, 41, 60, 52, 65, 27, 90, 70, 39, 87, 48, 69, 99, 68, 46, 1, 38, 58, 97, 59, 28, 8, 73, 37, 35, 79, 11, 66, 76, 57, 40, 80, 96, 6, 16, 61, 33, 98, 32, 34, 51, 67, 10, 7, 56, 43, 62, 25, 91, 13, 29, 92, 0, 81, 2, 55, 88, 72, 75, 19, 12, 94, 89, 84]|[2, 1, 2, 1, 1, 2, 1, 1, 1, 1, 1, 0, 2, 2, 1, 2, 0, 0, 0, 2, 2, 1, 0, 2, 0, 2, 2, 1, 0, 1, 1, 1, 0, 0, 1, 0, 2, 1, 2, 2, 0, 1, 1, 1, 0, 2, 0, 2, 1, 0, 0, 2, 2, 0, 2, 0, 2, 1, 0, 0, 2, 1, 0, 2, 2, 0, 1, 2, 0, 1, 2, 1, 1, 0, 0, 1, 1, 0, 1, 2, 2, 1, 0, 2, 1, 0, 1, 0, 0, 1, 2, 0, 1, 1, 0, 1, 1, 1, 1, 0]|[0, 3, 0, 2, 4, 1, 4, 4, 2, 4, 3, 2, 1, 0, 2, 1, 1, 1, 2, 1, 2, 3, 0, 1, 0, 1, 1, 4, 1, 4, 3, 2, 2, 0, 4, 1, 1, 4, 0, 1, 2, 2, 4, 4, 1, 1, 0, 2, 3, 1, 2, 1, 2, 1, 1, 2, 1, 3, 0, 2, 2, 3, 1, 0, 1, 0, 4, 1, 2, 4, 1, 3, 4, 1, 2, 4, 3, 1, 3, 1, 0, 4, 2, 0, 3, 2, 3, 2, 2, 1, 1, 2, 4, 4, 2, 4, 3, 4, 4, 2]|[0, 2, 0, 1, 3, 0, 1, 3, 0, 0, 2, 0, 1, 0, 1, 0, 0, 0, 1, 0, 0, 2, 0, 0, 1, 0, 0, 3, 0, 1, 0, 2, 0, 0, 3, 0, 1, 3, 1, 0, 0, 1, 1, 3, 0, 0, 1, 0, 2, 0, 0, 0, 0, 0, 1, 0, 0, 0, 1, 1, 0, 2, 0, 0, 0, 1, 2, 0, 0, 2, 0, 0, 1, 0, 0, 2, 0, 0, 3, 0, 0, 2, 1, 0, 0, 0, 0, 0, 0, 1, 0, 0, 1, 2, 0, 3, 0, 2, 1, 1],894.5436151372168,53230.024676189925,120890.61091078934,false
6,G3_TWC,G1_CMAX,[31, 22, 82, 15, 73, 9, 95, 42, 77, 12, 47, 98, 93, 78, 86, 54, 85, 63, 18, 44, 20, 35, 43, 97, 37, 76, 10, 30, 21, 45, 61, 64, 1, 23, 17, 83, 24, 41, 60, 36, 6, 57, 40, 88, 65, 56, 79, 69, 67, 68, 46, 75, 38, 58, 19, 32, 81, 48, 27, 62, 87, 90, 99, 59, 11, 16, 72, 26, 70, 89, 91, 84, 3, 92, 25, 55, 28, 51, 29, 7, 96, 74, 5, 14, 39, 80, 33, 8, 50, 53, 66, 2, 34, 4, 52, 49, 0, 94, 71, 13]|[1, 1, 0, 1, 1, 0, 1, 2, 2, 1, 2, 2, 2, 1, 1, 0, 0, 0, 0, 2, 2, 0, 1, 2, 0, 1, 2, 2, 0, 0, 1, 2, 1, 2, 1, 0, 2, 1, 1, 1, 0, 1, 1, 1, 0, 2, 1, 2, 0, 0, 0, 0, 1, 1, 2, 1, 2, 1, 0, 0, 2, 1, 0, 1, 2, 1, 2, 1, 1, 1, 0, 1, 1, 0, 1, 1, 1, 0, 1, 1, 0, 2, 2, 0, 1, 0, 0, 1, 0, 0, 2, 0, 2, 1, 2, 0, 0, 1, 2, 0]|[4, 3, 2, 2, 4, 1, 2, 2, 1, 4, 0, 1, 2, 4, 4, 1, 2, 1, 2, 1, 1, 1, 1, 2, 1, 2, 1, 1, 1, 1, 1, 2, 3, 0, 4, 0, 1, 4, 0, 3, 2, 2, 2, 0, 1, 1, 0, 2, 0, 1, 2, 2, 1, 4, 0, 3, 1, 4, 1, 2, 2, 3, 1, 1, 1, 3, 0, 4, 3, 1, 1, 1, 1, 0, 4, 4, 4, 1, 3, 1, 1, 0, 1, 2, 1, 1, 2, 3, 1, 2, 0, 2, 1, 4, 1, 1, 2, 4, 1, 2]|[0, 2, 1, 1, 3, 0, 1, 0, 0, 0, 0, 0, 1, 0, 1, 0, 0, 0, 1, 0, 0, 0, 3, 1, 0, 2, 0, 0, 0, 1, 3, 0, 0, 0, 3, 0, 1, 3, 0, 2, 1, 1, 1, 0, 0, 0, 0, 0, 1, 0, 0, 0, 1, 3, 0, 0, 0, 2, 0, 1, 0, 2, 0, 1, 0, 2, 1, 0, 0, 1, 0, 3, 1, 1, 3, 3, 1, 0, 0, 2, 0, 0, 0, 0, 1, 0, 1, 2, 0, 1, 0, 0, 0, 0, 0, 1, 0, 2, 0, 0],789.0469836246521,56736.66854690487,109055.00294687356,true
6,G1_CMAX,G4_BALANCED,[31, 22, 82, 15, 26, 9, 90, 42, 77, 4, 47, 5, 93, 78, 86, 54, 32, 63, 18, 44, 20, 49, 36, 14, 74, 50, 53, 17, 21, 45, 71, 64, 3, 23, 30, 83, 24, 41, 60, 52, 65, 27, 95, 70, 39, 87, 48, 69, 99, 68, 46, 1, 38, 58, 97, 59, 28, 8, 73, 37, 35, 79, 11, 89, 76, 57, 72, 16, 92, 6, 80, 61, 33, 98, 85, 34, 62, 67, 10, 7, 19, 43, 51, 56, 91, 13, 29, 96, 0, 81, 2, 40, 88, 55, 75, 25, 12, 94, 66, 84]|[2, 1, 2, 1, 1, 2, 1, 1, 1, 1, 1, 0, 2, 2, 1, 2, 0, 0, 0, 2, 2, 1, 0, 2, 0, 2, 2, 1, 0, 1, 1, 1, 0, 1, 1, 0, 2, 1, 2, 2, 0, 1, 1, 1, 0, 2, 0, 2, 1, 0, 0, 2, 2, 0, 2, 0, 2, 1, 0, 0, 2, 1, 0, 1, 2, 1, 1, 1, 0, 1, 2, 1, 1, 0, 0, 1, 0, 0, 1, 2, 2, 2, 0, 0, 1, 0, 1, 0, 0, 1, 2, 2, 1, 0, 0, 1, 1, 1, 2, 0]|[0, 3, 0, 2, 4, 1, 4, 4, 2, 4, 3, 2, 1, 0, 2, 1, 1, 1, 2, 1, 2, 3, 0, 1, 0, 1, 1, 4, 1, 0, 3, 2, 2, 3, 4, 1, 1, 4, 0, 1, 2, 2, 4, 4, 1, 1, 0, 2, 3, 1, 2, 1, 2, 1, 1, 2, 0, 3, 0, 2, 2, 3, 1, 4, 1, 4, 4, 0, 0, 4, 1, 3, 4, 1, 1, 4, 2, 1, 3, 1, 0, 1, 0, 2, 3, 2, 3, 2, 2, 1, 1, 0, 4, 2, 2, 4, 3, 4, 0, 2]|[0, 2, 0, 1, 3, 0, 1, 3, 0, 0, 2, 0, 1, 0, 1, 0, 0, 0, 1, 0, 0, 2, 0, 0, 1, 0, 0, 3, 0, 1, 0, 2, 0, 0, 3, 0, 1, 3, 1, 0, 0, 1, 1, 3, 0, 0, 1, 0, 2, 0, 0, 0, 0, 0, 1, 0, 0, 0, 1, 1, 0, 2, 0, 1, 0, 1, 2, 1, 1, 2, 0, 0, 1, 0, 0, 2, 1, 0, 3, 0, 0, 0, 0, 1, 0, 0, 0, 0, 0, 1, 0, 0, 1, 0, 0, 3, 0, 2, 0, 1],869.9021436554237,54245.71985401379,117541.61301579599,true
6,G4_BALANCED,G2_TEC,[31, 22, 82, 15, 26, 9, 95, 42, 77, 4, 47, 5, 93, 78, 86, 54, 85, 63, 18, 44, 20, 49, 36, 14, 74, 50, 53, 17, 21, 45, 71, 64, 3, 23, 30, 83, 24, 41, 60, 52, 65, 27, 90, 70, 39, 87, 48, 69, 99, 68, 46, 1, 38, 58, 97, 59, 28, 8, 73, 37, 35, 79, 11, 66, 76, 57, 40, 80, 96, 6, 16, 61, 33, 98, 32, 34, 51, 67, 10, 7, 56, 43, 62, 19, 91, 13, 75, 92, 0, 81, 2, 55, 88, 72, 29, 25, 12, 94, 89, 84]|[2, 1, 2, 1, 1, 2, 1, 1, 1, 1, 1, 0, 2, 2, 1, 2, 0, 0, 0, 2, 2, 1, 0, 2, 0, 2, 2, 1, 0, 1, 1, 1, 0, 0, 1, 0, 2, 1, 2, 2, 0, 1, 1, 1, 0, 2, 0, 2, 1, 0, 0, 2, 2, 0, 2, 0, 2, 1, 0, 0, 2, 1, 0, 2, 2, 0, 2, 2, 0, 1, 0, 1, 1, 0, 0, 1, 1, 0, 1, 2, 2, 1, 0, 2, 1, 0, 0, 0, 0, 1, 2, 0, 1, 1, 1, 1, 1, 1, 1, 0]|[0, 3, 0, 2, 4, 1, 4, 4, 2, 4, 3, 2, 1, 0, 2, 1, 1, 1, 2, 1, 2, 3, 0, 1, 0, 1, 1, 4, 1, 0, 3, 2, 2, 0, 4, 1, 1, 4, 0, 1, 2, 2, 4, 4, 1, 1, 0, 2, 3, 1, 2, 1, 2, 1, 1, 2, 1, 3, 0, 2, 2, 3, 1, 0, 1, 0, 0, 1, 2, 4, 1, 3, 4, 1, 2, 4, 3, 1, 3, 1, 0, 4, 2, 0, 3, 2, 2, 2, 2, 1, 1, 2, 4, 4, 3, 4, 3, 4, 4, 2]|[0, 2, 0, 1, 3, 0, 1, 3, 0, 0, 2, 0, 1, 0, 1, 0, 0, 0, 1, 0, 0, 2, 0, 0, 1, 0, 0, 3, 0, 1, 0, 2, 0, 0, 3, 0, 1, 3, 1, 0, 0, 1, 1, 3, 0, 0, 1, 0, 2, 0, 0, 0, 0, 0, 1, 0, 0, 0, 1, 1, 0, 2, 0, 0, 0, 1, 0, 0, 0, 2, 0, 0, 1, 0, 0, 2, 0, 0, 3, 0, 0, 2, 1, 0, 0, 0, 1, 0, 0, 1, 0, 0, 1, 2, 0, 3, 0, 2, 1, 1],912.877319724525,53649.845030311975,117820.15849824226,true
6,G2_TEC,G2_TEC,[31, 22, 82, 15, 26, 9, 95, 42, 77, 4, 47, 5, 93, 78, 86, 54, 85, 63, 18, 44, 20, 49, 36, 14, 74, 50, 53, 17, 21, 45, 71, 64, 3, 23, 30, 83, 24, 41, 60, 52, 65, 27, 90, 70, 39, 87, 48, 69, 99, 68, 46, 1, 38, 58, 97, 59, 28, 8, 73, 37, 35, 79, 11, 66, 76, 57, 40, 80, 96, 6, 16, 61, 33, 98, 32, 34, 51, 67, 10, 7, 56, 43, 62, 25, 91, 13, 29, 92, 0, 81, 2, 55, 88, 72, 75, 19, 12, 94, 89, 84]|[2, 1, 2, 1, 1, 2, 1, 1, 1, 1, 1, 0, 2, 2, 1, 2, 0, 0, 0, 2, 2, 1, 0, 2, 0, 2, 2, 1, 0, 1, 1, 1, 0, 0, 1, 0, 2, 1, 2, 2, 0, 1, 1, 1, 0, 2, 0, 2, 1, 0, 0, 2, 2, 0, 2, 0, 2, 1, 0, 0, 2, 1, 0, 2, 2, 0, 1, 2, 0, 1, 2, 1, 1, 0, 0, 1, 1, 0, 1, 2, 2, 1, 0, 2, 1, 0, 1, 0, 0, 1, 2, 0, 1, 1, 0, 1, 1, 1, 1, 0]|[0, 3, 0, 2, 4, 1, 4, 4, 2, 4, 3, 2, 1, 0, 2, 1, 1, 1, 2, 1, 2, 3, 0, 1, 0, 1, 1, 4, 1, 4, 3, 2, 2, 0, 4, 1, 1, 4, 0, 1, 2, 2, 4, 4, 1, 1, 0, 2, 3, 1, 2, 1, 2, 1, 1, 2, 1, 3, 0, 2, 2, 3, 1, 0, 1, 0, 4, 1, 2, 4, 1, 3, 4, 1, 2, 4, 3, 1, 3, 1, 0, 4, 2, 0, 3, 2, 3, 2, 2, 1, 1, 2, 4, 4, 2, 4, 3, 4, 4, 2]|[0, 2, 0, 1, 3, 0, 1, 3, 0, 0, 2, 0, 1, 0, 1, 0, 0, 0, 1, 0, 0, 2, 0, 0, 1, 0, 0, 3, 0, 1, 0, 2, 0, 0, 3, 0, 1, 3, 1, 0, 0, 1, 1, 3, 0, 0, 1, 0, 2, 0, 0, 0, 0, 0, 1, 0, 0, 0, 1, 1, 0, 2, 0, 0, 0, 1, 2, 0, 0, 2, 0, 0, 1, 0, 0, 2, 0, 0, 3, 0, 0, 2, 1, 0, 0, 0, 0, 0, 0, 1, 0, 0, 1, 2, 0, 3, 0, 2, 1, 1],894.5436151372168,53230.024676189925,120890.61091078934,false
6,G3_TWC,G1_CMAX,[31, 22, 82, 15, 73, 9, 95, 42, 77, 12, 47, 98, 93, 78, 86, 54, 85, 63, 18, 44, 20, 35, 43, 97, 37, 76, 10, 30, 21, 45, 61, 64, 1, 23, 17, 83, 24, 41, 60, 36, 6, 57, 40, 88, 65, 56, 79, 69, 67, 68, 46, 75, 38, 58, 19, 32, 81, 48, 27, 62, 87, 90, 99, 59, 11, 16, 72, 26, 70, 89, 91, 84, 3, 92, 25, 55, 28, 51, 29, 7, 96, 74, 5, 14, 39, 80, 33, 8, 50, 53, 66, 2, 34, 4, 52, 49, 0, 94, 71, 13]|[1, 1, 0, 1, 1, 0, 1, 2, 2, 1, 2, 2, 2, 1, 1, 0, 0, 0, 0, 2, 2, 0, 1, 2, 0, 1, 2, 2, 0, 0, 1, 2, 1, 2, 1, 0, 2, 1, 1, 1, 0, 1, 1, 1, 0, 2, 1, 2, 0, 0, 0, 0, 1, 1, 2, 1, 2, 1, 0, 0, 2, 1, 0, 1, 2, 1, 2, 1, 1, 1, 0, 1, 1, 0, 1, 1, 1, 0, 1, 1, 0, 2, 2, 0, 1, 0, 0, 1, 0, 0, 2, 0, 2, 1, 2, 0, 0, 1, 2, 0]|[4, 3, 2, 2, 4, 1, 2, 2, 1, 4, 0, 1, 2, 4, 4, 1, 2, 1, 2, 1, 1, 1, 1, 2, 1, 2, 1, 1, 1, 1, 1, 2, 3, 0, 4, 0, 1, 4, 0, 3, 2, 2, 2, 0, 1, 1, 0, 2, 0, 1, 2, 2, 1, 4, 0, 3, 1, 4, 1, 2, 2, 3, 1, 1, 1, 3, 0, 4, 3, 1, 1, 1, 1, 0, 4, 4, 4, 1, 3, 1, 1, 0, 1, 2, 1, 1, 2, 3, 1, 2, 0, 2, 1, 4, 1, 1, 2, 4, 1, 2]|[0, 2, 1, 1, 3, 0, 1, 0, 0, 0, 0, 0, 1, 0, 1, 0, 0, 0, 1, 0, 0, 0, 3, 1, 0, 2, 0, 0, 0, 1, 3, 0, 0, 0, 3, 0, 1, 3, 0, 2, 1, 1, 1, 0, 0, 0, 0, 0, 1, 0, 0, 0, 1, 3, 0, 0, 0, 2, 0, 1, 0, 2, 0, 1, 0, 2, 1, 0, 0, 1, 0, 3, 1, 1, 3, 3, 1, 0, 0, 2, 0, 0, 0, 0, 1, 0, 1, 2, 0, 1, 0, 0, 0, 0, 0, 1, 0, 2, 0, 0],789.0469836246521,56736.66854690487,109055.00294687356,true
6,G1_CMAX,G4_BALANCED,[31, 22, 82, 15, 26, 9, 90, 42, 77, 4, 47, 5, 93, 78, 86, 54, 32, 63, 18, 44, 20, 49, 36, 14, 74, 50, 53, 17, 21, 45, 71, 64, 3, 23, 30, 83, 24, 41, 60, 52, 65, 27, 95, 70, 39, 87, 48, 69, 99, 68, 46, 1, 38, 58, 97, 59, 28, 8, 73, 37, 35, 79, 11, 89, 76, 57, 72, 16, 92, 6, 80, 61, 33, 98, 85, 34, 62, 67, 10, 7, 19, 43, 51, 56, 91, 13, 29, 96, 0, 81, 2, 40, 88, 55, 75, 25, 12, 94, 66, 84]|[2, 1, 2, 1, 1, 2, 1, 1, 1, 1, 1, 0, 2, 2, 1, 2, 0, 0, 0, 2, 2, 1, 0, 2, 0, 2, 2, 1, 0, 1, 1, 1, 0, 1, 1, 0, 2, 1, 2, 2, 0, 1, 1, 1, 0, 2, 0, 2, 1, 0, 0, 2, 2, 0, 2, 0, 2, 1, 0, 0, 2, 1, 0, 1, 2, 1, 1, 1, 0, 1, 2, 1, 1, 0, 0, 1, 0, 0, 1, 2, 2, 2, 0, 0, 1, 0, 1, 0, 0, 1, 2, 2, 1, 0, 0, 1, 1, 1, 2, 0]|[0, 3, 0, 2, 4, 1, 4, 4, 2, 4, 3, 2, 1, 0, 2, 1, 1, 1, 2, 1, 2, 3, 0, 1, 0, 1, 1, 4, 1, 0, 3, 2, 2, 3, 4, 1, 1, 4, 0, 1, 2, 2, 4, 4, 1, 1, 0, 2, 3, 1, 2, 1, 2, 1, 1, 2, 0, 3, 0, 2, 2, 3, 1, 4, 1, 4, 4, 0, 0, 4, 1, 3, 4, 1, 1, 4, 2, 1, 3, 1, 0, 1, 0, 2, 3, 2, 3, 2, 2, 1, 1, 0, 4, 2, 2, 4, 3, 4, 0, 2]|[0, 2, 0, 1, 3, 0, 1, 3, 0, 0, 2, 0, 1, 0, 1, 0, 0, 0, 1, 0, 0, 2, 0, 0, 1, 0, 0, 3, 0, 1, 0, 2, 0, 0, 3, 0, 1, 3, 1, 0, 0, 1, 1, 3, 0, 0, 1, 0, 2, 0, 0, 0, 0, 0, 1, 0, 0, 0, 1, 1, 0, 2, 0, 1, 0, 1, 2, 1, 1, 2, 0, 0, 1, 0, 0, 2, 1, 0, 3, 0, 0, 0, 0, 1, 0, 0, 0, 0, 0, 1, 0, 0, 1, 0, 0, 3, 0, 2, 0, 1],869.9021436554237,54245.71985401379,117541.61301579599,true
6,G4_BALANCED,G2_TEC,[31, 22, 82, 15, 26, 9, 95, 42, 77, 4, 47, 5, 93, 78, 86, 54, 85, 63, 18, 44, 20, 49, 36, 14, 74, 50, 53, 17, 21, 45, 71, 64, 3, 23, 30, 83, 24, 41, 60, 52, 65, 27, 90, 70, 39, 87, 48, 69, 99, 68, 46, 1, 38, 58, 97, 59, 28, 8, 73, 37, 35, 79, 11, 66, 76, 57, 40, 80, 96, 6, 16, 61, 33, 98, 32, 34, 51, 67, 10, 7, 56, 43, 62, 19, 91, 13, 75, 92, 0, 81, 2, 55, 88, 72, 29, 25, 12, 94, 89, 84]|[2, 1, 2, 1, 1, 2, 1, 1, 1, 1, 1, 0, 2, 2, 1, 2, 0, 0, 0, 2, 2, 1, 0, 2, 0, 2, 2, 1, 0, 1, 1, 1, 0, 0, 1, 0, 2, 1, 2, 2, 0, 1, 1, 1, 0, 2, 0, 2, 1, 0, 0, 2, 2, 0, 2, 0, 2, 1, 0, 0, 2, 1, 0, 2, 2, 0, 2, 2, 0, 1, 0, 1, 1, 0, 0, 1, 1, 0, 1, 2, 2, 1, 0, 2, 1, 0, 0, 0, 0, 1, 2, 0, 1, 1, 1, 1, 1, 1, 1, 0]|[0, 3, 0, 2, 4, 1, 4, 4, 2, 4, 3, 2, 1, 0, 2, 1, 1, 1, 2, 1, 2, 3, 0, 1, 0, 1, 1, 4, 1, 0, 3, 2, 2, 0, 4, 1, 1, 4, 0, 1, 2, 2, 4, 4, 1, 1, 0, 2, 3, 1, 2, 1, 2, 1, 1, 2, 1, 3, 0, 2, 2, 3, 1, 0, 1, 0, 0, 1, 2, 4, 1, 3, 4, 1, 2, 4, 3, 1, 3, 1, 0, 4, 2, 0, 3, 2, 2, 2, 2, 1, 1, 2, 4, 4, 3, 4, 3, 4, 4, 2]|[0, 2, 0, 1, 3, 0, 1, 3, 0, 0, 2, 0, 1, 0, 1, 0, 0, 0, 1, 0, 0, 2, 0, 0, 1, 0, 0, 3, 0, 1, 0, 2, 0, 0, 3, 0, 1, 3, 1, 0, 0, 1, 1, 3, 0, 0, 1, 0, 2, 0, 0, 0, 0, 0, 1, 0, 0, 0, 1, 1, 0, 2, 0, 0, 0, 1, 0, 0, 0, 2, 0, 0, 1, 0, 0, 2, 0, 0, 3, 0, 0, 2, 1, 0, 0, 0, 1, 0, 0, 1, 0, 0, 1, 2, 0, 3, 0, 2, 1, 1],912.877319724525,53649.845030311975,117820.15849824226,true
6,G2_TEC,G2_TEC,[31, 22, 82, 15, 26, 9, 95, 42, 77, 4, 47, 5, 93, 78, 86, 54, 85, 63, 18, 44, 20, 49, 36, 14, 74, 50, 53, 17, 21, 45, 71, 64, 3, 23, 30, 83, 24, 41, 60, 52, 65, 27, 90, 70, 39, 87, 48, 69, 99, 68, 46, 1, 38, 58, 97, 59, 28, 8, 73, 37, 35, 79, 11, 66, 76, 57, 40, 80, 96, 6, 16, 61, 33, 98, 32, 34, 51, 67, 10, 7, 56, 43, 29, 19, 91, 13, 62, 92, 0, 81, 2, 55, 88, 84, 75, 25, 12, 94, 89, 72]|[2, 1, 2, 1, 1, 2, 1, 1, 1, 1, 1, 0, 2, 2, 1, 2, 0, 0, 0, 2, 2, 1, 0, 2, 0, 2, 2, 1, 0, 1, 1, 1, 0, 0, 1, 0, 2, 1, 2, 2, 0, 1, 1, 1, 0, 2, 0, 2, 1, 0, 0, 2, 2, 0, 2, 0, 2, 1, 0, 0, 2, 1, 0, 2, 2, 0, 2, 2, 0, 1, 2, 1, 1, 0, 0, 1, 1, 1, 1, 2, 2, 1, 1, 1, 1, 0, 0, 0, 0, 1, 2, 0, 1, 0, 0, 1, 1, 1, 1, 1]|[0, 3, 0, 2, 4, 1, 4, 4, 2, 4, 3, 2, 1, 0, 2, 1, 1, 1, 2, 1, 2, 3, 0, 1, 0, 1, 1, 4, 1, 4, 3, 2, 2, 0, 4, 1, 1, 4, 0, 1, 2, 2, 4, 4, 1, 1, 0, 2, 3, 1, 2, 1, 2, 1, 1, 2, 0, 3, 0, 2, 2, 3, 1, 0, 1, 0, 0, 1, 2, 4, 1, 3, 4, 1, 2, 4, 3, 3, 3, 1, 0, 4, 3, 4, 3, 2, 2, 2, 2, 1, 1, 2, 4, 2, 2, 4, 3, 4, 4, 4]|[0, 2, 0, 1, 3, 0, 1, 3, 0, 0, 2, 0, 1, 0, 1, 0, 0, 0, 1, 0, 0, 2, 0, 0, 1, 0, 0, 3, 0, 1, 0, 2, 0, 0, 3, 0, 1, 3, 1, 0, 0, 1, 1, 3, 0, 0, 1, 0, 2, 0, 0, 0, 0, 0, 1, 0, 0, 0, 1, 1, 0, 2, 0, 0, 0, 1, 0, 0, 0, 2, 0, 0, 1, 0, 0, 2, 0, 0, 3, 0, 0, 2, 0, 3, 0, 0, 1, 0, 0, 1, 0, 0, 2, 1, 0, 3, 0, 2, 1, 2],894.5174754386885,53069.88264179214,120490.8728779781,false
6,G3_TWC,G3_TWC,[31, 22, 82, 15, 26, 9, 95, 42, 77, 12, 47, 5, 93, 78, 86, 96, 85, 63, 18, 44, 20, 35, 43, 97, 91, 76, 10, 30, 21, 45, 71, 64, 72, 23, 17, 83, 24, 41, 60, 36, 6, 57, 40, 88, 65, 56, 79, 69, 67, 68, 46, 75, 38, 58, 19, 32, 81, 48, 27, 62, 87, 90, 99, 59, 11, 16, 1, 73, 70, 39, 37, 84, 3, 92, 25, 55, 28, 51, 29, 7, 66, 61, 98, 14, 89, 50, 8, 54, 80, 53, 4, 74, 34, 33, 52, 49, 0, 94, 2, 13]|[1, 1, 0, 1, 1, 0, 1, 2, 2, 1, 2, 2, 2, 1, 1, 0, 0, 1, 0, 2, 2, 0, 1, 2, 0, 1, 2, 2, 0, 0, 1, 2, 1, 0, 1, 0, 2, 0, 1, 1, 0, 1, 1, 1, 0, 2, 1, 2, 0, 0, 0, 0, 1, 1, 2, 1, 2, 1, 0, 0, 2, 1, 0, 1, 2, 1, 2, 1, 1, 1, 1, 1, 1, 0, 1, 1, 0, 0, 0, 1, 2, 1, 0, 0, 1, 0, 1, 0, 0, 0, 1, 2, 2, 0, 1, 0, 0, 1, 0, 0]|[4, 3, 2, 2, 4, 1, 2, 2, 2, 4, 1, 1, 2, 4, 4, 1, 2, 4, 2, 1, 1, 1, 1, 2, 1, 2, 1, 1, 1, 1, 3, 2, 3, 0, 4, 0, 1, 1, 0, 3, 2, 2, 2, 0, 1, 1, 0, 2, 0, 1, 2, 2, 1, 0, 0, 3, 2, 4, 1, 2, 2, 3, 1, 1, 1, 3, 0, 4, 3, 1, 4, 1, 1, 0, 4, 4, 2, 1, 1, 1, 1, 3, 1, 1, 1, 1, 3, 1, 1, 2, 4, 1, 1, 2, 1, 1, 2, 4, 2, 2]|[0, 2, 1, 1, 3, 0, 1, 0, 0, 0, 0, 0, 1, 0, 1, 0, 0, 3, 1, 0, 0, 0, 3, 1, 0, 2, 0, 0, 0, 1, 0, 0, 0, 0, 3, 0, 1, 0, 0, 2, 1, 1, 1, 0, 0, 0, 0, 0, 1, 0, 0, 0, 1, 3, 0, 0, 1, 2, 0, 1, 0, 2, 0, 1, 0, 2, 1, 0, 0, 1, 1, 3, 1, 1, 3, 3, 1, 0, 0, 2, 0, 0, 0, 0, 1, 0, 2, 0, 0, 1, 0, 0, 0, 1, 1, 1, 0, 2, 0, 0],846.2076922560091,56778.264829307496,97190.45389454465,false
6,G1_CMAX,G1_CMAX,[31, 95, 9, 15, 82, 22, 42, 77, 26, 8, 10, 76, 91, 97, 43, 63, 20, 44, 18, 80, 45, 78, 86, 5, 84, 89, 61, 96, 35, 33, 7, 29, 51, 28, 55, 25, 92, 50, 30, 37, 39, 70, 73, 72, 93, 16, 11, 74, 59, 99, 90, 34, 54, 27, 48, 65, 69, 81, 32, 19, 58, 38, 56, 46, 64, 68, 67, 79, 75, 62, 88, 40, 57, 6, 36, 60, 41, 24, 66, 17, 1, 85, 71, 3, 83, 14, 98, 21, 53, 12, 2, 52, 4, 87, 49, 0, 94, 23, 47, 13]|[1, 1, 0, 1, 0, 0, 2, 2, 1, 1, 2, 1, 0, 1, 0, 2, 2, 2, 0, 0, 0, 1, 1, 2, 2, 1, 1, 1, 1, 2, 1, 1, 0, 1, 1, 1, 0, 0, 2, 0, 1, 1, 1, 2, 2, 1, 2, 2, 1, 0, 1, 2, 0, 0, 1, 1, 2, 2, 1, 0, 1, 1, 2, 0, 0, 0, 0, 1, 1, 1, 1, 2, 1, 0, 1, 1, 1, 2, 2, 2, 0, 0, 1, 1, 1, 2, 0, 0, 0, 1, 0, 2, 0, 2, 0, 0, 1, 2, 2, 0]|[2, 3, 2, 4, 1, 1, 2, 1, 0, 4, 1, 2, 1, 1, 1, 1, 1, 1, 1, 2, 1, 4, 4, 1, 1, 1, 3, 3, 3, 2, 1, 3, 1, 4, 4, 4, 0, 1, 1, 1, 0, 3, 4, 0, 2, 3, 1, 0, 1, 1, 3, 1, 2, 1, 4, 3, 2, 2, 1, 2, 0, 1, 1, 2, 1, 1, 0, 0, 2, 2, 0, 0, 2, 2, 3, 0, 4, 1, 0, 2, 1, 2, 3, 1, 3, 0, 0, 1, 2, 4, 2, 1, 1, 2, 1, 2, 4, 0, 0, 2]|[1, 1, 1, 0, 0, 0, 1, 0, 3, 0, 0, 2, 0, 3, 0, 0, 0, 0, 0, 0, 0, 1, 1, 0, 0, 1, 0, 2, 0, 0, 2, 0, 0, 1, 3, 3, 1, 0, 0, 0, 1, 0, 0, 1, 1, 2, 0, 0, 1, 0, 2, 0, 1, 0, 2, 0, 0, 1, 1, 0, 3, 1, 0, 0, 0, 0, 1, 0, 1, 1, 0, 0, 1, 1, 2, 0, 3, 1, 0, 0, 1, 0, 0, 1, 0, 1, 0, 0, 1, 3, 0, 0, 0, 0, 1, 0, 2, 0, 0, 0],741.0259643952477,59280.645567270396,113268.46410696392,false
6,G4_BALANCED,G2_TEC,[31, 22, 82, 15, 26, 9, 95, 42, 77, 4, 47, 5, 93, 78, 86, 54, 85, 63, 18, 44, 20, 49, 36, 14, 74, 50, 53, 17, 21, 45, 71, 64, 3, 23, 30, 83, 24, 41, 60, 52, 65, 27, 90, 70, 39, 87, 48, 69, 99, 68, 46, 1, 38, 58, 97, 59, 28, 8, 73, 37, 35, 79, 11, 66, 76, 57, 40, 80, 96, 6, 16, 61, 33, 98, 32, 34, 51, 67, 10, 7, 56, 43, 62, 19, 91, 13, 75, 92, 0, 81, 2, 55, 88, 72, 29, 25, 12, 94, 89, 84]|[2, 1, 2, 1, 1, 2, 1, 1, 1, 1, 1, 0, 2, 2, 1, 2, 0, 0, 0, 2, 2, 1, 0, 2, 0, 2, 2, 1, 0, 1, 1, 1, 0, 0, 1, 0, 2, 1, 2, 2, 0, 1, 1, 1, 0, 2, 0, 2, 1, 0, 0, 2, 2, 0, 2, 0, 2, 1, 0, 0, 2, 1, 0, 2, 2, 0, 2, 2, 0, 1, 0, 1, 1, 0, 0, 1, 1, 0, 1, 2, 2, 1, 0, 2, 1, 0, 0, 0, 0, 1, 2, 0, 1, 1, 1, 1, 1, 1, 1, 0]|[0, 3, 0, 2, 4, 1, 4, 4, 2, 4, 3, 2, 1, 0, 2, 1, 1, 1, 2, 1, 2, 3, 0, 1, 0, 1, 1, 4, 1, 0, 3, 2, 2, 0, 4, 1, 1, 4, 0, 1, 2, 2, 4, 4, 1, 1, 0, 2, 3, 1, 2, 1, 2, 1, 1, 2, 1, 3, 0, 2, 2, 3, 1, 0, 1, 0, 0, 1, 2, 4, 1, 3, 4, 1, 2, 4, 3, 1, 3, 1, 0, 4, 2, 0, 3, 2, 2, 2, 2, 1, 1, 2, 4, 4, 3, 4, 3, 4, 4, 2]|[0, 2, 0, 1, 3, 0, 1, 3, 0, 0, 2, 0, 1, 0, 1, 0, 0, 0, 1, 0, 0, 2, 0, 0, 1, 0, 0, 3, 0, 1, 0, 2, 0, 0, 3, 0, 1, 3, 1, 0, 0, 1, 1, 3, 0, 0, 1, 0, 2, 0, 0, 0, 0, 0, 1, 0, 0, 0, 1, 1, 0, 2, 0, 0, 0, 1, 0, 0, 0, 2, 0, 0, 1, 0, 0, 2, 0, 0, 3, 0, 0, 2, 1, 0, 0, 0, 1, 0, 0, 1, 0, 0, 1, 2, 0, 3, 0, 2, 1, 1],912.877319724525,53649.845030311975,117820.15849824226,true
6,G2_TEC,G2_TEC,[31, 22, 82, 15, 26, 9, 95, 42, 77, 4, 47, 5, 93, 78, 86, 54, 85, 63, 18, 44, 20, 49, 36, 14, 74, 50, 53, 17, 21, 45, 71, 64, 3, 23, 30, 83, 24, 41, 60, 52, 65, 27, 90, 70, 39, 87, 48, 69, 99, 68, 46, 1, 38, 58, 97, 59, 28, 8, 73, 37, 35, 79, 11, 66, 76, 57, 40, 80, 96, 6, 16, 61, 33, 98, 32, 34, 51, 67, 10, 7, 56, 43, 29, 19, 91, 13, 62, 92, 0, 81, 2, 55, 88, 84, 75, 25, 12, 94, 89, 72]|[2, 1, 2, 1, 1, 2, 1, 1, 1, 1, 1, 0, 2, 2, 1, 2, 0, 0, 0, 2, 2, 1, 0, 2, 0, 2, 2, 1, 0, 1, 1, 1, 0, 0, 1, 0, 2, 1, 2, 2, 0, 1, 1, 1, 0, 2, 0, 2, 1, 0, 0, 2, 2, 0, 2, 0, 2, 1, 0, 0, 2, 1, 0, 2, 2, 0, 2, 2, 0, 1, 2, 1, 1, 0, 0, 1, 1, 1, 1, 2, 2, 1, 1, 1, 1, 0, 0, 0, 0, 1, 2, 0, 1, 0, 0, 1, 1, 1, 1, 1]|[0, 3, 0, 2, 4, 1, 4, 4, 2, 4, 3, 2, 1, 0, 2, 1, 1, 1, 2, 1, 2, 3, 0, 1, 0, 1, 1, 4, 1, 4, 3, 2, 2, 0, 4, 1, 1, 4, 0, 1, 2, 2, 4, 4, 1, 1, 0, 2, 3, 1, 2, 1, 2, 1, 1, 2, 0, 3, 0, 2, 2, 3, 1, 0, 1, 0, 0, 1, 2, 4, 1, 3, 4, 1, 2, 4, 3, 3, 3, 1, 0, 4, 3, 4, 3, 2, 2, 2, 2, 1, 1, 2, 4, 2, 2, 4, 3, 4, 4, 4]|[0, 2, 0, 1, 3, 0, 1, 3, 0, 0, 2, 0, 1, 0, 1, 0, 0, 0, 1, 0, 0, 2, 0, 0, 1, 0, 0, 3, 0, 1, 0, 2, 0, 0, 3, 0, 1, 3, 1, 0, 0, 1, 1, 3, 0, 0, 1, 0, 2, 0, 0, 0, 0, 0, 1, 0, 0, 0, 1, 1, 0, 2, 0, 0, 0, 1, 0, 0, 0, 2, 0, 0, 1, 0, 0, 2, 0, 0, 3, 0, 0, 2, 0, 3, 0, 0, 1, 0, 0, 1, 0, 0, 2, 1, 0, 3, 0, 2, 1, 2],894.5174754386885,53069.88264179214,120490.8728779781,false
6,G3_TWC,G3_TWC,[31, 22, 82, 15, 26, 9, 95, 42, 77, 12, 47, 5, 93, 78, 86, 96, 85, 63, 18, 44, 20, 35, 43, 97, 91, 76, 10, 30, 21, 45, 71, 64, 72, 23, 17, 83, 24, 41, 60, 36, 6, 57, 40, 88, 65, 56, 79, 69, 67, 68, 46, 75, 38, 58, 19, 32, 81, 48, 27, 62, 87, 90, 99, 59, 11, 16, 1, 73, 70, 39, 37, 84, 3, 92, 25, 55, 28, 51, 29, 7, 66, 61, 98, 14, 89, 50, 8, 54, 80, 53, 4, 74, 34, 33, 52, 49, 0, 94, 2, 13]|[1, 1, 0, 1, 1, 0, 1, 2, 2, 1, 2, 2, 2, 1, 1, 0, 0, 1, 0, 2, 2, 0, 1, 2, 0, 1, 2, 2, 0, 0, 1, 2, 1, 0, 1, 0, 2, 0, 1, 1, 0, 1, 1, 1, 0, 2, 1, 2, 0, 0, 0, 0, 1, 1, 2, 1, 2, 1, 0, 0, 2, 1, 0, 1, 2, 1, 2, 1, 1, 1, 1, 1, 1, 0, 1, 1, 0, 0, 0, 1, 2, 1, 0, 0, 1, 0, 1, 0, 0, 0, 1, 2, 2, 0, 1, 0, 0, 1, 0, 0]|[4, 3, 2, 2, 4, 1, 2, 2, 2, 4, 1, 1, 2, 4, 4, 1, 2, 4, 2, 1, 1, 1, 1, 2, 1, 2, 1, 1, 1, 1, 3, 2, 3, 0, 4, 0, 1, 1, 0, 3, 2, 2, 2, 0, 1, 1, 0, 2, 0, 1, 2, 2, 1, 0, 0, 3, 2, 4, 1, 2, 2, 3, 1, 1, 1, 3, 0, 4, 3, 1, 4, 1, 1, 0, 4, 4, 2, 1, 1, 1, 1, 3, 1, 1, 1, 1, 3, 1, 1, 2, 4, 1, 1, 2, 1, 1, 2, 4, 2, 2]|[0, 2, 1, 1, 3, 0, 1, 0, 0, 0, 0, 0, 1, 0, 1, 0, 0, 3, 1, 0, 0, 0, 3, 1, 0, 2, 0, 0, 0, 1, 0, 0, 0, 0, 3, 0, 1, 0, 0, 2, 1, 1, 1, 0, 0, 0, 0, 0, 1, 0, 0, 0, 1, 3, 0, 0, 1, 2, 0, 1, 0, 2, 0, 1, 0, 2, 1, 0, 0, 1, 1, 3, 1, 1, 3, 3, 1, 0, 0, 2, 0, 0, 0, 0, 1, 0, 2, 0, 0, 1, 0, 0, 0, 1, 1, 1, 0, 2, 0, 0],846.2076922560091,56778.264829307496,97190.45389454465,false
6,G1_CMAX,G1_CMAX,[31, 95, 9, 15, 82, 22, 42, 77, 26, 8, 10, 76, 91, 97, 43, 63, 20, 44, 18, 80, 45, 78, 86, 5, 84, 89, 61, 96, 35, 33, 7, 29, 51, 28, 55, 25, 92, 50, 30, 37, 39, 70, 73, 72, 93, 16, 11, 74, 59, 99, 90, 34, 54, 27, 48, 65, 69, 81, 32, 19, 58, 38, 56, 46, 64, 68, 67, 79, 75, 62, 88, 40, 57, 6, 36, 60, 41, 24, 66, 17, 1, 85, 71, 3, 83, 14, 98, 21, 53, 12, 2, 52, 4, 87, 49, 0, 94, 23, 47, 13]|[1, 1, 0, 1, 0, 0, 2, 2, 1, 1, 2, 1, 0, 1, 0, 2, 2, 2, 0, 0, 0, 1, 1, 2, 2, 1, 1, 1, 1, 2, 1, 1, 0, 1, 1, 1, 0, 0, 2, 0, 1, 1, 1, 2, 2, 1, 2, 2, 1, 0, 1, 2, 0, 0, 1, 1, 2, 2, 1, 0, 1, 1, 2, 0, 0, 0, 0, 1, 1, 1, 1, 2, 1, 0, 1, 1, 1, 2, 2, 2, 0, 0, 1, 1, 1, 2, 0, 0, 0, 1, 0, 2, 0, 2, 0, 0, 1, 2, 2, 0]|[2, 3, 2, 4, 1, 1, 2, 1, 0, 4, 1, 2, 1, 1, 1, 1, 1, 1, 1, 2, 1, 4, 4, 1, 1, 1, 3, 3, 3, 2, 1, 3, 1, 4, 4, 4, 0, 1, 1, 1, 0, 3, 4, 0, 2, 3, 1, 0, 1, 1, 3, 1, 2, 1, 4, 3, 2, 2, 1, 2, 0, 1, 1, 2, 1, 1, 0, 0, 2, 2, 0, 0, 2, 2, 3, 0, 4, 1, 0, 2, 1, 2, 3, 1, 3, 0, 0, 1, 2, 4, 2, 1, 1, 2, 1, 2, 4, 0, 0, 2]|[1, 1, 1, 0, 0, 0, 1, 0, 3, 0, 0, 2, 0, 3, 0, 0, 0, 0, 0, 0, 0, 1, 1, 0, 0, 1, 0, 2, 0, 0, 2, 0, 0, 1, 3, 3, 1, 0, 0, 0, 1, 0, 0, 1, 1, 2, 0, 0, 1, 0, 2, 0, 1, 0, 2, 0, 0, 1, 1, 0, 3, 1, 0, 0, 0, 0, 1, 0, 1, 1, 0, 0, 1, 1, 2, 0, 3, 1, 0, 0, 1, 0, 0, 1, 0, 1, 0, 0, 1, 3, 0, 0, 0, 0, 1, 0, 2, 0, 0, 0],741.0259643952477,59280.645567270396,113268.46410696392,false
6,G4_BALANCED,G2_TEC,[31, 22, 82, 15, 26, 9, 95, 42, 77, 4, 47, 5, 93, 78, 86, 54, 85, 63, 18, 44, 20, 49, 36, 14, 74, 50, 53, 17, 21, 45, 71, 64, 3, 23, 30, 83, 24, 41, 60, 52, 65, 27, 90, 70, 39, 87, 48, 69, 99, 68, 46, 1, 38, 58, 97, 59, 28, 8, 73, 37, 35, 79, 11, 66, 76, 57, 40, 80, 96, 6, 16, 61, 33, 98, 32, 34, 51, 67, 10, 7, 56, 43, 62, 19, 91, 13, 75, 92, 0, 81, 2, 55, 88, 72, 29, 25, 12, 94, 89, 84]|[2, 1, 2, 1, 1, 2, 1, 1, 1, 1, 1, 0, 2, 2, 1, 2, 0, 0, 0, 2, 2, 1, 0, 2, 0, 2, 2, 1, 0, 1, 1, 1, 0, 0, 1, 0, 2, 1, 2, 2, 0, 1, 1, 1, 0, 2, 0, 2, 1, 0, 0, 2, 2, 0, 2, 0, 2, 1, 0, 0, 2, 1, 0, 2, 2, 0, 2, 2, 0, 1, 0, 1, 1, 0, 0, 1, 1, 0, 1, 2, 2, 1, 0, 2, 1, 0, 0, 0, 0, 1, 2, 0, 1, 1, 1, 1, 1, 1, 1, 0]|[0, 3, 0, 2, 4, 1, 4, 4, 2, 4, 3, 2, 1, 0, 2, 1, 1, 1, 2, 1, 2, 3, 0, 1, 0, 1, 1, 4, 1, 0, 3, 2, 2, 0, 4, 1, 1, 4, 0, 1, 2, 2, 4, 4, 1, 1, 0, 2, 3, 1, 2, 1, 2, 1, 1, 2, 1, 3, 0, 2, 2, 3, 1, 0, 1, 0, 0, 1, 2, 4, 1, 3, 4, 1, 2, 4, 3, 1, 3, 1, 0, 4, 2, 0, 3, 2, 2, 2, 2, 1, 1, 2, 4, 4, 3, 4, 3, 4, 4, 2]|[0, 2, 0, 1, 3, 0, 1, 3, 0, 0, 2, 0, 1, 0, 1, 0, 0, 0, 1, 0, 0, 2, 0, 0, 1, 0, 0, 3, 0, 1, 0, 2, 0, 0, 3, 0, 1, 3, 1, 0, 0, 1, 1, 3, 0, 0, 1, 0, 2, 0, 0, 0, 0, 0, 1, 0, 0, 0, 1, 1, 0, 2, 0, 0, 0, 1, 0, 0, 0, 2, 0, 0, 1, 0, 0, 2, 0, 0, 3, 0, 0, 2, 1, 0, 0, 0, 1, 0, 0, 1, 0, 0, 1, 2, 0, 3, 0, 2, 1, 1],912.877319724525,53649.845030311975,117820.15849824226,true
6,G2_TEC,G2_TEC,[31, 22, 82, 15, 26, 9, 95, 42, 77, 4, 47, 5, 93, 78, 86, 54, 85, 63, 18, 44, 20, 49, 36, 14, 74, 50, 53, 17, 21, 45, 71, 64, 3, 23, 30, 83, 24, 41, 60, 52, 65, 27, 90, 70, 39, 87, 48, 69, 99, 68, 46, 1, 38, 58, 97, 59, 28, 8, 73, 37, 35, 79, 11, 66, 76, 57, 40, 80, 96, 6, 16, 61, 33, 98, 32, 34, 51, 67, 10, 7, 56, 43, 29, 19, 91, 13, 62, 92, 0, 81, 2, 55, 88, 84, 75, 25, 12, 94, 89, 72]|[2, 1, 2, 1, 1, 2, 1, 1, 1, 1, 1, 0, 2, 2, 1, 2, 0, 0, 0, 2, 2, 1, 0, 2, 0, 2, 2, 1, 0, 1, 1, 1, 0, 0, 1, 0, 2, 1, 2, 2, 0, 1, 1, 1, 0, 2, 0, 2, 1, 0, 0, 2, 2, 0, 2, 0, 2, 1, 0, 0, 2, 1, 0, 2, 2, 0, 2, 2, 0, 1, 2, 1, 1, 0, 0, 1, 1, 1, 1, 2, 2, 1, 1, 1, 1, 0, 0, 0, 0, 1, 2, 0, 1, 0, 0, 1, 1, 1, 1, 1]|[0, 3, 0, 2, 4, 1, 4, 4, 2, 4, 3, 2, 1, 0, 2, 1, 1, 1, 2, 1, 2, 3, 0, 1, 0, 1, 1, 4, 1, 4, 3, 2, 2, 0, 4, 1, 1, 4, 0, 1, 2, 2, 4, 4, 1, 1, 0, 2, 3, 1, 2, 1, 2, 1, 1, 2, 0, 3, 0, 2, 2, 3, 1, 0, 1, 0, 0, 1, 2, 4, 1, 3, 4, 1, 2, 4, 3, 3, 3, 1, 0, 4, 3, 4, 3, 2, 2, 2, 2, 1, 1, 2, 4, 2, 2, 4, 3, 4, 4, 4]|[0, 2, 0, 1, 3, 0, 1, 3, 0, 0, 2, 0, 1, 0, 1, 0, 0, 0, 1, 0, 0, 2, 0, 0, 1, 0, 0, 3, 0, 1, 0, 2, 0, 0, 3, 0, 1, 3, 1, 0, 0, 1, 1, 3, 0, 0, 1, 0, 2, 0, 0, 0, 0, 0, 1, 0, 0, 0, 1, 1, 0, 2, 0, 0, 0, 1, 0, 0, 0, 2, 0, 0, 1, 0, 0, 2, 0, 0, 3, 0, 0, 2, 0, 3, 0, 0, 1, 0, 0, 1, 0, 0, 2, 1, 0, 3, 0, 2, 1, 2],894.5174754386885,53069.88264179214,120490.8728779781,false
6,G3_TWC,G3_TWC,[31, 22, 82, 15, 26, 9, 95, 42, 77, 12, 47, 5, 93, 78, 86, 96, 85, 63, 18, 44, 20, 35, 43, 97, 91, 76, 10, 30, 21, 45, 71, 64, 72, 23, 17, 83, 24, 41, 60, 36, 6, 57, 40, 88, 65, 56, 79, 69, 67, 68, 46, 75, 38, 58, 19, 32, 81, 48, 27, 62, 87, 90, 99, 59, 11, 16, 1, 73, 70, 39, 37, 84, 3, 92, 25, 55, 28, 51, 29, 7, 66, 61, 98, 14, 89, 50, 8, 54, 80, 53, 4, 74, 34, 33, 52, 49, 0, 94, 2, 13]|[1, 1, 0, 1, 1, 0, 1, 2, 2, 1, 2, 2, 2, 1, 1, 0, 0, 1, 0, 2, 2, 0, 1, 2, 0, 1, 2, 2, 0, 0, 1, 2, 1, 0, 1, 0, 2, 0, 1, 1, 0, 1, 1, 1, 0, 2, 1, 2, 0, 0, 0, 0, 1, 1, 2, 1, 2, 1, 0, 0, 2, 1, 0, 1, 2, 1, 2, 1, 1, 1, 1, 1, 1, 0, 1, 1, 0, 0, 0, 1, 2, 1, 0, 0, 1, 0, 1, 0, 0, 0, 1, 2, 2, 0, 1, 0, 0, 1, 0, 0]|[4, 3, 2, 2, 4, 1, 2, 2, 2, 4, 1, 1, 2, 4, 4, 1, 2, 4, 2, 1, 1, 1, 1, 2, 1, 2, 1, 1, 1, 1, 3, 2, 3, 0, 4, 0, 1, 1, 0, 3, 2, 2, 2, 0, 1, 1, 0, 2, 0, 1, 2, 2, 1, 0, 0, 3, 2, 4, 1, 2, 2, 3, 1, 1, 1, 3, 0, 4, 3, 1, 4, 1, 1, 0, 4, 4, 2, 1, 1, 1, 1, 3, 1, 1, 1, 1, 3, 1, 1, 2, 4, 1, 1, 2, 1, 1, 2, 4, 2, 2]|[0, 2, 1, 1, 3, 0, 1, 0, 0, 0, 0, 0, 1, 0, 1, 0, 0, 3, 1, 0, 0, 0, 3, 1, 0, 2, 0, 0, 0, 1, 0, 0, 0, 0, 3, 0, 1, 0, 0, 2, 1, 1, 1, 0, 0, 0, 0, 0, 1, 0, 0, 0, 1, 3, 0, 0, 1, 2, 0, 1, 0, 2, 0, 1, 0, 2, 1, 0, 0, 1, 1, 3, 1, 1, 3, 3, 1, 0, 0, 2, 0, 0, 0, 0, 1, 0, 2, 0, 0, 1, 0, 0, 0, 1, 1, 1, 0, 2, 0, 0],846.2076922560091,56778.264829307496,97190.45389454465,false
6,G1_CMAX,G3_TWC,[31, 22, 82, 15, 26, 9, 95, 42, 77, 12, 47, 5, 93, 78, 86, 54, 85, 63, 18, 44, 20, 35, 43, 97, 91, 76, 10, 30, 21, 45, 71, 64, 1, 23, 17, 83, 24, 41, 60, 36, 6, 57, 40, 88, 65, 56, 79, 69, 67, 68, 46, 75, 38, 58, 19, 32, 81, 48, 27, 62, 87, 90, 99, 59, 11, 16, 72, 73, 70, 39, 37, 84, 3, 92, 25, 55, 28, 29, 51, 7, 66, 61, 98, 14, 89, 50, 8, 96, 33, 53, 80, 2, 13, 4, 52, 49, 0, 94, 74, 34]|[1, 1, 0, 1, 1, 0, 1, 2, 2, 1, 2, 2, 2, 1, 1, 0, 0, 1, 0, 2, 2, 0, 1, 2, 0, 1, 2, 2, 0, 0, 1, 2, 1, 2, 1, 0, 2, 0, 1, 1, 0, 1, 1, 1, 0, 2, 1, 2, 0, 0, 0, 0, 1, 1, 2, 1, 2, 1, 0, 0, 2, 1, 0, 1, 2, 1, 2, 1, 1, 1, 1, 1, 1, 0, 1, 1, 0, 0, 0, 1, 0, 1, 0, 0, 1, 0, 1, 0, 2, 0, 0, 0, 0, 1, 1, 0, 0, 1, 2, 2]|[4, 3, 2, 2, 4, 1, 2, 2, 2, 4, 1, 1, 2, 4, 4, 1, 2, 4, 2, 1, 1, 1, 1, 2, 1, 2, 1, 1, 1, 1, 3, 2, 3, 0, 4, 0, 1, 1, 0, 3, 2, 2, 2, 0, 1, 1, 0, 2, 0, 1, 2, 2, 1, 0, 0, 3, 2, 4, 1, 2, 2, 3, 1, 1, 1, 3, 0, 4, 3, 1, 4, 1, 1, 0, 4, 4, 2, 1, 1, 1, 2, 3, 1, 1, 1, 1, 3, 1, 1, 2, 1, 2, 2, 4, 1, 1, 2, 4, 1, 1]|[0, 2, 1, 1, 3, 0, 1, 0, 0, 0, 0, 0, 1, 0, 1, 0, 0, 3, 1, 0, 0, 0, 3, 1, 0, 2, 0, 0, 0, 1, 0, 0, 0, 0, 3, 0, 1, 0, 0, 2, 1, 1, 1, 0, 0, 0, 0, 0, 1, 0, 0, 0, 1, 3, 0, 0, 1, 2, 0, 1, 0, 2, 0, 1, 0, 2, 1, 0, 0, 1, 1, 3, 1, 1, 3, 3, 1, 0, 0, 2, 1, 0, 0, 0, 1, 0, 2, 0, 0, 1, 0, 0, 0, 0, 1, 1, 0, 2, 0, 0],812.6134977092922,57350.63213107043,98206.94000483438,true
6,G4_BALANCED,G2_TEC,[31, 22, 82, 15, 26, 9, 95, 42, 77, 4, 47, 5, 93, 78, 86, 54, 85, 63, 18, 44, 20, 49, 36, 14, 74, 50, 53, 17, 21, 45, 71, 64, 3, 23, 30, 83, 24, 41, 60, 52, 65, 27, 90, 70, 39, 87, 48, 69, 99, 68, 46, 1, 38, 58, 97, 59, 28, 8, 73, 37, 35, 79, 11, 66, 76, 57, 40, 80, 96, 6, 16, 61, 33, 98, 32, 34, 51, 67, 10, 7, 56, 43, 62, 19, 91, 13, 75, 92, 0, 81, 2, 55, 88, 72, 29, 25, 12, 94, 89, 84]|[2, 1, 2, 1, 1, 2, 1, 1, 1, 1, 1, 0, 2, 2, 1, 2, 0, 0, 0, 2, 2, 1, 0, 2, 0, 2, 2, 1, 0, 1, 1, 1, 0, 0, 1, 0, 2, 1, 2, 2, 0, 1, 1, 1, 0, 2, 0, 2, 1, 0, 0, 2, 2, 0, 2, 0, 2, 1, 0, 0, 2, 1, 0, 2, 2, 0, 2, 2, 0, 1, 0, 1, 1, 0, 0, 1, 1, 0, 1, 2, 2, 1, 0, 2, 1, 0, 0, 0, 0, 1, 2, 0, 1, 1, 1, 1, 1, 1, 1, 0]|[0, 3, 0, 2, 4, 1, 4, 4, 2, 4, 3, 2, 1, 0, 2, 1, 1, 1, 2, 1, 2, 3, 0, 1, 0, 1, 1, 4, 1, 0, 3, 2, 2, 0, 4, 1, 1, 4, 0, 1, 2, 2, 4, 4, 1, 1, 0, 2, 3, 1, 2, 1, 2, 1, 1, 2, 1, 3, 0, 2, 2, 3, 1, 0, 1, 0, 0, 1, 2, 4, 1, 3, 4, 1, 2, 4, 3, 1, 3, 1, 0, 4, 2, 0, 3, 2, 2, 2, 2, 1, 1, 2, 4, 4, 3, 4, 3, 4, 4, 2]|[0, 2, 0, 1, 3, 0, 1, 3, 0, 0, 2, 0, 1, 0, 1, 0, 0, 0, 1, 0, 0, 2, 0, 0, 1, 0, 0, 3, 0, 1, 0, 2, 0, 0, 3, 0, 1, 3, 1, 0, 0, 1, 1, 3, 0, 0, 1, 0, 2, 0, 0, 0, 0, 0, 1, 0, 0, 0, 1, 1, 0, 2, 0, 0, 0, 1, 0, 0, 0, 2, 0, 0, 1, 0, 0, 2, 0, 0, 3, 0, 0, 2, 1, 0, 0, 0, 1, 0, 0, 1, 0, 0, 1, 2, 0, 3, 0, 2, 1, 1],912.877319724525,53649.845030311975,117820.15849824226,true
6,G2_TEC,G2_TEC,[31, 22, 82, 15, 26, 9, 95, 42, 77, 4, 47, 5, 93, 78, 86, 54, 85, 63, 18, 44, 20, 49, 36, 14, 74, 50, 53, 17, 21, 45, 71, 64, 3, 23, 30, 83, 24, 41, 60, 52, 65, 27, 90, 70, 39, 87, 48, 69, 99, 68, 46, 1, 38, 58, 97, 59, 28, 8, 73, 37, 35, 79, 11, 66, 76, 57, 40, 80, 96, 6, 16, 61, 33, 98, 32, 34, 51, 67, 10, 7, 56, 43, 29, 19, 91, 13, 62, 92, 0, 81, 2, 55, 88, 84, 75, 25, 12, 94, 89, 72]|[2, 1, 2, 1, 1, 2, 1, 1, 1, 1, 1, 0, 2, 2, 1, 2, 0, 0, 0, 2, 2, 1, 0, 2, 0, 2, 2, 1, 0, 1, 1, 1, 0, 0, 1, 0, 2, 1, 2, 2, 0, 1, 1, 1, 0, 2, 0, 2, 1, 0, 0, 2, 2, 0, 2, 0, 2, 1, 0, 0, 2, 1, 0, 2, 2, 0, 2, 2, 0, 1, 2, 1, 1, 0, 0, 1, 1, 1, 1, 2, 2, 1, 1, 1, 1, 0, 0, 0, 0, 1, 2, 0, 1, 0, 0, 1, 1, 1, 1, 1]|[0, 3, 0, 2, 4, 1, 4, 4, 2, 4, 3, 2, 1, 0, 2, 1, 1, 1, 2, 1, 2, 3, 0, 1, 0, 1, 1, 4, 1, 4, 3, 2, 2, 0, 4, 1, 1, 4, 0, 1, 2, 2, 4, 4, 1, 1, 0, 2, 3, 1, 2, 1, 2, 1, 1, 2, 0, 3, 0, 2, 2, 3, 1, 0, 1, 0, 0, 1, 2, 4, 1, 3, 4, 1, 2, 4, 3, 3, 3, 1, 0, 4, 3, 4, 3, 2, 2, 2, 2, 1, 1, 2, 4, 2, 2, 4, 3, 4, 4, 4]|[0, 2, 0, 1, 3, 0, 1, 3, 0, 0, 2, 0, 1, 0, 1, 0, 0, 0, 1, 0, 0, 2, 0, 0, 1, 0, 0, 3, 0, 1, 0, 2, 0, 0, 3, 0, 1, 3, 1, 0, 0, 1, 1, 3, 0, 0, 1, 0, 2, 0, 0, 0, 0, 0, 1, 0, 0, 0, 1, 1, 0, 2, 0, 0, 0, 1, 0, 0, 0, 2, 0, 0, 1, 0, 0, 2, 0, 0, 3, 0, 0, 2, 0, 3, 0, 0, 1, 0, 0, 1, 0, 0, 2, 1, 0, 3, 0, 2, 1, 2],894.5174754386885,53069.88264179214,120490.8728779781,false
6,G3_TWC,G3_TWC,[31, 22, 82, 15, 26, 9, 95, 42, 77, 12, 47, 5, 93, 78, 86, 96, 85, 63, 18, 44, 20, 35, 43, 97, 91, 76, 10, 30, 21, 45, 71, 64, 72, 23, 17, 83, 24, 41, 60, 36, 6, 57, 40, 88, 65, 56, 79, 69, 67, 68, 46, 75, 38, 58, 19, 32, 81, 48, 27, 62, 87, 90, 99, 59, 11, 16, 1, 73, 70, 39, 37, 84, 3, 92, 25, 55, 28, 51, 29, 7, 66, 61, 98, 14, 89, 50, 8, 54, 80, 53, 4, 74, 34, 33, 52, 49, 0, 94, 2, 13]|[1, 1, 0, 1, 1, 0, 1, 2, 2, 1, 2, 2, 2, 1, 1, 0, 0, 1, 0, 2, 2, 0, 1, 2, 0, 1, 2, 2, 0, 0, 1, 2, 1, 0, 1, 0, 2, 0, 1, 1, 0, 1, 1, 1, 0, 2, 1, 2, 0, 0, 0, 0, 1, 1, 2, 1, 2, 1, 0, 0, 2, 1, 0, 1, 2, 1, 2, 1, 1, 1, 1, 1, 1, 0, 1, 1, 0, 0, 0, 1, 2, 1, 0, 0, 1, 0, 1, 0, 0, 0, 1, 2, 2, 0, 1, 0, 0, 1, 0, 0]|[4, 3, 2, 2, 4, 1, 2, 2, 2, 4, 1, 1, 2, 4, 4, 1, 2, 4, 2, 1, 1, 1, 1, 2, 1, 2, 1, 1, 1, 1, 3, 2, 3, 0, 4, 0, 1, 1, 0, 3, 2, 2, 2, 0, 1, 1, 0, 2, 0, 1, 2, 2, 1, 0, 0, 3, 2, 4, 1, 2, 2, 3, 1, 1, 1, 3, 0, 4, 3, 1, 4, 1, 1, 0, 4, 4, 2, 1, 1, 1, 1, 3, 1, 1, 1, 1, 3, 1, 1, 2, 4, 1, 1, 2, 1, 1, 2, 4, 2, 2]|[0, 2, 1, 1, 3, 0, 1, 0, 0, 0, 0, 0, 1, 0, 1, 0, 0, 3, 1, 0, 0, 0, 3, 1, 0, 2, 0, 0, 0, 1, 0, 0, 0, 0, 3, 0, 1, 0, 0, 2, 1, 1, 1, 0, 0, 0, 0, 0, 1, 0, 0, 0, 1, 3, 0, 0, 1, 2, 0, 1, 0, 2, 0, 1, 0, 2, 1, 0, 0, 1, 1, 3, 1, 1, 3, 3, 1, 0, 0, 2, 0, 0, 0, 0, 1, 0, 2, 0, 0, 1, 0, 0, 0, 1, 1, 1, 0, 2, 0, 0],846.2076922560091,56778.264829307496,97190.45389454465,false
6,G1_CMAX,G4_BALANCED,[31, 22, 82, 15, 26, 9, 95, 42, 77, 12, 47, 5, 93, 78, 86, 54, 85, 63, 18, 44, 20, 35, 43, 97, 91, 76, 10, 30, 21, 45, 71, 64, 1, 23, 17, 83, 24, 14, 60, 36, 6, 57, 40, 88, 65, 56, 79, 69, 67, 68, 46, 75, 38, 58, 19, 32, 81, 48, 27, 62, 87, 90, 99, 59, 11, 16, 72, 73, 61, 39, 37, 84, 3, 92, 25, 55, 28, 29, 98, 7, 66, 70, 51, 41, 89, 50, 8, 96, 80, 53, 33, 4, 34, 2, 52, 49, 0, 94, 74, 13]|[1, 1, 0, 1, 1, 0, 1, 2, 2, 1, 2, 2, 2, 1, 1, 0, 0, 1, 0, 2, 2, 0, 1, 2, 0, 1, 2, 2, 0, 0, 1, 2, 1, 0, 1, 0, 2, 0, 1, 1, 0, 1, 1, 1, 0, 2, 1, 2, 0, 0, 0, 0, 1, 1, 2, 1, 2, 1, 0, 0, 2, 1, 0, 1, 2, 1, 2, 1, 1, 1, 1, 1, 1, 0, 1, 1, 0, 0, 2, 1, 2, 1, 0, 0, 1, 0, 1, 2, 0, 0, 0, 1, 2, 0, 1, 0, 0, 1, 2, 0]|[4, 3, 2, 2, 4, 1, 2, 2, 2, 4, 1, 1, 2, 4, 4, 1, 2, 4, 2, 1, 1, 1, 1, 2, 1, 2, 1, 1, 1, 1, 3, 2, 3, 0, 4, 0, 1, 1, 0, 3, 2, 2, 2, 0, 1, 1, 0, 2, 0, 1, 2, 2, 1, 0, 0, 3, 2, 4, 1, 2, 2, 3, 1, 1, 1, 3, 0, 4, 3, 1, 4, 1, 1, 0, 4, 4, 2, 1, 1, 1, 0, 3, 1, 1, 1, 1, 3, 0, 1, 2, 2, 4, 1, 2, 1, 1, 2, 4, 1, 2]|[0, 2, 1, 1, 3, 0, 1, 0, 0, 0, 0, 0, 1, 0, 1, 0, 0, 3, 1, 0, 0, 0, 3, 1, 0, 2, 0, 0, 0, 1, 0, 0, 0, 0, 3, 0, 1, 0, 0, 2, 1, 1, 1, 0, 0, 0, 0, 0, 1, 0, 0, 0, 1, 3, 0, 0, 1, 2, 0, 1, 0, 2, 0, 1, 0, 2, 1, 0, 0, 1, 1, 3, 1, 1, 3, 3, 1, 0, 0, 2, 0, 0, 0, 0, 1, 0, 2, 0, 0, 1, 1, 0, 0, 0, 1, 1, 0, 2, 0, 0],782.8721396308334,57275.980629544516,98820.53062966542,true
6,G4_BALANCED,G2_TEC,[31, 22, 82, 15, 26, 9, 95, 42, 77, 4, 47, 5, 93, 78, 86, 54, 85, 63, 18, 44, 20, 49, 36, 14, 74, 50, 53, 17, 21, 45, 71, 64, 3, 23, 30, 83, 24, 41, 60, 52, 65, 27, 90, 70, 39, 87, 48, 69, 99, 68, 46, 1, 38, 58, 97, 59, 28, 8, 73, 37, 35, 79, 11, 66, 76, 57, 40, 80, 96, 6, 16, 61, 33, 98, 32, 34, 51, 67, 10, 7, 56, 43, 62, 19, 91, 13, 75, 92, 0, 81, 2, 55, 88, 72, 29, 25, 12, 94, 89, 84]|[2, 1, 2, 1, 1, 2, 1, 1, 1, 1, 1, 0, 2, 2, 1, 2, 0, 0, 0, 2, 2, 1, 0, 2, 0, 2, 2, 1, 0, 1, 1, 1, 0, 0, 1, 0, 2, 1, 2, 2, 0, 1, 1, 1, 0, 2, 0, 2, 1, 0, 0, 2, 2, 0, 2, 0, 2, 1, 0, 0, 2, 1, 0, 2, 2, 0, 2, 2, 0, 1, 0, 1, 1, 0, 0, 1, 1, 0, 1, 2, 2, 1, 0, 2, 1, 0, 0, 0, 0, 1, 2, 0, 1, 1, 1, 1, 1, 1, 1, 0]|[0, 3, 0, 2, 4, 1, 4, 4, 2, 4, 3, 2, 1, 0, 2, 1, 1, 1, 2, 1, 2, 3, 0, 1, 0, 1, 1, 4, 1, 0, 3, 2, 2, 0, 4, 1, 1, 4, 0, 1, 2, 2, 4, 4, 1, 1, 0, 2, 3, 1, 2, 1, 2, 1, 1, 2, 1, 3, 0, 2, 2, 3, 1, 0, 1, 0, 0, 1, 2, 4, 1, 3, 4, 1, 2, 4, 3, 1, 3, 1, 0, 4, 2, 0, 3, 2, 2, 2, 2, 1, 1, 2, 4, 4, 3, 4, 3, 4, 4, 2]|[0, 2, 0, 1, 3, 0, 1, 3, 0, 0, 2, 0, 1, 0, 1, 0, 0, 0, 1, 0, 0, 2, 0, 0, 1, 0, 0, 3, 0, 1, 0, 2, 0, 0, 3, 0, 1, 3, 1, 0, 0, 1, 1, 3, 0, 0, 1, 0, 2, 0, 0, 0, 0, 0, 1, 0, 0, 0, 1, 1, 0, 2, 0, 0, 0, 1, 0, 0, 0, 2, 0, 0, 1, 0, 0, 2, 0, 0, 3, 0, 0, 2, 1, 0, 0, 0, 1, 0, 0, 1, 0, 0, 1, 2, 0, 3, 0, 2, 1, 1],912.877319724525,53649.845030311975,117820.15849824226,true
6,G2_TEC,G2_TEC,[31, 22, 82, 15, 26, 9, 95, 42, 77, 4, 47, 5, 93, 78, 86, 54, 85, 63, 18, 44, 20, 49, 36, 14, 74, 50, 53, 17, 21, 45, 71, 64, 3, 23, 30, 83, 24, 41, 60, 52, 65, 27, 90, 70, 39, 87, 48, 69, 99, 68, 46, 1, 38, 58, 97, 59, 28, 8, 73, 37, 35, 79, 11, 66, 76, 57, 40, 80, 96, 6, 16, 61, 33, 98, 32, 34, 51, 67, 10, 7, 56, 43, 29, 19, 91, 13, 62, 92, 0, 81, 2, 55, 88, 84, 75, 25, 12, 94, 89, 72]|[2, 1, 2, 1, 1, 2, 1, 1, 1, 1, 1, 0, 2, 2, 1, 2, 0, 0, 0, 2, 2, 1, 0, 2, 0, 2, 2, 1, 0, 1, 1, 1, 0, 0, 1, 0, 2, 1, 2, 2, 0, 1, 1, 1, 0, 2, 0, 2, 1, 0, 0, 2, 2, 0, 2, 0, 2, 1, 0, 0, 2, 1, 0, 2, 2, 0, 2, 2, 0, 1, 2, 1, 1, 0, 0, 1, 1, 1, 1, 2, 2, 1, 1, 1, 1, 0, 0, 0, 0, 1, 2, 0, 1, 0, 0, 1, 1, 1, 1, 1]|[0, 3, 0, 2, 4, 1, 4, 4, 2, 4, 3, 2, 1, 0, 2, 1, 1, 1, 2, 1, 2, 3, 0, 1, 0, 1, 1, 4, 1, 4, 3, 2, 2, 0, 4, 1, 1, 4, 0, 1, 2, 2, 4, 4, 1, 1, 0, 2, 3, 1, 2, 1, 2, 1, 1, 2, 0, 3, 0, 2, 2, 3, 1, 0, 1, 0, 0, 1, 2, 4, 1, 3, 4, 1, 2, 4, 3, 3, 3, 1, 0, 4, 3, 4, 3, 2, 2, 2, 2, 1, 1, 2, 4, 2, 2, 4, 3, 4, 4, 4]|[0, 2, 0, 1, 3, 0, 1, 3, 0, 0, 2, 0, 1, 0, 1, 0, 0, 0, 1, 0, 0, 2, 0, 0, 1, 0, 0, 3, 0, 1, 0, 2, 0, 0, 3, 0, 1, 3, 1, 0, 0, 1, 1, 3, 0, 0, 1, 0, 2, 0, 0, 0, 0, 0, 1, 0, 0, 0, 1, 1, 0, 2, 0, 0, 0, 1, 0, 0, 0, 2, 0, 0, 1, 0, 0, 2, 0, 0, 3, 0, 0, 2, 0, 3, 0, 0, 1, 0, 0, 1, 0, 0, 2, 1, 0, 3, 0, 2, 1, 2],894.5174754386885,53069.88264179214,120490.8728779781,false
6,G3_TWC,G3_TWC,[31, 22, 82, 15, 26, 9, 95, 42, 77, 12, 47, 5, 93, 78, 86, 96, 85, 63, 18, 44, 20, 35, 43, 97, 91, 76, 10, 30, 21, 45, 71, 64, 72, 23, 17, 83, 24, 41, 60, 36, 6, 57, 40, 88, 65, 56, 79, 69, 67, 68, 46, 75, 38, 58, 19, 32, 81, 48, 27, 62, 87, 90, 99, 59, 11, 16, 1, 73, 70, 39, 37, 84, 3, 92, 25, 55, 28, 51, 29, 7, 66, 61, 98, 14, 89, 50, 8, 54, 80, 53, 4, 74, 34, 33, 52, 49, 0, 94, 2, 13]|[1, 1, 0, 1, 1, 0, 1, 2, 2, 1, 2, 2, 2, 1, 1, 0, 0, 1, 0, 2, 2, 0, 1, 2, 0, 1, 2, 2, 0, 0, 1, 2, 1, 0, 1, 0, 2, 0, 1, 1, 0, 1, 1, 1, 0, 2, 1, 2, 0, 0, 0, 0, 1, 1, 2, 1, 2, 1, 0, 0, 2, 1, 0, 1, 2, 1, 2, 1, 1, 1, 1, 1, 1, 0, 1, 1, 0, 0, 0, 1, 2, 1, 0, 0, 1, 0, 1, 0, 0, 0, 1, 2, 2, 0, 1, 0, 0, 1, 0, 0]|[4, 3, 2, 2, 4, 1, 2, 2, 2, 4, 1, 1, 2, 4, 4, 1, 2, 4, 2, 1, 1, 1, 1, 2, 1, 2, 1, 1, 1, 1, 3, 2, 3, 0, 4, 0, 1, 1, 0, 3, 2, 2, 2, 0, 1, 1, 0, 2, 0, 1, 2, 2, 1, 0, 0, 3, 2, 4, 1, 2, 2, 3, 1, 1, 1, 3, 0, 4, 3, 1, 4, 1, 1, 0, 4, 4, 2, 1, 1, 1, 1, 3, 1, 1, 1, 1, 3, 1, 1, 2, 4, 1, 1, 2, 1, 1, 2, 4, 2, 2]|[0, 2, 1, 1, 3, 0, 1, 0, 0, 0, 0, 0, 1, 0, 1, 0, 0, 3, 1, 0, 0, 0, 3, 1, 0, 2, 0, 0, 0, 1, 0, 0, 0, 0, 3, 0, 1, 0, 0, 2, 1, 1, 1, 0, 0, 0, 0, 0, 1, 0, 0, 0, 1, 3, 0, 0, 1, 2, 0, 1, 0, 2, 0, 1, 0, 2, 1, 0, 0, 1, 1, 3, 1, 1, 3, 3, 1, 0, 0, 2, 0, 0, 0, 0, 1, 0, 2, 0, 0, 1, 0, 0, 0, 1, 1, 1, 0, 2, 0, 0],846.2076922560091,56778.264829307496,97190.45389454465,false
6,G1_CMAX,G1_CMAX,[31, 22, 82, 15, 26, 9, 95, 42, 77, 12, 47, 5, 93, 78, 86, 54, 85, 63, 18, 44, 20, 35, 43, 97, 91, 76, 10, 30, 21, 45, 71, 64, 1, 23, 17, 83, 24, 41, 60, 36, 6, 57, 40, 88, 65, 56, 79, 69, 67, 68, 46, 75, 38, 58, 19, 32, 81, 48, 27, 62, 87, 90, 99, 59, 11, 16, 72, 73, 70, 39, 37, 84, 3, 92, 25, 55, 28, 29, 51, 7, 66, 61, 98, 14, 89, 50, 33, 96, 80, 53, 8, 2, 34, 4, 52, 49, 0, 94, 74, 13]|[1, 1, 0, 1, 1, 0, 1, 2, 2, 1, 2, 2, 2, 1, 1, 0, 0, 0, 0, 2, 2, 0, 2, 2, 0, 1, 2, 2, 0, 0, 1, 2, 0, 2, 1, 0, 2, 1, 1, 1, 0, 1, 1, 1, 0, 2, 1, 2, 0, 0, 0, 2, 1, 1, 2, 1, 2, 1, 0, 0, 2, 1, 0, 1, 2, 1, 2, 1, 1, 1, 1, 1, 1, 0, 1, 1, 0, 0, 0, 1, 2, 1, 0, 0, 1, 0, 0, 0, 0, 2, 1, 0, 2, 1, 2, 0, 0, 1, 2, 0]|[4, 3, 2, 2, 4, 1, 2, 2, 2, 4, 1, 1, 2, 4, 4, 1, 2, 1, 2, 1, 1, 1, 2, 2, 1, 2, 1, 1, 1, 1, 3, 2, 2, 0, 4, 0, 1, 4, 0, 3, 2, 2, 2, 0, 1, 1, 0, 2, 0, 1, 2, 1, 1, 0, 1, 3, 2, 4, 1, 2, 2, 3, 1, 1, 1, 3, 0, 4, 3, 1, 4, 1, 1, 0, 4, 4, 2, 1, 1, 1, 1, 3, 2, 1, 1, 1, 2, 1, 1, 0, 3, 2, 1, 4, 1, 1, 2, 4, 1, 2]|[0, 2, 1, 1, 3, 0, 1, 0, 0, 0, 0, 0, 1, 0, 1, 0, 0, 0, 1, 0, 0, 0, 0, 1, 0, 2, 0, 0, 0, 1, 0, 0, 0, 0, 3, 0, 1, 3, 0, 2, 1, 1, 1, 0, 0, 0, 0, 0, 1, 0, 0, 0, 1, 3, 0, 0, 1, 2, 0, 1, 0, 2, 0, 1, 0, 2, 1, 0, 0, 1, 1, 3, 1, 1, 3, 3, 1, 0, 0, 2, 0, 0, 0, 0, 1, 0, 1, 0, 0, 0, 2, 0, 0, 0, 0, 1, 0, 2, 0, 0],822.506389223023,56377.59597877062,103555.64104503242,false
6,G4_BALANCED,G2_TEC,[31, 22, 82, 15, 26, 9, 95, 42, 77, 4, 47, 5, 93, 78, 86, 54, 85, 63, 18, 44, 20, 49, 36, 14, 74, 50, 53, 17, 21, 45, 71, 64, 3, 23, 30, 83, 24, 41, 60, 52, 65, 27, 90, 70, 39, 87, 48, 69, 99, 68, 46, 1, 38, 58, 97, 59, 28, 8, 73, 37, 35, 79, 11, 66, 76, 57, 40, 80, 96, 6, 16, 61, 33, 98, 32, 34, 51, 67, 10, 7, 56, 43, 62, 19, 91, 13, 75, 92, 0, 81, 2, 55, 88, 72, 29, 25, 12, 94, 89, 84]|[2, 1, 2, 1, 1, 2, 1, 1, 1, 1, 1, 0, 2, 2, 1, 2, 0, 0, 0, 2, 2, 1, 0, 2, 0, 2, 2, 1, 0, 1, 1, 1, 0, 0, 1, 0, 2, 1, 2, 2, 0, 1, 1, 1, 0, 2, 0, 2, 1, 0, 0, 2, 2, 0, 2, 0, 2, 1, 0, 0, 2, 1, 0, 2, 2, 0, 2, 2, 0, 1, 0, 1, 1, 0, 0, 1, 1, 0, 1, 2, 2, 1, 0, 2, 1, 0, 0, 0, 0, 1, 2, 0, 1, 1, 1, 1, 1, 1, 1, 0]|[0, 3, 0, 2, 4, 1, 4, 4, 2, 4, 3, 2, 1, 0, 2, 1, 1, 1, 2, 1, 2, 3, 0, 1, 0, 1, 1, 4, 1, 0, 3, 2, 2, 0, 4, 1, 1, 4, 0, 1, 2, 2, 4, 4, 1, 1, 0, 2, 3, 1, 2, 1, 2, 1, 1, 2, 1, 3, 0, 2, 2, 3, 1, 0, 1, 0, 0, 1, 2, 4, 1, 3, 4, 1, 2, 4, 3, 1, 3, 1, 0, 4, 2, 0, 3, 2, 2, 2, 2, 1, 1, 2, 4, 4, 3, 4, 3, 4, 4, 2]|[0, 2, 0, 1, 3, 0, 1, 3, 0, 0, 2, 0, 1, 0, 1, 0, 0, 0, 1, 0, 0, 2, 0, 0, 1, 0, 0, 3, 0, 1, 0, 2, 0, 0, 3, 0, 1, 3, 1, 0, 0, 1, 1, 3, 0, 0, 1, 0, 2, 0, 0, 0, 0, 0, 1, 0, 0, 0, 1, 1, 0, 2, 0, 0, 0, 1, 0, 0, 0, 2, 0, 0, 1, 0, 0, 2, 0, 0, 3, 0, 0, 2, 1, 0, 0, 0, 1, 0, 0, 1, 0, 0, 1, 2, 0, 3, 0, 2, 1, 1],912.877319724525,53649.845030311975,117820.15849824226,true
6,G2_TEC,G2_TEC,[31, 22, 82, 15, 26, 9, 95, 42, 77, 4, 47, 5, 93, 78, 86, 54, 85, 63, 18, 44, 20, 49, 36, 14, 74, 50, 53, 17, 21, 45, 71, 64, 3, 23, 30, 83, 24, 41, 60, 52, 65, 27, 90, 70, 39, 87, 48, 69, 99, 68, 46, 1, 38, 58, 97, 59, 28, 8, 73, 37, 35, 79, 11, 66, 76, 57, 40, 80, 96, 6, 16, 61, 33, 98, 32, 34, 51, 67, 10, 7, 56, 43, 29, 19, 91, 13, 62, 92, 0, 81, 2, 55, 88, 84, 75, 25, 12, 94, 89, 72]|[2, 1, 2, 1, 1, 2, 1, 1, 1, 1, 1, 0, 2, 2, 1, 2, 0, 0, 0, 2, 2, 1, 0, 2, 0, 2, 2, 1, 0, 1, 1, 1, 0, 0, 1, 0, 2, 1, 2, 2, 0, 1, 1, 1, 0, 2, 0, 2, 1, 0, 0, 2, 2, 0, 2, 0, 2, 1, 0, 0, 2, 1, 0, 2, 2, 0, 2, 2, 0, 1, 2, 1, 1, 0, 0, 1, 1, 1, 1, 2, 2, 1, 1, 1, 1, 0, 0, 0, 0, 1, 2, 0, 1, 0, 0, 1, 1, 1, 1, 1]|[0, 3, 0, 2, 4, 1, 4, 4, 2, 4, 3, 2, 1, 0, 2, 1, 1, 1, 2, 1, 2, 3, 0, 1, 0, 1, 1, 4, 1, 4, 3, 2, 2, 0, 4, 1, 1, 4, 0, 1, 2, 2, 4, 4, 1, 1, 0, 2, 3, 1, 2, 1, 2, 1, 1, 2, 0, 3, 0, 2, 2, 3, 1, 0, 1, 0, 0, 1, 2, 4, 1, 3, 4, 1, 2, 4, 3, 3, 3, 1, 0, 4, 3, 4, 3, 2, 2, 2, 2, 1, 1, 2, 4, 2, 2, 4, 3, 4, 4, 4]|[0, 2, 0, 1, 3, 0, 1, 3, 0, 0, 2, 0, 1, 0, 1, 0, 0, 0, 1, 0, 0, 2, 0, 0, 1, 0, 0, 3, 0, 1, 0, 2, 0, 0, 3, 0, 1, 3, 1, 0, 0, 1, 1, 3, 0, 0, 1, 0, 2, 0, 0, 0, 0, 0, 1, 0, 0, 0, 1, 1, 0, 2, 0, 0, 0, 1, 0, 0, 0, 2, 0, 0, 1, 0, 0, 2, 0, 0, 3, 0, 0, 2, 0, 3, 0, 0, 1, 0, 0, 1, 0, 0, 2, 1, 0, 3, 0, 2, 1, 2],894.5174754386885,53069.88264179214,120490.8728779781,false
6,G3_TWC,G3_TWC,[31, 22, 82, 15, 26, 9, 95, 42, 77, 12, 47, 5, 93, 78, 86, 96, 85, 63, 18, 44, 20, 35, 43, 97, 91, 76, 10, 30, 21, 45, 71, 64, 72, 23, 17, 83, 24, 41, 60, 36, 6, 57, 40, 88, 65, 56, 79, 69, 67, 68, 46, 75, 38, 58, 19, 32, 81, 48, 27, 62, 87, 90, 99, 59, 11, 16, 1, 73, 70, 39, 37, 84, 3, 92, 25, 55, 28, 51, 29, 7, 66, 61, 98, 14, 89, 50, 8, 54, 80, 53, 4, 74, 34, 33, 52, 49, 0, 94, 2, 13]|[1, 1, 0, 1, 1, 0, 1, 2, 2, 1, 2, 2, 2, 1, 1, 0, 0, 1, 0, 2, 2, 0, 1, 2, 0, 1, 2, 2, 0, 0, 1, 2, 1, 0, 1, 0, 2, 0, 1, 1, 0, 1, 1, 1, 0, 2, 1, 2, 0, 0, 0, 0, 1, 1, 2, 1, 2, 1, 0, 0, 2, 1, 0, 1, 2, 1, 2, 1, 1, 1, 1, 1, 1, 0, 1, 1, 0, 0, 0, 1, 2, 1, 0, 0, 1, 0, 1, 0, 0, 0, 1, 2, 2, 0, 1, 0, 0, 1, 0, 0]|[4, 3, 2, 2, 4, 1, 2, 2, 2, 4, 1, 1, 2, 4, 4, 1, 2, 4, 2, 1, 1, 1, 1, 2, 1, 2, 1, 1, 1, 1, 3, 2, 3, 0, 4, 0, 1, 1, 0, 3, 2, 2, 2, 0, 1, 1, 0, 2, 0, 1, 2, 2, 1, 0, 0, 3, 2, 4, 1, 2, 2, 3, 1, 1, 1, 3, 0, 4, 3, 1, 4, 1, 1, 0, 4, 4, 2, 1, 1, 1, 1, 3, 1, 1, 1, 1, 3, 1, 1, 2, 4, 1, 1, 2, 1, 1, 2, 4, 2, 2]|[0, 2, 1, 1, 3, 0, 1, 0, 0, 0, 0, 0, 1, 0, 1, 0, 0, 3, 1, 0, 0, 0, 3, 1, 0, 2, 0, 0, 0, 1, 0, 0, 0, 0, 3, 0, 1, 0, 0, 2, 1, 1, 1, 0, 0, 0, 0, 0, 1, 0, 0, 0, 1, 3, 0, 0, 1, 2, 0, 1, 0, 2, 0, 1, 0, 2, 1, 0, 0, 1, 1, 3, 1, 1, 3, 3, 1, 0, 0, 2, 0, 0, 0, 0, 1, 0, 2, 0, 0, 1, 0, 0, 0, 1, 1, 1, 0, 2, 0, 0],846.2076922560091,56778.264829307496,97190.45389454465,false
6,G1_CMAX,G1_CMAX,[31, 22, 82, 15, 73, 9, 95, 42, 77, 47, 98, 93, 78, 86, 54, 85, 18, 44, 20, 5, 43, 97, 76, 10, 30, 21, 45, 71, 64, 1, 23, 17, 83, 24, 41, 36, 75, 46, 68, 67, 69, 79, 56, 65, 88, 40, 57, 60, 6, 38, 58, 19, 32, 81, 48, 12, 27, 62, 87, 90, 99, 59, 11, 16, 72, 26, 70, 89, 37, 91, 3, 92, 25, 55, 28, 51, 29, 7, 84, 66, 61, 35, 14, 39, 50, 8, 96, 80, 63, 53, 33, 74, 34, 4, 52, 49, 0, 94, 2, 13]|[1, 1, 0, 1, 1, 0, 1, 2, 2, 2, 0, 2, 1, 1, 0, 0, 0, 2, 2, 2, 1, 2, 1, 2, 2, 0, 0, 1, 2, 1, 2, 1, 0, 2, 1, 1, 0, 0, 0, 0, 2, 1, 2, 0, 1, 1, 1, 1, 0, 1, 1, 2, 1, 2, 1, 1, 0, 0, 2, 1, 0, 1, 2, 1, 2, 1, 1, 1, 0, 0, 1, 0, 1, 1, 1, 0, 0, 1, 1, 2, 1, 2, 0, 1, 0, 1, 1, 0, 0, 0, 0, 2, 2, 1, 2, 0, 0, 1, 0, 0]|[0, 3, 2, 2, 4, 1, 2, 2, 2, 0, 1, 2, 4, 4, 1, 2, 2, 1, 1, 1, 1, 2, 2, 1, 1, 1, 1, 3, 2, 3, 0, 4, 2, 1, 4, 3, 2, 2, 1, 0, 2, 0, 1, 1, 0, 2, 2, 0, 2, 1, 0, 0, 3, 1, 4, 4, 1, 2, 2, 3, 1, 1, 1, 3, 0, 4, 3, 1, 1, 1, 1, 0, 4, 4, 4, 1, 1, 1, 1, 0, 3, 1, 1, 1, 1, 3, 3, 1, 1, 2, 2, 0, 1, 4, 1, 1, 2, 4, 2, 2]|[2, 0, 1, 1, 3, 0, 1, 0, 0, 0, 0, 1, 0, 1, 0, 0, 1, 0, 0, 0, 3, 1, 2, 0, 0, 0, 1, 0, 0, 0, 0, 3, 0, 1, 3, 2, 0, 0, 0, 1, 0, 0, 0, 0, 0, 1, 1, 0, 1, 1, 3, 0, 0, 0, 2, 0, 0, 1, 0, 2, 0, 1, 0, 2, 1, 0, 0, 1, 0, 0, 1, 1, 3, 3, 1, 0, 0, 2, 3, 0, 0, 0, 0, 1, 0, 2, 2, 0, 0, 1, 1, 0, 0, 0, 0, 1, 0, 2, 0, 0],758.5733280723285,57864.89211320203,105557.26272355841,false
6,G4_BALANCED,G4_BALANCED,[31, 22, 82, 15, 26, 9, 95, 42, 77, 12, 47, 5, 93, 78, 86, 54, 85, 63, 18, 44, 20, 35, 43, 97, 91, 76, 10, 30, 21, 45, 71, 64, 1, 23, 17, 83, 24, 14, 60, 36, 6, 57, 40, 88, 65, 56, 79, 69, 67, 68, 46, 75, 38, 58, 19, 32, 81, 48, 27, 62, 87, 90, 99, 59, 11, 16, 72, 73, 61, 39, 37, 84, 3, 92, 25, 55, 28, 51, 29, 7, 66, 70, 98, 8, 89, 50, 41, 96, 80, 53, 33, 2, 34, 4, 52, 49, 0, 94, 74, 13]|[1, 1, 0, 1, 1, 0, 1, 2, 2, 1, 2, 2, 2, 1, 1, 0, 0, 1, 0, 2, 2, 0, 1, 2, 0, 1, 2, 2, 0, 0, 1, 2, 1, 0, 1, 0, 2, 0, 1, 1, 0, 1, 1, 1, 0, 2, 1, 2, 0, 0, 0, 0, 1, 1, 2, 1, 2, 1, 0, 0, 2, 1, 0, 1, 2, 1, 2, 1, 1, 1, 1, 1, 1, 0, 1, 1, 0, 0, 0, 1, 2, 1, 2, 1, 1, 0, 0, 0, 0, 0, 0, 0, 2, 1, 2, 0, 0, 1, 2, 0]|[4, 3, 2, 2, 4, 1, 2, 2, 2, 4, 1, 1, 2, 4, 4, 1, 2, 4, 2, 1, 1, 1, 1, 2, 1, 2, 1, 1, 1, 1, 3, 2, 3, 0, 4, 0, 1, 1, 0, 3, 2, 2, 2, 0, 1, 1, 0, 2, 0, 1, 2, 2, 1, 0, 0, 3, 2, 4, 1, 2, 2, 3, 1, 1, 1, 3, 0, 4, 3, 1, 4, 1, 1, 0, 4, 4, 2, 1, 1, 1, 0, 3, 1, 3, 1, 1, 1, 1, 1, 2, 1, 2, 1, 4, 1, 1, 2, 4, 1, 2]|[0, 2, 1, 1, 3, 0, 1, 0, 0, 0, 0, 0, 1, 0, 1, 0, 0, 3, 1, 0, 0, 0, 3, 1, 0, 2, 0, 0, 0, 1, 0, 0, 0, 0, 3, 0, 1, 0, 0, 2, 1, 1, 1, 0, 0, 0, 0, 0, 1, 0, 0, 0, 1, 3, 0, 0, 1, 2, 0, 1, 0, 2, 0, 1, 0, 2, 1, 0, 0, 1, 1, 3, 1, 1, 3, 3, 1, 0, 0, 2, 0, 0, 0, 2, 1, 0, 0, 0, 0, 1, 0, 0, 0, 0, 0, 1, 0, 2, 0, 0],829.8930236232125,56533.470747758045,98760.82666591895,false
6,G2_TEC,G2_TEC,[31, 22, 82, 15, 26, 9, 95, 42, 77, 4, 47, 5, 93, 78, 86, 54, 85, 63, 18, 44, 20, 49, 36, 14, 74, 50, 53, 17, 21, 45, 71, 64, 3, 23, 30, 83, 24, 41, 60, 52, 65, 27, 90, 70, 39, 87, 48, 69, 99, 68, 46, 1, 38, 58, 97, 59, 28, 8, 73, 37, 35, 79, 11, 66, 76, 57, 40, 80, 96, 6, 16, 61, 33, 98, 32, 34, 51, 67, 10, 7, 56, 43, 29, 19, 91, 13, 62, 92, 0, 81, 2, 55, 88, 84, 75, 25, 12, 94, 89, 72]|[2, 1, 2, 1, 1, 2, 1, 1, 1, 1, 1, 0, 2, 2, 1, 2, 0, 0, 0, 2, 2, 1, 0, 2, 0, 2, 2, 1, 0, 1, 1, 1, 0, 0, 1, 0, 2, 1, 2, 2, 0, 1, 1, 1, 0, 2, 0, 2, 1, 0, 0, 2, 2, 0, 2, 0, 2, 1, 0, 0, 2, 1, 0, 2, 2, 0, 2, 2, 0, 1, 2, 1, 1, 0, 0, 1, 1, 1, 1, 2, 2, 1, 1, 1, 1, 0, 0, 0, 0, 1, 2, 0, 1, 0, 0, 1, 1, 1, 1, 1]|[0, 3, 0, 2, 4, 1, 4, 4, 2, 4, 3, 2, 1, 0, 2, 1, 1, 1, 2, 1, 2, 3, 0, 1, 0, 1, 1, 4, 1, 4, 3, 2, 2, 0, 4, 1, 1, 4, 0, 1, 2, 2, 4, 4, 1, 1, 0, 2, 3, 1, 2, 1, 2, 1, 1, 2, 0, 3, 0, 2, 2, 3, 1, 0, 1, 0, 0, 1, 2, 4, 1, 3, 4, 1, 2, 4, 3, 3, 3, 1, 0, 4, 3, 4, 3, 2, 2, 2, 2, 1, 1, 2, 4, 2, 2, 4, 3, 4, 4, 4]|[0, 2, 0, 1, 3, 0, 1, 3, 0, 0, 2, 0, 1, 0, 1, 0, 0, 0, 1, 0, 0, 2, 0, 0, 1, 0, 0, 3, 0, 1, 0, 2, 0, 0, 3, 0, 1, 3, 1, 0, 0, 1, 1, 3, 0, 0, 1, 0, 2, 0, 0, 0, 0, 0, 1, 0, 0, 0, 1, 1, 0, 2, 0, 0, 0, 1, 0, 0, 0, 2, 0, 0, 1, 0, 0, 2, 0, 0, 3, 0, 0, 2, 0, 3, 0, 0, 1, 0, 0, 1, 0, 0, 2, 1, 0, 3, 0, 2, 1, 2],894.5174754386885,53069.88264179214,120490.8728779781,false
6,G3_TWC,G3_TWC,[31, 22, 82, 15, 26, 9, 95, 42, 77, 12, 47, 5, 93, 78, 86, 96, 85, 63, 18, 44, 20, 35, 43, 97, 91, 76, 10, 30, 21, 45, 71, 64, 72, 23, 17, 83, 24, 41, 60, 36, 6, 57, 40, 88, 65, 56, 79, 69, 67, 68, 46, 75, 38, 58, 19, 32, 81, 48, 27, 62, 87, 90, 99, 59, 11, 16, 1, 73, 70, 39, 37, 84, 3, 92, 25, 55, 28, 51, 29, 7, 66, 61, 98, 14, 89, 50, 8, 54, 80, 53, 4, 74, 34, 33, 52, 49, 0, 94, 2, 13]|[1, 1, 0, 1, 1, 0, 1, 2, 2, 1, 2, 2, 2, 1, 1, 0, 0, 1, 0, 2, 2, 0, 1, 2, 0, 1, 2, 2, 0, 0, 1, 2, 1, 0, 1, 0, 2, 0, 1, 1, 0, 1, 1, 1, 0, 2, 1, 2, 0, 0, 0, 0, 1, 1, 2, 1, 2, 1, 0, 0, 2, 1, 0, 1, 2, 1, 2, 1, 1, 1, 1, 1, 1, 0, 1, 1, 0, 0, 0, 1, 2, 1, 0, 0, 1, 0, 1, 0, 0, 0, 1, 2, 2, 0, 1, 0, 0, 1, 0, 0]|[4, 3, 2, 2, 4, 1, 2, 2, 2, 4, 1, 1, 2, 4, 4, 1, 2, 4, 2, 1, 1, 1, 1, 2, 1, 2, 1, 1, 1, 1, 3, 2, 3, 0, 4, 0, 1, 1, 0, 3, 2, 2, 2, 0, 1, 1, 0, 2, 0, 1, 2, 2, 1, 0, 0, 3, 2, 4, 1, 2, 2, 3, 1, 1, 1, 3, 0, 4, 3, 1, 4, 1, 1, 0, 4, 4, 2, 1, 1, 1, 1, 3, 1, 1, 1, 1, 3, 1, 1, 2, 4, 1, 1, 2, 1, 1, 2, 4, 2, 2]|[0, 2, 1, 1, 3, 0, 1, 0, 0, 0, 0, 0, 1, 0, 1, 0, 0, 3, 1, 0, 0, 0, 3, 1, 0, 2, 0, 0, 0, 1, 0, 0, 0, 0, 3, 0, 1, 0, 0, 2, 1, 1, 1, 0, 0, 0, 0, 0, 1, 0, 0, 0, 1, 3, 0, 0, 1, 2, 0, 1, 0, 2, 0, 1, 0, 2, 1, 0, 0, 1, 1, 3, 1, 1, 3, 3, 1, 0, 0, 2, 0, 0, 0, 0, 1, 0, 2, 0, 0, 1, 0, 0, 0, 1, 1, 1, 0, 2, 0, 0],846.2076922560091,56778.264829307496,97190.45389454465,false
6,G1_CMAX,G1_CMAX,[31, 22, 82, 15, 73, 9, 95, 42, 77, 12, 47, 98, 93, 78, 86, 54, 85, 63, 18, 44, 20, 35, 43, 97, 37, 76, 10, 30, 21, 45, 61, 64, 1, 23, 17, 83, 24, 41, 60, 36, 6, 57, 40, 88, 65, 56, 79, 69, 67, 68, 46, 75, 38, 58, 19, 32, 81, 48, 27, 62, 87, 90, 99, 59, 11, 16, 72, 26, 70, 89, 91, 84, 3, 92, 25, 55, 28, 51, 29, 7, 96, 74, 5, 14, 39, 80, 33, 8, 50, 53, 66, 2, 34, 4, 52, 49, 0, 94, 71, 13]|[1, 1, 0, 1, 1, 0, 1, 2, 2, 1, 2, 2, 2, 1, 1, 0, 0, 0, 0, 2, 2, 0, 1, 2, 0, 1, 2, 2, 0, 0, 1, 2, 1, 2, 1, 0, 2, 1, 1, 1, 0, 1, 1, 1, 0, 2, 1, 2, 0, 0, 0, 0, 1, 1, 2, 1, 2, 1, 0, 0, 2, 1, 0, 1, 2, 1, 2, 1, 1, 1, 0, 1, 1, 0, 1, 1, 1, 0, 1, 1, 0, 2, 2, 0, 1, 0, 0, 1, 0, 0, 2, 0, 2, 1, 2, 0, 0, 1, 2, 0]|[4, 3, 2, 2, 4, 1, 2, 2, 1, 4, 0, 1, 2, 4, 4, 1, 2, 1, 2, 1, 1, 1, 1, 2, 1, 2, 1, 1, 1, 1, 1, 2, 3, 0, 4, 0, 1, 4, 0, 3, 2, 2, 2, 0, 1, 1, 0, 2, 0, 1, 2, 2, 1, 4, 0, 3, 1, 4, 1, 2, 2, 3, 1, 1, 1, 3, 0, 4, 3, 1, 1, 1, 1, 0, 4, 4, 4, 1, 3, 1, 1, 0, 1, 2, 1, 1, 2, 3, 1, 2, 0, 2, 1, 4, 1, 1, 2, 4, 1, 2]|[0, 2, 1, 1, 3, 0, 1, 0, 0, 0, 0, 0, 1, 0, 1, 0, 0, 0, 1, 0, 0, 0, 3, 1, 0, 2, 0, 0, 0, 1, 3, 0, 0, 0, 3, 0, 1, 3, 0, 2, 1, 1, 1, 0, 0, 0, 0, 0, 1, 0, 0, 0, 1, 3, 0, 0, 0, 2, 0, 1, 0, 2, 0, 1, 0, 2, 1, 0, 0, 1, 0, 3, 1, 1, 3, 3, 1, 0, 0, 2, 0, 0, 0, 0, 1, 0, 1, 2, 0, 1, 0, 0, 0, 0, 0, 1, 0, 2, 0, 0],789.0469836246521,56736.66854690487,109055.00294687356,false
6,G4_BALANCED,G1_CMAX,[31, 22, 82, 15, 26, 9, 95, 42, 77, 12, 47, 5, 93, 78, 86, 54, 85, 63, 18, 44, 20, 35, 43, 97, 91, 76, 10, 30, 21, 45, 71, 64, 1, 23, 17, 83, 24, 41, 60, 36, 6, 57, 40, 88, 65, 56, 79, 69, 67, 68, 46, 75, 38, 58, 19, 32, 81, 48, 27, 62, 87, 90, 99, 59, 11, 16, 72, 73, 70, 39, 37, 84, 3, 92, 25, 55, 28, 50, 51, 7, 66, 61, 98, 8, 89, 29, 14, 96, 80, 53, 33, 2, 34, 4, 52, 49, 0, 94, 74, 13]|[1, 1, 0, 1, 1, 0, 1, 2, 2, 1, 2, 2, 2, 1, 1, 0, 0, 1, 0, 2, 2, 0, 1, 2, 0, 1, 2, 2, 0, 0, 1, 2, 1, 2, 1, 0, 2, 0, 1, 1, 0, 1, 1, 1, 0, 2, 1, 2, 0, 0, 0, 0, 1, 1, 2, 1, 2, 1, 0, 0, 2, 1, 0, 1, 2, 1, 2, 1, 1, 1, 1, 1, 1, 0, 1, 1, 0, 0, 0, 1, 2, 1, 0, 1, 1, 0, 0, 0, 0, 0, 0, 0, 2, 1, 1, 0, 0, 1, 2, 0]|[4, 3, 2, 2, 4, 1, 2, 2, 2, 4, 1, 1, 2, 4, 4, 1, 2, 4, 2, 1, 1, 1, 1, 2, 1, 2, 1, 1, 1, 1, 3, 2, 3, 0, 4, 0, 1, 1, 0, 3, 2, 2, 2, 0, 1, 1, 0, 2, 0, 1, 2, 2, 1, 0, 0, 3, 2, 4, 1, 2, 2, 3, 1, 1, 1, 3, 0, 4, 3, 1, 4, 1, 1, 0, 4, 4, 2, 1, 1, 1, 1, 3, 1, 3, 1, 1, 1, 1, 1, 2, 2, 2, 1, 4, 1, 1, 2, 4, 1, 2]|[0, 2, 1, 1, 3, 0, 1, 0, 0, 0, 0, 0, 1, 0, 1, 0, 0, 3, 1, 0, 0, 0, 3, 1, 0, 2, 0, 0, 0, 1, 0, 0, 0, 0, 3, 0, 1, 0, 0, 2, 1, 1, 1, 0, 0, 0, 0, 0, 1, 0, 0, 0, 1, 3, 0, 0, 1, 2, 0, 1, 0, 2, 0, 1, 0, 2, 1, 0, 0, 1, 1, 3, 1, 1, 3, 3, 1, 0, 0, 2, 0, 0, 0, 2, 1, 0, 0, 0, 0, 1, 1, 0, 0, 0, 1, 1, 0, 2, 0, 0],805.9137171843607,57305.4592953049,98210.63274169792,true
6,G2_TEC,G2_TEC,[31, 22, 82, 15, 26, 9, 95, 42, 77, 4, 47, 5, 93, 78, 86, 54, 85, 63, 18, 44, 20, 49, 36, 14, 74, 50, 53, 17, 21, 45, 71, 64, 3, 23, 30, 83, 24, 41, 60, 52, 65, 27, 90, 70, 39, 87, 48, 69, 99, 68, 46, 1, 38, 58, 97, 59, 28, 8, 73, 37, 35, 79, 11, 66, 76, 57, 40, 80, 96, 6, 16, 61, 33, 98, 32, 34, 51, 67, 10, 7, 56, 43, 29, 19, 91, 13, 62, 92, 0, 81, 2, 55, 88, 84, 75, 25, 12, 94, 89, 72]|[2, 1, 2, 1, 1, 2, 1, 1, 1, 1, 1, 0, 2, 2, 1, 2, 0, 0, 0, 2, 2, 1, 0, 2, 0, 2, 2, 1, 0, 1, 1, 1, 0, 0, 1, 0, 2, 1, 2, 2, 0, 1, 1, 1, 0, 2, 0, 2, 1, 0, 0, 2, 2, 0, 2, 0, 2, 1, 0, 0, 2, 1, 0, 2, 2, 0, 2, 2, 0, 1, 2, 1, 1, 0, 0, 1, 1, 1, 1, 2, 2, 1, 1, 1, 1, 0, 0, 0, 0, 1, 2, 0, 1, 0, 0, 1, 1, 1, 1, 1]|[0, 3, 0, 2, 4, 1, 4, 4, 2, 4, 3, 2, 1, 0, 2, 1, 1, 1, 2, 1, 2, 3, 0, 1, 0, 1, 1, 4, 1, 4, 3, 2, 2, 0, 4, 1, 1, 4, 0, 1, 2, 2, 4, 4, 1, 1, 0, 2, 3, 1, 2, 1, 2, 1, 1, 2, 0, 3, 0, 2, 2, 3, 1, 0, 1, 0, 0, 1, 2, 4, 1, 3, 4, 1, 2, 4, 3, 3, 3, 1, 0, 4, 3, 4, 3, 2, 2, 2, 2, 1, 1, 2, 4, 2, 2, 4, 3, 4, 4, 4]|[0, 2, 0, 1, 3, 0, 1, 3, 0, 0, 2, 0, 1, 0, 1, 0, 0, 0, 1, 0, 0, 2, 0, 0, 1, 0, 0, 3, 0, 1, 0, 2, 0, 0, 3, 0, 1, 3, 1, 0, 0, 1, 1, 3, 0, 0, 1, 0, 2, 0, 0, 0, 0, 0, 1, 0, 0, 0, 1, 1, 0, 2, 0, 0, 0, 1, 0, 0, 0, 2, 0, 0, 1, 0, 0, 2, 0, 0, 3, 0, 0, 2, 0, 3, 0, 0, 1, 0, 0, 1, 0, 0, 2, 1, 0, 3, 0, 2, 1, 2],894.5174754386885,53069.88264179214,120490.8728779781,false
6,G3_TWC,G3_TWC,[31, 22, 82, 15, 26, 9, 95, 42, 77, 12, 47, 5, 93, 78, 86, 96, 85, 63, 18, 44, 20, 35, 43, 97, 91, 76, 10, 30, 21, 45, 71, 64, 72, 23, 17, 83, 24, 41, 60, 36, 6, 57, 40, 88, 65, 56, 79, 69, 67, 68, 46, 75, 38, 58, 19, 32, 81, 48, 27, 62, 87, 90, 99, 59, 11, 16, 1, 73, 70, 39, 37, 84, 3, 92, 25, 55, 28, 51, 29, 7, 66, 61, 98, 14, 89, 50, 8, 54, 80, 53, 4, 74, 34, 33, 52, 49, 0, 94, 2, 13]|[1, 1, 0, 1, 1, 0, 1, 2, 2, 1, 2, 2, 2, 1, 1, 0, 0, 1, 0, 2, 2, 0, 1, 2, 0, 1, 2, 2, 0, 0, 1, 2, 1, 0, 1, 0, 2, 0, 1, 1, 0, 1, 1, 1, 0, 2, 1, 2, 0, 0, 0, 0, 1, 1, 2, 1, 2, 1, 0, 0, 2, 1, 0, 1, 2, 1, 2, 1, 1, 1, 1, 1, 1, 0, 1, 1, 0, 0, 0, 1, 2, 1, 0, 0, 1, 0, 1, 0, 0, 0, 1, 2, 2, 0, 1, 0, 0, 1, 0, 0]|[4, 3, 2, 2, 4, 1, 2, 2, 2, 4, 1, 1, 2, 4, 4, 1, 2, 4, 2, 1, 1, 1, 1, 2, 1, 2, 1, 1, 1, 1, 3, 2, 3, 0, 4, 0, 1, 1, 0, 3, 2, 2, 2, 0, 1, 1, 0, 2, 0, 1, 2, 2, 1, 0, 0, 3, 2, 4, 1, 2, 2, 3, 1, 1, 1, 3, 0, 4, 3, 1, 4, 1, 1, 0, 4, 4, 2, 1, 1, 1, 1, 3, 1, 1, 1, 1, 3, 1, 1, 2, 4, 1, 1, 2, 1, 1, 2, 4, 2, 2]|[0, 2, 1, 1, 3, 0, 1, 0, 0, 0, 0, 0, 1, 0, 1, 0, 0, 3, 1, 0, 0, 0, 3, 1, 0, 2, 0, 0, 0, 1, 0, 0, 0, 0, 3, 0, 1, 0, 0, 2, 1, 1, 1, 0, 0, 0, 0, 0, 1, 0, 0, 0, 1, 3, 0, 0, 1, 2, 0, 1, 0, 2, 0, 1, 0, 2, 1, 0, 0, 1, 1, 3, 1, 1, 3, 3, 1, 0, 0, 2, 0, 0, 0, 0, 1, 0, 2, 0, 0, 1, 0, 0, 0, 1, 1, 1, 0, 2, 0, 0],846.2076922560091,56778.264829307496,97190.45389454465,false
6,G1_CMAX,G3_TWC,[31, 22, 82, 15, 73, 9, 95, 42, 77, 12, 47, 98, 93, 78, 86, 54, 85, 63, 18, 44, 20, 35, 43, 97, 37, 76, 10, 30, 21, 45, 71, 64, 1, 23, 17, 83, 24, 41, 60, 36, 6, 57, 40, 88, 65, 56, 79, 69, 67, 68, 7, 75, 38, 58, 19, 32, 81, 48, 27, 62, 87, 90, 99, 59, 11, 16, 72, 26, 70, 89, 91, 84, 3, 92, 28, 55, 25, 51, 29, 80, 33, 61, 5, 14, 39, 50, 66, 96, 46, 53, 8, 2, 34, 4, 52, 49, 0, 94, 74, 13]|[1, 1, 0, 1, 1, 0, 1, 2, 2, 1, 2, 2, 2, 1, 1, 0, 0, 0, 0, 2, 2, 0, 1, 2, 1, 1, 2, 2, 0, 0, 1, 2, 1, 2, 1, 0, 2, 1, 1, 1, 0, 1, 1, 1, 0, 2, 1, 2, 0, 0, 0, 0, 1, 1, 2, 1, 2, 1, 0, 0, 2, 1, 0, 1, 2, 1, 2, 1, 1, 1, 1, 1, 1, 0, 1, 1, 1, 0, 0, 0, 0, 1, 2, 0, 1, 0, 2, 0, 0, 0, 1, 0, 2, 1, 2, 0, 0, 1, 2, 0]|[4, 3, 2, 2, 4, 1, 2, 2, 1, 4, 0, 1, 2, 4, 4, 1, 2, 1, 2, 1, 1, 1, 1, 2, 4, 2, 1, 1, 1, 1, 3, 2, 3, 0, 4, 0, 1, 4, 0, 3, 2, 2, 2, 0, 1, 1, 0, 2, 0, 1, 2, 2, 1, 4, 0, 3, 1, 4, 1, 2, 2, 3, 1, 1, 1, 3, 0, 4, 3, 1, 4, 1, 1, 0, 4, 4, 4, 1, 1, 1, 2, 3, 1, 1, 1, 1, 1, 1, 2, 2, 3, 2, 1, 4, 1, 1, 2, 4, 1, 2]|[0, 2, 1, 1, 3, 0, 1, 0, 0, 0, 0, 0, 1, 0, 1, 0, 0, 0, 1, 0, 0, 0, 3, 1, 1, 2, 0, 0, 0, 1, 0, 0, 0, 0, 3, 0, 1, 3, 0, 2, 1, 1, 1, 0, 0, 0, 0, 0, 1, 0, 0, 0, 1, 3, 0, 0, 0, 2, 0, 1, 0, 2, 0, 1, 0, 2, 1, 0, 0, 1, 1, 3, 1, 1, 1, 3, 3, 0, 0, 0, 1, 0, 0, 0, 1, 0, 0, 0, 0, 1, 2, 0, 0, 0, 0, 1, 0, 2, 0, 0],851.8743321023356,56371.78253388138,109538.96174008268,true
6,G4_BALANCED,G4_BALANCED,[31, 22, 82, 15, 26, 9, 36, 42, 77, 4, 47, 5, 93, 78, 86, 54, 85, 63, 18, 44, 20, 49, 95, 14, 74, 50, 53, 17, 21, 45, 71, 64, 3, 23, 30, 83, 24, 41, 60, 52, 65, 27, 90, 70, 39, 87, 48, 69, 99, 68, 46, 1, 38, 58, 97, 59, 28, 8, 73, 37, 35, 79, 11, 66, 76, 57, 40, 80, 96, 6, 16, 61, 33, 98, 32, 34, 51, 67, 10, 7, 56, 88, 29, 19, 91, 13, 62, 92, 25, 81, 2, 55, 43, 72, 75, 0, 12, 94, 89, 84]|[2, 1, 2, 1, 1, 2, 0, 1, 1, 1, 1, 0, 2, 2, 1, 2, 0, 0, 0, 2, 2, 1, 0, 2, 0, 2, 2, 1, 0, 1, 1, 1, 0, 0, 1, 0, 2, 1, 2, 2, 0, 1, 1, 1, 0, 2, 0, 2, 1, 0, 0, 2, 2, 0, 2, 0, 2, 1, 0, 0, 2, 1, 0, 2, 2, 0, 2, 2, 0, 0, 1, 1, 1, 0, 0, 1, 1, 0, 1, 2, 2, 1, 1, 2, 1, 0, 0, 0, 1, 1, 2, 0, 1, 1, 0, 0, 1, 1, 1, 0]|[0, 3, 0, 2, 4, 1, 0, 4, 2, 4, 3, 2, 1, 0, 2, 1, 1, 1, 2, 1, 2, 3, 0, 1, 0, 1, 1, 4, 1, 4, 3, 2, 2, 0, 4, 1, 1, 4, 0, 1, 2, 2, 4, 4, 1, 1, 0, 2, 3, 1, 2, 1, 2, 1, 1, 2, 1, 3, 0, 2, 2, 3, 1, 0, 1, 0, 0, 1, 2, 1, 0, 3, 4, 1, 2, 4, 3, 1, 3, 1, 0, 4, 3, 0, 3, 2, 2, 2, 4, 1, 1, 2, 4, 4, 2, 2, 3, 4, 4, 2]|[0, 2, 0, 1, 3, 0, 0, 3, 0, 0, 2, 0, 1, 0, 1, 0, 0, 0, 1, 0, 0, 2, 0, 0, 1, 0, 0, 3, 0, 1, 0, 2, 0, 0, 3, 0, 1, 3, 1, 0, 0, 1, 1, 3, 0, 0, 1, 0, 2, 0, 0, 0, 0, 0, 1, 0, 0, 0, 1, 1, 0, 2, 0, 0, 0, 1, 0, 0, 0, 0, 1, 0, 1, 0, 0, 2, 0, 0, 3, 0, 0, 1, 0, 0, 0, 0, 1, 0, 3, 1, 0, 0, 2, 1, 0, 0, 0, 2, 1, 1],979.9163322753324,53307.31829482637,118750.42523711445,false
6,G2_TEC,G2_TEC,[31, 22, 82, 15, 26, 9, 95, 42, 77, 4, 47, 5, 93, 78, 86, 54, 85, 63, 18, 44, 20, 49, 36, 14, 74, 50, 53, 17, 21, 45, 71, 64, 3, 23, 30, 83, 24, 41, 60, 52, 65, 27, 90, 70, 39, 87, 48, 69, 99, 68, 46, 1, 38, 58, 97, 59, 28, 8, 73, 37, 35, 79, 11, 66, 76, 57, 40, 80, 96, 6, 16, 61, 33, 98, 32, 34, 51, 67, 10, 7, 56, 43, 29, 19, 91, 13, 62, 92, 0, 81, 2, 55, 88, 84, 75, 25, 12, 94, 89, 72]|[2, 1, 2, 1, 1, 2, 1, 1, 1, 1, 1, 0, 2, 2, 1, 2, 0, 0, 0, 2, 2, 1, 0, 2, 0, 2, 2, 1, 0, 1, 1, 1, 0, 0, 1, 0, 2, 1, 2, 2, 0, 1, 1, 1, 0, 2, 0, 2, 1, 0, 0, 2, 2, 0, 2, 0, 2, 1, 0, 0, 2, 1, 0, 2, 2, 0, 2, 2, 0, 1, 2, 1, 1, 0, 0, 1, 1, 1, 1, 2, 2, 1, 1, 1, 1, 0, 0, 0, 0, 1, 2, 0, 1, 0, 0, 1, 1, 1, 1, 1]|[0, 3, 0, 2, 4, 1, 4, 4, 2, 4, 3, 2, 1, 0, 2, 1, 1, 1, 2, 1, 2, 3, 0, 1, 0, 1, 1, 4, 1, 4, 3, 2, 2, 0, 4, 1, 1, 4, 0, 1, 2, 2, 4, 4, 1, 1, 0, 2, 3, 1, 2, 1, 2, 1, 1, 2, 0, 3, 0, 2, 2, 3, 1, 0, 1, 0, 0, 1, 2, 4, 1, 3, 4, 1, 2, 4, 3, 3, 3, 1, 0, 4, 3, 4, 3, 2, 2, 2, 2, 1, 1, 2, 4, 2, 2, 4, 3, 4, 4, 4]|[0, 2, 0, 1, 3, 0, 1, 3, 0, 0, 2, 0, 1, 0, 1, 0, 0, 0, 1, 0, 0, 2, 0, 0, 1, 0, 0, 3, 0, 1, 0, 2, 0, 0, 3, 0, 1, 3, 1, 0, 0, 1, 1, 3, 0, 0, 1, 0, 2, 0, 0, 0, 0, 0, 1, 0, 0, 0, 1, 1, 0, 2, 0, 0, 0, 1, 0, 0, 0, 2, 0, 0, 1, 0, 0, 2, 0, 0, 3, 0, 0, 2, 0, 3, 0, 0, 1, 0, 0, 1, 0, 0, 2, 1, 0, 3, 0, 2, 1, 2],894.5174754386885,53069.88264179214,120490.8728779781,false
6,G3_TWC,G3_TWC,[31, 22, 82, 15, 26, 9, 95, 42, 77, 12, 47, 5, 93, 78, 86, 96, 85, 63, 18, 44, 20, 35, 43, 97, 91, 76, 10, 30, 21, 45, 71, 64, 72, 23, 17, 83, 24, 41, 60, 36, 6, 57, 40, 88, 65, 56, 79, 69, 67, 68, 46, 75, 38, 58, 19, 32, 81, 48, 27, 62, 87, 90, 99, 59, 11, 16, 1, 73, 70, 39, 37, 84, 3, 92, 25, 55, 28, 51, 29, 7, 66, 61, 98, 14, 89, 50, 8, 54, 80, 53, 4, 74, 34, 33, 52, 49, 0, 94, 2, 13]|[1, 1, 0, 1, 1, 0, 1, 2, 2, 1, 2, 2, 2, 1, 1, 0, 0, 1, 0, 2, 2, 0, 1, 2, 0, 1, 2, 2, 0, 0, 1, 2, 1, 0, 1, 0, 2, 0, 1, 1, 0, 1, 1, 1, 0, 2, 1, 2, 0, 0, 0, 0, 1, 1, 2, 1, 2, 1, 0, 0, 2, 1, 0, 1, 2, 1, 2, 1, 1, 1, 1, 1, 1, 0, 1, 1, 0, 0, 0, 1, 2, 1, 0, 0, 1, 0, 1, 0, 0, 0, 1, 2, 2, 0, 1, 0, 0, 1, 0, 0]|[4, 3, 2, 2, 4, 1, 2, 2, 2, 4, 1, 1, 2, 4, 4, 1, 2, 4, 2, 1, 1, 1, 1, 2, 1, 2, 1, 1, 1, 1, 3, 2, 3, 0, 4, 0, 1, 1, 0, 3, 2, 2, 2, 0, 1, 1, 0, 2, 0, 1, 2, 2, 1, 0, 0, 3, 2, 4, 1, 2, 2, 3, 1, 1, 1, 3, 0, 4, 3, 1, 4, 1, 1, 0, 4, 4, 2, 1, 1, 1, 1, 3, 1, 1, 1, 1, 3, 1, 1, 2, 4, 1, 1, 2, 1, 1, 2, 4, 2, 2]|[0, 2, 1, 1, 3, 0, 1, 0, 0, 0, 0, 0, 1, 0, 1, 0, 0, 3, 1, 0, 0, 0, 3, 1, 0, 2, 0, 0, 0, 1, 0, 0, 0, 0, 3, 0, 1, 0, 0, 2, 1, 1, 1, 0, 0, 0, 0, 0, 1, 0, 0, 0, 1, 3, 0, 0, 1, 2, 0, 1, 0, 2, 0, 1, 0, 2, 1, 0, 0, 1, 1, 3, 1, 1, 3, 3, 1, 0, 0, 2, 0, 0, 0, 0, 1, 0, 2, 0, 0, 1, 0, 0, 0, 1, 1, 1, 0, 2, 0, 0],846.2076922560091,56778.264829307496,97190.45389454465,false
6,G1_CMAX,G3_TWC,[31, 22, 82, 15, 26, 9, 95, 42, 77, 12, 47, 5, 93, 78, 86, 54, 85, 63, 18, 44, 20, 35, 43, 97, 91, 76, 10, 30, 21, 45, 71, 64, 1, 23, 17, 83, 24, 41, 60, 36, 6, 57, 40, 88, 65, 56, 79, 69, 67, 68, 46, 75, 38, 58, 19, 32, 81, 48, 27, 62, 87, 90, 99, 59, 11, 16, 72, 73, 61, 39, 37, 84, 3, 92, 25, 55, 28, 51, 29, 7, 66, 70, 98, 8, 89, 50, 14, 96, 80, 53, 33, 2, 34, 4, 52, 49, 0, 94, 74, 13]|[1, 1, 0, 1, 1, 0, 1, 2, 2, 1, 2, 2, 2, 1, 1, 0, 0, 1, 0, 2, 2, 0, 1, 2, 0, 1, 2, 2, 0, 0, 1, 2, 1, 0, 1, 0, 2, 0, 1, 1, 0, 1, 1, 1, 0, 2, 1, 2, 0, 0, 0, 0, 1, 1, 2, 1, 2, 1, 0, 0, 2, 1, 0, 1, 2, 1, 2, 1, 1, 1, 1, 1, 1, 0, 1, 1, 0, 0, 0, 1, 2, 1, 0, 1, 1, 0, 0, 0, 0, 0, 0, 0, 2, 1, 2, 0, 0, 1, 2, 0]|[4, 3, 2, 2, 4, 1, 2, 2, 2, 4, 1, 1, 2, 4, 4, 1, 2, 4, 2, 1, 1, 1, 1, 2, 1, 2, 1, 1, 1, 1, 3, 2, 3, 0, 4, 0, 1, 1, 0, 3, 2, 2, 2, 0, 1, 1, 0, 2, 0, 1, 2, 2, 1, 0, 0, 3, 2, 4, 1, 2, 2, 3, 1, 1, 1, 3, 0, 4, 3, 1, 4, 1, 1, 0, 4, 4, 2, 1, 1, 1, 0, 3, 1, 3, 1, 1, 1, 1, 1, 2, 1, 2, 1, 4, 1, 1, 2, 4, 1, 2]|[0, 2, 1, 1, 3, 0, 1, 0, 0, 0, 0, 0, 1, 0, 1, 0, 0, 3, 1, 0, 0, 0, 3, 1, 0, 2, 0, 0, 0, 1, 0, 0, 0, 0, 3, 0, 1, 0, 0, 2, 1, 1, 1, 0, 0, 0, 0, 0, 1, 0, 0, 0, 1, 3, 0, 0, 1, 2, 0, 1, 0, 2, 0, 1, 0, 2, 1, 0, 0, 1, 1, 3, 1, 1, 3, 3, 1, 0, 0, 2, 0, 0, 0, 2, 1, 0, 0, 0, 0, 1, 0, 0, 0, 0, 0, 1, 0, 2, 0, 0],837.7307632655107,56674.68685324935,98313.97299696018,true
6,G4_BALANCED,G4_BALANCED,[31, 22, 82, 15, 26, 9, 36, 42, 77, 4, 47, 5, 93, 78, 86, 54, 85, 63, 18, 44, 20, 49, 95, 14, 74, 50, 53, 17, 21, 45, 71, 64, 3, 23, 30, 83, 24, 41, 60, 52, 65, 27, 90, 70, 39, 87, 48, 69, 99, 68, 46, 1, 38, 58, 97, 59, 28, 8, 73, 37, 35, 79, 11, 66, 76, 57, 40, 80, 96, 6, 16, 61, 33, 98, 32, 34, 51, 67, 10, 7, 56, 88, 29, 19, 91, 13, 62, 92, 25, 81, 2, 55, 43, 72, 75, 0, 12, 94, 89, 84]|[2, 1, 2, 1, 1, 2, 0, 1, 1, 1, 1, 0, 2, 2, 1, 2, 0, 0, 0, 2, 2, 1, 0, 2, 0, 2, 2, 1, 0, 1, 1, 1, 0, 0, 1, 0, 2, 1, 2, 2, 0, 1, 1, 1, 0, 2, 0, 2, 1, 0, 0, 2, 2, 0, 2, 0, 2, 1, 0, 0, 2, 1, 0, 2, 2, 0, 2, 2, 0, 0, 1, 1, 1, 0, 0, 1, 1, 0, 1, 2, 2, 1, 1, 2, 1, 0, 0, 0, 1, 1, 2, 0, 1, 1, 0, 0, 1, 1, 1, 0]|[0, 3, 0, 2, 4, 1, 0, 4, 2, 4, 3, 2, 1, 0, 2, 1, 1, 1, 2, 1, 2, 3, 0, 1, 0, 1, 1, 4, 1, 4, 3, 2, 2, 0, 4, 1, 1, 4, 0, 1, 2, 2, 4, 4, 1, 1, 0, 2, 3, 1, 2, 1, 2, 1, 1, 2, 1, 3, 0, 2, 2, 3, 1, 0, 1, 0, 0, 1, 2, 1, 0, 3, 4, 1, 2, 4, 3, 1, 3, 1, 0, 4, 3, 0, 3, 2, 2, 2, 4, 1, 1, 2, 4, 4, 2, 2, 3, 4, 4, 2]|[0, 2, 0, 1, 3, 0, 0, 3, 0, 0, 2, 0, 1, 0, 1, 0, 0, 0, 1, 0, 0, 2, 0, 0, 1, 0, 0, 3, 0, 1, 0, 2, 0, 0, 3, 0, 1, 3, 1, 0, 0, 1, 1, 3, 0, 0, 1, 0, 2, 0, 0, 0, 0, 0, 1, 0, 0, 0, 1, 1, 0, 2, 0, 0, 0, 1, 0, 0, 0, 0, 1, 0, 1, 0, 0, 2, 0, 0, 3, 0, 0, 1, 0, 0, 0, 0, 1, 0, 3, 1, 0, 0, 2, 1, 0, 0, 0, 2, 1, 1],979.9163322753324,53307.31829482637,118750.42523711445,false
6,G2_TEC,G2_TEC,[31, 22, 82, 15, 26, 9, 95, 42, 77, 4, 47, 5, 93, 78, 86, 54, 85, 63, 18, 44, 20, 49, 36, 14, 74, 50, 53, 17, 21, 45, 71, 64, 3, 23, 30, 83, 24, 41, 60, 52, 65, 27, 90, 70, 39, 87, 48, 69, 99, 68, 46, 1, 38, 58, 97, 59, 28, 8, 73, 37, 35, 79, 11, 66, 76, 57, 40, 80, 96, 6, 16, 61, 33, 98, 32, 34, 51, 67, 10, 7, 56, 43, 29, 19, 91, 13, 62, 92, 0, 81, 2, 55, 88, 84, 75, 25, 12, 94, 89, 72]|[2, 1, 2, 1, 1, 2, 1, 1, 1, 1, 1, 0, 2, 2, 1, 2, 0, 0, 0, 2, 2, 1, 0, 2, 0, 2, 2, 1, 0, 1, 1, 1, 0, 0, 1, 0, 2, 1, 2, 2, 0, 1, 1, 1, 0, 2, 0, 2, 1, 0, 0, 2, 2, 0, 2, 0, 2, 1, 0, 0, 2, 1, 0, 2, 2, 0, 2, 2, 0, 1, 2, 1, 1, 0, 0, 1, 1, 1, 1, 2, 2, 1, 1, 1, 1, 0, 0, 0, 0, 1, 2, 0, 1, 0, 0, 1, 1, 1, 1, 1]|[0, 3, 0, 2, 4, 1, 4, 4, 2, 4, 3, 2, 1, 0, 2, 1, 1, 1, 2, 1, 2, 3, 0, 1, 0, 1, 1, 4, 1, 4, 3, 2, 2, 0, 4, 1, 1, 4, 0, 1, 2, 2, 4, 4, 1, 1, 0, 2, 3, 1, 2, 1, 2, 1, 1, 2, 0, 3, 0, 2, 2, 3, 1, 0, 1, 0, 0, 1, 2, 4, 1, 3, 4, 1, 2, 4, 3, 3, 3, 1, 0, 4, 3, 4, 3, 2, 2, 2, 2, 1, 1, 2, 4, 2, 2, 4, 3, 4, 4, 4]|[0, 2, 0, 1, 3, 0, 1, 3, 0, 0, 2, 0, 1, 0, 1, 0, 0, 0, 1, 0, 0, 2, 0, 0, 1, 0, 0, 3, 0, 1, 0, 2, 0, 0, 3, 0, 1, 3, 1, 0, 0, 1, 1, 3, 0, 0, 1, 0, 2, 0, 0, 0, 0, 0, 1, 0, 0, 0, 1, 1, 0, 2, 0, 0, 0, 1, 0, 0, 0, 2, 0, 0, 1, 0, 0, 2, 0, 0, 3, 0, 0, 2, 0, 3, 0, 0, 1, 0, 0, 1, 0, 0, 2, 1, 0, 3, 0, 2, 1, 2],894.5174754386885,53069.88264179214,120490.8728779781,false
6,G3_TWC,G3_TWC,[31, 22, 82, 15, 26, 9, 95, 42, 77, 12, 47, 5, 93, 78, 86, 96, 85, 63, 18, 44, 20, 35, 43, 97, 91, 76, 10, 30, 21, 45, 71, 64, 72, 23, 17, 83, 24, 41, 60, 36, 6, 57, 40, 88, 65, 56, 79, 69, 67, 68, 46, 75, 38, 58, 19, 32, 81, 48, 27, 62, 87, 90, 99, 59, 11, 16, 1, 73, 70, 39, 37, 84, 3, 92, 25, 55, 28, 51, 29, 7, 66, 61, 98, 14, 89, 50, 8, 54, 80, 53, 4, 74, 34, 33, 52, 49, 0, 94, 2, 13]|[1, 1, 0, 1, 1, 0, 1, 2, 2, 1, 2, 2, 2, 1, 1, 0, 0, 1, 0, 2, 2, 0, 1, 2, 0, 1, 2, 2, 0, 0, 1, 2, 1, 0, 1, 0, 2, 0, 1, 1, 0, 1, 1, 1, 0, 2, 1, 2, 0, 0, 0, 0, 1, 1, 2, 1, 2, 1, 0, 0, 2, 1, 0, 1, 2, 1, 2, 1, 1, 1, 1, 1, 1, 0, 1, 1, 0, 0, 0, 1, 2, 1, 0, 0, 1, 0, 1, 0, 0, 0, 1, 2, 2, 0, 1, 0, 0, 1, 0, 0]|[4, 3, 2, 2, 4, 1, 2, 2, 2, 4, 1, 1, 2, 4, 4, 1, 2, 4, 2, 1, 1, 1, 1, 2, 1, 2, 1, 1, 1, 1, 3, 2, 3, 0, 4, 0, 1, 1, 0, 3, 2, 2, 2, 0, 1, 1, 0, 2, 0, 1, 2, 2, 1, 0, 0, 3, 2, 4, 1, 2, 2, 3, 1, 1, 1, 3, 0, 4, 3, 1, 4, 1, 1, 0, 4, 4, 2, 1, 1, 1, 1, 3, 1, 1, 1, 1, 3, 1, 1, 2, 4, 1, 1, 2, 1, 1, 2, 4, 2, 2]|[0, 2, 1, 1, 3, 0, 1, 0, 0, 0, 0, 0, 1, 0, 1, 0, 0, 3, 1, 0, 0, 0, 3, 1, 0, 2, 0, 0, 0, 1, 0, 0, 0, 0, 3, 0, 1, 0, 0, 2, 1, 1, 1, 0, 0, 0, 0, 0, 1, 0, 0, 0, 1, 3, 0, 0, 1, 2, 0, 1, 0, 2, 0, 1, 0, 2, 1, 0, 0, 1, 1, 3, 1, 1, 3, 3, 1, 0, 0, 2, 0, 0, 0, 0, 1, 0, 2, 0, 0, 1, 0, 0, 0, 1, 1, 1, 0, 2, 0, 0],846.2076922560091,56778.264829307496,97190.45389454465,false
6,G1_CMAX,G1_CMAX,[31, 95, 9, 15, 82, 22, 42, 77, 26, 8, 10, 76, 91, 97, 43, 63, 20, 44, 18, 80, 45, 78, 86, 5, 84, 89, 61, 96, 35, 33, 7, 29, 51, 28, 55, 25, 92, 50, 30, 37, 39, 70, 73, 72, 93, 16, 11, 74, 59, 99, 90, 34, 54, 27, 48, 65, 69, 81, 32, 19, 58, 38, 56, 46, 64, 68, 67, 79, 75, 62, 88, 40, 57, 6, 36, 60, 41, 24, 66, 17, 1, 85, 71, 3, 83, 14, 98, 21, 53, 12, 2, 52, 4, 87, 49, 0, 94, 23, 47, 13]|[1, 1, 0, 1, 0, 0, 2, 2, 1, 1, 2, 1, 0, 1, 0, 2, 2, 2, 0, 0, 0, 1, 1, 2, 2, 1, 1, 1, 1, 2, 1, 1, 0, 1, 1, 1, 0, 0, 2, 0, 1, 1, 1, 2, 2, 1, 2, 2, 1, 0, 1, 2, 0, 0, 1, 1, 2, 2, 1, 0, 1, 1, 2, 0, 0, 0, 0, 1, 1, 1, 1, 2, 1, 0, 1, 1, 1, 2, 2, 2, 0, 0, 1, 1, 1, 2, 0, 0, 0, 1, 0, 2, 0, 2, 0, 0, 1, 2, 2, 0]|[2, 3, 2, 4, 1, 1, 2, 1, 0, 4, 1, 2, 1, 1, 1, 1, 1, 1, 1, 2, 1, 4, 4, 1, 1, 1, 3, 3, 3, 2, 1, 3, 1, 4, 4, 4, 0, 1, 1, 1, 0, 3, 4, 0, 2, 3, 1, 0, 1, 1, 3, 1, 2, 1, 4, 3, 2, 2, 1, 2, 0, 1, 1, 2, 1, 1, 0, 0, 2, 2, 0, 0, 2, 2, 3, 0, 4, 1, 0, 2, 1, 2, 3, 1, 3, 0, 0, 1, 2, 4, 2, 1, 1, 2, 1, 2, 4, 0, 0, 2]|[1, 1, 1, 0, 0, 0, 1, 0, 3, 0, 0, 2, 0, 3, 0, 0, 0, 0, 0, 0, 0, 1, 1, 0, 0, 1, 0, 2, 0, 0, 2, 0, 0, 1, 3, 3, 1, 0, 0, 0, 1, 0, 0, 1, 1, 2, 0, 0, 1, 0, 2, 0, 1, 0, 2, 0, 0, 1, 1, 0, 3, 1, 0, 0, 0, 0, 1, 0, 1, 1, 0, 0, 1, 1, 2, 0, 3, 1, 0, 0, 1, 0, 0, 1, 0, 1, 0, 0, 1, 3, 0, 0, 0, 0, 1, 0, 2, 0, 0, 0],741.0259643952477,59280.645567270396,113268.46410696392,false
6,G4_BALANCED,G2_TEC,[31, 22, 82, 15, 26, 9, 36, 42, 77, 4, 47, 5, 93, 78, 86, 54, 85, 63, 18, 44, 20, 49, 95, 14, 74, 50, 53, 17, 21, 45, 71, 64, 3, 23, 30, 83, 24, 41, 60, 52, 65, 27, 90, 70, 39, 87, 48, 69, 99, 68, 46, 1, 38, 58, 97, 59, 28, 8, 73, 37, 35, 79, 11, 66, 76, 57, 40, 80, 96, 6, 16, 61, 33, 98, 32, 34, 51, 67, 10, 7, 56, 43, 62, 25, 91, 13, 29, 92, 0, 81, 84, 72, 88, 55, 75, 19, 12, 94, 89, 2]|[2, 1, 2, 1, 1, 2, 1, 1, 1, 1, 1, 0, 2, 2, 1, 2, 0, 0, 0, 2, 2, 1, 0, 2, 0, 2, 2, 1, 0, 1, 1, 1, 0, 0, 1, 0, 2, 1, 2, 2, 0, 1, 1, 1, 0, 2, 0, 2, 1, 0, 0, 2, 2, 0, 2, 0, 2, 1, 0, 0, 2, 1, 0, 2, 2, 0, 2, 2, 0, 1, 1, 1, 1, 0, 0, 1, 1, 0, 1, 2, 2, 1, 0, 1, 1, 0, 1, 0, 0, 1, 0, 1, 1, 0, 0, 2, 1, 1, 1, 2]|[0, 3, 0, 2, 4, 1, 4, 4, 2, 4, 3, 2, 1, 0, 2, 1, 1, 1, 2, 1, 2, 3, 0, 1, 0, 1, 1, 4, 1, 4, 3, 2, 2, 0, 4, 1, 1, 4, 0, 1, 2, 2, 4, 4, 1, 1, 0, 2, 3, 1, 2, 1, 2, 1, 1, 2, 1, 3, 0, 2, 2, 3, 1, 0, 1, 0, 0, 1, 2, 4, 0, 3, 4, 1, 2, 4, 3, 1, 3, 1, 0, 4, 2, 4, 3, 2, 3, 2, 2, 1, 2, 4, 4, 2, 2, 0, 3, 4, 4, 1]|[0, 2, 0, 1, 3, 0, 1, 3, 0, 0, 2, 0, 1, 0, 1, 0, 0, 0, 1, 0, 0, 2, 0, 0, 1, 0, 0, 3, 0, 1, 0, 2, 0, 0, 3, 0, 1, 3, 1, 0, 0, 1, 1, 3, 0, 0, 1, 0, 2, 0, 0, 0, 0, 0, 1, 0, 0, 0, 1, 1, 0, 2, 0, 0, 0, 1, 0, 0, 0, 2, 1, 0, 1, 0, 0, 2, 0, 0, 3, 0, 0, 2, 1, 3, 0, 0, 0, 0, 0, 1, 1, 2, 1, 0, 0, 0, 0, 2, 1, 0],867.4647062768508,53369.78233461387,118803.58872823781,true
6,G2_TEC,G2_TEC,[31, 22, 82, 15, 26, 9, 95, 42, 77, 4, 47, 5, 93, 78, 86, 54, 85, 63, 18, 44, 20, 49, 36, 14, 74, 50, 53, 17, 21, 45, 71, 64, 3, 23, 30, 83, 24, 41, 60, 52, 65, 27, 90, 70, 39, 87, 48, 69, 99, 68, 46, 1, 38, 58, 97, 59, 28, 8, 73, 37, 35, 79, 11, 66, 76, 57, 40, 80, 96, 6, 16, 61, 33, 98, 32, 34, 51, 67, 10, 7, 56, 43, 29, 19, 91, 13, 62, 92, 0, 81, 2, 55, 88, 84, 75, 25, 12, 94, 89, 72]|[2, 1, 2, 1, 1, 2, 1, 1, 1, 1, 1, 0, 2, 2, 1, 2, 0, 0, 0, 2, 2, 1, 0, 2, 0, 2, 2, 1, 0, 1, 1, 1, 0, 0, 1, 0, 2, 1, 2, 2, 0, 1, 1, 1, 0, 2, 0, 2, 1, 0, 0, 2, 2, 0, 2, 0, 2, 1, 0, 0, 2, 1, 0, 2, 2, 0, 2, 2, 0, 1, 2, 1, 1, 0, 0, 1, 1, 1, 1, 2, 2, 1, 1, 1, 1, 0, 0, 0, 0, 1, 2, 0, 1, 0, 0, 1, 1, 1, 1, 1]|[0, 3, 0, 2, 4, 1, 4, 4, 2, 4, 3, 2, 1, 0, 2, 1, 1, 1, 2, 1, 2, 3, 0, 1, 0, 1, 1, 4, 1, 4, 3, 2, 2, 0, 4, 1, 1, 4, 0, 1, 2, 2, 4, 4, 1, 1, 0, 2, 3, 1, 2, 1, 2, 1, 1, 2, 0, 3, 0, 2, 2, 3, 1, 0, 1, 0, 0, 1, 2, 4, 1, 3, 4, 1, 2, 4, 3, 3, 3, 1, 0, 4, 3, 4, 3, 2, 2, 2, 2, 1, 1, 2, 4, 2, 2, 4, 3, 4, 4, 4]|[0, 2, 0, 1, 3, 0, 1, 3, 0, 0, 2, 0, 1, 0, 1, 0, 0, 0, 1, 0, 0, 2, 0, 0, 1, 0, 0, 3, 0, 1, 0, 2, 0, 0, 3, 0, 1, 3, 1, 0, 0, 1, 1, 3, 0, 0, 1, 0, 2, 0, 0, 0, 0, 0, 1, 0, 0, 0, 1, 1, 0, 2, 0, 0, 0, 1, 0, 0, 0, 2, 0, 0, 1, 0, 0, 2, 0, 0, 3, 0, 0, 2, 0, 3, 0, 0, 1, 0, 0, 1, 0, 0, 2, 1, 0, 3, 0, 2, 1, 2],894.5174754386885,53069.88264179214,120490.8728779781,false
6,G3_TWC,G3_TWC,[31, 22, 82, 15, 26, 9, 95, 42, 77, 12, 47, 5, 93, 78, 86, 96, 85, 63, 18, 44, 20, 35, 43, 97, 91, 76, 10, 30, 21, 45, 71, 64, 72, 23, 17, 83, 24, 40, 60, 36, 6, 57, 14, 88, 65, 56, 79, 69, 67, 68, 46, 75, 38, 58, 19, 32, 81, 48, 27, 62, 87, 90, 99, 59, 11, 16, 1, 73, 61, 39, 37, 84, 3, 92, 25, 55, 28, 29, 51, 7, 66, 70, 98, 41, 89, 50, 8, 54, 80, 53, 33, 2, 13, 4, 52, 49, 0, 94, 74, 34]|[1, 1, 0, 1, 1, 0, 1, 2, 2, 1, 2, 2, 2, 1, 1, 0, 0, 1, 0, 2, 2, 0, 1, 2, 0, 1, 2, 2, 0, 0, 1, 2, 1, 0, 1, 0, 2, 0, 1, 1, 0, 1, 1, 1, 0, 2, 1, 2, 0, 0, 0, 0, 1, 1, 2, 1, 2, 1, 0, 0, 2, 1, 0, 1, 2, 1, 2, 1, 1, 1, 1, 1, 1, 0, 1, 1, 0, 0, 0, 1, 2, 1, 0, 0, 1, 0, 1, 0, 0, 0, 0, 0, 0, 1, 1, 0, 0, 1, 2, 2]|[4, 3, 2, 2, 4, 1, 2, 2, 2, 4, 1, 1, 2, 4, 4, 1, 2, 4, 2, 1, 1, 1, 1, 2, 1, 2, 1, 1, 1, 1, 3, 2, 3, 0, 4, 0, 1, 1, 0, 3, 2, 2, 2, 0, 1, 1, 0, 2, 0, 1, 2, 2, 1, 0, 0, 3, 2, 4, 1, 2, 2, 3, 1, 1, 1, 3, 0, 4, 3, 1, 4, 1, 1, 0, 4, 4, 2, 1, 1, 1, 1, 3, 1, 1, 1, 1, 3, 1, 2, 2, 2, 2, 2, 4, 1, 1, 2, 4, 1, 1]|[0, 2, 1, 1, 3, 0, 1, 0, 0, 0, 0, 0, 1, 0, 1, 0, 0, 3, 1, 0, 0, 0, 3, 1, 0, 2, 0, 0, 0, 1, 0, 0, 0, 0, 3, 0, 1, 0, 0, 2, 1, 1, 1, 0, 0, 0, 0, 0, 1, 0, 0, 0, 1, 3, 0, 0, 1, 2, 0, 1, 0, 2, 0, 1, 0, 2, 1, 0, 0, 1, 1, 3, 1, 1, 3, 3, 1, 0, 0, 2, 0, 0, 0, 0, 1, 0, 2, 0, 1, 1, 1, 0, 0, 0, 1, 1, 0, 2, 0, 0],835.2445728068544,56937.20990513922,96640.75558335072,false
6,G1_CMAX,G3_TWC,[31, 22, 82, 15, 26, 9, 95, 42, 44, 12, 47, 5, 93, 78, 86, 96, 85, 63, 18, 77, 20, 35, 43, 97, 91, 76, 10, 30, 21, 45, 71, 64, 72, 23, 17, 83, 24, 41, 60, 36, 6, 57, 40, 88, 65, 56, 79, 69, 67, 68, 46, 75, 38, 58, 19, 32, 81, 48, 27, 62, 87, 90, 99, 59, 11, 16, 1, 73, 70, 39, 37, 84, 3, 92, 25, 55, 28, 51, 29, 7, 34, 61, 98, 14, 89, 50, 8, 54, 80, 53, 33, 4, 66, 2, 52, 49, 0, 94, 74, 13]|[1, 1, 0, 1, 1, 0, 1, 2, 2, 1, 2, 2, 2, 1, 1, 0, 0, 1, 0, 2, 2, 0, 1, 2, 0, 1, 2, 2, 0, 0, 1, 2, 1, 0, 1, 0, 2, 1, 1, 1, 0, 1, 1, 1, 0, 2, 1, 2, 0, 0, 0, 0, 1, 1, 2, 1, 2, 1, 0, 0, 2, 1, 0, 1, 2, 1, 2, 1, 1, 1, 1, 1, 1, 0, 1, 1, 0, 0, 0, 1, 2, 1, 0, 0, 1, 0, 1, 0, 0, 0, 0, 1, 2, 0, 1, 0, 0, 1, 2, 0]|[4, 3, 2, 2, 4, 1, 2, 2, 2, 4, 1, 1, 2, 4, 4, 1, 2, 4, 2, 1, 1, 1, 1, 2, 1, 2, 1, 1, 1, 1, 3, 2, 3, 0, 4, 0, 1, 4, 0, 3, 2, 2, 2, 0, 1, 1, 0, 2, 0, 1, 2, 2, 1, 0, 0, 3, 2, 4, 1, 2, 2, 3, 1, 1, 1, 3, 0, 4, 3, 1, 4, 1, 1, 0, 4, 4, 2, 1, 1, 1, 1, 3, 1, 1, 1, 1, 3, 1, 1, 2, 2, 4, 1, 2, 1, 1, 2, 4, 1, 2]|[0, 2, 1, 1, 3, 0, 1, 0, 0, 0, 0, 0, 1, 0, 1, 0, 0, 3, 1, 0, 0, 0, 3, 1, 0, 2, 0, 0, 0, 1, 0, 0, 0, 0, 3, 0, 1, 3, 0, 2, 1, 1, 1, 0, 0, 0, 0, 0, 1, 0, 0, 0, 1, 3, 0, 0, 1, 2, 0, 1, 0, 2, 0, 1, 0, 2, 1, 0, 0, 1, 1, 3, 1, 1, 3, 3, 1, 0, 0, 2, 0, 0, 0, 0, 1, 0, 2, 0, 0, 1, 1, 0, 0, 0, 1, 1, 0, 2, 0, 0],827.8341229471982,57061.139053448,97410.1673168182,true
6,G4_BALANCED,G4_BALANCED,[31, 22, 82, 15, 26, 9, 95, 42, 77, 12, 47, 5, 93, 78, 86, 54, 85, 63, 18, 44, 20, 35, 43, 97, 91, 76, 10, 30, 21, 45, 71, 64, 1, 23, 17, 83, 24, 14, 60, 36, 6, 57, 40, 88, 65, 56, 79, 69, 67, 68, 46, 75, 38, 58, 19, 32, 81, 48, 27, 62, 87, 90, 99, 59, 11, 16, 72, 73, 61, 39, 37, 84, 3, 92, 25, 55, 28, 29, 98, 7, 66, 70, 51, 41, 89, 50, 8, 96, 80, 53, 33, 4, 34, 2, 52, 49, 0, 94, 74, 13]|[1, 1, 0, 1, 1, 0, 1, 2, 2, 1, 2, 2, 2, 1, 1, 0, 0, 1, 0, 2, 2, 0, 1, 2, 0, 1, 2, 2, 0, 0, 1, 2, 1, 0, 1, 0, 2, 0, 1, 1, 0, 1, 1, 1, 0, 2, 1, 2, 0, 0, 0, 0, 1, 1, 2, 1, 2, 1, 0, 0, 2, 1, 0, 1, 2, 1, 2, 1, 1, 1, 1, 1, 1, 0, 1, 1, 0, 0, 2, 1, 2, 1, 0, 0, 1, 0, 1, 2, 0, 0, 0, 1, 2, 0, 1, 0, 0, 1, 2, 0]|[4, 3, 2, 2, 4, 1, 2, 2, 2, 4, 1, 1, 2, 4, 4, 1, 2, 4, 2, 1, 1, 1, 1, 2, 1, 2, 1, 1, 1, 1, 3, 2, 3, 0, 4, 0, 1, 1, 0, 3, 2, 2, 2, 0, 1, 1, 0, 2, 0, 1, 2, 2, 1, 0, 0, 3, 2, 4, 1, 2, 2, 3, 1, 1, 1, 3, 0, 4, 3, 1, 4, 1, 1, 0, 4, 4, 2, 1, 1, 1, 0, 3, 1, 1, 1, 1, 3, 0, 1, 2, 2, 4, 1, 2, 1, 1, 2, 4, 1, 2]|[0, 2, 1, 1, 3, 0, 1, 0, 0, 0, 0, 0, 1, 0, 1, 0, 0, 3, 1, 0, 0, 0, 3, 1, 0, 2, 0, 0, 0, 1, 0, 0, 0, 0, 3, 0, 1, 0, 0, 2, 1, 1, 1, 0, 0, 0, 0, 0, 1, 0, 0, 0, 1, 3, 0, 0, 1, 2, 0, 1, 0, 2, 0, 1, 0, 2, 1, 0, 0, 1, 1, 3, 1, 1, 3, 3, 1, 0, 0, 2, 0, 0, 0, 0, 1, 0, 2, 0, 0, 1, 1, 0, 0, 0, 1, 1, 0, 2, 0, 0],782.8721396308334,57275.980629544516,98820.53062966542,false
6,G2_TEC,G2_TEC,[31, 22, 82, 15, 26, 9, 95, 42, 77, 4, 47, 5, 93, 78, 86, 54, 85, 63, 18, 44, 20, 49, 36, 14, 74, 50, 53, 17, 21, 45, 71, 64, 3, 23, 30, 83, 24, 41, 60, 52, 65, 27, 90, 70, 39, 87, 48, 69, 99, 68, 46, 1, 38, 58, 97, 59, 28, 8, 73, 37, 35, 79, 11, 66, 76, 57, 40, 80, 96, 6, 16, 61, 33, 98, 32, 34, 51, 67, 10, 7, 56, 43, 29, 19, 91, 13, 62, 92, 0, 81, 2, 55, 88, 84, 75, 25, 12, 94, 89, 72]|[2, 1, 2, 1, 1, 2, 1, 1, 1, 1, 1, 0, 2, 2, 1, 2, 0, 0, 0, 2, 2, 1, 0, 2, 0, 2, 2, 1, 0, 1, 1, 1, 0, 0, 1, 0, 2, 1, 2, 2, 0, 1, 1, 1, 0, 2, 0, 2, 1, 0, 0, 2, 2, 0, 2, 0, 2, 1, 0, 0, 2, 1, 0, 2, 2, 0, 2, 2, 0, 1, 2, 1, 1, 0, 0, 1, 1, 1, 1, 2, 2, 1, 1, 1, 1, 0, 0, 0, 0, 1, 2, 0, 1, 0, 0, 1, 1, 1, 1, 1]|[0, 3, 0, 2, 4, 1, 4, 4, 2, 4, 3, 2, 1, 0, 2, 1, 1, 1, 2, 1, 2, 3, 0, 1, 0, 1, 1, 4, 1, 4, 3, 2, 2, 0, 4, 1, 1, 4, 0, 1, 2, 2, 4, 4, 1, 1, 0, 2, 3, 1, 2, 1, 2, 1, 1, 2, 0, 3, 0, 2, 2, 3, 1, 0, 1, 0, 0, 1, 2, 4, 1, 3, 4, 1, 2, 4, 3, 3, 3, 1, 0, 4, 3, 4, 3, 2, 2, 2, 2, 1, 1, 2, 4, 2, 2, 4, 3, 4, 4, 4]|[0, 2, 0, 1, 3, 0, 1, 3, 0, 0, 2, 0, 1, 0, 1, 0, 0, 0, 1, 0, 0, 2, 0, 0, 1, 0, 0, 3, 0, 1, 0, 2, 0, 0, 3, 0, 1, 3, 1, 0, 0, 1, 1, 3, 0, 0, 1, 0, 2, 0, 0, 0, 0, 0, 1, 0, 0, 0, 1, 1, 0, 2, 0, 0, 0, 1, 0, 0, 0, 2, 0, 0, 1, 0, 0, 2, 0, 0, 3, 0, 0, 2, 0, 3, 0, 0, 1, 0, 0, 1, 0, 0, 2, 1, 0, 3, 0, 2, 1, 2],894.5174754386885,53069.88264179214,120490.8728779781,false
6,G3_TWC,G3_TWC,[31, 22, 82, 15, 26, 9, 95, 42, 77, 12, 47, 5, 93, 78, 86, 96, 85, 63, 18, 44, 20, 35, 43, 97, 91, 76, 10, 30, 21, 45, 71, 64, 72, 23, 17, 83, 24, 40, 60, 36, 6, 57, 14, 88, 65, 56, 79, 69, 67, 68, 46, 75, 38, 58, 19, 32, 81, 48, 27, 62, 87, 90, 99, 59, 11, 16, 1, 73, 61, 39, 37, 84, 3, 92, 25, 55, 28, 29, 51, 7, 66, 70, 98, 41, 89, 50, 8, 54, 80, 53, 33, 2, 13, 4, 52, 49, 0, 94, 74, 34]|[1, 1, 0, 1, 1, 0, 1, 2, 2, 1, 2, 2, 2, 1, 1, 0, 0, 1, 0, 2, 2, 0, 1, 2, 0, 1, 2, 2, 0, 0, 1, 2, 1, 0, 1, 0, 2, 0, 1, 1, 0, 1, 1, 1, 0, 2, 1, 2, 0, 0, 0, 0, 1, 1, 2, 1, 2, 1, 0, 0, 2, 1, 0, 1, 2, 1, 2, 1, 1, 1, 1, 1, 1, 0, 1, 1, 0, 0, 0, 1, 2, 1, 0, 0, 1, 0, 1, 0, 0, 0, 0, 0, 0, 1, 1, 0, 0, 1, 2, 2]|[4, 3, 2, 2, 4, 1, 2, 2, 2, 4, 1, 1, 2, 4, 4, 1, 2, 4, 2, 1, 1, 1, 1, 2, 1, 2, 1, 1, 1, 1, 3, 2, 3, 0, 4, 0, 1, 1, 0, 3, 2, 2, 2, 0, 1, 1, 0, 2, 0, 1, 2, 2, 1, 0, 0, 3, 2, 4, 1, 2, 2, 3, 1, 1, 1, 3, 0, 4, 3, 1, 4, 1, 1, 0, 4, 4, 2, 1, 1, 1, 1, 3, 1, 1, 1, 1, 3, 1, 2, 2, 2, 2, 2, 4, 1, 1, 2, 4, 1, 1]|[0, 2, 1, 1, 3, 0, 1, 0, 0, 0, 0, 0, 1, 0, 1, 0, 0, 3, 1, 0, 0, 0, 3, 1, 0, 2, 0, 0, 0, 1, 0, 0, 0, 0, 3, 0, 1, 0, 0, 2, 1, 1, 1, 0, 0, 0, 0, 0, 1, 0, 0, 0, 1, 3, 0, 0, 1, 2, 0, 1, 0, 2, 0, 1, 0, 2, 1, 0, 0, 1, 1, 3, 1, 1, 3, 3, 1, 0, 0, 2, 0, 0, 0, 0, 1, 0, 2, 0, 1, 1, 1, 0, 0, 0, 1, 1, 0, 2, 0, 0],835.2445728068544,56937.20990513922,96640.75558335072,false
6,G1_CMAX,G3_TWC,[31, 22, 82, 15, 26, 9, 95, 42, 77, 12, 47, 5, 93, 78, 86, 54, 85, 63, 18, 44, 20, 35, 43, 97, 91, 76, 10, 30, 21, 45, 71, 64, 1, 23, 17, 83, 24, 41, 60, 36, 6, 57, 40, 88, 65, 56, 79, 69, 67, 68, 46, 75, 38, 58, 19, 32, 81, 48, 27, 62, 87, 90, 99, 59, 11, 16, 72, 73, 70, 39, 37, 84, 3, 92, 25, 55, 28, 29, 51, 7, 66, 61, 98, 14, 89, 50, 33, 96, 80, 53, 8, 2, 13, 4, 52, 49, 0, 94, 74, 34]|[1, 1, 0, 1, 1, 0, 1, 2, 2, 1, 2, 2, 2, 1, 1, 0, 0, 1, 0, 2, 2, 0, 1, 2, 0, 1, 2, 2, 0, 0, 1, 2, 1, 2, 1, 0, 2, 0, 1, 1, 0, 1, 1, 1, 0, 2, 1, 2, 0, 0, 0, 0, 1, 1, 2, 1, 2, 1, 0, 0, 2, 1, 0, 1, 2, 1, 2, 1, 1, 1, 1, 1, 1, 0, 1, 1, 0, 0, 0, 1, 0, 1, 0, 1, 1, 0, 2, 0, 0, 0, 1, 0, 0, 1, 1, 0, 0, 1, 2, 2]|[4, 3, 2, 2, 4, 1, 2, 2, 2, 4, 1, 1, 2, 4, 4, 1, 2, 4, 2, 1, 1, 1, 1, 2, 1, 2, 1, 1, 1, 1, 3, 2, 3, 0, 4, 0, 1, 1, 0, 3, 2, 2, 2, 0, 1, 1, 0, 2, 0, 1, 2, 2, 1, 0, 0, 3, 2, 4, 1, 2, 2, 3, 1, 1, 1, 3, 0, 4, 3, 1, 4, 1, 1, 0, 4, 4, 2, 1, 1, 1, 2, 3, 1, 3, 1, 1, 1, 1, 1, 2, 3, 2, 2, 4, 1, 1, 2, 4, 1, 1]|[0, 2, 1, 1, 3, 0, 1, 0, 0, 0, 0, 0, 1, 0, 1, 0, 0, 3, 1, 0, 0, 0, 3, 1, 0, 2, 0, 0, 0, 1, 0, 0, 0, 0, 3, 0, 1, 0, 0, 2, 1, 1, 1, 0, 0, 0, 0, 0, 1, 0, 0, 0, 1, 3, 0, 0, 1, 2, 0, 1, 0, 2, 0, 1, 0, 2, 1, 0, 0, 1, 1, 3, 1, 1, 3, 3, 1, 0, 0, 2, 1, 0, 0, 2, 1, 0, 0, 0, 0, 1, 2, 0, 0, 0, 1, 1, 0, 2, 0, 0],788.1468372986063,57450.45813741093,98340.07783489619,true
6,G4_BALANCED,G1_CMAX,[31, 22, 82, 15, 26, 9, 95, 42, 77, 12, 47, 5, 93, 78, 86, 54, 85, 63, 18, 44, 20, 35, 43, 97, 91, 76, 10, 30, 21, 45, 71, 64, 1, 23, 17, 83, 24, 41, 60, 36, 6, 57, 40, 88, 65, 56, 79, 69, 67, 68, 46, 75, 38, 58, 19, 32, 81, 48, 27, 62, 87, 90, 99, 59, 11, 16, 72, 73, 70, 39, 37, 84, 3, 92, 25, 55, 28, 29, 51, 7, 66, 61, 98, 14, 89, 50, 8, 96, 80, 53, 33, 4, 34, 2, 52, 49, 0, 94, 74, 13]|[1, 1, 0, 1, 1, 0, 1, 2, 2, 1, 2, 2, 2, 1, 1, 0, 0, 1, 0, 2, 2, 0, 1, 2, 0, 1, 2, 2, 0, 0, 1, 2, 1, 2, 1, 0, 2, 0, 1, 1, 0, 1, 1, 1, 0, 2, 1, 2, 0, 0, 0, 0, 1, 1, 2, 1, 2, 1, 0, 0, 2, 1, 0, 1, 2, 1, 2, 1, 1, 1, 1, 1, 1, 0, 1, 1, 0, 0, 0, 1, 0, 1, 0, 1, 1, 0, 1, 0, 0, 0, 2, 1, 2, 0, 1, 0, 0, 1, 2, 0]|[4, 3, 2, 2, 4, 1, 2, 2, 2, 4, 1, 1, 2, 4, 4, 1, 2, 4, 2, 1, 1, 1, 1, 2, 1, 2, 1, 1, 1, 1, 3, 2, 3, 0, 4, 0, 1, 1, 0, 3, 2, 2, 2, 0, 1, 1, 0, 2, 0, 1, 2, 2, 1, 0, 0, 3, 2, 4, 1, 2, 2, 3, 1, 1, 1, 3, 0, 4, 3, 1, 4, 1, 1, 0, 4, 4, 2, 1, 1, 1, 2, 3, 1, 3, 1, 1, 3, 1, 1, 2, 1, 4, 1, 2, 1, 1, 2, 4, 1, 2]|[0, 2, 1, 1, 3, 0, 1, 0, 0, 0, 0, 0, 1, 0, 1, 0, 0, 3, 1, 0, 0, 0, 3, 1, 0, 2, 0, 0, 0, 1, 0, 0, 0, 0, 3, 0, 1, 0, 0, 2, 1, 1, 1, 0, 0, 0, 0, 0, 1, 0, 0, 0, 1, 3, 0, 0, 1, 2, 0, 1, 0, 2, 0, 1, 0, 2, 1, 0, 0, 1, 1, 3, 1, 1, 3, 3, 1, 0, 0, 2, 1, 0, 0, 2, 1, 0, 2, 0, 0, 1, 0, 0, 0, 0, 1, 1, 0, 2, 0, 0],790.4134964798036,57438.782339003716,98090.89936383035,true
6,G2_TEC,G2_TEC,[31, 22, 82, 15, 26, 9, 95, 42, 77, 4, 47, 5, 93, 78, 86, 54, 85, 63, 18, 44, 20, 49, 36, 14, 74, 50, 53, 17, 21, 45, 71, 64, 3, 23, 30, 83, 24, 41, 60, 52, 65, 27, 90, 70, 39, 87, 48, 69, 99, 68, 46, 1, 38, 58, 97, 59, 28, 8, 73, 37, 35, 79, 11, 66, 76, 57, 40, 80, 96, 6, 16, 61, 33, 98, 32, 34, 51, 67, 10, 7, 56, 43, 29, 19, 91, 13, 62, 92, 0, 81, 2, 55, 88, 84, 75, 25, 12, 94, 89, 72]|[2, 1, 2, 1, 1, 2, 1, 1, 1, 1, 1, 0, 2, 2, 1, 2, 0, 0, 0, 2, 2, 1, 0, 2, 0, 2, 2, 1, 0, 1, 1, 1, 0, 0, 1, 0, 2, 1, 2, 2, 0, 1, 1, 1, 0, 2, 0, 2, 1, 0, 0, 2, 2, 0, 2, 0, 2, 1, 0, 0, 2, 1, 0, 2, 2, 0, 2, 2, 0, 1, 2, 1, 1, 0, 0, 1, 1, 1, 1, 2, 2, 1, 1, 1, 1, 0, 0, 0, 0, 1, 2, 0, 1, 0, 0, 1, 1, 1, 1, 1]|[0, 3, 0, 2, 4, 1, 4, 4, 2, 4, 3, 2, 1, 0, 2, 1, 1, 1, 2, 1, 2, 3, 0, 1, 0, 1, 1, 4, 1, 4, 3, 2, 2, 0, 4, 1, 1, 4, 0, 1, 2, 2, 4, 4, 1, 1, 0, 2, 3, 1, 2, 1, 2, 1, 1, 2, 0, 3, 0, 2, 2, 3, 1, 0, 1, 0, 0, 1, 2, 4, 1, 3, 4, 1, 2, 4, 3, 3, 3, 1, 0, 4, 3, 4, 3, 2, 2, 2, 2, 1, 1, 2, 4, 2, 2, 4, 3, 4, 4, 4]|[0, 2, 0, 1, 3, 0, 1, 3, 0, 0, 2, 0, 1, 0, 1, 0, 0, 0, 1, 0, 0, 2, 0, 0, 1, 0, 0, 3, 0, 1, 0, 2, 0, 0, 3, 0, 1, 3, 1, 0, 0, 1, 1, 3, 0, 0, 1, 0, 2, 0, 0, 0, 0, 0, 1, 0, 0, 0, 1, 1, 0, 2, 0, 0, 0, 1, 0, 0, 0, 2, 0, 0, 1, 0, 0, 2, 0, 0, 3, 0, 0, 2, 0, 3, 0, 0, 1, 0, 0, 1, 0, 0, 2, 1, 0, 3, 0, 2, 1, 2],894.5174754386885,53069.88264179214,120490.8728779781,false
6,G3_TWC,G3_TWC,[31, 22, 82, 15, 26, 9, 95, 42, 77, 12, 47, 5, 93, 78, 86, 54, 85, 63, 18, 44, 20, 35, 43, 97, 91, 76, 10, 30, 21, 45, 71, 64, 1, 23, 17, 83, 24, 41, 60, 36, 6, 57, 40, 88, 65, 56, 79, 69, 67, 68, 46, 75, 38, 58, 19, 32, 81, 48, 27, 62, 87, 90, 99, 59, 11, 16, 72, 73, 70, 39, 37, 84, 3, 92, 25, 55, 28, 29, 51, 7, 66, 61, 98, 14, 89, 50, 8, 96, 80, 53, 33, 4, 34, 2, 52, 49, 0, 94, 74, 13]|[1, 1, 0, 1, 1, 0, 1, 2, 2, 1, 2, 2, 2, 1, 1, 0, 0, 1, 0, 2, 2, 0, 1, 2, 0, 1, 2, 2, 0, 0, 1, 2, 1, 2, 1, 0, 2, 0, 1, 1, 0, 1, 1, 1, 0, 2, 1, 2, 0, 0, 0, 0, 1, 1, 2, 1, 2, 1, 0, 0, 2, 1, 0, 1, 2, 1, 2, 1, 1, 1, 1, 1, 1, 0, 1, 1, 0, 0, 0, 1, 2, 1, 0, 0, 1, 0, 1, 0, 0, 0, 0, 1, 2, 0, 1, 0, 0, 1, 2, 0]|[4, 3, 2, 2, 4, 1, 2, 2, 2, 4, 1, 1, 2, 4, 4, 1, 2, 4, 2, 1, 1, 1, 1, 2, 1, 2, 1, 1, 1, 1, 3, 2, 3, 0, 4, 0, 1, 1, 0, 3, 2, 2, 2, 0, 1, 1, 0, 2, 0, 1, 2, 2, 1, 0, 0, 3, 2, 4, 1, 2, 2, 3, 1, 1, 1, 3, 0, 4, 3, 1, 4, 1, 1, 0, 4, 4, 2, 1, 1, 1, 1, 3, 1, 1, 1, 1, 3, 1, 1, 2, 2, 4, 1, 2, 1, 1, 2, 4, 1, 2]|[0, 2, 1, 1, 3, 0, 1, 0, 0, 0, 0, 0, 1, 0, 1, 0, 0, 3, 1, 0, 0, 0, 3, 1, 0, 2, 0, 0, 0, 1, 0, 0, 0, 0, 3, 0, 1, 0, 0, 2, 1, 1, 1, 0, 0, 0, 0, 0, 1, 0, 0, 0, 1, 3, 0, 0, 1, 2, 0, 1, 0, 2, 0, 1, 0, 2, 1, 0, 0, 1, 1, 3, 1, 1, 3, 3, 1, 0, 0, 2, 0, 0, 0, 0, 1, 0, 2, 0, 0, 1, 1, 0, 0, 0, 1, 1, 0, 2, 0, 0],806.3463616132157,57334.39004211094,98094.90341600648,false
6,G1_CMAX,G3_TWC,[31, 22, 82, 15, 26, 9, 95, 42, 77, 12, 47, 5, 93, 78, 86, 96, 85, 63, 18, 44, 20, 35, 43, 97, 91, 76, 10, 30, 21, 45, 71, 64, 1, 23, 17, 83, 24, 41, 60, 36, 6, 57, 40, 88, 65, 56, 79, 69, 67, 68, 46, 75, 38, 58, 19, 32, 81, 48, 27, 62, 87, 90, 99, 59, 11, 16, 72, 73, 70, 39, 37, 84, 3, 92, 25, 55, 28, 29, 51, 7, 66, 61, 98, 14, 89, 50, 8, 54, 33, 53, 80, 2, 13, 4, 52, 49, 0, 94, 74, 34]|[1, 1, 0, 1, 1, 0, 1, 2, 2, 1, 2, 2, 2, 1, 1, 0, 0, 1, 0, 2, 2, 0, 1, 2, 0, 1, 2, 2, 0, 0, 1, 2, 1, 0, 1, 0, 2, 0, 1, 1, 0, 1, 1, 1, 0, 2, 1, 2, 0, 0, 0, 0, 1, 1, 2, 1, 2, 1, 0, 0, 2, 1, 0, 1, 2, 1, 2, 1, 1, 1, 1, 1, 1, 0, 1, 1, 0, 0, 0, 1, 0, 1, 0, 0, 1, 0, 1, 0, 0, 0, 0, 0, 0, 1, 1, 0, 0, 1, 2, 2]|[4, 3, 2, 2, 4, 1, 2, 2, 2, 4, 1, 1, 2, 4, 4, 1, 2, 4, 2, 1, 1, 1, 1, 2, 1, 2, 1, 1, 1, 1, 3, 2, 3, 0, 4, 0, 1, 1, 0, 3, 2, 2, 2, 0, 1, 1, 0, 2, 0, 1, 2, 2, 1, 0, 0, 3, 2, 4, 1, 2, 2, 3, 1, 1, 1, 3, 0, 4, 3, 1, 4, 1, 1, 0, 4, 4, 2, 1, 1, 1, 2, 3, 1, 1, 1, 1, 3, 1, 2, 2, 1, 2, 2, 4, 1, 1, 2, 4, 1, 1]|[0, 2, 1, 1, 3, 0, 1, 0, 0, 0, 0, 0, 1, 0, 1, 0, 0, 3, 1, 0, 0, 0, 3, 1, 0, 2, 0, 0, 0, 1, 0, 0, 0, 0, 3, 0, 1, 0, 0, 2, 1, 1, 1, 0, 0, 0, 0, 0, 1, 0, 0, 0, 1, 3, 0, 0, 1, 2, 0, 1, 0, 2, 0, 1, 0, 2, 1, 0, 0, 1, 1, 3, 1, 1, 3, 3, 1, 0, 0, 2, 1, 0, 0, 0, 1, 0, 2, 0, 1, 1, 0, 0, 0, 0, 1, 1, 0, 2, 0, 0],870.0796440256651,57127.65890441854,96365.83760934828,true
6,G4_BALANCED,G1_CMAX,[31, 95, 9, 15, 82, 22, 26, 42, 77, 12, 47, 5, 93, 78, 86, 54, 85, 63, 18, 44, 20, 35, 43, 97, 91, 76, 10, 30, 21, 45, 71, 64, 1, 23, 17, 83, 24, 41, 60, 36, 6, 57, 40, 88, 65, 56, 79, 69, 67, 68, 46, 75, 38, 58, 19, 32, 81, 48, 27, 62, 87, 90, 99, 59, 11, 16, 72, 73, 70, 39, 37, 84, 3, 92, 25, 55, 28, 51, 29, 7, 66, 61, 98, 14, 89, 50, 8, 96, 53, 80, 34, 4, 33, 2, 52, 49, 0, 94, 74, 13]|[1, 1, 0, 1, 1, 0, 1, 2, 2, 1, 2, 2, 2, 1, 1, 0, 0, 1, 0, 2, 2, 0, 1, 2, 0, 1, 2, 2, 0, 0, 1, 2, 1, 2, 1, 0, 2, 0, 1, 1, 0, 1, 1, 1, 0, 2, 1, 2, 0, 0, 0, 0, 1, 1, 2, 1, 2, 1, 0, 0, 2, 1, 0, 1, 2, 1, 2, 1, 1, 1, 1, 1, 1, 0, 1, 1, 0, 0, 0, 1, 2, 1, 0, 0, 1, 0, 1, 0, 0, 0, 2, 1, 0, 0, 1, 0, 0, 1, 2, 0]|[4, 3, 2, 2, 4, 1, 2, 2, 2, 4, 1, 1, 2, 4, 4, 1, 2, 4, 2, 1, 1, 1, 1, 2, 1, 2, 1, 1, 1, 1, 3, 2, 3, 0, 4, 0, 1, 1, 0, 3, 2, 2, 2, 0, 1, 1, 0, 2, 0, 1, 2, 2, 1, 0, 0, 3, 2, 4, 1, 2, 2, 3, 1, 1, 1, 3, 0, 4, 3, 0, 4, 1, 1, 0, 4, 4, 2, 1, 1, 1, 0, 3, 2, 1, 1, 1, 3, 1, 2, 1, 1, 4, 2, 2, 1, 1, 2, 4, 1, 2]|[0, 2, 1, 1, 3, 0, 1, 0, 0, 0, 0, 0, 1, 0, 1, 0, 0, 3, 1, 0, 0, 0, 3, 1, 0, 2, 0, 0, 0, 1, 0, 0, 0, 0, 3, 0, 1, 0, 0, 2, 1, 1, 1, 0, 0, 0, 0, 0, 1, 0, 0, 0, 1, 3, 0, 0, 1, 2, 0, 1, 0, 2, 0, 1, 0, 2, 1, 0, 0, 1, 1, 3, 1, 1, 3, 3, 1, 0, 0, 2, 0, 0, 0, 0, 1, 0, 2, 0, 1, 0, 0, 0, 1, 0, 1, 1, 0, 2, 0, 0],806.7200867820757,57289.924497223474,97551.16539404908,true
6,G2_TEC,G4_BALANCED,[31, 22, 82, 15, 26, 9, 95, 42, 77, 4, 47, 5, 93, 78, 86, 54, 85, 63, 18, 44, 20, 49, 36, 14, 74, 50, 53, 17, 21, 45, 71, 64, 3, 23, 30, 83, 24, 41, 60, 52, 65, 27, 90, 70, 39, 87, 48, 69, 99, 68, 46, 1, 38, 58, 97, 59, 28, 8, 73, 37, 35, 79, 11, 66, 76, 57, 72, 16, 92, 6, 80, 61, 33, 98, 32, 34, 51, 67, 10, 7, 43, 56, 62, 25, 91, 13, 29, 81, 0, 96, 2, 55, 88, 40, 75, 19, 12, 94, 89, 84]|[0, 1, 2, 1, 1, 2, 1, 0, 1, 1, 1, 0, 2, 2, 1, 2, 0, 0, 0, 2, 2, 1, 0, 2, 0, 2, 2, 1, 0, 1, 1, 1, 0, 0, 1, 0, 2, 1, 2, 2, 0, 1, 1, 1, 0, 2, 0, 2, 1, 0, 0, 2, 2, 0, 2, 0, 2, 1, 0, 0, 2, 1, 0, 2, 2, 0, 1, 1, 0, 1, 0, 1, 1, 0, 0, 1, 1, 0, 1, 2, 2, 2, 0, 1, 1, 0, 1, 1, 0, 0, 2, 0, 1, 2, 2, 2, 1, 1, 1, 0]|[0, 3, 0, 2, 4, 1, 4, 0, 2, 4, 3, 2, 1, 0, 2, 1, 1, 1, 2, 1, 2, 3, 0, 1, 0, 1, 1, 4, 1, 4, 3, 2, 2, 0, 4, 1, 1, 4, 0, 1, 2, 2, 4, 4, 1, 1, 0, 2, 3, 1, 2, 1, 2, 1, 1, 2, 1, 3, 0, 2, 2, 3, 1, 0, 1, 0, 4, 0, 0, 4, 1, 3, 4, 1, 2, 4, 3, 1, 3, 1, 1, 0, 2, 4, 3, 2, 3, 1, 2, 2, 1, 2, 4, 0, 2, 0, 3, 4, 4, 2]|[0, 2, 0, 1, 3, 0, 1, 0, 0, 0, 2, 0, 1, 0, 1, 0, 0, 0, 1, 0, 0, 2, 0, 0, 1, 0, 0, 3, 0, 1, 0, 2, 0, 0, 3, 0, 1, 3, 1, 0, 0, 1, 1, 3, 0, 0, 1, 0, 2, 0, 0, 0, 0, 0, 1, 0, 0, 0, 1, 1, 0, 2, 0, 0, 0, 1, 2, 1, 1, 2, 0, 0, 1, 0, 0, 2, 0, 0, 3, 0, 0, 0, 1, 3, 0, 0, 0, 1, 0, 0, 0, 0, 1, 0, 1, 0, 0, 2, 1, 1],946.804264485546,53762.529691931784,116682.74838663459,true
6,G3_TWC,G3_TWC,[31, 22, 82, 15, 26, 9, 95, 42, 77, 12, 47, 5, 93, 78, 86, 96, 85, 63, 18, 44, 20, 35, 43, 97, 91, 76, 10, 30, 21, 45, 71, 64, 72, 23, 17, 83, 24, 41, 60, 36, 6, 57, 40, 88, 65, 56, 79, 69, 67, 68, 46, 75, 38, 58, 19, 32, 81, 48, 27, 62, 87, 90, 99, 59, 11, 16, 1, 73, 70, 39, 37, 84, 3, 92, 25, 55, 28, 29, 51, 7, 66, 61, 98, 14, 89, 50, 8, 54, 80, 53, 33, 4, 34, 2, 52, 49, 0, 94, 74, 13]|[1, 1, 0, 1, 1, 0, 1, 2, 2, 1, 2, 2, 2, 1, 1, 0, 0, 1, 0, 2, 2, 0, 2, 2, 0, 1, 2, 2, 0, 0, 1, 2, 1, 0, 1, 0, 2, 1, 1, 1, 0, 1, 1, 1, 0, 2, 1, 2, 0, 0, 0, 0, 1, 1, 2, 1, 2, 1, 0, 0, 2, 1, 0, 1, 2, 1, 2, 1, 1, 1, 1, 1, 1, 0, 1, 1, 0, 0, 0, 1, 2, 1, 0, 0, 1, 0, 1, 0, 0, 0, 0, 1, 2, 0, 1, 0, 0, 1, 2, 0]|[4, 3, 2, 2, 4, 1, 2, 2, 2, 4, 1, 1, 2, 4, 4, 1, 2, 4, 2, 1, 1, 1, 2, 2, 1, 2, 1, 1, 1, 1, 3, 2, 3, 0, 4, 0, 1, 4, 0, 3, 2, 2, 2, 0, 1, 1, 0, 2, 0, 1, 2, 2, 1, 0, 0, 3, 2, 4, 1, 2, 2, 3, 1, 1, 1, 3, 0, 4, 3, 1, 4, 1, 1, 0, 4, 4, 2, 1, 1, 1, 0, 3, 1, 1, 1, 1, 3, 1, 1, 2, 2, 4, 1, 2, 1, 1, 2, 4, 1, 2]|[0, 2, 1, 1, 3, 0, 1, 0, 0, 0, 0, 0, 1, 0, 1, 0, 0, 3, 1, 0, 0, 0, 0, 1, 0, 2, 0, 0, 0, 1, 0, 0, 0, 0, 3, 0, 1, 3, 0, 2, 1, 1, 1, 0, 0, 0, 0, 0, 1, 0, 0, 0, 1, 3, 0, 0, 1, 2, 0, 1, 0, 2, 0, 1, 0, 2, 1, 0, 0, 1, 1, 3, 1, 1, 3, 3, 1, 0, 0, 2, 0, 0, 0, 0, 1, 0, 2, 0, 0, 1, 1, 0, 0, 0, 1, 1, 0, 2, 0, 0],827.5695714647168,56811.520280469085,98178.32022675537,false
6,G1_CMAX,G1_CMAX,[31, 22, 82, 15, 26, 9, 95, 42, 77, 12, 47, 5, 93, 78, 86, 54, 85, 63, 18, 44, 20, 35, 69, 97, 91, 76, 10, 30, 21, 45, 71, 64, 1, 23, 17, 83, 24, 41, 60, 36, 6, 57, 40, 88, 65, 56, 79, 43, 67, 68, 46, 75, 38, 58, 19, 32, 81, 48, 27, 62, 87, 90, 99, 59, 11, 16, 72, 73, 70, 39, 37, 84, 3, 92, 25, 55, 28, 29, 51, 7, 66, 61, 98, 14, 89, 50, 33, 96, 80, 53, 8, 2, 34, 4, 52, 49, 0, 94, 74, 13]|[1, 1, 0, 1, 1, 0, 1, 2, 2, 1, 2, 2, 2, 1, 1, 0, 0, 1, 0, 2, 2, 0, 2, 2, 0, 1, 2, 2, 0, 0, 1, 2, 1, 2, 1, 0, 2, 1, 1, 1, 0, 1, 1, 1, 0, 2, 1, 2, 0, 0, 0, 0, 1, 1, 2, 1, 2, 1, 0, 0, 2, 1, 0, 1, 2, 1, 2, 1, 1, 1, 1, 1, 1, 0, 1, 1, 0, 0, 0, 1, 2, 1, 0, 0, 1, 0, 0, 0, 0, 0, 1, 0, 2, 1, 2, 0, 0, 1, 2, 0]|[4, 3, 2, 2, 4, 1, 2, 2, 2, 4, 1, 1, 2, 4, 4, 1, 2, 4, 2, 1, 1, 1, 2, 2, 1, 2, 1, 1, 1, 1, 3, 2, 3, 0, 4, 0, 1, 4, 0, 3, 2, 2, 2, 0, 1, 1, 0, 2, 0, 1, 2, 2, 1, 0, 0, 3, 2, 4, 1, 2, 2, 3, 1, 1, 1, 3, 0, 4, 3, 1, 4, 1, 1, 0, 4, 4, 2, 1, 1, 1, 1, 3, 1, 1, 1, 1, 2, 1, 1, 2, 3, 2, 1, 4, 1, 1, 2, 4, 1, 2]|[0, 2, 1, 1, 3, 0, 1, 0, 0, 0, 0, 0, 1, 0, 1, 0, 0, 3, 1, 0, 0, 0, 0, 1, 0, 2, 0, 0, 0, 1, 0, 0, 0, 0, 3, 0, 1, 3, 0, 2, 1, 1, 1, 0, 0, 0, 0, 0, 1, 0, 0, 0, 1, 3, 0, 0, 1, 2, 0, 1, 0, 2, 0, 1, 0, 2, 1, 0, 0, 1, 1, 3, 1, 1, 3, 3, 1, 0, 0, 2, 0, 0, 0, 0, 1, 0, 1, 0, 0, 1, 2, 0, 0, 0, 0, 1, 0, 2, 0, 0],786.9950639341187,56961.909901947656,99487.07779379914,false
6,G4_BALANCED,G4_BALANCED,[31, 22, 82, 15, 26, 9, 90, 42, 77, 4, 47, 5, 93, 78, 86, 54, 32, 63, 18, 44, 20, 49, 36, 14, 74, 50, 53, 17, 21, 45, 71, 64, 3, 23, 30, 83, 24, 41, 60, 52, 65, 27, 95, 70, 39, 87, 48, 69, 99, 68, 46, 1, 38, 58, 97, 59, 28, 8, 73, 37, 35, 79, 11, 89, 76, 57, 72, 16, 92, 6, 80, 61, 33, 98, 85, 34, 62, 67, 10, 7, 19, 43, 51, 56, 91, 13, 29, 96, 0, 81, 2, 40, 88, 55, 75, 25, 12, 94, 66, 84]|[2, 1, 2, 1, 1, 2, 1, 1, 1, 1, 1, 0, 2, 2, 1, 2, 0, 0, 0, 2, 2, 1, 0, 2, 0, 2, 2, 1, 0, 1, 1, 1, 0, 1, 1, 0, 2, 1, 2, 2, 0, 1, 1, 1, 0, 2, 0, 2, 1, 0, 0, 2, 2, 0, 2, 0, 2, 1, 0, 0, 2, 1, 0, 1, 2, 1, 1, 1, 0, 1, 2, 1, 1, 0, 0, 1, 0, 0, 1, 2, 2, 2, 0, 0, 1, 0, 1, 0, 0, 1, 2, 2, 1, 0, 0, 1, 1, 1, 2, 0]|[0, 3, 0, 2, 4, 1, 4, 4, 2, 4, 3, 2, 1, 0, 2, 1, 1, 1, 2, 1, 2, 3, 0, 1, 0, 1, 1, 4, 1, 0, 3, 2, 2, 3, 4, 1, 1, 4, 0, 1, 2, 2, 4, 4, 1, 1, 0, 2, 3, 1, 2, 1, 2, 1, 1, 2, 0, 3, 0, 2, 2, 3, 1, 4, 1, 4, 4, 0, 0, 4, 1, 3, 4, 1, 1, 4, 2, 1, 3, 1, 0, 1, 0, 2, 3, 2, 3, 2, 2, 1, 1, 0, 4, 2, 2, 4, 3, 4, 0, 2]|[0, 2, 0, 1, 3, 0, 1, 3, 0, 0, 2, 0, 1, 0, 1, 0, 0, 0, 1, 0, 0, 2, 0, 0, 1, 0, 0, 3, 0, 1, 0, 2, 0, 0, 3, 0, 1, 3, 1, 0, 0, 1, 1, 3, 0, 0, 1, 0, 2, 0, 0, 0, 0, 0, 1, 0, 0, 0, 1, 1, 0, 2, 0, 1, 0, 1, 2, 1, 1, 2, 0, 0, 1, 0, 0, 2, 1, 0, 3, 0, 0, 0, 0, 1, 0, 0, 0, 0, 0, 1, 0, 0, 1, 0, 0, 3, 0, 2, 0, 1],869.9021436554237,54245.71985401379,117541.61301579599,false
6,G2_TEC,G2_TEC,[31, 22, 82, 15, 26, 9, 95, 42, 77, 4, 47, 5, 93, 78, 86, 54, 85, 63, 18, 44, 20, 49, 36, 14, 74, 50, 53, 17, 21, 45, 71, 64, 3, 23, 30, 83, 24, 41, 60, 52, 65, 27, 90, 70, 39, 87, 48, 69, 99, 68, 46, 1, 38, 58, 97, 59, 28, 8, 73, 37, 35, 79, 11, 66, 76, 57, 72, 16, 92, 6, 80, 61, 33, 98, 32, 34, 51, 67, 10, 7, 43, 19, 29, 56, 91, 13, 96, 62, 0, 81, 2, 55, 88, 40, 75, 25, 12, 94, 89, 84]|[0, 1, 2, 1, 1, 2, 1, 0, 1, 1, 1, 0, 2, 2, 1, 2, 0, 0, 0, 2, 2, 1, 0, 2, 0, 2, 2, 1, 0, 1, 1, 1, 0, 0, 1, 0, 2, 1, 2, 2, 0, 1, 1, 1, 0, 2, 0, 2, 1, 0, 0, 2, 2, 0, 2, 0, 2, 1, 0, 0, 2, 1, 0, 2, 2, 0, 1, 1, 0, 0, 2, 1, 1, 0, 0, 1, 1, 0, 1, 2, 2, 1, 1, 2, 1, 0, 0, 0, 0, 1, 2, 0, 1, 0, 2, 1, 1, 1, 1, 1]|[0, 3, 0, 2, 4, 1, 4, 0, 2, 4, 3, 2, 1, 0, 2, 1, 1, 1, 2, 1, 2, 3, 0, 1, 0, 1, 1, 4, 1, 4, 3, 2, 2, 0, 4, 1, 1, 4, 0, 1, 2, 2, 4, 4, 1, 1, 0, 2, 3, 1, 2, 1, 2, 1, 1, 2, 1, 3, 0, 2, 2, 3, 1, 0, 1, 0, 4, 0, 0, 1, 1, 3, 4, 1, 2, 4, 3, 1, 3, 1, 1, 4, 3, 0, 3, 2, 2, 2, 2, 1, 1, 2, 4, 2, 2, 4, 3, 4, 4, 4]|[0, 2, 0, 1, 3, 0, 1, 0, 0, 0, 2, 0, 1, 0, 1, 0, 0, 0, 1, 0, 0, 2, 0, 0, 1, 0, 0, 3, 0, 1, 0, 2, 0, 0, 3, 0, 1, 3, 1, 0, 0, 1, 1, 3, 0, 0, 1, 0, 2, 0, 0, 0, 0, 0, 1, 0, 0, 0, 1, 1, 0, 2, 0, 0, 0, 1, 2, 1, 1, 0, 0, 0, 1, 0, 0, 2, 0, 0, 3, 0, 0, 2, 0, 0, 0, 0, 0, 1, 0, 1, 0, 0, 1, 1, 1, 3, 0, 2, 1, 2],925.2053301420427,53670.69755115127,116474.41271781578,false
6,G3_TWC,G3_TWC,[31, 22, 82, 15, 26, 9, 95, 42, 77, 12, 47, 5, 93, 78, 86, 96, 85, 63, 18, 44, 20, 35, 43, 97, 91, 76, 10, 30, 21, 45, 71, 64, 72, 23, 17, 83, 24, 41, 60, 36, 6, 57, 40, 88, 65, 56, 79, 69, 67, 68, 46, 75, 38, 58, 19, 32, 81, 48, 27, 62, 87, 90, 99, 59, 11, 16, 1, 73, 70, 39, 37, 84, 3, 92, 25, 55, 28, 29, 51, 7, 66, 61, 98, 14, 89, 50, 8, 54, 80, 53, 33, 4, 34, 2, 52, 49, 0, 94, 74, 13]|[1, 1, 0, 1, 1, 0, 1, 2, 2, 1, 2, 2, 2, 1, 1, 0, 0, 1, 0, 2, 2, 0, 2, 2, 0, 1, 2, 2, 0, 0, 1, 2, 1, 0, 1, 0, 2, 1, 1, 1, 0, 1, 1, 1, 0, 2, 1, 2, 0, 0, 0, 0, 1, 1, 2, 1, 2, 1, 0, 0, 2, 1, 0, 1, 2, 1, 2, 1, 1, 1, 1, 1, 1, 0, 1, 1, 0, 0, 0, 1, 2, 1, 0, 0, 1, 0, 1, 0, 0, 0, 0, 1, 2, 0, 1, 0, 0, 1, 2, 0]|[4, 3, 2, 2, 4, 1, 2, 2, 2, 4, 1, 1, 2, 4, 4, 1, 2, 4, 2, 1, 1, 1, 2, 2, 1, 2, 1, 1, 1, 1, 3, 2, 3, 0, 4, 0, 1, 4, 0, 3, 2, 2, 2, 0, 1, 1, 0, 2, 0, 1, 2, 2, 1, 0, 0, 3, 2, 4, 1, 2, 2, 3, 1, 1, 1, 3, 0, 4, 3, 1, 4, 1, 1, 0, 4, 4, 2, 1, 1, 1, 0, 3, 1, 1, 1, 1, 3, 1, 1, 2, 2, 4, 1, 2, 1, 1, 2, 4, 1, 2]|[0, 2, 1, 1, 3, 0, 1, 0, 0, 0, 0, 0, 1, 0, 1, 0, 0, 3, 1, 0, 0, 0, 0, 1, 0, 2, 0, 0, 0, 1, 0, 0, 0, 0, 3, 0, 1, 3, 0, 2, 1, 1, 1, 0, 0, 0, 0, 0, 1, 0, 0, 0, 1, 3, 0, 0, 1, 2, 0, 1, 0, 2, 0, 1, 0, 2, 1, 0, 0, 1, 1, 3, 1, 1, 3, 3, 1, 0, 0, 2, 0, 0, 0, 0, 1, 0, 2, 0, 0, 1, 1, 0, 0, 0, 1, 1, 0, 2, 0, 0],827.5695714647168,56811.520280469085,98178.32022675537,false
6,G1_CMAX,G4_BALANCED,[31, 22, 82, 15, 26, 9, 95, 42, 77, 12, 47, 5, 93, 78, 86, 54, 85, 63, 18, 44, 20, 35, 43, 97, 91, 76, 10, 30, 21, 45, 71, 64, 1, 23, 17, 83, 24, 14, 60, 36, 6, 57, 40, 88, 65, 56, 79, 94, 67, 68, 46, 75, 38, 58, 19, 32, 81, 48, 27, 62, 87, 90, 99, 59, 11, 16, 72, 73, 70, 39, 37, 84, 3, 92, 25, 55, 28, 51, 29, 7, 66, 61, 98, 41, 89, 50, 8, 96, 80, 53, 4, 33, 34, 2, 52, 49, 0, 69, 74, 13]|[1, 1, 0, 1, 1, 0, 1, 2, 2, 1, 2, 2, 2, 1, 1, 0, 0, 1, 0, 2, 2, 0, 1, 2, 0, 1, 2, 2, 0, 0, 1, 2, 1, 0, 1, 0, 2, 0, 1, 1, 0, 1, 1, 1, 0, 2, 1, 1, 0, 0, 0, 0, 1, 1, 2, 1, 2, 1, 0, 0, 2, 1, 0, 1, 2, 1, 2, 1, 1, 1, 1, 1, 1, 0, 1, 1, 0, 0, 0, 1, 2, 1, 0, 0, 1, 0, 1, 0, 0, 0, 0, 1, 2, 0, 2, 0, 0, 1, 2, 0]|[4, 3, 2, 2, 4, 1, 2, 2, 2, 4, 1, 1, 2, 4, 4, 1, 2, 4, 2, 1, 1, 1, 1, 2, 1, 2, 1, 1, 1, 1, 3, 2, 3, 0, 4, 0, 1, 1, 0, 3, 2, 2, 2, 0, 1, 1, 0, 4, 0, 1, 2, 2, 1, 0, 0, 3, 2, 4, 1, 2, 2, 3, 1, 1, 1, 3, 0, 4, 3, 1, 4, 1, 1, 0, 4, 4, 2, 1, 1, 1, 1, 3, 1, 1, 1, 1, 3, 1, 1, 2, 2, 4, 1, 2, 1, 1, 2, 4, 1, 2]|[0, 2, 1, 1, 3, 0, 1, 0, 0, 0, 0, 0, 1, 0, 1, 0, 0, 3, 1, 0, 0, 0, 3, 1, 0, 2, 0, 0, 0, 1, 0, 0, 0, 0, 3, 0, 1, 0, 0, 2, 1, 1, 1, 0, 0, 0, 0, 2, 1, 0, 0, 0, 1, 3, 0, 0, 1, 2, 0, 1, 0, 2, 0, 1, 0, 2, 1, 0, 0, 1, 1, 3, 1, 1, 3, 3, 1, 0, 0, 2, 0, 0, 0, 0, 1, 0, 2, 0, 0, 1, 1, 0, 0, 0, 0, 1, 0, 2, 0, 0],844.0596902996148,57212.06440581179,95659.82882630659,true
6,G4_BALANCED,G4_BALANCED,[31, 22, 82, 15, 26, 9, 90, 42, 77, 4, 79, 5, 93, 78, 86, 54, 85, 63, 18, 44, 20, 49, 36, 14, 48, 50, 53, 17, 21, 45, 71, 64, 3, 23, 30, 83, 24, 41, 60, 52, 65, 27, 95, 70, 89, 87, 74, 69, 99, 68, 46, 1, 38, 32, 97, 59, 28, 8, 73, 37, 35, 47, 11, 66, 76, 57, 72, 16, 92, 6, 80, 61, 33, 98, 58, 34, 51, 67, 84, 7, 39, 43, 62, 19, 91, 13, 29, 96, 94, 81, 10, 40, 88, 55, 75, 25, 12, 0, 56, 2]|[2, 1, 2, 1, 1, 2, 1, 0, 1, 1, 1, 0, 2, 2, 1, 2, 0, 0, 0, 2, 2, 1, 0, 2, 0, 2, 2, 1, 0, 1, 1, 1, 0, 0, 1, 0, 2, 1, 2, 2, 0, 1, 1, 1, 1, 1, 0, 2, 1, 0, 0, 2, 2, 0, 2, 0, 2, 1, 0, 0, 2, 1, 0, 2, 2, 0, 1, 1, 0, 0, 2, 1, 1, 0, 0, 1, 0, 0, 0, 2, 0, 2, 0, 2, 1, 0, 1, 0, 1, 1, 1, 2, 1, 0, 2, 1, 1, 0, 2, 2]|[0, 3, 0, 2, 4, 1, 4, 0, 2, 4, 3, 2, 1, 0, 2, 1, 1, 1, 2, 1, 2, 3, 0, 1, 0, 1, 1, 4, 1, 0, 3, 2, 2, 0, 4, 1, 1, 4, 0, 1, 2, 2, 4, 4, 4, 0, 0, 2, 3, 1, 2, 1, 2, 2, 1, 2, 0, 3, 0, 2, 2, 3, 1, 0, 1, 0, 4, 0, 0, 1, 1, 3, 4, 1, 1, 4, 0, 1, 2, 1, 1, 1, 2, 0, 3, 2, 3, 2, 4, 1, 3, 0, 4, 2, 2, 4, 3, 2, 0, 1]|[0, 2, 0, 1, 3, 0, 1, 0, 0, 0, 2, 0, 1, 0, 1, 0, 0, 0, 1, 0, 0, 2, 0, 1, 1, 0, 0, 3, 0, 1, 0, 2, 0, 0, 3, 0, 1, 3, 1, 0, 0, 1, 1, 3, 1, 0, 1, 0, 2, 0, 0, 0, 0, 0, 1, 0, 0, 0, 1, 1, 0, 2, 0, 0, 0, 1, 2, 1, 1, 0, 0, 0, 1, 0, 0, 2, 0, 0, 1, 0, 0, 0, 1, 0, 0, 0, 0, 0, 2, 1, 3, 0, 1, 0, 1, 3, 0, 0, 0, 0],925.4398190609458,55145.87498521555,113331.20404898819,false
6,G2_TEC,G2_TEC,[31, 22, 82, 15, 26, 9, 95, 42, 77, 4, 47, 5, 93, 78, 86, 54, 85, 63, 18, 44, 20, 49, 36, 14, 74, 50, 53, 17, 21, 45, 71, 64, 3, 23, 30, 83, 24, 41, 60, 52, 65, 27, 90, 70, 39, 87, 48, 69, 99, 68, 46, 1, 38, 58, 97, 59, 28, 8, 73, 37, 35, 79, 11, 66, 76, 57, 72, 16, 92, 6, 80, 61, 33, 98, 32, 34, 51, 67, 10, 7, 43, 19, 29, 56, 91, 13, 96, 62, 0, 81, 2, 55, 88, 40, 75, 25, 12, 94, 89, 84]|[0, 1, 2, 1, 1, 2, 1, 0, 1, 1, 1, 0, 2, 2, 1, 2, 0, 0, 0, 2, 2, 1, 0, 2, 0, 2, 2, 1, 0, 1, 1, 1, 0, 0, 1, 0, 2, 1, 2, 2, 0, 1, 1, 1, 0, 2, 0, 2, 1, 0, 0, 2, 2, 0, 2, 0, 2, 1, 0, 0, 2, 1, 0, 2, 2, 0, 1, 1, 0, 0, 2, 1, 1, 0, 0, 1, 1, 0, 1, 2, 2, 1, 1, 2, 1, 0, 0, 0, 0, 1, 2, 0, 1, 0, 2, 1, 1, 1, 1, 1]|[0, 3, 0, 2, 4, 1, 4, 0, 2, 4, 3, 2, 1, 0, 2, 1, 1, 1, 2, 1, 2, 3, 0, 1, 0, 1, 1, 4, 1, 4, 3, 2, 2, 0, 4, 1, 1, 4, 0, 1, 2, 2, 4, 4, 1, 1, 0, 2, 3, 1, 2, 1, 2, 1, 1, 2, 1, 3, 0, 2, 2, 3, 1, 0, 1, 0, 4, 0, 0, 1, 1, 3, 4, 1, 2, 4, 3, 1, 3, 1, 1, 4, 3, 0, 3, 2, 2, 2, 2, 1, 1, 2, 4, 2, 2, 4, 3, 4, 4, 4]|[0, 2, 0, 1, 3, 0, 1, 0, 0, 0, 2, 0, 1, 0, 1, 0, 0, 0, 1, 0, 0, 2, 0, 0, 1, 0, 0, 3, 0, 1, 0, 2, 0, 0, 3, 0, 1, 3, 1, 0, 0, 1, 1, 3, 0, 0, 1, 0, 2, 0, 0, 0, 0, 0, 1, 0, 0, 0, 1, 1, 0, 2, 0, 0, 0, 1, 2, 1, 1, 0, 0, 0, 1, 0, 0, 2, 0, 0, 3, 0, 0, 2, 0, 0, 0, 0, 0, 1, 0, 1, 0, 0, 1, 1, 1, 3, 0, 2, 1, 2],925.2053301420427,53670.69755115127,116474.41271781578,false
6,G3_TWC,G3_TWC,[31, 22, 82, 15, 26, 9, 95, 42, 77, 12, 47, 5, 93, 78, 86, 96, 85, 63, 18, 44, 20, 35, 43, 97, 91, 76, 10, 30, 21, 45, 71, 64, 72, 23, 17, 83, 24, 40, 60, 36, 6, 57, 14, 88, 65, 56, 79, 69, 67, 68, 46, 75, 38, 58, 19, 32, 81, 48, 27, 62, 87, 90, 99, 59, 11, 16, 1, 73, 61, 39, 37, 84, 3, 92, 25, 55, 28, 29, 51, 7, 66, 70, 98, 41, 89, 50, 8, 54, 80, 53, 33, 2, 13, 4, 52, 49, 0, 94, 74, 34]|[1, 1, 0, 1, 1, 0, 1, 2, 2, 1, 2, 2, 2, 1, 1, 0, 0, 1, 0, 2, 2, 0, 1, 2, 0, 1, 2, 2, 0, 0, 1, 2, 1, 0, 1, 0, 2, 0, 1, 1, 0, 1, 1, 1, 0, 2, 1, 2, 0, 0, 0, 0, 1, 1, 2, 1, 2, 1, 0, 0, 2, 1, 0, 1, 2, 1, 2, 1, 1, 1, 1, 1, 1, 0, 1, 1, 0, 0, 0, 1, 2, 1, 0, 0, 1, 0, 1, 0, 0, 0, 0, 0, 0, 1, 1, 0, 0, 1, 2, 2]|[4, 3, 2, 2, 4, 1, 2, 2, 2, 4, 1, 1, 2, 4, 4, 1, 2, 4, 2, 1, 1, 1, 1, 2, 1, 2, 1, 1, 1, 1, 3, 2, 3, 0, 4, 0, 1, 1, 0, 3, 2, 2, 2, 0, 1, 1, 0, 2, 0, 1, 2, 2, 1, 0, 0, 3, 2, 4, 1, 2, 2, 3, 1, 1, 1, 3, 0, 4, 3, 1, 4, 1, 1, 0, 4, 4, 2, 1, 1, 1, 1, 3, 1, 1, 1, 1, 3, 1, 2, 2, 2, 2, 2, 4, 1, 1, 2, 4, 1, 1]|[0, 2, 1, 1, 3, 0, 1, 0, 0, 0, 0, 0, 1, 0, 1, 0, 0, 3, 1, 0, 0, 0, 3, 1, 0, 2, 0, 0, 0, 1, 0, 0, 0, 0, 3, 0, 1, 0, 0, 2, 1, 1, 1, 0, 0, 0, 0, 0, 1, 0, 0, 0, 1, 3, 0, 0, 1, 2, 0, 1, 0, 2, 0, 1, 0, 2, 1, 0, 0, 1, 1, 3, 1, 1, 3, 3, 1, 0, 0, 2, 0, 0, 0, 0, 1, 0, 2, 0, 1, 1, 1, 0, 0, 0, 1, 1, 0, 2, 0, 0],835.2445728068544,56937.20990513922,96640.75558335072,false
6,G1_CMAX,G4_BALANCED,[31, 22, 82, 15, 26, 9, 95, 42, 77, 4, 30, 5, 93, 78, 86, 54, 85, 63, 18, 44, 20, 49, 36, 14, 74, 50, 53, 17, 21, 45, 71, 64, 3, 23, 47, 83, 24, 41, 60, 52, 65, 27, 90, 70, 39, 87, 48, 69, 99, 68, 46, 1, 38, 58, 97, 59, 28, 8, 73, 37, 35, 79, 11, 66, 76, 57, 40, 80, 96, 6, 16, 61, 33, 98, 32, 34, 29, 67, 10, 7, 43, 56, 62, 25, 91, 13, 75, 92, 0, 81, 2, 55, 88, 72, 51, 19, 12, 94, 89, 84]|[2, 1, 2, 1, 1, 2, 1, 1, 1, 1, 1, 0, 2, 2, 1, 2, 0, 0, 0, 2, 2, 1, 0, 2, 0, 2, 2, 1, 0, 1, 1, 1, 0, 0, 1, 0, 2, 1, 2, 2, 0, 1, 1, 1, 0, 2, 0, 2, 1, 0, 0, 2, 2, 0, 2, 0, 2, 1, 0, 0, 2, 1, 0, 2, 2, 0, 2, 2, 0, 1, 0, 1, 1, 0, 0, 1, 1, 0, 1, 2, 1, 2, 0, 1, 1, 0, 0, 0, 0, 1, 2, 0, 1, 1, 1, 2, 1, 1, 1, 0]|[0, 3, 0, 2, 4, 1, 4, 4, 2, 4, 3, 2, 1, 0, 2, 1, 1, 1, 2, 1, 2, 3, 0, 1, 0, 1, 1, 4, 1, 0, 3, 2, 2, 0, 4, 1, 1, 4, 0, 1, 2, 2, 4, 4, 1, 1, 0, 2, 3, 1, 2, 1, 2, 1, 1, 2, 1, 3, 0, 2, 2, 3, 1, 0, 1, 0, 0, 1, 2, 4, 1, 3, 4, 1, 2, 4, 3, 1, 3, 1, 4, 0, 2, 4, 3, 2, 2, 2, 2, 1, 1, 2, 4, 4, 3, 0, 3, 4, 4, 2]|[0, 2, 0, 1, 3, 0, 1, 3, 0, 0, 2, 0, 1, 0, 1, 0, 0, 0, 1, 0, 0, 2, 0, 0, 1, 0, 0, 3, 0, 1, 0, 2, 0, 0, 3, 0, 1, 3, 1, 0, 0, 1, 1, 3, 0, 0, 1, 0, 2, 0, 0, 0, 0, 0, 1, 0, 0, 0, 1, 1, 0, 2, 0, 0, 0, 1, 0, 0, 0, 2, 0, 0, 1, 0, 0, 2, 0, 0, 3, 0, 2, 0, 1, 3, 0, 0, 0, 0, 0, 1, 0, 0, 1, 2, 0, 0, 0, 2, 1, 1],903.645224914579,53532.386963064186,118211.00547445368,true
6,G4_BALANCED,G3_TWC,[31, 22, 82, 15, 26, 9, 95, 42, 44, 12, 47, 5, 93, 78, 86, 96, 85, 63, 18, 77, 20, 35, 43, 97, 91, 76, 10, 30, 21, 45, 71, 64, 72, 23, 17, 83, 24, 41, 60, 36, 6, 57, 40, 88, 65, 56, 79, 69, 67, 68, 46, 75, 38, 58, 19, 32, 81, 48, 27, 62, 87, 90, 99, 59, 11, 16, 1, 73, 70, 39, 37, 84, 3, 92, 25, 55, 28, 51, 29, 7, 34, 61, 98, 14, 89, 50, 8, 54, 80, 53, 33, 4, 66, 2, 52, 49, 0, 94, 74, 13]|[1, 1, 0, 1, 1, 0, 1, 2, 2, 1, 2, 2, 2, 1, 1, 0, 0, 1, 0, 2, 2, 0, 1, 2, 0, 1, 2, 2, 0, 0, 1, 2, 1, 0, 1, 0, 2, 1, 1, 1, 0, 1, 1, 1, 0, 2, 1, 2, 0, 0, 0, 0, 1, 1, 2, 1, 2, 1, 0, 0, 2, 1, 0, 1, 2, 1, 2, 1, 1, 1, 1, 1, 1, 0, 1, 1, 0, 0, 0, 1, 2, 1, 0, 0, 1, 0, 1, 0, 0, 0, 0, 1, 2, 0, 1, 0, 0, 1, 2, 0]|[4, 3, 2, 2, 4, 1, 2, 2, 2, 4, 1, 1, 2, 4, 4, 1, 2, 4, 2, 1, 1, 1, 1, 2, 1, 2, 1, 1, 1, 1, 3, 2, 3, 0, 4, 0, 1, 4, 0, 3, 2, 2, 2, 0, 1, 1, 0, 2, 0, 1, 2, 2, 1, 0, 0, 3, 2, 4, 1, 2, 2, 3, 1, 1, 1, 3, 0, 4, 3, 1, 4, 1, 1, 0, 4, 4, 2, 1, 1, 1, 1, 3, 1, 1, 1, 1, 3, 1, 1, 2, 2, 4, 1, 2, 1, 1, 2, 4, 1, 2]|[0, 2, 1, 1, 3, 0, 1, 0, 0, 0, 0, 0, 1, 0, 1, 0, 0, 3, 1, 0, 0, 0, 3, 1, 0, 2, 0, 0, 0, 1, 0, 0, 0, 0, 3, 0, 1, 3, 0, 2, 1, 1, 1, 0, 0, 0, 0, 0, 1, 0, 0, 0, 1, 3, 0, 0, 1, 2, 0, 1, 0, 2, 0, 1, 0, 2, 1, 0, 0, 1, 1, 3, 1, 1, 3, 3, 1, 0, 0, 2, 0, 0, 0, 0, 1, 0, 2, 0, 0, 1, 1, 0, 0, 0, 1, 1, 0, 2, 0, 0],827.8341229471982,57061.139053448,97410.1673168182,true
6,G2_TEC,G2_TEC,[31, 22, 82, 15, 26, 9, 95, 42, 77, 4, 47, 5, 93, 78, 86, 54, 85, 63, 18, 44, 20, 49, 36, 14, 74, 50, 53, 17, 21, 45, 71, 64, 3, 23, 30, 83, 24, 41, 60, 52, 65, 27, 90, 70, 39, 87, 48, 69, 99, 68, 46, 1, 38, 58, 97, 59, 28, 8, 73, 37, 35, 79, 11, 66, 76, 57, 40, 80, 96, 6, 16, 61, 33, 98, 32, 34, 51, 67, 10, 7, 56, 43, 29, 19, 91, 13, 62, 92, 0, 81, 2, 55, 88, 84, 75, 25, 12, 94, 89, 72]|[2, 1, 2, 1, 1, 2, 1, 1, 1, 1, 1, 0, 2, 2, 1, 2, 0, 0, 0, 2, 2, 1, 0, 2, 0, 2, 2, 1, 0, 1, 1, 1, 0, 0, 1, 0, 2, 1, 2, 2, 0, 1, 1, 1, 0, 2, 0, 2, 1, 0, 0, 2, 2, 0, 2, 0, 2, 1, 0, 0, 2, 1, 0, 2, 2, 0, 2, 2, 0, 1, 2, 1, 1, 0, 0, 1, 1, 1, 1, 2, 2, 1, 1, 1, 1, 0, 0, 0, 0, 1, 2, 0, 1, 0, 0, 1, 1, 1, 1, 1]|[0, 3, 0, 2, 4, 1, 4, 4, 2, 4, 3, 2, 1, 0, 2, 1, 1, 1, 2, 1, 2, 3, 0, 1, 0, 1, 1, 4, 1, 4, 3, 2, 2, 0, 4, 1, 1, 4, 0, 1, 2, 2, 4, 4, 1, 1, 0, 2, 3, 1, 2, 1, 2, 1, 1, 2, 0, 3, 0, 2, 2, 3, 1, 0, 1, 0, 0, 1, 2, 4, 1, 3, 4, 1, 2, 4, 3, 3, 3, 1, 0, 4, 3, 4, 3, 2, 2, 2, 2, 1, 1, 2, 4, 2, 2, 4, 3, 4, 4, 4]|[0, 2, 0, 1, 3, 0, 1, 3, 0, 0, 2, 0, 1, 0, 1, 0, 0, 0, 1, 0, 0, 2, 0, 0, 1, 0, 0, 3, 0, 1, 0, 2, 0, 0, 3, 0, 1, 3, 1, 0, 0, 1, 1, 3, 0, 0, 1, 0, 2, 0, 0, 0, 0, 0, 1, 0, 0, 0, 1, 1, 0, 2, 0, 0, 0, 1, 0, 0, 0, 2, 0, 0, 1, 0, 0, 2, 0, 0, 3, 0, 0, 2, 0, 3, 0, 0, 1, 0, 0, 1, 0, 0, 2, 1, 0, 3, 0, 2, 1, 2],894.5174754386885,53069.88264179214,120490.8728779781,false
6,G3_TWC,G1_CMAX,[31, 22, 82, 15, 26, 9, 95, 42, 77, 12, 47, 5, 93, 78, 86, 54, 85, 63, 18, 44, 20, 35, 43, 97, 91, 76, 10, 30, 21, 45, 71, 64, 1, 23, 17, 83, 24, 14, 60, 36, 6, 57, 40, 88, 65, 56, 79, 94, 67, 68, 46, 75, 38, 58, 19, 32, 81, 41, 27, 62, 87, 90, 99, 59, 11, 16, 72, 73, 70, 39, 37, 84, 3, 92, 25, 55, 28, 29, 51, 7, 66, 61, 98, 48, 89, 50, 8, 96, 80, 53, 33, 4, 34, 2, 52, 49, 0, 69, 74, 13]|[1, 1, 0, 1, 1, 0, 1, 2, 2, 1, 2, 2, 2, 1, 1, 0, 0, 1, 0, 2, 2, 0, 1, 2, 0, 1, 2, 2, 0, 0, 1, 2, 1, 2, 1, 0, 2, 0, 1, 1, 0, 1, 1, 1, 0, 2, 1, 1, 0, 0, 0, 0, 1, 1, 2, 1, 2, 0, 0, 0, 2, 1, 0, 1, 2, 1, 2, 1, 1, 1, 1, 1, 1, 0, 1, 1, 0, 0, 0, 1, 2, 1, 0, 0, 1, 0, 1, 0, 0, 0, 0, 0, 2, 0, 2, 0, 0, 1, 2, 0]|[4, 3, 2, 2, 4, 1, 2, 2, 2, 4, 1, 1, 2, 4, 4, 1, 2, 4, 2, 1, 1, 1, 1, 2, 1, 2, 1, 1, 1, 1, 3, 2, 3, 0, 4, 0, 1, 1, 0, 3, 2, 2, 2, 0, 1, 1, 0, 4, 0, 1, 2, 2, 1, 0, 0, 3, 2, 1, 1, 2, 2, 3, 1, 1, 1, 3, 0, 4, 3, 1, 4, 1, 1, 0, 4, 4, 2, 1, 1, 1, 1, 3, 1, 1, 1, 1, 3, 1, 1, 2, 2, 2, 1, 2, 1, 1, 2, 4, 1, 2]|[0, 2, 1, 1, 3, 0, 1, 0, 0, 0, 0, 0, 1, 0, 1, 0, 0, 3, 1, 0, 0, 0, 3, 1, 0, 2, 0, 0, 0, 1, 0, 0, 0, 0, 3, 0, 1, 0, 0, 2, 1, 1, 1, 0, 0, 0, 0, 2, 1, 0, 0, 0, 1, 3, 0, 0, 1, 0, 0, 1, 0, 2, 0, 1, 0, 2, 1, 0, 0, 1, 1, 3, 1, 1, 3, 3, 1, 0, 0, 2, 0, 0, 0, 0, 1, 0, 2, 0, 0, 1, 1, 1, 0, 0, 0, 1, 0, 2, 0, 0],852.660327686474,57776.461083972375,94810.85406852722,true
6,G1_CMAX,G1_CMAX,[31, 22, 82, 15, 73, 9, 95, 42, 77, 12, 47, 98, 93, 78, 86, 54, 85, 63, 18, 44, 20, 35, 43, 97, 37, 76, 10, 30, 21, 45, 61, 64, 1, 23, 17, 83, 24, 41, 60, 36, 6, 57, 40, 88, 65, 56, 79, 69, 67, 68, 46, 75, 38, 58, 19, 32, 81, 48, 27, 62, 87, 90, 99, 59, 11, 16, 72, 26, 70, 89, 91, 84, 3, 92, 25, 55, 28, 51, 29, 7, 96, 74, 5, 14, 39, 80, 33, 8, 50, 53, 66, 2, 34, 4, 52, 49, 0, 94, 71, 13]|[1, 1, 0, 1, 1, 0, 1, 2, 2, 1, 2, 2, 2, 1, 1, 0, 0, 0, 0, 2, 2, 0, 1, 2, 0, 1, 2, 2, 0, 0, 1, 2, 1, 2, 1, 0, 2, 1, 1, 1, 0, 1, 1, 1, 0, 2, 1, 2, 0, 0, 0, 0, 1, 1, 2, 1, 2, 1, 0, 0, 2, 1, 0, 1, 2, 1, 2, 1, 1, 1, 0, 1, 1, 0, 1, 1, 1, 0, 1, 1, 0, 2, 2, 0, 1, 0, 0, 1, 0, 0, 2, 0, 2, 1, 2, 0, 0, 1, 2, 0]|[4, 3, 2, 2, 4, 1, 2, 2, 1, 4, 0, 1, 2, 4, 4, 1, 2, 1, 2, 1, 1, 1, 1, 2, 1, 2, 1, 1, 1, 1, 1, 2, 3, 0, 4, 0, 1, 4, 0, 3, 2, 2, 2, 0, 1, 1, 0, 2, 0, 1, 2, 2, 1, 4, 0, 3, 1, 4, 1, 2, 2, 3, 1, 1, 1, 3, 0, 4, 3, 1, 1, 1, 1, 0, 4, 4, 4, 1, 3, 1, 1, 0, 1, 2, 1, 1, 2, 3, 1, 2, 0, 2, 1, 4, 1, 1, 2, 4, 1, 2]|[0, 2, 1, 1, 3, 0, 1, 0, 0, 0, 0, 0, 1, 0, 1, 0, 0, 0, 1, 0, 0, 0, 3, 1, 0, 2, 0, 0, 0, 1, 3, 0, 0, 0, 3, 0, 1, 3, 0, 2, 1, 1, 1, 0, 0, 0, 0, 0, 1, 0, 0, 0, 1, 3, 0, 0, 0, 2, 0, 1, 0, 2, 0, 1, 0, 2, 1, 0, 0, 1, 0, 3, 1, 1, 3, 3, 1, 0, 0, 2, 0, 0, 0, 0, 1, 0, 1, 2, 0, 1, 0, 0, 0, 0, 0, 1, 0, 2, 0, 0],789.0469836246521,56736.66854690487,109055.00294687356,false
6,G4_BALANCED,G3_TWC,[31, 22, 82, 15, 26, 9, 95, 42, 44, 12, 47, 5, 93, 78, 86, 96, 85, 63, 18, 77, 20, 35, 43, 97, 91, 76, 10, 30, 21, 45, 71, 64, 72, 23, 17, 83, 24, 41, 60, 36, 6, 57, 40, 88, 65, 56, 79, 69, 67, 68, 46, 75, 38, 58, 19, 32, 81, 48, 27, 62, 87, 90, 99, 59, 11, 16, 1, 73, 70, 39, 37, 84, 3, 92, 25, 55, 28, 51, 29, 7, 34, 61, 98, 14, 89, 50, 8, 54, 80, 53, 33, 4, 66, 2, 52, 49, 0, 94, 74, 13]|[1, 1, 0, 1, 1, 0, 1, 2, 2, 1, 2, 2, 2, 1, 1, 0, 0, 1, 0, 2, 2, 0, 1, 2, 0, 1, 2, 2, 0, 0, 1, 2, 1, 0, 1, 0, 2, 1, 1, 1, 0, 1, 1, 1, 0, 2, 1, 2, 0, 0, 0, 0, 1, 1, 2, 1, 2, 1, 0, 0, 2, 1, 0, 1, 2, 1, 2, 1, 1, 1, 1, 1, 1, 0, 1, 1, 0, 0, 0, 1, 2, 1, 0, 0, 1, 0, 1, 0, 0, 0, 0, 1, 2, 0, 1, 0, 0, 1, 2, 0]|[4, 3, 2, 2, 4, 1, 2, 2, 2, 4, 1, 1, 2, 4, 4, 1, 2, 4, 2, 1, 1, 1, 1, 2, 1, 2, 1, 1, 1, 1, 3, 2, 3, 0, 4, 0, 1, 4, 0, 3, 2, 2, 2, 0, 1, 1, 0, 2, 0, 1, 2, 2, 1, 0, 0, 3, 2, 4, 1, 2, 2, 3, 1, 1, 1, 3, 0, 4, 3, 1, 4, 1, 1, 0, 4, 4, 2, 1, 1, 1, 1, 3, 1, 1, 1, 1, 3, 1, 1, 2, 2, 4, 1, 2, 1, 1, 2, 4, 1, 2]|[0, 2, 1, 1, 3, 0, 1, 0, 0, 0, 0, 0, 1, 0, 1, 0, 0, 3, 1, 0, 0, 0, 3, 1, 0, 2, 0, 0, 0, 1, 0, 0, 0, 0, 3, 0, 1, 3, 0, 2, 1, 1, 1, 0, 0, 0, 0, 0, 1, 0, 0, 0, 1, 3, 0, 0, 1, 2, 0, 1, 0, 2, 0, 1, 0, 2, 1, 0, 0, 1, 1, 3, 1, 1, 3, 3, 1, 0, 0, 2, 0, 0, 0, 0, 1, 0, 2, 0, 0, 1, 1, 0, 0, 0, 1, 1, 0, 2, 0, 0],827.8341229471982,57061.139053448,97410.1673168182,true
6,G2_TEC,G2_TEC,[31, 22, 82, 15, 26, 9, 95, 42, 77, 4, 47, 5, 93, 78, 86, 54, 85, 63, 18, 44, 20, 49, 36, 14, 74, 50, 53, 17, 21, 45, 71, 64, 3, 23, 30, 83, 24, 41, 60, 52, 65, 27, 90, 70, 39, 87, 48, 69, 99, 68, 46, 1, 38, 58, 97, 59, 28, 8, 73, 37, 35, 79, 11, 66, 76, 57, 40, 80, 96, 6, 16, 61, 33, 98, 32, 34, 51, 67, 10, 7, 56, 43, 29, 19, 91, 13, 62, 92, 0, 81, 2, 55, 88, 84, 75, 25, 12, 94, 89, 72]|[2, 1, 2, 1, 1, 2, 1, 1, 1, 1, 1, 0, 2, 2, 1, 2, 0, 0, 0, 2, 2, 1, 0, 2, 0, 2, 2, 1, 0, 1, 1, 1, 0, 0, 1, 0, 2, 1, 2, 2, 0, 1, 1, 1, 0, 2, 0, 2, 1, 0, 0, 2, 2, 0, 2, 0, 2, 1, 0, 0, 2, 1, 0, 2, 2, 0, 2, 2, 0, 1, 2, 1, 1, 0, 0, 1, 1, 1, 1, 2, 2, 1, 1, 1, 1, 0, 0, 0, 0, 1, 2, 0, 1, 0, 0, 1, 1, 1, 1, 1]|[0, 3, 0, 2, 4, 1, 4, 4, 2, 4, 3, 2, 1, 0, 2, 1, 1, 1, 2, 1, 2, 3, 0, 1, 0, 1, 1, 4, 1, 4, 3, 2, 2, 0, 4, 1, 1, 4, 0, 1, 2, 2, 4, 4, 1, 1, 0, 2, 3, 1, 2, 1, 2, 1, 1, 2, 0, 3, 0, 2, 2, 3, 1, 0, 1, 0, 0, 1, 2, 4, 1, 3, 4, 1, 2, 4, 3, 3, 3, 1, 0, 4, 3, 4, 3, 2, 2, 2, 2, 1, 1, 2, 4, 2, 2, 4, 3, 4, 4, 4]|[0, 2, 0, 1, 3, 0, 1, 3, 0, 0, 2, 0, 1, 0, 1, 0, 0, 0, 1, 0, 0, 2, 0, 0, 1, 0, 0, 3, 0, 1, 0, 2, 0, 0, 3, 0, 1, 3, 1, 0, 0, 1, 1, 3, 0, 0, 1, 0, 2, 0, 0, 0, 0, 0, 1, 0, 0, 0, 1, 1, 0, 2, 0, 0, 0, 1, 0, 0, 0, 2, 0, 0, 1, 0, 0, 2, 0, 0, 3, 0, 0, 2, 0, 3, 0, 0, 1, 0, 0, 1, 0, 0, 2, 1, 0, 3, 0, 2, 1, 2],894.5174754386885,53069.88264179214,120490.8728779781,false
6,G3_TWC,G1_CMAX,[31, 22, 82, 15, 26, 9, 95, 42, 77, 12, 47, 5, 93, 78, 86, 54, 85, 63, 18, 44, 20, 35, 43, 97, 91, 76, 10, 30, 21, 45, 71, 64, 1, 23, 17, 83, 24, 14, 60, 36, 6, 57, 40, 88, 65, 56, 79, 94, 67, 68, 46, 75, 38, 58, 19, 32, 81, 41, 27, 62, 87, 90, 99, 59, 11, 16, 72, 73, 70, 39, 37, 84, 3, 92, 25, 55, 28, 29, 51, 7, 66, 61, 98, 48, 89, 50, 8, 96, 80, 53, 33, 4, 34, 2, 52, 49, 0, 69, 74, 13]|[1, 1, 0, 1, 1, 0, 1, 2, 2, 1, 2, 2, 2, 1, 1, 0, 0, 1, 0, 2, 2, 0, 1, 2, 0, 1, 2, 2, 0, 0, 1, 2, 1, 2, 1, 0, 2, 0, 1, 1, 0, 1, 1, 1, 0, 2, 1, 1, 0, 0, 0, 0, 1, 1, 2, 1, 2, 0, 0, 0, 2, 1, 0, 1, 2, 1, 2, 1, 1, 1, 1, 1, 1, 0, 1, 1, 0, 0, 0, 1, 2, 1, 0, 0, 1, 0, 1, 0, 0, 0, 0, 0, 2, 0, 2, 0, 0, 1, 2, 0]|[4, 3, 2, 2, 4, 1, 2, 2, 2, 4, 1, 1, 2, 4, 4, 1, 2, 4, 2, 1, 1, 1, 1, 2, 1, 2, 1, 1, 1, 1, 3, 2, 3, 0, 4, 0, 1, 1, 0, 3, 2, 2, 2, 0, 1, 1, 0, 4, 0, 1, 2, 2, 1, 0, 0, 3, 2, 1, 1, 2, 2, 3, 1, 1, 1, 3, 0, 4, 3, 1, 4, 1, 1, 0, 4, 4, 2, 1, 1, 1, 1, 3, 1, 1, 1, 1, 3, 1, 1, 2, 2, 2, 1, 2, 1, 1, 2, 4, 1, 2]|[0, 2, 1, 1, 3, 0, 1, 0, 0, 0, 0, 0, 1, 0, 1, 0, 0, 3, 1, 0, 0, 0, 3, 1, 0, 2, 0, 0, 0, 1, 0, 0, 0, 0, 3, 0, 1, 0, 0, 2, 1, 1, 1, 0, 0, 0, 0, 2, 1, 0, 0, 0, 1, 3, 0, 0, 1, 0, 0, 1, 0, 2, 0, 1, 0, 2, 1, 0, 0, 1, 1, 3, 1, 1, 3, 3, 1, 0, 0, 2, 0, 0, 0, 0, 1, 0, 2, 0, 0, 1, 1, 1, 0, 0, 0, 1, 0, 2, 0, 0],852.660327686474,57776.461083972375,94810.85406852722,true
6,G1_CMAX,G1_CMAX,[52, 22, 82, 39, 26, 9, 89, 5, 12, 77, 93, 78, 31, 54, 85, 63, 18, 44, 20, 35, 43, 76, 87, 30, 45, 71, 64, 1, 23, 17, 83, 24, 41, 60, 36, 6, 57, 40, 88, 65, 91, 56, 79, 69, 67, 68, 46, 75, 38, 58, 19, 32, 81, 48, 27, 62, 42, 84, 96, 95, 70, 73, 72, 16, 11, 15, 99, 90, 3, 92, 25, 55, 51, 28, 29, 7, 86, 74, 98, 37, 59, 50, 66, 10, 47, 97, 8, 80, 53, 14, 21, 2, 34, 4, 33, 49, 0, 94, 61, 13]|[2, 1, 0, 1, 1, 0, 1, 2, 1, 2, 2, 1, 1, 0, 0, 0, 0, 2, 2, 0, 1, 1, 2, 2, 0, 1, 2, 1, 2, 1, 0, 2, 1, 1, 1, 0, 1, 1, 1, 0, 0, 2, 1, 2, 0, 0, 0, 0, 1, 0, 2, 1, 2, 1, 0, 0, 2, 1, 1, 1, 1, 1, 2, 1, 2, 1, 0, 1, 1, 0, 1, 1, 0, 1, 1, 1, 1, 2, 2, 0, 1, 0, 2, 2, 2, 2, 1, 0, 0, 0, 0, 0, 2, 1, 2, 0, 0, 1, 1, 0]|[1, 3, 2, 1, 0, 1, 1, 1, 4, 1, 2, 4, 3, 1, 2, 1, 2, 1, 1, 1, 1, 2, 2, 1, 1, 3, 2, 3, 0, 4, 0, 1, 4, 0, 3, 2, 2, 2, 0, 1, 1, 1, 0, 2, 0, 1, 2, 2, 1, 0, 0, 3, 2, 4, 1, 2, 1, 1, 3, 2, 1, 4, 0, 3, 1, 2, 1, 3, 1, 0, 4, 4, 1, 4, 3, 1, 4, 0, 0, 1, 1, 1, 0, 1, 1, 2, 3, 1, 2, 1, 1, 2, 1, 4, 2, 1, 2, 4, 1, 2]|[0, 1, 1, 1, 3, 0, 1, 0, 0, 0, 1, 0, 2, 0, 0, 0, 1, 0, 0, 0, 3, 2, 0, 0, 1, 0, 0, 0, 0, 3, 0, 1, 3, 0, 2, 1, 1, 1, 0, 0, 0, 0, 0, 0, 1, 0, 0, 0, 1, 1, 0, 0, 0, 2, 0, 1, 0, 3, 2, 1, 3, 0, 1, 2, 0, 1, 0, 2, 1, 1, 3, 3, 0, 1, 0, 2, 1, 0, 0, 0, 1, 0, 0, 0, 0, 1, 2, 0, 1, 0, 0, 0, 0, 0, 1, 1, 0, 2, 3, 0],744.5504451349321,58431.33066549081,105266.06001032445,false
6,G4_BALANCED,G3_TWC,[31, 22, 82, 15, 26, 9, 95, 42, 44, 12, 47, 5, 93, 78, 86, 96, 85, 63, 18, 77, 20, 35, 43, 97, 91, 76, 10, 30, 21, 45, 71, 64, 72, 23, 17, 83, 24, 41, 60, 36, 6, 57, 40, 88, 65, 56, 79, 69, 67, 68, 46, 75, 38, 58, 19, 32, 81, 48, 27, 62, 87, 90, 99, 59, 11, 16, 1, 73, 70, 39, 37, 84, 3, 92, 25, 55, 28, 51, 29, 7, 34, 61, 98, 14, 89, 50, 8, 54, 80, 53, 33, 4, 66, 2, 52, 49, 0, 94, 74, 13]|[1, 1, 0, 1, 1, 0, 1, 2, 2, 1, 2, 2, 2, 1, 1, 0, 0, 1, 0, 2, 2, 0, 1, 2, 0, 1, 2, 2, 0, 0, 1, 2, 1, 0, 1, 0, 2, 1, 1, 1, 0, 1, 1, 1, 0, 2, 1, 2, 0, 0, 0, 0, 1, 1, 2, 1, 2, 1, 0, 0, 2, 1, 0, 1, 2, 1, 2, 1, 1, 1, 1, 1, 1, 0, 1, 1, 0, 0, 0, 1, 2, 1, 0, 0, 1, 0, 1, 0, 0, 0, 0, 1, 2, 0, 1, 0, 0, 1, 2, 0]|[4, 3, 2, 2, 4, 1, 2, 2, 2, 4, 1, 1, 2, 4, 4, 1, 2, 4, 2, 1, 1, 1, 1, 2, 1, 2, 1, 1, 1, 1, 3, 2, 3, 0, 4, 0, 1, 4, 0, 3, 2, 2, 2, 0, 1, 1, 0, 2, 0, 1, 2, 2, 1, 0, 0, 3, 2, 4, 1, 2, 2, 3, 1, 1, 1, 3, 0, 4, 3, 1, 4, 1, 1, 0, 4, 4, 2, 1, 1, 1, 1, 3, 1, 1, 1, 1, 3, 1, 1, 2, 2, 4, 1, 2, 1, 1, 2, 4, 1, 2]|[0, 2, 1, 1, 3, 0, 1, 0, 0, 0, 0, 0, 1, 0, 1, 0, 0, 3, 1, 0, 0, 0, 3, 1, 0, 2, 0, 0, 0, 1, 0, 0, 0, 0, 3, 0, 1, 3, 0, 2, 1, 1, 1, 0, 0, 0, 0, 0, 1, 0, 0, 0, 1, 3, 0, 0, 1, 2, 0, 1, 0, 2, 0, 1, 0, 2, 1, 0, 0, 1, 1, 3, 1, 1, 3, 3, 1, 0, 0, 2, 0, 0, 0, 0, 1, 0, 2, 0, 0, 1, 1, 0, 0, 0, 1, 1, 0, 2, 0, 0],827.8341229471982,57061.139053448,97410.1673168182,true
6,G2_TEC,G2_TEC,[31, 22, 82, 15, 26, 9, 95, 42, 77, 4, 47, 5, 93, 78, 86, 54, 85, 63, 18, 44, 20, 49, 36, 14, 74, 50, 53, 17, 21, 45, 71, 64, 3, 23, 30, 83, 24, 41, 60, 52, 65, 27, 90, 70, 39, 87, 48, 69, 99, 68, 46, 1, 38, 58, 97, 59, 28, 8, 73, 37, 35, 79, 11, 66, 76, 57, 40, 80, 96, 6, 16, 61, 33, 98, 32, 34, 51, 67, 10, 7, 56, 43, 29, 19, 91, 13, 62, 92, 0, 81, 2, 55, 88, 84, 75, 25, 12, 94, 89, 72]|[2, 1, 2, 1, 1, 2, 1, 1, 1, 1, 1, 0, 2, 2, 1, 2, 0, 0, 0, 2, 2, 1, 0, 2, 0, 2, 2, 1, 0, 1, 1, 1, 0, 0, 1, 0, 2, 1, 2, 2, 0, 1, 1, 1, 0, 2, 0, 2, 1, 0, 0, 2, 2, 0, 2, 0, 2, 1, 0, 0, 2, 1, 0, 2, 2, 0, 2, 2, 0, 1, 2, 1, 1, 0, 0, 1, 1, 1, 1, 2, 2, 1, 1, 1, 1, 0, 0, 0, 0, 1, 2, 0, 1, 0, 0, 1, 1, 1, 1, 1]|[0, 3, 0, 2, 4, 1, 4, 4, 2, 4, 3, 2, 1, 0, 2, 1, 1, 1, 2, 1, 2, 3, 0, 1, 0, 1, 1, 4, 1, 4, 3, 2, 2, 0, 4, 1, 1, 4, 0, 1, 2, 2, 4, 4, 1, 1, 0, 2, 3, 1, 2, 1, 2, 1, 1, 2, 0, 3, 0, 2, 2, 3, 1, 0, 1, 0, 0, 1, 2, 4, 1, 3, 4, 1, 2, 4, 3, 3, 3, 1, 0, 4, 3, 4, 3, 2, 2, 2, 2, 1, 1, 2, 4, 2, 2, 4, 3, 4, 4, 4]|[0, 2, 0, 1, 3, 0, 1, 3, 0, 0, 2, 0, 1, 0, 1, 0, 0, 0, 1, 0, 0, 2, 0, 0, 1, 0, 0, 3, 0, 1, 0, 2, 0, 0, 3, 0, 1, 3, 1, 0, 0, 1, 1, 3, 0, 0, 1, 0, 2, 0, 0, 0, 0, 0, 1, 0, 0, 0, 1, 1, 0, 2, 0, 0, 0, 1, 0, 0, 0, 2, 0, 0, 1, 0, 0, 2, 0, 0, 3, 0, 0, 2, 0, 3, 0, 0, 1, 0, 0, 1, 0, 0, 2, 1, 0, 3, 0, 2, 1, 2],894.5174754386885,53069.88264179214,120490.8728779781,false
6,G3_TWC,G1_CMAX,[31, 22, 82, 15, 26, 9, 95, 42, 77, 12, 47, 5, 93, 78, 86, 54, 85, 63, 18, 44, 20, 35, 43, 97, 91, 76, 10, 30, 21, 45, 71, 64, 1, 23, 17, 83, 24, 14, 60, 36, 6, 57, 40, 88, 65, 56, 79, 94, 67, 68, 46, 75, 38, 58, 19, 32, 81, 41, 27, 62, 87, 90, 99, 59, 11, 16, 72, 73, 70, 39, 37, 84, 3, 92, 25, 55, 28, 29, 51, 7, 66, 61, 98, 48, 89, 50, 8, 96, 80, 53, 33, 4, 34, 2, 52, 49, 0, 69, 74, 13]|[1, 1, 0, 1, 1, 0, 1, 2, 2, 1, 2, 2, 2, 1, 1, 0, 0, 1, 0, 2, 2, 0, 1, 2, 0, 1, 2, 2, 0, 0, 1, 2, 1, 2, 1, 0, 2, 0, 1, 1, 0, 1, 1, 1, 0, 2, 1, 1, 0, 0, 0, 0, 1, 1, 2, 1, 2, 0, 0, 0, 2, 1, 0, 1, 2, 1, 2, 1, 1, 1, 1, 1, 1, 0, 1, 1, 0, 0, 0, 1, 2, 1, 0, 0, 1, 0, 1, 0, 0, 0, 0, 0, 2, 0, 2, 0, 0, 1, 2, 0]|[4, 3, 2, 2, 4, 1, 2, 2, 2, 4, 1, 1, 2, 4, 4, 1, 2, 4, 2, 1, 1, 1, 1, 2, 1, 2, 1, 1, 1, 1, 3, 2, 3, 0, 4, 0, 1, 1, 0, 3, 2, 2, 2, 0, 1, 1, 0, 4, 0, 1, 2, 2, 1, 0, 0, 3, 2, 1, 1, 2, 2, 3, 1, 1, 1, 3, 0, 4, 3, 1, 4, 1, 1, 0, 4, 4, 2, 1, 1, 1, 1, 3, 1, 1, 1, 1, 3, 1, 1, 2, 2, 2, 1, 2, 1, 1, 2, 4, 1, 2]|[0, 2, 1, 1, 3, 0, 1, 0, 0, 0, 0, 0, 1, 0, 1, 0, 0, 3, 1, 0, 0, 0, 3, 1, 0, 2, 0, 0, 0, 1, 0, 0, 0, 0, 3, 0, 1, 0, 0, 2, 1, 1, 1, 0, 0, 0, 0, 2, 1, 0, 0, 0, 1, 3, 0, 0, 1, 0, 0, 1, 0, 2, 0, 1, 0, 2, 1, 0, 0, 1, 1, 3, 1, 1, 3, 3, 1, 0, 0, 2, 0, 0, 0, 0, 1, 0, 2, 0, 0, 1, 1, 1, 0, 0, 0, 1, 0, 2, 0, 0],852.660327686474,57776.461083972375,94810.85406852722,true
6,G1_CMAX,G1_CMAX,[31, 95, 9, 15, 82, 22, 42, 77, 26, 8, 10, 76, 91, 97, 43, 63, 20, 44, 18, 80, 45, 78, 86, 5, 84, 89, 61, 96, 35, 33, 7, 29, 51, 28, 55, 25, 92, 50, 30, 37, 39, 70, 73, 72, 93, 16, 11, 74, 59, 99, 90, 34, 54, 27, 48, 65, 69, 81, 32, 19, 58, 38, 56, 46, 64, 68, 67, 79, 75, 62, 88, 40, 57, 6, 36, 60, 41, 24, 66, 17, 1, 85, 71, 3, 83, 14, 98, 21, 53, 12, 2, 52, 4, 87, 49, 0, 94, 23, 47, 13]|[1, 1, 0, 1, 0, 0, 2, 2, 1, 1, 2, 1, 0, 1, 0, 2, 2, 2, 0, 0, 0, 1, 1, 2, 2, 1, 1, 1, 1, 2, 1, 1, 0, 1, 1, 1, 0, 0, 2, 0, 1, 1, 1, 2, 2, 1, 2, 2, 1, 0, 1, 2, 0, 0, 1, 1, 2, 2, 1, 0, 1, 1, 2, 0, 0, 0, 0, 1, 1, 1, 1, 2, 1, 0, 1, 1, 1, 2, 2, 2, 0, 0, 1, 1, 1, 2, 0, 0, 0, 1, 0, 2, 0, 2, 0, 0, 1, 2, 2, 0]|[2, 3, 2, 4, 1, 1, 2, 1, 0, 4, 1, 2, 1, 1, 1, 1, 1, 1, 1, 2, 1, 4, 4, 1, 1, 1, 3, 3, 3, 2, 1, 3, 1, 4, 4, 4, 0, 1, 1, 1, 0, 3, 4, 0, 2, 3, 1, 0, 1, 1, 3, 1, 2, 1, 4, 3, 2, 2, 1, 2, 0, 1, 1, 2, 1, 1, 0, 0, 2, 2, 0, 0, 2, 2, 3, 0, 4, 1, 0, 2, 1, 2, 3, 1, 3, 0, 0, 1, 2, 4, 2, 1, 1, 2, 1, 2, 4, 0, 0, 2]|[1, 1, 1, 0, 0, 0, 1, 0, 3, 0, 0, 2, 0, 3, 0, 0, 0, 0, 0, 0, 0, 1, 1, 0, 0, 1, 0, 2, 0, 0, 2, 0, 0, 1, 3, 3, 1, 0, 0, 0, 1, 0, 0, 1, 1, 2, 0, 0, 1, 0, 2, 0, 1, 0, 2, 0, 0, 1, 1, 0, 3, 1, 0, 0, 0, 0, 1, 0, 1, 1, 0, 0, 1, 1, 2, 0, 3, 1, 0, 0, 1, 0, 0, 1, 0, 1, 0, 0, 1, 3, 0, 0, 0, 0, 1, 0, 2, 0, 0, 0],741.0259643952477,59280.645567270396,113268.46410696392,false
6,G4_BALANCED,G3_TWC,[31, 22, 82, 15, 26, 9, 95, 42, 44, 12, 47, 5, 93, 78, 86, 96, 85, 63, 18, 77, 20, 35, 43, 97, 91, 76, 10, 30, 21, 45, 71, 64, 72, 23, 17, 83, 24, 41, 60, 36, 6, 57, 40, 88, 65, 56, 79, 69, 67, 68, 46, 75, 38, 58, 19, 32, 81, 48, 27, 62, 87, 90, 99, 59, 11, 16, 1, 73, 70, 39, 37, 84, 3, 92, 25, 55, 28, 51, 29, 7, 34, 61, 98, 14, 89, 50, 8, 54, 80, 53, 33, 4, 66, 2, 52, 49, 0, 94, 74, 13]|[1, 1, 0, 1, 1, 0, 1, 2, 2, 1, 2, 2, 2, 1, 1, 0, 0, 1, 0, 2, 2, 0, 1, 2, 0, 1, 2, 2, 0, 0, 1, 2, 1, 0, 1, 0, 2, 1, 1, 1, 0, 1, 1, 1, 0, 2, 1, 2, 0, 0, 0, 0, 1, 1, 2, 1, 2, 1, 0, 0, 2, 1, 0, 1, 2, 1, 2, 1, 1, 1, 1, 1, 1, 0, 1, 1, 0, 0, 0, 1, 2, 1, 0, 0, 1, 0, 1, 0, 0, 0, 0, 1, 2, 0, 1, 0, 0, 1, 2, 0]|[4, 3, 2, 2, 4, 1, 2, 2, 2, 4, 1, 1, 2, 4, 4, 1, 2, 4, 2, 1, 1, 1, 1, 2, 1, 2, 1, 1, 1, 1, 3, 2, 3, 0, 4, 0, 1, 4, 0, 3, 2, 2, 2, 0, 1, 1, 0, 2, 0, 1, 2, 2, 1, 0, 0, 3, 2, 4, 1, 2, 2, 3, 1, 1, 1, 3, 0, 4, 3, 1, 4, 1, 1, 0, 4, 4, 2, 1, 1, 1, 1, 3, 1, 1, 1, 1, 3, 1, 1, 2, 2, 4, 1, 2, 1, 1, 2, 4, 1, 2]|[0, 2, 1, 1, 3, 0, 1, 0, 0, 0, 0, 0, 1, 0, 1, 0, 0, 3, 1, 0, 0, 0, 3, 1, 0, 2, 0, 0, 0, 1, 0, 0, 0, 0, 3, 0, 1, 3, 0, 2, 1, 1, 1, 0, 0, 0, 0, 0, 1, 0, 0, 0, 1, 3, 0, 0, 1, 2, 0, 1, 0, 2, 0, 1, 0, 2, 1, 0, 0, 1, 1, 3, 1, 1, 3, 3, 1, 0, 0, 2, 0, 0, 0, 0, 1, 0, 2, 0, 0, 1, 1, 0, 0, 0, 1, 1, 0, 2, 0, 0],827.8341229471982,57061.139053448,97410.1673168182,true
6,G2_TEC,G4_BALANCED,[31, 22, 82, 15, 26, 9, 90, 42, 77, 4, 79, 5, 93, 78, 86, 54, 85, 63, 18, 44, 20, 49, 36, 14, 48, 50, 53, 17, 21, 45, 71, 64, 3, 23, 30, 83, 24, 41, 60, 52, 65, 27, 95, 70, 89, 87, 74, 69, 99, 68, 46, 1, 38, 32, 97, 59, 28, 8, 73, 37, 35, 47, 11, 66, 76, 57, 72, 16, 92, 6, 80, 61, 33, 98, 58, 34, 51, 67, 84, 7, 39, 43, 62, 19, 91, 13, 29, 96, 94, 81, 10, 40, 88, 55, 75, 25, 12, 0, 56, 2]|[2, 1, 2, 1, 1, 2, 1, 0, 1, 1, 1, 0, 2, 2, 1, 2, 0, 0, 0, 2, 2, 1, 0, 2, 0, 2, 2, 1, 0, 1, 1, 1, 0, 0, 1, 0, 2, 1, 2, 2, 0, 1, 1, 1, 1, 1, 0, 2, 1, 0, 0, 2, 2, 0, 2, 0, 2, 1, 0, 0, 2, 1, 0, 2, 2, 0, 1, 1, 0, 0, 2, 1, 1, 0, 0, 1, 0, 0, 0, 2, 0, 2, 0, 2, 1, 0, 1, 0, 1, 1, 1, 2, 1, 0, 2, 1, 1, 0, 2, 2]|[0, 3, 0, 2, 4, 1, 4, 0, 2, 4, 3, 2, 1, 0, 2, 1, 1, 1, 2, 1, 2, 3, 0, 1, 0, 1, 1, 4, 1, 0, 3, 2, 2, 0, 4, 1, 1, 4, 0, 1, 2, 2, 4, 4, 4, 0, 0, 2, 3, 1, 2, 1, 2, 2, 1, 2, 0, 3, 0, 2, 2, 3, 1, 0, 1, 0, 4, 0, 0, 1, 1, 3, 4, 1, 1, 4, 0, 1, 2, 1, 1, 1, 2, 0, 3, 2, 3, 2, 4, 1, 3, 0, 4, 2, 2, 4, 3, 2, 0, 1]|[0, 2, 0, 1, 3, 0, 1, 0, 0, 0, 2, 0, 1, 0, 1, 0, 0, 0, 1, 0, 0, 2, 0, 1, 1, 0, 0, 3, 0, 1, 0, 2, 0, 0, 3, 0, 1, 3, 1, 0, 0, 1, 1, 3, 1, 0, 1, 0, 2, 0, 0, 0, 0, 0, 1, 0, 0, 0, 1, 1, 0, 2, 0, 0, 0, 1, 2, 1, 1, 0, 0, 0, 1, 0, 0, 2, 0, 0, 1, 0, 0, 0, 1, 0, 0, 0, 0, 0, 2, 1, 3, 0, 1, 0, 1, 3, 0, 0, 0, 0],925.4398190609458,55145.87498521555,113331.20404898819,true
6,G3_TWC,G1_CMAX,[31, 22, 82, 15, 26, 9, 95, 42, 77, 12, 47, 5, 93, 78, 86, 54, 85, 63, 18, 44, 20, 35, 43, 97, 91, 76, 10, 30, 21, 45, 71, 64, 1, 23, 17, 83, 24, 14, 60, 36, 6, 57, 40, 88, 65, 56, 79, 94, 67, 68, 46, 75, 38, 58, 19, 32, 81, 41, 27, 62, 87, 90, 99, 59, 11, 16, 72, 73, 70, 39, 37, 84, 3, 92, 25, 55, 28, 29, 51, 7, 66, 61, 98, 48, 89, 50, 8, 96, 80, 53, 33, 4, 34, 2, 52, 49, 0, 69, 74, 13]|[1, 1, 0, 1, 1, 0, 1, 2, 2, 1, 2, 2, 2, 1, 1, 0, 0, 1, 0, 2, 2, 0, 1, 2, 0, 1, 2, 2, 0, 0, 1, 2, 1, 2, 1, 0, 2, 0, 1, 1, 0, 1, 1, 1, 0, 2, 1, 1, 0, 0, 0, 0, 1, 1, 2, 1, 2, 0, 0, 0, 2, 1, 0, 1, 2, 1, 2, 1, 1, 1, 1, 1, 1, 0, 1, 1, 0, 0, 0, 1, 2, 1, 0, 0, 1, 0, 1, 0, 0, 0, 0, 0, 2, 0, 2, 0, 0, 1, 2, 0]|[4, 3, 2, 2, 4, 1, 2, 2, 2, 4, 1, 1, 2, 4, 4, 1, 2, 4, 2, 1, 1, 1, 1, 2, 1, 2, 1, 1, 1, 1, 3, 2, 3, 0, 4, 0, 1, 1, 0, 3, 2, 2, 2, 0, 1, 1, 0, 4, 0, 1, 2, 2, 1, 0, 0, 3, 2, 1, 1, 2, 2, 3, 1, 1, 1, 3, 0, 4, 3, 1, 4, 1, 1, 0, 4, 4, 2, 1, 1, 1, 1, 3, 1, 1, 1, 1, 3, 1, 1, 2, 2, 2, 1, 2, 1, 1, 2, 4, 1, 2]|[0, 2, 1, 1, 3, 0, 1, 0, 0, 0, 0, 0, 1, 0, 1, 0, 0, 3, 1, 0, 0, 0, 3, 1, 0, 2, 0, 0, 0, 1, 0, 0, 0, 0, 3, 0, 1, 0, 0, 2, 1, 1, 1, 0, 0, 0, 0, 2, 1, 0, 0, 0, 1, 3, 0, 0, 1, 0, 0, 1, 0, 2, 0, 1, 0, 2, 1, 0, 0, 1, 1, 3, 1, 1, 3, 3, 1, 0, 0, 2, 0, 0, 0, 0, 1, 0, 2, 0, 0, 1, 1, 1, 0, 0, 0, 1, 0, 2, 0, 0],852.660327686474,57776.461083972375,94810.85406852722,true
6,G1_CMAX,G4_BALANCED,[31, 22, 82, 15, 26, 9, 95, 42, 77, 12, 47, 5, 93, 78, 86, 54, 85, 63, 18, 44, 20, 35, 43, 97, 91, 76, 10, 30, 21, 45, 71, 64, 1, 23, 17, 83, 24, 41, 60, 36, 6, 57, 40, 88, 65, 56, 79, 69, 67, 68, 46, 75, 38, 58, 48, 32, 81, 19, 27, 62, 87, 90, 99, 59, 11, 16, 72, 73, 61, 39, 37, 84, 3, 92, 25, 55, 28, 29, 51, 7, 66, 70, 98, 14, 89, 50, 8, 96, 80, 53, 33, 4, 34, 2, 52, 49, 0, 94, 74, 13]|[1, 1, 0, 1, 1, 0, 1, 2, 2, 1, 2, 2, 2, 1, 1, 0, 0, 1, 0, 2, 2, 1, 1, 2, 0, 1, 2, 2, 0, 0, 1, 2, 1, 2, 1, 0, 2, 0, 1, 1, 0, 1, 1, 1, 0, 2, 1, 1, 0, 0, 0, 0, 1, 1, 1, 1, 2, 2, 0, 0, 2, 1, 0, 1, 2, 1, 2, 1, 1, 1, 1, 1, 1, 0, 1, 1, 0, 0, 0, 1, 2, 1, 0, 0, 1, 0, 1, 0, 0, 0, 0, 1, 2, 0, 1, 0, 0, 1, 2, 0]|[4, 3, 2, 2, 4, 1, 2, 2, 2, 4, 1, 1, 2, 4, 4, 1, 2, 4, 2, 1, 1, 4, 1, 2, 1, 2, 1, 1, 1, 1, 3, 2, 3, 0, 4, 0, 1, 1, 0, 3, 2, 2, 2, 0, 1, 1, 0, 3, 0, 1, 2, 2, 1, 0, 4, 3, 2, 0, 1, 2, 2, 3, 1, 1, 1, 3, 0, 4, 3, 1, 4, 1, 1, 0, 4, 4, 2, 1, 1, 1, 0, 3, 1, 1, 1, 1, 3, 1, 1, 2, 1, 4, 1, 2, 1, 1, 2, 4, 1, 2]|[0, 2, 1, 1, 3, 0, 1, 0, 0, 0, 0, 0, 1, 0, 1, 0, 0, 3, 1, 0, 0, 3, 3, 1, 0, 2, 0, 0, 0, 1, 0, 0, 0, 0, 3, 0, 1, 0, 0, 2, 1, 1, 1, 0, 0, 0, 0, 2, 1, 0, 0, 0, 1, 3, 2, 0, 1, 0, 0, 1, 0, 2, 0, 1, 0, 2, 1, 0, 0, 1, 1, 3, 1, 1, 3, 3, 1, 0, 0, 2, 0, 0, 0, 0, 1, 0, 2, 0, 0, 1, 0, 0, 0, 0, 1, 1, 0, 2, 0, 0],795.6033936806257,57437.663328739145,95813.98494812625,true
6,G4_BALANCED,G3_TWC,[31, 22, 82, 15, 26, 9, 95, 42, 44, 12, 47, 5, 93, 78, 86, 96, 85, 63, 18, 77, 20, 35, 43, 97, 91, 76, 10, 30, 21, 45, 71, 64, 72, 23, 17, 83, 24, 41, 60, 36, 6, 57, 40, 88, 65, 56, 79, 69, 67, 68, 46, 75, 38, 58, 19, 32, 81, 48, 27, 62, 87, 90, 99, 59, 11, 16, 1, 73, 70, 39, 37, 84, 3, 92, 25, 55, 28, 51, 29, 7, 34, 61, 98, 14, 89, 50, 8, 54, 80, 53, 33, 4, 66, 2, 52, 49, 0, 94, 74, 13]|[1, 1, 0, 1, 1, 0, 1, 2, 2, 1, 2, 2, 2, 1, 1, 0, 0, 1, 0, 2, 2, 0, 1, 2, 0, 1, 2, 2, 0, 0, 1, 2, 1, 0, 1, 0, 2, 1, 1, 1, 0, 1, 1, 1, 0, 2, 1, 2, 0, 0, 0, 0, 1, 1, 2, 1, 2, 1, 0, 0, 2, 1, 0, 1, 2, 1, 2, 1, 1, 1, 1, 1, 1, 0, 1, 1, 0, 0, 0, 1, 2, 1, 0, 0, 1, 0, 1, 0, 0, 0, 0, 1, 2, 0, 1, 0, 0, 1, 2, 0]|[4, 3, 2, 2, 4, 1, 2, 2, 2, 4, 1, 1, 2, 4, 4, 1, 2, 4, 2, 1, 1, 1, 1, 2, 1, 2, 1, 1, 1, 1, 3, 2, 3, 0, 4, 0, 1, 4, 0, 3, 2, 2, 2, 0, 1, 1, 0, 2, 0, 1, 2, 2, 1, 0, 0, 3, 2, 4, 1, 2, 2, 3, 1, 1, 1, 3, 0, 4, 3, 1, 4, 1, 1, 0, 4, 4, 2, 1, 1, 1, 1, 3, 1, 1, 1, 1, 3, 1, 1, 2, 2, 4, 1, 2, 1, 1, 2, 4, 1, 2]|[0, 2, 1, 1, 3, 0, 1, 0, 0, 0, 0, 0, 1, 0, 1, 0, 0, 3, 1, 0, 0, 0, 3, 1, 0, 2, 0, 0, 0, 1, 0, 0, 0, 0, 3, 0, 1, 3, 0, 2, 1, 1, 1, 0, 0, 0, 0, 0, 1, 0, 0, 0, 1, 3, 0, 0, 1, 2, 0, 1, 0, 2, 0, 1, 0, 2, 1, 0, 0, 1, 1, 3, 1, 1, 3, 3, 1, 0, 0, 2, 0, 0, 0, 0, 1, 0, 2, 0, 0, 1, 1, 0, 0, 0, 1, 1, 0, 2, 0, 0],827.8341229471982,57061.139053448,97410.1673168182,true
6,G2_TEC,G2_TEC,[31, 22, 82, 15, 26, 9, 95, 42, 77, 4, 47, 5, 93, 78, 86, 54, 85, 63, 18, 44, 20, 49, 36, 14, 74, 50, 53, 17, 21, 45, 71, 64, 3, 23, 30, 83, 24, 41, 60, 52, 65, 27, 90, 70, 39, 87, 48, 69, 99, 68, 46, 1, 38, 58, 97, 59, 28, 8, 73, 37, 35, 79, 11, 66, 76, 57, 40, 80, 96, 6, 16, 61, 33, 98, 32, 34, 51, 67, 10, 7, 56, 43, 29, 19, 91, 13, 62, 92, 0, 81, 2, 55, 88, 84, 75, 25, 12, 94, 89, 72]|[2, 1, 2, 1, 1, 2, 1, 1, 1, 1, 1, 0, 2, 2, 1, 2, 0, 0, 0, 2, 2, 1, 0, 2, 0, 2, 2, 1, 0, 1, 1, 1, 0, 0, 1, 0, 2, 1, 2, 2, 0, 1, 1, 1, 0, 2, 0, 2, 1, 0, 0, 2, 2, 0, 2, 0, 2, 1, 0, 0, 2, 1, 0, 2, 2, 0, 2, 2, 0, 1, 2, 1, 1, 0, 0, 1, 1, 1, 1, 2, 2, 1, 1, 1, 1, 0, 0, 0, 0, 1, 2, 0, 1, 0, 0, 1, 1, 1, 1, 1]|[0, 3, 0, 2, 4, 1, 4, 4, 2, 4, 3, 2, 1, 0, 2, 1, 1, 1, 2, 1, 2, 3, 0, 1, 0, 1, 1, 4, 1, 4, 3, 2, 2, 0, 4, 1, 1, 4, 0, 1, 2, 2, 4, 4, 1, 1, 0, 2, 3, 1, 2, 1, 2, 1, 1, 2, 0, 3, 0, 2, 2, 3, 1, 0, 1, 0, 0, 1, 2, 4, 1, 3, 4, 1, 2, 4, 3, 3, 3, 1, 0, 4, 3, 4, 3, 2, 2, 2, 2, 1, 1, 2, 4, 2, 2, 4, 3, 4, 4, 4]|[0, 2, 0, 1, 3, 0, 1, 3, 0, 0, 2, 0, 1, 0, 1, 0, 0, 0, 1, 0, 0, 2, 0, 0, 1, 0, 0, 3, 0, 1, 0, 2, 0, 0, 3, 0, 1, 3, 1, 0, 0, 1, 1, 3, 0, 0, 1, 0, 2, 0, 0, 0, 0, 0, 1, 0, 0, 0, 1, 1, 0, 2, 0, 0, 0, 1, 0, 0, 0, 2, 0, 0, 1, 0, 0, 2, 0, 0, 3, 0, 0, 2, 0, 3, 0, 0, 1, 0, 0, 1, 0, 0, 2, 1, 0, 3, 0, 2, 1, 2],894.5174754386885,53069.88264179214,120490.8728779781,false
6,G3_TWC,G1_CMAX,[31, 22, 82, 15, 26, 9, 95, 42, 77, 12, 47, 5, 93, 78, 86, 54, 85, 63, 18, 44, 20, 35, 43, 97, 91, 76, 10, 30, 21, 45, 71, 64, 1, 23, 17, 83, 24, 14, 60, 36, 6, 57, 40, 88, 65, 56, 79, 94, 67, 68, 46, 75, 38, 58, 19, 32, 81, 41, 27, 62, 87, 90, 99, 59, 11, 16, 72, 73, 70, 39, 37, 84, 3, 92, 25, 55, 28, 29, 51, 7, 66, 61, 98, 48, 89, 50, 8, 96, 80, 53, 33, 4, 34, 2, 52, 49, 0, 69, 74, 13]|[1, 1, 0, 1, 1, 0, 1, 2, 2, 1, 2, 2, 2, 1, 1, 0, 0, 1, 0, 2, 2, 0, 1, 2, 0, 1, 2, 2, 0, 0, 1, 2, 1, 2, 1, 0, 2, 0, 1, 1, 0, 1, 1, 1, 0, 2, 1, 1, 0, 0, 0, 0, 1, 1, 2, 1, 2, 0, 0, 0, 2, 1, 0, 1, 2, 1, 2, 1, 1, 1, 1, 1, 1, 0, 1, 1, 0, 0, 0, 1, 2, 1, 0, 0, 1, 0, 1, 0, 0, 0, 0, 0, 2, 0, 2, 0, 0, 1, 2, 0]|[4, 3, 2, 2, 4, 1, 2, 2, 2, 4, 1, 1, 2, 4, 4, 1, 2, 4, 2, 1, 1, 1, 1, 2, 1, 2, 1, 1, 1, 1, 3, 2, 3, 0, 4, 0, 1, 1, 0, 3, 2, 2, 2, 0, 1, 1, 0, 4, 0, 1, 2, 2, 1, 0, 0, 3, 2, 1, 1, 2, 2, 3, 1, 1, 1, 3, 0, 4, 3, 1, 4, 1, 1, 0, 4, 4, 2, 1, 1, 1, 1, 3, 1, 1, 1, 1, 3, 1, 1, 2, 2, 2, 1, 2, 1, 1, 2, 4, 1, 2]|[0, 2, 1, 1, 3, 0, 1, 0, 0, 0, 0, 0, 1, 0, 1, 0, 0, 3, 1, 0, 0, 0, 3, 1, 0, 2, 0, 0, 0, 1, 0, 0, 0, 0, 3, 0, 1, 0, 0, 2, 1, 1, 1, 0, 0, 0, 0, 2, 1, 0, 0, 0, 1, 3, 0, 0, 1, 0, 0, 1, 0, 2, 0, 1, 0, 2, 1, 0, 0, 1, 1, 3, 1, 1, 3, 3, 1, 0, 0, 2, 0, 0, 0, 0, 1, 0, 2, 0, 0, 1, 1, 1, 0, 0, 0, 1, 0, 2, 0, 0],852.660327686474,57776.461083972375,94810.85406852722,true
6,G1_CMAX,G3_TWC,[31, 22, 82, 15, 26, 9, 95, 42, 77, 12, 47, 5, 93, 78, 86, 96, 85, 63, 18, 44, 20, 35, 43, 97, 91, 76, 10, 30, 21, 45, 71, 64, 72, 23, 17, 83, 24, 14, 60, 36, 6, 57, 40, 88, 65, 56, 79, 94, 67, 68, 46, 75, 38, 58, 19, 32, 81, 48, 27, 62, 87, 90, 99, 59, 11, 16, 1, 73, 70, 39, 37, 84, 3, 92, 25, 55, 28, 29, 51, 7, 33, 61, 0, 41, 89, 50, 8, 54, 80, 53, 66, 4, 34, 2, 52, 49, 98, 69, 74, 13]|[1, 1, 0, 1, 1, 0, 1, 2, 2, 1, 2, 2, 2, 1, 1, 0, 0, 1, 0, 2, 2, 0, 1, 2, 0, 1, 2, 2, 0, 0, 1, 2, 1, 2, 1, 0, 2, 0, 1, 1, 0, 1, 1, 1, 0, 2, 1, 1, 0, 0, 0, 0, 1, 1, 2, 1, 2, 0, 0, 0, 2, 1, 0, 1, 2, 1, 2, 1, 1, 1, 1, 1, 1, 0, 1, 1, 0, 0, 0, 1, 0, 1, 0, 0, 1, 0, 1, 0, 0, 0, 2, 0, 2, 0, 2, 0, 0, 1, 2, 0]|[4, 3, 2, 2, 4, 1, 2, 2, 2, 4, 1, 1, 2, 4, 4, 1, 2, 4, 2, 1, 1, 1, 1, 2, 1, 2, 1, 1, 1, 1, 3, 2, 3, 0, 4, 0, 1, 1, 0, 3, 2, 2, 2, 0, 1, 1, 0, 4, 0, 1, 2, 2, 1, 0, 0, 3, 2, 1, 1, 2, 2, 3, 1, 1, 1, 3, 0, 4, 3, 1, 4, 1, 1, 0, 4, 4, 2, 1, 1, 1, 2, 3, 1, 1, 1, 1, 3, 1, 1, 2, 1, 2, 1, 2, 1, 1, 2, 4, 1, 2]|[0, 2, 1, 1, 3, 0, 1, 0, 0, 0, 0, 0, 1, 0, 1, 0, 0, 3, 1, 0, 0, 0, 3, 1, 0, 2, 0, 0, 0, 1, 0, 0, 0, 0, 3, 0, 1, 0, 0, 2, 1, 1, 1, 0, 0, 0, 0, 2, 1, 0, 0, 0, 1, 3, 0, 0, 1, 0, 0, 1, 0, 2, 0, 1, 0, 2, 1, 0, 0, 1, 1, 3, 1, 1, 3, 3, 1, 0, 0, 2, 1, 0, 0, 0, 1, 0, 2, 0, 0, 1, 0, 1, 0, 0, 0, 1, 0, 2, 0, 0],865.6213625169721,57431.746365621555,95648.20144417738,true
6,G4_BALANCED,G3_TWC,[31, 22, 82, 15, 26, 9, 95, 42, 44, 12, 47, 5, 93, 78, 86, 96, 85, 63, 18, 77, 20, 35, 43, 97, 91, 76, 10, 30, 21, 45, 71, 64, 72, 23, 17, 83, 24, 41, 60, 36, 6, 57, 40, 88, 65, 56, 79, 69, 67, 68, 46, 75, 38, 58, 19, 32, 81, 48, 27, 62, 87, 90, 99, 59, 11, 16, 1, 73, 70, 39, 37, 84, 3, 92, 25, 55, 28, 51, 29, 7, 34, 61, 98, 14, 89, 50, 8, 54, 80, 53, 33, 4, 66, 2, 52, 49, 0, 94, 74, 13]|[1, 1, 0, 1, 1, 0, 1, 2, 2, 1, 2, 2, 2, 1, 1, 0, 0, 1, 0, 2, 2, 0, 1, 2, 0, 1, 2, 2, 0, 0, 1, 2, 1, 0, 1, 0, 2, 1, 1, 1, 0, 1, 1, 1, 0, 2, 1, 2, 0, 0, 0, 0, 1, 1, 2, 1, 2, 1, 0, 0, 2, 1, 0, 1, 2, 1, 2, 1, 1, 1, 1, 1, 1, 0, 1, 1, 0, 0, 0, 1, 2, 1, 0, 0, 1, 0, 1, 0, 0, 0, 0, 1, 2, 0, 1, 0, 0, 1, 2, 0]|[4, 3, 2, 2, 4, 1, 2, 2, 2, 4, 1, 1, 2, 4, 4, 1, 2, 4, 2, 1, 1, 1, 1, 2, 1, 2, 1, 1, 1, 1, 3, 2, 3, 0, 4, 0, 1, 4, 0, 3, 2, 2, 2, 0, 1, 1, 0, 2, 0, 1, 2, 2, 1, 0, 0, 3, 2, 4, 1, 2, 2, 3, 1, 1, 1, 3, 0, 4, 3, 1, 4, 1, 1, 0, 4, 4, 2, 1, 1, 1, 1, 3, 1, 1, 1, 1, 3, 1, 1, 2, 2, 4, 1, 2, 1, 1, 2, 4, 1, 2]|[0, 2, 1, 1, 3, 0, 1, 0, 0, 0, 0, 0, 1, 0, 1, 0, 0, 3, 1, 0, 0, 0, 3, 1, 0, 2, 0, 0, 0, 1, 0, 0, 0, 0, 3, 0, 1, 3, 0, 2, 1, 1, 1, 0, 0, 0, 0, 0, 1, 0, 0, 0, 1, 3, 0, 0, 1, 2, 0, 1, 0, 2, 0, 1, 0, 2, 1, 0, 0, 1, 1, 3, 1, 1, 3, 3, 1, 0, 0, 2, 0, 0, 0, 0, 1, 0, 2, 0, 0, 1, 1, 0, 0, 0, 1, 1, 0, 2, 0, 0],827.8341229471982,57061.139053448,97410.1673168182,true
6,G2_TEC,G2_TEC,[31, 22, 82, 15, 26, 9, 95, 42, 77, 4, 47, 5, 93, 78, 86, 54, 85, 63, 18, 44, 20, 49, 36, 14, 74, 50, 53, 17, 21, 45, 71, 64, 3, 23, 30, 83, 24, 41, 60, 52, 65, 27, 90, 70, 39, 87, 48, 69, 99, 68, 46, 1, 38, 58, 97, 59, 28, 8, 73, 37, 35, 79, 11, 66, 76, 57, 40, 80, 96, 6, 16, 61, 33, 98, 32, 34, 51, 67, 10, 7, 56, 43, 29, 19, 91, 13, 62, 92, 0, 81, 2, 55, 88, 84, 75, 25, 12, 94, 89, 72]|[2, 1, 2, 1, 1, 2, 1, 1, 1, 1, 1, 0, 2, 2, 1, 2, 0, 0, 0, 2, 2, 1, 0, 2, 0, 2, 2, 1, 0, 1, 1, 1, 0, 0, 1, 0, 2, 1, 2, 2, 0, 1, 1, 1, 0, 2, 0, 2, 1, 0, 0, 2, 2, 0, 2, 0, 2, 1, 0, 0, 2, 1, 0, 2, 2, 0, 2, 2, 0, 1, 2, 1, 1, 0, 0, 1, 1, 1, 1, 2, 2, 1, 1, 1, 1, 0, 0, 0, 0, 1, 2, 0, 1, 0, 0, 1, 1, 1, 1, 1]|[0, 3, 0, 2, 4, 1, 4, 4, 2, 4, 3, 2, 1, 0, 2, 1, 1, 1, 2, 1, 2, 3, 0, 1, 0, 1, 1, 4, 1, 4, 3, 2, 2, 0, 4, 1, 1, 4, 0, 1, 2, 2, 4, 4, 1, 1, 0, 2, 3, 1, 2, 1, 2, 1, 1, 2, 0, 3, 0, 2, 2, 3, 1, 0, 1, 0, 0, 1, 2, 4, 1, 3, 4, 1, 2, 4, 3, 3, 3, 1, 0, 4, 3, 4, 3, 2, 2, 2, 2, 1, 1, 2, 4, 2, 2, 4, 3, 4, 4, 4]|[0, 2, 0, 1, 3, 0, 1, 3, 0, 0, 2, 0, 1, 0, 1, 0, 0, 0, 1, 0, 0, 2, 0, 0, 1, 0, 0, 3, 0, 1, 0, 2, 0, 0, 3, 0, 1, 3, 1, 0, 0, 1, 1, 3, 0, 0, 1, 0, 2, 0, 0, 0, 0, 0, 1, 0, 0, 0, 1, 1, 0, 2, 0, 0, 0, 1, 0, 0, 0, 2, 0, 0, 1, 0, 0, 2, 0, 0, 3, 0, 0, 2, 0, 3, 0, 0, 1, 0, 0, 1, 0, 0, 2, 1, 0, 3, 0, 2, 1, 2],894.5174754386885,53069.88264179214,120490.8728779781,false
6,G3_TWC,G2_TEC,[31, 22, 82, 15, 26, 9, 95, 42, 77, 4, 47, 5, 93, 78, 86, 54, 85, 63, 18, 44, 20, 49, 36, 14, 74, 50, 53, 17, 21, 45, 71, 64, 3, 23, 30, 83, 24, 41, 60, 52, 65, 27, 90, 70, 39, 87, 48, 69, 99, 68, 46, 1, 38, 58, 97, 59, 28, 8, 73, 37, 35, 79, 11, 66, 76, 57, 40, 80, 96, 6, 16, 61, 33, 98, 32, 34, 51, 67, 10, 7, 56, 43, 62, 19, 91, 13, 75, 92, 0, 81, 2, 55, 88, 72, 29, 25, 12, 94, 89, 84]|[2, 1, 2, 1, 1, 2, 1, 1, 1, 1, 1, 0, 2, 2, 1, 2, 0, 0, 0, 2, 2, 1, 0, 2, 0, 2, 2, 1, 0, 1, 1, 1, 0, 0, 1, 0, 2, 1, 2, 2, 0, 1, 1, 1, 0, 2, 0, 2, 1, 0, 0, 2, 2, 0, 2, 0, 2, 1, 0, 0, 2, 1, 0, 2, 2, 0, 2, 2, 0, 1, 0, 1, 1, 0, 0, 1, 1, 0, 1, 2, 2, 1, 0, 2, 1, 0, 0, 0, 0, 1, 2, 0, 1, 1, 1, 1, 1, 1, 1, 0]|[0, 3, 0, 2, 4, 1, 4, 4, 2, 4, 3, 2, 1, 0, 2, 1, 1, 1, 2, 1, 2, 3, 0, 1, 0, 1, 1, 4, 1, 0, 3, 2, 2, 0, 4, 1, 1, 4, 0, 1, 2, 2, 4, 4, 1, 1, 0, 2, 3, 1, 2, 1, 2, 1, 1, 2, 1, 3, 0, 2, 2, 3, 1, 0, 1, 0, 0, 1, 2, 4, 1, 3, 4, 1, 2, 4, 3, 1, 3, 1, 0, 4, 2, 0, 3, 2, 2, 2, 2, 1, 1, 2, 4, 4, 3, 4, 3, 4, 4, 2]|[0, 2, 0, 1, 3, 0, 1, 3, 0, 0, 2, 0, 1, 0, 1, 0, 0, 0, 1, 0, 0, 2, 0, 0, 1, 0, 0, 3, 0, 1, 0, 2, 0, 0, 3, 0, 1, 3, 1, 0, 0, 1, 1, 3, 0, 0, 1, 0, 2, 0, 0, 0, 0, 0, 1, 0, 0, 0, 1, 1, 0, 2, 0, 0, 0, 1, 0, 0, 0, 2, 0, 0, 1, 0, 0, 2, 0, 0, 3, 0, 0, 2, 1, 0, 0, 0, 1, 0, 0, 1, 0, 0, 1, 2, 0, 3, 0, 2, 1, 1],912.877319724525,53649.845030311975,117820.15849824226,true
6,G1_CMAX,G4_BALANCED,[31, 22, 82, 15, 26, 9, 95, 42, 77, 12, 47, 5, 93, 78, 86, 54, 85, 63, 18, 44, 20, 35, 43, 97, 91, 76, 10, 30, 21, 45, 71, 64, 1, 23, 17, 83, 24, 41, 60, 36, 6, 57, 40, 88, 65, 56, 79, 69, 67, 68, 46, 75, 38, 58, 99, 32, 81, 48, 27, 62, 87, 90, 19, 59, 11, 16, 72, 73, 70, 39, 37, 84, 3, 92, 25, 55, 28, 29, 51, 7, 66, 61, 98, 14, 89, 50, 8, 96, 80, 53, 33, 74, 34, 4, 52, 49, 0, 94, 2, 13]|[1, 1, 0, 1, 1, 0, 1, 2, 2, 1, 2, 2, 2, 1, 1, 0, 0, 1, 0, 2, 2, 0, 1, 2, 0, 1, 2, 2, 0, 0, 1, 2, 1, 2, 1, 0, 2, 0, 1, 1, 0, 1, 1, 1, 0, 2, 1, 2, 0, 0, 0, 0, 1, 1, 2, 1, 2, 1, 0, 0, 2, 1, 2, 1, 2, 1, 2, 1, 1, 1, 1, 1, 1, 0, 1, 1, 1, 0, 0, 1, 2, 1, 0, 0, 1, 0, 1, 0, 0, 0, 0, 2, 2, 1, 2, 0, 0, 1, 0, 0]|[4, 3, 2, 2, 4, 1, 2, 2, 2, 4, 1, 1, 2, 4, 4, 1, 2, 4, 2, 1, 1, 1, 1, 2, 1, 2, 1, 1, 1, 1, 3, 2, 3, 0, 4, 0, 1, 1, 0, 3, 2, 2, 2, 0, 1, 1, 0, 2, 0, 1, 2, 2, 1, 0, 0, 3, 2, 4, 1, 2, 2, 3, 0, 1, 1, 3, 0, 4, 3, 1, 4, 1, 1, 0, 4, 4, 4, 1, 1, 1, 0, 3, 1, 1, 1, 1, 3, 1, 1, 2, 2, 1, 1, 4, 1, 1, 2, 4, 2, 2]|[0, 2, 1, 1, 3, 0, 1, 0, 0, 0, 0, 0, 1, 0, 1, 0, 0, 3, 1, 0, 0, 0, 3, 1, 0, 2, 0, 0, 0, 1, 0, 0, 0, 0, 3, 0, 1, 0, 0, 2, 1, 1, 1, 0, 0, 0, 0, 0, 1, 0, 0, 0, 1, 3, 0, 0, 1, 2, 0, 1, 0, 2, 0, 1, 0, 2, 1, 0, 0, 1, 1, 3, 1, 1, 3, 3, 1, 0, 0, 2, 0, 0, 0, 0, 1, 0, 2, 0, 0, 1, 1, 0, 0, 0, 0, 1, 0, 2, 0, 0],790.6730482917026,56645.77395882951,103902.07450241019,true
6,G4_BALANCED,G3_TWC,[31, 22, 82, 15, 26, 9, 95, 42, 44, 12, 47, 5, 93, 78, 86, 96, 85, 63, 18, 77, 20, 35, 43, 97, 91, 76, 10, 30, 21, 45, 71, 64, 72, 23, 17, 83, 24, 41, 60, 36, 6, 57, 40, 88, 65, 56, 79, 69, 67, 68, 46, 75, 38, 58, 19, 32, 81, 48, 27, 62, 87, 90, 99, 59, 11, 16, 1, 73, 70, 39, 37, 84, 3, 92, 25, 55, 28, 51, 29, 7, 34, 61, 98, 14, 89, 50, 8, 54, 80, 53, 33, 4, 66, 2, 52, 49, 0, 94, 74, 13]|[1, 1, 0, 1, 1, 0, 1, 2, 2, 1, 2, 2, 2, 1, 1, 0, 0, 1, 0, 2, 2, 0, 1, 2, 0, 1, 2, 2, 0, 0, 1, 2, 1, 0, 1, 0, 2, 1, 1, 1, 0, 1, 1, 1, 0, 2, 1, 2, 0, 0, 0, 0, 1, 1, 2, 1, 2, 1, 0, 0, 2, 1, 0, 1, 2, 1, 2, 1, 1, 1, 1, 1, 1, 0, 1, 1, 0, 0, 0, 1, 2, 1, 0, 0, 1, 0, 1, 0, 0, 0, 0, 1, 2, 0, 1, 0, 0, 1, 2, 0]|[4, 3, 2, 2, 4, 1, 2, 2, 2, 4, 1, 1, 2, 4, 4, 1, 2, 4, 2, 1, 1, 1, 1, 2, 1, 2, 1, 1, 1, 1, 3, 2, 3, 0, 4, 0, 1, 4, 0, 3, 2, 2, 2, 0, 1, 1, 0, 2, 0, 1, 2, 2, 1, 0, 0, 3, 2, 4, 1, 2, 2, 3, 1, 1, 1, 3, 0, 4, 3, 1, 4, 1, 1, 0, 4, 4, 2, 1, 1, 1, 1, 3, 1, 1, 1, 1, 3, 1, 1, 2, 2, 4, 1, 2, 1, 1, 2, 4, 1, 2]|[0, 2, 1, 1, 3, 0, 1, 0, 0, 0, 0, 0, 1, 0, 1, 0, 0, 3, 1, 0, 0, 0, 3, 1, 0, 2, 0, 0, 0, 1, 0, 0, 0, 0, 3, 0, 1, 3, 0, 2, 1, 1, 1, 0, 0, 0, 0, 0, 1, 0, 0, 0, 1, 3, 0, 0, 1, 2, 0, 1, 0, 2, 0, 1, 0, 2, 1, 0, 0, 1, 1, 3, 1, 1, 3, 3, 1, 0, 0, 2, 0, 0, 0, 0, 1, 0, 2, 0, 0, 1, 1, 0, 0, 0, 1, 1, 0, 2, 0, 0],827.8341229471982,57061.139053448,97410.1673168182,true
6,G2_TEC,G2_TEC,[31, 22, 82, 15, 26, 9, 95, 42, 77, 4, 47, 5, 93, 78, 86, 54, 85, 63, 18, 44, 20, 49, 36, 14, 74, 50, 53, 17, 21, 45, 71, 64, 3, 23, 30, 83, 24, 41, 60, 52, 65, 27, 90, 70, 39, 87, 48, 69, 99, 68, 46, 1, 38, 58, 97, 59, 28, 8, 73, 37, 35, 79, 11, 66, 76, 57, 40, 80, 96, 6, 16, 61, 33, 98, 32, 34, 51, 67, 10, 7, 56, 43, 29, 19, 91, 13, 62, 92, 0, 81, 2, 55, 88, 84, 75, 25, 12, 94, 89, 72]|[2, 1, 2, 1, 1, 2, 1, 1, 1, 1, 1, 0, 2, 2, 1, 2, 0, 0, 0, 2, 2, 1, 0, 2, 0, 2, 2, 1, 0, 1, 1, 1, 0, 0, 1, 0, 2, 1, 2, 2, 0, 1, 1, 1, 0, 2, 0, 2, 1, 0, 0, 2, 2, 0, 2, 0, 2, 1, 0, 0, 2, 1, 0, 2, 2, 0, 2, 2, 0, 1, 2, 1, 1, 0, 0, 1, 1, 1, 1, 2, 2, 1, 1, 1, 1, 0, 0, 0, 0, 1, 2, 0, 1, 0, 0, 1, 1, 1, 1, 1]|[0, 3, 0, 2, 4, 1, 4, 4, 2, 4, 3, 2, 1, 0, 2, 1, 1, 1, 2, 1, 2, 3, 0, 1, 0, 1, 1, 4, 1, 4, 3, 2, 2, 0, 4, 1, 1, 4, 0, 1, 2, 2, 4, 4, 1, 1, 0, 2, 3, 1, 2, 1, 2, 1, 1, 2, 0, 3, 0, 2, 2, 3, 1, 0, 1, 0, 0, 1, 2, 4, 1, 3, 4, 1, 2, 4, 3, 3, 3, 1, 0, 4, 3, 4, 3, 2, 2, 2, 2, 1, 1, 2, 4, 2, 2, 4, 3, 4, 4, 4]|[0, 2, 0, 1, 3, 0, 1, 3, 0, 0, 2, 0, 1, 0, 1, 0, 0, 0, 1, 0, 0, 2, 0, 0, 1, 0, 0, 3, 0, 1, 0, 2, 0, 0, 3, 0, 1, 3, 1, 0, 0, 1, 1, 3, 0, 0, 1, 0, 2, 0, 0, 0, 0, 0, 1, 0, 0, 0, 1, 1, 0, 2, 0, 0, 0, 1, 0, 0, 0, 2, 0, 0, 1, 0, 0, 2, 0, 0, 3, 0, 0, 2, 0, 3, 0, 0, 1, 0, 0, 1, 0, 0, 2, 1, 0, 3, 0, 2, 1, 2],894.5174754386885,53069.88264179214,120490.8728779781,false
6,G3_TWC,G1_CMAX,[31, 22, 82, 15, 26, 9, 95, 42, 77, 12, 47, 5, 93, 78, 86, 54, 85, 63, 18, 44, 20, 35, 43, 97, 91, 76, 10, 30, 21, 45, 71, 64, 1, 23, 17, 83, 24, 14, 60, 36, 6, 57, 40, 88, 65, 56, 79, 94, 67, 68, 46, 75, 38, 58, 19, 32, 81, 41, 27, 62, 87, 90, 99, 59, 11, 16, 72, 73, 70, 39, 37, 84, 3, 92, 25, 55, 28, 29, 51, 7, 66, 61, 98, 48, 89, 50, 8, 96, 80, 53, 33, 4, 34, 2, 52, 49, 0, 69, 74, 13]|[1, 1, 0, 1, 1, 0, 1, 2, 2, 1, 2, 2, 2, 1, 1, 0, 0, 1, 0, 2, 2, 0, 1, 2, 0, 1, 2, 2, 0, 0, 1, 2, 1, 2, 1, 0, 2, 0, 1, 1, 0, 1, 1, 1, 0, 2, 1, 1, 0, 0, 0, 0, 1, 1, 2, 1, 2, 0, 0, 0, 2, 1, 0, 1, 2, 1, 2, 1, 1, 1, 1, 1, 1, 0, 1, 1, 0, 0, 0, 1, 2, 1, 0, 0, 1, 0, 1, 0, 0, 0, 0, 0, 2, 0, 2, 0, 0, 1, 2, 0]|[4, 3, 2, 2, 4, 1, 2, 2, 2, 4, 1, 1, 2, 4, 4, 1, 2, 4, 2, 1, 1, 1, 1, 2, 1, 2, 1, 1, 1, 1, 3, 2, 3, 0, 4, 0, 1, 1, 0, 3, 2, 2, 2, 0, 1, 1, 0, 4, 0, 1, 2, 2, 1, 0, 0, 3, 2, 1, 1, 2, 2, 3, 1, 1, 1, 3, 0, 4, 3, 1, 4, 1, 1, 0, 4, 4, 2, 1, 1, 1, 1, 3, 1, 1, 1, 1, 3, 1, 1, 2, 2, 2, 1, 2, 1, 1, 2, 4, 1, 2]|[0, 2, 1, 1, 3, 0, 1, 0, 0, 0, 0, 0, 1, 0, 1, 0, 0, 3, 1, 0, 0, 0, 3, 1, 0, 2, 0, 0, 0, 1, 0, 0, 0, 0, 3, 0, 1, 0, 0, 2, 1, 1, 1, 0, 0, 0, 0, 2, 1, 0, 0, 0, 1, 3, 0, 0, 1, 0, 0, 1, 0, 2, 0, 1, 0, 2, 1, 0, 0, 1, 1, 3, 1, 1, 3, 3, 1, 0, 0, 2, 0, 0, 0, 0, 1, 0, 2, 0, 0, 1, 1, 1, 0, 0, 0, 1, 0, 2, 0, 0],852.660327686474,57776.461083972375,94810.85406852722,true
6,G1_CMAX,G1_CMAX,[31, 95, 9, 15, 82, 22, 26, 42, 77, 12, 47, 5, 93, 78, 86, 54, 85, 63, 18, 44, 20, 35, 43, 97, 91, 76, 10, 30, 21, 45, 71, 64, 1, 23, 17, 83, 24, 41, 60, 36, 6, 57, 40, 88, 65, 56, 79, 69, 67, 68, 46, 75, 38, 58, 19, 32, 81, 48, 27, 62, 87, 90, 99, 59, 11, 16, 72, 73, 70, 39, 37, 84, 3, 92, 25, 55, 28, 51, 29, 7, 66, 61, 98, 14, 89, 50, 8, 96, 53, 80, 34, 4, 33, 2, 52, 49, 0, 94, 74, 13]|[1, 1, 0, 1, 1, 0, 1, 2, 2, 1, 2, 2, 2, 1, 1, 0, 0, 1, 0, 2, 2, 0, 1, 2, 0, 1, 2, 2, 0, 0, 1, 2, 1, 2, 1, 0, 2, 0, 1, 1, 0, 1, 1, 1, 0, 2, 1, 2, 0, 0, 0, 0, 1, 1, 2, 1, 2, 1, 0, 0, 2, 1, 0, 1, 2, 1, 2, 1, 1, 1, 1, 1, 1, 0, 1, 1, 0, 0, 0, 1, 2, 1, 0, 0, 1, 0, 1, 0, 0, 0, 2, 1, 0, 0, 1, 0, 0, 1, 2, 0]|[4, 3, 2, 2, 4, 1, 2, 2, 2, 4, 1, 1, 2, 4, 4, 1, 2, 4, 2, 1, 1, 1, 1, 2, 1, 2, 1, 1, 1, 1, 3, 2, 3, 0, 4, 0, 1, 1, 0, 3, 2, 2, 2, 0, 1, 1, 0, 2, 0, 1, 2, 2, 1, 0, 0, 3, 2, 4, 1, 2, 2, 3, 1, 1, 1, 3, 0, 4, 3, 0, 4, 1, 1, 0, 4, 4, 2, 1, 1, 1, 0, 3, 2, 1, 1, 1, 3, 1, 2, 1, 1, 4, 2, 2, 1, 1, 2, 4, 1, 2]|[0, 2, 1, 1, 3, 0, 1, 0, 0, 0, 0, 0, 1, 0, 1, 0, 0, 3, 1, 0, 0, 0, 3, 1, 0, 2, 0, 0, 0, 1, 0, 0, 0, 0, 3, 0, 1, 0, 0, 2, 1, 1, 1, 0, 0, 0, 0, 0, 1, 0, 0, 0, 1, 3, 0, 0, 1, 2, 0, 1, 0, 2, 0, 1, 0, 2, 1, 0, 0, 1, 1, 3, 1, 1, 3, 3, 1, 0, 0, 2, 0, 0, 0, 0, 1, 0, 2, 0, 1, 0, 0, 0, 1, 0, 1, 1, 0, 2, 0, 0],806.7200867820757,57289.924497223474,97551.16539404908,false
6,G4_BALANCED,G3_TWC,[31, 22, 82, 15, 26, 9, 95, 42, 44, 12, 47, 5, 93, 78, 86, 96, 85, 63, 18, 77, 20, 35, 43, 97, 91, 76, 10, 30, 21, 45, 71, 64, 72, 23, 17, 83, 24, 41, 60, 36, 6, 57, 40, 88, 65, 56, 79, 69, 67, 68, 46, 75, 38, 58, 19, 32, 81, 48, 27, 62, 87, 90, 99, 59, 11, 16, 1, 73, 70, 39, 37, 84, 3, 92, 25, 55, 28, 51, 29, 7, 34, 61, 98, 14, 89, 50, 8, 54, 80, 53, 33, 4, 66, 2, 52, 49, 0, 94, 74, 13]|[1, 1, 0, 1, 1, 0, 1, 2, 2, 1, 2, 2, 2, 1, 1, 0, 0, 1, 0, 2, 2, 0, 1, 2, 0, 1, 2, 2, 0, 0, 1, 2, 1, 0, 1, 0, 2, 1, 1, 1, 0, 1, 1, 1, 0, 2, 1, 2, 0, 0, 0, 0, 1, 1, 2, 1, 2, 1, 0, 0, 2, 1, 0, 1, 2, 1, 2, 1, 1, 1, 1, 1, 1, 0, 1, 1, 0, 0, 0, 1, 2, 1, 0, 0, 1, 0, 1, 0, 0, 0, 0, 1, 2, 0, 1, 0, 0, 1, 2, 0]|[4, 3, 2, 2, 4, 1, 2, 2, 2, 4, 1, 1, 2, 4, 4, 1, 2, 4, 2, 1, 1, 1, 1, 2, 1, 2, 1, 1, 1, 1, 3, 2, 3, 0, 4, 0, 1, 4, 0, 3, 2, 2, 2, 0, 1, 1, 0, 2, 0, 1, 2, 2, 1, 0, 0, 3, 2, 4, 1, 2, 2, 3, 1, 1, 1, 3, 0, 4, 3, 1, 4, 1, 1, 0, 4, 4, 2, 1, 1, 1, 1, 3, 1, 1, 1, 1, 3, 1, 1, 2, 2, 4, 1, 2, 1, 1, 2, 4, 1, 2]|[0, 2, 1, 1, 3, 0, 1, 0, 0, 0, 0, 0, 1, 0, 1, 0, 0, 3, 1, 0, 0, 0, 3, 1, 0, 2, 0, 0, 0, 1, 0, 0, 0, 0, 3, 0, 1, 3, 0, 2, 1, 1, 1, 0, 0, 0, 0, 0, 1, 0, 0, 0, 1, 3, 0, 0, 1, 2, 0, 1, 0, 2, 0, 1, 0, 2, 1, 0, 0, 1, 1, 3, 1, 1, 3, 3, 1, 0, 0, 2, 0, 0, 0, 0, 1, 0, 2, 0, 0, 1, 1, 0, 0, 0, 1, 1, 0, 2, 0, 0],827.8341229471982,57061.139053448,97410.1673168182,true
6,G2_TEC,G2_TEC,[31, 22, 82, 15, 26, 9, 95, 42, 77, 4, 47, 5, 93, 78, 86, 54, 85, 63, 18, 44, 20, 49, 36, 14, 74, 50, 53, 17, 21, 45, 71, 64, 3, 23, 30, 83, 24, 41, 60, 52, 65, 27, 90, 70, 39, 87, 48, 69, 99, 68, 46, 1, 38, 58, 97, 59, 28, 8, 73, 37, 35, 79, 11, 66, 76, 57, 40, 80, 96, 6, 16, 61, 33, 98, 32, 34, 51, 67, 10, 7, 56, 43, 29, 19, 91, 13, 62, 92, 0, 81, 2, 55, 88, 84, 75, 25, 12, 94, 89, 72]|[2, 1, 2, 1, 1, 2, 1, 1, 1, 1, 1, 0, 2, 2, 1, 2, 0, 0, 0, 2, 2, 1, 0, 2, 0, 2, 2, 1, 0, 1, 1, 1, 0, 0, 1, 0, 2, 1, 2, 2, 0, 1, 1, 1, 0, 2, 0, 2, 1, 0, 0, 2, 2, 0, 2, 0, 2, 1, 0, 0, 2, 1, 0, 2, 2, 0, 2, 2, 0, 1, 2, 1, 1, 0, 0, 1, 1, 1, 1, 2, 2, 1, 1, 1, 1, 0, 0, 0, 0, 1, 2, 0, 1, 0, 0, 1, 1, 1, 1, 1]|[0, 3, 0, 2, 4, 1, 4, 4, 2, 4, 3, 2, 1, 0, 2, 1, 1, 1, 2, 1, 2, 3, 0, 1, 0, 1, 1, 4, 1, 4, 3, 2, 2, 0, 4, 1, 1, 4, 0, 1, 2, 2, 4, 4, 1, 1, 0, 2, 3, 1, 2, 1, 2, 1, 1, 2, 0, 3, 0, 2, 2, 3, 1, 0, 1, 0, 0, 1, 2, 4, 1, 3, 4, 1, 2, 4, 3, 3, 3, 1, 0, 4, 3, 4, 3, 2, 2, 2, 2, 1, 1, 2, 4, 2, 2, 4, 3, 4, 4, 4]|[0, 2, 0, 1, 3, 0, 1, 3, 0, 0, 2, 0, 1, 0, 1, 0, 0, 0, 1, 0, 0, 2, 0, 0, 1, 0, 0, 3, 0, 1, 0, 2, 0, 0, 3, 0, 1, 3, 1, 0, 0, 1, 1, 3, 0, 0, 1, 0, 2, 0, 0, 0, 0, 0, 1, 0, 0, 0, 1, 1, 0, 2, 0, 0, 0, 1, 0, 0, 0, 2, 0, 0, 1, 0, 0, 2, 0, 0, 3, 0, 0, 2, 0, 3, 0, 0, 1, 0, 0, 1, 0, 0, 2, 1, 0, 3, 0, 2, 1, 2],894.5174754386885,53069.88264179214,120490.8728779781,false
6,G3_TWC,G1_CMAX,[31, 22, 82, 15, 26, 9, 95, 42, 77, 12, 47, 5, 93, 78, 86, 54, 85, 63, 18, 44, 20, 35, 43, 97, 91, 76, 10, 30, 21, 45, 71, 64, 1, 23, 17, 83, 24, 14, 60, 36, 6, 57, 40, 88, 65, 56, 79, 94, 67, 68, 46, 75, 38, 58, 19, 32, 81, 41, 27, 62, 87, 90, 99, 59, 11, 16, 72, 73, 70, 39, 37, 84, 3, 92, 25, 55, 28, 29, 51, 7, 66, 61, 98, 48, 89, 50, 8, 96, 80, 53, 33, 4, 34, 2, 52, 49, 0, 69, 74, 13]|[1, 1, 0, 1, 1, 0, 1, 2, 2, 1, 2, 2, 2, 1, 1, 0, 0, 1, 0, 2, 2, 0, 1, 2, 0, 1, 2, 2, 0, 0, 1, 2, 1, 2, 1, 0, 2, 0, 1, 1, 0, 1, 1, 1, 0, 2, 1, 1, 0, 0, 0, 0, 1, 1, 2, 1, 2, 0, 0, 0, 2, 1, 0, 1, 2, 1, 2, 1, 1, 1, 1, 1, 1, 0, 1, 1, 0, 0, 0, 1, 2, 1, 0, 0, 1, 0, 1, 0, 0, 0, 0, 0, 2, 0, 2, 0, 0, 1, 2, 0]|[4, 3, 2, 2, 4, 1, 2, 2, 2, 4, 1, 1, 2, 4, 4, 1, 2, 4, 2, 1, 1, 1, 1, 2, 1, 2, 1, 1, 1, 1, 3, 2, 3, 0, 4, 0, 1, 1, 0, 3, 2, 2, 2, 0, 1, 1, 0, 4, 0, 1, 2, 2, 1, 0, 0, 3, 2, 1, 1, 2, 2, 3, 1, 1, 1, 3, 0, 4, 3, 1, 4, 1, 1, 0, 4, 4, 2, 1, 1, 1, 1, 3, 1, 1, 1, 1, 3, 1, 1, 2, 2, 2, 1, 2, 1, 1, 2, 4, 1, 2]|[0, 2, 1, 1, 3, 0, 1, 0, 0, 0, 0, 0, 1, 0, 1, 0, 0, 3, 1, 0, 0, 0, 3, 1, 0, 2, 0, 0, 0, 1, 0, 0, 0, 0, 3, 0, 1, 0, 0, 2, 1, 1, 1, 0, 0, 0, 0, 2, 1, 0, 0, 0, 1, 3, 0, 0, 1, 0, 0, 1, 0, 2, 0, 1, 0, 2, 1, 0, 0, 1, 1, 3, 1, 1, 3, 3, 1, 0, 0, 2, 0, 0, 0, 0, 1, 0, 2, 0, 0, 1, 1, 1, 0, 0, 0, 1, 0, 2, 0, 0],852.660327686474,57776.461083972375,94810.85406852722,true
6,G1_CMAX,G1_CMAX,[52, 22, 82, 39, 26, 9, 89, 5, 12, 77, 93, 78, 31, 54, 85, 63, 18, 44, 20, 35, 43, 76, 87, 30, 45, 71, 64, 1, 23, 17, 83, 24, 41, 60, 36, 6, 57, 40, 88, 65, 91, 56, 79, 69, 67, 68, 46, 75, 38, 58, 19, 32, 81, 48, 27, 62, 42, 84, 96, 95, 70, 73, 72, 16, 11, 15, 99, 90, 3, 92, 25, 55, 51, 28, 29, 7, 86, 74, 98, 37, 59, 50, 66, 10, 47, 97, 8, 80, 53, 14, 21, 2, 34, 4, 33, 49, 0, 94, 61, 13]|[2, 1, 0, 1, 1, 0, 1, 2, 1, 2, 2, 1, 1, 0, 0, 0, 0, 2, 2, 0, 1, 1, 2, 2, 0, 1, 2, 1, 2, 1, 0, 2, 1, 1, 1, 0, 1, 1, 1, 0, 0, 2, 1, 2, 0, 0, 0, 0, 1, 0, 2, 1, 2, 1, 0, 0, 2, 1, 1, 1, 1, 1, 2, 1, 2, 1, 0, 1, 1, 0, 1, 1, 0, 1, 1, 1, 1, 2, 2, 0, 1, 0, 2, 2, 2, 2, 1, 0, 0, 0, 0, 0, 2, 1, 2, 0, 0, 1, 1, 0]|[1, 3, 2, 1, 0, 1, 1, 1, 4, 1, 2, 4, 3, 1, 2, 1, 2, 1, 1, 1, 1, 2, 2, 1, 1, 3, 2, 3, 0, 4, 0, 1, 4, 0, 3, 2, 2, 2, 0, 1, 1, 1, 0, 2, 0, 1, 2, 2, 1, 0, 0, 3, 2, 4, 1, 2, 1, 1, 3, 2, 1, 4, 0, 3, 1, 2, 1, 3, 1, 0, 4, 4, 1, 4, 3, 1, 4, 0, 0, 1, 1, 1, 0, 1, 1, 2, 3, 1, 2, 1, 1, 2, 1, 4, 2, 1, 2, 4, 1, 2]|[0, 1, 1, 1, 3, 0, 1, 0, 0, 0, 1, 0, 2, 0, 0, 0, 1, 0, 0, 0, 3, 2, 0, 0, 1, 0, 0, 0, 0, 3, 0, 1, 3, 0, 2, 1, 1, 1, 0, 0, 0, 0, 0, 0, 1, 0, 0, 0, 1, 1, 0, 0, 0, 2, 0, 1, 0, 3, 2, 1, 3, 0, 1, 2, 0, 1, 0, 2, 1, 1, 3, 3, 0, 1, 0, 2, 1, 0, 0, 0, 1, 0, 0, 0, 0, 1, 2, 0, 1, 0, 0, 0, 0, 0, 1, 1, 0, 2, 3, 0],744.5504451349321,58431.33066549081,105266.06001032445,false
6,G4_BALANCED,G3_TWC,[31, 22, 82, 15, 26, 9, 95, 42, 44, 12, 47, 5, 93, 78, 86, 96, 85, 63, 18, 77, 20, 35, 43, 97, 91, 76, 10, 30, 21, 45, 71, 64, 72, 23, 17, 83, 24, 41, 60, 36, 6, 57, 40, 88, 65, 56, 79, 69, 67, 68, 46, 75, 38, 58, 19, 32, 81, 48, 27, 62, 87, 90, 99, 59, 11, 16, 1, 73, 70, 39, 37, 84, 3, 92, 25, 55, 28, 51, 29, 7, 34, 61, 98, 14, 89, 50, 8, 54, 80, 53, 33, 4, 66, 2, 52, 49, 0, 94, 74, 13]|[1, 1, 0, 1, 1, 0, 1, 2, 2, 1, 2, 2, 2, 1, 1, 0, 0, 1, 0, 2, 2, 0, 1, 2, 0, 1, 2, 2, 0, 0, 1, 2, 1, 0, 1, 0, 2, 1, 1, 1, 0, 1, 1, 1, 0, 2, 1, 2, 0, 0, 0, 0, 1, 1, 2, 1, 2, 1, 0, 0, 2, 1, 0, 1, 2, 1, 2, 1, 1, 1, 1, 1, 1, 0, 1, 1, 0, 0, 0, 1, 2, 1, 0, 0, 1, 0, 1, 0, 0, 0, 0, 1, 2, 0, 1, 0, 0, 1, 2, 0]|[4, 3, 2, 2, 4, 1, 2, 2, 2, 4, 1, 1, 2, 4, 4, 1, 2, 4, 2, 1, 1, 1, 1, 2, 1, 2, 1, 1, 1, 1, 3, 2, 3, 0, 4, 0, 1, 4, 0, 3, 2, 2, 2, 0, 1, 1, 0, 2, 0, 1, 2, 2, 1, 0, 0, 3, 2, 4, 1, 2, 2, 3, 1, 1, 1, 3, 0, 4, 3, 1, 4, 1, 1, 0, 4, 4, 2, 1, 1, 1, 1, 3, 1, 1, 1, 1, 3, 1, 1, 2, 2, 4, 1, 2, 1, 1, 2, 4, 1, 2]|[0, 2, 1, 1, 3, 0, 1, 0, 0, 0, 0, 0, 1, 0, 1, 0, 0, 3, 1, 0, 0, 0, 3, 1, 0, 2, 0, 0, 0, 1, 0, 0, 0, 0, 3, 0, 1, 3, 0, 2, 1, 1, 1, 0, 0, 0, 0, 0, 1, 0, 0, 0, 1, 3, 0, 0, 1, 2, 0, 1, 0, 2, 0, 1, 0, 2, 1, 0, 0, 1, 1, 3, 1, 1, 3, 3, 1, 0, 0, 2, 0, 0, 0, 0, 1, 0, 2, 0, 0, 1, 1, 0, 0, 0, 1, 1, 0, 2, 0, 0],827.8341229471982,57061.139053448,97410.1673168182,true
6,G2_TEC,G2_TEC,[31, 22, 82, 15, 26, 9, 95, 42, 77, 4, 47, 5, 93, 78, 86, 54, 85, 63, 18, 44, 20, 49, 36, 14, 74, 50, 53, 17, 21, 45, 71, 64, 3, 23, 30, 83, 24, 41, 60, 52, 65, 27, 90, 70, 39, 87, 48, 69, 99, 68, 46, 1, 38, 58, 97, 59, 28, 8, 73, 37, 35, 79, 11, 66, 76, 57, 40, 80, 96, 6, 16, 61, 33, 98, 32, 34, 51, 67, 10, 7, 56, 43, 29, 19, 91, 13, 62, 92, 0, 81, 2, 55, 88, 84, 75, 25, 12, 94, 89, 72]|[2, 1, 2, 1, 1, 2, 1, 1, 1, 1, 1, 0, 2, 2, 1, 2, 0, 0, 0, 2, 2, 1, 0, 2, 0, 2, 2, 1, 0, 1, 1, 1, 0, 0, 1, 0, 2, 1, 2, 2, 0, 1, 1, 1, 0, 2, 0, 2, 1, 0, 0, 2, 2, 0, 2, 0, 2, 1, 0, 0, 2, 1, 0, 2, 2, 0, 2, 2, 0, 1, 2, 1, 1, 0, 0, 1, 1, 1, 1, 2, 2, 1, 1, 1, 1, 0, 0, 0, 0, 1, 2, 0, 1, 0, 0, 1, 1, 1, 1, 1]|[0, 3, 0, 2, 4, 1, 4, 4, 2, 4, 3, 2, 1, 0, 2, 1, 1, 1, 2, 1, 2, 3, 0, 1, 0, 1, 1, 4, 1, 4, 3, 2, 2, 0, 4, 1, 1, 4, 0, 1, 2, 2, 4, 4, 1, 1, 0, 2, 3, 1, 2, 1, 2, 1, 1, 2, 0, 3, 0, 2, 2, 3, 1, 0, 1, 0, 0, 1, 2, 4, 1, 3, 4, 1, 2, 4, 3, 3, 3, 1, 0, 4, 3, 4, 3, 2, 2, 2, 2, 1, 1, 2, 4, 2, 2, 4, 3, 4, 4, 4]|[0, 2, 0, 1, 3, 0, 1, 3, 0, 0, 2, 0, 1, 0, 1, 0, 0, 0, 1, 0, 0, 2, 0, 0, 1, 0, 0, 3, 0, 1, 0, 2, 0, 0, 3, 0, 1, 3, 1, 0, 0, 1, 1, 3, 0, 0, 1, 0, 2, 0, 0, 0, 0, 0, 1, 0, 0, 0, 1, 1, 0, 2, 0, 0, 0, 1, 0, 0, 0, 2, 0, 0, 1, 0, 0, 2, 0, 0, 3, 0, 0, 2, 0, 3, 0, 0, 1, 0, 0, 1, 0, 0, 2, 1, 0, 3, 0, 2, 1, 2],894.5174754386885,53069.88264179214,120490.8728779781,false
6,G3_TWC,G1_CMAX,[31, 22, 82, 15, 26, 9, 95, 42, 77, 12, 47, 5, 93, 78, 86, 54, 85, 63, 18, 44, 20, 35, 43, 97, 91, 76, 10, 30, 21, 45, 71, 64, 1, 23, 17, 83, 24, 14, 60, 36, 6, 57, 40, 88, 65, 56, 79, 94, 67, 68, 46, 75, 38, 58, 19, 32, 81, 41, 27, 62, 87, 90, 99, 59, 11, 16, 72, 73, 70, 39, 37, 84, 3, 92, 25, 55, 28, 29, 51, 7, 66, 61, 98, 48, 89, 50, 8, 96, 80, 53, 33, 4, 34, 2, 52, 49, 0, 69, 74, 13]|[1, 1, 0, 1, 1, 0, 1, 2, 2, 1, 2, 2, 2, 1, 1, 0, 0, 1, 0, 2, 2, 0, 1, 2, 0, 1, 2, 2, 0, 0, 1, 2, 1, 2, 1, 0, 2, 0, 1, 1, 0, 1, 1, 1, 0, 2, 1, 1, 0, 0, 0, 0, 1, 1, 2, 1, 2, 0, 0, 0, 2, 1, 0, 1, 2, 1, 2, 1, 1, 1, 1, 1, 1, 0, 1, 1, 0, 0, 0, 1, 2, 1, 0, 0, 1, 0, 1, 0, 0, 0, 0, 0, 2, 0, 2, 0, 0, 1, 2, 0]|[4, 3, 2, 2, 4, 1, 2, 2, 2, 4, 1, 1, 2, 4, 4, 1, 2, 4, 2, 1, 1, 1, 1, 2, 1, 2, 1, 1, 1, 1, 3, 2, 3, 0, 4, 0, 1, 1, 0, 3, 2, 2, 2, 0, 1, 1, 0, 4, 0, 1, 2, 2, 1, 0, 0, 3, 2, 1, 1, 2, 2, 3, 1, 1, 1, 3, 0, 4, 3, 1, 4, 1, 1, 0, 4, 4, 2, 1, 1, 1, 1, 3, 1, 1, 1, 1, 3, 1, 1, 2, 2, 2, 1, 2, 1, 1, 2, 4, 1, 2]|[0, 2, 1, 1, 3, 0, 1, 0, 0, 0, 0, 0, 1, 0, 1, 0, 0, 3, 1, 0, 0, 0, 3, 1, 0, 2, 0, 0, 0, 1, 0, 0, 0, 0, 3, 0, 1, 0, 0, 2, 1, 1, 1, 0, 0, 0, 0, 2, 1, 0, 0, 0, 1, 3, 0, 0, 1, 0, 0, 1, 0, 2, 0, 1, 0, 2, 1, 0, 0, 1, 1, 3, 1, 1, 3, 3, 1, 0, 0, 2, 0, 0, 0, 0, 1, 0, 2, 0, 0, 1, 1, 1, 0, 0, 0, 1, 0, 2, 0, 0],852.660327686474,57776.461083972375,94810.85406852722,true
6,G1_CMAX,G1_CMAX,[31, 22, 82, 15, 26, 9, 95, 42, 77, 12, 47, 5, 93, 78, 86, 54, 85, 63, 18, 44, 20, 35, 43, 97, 91, 76, 10, 30, 21, 45, 71, 64, 1, 23, 17, 83, 24, 41, 60, 36, 6, 57, 40, 88, 65, 56, 79, 69, 67, 68, 46, 75, 38, 58, 19, 32, 81, 48, 27, 62, 87, 90, 99, 59, 11, 16, 72, 73, 70, 39, 37, 84, 3, 92, 25, 55, 28, 29, 51, 7, 66, 61, 98, 14, 89, 50, 8, 96, 80, 53, 33, 4, 34, 2, 52, 49, 0, 94, 74, 13]|[1, 1, 0, 1, 1, 0, 1, 2, 2, 1, 2, 2, 2, 1, 1, 0, 0, 1, 0, 2, 2, 0, 1, 2, 0, 1, 2, 2, 0, 0, 1, 2, 1, 2, 1, 0, 2, 0, 1, 1, 0, 1, 1, 1, 0, 2, 1, 2, 0, 0, 0, 0, 1, 1, 2, 1, 2, 1, 0, 0, 2, 1, 0, 1, 2, 1, 2, 1, 1, 1, 1, 1, 1, 0, 1, 1, 0, 0, 0, 1, 2, 1, 0, 1, 1, 0, 1, 0, 0, 0, 2, 1, 2, 0, 2, 0, 0, 1, 2, 0]|[4, 3, 2, 2, 4, 1, 2, 2, 2, 4, 1, 1, 2, 4, 4, 1, 2, 4, 2, 1, 1, 1, 1, 2, 1, 2, 1, 1, 1, 1, 3, 2, 3, 0, 4, 0, 1, 1, 0, 3, 2, 2, 2, 0, 1, 1, 0, 2, 0, 1, 2, 2, 1, 0, 0, 3, 2, 4, 1, 2, 2, 3, 1, 1, 1, 3, 0, 4, 3, 1, 4, 1, 1, 0, 4, 4, 2, 1, 1, 1, 0, 3, 1, 3, 1, 1, 3, 1, 1, 2, 1, 4, 1, 2, 1, 1, 2, 4, 1, 2]|[0, 2, 1, 1, 3, 0, 1, 0, 0, 0, 0, 0, 1, 0, 1, 0, 0, 3, 1, 0, 0, 0, 3, 1, 0, 2, 0, 0, 0, 1, 0, 0, 0, 0, 3, 0, 1, 0, 0, 2, 1, 1, 1, 0, 0, 0, 0, 0, 1, 0, 0, 0, 1, 3, 0, 0, 1, 2, 0, 1, 0, 2, 0, 1, 0, 2, 1, 0, 0, 1, 1, 3, 1, 1, 3, 3, 1, 0, 0, 2, 0, 0, 0, 2, 1, 0, 2, 0, 0, 1, 0, 0, 0, 0, 0, 1, 0, 2, 0, 0],773.9272013780011,56918.691559862695,100343.50375567138,false
6,G4_BALANCED,G3_TWC,[31, 22, 82, 15, 26, 9, 95, 42, 44, 12, 47, 5, 93, 78, 86, 96, 85, 63, 18, 77, 20, 35, 43, 97, 91, 76, 10, 30, 21, 45, 71, 64, 72, 23, 17, 83, 24, 41, 60, 36, 6, 57, 40, 88, 65, 56, 79, 69, 67, 68, 46, 75, 38, 58, 19, 32, 81, 48, 27, 62, 87, 90, 99, 59, 11, 16, 1, 73, 70, 39, 37, 84, 3, 92, 25, 55, 28, 51, 29, 7, 34, 61, 98, 14, 89, 50, 8, 54, 80, 53, 33, 4, 66, 2, 52, 49, 0, 94, 74, 13]|[1, 1, 0, 1, 1, 0, 1, 2, 2, 1, 2, 2, 2, 1, 1, 0, 0, 1, 0, 2, 2, 0, 1, 2, 0, 1, 2, 2, 0, 0, 1, 2, 1, 0, 1, 0, 2, 1, 1, 1, 0, 1, 1, 1, 0, 2, 1, 2, 0, 0, 0, 0, 1, 1, 2, 1, 2, 1, 0, 0, 2, 1, 0, 1, 2, 1, 2, 1, 1, 1, 1, 1, 1, 0, 1, 1, 0, 0, 0, 1, 2, 1, 0, 0, 1, 0, 1, 0, 0, 0, 0, 1, 2, 0, 1, 0, 0, 1, 2, 0]|[4, 3, 2, 2, 4, 1, 2, 2, 2, 4, 1, 1, 2, 4, 4, 1, 2, 4, 2, 1, 1, 1, 1, 2, 1, 2, 1, 1, 1, 1, 3, 2, 3, 0, 4, 0, 1, 4, 0, 3, 2, 2, 2, 0, 1, 1, 0, 2, 0, 1, 2, 2, 1, 0, 0, 3, 2, 4, 1, 2, 2, 3, 1, 1, 1, 3, 0, 4, 3, 1, 4, 1, 1, 0, 4, 4, 2, 1, 1, 1, 1, 3, 1, 1, 1, 1, 3, 1, 1, 2, 2, 4, 1, 2, 1, 1, 2, 4, 1, 2]|[0, 2, 1, 1, 3, 0, 1, 0, 0, 0, 0, 0, 1, 0, 1, 0, 0, 3, 1, 0, 0, 0, 3, 1, 0, 2, 0, 0, 0, 1, 0, 0, 0, 0, 3, 0, 1, 3, 0, 2, 1, 1, 1, 0, 0, 0, 0, 0, 1, 0, 0, 0, 1, 3, 0, 0, 1, 2, 0, 1, 0, 2, 0, 1, 0, 2, 1, 0, 0, 1, 1, 3, 1, 1, 3, 3, 1, 0, 0, 2, 0, 0, 0, 0, 1, 0, 2, 0, 0, 1, 1, 0, 0, 0, 1, 1, 0, 2, 0, 0],827.8341229471982,57061.139053448,97410.1673168182,true
6,G2_TEC,G2_TEC,[31, 22, 82, 15, 26, 9, 95, 42, 77, 4, 47, 5, 93, 78, 86, 54, 85, 63, 18, 44, 20, 49, 36, 14, 74, 50, 53, 17, 21, 45, 71, 64, 3, 23, 30, 83, 24, 41, 60, 52, 65, 27, 90, 70, 39, 87, 48, 69, 99, 68, 46, 1, 38, 58, 97, 59, 28, 8, 73, 37, 35, 79, 11, 66, 76, 57, 40, 80, 96, 6, 16, 61, 33, 98, 32, 34, 51, 67, 10, 7, 56, 43, 29, 19, 91, 13, 62, 92, 0, 81, 2, 55, 88, 84, 75, 25, 12, 94, 89, 72]|[2, 1, 2, 1, 1, 2, 1, 1, 1, 1, 1, 0, 2, 2, 1, 2, 0, 0, 0, 2, 2, 1, 0, 2, 0, 2, 2, 1, 0, 1, 1, 1, 0, 0, 1, 0, 2, 1, 2, 2, 0, 1, 1, 1, 0, 2, 0, 2, 1, 0, 0, 2, 2, 0, 2, 0, 2, 1, 0, 0, 2, 1, 0, 2, 2, 0, 2, 2, 0, 1, 2, 1, 1, 0, 0, 1, 1, 1, 1, 2, 2, 1, 1, 1, 1, 0, 0, 0, 0, 1, 2, 0, 1, 0, 0, 1, 1, 1, 1, 1]|[0, 3, 0, 2, 4, 1, 4, 4, 2, 4, 3, 2, 1, 0, 2, 1, 1, 1, 2, 1, 2, 3, 0, 1, 0, 1, 1, 4, 1, 4, 3, 2, 2, 0, 4, 1, 1, 4, 0, 1, 2, 2, 4, 4, 1, 1, 0, 2, 3, 1, 2, 1, 2, 1, 1, 2, 0, 3, 0, 2, 2, 3, 1, 0, 1, 0, 0, 1, 2, 4, 1, 3, 4, 1, 2, 4, 3, 3, 3, 1, 0, 4, 3, 4, 3, 2, 2, 2, 2, 1, 1, 2, 4, 2, 2, 4, 3, 4, 4, 4]|[0, 2, 0, 1, 3, 0, 1, 3, 0, 0, 2, 0, 1, 0, 1, 0, 0, 0, 1, 0, 0, 2, 0, 0, 1, 0, 0, 3, 0, 1, 0, 2, 0, 0, 3, 0, 1, 3, 1, 0, 0, 1, 1, 3, 0, 0, 1, 0, 2, 0, 0, 0, 0, 0, 1, 0, 0, 0, 1, 1, 0, 2, 0, 0, 0, 1, 0, 0, 0, 2, 0, 0, 1, 0, 0, 2, 0, 0, 3, 0, 0, 2, 0, 3, 0, 0, 1, 0, 0, 1, 0, 0, 2, 1, 0, 3, 0, 2, 1, 2],894.5174754386885,53069.88264179214,120490.8728779781,false
6,G3_TWC,G1_CMAX,[31, 22, 82, 15, 26, 9, 95, 42, 77, 12, 47, 5, 93, 78, 86, 54, 85, 63, 18, 44, 20, 35, 43, 97, 91, 76, 10, 30, 21, 45, 71, 64, 1, 23, 17, 83, 24, 14, 60, 36, 6, 57, 40, 88, 65, 56, 79, 94, 67, 68, 46, 75, 38, 58, 19, 32, 81, 41, 27, 62, 87, 90, 99, 59, 11, 16, 72, 73, 70, 39, 37, 84, 3, 92, 25, 55, 28, 29, 51, 7, 66, 61, 98, 48, 89, 50, 8, 96, 80, 53, 33, 4, 34, 2, 52, 49, 0, 69, 74, 13]|[1, 1, 0, 1, 1, 0, 1, 2, 2, 1, 2, 2, 2, 1, 1, 0, 0, 1, 0, 2, 2, 0, 1, 2, 0, 1, 2, 2, 0, 0, 1, 2, 1, 2, 1, 0, 2, 0, 1, 1, 0, 1, 1, 1, 0, 2, 1, 1, 0, 0, 0, 0, 1, 1, 2, 1, 2, 0, 0, 0, 2, 1, 0, 1, 2, 1, 2, 1, 1, 1, 1, 1, 1, 0, 1, 1, 0, 0, 0, 1, 2, 1, 0, 0, 1, 0, 1, 0, 0, 0, 0, 0, 2, 0, 2, 0, 0, 1, 2, 0]|[4, 3, 2, 2, 4, 1, 2, 2, 2, 4, 1, 1, 2, 4, 4, 1, 2, 4, 2, 1, 1, 1, 1, 2, 1, 2, 1, 1, 1, 1, 3, 2, 3, 0, 4, 0, 1, 1, 0, 3, 2, 2, 2, 0, 1, 1, 0, 4, 0, 1, 2, 2, 1, 0, 0, 3, 2, 1, 1, 2, 2, 3, 1, 1, 1, 3, 0, 4, 3, 1, 4, 1, 1, 0, 4, 4, 2, 1, 1, 1, 1, 3, 1, 1, 1, 1, 3, 1, 1, 2, 2, 2, 1, 2, 1, 1, 2, 4, 1, 2]|[0, 2, 1, 1, 3, 0, 1, 0, 0, 0, 0, 0, 1, 0, 1, 0, 0, 3, 1, 0, 0, 0, 3, 1, 0, 2, 0, 0, 0, 1, 0, 0, 0, 0, 3, 0, 1, 0, 0, 2, 1, 1, 1, 0, 0, 0, 0, 2, 1, 0, 0, 0, 1, 3, 0, 0, 1, 0, 0, 1, 0, 2, 0, 1, 0, 2, 1, 0, 0, 1, 1, 3, 1, 1, 3, 3, 1, 0, 0, 2, 0, 0, 0, 0, 1, 0, 2, 0, 0, 1, 1, 1, 0, 0, 0, 1, 0, 2, 0, 0],852.660327686474,57776.461083972375,94810.85406852722,true
6,G1_CMAX,G1_CMAX,[31, 22, 82, 15, 26, 9, 95, 42, 77, 12, 47, 5, 93, 78, 86, 54, 85, 63, 18, 44, 20, 35, 43, 97, 91, 76, 10, 30, 21, 45, 71, 64, 1, 23, 17, 83, 24, 41, 60, 36, 6, 57, 40, 88, 65, 56, 79, 69, 67, 68, 46, 75, 38, 58, 19, 32, 81, 48, 27, 62, 87, 90, 99, 59, 11, 16, 72, 73, 70, 39, 37, 84, 3, 92, 25, 55, 28, 29, 51, 7, 66, 61, 98, 14, 89, 50, 8, 96, 80, 53, 33, 4, 34, 2, 52, 49, 0, 94, 74, 13]|[1, 1, 0, 1, 1, 0, 1, 2, 2, 1, 2, 2, 2, 1, 1, 0, 0, 1, 0, 2, 2, 0, 1, 2, 0, 1, 2, 2, 0, 0, 1, 2, 1, 2, 1, 0, 2, 0, 1, 1, 0, 1, 1, 1, 0, 2, 1, 2, 0, 0, 0, 0, 1, 1, 2, 1, 2, 1, 0, 0, 2, 1, 0, 1, 2, 1, 2, 1, 1, 1, 1, 1, 1, 0, 1, 1, 0, 0, 0, 1, 2, 1, 0, 1, 1, 0, 1, 0, 0, 0, 2, 1, 2, 0, 2, 0, 0, 1, 2, 0]|[4, 3, 2, 2, 4, 1, 2, 2, 2, 4, 1, 1, 2, 4, 4, 1, 2, 4, 2, 1, 1, 1, 1, 2, 1, 2, 1, 1, 1, 1, 3, 2, 3, 0, 4, 0, 1, 1, 0, 3, 2, 2, 2, 0, 1, 1, 0, 2, 0, 1, 2, 2, 1, 0, 0, 3, 2, 4, 1, 2, 2, 3, 1, 1, 1, 3, 0, 4, 3, 1, 4, 1, 1, 0, 4, 4, 2, 1, 1, 1, 0, 3, 1, 3, 1, 1, 3, 1, 1, 2, 1, 4, 1, 2, 1, 1, 2, 4, 1, 2]|[0, 2, 1, 1, 3, 0, 1, 0, 0, 0, 0, 0, 1, 0, 1, 0, 0, 3, 1, 0, 0, 0, 3, 1, 0, 2, 0, 0, 0, 1, 0, 0, 0, 0, 3, 0, 1, 0, 0, 2, 1, 1, 1, 0, 0, 0, 0, 0, 1, 0, 0, 0, 1, 3, 0, 0, 1, 2, 0, 1, 0, 2, 0, 1, 0, 2, 1, 0, 0, 1, 1, 3, 1, 1, 3, 3, 1, 0, 0, 2, 0, 0, 0, 2, 1, 0, 2, 0, 0, 1, 0, 0, 0, 0, 0, 1, 0, 2, 0, 0],773.9272013780011,56918.691559862695,100343.50375567138,false
6,G4_BALANCED,G3_TWC,[31, 22, 82, 15, 26, 9, 95, 42, 44, 12, 47, 5, 93, 78, 86, 96, 85, 63, 18, 77, 20, 35, 43, 97, 91, 76, 10, 30, 21, 45, 71, 64, 72, 23, 17, 83, 24, 41, 60, 36, 6, 57, 40, 88, 65, 56, 79, 69, 67, 68, 46, 75, 38, 58, 19, 32, 81, 48, 27, 62, 87, 90, 99, 59, 11, 16, 1, 73, 70, 39, 37, 84, 3, 92, 25, 55, 28, 51, 29, 7, 34, 61, 98, 14, 89, 50, 8, 54, 80, 53, 33, 4, 66, 2, 52, 49, 0, 94, 74, 13]|[1, 1, 0, 1, 1, 0, 1, 2, 2, 1, 2, 2, 2, 1, 1, 0, 0, 1, 0, 2, 2, 0, 1, 2, 0, 1, 2, 2, 0, 0, 1, 2, 1, 0, 1, 0, 2, 1, 1, 1, 0, 1, 1, 1, 0, 2, 1, 2, 0, 0, 0, 0, 1, 1, 2, 1, 2, 1, 0, 0, 2, 1, 0, 1, 2, 1, 2, 1, 1, 1, 1, 1, 1, 0, 1, 1, 0, 0, 0, 1, 2, 1, 0, 0, 1, 0, 1, 0, 0, 0, 0, 1, 2, 0, 1, 0, 0, 1, 2, 0]|[4, 3, 2, 2, 4, 1, 2, 2, 2, 4, 1, 1, 2, 4, 4, 1, 2, 4, 2, 1, 1, 1, 1, 2, 1, 2, 1, 1, 1, 1, 3, 2, 3, 0, 4, 0, 1, 4, 0, 3, 2, 2, 2, 0, 1, 1, 0, 2, 0, 1, 2, 2, 1, 0, 0, 3, 2, 4, 1, 2, 2, 3, 1, 1, 1, 3, 0, 4, 3, 1, 4, 1, 1, 0, 4, 4, 2, 1, 1, 1, 1, 3, 1, 1, 1, 1, 3, 1, 1, 2, 2, 4, 1, 2, 1, 1, 2, 4, 1, 2]|[0, 2, 1, 1, 3, 0, 1, 0, 0, 0, 0, 0, 1, 0, 1, 0, 0, 3, 1, 0, 0, 0, 3, 1, 0, 2, 0, 0, 0, 1, 0, 0, 0, 0, 3, 0, 1, 3, 0, 2, 1, 1, 1, 0, 0, 0, 0, 0, 1, 0, 0, 0, 1, 3, 0, 0, 1, 2, 0, 1, 0, 2, 0, 1, 0, 2, 1, 0, 0, 1, 1, 3, 1, 1, 3, 3, 1, 0, 0, 2, 0, 0, 0, 0, 1, 0, 2, 0, 0, 1, 1, 0, 0, 0, 1, 1, 0, 2, 0, 0],827.8341229471982,57061.139053448,97410.1673168182,true
6,G2_TEC,G4_BALANCED,[31, 22, 82, 15, 26, 9, 95, 42, 77, 12, 47, 5, 93, 78, 86, 54, 85, 63, 18, 44, 20, 35, 43, 97, 91, 76, 10, 30, 21, 45, 71, 64, 1, 23, 17, 83, 24, 14, 60, 36, 6, 57, 40, 88, 65, 56, 79, 69, 67, 68, 46, 75, 38, 58, 19, 32, 81, 48, 27, 62, 87, 90, 99, 59, 11, 16, 72, 73, 61, 39, 37, 84, 3, 92, 25, 55, 28, 98, 51, 7, 66, 70, 29, 41, 89, 50, 8, 96, 33, 53, 80, 2, 13, 4, 52, 49, 0, 94, 74, 34]|[1, 1, 0, 1, 1, 0, 1, 2, 2, 1, 2, 2, 2, 1, 1, 0, 0, 1, 0, 2, 2, 0, 1, 2, 0, 1, 2, 2, 0, 0, 1, 2, 1, 0, 1, 0, 2, 0, 1, 1, 0, 1, 1, 1, 0, 2, 1, 2, 0, 0, 0, 0, 1, 1, 2, 1, 2, 1, 0, 0, 2, 1, 0, 1, 2, 1, 2, 1, 1, 1, 1, 1, 1, 0, 1, 1, 0, 2, 0, 1, 2, 1, 0, 0, 1, 0, 1, 0, 2, 0, 0, 0, 0, 1, 2, 0, 0, 1, 2, 2]|[4, 3, 2, 2, 4, 1, 2, 2, 2, 4, 1, 1, 2, 4, 4, 1, 2, 4, 2, 1, 1, 1, 1, 2, 1, 2, 1, 1, 1, 1, 3, 2, 3, 0, 4, 0, 1, 1, 0, 3, 2, 2, 2, 0, 1, 1, 0, 2, 0, 1, 2, 2, 1, 0, 0, 3, 2, 4, 1, 2, 2, 3, 1, 1, 1, 3, 0, 4, 3, 1, 4, 1, 1, 0, 4, 4, 2, 1, 1, 1, 0, 3, 1, 1, 1, 1, 3, 1, 1, 2, 1, 2, 2, 4, 1, 1, 2, 4, 1, 1]|[0, 2, 1, 1, 3, 0, 1, 0, 0, 0, 0, 0, 1, 0, 1, 0, 0, 3, 1, 0, 0, 0, 3, 1, 0, 2, 0, 0, 0, 1, 0, 0, 0, 0, 3, 0, 1, 0, 0, 2, 1, 1, 1, 0, 0, 0, 0, 0, 1, 0, 0, 0, 1, 3, 0, 0, 1, 2, 0, 1, 0, 2, 0, 1, 0, 2, 1, 0, 0, 1, 1, 3, 1, 1, 3, 3, 1, 0, 0, 2, 0, 0, 0, 0, 1, 0, 2, 0, 0, 1, 0, 0, 0, 0, 0, 1, 0, 2, 0, 0],800.8028950790023,56722.67338842171,98268.19761861338,true
6,G3_TWC,G1_CMAX,[31, 22, 82, 15, 26, 9, 95, 42, 77, 12, 47, 5, 93, 78, 86, 54, 85, 63, 18, 44, 20, 35, 43, 97, 91, 76, 10, 30, 21, 45, 71, 64, 1, 23, 17, 83, 24, 14, 60, 36, 6, 57, 40, 88, 65, 56, 79, 94, 67, 68, 46, 75, 38, 58, 19, 32, 81, 41, 27, 62, 87, 90, 99, 59, 11, 16, 72, 73, 70, 39, 37, 84, 3, 92, 25, 55, 28, 29, 51, 7, 66, 61, 98, 48, 89, 50, 8, 96, 80, 53, 33, 4, 34, 2, 52, 49, 0, 69, 74, 13]|[1, 1, 0, 1, 1, 0, 1, 2, 2, 1, 2, 2, 2, 1, 1, 0, 0, 1, 0, 2, 2, 0, 1, 2, 0, 1, 2, 2, 0, 0, 1, 2, 1, 2, 1, 0, 2, 0, 1, 1, 0, 1, 1, 1, 0, 2, 1, 1, 0, 0, 0, 0, 1, 1, 2, 1, 2, 0, 0, 0, 2, 1, 0, 1, 2, 1, 2, 1, 1, 1, 1, 1, 1, 0, 1, 1, 0, 0, 0, 1, 2, 1, 0, 0, 1, 0, 1, 0, 0, 0, 0, 0, 2, 0, 2, 0, 0, 1, 2, 0]|[4, 3, 2, 2, 4, 1, 2, 2, 2, 4, 1, 1, 2, 4, 4, 1, 2, 4, 2, 1, 1, 1, 1, 2, 1, 2, 1, 1, 1, 1, 3, 2, 3, 0, 4, 0, 1, 1, 0, 3, 2, 2, 2, 0, 1, 1, 0, 4, 0, 1, 2, 2, 1, 0, 0, 3, 2, 1, 1, 2, 2, 3, 1, 1, 1, 3, 0, 4, 3, 1, 4, 1, 1, 0, 4, 4, 2, 1, 1, 1, 1, 3, 1, 1, 1, 1, 3, 1, 1, 2, 2, 2, 1, 2, 1, 1, 2, 4, 1, 2]|[0, 2, 1, 1, 3, 0, 1, 0, 0, 0, 0, 0, 1, 0, 1, 0, 0, 3, 1, 0, 0, 0, 3, 1, 0, 2, 0, 0, 0, 1, 0, 0, 0, 0, 3, 0, 1, 0, 0, 2, 1, 1, 1, 0, 0, 0, 0, 2, 1, 0, 0, 0, 1, 3, 0, 0, 1, 0, 0, 1, 0, 2, 0, 1, 0, 2, 1, 0, 0, 1, 1, 3, 1, 1, 3, 3, 1, 0, 0, 2, 0, 0, 0, 0, 1, 0, 2, 0, 0, 1, 1, 1, 0, 0, 0, 1, 0, 2, 0, 0],852.660327686474,57776.461083972375,94810.85406852722,true
6,G1_CMAX,G1_CMAX,[31, 22, 82, 15, 26, 9, 95, 42, 77, 12, 47, 5, 93, 78, 86, 54, 85, 63, 18, 44, 20, 35, 43, 97, 91, 76, 10, 30, 21, 45, 71, 64, 1, 23, 17, 83, 24, 41, 60, 36, 6, 57, 40, 88, 65, 56, 79, 69, 67, 68, 46, 75, 38, 58, 19, 32, 81, 48, 27, 62, 87, 90, 99, 59, 11, 16, 72, 73, 70, 39, 37, 84, 3, 92, 25, 55, 28, 29, 51, 7, 66, 61, 98, 14, 89, 50, 8, 96, 80, 53, 33, 4, 34, 2, 52, 49, 0, 94, 74, 13]|[1, 1, 0, 1, 1, 0, 1, 2, 2, 1, 2, 2, 2, 1, 1, 0, 0, 1, 0, 2, 2, 0, 1, 2, 0, 1, 2, 2, 0, 0, 1, 2, 1, 2, 1, 0, 2, 0, 1, 1, 0, 1, 1, 1, 0, 2, 1, 2, 0, 0, 0, 0, 1, 1, 2, 1, 2, 1, 0, 0, 2, 1, 0, 1, 2, 1, 2, 1, 1, 1, 1, 1, 1, 0, 1, 1, 0, 0, 0, 1, 2, 1, 0, 1, 1, 0, 1, 0, 0, 0, 2, 1, 2, 0, 2, 0, 0, 1, 2, 0]|[4, 3, 2, 2, 4, 1, 2, 2, 2, 4, 1, 1, 2, 4, 4, 1, 2, 4, 2, 1, 1, 1, 1, 2, 1, 2, 1, 1, 1, 1, 3, 2, 3, 0, 4, 0, 1, 1, 0, 3, 2, 2, 2, 0, 1, 1, 0, 2, 0, 1, 2, 2, 1, 0, 0, 3, 2, 4, 1, 2, 2, 3, 1, 1, 1, 3, 0, 4, 3, 1, 4, 1, 1, 0, 4, 4, 2, 1, 1, 1, 0, 3, 1, 3, 1, 1, 3, 1, 1, 2, 1, 4, 1, 2, 1, 1, 2, 4, 1, 2]|[0, 2, 1, 1, 3, 0, 1, 0, 0, 0, 0, 0, 1, 0, 1, 0, 0, 3, 1, 0, 0, 0, 3, 1, 0, 2, 0, 0, 0, 1, 0, 0, 0, 0, 3, 0, 1, 0, 0, 2, 1, 1, 1, 0, 0, 0, 0, 0, 1, 0, 0, 0, 1, 3, 0, 0, 1, 2, 0, 1, 0, 2, 0, 1, 0, 2, 1, 0, 0, 1, 1, 3, 1, 1, 3, 3, 1, 0, 0, 2, 0, 0, 0, 2, 1, 0, 2, 0, 0, 1, 0, 0, 0, 0, 0, 1, 0, 2, 0, 0],773.9272013780011,56918.691559862695,100343.50375567138,false
6,G4_BALANCED,G3_TWC,[31, 22, 82, 15, 26, 9, 95, 42, 44, 12, 47, 5, 93, 78, 86, 96, 85, 63, 18, 77, 20, 35, 43, 97, 91, 76, 10, 30, 21, 45, 71, 64, 72, 23, 17, 83, 24, 41, 60, 36, 6, 57, 40, 88, 65, 56, 79, 69, 67, 68, 46, 75, 38, 58, 19, 32, 81, 48, 27, 62, 87, 90, 99, 59, 11, 16, 1, 73, 70, 39, 37, 84, 3, 92, 25, 55, 28, 51, 29, 7, 34, 61, 98, 14, 89, 50, 8, 54, 80, 53, 33, 4, 66, 2, 52, 49, 0, 94, 74, 13]|[1, 1, 0, 1, 1, 0, 1, 2, 2, 1, 2, 2, 2, 1, 1, 0, 0, 1, 0, 2, 2, 0, 1, 2, 0, 1, 2, 2, 0, 0, 1, 2, 1, 0, 1, 0, 2, 1, 1, 1, 0, 1, 1, 1, 0, 2, 1, 2, 0, 0, 0, 0, 1, 1, 2, 1, 2, 1, 0, 0, 2, 1, 0, 1, 2, 1, 2, 1, 1, 1, 1, 1, 1, 0, 1, 1, 0, 0, 0, 1, 2, 1, 0, 0, 1, 0, 1, 0, 0, 0, 0, 1, 2, 0, 1, 0, 0, 1, 2, 0]|[4, 3, 2, 2, 4, 1, 2, 2, 2, 4, 1, 1, 2, 4, 4, 1, 2, 4, 2, 1, 1, 1, 1, 2, 1, 2, 1, 1, 1, 1, 3, 2, 3, 0, 4, 0, 1, 4, 0, 3, 2, 2, 2, 0, 1, 1, 0, 2, 0, 1, 2, 2, 1, 0, 0, 3, 2, 4, 1, 2, 2, 3, 1, 1, 1, 3, 0, 4, 3, 1, 4, 1, 1, 0, 4, 4, 2, 1, 1, 1, 1, 3, 1, 1, 1, 1, 3, 1, 1, 2, 2, 4, 1, 2, 1, 1, 2, 4, 1, 2]|[0, 2, 1, 1, 3, 0, 1, 0, 0, 0, 0, 0, 1, 0, 1, 0, 0, 3, 1, 0, 0, 0, 3, 1, 0, 2, 0, 0, 0, 1, 0, 0, 0, 0, 3, 0, 1, 3, 0, 2, 1, 1, 1, 0, 0, 0, 0, 0, 1, 0, 0, 0, 1, 3, 0, 0, 1, 2, 0, 1, 0, 2, 0, 1, 0, 2, 1, 0, 0, 1, 1, 3, 1, 1, 3, 3, 1, 0, 0, 2, 0, 0, 0, 0, 1, 0, 2, 0, 0, 1, 1, 0, 0, 0, 1, 1, 0, 2, 0, 0],827.8341229471982,57061.139053448,97410.1673168182,true
6,G2_TEC,G3_TWC,[31, 22, 82, 15, 26, 9, 95, 42, 77, 12, 47, 5, 93, 78, 86, 96, 85, 63, 18, 44, 20, 35, 43, 97, 91, 76, 10, 30, 21, 45, 71, 64, 72, 23, 17, 83, 24, 40, 60, 36, 6, 57, 14, 88, 65, 56, 79, 69, 67, 68, 46, 75, 38, 58, 19, 32, 81, 48, 27, 62, 87, 90, 99, 59, 11, 16, 1, 73, 70, 39, 37, 84, 3, 92, 25, 55, 28, 29, 51, 7, 33, 61, 98, 41, 89, 50, 8, 54, 80, 53, 66, 4, 34, 2, 52, 49, 0, 94, 74, 13]|[1, 1, 0, 1, 1, 0, 1, 2, 2, 1, 2, 2, 2, 1, 1, 0, 0, 1, 0, 2, 2, 0, 2, 2, 0, 1, 2, 2, 0, 0, 1, 2, 1, 0, 1, 0, 2, 1, 1, 1, 0, 1, 1, 1, 0, 2, 1, 2, 0, 0, 0, 0, 1, 1, 2, 1, 2, 1, 2, 0, 0, 1, 0, 1, 2, 1, 2, 1, 1, 1, 1, 1, 1, 0, 1, 1, 0, 0, 0, 1, 0, 1, 0, 0, 1, 0, 1, 0, 0, 0, 2, 1, 2, 0, 1, 0, 0, 1, 2, 0]|[4, 3, 2, 2, 4, 1, 2, 2, 2, 4, 1, 1, 2, 4, 4, 1, 2, 4, 2, 1, 1, 1, 2, 2, 1, 2, 1, 1, 1, 1, 3, 2, 3, 0, 4, 0, 1, 2, 0, 3, 2, 2, 2, 0, 1, 1, 0, 2, 0, 1, 2, 2, 1, 0, 0, 3, 2, 4, 2, 2, 1, 3, 1, 1, 1, 3, 0, 4, 3, 1, 4, 1, 1, 0, 4, 4, 2, 1, 1, 1, 2, 3, 1, 1, 1, 1, 3, 1, 1, 2, 0, 4, 1, 2, 1, 1, 2, 4, 1, 2]|[0, 2, 1, 1, 3, 0, 1, 0, 0, 0, 0, 0, 1, 0, 1, 0, 0, 3, 1, 0, 0, 0, 0, 1, 0, 2, 0, 0, 0, 1, 0, 0, 0, 0, 3, 0, 1, 1, 0, 2, 1, 1, 1, 0, 0, 0, 0, 0, 1, 0, 0, 0, 1, 3, 0, 0, 1, 2, 0, 1, 0, 2, 0, 1, 0, 2, 1, 0, 0, 1, 1, 3, 1, 1, 3, 3, 1, 0, 0, 2, 1, 0, 0, 0, 1, 0, 2, 0, 0, 1, 0, 0, 0, 0, 1, 1, 0, 2, 0, 0],827.8041757615523,56653.93928547584,98497.7158642183,true
6,G3_TWC,G1_CMAX,[31, 22, 82, 15, 26, 9, 95, 42, 77, 12, 47, 5, 93, 78, 86, 54, 85, 63, 18, 44, 20, 35, 43, 97, 91, 76, 10, 30, 21, 45, 71, 64, 1, 23, 17, 83, 24, 14, 60, 36, 6, 57, 40, 88, 65, 56, 79, 94, 67, 68, 46, 75, 38, 58, 19, 32, 81, 41, 27, 62, 87, 90, 99, 59, 11, 16, 72, 73, 70, 39, 37, 84, 3, 92, 25, 55, 28, 29, 51, 7, 66, 61, 98, 48, 89, 50, 8, 96, 80, 53, 33, 4, 34, 2, 52, 49, 0, 69, 74, 13]|[1, 1, 0, 1, 1, 0, 1, 2, 2, 1, 2, 2, 2, 1, 1, 0, 0, 1, 0, 2, 2, 0, 1, 2, 0, 1, 2, 2, 0, 0, 1, 2, 1, 2, 1, 0, 2, 0, 1, 1, 0, 1, 1, 1, 0, 2, 1, 1, 0, 0, 0, 0, 1, 1, 2, 1, 2, 0, 0, 0, 2, 1, 0, 1, 2, 1, 2, 1, 1, 1, 1, 1, 1, 0, 1, 1, 0, 0, 0, 1, 2, 1, 0, 0, 1, 0, 1, 0, 0, 0, 0, 0, 2, 0, 2, 0, 0, 1, 2, 0]|[4, 3, 2, 2, 4, 1, 2, 2, 2, 4, 1, 1, 2, 4, 4, 1, 2, 4, 2, 1, 1, 1, 1, 2, 1, 2, 1, 1, 1, 1, 3, 2, 3, 0, 4, 0, 1, 1, 0, 3, 2, 2, 2, 0, 1, 1, 0, 4, 0, 1, 2, 2, 1, 0, 0, 3, 2, 1, 1, 2, 2, 3, 1, 1, 1, 3, 0, 4, 3, 1, 4, 1, 1, 0, 4, 4, 2, 1, 1, 1, 1, 3, 1, 1, 1, 1, 3, 1, 1, 2, 2, 2, 1, 2, 1, 1, 2, 4, 1, 2]|[0, 2, 1, 1, 3, 0, 1, 0, 0, 0, 0, 0, 1, 0, 1, 0, 0, 3, 1, 0, 0, 0, 3, 1, 0, 2, 0, 0, 0, 1, 0, 0, 0, 0, 3, 0, 1, 0, 0, 2, 1, 1, 1, 0, 0, 0, 0, 2, 1, 0, 0, 0, 1, 3, 0, 0, 1, 0, 0, 1, 0, 2, 0, 1, 0, 2, 1, 0, 0, 1, 1, 3, 1, 1, 3, 3, 1, 0, 0, 2, 0, 0, 0, 0, 1, 0, 2, 0, 0, 1, 1, 1, 0, 0, 0, 1, 0, 2, 0, 0],852.660327686474,57776.461083972375,94810.85406852722,true
6,G1_CMAX,G1_CMAX,[31, 22, 82, 15, 26, 9, 95, 42, 77, 12, 47, 5, 93, 78, 86, 54, 85, 63, 18, 44, 20, 35, 43, 97, 91, 76, 10, 30, 21, 45, 71, 64, 1, 23, 17, 83, 24, 41, 60, 36, 6, 57, 40, 88, 65, 56, 79, 69, 67, 68, 46, 75, 38, 58, 19, 32, 81, 48, 27, 62, 87, 90, 99, 59, 11, 16, 72, 73, 70, 39, 37, 84, 3, 92, 25, 55, 28, 29, 51, 7, 66, 61, 98, 14, 89, 50, 8, 96, 80, 53, 33, 4, 34, 2, 52, 49, 0, 94, 74, 13]|[1, 1, 0, 1, 1, 0, 1, 2, 2, 1, 2, 2, 2, 1, 1, 0, 0, 1, 0, 2, 2, 0, 1, 2, 0, 1, 2, 2, 0, 0, 1, 2, 1, 2, 1, 0, 2, 0, 1, 1, 0, 1, 1, 1, 0, 2, 1, 2, 0, 0, 0, 0, 1, 1, 2, 1, 2, 1, 0, 0, 2, 1, 0, 1, 2, 1, 2, 1, 1, 1, 1, 1, 1, 0, 1, 1, 0, 0, 0, 1, 2, 1, 0, 1, 1, 0, 1, 0, 0, 0, 2, 1, 2, 0, 2, 0, 0, 1, 2, 0]|[4, 3, 2, 2, 4, 1, 2, 2, 2, 4, 1, 1, 2, 4, 4, 1, 2, 4, 2, 1, 1, 1, 1, 2, 1, 2, 1, 1, 1, 1, 3, 2, 3, 0, 4, 0, 1, 1, 0, 3, 2, 2, 2, 0, 1, 1, 0, 2, 0, 1, 2, 2, 1, 0, 0, 3, 2, 4, 1, 2, 2, 3, 1, 1, 1, 3, 0, 4, 3, 1, 4, 1, 1, 0, 4, 4, 2, 1, 1, 1, 0, 3, 1, 3, 1, 1, 3, 1, 1, 2, 1, 4, 1, 2, 1, 1, 2, 4, 1, 2]|[0, 2, 1, 1, 3, 0, 1, 0, 0, 0, 0, 0, 1, 0, 1, 0, 0, 3, 1, 0, 0, 0, 3, 1, 0, 2, 0, 0, 0, 1, 0, 0, 0, 0, 3, 0, 1, 0, 0, 2, 1, 1, 1, 0, 0, 0, 0, 0, 1, 0, 0, 0, 1, 3, 0, 0, 1, 2, 0, 1, 0, 2, 0, 1, 0, 2, 1, 0, 0, 1, 1, 3, 1, 1, 3, 3, 1, 0, 0, 2, 0, 0, 0, 2, 1, 0, 2, 0, 0, 1, 0, 0, 0, 0, 0, 1, 0, 2, 0, 0],773.9272013780011,56918.691559862695,100343.50375567138,false
6,G4_BALANCED,G4_BALANCED,[31, 22, 82, 15, 26, 9, 95, 42, 44, 12, 47, 5, 93, 78, 86, 96, 85, 63, 18, 77, 20, 35, 43, 97, 91, 76, 10, 30, 21, 45, 71, 64, 72, 23, 17, 83, 24, 41, 60, 36, 6, 57, 40, 88, 65, 56, 79, 69, 67, 68, 46, 75, 38, 58, 19, 32, 81, 48, 27, 62, 87, 90, 99, 59, 11, 16, 1, 73, 70, 39, 37, 84, 3, 92, 25, 55, 28, 51, 29, 7, 66, 61, 98, 14, 89, 50, 8, 54, 53, 80, 34, 4, 33, 2, 52, 49, 0, 94, 74, 13]|[1, 1, 0, 1, 1, 0, 1, 2, 2, 1, 2, 2, 2, 1, 1, 0, 0, 1, 0, 2, 2, 0, 1, 2, 0, 1, 2, 2, 0, 0, 1, 2, 1, 0, 1, 0, 2, 1, 1, 1, 0, 1, 1, 1, 0, 2, 1, 2, 0, 0, 0, 0, 1, 1, 2, 1, 2, 1, 0, 0, 2, 1, 0, 1, 2, 1, 2, 1, 1, 1, 1, 1, 1, 0, 1, 1, 0, 0, 0, 1, 2, 1, 0, 0, 1, 0, 1, 0, 0, 0, 2, 1, 0, 0, 1, 0, 0, 1, 2, 0]|[4, 3, 2, 2, 4, 1, 2, 2, 2, 4, 1, 1, 2, 4, 4, 1, 2, 4, 2, 1, 1, 1, 1, 2, 1, 2, 1, 1, 1, 1, 3, 2, 3, 0, 4, 0, 1, 4, 0, 3, 2, 2, 2, 0, 1, 1, 0, 2, 0, 1, 2, 2, 1, 0, 0, 3, 2, 4, 1, 2, 2, 3, 1, 1, 1, 3, 0, 4, 3, 1, 4, 1, 1, 0, 4, 4, 2, 1, 1, 1, 1, 3, 2, 1, 1, 1, 3, 1, 2, 1, 1, 4, 2, 2, 1, 1, 2, 4, 1, 2]|[0, 2, 1, 1, 3, 0, 1, 0, 0, 0, 0, 0, 1, 0, 1, 0, 0, 3, 1, 0, 0, 0, 3, 1, 0, 2, 0, 0, 0, 1, 0, 0, 0, 0, 3, 0, 1, 3, 0, 2, 1, 1, 1, 0, 0, 0, 0, 0, 1, 0, 0, 0, 1, 3, 0, 0, 1, 2, 0, 1, 0, 2, 0, 1, 0, 2, 1, 0, 0, 1, 1, 3, 1, 1, 3, 3, 1, 0, 0, 2, 0, 0, 0, 0, 1, 0, 2, 0, 1, 0, 0, 0, 1, 0, 1, 1, 0, 2, 0, 0],823.9229597318791,57008.90614597257,97452.02102579537,false
6,G2_TEC,G2_TEC,[31, 22, 82, 15, 26, 9, 95, 42, 77, 4, 47, 5, 93, 78, 86, 54, 85, 63, 18, 44, 20, 49, 36, 14, 74, 50, 53, 17, 21, 45, 71, 64, 3, 23, 30, 83, 24, 41, 60, 52, 65, 27, 90, 70, 39, 87, 48, 69, 99, 68, 46, 1, 38, 58, 97, 59, 28, 8, 73, 37, 35, 79, 11, 66, 76, 57, 40, 80, 96, 6, 16, 61, 33, 98, 32, 34, 51, 67, 10, 7, 56, 43, 29, 19, 91, 13, 62, 92, 0, 81, 2, 55, 88, 84, 75, 25, 12, 94, 89, 72]|[2, 1, 2, 1, 1, 2, 1, 1, 1, 1, 1, 0, 2, 2, 1, 2, 0, 0, 0, 2, 2, 1, 0, 2, 0, 2, 2, 1, 0, 1, 1, 1, 0, 0, 1, 0, 2, 1, 2, 2, 0, 1, 1, 1, 0, 2, 0, 2, 1, 0, 0, 2, 2, 0, 2, 0, 2, 1, 0, 0, 2, 1, 0, 2, 2, 0, 2, 2, 0, 1, 2, 1, 1, 0, 0, 1, 1, 1, 1, 2, 2, 1, 1, 1, 1, 0, 0, 0, 0, 1, 2, 0, 1, 0, 0, 1, 1, 1, 1, 1]|[0, 3, 0, 2, 4, 1, 4, 4, 2, 4, 3, 2, 1, 0, 2, 1, 1, 1, 2, 1, 2, 3, 0, 1, 0, 1, 1, 4, 1, 4, 3, 2, 2, 0, 4, 1, 1, 4, 0, 1, 2, 2, 4, 4, 1, 1, 0, 2, 3, 1, 2, 1, 2, 1, 1, 2, 0, 3, 0, 2, 2, 3, 1, 0, 1, 0, 0, 1, 2, 4, 1, 3, 4, 1, 2, 4, 3, 3, 3, 1, 0, 4, 3, 4, 3, 2, 2, 2, 2, 1, 1, 2, 4, 2, 2, 4, 3, 4, 4, 4]|[0, 2, 0, 1, 3, 0, 1, 3, 0, 0, 2, 0, 1, 0, 1, 0, 0, 0, 1, 0, 0, 2, 0, 0, 1, 0, 0, 3, 0, 1, 0, 2, 0, 0, 3, 0, 1, 3, 1, 0, 0, 1, 1, 3, 0, 0, 1, 0, 2, 0, 0, 0, 0, 0, 1, 0, 0, 0, 1, 1, 0, 2, 0, 0, 0, 1, 0, 0, 0, 2, 0, 0, 1, 0, 0, 2, 0, 0, 3, 0, 0, 2, 0, 3, 0, 0, 1, 0, 0, 1, 0, 0, 2, 1, 0, 3, 0, 2, 1, 2],894.5174754386885,53069.88264179214,120490.8728779781,false
6,G3_TWC,G1_CMAX,[31, 22, 82, 15, 26, 9, 95, 42, 77, 12, 47, 5, 93, 78, 86, 54, 85, 63, 18, 44, 20, 35, 43, 97, 91, 76, 10, 30, 21, 45, 71, 64, 1, 23, 17, 83, 24, 14, 60, 36, 6, 57, 40, 88, 65, 56, 79, 94, 67, 68, 46, 75, 38, 58, 19, 32, 81, 41, 27, 62, 87, 90, 99, 59, 11, 16, 72, 73, 70, 39, 37, 84, 3, 92, 25, 55, 28, 29, 51, 7, 66, 61, 98, 48, 89, 50, 8, 96, 80, 53, 33, 4, 34, 2, 52, 49, 0, 69, 74, 13]|[1, 1, 0, 1, 1, 0, 1, 2, 2, 1, 2, 2, 2, 1, 1, 0, 0, 1, 0, 2, 2, 0, 1, 2, 0, 1, 2, 2, 0, 0, 1, 2, 1, 2, 1, 0, 2, 0, 1, 1, 0, 1, 1, 1, 0, 2, 1, 1, 0, 0, 0, 0, 1, 1, 2, 1, 2, 0, 0, 0, 2, 1, 0, 1, 2, 1, 2, 1, 1, 1, 1, 1, 1, 0, 1, 1, 0, 0, 0, 1, 2, 1, 0, 0, 1, 0, 1, 0, 0, 0, 0, 0, 2, 0, 2, 0, 0, 1, 2, 0]|[4, 3, 2, 2, 4, 1, 2, 2, 2, 4, 1, 1, 2, 4, 4, 1, 2, 4, 2, 1, 1, 1, 1, 2, 1, 2, 1, 1, 1, 1, 3, 2, 3, 0, 4, 0, 1, 1, 0, 3, 2, 2, 2, 0, 1, 1, 0, 4, 0, 1, 2, 2, 1, 0, 0, 3, 2, 1, 1, 2, 2, 3, 1, 1, 1, 3, 0, 4, 3, 1, 4, 1, 1, 0, 4, 4, 2, 1, 1, 1, 1, 3, 1, 1, 1, 1, 3, 1, 1, 2, 2, 2, 1, 2, 1, 1, 2, 4, 1, 2]|[0, 2, 1, 1, 3, 0, 1, 0, 0, 0, 0, 0, 1, 0, 1, 0, 0, 3, 1, 0, 0, 0, 3, 1, 0, 2, 0, 0, 0, 1, 0, 0, 0, 0, 3, 0, 1, 0, 0, 2, 1, 1, 1, 0, 0, 0, 0, 2, 1, 0, 0, 0, 1, 3, 0, 0, 1, 0, 0, 1, 0, 2, 0, 1, 0, 2, 1, 0, 0, 1, 1, 3, 1, 1, 3, 3, 1, 0, 0, 2, 0, 0, 0, 0, 1, 0, 2, 0, 0, 1, 1, 1, 0, 0, 0, 1, 0, 2, 0, 0],852.660327686474,57776.461083972375,94810.85406852722,true
6,G1_CMAX,G1_CMAX,[31, 22, 82, 15, 26, 9, 95, 42, 77, 12, 47, 5, 93, 78, 86, 54, 85, 63, 18, 44, 20, 35, 43, 97, 91, 76, 10, 30, 21, 45, 71, 64, 1, 23, 17, 83, 24, 41, 60, 36, 6, 57, 40, 88, 65, 56, 79, 69, 67, 68, 46, 75, 38, 58, 19, 32, 81, 48, 27, 62, 87, 90, 99, 59, 11, 16, 72, 73, 70, 39, 37, 84, 3, 92, 25, 55, 28, 29, 51, 7, 66, 61, 98, 14, 89, 50, 8, 96, 80, 53, 33, 4, 34, 2, 52, 49, 0, 94, 74, 13]|[1, 1, 0, 1, 1, 0, 1, 2, 2, 1, 2, 2, 2, 1, 1, 0, 0, 1, 0, 2, 2, 0, 1, 2, 0, 1, 2, 2, 0, 0, 1, 2, 1, 2, 1, 0, 2, 0, 1, 1, 0, 1, 1, 1, 0, 2, 1, 2, 0, 0, 0, 0, 1, 1, 2, 1, 2, 1, 0, 0, 2, 1, 0, 1, 2, 1, 2, 1, 1, 1, 1, 1, 1, 0, 1, 1, 0, 0, 0, 1, 2, 1, 0, 1, 1, 0, 1, 0, 0, 0, 2, 1, 2, 0, 2, 0, 0, 1, 2, 0]|[4, 3, 2, 2, 4, 1, 2, 2, 2, 4, 1, 1, 2, 4, 4, 1, 2, 4, 2, 1, 1, 1, 1, 2, 1, 2, 1, 1, 1, 1, 3, 2, 3, 0, 4, 0, 1, 1, 0, 3, 2, 2, 2, 0, 1, 1, 0, 2, 0, 1, 2, 2, 1, 0, 0, 3, 2, 4, 1, 2, 2, 3, 1, 1, 1, 3, 0, 4, 3, 1, 4, 1, 1, 0, 4, 4, 2, 1, 1, 1, 0, 3, 1, 3, 1, 1, 3, 1, 1, 2, 1, 4, 1, 2, 1, 1, 2, 4, 1, 2]|[0, 2, 1, 1, 3, 0, 1, 0, 0, 0, 0, 0, 1, 0, 1, 0, 0, 3, 1, 0, 0, 0, 3, 1, 0, 2, 0, 0, 0, 1, 0, 0, 0, 0, 3, 0, 1, 0, 0, 2, 1, 1, 1, 0, 0, 0, 0, 0, 1, 0, 0, 0, 1, 3, 0, 0, 1, 2, 0, 1, 0, 2, 0, 1, 0, 2, 1, 0, 0, 1, 1, 3, 1, 1, 3, 3, 1, 0, 0, 2, 0, 0, 0, 2, 1, 0, 2, 0, 0, 1, 0, 0, 0, 0, 0, 1, 0, 2, 0, 0],773.9272013780011,56918.691559862695,100343.50375567138,false
6,G4_BALANCED,G3_TWC,[31, 22, 82, 15, 26, 9, 95, 42, 77, 12, 47, 5, 93, 78, 86, 96, 85, 63, 18, 44, 20, 35, 43, 97, 91, 76, 10, 30, 21, 45, 71, 64, 72, 23, 17, 83, 24, 40, 60, 36, 6, 57, 14, 88, 65, 56, 79, 69, 67, 68, 46, 75, 38, 58, 19, 32, 81, 48, 27, 62, 87, 90, 99, 59, 11, 16, 1, 73, 70, 39, 37, 84, 3, 92, 25, 55, 28, 29, 51, 7, 33, 61, 98, 41, 89, 50, 8, 54, 80, 53, 66, 4, 34, 2, 52, 49, 0, 94, 74, 13]|[1, 1, 0, 1, 1, 0, 1, 2, 2, 1, 2, 2, 2, 1, 1, 0, 0, 1, 0, 2, 2, 0, 2, 2, 0, 1, 2, 2, 0, 0, 1, 2, 1, 0, 1, 0, 2, 1, 1, 1, 0, 1, 1, 1, 0, 2, 1, 2, 0, 0, 0, 0, 1, 1, 2, 1, 2, 1, 2, 0, 0, 1, 0, 1, 2, 1, 2, 1, 1, 1, 1, 1, 1, 0, 1, 1, 0, 0, 0, 1, 0, 1, 0, 0, 1, 0, 1, 0, 0, 0, 2, 1, 2, 0, 1, 0, 0, 1, 2, 0]|[4, 3, 2, 2, 4, 1, 2, 2, 2, 4, 1, 1, 2, 4, 4, 1, 2, 4, 2, 1, 1, 1, 2, 2, 1, 2, 1, 1, 1, 1, 3, 2, 3, 0, 4, 0, 1, 2, 0, 3, 2, 2, 2, 0, 1, 1, 0, 2, 0, 1, 2, 2, 1, 0, 0, 3, 2, 4, 2, 2, 1, 3, 1, 1, 1, 3, 0, 4, 3, 1, 4, 1, 1, 0, 4, 4, 2, 1, 1, 1, 2, 3, 1, 1, 1, 1, 3, 1, 1, 2, 0, 4, 1, 2, 1, 1, 2, 4, 1, 2]|[0, 2, 1, 1, 3, 0, 1, 0, 0, 0, 0, 0, 1, 0, 1, 0, 0, 3, 1, 0, 0, 0, 0, 1, 0, 2, 0, 0, 0, 1, 0, 0, 0, 0, 3, 0, 1, 1, 0, 2, 1, 1, 1, 0, 0, 0, 0, 0, 1, 0, 0, 0, 1, 3, 0, 0, 1, 2, 0, 1, 0, 2, 0, 1, 0, 2, 1, 0, 0, 1, 1, 3, 1, 1, 3, 3, 1, 0, 0, 2, 1, 0, 0, 0, 1, 0, 2, 0, 0, 1, 0, 0, 0, 0, 1, 1, 0, 2, 0, 0],827.8041757615523,56653.93928547584,98497.7158642183,true
6,G2_TEC,G2_TEC,[31, 22, 82, 15, 26, 9, 95, 42, 77, 4, 47, 5, 93, 78, 86, 54, 85, 63, 18, 44, 20, 49, 36, 14, 74, 50, 53, 17, 21, 45, 71, 64, 3, 23, 30, 83, 24, 41, 60, 52, 65, 27, 90, 70, 39, 87, 48, 69, 99, 68, 46, 1, 38, 58, 97, 59, 28, 8, 73, 37, 35, 79, 11, 66, 76, 57, 40, 80, 96, 6, 16, 61, 33, 98, 32, 34, 51, 67, 10, 7, 56, 43, 29, 19, 91, 13, 62, 92, 0, 81, 2, 55, 88, 84, 75, 25, 12, 94, 89, 72]|[2, 1, 2, 1, 1, 2, 1, 1, 1, 1, 1, 0, 2, 2, 1, 2, 0, 0, 0, 2, 2, 1, 0, 2, 0, 2, 2, 1, 0, 1, 1, 1, 0, 0, 1, 0, 2, 1, 2, 2, 0, 1, 1, 1, 0, 2, 0, 2, 1, 0, 0, 2, 2, 0, 2, 0, 2, 1, 0, 0, 2, 1, 0, 2, 2, 0, 2, 2, 0, 1, 2, 1, 1, 0, 0, 1, 1, 1, 1, 2, 2, 1, 1, 1, 1, 0, 0, 0, 0, 1, 2, 0, 1, 0, 0, 1, 1, 1, 1, 1]|[0, 3, 0, 2, 4, 1, 4, 4, 2, 4, 3, 2, 1, 0, 2, 1, 1, 1, 2, 1, 2, 3, 0, 1, 0, 1, 1, 4, 1, 4, 3, 2, 2, 0, 4, 1, 1, 4, 0, 1, 2, 2, 4, 4, 1, 1, 0, 2, 3, 1, 2, 1, 2, 1, 1, 2, 0, 3, 0, 2, 2, 3, 1, 0, 1, 0, 0, 1, 2, 4, 1, 3, 4, 1, 2, 4, 3, 3, 3, 1, 0, 4, 3, 4, 3, 2, 2, 2, 2, 1, 1, 2, 4, 2, 2, 4, 3, 4, 4, 4]|[0, 2, 0, 1, 3, 0, 1, 3, 0, 0, 2, 0, 1, 0, 1, 0, 0, 0, 1, 0, 0, 2, 0, 0, 1, 0, 0, 3, 0, 1, 0, 2, 0, 0, 3, 0, 1, 3, 1, 0, 0, 1, 1, 3, 0, 0, 1, 0, 2, 0, 0, 0, 0, 0, 1, 0, 0, 0, 1, 1, 0, 2, 0, 0, 0, 1, 0, 0, 0, 2, 0, 0, 1, 0, 0, 2, 0, 0, 3, 0, 0, 2, 0, 3, 0, 0, 1, 0, 0, 1, 0, 0, 2, 1, 0, 3, 0, 2, 1, 2],894.5174754386885,53069.88264179214,120490.8728779781,false
6,G3_TWC,G1_CMAX,[31, 22, 82, 15, 26, 9, 95, 42, 77, 12, 47, 5, 93, 78, 86, 54, 85, 63, 18, 44, 20, 35, 43, 97, 91, 76, 10, 30, 21, 45, 71, 64, 1, 23, 17, 83, 24, 14, 60, 36, 6, 57, 40, 88, 65, 56, 79, 94, 67, 68, 46, 75, 38, 58, 19, 32, 81, 41, 27, 62, 87, 90, 99, 59, 11, 16, 72, 73, 70, 39, 37, 84, 3, 92, 25, 55, 28, 29, 51, 7, 66, 61, 98, 48, 89, 50, 8, 96, 80, 53, 33, 4, 34, 2, 52, 49, 0, 69, 74, 13]|[1, 1, 0, 1, 1, 0, 1, 2, 2, 1, 2, 2, 2, 1, 1, 0, 0, 1, 0, 2, 2, 0, 1, 2, 0, 1, 2, 2, 0, 0, 1, 2, 1, 2, 1, 0, 2, 0, 1, 1, 0, 1, 1, 1, 0, 2, 1, 1, 0, 0, 0, 0, 1, 1, 2, 1, 2, 0, 0, 0, 2, 1, 0, 1, 2, 1, 2, 1, 1, 1, 1, 1, 1, 0, 1, 1, 0, 0, 0, 1, 2, 1, 0, 0, 1, 0, 1, 0, 0, 0, 0, 0, 2, 0, 2, 0, 0, 1, 2, 0]|[4, 3, 2, 2, 4, 1, 2, 2, 2, 4, 1, 1, 2, 4, 4, 1, 2, 4, 2, 1, 1, 1, 1, 2, 1, 2, 1, 1, 1, 1, 3, 2, 3, 0, 4, 0, 1, 1, 0, 3, 2, 2, 2, 0, 1, 1, 0, 4, 0, 1, 2, 2, 1, 0, 0, 3, 2, 1, 1, 2, 2, 3, 1, 1, 1, 3, 0, 4, 3, 1, 4, 1, 1, 0, 4, 4, 2, 1, 1, 1, 1, 3, 1, 1, 1, 1, 3, 1, 1, 2, 2, 2, 1, 2, 1, 1, 2, 4, 1, 2]|[0, 2, 1, 1, 3, 0, 1, 0, 0, 0, 0, 0, 1, 0, 1, 0, 0, 3, 1, 0, 0, 0, 3, 1, 0, 2, 0, 0, 0, 1, 0, 0, 0, 0, 3, 0, 1, 0, 0, 2, 1, 1, 1, 0, 0, 0, 0, 2, 1, 0, 0, 0, 1, 3, 0, 0, 1, 0, 0, 1, 0, 2, 0, 1, 0, 2, 1, 0, 0, 1, 1, 3, 1, 1, 3, 3, 1, 0, 0, 2, 0, 0, 0, 0, 1, 0, 2, 0, 0, 1, 1, 1, 0, 0, 0, 1, 0, 2, 0, 0],852.660327686474,57776.461083972375,94810.85406852722,true
6,G1_CMAX,G3_TWC,[31, 22, 82, 15, 73, 9, 95, 42, 77, 12, 47, 98, 93, 78, 86, 54, 85, 63, 18, 44, 20, 35, 43, 97, 37, 76, 10, 30, 21, 45, 61, 64, 1, 23, 17, 83, 24, 41, 60, 36, 6, 57, 40, 88, 65, 56, 79, 69, 67, 68, 46, 75, 38, 58, 19, 32, 81, 48, 27, 62, 87, 90, 99, 59, 11, 16, 72, 26, 70, 89, 91, 84, 3, 92, 25, 55, 28, 29, 5, 7, 66, 71, 51, 14, 39, 50, 8, 96, 80, 53, 33, 4, 34, 2, 52, 49, 0, 94, 74, 13]|[1, 1, 0, 1, 1, 0, 1, 2, 2, 1, 2, 2, 2, 1, 1, 0, 0, 1, 0, 2, 2, 0, 1, 2, 0, 1, 2, 2, 0, 0, 1, 2, 2, 0, 1, 0, 2, 1, 1, 1, 0, 1, 1, 1, 0, 2, 1, 2, 0, 0, 0, 0, 1, 1, 2, 1, 2, 1, 0, 0, 2, 1, 0, 1, 2, 1, 2, 1, 1, 1, 0, 1, 1, 0, 1, 1, 1, 1, 2, 1, 2, 2, 0, 0, 1, 0, 1, 0, 0, 0, 0, 1, 2, 0, 2, 0, 0, 1, 2, 0]|[4, 3, 2, 2, 4, 1, 2, 2, 2, 4, 0, 1, 2, 4, 4, 1, 2, 0, 2, 1, 1, 1, 1, 2, 1, 2, 1, 1, 1, 1, 3, 2, 0, 0, 4, 0, 1, 4, 0, 3, 2, 2, 2, 0, 1, 1, 0, 2, 0, 1, 2, 2, 1, 0, 0, 3, 2, 4, 1, 2, 2, 3, 1, 1, 1, 3, 0, 4, 3, 1, 1, 1, 1, 0, 4, 4, 4, 3, 1, 1, 1, 1, 1, 1, 1, 1, 3, 1, 1, 2, 2, 4, 1, 2, 1, 1, 2, 4, 1, 2]|[0, 2, 1, 1, 3, 0, 1, 0, 0, 0, 0, 0, 1, 0, 1, 0, 0, 3, 1, 0, 0, 0, 3, 1, 0, 2, 0, 0, 0, 1, 0, 0, 1, 0, 3, 0, 1, 3, 0, 2, 1, 1, 1, 0, 0, 0, 0, 0, 1, 0, 0, 0, 1, 3, 0, 0, 1, 2, 0, 1, 0, 2, 0, 1, 0, 2, 1, 0, 0, 1, 0, 3, 1, 1, 3, 3, 1, 0, 0, 2, 0, 0, 0, 0, 1, 0, 2, 0, 0, 1, 1, 0, 0, 0, 0, 1, 0, 2, 0, 0],766.7259190789708,57427.64905628385,101413.31150897546,true
6,G4_BALANCED,G2_TEC,[31, 22, 82, 15, 26, 9, 95, 42, 77, 4, 47, 5, 93, 78, 86, 54, 85, 63, 18, 44, 20, 49, 36, 14, 74, 50, 53, 17, 21, 45, 71, 64, 3, 23, 30, 83, 24, 41, 60, 52, 65, 27, 90, 70, 39, 87, 48, 69, 99, 68, 46, 1, 38, 58, 97, 59, 28, 8, 73, 37, 35, 79, 11, 66, 76, 57, 40, 80, 92, 6, 16, 61, 33, 98, 55, 34, 51, 67, 10, 7, 89, 43, 94, 19, 91, 13, 29, 96, 62, 81, 84, 72, 88, 32, 75, 25, 12, 0, 56, 2]|[2, 1, 2, 1, 1, 2, 1, 1, 1, 1, 1, 0, 2, 2, 1, 2, 0, 0, 0, 2, 2, 1, 0, 2, 0, 2, 2, 1, 0, 1, 1, 1, 0, 0, 1, 0, 2, 1, 2, 2, 0, 1, 1, 1, 0, 2, 0, 2, 1, 0, 0, 2, 2, 0, 2, 0, 2, 1, 0, 0, 2, 1, 0, 2, 2, 0, 2, 1, 0, 1, 1, 1, 1, 0, 0, 1, 1, 0, 1, 2, 1, 1, 1, 2, 1, 0, 1, 0, 0, 1, 0, 1, 1, 0, 0, 1, 1, 0, 2, 2]|[0, 3, 0, 2, 4, 1, 4, 4, 2, 4, 3, 2, 1, 0, 2, 1, 1, 1, 2, 1, 2, 3, 0, 1, 0, 1, 1, 4, 1, 4, 3, 2, 2, 0, 4, 1, 1, 4, 0, 1, 2, 2, 4, 4, 1, 1, 0, 2, 3, 1, 2, 1, 2, 1, 1, 2, 0, 3, 0, 2, 2, 3, 1, 0, 1, 0, 0, 0, 0, 4, 0, 3, 4, 1, 2, 4, 3, 1, 3, 1, 4, 4, 4, 0, 3, 2, 3, 2, 2, 1, 2, 4, 4, 2, 2, 4, 3, 2, 0, 1]|[0, 2, 0, 1, 3, 0, 1, 3, 0, 0, 2, 0, 1, 0, 1, 0, 0, 0, 1, 0, 0, 2, 0, 0, 1, 0, 0, 3, 0, 1, 0, 2, 0, 0, 3, 0, 1, 3, 1, 0, 0, 1, 1, 3, 0, 0, 1, 0, 2, 0, 0, 0, 0, 0, 1, 0, 0, 0, 1, 1, 0, 2, 0, 0, 0, 1, 0, 1, 1, 2, 1, 0, 1, 0, 0, 2, 0, 0, 3, 0, 1, 2, 2, 0, 0, 0, 0, 0, 1, 1, 1, 2, 1, 0, 0, 3, 0, 0, 0, 0],865.0715789166196,53977.38504636204,118223.24788996225,true
6,G2_TEC,G2_TEC,[31, 22, 82, 15, 26, 9, 95, 42, 77, 4, 47, 5, 93, 78, 86, 54, 85, 63, 18, 44, 20, 49, 36, 14, 74, 50, 53, 17, 21, 45, 71, 64, 3, 23, 30, 83, 24, 41, 60, 52, 65, 27, 90, 70, 39, 87, 48, 69, 99, 68, 46, 1, 38, 58, 97, 59, 28, 8, 73, 37, 35, 79, 11, 66, 76, 57, 40, 80, 96, 6, 16, 61, 33, 98, 32, 34, 51, 67, 10, 7, 56, 43, 29, 19, 91, 13, 62, 92, 0, 81, 2, 55, 88, 84, 75, 25, 12, 94, 89, 72]|[2, 1, 2, 1, 1, 2, 1, 1, 1, 1, 1, 0, 2, 2, 1, 2, 0, 0, 0, 2, 2, 1, 0, 2, 0, 2, 2, 1, 0, 1, 1, 1, 0, 0, 1, 0, 2, 1, 2, 2, 0, 1, 1, 1, 0, 2, 0, 2, 1, 0, 0, 2, 2, 0, 2, 0, 2, 1, 0, 0, 2, 1, 0, 2, 2, 0, 2, 2, 0, 1, 2, 1, 1, 0, 0, 1, 1, 1, 1, 2, 2, 1, 1, 1, 1, 0, 0, 0, 0, 1, 2, 0, 1, 0, 0, 1, 1, 1, 1, 1]|[0, 3, 0, 2, 4, 1, 4, 4, 2, 4, 3, 2, 1, 0, 2, 1, 1, 1, 2, 1, 2, 3, 0, 1, 0, 1, 1, 4, 1, 4, 3, 2, 2, 0, 4, 1, 1, 4, 0, 1, 2, 2, 4, 4, 1, 1, 0, 2, 3, 1, 2, 1, 2, 1, 1, 2, 0, 3, 0, 2, 2, 3, 1, 0, 1, 0, 0, 1, 2, 4, 1, 3, 4, 1, 2, 4, 3, 3, 3, 1, 0, 4, 3, 4, 3, 2, 2, 2, 2, 1, 1, 2, 4, 2, 2, 4, 3, 4, 4, 4]|[0, 2, 0, 1, 3, 0, 1, 3, 0, 0, 2, 0, 1, 0, 1, 0, 0, 0, 1, 0, 0, 2, 0, 0, 1, 0, 0, 3, 0, 1, 0, 2, 0, 0, 3, 0, 1, 3, 1, 0, 0, 1, 1, 3, 0, 0, 1, 0, 2, 0, 0, 0, 0, 0, 1, 0, 0, 0, 1, 1, 0, 2, 0, 0, 0, 1, 0, 0, 0, 2, 0, 0, 1, 0, 0, 2, 0, 0, 3, 0, 0, 2, 0, 3, 0, 0, 1, 0, 0, 1, 0, 0, 2, 1, 0, 3, 0, 2, 1, 2],894.5174754386885,53069.88264179214,120490.8728779781,false
6,G3_TWC,G1_CMAX,[31, 22, 82, 15, 26, 9, 95, 42, 77, 12, 47, 5, 93, 78, 86, 54, 85, 63, 18, 44, 20, 35, 43, 97, 91, 76, 10, 30, 21, 45, 71, 64, 1, 23, 17, 83, 24, 14, 60, 36, 6, 57, 40, 88, 65, 56, 79, 94, 67, 68, 46, 75, 38, 58, 19, 32, 81, 41, 27, 62, 87, 90, 99, 59, 11, 16, 72, 73, 70, 39, 37, 84, 3, 92, 25, 55, 28, 29, 51, 7, 66, 61, 98, 48, 89, 50, 8, 96, 80, 53, 33, 4, 34, 2, 52, 49, 0, 69, 74, 13]|[1, 1, 0, 1, 1, 0, 1, 2, 2, 1, 2, 2, 2, 1, 1, 0, 0, 1, 0, 2, 2, 0, 1, 2, 0, 1, 2, 2, 0, 0, 1, 2, 1, 2, 1, 0, 2, 0, 1, 1, 0, 1, 1, 1, 0, 2, 1, 1, 0, 0, 0, 0, 1, 1, 2, 1, 2, 0, 0, 0, 2, 1, 0, 1, 2, 1, 2, 1, 1, 1, 1, 1, 1, 0, 1, 1, 0, 0, 0, 1, 2, 1, 0, 0, 1, 0, 1, 0, 0, 0, 0, 0, 2, 0, 2, 0, 0, 1, 2, 0]|[4, 3, 2, 2, 4, 1, 2, 2, 2, 4, 1, 1, 2, 4, 4, 1, 2, 4, 2, 1, 1, 1, 1, 2, 1, 2, 1, 1, 1, 1, 3, 2, 3, 0, 4, 0, 1, 1, 0, 3, 2, 2, 2, 0, 1, 1, 0, 4, 0, 1, 2, 2, 1, 0, 0, 3, 2, 1, 1, 2, 2, 3, 1, 1, 1, 3, 0, 4, 3, 1, 4, 1, 1, 0, 4, 4, 2, 1, 1, 1, 1, 3, 1, 1, 1, 1, 3, 1, 1, 2, 2, 2, 1, 2, 1, 1, 2, 4, 1, 2]|[0, 2, 1, 1, 3, 0, 1, 0, 0, 0, 0, 0, 1, 0, 1, 0, 0, 3, 1, 0, 0, 0, 3, 1, 0, 2, 0, 0, 0, 1, 0, 0, 0, 0, 3, 0, 1, 0, 0, 2, 1, 1, 1, 0, 0, 0, 0, 2, 1, 0, 0, 0, 1, 3, 0, 0, 1, 0, 0, 1, 0, 2, 0, 1, 0, 2, 1, 0, 0, 1, 1, 3, 1, 1, 3, 3, 1, 0, 0, 2, 0, 0, 0, 0, 1, 0, 2, 0, 0, 1, 1, 1, 0, 0, 0, 1, 0, 2, 0, 0],852.660327686474,57776.461083972375,94810.85406852722,true
6,G1_CMAX,G3_TWC,[31, 22, 82, 15, 73, 9, 95, 42, 77, 12, 47, 98, 93, 78, 86, 54, 85, 63, 18, 44, 20, 35, 43, 97, 37, 76, 10, 30, 21, 45, 61, 64, 1, 23, 17, 83, 24, 41, 60, 36, 6, 57, 40, 88, 65, 56, 79, 69, 67, 68, 46, 75, 38, 58, 19, 32, 81, 48, 27, 62, 87, 90, 99, 59, 11, 16, 72, 26, 70, 89, 91, 84, 3, 92, 25, 55, 28, 29, 5, 7, 66, 71, 51, 14, 39, 50, 8, 96, 80, 53, 33, 4, 34, 2, 52, 49, 0, 94, 74, 13]|[1, 1, 0, 1, 1, 0, 1, 2, 2, 1, 2, 2, 2, 1, 1, 0, 0, 1, 0, 2, 2, 0, 1, 2, 0, 1, 2, 2, 0, 0, 1, 2, 2, 0, 1, 0, 2, 1, 1, 1, 0, 1, 1, 1, 0, 2, 1, 2, 0, 0, 0, 0, 1, 1, 2, 1, 2, 1, 0, 0, 2, 1, 0, 1, 2, 1, 2, 1, 1, 1, 0, 1, 1, 0, 1, 1, 1, 1, 2, 1, 2, 2, 0, 0, 1, 0, 1, 0, 0, 0, 0, 1, 2, 0, 2, 0, 0, 1, 2, 0]|[4, 3, 2, 2, 4, 1, 2, 2, 2, 4, 0, 1, 2, 4, 4, 1, 2, 0, 2, 1, 1, 1, 1, 2, 1, 2, 1, 1, 1, 1, 3, 2, 0, 0, 4, 0, 1, 4, 0, 3, 2, 2, 2, 0, 1, 1, 0, 2, 0, 1, 2, 2, 1, 0, 0, 3, 2, 4, 1, 2, 2, 3, 1, 1, 1, 3, 0, 4, 3, 1, 1, 1, 1, 0, 4, 4, 4, 3, 1, 1, 1, 1, 1, 1, 1, 1, 3, 1, 1, 2, 2, 4, 1, 2, 1, 1, 2, 4, 1, 2]|[0, 2, 1, 1, 3, 0, 1, 0, 0, 0, 0, 0, 1, 0, 1, 0, 0, 3, 1, 0, 0, 0, 3, 1, 0, 2, 0, 0, 0, 1, 0, 0, 1, 0, 3, 0, 1, 3, 0, 2, 1, 1, 1, 0, 0, 0, 0, 0, 1, 0, 0, 0, 1, 3, 0, 0, 1, 2, 0, 1, 0, 2, 0, 1, 0, 2, 1, 0, 0, 1, 0, 3, 1, 1, 3, 3, 1, 0, 0, 2, 0, 0, 0, 0, 1, 0, 2, 0, 0, 1, 1, 0, 0, 0, 0, 1, 0, 2, 0, 0],766.7259190789708,57427.64905628385,101413.31150897546,true
6,G4_BALANCED,G2_TEC,[31, 22, 82, 15, 26, 9, 95, 42, 77, 4, 47, 5, 93, 78, 86, 54, 85, 63, 18, 44, 20, 49, 36, 14, 74, 50, 53, 17, 21, 45, 71, 64, 3, 23, 30, 83, 24, 41, 60, 52, 65, 27, 90, 70, 39, 87, 48, 69, 99, 68, 46, 1, 38, 58, 97, 59, 28, 8, 73, 37, 35, 79, 11, 66, 76, 57, 40, 80, 92, 6, 16, 61, 33, 98, 55, 34, 51, 67, 10, 7, 89, 43, 94, 19, 91, 13, 29, 96, 62, 81, 84, 72, 88, 32, 75, 25, 12, 0, 56, 2]|[2, 1, 2, 1, 1, 2, 1, 1, 1, 1, 1, 0, 2, 2, 1, 2, 0, 0, 0, 2, 2, 1, 0, 2, 0, 2, 2, 1, 0, 1, 1, 1, 0, 0, 1, 0, 2, 1, 2, 2, 0, 1, 1, 1, 0, 2, 0, 2, 1, 0, 0, 2, 2, 0, 2, 0, 2, 1, 0, 0, 2, 1, 0, 2, 2, 0, 2, 1, 0, 1, 1, 1, 1, 0, 0, 1, 1, 0, 1, 2, 1, 1, 1, 2, 1, 0, 1, 0, 0, 1, 0, 1, 1, 0, 0, 1, 1, 0, 2, 2]|[0, 3, 0, 2, 4, 1, 4, 4, 2, 4, 3, 2, 1, 0, 2, 1, 1, 1, 2, 1, 2, 3, 0, 1, 0, 1, 1, 4, 1, 4, 3, 2, 2, 0, 4, 1, 1, 4, 0, 1, 2, 2, 4, 4, 1, 1, 0, 2, 3, 1, 2, 1, 2, 1, 1, 2, 0, 3, 0, 2, 2, 3, 1, 0, 1, 0, 0, 0, 0, 4, 0, 3, 4, 1, 2, 4, 3, 1, 3, 1, 4, 4, 4, 0, 3, 2, 3, 2, 2, 1, 2, 4, 4, 2, 2, 4, 3, 2, 0, 1]|[0, 2, 0, 1, 3, 0, 1, 3, 0, 0, 2, 0, 1, 0, 1, 0, 0, 0, 1, 0, 0, 2, 0, 0, 1, 0, 0, 3, 0, 1, 0, 2, 0, 0, 3, 0, 1, 3, 1, 0, 0, 1, 1, 3, 0, 0, 1, 0, 2, 0, 0, 0, 0, 0, 1, 0, 0, 0, 1, 1, 0, 2, 0, 0, 0, 1, 0, 1, 1, 2, 1, 0, 1, 0, 0, 2, 0, 0, 3, 0, 1, 2, 2, 0, 0, 0, 0, 0, 1, 1, 1, 2, 1, 0, 0, 3, 0, 0, 0, 0],865.0715789166196,53977.38504636204,118223.24788996225,true
6,G2_TEC,G2_TEC,[31, 22, 82, 15, 26, 9, 95, 42, 77, 4, 47, 5, 93, 78, 86, 54, 85, 63, 18, 44, 20, 49, 36, 14, 74, 50, 53, 17, 21, 45, 71, 64, 3, 23, 30, 83, 24, 41, 60, 52, 65, 27, 90, 70, 39, 87, 48, 69, 99, 68, 46, 1, 38, 58, 97, 59, 28, 8, 73, 37, 35, 79, 11, 66, 76, 57, 40, 80, 96, 6, 16, 61, 33, 98, 32, 34, 51, 67, 10, 7, 56, 43, 29, 19, 91, 13, 62, 92, 0, 81, 2, 55, 88, 84, 75, 25, 12, 94, 89, 72]|[2, 1, 2, 1, 1, 2, 1, 1, 1, 1, 1, 0, 2, 2, 1, 2, 0, 0, 0, 2, 2, 1, 0, 2, 0, 2, 2, 1, 0, 1, 1, 1, 0, 0, 1, 0, 2, 1, 2, 2, 0, 1, 1, 1, 0, 2, 0, 2, 1, 0, 0, 2, 2, 0, 2, 0, 2, 1, 0, 0, 2, 1, 0, 2, 2, 0, 2, 2, 0, 1, 2, 1, 1, 0, 0, 1, 1, 1, 1, 2, 2, 1, 1, 1, 1, 0, 0, 0, 0, 1, 2, 0, 1, 0, 0, 1, 1, 1, 1, 1]|[0, 3, 0, 2, 4, 1, 4, 4, 2, 4, 3, 2, 1, 0, 2, 1, 1, 1, 2, 1, 2, 3, 0, 1, 0, 1, 1, 4, 1, 4, 3, 2, 2, 0, 4, 1, 1, 4, 0, 1, 2, 2, 4, 4, 1, 1, 0, 2, 3, 1, 2, 1, 2, 1, 1, 2, 0, 3, 0, 2, 2, 3, 1, 0, 1, 0, 0, 1, 2, 4, 1, 3, 4, 1, 2, 4, 3, 3, 3, 1, 0, 4, 3, 4, 3, 2, 2, 2, 2, 1, 1, 2, 4, 2, 2, 4, 3, 4, 4, 4]|[0, 2, 0, 1, 3, 0, 1, 3, 0, 0, 2, 0, 1, 0, 1, 0, 0, 0, 1, 0, 0, 2, 0, 0, 1, 0, 0, 3, 0, 1, 0, 2, 0, 0, 3, 0, 1, 3, 1, 0, 0, 1, 1, 3, 0, 0, 1, 0, 2, 0, 0, 0, 0, 0, 1, 0, 0, 0, 1, 1, 0, 2, 0, 0, 0, 1, 0, 0, 0, 2, 0, 0, 1, 0, 0, 2, 0, 0, 3, 0, 0, 2, 0, 3, 0, 0, 1, 0, 0, 1, 0, 0, 2, 1, 0, 3, 0, 2, 1, 2],894.5174754386885,53069.88264179214,120490.8728779781,false
6,G3_TWC,G1_CMAX,[31, 22, 82, 15, 26, 9, 95, 42, 77, 12, 47, 5, 93, 78, 86, 54, 85, 63, 18, 44, 20, 35, 43, 97, 91, 76, 10, 30, 21, 45, 71, 64, 1, 23, 17, 83, 24, 14, 60, 36, 6, 57, 40, 88, 65, 56, 79, 94, 67, 68, 46, 75, 38, 58, 19, 32, 81, 41, 27, 62, 87, 90, 99, 59, 11, 16, 72, 73, 70, 39, 37, 84, 3, 92, 25, 55, 28, 29, 51, 7, 66, 61, 98, 48, 89, 50, 8, 96, 80, 53, 33, 4, 34, 2, 52, 49, 0, 69, 74, 13]|[1, 1, 0, 1, 1, 0, 1, 2, 2, 1, 2, 2, 2, 1, 1, 0, 0, 1, 0, 2, 2, 0, 1, 2, 0, 1, 2, 2, 0, 0, 1, 2, 1, 2, 1, 0, 2, 0, 1, 1, 0, 1, 1, 1, 0, 2, 1, 1, 0, 0, 0, 0, 1, 1, 2, 1, 2, 0, 0, 0, 2, 1, 0, 1, 2, 1, 2, 1, 1, 1, 1, 1, 1, 0, 1, 1, 0, 0, 0, 1, 2, 1, 0, 0, 1, 0, 1, 0, 0, 0, 0, 0, 2, 0, 2, 0, 0, 1, 2, 0]|[4, 3, 2, 2, 4, 1, 2, 2, 2, 4, 1, 1, 2, 4, 4, 1, 2, 4, 2, 1, 1, 1, 1, 2, 1, 2, 1, 1, 1, 1, 3, 2, 3, 0, 4, 0, 1, 1, 0, 3, 2, 2, 2, 0, 1, 1, 0, 4, 0, 1, 2, 2, 1, 0, 0, 3, 2, 1, 1, 2, 2, 3, 1, 1, 1, 3, 0, 4, 3, 1, 4, 1, 1, 0, 4, 4, 2, 1, 1, 1, 1, 3, 1, 1, 1, 1, 3, 1, 1, 2, 2, 2, 1, 2, 1, 1, 2, 4, 1, 2]|[0, 2, 1, 1, 3, 0, 1, 0, 0, 0, 0, 0, 1, 0, 1, 0, 0, 3, 1, 0, 0, 0, 3, 1, 0, 2, 0, 0, 0, 1, 0, 0, 0, 0, 3, 0, 1, 0, 0, 2, 1, 1, 1, 0, 0, 0, 0, 2, 1, 0, 0, 0, 1, 3, 0, 0, 1, 0, 0, 1, 0, 2, 0, 1, 0, 2, 1, 0, 0, 1, 1, 3, 1, 1, 3, 3, 1, 0, 0, 2, 0, 0, 0, 0, 1, 0, 2, 0, 0, 1, 1, 1, 0, 0, 0, 1, 0, 2, 0, 0],852.660327686474,57776.461083972375,94810.85406852722,true
6,G1_CMAX,G3_TWC,[31, 22, 82, 15, 73, 9, 95, 42, 77, 12, 47, 98, 93, 78, 86, 54, 85, 63, 18, 44, 20, 35, 43, 97, 37, 76, 10, 30, 21, 45, 61, 64, 1, 23, 17, 83, 24, 41, 60, 36, 6, 57, 40, 88, 65, 56, 79, 69, 67, 68, 46, 75, 38, 58, 19, 32, 81, 48, 27, 62, 87, 90, 99, 59, 11, 16, 72, 26, 70, 89, 91, 84, 3, 92, 25, 55, 28, 29, 5, 7, 66, 71, 51, 14, 39, 50, 8, 96, 80, 53, 33, 4, 34, 2, 52, 49, 0, 94, 74, 13]|[1, 1, 0, 1, 1, 0, 1, 2, 2, 1, 2, 2, 2, 1, 1, 0, 0, 1, 0, 2, 2, 0, 1, 2, 0, 1, 2, 2, 0, 0, 1, 2, 2, 0, 1, 0, 2, 1, 1, 1, 0, 1, 1, 1, 0, 2, 1, 2, 0, 0, 0, 0, 1, 1, 2, 1, 2, 1, 0, 0, 2, 1, 0, 1, 2, 1, 2, 1, 1, 1, 0, 1, 1, 0, 1, 1, 1, 1, 2, 1, 2, 2, 0, 0, 1, 0, 1, 0, 0, 0, 0, 1, 2, 0, 2, 0, 0, 1, 2, 0]|[4, 3, 2, 2, 4, 1, 2, 2, 2, 4, 0, 1, 2, 4, 4, 1, 2, 0, 2, 1, 1, 1, 1, 2, 1, 2, 1, 1, 1, 1, 3, 2, 0, 0, 4, 0, 1, 4, 0, 3, 2, 2, 2, 0, 1, 1, 0, 2, 0, 1, 2, 2, 1, 0, 0, 3, 2, 4, 1, 2, 2, 3, 1, 1, 1, 3, 0, 4, 3, 1, 1, 1, 1, 0, 4, 4, 4, 3, 1, 1, 1, 1, 1, 1, 1, 1, 3, 1, 1, 2, 2, 4, 1, 2, 1, 1, 2, 4, 1, 2]|[0, 2, 1, 1, 3, 0, 1, 0, 0, 0, 0, 0, 1, 0, 1, 0, 0, 3, 1, 0, 0, 0, 3, 1, 0, 2, 0, 0, 0, 1, 0, 0, 1, 0, 3, 0, 1, 3, 0, 2, 1, 1, 1, 0, 0, 0, 0, 0, 1, 0, 0, 0, 1, 3, 0, 0, 1, 2, 0, 1, 0, 2, 0, 1, 0, 2, 1, 0, 0, 1, 0, 3, 1, 1, 3, 3, 1, 0, 0, 2, 0, 0, 0, 0, 1, 0, 2, 0, 0, 1, 1, 0, 0, 0, 0, 1, 0, 2, 0, 0],766.7259190789708,57427.64905628385,101413.31150897546,true
6,G4_BALANCED,G2_TEC,[31, 22, 82, 15, 26, 9, 95, 42, 77, 4, 47, 5, 93, 78, 86, 54, 85, 63, 18, 44, 20, 49, 36, 14, 74, 50, 53, 17, 21, 45, 71, 64, 3, 23, 30, 83, 24, 41, 60, 52, 65, 27, 90, 70, 39, 87, 48, 69, 99, 68, 46, 1, 38, 58, 97, 59, 28, 8, 73, 37, 35, 79, 11, 66, 76, 57, 40, 80, 92, 6, 16, 61, 33, 98, 55, 34, 51, 67, 10, 7, 89, 43, 94, 19, 91, 13, 29, 96, 62, 81, 84, 72, 88, 32, 75, 25, 12, 0, 56, 2]|[2, 1, 2, 1, 1, 2, 1, 1, 1, 1, 1, 0, 2, 2, 1, 2, 0, 0, 0, 2, 2, 1, 0, 2, 0, 2, 2, 1, 0, 1, 1, 1, 0, 0, 1, 0, 2, 1, 2, 2, 0, 1, 1, 1, 0, 2, 0, 2, 1, 0, 0, 2, 2, 0, 2, 0, 2, 1, 0, 0, 2, 1, 0, 2, 2, 0, 2, 1, 0, 1, 1, 1, 1, 0, 0, 1, 1, 0, 1, 2, 1, 1, 1, 2, 1, 0, 1, 0, 0, 1, 0, 1, 1, 0, 0, 1, 1, 0, 2, 2]|[0, 3, 0, 2, 4, 1, 4, 4, 2, 4, 3, 2, 1, 0, 2, 1, 1, 1, 2, 1, 2, 3, 0, 1, 0, 1, 1, 4, 1, 4, 3, 2, 2, 0, 4, 1, 1, 4, 0, 1, 2, 2, 4, 4, 1, 1, 0, 2, 3, 1, 2, 1, 2, 1, 1, 2, 0, 3, 0, 2, 2, 3, 1, 0, 1, 0, 0, 0, 0, 4, 0, 3, 4, 1, 2, 4, 3, 1, 3, 1, 4, 4, 4, 0, 3, 2, 3, 2, 2, 1, 2, 4, 4, 2, 2, 4, 3, 2, 0, 1]|[0, 2, 0, 1, 3, 0, 1, 3, 0, 0, 2, 0, 1, 0, 1, 0, 0, 0, 1, 0, 0, 2, 0, 0, 1, 0, 0, 3, 0, 1, 0, 2, 0, 0, 3, 0, 1, 3, 1, 0, 0, 1, 1, 3, 0, 0, 1, 0, 2, 0, 0, 0, 0, 0, 1, 0, 0, 0, 1, 1, 0, 2, 0, 0, 0, 1, 0, 1, 1, 2, 1, 0, 1, 0, 0, 2, 0, 0, 3, 0, 1, 2, 2, 0, 0, 0, 0, 0, 1, 1, 1, 2, 1, 0, 0, 3, 0, 0, 0, 0],865.0715789166196,53977.38504636204,118223.24788996225,true
6,G2_TEC,G2_TEC,[31, 22, 82, 15, 26, 9, 95, 42, 77, 4, 47, 5, 93, 78, 86, 54, 85, 63, 18, 44, 20, 49, 36, 14, 74, 50, 53, 17, 21, 45, 71, 64, 3, 23, 30, 83, 24, 41, 60, 52, 65, 27, 90, 70, 39, 87, 48, 69, 99, 68, 46, 1, 38, 58, 97, 59, 28, 8, 73, 37, 35, 79, 11, 66, 76, 57, 40, 80, 96, 6, 16, 61, 33, 98, 32, 34, 51, 67, 10, 7, 56, 43, 29, 19, 91, 13, 62, 92, 0, 81, 2, 55, 88, 84, 75, 25, 12, 94, 89, 72]|[2, 1, 2, 1, 1, 2, 1, 1, 1, 1, 1, 0, 2, 2, 1, 2, 0, 0, 0, 2, 2, 1, 0, 2, 0, 2, 2, 1, 0, 1, 1, 1, 0, 0, 1, 0, 2, 1, 2, 2, 0, 1, 1, 1, 0, 2, 0, 2, 1, 0, 0, 2, 2, 0, 2, 0, 2, 1, 0, 0, 2, 1, 0, 2, 2, 0, 2, 2, 0, 1, 2, 1, 1, 0, 0, 1, 1, 1, 1, 2, 2, 1, 1, 1, 1, 0, 0, 0, 0, 1, 2, 0, 1, 0, 0, 1, 1, 1, 1, 1]|[0, 3, 0, 2, 4, 1, 4, 4, 2, 4, 3, 2, 1, 0, 2, 1, 1, 1, 2, 1, 2, 3, 0, 1, 0, 1, 1, 4, 1, 4, 3, 2, 2, 0, 4, 1, 1, 4, 0, 1, 2, 2, 4, 4, 1, 1, 0, 2, 3, 1, 2, 1, 2, 1, 1, 2, 0, 3, 0, 2, 2, 3, 1, 0, 1, 0, 0, 1, 2, 4, 1, 3, 4, 1, 2, 4, 3, 3, 3, 1, 0, 4, 3, 4, 3, 2, 2, 2, 2, 1, 1, 2, 4, 2, 2, 4, 3, 4, 4, 4]|[0, 2, 0, 1, 3, 0, 1, 3, 0, 0, 2, 0, 1, 0, 1, 0, 0, 0, 1, 0, 0, 2, 0, 0, 1, 0, 0, 3, 0, 1, 0, 2, 0, 0, 3, 0, 1, 3, 1, 0, 0, 1, 1, 3, 0, 0, 1, 0, 2, 0, 0, 0, 0, 0, 1, 0, 0, 0, 1, 1, 0, 2, 0, 0, 0, 1, 0, 0, 0, 2, 0, 0, 1, 0, 0, 2, 0, 0, 3, 0, 0, 2, 0, 3, 0, 0, 1, 0, 0, 1, 0, 0, 2, 1, 0, 3, 0, 2, 1, 2],894.5174754386885,53069.88264179214,120490.8728779781,false
6,G3_TWC,G1_CMAX,[31, 22, 82, 15, 26, 9, 95, 42, 77, 12, 47, 5, 93, 78, 86, 54, 85, 63, 18, 44, 20, 35, 43, 97, 91, 76, 10, 30, 21, 45, 71, 64, 1, 23, 17, 83, 24, 14, 60, 36, 6, 57, 40, 88, 65, 56, 79, 94, 67, 68, 46, 75, 38, 58, 19, 32, 81, 41, 27, 62, 87, 90, 99, 59, 11, 16, 72, 73, 70, 39, 37, 84, 3, 92, 25, 55, 28, 29, 51, 7, 66, 61, 98, 48, 89, 50, 8, 96, 80, 53, 33, 4, 34, 2, 52, 49, 0, 69, 74, 13]|[1, 1, 0, 1, 1, 0, 1, 2, 2, 1, 2, 2, 2, 1, 1, 0, 0, 1, 0, 2, 2, 0, 1, 2, 0, 1, 2, 2, 0, 0, 1, 2, 1, 2, 1, 0, 2, 0, 1, 1, 0, 1, 1, 1, 0, 2, 1, 1, 0, 0, 0, 0, 1, 1, 2, 1, 2, 0, 0, 0, 2, 1, 0, 1, 2, 1, 2, 1, 1, 1, 1, 1, 1, 0, 1, 1, 0, 0, 0, 1, 2, 1, 0, 0, 1, 0, 1, 0, 0, 0, 0, 0, 2, 0, 2, 0, 0, 1, 2, 0]|[4, 3, 2, 2, 4, 1, 2, 2, 2, 4, 1, 1, 2, 4, 4, 1, 2, 4, 2, 1, 1, 1, 1, 2, 1, 2, 1, 1, 1, 1, 3, 2, 3, 0, 4, 0, 1, 1, 0, 3, 2, 2, 2, 0, 1, 1, 0, 4, 0, 1, 2, 2, 1, 0, 0, 3, 2, 1, 1, 2, 2, 3, 1, 1, 1, 3, 0, 4, 3, 1, 4, 1, 1, 0, 4, 4, 2, 1, 1, 1, 1, 3, 1, 1, 1, 1, 3, 1, 1, 2, 2, 2, 1, 2, 1, 1, 2, 4, 1, 2]|[0, 2, 1, 1, 3, 0, 1, 0, 0, 0, 0, 0, 1, 0, 1, 0, 0, 3, 1, 0, 0, 0, 3, 1, 0, 2, 0, 0, 0, 1, 0, 0, 0, 0, 3, 0, 1, 0, 0, 2, 1, 1, 1, 0, 0, 0, 0, 2, 1, 0, 0, 0, 1, 3, 0, 0, 1, 0, 0, 1, 0, 2, 0, 1, 0, 2, 1, 0, 0, 1, 1, 3, 1, 1, 3, 3, 1, 0, 0, 2, 0, 0, 0, 0, 1, 0, 2, 0, 0, 1, 1, 1, 0, 0, 0, 1, 0, 2, 0, 0],852.660327686474,57776.461083972375,94810.85406852722,true
6,G1_CMAX,G3_TWC,[31, 22, 82, 15, 73, 9, 95, 42, 77, 12, 47, 98, 93, 78, 86, 54, 85, 63, 18, 44, 20, 35, 43, 97, 37, 76, 10, 30, 21, 45, 61, 64, 1, 23, 17, 83, 24, 41, 60, 36, 6, 57, 40, 88, 65, 56, 79, 69, 67, 68, 46, 75, 38, 58, 19, 32, 81, 48, 27, 62, 87, 90, 99, 59, 11, 16, 72, 26, 70, 89, 91, 84, 3, 92, 25, 55, 28, 29, 5, 7, 66, 71, 51, 14, 39, 50, 8, 96, 80, 53, 33, 4, 34, 2, 52, 49, 0, 94, 74, 13]|[1, 1, 0, 1, 1, 0, 1, 2, 2, 1, 2, 2, 2, 1, 1, 0, 0, 1, 0, 2, 2, 0, 1, 2, 0, 1, 2, 2, 0, 0, 1, 2, 2, 0, 1, 0, 2, 1, 1, 1, 0, 1, 1, 1, 0, 2, 1, 2, 0, 0, 0, 0, 1, 1, 2, 1, 2, 1, 0, 0, 2, 1, 0, 1, 2, 1, 2, 1, 1, 1, 0, 1, 1, 0, 1, 1, 1, 1, 2, 1, 2, 2, 0, 0, 1, 0, 1, 0, 0, 0, 0, 1, 2, 0, 2, 0, 0, 1, 2, 0]|[4, 3, 2, 2, 4, 1, 2, 2, 2, 4, 0, 1, 2, 4, 4, 1, 2, 0, 2, 1, 1, 1, 1, 2, 1, 2, 1, 1, 1, 1, 3, 2, 0, 0, 4, 0, 1, 4, 0, 3, 2, 2, 2, 0, 1, 1, 0, 2, 0, 1, 2, 2, 1, 0, 0, 3, 2, 4, 1, 2, 2, 3, 1, 1, 1, 3, 0, 4, 3, 1, 1, 1, 1, 0, 4, 4, 4, 3, 1, 1, 1, 1, 1, 1, 1, 1, 3, 1, 1, 2, 2, 4, 1, 2, 1, 1, 2, 4, 1, 2]|[0, 2, 1, 1, 3, 0, 1, 0, 0, 0, 0, 0, 1, 0, 1, 0, 0, 3, 1, 0, 0, 0, 3, 1, 0, 2, 0, 0, 0, 1, 0, 0, 1, 0, 3, 0, 1, 3, 0, 2, 1, 1, 1, 0, 0, 0, 0, 0, 1, 0, 0, 0, 1, 3, 0, 0, 1, 2, 0, 1, 0, 2, 0, 1, 0, 2, 1, 0, 0, 1, 0, 3, 1, 1, 3, 3, 1, 0, 0, 2, 0, 0, 0, 0, 1, 0, 2, 0, 0, 1, 1, 0, 0, 0, 0, 1, 0, 2, 0, 0],766.7259190789708,57427.64905628385,101413.31150897546,true
6,G4_BALANCED,G2_TEC,[31, 22, 82, 15, 26, 9, 95, 42, 77, 4, 47, 5, 93, 78, 86, 54, 85, 63, 18, 44, 20, 49, 36, 14, 74, 50, 53, 17, 21, 45, 71, 64, 3, 23, 30, 83, 24, 41, 60, 52, 65, 27, 90, 70, 39, 87, 48, 69, 99, 68, 46, 1, 38, 58, 97, 59, 28, 8, 73, 37, 35, 79, 11, 66, 76, 57, 40, 80, 92, 6, 16, 61, 33, 98, 55, 34, 51, 67, 10, 7, 89, 43, 94, 19, 91, 13, 29, 96, 62, 81, 84, 72, 88, 32, 75, 25, 12, 0, 56, 2]|[2, 1, 2, 1, 1, 2, 1, 1, 1, 1, 1, 0, 2, 2, 1, 2, 0, 0, 0, 2, 2, 1, 0, 2, 0, 2, 2, 1, 0, 1, 1, 1, 0, 0, 1, 0, 2, 1, 2, 2, 0, 1, 1, 1, 0, 2, 0, 2, 1, 0, 0, 2, 2, 0, 2, 0, 2, 1, 0, 0, 2, 1, 0, 2, 2, 0, 2, 1, 0, 1, 1, 1, 1, 0, 0, 1, 1, 0, 1, 2, 1, 1, 1, 2, 1, 0, 1, 0, 0, 1, 0, 1, 1, 0, 0, 1, 1, 0, 2, 2]|[0, 3, 0, 2, 4, 1, 4, 4, 2, 4, 3, 2, 1, 0, 2, 1, 1, 1, 2, 1, 2, 3, 0, 1, 0, 1, 1, 4, 1, 4, 3, 2, 2, 0, 4, 1, 1, 4, 0, 1, 2, 2, 4, 4, 1, 1, 0, 2, 3, 1, 2, 1, 2, 1, 1, 2, 0, 3, 0, 2, 2, 3, 1, 0, 1, 0, 0, 0, 0, 4, 0, 3, 4, 1, 2, 4, 3, 1, 3, 1, 4, 4, 4, 0, 3, 2, 3, 2, 2, 1, 2, 4, 4, 2, 2, 4, 3, 2, 0, 1]|[0, 2, 0, 1, 3, 0, 1, 3, 0, 0, 2, 0, 1, 0, 1, 0, 0, 0, 1, 0, 0, 2, 0, 0, 1, 0, 0, 3, 0, 1, 0, 2, 0, 0, 3, 0, 1, 3, 1, 0, 0, 1, 1, 3, 0, 0, 1, 0, 2, 0, 0, 0, 0, 0, 1, 0, 0, 0, 1, 1, 0, 2, 0, 0, 0, 1, 0, 1, 1, 2, 1, 0, 1, 0, 0, 2, 0, 0, 3, 0, 1, 2, 2, 0, 0, 0, 0, 0, 1, 1, 1, 2, 1, 0, 0, 3, 0, 0, 0, 0],865.0715789166196,53977.38504636204,118223.24788996225,true
6,G2_TEC,G2_TEC,[31, 22, 82, 15, 26, 9, 95, 42, 77, 4, 47, 5, 93, 78, 86, 54, 85, 63, 18, 44, 20, 49, 36, 14, 74, 50, 53, 17, 21, 45, 71, 64, 3, 23, 30, 83, 24, 41, 60, 52, 65, 27, 90, 70, 39, 87, 48, 69, 99, 68, 46, 1, 38, 58, 97, 59, 28, 8, 73, 37, 35, 79, 11, 66, 76, 57, 40, 80, 96, 6, 16, 61, 33, 98, 32, 34, 51, 67, 10, 7, 56, 43, 29, 19, 91, 13, 62, 92, 0, 81, 2, 55, 88, 84, 75, 25, 12, 94, 89, 72]|[2, 1, 2, 1, 1, 2, 1, 1, 1, 1, 1, 0, 2, 2, 1, 2, 0, 0, 0, 2, 2, 1, 0, 2, 0, 2, 2, 1, 0, 1, 1, 1, 0, 0, 1, 0, 2, 1, 2, 2, 0, 1, 1, 1, 0, 2, 0, 2, 1, 0, 0, 2, 2, 0, 2, 0, 2, 1, 0, 0, 2, 1, 0, 2, 2, 0, 2, 2, 0, 1, 2, 1, 1, 0, 0, 1, 1, 1, 1, 2, 2, 1, 1, 1, 1, 0, 0, 0, 0, 1, 2, 0, 1, 0, 0, 1, 1, 1, 1, 1]|[0, 3, 0, 2, 4, 1, 4, 4, 2, 4, 3, 2, 1, 0, 2, 1, 1, 1, 2, 1, 2, 3, 0, 1, 0, 1, 1, 4, 1, 4, 3, 2, 2, 0, 4, 1, 1, 4, 0, 1, 2, 2, 4, 4, 1, 1, 0, 2, 3, 1, 2, 1, 2, 1, 1, 2, 0, 3, 0, 2, 2, 3, 1, 0, 1, 0, 0, 1, 2, 4, 1, 3, 4, 1, 2, 4, 3, 3, 3, 1, 0, 4, 3, 4, 3, 2, 2, 2, 2, 1, 1, 2, 4, 2, 2, 4, 3, 4, 4, 4]|[0, 2, 0, 1, 3, 0, 1, 3, 0, 0, 2, 0, 1, 0, 1, 0, 0, 0, 1, 0, 0, 2, 0, 0, 1, 0, 0, 3, 0, 1, 0, 2, 0, 0, 3, 0, 1, 3, 1, 0, 0, 1, 1, 3, 0, 0, 1, 0, 2, 0, 0, 0, 0, 0, 1, 0, 0, 0, 1, 1, 0, 2, 0, 0, 0, 1, 0, 0, 0, 2, 0, 0, 1, 0, 0, 2, 0, 0, 3, 0, 0, 2, 0, 3, 0, 0, 1, 0, 0, 1, 0, 0, 2, 1, 0, 3, 0, 2, 1, 2],894.5174754386885,53069.88264179214,120490.8728779781,false
6,G3_TWC,G1_CMAX,[31, 22, 82, 15, 26, 9, 95, 42, 77, 12, 47, 5, 93, 78, 86, 54, 85, 63, 18, 44, 20, 35, 43, 97, 91, 76, 10, 30, 21, 45, 71, 64, 1, 23, 17, 83, 24, 14, 60, 36, 6, 57, 40, 88, 65, 56, 79, 94, 67, 68, 46, 75, 38, 58, 19, 32, 81, 41, 27, 62, 87, 90, 99, 59, 11, 16, 72, 73, 70, 39, 37, 84, 3, 92, 25, 55, 28, 29, 51, 7, 66, 61, 98, 48, 89, 50, 8, 96, 80, 53, 33, 4, 34, 2, 52, 49, 0, 69, 74, 13]|[1, 1, 0, 1, 1, 0, 1, 2, 2, 1, 2, 2, 2, 1, 1, 0, 0, 1, 0, 2, 2, 0, 1, 2, 0, 1, 2, 2, 0, 0, 1, 2, 1, 2, 1, 0, 2, 0, 1, 1, 0, 1, 1, 1, 0, 2, 1, 1, 0, 0, 0, 0, 1, 1, 2, 1, 2, 0, 0, 0, 2, 1, 0, 1, 2, 1, 2, 1, 1, 1, 1, 1, 1, 0, 1, 1, 0, 0, 0, 1, 2, 1, 0, 0, 1, 0, 1, 0, 0, 0, 0, 0, 2, 0, 2, 0, 0, 1, 2, 0]|[4, 3, 2, 2, 4, 1, 2, 2, 2, 4, 1, 1, 2, 4, 4, 1, 2, 4, 2, 1, 1, 1, 1, 2, 1, 2, 1, 1, 1, 1, 3, 2, 3, 0, 4, 0, 1, 1, 0, 3, 2, 2, 2, 0, 1, 1, 0, 4, 0, 1, 2, 2, 1, 0, 0, 3, 2, 1, 1, 2, 2, 3, 1, 1, 1, 3, 0, 4, 3, 1, 4, 1, 1, 0, 4, 4, 2, 1, 1, 1, 1, 3, 1, 1, 1, 1, 3, 1, 1, 2, 2, 2, 1, 2, 1, 1, 2, 4, 1, 2]|[0, 2, 1, 1, 3, 0, 1, 0, 0, 0, 0, 0, 1, 0, 1, 0, 0, 3, 1, 0, 0, 0, 3, 1, 0, 2, 0, 0, 0, 1, 0, 0, 0, 0, 3, 0, 1, 0, 0, 2, 1, 1, 1, 0, 0, 0, 0, 2, 1, 0, 0, 0, 1, 3, 0, 0, 1, 0, 0, 1, 0, 2, 0, 1, 0, 2, 1, 0, 0, 1, 1, 3, 1, 1, 3, 3, 1, 0, 0, 2, 0, 0, 0, 0, 1, 0, 2, 0, 0, 1, 1, 1, 0, 0, 0, 1, 0, 2, 0, 0],852.660327686474,57776.461083972375,94810.85406852722,true
6,G1_CMAX,G3_TWC,[31, 22, 82, 15, 26, 9, 95, 93, 77, 12, 47, 5, 42, 78, 86, 54, 85, 63, 18, 44, 20, 35, 43, 97, 91, 76, 10, 30, 21, 45, 71, 64, 1, 23, 17, 83, 24, 14, 60, 36, 6, 57, 40, 88, 65, 56, 79, 94, 67, 68, 46, 75, 38, 58, 19, 32, 81, 41, 27, 62, 87, 90, 99, 59, 11, 16, 72, 73, 70, 39, 37, 84, 3, 92, 25, 55, 28, 29, 51, 7, 66, 61, 98, 48, 89, 50, 8, 96, 53, 80, 34, 4, 33, 2, 52, 49, 0, 69, 74, 13]|[1, 1, 0, 1, 1, 0, 1, 2, 2, 1, 2, 2, 2, 1, 1, 0, 0, 1, 0, 2, 2, 0, 1, 2, 0, 1, 2, 2, 0, 0, 1, 2, 1, 2, 1, 0, 2, 0, 1, 1, 0, 1, 1, 1, 0, 2, 1, 1, 0, 0, 0, 0, 1, 1, 2, 1, 2, 1, 0, 0, 2, 1, 0, 1, 2, 1, 2, 1, 1, 1, 1, 1, 1, 0, 1, 1, 0, 0, 0, 1, 2, 1, 0, 0, 1, 0, 1, 0, 0, 0, 2, 1, 0, 0, 2, 0, 0, 1, 2, 0]|[4, 3, 2, 2, 4, 1, 2, 2, 2, 4, 1, 1, 2, 4, 4, 1, 2, 4, 2, 1, 1, 1, 1, 2, 1, 2, 1, 1, 1, 1, 3, 2, 3, 0, 4, 0, 1, 1, 0, 3, 2, 2, 2, 0, 1, 1, 0, 4, 0, 1, 2, 2, 1, 0, 0, 3, 2, 4, 1, 2, 2, 3, 1, 1, 1, 3, 0, 4, 3, 1, 4, 1, 1, 0, 4, 4, 2, 1, 1, 1, 1, 3, 1, 1, 1, 1, 3, 1, 2, 1, 1, 4, 2, 2, 1, 1, 2, 4, 1, 2]|[0, 2, 1, 1, 3, 0, 1, 0, 0, 0, 0, 0, 1, 0, 1, 0, 0, 3, 1, 0, 0, 0, 3, 1, 0, 2, 0, 0, 0, 1, 0, 0, 0, 0, 3, 0, 1, 0, 0, 2, 1, 1, 1, 0, 0, 0, 0, 2, 1, 0, 0, 0, 1, 3, 0, 0, 1, 3, 0, 1, 0, 2, 0, 1, 0, 2, 1, 0, 0, 1, 1, 3, 1, 1, 3, 3, 1, 0, 0, 2, 0, 0, 0, 0, 1, 0, 2, 0, 1, 0, 0, 0, 1, 0, 0, 1, 0, 2, 0, 0],808.5603221874547,57405.403664391546,96113.51062661441,true
6,G4_BALANCED,G1_CMAX,[31, 22, 82, 15, 73, 9, 95, 42, 77, 12, 47, 5, 93, 78, 14, 54, 85, 63, 18, 44, 20, 35, 43, 97, 91, 76, 10, 30, 21, 45, 71, 64, 1, 23, 17, 83, 24, 86, 60, 36, 6, 57, 40, 88, 65, 56, 79, 69, 67, 68, 46, 75, 38, 58, 19, 32, 81, 48, 27, 62, 87, 90, 99, 59, 11, 16, 72, 26, 70, 39, 37, 84, 3, 92, 25, 55, 28, 29, 51, 7, 66, 61, 98, 41, 89, 50, 8, 96, 53, 80, 34, 4, 33, 2, 52, 49, 0, 94, 74, 13]|[1, 1, 0, 1, 1, 0, 1, 2, 2, 1, 2, 2, 2, 1, 1, 0, 0, 1, 0, 2, 2, 0, 1, 2, 0, 1, 2, 2, 0, 0, 1, 2, 1, 2, 1, 0, 2, 0, 1, 1, 0, 1, 1, 1, 0, 2, 1, 1, 0, 0, 0, 0, 1, 1, 2, 1, 2, 1, 0, 0, 2, 1, 0, 1, 2, 1, 2, 1, 1, 1, 1, 1, 1, 0, 1, 1, 0, 0, 0, 1, 2, 1, 2, 0, 1, 0, 1, 0, 0, 0, 2, 1, 0, 0, 2, 0, 0, 1, 2, 0]|[4, 3, 2, 2, 4, 1, 2, 2, 2, 4, 1, 1, 2, 4, 4, 1, 2, 4, 2, 1, 1, 1, 1, 2, 1, 2, 1, 1, 1, 1, 3, 2, 3, 0, 4, 0, 1, 1, 0, 3, 2, 2, 2, 0, 1, 1, 0, 4, 0, 1, 2, 2, 1, 0, 0, 3, 2, 4, 1, 2, 2, 3, 1, 1, 1, 3, 0, 4, 3, 1, 4, 1, 1, 0, 4, 4, 2, 1, 1, 1, 0, 3, 1, 1, 1, 1, 3, 1, 2, 1, 1, 4, 2, 2, 1, 1, 2, 4, 1, 2]|[0, 2, 1, 1, 3, 0, 1, 0, 0, 0, 0, 0, 1, 0, 1, 0, 0, 3, 1, 0, 0, 0, 3, 1, 0, 2, 0, 0, 0, 1, 0, 0, 0, 0, 3, 0, 1, 0, 0, 2, 1, 1, 1, 0, 0, 0, 0, 2, 1, 0, 0, 0, 1, 3, 0, 0, 1, 2, 0, 1, 0, 2, 0, 1, 0, 2, 1, 0, 0, 1, 1, 3, 1, 1, 3, 3, 1, 0, 0, 2, 0, 0, 0, 0, 1, 0, 2, 0, 1, 0, 0, 0, 1, 0, 0, 1, 0, 2, 0, 0],779.5210861794433,56873.131473289315,96179.07259529663,true
6,G2_TEC,G2_TEC,[31, 22, 82, 15, 26, 9, 95, 42, 77, 4, 47, 5, 93, 78, 86, 54, 85, 63, 18, 44, 20, 49, 36, 14, 74, 50, 53, 17, 21, 45, 71, 64, 3, 23, 30, 83, 24, 41, 60, 52, 65, 27, 90, 70, 39, 87, 48, 69, 99, 68, 46, 1, 38, 58, 97, 59, 28, 8, 73, 37, 35, 79, 11, 66, 76, 57, 40, 80, 96, 6, 16, 61, 33, 98, 32, 34, 51, 67, 10, 7, 56, 43, 29, 19, 91, 13, 62, 92, 0, 81, 2, 55, 88, 84, 75, 25, 12, 94, 89, 72]|[2, 1, 2, 1, 1, 2, 1, 1, 1, 1, 1, 0, 2, 2, 1, 2, 0, 0, 0, 2, 2, 1, 0, 2, 0, 2, 2, 1, 0, 1, 1, 1, 0, 0, 1, 0, 2, 1, 2, 2, 0, 1, 1, 1, 0, 2, 0, 2, 1, 0, 0, 2, 2, 0, 2, 0, 2, 1, 0, 0, 2, 1, 0, 2, 2, 0, 2, 2, 0, 1, 2, 1, 1, 0, 0, 1, 1, 1, 1, 2, 2, 1, 1, 1, 1, 0, 0, 0, 0, 1, 2, 0, 1, 0, 0, 1, 1, 1, 1, 1]|[0, 3, 0, 2, 4, 1, 4, 4, 2, 4, 3, 2, 1, 0, 2, 1, 1, 1, 2, 1, 2, 3, 0, 1, 0, 1, 1, 4, 1, 4, 3, 2, 2, 0, 4, 1, 1, 4, 0, 1, 2, 2, 4, 4, 1, 1, 0, 2, 3, 1, 2, 1, 2, 1, 1, 2, 0, 3, 0, 2, 2, 3, 1, 0, 1, 0, 0, 1, 2, 4, 1, 3, 4, 1, 2, 4, 3, 3, 3, 1, 0, 4, 3, 4, 3, 2, 2, 2, 2, 1, 1, 2, 4, 2, 2, 4, 3, 4, 4, 4]|[0, 2, 0, 1, 3, 0, 1, 3, 0, 0, 2, 0, 1, 0, 1, 0, 0, 0, 1, 0, 0, 2, 0, 0, 1, 0, 0, 3, 0, 1, 0, 2, 0, 0, 3, 0, 1, 3, 1, 0, 0, 1, 1, 3, 0, 0, 1, 0, 2, 0, 0, 0, 0, 0, 1, 0, 0, 0, 1, 1, 0, 2, 0, 0, 0, 1, 0, 0, 0, 2, 0, 0, 1, 0, 0, 2, 0, 0, 3, 0, 0, 2, 0, 3, 0, 0, 1, 0, 0, 1, 0, 0, 2, 1, 0, 3, 0, 2, 1, 2],894.5174754386885,53069.88264179214,120490.8728779781,false
6,G3_TWC,G1_CMAX,[31, 22, 82, 15, 26, 9, 95, 42, 77, 12, 47, 5, 93, 78, 86, 54, 85, 63, 18, 44, 20, 35, 43, 97, 91, 76, 10, 30, 21, 45, 71, 64, 1, 23, 17, 83, 24, 14, 60, 36, 6, 57, 40, 88, 65, 56, 79, 94, 67, 68, 46, 75, 38, 58, 19, 32, 81, 41, 27, 62, 87, 90, 99, 59, 11, 16, 72, 73, 70, 39, 37, 84, 3, 92, 25, 55, 28, 29, 51, 7, 66, 61, 98, 48, 89, 50, 8, 96, 80, 53, 33, 4, 34, 2, 52, 49, 0, 69, 74, 13]|[1, 1, 0, 1, 1, 0, 1, 2, 2, 1, 2, 2, 2, 1, 1, 0, 0, 1, 0, 2, 2, 0, 1, 2, 0, 1, 2, 2, 0, 0, 1, 2, 1, 2, 1, 0, 2, 0, 1, 1, 0, 1, 1, 1, 0, 2, 1, 1, 0, 0, 0, 0, 1, 1, 2, 1, 2, 0, 0, 0, 2, 1, 0, 1, 2, 1, 2, 1, 1, 1, 1, 1, 1, 0, 1, 1, 0, 0, 0, 1, 2, 1, 0, 0, 1, 0, 1, 0, 0, 0, 0, 0, 2, 0, 2, 0, 0, 1, 2, 0]|[4, 3, 2, 2, 4, 1, 2, 2, 2, 4, 1, 1, 2, 4, 4, 1, 2, 4, 2, 1, 1, 1, 1, 2, 1, 2, 1, 1, 1, 1, 3, 2, 3, 0, 4, 0, 1, 1, 0, 3, 2, 2, 2, 0, 1, 1, 0, 4, 0, 1, 2, 2, 1, 0, 0, 3, 2, 1, 1, 2, 2, 3, 1, 1, 1, 3, 0, 4, 3, 1, 4, 1, 1, 0, 4, 4, 2, 1, 1, 1, 1, 3, 1, 1, 1, 1, 3, 1, 1, 2, 2, 2, 1, 2, 1, 1, 2, 4, 1, 2]|[0, 2, 1, 1, 3, 0, 1, 0, 0, 0, 0, 0, 1, 0, 1, 0, 0, 3, 1, 0, 0, 0, 3, 1, 0, 2, 0, 0, 0, 1, 0, 0, 0, 0, 3, 0, 1, 0, 0, 2, 1, 1, 1, 0, 0, 0, 0, 2, 1, 0, 0, 0, 1, 3, 0, 0, 1, 0, 0, 1, 0, 2, 0, 1, 0, 2, 1, 0, 0, 1, 1, 3, 1, 1, 3, 3, 1, 0, 0, 2, 0, 0, 0, 0, 1, 0, 2, 0, 0, 1, 1, 1, 0, 0, 0, 1, 0, 2, 0, 0],852.660327686474,57776.461083972375,94810.85406852722,true
6,G1_CMAX,G3_TWC,[31, 22, 82, 15, 26, 9, 95, 42, 77, 12, 47, 5, 93, 78, 86, 54, 85, 63, 18, 44, 20, 35, 43, 97, 91, 76, 10, 30, 21, 45, 71, 64, 1, 23, 17, 83, 24, 14, 60, 36, 6, 57, 40, 88, 65, 56, 79, 94, 67, 68, 46, 75, 38, 58, 19, 32, 81, 48, 27, 62, 87, 90, 99, 59, 11, 16, 72, 73, 70, 39, 37, 84, 3, 92, 25, 55, 28, 29, 51, 7, 33, 61, 98, 41, 89, 50, 8, 96, 80, 53, 66, 4, 49, 2, 52, 34, 0, 13, 74, 69]|[1, 1, 0, 1, 1, 0, 1, 2, 2, 1, 2, 2, 2, 1, 1, 0, 0, 1, 0, 2, 2, 0, 1, 2, 0, 1, 2, 2, 0, 0, 1, 2, 1, 2, 1, 0, 2, 0, 1, 1, 0, 1, 1, 1, 0, 2, 1, 1, 0, 0, 0, 0, 1, 1, 2, 1, 2, 1, 0, 0, 2, 1, 0, 1, 2, 1, 2, 1, 1, 1, 0, 1, 1, 0, 1, 1, 0, 0, 0, 1, 0, 1, 0, 0, 1, 0, 1, 0, 0, 0, 2, 0, 0, 0, 1, 2, 0, 0, 2, 0]|[4, 3, 2, 2, 4, 1, 2, 2, 2, 4, 1, 1, 2, 4, 4, 1, 2, 4, 2, 1, 1, 1, 1, 2, 1, 2, 1, 1, 1, 1, 3, 2, 3, 0, 4, 0, 1, 1, 0, 3, 2, 2, 2, 0, 1, 1, 0, 4, 0, 1, 2, 2, 1, 0, 0, 3, 2, 4, 1, 2, 2, 3, 1, 1, 1, 3, 0, 4, 3, 1, 1, 1, 1, 0, 4, 4, 2, 1, 1, 1, 2, 3, 1, 1, 1, 1, 3, 1, 1, 2, 1, 2, 1, 2, 1, 1, 2, 2, 1, 2]|[0, 2, 1, 1, 3, 0, 1, 0, 0, 0, 0, 0, 1, 0, 1, 0, 0, 3, 1, 0, 0, 0, 3, 1, 0, 2, 0, 0, 0, 1, 0, 0, 0, 0, 3, 0, 1, 0, 0, 2, 1, 1, 1, 0, 0, 0, 0, 2, 1, 0, 0, 0, 1, 3, 0, 0, 1, 2, 0, 1, 0, 2, 0, 1, 0, 2, 1, 0, 0, 1, 0, 3, 1, 1, 3, 3, 1, 0, 0, 2, 1, 0, 0, 0, 1, 0, 2, 0, 0, 1, 0, 1, 1, 0, 1, 0, 0, 0, 0, 0],859.4875560104997,57888.627279543776,94127.26944670401,true
6,G4_BALANCED,G4_BALANCED,[31, 22, 82, 15, 26, 9, 95, 42, 77, 12, 47, 5, 93, 78, 86, 54, 85, 63, 18, 44, 20, 35, 43, 97, 91, 76, 10, 30, 21, 45, 71, 64, 1, 23, 17, 83, 24, 14, 60, 36, 6, 57, 40, 88, 65, 56, 79, 69, 67, 68, 46, 75, 38, 58, 19, 32, 81, 48, 27, 62, 87, 90, 99, 59, 11, 16, 72, 73, 61, 39, 37, 84, 3, 92, 25, 55, 28, 51, 29, 7, 66, 70, 98, 41, 89, 50, 8, 96, 80, 53, 33, 2, 52, 4, 34, 49, 0, 94, 74, 13]|[1, 1, 0, 1, 1, 0, 1, 2, 2, 1, 2, 2, 2, 1, 1, 0, 0, 1, 0, 2, 2, 0, 1, 2, 0, 1, 2, 2, 0, 0, 1, 2, 1, 2, 1, 0, 2, 0, 1, 1, 0, 1, 1, 1, 0, 2, 1, 2, 0, 0, 0, 0, 1, 1, 2, 1, 2, 1, 0, 0, 2, 1, 0, 1, 2, 1, 2, 1, 1, 1, 1, 1, 1, 0, 1, 1, 0, 0, 0, 1, 2, 1, 2, 0, 1, 0, 1, 2, 0, 0, 0, 0, 1, 1, 2, 0, 0, 1, 2, 0]|[4, 3, 2, 2, 4, 1, 2, 2, 2, 4, 1, 1, 2, 4, 4, 1, 2, 4, 2, 1, 1, 1, 1, 2, 1, 2, 1, 1, 1, 1, 3, 2, 3, 0, 4, 0, 1, 1, 0, 3, 2, 2, 2, 0, 1, 1, 0, 2, 0, 1, 2, 2, 1, 0, 0, 3, 2, 4, 1, 2, 2, 3, 1, 1, 1, 3, 0, 4, 3, 1, 4, 1, 1, 0, 4, 4, 2, 1, 1, 1, 0, 3, 1, 1, 1, 1, 3, 0, 1, 2, 1, 2, 1, 4, 1, 1, 2, 4, 1, 2]|[0, 2, 1, 1, 3, 0, 1, 0, 0, 0, 0, 0, 1, 0, 1, 0, 0, 3, 1, 0, 0, 0, 3, 1, 0, 2, 0, 0, 0, 1, 0, 0, 0, 0, 3, 0, 1, 0, 0, 2, 1, 1, 1, 0, 0, 0, 0, 0, 1, 0, 0, 0, 1, 3, 0, 0, 1, 2, 0, 1, 0, 2, 0, 1, 0, 2, 1, 0, 0, 1, 1, 3, 1, 1, 3, 3, 1, 0, 0, 2, 0, 0, 0, 0, 1, 0, 2, 0, 0, 1, 0, 0, 1, 0, 0, 1, 0, 2, 0, 0],768.3603220551043,57421.31193523741,101051.44471548454,false
6,G2_TEC,G2_TEC,[31, 22, 82, 15, 26, 9, 95, 42, 77, 4, 47, 5, 93, 78, 86, 54, 85, 63, 18, 44, 20, 49, 36, 14, 74, 50, 53, 17, 21, 45, 71, 64, 3, 23, 30, 83, 24, 41, 60, 52, 65, 27, 90, 70, 39, 87, 48, 69, 99, 68, 46, 1, 38, 58, 97, 59, 28, 8, 73, 37, 35, 79, 11, 66, 76, 57, 40, 80, 96, 6, 16, 61, 33, 98, 32, 34, 51, 67, 10, 7, 56, 43, 29, 19, 91, 13, 62, 92, 0, 81, 2, 55, 88, 84, 75, 25, 12, 94, 89, 72]|[2, 1, 2, 1, 1, 2, 1, 1, 1, 1, 1, 0, 2, 2, 1, 2, 0, 0, 0, 2, 2, 1, 0, 2, 0, 2, 2, 1, 0, 1, 1, 1, 0, 0, 1, 0, 2, 1, 2, 2, 0, 1, 1, 1, 0, 2, 0, 2, 1, 0, 0, 2, 2, 0, 2, 0, 2, 1, 0, 0, 2, 1, 0, 2, 2, 0, 2, 2, 0, 1, 2, 1, 1, 0, 0, 1, 1, 1, 1, 2, 2, 1, 1, 1, 1, 0, 0, 0, 0, 1, 2, 0, 1, 0, 0, 1, 1, 1, 1, 1]|[0, 3, 0, 2, 4, 1, 4, 4, 2, 4, 3, 2, 1, 0, 2, 1, 1, 1, 2, 1, 2, 3, 0, 1, 0, 1, 1, 4, 1, 4, 3, 2, 2, 0, 4, 1, 1, 4, 0, 1, 2, 2, 4, 4, 1, 1, 0, 2, 3, 1, 2, 1, 2, 1, 1, 2, 0, 3, 0, 2, 2, 3, 1, 0, 1, 0, 0, 1, 2, 4, 1, 3, 4, 1, 2, 4, 3, 3, 3, 1, 0, 4, 3, 4, 3, 2, 2, 2, 2, 1, 1, 2, 4, 2, 2, 4, 3, 4, 4, 4]|[0, 2, 0, 1, 3, 0, 1, 3, 0, 0, 2, 0, 1, 0, 1, 0, 0, 0, 1, 0, 0, 2, 0, 0, 1, 0, 0, 3, 0, 1, 0, 2, 0, 0, 3, 0, 1, 3, 1, 0, 0, 1, 1, 3, 0, 0, 1, 0, 2, 0, 0, 0, 0, 0, 1, 0, 0, 0, 1, 1, 0, 2, 0, 0, 0, 1, 0, 0, 0, 2, 0, 0, 1, 0, 0, 2, 0, 0, 3, 0, 0, 2, 0, 3, 0, 0, 1, 0, 0, 1, 0, 0, 2, 1, 0, 3, 0, 2, 1, 2],894.5174754386885,53069.88264179214,120490.8728779781,false
6,G3_TWC,G1_CMAX,[31, 22, 82, 15, 26, 9, 95, 42, 77, 12, 47, 5, 93, 78, 86, 54, 85, 63, 18, 44, 20, 35, 43, 97, 91, 76, 10, 30, 21, 45, 71, 64, 1, 23, 17, 83, 24, 14, 60, 36, 6, 57, 40, 88, 65, 56, 79, 94, 67, 68, 46, 75, 38, 58, 19, 32, 81, 41, 27, 62, 87, 90, 99, 59, 11, 16, 72, 73, 70, 39, 37, 84, 3, 92, 25, 55, 28, 29, 51, 7, 66, 61, 98, 48, 89, 50, 8, 96, 80, 53, 33, 4, 34, 2, 52, 49, 0, 69, 74, 13]|[1, 1, 0, 1, 1, 0, 1, 2, 2, 1, 2, 2, 2, 1, 1, 0, 0, 1, 0, 2, 2, 0, 1, 2, 0, 1, 2, 2, 0, 0, 1, 2, 1, 2, 1, 0, 2, 0, 1, 1, 0, 1, 1, 1, 0, 2, 1, 1, 0, 0, 0, 0, 1, 1, 2, 1, 2, 0, 0, 0, 2, 1, 0, 1, 2, 1, 2, 1, 1, 1, 1, 1, 1, 0, 1, 1, 0, 0, 0, 1, 2, 1, 0, 0, 1, 0, 1, 0, 0, 0, 0, 0, 2, 0, 2, 0, 0, 1, 2, 0]|[4, 3, 2, 2, 4, 1, 2, 2, 2, 4, 1, 1, 2, 4, 4, 1, 2, 4, 2, 1, 1, 1, 1, 2, 1, 2, 1, 1, 1, 1, 3, 2, 3, 0, 4, 0, 1, 1, 0, 3, 2, 2, 2, 0, 1, 1, 0, 4, 0, 1, 2, 2, 1, 0, 0, 3, 2, 1, 1, 2, 2, 3, 1, 1, 1, 3, 0, 4, 3, 1, 4, 1, 1, 0, 4, 4, 2, 1, 1, 1, 1, 3, 1, 1, 1, 1, 3, 1, 1, 2, 2, 2, 1, 2, 1, 1, 2, 4, 1, 2]|[0, 2, 1, 1, 3, 0, 1, 0, 0, 0, 0, 0, 1, 0, 1, 0, 0, 3, 1, 0, 0, 0, 3, 1, 0, 2, 0, 0, 0, 1, 0, 0, 0, 0, 3, 0, 1, 0, 0, 2, 1, 1, 1, 0, 0, 0, 0, 2, 1, 0, 0, 0, 1, 3, 0, 0, 1, 0, 0, 1, 0, 2, 0, 1, 0, 2, 1, 0, 0, 1, 1, 3, 1, 1, 3, 3, 1, 0, 0, 2, 0, 0, 0, 0, 1, 0, 2, 0, 0, 1, 1, 1, 0, 0, 0, 1, 0, 2, 0, 0],852.660327686474,57776.461083972375,94810.85406852722,true
7,G1_CMAX,G1_CMAX,[31, 22, 82, 15, 73, 9, 95, 42, 77, 12, 47, 98, 93, 78, 86, 54, 85, 63, 18, 44, 20, 35, 43, 97, 37, 76, 10, 30, 21, 45, 61, 64, 1, 23, 17, 83, 24, 41, 60, 36, 6, 57, 40, 88, 65, 56, 79, 69, 67, 68, 46, 75, 38, 58, 19, 32, 81, 48, 27, 62, 87, 90, 99, 59, 11, 16, 72, 26, 70, 89, 91, 84, 3, 92, 25, 55, 28, 51, 29, 7, 96, 74, 5, 14, 39, 80, 33, 8, 50, 53, 66, 2, 34, 4, 52, 49, 0, 94, 71, 13]|[1, 1, 0, 1, 1, 0, 1, 2, 2, 1, 2, 2, 2, 1, 1, 0, 0, 0, 0, 2, 2, 0, 1, 2, 0, 1, 2, 2, 0, 0, 1, 2, 1, 2, 1, 0, 2, 1, 1, 1, 0, 1, 1, 1, 0, 2, 1, 2, 0, 0, 0, 0, 1, 1, 2, 1, 2, 1, 0, 0, 2, 1, 0, 1, 2, 1, 2, 1, 1, 1, 0, 1, 1, 0, 1, 1, 1, 0, 1, 1, 0, 2, 2, 0, 1, 0, 0, 1, 0, 0, 2, 0, 2, 1, 2, 0, 0, 1, 2, 0]|[4, 3, 2, 2, 4, 1, 2, 2, 1, 4, 0, 1, 2, 4, 4, 1, 2, 1, 2, 1, 1, 1, 1, 2, 1, 2, 1, 1, 1, 1, 1, 2, 3, 0, 4, 0, 1, 4, 0, 3, 2, 2, 2, 0, 1, 1, 0, 2, 0, 1, 2, 2, 1, 4, 0, 3, 1, 4, 1, 2, 2, 3, 1, 1, 1, 3, 0, 4, 3, 1, 1, 1, 1, 0, 4, 4, 4, 1, 3, 1, 1, 0, 1, 2, 1, 1, 2, 3, 1, 2, 0, 2, 1, 4, 1, 1, 2, 4, 1, 2]|[0, 2, 1, 1, 3, 0, 1, 0, 0, 0, 0, 0, 1, 0, 1, 0, 0, 0, 1, 0, 0, 0, 3, 1, 0, 2, 0, 0, 0, 1, 3, 0, 0, 0, 3, 0, 1, 3, 0, 2, 1, 1, 1, 0, 0, 0, 0, 0, 1, 0, 0, 0, 1, 3, 0, 0, 0, 2, 0, 1, 0, 2, 0, 1, 0, 2, 1, 0, 0, 1, 0, 3, 1, 1, 3, 3, 1, 0, 0, 2, 0, 0, 0, 0, 1, 0, 1, 2, 0, 1, 0, 0, 0, 0, 0, 1, 0, 2, 0, 0],789.0469836246521,56736.66854690487,109055.00294687356,false
7,G4_BALANCED,G3_TWC,[31, 22, 82, 15, 26, 9, 95, 42, 77, 12, 47, 5, 93, 78, 86, 54, 85, 63, 18, 44, 20, 35, 43, 97, 91, 76, 10, 30, 21, 45, 71, 64, 1, 23, 17, 83, 24, 14, 60, 36, 6, 57, 40, 88, 65, 56, 79, 94, 67, 68, 46, 75, 38, 58, 19, 32, 81, 41, 27, 62, 87, 90, 99, 59, 11, 16, 72, 73, 70, 39, 37, 84, 3, 92, 25, 55, 28, 29, 51, 7, 66, 61, 98, 48, 89, 50, 8, 96, 53, 33, 34, 4, 80, 2, 52, 49, 0, 69, 74, 13]|[1, 1, 0, 1, 1, 0, 1, 2, 2, 1, 2, 2, 2, 1, 1, 0, 0, 1, 0, 2, 2, 0, 1, 2, 0, 1, 2, 2, 0, 0, 1, 2, 1, 2, 1, 0, 2, 0, 1, 1, 0, 1, 1, 1, 0, 2, 1, 1, 0, 0, 0, 0, 1, 1, 2, 1, 2, 0, 0, 0, 2, 1, 0, 1, 2, 1, 2, 1, 1, 1, 1, 1, 1, 0, 1, 1, 0, 0, 0, 1, 2, 1, 0, 0, 1, 0, 1, 0, 0, 0, 2, 1, 0, 0, 2, 0, 0, 1, 2, 0]|[4, 3, 2, 2, 4, 1, 2, 2, 2, 4, 1, 1, 2, 4, 4, 1, 2, 4, 2, 1, 1, 1, 1, 2, 1, 2, 1, 1, 1, 1, 3, 2, 3, 0, 4, 0, 1, 1, 0, 3, 2, 2, 2, 0, 1, 1, 0, 4, 0, 1, 2, 2, 1, 0, 0, 3, 2, 1, 1, 2, 2, 3, 1, 1, 1, 3, 0, 4, 3, 1, 4, 1, 1, 0, 4, 4, 2, 1, 1, 1, 1, 3, 1, 1, 1, 1, 3, 1, 2, 2, 1, 4, 1, 2, 1, 1, 2, 4, 1, 2]|[0, 2, 1, 1, 3, 0, 1, 0, 0, 0, 0, 0, 1, 0, 1, 0, 0, 3, 1, 0, 0, 0, 3, 1, 0, 2, 0, 0, 0, 1, 0, 0, 0, 0, 3, 0, 1, 0, 0, 2, 1, 1, 1, 0, 0, 0, 0, 2, 1, 0, 0, 0, 1, 3, 0, 0, 1, 0, 0, 1, 0, 2, 0, 1, 0, 2, 1, 0, 0, 1, 1, 3, 1, 1, 3, 3, 1, 0, 0, 2, 0, 0, 0, 0, 1, 0, 2, 0, 1, 1, 0, 0, 0, 0, 0, 1, 0, 2, 0, 0],832.5936610194905,57358.426083913255,96156.4023848089,true
7,G2_TEC,G1_CMAX,[31, 95, 9, 15, 82, 22, 42, 77, 26, 8, 10, 76, 91, 97, 43, 63, 20, 44, 18, 80, 45, 78, 86, 35, 93, 5, 47, 84, 21, 85, 71, 64, 1, 23, 17, 83, 24, 41, 60, 36, 6, 57, 40, 88, 65, 56, 79, 69, 67, 68, 46, 75, 38, 58, 19, 32, 81, 48, 27, 62, 87, 90, 99, 59, 11, 16, 72, 73, 70, 39, 37, 30, 3, 92, 25, 55, 28, 51, 29, 7, 66, 61, 98, 14, 89, 50, 12, 96, 54, 53, 33, 2, 34, 4, 52, 49, 0, 94, 74, 13]|[1, 1, 0, 1, 0, 0, 2, 2, 2, 1, 2, 2, 0, 1, 0, 2, 2, 1, 0, 2, 0, 0, 1, 2, 0, 1, 2, 2, 0, 0, 1, 2, 1, 0, 1, 0, 2, 1, 1, 1, 0, 1, 1, 1, 0, 2, 2, 2, 0, 0, 0, 0, 1, 1, 2, 1, 2, 1, 0, 0, 2, 1, 0, 1, 2, 1, 2, 1, 1, 1, 0, 1, 1, 0, 1, 1, 0, 0, 0, 1, 2, 1, 0, 0, 1, 0, 1, 1, 0, 0, 0, 0, 2, 1, 1, 0, 0, 1, 2, 0]|[4, 3, 1, 4, 1, 1, 2, 2, 2, 3, 0, 1, 1, 4, 1, 1, 1, 4, 2, 1, 1, 1, 4, 2, 1, 2, 1, 1, 1, 1, 3, 2, 3, 0, 4, 0, 1, 4, 0, 3, 2, 2, 2, 0, 1, 1, 1, 2, 0, 1, 2, 2, 1, 0, 0, 3, 2, 4, 1, 2, 2, 3, 1, 1, 1, 3, 0, 4, 3, 1, 1, 1, 1, 0, 4, 4, 2, 1, 1, 1, 0, 3, 1, 1, 1, 1, 4, 3, 1, 2, 2, 2, 1, 4, 1, 1, 2, 4, 0, 2]|[0, 1, 0, 0, 0, 0, 0, 0, 0, 2, 0, 0, 0, 0, 0, 0, 0, 3, 1, 0, 0, 0, 1, 1, 0, 2, 0, 0, 0, 1, 0, 0, 0, 0, 3, 0, 1, 3, 0, 2, 1, 1, 1, 0, 0, 0, 0, 0, 1, 0, 0, 0, 1, 3, 0, 0, 1, 2, 0, 1, 0, 2, 0, 1, 0, 2, 1, 0, 0, 1, 0, 3, 1, 1, 3, 3, 1, 0, 0, 2, 0, 0, 0, 0, 1, 0, 3, 2, 0, 1, 1, 0, 0, 0, 1, 1, 0, 2, 0, 0],893.8440538330734,56000.20813029841,107570.49636140044,true
7,G3_TWC,G1_CMAX,[31, 22, 82, 15, 26, 9, 95, 42, 77, 12, 47, 5, 93, 78, 86, 54, 85, 63, 18, 44, 20, 35, 43, 97, 91, 76, 10, 30, 21, 45, 71, 64, 1, 23, 17, 83, 24, 14, 60, 36, 6, 57, 40, 88, 65, 56, 79, 94, 67, 68, 46, 75, 38, 58, 19, 32, 81, 41, 27, 62, 87, 90, 99, 59, 11, 16, 72, 73, 70, 39, 37, 84, 3, 92, 25, 55, 28, 29, 51, 7, 66, 61, 98, 48, 89, 50, 8, 96, 80, 53, 33, 4, 34, 2, 52, 49, 0, 69, 74, 13]|[1, 1, 0, 1, 1, 0, 1, 2, 2, 1, 2, 2, 2, 1, 1, 0, 0, 1, 0, 2, 2, 0, 1, 2, 0, 1, 2, 2, 0, 0, 1, 2, 1, 2, 1, 0, 2, 0, 1, 1, 0, 1, 1, 1, 0, 2, 1, 1, 0, 0, 0, 0, 1, 1, 2, 1, 2, 0, 0, 0, 2, 1, 0, 1, 2, 1, 2, 1, 1, 1, 1, 1, 1, 0, 1, 1, 0, 0, 0, 1, 2, 1, 0, 0, 1, 0, 1, 0, 0, 0, 0, 0, 2, 0, 2, 0, 0, 1, 2, 0]|[4, 3, 2, 2, 4, 1, 2, 2, 2, 4, 1, 1, 2, 4, 4, 1, 2, 4, 2, 1, 1, 1, 1, 2, 1, 2, 1, 1, 1, 1, 3, 2, 3, 0, 4, 0, 1, 1, 0, 3, 2, 2, 2, 0, 1, 1, 0, 4, 0, 1, 2, 2, 1, 0, 0, 3, 2, 1, 1, 2, 2, 3, 1, 1, 1, 3, 0, 4, 3, 1, 4, 1, 1, 0, 4, 4, 2, 1, 1, 1, 1, 3, 1, 1, 1, 1, 3, 1, 1, 2, 2, 2, 1, 2, 1, 1, 2, 4, 1, 2]|[0, 2, 1, 1, 3, 0, 1, 0, 0, 0, 0, 0, 1, 0, 1, 0, 0, 3, 1, 0, 0, 0, 3, 1, 0, 2, 0, 0, 0, 1, 0, 0, 0, 0, 3, 0, 1, 0, 0, 2, 1, 1, 1, 0, 0, 0, 0, 2, 1, 0, 0, 0, 1, 3, 0, 0, 1, 0, 0, 1, 0, 2, 0, 1, 0, 2, 1, 0, 0, 1, 1, 3, 1, 1, 3, 3, 1, 0, 0, 2, 0, 0, 0, 0, 1, 0, 2, 0, 0, 1, 1, 1, 0, 0, 0, 1, 0, 2, 0, 0],852.660327686474,57776.461083972375,94810.85406852722,true
7,G1_CMAX,G1_CMAX,[31, 22, 82, 15, 73, 9, 95, 42, 77, 12, 47, 98, 93, 78, 86, 54, 85, 63, 18, 44, 20, 35, 43, 97, 37, 76, 10, 30, 21, 45, 61, 64, 1, 23, 17, 83, 24, 41, 60, 36, 6, 57, 40, 88, 65, 56, 79, 69, 67, 68, 46, 75, 38, 58, 19, 32, 81, 48, 27, 62, 87, 90, 99, 59, 11, 16, 72, 26, 70, 89, 91, 84, 3, 92, 25, 55, 28, 51, 29, 7, 96, 74, 5, 14, 39, 80, 33, 8, 50, 53, 66, 2, 34, 4, 52, 49, 0, 94, 71, 13]|[1, 1, 0, 1, 1, 0, 1, 2, 2, 1, 2, 2, 2, 1, 1, 0, 0, 0, 0, 2, 2, 0, 1, 2, 0, 1, 2, 2, 0, 0, 1, 2, 1, 2, 1, 0, 2, 1, 1, 1, 0, 1, 1, 1, 0, 2, 1, 2, 0, 0, 0, 0, 1, 1, 2, 1, 2, 1, 0, 0, 2, 1, 0, 1, 2, 1, 2, 1, 1, 1, 0, 1, 1, 0, 1, 1, 1, 0, 1, 1, 0, 2, 2, 0, 1, 0, 0, 1, 0, 0, 2, 0, 2, 1, 2, 0, 0, 1, 2, 0]|[4, 3, 2, 2, 4, 1, 2, 2, 1, 4, 0, 1, 2, 4, 4, 1, 2, 1, 2, 1, 1, 1, 1, 2, 1, 2, 1, 1, 1, 1, 1, 2, 3, 0, 4, 0, 1, 4, 0, 3, 2, 2, 2, 0, 1, 1, 0, 2, 0, 1, 2, 2, 1, 4, 0, 3, 1, 4, 1, 2, 2, 3, 1, 1, 1, 3, 0, 4, 3, 1, 1, 1, 1, 0, 4, 4, 4, 1, 3, 1, 1, 0, 1, 2, 1, 1, 2, 3, 1, 2, 0, 2, 1, 4, 1, 1, 2, 4, 1, 2]|[0, 2, 1, 1, 3, 0, 1, 0, 0, 0, 0, 0, 1, 0, 1, 0, 0, 0, 1, 0, 0, 0, 3, 1, 0, 2, 0, 0, 0, 1, 3, 0, 0, 0, 3, 0, 1, 3, 0, 2, 1, 1, 1, 0, 0, 0, 0, 0, 1, 0, 0, 0, 1, 3, 0, 0, 0, 2, 0, 1, 0, 2, 0, 1, 0, 2, 1, 0, 0, 1, 0, 3, 1, 1, 3, 3, 1, 0, 0, 2, 0, 0, 0, 0, 1, 0, 1, 2, 0, 1, 0, 0, 0, 0, 0, 1, 0, 2, 0, 0],789.0469836246521,56736.66854690487,109055.00294687356,false
7,G4_BALANCED,G3_TWC,[31, 22, 82, 15, 26, 9, 95, 42, 77, 12, 47, 5, 93, 78, 86, 54, 85, 63, 18, 44, 20, 35, 43, 97, 91, 76, 10, 30, 21, 45, 71, 64, 1, 23, 17, 83, 24, 14, 60, 36, 6, 57, 40, 88, 65, 56, 79, 94, 67, 68, 46, 75, 38, 58, 19, 32, 81, 41, 27, 62, 87, 90, 99, 59, 11, 16, 72, 73, 70, 39, 37, 84, 3, 92, 25, 55, 28, 29, 51, 7, 33, 61, 98, 48, 89, 50, 96, 8, 80, 53, 66, 4, 2, 34, 52, 49, 0, 69, 74, 13]|[1, 1, 0, 1, 1, 0, 1, 2, 2, 1, 2, 2, 2, 1, 1, 0, 0, 1, 0, 2, 2, 0, 1, 2, 0, 1, 2, 2, 0, 0, 1, 2, 1, 2, 1, 0, 2, 0, 1, 1, 0, 1, 1, 1, 0, 2, 1, 1, 0, 0, 0, 0, 1, 1, 2, 1, 2, 0, 0, 0, 2, 1, 0, 1, 2, 1, 2, 1, 1, 1, 1, 1, 1, 0, 1, 1, 0, 0, 0, 1, 0, 1, 0, 0, 1, 0, 0, 1, 0, 0, 2, 1, 0, 2, 1, 0, 0, 1, 2, 0]|[4, 3, 2, 2, 4, 1, 2, 2, 2, 4, 1, 1, 2, 4, 4, 1, 2, 4, 2, 1, 1, 1, 1, 2, 1, 2, 1, 1, 1, 1, 3, 2, 3, 0, 4, 0, 1, 1, 0, 3, 2, 2, 2, 0, 1, 1, 0, 4, 0, 1, 2, 2, 1, 0, 0, 3, 2, 1, 1, 2, 2, 3, 1, 1, 1, 3, 0, 4, 3, 1, 4, 1, 1, 0, 4, 4, 2, 1, 1, 1, 2, 3, 1, 1, 1, 1, 1, 3, 1, 2, 1, 4, 2, 1, 1, 1, 2, 4, 1, 2]|[0, 2, 1, 1, 3, 0, 1, 0, 0, 0, 0, 0, 1, 0, 1, 0, 0, 3, 1, 0, 0, 0, 3, 1, 0, 2, 0, 0, 0, 1, 0, 0, 0, 0, 3, 0, 1, 0, 0, 2, 1, 1, 1, 0, 0, 0, 0, 2, 1, 0, 0, 0, 1, 3, 0, 0, 1, 0, 0, 1, 0, 2, 0, 1, 0, 2, 1, 0, 0, 1, 1, 3, 1, 1, 3, 3, 1, 0, 0, 2, 1, 0, 0, 0, 1, 0, 0, 2, 0, 1, 0, 0, 0, 0, 1, 1, 0, 2, 0, 0],836.0146032201314,57683.17908068987,95086.98605007667,true
7,G2_TEC,G1_CMAX,[31, 95, 9, 15, 82, 22, 42, 77, 26, 8, 10, 76, 91, 97, 43, 63, 20, 44, 18, 80, 45, 78, 86, 35, 93, 5, 47, 84, 21, 85, 71, 64, 1, 23, 17, 83, 24, 41, 60, 36, 6, 57, 40, 88, 65, 56, 79, 69, 67, 68, 46, 75, 38, 58, 19, 32, 81, 48, 27, 62, 87, 90, 99, 59, 11, 16, 72, 73, 70, 39, 37, 30, 3, 92, 25, 55, 28, 51, 29, 7, 66, 61, 98, 14, 89, 50, 12, 96, 54, 53, 33, 2, 34, 4, 52, 49, 0, 94, 74, 13]|[1, 1, 0, 1, 0, 0, 2, 2, 2, 1, 2, 2, 0, 1, 0, 2, 2, 1, 0, 2, 0, 0, 1, 2, 0, 1, 2, 2, 0, 0, 1, 2, 1, 0, 1, 0, 2, 1, 1, 1, 0, 1, 1, 1, 0, 2, 2, 2, 0, 0, 0, 0, 1, 1, 2, 1, 2, 1, 0, 0, 2, 1, 0, 1, 2, 1, 2, 1, 1, 1, 0, 1, 1, 0, 1, 1, 0, 0, 0, 1, 2, 1, 0, 0, 1, 0, 1, 1, 0, 0, 0, 0, 2, 1, 1, 0, 0, 1, 2, 0]|[4, 3, 1, 4, 1, 1, 2, 2, 2, 3, 0, 1, 1, 4, 1, 1, 1, 4, 2, 1, 1, 1, 4, 2, 1, 2, 1, 1, 1, 1, 3, 2, 3, 0, 4, 0, 1, 4, 0, 3, 2, 2, 2, 0, 1, 1, 1, 2, 0, 1, 2, 2, 1, 0, 0, 3, 2, 4, 1, 2, 2, 3, 1, 1, 1, 3, 0, 4, 3, 1, 1, 1, 1, 0, 4, 4, 2, 1, 1, 1, 0, 3, 1, 1, 1, 1, 4, 3, 1, 2, 2, 2, 1, 4, 1, 1, 2, 4, 0, 2]|[0, 1, 0, 0, 0, 0, 0, 0, 0, 2, 0, 0, 0, 0, 0, 0, 0, 3, 1, 0, 0, 0, 1, 1, 0, 2, 0, 0, 0, 1, 0, 0, 0, 0, 3, 0, 1, 3, 0, 2, 1, 1, 1, 0, 0, 0, 0, 0, 1, 0, 0, 0, 1, 3, 0, 0, 1, 2, 0, 1, 0, 2, 0, 1, 0, 2, 1, 0, 0, 1, 0, 3, 1, 1, 3, 3, 1, 0, 0, 2, 0, 0, 0, 0, 1, 0, 3, 2, 0, 1, 1, 0, 0, 0, 1, 1, 0, 2, 0, 0],893.8440538330734,56000.20813029841,107570.49636140044,true
7,G3_TWC,G1_CMAX,[31, 22, 82, 15, 26, 9, 95, 42, 77, 12, 47, 5, 93, 78, 86, 54, 85, 63, 18, 44, 20, 35, 43, 97, 91, 76, 10, 30, 21, 45, 71, 64, 1, 23, 17, 83, 24, 14, 60, 36, 6, 57, 40, 88, 65, 56, 79, 94, 67, 68, 46, 75, 38, 58, 19, 32, 81, 41, 27, 62, 87, 90, 99, 59, 11, 16, 72, 73, 70, 39, 37, 84, 3, 92, 25, 55, 28, 29, 51, 7, 66, 61, 98, 48, 89, 50, 8, 96, 80, 53, 33, 4, 34, 2, 52, 49, 0, 69, 74, 13]|[1, 1, 0, 1, 1, 0, 1, 2, 2, 1, 2, 2, 2, 1, 1, 0, 0, 1, 0, 2, 2, 0, 1, 2, 0, 1, 2, 2, 0, 0, 1, 2, 1, 2, 1, 0, 2, 0, 1, 1, 0, 1, 1, 1, 0, 2, 1, 1, 0, 0, 0, 0, 1, 1, 2, 1, 2, 0, 0, 0, 2, 1, 0, 1, 2, 1, 2, 1, 1, 1, 1, 1, 1, 0, 1, 1, 0, 0, 0, 1, 2, 1, 0, 0, 1, 0, 1, 0, 0, 0, 0, 0, 2, 0, 2, 0, 0, 1, 2, 0]|[4, 3, 2, 2, 4, 1, 2, 2, 2, 4, 1, 1, 2, 4, 4, 1, 2, 4, 2, 1, 1, 1, 1, 2, 1, 2, 1, 1, 1, 1, 3, 2, 3, 0, 4, 0, 1, 1, 0, 3, 2, 2, 2, 0, 1, 1, 0, 4, 0, 1, 2, 2, 1, 0, 0, 3, 2, 1, 1, 2, 2, 3, 1, 1, 1, 3, 0, 4, 3, 1, 4, 1, 1, 0, 4, 4, 2, 1, 1, 1, 1, 3, 1, 1, 1, 1, 3, 1, 1, 2, 2, 2, 1, 2, 1, 1, 2, 4, 1, 2]|[0, 2, 1, 1, 3, 0, 1, 0, 0, 0, 0, 0, 1, 0, 1, 0, 0, 3, 1, 0, 0, 0, 3, 1, 0, 2, 0, 0, 0, 1, 0, 0, 0, 0, 3, 0, 1, 0, 0, 2, 1, 1, 1, 0, 0, 0, 0, 2, 1, 0, 0, 0, 1, 3, 0, 0, 1, 0, 0, 1, 0, 2, 0, 1, 0, 2, 1, 0, 0, 1, 1, 3, 1, 1, 3, 3, 1, 0, 0, 2, 0, 0, 0, 0, 1, 0, 2, 0, 0, 1, 1, 1, 0, 0, 0, 1, 0, 2, 0, 0],852.660327686474,57776.461083972375,94810.85406852722,true
7,G1_CMAX,G1_CMAX,[31, 22, 82, 15, 73, 9, 95, 42, 77, 12, 47, 98, 93, 78, 86, 54, 85, 63, 18, 44, 20, 35, 43, 97, 37, 76, 10, 30, 21, 45, 61, 64, 1, 23, 17, 83, 24, 41, 60, 36, 6, 57, 40, 88, 65, 56, 79, 69, 67, 68, 46, 75, 38, 58, 19, 32, 81, 48, 27, 62, 87, 90, 99, 59, 11, 16, 72, 26, 70, 89, 91, 84, 3, 92, 25, 55, 28, 51, 29, 7, 96, 74, 5, 14, 39, 80, 33, 8, 50, 53, 66, 2, 34, 4, 52, 49, 0, 94, 71, 13]|[1, 1, 0, 1, 1, 0, 1, 2, 2, 1, 2, 2, 2, 1, 1, 0, 0, 0, 0, 2, 2, 0, 1, 2, 0, 1, 2, 2, 0, 0, 1, 2, 1, 2, 1, 0, 2, 1, 1, 1, 0, 1, 1, 1, 0, 2, 1, 2, 0, 0, 0, 0, 1, 1, 2, 1, 2, 1, 0, 0, 2, 1, 0, 1, 2, 1, 2, 1, 1, 1, 0, 1, 1, 0, 1, 1, 1, 0, 1, 1, 0, 2, 2, 0, 1, 0, 0, 1, 0, 0, 2, 0, 2, 1, 2, 0, 0, 1, 2, 0]|[4, 3, 2, 2, 4, 1, 2, 2, 1, 4, 0, 1, 2, 4, 4, 1, 2, 1, 2, 1, 1, 1, 1, 2, 1, 2, 1, 1, 1, 1, 1, 2, 3, 0, 4, 0, 1, 4, 0, 3, 2, 2, 2, 0, 1, 1, 0, 2, 0, 1, 2, 2, 1, 4, 0, 3, 1, 4, 1, 2, 2, 3, 1, 1, 1, 3, 0, 4, 3, 1, 1, 1, 1, 0, 4, 4, 4, 1, 3, 1, 1, 0, 1, 2, 1, 1, 2, 3, 1, 2, 0, 2, 1, 4, 1, 1, 2, 4, 1, 2]|[0, 2, 1, 1, 3, 0, 1, 0, 0, 0, 0, 0, 1, 0, 1, 0, 0, 0, 1, 0, 0, 0, 3, 1, 0, 2, 0, 0, 0, 1, 3, 0, 0, 0, 3, 0, 1, 3, 0, 2, 1, 1, 1, 0, 0, 0, 0, 0, 1, 0, 0, 0, 1, 3, 0, 0, 0, 2, 0, 1, 0, 2, 0, 1, 0, 2, 1, 0, 0, 1, 0, 3, 1, 1, 3, 3, 1, 0, 0, 2, 0, 0, 0, 0, 1, 0, 1, 2, 0, 1, 0, 0, 0, 0, 0, 1, 0, 2, 0, 0],789.0469836246521,56736.66854690487,109055.00294687356,false
7,G4_BALANCED,G3_TWC,[31, 22, 82, 15, 26, 9, 95, 42, 77, 12, 47, 5, 93, 78, 86, 54, 85, 63, 18, 44, 20, 35, 43, 97, 91, 76, 10, 30, 21, 45, 71, 64, 1, 23, 17, 83, 24, 14, 60, 36, 6, 57, 40, 88, 65, 56, 79, 69, 67, 68, 46, 75, 38, 58, 19, 32, 81, 48, 27, 62, 87, 90, 99, 59, 11, 16, 72, 73, 70, 39, 37, 84, 3, 92, 25, 55, 28, 29, 51, 7, 66, 61, 98, 41, 89, 50, 8, 96, 80, 53, 33, 4, 2, 34, 52, 49, 0, 94, 74, 13]|[1, 1, 0, 1, 1, 0, 1, 2, 2, 1, 2, 2, 2, 1, 1, 0, 0, 1, 0, 2, 2, 0, 1, 2, 0, 1, 2, 2, 0, 0, 1, 2, 1, 2, 1, 0, 2, 0, 1, 1, 0, 1, 1, 1, 0, 2, 1, 1, 0, 0, 0, 0, 1, 1, 2, 1, 2, 0, 0, 0, 2, 1, 0, 1, 2, 1, 2, 1, 1, 1, 0, 1, 1, 0, 1, 1, 0, 0, 0, 1, 2, 1, 0, 0, 1, 0, 1, 0, 0, 0, 0, 0, 0, 2, 1, 0, 0, 1, 2, 0]|[4, 3, 2, 2, 4, 1, 2, 2, 2, 4, 1, 1, 2, 4, 4, 1, 2, 4, 2, 1, 1, 1, 1, 2, 1, 2, 1, 1, 1, 1, 3, 2, 3, 0, 4, 0, 1, 1, 0, 3, 2, 2, 2, 0, 1, 1, 0, 4, 0, 1, 2, 2, 1, 0, 0, 3, 2, 1, 1, 2, 2, 3, 1, 1, 1, 3, 0, 4, 3, 1, 1, 1, 1, 0, 4, 4, 2, 1, 1, 1, 1, 3, 1, 1, 1, 1, 3, 1, 1, 2, 2, 2, 2, 1, 1, 1, 2, 4, 1, 2]|[0, 2, 1, 1, 3, 0, 1, 0, 0, 0, 0, 0, 1, 0, 1, 0, 0, 3, 1, 0, 0, 0, 3, 1, 0, 2, 0, 0, 0, 1, 0, 0, 0, 0, 3, 0, 1, 0, 0, 2, 1, 1, 1, 0, 0, 0, 0, 2, 1, 0, 0, 0, 1, 3, 0, 0, 1, 0, 0, 1, 0, 2, 0, 1, 0, 2, 1, 0, 0, 1, 0, 3, 1, 1, 3, 3, 1, 0, 0, 2, 0, 0, 0, 0, 1, 0, 2, 0, 0, 1, 1, 1, 0, 0, 1, 1, 0, 2, 0, 0],857.2619092619111,57924.93512249258,94300.68200192112,true
7,G2_TEC,G2_TEC,[31, 22, 82, 15, 26, 9, 95, 42, 77, 4, 47, 5, 93, 78, 86, 54, 85, 63, 18, 44, 20, 49, 36, 14, 74, 50, 53, 17, 21, 45, 71, 64, 3, 23, 30, 83, 24, 41, 60, 52, 65, 27, 90, 70, 39, 87, 48, 69, 99, 68, 46, 1, 38, 58, 97, 59, 28, 8, 73, 37, 35, 79, 11, 66, 76, 57, 40, 80, 96, 6, 16, 61, 33, 98, 32, 34, 51, 67, 10, 7, 56, 43, 29, 19, 91, 13, 62, 92, 0, 81, 2, 55, 88, 84, 75, 25, 12, 94, 89, 72]|[2, 1, 2, 1, 1, 2, 1, 1, 1, 1, 1, 0, 2, 2, 1, 2, 0, 0, 0, 2, 2, 1, 0, 2, 0, 2, 2, 1, 0, 1, 1, 1, 0, 0, 1, 0, 2, 1, 2, 2, 0, 1, 1, 1, 0, 2, 0, 2, 1, 0, 0, 2, 2, 0, 2, 0, 2, 1, 0, 0, 2, 1, 0, 2, 2, 0, 2, 2, 0, 1, 2, 1, 1, 0, 0, 1, 1, 1, 1, 2, 2, 1, 1, 1, 1, 0, 0, 0, 0, 1, 2, 0, 1, 0, 0, 1, 1, 1, 1, 1]|[0, 3, 0, 2, 4, 1, 4, 4, 2, 4, 3, 2, 1, 0, 2, 1, 1, 1, 2, 1, 2, 3, 0, 1, 0, 1, 1, 4, 1, 4, 3, 2, 2, 0, 4, 1, 1, 4, 0, 1, 2, 2, 4, 4, 1, 1, 0, 2, 3, 1, 2, 1, 2, 1, 1, 2, 0, 3, 0, 2, 2, 3, 1, 0, 1, 0, 0, 1, 2, 4, 1, 3, 4, 1, 2, 4, 3, 3, 3, 1, 0, 4, 3, 4, 3, 2, 2, 2, 2, 1, 1, 2, 4, 2, 2, 4, 3, 4, 4, 4]|[0, 2, 0, 1, 3, 0, 1, 3, 0, 0, 2, 0, 1, 0, 1, 0, 0, 0, 1, 0, 0, 2, 0, 0, 1, 0, 0, 3, 0, 1, 0, 2, 0, 0, 3, 0, 1, 3, 1, 0, 0, 1, 1, 3, 0, 0, 1, 0, 2, 0, 0, 0, 0, 0, 1, 0, 0, 0, 1, 1, 0, 2, 0, 0, 0, 1, 0, 0, 0, 2, 0, 0, 1, 0, 0, 2, 0, 0, 3, 0, 0, 2, 0, 3, 0, 0, 1, 0, 0, 1, 0, 0, 2, 1, 0, 3, 0, 2, 1, 2],894.5174754386885,53069.88264179214,120490.8728779781,false
7,G3_TWC,G4_BALANCED,[31, 22, 82, 15, 26, 9, 95, 42, 77, 12, 47, 5, 93, 78, 86, 54, 85, 63, 18, 44, 20, 35, 43, 97, 91, 76, 10, 30, 21, 45, 71, 64, 1, 23, 17, 83, 24, 14, 60, 36, 6, 57, 40, 88, 65, 56, 79, 94, 67, 68, 46, 75, 38, 58, 19, 32, 81, 41, 27, 62, 87, 90, 99, 59, 11, 16, 72, 73, 70, 39, 37, 84, 3, 92, 25, 55, 28, 29, 51, 7, 66, 61, 98, 33, 89, 50, 48, 96, 80, 53, 8, 2, 13, 4, 52, 49, 0, 69, 74, 34]|[1, 1, 0, 1, 1, 0, 1, 2, 2, 1, 2, 2, 2, 1, 1, 0, 0, 1, 0, 2, 2, 0, 1, 2, 0, 1, 2, 2, 0, 0, 1, 2, 1, 2, 1, 0, 2, 0, 1, 1, 0, 1, 1, 1, 0, 2, 1, 1, 0, 0, 0, 0, 1, 1, 2, 1, 2, 1, 0, 0, 2, 1, 0, 1, 2, 1, 2, 1, 1, 1, 1, 1, 1, 0, 1, 1, 0, 0, 0, 1, 0, 1, 0, 0, 1, 0, 0, 0, 0, 0, 1, 0, 0, 1, 1, 0, 0, 1, 2, 2]|[4, 3, 2, 2, 4, 1, 2, 2, 2, 4, 1, 1, 2, 4, 4, 1, 2, 4, 2, 1, 1, 1, 1, 2, 1, 2, 1, 1, 1, 1, 3, 2, 3, 0, 4, 0, 1, 1, 0, 3, 2, 2, 2, 0, 1, 1, 0, 4, 0, 1, 2, 2, 1, 0, 0, 3, 2, 4, 1, 2, 2, 3, 1, 1, 1, 3, 0, 4, 3, 1, 4, 1, 1, 0, 4, 4, 2, 1, 1, 1, 2, 3, 1, 2, 1, 1, 1, 1, 1, 2, 3, 2, 2, 4, 1, 1, 2, 4, 1, 1]|[0, 2, 1, 1, 3, 0, 1, 0, 0, 0, 0, 0, 1, 0, 1, 0, 0, 3, 1, 0, 0, 0, 3, 1, 0, 2, 0, 0, 0, 1, 0, 0, 0, 0, 3, 0, 1, 0, 0, 2, 1, 1, 1, 0, 0, 0, 0, 2, 1, 0, 0, 0, 1, 3, 0, 0, 1, 2, 0, 1, 0, 2, 0, 1, 0, 2, 1, 0, 0, 1, 1, 3, 1, 1, 3, 3, 1, 0, 0, 2, 1, 0, 0, 1, 1, 0, 0, 0, 0, 1, 2, 0, 0, 0, 1, 1, 0, 2, 0, 0],837.860322213604,57672.71522530174,94775.43432162958,true
7,G1_CMAX,G1_CMAX,[31, 22, 82, 15, 73, 9, 95, 42, 77, 12, 47, 98, 93, 78, 86, 54, 85, 63, 18, 44, 20, 35, 43, 97, 37, 76, 10, 30, 21, 45, 61, 64, 1, 23, 17, 83, 24, 41, 60, 36, 6, 57, 40, 88, 65, 56, 79, 69, 67, 68, 46, 75, 38, 58, 19, 32, 81, 48, 27, 62, 87, 90, 99, 59, 11, 16, 72, 26, 70, 89, 91, 84, 3, 92, 25, 55, 28, 51, 29, 7, 96, 74, 5, 14, 39, 80, 33, 8, 50, 53, 66, 2, 34, 4, 52, 49, 0, 94, 71, 13]|[1, 1, 0, 1, 1, 0, 1, 2, 2, 1, 2, 2, 2, 1, 1, 0, 0, 0, 0, 2, 2, 0, 1, 2, 0, 1, 2, 2, 0, 0, 1, 2, 1, 2, 1, 0, 2, 1, 1, 1, 0, 1, 1, 1, 0, 2, 1, 2, 0, 0, 0, 0, 1, 1, 2, 1, 2, 1, 0, 0, 2, 1, 0, 1, 2, 1, 2, 1, 1, 1, 0, 1, 1, 0, 1, 1, 1, 0, 1, 1, 0, 2, 2, 0, 1, 0, 0, 1, 0, 0, 2, 0, 2, 1, 2, 0, 0, 1, 2, 0]|[4, 3, 2, 2, 4, 1, 2, 2, 1, 4, 0, 1, 2, 4, 4, 1, 2, 1, 2, 1, 1, 1, 1, 2, 1, 2, 1, 1, 1, 1, 1, 2, 3, 0, 4, 0, 1, 4, 0, 3, 2, 2, 2, 0, 1, 1, 0, 2, 0, 1, 2, 2, 1, 4, 0, 3, 1, 4, 1, 2, 2, 3, 1, 1, 1, 3, 0, 4, 3, 1, 1, 1, 1, 0, 4, 4, 4, 1, 3, 1, 1, 0, 1, 2, 1, 1, 2, 3, 1, 2, 0, 2, 1, 4, 1, 1, 2, 4, 1, 2]|[0, 2, 1, 1, 3, 0, 1, 0, 0, 0, 0, 0, 1, 0, 1, 0, 0, 0, 1, 0, 0, 0, 3, 1, 0, 2, 0, 0, 0, 1, 3, 0, 0, 0, 3, 0, 1, 3, 0, 2, 1, 1, 1, 0, 0, 0, 0, 0, 1, 0, 0, 0, 1, 3, 0, 0, 0, 2, 0, 1, 0, 2, 0, 1, 0, 2, 1, 0, 0, 1, 0, 3, 1, 1, 3, 3, 1, 0, 0, 2, 0, 0, 0, 0, 1, 0, 1, 2, 0, 1, 0, 0, 0, 0, 0, 1, 0, 2, 0, 0],789.0469836246521,56736.66854690487,109055.00294687356,false
7,G4_BALANCED,G4_BALANCED,[31, 22, 82, 15, 26, 9, 95, 42, 77, 12, 47, 5, 93, 78, 86, 54, 85, 63, 18, 44, 20, 35, 43, 97, 91, 76, 10, 30, 21, 45, 71, 64, 1, 23, 17, 83, 24, 14, 60, 36, 6, 57, 40, 88, 65, 56, 79, 69, 67, 68, 46, 75, 38, 58, 19, 32, 81, 48, 27, 62, 87, 90, 99, 59, 11, 16, 72, 73, 61, 39, 37, 84, 3, 92, 25, 55, 28, 98, 51, 7, 66, 70, 29, 41, 89, 50, 8, 96, 33, 53, 80, 2, 13, 4, 52, 49, 0, 94, 74, 34]|[1, 1, 0, 1, 1, 0, 1, 2, 2, 1, 2, 2, 2, 1, 1, 0, 0, 1, 0, 2, 2, 0, 1, 2, 0, 1, 2, 2, 0, 0, 1, 2, 1, 0, 1, 0, 2, 0, 1, 1, 0, 1, 1, 1, 0, 2, 1, 2, 0, 0, 0, 0, 1, 1, 2, 1, 2, 1, 0, 0, 2, 1, 0, 1, 2, 1, 2, 1, 1, 1, 1, 1, 1, 0, 1, 1, 0, 2, 0, 1, 2, 1, 0, 0, 1, 0, 1, 0, 2, 0, 0, 0, 0, 1, 2, 0, 0, 1, 2, 2]|[4, 3, 2, 2, 4, 1, 2, 2, 2, 4, 1, 1, 2, 4, 4, 1, 2, 4, 2, 1, 1, 1, 1, 2, 1, 2, 1, 1, 1, 1, 3, 2, 3, 0, 4, 0, 1, 1, 0, 3, 2, 2, 2, 0, 1, 1, 0, 2, 0, 1, 2, 2, 1, 0, 0, 3, 2, 4, 1, 2, 2, 3, 1, 1, 1, 3, 0, 4, 3, 1, 4, 1, 1, 0, 4, 4, 2, 1, 1, 1, 0, 3, 1, 1, 1, 1, 3, 1, 1, 2, 1, 2, 2, 4, 1, 1, 2, 4, 1, 1]|[0, 2, 1, 1, 3, 0, 1, 0, 0, 0, 0, 0, 1, 0, 1, 0, 0, 3, 1, 0, 0, 0, 3, 1, 0, 2, 0, 0, 0, 1, 0, 0, 0, 0, 3, 0, 1, 0, 0, 2, 1, 1, 1, 0, 0, 0, 0, 0, 1, 0, 0, 0, 1, 3, 0, 0, 1, 2, 0, 1, 0, 2, 0, 1, 0, 2, 1, 0, 0, 1, 1, 3, 1, 1, 3, 3, 1, 0, 0, 2, 0, 0, 0, 0, 1, 0, 2, 0, 0, 1, 0, 0, 0, 0, 0, 1, 0, 2, 0, 0],800.8028950790023,56722.67338842171,98268.19761861338,false
7,G2_TEC,G2_TEC,[31, 22, 82, 15, 26, 9, 95, 42, 77, 4, 47, 5, 93, 78, 86, 54, 85, 63, 18, 44, 20, 49, 36, 14, 74, 50, 53, 17, 21, 45, 71, 64, 3, 23, 30, 83, 24, 41, 60, 52, 65, 27, 90, 70, 39, 87, 48, 69, 99, 68, 46, 1, 38, 58, 97, 59, 28, 8, 73, 37, 35, 79, 11, 66, 76, 57, 40, 80, 96, 6, 16, 61, 33, 98, 32, 34, 51, 67, 10, 7, 56, 43, 29, 19, 91, 13, 62, 92, 0, 81, 2, 55, 88, 84, 75, 25, 12, 94, 89, 72]|[2, 1, 2, 1, 1, 2, 1, 1, 1, 1, 1, 0, 2, 2, 1, 2, 0, 0, 0, 2, 2, 1, 0, 2, 0, 2, 2, 1, 0, 1, 1, 1, 0, 0, 1, 0, 2, 1, 2, 2, 0, 1, 1, 1, 0, 2, 0, 2, 1, 0, 0, 2, 2, 0, 2, 0, 2, 1, 0, 0, 2, 1, 0, 2, 2, 0, 2, 2, 0, 1, 2, 1, 1, 0, 0, 1, 1, 1, 1, 2, 2, 1, 1, 1, 1, 0, 0, 0, 0, 1, 2, 0, 1, 0, 0, 1, 1, 1, 1, 1]|[0, 3, 0, 2, 4, 1, 4, 4, 2, 4, 3, 2, 1, 0, 2, 1, 1, 1, 2, 1, 2, 3, 0, 1, 0, 1, 1, 4, 1, 4, 3, 2, 2, 0, 4, 1, 1, 4, 0, 1, 2, 2, 4, 4, 1, 1, 0, 2, 3, 1, 2, 1, 2, 1, 1, 2, 0, 3, 0, 2, 2, 3, 1, 0, 1, 0, 0, 1, 2, 4, 1, 3, 4, 1, 2, 4, 3, 3, 3, 1, 0, 4, 3, 4, 3, 2, 2, 2, 2, 1, 1, 2, 4, 2, 2, 4, 3, 4, 4, 4]|[0, 2, 0, 1, 3, 0, 1, 3, 0, 0, 2, 0, 1, 0, 1, 0, 0, 0, 1, 0, 0, 2, 0, 0, 1, 0, 0, 3, 0, 1, 0, 2, 0, 0, 3, 0, 1, 3, 1, 0, 0, 1, 1, 3, 0, 0, 1, 0, 2, 0, 0, 0, 0, 0, 1, 0, 0, 0, 1, 1, 0, 2, 0, 0, 0, 1, 0, 0, 0, 2, 0, 0, 1, 0, 0, 2, 0, 0, 3, 0, 0, 2, 0, 3, 0, 0, 1, 0, 0, 1, 0, 0, 2, 1, 0, 3, 0, 2, 1, 2],894.5174754386885,53069.88264179214,120490.8728779781,false
7,G3_TWC,G4_BALANCED,[31, 22, 82, 15, 26, 9, 95, 42, 77, 12, 47, 5, 93, 78, 86, 54, 85, 63, 18, 44, 20, 35, 43, 97, 91, 76, 10, 30, 21, 45, 71, 64, 1, 23, 17, 83, 24, 14, 60, 36, 6, 57, 40, 88, 65, 56, 79, 94, 67, 68, 46, 75, 38, 58, 19, 32, 81, 41, 27, 62, 87, 90, 99, 59, 11, 16, 72, 73, 70, 39, 37, 84, 3, 92, 25, 55, 28, 29, 51, 7, 66, 61, 98, 33, 89, 50, 48, 96, 80, 53, 8, 2, 13, 4, 52, 49, 0, 69, 74, 34]|[1, 1, 0, 1, 1, 0, 1, 2, 2, 1, 2, 2, 2, 1, 1, 0, 0, 1, 0, 2, 2, 0, 1, 2, 0, 1, 2, 2, 0, 0, 1, 2, 1, 2, 1, 0, 2, 0, 1, 1, 0, 1, 1, 1, 0, 2, 1, 1, 0, 0, 0, 0, 1, 1, 2, 1, 2, 1, 0, 0, 2, 1, 0, 1, 2, 1, 2, 1, 1, 1, 1, 1, 1, 0, 1, 1, 0, 0, 0, 1, 0, 1, 0, 0, 1, 0, 0, 0, 0, 0, 1, 0, 0, 1, 1, 0, 0, 1, 2, 2]|[4, 3, 2, 2, 4, 1, 2, 2, 2, 4, 1, 1, 2, 4, 4, 1, 2, 4, 2, 1, 1, 1, 1, 2, 1, 2, 1, 1, 1, 1, 3, 2, 3, 0, 4, 0, 1, 1, 0, 3, 2, 2, 2, 0, 1, 1, 0, 4, 0, 1, 2, 2, 1, 0, 0, 3, 2, 4, 1, 2, 2, 3, 1, 1, 1, 3, 0, 4, 3, 1, 4, 1, 1, 0, 4, 4, 2, 1, 1, 1, 2, 3, 1, 2, 1, 1, 1, 1, 1, 2, 3, 2, 2, 4, 1, 1, 2, 4, 1, 1]|[0, 2, 1, 1, 3, 0, 1, 0, 0, 0, 0, 0, 1, 0, 1, 0, 0, 3, 1, 0, 0, 0, 3, 1, 0, 2, 0, 0, 0, 1, 0, 0, 0, 0, 3, 0, 1, 0, 0, 2, 1, 1, 1, 0, 0, 0, 0, 2, 1, 0, 0, 0, 1, 3, 0, 0, 1, 2, 0, 1, 0, 2, 0, 1, 0, 2, 1, 0, 0, 1, 1, 3, 1, 1, 3, 3, 1, 0, 0, 2, 1, 0, 0, 1, 1, 0, 0, 0, 0, 1, 2, 0, 0, 0, 1, 1, 0, 2, 0, 0],837.860322213604,57672.71522530174,94775.43432162958,true
7,G1_CMAX,G1_CMAX,[31, 22, 82, 15, 73, 9, 95, 42, 77, 12, 47, 98, 93, 78, 86, 54, 85, 63, 18, 44, 20, 35, 43, 97, 37, 76, 10, 30, 21, 45, 61, 64, 1, 23, 17, 83, 24, 41, 60, 36, 6, 57, 40, 88, 65, 56, 79, 69, 67, 68, 46, 75, 38, 58, 19, 32, 81, 48, 27, 62, 87, 90, 99, 59, 11, 16, 72, 26, 70, 89, 91, 84, 3, 92, 25, 55, 28, 51, 29, 7, 96, 74, 5, 14, 39, 80, 33, 8, 50, 53, 66, 2, 34, 4, 52, 49, 0, 94, 71, 13]|[1, 1, 0, 1, 1, 0, 1, 2, 2, 1, 2, 2, 2, 1, 1, 0, 0, 0, 0, 2, 2, 0, 1, 2, 0, 1, 2, 2, 0, 0, 1, 2, 1, 2, 1, 0, 2, 1, 1, 1, 0, 1, 1, 1, 0, 2, 1, 2, 0, 0, 0, 0, 1, 1, 2, 1, 2, 1, 0, 0, 2, 1, 0, 1, 2, 1, 2, 1, 1, 1, 0, 1, 1, 0, 1, 1, 1, 0, 1, 1, 0, 2, 2, 0, 1, 0, 0, 1, 0, 0, 2, 0, 2, 1, 2, 0, 0, 1, 2, 0]|[4, 3, 2, 2, 4, 1, 2, 2, 1, 4, 0, 1, 2, 4, 4, 1, 2, 1, 2, 1, 1, 1, 1, 2, 1, 2, 1, 1, 1, 1, 1, 2, 3, 0, 4, 0, 1, 4, 0, 3, 2, 2, 2, 0, 1, 1, 0, 2, 0, 1, 2, 2, 1, 4, 0, 3, 1, 4, 1, 2, 2, 3, 1, 1, 1, 3, 0, 4, 3, 1, 1, 1, 1, 0, 4, 4, 4, 1, 3, 1, 1, 0, 1, 2, 1, 1, 2, 3, 1, 2, 0, 2, 1, 4, 1, 1, 2, 4, 1, 2]|[0, 2, 1, 1, 3, 0, 1, 0, 0, 0, 0, 0, 1, 0, 1, 0, 0, 0, 1, 0, 0, 0, 3, 1, 0, 2, 0, 0, 0, 1, 3, 0, 0, 0, 3, 0, 1, 3, 0, 2, 1, 1, 1, 0, 0, 0, 0, 0, 1, 0, 0, 0, 1, 3, 0, 0, 0, 2, 0, 1, 0, 2, 0, 1, 0, 2, 1, 0, 0, 1, 0, 3, 1, 1, 3, 3, 1, 0, 0, 2, 0, 0, 0, 0, 1, 0, 1, 2, 0, 1, 0, 0, 0, 0, 0, 1, 0, 2, 0, 0],789.0469836246521,56736.66854690487,109055.00294687356,false
7,G4_BALANCED,G2_TEC,[31, 22, 82, 15, 26, 9, 95, 42, 77, 4, 47, 5, 93, 78, 86, 54, 85, 63, 18, 44, 20, 49, 36, 14, 74, 50, 53, 17, 21, 45, 71, 64, 3, 23, 30, 83, 24, 41, 60, 52, 65, 27, 90, 70, 39, 87, 48, 69, 99, 68, 46, 1, 38, 58, 97, 59, 28, 8, 73, 37, 35, 79, 11, 66, 76, 57, 40, 80, 92, 6, 16, 61, 33, 98, 55, 34, 51, 67, 10, 7, 56, 88, 29, 19, 91, 13, 62, 96, 0, 81, 2, 32, 43, 84, 75, 25, 12, 94, 89, 72]|[2, 1, 2, 1, 1, 2, 1, 1, 1, 1, 1, 0, 2, 2, 1, 2, 0, 0, 0, 2, 2, 1, 0, 2, 0, 2, 2, 1, 0, 1, 1, 1, 0, 0, 1, 0, 2, 1, 2, 2, 0, 1, 1, 1, 0, 2, 0, 2, 1, 0, 0, 2, 2, 0, 2, 0, 2, 1, 0, 0, 2, 1, 0, 2, 2, 0, 2, 2, 0, 1, 1, 1, 1, 0, 0, 1, 1, 1, 1, 2, 2, 1, 1, 1, 1, 0, 0, 0, 0, 1, 2, 0, 1, 0, 0, 1, 1, 1, 1, 1]|[0, 3, 0, 2, 4, 1, 4, 4, 2, 4, 3, 2, 1, 0, 2, 1, 1, 1, 2, 1, 2, 3, 0, 1, 0, 1, 1, 4, 1, 4, 3, 2, 2, 0, 4, 1, 1, 4, 0, 1, 2, 2, 4, 4, 1, 1, 0, 2, 3, 1, 2, 1, 2, 1, 1, 2, 0, 3, 0, 2, 2, 3, 1, 0, 1, 0, 0, 1, 2, 4, 0, 3, 4, 1, 2, 4, 3, 3, 3, 1, 0, 4, 3, 4, 3, 2, 2, 2, 2, 1, 1, 2, 4, 2, 2, 4, 3, 4, 4, 4]|[0, 2, 0, 1, 3, 0, 1, 3, 0, 0, 2, 0, 1, 0, 1, 0, 0, 0, 1, 0, 0, 2, 0, 0, 1, 0, 0, 3, 0, 1, 0, 2, 0, 0, 3, 0, 1, 3, 1, 0, 0, 1, 1, 3, 0, 0, 1, 0, 2, 0, 0, 0, 0, 0, 1, 0, 0, 0, 1, 1, 0, 2, 0, 0, 0, 1, 0, 0, 0, 2, 1, 0, 1, 0, 0, 2, 0, 0, 3, 0, 0, 1, 0, 3, 0, 0, 1, 0, 0, 1, 0, 0, 2, 1, 0, 3, 0, 2, 1, 2],891.2158031956924,53221.58816605342,119130.92521132191,true
7,G2_TEC,G2_TEC,[31, 22, 82, 15, 26, 9, 95, 42, 77, 4, 47, 5, 93, 78, 86, 54, 85, 63, 18, 44, 20, 49, 36, 14, 74, 50, 53, 17, 21, 45, 71, 64, 3, 23, 30, 83, 24, 41, 60, 52, 65, 27, 90, 70, 39, 87, 48, 69, 99, 68, 46, 1, 38, 58, 97, 59, 28, 8, 73, 37, 35, 79, 11, 66, 76, 57, 40, 80, 96, 6, 16, 61, 33, 98, 32, 34, 51, 67, 10, 7, 56, 43, 29, 19, 91, 13, 62, 92, 0, 81, 2, 55, 88, 84, 75, 25, 12, 94, 89, 72]|[2, 1, 2, 1, 1, 2, 1, 1, 1, 1, 1, 0, 2, 2, 1, 2, 0, 0, 0, 2, 2, 1, 0, 2, 0, 2, 2, 1, 0, 1, 1, 1, 0, 0, 1, 0, 2, 1, 2, 2, 0, 1, 1, 1, 0, 2, 0, 2, 1, 0, 0, 2, 2, 0, 2, 0, 2, 1, 0, 0, 2, 1, 0, 2, 2, 0, 2, 2, 0, 1, 2, 1, 1, 0, 0, 1, 1, 1, 1, 2, 2, 1, 1, 1, 1, 0, 0, 0, 0, 1, 2, 0, 1, 0, 0, 1, 1, 1, 1, 1]|[0, 3, 0, 2, 4, 1, 4, 4, 2, 4, 3, 2, 1, 0, 2, 1, 1, 1, 2, 1, 2, 3, 0, 1, 0, 1, 1, 4, 1, 4, 3, 2, 2, 0, 4, 1, 1, 4, 0, 1, 2, 2, 4, 4, 1, 1, 0, 2, 3, 1, 2, 1, 2, 1, 1, 2, 0, 3, 0, 2, 2, 3, 1, 0, 1, 0, 0, 1, 2, 4, 1, 3, 4, 1, 2, 4, 3, 3, 3, 1, 0, 4, 3, 4, 3, 2, 2, 2, 2, 1, 1, 2, 4, 2, 2, 4, 3, 4, 4, 4]|[0, 2, 0, 1, 3, 0, 1, 3, 0, 0, 2, 0, 1, 0, 1, 0, 0, 0, 1, 0, 0, 2, 0, 0, 1, 0, 0, 3, 0, 1, 0, 2, 0, 0, 3, 0, 1, 3, 1, 0, 0, 1, 1, 3, 0, 0, 1, 0, 2, 0, 0, 0, 0, 0, 1, 0, 0, 0, 1, 1, 0, 2, 0, 0, 0, 1, 0, 0, 0, 2, 0, 0, 1, 0, 0, 2, 0, 0, 3, 0, 0, 2, 0, 3, 0, 0, 1, 0, 0, 1, 0, 0, 2, 1, 0, 3, 0, 2, 1, 2],894.5174754386885,53069.88264179214,120490.8728779781,false
7,G3_TWC,G4_BALANCED,[31, 22, 82, 15, 26, 9, 95, 42, 77, 12, 47, 5, 93, 78, 86, 54, 85, 63, 18, 44, 20, 35, 43, 97, 91, 76, 10, 30, 21, 45, 71, 64, 1, 23, 17, 83, 24, 14, 60, 36, 6, 57, 40, 88, 65, 56, 79, 94, 67, 68, 46, 75, 38, 58, 19, 32, 81, 41, 27, 62, 87, 90, 99, 59, 11, 16, 72, 73, 70, 39, 37, 84, 3, 92, 25, 55, 28, 29, 51, 7, 66, 61, 98, 33, 89, 50, 48, 96, 80, 53, 8, 2, 13, 4, 52, 49, 0, 69, 74, 34]|[1, 1, 0, 1, 1, 0, 1, 2, 2, 1, 2, 2, 2, 1, 1, 0, 0, 1, 0, 2, 2, 0, 1, 2, 0, 1, 2, 2, 0, 0, 1, 2, 1, 2, 1, 0, 2, 0, 1, 1, 0, 1, 1, 1, 0, 2, 1, 1, 0, 0, 0, 0, 1, 1, 2, 1, 2, 1, 0, 0, 2, 1, 0, 1, 2, 1, 2, 1, 1, 1, 1, 1, 1, 0, 1, 1, 0, 0, 0, 1, 0, 1, 0, 0, 1, 0, 0, 0, 0, 0, 1, 0, 0, 1, 1, 0, 0, 1, 2, 2]|[4, 3, 2, 2, 4, 1, 2, 2, 2, 4, 1, 1, 2, 4, 4, 1, 2, 4, 2, 1, 1, 1, 1, 2, 1, 2, 1, 1, 1, 1, 3, 2, 3, 0, 4, 0, 1, 1, 0, 3, 2, 2, 2, 0, 1, 1, 0, 4, 0, 1, 2, 2, 1, 0, 0, 3, 2, 4, 1, 2, 2, 3, 1, 1, 1, 3, 0, 4, 3, 1, 4, 1, 1, 0, 4, 4, 2, 1, 1, 1, 2, 3, 1, 2, 1, 1, 1, 1, 1, 2, 3, 2, 2, 4, 1, 1, 2, 4, 1, 1]|[0, 2, 1, 1, 3, 0, 1, 0, 0, 0, 0, 0, 1, 0, 1, 0, 0, 3, 1, 0, 0, 0, 3, 1, 0, 2, 0, 0, 0, 1, 0, 0, 0, 0, 3, 0, 1, 0, 0, 2, 1, 1, 1, 0, 0, 0, 0, 2, 1, 0, 0, 0, 1, 3, 0, 0, 1, 2, 0, 1, 0, 2, 0, 1, 0, 2, 1, 0, 0, 1, 1, 3, 1, 1, 3, 3, 1, 0, 0, 2, 1, 0, 0, 1, 1, 0, 0, 0, 0, 1, 2, 0, 0, 0, 1, 1, 0, 2, 0, 0],837.860322213604,57672.71522530174,94775.43432162958,true
7,G1_CMAX,G1_CMAX,[31, 22, 82, 15, 73, 9, 95, 42, 77, 12, 47, 98, 93, 78, 86, 54, 85, 63, 18, 44, 20, 35, 43, 97, 37, 76, 10, 30, 21, 45, 61, 64, 1, 23, 17, 83, 24, 41, 60, 36, 6, 57, 40, 88, 65, 56, 79, 69, 67, 68, 46, 75, 38, 58, 19, 32, 81, 48, 27, 62, 87, 90, 99, 59, 11, 16, 72, 26, 70, 89, 91, 84, 3, 92, 25, 55, 28, 51, 29, 7, 96, 74, 5, 14, 39, 80, 33, 8, 50, 53, 66, 2, 34, 4, 52, 49, 0, 94, 71, 13]|[1, 1, 0, 1, 1, 0, 1, 2, 2, 1, 2, 2, 2, 1, 1, 0, 0, 0, 0, 2, 2, 0, 1, 2, 0, 1, 2, 2, 0, 0, 1, 2, 1, 2, 1, 0, 2, 1, 1, 1, 0, 1, 1, 1, 0, 2, 1, 2, 0, 0, 0, 0, 1, 1, 2, 1, 2, 1, 0, 0, 2, 1, 0, 1, 2, 1, 2, 1, 1, 1, 0, 1, 1, 0, 1, 1, 1, 0, 1, 1, 0, 2, 2, 0, 1, 0, 0, 1, 0, 0, 2, 0, 2, 1, 2, 0, 0, 1, 2, 0]|[4, 3, 2, 2, 4, 1, 2, 2, 1, 4, 0, 1, 2, 4, 4, 1, 2, 1, 2, 1, 1, 1, 1, 2, 1, 2, 1, 1, 1, 1, 1, 2, 3, 0, 4, 0, 1, 4, 0, 3, 2, 2, 2, 0, 1, 1, 0, 2, 0, 1, 2, 2, 1, 4, 0, 3, 1, 4, 1, 2, 2, 3, 1, 1, 1, 3, 0, 4, 3, 1, 1, 1, 1, 0, 4, 4, 4, 1, 3, 1, 1, 0, 1, 2, 1, 1, 2, 3, 1, 2, 0, 2, 1, 4, 1, 1, 2, 4, 1, 2]|[0, 2, 1, 1, 3, 0, 1, 0, 0, 0, 0, 0, 1, 0, 1, 0, 0, 0, 1, 0, 0, 0, 3, 1, 0, 2, 0, 0, 0, 1, 3, 0, 0, 0, 3, 0, 1, 3, 0, 2, 1, 1, 1, 0, 0, 0, 0, 0, 1, 0, 0, 0, 1, 3, 0, 0, 0, 2, 0, 1, 0, 2, 0, 1, 0, 2, 1, 0, 0, 1, 0, 3, 1, 1, 3, 3, 1, 0, 0, 2, 0, 0, 0, 0, 1, 0, 1, 2, 0, 1, 0, 0, 0, 0, 0, 1, 0, 2, 0, 0],789.0469836246521,56736.66854690487,109055.00294687356,false
7,G4_BALANCED,G2_TEC,[31, 22, 82, 15, 26, 9, 95, 42, 77, 4, 47, 5, 93, 78, 86, 54, 85, 63, 18, 44, 20, 49, 36, 14, 74, 50, 53, 17, 21, 45, 71, 64, 3, 23, 30, 83, 24, 41, 60, 52, 65, 27, 90, 70, 89, 87, 48, 69, 99, 68, 46, 1, 39, 32, 97, 59, 28, 8, 73, 37, 35, 79, 11, 66, 76, 57, 72, 16, 92, 6, 80, 61, 33, 98, 58, 34, 51, 67, 10, 7, 56, 88, 29, 19, 91, 13, 12, 96, 0, 81, 2, 55, 43, 84, 75, 25, 62, 94, 38, 40]|[2, 1, 2, 1, 1, 2, 1, 1, 1, 1, 1, 0, 2, 2, 1, 2, 0, 0, 0, 2, 2, 1, 0, 2, 0, 2, 2, 1, 0, 1, 1, 1, 0, 0, 1, 0, 2, 1, 2, 2, 0, 1, 1, 1, 1, 1, 0, 2, 1, 0, 0, 2, 2, 0, 2, 0, 2, 1, 0, 0, 2, 1, 0, 2, 2, 0, 0, 2, 0, 0, 2, 1, 1, 0, 0, 1, 1, 0, 1, 2, 2, 1, 1, 2, 1, 0, 1, 0, 0, 1, 2, 0, 1, 0, 2, 1, 0, 1, 1, 2]|[0, 3, 0, 2, 4, 1, 4, 4, 2, 4, 3, 2, 1, 0, 2, 1, 1, 1, 2, 1, 2, 3, 0, 1, 0, 1, 1, 4, 1, 0, 3, 2, 2, 0, 4, 1, 1, 4, 0, 1, 2, 2, 4, 4, 4, 0, 0, 2, 3, 1, 2, 1, 2, 2, 1, 2, 0, 3, 0, 2, 2, 3, 1, 0, 1, 0, 2, 1, 0, 1, 1, 3, 4, 1, 1, 4, 3, 1, 3, 1, 0, 4, 3, 0, 3, 2, 3, 2, 2, 1, 1, 2, 4, 2, 2, 4, 2, 4, 4, 0]|[0, 2, 0, 1, 3, 0, 1, 3, 0, 0, 2, 0, 1, 0, 1, 0, 0, 0, 1, 0, 0, 2, 0, 0, 1, 0, 0, 3, 0, 1, 0, 2, 0, 0, 3, 0, 1, 3, 1, 0, 0, 1, 1, 3, 1, 0, 1, 0, 2, 0, 0, 0, 0, 0, 1, 0, 0, 0, 1, 1, 0, 2, 0, 0, 0, 1, 1, 0, 1, 0, 0, 0, 1, 0, 0, 2, 0, 0, 3, 0, 0, 1, 0, 0, 0, 0, 0, 0, 0, 1, 0, 0, 2, 1, 1, 3, 1, 2, 1, 0],839.6890277062986,54681.99845469262,112904.53001143686,true
7,G2_TEC,G2_TEC,[31, 22, 82, 15, 26, 9, 95, 42, 77, 4, 47, 5, 93, 78, 86, 54, 85, 63, 18, 44, 20, 49, 36, 14, 74, 50, 53, 17, 21, 45, 71, 64, 3, 23, 30, 83, 24, 41, 60, 52, 65, 27, 90, 70, 39, 87, 48, 69, 99, 68, 46, 1, 38, 58, 97, 59, 28, 8, 73, 37, 35, 79, 11, 66, 76, 57, 40, 80, 96, 6, 16, 61, 33, 98, 32, 34, 51, 67, 10, 7, 56, 43, 29, 19, 91, 13, 62, 92, 0, 81, 2, 55, 88, 84, 75, 25, 12, 94, 89, 72]|[2, 1, 2, 1, 1, 2, 1, 1, 1, 1, 1, 0, 2, 2, 1, 2, 0, 0, 0, 2, 2, 1, 0, 2, 0, 2, 2, 1, 0, 1, 1, 1, 0, 0, 1, 0, 2, 1, 2, 2, 0, 1, 1, 1, 0, 2, 0, 2, 1, 0, 0, 2, 2, 0, 2, 0, 2, 1, 0, 0, 2, 1, 0, 2, 2, 0, 2, 2, 0, 1, 2, 1, 1, 0, 0, 1, 1, 1, 1, 2, 2, 1, 1, 1, 1, 0, 0, 0, 0, 1, 2, 0, 1, 0, 0, 1, 1, 1, 1, 1]|[0, 3, 0, 2, 4, 1, 4, 4, 2, 4, 3, 2, 1, 0, 2, 1, 1, 1, 2, 1, 2, 3, 0, 1, 0, 1, 1, 4, 1, 4, 3, 2, 2, 0, 4, 1, 1, 4, 0, 1, 2, 2, 4, 4, 1, 1, 0, 2, 3, 1, 2, 1, 2, 1, 1, 2, 0, 3, 0, 2, 2, 3, 1, 0, 1, 0, 0, 1, 2, 4, 1, 3, 4, 1, 2, 4, 3, 3, 3, 1, 0, 4, 3, 4, 3, 2, 2, 2, 2, 1, 1, 2, 4, 2, 2, 4, 3, 4, 4, 4]|[0, 2, 0, 1, 3, 0, 1, 3, 0, 0, 2, 0, 1, 0, 1, 0, 0, 0, 1, 0, 0, 2, 0, 0, 1, 0, 0, 3, 0, 1, 0, 2, 0, 0, 3, 0, 1, 3, 1, 0, 0, 1, 1, 3, 0, 0, 1, 0, 2, 0, 0, 0, 0, 0, 1, 0, 0, 0, 1, 1, 0, 2, 0, 0, 0, 1, 0, 0, 0, 2, 0, 0, 1, 0, 0, 2, 0, 0, 3, 0, 0, 2, 0, 3, 0, 0, 1, 0, 0, 1, 0, 0, 2, 1, 0, 3, 0, 2, 1, 2],894.5174754386885,53069.88264179214,120490.8728779781,false
7,G3_TWC,G4_BALANCED,[31, 22, 82, 15, 26, 9, 95, 42, 77, 12, 47, 5, 93, 78, 86, 54, 85, 63, 18, 44, 20, 35, 43, 97, 91, 76, 10, 30, 21, 45, 71, 64, 1, 23, 17, 83, 24, 14, 60, 36, 6, 57, 40, 88, 65, 56, 79, 94, 67, 68, 46, 75, 38, 58, 19, 32, 81, 41, 27, 62, 87, 90, 99, 59, 11, 16, 72, 73, 70, 39, 37, 84, 3, 92, 25, 55, 28, 29, 51, 7, 66, 61, 98, 33, 89, 50, 48, 96, 80, 53, 8, 2, 13, 4, 52, 49, 0, 69, 74, 34]|[1, 1, 0, 1, 1, 0, 1, 2, 2, 1, 2, 2, 2, 1, 1, 0, 0, 1, 0, 2, 2, 0, 1, 2, 0, 1, 2, 2, 0, 0, 1, 2, 1, 2, 1, 0, 2, 0, 1, 1, 0, 1, 1, 1, 0, 2, 1, 1, 0, 0, 0, 0, 1, 1, 2, 1, 2, 1, 0, 0, 2, 1, 0, 1, 2, 1, 2, 1, 1, 1, 1, 1, 1, 0, 1, 1, 0, 0, 0, 1, 0, 1, 0, 0, 1, 0, 0, 0, 0, 0, 1, 0, 0, 1, 1, 0, 0, 1, 2, 2]|[4, 3, 2, 2, 4, 1, 2, 2, 2, 4, 1, 1, 2, 4, 4, 1, 2, 4, 2, 1, 1, 1, 1, 2, 1, 2, 1, 1, 1, 1, 3, 2, 3, 0, 4, 0, 1, 1, 0, 3, 2, 2, 2, 0, 1, 1, 0, 4, 0, 1, 2, 2, 1, 0, 0, 3, 2, 4, 1, 2, 2, 3, 1, 1, 1, 3, 0, 4, 3, 1, 4, 1, 1, 0, 4, 4, 2, 1, 1, 1, 2, 3, 1, 2, 1, 1, 1, 1, 1, 2, 3, 2, 2, 4, 1, 1, 2, 4, 1, 1]|[0, 2, 1, 1, 3, 0, 1, 0, 0, 0, 0, 0, 1, 0, 1, 0, 0, 3, 1, 0, 0, 0, 3, 1, 0, 2, 0, 0, 0, 1, 0, 0, 0, 0, 3, 0, 1, 0, 0, 2, 1, 1, 1, 0, 0, 0, 0, 2, 1, 0, 0, 0, 1, 3, 0, 0, 1, 2, 0, 1, 0, 2, 0, 1, 0, 2, 1, 0, 0, 1, 1, 3, 1, 1, 3, 3, 1, 0, 0, 2, 1, 0, 0, 1, 1, 0, 0, 0, 0, 1, 2, 0, 0, 0, 1, 1, 0, 2, 0, 0],837.860322213604,57672.71522530174,94775.43432162958,true
7,G1_CMAX,G1_CMAX,[31, 22, 82, 15, 73, 9, 95, 42, 77, 12, 47, 98, 93, 78, 86, 54, 85, 63, 18, 44, 20, 35, 43, 97, 37, 76, 10, 30, 21, 45, 61, 64, 1, 23, 17, 83, 24, 41, 60, 36, 6, 57, 40, 88, 65, 56, 79, 69, 67, 68, 46, 75, 38, 58, 19, 32, 81, 48, 27, 62, 87, 90, 99, 59, 11, 16, 72, 26, 70, 89, 91, 84, 3, 92, 25, 55, 28, 51, 29, 7, 96, 74, 5, 14, 39, 80, 33, 8, 50, 53, 66, 2, 34, 4, 52, 49, 0, 94, 71, 13]|[1, 1, 0, 1, 1, 0, 1, 2, 2, 1, 2, 2, 2, 1, 1, 0, 0, 0, 0, 2, 2, 0, 1, 2, 0, 1, 2, 2, 0, 0, 1, 2, 1, 2, 1, 0, 2, 1, 1, 1, 0, 1, 1, 1, 0, 2, 1, 2, 0, 0, 0, 0, 1, 1, 2, 1, 2, 1, 0, 0, 2, 1, 0, 1, 2, 1, 2, 1, 1, 1, 0, 1, 1, 0, 1, 1, 1, 0, 1, 1, 0, 2, 2, 0, 1, 0, 0, 1, 0, 0, 2, 0, 2, 1, 2, 0, 0, 1, 2, 0]|[4, 3, 2, 2, 4, 1, 2, 2, 1, 4, 0, 1, 2, 4, 4, 1, 2, 1, 2, 1, 1, 1, 1, 2, 1, 2, 1, 1, 1, 1, 1, 2, 3, 0, 4, 0, 1, 4, 0, 3, 2, 2, 2, 0, 1, 1, 0, 2, 0, 1, 2, 2, 1, 4, 0, 3, 1, 4, 1, 2, 2, 3, 1, 1, 1, 3, 0, 4, 3, 1, 1, 1, 1, 0, 4, 4, 4, 1, 3, 1, 1, 0, 1, 2, 1, 1, 2, 3, 1, 2, 0, 2, 1, 4, 1, 1, 2, 4, 1, 2]|[0, 2, 1, 1, 3, 0, 1, 0, 0, 0, 0, 0, 1, 0, 1, 0, 0, 0, 1, 0, 0, 0, 3, 1, 0, 2, 0, 0, 0, 1, 3, 0, 0, 0, 3, 0, 1, 3, 0, 2, 1, 1, 1, 0, 0, 0, 0, 0, 1, 0, 0, 0, 1, 3, 0, 0, 0, 2, 0, 1, 0, 2, 0, 1, 0, 2, 1, 0, 0, 1, 0, 3, 1, 1, 3, 3, 1, 0, 0, 2, 0, 0, 0, 0, 1, 0, 1, 2, 0, 1, 0, 0, 0, 0, 0, 1, 0, 2, 0, 0],789.0469836246521,56736.66854690487,109055.00294687356,false
7,G4_BALANCED,G2_TEC,[31, 22, 82, 15, 26, 9, 95, 42, 77, 4, 47, 5, 93, 78, 86, 54, 85, 63, 18, 44, 20, 49, 36, 14, 74, 50, 53, 17, 21, 45, 71, 64, 3, 23, 30, 83, 24, 41, 60, 52, 65, 27, 90, 70, 39, 87, 48, 69, 99, 68, 46, 1, 38, 58, 97, 59, 28, 8, 73, 37, 35, 79, 11, 66, 76, 57, 40, 80, 92, 6, 16, 61, 33, 98, 55, 34, 51, 67, 10, 7, 89, 43, 94, 19, 91, 13, 29, 96, 62, 81, 84, 72, 88, 32, 75, 25, 12, 0, 56, 2]|[2, 1, 2, 1, 1, 2, 1, 1, 1, 1, 1, 0, 2, 2, 1, 2, 0, 0, 0, 2, 2, 1, 0, 2, 0, 2, 2, 1, 0, 1, 1, 1, 0, 0, 1, 0, 2, 1, 2, 2, 0, 1, 1, 1, 0, 2, 0, 2, 1, 0, 0, 2, 2, 0, 2, 0, 2, 1, 0, 0, 2, 1, 0, 2, 2, 0, 2, 1, 0, 1, 1, 1, 1, 0, 0, 1, 1, 0, 1, 2, 1, 1, 1, 2, 1, 0, 1, 0, 0, 1, 0, 1, 1, 0, 0, 1, 1, 0, 2, 2]|[0, 3, 0, 2, 4, 1, 4, 4, 2, 4, 3, 2, 1, 0, 2, 1, 1, 1, 2, 1, 2, 3, 0, 1, 0, 1, 1, 4, 1, 4, 3, 2, 2, 0, 4, 1, 1, 4, 0, 1, 2, 2, 4, 4, 1, 1, 0, 2, 3, 1, 2, 1, 2, 1, 1, 2, 0, 3, 0, 2, 2, 3, 1, 0, 1, 0, 0, 0, 0, 4, 0, 3, 4, 1, 2, 4, 3, 1, 3, 1, 4, 4, 4, 0, 3, 2, 3, 2, 2, 1, 2, 4, 4, 2, 2, 4, 3, 2, 0, 1]|[0, 2, 0, 1, 3, 0, 1, 3, 0, 0, 2, 0, 1, 0, 1, 0, 0, 0, 1, 0, 0, 2, 0, 0, 1, 0, 0, 3, 0, 1, 0, 2, 0, 0, 3, 0, 1, 3, 1, 0, 0, 1, 1, 3, 0, 0, 1, 0, 2, 0, 0, 0, 0, 0, 1, 0, 0, 0, 1, 1, 0, 2, 0, 0, 0, 1, 0, 1, 1, 2, 1, 0, 1, 0, 0, 2, 0, 0, 3, 0, 1, 2, 2, 0, 0, 0, 0, 0, 1, 1, 1, 2, 1, 0, 0, 3, 0, 0, 0, 0],865.0715789166196,53977.38504636204,118223.24788996225,true
7,G2_TEC,G2_TEC,[31, 22, 82, 15, 26, 9, 95, 42, 77, 4, 47, 5, 93, 78, 86, 54, 85, 63, 18, 44, 20, 49, 36, 14, 74, 50, 53, 17, 21, 45, 71, 64, 3, 23, 30, 83, 24, 41, 60, 52, 65, 27, 90, 70, 39, 87, 48, 69, 99, 68, 46, 1, 38, 58, 97, 59, 28, 8, 73, 37, 35, 79, 11, 66, 76, 57, 40, 80, 96, 6, 16, 61, 33, 98, 55, 34, 62, 67, 10, 7, 56, 88, 51, 19, 91, 13, 29, 92, 0, 81, 2, 32, 43, 72, 75, 25, 12, 94, 89, 84]|[2, 1, 2, 1, 1, 2, 1, 1, 1, 1, 1, 0, 2, 2, 1, 2, 0, 0, 0, 2, 2, 1, 0, 2, 0, 2, 2, 1, 0, 1, 1, 1, 0, 0, 1, 0, 2, 1, 2, 2, 0, 1, 1, 1, 0, 2, 0, 2, 1, 0, 0, 2, 2, 0, 2, 0, 2, 1, 0, 0, 2, 1, 0, 2, 2, 0, 2, 2, 0, 1, 2, 1, 1, 0, 0, 1, 0, 1, 1, 2, 2, 1, 1, 1, 1, 0, 1, 0, 0, 1, 2, 0, 1, 1, 0, 1, 1, 1, 1, 0]|[0, 3, 0, 2, 4, 1, 4, 4, 2, 4, 3, 2, 1, 0, 2, 1, 1, 1, 2, 1, 2, 3, 0, 1, 0, 1, 1, 4, 1, 4, 3, 2, 2, 0, 4, 1, 1, 4, 0, 1, 2, 2, 4, 4, 1, 1, 0, 2, 3, 1, 2, 1, 2, 1, 1, 2, 1, 3, 0, 2, 2, 3, 1, 0, 1, 0, 0, 1, 2, 4, 1, 3, 4, 2, 2, 4, 2, 3, 3, 1, 0, 4, 3, 4, 3, 2, 3, 2, 2, 1, 1, 2, 4, 4, 2, 4, 3, 4, 4, 2]|[0, 2, 0, 1, 3, 0, 1, 3, 0, 0, 2, 0, 1, 0, 1, 0, 0, 0, 1, 0, 0, 2, 0, 0, 1, 0, 0, 3, 0, 1, 0, 2, 0, 0, 3, 0, 1, 3, 1, 0, 0, 1, 1, 3, 0, 0, 1, 0, 2, 0, 0, 0, 0, 0, 1, 0, 0, 0, 1, 1, 0, 2, 0, 0, 0, 1, 0, 0, 0, 2, 0, 0, 1, 0, 0, 2, 1, 0, 3, 0, 0, 2, 0, 3, 0, 0, 0, 0, 0, 1, 0, 0, 2, 2, 0, 3, 0, 2, 1, 1],893.4291983439321,52943.425650834826,118818.08084126055,false
7,G3_TWC,G4_BALANCED,[31, 22, 82, 15, 26, 9, 95, 42, 77, 12, 47, 5, 93, 78, 86, 54, 85, 63, 18, 44, 20, 35, 43, 97, 91, 76, 10, 30, 21, 45, 71, 64, 1, 23, 17, 83, 24, 14, 60, 36, 6, 57, 40, 88, 65, 56, 79, 94, 67, 68, 46, 75, 38, 58, 19, 32, 81, 41, 27, 62, 87, 90, 99, 59, 11, 16, 72, 73, 70, 39, 37, 84, 3, 92, 25, 55, 28, 29, 51, 7, 66, 61, 98, 33, 89, 50, 48, 96, 80, 53, 8, 2, 13, 4, 52, 49, 0, 69, 74, 34]|[1, 1, 0, 1, 1, 0, 1, 2, 2, 1, 2, 2, 2, 1, 1, 0, 0, 1, 0, 2, 2, 0, 1, 2, 0, 1, 2, 2, 0, 0, 1, 2, 1, 2, 1, 0, 2, 0, 1, 1, 0, 1, 1, 1, 0, 2, 1, 1, 0, 0, 0, 0, 1, 1, 2, 1, 2, 1, 0, 0, 2, 1, 0, 1, 2, 1, 2, 1, 1, 1, 1, 1, 1, 0, 1, 1, 0, 0, 0, 1, 0, 1, 0, 0, 1, 0, 0, 0, 0, 0, 1, 0, 0, 1, 1, 0, 0, 1, 2, 2]|[4, 3, 2, 2, 4, 1, 2, 2, 2, 4, 1, 1, 2, 4, 4, 1, 2, 4, 2, 1, 1, 1, 1, 2, 1, 2, 1, 1, 1, 1, 3, 2, 3, 0, 4, 0, 1, 1, 0, 3, 2, 2, 2, 0, 1, 1, 0, 4, 0, 1, 2, 2, 1, 0, 0, 3, 2, 4, 1, 2, 2, 3, 1, 1, 1, 3, 0, 4, 3, 1, 4, 1, 1, 0, 4, 4, 2, 1, 1, 1, 2, 3, 1, 2, 1, 1, 1, 1, 1, 2, 3, 2, 2, 4, 1, 1, 2, 4, 1, 1]|[0, 2, 1, 1, 3, 0, 1, 0, 0, 0, 0, 0, 1, 0, 1, 0, 0, 3, 1, 0, 0, 0, 3, 1, 0, 2, 0, 0, 0, 1, 0, 0, 0, 0, 3, 0, 1, 0, 0, 2, 1, 1, 1, 0, 0, 0, 0, 2, 1, 0, 0, 0, 1, 3, 0, 0, 1, 2, 0, 1, 0, 2, 0, 1, 0, 2, 1, 0, 0, 1, 1, 3, 1, 1, 3, 3, 1, 0, 0, 2, 1, 0, 0, 1, 1, 0, 0, 0, 0, 1, 2, 0, 0, 0, 1, 1, 0, 2, 0, 0],837.860322213604,57672.71522530174,94775.43432162958,true
7,G1_CMAX,G1_CMAX,[31, 22, 82, 15, 73, 9, 95, 42, 77, 12, 47, 98, 93, 78, 86, 54, 85, 63, 18, 44, 20, 35, 43, 97, 37, 76, 10, 30, 21, 45, 61, 64, 1, 23, 17, 83, 24, 41, 60, 36, 6, 57, 40, 88, 65, 56, 79, 69, 67, 68, 46, 75, 38, 58, 19, 32, 81, 48, 27, 62, 87, 90, 99, 59, 11, 16, 72, 26, 70, 89, 91, 84, 3, 92, 25, 55, 28, 51, 29, 7, 96, 74, 5, 14, 39, 80, 33, 8, 50, 53, 66, 2, 34, 4, 52, 49, 0, 94, 71, 13]|[1, 1, 0, 1, 1, 0, 1, 2, 2, 1, 2, 2, 2, 1, 1, 0, 0, 0, 0, 2, 2, 0, 1, 2, 0, 1, 2, 2, 0, 0, 1, 2, 1, 2, 1, 0, 2, 1, 1, 1, 0, 1, 1, 1, 0, 2, 1, 2, 0, 0, 0, 0, 1, 1, 2, 1, 2, 1, 0, 0, 2, 1, 0, 1, 2, 1, 2, 1, 1, 1, 0, 1, 1, 0, 1, 1, 1, 0, 1, 1, 0, 2, 2, 0, 1, 0, 0, 1, 0, 0, 2, 0, 2, 1, 2, 0, 0, 1, 2, 0]|[4, 3, 2, 2, 4, 1, 2, 2, 1, 4, 0, 1, 2, 4, 4, 1, 2, 1, 2, 1, 1, 1, 1, 2, 1, 2, 1, 1, 1, 1, 1, 2, 3, 0, 4, 0, 1, 4, 0, 3, 2, 2, 2, 0, 1, 1, 0, 2, 0, 1, 2, 2, 1, 4, 0, 3, 1, 4, 1, 2, 2, 3, 1, 1, 1, 3, 0, 4, 3, 1, 1, 1, 1, 0, 4, 4, 4, 1, 3, 1, 1, 0, 1, 2, 1, 1, 2, 3, 1, 2, 0, 2, 1, 4, 1, 1, 2, 4, 1, 2]|[0, 2, 1, 1, 3, 0, 1, 0, 0, 0, 0, 0, 1, 0, 1, 0, 0, 0, 1, 0, 0, 0, 3, 1, 0, 2, 0, 0, 0, 1, 3, 0, 0, 0, 3, 0, 1, 3, 0, 2, 1, 1, 1, 0, 0, 0, 0, 0, 1, 0, 0, 0, 1, 3, 0, 0, 0, 2, 0, 1, 0, 2, 0, 1, 0, 2, 1, 0, 0, 1, 0, 3, 1, 1, 3, 3, 1, 0, 0, 2, 0, 0, 0, 0, 1, 0, 1, 2, 0, 1, 0, 0, 0, 0, 0, 1, 0, 2, 0, 0],789.0469836246521,56736.66854690487,109055.00294687356,false
7,G4_BALANCED,G2_TEC,[31, 22, 82, 15, 26, 9, 95, 42, 77, 4, 47, 5, 93, 78, 86, 54, 85, 63, 18, 44, 20, 49, 36, 14, 74, 50, 53, 17, 21, 45, 71, 64, 3, 23, 30, 83, 24, 41, 60, 52, 65, 27, 90, 70, 39, 87, 48, 69, 99, 68, 46, 1, 38, 58, 97, 59, 28, 8, 73, 37, 35, 79, 11, 66, 76, 57, 40, 80, 92, 6, 16, 61, 33, 98, 55, 34, 51, 67, 10, 7, 89, 43, 94, 19, 91, 13, 29, 96, 62, 81, 84, 72, 88, 32, 75, 25, 12, 0, 56, 2]|[2, 1, 2, 1, 1, 2, 1, 1, 1, 1, 1, 0, 2, 2, 1, 2, 0, 0, 0, 2, 2, 1, 0, 2, 0, 2, 2, 1, 0, 1, 1, 1, 0, 0, 1, 0, 2, 1, 2, 2, 0, 1, 1, 1, 0, 2, 0, 2, 1, 0, 0, 2, 2, 0, 2, 0, 2, 1, 0, 0, 2, 1, 0, 2, 2, 0, 2, 1, 0, 1, 1, 1, 1, 0, 0, 1, 1, 0, 1, 2, 1, 1, 1, 2, 1, 0, 1, 0, 0, 1, 0, 1, 1, 0, 0, 1, 1, 0, 2, 2]|[0, 3, 0, 2, 4, 1, 4, 4, 2, 4, 3, 2, 1, 0, 2, 1, 1, 1, 2, 1, 2, 3, 0, 1, 0, 1, 1, 4, 1, 4, 3, 2, 2, 0, 4, 1, 1, 4, 0, 1, 2, 2, 4, 4, 1, 1, 0, 2, 3, 1, 2, 1, 2, 1, 1, 2, 0, 3, 0, 2, 2, 3, 1, 0, 1, 0, 0, 0, 0, 4, 0, 3, 4, 1, 2, 4, 3, 1, 3, 1, 4, 4, 4, 0, 3, 2, 3, 2, 2, 1, 2, 4, 4, 2, 2, 4, 3, 2, 0, 1]|[0, 2, 0, 1, 3, 0, 1, 3, 0, 0, 2, 0, 1, 0, 1, 0, 0, 0, 1, 0, 0, 2, 0, 0, 1, 0, 0, 3, 0, 1, 0, 2, 0, 0, 3, 0, 1, 3, 1, 0, 0, 1, 1, 3, 0, 0, 1, 0, 2, 0, 0, 0, 0, 0, 1, 0, 0, 0, 1, 1, 0, 2, 0, 0, 0, 1, 0, 1, 1, 2, 1, 0, 1, 0, 0, 2, 0, 0, 3, 0, 1, 2, 2, 0, 0, 0, 0, 0, 1, 1, 1, 2, 1, 0, 0, 3, 0, 0, 0, 0],865.0715789166196,53977.38504636204,118223.24788996225,true
7,G2_TEC,G2_TEC,[31, 22, 82, 15, 26, 9, 95, 42, 77, 4, 47, 5, 93, 78, 86, 54, 85, 63, 18, 44, 20, 49, 36, 14, 74, 50, 53, 17, 21, 45, 71, 64, 3, 23, 30, 83, 24, 41, 60, 52, 65, 27, 90, 70, 39, 87, 48, 69, 99, 68, 46, 1, 38, 58, 97, 59, 28, 8, 73, 37, 35, 79, 11, 66, 76, 57, 40, 80, 96, 6, 16, 61, 33, 98, 55, 34, 62, 67, 10, 7, 56, 88, 51, 19, 91, 13, 29, 92, 0, 81, 2, 32, 43, 72, 75, 25, 12, 94, 89, 84]|[2, 1, 2, 1, 1, 2, 1, 1, 1, 1, 1, 0, 2, 2, 1, 2, 0, 0, 0, 2, 2, 1, 0, 2, 0, 2, 2, 1, 0, 1, 1, 1, 0, 0, 1, 0, 2, 1, 2, 2, 0, 1, 1, 1, 0, 2, 0, 2, 1, 0, 0, 2, 2, 0, 2, 0, 2, 1, 0, 0, 2, 1, 0, 2, 2, 0, 2, 2, 0, 1, 2, 1, 1, 0, 0, 1, 0, 1, 1, 2, 2, 1, 1, 1, 1, 0, 1, 0, 0, 1, 2, 0, 1, 1, 0, 1, 1, 1, 1, 0]|[0, 3, 0, 2, 4, 1, 4, 4, 2, 4, 3, 2, 1, 0, 2, 1, 1, 1, 2, 1, 2, 3, 0, 1, 0, 1, 1, 4, 1, 4, 3, 2, 2, 0, 4, 1, 1, 4, 0, 1, 2, 2, 4, 4, 1, 1, 0, 2, 3, 1, 2, 1, 2, 1, 1, 2, 1, 3, 0, 2, 2, 3, 1, 0, 1, 0, 0, 1, 2, 4, 1, 3, 4, 2, 2, 4, 2, 3, 3, 1, 0, 4, 3, 4, 3, 2, 3, 2, 2, 1, 1, 2, 4, 4, 2, 4, 3, 4, 4, 2]|[0, 2, 0, 1, 3, 0, 1, 3, 0, 0, 2, 0, 1, 0, 1, 0, 0, 0, 1, 0, 0, 2, 0, 0, 1, 0, 0, 3, 0, 1, 0, 2, 0, 0, 3, 0, 1, 3, 1, 0, 0, 1, 1, 3, 0, 0, 1, 0, 2, 0, 0, 0, 0, 0, 1, 0, 0, 0, 1, 1, 0, 2, 0, 0, 0, 1, 0, 0, 0, 2, 0, 0, 1, 0, 0, 2, 1, 0, 3, 0, 0, 2, 0, 3, 0, 0, 0, 0, 0, 1, 0, 0, 2, 2, 0, 3, 0, 2, 1, 1],893.4291983439321,52943.425650834826,118818.08084126055,false
7,G3_TWC,G4_BALANCED,[31, 22, 82, 15, 26, 9, 95, 42, 77, 12, 47, 5, 93, 78, 86, 54, 85, 63, 18, 44, 20, 35, 43, 97, 91, 76, 10, 30, 21, 45, 71, 64, 1, 23, 17, 83, 24, 14, 60, 36, 6, 57, 40, 88, 65, 56, 79, 94, 67, 68, 46, 75, 38, 58, 19, 32, 81, 41, 27, 62, 87, 90, 99, 59, 11, 16, 72, 73, 70, 39, 37, 84, 3, 92, 25, 55, 28, 29, 51, 7, 66, 61, 98, 33, 89, 50, 48, 96, 80, 53, 8, 2, 13, 4, 52, 49, 0, 69, 74, 34]|[1, 1, 0, 1, 1, 0, 1, 2, 2, 1, 2, 2, 2, 1, 1, 0, 0, 1, 0, 2, 2, 0, 1, 2, 0, 1, 2, 2, 0, 0, 1, 2, 1, 2, 1, 0, 2, 0, 1, 1, 0, 1, 1, 1, 0, 2, 1, 1, 0, 0, 0, 0, 1, 1, 2, 1, 2, 1, 0, 0, 2, 1, 0, 1, 2, 1, 2, 1, 1, 1, 1, 1, 1, 0, 1, 1, 0, 0, 0, 1, 0, 1, 0, 0, 1, 0, 0, 0, 0, 0, 1, 0, 0, 1, 1, 0, 0, 1, 2, 2]|[4, 3, 2, 2, 4, 1, 2, 2, 2, 4, 1, 1, 2, 4, 4, 1, 2, 4, 2, 1, 1, 1, 1, 2, 1, 2, 1, 1, 1, 1, 3, 2, 3, 0, 4, 0, 1, 1, 0, 3, 2, 2, 2, 0, 1, 1, 0, 4, 0, 1, 2, 2, 1, 0, 0, 3, 2, 4, 1, 2, 2, 3, 1, 1, 1, 3, 0, 4, 3, 1, 4, 1, 1, 0, 4, 4, 2, 1, 1, 1, 2, 3, 1, 2, 1, 1, 1, 1, 1, 2, 3, 2, 2, 4, 1, 1, 2, 4, 1, 1]|[0, 2, 1, 1, 3, 0, 1, 0, 0, 0, 0, 0, 1, 0, 1, 0, 0, 3, 1, 0, 0, 0, 3, 1, 0, 2, 0, 0, 0, 1, 0, 0, 0, 0, 3, 0, 1, 0, 0, 2, 1, 1, 1, 0, 0, 0, 0, 2, 1, 0, 0, 0, 1, 3, 0, 0, 1, 2, 0, 1, 0, 2, 0, 1, 0, 2, 1, 0, 0, 1, 1, 3, 1, 1, 3, 3, 1, 0, 0, 2, 1, 0, 0, 1, 1, 0, 0, 0, 0, 1, 2, 0, 0, 0, 1, 1, 0, 2, 0, 0],837.860322213604,57672.71522530174,94775.43432162958,true
7,G1_CMAX,G1_CMAX,[31, 22, 82, 15, 73, 9, 95, 42, 77, 12, 47, 98, 93, 78, 86, 54, 85, 63, 18, 44, 20, 35, 43, 97, 37, 76, 10, 30, 21, 45, 61, 64, 1, 23, 17, 83, 24, 41, 60, 36, 6, 57, 40, 88, 65, 56, 79, 69, 67, 68, 46, 75, 38, 58, 19, 32, 81, 48, 27, 62, 87, 90, 99, 59, 11, 16, 72, 26, 70, 89, 91, 84, 3, 92, 25, 55, 28, 51, 29, 7, 96, 74, 5, 14, 39, 80, 33, 8, 50, 53, 66, 2, 34, 4, 52, 49, 0, 94, 71, 13]|[1, 1, 0, 1, 1, 0, 1, 2, 2, 1, 2, 2, 2, 1, 1, 0, 0, 0, 0, 2, 2, 0, 1, 2, 0, 1, 2, 2, 0, 0, 1, 2, 1, 2, 1, 0, 2, 1, 1, 1, 0, 1, 1, 1, 0, 2, 1, 2, 0, 0, 0, 0, 1, 1, 2, 1, 2, 1, 0, 0, 2, 1, 0, 1, 2, 1, 2, 1, 1, 1, 0, 1, 1, 0, 1, 1, 1, 0, 1, 1, 0, 2, 2, 0, 1, 0, 0, 1, 0, 0, 2, 0, 2, 1, 2, 0, 0, 1, 2, 0]|[4, 3, 2, 2, 4, 1, 2, 2, 1, 4, 0, 1, 2, 4, 4, 1, 2, 1, 2, 1, 1, 1, 1, 2, 1, 2, 1, 1, 1, 1, 1, 2, 3, 0, 4, 0, 1, 4, 0, 3, 2, 2, 2, 0, 1, 1, 0, 2, 0, 1, 2, 2, 1, 4, 0, 3, 1, 4, 1, 2, 2, 3, 1, 1, 1, 3, 0, 4, 3, 1, 1, 1, 1, 0, 4, 4, 4, 1, 3, 1, 1, 0, 1, 2, 1, 1, 2, 3, 1, 2, 0, 2, 1, 4, 1, 1, 2, 4, 1, 2]|[0, 2, 1, 1, 3, 0, 1, 0, 0, 0, 0, 0, 1, 0, 1, 0, 0, 0, 1, 0, 0, 0, 3, 1, 0, 2, 0, 0, 0, 1, 3, 0, 0, 0, 3, 0, 1, 3, 0, 2, 1, 1, 1, 0, 0, 0, 0, 0, 1, 0, 0, 0, 1, 3, 0, 0, 0, 2, 0, 1, 0, 2, 0, 1, 0, 2, 1, 0, 0, 1, 0, 3, 1, 1, 3, 3, 1, 0, 0, 2, 0, 0, 0, 0, 1, 0, 1, 2, 0, 1, 0, 0, 0, 0, 0, 1, 0, 2, 0, 0],789.0469836246521,56736.66854690487,109055.00294687356,false
7,G4_BALANCED,G2_TEC,[31, 22, 82, 15, 26, 9, 36, 42, 77, 4, 47, 5, 93, 78, 86, 54, 85, 63, 18, 44, 20, 49, 95, 14, 74, 50, 53, 17, 21, 45, 71, 64, 3, 23, 30, 83, 24, 41, 60, 52, 65, 27, 90, 70, 39, 87, 48, 69, 99, 68, 46, 1, 38, 58, 97, 59, 28, 8, 73, 37, 35, 79, 11, 66, 76, 57, 40, 80, 96, 6, 16, 61, 33, 98, 32, 34, 51, 67, 10, 7, 56, 43, 62, 25, 91, 13, 29, 92, 0, 81, 84, 72, 88, 55, 75, 19, 12, 94, 89, 2]|[2, 1, 2, 1, 1, 2, 1, 1, 1, 1, 1, 0, 2, 2, 1, 2, 0, 0, 0, 2, 2, 1, 0, 2, 0, 2, 2, 1, 0, 1, 1, 1, 0, 0, 1, 0, 2, 1, 2, 2, 0, 1, 1, 1, 0, 2, 0, 2, 1, 0, 0, 2, 2, 0, 2, 0, 2, 1, 0, 0, 2, 1, 0, 2, 2, 0, 2, 2, 0, 1, 1, 1, 1, 0, 0, 1, 1, 0, 1, 2, 2, 1, 0, 1, 1, 0, 1, 0, 0, 1, 0, 1, 1, 0, 0, 2, 1, 1, 1, 2]|[0, 3, 0, 2, 4, 1, 4, 4, 2, 4, 3, 2, 1, 0, 2, 1, 1, 1, 2, 1, 2, 3, 0, 1, 0, 1, 1, 4, 1, 4, 3, 2, 2, 0, 4, 1, 1, 4, 0, 1, 2, 2, 4, 4, 1, 1, 0, 2, 3, 1, 2, 1, 2, 1, 1, 2, 1, 3, 0, 2, 2, 3, 1, 0, 1, 0, 0, 1, 2, 4, 0, 3, 4, 1, 2, 4, 3, 1, 3, 1, 0, 4, 2, 4, 3, 2, 3, 2, 2, 1, 2, 4, 4, 2, 2, 0, 3, 4, 4, 1]|[0, 2, 0, 1, 3, 0, 1, 3, 0, 0, 2, 0, 1, 0, 1, 0, 0, 0, 1, 0, 0, 2, 0, 0, 1, 0, 0, 3, 0, 1, 0, 2, 0, 0, 3, 0, 1, 3, 1, 0, 0, 1, 1, 3, 0, 0, 1, 0, 2, 0, 0, 0, 0, 0, 1, 0, 0, 0, 1, 1, 0, 2, 0, 0, 0, 1, 0, 0, 0, 2, 1, 0, 1, 0, 0, 2, 0, 0, 3, 0, 0, 2, 1, 3, 0, 0, 0, 0, 0, 1, 1, 2, 1, 0, 0, 0, 0, 2, 1, 0],867.4647062768508,53369.78233461387,118803.58872823781,true
7,G2_TEC,G2_TEC,[31, 22, 82, 15, 26, 9, 95, 42, 77, 4, 47, 5, 93, 78, 86, 54, 85, 63, 18, 44, 20, 49, 36, 14, 74, 50, 53, 17, 21, 45, 71, 64, 3, 23, 30, 83, 24, 41, 60, 52, 65, 27, 90, 70, 39, 87, 48, 69, 99, 68, 46, 1, 38, 58, 97, 59, 28, 8, 73, 37, 35, 79, 11, 66, 76, 57, 40, 80, 96, 6, 16, 61, 33, 98, 55, 34, 62, 67, 10, 7, 56, 88, 51, 19, 91, 13, 29, 92, 0, 81, 2, 32, 43, 72, 75, 25, 12, 94, 89, 84]|[2, 1, 2, 1, 1, 2, 1, 1, 1, 1, 1, 0, 2, 2, 1, 2, 0, 0, 0, 2, 2, 1, 0, 2, 0, 2, 2, 1, 0, 1, 1, 1, 0, 0, 1, 0, 2, 1, 2, 2, 0, 1, 1, 1, 0, 2, 0, 2, 1, 0, 0, 2, 2, 0, 2, 0, 2, 1, 0, 0, 2, 1, 0, 2, 2, 0, 2, 2, 0, 1, 2, 1, 1, 0, 0, 1, 0, 1, 1, 2, 2, 1, 1, 1, 1, 0, 1, 0, 0, 1, 2, 0, 1, 1, 0, 1, 1, 1, 1, 0]|[0, 3, 0, 2, 4, 1, 4, 4, 2, 4, 3, 2, 1, 0, 2, 1, 1, 1, 2, 1, 2, 3, 0, 1, 0, 1, 1, 4, 1, 4, 3, 2, 2, 0, 4, 1, 1, 4, 0, 1, 2, 2, 4, 4, 1, 1, 0, 2, 3, 1, 2, 1, 2, 1, 1, 2, 1, 3, 0, 2, 2, 3, 1, 0, 1, 0, 0, 1, 2, 4, 1, 3, 4, 2, 2, 4, 2, 3, 3, 1, 0, 4, 3, 4, 3, 2, 3, 2, 2, 1, 1, 2, 4, 4, 2, 4, 3, 4, 4, 2]|[0, 2, 0, 1, 3, 0, 1, 3, 0, 0, 2, 0, 1, 0, 1, 0, 0, 0, 1, 0, 0, 2, 0, 0, 1, 0, 0, 3, 0, 1, 0, 2, 0, 0, 3, 0, 1, 3, 1, 0, 0, 1, 1, 3, 0, 0, 1, 0, 2, 0, 0, 0, 0, 0, 1, 0, 0, 0, 1, 1, 0, 2, 0, 0, 0, 1, 0, 0, 0, 2, 0, 0, 1, 0, 0, 2, 1, 0, 3, 0, 0, 2, 0, 3, 0, 0, 0, 0, 0, 1, 0, 0, 2, 2, 0, 3, 0, 2, 1, 1],893.4291983439321,52943.425650834826,118818.08084126055,false
7,G3_TWC,G4_BALANCED,[31, 22, 82, 15, 26, 9, 95, 42, 77, 12, 47, 5, 93, 78, 86, 54, 85, 63, 18, 44, 20, 35, 43, 97, 91, 76, 10, 30, 21, 45, 71, 64, 1, 23, 17, 83, 24, 14, 60, 36, 6, 57, 40, 88, 65, 56, 79, 94, 67, 68, 46, 75, 38, 58, 19, 32, 81, 41, 27, 62, 87, 90, 99, 59, 11, 16, 72, 73, 70, 39, 37, 84, 3, 92, 25, 55, 28, 29, 51, 7, 66, 61, 98, 33, 89, 50, 48, 96, 80, 53, 8, 2, 13, 4, 52, 49, 0, 69, 74, 34]|[1, 1, 0, 1, 1, 0, 1, 2, 2, 1, 2, 2, 2, 1, 1, 0, 0, 1, 0, 2, 2, 0, 1, 2, 0, 1, 2, 2, 0, 0, 1, 2, 1, 2, 1, 0, 2, 0, 1, 1, 0, 1, 1, 1, 0, 2, 1, 1, 0, 0, 0, 0, 1, 1, 2, 1, 2, 1, 0, 0, 2, 1, 0, 1, 2, 1, 2, 1, 1, 1, 1, 1, 1, 0, 1, 1, 0, 0, 0, 1, 0, 1, 0, 0, 1, 0, 0, 0, 0, 0, 1, 0, 0, 1, 1, 0, 0, 1, 2, 2]|[4, 3, 2, 2, 4, 1, 2, 2, 2, 4, 1, 1, 2, 4, 4, 1, 2, 4, 2, 1, 1, 1, 1, 2, 1, 2, 1, 1, 1, 1, 3, 2, 3, 0, 4, 0, 1, 1, 0, 3, 2, 2, 2, 0, 1, 1, 0, 4, 0, 1, 2, 2, 1, 0, 0, 3, 2, 4, 1, 2, 2, 3, 1, 1, 1, 3, 0, 4, 3, 1, 4, 1, 1, 0, 4, 4, 2, 1, 1, 1, 2, 3, 1, 2, 1, 1, 1, 1, 1, 2, 3, 2, 2, 4, 1, 1, 2, 4, 1, 1]|[0, 2, 1, 1, 3, 0, 1, 0, 0, 0, 0, 0, 1, 0, 1, 0, 0, 3, 1, 0, 0, 0, 3, 1, 0, 2, 0, 0, 0, 1, 0, 0, 0, 0, 3, 0, 1, 0, 0, 2, 1, 1, 1, 0, 0, 0, 0, 2, 1, 0, 0, 0, 1, 3, 0, 0, 1, 2, 0, 1, 0, 2, 0, 1, 0, 2, 1, 0, 0, 1, 1, 3, 1, 1, 3, 3, 1, 0, 0, 2, 1, 0, 0, 1, 1, 0, 0, 0, 0, 1, 2, 0, 0, 0, 1, 1, 0, 2, 0, 0],837.860322213604,57672.71522530174,94775.43432162958,true
7,G1_CMAX,G1_CMAX,[31, 22, 82, 15, 73, 9, 95, 42, 77, 12, 47, 98, 93, 78, 86, 54, 85, 63, 18, 44, 20, 35, 43, 97, 37, 76, 10, 30, 21, 45, 61, 64, 1, 23, 17, 83, 24, 41, 60, 36, 6, 57, 40, 88, 65, 56, 79, 69, 67, 68, 46, 75, 38, 58, 19, 32, 81, 48, 27, 62, 87, 90, 99, 59, 11, 16, 72, 26, 70, 89, 91, 84, 3, 92, 25, 55, 28, 51, 29, 7, 96, 74, 5, 14, 39, 80, 33, 8, 50, 53, 66, 2, 34, 4, 52, 49, 0, 94, 71, 13]|[1, 1, 0, 1, 1, 0, 1, 2, 2, 1, 2, 2, 2, 1, 1, 0, 0, 0, 0, 2, 2, 0, 1, 2, 0, 1, 2, 2, 0, 0, 1, 2, 1, 2, 1, 0, 2, 1, 1, 1, 0, 1, 1, 1, 0, 2, 1, 2, 0, 0, 0, 0, 1, 1, 2, 1, 2, 1, 0, 0, 2, 1, 0, 1, 2, 1, 2, 1, 1, 1, 0, 1, 1, 0, 1, 1, 1, 0, 1, 1, 0, 2, 2, 0, 1, 0, 0, 1, 0, 0, 2, 0, 2, 1, 2, 0, 0, 1, 2, 0]|[4, 3, 2, 2, 4, 1, 2, 2, 1, 4, 0, 1, 2, 4, 4, 1, 2, 1, 2, 1, 1, 1, 1, 2, 1, 2, 1, 1, 1, 1, 1, 2, 3, 0, 4, 0, 1, 4, 0, 3, 2, 2, 2, 0, 1, 1, 0, 2, 0, 1, 2, 2, 1, 4, 0, 3, 1, 4, 1, 2, 2, 3, 1, 1, 1, 3, 0, 4, 3, 1, 1, 1, 1, 0, 4, 4, 4, 1, 3, 1, 1, 0, 1, 2, 1, 1, 2, 3, 1, 2, 0, 2, 1, 4, 1, 1, 2, 4, 1, 2]|[0, 2, 1, 1, 3, 0, 1, 0, 0, 0, 0, 0, 1, 0, 1, 0, 0, 0, 1, 0, 0, 0, 3, 1, 0, 2, 0, 0, 0, 1, 3, 0, 0, 0, 3, 0, 1, 3, 0, 2, 1, 1, 1, 0, 0, 0, 0, 0, 1, 0, 0, 0, 1, 3, 0, 0, 0, 2, 0, 1, 0, 2, 0, 1, 0, 2, 1, 0, 0, 1, 0, 3, 1, 1, 3, 3, 1, 0, 0, 2, 0, 0, 0, 0, 1, 0, 1, 2, 0, 1, 0, 0, 0, 0, 0, 1, 0, 2, 0, 0],789.0469836246521,56736.66854690487,109055.00294687356,false
7,G4_BALANCED,G4_BALANCED,[31, 22, 82, 15, 26, 9, 90, 42, 77, 4, 47, 5, 93, 78, 86, 54, 85, 63, 18, 44, 20, 49, 36, 14, 74, 50, 53, 17, 21, 45, 71, 64, 3, 23, 30, 83, 24, 41, 60, 52, 65, 27, 95, 70, 39, 87, 48, 69, 99, 68, 46, 1, 38, 58, 97, 59, 28, 8, 73, 37, 35, 79, 11, 66, 76, 57, 84, 80, 92, 6, 16, 61, 33, 98, 55, 34, 29, 67, 10, 7, 56, 19, 51, 43, 91, 13, 75, 62, 0, 81, 2, 32, 88, 40, 96, 25, 12, 94, 89, 72]|[2, 1, 2, 1, 1, 2, 1, 1, 1, 1, 1, 0, 2, 2, 1, 2, 0, 0, 0, 2, 2, 1, 0, 2, 0, 2, 2, 1, 0, 1, 1, 1, 0, 0, 1, 0, 2, 1, 2, 2, 0, 1, 1, 1, 0, 2, 0, 2, 1, 0, 0, 2, 2, 0, 2, 0, 2, 1, 0, 0, 2, 1, 0, 2, 2, 0, 2, 2, 0, 0, 1, 1, 1, 0, 0, 1, 1, 0, 1, 2, 0, 1, 1, 2, 1, 0, 0, 0, 0, 1, 2, 0, 1, 0, 2, 1, 1, 1, 1, 1]|[0, 3, 0, 2, 4, 1, 4, 4, 2, 4, 3, 2, 1, 0, 2, 1, 1, 1, 2, 1, 2, 3, 0, 1, 0, 1, 1, 4, 1, 4, 3, 2, 2, 0, 4, 1, 1, 4, 0, 1, 2, 2, 4, 4, 1, 1, 0, 2, 3, 1, 2, 1, 2, 1, 1, 2, 1, 3, 0, 2, 2, 3, 1, 0, 1, 0, 0, 1, 0, 1, 0, 3, 4, 1, 2, 4, 3, 1, 3, 1, 2, 4, 3, 0, 3, 2, 2, 2, 2, 1, 1, 2, 4, 2, 2, 4, 3, 4, 4, 4]|[0, 2, 0, 1, 3, 0, 1, 3, 0, 0, 2, 0, 1, 0, 1, 0, 0, 0, 1, 0, 0, 2, 0, 0, 1, 0, 0, 3, 0, 1, 0, 2, 0, 0, 3, 0, 1, 3, 1, 0, 0, 1, 1, 3, 0, 0, 1, 0, 2, 0, 0, 0, 0, 0, 1, 0, 0, 0, 1, 1, 0, 2, 0, 0, 0, 1, 0, 0, 1, 0, 1, 0, 1, 0, 0, 2, 0, 0, 3, 0, 1, 2, 0, 0, 0, 0, 0, 1, 0, 1, 0, 0, 1, 1, 1, 3, 0, 2, 1, 2],886.295258781787,54040.79053537796,116787.1204946102,false
7,G2_TEC,G2_TEC,[31, 22, 82, 15, 26, 9, 95, 42, 77, 4, 47, 5, 93, 78, 86, 54, 85, 63, 18, 44, 20, 49, 36, 14, 74, 50, 53, 17, 21, 45, 71, 64, 3, 23, 30, 83, 24, 41, 60, 52, 65, 27, 90, 70, 39, 87, 48, 69, 99, 68, 46, 1, 38, 58, 97, 59, 28, 8, 73, 37, 35, 79, 11, 66, 76, 57, 40, 80, 96, 6, 16, 61, 33, 98, 55, 34, 62, 67, 10, 7, 56, 88, 51, 19, 91, 13, 29, 92, 0, 81, 2, 32, 43, 72, 75, 25, 12, 94, 89, 84]|[2, 1, 2, 1, 1, 2, 1, 1, 1, 1, 1, 0, 2, 2, 1, 2, 0, 0, 0, 2, 2, 1, 0, 2, 0, 2, 2, 1, 0, 1, 1, 1, 0, 0, 1, 0, 2, 1, 2, 2, 0, 1, 1, 1, 0, 2, 0, 2, 1, 0, 0, 2, 2, 0, 2, 0, 2, 1, 0, 0, 2, 1, 0, 2, 2, 0, 2, 2, 0, 1, 2, 1, 1, 0, 0, 1, 0, 1, 1, 2, 2, 1, 1, 1, 1, 0, 1, 0, 0, 1, 2, 0, 1, 1, 0, 1, 1, 1, 1, 0]|[0, 3, 0, 2, 4, 1, 4, 4, 2, 4, 3, 2, 1, 0, 2, 1, 1, 1, 2, 1, 2, 3, 0, 1, 0, 1, 1, 4, 1, 4, 3, 2, 2, 0, 4, 1, 1, 4, 0, 1, 2, 2, 4, 4, 1, 1, 0, 2, 3, 1, 2, 1, 2, 1, 1, 2, 1, 3, 0, 2, 2, 3, 1, 0, 1, 0, 0, 1, 2, 4, 1, 3, 4, 2, 2, 4, 2, 3, 3, 1, 0, 4, 3, 4, 3, 2, 3, 2, 2, 1, 1, 2, 4, 4, 2, 4, 3, 4, 4, 2]|[0, 2, 0, 1, 3, 0, 1, 3, 0, 0, 2, 0, 1, 0, 1, 0, 0, 0, 1, 0, 0, 2, 0, 0, 1, 0, 0, 3, 0, 1, 0, 2, 0, 0, 3, 0, 1, 3, 1, 0, 0, 1, 1, 3, 0, 0, 1, 0, 2, 0, 0, 0, 0, 0, 1, 0, 0, 0, 1, 1, 0, 2, 0, 0, 0, 1, 0, 0, 0, 2, 0, 0, 1, 0, 0, 2, 1, 0, 3, 0, 0, 2, 0, 3, 0, 0, 0, 0, 0, 1, 0, 0, 2, 2, 0, 3, 0, 2, 1, 1],893.4291983439321,52943.425650834826,118818.08084126055,false
7,G3_TWC,G4_BALANCED,[31, 22, 82, 15, 26, 9, 95, 42, 77, 12, 47, 5, 93, 78, 86, 54, 85, 63, 18, 44, 20, 35, 43, 97, 91, 76, 10, 30, 21, 45, 71, 64, 1, 23, 17, 83, 24, 14, 60, 36, 6, 57, 40, 88, 65, 56, 79, 94, 67, 68, 46, 75, 38, 58, 19, 32, 81, 41, 27, 62, 87, 90, 99, 59, 11, 16, 72, 73, 70, 39, 37, 84, 3, 92, 25, 55, 28, 29, 51, 7, 66, 61, 98, 33, 89, 50, 48, 96, 80, 53, 8, 2, 13, 4, 52, 49, 0, 69, 74, 34]|[1, 1, 0, 1, 1, 0, 1, 2, 2, 1, 2, 2, 2, 1, 1, 0, 0, 1, 0, 2, 2, 0, 1, 2, 0, 1, 2, 2, 0, 0, 1, 2, 1, 2, 1, 0, 2, 0, 1, 1, 0, 1, 1, 1, 0, 2, 1, 1, 0, 0, 0, 0, 1, 1, 2, 1, 2, 1, 0, 0, 2, 1, 0, 1, 2, 1, 2, 1, 1, 1, 1, 1, 1, 0, 1, 1, 0, 0, 0, 1, 0, 1, 0, 0, 1, 0, 0, 0, 0, 0, 1, 0, 0, 1, 1, 0, 0, 1, 2, 2]|[4, 3, 2, 2, 4, 1, 2, 2, 2, 4, 1, 1, 2, 4, 4, 1, 2, 4, 2, 1, 1, 1, 1, 2, 1, 2, 1, 1, 1, 1, 3, 2, 3, 0, 4, 0, 1, 1, 0, 3, 2, 2, 2, 0, 1, 1, 0, 4, 0, 1, 2, 2, 1, 0, 0, 3, 2, 4, 1, 2, 2, 3, 1, 1, 1, 3, 0, 4, 3, 1, 4, 1, 1, 0, 4, 4, 2, 1, 1, 1, 2, 3, 1, 2, 1, 1, 1, 1, 1, 2, 3, 2, 2, 4, 1, 1, 2, 4, 1, 1]|[0, 2, 1, 1, 3, 0, 1, 0, 0, 0, 0, 0, 1, 0, 1, 0, 0, 3, 1, 0, 0, 0, 3, 1, 0, 2, 0, 0, 0, 1, 0, 0, 0, 0, 3, 0, 1, 0, 0, 2, 1, 1, 1, 0, 0, 0, 0, 2, 1, 0, 0, 0, 1, 3, 0, 0, 1, 2, 0, 1, 0, 2, 0, 1, 0, 2, 1, 0, 0, 1, 1, 3, 1, 1, 3, 3, 1, 0, 0, 2, 1, 0, 0, 1, 1, 0, 0, 0, 0, 1, 2, 0, 0, 0, 1, 1, 0, 2, 0, 0],837.860322213604,57672.71522530174,94775.43432162958,true
7,G1_CMAX,G1_CMAX,[31, 22, 82, 15, 73, 9, 95, 42, 77, 12, 47, 98, 93, 78, 86, 54, 85, 63, 18, 44, 20, 35, 43, 97, 37, 76, 10, 30, 21, 45, 61, 64, 1, 23, 17, 83, 24, 41, 60, 36, 6, 57, 40, 88, 65, 56, 79, 69, 67, 68, 46, 75, 38, 58, 19, 32, 81, 48, 27, 62, 87, 90, 99, 59, 11, 16, 72, 26, 70, 89, 91, 84, 3, 92, 25, 55, 28, 51, 29, 7, 96, 74, 5, 14, 39, 80, 33, 8, 50, 53, 66, 2, 34, 4, 52, 49, 0, 94, 71, 13]|[1, 1, 0, 1, 1, 0, 1, 2, 2, 1, 2, 2, 2, 1, 1, 0, 0, 0, 0, 2, 2, 0, 1, 2, 0, 1, 2, 2, 0, 0, 1, 2, 1, 2, 1, 0, 2, 1, 1, 1, 0, 1, 1, 1, 0, 2, 1, 2, 0, 0, 0, 0, 1, 1, 2, 1, 2, 1, 0, 0, 2, 1, 0, 1, 2, 1, 2, 1, 1, 1, 0, 1, 1, 0, 1, 1, 1, 0, 1, 1, 0, 2, 2, 0, 1, 0, 0, 1, 0, 0, 2, 0, 2, 1, 2, 0, 0, 1, 2, 0]|[4, 3, 2, 2, 4, 1, 2, 2, 1, 4, 0, 1, 2, 4, 4, 1, 2, 1, 2, 1, 1, 1, 1, 2, 1, 2, 1, 1, 1, 1, 1, 2, 3, 0, 4, 0, 1, 4, 0, 3, 2, 2, 2, 0, 1, 1, 0, 2, 0, 1, 2, 2, 1, 4, 0, 3, 1, 4, 1, 2, 2, 3, 1, 1, 1, 3, 0, 4, 3, 1, 1, 1, 1, 0, 4, 4, 4, 1, 3, 1, 1, 0, 1, 2, 1, 1, 2, 3, 1, 2, 0, 2, 1, 4, 1, 1, 2, 4, 1, 2]|[0, 2, 1, 1, 3, 0, 1, 0, 0, 0, 0, 0, 1, 0, 1, 0, 0, 0, 1, 0, 0, 0, 3, 1, 0, 2, 0, 0, 0, 1, 3, 0, 0, 0, 3, 0, 1, 3, 0, 2, 1, 1, 1, 0, 0, 0, 0, 0, 1, 0, 0, 0, 1, 3, 0, 0, 0, 2, 0, 1, 0, 2, 0, 1, 0, 2, 1, 0, 0, 1, 0, 3, 1, 1, 3, 3, 1, 0, 0, 2, 0, 0, 0, 0, 1, 0, 1, 2, 0, 1, 0, 0, 0, 0, 0, 1, 0, 2, 0, 0],789.0469836246521,56736.66854690487,109055.00294687356,false
7,G4_BALANCED,G4_BALANCED,[31, 22, 82, 15, 26, 9, 90, 42, 77, 4, 47, 5, 93, 78, 86, 54, 85, 63, 18, 44, 20, 49, 36, 14, 74, 50, 53, 17, 21, 45, 71, 64, 3, 23, 30, 83, 24, 41, 60, 52, 65, 27, 95, 70, 39, 87, 48, 69, 99, 68, 46, 1, 38, 58, 97, 59, 28, 8, 73, 37, 35, 79, 11, 66, 76, 57, 84, 80, 92, 6, 16, 61, 33, 98, 55, 34, 29, 67, 10, 7, 56, 19, 51, 12, 91, 13, 88, 96, 0, 81, 2, 32, 43, 40, 75, 25, 62, 94, 89, 72]|[2, 1, 2, 1, 1, 2, 1, 1, 1, 1, 1, 0, 2, 2, 1, 2, 0, 0, 0, 2, 2, 1, 0, 2, 0, 2, 2, 1, 0, 1, 1, 1, 0, 0, 1, 0, 2, 1, 2, 2, 0, 1, 1, 1, 0, 2, 0, 2, 1, 0, 0, 2, 2, 0, 2, 0, 2, 1, 0, 0, 2, 1, 0, 2, 2, 0, 2, 2, 0, 0, 1, 1, 1, 0, 0, 1, 1, 0, 1, 2, 0, 2, 1, 1, 1, 0, 1, 2, 0, 1, 2, 0, 1, 0, 0, 1, 0, 1, 1, 1]|[0, 3, 0, 2, 4, 1, 4, 4, 2, 4, 3, 2, 1, 0, 2, 1, 1, 1, 2, 1, 2, 3, 0, 1, 0, 1, 1, 4, 1, 4, 3, 2, 2, 0, 4, 1, 1, 4, 0, 1, 2, 2, 4, 4, 1, 1, 0, 2, 3, 1, 2, 1, 2, 1, 1, 2, 1, 3, 0, 2, 2, 3, 1, 0, 1, 0, 0, 1, 2, 1, 0, 3, 4, 1, 2, 4, 3, 1, 3, 1, 2, 0, 3, 3, 3, 2, 4, 2, 2, 1, 1, 2, 4, 2, 2, 4, 2, 4, 4, 4]|[0, 2, 0, 1, 3, 0, 1, 3, 0, 0, 2, 0, 1, 0, 1, 0, 0, 0, 1, 0, 0, 2, 0, 0, 1, 0, 0, 3, 0, 1, 0, 2, 0, 0, 3, 0, 1, 3, 1, 0, 0, 1, 1, 3, 0, 0, 1, 0, 2, 0, 0, 0, 0, 0, 1, 0, 0, 0, 1, 1, 0, 2, 0, 0, 0, 1, 0, 0, 0, 0, 1, 0, 1, 0, 0, 2, 0, 0, 3, 0, 1, 0, 0, 0, 0, 0, 1, 1, 0, 1, 0, 0, 2, 1, 0, 3, 1, 2, 1, 2],859.0004597974017,53811.24789598561,116375.93404395258,false
7,G2_TEC,G2_TEC,[31, 22, 82, 15, 26, 9, 95, 42, 77, 4, 47, 5, 93, 78, 86, 54, 85, 63, 18, 44, 20, 49, 36, 14, 74, 50, 53, 17, 21, 45, 71, 64, 3, 23, 30, 83, 24, 41, 60, 52, 65, 27, 90, 70, 39, 87, 48, 69, 99, 68, 46, 1, 38, 58, 97, 59, 28, 8, 73, 37, 35, 79, 11, 66, 76, 57, 40, 80, 96, 6, 16, 61, 33, 98, 55, 34, 62, 67, 10, 7, 56, 88, 51, 19, 91, 13, 29, 92, 0, 81, 2, 32, 43, 72, 75, 25, 12, 94, 89, 84]|[2, 1, 2, 1, 1, 2, 1, 1, 1, 1, 1, 0, 2, 2, 1, 2, 0, 0, 0, 2, 2, 1, 0, 2, 0, 2, 2, 1, 0, 1, 1, 1, 0, 0, 1, 0, 2, 1, 2, 2, 0, 1, 1, 1, 0, 2, 0, 2, 1, 0, 0, 2, 2, 0, 2, 0, 2, 1, 0, 0, 2, 1, 0, 2, 2, 0, 2, 2, 0, 1, 2, 1, 1, 0, 0, 1, 0, 1, 1, 2, 2, 1, 1, 1, 1, 0, 1, 0, 0, 1, 2, 0, 1, 1, 0, 1, 1, 1, 1, 0]|[0, 3, 0, 2, 4, 1, 4, 4, 2, 4, 3, 2, 1, 0, 2, 1, 1, 1, 2, 1, 2, 3, 0, 1, 0, 1, 1, 4, 1, 4, 3, 2, 2, 0, 4, 1, 1, 4, 0, 1, 2, 2, 4, 4, 1, 1, 0, 2, 3, 1, 2, 1, 2, 1, 1, 2, 1, 3, 0, 2, 2, 3, 1, 0, 1, 0, 0, 1, 2, 4, 1, 3, 4, 2, 2, 4, 2, 3, 3, 1, 0, 4, 3, 4, 3, 2, 3, 2, 2, 1, 1, 2, 4, 4, 2, 4, 3, 4, 4, 2]|[0, 2, 0, 1, 3, 0, 1, 3, 0, 0, 2, 0, 1, 0, 1, 0, 0, 0, 1, 0, 0, 2, 0, 0, 1, 0, 0, 3, 0, 1, 0, 2, 0, 0, 3, 0, 1, 3, 1, 0, 0, 1, 1, 3, 0, 0, 1, 0, 2, 0, 0, 0, 0, 0, 1, 0, 0, 0, 1, 1, 0, 2, 0, 0, 0, 1, 0, 0, 0, 2, 0, 0, 1, 0, 0, 2, 1, 0, 3, 0, 0, 2, 0, 3, 0, 0, 0, 0, 0, 1, 0, 0, 2, 2, 0, 3, 0, 2, 1, 1],893.4291983439321,52943.425650834826,118818.08084126055,false
7,G3_TWC,G4_BALANCED,[31, 22, 82, 15, 26, 9, 95, 42, 77, 12, 47, 5, 93, 78, 86, 54, 85, 63, 18, 44, 20, 35, 43, 97, 91, 76, 10, 30, 21, 45, 71, 64, 1, 23, 17, 83, 24, 14, 60, 36, 6, 57, 40, 88, 65, 56, 79, 94, 67, 68, 46, 75, 38, 58, 19, 32, 81, 41, 27, 62, 87, 90, 99, 59, 11, 16, 72, 73, 70, 39, 37, 84, 3, 92, 25, 55, 28, 29, 51, 7, 66, 61, 98, 33, 89, 50, 48, 96, 80, 53, 8, 2, 13, 4, 52, 49, 0, 69, 74, 34]|[1, 1, 0, 1, 1, 0, 1, 2, 2, 1, 2, 2, 2, 1, 1, 0, 0, 1, 0, 2, 2, 0, 1, 2, 0, 1, 2, 2, 0, 0, 1, 2, 1, 2, 1, 0, 2, 0, 1, 1, 0, 1, 1, 1, 0, 2, 1, 1, 0, 0, 0, 0, 1, 1, 2, 1, 2, 1, 0, 0, 2, 1, 0, 1, 2, 1, 2, 1, 1, 1, 1, 1, 1, 0, 1, 1, 0, 0, 0, 1, 0, 1, 0, 0, 1, 0, 0, 0, 0, 0, 1, 0, 0, 1, 1, 0, 0, 1, 2, 2]|[4, 3, 2, 2, 4, 1, 2, 2, 2, 4, 1, 1, 2, 4, 4, 1, 2, 4, 2, 1, 1, 1, 1, 2, 1, 2, 1, 1, 1, 1, 3, 2, 3, 0, 4, 0, 1, 1, 0, 3, 2, 2, 2, 0, 1, 1, 0, 4, 0, 1, 2, 2, 1, 0, 0, 3, 2, 4, 1, 2, 2, 3, 1, 1, 1, 3, 0, 4, 3, 1, 4, 1, 1, 0, 4, 4, 2, 1, 1, 1, 2, 3, 1, 2, 1, 1, 1, 1, 1, 2, 3, 2, 2, 4, 1, 1, 2, 4, 1, 1]|[0, 2, 1, 1, 3, 0, 1, 0, 0, 0, 0, 0, 1, 0, 1, 0, 0, 3, 1, 0, 0, 0, 3, 1, 0, 2, 0, 0, 0, 1, 0, 0, 0, 0, 3, 0, 1, 0, 0, 2, 1, 1, 1, 0, 0, 0, 0, 2, 1, 0, 0, 0, 1, 3, 0, 0, 1, 2, 0, 1, 0, 2, 0, 1, 0, 2, 1, 0, 0, 1, 1, 3, 1, 1, 3, 3, 1, 0, 0, 2, 1, 0, 0, 1, 1, 0, 0, 0, 0, 1, 2, 0, 0, 0, 1, 1, 0, 2, 0, 0],837.860322213604,57672.71522530174,94775.43432162958,true
7,G1_CMAX,G1_CMAX,[31, 22, 82, 15, 73, 9, 95, 42, 77, 12, 47, 98, 93, 78, 86, 54, 85, 63, 18, 44, 20, 35, 43, 97, 37, 76, 10, 30, 21, 45, 61, 64, 1, 23, 17, 83, 24, 41, 60, 36, 6, 57, 40, 88, 65, 56, 79, 69, 67, 68, 46, 75, 38, 58, 19, 32, 81, 48, 27, 62, 87, 90, 99, 59, 11, 16, 72, 26, 70, 39, 91, 84, 3, 92, 25, 55, 28, 29, 51, 7, 66, 71, 5, 33, 89, 50, 14, 96, 80, 53, 8, 2, 4, 34, 52, 49, 0, 94, 74, 13]|[1, 1, 0, 1, 1, 0, 1, 2, 2, 1, 2, 2, 2, 1, 1, 0, 0, 0, 0, 2, 2, 0, 1, 2, 0, 1, 2, 2, 0, 0, 1, 2, 1, 2, 1, 0, 2, 1, 1, 1, 0, 1, 1, 1, 0, 2, 1, 1, 0, 0, 0, 0, 1, 1, 2, 1, 2, 1, 0, 0, 2, 1, 0, 1, 2, 1, 2, 1, 1, 1, 0, 1, 1, 0, 1, 1, 1, 0, 0, 1, 2, 2, 2, 0, 1, 0, 0, 1, 0, 0, 1, 0, 1, 2, 2, 0, 0, 2, 2, 0]|[4, 3, 2, 2, 4, 1, 2, 2, 2, 4, 1, 1, 2, 4, 4, 1, 2, 1, 2, 1, 1, 1, 1, 2, 1, 2, 1, 1, 1, 1, 1, 2, 3, 0, 4, 0, 1, 4, 0, 3, 2, 2, 2, 0, 1, 1, 0, 4, 0, 1, 2, 2, 1, 4, 0, 3, 1, 4, 1, 2, 2, 3, 1, 1, 1, 3, 0, 4, 3, 1, 1, 1, 1, 0, 4, 4, 4, 1, 1, 1, 1, 1, 1, 2, 1, 1, 2, 3, 1, 2, 3, 2, 4, 1, 1, 1, 2, 2, 1, 2]|[0, 2, 1, 1, 3, 0, 1, 0, 0, 0, 0, 0, 1, 0, 1, 0, 0, 0, 1, 0, 0, 0, 3, 1, 0, 2, 0, 0, 0, 1, 3, 0, 0, 0, 3, 0, 1, 3, 0, 2, 1, 1, 1, 0, 0, 0, 0, 2, 1, 0, 0, 0, 1, 3, 0, 0, 0, 2, 0, 1, 0, 2, 0, 1, 0, 2, 1, 0, 0, 1, 0, 3, 1, 1, 3, 3, 1, 0, 0, 2, 0, 0, 0, 1, 1, 0, 0, 2, 0, 1, 2, 0, 0, 0, 0, 1, 0, 0, 0, 0],788.3003590018129,56563.35046694537,105387.6637592951,false
7,G4_BALANCED,G2_TEC,[31, 22, 82, 15, 26, 9, 36, 42, 77, 4, 47, 5, 93, 78, 86, 54, 85, 63, 18, 44, 20, 49, 95, 14, 74, 50, 53, 17, 21, 45, 71, 64, 3, 23, 30, 83, 24, 41, 60, 52, 65, 27, 90, 70, 39, 87, 48, 69, 99, 68, 46, 1, 38, 58, 97, 59, 28, 8, 73, 37, 35, 79, 11, 66, 76, 57, 40, 80, 96, 6, 16, 61, 33, 98, 32, 34, 51, 67, 10, 7, 56, 43, 62, 25, 91, 13, 29, 92, 0, 81, 84, 72, 88, 55, 75, 19, 12, 94, 89, 2]|[2, 1, 2, 1, 1, 2, 1, 1, 1, 1, 1, 0, 2, 2, 1, 2, 0, 0, 0, 2, 2, 1, 0, 2, 0, 2, 2, 1, 0, 1, 1, 1, 0, 0, 1, 0, 2, 1, 2, 2, 0, 1, 1, 1, 0, 2, 0, 2, 1, 0, 0, 2, 2, 0, 2, 0, 2, 1, 0, 0, 2, 1, 0, 2, 2, 0, 2, 2, 0, 1, 1, 1, 1, 0, 0, 1, 1, 0, 1, 2, 2, 1, 0, 1, 1, 0, 1, 0, 0, 1, 0, 1, 1, 0, 0, 2, 1, 1, 1, 2]|[0, 3, 0, 2, 4, 1, 4, 4, 2, 4, 3, 2, 1, 0, 2, 1, 1, 1, 2, 1, 2, 3, 0, 1, 0, 1, 1, 4, 1, 4, 3, 2, 2, 0, 4, 1, 1, 4, 0, 1, 2, 2, 4, 4, 1, 1, 0, 2, 3, 1, 2, 1, 2, 1, 1, 2, 1, 3, 0, 2, 2, 3, 1, 0, 1, 0, 0, 1, 2, 4, 0, 3, 4, 1, 2, 4, 3, 1, 3, 1, 0, 4, 2, 4, 3, 2, 3, 2, 2, 1, 2, 4, 4, 2, 2, 0, 3, 4, 4, 1]|[0, 2, 0, 1, 3, 0, 1, 3, 0, 0, 2, 0, 1, 0, 1, 0, 0, 0, 1, 0, 0, 2, 0, 0, 1, 0, 0, 3, 0, 1, 0, 2, 0, 0, 3, 0, 1, 3, 1, 0, 0, 1, 1, 3, 0, 0, 1, 0, 2, 0, 0, 0, 0, 0, 1, 0, 0, 0, 1, 1, 0, 2, 0, 0, 0, 1, 0, 0, 0, 2, 1, 0, 1, 0, 0, 2, 0, 0, 3, 0, 0, 2, 1, 3, 0, 0, 0, 0, 0, 1, 1, 2, 1, 0, 0, 0, 0, 2, 1, 0],867.4647062768508,53369.78233461387,118803.58872823781,true
7,G2_TEC,G2_TEC,[31, 22, 82, 15, 26, 9, 95, 42, 77, 4, 47, 5, 93, 78, 86, 54, 85, 63, 18, 44, 20, 49, 36, 14, 74, 50, 53, 17, 21, 45, 71, 64, 3, 23, 30, 83, 24, 41, 60, 52, 65, 27, 90, 70, 39, 87, 48, 69, 99, 68, 46, 1, 38, 58, 97, 59, 28, 8, 73, 37, 35, 79, 11, 66, 76, 57, 40, 80, 96, 6, 16, 61, 33, 98, 55, 34, 62, 67, 10, 7, 56, 88, 51, 19, 91, 13, 29, 92, 0, 81, 2, 32, 43, 72, 75, 25, 12, 94, 89, 84]|[2, 1, 2, 1, 1, 2, 1, 1, 1, 1, 1, 0, 2, 2, 1, 2, 0, 0, 0, 2, 2, 1, 0, 2, 0, 2, 2, 1, 0, 1, 1, 1, 0, 0, 1, 0, 2, 1, 2, 2, 0, 1, 1, 1, 0, 2, 0, 2, 1, 0, 0, 2, 2, 0, 2, 0, 2, 1, 0, 0, 2, 1, 0, 2, 2, 0, 2, 2, 0, 1, 2, 1, 1, 0, 0, 1, 0, 1, 1, 2, 2, 1, 1, 1, 1, 0, 1, 0, 0, 1, 2, 0, 1, 1, 0, 1, 1, 1, 1, 0]|[0, 3, 0, 2, 4, 1, 4, 4, 2, 4, 3, 2, 1, 0, 2, 1, 1, 1, 2, 1, 2, 3, 0, 1, 0, 1, 1, 4, 1, 4, 3, 2, 2, 0, 4, 1, 1, 4, 0, 1, 2, 2, 4, 4, 1, 1, 0, 2, 3, 1, 2, 1, 2, 1, 1, 2, 1, 3, 0, 2, 2, 3, 1, 0, 1, 0, 0, 1, 2, 4, 1, 3, 4, 2, 2, 4, 2, 3, 3, 1, 0, 4, 3, 4, 3, 2, 3, 2, 2, 1, 1, 2, 4, 4, 2, 4, 3, 4, 4, 2]|[0, 2, 0, 1, 3, 0, 1, 3, 0, 0, 2, 0, 1, 0, 1, 0, 0, 0, 1, 0, 0, 2, 0, 0, 1, 0, 0, 3, 0, 1, 0, 2, 0, 0, 3, 0, 1, 3, 1, 0, 0, 1, 1, 3, 0, 0, 1, 0, 2, 0, 0, 0, 0, 0, 1, 0, 0, 0, 1, 1, 0, 2, 0, 0, 0, 1, 0, 0, 0, 2, 0, 0, 1, 0, 0, 2, 1, 0, 3, 0, 0, 2, 0, 3, 0, 0, 0, 0, 0, 1, 0, 0, 2, 2, 0, 3, 0, 2, 1, 1],893.4291983439321,52943.425650834826,118818.08084126055,false
7,G3_TWC,G4_BALANCED,[31, 22, 82, 15, 26, 9, 95, 42, 77, 12, 47, 5, 93, 78, 86, 54, 85, 63, 18, 44, 20, 35, 43, 97, 91, 76, 10, 30, 21, 45, 71, 64, 1, 23, 17, 83, 24, 14, 60, 36, 6, 57, 40, 88, 65, 56, 79, 94, 67, 68, 46, 75, 38, 58, 19, 32, 81, 41, 27, 62, 87, 90, 99, 59, 11, 16, 72, 73, 70, 39, 37, 84, 3, 92, 25, 55, 28, 29, 51, 7, 66, 61, 98, 33, 89, 50, 48, 96, 80, 53, 8, 2, 13, 4, 52, 49, 0, 69, 74, 34]|[1, 1, 0, 1, 1, 0, 1, 2, 2, 1, 2, 2, 2, 1, 1, 0, 0, 1, 0, 2, 2, 0, 1, 2, 0, 1, 2, 2, 0, 0, 1, 2, 1, 2, 1, 0, 2, 0, 1, 1, 0, 1, 1, 1, 0, 2, 1, 1, 0, 0, 0, 0, 1, 1, 2, 1, 2, 1, 0, 0, 2, 1, 0, 1, 2, 1, 2, 1, 1, 1, 1, 1, 1, 0, 1, 1, 0, 0, 0, 1, 0, 1, 0, 0, 1, 0, 0, 0, 0, 0, 1, 0, 0, 1, 1, 0, 0, 1, 2, 2]|[4, 3, 2, 2, 4, 1, 2, 2, 2, 4, 1, 1, 2, 4, 4, 1, 2, 4, 2, 1, 1, 1, 1, 2, 1, 2, 1, 1, 1, 1, 3, 2, 3, 0, 4, 0, 1, 1, 0, 3, 2, 2, 2, 0, 1, 1, 0, 4, 0, 1, 2, 2, 1, 0, 0, 3, 2, 4, 1, 2, 2, 3, 1, 1, 1, 3, 0, 4, 3, 1, 4, 1, 1, 0, 4, 4, 2, 1, 1, 1, 2, 3, 1, 2, 1, 1, 1, 1, 1, 2, 3, 2, 2, 4, 1, 1, 2, 4, 1, 1]|[0, 2, 1, 1, 3, 0, 1, 0, 0, 0, 0, 0, 1, 0, 1, 0, 0, 3, 1, 0, 0, 0, 3, 1, 0, 2, 0, 0, 0, 1, 0, 0, 0, 0, 3, 0, 1, 0, 0, 2, 1, 1, 1, 0, 0, 0, 0, 2, 1, 0, 0, 0, 1, 3, 0, 0, 1, 2, 0, 1, 0, 2, 0, 1, 0, 2, 1, 0, 0, 1, 1, 3, 1, 1, 3, 3, 1, 0, 0, 2, 1, 0, 0, 1, 1, 0, 0, 0, 0, 1, 2, 0, 0, 0, 1, 1, 0, 2, 0, 0],837.860322213604,57672.71522530174,94775.43432162958,true
7,G1_CMAX,G1_CMAX,[31, 22, 82, 15, 73, 9, 95, 42, 77, 12, 47, 98, 93, 78, 86, 54, 85, 63, 18, 44, 20, 35, 43, 97, 37, 76, 10, 30, 21, 45, 61, 64, 1, 23, 17, 83, 24, 41, 60, 36, 6, 57, 40, 88, 65, 56, 79, 69, 67, 68, 46, 75, 38, 58, 19, 32, 81, 48, 27, 62, 87, 90, 99, 59, 11, 16, 72, 26, 70, 39, 91, 84, 3, 92, 25, 55, 28, 29, 51, 7, 66, 71, 5, 33, 89, 50, 14, 96, 80, 53, 8, 2, 4, 34, 52, 49, 0, 94, 74, 13]|[1, 1, 0, 1, 1, 0, 1, 2, 2, 1, 2, 2, 2, 1, 1, 0, 0, 0, 0, 2, 2, 0, 1, 2, 0, 1, 2, 2, 0, 0, 1, 2, 1, 2, 1, 0, 2, 1, 1, 1, 0, 1, 1, 1, 0, 2, 1, 1, 0, 0, 0, 0, 1, 1, 2, 1, 2, 1, 0, 0, 2, 1, 0, 1, 2, 1, 2, 1, 1, 1, 0, 1, 1, 0, 1, 1, 1, 0, 0, 1, 2, 2, 2, 0, 1, 0, 0, 1, 0, 0, 1, 0, 1, 2, 2, 0, 0, 2, 2, 0]|[4, 3, 2, 2, 4, 1, 2, 2, 2, 4, 1, 1, 2, 4, 4, 1, 2, 1, 2, 1, 1, 1, 1, 2, 1, 2, 1, 1, 1, 1, 1, 2, 3, 0, 4, 0, 1, 4, 0, 3, 2, 2, 2, 0, 1, 1, 0, 4, 0, 1, 2, 2, 1, 4, 0, 3, 1, 4, 1, 2, 2, 3, 1, 1, 1, 3, 0, 4, 3, 1, 1, 1, 1, 0, 4, 4, 4, 1, 1, 1, 1, 1, 1, 2, 1, 1, 2, 3, 1, 2, 3, 2, 4, 1, 1, 1, 2, 2, 1, 2]|[0, 2, 1, 1, 3, 0, 1, 0, 0, 0, 0, 0, 1, 0, 1, 0, 0, 0, 1, 0, 0, 0, 3, 1, 0, 2, 0, 0, 0, 1, 3, 0, 0, 0, 3, 0, 1, 3, 0, 2, 1, 1, 1, 0, 0, 0, 0, 2, 1, 0, 0, 0, 1, 3, 0, 0, 0, 2, 0, 1, 0, 2, 0, 1, 0, 2, 1, 0, 0, 1, 0, 3, 1, 1, 3, 3, 1, 0, 0, 2, 0, 0, 0, 1, 1, 0, 0, 2, 0, 1, 2, 0, 0, 0, 0, 1, 0, 0, 0, 0],788.3003590018129,56563.35046694537,105387.6637592951,false
7,G4_BALANCED,G4_BALANCED,[31, 22, 82, 15, 26, 9, 90, 42, 77, 4, 47, 5, 93, 78, 86, 54, 85, 63, 18, 44, 20, 49, 36, 14, 74, 50, 53, 17, 21, 45, 71, 64, 3, 23, 30, 83, 24, 41, 60, 52, 65, 27, 95, 70, 39, 87, 48, 69, 99, 68, 46, 1, 38, 58, 97, 59, 28, 8, 73, 37, 35, 79, 11, 66, 76, 57, 84, 80, 92, 6, 16, 61, 33, 98, 55, 34, 29, 67, 10, 7, 56, 88, 51, 19, 91, 13, 40, 96, 0, 75, 2, 32, 43, 62, 81, 25, 12, 94, 89, 72]|[2, 1, 2, 1, 1, 2, 1, 1, 1, 1, 1, 0, 2, 2, 1, 2, 0, 0, 0, 2, 2, 1, 0, 2, 0, 2, 2, 1, 0, 1, 1, 1, 0, 0, 1, 0, 2, 1, 2, 2, 0, 1, 1, 1, 0, 2, 0, 2, 1, 0, 0, 2, 2, 0, 2, 0, 2, 1, 0, 0, 2, 1, 0, 2, 2, 0, 2, 2, 0, 0, 1, 1, 1, 0, 0, 1, 1, 1, 1, 2, 2, 1, 1, 1, 1, 0, 0, 0, 0, 0, 2, 0, 1, 0, 1, 1, 1, 1, 1, 1]|[0, 3, 0, 2, 4, 1, 4, 4, 2, 4, 3, 2, 1, 0, 2, 1, 1, 1, 2, 1, 2, 3, 0, 1, 0, 1, 1, 4, 1, 4, 3, 2, 2, 0, 4, 1, 1, 4, 0, 1, 2, 2, 4, 4, 1, 1, 0, 2, 3, 1, 2, 1, 2, 1, 1, 2, 1, 3, 0, 2, 2, 3, 1, 0, 1, 0, 0, 1, 2, 1, 0, 3, 4, 1, 2, 4, 3, 3, 3, 1, 0, 4, 3, 4, 3, 2, 2, 2, 2, 2, 1, 2, 4, 2, 1, 4, 3, 4, 4, 4]|[0, 2, 0, 1, 3, 0, 1, 3, 0, 0, 2, 0, 1, 0, 1, 0, 0, 0, 1, 0, 0, 2, 0, 0, 1, 0, 0, 3, 0, 1, 0, 2, 0, 0, 3, 0, 1, 3, 1, 0, 0, 1, 1, 3, 0, 0, 1, 0, 2, 0, 0, 0, 0, 0, 1, 0, 0, 0, 1, 1, 0, 2, 0, 0, 0, 1, 0, 0, 0, 0, 1, 0, 1, 0, 0, 2, 0, 0, 3, 0, 0, 1, 0, 3, 0, 0, 1, 0, 0, 0, 0, 0, 2, 1, 1, 3, 0, 2, 1, 2],869.4941531502595,53310.54114780212,118985.14576542017,false
7,G2_TEC,G2_TEC,[31, 22, 82, 15, 26, 9, 95, 42, 77, 4, 47, 5, 93, 78, 86, 54, 85, 63, 18, 44, 20, 49, 36, 14, 74, 50, 53, 17, 21, 45, 71, 64, 3, 23, 30, 83, 24, 41, 60, 52, 65, 27, 90, 70, 39, 87, 48, 69, 99, 68, 46, 1, 38, 58, 97, 59, 28, 8, 73, 37, 35, 79, 11, 66, 76, 57, 40, 80, 96, 6, 16, 61, 33, 98, 55, 34, 62, 67, 10, 7, 56, 88, 51, 19, 91, 13, 29, 92, 0, 81, 2, 32, 43, 72, 75, 25, 12, 94, 89, 84]|[2, 1, 2, 1, 1, 2, 1, 1, 1, 1, 1, 0, 2, 2, 1, 2, 0, 0, 0, 2, 2, 1, 0, 2, 0, 2, 2, 1, 0, 1, 1, 1, 0, 0, 1, 0, 2, 1, 2, 2, 0, 1, 1, 1, 0, 2, 0, 2, 1, 0, 0, 2, 2, 0, 2, 0, 2, 1, 0, 0, 2, 1, 0, 2, 2, 0, 2, 2, 0, 1, 2, 1, 1, 0, 0, 1, 0, 1, 1, 2, 2, 1, 1, 1, 1, 0, 1, 0, 0, 1, 2, 0, 1, 1, 0, 1, 1, 1, 1, 0]|[0, 3, 0, 2, 4, 1, 4, 4, 2, 4, 3, 2, 1, 0, 2, 1, 1, 1, 2, 1, 2, 3, 0, 1, 0, 1, 1, 4, 1, 4, 3, 2, 2, 0, 4, 1, 1, 4, 0, 1, 2, 2, 4, 4, 1, 1, 0, 2, 3, 1, 2, 1, 2, 1, 1, 2, 1, 3, 0, 2, 2, 3, 1, 0, 1, 0, 0, 1, 2, 4, 1, 3, 4, 2, 2, 4, 2, 3, 3, 1, 0, 4, 3, 4, 3, 2, 3, 2, 2, 1, 1, 2, 4, 4, 2, 4, 3, 4, 4, 2]|[0, 2, 0, 1, 3, 0, 1, 3, 0, 0, 2, 0, 1, 0, 1, 0, 0, 0, 1, 0, 0, 2, 0, 0, 1, 0, 0, 3, 0, 1, 0, 2, 0, 0, 3, 0, 1, 3, 1, 0, 0, 1, 1, 3, 0, 0, 1, 0, 2, 0, 0, 0, 0, 0, 1, 0, 0, 0, 1, 1, 0, 2, 0, 0, 0, 1, 0, 0, 0, 2, 0, 0, 1, 0, 0, 2, 1, 0, 3, 0, 0, 2, 0, 3, 0, 0, 0, 0, 0, 1, 0, 0, 2, 2, 0, 3, 0, 2, 1, 1],893.4291983439321,52943.425650834826,118818.08084126055,false
7,G3_TWC,G4_BALANCED,[31, 22, 82, 15, 26, 9, 95, 42, 77, 12, 47, 5, 93, 78, 86, 54, 85, 63, 18, 44, 20, 35, 43, 97, 91, 76, 10, 30, 21, 45, 71, 64, 1, 23, 17, 83, 24, 14, 60, 36, 6, 57, 40, 88, 65, 56, 79, 94, 67, 68, 46, 75, 38, 58, 19, 32, 81, 41, 27, 62, 87, 90, 99, 59, 11, 16, 72, 73, 70, 39, 37, 84, 3, 92, 25, 55, 28, 29, 51, 7, 66, 61, 98, 33, 89, 50, 48, 96, 80, 53, 8, 2, 13, 4, 52, 49, 0, 69, 74, 34]|[1, 1, 0, 1, 1, 0, 1, 2, 2, 1, 2, 2, 2, 1, 1, 0, 0, 1, 0, 2, 2, 0, 1, 2, 0, 1, 2, 2, 0, 0, 1, 2, 1, 2, 1, 0, 2, 0, 1, 1, 0, 1, 1, 1, 0, 2, 1, 1, 0, 0, 0, 0, 1, 1, 2, 1, 2, 1, 0, 0, 2, 1, 0, 1, 2, 1, 2, 1, 1, 1, 1, 1, 1, 0, 1, 1, 0, 0, 0, 1, 0, 1, 0, 0, 1, 0, 0, 0, 0, 0, 1, 0, 0, 1, 1, 0, 0, 1, 2, 2]|[4, 3, 2, 2, 4, 1, 2, 2, 2, 4, 1, 1, 2, 4, 4, 1, 2, 4, 2, 1, 1, 1, 1, 2, 1, 2, 1, 1, 1, 1, 3, 2, 3, 0, 4, 0, 1, 1, 0, 3, 2, 2, 2, 0, 1, 1, 0, 4, 0, 1, 2, 2, 1, 0, 0, 3, 2, 4, 1, 2, 2, 3, 1, 1, 1, 3, 0, 4, 3, 1, 4, 1, 1, 0, 4, 4, 2, 1, 1, 1, 2, 3, 1, 2, 1, 1, 1, 1, 1, 2, 3, 2, 2, 4, 1, 1, 2, 4, 1, 1]|[0, 2, 1, 1, 3, 0, 1, 0, 0, 0, 0, 0, 1, 0, 1, 0, 0, 3, 1, 0, 0, 0, 3, 1, 0, 2, 0, 0, 0, 1, 0, 0, 0, 0, 3, 0, 1, 0, 0, 2, 1, 1, 1, 0, 0, 0, 0, 2, 1, 0, 0, 0, 1, 3, 0, 0, 1, 2, 0, 1, 0, 2, 0, 1, 0, 2, 1, 0, 0, 1, 1, 3, 1, 1, 3, 3, 1, 0, 0, 2, 1, 0, 0, 1, 1, 0, 0, 0, 0, 1, 2, 0, 0, 0, 1, 1, 0, 2, 0, 0],837.860322213604,57672.71522530174,94775.43432162958,true
7,G1_CMAX,G1_CMAX,[31, 22, 82, 15, 73, 9, 95, 42, 77, 12, 47, 98, 93, 78, 86, 54, 85, 63, 18, 44, 20, 35, 43, 97, 37, 76, 10, 30, 21, 45, 61, 64, 1, 23, 17, 83, 24, 41, 60, 36, 6, 57, 40, 88, 65, 56, 79, 69, 67, 68, 46, 75, 38, 58, 19, 32, 81, 48, 27, 62, 87, 90, 99, 59, 11, 16, 72, 26, 70, 39, 91, 84, 3, 92, 25, 55, 28, 29, 51, 7, 66, 71, 5, 33, 89, 50, 14, 96, 80, 53, 8, 2, 4, 34, 52, 49, 0, 94, 74, 13]|[1, 1, 0, 1, 1, 0, 1, 2, 2, 1, 2, 2, 2, 1, 1, 0, 0, 0, 0, 2, 2, 0, 1, 2, 0, 1, 2, 2, 0, 0, 1, 2, 1, 2, 1, 0, 2, 1, 1, 1, 0, 1, 1, 1, 0, 2, 1, 1, 0, 0, 0, 0, 1, 1, 2, 1, 2, 1, 0, 0, 2, 1, 0, 1, 2, 1, 2, 1, 1, 1, 0, 1, 1, 0, 1, 1, 1, 0, 0, 1, 2, 2, 2, 0, 1, 0, 0, 1, 0, 0, 1, 0, 1, 2, 2, 0, 0, 2, 2, 0]|[4, 3, 2, 2, 4, 1, 2, 2, 2, 4, 1, 1, 2, 4, 4, 1, 2, 1, 2, 1, 1, 1, 1, 2, 1, 2, 1, 1, 1, 1, 1, 2, 3, 0, 4, 0, 1, 4, 0, 3, 2, 2, 2, 0, 1, 1, 0, 4, 0, 1, 2, 2, 1, 4, 0, 3, 1, 4, 1, 2, 2, 3, 1, 1, 1, 3, 0, 4, 3, 1, 1, 1, 1, 0, 4, 4, 4, 1, 1, 1, 1, 1, 1, 2, 1, 1, 2, 3, 1, 2, 3, 2, 4, 1, 1, 1, 2, 2, 1, 2]|[0, 2, 1, 1, 3, 0, 1, 0, 0, 0, 0, 0, 1, 0, 1, 0, 0, 0, 1, 0, 0, 0, 3, 1, 0, 2, 0, 0, 0, 1, 3, 0, 0, 0, 3, 0, 1, 3, 0, 2, 1, 1, 1, 0, 0, 0, 0, 2, 1, 0, 0, 0, 1, 3, 0, 0, 0, 2, 0, 1, 0, 2, 0, 1, 0, 2, 1, 0, 0, 1, 0, 3, 1, 1, 3, 3, 1, 0, 0, 2, 0, 0, 0, 1, 1, 0, 0, 2, 0, 1, 2, 0, 0, 0, 0, 1, 0, 0, 0, 0],788.3003590018129,56563.35046694537,105387.6637592951,false
7,G4_BALANCED,G2_TEC,[31, 22, 82, 15, 26, 9, 36, 42, 77, 4, 47, 5, 93, 78, 86, 54, 85, 63, 18, 44, 20, 49, 95, 14, 74, 50, 53, 17, 21, 45, 71, 64, 3, 23, 30, 83, 24, 41, 60, 52, 65, 27, 90, 70, 39, 87, 48, 69, 99, 68, 46, 1, 38, 58, 97, 59, 28, 8, 73, 37, 35, 79, 11, 66, 76, 57, 40, 80, 96, 6, 16, 61, 33, 98, 32, 34, 51, 67, 10, 7, 56, 43, 62, 25, 91, 13, 29, 92, 0, 81, 84, 72, 88, 55, 75, 19, 12, 94, 89, 2]|[2, 1, 2, 1, 1, 2, 1, 1, 1, 1, 1, 0, 2, 2, 1, 2, 0, 0, 0, 2, 2, 1, 0, 2, 0, 2, 2, 1, 0, 1, 1, 1, 0, 0, 1, 0, 2, 1, 2, 2, 0, 1, 1, 1, 0, 2, 0, 2, 1, 0, 0, 2, 2, 0, 2, 0, 2, 1, 0, 0, 2, 1, 0, 2, 2, 0, 2, 2, 0, 1, 1, 1, 1, 0, 0, 1, 1, 0, 1, 2, 2, 1, 0, 1, 1, 0, 1, 0, 0, 1, 0, 1, 1, 0, 0, 2, 1, 1, 1, 2]|[0, 3, 0, 2, 4, 1, 4, 4, 2, 4, 3, 2, 1, 0, 2, 1, 1, 1, 2, 1, 2, 3, 0, 1, 0, 1, 1, 4, 1, 4, 3, 2, 2, 0, 4, 1, 1, 4, 0, 1, 2, 2, 4, 4, 1, 1, 0, 2, 3, 1, 2, 1, 2, 1, 1, 2, 1, 3, 0, 2, 2, 3, 1, 0, 1, 0, 0, 1, 2, 4, 0, 3, 4, 1, 2, 4, 3, 1, 3, 1, 0, 4, 2, 4, 3, 2, 3, 2, 2, 1, 2, 4, 4, 2, 2, 0, 3, 4, 4, 1]|[0, 2, 0, 1, 3, 0, 1, 3, 0, 0, 2, 0, 1, 0, 1, 0, 0, 0, 1, 0, 0, 2, 0, 0, 1, 0, 0, 3, 0, 1, 0, 2, 0, 0, 3, 0, 1, 3, 1, 0, 0, 1, 1, 3, 0, 0, 1, 0, 2, 0, 0, 0, 0, 0, 1, 0, 0, 0, 1, 1, 0, 2, 0, 0, 0, 1, 0, 0, 0, 2, 1, 0, 1, 0, 0, 2, 0, 0, 3, 0, 0, 2, 1, 3, 0, 0, 0, 0, 0, 1, 1, 2, 1, 0, 0, 0, 0, 2, 1, 0],867.4647062768508,53369.78233461387,118803.58872823781,true
7,G2_TEC,G2_TEC,[31, 22, 82, 15, 26, 9, 95, 42, 77, 4, 47, 5, 93, 78, 86, 54, 85, 63, 18, 44, 20, 49, 36, 14, 74, 50, 53, 17, 21, 45, 71, 64, 3, 23, 30, 83, 24, 41, 60, 52, 65, 27, 90, 70, 39, 87, 48, 69, 99, 68, 46, 1, 38, 58, 97, 59, 28, 8, 73, 37, 35, 79, 11, 66, 76, 57, 40, 80, 96, 6, 16, 61, 33, 98, 55, 34, 62, 67, 10, 7, 56, 88, 29, 19, 91, 13, 84, 92, 0, 75, 2, 32, 43, 51, 81, 25, 12, 94, 89, 72]|[2, 1, 2, 1, 1, 2, 1, 1, 1, 1, 1, 0, 2, 2, 1, 2, 0, 0, 0, 2, 2, 1, 0, 2, 0, 2, 2, 1, 0, 1, 1, 1, 0, 0, 1, 0, 2, 1, 2, 2, 0, 1, 1, 1, 0, 2, 0, 2, 1, 0, 0, 2, 2, 0, 2, 0, 2, 1, 0, 0, 2, 1, 0, 2, 2, 0, 2, 2, 0, 1, 2, 1, 1, 0, 0, 1, 1, 1, 1, 2, 2, 1, 1, 1, 1, 0, 0, 0, 0, 0, 2, 0, 1, 1, 1, 1, 1, 1, 1, 1]|[0, 3, 0, 2, 4, 1, 4, 4, 2, 4, 3, 2, 1, 0, 2, 1, 1, 1, 2, 1, 2, 3, 0, 1, 0, 1, 1, 4, 1, 4, 3, 2, 2, 0, 4, 1, 1, 4, 0, 1, 2, 2, 4, 4, 1, 1, 0, 2, 3, 1, 2, 1, 2, 1, 1, 2, 1, 3, 0, 2, 2, 3, 1, 0, 1, 0, 0, 1, 2, 4, 1, 3, 4, 2, 2, 4, 3, 3, 3, 1, 0, 4, 3, 4, 3, 2, 2, 2, 2, 2, 1, 2, 4, 3, 1, 4, 3, 4, 4, 4]|[0, 2, 0, 1, 3, 0, 1, 3, 0, 0, 2, 0, 1, 0, 1, 0, 0, 0, 1, 0, 0, 2, 0, 0, 1, 0, 0, 3, 0, 1, 0, 2, 0, 0, 3, 0, 1, 3, 1, 0, 0, 1, 1, 3, 0, 0, 1, 0, 2, 0, 0, 0, 0, 0, 1, 0, 0, 0, 1, 1, 0, 2, 0, 0, 0, 1, 0, 0, 0, 2, 0, 0, 1, 0, 0, 2, 0, 0, 3, 0, 0, 1, 0, 3, 0, 0, 1, 0, 0, 0, 0, 0, 2, 0, 1, 3, 0, 2, 1, 2],887.3485758075569,52899.19131805675,118700.99180646261,false
7,G3_TWC,G4_BALANCED,[31, 22, 82, 15, 26, 9, 95, 42, 77, 12, 47, 5, 93, 78, 86, 54, 85, 63, 18, 44, 20, 35, 43, 97, 91, 76, 10, 30, 21, 45, 71, 64, 1, 23, 17, 83, 24, 14, 60, 36, 6, 57, 40, 88, 65, 56, 79, 94, 67, 68, 46, 75, 38, 58, 19, 32, 81, 41, 27, 62, 87, 90, 99, 59, 11, 16, 72, 73, 70, 39, 37, 84, 3, 92, 25, 55, 28, 29, 51, 7, 66, 61, 98, 33, 89, 50, 48, 96, 80, 53, 8, 2, 13, 4, 52, 49, 0, 69, 74, 34]|[1, 1, 0, 1, 1, 0, 1, 2, 2, 1, 2, 2, 2, 1, 1, 0, 0, 1, 0, 2, 2, 0, 1, 2, 0, 1, 2, 2, 0, 0, 1, 2, 1, 2, 1, 0, 2, 0, 1, 1, 0, 1, 1, 1, 0, 2, 1, 1, 0, 0, 0, 0, 1, 1, 2, 1, 2, 1, 0, 0, 2, 1, 0, 1, 2, 1, 2, 1, 1, 1, 1, 1, 1, 0, 1, 1, 0, 0, 0, 1, 0, 1, 0, 0, 1, 0, 0, 0, 0, 0, 1, 0, 0, 1, 1, 0, 0, 1, 2, 2]|[4, 3, 2, 2, 4, 1, 2, 2, 2, 4, 1, 1, 2, 4, 4, 1, 2, 4, 2, 1, 1, 1, 1, 2, 1, 2, 1, 1, 1, 1, 3, 2, 3, 0, 4, 0, 1, 1, 0, 3, 2, 2, 2, 0, 1, 1, 0, 4, 0, 1, 2, 2, 1, 0, 0, 3, 2, 4, 1, 2, 2, 3, 1, 1, 1, 3, 0, 4, 3, 1, 4, 1, 1, 0, 4, 4, 2, 1, 1, 1, 2, 3, 1, 2, 1, 1, 1, 1, 1, 2, 3, 2, 2, 4, 1, 1, 2, 4, 1, 1]|[0, 2, 1, 1, 3, 0, 1, 0, 0, 0, 0, 0, 1, 0, 1, 0, 0, 3, 1, 0, 0, 0, 3, 1, 0, 2, 0, 0, 0, 1, 0, 0, 0, 0, 3, 0, 1, 0, 0, 2, 1, 1, 1, 0, 0, 0, 0, 2, 1, 0, 0, 0, 1, 3, 0, 0, 1, 2, 0, 1, 0, 2, 0, 1, 0, 2, 1, 0, 0, 1, 1, 3, 1, 1, 3, 3, 1, 0, 0, 2, 1, 0, 0, 1, 1, 0, 0, 0, 0, 1, 2, 0, 0, 0, 1, 1, 0, 2, 0, 0],837.860322213604,57672.71522530174,94775.43432162958,true
7,G1_CMAX,G1_CMAX,[31, 22, 82, 15, 73, 9, 95, 42, 77, 12, 47, 98, 93, 78, 86, 54, 85, 63, 18, 44, 20, 35, 43, 97, 37, 76, 10, 30, 21, 45, 61, 64, 1, 23, 17, 83, 24, 41, 60, 36, 6, 57, 40, 88, 65, 56, 79, 69, 67, 68, 46, 75, 38, 58, 19, 32, 81, 48, 27, 62, 87, 90, 99, 59, 11, 16, 72, 26, 70, 39, 91, 84, 3, 92, 25, 55, 28, 29, 51, 7, 66, 71, 5, 33, 89, 50, 14, 96, 80, 53, 8, 2, 4, 34, 52, 49, 0, 94, 74, 13]|[1, 1, 0, 1, 1, 0, 1, 2, 2, 1, 2, 2, 2, 1, 1, 0, 0, 0, 0, 2, 2, 0, 1, 2, 0, 1, 2, 2, 0, 0, 1, 2, 1, 2, 1, 0, 2, 1, 1, 1, 0, 1, 1, 1, 0, 2, 1, 1, 0, 0, 0, 0, 1, 1, 2, 1, 2, 1, 0, 0, 2, 1, 0, 1, 2, 1, 2, 1, 1, 1, 0, 1, 1, 0, 1, 1, 1, 0, 0, 1, 2, 2, 2, 0, 1, 0, 0, 1, 0, 0, 1, 0, 1, 2, 2, 0, 0, 2, 2, 0]|[4, 3, 2, 2, 4, 1, 2, 2, 2, 4, 1, 1, 2, 4, 4, 1, 2, 1, 2, 1, 1, 1, 1, 2, 1, 2, 1, 1, 1, 1, 1, 2, 3, 0, 4, 0, 1, 4, 0, 3, 2, 2, 2, 0, 1, 1, 0, 4, 0, 1, 2, 2, 1, 4, 0, 3, 1, 4, 1, 2, 2, 3, 1, 1, 1, 3, 0, 4, 3, 1, 1, 1, 1, 0, 4, 4, 4, 1, 1, 1, 1, 1, 1, 2, 1, 1, 2, 3, 1, 2, 3, 2, 4, 1, 1, 1, 2, 2, 1, 2]|[0, 2, 1, 1, 3, 0, 1, 0, 0, 0, 0, 0, 1, 0, 1, 0, 0, 0, 1, 0, 0, 0, 3, 1, 0, 2, 0, 0, 0, 1, 3, 0, 0, 0, 3, 0, 1, 3, 0, 2, 1, 1, 1, 0, 0, 0, 0, 2, 1, 0, 0, 0, 1, 3, 0, 0, 0, 2, 0, 1, 0, 2, 0, 1, 0, 2, 1, 0, 0, 1, 0, 3, 1, 1, 3, 3, 1, 0, 0, 2, 0, 0, 0, 1, 1, 0, 0, 2, 0, 1, 2, 0, 0, 0, 0, 1, 0, 0, 0, 0],788.3003590018129,56563.35046694537,105387.6637592951,false
7,G4_BALANCED,G2_TEC,[31, 22, 82, 15, 26, 9, 36, 42, 77, 4, 47, 5, 93, 78, 86, 54, 85, 63, 18, 44, 20, 49, 95, 14, 74, 50, 53, 17, 21, 45, 71, 64, 3, 23, 30, 83, 24, 41, 60, 52, 65, 27, 90, 70, 39, 87, 48, 69, 99, 68, 46, 1, 38, 58, 97, 59, 28, 8, 73, 37, 35, 79, 11, 66, 76, 57, 40, 80, 96, 6, 16, 61, 33, 98, 32, 34, 51, 67, 10, 7, 56, 43, 62, 25, 91, 13, 29, 92, 0, 81, 84, 72, 88, 55, 75, 19, 12, 94, 89, 2]|[2, 1, 2, 1, 1, 2, 1, 1, 1, 1, 1, 0, 2, 2, 1, 2, 0, 0, 0, 2, 2, 1, 0, 2, 0, 2, 2, 1, 0, 1, 1, 1, 0, 0, 1, 0, 2, 1, 2, 2, 0, 1, 1, 1, 0, 2, 0, 2, 1, 0, 0, 2, 2, 0, 2, 0, 2, 1, 0, 0, 2, 1, 0, 2, 2, 0, 2, 2, 0, 1, 1, 1, 1, 0, 0, 1, 1, 0, 1, 2, 2, 1, 0, 1, 1, 0, 1, 0, 0, 1, 0, 1, 1, 0, 0, 2, 1, 1, 1, 2]|[0, 3, 0, 2, 4, 1, 4, 4, 2, 4, 3, 2, 1, 0, 2, 1, 1, 1, 2, 1, 2, 3, 0, 1, 0, 1, 1, 4, 1, 4, 3, 2, 2, 0, 4, 1, 1, 4, 0, 1, 2, 2, 4, 4, 1, 1, 0, 2, 3, 1, 2, 1, 2, 1, 1, 2, 1, 3, 0, 2, 2, 3, 1, 0, 1, 0, 0, 1, 2, 4, 0, 3, 4, 1, 2, 4, 3, 1, 3, 1, 0, 4, 2, 4, 3, 2, 3, 2, 2, 1, 2, 4, 4, 2, 2, 0, 3, 4, 4, 1]|[0, 2, 0, 1, 3, 0, 1, 3, 0, 0, 2, 0, 1, 0, 1, 0, 0, 0, 1, 0, 0, 2, 0, 0, 1, 0, 0, 3, 0, 1, 0, 2, 0, 0, 3, 0, 1, 3, 1, 0, 0, 1, 1, 3, 0, 0, 1, 0, 2, 0, 0, 0, 0, 0, 1, 0, 0, 0, 1, 1, 0, 2, 0, 0, 0, 1, 0, 0, 0, 2, 1, 0, 1, 0, 0, 2, 0, 0, 3, 0, 0, 2, 1, 3, 0, 0, 0, 0, 0, 1, 1, 2, 1, 0, 0, 0, 0, 2, 1, 0],867.4647062768508,53369.78233461387,118803.58872823781,true
7,G2_TEC,G2_TEC,[31, 22, 82, 15, 26, 9, 95, 42, 77, 4, 47, 5, 93, 78, 86, 54, 85, 63, 18, 44, 20, 49, 36, 14, 74, 50, 53, 17, 21, 45, 71, 64, 3, 23, 30, 83, 24, 41, 60, 52, 65, 27, 90, 70, 39, 87, 48, 69, 99, 68, 46, 1, 38, 58, 97, 59, 28, 8, 73, 37, 35, 79, 11, 66, 76, 57, 40, 80, 96, 6, 16, 61, 33, 98, 55, 34, 62, 67, 10, 7, 56, 88, 29, 19, 91, 13, 84, 92, 0, 75, 2, 32, 43, 51, 81, 25, 12, 94, 89, 72]|[2, 1, 2, 1, 1, 2, 1, 1, 1, 1, 1, 0, 2, 2, 1, 2, 0, 0, 0, 2, 2, 1, 0, 2, 0, 2, 2, 1, 0, 1, 1, 1, 0, 0, 1, 0, 2, 1, 2, 2, 0, 1, 1, 1, 0, 2, 0, 2, 1, 0, 0, 2, 2, 0, 2, 0, 2, 1, 0, 0, 2, 1, 0, 2, 2, 0, 2, 2, 0, 1, 2, 1, 1, 0, 0, 1, 1, 1, 1, 2, 2, 1, 1, 1, 1, 0, 0, 0, 0, 0, 2, 0, 1, 1, 1, 1, 1, 1, 1, 1]|[0, 3, 0, 2, 4, 1, 4, 4, 2, 4, 3, 2, 1, 0, 2, 1, 1, 1, 2, 1, 2, 3, 0, 1, 0, 1, 1, 4, 1, 4, 3, 2, 2, 0, 4, 1, 1, 4, 0, 1, 2, 2, 4, 4, 1, 1, 0, 2, 3, 1, 2, 1, 2, 1, 1, 2, 1, 3, 0, 2, 2, 3, 1, 0, 1, 0, 0, 1, 2, 4, 1, 3, 4, 2, 2, 4, 3, 3, 3, 1, 0, 4, 3, 4, 3, 2, 2, 2, 2, 2, 1, 2, 4, 3, 1, 4, 3, 4, 4, 4]|[0, 2, 0, 1, 3, 0, 1, 3, 0, 0, 2, 0, 1, 0, 1, 0, 0, 0, 1, 0, 0, 2, 0, 0, 1, 0, 0, 3, 0, 1, 0, 2, 0, 0, 3, 0, 1, 3, 1, 0, 0, 1, 1, 3, 0, 0, 1, 0, 2, 0, 0, 0, 0, 0, 1, 0, 0, 0, 1, 1, 0, 2, 0, 0, 0, 1, 0, 0, 0, 2, 0, 0, 1, 0, 0, 2, 0, 0, 3, 0, 0, 1, 0, 3, 0, 0, 1, 0, 0, 0, 0, 0, 2, 0, 1, 3, 0, 2, 1, 2],887.3485758075569,52899.19131805675,118700.99180646261,false
7,G3_TWC,G4_BALANCED,[31, 22, 82, 15, 26, 9, 95, 42, 77, 12, 47, 5, 93, 78, 86, 54, 85, 63, 18, 44, 20, 35, 43, 97, 91, 76, 10, 30, 21, 45, 71, 64, 1, 23, 17, 83, 24, 14, 60, 36, 6, 57, 40, 88, 65, 56, 79, 94, 67, 68, 46, 75, 38, 58, 19, 32, 81, 41, 27, 62, 87, 90, 99, 59, 11, 16, 72, 73, 70, 39, 37, 84, 3, 92, 25, 55, 28, 29, 51, 7, 66, 61, 98, 33, 89, 50, 48, 96, 80, 53, 8, 2, 13, 4, 52, 49, 0, 69, 74, 34]|[1, 1, 0, 1, 1, 0, 1, 2, 2, 1, 2, 2, 2, 1, 1, 0, 0, 1, 0, 2, 2, 0, 1, 2, 0, 1, 2, 2, 0, 0, 1, 2, 1, 2, 1, 0, 2, 0, 1, 1, 0, 1, 1, 1, 0, 2, 1, 1, 0, 0, 0, 0, 1, 1, 2, 1, 2, 1, 0, 0, 2, 1, 0, 1, 2, 1, 2, 1, 1, 1, 1, 1, 1, 0, 1, 1, 0, 0, 0, 1, 0, 1, 0, 0, 1, 0, 0, 0, 0, 0, 1, 0, 0, 1, 1, 0, 0, 1, 2, 2]|[4, 3, 2, 2, 4, 1, 2, 2, 2, 4, 1, 1, 2, 4, 4, 1, 2, 4, 2, 1, 1, 1, 1, 2, 1, 2, 1, 1, 1, 1, 3, 2, 3, 0, 4, 0, 1, 1, 0, 3, 2, 2, 2, 0, 1, 1, 0, 4, 0, 1, 2, 2, 1, 0, 0, 3, 2, 4, 1, 2, 2, 3, 1, 1, 1, 3, 0, 4, 3, 1, 4, 1, 1, 0, 4, 4, 2, 1, 1, 1, 2, 3, 1, 2, 1, 1, 1, 1, 1, 2, 3, 2, 2, 4, 1, 1, 2, 4, 1, 1]|[0, 2, 1, 1, 3, 0, 1, 0, 0, 0, 0, 0, 1, 0, 1, 0, 0, 3, 1, 0, 0, 0, 3, 1, 0, 2, 0, 0, 0, 1, 0, 0, 0, 0, 3, 0, 1, 0, 0, 2, 1, 1, 1, 0, 0, 0, 0, 2, 1, 0, 0, 0, 1, 3, 0, 0, 1, 2, 0, 1, 0, 2, 0, 1, 0, 2, 1, 0, 0, 1, 1, 3, 1, 1, 3, 3, 1, 0, 0, 2, 1, 0, 0, 1, 1, 0, 0, 0, 0, 1, 2, 0, 0, 0, 1, 1, 0, 2, 0, 0],837.860322213604,57672.71522530174,94775.43432162958,true
7,G1_CMAX,G1_CMAX,[31, 22, 82, 15, 73, 9, 95, 42, 77, 12, 47, 98, 93, 78, 86, 54, 85, 63, 18, 44, 20, 35, 43, 97, 37, 76, 10, 30, 21, 45, 61, 64, 1, 23, 17, 83, 24, 41, 60, 36, 6, 57, 40, 88, 65, 56, 79, 69, 67, 68, 46, 75, 38, 58, 19, 32, 81, 48, 27, 62, 87, 90, 99, 59, 11, 16, 72, 26, 70, 39, 91, 84, 3, 92, 25, 55, 28, 29, 51, 7, 66, 71, 5, 33, 89, 50, 14, 96, 80, 53, 8, 2, 4, 34, 52, 49, 0, 94, 74, 13]|[1, 1, 0, 1, 1, 0, 1, 2, 2, 1, 2, 2, 2, 1, 1, 0, 0, 0, 0, 2, 2, 0, 1, 2, 0, 1, 2, 2, 0, 0, 1, 2, 1, 2, 1, 0, 2, 1, 1, 1, 0, 1, 1, 1, 0, 2, 1, 1, 0, 0, 0, 0, 1, 1, 2, 1, 2, 1, 0, 0, 2, 1, 0, 1, 2, 1, 2, 1, 1, 1, 0, 1, 1, 0, 1, 1, 1, 0, 0, 1, 2, 2, 2, 0, 1, 0, 0, 1, 0, 0, 1, 0, 1, 2, 2, 0, 0, 2, 2, 0]|[4, 3, 2, 2, 4, 1, 2, 2, 2, 4, 1, 1, 2, 4, 4, 1, 2, 1, 2, 1, 1, 1, 1, 2, 1, 2, 1, 1, 1, 1, 1, 2, 3, 0, 4, 0, 1, 4, 0, 3, 2, 2, 2, 0, 1, 1, 0, 4, 0, 1, 2, 2, 1, 4, 0, 3, 1, 4, 1, 2, 2, 3, 1, 1, 1, 3, 0, 4, 3, 1, 1, 1, 1, 0, 4, 4, 4, 1, 1, 1, 1, 1, 1, 2, 1, 1, 2, 3, 1, 2, 3, 2, 4, 1, 1, 1, 2, 2, 1, 2]|[0, 2, 1, 1, 3, 0, 1, 0, 0, 0, 0, 0, 1, 0, 1, 0, 0, 0, 1, 0, 0, 0, 3, 1, 0, 2, 0, 0, 0, 1, 3, 0, 0, 0, 3, 0, 1, 3, 0, 2, 1, 1, 1, 0, 0, 0, 0, 2, 1, 0, 0, 0, 1, 3, 0, 0, 0, 2, 0, 1, 0, 2, 0, 1, 0, 2, 1, 0, 0, 1, 0, 3, 1, 1, 3, 3, 1, 0, 0, 2, 0, 0, 0, 1, 1, 0, 0, 2, 0, 1, 2, 0, 0, 0, 0, 1, 0, 0, 0, 0],788.3003590018129,56563.35046694537,105387.6637592951,false
7,G4_BALANCED,G2_TEC,[31, 22, 82, 15, 26, 9, 95, 42, 77, 4, 47, 5, 93, 78, 86, 54, 85, 63, 18, 44, 20, 49, 36, 14, 74, 50, 53, 17, 21, 45, 71, 64, 3, 23, 30, 83, 24, 41, 60, 52, 65, 27, 90, 70, 39, 87, 48, 69, 99, 68, 46, 1, 38, 58, 97, 59, 28, 8, 73, 37, 35, 79, 11, 66, 76, 57, 40, 80, 96, 6, 16, 61, 33, 98, 32, 34, 51, 67, 10, 7, 56, 88, 62, 19, 91, 13, 84, 92, 0, 75, 2, 55, 43, 29, 81, 25, 12, 94, 89, 72]|[2, 1, 2, 1, 1, 2, 1, 1, 1, 1, 1, 0, 2, 2, 1, 2, 0, 0, 0, 2, 2, 1, 0, 2, 0, 2, 2, 1, 0, 1, 1, 1, 0, 0, 1, 0, 2, 1, 2, 2, 0, 1, 1, 1, 0, 2, 0, 2, 1, 0, 0, 2, 2, 0, 2, 0, 2, 1, 0, 0, 2, 1, 0, 2, 2, 0, 2, 0, 0, 1, 2, 1, 1, 0, 0, 1, 1, 1, 1, 2, 2, 1, 1, 1, 1, 0, 0, 0, 0, 0, 2, 0, 1, 1, 1, 1, 1, 1, 1, 1]|[0, 3, 0, 2, 4, 1, 4, 4, 2, 4, 3, 2, 1, 0, 2, 1, 1, 1, 2, 1, 1, 3, 0, 1, 0, 1, 1, 4, 1, 4, 3, 2, 2, 0, 4, 1, 1, 4, 0, 1, 2, 2, 4, 4, 1, 1, 0, 2, 3, 1, 2, 1, 2, 1, 1, 2, 0, 3, 0, 2, 2, 3, 1, 0, 1, 0, 0, 1, 2, 4, 1, 3, 4, 1, 2, 4, 3, 3, 3, 1, 0, 4, 3, 4, 3, 2, 2, 2, 2, 2, 1, 2, 4, 3, 1, 4, 3, 4, 4, 4]|[0, 2, 0, 1, 3, 0, 1, 3, 0, 0, 2, 0, 1, 0, 1, 0, 0, 0, 1, 0, 0, 2, 0, 0, 1, 0, 0, 3, 0, 1, 0, 2, 0, 0, 3, 0, 1, 3, 1, 0, 0, 1, 1, 3, 0, 0, 1, 0, 2, 0, 0, 0, 0, 0, 1, 0, 0, 0, 1, 1, 0, 2, 0, 0, 0, 1, 0, 0, 0, 2, 0, 0, 1, 0, 0, 2, 0, 0, 3, 0, 0, 1, 0, 3, 0, 0, 1, 0, 0, 0, 0, 0, 2, 0, 1, 3, 0, 2, 1, 2],890.1787236510866,53144.74002818745,115081.737902275,true
7,G2_TEC,G2_TEC,[31, 22, 82, 15, 26, 9, 95, 42, 77, 4, 47, 5, 93, 78, 86, 54, 85, 63, 18, 44, 20, 49, 36, 14, 74, 50, 53, 17, 21, 45, 71, 64, 3, 23, 30, 83, 24, 41, 60, 52, 65, 27, 90, 70, 39, 87, 48, 69, 99, 68, 46, 1, 38, 58, 97, 59, 28, 8, 73, 37, 35, 79, 11, 66, 76, 57, 40, 80, 96, 6, 16, 61, 33, 98, 55, 34, 62, 67, 10, 7, 56, 88, 29, 19, 91, 13, 84, 92, 0, 75, 2, 32, 43, 51, 81, 25, 12, 94, 89, 72]|[2, 1, 2, 1, 1, 2, 1, 1, 1, 1, 1, 0, 2, 2, 1, 2, 0, 0, 0, 2, 2, 1, 0, 2, 0, 2, 2, 1, 0, 1, 1, 1, 0, 0, 1, 0, 2, 1, 2, 2, 0, 1, 1, 1, 0, 2, 0, 2, 1, 0, 0, 2, 2, 0, 2, 0, 2, 1, 0, 0, 2, 1, 0, 2, 2, 0, 2, 2, 0, 1, 2, 1, 1, 0, 0, 1, 1, 1, 1, 2, 2, 1, 1, 1, 1, 0, 0, 0, 0, 0, 2, 0, 1, 1, 1, 1, 1, 1, 1, 1]|[0, 3, 0, 2, 4, 1, 4, 4, 2, 4, 3, 2, 1, 0, 2, 1, 1, 1, 2, 1, 2, 3, 0, 1, 0, 1, 1, 4, 1, 4, 3, 2, 2, 0, 4, 1, 1, 4, 0, 1, 2, 2, 4, 4, 1, 1, 0, 2, 3, 1, 2, 1, 2, 1, 1, 2, 1, 3, 0, 2, 2, 3, 1, 0, 1, 0, 0, 1, 2, 4, 1, 3, 4, 2, 2, 4, 3, 3, 3, 1, 0, 4, 3, 4, 3, 2, 2, 2, 2, 2, 1, 2, 4, 3, 1, 4, 3, 4, 4, 4]|[0, 2, 0, 1, 3, 0, 1, 3, 0, 0, 2, 0, 1, 0, 1, 0, 0, 0, 1, 0, 0, 2, 0, 0, 1, 0, 0, 3, 0, 1, 0, 2, 0, 0, 3, 0, 1, 3, 1, 0, 0, 1, 1, 3, 0, 0, 1, 0, 2, 0, 0, 0, 0, 0, 1, 0, 0, 0, 1, 1, 0, 2, 0, 0, 0, 1, 0, 0, 0, 2, 0, 0, 1, 0, 0, 2, 0, 0, 3, 0, 0, 1, 0, 3, 0, 0, 1, 0, 0, 0, 0, 0, 2, 0, 1, 3, 0, 2, 1, 2],887.3485758075569,52899.19131805675,118700.99180646261,false
7,G3_TWC,G4_BALANCED,[31, 22, 82, 15, 26, 9, 95, 42, 77, 12, 47, 5, 93, 78, 86, 54, 85, 63, 18, 44, 20, 35, 43, 97, 91, 76, 10, 30, 21, 45, 71, 64, 1, 23, 17, 83, 24, 14, 60, 36, 6, 57, 40, 88, 65, 56, 79, 94, 67, 68, 46, 75, 38, 58, 19, 32, 81, 41, 27, 62, 87, 90, 99, 59, 11, 16, 72, 73, 70, 39, 37, 84, 3, 92, 25, 55, 28, 29, 51, 7, 66, 61, 98, 33, 89, 50, 48, 96, 80, 53, 8, 2, 13, 4, 52, 49, 0, 69, 74, 34]|[1, 1, 0, 1, 1, 0, 1, 2, 2, 1, 2, 2, 2, 1, 1, 0, 0, 1, 0, 2, 2, 0, 1, 2, 0, 1, 2, 2, 0, 0, 1, 2, 1, 2, 1, 0, 2, 0, 1, 1, 0, 1, 1, 1, 0, 2, 1, 1, 0, 0, 0, 0, 1, 1, 2, 1, 2, 1, 0, 0, 2, 1, 0, 1, 2, 1, 2, 1, 1, 1, 1, 1, 1, 0, 1, 1, 0, 0, 0, 1, 0, 1, 0, 0, 1, 0, 0, 0, 0, 0, 1, 0, 0, 1, 1, 0, 0, 1, 2, 2]|[4, 3, 2, 2, 4, 1, 2, 2, 2, 4, 1, 1, 2, 4, 4, 1, 2, 4, 2, 1, 1, 1, 1, 2, 1, 2, 1, 1, 1, 1, 3, 2, 3, 0, 4, 0, 1, 1, 0, 3, 2, 2, 2, 0, 1, 1, 0, 4, 0, 1, 2, 2, 1, 0, 0, 3, 2, 4, 1, 2, 2, 3, 1, 1, 1, 3, 0, 4, 3, 1, 4, 1, 1, 0, 4, 4, 2, 1, 1, 1, 2, 3, 1, 2, 1, 1, 1, 1, 1, 2, 3, 2, 2, 4, 1, 1, 2, 4, 1, 1]|[0, 2, 1, 1, 3, 0, 1, 0, 0, 0, 0, 0, 1, 0, 1, 0, 0, 3, 1, 0, 0, 0, 3, 1, 0, 2, 0, 0, 0, 1, 0, 0, 0, 0, 3, 0, 1, 0, 0, 2, 1, 1, 1, 0, 0, 0, 0, 2, 1, 0, 0, 0, 1, 3, 0, 0, 1, 2, 0, 1, 0, 2, 0, 1, 0, 2, 1, 0, 0, 1, 1, 3, 1, 1, 3, 3, 1, 0, 0, 2, 1, 0, 0, 1, 1, 0, 0, 0, 0, 1, 2, 0, 0, 0, 1, 1, 0, 2, 0, 0],837.860322213604,57672.71522530174,94775.43432162958,true
7,G1_CMAX,G1_CMAX,[31, 22, 82, 15, 73, 9, 95, 42, 77, 12, 47, 98, 93, 78, 86, 54, 85, 63, 18, 44, 20, 35, 43, 97, 37, 76, 10, 30, 21, 45, 61, 64, 1, 23, 17, 83, 24, 41, 60, 36, 6, 57, 40, 88, 65, 56, 79, 69, 67, 68, 46, 75, 38, 58, 19, 32, 81, 48, 27, 62, 87, 90, 99, 59, 11, 16, 72, 26, 70, 39, 91, 84, 3, 92, 25, 55, 28, 29, 51, 7, 66, 71, 5, 33, 89, 50, 14, 96, 80, 53, 8, 2, 4, 34, 52, 49, 0, 94, 74, 13]|[1, 1, 0, 1, 1, 0, 1, 2, 2, 1, 2, 2, 2, 1, 1, 0, 0, 0, 0, 2, 2, 0, 1, 2, 0, 1, 2, 2, 0, 0, 1, 2, 1, 2, 1, 0, 2, 1, 1, 1, 0, 1, 1, 1, 0, 2, 1, 1, 0, 0, 0, 0, 1, 1, 2, 1, 2, 1, 0, 0, 2, 1, 0, 1, 2, 1, 2, 1, 1, 1, 0, 1, 1, 0, 1, 1, 1, 0, 0, 1, 2, 2, 2, 0, 1, 0, 0, 1, 0, 0, 1, 0, 1, 2, 2, 0, 0, 2, 2, 0]|[4, 3, 2, 2, 4, 1, 2, 2, 2, 4, 1, 1, 2, 4, 4, 1, 2, 1, 2, 1, 1, 1, 1, 2, 1, 2, 1, 1, 1, 1, 1, 2, 3, 0, 4, 0, 1, 4, 0, 3, 2, 2, 2, 0, 1, 1, 0, 4, 0, 1, 2, 2, 1, 4, 0, 3, 1, 4, 1, 2, 2, 3, 1, 1, 1, 3, 0, 4, 3, 1, 1, 1, 1, 0, 4, 4, 4, 1, 1, 1, 1, 1, 1, 2, 1, 1, 2, 3, 1, 2, 3, 2, 4, 1, 1, 1, 2, 2, 1, 2]|[0, 2, 1, 1, 3, 0, 1, 0, 0, 0, 0, 0, 1, 0, 1, 0, 0, 0, 1, 0, 0, 0, 3, 1, 0, 2, 0, 0, 0, 1, 3, 0, 0, 0, 3, 0, 1, 3, 0, 2, 1, 1, 1, 0, 0, 0, 0, 2, 1, 0, 0, 0, 1, 3, 0, 0, 0, 2, 0, 1, 0, 2, 0, 1, 0, 2, 1, 0, 0, 1, 0, 3, 1, 1, 3, 3, 1, 0, 0, 2, 0, 0, 0, 1, 1, 0, 0, 2, 0, 1, 2, 0, 0, 0, 0, 1, 0, 0, 0, 0],788.3003590018129,56563.35046694537,105387.6637592951,false
7,G4_BALANCED,G2_TEC,[31, 22, 82, 15, 26, 9, 36, 42, 77, 4, 47, 5, 93, 78, 86, 54, 85, 63, 18, 44, 20, 49, 95, 14, 74, 50, 53, 17, 21, 45, 71, 64, 3, 23, 30, 83, 24, 41, 60, 52, 65, 27, 90, 70, 39, 87, 48, 69, 99, 68, 46, 1, 38, 58, 97, 59, 28, 8, 73, 37, 35, 79, 11, 66, 76, 57, 40, 80, 96, 6, 16, 61, 33, 98, 32, 34, 51, 67, 10, 7, 56, 43, 62, 25, 91, 13, 29, 92, 0, 81, 84, 72, 88, 55, 75, 19, 12, 94, 89, 2]|[2, 1, 2, 1, 1, 2, 1, 1, 1, 1, 1, 0, 2, 2, 1, 2, 0, 0, 0, 2, 2, 1, 0, 2, 0, 2, 2, 1, 0, 1, 1, 1, 0, 0, 1, 0, 2, 1, 2, 2, 0, 1, 1, 1, 0, 2, 0, 2, 1, 0, 0, 2, 2, 0, 2, 0, 2, 1, 0, 0, 2, 1, 0, 2, 2, 0, 2, 2, 0, 1, 1, 1, 1, 0, 0, 1, 1, 0, 1, 2, 2, 1, 0, 1, 1, 0, 1, 0, 0, 1, 0, 1, 1, 0, 0, 2, 1, 1, 1, 2]|[0, 3, 0, 2, 4, 1, 4, 4, 2, 4, 3, 2, 1, 0, 2, 1, 1, 1, 2, 1, 2, 3, 0, 1, 0, 1, 1, 4, 1, 4, 3, 2, 2, 0, 4, 1, 1, 4, 0, 1, 2, 2, 4, 4, 1, 1, 0, 2, 3, 1, 2, 1, 2, 1, 1, 2, 1, 3, 0, 2, 2, 3, 1, 0, 1, 0, 0, 1, 2, 4, 0, 3, 4, 1, 2, 4, 3, 1, 3, 1, 0, 4, 2, 4, 3, 2, 3, 2, 2, 1, 2, 4, 4, 2, 2, 0, 3, 4, 4, 1]|[0, 2, 0, 1, 3, 0, 1, 3, 0, 0, 2, 0, 1, 0, 1, 0, 0, 0, 1, 0, 0, 2, 0, 0, 1, 0, 0, 3, 0, 1, 0, 2, 0, 0, 3, 0, 1, 3, 1, 0, 0, 1, 1, 3, 0, 0, 1, 0, 2, 0, 0, 0, 0, 0, 1, 0, 0, 0, 1, 1, 0, 2, 0, 0, 0, 1, 0, 0, 0, 2, 1, 0, 1, 0, 0, 2, 0, 0, 3, 0, 0, 2, 1, 3, 0, 0, 0, 0, 0, 1, 1, 2, 1, 0, 0, 0, 0, 2, 1, 0],867.4647062768508,53369.78233461387,118803.58872823781,true
7,G2_TEC,G2_TEC,[31, 22, 82, 15, 26, 9, 95, 42, 77, 4, 47, 5, 93, 78, 86, 54, 85, 63, 18, 44, 20, 49, 36, 14, 74, 50, 53, 17, 21, 45, 71, 64, 3, 23, 30, 83, 24, 41, 60, 52, 65, 27, 90, 70, 39, 87, 48, 69, 99, 68, 46, 1, 38, 58, 97, 59, 28, 8, 73, 37, 35, 79, 11, 66, 76, 57, 40, 80, 96, 6, 16, 61, 33, 98, 55, 34, 62, 67, 10, 7, 56, 88, 29, 19, 91, 13, 84, 92, 0, 75, 2, 32, 43, 51, 81, 25, 12, 94, 89, 72]|[2, 1, 2, 1, 1, 2, 1, 1, 1, 1, 1, 0, 2, 2, 1, 2, 0, 0, 0, 2, 2, 1, 0, 2, 0, 2, 2, 1, 0, 1, 1, 1, 0, 0, 1, 0, 2, 1, 2, 2, 0, 1, 1, 1, 0, 2, 0, 2, 1, 0, 0, 2, 2, 0, 2, 0, 2, 1, 0, 0, 2, 1, 0, 2, 2, 0, 2, 2, 0, 1, 2, 1, 1, 0, 0, 1, 1, 1, 1, 2, 2, 1, 1, 1, 1, 0, 0, 0, 0, 0, 2, 0, 1, 1, 1, 1, 1, 1, 1, 1]|[0, 3, 0, 2, 4, 1, 4, 4, 2, 4, 3, 2, 1, 0, 2, 1, 1, 1, 2, 1, 2, 3, 0, 1, 0, 1, 1, 4, 1, 4, 3, 2, 2, 0, 4, 1, 1, 4, 0, 1, 2, 2, 4, 4, 1, 1, 0, 2, 3, 1, 2, 1, 2, 1, 1, 2, 1, 3, 0, 2, 2, 3, 1, 0, 1, 0, 0, 1, 2, 4, 1, 3, 4, 2, 2, 4, 3, 3, 3, 1, 0, 4, 3, 4, 3, 2, 2, 2, 2, 2, 1, 2, 4, 3, 1, 4, 3, 4, 4, 4]|[0, 2, 0, 1, 3, 0, 1, 3, 0, 0, 2, 0, 1, 0, 1, 0, 0, 0, 1, 0, 0, 2, 0, 0, 1, 0, 0, 3, 0, 1, 0, 2, 0, 0, 3, 0, 1, 3, 1, 0, 0, 1, 1, 3, 0, 0, 1, 0, 2, 0, 0, 0, 0, 0, 1, 0, 0, 0, 1, 1, 0, 2, 0, 0, 0, 1, 0, 0, 0, 2, 0, 0, 1, 0, 0, 2, 0, 0, 3, 0, 0, 1, 0, 3, 0, 0, 1, 0, 0, 0, 0, 0, 2, 0, 1, 3, 0, 2, 1, 2],887.3485758075569,52899.19131805675,118700.99180646261,false
7,G3_TWC,G4_BALANCED,[31, 22, 82, 15, 26, 9, 95, 42, 77, 12, 47, 5, 93, 78, 86, 54, 85, 63, 18, 44, 20, 35, 43, 97, 91, 76, 10, 30, 21, 45, 71, 64, 1, 23, 17, 83, 24, 14, 60, 36, 6, 57, 40, 88, 65, 56, 79, 94, 67, 68, 46, 75, 38, 58, 19, 32, 81, 41, 27, 62, 87, 90, 99, 59, 11, 16, 72, 73, 70, 39, 37, 84, 3, 92, 25, 55, 28, 29, 51, 7, 66, 61, 98, 33, 89, 50, 48, 96, 80, 53, 8, 2, 13, 4, 52, 49, 0, 69, 74, 34]|[1, 1, 0, 1, 1, 0, 1, 2, 2, 1, 2, 2, 2, 1, 1, 0, 0, 1, 0, 2, 2, 0, 1, 2, 0, 1, 2, 2, 0, 0, 1, 2, 1, 2, 1, 0, 2, 0, 1, 1, 0, 1, 1, 1, 0, 2, 1, 1, 0, 0, 0, 0, 1, 1, 2, 1, 2, 1, 0, 0, 2, 1, 0, 1, 2, 1, 2, 1, 1, 1, 1, 1, 1, 0, 1, 1, 0, 0, 0, 1, 0, 1, 0, 0, 1, 0, 0, 0, 0, 0, 1, 0, 0, 1, 1, 0, 0, 1, 2, 2]|[4, 3, 2, 2, 4, 1, 2, 2, 2, 4, 1, 1, 2, 4, 4, 1, 2, 4, 2, 1, 1, 1, 1, 2, 1, 2, 1, 1, 1, 1, 3, 2, 3, 0, 4, 0, 1, 1, 0, 3, 2, 2, 2, 0, 1, 1, 0, 4, 0, 1, 2, 2, 1, 0, 0, 3, 2, 4, 1, 2, 2, 3, 1, 1, 1, 3, 0, 4, 3, 1, 4, 1, 1, 0, 4, 4, 2, 1, 1, 1, 2, 3, 1, 2, 1, 1, 1, 1, 1, 2, 3, 2, 2, 4, 1, 1, 2, 4, 1, 1]|[0, 2, 1, 1, 3, 0, 1, 0, 0, 0, 0, 0, 1, 0, 1, 0, 0, 3, 1, 0, 0, 0, 3, 1, 0, 2, 0, 0, 0, 1, 0, 0, 0, 0, 3, 0, 1, 0, 0, 2, 1, 1, 1, 0, 0, 0, 0, 2, 1, 0, 0, 0, 1, 3, 0, 0, 1, 2, 0, 1, 0, 2, 0, 1, 0, 2, 1, 0, 0, 1, 1, 3, 1, 1, 3, 3, 1, 0, 0, 2, 1, 0, 0, 1, 1, 0, 0, 0, 0, 1, 2, 0, 0, 0, 1, 1, 0, 2, 0, 0],837.860322213604,57672.71522530174,94775.43432162958,true
7,G1_CMAX,G1_CMAX,[31, 22, 82, 15, 73, 9, 95, 42, 77, 12, 47, 98, 93, 78, 86, 54, 85, 63, 18, 44, 20, 35, 43, 97, 37, 76, 10, 30, 21, 45, 61, 64, 1, 23, 17, 83, 24, 41, 60, 36, 6, 57, 40, 88, 65, 56, 79, 69, 67, 68, 46, 75, 38, 58, 19, 32, 81, 48, 27, 62, 87, 90, 99, 59, 11, 16, 72, 26, 70, 39, 91, 84, 3, 92, 25, 55, 28, 29, 51, 7, 66, 71, 5, 33, 89, 50, 14, 96, 80, 53, 8, 2, 4, 34, 52, 49, 0, 94, 74, 13]|[1, 1, 0, 1, 1, 0, 1, 2, 2, 1, 2, 2, 2, 1, 1, 0, 0, 0, 0, 2, 2, 0, 1, 2, 0, 1, 2, 2, 0, 0, 1, 2, 1, 2, 1, 0, 2, 1, 1, 1, 0, 1, 1, 1, 0, 2, 1, 1, 0, 0, 0, 0, 1, 1, 2, 1, 2, 1, 0, 0, 2, 1, 0, 1, 2, 1, 2, 1, 1, 1, 0, 1, 1, 0, 1, 1, 1, 0, 0, 1, 2, 2, 2, 0, 1, 0, 0, 1, 0, 0, 1, 0, 1, 2, 2, 0, 0, 2, 2, 0]|[4, 3, 2, 2, 4, 1, 2, 2, 2, 4, 1, 1, 2, 4, 4, 1, 2, 1, 2, 1, 1, 1, 1, 2, 1, 2, 1, 1, 1, 1, 1, 2, 3, 0, 4, 0, 1, 4, 0, 3, 2, 2, 2, 0, 1, 1, 0, 4, 0, 1, 2, 2, 1, 4, 0, 3, 1, 4, 1, 2, 2, 3, 1, 1, 1, 3, 0, 4, 3, 1, 1, 1, 1, 0, 4, 4, 4, 1, 1, 1, 1, 1, 1, 2, 1, 1, 2, 3, 1, 2, 3, 2, 4, 1, 1, 1, 2, 2, 1, 2]|[0, 2, 1, 1, 3, 0, 1, 0, 0, 0, 0, 0, 1, 0, 1, 0, 0, 0, 1, 0, 0, 0, 3, 1, 0, 2, 0, 0, 0, 1, 3, 0, 0, 0, 3, 0, 1, 3, 0, 2, 1, 1, 1, 0, 0, 0, 0, 2, 1, 0, 0, 0, 1, 3, 0, 0, 0, 2, 0, 1, 0, 2, 0, 1, 0, 2, 1, 0, 0, 1, 0, 3, 1, 1, 3, 3, 1, 0, 0, 2, 0, 0, 0, 1, 1, 0, 0, 2, 0, 1, 2, 0, 0, 0, 0, 1, 0, 0, 0, 0],788.3003590018129,56563.35046694537,105387.6637592951,false
7,G4_BALANCED,G4_BALANCED,[31, 22, 82, 15, 26, 9, 90, 42, 77, 4, 47, 5, 93, 78, 86, 54, 85, 63, 18, 44, 20, 49, 36, 14, 74, 50, 53, 17, 21, 45, 71, 64, 3, 23, 30, 83, 24, 41, 60, 52, 65, 27, 95, 70, 39, 87, 48, 69, 99, 68, 46, 1, 38, 58, 97, 59, 28, 8, 73, 37, 35, 79, 11, 66, 76, 57, 84, 80, 92, 6, 16, 61, 33, 98, 55, 34, 29, 67, 10, 7, 56, 19, 51, 12, 91, 13, 88, 96, 0, 81, 2, 32, 43, 40, 75, 25, 62, 94, 89, 72]|[2, 1, 2, 1, 1, 2, 1, 1, 1, 1, 1, 0, 2, 2, 1, 2, 0, 0, 0, 2, 2, 1, 0, 2, 0, 2, 2, 1, 0, 1, 1, 1, 0, 0, 1, 0, 2, 1, 2, 2, 0, 1, 1, 1, 0, 2, 0, 2, 1, 0, 0, 2, 2, 0, 2, 0, 2, 1, 0, 0, 2, 1, 0, 2, 2, 0, 2, 2, 0, 0, 1, 1, 1, 0, 0, 1, 1, 0, 1, 2, 0, 2, 1, 1, 1, 0, 1, 2, 0, 1, 2, 0, 1, 0, 0, 1, 0, 1, 1, 1]|[0, 3, 0, 2, 4, 1, 4, 4, 2, 4, 3, 2, 1, 0, 2, 1, 1, 1, 2, 1, 2, 3, 0, 1, 0, 1, 1, 4, 1, 4, 3, 2, 2, 0, 4, 1, 1, 4, 0, 1, 2, 2, 4, 4, 1, 1, 0, 2, 3, 1, 2, 1, 2, 1, 1, 2, 1, 3, 0, 2, 2, 3, 1, 0, 1, 0, 0, 1, 2, 1, 0, 3, 4, 1, 2, 4, 3, 1, 3, 1, 2, 0, 3, 3, 3, 2, 4, 2, 2, 1, 1, 2, 4, 2, 2, 4, 2, 4, 4, 4]|[0, 2, 0, 1, 3, 0, 1, 3, 0, 0, 2, 0, 1, 0, 1, 0, 0, 0, 1, 0, 0, 2, 0, 0, 1, 0, 0, 3, 0, 1, 0, 2, 0, 0, 3, 0, 1, 3, 1, 0, 0, 1, 1, 3, 0, 0, 1, 0, 2, 0, 0, 0, 0, 0, 1, 0, 0, 0, 1, 1, 0, 2, 0, 0, 0, 1, 0, 0, 0, 0, 1, 0, 1, 0, 0, 2, 0, 0, 3, 0, 1, 0, 0, 0, 0, 0, 1, 1, 0, 1, 0, 0, 2, 1, 0, 3, 1, 2, 1, 2],859.0004597974017,53811.24789598561,116375.93404395258,false
7,G2_TEC,G2_TEC,[31, 22, 82, 15, 26, 9, 95, 42, 77, 4, 47, 5, 93, 78, 86, 54, 85, 63, 18, 44, 20, 49, 36, 14, 74, 50, 53, 17, 21, 45, 71, 64, 3, 23, 30, 83, 24, 41, 60, 52, 65, 27, 90, 70, 39, 87, 48, 69, 99, 68, 46, 1, 38, 58, 97, 59, 28, 8, 73, 37, 35, 79, 11, 66, 76, 57, 40, 80, 96, 6, 16, 61, 33, 98, 55, 34, 62, 67, 10, 7, 56, 88, 29, 19, 91, 13, 84, 92, 0, 75, 2, 32, 43, 51, 81, 25, 12, 94, 89, 72]|[2, 1, 2, 1, 1, 2, 1, 1, 1, 1, 1, 0, 2, 2, 1, 2, 0, 0, 0, 2, 2, 1, 0, 2, 0, 2, 2, 1, 0, 1, 1, 1, 0, 0, 1, 0, 2, 1, 2, 2, 0, 1, 1, 1, 0, 2, 0, 2, 1, 0, 0, 2, 2, 0, 2, 0, 2, 1, 0, 0, 2, 1, 0, 2, 2, 0, 2, 2, 0, 1, 2, 1, 1, 0, 0, 1, 1, 1, 1, 2, 2, 1, 1, 1, 1, 0, 0, 0, 0, 0, 2, 0, 1, 1, 1, 1, 1, 1, 1, 1]|[0, 3, 0, 2, 4, 1, 4, 4, 2, 4, 3, 2, 1, 0, 2, 1, 1, 1, 2, 1, 2, 3, 0, 1, 0, 1, 1, 4, 1, 4, 3, 2, 2, 0, 4, 1, 1, 4, 0, 1, 2, 2, 4, 4, 1, 1, 0, 2, 3, 1, 2, 1, 2, 1, 1, 2, 1, 3, 0, 2, 2, 3, 1, 0, 1, 0, 0, 1, 2, 4, 1, 3, 4, 2, 2, 4, 3, 3, 3, 1, 0, 4, 3, 4, 3, 2, 2, 2, 2, 2, 1, 2, 4, 3, 1, 4, 3, 4, 4, 4]|[0, 2, 0, 1, 3, 0, 1, 3, 0, 0, 2, 0, 1, 0, 1, 0, 0, 0, 1, 0, 0, 2, 0, 0, 1, 0, 0, 3, 0, 1, 0, 2, 0, 0, 3, 0, 1, 3, 1, 0, 0, 1, 1, 3, 0, 0, 1, 0, 2, 0, 0, 0, 0, 0, 1, 0, 0, 0, 1, 1, 0, 2, 0, 0, 0, 1, 0, 0, 0, 2, 0, 0, 1, 0, 0, 2, 0, 0, 3, 0, 0, 1, 0, 3, 0, 0, 1, 0, 0, 0, 0, 0, 2, 0, 1, 3, 0, 2, 1, 2],887.3485758075569,52899.19131805675,118700.99180646261,false
7,G3_TWC,G4_BALANCED,[31, 22, 82, 15, 26, 9, 95, 42, 77, 12, 47, 5, 93, 78, 86, 54, 85, 63, 18, 44, 20, 35, 43, 97, 91, 76, 10, 30, 21, 45, 71, 64, 1, 23, 17, 83, 24, 14, 60, 36, 6, 57, 40, 88, 65, 56, 79, 94, 67, 68, 46, 75, 38, 58, 19, 32, 81, 41, 27, 62, 87, 90, 99, 59, 11, 16, 72, 73, 70, 39, 37, 84, 3, 92, 25, 55, 28, 29, 51, 7, 66, 61, 98, 33, 89, 50, 48, 96, 80, 53, 8, 2, 13, 4, 52, 49, 0, 69, 74, 34]|[1, 1, 0, 1, 1, 0, 1, 2, 2, 1, 2, 2, 2, 1, 1, 0, 0, 1, 0, 2, 2, 0, 1, 2, 0, 1, 2, 2, 0, 0, 1, 2, 1, 2, 1, 0, 2, 0, 1, 1, 0, 1, 1, 1, 0, 2, 1, 1, 0, 0, 0, 0, 1, 1, 2, 1, 2, 1, 0, 0, 2, 1, 0, 1, 2, 1, 2, 1, 1, 1, 1, 1, 1, 0, 1, 1, 0, 0, 0, 1, 0, 1, 0, 0, 1, 0, 0, 0, 0, 0, 1, 0, 0, 1, 1, 0, 0, 1, 2, 2]|[4, 3, 2, 2, 4, 1, 2, 2, 2, 4, 1, 1, 2, 4, 4, 1, 2, 4, 2, 1, 1, 1, 1, 2, 1, 2, 1, 1, 1, 1, 3, 2, 3, 0, 4, 0, 1, 1, 0, 3, 2, 2, 2, 0, 1, 1, 0, 4, 0, 1, 2, 2, 1, 0, 0, 3, 2, 4, 1, 2, 2, 3, 1, 1, 1, 3, 0, 4, 3, 1, 4, 1, 1, 0, 4, 4, 2, 1, 1, 1, 2, 3, 1, 2, 1, 1, 1, 1, 1, 2, 3, 2, 2, 4, 1, 1, 2, 4, 1, 1]|[0, 2, 1, 1, 3, 0, 1, 0, 0, 0, 0, 0, 1, 0, 1, 0, 0, 3, 1, 0, 0, 0, 3, 1, 0, 2, 0, 0, 0, 1, 0, 0, 0, 0, 3, 0, 1, 0, 0, 2, 1, 1, 1, 0, 0, 0, 0, 2, 1, 0, 0, 0, 1, 3, 0, 0, 1, 2, 0, 1, 0, 2, 0, 1, 0, 2, 1, 0, 0, 1, 1, 3, 1, 1, 3, 3, 1, 0, 0, 2, 1, 0, 0, 1, 1, 0, 0, 0, 0, 1, 2, 0, 0, 0, 1, 1, 0, 2, 0, 0],837.860322213604,57672.71522530174,94775.43432162958,true
7,G1_CMAX,G3_TWC,[31, 22, 82, 15, 26, 9, 95, 42, 77, 12, 47, 5, 93, 78, 86, 54, 85, 63, 18, 44, 20, 35, 43, 97, 91, 76, 10, 30, 21, 45, 71, 64, 1, 23, 17, 83, 24, 14, 60, 36, 6, 57, 40, 88, 65, 56, 79, 94, 67, 68, 46, 75, 38, 58, 19, 32, 81, 41, 27, 62, 87, 90, 99, 59, 11, 16, 72, 73, 70, 39, 37, 84, 3, 92, 25, 55, 28, 29, 51, 7, 66, 61, 98, 33, 89, 50, 8, 80, 96, 53, 48, 4, 34, 2, 52, 49, 0, 69, 74, 13]|[1, 1, 0, 1, 1, 0, 1, 2, 2, 1, 2, 2, 2, 1, 1, 0, 0, 1, 0, 2, 2, 0, 1, 2, 0, 1, 2, 2, 0, 0, 1, 2, 1, 2, 1, 0, 2, 0, 1, 1, 0, 1, 1, 1, 0, 2, 1, 1, 0, 0, 0, 0, 1, 1, 2, 1, 2, 1, 0, 0, 2, 1, 0, 1, 2, 1, 2, 1, 1, 1, 0, 1, 1, 0, 1, 1, 0, 0, 0, 1, 2, 1, 0, 0, 1, 0, 1, 0, 0, 0, 0, 0, 2, 0, 1, 0, 0, 1, 2, 0]|[4, 3, 2, 2, 4, 1, 2, 2, 2, 4, 1, 1, 2, 4, 4, 1, 2, 4, 2, 1, 1, 1, 1, 2, 1, 2, 1, 1, 1, 1, 3, 2, 3, 0, 4, 0, 1, 1, 0, 3, 2, 2, 2, 0, 1, 1, 0, 4, 0, 1, 2, 2, 1, 0, 0, 3, 2, 4, 1, 2, 2, 3, 1, 1, 1, 3, 0, 4, 3, 1, 1, 1, 1, 0, 4, 4, 2, 1, 1, 1, 1, 3, 1, 2, 1, 1, 3, 1, 1, 2, 1, 2, 1, 2, 1, 1, 2, 4, 1, 2]|[0, 2, 1, 1, 3, 0, 1, 0, 0, 0, 0, 0, 1, 0, 1, 0, 0, 3, 1, 0, 0, 0, 3, 1, 0, 2, 0, 0, 0, 1, 0, 0, 0, 0, 3, 0, 1, 0, 0, 2, 1, 1, 1, 0, 0, 0, 0, 2, 1, 0, 0, 0, 1, 3, 0, 0, 1, 2, 0, 1, 0, 2, 0, 1, 0, 2, 1, 0, 0, 1, 0, 3, 1, 1, 3, 3, 1, 0, 0, 2, 0, 0, 0, 1, 1, 0, 2, 0, 0, 1, 0, 1, 0, 0, 1, 1, 0, 2, 0, 0],845.6170064914974,58027.828156990116,94352.03003551619,true
7,G4_BALANCED,G2_TEC,[31, 22, 82, 15, 26, 9, 95, 42, 77, 4, 47, 5, 93, 78, 86, 54, 85, 63, 18, 44, 20, 49, 36, 14, 74, 50, 53, 17, 21, 45, 71, 64, 3, 23, 30, 83, 24, 41, 60, 52, 65, 27, 90, 70, 39, 87, 48, 69, 99, 68, 46, 1, 38, 58, 97, 59, 28, 8, 73, 37, 35, 79, 11, 66, 76, 57, 40, 80, 96, 6, 16, 61, 33, 98, 55, 34, 62, 67, 10, 7, 56, 88, 29, 19, 91, 13, 51, 92, 0, 81, 2, 72, 43, 84, 75, 25, 12, 94, 89, 32]|[2, 1, 2, 1, 1, 2, 1, 1, 1, 1, 1, 0, 2, 2, 1, 2, 0, 0, 0, 2, 2, 1, 0, 2, 0, 2, 2, 1, 0, 1, 1, 1, 0, 0, 1, 0, 2, 1, 2, 2, 0, 1, 1, 1, 0, 2, 0, 2, 1, 0, 0, 2, 2, 0, 2, 0, 2, 1, 0, 0, 2, 1, 0, 2, 2, 0, 2, 2, 0, 1, 2, 1, 1, 0, 0, 1, 0, 1, 1, 2, 2, 1, 1, 1, 1, 0, 1, 0, 0, 1, 2, 1, 1, 0, 0, 1, 1, 1, 1, 0]|[0, 3, 0, 2, 4, 1, 4, 4, 2, 4, 3, 2, 1, 0, 2, 1, 1, 1, 2, 1, 2, 3, 0, 1, 0, 1, 1, 4, 1, 4, 3, 2, 2, 0, 4, 1, 1, 4, 0, 1, 2, 2, 4, 4, 1, 1, 0, 2, 3, 1, 2, 1, 2, 1, 1, 2, 0, 3, 0, 2, 2, 3, 1, 0, 1, 0, 0, 1, 2, 4, 1, 3, 4, 2, 2, 4, 2, 3, 3, 1, 0, 4, 3, 4, 3, 2, 3, 2, 2, 1, 1, 4, 4, 2, 2, 4, 3, 4, 4, 2]|[0, 2, 0, 1, 3, 0, 1, 3, 0, 0, 2, 0, 1, 0, 1, 0, 0, 0, 1, 0, 0, 2, 0, 0, 1, 0, 0, 3, 0, 1, 0, 2, 0, 0, 3, 0, 1, 3, 1, 0, 0, 1, 1, 3, 0, 0, 1, 0, 2, 0, 0, 0, 0, 0, 1, 0, 0, 0, 1, 1, 0, 2, 0, 0, 0, 1, 0, 0, 0, 2, 0, 0, 1, 0, 0, 2, 1, 0, 3, 0, 0, 1, 0, 3, 0, 0, 0, 0, 0, 1, 0, 2, 2, 1, 0, 3, 0, 2, 1, 0],881.7102576162874,52991.12389360739,118602.12772890767,true
7,G2_TEC,G2_TEC,[31, 22, 82, 15, 26, 9, 95, 42, 77, 4, 47, 5, 93, 78, 86, 54, 85, 63, 18, 44, 20, 49, 36, 14, 74, 50, 53, 17, 21, 45, 71, 64, 3, 23, 30, 83, 24, 41, 60, 52, 65, 27, 90, 70, 39, 87, 48, 69, 99, 68, 46, 1, 38, 58, 97, 59, 28, 8, 73, 37, 35, 79, 11, 66, 76, 57, 40, 80, 96, 6, 16, 61, 33, 98, 55, 34, 62, 67, 10, 7, 56, 88, 29, 19, 91, 13, 84, 92, 0, 75, 2, 32, 43, 51, 81, 25, 12, 94, 89, 72]|[2, 1, 2, 1, 1, 2, 1, 1, 1, 1, 1, 0, 2, 2, 1, 2, 0, 0, 0, 2, 2, 1, 0, 2, 0, 2, 2, 1, 0, 1, 1, 1, 0, 0, 1, 0, 2, 1, 2, 2, 0, 1, 1, 1, 0, 2, 0, 2, 1, 0, 0, 2, 2, 0, 2, 0, 2, 1, 0, 0, 2, 1, 0, 2, 2, 0, 2, 2, 0, 1, 2, 1, 1, 0, 0, 1, 1, 1, 1, 2, 2, 1, 1, 1, 1, 0, 0, 0, 0, 0, 2, 0, 1, 1, 1, 1, 1, 1, 1, 1]|[0, 3, 0, 2, 4, 1, 4, 4, 2, 4, 3, 2, 1, 0, 2, 1, 1, 1, 2, 1, 2, 3, 0, 1, 0, 1, 1, 4, 1, 4, 3, 2, 2, 0, 4, 1, 1, 4, 0, 1, 2, 2, 4, 4, 1, 1, 0, 2, 3, 1, 2, 1, 2, 1, 1, 2, 1, 3, 0, 2, 2, 3, 1, 0, 1, 0, 0, 1, 2, 4, 1, 3, 4, 2, 2, 4, 3, 3, 3, 1, 0, 4, 3, 4, 3, 2, 2, 2, 2, 2, 1, 2, 4, 3, 1, 4, 3, 4, 4, 4]|[0, 2, 0, 1, 3, 0, 1, 3, 0, 0, 2, 0, 1, 0, 1, 0, 0, 0, 1, 0, 0, 2, 0, 0, 1, 0, 0, 3, 0, 1, 0, 2, 0, 0, 3, 0, 1, 3, 1, 0, 0, 1, 1, 3, 0, 0, 1, 0, 2, 0, 0, 0, 0, 0, 1, 0, 0, 0, 1, 1, 0, 2, 0, 0, 0, 1, 0, 0, 0, 2, 0, 0, 1, 0, 0, 2, 0, 0, 3, 0, 0, 1, 0, 3, 0, 0, 1, 0, 0, 0, 0, 0, 2, 0, 1, 3, 0, 2, 1, 2],887.3485758075569,52899.19131805675,118700.99180646261,false
7,G3_TWC,G4_BALANCED,[31, 22, 82, 15, 26, 9, 95, 42, 77, 12, 47, 5, 93, 78, 86, 54, 85, 63, 18, 44, 20, 35, 43, 97, 91, 76, 10, 30, 21, 45, 71, 64, 1, 23, 17, 83, 24, 14, 60, 36, 6, 57, 40, 88, 65, 56, 79, 94, 67, 68, 46, 75, 38, 58, 19, 32, 81, 41, 27, 62, 87, 90, 99, 59, 11, 16, 72, 73, 70, 39, 37, 84, 3, 92, 25, 55, 28, 29, 51, 7, 66, 61, 98, 33, 89, 50, 48, 96, 80, 53, 8, 2, 13, 4, 52, 49, 0, 69, 74, 34]|[1, 1, 0, 1, 1, 0, 1, 2, 2, 1, 2, 2, 2, 1, 1, 0, 0, 1, 0, 2, 2, 0, 1, 2, 0, 1, 2, 2, 0, 0, 1, 2, 1, 2, 1, 0, 2, 0, 1, 1, 0, 1, 1, 1, 0, 2, 1, 1, 0, 0, 0, 0, 1, 1, 2, 1, 2, 1, 0, 0, 2, 1, 0, 1, 2, 1, 2, 1, 1, 1, 1, 1, 1, 0, 1, 1, 0, 0, 0, 1, 0, 1, 0, 0, 1, 0, 0, 0, 0, 0, 1, 0, 0, 1, 1, 0, 0, 1, 2, 2]|[4, 3, 2, 2, 4, 1, 2, 2, 2, 4, 1, 1, 2, 4, 4, 1, 2, 4, 2, 1, 1, 1, 1, 2, 1, 2, 1, 1, 1, 1, 3, 2, 3, 0, 4, 0, 1, 1, 0, 3, 2, 2, 2, 0, 1, 1, 0, 4, 0, 1, 2, 2, 1, 0, 0, 3, 2, 4, 1, 2, 2, 3, 1, 1, 1, 3, 0, 4, 3, 1, 4, 1, 1, 0, 4, 4, 2, 1, 1, 1, 2, 3, 1, 2, 1, 1, 1, 1, 1, 2, 3, 2, 2, 4, 1, 1, 2, 4, 1, 1]|[0, 2, 1, 1, 3, 0, 1, 0, 0, 0, 0, 0, 1, 0, 1, 0, 0, 3, 1, 0, 0, 0, 3, 1, 0, 2, 0, 0, 0, 1, 0, 0, 0, 0, 3, 0, 1, 0, 0, 2, 1, 1, 1, 0, 0, 0, 0, 2, 1, 0, 0, 0, 1, 3, 0, 0, 1, 2, 0, 1, 0, 2, 0, 1, 0, 2, 1, 0, 0, 1, 1, 3, 1, 1, 3, 3, 1, 0, 0, 2, 1, 0, 0, 1, 1, 0, 0, 0, 0, 1, 2, 0, 0, 0, 1, 1, 0, 2, 0, 0],837.860322213604,57672.71522530174,94775.43432162958,true
7,G1_CMAX,G4_BALANCED,[31, 22, 82, 15, 26, 9, 95, 42, 77, 12, 47, 5, 93, 78, 86, 54, 85, 63, 18, 44, 20, 35, 43, 97, 91, 76, 10, 30, 21, 45, 71, 64, 1, 23, 17, 83, 24, 41, 60, 36, 6, 57, 40, 88, 65, 56, 79, 69, 67, 68, 46, 75, 38, 58, 99, 32, 81, 48, 27, 62, 87, 90, 19, 59, 11, 16, 72, 73, 70, 39, 37, 84, 3, 92, 25, 55, 28, 29, 51, 7, 66, 61, 98, 14, 89, 50, 8, 96, 80, 53, 33, 74, 34, 4, 52, 49, 0, 94, 2, 13]|[1, 1, 0, 1, 1, 0, 1, 2, 2, 1, 2, 2, 2, 1, 1, 0, 0, 1, 0, 2, 2, 0, 1, 2, 0, 1, 2, 2, 0, 0, 1, 2, 1, 2, 1, 0, 2, 0, 1, 1, 0, 1, 1, 1, 0, 2, 1, 2, 0, 0, 0, 0, 1, 1, 2, 1, 2, 1, 0, 0, 2, 1, 2, 1, 2, 1, 2, 1, 1, 1, 1, 1, 1, 0, 1, 1, 1, 0, 0, 1, 2, 1, 0, 0, 1, 0, 1, 0, 0, 0, 0, 2, 2, 1, 2, 0, 0, 1, 0, 0]|[4, 3, 2, 2, 4, 1, 2, 2, 2, 4, 1, 1, 2, 4, 4, 1, 2, 4, 2, 1, 1, 1, 1, 2, 1, 2, 1, 1, 1, 1, 3, 2, 3, 0, 4, 0, 1, 1, 0, 3, 2, 2, 2, 0, 1, 1, 0, 2, 0, 1, 2, 2, 1, 0, 0, 3, 2, 4, 1, 2, 2, 3, 0, 1, 1, 3, 0, 4, 3, 1, 4, 1, 1, 0, 4, 4, 4, 1, 1, 1, 0, 3, 1, 1, 1, 1, 3, 1, 1, 2, 2, 1, 1, 4, 1, 1, 2, 4, 2, 2]|[0, 2, 1, 1, 3, 0, 1, 0, 0, 0, 0, 0, 1, 0, 1, 0, 0, 3, 1, 0, 0, 0, 3, 1, 0, 2, 0, 0, 0, 1, 0, 0, 0, 0, 3, 0, 1, 0, 0, 2, 1, 1, 1, 0, 0, 0, 0, 0, 1, 0, 0, 0, 1, 3, 0, 0, 1, 2, 0, 1, 0, 2, 0, 1, 0, 2, 1, 0, 0, 1, 1, 3, 1, 1, 3, 3, 1, 0, 0, 2, 0, 0, 0, 0, 1, 0, 2, 0, 0, 1, 1, 0, 0, 0, 0, 1, 0, 2, 0, 0],790.6730482917026,56645.77395882951,103902.07450241019,true
7,G4_BALANCED,G4_BALANCED,[31, 22, 82, 15, 26, 9, 90, 42, 77, 4, 47, 5, 93, 78, 86, 54, 85, 63, 18, 44, 20, 49, 36, 14, 74, 50, 53, 17, 21, 45, 71, 64, 3, 23, 30, 83, 24, 41, 60, 52, 65, 27, 95, 70, 39, 87, 48, 69, 99, 68, 46, 1, 38, 58, 97, 59, 28, 8, 73, 37, 35, 79, 11, 66, 76, 57, 84, 80, 92, 6, 16, 61, 33, 98, 55, 34, 29, 67, 10, 7, 56, 88, 51, 19, 91, 13, 40, 96, 0, 75, 2, 32, 43, 62, 81, 25, 12, 94, 89, 72]|[2, 1, 2, 1, 1, 2, 1, 1, 1, 1, 1, 0, 2, 2, 1, 2, 0, 0, 0, 2, 2, 1, 0, 2, 0, 2, 2, 1, 0, 1, 1, 1, 0, 0, 1, 0, 2, 1, 2, 2, 0, 1, 1, 1, 0, 2, 0, 2, 1, 0, 0, 2, 2, 0, 2, 0, 2, 1, 0, 0, 2, 1, 0, 2, 2, 0, 2, 2, 0, 0, 1, 1, 1, 0, 0, 1, 1, 1, 1, 2, 2, 1, 1, 1, 1, 0, 0, 0, 0, 0, 2, 0, 1, 0, 1, 1, 1, 1, 1, 1]|[0, 3, 0, 2, 4, 1, 4, 4, 2, 4, 3, 2, 1, 0, 2, 1, 1, 1, 2, 1, 2, 3, 0, 1, 0, 1, 1, 4, 1, 4, 3, 2, 2, 0, 4, 1, 1, 4, 0, 1, 2, 2, 4, 4, 1, 1, 0, 2, 3, 1, 2, 1, 2, 1, 1, 2, 1, 3, 0, 2, 2, 3, 1, 0, 1, 0, 0, 1, 2, 1, 0, 3, 4, 1, 2, 4, 3, 3, 3, 1, 0, 4, 3, 4, 3, 2, 2, 2, 2, 2, 1, 2, 4, 2, 1, 4, 3, 4, 4, 4]|[0, 2, 0, 1, 3, 0, 1, 3, 0, 0, 2, 0, 1, 0, 1, 0, 0, 0, 1, 0, 0, 2, 0, 0, 1, 0, 0, 3, 0, 1, 0, 2, 0, 0, 3, 0, 1, 3, 1, 0, 0, 1, 1, 3, 0, 0, 1, 0, 2, 0, 0, 0, 0, 0, 1, 0, 0, 0, 1, 1, 0, 2, 0, 0, 0, 1, 0, 0, 0, 0, 1, 0, 1, 0, 0, 2, 0, 0, 3, 0, 0, 1, 0, 3, 0, 0, 1, 0, 0, 0, 0, 0, 2, 1, 1, 3, 0, 2, 1, 2],869.4941531502595,53310.54114780212,118985.14576542017,false
7,G2_TEC,G2_TEC,[31, 22, 82, 15, 26, 9, 95, 42, 77, 4, 47, 5, 93, 78, 86, 54, 85, 63, 18, 44, 20, 49, 36, 14, 74, 50, 53, 17, 21, 45, 71, 64, 3, 23, 30, 83, 24, 41, 60, 52, 65, 27, 90, 70, 39, 87, 48, 69, 99, 68, 46, 1, 38, 58, 97, 59, 28, 8, 73, 37, 35, 79, 11, 66, 76, 57, 40, 80, 96, 6, 16, 61, 33, 98, 32, 34, 62, 67, 10, 7, 56, 88, 29, 19, 91, 13, 84, 92, 0, 75, 2, 55, 43, 51, 81, 25, 12, 94, 89, 72]|[2, 1, 2, 1, 1, 2, 1, 1, 1, 1, 1, 0, 2, 2, 1, 2, 0, 0, 0, 2, 2, 1, 0, 2, 0, 2, 2, 1, 0, 1, 1, 1, 0, 0, 1, 0, 2, 1, 2, 2, 0, 1, 1, 1, 0, 2, 0, 2, 1, 0, 0, 2, 2, 0, 2, 0, 2, 1, 0, 0, 2, 1, 0, 2, 2, 0, 2, 2, 0, 1, 2, 1, 1, 0, 0, 1, 1, 1, 1, 2, 2, 1, 1, 1, 1, 0, 0, 0, 0, 0, 2, 0, 1, 1, 1, 1, 1, 1, 1, 1]|[0, 3, 0, 2, 4, 1, 4, 4, 2, 4, 3, 2, 1, 0, 2, 1, 1, 1, 2, 1, 1, 3, 0, 1, 0, 1, 1, 4, 1, 4, 3, 2, 2, 0, 4, 1, 1, 4, 0, 1, 2, 2, 4, 4, 1, 1, 0, 2, 3, 1, 2, 1, 2, 1, 1, 2, 0, 3, 0, 2, 2, 3, 1, 0, 1, 0, 0, 1, 2, 4, 1, 3, 4, 1, 2, 4, 3, 3, 3, 1, 0, 4, 3, 4, 3, 2, 2, 2, 2, 2, 1, 2, 4, 3, 1, 4, 3, 4, 4, 4]|[0, 2, 0, 1, 3, 0, 1, 3, 0, 0, 2, 0, 1, 0, 1, 0, 0, 0, 1, 0, 0, 2, 0, 0, 1, 0, 0, 3, 0, 1, 0, 2, 0, 0, 3, 0, 1, 3, 1, 0, 0, 1, 1, 3, 0, 0, 1, 0, 2, 0, 0, 0, 0, 0, 1, 0, 0, 0, 1, 1, 0, 2, 0, 0, 0, 1, 0, 0, 0, 2, 0, 0, 1, 0, 0, 2, 0, 0, 3, 0, 0, 1, 0, 3, 0, 0, 1, 0, 0, 0, 0, 0, 2, 0, 1, 3, 0, 2, 1, 2],887.3485758075569,52887.913406230524,116134.29550424122,false
7,G3_TWC,G3_TWC,[31, 22, 82, 15, 26, 9, 95, 42, 77, 12, 47, 5, 93, 78, 86, 54, 85, 63, 18, 44, 20, 35, 43, 97, 91, 76, 10, 30, 21, 45, 71, 64, 1, 23, 17, 83, 24, 14, 60, 36, 6, 57, 40, 88, 65, 56, 79, 94, 67, 68, 46, 75, 38, 58, 19, 32, 81, 41, 27, 62, 87, 90, 99, 59, 11, 16, 72, 73, 70, 39, 37, 84, 3, 92, 25, 55, 28, 29, 51, 7, 66, 61, 98, 33, 89, 50, 48, 80, 96, 53, 8, 4, 34, 2, 52, 49, 0, 69, 74, 13]|[1, 1, 0, 1, 1, 0, 1, 2, 2, 1, 2, 2, 2, 1, 1, 0, 0, 1, 0, 2, 2, 0, 1, 2, 0, 1, 2, 2, 0, 0, 1, 2, 1, 2, 1, 0, 2, 0, 1, 1, 0, 1, 1, 1, 0, 2, 1, 1, 0, 0, 0, 0, 1, 1, 2, 1, 2, 0, 0, 0, 2, 1, 0, 1, 2, 1, 2, 1, 1, 1, 0, 1, 1, 0, 1, 1, 0, 0, 0, 1, 0, 1, 0, 0, 1, 0, 0, 0, 0, 0, 0, 0, 2, 0, 1, 0, 0, 1, 2, 0]|[4, 3, 2, 2, 4, 1, 2, 2, 2, 4, 1, 1, 2, 4, 4, 1, 2, 4, 2, 1, 1, 1, 1, 2, 1, 2, 1, 1, 1, 1, 3, 2, 3, 0, 4, 0, 1, 1, 0, 3, 2, 2, 2, 0, 1, 1, 0, 4, 0, 1, 2, 2, 1, 0, 0, 3, 2, 1, 1, 2, 2, 3, 1, 1, 1, 3, 0, 4, 3, 1, 1, 1, 1, 0, 4, 4, 2, 1, 1, 1, 2, 3, 1, 2, 1, 1, 1, 1, 1, 2, 1, 2, 1, 2, 1, 1, 2, 4, 1, 2]|[0, 2, 1, 1, 3, 0, 1, 0, 0, 0, 0, 0, 1, 0, 1, 0, 0, 3, 1, 0, 0, 0, 3, 1, 0, 2, 0, 0, 0, 1, 0, 0, 0, 0, 3, 0, 1, 0, 0, 2, 1, 1, 1, 0, 0, 0, 0, 2, 1, 0, 0, 0, 1, 3, 0, 0, 1, 0, 0, 1, 0, 2, 0, 1, 0, 2, 1, 0, 0, 1, 0, 3, 1, 1, 3, 3, 1, 0, 0, 2, 1, 0, 0, 1, 1, 0, 0, 0, 0, 1, 0, 1, 0, 0, 1, 1, 0, 2, 0, 0],891.6603276551168,58139.115731151665,93574.26552727171,false
7,G1_CMAX,G4_BALANCED,[31, 22, 82, 15, 26, 9, 95, 42, 77, 12, 47, 5, 93, 78, 86, 54, 85, 63, 18, 44, 20, 35, 43, 97, 91, 76, 10, 30, 21, 45, 71, 64, 60, 23, 17, 83, 24, 14, 1, 36, 6, 57, 40, 88, 65, 56, 79, 69, 67, 68, 46, 75, 38, 58, 19, 32, 81, 48, 27, 62, 87, 90, 99, 59, 11, 16, 72, 73, 70, 39, 37, 84, 3, 92, 25, 55, 28, 29, 51, 7, 33, 61, 98, 41, 89, 50, 8, 80, 96, 53, 66, 4, 34, 2, 52, 49, 0, 94, 74, 13]|[1, 1, 0, 1, 1, 0, 1, 2, 2, 1, 2, 2, 2, 1, 1, 0, 0, 1, 0, 2, 2, 0, 1, 2, 0, 1, 2, 2, 0, 0, 1, 2, 1, 2, 1, 0, 2, 0, 1, 1, 0, 1, 1, 1, 0, 2, 1, 1, 0, 0, 0, 0, 1, 1, 2, 1, 2, 1, 0, 0, 2, 1, 0, 1, 2, 1, 2, 1, 1, 1, 0, 1, 1, 0, 1, 1, 0, 0, 0, 1, 0, 1, 2, 0, 1, 0, 1, 0, 0, 0, 2, 1, 2, 0, 1, 0, 0, 1, 2, 0]|[4, 3, 2, 2, 4, 1, 2, 2, 2, 4, 1, 1, 2, 4, 4, 1, 2, 4, 2, 1, 1, 1, 1, 2, 1, 2, 1, 1, 1, 1, 3, 2, 0, 0, 4, 0, 1, 1, 0, 3, 2, 2, 2, 0, 1, 1, 0, 4, 0, 1, 2, 2, 1, 0, 0, 3, 2, 4, 1, 2, 2, 3, 1, 1, 1, 3, 0, 4, 3, 1, 1, 1, 1, 0, 4, 4, 2, 1, 1, 1, 2, 3, 1, 1, 1, 1, 3, 1, 1, 2, 1, 4, 1, 2, 1, 1, 2, 4, 1, 2]|[0, 2, 1, 1, 3, 0, 1, 0, 0, 0, 0, 0, 1, 0, 1, 0, 0, 3, 1, 0, 0, 0, 3, 1, 0, 2, 0, 0, 0, 1, 0, 0, 0, 0, 3, 0, 1, 0, 0, 2, 1, 1, 1, 0, 0, 0, 0, 2, 1, 0, 0, 0, 1, 3, 0, 0, 1, 2, 0, 1, 0, 2, 0, 1, 0, 2, 1, 0, 0, 1, 0, 3, 1, 1, 3, 3, 1, 0, 0, 2, 1, 0, 0, 0, 1, 0, 2, 0, 0, 1, 0, 0, 0, 0, 1, 1, 0, 2, 0, 0],803.3603223341001,57696.25068106339,95510.7324310991,true
7,G4_BALANCED,G3_TWC,[31, 22, 82, 15, 26, 9, 95, 42, 73, 12, 47, 5, 93, 78, 86, 54, 85, 63, 18, 44, 20, 35, 43, 97, 91, 76, 10, 30, 21, 45, 71, 64, 1, 23, 17, 83, 24, 14, 60, 36, 6, 57, 40, 88, 65, 56, 79, 94, 67, 68, 46, 75, 38, 58, 19, 32, 81, 41, 27, 62, 87, 90, 99, 59, 11, 16, 72, 77, 70, 39, 37, 84, 3, 92, 25, 55, 28, 29, 51, 7, 66, 61, 98, 33, 89, 50, 48, 96, 80, 53, 8, 4, 34, 2, 52, 49, 0, 69, 74, 13]|[1, 1, 0, 1, 1, 0, 1, 2, 2, 1, 2, 2, 2, 1, 1, 0, 0, 1, 0, 2, 2, 0, 1, 2, 0, 1, 2, 2, 0, 0, 1, 2, 1, 2, 1, 0, 2, 0, 1, 1, 0, 1, 1, 1, 0, 2, 1, 1, 0, 0, 0, 0, 1, 1, 2, 1, 2, 1, 0, 0, 2, 1, 0, 1, 2, 1, 2, 1, 1, 1, 0, 1, 1, 0, 1, 1, 0, 0, 0, 1, 0, 1, 0, 0, 1, 0, 0, 0, 0, 0, 1, 0, 2, 0, 1, 0, 0, 1, 2, 0]|[4, 3, 2, 2, 4, 1, 2, 2, 2, 4, 1, 1, 2, 4, 4, 1, 2, 4, 2, 1, 1, 1, 1, 2, 1, 2, 1, 1, 1, 1, 3, 2, 3, 0, 4, 0, 1, 1, 0, 3, 2, 2, 2, 0, 1, 1, 0, 4, 0, 1, 2, 2, 1, 0, 0, 3, 2, 4, 1, 2, 2, 3, 1, 1, 1, 3, 0, 4, 3, 1, 1, 1, 1, 0, 4, 4, 2, 1, 1, 1, 2, 3, 1, 2, 1, 1, 1, 1, 1, 2, 3, 2, 1, 2, 1, 1, 2, 4, 1, 2]|[0, 2, 1, 1, 3, 0, 1, 0, 0, 0, 0, 0, 1, 0, 1, 0, 0, 3, 1, 0, 0, 0, 3, 1, 0, 2, 0, 0, 0, 1, 0, 0, 0, 0, 3, 0, 1, 0, 0, 2, 1, 1, 1, 0, 0, 0, 0, 2, 1, 0, 0, 0, 1, 3, 0, 0, 1, 2, 0, 1, 0, 2, 0, 1, 0, 2, 1, 0, 0, 1, 0, 3, 1, 1, 3, 3, 1, 0, 0, 2, 1, 0, 0, 1, 1, 0, 0, 0, 0, 1, 2, 1, 0, 0, 1, 1, 0, 2, 0, 0],871.5867136180464,58152.36684953665,93706.21251310885,true
7,G2_TEC,G2_TEC,[31, 22, 82, 15, 26, 9, 95, 42, 77, 4, 47, 5, 93, 78, 86, 54, 85, 63, 18, 44, 20, 49, 36, 14, 74, 50, 53, 17, 21, 45, 71, 64, 3, 23, 30, 83, 24, 41, 60, 52, 65, 27, 90, 70, 39, 87, 48, 69, 99, 68, 46, 1, 38, 58, 97, 59, 28, 8, 73, 37, 35, 79, 11, 66, 76, 57, 40, 80, 96, 6, 16, 61, 33, 98, 32, 34, 62, 67, 10, 7, 56, 88, 29, 19, 91, 13, 84, 92, 0, 75, 2, 55, 43, 51, 81, 25, 12, 94, 89, 72]|[2, 1, 2, 1, 1, 2, 1, 1, 1, 1, 1, 0, 2, 2, 1, 2, 0, 0, 0, 2, 2, 1, 0, 2, 0, 2, 2, 1, 0, 1, 1, 1, 0, 0, 1, 0, 2, 1, 2, 2, 0, 1, 1, 1, 0, 2, 0, 2, 1, 0, 0, 2, 2, 0, 2, 0, 2, 1, 0, 0, 2, 1, 0, 2, 2, 0, 2, 2, 0, 1, 2, 1, 1, 0, 0, 1, 1, 1, 1, 2, 2, 1, 1, 1, 1, 0, 0, 0, 0, 0, 2, 0, 1, 1, 1, 1, 1, 1, 1, 1]|[0, 3, 0, 2, 4, 1, 4, 4, 2, 4, 3, 2, 1, 0, 2, 1, 1, 1, 2, 1, 1, 3, 0, 1, 0, 1, 1, 4, 1, 4, 3, 2, 2, 0, 4, 1, 1, 4, 0, 1, 2, 2, 4, 4, 1, 1, 0, 2, 3, 1, 2, 1, 2, 1, 1, 2, 0, 3, 0, 2, 2, 3, 1, 0, 1, 0, 0, 1, 2, 4, 1, 3, 4, 1, 2, 4, 3, 3, 3, 1, 0, 4, 3, 4, 3, 2, 2, 2, 2, 2, 1, 2, 4, 3, 1, 4, 3, 4, 4, 4]|[0, 2, 0, 1, 3, 0, 1, 3, 0, 0, 2, 0, 1, 0, 1, 0, 0, 0, 1, 0, 0, 2, 0, 0, 1, 0, 0, 3, 0, 1, 0, 2, 0, 0, 3, 0, 1, 3, 1, 0, 0, 1, 1, 3, 0, 0, 1, 0, 2, 0, 0, 0, 0, 0, 1, 0, 0, 0, 1, 1, 0, 2, 0, 0, 0, 1, 0, 0, 0, 2, 0, 0, 1, 0, 0, 2, 0, 0, 3, 0, 0, 1, 0, 3, 0, 0, 1, 0, 0, 0, 0, 0, 2, 0, 1, 3, 0, 2, 1, 2],887.3485758075569,52887.913406230524,116134.29550424122,false
7,G3_TWC,G1_CMAX,[31, 22, 82, 15, 26, 9, 95, 42, 77, 12, 47, 5, 93, 78, 86, 54, 85, 63, 18, 44, 20, 35, 43, 97, 91, 76, 10, 30, 21, 45, 71, 64, 1, 23, 17, 83, 24, 41, 60, 36, 6, 57, 40, 88, 65, 56, 79, 69, 67, 68, 46, 75, 38, 58, 19, 32, 81, 48, 27, 62, 87, 90, 99, 59, 11, 16, 72, 73, 70, 39, 37, 84, 3, 92, 25, 55, 28, 29, 98, 7, 66, 61, 51, 14, 89, 50, 8, 96, 80, 53, 33, 4, 34, 2, 52, 49, 0, 94, 74, 13]|[1, 1, 0, 1, 1, 0, 1, 2, 2, 1, 2, 2, 2, 1, 1, 0, 0, 1, 0, 2, 2, 0, 1, 2, 0, 1, 2, 2, 0, 0, 1, 2, 1, 0, 1, 0, 2, 0, 1, 1, 0, 1, 1, 1, 0, 2, 1, 2, 0, 0, 0, 0, 1, 1, 2, 1, 2, 1, 0, 0, 2, 1, 0, 1, 2, 1, 2, 1, 1, 1, 1, 1, 1, 0, 1, 1, 0, 0, 0, 1, 2, 1, 0, 1, 1, 0, 1, 0, 0, 0, 0, 1, 2, 0, 2, 0, 0, 1, 2, 0]|[4, 3, 2, 2, 4, 1, 2, 2, 2, 4, 1, 1, 2, 4, 4, 1, 2, 4, 2, 1, 1, 1, 1, 2, 1, 2, 1, 1, 1, 1, 3, 2, 3, 0, 4, 0, 1, 1, 0, 3, 2, 2, 2, 0, 1, 1, 0, 2, 0, 1, 2, 2, 1, 0, 0, 3, 2, 4, 1, 2, 2, 3, 1, 1, 1, 3, 0, 4, 3, 1, 4, 1, 1, 0, 4, 4, 2, 1, 1, 1, 0, 3, 1, 3, 1, 1, 3, 1, 1, 2, 2, 4, 1, 2, 1, 1, 2, 4, 1, 2]|[0, 2, 1, 1, 3, 0, 1, 0, 0, 0, 0, 0, 1, 0, 1, 0, 0, 3, 1, 0, 0, 0, 3, 1, 0, 2, 0, 0, 0, 1, 0, 0, 0, 0, 3, 0, 1, 0, 0, 2, 1, 1, 1, 0, 0, 0, 0, 0, 1, 0, 0, 0, 1, 3, 0, 0, 1, 2, 0, 1, 0, 2, 0, 1, 0, 2, 1, 0, 0, 1, 1, 3, 1, 1, 3, 3, 1, 0, 0, 2, 0, 0, 0, 2, 1, 0, 2, 0, 0, 1, 1, 0, 0, 0, 0, 1, 0, 2, 0, 0],814.3716559078401,56749.20726220127,98219.80527703924,true
7,G1_CMAX,G1_CMAX,[31, 22, 82, 15, 26, 9, 95, 42, 77, 12, 47, 5, 93, 78, 86, 54, 6, 63, 18, 44, 20, 35, 43, 97, 91, 76, 10, 30, 21, 45, 64, 1, 23, 17, 83, 24, 14, 60, 36, 13, 75, 46, 68, 67, 69, 79, 56, 65, 88, 40, 57, 85, 58, 19, 32, 81, 48, 27, 62, 87, 90, 99, 59, 11, 16, 72, 73, 71, 70, 39, 37, 84, 3, 98, 29, 28, 55, 25, 92, 7, 33, 61, 53, 41, 89, 50, 8, 96, 51, 80, 34, 4, 66, 2, 52, 49, 0, 94, 74, 38]|[1, 1, 0, 1, 1, 0, 1, 2, 2, 1, 2, 2, 2, 1, 1, 0, 0, 1, 0, 2, 2, 0, 1, 2, 0, 1, 2, 2, 0, 0, 2, 1, 2, 1, 0, 2, 2, 1, 1, 0, 0, 0, 0, 0, 2, 1, 2, 0, 1, 1, 1, 0, 1, 2, 1, 2, 1, 0, 0, 2, 1, 0, 1, 2, 1, 2, 1, 1, 1, 1, 1, 1, 1, 0, 0, 0, 1, 1, 0, 1, 0, 1, 0, 1, 1, 0, 1, 0, 0, 0, 2, 1, 2, 0, 1, 0, 0, 2, 2, 1]|[0, 3, 2, 2, 4, 1, 2, 2, 2, 4, 1, 1, 2, 4, 4, 1, 2, 4, 2, 1, 1, 1, 1, 2, 1, 2, 1, 1, 1, 1, 2, 3, 0, 4, 0, 1, 2, 0, 3, 2, 2, 2, 1, 0, 2, 0, 1, 1, 0, 2, 2, 2, 0, 0, 3, 2, 4, 1, 2, 2, 3, 1, 1, 1, 3, 0, 4, 3, 3, 1, 4, 1, 1, 1, 1, 2, 4, 4, 0, 1, 2, 3, 2, 4, 1, 1, 3, 1, 1, 1, 1, 4, 1, 2, 1, 1, 2, 2, 1, 1]|[0, 2, 1, 1, 3, 0, 1, 0, 0, 0, 0, 0, 1, 0, 1, 0, 1, 3, 1, 0, 0, 0, 3, 1, 0, 2, 0, 0, 0, 1, 0, 0, 0, 3, 0, 1, 1, 0, 2, 0, 0, 0, 0, 1, 0, 0, 0, 0, 0, 1, 1, 0, 3, 0, 0, 1, 2, 0, 1, 0, 2, 0, 1, 0, 2, 1, 0, 0, 0, 1, 1, 3, 1, 0, 0, 1, 3, 3, 1, 2, 1, 0, 1, 3, 1, 0, 2, 0, 0, 0, 0, 0, 0, 0, 1, 1, 0, 0, 0, 1],740.6648699319737,58345.503832923176,99227.13002615936,false
7,G4_BALANCED,G1_CMAX,[31, 22, 82, 15, 26, 9, 95, 42, 77, 12, 47, 5, 93, 78, 86, 54, 85, 63, 18, 44, 20, 35, 43, 97, 91, 76, 10, 30, 21, 45, 71, 64, 1, 23, 17, 83, 24, 41, 60, 36, 6, 57, 40, 88, 65, 56, 79, 69, 67, 68, 46, 75, 38, 58, 19, 32, 81, 48, 27, 62, 87, 90, 99, 59, 11, 16, 72, 73, 70, 39, 37, 84, 3, 92, 25, 55, 28, 29, 51, 7, 33, 61, 98, 14, 89, 50, 8, 96, 53, 80, 34, 4, 66, 2, 52, 49, 0, 94, 74, 13]|[1, 1, 0, 1, 1, 0, 1, 2, 2, 1, 2, 2, 2, 1, 1, 0, 0, 1, 0, 2, 2, 0, 1, 2, 0, 1, 2, 2, 0, 0, 1, 2, 1, 2, 1, 0, 2, 0, 1, 1, 0, 1, 1, 1, 0, 2, 1, 2, 0, 0, 0, 0, 1, 1, 2, 1, 2, 1, 0, 0, 2, 1, 0, 1, 2, 1, 2, 1, 1, 1, 1, 1, 1, 0, 1, 1, 0, 0, 0, 1, 0, 1, 0, 1, 1, 0, 1, 0, 0, 0, 2, 1, 2, 0, 2, 0, 0, 1, 2, 0]|[4, 3, 2, 2, 4, 1, 2, 2, 2, 4, 1, 1, 2, 4, 4, 1, 2, 4, 2, 1, 1, 1, 1, 2, 1, 2, 1, 1, 1, 1, 3, 2, 3, 0, 4, 0, 1, 1, 0, 3, 2, 2, 2, 0, 1, 1, 0, 2, 0, 1, 2, 2, 1, 0, 0, 3, 2, 4, 1, 2, 2, 3, 1, 1, 1, 3, 0, 4, 3, 1, 4, 1, 1, 0, 4, 4, 2, 1, 1, 1, 2, 3, 1, 4, 1, 1, 3, 1, 2, 1, 1, 4, 1, 2, 1, 1, 2, 4, 1, 2]|[0, 2, 1, 1, 3, 0, 1, 0, 0, 0, 0, 0, 1, 0, 1, 0, 0, 3, 1, 0, 0, 0, 3, 1, 0, 2, 0, 0, 0, 1, 0, 0, 0, 0, 3, 0, 1, 0, 0, 2, 1, 1, 1, 0, 0, 0, 0, 0, 1, 0, 0, 0, 1, 3, 0, 0, 1, 2, 0, 1, 0, 2, 0, 1, 0, 2, 1, 0, 0, 1, 1, 3, 1, 1, 3, 3, 1, 0, 0, 2, 1, 0, 0, 3, 1, 0, 2, 0, 1, 0, 0, 0, 0, 0, 0, 1, 0, 2, 0, 0],800.4886645141778,56808.98631545394,100288.56478011911,true
7,G2_TEC,G2_TEC,[31, 22, 82, 15, 26, 9, 95, 42, 77, 68, 47, 5, 93, 78, 86, 54, 85, 63, 18, 44, 20, 49, 36, 14, 74, 50, 53, 17, 21, 45, 71, 64, 3, 23, 30, 83, 24, 41, 60, 52, 65, 27, 90, 70, 39, 87, 48, 69, 99, 4, 46, 1, 38, 58, 97, 59, 28, 8, 73, 37, 35, 79, 11, 66, 76, 57, 40, 80, 96, 6, 16, 61, 33, 98, 32, 34, 62, 67, 10, 7, 56, 88, 51, 19, 91, 13, 29, 92, 0, 75, 2, 55, 43, 84, 81, 25, 12, 94, 89, 72]|[2, 1, 2, 1, 1, 2, 1, 1, 1, 1, 1, 0, 2, 2, 1, 2, 0, 0, 0, 2, 2, 1, 0, 2, 0, 2, 2, 1, 0, 1, 1, 1, 0, 0, 1, 0, 2, 1, 2, 2, 0, 1, 1, 1, 0, 2, 0, 2, 1, 0, 0, 2, 2, 0, 2, 0, 2, 1, 0, 0, 2, 1, 0, 2, 2, 0, 2, 2, 0, 1, 2, 1, 1, 0, 0, 1, 1, 1, 1, 2, 2, 1, 1, 1, 1, 0, 1, 0, 0, 0, 2, 0, 1, 0, 1, 1, 1, 1, 1, 1]|[0, 3, 0, 2, 4, 1, 4, 4, 2, 4, 3, 2, 1, 0, 2, 1, 1, 1, 2, 1, 1, 3, 0, 1, 0, 1, 1, 4, 1, 4, 3, 2, 2, 0, 4, 1, 1, 4, 0, 1, 2, 2, 4, 4, 1, 1, 0, 2, 3, 1, 2, 1, 2, 1, 1, 2, 0, 3, 0, 2, 2, 3, 1, 0, 1, 0, 0, 1, 2, 4, 1, 3, 4, 2, 2, 4, 3, 3, 3, 1, 0, 4, 3, 4, 3, 2, 3, 2, 2, 2, 1, 2, 4, 2, 1, 4, 3, 4, 4, 4]|[0, 2, 0, 1, 3, 0, 1, 3, 0, 0, 2, 0, 1, 0, 1, 0, 0, 0, 1, 0, 0, 2, 0, 0, 1, 0, 0, 3, 0, 1, 0, 2, 0, 0, 3, 0, 1, 3, 1, 0, 0, 1, 1, 3, 0, 0, 1, 0, 2, 0, 0, 0, 0, 0, 1, 0, 0, 0, 1, 1, 0, 2, 0, 0, 0, 1, 0, 0, 0, 2, 0, 0, 1, 0, 0, 2, 0, 0, 3, 0, 0, 1, 0, 3, 0, 0, 0, 0, 0, 0, 0, 0, 2, 1, 1, 3, 0, 2, 1, 2],869.4752395254441,52665.57610919407,115075.84488036501,false
7,G3_TWC,G3_TWC,[31, 22, 82, 15, 26, 9, 95, 42, 77, 12, 47, 5, 93, 78, 86, 54, 85, 63, 18, 44, 20, 35, 43, 97, 91, 76, 10, 30, 21, 45, 71, 64, 1, 23, 17, 83, 24, 14, 60, 36, 6, 57, 40, 88, 65, 56, 79, 94, 67, 68, 46, 75, 38, 58, 19, 32, 81, 41, 27, 62, 87, 90, 99, 59, 11, 16, 72, 73, 70, 39, 37, 84, 3, 92, 25, 55, 28, 29, 51, 7, 66, 61, 98, 33, 89, 50, 48, 80, 96, 53, 8, 4, 34, 2, 52, 49, 0, 69, 74, 13]|[1, 1, 0, 1, 1, 0, 1, 2, 2, 1, 2, 2, 2, 1, 1, 0, 0, 1, 0, 2, 2, 0, 1, 2, 0, 1, 2, 2, 0, 0, 1, 2, 1, 2, 1, 0, 2, 0, 1, 1, 0, 1, 1, 1, 0, 2, 1, 1, 0, 0, 0, 0, 1, 1, 2, 1, 2, 0, 0, 0, 2, 1, 0, 1, 2, 1, 2, 1, 1, 1, 0, 1, 1, 0, 1, 1, 0, 0, 0, 1, 0, 1, 0, 0, 1, 0, 0, 0, 0, 0, 0, 0, 2, 0, 1, 0, 0, 1, 2, 0]|[4, 3, 2, 2, 4, 1, 2, 2, 2, 4, 1, 1, 2, 4, 4, 1, 2, 4, 2, 1, 1, 1, 1, 2, 1, 2, 1, 1, 1, 1, 3, 2, 3, 0, 4, 0, 1, 1, 0, 3, 2, 2, 2, 0, 1, 1, 0, 4, 0, 1, 2, 2, 1, 0, 0, 3, 2, 1, 1, 2, 2, 3, 1, 1, 1, 3, 0, 4, 3, 1, 1, 1, 1, 0, 4, 4, 2, 1, 1, 1, 2, 3, 1, 2, 1, 1, 1, 1, 1, 2, 1, 2, 1, 2, 1, 1, 2, 4, 1, 2]|[0, 2, 1, 1, 3, 0, 1, 0, 0, 0, 0, 0, 1, 0, 1, 0, 0, 3, 1, 0, 0, 0, 3, 1, 0, 2, 0, 0, 0, 1, 0, 0, 0, 0, 3, 0, 1, 0, 0, 2, 1, 1, 1, 0, 0, 0, 0, 2, 1, 0, 0, 0, 1, 3, 0, 0, 1, 0, 0, 1, 0, 2, 0, 1, 0, 2, 1, 0, 0, 1, 0, 3, 1, 1, 3, 3, 1, 0, 0, 2, 1, 0, 0, 1, 1, 0, 0, 0, 0, 1, 0, 1, 0, 0, 1, 1, 0, 2, 0, 0],891.6603276551168,58139.115731151665,93574.26552727171,false
7,G1_CMAX,G4_BALANCED,[31, 22, 82, 15, 26, 9, 95, 42, 77, 4, 47, 5, 93, 78, 86, 54, 85, 63, 18, 44, 20, 49, 36, 14, 74, 50, 53, 17, 21, 45, 71, 64, 3, 23, 30, 83, 24, 41, 60, 52, 65, 27, 90, 70, 39, 87, 48, 69, 99, 68, 46, 1, 38, 58, 97, 59, 28, 8, 73, 37, 35, 79, 11, 66, 76, 57, 40, 16, 92, 6, 80, 61, 33, 98, 32, 34, 29, 67, 10, 7, 56, 43, 62, 19, 91, 13, 75, 96, 0, 81, 2, 55, 88, 72, 51, 25, 12, 94, 89, 84]|[2, 1, 2, 1, 1, 2, 1, 1, 1, 1, 1, 0, 2, 2, 1, 2, 0, 0, 0, 2, 2, 1, 0, 2, 0, 2, 2, 1, 0, 1, 1, 1, 0, 0, 1, 0, 2, 1, 2, 2, 0, 1, 1, 1, 0, 1, 0, 2, 1, 0, 0, 2, 2, 0, 2, 0, 2, 1, 0, 0, 2, 1, 0, 2, 2, 0, 2, 1, 0, 1, 2, 1, 1, 0, 0, 1, 1, 0, 1, 2, 2, 1, 0, 2, 1, 0, 2, 0, 0, 1, 2, 0, 1, 1, 1, 1, 1, 1, 1, 0]|[0, 3, 0, 2, 4, 1, 4, 4, 2, 4, 3, 2, 1, 0, 2, 1, 1, 1, 2, 1, 2, 3, 0, 1, 0, 1, 1, 4, 1, 0, 3, 2, 2, 0, 4, 1, 1, 4, 0, 1, 2, 2, 4, 4, 1, 0, 0, 2, 3, 1, 2, 1, 2, 1, 1, 2, 1, 3, 0, 2, 2, 3, 1, 0, 1, 0, 0, 0, 2, 4, 1, 3, 4, 1, 2, 4, 3, 1, 3, 1, 0, 4, 2, 0, 3, 2, 2, 2, 2, 1, 1, 2, 4, 4, 3, 4, 3, 4, 4, 1]|[0, 2, 0, 1, 3, 0, 1, 3, 0, 0, 2, 0, 1, 0, 1, 0, 0, 0, 1, 0, 0, 2, 0, 0, 1, 0, 0, 3, 0, 1, 0, 2, 0, 0, 3, 0, 1, 3, 1, 0, 0, 1, 1, 3, 0, 0, 1, 0, 2, 0, 0, 0, 0, 0, 1, 0, 0, 0, 1, 1, 0, 2, 0, 0, 0, 1, 0, 1, 0, 2, 0, 0, 1, 0, 0, 2, 0, 0, 3, 0, 0, 2, 1, 0, 0, 0, 1, 0, 0, 1, 0, 0, 1, 2, 0, 3, 0, 2, 1, 0],840.3261725523291,54627.2116117652,117516.5213693454,true
7,G4_BALANCED,G3_TWC,[31, 22, 82, 15, 26, 9, 95, 42, 77, 12, 47, 5, 93, 78, 86, 54, 85, 63, 18, 44, 20, 35, 43, 97, 91, 76, 10, 30, 21, 45, 71, 64, 1, 23, 17, 83, 24, 14, 60, 36, 6, 57, 40, 88, 65, 56, 79, 94, 67, 68, 46, 75, 38, 58, 19, 32, 81, 41, 27, 62, 87, 90, 99, 59, 11, 16, 72, 73, 70, 39, 37, 84, 3, 92, 25, 55, 28, 29, 51, 7, 66, 61, 98, 33, 89, 50, 8, 80, 96, 53, 48, 4, 34, 2, 52, 49, 0, 69, 74, 13]|[1, 1, 0, 1, 1, 0, 1, 2, 2, 1, 2, 2, 2, 1, 1, 0, 0, 1, 0, 2, 2, 0, 1, 2, 0, 1, 2, 2, 0, 0, 1, 2, 1, 2, 1, 0, 2, 0, 1, 1, 0, 1, 1, 1, 0, 2, 1, 1, 0, 0, 0, 0, 1, 1, 2, 1, 2, 1, 0, 0, 2, 1, 0, 1, 2, 1, 2, 1, 1, 1, 1, 1, 1, 0, 1, 1, 0, 0, 0, 1, 0, 1, 0, 0, 1, 0, 1, 0, 0, 0, 2, 1, 2, 0, 1, 0, 0, 1, 2, 0]|[4, 3, 2, 2, 4, 1, 2, 2, 2, 4, 1, 1, 2, 4, 4, 1, 2, 4, 2, 1, 1, 1, 1, 2, 1, 2, 1, 1, 1, 1, 3, 2, 3, 0, 4, 0, 1, 1, 0, 3, 2, 2, 2, 0, 1, 1, 0, 4, 0, 1, 2, 2, 1, 0, 0, 3, 2, 4, 1, 2, 2, 3, 1, 1, 1, 3, 0, 4, 3, 1, 4, 1, 1, 0, 4, 4, 2, 1, 1, 1, 2, 3, 1, 2, 1, 1, 3, 1, 1, 2, 1, 4, 1, 2, 1, 1, 2, 4, 1, 2]|[0, 2, 1, 1, 3, 0, 1, 0, 0, 0, 0, 0, 1, 0, 1, 0, 0, 3, 1, 0, 0, 0, 3, 1, 0, 2, 0, 0, 0, 1, 0, 0, 0, 0, 3, 0, 1, 0, 0, 2, 1, 1, 1, 0, 0, 0, 0, 2, 1, 0, 0, 0, 1, 3, 0, 0, 1, 2, 0, 1, 0, 2, 0, 1, 0, 2, 1, 0, 0, 1, 1, 3, 1, 1, 3, 3, 1, 0, 0, 2, 1, 0, 0, 1, 1, 0, 2, 0, 0, 1, 0, 0, 0, 0, 1, 1, 0, 2, 0, 0],803.9603222196822,57687.09618124993,95536.82199631975,true
7,G2_TEC,G2_TEC,[31, 22, 82, 15, 26, 9, 95, 42, 77, 68, 47, 5, 93, 78, 86, 54, 85, 63, 18, 44, 20, 49, 36, 14, 74, 50, 53, 17, 21, 45, 71, 64, 3, 23, 30, 83, 24, 41, 60, 52, 65, 27, 90, 70, 39, 87, 48, 69, 99, 4, 46, 1, 38, 58, 97, 59, 28, 8, 73, 37, 35, 79, 11, 66, 76, 57, 40, 80, 96, 6, 16, 61, 33, 98, 32, 34, 62, 67, 10, 7, 56, 88, 51, 19, 91, 13, 29, 92, 0, 75, 2, 55, 43, 84, 81, 25, 12, 94, 89, 72]|[2, 1, 2, 1, 1, 2, 1, 1, 1, 1, 1, 0, 2, 2, 1, 2, 0, 0, 0, 2, 2, 1, 0, 2, 0, 2, 2, 1, 0, 1, 1, 1, 0, 0, 1, 0, 2, 1, 2, 2, 0, 1, 1, 1, 0, 2, 0, 2, 1, 0, 0, 2, 2, 0, 2, 0, 2, 1, 0, 0, 2, 1, 0, 2, 2, 0, 2, 2, 0, 1, 2, 1, 1, 0, 0, 1, 1, 1, 1, 2, 2, 1, 1, 1, 1, 0, 1, 0, 0, 0, 2, 0, 1, 0, 1, 1, 1, 1, 1, 1]|[0, 3, 0, 2, 4, 1, 4, 4, 2, 4, 3, 2, 1, 0, 2, 1, 1, 1, 2, 1, 1, 3, 0, 1, 0, 1, 1, 4, 1, 4, 3, 2, 2, 0, 4, 1, 1, 4, 0, 1, 2, 2, 4, 4, 1, 1, 0, 2, 3, 1, 2, 1, 2, 1, 1, 2, 0, 3, 0, 2, 2, 3, 1, 0, 1, 0, 0, 1, 2, 4, 1, 3, 4, 2, 2, 4, 3, 3, 3, 1, 0, 4, 3, 4, 3, 2, 3, 2, 2, 2, 1, 2, 4, 2, 1, 4, 3, 4, 4, 4]|[0, 2, 0, 1, 3, 0, 1, 3, 0, 0, 2, 0, 1, 0, 1, 0, 0, 0, 1, 0, 0, 2, 0, 0, 1, 0, 0, 3, 0, 1, 0, 2, 0, 0, 3, 0, 1, 3, 1, 0, 0, 1, 1, 3, 0, 0, 1, 0, 2, 0, 0, 0, 0, 0, 1, 0, 0, 0, 1, 1, 0, 2, 0, 0, 0, 1, 0, 0, 0, 2, 0, 0, 1, 0, 0, 2, 0, 0, 3, 0, 0, 1, 0, 3, 0, 0, 0, 0, 0, 0, 0, 0, 2, 1, 1, 3, 0, 2, 1, 2],869.4752395254441,52665.57610919407,115075.84488036501,false
7,G3_TWC,G3_TWC,[31, 22, 82, 15, 26, 9, 95, 42, 77, 12, 47, 5, 93, 78, 86, 54, 85, 63, 18, 44, 20, 35, 43, 97, 91, 76, 10, 30, 21, 45, 71, 64, 1, 23, 17, 83, 24, 14, 60, 36, 6, 57, 40, 88, 65, 56, 79, 94, 67, 68, 46, 75, 38, 58, 19, 32, 81, 41, 27, 62, 87, 90, 99, 59, 11, 16, 72, 73, 70, 39, 37, 84, 3, 92, 25, 55, 28, 29, 51, 7, 66, 61, 98, 33, 89, 50, 48, 80, 96, 53, 8, 4, 34, 2, 52, 49, 0, 69, 74, 13]|[1, 1, 0, 1, 1, 0, 1, 2, 2, 1, 2, 2, 2, 1, 1, 0, 0, 1, 0, 2, 2, 0, 1, 2, 0, 1, 2, 2, 0, 0, 1, 2, 1, 2, 1, 0, 2, 0, 1, 1, 0, 1, 1, 1, 0, 2, 1, 1, 0, 0, 0, 0, 1, 1, 2, 1, 2, 0, 0, 0, 2, 1, 0, 1, 2, 1, 2, 1, 1, 1, 0, 1, 1, 0, 1, 1, 0, 0, 0, 1, 0, 1, 0, 0, 1, 0, 0, 0, 0, 0, 0, 0, 2, 0, 1, 0, 0, 1, 2, 0]|[4, 3, 2, 2, 4, 1, 2, 2, 2, 4, 1, 1, 2, 4, 4, 1, 2, 4, 2, 1, 1, 1, 1, 2, 1, 2, 1, 1, 1, 1, 3, 2, 3, 0, 4, 0, 1, 1, 0, 3, 2, 2, 2, 0, 1, 1, 0, 4, 0, 1, 2, 2, 1, 0, 0, 3, 2, 1, 1, 2, 2, 3, 1, 1, 1, 3, 0, 4, 3, 1, 1, 1, 1, 0, 4, 4, 2, 1, 1, 1, 2, 3, 1, 2, 1, 1, 1, 1, 1, 2, 1, 2, 1, 2, 1, 1, 2, 4, 1, 2]|[0, 2, 1, 1, 3, 0, 1, 0, 0, 0, 0, 0, 1, 0, 1, 0, 0, 3, 1, 0, 0, 0, 3, 1, 0, 2, 0, 0, 0, 1, 0, 0, 0, 0, 3, 0, 1, 0, 0, 2, 1, 1, 1, 0, 0, 0, 0, 2, 1, 0, 0, 0, 1, 3, 0, 0, 1, 0, 0, 1, 0, 2, 0, 1, 0, 2, 1, 0, 0, 1, 0, 3, 1, 1, 3, 3, 1, 0, 0, 2, 1, 0, 0, 1, 1, 0, 0, 0, 0, 1, 0, 1, 0, 0, 1, 1, 0, 2, 0, 0],891.6603276551168,58139.115731151665,93574.26552727171,false
7,G1_CMAX,G1_CMAX,[31, 22, 82, 15, 26, 9, 95, 42, 77, 12, 47, 5, 93, 78, 86, 96, 85, 63, 18, 44, 20, 35, 30, 97, 91, 76, 10, 43, 21, 45, 71, 64, 1, 23, 17, 83, 24, 41, 60, 36, 6, 57, 40, 88, 65, 56, 79, 69, 67, 68, 46, 75, 38, 58, 19, 32, 81, 48, 27, 62, 87, 90, 99, 59, 11, 16, 72, 73, 70, 39, 37, 84, 3, 92, 25, 55, 28, 29, 51, 7, 66, 61, 98, 14, 89, 50, 8, 54, 53, 80, 34, 4, 33, 2, 52, 49, 0, 94, 74, 13]|[1, 1, 0, 1, 1, 0, 1, 2, 2, 1, 2, 2, 2, 1, 1, 0, 0, 1, 0, 2, 2, 0, 2, 2, 0, 1, 2, 2, 0, 0, 1, 2, 1, 2, 1, 0, 2, 1, 1, 1, 0, 1, 1, 1, 0, 2, 1, 2, 0, 0, 0, 0, 1, 1, 2, 1, 2, 1, 0, 0, 2, 1, 0, 1, 2, 1, 2, 1, 1, 1, 1, 2, 1, 0, 1, 1, 0, 0, 0, 1, 2, 1, 0, 0, 1, 0, 1, 0, 0, 0, 2, 1, 0, 0, 2, 0, 0, 1, 2, 0]|[4, 3, 2, 2, 4, 1, 2, 2, 1, 4, 1, 1, 2, 4, 4, 1, 2, 4, 2, 1, 1, 1, 1, 2, 1, 2, 1, 1, 1, 1, 3, 2, 3, 0, 4, 0, 1, 4, 0, 3, 2, 2, 2, 0, 1, 1, 0, 2, 0, 1, 2, 2, 1, 0, 0, 3, 2, 4, 1, 2, 2, 3, 1, 1, 1, 3, 0, 4, 3, 1, 4, 1, 1, 0, 4, 4, 2, 1, 1, 1, 1, 3, 1, 1, 1, 1, 3, 1, 2, 1, 1, 4, 2, 2, 1, 1, 2, 4, 1, 2]|[0, 2, 1, 1, 3, 0, 1, 0, 0, 0, 0, 0, 1, 0, 1, 0, 0, 3, 1, 0, 0, 0, 0, 1, 0, 2, 0, 0, 0, 1, 0, 0, 0, 0, 3, 0, 1, 3, 0, 2, 1, 1, 1, 0, 0, 0, 0, 0, 1, 0, 0, 0, 1, 3, 0, 0, 1, 2, 0, 1, 0, 2, 0, 1, 0, 2, 1, 0, 0, 1, 1, 0, 1, 1, 3, 3, 1, 0, 0, 2, 0, 0, 0, 0, 1, 0, 2, 0, 1, 0, 0, 0, 1, 0, 0, 1, 0, 2, 0, 0],804.3161551654373,56534.64310102264,100964.01705541144,false
7,G4_BALANCED,G3_TWC,[31, 22, 82, 15, 26, 9, 95, 42, 77, 12, 47, 5, 93, 78, 86, 54, 85, 63, 18, 44, 20, 35, 43, 97, 91, 76, 10, 30, 21, 45, 71, 64, 1, 23, 17, 83, 24, 14, 60, 36, 6, 57, 40, 88, 65, 56, 79, 94, 67, 68, 46, 75, 38, 58, 19, 32, 81, 48, 27, 62, 87, 90, 99, 59, 11, 16, 72, 73, 70, 39, 37, 84, 3, 92, 25, 55, 28, 29, 51, 7, 66, 61, 98, 33, 89, 50, 41, 80, 96, 53, 8, 4, 34, 2, 52, 49, 0, 69, 74, 13]|[1, 1, 0, 1, 1, 0, 1, 2, 2, 1, 2, 2, 2, 1, 1, 0, 0, 1, 0, 2, 2, 0, 1, 2, 0, 1, 2, 2, 0, 0, 1, 2, 1, 2, 1, 0, 2, 0, 1, 1, 0, 1, 1, 1, 0, 2, 1, 1, 0, 0, 0, 0, 1, 1, 2, 1, 2, 0, 0, 0, 2, 1, 0, 1, 2, 1, 2, 1, 1, 1, 0, 1, 1, 0, 1, 1, 0, 0, 0, 1, 2, 1, 0, 0, 1, 0, 0, 0, 0, 0, 1, 0, 2, 0, 1, 0, 0, 1, 2, 0]|[4, 3, 2, 2, 4, 1, 2, 2, 2, 4, 1, 1, 2, 4, 4, 1, 2, 4, 2, 1, 1, 1, 1, 2, 1, 2, 1, 1, 1, 1, 3, 2, 3, 0, 4, 0, 1, 1, 0, 3, 2, 2, 2, 0, 1, 1, 0, 4, 0, 1, 2, 2, 1, 4, 0, 3, 2, 1, 1, 2, 2, 3, 1, 1, 1, 3, 0, 4, 3, 1, 1, 1, 1, 0, 4, 4, 2, 1, 1, 1, 1, 3, 1, 2, 1, 1, 1, 1, 1, 2, 3, 2, 1, 2, 1, 1, 2, 4, 1, 2]|[0, 2, 1, 1, 3, 0, 1, 0, 0, 0, 0, 0, 1, 0, 1, 0, 0, 3, 1, 0, 0, 0, 3, 1, 0, 2, 0, 0, 0, 1, 0, 0, 0, 0, 3, 0, 1, 0, 0, 2, 1, 1, 1, 0, 0, 0, 0, 2, 1, 0, 0, 0, 1, 3, 0, 0, 1, 0, 0, 1, 0, 2, 0, 1, 0, 2, 1, 0, 0, 1, 0, 3, 1, 1, 3, 3, 1, 0, 0, 2, 0, 0, 0, 1, 1, 0, 0, 0, 0, 1, 2, 1, 0, 0, 1, 1, 0, 2, 0, 0],857.5252021165819,57876.632725910014,93829.2783850946,true
7,G2_TEC,G2_TEC,[31, 22, 82, 15, 26, 9, 95, 42, 77, 68, 47, 5, 93, 78, 86, 54, 85, 63, 18, 44, 20, 49, 36, 14, 74, 50, 53, 17, 21, 45, 71, 64, 3, 23, 30, 83, 24, 41, 60, 52, 65, 27, 90, 70, 39, 87, 48, 69, 99, 4, 46, 1, 38, 58, 97, 59, 28, 8, 73, 37, 35, 79, 11, 66, 76, 57, 40, 80, 96, 6, 16, 61, 33, 98, 32, 34, 62, 67, 10, 7, 56, 88, 51, 19, 91, 13, 29, 92, 0, 75, 2, 55, 43, 84, 81, 25, 12, 94, 89, 72]|[2, 1, 2, 1, 1, 2, 1, 1, 1, 1, 1, 0, 2, 2, 1, 2, 0, 0, 0, 2, 2, 1, 0, 2, 0, 2, 2, 1, 0, 1, 1, 1, 0, 0, 1, 0, 2, 1, 2, 2, 0, 1, 1, 1, 0, 2, 0, 2, 1, 0, 0, 2, 2, 0, 2, 0, 2, 1, 0, 0, 2, 1, 0, 2, 2, 0, 2, 2, 0, 1, 2, 1, 1, 0, 0, 1, 1, 1, 1, 2, 2, 1, 1, 1, 1, 0, 1, 0, 0, 0, 2, 0, 1, 0, 1, 1, 1, 1, 1, 1]|[0, 3, 0, 2, 4, 1, 4, 4, 2, 4, 3, 2, 1, 0, 2, 1, 1, 1, 2, 1, 1, 3, 0, 1, 0, 1, 1, 4, 1, 4, 3, 2, 2, 0, 4, 1, 1, 4, 0, 1, 2, 2, 4, 4, 1, 1, 0, 2, 3, 1, 2, 1, 2, 1, 1, 2, 0, 3, 0, 2, 2, 3, 1, 0, 1, 0, 0, 1, 2, 4, 1, 3, 4, 2, 2, 4, 3, 3, 3, 1, 0, 4, 3, 4, 3, 2, 3, 2, 2, 2, 1, 2, 4, 2, 1, 4, 3, 4, 4, 4]|[0, 2, 0, 1, 3, 0, 1, 3, 0, 0, 2, 0, 1, 0, 1, 0, 0, 0, 1, 0, 0, 2, 0, 0, 1, 0, 0, 3, 0, 1, 0, 2, 0, 0, 3, 0, 1, 3, 1, 0, 0, 1, 1, 3, 0, 0, 1, 0, 2, 0, 0, 0, 0, 0, 1, 0, 0, 0, 1, 1, 0, 2, 0, 0, 0, 1, 0, 0, 0, 2, 0, 0, 1, 0, 0, 2, 0, 0, 3, 0, 0, 1, 0, 3, 0, 0, 0, 0, 0, 0, 0, 0, 2, 1, 1, 3, 0, 2, 1, 2],869.4752395254441,52665.57610919407,115075.84488036501,false
7,G3_TWC,G3_TWC,[31, 22, 82, 15, 26, 9, 95, 42, 77, 12, 47, 5, 93, 78, 86, 54, 85, 63, 18, 44, 20, 35, 43, 97, 91, 76, 10, 30, 21, 45, 71, 64, 1, 23, 17, 83, 24, 14, 60, 36, 6, 57, 40, 88, 65, 56, 79, 94, 67, 68, 46, 75, 38, 58, 19, 32, 81, 41, 27, 62, 87, 90, 99, 59, 11, 16, 72, 73, 70, 39, 37, 84, 3, 92, 25, 55, 28, 29, 51, 7, 66, 61, 98, 33, 89, 50, 48, 80, 96, 53, 8, 4, 34, 2, 52, 49, 0, 69, 74, 13]|[1, 1, 0, 1, 1, 0, 1, 2, 2, 1, 2, 2, 2, 1, 1, 0, 0, 1, 0, 2, 2, 0, 1, 2, 0, 1, 2, 2, 0, 0, 1, 2, 1, 2, 1, 0, 2, 0, 1, 1, 0, 1, 1, 1, 0, 2, 1, 1, 0, 0, 0, 0, 1, 1, 2, 1, 2, 0, 0, 0, 2, 1, 0, 1, 2, 1, 2, 1, 1, 1, 0, 1, 1, 0, 1, 1, 0, 0, 0, 1, 0, 1, 0, 0, 1, 0, 0, 0, 0, 0, 0, 0, 2, 0, 1, 0, 0, 1, 2, 0]|[4, 3, 2, 2, 4, 1, 2, 2, 2, 4, 1, 1, 2, 4, 4, 1, 2, 4, 2, 1, 1, 1, 1, 2, 1, 2, 1, 1, 1, 1, 3, 2, 3, 0, 4, 0, 1, 1, 0, 3, 2, 2, 2, 0, 1, 1, 0, 4, 0, 1, 2, 2, 1, 0, 0, 3, 2, 1, 1, 2, 2, 3, 1, 1, 1, 3, 0, 4, 3, 1, 1, 1, 1, 0, 4, 4, 2, 1, 1, 1, 2, 3, 1, 2, 1, 1, 1, 1, 1, 2, 1, 2, 1, 2, 1, 1, 2, 4, 1, 2]|[0, 2, 1, 1, 3, 0, 1, 0, 0, 0, 0, 0, 1, 0, 1, 0, 0, 3, 1, 0, 0, 0, 3, 1, 0, 2, 0, 0, 0, 1, 0, 0, 0, 0, 3, 0, 1, 0, 0, 2, 1, 1, 1, 0, 0, 0, 0, 2, 1, 0, 0, 0, 1, 3, 0, 0, 1, 0, 0, 1, 0, 2, 0, 1, 0, 2, 1, 0, 0, 1, 0, 3, 1, 1, 3, 3, 1, 0, 0, 2, 1, 0, 0, 1, 1, 0, 0, 0, 0, 1, 0, 1, 0, 0, 1, 1, 0, 2, 0, 0],891.6603276551168,58139.115731151665,93574.26552727171,false
7,G1_CMAX,G4_BALANCED,[31, 22, 82, 15, 26, 9, 95, 42, 44, 12, 47, 5, 93, 78, 86, 96, 85, 63, 18, 75, 20, 35, 43, 97, 91, 76, 10, 30, 21, 45, 71, 64, 1, 23, 17, 83, 24, 41, 60, 36, 6, 57, 40, 88, 65, 56, 79, 69, 67, 68, 46, 77, 38, 58, 19, 32, 81, 48, 27, 62, 87, 90, 99, 59, 11, 16, 72, 73, 70, 39, 37, 84, 3, 92, 25, 55, 28, 29, 51, 7, 66, 61, 98, 50, 89, 14, 8, 54, 53, 80, 34, 4, 33, 2, 52, 49, 0, 94, 74, 13]|[1, 1, 0, 1, 1, 0, 1, 2, 2, 1, 2, 2, 2, 1, 1, 0, 0, 1, 0, 2, 2, 0, 1, 2, 0, 1, 2, 2, 0, 0, 1, 2, 1, 0, 1, 0, 2, 1, 1, 1, 0, 1, 1, 1, 0, 2, 1, 2, 0, 0, 0, 0, 1, 1, 2, 1, 2, 1, 0, 0, 2, 1, 0, 1, 2, 1, 2, 1, 1, 1, 1, 1, 1, 0, 1, 1, 0, 0, 0, 1, 2, 1, 0, 0, 1, 1, 1, 0, 0, 0, 2, 1, 0, 0, 2, 0, 0, 1, 2, 0]|[4, 3, 2, 2, 4, 1, 2, 2, 2, 4, 1, 1, 2, 4, 4, 1, 2, 4, 2, 1, 1, 1, 1, 2, 1, 2, 1, 1, 1, 1, 3, 2, 3, 0, 4, 0, 1, 4, 0, 3, 2, 2, 2, 0, 1, 1, 0, 2, 0, 1, 2, 2, 1, 0, 0, 3, 2, 4, 1, 2, 2, 3, 1, 1, 1, 3, 0, 4, 3, 1, 4, 1, 1, 0, 4, 4, 2, 1, 1, 1, 1, 3, 1, 1, 1, 3, 3, 1, 2, 1, 1, 4, 2, 2, 1, 1, 2, 4, 1, 2]|[0, 2, 1, 1, 3, 0, 1, 0, 0, 0, 0, 0, 1, 0, 1, 0, 0, 3, 1, 0, 0, 0, 3, 1, 0, 2, 0, 0, 0, 1, 0, 0, 0, 0, 3, 0, 1, 3, 0, 2, 1, 1, 1, 0, 0, 0, 0, 0, 1, 0, 0, 0, 1, 3, 0, 0, 1, 2, 0, 1, 0, 2, 0, 1, 0, 2, 1, 0, 0, 1, 1, 3, 1, 1, 3, 3, 1, 0, 0, 2, 0, 0, 0, 0, 1, 2, 2, 0, 1, 0, 0, 0, 1, 0, 0, 1, 0, 2, 0, 0],821.6683628903501,56619.87187251359,99275.48204432394,true
7,G4_BALANCED,G4_BALANCED,[31, 22, 82, 15, 26, 9, 95, 42, 77, 12, 47, 5, 93, 78, 86, 54, 85, 63, 18, 44, 20, 35, 43, 97, 91, 76, 10, 30, 21, 45, 71, 64, 1, 23, 17, 83, 24, 14, 60, 36, 6, 57, 40, 88, 65, 56, 79, 69, 67, 68, 46, 75, 38, 58, 19, 32, 81, 48, 27, 62, 87, 90, 99, 59, 11, 16, 72, 73, 61, 39, 37, 84, 3, 92, 25, 55, 28, 51, 29, 7, 66, 70, 98, 8, 89, 50, 41, 96, 80, 53, 33, 2, 34, 4, 52, 49, 0, 94, 74, 13]|[1, 1, 0, 1, 1, 0, 1, 2, 2, 1, 2, 2, 2, 1, 1, 0, 0, 1, 0, 2, 2, 0, 1, 2, 0, 1, 2, 2, 0, 0, 1, 2, 1, 0, 1, 0, 2, 0, 1, 1, 0, 1, 1, 1, 0, 2, 1, 2, 0, 0, 0, 0, 1, 1, 2, 1, 2, 1, 0, 0, 2, 1, 0, 1, 2, 1, 2, 1, 1, 1, 1, 1, 1, 0, 1, 1, 0, 0, 0, 1, 2, 1, 2, 1, 1, 0, 0, 0, 0, 0, 0, 0, 2, 1, 2, 0, 0, 1, 2, 0]|[4, 3, 2, 2, 4, 1, 2, 2, 2, 4, 1, 1, 2, 4, 4, 1, 2, 4, 2, 1, 1, 1, 1, 2, 1, 2, 1, 1, 1, 1, 3, 2, 3, 0, 4, 0, 1, 1, 0, 3, 2, 2, 2, 0, 1, 1, 0, 2, 0, 1, 2, 2, 1, 0, 0, 3, 2, 4, 1, 2, 2, 3, 1, 1, 1, 3, 0, 4, 3, 1, 4, 1, 1, 0, 4, 4, 2, 1, 1, 1, 0, 3, 1, 3, 1, 1, 1, 1, 1, 2, 1, 2, 1, 4, 1, 1, 2, 4, 1, 2]|[0, 2, 1, 1, 3, 0, 1, 0, 0, 0, 0, 0, 1, 0, 1, 0, 0, 3, 1, 0, 0, 0, 3, 1, 0, 2, 0, 0, 0, 1, 0, 0, 0, 0, 3, 0, 1, 0, 0, 2, 1, 1, 1, 0, 0, 0, 0, 0, 1, 0, 0, 0, 1, 3, 0, 0, 1, 2, 0, 1, 0, 2, 0, 1, 0, 2, 1, 0, 0, 1, 1, 3, 1, 1, 3, 3, 1, 0, 0, 2, 0, 0, 0, 2, 1, 0, 0, 0, 0, 1, 0, 0, 0, 0, 0, 1, 0, 2, 0, 0],829.8930236232125,56533.470747758045,98760.82666591895,false
7,G2_TEC,G2_TEC,[31, 22, 82, 15, 26, 9, 95, 42, 77, 68, 47, 5, 93, 78, 86, 54, 85, 63, 18, 44, 20, 49, 36, 14, 74, 50, 53, 17, 21, 45, 71, 64, 3, 23, 30, 83, 24, 41, 60, 52, 65, 27, 90, 70, 39, 87, 48, 69, 99, 4, 46, 1, 38, 58, 97, 59, 28, 8, 73, 37, 35, 79, 11, 66, 76, 57, 40, 80, 96, 6, 16, 61, 33, 98, 32, 34, 62, 67, 10, 7, 56, 88, 51, 19, 91, 13, 29, 92, 0, 75, 2, 55, 43, 84, 81, 25, 12, 94, 89, 72]|[2, 1, 2, 1, 1, 2, 1, 1, 1, 1, 1, 0, 2, 2, 1, 2, 0, 0, 0, 2, 2, 1, 0, 2, 0, 2, 2, 1, 0, 1, 1, 1, 0, 0, 1, 0, 2, 1, 2, 2, 0, 1, 1, 1, 0, 2, 0, 2, 1, 0, 0, 2, 2, 0, 2, 0, 2, 1, 0, 0, 2, 1, 0, 2, 2, 0, 2, 2, 0, 1, 2, 1, 1, 0, 0, 1, 1, 1, 1, 2, 2, 1, 1, 1, 1, 0, 1, 0, 0, 0, 2, 0, 1, 0, 1, 1, 1, 1, 1, 1]|[0, 3, 0, 2, 4, 1, 4, 4, 2, 4, 3, 2, 1, 0, 2, 1, 1, 1, 2, 1, 1, 3, 0, 1, 0, 1, 1, 4, 1, 4, 3, 2, 2, 0, 4, 1, 1, 4, 0, 1, 2, 2, 4, 4, 1, 1, 0, 2, 3, 1, 2, 1, 2, 1, 1, 2, 0, 3, 0, 2, 2, 3, 1, 0, 1, 0, 0, 1, 2, 4, 1, 3, 4, 2, 2, 4, 3, 3, 3, 1, 0, 4, 3, 4, 3, 2, 3, 2, 2, 2, 1, 2, 4, 2, 1, 4, 3, 4, 4, 4]|[0, 2, 0, 1, 3, 0, 1, 3, 0, 0, 2, 0, 1, 0, 1, 0, 0, 0, 1, 0, 0, 2, 0, 0, 1, 0, 0, 3, 0, 1, 0, 2, 0, 0, 3, 0, 1, 3, 1, 0, 0, 1, 1, 3, 0, 0, 1, 0, 2, 0, 0, 0, 0, 0, 1, 0, 0, 0, 1, 1, 0, 2, 0, 0, 0, 1, 0, 0, 0, 2, 0, 0, 1, 0, 0, 2, 0, 0, 3, 0, 0, 1, 0, 3, 0, 0, 0, 0, 0, 0, 0, 0, 2, 1, 1, 3, 0, 2, 1, 2],869.4752395254441,52665.57610919407,115075.84488036501,false
7,G3_TWC,G3_TWC,[31, 22, 82, 15, 26, 9, 95, 42, 77, 12, 47, 5, 93, 78, 86, 54, 85, 63, 18, 44, 20, 35, 43, 97, 91, 76, 10, 30, 21, 45, 71, 64, 1, 23, 17, 83, 24, 14, 60, 36, 6, 57, 40, 88, 65, 56, 79, 94, 67, 68, 46, 75, 38, 58, 19, 32, 81, 41, 27, 62, 87, 90, 99, 59, 11, 16, 72, 73, 69, 28, 37, 84, 3, 92, 25, 55, 39, 29, 51, 7, 33, 61, 98, 48, 89, 50, 66, 96, 80, 53, 8, 4, 34, 2, 52, 49, 0, 70, 74, 13]|[1, 1, 0, 1, 1, 0, 1, 2, 2, 1, 2, 2, 2, 1, 1, 0, 0, 1, 0, 2, 2, 0, 1, 2, 0, 1, 2, 2, 0, 0, 1, 2, 1, 2, 1, 0, 2, 0, 1, 1, 0, 1, 1, 1, 0, 2, 1, 1, 0, 0, 0, 0, 1, 1, 2, 1, 2, 1, 0, 0, 2, 1, 0, 1, 2, 1, 2, 1, 1, 0, 0, 1, 1, 0, 1, 1, 1, 0, 0, 1, 0, 1, 0, 0, 1, 0, 2, 0, 0, 0, 0, 0, 2, 0, 1, 0, 0, 1, 2, 0]|[4, 3, 2, 2, 4, 1, 2, 2, 2, 4, 1, 1, 2, 4, 4, 1, 2, 4, 2, 1, 1, 1, 1, 2, 1, 2, 1, 1, 1, 1, 3, 2, 3, 0, 4, 0, 1, 1, 0, 3, 2, 2, 2, 0, 1, 1, 0, 4, 0, 1, 2, 2, 1, 0, 0, 3, 2, 4, 1, 2, 2, 3, 1, 1, 1, 3, 0, 4, 3, 2, 1, 1, 1, 0, 4, 4, 1, 1, 1, 1, 2, 3, 1, 1, 1, 1, 1, 1, 1, 2, 1, 2, 1, 2, 1, 1, 2, 4, 1, 2]|[0, 2, 1, 1, 3, 0, 1, 0, 0, 0, 0, 0, 1, 0, 1, 0, 0, 3, 1, 0, 0, 0, 3, 1, 0, 2, 0, 0, 0, 1, 0, 0, 0, 0, 3, 0, 1, 0, 0, 2, 1, 1, 1, 0, 0, 0, 0, 2, 1, 0, 0, 0, 1, 3, 0, 0, 1, 2, 0, 1, 0, 2, 0, 1, 0, 2, 1, 0, 0, 1, 0, 3, 1, 1, 3, 3, 1, 0, 0, 2, 1, 0, 0, 0, 1, 0, 0, 0, 0, 1, 0, 1, 0, 0, 1, 1, 0, 2, 0, 0],847.0427978319374,57913.11646638373,93531.36983571656,false
7,G1_CMAX,G3_TWC,[31, 22, 82, 15, 26, 9, 95, 42, 77, 12, 47, 5, 93, 78, 86, 54, 85, 63, 18, 44, 20, 35, 43, 97, 91, 76, 10, 30, 21, 45, 71, 64, 1, 23, 17, 83, 24, 14, 60, 36, 6, 57, 40, 88, 65, 56, 79, 94, 67, 68, 46, 75, 38, 58, 19, 32, 81, 41, 27, 62, 87, 90, 99, 59, 11, 16, 72, 73, 70, 39, 37, 84, 3, 92, 25, 55, 28, 29, 51, 7, 66, 61, 98, 33, 89, 50, 48, 96, 80, 53, 8, 4, 2, 34, 52, 49, 0, 69, 74, 13]|[1, 1, 0, 1, 1, 0, 1, 2, 2, 1, 2, 2, 2, 1, 1, 0, 0, 1, 0, 2, 2, 0, 1, 2, 0, 1, 2, 2, 0, 0, 1, 2, 1, 2, 1, 0, 2, 0, 1, 1, 0, 1, 1, 1, 0, 2, 1, 1, 0, 0, 0, 0, 1, 1, 2, 1, 2, 1, 0, 0, 2, 1, 0, 1, 2, 1, 2, 1, 1, 1, 1, 1, 1, 0, 1, 1, 0, 0, 0, 1, 2, 1, 0, 0, 1, 0, 0, 0, 0, 0, 1, 1, 0, 2, 1, 0, 0, 1, 2, 0]|[4, 3, 2, 2, 4, 1, 2, 2, 2, 4, 1, 1, 2, 4, 4, 1, 2, 4, 2, 1, 1, 1, 1, 2, 1, 2, 1, 1, 1, 1, 3, 2, 3, 0, 4, 0, 1, 1, 0, 3, 2, 2, 2, 0, 1, 1, 0, 4, 0, 1, 2, 2, 1, 0, 0, 3, 2, 4, 1, 2, 2, 3, 1, 1, 1, 3, 0, 4, 3, 1, 4, 1, 1, 0, 4, 4, 2, 1, 1, 1, 1, 3, 1, 2, 1, 1, 1, 1, 1, 2, 3, 4, 2, 1, 1, 1, 2, 4, 1, 2]|[0, 2, 1, 1, 3, 0, 1, 0, 0, 0, 0, 0, 1, 0, 1, 0, 0, 3, 1, 0, 0, 0, 3, 1, 0, 2, 0, 0, 0, 1, 0, 0, 0, 0, 3, 0, 1, 0, 0, 2, 1, 1, 1, 0, 0, 0, 0, 2, 1, 0, 0, 0, 1, 3, 0, 0, 1, 2, 0, 1, 0, 2, 0, 1, 0, 2, 1, 0, 0, 1, 1, 3, 1, 1, 3, 3, 1, 0, 0, 2, 0, 0, 0, 1, 1, 0, 0, 0, 0, 1, 2, 0, 0, 0, 1, 1, 0, 2, 0, 0],806.8936555052978,57504.242886742104,94971.8262674663,true
7,G4_BALANCED,G1_CMAX,[31, 22, 82, 15, 26, 9, 95, 42, 77, 12, 47, 5, 93, 78, 86, 54, 85, 63, 18, 44, 20, 35, 43, 97, 91, 76, 10, 30, 21, 45, 71, 64, 1, 23, 17, 83, 24, 41, 60, 36, 6, 57, 40, 88, 65, 56, 79, 94, 67, 68, 46, 75, 38, 58, 19, 32, 81, 14, 27, 62, 87, 90, 99, 59, 11, 16, 72, 73, 70, 39, 37, 84, 3, 92, 25, 55, 28, 29, 51, 7, 66, 61, 98, 48, 89, 50, 8, 96, 53, 80, 34, 4, 33, 2, 52, 49, 0, 69, 74, 13]|[1, 1, 0, 1, 1, 0, 1, 2, 2, 1, 2, 2, 2, 1, 1, 0, 0, 1, 0, 2, 2, 1, 1, 2, 0, 1, 2, 2, 0, 0, 1, 2, 1, 2, 1, 0, 2, 0, 1, 1, 0, 1, 1, 1, 0, 2, 1, 1, 0, 0, 0, 0, 1, 1, 2, 1, 2, 1, 0, 0, 2, 1, 0, 1, 2, 1, 2, 1, 1, 1, 1, 1, 1, 0, 1, 1, 0, 0, 0, 1, 2, 1, 0, 0, 1, 0, 1, 0, 0, 0, 2, 0, 1, 0, 1, 0, 0, 1, 2, 0]|[4, 3, 2, 2, 4, 1, 2, 2, 1, 4, 1, 1, 2, 4, 4, 1, 2, 4, 2, 1, 1, 4, 1, 2, 1, 2, 1, 1, 1, 1, 3, 2, 3, 0, 4, 0, 1, 1, 0, 3, 2, 2, 2, 0, 1, 1, 0, 4, 0, 1, 2, 2, 1, 0, 0, 3, 2, 4, 1, 2, 2, 3, 1, 1, 1, 3, 0, 4, 3, 1, 4, 1, 1, 0, 4, 4, 2, 1, 1, 1, 1, 3, 1, 1, 1, 1, 3, 1, 2, 1, 1, 2, 4, 2, 1, 1, 2, 3, 1, 2]|[0, 2, 1, 1, 3, 0, 1, 0, 0, 0, 0, 0, 1, 0, 1, 0, 0, 3, 1, 0, 0, 3, 3, 1, 0, 2, 0, 0, 0, 1, 0, 0, 0, 0, 3, 0, 1, 0, 0, 2, 1, 1, 1, 0, 0, 0, 0, 2, 1, 0, 0, 0, 1, 3, 0, 0, 1, 2, 0, 1, 0, 2, 0, 1, 0, 2, 1, 0, 0, 1, 1, 3, 1, 1, 3, 3, 1, 0, 0, 2, 0, 0, 0, 0, 1, 0, 2, 0, 1, 0, 0, 1, 0, 0, 1, 1, 0, 2, 0, 0],795.4127956920057,57792.97122988201,94570.2869613103,true
7,G2_TEC,G4_BALANCED,[31, 22, 82, 15, 26, 9, 95, 42, 77, 12, 47, 5, 93, 78, 86, 54, 85, 63, 18, 44, 20, 35, 43, 97, 91, 76, 10, 30, 21, 45, 71, 64, 1, 23, 17, 83, 24, 14, 60, 36, 6, 57, 40, 88, 65, 56, 79, 69, 67, 68, 46, 75, 38, 58, 19, 32, 81, 48, 27, 62, 87, 90, 99, 59, 11, 16, 72, 73, 61, 39, 37, 84, 3, 92, 25, 55, 28, 29, 51, 7, 66, 41, 98, 70, 89, 50, 8, 96, 80, 53, 33, 74, 34, 4, 52, 49, 0, 94, 2, 13]|[1, 1, 0, 1, 1, 0, 1, 2, 2, 1, 2, 2, 2, 1, 1, 0, 0, 1, 0, 2, 2, 0, 1, 2, 0, 1, 2, 2, 0, 0, 1, 2, 1, 0, 1, 0, 2, 0, 1, 1, 0, 1, 1, 1, 0, 2, 1, 2, 0, 0, 0, 0, 1, 1, 2, 1, 2, 1, 0, 0, 2, 1, 0, 1, 2, 1, 2, 1, 1, 1, 1, 1, 1, 0, 1, 1, 0, 0, 0, 1, 2, 0, 0, 1, 1, 0, 1, 0, 0, 0, 2, 2, 2, 1, 1, 0, 0, 1, 0, 0]|[4, 3, 2, 2, 4, 1, 2, 2, 2, 4, 1, 1, 2, 4, 4, 1, 2, 4, 2, 1, 1, 1, 1, 2, 1, 2, 1, 1, 1, 1, 3, 2, 3, 0, 4, 0, 1, 1, 0, 3, 2, 2, 2, 0, 1, 1, 0, 2, 0, 1, 2, 2, 1, 4, 0, 3, 2, 4, 1, 2, 2, 3, 1, 1, 1, 3, 0, 4, 3, 1, 4, 1, 1, 0, 4, 4, 2, 1, 1, 1, 0, 1, 1, 3, 1, 1, 3, 1, 1, 2, 1, 1, 1, 4, 1, 1, 2, 4, 2, 2]|[0, 2, 1, 1, 3, 0, 1, 0, 0, 0, 0, 0, 1, 0, 1, 0, 0, 3, 1, 0, 0, 0, 3, 1, 0, 2, 0, 0, 0, 1, 0, 0, 0, 0, 3, 0, 1, 0, 0, 2, 1, 1, 1, 0, 0, 0, 0, 0, 1, 0, 0, 0, 1, 3, 0, 0, 1, 2, 0, 1, 0, 2, 0, 1, 0, 2, 1, 0, 0, 1, 1, 3, 1, 1, 3, 3, 1, 0, 0, 2, 0, 0, 0, 0, 1, 0, 2, 0, 0, 1, 0, 0, 0, 0, 1, 1, 0, 2, 0, 0],819.7163156283966,56641.566392416,97846.6074164829,true
7,G3_TWC,G3_TWC,[31, 22, 82, 15, 26, 9, 95, 42, 77, 12, 47, 5, 93, 78, 86, 54, 85, 63, 18, 44, 20, 35, 43, 97, 91, 76, 10, 30, 21, 45, 71, 64, 1, 23, 17, 83, 24, 14, 60, 36, 6, 57, 40, 88, 65, 56, 79, 94, 67, 68, 46, 75, 38, 58, 19, 32, 81, 41, 27, 62, 87, 90, 99, 59, 11, 16, 72, 73, 69, 28, 37, 84, 3, 92, 25, 55, 39, 29, 51, 7, 33, 61, 98, 48, 89, 50, 66, 96, 80, 53, 8, 4, 34, 2, 52, 49, 0, 70, 74, 13]|[1, 1, 0, 1, 1, 0, 1, 2, 2, 1, 2, 2, 2, 1, 1, 0, 0, 1, 0, 2, 2, 0, 1, 2, 0, 1, 2, 2, 0, 0, 1, 2, 1, 2, 1, 0, 2, 0, 1, 1, 0, 1, 1, 1, 0, 2, 1, 1, 0, 0, 0, 0, 1, 1, 2, 1, 2, 1, 0, 0, 2, 1, 0, 1, 2, 1, 2, 1, 1, 0, 0, 1, 1, 0, 1, 1, 1, 0, 0, 1, 0, 1, 0, 0, 1, 0, 2, 0, 0, 0, 0, 0, 2, 0, 1, 0, 0, 1, 2, 0]|[4, 3, 2, 2, 4, 1, 2, 2, 2, 4, 1, 1, 2, 4, 4, 1, 2, 4, 2, 1, 1, 1, 1, 2, 1, 2, 1, 1, 1, 1, 3, 2, 3, 0, 4, 0, 1, 1, 0, 3, 2, 2, 2, 0, 1, 1, 0, 4, 0, 1, 2, 2, 1, 0, 0, 3, 2, 4, 1, 2, 2, 3, 1, 1, 1, 3, 0, 4, 3, 2, 1, 1, 1, 0, 4, 4, 1, 1, 1, 1, 2, 3, 1, 1, 1, 1, 1, 1, 1, 2, 1, 2, 1, 2, 1, 1, 2, 4, 1, 2]|[0, 2, 1, 1, 3, 0, 1, 0, 0, 0, 0, 0, 1, 0, 1, 0, 0, 3, 1, 0, 0, 0, 3, 1, 0, 2, 0, 0, 0, 1, 0, 0, 0, 0, 3, 0, 1, 0, 0, 2, 1, 1, 1, 0, 0, 0, 0, 2, 1, 0, 0, 0, 1, 3, 0, 0, 1, 2, 0, 1, 0, 2, 0, 1, 0, 2, 1, 0, 0, 1, 0, 3, 1, 1, 3, 3, 1, 0, 0, 2, 1, 0, 0, 0, 1, 0, 0, 0, 0, 1, 0, 1, 0, 0, 1, 1, 0, 2, 0, 0],847.0427978319374,57913.11646638373,93531.36983571656,false
7,G1_CMAX,G1_CMAX,[31, 22, 82, 15, 26, 9, 95, 42, 77, 12, 47, 5, 93, 78, 86, 54, 6, 63, 18, 44, 20, 35, 43, 97, 91, 76, 10, 30, 21, 45, 64, 1, 23, 17, 83, 24, 14, 60, 36, 13, 75, 46, 68, 67, 69, 79, 56, 65, 88, 40, 57, 85, 58, 19, 32, 81, 48, 27, 62, 87, 90, 99, 59, 11, 16, 72, 73, 71, 70, 39, 37, 84, 3, 98, 29, 28, 55, 25, 92, 7, 33, 61, 53, 41, 89, 50, 8, 96, 51, 80, 34, 4, 66, 2, 52, 49, 0, 94, 74, 38]|[1, 1, 0, 1, 1, 0, 1, 2, 2, 1, 2, 2, 2, 1, 1, 0, 0, 1, 0, 2, 2, 0, 1, 2, 0, 1, 2, 2, 0, 0, 2, 1, 2, 1, 0, 2, 2, 1, 1, 0, 0, 0, 0, 0, 2, 1, 2, 0, 1, 1, 1, 0, 1, 2, 1, 2, 1, 0, 0, 2, 1, 0, 1, 2, 1, 2, 1, 1, 1, 1, 1, 1, 1, 0, 0, 0, 1, 1, 0, 1, 0, 1, 0, 1, 1, 0, 1, 0, 0, 0, 2, 1, 2, 0, 1, 0, 0, 2, 2, 1]|[0, 3, 2, 2, 4, 1, 2, 2, 2, 4, 1, 1, 2, 4, 4, 1, 2, 4, 2, 1, 1, 1, 1, 2, 1, 2, 1, 1, 1, 1, 2, 3, 0, 4, 0, 1, 2, 0, 3, 2, 2, 2, 1, 0, 2, 0, 1, 1, 0, 2, 2, 2, 0, 0, 3, 2, 4, 1, 2, 2, 3, 1, 1, 1, 3, 0, 4, 3, 3, 1, 4, 1, 1, 1, 1, 2, 4, 4, 0, 1, 2, 3, 2, 4, 1, 1, 3, 1, 1, 1, 1, 4, 1, 2, 1, 1, 2, 2, 1, 1]|[0, 2, 1, 1, 3, 0, 1, 0, 0, 0, 0, 0, 1, 0, 1, 0, 1, 3, 1, 0, 0, 0, 3, 1, 0, 2, 0, 0, 0, 1, 0, 0, 0, 3, 0, 1, 1, 0, 2, 0, 0, 0, 0, 1, 0, 0, 0, 0, 0, 1, 1, 0, 3, 0, 0, 1, 2, 0, 1, 0, 2, 0, 1, 0, 2, 1, 0, 0, 0, 1, 1, 3, 1, 0, 0, 1, 3, 3, 1, 2, 1, 0, 1, 3, 1, 0, 2, 0, 0, 0, 0, 0, 0, 0, 1, 1, 0, 0, 0, 1],740.6648699319737,58345.503832923176,99227.13002615936,false
7,G4_BALANCED,G2_TEC,[31, 22, 82, 15, 26, 9, 95, 42, 77, 4, 47, 5, 93, 78, 86, 54, 85, 63, 18, 44, 20, 49, 36, 14, 74, 50, 53, 17, 21, 45, 71, 64, 3, 23, 30, 83, 24, 41, 60, 52, 65, 27, 90, 70, 39, 87, 48, 69, 99, 68, 46, 1, 38, 58, 97, 59, 28, 8, 73, 37, 35, 79, 11, 66, 76, 57, 40, 80, 96, 6, 16, 61, 33, 98, 32, 34, 62, 67, 10, 7, 56, 88, 29, 19, 91, 13, 84, 92, 0, 75, 2, 55, 25, 43, 81, 12, 51, 94, 89, 72]|[2, 1, 2, 1, 1, 2, 1, 1, 1, 1, 1, 0, 2, 2, 1, 2, 0, 0, 0, 2, 2, 1, 0, 2, 0, 2, 2, 1, 0, 1, 1, 1, 0, 0, 1, 0, 2, 1, 2, 2, 0, 1, 1, 1, 0, 2, 0, 2, 1, 0, 0, 2, 2, 0, 2, 0, 2, 1, 0, 0, 2, 1, 0, 2, 2, 0, 2, 2, 0, 0, 2, 1, 1, 0, 0, 1, 0, 1, 1, 2, 2, 1, 1, 1, 1, 0, 0, 0, 0, 1, 2, 0, 1, 1, 1, 1, 1, 1, 1, 1]|[0, 3, 0, 2, 4, 1, 4, 4, 2, 4, 3, 2, 1, 0, 2, 1, 1, 1, 2, 1, 1, 3, 0, 1, 0, 1, 1, 4, 1, 4, 3, 2, 2, 0, 4, 1, 1, 4, 0, 1, 2, 2, 4, 4, 1, 1, 0, 2, 3, 1, 2, 1, 2, 1, 1, 2, 0, 3, 0, 2, 2, 3, 1, 0, 1, 0, 0, 1, 2, 1, 1, 3, 4, 2, 2, 4, 2, 3, 3, 1, 0, 4, 3, 4, 3, 2, 2, 2, 2, 1, 1, 2, 4, 4, 1, 3, 3, 4, 4, 4]|[0, 2, 0, 1, 3, 0, 1, 3, 0, 0, 2, 0, 1, 0, 1, 0, 0, 0, 1, 0, 0, 2, 0, 0, 1, 0, 0, 3, 0, 1, 0, 2, 0, 0, 3, 0, 1, 3, 1, 0, 0, 1, 1, 3, 0, 0, 1, 0, 2, 0, 0, 0, 0, 0, 1, 0, 0, 0, 1, 1, 0, 2, 0, 0, 0, 1, 0, 0, 0, 0, 0, 0, 1, 0, 0, 2, 1, 0, 3, 0, 0, 1, 0, 3, 0, 0, 1, 0, 0, 1, 0, 0, 3, 2, 1, 0, 0, 2, 1, 2],858.2509591732606,53170.23135341396,114835.61272875933,true
7,G2_TEC,G4_BALANCED,[31, 22, 82, 15, 26, 9, 95, 42, 77, 12, 47, 5, 93, 78, 86, 54, 85, 63, 18, 44, 20, 35, 43, 97, 91, 76, 10, 30, 21, 45, 71, 64, 1, 23, 17, 83, 24, 14, 60, 36, 6, 57, 40, 88, 65, 56, 79, 69, 67, 68, 46, 75, 38, 58, 19, 32, 81, 48, 27, 62, 87, 90, 99, 59, 11, 16, 72, 73, 61, 39, 37, 84, 3, 92, 25, 55, 28, 29, 51, 7, 66, 41, 98, 70, 89, 50, 8, 96, 80, 53, 33, 74, 34, 4, 52, 49, 0, 94, 2, 13]|[1, 1, 0, 1, 1, 0, 1, 2, 2, 1, 2, 2, 2, 1, 1, 0, 0, 1, 0, 2, 2, 0, 1, 2, 0, 1, 2, 2, 0, 0, 1, 2, 1, 0, 1, 0, 2, 0, 1, 1, 0, 1, 1, 1, 0, 2, 1, 2, 0, 0, 0, 0, 1, 1, 2, 1, 2, 1, 0, 0, 2, 1, 0, 1, 2, 1, 2, 1, 1, 1, 1, 1, 1, 0, 1, 1, 0, 0, 0, 1, 2, 0, 0, 1, 1, 0, 1, 0, 0, 0, 2, 2, 2, 1, 1, 0, 0, 1, 0, 0]|[4, 3, 2, 2, 4, 1, 2, 2, 2, 4, 1, 1, 2, 4, 4, 1, 2, 4, 2, 1, 1, 1, 1, 2, 1, 2, 1, 1, 1, 1, 3, 2, 3, 0, 4, 0, 1, 1, 0, 3, 2, 2, 2, 0, 1, 1, 0, 2, 0, 1, 2, 2, 1, 4, 0, 3, 2, 4, 1, 2, 2, 3, 1, 1, 1, 3, 0, 4, 3, 1, 4, 1, 1, 0, 4, 4, 2, 1, 1, 1, 0, 1, 1, 3, 1, 1, 3, 1, 1, 2, 1, 1, 1, 4, 1, 1, 2, 4, 2, 2]|[0, 2, 1, 1, 3, 0, 1, 0, 0, 0, 0, 0, 1, 0, 1, 0, 0, 3, 1, 0, 0, 0, 3, 1, 0, 2, 0, 0, 0, 1, 0, 0, 0, 0, 3, 0, 1, 0, 0, 2, 1, 1, 1, 0, 0, 0, 0, 0, 1, 0, 0, 0, 1, 3, 0, 0, 1, 2, 0, 1, 0, 2, 0, 1, 0, 2, 1, 0, 0, 1, 1, 3, 1, 1, 3, 3, 1, 0, 0, 2, 0, 0, 0, 0, 1, 0, 2, 0, 0, 1, 0, 0, 0, 0, 1, 1, 0, 2, 0, 0],819.7163156283966,56641.566392416,97846.6074164829,true
7,G3_TWC,G3_TWC,[31, 22, 82, 15, 26, 9, 95, 42, 77, 12, 47, 5, 93, 78, 86, 54, 85, 63, 18, 44, 20, 35, 43, 97, 91, 76, 10, 30, 21, 45, 71, 64, 1, 23, 17, 83, 24, 14, 60, 36, 6, 57, 40, 88, 65, 56, 79, 94, 67, 68, 46, 75, 38, 58, 19, 32, 81, 41, 27, 62, 87, 90, 99, 59, 11, 16, 72, 73, 69, 28, 37, 84, 3, 92, 25, 55, 39, 29, 51, 7, 33, 61, 98, 48, 89, 50, 66, 96, 80, 53, 8, 4, 34, 2, 52, 49, 0, 70, 74, 13]|[1, 1, 0, 1, 1, 0, 1, 2, 2, 1, 2, 2, 2, 1, 1, 0, 0, 1, 0, 2, 2, 0, 1, 2, 0, 1, 2, 2, 0, 0, 1, 2, 1, 2, 1, 0, 2, 0, 1, 1, 0, 1, 1, 1, 0, 2, 1, 1, 0, 0, 0, 0, 1, 1, 2, 1, 2, 1, 0, 0, 2, 1, 0, 1, 2, 1, 2, 1, 1, 0, 0, 1, 1, 0, 1, 1, 1, 0, 0, 1, 0, 1, 0, 0, 1, 0, 2, 0, 0, 0, 0, 0, 2, 0, 1, 0, 0, 1, 2, 0]|[4, 3, 2, 2, 4, 1, 2, 2, 2, 4, 1, 1, 2, 4, 4, 1, 2, 4, 2, 1, 1, 1, 1, 2, 1, 2, 1, 1, 1, 1, 3, 2, 3, 0, 4, 0, 1, 1, 0, 3, 2, 2, 2, 0, 1, 1, 0, 4, 0, 1, 2, 2, 1, 0, 0, 3, 2, 4, 1, 2, 2, 3, 1, 1, 1, 3, 0, 4, 3, 2, 1, 1, 1, 0, 4, 4, 1, 1, 1, 1, 2, 3, 1, 1, 1, 1, 1, 1, 1, 2, 1, 2, 1, 2, 1, 1, 2, 4, 1, 2]|[0, 2, 1, 1, 3, 0, 1, 0, 0, 0, 0, 0, 1, 0, 1, 0, 0, 3, 1, 0, 0, 0, 3, 1, 0, 2, 0, 0, 0, 1, 0, 0, 0, 0, 3, 0, 1, 0, 0, 2, 1, 1, 1, 0, 0, 0, 0, 2, 1, 0, 0, 0, 1, 3, 0, 0, 1, 2, 0, 1, 0, 2, 0, 1, 0, 2, 1, 0, 0, 1, 0, 3, 1, 1, 3, 3, 1, 0, 0, 2, 1, 0, 0, 0, 1, 0, 0, 0, 0, 1, 0, 1, 0, 0, 1, 1, 0, 2, 0, 0],847.0427978319374,57913.11646638373,93531.36983571656,false
7,G1_CMAX,G1_CMAX,[31, 22, 82, 15, 26, 9, 95, 42, 77, 12, 47, 5, 93, 78, 86, 54, 6, 63, 18, 44, 20, 35, 43, 97, 91, 76, 10, 30, 21, 45, 64, 1, 23, 17, 83, 24, 14, 60, 36, 13, 75, 46, 68, 67, 69, 79, 56, 65, 88, 40, 57, 85, 58, 19, 32, 81, 48, 27, 62, 87, 90, 99, 59, 11, 16, 72, 73, 71, 70, 39, 37, 84, 3, 98, 29, 28, 55, 25, 92, 7, 33, 61, 53, 41, 89, 50, 8, 96, 51, 80, 34, 4, 66, 2, 52, 49, 0, 94, 74, 38]|[1, 1, 0, 1, 1, 0, 1, 2, 2, 1, 2, 2, 2, 1, 1, 0, 0, 1, 0, 2, 2, 0, 1, 2, 0, 1, 2, 2, 0, 0, 2, 1, 2, 1, 0, 2, 2, 1, 1, 0, 0, 0, 0, 0, 2, 1, 2, 0, 1, 1, 1, 0, 1, 2, 1, 2, 1, 0, 0, 2, 1, 0, 1, 2, 1, 2, 1, 1, 1, 1, 1, 1, 1, 0, 0, 0, 1, 1, 0, 1, 0, 1, 0, 1, 1, 0, 1, 0, 0, 0, 2, 1, 2, 0, 1, 0, 0, 2, 2, 1]|[0, 3, 2, 2, 4, 1, 2, 2, 2, 4, 1, 1, 2, 4, 4, 1, 2, 4, 2, 1, 1, 1, 1, 2, 1, 2, 1, 1, 1, 1, 2, 3, 0, 4, 0, 1, 2, 0, 3, 2, 2, 2, 1, 0, 2, 0, 1, 1, 0, 2, 2, 2, 0, 0, 3, 2, 4, 1, 2, 2, 3, 1, 1, 1, 3, 0, 4, 3, 3, 1, 4, 1, 1, 1, 1, 2, 4, 4, 0, 1, 2, 3, 2, 4, 1, 1, 3, 1, 1, 1, 1, 4, 1, 2, 1, 1, 2, 2, 1, 1]|[0, 2, 1, 1, 3, 0, 1, 0, 0, 0, 0, 0, 1, 0, 1, 0, 1, 3, 1, 0, 0, 0, 3, 1, 0, 2, 0, 0, 0, 1, 0, 0, 0, 3, 0, 1, 1, 0, 2, 0, 0, 0, 0, 1, 0, 0, 0, 0, 0, 1, 1, 0, 3, 0, 0, 1, 2, 0, 1, 0, 2, 0, 1, 0, 2, 1, 0, 0, 0, 1, 1, 3, 1, 0, 0, 1, 3, 3, 1, 2, 1, 0, 1, 3, 1, 0, 2, 0, 0, 0, 0, 0, 0, 0, 1, 1, 0, 0, 0, 1],740.6648699319737,58345.503832923176,99227.13002615936,false
7,G4_BALANCED,G4_BALANCED,[31, 22, 82, 15, 26, 9, 95, 42, 77, 12, 47, 5, 93, 78, 86, 54, 85, 63, 18, 44, 20, 35, 43, 97, 91, 76, 10, 30, 21, 45, 71, 64, 1, 23, 17, 83, 24, 14, 60, 36, 6, 57, 40, 88, 65, 56, 79, 69, 67, 68, 46, 75, 38, 58, 19, 32, 81, 48, 27, 62, 87, 90, 99, 59, 11, 16, 72, 73, 61, 39, 37, 84, 3, 92, 25, 55, 28, 51, 29, 7, 66, 70, 98, 8, 89, 50, 41, 96, 80, 53, 33, 2, 34, 4, 52, 49, 0, 94, 74, 13]|[1, 1, 0, 1, 1, 0, 1, 2, 2, 1, 2, 2, 2, 1, 1, 0, 0, 1, 0, 2, 2, 0, 1, 2, 0, 1, 2, 2, 0, 0, 1, 2, 1, 0, 1, 0, 2, 0, 1, 1, 0, 1, 1, 1, 0, 2, 1, 2, 0, 0, 0, 0, 1, 1, 2, 1, 2, 1, 0, 0, 2, 1, 0, 1, 2, 1, 2, 1, 1, 1, 1, 1, 1, 0, 1, 1, 0, 0, 0, 1, 2, 1, 2, 1, 1, 0, 0, 0, 0, 0, 0, 0, 2, 1, 2, 0, 0, 1, 2, 0]|[4, 3, 2, 2, 4, 1, 2, 2, 2, 4, 1, 1, 2, 4, 4, 1, 2, 4, 2, 1, 1, 1, 1, 2, 1, 2, 1, 1, 1, 1, 3, 2, 3, 0, 4, 0, 1, 1, 0, 3, 2, 2, 2, 0, 1, 1, 0, 2, 0, 1, 2, 2, 1, 0, 0, 3, 2, 4, 1, 2, 2, 3, 1, 1, 1, 3, 0, 4, 3, 1, 4, 1, 1, 0, 4, 4, 2, 1, 1, 1, 0, 3, 1, 3, 1, 1, 1, 1, 1, 2, 1, 2, 1, 4, 1, 1, 2, 4, 1, 2]|[0, 2, 1, 1, 3, 0, 1, 0, 0, 0, 0, 0, 1, 0, 1, 0, 0, 3, 1, 0, 0, 0, 3, 1, 0, 2, 0, 0, 0, 1, 0, 0, 0, 0, 3, 0, 1, 0, 0, 2, 1, 1, 1, 0, 0, 0, 0, 0, 1, 0, 0, 0, 1, 3, 0, 0, 1, 2, 0, 1, 0, 2, 0, 1, 0, 2, 1, 0, 0, 1, 1, 3, 1, 1, 3, 3, 1, 0, 0, 2, 0, 0, 0, 2, 1, 0, 0, 0, 0, 1, 0, 0, 0, 0, 0, 1, 0, 2, 0, 0],829.8930236232125,56533.470747758045,98760.82666591895,false
7,G2_TEC,G2_TEC,[31, 22, 82, 15, 26, 9, 95, 42, 77, 68, 47, 5, 93, 78, 86, 54, 85, 63, 18, 44, 20, 49, 36, 14, 74, 50, 53, 17, 21, 45, 71, 64, 3, 23, 30, 83, 24, 41, 60, 52, 65, 27, 90, 70, 39, 87, 48, 69, 99, 4, 46, 1, 38, 58, 97, 59, 28, 8, 73, 37, 35, 79, 11, 66, 76, 57, 40, 80, 96, 6, 16, 61, 33, 98, 32, 34, 62, 67, 10, 7, 56, 88, 51, 19, 91, 13, 29, 92, 0, 75, 2, 55, 43, 84, 81, 25, 12, 94, 89, 72]|[2, 1, 2, 1, 1, 2, 1, 1, 1, 1, 1, 0, 2, 2, 1, 2, 0, 0, 0, 2, 2, 1, 0, 2, 0, 2, 2, 1, 0, 1, 1, 1, 0, 0, 1, 0, 2, 1, 2, 2, 0, 1, 1, 1, 0, 2, 0, 2, 1, 0, 0, 2, 2, 0, 2, 0, 2, 1, 0, 0, 2, 1, 0, 2, 2, 0, 2, 2, 0, 1, 2, 1, 1, 0, 0, 1, 1, 1, 1, 2, 2, 1, 1, 1, 1, 0, 1, 0, 0, 0, 2, 0, 1, 0, 1, 1, 1, 1, 1, 1]|[0, 3, 0, 2, 4, 1, 4, 4, 2, 4, 3, 2, 1, 0, 2, 1, 1, 1, 2, 1, 1, 3, 0, 1, 0, 1, 1, 4, 1, 4, 3, 2, 2, 0, 4, 1, 1, 4, 0, 1, 2, 2, 4, 4, 1, 1, 0, 2, 3, 1, 2, 1, 2, 1, 1, 2, 0, 3, 0, 2, 2, 3, 1, 0, 1, 0, 0, 1, 2, 4, 1, 3, 4, 2, 2, 4, 3, 3, 3, 1, 0, 4, 3, 4, 3, 2, 3, 2, 2, 2, 1, 2, 4, 2, 1, 4, 3, 4, 4, 4]|[0, 2, 0, 1, 3, 0, 1, 3, 0, 0, 2, 0, 1, 0, 1, 0, 0, 0, 1, 0, 0, 2, 0, 0, 1, 0, 0, 3, 0, 1, 0, 2, 0, 0, 3, 0, 1, 3, 1, 0, 0, 1, 1, 3, 0, 0, 1, 0, 2, 0, 0, 0, 0, 0, 1, 0, 0, 0, 1, 1, 0, 2, 0, 0, 0, 1, 0, 0, 0, 2, 0, 0, 1, 0, 0, 2, 0, 0, 3, 0, 0, 1, 0, 3, 0, 0, 0, 0, 0, 0, 0, 0, 2, 1, 1, 3, 0, 2, 1, 2],869.4752395254441,52665.57610919407,115075.84488036501,false
7,G3_TWC,G3_TWC,[31, 22, 82, 15, 26, 9, 95, 42, 77, 12, 47, 5, 93, 78, 86, 54, 85, 63, 18, 44, 20, 35, 43, 97, 91, 76, 10, 30, 21, 45, 71, 64, 1, 23, 17, 83, 24, 14, 60, 36, 6, 57, 40, 88, 65, 56, 79, 94, 67, 68, 46, 75, 38, 58, 19, 32, 81, 41, 27, 62, 87, 90, 99, 59, 11, 16, 72, 73, 69, 28, 37, 84, 3, 92, 25, 55, 39, 29, 51, 7, 33, 61, 98, 48, 89, 50, 66, 96, 80, 53, 8, 4, 34, 2, 52, 49, 0, 70, 74, 13]|[1, 1, 0, 1, 1, 0, 1, 2, 2, 1, 2, 2, 2, 1, 1, 0, 0, 1, 0, 2, 2, 0, 1, 2, 0, 1, 2, 2, 0, 0, 1, 2, 1, 2, 1, 0, 2, 0, 1, 1, 0, 1, 1, 1, 0, 2, 1, 1, 0, 0, 0, 0, 1, 1, 2, 1, 2, 1, 0, 0, 2, 1, 0, 1, 2, 1, 2, 1, 1, 0, 0, 1, 1, 0, 1, 1, 1, 0, 0, 1, 0, 1, 0, 0, 1, 0, 2, 0, 0, 0, 0, 0, 2, 0, 1, 0, 0, 1, 2, 0]|[4, 3, 2, 2, 4, 1, 2, 2, 2, 4, 1, 1, 2, 4, 4, 1, 2, 4, 2, 1, 1, 1, 1, 2, 1, 2, 1, 1, 1, 1, 3, 2, 3, 0, 4, 0, 1, 1, 0, 3, 2, 2, 2, 0, 1, 1, 0, 4, 0, 1, 2, 2, 1, 0, 0, 3, 2, 4, 1, 2, 2, 3, 1, 1, 1, 3, 0, 4, 3, 2, 1, 1, 1, 0, 4, 4, 1, 1, 1, 1, 2, 3, 1, 1, 1, 1, 1, 1, 1, 2, 1, 2, 1, 2, 1, 1, 2, 4, 1, 2]|[0, 2, 1, 1, 3, 0, 1, 0, 0, 0, 0, 0, 1, 0, 1, 0, 0, 3, 1, 0, 0, 0, 3, 1, 0, 2, 0, 0, 0, 1, 0, 0, 0, 0, 3, 0, 1, 0, 0, 2, 1, 1, 1, 0, 0, 0, 0, 2, 1, 0, 0, 0, 1, 3, 0, 0, 1, 2, 0, 1, 0, 2, 0, 1, 0, 2, 1, 0, 0, 1, 0, 3, 1, 1, 3, 3, 1, 0, 0, 2, 1, 0, 0, 0, 1, 0, 0, 0, 0, 1, 0, 1, 0, 0, 1, 1, 0, 2, 0, 0],847.0427978319374,57913.11646638373,93531.36983571656,false
7,G1_CMAX,G3_TWC,[31, 22, 82, 15, 26, 9, 95, 42, 77, 12, 47, 5, 93, 78, 86, 54, 85, 63, 18, 44, 20, 35, 43, 97, 91, 76, 10, 30, 21, 45, 71, 64, 1, 23, 17, 83, 24, 41, 60, 36, 6, 57, 40, 88, 65, 56, 79, 69, 67, 68, 46, 75, 38, 58, 19, 32, 81, 48, 27, 62, 87, 90, 99, 59, 11, 16, 72, 73, 70, 39, 37, 84, 3, 92, 25, 55, 28, 29, 51, 7, 66, 61, 98, 14, 89, 50, 8, 96, 80, 53, 4, 74, 34, 33, 52, 49, 0, 94, 2, 13]|[1, 1, 0, 1, 1, 0, 1, 2, 2, 1, 2, 2, 2, 1, 1, 0, 0, 1, 0, 2, 2, 0, 1, 2, 0, 1, 2, 2, 0, 0, 1, 2, 1, 2, 1, 0, 2, 0, 1, 1, 0, 1, 1, 1, 0, 2, 1, 2, 0, 0, 0, 0, 1, 1, 2, 1, 2, 1, 0, 0, 2, 1, 0, 1, 2, 1, 2, 1, 1, 1, 1, 1, 1, 0, 1, 1, 0, 0, 0, 1, 2, 1, 0, 1, 1, 0, 1, 0, 0, 0, 1, 2, 2, 2, 1, 0, 0, 1, 0, 0]|[4, 3, 2, 2, 4, 1, 2, 2, 2, 4, 1, 1, 2, 4, 4, 1, 2, 4, 2, 1, 1, 1, 1, 2, 1, 2, 1, 1, 1, 1, 3, 2, 3, 0, 4, 0, 1, 1, 0, 3, 2, 2, 2, 0, 1, 1, 0, 2, 0, 1, 2, 2, 1, 0, 0, 3, 2, 4, 1, 2, 2, 3, 1, 1, 1, 3, 0, 4, 3, 1, 4, 1, 1, 0, 4, 4, 2, 1, 1, 1, 1, 3, 1, 3, 1, 1, 3, 1, 1, 2, 4, 1, 1, 1, 1, 1, 2, 4, 2, 2]|[0, 2, 1, 1, 3, 0, 1, 0, 0, 0, 0, 0, 1, 0, 1, 0, 0, 3, 1, 0, 0, 0, 3, 1, 0, 2, 0, 0, 0, 1, 0, 0, 0, 0, 3, 0, 1, 0, 0, 2, 1, 1, 1, 0, 0, 0, 0, 0, 1, 0, 0, 0, 1, 3, 0, 0, 1, 2, 0, 1, 0, 2, 0, 1, 0, 2, 1, 0, 0, 1, 1, 3, 1, 1, 3, 3, 1, 0, 0, 2, 0, 0, 0, 2, 1, 0, 2, 0, 0, 1, 0, 0, 0, 0, 1, 1, 0, 2, 0, 0],773.732411360037,57163.06629411974,99031.0889480252,true
7,G4_BALANCED,G4_BALANCED,[31, 22, 82, 15, 26, 9, 95, 42, 77, 12, 47, 5, 93, 78, 86, 54, 85, 63, 18, 44, 20, 35, 43, 97, 91, 76, 10, 30, 21, 45, 71, 64, 1, 23, 17, 83, 24, 14, 60, 36, 6, 57, 40, 88, 65, 56, 79, 69, 67, 68, 46, 75, 38, 58, 19, 32, 81, 48, 27, 62, 87, 90, 99, 59, 11, 16, 72, 73, 61, 39, 37, 84, 3, 92, 25, 55, 28, 51, 29, 7, 66, 70, 98, 8, 89, 50, 41, 96, 80, 53, 33, 2, 34, 4, 52, 49, 0, 94, 74, 13]|[1, 1, 0, 1, 1, 0, 1, 2, 2, 1, 2, 2, 2, 1, 1, 0, 0, 1, 0, 2, 2, 0, 1, 2, 0, 1, 2, 2, 0, 0, 1, 2, 1, 0, 1, 0, 2, 0, 1, 1, 0, 1, 1, 1, 0, 2, 1, 2, 0, 0, 0, 0, 1, 1, 2, 1, 2, 1, 0, 0, 2, 1, 0, 1, 2, 1, 2, 1, 1, 1, 1, 1, 1, 0, 1, 1, 0, 0, 0, 1, 2, 1, 2, 1, 1, 0, 0, 0, 0, 0, 0, 0, 2, 1, 2, 0, 0, 1, 2, 0]|[4, 3, 2, 2, 4, 1, 2, 2, 2, 4, 1, 1, 2, 4, 4, 1, 2, 4, 2, 1, 1, 1, 1, 2, 1, 2, 1, 1, 1, 1, 3, 2, 3, 0, 4, 0, 1, 1, 0, 3, 2, 2, 2, 0, 1, 1, 0, 2, 0, 1, 2, 2, 1, 0, 0, 3, 2, 4, 1, 2, 2, 3, 1, 1, 1, 3, 0, 4, 3, 1, 4, 1, 1, 0, 4, 4, 2, 1, 1, 1, 0, 3, 1, 3, 1, 1, 1, 1, 1, 2, 1, 2, 1, 4, 1, 1, 2, 4, 1, 2]|[0, 2, 1, 1, 3, 0, 1, 0, 0, 0, 0, 0, 1, 0, 1, 0, 0, 3, 1, 0, 0, 0, 3, 1, 0, 2, 0, 0, 0, 1, 0, 0, 0, 0, 3, 0, 1, 0, 0, 2, 1, 1, 1, 0, 0, 0, 0, 0, 1, 0, 0, 0, 1, 3, 0, 0, 1, 2, 0, 1, 0, 2, 0, 1, 0, 2, 1, 0, 0, 1, 1, 3, 1, 1, 3, 3, 1, 0, 0, 2, 0, 0, 0, 2, 1, 0, 0, 0, 0, 1, 0, 0, 0, 0, 0, 1, 0, 2, 0, 0],829.8930236232125,56533.470747758045,98760.82666591895,false
7,G2_TEC,G2_TEC,[31, 22, 82, 15, 26, 9, 95, 42, 77, 68, 47, 5, 93, 78, 86, 54, 85, 63, 18, 44, 20, 49, 36, 14, 74, 50, 53, 17, 21, 45, 71, 64, 3, 23, 30, 83, 24, 41, 60, 52, 65, 27, 90, 70, 39, 87, 48, 69, 99, 4, 46, 1, 38, 58, 97, 59, 28, 8, 73, 37, 35, 79, 11, 66, 76, 57, 40, 80, 96, 6, 16, 61, 33, 98, 32, 34, 62, 67, 10, 7, 56, 88, 51, 19, 91, 13, 29, 92, 0, 75, 2, 55, 43, 84, 81, 25, 12, 94, 89, 72]|[2, 1, 2, 1, 1, 2, 1, 1, 1, 1, 1, 0, 2, 2, 1, 2, 0, 0, 0, 2, 2, 1, 0, 2, 0, 2, 2, 1, 0, 1, 1, 1, 0, 0, 1, 0, 2, 1, 2, 2, 0, 1, 1, 1, 0, 2, 0, 2, 1, 0, 0, 2, 2, 0, 2, 0, 2, 1, 0, 0, 2, 1, 0, 2, 2, 0, 2, 2, 0, 1, 2, 1, 1, 0, 0, 1, 1, 1, 1, 2, 2, 1, 1, 1, 1, 0, 1, 0, 0, 0, 2, 0, 1, 0, 1, 1, 1, 1, 1, 1]|[0, 3, 0, 2, 4, 1, 4, 4, 2, 4, 3, 2, 1, 0, 2, 1, 1, 1, 2, 1, 1, 3, 0, 1, 0, 1, 1, 4, 1, 4, 3, 2, 2, 0, 4, 1, 1, 4, 0, 1, 2, 2, 4, 4, 1, 1, 0, 2, 3, 1, 2, 1, 2, 1, 1, 2, 0, 3, 0, 2, 2, 3, 1, 0, 1, 0, 0, 1, 2, 4, 1, 3, 4, 2, 2, 4, 3, 3, 3, 1, 0, 4, 3, 4, 3, 2, 3, 2, 2, 2, 1, 2, 4, 2, 1, 4, 3, 4, 4, 4]|[0, 2, 0, 1, 3, 0, 1, 3, 0, 0, 2, 0, 1, 0, 1, 0, 0, 0, 1, 0, 0, 2, 0, 0, 1, 0, 0, 3, 0, 1, 0, 2, 0, 0, 3, 0, 1, 3, 1, 0, 0, 1, 1, 3, 0, 0, 1, 0, 2, 0, 0, 0, 0, 0, 1, 0, 0, 0, 1, 1, 0, 2, 0, 0, 0, 1, 0, 0, 0, 2, 0, 0, 1, 0, 0, 2, 0, 0, 3, 0, 0, 1, 0, 3, 0, 0, 0, 0, 0, 0, 0, 0, 2, 1, 1, 3, 0, 2, 1, 2],869.4752395254441,52665.57610919407,115075.84488036501,false
7,G3_TWC,G3_TWC,[31, 22, 82, 15, 26, 9, 95, 42, 77, 12, 47, 5, 93, 78, 86, 54, 85, 63, 18, 44, 20, 35, 43, 97, 91, 76, 10, 30, 21, 45, 71, 64, 1, 23, 17, 83, 24, 14, 60, 36, 6, 57, 40, 88, 65, 56, 79, 94, 67, 68, 46, 75, 38, 58, 19, 32, 81, 41, 27, 62, 87, 90, 99, 59, 11, 16, 72, 73, 69, 28, 37, 84, 3, 92, 25, 55, 39, 29, 51, 7, 33, 61, 98, 48, 89, 50, 66, 96, 80, 53, 8, 4, 34, 2, 52, 49, 0, 70, 74, 13]|[1, 1, 0, 1, 1, 0, 1, 2, 2, 1, 2, 2, 2, 1, 1, 0, 0, 1, 0, 2, 2, 0, 1, 2, 0, 1, 2, 2, 0, 0, 1, 2, 1, 2, 1, 0, 2, 0, 1, 1, 0, 1, 1, 1, 0, 2, 1, 1, 0, 0, 0, 0, 1, 1, 2, 1, 2, 1, 0, 0, 2, 1, 0, 1, 2, 1, 2, 1, 1, 0, 0, 1, 1, 0, 1, 1, 1, 0, 0, 1, 0, 1, 0, 0, 1, 0, 2, 0, 0, 0, 0, 0, 2, 0, 1, 0, 0, 1, 2, 0]|[4, 3, 2, 2, 4, 1, 2, 2, 2, 4, 1, 1, 2, 4, 4, 1, 2, 4, 2, 1, 1, 1, 1, 2, 1, 2, 1, 1, 1, 1, 3, 2, 3, 0, 4, 0, 1, 1, 0, 3, 2, 2, 2, 0, 1, 1, 0, 4, 0, 1, 2, 2, 1, 0, 0, 3, 2, 4, 1, 2, 2, 3, 1, 1, 1, 3, 0, 4, 3, 2, 1, 1, 1, 0, 4, 4, 1, 1, 1, 1, 2, 3, 1, 1, 1, 1, 1, 1, 1, 2, 1, 2, 1, 2, 1, 1, 2, 4, 1, 2]|[0, 2, 1, 1, 3, 0, 1, 0, 0, 0, 0, 0, 1, 0, 1, 0, 0, 3, 1, 0, 0, 0, 3, 1, 0, 2, 0, 0, 0, 1, 0, 0, 0, 0, 3, 0, 1, 0, 0, 2, 1, 1, 1, 0, 0, 0, 0, 2, 1, 0, 0, 0, 1, 3, 0, 0, 1, 2, 0, 1, 0, 2, 0, 1, 0, 2, 1, 0, 0, 1, 0, 3, 1, 1, 3, 3, 1, 0, 0, 2, 1, 0, 0, 0, 1, 0, 0, 0, 0, 1, 0, 1, 0, 0, 1, 1, 0, 2, 0, 0],847.0427978319374,57913.11646638373,93531.36983571656,false
7,G1_CMAX,G4_BALANCED,[31, 22, 82, 15, 26, 9, 95, 42, 77, 12, 47, 5, 93, 78, 86, 54, 85, 63, 18, 44, 20, 35, 43, 97, 91, 76, 10, 30, 21, 45, 71, 64, 1, 23, 17, 83, 24, 41, 60, 36, 6, 57, 40, 88, 65, 56, 79, 94, 67, 68, 46, 75, 38, 58, 19, 32, 81, 14, 27, 62, 87, 90, 99, 59, 11, 16, 72, 73, 70, 39, 37, 84, 3, 92, 25, 55, 28, 29, 51, 7, 66, 61, 98, 48, 89, 50, 33, 80, 96, 53, 8, 4, 2, 34, 52, 49, 0, 69, 74, 13]|[1, 1, 0, 1, 1, 0, 1, 2, 2, 1, 2, 2, 2, 1, 1, 0, 0, 1, 0, 2, 2, 1, 1, 2, 0, 1, 2, 2, 0, 0, 1, 2, 1, 2, 1, 0, 2, 0, 1, 1, 0, 1, 1, 1, 0, 2, 1, 1, 0, 0, 0, 0, 1, 1, 0, 1, 2, 1, 0, 0, 2, 1, 0, 1, 2, 1, 2, 1, 1, 1, 1, 1, 1, 0, 1, 1, 0, 0, 0, 1, 2, 1, 2, 0, 1, 0, 1, 0, 0, 0, 1, 1, 0, 2, 1, 0, 0, 2, 2, 0]|[4, 3, 2, 2, 4, 1, 2, 2, 2, 4, 1, 1, 2, 4, 4, 1, 2, 4, 2, 1, 1, 4, 1, 2, 1, 2, 1, 1, 1, 1, 3, 2, 3, 0, 4, 0, 1, 1, 0, 3, 2, 2, 2, 0, 1, 1, 0, 4, 0, 1, 2, 2, 1, 0, 1, 3, 2, 4, 1, 2, 2, 3, 1, 1, 1, 3, 0, 4, 3, 1, 4, 1, 1, 0, 4, 4, 2, 1, 1, 1, 1, 3, 1, 1, 1, 1, 4, 1, 1, 2, 3, 4, 2, 1, 1, 1, 2, 2, 1, 2]|[0, 2, 1, 1, 3, 0, 1, 0, 0, 0, 0, 0, 1, 0, 1, 0, 0, 3, 1, 0, 0, 3, 3, 1, 0, 2, 0, 0, 0, 1, 0, 0, 0, 0, 3, 0, 1, 0, 0, 2, 1, 1, 1, 0, 0, 0, 0, 2, 1, 0, 0, 0, 1, 3, 0, 0, 1, 2, 0, 1, 0, 2, 0, 1, 0, 2, 1, 0, 0, 1, 1, 3, 1, 1, 3, 3, 1, 0, 0, 2, 0, 0, 0, 0, 1, 0, 0, 0, 0, 1, 2, 0, 0, 0, 1, 1, 0, 0, 0, 0],778.4561868957115,57374.37934724721,97502.32032857763,true
7,G4_BALANCED,G4_BALANCED,[31, 22, 82, 15, 26, 9, 95, 42, 77, 12, 47, 5, 93, 78, 86, 54, 85, 63, 18, 44, 20, 35, 43, 97, 91, 76, 10, 30, 21, 45, 71, 64, 1, 23, 17, 83, 24, 14, 60, 36, 6, 57, 40, 88, 65, 56, 79, 69, 67, 68, 46, 75, 38, 58, 19, 32, 81, 48, 27, 62, 87, 90, 99, 59, 11, 16, 72, 73, 61, 39, 37, 84, 3, 92, 25, 55, 28, 51, 29, 7, 66, 70, 98, 8, 89, 50, 41, 96, 80, 53, 33, 2, 34, 4, 52, 49, 0, 94, 74, 13]|[1, 1, 0, 1, 1, 0, 1, 2, 2, 1, 2, 2, 2, 1, 1, 0, 0, 1, 0, 2, 2, 0, 1, 2, 0, 1, 2, 2, 0, 0, 1, 2, 1, 0, 1, 0, 2, 0, 1, 1, 0, 1, 1, 1, 0, 2, 1, 2, 0, 0, 0, 0, 1, 1, 2, 1, 2, 1, 0, 0, 2, 1, 0, 1, 2, 1, 2, 1, 1, 1, 1, 1, 1, 0, 1, 1, 0, 0, 0, 1, 2, 1, 2, 1, 1, 0, 0, 0, 0, 0, 0, 0, 2, 1, 2, 0, 0, 1, 2, 0]|[4, 3, 2, 2, 4, 1, 2, 2, 2, 4, 1, 1, 2, 4, 4, 1, 2, 4, 2, 1, 1, 1, 1, 2, 1, 2, 1, 1, 1, 1, 3, 2, 3, 0, 4, 0, 1, 1, 0, 3, 2, 2, 2, 0, 1, 1, 0, 2, 0, 1, 2, 2, 1, 0, 0, 3, 2, 4, 1, 2, 2, 3, 1, 1, 1, 3, 0, 4, 3, 1, 4, 1, 1, 0, 4, 4, 2, 1, 1, 1, 0, 3, 1, 3, 1, 1, 1, 1, 1, 2, 1, 2, 1, 4, 1, 1, 2, 4, 1, 2]|[0, 2, 1, 1, 3, 0, 1, 0, 0, 0, 0, 0, 1, 0, 1, 0, 0, 3, 1, 0, 0, 0, 3, 1, 0, 2, 0, 0, 0, 1, 0, 0, 0, 0, 3, 0, 1, 0, 0, 2, 1, 1, 1, 0, 0, 0, 0, 0, 1, 0, 0, 0, 1, 3, 0, 0, 1, 2, 0, 1, 0, 2, 0, 1, 0, 2, 1, 0, 0, 1, 1, 3, 1, 1, 3, 3, 1, 0, 0, 2, 0, 0, 0, 2, 1, 0, 0, 0, 0, 1, 0, 0, 0, 0, 0, 1, 0, 2, 0, 0],829.8930236232125,56533.470747758045,98760.82666591895,false
7,G2_TEC,G2_TEC,[31, 22, 82, 15, 26, 9, 95, 42, 77, 68, 47, 5, 93, 78, 86, 54, 85, 63, 18, 44, 20, 49, 36, 14, 74, 50, 53, 17, 21, 45, 71, 64, 3, 23, 30, 83, 24, 41, 60, 52, 65, 27, 90, 70, 39, 87, 48, 69, 99, 4, 46, 1, 38, 58, 97, 59, 28, 8, 73, 37, 35, 79, 11, 66, 76, 57, 40, 80, 96, 6, 16, 61, 33, 98, 32, 34, 62, 67, 10, 7, 56, 88, 51, 19, 91, 13, 29, 92, 0, 75, 2, 55, 43, 84, 81, 25, 12, 94, 89, 72]|[2, 1, 2, 1, 1, 2, 1, 1, 1, 1, 1, 0, 2, 2, 1, 2, 0, 0, 0, 2, 2, 1, 0, 2, 0, 2, 2, 1, 0, 1, 1, 1, 0, 0, 1, 0, 2, 1, 2, 2, 0, 1, 1, 1, 0, 2, 0, 2, 1, 0, 0, 2, 2, 0, 2, 0, 2, 1, 0, 0, 2, 1, 0, 2, 2, 0, 2, 2, 0, 1, 2, 1, 1, 0, 0, 1, 1, 1, 1, 2, 2, 1, 1, 1, 1, 0, 1, 0, 0, 0, 2, 0, 1, 0, 1, 1, 1, 1, 1, 1]|[0, 3, 0, 2, 4, 1, 4, 4, 2, 4, 3, 2, 1, 0, 2, 1, 1, 1, 2, 1, 1, 3, 0, 1, 0, 1, 1, 4, 1, 4, 3, 2, 2, 0, 4, 1, 1, 4, 0, 1, 2, 2, 4, 4, 1, 1, 0, 2, 3, 1, 2, 1, 2, 1, 1, 2, 0, 3, 0, 2, 2, 3, 1, 0, 1, 0, 0, 1, 2, 4, 1, 3, 4, 2, 2, 4, 3, 3, 3, 1, 0, 4, 3, 4, 3, 2, 3, 2, 2, 2, 1, 2, 4, 2, 1, 4, 3, 4, 4, 4]|[0, 2, 0, 1, 3, 0, 1, 3, 0, 0, 2, 0, 1, 0, 1, 0, 0, 0, 1, 0, 0, 2, 0, 0, 1, 0, 0, 3, 0, 1, 0, 2, 0, 0, 3, 0, 1, 3, 1, 0, 0, 1, 1, 3, 0, 0, 1, 0, 2, 0, 0, 0, 0, 0, 1, 0, 0, 0, 1, 1, 0, 2, 0, 0, 0, 1, 0, 0, 0, 2, 0, 0, 1, 0, 0, 2, 0, 0, 3, 0, 0, 1, 0, 3, 0, 0, 0, 0, 0, 0, 0, 0, 2, 1, 1, 3, 0, 2, 1, 2],869.4752395254441,52665.57610919407,115075.84488036501,false
7,G3_TWC,G3_TWC,[31, 22, 82, 15, 26, 9, 95, 42, 77, 12, 47, 5, 93, 78, 86, 54, 85, 63, 18, 44, 20, 35, 43, 97, 91, 76, 10, 30, 21, 45, 71, 64, 1, 23, 17, 83, 24, 14, 60, 36, 6, 57, 40, 88, 65, 56, 79, 94, 67, 68, 46, 75, 38, 58, 19, 32, 81, 41, 27, 62, 87, 90, 99, 59, 11, 16, 72, 73, 69, 28, 37, 84, 3, 92, 25, 55, 39, 29, 51, 7, 33, 61, 98, 48, 89, 50, 66, 96, 80, 53, 8, 4, 34, 2, 52, 49, 0, 70, 74, 13]|[1, 1, 0, 1, 1, 0, 1, 2, 2, 1, 2, 2, 2, 1, 1, 0, 0, 1, 0, 2, 2, 0, 1, 2, 0, 1, 2, 2, 0, 0, 1, 2, 1, 2, 1, 0, 2, 0, 1, 1, 0, 1, 1, 1, 0, 2, 1, 1, 0, 0, 0, 0, 1, 1, 2, 1, 2, 1, 0, 0, 2, 1, 0, 1, 2, 1, 2, 1, 1, 0, 0, 1, 1, 0, 1, 1, 1, 0, 0, 1, 0, 1, 0, 0, 1, 0, 2, 0, 0, 0, 0, 0, 2, 0, 1, 0, 0, 1, 2, 0]|[4, 3, 2, 2, 4, 1, 2, 2, 2, 4, 1, 1, 2, 4, 4, 1, 2, 4, 2, 1, 1, 1, 1, 2, 1, 2, 1, 1, 1, 1, 3, 2, 3, 0, 4, 0, 1, 1, 0, 3, 2, 2, 2, 0, 1, 1, 0, 4, 0, 1, 2, 2, 1, 0, 0, 3, 2, 4, 1, 2, 2, 3, 1, 1, 1, 3, 0, 4, 3, 2, 1, 1, 1, 0, 4, 4, 1, 1, 1, 1, 2, 3, 1, 1, 1, 1, 1, 1, 1, 2, 1, 2, 1, 2, 1, 1, 2, 4, 1, 2]|[0, 2, 1, 1, 3, 0, 1, 0, 0, 0, 0, 0, 1, 0, 1, 0, 0, 3, 1, 0, 0, 0, 3, 1, 0, 2, 0, 0, 0, 1, 0, 0, 0, 0, 3, 0, 1, 0, 0, 2, 1, 1, 1, 0, 0, 0, 0, 2, 1, 0, 0, 0, 1, 3, 0, 0, 1, 2, 0, 1, 0, 2, 0, 1, 0, 2, 1, 0, 0, 1, 0, 3, 1, 1, 3, 3, 1, 0, 0, 2, 1, 0, 0, 0, 1, 0, 0, 0, 0, 1, 0, 1, 0, 0, 1, 1, 0, 2, 0, 0],847.0427978319374,57913.11646638373,93531.36983571656,false
7,G1_CMAX,G4_BALANCED,[31, 22, 82, 15, 26, 9, 95, 42, 77, 12, 47, 5, 93, 78, 86, 54, 85, 63, 18, 44, 20, 35, 43, 97, 91, 76, 10, 30, 21, 45, 71, 64, 1, 23, 17, 83, 24, 41, 60, 36, 6, 57, 40, 88, 65, 56, 79, 94, 67, 68, 46, 75, 38, 58, 19, 32, 81, 14, 27, 62, 87, 90, 99, 59, 11, 16, 72, 73, 70, 39, 37, 84, 3, 92, 25, 55, 28, 29, 51, 7, 66, 61, 98, 48, 89, 50, 33, 80, 96, 53, 8, 4, 2, 34, 52, 49, 0, 69, 74, 13]|[1, 1, 0, 1, 1, 0, 1, 2, 2, 1, 2, 2, 2, 1, 1, 0, 0, 1, 0, 2, 2, 1, 1, 2, 0, 1, 2, 2, 0, 0, 1, 2, 1, 2, 1, 0, 2, 0, 1, 1, 0, 1, 1, 1, 0, 2, 1, 1, 0, 0, 0, 0, 1, 1, 0, 1, 2, 1, 0, 0, 2, 1, 0, 1, 2, 1, 2, 1, 1, 1, 1, 1, 1, 0, 1, 1, 0, 0, 0, 1, 2, 1, 2, 0, 1, 0, 1, 0, 0, 0, 1, 1, 0, 2, 1, 0, 0, 2, 2, 0]|[4, 3, 2, 2, 4, 1, 2, 2, 2, 4, 1, 1, 2, 4, 4, 1, 2, 4, 2, 1, 1, 4, 1, 2, 1, 2, 1, 1, 1, 1, 3, 2, 3, 0, 4, 0, 1, 1, 0, 3, 2, 2, 2, 0, 1, 1, 0, 4, 0, 1, 2, 2, 1, 0, 1, 3, 2, 4, 1, 2, 2, 3, 1, 1, 1, 3, 0, 4, 3, 1, 4, 1, 1, 0, 4, 4, 2, 1, 1, 1, 1, 3, 1, 1, 1, 1, 4, 1, 1, 2, 3, 4, 2, 1, 1, 1, 2, 2, 1, 2]|[0, 2, 1, 1, 3, 0, 1, 0, 0, 0, 0, 0, 1, 0, 1, 0, 0, 3, 1, 0, 0, 3, 3, 1, 0, 2, 0, 0, 0, 1, 0, 0, 0, 0, 3, 0, 1, 0, 0, 2, 1, 1, 1, 0, 0, 0, 0, 2, 1, 0, 0, 0, 1, 3, 0, 0, 1, 2, 0, 1, 0, 2, 0, 1, 0, 2, 1, 0, 0, 1, 1, 3, 1, 1, 3, 3, 1, 0, 0, 2, 0, 0, 0, 0, 1, 0, 0, 0, 0, 1, 2, 0, 0, 0, 1, 1, 0, 0, 0, 0],778.4561868957115,57374.37934724721,97502.32032857763,true
7,G4_BALANCED,G4_BALANCED,[31, 22, 82, 15, 26, 9, 95, 42, 77, 12, 47, 5, 93, 78, 86, 54, 85, 63, 18, 44, 20, 35, 43, 97, 91, 76, 10, 30, 21, 45, 71, 64, 1, 23, 17, 83, 24, 14, 60, 36, 6, 57, 40, 88, 65, 56, 79, 69, 67, 68, 46, 75, 38, 58, 19, 32, 81, 48, 27, 62, 87, 90, 99, 59, 11, 16, 72, 73, 61, 39, 37, 84, 3, 92, 25, 55, 28, 51, 29, 7, 66, 70, 98, 8, 89, 50, 41, 96, 80, 53, 33, 2, 34, 4, 52, 49, 0, 94, 74, 13]|[1, 1, 0, 1, 1, 0, 1, 2, 2, 1, 2, 2, 2, 1, 1, 0, 0, 1, 0, 2, 2, 0, 1, 2, 0, 1, 2, 2, 0, 0, 1, 2, 1, 0, 1, 0, 2, 0, 1, 1, 0, 1, 1, 1, 0, 2, 1, 2, 0, 0, 0, 0, 1, 1, 2, 1, 2, 1, 0, 0, 2, 1, 0, 1, 2, 1, 2, 1, 1, 1, 1, 1, 1, 0, 1, 1, 0, 0, 0, 1, 2, 1, 2, 1, 1, 0, 0, 0, 0, 0, 0, 0, 2, 1, 2, 0, 0, 1, 2, 0]|[4, 3, 2, 2, 4, 1, 2, 2, 2, 4, 1, 1, 2, 4, 4, 1, 2, 4, 2, 1, 1, 1, 1, 2, 1, 2, 1, 1, 1, 1, 3, 2, 3, 0, 4, 0, 1, 1, 0, 3, 2, 2, 2, 0, 1, 1, 0, 2, 0, 1, 2, 2, 1, 0, 0, 3, 2, 4, 1, 2, 2, 3, 1, 1, 1, 3, 0, 4, 3, 1, 4, 1, 1, 0, 4, 4, 2, 1, 1, 1, 0, 3, 1, 3, 1, 1, 1, 1, 1, 2, 1, 2, 1, 4, 1, 1, 2, 4, 1, 2]|[0, 2, 1, 1, 3, 0, 1, 0, 0, 0, 0, 0, 1, 0, 1, 0, 0, 3, 1, 0, 0, 0, 3, 1, 0, 2, 0, 0, 0, 1, 0, 0, 0, 0, 3, 0, 1, 0, 0, 2, 1, 1, 1, 0, 0, 0, 0, 0, 1, 0, 0, 0, 1, 3, 0, 0, 1, 2, 0, 1, 0, 2, 0, 1, 0, 2, 1, 0, 0, 1, 1, 3, 1, 1, 3, 3, 1, 0, 0, 2, 0, 0, 0, 2, 1, 0, 0, 0, 0, 1, 0, 0, 0, 0, 0, 1, 0, 2, 0, 0],829.8930236232125,56533.470747758045,98760.82666591895,false
7,G2_TEC,G2_TEC,[31, 22, 82, 15, 26, 9, 95, 42, 77, 68, 47, 5, 93, 78, 86, 54, 85, 63, 18, 44, 20, 49, 36, 14, 74, 50, 53, 17, 21, 45, 71, 64, 3, 23, 30, 83, 24, 41, 60, 52, 65, 27, 90, 70, 39, 87, 48, 69, 99, 4, 46, 1, 38, 58, 97, 59, 28, 8, 73, 37, 35, 79, 11, 66, 76, 57, 40, 80, 96, 6, 16, 61, 33, 98, 32, 34, 62, 67, 10, 7, 56, 88, 51, 19, 91, 13, 29, 92, 0, 75, 2, 55, 43, 84, 81, 25, 12, 94, 89, 72]|[2, 1, 2, 1, 1, 2, 1, 1, 1, 1, 1, 0, 2, 2, 1, 2, 0, 0, 0, 2, 2, 1, 0, 2, 0, 2, 2, 1, 0, 1, 1, 1, 0, 0, 1, 0, 2, 1, 2, 2, 0, 1, 1, 1, 0, 2, 0, 2, 1, 0, 0, 2, 2, 0, 2, 0, 2, 1, 0, 0, 2, 1, 0, 2, 2, 0, 2, 2, 0, 1, 2, 1, 1, 0, 0, 1, 1, 1, 1, 2, 2, 1, 1, 1, 1, 0, 1, 0, 0, 0, 2, 0, 1, 0, 1, 1, 1, 1, 1, 1]|[0, 3, 0, 2, 4, 1, 4, 4, 2, 4, 3, 2, 1, 0, 2, 1, 1, 1, 2, 1, 1, 3, 0, 1, 0, 1, 1, 4, 1, 4, 3, 2, 2, 0, 4, 1, 1, 4, 0, 1, 2, 2, 4, 4, 1, 1, 0, 2, 3, 1, 2, 1, 2, 1, 1, 2, 0, 3, 0, 2, 2, 3, 1, 0, 1, 0, 0, 1, 2, 4, 1, 3, 4, 2, 2, 4, 3, 3, 3, 1, 0, 4, 3, 4, 3, 2, 3, 2, 2, 2, 1, 2, 4, 2, 1, 4, 3, 4, 4, 4]|[0, 2, 0, 1, 3, 0, 1, 3, 0, 0, 2, 0, 1, 0, 1, 0, 0, 0, 1, 0, 0, 2, 0, 0, 1, 0, 0, 3, 0, 1, 0, 2, 0, 0, 3, 0, 1, 3, 1, 0, 0, 1, 1, 3, 0, 0, 1, 0, 2, 0, 0, 0, 0, 0, 1, 0, 0, 0, 1, 1, 0, 2, 0, 0, 0, 1, 0, 0, 0, 2, 0, 0, 1, 0, 0, 2, 0, 0, 3, 0, 0, 1, 0, 3, 0, 0, 0, 0, 0, 0, 0, 0, 2, 1, 1, 3, 0, 2, 1, 2],869.4752395254441,52665.57610919407,115075.84488036501,false
7,G3_TWC,G3_TWC,[31, 22, 82, 15, 26, 9, 95, 42, 77, 12, 47, 5, 93, 78, 86, 54, 85, 63, 18, 44, 20, 35, 43, 97, 91, 76, 10, 30, 21, 45, 71, 64, 1, 23, 17, 83, 24, 14, 60, 36, 6, 57, 40, 88, 65, 56, 79, 94, 67, 68, 46, 75, 38, 58, 19, 32, 81, 41, 27, 62, 87, 90, 99, 59, 11, 16, 72, 73, 69, 28, 37, 84, 3, 92, 25, 55, 39, 29, 51, 7, 33, 61, 98, 48, 89, 50, 66, 96, 80, 53, 8, 4, 34, 2, 52, 49, 0, 70, 74, 13]|[1, 1, 0, 1, 1, 0, 1, 2, 2, 1, 2, 2, 2, 1, 1, 0, 0, 1, 0, 2, 2, 0, 1, 2, 0, 1, 2, 2, 0, 0, 1, 2, 1, 2, 1, 0, 2, 0, 1, 1, 0, 1, 1, 1, 0, 2, 1, 1, 0, 0, 0, 0, 1, 1, 2, 1, 2, 1, 0, 0, 2, 1, 0, 1, 2, 1, 2, 1, 1, 0, 0, 1, 1, 0, 1, 1, 1, 0, 0, 1, 0, 1, 0, 0, 1, 0, 2, 0, 0, 0, 0, 0, 2, 0, 1, 0, 0, 1, 2, 0]|[4, 3, 2, 2, 4, 1, 2, 2, 2, 4, 1, 1, 2, 4, 4, 1, 2, 4, 2, 1, 1, 1, 1, 2, 1, 2, 1, 1, 1, 1, 3, 2, 3, 0, 4, 0, 1, 1, 0, 3, 2, 2, 2, 0, 1, 1, 0, 4, 0, 1, 2, 2, 1, 0, 0, 3, 2, 4, 1, 2, 2, 3, 1, 1, 1, 3, 0, 4, 3, 2, 1, 1, 1, 0, 4, 4, 1, 1, 1, 1, 2, 3, 1, 1, 1, 1, 1, 1, 1, 2, 1, 2, 1, 2, 1, 1, 2, 4, 1, 2]|[0, 2, 1, 1, 3, 0, 1, 0, 0, 0, 0, 0, 1, 0, 1, 0, 0, 3, 1, 0, 0, 0, 3, 1, 0, 2, 0, 0, 0, 1, 0, 0, 0, 0, 3, 0, 1, 0, 0, 2, 1, 1, 1, 0, 0, 0, 0, 2, 1, 0, 0, 0, 1, 3, 0, 0, 1, 2, 0, 1, 0, 2, 0, 1, 0, 2, 1, 0, 0, 1, 0, 3, 1, 1, 3, 3, 1, 0, 0, 2, 1, 0, 0, 0, 1, 0, 0, 0, 0, 1, 0, 1, 0, 0, 1, 1, 0, 2, 0, 0],847.0427978319374,57913.11646638373,93531.36983571656,false
7,G1_CMAX,G4_BALANCED,[31, 22, 82, 15, 26, 9, 95, 42, 77, 12, 47, 5, 93, 78, 86, 54, 85, 63, 18, 44, 20, 35, 43, 97, 91, 76, 10, 30, 21, 45, 71, 64, 1, 23, 17, 83, 24, 41, 60, 36, 6, 57, 40, 88, 65, 56, 79, 94, 67, 68, 46, 75, 38, 58, 19, 32, 81, 14, 27, 62, 87, 90, 99, 59, 11, 16, 72, 73, 70, 39, 37, 84, 3, 92, 25, 55, 28, 29, 51, 7, 66, 61, 98, 48, 89, 50, 33, 80, 96, 53, 8, 4, 2, 34, 52, 49, 0, 69, 74, 13]|[1, 1, 0, 1, 1, 0, 1, 2, 2, 1, 2, 2, 2, 1, 1, 0, 0, 1, 0, 2, 2, 1, 1, 2, 0, 1, 2, 2, 0, 0, 1, 2, 1, 2, 1, 0, 2, 0, 1, 1, 0, 1, 1, 1, 0, 2, 1, 1, 0, 0, 0, 0, 1, 1, 0, 1, 2, 1, 0, 0, 2, 1, 0, 1, 2, 1, 2, 1, 1, 1, 1, 1, 1, 0, 1, 1, 0, 0, 0, 1, 2, 1, 2, 0, 1, 0, 1, 0, 0, 0, 1, 1, 0, 2, 1, 0, 0, 2, 2, 0]|[4, 3, 2, 2, 4, 1, 2, 2, 2, 4, 1, 1, 2, 4, 4, 1, 2, 4, 2, 1, 1, 4, 1, 2, 1, 2, 1, 1, 1, 1, 3, 2, 3, 0, 4, 0, 1, 1, 0, 3, 2, 2, 2, 0, 1, 1, 0, 4, 0, 1, 2, 2, 1, 0, 1, 3, 2, 4, 1, 2, 2, 3, 1, 1, 1, 3, 0, 4, 3, 1, 4, 1, 1, 0, 4, 4, 2, 1, 1, 1, 1, 3, 1, 1, 1, 1, 4, 1, 1, 2, 3, 4, 2, 1, 1, 1, 2, 2, 1, 2]|[0, 2, 1, 1, 3, 0, 1, 0, 0, 0, 0, 0, 1, 0, 1, 0, 0, 3, 1, 0, 0, 3, 3, 1, 0, 2, 0, 0, 0, 1, 0, 0, 0, 0, 3, 0, 1, 0, 0, 2, 1, 1, 1, 0, 0, 0, 0, 2, 1, 0, 0, 0, 1, 3, 0, 0, 1, 2, 0, 1, 0, 2, 0, 1, 0, 2, 1, 0, 0, 1, 1, 3, 1, 1, 3, 3, 1, 0, 0, 2, 0, 0, 0, 0, 1, 0, 0, 0, 0, 1, 2, 0, 0, 0, 1, 1, 0, 0, 0, 0],778.4561868957115,57374.37934724721,97502.32032857763,true
7,G4_BALANCED,G4_BALANCED,[31, 22, 82, 15, 26, 9, 95, 42, 77, 12, 47, 5, 93, 78, 86, 54, 85, 63, 18, 44, 20, 35, 43, 97, 91, 76, 10, 30, 21, 45, 71, 64, 1, 23, 17, 83, 24, 14, 60, 36, 6, 57, 40, 88, 65, 56, 79, 69, 67, 68, 46, 75, 38, 58, 19, 32, 81, 48, 27, 62, 87, 90, 99, 59, 11, 16, 72, 73, 61, 39, 37, 84, 3, 92, 25, 55, 28, 51, 29, 7, 66, 70, 98, 8, 89, 50, 41, 96, 80, 53, 33, 2, 34, 4, 52, 49, 0, 94, 74, 13]|[1, 1, 0, 1, 1, 0, 1, 2, 2, 1, 2, 2, 2, 1, 1, 0, 0, 1, 0, 2, 2, 0, 1, 2, 0, 1, 2, 2, 0, 0, 1, 2, 1, 0, 1, 0, 2, 0, 1, 1, 0, 1, 1, 1, 0, 2, 1, 2, 0, 0, 0, 0, 1, 1, 2, 1, 2, 1, 0, 0, 2, 1, 0, 1, 2, 1, 2, 1, 1, 1, 1, 1, 1, 0, 1, 1, 0, 0, 0, 1, 2, 1, 2, 1, 1, 0, 0, 0, 0, 0, 0, 0, 2, 1, 2, 0, 0, 1, 2, 0]|[4, 3, 2, 2, 4, 1, 2, 2, 2, 4, 1, 1, 2, 4, 4, 1, 2, 4, 2, 1, 1, 1, 1, 2, 1, 2, 1, 1, 1, 1, 3, 2, 3, 0, 4, 0, 1, 1, 0, 3, 2, 2, 2, 0, 1, 1, 0, 2, 0, 1, 2, 2, 1, 0, 0, 3, 2, 4, 1, 2, 2, 3, 1, 1, 1, 3, 0, 4, 3, 1, 4, 1, 1, 0, 4, 4, 2, 1, 1, 1, 0, 3, 1, 3, 1, 1, 1, 1, 1, 2, 1, 2, 1, 4, 1, 1, 2, 4, 1, 2]|[0, 2, 1, 1, 3, 0, 1, 0, 0, 0, 0, 0, 1, 0, 1, 0, 0, 3, 1, 0, 0, 0, 3, 1, 0, 2, 0, 0, 0, 1, 0, 0, 0, 0, 3, 0, 1, 0, 0, 2, 1, 1, 1, 0, 0, 0, 0, 0, 1, 0, 0, 0, 1, 3, 0, 0, 1, 2, 0, 1, 0, 2, 0, 1, 0, 2, 1, 0, 0, 1, 1, 3, 1, 1, 3, 3, 1, 0, 0, 2, 0, 0, 0, 2, 1, 0, 0, 0, 0, 1, 0, 0, 0, 0, 0, 1, 0, 2, 0, 0],829.8930236232125,56533.470747758045,98760.82666591895,false
7,G2_TEC,G2_TEC,[31, 22, 82, 15, 26, 9, 95, 42, 77, 68, 47, 60, 93, 78, 86, 54, 85, 63, 18, 44, 20, 49, 36, 14, 74, 50, 53, 17, 21, 45, 71, 64, 3, 23, 30, 83, 24, 41, 5, 52, 65, 27, 90, 70, 39, 87, 48, 69, 99, 4, 46, 1, 38, 58, 97, 59, 28, 8, 73, 37, 35, 79, 11, 66, 76, 57, 40, 80, 96, 6, 16, 61, 33, 98, 32, 34, 12, 67, 10, 7, 56, 88, 29, 19, 91, 13, 84, 92, 0, 75, 2, 55, 43, 51, 81, 25, 62, 94, 89, 72]|[2, 1, 2, 1, 1, 2, 1, 1, 1, 0, 1, 0, 2, 2, 1, 2, 0, 0, 0, 2, 2, 1, 0, 2, 0, 2, 2, 1, 0, 1, 1, 1, 0, 0, 1, 0, 2, 1, 2, 2, 0, 1, 1, 1, 0, 2, 0, 2, 1, 0, 0, 2, 2, 0, 2, 0, 2, 1, 0, 0, 2, 1, 0, 2, 2, 0, 2, 2, 0, 1, 2, 1, 1, 0, 0, 1, 1, 1, 1, 2, 2, 1, 1, 1, 1, 0, 0, 0, 0, 0, 2, 0, 1, 1, 1, 1, 1, 1, 1, 1]|[0, 3, 0, 2, 4, 1, 4, 4, 2, 1, 3, 2, 1, 0, 2, 1, 1, 1, 2, 1, 1, 3, 0, 1, 0, 1, 1, 4, 1, 4, 3, 2, 2, 0, 4, 1, 1, 4, 0, 1, 2, 2, 4, 4, 1, 1, 0, 2, 3, 1, 2, 1, 2, 1, 1, 2, 0, 3, 0, 2, 2, 3, 1, 0, 1, 0, 0, 1, 2, 4, 1, 3, 4, 1, 2, 4, 3, 3, 3, 1, 0, 4, 3, 4, 3, 2, 2, 2, 2, 2, 1, 2, 4, 3, 1, 4, 3, 4, 4, 4]|[0, 2, 0, 1, 3, 0, 1, 3, 0, 0, 2, 0, 1, 0, 1, 0, 0, 0, 1, 0, 0, 2, 0, 0, 1, 0, 0, 3, 0, 1, 0, 2, 0, 0, 3, 0, 1, 3, 1, 0, 0, 1, 1, 3, 0, 0, 1, 0, 2, 0, 0, 0, 0, 0, 1, 0, 0, 0, 1, 1, 0, 2, 0, 0, 0, 1, 0, 0, 0, 2, 0, 0, 1, 0, 0, 2, 0, 0, 3, 0, 0, 1, 0, 3, 0, 0, 1, 0, 0, 0, 0, 0, 2, 0, 1, 3, 0, 2, 1, 2],869.1506745014369,52935.52643275798,115213.34572104178,false
7,G3_TWC,G3_TWC,[31, 22, 82, 15, 26, 9, 95, 42, 77, 12, 47, 5, 93, 78, 86, 54, 85, 63, 18, 44, 20, 35, 43, 97, 91, 76, 10, 30, 21, 45, 71, 64, 1, 23, 17, 83, 24, 14, 60, 36, 6, 57, 40, 88, 65, 56, 79, 94, 67, 68, 46, 75, 38, 58, 19, 32, 81, 41, 27, 62, 87, 90, 99, 59, 11, 16, 72, 73, 69, 28, 37, 84, 3, 92, 25, 55, 39, 29, 51, 7, 33, 61, 98, 48, 89, 50, 66, 96, 80, 53, 8, 4, 34, 2, 52, 49, 0, 70, 74, 13]|[1, 1, 0, 1, 1, 0, 1, 2, 2, 1, 2, 2, 2, 1, 1, 0, 0, 1, 0, 2, 2, 0, 1, 2, 0, 1, 2, 2, 0, 0, 1, 2, 1, 2, 1, 0, 2, 0, 1, 1, 0, 1, 1, 1, 0, 2, 1, 1, 0, 0, 0, 0, 1, 1, 2, 1, 2, 1, 0, 0, 2, 1, 0, 1, 2, 1, 2, 1, 1, 0, 0, 1, 1, 0, 1, 1, 1, 0, 0, 1, 0, 1, 0, 0, 1, 0, 2, 0, 0, 0, 0, 0, 2, 0, 1, 0, 0, 1, 2, 0]|[4, 3, 2, 2, 4, 1, 2, 2, 2, 4, 1, 1, 2, 4, 4, 1, 2, 4, 2, 1, 1, 1, 1, 2, 1, 2, 1, 1, 1, 1, 3, 2, 3, 0, 4, 0, 1, 1, 0, 3, 2, 2, 2, 0, 1, 1, 0, 4, 0, 1, 2, 2, 1, 0, 0, 3, 2, 4, 1, 2, 2, 3, 1, 1, 1, 3, 0, 4, 3, 2, 1, 1, 1, 0, 4, 4, 1, 1, 1, 1, 2, 3, 1, 1, 1, 1, 1, 1, 1, 2, 1, 2, 1, 2, 1, 1, 2, 4, 1, 2]|[0, 2, 1, 1, 3, 0, 1, 0, 0, 0, 0, 0, 1, 0, 1, 0, 0, 3, 1, 0, 0, 0, 3, 1, 0, 2, 0, 0, 0, 1, 0, 0, 0, 0, 3, 0, 1, 0, 0, 2, 1, 1, 1, 0, 0, 0, 0, 2, 1, 0, 0, 0, 1, 3, 0, 0, 1, 2, 0, 1, 0, 2, 0, 1, 0, 2, 1, 0, 0, 1, 0, 3, 1, 1, 3, 3, 1, 0, 0, 2, 1, 0, 0, 0, 1, 0, 0, 0, 0, 1, 0, 1, 0, 0, 1, 1, 0, 2, 0, 0],847.0427978319374,57913.11646638373,93531.36983571656,false
7,G1_CMAX,G4_BALANCED,[31, 22, 82, 15, 26, 9, 95, 42, 77, 12, 47, 5, 93, 78, 86, 54, 85, 63, 18, 44, 20, 35, 43, 97, 91, 76, 10, 30, 21, 45, 71, 64, 1, 23, 17, 83, 24, 41, 60, 36, 6, 57, 40, 88, 65, 56, 79, 94, 67, 68, 46, 75, 38, 58, 19, 32, 81, 14, 27, 62, 87, 90, 99, 59, 11, 16, 72, 73, 70, 39, 37, 84, 3, 92, 25, 55, 28, 29, 51, 7, 66, 61, 98, 48, 89, 50, 33, 80, 96, 53, 8, 4, 2, 34, 52, 49, 0, 69, 74, 13]|[1, 1, 0, 1, 1, 0, 1, 2, 2, 1, 2, 2, 2, 1, 1, 0, 0, 1, 0, 2, 2, 1, 1, 2, 0, 1, 2, 2, 0, 0, 1, 2, 1, 2, 1, 0, 2, 0, 1, 1, 0, 1, 1, 1, 0, 2, 1, 1, 0, 0, 0, 0, 1, 1, 0, 1, 2, 1, 0, 0, 2, 1, 0, 1, 2, 1, 2, 1, 1, 1, 1, 1, 1, 0, 1, 1, 0, 0, 0, 1, 2, 1, 2, 0, 1, 0, 1, 0, 0, 0, 1, 1, 0, 2, 1, 0, 0, 2, 2, 0]|[4, 3, 2, 2, 4, 1, 2, 2, 2, 4, 1, 1, 2, 4, 4, 1, 2, 4, 2, 1, 1, 4, 1, 2, 1, 2, 1, 1, 1, 1, 3, 2, 3, 0, 4, 0, 1, 1, 0, 3, 2, 2, 2, 0, 1, 1, 0, 4, 0, 1, 2, 2, 1, 0, 1, 3, 2, 4, 1, 2, 2, 3, 1, 1, 1, 3, 0, 4, 3, 1, 4, 1, 1, 0, 4, 4, 2, 1, 1, 1, 1, 3, 1, 1, 1, 1, 4, 1, 1, 2, 3, 4, 2, 1, 1, 1, 2, 2, 1, 2]|[0, 2, 1, 1, 3, 0, 1, 0, 0, 0, 0, 0, 1, 0, 1, 0, 0, 3, 1, 0, 0, 3, 3, 1, 0, 2, 0, 0, 0, 1, 0, 0, 0, 0, 3, 0, 1, 0, 0, 2, 1, 1, 1, 0, 0, 0, 0, 2, 1, 0, 0, 0, 1, 3, 0, 0, 1, 2, 0, 1, 0, 2, 0, 1, 0, 2, 1, 0, 0, 1, 1, 3, 1, 1, 3, 3, 1, 0, 0, 2, 0, 0, 0, 0, 1, 0, 0, 0, 0, 1, 2, 0, 0, 0, 1, 1, 0, 0, 0, 0],778.4561868957115,57374.37934724721,97502.32032857763,true
7,G4_BALANCED,G4_BALANCED,[31, 22, 82, 15, 26, 9, 95, 42, 77, 12, 47, 5, 93, 78, 86, 54, 85, 63, 18, 44, 20, 35, 43, 97, 91, 76, 10, 30, 21, 45, 71, 64, 1, 23, 17, 83, 24, 14, 60, 36, 6, 57, 40, 88, 65, 56, 79, 69, 67, 68, 46, 75, 38, 58, 19, 32, 81, 48, 27, 62, 87, 90, 99, 59, 11, 16, 72, 73, 61, 39, 37, 84, 3, 92, 25, 55, 28, 51, 29, 7, 66, 70, 98, 8, 89, 50, 41, 96, 80, 53, 33, 2, 34, 4, 52, 49, 0, 94, 74, 13]|[1, 1, 0, 1, 1, 0, 1, 2, 2, 1, 2, 2, 2, 1, 1, 0, 0, 1, 0, 2, 2, 0, 1, 2, 0, 1, 2, 2, 0, 0, 1, 2, 1, 0, 1, 0, 2, 0, 1, 1, 0, 1, 1, 1, 0, 2, 1, 2, 0, 0, 0, 0, 1, 1, 2, 1, 2, 1, 0, 0, 2, 1, 0, 1, 2, 1, 2, 1, 1, 1, 1, 1, 1, 0, 1, 1, 0, 0, 0, 1, 2, 1, 2, 1, 1, 0, 0, 0, 0, 0, 0, 0, 2, 1, 2, 0, 0, 1, 2, 0]|[4, 3, 2, 2, 4, 1, 2, 2, 2, 4, 1, 1, 2, 4, 4, 1, 2, 4, 2, 1, 1, 1, 1, 2, 1, 2, 1, 1, 1, 1, 3, 2, 3, 0, 4, 0, 1, 1, 0, 3, 2, 2, 2, 0, 1, 1, 0, 2, 0, 1, 2, 2, 1, 0, 0, 3, 2, 4, 1, 2, 2, 3, 1, 1, 1, 3, 0, 4, 3, 1, 4, 1, 1, 0, 4, 4, 2, 1, 1, 1, 0, 3, 1, 3, 1, 1, 1, 1, 1, 2, 1, 2, 1, 4, 1, 1, 2, 4, 1, 2]|[0, 2, 1, 1, 3, 0, 1, 0, 0, 0, 0, 0, 1, 0, 1, 0, 0, 3, 1, 0, 0, 0, 3, 1, 0, 2, 0, 0, 0, 1, 0, 0, 0, 0, 3, 0, 1, 0, 0, 2, 1, 1, 1, 0, 0, 0, 0, 0, 1, 0, 0, 0, 1, 3, 0, 0, 1, 2, 0, 1, 0, 2, 0, 1, 0, 2, 1, 0, 0, 1, 1, 3, 1, 1, 3, 3, 1, 0, 0, 2, 0, 0, 0, 2, 1, 0, 0, 0, 0, 1, 0, 0, 0, 0, 0, 1, 0, 2, 0, 0],829.8930236232125,56533.470747758045,98760.82666591895,false
7,G2_TEC,G2_TEC,[31, 22, 82, 15, 26, 9, 95, 42, 77, 68, 47, 60, 93, 78, 86, 54, 85, 63, 18, 44, 20, 49, 36, 14, 74, 50, 53, 17, 21, 45, 71, 64, 3, 23, 30, 83, 24, 41, 5, 52, 65, 27, 90, 70, 39, 87, 48, 69, 99, 4, 46, 1, 38, 58, 97, 59, 28, 8, 73, 37, 35, 79, 11, 66, 76, 57, 40, 80, 96, 6, 16, 61, 33, 98, 32, 34, 12, 67, 10, 7, 56, 88, 29, 19, 91, 13, 84, 92, 0, 75, 2, 55, 43, 51, 81, 25, 62, 94, 89, 72]|[2, 1, 2, 1, 1, 2, 1, 1, 1, 0, 1, 0, 2, 2, 1, 2, 0, 0, 0, 2, 2, 1, 0, 2, 0, 2, 2, 1, 0, 1, 1, 1, 0, 0, 1, 0, 2, 1, 2, 2, 0, 1, 1, 1, 0, 2, 0, 2, 1, 0, 0, 2, 2, 0, 2, 0, 2, 1, 0, 0, 2, 1, 0, 2, 2, 0, 2, 2, 0, 1, 2, 1, 1, 0, 0, 1, 1, 1, 1, 2, 2, 1, 1, 1, 1, 0, 0, 0, 0, 0, 2, 0, 1, 1, 1, 1, 1, 1, 1, 1]|[0, 3, 0, 2, 4, 1, 4, 4, 2, 1, 3, 2, 1, 0, 2, 1, 1, 1, 2, 1, 1, 3, 0, 1, 0, 1, 1, 4, 1, 4, 3, 2, 2, 0, 4, 1, 1, 4, 0, 1, 2, 2, 4, 4, 1, 1, 0, 2, 3, 1, 2, 1, 2, 1, 1, 2, 0, 3, 0, 2, 2, 3, 1, 0, 1, 0, 0, 1, 2, 4, 1, 3, 4, 1, 2, 4, 3, 3, 3, 1, 0, 4, 3, 4, 3, 2, 2, 2, 2, 2, 1, 2, 4, 3, 1, 4, 3, 4, 4, 4]|[0, 2, 0, 1, 3, 0, 1, 3, 0, 0, 2, 0, 1, 0, 1, 0, 0, 0, 1, 0, 0, 2, 0, 0, 1, 0, 0, 3, 0, 1, 0, 2, 0, 0, 3, 0, 1, 3, 1, 0, 0, 1, 1, 3, 0, 0, 1, 0, 2, 0, 0, 0, 0, 0, 1, 0, 0, 0, 1, 1, 0, 2, 0, 0, 0, 1, 0, 0, 0, 2, 0, 0, 1, 0, 0, 2, 0, 0, 3, 0, 0, 1, 0, 3, 0, 0, 1, 0, 0, 0, 0, 0, 2, 0, 1, 3, 0, 2, 1, 2],869.1506745014369,52935.52643275798,115213.34572104178,false
7,G3_TWC,G3_TWC,[31, 22, 82, 15, 26, 9, 95, 42, 77, 12, 47, 5, 93, 78, 86, 54, 85, 63, 18, 44, 20, 35, 43, 97, 91, 76, 10, 30, 21, 45, 71, 64, 1, 23, 17, 83, 24, 14, 60, 36, 6, 57, 40, 88, 65, 56, 79, 94, 67, 68, 46, 75, 38, 58, 19, 32, 81, 41, 27, 62, 87, 90, 99, 59, 11, 16, 72, 73, 69, 28, 37, 84, 3, 92, 25, 55, 39, 29, 51, 7, 33, 61, 98, 48, 89, 50, 66, 96, 80, 53, 8, 4, 34, 2, 52, 49, 0, 70, 74, 13]|[1, 1, 0, 1, 1, 0, 1, 2, 2, 1, 2, 2, 2, 1, 1, 0, 0, 1, 0, 2, 2, 0, 1, 2, 0, 1, 2, 2, 0, 0, 1, 2, 1, 2, 1, 0, 2, 0, 1, 1, 0, 1, 1, 1, 0, 2, 1, 1, 0, 0, 0, 0, 1, 1, 2, 1, 2, 1, 0, 0, 2, 1, 0, 1, 2, 1, 2, 1, 1, 0, 0, 1, 1, 0, 1, 1, 1, 0, 0, 1, 0, 1, 0, 0, 1, 0, 2, 0, 0, 0, 0, 0, 2, 0, 1, 0, 0, 1, 2, 0]|[4, 3, 2, 2, 4, 1, 2, 2, 2, 4, 1, 1, 2, 4, 4, 1, 2, 4, 2, 1, 1, 1, 1, 2, 1, 2, 1, 1, 1, 1, 3, 2, 3, 0, 4, 0, 1, 1, 0, 3, 2, 2, 2, 0, 1, 1, 0, 4, 0, 1, 2, 2, 1, 0, 0, 3, 2, 4, 1, 2, 2, 3, 1, 1, 1, 3, 0, 4, 3, 2, 1, 1, 1, 0, 4, 4, 1, 1, 1, 1, 2, 3, 1, 1, 1, 1, 1, 1, 1, 2, 1, 2, 1, 2, 1, 1, 2, 4, 1, 2]|[0, 2, 1, 1, 3, 0, 1, 0, 0, 0, 0, 0, 1, 0, 1, 0, 0, 3, 1, 0, 0, 0, 3, 1, 0, 2, 0, 0, 0, 1, 0, 0, 0, 0, 3, 0, 1, 0, 0, 2, 1, 1, 1, 0, 0, 0, 0, 2, 1, 0, 0, 0, 1, 3, 0, 0, 1, 2, 0, 1, 0, 2, 0, 1, 0, 2, 1, 0, 0, 1, 0, 3, 1, 1, 3, 3, 1, 0, 0, 2, 1, 0, 0, 0, 1, 0, 0, 0, 0, 1, 0, 1, 0, 0, 1, 1, 0, 2, 0, 0],847.0427978319374,57913.11646638373,93531.36983571656,false
7,G1_CMAX,G4_BALANCED,[31, 22, 82, 15, 26, 9, 95, 42, 77, 12, 47, 5, 93, 78, 86, 54, 85, 63, 18, 44, 20, 35, 43, 97, 91, 76, 10, 30, 21, 45, 71, 64, 1, 23, 17, 83, 24, 14, 60, 36, 6, 57, 40, 88, 65, 56, 79, 69, 67, 68, 46, 75, 38, 58, 19, 32, 81, 48, 27, 62, 87, 90, 99, 59, 11, 16, 72, 73, 61, 39, 37, 84, 3, 92, 25, 55, 28, 51, 29, 7, 33, 70, 98, 41, 89, 50, 66, 96, 80, 53, 8, 4, 34, 2, 52, 49, 0, 94, 74, 13]|[1, 1, 0, 1, 1, 0, 1, 2, 2, 1, 0, 2, 2, 1, 1, 0, 0, 1, 0, 2, 2, 0, 1, 2, 0, 1, 2, 2, 0, 0, 1, 2, 1, 0, 1, 0, 2, 0, 1, 1, 0, 1, 1, 1, 0, 2, 1, 1, 0, 0, 0, 0, 1, 1, 2, 1, 2, 1, 0, 0, 2, 1, 0, 1, 2, 1, 2, 1, 1, 1, 1, 1, 1, 0, 1, 1, 0, 0, 0, 1, 0, 1, 0, 0, 1, 0, 2, 0, 0, 0, 1, 1, 2, 0, 2, 0, 0, 1, 2, 0]|[4, 3, 2, 2, 4, 1, 2, 2, 2, 4, 2, 1, 2, 4, 4, 1, 2, 4, 2, 1, 1, 1, 1, 2, 1, 2, 1, 1, 1, 1, 3, 2, 3, 0, 4, 0, 1, 1, 0, 3, 2, 2, 2, 0, 1, 1, 0, 4, 0, 1, 2, 2, 1, 0, 0, 3, 2, 4, 1, 2, 2, 3, 1, 1, 1, 3, 0, 4, 3, 1, 4, 1, 1, 0, 4, 4, 2, 1, 1, 1, 1, 3, 1, 1, 1, 1, 1, 1, 1, 2, 3, 4, 1, 2, 1, 1, 2, 4, 1, 2]|[0, 2, 1, 1, 3, 0, 1, 0, 0, 0, 1, 0, 1, 0, 1, 0, 0, 3, 1, 0, 0, 0, 3, 1, 0, 2, 0, 0, 0, 1, 0, 0, 0, 0, 3, 0, 1, 0, 0, 2, 1, 1, 1, 0, 0, 0, 0, 2, 1, 0, 0, 0, 1, 3, 0, 0, 1, 2, 0, 1, 0, 2, 0, 1, 0, 2, 1, 0, 0, 1, 1, 3, 1, 1, 3, 3, 1, 0, 0, 2, 0, 0, 0, 0, 1, 0, 0, 0, 0, 1, 2, 0, 0, 0, 0, 1, 0, 2, 0, 0],845.7571996761072,57030.70314918601,95980.86805352964,true
7,G4_BALANCED,G3_TWC,[31, 22, 82, 15, 26, 9, 95, 42, 77, 12, 47, 5, 93, 78, 86, 54, 85, 63, 18, 44, 20, 35, 43, 97, 91, 76, 10, 30, 21, 45, 71, 64, 1, 23, 17, 83, 24, 14, 60, 36, 6, 57, 40, 88, 65, 56, 79, 94, 67, 68, 46, 75, 38, 58, 19, 32, 81, 48, 27, 62, 87, 90, 99, 59, 11, 16, 72, 73, 61, 39, 37, 84, 3, 92, 25, 55, 28, 51, 29, 7, 33, 70, 98, 41, 89, 50, 66, 96, 80, 53, 8, 4, 34, 2, 52, 49, 0, 69, 74, 13]|[1, 1, 0, 1, 1, 0, 1, 2, 2, 1, 2, 2, 2, 1, 1, 0, 0, 1, 0, 2, 2, 0, 1, 2, 0, 1, 2, 2, 0, 0, 1, 2, 1, 0, 1, 0, 2, 0, 1, 1, 0, 1, 1, 1, 0, 2, 1, 1, 0, 0, 0, 0, 1, 1, 2, 1, 2, 1, 0, 0, 2, 1, 0, 1, 2, 1, 2, 1, 1, 1, 1, 1, 1, 0, 1, 1, 0, 0, 0, 1, 0, 1, 0, 0, 1, 0, 2, 0, 0, 0, 0, 0, 2, 0, 2, 0, 0, 1, 2, 0]|[4, 3, 2, 2, 4, 1, 2, 2, 2, 4, 1, 1, 2, 4, 4, 1, 2, 4, 2, 1, 1, 1, 1, 2, 1, 2, 1, 1, 1, 1, 3, 2, 3, 0, 4, 0, 1, 1, 0, 3, 2, 2, 2, 0, 1, 1, 0, 4, 0, 1, 2, 2, 1, 0, 0, 3, 2, 4, 1, 2, 2, 3, 1, 1, 1, 3, 0, 4, 3, 1, 4, 1, 1, 0, 4, 4, 2, 1, 1, 1, 1, 3, 1, 1, 1, 1, 1, 1, 1, 2, 1, 2, 1, 2, 1, 1, 2, 3, 1, 2]|[0, 2, 1, 1, 3, 0, 1, 0, 0, 0, 0, 0, 1, 0, 1, 0, 0, 3, 1, 0, 0, 0, 3, 1, 0, 2, 0, 0, 0, 1, 0, 0, 0, 0, 3, 0, 1, 0, 0, 2, 1, 1, 1, 0, 0, 0, 0, 2, 1, 0, 0, 0, 1, 3, 0, 0, 1, 2, 0, 1, 0, 2, 0, 1, 0, 2, 1, 0, 0, 1, 1, 3, 1, 1, 3, 3, 1, 0, 0, 2, 0, 0, 0, 0, 1, 0, 0, 0, 0, 1, 0, 1, 0, 0, 0, 1, 0, 0, 0, 0],882.6930237740825,57186.56144556178,95643.79790927688,true
7,G2_TEC,G2_TEC,[31, 22, 82, 15, 26, 9, 95, 42, 77, 68, 47, 60, 93, 78, 86, 54, 85, 63, 18, 44, 20, 49, 36, 14, 74, 50, 53, 17, 21, 45, 71, 64, 3, 23, 30, 83, 24, 41, 5, 52, 65, 27, 90, 70, 39, 87, 48, 69, 99, 4, 46, 1, 38, 58, 97, 59, 28, 8, 73, 37, 35, 79, 11, 66, 76, 57, 40, 80, 96, 6, 16, 61, 33, 98, 32, 34, 12, 67, 10, 7, 56, 88, 29, 19, 91, 13, 84, 92, 0, 75, 2, 55, 43, 51, 81, 25, 62, 94, 89, 72]|[2, 1, 2, 1, 1, 2, 1, 1, 1, 0, 1, 0, 2, 2, 1, 2, 0, 0, 0, 2, 2, 1, 0, 2, 0, 2, 2, 1, 0, 1, 1, 1, 0, 0, 1, 0, 2, 1, 2, 2, 0, 1, 1, 1, 0, 2, 0, 2, 1, 0, 0, 2, 2, 0, 2, 0, 2, 1, 0, 0, 2, 1, 0, 2, 2, 0, 2, 2, 0, 1, 2, 1, 1, 0, 0, 1, 1, 1, 1, 2, 2, 1, 1, 1, 1, 0, 0, 0, 0, 0, 2, 0, 1, 1, 1, 1, 1, 1, 1, 1]|[0, 3, 0, 2, 4, 1, 4, 4, 2, 1, 3, 2, 1, 0, 2, 1, 1, 1, 2, 1, 1, 3, 0, 1, 0, 1, 1, 4, 1, 4, 3, 2, 2, 0, 4, 1, 1, 4, 0, 1, 2, 2, 4, 4, 1, 1, 0, 2, 3, 1, 2, 1, 2, 1, 1, 2, 0, 3, 0, 2, 2, 3, 1, 0, 1, 0, 0, 1, 2, 4, 1, 3, 4, 1, 2, 4, 3, 3, 3, 1, 0, 4, 3, 4, 3, 2, 2, 2, 2, 2, 1, 2, 4, 3, 1, 4, 3, 4, 4, 4]|[0, 2, 0, 1, 3, 0, 1, 3, 0, 0, 2, 0, 1, 0, 1, 0, 0, 0, 1, 0, 0, 2, 0, 0, 1, 0, 0, 3, 0, 1, 0, 2, 0, 0, 3, 0, 1, 3, 1, 0, 0, 1, 1, 3, 0, 0, 1, 0, 2, 0, 0, 0, 0, 0, 1, 0, 0, 0, 1, 1, 0, 2, 0, 0, 0, 1, 0, 0, 0, 2, 0, 0, 1, 0, 0, 2, 0, 0, 3, 0, 0, 1, 0, 3, 0, 0, 1, 0, 0, 0, 0, 0, 2, 0, 1, 3, 0, 2, 1, 2],869.1506745014369,52935.52643275798,115213.34572104178,false
7,G3_TWC,G3_TWC,[31, 22, 82, 15, 26, 9, 95, 42, 77, 12, 47, 5, 93, 78, 86, 54, 85, 63, 18, 44, 20, 35, 43, 97, 91, 76, 10, 30, 21, 45, 71, 64, 1, 23, 17, 83, 24, 14, 60, 36, 6, 57, 40, 88, 65, 56, 79, 94, 67, 68, 46, 75, 38, 58, 19, 32, 81, 41, 27, 62, 87, 90, 99, 59, 11, 16, 72, 73, 69, 28, 37, 84, 3, 92, 25, 55, 39, 29, 51, 7, 33, 61, 98, 48, 89, 50, 66, 96, 80, 53, 8, 4, 34, 2, 52, 49, 0, 70, 74, 13]|[1, 1, 0, 1, 1, 0, 1, 2, 2, 1, 2, 2, 2, 1, 1, 0, 0, 1, 0, 2, 2, 0, 1, 2, 0, 1, 2, 2, 0, 0, 1, 2, 1, 2, 1, 0, 2, 0, 1, 1, 0, 1, 1, 1, 0, 2, 1, 1, 0, 0, 0, 0, 1, 1, 2, 1, 2, 1, 0, 0, 2, 1, 0, 1, 2, 1, 2, 1, 1, 0, 0, 1, 1, 0, 1, 1, 1, 0, 0, 1, 0, 1, 0, 0, 1, 0, 2, 0, 0, 0, 0, 0, 2, 0, 1, 0, 0, 1, 2, 0]|[4, 3, 2, 2, 4, 1, 2, 2, 2, 4, 1, 1, 2, 4, 4, 1, 2, 4, 2, 1, 1, 1, 1, 2, 1, 2, 1, 1, 1, 1, 3, 2, 3, 0, 4, 0, 1, 1, 0, 3, 2, 2, 2, 0, 1, 1, 0, 4, 0, 1, 2, 2, 1, 0, 0, 3, 2, 4, 1, 2, 2, 3, 1, 1, 1, 3, 0, 4, 3, 2, 1, 1, 1, 0, 4, 4, 1, 1, 1, 1, 2, 3, 1, 1, 1, 1, 1, 1, 1, 2, 1, 2, 1, 2, 1, 1, 2, 4, 1, 2]|[0, 2, 1, 1, 3, 0, 1, 0, 0, 0, 0, 0, 1, 0, 1, 0, 0, 3, 1, 0, 0, 0, 3, 1, 0, 2, 0, 0, 0, 1, 0, 0, 0, 0, 3, 0, 1, 0, 0, 2, 1, 1, 1, 0, 0, 0, 0, 2, 1, 0, 0, 0, 1, 3, 0, 0, 1, 2, 0, 1, 0, 2, 0, 1, 0, 2, 1, 0, 0, 1, 0, 3, 1, 1, 3, 3, 1, 0, 0, 2, 1, 0, 0, 0, 1, 0, 0, 0, 0, 1, 0, 1, 0, 0, 1, 1, 0, 2, 0, 0],847.0427978319374,57913.11646638373,93531.36983571656,false
7,G1_CMAX,G4_BALANCED,[31, 22, 82, 15, 26, 9, 95, 42, 77, 12, 47, 5, 93, 78, 86, 54, 85, 63, 18, 44, 20, 35, 43, 97, 91, 76, 10, 30, 21, 45, 71, 64, 1, 23, 17, 83, 24, 14, 60, 36, 6, 57, 40, 88, 65, 56, 79, 69, 67, 68, 46, 75, 38, 58, 19, 32, 81, 48, 27, 62, 87, 90, 99, 59, 11, 16, 72, 73, 61, 39, 37, 84, 3, 92, 25, 55, 28, 51, 29, 7, 33, 70, 98, 41, 89, 50, 66, 96, 80, 53, 8, 4, 34, 2, 52, 49, 0, 94, 74, 13]|[1, 1, 0, 1, 1, 0, 1, 2, 2, 1, 0, 2, 2, 1, 1, 0, 0, 1, 0, 2, 2, 0, 1, 2, 0, 1, 2, 2, 0, 0, 1, 2, 1, 0, 1, 0, 2, 0, 1, 1, 0, 1, 1, 1, 0, 2, 1, 1, 0, 0, 0, 0, 1, 1, 2, 1, 2, 1, 0, 0, 2, 1, 0, 1, 2, 1, 2, 1, 1, 1, 1, 1, 1, 0, 1, 1, 0, 0, 0, 1, 0, 1, 0, 0, 1, 0, 2, 0, 0, 0, 1, 1, 2, 0, 2, 0, 0, 1, 2, 0]|[4, 3, 2, 2, 4, 1, 2, 2, 2, 4, 2, 1, 2, 4, 4, 1, 2, 4, 2, 1, 1, 1, 1, 2, 1, 2, 1, 1, 1, 1, 3, 2, 3, 0, 4, 0, 1, 1, 0, 3, 2, 2, 2, 0, 1, 1, 0, 4, 0, 1, 2, 2, 1, 0, 0, 3, 2, 4, 1, 2, 2, 3, 1, 1, 1, 3, 0, 4, 3, 1, 4, 1, 1, 0, 4, 4, 2, 1, 1, 1, 1, 3, 1, 1, 1, 1, 1, 1, 1, 2, 3, 4, 1, 2, 1, 1, 2, 4, 1, 2]|[0, 2, 1, 1, 3, 0, 1, 0, 0, 0, 1, 0, 1, 0, 1, 0, 0, 3, 1, 0, 0, 0, 3, 1, 0, 2, 0, 0, 0, 1, 0, 0, 0, 0, 3, 0, 1, 0, 0, 2, 1, 1, 1, 0, 0, 0, 0, 2, 1, 0, 0, 0, 1, 3, 0, 0, 1, 2, 0, 1, 0, 2, 0, 1, 0, 2, 1, 0, 0, 1, 1, 3, 1, 1, 3, 3, 1, 0, 0, 2, 0, 0, 0, 0, 1, 0, 0, 0, 0, 1, 2, 0, 0, 0, 0, 1, 0, 2, 0, 0],845.7571996761072,57030.70314918601,95980.86805352964,true
7,G4_BALANCED,G4_BALANCED,[31, 22, 82, 15, 26, 9, 95, 42, 77, 12, 47, 5, 93, 78, 86, 54, 85, 63, 18, 44, 20, 35, 43, 97, 91, 76, 10, 30, 21, 45, 71, 64, 1, 23, 17, 83, 24, 14, 60, 36, 6, 57, 40, 88, 65, 56, 79, 69, 67, 68, 46, 75, 38, 58, 19, 32, 81, 48, 27, 62, 87, 90, 99, 59, 11, 16, 72, 73, 61, 39, 37, 84, 3, 92, 25, 55, 28, 51, 29, 7, 66, 70, 98, 8, 89, 50, 41, 96, 80, 53, 33, 2, 34, 4, 52, 49, 0, 94, 74, 13]|[1, 1, 0, 1, 1, 0, 1, 2, 2, 1, 2, 2, 2, 1, 1, 0, 0, 1, 0, 2, 2, 0, 1, 2, 0, 1, 2, 2, 0, 0, 1, 2, 1, 0, 1, 0, 2, 0, 1, 1, 0, 1, 1, 1, 0, 2, 1, 2, 0, 0, 0, 0, 1, 1, 2, 1, 2, 1, 0, 0, 2, 1, 0, 1, 2, 1, 2, 1, 1, 1, 1, 1, 1, 0, 1, 1, 0, 0, 0, 1, 2, 1, 2, 1, 1, 0, 0, 0, 0, 0, 0, 0, 2, 1, 2, 0, 0, 1, 2, 0]|[4, 3, 2, 2, 4, 1, 2, 2, 2, 4, 1, 1, 2, 4, 4, 1, 2, 4, 2, 1, 1, 1, 1, 2, 1, 2, 1, 1, 1, 1, 3, 2, 3, 0, 4, 0, 1, 1, 0, 3, 2, 2, 2, 0, 1, 1, 0, 2, 0, 1, 2, 2, 1, 0, 0, 3, 2, 4, 1, 2, 2, 3, 1, 1, 1, 3, 0, 4, 3, 1, 4, 1, 1, 0, 4, 4, 2, 1, 1, 1, 0, 3, 1, 3, 1, 1, 1, 1, 1, 2, 1, 2, 1, 4, 1, 1, 2, 4, 1, 2]|[0, 2, 1, 1, 3, 0, 1, 0, 0, 0, 0, 0, 1, 0, 1, 0, 0, 3, 1, 0, 0, 0, 3, 1, 0, 2, 0, 0, 0, 1, 0, 0, 0, 0, 3, 0, 1, 0, 0, 2, 1, 1, 1, 0, 0, 0, 0, 0, 1, 0, 0, 0, 1, 3, 0, 0, 1, 2, 0, 1, 0, 2, 0, 1, 0, 2, 1, 0, 0, 1, 1, 3, 1, 1, 3, 3, 1, 0, 0, 2, 0, 0, 0, 2, 1, 0, 0, 0, 0, 1, 0, 0, 0, 0, 0, 1, 0, 2, 0, 0],829.8930236232125,56533.470747758045,98760.82666591895,false
7,G2_TEC,G2_TEC,[31, 22, 82, 15, 26, 9, 95, 42, 77, 68, 47, 60, 93, 78, 86, 54, 85, 63, 18, 44, 20, 49, 36, 14, 74, 50, 53, 17, 21, 45, 71, 64, 3, 23, 30, 83, 24, 41, 5, 52, 65, 27, 90, 70, 39, 87, 48, 69, 99, 4, 46, 1, 38, 58, 97, 59, 28, 8, 73, 37, 35, 79, 11, 66, 76, 57, 40, 80, 96, 6, 16, 61, 33, 98, 32, 34, 12, 67, 10, 7, 56, 88, 29, 19, 91, 13, 84, 92, 0, 75, 2, 55, 43, 51, 81, 25, 62, 94, 89, 72]|[2, 1, 2, 1, 1, 2, 1, 1, 1, 0, 1, 0, 2, 2, 1, 2, 0, 0, 0, 2, 2, 1, 0, 2, 0, 2, 2, 1, 0, 1, 1, 1, 0, 0, 1, 0, 2, 1, 2, 2, 0, 1, 1, 1, 0, 2, 0, 2, 1, 0, 0, 2, 2, 0, 2, 0, 2, 1, 0, 0, 2, 1, 0, 2, 2, 0, 2, 2, 0, 1, 2, 1, 1, 0, 0, 1, 1, 1, 1, 2, 2, 1, 1, 1, 1, 0, 0, 0, 0, 0, 2, 0, 1, 1, 1, 1, 1, 1, 1, 1]|[0, 3, 0, 2, 4, 1, 4, 4, 2, 1, 3, 2, 1, 0, 2, 1, 1, 1, 2, 1, 1, 3, 0, 1, 0, 1, 1, 4, 1, 4, 3, 2, 2, 0, 4, 1, 1, 4, 0, 1, 2, 2, 4, 4, 1, 1, 0, 2, 3, 1, 2, 1, 2, 1, 1, 2, 0, 3, 0, 2, 2, 3, 1, 0, 1, 0, 0, 1, 2, 4, 1, 3, 4, 1, 2, 4, 3, 3, 3, 1, 0, 4, 3, 4, 3, 2, 2, 2, 2, 2, 1, 2, 4, 3, 1, 4, 3, 4, 4, 4]|[0, 2, 0, 1, 3, 0, 1, 3, 0, 0, 2, 0, 1, 0, 1, 0, 0, 0, 1, 0, 0, 2, 0, 0, 1, 0, 0, 3, 0, 1, 0, 2, 0, 0, 3, 0, 1, 3, 1, 0, 0, 1, 1, 3, 0, 0, 1, 0, 2, 0, 0, 0, 0, 0, 1, 0, 0, 0, 1, 1, 0, 2, 0, 0, 0, 1, 0, 0, 0, 2, 0, 0, 1, 0, 0, 2, 0, 0, 3, 0, 0, 1, 0, 3, 0, 0, 1, 0, 0, 0, 0, 0, 2, 0, 1, 3, 0, 2, 1, 2],869.1506745014369,52935.52643275798,115213.34572104178,false
7,G3_TWC,G3_TWC,[31, 22, 82, 15, 26, 9, 95, 42, 77, 12, 47, 5, 93, 78, 86, 54, 85, 63, 18, 44, 20, 35, 43, 97, 91, 76, 10, 30, 21, 45, 71, 64, 1, 23, 17, 83, 24, 14, 60, 36, 6, 57, 40, 88, 65, 56, 79, 94, 67, 68, 46, 75, 38, 58, 19, 32, 81, 41, 27, 62, 87, 90, 99, 59, 11, 16, 72, 73, 69, 28, 37, 84, 3, 92, 25, 55, 39, 29, 51, 7, 33, 61, 98, 48, 89, 50, 66, 96, 80, 53, 8, 4, 34, 2, 52, 49, 0, 70, 74, 13]|[1, 1, 0, 1, 1, 0, 1, 2, 2, 1, 2, 2, 2, 1, 1, 0, 0, 1, 0, 2, 2, 0, 1, 2, 0, 1, 2, 2, 0, 0, 1, 2, 1, 2, 1, 0, 2, 0, 1, 1, 0, 1, 1, 1, 0, 2, 1, 1, 0, 0, 0, 0, 1, 1, 2, 1, 2, 1, 0, 0, 2, 1, 0, 1, 2, 1, 2, 1, 1, 0, 0, 1, 1, 0, 1, 1, 1, 0, 0, 1, 0, 1, 0, 0, 1, 0, 2, 0, 0, 0, 0, 0, 2, 0, 1, 0, 0, 1, 2, 0]|[4, 3, 2, 2, 4, 1, 2, 2, 2, 4, 1, 1, 2, 4, 4, 1, 2, 4, 2, 1, 1, 1, 1, 2, 1, 2, 1, 1, 1, 1, 3, 2, 3, 0, 4, 0, 1, 1, 0, 3, 2, 2, 2, 0, 1, 1, 0, 4, 0, 1, 2, 2, 1, 0, 0, 3, 2, 4, 1, 2, 2, 3, 1, 1, 1, 3, 0, 4, 3, 2, 1, 1, 1, 0, 4, 4, 1, 1, 1, 1, 2, 3, 1, 1, 1, 1, 1, 1, 1, 2, 1, 2, 1, 2, 1, 1, 2, 4, 1, 2]|[0, 2, 1, 1, 3, 0, 1, 0, 0, 0, 0, 0, 1, 0, 1, 0, 0, 3, 1, 0, 0, 0, 3, 1, 0, 2, 0, 0, 0, 1, 0, 0, 0, 0, 3, 0, 1, 0, 0, 2, 1, 1, 1, 0, 0, 0, 0, 2, 1, 0, 0, 0, 1, 3, 0, 0, 1, 2, 0, 1, 0, 2, 0, 1, 0, 2, 1, 0, 0, 1, 0, 3, 1, 1, 3, 3, 1, 0, 0, 2, 1, 0, 0, 0, 1, 0, 0, 0, 0, 1, 0, 1, 0, 0, 1, 1, 0, 2, 0, 0],847.0427978319374,57913.11646638373,93531.36983571656,false
7,G1_CMAX,G4_BALANCED,[31, 22, 82, 15, 26, 9, 95, 42, 77, 12, 47, 5, 93, 78, 86, 54, 85, 63, 18, 44, 20, 35, 43, 97, 91, 76, 10, 30, 21, 45, 71, 64, 1, 23, 17, 83, 24, 14, 60, 36, 6, 57, 40, 88, 65, 56, 79, 69, 67, 68, 46, 75, 38, 58, 19, 32, 81, 48, 27, 62, 87, 90, 99, 59, 11, 16, 72, 73, 61, 39, 37, 84, 3, 92, 25, 55, 28, 51, 29, 7, 33, 70, 98, 41, 89, 50, 66, 96, 80, 53, 8, 4, 34, 2, 52, 49, 0, 94, 74, 13]|[1, 1, 0, 1, 1, 0, 1, 2, 2, 1, 0, 2, 2, 1, 1, 0, 0, 1, 0, 2, 2, 0, 1, 2, 0, 1, 2, 2, 0, 0, 1, 2, 1, 0, 1, 0, 2, 0, 1, 1, 0, 1, 1, 1, 0, 2, 1, 1, 0, 0, 0, 0, 1, 1, 2, 1, 2, 1, 0, 0, 2, 1, 0, 1, 2, 1, 2, 1, 1, 1, 1, 1, 1, 0, 1, 1, 0, 0, 0, 1, 0, 1, 0, 0, 1, 0, 2, 0, 0, 0, 1, 1, 2, 0, 2, 0, 0, 1, 2, 0]|[4, 3, 2, 2, 4, 1, 2, 2, 2, 4, 2, 1, 2, 4, 4, 1, 2, 4, 2, 1, 1, 1, 1, 2, 1, 2, 1, 1, 1, 1, 3, 2, 3, 0, 4, 0, 1, 1, 0, 3, 2, 2, 2, 0, 1, 1, 0, 4, 0, 1, 2, 2, 1, 0, 0, 3, 2, 4, 1, 2, 2, 3, 1, 1, 1, 3, 0, 4, 3, 1, 4, 1, 1, 0, 4, 4, 2, 1, 1, 1, 1, 3, 1, 1, 1, 1, 1, 1, 1, 2, 3, 4, 1, 2, 1, 1, 2, 4, 1, 2]|[0, 2, 1, 1, 3, 0, 1, 0, 0, 0, 1, 0, 1, 0, 1, 0, 0, 3, 1, 0, 0, 0, 3, 1, 0, 2, 0, 0, 0, 1, 0, 0, 0, 0, 3, 0, 1, 0, 0, 2, 1, 1, 1, 0, 0, 0, 0, 2, 1, 0, 0, 0, 1, 3, 0, 0, 1, 2, 0, 1, 0, 2, 0, 1, 0, 2, 1, 0, 0, 1, 1, 3, 1, 1, 3, 3, 1, 0, 0, 2, 0, 0, 0, 0, 1, 0, 0, 0, 0, 1, 2, 0, 0, 0, 0, 1, 0, 2, 0, 0],845.7571996761072,57030.70314918601,95980.86805352964,true
7,G4_BALANCED,G4_BALANCED,[31, 22, 82, 15, 26, 9, 95, 42, 77, 12, 47, 5, 93, 78, 86, 54, 85, 63, 18, 44, 20, 35, 43, 97, 91, 76, 10, 30, 21, 45, 71, 64, 1, 23, 17, 83, 24, 14, 60, 36, 6, 57, 40, 88, 65, 56, 79, 69, 67, 68, 46, 75, 38, 58, 19, 32, 81, 48, 27, 62, 87, 90, 99, 59, 11, 16, 72, 73, 61, 39, 37, 84, 3, 92, 25, 55, 28, 51, 29, 7, 66, 70, 98, 8, 89, 50, 41, 96, 80, 53, 33, 2, 34, 4, 52, 49, 0, 94, 74, 13]|[1, 1, 0, 1, 1, 0, 1, 2, 2, 1, 2, 2, 2, 1, 1, 0, 0, 1, 0, 2, 2, 0, 1, 2, 0, 1, 2, 2, 0, 0, 1, 2, 1, 0, 1, 0, 2, 0, 1, 1, 0, 1, 1, 1, 0, 2, 1, 2, 0, 0, 0, 0, 1, 1, 2, 1, 2, 1, 0, 0, 2, 1, 0, 1, 2, 1, 2, 1, 1, 1, 1, 1, 1, 0, 1, 1, 0, 0, 0, 1, 2, 1, 2, 1, 1, 0, 0, 0, 0, 0, 0, 0, 2, 1, 2, 0, 0, 1, 2, 0]|[4, 3, 2, 2, 4, 1, 2, 2, 2, 4, 1, 1, 2, 4, 4, 1, 2, 4, 2, 1, 1, 1, 1, 2, 1, 2, 1, 1, 1, 1, 3, 2, 3, 0, 4, 0, 1, 1, 0, 3, 2, 2, 2, 0, 1, 1, 0, 2, 0, 1, 2, 2, 1, 0, 0, 3, 2, 4, 1, 2, 2, 3, 1, 1, 1, 3, 0, 4, 3, 1, 4, 1, 1, 0, 4, 4, 2, 1, 1, 1, 0, 3, 1, 3, 1, 1, 1, 1, 1, 2, 1, 2, 1, 4, 1, 1, 2, 4, 1, 2]|[0, 2, 1, 1, 3, 0, 1, 0, 0, 0, 0, 0, 1, 0, 1, 0, 0, 3, 1, 0, 0, 0, 3, 1, 0, 2, 0, 0, 0, 1, 0, 0, 0, 0, 3, 0, 1, 0, 0, 2, 1, 1, 1, 0, 0, 0, 0, 0, 1, 0, 0, 0, 1, 3, 0, 0, 1, 2, 0, 1, 0, 2, 0, 1, 0, 2, 1, 0, 0, 1, 1, 3, 1, 1, 3, 3, 1, 0, 0, 2, 0, 0, 0, 2, 1, 0, 0, 0, 0, 1, 0, 0, 0, 0, 0, 1, 0, 2, 0, 0],829.8930236232125,56533.470747758045,98760.82666591895,false
7,G2_TEC,G2_TEC,[31, 22, 82, 15, 26, 9, 95, 42, 77, 68, 47, 60, 93, 78, 86, 54, 85, 63, 18, 44, 20, 49, 36, 14, 74, 50, 53, 17, 21, 45, 71, 64, 3, 23, 30, 83, 24, 41, 5, 52, 65, 27, 90, 70, 39, 87, 48, 69, 99, 4, 46, 1, 38, 58, 97, 59, 28, 8, 73, 37, 35, 79, 11, 66, 76, 57, 40, 80, 96, 6, 16, 61, 33, 98, 32, 34, 12, 67, 10, 7, 56, 88, 29, 19, 91, 13, 84, 92, 0, 75, 2, 55, 43, 51, 81, 25, 62, 94, 89, 72]|[2, 1, 2, 1, 1, 2, 1, 1, 1, 0, 1, 0, 2, 2, 1, 2, 0, 0, 0, 2, 2, 1, 0, 2, 0, 2, 2, 1, 0, 1, 1, 1, 0, 0, 1, 0, 2, 1, 2, 2, 0, 1, 1, 1, 0, 2, 0, 2, 1, 0, 0, 2, 2, 0, 2, 0, 2, 1, 0, 0, 2, 1, 0, 2, 2, 0, 2, 2, 0, 1, 2, 1, 1, 0, 0, 1, 1, 1, 1, 2, 2, 1, 1, 1, 1, 0, 0, 0, 0, 0, 2, 0, 1, 1, 1, 1, 1, 1, 1, 1]|[0, 3, 0, 2, 4, 1, 4, 4, 2, 1, 3, 2, 1, 0, 2, 1, 1, 1, 2, 1, 1, 3, 0, 1, 0, 1, 1, 4, 1, 4, 3, 2, 2, 0, 4, 1, 1, 4, 0, 1, 2, 2, 4, 4, 1, 1, 0, 2, 3, 1, 2, 1, 2, 1, 1, 2, 0, 3, 0, 2, 2, 3, 1, 0, 1, 0, 0, 1, 2, 4, 1, 3, 4, 1, 2, 4, 3, 3, 3, 1, 0, 4, 3, 4, 3, 2, 2, 2, 2, 2, 1, 2, 4, 3, 1, 4, 3, 4, 4, 4]|[0, 2, 0, 1, 3, 0, 1, 3, 0, 0, 2, 0, 1, 0, 1, 0, 0, 0, 1, 0, 0, 2, 0, 0, 1, 0, 0, 3, 0, 1, 0, 2, 0, 0, 3, 0, 1, 3, 1, 0, 0, 1, 1, 3, 0, 0, 1, 0, 2, 0, 0, 0, 0, 0, 1, 0, 0, 0, 1, 1, 0, 2, 0, 0, 0, 1, 0, 0, 0, 2, 0, 0, 1, 0, 0, 2, 0, 0, 3, 0, 0, 1, 0, 3, 0, 0, 1, 0, 0, 0, 0, 0, 2, 0, 1, 3, 0, 2, 1, 2],869.1506745014369,52935.52643275798,115213.34572104178,false
7,G3_TWC,G4_BALANCED,[31, 22, 82, 15, 26, 9, 95, 42, 77, 12, 47, 5, 93, 78, 86, 54, 85, 63, 18, 44, 20, 35, 43, 97, 91, 76, 10, 30, 21, 45, 71, 64, 1, 23, 17, 83, 24, 41, 60, 36, 6, 57, 40, 88, 65, 56, 79, 94, 67, 68, 46, 75, 38, 58, 19, 32, 81, 14, 27, 62, 87, 90, 99, 59, 11, 16, 72, 73, 70, 39, 37, 84, 3, 92, 25, 55, 28, 29, 51, 7, 66, 61, 98, 48, 89, 50, 33, 96, 80, 53, 8, 4, 69, 34, 52, 49, 0, 2, 74, 13]|[1, 1, 0, 1, 1, 0, 1, 2, 2, 1, 2, 2, 2, 1, 1, 0, 0, 1, 0, 2, 2, 0, 1, 2, 0, 1, 2, 2, 0, 0, 1, 2, 1, 2, 1, 0, 2, 0, 1, 1, 0, 1, 1, 1, 0, 2, 1, 1, 0, 0, 0, 0, 1, 1, 2, 1, 2, 1, 0, 0, 2, 1, 0, 1, 2, 1, 2, 1, 1, 1, 1, 1, 1, 2, 1, 1, 0, 0, 0, 1, 2, 1, 0, 0, 1, 0, 1, 0, 0, 0, 1, 1, 1, 2, 1, 0, 0, 0, 2, 0]|[4, 3, 2, 2, 4, 1, 2, 2, 1, 4, 1, 1, 2, 4, 4, 1, 2, 4, 2, 1, 1, 1, 1, 2, 1, 2, 1, 1, 1, 1, 3, 2, 3, 0, 4, 0, 1, 1, 0, 3, 2, 2, 2, 0, 1, 1, 0, 4, 0, 1, 2, 2, 1, 0, 0, 3, 2, 4, 1, 2, 2, 3, 1, 1, 1, 3, 0, 4, 3, 1, 4, 1, 1, 1, 4, 4, 2, 1, 1, 1, 1, 3, 1, 2, 1, 1, 4, 1, 1, 2, 3, 4, 3, 1, 1, 1, 2, 2, 1, 2]|[0, 2, 1, 1, 3, 0, 1, 0, 0, 0, 0, 0, 1, 0, 1, 0, 0, 3, 1, 0, 0, 0, 3, 1, 0, 2, 0, 0, 0, 1, 0, 0, 0, 0, 3, 0, 1, 0, 0, 2, 1, 1, 1, 0, 0, 0, 0, 2, 1, 0, 0, 0, 1, 3, 0, 0, 1, 2, 0, 1, 0, 2, 0, 1, 0, 2, 1, 0, 0, 1, 1, 3, 1, 0, 3, 3, 1, 0, 0, 2, 0, 0, 0, 1, 1, 0, 0, 0, 0, 1, 2, 0, 2, 0, 1, 1, 0, 0, 0, 0],785.513578532258,57449.79036383798,94012.71163578371,true
7,G1_CMAX,G4_BALANCED,[31, 22, 82, 15, 26, 9, 95, 42, 77, 12, 47, 5, 93, 78, 86, 54, 85, 63, 18, 44, 20, 35, 43, 97, 91, 76, 10, 30, 21, 45, 71, 64, 1, 23, 17, 83, 24, 14, 60, 36, 6, 57, 40, 88, 65, 56, 79, 69, 67, 68, 46, 75, 38, 58, 19, 32, 81, 48, 27, 62, 87, 90, 99, 59, 11, 16, 72, 73, 61, 39, 37, 84, 3, 92, 25, 55, 28, 51, 29, 7, 33, 70, 98, 41, 89, 50, 66, 96, 80, 53, 8, 4, 34, 2, 52, 49, 0, 94, 74, 13]|[1, 1, 0, 1, 1, 0, 1, 2, 2, 1, 0, 2, 2, 1, 1, 0, 0, 1, 0, 2, 2, 0, 1, 2, 0, 1, 2, 2, 0, 0, 1, 2, 1, 0, 1, 0, 2, 0, 1, 1, 0, 1, 1, 1, 0, 2, 1, 1, 0, 0, 0, 0, 1, 1, 2, 1, 2, 1, 0, 0, 2, 1, 0, 1, 2, 1, 2, 1, 1, 1, 1, 1, 1, 0, 1, 1, 0, 0, 0, 1, 0, 1, 0, 0, 1, 0, 2, 0, 0, 0, 1, 1, 2, 0, 2, 0, 0, 1, 2, 0]|[4, 3, 2, 2, 4, 1, 2, 2, 2, 4, 2, 1, 2, 4, 4, 1, 2, 4, 2, 1, 1, 1, 1, 2, 1, 2, 1, 1, 1, 1, 3, 2, 3, 0, 4, 0, 1, 1, 0, 3, 2, 2, 2, 0, 1, 1, 0, 4, 0, 1, 2, 2, 1, 0, 0, 3, 2, 4, 1, 2, 2, 3, 1, 1, 1, 3, 0, 4, 3, 1, 4, 1, 1, 0, 4, 4, 2, 1, 1, 1, 1, 3, 1, 1, 1, 1, 1, 1, 1, 2, 3, 4, 1, 2, 1, 1, 2, 4, 1, 2]|[0, 2, 1, 1, 3, 0, 1, 0, 0, 0, 1, 0, 1, 0, 1, 0, 0, 3, 1, 0, 0, 0, 3, 1, 0, 2, 0, 0, 0, 1, 0, 0, 0, 0, 3, 0, 1, 0, 0, 2, 1, 1, 1, 0, 0, 0, 0, 2, 1, 0, 0, 0, 1, 3, 0, 0, 1, 2, 0, 1, 0, 2, 0, 1, 0, 2, 1, 0, 0, 1, 1, 3, 1, 1, 3, 3, 1, 0, 0, 2, 0, 0, 0, 0, 1, 0, 0, 0, 0, 1, 2, 0, 0, 0, 0, 1, 0, 2, 0, 0],845.7571996761072,57030.70314918601,95980.86805352964,true
7,G4_BALANCED,G4_BALANCED,[31, 22, 82, 15, 26, 9, 95, 42, 77, 12, 47, 5, 93, 78, 86, 54, 85, 63, 18, 44, 20, 35, 43, 97, 91, 76, 10, 30, 21, 45, 71, 64, 1, 23, 17, 83, 24, 14, 60, 36, 6, 57, 40, 88, 65, 56, 79, 69, 67, 68, 46, 75, 38, 58, 19, 32, 81, 48, 27, 62, 87, 90, 99, 59, 11, 16, 72, 73, 61, 39, 37, 84, 3, 92, 25, 55, 28, 51, 29, 7, 66, 70, 98, 8, 89, 50, 41, 96, 80, 53, 33, 2, 34, 4, 52, 49, 0, 94, 74, 13]|[1, 1, 0, 1, 1, 0, 1, 2, 2, 1, 2, 2, 2, 1, 1, 0, 0, 1, 0, 2, 2, 0, 1, 2, 0, 1, 2, 2, 0, 0, 1, 2, 1, 0, 1, 0, 2, 0, 1, 1, 0, 1, 1, 1, 0, 2, 1, 2, 0, 0, 0, 0, 1, 1, 2, 1, 2, 1, 0, 0, 2, 1, 0, 1, 2, 1, 2, 1, 1, 1, 1, 1, 1, 0, 1, 1, 0, 0, 0, 1, 2, 1, 2, 1, 1, 0, 0, 0, 0, 0, 0, 0, 2, 1, 2, 0, 0, 1, 2, 0]|[4, 3, 2, 2, 4, 1, 2, 2, 2, 4, 1, 1, 2, 4, 4, 1, 2, 4, 2, 1, 1, 1, 1, 2, 1, 2, 1, 1, 1, 1, 3, 2, 3, 0, 4, 0, 1, 1, 0, 3, 2, 2, 2, 0, 1, 1, 0, 2, 0, 1, 2, 2, 1, 0, 0, 3, 2, 4, 1, 2, 2, 3, 1, 1, 1, 3, 0, 4, 3, 1, 4, 1, 1, 0, 4, 4, 2, 1, 1, 1, 0, 3, 1, 3, 1, 1, 1, 1, 1, 2, 1, 2, 1, 4, 1, 1, 2, 4, 1, 2]|[0, 2, 1, 1, 3, 0, 1, 0, 0, 0, 0, 0, 1, 0, 1, 0, 0, 3, 1, 0, 0, 0, 3, 1, 0, 2, 0, 0, 0, 1, 0, 0, 0, 0, 3, 0, 1, 0, 0, 2, 1, 1, 1, 0, 0, 0, 0, 0, 1, 0, 0, 0, 1, 3, 0, 0, 1, 2, 0, 1, 0, 2, 0, 1, 0, 2, 1, 0, 0, 1, 1, 3, 1, 1, 3, 3, 1, 0, 0, 2, 0, 0, 0, 2, 1, 0, 0, 0, 0, 1, 0, 0, 0, 0, 0, 1, 0, 2, 0, 0],829.8930236232125,56533.470747758045,98760.82666591895,false
7,G2_TEC,G2_TEC,[31, 22, 82, 15, 26, 9, 95, 42, 77, 68, 47, 5, 93, 78, 86, 54, 85, 63, 18, 44, 20, 49, 36, 14, 74, 50, 53, 17, 21, 45, 71, 64, 3, 23, 30, 83, 24, 41, 60, 52, 65, 27, 90, 70, 39, 87, 48, 69, 99, 4, 46, 1, 38, 58, 97, 59, 28, 8, 73, 37, 35, 79, 11, 66, 76, 57, 40, 80, 96, 6, 16, 61, 33, 98, 32, 34, 62, 67, 10, 7, 56, 88, 51, 19, 91, 13, 29, 92, 0, 75, 2, 55, 43, 84, 81, 25, 12, 94, 89, 72]|[2, 1, 2, 1, 1, 2, 1, 1, 1, 1, 1, 0, 2, 2, 1, 2, 0, 0, 0, 2, 2, 1, 0, 2, 0, 2, 2, 1, 0, 1, 1, 1, 0, 0, 1, 0, 2, 1, 2, 2, 0, 1, 1, 1, 0, 2, 0, 2, 1, 0, 0, 2, 2, 0, 2, 0, 2, 1, 0, 0, 2, 1, 0, 2, 2, 0, 2, 2, 0, 1, 2, 1, 1, 0, 0, 1, 1, 1, 1, 2, 2, 1, 1, 1, 1, 0, 1, 0, 0, 0, 2, 0, 1, 0, 1, 1, 1, 1, 1, 1]|[0, 3, 0, 2, 4, 1, 4, 4, 2, 4, 3, 2, 1, 0, 2, 1, 1, 1, 2, 1, 1, 3, 0, 1, 0, 1, 1, 4, 1, 4, 3, 2, 2, 0, 4, 1, 1, 4, 0, 1, 2, 2, 4, 4, 1, 1, 0, 2, 3, 1, 2, 1, 2, 1, 1, 2, 0, 3, 0, 2, 2, 3, 1, 0, 1, 0, 0, 1, 2, 4, 1, 3, 4, 2, 2, 4, 3, 3, 3, 1, 0, 4, 3, 4, 3, 2, 3, 2, 2, 2, 1, 2, 4, 2, 1, 4, 3, 4, 4, 4]|[0, 2, 0, 1, 3, 0, 1, 3, 0, 0, 2, 0, 1, 0, 1, 0, 0, 0, 1, 0, 0, 2, 0, 0, 1, 0, 0, 3, 0, 1, 0, 2, 0, 0, 3, 0, 1, 3, 1, 0, 0, 1, 1, 3, 0, 0, 1, 0, 2, 0, 0, 0, 0, 0, 1, 0, 0, 0, 1, 1, 0, 2, 0, 0, 0, 1, 0, 0, 0, 2, 0, 0, 1, 0, 0, 2, 0, 0, 3, 0, 0, 1, 0, 3, 0, 0, 0, 0, 0, 0, 0, 0, 2, 1, 1, 3, 0, 2, 1, 2],869.4752395254441,52665.57610919407,115075.84488036501,false
7,G3_TWC,G3_TWC,[31, 22, 82, 15, 26, 9, 95, 42, 77, 12, 47, 5, 93, 78, 86, 54, 85, 63, 18, 44, 20, 35, 43, 97, 91, 76, 10, 30, 21, 45, 71, 64, 1, 23, 17, 83, 24, 14, 60, 36, 6, 57, 40, 88, 65, 56, 79, 94, 67, 68, 46, 75, 38, 58, 19, 32, 81, 41, 27, 62, 87, 90, 99, 59, 11, 16, 72, 73, 69, 28, 37, 84, 3, 92, 25, 55, 39, 29, 51, 7, 33, 61, 98, 48, 89, 50, 66, 96, 80, 53, 8, 4, 34, 2, 52, 49, 0, 70, 74, 13]|[1, 1, 0, 1, 1, 0, 1, 2, 2, 1, 2, 2, 2, 1, 1, 0, 0, 1, 0, 2, 2, 0, 1, 2, 0, 1, 2, 2, 0, 0, 1, 2, 1, 2, 1, 0, 2, 0, 1, 1, 0, 1, 1, 1, 0, 2, 1, 1, 0, 0, 0, 0, 1, 1, 2, 1, 2, 1, 0, 0, 2, 1, 0, 1, 2, 1, 2, 1, 1, 0, 0, 1, 1, 0, 1, 1, 1, 0, 0, 1, 0, 1, 0, 0, 1, 0, 2, 0, 0, 0, 0, 0, 2, 0, 1, 0, 0, 1, 2, 0]|[4, 3, 2, 2, 4, 1, 2, 2, 2, 4, 1, 1, 2, 4, 4, 1, 2, 4, 2, 1, 1, 1, 1, 2, 1, 2, 1, 1, 1, 1, 3, 2, 3, 0, 4, 0, 1, 1, 0, 3, 2, 2, 2, 0, 1, 1, 0, 4, 0, 1, 2, 2, 1, 0, 0, 3, 2, 4, 1, 2, 2, 3, 1, 1, 1, 3, 0, 4, 3, 2, 1, 1, 1, 0, 4, 4, 1, 1, 1, 1, 2, 3, 1, 1, 1, 1, 1, 1, 1, 2, 1, 2, 1, 2, 1, 1, 2, 4, 1, 2]|[0, 2, 1, 1, 3, 0, 1, 0, 0, 0, 0, 0, 1, 0, 1, 0, 0, 3, 1, 0, 0, 0, 3, 1, 0, 2, 0, 0, 0, 1, 0, 0, 0, 0, 3, 0, 1, 0, 0, 2, 1, 1, 1, 0, 0, 0, 0, 2, 1, 0, 0, 0, 1, 3, 0, 0, 1, 2, 0, 1, 0, 2, 0, 1, 0, 2, 1, 0, 0, 1, 0, 3, 1, 1, 3, 3, 1, 0, 0, 2, 1, 0, 0, 0, 1, 0, 0, 0, 0, 1, 0, 1, 0, 0, 1, 1, 0, 2, 0, 0],847.0427978319374,57913.11646638373,93531.36983571656,false
7,G1_CMAX,G4_BALANCED,[31, 22, 82, 15, 26, 9, 95, 42, 77, 12, 47, 5, 93, 78, 86, 54, 85, 63, 18, 44, 20, 35, 43, 97, 91, 76, 10, 30, 21, 45, 71, 64, 1, 23, 17, 83, 24, 14, 60, 36, 6, 57, 40, 88, 65, 56, 79, 69, 67, 68, 46, 75, 38, 58, 19, 32, 81, 48, 27, 62, 87, 90, 99, 59, 11, 16, 72, 73, 61, 39, 37, 84, 3, 92, 25, 55, 28, 51, 29, 7, 33, 70, 98, 41, 89, 50, 66, 96, 80, 53, 8, 4, 34, 2, 52, 49, 0, 94, 74, 13]|[1, 1, 0, 1, 1, 0, 1, 2, 2, 1, 0, 2, 2, 1, 1, 0, 0, 1, 0, 2, 2, 0, 1, 2, 0, 1, 2, 2, 0, 0, 1, 2, 1, 0, 1, 0, 2, 0, 1, 1, 0, 1, 1, 1, 0, 2, 1, 1, 0, 0, 0, 0, 1, 1, 2, 1, 2, 1, 0, 0, 2, 1, 0, 1, 2, 1, 2, 1, 1, 1, 1, 1, 1, 0, 1, 1, 0, 0, 0, 1, 0, 1, 0, 0, 1, 0, 2, 0, 0, 0, 1, 1, 2, 0, 2, 0, 0, 1, 2, 0]|[4, 3, 2, 2, 4, 1, 2, 2, 2, 4, 2, 1, 2, 4, 4, 1, 2, 4, 2, 1, 1, 1, 1, 2, 1, 2, 1, 1, 1, 1, 3, 2, 3, 0, 4, 0, 1, 1, 0, 3, 2, 2, 2, 0, 1, 1, 0, 4, 0, 1, 2, 2, 1, 0, 0, 3, 2, 4, 1, 2, 2, 3, 1, 1, 1, 3, 0, 4, 3, 1, 4, 1, 1, 0, 4, 4, 2, 1, 1, 1, 1, 3, 1, 1, 1, 1, 1, 1, 1, 2, 3, 4, 1, 2, 1, 1, 2, 4, 1, 2]|[0, 2, 1, 1, 3, 0, 1, 0, 0, 0, 1, 0, 1, 0, 1, 0, 0, 3, 1, 0, 0, 0, 3, 1, 0, 2, 0, 0, 0, 1, 0, 0, 0, 0, 3, 0, 1, 0, 0, 2, 1, 1, 1, 0, 0, 0, 0, 2, 1, 0, 0, 0, 1, 3, 0, 0, 1, 2, 0, 1, 0, 2, 0, 1, 0, 2, 1, 0, 0, 1, 1, 3, 1, 1, 3, 3, 1, 0, 0, 2, 0, 0, 0, 0, 1, 0, 0, 0, 0, 1, 2, 0, 0, 0, 0, 1, 0, 2, 0, 0],845.7571996761072,57030.70314918601,95980.86805352964,true
7,G4_BALANCED,G4_BALANCED,[31, 22, 82, 15, 26, 9, 95, 42, 77, 12, 47, 5, 93, 78, 86, 54, 85, 63, 18, 44, 20, 35, 43, 97, 91, 76, 10, 30, 21, 45, 71, 64, 1, 23, 17, 83, 24, 14, 60, 36, 6, 57, 40, 88, 65, 56, 79, 69, 67, 68, 46, 75, 38, 58, 19, 32, 81, 48, 27, 62, 87, 90, 99, 59, 11, 16, 72, 73, 61, 39, 37, 84, 3, 92, 25, 55, 28, 51, 29, 7, 66, 70, 98, 8, 89, 50, 41, 96, 80, 53, 33, 2, 34, 4, 52, 49, 0, 94, 74, 13]|[1, 1, 0, 1, 1, 0, 1, 2, 2, 1, 2, 2, 2, 1, 1, 0, 0, 1, 0, 2, 2, 0, 1, 2, 0, 1, 2, 2, 0, 0, 1, 2, 1, 0, 1, 0, 2, 0, 1, 1, 0, 1, 1, 1, 0, 2, 1, 2, 0, 0, 0, 0, 1, 1, 2, 1, 2, 1, 0, 0, 2, 1, 0, 1, 2, 1, 2, 1, 1, 1, 1, 1, 1, 0, 1, 1, 0, 0, 0, 1, 2, 1, 2, 1, 1, 0, 0, 0, 0, 0, 0, 0, 2, 1, 2, 0, 0, 1, 2, 0]|[4, 3, 2, 2, 4, 1, 2, 2, 2, 4, 1, 1, 2, 4, 4, 1, 2, 4, 2, 1, 1, 1, 1, 2, 1, 2, 1, 1, 1, 1, 3, 2, 3, 0, 4, 0, 1, 1, 0, 3, 2, 2, 2, 0, 1, 1, 0, 2, 0, 1, 2, 2, 1, 0, 0, 3, 2, 4, 1, 2, 2, 3, 1, 1, 1, 3, 0, 4, 3, 1, 4, 1, 1, 0, 4, 4, 2, 1, 1, 1, 0, 3, 1, 3, 1, 1, 1, 1, 1, 2, 1, 2, 1, 4, 1, 1, 2, 4, 1, 2]|[0, 2, 1, 1, 3, 0, 1, 0, 0, 0, 0, 0, 1, 0, 1, 0, 0, 3, 1, 0, 0, 0, 3, 1, 0, 2, 0, 0, 0, 1, 0, 0, 0, 0, 3, 0, 1, 0, 0, 2, 1, 1, 1, 0, 0, 0, 0, 0, 1, 0, 0, 0, 1, 3, 0, 0, 1, 2, 0, 1, 0, 2, 0, 1, 0, 2, 1, 0, 0, 1, 1, 3, 1, 1, 3, 3, 1, 0, 0, 2, 0, 0, 0, 2, 1, 0, 0, 0, 0, 1, 0, 0, 0, 0, 0, 1, 0, 2, 0, 0],829.8930236232125,56533.470747758045,98760.82666591895,false
7,G2_TEC,G1_CMAX,[31, 22, 82, 15, 73, 9, 95, 42, 77, 12, 47, 5, 93, 78, 86, 54, 85, 63, 18, 44, 20, 35, 43, 97, 91, 76, 10, 30, 21, 45, 71, 64, 1, 23, 17, 83, 24, 14, 60, 36, 6, 57, 40, 88, 65, 56, 79, 94, 67, 68, 46, 75, 38, 58, 19, 32, 81, 41, 27, 62, 87, 90, 99, 59, 11, 16, 72, 26, 70, 39, 37, 84, 3, 92, 25, 55, 28, 29, 51, 7, 66, 61, 98, 48, 89, 50, 8, 96, 80, 53, 33, 4, 2, 34, 52, 49, 0, 69, 74, 13]|[1, 1, 0, 1, 1, 0, 1, 2, 2, 1, 2, 2, 2, 1, 1, 0, 0, 1, 0, 2, 2, 0, 1, 2, 0, 1, 2, 2, 0, 0, 1, 2, 1, 2, 1, 0, 2, 0, 1, 1, 0, 1, 1, 1, 0, 2, 1, 1, 0, 0, 0, 0, 1, 1, 2, 1, 2, 0, 0, 0, 2, 1, 0, 1, 2, 1, 2, 1, 1, 1, 1, 1, 1, 0, 1, 1, 0, 0, 0, 1, 2, 1, 0, 0, 1, 0, 1, 0, 0, 0, 0, 1, 0, 2, 2, 0, 0, 1, 2, 0]|[4, 3, 2, 2, 4, 1, 2, 2, 2, 4, 1, 1, 2, 4, 4, 1, 2, 4, 2, 1, 1, 1, 1, 2, 1, 2, 1, 1, 1, 1, 3, 2, 3, 0, 4, 0, 1, 1, 0, 3, 2, 2, 2, 0, 1, 1, 0, 4, 0, 1, 2, 2, 1, 4, 0, 3, 2, 1, 1, 2, 2, 3, 1, 1, 1, 3, 0, 4, 3, 1, 4, 1, 1, 0, 4, 4, 2, 1, 1, 1, 0, 3, 1, 1, 1, 1, 3, 1, 1, 2, 2, 4, 2, 1, 1, 1, 2, 4, 1, 2]|[0, 2, 1, 1, 3, 0, 1, 0, 0, 0, 0, 0, 1, 0, 1, 0, 0, 3, 1, 0, 0, 0, 3, 1, 0, 2, 0, 0, 0, 1, 0, 0, 0, 0, 3, 0, 1, 0, 0, 2, 1, 1, 1, 0, 0, 0, 0, 2, 1, 0, 0, 0, 1, 3, 0, 0, 1, 0, 0, 1, 0, 2, 0, 1, 0, 2, 1, 0, 0, 1, 1, 3, 1, 1, 3, 3, 1, 0, 0, 2, 0, 0, 0, 0, 1, 0, 2, 0, 0, 1, 1, 0, 0, 0, 0, 1, 0, 2, 0, 0],832.5936610194905,56912.95400948165,96066.69019682515,true
7,G3_TWC,G3_TWC,[31, 22, 82, 15, 26, 9, 95, 42, 77, 12, 47, 5, 93, 78, 86, 54, 85, 63, 18, 44, 20, 35, 43, 97, 91, 76, 10, 30, 21, 45, 71, 64, 1, 23, 17, 83, 24, 14, 60, 36, 6, 57, 40, 88, 65, 56, 79, 94, 67, 68, 46, 75, 38, 58, 19, 32, 81, 41, 27, 62, 87, 90, 99, 59, 11, 16, 72, 73, 69, 28, 37, 84, 3, 92, 25, 55, 39, 29, 51, 7, 33, 61, 98, 48, 89, 50, 66, 96, 80, 53, 8, 4, 34, 2, 52, 49, 0, 70, 74, 13]|[1, 1, 0, 1, 1, 0, 1, 2, 2, 1, 2, 2, 2, 1, 1, 0, 0, 1, 0, 2, 2, 0, 1, 2, 0, 1, 2, 2, 0, 0, 1, 2, 1, 2, 1, 0, 2, 0, 1, 1, 0, 1, 1, 1, 0, 2, 1, 1, 0, 0, 0, 0, 1, 1, 2, 1, 2, 1, 0, 0, 2, 1, 0, 1, 2, 1, 2, 1, 1, 0, 0, 1, 1, 0, 1, 1, 1, 0, 0, 1, 0, 1, 0, 0, 1, 0, 2, 0, 0, 0, 0, 0, 2, 0, 1, 0, 0, 1, 2, 0]|[4, 3, 2, 2, 4, 1, 2, 2, 2, 4, 1, 1, 2, 4, 4, 1, 2, 4, 2, 1, 1, 1, 1, 2, 1, 2, 1, 1, 1, 1, 3, 2, 3, 0, 4, 0, 1, 1, 0, 3, 2, 2, 2, 0, 1, 1, 0, 4, 0, 1, 2, 2, 1, 0, 0, 3, 2, 4, 1, 2, 2, 3, 1, 1, 1, 3, 0, 4, 3, 2, 1, 1, 1, 0, 4, 4, 1, 1, 1, 1, 2, 3, 1, 1, 1, 1, 1, 1, 1, 2, 1, 2, 1, 2, 1, 1, 2, 4, 1, 2]|[0, 2, 1, 1, 3, 0, 1, 0, 0, 0, 0, 0, 1, 0, 1, 0, 0, 3, 1, 0, 0, 0, 3, 1, 0, 2, 0, 0, 0, 1, 0, 0, 0, 0, 3, 0, 1, 0, 0, 2, 1, 1, 1, 0, 0, 0, 0, 2, 1, 0, 0, 0, 1, 3, 0, 0, 1, 2, 0, 1, 0, 2, 0, 1, 0, 2, 1, 0, 0, 1, 0, 3, 1, 1, 3, 3, 1, 0, 0, 2, 1, 0, 0, 0, 1, 0, 0, 0, 0, 1, 0, 1, 0, 0, 1, 1, 0, 2, 0, 0],847.0427978319374,57913.11646638373,93531.36983571656,false
7,G1_CMAX,G4_BALANCED,[31, 22, 82, 15, 26, 9, 95, 42, 77, 12, 47, 5, 93, 78, 86, 54, 85, 63, 18, 44, 20, 35, 43, 97, 91, 76, 10, 30, 21, 45, 71, 64, 1, 23, 17, 83, 24, 14, 60, 36, 6, 57, 40, 88, 65, 56, 79, 69, 67, 68, 46, 75, 38, 58, 19, 32, 81, 48, 27, 62, 87, 90, 99, 59, 11, 16, 72, 73, 61, 39, 37, 84, 3, 92, 25, 55, 28, 51, 29, 7, 33, 70, 98, 41, 89, 50, 66, 96, 80, 53, 8, 4, 34, 2, 52, 49, 0, 94, 74, 13]|[1, 1, 0, 1, 1, 0, 1, 2, 2, 1, 0, 2, 2, 1, 1, 0, 0, 1, 0, 2, 2, 0, 1, 2, 0, 1, 2, 2, 0, 0, 1, 2, 1, 0, 1, 0, 2, 0, 1, 1, 0, 1, 1, 1, 0, 2, 1, 1, 0, 0, 0, 0, 1, 1, 2, 1, 2, 1, 0, 0, 2, 1, 0, 1, 2, 1, 2, 1, 1, 1, 1, 1, 1, 0, 1, 1, 0, 0, 0, 1, 0, 1, 0, 0, 1, 0, 2, 0, 0, 0, 1, 1, 2, 0, 2, 0, 0, 1, 2, 0]|[4, 3, 2, 2, 4, 1, 2, 2, 2, 4, 2, 1, 2, 4, 4, 1, 2, 4, 2, 1, 1, 1, 1, 2, 1, 2, 1, 1, 1, 1, 3, 2, 3, 0, 4, 0, 1, 1, 0, 3, 2, 2, 2, 0, 1, 1, 0, 4, 0, 1, 2, 2, 1, 0, 0, 3, 2, 4, 1, 2, 2, 3, 1, 1, 1, 3, 0, 4, 3, 1, 4, 1, 1, 0, 4, 4, 2, 1, 1, 1, 1, 3, 1, 1, 1, 1, 1, 1, 1, 2, 3, 4, 1, 2, 1, 1, 2, 4, 1, 2]|[0, 2, 1, 1, 3, 0, 1, 0, 0, 0, 1, 0, 1, 0, 1, 0, 0, 3, 1, 0, 0, 0, 3, 1, 0, 2, 0, 0, 0, 1, 0, 0, 0, 0, 3, 0, 1, 0, 0, 2, 1, 1, 1, 0, 0, 0, 0, 2, 1, 0, 0, 0, 1, 3, 0, 0, 1, 2, 0, 1, 0, 2, 0, 1, 0, 2, 1, 0, 0, 1, 1, 3, 1, 1, 3, 3, 1, 0, 0, 2, 0, 0, 0, 0, 1, 0, 0, 0, 0, 1, 2, 0, 0, 0, 0, 1, 0, 2, 0, 0],845.7571996761072,57030.70314918601,95980.86805352964,true
7,G4_BALANCED,G3_TWC,[31, 22, 82, 15, 26, 9, 95, 42, 77, 12, 47, 5, 93, 78, 86, 54, 85, 63, 18, 44, 20, 35, 43, 97, 91, 76, 10, 30, 21, 45, 71, 64, 1, 23, 17, 83, 24, 14, 60, 36, 6, 57, 40, 88, 65, 56, 79, 94, 67, 68, 46, 75, 38, 58, 19, 32, 81, 41, 27, 48, 87, 90, 99, 59, 11, 16, 72, 73, 70, 39, 37, 84, 98, 92, 25, 55, 28, 29, 51, 7, 66, 61, 3, 62, 89, 50, 8, 96, 80, 53, 33, 2, 13, 4, 52, 49, 0, 69, 74, 34]|[1, 1, 0, 1, 1, 0, 1, 2, 2, 1, 2, 2, 2, 1, 1, 0, 0, 1, 0, 2, 2, 0, 1, 2, 0, 1, 2, 2, 0, 0, 1, 2, 1, 2, 1, 0, 2, 0, 1, 1, 0, 1, 1, 1, 0, 2, 1, 1, 0, 0, 0, 0, 1, 1, 2, 1, 2, 1, 0, 0, 2, 1, 0, 1, 2, 1, 2, 1, 1, 1, 1, 1, 0, 0, 1, 1, 0, 0, 0, 1, 0, 1, 1, 0, 1, 0, 1, 0, 0, 0, 2, 0, 0, 1, 1, 0, 0, 1, 2, 2]|[4, 3, 2, 2, 4, 1, 2, 2, 2, 4, 1, 1, 2, 4, 4, 1, 2, 4, 2, 1, 1, 1, 1, 2, 1, 2, 1, 1, 1, 1, 3, 2, 3, 0, 4, 0, 1, 1, 0, 3, 2, 2, 2, 0, 1, 1, 0, 4, 0, 1, 2, 2, 1, 0, 0, 3, 2, 4, 1, 1, 2, 3, 1, 1, 1, 3, 0, 4, 3, 1, 4, 1, 1, 0, 4, 4, 2, 1, 1, 1, 2, 3, 1, 2, 1, 1, 3, 1, 1, 2, 1, 2, 2, 4, 1, 1, 2, 4, 1, 1]|[0, 2, 1, 1, 3, 0, 1, 0, 0, 0, 0, 0, 1, 0, 1, 0, 0, 3, 1, 0, 0, 0, 3, 1, 0, 2, 0, 0, 0, 1, 0, 0, 0, 0, 3, 0, 1, 0, 0, 2, 1, 1, 1, 0, 0, 0, 0, 2, 1, 0, 0, 0, 1, 3, 0, 0, 1, 2, 0, 0, 0, 2, 0, 1, 0, 2, 1, 0, 0, 1, 1, 3, 0, 1, 3, 3, 1, 0, 0, 2, 1, 0, 1, 1, 1, 0, 2, 0, 0, 1, 0, 0, 0, 0, 1, 1, 0, 2, 0, 0],814.8669040613115,57404.78709343108,94946.52325646723,true
7,G2_TEC,G2_TEC,[31, 22, 82, 15, 26, 9, 95, 42, 77, 68, 47, 5, 93, 78, 86, 54, 85, 63, 18, 44, 20, 49, 36, 14, 74, 50, 53, 17, 21, 45, 71, 64, 3, 23, 30, 83, 24, 41, 60, 52, 65, 27, 90, 70, 39, 87, 48, 69, 99, 4, 46, 1, 38, 58, 97, 59, 28, 8, 73, 37, 35, 79, 11, 66, 76, 57, 40, 80, 96, 6, 16, 61, 33, 98, 32, 34, 62, 67, 10, 7, 56, 88, 51, 19, 91, 13, 29, 92, 0, 75, 2, 55, 43, 84, 81, 25, 12, 94, 89, 72]|[2, 1, 2, 1, 1, 2, 1, 1, 1, 1, 1, 0, 2, 2, 1, 2, 0, 0, 0, 2, 2, 1, 0, 2, 0, 2, 2, 1, 0, 1, 1, 1, 0, 0, 1, 0, 2, 1, 2, 2, 0, 1, 1, 1, 0, 2, 0, 2, 1, 0, 0, 2, 2, 0, 2, 0, 2, 1, 0, 0, 2, 1, 0, 2, 2, 0, 2, 2, 0, 1, 2, 1, 1, 0, 0, 1, 1, 1, 1, 2, 2, 1, 1, 1, 1, 0, 1, 0, 0, 0, 2, 0, 1, 0, 1, 1, 1, 1, 1, 1]|[0, 3, 0, 2, 4, 1, 4, 4, 2, 4, 3, 2, 1, 0, 2, 1, 1, 1, 2, 1, 1, 3, 0, 1, 0, 1, 1, 4, 1, 4, 3, 2, 2, 0, 4, 1, 1, 4, 0, 1, 2, 2, 4, 4, 1, 1, 0, 2, 3, 1, 2, 1, 2, 1, 1, 2, 0, 3, 0, 2, 2, 3, 1, 0, 1, 0, 0, 1, 2, 4, 1, 3, 4, 2, 2, 4, 3, 3, 3, 1, 0, 4, 3, 4, 3, 2, 3, 2, 2, 2, 1, 2, 4, 2, 1, 4, 3, 4, 4, 4]|[0, 2, 0, 1, 3, 0, 1, 3, 0, 0, 2, 0, 1, 0, 1, 0, 0, 0, 1, 0, 0, 2, 0, 0, 1, 0, 0, 3, 0, 1, 0, 2, 0, 0, 3, 0, 1, 3, 1, 0, 0, 1, 1, 3, 0, 0, 1, 0, 2, 0, 0, 0, 0, 0, 1, 0, 0, 0, 1, 1, 0, 2, 0, 0, 0, 1, 0, 0, 0, 2, 0, 0, 1, 0, 0, 2, 0, 0, 3, 0, 0, 1, 0, 3, 0, 0, 0, 0, 0, 0, 0, 0, 2, 1, 1, 3, 0, 2, 1, 2],869.4752395254441,52665.57610919407,115075.84488036501,false
7,G3_TWC,G3_TWC,[31, 22, 82, 15, 26, 9, 95, 42, 77, 12, 47, 5, 93, 78, 86, 54, 85, 63, 18, 44, 20, 35, 43, 97, 91, 76, 10, 30, 21, 45, 71, 64, 1, 23, 17, 83, 24, 14, 60, 36, 6, 57, 40, 88, 65, 56, 79, 94, 67, 68, 46, 75, 38, 58, 19, 32, 81, 41, 27, 62, 87, 90, 99, 59, 11, 16, 72, 73, 69, 28, 37, 84, 3, 92, 25, 55, 39, 29, 51, 7, 33, 61, 98, 48, 89, 50, 66, 96, 80, 53, 8, 4, 34, 2, 52, 49, 0, 70, 74, 13]|[1, 1, 0, 1, 1, 0, 1, 2, 2, 1, 2, 2, 2, 1, 1, 0, 0, 1, 0, 2, 2, 0, 1, 2, 0, 1, 2, 2, 0, 0, 1, 2, 1, 2, 1, 0, 2, 0, 1, 1, 0, 1, 1, 1, 0, 2, 1, 1, 0, 0, 0, 0, 1, 1, 2, 1, 2, 1, 0, 0, 2, 1, 0, 1, 2, 1, 2, 1, 1, 0, 0, 1, 1, 0, 1, 1, 1, 0, 0, 1, 0, 1, 0, 0, 1, 0, 2, 0, 0, 0, 0, 0, 2, 0, 1, 0, 0, 1, 2, 0]|[4, 3, 2, 2, 4, 1, 2, 2, 2, 4, 1, 1, 2, 4, 4, 1, 2, 4, 2, 1, 1, 1, 1, 2, 1, 2, 1, 1, 1, 1, 3, 2, 3, 0, 4, 0, 1, 1, 0, 3, 2, 2, 2, 0, 1, 1, 0, 4, 0, 1, 2, 2, 1, 0, 0, 3, 2, 4, 1, 2, 2, 3, 1, 1, 1, 3, 0, 4, 3, 2, 1, 1, 1, 0, 4, 4, 1, 1, 1, 1, 2, 3, 1, 1, 1, 1, 1, 1, 1, 2, 1, 2, 1, 2, 1, 1, 2, 4, 1, 2]|[0, 2, 1, 1, 3, 0, 1, 0, 0, 0, 0, 0, 1, 0, 1, 0, 0, 3, 1, 0, 0, 0, 3, 1, 0, 2, 0, 0, 0, 1, 0, 0, 0, 0, 3, 0, 1, 0, 0, 2, 1, 1, 1, 0, 0, 0, 0, 2, 1, 0, 0, 0, 1, 3, 0, 0, 1, 2, 0, 1, 0, 2, 0, 1, 0, 2, 1, 0, 0, 1, 0, 3, 1, 1, 3, 3, 1, 0, 0, 2, 1, 0, 0, 0, 1, 0, 0, 0, 0, 1, 0, 1, 0, 0, 1, 1, 0, 2, 0, 0],847.0427978319374,57913.11646638373,93531.36983571656,false
7,G1_CMAX,G4_BALANCED,[31, 22, 82, 15, 26, 9, 95, 42, 77, 12, 47, 5, 93, 78, 86, 54, 85, 63, 18, 44, 20, 35, 43, 97, 91, 76, 10, 30, 21, 45, 71, 64, 1, 23, 17, 83, 24, 14, 60, 36, 6, 57, 40, 88, 65, 56, 79, 69, 67, 68, 46, 75, 38, 58, 19, 32, 81, 48, 27, 62, 87, 90, 99, 59, 11, 16, 72, 73, 61, 39, 37, 84, 3, 92, 25, 55, 28, 51, 29, 7, 33, 70, 98, 41, 89, 50, 66, 96, 80, 53, 8, 4, 34, 2, 52, 49, 0, 94, 74, 13]|[1, 1, 0, 1, 1, 0, 1, 2, 2, 1, 0, 2, 2, 1, 1, 0, 0, 1, 0, 2, 2, 0, 1, 2, 0, 1, 2, 2, 0, 0, 1, 2, 1, 0, 1, 0, 2, 0, 1, 1, 0, 1, 1, 1, 0, 2, 1, 1, 0, 0, 0, 0, 1, 1, 2, 1, 2, 1, 0, 0, 2, 1, 0, 1, 2, 1, 2, 1, 1, 1, 1, 1, 1, 0, 1, 1, 0, 0, 0, 1, 0, 1, 0, 0, 1, 0, 2, 0, 0, 0, 1, 1, 2, 0, 2, 0, 0, 1, 2, 0]|[4, 3, 2, 2, 4, 1, 2, 2, 2, 4, 2, 1, 2, 4, 4, 1, 2, 4, 2, 1, 1, 1, 1, 2, 1, 2, 1, 1, 1, 1, 3, 2, 3, 0, 4, 0, 1, 1, 0, 3, 2, 2, 2, 0, 1, 1, 0, 4, 0, 1, 2, 2, 1, 0, 0, 3, 2, 4, 1, 2, 2, 3, 1, 1, 1, 3, 0, 4, 3, 1, 4, 1, 1, 0, 4, 4, 2, 1, 1, 1, 1, 3, 1, 1, 1, 1, 1, 1, 1, 2, 3, 4, 1, 2, 1, 1, 2, 4, 1, 2]|[0, 2, 1, 1, 3, 0, 1, 0, 0, 0, 1, 0, 1, 0, 1, 0, 0, 3, 1, 0, 0, 0, 3, 1, 0, 2, 0, 0, 0, 1, 0, 0, 0, 0, 3, 0, 1, 0, 0, 2, 1, 1, 1, 0, 0, 0, 0, 2, 1, 0, 0, 0, 1, 3, 0, 0, 1, 2, 0, 1, 0, 2, 0, 1, 0, 2, 1, 0, 0, 1, 1, 3, 1, 1, 3, 3, 1, 0, 0, 2, 0, 0, 0, 0, 1, 0, 0, 0, 0, 1, 2, 0, 0, 0, 0, 1, 0, 2, 0, 0],845.7571996761072,57030.70314918601,95980.86805352964,true
7,G4_BALANCED,G2_TEC,[31, 22, 82, 15, 26, 9, 95, 42, 77, 4, 47, 5, 93, 78, 86, 54, 85, 63, 18, 44, 20, 49, 36, 14, 74, 50, 53, 17, 21, 45, 71, 64, 3, 23, 30, 83, 24, 41, 60, 52, 65, 27, 90, 70, 39, 87, 48, 69, 99, 68, 46, 1, 38, 58, 97, 59, 28, 8, 73, 37, 35, 79, 11, 66, 76, 57, 40, 80, 92, 6, 16, 61, 33, 98, 32, 34, 62, 67, 10, 7, 56, 88, 29, 19, 91, 13, 84, 96, 25, 75, 2, 55, 43, 51, 81, 0, 12, 94, 89, 72]|[2, 1, 2, 1, 1, 2, 1, 1, 1, 0, 1, 0, 2, 2, 1, 2, 0, 0, 0, 2, 2, 1, 0, 2, 0, 2, 2, 1, 0, 1, 1, 1, 0, 0, 1, 0, 2, 1, 2, 2, 0, 1, 1, 1, 0, 2, 0, 2, 1, 0, 0, 2, 2, 0, 2, 0, 2, 0, 0, 0, 2, 1, 0, 2, 2, 0, 2, 2, 0, 0, 1, 1, 1, 0, 0, 1, 0, 1, 1, 2, 2, 1, 1, 2, 1, 0, 0, 0, 1, 0, 2, 0, 1, 1, 1, 0, 1, 1, 1, 1]|[0, 3, 0, 2, 4, 1, 4, 4, 2, 1, 3, 2, 1, 0, 2, 1, 1, 1, 2, 1, 1, 3, 0, 1, 0, 1, 1, 4, 1, 4, 3, 2, 2, 0, 4, 1, 1, 4, 0, 1, 2, 2, 4, 4, 1, 1, 0, 2, 3, 1, 2, 1, 2, 1, 1, 2, 0, 2, 0, 2, 2, 3, 1, 0, 1, 0, 0, 1, 2, 1, 0, 3, 4, 1, 2, 4, 2, 3, 3, 1, 0, 4, 3, 0, 3, 2, 2, 2, 4, 2, 1, 2, 4, 3, 1, 2, 3, 4, 4, 4]|[0, 2, 0, 1, 3, 0, 1, 3, 0, 0, 2, 0, 1, 0, 1, 0, 0, 0, 1, 0, 0, 2, 0, 0, 1, 0, 0, 3, 0, 1, 0, 2, 0, 0, 3, 0, 1, 3, 1, 0, 0, 1, 1, 3, 0, 0, 1, 0, 2, 0, 0, 0, 0, 0, 1, 0, 0, 0, 1, 1, 0, 2, 0, 0, 0, 1, 0, 0, 0, 0, 1, 0, 1, 0, 0, 2, 1, 0, 3, 0, 0, 1, 0, 0, 0, 0, 1, 0, 3, 0, 0, 0, 2, 0, 1, 0, 0, 2, 1, 2],941.0465342215367,53297.82718035426,114554.20017014306,true
7,G2_TEC,G2_TEC,[31, 22, 82, 15, 26, 9, 95, 42, 77, 68, 47, 5, 93, 78, 86, 54, 85, 63, 18, 44, 20, 49, 36, 14, 74, 50, 53, 17, 21, 45, 71, 64, 3, 23, 30, 83, 24, 41, 60, 52, 65, 27, 90, 70, 39, 87, 48, 69, 99, 4, 46, 1, 38, 58, 97, 59, 28, 8, 73, 37, 35, 79, 11, 66, 76, 57, 40, 80, 96, 6, 16, 61, 33, 98, 32, 34, 62, 67, 10, 7, 56, 88, 51, 19, 91, 13, 29, 92, 0, 75, 2, 55, 43, 84, 81, 25, 12, 94, 89, 72]|[2, 1, 2, 1, 1, 2, 1, 1, 1, 1, 1, 0, 2, 2, 1, 2, 0, 0, 0, 2, 2, 1, 0, 2, 0, 2, 2, 1, 0, 1, 1, 1, 0, 0, 1, 0, 2, 1, 2, 2, 0, 1, 1, 1, 0, 2, 0, 2, 1, 0, 0, 2, 2, 0, 2, 0, 2, 1, 0, 0, 2, 1, 0, 2, 2, 0, 2, 2, 0, 1, 2, 1, 1, 0, 0, 1, 1, 1, 1, 2, 2, 1, 1, 1, 1, 0, 1, 0, 0, 0, 2, 0, 1, 0, 1, 1, 1, 1, 1, 1]|[0, 3, 0, 2, 4, 1, 4, 4, 2, 4, 3, 2, 1, 0, 2, 1, 1, 1, 2, 1, 1, 3, 0, 1, 0, 1, 1, 4, 1, 4, 3, 2, 2, 0, 4, 1, 1, 4, 0, 1, 2, 2, 4, 4, 1, 1, 0, 2, 3, 1, 2, 1, 2, 1, 1, 2, 0, 3, 0, 2, 2, 3, 1, 0, 1, 0, 0, 1, 2, 4, 1, 3, 4, 2, 2, 4, 3, 3, 3, 1, 0, 4, 3, 4, 3, 2, 3, 2, 2, 2, 1, 2, 4, 2, 1, 4, 3, 4, 4, 4]|[0, 2, 0, 1, 3, 0, 1, 3, 0, 0, 2, 0, 1, 0, 1, 0, 0, 0, 1, 0, 0, 2, 0, 0, 1, 0, 0, 3, 0, 1, 0, 2, 0, 0, 3, 0, 1, 3, 1, 0, 0, 1, 1, 3, 0, 0, 1, 0, 2, 0, 0, 0, 0, 0, 1, 0, 0, 0, 1, 1, 0, 2, 0, 0, 0, 1, 0, 0, 0, 2, 0, 0, 1, 0, 0, 2, 0, 0, 3, 0, 0, 1, 0, 3, 0, 0, 0, 0, 0, 0, 0, 0, 2, 1, 1, 3, 0, 2, 1, 2],869.4752395254441,52665.57610919407,115075.84488036501,false
7,G3_TWC,G3_TWC,[31, 22, 82, 15, 26, 9, 95, 42, 77, 12, 47, 5, 93, 78, 86, 54, 85, 63, 18, 44, 20, 35, 43, 97, 91, 76, 10, 30, 21, 45, 71, 64, 1, 23, 17, 83, 24, 14, 60, 36, 6, 57, 40, 88, 65, 56, 79, 94, 67, 68, 46, 75, 38, 58, 19, 32, 81, 41, 27, 62, 87, 90, 99, 59, 11, 16, 72, 73, 69, 28, 37, 84, 3, 92, 25, 55, 39, 29, 51, 7, 33, 61, 98, 48, 89, 50, 66, 96, 80, 53, 8, 4, 34, 2, 52, 49, 0, 70, 74, 13]|[1, 1, 0, 1, 1, 0, 1, 2, 2, 1, 2, 2, 2, 1, 1, 0, 0, 1, 0, 2, 2, 0, 1, 2, 0, 1, 2, 2, 0, 0, 1, 2, 1, 2, 1, 0, 2, 0, 1, 1, 0, 1, 1, 1, 0, 2, 1, 1, 0, 0, 0, 0, 1, 1, 2, 1, 2, 1, 0, 0, 2, 1, 0, 1, 2, 1, 2, 1, 1, 0, 0, 1, 1, 0, 1, 1, 1, 0, 0, 1, 0, 1, 0, 0, 1, 0, 2, 0, 0, 0, 0, 0, 2, 0, 1, 0, 0, 1, 2, 0]|[4, 3, 2, 2, 4, 1, 2, 2, 2, 4, 1, 1, 2, 4, 4, 1, 2, 4, 2, 1, 1, 1, 1, 2, 1, 2, 1, 1, 1, 1, 3, 2, 3, 0, 4, 0, 1, 1, 0, 3, 2, 2, 2, 0, 1, 1, 0, 4, 0, 1, 2, 2, 1, 0, 0, 3, 2, 4, 1, 2, 2, 3, 1, 1, 1, 3, 0, 4, 3, 2, 1, 1, 1, 0, 4, 4, 1, 1, 1, 1, 2, 3, 1, 1, 1, 1, 1, 1, 1, 2, 1, 2, 1, 2, 1, 1, 2, 4, 1, 2]|[0, 2, 1, 1, 3, 0, 1, 0, 0, 0, 0, 0, 1, 0, 1, 0, 0, 3, 1, 0, 0, 0, 3, 1, 0, 2, 0, 0, 0, 1, 0, 0, 0, 0, 3, 0, 1, 0, 0, 2, 1, 1, 1, 0, 0, 0, 0, 2, 1, 0, 0, 0, 1, 3, 0, 0, 1, 2, 0, 1, 0, 2, 0, 1, 0, 2, 1, 0, 0, 1, 0, 3, 1, 1, 3, 3, 1, 0, 0, 2, 1, 0, 0, 0, 1, 0, 0, 0, 0, 1, 0, 1, 0, 0, 1, 1, 0, 2, 0, 0],847.0427978319374,57913.11646638373,93531.36983571656,false
7,G1_CMAX,G4_BALANCED,[31, 22, 82, 15, 26, 9, 95, 42, 77, 12, 47, 5, 93, 78, 86, 54, 85, 63, 18, 44, 20, 35, 43, 97, 91, 76, 10, 30, 21, 45, 71, 64, 1, 23, 17, 83, 24, 14, 60, 36, 6, 57, 40, 88, 65, 56, 79, 69, 67, 68, 46, 75, 38, 58, 19, 32, 81, 48, 27, 62, 87, 90, 99, 59, 11, 16, 72, 73, 61, 39, 37, 84, 3, 92, 25, 55, 28, 51, 29, 7, 33, 70, 98, 41, 89, 50, 66, 96, 80, 53, 8, 4, 34, 2, 52, 49, 0, 94, 74, 13]|[1, 1, 0, 1, 1, 0, 1, 2, 2, 1, 0, 2, 2, 1, 1, 0, 0, 1, 0, 2, 2, 0, 1, 2, 0, 1, 2, 2, 0, 0, 1, 2, 1, 0, 1, 0, 2, 0, 1, 1, 0, 1, 1, 1, 0, 2, 1, 1, 0, 0, 0, 0, 1, 1, 2, 1, 2, 1, 0, 0, 2, 1, 0, 1, 2, 1, 2, 1, 1, 1, 1, 1, 1, 0, 1, 1, 0, 0, 0, 1, 0, 1, 0, 0, 1, 0, 2, 0, 0, 0, 1, 1, 2, 0, 2, 0, 0, 1, 2, 0]|[4, 3, 2, 2, 4, 1, 2, 2, 2, 4, 2, 1, 2, 4, 4, 1, 2, 4, 2, 1, 1, 1, 1, 2, 1, 2, 1, 1, 1, 1, 3, 2, 3, 0, 4, 0, 1, 1, 0, 3, 2, 2, 2, 0, 1, 1, 0, 4, 0, 1, 2, 2, 1, 0, 0, 3, 2, 4, 1, 2, 2, 3, 1, 1, 1, 3, 0, 4, 3, 1, 4, 1, 1, 0, 4, 4, 2, 1, 1, 1, 1, 3, 1, 1, 1, 1, 1, 1, 1, 2, 3, 4, 1, 2, 1, 1, 2, 4, 1, 2]|[0, 2, 1, 1, 3, 0, 1, 0, 0, 0, 1, 0, 1, 0, 1, 0, 0, 3, 1, 0, 0, 0, 3, 1, 0, 2, 0, 0, 0, 1, 0, 0, 0, 0, 3, 0, 1, 0, 0, 2, 1, 1, 1, 0, 0, 0, 0, 2, 1, 0, 0, 0, 1, 3, 0, 0, 1, 2, 0, 1, 0, 2, 0, 1, 0, 2, 1, 0, 0, 1, 1, 3, 1, 1, 3, 3, 1, 0, 0, 2, 0, 0, 0, 0, 1, 0, 0, 0, 0, 1, 2, 0, 0, 0, 0, 1, 0, 2, 0, 0],845.7571996761072,57030.70314918601,95980.86805352964,true
7,G4_BALANCED,G4_BALANCED,[31, 22, 82, 15, 26, 9, 95, 42, 77, 12, 47, 5, 93, 78, 86, 54, 85, 63, 18, 44, 20, 35, 43, 97, 91, 76, 10, 30, 21, 45, 71, 64, 1, 23, 17, 83, 24, 14, 60, 36, 6, 57, 40, 88, 65, 56, 79, 69, 67, 68, 46, 75, 38, 58, 19, 32, 81, 48, 27, 62, 87, 90, 99, 59, 11, 16, 72, 73, 61, 39, 37, 84, 3, 92, 25, 55, 28, 51, 29, 7, 66, 70, 98, 8, 89, 50, 41, 96, 80, 53, 33, 2, 34, 4, 52, 49, 0, 94, 74, 13]|[1, 1, 0, 1, 1, 0, 1, 2, 2, 1, 2, 2, 2, 1, 1, 0, 0, 1, 0, 2, 2, 0, 1, 2, 0, 1, 2, 2, 0, 0, 1, 2, 1, 0, 1, 0, 2, 0, 1, 1, 0, 1, 1, 1, 0, 2, 1, 2, 0, 0, 0, 0, 1, 1, 2, 1, 2, 1, 0, 0, 2, 1, 0, 1, 2, 1, 2, 1, 1, 1, 1, 1, 1, 0, 1, 1, 0, 0, 0, 1, 2, 1, 2, 1, 1, 0, 0, 0, 0, 0, 0, 0, 2, 1, 2, 0, 0, 1, 2, 0]|[4, 3, 2, 2, 4, 1, 2, 2, 2, 4, 1, 1, 2, 4, 4, 1, 2, 4, 2, 1, 1, 1, 1, 2, 1, 2, 1, 1, 1, 1, 3, 2, 3, 0, 4, 0, 1, 1, 0, 3, 2, 2, 2, 0, 1, 1, 0, 2, 0, 1, 2, 2, 1, 0, 0, 3, 2, 4, 1, 2, 2, 3, 1, 1, 1, 3, 0, 4, 3, 1, 4, 1, 1, 0, 4, 4, 2, 1, 1, 1, 0, 3, 1, 3, 1, 1, 1, 1, 1, 2, 1, 2, 1, 4, 1, 1, 2, 4, 1, 2]|[0, 2, 1, 1, 3, 0, 1, 0, 0, 0, 0, 0, 1, 0, 1, 0, 0, 3, 1, 0, 0, 0, 3, 1, 0, 2, 0, 0, 0, 1, 0, 0, 0, 0, 3, 0, 1, 0, 0, 2, 1, 1, 1, 0, 0, 0, 0, 0, 1, 0, 0, 0, 1, 3, 0, 0, 1, 2, 0, 1, 0, 2, 0, 1, 0, 2, 1, 0, 0, 1, 1, 3, 1, 1, 3, 3, 1, 0, 0, 2, 0, 0, 0, 2, 1, 0, 0, 0, 0, 1, 0, 0, 0, 0, 0, 1, 0, 2, 0, 0],829.8930236232125,56533.470747758045,98760.82666591895,false
7,G2_TEC,G2_TEC,[31, 22, 82, 15, 26, 9, 95, 42, 77, 68, 47, 5, 93, 78, 86, 54, 85, 63, 18, 44, 20, 49, 36, 14, 74, 50, 53, 17, 21, 45, 71, 64, 3, 23, 30, 83, 24, 41, 60, 52, 65, 27, 90, 70, 39, 87, 48, 69, 99, 4, 46, 1, 38, 58, 97, 59, 28, 8, 73, 37, 35, 79, 11, 66, 76, 57, 40, 80, 96, 6, 16, 61, 33, 98, 32, 34, 62, 67, 10, 7, 56, 88, 51, 19, 91, 13, 29, 92, 0, 75, 2, 55, 43, 84, 81, 25, 12, 94, 89, 72]|[2, 1, 2, 1, 1, 2, 1, 1, 1, 1, 1, 0, 2, 2, 1, 2, 0, 0, 0, 2, 2, 1, 0, 2, 0, 2, 2, 1, 0, 1, 1, 1, 0, 0, 1, 0, 2, 1, 2, 2, 0, 1, 1, 1, 0, 2, 0, 2, 1, 0, 0, 2, 2, 0, 2, 0, 2, 1, 0, 0, 2, 1, 0, 2, 2, 0, 2, 2, 0, 1, 2, 1, 1, 0, 0, 1, 1, 1, 1, 2, 2, 1, 1, 1, 1, 0, 1, 0, 0, 0, 2, 0, 1, 0, 1, 1, 1, 1, 1, 1]|[0, 3, 0, 2, 4, 1, 4, 4, 2, 4, 3, 2, 1, 0, 2, 1, 1, 1, 2, 1, 1, 3, 0, 1, 0, 1, 1, 4, 1, 4, 3, 2, 2, 0, 4, 1, 1, 4, 0, 1, 2, 2, 4, 4, 1, 1, 0, 2, 3, 1, 2, 1, 2, 1, 1, 2, 0, 3, 0, 2, 2, 3, 1, 0, 1, 0, 0, 1, 2, 4, 1, 3, 4, 2, 2, 4, 3, 3, 3, 1, 0, 4, 3, 4, 3, 2, 3, 2, 2, 2, 1, 2, 4, 2, 1, 4, 3, 4, 4, 4]|[0, 2, 0, 1, 3, 0, 1, 3, 0, 0, 2, 0, 1, 0, 1, 0, 0, 0, 1, 0, 0, 2, 0, 0, 1, 0, 0, 3, 0, 1, 0, 2, 0, 0, 3, 0, 1, 3, 1, 0, 0, 1, 1, 3, 0, 0, 1, 0, 2, 0, 0, 0, 0, 0, 1, 0, 0, 0, 1, 1, 0, 2, 0, 0, 0, 1, 0, 0, 0, 2, 0, 0, 1, 0, 0, 2, 0, 0, 3, 0, 0, 1, 0, 3, 0, 0, 0, 0, 0, 0, 0, 0, 2, 1, 1, 3, 0, 2, 1, 2],869.4752395254441,52665.57610919407,115075.84488036501,false
7,G3_TWC,G3_TWC,[31, 22, 82, 15, 26, 9, 95, 42, 77, 12, 47, 5, 93, 78, 86, 54, 85, 63, 18, 44, 20, 35, 43, 97, 91, 76, 10, 30, 21, 45, 71, 64, 1, 23, 17, 83, 24, 14, 60, 36, 6, 57, 40, 88, 65, 56, 79, 94, 67, 68, 46, 75, 38, 58, 19, 32, 81, 41, 27, 62, 87, 90, 99, 59, 11, 16, 72, 73, 69, 28, 37, 84, 3, 92, 25, 55, 39, 29, 51, 7, 33, 61, 98, 48, 89, 50, 66, 96, 80, 53, 8, 4, 34, 2, 52, 49, 0, 70, 74, 13]|[1, 1, 0, 1, 1, 0, 1, 2, 2, 1, 2, 2, 2, 1, 1, 0, 0, 1, 0, 2, 2, 0, 1, 2, 0, 1, 2, 2, 0, 0, 1, 2, 1, 2, 1, 0, 2, 0, 1, 1, 0, 1, 1, 1, 0, 2, 1, 1, 0, 0, 0, 0, 1, 1, 2, 1, 2, 1, 0, 0, 2, 1, 0, 1, 2, 1, 2, 1, 1, 0, 0, 1, 1, 0, 1, 1, 1, 0, 0, 1, 0, 1, 0, 0, 1, 0, 2, 0, 0, 0, 0, 0, 2, 0, 1, 0, 0, 1, 2, 0]|[4, 3, 2, 2, 4, 1, 2, 2, 2, 4, 1, 1, 2, 4, 4, 1, 2, 4, 2, 1, 1, 1, 1, 2, 1, 2, 1, 1, 1, 1, 3, 2, 3, 0, 4, 0, 1, 1, 0, 3, 2, 2, 2, 0, 1, 1, 0, 4, 0, 1, 2, 2, 1, 0, 0, 3, 2, 4, 1, 2, 2, 3, 1, 1, 1, 3, 0, 4, 3, 2, 1, 1, 1, 0, 4, 4, 1, 1, 1, 1, 2, 3, 1, 1, 1, 1, 1, 1, 1, 2, 1, 2, 1, 2, 1, 1, 2, 4, 1, 2]|[0, 2, 1, 1, 3, 0, 1, 0, 0, 0, 0, 0, 1, 0, 1, 0, 0, 3, 1, 0, 0, 0, 3, 1, 0, 2, 0, 0, 0, 1, 0, 0, 0, 0, 3, 0, 1, 0, 0, 2, 1, 1, 1, 0, 0, 0, 0, 2, 1, 0, 0, 0, 1, 3, 0, 0, 1, 2, 0, 1, 0, 2, 0, 1, 0, 2, 1, 0, 0, 1, 0, 3, 1, 1, 3, 3, 1, 0, 0, 2, 1, 0, 0, 0, 1, 0, 0, 0, 0, 1, 0, 1, 0, 0, 1, 1, 0, 2, 0, 0],847.0427978319374,57913.11646638373,93531.36983571656,false
7,G1_CMAX,G4_BALANCED,[31, 22, 82, 15, 26, 9, 95, 42, 77, 12, 47, 5, 93, 78, 86, 54, 85, 63, 18, 44, 20, 35, 43, 97, 91, 76, 10, 30, 21, 45, 71, 64, 1, 23, 17, 83, 24, 14, 60, 36, 6, 57, 40, 88, 65, 56, 79, 69, 67, 68, 46, 75, 38, 58, 19, 32, 81, 48, 27, 62, 87, 90, 99, 59, 11, 16, 72, 73, 61, 39, 37, 84, 3, 92, 25, 55, 28, 51, 29, 7, 33, 70, 98, 41, 89, 50, 66, 96, 80, 53, 8, 4, 34, 2, 52, 49, 0, 94, 74, 13]|[1, 1, 0, 1, 1, 0, 1, 2, 2, 1, 0, 2, 2, 1, 1, 0, 0, 1, 0, 2, 2, 0, 1, 2, 0, 1, 2, 2, 0, 0, 1, 2, 1, 0, 1, 0, 2, 0, 1, 1, 0, 1, 1, 1, 0, 2, 1, 1, 0, 0, 0, 0, 1, 1, 2, 1, 2, 1, 0, 0, 2, 1, 0, 1, 2, 1, 2, 1, 1, 1, 1, 1, 1, 0, 1, 1, 0, 0, 0, 1, 0, 1, 0, 0, 1, 0, 2, 0, 0, 0, 1, 1, 2, 0, 2, 0, 0, 1, 2, 0]|[4, 3, 2, 2, 4, 1, 2, 2, 2, 4, 2, 1, 2, 4, 4, 1, 2, 4, 2, 1, 1, 1, 1, 2, 1, 2, 1, 1, 1, 1, 3, 2, 3, 0, 4, 0, 1, 1, 0, 3, 2, 2, 2, 0, 1, 1, 0, 4, 0, 1, 2, 2, 1, 0, 0, 3, 2, 4, 1, 2, 2, 3, 1, 1, 1, 3, 0, 4, 3, 1, 4, 1, 1, 0, 4, 4, 2, 1, 1, 1, 1, 3, 1, 1, 1, 1, 1, 1, 1, 2, 3, 4, 1, 2, 1, 1, 2, 4, 1, 2]|[0, 2, 1, 1, 3, 0, 1, 0, 0, 0, 1, 0, 1, 0, 1, 0, 0, 3, 1, 0, 0, 0, 3, 1, 0, 2, 0, 0, 0, 1, 0, 0, 0, 0, 3, 0, 1, 0, 0, 2, 1, 1, 1, 0, 0, 0, 0, 2, 1, 0, 0, 0, 1, 3, 0, 0, 1, 2, 0, 1, 0, 2, 0, 1, 0, 2, 1, 0, 0, 1, 1, 3, 1, 1, 3, 3, 1, 0, 0, 2, 0, 0, 0, 0, 1, 0, 0, 0, 0, 1, 2, 0, 0, 0, 0, 1, 0, 2, 0, 0],845.7571996761072,57030.70314918601,95980.86805352964,true
7,G4_BALANCED,G3_TWC,[31, 22, 82, 15, 26, 9, 95, 42, 77, 12, 47, 5, 93, 78, 86, 54, 85, 63, 18, 44, 20, 35, 43, 97, 91, 76, 10, 30, 21, 45, 71, 64, 1, 23, 17, 83, 24, 14, 60, 36, 6, 57, 40, 88, 65, 56, 79, 94, 67, 68, 46, 75, 38, 58, 19, 32, 81, 41, 27, 62, 87, 90, 99, 59, 11, 16, 72, 73, 69, 28, 37, 84, 3, 92, 25, 55, 39, 29, 51, 7, 33, 61, 98, 48, 89, 50, 66, 96, 80, 53, 8, 4, 34, 2, 52, 49, 0, 70, 74, 13]|[1, 1, 0, 1, 1, 0, 1, 2, 2, 1, 2, 2, 2, 1, 1, 0, 0, 1, 0, 2, 2, 0, 1, 2, 0, 1, 2, 2, 0, 0, 1, 2, 1, 2, 1, 0, 2, 0, 1, 1, 0, 1, 1, 1, 0, 2, 1, 1, 0, 0, 0, 0, 1, 1, 2, 1, 2, 1, 0, 0, 2, 1, 0, 1, 2, 1, 2, 1, 1, 0, 0, 1, 1, 0, 1, 1, 1, 0, 0, 1, 0, 1, 0, 0, 1, 0, 2, 0, 0, 0, 0, 0, 2, 0, 1, 0, 0, 1, 2, 0]|[4, 3, 2, 2, 4, 1, 2, 2, 2, 4, 1, 1, 2, 4, 4, 1, 2, 4, 2, 1, 1, 1, 1, 2, 1, 2, 1, 1, 1, 1, 3, 2, 3, 0, 4, 0, 1, 1, 0, 3, 2, 2, 2, 0, 1, 1, 0, 4, 0, 1, 2, 2, 1, 0, 0, 3, 2, 4, 1, 2, 2, 3, 1, 1, 1, 3, 0, 4, 3, 2, 1, 1, 1, 0, 4, 4, 1, 1, 1, 1, 2, 3, 1, 1, 1, 1, 1, 1, 1, 2, 1, 2, 1, 2, 1, 1, 2, 4, 1, 2]|[0, 2, 1, 1, 3, 0, 1, 0, 0, 0, 0, 0, 1, 0, 1, 0, 0, 3, 1, 0, 0, 0, 3, 1, 0, 2, 0, 0, 0, 1, 0, 0, 0, 0, 3, 0, 1, 0, 0, 2, 1, 1, 1, 0, 0, 0, 0, 2, 1, 0, 0, 0, 1, 3, 0, 0, 1, 2, 0, 1, 0, 2, 0, 1, 0, 2, 1, 0, 0, 1, 0, 3, 1, 1, 3, 3, 1, 0, 0, 2, 1, 0, 0, 0, 1, 0, 0, 0, 0, 1, 0, 1, 0, 0, 1, 1, 0, 2, 0, 0],847.0427978319374,57913.11646638373,93531.36983571656,true
7,G2_TEC,G2_TEC,[31, 22, 82, 15, 26, 9, 95, 42, 77, 68, 47, 5, 93, 78, 86, 54, 85, 63, 18, 44, 20, 49, 36, 14, 74, 50, 53, 17, 21, 45, 71, 64, 3, 23, 30, 83, 24, 41, 60, 52, 65, 27, 90, 70, 39, 87, 48, 69, 99, 4, 46, 1, 38, 58, 97, 59, 28, 8, 73, 37, 35, 79, 11, 66, 76, 57, 40, 80, 96, 6, 16, 61, 33, 98, 32, 34, 62, 67, 10, 7, 56, 88, 51, 19, 91, 13, 29, 92, 0, 75, 2, 55, 43, 84, 81, 25, 12, 94, 89, 72]|[2, 1, 2, 1, 1, 2, 1, 1, 1, 1, 1, 0, 2, 2, 1, 2, 0, 0, 0, 2, 2, 1, 0, 2, 0, 2, 2, 1, 0, 1, 1, 1, 0, 0, 1, 0, 2, 1, 2, 2, 0, 1, 1, 1, 0, 2, 0, 2, 1, 0, 0, 2, 2, 0, 2, 0, 2, 1, 0, 0, 2, 1, 0, 2, 2, 0, 2, 2, 0, 1, 2, 1, 1, 0, 0, 1, 1, 1, 1, 2, 2, 1, 1, 1, 1, 0, 1, 0, 0, 0, 2, 0, 1, 0, 1, 1, 1, 1, 1, 1]|[0, 3, 0, 2, 4, 1, 4, 4, 2, 4, 3, 2, 1, 0, 2, 1, 1, 1, 2, 1, 1, 3, 0, 1, 0, 1, 1, 4, 1, 4, 3, 2, 2, 0, 4, 1, 1, 4, 0, 1, 2, 2, 4, 4, 1, 1, 0, 2, 3, 1, 2, 1, 2, 1, 1, 2, 0, 3, 0, 2, 2, 3, 1, 0, 1, 0, 0, 1, 2, 4, 1, 3, 4, 2, 2, 4, 3, 3, 3, 1, 0, 4, 3, 4, 3, 2, 3, 2, 2, 2, 1, 2, 4, 2, 1, 4, 3, 4, 4, 4]|[0, 2, 0, 1, 3, 0, 1, 3, 0, 0, 2, 0, 1, 0, 1, 0, 0, 0, 1, 0, 0, 2, 0, 0, 1, 0, 0, 3, 0, 1, 0, 2, 0, 0, 3, 0, 1, 3, 1, 0, 0, 1, 1, 3, 0, 0, 1, 0, 2, 0, 0, 0, 0, 0, 1, 0, 0, 0, 1, 1, 0, 2, 0, 0, 0, 1, 0, 0, 0, 2, 0, 0, 1, 0, 0, 2, 0, 0, 3, 0, 0, 1, 0, 3, 0, 0, 0, 0, 0, 0, 0, 0, 2, 1, 1, 3, 0, 2, 1, 2],869.4752395254441,52665.57610919407,115075.84488036501,false
7,G3_TWC,G3_TWC,[31, 22, 82, 15, 26, 9, 95, 42, 77, 12, 47, 5, 93, 78, 86, 54, 85, 63, 18, 44, 20, 35, 43, 97, 91, 76, 10, 30, 21, 45, 71, 64, 1, 23, 17, 83, 24, 14, 60, 36, 6, 57, 40, 88, 65, 56, 79, 94, 67, 68, 46, 75, 38, 58, 19, 32, 81, 41, 27, 62, 87, 90, 99, 59, 11, 16, 72, 73, 69, 28, 37, 84, 3, 92, 25, 55, 39, 29, 51, 7, 33, 61, 98, 48, 89, 50, 66, 96, 80, 53, 8, 4, 34, 2, 52, 49, 0, 70, 74, 13]|[1, 1, 0, 1, 1, 0, 1, 2, 2, 1, 2, 2, 2, 1, 1, 0, 0, 1, 0, 2, 2, 0, 1, 2, 0, 1, 2, 2, 0, 0, 1, 2, 1, 2, 1, 0, 2, 0, 1, 1, 0, 1, 1, 1, 0, 2, 1, 1, 0, 0, 0, 0, 1, 1, 2, 1, 2, 1, 0, 0, 2, 1, 0, 1, 2, 1, 2, 1, 1, 0, 0, 1, 1, 0, 1, 1, 1, 0, 0, 1, 0, 1, 0, 0, 1, 0, 2, 0, 0, 0, 0, 0, 2, 0, 1, 0, 0, 1, 2, 0]|[4, 3, 2, 2, 4, 1, 2, 2, 2, 4, 1, 1, 2, 4, 4, 1, 2, 4, 2, 1, 1, 1, 1, 2, 1, 2, 1, 1, 1, 1, 3, 2, 3, 0, 4, 0, 1, 1, 0, 3, 2, 2, 2, 0, 1, 1, 0, 4, 0, 1, 2, 2, 1, 0, 0, 3, 2, 4, 1, 2, 2, 3, 1, 1, 1, 3, 0, 4, 3, 2, 1, 1, 1, 0, 4, 4, 1, 1, 1, 1, 2, 3, 1, 1, 1, 1, 1, 1, 1, 2, 1, 2, 1, 2, 1, 1, 2, 4, 1, 2]|[0, 2, 1, 1, 3, 0, 1, 0, 0, 0, 0, 0, 1, 0, 1, 0, 0, 3, 1, 0, 0, 0, 3, 1, 0, 2, 0, 0, 0, 1, 0, 0, 0, 0, 3, 0, 1, 0, 0, 2, 1, 1, 1, 0, 0, 0, 0, 2, 1, 0, 0, 0, 1, 3, 0, 0, 1, 2, 0, 1, 0, 2, 0, 1, 0, 2, 1, 0, 0, 1, 0, 3, 1, 1, 3, 3, 1, 0, 0, 2, 1, 0, 0, 0, 1, 0, 0, 0, 0, 1, 0, 1, 0, 0, 1, 1, 0, 2, 0, 0],847.0427978319374,57913.11646638373,93531.36983571656,false
7,G1_CMAX,G4_BALANCED,[31, 22, 82, 15, 26, 9, 95, 42, 77, 12, 47, 5, 93, 78, 86, 54, 85, 63, 18, 44, 20, 35, 43, 97, 91, 76, 10, 30, 21, 45, 71, 64, 1, 23, 17, 83, 24, 14, 60, 36, 6, 57, 40, 88, 65, 56, 79, 69, 67, 68, 46, 75, 38, 58, 19, 32, 81, 48, 27, 62, 87, 90, 99, 59, 11, 16, 72, 73, 61, 39, 37, 84, 3, 92, 25, 55, 28, 51, 29, 7, 33, 70, 98, 41, 89, 50, 66, 96, 80, 53, 8, 4, 34, 2, 52, 49, 0, 94, 74, 13]|[1, 1, 0, 1, 1, 0, 1, 2, 2, 1, 0, 2, 2, 1, 1, 0, 0, 1, 0, 2, 2, 0, 1, 2, 0, 1, 2, 2, 0, 0, 1, 2, 1, 0, 1, 0, 2, 0, 1, 1, 0, 1, 1, 1, 0, 2, 1, 1, 0, 0, 0, 0, 1, 1, 2, 1, 2, 1, 0, 0, 2, 1, 0, 1, 2, 1, 2, 1, 1, 1, 1, 1, 1, 0, 1, 1, 0, 0, 0, 1, 0, 1, 0, 0, 1, 0, 2, 0, 0, 0, 1, 1, 2, 0, 2, 0, 0, 1, 2, 0]|[4, 3, 2, 2, 4, 1, 2, 2, 2, 4, 2, 1, 2, 4, 4, 1, 2, 4, 2, 1, 1, 1, 1, 2, 1, 2, 1, 1, 1, 1, 3, 2, 3, 0, 4, 0, 1, 1, 0, 3, 2, 2, 2, 0, 1, 1, 0, 4, 0, 1, 2, 2, 1, 0, 0, 3, 2, 4, 1, 2, 2, 3, 1, 1, 1, 3, 0, 4, 3, 1, 4, 1, 1, 0, 4, 4, 2, 1, 1, 1, 1, 3, 1, 1, 1, 1, 1, 1, 1, 2, 3, 4, 1, 2, 1, 1, 2, 4, 1, 2]|[0, 2, 1, 1, 3, 0, 1, 0, 0, 0, 1, 0, 1, 0, 1, 0, 0, 3, 1, 0, 0, 0, 3, 1, 0, 2, 0, 0, 0, 1, 0, 0, 0, 0, 3, 0, 1, 0, 0, 2, 1, 1, 1, 0, 0, 0, 0, 2, 1, 0, 0, 0, 1, 3, 0, 0, 1, 2, 0, 1, 0, 2, 0, 1, 0, 2, 1, 0, 0, 1, 1, 3, 1, 1, 3, 3, 1, 0, 0, 2, 0, 0, 0, 0, 1, 0, 0, 0, 0, 1, 2, 0, 0, 0, 0, 1, 0, 2, 0, 0],845.7571996761072,57030.70314918601,95980.86805352964,true
7,G4_BALANCED,G4_BALANCED,[31, 22, 82, 15, 26, 9, 95, 42, 77, 12, 47, 5, 93, 78, 86, 54, 85, 63, 18, 44, 20, 35, 43, 97, 91, 76, 10, 30, 21, 45, 71, 64, 1, 23, 17, 83, 24, 14, 60, 36, 6, 57, 40, 88, 65, 56, 79, 69, 67, 68, 46, 75, 38, 58, 19, 32, 81, 48, 27, 62, 87, 90, 99, 59, 11, 16, 72, 73, 61, 39, 37, 84, 3, 92, 25, 55, 28, 51, 29, 7, 66, 70, 98, 8, 89, 50, 41, 96, 80, 53, 33, 2, 34, 4, 52, 49, 0, 94, 74, 13]|[1, 1, 0, 1, 1, 0, 1, 2, 2, 1, 2, 2, 2, 1, 1, 0, 0, 1, 0, 2, 2, 0, 1, 2, 0, 1, 2, 2, 0, 0, 1, 2, 1, 0, 1, 0, 2, 0, 1, 1, 0, 1, 1, 1, 0, 2, 1, 2, 0, 0, 0, 0, 1, 1, 2, 1, 2, 1, 0, 0, 2, 1, 0, 1, 2, 1, 2, 1, 1, 1, 1, 1, 1, 0, 1, 1, 0, 0, 0, 1, 2, 1, 2, 1, 1, 0, 0, 0, 0, 0, 0, 0, 2, 1, 2, 0, 0, 1, 2, 0]|[4, 3, 2, 2, 4, 1, 2, 2, 2, 4, 1, 1, 2, 4, 4, 1, 2, 4, 2, 1, 1, 1, 1, 2, 1, 2, 1, 1, 1, 1, 3, 2, 3, 0, 4, 0, 1, 1, 0, 3, 2, 2, 2, 0, 1, 1, 0, 2, 0, 1, 2, 2, 1, 0, 0, 3, 2, 4, 1, 2, 2, 3, 1, 1, 1, 3, 0, 4, 3, 1, 4, 1, 1, 0, 4, 4, 2, 1, 1, 1, 0, 3, 1, 3, 1, 1, 1, 1, 1, 2, 1, 2, 1, 4, 1, 1, 2, 4, 1, 2]|[0, 2, 1, 1, 3, 0, 1, 0, 0, 0, 0, 0, 1, 0, 1, 0, 0, 3, 1, 0, 0, 0, 3, 1, 0, 2, 0, 0, 0, 1, 0, 0, 0, 0, 3, 0, 1, 0, 0, 2, 1, 1, 1, 0, 0, 0, 0, 0, 1, 0, 0, 0, 1, 3, 0, 0, 1, 2, 0, 1, 0, 2, 0, 1, 0, 2, 1, 0, 0, 1, 1, 3, 1, 1, 3, 3, 1, 0, 0, 2, 0, 0, 0, 2, 1, 0, 0, 0, 0, 1, 0, 0, 0, 0, 0, 1, 0, 2, 0, 0],829.8930236232125,56533.470747758045,98760.82666591895,false
7,G2_TEC,G2_TEC,[31, 22, 82, 15, 26, 9, 95, 42, 77, 68, 47, 5, 93, 78, 86, 54, 85, 63, 18, 44, 20, 49, 36, 14, 74, 50, 53, 17, 21, 45, 71, 64, 3, 23, 30, 83, 24, 41, 60, 52, 65, 27, 90, 70, 39, 87, 48, 69, 99, 4, 46, 1, 38, 58, 97, 59, 28, 8, 73, 37, 35, 79, 11, 66, 76, 57, 40, 80, 96, 6, 16, 61, 33, 98, 32, 34, 62, 67, 10, 7, 56, 88, 51, 19, 91, 13, 29, 92, 0, 75, 2, 55, 43, 84, 81, 25, 12, 94, 89, 72]|[2, 1, 2, 1, 1, 2, 1, 1, 1, 1, 1, 0, 2, 2, 1, 2, 0, 0, 0, 2, 2, 1, 0, 2, 0, 2, 2, 1, 0, 1, 1, 1, 0, 0, 1, 0, 2, 1, 2, 2, 0, 1, 1, 1, 0, 2, 0, 2, 1, 0, 0, 2, 2, 0, 2, 0, 2, 1, 0, 0, 2, 1, 0, 2, 2, 0, 2, 2, 0, 1, 2, 1, 1, 0, 0, 1, 1, 1, 1, 2, 2, 1, 1, 1, 1, 0, 1, 0, 0, 0, 2, 0, 1, 0, 1, 1, 1, 1, 1, 1]|[0, 3, 0, 2, 4, 1, 4, 4, 2, 4, 3, 2, 1, 0, 2, 1, 1, 1, 2, 1, 1, 3, 0, 1, 0, 1, 1, 4, 1, 4, 3, 2, 2, 0, 4, 1, 1, 4, 0, 1, 2, 2, 4, 4, 1, 1, 0, 2, 3, 1, 2, 1, 2, 1, 1, 2, 0, 3, 0, 2, 2, 3, 1, 0, 1, 0, 0, 1, 2, 4, 1, 3, 4, 2, 2, 4, 3, 3, 3, 1, 0, 4, 3, 4, 3, 2, 3, 2, 2, 2, 1, 2, 4, 2, 1, 4, 3, 4, 4, 4]|[0, 2, 0, 1, 3, 0, 1, 3, 0, 0, 2, 0, 1, 0, 1, 0, 0, 0, 1, 0, 0, 2, 0, 0, 1, 0, 0, 3, 0, 1, 0, 2, 0, 0, 3, 0, 1, 3, 1, 0, 0, 1, 1, 3, 0, 0, 1, 0, 2, 0, 0, 0, 0, 0, 1, 0, 0, 0, 1, 1, 0, 2, 0, 0, 0, 1, 0, 0, 0, 2, 0, 0, 1, 0, 0, 2, 0, 0, 3, 0, 0, 1, 0, 3, 0, 0, 0, 0, 0, 0, 0, 0, 2, 1, 1, 3, 0, 2, 1, 2],869.4752395254441,52665.57610919407,115075.84488036501,false
7,G3_TWC,G3_TWC,[31, 22, 82, 15, 26, 9, 95, 42, 77, 12, 47, 5, 93, 78, 86, 54, 85, 63, 18, 44, 20, 35, 43, 97, 91, 76, 10, 30, 21, 45, 71, 64, 1, 23, 17, 83, 24, 14, 60, 36, 6, 57, 40, 88, 65, 56, 79, 94, 67, 68, 46, 75, 38, 58, 19, 32, 81, 41, 27, 62, 87, 90, 99, 59, 11, 16, 72, 73, 69, 28, 37, 84, 3, 92, 25, 55, 39, 29, 51, 7, 33, 61, 98, 48, 89, 50, 66, 96, 80, 53, 8, 4, 34, 2, 52, 49, 0, 70, 74, 13]|[1, 1, 0, 1, 1, 0, 1, 2, 2, 1, 2, 2, 2, 1, 1, 0, 0, 1, 0, 2, 2, 0, 1, 2, 0, 1, 2, 2, 0, 0, 1, 2, 1, 2, 1, 0, 2, 0, 1, 1, 0, 1, 1, 1, 0, 2, 1, 1, 0, 0, 0, 0, 1, 1, 2, 1, 2, 1, 0, 0, 2, 1, 0, 1, 2, 1, 2, 1, 1, 0, 0, 1, 1, 0, 1, 1, 1, 0, 0, 1, 0, 1, 0, 0, 1, 0, 2, 0, 0, 0, 0, 0, 2, 0, 1, 0, 0, 1, 2, 0]|[4, 3, 2, 2, 4, 1, 2, 2, 2, 4, 1, 1, 2, 4, 4, 1, 2, 4, 2, 1, 1, 1, 1, 2, 1, 2, 1, 1, 1, 1, 3, 2, 3, 0, 4, 0, 1, 1, 0, 3, 2, 2, 2, 0, 1, 1, 0, 4, 0, 1, 2, 2, 1, 0, 0, 3, 2, 4, 1, 2, 2, 3, 1, 1, 1, 3, 0, 4, 3, 2, 1, 1, 1, 0, 4, 4, 1, 1, 1, 1, 2, 3, 1, 1, 1, 1, 1, 1, 1, 2, 1, 2, 1, 2, 1, 1, 2, 4, 1, 2]|[0, 2, 1, 1, 3, 0, 1, 0, 0, 0, 0, 0, 1, 0, 1, 0, 0, 3, 1, 0, 0, 0, 3, 1, 0, 2, 0, 0, 0, 1, 0, 0, 0, 0, 3, 0, 1, 0, 0, 2, 1, 1, 1, 0, 0, 0, 0, 2, 1, 0, 0, 0, 1, 3, 0, 0, 1, 2, 0, 1, 0, 2, 0, 1, 0, 2, 1, 0, 0, 1, 0, 3, 1, 1, 3, 3, 1, 0, 0, 2, 1, 0, 0, 0, 1, 0, 0, 0, 0, 1, 0, 1, 0, 0, 1, 1, 0, 2, 0, 0],847.0427978319374,57913.11646638373,93531.36983571656,false
7,G1_CMAX,G4_BALANCED,[31, 22, 82, 15, 26, 9, 95, 42, 77, 12, 47, 5, 93, 78, 86, 54, 85, 63, 18, 44, 20, 35, 43, 97, 91, 76, 10, 30, 21, 45, 71, 64, 1, 23, 17, 83, 24, 14, 60, 36, 6, 57, 40, 88, 65, 56, 79, 69, 67, 68, 46, 75, 38, 58, 19, 32, 81, 48, 27, 62, 87, 90, 99, 59, 11, 16, 72, 73, 61, 39, 37, 84, 3, 92, 25, 55, 28, 51, 29, 7, 33, 70, 98, 41, 89, 50, 66, 96, 80, 53, 8, 4, 34, 2, 52, 49, 0, 94, 74, 13]|[1, 1, 0, 1, 1, 0, 1, 2, 2, 1, 0, 2, 2, 1, 1, 0, 0, 1, 0, 2, 2, 0, 1, 2, 0, 1, 2, 2, 0, 0, 1, 2, 1, 0, 1, 0, 2, 0, 1, 1, 0, 1, 1, 1, 0, 2, 1, 1, 0, 0, 0, 0, 1, 1, 2, 1, 2, 1, 0, 0, 2, 1, 0, 1, 2, 1, 2, 1, 1, 1, 1, 1, 1, 0, 1, 1, 0, 0, 0, 1, 0, 1, 0, 0, 1, 0, 2, 0, 0, 0, 1, 1, 2, 0, 2, 0, 0, 1, 2, 0]|[4, 3, 2, 2, 4, 1, 2, 2, 2, 4, 2, 1, 2, 4, 4, 1, 2, 4, 2, 1, 1, 1, 1, 2, 1, 2, 1, 1, 1, 1, 3, 2, 3, 0, 4, 0, 1, 1, 0, 3, 2, 2, 2, 0, 1, 1, 0, 4, 0, 1, 2, 2, 1, 0, 0, 3, 2, 4, 1, 2, 2, 3, 1, 1, 1, 3, 0, 4, 3, 1, 4, 1, 1, 0, 4, 4, 2, 1, 1, 1, 1, 3, 1, 1, 1, 1, 1, 1, 1, 2, 3, 4, 1, 2, 1, 1, 2, 4, 1, 2]|[0, 2, 1, 1, 3, 0, 1, 0, 0, 0, 1, 0, 1, 0, 1, 0, 0, 3, 1, 0, 0, 0, 3, 1, 0, 2, 0, 0, 0, 1, 0, 0, 0, 0, 3, 0, 1, 0, 0, 2, 1, 1, 1, 0, 0, 0, 0, 2, 1, 0, 0, 0, 1, 3, 0, 0, 1, 2, 0, 1, 0, 2, 0, 1, 0, 2, 1, 0, 0, 1, 1, 3, 1, 1, 3, 3, 1, 0, 0, 2, 0, 0, 0, 0, 1, 0, 0, 0, 0, 1, 2, 0, 0, 0, 0, 1, 0, 2, 0, 0],845.7571996761072,57030.70314918601,95980.86805352964,true
7,G4_BALANCED,G4_BALANCED,[31, 22, 82, 15, 26, 9, 95, 42, 77, 12, 47, 5, 93, 78, 86, 54, 85, 63, 18, 44, 20, 35, 43, 97, 91, 76, 10, 30, 21, 45, 71, 64, 1, 23, 17, 83, 24, 14, 60, 36, 6, 57, 40, 88, 65, 56, 79, 69, 67, 68, 46, 75, 38, 58, 19, 32, 81, 48, 27, 62, 87, 90, 99, 59, 11, 16, 72, 73, 61, 39, 37, 84, 3, 92, 25, 55, 28, 51, 29, 7, 66, 70, 98, 8, 89, 50, 41, 96, 80, 53, 33, 2, 34, 4, 52, 49, 0, 94, 74, 13]|[1, 1, 0, 1, 1, 0, 1, 2, 2, 1, 2, 2, 2, 1, 1, 0, 0, 1, 0, 2, 2, 0, 1, 2, 0, 1, 2, 2, 0, 0, 1, 2, 1, 0, 1, 0, 2, 0, 1, 1, 0, 1, 1, 1, 0, 2, 1, 2, 0, 0, 0, 0, 1, 1, 2, 1, 2, 1, 0, 0, 2, 1, 0, 1, 2, 1, 2, 1, 1, 1, 1, 1, 1, 0, 1, 1, 0, 0, 0, 1, 2, 1, 2, 1, 1, 0, 0, 0, 0, 0, 0, 0, 2, 1, 2, 0, 0, 1, 2, 0]|[4, 3, 2, 2, 4, 1, 2, 2, 2, 4, 1, 1, 2, 4, 4, 1, 2, 4, 2, 1, 1, 1, 1, 2, 1, 2, 1, 1, 1, 1, 3, 2, 3, 0, 4, 0, 1, 1, 0, 3, 2, 2, 2, 0, 1, 1, 0, 2, 0, 1, 2, 2, 1, 0, 0, 3, 2, 4, 1, 2, 2, 3, 1, 1, 1, 3, 0, 4, 3, 1, 4, 1, 1, 0, 4, 4, 2, 1, 1, 1, 0, 3, 1, 3, 1, 1, 1, 1, 1, 2, 1, 2, 1, 4, 1, 1, 2, 4, 1, 2]|[0, 2, 1, 1, 3, 0, 1, 0, 0, 0, 0, 0, 1, 0, 1, 0, 0, 3, 1, 0, 0, 0, 3, 1, 0, 2, 0, 0, 0, 1, 0, 0, 0, 0, 3, 0, 1, 0, 0, 2, 1, 1, 1, 0, 0, 0, 0, 0, 1, 0, 0, 0, 1, 3, 0, 0, 1, 2, 0, 1, 0, 2, 0, 1, 0, 2, 1, 0, 0, 1, 1, 3, 1, 1, 3, 3, 1, 0, 0, 2, 0, 0, 0, 2, 1, 0, 0, 0, 0, 1, 0, 0, 0, 0, 0, 1, 0, 2, 0, 0],829.8930236232125,56533.470747758045,98760.82666591895,false
7,G2_TEC,G2_TEC,[31, 22, 82, 15, 26, 9, 95, 42, 77, 68, 47, 5, 93, 78, 86, 54, 85, 63, 18, 44, 20, 49, 36, 14, 74, 50, 53, 17, 21, 45, 71, 64, 3, 23, 30, 83, 24, 41, 60, 52, 65, 27, 90, 70, 39, 87, 48, 69, 99, 4, 46, 1, 38, 58, 97, 59, 28, 8, 73, 37, 35, 79, 11, 66, 76, 57, 40, 80, 96, 6, 16, 61, 33, 98, 32, 34, 62, 67, 10, 7, 56, 88, 51, 19, 91, 13, 75, 92, 0, 12, 43, 55, 84, 2, 81, 25, 29, 94, 89, 72]|[2, 1, 2, 1, 1, 2, 1, 1, 1, 1, 1, 0, 2, 2, 1, 2, 0, 0, 0, 2, 2, 1, 0, 2, 0, 2, 2, 1, 0, 1, 1, 1, 0, 0, 1, 0, 2, 1, 2, 2, 0, 1, 1, 1, 0, 2, 0, 2, 1, 0, 0, 2, 2, 0, 2, 0, 2, 1, 0, 0, 2, 1, 0, 2, 2, 0, 2, 2, 0, 1, 2, 1, 1, 0, 0, 1, 1, 1, 1, 2, 2, 1, 1, 1, 1, 0, 0, 0, 0, 1, 1, 0, 0, 2, 1, 1, 1, 1, 1, 1]|[0, 3, 0, 2, 4, 1, 4, 4, 2, 4, 3, 2, 1, 0, 2, 1, 1, 1, 2, 1, 1, 3, 0, 1, 0, 1, 1, 4, 1, 4, 3, 2, 2, 0, 4, 1, 1, 4, 0, 1, 2, 2, 4, 4, 1, 1, 0, 2, 3, 1, 2, 1, 2, 1, 1, 2, 0, 3, 0, 2, 2, 3, 1, 0, 1, 0, 0, 1, 2, 4, 1, 3, 4, 2, 2, 4, 3, 3, 3, 1, 0, 4, 3, 4, 3, 2, 2, 2, 2, 3, 4, 2, 2, 1, 1, 4, 3, 4, 4, 4]|[0, 2, 0, 1, 3, 0, 1, 3, 0, 0, 2, 0, 1, 0, 1, 0, 0, 0, 1, 0, 0, 2, 0, 0, 1, 0, 0, 3, 0, 1, 0, 2, 0, 0, 3, 0, 1, 3, 1, 0, 0, 1, 1, 3, 0, 0, 1, 0, 2, 0, 0, 0, 0, 0, 1, 0, 0, 0, 1, 1, 0, 2, 0, 0, 0, 1, 0, 0, 0, 2, 0, 0, 1, 0, 0, 2, 0, 0, 3, 0, 0, 1, 0, 3, 0, 0, 0, 0, 0, 0, 2, 0, 1, 0, 1, 3, 0, 2, 1, 2],868.7652750258076,52617.21491009273,114898.79054863131,false
7,G3_TWC,G3_TWC,[31, 22, 82, 15, 26, 9, 95, 42, 77, 12, 47, 5, 93, 78, 86, 54, 85, 63, 18, 44, 20, 35, 43, 97, 91, 76, 10, 30, 21, 45, 71, 64, 1, 23, 17, 83, 24, 14, 60, 36, 6, 57, 40, 88, 65, 56, 79, 94, 67, 68, 46, 75, 38, 58, 19, 32, 81, 41, 27, 62, 87, 90, 99, 59, 11, 16, 72, 73, 69, 28, 37, 84, 3, 92, 25, 55, 39, 29, 51, 7, 33, 61, 98, 48, 89, 50, 66, 96, 80, 53, 8, 4, 34, 2, 52, 49, 0, 70, 74, 13]|[1, 1, 0, 1, 1, 0, 1, 2, 2, 1, 2, 2, 2, 1, 1, 0, 0, 1, 0, 2, 2, 0, 1, 2, 0, 1, 2, 2, 0, 0, 1, 2, 1, 2, 1, 0, 2, 0, 1, 1, 0, 1, 1, 1, 0, 2, 1, 1, 0, 0, 0, 0, 1, 1, 2, 1, 2, 1, 0, 0, 2, 1, 0, 1, 2, 1, 2, 1, 1, 0, 0, 1, 1, 0, 1, 1, 1, 0, 0, 1, 0, 1, 0, 0, 1, 0, 2, 0, 0, 0, 0, 0, 2, 0, 1, 0, 0, 1, 2, 0]|[4, 3, 2, 2, 4, 1, 2, 2, 2, 4, 1, 1, 2, 4, 4, 1, 2, 4, 2, 1, 1, 1, 1, 2, 1, 2, 1, 1, 1, 1, 3, 2, 3, 0, 4, 0, 1, 1, 0, 3, 2, 2, 2, 0, 1, 1, 0, 4, 0, 1, 2, 2, 1, 0, 0, 3, 2, 4, 1, 2, 2, 3, 1, 1, 1, 3, 0, 4, 3, 2, 1, 1, 1, 0, 4, 4, 1, 1, 1, 1, 2, 3, 1, 1, 1, 1, 1, 1, 1, 2, 1, 2, 1, 2, 1, 1, 2, 4, 1, 2]|[0, 2, 1, 1, 3, 0, 1, 0, 0, 0, 0, 0, 1, 0, 1, 0, 0, 3, 1, 0, 0, 0, 3, 1, 0, 2, 0, 0, 0, 1, 0, 0, 0, 0, 3, 0, 1, 0, 0, 2, 1, 1, 1, 0, 0, 0, 0, 2, 1, 0, 0, 0, 1, 3, 0, 0, 1, 2, 0, 1, 0, 2, 0, 1, 0, 2, 1, 0, 0, 1, 0, 3, 1, 1, 3, 3, 1, 0, 0, 2, 1, 0, 0, 0, 1, 0, 0, 0, 0, 1, 0, 1, 0, 0, 1, 1, 0, 2, 0, 0],847.0427978319374,57913.11646638373,93531.36983571656,false
7,G1_CMAX,G4_BALANCED,[31, 22, 82, 15, 26, 9, 95, 42, 77, 12, 47, 5, 93, 78, 86, 54, 85, 63, 18, 44, 20, 35, 43, 97, 91, 76, 10, 30, 21, 45, 71, 64, 1, 23, 17, 83, 24, 14, 60, 36, 6, 57, 40, 88, 65, 56, 79, 69, 67, 68, 46, 75, 38, 58, 19, 32, 81, 48, 27, 62, 87, 90, 99, 59, 11, 16, 72, 73, 61, 39, 37, 84, 3, 92, 25, 55, 28, 51, 29, 7, 33, 70, 98, 41, 89, 50, 66, 96, 80, 53, 8, 4, 34, 2, 52, 49, 0, 94, 74, 13]|[1, 1, 0, 1, 1, 0, 1, 2, 2, 1, 0, 2, 2, 1, 1, 0, 0, 1, 0, 2, 2, 0, 1, 2, 0, 1, 2, 2, 0, 0, 1, 2, 1, 0, 1, 0, 2, 0, 1, 1, 0, 1, 1, 1, 0, 2, 1, 1, 0, 0, 0, 0, 1, 1, 2, 1, 2, 1, 0, 0, 2, 1, 0, 1, 2, 1, 2, 1, 1, 1, 1, 1, 1, 0, 1, 1, 0, 0, 0, 1, 0, 1, 0, 0, 1, 0, 2, 0, 0, 0, 1, 1, 2, 0, 2, 0, 0, 1, 2, 0]|[4, 3, 2, 2, 4, 1, 2, 2, 2, 4, 2, 1, 2, 4, 4, 1, 2, 4, 2, 1, 1, 1, 1, 2, 1, 2, 1, 1, 1, 1, 3, 2, 3, 0, 4, 0, 1, 1, 0, 3, 2, 2, 2, 0, 1, 1, 0, 4, 0, 1, 2, 2, 1, 0, 0, 3, 2, 4, 1, 2, 2, 3, 1, 1, 1, 3, 0, 4, 3, 1, 4, 1, 1, 0, 4, 4, 2, 1, 1, 1, 1, 3, 1, 1, 1, 1, 1, 1, 1, 2, 3, 4, 1, 2, 1, 1, 2, 4, 1, 2]|[0, 2, 1, 1, 3, 0, 1, 0, 0, 0, 1, 0, 1, 0, 1, 0, 0, 3, 1, 0, 0, 0, 3, 1, 0, 2, 0, 0, 0, 1, 0, 0, 0, 0, 3, 0, 1, 0, 0, 2, 1, 1, 1, 0, 0, 0, 0, 2, 1, 0, 0, 0, 1, 3, 0, 0, 1, 2, 0, 1, 0, 2, 0, 1, 0, 2, 1, 0, 0, 1, 1, 3, 1, 1, 3, 3, 1, 0, 0, 2, 0, 0, 0, 0, 1, 0, 0, 0, 0, 1, 2, 0, 0, 0, 0, 1, 0, 2, 0, 0],845.7571996761072,57030.70314918601,95980.86805352964,true
7,G4_BALANCED,G4_BALANCED,[31, 22, 82, 15, 26, 9, 95, 42, 77, 12, 47, 5, 93, 78, 86, 54, 85, 63, 18, 44, 20, 35, 43, 97, 91, 76, 10, 30, 21, 45, 71, 64, 1, 23, 17, 83, 24, 14, 60, 36, 6, 57, 40, 88, 65, 56, 79, 69, 67, 68, 46, 75, 38, 58, 19, 32, 81, 48, 27, 62, 87, 90, 99, 59, 11, 16, 72, 73, 61, 39, 37, 84, 3, 92, 25, 55, 28, 29, 51, 7, 66, 41, 98, 70, 89, 50, 8, 96, 80, 53, 33, 74, 34, 4, 52, 49, 0, 94, 2, 13]|[1, 1, 0, 1, 1, 0, 1, 2, 2, 1, 2, 2, 2, 1, 1, 0, 0, 1, 0, 2, 2, 0, 1, 2, 0, 1, 2, 2, 0, 0, 1, 2, 1, 0, 1, 0, 2, 0, 1, 1, 0, 1, 1, 1, 0, 2, 1, 2, 0, 0, 0, 0, 1, 1, 2, 1, 2, 1, 0, 0, 2, 1, 0, 1, 2, 1, 2, 1, 1, 1, 1, 1, 1, 0, 1, 1, 0, 0, 0, 1, 2, 0, 0, 1, 1, 0, 1, 0, 0, 0, 2, 2, 2, 1, 1, 0, 0, 1, 0, 0]|[4, 3, 2, 2, 4, 1, 2, 2, 2, 4, 1, 1, 2, 4, 4, 1, 2, 4, 2, 1, 1, 1, 1, 2, 1, 2, 1, 1, 1, 1, 3, 2, 3, 0, 4, 0, 1, 1, 0, 3, 2, 2, 2, 0, 1, 1, 0, 2, 0, 1, 2, 2, 1, 4, 0, 3, 2, 4, 1, 2, 2, 3, 1, 1, 1, 3, 0, 4, 3, 1, 4, 1, 1, 0, 4, 4, 2, 1, 1, 1, 0, 1, 1, 3, 1, 1, 3, 1, 1, 2, 1, 1, 1, 4, 1, 1, 2, 4, 2, 2]|[0, 2, 1, 1, 3, 0, 1, 0, 0, 0, 0, 0, 1, 0, 1, 0, 0, 3, 1, 0, 0, 0, 3, 1, 0, 2, 0, 0, 0, 1, 0, 0, 0, 0, 3, 0, 1, 0, 0, 2, 1, 1, 1, 0, 0, 0, 0, 0, 1, 0, 0, 0, 1, 3, 0, 0, 1, 2, 0, 1, 0, 2, 0, 1, 0, 2, 1, 0, 0, 1, 1, 3, 1, 1, 3, 3, 1, 0, 0, 2, 0, 0, 0, 0, 1, 0, 2, 0, 0, 1, 0, 0, 0, 0, 1, 1, 0, 2, 0, 0],819.7163156283966,56641.566392416,97846.6074164829,false
7,G2_TEC,G2_TEC,[31, 22, 82, 15, 26, 9, 95, 42, 77, 68, 47, 5, 93, 78, 86, 54, 85, 63, 18, 44, 20, 49, 36, 14, 74, 50, 53, 17, 21, 45, 71, 64, 3, 23, 30, 83, 24, 41, 60, 52, 65, 27, 90, 70, 39, 87, 48, 69, 99, 4, 46, 1, 38, 58, 97, 59, 28, 8, 73, 37, 35, 79, 11, 66, 76, 57, 40, 80, 96, 6, 16, 61, 33, 98, 32, 34, 62, 67, 10, 7, 56, 88, 51, 19, 91, 13, 75, 92, 0, 12, 43, 55, 84, 2, 81, 25, 29, 94, 89, 72]|[2, 1, 2, 1, 1, 2, 1, 1, 1, 1, 1, 0, 2, 2, 1, 2, 0, 0, 0, 2, 2, 1, 0, 2, 0, 2, 2, 1, 0, 1, 1, 1, 0, 0, 1, 0, 2, 1, 2, 2, 0, 1, 1, 1, 0, 2, 0, 2, 1, 0, 0, 2, 2, 0, 2, 0, 2, 1, 0, 0, 2, 1, 0, 2, 2, 0, 2, 2, 0, 1, 2, 1, 1, 0, 0, 1, 1, 1, 1, 2, 2, 1, 1, 1, 1, 0, 0, 0, 0, 1, 1, 0, 0, 2, 1, 1, 1, 1, 1, 1]|[0, 3, 0, 2, 4, 1, 4, 4, 2, 4, 3, 2, 1, 0, 2, 1, 1, 1, 2, 1, 1, 3, 0, 1, 0, 1, 1, 4, 1, 4, 3, 2, 2, 0, 4, 1, 1, 4, 0, 1, 2, 2, 4, 4, 1, 1, 0, 2, 3, 1, 2, 1, 2, 1, 1, 2, 0, 3, 0, 2, 2, 3, 1, 0, 1, 0, 0, 1, 2, 4, 1, 3, 4, 2, 2, 4, 3, 3, 3, 1, 0, 4, 3, 4, 3, 2, 2, 2, 2, 3, 4, 2, 2, 1, 1, 4, 3, 4, 4, 4]|[0, 2, 0, 1, 3, 0, 1, 3, 0, 0, 2, 0, 1, 0, 1, 0, 0, 0, 1, 0, 0, 2, 0, 0, 1, 0, 0, 3, 0, 1, 0, 2, 0, 0, 3, 0, 1, 3, 1, 0, 0, 1, 1, 3, 0, 0, 1, 0, 2, 0, 0, 0, 0, 0, 1, 0, 0, 0, 1, 1, 0, 2, 0, 0, 0, 1, 0, 0, 0, 2, 0, 0, 1, 0, 0, 2, 0, 0, 3, 0, 0, 1, 0, 3, 0, 0, 0, 0, 0, 0, 2, 0, 1, 0, 1, 3, 0, 2, 1, 2],868.7652750258076,52617.21491009273,114898.79054863131,false
7,G3_TWC,G3_TWC,[31, 22, 82, 15, 26, 9, 95, 42, 77, 12, 47, 5, 93, 78, 86, 54, 85, 63, 18, 44, 20, 35, 43, 97, 91, 76, 10, 30, 21, 45, 71, 64, 1, 23, 17, 83, 24, 14, 60, 36, 6, 57, 40, 88, 65, 56, 79, 94, 67, 68, 46, 75, 38, 58, 19, 32, 81, 41, 27, 62, 87, 90, 99, 59, 11, 16, 72, 73, 69, 28, 37, 84, 3, 92, 25, 55, 39, 29, 51, 7, 33, 61, 98, 48, 89, 50, 66, 96, 80, 53, 8, 4, 34, 2, 52, 49, 0, 70, 74, 13]|[1, 1, 0, 1, 1, 0, 1, 2, 2, 1, 2, 2, 2, 1, 1, 0, 0, 1, 0, 2, 2, 0, 1, 2, 0, 1, 2, 2, 0, 0, 1, 2, 1, 2, 1, 0, 2, 0, 1, 1, 0, 1, 1, 1, 0, 2, 1, 1, 0, 0, 0, 0, 1, 1, 2, 1, 2, 1, 0, 0, 2, 1, 0, 1, 2, 1, 2, 1, 1, 0, 0, 1, 1, 0, 1, 1, 1, 0, 0, 1, 0, 1, 0, 0, 1, 0, 2, 0, 0, 0, 0, 0, 2, 0, 1, 0, 0, 1, 2, 0]|[4, 3, 2, 2, 4, 1, 2, 2, 2, 4, 1, 1, 2, 4, 4, 1, 2, 4, 2, 1, 1, 1, 1, 2, 1, 2, 1, 1, 1, 1, 3, 2, 3, 0, 4, 0, 1, 1, 0, 3, 2, 2, 2, 0, 1, 1, 0, 4, 0, 1, 2, 2, 1, 0, 0, 3, 2, 4, 1, 2, 2, 3, 1, 1, 1, 3, 0, 4, 3, 2, 1, 1, 1, 0, 4, 4, 1, 1, 1, 1, 2, 3, 1, 1, 1, 1, 1, 1, 1, 2, 1, 2, 1, 2, 1, 1, 2, 4, 1, 2]|[0, 2, 1, 1, 3, 0, 1, 0, 0, 0, 0, 0, 1, 0, 1, 0, 0, 3, 1, 0, 0, 0, 3, 1, 0, 2, 0, 0, 0, 1, 0, 0, 0, 0, 3, 0, 1, 0, 0, 2, 1, 1, 1, 0, 0, 0, 0, 2, 1, 0, 0, 0, 1, 3, 0, 0, 1, 2, 0, 1, 0, 2, 0, 1, 0, 2, 1, 0, 0, 1, 0, 3, 1, 1, 3, 3, 1, 0, 0, 2, 1, 0, 0, 0, 1, 0, 0, 0, 0, 1, 0, 1, 0, 0, 1, 1, 0, 2, 0, 0],847.0427978319374,57913.11646638373,93531.36983571656,false
7,G1_CMAX,G4_BALANCED,[31, 22, 82, 15, 26, 9, 95, 42, 77, 12, 47, 5, 93, 78, 86, 54, 85, 63, 18, 44, 20, 35, 43, 97, 91, 76, 10, 30, 21, 45, 71, 64, 1, 23, 17, 83, 24, 14, 60, 36, 6, 57, 40, 88, 65, 56, 79, 69, 67, 68, 46, 75, 38, 58, 19, 32, 81, 48, 27, 62, 87, 90, 99, 59, 11, 16, 72, 73, 61, 39, 37, 84, 3, 92, 25, 55, 28, 51, 29, 7, 33, 70, 98, 41, 89, 50, 66, 96, 80, 53, 8, 4, 34, 2, 52, 49, 0, 94, 74, 13]|[1, 1, 0, 1, 1, 0, 1, 2, 2, 1, 0, 2, 2, 1, 1, 0, 0, 1, 0, 2, 2, 0, 1, 2, 0, 1, 2, 2, 0, 0, 1, 2, 1, 0, 1, 0, 2, 0, 1, 1, 0, 1, 1, 1, 0, 2, 1, 1, 0, 0, 0, 0, 1, 1, 2, 1, 2, 1, 0, 0, 2, 1, 0, 1, 2, 1, 2, 1, 1, 1, 1, 1, 1, 0, 1, 1, 0, 0, 0, 1, 0, 1, 0, 0, 1, 0, 2, 0, 0, 0, 1, 1, 2, 0, 2, 0, 0, 1, 2, 0]|[4, 3, 2, 2, 4, 1, 2, 2, 2, 4, 2, 1, 2, 4, 4, 1, 2, 4, 2, 1, 1, 1, 1, 2, 1, 2, 1, 1, 1, 1, 3, 2, 3, 0, 4, 0, 1, 1, 0, 3, 2, 2, 2, 0, 1, 1, 0, 4, 0, 1, 2, 2, 1, 0, 0, 3, 2, 4, 1, 2, 2, 3, 1, 1, 1, 3, 0, 4, 3, 1, 4, 1, 1, 0, 4, 4, 2, 1, 1, 1, 1, 3, 1, 1, 1, 1, 1, 1, 1, 2, 3, 4, 1, 2, 1, 1, 2, 4, 1, 2]|[0, 2, 1, 1, 3, 0, 1, 0, 0, 0, 1, 0, 1, 0, 1, 0, 0, 3, 1, 0, 0, 0, 3, 1, 0, 2, 0, 0, 0, 1, 0, 0, 0, 0, 3, 0, 1, 0, 0, 2, 1, 1, 1, 0, 0, 0, 0, 2, 1, 0, 0, 0, 1, 3, 0, 0, 1, 2, 0, 1, 0, 2, 0, 1, 0, 2, 1, 0, 0, 1, 1, 3, 1, 1, 3, 3, 1, 0, 0, 2, 0, 0, 0, 0, 1, 0, 0, 0, 0, 1, 2, 0, 0, 0, 0, 1, 0, 2, 0, 0],845.7571996761072,57030.70314918601,95980.86805352964,true
7,G4_BALANCED,G4_BALANCED,[31, 22, 82, 15, 26, 9, 95, 42, 77, 12, 47, 5, 93, 78, 86, 54, 85, 63, 18, 44, 20, 35, 43, 97, 91, 76, 10, 30, 21, 45, 71, 64, 1, 23, 17, 83, 24, 14, 60, 36, 6, 57, 40, 88, 65, 56, 79, 69, 67, 68, 46, 75, 38, 58, 19, 32, 81, 48, 27, 62, 87, 90, 99, 59, 11, 16, 72, 73, 61, 39, 37, 84, 3, 92, 25, 55, 28, 51, 29, 7, 66, 70, 98, 8, 89, 50, 41, 96, 80, 53, 33, 2, 34, 4, 52, 49, 0, 94, 74, 13]|[1, 1, 0, 1, 1, 0, 1, 2, 2, 1, 2, 2, 2, 1, 1, 0, 0, 1, 0, 2, 2, 0, 1, 2, 0, 1, 2, 2, 0, 0, 1, 2, 1, 0, 1, 0, 2, 0, 1, 1, 0, 1, 1, 1, 0, 2, 1, 2, 0, 0, 0, 0, 1, 1, 2, 1, 2, 1, 0, 0, 2, 1, 0, 1, 2, 1, 2, 1, 1, 1, 1, 1, 1, 0, 1, 1, 0, 0, 0, 1, 2, 1, 2, 1, 1, 0, 0, 0, 0, 0, 0, 0, 2, 1, 2, 0, 0, 1, 2, 0]|[4, 3, 2, 2, 4, 1, 2, 2, 2, 4, 1, 1, 2, 4, 4, 1, 2, 4, 2, 1, 1, 1, 1, 2, 1, 2, 1, 1, 1, 1, 3, 2, 3, 0, 4, 0, 1, 1, 0, 3, 2, 2, 2, 0, 1, 1, 0, 2, 0, 1, 2, 2, 1, 0, 0, 3, 2, 4, 1, 2, 2, 3, 1, 1, 1, 3, 0, 4, 3, 1, 4, 1, 1, 0, 4, 4, 2, 1, 1, 1, 0, 3, 1, 3, 1, 1, 1, 1, 1, 2, 1, 2, 1, 4, 1, 1, 2, 4, 1, 2]|[0, 2, 1, 1, 3, 0, 1, 0, 0, 0, 0, 0, 1, 0, 1, 0, 0, 3, 1, 0, 0, 0, 3, 1, 0, 2, 0, 0, 0, 1, 0, 0, 0, 0, 3, 0, 1, 0, 0, 2, 1, 1, 1, 0, 0, 0, 0, 0, 1, 0, 0, 0, 1, 3, 0, 0, 1, 2, 0, 1, 0, 2, 0, 1, 0, 2, 1, 0, 0, 1, 1, 3, 1, 1, 3, 3, 1, 0, 0, 2, 0, 0, 0, 2, 1, 0, 0, 0, 0, 1, 0, 0, 0, 0, 0, 1, 0, 2, 0, 0],829.8930236232125,56533.470747758045,98760.82666591895,false
7,G2_TEC,G3_TWC,[31, 22, 82, 15, 26, 9, 95, 42, 77, 12, 47, 5, 93, 78, 86, 96, 85, 63, 18, 44, 20, 35, 43, 97, 91, 76, 10, 30, 21, 45, 71, 64, 72, 23, 17, 83, 24, 41, 60, 36, 6, 57, 40, 88, 65, 56, 79, 69, 67, 68, 46, 75, 38, 58, 19, 32, 81, 48, 27, 62, 87, 90, 99, 59, 11, 16, 1, 73, 70, 39, 37, 84, 3, 92, 25, 55, 28, 51, 29, 7, 66, 61, 98, 14, 89, 50, 8, 54, 80, 53, 33, 4, 34, 2, 52, 49, 0, 94, 74, 13]|[1, 1, 0, 1, 1, 0, 1, 2, 2, 1, 2, 2, 2, 1, 1, 0, 0, 1, 0, 2, 2, 0, 1, 2, 0, 1, 2, 2, 0, 0, 1, 2, 1, 0, 1, 0, 2, 0, 1, 1, 0, 1, 1, 1, 0, 2, 1, 2, 0, 0, 0, 0, 1, 1, 2, 1, 2, 1, 0, 0, 2, 1, 0, 1, 2, 1, 2, 1, 1, 1, 1, 1, 1, 0, 1, 1, 0, 0, 0, 1, 2, 1, 0, 0, 1, 0, 1, 0, 0, 0, 0, 1, 2, 0, 1, 0, 0, 1, 2, 0]|[4, 3, 2, 2, 4, 1, 2, 2, 2, 4, 1, 1, 2, 4, 4, 1, 2, 4, 2, 1, 1, 1, 1, 2, 1, 2, 1, 1, 1, 1, 3, 2, 3, 0, 4, 0, 1, 1, 0, 3, 2, 2, 2, 0, 1, 1, 0, 2, 0, 1, 2, 2, 1, 0, 0, 3, 2, 4, 1, 2, 2, 3, 1, 1, 1, 3, 0, 4, 3, 1, 4, 1, 1, 0, 4, 4, 2, 1, 1, 1, 1, 3, 1, 1, 1, 1, 3, 1, 1, 2, 2, 4, 1, 2, 1, 1, 2, 4, 1, 2]|[0, 2, 1, 1, 3, 0, 1, 0, 0, 0, 0, 0, 1, 0, 1, 0, 0, 3, 1, 0, 0, 0, 3, 1, 0, 2, 0, 0, 0, 1, 0, 0, 0, 0, 3, 0, 1, 0, 0, 2, 1, 1, 1, 0, 0, 0, 0, 0, 1, 0, 0, 0, 1, 3, 0, 0, 1, 2, 0, 1, 0, 2, 0, 1, 0, 2, 1, 0, 0, 1, 1, 3, 1, 1, 3, 3, 1, 0, 0, 2, 0, 0, 0, 0, 1, 0, 2, 0, 0, 1, 1, 0, 0, 0, 1, 1, 0, 2, 0, 0],848.3740507632656,56730.41600865435,97172.40774215333,true
7,G3_TWC,G3_TWC,[31, 22, 82, 15, 26, 9, 95, 42, 77, 12, 47, 5, 93, 78, 86, 54, 85, 63, 18, 44, 20, 35, 43, 97, 91, 76, 10, 30, 21, 45, 71, 64, 1, 23, 17, 83, 24, 14, 60, 36, 6, 57, 40, 88, 65, 56, 79, 94, 67, 68, 46, 75, 38, 58, 19, 32, 81, 41, 27, 62, 87, 90, 99, 59, 11, 16, 72, 73, 69, 28, 37, 84, 3, 92, 25, 55, 39, 29, 51, 7, 33, 61, 98, 48, 89, 50, 66, 96, 80, 53, 8, 4, 34, 2, 52, 49, 0, 70, 74, 13]|[1, 1, 0, 1, 1, 0, 1, 2, 2, 1, 2, 2, 2, 1, 1, 0, 0, 1, 0, 2, 2, 0, 1, 2, 0, 1, 2, 2, 0, 0, 1, 2, 1, 2, 1, 0, 2, 0, 1, 1, 0, 1, 1, 1, 0, 2, 1, 1, 0, 0, 0, 0, 1, 1, 2, 1, 2, 1, 0, 0, 2, 1, 0, 1, 2, 1, 2, 1, 1, 0, 0, 1, 1, 0, 1, 1, 1, 0, 0, 1, 0, 1, 0, 0, 1, 0, 2, 0, 0, 0, 0, 0, 2, 0, 1, 0, 0, 1, 2, 0]|[4, 3, 2, 2, 4, 1, 2, 2, 2, 4, 1, 1, 2, 4, 4, 1, 2, 4, 2, 1, 1, 1, 1, 2, 1, 2, 1, 1, 1, 1, 3, 2, 3, 0, 4, 0, 1, 1, 0, 3, 2, 2, 2, 0, 1, 1, 0, 4, 0, 1, 2, 2, 1, 0, 0, 3, 2, 4, 1, 2, 2, 3, 1, 1, 1, 3, 0, 4, 3, 2, 1, 1, 1, 0, 4, 4, 1, 1, 1, 1, 2, 3, 1, 1, 1, 1, 1, 1, 1, 2, 1, 2, 1, 2, 1, 1, 2, 4, 1, 2]|[0, 2, 1, 1, 3, 0, 1, 0, 0, 0, 0, 0, 1, 0, 1, 0, 0, 3, 1, 0, 0, 0, 3, 1, 0, 2, 0, 0, 0, 1, 0, 0, 0, 0, 3, 0, 1, 0, 0, 2, 1, 1, 1, 0, 0, 0, 0, 2, 1, 0, 0, 0, 1, 3, 0, 0, 1, 2, 0, 1, 0, 2, 0, 1, 0, 2, 1, 0, 0, 1, 0, 3, 1, 1, 3, 3, 1, 0, 0, 2, 1, 0, 0, 0, 1, 0, 0, 0, 0, 1, 0, 1, 0, 0, 1, 1, 0, 2, 0, 0],847.0427978319374,57913.11646638373,93531.36983571656,false
7,G1_CMAX,G4_BALANCED,[31, 22, 82, 15, 26, 9, 95, 42, 77, 12, 47, 5, 93, 78, 86, 54, 85, 63, 18, 44, 20, 35, 43, 97, 91, 76, 10, 30, 21, 45, 71, 64, 1, 23, 17, 83, 24, 14, 60, 36, 6, 57, 40, 88, 65, 56, 79, 69, 67, 68, 46, 75, 38, 58, 19, 32, 81, 48, 27, 62, 87, 90, 99, 59, 11, 16, 72, 73, 61, 39, 37, 84, 3, 92, 25, 55, 28, 51, 29, 7, 33, 70, 98, 41, 89, 50, 66, 96, 80, 53, 8, 4, 34, 2, 52, 49, 0, 94, 74, 13]|[1, 1, 0, 1, 1, 0, 1, 2, 2, 1, 0, 2, 2, 1, 1, 0, 0, 1, 0, 2, 2, 0, 1, 2, 0, 1, 2, 2, 0, 0, 1, 2, 1, 0, 1, 0, 2, 0, 1, 1, 0, 1, 1, 1, 0, 2, 1, 1, 0, 0, 0, 0, 1, 1, 2, 1, 2, 1, 0, 0, 2, 1, 0, 1, 2, 1, 2, 1, 1, 1, 1, 1, 1, 0, 1, 1, 0, 0, 0, 1, 0, 1, 0, 0, 1, 0, 2, 0, 0, 0, 1, 1, 2, 0, 2, 0, 0, 1, 2, 0]|[4, 3, 2, 2, 4, 1, 2, 2, 2, 4, 2, 1, 2, 4, 4, 1, 2, 4, 2, 1, 1, 1, 1, 2, 1, 2, 1, 1, 1, 1, 3, 2, 3, 0, 4, 0, 1, 1, 0, 3, 2, 2, 2, 0, 1, 1, 0, 4, 0, 1, 2, 2, 1, 0, 0, 3, 2, 4, 1, 2, 2, 3, 1, 1, 1, 3, 0, 4, 3, 1, 4, 1, 1, 0, 4, 4, 2, 1, 1, 1, 1, 3, 1, 1, 1, 1, 1, 1, 1, 2, 3, 4, 1, 2, 1, 1, 2, 4, 1, 2]|[0, 2, 1, 1, 3, 0, 1, 0, 0, 0, 1, 0, 1, 0, 1, 0, 0, 3, 1, 0, 0, 0, 3, 1, 0, 2, 0, 0, 0, 1, 0, 0, 0, 0, 3, 0, 1, 0, 0, 2, 1, 1, 1, 0, 0, 0, 0, 2, 1, 0, 0, 0, 1, 3, 0, 0, 1, 2, 0, 1, 0, 2, 0, 1, 0, 2, 1, 0, 0, 1, 1, 3, 1, 1, 3, 3, 1, 0, 0, 2, 0, 0, 0, 0, 1, 0, 0, 0, 0, 1, 2, 0, 0, 0, 0, 1, 0, 2, 0, 0],845.7571996761072,57030.70314918601,95980.86805352964,true
7,G4_BALANCED,G1_CMAX,[31, 22, 82, 15, 26, 9, 95, 42, 77, 12, 47, 5, 93, 78, 86, 54, 85, 63, 18, 44, 20, 35, 43, 97, 91, 76, 10, 30, 21, 45, 71, 64, 1, 23, 17, 83, 24, 14, 60, 36, 6, 57, 40, 88, 65, 56, 79, 69, 67, 68, 46, 75, 38, 58, 19, 32, 81, 48, 27, 62, 87, 90, 99, 59, 11, 16, 72, 73, 61, 39, 37, 84, 3, 92, 25, 55, 28, 51, 29, 7, 66, 70, 98, 41, 89, 50, 33, 80, 96, 53, 8, 4, 2, 34, 52, 49, 0, 94, 74, 13]|[1, 1, 0, 1, 1, 0, 1, 2, 2, 1, 2, 2, 2, 1, 1, 0, 0, 1, 0, 2, 2, 0, 1, 2, 0, 1, 2, 2, 0, 0, 1, 2, 1, 0, 1, 0, 2, 0, 1, 1, 0, 1, 1, 1, 0, 2, 1, 1, 0, 0, 0, 0, 1, 1, 2, 1, 2, 1, 0, 0, 2, 1, 0, 1, 2, 1, 2, 1, 1, 1, 1, 1, 1, 0, 1, 1, 0, 0, 0, 1, 2, 1, 2, 0, 1, 0, 2, 0, 0, 0, 0, 1, 0, 2, 2, 0, 0, 1, 2, 0]|[4, 3, 2, 2, 4, 1, 2, 2, 2, 4, 1, 1, 2, 4, 4, 1, 2, 4, 2, 1, 1, 1, 1, 2, 1, 2, 1, 1, 1, 1, 3, 2, 3, 0, 4, 0, 1, 1, 0, 3, 2, 2, 2, 0, 1, 1, 0, 4, 0, 1, 2, 2, 1, 0, 0, 3, 2, 4, 1, 2, 2, 3, 1, 1, 1, 3, 0, 4, 3, 1, 4, 1, 1, 0, 4, 4, 2, 1, 1, 1, 0, 3, 1, 1, 1, 1, 1, 1, 1, 2, 1, 4, 2, 1, 1, 1, 2, 4, 1, 2]|[0, 2, 1, 1, 3, 0, 1, 0, 0, 0, 0, 0, 1, 0, 1, 0, 0, 3, 1, 0, 0, 0, 3, 1, 0, 2, 0, 0, 0, 1, 0, 0, 0, 0, 3, 0, 1, 0, 0, 2, 1, 1, 1, 0, 0, 0, 0, 2, 1, 0, 0, 0, 1, 3, 0, 0, 1, 2, 0, 1, 0, 2, 0, 1, 0, 2, 1, 0, 0, 1, 1, 3, 1, 1, 3, 3, 1, 0, 0, 2, 0, 0, 0, 0, 1, 0, 0, 0, 0, 1, 0, 0, 0, 0, 0, 1, 0, 2, 0, 0],826.0429554005327,56612.43512075465,97534.59612171674,true
7,G2_TEC,G2_TEC,[31, 22, 82, 15, 26, 9, 95, 42, 77, 68, 47, 5, 93, 78, 86, 54, 85, 63, 18, 44, 20, 49, 36, 14, 74, 50, 53, 17, 21, 45, 71, 64, 3, 23, 30, 83, 24, 41, 60, 52, 65, 27, 90, 70, 39, 87, 48, 69, 99, 4, 46, 1, 38, 58, 97, 59, 28, 8, 73, 37, 35, 79, 11, 66, 76, 57, 40, 80, 96, 6, 16, 61, 33, 98, 32, 34, 62, 67, 10, 7, 56, 88, 51, 19, 91, 13, 75, 92, 0, 12, 43, 55, 84, 2, 81, 25, 29, 94, 89, 72]|[2, 1, 2, 1, 1, 2, 1, 1, 1, 1, 1, 0, 2, 2, 1, 2, 0, 0, 0, 2, 2, 1, 0, 2, 0, 2, 2, 1, 0, 1, 1, 1, 0, 0, 1, 0, 2, 1, 2, 2, 0, 1, 1, 1, 0, 2, 0, 2, 1, 0, 0, 2, 2, 0, 2, 0, 2, 1, 0, 0, 2, 1, 0, 2, 2, 0, 2, 2, 0, 1, 2, 1, 1, 0, 0, 1, 1, 1, 1, 2, 2, 1, 1, 1, 1, 0, 0, 0, 0, 1, 1, 0, 0, 2, 1, 1, 1, 1, 1, 1]|[0, 3, 0, 2, 4, 1, 4, 4, 2, 4, 3, 2, 1, 0, 2, 1, 1, 1, 2, 1, 1, 3, 0, 1, 0, 1, 1, 4, 1, 4, 3, 2, 2, 0, 4, 1, 1, 4, 0, 1, 2, 2, 4, 4, 1, 1, 0, 2, 3, 1, 2, 1, 2, 1, 1, 2, 0, 3, 0, 2, 2, 3, 1, 0, 1, 0, 0, 1, 2, 4, 1, 3, 4, 2, 2, 4, 3, 3, 3, 1, 0, 4, 3, 4, 3, 2, 2, 2, 2, 3, 4, 2, 2, 1, 1, 4, 3, 4, 4, 4]|[0, 2, 0, 1, 3, 0, 1, 3, 0, 0, 2, 0, 1, 0, 1, 0, 0, 0, 1, 0, 0, 2, 0, 0, 1, 0, 0, 3, 0, 1, 0, 2, 0, 0, 3, 0, 1, 3, 1, 0, 0, 1, 1, 3, 0, 0, 1, 0, 2, 0, 0, 0, 0, 0, 1, 0, 0, 0, 1, 1, 0, 2, 0, 0, 0, 1, 0, 0, 0, 2, 0, 0, 1, 0, 0, 2, 0, 0, 3, 0, 0, 1, 0, 3, 0, 0, 0, 0, 0, 0, 2, 0, 1, 0, 1, 3, 0, 2, 1, 2],868.7652750258076,52617.21491009273,114898.79054863131,false
7,G3_TWC,G3_TWC,[31, 22, 82, 15, 26, 9, 95, 42, 77, 12, 47, 5, 93, 78, 86, 54, 85, 63, 18, 44, 20, 35, 43, 97, 91, 76, 10, 30, 21, 45, 71, 64, 1, 23, 17, 83, 24, 14, 60, 36, 6, 57, 40, 88, 65, 56, 79, 94, 67, 68, 46, 75, 38, 58, 19, 32, 81, 41, 27, 62, 87, 90, 99, 59, 11, 16, 72, 73, 69, 28, 37, 84, 3, 92, 25, 55, 39, 29, 51, 7, 33, 61, 98, 48, 89, 50, 66, 96, 80, 53, 8, 4, 34, 2, 52, 49, 0, 70, 74, 13]|[1, 1, 0, 1, 1, 0, 1, 2, 2, 1, 2, 2, 2, 1, 1, 0, 0, 1, 0, 2, 2, 0, 1, 2, 0, 1, 2, 2, 0, 0, 1, 2, 1, 2, 1, 0, 2, 0, 1, 1, 0, 1, 1, 1, 0, 2, 1, 1, 0, 0, 0, 0, 1, 1, 2, 1, 2, 1, 0, 0, 2, 1, 0, 1, 2, 1, 2, 1, 1, 0, 0, 1, 1, 0, 1, 1, 1, 0, 0, 1, 0, 1, 0, 0, 1, 0, 2, 0, 0, 0, 0, 0, 2, 0, 1, 0, 0, 1, 2, 0]|[4, 3, 2, 2, 4, 1, 2, 2, 2, 4, 1, 1, 2, 4, 4, 1, 2, 4, 2, 1, 1, 1, 1, 2, 1, 2, 1, 1, 1, 1, 3, 2, 3, 0, 4, 0, 1, 1, 0, 3, 2, 2, 2, 0, 1, 1, 0, 4, 0, 1, 2, 2, 1, 0, 0, 3, 2, 4, 1, 2, 2, 3, 1, 1, 1, 3, 0, 4, 3, 2, 1, 1, 1, 0, 4, 4, 1, 1, 1, 1, 2, 3, 1, 1, 1, 1, 1, 1, 1, 2, 1, 2, 1, 2, 1, 1, 2, 4, 1, 2]|[0, 2, 1, 1, 3, 0, 1, 0, 0, 0, 0, 0, 1, 0, 1, 0, 0, 3, 1, 0, 0, 0, 3, 1, 0, 2, 0, 0, 0, 1, 0, 0, 0, 0, 3, 0, 1, 0, 0, 2, 1, 1, 1, 0, 0, 0, 0, 2, 1, 0, 0, 0, 1, 3, 0, 0, 1, 2, 0, 1, 0, 2, 0, 1, 0, 2, 1, 0, 0, 1, 0, 3, 1, 1, 3, 3, 1, 0, 0, 2, 1, 0, 0, 0, 1, 0, 0, 0, 0, 1, 0, 1, 0, 0, 1, 1, 0, 2, 0, 0],847.0427978319374,57913.11646638373,93531.36983571656,false
7,G1_CMAX,G4_BALANCED,[31, 22, 82, 15, 26, 9, 95, 42, 77, 12, 47, 5, 93, 78, 86, 54, 85, 63, 18, 44, 20, 35, 43, 97, 91, 76, 10, 30, 21, 45, 71, 64, 1, 23, 17, 83, 24, 14, 60, 36, 6, 57, 40, 88, 65, 56, 79, 69, 67, 68, 46, 75, 38, 58, 19, 32, 81, 48, 27, 62, 87, 90, 99, 59, 11, 16, 72, 73, 61, 39, 37, 84, 3, 92, 25, 55, 28, 51, 29, 7, 33, 70, 98, 41, 89, 50, 66, 96, 80, 53, 8, 4, 34, 2, 52, 49, 0, 94, 74, 13]|[1, 1, 0, 1, 1, 0, 1, 2, 2, 1, 0, 2, 2, 1, 1, 0, 0, 1, 0, 2, 2, 0, 1, 2, 0, 1, 2, 2, 0, 0, 1, 2, 1, 0, 1, 0, 2, 0, 1, 1, 0, 1, 1, 1, 0, 2, 1, 1, 0, 0, 0, 0, 1, 1, 2, 1, 2, 1, 0, 0, 2, 1, 0, 1, 2, 1, 2, 1, 1, 1, 1, 1, 1, 0, 1, 1, 0, 0, 0, 1, 0, 1, 0, 0, 1, 0, 2, 0, 0, 0, 1, 1, 2, 0, 2, 0, 0, 1, 2, 0]|[4, 3, 2, 2, 4, 1, 2, 2, 2, 4, 2, 1, 2, 4, 4, 1, 2, 4, 2, 1, 1, 1, 1, 2, 1, 2, 1, 1, 1, 1, 3, 2, 3, 0, 4, 0, 1, 1, 0, 3, 2, 2, 2, 0, 1, 1, 0, 4, 0, 1, 2, 2, 1, 0, 0, 3, 2, 4, 1, 2, 2, 3, 1, 1, 1, 3, 0, 4, 3, 1, 4, 1, 1, 0, 4, 4, 2, 1, 1, 1, 1, 3, 1, 1, 1, 1, 1, 1, 1, 2, 3, 4, 1, 2, 1, 1, 2, 4, 1, 2]|[0, 2, 1, 1, 3, 0, 1, 0, 0, 0, 1, 0, 1, 0, 1, 0, 0, 3, 1, 0, 0, 0, 3, 1, 0, 2, 0, 0, 0, 1, 0, 0, 0, 0, 3, 0, 1, 0, 0, 2, 1, 1, 1, 0, 0, 0, 0, 2, 1, 0, 0, 0, 1, 3, 0, 0, 1, 2, 0, 1, 0, 2, 0, 1, 0, 2, 1, 0, 0, 1, 1, 3, 1, 1, 3, 3, 1, 0, 0, 2, 0, 0, 0, 0, 1, 0, 0, 0, 0, 1, 2, 0, 0, 0, 0, 1, 0, 2, 0, 0],845.7571996761072,57030.70314918601,95980.86805352964,true
7,G4_BALANCED,G2_TEC,[31, 22, 82, 15, 26, 9, 95, 42, 77, 4, 47, 5, 93, 78, 86, 54, 85, 63, 18, 44, 20, 49, 36, 14, 74, 50, 53, 17, 21, 45, 71, 64, 3, 23, 30, 83, 24, 41, 60, 52, 65, 27, 90, 70, 89, 87, 48, 69, 99, 68, 46, 1, 39, 32, 97, 59, 28, 8, 73, 37, 35, 79, 11, 66, 76, 57, 72, 16, 92, 6, 80, 61, 33, 98, 58, 34, 51, 67, 10, 7, 56, 88, 29, 19, 91, 13, 12, 96, 0, 81, 2, 55, 43, 84, 75, 25, 62, 94, 38, 40]|[2, 1, 2, 1, 1, 2, 1, 1, 1, 1, 1, 0, 2, 2, 1, 2, 0, 0, 0, 2, 2, 1, 0, 2, 0, 2, 2, 1, 0, 1, 1, 1, 0, 0, 1, 0, 2, 1, 2, 2, 0, 1, 1, 1, 1, 1, 0, 2, 1, 0, 0, 2, 2, 0, 2, 0, 2, 1, 0, 0, 2, 1, 0, 2, 2, 0, 0, 2, 0, 0, 2, 1, 1, 0, 0, 1, 1, 0, 1, 2, 2, 1, 1, 2, 1, 0, 1, 0, 0, 1, 2, 0, 1, 0, 2, 1, 0, 1, 1, 2]|[0, 3, 0, 2, 4, 1, 4, 4, 2, 4, 3, 2, 1, 0, 2, 1, 1, 1, 2, 1, 2, 3, 0, 1, 0, 1, 1, 4, 1, 0, 3, 2, 2, 0, 4, 1, 1, 4, 0, 1, 2, 2, 4, 4, 4, 0, 0, 2, 3, 1, 2, 1, 2, 2, 1, 2, 0, 3, 0, 2, 2, 3, 1, 0, 1, 0, 2, 1, 0, 1, 1, 3, 4, 1, 1, 4, 3, 1, 3, 1, 0, 4, 3, 0, 3, 2, 3, 2, 2, 1, 1, 2, 4, 2, 2, 4, 2, 4, 4, 0]|[0, 2, 0, 1, 3, 0, 1, 3, 0, 0, 2, 0, 1, 0, 1, 0, 0, 0, 1, 0, 0, 2, 0, 0, 1, 0, 0, 3, 0, 1, 0, 2, 0, 0, 3, 0, 1, 3, 1, 0, 0, 1, 1, 3, 1, 0, 1, 0, 2, 0, 0, 0, 0, 0, 1, 0, 0, 0, 1, 1, 0, 2, 0, 0, 0, 1, 1, 0, 1, 0, 0, 0, 1, 0, 0, 2, 0, 0, 3, 0, 0, 1, 0, 0, 0, 0, 0, 0, 0, 1, 0, 0, 2, 1, 1, 3, 1, 2, 1, 0],839.6890277062986,54681.99845469262,112904.53001143686,true
7,G2_TEC,G2_TEC,[31, 22, 82, 15, 26, 9, 95, 42, 77, 68, 47, 5, 93, 78, 86, 54, 85, 63, 18, 44, 20, 49, 36, 14, 74, 50, 53, 17, 21, 45, 71, 64, 3, 23, 30, 83, 24, 41, 60, 52, 65, 27, 90, 70, 39, 87, 48, 69, 99, 4, 46, 1, 38, 58, 97, 59, 28, 8, 73, 37, 35, 79, 11, 66, 76, 57, 40, 80, 96, 6, 16, 61, 33, 98, 32, 34, 62, 67, 10, 7, 56, 88, 51, 19, 91, 13, 75, 92, 0, 12, 43, 55, 84, 2, 81, 25, 29, 94, 89, 72]|[2, 1, 2, 1, 1, 2, 1, 1, 1, 1, 1, 0, 2, 2, 1, 2, 0, 0, 0, 2, 2, 1, 0, 2, 0, 2, 2, 1, 0, 1, 1, 1, 0, 0, 1, 0, 2, 1, 2, 2, 0, 1, 1, 1, 0, 2, 0, 2, 1, 0, 0, 2, 2, 0, 2, 0, 2, 1, 0, 0, 2, 1, 0, 2, 2, 0, 2, 2, 0, 1, 2, 1, 1, 0, 0, 1, 1, 1, 1, 2, 2, 1, 1, 1, 1, 0, 0, 0, 0, 1, 1, 0, 0, 2, 1, 1, 1, 1, 1, 1]|[0, 3, 0, 2, 4, 1, 4, 4, 2, 4, 3, 2, 1, 0, 2, 1, 1, 1, 2, 1, 1, 3, 0, 1, 0, 1, 1, 4, 1, 4, 3, 2, 2, 0, 4, 1, 1, 4, 0, 1, 2, 2, 4, 4, 1, 1, 0, 2, 3, 1, 2, 1, 2, 1, 1, 2, 0, 3, 0, 2, 2, 3, 1, 0, 1, 0, 0, 1, 2, 4, 1, 3, 4, 2, 2, 4, 3, 3, 3, 1, 0, 4, 3, 4, 3, 2, 2, 2, 2, 3, 4, 2, 2, 1, 1, 4, 3, 4, 4, 4]|[0, 2, 0, 1, 3, 0, 1, 3, 0, 0, 2, 0, 1, 0, 1, 0, 0, 0, 1, 0, 0, 2, 0, 0, 1, 0, 0, 3, 0, 1, 0, 2, 0, 0, 3, 0, 1, 3, 1, 0, 0, 1, 1, 3, 0, 0, 1, 0, 2, 0, 0, 0, 0, 0, 1, 0, 0, 0, 1, 1, 0, 2, 0, 0, 0, 1, 0, 0, 0, 2, 0, 0, 1, 0, 0, 2, 0, 0, 3, 0, 0, 1, 0, 3, 0, 0, 0, 0, 0, 0, 2, 0, 1, 0, 1, 3, 0, 2, 1, 2],868.7652750258076,52617.21491009273,114898.79054863131,false
7,G3_TWC,G3_TWC,[31, 22, 82, 15, 26, 9, 95, 42, 77, 12, 47, 5, 93, 78, 86, 54, 85, 63, 18, 44, 20, 35, 43, 97, 91, 76, 10, 30, 21, 45, 71, 64, 1, 23, 17, 83, 24, 14, 60, 36, 6, 57, 40, 88, 65, 56, 79, 94, 67, 68, 46, 75, 38, 58, 19, 32, 81, 41, 27, 62, 87, 90, 99, 59, 11, 16, 72, 73, 69, 28, 37, 84, 3, 92, 25, 55, 39, 29, 51, 7, 33, 61, 98, 48, 89, 50, 66, 96, 80, 53, 8, 4, 34, 2, 52, 49, 0, 70, 74, 13]|[1, 1, 0, 1, 1, 0, 1, 2, 2, 1, 2, 2, 2, 1, 1, 0, 0, 1, 0, 2, 2, 0, 1, 2, 0, 1, 2, 2, 0, 0, 1, 2, 1, 2, 1, 0, 2, 0, 1, 1, 0, 1, 1, 1, 0, 2, 1, 1, 0, 0, 0, 0, 1, 1, 2, 1, 2, 1, 0, 0, 2, 1, 0, 1, 2, 1, 2, 1, 1, 0, 0, 1, 1, 0, 1, 1, 1, 0, 0, 1, 0, 1, 0, 0, 1, 0, 2, 0, 0, 0, 0, 0, 2, 0, 1, 0, 0, 1, 2, 0]|[4, 3, 2, 2, 4, 1, 2, 2, 2, 4, 1, 1, 2, 4, 4, 1, 2, 4, 2, 1, 1, 1, 1, 2, 1, 2, 1, 1, 1, 1, 3, 2, 3, 0, 4, 0, 1, 1, 0, 3, 2, 2, 2, 0, 1, 1, 0, 4, 0, 1, 2, 2, 1, 0, 0, 3, 2, 4, 1, 2, 2, 3, 1, 1, 1, 3, 0, 4, 3, 2, 1, 1, 1, 0, 4, 4, 1, 1, 1, 1, 2, 3, 1, 1, 1, 1, 1, 1, 1, 2, 1, 2, 1, 2, 1, 1, 2, 4, 1, 2]|[0, 2, 1, 1, 3, 0, 1, 0, 0, 0, 0, 0, 1, 0, 1, 0, 0, 3, 1, 0, 0, 0, 3, 1, 0, 2, 0, 0, 0, 1, 0, 0, 0, 0, 3, 0, 1, 0, 0, 2, 1, 1, 1, 0, 0, 0, 0, 2, 1, 0, 0, 0, 1, 3, 0, 0, 1, 2, 0, 1, 0, 2, 0, 1, 0, 2, 1, 0, 0, 1, 0, 3, 1, 1, 3, 3, 1, 0, 0, 2, 1, 0, 0, 0, 1, 0, 0, 0, 0, 1, 0, 1, 0, 0, 1, 1, 0, 2, 0, 0],847.0427978319374,57913.11646638373,93531.36983571656,false
7,G1_CMAX,G3_TWC,[31, 22, 51, 15, 26, 9, 95, 42, 77, 12, 47, 5, 93, 78, 86, 54, 85, 63, 18, 44, 20, 35, 43, 97, 91, 76, 10, 30, 21, 45, 71, 64, 1, 23, 17, 83, 24, 14, 60, 36, 6, 57, 40, 88, 65, 56, 79, 94, 67, 68, 46, 75, 38, 58, 19, 32, 81, 41, 27, 62, 87, 90, 99, 59, 11, 16, 72, 73, 70, 39, 37, 84, 3, 92, 25, 55, 28, 29, 82, 7, 66, 61, 98, 33, 89, 50, 48, 96, 80, 53, 8, 4, 34, 2, 52, 49, 0, 69, 74, 13]|[1, 1, 0, 1, 1, 0, 1, 2, 2, 1, 2, 2, 2, 1, 1, 0, 0, 1, 0, 2, 2, 0, 1, 2, 0, 1, 2, 2, 0, 0, 1, 2, 1, 2, 1, 0, 2, 0, 1, 1, 0, 1, 1, 1, 0, 2, 1, 1, 0, 0, 0, 0, 1, 1, 2, 1, 2, 1, 0, 0, 2, 1, 0, 1, 2, 1, 2, 1, 1, 1, 1, 1, 1, 0, 1, 1, 0, 0, 0, 1, 2, 1, 0, 0, 1, 0, 0, 0, 0, 0, 1, 1, 2, 0, 1, 0, 0, 1, 2, 0]|[4, 3, 2, 2, 4, 1, 2, 2, 2, 4, 1, 1, 2, 4, 4, 1, 2, 4, 2, 1, 1, 1, 1, 2, 1, 2, 1, 1, 1, 1, 3, 2, 3, 0, 4, 0, 1, 1, 0, 3, 2, 2, 2, 0, 1, 1, 0, 4, 0, 1, 2, 2, 1, 0, 0, 3, 2, 4, 1, 2, 2, 3, 1, 1, 1, 3, 0, 4, 3, 1, 4, 1, 1, 0, 4, 4, 2, 1, 1, 1, 1, 3, 1, 2, 1, 1, 1, 1, 1, 2, 3, 4, 1, 2, 1, 1, 2, 4, 1, 2]|[0, 2, 1, 1, 3, 0, 1, 0, 0, 0, 0, 0, 1, 0, 1, 0, 0, 3, 1, 0, 0, 0, 3, 1, 0, 2, 0, 0, 0, 1, 0, 0, 0, 0, 3, 0, 1, 0, 0, 2, 1, 1, 1, 0, 0, 0, 0, 2, 1, 0, 0, 0, 1, 3, 0, 0, 1, 2, 0, 1, 0, 2, 0, 1, 0, 2, 1, 0, 0, 1, 1, 3, 1, 1, 3, 3, 1, 0, 0, 2, 0, 0, 0, 1, 1, 0, 0, 0, 0, 1, 2, 0, 0, 0, 1, 1, 0, 2, 0, 0],827.9045949972788,57441.64415044191,94850.6619188624,true
7,G4_BALANCED,G2_TEC,[31, 22, 82, 15, 26, 9, 95, 42, 77, 4, 47, 5, 93, 78, 86, 54, 85, 63, 18, 44, 20, 49, 36, 14, 74, 50, 53, 17, 21, 45, 71, 64, 3, 23, 30, 83, 24, 41, 60, 52, 65, 27, 90, 70, 89, 87, 48, 69, 99, 68, 46, 1, 39, 32, 97, 59, 28, 8, 73, 37, 35, 79, 11, 66, 76, 57, 72, 16, 92, 6, 80, 61, 33, 98, 58, 34, 51, 67, 10, 7, 56, 88, 29, 19, 91, 13, 12, 96, 0, 81, 2, 55, 43, 84, 75, 25, 62, 94, 38, 40]|[2, 1, 2, 1, 1, 2, 1, 1, 1, 1, 1, 0, 2, 2, 1, 2, 0, 0, 0, 2, 2, 1, 0, 2, 0, 2, 2, 1, 0, 1, 1, 1, 0, 0, 1, 0, 2, 1, 2, 2, 0, 1, 1, 1, 1, 1, 0, 2, 1, 0, 0, 2, 2, 0, 2, 0, 2, 1, 0, 0, 2, 1, 0, 2, 2, 0, 0, 2, 0, 0, 2, 1, 1, 0, 0, 1, 1, 0, 1, 2, 2, 1, 1, 2, 1, 0, 1, 0, 0, 1, 2, 0, 1, 0, 2, 1, 0, 1, 1, 2]|[0, 3, 0, 2, 4, 1, 4, 4, 2, 4, 3, 2, 1, 0, 2, 1, 1, 1, 2, 1, 2, 3, 0, 1, 0, 1, 1, 4, 1, 0, 3, 2, 2, 0, 4, 1, 1, 4, 0, 1, 2, 2, 4, 4, 4, 0, 0, 2, 3, 1, 2, 1, 2, 2, 1, 2, 0, 3, 0, 2, 2, 3, 1, 0, 1, 0, 2, 1, 0, 1, 1, 3, 4, 1, 1, 4, 3, 1, 3, 1, 0, 4, 3, 0, 3, 2, 3, 2, 2, 1, 1, 2, 4, 2, 2, 4, 2, 4, 4, 0]|[0, 2, 0, 1, 3, 0, 1, 3, 0, 0, 2, 0, 1, 0, 1, 0, 0, 0, 1, 0, 0, 2, 0, 0, 1, 0, 0, 3, 0, 1, 0, 2, 0, 0, 3, 0, 1, 3, 1, 0, 0, 1, 1, 3, 1, 0, 1, 0, 2, 0, 0, 0, 0, 0, 1, 0, 0, 0, 1, 1, 0, 2, 0, 0, 0, 1, 1, 0, 1, 0, 0, 0, 1, 0, 0, 2, 0, 0, 3, 0, 0, 1, 0, 0, 0, 0, 0, 0, 0, 1, 0, 0, 2, 1, 1, 3, 1, 2, 1, 0],839.6890277062986,54681.99845469262,112904.53001143686,true
7,G2_TEC,G2_TEC,[31, 22, 82, 15, 26, 9, 95, 42, 77, 68, 47, 5, 93, 78, 86, 54, 85, 63, 18, 44, 20, 49, 36, 14, 74, 50, 53, 17, 21, 45, 71, 64, 3, 23, 30, 83, 24, 41, 60, 52, 65, 27, 90, 70, 39, 87, 48, 69, 99, 4, 46, 1, 38, 58, 97, 59, 28, 8, 73, 37, 35, 79, 11, 66, 76, 57, 40, 80, 96, 6, 16, 61, 33, 98, 32, 34, 62, 67, 10, 7, 56, 88, 51, 19, 91, 13, 75, 92, 0, 12, 43, 55, 84, 2, 81, 25, 29, 94, 89, 72]|[2, 1, 2, 1, 1, 2, 1, 1, 1, 1, 1, 0, 2, 2, 1, 2, 0, 0, 0, 2, 2, 1, 0, 2, 0, 2, 2, 1, 0, 1, 1, 1, 0, 0, 1, 0, 2, 1, 2, 2, 0, 1, 1, 1, 0, 2, 0, 2, 1, 0, 0, 2, 2, 0, 2, 0, 2, 1, 0, 0, 2, 1, 0, 2, 2, 0, 2, 2, 0, 1, 2, 1, 1, 0, 0, 1, 1, 1, 1, 2, 2, 1, 1, 1, 1, 0, 0, 0, 0, 1, 1, 0, 0, 2, 1, 1, 1, 1, 1, 1]|[0, 3, 0, 2, 4, 1, 4, 4, 2, 4, 3, 2, 1, 0, 2, 1, 1, 1, 2, 1, 1, 3, 0, 1, 0, 1, 1, 4, 1, 4, 3, 2, 2, 0, 4, 1, 1, 4, 0, 1, 2, 2, 4, 4, 1, 1, 0, 2, 3, 1, 2, 1, 2, 1, 1, 2, 0, 3, 0, 2, 2, 3, 1, 0, 1, 0, 0, 1, 2, 4, 1, 3, 4, 2, 2, 4, 3, 3, 3, 1, 0, 4, 3, 4, 3, 2, 2, 2, 2, 3, 4, 2, 2, 1, 1, 4, 3, 4, 4, 4]|[0, 2, 0, 1, 3, 0, 1, 3, 0, 0, 2, 0, 1, 0, 1, 0, 0, 0, 1, 0, 0, 2, 0, 0, 1, 0, 0, 3, 0, 1, 0, 2, 0, 0, 3, 0, 1, 3, 1, 0, 0, 1, 1, 3, 0, 0, 1, 0, 2, 0, 0, 0, 0, 0, 1, 0, 0, 0, 1, 1, 0, 2, 0, 0, 0, 1, 0, 0, 0, 2, 0, 0, 1, 0, 0, 2, 0, 0, 3, 0, 0, 1, 0, 3, 0, 0, 0, 0, 0, 0, 2, 0, 1, 0, 1, 3, 0, 2, 1, 2],868.7652750258076,52617.21491009273,114898.79054863131,false
7,G3_TWC,G3_TWC,[31, 22, 82, 15, 26, 9, 95, 42, 77, 12, 47, 5, 93, 78, 86, 54, 85, 63, 18, 44, 20, 35, 43, 97, 91, 76, 10, 30, 21, 45, 71, 64, 1, 23, 17, 83, 24, 14, 60, 36, 6, 57, 40, 88, 65, 56, 79, 94, 67, 68, 46, 75, 38, 58, 19, 32, 81, 41, 27, 62, 87, 90, 99, 59, 11, 16, 72, 73, 69, 28, 37, 84, 3, 92, 25, 55, 39, 29, 51, 7, 33, 61, 98, 48, 89, 50, 66, 96, 80, 53, 8, 4, 34, 2, 52, 49, 0, 70, 74, 13]|[1, 1, 0, 1, 1, 0, 1, 2, 2, 1, 2, 2, 2, 1, 1, 0, 0, 1, 0, 2, 2, 0, 1, 2, 0, 1, 2, 2, 0, 0, 1, 2, 1, 2, 1, 0, 2, 0, 1, 1, 0, 1, 1, 1, 0, 2, 1, 1, 0, 0, 0, 0, 1, 1, 2, 1, 2, 1, 0, 0, 2, 1, 0, 1, 2, 1, 2, 1, 1, 0, 0, 1, 1, 0, 1, 1, 1, 0, 0, 1, 0, 1, 0, 0, 1, 0, 2, 0, 0, 0, 0, 0, 2, 0, 1, 0, 0, 1, 2, 0]|[4, 3, 2, 2, 4, 1, 2, 2, 2, 4, 1, 1, 2, 4, 4, 1, 2, 4, 2, 1, 1, 1, 1, 2, 1, 2, 1, 1, 1, 1, 3, 2, 3, 0, 4, 0, 1, 1, 0, 3, 2, 2, 2, 0, 1, 1, 0, 4, 0, 1, 2, 2, 1, 0, 0, 3, 2, 4, 1, 2, 2, 3, 1, 1, 1, 3, 0, 4, 3, 2, 1, 1, 1, 0, 4, 4, 1, 1, 1, 1, 2, 3, 1, 1, 1, 1, 1, 1, 1, 2, 1, 2, 1, 2, 1, 1, 2, 4, 1, 2]|[0, 2, 1, 1, 3, 0, 1, 0, 0, 0, 0, 0, 1, 0, 1, 0, 0, 3, 1, 0, 0, 0, 3, 1, 0, 2, 0, 0, 0, 1, 0, 0, 0, 0, 3, 0, 1, 0, 0, 2, 1, 1, 1, 0, 0, 0, 0, 2, 1, 0, 0, 0, 1, 3, 0, 0, 1, 2, 0, 1, 0, 2, 0, 1, 0, 2, 1, 0, 0, 1, 0, 3, 1, 1, 3, 3, 1, 0, 0, 2, 1, 0, 0, 0, 1, 0, 0, 0, 0, 1, 0, 1, 0, 0, 1, 1, 0, 2, 0, 0],847.0427978319374,57913.11646638373,93531.36983571656,false
7,G1_CMAX,G1_CMAX,[31, 22, 82, 15, 26, 9, 95, 42, 77, 12, 47, 5, 93, 78, 86, 54, 6, 63, 18, 44, 20, 35, 43, 97, 91, 76, 10, 30, 21, 45, 64, 1, 23, 17, 83, 24, 14, 60, 36, 13, 75, 46, 68, 67, 69, 79, 56, 65, 88, 40, 57, 85, 58, 19, 32, 81, 48, 27, 62, 87, 90, 99, 59, 11, 16, 72, 73, 71, 70, 39, 37, 84, 3, 98, 29, 28, 55, 25, 92, 7, 33, 61, 53, 41, 89, 50, 8, 96, 51, 80, 34, 4, 66, 2, 52, 49, 0, 94, 74, 38]|[1, 1, 0, 1, 1, 0, 1, 2, 2, 1, 2, 2, 2, 1, 1, 0, 0, 1, 0, 2, 2, 0, 1, 2, 0, 1, 2, 2, 0, 0, 2, 1, 2, 1, 0, 2, 2, 1, 1, 0, 0, 0, 0, 0, 2, 1, 2, 0, 1, 1, 1, 0, 1, 2, 1, 2, 1, 0, 0, 2, 1, 0, 1, 2, 1, 2, 1, 1, 1, 1, 1, 1, 1, 0, 0, 0, 1, 1, 0, 1, 0, 1, 0, 1, 1, 0, 1, 0, 0, 0, 2, 1, 2, 0, 1, 0, 0, 2, 2, 1]|[0, 3, 2, 2, 4, 1, 2, 2, 2, 4, 1, 1, 2, 4, 4, 1, 2, 4, 2, 1, 1, 1, 1, 2, 1, 2, 1, 1, 1, 1, 2, 3, 0, 4, 0, 1, 2, 0, 3, 2, 2, 2, 1, 0, 2, 0, 1, 1, 0, 2, 2, 2, 0, 0, 3, 2, 4, 1, 2, 2, 3, 1, 1, 1, 3, 0, 4, 3, 3, 1, 4, 1, 1, 1, 1, 2, 4, 4, 0, 1, 2, 3, 2, 4, 1, 1, 3, 1, 1, 1, 1, 4, 1, 2, 1, 1, 2, 2, 1, 1]|[0, 2, 1, 1, 3, 0, 1, 0, 0, 0, 0, 0, 1, 0, 1, 0, 1, 3, 1, 0, 0, 0, 3, 1, 0, 2, 0, 0, 0, 1, 0, 0, 0, 3, 0, 1, 1, 0, 2, 0, 0, 0, 0, 1, 0, 0, 0, 0, 0, 1, 1, 0, 3, 0, 0, 1, 2, 0, 1, 0, 2, 0, 1, 0, 2, 1, 0, 0, 0, 1, 1, 3, 1, 0, 0, 1, 3, 3, 1, 2, 1, 0, 1, 3, 1, 0, 2, 0, 0, 0, 0, 0, 0, 0, 1, 1, 0, 0, 0, 1],740.6648699319737,58345.503832923176,99227.13002615936,false
7,G4_BALANCED,G3_TWC,[31, 22, 82, 15, 26, 9, 95, 42, 77, 12, 47, 5, 93, 78, 86, 54, 85, 63, 18, 44, 20, 35, 43, 97, 91, 76, 10, 30, 21, 45, 71, 64, 1, 23, 17, 83, 24, 14, 60, 36, 6, 57, 40, 88, 65, 56, 79, 94, 67, 68, 46, 75, 38, 58, 19, 32, 81, 41, 52, 62, 87, 90, 99, 59, 11, 16, 72, 73, 69, 28, 37, 84, 3, 92, 25, 55, 39, 29, 51, 7, 33, 61, 98, 66, 89, 50, 48, 80, 96, 53, 8, 4, 2, 34, 27, 49, 0, 70, 74, 13]|[1, 1, 0, 1, 1, 0, 1, 2, 2, 1, 2, 2, 2, 1, 1, 0, 0, 1, 0, 2, 2, 0, 1, 2, 0, 1, 2, 2, 0, 0, 1, 2, 1, 2, 1, 0, 2, 0, 1, 1, 0, 1, 1, 1, 0, 2, 1, 1, 0, 0, 0, 0, 1, 1, 2, 1, 2, 1, 0, 0, 2, 1, 0, 1, 2, 1, 2, 1, 1, 0, 0, 1, 1, 0, 1, 1, 1, 0, 0, 1, 0, 1, 0, 2, 1, 0, 0, 0, 0, 0, 0, 0, 0, 2, 1, 0, 0, 1, 2, 0]|[4, 3, 2, 2, 4, 1, 2, 2, 2, 4, 1, 1, 2, 4, 4, 1, 2, 4, 2, 1, 1, 1, 1, 2, 1, 2, 1, 1, 1, 1, 3, 2, 3, 0, 4, 0, 1, 1, 0, 3, 2, 2, 2, 0, 1, 1, 0, 4, 0, 1, 2, 2, 1, 0, 0, 3, 2, 4, 1, 2, 2, 3, 1, 1, 1, 3, 0, 4, 3, 2, 1, 1, 1, 0, 4, 4, 1, 1, 1, 1, 2, 3, 1, 1, 1, 1, 1, 1, 1, 2, 1, 2, 2, 1, 1, 1, 2, 4, 1, 2]|[0, 2, 1, 1, 3, 0, 1, 0, 0, 0, 0, 0, 1, 0, 1, 0, 0, 3, 1, 0, 0, 0, 3, 1, 0, 2, 0, 0, 0, 1, 0, 0, 0, 0, 3, 0, 1, 0, 0, 2, 1, 1, 1, 0, 0, 0, 0, 2, 1, 0, 0, 0, 1, 3, 0, 0, 1, 2, 0, 1, 0, 2, 0, 1, 0, 2, 1, 0, 0, 1, 0, 3, 1, 1, 3, 3, 1, 0, 0, 2, 1, 0, 0, 0, 1, 0, 0, 0, 0, 1, 0, 1, 0, 0, 1, 1, 0, 2, 0, 0],873.7269887838064,57874.017813051374,93536.00929365691,true
7,G2_TEC,G2_TEC,[31, 22, 82, 15, 26, 9, 95, 42, 77, 68, 47, 5, 93, 78, 86, 54, 85, 63, 18, 44, 20, 49, 36, 14, 74, 50, 53, 17, 21, 45, 71, 64, 3, 23, 30, 83, 24, 41, 60, 52, 65, 27, 90, 70, 39, 87, 48, 69, 99, 4, 46, 1, 38, 58, 97, 59, 28, 8, 73, 37, 35, 79, 11, 66, 76, 57, 40, 80, 96, 6, 16, 61, 33, 98, 32, 34, 62, 67, 10, 7, 56, 88, 51, 19, 91, 13, 75, 92, 0, 12, 43, 55, 84, 2, 81, 25, 29, 94, 89, 72]|[2, 1, 2, 1, 1, 2, 1, 1, 1, 1, 1, 0, 2, 2, 1, 2, 0, 0, 0, 2, 2, 1, 0, 2, 0, 2, 2, 1, 0, 1, 1, 1, 0, 0, 1, 0, 2, 1, 2, 2, 0, 1, 1, 1, 0, 2, 0, 2, 1, 0, 0, 2, 2, 0, 2, 0, 2, 1, 0, 0, 2, 1, 0, 2, 2, 0, 2, 2, 0, 1, 2, 1, 1, 0, 0, 1, 1, 1, 1, 2, 2, 1, 1, 1, 1, 0, 0, 0, 0, 1, 1, 0, 0, 2, 1, 1, 1, 1, 1, 1]|[0, 3, 0, 2, 4, 1, 4, 4, 2, 4, 3, 2, 1, 0, 2, 1, 1, 1, 2, 1, 1, 3, 0, 1, 0, 1, 1, 4, 1, 4, 3, 2, 2, 0, 4, 1, 1, 4, 0, 1, 2, 2, 4, 4, 1, 1, 0, 2, 3, 1, 2, 1, 2, 1, 1, 2, 0, 3, 0, 2, 2, 3, 1, 0, 1, 0, 0, 1, 2, 4, 1, 3, 4, 2, 2, 4, 3, 3, 3, 1, 0, 4, 3, 4, 3, 2, 2, 2, 2, 3, 4, 2, 2, 1, 1, 4, 3, 4, 4, 4]|[0, 2, 0, 1, 3, 0, 1, 3, 0, 0, 2, 0, 1, 0, 1, 0, 0, 0, 1, 0, 0, 2, 0, 0, 1, 0, 0, 3, 0, 1, 0, 2, 0, 0, 3, 0, 1, 3, 1, 0, 0, 1, 1, 3, 0, 0, 1, 0, 2, 0, 0, 0, 0, 0, 1, 0, 0, 0, 1, 1, 0, 2, 0, 0, 0, 1, 0, 0, 0, 2, 0, 0, 1, 0, 0, 2, 0, 0, 3, 0, 0, 1, 0, 3, 0, 0, 0, 0, 0, 0, 2, 0, 1, 0, 1, 3, 0, 2, 1, 2],868.7652750258076,52617.21491009273,114898.79054863131,false
7,G3_TWC,G3_TWC,[31, 22, 82, 15, 26, 9, 95, 42, 77, 12, 47, 5, 93, 78, 86, 54, 85, 63, 18, 44, 20, 35, 43, 97, 91, 76, 10, 30, 21, 45, 71, 64, 1, 23, 17, 83, 24, 14, 60, 36, 6, 57, 40, 88, 65, 56, 79, 94, 67, 68, 46, 75, 38, 58, 19, 32, 81, 41, 27, 62, 87, 90, 99, 59, 11, 16, 72, 73, 69, 28, 37, 84, 3, 92, 25, 55, 39, 29, 51, 7, 33, 61, 98, 48, 89, 50, 66, 96, 80, 53, 8, 4, 34, 2, 52, 49, 0, 70, 74, 13]|[1, 1, 0, 1, 1, 0, 1, 2, 2, 1, 2, 2, 2, 1, 1, 0, 0, 1, 0, 2, 2, 0, 1, 2, 0, 1, 2, 2, 0, 0, 1, 2, 1, 2, 1, 0, 2, 0, 1, 1, 0, 1, 1, 1, 0, 2, 1, 1, 0, 0, 0, 0, 1, 1, 2, 1, 2, 1, 0, 0, 2, 1, 0, 1, 2, 1, 2, 1, 1, 0, 0, 1, 1, 0, 1, 1, 1, 0, 0, 1, 0, 1, 0, 0, 1, 0, 2, 0, 0, 0, 0, 0, 2, 0, 1, 0, 0, 1, 2, 0]|[4, 3, 2, 2, 4, 1, 2, 2, 2, 4, 1, 1, 2, 4, 4, 1, 2, 4, 2, 1, 1, 1, 1, 2, 1, 2, 1, 1, 1, 1, 3, 2, 3, 0, 4, 0, 1, 1, 0, 3, 2, 2, 2, 0, 1, 1, 0, 4, 0, 1, 2, 2, 1, 0, 0, 3, 2, 4, 1, 2, 2, 3, 1, 1, 1, 3, 0, 4, 3, 2, 1, 1, 1, 0, 4, 4, 1, 1, 1, 1, 2, 3, 1, 1, 1, 1, 1, 1, 1, 2, 1, 2, 1, 2, 1, 1, 2, 4, 1, 2]|[0, 2, 1, 1, 3, 0, 1, 0, 0, 0, 0, 0, 1, 0, 1, 0, 0, 3, 1, 0, 0, 0, 3, 1, 0, 2, 0, 0, 0, 1, 0, 0, 0, 0, 3, 0, 1, 0, 0, 2, 1, 1, 1, 0, 0, 0, 0, 2, 1, 0, 0, 0, 1, 3, 0, 0, 1, 2, 0, 1, 0, 2, 0, 1, 0, 2, 1, 0, 0, 1, 0, 3, 1, 1, 3, 3, 1, 0, 0, 2, 1, 0, 0, 0, 1, 0, 0, 0, 0, 1, 0, 1, 0, 0, 1, 1, 0, 2, 0, 0],847.0427978319374,57913.11646638373,93531.36983571656,false
8,G1_CMAX,G1_CMAX,[31, 22, 82, 15, 26, 9, 95, 42, 77, 12, 47, 5, 93, 78, 86, 54, 6, 63, 18, 44, 20, 35, 43, 97, 91, 76, 10, 30, 21, 45, 64, 1, 23, 17, 83, 24, 14, 60, 36, 13, 75, 46, 68, 67, 69, 79, 56, 65, 88, 40, 57, 85, 58, 19, 32, 81, 48, 27, 62, 87, 90, 99, 59, 11, 16, 72, 73, 71, 70, 39, 37, 84, 3, 98, 29, 28, 55, 25, 92, 7, 33, 61, 53, 41, 89, 50, 8, 96, 51, 80, 34, 4, 66, 2, 52, 49, 0, 94, 74, 38]|[1, 1, 0, 1, 1, 0, 1, 2, 2, 1, 2, 2, 2, 1, 1, 0, 0, 1, 0, 2, 2, 0, 1, 2, 0, 1, 2, 2, 0, 0, 2, 1, 2, 1, 0, 2, 2, 1, 1, 0, 0, 0, 0, 0, 2, 1, 2, 0, 1, 1, 1, 0, 1, 2, 1, 2, 1, 0, 0, 2, 1, 0, 1, 2, 1, 2, 1, 1, 1, 1, 1, 1, 1, 0, 0, 0, 1, 1, 0, 1, 0, 1, 0, 1, 1, 0, 1, 0, 0, 0, 2, 1, 2, 0, 1, 0, 0, 2, 2, 1]|[0, 3, 2, 2, 4, 1, 2, 2, 2, 4, 1, 1, 2, 4, 4, 1, 2, 4, 2, 1, 1, 1, 1, 2, 1, 2, 1, 1, 1, 1, 2, 3, 0, 4, 0, 1, 2, 0, 3, 2, 2, 2, 1, 0, 2, 0, 1, 1, 0, 2, 2, 2, 0, 0, 3, 2, 4, 1, 2, 2, 3, 1, 1, 1, 3, 0, 4, 3, 3, 1, 4, 1, 1, 1, 1, 2, 4, 4, 0, 1, 2, 3, 2, 4, 1, 1, 3, 1, 1, 1, 1, 4, 1, 2, 1, 1, 2, 2, 1, 1]|[0, 2, 1, 1, 3, 0, 1, 0, 0, 0, 0, 0, 1, 0, 1, 0, 1, 3, 1, 0, 0, 0, 3, 1, 0, 2, 0, 0, 0, 1, 0, 0, 0, 3, 0, 1, 1, 0, 2, 0, 0, 0, 0, 1, 0, 0, 0, 0, 0, 1, 1, 0, 3, 0, 0, 1, 2, 0, 1, 0, 2, 0, 1, 0, 2, 1, 0, 0, 0, 1, 1, 3, 1, 0, 0, 1, 3, 3, 1, 2, 1, 0, 1, 3, 1, 0, 2, 0, 0, 0, 0, 0, 0, 0, 1, 1, 0, 0, 0, 1],740.6648699319737,58345.503832923176,99227.13002615936,false
8,G4_BALANCED,G1_CMAX,[31, 22, 82, 15, 26, 9, 95, 42, 77, 12, 47, 5, 93, 78, 86, 54, 85, 63, 18, 44, 20, 35, 43, 97, 91, 76, 10, 30, 21, 45, 71, 64, 1, 23, 17, 83, 24, 14, 60, 36, 6, 57, 40, 88, 65, 56, 79, 94, 67, 68, 46, 75, 38, 58, 19, 32, 81, 48, 27, 62, 87, 90, 99, 59, 11, 16, 72, 73, 70, 39, 37, 84, 3, 92, 25, 55, 49, 29, 51, 7, 66, 61, 98, 41, 89, 50, 8, 96, 53, 80, 34, 4, 33, 2, 52, 28, 0, 69, 74, 13]|[1, 1, 0, 1, 1, 0, 1, 2, 2, 1, 2, 2, 2, 1, 1, 0, 0, 1, 0, 2, 2, 0, 1, 2, 0, 1, 2, 2, 0, 0, 1, 2, 1, 0, 1, 0, 2, 0, 1, 1, 0, 1, 1, 1, 0, 2, 1, 1, 0, 0, 0, 0, 1, 1, 2, 1, 2, 1, 0, 0, 2, 1, 0, 1, 2, 1, 2, 1, 1, 1, 1, 1, 1, 0, 1, 1, 0, 0, 0, 1, 2, 1, 0, 0, 1, 0, 1, 0, 0, 0, 2, 1, 1, 0, 2, 0, 0, 1, 2, 0]|[4, 3, 2, 2, 4, 1, 2, 2, 2, 4, 1, 1, 2, 4, 4, 1, 2, 4, 2, 1, 1, 1, 1, 2, 1, 2, 1, 1, 1, 1, 3, 2, 3, 0, 4, 0, 1, 1, 0, 3, 2, 2, 2, 0, 1, 1, 0, 4, 0, 1, 2, 2, 1, 0, 0, 3, 2, 4, 1, 2, 2, 3, 1, 1, 1, 3, 0, 4, 3, 1, 4, 1, 1, 0, 4, 4, 2, 1, 1, 1, 1, 3, 1, 1, 1, 1, 3, 1, 2, 1, 1, 4, 4, 2, 1, 2, 2, 4, 1, 2]|[0, 2, 1, 1, 3, 0, 1, 0, 0, 0, 0, 0, 1, 0, 1, 0, 0, 3, 1, 0, 0, 0, 3, 1, 0, 2, 0, 0, 0, 1, 0, 0, 0, 0, 3, 0, 1, 0, 0, 2, 1, 1, 1, 0, 0, 0, 0, 2, 1, 0, 0, 0, 1, 3, 0, 0, 1, 2, 0, 1, 0, 2, 0, 1, 0, 2, 1, 0, 0, 1, 1, 3, 1, 1, 3, 3, 1, 0, 0, 2, 0, 0, 0, 0, 1, 0, 2, 0, 1, 0, 0, 0, 0, 0, 0, 1, 0, 2, 0, 0],853.0119208988382,56564.331670059335,97847.60673459206,true
8,G2_TEC,G2_TEC,[31, 22, 82, 15, 26, 9, 95, 42, 77, 68, 47, 60, 93, 38, 86, 54, 85, 63, 18, 44, 20, 49, 36, 14, 74, 50, 53, 17, 21, 45, 71, 64, 3, 23, 30, 83, 24, 41, 5, 52, 65, 27, 90, 70, 39, 87, 48, 69, 99, 4, 46, 96, 78, 58, 97, 59, 28, 8, 73, 37, 35, 79, 11, 66, 76, 57, 40, 80, 1, 6, 16, 61, 33, 98, 32, 34, 62, 67, 10, 7, 56, 88, 29, 19, 91, 84, 13, 92, 0, 75, 2, 55, 43, 51, 81, 25, 12, 94, 89, 72]|[2, 1, 2, 1, 1, 2, 1, 1, 1, 0, 1, 0, 2, 2, 1, 2, 0, 0, 0, 2, 2, 1, 0, 2, 0, 2, 2, 1, 0, 1, 1, 1, 0, 0, 1, 0, 2, 1, 2, 2, 0, 1, 1, 1, 0, 2, 0, 2, 1, 0, 0, 0, 2, 0, 2, 0, 2, 1, 0, 0, 2, 1, 0, 2, 2, 0, 2, 2, 2, 1, 2, 1, 1, 0, 0, 1, 1, 1, 1, 2, 2, 1, 1, 1, 1, 0, 1, 0, 0, 0, 2, 0, 1, 1, 1, 1, 1, 1, 1, 1]|[0, 3, 0, 2, 4, 1, 4, 4, 2, 1, 3, 2, 1, 2, 2, 1, 1, 1, 2, 1, 1, 3, 0, 1, 0, 1, 1, 4, 1, 4, 3, 2, 2, 0, 4, 1, 1, 4, 0, 1, 2, 2, 4, 4, 1, 1, 0, 2, 3, 1, 2, 2, 2, 1, 1, 2, 0, 3, 0, 2, 2, 3, 1, 0, 1, 0, 0, 1, 1, 4, 1, 3, 4, 1, 2, 4, 3, 3, 3, 1, 0, 4, 3, 4, 3, 2, 2, 2, 2, 2, 1, 2, 4, 3, 1, 4, 3, 4, 4, 4]|[0, 2, 0, 1, 3, 0, 1, 3, 0, 0, 2, 0, 1, 0, 1, 0, 0, 0, 1, 0, 0, 2, 0, 0, 1, 0, 0, 3, 0, 1, 0, 2, 0, 0, 3, 0, 1, 3, 1, 0, 0, 1, 1, 3, 0, 0, 1, 0, 2, 0, 0, 0, 0, 0, 1, 0, 0, 0, 1, 1, 0, 2, 0, 0, 0, 1, 0, 0, 0, 2, 0, 0, 1, 0, 0, 2, 0, 0, 3, 0, 0, 1, 0, 3, 0, 1, 1, 0, 0, 0, 0, 0, 2, 0, 1, 3, 0, 2, 1, 2],854.1656726599307,53916.211565807454,121197.79279487021,false
8,G3_TWC,G3_TWC,[31, 22, 82, 15, 26, 9, 95, 42, 77, 12, 47, 5, 93, 78, 86, 54, 85, 63, 18, 44, 20, 35, 43, 97, 91, 76, 10, 30, 21, 45, 71, 64, 1, 23, 17, 83, 24, 14, 60, 36, 6, 57, 40, 88, 65, 56, 79, 94, 67, 68, 46, 75, 38, 58, 19, 32, 81, 41, 27, 62, 87, 90, 99, 59, 11, 16, 72, 73, 69, 28, 37, 84, 3, 92, 25, 55, 39, 29, 51, 7, 33, 61, 98, 48, 89, 50, 66, 96, 80, 53, 8, 4, 34, 2, 52, 49, 0, 70, 74, 13]|[1, 1, 0, 1, 1, 0, 1, 2, 2, 1, 2, 2, 2, 1, 1, 0, 0, 1, 0, 2, 2, 0, 1, 2, 0, 1, 2, 2, 0, 0, 1, 2, 1, 2, 1, 0, 2, 0, 1, 1, 0, 1, 1, 1, 0, 2, 1, 1, 0, 0, 0, 0, 1, 1, 2, 1, 2, 1, 0, 0, 2, 1, 0, 1, 2, 1, 2, 1, 1, 0, 0, 1, 1, 0, 1, 1, 1, 0, 0, 1, 0, 1, 0, 0, 1, 0, 2, 0, 0, 0, 0, 0, 2, 0, 1, 0, 0, 1, 2, 0]|[4, 3, 2, 2, 4, 1, 2, 2, 2, 4, 1, 1, 2, 4, 4, 1, 2, 4, 2, 1, 1, 1, 1, 2, 1, 2, 1, 1, 1, 1, 3, 2, 3, 0, 4, 0, 1, 1, 0, 3, 2, 2, 2, 0, 1, 1, 0, 4, 0, 1, 2, 2, 1, 0, 0, 3, 2, 4, 1, 2, 2, 3, 1, 1, 1, 3, 0, 4, 3, 2, 1, 1, 1, 0, 4, 4, 1, 1, 1, 1, 2, 3, 1, 1, 1, 1, 1, 1, 1, 2, 1, 2, 1, 2, 1, 1, 2, 4, 1, 2]|[0, 2, 1, 1, 3, 0, 1, 0, 0, 0, 0, 0, 1, 0, 1, 0, 0, 3, 1, 0, 0, 0, 3, 1, 0, 2, 0, 0, 0, 1, 0, 0, 0, 0, 3, 0, 1, 0, 0, 2, 1, 1, 1, 0, 0, 0, 0, 2, 1, 0, 0, 0, 1, 3, 0, 0, 1, 2, 0, 1, 0, 2, 0, 1, 0, 2, 1, 0, 0, 1, 0, 3, 1, 1, 3, 3, 1, 0, 0, 2, 1, 0, 0, 0, 1, 0, 0, 0, 0, 1, 0, 1, 0, 0, 1, 1, 0, 2, 0, 0],847.0427978319374,57913.11646638373,93531.36983571656,false
8,G1_CMAX,G1_CMAX,[31, 22, 82, 15, 26, 9, 95, 42, 77, 12, 47, 5, 93, 78, 86, 54, 6, 63, 18, 44, 20, 35, 43, 97, 91, 76, 10, 30, 21, 45, 64, 1, 23, 17, 83, 24, 14, 60, 36, 13, 75, 46, 68, 67, 69, 79, 56, 65, 88, 40, 57, 85, 58, 19, 32, 81, 48, 27, 62, 87, 90, 99, 59, 11, 16, 72, 73, 71, 70, 39, 37, 84, 3, 98, 29, 28, 55, 25, 92, 7, 33, 61, 53, 41, 89, 50, 8, 96, 51, 80, 34, 4, 66, 2, 52, 49, 0, 94, 74, 38]|[1, 1, 0, 1, 1, 0, 1, 2, 2, 1, 2, 2, 2, 1, 1, 0, 0, 1, 0, 2, 2, 0, 1, 2, 0, 1, 2, 2, 0, 0, 2, 1, 2, 1, 0, 2, 2, 1, 1, 0, 0, 0, 0, 0, 2, 1, 2, 0, 1, 1, 1, 0, 1, 2, 1, 2, 1, 0, 0, 2, 1, 0, 1, 2, 1, 2, 1, 1, 1, 1, 1, 1, 1, 0, 0, 0, 1, 1, 0, 1, 0, 1, 0, 1, 1, 0, 1, 0, 0, 0, 2, 1, 2, 0, 1, 0, 0, 2, 2, 1]|[0, 3, 2, 2, 4, 1, 2, 2, 2, 4, 1, 1, 2, 4, 4, 1, 2, 4, 2, 1, 1, 1, 1, 2, 1, 2, 1, 1, 1, 1, 2, 3, 0, 4, 0, 1, 2, 0, 3, 2, 2, 2, 1, 0, 2, 0, 1, 1, 0, 2, 2, 2, 0, 0, 3, 2, 4, 1, 2, 2, 3, 1, 1, 1, 3, 0, 4, 3, 3, 1, 4, 1, 1, 1, 1, 2, 4, 4, 0, 1, 2, 3, 2, 4, 1, 1, 3, 1, 1, 1, 1, 4, 1, 2, 1, 1, 2, 2, 1, 1]|[0, 2, 1, 1, 3, 0, 1, 0, 0, 0, 0, 0, 1, 0, 1, 0, 1, 3, 1, 0, 0, 0, 3, 1, 0, 2, 0, 0, 0, 1, 0, 0, 0, 3, 0, 1, 1, 0, 2, 0, 0, 0, 0, 1, 0, 0, 0, 0, 0, 1, 1, 0, 3, 0, 0, 1, 2, 0, 1, 0, 2, 0, 1, 0, 2, 1, 0, 0, 0, 1, 1, 3, 1, 0, 0, 1, 3, 3, 1, 2, 1, 0, 1, 3, 1, 0, 2, 0, 0, 0, 0, 0, 0, 0, 1, 1, 0, 0, 0, 1],740.6648699319737,58345.503832923176,99227.13002615936,false
8,G4_BALANCED,G3_TWC,[31, 22, 82, 15, 26, 9, 95, 42, 77, 12, 47, 5, 93, 78, 86, 54, 85, 63, 18, 44, 20, 35, 43, 97, 91, 76, 10, 30, 21, 45, 71, 64, 1, 23, 17, 83, 24, 14, 60, 36, 6, 57, 40, 88, 65, 56, 79, 94, 67, 68, 46, 75, 38, 58, 19, 32, 81, 41, 27, 62, 87, 90, 99, 59, 11, 16, 72, 73, 70, 39, 37, 84, 3, 92, 25, 55, 28, 29, 51, 7, 66, 61, 98, 33, 89, 50, 48, 96, 80, 53, 8, 4, 2, 34, 52, 49, 0, 69, 74, 13]|[1, 1, 0, 1, 1, 0, 1, 2, 2, 1, 2, 2, 2, 1, 1, 0, 0, 1, 0, 2, 2, 0, 1, 2, 0, 1, 2, 2, 0, 0, 1, 2, 1, 2, 1, 0, 2, 0, 1, 1, 0, 1, 1, 1, 0, 2, 1, 1, 0, 0, 0, 0, 1, 1, 2, 1, 2, 1, 0, 0, 2, 1, 0, 1, 2, 1, 2, 1, 1, 1, 1, 1, 1, 0, 1, 1, 0, 0, 0, 1, 2, 1, 0, 0, 1, 0, 0, 0, 0, 0, 0, 1, 0, 2, 1, 0, 0, 1, 2, 0]|[4, 3, 2, 2, 4, 1, 2, 2, 2, 4, 1, 1, 2, 4, 4, 1, 2, 4, 2, 1, 1, 1, 1, 2, 1, 2, 1, 1, 1, 1, 3, 2, 3, 0, 4, 0, 1, 1, 0, 3, 2, 2, 2, 0, 1, 1, 0, 4, 0, 1, 2, 2, 1, 0, 0, 3, 2, 4, 1, 2, 2, 3, 1, 1, 1, 3, 0, 4, 3, 1, 4, 1, 1, 0, 4, 4, 2, 1, 1, 1, 1, 3, 1, 2, 1, 1, 1, 1, 1, 2, 1, 4, 2, 1, 1, 1, 2, 4, 1, 2]|[0, 2, 1, 1, 3, 0, 1, 0, 0, 0, 0, 0, 1, 0, 1, 0, 0, 3, 1, 0, 0, 0, 3, 1, 0, 2, 0, 0, 0, 1, 0, 0, 0, 0, 3, 0, 1, 0, 0, 2, 1, 1, 1, 0, 0, 0, 0, 2, 1, 0, 0, 0, 1, 3, 0, 0, 1, 2, 0, 1, 0, 2, 0, 1, 0, 2, 1, 0, 0, 1, 1, 3, 1, 1, 3, 3, 1, 0, 0, 2, 0, 0, 0, 1, 1, 0, 0, 0, 0, 1, 0, 0, 0, 0, 1, 1, 0, 2, 0, 0],820.1936555038122,57356.76651727531,95391.34399427116,true
8,G2_TEC,G2_TEC,[31, 22, 82, 15, 26, 9, 95, 42, 77, 68, 47, 5, 93, 78, 86, 54, 85, 63, 18, 44, 20, 49, 36, 14, 74, 50, 53, 17, 21, 45, 71, 64, 3, 23, 30, 83, 24, 41, 60, 52, 65, 27, 90, 70, 39, 87, 48, 69, 99, 4, 46, 1, 38, 58, 97, 59, 28, 8, 73, 37, 35, 79, 11, 66, 76, 57, 40, 80, 96, 6, 16, 61, 33, 98, 32, 34, 62, 67, 10, 7, 56, 88, 51, 19, 91, 13, 75, 92, 0, 12, 43, 55, 84, 2, 81, 25, 29, 94, 89, 72]|[2, 1, 2, 1, 1, 2, 1, 1, 1, 1, 1, 0, 2, 2, 1, 2, 0, 0, 0, 2, 2, 1, 0, 2, 0, 2, 2, 1, 0, 1, 1, 1, 0, 0, 1, 0, 2, 1, 2, 2, 0, 1, 1, 1, 0, 2, 0, 2, 1, 0, 0, 2, 2, 0, 2, 0, 2, 1, 0, 0, 2, 1, 0, 2, 2, 0, 2, 2, 0, 1, 2, 1, 1, 0, 0, 1, 1, 1, 1, 2, 2, 1, 1, 1, 1, 0, 0, 0, 0, 1, 1, 0, 0, 2, 1, 1, 1, 1, 1, 1]|[0, 3, 0, 2, 4, 1, 4, 4, 2, 4, 3, 2, 1, 0, 2, 1, 1, 1, 2, 1, 1, 3, 0, 1, 0, 1, 1, 4, 1, 4, 3, 2, 2, 0, 4, 1, 1, 4, 0, 1, 2, 2, 4, 4, 1, 1, 0, 2, 3, 1, 2, 1, 2, 1, 1, 2, 0, 3, 0, 2, 2, 3, 1, 0, 1, 0, 0, 1, 2, 4, 1, 3, 4, 2, 2, 4, 3, 3, 3, 1, 0, 4, 3, 4, 3, 2, 2, 2, 2, 3, 4, 2, 2, 1, 1, 4, 3, 4, 4, 4]|[0, 2, 0, 1, 3, 0, 1, 3, 0, 0, 2, 0, 1, 0, 1, 0, 0, 0, 1, 0, 0, 2, 0, 0, 1, 0, 0, 3, 0, 1, 0, 2, 0, 0, 3, 0, 1, 3, 1, 0, 0, 1, 1, 3, 0, 0, 1, 0, 2, 0, 0, 0, 0, 0, 1, 0, 0, 0, 1, 1, 0, 2, 0, 0, 0, 1, 0, 0, 0, 2, 0, 0, 1, 0, 0, 2, 0, 0, 3, 0, 0, 1, 0, 3, 0, 0, 0, 0, 0, 0, 2, 0, 1, 0, 1, 3, 0, 2, 1, 2],868.7652750258076,52617.21491009273,114898.79054863131,false
8,G3_TWC,G3_TWC,[31, 22, 82, 15, 26, 9, 95, 42, 77, 12, 47, 5, 93, 78, 86, 54, 85, 63, 18, 44, 20, 35, 43, 97, 91, 76, 10, 30, 21, 45, 71, 64, 1, 23, 17, 83, 24, 14, 60, 36, 6, 57, 40, 88, 65, 56, 79, 94, 67, 68, 46, 75, 38, 58, 19, 32, 81, 41, 27, 62, 87, 90, 99, 59, 11, 16, 72, 73, 69, 28, 37, 84, 3, 92, 25, 55, 39, 29, 51, 7, 33, 61, 98, 48, 89, 50, 66, 96, 80, 53, 8, 4, 34, 2, 52, 49, 0, 70, 74, 13]|[1, 1, 0, 1, 1, 0, 1, 2, 2, 1, 2, 2, 2, 1, 1, 0, 0, 1, 0, 2, 2, 0, 1, 2, 0, 1, 2, 2, 0, 0, 1, 2, 1, 2, 1, 0, 2, 0, 1, 1, 0, 1, 1, 1, 0, 2, 1, 1, 0, 0, 0, 0, 1, 1, 2, 1, 2, 1, 0, 0, 2, 1, 0, 1, 2, 1, 2, 1, 1, 0, 0, 1, 1, 0, 1, 1, 1, 0, 0, 1, 0, 1, 0, 0, 1, 0, 2, 0, 0, 0, 0, 0, 2, 0, 1, 0, 0, 1, 2, 0]|[4, 3, 2, 2, 4, 1, 2, 2, 2, 4, 1, 1, 2, 4, 4, 1, 2, 4, 2, 1, 1, 1, 1, 2, 1, 2, 1, 1, 1, 1, 3, 2, 3, 0, 4, 0, 1, 1, 0, 3, 2, 2, 2, 0, 1, 1, 0, 4, 0, 1, 2, 2, 1, 0, 0, 3, 2, 4, 1, 2, 2, 3, 1, 1, 1, 3, 0, 4, 3, 2, 1, 1, 1, 0, 4, 4, 1, 1, 1, 1, 2, 3, 1, 1, 1, 1, 1, 1, 1, 2, 1, 2, 1, 2, 1, 1, 2, 4, 1, 2]|[0, 2, 1, 1, 3, 0, 1, 0, 0, 0, 0, 0, 1, 0, 1, 0, 0, 3, 1, 0, 0, 0, 3, 1, 0, 2, 0, 0, 0, 1, 0, 0, 0, 0, 3, 0, 1, 0, 0, 2, 1, 1, 1, 0, 0, 0, 0, 2, 1, 0, 0, 0, 1, 3, 0, 0, 1, 2, 0, 1, 0, 2, 0, 1, 0, 2, 1, 0, 0, 1, 0, 3, 1, 1, 3, 3, 1, 0, 0, 2, 1, 0, 0, 0, 1, 0, 0, 0, 0, 1, 0, 1, 0, 0, 1, 1, 0, 2, 0, 0],847.0427978319374,57913.11646638373,93531.36983571656,false
8,G1_CMAX,G4_BALANCED,[31, 22, 82, 15, 26, 9, 95, 42, 77, 12, 47, 5, 93, 78, 86, 54, 85, 63, 18, 44, 20, 35, 43, 97, 91, 76, 10, 30, 21, 45, 71, 64, 1, 23, 17, 83, 24, 14, 60, 36, 6, 57, 40, 88, 65, 56, 79, 69, 67, 68, 46, 75, 38, 58, 19, 32, 81, 48, 27, 62, 87, 90, 99, 59, 11, 16, 72, 73, 70, 39, 37, 84, 3, 92, 25, 55, 28, 51, 29, 7, 66, 61, 98, 41, 89, 50, 33, 96, 80, 53, 8, 4, 34, 2, 52, 49, 0, 94, 74, 13]|[1, 1, 0, 1, 1, 0, 1, 2, 2, 1, 2, 2, 2, 1, 1, 0, 0, 1, 0, 2, 2, 0, 1, 2, 0, 1, 2, 2, 0, 0, 1, 2, 1, 2, 1, 0, 2, 0, 1, 1, 0, 1, 1, 1, 0, 2, 1, 2, 0, 0, 0, 0, 1, 1, 2, 1, 2, 1, 0, 0, 2, 1, 0, 1, 2, 1, 2, 1, 1, 1, 1, 1, 1, 0, 1, 1, 0, 0, 0, 1, 2, 1, 2, 0, 1, 0, 2, 0, 0, 0, 1, 1, 2, 0, 1, 0, 0, 1, 2, 0]|[4, 3, 2, 2, 4, 1, 2, 2, 2, 4, 1, 1, 2, 4, 4, 1, 2, 4, 2, 1, 1, 1, 1, 2, 1, 2, 1, 1, 1, 1, 3, 2, 3, 0, 4, 0, 1, 1, 0, 3, 2, 2, 2, 0, 1, 1, 0, 2, 0, 1, 2, 2, 1, 0, 0, 3, 2, 4, 1, 2, 2, 3, 1, 1, 1, 3, 0, 4, 3, 1, 4, 1, 1, 0, 4, 4, 2, 1, 1, 1, 0, 3, 1, 1, 1, 1, 1, 1, 1, 2, 3, 4, 1, 2, 1, 1, 2, 4, 1, 2]|[0, 2, 1, 1, 3, 0, 1, 0, 0, 0, 0, 0, 1, 0, 1, 0, 0, 3, 1, 0, 0, 0, 3, 1, 0, 2, 0, 0, 0, 1, 0, 0, 0, 0, 3, 0, 1, 0, 0, 2, 1, 1, 1, 0, 0, 0, 0, 0, 1, 0, 0, 0, 1, 3, 0, 0, 1, 2, 0, 1, 0, 2, 0, 1, 0, 2, 1, 0, 0, 1, 1, 3, 1, 1, 3, 3, 1, 0, 0, 2, 0, 0, 0, 0, 1, 0, 0, 0, 0, 1, 2, 0, 0, 0, 1, 1, 0, 2, 0, 0],776.2269886506458,57269.92740428148,98898.5424517412,true
8,G4_BALANCED,G4_BALANCED,[31, 22, 82, 15, 26, 9, 95, 42, 77, 12, 47, 5, 93, 78, 86, 54, 85, 63, 18, 44, 20, 35, 43, 97, 91, 76, 10, 30, 21, 45, 71, 64, 1, 23, 17, 83, 24, 14, 60, 36, 6, 57, 40, 88, 65, 56, 79, 69, 67, 68, 46, 75, 38, 58, 19, 32, 81, 48, 27, 62, 87, 90, 99, 59, 11, 16, 72, 73, 61, 39, 37, 84, 3, 92, 25, 55, 28, 29, 51, 7, 66, 41, 98, 70, 89, 50, 8, 96, 80, 53, 33, 74, 34, 4, 52, 49, 0, 94, 2, 13]|[1, 1, 0, 1, 1, 0, 1, 2, 2, 1, 2, 2, 2, 1, 1, 0, 0, 1, 0, 2, 2, 0, 1, 2, 0, 1, 2, 2, 0, 0, 1, 2, 1, 0, 1, 0, 2, 0, 1, 1, 0, 1, 1, 1, 0, 2, 1, 2, 0, 0, 0, 0, 1, 1, 2, 1, 2, 1, 0, 0, 2, 1, 0, 1, 2, 1, 2, 1, 1, 1, 1, 1, 1, 0, 1, 1, 0, 0, 0, 1, 2, 0, 0, 1, 1, 0, 1, 0, 0, 0, 2, 2, 2, 1, 1, 0, 0, 1, 0, 0]|[4, 3, 2, 2, 4, 1, 2, 2, 2, 4, 1, 1, 2, 4, 4, 1, 2, 4, 2, 1, 1, 1, 1, 2, 1, 2, 1, 1, 1, 1, 3, 2, 3, 0, 4, 0, 1, 1, 0, 3, 2, 2, 2, 0, 1, 1, 0, 2, 0, 1, 2, 2, 1, 4, 0, 3, 2, 4, 1, 2, 2, 3, 1, 1, 1, 3, 0, 4, 3, 1, 4, 1, 1, 0, 4, 4, 2, 1, 1, 1, 0, 1, 1, 3, 1, 1, 3, 1, 1, 2, 1, 1, 1, 4, 1, 1, 2, 4, 2, 2]|[0, 2, 1, 1, 3, 0, 1, 0, 0, 0, 0, 0, 1, 0, 1, 0, 0, 3, 1, 0, 0, 0, 3, 1, 0, 2, 0, 0, 0, 1, 0, 0, 0, 0, 3, 0, 1, 0, 0, 2, 1, 1, 1, 0, 0, 0, 0, 0, 1, 0, 0, 0, 1, 3, 0, 0, 1, 2, 0, 1, 0, 2, 0, 1, 0, 2, 1, 0, 0, 1, 1, 3, 1, 1, 3, 3, 1, 0, 0, 2, 0, 0, 0, 0, 1, 0, 2, 0, 0, 1, 0, 0, 0, 0, 1, 1, 0, 2, 0, 0],819.7163156283966,56641.566392416,97846.6074164829,false
8,G2_TEC,G2_TEC,[31, 22, 82, 15, 26, 9, 95, 42, 77, 68, 47, 5, 93, 78, 86, 54, 85, 63, 18, 44, 20, 49, 36, 14, 74, 50, 53, 17, 21, 45, 71, 64, 3, 23, 30, 83, 24, 41, 60, 52, 65, 27, 90, 70, 39, 87, 48, 69, 99, 4, 46, 1, 38, 58, 97, 59, 28, 8, 73, 37, 35, 79, 11, 66, 76, 57, 40, 80, 96, 6, 16, 61, 33, 98, 32, 34, 62, 67, 10, 7, 56, 88, 51, 19, 91, 13, 75, 92, 0, 12, 43, 55, 84, 2, 81, 25, 29, 94, 89, 72]|[2, 1, 2, 1, 1, 2, 1, 1, 1, 1, 1, 0, 2, 2, 1, 2, 0, 0, 0, 2, 2, 1, 0, 2, 0, 2, 2, 1, 0, 1, 1, 1, 0, 0, 1, 0, 2, 1, 2, 2, 0, 1, 1, 1, 0, 2, 0, 2, 1, 0, 0, 2, 2, 0, 2, 0, 2, 1, 0, 0, 2, 1, 0, 2, 2, 0, 2, 2, 0, 1, 2, 1, 1, 0, 0, 1, 1, 1, 1, 2, 2, 1, 1, 1, 1, 0, 0, 0, 0, 1, 1, 0, 0, 2, 1, 1, 1, 1, 1, 1]|[0, 3, 0, 2, 4, 1, 4, 4, 2, 4, 3, 2, 1, 0, 2, 1, 1, 1, 2, 1, 1, 3, 0, 1, 0, 1, 1, 4, 1, 4, 3, 2, 2, 0, 4, 1, 1, 4, 0, 1, 2, 2, 4, 4, 1, 1, 0, 2, 3, 1, 2, 1, 2, 1, 1, 2, 0, 3, 0, 2, 2, 3, 1, 0, 1, 0, 0, 1, 2, 4, 1, 3, 4, 2, 2, 4, 3, 3, 3, 1, 0, 4, 3, 4, 3, 2, 2, 2, 2, 3, 4, 2, 2, 1, 1, 4, 3, 4, 4, 4]|[0, 2, 0, 1, 3, 0, 1, 3, 0, 0, 2, 0, 1, 0, 1, 0, 0, 0, 1, 0, 0, 2, 0, 0, 1, 0, 0, 3, 0, 1, 0, 2, 0, 0, 3, 0, 1, 3, 1, 0, 0, 1, 1, 3, 0, 0, 1, 0, 2, 0, 0, 0, 0, 0, 1, 0, 0, 0, 1, 1, 0, 2, 0, 0, 0, 1, 0, 0, 0, 2, 0, 0, 1, 0, 0, 2, 0, 0, 3, 0, 0, 1, 0, 3, 0, 0, 0, 0, 0, 0, 2, 0, 1, 0, 1, 3, 0, 2, 1, 2],868.7652750258076,52617.21491009273,114898.79054863131,false
8,G3_TWC,G3_TWC,[31, 22, 82, 15, 26, 9, 95, 42, 77, 12, 47, 5, 93, 78, 86, 54, 85, 63, 18, 44, 20, 35, 43, 97, 91, 76, 10, 30, 21, 45, 71, 64, 1, 23, 17, 83, 24, 14, 60, 36, 6, 57, 40, 88, 65, 56, 79, 94, 67, 68, 46, 75, 38, 58, 19, 32, 81, 41, 27, 62, 87, 90, 99, 59, 11, 16, 72, 73, 69, 28, 37, 84, 3, 92, 25, 55, 39, 29, 51, 7, 33, 61, 98, 48, 89, 50, 66, 96, 80, 53, 8, 4, 34, 2, 52, 49, 0, 70, 74, 13]|[1, 1, 0, 1, 1, 0, 1, 2, 2, 1, 2, 2, 2, 1, 1, 0, 0, 1, 0, 2, 2, 0, 1, 2, 0, 1, 2, 2, 0, 0, 1, 2, 1, 2, 1, 0, 2, 0, 1, 1, 0, 1, 1, 1, 0, 2, 1, 1, 0, 0, 0, 0, 1, 1, 2, 1, 2, 1, 0, 0, 2, 1, 0, 1, 2, 1, 2, 1, 1, 0, 0, 1, 1, 0, 1, 1, 1, 0, 0, 1, 0, 1, 0, 0, 1, 0, 2, 0, 0, 0, 0, 0, 2, 0, 1, 0, 0, 1, 2, 0]|[4, 3, 2, 2, 4, 1, 2, 2, 2, 4, 1, 1, 2, 4, 4, 1, 2, 4, 2, 1, 1, 1, 1, 2, 1, 2, 1, 1, 1, 1, 3, 2, 3, 0, 4, 0, 1, 1, 0, 3, 2, 2, 2, 0, 1, 1, 0, 4, 0, 1, 2, 2, 1, 0, 0, 3, 2, 4, 1, 2, 2, 3, 1, 1, 1, 3, 0, 4, 3, 2, 1, 1, 1, 0, 4, 4, 1, 1, 1, 1, 2, 3, 1, 1, 1, 1, 1, 1, 1, 2, 1, 2, 1, 2, 1, 1, 2, 4, 1, 2]|[0, 2, 1, 1, 3, 0, 1, 0, 0, 0, 0, 0, 1, 0, 1, 0, 0, 3, 1, 0, 0, 0, 3, 1, 0, 2, 0, 0, 0, 1, 0, 0, 0, 0, 3, 0, 1, 0, 0, 2, 1, 1, 1, 0, 0, 0, 0, 2, 1, 0, 0, 0, 1, 3, 0, 0, 1, 2, 0, 1, 0, 2, 0, 1, 0, 2, 1, 0, 0, 1, 0, 3, 1, 1, 3, 3, 1, 0, 0, 2, 1, 0, 0, 0, 1, 0, 0, 0, 0, 1, 0, 1, 0, 0, 1, 1, 0, 2, 0, 0],847.0427978319374,57913.11646638373,93531.36983571656,false
8,G1_CMAX,G2_TEC,[31, 22, 82, 15, 26, 9, 95, 42, 77, 4, 47, 5, 93, 78, 86, 54, 85, 63, 18, 44, 20, 49, 36, 14, 74, 50, 53, 17, 21, 45, 71, 64, 3, 23, 30, 83, 24, 41, 60, 52, 65, 27, 90, 70, 89, 87, 48, 69, 99, 68, 46, 1, 39, 32, 97, 59, 28, 8, 73, 37, 35, 79, 11, 66, 76, 57, 72, 16, 92, 6, 80, 61, 33, 98, 58, 34, 51, 67, 10, 7, 56, 88, 29, 19, 91, 13, 12, 96, 0, 81, 2, 55, 43, 84, 75, 25, 62, 94, 38, 40]|[2, 1, 2, 1, 1, 2, 1, 1, 1, 1, 1, 0, 2, 2, 1, 2, 0, 0, 0, 2, 2, 1, 0, 2, 0, 2, 2, 1, 0, 1, 1, 1, 0, 0, 1, 0, 2, 1, 2, 2, 0, 1, 1, 1, 1, 1, 0, 2, 1, 0, 0, 2, 2, 0, 2, 0, 2, 1, 0, 0, 2, 1, 0, 2, 2, 0, 0, 2, 0, 0, 2, 1, 1, 0, 0, 1, 1, 0, 1, 2, 2, 1, 1, 2, 1, 0, 1, 0, 0, 1, 2, 0, 1, 0, 2, 1, 0, 1, 1, 2]|[0, 3, 0, 2, 4, 1, 4, 4, 2, 4, 3, 2, 1, 0, 2, 1, 1, 1, 2, 1, 2, 3, 0, 1, 0, 1, 1, 4, 1, 0, 3, 2, 2, 0, 4, 1, 1, 4, 0, 1, 2, 2, 4, 4, 4, 0, 0, 2, 3, 1, 2, 1, 2, 2, 1, 2, 0, 3, 0, 2, 2, 3, 1, 0, 1, 0, 2, 1, 0, 1, 1, 3, 4, 1, 1, 4, 3, 1, 3, 1, 0, 4, 3, 0, 3, 2, 3, 2, 2, 1, 1, 2, 4, 2, 2, 4, 2, 4, 4, 0]|[0, 2, 0, 1, 3, 0, 1, 3, 0, 0, 2, 0, 1, 0, 1, 0, 0, 0, 1, 0, 0, 2, 0, 0, 1, 0, 0, 3, 0, 1, 0, 2, 0, 0, 3, 0, 1, 3, 1, 0, 0, 1, 1, 3, 1, 0, 1, 0, 2, 0, 0, 0, 0, 0, 1, 0, 0, 0, 1, 1, 0, 2, 0, 0, 0, 1, 1, 0, 1, 0, 0, 0, 1, 0, 0, 2, 0, 0, 3, 0, 0, 1, 0, 0, 0, 0, 0, 0, 0, 1, 0, 0, 2, 1, 1, 3, 1, 2, 1, 0],839.6890277062986,54681.99845469262,112904.53001143686,true
8,G4_BALANCED,G3_TWC,[31, 22, 82, 15, 26, 9, 95, 42, 77, 12, 47, 5, 93, 78, 86, 54, 85, 63, 18, 44, 20, 35, 43, 97, 91, 76, 10, 30, 21, 45, 71, 64, 1, 23, 17, 83, 24, 14, 60, 36, 6, 57, 40, 88, 65, 56, 79, 94, 67, 68, 46, 75, 38, 58, 19, 32, 81, 41, 27, 62, 87, 90, 99, 59, 11, 16, 72, 73, 69, 28, 37, 84, 3, 92, 25, 55, 39, 29, 51, 7, 33, 61, 98, 48, 89, 50, 66, 80, 96, 53, 8, 4, 2, 34, 52, 49, 0, 70, 74, 13]|[1, 1, 0, 1, 1, 0, 1, 2, 2, 1, 2, 2, 2, 1, 1, 0, 0, 1, 0, 2, 2, 0, 1, 2, 0, 1, 2, 2, 0, 0, 1, 2, 1, 2, 1, 0, 2, 0, 1, 1, 0, 1, 1, 1, 0, 2, 1, 1, 0, 0, 0, 0, 1, 1, 2, 1, 2, 1, 0, 0, 2, 1, 0, 1, 2, 1, 2, 1, 1, 0, 0, 1, 1, 0, 1, 1, 1, 0, 0, 1, 0, 1, 0, 0, 1, 0, 2, 0, 0, 0, 0, 0, 0, 2, 1, 0, 0, 1, 2, 0]|[4, 3, 2, 2, 4, 1, 2, 2, 2, 4, 1, 1, 2, 4, 4, 1, 2, 4, 2, 1, 1, 1, 1, 2, 1, 2, 1, 1, 1, 1, 3, 2, 3, 0, 4, 0, 1, 1, 0, 3, 2, 2, 2, 0, 1, 1, 0, 4, 0, 1, 2, 2, 1, 0, 0, 3, 2, 4, 1, 2, 2, 3, 1, 1, 1, 3, 0, 4, 3, 2, 1, 1, 1, 0, 4, 4, 1, 1, 1, 1, 2, 3, 1, 1, 1, 1, 1, 1, 1, 2, 1, 2, 2, 1, 1, 1, 2, 4, 1, 2]|[0, 2, 1, 1, 3, 0, 1, 0, 0, 0, 0, 0, 1, 0, 1, 0, 0, 3, 1, 0, 0, 0, 3, 1, 0, 2, 0, 0, 0, 1, 0, 0, 0, 0, 3, 0, 1, 0, 0, 2, 1, 1, 1, 0, 0, 0, 0, 2, 1, 0, 0, 0, 1, 3, 0, 0, 1, 2, 0, 1, 0, 2, 0, 1, 0, 2, 1, 0, 0, 1, 0, 3, 1, 1, 3, 3, 1, 0, 0, 2, 1, 0, 0, 0, 1, 0, 0, 0, 0, 1, 0, 1, 0, 0, 1, 1, 0, 2, 0, 0],851.4720589456033,57884.53939408587,93512.38082087776,true
8,G2_TEC,G2_TEC,[31, 22, 82, 15, 26, 9, 95, 42, 77, 68, 47, 5, 93, 78, 86, 54, 85, 63, 18, 44, 20, 49, 36, 14, 74, 50, 53, 17, 21, 45, 71, 64, 3, 23, 30, 83, 24, 41, 60, 52, 65, 27, 90, 70, 39, 87, 48, 69, 99, 4, 46, 1, 38, 58, 97, 59, 28, 8, 73, 37, 35, 79, 11, 66, 76, 57, 40, 80, 96, 6, 16, 61, 33, 98, 32, 34, 62, 67, 10, 7, 56, 88, 51, 19, 91, 13, 75, 92, 0, 12, 43, 55, 84, 2, 81, 25, 29, 94, 89, 72]|[2, 1, 2, 1, 1, 2, 1, 1, 1, 1, 1, 0, 2, 2, 1, 2, 0, 0, 0, 2, 2, 1, 0, 2, 0, 2, 2, 1, 0, 1, 1, 1, 0, 0, 1, 0, 2, 1, 2, 2, 0, 1, 1, 1, 0, 2, 0, 2, 1, 0, 0, 2, 2, 0, 2, 0, 2, 1, 0, 0, 2, 1, 0, 2, 2, 0, 2, 2, 0, 1, 2, 1, 1, 0, 0, 1, 1, 1, 1, 2, 2, 1, 1, 1, 1, 0, 0, 0, 0, 1, 1, 0, 0, 2, 1, 1, 1, 1, 1, 1]|[0, 3, 0, 2, 4, 1, 4, 4, 2, 4, 3, 2, 1, 0, 2, 1, 1, 1, 2, 1, 1, 3, 0, 1, 0, 1, 1, 4, 1, 4, 3, 2, 2, 0, 4, 1, 1, 4, 0, 1, 2, 2, 4, 4, 1, 1, 0, 2, 3, 1, 2, 1, 2, 1, 1, 2, 0, 3, 0, 2, 2, 3, 1, 0, 1, 0, 0, 1, 2, 4, 1, 3, 4, 2, 2, 4, 3, 3, 3, 1, 0, 4, 3, 4, 3, 2, 2, 2, 2, 3, 4, 2, 2, 1, 1, 4, 3, 4, 4, 4]|[0, 2, 0, 1, 3, 0, 1, 3, 0, 0, 2, 0, 1, 0, 1, 0, 0, 0, 1, 0, 0, 2, 0, 0, 1, 0, 0, 3, 0, 1, 0, 2, 0, 0, 3, 0, 1, 3, 1, 0, 0, 1, 1, 3, 0, 0, 1, 0, 2, 0, 0, 0, 0, 0, 1, 0, 0, 0, 1, 1, 0, 2, 0, 0, 0, 1, 0, 0, 0, 2, 0, 0, 1, 0, 0, 2, 0, 0, 3, 0, 0, 1, 0, 3, 0, 0, 0, 0, 0, 0, 2, 0, 1, 0, 1, 3, 0, 2, 1, 2],868.7652750258076,52617.21491009273,114898.79054863131,false
8,G3_TWC,G3_TWC,[31, 22, 82, 15, 26, 9, 95, 42, 77, 12, 47, 5, 93, 78, 86, 54, 85, 63, 18, 44, 20, 35, 43, 97, 91, 76, 10, 30, 21, 45, 71, 64, 1, 23, 17, 83, 24, 14, 60, 36, 6, 57, 40, 88, 65, 56, 79, 94, 67, 68, 46, 75, 38, 58, 19, 32, 81, 41, 27, 62, 87, 90, 99, 59, 11, 16, 72, 73, 69, 28, 37, 84, 3, 92, 25, 55, 39, 29, 51, 7, 33, 61, 98, 48, 89, 50, 66, 96, 80, 53, 8, 4, 34, 2, 52, 49, 0, 70, 74, 13]|[1, 1, 0, 1, 1, 0, 1, 2, 2, 1, 2, 2, 2, 1, 1, 0, 0, 1, 0, 2, 2, 0, 1, 2, 0, 1, 2, 2, 0, 0, 1, 2, 1, 2, 1, 0, 2, 0, 1, 1, 0, 1, 1, 1, 0, 2, 1, 1, 0, 0, 0, 0, 1, 1, 2, 1, 2, 1, 0, 0, 2, 1, 0, 1, 2, 1, 2, 1, 1, 0, 0, 1, 1, 0, 1, 1, 1, 0, 0, 1, 0, 1, 0, 0, 1, 0, 2, 0, 0, 0, 0, 0, 2, 0, 1, 0, 0, 1, 2, 0]|[4, 3, 2, 2, 4, 1, 2, 2, 2, 4, 1, 1, 2, 4, 4, 1, 2, 4, 2, 1, 1, 1, 1, 2, 1, 2, 1, 1, 1, 1, 3, 2, 3, 0, 4, 0, 1, 1, 0, 3, 2, 2, 2, 0, 1, 1, 0, 4, 0, 1, 2, 2, 1, 0, 0, 3, 2, 4, 1, 2, 2, 3, 1, 1, 1, 3, 0, 4, 3, 2, 1, 1, 1, 0, 4, 4, 1, 1, 1, 1, 2, 3, 1, 1, 1, 1, 1, 1, 1, 2, 1, 2, 1, 2, 1, 1, 2, 4, 1, 2]|[0, 2, 1, 1, 3, 0, 1, 0, 0, 0, 0, 0, 1, 0, 1, 0, 0, 3, 1, 0, 0, 0, 3, 1, 0, 2, 0, 0, 0, 1, 0, 0, 0, 0, 3, 0, 1, 0, 0, 2, 1, 1, 1, 0, 0, 0, 0, 2, 1, 0, 0, 0, 1, 3, 0, 0, 1, 2, 0, 1, 0, 2, 0, 1, 0, 2, 1, 0, 0, 1, 0, 3, 1, 1, 3, 3, 1, 0, 0, 2, 1, 0, 0, 0, 1, 0, 0, 0, 0, 1, 0, 1, 0, 0, 1, 1, 0, 2, 0, 0],847.0427978319374,57913.11646638373,93531.36983571656,false
8,G1_CMAX,G1_CMAX,[31, 22, 82, 15, 26, 9, 95, 42, 77, 12, 47, 5, 93, 78, 86, 54, 6, 63, 18, 44, 20, 35, 43, 97, 91, 76, 10, 30, 21, 45, 64, 1, 23, 17, 83, 24, 14, 60, 36, 13, 75, 46, 68, 67, 69, 79, 56, 65, 88, 40, 57, 85, 58, 19, 32, 81, 48, 27, 62, 87, 90, 99, 59, 11, 16, 72, 73, 71, 70, 39, 37, 84, 3, 98, 29, 28, 55, 25, 92, 7, 33, 61, 53, 41, 89, 50, 8, 96, 51, 80, 34, 4, 66, 2, 52, 49, 0, 94, 74, 38]|[1, 1, 0, 1, 1, 0, 1, 2, 2, 1, 2, 2, 2, 1, 1, 0, 0, 1, 0, 2, 2, 0, 1, 2, 0, 1, 2, 2, 0, 0, 2, 1, 2, 1, 0, 2, 2, 1, 1, 0, 0, 0, 0, 0, 2, 1, 2, 0, 1, 1, 1, 0, 1, 2, 1, 2, 1, 0, 0, 2, 1, 0, 1, 2, 1, 2, 1, 1, 1, 1, 1, 1, 1, 0, 0, 0, 1, 1, 0, 1, 0, 1, 0, 1, 1, 0, 1, 0, 0, 0, 2, 1, 2, 0, 1, 0, 0, 2, 2, 1]|[0, 3, 2, 2, 4, 1, 2, 2, 2, 4, 1, 1, 2, 4, 4, 1, 2, 4, 2, 1, 1, 1, 1, 2, 1, 2, 1, 1, 1, 1, 2, 3, 0, 4, 0, 1, 2, 0, 3, 2, 2, 2, 1, 0, 2, 0, 1, 1, 0, 2, 2, 2, 0, 0, 3, 2, 4, 1, 2, 2, 3, 1, 1, 1, 3, 0, 4, 3, 3, 1, 4, 1, 1, 1, 1, 2, 4, 4, 0, 1, 2, 3, 2, 4, 1, 1, 3, 1, 1, 1, 1, 4, 1, 2, 1, 1, 2, 2, 1, 1]|[0, 2, 1, 1, 3, 0, 1, 0, 0, 0, 0, 0, 1, 0, 1, 0, 1, 3, 1, 0, 0, 0, 3, 1, 0, 2, 0, 0, 0, 1, 0, 0, 0, 3, 0, 1, 1, 0, 2, 0, 0, 0, 0, 1, 0, 0, 0, 0, 0, 1, 1, 0, 3, 0, 0, 1, 2, 0, 1, 0, 2, 0, 1, 0, 2, 1, 0, 0, 0, 1, 1, 3, 1, 0, 0, 1, 3, 3, 1, 2, 1, 0, 1, 3, 1, 0, 2, 0, 0, 0, 0, 0, 0, 0, 1, 1, 0, 0, 0, 1],740.6648699319737,58345.503832923176,99227.13002615936,false
8,G4_BALANCED,G4_BALANCED,[31, 22, 82, 15, 26, 9, 95, 42, 77, 12, 47, 5, 93, 78, 86, 54, 85, 63, 18, 44, 20, 35, 43, 97, 91, 76, 10, 30, 21, 45, 71, 64, 1, 23, 17, 83, 24, 14, 60, 36, 6, 57, 40, 88, 65, 56, 79, 69, 67, 68, 46, 75, 38, 58, 19, 32, 81, 48, 27, 62, 87, 90, 99, 59, 11, 16, 72, 73, 61, 39, 37, 84, 3, 92, 25, 55, 28, 29, 51, 7, 66, 41, 98, 70, 89, 50, 8, 96, 80, 53, 33, 74, 34, 4, 52, 49, 0, 94, 2, 13]|[1, 1, 0, 1, 1, 0, 1, 2, 2, 1, 2, 2, 2, 1, 1, 0, 0, 1, 0, 2, 2, 0, 1, 2, 0, 1, 2, 2, 0, 0, 1, 2, 1, 0, 1, 0, 2, 0, 1, 1, 0, 1, 1, 1, 0, 2, 1, 2, 0, 0, 0, 0, 1, 1, 2, 1, 2, 1, 0, 0, 2, 1, 0, 1, 2, 1, 2, 1, 1, 1, 1, 1, 1, 0, 1, 1, 0, 0, 0, 1, 2, 0, 0, 1, 1, 0, 1, 0, 0, 0, 2, 2, 2, 1, 1, 0, 0, 1, 0, 0]|[4, 3, 2, 2, 4, 1, 2, 2, 2, 4, 1, 1, 2, 4, 4, 1, 2, 4, 2, 1, 1, 1, 1, 2, 1, 2, 1, 1, 1, 1, 3, 2, 3, 0, 4, 0, 1, 1, 0, 3, 2, 2, 2, 0, 1, 1, 0, 2, 0, 1, 2, 2, 1, 4, 0, 3, 2, 4, 1, 2, 2, 3, 1, 1, 1, 3, 0, 4, 3, 1, 4, 1, 1, 0, 4, 4, 2, 1, 1, 1, 0, 1, 1, 3, 1, 1, 3, 1, 1, 2, 1, 1, 1, 4, 1, 1, 2, 4, 2, 2]|[0, 2, 1, 1, 3, 0, 1, 0, 0, 0, 0, 0, 1, 0, 1, 0, 0, 3, 1, 0, 0, 0, 3, 1, 0, 2, 0, 0, 0, 1, 0, 0, 0, 0, 3, 0, 1, 0, 0, 2, 1, 1, 1, 0, 0, 0, 0, 0, 1, 0, 0, 0, 1, 3, 0, 0, 1, 2, 0, 1, 0, 2, 0, 1, 0, 2, 1, 0, 0, 1, 1, 3, 1, 1, 3, 3, 1, 0, 0, 2, 0, 0, 0, 0, 1, 0, 2, 0, 0, 1, 0, 0, 0, 0, 1, 1, 0, 2, 0, 0],819.7163156283966,56641.566392416,97846.6074164829,false
8,G2_TEC,G2_TEC,[31, 22, 82, 15, 26, 9, 95, 42, 77, 68, 47, 5, 93, 78, 86, 54, 85, 63, 18, 44, 20, 49, 36, 14, 74, 50, 53, 17, 21, 45, 71, 64, 3, 23, 30, 83, 24, 41, 60, 52, 65, 27, 90, 70, 39, 87, 48, 69, 99, 4, 46, 1, 38, 58, 97, 59, 28, 8, 73, 37, 35, 79, 11, 66, 76, 57, 40, 80, 96, 6, 16, 61, 33, 98, 32, 34, 62, 67, 10, 7, 56, 88, 51, 19, 91, 13, 75, 92, 0, 12, 43, 55, 84, 2, 81, 25, 29, 94, 89, 72]|[2, 1, 2, 1, 1, 2, 1, 1, 1, 1, 1, 0, 2, 2, 1, 2, 0, 0, 0, 2, 2, 1, 0, 2, 0, 2, 2, 1, 0, 1, 1, 1, 0, 0, 1, 0, 2, 1, 2, 2, 0, 1, 1, 1, 0, 2, 0, 2, 1, 0, 0, 2, 2, 0, 2, 0, 2, 1, 0, 0, 2, 1, 0, 2, 2, 0, 2, 2, 0, 1, 2, 1, 1, 0, 0, 1, 1, 1, 1, 2, 2, 1, 1, 1, 1, 0, 0, 0, 0, 1, 1, 0, 0, 2, 1, 1, 1, 1, 1, 1]|[0, 3, 0, 2, 4, 1, 4, 4, 2, 4, 3, 2, 1, 0, 2, 1, 1, 1, 2, 1, 1, 3, 0, 1, 0, 1, 1, 4, 1, 4, 3, 2, 2, 0, 4, 1, 1, 4, 0, 1, 2, 2, 4, 4, 1, 1, 0, 2, 3, 1, 2, 1, 2, 1, 1, 2, 0, 3, 0, 2, 2, 3, 1, 0, 1, 0, 0, 1, 2, 4, 1, 3, 4, 2, 2, 4, 3, 3, 3, 1, 0, 4, 3, 4, 3, 2, 2, 2, 2, 3, 4, 2, 2, 1, 1, 4, 3, 4, 4, 4]|[0, 2, 0, 1, 3, 0, 1, 3, 0, 0, 2, 0, 1, 0, 1, 0, 0, 0, 1, 0, 0, 2, 0, 0, 1, 0, 0, 3, 0, 1, 0, 2, 0, 0, 3, 0, 1, 3, 1, 0, 0, 1, 1, 3, 0, 0, 1, 0, 2, 0, 0, 0, 0, 0, 1, 0, 0, 0, 1, 1, 0, 2, 0, 0, 0, 1, 0, 0, 0, 2, 0, 0, 1, 0, 0, 2, 0, 0, 3, 0, 0, 1, 0, 3, 0, 0, 0, 0, 0, 0, 2, 0, 1, 0, 1, 3, 0, 2, 1, 2],868.7652750258076,52617.21491009273,114898.79054863131,false
8,G3_TWC,G3_TWC,[31, 22, 82, 15, 26, 9, 95, 42, 77, 12, 47, 5, 93, 78, 86, 54, 85, 63, 18, 44, 20, 35, 43, 97, 91, 76, 10, 30, 21, 45, 71, 64, 1, 23, 17, 83, 24, 14, 60, 36, 6, 57, 40, 88, 65, 56, 79, 94, 67, 68, 46, 75, 38, 58, 19, 32, 81, 41, 27, 62, 87, 90, 99, 59, 11, 16, 72, 73, 69, 28, 37, 84, 3, 92, 25, 55, 39, 29, 51, 7, 33, 61, 98, 48, 89, 50, 66, 96, 80, 53, 8, 4, 34, 2, 52, 49, 0, 70, 74, 13]|[1, 1, 0, 1, 1, 0, 1, 2, 2, 1, 2, 2, 2, 1, 1, 0, 0, 1, 0, 2, 2, 0, 1, 2, 0, 1, 2, 2, 0, 0, 1, 2, 1, 2, 1, 0, 2, 0, 1, 1, 0, 1, 1, 1, 0, 2, 1, 1, 0, 0, 0, 0, 1, 1, 2, 1, 2, 1, 0, 0, 2, 1, 0, 1, 2, 1, 2, 1, 1, 0, 0, 1, 1, 0, 1, 1, 1, 0, 0, 1, 0, 1, 0, 0, 1, 0, 2, 0, 0, 0, 0, 0, 2, 0, 1, 0, 0, 1, 2, 0]|[4, 3, 2, 2, 4, 1, 2, 2, 2, 4, 1, 1, 2, 4, 4, 1, 2, 4, 2, 1, 1, 1, 1, 2, 1, 2, 1, 1, 1, 1, 3, 2, 3, 0, 4, 0, 1, 1, 0, 3, 2, 2, 2, 0, 1, 1, 0, 4, 0, 1, 2, 2, 1, 0, 0, 3, 2, 4, 1, 2, 2, 3, 1, 1, 1, 3, 0, 4, 3, 2, 1, 1, 1, 0, 4, 4, 1, 1, 1, 1, 2, 3, 1, 1, 1, 1, 1, 1, 1, 2, 1, 2, 1, 2, 1, 1, 2, 4, 1, 2]|[0, 2, 1, 1, 3, 0, 1, 0, 0, 0, 0, 0, 1, 0, 1, 0, 0, 3, 1, 0, 0, 0, 3, 1, 0, 2, 0, 0, 0, 1, 0, 0, 0, 0, 3, 0, 1, 0, 0, 2, 1, 1, 1, 0, 0, 0, 0, 2, 1, 0, 0, 0, 1, 3, 0, 0, 1, 2, 0, 1, 0, 2, 0, 1, 0, 2, 1, 0, 0, 1, 0, 3, 1, 1, 3, 3, 1, 0, 0, 2, 1, 0, 0, 0, 1, 0, 0, 0, 0, 1, 0, 1, 0, 0, 1, 1, 0, 2, 0, 0],847.0427978319374,57913.11646638373,93531.36983571656,false
8,G1_CMAX,G3_TWC,[31, 22, 82, 15, 67, 9, 95, 42, 77, 12, 47, 5, 93, 78, 37, 54, 85, 63, 18, 44, 20, 35, 43, 97, 91, 76, 10, 30, 21, 45, 61, 64, 1, 23, 17, 83, 24, 41, 60, 36, 6, 57, 40, 88, 65, 56, 79, 69, 26, 68, 46, 75, 38, 58, 19, 32, 81, 48, 27, 62, 87, 90, 99, 59, 11, 16, 72, 73, 70, 39, 86, 84, 50, 92, 25, 55, 28, 51, 29, 7, 33, 71, 98, 14, 89, 3, 66, 96, 80, 53, 8, 2, 34, 4, 52, 49, 0, 94, 74, 13]|[1, 1, 0, 1, 1, 0, 1, 2, 2, 1, 2, 2, 2, 1, 1, 0, 0, 0, 0, 2, 2, 0, 1, 2, 0, 1, 2, 2, 0, 0, 1, 2, 1, 2, 1, 0, 2, 1, 1, 1, 0, 1, 1, 1, 0, 2, 1, 2, 0, 0, 0, 0, 1, 1, 2, 1, 2, 1, 0, 0, 2, 1, 0, 1, 2, 1, 2, 1, 1, 1, 1, 1, 0, 0, 1, 1, 1, 0, 0, 1, 0, 2, 0, 0, 1, 1, 2, 1, 0, 0, 1, 0, 1, 1, 2, 0, 0, 1, 2, 0]|[4, 3, 2, 2, 4, 1, 2, 2, 2, 4, 0, 1, 2, 4, 4, 1, 2, 1, 2, 1, 1, 1, 1, 2, 1, 2, 1, 1, 1, 1, 3, 2, 3, 0, 4, 0, 1, 4, 0, 3, 2, 2, 2, 0, 1, 1, 0, 2, 0, 1, 2, 2, 1, 0, 0, 3, 2, 4, 1, 2, 2, 3, 1, 1, 1, 3, 0, 4, 3, 0, 4, 1, 1, 0, 4, 4, 4, 1, 1, 1, 2, 1, 1, 1, 1, 1, 0, 3, 1, 2, 3, 2, 0, 4, 1, 1, 2, 4, 1, 2]|[0, 2, 1, 1, 3, 0, 1, 0, 0, 0, 0, 0, 1, 0, 1, 0, 0, 0, 1, 0, 0, 0, 3, 1, 0, 2, 0, 0, 0, 1, 0, 0, 0, 0, 3, 0, 1, 3, 0, 2, 1, 1, 1, 0, 0, 0, 0, 0, 1, 0, 0, 0, 1, 3, 0, 0, 1, 2, 0, 1, 0, 2, 0, 1, 0, 2, 1, 0, 0, 1, 1, 3, 0, 1, 3, 3, 1, 0, 0, 2, 1, 0, 0, 0, 1, 1, 0, 2, 0, 1, 2, 0, 3, 0, 0, 1, 0, 2, 0, 0],763.528282981251,57768.88373513239,105395.61400959778,true
8,G4_BALANCED,G4_BALANCED,[31, 22, 82, 15, 26, 9, 95, 42, 77, 12, 47, 5, 93, 78, 86, 54, 85, 63, 18, 44, 20, 35, 43, 97, 91, 76, 10, 30, 21, 45, 71, 64, 1, 23, 17, 83, 24, 14, 60, 36, 6, 57, 40, 88, 65, 56, 79, 69, 67, 68, 46, 75, 38, 58, 19, 32, 81, 48, 27, 62, 87, 90, 99, 59, 11, 16, 72, 73, 61, 39, 37, 84, 3, 92, 25, 55, 28, 29, 51, 7, 66, 41, 98, 70, 89, 50, 8, 96, 80, 53, 33, 74, 34, 4, 52, 49, 0, 94, 2, 13]|[1, 1, 0, 1, 1, 0, 1, 2, 2, 1, 2, 2, 2, 1, 1, 0, 0, 1, 0, 2, 2, 0, 1, 2, 0, 1, 2, 2, 0, 0, 1, 2, 1, 0, 1, 0, 2, 0, 1, 1, 0, 1, 1, 1, 0, 2, 1, 2, 0, 0, 0, 0, 1, 1, 2, 1, 2, 1, 0, 0, 2, 1, 0, 1, 2, 1, 2, 1, 1, 1, 1, 1, 1, 0, 1, 1, 0, 0, 0, 1, 2, 0, 0, 1, 1, 0, 1, 0, 0, 0, 2, 2, 2, 1, 1, 0, 0, 1, 0, 0]|[4, 3, 2, 2, 4, 1, 2, 2, 2, 4, 1, 1, 2, 4, 4, 1, 2, 4, 2, 1, 1, 1, 1, 2, 1, 2, 1, 1, 1, 1, 3, 2, 3, 0, 4, 0, 1, 1, 0, 3, 2, 2, 2, 0, 1, 1, 0, 2, 0, 1, 2, 2, 1, 4, 0, 3, 2, 4, 1, 2, 2, 3, 1, 1, 1, 3, 0, 4, 3, 1, 4, 1, 1, 0, 4, 4, 2, 1, 1, 1, 0, 1, 1, 3, 1, 1, 3, 1, 1, 2, 1, 1, 1, 4, 1, 1, 2, 4, 2, 2]|[0, 2, 1, 1, 3, 0, 1, 0, 0, 0, 0, 0, 1, 0, 1, 0, 0, 3, 1, 0, 0, 0, 3, 1, 0, 2, 0, 0, 0, 1, 0, 0, 0, 0, 3, 0, 1, 0, 0, 2, 1, 1, 1, 0, 0, 0, 0, 0, 1, 0, 0, 0, 1, 3, 0, 0, 1, 2, 0, 1, 0, 2, 0, 1, 0, 2, 1, 0, 0, 1, 1, 3, 1, 1, 3, 3, 1, 0, 0, 2, 0, 0, 0, 0, 1, 0, 2, 0, 0, 1, 0, 0, 0, 0, 1, 1, 0, 2, 0, 0],819.7163156283966,56641.566392416,97846.6074164829,false
8,G2_TEC,G2_TEC,[31, 22, 82, 15, 26, 9, 95, 42, 77, 68, 47, 5, 93, 78, 86, 54, 85, 63, 18, 44, 20, 49, 36, 14, 74, 50, 53, 17, 21, 45, 71, 64, 3, 23, 30, 83, 24, 41, 60, 52, 65, 27, 90, 70, 39, 87, 48, 69, 99, 4, 46, 1, 38, 58, 97, 59, 28, 8, 73, 37, 35, 79, 11, 66, 76, 57, 40, 80, 96, 6, 16, 61, 33, 98, 32, 34, 62, 67, 10, 7, 56, 88, 51, 19, 91, 13, 75, 92, 0, 12, 43, 55, 84, 2, 81, 25, 29, 94, 89, 72]|[2, 1, 2, 1, 1, 2, 1, 1, 1, 1, 1, 0, 2, 2, 1, 2, 0, 0, 0, 2, 2, 1, 0, 2, 0, 2, 2, 1, 0, 1, 1, 1, 0, 0, 1, 0, 2, 1, 2, 2, 0, 1, 1, 1, 0, 2, 0, 2, 1, 0, 0, 2, 2, 0, 2, 0, 2, 1, 0, 0, 2, 1, 0, 2, 2, 0, 2, 2, 0, 1, 2, 1, 1, 0, 0, 1, 1, 1, 1, 2, 2, 1, 1, 1, 1, 0, 0, 0, 0, 1, 1, 0, 0, 2, 1, 1, 1, 1, 1, 1]|[0, 3, 0, 2, 4, 1, 4, 4, 2, 4, 3, 2, 1, 0, 2, 1, 1, 1, 2, 1, 1, 3, 0, 1, 0, 1, 1, 4, 1, 4, 3, 2, 2, 0, 4, 1, 1, 4, 0, 1, 2, 2, 4, 4, 1, 1, 0, 2, 3, 1, 2, 1, 2, 1, 1, 2, 0, 3, 0, 2, 2, 3, 1, 0, 1, 0, 0, 1, 2, 4, 1, 3, 4, 2, 2, 4, 3, 3, 3, 1, 0, 4, 3, 4, 3, 2, 2, 2, 2, 3, 4, 2, 2, 1, 1, 4, 3, 4, 4, 4]|[0, 2, 0, 1, 3, 0, 1, 3, 0, 0, 2, 0, 1, 0, 1, 0, 0, 0, 1, 0, 0, 2, 0, 0, 1, 0, 0, 3, 0, 1, 0, 2, 0, 0, 3, 0, 1, 3, 1, 0, 0, 1, 1, 3, 0, 0, 1, 0, 2, 0, 0, 0, 0, 0, 1, 0, 0, 0, 1, 1, 0, 2, 0, 0, 0, 1, 0, 0, 0, 2, 0, 0, 1, 0, 0, 2, 0, 0, 3, 0, 0, 1, 0, 3, 0, 0, 0, 0, 0, 0, 2, 0, 1, 0, 1, 3, 0, 2, 1, 2],868.7652750258076,52617.21491009273,114898.79054863131,false
8,G3_TWC,G3_TWC,[31, 22, 82, 15, 26, 9, 95, 42, 77, 12, 47, 5, 93, 78, 86, 54, 85, 63, 18, 44, 20, 35, 43, 97, 91, 76, 10, 30, 21, 45, 71, 64, 1, 23, 17, 83, 24, 14, 60, 36, 6, 57, 40, 88, 65, 56, 79, 94, 67, 68, 46, 75, 38, 58, 19, 32, 81, 41, 27, 62, 87, 90, 99, 59, 11, 16, 72, 73, 69, 28, 37, 84, 3, 92, 25, 55, 39, 29, 51, 7, 33, 61, 98, 48, 89, 50, 66, 96, 80, 53, 8, 4, 34, 2, 52, 49, 0, 70, 74, 13]|[1, 1, 0, 1, 1, 0, 1, 2, 2, 1, 2, 2, 2, 1, 1, 0, 0, 1, 0, 2, 2, 0, 1, 2, 0, 1, 2, 2, 0, 0, 1, 2, 1, 2, 1, 0, 2, 0, 1, 1, 0, 1, 1, 1, 0, 2, 1, 1, 0, 0, 0, 0, 1, 1, 2, 1, 2, 1, 0, 0, 2, 1, 0, 1, 2, 1, 2, 1, 1, 0, 0, 1, 1, 0, 1, 1, 1, 0, 0, 1, 0, 1, 0, 0, 1, 0, 2, 0, 0, 0, 0, 0, 2, 0, 1, 0, 0, 1, 2, 0]|[4, 3, 2, 2, 4, 1, 2, 2, 2, 4, 1, 1, 2, 4, 4, 1, 2, 4, 2, 1, 1, 1, 1, 2, 1, 2, 1, 1, 1, 1, 3, 2, 3, 0, 4, 0, 1, 1, 0, 3, 2, 2, 2, 0, 1, 1, 0, 4, 0, 1, 2, 2, 1, 0, 0, 3, 2, 4, 1, 2, 2, 3, 1, 1, 1, 3, 0, 4, 3, 2, 1, 1, 1, 0, 4, 4, 1, 1, 1, 1, 2, 3, 1, 1, 1, 1, 1, 1, 1, 2, 1, 2, 1, 2, 1, 1, 2, 4, 1, 2]|[0, 2, 1, 1, 3, 0, 1, 0, 0, 0, 0, 0, 1, 0, 1, 0, 0, 3, 1, 0, 0, 0, 3, 1, 0, 2, 0, 0, 0, 1, 0, 0, 0, 0, 3, 0, 1, 0, 0, 2, 1, 1, 1, 0, 0, 0, 0, 2, 1, 0, 0, 0, 1, 3, 0, 0, 1, 2, 0, 1, 0, 2, 0, 1, 0, 2, 1, 0, 0, 1, 0, 3, 1, 1, 3, 3, 1, 0, 0, 2, 1, 0, 0, 0, 1, 0, 0, 0, 0, 1, 0, 1, 0, 0, 1, 1, 0, 2, 0, 0],847.0427978319374,57913.11646638373,93531.36983571656,false
8,G1_CMAX,G4_BALANCED,[31, 22, 82, 15, 26, 9, 95, 42, 77, 12, 47, 5, 93, 78, 86, 54, 85, 63, 18, 44, 20, 35, 43, 97, 91, 76, 10, 30, 21, 45, 71, 41, 1, 23, 17, 83, 24, 64, 60, 36, 6, 57, 40, 88, 65, 56, 79, 69, 67, 68, 46, 75, 38, 58, 19, 32, 81, 48, 27, 62, 87, 90, 99, 59, 11, 16, 72, 73, 70, 39, 37, 84, 50, 92, 25, 55, 28, 51, 29, 7, 33, 61, 96, 14, 89, 3, 66, 98, 80, 53, 8, 2, 34, 4, 52, 49, 0, 94, 74, 13]|[1, 1, 0, 1, 1, 0, 1, 2, 2, 1, 2, 2, 2, 1, 1, 0, 0, 1, 0, 2, 2, 0, 1, 2, 0, 1, 2, 2, 0, 0, 1, 2, 1, 2, 1, 0, 2, 0, 1, 1, 0, 1, 1, 1, 0, 2, 1, 2, 0, 0, 0, 0, 1, 1, 2, 1, 2, 1, 0, 0, 2, 1, 0, 1, 2, 1, 2, 1, 1, 1, 1, 2, 0, 0, 1, 1, 1, 0, 0, 1, 0, 1, 0, 0, 1, 1, 2, 0, 0, 0, 1, 0, 2, 1, 2, 0, 0, 1, 2, 0]|[4, 3, 2, 2, 4, 1, 2, 2, 2, 4, 1, 1, 2, 4, 4, 1, 2, 4, 2, 1, 1, 1, 1, 2, 1, 2, 1, 1, 1, 1, 3, 2, 3, 0, 4, 0, 1, 1, 0, 3, 2, 2, 2, 0, 1, 1, 0, 2, 0, 1, 2, 2, 1, 0, 0, 3, 2, 4, 1, 2, 2, 3, 1, 1, 1, 3, 0, 4, 3, 0, 4, 1, 1, 0, 4, 4, 4, 1, 1, 1, 2, 3, 1, 2, 1, 1, 0, 1, 1, 2, 3, 2, 1, 4, 1, 1, 2, 4, 1, 2]|[0, 2, 1, 1, 3, 0, 1, 0, 0, 0, 0, 0, 1, 0, 1, 0, 0, 3, 1, 0, 0, 0, 3, 1, 0, 2, 0, 0, 0, 1, 0, 0, 0, 0, 3, 0, 1, 0, 0, 2, 1, 1, 1, 0, 0, 0, 0, 0, 1, 0, 0, 0, 1, 3, 0, 0, 1, 2, 0, 1, 0, 2, 0, 1, 0, 2, 1, 0, 0, 1, 1, 0, 0, 1, 3, 3, 1, 0, 0, 2, 1, 0, 0, 0, 1, 1, 0, 0, 0, 1, 2, 0, 0, 0, 0, 1, 0, 2, 0, 0],792.7258482897685,56413.98465852892,105475.3434862371,true
8,G4_BALANCED,G4_BALANCED,[31, 22, 82, 15, 26, 9, 95, 42, 77, 12, 47, 5, 93, 78, 86, 54, 85, 63, 18, 44, 20, 35, 43, 97, 91, 76, 10, 30, 21, 45, 71, 64, 1, 23, 17, 83, 24, 14, 60, 36, 6, 57, 40, 88, 65, 56, 79, 69, 67, 68, 46, 75, 38, 58, 19, 32, 81, 48, 27, 62, 87, 90, 99, 59, 11, 16, 72, 73, 61, 39, 37, 84, 3, 92, 25, 55, 28, 29, 51, 7, 66, 41, 98, 70, 89, 50, 8, 96, 80, 53, 33, 74, 34, 4, 52, 49, 0, 94, 2, 13]|[1, 1, 0, 1, 1, 0, 1, 2, 2, 1, 2, 2, 2, 1, 1, 0, 0, 1, 0, 2, 2, 0, 1, 2, 0, 1, 2, 2, 0, 0, 1, 2, 1, 0, 1, 0, 2, 0, 1, 1, 0, 1, 1, 1, 0, 2, 1, 2, 0, 0, 0, 0, 1, 1, 2, 1, 2, 1, 0, 0, 2, 1, 0, 1, 2, 1, 2, 1, 1, 1, 1, 1, 1, 0, 1, 1, 0, 0, 0, 1, 2, 0, 0, 1, 1, 0, 1, 0, 0, 0, 2, 2, 2, 1, 1, 0, 0, 1, 0, 0]|[4, 3, 2, 2, 4, 1, 2, 2, 2, 4, 1, 1, 2, 4, 4, 1, 2, 4, 2, 1, 1, 1, 1, 2, 1, 2, 1, 1, 1, 1, 3, 2, 3, 0, 4, 0, 1, 1, 0, 3, 2, 2, 2, 0, 1, 1, 0, 2, 0, 1, 2, 2, 1, 4, 0, 3, 2, 4, 1, 2, 2, 3, 1, 1, 1, 3, 0, 4, 3, 1, 4, 1, 1, 0, 4, 4, 2, 1, 1, 1, 0, 1, 1, 3, 1, 1, 3, 1, 1, 2, 1, 1, 1, 4, 1, 1, 2, 4, 2, 2]|[0, 2, 1, 1, 3, 0, 1, 0, 0, 0, 0, 0, 1, 0, 1, 0, 0, 3, 1, 0, 0, 0, 3, 1, 0, 2, 0, 0, 0, 1, 0, 0, 0, 0, 3, 0, 1, 0, 0, 2, 1, 1, 1, 0, 0, 0, 0, 0, 1, 0, 0, 0, 1, 3, 0, 0, 1, 2, 0, 1, 0, 2, 0, 1, 0, 2, 1, 0, 0, 1, 1, 3, 1, 1, 3, 3, 1, 0, 0, 2, 0, 0, 0, 0, 1, 0, 2, 0, 0, 1, 0, 0, 0, 0, 1, 1, 0, 2, 0, 0],819.7163156283966,56641.566392416,97846.6074164829,false
8,G2_TEC,G2_TEC,[31, 22, 82, 15, 26, 9, 95, 42, 77, 68, 47, 5, 93, 78, 86, 54, 85, 63, 18, 44, 20, 49, 36, 14, 74, 50, 53, 17, 21, 45, 71, 64, 3, 23, 30, 83, 24, 41, 60, 52, 65, 27, 90, 70, 39, 87, 48, 69, 99, 4, 46, 1, 38, 58, 97, 59, 28, 8, 73, 37, 35, 79, 11, 66, 76, 57, 40, 80, 96, 6, 16, 61, 33, 98, 32, 34, 62, 67, 10, 7, 56, 88, 51, 19, 91, 13, 75, 92, 0, 12, 43, 55, 84, 2, 81, 25, 29, 94, 89, 72]|[2, 1, 2, 1, 1, 2, 1, 1, 1, 1, 1, 0, 2, 2, 1, 2, 0, 0, 0, 2, 2, 1, 0, 2, 0, 2, 2, 1, 0, 1, 1, 1, 0, 0, 1, 0, 2, 1, 2, 2, 0, 1, 1, 1, 0, 2, 0, 2, 1, 0, 0, 2, 2, 0, 2, 0, 2, 1, 0, 0, 2, 1, 0, 2, 2, 0, 2, 2, 0, 1, 2, 1, 1, 0, 0, 1, 1, 1, 1, 2, 2, 1, 1, 1, 1, 0, 0, 0, 0, 1, 1, 0, 0, 2, 1, 1, 1, 1, 1, 1]|[0, 3, 0, 2, 4, 1, 4, 4, 2, 4, 3, 2, 1, 0, 2, 1, 1, 1, 2, 1, 1, 3, 0, 1, 0, 1, 1, 4, 1, 4, 3, 2, 2, 0, 4, 1, 1, 4, 0, 1, 2, 2, 4, 4, 1, 1, 0, 2, 3, 1, 2, 1, 2, 1, 1, 2, 0, 3, 0, 2, 2, 3, 1, 0, 1, 0, 0, 1, 2, 4, 1, 3, 4, 2, 2, 4, 3, 3, 3, 1, 0, 4, 3, 4, 3, 2, 2, 2, 2, 3, 4, 2, 2, 1, 1, 4, 3, 4, 4, 4]|[0, 2, 0, 1, 3, 0, 1, 3, 0, 0, 2, 0, 1, 0, 1, 0, 0, 0, 1, 0, 0, 2, 0, 0, 1, 0, 0, 3, 0, 1, 0, 2, 0, 0, 3, 0, 1, 3, 1, 0, 0, 1, 1, 3, 0, 0, 1, 0, 2, 0, 0, 0, 0, 0, 1, 0, 0, 0, 1, 1, 0, 2, 0, 0, 0, 1, 0, 0, 0, 2, 0, 0, 1, 0, 0, 2, 0, 0, 3, 0, 0, 1, 0, 3, 0, 0, 0, 0, 0, 0, 2, 0, 1, 0, 1, 3, 0, 2, 1, 2],868.7652750258076,52617.21491009273,114898.79054863131,false
8,G3_TWC,G3_TWC,[31, 22, 82, 15, 26, 9, 95, 42, 77, 12, 47, 5, 93, 78, 86, 54, 85, 63, 18, 44, 20, 35, 43, 97, 91, 76, 10, 30, 21, 45, 71, 64, 1, 23, 17, 83, 24, 14, 60, 36, 6, 57, 40, 88, 65, 56, 79, 94, 67, 68, 46, 75, 38, 58, 19, 32, 81, 41, 27, 62, 87, 90, 99, 59, 11, 16, 72, 73, 69, 28, 37, 84, 3, 92, 25, 55, 39, 29, 51, 7, 33, 61, 98, 48, 89, 50, 66, 96, 80, 53, 8, 4, 34, 2, 52, 49, 0, 70, 74, 13]|[1, 1, 0, 1, 1, 0, 1, 2, 2, 1, 2, 2, 2, 1, 1, 0, 0, 1, 0, 2, 2, 0, 1, 2, 0, 1, 2, 2, 0, 0, 1, 2, 1, 2, 1, 0, 2, 0, 1, 1, 0, 1, 1, 1, 0, 2, 1, 1, 0, 0, 0, 0, 1, 1, 2, 1, 2, 1, 0, 0, 2, 1, 0, 1, 2, 1, 2, 1, 1, 0, 0, 1, 1, 0, 1, 1, 1, 0, 0, 1, 0, 1, 0, 0, 1, 0, 2, 0, 0, 0, 0, 0, 2, 0, 1, 0, 0, 1, 2, 0]|[4, 3, 2, 2, 4, 1, 2, 2, 2, 4, 1, 1, 2, 4, 4, 1, 2, 4, 2, 1, 1, 1, 1, 2, 1, 2, 1, 1, 1, 1, 3, 2, 3, 0, 4, 0, 1, 1, 0, 3, 2, 2, 2, 0, 1, 1, 0, 4, 0, 1, 2, 2, 1, 0, 0, 3, 2, 4, 1, 2, 2, 3, 1, 1, 1, 3, 0, 4, 3, 2, 1, 1, 1, 0, 4, 4, 1, 1, 1, 1, 2, 3, 1, 1, 1, 1, 1, 1, 1, 2, 1, 2, 1, 2, 1, 1, 2, 4, 1, 2]|[0, 2, 1, 1, 3, 0, 1, 0, 0, 0, 0, 0, 1, 0, 1, 0, 0, 3, 1, 0, 0, 0, 3, 1, 0, 2, 0, 0, 0, 1, 0, 0, 0, 0, 3, 0, 1, 0, 0, 2, 1, 1, 1, 0, 0, 0, 0, 2, 1, 0, 0, 0, 1, 3, 0, 0, 1, 2, 0, 1, 0, 2, 0, 1, 0, 2, 1, 0, 0, 1, 0, 3, 1, 1, 3, 3, 1, 0, 0, 2, 1, 0, 0, 0, 1, 0, 0, 0, 0, 1, 0, 1, 0, 0, 1, 1, 0, 2, 0, 0],847.0427978319374,57913.11646638373,93531.36983571656,false
8,G1_CMAX,G4_BALANCED,[31, 22, 82, 15, 26, 9, 95, 42, 77, 12, 47, 5, 93, 78, 86, 54, 85, 63, 18, 44, 20, 35, 43, 97, 91, 76, 10, 30, 21, 45, 71, 64, 1, 23, 17, 83, 24, 41, 60, 36, 6, 57, 40, 88, 65, 56, 79, 94, 67, 68, 46, 75, 38, 58, 19, 32, 81, 14, 27, 62, 87, 90, 99, 59, 11, 16, 72, 73, 70, 39, 37, 84, 3, 92, 25, 55, 28, 29, 51, 7, 66, 61, 98, 48, 89, 50, 33, 96, 80, 53, 8, 4, 69, 34, 52, 49, 0, 2, 74, 13]|[1, 1, 0, 1, 1, 0, 1, 2, 2, 1, 2, 2, 2, 1, 1, 0, 0, 1, 0, 2, 2, 0, 1, 2, 0, 1, 2, 2, 0, 0, 1, 2, 1, 2, 1, 0, 2, 0, 1, 1, 0, 1, 1, 1, 0, 2, 1, 1, 0, 0, 0, 0, 1, 1, 2, 1, 2, 1, 0, 0, 2, 1, 0, 1, 2, 1, 2, 1, 1, 1, 1, 1, 1, 2, 1, 1, 0, 0, 0, 1, 2, 1, 0, 0, 1, 0, 1, 0, 0, 0, 1, 1, 1, 2, 1, 0, 0, 0, 2, 0]|[4, 3, 2, 2, 4, 1, 2, 2, 1, 4, 1, 1, 2, 4, 4, 1, 2, 4, 2, 1, 1, 1, 1, 2, 1, 2, 1, 1, 1, 1, 3, 2, 3, 0, 4, 0, 1, 1, 0, 3, 2, 2, 2, 0, 1, 1, 0, 4, 0, 1, 2, 2, 1, 0, 0, 3, 2, 4, 1, 2, 2, 3, 1, 1, 1, 3, 0, 4, 3, 1, 4, 1, 1, 1, 4, 4, 2, 1, 1, 1, 1, 3, 1, 2, 1, 1, 4, 1, 1, 2, 3, 4, 3, 1, 1, 1, 2, 2, 1, 2]|[0, 2, 1, 1, 3, 0, 1, 0, 0, 0, 0, 0, 1, 0, 1, 0, 0, 3, 1, 0, 0, 0, 3, 1, 0, 2, 0, 0, 0, 1, 0, 0, 0, 0, 3, 0, 1, 0, 0, 2, 1, 1, 1, 0, 0, 0, 0, 2, 1, 0, 0, 0, 1, 3, 0, 0, 1, 2, 0, 1, 0, 2, 0, 1, 0, 2, 1, 0, 0, 1, 1, 3, 1, 0, 3, 3, 1, 0, 0, 2, 0, 0, 0, 1, 1, 0, 0, 0, 0, 1, 2, 0, 2, 0, 1, 1, 0, 0, 0, 0],785.513578532258,57449.79036383798,94012.71163578371,true
8,G4_BALANCED,G4_BALANCED,[31, 22, 82, 15, 26, 9, 95, 42, 77, 12, 47, 5, 93, 78, 86, 54, 85, 63, 18, 44, 20, 35, 43, 97, 91, 76, 10, 30, 21, 45, 71, 64, 1, 23, 17, 83, 24, 14, 60, 36, 6, 57, 40, 88, 65, 56, 79, 69, 67, 68, 46, 75, 38, 58, 19, 32, 81, 48, 27, 62, 87, 90, 99, 59, 11, 16, 72, 73, 70, 39, 37, 84, 3, 92, 25, 55, 28, 29, 51, 7, 66, 61, 98, 41, 89, 50, 8, 96, 53, 80, 34, 4, 33, 2, 52, 49, 0, 94, 74, 13]|[1, 1, 0, 1, 1, 0, 1, 2, 2, 1, 2, 2, 2, 1, 1, 0, 0, 1, 0, 2, 2, 0, 1, 2, 0, 1, 2, 2, 0, 0, 1, 2, 1, 0, 1, 0, 2, 0, 1, 1, 0, 1, 1, 1, 0, 2, 1, 1, 0, 0, 0, 0, 1, 1, 2, 1, 2, 1, 0, 0, 2, 1, 0, 1, 2, 1, 2, 1, 1, 1, 1, 1, 1, 0, 1, 1, 0, 0, 0, 1, 2, 1, 2, 0, 1, 0, 1, 0, 0, 0, 2, 1, 2, 0, 2, 0, 0, 1, 2, 0]|[4, 3, 2, 2, 4, 1, 2, 2, 2, 4, 1, 1, 2, 4, 4, 1, 2, 4, 2, 1, 1, 1, 1, 2, 1, 2, 1, 1, 1, 1, 3, 2, 3, 0, 4, 0, 1, 1, 0, 3, 2, 2, 2, 0, 1, 1, 0, 4, 0, 1, 2, 2, 1, 4, 0, 3, 2, 4, 1, 2, 2, 3, 1, 1, 1, 3, 0, 4, 3, 1, 4, 1, 1, 0, 4, 4, 2, 1, 1, 1, 1, 3, 1, 1, 1, 1, 3, 1, 2, 1, 1, 4, 1, 2, 1, 1, 2, 4, 1, 2]|[0, 2, 1, 1, 3, 0, 1, 0, 0, 0, 0, 0, 1, 0, 1, 0, 0, 3, 1, 0, 0, 0, 3, 1, 0, 2, 0, 0, 0, 1, 0, 0, 0, 0, 3, 0, 1, 0, 0, 2, 1, 1, 1, 0, 0, 0, 0, 2, 1, 0, 0, 0, 1, 3, 0, 0, 1, 2, 0, 1, 0, 2, 0, 1, 0, 2, 1, 0, 0, 1, 1, 3, 1, 1, 3, 3, 1, 0, 0, 2, 0, 0, 0, 0, 1, 0, 2, 0, 1, 0, 0, 0, 0, 0, 0, 1, 0, 2, 0, 0],799.8760963143906,56426.94043056035,97800.84068216497,false
8,G2_TEC,G2_TEC,[31, 22, 82, 15, 26, 9, 95, 42, 77, 68, 47, 5, 93, 78, 86, 54, 85, 63, 18, 44, 20, 49, 36, 14, 74, 50, 53, 17, 21, 45, 71, 64, 3, 23, 30, 83, 24, 41, 60, 52, 65, 27, 90, 70, 39, 87, 48, 69, 99, 4, 46, 1, 38, 58, 97, 59, 28, 8, 73, 37, 35, 79, 11, 66, 76, 57, 40, 80, 96, 6, 16, 61, 33, 98, 32, 34, 62, 67, 10, 7, 56, 88, 51, 19, 91, 13, 75, 92, 0, 12, 43, 55, 84, 2, 81, 25, 29, 94, 89, 72]|[2, 1, 2, 1, 1, 2, 1, 1, 1, 1, 1, 0, 2, 2, 1, 2, 0, 0, 0, 2, 2, 1, 0, 2, 0, 2, 2, 1, 0, 1, 1, 1, 0, 0, 1, 0, 2, 1, 2, 2, 0, 1, 1, 1, 0, 2, 0, 2, 1, 0, 0, 2, 2, 0, 2, 0, 2, 1, 0, 0, 2, 1, 0, 2, 2, 0, 2, 2, 0, 1, 2, 1, 1, 0, 0, 1, 1, 1, 1, 2, 2, 1, 1, 1, 1, 0, 0, 0, 0, 1, 1, 0, 0, 2, 1, 1, 1, 1, 1, 1]|[0, 3, 0, 2, 4, 1, 4, 4, 2, 4, 3, 2, 1, 0, 2, 1, 1, 1, 2, 1, 1, 3, 0, 1, 0, 1, 1, 4, 1, 4, 3, 2, 2, 0, 4, 1, 1, 4, 0, 1, 2, 2, 4, 4, 1, 1, 0, 2, 3, 1, 2, 1, 2, 1, 1, 2, 0, 3, 0, 2, 2, 3, 1, 0, 1, 0, 0, 1, 2, 4, 1, 3, 4, 2, 2, 4, 3, 3, 3, 1, 0, 4, 3, 4, 3, 2, 2, 2, 2, 3, 4, 2, 2, 1, 1, 4, 3, 4, 4, 4]|[0, 2, 0, 1, 3, 0, 1, 3, 0, 0, 2, 0, 1, 0, 1, 0, 0, 0, 1, 0, 0, 2, 0, 0, 1, 0, 0, 3, 0, 1, 0, 2, 0, 0, 3, 0, 1, 3, 1, 0, 0, 1, 1, 3, 0, 0, 1, 0, 2, 0, 0, 0, 0, 0, 1, 0, 0, 0, 1, 1, 0, 2, 0, 0, 0, 1, 0, 0, 0, 2, 0, 0, 1, 0, 0, 2, 0, 0, 3, 0, 0, 1, 0, 3, 0, 0, 0, 0, 0, 0, 2, 0, 1, 0, 1, 3, 0, 2, 1, 2],868.7652750258076,52617.21491009273,114898.79054863131,false
8,G3_TWC,G3_TWC,[31, 22, 82, 15, 26, 9, 95, 42, 77, 12, 47, 5, 93, 78, 86, 54, 85, 63, 18, 44, 20, 35, 43, 97, 91, 76, 10, 30, 21, 45, 71, 64, 1, 23, 17, 83, 24, 14, 60, 36, 6, 57, 40, 88, 65, 56, 79, 94, 67, 68, 46, 75, 38, 58, 19, 32, 81, 41, 27, 62, 87, 90, 99, 59, 11, 16, 72, 73, 69, 28, 37, 84, 3, 92, 25, 55, 39, 29, 51, 7, 33, 61, 98, 48, 89, 50, 66, 96, 80, 53, 8, 4, 34, 2, 52, 49, 0, 70, 74, 13]|[1, 1, 0, 1, 1, 0, 1, 2, 2, 1, 2, 2, 2, 1, 1, 0, 0, 1, 0, 2, 2, 0, 1, 2, 0, 1, 2, 2, 0, 0, 1, 2, 1, 2, 1, 0, 2, 0, 1, 1, 0, 1, 1, 1, 0, 2, 1, 1, 0, 0, 0, 0, 1, 1, 2, 1, 2, 1, 0, 0, 2, 1, 0, 1, 2, 1, 2, 1, 1, 0, 0, 1, 1, 0, 1, 1, 1, 0, 0, 1, 0, 1, 0, 0, 1, 0, 2, 0, 0, 0, 0, 0, 2, 0, 1, 0, 0, 1, 2, 0]|[4, 3, 2, 2, 4, 1, 2, 2, 2, 4, 1, 1, 2, 4, 4, 1, 2, 4, 2, 1, 1, 1, 1, 2, 1, 2, 1, 1, 1, 1, 3, 2, 3, 0, 4, 0, 1, 1, 0, 3, 2, 2, 2, 0, 1, 1, 0, 4, 0, 1, 2, 2, 1, 0, 0, 3, 2, 4, 1, 2, 2, 3, 1, 1, 1, 3, 0, 4, 3, 2, 1, 1, 1, 0, 4, 4, 1, 1, 1, 1, 2, 3, 1, 1, 1, 1, 1, 1, 1, 2, 1, 2, 1, 2, 1, 1, 2, 4, 1, 2]|[0, 2, 1, 1, 3, 0, 1, 0, 0, 0, 0, 0, 1, 0, 1, 0, 0, 3, 1, 0, 0, 0, 3, 1, 0, 2, 0, 0, 0, 1, 0, 0, 0, 0, 3, 0, 1, 0, 0, 2, 1, 1, 1, 0, 0, 0, 0, 2, 1, 0, 0, 0, 1, 3, 0, 0, 1, 2, 0, 1, 0, 2, 0, 1, 0, 2, 1, 0, 0, 1, 0, 3, 1, 1, 3, 3, 1, 0, 0, 2, 1, 0, 0, 0, 1, 0, 0, 0, 0, 1, 0, 1, 0, 0, 1, 1, 0, 2, 0, 0],847.0427978319374,57913.11646638373,93531.36983571656,false
8,G1_CMAX,G3_TWC,[31, 22, 51, 15, 26, 9, 95, 42, 77, 12, 47, 5, 93, 78, 86, 54, 85, 63, 18, 44, 20, 35, 43, 97, 91, 76, 10, 30, 21, 45, 71, 64, 1, 23, 17, 83, 24, 14, 60, 36, 6, 57, 40, 88, 65, 56, 79, 94, 67, 68, 46, 75, 38, 58, 19, 32, 81, 41, 27, 62, 87, 90, 99, 59, 11, 16, 72, 73, 70, 39, 37, 84, 3, 92, 25, 55, 28, 29, 82, 7, 66, 61, 98, 33, 89, 50, 48, 96, 80, 53, 8, 4, 34, 2, 52, 49, 0, 69, 74, 13]|[1, 1, 0, 1, 1, 0, 1, 2, 2, 1, 2, 2, 2, 1, 1, 0, 0, 1, 0, 2, 2, 0, 1, 2, 0, 1, 2, 2, 0, 0, 1, 2, 1, 2, 1, 0, 2, 0, 1, 1, 0, 1, 1, 1, 0, 2, 1, 1, 0, 0, 0, 0, 1, 1, 2, 1, 2, 1, 0, 0, 2, 1, 0, 1, 2, 1, 2, 1, 1, 1, 1, 1, 1, 0, 1, 1, 0, 0, 0, 1, 2, 1, 0, 0, 1, 0, 0, 0, 0, 0, 1, 1, 2, 0, 1, 0, 0, 1, 2, 0]|[4, 3, 2, 2, 4, 1, 2, 2, 2, 4, 1, 1, 2, 4, 4, 1, 2, 4, 2, 1, 1, 1, 1, 2, 1, 2, 1, 1, 1, 1, 3, 2, 3, 0, 4, 0, 1, 1, 0, 3, 2, 2, 2, 0, 1, 1, 0, 4, 0, 1, 2, 2, 1, 0, 0, 3, 2, 4, 1, 2, 2, 3, 1, 1, 1, 3, 0, 4, 3, 1, 4, 1, 1, 0, 4, 4, 2, 1, 1, 1, 1, 3, 1, 2, 1, 1, 1, 1, 1, 2, 3, 4, 1, 2, 1, 1, 2, 4, 1, 2]|[0, 2, 1, 1, 3, 0, 1, 0, 0, 0, 0, 0, 1, 0, 1, 0, 0, 3, 1, 0, 0, 0, 3, 1, 0, 2, 0, 0, 0, 1, 0, 0, 0, 0, 3, 0, 1, 0, 0, 2, 1, 1, 1, 0, 0, 0, 0, 2, 1, 0, 0, 0, 1, 3, 0, 0, 1, 2, 0, 1, 0, 2, 0, 1, 0, 2, 1, 0, 0, 1, 1, 3, 1, 1, 3, 3, 1, 0, 0, 2, 0, 0, 0, 1, 1, 0, 0, 0, 0, 1, 2, 0, 0, 0, 1, 1, 0, 2, 0, 0],827.9045949972788,57441.64415044191,94850.6619188624,true
8,G4_BALANCED,G4_BALANCED,[31, 22, 82, 15, 26, 9, 95, 42, 77, 12, 47, 5, 93, 78, 86, 54, 85, 63, 18, 44, 20, 35, 43, 97, 91, 76, 10, 30, 21, 45, 71, 64, 1, 23, 17, 83, 24, 14, 60, 36, 6, 57, 40, 88, 65, 56, 79, 69, 67, 68, 46, 75, 38, 58, 19, 32, 81, 48, 27, 62, 87, 90, 99, 59, 11, 16, 72, 73, 70, 39, 37, 84, 3, 92, 25, 55, 28, 29, 51, 7, 66, 61, 98, 41, 89, 50, 8, 96, 53, 80, 34, 4, 33, 2, 52, 49, 0, 94, 74, 13]|[1, 1, 0, 1, 1, 0, 1, 2, 2, 1, 2, 2, 2, 1, 1, 0, 0, 1, 0, 2, 2, 0, 1, 2, 0, 1, 2, 2, 0, 0, 1, 2, 1, 0, 1, 0, 2, 0, 1, 1, 0, 1, 1, 1, 0, 2, 1, 1, 0, 0, 0, 0, 1, 1, 2, 1, 2, 1, 0, 0, 2, 1, 0, 1, 2, 1, 2, 1, 1, 1, 1, 1, 1, 0, 1, 1, 0, 0, 0, 1, 2, 1, 2, 0, 1, 0, 1, 0, 0, 0, 2, 1, 2, 0, 2, 0, 0, 1, 2, 0]|[4, 3, 2, 2, 4, 1, 2, 2, 2, 4, 1, 1, 2, 4, 4, 1, 2, 4, 2, 1, 1, 1, 1, 2, 1, 2, 1, 1, 1, 1, 3, 2, 3, 0, 4, 0, 1, 1, 0, 3, 2, 2, 2, 0, 1, 1, 0, 4, 0, 1, 2, 2, 1, 4, 0, 3, 2, 4, 1, 2, 2, 3, 1, 1, 1, 3, 0, 4, 3, 1, 4, 1, 1, 0, 4, 4, 2, 1, 1, 1, 1, 3, 1, 1, 1, 1, 3, 1, 2, 1, 1, 4, 1, 2, 1, 1, 2, 4, 1, 2]|[0, 2, 1, 1, 3, 0, 1, 0, 0, 0, 0, 0, 1, 0, 1, 0, 0, 3, 1, 0, 0, 0, 3, 1, 0, 2, 0, 0, 0, 1, 0, 0, 0, 0, 3, 0, 1, 0, 0, 2, 1, 1, 1, 0, 0, 0, 0, 2, 1, 0, 0, 0, 1, 3, 0, 0, 1, 2, 0, 1, 0, 2, 0, 1, 0, 2, 1, 0, 0, 1, 1, 3, 1, 1, 3, 3, 1, 0, 0, 2, 0, 0, 0, 0, 1, 0, 2, 0, 1, 0, 0, 0, 0, 0, 0, 1, 0, 2, 0, 0],799.8760963143906,56426.94043056035,97800.84068216497,false
8,G2_TEC,G2_TEC,[31, 22, 82, 15, 26, 9, 95, 42, 77, 68, 47, 5, 93, 78, 86, 54, 85, 63, 18, 44, 20, 49, 36, 14, 74, 50, 53, 17, 21, 45, 71, 64, 3, 23, 30, 83, 24, 41, 60, 52, 65, 27, 90, 70, 39, 87, 48, 69, 99, 4, 46, 1, 38, 58, 97, 59, 28, 8, 73, 37, 35, 79, 11, 66, 76, 57, 40, 80, 96, 6, 16, 61, 33, 98, 32, 34, 62, 67, 10, 7, 56, 88, 51, 19, 91, 13, 75, 92, 0, 12, 43, 55, 84, 2, 81, 25, 29, 94, 89, 72]|[2, 1, 2, 1, 1, 2, 1, 1, 1, 1, 1, 0, 2, 2, 1, 2, 0, 0, 0, 2, 2, 1, 0, 2, 0, 2, 2, 1, 0, 1, 1, 1, 0, 0, 1, 0, 2, 1, 2, 2, 0, 1, 1, 1, 0, 2, 0, 2, 1, 0, 0, 2, 2, 0, 2, 0, 2, 1, 0, 0, 2, 1, 0, 2, 2, 0, 2, 2, 0, 1, 2, 1, 1, 0, 0, 1, 1, 1, 1, 2, 2, 1, 1, 1, 1, 0, 0, 0, 0, 1, 1, 0, 0, 2, 1, 1, 1, 1, 1, 1]|[0, 3, 0, 2, 4, 1, 4, 4, 2, 4, 3, 2, 1, 0, 2, 1, 1, 1, 2, 1, 1, 3, 0, 1, 0, 1, 1, 4, 1, 4, 3, 2, 2, 0, 4, 1, 1, 4, 0, 1, 2, 2, 4, 4, 1, 1, 0, 2, 3, 1, 2, 1, 2, 1, 1, 2, 0, 3, 0, 2, 2, 3, 1, 0, 1, 0, 0, 1, 2, 4, 1, 3, 4, 2, 2, 4, 3, 3, 3, 1, 0, 4, 3, 4, 3, 2, 2, 2, 2, 3, 4, 2, 2, 1, 1, 4, 3, 4, 4, 4]|[0, 2, 0, 1, 3, 0, 1, 3, 0, 0, 2, 0, 1, 0, 1, 0, 0, 0, 1, 0, 0, 2, 0, 0, 1, 0, 0, 3, 0, 1, 0, 2, 0, 0, 3, 0, 1, 3, 1, 0, 0, 1, 1, 3, 0, 0, 1, 0, 2, 0, 0, 0, 0, 0, 1, 0, 0, 0, 1, 1, 0, 2, 0, 0, 0, 1, 0, 0, 0, 2, 0, 0, 1, 0, 0, 2, 0, 0, 3, 0, 0, 1, 0, 3, 0, 0, 0, 0, 0, 0, 2, 0, 1, 0, 1, 3, 0, 2, 1, 2],868.7652750258076,52617.21491009273,114898.79054863131,false
8,G3_TWC,G3_TWC,[31, 22, 82, 15, 26, 9, 95, 42, 77, 12, 47, 5, 93, 78, 86, 54, 85, 63, 18, 44, 20, 35, 43, 97, 91, 76, 10, 30, 21, 45, 71, 64, 1, 23, 17, 83, 24, 14, 60, 36, 6, 57, 40, 88, 65, 56, 79, 94, 67, 68, 46, 75, 38, 58, 19, 32, 81, 41, 27, 62, 87, 90, 99, 59, 11, 16, 72, 73, 69, 28, 37, 84, 3, 92, 25, 55, 39, 29, 51, 7, 33, 61, 98, 48, 89, 50, 66, 96, 80, 53, 8, 4, 34, 2, 52, 49, 0, 70, 74, 13]|[1, 1, 0, 1, 1, 0, 1, 2, 2, 1, 2, 2, 2, 1, 1, 0, 0, 1, 0, 2, 2, 0, 1, 2, 0, 1, 2, 2, 0, 0, 1, 2, 1, 2, 1, 0, 2, 0, 1, 1, 0, 1, 1, 1, 0, 2, 1, 1, 0, 0, 0, 0, 1, 1, 2, 1, 2, 1, 0, 0, 2, 1, 0, 1, 2, 1, 2, 1, 1, 0, 0, 1, 1, 0, 1, 1, 1, 0, 0, 1, 0, 1, 0, 0, 1, 0, 2, 0, 0, 0, 0, 0, 2, 0, 1, 0, 0, 1, 2, 0]|[4, 3, 2, 2, 4, 1, 2, 2, 2, 4, 1, 1, 2, 4, 4, 1, 2, 4, 2, 1, 1, 1, 1, 2, 1, 2, 1, 1, 1, 1, 3, 2, 3, 0, 4, 0, 1, 1, 0, 3, 2, 2, 2, 0, 1, 1, 0, 4, 0, 1, 2, 2, 1, 0, 0, 3, 2, 4, 1, 2, 2, 3, 1, 1, 1, 3, 0, 4, 3, 2, 1, 1, 1, 0, 4, 4, 1, 1, 1, 1, 2, 3, 1, 1, 1, 1, 1, 1, 1, 2, 1, 2, 1, 2, 1, 1, 2, 4, 1, 2]|[0, 2, 1, 1, 3, 0, 1, 0, 0, 0, 0, 0, 1, 0, 1, 0, 0, 3, 1, 0, 0, 0, 3, 1, 0, 2, 0, 0, 0, 1, 0, 0, 0, 0, 3, 0, 1, 0, 0, 2, 1, 1, 1, 0, 0, 0, 0, 2, 1, 0, 0, 0, 1, 3, 0, 0, 1, 2, 0, 1, 0, 2, 0, 1, 0, 2, 1, 0, 0, 1, 0, 3, 1, 1, 3, 3, 1, 0, 0, 2, 1, 0, 0, 0, 1, 0, 0, 0, 0, 1, 0, 1, 0, 0, 1, 1, 0, 2, 0, 0],847.0427978319374,57913.11646638373,93531.36983571656,false
8,G1_CMAX,G3_TWC,[31, 22, 51, 15, 26, 9, 95, 42, 77, 12, 47, 5, 93, 78, 86, 54, 85, 63, 18, 44, 20, 35, 43, 97, 91, 76, 10, 30, 21, 45, 71, 64, 1, 23, 17, 83, 24, 14, 60, 36, 6, 57, 40, 88, 65, 56, 79, 94, 67, 68, 46, 75, 38, 58, 19, 32, 81, 41, 27, 62, 87, 90, 99, 59, 11, 16, 72, 73, 70, 39, 37, 84, 3, 92, 25, 55, 28, 29, 82, 7, 66, 61, 98, 33, 89, 50, 48, 96, 80, 53, 8, 4, 34, 2, 52, 49, 0, 69, 74, 13]|[1, 1, 0, 1, 1, 0, 1, 2, 2, 1, 2, 2, 2, 1, 1, 0, 0, 1, 0, 2, 2, 0, 1, 2, 0, 1, 2, 2, 0, 0, 1, 2, 1, 2, 1, 0, 2, 0, 1, 1, 0, 1, 1, 1, 0, 2, 1, 1, 0, 0, 0, 0, 1, 1, 2, 1, 2, 1, 0, 0, 2, 1, 0, 1, 2, 1, 2, 1, 1, 1, 1, 1, 1, 0, 1, 1, 0, 0, 0, 1, 2, 1, 0, 0, 1, 0, 0, 0, 0, 0, 1, 1, 2, 0, 1, 0, 0, 1, 2, 0]|[4, 3, 2, 2, 4, 1, 2, 2, 2, 4, 1, 1, 2, 4, 4, 1, 2, 4, 2, 1, 1, 1, 1, 2, 1, 2, 1, 1, 1, 1, 3, 2, 3, 0, 4, 0, 1, 1, 0, 3, 2, 2, 2, 0, 1, 1, 0, 4, 0, 1, 2, 2, 1, 0, 0, 3, 2, 4, 1, 2, 2, 3, 1, 1, 1, 3, 0, 4, 3, 1, 4, 1, 1, 0, 4, 4, 2, 1, 1, 1, 1, 3, 1, 2, 1, 1, 1, 1, 1, 2, 3, 4, 1, 2, 1, 1, 2, 4, 1, 2]|[0, 2, 1, 1, 3, 0, 1, 0, 0, 0, 0, 0, 1, 0, 1, 0, 0, 3, 1, 0, 0, 0, 3, 1, 0, 2, 0, 0, 0, 1, 0, 0, 0, 0, 3, 0, 1, 0, 0, 2, 1, 1, 1, 0, 0, 0, 0, 2, 1, 0, 0, 0, 1, 3, 0, 0, 1, 2, 0, 1, 0, 2, 0, 1, 0, 2, 1, 0, 0, 1, 1, 3, 1, 1, 3, 3, 1, 0, 0, 2, 0, 0, 0, 1, 1, 0, 0, 0, 0, 1, 2, 0, 0, 0, 1, 1, 0, 2, 0, 0],827.9045949972788,57441.64415044191,94850.6619188624,true
8,G4_BALANCED,G4_BALANCED,[31, 22, 82, 15, 26, 9, 95, 42, 77, 12, 47, 5, 93, 78, 86, 54, 85, 63, 18, 44, 20, 35, 43, 97, 91, 76, 10, 30, 21, 45, 71, 64, 1, 23, 17, 83, 24, 14, 60, 36, 6, 57, 40, 88, 65, 56, 79, 69, 67, 68, 46, 75, 38, 58, 19, 32, 81, 48, 27, 62, 87, 90, 99, 59, 11, 16, 72, 73, 70, 39, 37, 84, 3, 92, 25, 55, 28, 29, 51, 7, 66, 61, 98, 41, 89, 50, 8, 96, 53, 80, 34, 4, 33, 2, 52, 49, 0, 94, 74, 13]|[1, 1, 0, 1, 1, 0, 1, 2, 2, 1, 2, 2, 2, 1, 1, 0, 0, 1, 0, 2, 2, 0, 1, 2, 0, 1, 2, 2, 0, 0, 1, 2, 1, 0, 1, 0, 2, 0, 1, 1, 0, 1, 1, 1, 0, 2, 1, 1, 0, 0, 0, 0, 1, 1, 2, 1, 2, 1, 0, 0, 2, 1, 0, 1, 2, 1, 2, 1, 1, 1, 1, 1, 1, 0, 1, 1, 0, 0, 0, 1, 2, 1, 2, 0, 1, 0, 1, 0, 0, 0, 2, 1, 2, 0, 2, 0, 0, 1, 2, 0]|[4, 3, 2, 2, 4, 1, 2, 2, 2, 4, 1, 1, 2, 4, 4, 1, 2, 4, 2, 1, 1, 1, 1, 2, 1, 2, 1, 1, 1, 1, 3, 2, 3, 0, 4, 0, 1, 1, 0, 3, 2, 2, 2, 0, 1, 1, 0, 4, 0, 1, 2, 2, 1, 4, 0, 3, 2, 4, 1, 2, 2, 3, 1, 1, 1, 3, 0, 4, 3, 1, 4, 1, 1, 0, 4, 4, 2, 1, 1, 1, 1, 3, 1, 1, 1, 1, 3, 1, 2, 1, 1, 4, 1, 2, 1, 1, 2, 4, 1, 2]|[0, 2, 1, 1, 3, 0, 1, 0, 0, 0, 0, 0, 1, 0, 1, 0, 0, 3, 1, 0, 0, 0, 3, 1, 0, 2, 0, 0, 0, 1, 0, 0, 0, 0, 3, 0, 1, 0, 0, 2, 1, 1, 1, 0, 0, 0, 0, 2, 1, 0, 0, 0, 1, 3, 0, 0, 1, 2, 0, 1, 0, 2, 0, 1, 0, 2, 1, 0, 0, 1, 1, 3, 1, 1, 3, 3, 1, 0, 0, 2, 0, 0, 0, 0, 1, 0, 2, 0, 1, 0, 0, 0, 0, 0, 0, 1, 0, 2, 0, 0],799.8760963143906,56426.94043056035,97800.84068216497,false
8,G2_TEC,G2_TEC,[31, 22, 82, 15, 26, 9, 95, 42, 77, 68, 47, 5, 93, 78, 86, 54, 85, 63, 18, 44, 20, 49, 36, 14, 74, 50, 53, 17, 21, 45, 71, 64, 3, 23, 30, 83, 24, 41, 60, 52, 65, 27, 90, 70, 39, 87, 48, 69, 99, 4, 46, 1, 38, 58, 97, 59, 28, 8, 73, 37, 35, 79, 11, 66, 76, 57, 40, 80, 96, 6, 16, 61, 33, 98, 32, 34, 62, 67, 10, 7, 56, 88, 51, 19, 91, 13, 75, 92, 0, 12, 43, 55, 84, 2, 81, 25, 29, 94, 89, 72]|[2, 1, 2, 1, 1, 2, 1, 1, 1, 1, 1, 0, 2, 2, 1, 2, 0, 0, 0, 2, 2, 1, 0, 2, 0, 2, 2, 1, 0, 1, 1, 1, 0, 0, 1, 0, 2, 1, 2, 2, 0, 1, 1, 1, 0, 2, 0, 2, 1, 0, 0, 2, 2, 0, 2, 0, 2, 1, 0, 0, 2, 1, 0, 2, 2, 0, 2, 2, 0, 1, 2, 1, 1, 0, 0, 1, 1, 1, 1, 2, 2, 1, 1, 1, 1, 0, 0, 0, 0, 1, 1, 0, 0, 2, 1, 1, 1, 1, 1, 1]|[0, 3, 0, 2, 4, 1, 4, 4, 2, 4, 3, 2, 1, 0, 2, 1, 1, 1, 2, 1, 1, 3, 0, 1, 0, 1, 1, 4, 1, 4, 3, 2, 2, 0, 4, 1, 1, 4, 0, 1, 2, 2, 4, 4, 1, 1, 0, 2, 3, 1, 2, 1, 2, 1, 1, 2, 0, 3, 0, 2, 2, 3, 1, 0, 1, 0, 0, 1, 2, 4, 1, 3, 4, 2, 2, 4, 3, 3, 3, 1, 0, 4, 3, 4, 3, 2, 2, 2, 2, 3, 4, 2, 2, 1, 1, 4, 3, 4, 4, 4]|[0, 2, 0, 1, 3, 0, 1, 3, 0, 0, 2, 0, 1, 0, 1, 0, 0, 0, 1, 0, 0, 2, 0, 0, 1, 0, 0, 3, 0, 1, 0, 2, 0, 0, 3, 0, 1, 3, 1, 0, 0, 1, 1, 3, 0, 0, 1, 0, 2, 0, 0, 0, 0, 0, 1, 0, 0, 0, 1, 1, 0, 2, 0, 0, 0, 1, 0, 0, 0, 2, 0, 0, 1, 0, 0, 2, 0, 0, 3, 0, 0, 1, 0, 3, 0, 0, 0, 0, 0, 0, 2, 0, 1, 0, 1, 3, 0, 2, 1, 2],868.7652750258076,52617.21491009273,114898.79054863131,false
8,G3_TWC,G3_TWC,[31, 22, 82, 15, 26, 9, 95, 42, 77, 12, 47, 5, 93, 78, 86, 54, 85, 63, 18, 44, 20, 35, 43, 97, 91, 76, 10, 30, 21, 45, 71, 64, 1, 23, 17, 83, 24, 14, 60, 36, 6, 57, 40, 88, 65, 56, 79, 94, 67, 68, 46, 75, 38, 58, 19, 32, 81, 41, 27, 62, 87, 90, 99, 59, 11, 16, 72, 73, 69, 28, 37, 84, 3, 92, 25, 55, 39, 29, 51, 7, 33, 61, 98, 48, 89, 50, 66, 96, 80, 53, 8, 4, 34, 2, 52, 49, 0, 70, 74, 13]|[1, 1, 0, 1, 1, 0, 1, 2, 2, 1, 2, 2, 2, 1, 1, 0, 0, 1, 0, 2, 2, 0, 1, 2, 0, 1, 2, 2, 0, 0, 1, 2, 1, 2, 1, 0, 2, 0, 1, 1, 0, 1, 1, 1, 0, 2, 1, 1, 0, 0, 0, 0, 1, 1, 2, 1, 2, 1, 0, 0, 2, 1, 0, 1, 2, 1, 2, 1, 1, 0, 0, 1, 1, 0, 1, 1, 1, 0, 0, 1, 0, 1, 0, 0, 1, 0, 2, 0, 0, 0, 0, 0, 2, 0, 1, 0, 0, 1, 2, 0]|[4, 3, 2, 2, 4, 1, 2, 2, 2, 4, 1, 1, 2, 4, 4, 1, 2, 4, 2, 1, 1, 1, 1, 2, 1, 2, 1, 1, 1, 1, 3, 2, 3, 0, 4, 0, 1, 1, 0, 3, 2, 2, 2, 0, 1, 1, 0, 4, 0, 1, 2, 2, 1, 0, 0, 3, 2, 4, 1, 2, 2, 3, 1, 1, 1, 3, 0, 4, 3, 2, 1, 1, 1, 0, 4, 4, 1, 1, 1, 1, 2, 3, 1, 1, 1, 1, 1, 1, 1, 2, 1, 2, 1, 2, 1, 1, 2, 4, 1, 2]|[0, 2, 1, 1, 3, 0, 1, 0, 0, 0, 0, 0, 1, 0, 1, 0, 0, 3, 1, 0, 0, 0, 3, 1, 0, 2, 0, 0, 0, 1, 0, 0, 0, 0, 3, 0, 1, 0, 0, 2, 1, 1, 1, 0, 0, 0, 0, 2, 1, 0, 0, 0, 1, 3, 0, 0, 1, 2, 0, 1, 0, 2, 0, 1, 0, 2, 1, 0, 0, 1, 0, 3, 1, 1, 3, 3, 1, 0, 0, 2, 1, 0, 0, 0, 1, 0, 0, 0, 0, 1, 0, 1, 0, 0, 1, 1, 0, 2, 0, 0],847.0427978319374,57913.11646638373,93531.36983571656,false
8,G1_CMAX,G3_TWC,[31, 22, 51, 15, 26, 9, 95, 42, 77, 12, 47, 5, 93, 78, 86, 54, 85, 63, 18, 44, 20, 35, 43, 97, 91, 76, 10, 30, 21, 45, 71, 64, 1, 23, 17, 83, 24, 14, 60, 36, 6, 57, 40, 88, 65, 56, 79, 94, 67, 68, 46, 75, 38, 58, 19, 32, 81, 41, 27, 62, 87, 90, 99, 59, 11, 16, 72, 73, 70, 39, 37, 84, 3, 92, 25, 55, 28, 29, 82, 7, 66, 61, 98, 33, 89, 50, 48, 96, 80, 53, 8, 4, 34, 2, 52, 49, 0, 69, 74, 13]|[1, 1, 0, 1, 1, 0, 1, 2, 2, 1, 2, 2, 2, 1, 1, 0, 0, 1, 0, 2, 2, 0, 1, 2, 0, 1, 2, 2, 0, 0, 1, 2, 1, 2, 1, 0, 2, 0, 1, 1, 0, 1, 1, 1, 0, 2, 1, 1, 0, 0, 0, 0, 1, 1, 2, 1, 2, 1, 0, 0, 2, 1, 0, 1, 2, 1, 2, 1, 1, 1, 1, 1, 1, 0, 1, 1, 0, 0, 0, 1, 2, 1, 0, 0, 1, 0, 0, 0, 0, 0, 1, 1, 2, 0, 1, 0, 0, 1, 2, 0]|[4, 3, 2, 2, 4, 1, 2, 2, 2, 4, 1, 1, 2, 4, 4, 1, 2, 4, 2, 1, 1, 1, 1, 2, 1, 2, 1, 1, 1, 1, 3, 2, 3, 0, 4, 0, 1, 1, 0, 3, 2, 2, 2, 0, 1, 1, 0, 4, 0, 1, 2, 2, 1, 0, 0, 3, 2, 4, 1, 2, 2, 3, 1, 1, 1, 3, 0, 4, 3, 1, 4, 1, 1, 0, 4, 4, 2, 1, 1, 1, 1, 3, 1, 2, 1, 1, 1, 1, 1, 2, 3, 4, 1, 2, 1, 1, 2, 4, 1, 2]|[0, 2, 1, 1, 3, 0, 1, 0, 0, 0, 0, 0, 1, 0, 1, 0, 0, 3, 1, 0, 0, 0, 3, 1, 0, 2, 0, 0, 0, 1, 0, 0, 0, 0, 3, 0, 1, 0, 0, 2, 1, 1, 1, 0, 0, 0, 0, 2, 1, 0, 0, 0, 1, 3, 0, 0, 1, 2, 0, 1, 0, 2, 0, 1, 0, 2, 1, 0, 0, 1, 1, 3, 1, 1, 3, 3, 1, 0, 0, 2, 0, 0, 0, 1, 1, 0, 0, 0, 0, 1, 2, 0, 0, 0, 1, 1, 0, 2, 0, 0],827.9045949972788,57441.64415044191,94850.6619188624,true
8,G4_BALANCED,G2_TEC,[31, 22, 82, 15, 26, 9, 95, 42, 77, 68, 47, 5, 93, 78, 86, 54, 85, 63, 18, 44, 20, 49, 36, 14, 74, 50, 53, 17, 21, 45, 71, 64, 3, 23, 30, 83, 24, 41, 60, 52, 65, 27, 90, 70, 39, 87, 48, 69, 99, 4, 46, 1, 38, 58, 97, 59, 28, 8, 73, 37, 35, 79, 11, 66, 72, 32, 40, 80, 96, 6, 16, 61, 33, 98, 57, 34, 12, 67, 10, 7, 56, 88, 29, 19, 91, 13, 75, 92, 51, 62, 43, 55, 84, 2, 81, 25, 0, 94, 89, 76]|[2, 1, 2, 1, 1, 2, 1, 1, 1, 1, 1, 0, 2, 2, 1, 2, 0, 0, 0, 2, 2, 1, 0, 2, 0, 2, 2, 1, 0, 1, 1, 1, 0, 0, 1, 0, 2, 1, 2, 2, 0, 1, 1, 1, 0, 2, 0, 2, 1, 0, 0, 2, 2, 0, 2, 0, 2, 1, 0, 0, 2, 1, 0, 2, 1, 0, 2, 2, 0, 1, 2, 1, 1, 0, 0, 1, 1, 1, 1, 2, 2, 1, 1, 1, 1, 0, 0, 0, 0, 1, 1, 0, 0, 2, 1, 1, 0, 1, 1, 2]|[0, 3, 0, 2, 4, 1, 4, 4, 2, 4, 3, 2, 1, 0, 2, 1, 1, 1, 2, 1, 1, 3, 0, 1, 0, 1, 1, 4, 1, 4, 3, 2, 2, 0, 4, 1, 1, 4, 0, 1, 2, 2, 4, 4, 1, 1, 0, 2, 3, 1, 2, 1, 2, 1, 1, 2, 0, 3, 0, 2, 2, 3, 1, 0, 4, 2, 0, 1, 2, 4, 1, 3, 4, 2, 0, 4, 3, 3, 3, 1, 0, 4, 3, 4, 3, 2, 2, 2, 2, 3, 4, 2, 2, 1, 1, 4, 2, 4, 4, 1]|[0, 2, 0, 1, 3, 0, 1, 3, 0, 0, 2, 0, 1, 0, 1, 0, 0, 0, 1, 0, 0, 2, 0, 0, 1, 0, 0, 3, 0, 1, 0, 2, 0, 0, 3, 0, 1, 3, 1, 0, 0, 1, 1, 3, 0, 0, 1, 0, 2, 0, 0, 0, 0, 0, 1, 0, 0, 0, 1, 1, 0, 2, 0, 0, 2, 0, 0, 0, 0, 2, 0, 0, 1, 0, 1, 2, 0, 0, 3, 0, 0, 1, 0, 3, 0, 0, 0, 0, 0, 0, 2, 0, 1, 0, 1, 3, 0, 2, 1, 0],890.6499551041147,52584.2988093176,114914.976853233,true
8,G2_TEC,G2_TEC,[31, 22, 82, 15, 26, 9, 95, 42, 77, 68, 47, 5, 93, 78, 86, 54, 85, 63, 18, 44, 20, 49, 36, 14, 74, 50, 53, 17, 21, 45, 71, 64, 3, 23, 30, 83, 24, 41, 60, 52, 65, 27, 90, 70, 39, 87, 48, 69, 99, 4, 46, 1, 38, 58, 97, 59, 28, 8, 73, 37, 35, 79, 11, 66, 76, 57, 40, 80, 96, 6, 16, 61, 33, 98, 32, 34, 62, 67, 10, 7, 56, 88, 51, 19, 91, 13, 75, 92, 0, 12, 43, 55, 84, 2, 81, 25, 29, 94, 89, 72]|[2, 1, 2, 1, 1, 2, 1, 1, 1, 1, 1, 0, 2, 2, 1, 2, 0, 0, 0, 2, 2, 1, 0, 2, 0, 2, 2, 1, 0, 1, 1, 1, 0, 0, 1, 0, 2, 1, 2, 2, 0, 1, 1, 1, 0, 2, 0, 2, 1, 0, 0, 2, 2, 0, 2, 0, 2, 1, 0, 0, 2, 1, 0, 2, 2, 0, 2, 2, 0, 1, 2, 1, 1, 0, 0, 1, 1, 1, 1, 2, 2, 1, 1, 1, 1, 0, 0, 0, 0, 1, 1, 0, 0, 2, 1, 1, 1, 1, 1, 1]|[0, 3, 0, 2, 4, 1, 4, 4, 2, 4, 3, 2, 1, 0, 2, 1, 1, 1, 2, 1, 1, 3, 0, 1, 0, 1, 1, 4, 1, 4, 3, 2, 2, 0, 4, 1, 1, 4, 0, 1, 2, 2, 4, 4, 1, 1, 0, 2, 3, 1, 2, 1, 2, 1, 1, 2, 0, 3, 0, 2, 2, 3, 1, 0, 1, 0, 0, 1, 2, 4, 1, 3, 4, 2, 2, 4, 3, 3, 3, 1, 0, 4, 3, 4, 3, 2, 2, 2, 2, 3, 4, 2, 2, 1, 1, 4, 3, 4, 4, 4]|[0, 2, 0, 1, 3, 0, 1, 3, 0, 0, 2, 0, 1, 0, 1, 0, 0, 0, 1, 0, 0, 2, 0, 0, 1, 0, 0, 3, 0, 1, 0, 2, 0, 0, 3, 0, 1, 3, 1, 0, 0, 1, 1, 3, 0, 0, 1, 0, 2, 0, 0, 0, 0, 0, 1, 0, 0, 0, 1, 1, 0, 2, 0, 0, 0, 1, 0, 0, 0, 2, 0, 0, 1, 0, 0, 2, 0, 0, 3, 0, 0, 1, 0, 3, 0, 0, 0, 0, 0, 0, 2, 0, 1, 0, 1, 3, 0, 2, 1, 2],868.7652750258076,52617.21491009273,114898.79054863131,false
8,G3_TWC,G3_TWC,[31, 22, 82, 15, 26, 9, 95, 42, 77, 12, 47, 5, 93, 78, 86, 54, 85, 63, 18, 44, 20, 35, 43, 97, 91, 76, 10, 30, 21, 45, 71, 64, 1, 23, 17, 83, 24, 14, 60, 36, 6, 57, 40, 88, 65, 56, 79, 94, 67, 68, 46, 75, 38, 58, 19, 32, 81, 41, 27, 62, 87, 90, 99, 59, 11, 16, 72, 73, 69, 28, 37, 84, 3, 92, 25, 55, 39, 29, 51, 7, 33, 61, 98, 48, 89, 50, 66, 96, 80, 53, 8, 4, 34, 2, 52, 49, 0, 70, 74, 13]|[1, 1, 0, 1, 1, 0, 1, 2, 2, 1, 2, 2, 2, 1, 1, 0, 0, 1, 0, 2, 2, 0, 1, 2, 0, 1, 2, 2, 0, 0, 1, 2, 1, 2, 1, 0, 2, 0, 1, 1, 0, 1, 1, 1, 0, 2, 1, 1, 0, 0, 0, 0, 1, 1, 2, 1, 2, 1, 0, 0, 2, 1, 0, 1, 2, 1, 2, 1, 1, 0, 0, 1, 1, 0, 1, 1, 1, 0, 0, 1, 0, 1, 0, 0, 1, 0, 2, 0, 0, 0, 0, 0, 2, 0, 1, 0, 0, 1, 2, 0]|[4, 3, 2, 2, 4, 1, 2, 2, 2, 4, 1, 1, 2, 4, 4, 1, 2, 4, 2, 1, 1, 1, 1, 2, 1, 2, 1, 1, 1, 1, 3, 2, 3, 0, 4, 0, 1, 1, 0, 3, 2, 2, 2, 0, 1, 1, 0, 4, 0, 1, 2, 2, 1, 0, 0, 3, 2, 4, 1, 2, 2, 3, 1, 1, 1, 3, 0, 4, 3, 2, 1, 1, 1, 0, 4, 4, 1, 1, 1, 1, 2, 3, 1, 1, 1, 1, 1, 1, 1, 2, 1, 2, 1, 2, 1, 1, 2, 4, 1, 2]|[0, 2, 1, 1, 3, 0, 1, 0, 0, 0, 0, 0, 1, 0, 1, 0, 0, 3, 1, 0, 0, 0, 3, 1, 0, 2, 0, 0, 0, 1, 0, 0, 0, 0, 3, 0, 1, 0, 0, 2, 1, 1, 1, 0, 0, 0, 0, 2, 1, 0, 0, 0, 1, 3, 0, 0, 1, 2, 0, 1, 0, 2, 0, 1, 0, 2, 1, 0, 0, 1, 0, 3, 1, 1, 3, 3, 1, 0, 0, 2, 1, 0, 0, 0, 1, 0, 0, 0, 0, 1, 0, 1, 0, 0, 1, 1, 0, 2, 0, 0],847.0427978319374,57913.11646638373,93531.36983571656,false
8,G1_CMAX,G3_TWC,[31, 22, 51, 15, 26, 9, 95, 42, 77, 12, 47, 5, 93, 78, 86, 54, 85, 63, 18, 44, 20, 35, 43, 97, 91, 76, 10, 30, 21, 45, 71, 64, 1, 23, 17, 83, 24, 14, 60, 36, 6, 57, 40, 88, 65, 56, 79, 94, 67, 68, 46, 75, 38, 58, 19, 32, 81, 41, 27, 62, 87, 90, 99, 59, 11, 16, 72, 73, 70, 39, 37, 84, 3, 92, 25, 55, 28, 29, 82, 7, 66, 61, 98, 33, 89, 50, 48, 96, 80, 53, 8, 4, 34, 2, 52, 49, 0, 69, 74, 13]|[1, 1, 0, 1, 1, 0, 1, 2, 2, 1, 2, 2, 2, 1, 1, 0, 0, 1, 0, 2, 2, 0, 1, 2, 0, 1, 2, 2, 0, 0, 1, 2, 1, 2, 1, 0, 2, 0, 1, 1, 0, 1, 1, 1, 0, 2, 1, 1, 0, 0, 0, 0, 1, 1, 2, 1, 2, 1, 0, 0, 2, 1, 0, 1, 2, 1, 2, 1, 1, 1, 1, 1, 1, 0, 1, 1, 0, 0, 0, 1, 2, 1, 0, 0, 1, 0, 0, 0, 0, 0, 1, 1, 2, 0, 1, 0, 0, 1, 2, 0]|[4, 3, 2, 2, 4, 1, 2, 2, 2, 4, 1, 1, 2, 4, 4, 1, 2, 4, 2, 1, 1, 1, 1, 2, 1, 2, 1, 1, 1, 1, 3, 2, 3, 0, 4, 0, 1, 1, 0, 3, 2, 2, 2, 0, 1, 1, 0, 4, 0, 1, 2, 2, 1, 0, 0, 3, 2, 4, 1, 2, 2, 3, 1, 1, 1, 3, 0, 4, 3, 1, 4, 1, 1, 0, 4, 4, 2, 1, 1, 1, 1, 3, 1, 2, 1, 1, 1, 1, 1, 2, 3, 4, 1, 2, 1, 1, 2, 4, 1, 2]|[0, 2, 1, 1, 3, 0, 1, 0, 0, 0, 0, 0, 1, 0, 1, 0, 0, 3, 1, 0, 0, 0, 3, 1, 0, 2, 0, 0, 0, 1, 0, 0, 0, 0, 3, 0, 1, 0, 0, 2, 1, 1, 1, 0, 0, 0, 0, 2, 1, 0, 0, 0, 1, 3, 0, 0, 1, 2, 0, 1, 0, 2, 0, 1, 0, 2, 1, 0, 0, 1, 1, 3, 1, 1, 3, 3, 1, 0, 0, 2, 0, 0, 0, 1, 1, 0, 0, 0, 0, 1, 2, 0, 0, 0, 1, 1, 0, 2, 0, 0],827.9045949972788,57441.64415044191,94850.6619188624,true
8,G4_BALANCED,G2_TEC,[31, 22, 82, 15, 26, 9, 95, 42, 77, 68, 47, 5, 93, 78, 86, 54, 85, 63, 18, 44, 20, 49, 36, 14, 74, 50, 53, 17, 21, 45, 71, 64, 3, 23, 30, 83, 24, 41, 60, 52, 65, 27, 90, 70, 39, 87, 48, 69, 99, 4, 46, 1, 38, 58, 97, 59, 28, 8, 73, 37, 35, 79, 11, 66, 76, 57, 40, 80, 96, 6, 16, 61, 33, 98, 32, 34, 62, 67, 10, 7, 56, 88, 51, 19, 91, 13, 75, 92, 0, 12, 43, 55, 2, 29, 81, 25, 84, 94, 89, 72]|[2, 1, 2, 1, 1, 2, 1, 1, 1, 1, 1, 0, 2, 2, 1, 2, 0, 0, 0, 2, 2, 1, 0, 2, 0, 2, 2, 1, 0, 1, 1, 1, 0, 0, 2, 0, 2, 1, 2, 2, 0, 0, 1, 1, 0, 2, 0, 2, 1, 0, 0, 2, 2, 0, 2, 0, 2, 1, 0, 0, 2, 1, 0, 2, 2, 0, 2, 2, 0, 1, 2, 1, 1, 0, 0, 1, 1, 1, 1, 2, 2, 1, 1, 1, 1, 0, 0, 0, 0, 1, 1, 0, 2, 1, 1, 1, 0, 1, 1, 1]|[0, 3, 0, 2, 4, 1, 4, 4, 2, 4, 3, 2, 1, 0, 2, 1, 1, 1, 2, 1, 1, 3, 0, 1, 0, 1, 1, 4, 1, 4, 3, 2, 2, 0, 1, 1, 1, 4, 0, 1, 2, 1, 4, 4, 1, 1, 0, 2, 3, 1, 2, 1, 2, 1, 1, 2, 0, 3, 0, 2, 2, 3, 1, 0, 1, 0, 0, 1, 2, 4, 1, 3, 4, 2, 2, 4, 3, 3, 3, 1, 0, 4, 3, 4, 1, 2, 2, 2, 2, 3, 4, 2, 1, 3, 1, 4, 2, 4, 4, 4]|[0, 2, 0, 1, 3, 0, 1, 3, 0, 0, 2, 0, 1, 0, 1, 0, 0, 0, 1, 0, 0, 2, 0, 0, 1, 0, 0, 3, 0, 1, 0, 2, 0, 0, 0, 0, 1, 3, 1, 0, 0, 0, 1, 3, 0, 0, 1, 0, 2, 0, 0, 0, 0, 0, 1, 0, 0, 0, 1, 1, 0, 2, 0, 0, 0, 1, 0, 0, 0, 2, 0, 0, 1, 0, 0, 2, 0, 0, 3, 0, 0, 1, 0, 3, 1, 0, 0, 0, 0, 0, 2, 0, 0, 0, 1, 3, 0, 2, 1, 2],886.047246629762,52556.00211619217,113269.31070824045,true
8,G2_TEC,G2_TEC,[31, 22, 82, 15, 26, 9, 95, 42, 77, 68, 47, 5, 93, 78, 86, 54, 85, 63, 18, 44, 20, 49, 36, 14, 74, 50, 53, 17, 21, 45, 71, 64, 3, 23, 30, 83, 24, 41, 60, 52, 65, 27, 90, 70, 39, 87, 48, 69, 99, 4, 46, 1, 38, 58, 97, 59, 28, 8, 73, 37, 35, 79, 11, 66, 76, 57, 40, 80, 96, 6, 16, 61, 33, 98, 32, 34, 62, 67, 10, 7, 56, 88, 51, 19, 91, 13, 75, 92, 0, 12, 43, 55, 84, 2, 81, 25, 29, 94, 89, 72]|[2, 1, 2, 1, 1, 2, 1, 1, 1, 1, 1, 0, 2, 2, 1, 2, 0, 0, 0, 2, 2, 1, 0, 2, 0, 2, 2, 1, 0, 1, 1, 1, 0, 0, 1, 0, 2, 1, 2, 2, 0, 1, 1, 1, 0, 2, 0, 2, 1, 0, 0, 2, 2, 0, 2, 0, 2, 1, 0, 0, 2, 1, 0, 2, 2, 0, 2, 2, 0, 1, 2, 1, 1, 0, 0, 1, 1, 1, 1, 2, 2, 1, 1, 1, 1, 0, 0, 0, 0, 1, 1, 0, 0, 2, 1, 1, 1, 1, 1, 1]|[0, 3, 0, 2, 4, 1, 4, 4, 2, 4, 3, 2, 1, 0, 2, 1, 1, 1, 2, 1, 1, 3, 0, 1, 0, 1, 1, 4, 1, 4, 3, 2, 2, 0, 4, 1, 1, 4, 0, 1, 2, 2, 4, 4, 1, 1, 0, 2, 3, 1, 2, 1, 2, 1, 1, 2, 0, 3, 0, 2, 2, 3, 1, 0, 1, 0, 0, 1, 2, 4, 1, 3, 4, 2, 2, 4, 3, 3, 3, 1, 0, 4, 3, 4, 3, 2, 2, 2, 2, 3, 4, 2, 2, 1, 1, 4, 3, 4, 4, 4]|[0, 2, 0, 1, 3, 0, 1, 3, 0, 0, 2, 0, 1, 0, 1, 0, 0, 0, 1, 0, 0, 2, 0, 0, 1, 0, 0, 3, 0, 1, 0, 2, 0, 0, 3, 0, 1, 3, 1, 0, 0, 1, 1, 3, 0, 0, 1, 0, 2, 0, 0, 0, 0, 0, 1, 0, 0, 0, 1, 1, 0, 2, 0, 0, 0, 1, 0, 0, 0, 2, 0, 0, 1, 0, 0, 2, 0, 0, 3, 0, 0, 1, 0, 3, 0, 0, 0, 0, 0, 0, 2, 0, 1, 0, 1, 3, 0, 2, 1, 2],868.7652750258076,52617.21491009273,114898.79054863131,false
8,G3_TWC,G3_TWC,[31, 22, 82, 15, 26, 9, 95, 42, 77, 12, 47, 5, 93, 78, 86, 54, 85, 63, 18, 44, 20, 35, 43, 97, 91, 76, 10, 30, 21, 45, 71, 64, 1, 23, 17, 83, 24, 14, 60, 36, 6, 57, 40, 88, 65, 56, 79, 94, 67, 68, 46, 75, 38, 58, 19, 32, 81, 41, 27, 62, 87, 90, 99, 59, 11, 16, 72, 73, 69, 28, 37, 84, 3, 92, 25, 55, 39, 29, 51, 7, 33, 61, 98, 48, 89, 50, 66, 96, 80, 53, 8, 4, 34, 2, 52, 49, 0, 70, 74, 13]|[1, 1, 0, 1, 1, 0, 1, 2, 2, 1, 2, 2, 2, 1, 1, 0, 0, 1, 0, 2, 2, 0, 1, 2, 0, 1, 2, 2, 0, 0, 1, 2, 1, 2, 1, 0, 2, 0, 1, 1, 0, 1, 1, 1, 0, 2, 1, 1, 0, 0, 0, 0, 1, 1, 2, 1, 2, 1, 0, 0, 2, 1, 0, 1, 2, 1, 2, 1, 1, 0, 0, 1, 1, 0, 1, 1, 1, 0, 0, 1, 0, 1, 0, 0, 1, 0, 2, 0, 0, 0, 0, 0, 2, 0, 1, 0, 0, 1, 2, 0]|[4, 3, 2, 2, 4, 1, 2, 2, 2, 4, 1, 1, 2, 4, 4, 1, 2, 4, 2, 1, 1, 1, 1, 2, 1, 2, 1, 1, 1, 1, 3, 2, 3, 0, 4, 0, 1, 1, 0, 3, 2, 2, 2, 0, 1, 1, 0, 4, 0, 1, 2, 2, 1, 0, 0, 3, 2, 4, 1, 2, 2, 3, 1, 1, 1, 3, 0, 4, 3, 2, 1, 1, 1, 0, 4, 4, 1, 1, 1, 1, 2, 3, 1, 1, 1, 1, 1, 1, 1, 2, 1, 2, 1, 2, 1, 1, 2, 4, 1, 2]|[0, 2, 1, 1, 3, 0, 1, 0, 0, 0, 0, 0, 1, 0, 1, 0, 0, 3, 1, 0, 0, 0, 3, 1, 0, 2, 0, 0, 0, 1, 0, 0, 0, 0, 3, 0, 1, 0, 0, 2, 1, 1, 1, 0, 0, 0, 0, 2, 1, 0, 0, 0, 1, 3, 0, 0, 1, 2, 0, 1, 0, 2, 0, 1, 0, 2, 1, 0, 0, 1, 0, 3, 1, 1, 3, 3, 1, 0, 0, 2, 1, 0, 0, 0, 1, 0, 0, 0, 0, 1, 0, 1, 0, 0, 1, 1, 0, 2, 0, 0],847.0427978319374,57913.11646638373,93531.36983571656,false
8,G1_CMAX,G3_TWC,[31, 22, 51, 15, 26, 9, 95, 42, 77, 12, 47, 5, 93, 78, 86, 54, 85, 63, 18, 44, 20, 35, 43, 97, 91, 76, 10, 30, 21, 45, 71, 64, 1, 23, 17, 83, 24, 14, 60, 36, 6, 57, 40, 88, 65, 56, 79, 94, 67, 68, 46, 75, 38, 58, 19, 32, 81, 41, 27, 62, 87, 90, 99, 59, 11, 16, 72, 73, 70, 39, 37, 84, 3, 92, 25, 55, 28, 29, 82, 7, 66, 61, 98, 33, 89, 50, 48, 96, 80, 53, 8, 4, 34, 2, 52, 49, 0, 69, 74, 13]|[1, 1, 0, 1, 1, 0, 1, 2, 2, 1, 2, 2, 2, 1, 1, 0, 0, 1, 0, 2, 2, 0, 1, 2, 0, 1, 2, 2, 0, 0, 1, 2, 1, 2, 1, 0, 2, 0, 1, 1, 0, 1, 1, 1, 0, 2, 1, 1, 0, 0, 0, 0, 1, 1, 2, 1, 2, 1, 0, 0, 2, 1, 0, 1, 2, 1, 2, 1, 1, 1, 1, 1, 1, 0, 1, 1, 0, 0, 0, 1, 2, 1, 0, 0, 1, 0, 0, 0, 0, 0, 1, 1, 2, 0, 1, 0, 0, 1, 2, 0]|[4, 3, 2, 2, 4, 1, 2, 2, 2, 4, 1, 1, 2, 4, 4, 1, 2, 4, 2, 1, 1, 1, 1, 2, 1, 2, 1, 1, 1, 1, 3, 2, 3, 0, 4, 0, 1, 1, 0, 3, 2, 2, 2, 0, 1, 1, 0, 4, 0, 1, 2, 2, 1, 0, 0, 3, 2, 4, 1, 2, 2, 3, 1, 1, 1, 3, 0, 4, 3, 1, 4, 1, 1, 0, 4, 4, 2, 1, 1, 1, 1, 3, 1, 2, 1, 1, 1, 1, 1, 2, 3, 4, 1, 2, 1, 1, 2, 4, 1, 2]|[0, 2, 1, 1, 3, 0, 1, 0, 0, 0, 0, 0, 1, 0, 1, 0, 0, 3, 1, 0, 0, 0, 3, 1, 0, 2, 0, 0, 0, 1, 0, 0, 0, 0, 3, 0, 1, 0, 0, 2, 1, 1, 1, 0, 0, 0, 0, 2, 1, 0, 0, 0, 1, 3, 0, 0, 1, 2, 0, 1, 0, 2, 0, 1, 0, 2, 1, 0, 0, 1, 1, 3, 1, 1, 3, 3, 1, 0, 0, 2, 0, 0, 0, 1, 1, 0, 0, 0, 0, 1, 2, 0, 0, 0, 1, 1, 0, 2, 0, 0],827.9045949972788,57441.64415044191,94850.6619188624,true
8,G4_BALANCED,G4_BALANCED,[31, 22, 82, 15, 26, 9, 95, 42, 77, 12, 47, 5, 93, 78, 86, 54, 85, 63, 18, 44, 20, 35, 43, 97, 91, 76, 10, 30, 21, 45, 71, 64, 1, 23, 17, 83, 24, 14, 60, 36, 6, 57, 40, 88, 65, 56, 79, 69, 67, 68, 46, 75, 38, 58, 19, 32, 81, 48, 27, 62, 87, 90, 99, 59, 11, 16, 72, 73, 61, 39, 37, 84, 3, 92, 25, 55, 28, 29, 51, 7, 66, 70, 98, 41, 89, 50, 96, 8, 80, 53, 33, 4, 2, 34, 52, 49, 0, 94, 74, 13]|[1, 1, 0, 1, 1, 0, 1, 2, 2, 1, 2, 2, 2, 1, 1, 0, 0, 1, 0, 2, 2, 0, 1, 2, 0, 1, 2, 2, 0, 0, 1, 2, 1, 2, 1, 0, 2, 0, 1, 1, 0, 1, 1, 1, 0, 2, 1, 2, 0, 0, 0, 0, 1, 1, 2, 1, 2, 1, 0, 0, 2, 1, 0, 1, 2, 1, 2, 1, 1, 1, 1, 1, 1, 0, 1, 1, 0, 0, 0, 1, 2, 1, 2, 0, 1, 0, 0, 1, 0, 0, 2, 1, 0, 2, 1, 0, 0, 1, 2, 0]|[4, 3, 2, 2, 4, 1, 2, 2, 2, 4, 1, 1, 2, 4, 4, 1, 2, 4, 2, 1, 1, 1, 1, 2, 1, 2, 1, 1, 1, 1, 3, 2, 3, 0, 4, 0, 1, 1, 0, 3, 2, 2, 2, 0, 1, 1, 0, 2, 0, 1, 2, 2, 1, 4, 0, 3, 2, 4, 1, 2, 2, 3, 1, 1, 1, 3, 0, 4, 3, 1, 4, 1, 1, 0, 4, 4, 2, 1, 1, 1, 0, 3, 1, 1, 1, 1, 1, 3, 1, 2, 1, 4, 2, 1, 1, 1, 2, 4, 1, 2]|[0, 2, 1, 1, 3, 0, 1, 0, 0, 0, 0, 0, 1, 0, 1, 0, 0, 3, 1, 0, 0, 0, 3, 1, 0, 2, 0, 0, 0, 1, 0, 0, 0, 0, 3, 0, 1, 0, 0, 2, 1, 1, 1, 0, 0, 0, 0, 0, 1, 0, 0, 0, 1, 3, 0, 0, 1, 2, 0, 1, 0, 2, 0, 1, 0, 2, 1, 0, 0, 1, 1, 3, 1, 1, 3, 3, 1, 0, 0, 2, 0, 0, 0, 0, 1, 0, 0, 2, 0, 1, 0, 0, 0, 0, 1, 1, 0, 2, 0, 0],776.2269886506458,56886.305867047966,99222.37921866801,false
8,G2_TEC,G2_TEC,[31, 22, 82, 15, 26, 9, 95, 42, 77, 68, 47, 5, 93, 78, 86, 54, 85, 63, 18, 44, 20, 49, 36, 14, 74, 50, 53, 17, 21, 45, 71, 64, 3, 23, 30, 83, 24, 41, 60, 52, 65, 27, 90, 70, 39, 87, 48, 69, 99, 4, 46, 1, 38, 58, 97, 59, 28, 8, 73, 37, 35, 79, 11, 66, 76, 57, 40, 80, 96, 6, 16, 61, 33, 98, 32, 34, 62, 67, 10, 7, 56, 88, 51, 19, 91, 13, 75, 92, 0, 12, 43, 55, 84, 2, 81, 25, 29, 94, 89, 72]|[2, 1, 2, 1, 1, 2, 1, 1, 1, 1, 1, 0, 2, 2, 1, 2, 0, 0, 0, 2, 2, 1, 0, 2, 0, 2, 2, 1, 0, 1, 1, 1, 0, 0, 1, 0, 2, 1, 2, 2, 0, 1, 1, 1, 0, 2, 0, 2, 1, 0, 0, 2, 2, 0, 2, 0, 2, 1, 0, 0, 2, 1, 0, 2, 2, 0, 2, 2, 0, 1, 2, 1, 1, 0, 0, 1, 1, 1, 1, 2, 2, 1, 1, 1, 1, 0, 0, 0, 0, 1, 1, 0, 0, 2, 1, 1, 1, 1, 1, 1]|[0, 3, 0, 2, 4, 1, 4, 4, 2, 4, 3, 2, 1, 0, 2, 1, 1, 1, 2, 1, 1, 3, 0, 1, 0, 1, 1, 4, 1, 4, 3, 2, 2, 0, 4, 1, 1, 4, 0, 1, 2, 2, 4, 4, 1, 1, 0, 2, 3, 1, 2, 1, 2, 1, 1, 2, 0, 3, 0, 2, 2, 3, 1, 0, 1, 0, 0, 1, 2, 4, 1, 3, 4, 2, 2, 4, 3, 3, 3, 1, 0, 4, 3, 4, 3, 2, 2, 2, 2, 3, 4, 2, 2, 1, 1, 4, 3, 4, 4, 4]|[0, 2, 0, 1, 3, 0, 1, 3, 0, 0, 2, 0, 1, 0, 1, 0, 0, 0, 1, 0, 0, 2, 0, 0, 1, 0, 0, 3, 0, 1, 0, 2, 0, 0, 3, 0, 1, 3, 1, 0, 0, 1, 1, 3, 0, 0, 1, 0, 2, 0, 0, 0, 0, 0, 1, 0, 0, 0, 1, 1, 0, 2, 0, 0, 0, 1, 0, 0, 0, 2, 0, 0, 1, 0, 0, 2, 0, 0, 3, 0, 0, 1, 0, 3, 0, 0, 0, 0, 0, 0, 2, 0, 1, 0, 1, 3, 0, 2, 1, 2],868.7652750258076,52617.21491009273,114898.79054863131,false
8,G3_TWC,G4_BALANCED,[31, 22, 82, 15, 26, 9, 95, 42, 77, 12, 47, 5, 93, 78, 86, 54, 85, 63, 18, 44, 20, 35, 43, 97, 91, 76, 10, 30, 21, 45, 71, 64, 1, 23, 17, 83, 24, 14, 60, 36, 6, 57, 40, 88, 65, 56, 79, 69, 67, 68, 46, 75, 38, 58, 19, 32, 81, 48, 27, 62, 87, 90, 99, 59, 11, 16, 72, 73, 70, 39, 37, 84, 3, 92, 25, 55, 28, 29, 51, 7, 66, 61, 98, 41, 89, 50, 33, 96, 80, 53, 8, 4, 34, 2, 52, 49, 0, 94, 74, 13]|[1, 1, 0, 1, 1, 0, 1, 2, 2, 1, 2, 2, 2, 1, 1, 0, 0, 1, 0, 2, 2, 0, 1, 2, 0, 1, 2, 2, 0, 0, 1, 2, 1, 0, 1, 0, 2, 0, 1, 1, 0, 1, 1, 1, 0, 2, 1, 2, 0, 0, 0, 0, 1, 1, 2, 1, 2, 1, 0, 0, 2, 1, 0, 1, 2, 1, 2, 1, 1, 1, 1, 1, 1, 0, 1, 1, 0, 0, 0, 1, 2, 1, 2, 2, 1, 0, 0, 0, 0, 0, 1, 1, 2, 0, 2, 0, 0, 1, 2, 0]|[4, 3, 2, 2, 4, 1, 2, 2, 2, 4, 1, 1, 2, 4, 4, 1, 2, 4, 2, 1, 1, 1, 1, 2, 1, 2, 1, 1, 1, 1, 3, 2, 3, 0, 4, 0, 1, 1, 0, 3, 2, 2, 2, 0, 1, 1, 0, 2, 0, 1, 2, 2, 1, 4, 0, 3, 2, 4, 1, 2, 2, 3, 1, 1, 1, 3, 0, 4, 3, 1, 4, 1, 1, 0, 4, 4, 2, 1, 1, 1, 1, 3, 1, 1, 1, 1, 2, 1, 1, 2, 3, 4, 1, 2, 1, 1, 2, 4, 1, 2]|[0, 2, 1, 1, 3, 0, 1, 0, 0, 0, 0, 0, 1, 0, 1, 0, 0, 3, 1, 0, 0, 0, 3, 1, 0, 2, 0, 0, 0, 1, 0, 0, 0, 0, 3, 0, 1, 0, 0, 2, 1, 1, 1, 0, 0, 0, 0, 0, 1, 0, 0, 0, 1, 3, 0, 0, 1, 2, 0, 1, 0, 2, 0, 1, 0, 2, 1, 0, 0, 1, 1, 3, 1, 1, 3, 3, 1, 0, 0, 2, 0, 0, 0, 0, 1, 0, 1, 0, 0, 1, 2, 0, 0, 0, 0, 1, 0, 2, 0, 0],789.0263571580006,56321.4806859715,98465.24902504137,true
8,G1_CMAX,G3_TWC,[31, 22, 51, 15, 26, 9, 95, 42, 77, 12, 47, 5, 93, 78, 86, 54, 85, 63, 18, 44, 20, 35, 43, 97, 91, 76, 10, 30, 21, 45, 71, 64, 1, 23, 17, 83, 24, 14, 60, 36, 6, 57, 40, 88, 65, 56, 79, 94, 67, 68, 46, 75, 38, 58, 19, 32, 81, 41, 27, 62, 87, 90, 99, 59, 11, 16, 72, 73, 70, 39, 37, 84, 3, 92, 25, 55, 28, 29, 82, 7, 66, 61, 98, 33, 89, 50, 48, 96, 80, 53, 8, 4, 34, 2, 52, 49, 0, 69, 74, 13]|[1, 1, 0, 1, 1, 0, 1, 2, 2, 1, 2, 2, 2, 1, 1, 0, 0, 1, 0, 2, 2, 0, 1, 2, 0, 1, 2, 2, 0, 0, 1, 2, 1, 2, 1, 0, 2, 0, 1, 1, 0, 1, 1, 1, 0, 2, 1, 1, 0, 0, 0, 0, 1, 1, 2, 1, 2, 1, 0, 0, 2, 1, 0, 1, 2, 1, 2, 1, 1, 1, 1, 1, 1, 0, 1, 1, 0, 0, 0, 1, 2, 1, 0, 0, 1, 0, 0, 0, 0, 0, 1, 1, 2, 0, 1, 0, 0, 1, 2, 0]|[4, 3, 2, 2, 4, 1, 2, 2, 2, 4, 1, 1, 2, 4, 4, 1, 2, 4, 2, 1, 1, 1, 1, 2, 1, 2, 1, 1, 1, 1, 3, 2, 3, 0, 4, 0, 1, 1, 0, 3, 2, 2, 2, 0, 1, 1, 0, 4, 0, 1, 2, 2, 1, 0, 0, 3, 2, 4, 1, 2, 2, 3, 1, 1, 1, 3, 0, 4, 3, 1, 4, 1, 1, 0, 4, 4, 2, 1, 1, 1, 1, 3, 1, 2, 1, 1, 1, 1, 1, 2, 3, 4, 1, 2, 1, 1, 2, 4, 1, 2]|[0, 2, 1, 1, 3, 0, 1, 0, 0, 0, 0, 0, 1, 0, 1, 0, 0, 3, 1, 0, 0, 0, 3, 1, 0, 2, 0, 0, 0, 1, 0, 0, 0, 0, 3, 0, 1, 0, 0, 2, 1, 1, 1, 0, 0, 0, 0, 2, 1, 0, 0, 0, 1, 3, 0, 0, 1, 2, 0, 1, 0, 2, 0, 1, 0, 2, 1, 0, 0, 1, 1, 3, 1, 1, 3, 3, 1, 0, 0, 2, 0, 0, 0, 1, 1, 0, 0, 0, 0, 1, 2, 0, 0, 0, 1, 1, 0, 2, 0, 0],827.9045949972788,57441.64415044191,94850.6619188624,true
8,G4_BALANCED,G4_BALANCED,[31, 22, 82, 15, 26, 9, 95, 42, 77, 12, 47, 5, 93, 78, 86, 54, 85, 63, 18, 44, 20, 35, 43, 97, 91, 76, 10, 30, 21, 45, 71, 64, 1, 23, 17, 83, 24, 14, 60, 36, 6, 57, 40, 88, 65, 56, 79, 69, 67, 68, 46, 75, 38, 58, 19, 32, 81, 48, 27, 62, 87, 90, 99, 59, 11, 16, 72, 73, 61, 39, 37, 84, 3, 92, 25, 55, 28, 29, 51, 7, 66, 70, 98, 41, 89, 50, 96, 8, 80, 53, 33, 4, 2, 34, 52, 49, 0, 94, 74, 13]|[1, 1, 0, 1, 1, 0, 1, 2, 2, 1, 2, 2, 2, 1, 1, 0, 0, 1, 0, 2, 2, 0, 1, 2, 0, 1, 2, 2, 0, 0, 1, 2, 1, 2, 1, 0, 2, 0, 1, 1, 0, 1, 1, 1, 0, 2, 1, 2, 0, 0, 0, 0, 1, 1, 2, 1, 2, 1, 0, 0, 2, 1, 0, 1, 2, 1, 2, 1, 1, 1, 1, 1, 1, 0, 1, 1, 0, 0, 0, 1, 2, 1, 2, 0, 1, 0, 0, 1, 0, 0, 2, 1, 0, 2, 1, 0, 0, 1, 2, 0]|[4, 3, 2, 2, 4, 1, 2, 2, 2, 4, 1, 1, 2, 4, 4, 1, 2, 4, 2, 1, 1, 1, 1, 2, 1, 2, 1, 1, 1, 1, 3, 2, 3, 0, 4, 0, 1, 1, 0, 3, 2, 2, 2, 0, 1, 1, 0, 2, 0, 1, 2, 2, 1, 4, 0, 3, 2, 4, 1, 2, 2, 3, 1, 1, 1, 3, 0, 4, 3, 1, 4, 1, 1, 0, 4, 4, 2, 1, 1, 1, 0, 3, 1, 1, 1, 1, 1, 3, 1, 2, 1, 4, 2, 1, 1, 1, 2, 4, 1, 2]|[0, 2, 1, 1, 3, 0, 1, 0, 0, 0, 0, 0, 1, 0, 1, 0, 0, 3, 1, 0, 0, 0, 3, 1, 0, 2, 0, 0, 0, 1, 0, 0, 0, 0, 3, 0, 1, 0, 0, 2, 1, 1, 1, 0, 0, 0, 0, 0, 1, 0, 0, 0, 1, 3, 0, 0, 1, 2, 0, 1, 0, 2, 0, 1, 0, 2, 1, 0, 0, 1, 1, 3, 1, 1, 3, 3, 1, 0, 0, 2, 0, 0, 0, 0, 1, 0, 0, 2, 0, 1, 0, 0, 0, 0, 1, 1, 0, 2, 0, 0],776.2269886506458,56886.305867047966,99222.37921866801,false
8,G2_TEC,G2_TEC,[31, 22, 82, 15, 26, 9, 95, 42, 77, 68, 47, 5, 93, 78, 86, 54, 85, 63, 18, 44, 20, 49, 36, 14, 74, 50, 53, 17, 21, 45, 71, 64, 3, 23, 30, 83, 24, 41, 60, 52, 65, 27, 90, 70, 39, 87, 48, 69, 99, 4, 46, 1, 38, 58, 97, 59, 28, 8, 73, 37, 35, 79, 11, 66, 76, 57, 40, 80, 96, 6, 16, 61, 33, 98, 32, 34, 62, 67, 10, 7, 56, 88, 51, 19, 91, 13, 75, 92, 0, 12, 43, 55, 84, 2, 81, 25, 29, 94, 89, 72]|[2, 1, 2, 1, 1, 2, 1, 1, 1, 1, 1, 0, 2, 2, 1, 2, 0, 0, 0, 2, 2, 1, 0, 2, 0, 2, 2, 1, 0, 1, 1, 1, 0, 0, 1, 0, 2, 1, 2, 2, 0, 1, 1, 1, 0, 2, 0, 2, 1, 0, 0, 2, 2, 0, 2, 0, 2, 1, 0, 0, 2, 1, 0, 2, 2, 0, 2, 2, 0, 1, 2, 1, 1, 0, 0, 1, 1, 1, 1, 2, 2, 1, 1, 1, 1, 0, 0, 0, 0, 1, 1, 0, 0, 2, 1, 1, 1, 1, 1, 1]|[0, 3, 0, 2, 4, 1, 4, 4, 2, 4, 3, 2, 1, 0, 2, 1, 1, 1, 2, 1, 1, 3, 0, 1, 0, 1, 1, 4, 1, 4, 3, 2, 2, 0, 4, 1, 1, 4, 0, 1, 2, 2, 4, 4, 1, 1, 0, 2, 3, 1, 2, 1, 2, 1, 1, 2, 0, 3, 0, 2, 2, 3, 1, 0, 1, 0, 0, 1, 2, 4, 1, 3, 4, 2, 2, 4, 3, 3, 3, 1, 0, 4, 3, 4, 3, 2, 2, 2, 2, 3, 4, 2, 2, 1, 1, 4, 3, 4, 4, 4]|[0, 2, 0, 1, 3, 0, 1, 3, 0, 0, 2, 0, 1, 0, 1, 0, 0, 0, 1, 0, 0, 2, 0, 0, 1, 0, 0, 3, 0, 1, 0, 2, 0, 0, 3, 0, 1, 3, 1, 0, 0, 1, 1, 3, 0, 0, 1, 0, 2, 0, 0, 0, 0, 0, 1, 0, 0, 0, 1, 1, 0, 2, 0, 0, 0, 1, 0, 0, 0, 2, 0, 0, 1, 0, 0, 2, 0, 0, 3, 0, 0, 1, 0, 3, 0, 0, 0, 0, 0, 0, 2, 0, 1, 0, 1, 3, 0, 2, 1, 2],868.7652750258076,52617.21491009273,114898.79054863131,false
8,G3_TWC,G3_TWC,[31, 22, 82, 15, 26, 9, 95, 42, 77, 12, 47, 5, 93, 78, 86, 54, 85, 63, 18, 44, 20, 35, 43, 97, 91, 76, 10, 30, 21, 45, 71, 64, 1, 23, 17, 83, 24, 14, 60, 36, 6, 57, 40, 88, 65, 56, 79, 94, 67, 68, 46, 75, 38, 58, 19, 32, 81, 41, 27, 62, 87, 90, 99, 59, 11, 16, 72, 73, 69, 28, 37, 84, 3, 92, 25, 55, 39, 29, 51, 7, 33, 61, 98, 48, 89, 50, 66, 96, 80, 53, 8, 4, 34, 2, 52, 49, 0, 70, 74, 13]|[1, 1, 0, 1, 1, 0, 1, 2, 2, 1, 2, 2, 2, 1, 1, 0, 0, 1, 0, 2, 2, 0, 1, 2, 0, 1, 2, 2, 0, 0, 1, 2, 1, 2, 1, 0, 2, 0, 1, 1, 0, 1, 1, 1, 0, 2, 1, 1, 0, 0, 0, 0, 1, 1, 2, 1, 2, 1, 0, 0, 2, 1, 0, 1, 2, 1, 2, 1, 1, 0, 0, 1, 1, 0, 1, 1, 1, 0, 0, 1, 0, 1, 0, 0, 1, 0, 2, 0, 0, 0, 0, 0, 2, 0, 1, 0, 0, 1, 2, 0]|[4, 3, 2, 2, 4, 1, 2, 2, 2, 4, 1, 1, 2, 4, 4, 1, 2, 4, 2, 1, 1, 1, 1, 2, 1, 2, 1, 1, 1, 1, 3, 2, 3, 0, 4, 0, 1, 1, 0, 3, 2, 2, 2, 0, 1, 1, 0, 4, 0, 1, 2, 2, 1, 0, 0, 3, 2, 4, 1, 2, 2, 3, 1, 1, 1, 3, 0, 4, 3, 2, 1, 1, 1, 0, 4, 4, 1, 1, 1, 1, 2, 3, 1, 1, 1, 1, 1, 1, 1, 2, 1, 2, 1, 2, 1, 1, 2, 4, 1, 2]|[0, 2, 1, 1, 3, 0, 1, 0, 0, 0, 0, 0, 1, 0, 1, 0, 0, 3, 1, 0, 0, 0, 3, 1, 0, 2, 0, 0, 0, 1, 0, 0, 0, 0, 3, 0, 1, 0, 0, 2, 1, 1, 1, 0, 0, 0, 0, 2, 1, 0, 0, 0, 1, 3, 0, 0, 1, 2, 0, 1, 0, 2, 0, 1, 0, 2, 1, 0, 0, 1, 0, 3, 1, 1, 3, 3, 1, 0, 0, 2, 1, 0, 0, 0, 1, 0, 0, 0, 0, 1, 0, 1, 0, 0, 1, 1, 0, 2, 0, 0],847.0427978319374,57913.11646638373,93531.36983571656,false
8,G1_CMAX,G3_TWC,[31, 22, 51, 15, 26, 9, 95, 42, 77, 12, 47, 5, 93, 78, 86, 54, 85, 63, 18, 44, 20, 35, 43, 97, 91, 76, 10, 30, 21, 45, 71, 64, 1, 23, 17, 83, 24, 14, 60, 36, 6, 57, 40, 88, 65, 56, 79, 94, 67, 68, 46, 75, 38, 58, 19, 32, 81, 41, 27, 62, 87, 90, 99, 59, 11, 16, 72, 73, 70, 39, 37, 84, 3, 92, 25, 55, 28, 29, 82, 7, 66, 61, 98, 33, 89, 50, 48, 96, 80, 53, 8, 4, 34, 2, 52, 49, 0, 69, 74, 13]|[1, 1, 0, 1, 1, 0, 1, 2, 2, 1, 2, 2, 2, 1, 1, 0, 0, 1, 0, 2, 2, 0, 1, 2, 0, 1, 2, 2, 0, 0, 1, 2, 1, 2, 1, 0, 2, 0, 1, 1, 0, 1, 1, 1, 0, 2, 1, 1, 0, 0, 0, 0, 1, 1, 2, 1, 2, 1, 0, 0, 2, 1, 0, 1, 2, 1, 2, 1, 1, 1, 1, 1, 1, 0, 1, 1, 0, 0, 0, 1, 2, 1, 0, 0, 1, 0, 0, 0, 0, 0, 1, 1, 2, 0, 1, 0, 0, 1, 2, 0]|[4, 3, 2, 2, 4, 1, 2, 2, 2, 4, 1, 1, 2, 4, 4, 1, 2, 4, 2, 1, 1, 1, 1, 2, 1, 2, 1, 1, 1, 1, 3, 2, 3, 0, 4, 0, 1, 1, 0, 3, 2, 2, 2, 0, 1, 1, 0, 4, 0, 1, 2, 2, 1, 0, 0, 3, 2, 4, 1, 2, 2, 3, 1, 1, 1, 3, 0, 4, 3, 1, 4, 1, 1, 0, 4, 4, 2, 1, 1, 1, 1, 3, 1, 2, 1, 1, 1, 1, 1, 2, 3, 4, 1, 2, 1, 1, 2, 4, 1, 2]|[0, 2, 1, 1, 3, 0, 1, 0, 0, 0, 0, 0, 1, 0, 1, 0, 0, 3, 1, 0, 0, 0, 3, 1, 0, 2, 0, 0, 0, 1, 0, 0, 0, 0, 3, 0, 1, 0, 0, 2, 1, 1, 1, 0, 0, 0, 0, 2, 1, 0, 0, 0, 1, 3, 0, 0, 1, 2, 0, 1, 0, 2, 0, 1, 0, 2, 1, 0, 0, 1, 1, 3, 1, 1, 3, 3, 1, 0, 0, 2, 0, 0, 0, 1, 1, 0, 0, 0, 0, 1, 2, 0, 0, 0, 1, 1, 0, 2, 0, 0],827.9045949972788,57441.64415044191,94850.6619188624,true
8,G4_BALANCED,G4_BALANCED,[31, 22, 82, 15, 26, 9, 95, 42, 77, 12, 47, 5, 93, 78, 86, 54, 85, 63, 18, 44, 20, 35, 43, 97, 91, 76, 10, 30, 21, 45, 71, 64, 1, 23, 17, 83, 24, 14, 60, 36, 6, 57, 40, 88, 65, 56, 79, 69, 67, 68, 46, 75, 38, 58, 19, 32, 81, 48, 27, 62, 87, 90, 99, 59, 11, 16, 72, 73, 61, 39, 37, 84, 3, 92, 25, 55, 28, 29, 51, 7, 66, 70, 98, 41, 89, 50, 96, 8, 80, 53, 33, 4, 2, 34, 52, 49, 0, 94, 74, 13]|[1, 1, 0, 1, 1, 0, 1, 2, 2, 1, 2, 2, 2, 1, 1, 0, 0, 1, 0, 2, 2, 0, 1, 2, 0, 1, 2, 2, 0, 0, 1, 2, 1, 2, 1, 0, 2, 0, 1, 1, 0, 1, 1, 1, 0, 2, 1, 2, 0, 0, 0, 0, 1, 1, 2, 1, 2, 1, 0, 0, 2, 1, 0, 1, 2, 1, 2, 1, 1, 1, 1, 1, 1, 0, 1, 1, 0, 0, 0, 1, 2, 1, 2, 0, 1, 0, 0, 1, 0, 0, 2, 1, 0, 2, 1, 0, 0, 1, 2, 0]|[4, 3, 2, 2, 4, 1, 2, 2, 2, 4, 1, 1, 2, 4, 4, 1, 2, 4, 2, 1, 1, 1, 1, 2, 1, 2, 1, 1, 1, 1, 3, 2, 3, 0, 4, 0, 1, 1, 0, 3, 2, 2, 2, 0, 1, 1, 0, 2, 0, 1, 2, 2, 1, 4, 0, 3, 2, 4, 1, 2, 2, 3, 1, 1, 1, 3, 0, 4, 3, 1, 4, 1, 1, 0, 4, 4, 2, 1, 1, 1, 0, 3, 1, 1, 1, 1, 1, 3, 1, 2, 1, 4, 2, 1, 1, 1, 2, 4, 1, 2]|[0, 2, 1, 1, 3, 0, 1, 0, 0, 0, 0, 0, 1, 0, 1, 0, 0, 3, 1, 0, 0, 0, 3, 1, 0, 2, 0, 0, 0, 1, 0, 0, 0, 0, 3, 0, 1, 0, 0, 2, 1, 1, 1, 0, 0, 0, 0, 0, 1, 0, 0, 0, 1, 3, 0, 0, 1, 2, 0, 1, 0, 2, 0, 1, 0, 2, 1, 0, 0, 1, 1, 3, 1, 1, 3, 3, 1, 0, 0, 2, 0, 0, 0, 0, 1, 0, 0, 2, 0, 1, 0, 0, 0, 0, 1, 1, 0, 2, 0, 0],776.2269886506458,56886.305867047966,99222.37921866801,false
8,G2_TEC,G2_TEC,[31, 22, 82, 15, 26, 9, 95, 42, 77, 68, 47, 5, 93, 78, 86, 54, 85, 63, 18, 44, 20, 49, 36, 14, 74, 50, 53, 17, 21, 45, 71, 64, 3, 23, 30, 83, 24, 41, 60, 52, 65, 27, 90, 70, 39, 87, 48, 69, 99, 4, 46, 1, 38, 58, 97, 59, 28, 8, 73, 37, 35, 79, 11, 66, 76, 57, 40, 80, 96, 6, 16, 61, 33, 98, 32, 34, 62, 67, 10, 7, 56, 88, 51, 19, 91, 13, 75, 92, 0, 12, 43, 55, 84, 2, 81, 25, 29, 94, 89, 72]|[2, 1, 2, 1, 1, 2, 1, 1, 1, 1, 1, 0, 2, 2, 1, 2, 0, 0, 0, 2, 2, 1, 0, 2, 0, 2, 2, 1, 0, 1, 1, 1, 0, 0, 1, 0, 2, 1, 2, 2, 0, 1, 1, 1, 0, 2, 0, 2, 1, 0, 0, 2, 2, 0, 2, 0, 2, 1, 0, 0, 2, 1, 0, 2, 2, 0, 2, 2, 0, 1, 2, 1, 1, 0, 0, 1, 1, 1, 1, 2, 2, 1, 1, 1, 1, 0, 0, 0, 0, 1, 1, 0, 0, 2, 1, 1, 1, 1, 1, 1]|[0, 3, 0, 2, 4, 1, 4, 4, 2, 4, 3, 2, 1, 0, 2, 1, 1, 1, 2, 1, 1, 3, 0, 1, 0, 1, 1, 4, 1, 4, 3, 2, 2, 0, 4, 1, 1, 4, 0, 1, 2, 2, 4, 4, 1, 1, 0, 2, 3, 1, 2, 1, 2, 1, 1, 2, 0, 3, 0, 2, 2, 3, 1, 0, 1, 0, 0, 1, 2, 4, 1, 3, 4, 2, 2, 4, 3, 3, 3, 1, 0, 4, 3, 4, 3, 2, 2, 2, 2, 3, 4, 2, 2, 1, 1, 4, 3, 4, 4, 4]|[0, 2, 0, 1, 3, 0, 1, 3, 0, 0, 2, 0, 1, 0, 1, 0, 0, 0, 1, 0, 0, 2, 0, 0, 1, 0, 0, 3, 0, 1, 0, 2, 0, 0, 3, 0, 1, 3, 1, 0, 0, 1, 1, 3, 0, 0, 1, 0, 2, 0, 0, 0, 0, 0, 1, 0, 0, 0, 1, 1, 0, 2, 0, 0, 0, 1, 0, 0, 0, 2, 0, 0, 1, 0, 0, 2, 0, 0, 3, 0, 0, 1, 0, 3, 0, 0, 0, 0, 0, 0, 2, 0, 1, 0, 1, 3, 0, 2, 1, 2],868.7652750258076,52617.21491009273,114898.79054863131,false
8,G3_TWC,G3_TWC,[31, 22, 82, 15, 26, 9, 95, 42, 77, 12, 47, 5, 93, 78, 86, 54, 85, 63, 18, 44, 20, 35, 43, 97, 91, 76, 10, 30, 21, 45, 71, 64, 1, 23, 17, 83, 24, 14, 60, 36, 6, 57, 40, 88, 65, 56, 79, 94, 67, 68, 46, 75, 38, 58, 19, 32, 81, 41, 27, 62, 87, 90, 99, 59, 11, 16, 72, 73, 69, 28, 37, 84, 3, 92, 25, 55, 39, 29, 51, 7, 33, 61, 98, 48, 89, 50, 66, 96, 80, 53, 8, 4, 34, 2, 52, 49, 0, 70, 74, 13]|[1, 1, 0, 1, 1, 0, 1, 2, 2, 1, 2, 2, 2, 1, 1, 0, 0, 1, 0, 2, 2, 0, 1, 2, 0, 1, 2, 2, 0, 0, 1, 2, 1, 2, 1, 0, 2, 0, 1, 1, 0, 1, 1, 1, 0, 2, 1, 1, 0, 0, 0, 0, 1, 1, 2, 1, 2, 1, 0, 0, 2, 1, 0, 1, 2, 1, 2, 1, 1, 0, 0, 1, 1, 0, 1, 1, 1, 0, 0, 1, 0, 1, 0, 0, 1, 0, 2, 0, 0, 0, 0, 0, 2, 0, 1, 0, 0, 1, 2, 0]|[4, 3, 2, 2, 4, 1, 2, 2, 2, 4, 1, 1, 2, 4, 4, 1, 2, 4, 2, 1, 1, 1, 1, 2, 1, 2, 1, 1, 1, 1, 3, 2, 3, 0, 4, 0, 1, 1, 0, 3, 2, 2, 2, 0, 1, 1, 0, 4, 0, 1, 2, 2, 1, 0, 0, 3, 2, 4, 1, 2, 2, 3, 1, 1, 1, 3, 0, 4, 3, 2, 1, 1, 1, 0, 4, 4, 1, 1, 1, 1, 2, 3, 1, 1, 1, 1, 1, 1, 1, 2, 1, 2, 1, 2, 1, 1, 2, 4, 1, 2]|[0, 2, 1, 1, 3, 0, 1, 0, 0, 0, 0, 0, 1, 0, 1, 0, 0, 3, 1, 0, 0, 0, 3, 1, 0, 2, 0, 0, 0, 1, 0, 0, 0, 0, 3, 0, 1, 0, 0, 2, 1, 1, 1, 0, 0, 0, 0, 2, 1, 0, 0, 0, 1, 3, 0, 0, 1, 2, 0, 1, 0, 2, 0, 1, 0, 2, 1, 0, 0, 1, 0, 3, 1, 1, 3, 3, 1, 0, 0, 2, 1, 0, 0, 0, 1, 0, 0, 0, 0, 1, 0, 1, 0, 0, 1, 1, 0, 2, 0, 0],847.0427978319374,57913.11646638373,93531.36983571656,false
8,G1_CMAX,G3_TWC,[31, 22, 51, 15, 26, 9, 95, 42, 77, 12, 47, 5, 93, 78, 86, 54, 85, 63, 18, 44, 20, 35, 43, 97, 91, 76, 10, 30, 21, 45, 71, 64, 1, 23, 17, 83, 24, 14, 60, 36, 6, 57, 40, 88, 65, 56, 79, 94, 67, 68, 46, 75, 38, 58, 19, 32, 81, 41, 27, 62, 87, 90, 99, 59, 11, 16, 72, 73, 70, 39, 37, 84, 3, 92, 25, 55, 28, 29, 82, 7, 66, 61, 98, 33, 89, 50, 48, 96, 80, 53, 8, 4, 34, 2, 52, 49, 0, 69, 74, 13]|[1, 1, 0, 1, 1, 0, 1, 2, 2, 1, 2, 2, 2, 1, 1, 0, 0, 1, 0, 2, 2, 0, 1, 2, 0, 1, 2, 2, 0, 0, 1, 2, 1, 2, 1, 0, 2, 0, 1, 1, 0, 1, 1, 1, 0, 2, 1, 1, 0, 0, 0, 0, 1, 1, 2, 1, 2, 1, 0, 0, 2, 1, 0, 1, 2, 1, 2, 1, 1, 1, 1, 1, 1, 0, 1, 1, 0, 0, 0, 1, 2, 1, 0, 0, 1, 0, 0, 0, 0, 0, 1, 1, 2, 0, 1, 0, 0, 1, 2, 0]|[4, 3, 2, 2, 4, 1, 2, 2, 2, 4, 1, 1, 2, 4, 4, 1, 2, 4, 2, 1, 1, 1, 1, 2, 1, 2, 1, 1, 1, 1, 3, 2, 3, 0, 4, 0, 1, 1, 0, 3, 2, 2, 2, 0, 1, 1, 0, 4, 0, 1, 2, 2, 1, 0, 0, 3, 2, 4, 1, 2, 2, 3, 1, 1, 1, 3, 0, 4, 3, 1, 4, 1, 1, 0, 4, 4, 2, 1, 1, 1, 1, 3, 1, 2, 1, 1, 1, 1, 1, 2, 3, 4, 1, 2, 1, 1, 2, 4, 1, 2]|[0, 2, 1, 1, 3, 0, 1, 0, 0, 0, 0, 0, 1, 0, 1, 0, 0, 3, 1, 0, 0, 0, 3, 1, 0, 2, 0, 0, 0, 1, 0, 0, 0, 0, 3, 0, 1, 0, 0, 2, 1, 1, 1, 0, 0, 0, 0, 2, 1, 0, 0, 0, 1, 3, 0, 0, 1, 2, 0, 1, 0, 2, 0, 1, 0, 2, 1, 0, 0, 1, 1, 3, 1, 1, 3, 3, 1, 0, 0, 2, 0, 0, 0, 1, 1, 0, 0, 0, 0, 1, 2, 0, 0, 0, 1, 1, 0, 2, 0, 0],827.9045949972788,57441.64415044191,94850.6619188624,true
8,G4_BALANCED,G4_BALANCED,[31, 22, 82, 15, 26, 9, 95, 42, 77, 12, 47, 5, 93, 78, 86, 54, 85, 63, 18, 44, 20, 35, 43, 97, 91, 76, 10, 30, 21, 45, 71, 64, 1, 23, 17, 83, 24, 14, 60, 36, 6, 57, 40, 88, 65, 56, 79, 69, 67, 68, 46, 75, 38, 58, 19, 32, 81, 48, 27, 62, 87, 90, 99, 59, 11, 16, 72, 73, 70, 39, 37, 84, 3, 92, 25, 55, 28, 29, 51, 7, 66, 61, 98, 41, 8, 50, 96, 89, 80, 53, 33, 4, 2, 34, 52, 49, 0, 94, 74, 13]|[1, 1, 0, 1, 1, 0, 1, 2, 2, 1, 2, 2, 2, 1, 1, 0, 0, 1, 0, 2, 2, 0, 1, 2, 0, 1, 2, 2, 0, 0, 1, 2, 1, 2, 1, 0, 2, 0, 1, 1, 0, 1, 1, 1, 0, 2, 1, 2, 0, 0, 0, 0, 1, 1, 2, 1, 2, 1, 0, 0, 2, 1, 0, 1, 2, 1, 2, 1, 1, 1, 1, 1, 1, 0, 1, 1, 0, 0, 0, 1, 2, 1, 2, 0, 1, 0, 0, 1, 0, 0, 2, 1, 0, 2, 1, 0, 0, 1, 2, 0]|[4, 3, 2, 2, 4, 1, 2, 2, 2, 4, 1, 1, 2, 4, 4, 1, 2, 4, 2, 1, 1, 1, 1, 2, 1, 2, 1, 1, 1, 1, 3, 2, 3, 0, 4, 0, 1, 1, 0, 3, 2, 2, 2, 0, 1, 1, 0, 2, 0, 1, 2, 2, 1, 4, 0, 3, 2, 4, 1, 2, 2, 3, 1, 1, 1, 3, 0, 4, 3, 1, 4, 1, 1, 0, 4, 4, 2, 1, 1, 1, 0, 3, 1, 1, 3, 1, 1, 1, 1, 2, 1, 4, 2, 1, 1, 1, 2, 4, 1, 2]|[0, 2, 1, 1, 3, 0, 1, 0, 0, 0, 0, 0, 1, 0, 1, 0, 0, 3, 1, 0, 0, 0, 3, 1, 0, 2, 0, 0, 0, 1, 0, 0, 0, 0, 3, 0, 1, 0, 0, 2, 1, 1, 1, 0, 0, 0, 0, 0, 1, 0, 0, 0, 1, 3, 0, 0, 1, 2, 0, 1, 0, 2, 0, 1, 0, 2, 1, 0, 0, 1, 1, 3, 1, 1, 3, 3, 1, 0, 0, 2, 0, 0, 0, 0, 2, 0, 0, 1, 0, 1, 0, 0, 0, 0, 1, 1, 0, 2, 0, 0],776.2269886506458,56981.39438219392,99215.99254719049,false
8,G2_TEC,G2_TEC,[31, 22, 82, 15, 26, 9, 95, 42, 77, 68, 47, 5, 93, 78, 86, 54, 85, 63, 18, 44, 20, 49, 36, 14, 74, 50, 53, 17, 21, 45, 71, 64, 3, 23, 30, 83, 24, 41, 60, 52, 65, 27, 90, 70, 39, 87, 48, 69, 99, 4, 46, 1, 13, 58, 97, 59, 28, 8, 73, 37, 35, 79, 11, 66, 76, 57, 40, 80, 96, 6, 16, 61, 33, 98, 32, 34, 62, 67, 10, 7, 56, 88, 51, 19, 91, 38, 75, 92, 0, 12, 43, 55, 2, 29, 81, 25, 84, 94, 89, 72]|[2, 1, 2, 1, 1, 2, 1, 1, 1, 1, 1, 0, 2, 2, 1, 2, 0, 0, 0, 2, 2, 1, 0, 2, 0, 2, 2, 1, 0, 1, 1, 1, 0, 0, 1, 0, 2, 1, 2, 2, 0, 1, 1, 1, 0, 2, 0, 2, 1, 0, 0, 2, 2, 0, 2, 0, 2, 1, 0, 0, 2, 1, 0, 2, 2, 0, 2, 2, 0, 1, 2, 1, 1, 0, 0, 1, 1, 1, 1, 2, 2, 1, 1, 1, 1, 0, 0, 0, 0, 1, 1, 0, 2, 1, 1, 1, 0, 1, 1, 1]|[0, 3, 0, 2, 4, 1, 4, 4, 2, 4, 3, 2, 1, 0, 2, 1, 1, 1, 2, 1, 1, 3, 0, 1, 0, 1, 1, 4, 1, 4, 3, 2, 2, 0, 4, 1, 1, 4, 0, 1, 2, 2, 4, 4, 1, 1, 0, 2, 3, 1, 2, 1, 2, 1, 1, 2, 0, 3, 0, 2, 2, 3, 1, 0, 1, 0, 0, 1, 2, 4, 1, 3, 4, 2, 2, 4, 3, 3, 3, 1, 0, 4, 3, 4, 3, 2, 2, 2, 2, 3, 4, 2, 1, 3, 1, 4, 2, 4, 4, 4]|[0, 2, 0, 1, 3, 0, 1, 3, 0, 0, 2, 0, 1, 0, 1, 0, 0, 0, 1, 0, 0, 2, 0, 0, 1, 0, 0, 3, 0, 1, 0, 2, 0, 0, 3, 0, 1, 3, 1, 0, 0, 1, 1, 3, 0, 0, 1, 0, 2, 0, 0, 0, 0, 0, 1, 0, 0, 0, 1, 1, 0, 2, 0, 0, 0, 1, 0, 0, 0, 2, 0, 0, 1, 0, 0, 2, 0, 0, 3, 0, 0, 1, 0, 3, 0, 0, 0, 0, 0, 0, 2, 0, 0, 0, 1, 3, 1, 2, 1, 2],868.7652750258076,52601.799942255915,114621.13479061492,false
8,G3_TWC,G3_TWC,[31, 22, 82, 15, 26, 9, 95, 42, 77, 12, 47, 5, 93, 78, 86, 54, 85, 63, 18, 44, 20, 35, 43, 97, 91, 76, 10, 30, 21, 45, 71, 64, 1, 23, 17, 83, 24, 14, 60, 36, 6, 57, 40, 88, 65, 56, 79, 94, 67, 68, 46, 75, 38, 58, 19, 32, 81, 41, 27, 62, 87, 90, 99, 59, 11, 16, 72, 73, 69, 28, 37, 84, 3, 92, 25, 55, 39, 29, 51, 7, 33, 61, 98, 48, 89, 50, 66, 96, 80, 53, 8, 4, 34, 2, 52, 49, 0, 70, 74, 13]|[1, 1, 0, 1, 1, 0, 1, 2, 2, 1, 2, 2, 2, 1, 1, 0, 0, 1, 0, 2, 2, 0, 1, 2, 0, 1, 2, 2, 0, 0, 1, 2, 1, 2, 1, 0, 2, 0, 1, 1, 0, 1, 1, 1, 0, 2, 1, 1, 0, 0, 0, 0, 1, 1, 2, 1, 2, 1, 0, 0, 2, 1, 0, 1, 2, 1, 2, 1, 1, 0, 0, 1, 1, 0, 1, 1, 1, 0, 0, 1, 0, 1, 0, 0, 1, 0, 2, 0, 0, 0, 0, 0, 2, 0, 1, 0, 0, 1, 2, 0]|[4, 3, 2, 2, 4, 1, 2, 2, 2, 4, 1, 1, 2, 4, 4, 1, 2, 4, 2, 1, 1, 1, 1, 2, 1, 2, 1, 1, 1, 1, 3, 2, 3, 0, 4, 0, 1, 1, 0, 3, 2, 2, 2, 0, 1, 1, 0, 4, 0, 1, 2, 2, 1, 0, 0, 3, 2, 4, 1, 2, 2, 3, 1, 1, 1, 3, 0, 4, 3, 2, 1, 1, 1, 0, 4, 4, 1, 1, 1, 1, 2, 3, 1, 1, 1, 1, 1, 1, 1, 2, 1, 2, 1, 2, 1, 1, 2, 4, 1, 2]|[0, 2, 1, 1, 3, 0, 1, 0, 0, 0, 0, 0, 1, 0, 1, 0, 0, 3, 1, 0, 0, 0, 3, 1, 0, 2, 0, 0, 0, 1, 0, 0, 0, 0, 3, 0, 1, 0, 0, 2, 1, 1, 1, 0, 0, 0, 0, 2, 1, 0, 0, 0, 1, 3, 0, 0, 1, 2, 0, 1, 0, 2, 0, 1, 0, 2, 1, 0, 0, 1, 0, 3, 1, 1, 3, 3, 1, 0, 0, 2, 1, 0, 0, 0, 1, 0, 0, 0, 0, 1, 0, 1, 0, 0, 1, 1, 0, 2, 0, 0],847.0427978319374,57913.11646638373,93531.36983571656,false
8,G1_CMAX,G3_TWC,[31, 22, 82, 15, 26, 9, 95, 42, 77, 12, 47, 5, 93, 78, 86, 54, 85, 63, 18, 44, 20, 35, 43, 97, 91, 76, 10, 30, 21, 45, 71, 64, 1, 23, 17, 83, 24, 14, 60, 36, 6, 57, 40, 88, 65, 56, 79, 94, 67, 68, 46, 75, 38, 58, 19, 32, 81, 41, 27, 62, 87, 90, 99, 59, 11, 16, 72, 73, 69, 39, 8, 84, 3, 92, 25, 55, 28, 29, 98, 7, 66, 61, 37, 48, 89, 50, 51, 96, 53, 80, 34, 4, 33, 2, 52, 49, 0, 70, 74, 13]|[1, 1, 0, 1, 1, 0, 1, 2, 2, 1, 2, 2, 2, 1, 1, 0, 0, 1, 0, 2, 2, 0, 1, 2, 0, 1, 2, 2, 0, 0, 1, 2, 1, 2, 1, 0, 2, 0, 1, 1, 0, 1, 1, 1, 0, 2, 1, 1, 0, 0, 0, 0, 1, 1, 2, 1, 2, 1, 0, 0, 2, 1, 0, 1, 2, 1, 2, 1, 1, 1, 1, 1, 1, 0, 1, 1, 0, 0, 0, 1, 2, 1, 1, 0, 1, 0, 0, 0, 0, 0, 2, 1, 0, 0, 1, 0, 0, 1, 2, 0]|[4, 3, 1, 2, 4, 1, 2, 2, 2, 4, 1, 1, 2, 4, 4, 1, 2, 4, 2, 1, 1, 1, 1, 2, 1, 2, 1, 1, 1, 1, 3, 2, 3, 0, 4, 0, 1, 1, 0, 3, 2, 2, 2, 0, 1, 1, 0, 4, 0, 1, 2, 2, 1, 0, 0, 3, 2, 4, 1, 2, 2, 3, 1, 1, 1, 3, 0, 4, 3, 1, 4, 1, 1, 0, 4, 4, 2, 1, 1, 1, 1, 3, 3, 1, 1, 1, 1, 1, 2, 1, 1, 4, 1, 2, 1, 1, 2, 4, 1, 2]|[0, 2, 0, 1, 3, 0, 1, 0, 0, 0, 0, 0, 1, 0, 1, 0, 0, 3, 1, 0, 0, 0, 3, 1, 0, 2, 0, 0, 0, 1, 0, 0, 0, 0, 3, 0, 1, 0, 0, 2, 1, 1, 1, 0, 0, 0, 0, 2, 1, 0, 0, 0, 1, 3, 0, 0, 1, 2, 0, 1, 0, 2, 0, 1, 0, 2, 1, 0, 0, 1, 1, 3, 1, 1, 3, 3, 1, 0, 0, 2, 0, 0, 2, 0, 1, 0, 0, 0, 1, 0, 0, 0, 0, 0, 1, 1, 0, 2, 0, 0],830.5468049933562,57312.77274179391,95287.6160151767,true
8,G4_BALANCED,G4_BALANCED,[31, 22, 82, 15, 26, 9, 95, 42, 77, 12, 47, 5, 93, 78, 86, 54, 85, 63, 18, 44, 20, 35, 43, 97, 91, 76, 10, 30, 21, 45, 71, 64, 1, 23, 17, 83, 24, 14, 60, 36, 6, 57, 40, 88, 65, 56, 79, 69, 67, 68, 46, 75, 38, 58, 19, 32, 81, 48, 27, 62, 87, 90, 99, 59, 11, 16, 72, 73, 61, 39, 37, 84, 3, 92, 25, 55, 28, 29, 51, 7, 66, 70, 98, 41, 89, 50, 96, 8, 80, 53, 33, 4, 2, 34, 52, 49, 0, 94, 74, 13]|[1, 1, 0, 1, 1, 0, 1, 2, 2, 1, 2, 2, 2, 1, 1, 0, 0, 1, 0, 2, 2, 0, 1, 2, 0, 1, 2, 2, 0, 0, 1, 2, 1, 2, 1, 0, 2, 0, 1, 1, 0, 1, 1, 1, 0, 2, 1, 2, 0, 0, 0, 0, 1, 1, 2, 1, 2, 1, 0, 0, 2, 1, 0, 1, 2, 1, 2, 1, 1, 1, 1, 1, 1, 0, 1, 1, 0, 0, 0, 1, 2, 1, 2, 0, 1, 0, 0, 1, 0, 0, 2, 1, 0, 2, 1, 0, 0, 1, 2, 0]|[4, 3, 2, 2, 4, 1, 2, 2, 2, 4, 1, 1, 2, 4, 4, 1, 2, 4, 2, 1, 1, 1, 1, 2, 1, 2, 1, 1, 1, 1, 3, 2, 3, 0, 4, 0, 1, 1, 0, 3, 2, 2, 2, 0, 1, 1, 0, 2, 0, 1, 2, 2, 1, 4, 0, 3, 2, 4, 1, 2, 2, 3, 1, 1, 1, 3, 0, 4, 3, 1, 4, 1, 1, 0, 4, 4, 2, 1, 1, 1, 0, 3, 1, 1, 1, 1, 1, 3, 1, 2, 1, 4, 2, 1, 1, 1, 2, 4, 1, 2]|[0, 2, 1, 1, 3, 0, 1, 0, 0, 0, 0, 0, 1, 0, 1, 0, 0, 3, 1, 0, 0, 0, 3, 1, 0, 2, 0, 0, 0, 1, 0, 0, 0, 0, 3, 0, 1, 0, 0, 2, 1, 1, 1, 0, 0, 0, 0, 0, 1, 0, 0, 0, 1, 3, 0, 0, 1, 2, 0, 1, 0, 2, 0, 1, 0, 2, 1, 0, 0, 1, 1, 3, 1, 1, 3, 3, 1, 0, 0, 2, 0, 0, 0, 0, 1, 0, 0, 2, 0, 1, 0, 0, 0, 0, 1, 1, 0, 2, 0, 0],776.2269886506458,56886.305867047966,99222.37921866801,false
8,G2_TEC,G2_TEC,[31, 22, 82, 15, 26, 9, 95, 42, 77, 68, 47, 5, 93, 78, 86, 54, 85, 63, 18, 44, 20, 49, 36, 14, 74, 50, 53, 17, 21, 45, 71, 64, 3, 23, 30, 83, 24, 41, 60, 52, 65, 27, 90, 70, 39, 87, 48, 69, 99, 4, 46, 1, 13, 58, 97, 59, 28, 8, 73, 37, 35, 79, 11, 66, 76, 57, 40, 80, 96, 6, 16, 61, 33, 98, 32, 34, 62, 67, 10, 7, 56, 88, 51, 19, 91, 38, 75, 92, 0, 12, 43, 55, 2, 29, 81, 25, 84, 94, 89, 72]|[2, 1, 2, 1, 1, 2, 1, 1, 1, 1, 1, 0, 2, 2, 1, 2, 0, 0, 0, 2, 2, 1, 0, 2, 0, 2, 2, 1, 0, 1, 1, 1, 0, 0, 1, 0, 2, 1, 2, 2, 0, 1, 1, 1, 0, 2, 0, 2, 1, 0, 0, 2, 2, 0, 2, 0, 2, 1, 0, 0, 2, 1, 0, 2, 2, 0, 2, 2, 0, 1, 2, 1, 1, 0, 0, 1, 1, 1, 1, 2, 2, 1, 1, 1, 1, 0, 0, 0, 0, 1, 1, 0, 2, 1, 1, 1, 0, 1, 1, 1]|[0, 3, 0, 2, 4, 1, 4, 4, 2, 4, 3, 2, 1, 0, 2, 1, 1, 1, 2, 1, 1, 3, 0, 1, 0, 1, 1, 4, 1, 4, 3, 2, 2, 0, 4, 1, 1, 4, 0, 1, 2, 2, 4, 4, 1, 1, 0, 2, 3, 1, 2, 1, 2, 1, 1, 2, 0, 3, 0, 2, 2, 3, 1, 0, 1, 0, 0, 1, 2, 4, 1, 3, 4, 2, 2, 4, 3, 3, 3, 1, 0, 4, 3, 4, 3, 2, 2, 2, 2, 3, 4, 2, 1, 3, 1, 4, 2, 4, 4, 4]|[0, 2, 0, 1, 3, 0, 1, 3, 0, 0, 2, 0, 1, 0, 1, 0, 0, 0, 1, 0, 0, 2, 0, 0, 1, 0, 0, 3, 0, 1, 0, 2, 0, 0, 3, 0, 1, 3, 1, 0, 0, 1, 1, 3, 0, 0, 1, 0, 2, 0, 0, 0, 0, 0, 1, 0, 0, 0, 1, 1, 0, 2, 0, 0, 0, 1, 0, 0, 0, 2, 0, 0, 1, 0, 0, 2, 0, 0, 3, 0, 0, 1, 0, 3, 0, 0, 0, 0, 0, 0, 2, 0, 0, 0, 1, 3, 1, 2, 1, 2],868.7652750258076,52601.799942255915,114621.13479061492,false
8,G3_TWC,G3_TWC,[31, 22, 82, 15, 26, 9, 95, 42, 77, 12, 47, 5, 93, 78, 86, 54, 85, 63, 18, 44, 20, 35, 43, 97, 91, 76, 10, 30, 21, 45, 71, 64, 1, 23, 17, 83, 24, 14, 60, 36, 6, 57, 40, 88, 65, 56, 79, 94, 67, 68, 46, 75, 38, 58, 19, 32, 81, 41, 27, 62, 87, 90, 99, 59, 11, 16, 72, 73, 69, 28, 37, 84, 3, 92, 25, 55, 39, 29, 51, 7, 33, 61, 98, 48, 89, 50, 66, 96, 80, 53, 8, 4, 34, 2, 52, 49, 0, 70, 74, 13]|[1, 1, 0, 1, 1, 0, 1, 2, 2, 1, 2, 2, 2, 1, 1, 0, 0, 1, 0, 2, 2, 0, 1, 2, 0, 1, 2, 2, 0, 0, 1, 2, 1, 2, 1, 0, 2, 0, 1, 1, 0, 1, 1, 1, 0, 2, 1, 1, 0, 0, 0, 0, 1, 1, 2, 1, 2, 1, 0, 0, 2, 1, 0, 1, 2, 1, 2, 1, 1, 0, 0, 1, 1, 0, 1, 1, 1, 0, 0, 1, 0, 1, 0, 0, 1, 0, 2, 0, 0, 0, 0, 0, 2, 0, 1, 0, 0, 1, 2, 0]|[4, 3, 2, 2, 4, 1, 2, 2, 2, 4, 1, 1, 2, 4, 4, 1, 2, 4, 2, 1, 1, 1, 1, 2, 1, 2, 1, 1, 1, 1, 3, 2, 3, 0, 4, 0, 1, 1, 0, 3, 2, 2, 2, 0, 1, 1, 0, 4, 0, 1, 2, 2, 1, 0, 0, 3, 2, 4, 1, 2, 2, 3, 1, 1, 1, 3, 0, 4, 3, 2, 1, 1, 1, 0, 4, 4, 1, 1, 1, 1, 2, 3, 1, 1, 1, 1, 1, 1, 1, 2, 1, 2, 1, 2, 1, 1, 2, 4, 1, 2]|[0, 2, 1, 1, 3, 0, 1, 0, 0, 0, 0, 0, 1, 0, 1, 0, 0, 3, 1, 0, 0, 0, 3, 1, 0, 2, 0, 0, 0, 1, 0, 0, 0, 0, 3, 0, 1, 0, 0, 2, 1, 1, 1, 0, 0, 0, 0, 2, 1, 0, 0, 0, 1, 3, 0, 0, 1, 2, 0, 1, 0, 2, 0, 1, 0, 2, 1, 0, 0, 1, 0, 3, 1, 1, 3, 3, 1, 0, 0, 2, 1, 0, 0, 0, 1, 0, 0, 0, 0, 1, 0, 1, 0, 0, 1, 1, 0, 2, 0, 0],847.0427978319374,57913.11646638373,93531.36983571656,false
8,G1_CMAX,G1_CMAX,[31, 22, 82, 15, 26, 9, 95, 42, 77, 12, 47, 5, 93, 78, 86, 54, 6, 63, 18, 44, 20, 35, 43, 97, 91, 76, 10, 30, 21, 45, 64, 1, 23, 17, 83, 24, 14, 60, 36, 13, 75, 46, 68, 67, 69, 79, 56, 65, 88, 40, 57, 85, 58, 19, 32, 81, 48, 27, 62, 87, 90, 99, 59, 11, 16, 72, 73, 71, 70, 39, 37, 84, 3, 98, 29, 28, 55, 25, 92, 7, 33, 61, 53, 41, 89, 50, 8, 96, 51, 80, 34, 4, 66, 2, 52, 49, 0, 94, 74, 38]|[1, 1, 0, 1, 1, 0, 1, 2, 2, 1, 2, 2, 2, 1, 1, 0, 0, 1, 0, 2, 2, 0, 1, 2, 0, 1, 2, 2, 0, 0, 2, 1, 2, 1, 0, 2, 2, 1, 1, 0, 0, 0, 0, 0, 2, 1, 2, 0, 1, 1, 1, 0, 1, 2, 1, 2, 1, 0, 0, 2, 1, 0, 1, 2, 1, 2, 1, 1, 1, 1, 1, 1, 1, 0, 0, 0, 1, 1, 0, 1, 0, 1, 0, 1, 1, 0, 1, 0, 0, 0, 2, 1, 2, 0, 1, 0, 0, 2, 2, 1]|[0, 3, 2, 2, 4, 1, 2, 2, 2, 4, 1, 1, 2, 4, 4, 1, 2, 4, 2, 1, 1, 1, 1, 2, 1, 2, 1, 1, 1, 1, 2, 3, 0, 4, 0, 1, 2, 0, 3, 2, 2, 2, 1, 0, 2, 0, 1, 1, 0, 2, 2, 2, 0, 0, 3, 2, 4, 1, 2, 2, 3, 1, 1, 1, 3, 0, 4, 3, 3, 1, 4, 1, 1, 1, 1, 2, 4, 4, 0, 1, 2, 3, 2, 4, 1, 1, 3, 1, 1, 1, 1, 4, 1, 2, 1, 1, 2, 2, 1, 1]|[0, 2, 1, 1, 3, 0, 1, 0, 0, 0, 0, 0, 1, 0, 1, 0, 1, 3, 1, 0, 0, 0, 3, 1, 0, 2, 0, 0, 0, 1, 0, 0, 0, 3, 0, 1, 1, 0, 2, 0, 0, 0, 0, 1, 0, 0, 0, 0, 0, 1, 1, 0, 3, 0, 0, 1, 2, 0, 1, 0, 2, 0, 1, 0, 2, 1, 0, 0, 0, 1, 1, 3, 1, 0, 0, 1, 3, 3, 1, 2, 1, 0, 1, 3, 1, 0, 2, 0, 0, 0, 0, 0, 0, 0, 1, 1, 0, 0, 0, 1],740.6648699319737,58345.503832923176,99227.13002615936,false
8,G4_BALANCED,G4_BALANCED,[31, 22, 82, 15, 26, 9, 95, 42, 77, 12, 47, 5, 93, 78, 86, 54, 85, 63, 18, 44, 20, 35, 43, 97, 91, 76, 10, 30, 21, 45, 71, 64, 1, 23, 17, 83, 24, 14, 60, 36, 6, 57, 40, 88, 65, 56, 79, 69, 67, 68, 46, 75, 38, 58, 19, 32, 81, 48, 27, 62, 87, 90, 99, 59, 11, 16, 72, 73, 61, 39, 37, 84, 3, 92, 25, 55, 28, 29, 51, 7, 66, 70, 98, 41, 89, 50, 96, 8, 80, 53, 33, 4, 2, 34, 52, 49, 0, 94, 74, 13]|[1, 1, 0, 1, 1, 0, 1, 2, 2, 1, 2, 2, 2, 1, 1, 0, 0, 1, 0, 2, 2, 0, 1, 2, 0, 1, 2, 2, 0, 0, 1, 2, 1, 2, 1, 0, 2, 0, 1, 1, 0, 1, 1, 1, 0, 2, 1, 2, 0, 0, 0, 0, 1, 1, 2, 1, 2, 1, 0, 0, 2, 1, 0, 1, 2, 1, 2, 1, 1, 1, 1, 1, 1, 0, 1, 1, 0, 0, 0, 1, 2, 1, 2, 0, 1, 0, 0, 1, 0, 0, 2, 1, 0, 2, 1, 0, 0, 1, 2, 0]|[4, 3, 2, 2, 4, 1, 2, 2, 2, 4, 1, 1, 2, 4, 4, 1, 2, 4, 2, 1, 1, 1, 1, 2, 1, 2, 1, 1, 1, 1, 3, 2, 3, 0, 4, 0, 1, 1, 0, 3, 2, 2, 2, 0, 1, 1, 0, 2, 0, 1, 2, 2, 1, 4, 0, 3, 2, 4, 1, 2, 2, 3, 1, 1, 1, 3, 0, 4, 3, 1, 4, 1, 1, 0, 4, 4, 2, 1, 1, 1, 0, 3, 1, 1, 1, 1, 1, 3, 1, 2, 1, 4, 2, 1, 1, 1, 2, 4, 1, 2]|[0, 2, 1, 1, 3, 0, 1, 0, 0, 0, 0, 0, 1, 0, 1, 0, 0, 3, 1, 0, 0, 0, 3, 1, 0, 2, 0, 0, 0, 1, 0, 0, 0, 0, 3, 0, 1, 0, 0, 2, 1, 1, 1, 0, 0, 0, 0, 0, 1, 0, 0, 0, 1, 3, 0, 0, 1, 2, 0, 1, 0, 2, 0, 1, 0, 2, 1, 0, 0, 1, 1, 3, 1, 1, 3, 3, 1, 0, 0, 2, 0, 0, 0, 0, 1, 0, 0, 2, 0, 1, 0, 0, 0, 0, 1, 1, 0, 2, 0, 0],776.2269886506458,56886.305867047966,99222.37921866801,false
8,G2_TEC,G2_TEC,[31, 22, 82, 15, 26, 9, 95, 42, 77, 68, 47, 5, 93, 78, 86, 54, 85, 63, 18, 44, 20, 49, 36, 14, 74, 50, 53, 17, 21, 45, 71, 64, 3, 23, 30, 83, 24, 41, 60, 52, 65, 27, 90, 70, 39, 87, 48, 69, 99, 4, 46, 1, 13, 58, 97, 59, 28, 8, 73, 37, 35, 79, 11, 66, 76, 57, 40, 80, 96, 6, 16, 61, 33, 98, 32, 34, 62, 67, 10, 7, 56, 88, 51, 19, 91, 38, 75, 92, 0, 12, 43, 55, 2, 29, 81, 25, 84, 94, 89, 72]|[2, 1, 2, 1, 1, 2, 1, 1, 1, 1, 1, 0, 2, 2, 1, 2, 0, 0, 0, 2, 2, 1, 0, 2, 0, 2, 2, 1, 0, 1, 1, 1, 0, 0, 1, 0, 2, 1, 2, 2, 0, 1, 1, 1, 0, 2, 0, 2, 1, 0, 0, 2, 2, 0, 2, 0, 2, 1, 0, 0, 2, 1, 0, 2, 2, 0, 2, 2, 0, 1, 2, 1, 1, 0, 0, 1, 1, 1, 1, 2, 2, 1, 1, 1, 1, 0, 0, 0, 0, 1, 1, 0, 2, 1, 1, 1, 0, 1, 1, 1]|[0, 3, 0, 2, 4, 1, 4, 4, 2, 4, 3, 2, 1, 0, 2, 1, 1, 1, 2, 1, 1, 3, 0, 1, 0, 1, 1, 4, 1, 4, 3, 2, 2, 0, 4, 1, 1, 4, 0, 1, 2, 2, 4, 4, 1, 1, 0, 2, 3, 1, 2, 1, 2, 1, 1, 2, 0, 3, 0, 2, 2, 3, 1, 0, 1, 0, 0, 1, 2, 4, 1, 3, 4, 2, 2, 4, 3, 3, 3, 1, 0, 4, 3, 4, 3, 2, 2, 2, 2, 3, 4, 2, 1, 3, 1, 4, 2, 4, 4, 4]|[0, 2, 0, 1, 3, 0, 1, 3, 0, 0, 2, 0, 1, 0, 1, 0, 0, 0, 1, 0, 0, 2, 0, 0, 1, 0, 0, 3, 0, 1, 0, 2, 0, 0, 3, 0, 1, 3, 1, 0, 0, 1, 1, 3, 0, 0, 1, 0, 2, 0, 0, 0, 0, 0, 1, 0, 0, 0, 1, 1, 0, 2, 0, 0, 0, 1, 0, 0, 0, 2, 0, 0, 1, 0, 0, 2, 0, 0, 3, 0, 0, 1, 0, 3, 0, 0, 0, 0, 0, 0, 2, 0, 0, 0, 1, 3, 1, 2, 1, 2],868.7652750258076,52601.799942255915,114621.13479061492,false
8,G3_TWC,G3_TWC,[31, 22, 82, 15, 26, 9, 95, 42, 77, 12, 47, 5, 93, 78, 86, 54, 85, 63, 18, 44, 20, 35, 43, 97, 91, 76, 10, 30, 21, 45, 71, 64, 1, 23, 17, 83, 24, 14, 60, 36, 6, 57, 40, 88, 65, 56, 79, 94, 67, 68, 46, 75, 38, 58, 19, 32, 81, 41, 27, 62, 87, 90, 99, 59, 11, 16, 72, 73, 69, 28, 37, 84, 3, 92, 25, 55, 39, 29, 51, 7, 33, 61, 98, 48, 89, 50, 66, 96, 80, 53, 8, 4, 34, 2, 52, 49, 0, 70, 74, 13]|[1, 1, 0, 1, 1, 0, 1, 2, 2, 1, 2, 2, 2, 1, 1, 0, 0, 1, 0, 2, 2, 0, 1, 2, 0, 1, 2, 2, 0, 0, 1, 2, 1, 2, 1, 0, 2, 0, 1, 1, 0, 1, 1, 1, 0, 2, 1, 1, 0, 0, 0, 0, 1, 1, 2, 1, 2, 1, 0, 0, 2, 1, 0, 1, 2, 1, 2, 1, 1, 0, 0, 1, 1, 0, 1, 1, 1, 0, 0, 1, 0, 1, 0, 0, 1, 0, 2, 0, 0, 0, 0, 0, 2, 0, 1, 0, 0, 1, 2, 0]|[4, 3, 2, 2, 4, 1, 2, 2, 2, 4, 1, 1, 2, 4, 4, 1, 2, 4, 2, 1, 1, 1, 1, 2, 1, 2, 1, 1, 1, 1, 3, 2, 3, 0, 4, 0, 1, 1, 0, 3, 2, 2, 2, 0, 1, 1, 0, 4, 0, 1, 2, 2, 1, 0, 0, 3, 2, 4, 1, 2, 2, 3, 1, 1, 1, 3, 0, 4, 3, 2, 1, 1, 1, 0, 4, 4, 1, 1, 1, 1, 2, 3, 1, 1, 1, 1, 1, 1, 1, 2, 1, 2, 1, 2, 1, 1, 2, 4, 1, 2]|[0, 2, 1, 1, 3, 0, 1, 0, 0, 0, 0, 0, 1, 0, 1, 0, 0, 3, 1, 0, 0, 0, 3, 1, 0, 2, 0, 0, 0, 1, 0, 0, 0, 0, 3, 0, 1, 0, 0, 2, 1, 1, 1, 0, 0, 0, 0, 2, 1, 0, 0, 0, 1, 3, 0, 0, 1, 2, 0, 1, 0, 2, 0, 1, 0, 2, 1, 0, 0, 1, 0, 3, 1, 1, 3, 3, 1, 0, 0, 2, 1, 0, 0, 0, 1, 0, 0, 0, 0, 1, 0, 1, 0, 0, 1, 1, 0, 2, 0, 0],847.0427978319374,57913.11646638373,93531.36983571656,false
8,G1_CMAX,G1_CMAX,[31, 22, 82, 15, 26, 9, 95, 42, 77, 12, 47, 5, 93, 78, 86, 54, 6, 63, 18, 44, 20, 35, 43, 97, 91, 76, 10, 30, 21, 45, 64, 1, 23, 17, 83, 24, 14, 60, 36, 13, 75, 46, 68, 67, 69, 79, 56, 65, 88, 40, 57, 85, 58, 19, 32, 81, 48, 27, 62, 87, 90, 99, 59, 11, 16, 72, 73, 71, 70, 39, 37, 84, 3, 98, 29, 28, 55, 25, 92, 7, 33, 61, 53, 41, 89, 50, 8, 96, 51, 80, 34, 4, 66, 2, 52, 49, 0, 94, 74, 38]|[1, 1, 0, 1, 1, 0, 1, 2, 2, 1, 2, 2, 2, 1, 1, 0, 0, 1, 0, 2, 2, 0, 1, 2, 0, 1, 2, 2, 0, 0, 2, 1, 2, 1, 0, 2, 2, 1, 1, 0, 0, 0, 0, 0, 2, 1, 2, 0, 1, 1, 1, 0, 1, 2, 1, 2, 1, 0, 0, 2, 1, 0, 1, 2, 1, 2, 1, 1, 1, 1, 1, 1, 1, 0, 0, 0, 1, 1, 0, 1, 0, 1, 0, 1, 1, 0, 1, 0, 0, 0, 2, 1, 2, 0, 1, 0, 0, 2, 2, 1]|[0, 3, 2, 2, 4, 1, 2, 2, 2, 4, 1, 1, 2, 4, 4, 1, 2, 4, 2, 1, 1, 1, 1, 2, 1, 2, 1, 1, 1, 1, 2, 3, 0, 4, 0, 1, 2, 0, 3, 2, 2, 2, 1, 0, 2, 0, 1, 1, 0, 2, 2, 2, 0, 0, 3, 2, 4, 1, 2, 2, 3, 1, 1, 1, 3, 0, 4, 3, 3, 1, 4, 1, 1, 1, 1, 2, 4, 4, 0, 1, 2, 3, 2, 4, 1, 1, 3, 1, 1, 1, 1, 4, 1, 2, 1, 1, 2, 2, 1, 1]|[0, 2, 1, 1, 3, 0, 1, 0, 0, 0, 0, 0, 1, 0, 1, 0, 1, 3, 1, 0, 0, 0, 3, 1, 0, 2, 0, 0, 0, 1, 0, 0, 0, 3, 0, 1, 1, 0, 2, 0, 0, 0, 0, 1, 0, 0, 0, 0, 0, 1, 1, 0, 3, 0, 0, 1, 2, 0, 1, 0, 2, 0, 1, 0, 2, 1, 0, 0, 0, 1, 1, 3, 1, 0, 0, 1, 3, 3, 1, 2, 1, 0, 1, 3, 1, 0, 2, 0, 0, 0, 0, 0, 0, 0, 1, 1, 0, 0, 0, 1],740.6648699319737,58345.503832923176,99227.13002615936,false
8,G4_BALANCED,G4_BALANCED,[31, 22, 82, 15, 26, 9, 95, 42, 77, 12, 47, 5, 93, 78, 86, 54, 85, 63, 18, 44, 20, 35, 43, 97, 91, 76, 10, 30, 21, 45, 71, 64, 1, 23, 17, 83, 24, 14, 60, 36, 6, 57, 40, 88, 65, 56, 79, 69, 67, 68, 46, 75, 38, 58, 19, 32, 81, 48, 27, 62, 87, 90, 99, 59, 11, 16, 72, 73, 70, 39, 37, 84, 3, 92, 25, 55, 28, 29, 51, 7, 66, 61, 98, 41, 89, 50, 8, 96, 53, 80, 34, 4, 33, 2, 52, 49, 0, 94, 74, 13]|[1, 1, 0, 1, 1, 0, 1, 2, 2, 1, 2, 2, 2, 1, 1, 0, 0, 1, 0, 2, 2, 0, 1, 2, 0, 1, 2, 2, 0, 0, 1, 2, 1, 0, 1, 0, 2, 0, 1, 1, 0, 1, 1, 1, 0, 2, 1, 1, 0, 0, 0, 0, 1, 1, 2, 1, 2, 1, 0, 0, 2, 1, 0, 1, 2, 1, 2, 1, 1, 1, 1, 1, 1, 0, 1, 1, 0, 0, 0, 1, 2, 1, 2, 0, 1, 0, 1, 0, 0, 0, 2, 1, 2, 0, 2, 0, 0, 1, 2, 0]|[4, 3, 2, 2, 4, 1, 2, 2, 2, 4, 1, 1, 2, 4, 4, 1, 2, 4, 2, 1, 1, 1, 1, 2, 1, 2, 1, 1, 1, 1, 3, 2, 3, 0, 4, 0, 1, 1, 0, 3, 2, 2, 2, 0, 1, 1, 0, 4, 0, 1, 2, 2, 1, 0, 0, 3, 2, 4, 1, 2, 2, 3, 1, 1, 1, 3, 0, 4, 3, 1, 4, 1, 1, 0, 4, 4, 2, 1, 1, 1, 1, 3, 1, 1, 1, 1, 3, 1, 2, 1, 1, 4, 1, 2, 1, 1, 2, 4, 1, 2]|[0, 2, 1, 1, 3, 0, 1, 0, 0, 0, 0, 0, 1, 0, 1, 0, 0, 3, 1, 0, 0, 0, 3, 1, 0, 2, 0, 0, 0, 1, 0, 0, 0, 0, 3, 0, 1, 0, 0, 2, 1, 1, 1, 0, 0, 0, 0, 2, 1, 0, 0, 0, 1, 3, 0, 0, 1, 2, 0, 1, 0, 2, 0, 1, 0, 2, 1, 0, 0, 1, 1, 3, 1, 1, 3, 3, 1, 0, 0, 2, 0, 0, 0, 0, 1, 0, 2, 0, 1, 0, 0, 0, 0, 0, 0, 1, 0, 2, 0, 0],799.8760963143906,56743.13879817433,96558.24459221074,false
8,G2_TEC,G3_TWC,[31, 22, 82, 15, 26, 9, 95, 42, 87, 77, 12, 47, 5, 93, 78, 86, 54, 85, 63, 18, 44, 20, 35, 43, 97, 39, 76, 10, 30, 21, 45, 71, 64, 1, 23, 17, 83, 24, 14, 60, 36, 6, 57, 40, 88, 65, 56, 79, 94, 67, 68, 46, 75, 38, 58, 19, 32, 81, 41, 27, 62, 90, 99, 59, 11, 16, 72, 73, 69, 28, 37, 84, 3, 92, 25, 55, 91, 29, 51, 7, 66, 70, 98, 33, 89, 50, 48, 96, 80, 53, 8, 4, 34, 2, 52, 49, 0, 61, 74, 13]|[1, 1, 0, 1, 1, 0, 1, 2, 2, 2, 1, 2, 2, 2, 1, 1, 0, 0, 1, 0, 2, 2, 0, 1, 2, 0, 1, 2, 2, 0, 0, 1, 2, 1, 2, 1, 0, 2, 0, 1, 1, 0, 1, 1, 1, 0, 2, 1, 1, 0, 0, 0, 0, 1, 1, 2, 1, 2, 1, 0, 0, 1, 0, 1, 2, 1, 2, 1, 1, 1, 0, 1, 1, 0, 1, 1, 0, 0, 0, 1, 2, 1, 0, 0, 1, 0, 0, 0, 0, 0, 0, 0, 2, 0, 1, 0, 0, 1, 2, 0]|[4, 3, 2, 2, 4, 1, 2, 2, 2, 2, 4, 1, 1, 2, 4, 4, 1, 2, 4, 2, 1, 1, 1, 1, 2, 1, 2, 1, 1, 1, 1, 3, 2, 3, 0, 4, 0, 1, 1, 0, 3, 2, 2, 2, 0, 1, 1, 0, 4, 0, 1, 2, 2, 1, 0, 0, 3, 2, 4, 1, 2, 3, 1, 1, 1, 3, 0, 4, 3, 1, 1, 1, 1, 0, 4, 4, 2, 1, 1, 1, 1, 4, 1, 2, 1, 1, 1, 1, 1, 2, 1, 2, 1, 2, 1, 1, 2, 3, 1, 2]|[0, 2, 1, 1, 3, 0, 1, 0, 0, 0, 0, 0, 0, 1, 0, 1, 0, 0, 3, 1, 0, 0, 0, 3, 1, 0, 2, 0, 0, 0, 1, 0, 0, 0, 0, 3, 0, 1, 0, 0, 2, 1, 1, 1, 0, 0, 0, 0, 2, 1, 0, 0, 0, 1, 3, 0, 0, 1, 2, 0, 1, 2, 0, 1, 0, 2, 1, 0, 0, 1, 0, 3, 1, 1, 3, 3, 1, 0, 0, 2, 0, 2, 0, 1, 1, 0, 0, 0, 0, 1, 0, 1, 0, 0, 1, 1, 0, 0, 0, 0],856.0804973786938,57713.644241342336,93543.03988627753,true
8,G3_TWC,G3_TWC,[31, 22, 82, 15, 26, 9, 95, 42, 77, 12, 47, 5, 93, 78, 86, 54, 85, 63, 18, 44, 20, 35, 43, 97, 91, 76, 10, 30, 21, 45, 71, 64, 1, 23, 17, 83, 24, 14, 60, 36, 6, 57, 40, 88, 65, 56, 79, 94, 67, 68, 46, 75, 38, 58, 19, 32, 81, 41, 27, 62, 87, 90, 99, 59, 11, 16, 72, 73, 69, 28, 37, 84, 3, 92, 25, 55, 39, 29, 51, 7, 33, 61, 98, 48, 89, 50, 66, 96, 80, 53, 8, 4, 34, 2, 52, 49, 0, 70, 74, 13]|[1, 1, 0, 1, 1, 0, 1, 2, 2, 1, 2, 2, 2, 1, 1, 0, 0, 1, 0, 2, 2, 0, 1, 2, 0, 1, 2, 2, 0, 0, 1, 2, 1, 2, 1, 0, 2, 0, 1, 1, 0, 1, 1, 1, 0, 2, 1, 1, 0, 0, 0, 0, 1, 1, 2, 1, 2, 1, 0, 0, 2, 1, 0, 1, 2, 1, 2, 1, 1, 0, 0, 1, 1, 0, 1, 1, 1, 0, 0, 1, 0, 1, 0, 0, 1, 0, 2, 0, 0, 0, 0, 0, 2, 0, 1, 0, 0, 1, 2, 0]|[4, 3, 2, 2, 4, 1, 2, 2, 2, 4, 1, 1, 2, 4, 4, 1, 2, 4, 2, 1, 1, 1, 1, 2, 1, 2, 1, 1, 1, 1, 3, 2, 3, 0, 4, 0, 1, 1, 0, 3, 2, 2, 2, 0, 1, 1, 0, 4, 0, 1, 2, 2, 1, 0, 0, 3, 2, 4, 1, 2, 2, 3, 1, 1, 1, 3, 0, 4, 3, 2, 1, 1, 1, 0, 4, 4, 1, 1, 1, 1, 2, 3, 1, 1, 1, 1, 1, 1, 1, 2, 1, 2, 1, 2, 1, 1, 2, 4, 1, 2]|[0, 2, 1, 1, 3, 0, 1, 0, 0, 0, 0, 0, 1, 0, 1, 0, 0, 3, 1, 0, 0, 0, 3, 1, 0, 2, 0, 0, 0, 1, 0, 0, 0, 0, 3, 0, 1, 0, 0, 2, 1, 1, 1, 0, 0, 0, 0, 2, 1, 0, 0, 0, 1, 3, 0, 0, 1, 2, 0, 1, 0, 2, 0, 1, 0, 2, 1, 0, 0, 1, 0, 3, 1, 1, 3, 3, 1, 0, 0, 2, 1, 0, 0, 0, 1, 0, 0, 0, 0, 1, 0, 1, 0, 0, 1, 1, 0, 2, 0, 0],847.0427978319374,57913.11646638373,93531.36983571656,false
8,G1_CMAX,G1_CMAX,[31, 22, 82, 15, 26, 9, 95, 42, 77, 12, 47, 5, 93, 78, 86, 54, 6, 63, 18, 44, 20, 35, 43, 97, 91, 76, 10, 30, 21, 45, 64, 1, 23, 17, 83, 24, 14, 60, 36, 13, 75, 46, 68, 67, 69, 79, 56, 65, 88, 40, 57, 85, 58, 19, 32, 81, 48, 27, 62, 87, 90, 99, 59, 11, 16, 72, 73, 71, 70, 39, 37, 84, 3, 98, 29, 28, 55, 25, 92, 7, 33, 61, 53, 41, 89, 50, 8, 96, 51, 80, 34, 4, 66, 2, 52, 49, 0, 94, 74, 38]|[1, 1, 0, 1, 1, 0, 1, 2, 2, 1, 2, 2, 2, 1, 1, 0, 0, 1, 0, 2, 2, 0, 1, 2, 0, 1, 2, 2, 0, 0, 2, 1, 2, 1, 0, 2, 2, 1, 1, 0, 0, 0, 0, 0, 2, 1, 2, 0, 1, 1, 1, 0, 1, 2, 1, 2, 1, 0, 0, 2, 1, 0, 1, 2, 1, 2, 1, 1, 1, 1, 1, 1, 1, 0, 0, 0, 1, 1, 0, 1, 0, 1, 0, 1, 1, 0, 1, 0, 0, 0, 2, 1, 2, 0, 1, 0, 0, 2, 2, 1]|[0, 3, 2, 2, 4, 1, 2, 2, 2, 4, 1, 1, 2, 4, 4, 1, 2, 4, 2, 1, 1, 1, 1, 2, 1, 2, 1, 1, 1, 1, 2, 3, 0, 4, 0, 1, 2, 0, 3, 2, 2, 2, 1, 0, 2, 0, 1, 1, 0, 2, 2, 2, 0, 0, 3, 2, 4, 1, 2, 2, 3, 1, 1, 1, 3, 0, 4, 3, 3, 1, 4, 1, 1, 1, 1, 2, 4, 4, 0, 1, 2, 3, 2, 4, 1, 1, 3, 1, 1, 1, 1, 4, 1, 2, 1, 1, 2, 2, 1, 1]|[0, 2, 1, 1, 3, 0, 1, 0, 0, 0, 0, 0, 1, 0, 1, 0, 1, 3, 1, 0, 0, 0, 3, 1, 0, 2, 0, 0, 0, 1, 0, 0, 0, 3, 0, 1, 1, 0, 2, 0, 0, 0, 0, 1, 0, 0, 0, 0, 0, 1, 1, 0, 3, 0, 0, 1, 2, 0, 1, 0, 2, 0, 1, 0, 2, 1, 0, 0, 0, 1, 1, 3, 1, 0, 0, 1, 3, 3, 1, 2, 1, 0, 1, 3, 1, 0, 2, 0, 0, 0, 0, 0, 0, 0, 1, 1, 0, 0, 0, 1],740.6648699319737,58345.503832923176,99227.13002615936,false
8,G4_BALANCED,G4_BALANCED,[31, 22, 82, 15, 26, 9, 95, 42, 77, 12, 47, 5, 93, 78, 86, 54, 85, 63, 18, 44, 20, 35, 43, 97, 91, 76, 10, 30, 21, 45, 71, 64, 1, 23, 17, 83, 24, 14, 60, 36, 6, 57, 40, 88, 65, 56, 79, 69, 67, 68, 46, 75, 38, 58, 19, 32, 81, 48, 27, 62, 87, 90, 99, 59, 11, 16, 72, 73, 61, 39, 37, 84, 3, 92, 25, 55, 28, 29, 51, 7, 66, 70, 98, 41, 89, 50, 96, 8, 80, 53, 33, 4, 2, 34, 52, 49, 0, 94, 74, 13]|[1, 1, 0, 1, 1, 0, 1, 2, 2, 1, 2, 2, 2, 1, 1, 0, 0, 1, 0, 2, 2, 0, 1, 2, 0, 1, 2, 2, 0, 0, 1, 2, 1, 2, 1, 0, 2, 0, 1, 1, 0, 1, 1, 1, 0, 2, 1, 2, 0, 0, 0, 0, 1, 1, 2, 1, 2, 1, 0, 0, 2, 1, 0, 1, 2, 1, 2, 1, 1, 1, 1, 1, 1, 0, 1, 1, 0, 0, 0, 1, 2, 1, 2, 0, 1, 0, 0, 1, 0, 0, 2, 1, 0, 2, 1, 0, 0, 1, 2, 0]|[4, 3, 2, 2, 4, 1, 2, 2, 2, 4, 1, 1, 2, 4, 4, 1, 2, 4, 2, 1, 1, 1, 1, 2, 1, 2, 1, 1, 1, 1, 3, 2, 3, 0, 4, 0, 1, 1, 0, 3, 2, 2, 2, 0, 1, 1, 0, 2, 0, 1, 2, 2, 1, 4, 0, 3, 2, 4, 1, 2, 2, 3, 1, 1, 1, 3, 0, 4, 3, 1, 4, 1, 1, 0, 4, 4, 2, 1, 1, 1, 0, 3, 1, 1, 1, 1, 1, 3, 1, 2, 1, 4, 2, 1, 1, 1, 2, 4, 1, 2]|[0, 2, 1, 1, 3, 0, 1, 0, 0, 0, 0, 0, 1, 0, 1, 0, 0, 3, 1, 0, 0, 0, 3, 1, 0, 2, 0, 0, 0, 1, 0, 0, 0, 0, 3, 0, 1, 0, 0, 2, 1, 1, 1, 0, 0, 0, 0, 0, 1, 0, 0, 0, 1, 3, 0, 0, 1, 2, 0, 1, 0, 2, 0, 1, 0, 2, 1, 0, 0, 1, 1, 3, 1, 1, 3, 3, 1, 0, 0, 2, 0, 0, 0, 0, 1, 0, 0, 2, 0, 1, 0, 0, 0, 0, 1, 1, 0, 2, 0, 0],776.2269886506458,56886.305867047966,99222.37921866801,false
8,G2_TEC,G2_TEC,[31, 22, 82, 15, 26, 9, 95, 42, 77, 68, 47, 5, 93, 78, 86, 54, 85, 63, 18, 44, 20, 49, 36, 14, 74, 50, 53, 17, 21, 45, 71, 64, 3, 23, 30, 83, 24, 41, 60, 52, 65, 27, 90, 70, 39, 87, 48, 69, 99, 4, 46, 1, 13, 58, 97, 59, 28, 8, 73, 37, 35, 79, 11, 66, 76, 57, 40, 80, 96, 6, 16, 61, 33, 98, 32, 34, 62, 67, 10, 7, 56, 88, 51, 19, 91, 38, 75, 92, 0, 12, 43, 55, 2, 29, 81, 25, 84, 94, 89, 72]|[2, 1, 2, 1, 1, 2, 1, 1, 1, 1, 1, 0, 2, 2, 1, 2, 0, 0, 0, 2, 2, 1, 0, 2, 0, 2, 2, 1, 0, 1, 1, 1, 0, 0, 1, 0, 2, 1, 2, 2, 0, 1, 1, 1, 0, 2, 0, 2, 1, 0, 0, 2, 2, 0, 2, 0, 2, 1, 0, 0, 2, 1, 0, 2, 2, 0, 2, 2, 0, 1, 2, 1, 1, 0, 0, 1, 1, 1, 1, 2, 2, 1, 1, 1, 1, 0, 0, 0, 0, 1, 1, 0, 2, 1, 1, 1, 0, 1, 1, 1]|[0, 3, 0, 2, 4, 1, 4, 4, 2, 4, 3, 2, 1, 0, 2, 1, 1, 1, 2, 1, 1, 3, 0, 1, 0, 1, 1, 4, 1, 4, 3, 2, 2, 0, 4, 1, 1, 4, 0, 1, 2, 2, 4, 4, 1, 1, 0, 2, 3, 1, 2, 1, 2, 1, 1, 2, 0, 3, 0, 2, 2, 3, 1, 0, 1, 0, 0, 1, 2, 4, 1, 3, 4, 2, 2, 4, 3, 3, 3, 1, 0, 4, 3, 4, 3, 2, 2, 2, 2, 3, 4, 2, 1, 3, 1, 4, 2, 4, 4, 4]|[0, 2, 0, 1, 3, 0, 1, 3, 0, 0, 2, 0, 1, 0, 1, 0, 0, 0, 1, 0, 0, 2, 0, 0, 1, 0, 0, 3, 0, 1, 0, 2, 0, 0, 3, 0, 1, 3, 1, 0, 0, 1, 1, 3, 0, 0, 1, 0, 2, 0, 0, 0, 0, 0, 1, 0, 0, 0, 1, 1, 0, 2, 0, 0, 0, 1, 0, 0, 0, 2, 0, 0, 1, 0, 0, 2, 0, 0, 3, 0, 0, 1, 0, 3, 0, 0, 0, 0, 0, 0, 2, 0, 0, 0, 1, 3, 1, 2, 1, 2],868.7652750258076,52601.799942255915,114621.13479061492,false
8,G3_TWC,G3_TWC,[31, 22, 82, 15, 26, 9, 95, 42, 77, 12, 47, 5, 93, 78, 86, 54, 85, 63, 18, 44, 20, 35, 43, 97, 91, 76, 10, 30, 21, 45, 71, 64, 1, 23, 17, 83, 24, 14, 60, 36, 6, 57, 40, 88, 65, 56, 79, 94, 67, 68, 46, 75, 38, 58, 19, 32, 81, 41, 27, 62, 87, 90, 99, 59, 11, 16, 72, 73, 69, 28, 37, 84, 3, 92, 25, 55, 39, 29, 51, 7, 33, 61, 98, 48, 89, 50, 66, 96, 80, 53, 8, 4, 34, 2, 52, 49, 0, 70, 74, 13]|[1, 1, 0, 1, 1, 0, 1, 2, 2, 1, 2, 2, 2, 1, 1, 0, 0, 1, 0, 2, 2, 0, 1, 2, 0, 1, 2, 2, 0, 0, 1, 2, 1, 2, 1, 0, 2, 0, 1, 1, 0, 1, 1, 1, 0, 2, 1, 1, 0, 0, 0, 0, 1, 1, 2, 1, 2, 1, 0, 0, 2, 1, 0, 1, 2, 1, 2, 1, 1, 0, 0, 1, 1, 0, 1, 1, 1, 0, 0, 1, 0, 1, 0, 0, 1, 0, 2, 0, 0, 0, 0, 0, 2, 0, 1, 0, 0, 1, 2, 0]|[4, 3, 2, 2, 4, 1, 2, 2, 2, 4, 1, 1, 2, 4, 4, 1, 2, 4, 2, 1, 1, 1, 1, 2, 1, 2, 1, 1, 1, 1, 3, 2, 3, 0, 4, 0, 1, 1, 0, 3, 2, 2, 2, 0, 1, 1, 0, 4, 0, 1, 2, 2, 1, 0, 0, 3, 2, 4, 1, 2, 2, 3, 1, 1, 1, 3, 0, 4, 3, 2, 1, 1, 1, 0, 4, 4, 1, 1, 1, 1, 2, 3, 1, 1, 1, 1, 1, 1, 1, 2, 1, 2, 1, 2, 1, 1, 2, 4, 1, 2]|[0, 2, 1, 1, 3, 0, 1, 0, 0, 0, 0, 0, 1, 0, 1, 0, 0, 3, 1, 0, 0, 0, 3, 1, 0, 2, 0, 0, 0, 1, 0, 0, 0, 0, 3, 0, 1, 0, 0, 2, 1, 1, 1, 0, 0, 0, 0, 2, 1, 0, 0, 0, 1, 3, 0, 0, 1, 2, 0, 1, 0, 2, 0, 1, 0, 2, 1, 0, 0, 1, 0, 3, 1, 1, 3, 3, 1, 0, 0, 2, 1, 0, 0, 0, 1, 0, 0, 0, 0, 1, 0, 1, 0, 0, 1, 1, 0, 2, 0, 0],847.0427978319374,57913.11646638373,93531.36983571656,false
8,G1_CMAX,G2_TEC,[31, 22, 82, 15, 26, 9, 95, 42, 77, 68, 47, 5, 93, 78, 86, 54, 85, 63, 18, 44, 20, 49, 36, 14, 74, 50, 53, 17, 21, 45, 71, 64, 3, 23, 30, 83, 24, 41, 60, 52, 65, 27, 90, 70, 39, 87, 48, 69, 99, 4, 46, 1, 13, 58, 97, 59, 28, 8, 73, 37, 35, 79, 11, 66, 76, 57, 40, 80, 96, 6, 16, 61, 33, 98, 32, 34, 62, 67, 10, 7, 56, 88, 51, 19, 91, 38, 75, 92, 0, 12, 43, 55, 2, 29, 81, 25, 84, 94, 89, 72]|[2, 1, 2, 1, 1, 2, 1, 1, 1, 1, 1, 0, 2, 2, 1, 2, 0, 0, 0, 2, 2, 1, 0, 2, 0, 2, 2, 1, 0, 1, 1, 1, 0, 0, 1, 0, 2, 1, 2, 2, 0, 1, 1, 1, 0, 2, 0, 2, 1, 0, 0, 2, 2, 0, 2, 0, 2, 1, 0, 0, 2, 1, 0, 2, 2, 0, 2, 2, 0, 1, 2, 1, 1, 0, 0, 1, 1, 1, 1, 2, 2, 1, 1, 1, 1, 0, 0, 0, 0, 1, 1, 0, 2, 1, 1, 1, 0, 1, 1, 1]|[0, 3, 0, 2, 4, 1, 4, 4, 2, 4, 3, 2, 1, 0, 2, 1, 1, 1, 2, 1, 1, 3, 0, 1, 0, 1, 1, 4, 1, 4, 3, 2, 2, 0, 4, 1, 1, 4, 0, 1, 2, 2, 4, 4, 1, 1, 0, 2, 3, 1, 2, 1, 2, 1, 1, 2, 0, 3, 0, 2, 2, 3, 1, 0, 1, 0, 0, 1, 2, 4, 1, 3, 4, 2, 2, 4, 3, 3, 3, 1, 0, 4, 3, 4, 3, 2, 2, 2, 2, 3, 4, 2, 1, 3, 1, 4, 2, 4, 4, 4]|[0, 2, 0, 1, 3, 0, 1, 3, 0, 0, 2, 0, 1, 0, 1, 0, 0, 0, 1, 0, 0, 2, 0, 0, 1, 0, 0, 3, 0, 1, 0, 2, 0, 0, 3, 0, 1, 3, 1, 0, 0, 1, 1, 3, 0, 0, 1, 0, 2, 0, 0, 0, 0, 0, 1, 0, 0, 0, 1, 1, 0, 2, 0, 0, 0, 1, 0, 0, 0, 2, 0, 0, 1, 0, 0, 2, 0, 0, 3, 0, 0, 1, 0, 3, 0, 0, 0, 0, 0, 0, 2, 0, 0, 0, 1, 3, 1, 2, 1, 2],868.7652750258076,52601.799942255915,114621.13479061492,true
8,G4_BALANCED,G4_BALANCED,[31, 22, 82, 15, 26, 9, 95, 42, 77, 12, 47, 5, 93, 78, 86, 54, 85, 63, 18, 44, 20, 35, 43, 97, 91, 76, 10, 30, 21, 45, 71, 64, 1, 52, 17, 83, 24, 14, 60, 36, 6, 57, 40, 88, 65, 56, 79, 69, 67, 68, 46, 75, 38, 58, 19, 32, 81, 48, 27, 62, 87, 90, 99, 59, 11, 16, 72, 73, 70, 39, 37, 84, 3, 92, 25, 55, 28, 29, 51, 7, 66, 61, 98, 41, 8, 50, 96, 89, 80, 53, 33, 4, 2, 34, 23, 49, 0, 94, 74, 13]|[1, 1, 0, 1, 1, 0, 1, 2, 2, 1, 2, 2, 2, 1, 1, 0, 0, 1, 0, 2, 2, 0, 1, 2, 0, 1, 2, 2, 0, 0, 1, 2, 1, 2, 1, 0, 2, 0, 1, 1, 0, 1, 1, 1, 0, 2, 1, 2, 0, 0, 0, 0, 1, 1, 2, 1, 2, 1, 0, 0, 2, 1, 0, 1, 2, 1, 2, 1, 1, 1, 1, 1, 1, 0, 1, 1, 0, 0, 0, 1, 2, 1, 2, 0, 1, 0, 0, 1, 0, 0, 2, 1, 0, 2, 2, 0, 0, 1, 2, 0]|[4, 3, 2, 2, 4, 1, 2, 2, 2, 4, 1, 1, 2, 4, 4, 1, 2, 4, 2, 1, 1, 1, 1, 2, 1, 2, 1, 1, 1, 1, 3, 2, 3, 1, 4, 0, 1, 1, 0, 3, 2, 2, 2, 0, 1, 1, 0, 2, 0, 1, 2, 2, 1, 0, 0, 3, 2, 4, 1, 2, 2, 3, 1, 1, 1, 3, 0, 4, 3, 1, 4, 1, 1, 0, 4, 4, 2, 1, 1, 1, 0, 3, 1, 1, 3, 1, 1, 1, 1, 2, 1, 4, 2, 1, 1, 1, 2, 4, 1, 2]|[0, 2, 1, 1, 3, 0, 1, 0, 0, 0, 0, 0, 1, 0, 1, 0, 0, 3, 1, 0, 0, 0, 3, 1, 0, 2, 0, 0, 0, 1, 0, 0, 0, 0, 3, 0, 1, 0, 0, 2, 1, 1, 1, 0, 0, 0, 0, 0, 1, 0, 0, 0, 1, 3, 0, 0, 1, 2, 0, 1, 0, 2, 0, 1, 0, 2, 1, 0, 0, 1, 1, 3, 1, 1, 3, 3, 1, 0, 0, 2, 0, 0, 0, 0, 2, 0, 0, 1, 0, 1, 0, 0, 0, 0, 0, 1, 0, 2, 0, 0],776.2269886506458,56689.668852601615,99082.91893113896,false
8,G2_TEC,G2_TEC,[31, 22, 82, 15, 26, 9, 95, 42, 77, 68, 47, 5, 93, 78, 86, 54, 85, 63, 18, 44, 20, 49, 36, 14, 74, 50, 53, 17, 21, 45, 71, 64, 3, 23, 30, 83, 24, 41, 60, 52, 65, 27, 90, 70, 39, 87, 48, 69, 99, 4, 46, 1, 13, 58, 97, 59, 28, 8, 73, 37, 35, 79, 11, 66, 76, 57, 40, 80, 96, 6, 16, 61, 33, 98, 32, 34, 62, 67, 10, 7, 56, 88, 51, 19, 91, 38, 75, 92, 0, 12, 43, 55, 2, 29, 81, 25, 84, 94, 89, 72]|[2, 1, 2, 1, 1, 2, 1, 1, 1, 1, 1, 0, 2, 2, 1, 2, 0, 0, 0, 2, 2, 1, 0, 2, 0, 2, 2, 1, 0, 1, 1, 1, 0, 0, 1, 0, 2, 1, 2, 2, 0, 1, 1, 1, 0, 2, 0, 2, 1, 0, 0, 2, 2, 0, 2, 0, 2, 1, 0, 0, 2, 1, 0, 2, 2, 0, 2, 2, 0, 1, 2, 1, 1, 0, 0, 1, 1, 1, 1, 2, 2, 1, 1, 1, 1, 0, 0, 0, 0, 1, 1, 0, 2, 1, 1, 1, 0, 1, 1, 1]|[0, 3, 0, 2, 4, 1, 4, 4, 2, 4, 3, 2, 1, 0, 2, 1, 1, 1, 2, 1, 1, 3, 0, 1, 0, 1, 1, 4, 1, 4, 3, 2, 2, 0, 4, 1, 1, 4, 0, 1, 2, 2, 4, 4, 1, 1, 0, 2, 3, 1, 2, 1, 2, 1, 1, 2, 0, 3, 0, 2, 2, 3, 1, 0, 1, 0, 0, 1, 2, 4, 1, 3, 4, 2, 2, 4, 3, 3, 3, 1, 0, 4, 3, 4, 3, 2, 2, 2, 2, 3, 4, 2, 1, 3, 1, 4, 2, 4, 4, 4]|[0, 2, 0, 1, 3, 0, 1, 3, 0, 0, 2, 0, 1, 0, 1, 0, 0, 0, 1, 0, 0, 2, 0, 0, 1, 0, 0, 3, 0, 1, 0, 2, 0, 0, 3, 0, 1, 3, 1, 0, 0, 1, 1, 3, 0, 0, 1, 0, 2, 0, 0, 0, 0, 0, 1, 0, 0, 0, 1, 1, 0, 2, 0, 0, 0, 1, 0, 0, 0, 2, 0, 0, 1, 0, 0, 2, 0, 0, 3, 0, 0, 1, 0, 3, 0, 0, 0, 0, 0, 0, 2, 0, 0, 0, 1, 3, 1, 2, 1, 2],868.7652750258076,52601.799942255915,114621.13479061492,false
8,G3_TWC,G3_TWC,[31, 22, 82, 15, 26, 9, 95, 42, 77, 12, 47, 5, 93, 78, 86, 54, 85, 63, 18, 44, 20, 35, 43, 97, 91, 76, 10, 30, 21, 45, 71, 64, 1, 23, 17, 83, 24, 14, 60, 36, 6, 57, 40, 88, 65, 56, 79, 94, 67, 68, 46, 75, 38, 58, 19, 32, 81, 41, 27, 62, 87, 90, 99, 59, 11, 16, 72, 73, 69, 28, 37, 84, 3, 92, 25, 55, 39, 29, 51, 7, 33, 61, 98, 48, 89, 50, 66, 96, 80, 53, 8, 4, 34, 2, 52, 49, 0, 70, 74, 13]|[1, 1, 0, 1, 1, 0, 1, 2, 2, 1, 2, 2, 2, 1, 1, 0, 0, 1, 0, 2, 2, 0, 1, 2, 0, 1, 2, 2, 0, 0, 1, 2, 1, 2, 1, 0, 2, 0, 1, 1, 0, 1, 1, 1, 0, 2, 1, 1, 0, 0, 0, 0, 1, 1, 2, 1, 2, 1, 0, 0, 2, 1, 0, 1, 2, 1, 2, 1, 1, 0, 0, 1, 1, 0, 1, 1, 1, 0, 0, 1, 0, 1, 0, 0, 1, 0, 2, 0, 0, 0, 0, 0, 2, 0, 1, 0, 0, 1, 2, 0]|[4, 3, 2, 2, 4, 1, 2, 2, 2, 4, 1, 1, 2, 4, 4, 1, 2, 4, 2, 1, 1, 1, 1, 2, 1, 2, 1, 1, 1, 1, 3, 2, 3, 0, 4, 0, 1, 1, 0, 3, 2, 2, 2, 0, 1, 1, 0, 4, 0, 1, 2, 2, 1, 0, 0, 3, 2, 4, 1, 2, 2, 3, 1, 1, 1, 3, 0, 4, 3, 2, 1, 1, 1, 0, 4, 4, 1, 1, 1, 1, 2, 3, 1, 1, 1, 1, 1, 1, 1, 2, 1, 2, 1, 2, 1, 1, 2, 4, 1, 2]|[0, 2, 1, 1, 3, 0, 1, 0, 0, 0, 0, 0, 1, 0, 1, 0, 0, 3, 1, 0, 0, 0, 3, 1, 0, 2, 0, 0, 0, 1, 0, 0, 0, 0, 3, 0, 1, 0, 0, 2, 1, 1, 1, 0, 0, 0, 0, 2, 1, 0, 0, 0, 1, 3, 0, 0, 1, 2, 0, 1, 0, 2, 0, 1, 0, 2, 1, 0, 0, 1, 0, 3, 1, 1, 3, 3, 1, 0, 0, 2, 1, 0, 0, 0, 1, 0, 0, 0, 0, 1, 0, 1, 0, 0, 1, 1, 0, 2, 0, 0],847.0427978319374,57913.11646638373,93531.36983571656,false
8,G1_CMAX,G2_TEC,[31, 22, 82, 15, 26, 9, 95, 42, 77, 68, 47, 5, 93, 78, 86, 54, 85, 63, 18, 44, 20, 49, 36, 14, 74, 50, 53, 17, 21, 45, 71, 64, 3, 23, 30, 83, 24, 41, 60, 52, 65, 27, 90, 70, 39, 87, 48, 69, 99, 4, 46, 1, 13, 58, 97, 59, 28, 8, 73, 37, 35, 79, 11, 66, 76, 57, 40, 80, 96, 6, 16, 61, 33, 98, 32, 34, 62, 67, 10, 7, 56, 88, 51, 19, 91, 38, 75, 92, 0, 12, 43, 55, 2, 29, 81, 25, 84, 94, 89, 72]|[2, 1, 2, 1, 1, 2, 1, 1, 1, 1, 1, 0, 2, 2, 1, 2, 0, 0, 0, 2, 2, 1, 0, 2, 0, 2, 2, 1, 0, 1, 1, 1, 0, 0, 1, 0, 2, 1, 2, 2, 0, 1, 1, 1, 0, 2, 0, 2, 1, 0, 0, 2, 2, 0, 2, 0, 2, 1, 0, 0, 2, 1, 0, 2, 2, 0, 2, 2, 0, 1, 2, 1, 1, 0, 0, 1, 1, 1, 1, 2, 2, 1, 1, 1, 1, 0, 0, 0, 0, 1, 1, 0, 2, 1, 1, 1, 0, 1, 1, 1]|[0, 3, 0, 2, 4, 1, 4, 4, 2, 4, 3, 2, 1, 0, 2, 1, 1, 1, 2, 1, 1, 3, 0, 1, 0, 1, 1, 4, 1, 4, 3, 2, 2, 0, 4, 1, 1, 4, 0, 1, 2, 2, 4, 4, 1, 1, 0, 2, 3, 1, 2, 1, 2, 1, 1, 2, 0, 3, 0, 2, 2, 3, 1, 0, 1, 0, 0, 1, 2, 4, 1, 3, 4, 2, 2, 4, 3, 3, 3, 1, 0, 4, 3, 4, 3, 2, 2, 2, 2, 3, 4, 2, 1, 3, 1, 4, 2, 4, 4, 4]|[0, 2, 0, 1, 3, 0, 1, 3, 0, 0, 2, 0, 1, 0, 1, 0, 0, 0, 1, 0, 0, 2, 0, 0, 1, 0, 0, 3, 0, 1, 0, 2, 0, 0, 3, 0, 1, 3, 1, 0, 0, 1, 1, 3, 0, 0, 1, 0, 2, 0, 0, 0, 0, 0, 1, 0, 0, 0, 1, 1, 0, 2, 0, 0, 0, 1, 0, 0, 0, 2, 0, 0, 1, 0, 0, 2, 0, 0, 3, 0, 0, 1, 0, 3, 0, 0, 0, 0, 0, 0, 2, 0, 0, 0, 1, 3, 1, 2, 1, 2],868.7652750258076,52601.799942255915,114621.13479061492,true
8,G4_BALANCED,G4_BALANCED,[31, 22, 82, 15, 26, 9, 95, 42, 77, 12, 47, 5, 93, 78, 86, 54, 85, 63, 18, 44, 20, 35, 43, 97, 91, 76, 10, 30, 21, 45, 71, 64, 1, 52, 17, 83, 24, 14, 60, 36, 6, 57, 40, 88, 65, 56, 79, 69, 67, 68, 46, 75, 38, 58, 19, 32, 81, 48, 27, 62, 87, 90, 99, 59, 11, 16, 72, 73, 70, 39, 37, 84, 3, 92, 25, 55, 28, 29, 51, 7, 66, 61, 98, 41, 8, 50, 96, 89, 80, 53, 33, 4, 2, 34, 23, 49, 0, 94, 74, 13]|[1, 1, 0, 1, 1, 0, 1, 2, 2, 1, 2, 2, 2, 1, 1, 0, 0, 1, 0, 2, 2, 0, 1, 2, 0, 1, 2, 2, 0, 0, 1, 2, 1, 2, 1, 0, 2, 0, 1, 1, 0, 1, 1, 1, 0, 2, 1, 2, 0, 0, 0, 0, 1, 1, 2, 1, 2, 1, 0, 0, 2, 1, 0, 1, 2, 1, 2, 1, 1, 1, 1, 1, 1, 0, 1, 1, 0, 0, 0, 1, 2, 1, 2, 0, 1, 0, 0, 1, 0, 0, 2, 1, 0, 2, 2, 0, 0, 1, 2, 0]|[4, 3, 2, 2, 4, 1, 2, 2, 2, 4, 1, 1, 2, 4, 4, 1, 2, 4, 2, 1, 1, 1, 1, 2, 1, 2, 1, 1, 1, 1, 3, 2, 3, 1, 4, 0, 1, 1, 0, 3, 2, 2, 2, 0, 1, 1, 0, 2, 0, 1, 2, 2, 1, 0, 0, 3, 2, 4, 1, 2, 2, 3, 1, 1, 1, 3, 0, 4, 3, 1, 4, 1, 1, 0, 4, 4, 2, 1, 1, 1, 0, 3, 1, 1, 3, 1, 1, 1, 1, 2, 1, 4, 2, 1, 1, 1, 2, 4, 1, 2]|[0, 2, 1, 1, 3, 0, 1, 0, 0, 0, 0, 0, 1, 0, 1, 0, 0, 3, 1, 0, 0, 0, 3, 1, 0, 2, 0, 0, 0, 1, 0, 0, 0, 0, 3, 0, 1, 0, 0, 2, 1, 1, 1, 0, 0, 0, 0, 0, 1, 0, 0, 0, 1, 3, 0, 0, 1, 2, 0, 1, 0, 2, 0, 1, 0, 2, 1, 0, 0, 1, 1, 3, 1, 1, 3, 3, 1, 0, 0, 2, 0, 0, 0, 0, 2, 0, 0, 1, 0, 1, 0, 0, 0, 0, 0, 1, 0, 2, 0, 0],776.2269886506458,56689.668852601615,99082.91893113896,false
8,G2_TEC,G2_TEC,[31, 22, 82, 15, 26, 9, 95, 42, 77, 68, 47, 5, 93, 78, 86, 54, 85, 63, 18, 44, 20, 49, 36, 14, 74, 50, 53, 17, 21, 45, 71, 64, 3, 23, 30, 83, 24, 41, 60, 52, 65, 27, 90, 70, 39, 87, 48, 69, 99, 4, 46, 1, 13, 58, 97, 59, 28, 8, 73, 37, 35, 79, 11, 66, 76, 57, 40, 80, 96, 6, 16, 61, 33, 98, 32, 34, 62, 67, 10, 7, 56, 88, 51, 19, 91, 38, 75, 92, 0, 12, 43, 55, 2, 29, 81, 25, 84, 94, 89, 72]|[2, 1, 2, 1, 1, 2, 1, 1, 1, 1, 1, 0, 2, 2, 1, 2, 0, 0, 0, 2, 2, 1, 0, 2, 0, 2, 2, 1, 0, 1, 1, 1, 0, 0, 1, 0, 2, 1, 2, 2, 0, 1, 1, 1, 0, 2, 0, 2, 1, 0, 0, 2, 2, 0, 2, 0, 2, 1, 0, 0, 2, 1, 0, 2, 2, 0, 2, 2, 0, 1, 2, 1, 1, 0, 0, 1, 1, 1, 1, 2, 2, 1, 1, 1, 1, 0, 0, 0, 0, 1, 1, 0, 2, 1, 1, 1, 0, 1, 1, 1]|[0, 3, 0, 2, 4, 1, 4, 4, 2, 4, 3, 2, 1, 0, 2, 1, 1, 1, 2, 1, 1, 3, 0, 1, 0, 1, 1, 4, 1, 4, 3, 2, 2, 0, 4, 1, 1, 4, 0, 1, 2, 2, 4, 4, 1, 1, 0, 2, 3, 1, 2, 1, 2, 1, 1, 2, 0, 3, 0, 2, 2, 3, 1, 0, 1, 0, 0, 1, 2, 4, 1, 3, 4, 2, 2, 4, 3, 3, 3, 1, 0, 4, 3, 4, 3, 2, 2, 2, 2, 3, 4, 2, 1, 3, 1, 4, 2, 4, 4, 4]|[0, 2, 0, 1, 3, 0, 1, 3, 0, 0, 2, 0, 1, 0, 1, 0, 0, 0, 1, 0, 0, 2, 0, 0, 1, 0, 0, 3, 0, 1, 0, 2, 0, 0, 3, 0, 1, 3, 1, 0, 0, 1, 1, 3, 0, 0, 1, 0, 2, 0, 0, 0, 0, 0, 1, 0, 0, 0, 1, 1, 0, 2, 0, 0, 0, 1, 0, 0, 0, 2, 0, 0, 1, 0, 0, 2, 0, 0, 3, 0, 0, 1, 0, 3, 0, 0, 0, 0, 0, 0, 2, 0, 0, 0, 1, 3, 1, 2, 1, 2],868.7652750258076,52601.799942255915,114621.13479061492,false
8,G3_TWC,G3_TWC,[31, 22, 82, 15, 26, 9, 95, 42, 77, 12, 47, 5, 93, 78, 86, 54, 85, 63, 18, 44, 20, 35, 43, 97, 91, 76, 10, 30, 21, 45, 71, 64, 1, 23, 17, 83, 24, 14, 60, 36, 6, 57, 40, 88, 65, 56, 79, 94, 67, 68, 46, 75, 38, 58, 19, 32, 81, 41, 27, 62, 87, 90, 99, 59, 11, 16, 72, 73, 69, 28, 37, 84, 3, 92, 25, 55, 39, 29, 51, 7, 33, 61, 98, 48, 89, 50, 66, 96, 80, 53, 8, 4, 34, 2, 52, 49, 0, 70, 74, 13]|[1, 1, 0, 1, 1, 0, 1, 2, 2, 1, 2, 2, 2, 1, 1, 0, 0, 1, 0, 2, 2, 0, 1, 2, 0, 1, 2, 2, 0, 0, 1, 2, 1, 2, 1, 0, 2, 0, 1, 1, 0, 1, 1, 1, 0, 2, 1, 1, 0, 0, 0, 0, 1, 1, 2, 1, 2, 1, 0, 0, 2, 1, 0, 1, 2, 1, 2, 1, 1, 0, 0, 1, 1, 0, 1, 1, 1, 0, 0, 1, 0, 1, 0, 0, 1, 0, 2, 0, 0, 0, 0, 0, 2, 0, 1, 0, 0, 1, 2, 0]|[4, 3, 2, 2, 4, 1, 2, 2, 2, 4, 1, 1, 2, 4, 4, 1, 2, 4, 2, 1, 1, 1, 1, 2, 1, 2, 1, 1, 1, 1, 3, 2, 3, 0, 4, 0, 1, 1, 0, 3, 2, 2, 2, 0, 1, 1, 0, 4, 0, 1, 2, 2, 1, 0, 0, 3, 2, 4, 1, 2, 2, 3, 1, 1, 1, 3, 0, 4, 3, 2, 1, 1, 1, 0, 4, 4, 1, 1, 1, 1, 2, 3, 1, 1, 1, 1, 1, 1, 1, 2, 1, 2, 1, 2, 1, 1, 2, 4, 1, 2]|[0, 2, 1, 1, 3, 0, 1, 0, 0, 0, 0, 0, 1, 0, 1, 0, 0, 3, 1, 0, 0, 0, 3, 1, 0, 2, 0, 0, 0, 1, 0, 0, 0, 0, 3, 0, 1, 0, 0, 2, 1, 1, 1, 0, 0, 0, 0, 2, 1, 0, 0, 0, 1, 3, 0, 0, 1, 2, 0, 1, 0, 2, 0, 1, 0, 2, 1, 0, 0, 1, 0, 3, 1, 1, 3, 3, 1, 0, 0, 2, 1, 0, 0, 0, 1, 0, 0, 0, 0, 1, 0, 1, 0, 0, 1, 1, 0, 2, 0, 0],847.0427978319374,57913.11646638373,93531.36983571656,false
8,G1_CMAX,G2_TEC,[31, 22, 82, 15, 26, 9, 95, 42, 77, 68, 47, 5, 93, 78, 86, 54, 85, 63, 18, 44, 20, 49, 36, 14, 74, 50, 53, 17, 21, 45, 71, 64, 3, 23, 30, 83, 24, 41, 60, 52, 65, 27, 90, 70, 39, 87, 48, 69, 99, 4, 46, 1, 13, 58, 97, 59, 28, 8, 73, 37, 35, 79, 11, 66, 76, 57, 40, 80, 96, 6, 16, 61, 33, 98, 32, 34, 62, 67, 10, 7, 56, 88, 51, 19, 91, 38, 75, 92, 0, 12, 43, 55, 2, 29, 81, 25, 84, 94, 89, 72]|[2, 1, 2, 1, 1, 2, 1, 1, 1, 1, 1, 0, 2, 2, 1, 2, 0, 0, 0, 2, 2, 1, 0, 2, 0, 2, 2, 1, 0, 1, 1, 1, 0, 0, 1, 0, 2, 1, 2, 2, 0, 1, 1, 1, 0, 2, 0, 2, 1, 0, 0, 2, 2, 0, 2, 0, 2, 1, 0, 0, 2, 1, 0, 2, 2, 0, 2, 2, 0, 1, 2, 1, 1, 0, 0, 1, 1, 1, 1, 2, 2, 1, 1, 1, 1, 0, 0, 0, 0, 1, 1, 0, 2, 1, 1, 1, 0, 1, 1, 1]|[0, 3, 0, 2, 4, 1, 4, 4, 2, 4, 3, 2, 1, 0, 2, 1, 1, 1, 2, 1, 1, 3, 0, 1, 0, 1, 1, 4, 1, 4, 3, 2, 2, 0, 4, 1, 1, 4, 0, 1, 2, 2, 4, 4, 1, 1, 0, 2, 3, 1, 2, 1, 2, 1, 1, 2, 0, 3, 0, 2, 2, 3, 1, 0, 1, 0, 0, 1, 2, 4, 1, 3, 4, 2, 2, 4, 3, 3, 3, 1, 0, 4, 3, 4, 3, 2, 2, 2, 2, 3, 4, 2, 1, 3, 1, 4, 2, 4, 4, 4]|[0, 2, 0, 1, 3, 0, 1, 3, 0, 0, 2, 0, 1, 0, 1, 0, 0, 0, 1, 0, 0, 2, 0, 0, 1, 0, 0, 3, 0, 1, 0, 2, 0, 0, 3, 0, 1, 3, 1, 0, 0, 1, 1, 3, 0, 0, 1, 0, 2, 0, 0, 0, 0, 0, 1, 0, 0, 0, 1, 1, 0, 2, 0, 0, 0, 1, 0, 0, 0, 2, 0, 0, 1, 0, 0, 2, 0, 0, 3, 0, 0, 1, 0, 3, 0, 0, 0, 0, 0, 0, 2, 0, 0, 0, 1, 3, 1, 2, 1, 2],868.7652750258076,52601.799942255915,114621.13479061492,true
8,G4_BALANCED,G4_BALANCED,[31, 22, 82, 15, 26, 9, 95, 42, 77, 12, 47, 5, 93, 78, 86, 54, 85, 63, 18, 44, 20, 35, 43, 97, 91, 76, 10, 30, 21, 45, 71, 64, 1, 52, 17, 83, 24, 14, 60, 36, 6, 57, 40, 88, 65, 56, 79, 69, 67, 68, 46, 75, 38, 58, 19, 32, 81, 48, 27, 62, 87, 90, 99, 59, 11, 16, 72, 73, 70, 39, 37, 84, 3, 92, 25, 55, 28, 29, 51, 7, 66, 61, 98, 41, 8, 50, 96, 89, 80, 53, 33, 4, 2, 34, 23, 49, 0, 94, 74, 13]|[1, 1, 0, 1, 1, 0, 1, 2, 2, 1, 2, 2, 2, 1, 1, 0, 0, 1, 0, 2, 2, 0, 1, 2, 0, 1, 2, 2, 0, 0, 1, 2, 1, 2, 1, 0, 2, 0, 1, 1, 0, 1, 1, 1, 0, 2, 1, 2, 0, 0, 0, 0, 1, 1, 2, 1, 2, 1, 0, 0, 2, 1, 0, 1, 2, 1, 2, 1, 1, 1, 1, 1, 1, 0, 1, 1, 0, 0, 0, 1, 2, 1, 2, 0, 1, 0, 0, 1, 0, 0, 2, 1, 0, 2, 2, 0, 0, 1, 2, 0]|[4, 3, 2, 2, 4, 1, 2, 2, 2, 4, 1, 1, 2, 4, 4, 1, 2, 4, 2, 1, 1, 1, 1, 2, 1, 2, 1, 1, 1, 1, 3, 2, 3, 1, 4, 0, 1, 1, 0, 3, 2, 2, 2, 0, 1, 1, 0, 2, 0, 1, 2, 2, 1, 0, 0, 3, 2, 4, 1, 2, 2, 3, 1, 1, 1, 3, 0, 4, 3, 1, 4, 1, 1, 0, 4, 4, 2, 1, 1, 1, 0, 3, 1, 1, 3, 1, 1, 1, 1, 2, 1, 4, 2, 1, 1, 1, 2, 4, 1, 2]|[0, 2, 1, 1, 3, 0, 1, 0, 0, 0, 0, 0, 1, 0, 1, 0, 0, 3, 1, 0, 0, 0, 3, 1, 0, 2, 0, 0, 0, 1, 0, 0, 0, 0, 3, 0, 1, 0, 0, 2, 1, 1, 1, 0, 0, 0, 0, 0, 1, 0, 0, 0, 1, 3, 0, 0, 1, 2, 0, 1, 0, 2, 0, 1, 0, 2, 1, 0, 0, 1, 1, 3, 1, 1, 3, 3, 1, 0, 0, 2, 0, 0, 0, 0, 2, 0, 0, 1, 0, 1, 0, 0, 0, 0, 0, 1, 0, 2, 0, 0],776.2269886506458,56689.668852601615,99082.91893113896,false
8,G2_TEC,G2_TEC,[31, 22, 82, 15, 26, 9, 95, 42, 77, 68, 47, 5, 93, 78, 86, 54, 85, 63, 18, 44, 20, 49, 36, 14, 74, 50, 53, 17, 21, 45, 71, 64, 3, 23, 30, 83, 24, 41, 60, 52, 65, 27, 90, 70, 39, 87, 48, 69, 99, 4, 46, 1, 13, 58, 97, 59, 28, 8, 73, 37, 35, 79, 11, 66, 76, 57, 40, 80, 96, 6, 16, 61, 33, 98, 32, 34, 62, 67, 10, 7, 56, 88, 51, 19, 91, 38, 75, 92, 0, 12, 43, 55, 2, 29, 81, 25, 84, 94, 89, 72]|[2, 1, 2, 1, 1, 2, 1, 1, 1, 1, 1, 0, 2, 2, 1, 2, 0, 0, 0, 2, 2, 1, 0, 2, 0, 2, 2, 1, 0, 1, 1, 1, 0, 0, 1, 0, 2, 1, 2, 2, 0, 1, 1, 1, 0, 2, 0, 2, 1, 0, 0, 2, 2, 0, 2, 0, 2, 1, 0, 0, 2, 1, 0, 2, 2, 0, 2, 2, 0, 1, 2, 1, 1, 0, 0, 1, 1, 1, 1, 2, 2, 1, 1, 1, 1, 0, 0, 0, 0, 1, 1, 0, 2, 1, 1, 1, 0, 1, 1, 1]|[0, 3, 0, 2, 4, 1, 4, 4, 2, 4, 3, 2, 1, 0, 2, 1, 1, 1, 2, 1, 1, 3, 0, 1, 0, 1, 1, 4, 1, 4, 3, 2, 2, 0, 4, 1, 1, 4, 0, 1, 2, 2, 4, 4, 1, 1, 0, 2, 3, 1, 2, 1, 2, 1, 1, 2, 0, 3, 0, 2, 2, 3, 1, 0, 1, 0, 0, 1, 2, 4, 1, 3, 4, 2, 2, 4, 3, 3, 3, 1, 0, 4, 3, 4, 3, 2, 2, 2, 2, 3, 4, 2, 1, 3, 1, 4, 2, 4, 4, 4]|[0, 2, 0, 1, 3, 0, 1, 3, 0, 0, 2, 0, 1, 0, 1, 0, 0, 0, 1, 0, 0, 2, 0, 0, 1, 0, 0, 3, 0, 1, 0, 2, 0, 0, 3, 0, 1, 3, 1, 0, 0, 1, 1, 3, 0, 0, 1, 0, 2, 0, 0, 0, 0, 0, 1, 0, 0, 0, 1, 1, 0, 2, 0, 0, 0, 1, 0, 0, 0, 2, 0, 0, 1, 0, 0, 2, 0, 0, 3, 0, 0, 1, 0, 3, 0, 0, 0, 0, 0, 0, 2, 0, 0, 0, 1, 3, 1, 2, 1, 2],868.7652750258076,52601.799942255915,114621.13479061492,false
8,G3_TWC,G3_TWC,[31, 22, 82, 15, 26, 9, 95, 42, 77, 12, 47, 5, 93, 78, 86, 54, 85, 63, 18, 44, 20, 35, 43, 97, 91, 76, 10, 30, 21, 45, 71, 64, 1, 23, 17, 83, 24, 14, 60, 36, 6, 57, 40, 88, 65, 56, 79, 94, 67, 68, 46, 75, 38, 58, 19, 32, 81, 41, 27, 62, 87, 90, 99, 59, 11, 16, 72, 73, 69, 39, 37, 84, 3, 92, 25, 55, 28, 29, 51, 7, 33, 61, 98, 48, 89, 50, 66, 96, 80, 53, 8, 34, 4, 2, 52, 49, 0, 70, 74, 13]|[1, 1, 0, 1, 1, 0, 1, 2, 2, 1, 2, 2, 2, 1, 1, 0, 0, 1, 0, 2, 2, 0, 1, 2, 0, 1, 2, 2, 0, 0, 1, 2, 1, 2, 1, 0, 2, 0, 1, 1, 0, 1, 1, 1, 0, 2, 1, 1, 0, 0, 0, 0, 1, 1, 2, 1, 2, 1, 0, 0, 2, 2, 0, 1, 2, 1, 2, 1, 1, 1, 0, 1, 1, 0, 1, 1, 0, 0, 0, 1, 0, 1, 0, 0, 1, 0, 2, 0, 0, 0, 0, 2, 0, 0, 1, 0, 0, 1, 2, 0]|[4, 3, 2, 2, 4, 1, 2, 2, 2, 4, 1, 1, 2, 4, 4, 1, 2, 4, 2, 1, 1, 1, 1, 2, 1, 2, 1, 1, 1, 1, 3, 2, 3, 0, 4, 0, 1, 1, 0, 3, 2, 2, 2, 0, 1, 1, 0, 4, 0, 1, 2, 2, 1, 0, 0, 3, 2, 4, 1, 2, 2, 1, 1, 1, 1, 3, 0, 4, 4, 1, 1, 1, 1, 0, 4, 4, 2, 1, 1, 1, 2, 3, 1, 1, 1, 1, 1, 1, 1, 2, 1, 1, 2, 2, 1, 1, 2, 3, 1, 2]|[0, 2, 1, 1, 3, 0, 1, 0, 0, 0, 0, 0, 1, 0, 1, 0, 0, 3, 1, 0, 0, 0, 3, 1, 0, 2, 0, 0, 0, 1, 0, 0, 0, 0, 3, 0, 1, 0, 0, 2, 1, 1, 1, 0, 0, 0, 0, 2, 1, 0, 0, 0, 1, 3, 0, 0, 1, 2, 0, 1, 0, 0, 0, 1, 0, 2, 1, 0, 2, 1, 0, 3, 1, 1, 3, 3, 1, 0, 0, 2, 1, 0, 0, 0, 1, 0, 0, 0, 0, 1, 0, 0, 1, 0, 1, 1, 0, 0, 0, 0],847.0427978319374,57842.30893966173,93453.7900685962,false
8,G1_CMAX,G1_CMAX,[31, 22, 82, 15, 26, 9, 95, 42, 77, 12, 47, 5, 93, 78, 86, 54, 6, 63, 18, 44, 20, 35, 43, 97, 91, 76, 10, 30, 21, 45, 64, 1, 23, 17, 83, 24, 14, 60, 36, 13, 75, 46, 68, 67, 69, 79, 56, 65, 88, 40, 57, 85, 58, 19, 32, 81, 48, 27, 62, 87, 90, 99, 59, 11, 16, 72, 73, 71, 70, 39, 37, 84, 3, 98, 29, 28, 55, 25, 92, 7, 33, 61, 53, 41, 89, 50, 8, 96, 51, 80, 34, 4, 66, 2, 52, 49, 0, 94, 74, 38]|[1, 1, 0, 1, 1, 0, 1, 2, 2, 1, 2, 2, 2, 1, 1, 0, 0, 1, 0, 2, 2, 0, 1, 2, 0, 1, 2, 2, 0, 0, 2, 1, 2, 1, 0, 2, 2, 1, 1, 0, 0, 0, 0, 0, 2, 1, 2, 0, 1, 1, 1, 0, 1, 2, 1, 2, 1, 0, 0, 2, 1, 0, 1, 2, 1, 2, 1, 1, 1, 1, 1, 1, 1, 0, 0, 0, 1, 1, 0, 1, 0, 1, 0, 1, 1, 0, 1, 0, 0, 0, 2, 1, 2, 0, 1, 0, 0, 2, 2, 1]|[0, 3, 2, 2, 4, 1, 2, 2, 2, 4, 1, 1, 2, 4, 4, 1, 2, 4, 2, 1, 1, 1, 1, 2, 1, 2, 1, 1, 1, 1, 2, 3, 0, 4, 0, 1, 2, 0, 3, 2, 2, 2, 1, 0, 2, 0, 1, 1, 0, 2, 2, 2, 0, 0, 3, 2, 4, 1, 2, 2, 3, 1, 1, 1, 3, 0, 4, 3, 3, 1, 4, 1, 1, 1, 1, 2, 4, 4, 0, 1, 2, 3, 2, 4, 1, 1, 3, 1, 1, 1, 1, 4, 1, 2, 1, 1, 2, 2, 1, 1]|[0, 2, 1, 1, 3, 0, 1, 0, 0, 0, 0, 0, 1, 0, 1, 0, 1, 3, 1, 0, 0, 0, 3, 1, 0, 2, 0, 0, 0, 1, 0, 0, 0, 3, 0, 1, 1, 0, 2, 0, 0, 0, 0, 1, 0, 0, 0, 0, 0, 1, 1, 0, 3, 0, 0, 1, 2, 0, 1, 0, 2, 0, 1, 0, 2, 1, 0, 0, 0, 1, 1, 3, 1, 0, 0, 1, 3, 3, 1, 2, 1, 0, 1, 3, 1, 0, 2, 0, 0, 0, 0, 0, 0, 0, 1, 1, 0, 0, 0, 1],740.6648699319737,58345.503832923176,99227.13002615936,false
8,G4_BALANCED,G4_BALANCED,[31, 22, 82, 15, 26, 9, 95, 42, 77, 12, 47, 5, 93, 78, 86, 54, 85, 63, 18, 44, 20, 35, 43, 97, 91, 76, 10, 30, 21, 45, 71, 64, 1, 52, 17, 83, 24, 14, 60, 36, 6, 57, 40, 88, 65, 56, 79, 69, 67, 68, 46, 75, 38, 58, 19, 32, 81, 48, 27, 62, 87, 90, 99, 59, 11, 16, 72, 73, 70, 39, 37, 84, 3, 92, 25, 55, 28, 29, 51, 7, 66, 61, 98, 41, 89, 50, 96, 8, 80, 53, 34, 4, 33, 2, 23, 49, 0, 94, 74, 13]|[1, 1, 0, 1, 1, 0, 1, 2, 2, 1, 2, 2, 2, 1, 1, 0, 0, 1, 0, 2, 2, 0, 1, 2, 0, 1, 2, 2, 0, 0, 1, 2, 1, 2, 1, 0, 2, 0, 1, 1, 0, 1, 1, 1, 0, 2, 1, 2, 0, 0, 0, 0, 1, 1, 2, 1, 2, 1, 0, 0, 2, 1, 0, 1, 2, 1, 2, 1, 1, 1, 1, 1, 1, 0, 1, 1, 0, 0, 0, 1, 2, 1, 2, 0, 1, 0, 0, 1, 0, 0, 2, 1, 2, 0, 2, 0, 0, 1, 2, 0]|[4, 3, 2, 2, 4, 1, 2, 2, 2, 4, 1, 1, 2, 4, 4, 1, 2, 4, 2, 1, 1, 1, 1, 2, 1, 2, 1, 1, 1, 1, 3, 2, 3, 1, 4, 0, 1, 1, 0, 3, 2, 2, 2, 0, 1, 1, 0, 2, 0, 1, 2, 2, 1, 0, 0, 3, 2, 4, 1, 2, 2, 3, 1, 1, 1, 3, 0, 4, 3, 1, 4, 1, 1, 0, 4, 4, 2, 1, 1, 1, 1, 3, 1, 1, 1, 1, 1, 3, 1, 2, 1, 4, 1, 2, 1, 1, 2, 4, 1, 2]|[0, 2, 1, 1, 3, 0, 1, 0, 0, 0, 0, 0, 1, 0, 1, 0, 0, 3, 1, 0, 0, 0, 3, 1, 0, 2, 0, 0, 0, 1, 0, 0, 0, 0, 3, 0, 1, 0, 0, 2, 1, 1, 1, 0, 0, 0, 0, 0, 1, 0, 0, 0, 1, 3, 0, 0, 1, 2, 0, 1, 0, 2, 0, 1, 0, 2, 1, 0, 0, 1, 1, 3, 1, 1, 3, 3, 1, 0, 0, 2, 0, 0, 0, 0, 1, 0, 0, 2, 0, 1, 0, 0, 0, 0, 0, 1, 0, 2, 0, 0],776.2269886506458,56552.79105014176,98949.19230833696,false
8,G2_TEC,G2_TEC,[31, 22, 82, 15, 26, 9, 95, 42, 77, 68, 47, 5, 93, 78, 86, 54, 85, 63, 18, 44, 20, 49, 36, 14, 74, 50, 53, 17, 21, 45, 71, 64, 3, 23, 30, 83, 24, 41, 60, 52, 65, 27, 90, 70, 39, 87, 48, 69, 99, 4, 46, 1, 13, 58, 97, 59, 28, 8, 73, 37, 35, 79, 11, 66, 76, 57, 40, 80, 96, 6, 16, 61, 33, 98, 32, 34, 62, 67, 10, 7, 56, 88, 51, 19, 91, 38, 75, 92, 0, 12, 43, 55, 2, 29, 81, 25, 84, 94, 89, 72]|[2, 1, 2, 1, 1, 2, 1, 1, 1, 1, 1, 0, 2, 2, 1, 2, 0, 0, 0, 2, 2, 1, 0, 2, 0, 2, 2, 1, 0, 1, 1, 1, 0, 0, 1, 0, 2, 1, 2, 2, 0, 1, 1, 1, 0, 2, 0, 2, 1, 0, 0, 2, 2, 0, 2, 0, 2, 1, 0, 0, 2, 1, 0, 2, 2, 0, 2, 2, 0, 1, 2, 1, 1, 0, 0, 1, 1, 1, 1, 2, 2, 1, 1, 1, 1, 0, 0, 0, 0, 1, 1, 0, 2, 1, 1, 1, 0, 1, 1, 1]|[0, 3, 0, 2, 4, 1, 4, 4, 2, 4, 3, 2, 1, 0, 2, 1, 1, 1, 2, 1, 1, 3, 0, 1, 0, 1, 1, 4, 1, 4, 3, 2, 2, 0, 4, 1, 1, 4, 0, 1, 2, 2, 4, 4, 1, 1, 0, 2, 3, 1, 2, 1, 2, 1, 1, 2, 0, 3, 0, 2, 2, 3, 1, 0, 1, 0, 0, 1, 2, 4, 1, 3, 4, 2, 2, 4, 3, 3, 3, 1, 0, 4, 3, 4, 3, 2, 2, 2, 2, 3, 4, 2, 1, 3, 1, 4, 2, 4, 4, 4]|[0, 2, 0, 1, 3, 0, 1, 3, 0, 0, 2, 0, 1, 0, 1, 0, 0, 0, 1, 0, 0, 2, 0, 0, 1, 0, 0, 3, 0, 1, 0, 2, 0, 0, 3, 0, 1, 3, 1, 0, 0, 1, 1, 3, 0, 0, 1, 0, 2, 0, 0, 0, 0, 0, 1, 0, 0, 0, 1, 1, 0, 2, 0, 0, 0, 1, 0, 0, 0, 2, 0, 0, 1, 0, 0, 2, 0, 0, 3, 0, 0, 1, 0, 3, 0, 0, 0, 0, 0, 0, 2, 0, 0, 0, 1, 3, 1, 2, 1, 2],868.7652750258076,52601.799942255915,114621.13479061492,false
8,G3_TWC,G3_TWC,[31, 22, 82, 15, 26, 9, 95, 42, 77, 12, 47, 5, 93, 78, 86, 54, 85, 63, 18, 44, 20, 35, 43, 97, 91, 76, 10, 30, 21, 45, 71, 64, 1, 23, 17, 83, 24, 14, 60, 36, 6, 57, 40, 88, 65, 56, 79, 94, 67, 68, 46, 75, 38, 58, 19, 32, 81, 41, 27, 62, 87, 90, 99, 59, 11, 16, 72, 73, 69, 39, 37, 84, 3, 92, 25, 55, 28, 29, 51, 7, 33, 61, 98, 48, 89, 50, 66, 96, 80, 53, 8, 34, 4, 2, 52, 49, 0, 70, 74, 13]|[1, 1, 0, 1, 1, 0, 1, 2, 2, 1, 2, 2, 2, 1, 1, 0, 0, 1, 0, 2, 2, 0, 1, 2, 0, 1, 2, 2, 0, 0, 1, 2, 1, 2, 1, 0, 2, 0, 1, 1, 0, 1, 1, 1, 0, 2, 1, 1, 0, 0, 0, 0, 1, 1, 2, 1, 2, 1, 0, 0, 2, 2, 0, 1, 2, 1, 2, 1, 1, 1, 0, 1, 1, 0, 1, 1, 0, 0, 0, 1, 0, 1, 0, 0, 1, 0, 2, 0, 0, 0, 0, 2, 0, 0, 1, 0, 0, 1, 2, 0]|[4, 3, 2, 2, 4, 1, 2, 2, 2, 4, 1, 1, 2, 4, 4, 1, 2, 4, 2, 1, 1, 1, 1, 2, 1, 2, 1, 1, 1, 1, 3, 2, 3, 0, 4, 0, 1, 1, 0, 3, 2, 2, 2, 0, 1, 1, 0, 4, 0, 1, 2, 2, 1, 0, 0, 3, 2, 4, 1, 2, 2, 1, 1, 1, 1, 3, 0, 4, 4, 1, 1, 1, 1, 0, 4, 4, 2, 1, 1, 1, 2, 3, 1, 1, 1, 1, 1, 1, 1, 2, 1, 1, 2, 2, 1, 1, 2, 3, 1, 2]|[0, 2, 1, 1, 3, 0, 1, 0, 0, 0, 0, 0, 1, 0, 1, 0, 0, 3, 1, 0, 0, 0, 3, 1, 0, 2, 0, 0, 0, 1, 0, 0, 0, 0, 3, 0, 1, 0, 0, 2, 1, 1, 1, 0, 0, 0, 0, 2, 1, 0, 0, 0, 1, 3, 0, 0, 1, 2, 0, 1, 0, 0, 0, 1, 0, 2, 1, 0, 2, 1, 0, 3, 1, 1, 3, 3, 1, 0, 0, 2, 1, 0, 0, 0, 1, 0, 0, 0, 0, 1, 0, 0, 1, 0, 1, 1, 0, 0, 0, 0],847.0427978319374,57842.30893966173,93453.7900685962,false
8,G1_CMAX,G1_CMAX,[31, 22, 82, 15, 26, 9, 95, 42, 77, 12, 47, 5, 93, 78, 86, 54, 6, 63, 18, 44, 20, 35, 43, 97, 91, 76, 10, 30, 21, 45, 64, 1, 23, 17, 83, 24, 14, 60, 36, 13, 75, 46, 68, 67, 69, 79, 56, 65, 88, 40, 57, 85, 58, 19, 32, 81, 48, 27, 62, 87, 90, 99, 59, 11, 16, 72, 73, 71, 70, 39, 37, 84, 3, 98, 29, 28, 55, 25, 92, 7, 33, 61, 53, 41, 89, 50, 8, 96, 51, 80, 34, 4, 66, 2, 52, 49, 0, 94, 74, 38]|[1, 1, 0, 1, 1, 0, 1, 2, 2, 1, 2, 2, 2, 1, 1, 0, 0, 1, 0, 2, 2, 0, 1, 2, 0, 1, 2, 2, 0, 0, 2, 1, 2, 1, 0, 2, 2, 1, 1, 0, 0, 0, 0, 0, 2, 1, 2, 0, 1, 1, 1, 0, 1, 2, 1, 2, 1, 0, 0, 2, 1, 0, 1, 2, 1, 2, 1, 1, 1, 1, 1, 1, 1, 0, 0, 0, 1, 1, 0, 1, 0, 1, 0, 1, 1, 0, 1, 0, 0, 0, 2, 1, 2, 0, 1, 0, 0, 2, 2, 1]|[0, 3, 2, 2, 4, 1, 2, 2, 2, 4, 1, 1, 2, 4, 4, 1, 2, 4, 2, 1, 1, 1, 1, 2, 1, 2, 1, 1, 1, 1, 2, 3, 0, 4, 0, 1, 2, 0, 3, 2, 2, 2, 1, 0, 2, 0, 1, 1, 0, 2, 2, 2, 0, 0, 3, 2, 4, 1, 2, 2, 3, 1, 1, 1, 3, 0, 4, 3, 3, 1, 4, 1, 1, 1, 1, 2, 4, 4, 0, 1, 2, 3, 2, 4, 1, 1, 3, 1, 1, 1, 1, 4, 1, 2, 1, 1, 2, 2, 1, 1]|[0, 2, 1, 1, 3, 0, 1, 0, 0, 0, 0, 0, 1, 0, 1, 0, 1, 3, 1, 0, 0, 0, 3, 1, 0, 2, 0, 0, 0, 1, 0, 0, 0, 3, 0, 1, 1, 0, 2, 0, 0, 0, 0, 1, 0, 0, 0, 0, 0, 1, 1, 0, 3, 0, 0, 1, 2, 0, 1, 0, 2, 0, 1, 0, 2, 1, 0, 0, 0, 1, 1, 3, 1, 0, 0, 1, 3, 3, 1, 2, 1, 0, 1, 3, 1, 0, 2, 0, 0, 0, 0, 0, 0, 0, 1, 1, 0, 0, 0, 1],740.6648699319737,58345.503832923176,99227.13002615936,false
8,G4_BALANCED,G4_BALANCED,[31, 22, 82, 15, 26, 9, 95, 42, 77, 12, 47, 5, 93, 78, 86, 54, 85, 63, 18, 44, 20, 35, 43, 97, 91, 76, 10, 30, 21, 45, 71, 64, 1, 23, 17, 83, 24, 14, 60, 36, 6, 57, 40, 88, 65, 56, 79, 69, 67, 68, 46, 75, 38, 58, 19, 32, 81, 48, 27, 62, 87, 90, 99, 59, 11, 16, 72, 73, 70, 39, 37, 84, 3, 92, 25, 55, 28, 29, 51, 7, 66, 61, 98, 41, 89, 50, 8, 96, 53, 80, 34, 4, 33, 2, 52, 49, 0, 94, 74, 13]|[1, 1, 0, 1, 1, 0, 1, 2, 2, 1, 2, 2, 2, 1, 1, 0, 0, 1, 0, 2, 2, 0, 1, 2, 0, 1, 2, 2, 0, 0, 1, 2, 1, 0, 1, 0, 2, 0, 1, 1, 0, 1, 1, 1, 0, 2, 1, 1, 0, 0, 0, 0, 1, 1, 2, 1, 2, 1, 0, 0, 2, 1, 0, 1, 2, 1, 2, 1, 1, 1, 1, 1, 1, 0, 1, 1, 0, 0, 0, 1, 2, 1, 2, 0, 1, 0, 1, 0, 0, 0, 2, 1, 2, 0, 2, 0, 0, 1, 2, 0]|[4, 3, 2, 2, 4, 1, 2, 2, 2, 4, 1, 1, 2, 4, 4, 1, 2, 4, 2, 1, 1, 1, 1, 2, 1, 2, 1, 1, 1, 1, 3, 2, 3, 0, 4, 0, 1, 1, 0, 3, 2, 2, 2, 0, 1, 1, 0, 4, 0, 1, 2, 2, 1, 4, 0, 3, 2, 4, 1, 2, 2, 3, 1, 1, 1, 3, 0, 4, 3, 1, 4, 1, 1, 0, 4, 4, 2, 1, 1, 1, 1, 3, 1, 1, 1, 1, 3, 1, 2, 1, 1, 4, 1, 2, 1, 1, 2, 4, 1, 2]|[0, 2, 1, 1, 3, 0, 1, 0, 0, 0, 0, 0, 1, 0, 1, 0, 0, 3, 1, 0, 0, 0, 3, 1, 0, 2, 0, 0, 0, 1, 0, 0, 0, 0, 3, 0, 1, 0, 0, 2, 1, 1, 1, 0, 0, 0, 0, 2, 1, 0, 0, 0, 1, 3, 0, 0, 1, 2, 0, 1, 0, 2, 0, 1, 0, 2, 1, 0, 0, 1, 1, 3, 1, 1, 3, 3, 1, 0, 0, 2, 0, 0, 0, 0, 1, 0, 2, 0, 1, 0, 0, 0, 0, 0, 0, 1, 0, 2, 0, 0],799.8760963143906,56426.94043056035,97800.84068216497,false
8,G2_TEC,G2_TEC,[31, 22, 82, 15, 26, 9, 95, 42, 77, 68, 47, 5, 93, 78, 86, 54, 85, 63, 18, 44, 20, 49, 36, 14, 74, 50, 53, 17, 21, 45, 71, 64, 3, 23, 30, 83, 24, 41, 60, 52, 65, 27, 90, 70, 39, 87, 48, 69, 99, 4, 46, 1, 13, 58, 97, 59, 28, 8, 73, 37, 35, 79, 11, 66, 76, 57, 40, 80, 96, 6, 16, 61, 33, 98, 32, 34, 62, 67, 10, 7, 56, 88, 51, 19, 91, 38, 75, 92, 0, 12, 43, 55, 2, 29, 81, 25, 84, 94, 89, 72]|[2, 1, 2, 1, 1, 2, 1, 1, 1, 1, 1, 0, 2, 2, 1, 2, 0, 0, 0, 2, 2, 1, 0, 2, 0, 2, 2, 1, 0, 1, 1, 1, 0, 0, 1, 0, 2, 1, 2, 2, 0, 1, 1, 1, 0, 2, 0, 2, 1, 0, 0, 2, 2, 0, 2, 0, 2, 1, 0, 0, 2, 1, 0, 2, 2, 0, 2, 2, 0, 1, 2, 1, 1, 0, 0, 1, 1, 1, 1, 2, 2, 1, 1, 1, 1, 0, 0, 0, 0, 1, 1, 0, 2, 1, 1, 1, 0, 1, 1, 1]|[0, 3, 0, 2, 4, 1, 4, 4, 2, 4, 3, 2, 1, 0, 2, 1, 1, 1, 2, 1, 1, 3, 0, 1, 0, 1, 1, 4, 1, 4, 3, 2, 2, 0, 4, 1, 1, 4, 0, 1, 2, 2, 4, 4, 1, 1, 0, 2, 3, 1, 2, 1, 2, 1, 1, 2, 0, 3, 0, 2, 2, 3, 1, 0, 1, 0, 0, 1, 2, 4, 1, 3, 4, 2, 2, 4, 3, 3, 3, 1, 0, 4, 3, 4, 3, 2, 2, 2, 2, 3, 4, 2, 1, 3, 1, 4, 2, 4, 4, 4]|[0, 2, 0, 1, 3, 0, 1, 3, 0, 0, 2, 0, 1, 0, 1, 0, 0, 0, 1, 0, 0, 2, 0, 0, 1, 0, 0, 3, 0, 1, 0, 2, 0, 0, 3, 0, 1, 3, 1, 0, 0, 1, 1, 3, 0, 0, 1, 0, 2, 0, 0, 0, 0, 0, 1, 0, 0, 0, 1, 1, 0, 2, 0, 0, 0, 1, 0, 0, 0, 2, 0, 0, 1, 0, 0, 2, 0, 0, 3, 0, 0, 1, 0, 3, 0, 0, 0, 0, 0, 0, 2, 0, 0, 0, 1, 3, 1, 2, 1, 2],868.7652750258076,52601.799942255915,114621.13479061492,false
8,G3_TWC,G3_TWC,[31, 22, 82, 15, 26, 9, 95, 42, 77, 12, 47, 5, 93, 78, 86, 54, 85, 63, 18, 44, 20, 35, 43, 97, 91, 76, 10, 30, 21, 45, 71, 64, 1, 23, 17, 83, 24, 14, 60, 36, 6, 57, 40, 88, 65, 56, 79, 94, 67, 68, 46, 75, 38, 58, 19, 32, 81, 41, 27, 62, 87, 90, 99, 59, 11, 16, 72, 73, 69, 39, 37, 84, 3, 92, 25, 55, 28, 29, 51, 7, 33, 61, 98, 48, 89, 50, 66, 96, 80, 53, 8, 34, 4, 2, 52, 49, 0, 70, 74, 13]|[1, 1, 0, 1, 1, 0, 1, 2, 2, 1, 2, 2, 2, 1, 1, 0, 0, 1, 0, 2, 2, 0, 1, 2, 0, 1, 2, 2, 0, 0, 1, 2, 1, 2, 1, 0, 2, 0, 1, 1, 0, 1, 1, 1, 0, 2, 1, 1, 0, 0, 0, 0, 1, 1, 2, 1, 2, 1, 0, 0, 2, 2, 0, 1, 2, 1, 2, 1, 1, 1, 0, 1, 1, 0, 1, 1, 0, 0, 0, 1, 0, 1, 0, 0, 1, 0, 2, 0, 0, 0, 0, 2, 0, 0, 1, 0, 0, 1, 2, 0]|[4, 3, 2, 2, 4, 1, 2, 2, 2, 4, 1, 1, 2, 4, 4, 1, 2, 4, 2, 1, 1, 1, 1, 2, 1, 2, 1, 1, 1, 1, 3, 2, 3, 0, 4, 0, 1, 1, 0, 3, 2, 2, 2, 0, 1, 1, 0, 4, 0, 1, 2, 2, 1, 0, 0, 3, 2, 4, 1, 2, 2, 1, 1, 1, 1, 3, 0, 4, 4, 1, 1, 1, 1, 0, 4, 4, 2, 1, 1, 1, 2, 3, 1, 1, 1, 1, 1, 1, 1, 2, 1, 1, 2, 2, 1, 1, 2, 3, 1, 2]|[0, 2, 1, 1, 3, 0, 1, 0, 0, 0, 0, 0, 1, 0, 1, 0, 0, 3, 1, 0, 0, 0, 3, 1, 0, 2, 0, 0, 0, 1, 0, 0, 0, 0, 3, 0, 1, 0, 0, 2, 1, 1, 1, 0, 0, 0, 0, 2, 1, 0, 0, 0, 1, 3, 0, 0, 1, 2, 0, 1, 0, 0, 0, 1, 0, 2, 1, 0, 2, 1, 0, 3, 1, 1, 3, 3, 1, 0, 0, 2, 1, 0, 0, 0, 1, 0, 0, 0, 0, 1, 0, 0, 1, 0, 1, 1, 0, 0, 0, 0],847.0427978319374,57842.30893966173,93453.7900685962,false
8,G1_CMAX,G1_CMAX,[31, 22, 82, 15, 26, 9, 95, 42, 77, 12, 47, 5, 93, 78, 86, 54, 6, 63, 18, 44, 20, 35, 43, 97, 91, 76, 10, 30, 21, 45, 64, 1, 23, 17, 83, 24, 14, 60, 36, 13, 75, 46, 68, 67, 69, 79, 56, 65, 88, 40, 57, 85, 58, 19, 32, 81, 48, 27, 62, 87, 90, 99, 59, 11, 16, 72, 73, 71, 70, 39, 37, 84, 3, 98, 29, 28, 55, 25, 92, 7, 33, 61, 53, 41, 89, 50, 8, 96, 51, 80, 34, 4, 66, 2, 52, 49, 0, 94, 74, 38]|[1, 1, 0, 1, 1, 0, 1, 2, 2, 1, 2, 2, 2, 1, 1, 0, 0, 1, 0, 2, 2, 0, 1, 2, 0, 1, 2, 2, 0, 0, 2, 1, 2, 1, 0, 2, 2, 1, 1, 0, 0, 0, 0, 0, 2, 1, 2, 0, 1, 1, 1, 0, 1, 2, 1, 2, 1, 0, 0, 2, 1, 0, 1, 2, 1, 2, 1, 1, 1, 1, 1, 1, 1, 0, 0, 0, 1, 1, 0, 1, 0, 1, 0, 1, 1, 0, 1, 0, 0, 0, 2, 1, 2, 0, 1, 0, 0, 2, 2, 1]|[0, 3, 2, 2, 4, 1, 2, 2, 2, 4, 1, 1, 2, 4, 4, 1, 2, 4, 2, 1, 1, 1, 1, 2, 1, 2, 1, 1, 1, 1, 2, 3, 0, 4, 0, 1, 2, 0, 3, 2, 2, 2, 1, 0, 2, 0, 1, 1, 0, 2, 2, 2, 0, 0, 3, 2, 4, 1, 2, 2, 3, 1, 1, 1, 3, 0, 4, 3, 3, 1, 4, 1, 1, 1, 1, 2, 4, 4, 0, 1, 2, 3, 2, 4, 1, 1, 3, 1, 1, 1, 1, 4, 1, 2, 1, 1, 2, 2, 1, 1]|[0, 2, 1, 1, 3, 0, 1, 0, 0, 0, 0, 0, 1, 0, 1, 0, 1, 3, 1, 0, 0, 0, 3, 1, 0, 2, 0, 0, 0, 1, 0, 0, 0, 3, 0, 1, 1, 0, 2, 0, 0, 0, 0, 1, 0, 0, 0, 0, 0, 1, 1, 0, 3, 0, 0, 1, 2, 0, 1, 0, 2, 0, 1, 0, 2, 1, 0, 0, 0, 1, 1, 3, 1, 0, 0, 1, 3, 3, 1, 2, 1, 0, 1, 3, 1, 0, 2, 0, 0, 0, 0, 0, 0, 0, 1, 1, 0, 0, 0, 1],740.6648699319737,58345.503832923176,99227.13002615936,false
8,G4_BALANCED,G4_BALANCED,[31, 22, 82, 15, 26, 9, 95, 42, 77, 12, 47, 5, 93, 78, 86, 54, 85, 63, 18, 44, 20, 35, 43, 97, 91, 76, 10, 30, 21, 45, 71, 64, 1, 23, 17, 83, 24, 14, 60, 36, 6, 57, 40, 88, 65, 56, 79, 69, 67, 68, 46, 75, 38, 58, 19, 32, 81, 48, 27, 62, 87, 90, 99, 59, 11, 16, 72, 73, 70, 39, 37, 84, 3, 92, 25, 55, 28, 29, 51, 7, 66, 61, 98, 41, 89, 50, 8, 96, 53, 80, 34, 4, 33, 2, 52, 49, 0, 94, 74, 13]|[1, 1, 0, 1, 1, 0, 1, 2, 2, 1, 2, 2, 2, 1, 1, 0, 0, 1, 0, 2, 2, 0, 1, 2, 0, 1, 2, 2, 0, 0, 1, 2, 1, 0, 1, 0, 2, 0, 1, 1, 0, 1, 1, 1, 0, 2, 1, 1, 0, 0, 0, 0, 1, 1, 2, 1, 2, 1, 0, 0, 2, 1, 0, 1, 2, 1, 2, 1, 1, 1, 1, 1, 1, 0, 1, 1, 0, 0, 0, 1, 2, 1, 2, 0, 1, 0, 1, 0, 0, 0, 2, 1, 2, 0, 2, 0, 0, 1, 2, 0]|[4, 3, 2, 2, 4, 1, 2, 2, 2, 4, 1, 1, 2, 4, 4, 1, 2, 4, 2, 1, 1, 1, 1, 2, 1, 2, 1, 1, 1, 1, 3, 2, 3, 0, 4, 0, 1, 1, 0, 3, 2, 2, 2, 0, 1, 1, 0, 4, 0, 1, 2, 2, 1, 4, 0, 3, 2, 4, 1, 2, 2, 3, 1, 1, 1, 3, 0, 4, 3, 1, 4, 1, 1, 0, 4, 4, 2, 1, 1, 1, 1, 3, 1, 1, 1, 1, 3, 1, 2, 1, 1, 4, 1, 2, 1, 1, 2, 4, 1, 2]|[0, 2, 1, 1, 3, 0, 1, 0, 0, 0, 0, 0, 1, 0, 1, 0, 0, 3, 1, 0, 0, 0, 3, 1, 0, 2, 0, 0, 0, 1, 0, 0, 0, 0, 3, 0, 1, 0, 0, 2, 1, 1, 1, 0, 0, 0, 0, 2, 1, 0, 0, 0, 1, 3, 0, 0, 1, 2, 0, 1, 0, 2, 0, 1, 0, 2, 1, 0, 0, 1, 1, 3, 1, 1, 3, 3, 1, 0, 0, 2, 0, 0, 0, 0, 1, 0, 2, 0, 1, 0, 0, 0, 0, 0, 0, 1, 0, 2, 0, 0],799.8760963143906,56426.94043056035,97800.84068216497,false
8,G2_TEC,G2_TEC,[31, 22, 82, 15, 26, 9, 95, 42, 77, 68, 47, 5, 93, 78, 86, 54, 85, 63, 18, 44, 20, 49, 36, 14, 74, 50, 53, 17, 21, 45, 71, 64, 3, 23, 30, 83, 24, 41, 60, 52, 65, 27, 90, 70, 39, 87, 48, 69, 99, 4, 46, 1, 13, 58, 97, 59, 28, 8, 73, 37, 35, 79, 11, 66, 76, 57, 40, 80, 96, 6, 16, 61, 33, 98, 32, 34, 12, 67, 10, 7, 56, 88, 51, 19, 91, 29, 75, 92, 38, 62, 43, 55, 84, 2, 81, 25, 0, 94, 89, 72]|[2, 1, 2, 1, 1, 2, 1, 1, 1, 1, 1, 0, 2, 2, 1, 2, 0, 0, 0, 2, 2, 1, 0, 2, 0, 2, 2, 1, 0, 1, 1, 1, 0, 0, 1, 0, 2, 1, 2, 2, 0, 1, 1, 1, 0, 2, 0, 2, 1, 0, 0, 2, 2, 0, 2, 0, 2, 1, 0, 0, 2, 1, 0, 2, 2, 0, 2, 2, 0, 1, 2, 1, 1, 0, 0, 1, 1, 1, 1, 2, 2, 1, 1, 1, 1, 1, 0, 0, 0, 1, 1, 0, 0, 2, 1, 1, 0, 1, 1, 1]|[0, 3, 0, 2, 4, 1, 4, 4, 2, 4, 3, 2, 1, 0, 2, 1, 1, 1, 2, 1, 1, 3, 0, 1, 0, 1, 1, 4, 1, 4, 3, 2, 2, 0, 4, 1, 1, 4, 0, 1, 2, 2, 4, 4, 1, 1, 0, 2, 3, 1, 2, 1, 2, 1, 1, 2, 0, 3, 0, 2, 2, 3, 1, 0, 1, 0, 0, 1, 2, 4, 1, 3, 4, 2, 2, 4, 3, 3, 3, 1, 1, 4, 3, 4, 3, 3, 2, 2, 2, 3, 4, 2, 2, 1, 1, 4, 2, 4, 4, 4]|[0, 2, 0, 1, 3, 0, 1, 3, 0, 0, 2, 0, 1, 0, 1, 0, 0, 0, 1, 0, 0, 2, 0, 0, 1, 0, 0, 3, 0, 1, 0, 2, 0, 0, 3, 0, 1, 3, 1, 0, 0, 1, 1, 3, 0, 0, 1, 0, 2, 0, 0, 0, 0, 0, 1, 0, 0, 0, 1, 1, 0, 2, 0, 0, 0, 1, 0, 0, 0, 2, 0, 0, 1, 0, 0, 2, 0, 0, 3, 0, 0, 1, 0, 3, 0, 0, 0, 0, 0, 0, 2, 0, 1, 0, 1, 3, 0, 2, 1, 2],866.9720029712151,52521.63760420462,113191.19061574526,false
8,G3_TWC,G3_TWC,[31, 22, 82, 15, 26, 9, 95, 42, 77, 12, 47, 5, 93, 78, 86, 54, 85, 63, 18, 44, 20, 35, 43, 97, 91, 76, 10, 30, 21, 45, 71, 64, 1, 23, 17, 83, 24, 14, 60, 36, 6, 57, 40, 88, 65, 56, 79, 94, 67, 68, 46, 75, 38, 58, 19, 32, 81, 41, 27, 62, 87, 90, 99, 59, 11, 16, 72, 73, 69, 39, 37, 84, 3, 92, 25, 55, 28, 29, 51, 7, 33, 61, 98, 48, 89, 50, 66, 96, 80, 53, 8, 34, 4, 2, 52, 49, 0, 70, 74, 13]|[1, 1, 0, 1, 1, 0, 1, 2, 2, 1, 2, 2, 2, 1, 1, 0, 0, 1, 0, 2, 2, 0, 1, 2, 0, 1, 2, 2, 0, 0, 1, 2, 1, 2, 1, 0, 2, 0, 1, 1, 0, 1, 1, 1, 0, 2, 1, 1, 0, 0, 0, 0, 1, 1, 2, 1, 2, 1, 0, 0, 2, 2, 0, 1, 2, 1, 2, 1, 1, 1, 0, 1, 1, 0, 1, 1, 0, 0, 0, 1, 0, 1, 0, 0, 1, 0, 2, 0, 0, 0, 0, 2, 0, 0, 1, 0, 0, 1, 2, 0]|[4, 3, 2, 2, 4, 1, 2, 2, 2, 4, 1, 1, 2, 4, 4, 1, 2, 4, 2, 1, 1, 1, 1, 2, 1, 2, 1, 1, 1, 1, 3, 2, 3, 0, 4, 0, 1, 1, 0, 3, 2, 2, 2, 0, 1, 1, 0, 4, 0, 1, 2, 2, 1, 0, 0, 3, 2, 4, 1, 2, 2, 1, 1, 1, 1, 3, 0, 4, 4, 1, 1, 1, 1, 0, 4, 4, 2, 1, 1, 1, 2, 3, 1, 1, 1, 1, 1, 1, 1, 2, 1, 1, 2, 2, 1, 1, 2, 3, 1, 2]|[0, 2, 1, 1, 3, 0, 1, 0, 0, 0, 0, 0, 1, 0, 1, 0, 0, 3, 1, 0, 0, 0, 3, 1, 0, 2, 0, 0, 0, 1, 0, 0, 0, 0, 3, 0, 1, 0, 0, 2, 1, 1, 1, 0, 0, 0, 0, 2, 1, 0, 0, 0, 1, 3, 0, 0, 1, 2, 0, 1, 0, 0, 0, 1, 0, 2, 1, 0, 2, 1, 0, 3, 1, 1, 3, 3, 1, 0, 0, 2, 1, 0, 0, 0, 1, 0, 0, 0, 0, 1, 0, 0, 1, 0, 1, 1, 0, 0, 0, 0],847.0427978319374,57842.30893966173,93453.7900685962,false
8,G1_CMAX,G1_CMAX,[31, 22, 82, 15, 26, 9, 95, 42, 77, 12, 47, 5, 93, 78, 86, 54, 6, 63, 18, 44, 20, 35, 43, 97, 91, 76, 10, 30, 21, 45, 64, 1, 23, 17, 83, 24, 14, 60, 36, 13, 75, 46, 68, 67, 69, 79, 56, 65, 88, 40, 57, 85, 58, 19, 32, 81, 48, 27, 62, 87, 90, 99, 59, 11, 16, 72, 73, 71, 70, 39, 37, 84, 3, 98, 29, 28, 55, 25, 92, 7, 33, 61, 53, 41, 89, 50, 8, 96, 51, 80, 34, 4, 66, 2, 52, 49, 0, 94, 74, 38]|[1, 1, 0, 1, 1, 0, 1, 2, 2, 1, 2, 2, 2, 1, 1, 0, 0, 1, 0, 2, 2, 0, 1, 2, 0, 1, 2, 2, 0, 0, 2, 1, 2, 1, 0, 2, 2, 1, 1, 0, 0, 0, 0, 0, 2, 1, 2, 0, 1, 1, 1, 0, 1, 2, 1, 2, 1, 0, 0, 2, 1, 0, 1, 2, 1, 2, 1, 1, 1, 1, 1, 1, 1, 0, 0, 0, 1, 1, 0, 1, 0, 1, 0, 1, 1, 0, 1, 0, 0, 0, 2, 1, 2, 0, 1, 0, 0, 2, 2, 1]|[0, 3, 2, 2, 4, 1, 2, 2, 2, 4, 1, 1, 2, 4, 4, 1, 2, 4, 2, 1, 1, 1, 1, 2, 1, 2, 1, 1, 1, 1, 2, 3, 0, 4, 0, 1, 2, 0, 3, 2, 2, 2, 1, 0, 2, 0, 1, 1, 0, 2, 2, 2, 0, 0, 3, 2, 4, 1, 2, 2, 3, 1, 1, 1, 3, 0, 4, 3, 3, 1, 4, 1, 1, 1, 1, 2, 4, 4, 0, 1, 2, 3, 2, 4, 1, 1, 3, 1, 1, 1, 1, 4, 1, 2, 1, 1, 2, 2, 1, 1]|[0, 2, 1, 1, 3, 0, 1, 0, 0, 0, 0, 0, 1, 0, 1, 0, 1, 3, 1, 0, 0, 0, 3, 1, 0, 2, 0, 0, 0, 1, 0, 0, 0, 3, 0, 1, 1, 0, 2, 0, 0, 0, 0, 1, 0, 0, 0, 0, 0, 1, 1, 0, 3, 0, 0, 1, 2, 0, 1, 0, 2, 0, 1, 0, 2, 1, 0, 0, 0, 1, 1, 3, 1, 0, 0, 1, 3, 3, 1, 2, 1, 0, 1, 3, 1, 0, 2, 0, 0, 0, 0, 0, 0, 0, 1, 1, 0, 0, 0, 1],740.6648699319737,58345.503832923176,99227.13002615936,false
8,G4_BALANCED,G4_BALANCED,[31, 22, 82, 15, 26, 9, 95, 42, 77, 12, 47, 5, 93, 78, 86, 54, 85, 63, 18, 44, 20, 35, 43, 97, 91, 76, 10, 30, 21, 45, 71, 64, 1, 23, 17, 83, 24, 14, 60, 36, 6, 57, 40, 88, 65, 56, 79, 69, 67, 68, 46, 75, 38, 58, 19, 32, 81, 48, 27, 62, 87, 90, 99, 59, 11, 16, 72, 73, 70, 39, 37, 84, 3, 92, 25, 55, 28, 29, 51, 7, 66, 61, 98, 41, 89, 50, 8, 96, 53, 80, 34, 4, 33, 2, 52, 49, 0, 94, 74, 13]|[1, 1, 0, 1, 1, 0, 1, 2, 2, 1, 2, 2, 2, 1, 1, 0, 0, 1, 0, 2, 2, 0, 1, 2, 0, 1, 2, 2, 0, 0, 1, 2, 1, 0, 1, 0, 2, 0, 1, 1, 0, 1, 1, 1, 0, 2, 1, 1, 0, 0, 0, 0, 1, 1, 2, 1, 2, 1, 0, 0, 2, 1, 0, 1, 2, 1, 2, 1, 1, 1, 1, 1, 1, 0, 1, 1, 0, 0, 0, 1, 2, 1, 2, 0, 1, 0, 1, 0, 0, 0, 2, 1, 2, 0, 2, 0, 0, 1, 2, 0]|[4, 3, 2, 2, 4, 1, 2, 2, 2, 4, 1, 1, 2, 4, 4, 1, 2, 4, 2, 1, 1, 1, 1, 2, 1, 2, 1, 1, 1, 1, 3, 2, 3, 0, 4, 0, 1, 1, 0, 3, 2, 2, 2, 0, 1, 1, 0, 4, 0, 1, 2, 2, 1, 4, 0, 3, 2, 4, 1, 2, 2, 3, 1, 1, 1, 3, 0, 4, 3, 1, 4, 1, 1, 0, 4, 4, 2, 1, 1, 1, 1, 3, 1, 1, 1, 1, 3, 1, 2, 1, 1, 4, 1, 2, 1, 1, 2, 4, 1, 2]|[0, 2, 1, 1, 3, 0, 1, 0, 0, 0, 0, 0, 1, 0, 1, 0, 0, 3, 1, 0, 0, 0, 3, 1, 0, 2, 0, 0, 0, 1, 0, 0, 0, 0, 3, 0, 1, 0, 0, 2, 1, 1, 1, 0, 0, 0, 0, 2, 1, 0, 0, 0, 1, 3, 0, 0, 1, 2, 0, 1, 0, 2, 0, 1, 0, 2, 1, 0, 0, 1, 1, 3, 1, 1, 3, 3, 1, 0, 0, 2, 0, 0, 0, 0, 1, 0, 2, 0, 1, 0, 0, 0, 0, 0, 0, 1, 0, 2, 0, 0],799.8760963143906,56426.94043056035,97800.84068216497,false
8,G2_TEC,G2_TEC,[31, 22, 82, 15, 26, 9, 95, 42, 77, 68, 47, 5, 93, 78, 86, 54, 85, 63, 18, 44, 20, 49, 36, 14, 74, 50, 53, 17, 21, 45, 71, 64, 3, 23, 30, 83, 24, 41, 60, 52, 65, 27, 90, 70, 39, 87, 48, 69, 99, 4, 46, 1, 13, 58, 97, 59, 28, 8, 73, 37, 35, 79, 11, 66, 76, 57, 40, 80, 96, 6, 16, 61, 33, 98, 32, 34, 12, 67, 10, 7, 56, 88, 51, 19, 91, 29, 75, 92, 38, 62, 43, 55, 84, 2, 81, 25, 0, 94, 89, 72]|[2, 1, 2, 1, 1, 2, 1, 1, 1, 1, 1, 0, 2, 2, 1, 2, 0, 0, 0, 2, 2, 1, 0, 2, 0, 2, 2, 1, 0, 1, 1, 1, 0, 0, 1, 0, 2, 1, 2, 2, 0, 1, 1, 1, 0, 2, 0, 2, 1, 0, 0, 2, 2, 0, 2, 0, 2, 1, 0, 0, 2, 1, 0, 2, 2, 0, 2, 2, 0, 1, 2, 1, 1, 0, 0, 1, 1, 1, 1, 2, 2, 1, 1, 1, 1, 1, 0, 0, 0, 1, 1, 0, 0, 2, 1, 1, 0, 1, 1, 1]|[0, 3, 0, 2, 4, 1, 4, 4, 2, 4, 3, 2, 1, 0, 2, 1, 1, 1, 2, 1, 1, 3, 0, 1, 0, 1, 1, 4, 1, 4, 3, 2, 2, 0, 4, 1, 1, 4, 0, 1, 2, 2, 4, 4, 1, 1, 0, 2, 3, 1, 2, 1, 2, 1, 1, 2, 0, 3, 0, 2, 2, 3, 1, 0, 1, 0, 0, 1, 2, 4, 1, 3, 4, 2, 2, 4, 3, 3, 3, 1, 1, 4, 3, 4, 3, 3, 2, 2, 2, 3, 4, 2, 2, 1, 1, 4, 2, 4, 4, 4]|[0, 2, 0, 1, 3, 0, 1, 3, 0, 0, 2, 0, 1, 0, 1, 0, 0, 0, 1, 0, 0, 2, 0, 0, 1, 0, 0, 3, 0, 1, 0, 2, 0, 0, 3, 0, 1, 3, 1, 0, 0, 1, 1, 3, 0, 0, 1, 0, 2, 0, 0, 0, 0, 0, 1, 0, 0, 0, 1, 1, 0, 2, 0, 0, 0, 1, 0, 0, 0, 2, 0, 0, 1, 0, 0, 2, 0, 0, 3, 0, 0, 1, 0, 3, 0, 0, 0, 0, 0, 0, 2, 0, 1, 0, 1, 3, 0, 2, 1, 2],866.9720029712151,52521.63760420462,113191.19061574526,false
8,G3_TWC,G3_TWC,[31, 22, 82, 15, 26, 9, 95, 42, 77, 12, 47, 5, 93, 78, 86, 54, 85, 63, 18, 44, 20, 35, 43, 97, 91, 76, 10, 30, 21, 45, 71, 64, 1, 23, 17, 83, 24, 14, 60, 36, 6, 57, 40, 88, 65, 56, 79, 94, 67, 68, 46, 75, 38, 58, 19, 32, 81, 41, 27, 62, 87, 90, 99, 59, 11, 16, 72, 73, 69, 39, 37, 84, 3, 92, 25, 55, 28, 29, 51, 7, 33, 61, 98, 48, 89, 50, 66, 96, 80, 53, 8, 34, 4, 2, 52, 49, 0, 70, 74, 13]|[1, 1, 0, 1, 1, 0, 1, 2, 2, 1, 2, 2, 2, 1, 1, 0, 0, 1, 0, 2, 2, 0, 1, 2, 0, 1, 2, 2, 0, 0, 1, 2, 1, 2, 1, 0, 2, 0, 1, 1, 0, 1, 1, 1, 0, 2, 1, 1, 0, 0, 0, 0, 1, 1, 2, 1, 2, 1, 0, 0, 2, 2, 0, 1, 2, 1, 2, 1, 1, 1, 0, 1, 1, 0, 1, 1, 0, 0, 0, 1, 0, 1, 0, 0, 1, 0, 2, 0, 0, 0, 0, 2, 0, 0, 1, 0, 0, 1, 2, 0]|[4, 3, 2, 2, 4, 1, 2, 2, 2, 4, 1, 1, 2, 4, 4, 1, 2, 4, 2, 1, 1, 1, 1, 2, 1, 2, 1, 1, 1, 1, 3, 2, 3, 0, 4, 0, 1, 1, 0, 3, 2, 2, 2, 0, 1, 1, 0, 4, 0, 1, 2, 2, 1, 0, 0, 3, 2, 4, 1, 2, 2, 1, 1, 1, 1, 3, 0, 4, 4, 1, 1, 1, 1, 0, 4, 4, 2, 1, 1, 1, 2, 3, 1, 1, 1, 1, 1, 1, 1, 2, 1, 1, 2, 2, 1, 1, 2, 3, 1, 2]|[0, 2, 1, 1, 3, 0, 1, 0, 0, 0, 0, 0, 1, 0, 1, 0, 0, 3, 1, 0, 0, 0, 3, 1, 0, 2, 0, 0, 0, 1, 0, 0, 0, 0, 3, 0, 1, 0, 0, 2, 1, 1, 1, 0, 0, 0, 0, 2, 1, 0, 0, 0, 1, 3, 0, 0, 1, 2, 0, 1, 0, 0, 0, 1, 0, 2, 1, 0, 2, 1, 0, 3, 1, 1, 3, 3, 1, 0, 0, 2, 1, 0, 0, 0, 1, 0, 0, 0, 0, 1, 0, 0, 1, 0, 1, 1, 0, 0, 0, 0],847.0427978319374,57842.30893966173,93453.7900685962,false
8,G1_CMAX,G1_CMAX,[31, 22, 82, 15, 26, 9, 95, 42, 77, 12, 47, 5, 93, 78, 86, 54, 6, 63, 18, 44, 20, 35, 43, 97, 91, 76, 10, 30, 21, 45, 64, 1, 23, 17, 83, 24, 14, 60, 36, 13, 75, 46, 68, 67, 69, 79, 56, 65, 88, 40, 57, 85, 58, 19, 32, 81, 48, 27, 62, 87, 90, 99, 59, 11, 16, 72, 73, 71, 70, 39, 37, 84, 3, 98, 29, 28, 55, 25, 92, 7, 33, 61, 53, 41, 89, 50, 8, 96, 51, 80, 34, 4, 66, 2, 52, 49, 0, 94, 74, 38]|[1, 1, 0, 1, 1, 0, 1, 2, 2, 1, 2, 2, 2, 1, 1, 0, 0, 1, 0, 2, 2, 0, 1, 2, 0, 1, 2, 2, 0, 0, 2, 1, 2, 1, 0, 2, 2, 1, 1, 0, 0, 0, 0, 0, 2, 1, 2, 0, 1, 1, 1, 0, 1, 2, 1, 2, 1, 0, 0, 2, 1, 0, 1, 2, 1, 2, 1, 1, 1, 1, 1, 1, 1, 0, 0, 0, 1, 1, 0, 1, 0, 1, 0, 1, 1, 0, 1, 0, 0, 0, 2, 1, 2, 0, 1, 0, 0, 2, 2, 1]|[0, 3, 2, 2, 4, 1, 2, 2, 2, 4, 1, 1, 2, 4, 4, 1, 2, 4, 2, 1, 1, 1, 1, 2, 1, 2, 1, 1, 1, 1, 2, 3, 0, 4, 0, 1, 2, 0, 3, 2, 2, 2, 1, 0, 2, 0, 1, 1, 0, 2, 2, 2, 0, 0, 3, 2, 4, 1, 2, 2, 3, 1, 1, 1, 3, 0, 4, 3, 3, 1, 4, 1, 1, 1, 1, 2, 4, 4, 0, 1, 2, 3, 2, 4, 1, 1, 3, 1, 1, 1, 1, 4, 1, 2, 1, 1, 2, 2, 1, 1]|[0, 2, 1, 1, 3, 0, 1, 0, 0, 0, 0, 0, 1, 0, 1, 0, 1, 3, 1, 0, 0, 0, 3, 1, 0, 2, 0, 0, 0, 1, 0, 0, 0, 3, 0, 1, 1, 0, 2, 0, 0, 0, 0, 1, 0, 0, 0, 0, 0, 1, 1, 0, 3, 0, 0, 1, 2, 0, 1, 0, 2, 0, 1, 0, 2, 1, 0, 0, 0, 1, 1, 3, 1, 0, 0, 1, 3, 3, 1, 2, 1, 0, 1, 3, 1, 0, 2, 0, 0, 0, 0, 0, 0, 0, 1, 1, 0, 0, 0, 1],740.6648699319737,58345.503832923176,99227.13002615936,false
8,G4_BALANCED,G4_BALANCED,[31, 22, 82, 15, 26, 9, 95, 42, 77, 12, 47, 5, 93, 78, 86, 54, 85, 63, 18, 44, 20, 35, 43, 97, 91, 76, 10, 30, 21, 45, 71, 64, 1, 23, 17, 83, 24, 14, 60, 36, 6, 57, 40, 88, 65, 56, 79, 69, 67, 68, 46, 75, 38, 58, 19, 32, 81, 48, 27, 62, 87, 90, 99, 59, 11, 16, 72, 73, 70, 39, 37, 84, 3, 92, 25, 55, 28, 29, 51, 7, 66, 61, 98, 41, 89, 50, 8, 96, 53, 80, 34, 4, 33, 2, 52, 49, 0, 94, 74, 13]|[1, 1, 0, 1, 1, 0, 1, 2, 2, 1, 2, 2, 2, 1, 1, 0, 0, 1, 0, 2, 2, 0, 1, 2, 0, 1, 2, 2, 0, 0, 1, 2, 1, 0, 1, 0, 2, 0, 1, 1, 0, 1, 1, 1, 0, 2, 1, 1, 0, 0, 0, 0, 1, 1, 2, 1, 2, 1, 0, 0, 2, 1, 0, 1, 2, 1, 2, 1, 1, 1, 1, 1, 1, 0, 1, 1, 0, 0, 0, 1, 2, 1, 2, 0, 1, 0, 1, 0, 0, 0, 2, 1, 2, 0, 2, 0, 0, 1, 2, 0]|[4, 3, 2, 2, 4, 1, 2, 2, 2, 4, 1, 1, 2, 4, 4, 1, 2, 4, 2, 1, 1, 1, 1, 2, 1, 2, 1, 1, 1, 1, 3, 2, 3, 0, 4, 0, 1, 1, 0, 3, 2, 2, 2, 0, 1, 1, 0, 4, 0, 1, 2, 2, 1, 4, 0, 3, 2, 4, 1, 2, 2, 3, 1, 1, 1, 3, 0, 4, 3, 1, 4, 1, 1, 0, 4, 4, 2, 1, 1, 1, 1, 3, 1, 1, 1, 1, 3, 1, 2, 1, 1, 4, 1, 2, 1, 1, 2, 4, 1, 2]|[0, 2, 1, 1, 3, 0, 1, 0, 0, 0, 0, 0, 1, 0, 1, 0, 0, 3, 1, 0, 0, 0, 3, 1, 0, 2, 0, 0, 0, 1, 0, 0, 0, 0, 3, 0, 1, 0, 0, 2, 1, 1, 1, 0, 0, 0, 0, 2, 1, 0, 0, 0, 1, 3, 0, 0, 1, 2, 0, 1, 0, 2, 0, 1, 0, 2, 1, 0, 0, 1, 1, 3, 1, 1, 3, 3, 1, 0, 0, 2, 0, 0, 0, 0, 1, 0, 2, 0, 1, 0, 0, 0, 0, 0, 0, 1, 0, 2, 0, 0],799.8760963143906,56426.94043056035,97800.84068216497,false
8,G2_TEC,G2_TEC,[31, 22, 82, 15, 26, 9, 95, 42, 77, 68, 47, 5, 93, 78, 86, 54, 85, 63, 18, 44, 20, 49, 36, 14, 74, 50, 53, 17, 21, 45, 71, 64, 3, 23, 30, 83, 24, 41, 60, 52, 65, 27, 90, 70, 39, 87, 48, 69, 99, 4, 46, 1, 13, 58, 97, 59, 28, 8, 73, 37, 35, 79, 11, 66, 76, 57, 40, 80, 96, 6, 16, 61, 33, 98, 32, 34, 12, 67, 10, 7, 56, 88, 51, 19, 91, 29, 75, 92, 38, 62, 43, 55, 84, 2, 81, 25, 0, 94, 89, 72]|[2, 1, 2, 1, 1, 2, 1, 1, 1, 1, 1, 0, 2, 2, 1, 2, 0, 0, 0, 2, 2, 1, 0, 2, 0, 2, 2, 1, 0, 1, 1, 1, 0, 0, 1, 0, 2, 1, 2, 2, 0, 1, 1, 1, 0, 2, 0, 2, 1, 0, 0, 2, 2, 0, 2, 0, 2, 1, 0, 0, 2, 1, 0, 2, 2, 0, 2, 2, 0, 1, 2, 1, 1, 0, 0, 1, 1, 1, 1, 2, 2, 1, 1, 1, 1, 1, 0, 0, 0, 1, 1, 0, 0, 2, 1, 1, 0, 1, 1, 1]|[0, 3, 0, 2, 4, 1, 4, 4, 2, 4, 3, 2, 1, 0, 2, 1, 1, 1, 2, 1, 1, 3, 0, 1, 0, 1, 1, 4, 1, 4, 3, 2, 2, 0, 4, 1, 1, 4, 0, 1, 2, 2, 4, 4, 1, 1, 0, 2, 3, 1, 2, 1, 2, 1, 1, 2, 0, 3, 0, 2, 2, 3, 1, 0, 1, 0, 0, 1, 2, 4, 1, 3, 4, 2, 2, 4, 3, 3, 3, 1, 1, 4, 3, 4, 3, 3, 2, 2, 2, 3, 4, 2, 2, 1, 1, 4, 2, 4, 4, 4]|[0, 2, 0, 1, 3, 0, 1, 3, 0, 0, 2, 0, 1, 0, 1, 0, 0, 0, 1, 0, 0, 2, 0, 0, 1, 0, 0, 3, 0, 1, 0, 2, 0, 0, 3, 0, 1, 3, 1, 0, 0, 1, 1, 3, 0, 0, 1, 0, 2, 0, 0, 0, 0, 0, 1, 0, 0, 0, 1, 1, 0, 2, 0, 0, 0, 1, 0, 0, 0, 2, 0, 0, 1, 0, 0, 2, 0, 0, 3, 0, 0, 1, 0, 3, 0, 0, 0, 0, 0, 0, 2, 0, 1, 0, 1, 3, 0, 2, 1, 2],866.9720029712151,52521.63760420462,113191.19061574526,false
8,G3_TWC,G4_BALANCED,[31, 22, 82, 15, 26, 9, 95, 42, 77, 12, 47, 5, 93, 78, 86, 54, 85, 63, 18, 44, 20, 35, 66, 97, 91, 76, 10, 30, 21, 45, 71, 64, 1, 23, 17, 83, 24, 14, 60, 36, 6, 57, 40, 88, 65, 56, 79, 69, 67, 68, 46, 75, 38, 58, 19, 32, 81, 48, 27, 62, 87, 90, 99, 59, 11, 16, 72, 73, 61, 39, 37, 84, 3, 70, 25, 55, 28, 29, 51, 7, 43, 92, 98, 41, 89, 50, 96, 8, 53, 80, 34, 4, 33, 2, 52, 49, 0, 94, 74, 13]|[1, 1, 0, 1, 1, 0, 1, 2, 2, 1, 2, 2, 2, 1, 1, 0, 0, 1, 0, 2, 2, 0, 2, 2, 0, 1, 2, 2, 0, 0, 1, 2, 1, 2, 1, 0, 2, 0, 1, 1, 0, 1, 1, 1, 0, 2, 1, 1, 0, 0, 0, 0, 1, 1, 2, 1, 2, 1, 0, 0, 2, 1, 0, 1, 2, 1, 2, 1, 1, 1, 1, 1, 1, 1, 1, 1, 0, 0, 0, 1, 1, 0, 2, 0, 1, 0, 0, 1, 0, 0, 2, 1, 2, 0, 2, 0, 0, 1, 2, 0]|[4, 3, 2, 2, 4, 1, 2, 2, 2, 4, 1, 1, 2, 4, 4, 1, 2, 4, 2, 1, 1, 1, 1, 2, 1, 2, 1, 1, 1, 1, 3, 2, 3, 1, 4, 0, 1, 1, 0, 3, 2, 2, 2, 0, 1, 1, 0, 4, 0, 1, 2, 2, 1, 0, 0, 3, 2, 4, 1, 2, 2, 3, 1, 1, 1, 3, 0, 4, 3, 1, 4, 1, 1, 3, 4, 4, 2, 1, 1, 1, 1, 0, 1, 1, 1, 1, 1, 3, 2, 1, 1, 4, 1, 2, 1, 1, 2, 4, 1, 2]|[0, 2, 1, 1, 3, 0, 1, 0, 0, 0, 0, 0, 1, 0, 1, 0, 0, 3, 1, 0, 0, 0, 0, 1, 0, 2, 0, 0, 0, 1, 0, 0, 0, 0, 3, 0, 1, 0, 0, 2, 1, 1, 1, 0, 0, 0, 0, 2, 1, 0, 0, 0, 1, 3, 0, 0, 1, 2, 0, 1, 0, 2, 0, 1, 0, 2, 1, 0, 0, 1, 1, 3, 1, 0, 3, 3, 1, 0, 0, 2, 3, 1, 0, 0, 1, 0, 0, 2, 1, 0, 0, 0, 0, 0, 0, 1, 0, 2, 0, 0],776.2269880894817,56775.81331933943,98134.92082803891,true
8,G1_CMAX,G1_CMAX,[31, 22, 82, 15, 26, 9, 95, 42, 77, 12, 47, 5, 93, 78, 86, 54, 6, 63, 18, 44, 20, 35, 43, 97, 91, 76, 10, 30, 21, 45, 64, 1, 23, 17, 83, 24, 14, 60, 36, 13, 75, 46, 68, 67, 69, 79, 56, 65, 88, 40, 57, 85, 58, 19, 32, 81, 48, 27, 62, 87, 90, 99, 59, 11, 16, 72, 73, 71, 70, 39, 37, 84, 3, 98, 29, 28, 55, 25, 92, 7, 33, 61, 53, 41, 89, 50, 8, 96, 51, 80, 34, 4, 66, 2, 52, 49, 0, 94, 74, 38]|[1, 1, 0, 1, 1, 0, 1, 2, 2, 1, 2, 2, 2, 1, 1, 0, 0, 1, 0, 2, 2, 0, 1, 2, 0, 1, 2, 2, 0, 0, 2, 1, 2, 1, 0, 2, 2, 1, 1, 0, 0, 0, 0, 0, 2, 1, 2, 0, 1, 1, 1, 0, 1, 2, 1, 2, 1, 0, 0, 2, 1, 0, 1, 2, 1, 2, 1, 1, 1, 1, 1, 1, 1, 0, 0, 0, 1, 1, 0, 1, 0, 1, 0, 1, 1, 0, 1, 0, 0, 0, 2, 1, 2, 0, 1, 0, 0, 2, 2, 1]|[0, 3, 2, 2, 4, 1, 2, 2, 2, 4, 1, 1, 2, 4, 4, 1, 2, 4, 2, 1, 1, 1, 1, 2, 1, 2, 1, 1, 1, 1, 2, 3, 0, 4, 0, 1, 2, 0, 3, 2, 2, 2, 1, 0, 2, 0, 1, 1, 0, 2, 2, 2, 0, 0, 3, 2, 4, 1, 2, 2, 3, 1, 1, 1, 3, 0, 4, 3, 3, 1, 4, 1, 1, 1, 1, 2, 4, 4, 0, 1, 2, 3, 2, 4, 1, 1, 3, 1, 1, 1, 1, 4, 1, 2, 1, 1, 2, 2, 1, 1]|[0, 2, 1, 1, 3, 0, 1, 0, 0, 0, 0, 0, 1, 0, 1, 0, 1, 3, 1, 0, 0, 0, 3, 1, 0, 2, 0, 0, 0, 1, 0, 0, 0, 3, 0, 1, 1, 0, 2, 0, 0, 0, 0, 1, 0, 0, 0, 0, 0, 1, 1, 0, 3, 0, 0, 1, 2, 0, 1, 0, 2, 0, 1, 0, 2, 1, 0, 0, 0, 1, 1, 3, 1, 0, 0, 1, 3, 3, 1, 2, 1, 0, 1, 3, 1, 0, 2, 0, 0, 0, 0, 0, 0, 0, 1, 1, 0, 0, 0, 1],740.6648699319737,58345.503832923176,99227.13002615936,false
8,G4_BALANCED,G4_BALANCED,[31, 22, 82, 15, 26, 9, 95, 42, 77, 12, 47, 5, 93, 78, 86, 54, 85, 63, 18, 44, 20, 35, 43, 97, 91, 76, 10, 30, 21, 45, 71, 64, 1, 23, 17, 83, 24, 14, 60, 36, 6, 57, 40, 88, 65, 56, 79, 69, 67, 68, 46, 75, 38, 58, 19, 32, 81, 48, 27, 62, 87, 90, 99, 59, 11, 16, 72, 73, 70, 39, 37, 84, 3, 92, 25, 55, 28, 29, 51, 7, 66, 61, 98, 41, 89, 50, 8, 96, 53, 80, 34, 4, 33, 2, 52, 49, 0, 94, 74, 13]|[1, 1, 0, 1, 1, 0, 1, 2, 2, 1, 2, 2, 2, 1, 1, 0, 0, 1, 0, 2, 2, 0, 1, 2, 0, 1, 2, 2, 0, 0, 1, 2, 1, 0, 1, 0, 2, 0, 1, 1, 0, 1, 1, 1, 0, 2, 1, 1, 0, 0, 0, 0, 1, 1, 2, 1, 2, 1, 0, 0, 2, 1, 0, 1, 2, 1, 2, 1, 1, 1, 1, 1, 1, 0, 1, 1, 0, 0, 0, 1, 2, 1, 2, 0, 1, 0, 1, 0, 0, 0, 2, 1, 2, 0, 2, 0, 0, 1, 2, 0]|[4, 3, 2, 2, 4, 1, 2, 2, 2, 4, 1, 1, 2, 4, 4, 1, 2, 4, 2, 1, 1, 1, 1, 2, 1, 2, 1, 1, 1, 1, 3, 2, 3, 0, 4, 0, 1, 1, 0, 3, 2, 2, 2, 0, 1, 1, 0, 4, 0, 1, 2, 2, 1, 4, 0, 3, 2, 4, 1, 2, 2, 3, 1, 1, 1, 3, 0, 4, 3, 1, 4, 1, 1, 0, 4, 4, 2, 1, 1, 1, 1, 3, 1, 1, 1, 1, 3, 1, 2, 1, 1, 4, 1, 2, 1, 1, 2, 4, 1, 2]|[0, 2, 1, 1, 3, 0, 1, 0, 0, 0, 0, 0, 1, 0, 1, 0, 0, 3, 1, 0, 0, 0, 3, 1, 0, 2, 0, 0, 0, 1, 0, 0, 0, 0, 3, 0, 1, 0, 0, 2, 1, 1, 1, 0, 0, 0, 0, 2, 1, 0, 0, 0, 1, 3, 0, 0, 1, 2, 0, 1, 0, 2, 0, 1, 0, 2, 1, 0, 0, 1, 1, 3, 1, 1, 3, 3, 1, 0, 0, 2, 0, 0, 0, 0, 1, 0, 2, 0, 1, 0, 0, 0, 0, 0, 0, 1, 0, 2, 0, 0],799.8760963143906,56426.94043056035,97800.84068216497,false
8,G2_TEC,G2_TEC,[31, 22, 82, 15, 26, 9, 95, 42, 77, 68, 47, 5, 93, 78, 86, 54, 85, 63, 18, 44, 20, 49, 36, 14, 74, 50, 53, 17, 21, 45, 71, 64, 3, 23, 30, 83, 24, 41, 60, 52, 65, 27, 90, 70, 39, 87, 48, 69, 99, 4, 46, 1, 13, 58, 97, 59, 28, 8, 73, 37, 35, 79, 11, 66, 76, 57, 40, 80, 96, 6, 16, 61, 33, 98, 32, 34, 12, 67, 10, 7, 56, 88, 51, 19, 91, 29, 75, 92, 38, 62, 43, 55, 84, 2, 81, 25, 0, 94, 89, 72]|[2, 1, 2, 1, 1, 2, 1, 1, 1, 1, 1, 0, 2, 2, 1, 2, 0, 0, 0, 2, 2, 1, 0, 2, 0, 2, 2, 1, 0, 1, 1, 1, 0, 0, 1, 0, 2, 1, 2, 2, 0, 1, 1, 1, 0, 2, 0, 2, 1, 0, 0, 2, 2, 0, 2, 0, 2, 1, 0, 0, 2, 1, 0, 2, 2, 0, 2, 2, 0, 1, 2, 1, 1, 0, 0, 1, 1, 1, 1, 2, 2, 1, 1, 1, 1, 1, 0, 0, 0, 1, 1, 0, 0, 2, 1, 1, 0, 1, 1, 1]|[0, 3, 0, 2, 4, 1, 4, 4, 2, 4, 3, 2, 1, 0, 2, 1, 1, 1, 2, 1, 1, 3, 0, 1, 0, 1, 1, 4, 1, 4, 3, 2, 2, 0, 4, 1, 1, 4, 0, 1, 2, 2, 4, 4, 1, 1, 0, 2, 3, 1, 2, 1, 2, 1, 1, 2, 0, 3, 0, 2, 2, 3, 1, 0, 1, 0, 0, 1, 2, 4, 1, 3, 4, 2, 2, 4, 3, 3, 3, 1, 1, 4, 3, 4, 3, 3, 2, 2, 2, 3, 4, 2, 2, 1, 1, 4, 2, 4, 4, 4]|[0, 2, 0, 1, 3, 0, 1, 3, 0, 0, 2, 0, 1, 0, 1, 0, 0, 0, 1, 0, 0, 2, 0, 0, 1, 0, 0, 3, 0, 1, 0, 2, 0, 0, 3, 0, 1, 3, 1, 0, 0, 1, 1, 3, 0, 0, 1, 0, 2, 0, 0, 0, 0, 0, 1, 0, 0, 0, 1, 1, 0, 2, 0, 0, 0, 1, 0, 0, 0, 2, 0, 0, 1, 0, 0, 2, 0, 0, 3, 0, 0, 1, 0, 3, 0, 0, 0, 0, 0, 0, 2, 0, 1, 0, 1, 3, 0, 2, 1, 2],866.9720029712151,52521.63760420462,113191.19061574526,false
8,G3_TWC,G4_BALANCED,[31, 22, 82, 15, 26, 9, 95, 42, 77, 12, 47, 5, 93, 78, 86, 54, 85, 63, 18, 44, 20, 35, 66, 97, 91, 76, 10, 30, 21, 45, 71, 64, 1, 23, 17, 83, 24, 14, 60, 36, 6, 57, 40, 88, 65, 56, 79, 69, 67, 68, 46, 75, 38, 58, 19, 32, 81, 48, 27, 62, 87, 90, 99, 59, 11, 16, 72, 73, 61, 39, 37, 84, 3, 70, 25, 55, 28, 29, 51, 7, 43, 92, 98, 41, 89, 50, 96, 8, 53, 80, 34, 4, 33, 2, 52, 49, 0, 94, 74, 13]|[1, 1, 0, 1, 1, 0, 1, 2, 2, 1, 2, 2, 2, 1, 1, 0, 0, 1, 0, 2, 2, 0, 2, 2, 0, 1, 2, 2, 0, 0, 1, 2, 1, 2, 1, 0, 2, 0, 1, 1, 0, 1, 1, 1, 0, 2, 1, 1, 0, 0, 0, 0, 1, 1, 2, 1, 2, 1, 0, 0, 2, 1, 0, 1, 2, 1, 2, 1, 1, 1, 1, 1, 1, 1, 1, 1, 0, 0, 0, 1, 1, 0, 2, 0, 1, 0, 0, 1, 0, 0, 2, 1, 2, 0, 2, 0, 0, 1, 2, 0]|[4, 3, 2, 2, 4, 1, 2, 2, 2, 4, 1, 1, 2, 4, 4, 1, 2, 4, 2, 1, 1, 1, 1, 2, 1, 2, 1, 1, 1, 1, 3, 2, 3, 1, 4, 0, 1, 1, 0, 3, 2, 2, 2, 0, 1, 1, 0, 4, 0, 1, 2, 2, 1, 0, 0, 3, 2, 4, 1, 2, 2, 3, 1, 1, 1, 3, 0, 4, 3, 1, 4, 1, 1, 3, 4, 4, 2, 1, 1, 1, 1, 0, 1, 1, 1, 1, 1, 3, 2, 1, 1, 4, 1, 2, 1, 1, 2, 4, 1, 2]|[0, 2, 1, 1, 3, 0, 1, 0, 0, 0, 0, 0, 1, 0, 1, 0, 0, 3, 1, 0, 0, 0, 0, 1, 0, 2, 0, 0, 0, 1, 0, 0, 0, 0, 3, 0, 1, 0, 0, 2, 1, 1, 1, 0, 0, 0, 0, 2, 1, 0, 0, 0, 1, 3, 0, 0, 1, 2, 0, 1, 0, 2, 0, 1, 0, 2, 1, 0, 0, 1, 1, 3, 1, 0, 3, 3, 1, 0, 0, 2, 3, 1, 0, 0, 1, 0, 0, 2, 1, 0, 0, 0, 0, 0, 0, 1, 0, 2, 0, 0],776.2269880894817,56775.81331933943,98134.92082803891,true
8,G1_CMAX,G1_CMAX,[31, 22, 82, 15, 26, 9, 95, 42, 77, 12, 47, 5, 93, 78, 86, 54, 6, 63, 18, 44, 20, 35, 43, 97, 91, 76, 10, 30, 21, 45, 64, 1, 23, 17, 83, 24, 14, 60, 36, 13, 75, 46, 68, 67, 69, 79, 56, 65, 88, 40, 57, 85, 58, 19, 32, 81, 48, 27, 62, 87, 90, 99, 59, 11, 16, 72, 73, 71, 70, 39, 37, 84, 3, 98, 29, 28, 55, 25, 92, 7, 33, 61, 53, 41, 89, 50, 8, 96, 51, 80, 34, 4, 66, 2, 52, 49, 0, 94, 74, 38]|[1, 1, 0, 1, 1, 0, 1, 2, 2, 1, 2, 2, 2, 1, 1, 0, 0, 1, 0, 2, 2, 0, 1, 2, 0, 1, 2, 2, 0, 0, 2, 1, 2, 1, 0, 2, 2, 1, 1, 0, 0, 0, 0, 0, 2, 1, 2, 0, 1, 1, 1, 0, 1, 2, 1, 2, 1, 0, 0, 2, 1, 0, 1, 2, 1, 2, 1, 1, 1, 1, 1, 1, 1, 0, 0, 0, 1, 1, 0, 1, 0, 1, 0, 1, 1, 0, 1, 0, 0, 0, 2, 1, 2, 0, 1, 0, 0, 2, 2, 1]|[0, 3, 2, 2, 4, 1, 2, 2, 2, 4, 1, 1, 2, 4, 4, 1, 2, 4, 2, 1, 1, 1, 1, 2, 1, 2, 1, 1, 1, 1, 2, 3, 0, 4, 0, 1, 2, 0, 3, 2, 2, 2, 1, 0, 2, 0, 1, 1, 0, 2, 2, 2, 0, 0, 3, 2, 4, 1, 2, 2, 3, 1, 1, 1, 3, 0, 4, 3, 3, 1, 4, 1, 1, 1, 1, 2, 4, 4, 0, 1, 2, 3, 2, 4, 1, 1, 3, 1, 1, 1, 1, 4, 1, 2, 1, 1, 2, 2, 1, 1]|[0, 2, 1, 1, 3, 0, 1, 0, 0, 0, 0, 0, 1, 0, 1, 0, 1, 3, 1, 0, 0, 0, 3, 1, 0, 2, 0, 0, 0, 1, 0, 0, 0, 3, 0, 1, 1, 0, 2, 0, 0, 0, 0, 1, 0, 0, 0, 0, 0, 1, 1, 0, 3, 0, 0, 1, 2, 0, 1, 0, 2, 0, 1, 0, 2, 1, 0, 0, 0, 1, 1, 3, 1, 0, 0, 1, 3, 3, 1, 2, 1, 0, 1, 3, 1, 0, 2, 0, 0, 0, 0, 0, 0, 0, 1, 1, 0, 0, 0, 1],740.6648699319737,58345.503832923176,99227.13002615936,false
8,G4_BALANCED,G4_BALANCED,[31, 22, 82, 15, 26, 9, 95, 42, 77, 12, 47, 5, 93, 78, 86, 54, 85, 63, 18, 44, 20, 35, 43, 97, 91, 76, 10, 30, 21, 45, 71, 64, 1, 23, 17, 83, 24, 14, 60, 36, 6, 57, 40, 88, 65, 56, 79, 69, 67, 68, 46, 75, 38, 58, 19, 32, 81, 48, 27, 62, 87, 90, 99, 59, 11, 16, 72, 73, 70, 39, 37, 84, 3, 92, 25, 55, 28, 29, 51, 7, 66, 61, 98, 41, 89, 50, 33, 96, 80, 53, 8, 4, 34, 2, 52, 49, 0, 94, 74, 13]|[1, 1, 0, 1, 1, 0, 1, 2, 2, 1, 2, 2, 2, 1, 1, 0, 0, 1, 0, 2, 2, 0, 1, 2, 0, 1, 2, 2, 0, 0, 1, 2, 1, 0, 1, 0, 2, 0, 1, 1, 0, 1, 1, 1, 0, 2, 1, 2, 0, 0, 0, 0, 1, 1, 2, 1, 2, 1, 0, 0, 2, 1, 0, 1, 2, 1, 2, 1, 1, 1, 1, 1, 1, 0, 1, 1, 0, 0, 0, 1, 2, 1, 2, 2, 1, 0, 0, 0, 0, 0, 1, 1, 2, 0, 2, 0, 0, 1, 2, 0]|[4, 3, 2, 2, 4, 1, 2, 2, 2, 4, 1, 1, 2, 4, 4, 1, 2, 4, 2, 1, 1, 1, 1, 2, 1, 2, 1, 1, 1, 1, 3, 2, 3, 0, 4, 0, 1, 1, 0, 3, 2, 2, 2, 0, 1, 1, 0, 2, 0, 1, 2, 2, 1, 4, 0, 3, 2, 4, 1, 2, 2, 3, 1, 1, 1, 3, 0, 4, 3, 1, 4, 1, 1, 0, 4, 4, 2, 1, 1, 1, 1, 3, 1, 1, 1, 1, 2, 1, 1, 2, 3, 4, 1, 2, 1, 1, 2, 4, 1, 2]|[0, 2, 1, 1, 3, 0, 1, 0, 0, 0, 0, 0, 1, 0, 1, 0, 0, 3, 1, 0, 0, 0, 3, 1, 0, 2, 0, 0, 0, 1, 0, 0, 0, 0, 3, 0, 1, 0, 0, 2, 1, 1, 1, 0, 0, 0, 0, 0, 1, 0, 0, 0, 1, 3, 0, 0, 1, 2, 0, 1, 0, 2, 0, 1, 0, 2, 1, 0, 0, 1, 1, 3, 1, 1, 3, 3, 1, 0, 0, 2, 0, 0, 0, 0, 1, 0, 1, 0, 0, 1, 2, 0, 0, 0, 0, 1, 0, 2, 0, 0],789.0263571580006,56321.4806859715,98465.24902504137,false
8,G2_TEC,G2_TEC,[31, 22, 82, 15, 26, 9, 95, 42, 77, 68, 47, 5, 93, 78, 86, 54, 85, 63, 18, 44, 20, 49, 36, 14, 74, 50, 53, 17, 21, 45, 71, 64, 3, 23, 30, 83, 24, 41, 60, 52, 65, 27, 90, 70, 39, 87, 48, 69, 99, 4, 46, 1, 13, 58, 97, 59, 28, 8, 73, 37, 35, 79, 11, 66, 76, 57, 40, 80, 96, 6, 16, 61, 33, 98, 32, 34, 12, 67, 10, 7, 56, 88, 51, 19, 91, 29, 75, 92, 38, 62, 43, 55, 84, 2, 81, 25, 0, 94, 89, 72]|[2, 1, 2, 1, 1, 2, 1, 1, 1, 1, 1, 0, 2, 2, 1, 2, 0, 0, 0, 2, 2, 1, 0, 2, 0, 2, 2, 1, 0, 1, 1, 1, 0, 0, 1, 0, 2, 1, 2, 2, 0, 1, 1, 1, 0, 2, 0, 2, 1, 0, 0, 2, 2, 0, 2, 0, 2, 1, 0, 0, 2, 1, 0, 2, 2, 0, 2, 2, 0, 1, 2, 1, 1, 0, 0, 1, 1, 1, 1, 2, 2, 1, 1, 1, 1, 1, 0, 0, 0, 1, 1, 0, 0, 2, 1, 1, 0, 1, 1, 1]|[0, 3, 0, 2, 4, 1, 4, 4, 2, 4, 3, 2, 1, 0, 2, 1, 1, 1, 2, 1, 1, 3, 0, 1, 0, 1, 1, 4, 1, 4, 3, 2, 2, 0, 4, 1, 1, 4, 0, 1, 2, 2, 4, 4, 1, 1, 0, 2, 3, 1, 2, 1, 2, 1, 1, 2, 0, 3, 0, 2, 2, 3, 1, 0, 1, 0, 0, 1, 2, 4, 1, 3, 4, 2, 2, 4, 3, 3, 3, 1, 1, 4, 3, 4, 3, 3, 2, 2, 2, 3, 4, 2, 2, 1, 1, 4, 2, 4, 4, 4]|[0, 2, 0, 1, 3, 0, 1, 3, 0, 0, 2, 0, 1, 0, 1, 0, 0, 0, 1, 0, 0, 2, 0, 0, 1, 0, 0, 3, 0, 1, 0, 2, 0, 0, 3, 0, 1, 3, 1, 0, 0, 1, 1, 3, 0, 0, 1, 0, 2, 0, 0, 0, 0, 0, 1, 0, 0, 0, 1, 1, 0, 2, 0, 0, 0, 1, 0, 0, 0, 2, 0, 0, 1, 0, 0, 2, 0, 0, 3, 0, 0, 1, 0, 3, 0, 0, 0, 0, 0, 0, 2, 0, 1, 0, 1, 3, 0, 2, 1, 2],866.9720029712151,52521.63760420462,113191.19061574526,false
8,G3_TWC,G3_TWC,[31, 22, 82, 15, 26, 9, 95, 42, 77, 12, 47, 5, 93, 78, 86, 54, 85, 63, 18, 44, 20, 35, 43, 97, 91, 76, 10, 30, 21, 45, 71, 64, 1, 23, 17, 83, 24, 14, 60, 36, 6, 57, 40, 88, 65, 56, 79, 94, 67, 68, 46, 75, 38, 58, 19, 32, 81, 41, 27, 62, 87, 90, 99, 59, 11, 16, 72, 73, 69, 39, 37, 84, 3, 92, 25, 55, 28, 29, 51, 7, 33, 70, 98, 48, 89, 50, 66, 96, 80, 53, 8, 4, 34, 2, 52, 49, 0, 61, 74, 13]|[1, 1, 0, 1, 1, 0, 1, 2, 2, 1, 2, 2, 2, 1, 1, 0, 0, 1, 0, 2, 2, 0, 1, 2, 0, 1, 2, 2, 0, 0, 1, 2, 1, 2, 1, 0, 2, 0, 1, 1, 0, 1, 1, 1, 0, 2, 1, 1, 0, 0, 0, 0, 1, 1, 2, 1, 2, 1, 0, 0, 2, 1, 0, 1, 2, 1, 2, 1, 1, 1, 0, 1, 1, 0, 1, 1, 0, 0, 0, 1, 0, 1, 0, 0, 1, 0, 2, 0, 0, 0, 0, 0, 2, 0, 1, 0, 0, 1, 2, 0]|[4, 3, 2, 2, 4, 1, 2, 2, 2, 4, 1, 1, 2, 4, 4, 1, 2, 4, 2, 1, 1, 1, 1, 2, 1, 2, 1, 1, 1, 1, 3, 2, 3, 0, 4, 0, 1, 1, 0, 3, 2, 2, 2, 0, 1, 1, 0, 4, 0, 1, 2, 2, 1, 0, 0, 3, 2, 4, 1, 2, 2, 3, 1, 1, 1, 3, 0, 4, 3, 1, 1, 1, 1, 0, 4, 4, 2, 1, 1, 1, 2, 4, 1, 1, 1, 1, 1, 1, 1, 2, 1, 2, 1, 2, 1, 1, 2, 3, 1, 2]|[0, 2, 1, 1, 3, 0, 1, 0, 0, 0, 0, 0, 1, 0, 1, 0, 0, 3, 1, 0, 0, 0, 3, 1, 0, 2, 0, 0, 0, 1, 0, 0, 0, 0, 3, 0, 1, 0, 0, 2, 1, 1, 1, 0, 0, 0, 0, 2, 1, 0, 0, 0, 1, 3, 0, 0, 1, 2, 0, 1, 0, 2, 0, 1, 0, 2, 1, 0, 0, 1, 0, 3, 1, 1, 3, 3, 1, 0, 0, 2, 1, 2, 0, 0, 1, 0, 0, 0, 0, 1, 0, 1, 0, 0, 1, 1, 0, 0, 0, 0],847.0427978319374,57836.16978326406,93577.26494863446,false
8,G1_CMAX,G1_CMAX,[31, 22, 82, 15, 26, 9, 95, 42, 77, 12, 47, 5, 93, 78, 86, 54, 6, 63, 18, 44, 20, 35, 43, 97, 91, 76, 10, 30, 21, 45, 64, 1, 23, 17, 83, 24, 14, 60, 36, 13, 75, 46, 68, 67, 69, 79, 56, 65, 88, 40, 57, 85, 58, 19, 32, 81, 48, 27, 62, 87, 90, 99, 59, 11, 16, 72, 73, 71, 70, 39, 37, 84, 3, 98, 29, 28, 55, 25, 92, 7, 33, 61, 53, 41, 89, 50, 8, 96, 51, 80, 34, 4, 66, 2, 52, 49, 0, 94, 74, 38]|[1, 1, 0, 1, 1, 0, 1, 2, 2, 1, 2, 2, 2, 1, 1, 0, 0, 1, 0, 2, 2, 0, 1, 2, 0, 1, 2, 2, 0, 0, 2, 1, 2, 1, 0, 2, 2, 1, 1, 0, 0, 0, 0, 0, 2, 1, 2, 0, 1, 1, 1, 0, 1, 2, 1, 2, 1, 0, 0, 2, 1, 0, 1, 2, 1, 2, 1, 1, 1, 1, 1, 1, 1, 0, 0, 0, 1, 1, 0, 1, 0, 1, 0, 1, 1, 0, 1, 0, 0, 0, 2, 1, 2, 0, 1, 0, 0, 2, 2, 1]|[0, 3, 2, 2, 4, 1, 2, 2, 2, 4, 1, 1, 2, 4, 4, 1, 2, 4, 2, 1, 1, 1, 1, 2, 1, 2, 1, 1, 1, 1, 2, 3, 0, 4, 0, 1, 2, 0, 3, 2, 2, 2, 1, 0, 2, 0, 1, 1, 0, 2, 2, 2, 0, 0, 3, 2, 4, 1, 2, 2, 3, 1, 1, 1, 3, 0, 4, 3, 3, 1, 4, 1, 1, 1, 1, 2, 4, 4, 0, 1, 2, 3, 2, 4, 1, 1, 3, 1, 1, 1, 1, 4, 1, 2, 1, 1, 2, 2, 1, 1]|[0, 2, 1, 1, 3, 0, 1, 0, 0, 0, 0, 0, 1, 0, 1, 0, 1, 3, 1, 0, 0, 0, 3, 1, 0, 2, 0, 0, 0, 1, 0, 0, 0, 3, 0, 1, 1, 0, 2, 0, 0, 0, 0, 1, 0, 0, 0, 0, 0, 1, 1, 0, 3, 0, 0, 1, 2, 0, 1, 0, 2, 0, 1, 0, 2, 1, 0, 0, 0, 1, 1, 3, 1, 0, 0, 1, 3, 3, 1, 2, 1, 0, 1, 3, 1, 0, 2, 0, 0, 0, 0, 0, 0, 0, 1, 1, 0, 0, 0, 1],740.6648699319737,58345.503832923176,99227.13002615936,false
8,G4_BALANCED,G4_BALANCED,[31, 22, 82, 15, 26, 9, 95, 42, 77, 12, 47, 5, 93, 78, 86, 54, 85, 63, 18, 44, 20, 35, 43, 97, 91, 76, 10, 30, 21, 45, 71, 64, 1, 23, 17, 83, 24, 14, 60, 36, 6, 57, 40, 88, 65, 56, 79, 94, 67, 68, 46, 75, 38, 58, 19, 32, 81, 48, 27, 62, 87, 90, 99, 59, 11, 16, 72, 73, 70, 39, 37, 84, 3, 92, 25, 55, 28, 29, 51, 7, 33, 61, 98, 41, 89, 50, 66, 96, 80, 53, 8, 4, 34, 2, 52, 49, 0, 69, 74, 13]|[1, 1, 0, 1, 1, 0, 1, 2, 2, 1, 0, 2, 2, 1, 1, 0, 0, 1, 0, 2, 2, 0, 1, 2, 0, 1, 2, 2, 0, 0, 1, 2, 1, 2, 1, 0, 2, 0, 1, 1, 0, 1, 1, 1, 0, 2, 1, 1, 0, 0, 0, 0, 1, 1, 2, 1, 2, 0, 0, 0, 2, 1, 0, 1, 2, 1, 2, 1, 1, 1, 0, 1, 1, 0, 1, 1, 0, 0, 0, 1, 0, 1, 0, 0, 1, 0, 2, 0, 0, 0, 0, 0, 2, 0, 1, 0, 0, 1, 2, 0]|[4, 3, 2, 2, 4, 1, 2, 2, 2, 4, 2, 1, 2, 4, 4, 1, 2, 4, 2, 1, 1, 1, 1, 2, 1, 2, 1, 1, 1, 1, 3, 2, 3, 0, 4, 0, 1, 1, 0, 3, 2, 2, 2, 0, 1, 1, 0, 4, 0, 1, 2, 2, 1, 4, 0, 3, 2, 1, 1, 2, 2, 3, 1, 1, 1, 3, 0, 4, 3, 1, 1, 1, 1, 0, 4, 4, 2, 1, 1, 1, 2, 3, 1, 1, 1, 1, 1, 1, 1, 2, 1, 2, 1, 2, 1, 1, 2, 4, 1, 2]|[0, 2, 1, 1, 3, 0, 1, 0, 0, 0, 1, 0, 1, 0, 1, 0, 0, 3, 1, 0, 0, 0, 3, 1, 0, 2, 0, 0, 0, 1, 0, 0, 0, 0, 3, 0, 1, 0, 0, 2, 1, 1, 1, 0, 0, 0, 0, 2, 1, 0, 0, 0, 1, 3, 0, 0, 1, 0, 0, 1, 0, 2, 0, 1, 0, 2, 1, 0, 0, 1, 0, 3, 1, 1, 3, 3, 1, 0, 0, 2, 1, 0, 0, 0, 1, 0, 0, 0, 0, 1, 0, 1, 0, 0, 1, 1, 0, 2, 0, 0],903.1963545112764,57923.65640927582,92984.37475181941,false
8,G2_TEC,G2_TEC,[31, 22, 82, 15, 26, 9, 95, 42, 77, 68, 47, 5, 93, 78, 86, 54, 85, 63, 18, 44, 20, 49, 36, 14, 74, 50, 53, 17, 21, 45, 71, 64, 3, 23, 30, 83, 24, 41, 60, 52, 65, 27, 90, 70, 39, 87, 48, 69, 99, 4, 46, 1, 13, 58, 97, 59, 28, 8, 73, 37, 35, 79, 11, 66, 76, 57, 40, 80, 96, 6, 16, 61, 33, 98, 32, 34, 12, 67, 10, 7, 56, 88, 51, 19, 91, 29, 75, 92, 38, 62, 43, 55, 84, 2, 81, 25, 0, 94, 89, 72]|[2, 1, 2, 1, 1, 2, 1, 1, 1, 1, 1, 0, 2, 2, 1, 2, 0, 0, 0, 2, 2, 1, 0, 2, 0, 2, 2, 1, 0, 1, 1, 1, 0, 0, 1, 0, 2, 1, 2, 2, 0, 1, 1, 1, 0, 2, 0, 2, 1, 0, 0, 2, 2, 0, 2, 0, 2, 1, 0, 0, 2, 1, 0, 2, 2, 0, 2, 2, 0, 1, 2, 1, 1, 0, 0, 1, 1, 1, 1, 2, 2, 1, 1, 1, 1, 1, 0, 0, 0, 1, 1, 0, 0, 2, 1, 1, 0, 1, 1, 1]|[0, 3, 0, 2, 4, 1, 4, 4, 2, 4, 3, 2, 1, 0, 2, 1, 1, 1, 2, 1, 1, 3, 0, 1, 0, 1, 1, 4, 1, 4, 3, 2, 2, 0, 4, 1, 1, 4, 0, 1, 2, 2, 4, 4, 1, 1, 0, 2, 3, 1, 2, 1, 2, 1, 1, 2, 0, 3, 0, 2, 2, 3, 1, 0, 1, 0, 0, 1, 2, 4, 1, 3, 4, 2, 2, 4, 3, 3, 3, 1, 1, 4, 3, 4, 3, 3, 2, 2, 2, 3, 4, 2, 2, 1, 1, 4, 2, 4, 4, 4]|[0, 2, 0, 1, 3, 0, 1, 3, 0, 0, 2, 0, 1, 0, 1, 0, 0, 0, 1, 0, 0, 2, 0, 0, 1, 0, 0, 3, 0, 1, 0, 2, 0, 0, 3, 0, 1, 3, 1, 0, 0, 1, 1, 3, 0, 0, 1, 0, 2, 0, 0, 0, 0, 0, 1, 0, 0, 0, 1, 1, 0, 2, 0, 0, 0, 1, 0, 0, 0, 2, 0, 0, 1, 0, 0, 2, 0, 0, 3, 0, 0, 1, 0, 3, 0, 0, 0, 0, 0, 0, 2, 0, 1, 0, 1, 3, 0, 2, 1, 2],866.9720029712151,52521.63760420462,113191.19061574526,false
8,G3_TWC,G3_TWC,[31, 22, 82, 15, 26, 9, 95, 42, 77, 12, 47, 5, 93, 78, 86, 54, 85, 63, 18, 44, 20, 35, 43, 97, 91, 76, 10, 30, 21, 45, 71, 64, 1, 23, 17, 83, 24, 14, 60, 36, 6, 57, 40, 88, 65, 56, 79, 94, 67, 68, 46, 75, 38, 58, 19, 32, 81, 41, 27, 62, 87, 90, 99, 59, 11, 16, 72, 73, 69, 39, 37, 84, 3, 92, 25, 55, 28, 29, 51, 7, 33, 61, 98, 48, 89, 50, 66, 96, 80, 53, 8, 34, 4, 2, 52, 49, 0, 70, 74, 13]|[1, 1, 0, 1, 1, 0, 1, 2, 2, 1, 2, 2, 2, 1, 1, 0, 0, 1, 0, 2, 2, 0, 1, 2, 0, 1, 2, 2, 0, 0, 1, 2, 1, 2, 1, 0, 2, 0, 1, 1, 0, 1, 1, 1, 0, 2, 1, 1, 0, 0, 0, 0, 1, 1, 2, 1, 2, 1, 0, 0, 2, 2, 0, 1, 2, 1, 2, 1, 1, 1, 0, 1, 1, 0, 1, 1, 0, 0, 0, 1, 0, 1, 0, 0, 1, 0, 2, 0, 0, 0, 0, 2, 0, 0, 1, 0, 0, 1, 2, 0]|[4, 3, 2, 2, 4, 1, 2, 2, 2, 4, 1, 1, 2, 4, 4, 1, 2, 4, 2, 1, 1, 1, 1, 2, 1, 2, 1, 1, 1, 1, 3, 2, 3, 0, 4, 0, 1, 1, 0, 3, 2, 2, 2, 0, 1, 1, 0, 4, 0, 1, 2, 2, 1, 0, 0, 3, 2, 4, 1, 2, 2, 1, 1, 1, 1, 3, 0, 4, 4, 1, 1, 1, 1, 0, 4, 4, 2, 1, 1, 1, 2, 3, 1, 1, 1, 1, 1, 1, 1, 2, 1, 1, 2, 2, 1, 1, 2, 3, 1, 2]|[0, 2, 1, 1, 3, 0, 1, 0, 0, 0, 0, 0, 1, 0, 1, 0, 0, 3, 1, 0, 0, 0, 3, 1, 0, 2, 0, 0, 0, 1, 0, 0, 0, 0, 3, 0, 1, 0, 0, 2, 1, 1, 1, 0, 0, 0, 0, 2, 1, 0, 0, 0, 1, 3, 0, 0, 1, 2, 0, 1, 0, 0, 0, 1, 0, 2, 1, 0, 2, 1, 0, 3, 1, 1, 3, 3, 1, 0, 0, 2, 1, 0, 0, 0, 1, 0, 0, 0, 0, 1, 0, 0, 1, 0, 1, 1, 0, 0, 0, 0],847.0427978319374,57842.30893966173,93453.7900685962,false
8,G1_CMAX,G1_CMAX,[31, 22, 82, 15, 26, 9, 95, 42, 77, 12, 47, 5, 93, 78, 86, 54, 6, 63, 18, 44, 20, 35, 43, 97, 91, 76, 10, 30, 21, 45, 64, 1, 23, 17, 83, 24, 14, 60, 36, 13, 75, 46, 68, 67, 69, 79, 56, 65, 88, 40, 57, 85, 58, 19, 32, 81, 48, 27, 62, 87, 90, 99, 59, 11, 16, 72, 73, 71, 70, 39, 37, 84, 3, 98, 29, 28, 55, 25, 92, 7, 33, 61, 53, 41, 89, 50, 8, 96, 51, 80, 34, 4, 66, 2, 52, 49, 0, 94, 74, 38]|[1, 1, 0, 1, 1, 0, 1, 2, 2, 1, 2, 2, 2, 1, 1, 0, 0, 1, 0, 2, 2, 0, 1, 2, 0, 1, 2, 2, 0, 0, 2, 1, 2, 1, 0, 2, 2, 1, 1, 0, 0, 0, 0, 0, 2, 1, 2, 0, 1, 1, 1, 0, 1, 2, 1, 2, 1, 0, 0, 2, 1, 0, 1, 2, 1, 2, 1, 1, 1, 1, 1, 1, 1, 0, 0, 0, 1, 1, 0, 1, 0, 1, 0, 1, 1, 0, 1, 0, 0, 0, 2, 1, 2, 0, 1, 0, 0, 2, 2, 1]|[0, 3, 2, 2, 4, 1, 2, 2, 2, 4, 1, 1, 2, 4, 4, 1, 2, 4, 2, 1, 1, 1, 1, 2, 1, 2, 1, 1, 1, 1, 2, 3, 0, 4, 0, 1, 2, 0, 3, 2, 2, 2, 1, 0, 2, 0, 1, 1, 0, 2, 2, 2, 0, 0, 3, 2, 4, 1, 2, 2, 3, 1, 1, 1, 3, 0, 4, 3, 3, 1, 4, 1, 1, 1, 1, 2, 4, 4, 0, 1, 2, 3, 2, 4, 1, 1, 3, 1, 1, 1, 1, 4, 1, 2, 1, 1, 2, 2, 1, 1]|[0, 2, 1, 1, 3, 0, 1, 0, 0, 0, 0, 0, 1, 0, 1, 0, 1, 3, 1, 0, 0, 0, 3, 1, 0, 2, 0, 0, 0, 1, 0, 0, 0, 3, 0, 1, 1, 0, 2, 0, 0, 0, 0, 1, 0, 0, 0, 0, 0, 1, 1, 0, 3, 0, 0, 1, 2, 0, 1, 0, 2, 0, 1, 0, 2, 1, 0, 0, 0, 1, 1, 3, 1, 0, 0, 1, 3, 3, 1, 2, 1, 0, 1, 3, 1, 0, 2, 0, 0, 0, 0, 0, 0, 0, 1, 1, 0, 0, 0, 1],740.6648699319737,58345.503832923176,99227.13002615936,false
8,G4_BALANCED,G4_BALANCED,[31, 22, 82, 15, 26, 9, 95, 42, 77, 12, 47, 5, 93, 78, 86, 54, 85, 63, 18, 44, 20, 35, 43, 97, 91, 76, 10, 30, 21, 45, 71, 64, 1, 23, 17, 83, 24, 14, 60, 36, 6, 57, 40, 88, 65, 56, 79, 94, 67, 68, 46, 75, 38, 58, 19, 32, 81, 48, 27, 62, 87, 90, 99, 59, 11, 16, 72, 73, 70, 39, 37, 84, 3, 92, 25, 55, 28, 29, 51, 7, 33, 61, 98, 41, 89, 50, 66, 96, 80, 53, 8, 4, 34, 2, 52, 49, 0, 69, 74, 13]|[1, 1, 0, 1, 1, 0, 1, 2, 2, 1, 0, 2, 2, 1, 1, 0, 0, 1, 0, 2, 2, 0, 1, 2, 0, 1, 2, 2, 0, 0, 1, 2, 1, 2, 1, 0, 2, 0, 1, 1, 0, 1, 1, 1, 0, 2, 1, 1, 0, 0, 0, 0, 1, 1, 2, 1, 2, 0, 0, 0, 2, 1, 0, 1, 2, 1, 2, 1, 1, 1, 0, 1, 1, 0, 1, 1, 0, 0, 0, 1, 0, 1, 0, 0, 1, 0, 2, 0, 0, 0, 0, 0, 2, 0, 1, 0, 0, 1, 2, 0]|[4, 3, 2, 2, 4, 1, 2, 2, 2, 4, 2, 1, 2, 4, 4, 1, 2, 4, 2, 1, 1, 1, 1, 2, 1, 2, 1, 1, 1, 1, 3, 2, 3, 0, 4, 0, 1, 1, 0, 3, 2, 2, 2, 0, 1, 1, 0, 4, 0, 1, 2, 2, 1, 4, 0, 3, 2, 1, 1, 2, 2, 3, 1, 1, 1, 3, 0, 4, 3, 1, 1, 1, 1, 0, 4, 4, 2, 1, 1, 1, 2, 3, 1, 1, 1, 1, 1, 1, 1, 2, 1, 2, 1, 2, 1, 1, 2, 4, 1, 2]|[0, 2, 1, 1, 3, 0, 1, 0, 0, 0, 1, 0, 1, 0, 1, 0, 0, 3, 1, 0, 0, 0, 3, 1, 0, 2, 0, 0, 0, 1, 0, 0, 0, 0, 3, 0, 1, 0, 0, 2, 1, 1, 1, 0, 0, 0, 0, 2, 1, 0, 0, 0, 1, 3, 0, 0, 1, 0, 0, 1, 0, 2, 0, 1, 0, 2, 1, 0, 0, 1, 0, 3, 1, 1, 3, 3, 1, 0, 0, 2, 1, 0, 0, 0, 1, 0, 0, 0, 0, 1, 0, 1, 0, 0, 1, 1, 0, 2, 0, 0],903.1963545112764,57923.65640927582,92984.37475181941,false
8,G2_TEC,G2_TEC,[31, 22, 82, 15, 26, 9, 95, 42, 77, 68, 47, 5, 93, 78, 86, 54, 85, 63, 18, 44, 20, 49, 36, 14, 74, 50, 53, 17, 21, 45, 71, 64, 3, 23, 30, 83, 24, 41, 60, 52, 65, 27, 90, 70, 39, 87, 48, 69, 99, 4, 46, 1, 13, 58, 97, 59, 28, 8, 73, 37, 35, 79, 11, 66, 76, 57, 40, 80, 96, 6, 16, 61, 33, 98, 32, 34, 12, 67, 10, 7, 56, 88, 51, 19, 91, 29, 75, 92, 38, 62, 43, 55, 84, 2, 81, 25, 0, 94, 89, 72]|[2, 1, 2, 1, 1, 2, 1, 1, 1, 1, 1, 0, 2, 2, 1, 2, 0, 0, 0, 2, 2, 1, 0, 2, 0, 2, 2, 1, 0, 1, 1, 1, 0, 0, 1, 0, 2, 1, 2, 2, 0, 1, 1, 1, 0, 2, 0, 2, 1, 0, 0, 2, 2, 0, 2, 0, 2, 1, 0, 0, 2, 1, 0, 2, 2, 0, 2, 2, 0, 1, 2, 1, 1, 0, 0, 1, 1, 1, 1, 2, 2, 1, 1, 1, 1, 1, 0, 0, 0, 1, 1, 0, 0, 2, 1, 1, 0, 1, 1, 1]|[0, 3, 0, 2, 4, 1, 4, 4, 2, 4, 3, 2, 1, 0, 2, 1, 1, 1, 2, 1, 1, 3, 0, 1, 0, 1, 1, 4, 1, 4, 3, 2, 2, 0, 4, 1, 1, 4, 0, 1, 2, 2, 4, 4, 1, 1, 0, 2, 3, 1, 2, 1, 2, 1, 1, 2, 0, 3, 0, 2, 2, 3, 1, 0, 1, 0, 0, 1, 2, 4, 1, 3, 4, 2, 2, 4, 3, 3, 3, 1, 1, 4, 3, 4, 3, 3, 2, 2, 2, 3, 4, 2, 2, 1, 1, 4, 2, 4, 4, 4]|[0, 2, 0, 1, 3, 0, 1, 3, 0, 0, 2, 0, 1, 0, 1, 0, 0, 0, 1, 0, 0, 2, 0, 0, 1, 0, 0, 3, 0, 1, 0, 2, 0, 0, 3, 0, 1, 3, 1, 0, 0, 1, 1, 3, 0, 0, 1, 0, 2, 0, 0, 0, 0, 0, 1, 0, 0, 0, 1, 1, 0, 2, 0, 0, 0, 1, 0, 0, 0, 2, 0, 0, 1, 0, 0, 2, 0, 0, 3, 0, 0, 1, 0, 3, 0, 0, 0, 0, 0, 0, 2, 0, 1, 0, 1, 3, 0, 2, 1, 2],866.9720029712151,52521.63760420462,113191.19061574526,false
8,G3_TWC,G4_BALANCED,[31, 22, 82, 15, 26, 9, 95, 42, 77, 12, 47, 5, 93, 78, 86, 54, 85, 63, 18, 44, 20, 35, 43, 97, 91, 76, 10, 30, 21, 45, 71, 64, 1, 23, 17, 83, 24, 14, 60, 36, 6, 57, 40, 88, 65, 56, 79, 69, 67, 68, 46, 75, 38, 58, 19, 32, 81, 48, 27, 62, 87, 90, 99, 59, 11, 16, 72, 73, 70, 39, 37, 84, 3, 92, 25, 55, 28, 29, 51, 7, 66, 61, 98, 41, 89, 50, 33, 96, 80, 53, 8, 4, 34, 2, 52, 49, 0, 94, 74, 13]|[1, 1, 0, 1, 1, 0, 1, 2, 2, 1, 2, 2, 2, 1, 1, 0, 0, 1, 0, 2, 2, 0, 1, 2, 0, 1, 2, 2, 0, 0, 1, 2, 1, 0, 1, 0, 2, 0, 1, 1, 0, 1, 1, 1, 0, 2, 1, 2, 0, 0, 0, 0, 1, 1, 2, 1, 2, 1, 0, 0, 2, 1, 0, 1, 2, 1, 2, 1, 1, 1, 1, 1, 1, 0, 1, 1, 0, 0, 0, 1, 2, 1, 2, 2, 1, 0, 0, 0, 0, 0, 1, 1, 2, 0, 2, 0, 0, 1, 2, 0]|[4, 3, 2, 2, 4, 1, 2, 2, 2, 4, 1, 1, 2, 4, 4, 1, 2, 4, 2, 1, 1, 1, 1, 2, 1, 2, 1, 1, 1, 1, 3, 2, 3, 0, 4, 0, 1, 1, 0, 3, 2, 2, 2, 0, 1, 1, 0, 2, 0, 1, 2, 2, 1, 4, 0, 3, 2, 4, 1, 2, 2, 3, 1, 1, 1, 3, 0, 4, 3, 1, 4, 1, 1, 0, 4, 4, 2, 1, 1, 1, 1, 3, 1, 1, 1, 1, 2, 1, 1, 2, 3, 4, 1, 2, 1, 1, 2, 4, 1, 2]|[0, 2, 1, 1, 3, 0, 1, 0, 0, 0, 0, 0, 1, 0, 1, 0, 0, 3, 1, 0, 0, 0, 3, 1, 0, 2, 0, 0, 0, 1, 0, 0, 0, 0, 3, 0, 1, 0, 0, 2, 1, 1, 1, 0, 0, 0, 0, 0, 1, 0, 0, 0, 1, 3, 0, 0, 1, 2, 0, 1, 0, 2, 0, 1, 0, 2, 1, 0, 0, 1, 1, 3, 1, 1, 3, 3, 1, 0, 0, 2, 0, 0, 0, 0, 1, 0, 1, 0, 0, 1, 2, 0, 0, 0, 0, 1, 0, 2, 0, 0],789.0263571580006,56321.4806859715,98465.24902504137,true
8,G1_CMAX,G1_CMAX,[31, 22, 82, 15, 26, 9, 95, 42, 77, 12, 47, 5, 93, 78, 86, 54, 6, 63, 18, 44, 20, 35, 43, 97, 91, 76, 10, 30, 21, 45, 64, 1, 23, 17, 83, 24, 14, 60, 36, 13, 75, 46, 68, 67, 69, 79, 56, 65, 88, 40, 57, 85, 58, 19, 32, 81, 48, 27, 62, 87, 90, 99, 59, 11, 16, 72, 73, 71, 70, 39, 37, 84, 3, 98, 29, 28, 55, 25, 92, 7, 33, 61, 53, 41, 89, 50, 8, 96, 51, 80, 34, 4, 66, 2, 52, 49, 0, 94, 74, 38]|[1, 1, 0, 1, 1, 0, 1, 2, 2, 1, 2, 2, 2, 1, 1, 0, 0, 1, 0, 2, 2, 0, 1, 2, 0, 1, 2, 2, 0, 0, 2, 1, 2, 1, 0, 2, 2, 1, 1, 0, 0, 0, 0, 0, 2, 1, 2, 0, 1, 1, 1, 0, 1, 2, 1, 2, 1, 0, 0, 2, 1, 0, 1, 2, 1, 2, 1, 1, 1, 1, 1, 1, 1, 0, 0, 0, 1, 1, 0, 1, 0, 1, 0, 1, 1, 0, 1, 0, 0, 0, 2, 1, 2, 0, 1, 0, 0, 2, 2, 1]|[0, 3, 2, 2, 4, 1, 2, 2, 2, 4, 1, 1, 2, 4, 4, 1, 2, 4, 2, 1, 1, 1, 1, 2, 1, 2, 1, 1, 1, 1, 2, 3, 0, 4, 0, 1, 2, 0, 3, 2, 2, 2, 1, 0, 2, 0, 1, 1, 0, 2, 2, 2, 0, 0, 3, 2, 4, 1, 2, 2, 3, 1, 1, 1, 3, 0, 4, 3, 3, 1, 4, 1, 1, 1, 1, 2, 4, 4, 0, 1, 2, 3, 2, 4, 1, 1, 3, 1, 1, 1, 1, 4, 1, 2, 1, 1, 2, 2, 1, 1]|[0, 2, 1, 1, 3, 0, 1, 0, 0, 0, 0, 0, 1, 0, 1, 0, 1, 3, 1, 0, 0, 0, 3, 1, 0, 2, 0, 0, 0, 1, 0, 0, 0, 3, 0, 1, 1, 0, 2, 0, 0, 0, 0, 1, 0, 0, 0, 0, 0, 1, 1, 0, 3, 0, 0, 1, 2, 0, 1, 0, 2, 0, 1, 0, 2, 1, 0, 0, 0, 1, 1, 3, 1, 0, 0, 1, 3, 3, 1, 2, 1, 0, 1, 3, 1, 0, 2, 0, 0, 0, 0, 0, 0, 0, 1, 1, 0, 0, 0, 1],740.6648699319737,58345.503832923176,99227.13002615936,false
8,G4_BALANCED,G3_TWC,[31, 22, 82, 15, 26, 9, 95, 42, 77, 12, 47, 5, 93, 78, 86, 54, 85, 63, 18, 44, 20, 35, 43, 97, 91, 76, 10, 30, 21, 45, 71, 64, 1, 23, 17, 83, 24, 14, 60, 36, 6, 57, 40, 88, 65, 56, 79, 94, 67, 68, 46, 75, 38, 58, 19, 32, 81, 41, 27, 62, 87, 90, 99, 59, 11, 16, 72, 73, 70, 39, 37, 84, 3, 92, 25, 55, 28, 29, 51, 7, 33, 61, 98, 48, 89, 50, 66, 96, 80, 53, 8, 34, 4, 2, 52, 49, 0, 69, 74, 13]|[1, 1, 0, 1, 1, 0, 1, 2, 2, 1, 2, 2, 2, 1, 1, 0, 0, 1, 0, 2, 2, 0, 1, 2, 0, 1, 2, 2, 0, 0, 1, 2, 1, 2, 1, 0, 2, 0, 1, 1, 0, 1, 1, 1, 0, 2, 1, 1, 0, 0, 0, 0, 1, 1, 2, 1, 2, 1, 0, 0, 2, 1, 0, 1, 2, 1, 2, 1, 1, 1, 0, 1, 1, 0, 1, 1, 0, 0, 0, 1, 0, 1, 0, 0, 1, 0, 2, 0, 0, 0, 1, 2, 0, 0, 1, 0, 0, 1, 2, 0]|[4, 3, 2, 2, 4, 1, 2, 2, 2, 4, 1, 1, 2, 4, 4, 1, 2, 4, 2, 1, 1, 1, 1, 2, 1, 2, 1, 1, 1, 1, 3, 2, 3, 0, 4, 2, 1, 1, 0, 3, 2, 2, 2, 0, 1, 1, 0, 4, 0, 1, 2, 2, 1, 0, 0, 3, 2, 4, 1, 2, 2, 3, 1, 1, 1, 3, 0, 4, 3, 1, 1, 1, 1, 0, 4, 4, 2, 1, 1, 1, 2, 3, 1, 1, 1, 1, 1, 1, 1, 2, 3, 1, 2, 2, 1, 1, 2, 4, 1, 2]|[0, 2, 1, 1, 3, 0, 1, 0, 0, 0, 0, 0, 1, 0, 1, 0, 0, 3, 1, 0, 0, 0, 3, 1, 0, 2, 0, 0, 0, 1, 0, 0, 0, 0, 3, 0, 1, 0, 0, 2, 1, 1, 1, 0, 0, 0, 0, 2, 1, 0, 0, 0, 1, 3, 0, 0, 1, 2, 0, 1, 0, 2, 0, 1, 0, 2, 1, 0, 0, 1, 0, 3, 1, 1, 3, 3, 1, 0, 0, 2, 1, 0, 0, 0, 1, 0, 0, 0, 0, 1, 2, 0, 1, 0, 1, 1, 0, 2, 0, 0],839.533159572966,57846.45726363055,93903.19473862319,true
8,G2_TEC,G2_TEC,[31, 22, 82, 15, 26, 9, 95, 42, 77, 68, 47, 5, 93, 78, 86, 54, 85, 63, 18, 44, 20, 49, 36, 14, 74, 50, 53, 17, 21, 45, 71, 64, 3, 23, 30, 83, 24, 41, 60, 52, 65, 27, 90, 70, 39, 87, 48, 69, 99, 4, 46, 1, 13, 58, 97, 59, 28, 8, 73, 37, 35, 79, 11, 66, 76, 57, 40, 80, 96, 6, 16, 61, 33, 98, 32, 34, 12, 67, 10, 7, 56, 88, 51, 19, 91, 29, 75, 92, 38, 62, 43, 55, 84, 2, 81, 25, 0, 94, 89, 72]|[2, 1, 2, 1, 1, 2, 1, 1, 1, 1, 1, 0, 2, 2, 1, 2, 0, 0, 0, 2, 2, 1, 0, 2, 0, 2, 2, 1, 0, 1, 1, 1, 0, 0, 1, 0, 2, 1, 2, 2, 0, 1, 1, 1, 0, 2, 0, 2, 1, 0, 0, 2, 2, 0, 2, 0, 2, 1, 0, 0, 2, 1, 0, 2, 2, 0, 2, 2, 0, 1, 2, 1, 1, 0, 0, 1, 1, 1, 1, 2, 2, 1, 1, 1, 1, 1, 0, 0, 0, 1, 1, 0, 0, 2, 1, 1, 0, 1, 1, 1]|[0, 3, 0, 2, 4, 1, 4, 4, 2, 4, 3, 2, 1, 0, 2, 1, 1, 1, 2, 1, 1, 3, 0, 1, 0, 1, 1, 4, 1, 4, 3, 2, 2, 0, 4, 1, 1, 4, 0, 1, 2, 2, 4, 4, 1, 1, 0, 2, 3, 1, 2, 1, 2, 1, 1, 2, 0, 3, 0, 2, 2, 3, 1, 0, 1, 0, 0, 1, 2, 4, 1, 3, 4, 2, 2, 4, 3, 3, 3, 1, 1, 4, 3, 4, 3, 3, 2, 2, 2, 3, 4, 2, 2, 1, 1, 4, 2, 4, 4, 4]|[0, 2, 0, 1, 3, 0, 1, 3, 0, 0, 2, 0, 1, 0, 1, 0, 0, 0, 1, 0, 0, 2, 0, 0, 1, 0, 0, 3, 0, 1, 0, 2, 0, 0, 3, 0, 1, 3, 1, 0, 0, 1, 1, 3, 0, 0, 1, 0, 2, 0, 0, 0, 0, 0, 1, 0, 0, 0, 1, 1, 0, 2, 0, 0, 0, 1, 0, 0, 0, 2, 0, 0, 1, 0, 0, 2, 0, 0, 3, 0, 0, 1, 0, 3, 0, 0, 0, 0, 0, 0, 2, 0, 1, 0, 1, 3, 0, 2, 1, 2],866.9720029712151,52521.63760420462,113191.19061574526,false
8,G3_TWC,G4_BALANCED,[31, 22, 82, 15, 26, 9, 95, 42, 77, 12, 47, 5, 93, 78, 86, 54, 85, 63, 18, 44, 20, 35, 43, 97, 91, 76, 10, 30, 21, 45, 71, 64, 1, 23, 17, 83, 24, 14, 60, 36, 6, 57, 40, 88, 65, 56, 79, 69, 67, 68, 46, 75, 38, 58, 19, 32, 81, 48, 27, 62, 87, 90, 99, 59, 11, 16, 72, 73, 70, 39, 37, 84, 3, 92, 25, 55, 28, 29, 51, 7, 66, 61, 98, 41, 89, 50, 33, 96, 80, 53, 8, 4, 34, 2, 52, 49, 0, 94, 74, 13]|[1, 1, 0, 1, 1, 0, 1, 2, 2, 1, 2, 2, 2, 1, 1, 0, 0, 1, 0, 2, 2, 0, 1, 2, 0, 1, 2, 2, 0, 0, 1, 2, 1, 0, 1, 0, 2, 0, 1, 1, 0, 1, 1, 1, 0, 2, 1, 2, 0, 0, 0, 0, 1, 1, 2, 1, 2, 1, 0, 0, 2, 1, 0, 1, 2, 1, 2, 1, 1, 1, 1, 1, 1, 0, 1, 1, 0, 0, 0, 1, 2, 1, 2, 2, 1, 0, 0, 0, 0, 0, 1, 1, 2, 0, 2, 0, 0, 1, 2, 0]|[4, 3, 2, 2, 4, 1, 2, 2, 2, 4, 1, 1, 2, 4, 4, 1, 2, 4, 2, 1, 1, 1, 1, 2, 1, 2, 1, 1, 1, 1, 3, 2, 3, 0, 4, 0, 1, 1, 0, 3, 2, 2, 2, 0, 1, 1, 0, 2, 0, 1, 2, 2, 1, 4, 0, 3, 2, 4, 1, 2, 2, 3, 1, 1, 1, 3, 0, 4, 3, 1, 4, 1, 1, 0, 4, 4, 2, 1, 1, 1, 1, 3, 1, 1, 1, 1, 2, 1, 1, 2, 3, 4, 1, 2, 1, 1, 2, 4, 1, 2]|[0, 2, 1, 1, 3, 0, 1, 0, 0, 0, 0, 0, 1, 0, 1, 0, 0, 3, 1, 0, 0, 0, 3, 1, 0, 2, 0, 0, 0, 1, 0, 0, 0, 0, 3, 0, 1, 0, 0, 2, 1, 1, 1, 0, 0, 0, 0, 0, 1, 0, 0, 0, 1, 3, 0, 0, 1, 2, 0, 1, 0, 2, 0, 1, 0, 2, 1, 0, 0, 1, 1, 3, 1, 1, 3, 3, 1, 0, 0, 2, 0, 0, 0, 0, 1, 0, 1, 0, 0, 1, 2, 0, 0, 0, 0, 1, 0, 2, 0, 0],789.0263571580006,56321.4806859715,98465.24902504137,true
8,G1_CMAX,G1_CMAX,[31, 22, 82, 15, 26, 9, 95, 42, 77, 12, 47, 5, 93, 78, 86, 54, 6, 63, 18, 44, 20, 35, 43, 97, 91, 76, 10, 30, 21, 45, 64, 1, 23, 17, 83, 24, 14, 60, 36, 13, 75, 46, 68, 67, 69, 79, 56, 65, 88, 40, 57, 85, 58, 19, 32, 81, 48, 27, 62, 87, 90, 99, 59, 11, 16, 72, 73, 71, 70, 39, 37, 84, 3, 98, 29, 28, 55, 25, 92, 7, 33, 61, 53, 41, 89, 50, 8, 96, 51, 80, 34, 4, 66, 2, 52, 49, 0, 94, 74, 38]|[1, 1, 0, 1, 1, 0, 1, 2, 2, 1, 2, 2, 2, 1, 1, 0, 0, 1, 0, 2, 2, 0, 1, 2, 0, 1, 2, 2, 0, 0, 2, 1, 2, 1, 0, 2, 2, 1, 1, 0, 0, 0, 0, 0, 2, 1, 2, 0, 1, 1, 1, 0, 1, 2, 1, 2, 1, 0, 0, 2, 1, 0, 1, 2, 1, 2, 1, 1, 1, 1, 1, 1, 1, 0, 0, 0, 1, 1, 0, 1, 0, 1, 0, 1, 1, 0, 1, 0, 0, 0, 2, 1, 2, 0, 1, 0, 0, 2, 2, 1]|[0, 3, 2, 2, 4, 1, 2, 2, 2, 4, 1, 1, 2, 4, 4, 1, 2, 4, 2, 1, 1, 1, 1, 2, 1, 2, 1, 1, 1, 1, 2, 3, 0, 4, 0, 1, 2, 0, 3, 2, 2, 2, 1, 0, 2, 0, 1, 1, 0, 2, 2, 2, 0, 0, 3, 2, 4, 1, 2, 2, 3, 1, 1, 1, 3, 0, 4, 3, 3, 1, 4, 1, 1, 1, 1, 2, 4, 4, 0, 1, 2, 3, 2, 4, 1, 1, 3, 1, 1, 1, 1, 4, 1, 2, 1, 1, 2, 2, 1, 1]|[0, 2, 1, 1, 3, 0, 1, 0, 0, 0, 0, 0, 1, 0, 1, 0, 1, 3, 1, 0, 0, 0, 3, 1, 0, 2, 0, 0, 0, 1, 0, 0, 0, 3, 0, 1, 1, 0, 2, 0, 0, 0, 0, 1, 0, 0, 0, 0, 0, 1, 1, 0, 3, 0, 0, 1, 2, 0, 1, 0, 2, 0, 1, 0, 2, 1, 0, 0, 0, 1, 1, 3, 1, 0, 0, 1, 3, 3, 1, 2, 1, 0, 1, 3, 1, 0, 2, 0, 0, 0, 0, 0, 0, 0, 1, 1, 0, 0, 0, 1],740.6648699319737,58345.503832923176,99227.13002615936,false
8,G4_BALANCED,G4_BALANCED,[31, 22, 82, 15, 26, 58, 95, 42, 77, 12, 47, 5, 93, 78, 86, 54, 85, 63, 18, 44, 20, 35, 43, 97, 91, 76, 10, 30, 21, 45, 71, 64, 1, 23, 17, 83, 24, 14, 60, 36, 6, 57, 40, 88, 65, 56, 79, 94, 67, 68, 46, 75, 38, 9, 19, 32, 81, 41, 27, 62, 87, 90, 99, 59, 11, 16, 72, 73, 70, 39, 37, 84, 3, 92, 25, 55, 28, 29, 51, 7, 66, 61, 98, 48, 89, 50, 96, 8, 80, 53, 34, 4, 33, 2, 52, 49, 0, 69, 74, 13]|[1, 1, 0, 1, 1, 0, 1, 2, 2, 1, 2, 2, 2, 1, 1, 0, 0, 1, 0, 2, 2, 0, 1, 2, 0, 1, 2, 2, 0, 0, 1, 2, 1, 2, 1, 0, 2, 0, 1, 1, 0, 1, 1, 1, 0, 2, 1, 1, 0, 0, 0, 0, 1, 1, 2, 1, 2, 1, 0, 0, 2, 1, 0, 1, 2, 1, 2, 1, 1, 1, 1, 1, 1, 0, 1, 1, 0, 0, 0, 1, 2, 1, 2, 0, 1, 0, 0, 1, 0, 0, 2, 1, 2, 0, 1, 0, 0, 1, 2, 0]|[4, 3, 2, 2, 4, 1, 2, 2, 2, 4, 1, 1, 2, 4, 4, 1, 2, 4, 2, 1, 1, 1, 1, 2, 1, 2, 1, 1, 1, 1, 3, 2, 3, 1, 4, 0, 1, 1, 0, 3, 2, 2, 2, 0, 1, 1, 0, 4, 0, 1, 2, 2, 1, 0, 0, 3, 2, 4, 1, 2, 2, 3, 1, 1, 1, 3, 0, 4, 3, 1, 4, 1, 1, 0, 4, 4, 2, 1, 1, 1, 1, 3, 1, 1, 1, 1, 1, 3, 1, 2, 1, 4, 1, 2, 1, 1, 2, 4, 1, 2]|[0, 2, 1, 1, 3, 0, 1, 0, 0, 0, 0, 0, 1, 0, 1, 0, 0, 3, 1, 0, 0, 0, 3, 1, 0, 2, 0, 0, 0, 1, 0, 0, 0, 0, 3, 0, 1, 0, 0, 2, 1, 1, 1, 0, 0, 0, 0, 2, 1, 0, 0, 0, 1, 3, 0, 0, 1, 2, 0, 1, 0, 2, 0, 1, 0, 2, 1, 0, 0, 1, 1, 3, 1, 1, 3, 3, 1, 0, 0, 2, 0, 0, 0, 0, 1, 0, 0, 2, 0, 1, 0, 0, 0, 0, 1, 1, 0, 2, 0, 0],765.9990607008382,57213.806194498815,96238.34283731865,false
8,G2_TEC,G2_TEC,[31, 22, 82, 15, 26, 9, 95, 42, 77, 68, 47, 5, 93, 78, 86, 54, 85, 63, 18, 44, 20, 49, 36, 14, 74, 50, 53, 17, 21, 45, 71, 64, 3, 23, 30, 83, 24, 41, 60, 52, 65, 27, 90, 70, 39, 87, 48, 69, 99, 4, 46, 1, 13, 58, 97, 59, 28, 8, 73, 37, 35, 79, 11, 66, 76, 57, 40, 80, 96, 6, 16, 61, 33, 98, 32, 34, 12, 67, 10, 7, 56, 88, 51, 19, 91, 29, 75, 92, 38, 62, 43, 55, 84, 2, 81, 25, 0, 94, 89, 72]|[2, 1, 2, 1, 1, 2, 1, 1, 1, 1, 1, 0, 2, 2, 1, 2, 0, 0, 0, 2, 2, 1, 0, 2, 0, 2, 2, 1, 0, 1, 1, 1, 0, 0, 1, 0, 2, 1, 2, 2, 0, 1, 1, 1, 0, 2, 0, 2, 1, 0, 0, 2, 2, 0, 2, 0, 2, 1, 0, 0, 2, 1, 0, 2, 2, 0, 2, 2, 0, 1, 2, 1, 1, 0, 0, 1, 1, 1, 1, 2, 2, 1, 1, 1, 1, 1, 0, 0, 0, 1, 1, 0, 0, 2, 1, 1, 0, 1, 1, 1]|[0, 3, 0, 2, 4, 1, 4, 4, 2, 4, 3, 2, 1, 0, 2, 1, 1, 1, 2, 1, 1, 3, 0, 1, 0, 1, 1, 4, 1, 4, 3, 2, 2, 0, 4, 1, 1, 4, 0, 1, 2, 2, 4, 4, 1, 1, 0, 2, 3, 1, 2, 1, 2, 1, 1, 2, 0, 3, 0, 2, 2, 3, 1, 0, 1, 0, 0, 1, 2, 4, 1, 3, 4, 2, 2, 4, 3, 3, 3, 1, 1, 4, 3, 4, 3, 3, 2, 2, 2, 3, 4, 2, 2, 1, 1, 4, 2, 4, 4, 4]|[0, 2, 0, 1, 3, 0, 1, 3, 0, 0, 2, 0, 1, 0, 1, 0, 0, 0, 1, 0, 0, 2, 0, 0, 1, 0, 0, 3, 0, 1, 0, 2, 0, 0, 3, 0, 1, 3, 1, 0, 0, 1, 1, 3, 0, 0, 1, 0, 2, 0, 0, 0, 0, 0, 1, 0, 0, 0, 1, 1, 0, 2, 0, 0, 0, 1, 0, 0, 0, 2, 0, 0, 1, 0, 0, 2, 0, 0, 3, 0, 0, 1, 0, 3, 0, 0, 0, 0, 0, 0, 2, 0, 1, 0, 1, 3, 0, 2, 1, 2],866.9720029712151,52521.63760420462,113191.19061574526,false
8,G3_TWC,G4_BALANCED,[31, 22, 82, 15, 26, 9, 95, 42, 77, 12, 47, 5, 93, 78, 86, 54, 85, 63, 18, 44, 20, 35, 43, 97, 91, 76, 10, 30, 21, 45, 71, 64, 1, 23, 17, 83, 24, 14, 60, 36, 6, 57, 40, 88, 65, 56, 79, 69, 67, 68, 46, 75, 38, 58, 19, 32, 81, 48, 27, 62, 87, 90, 99, 59, 11, 16, 72, 73, 70, 39, 37, 84, 3, 92, 25, 55, 28, 29, 51, 7, 66, 61, 98, 41, 89, 50, 33, 96, 80, 53, 8, 4, 34, 2, 52, 49, 0, 94, 74, 13]|[1, 1, 0, 1, 1, 0, 1, 2, 2, 1, 2, 2, 2, 1, 1, 0, 0, 1, 0, 2, 2, 0, 1, 2, 0, 1, 2, 2, 0, 0, 1, 2, 1, 0, 1, 0, 2, 0, 1, 1, 0, 1, 1, 1, 0, 2, 1, 2, 0, 0, 0, 0, 1, 1, 2, 1, 2, 1, 0, 0, 2, 1, 0, 1, 2, 1, 2, 1, 1, 1, 1, 1, 1, 0, 1, 1, 0, 0, 0, 1, 2, 1, 2, 2, 1, 0, 0, 0, 0, 0, 1, 1, 2, 0, 2, 0, 0, 1, 2, 0]|[4, 3, 2, 2, 4, 1, 2, 2, 2, 4, 1, 1, 2, 4, 4, 1, 2, 4, 2, 1, 1, 1, 1, 2, 1, 2, 1, 1, 1, 1, 3, 2, 3, 0, 4, 0, 1, 1, 0, 3, 2, 2, 2, 0, 1, 1, 0, 2, 0, 1, 2, 2, 1, 4, 0, 3, 2, 4, 1, 2, 2, 3, 1, 1, 1, 3, 0, 4, 3, 1, 4, 1, 1, 0, 4, 4, 2, 1, 1, 1, 1, 3, 1, 1, 1, 1, 2, 1, 1, 2, 3, 4, 1, 2, 1, 1, 2, 4, 1, 2]|[0, 2, 1, 1, 3, 0, 1, 0, 0, 0, 0, 0, 1, 0, 1, 0, 0, 3, 1, 0, 0, 0, 3, 1, 0, 2, 0, 0, 0, 1, 0, 0, 0, 0, 3, 0, 1, 0, 0, 2, 1, 1, 1, 0, 0, 0, 0, 0, 1, 0, 0, 0, 1, 3, 0, 0, 1, 2, 0, 1, 0, 2, 0, 1, 0, 2, 1, 0, 0, 1, 1, 3, 1, 1, 3, 3, 1, 0, 0, 2, 0, 0, 0, 0, 1, 0, 1, 0, 0, 1, 2, 0, 0, 0, 0, 1, 0, 2, 0, 0],789.0263571580006,56321.4806859715,98465.24902504137,true
8,G1_CMAX,G1_CMAX,[31, 22, 82, 15, 26, 9, 95, 42, 77, 12, 47, 5, 93, 78, 86, 54, 6, 63, 18, 44, 20, 35, 43, 97, 91, 76, 10, 30, 21, 45, 64, 1, 23, 17, 83, 24, 14, 60, 36, 13, 75, 46, 68, 67, 69, 79, 56, 65, 88, 40, 57, 85, 58, 19, 32, 81, 48, 27, 62, 87, 90, 99, 59, 11, 16, 72, 73, 71, 70, 39, 37, 84, 3, 98, 29, 28, 55, 25, 92, 7, 33, 61, 53, 41, 89, 50, 8, 96, 51, 80, 34, 4, 66, 2, 52, 49, 0, 94, 74, 38]|[1, 1, 0, 1, 1, 0, 1, 2, 2, 1, 2, 2, 2, 1, 1, 0, 0, 1, 0, 2, 2, 0, 1, 2, 0, 1, 2, 2, 0, 0, 2, 1, 2, 1, 0, 2, 2, 1, 1, 0, 0, 0, 0, 0, 2, 1, 2, 0, 1, 1, 1, 0, 1, 2, 1, 2, 1, 0, 0, 2, 1, 0, 1, 2, 1, 2, 1, 1, 1, 1, 1, 1, 1, 0, 0, 0, 1, 1, 0, 1, 0, 1, 0, 1, 1, 0, 1, 0, 0, 0, 2, 1, 2, 0, 1, 0, 0, 2, 2, 1]|[0, 3, 2, 2, 4, 1, 2, 2, 2, 4, 1, 1, 2, 4, 4, 1, 2, 4, 2, 1, 1, 1, 1, 2, 1, 2, 1, 1, 1, 1, 2, 3, 0, 4, 0, 1, 2, 0, 3, 2, 2, 2, 1, 0, 2, 0, 1, 1, 0, 2, 2, 2, 0, 0, 3, 2, 4, 1, 2, 2, 3, 1, 1, 1, 3, 0, 4, 3, 3, 1, 4, 1, 1, 1, 1, 2, 4, 4, 0, 1, 2, 3, 2, 4, 1, 1, 3, 1, 1, 1, 1, 4, 1, 2, 1, 1, 2, 2, 1, 1]|[0, 2, 1, 1, 3, 0, 1, 0, 0, 0, 0, 0, 1, 0, 1, 0, 1, 3, 1, 0, 0, 0, 3, 1, 0, 2, 0, 0, 0, 1, 0, 0, 0, 3, 0, 1, 1, 0, 2, 0, 0, 0, 0, 1, 0, 0, 0, 0, 0, 1, 1, 0, 3, 0, 0, 1, 2, 0, 1, 0, 2, 0, 1, 0, 2, 1, 0, 0, 0, 1, 1, 3, 1, 0, 0, 1, 3, 3, 1, 2, 1, 0, 1, 3, 1, 0, 2, 0, 0, 0, 0, 0, 0, 0, 1, 1, 0, 0, 0, 1],740.6648699319737,58345.503832923176,99227.13002615936,false
8,G4_BALANCED,G4_BALANCED,[31, 22, 82, 15, 26, 9, 95, 42, 77, 12, 47, 5, 93, 78, 86, 54, 85, 63, 18, 44, 20, 35, 43, 97, 91, 76, 10, 30, 21, 45, 71, 64, 1, 23, 17, 83, 24, 14, 60, 36, 6, 57, 40, 88, 65, 56, 79, 69, 67, 68, 46, 75, 38, 58, 19, 32, 81, 48, 27, 62, 87, 90, 99, 59, 11, 16, 72, 73, 61, 39, 37, 84, 3, 92, 25, 55, 28, 51, 29, 7, 66, 70, 98, 8, 33, 50, 89, 96, 80, 53, 41, 4, 34, 2, 52, 49, 0, 94, 74, 13]|[1, 1, 0, 1, 1, 0, 1, 2, 2, 1, 2, 2, 2, 1, 1, 0, 0, 1, 0, 2, 2, 0, 1, 2, 0, 1, 2, 2, 0, 0, 1, 2, 1, 2, 1, 0, 2, 1, 1, 1, 0, 1, 1, 1, 0, 2, 1, 2, 0, 0, 0, 0, 1, 1, 2, 1, 2, 1, 0, 0, 2, 1, 0, 1, 2, 1, 2, 1, 1, 1, 1, 1, 1, 0, 1, 1, 0, 0, 0, 1, 2, 1, 2, 1, 0, 0, 1, 0, 0, 0, 0, 1, 2, 0, 2, 0, 0, 1, 2, 0]|[4, 3, 2, 2, 4, 1, 2, 2, 2, 4, 1, 1, 2, 4, 4, 1, 2, 4, 2, 1, 1, 1, 1, 2, 1, 2, 1, 1, 1, 1, 3, 2, 3, 0, 4, 0, 1, 4, 0, 3, 2, 2, 2, 0, 1, 1, 0, 2, 0, 1, 2, 2, 1, 0, 0, 3, 2, 4, 1, 2, 2, 3, 1, 1, 1, 3, 0, 4, 3, 1, 4, 1, 1, 0, 4, 4, 2, 1, 1, 1, 0, 3, 1, 3, 1, 1, 1, 1, 1, 2, 1, 4, 1, 2, 1, 1, 2, 4, 1, 2]|[0, 2, 1, 1, 3, 0, 1, 0, 0, 0, 0, 0, 1, 0, 1, 0, 0, 3, 1, 0, 0, 0, 3, 1, 0, 2, 0, 0, 0, 1, 0, 0, 0, 0, 3, 0, 1, 3, 0, 2, 1, 1, 1, 0, 0, 0, 0, 0, 1, 0, 0, 0, 1, 3, 0, 0, 1, 2, 0, 1, 0, 2, 0, 1, 0, 2, 1, 0, 0, 1, 1, 3, 1, 1, 3, 3, 1, 0, 0, 2, 0, 0, 0, 2, 0, 0, 1, 0, 0, 1, 0, 0, 0, 0, 0, 1, 0, 2, 0, 0],771.2930712260597,56867.3169645523,100135.04588304319,false
8,G2_TEC,G2_TEC,[31, 22, 82, 15, 26, 9, 95, 42, 77, 68, 47, 5, 93, 78, 86, 54, 85, 63, 18, 44, 20, 49, 36, 14, 74, 50, 53, 17, 21, 45, 71, 64, 3, 23, 30, 83, 24, 41, 60, 52, 65, 27, 90, 70, 39, 87, 48, 69, 99, 4, 46, 1, 13, 58, 97, 59, 28, 8, 73, 37, 35, 79, 11, 66, 76, 57, 40, 80, 96, 6, 16, 61, 33, 98, 32, 34, 12, 67, 10, 7, 56, 88, 51, 19, 91, 29, 75, 92, 38, 62, 43, 55, 84, 2, 81, 25, 0, 94, 89, 72]|[2, 1, 2, 1, 1, 2, 1, 1, 1, 1, 1, 0, 2, 2, 1, 2, 0, 0, 0, 2, 2, 1, 0, 2, 0, 2, 2, 1, 0, 1, 1, 1, 0, 0, 1, 0, 2, 1, 2, 2, 0, 1, 1, 1, 0, 2, 0, 2, 1, 0, 0, 2, 2, 0, 2, 0, 2, 1, 0, 0, 2, 1, 0, 2, 2, 0, 2, 2, 0, 1, 2, 1, 1, 0, 0, 1, 1, 1, 1, 2, 2, 1, 1, 1, 1, 1, 0, 0, 0, 1, 1, 0, 0, 2, 1, 1, 0, 1, 1, 1]|[0, 3, 0, 2, 4, 1, 4, 4, 2, 4, 3, 2, 1, 0, 2, 1, 1, 1, 2, 1, 1, 3, 0, 1, 0, 1, 1, 4, 1, 4, 3, 2, 2, 0, 4, 1, 1, 4, 0, 1, 2, 2, 4, 4, 1, 1, 0, 2, 3, 1, 2, 1, 2, 1, 1, 2, 0, 3, 0, 2, 2, 3, 1, 0, 1, 0, 0, 1, 2, 4, 1, 3, 4, 2, 2, 4, 3, 3, 3, 1, 1, 4, 3, 4, 3, 3, 2, 2, 2, 3, 4, 2, 2, 1, 1, 4, 2, 4, 4, 4]|[0, 2, 0, 1, 3, 0, 1, 3, 0, 0, 2, 0, 1, 0, 1, 0, 0, 0, 1, 0, 0, 2, 0, 0, 1, 0, 0, 3, 0, 1, 0, 2, 0, 0, 3, 0, 1, 3, 1, 0, 0, 1, 1, 3, 0, 0, 1, 0, 2, 0, 0, 0, 0, 0, 1, 0, 0, 0, 1, 1, 0, 2, 0, 0, 0, 1, 0, 0, 0, 2, 0, 0, 1, 0, 0, 2, 0, 0, 3, 0, 0, 1, 0, 3, 0, 0, 0, 0, 0, 0, 2, 0, 1, 0, 1, 3, 0, 2, 1, 2],866.9720029712151,52521.63760420462,113191.19061574526,false
8,G3_TWC,G4_BALANCED,[31, 22, 82, 15, 26, 9, 95, 42, 77, 12, 47, 5, 93, 78, 86, 54, 85, 63, 18, 44, 20, 35, 43, 97, 91, 76, 10, 30, 21, 45, 71, 64, 1, 23, 17, 83, 24, 14, 60, 36, 6, 57, 40, 88, 65, 56, 79, 69, 67, 68, 46, 75, 38, 58, 19, 32, 81, 48, 27, 62, 87, 90, 99, 59, 11, 16, 72, 73, 70, 39, 37, 84, 3, 92, 25, 55, 28, 29, 51, 7, 66, 61, 98, 41, 89, 50, 33, 96, 80, 53, 8, 4, 34, 2, 52, 49, 0, 94, 74, 13]|[1, 1, 0, 1, 1, 0, 1, 2, 2, 1, 2, 2, 2, 1, 1, 0, 0, 1, 0, 2, 2, 0, 1, 2, 0, 1, 2, 2, 0, 0, 1, 2, 1, 0, 1, 0, 2, 0, 1, 1, 0, 1, 1, 1, 0, 2, 1, 2, 0, 0, 0, 0, 1, 1, 2, 1, 2, 1, 0, 0, 2, 1, 0, 1, 2, 1, 2, 1, 1, 1, 1, 1, 1, 0, 1, 1, 0, 0, 0, 1, 2, 1, 2, 2, 1, 0, 0, 0, 0, 0, 1, 1, 2, 0, 2, 0, 0, 1, 2, 0]|[4, 3, 2, 2, 4, 1, 2, 2, 2, 4, 1, 1, 2, 4, 4, 1, 2, 4, 2, 1, 1, 1, 1, 2, 1, 2, 1, 1, 1, 1, 3, 2, 3, 0, 4, 0, 1, 1, 0, 3, 2, 2, 2, 0, 1, 1, 0, 2, 0, 1, 2, 2, 1, 4, 0, 3, 2, 4, 1, 2, 2, 3, 1, 1, 1, 3, 0, 4, 3, 1, 4, 1, 1, 0, 4, 4, 2, 1, 1, 1, 1, 3, 1, 1, 1, 1, 2, 1, 1, 2, 3, 4, 1, 2, 1, 1, 2, 4, 1, 2]|[0, 2, 1, 1, 3, 0, 1, 0, 0, 0, 0, 0, 1, 0, 1, 0, 0, 3, 1, 0, 0, 0, 3, 1, 0, 2, 0, 0, 0, 1, 0, 0, 0, 0, 3, 0, 1, 0, 0, 2, 1, 1, 1, 0, 0, 0, 0, 0, 1, 0, 0, 0, 1, 3, 0, 0, 1, 2, 0, 1, 0, 2, 0, 1, 0, 2, 1, 0, 0, 1, 1, 3, 1, 1, 3, 3, 1, 0, 0, 2, 0, 0, 0, 0, 1, 0, 1, 0, 0, 1, 2, 0, 0, 0, 0, 1, 0, 2, 0, 0],789.0263571580006,56321.4806859715,98465.24902504137,true
8,G1_CMAX,G1_CMAX,[31, 22, 82, 15, 26, 9, 95, 42, 77, 12, 47, 5, 93, 78, 86, 54, 6, 63, 18, 44, 20, 35, 43, 97, 91, 76, 10, 30, 21, 45, 64, 1, 23, 17, 83, 24, 14, 60, 36, 13, 75, 46, 68, 67, 69, 79, 56, 65, 88, 40, 57, 85, 58, 19, 32, 81, 48, 27, 62, 87, 90, 99, 59, 11, 16, 72, 73, 71, 70, 39, 37, 84, 3, 98, 29, 28, 55, 25, 92, 7, 33, 61, 53, 41, 89, 50, 8, 96, 51, 80, 34, 4, 66, 2, 52, 49, 0, 94, 74, 38]|[1, 1, 0, 1, 1, 0, 1, 2, 2, 1, 2, 2, 2, 1, 1, 0, 0, 1, 0, 2, 2, 0, 1, 2, 0, 1, 2, 2, 0, 0, 2, 1, 2, 1, 0, 2, 2, 1, 1, 0, 0, 0, 0, 0, 2, 1, 2, 0, 1, 1, 1, 0, 1, 2, 1, 2, 1, 0, 0, 2, 1, 0, 1, 2, 1, 2, 1, 1, 1, 1, 1, 1, 1, 0, 0, 0, 1, 1, 0, 1, 0, 1, 0, 1, 1, 0, 1, 0, 0, 0, 2, 1, 2, 0, 1, 0, 0, 2, 2, 1]|[0, 3, 2, 2, 4, 1, 2, 2, 2, 4, 1, 1, 2, 4, 4, 1, 2, 4, 2, 1, 1, 1, 1, 2, 1, 2, 1, 1, 1, 1, 2, 3, 0, 4, 0, 1, 2, 0, 3, 2, 2, 2, 1, 0, 2, 0, 1, 1, 0, 2, 2, 2, 0, 0, 3, 2, 4, 1, 2, 2, 3, 1, 1, 1, 3, 0, 4, 3, 3, 1, 4, 1, 1, 1, 1, 2, 4, 4, 0, 1, 2, 3, 2, 4, 1, 1, 3, 1, 1, 1, 1, 4, 1, 2, 1, 1, 2, 2, 1, 1]|[0, 2, 1, 1, 3, 0, 1, 0, 0, 0, 0, 0, 1, 0, 1, 0, 1, 3, 1, 0, 0, 0, 3, 1, 0, 2, 0, 0, 0, 1, 0, 0, 0, 3, 0, 1, 1, 0, 2, 0, 0, 0, 0, 1, 0, 0, 0, 0, 0, 1, 1, 0, 3, 0, 0, 1, 2, 0, 1, 0, 2, 0, 1, 0, 2, 1, 0, 0, 0, 1, 1, 3, 1, 0, 0, 1, 3, 3, 1, 2, 1, 0, 1, 3, 1, 0, 2, 0, 0, 0, 0, 0, 0, 0, 1, 1, 0, 0, 0, 1],740.6648699319737,58345.503832923176,99227.13002615936,false
8,G4_BALANCED,G3_TWC,[31, 22, 82, 15, 26, 9, 95, 42, 77, 12, 47, 5, 93, 78, 86, 54, 85, 63, 18, 44, 20, 35, 43, 97, 91, 76, 10, 30, 21, 45, 71, 64, 1, 23, 17, 83, 24, 14, 60, 36, 6, 57, 40, 88, 65, 56, 79, 69, 67, 68, 46, 75, 38, 58, 19, 32, 81, 48, 27, 62, 87, 90, 99, 59, 11, 16, 72, 73, 70, 39, 37, 84, 3, 92, 25, 55, 28, 29, 51, 7, 66, 61, 98, 41, 89, 50, 33, 8, 53, 80, 34, 4, 96, 2, 52, 49, 0, 94, 74, 13]|[1, 1, 0, 1, 1, 0, 1, 2, 2, 1, 0, 2, 2, 1, 1, 0, 0, 1, 0, 2, 2, 0, 1, 2, 0, 1, 2, 2, 0, 0, 1, 2, 1, 0, 1, 0, 2, 0, 1, 1, 0, 1, 1, 1, 0, 2, 1, 1, 0, 0, 0, 0, 1, 1, 2, 1, 2, 0, 0, 0, 2, 1, 0, 1, 2, 1, 2, 1, 1, 1, 1, 1, 1, 0, 1, 1, 0, 0, 0, 1, 2, 1, 2, 0, 1, 0, 0, 0, 0, 0, 2, 0, 0, 0, 2, 0, 0, 1, 2, 0]|[4, 3, 2, 2, 4, 1, 2, 2, 2, 4, 2, 1, 2, 4, 4, 1, 2, 4, 2, 1, 1, 1, 1, 2, 1, 2, 1, 1, 1, 1, 3, 2, 3, 0, 4, 0, 1, 1, 0, 3, 2, 2, 2, 0, 1, 1, 0, 4, 0, 1, 2, 2, 1, 0, 0, 3, 2, 1, 1, 2, 2, 3, 1, 1, 1, 3, 0, 4, 3, 1, 4, 1, 1, 0, 4, 4, 2, 1, 1, 1, 1, 3, 1, 1, 1, 1, 2, 1, 2, 1, 1, 2, 1, 2, 1, 1, 2, 4, 1, 2]|[0, 2, 1, 1, 3, 0, 1, 0, 0, 0, 1, 0, 1, 0, 1, 0, 0, 3, 1, 0, 0, 0, 3, 1, 0, 2, 0, 0, 0, 1, 0, 0, 0, 0, 3, 0, 1, 0, 0, 2, 1, 1, 1, 0, 0, 0, 0, 2, 1, 0, 0, 0, 1, 3, 0, 0, 1, 0, 0, 1, 0, 2, 0, 1, 0, 2, 1, 0, 0, 1, 1, 3, 1, 1, 3, 3, 1, 0, 0, 2, 0, 0, 0, 0, 1, 0, 1, 0, 1, 0, 0, 1, 0, 0, 0, 1, 0, 2, 0, 0],873.6010878132449,57378.12723209003,94335.46572542429,true
8,G2_TEC,G2_TEC,[31, 22, 82, 15, 26, 9, 95, 42, 77, 68, 47, 5, 93, 78, 86, 54, 85, 63, 18, 44, 20, 49, 36, 14, 74, 50, 53, 17, 21, 45, 71, 64, 3, 23, 30, 83, 24, 41, 60, 52, 65, 27, 90, 70, 39, 87, 48, 69, 99, 4, 46, 1, 13, 58, 97, 59, 28, 8, 73, 37, 35, 79, 11, 66, 76, 57, 40, 80, 96, 6, 16, 61, 33, 98, 32, 34, 12, 67, 10, 7, 56, 88, 51, 19, 91, 29, 75, 92, 38, 62, 43, 55, 84, 2, 81, 25, 0, 94, 89, 72]|[2, 1, 2, 1, 1, 2, 1, 1, 1, 1, 1, 0, 2, 2, 1, 2, 0, 0, 0, 2, 2, 1, 0, 2, 0, 2, 2, 1, 0, 1, 1, 1, 0, 0, 1, 0, 2, 1, 2, 2, 0, 1, 1, 1, 0, 2, 0, 2, 1, 0, 0, 2, 2, 0, 2, 0, 2, 1, 0, 0, 2, 1, 0, 2, 2, 0, 2, 2, 0, 1, 2, 1, 1, 0, 0, 1, 1, 1, 1, 2, 2, 1, 1, 1, 1, 1, 0, 0, 0, 1, 1, 0, 0, 2, 1, 1, 0, 1, 1, 1]|[0, 3, 0, 2, 4, 1, 4, 4, 2, 4, 3, 2, 1, 0, 2, 1, 1, 1, 2, 1, 1, 3, 0, 1, 0, 1, 1, 4, 1, 4, 3, 2, 2, 0, 4, 1, 1, 4, 0, 1, 2, 2, 4, 4, 1, 1, 0, 2, 3, 1, 2, 1, 2, 1, 1, 2, 0, 3, 0, 2, 2, 3, 1, 0, 1, 0, 0, 1, 2, 4, 1, 3, 4, 2, 2, 4, 3, 3, 3, 1, 1, 4, 3, 4, 3, 3, 2, 2, 2, 3, 4, 2, 2, 1, 1, 4, 2, 4, 4, 4]|[0, 2, 0, 1, 3, 0, 1, 3, 0, 0, 2, 0, 1, 0, 1, 0, 0, 0, 1, 0, 0, 2, 0, 0, 1, 0, 0, 3, 0, 1, 0, 2, 0, 0, 3, 0, 1, 3, 1, 0, 0, 1, 1, 3, 0, 0, 1, 0, 2, 0, 0, 0, 0, 0, 1, 0, 0, 0, 1, 1, 0, 2, 0, 0, 0, 1, 0, 0, 0, 2, 0, 0, 1, 0, 0, 2, 0, 0, 3, 0, 0, 1, 0, 3, 0, 0, 0, 0, 0, 0, 2, 0, 1, 0, 1, 3, 0, 2, 1, 2],866.9720029712151,52521.63760420462,113191.19061574526,false
8,G3_TWC,G4_BALANCED,[31, 22, 82, 15, 26, 9, 95, 42, 77, 12, 47, 5, 93, 78, 86, 54, 85, 63, 18, 44, 20, 35, 43, 97, 91, 76, 10, 30, 21, 45, 71, 64, 1, 23, 17, 83, 24, 14, 60, 36, 6, 57, 40, 88, 65, 56, 79, 69, 67, 68, 46, 75, 38, 58, 19, 32, 81, 48, 27, 62, 87, 90, 99, 59, 11, 16, 72, 73, 70, 39, 37, 84, 3, 92, 25, 55, 28, 29, 51, 7, 66, 61, 98, 41, 89, 50, 33, 96, 80, 53, 8, 4, 34, 2, 52, 49, 0, 94, 74, 13]|[1, 1, 0, 1, 1, 0, 1, 2, 2, 1, 2, 2, 2, 1, 1, 0, 0, 1, 0, 2, 2, 0, 1, 2, 0, 1, 2, 2, 0, 0, 1, 2, 1, 0, 1, 0, 2, 0, 1, 1, 0, 1, 1, 1, 0, 2, 1, 2, 0, 0, 0, 0, 1, 1, 2, 1, 2, 1, 0, 0, 2, 1, 0, 1, 2, 1, 2, 1, 1, 1, 1, 1, 1, 0, 1, 1, 0, 0, 0, 1, 2, 1, 2, 2, 1, 0, 0, 0, 0, 0, 1, 1, 2, 0, 2, 0, 0, 1, 2, 0]|[4, 3, 2, 2, 4, 1, 2, 2, 2, 4, 1, 1, 2, 4, 4, 1, 2, 4, 2, 1, 1, 1, 1, 2, 1, 2, 1, 1, 1, 1, 3, 2, 3, 0, 4, 0, 1, 1, 0, 3, 2, 2, 2, 0, 1, 1, 0, 2, 0, 1, 2, 2, 1, 4, 0, 3, 2, 4, 1, 2, 2, 3, 1, 1, 1, 3, 0, 4, 3, 1, 4, 1, 1, 0, 4, 4, 2, 1, 1, 1, 1, 3, 1, 1, 1, 1, 2, 1, 1, 2, 3, 4, 1, 2, 1, 1, 2, 4, 1, 2]|[0, 2, 1, 1, 3, 0, 1, 0, 0, 0, 0, 0, 1, 0, 1, 0, 0, 3, 1, 0, 0, 0, 3, 1, 0, 2, 0, 0, 0, 1, 0, 0, 0, 0, 3, 0, 1, 0, 0, 2, 1, 1, 1, 0, 0, 0, 0, 0, 1, 0, 0, 0, 1, 3, 0, 0, 1, 2, 0, 1, 0, 2, 0, 1, 0, 2, 1, 0, 0, 1, 1, 3, 1, 1, 3, 3, 1, 0, 0, 2, 0, 0, 0, 0, 1, 0, 1, 0, 0, 1, 2, 0, 0, 0, 0, 1, 0, 2, 0, 0],789.0263571580006,56321.4806859715,98465.24902504137,true
8,G1_CMAX,G1_CMAX,[31, 22, 82, 15, 26, 9, 95, 42, 77, 12, 47, 5, 93, 78, 86, 54, 6, 63, 18, 44, 20, 35, 43, 97, 91, 76, 10, 30, 21, 45, 64, 1, 23, 17, 83, 24, 14, 60, 36, 13, 75, 46, 68, 67, 69, 79, 56, 65, 88, 40, 57, 85, 58, 19, 32, 81, 48, 27, 62, 87, 90, 99, 59, 11, 16, 72, 73, 71, 70, 39, 37, 84, 3, 98, 29, 28, 55, 25, 92, 7, 33, 61, 53, 41, 89, 50, 8, 96, 51, 80, 34, 4, 66, 2, 52, 49, 0, 94, 74, 38]|[1, 1, 0, 1, 1, 0, 1, 2, 2, 1, 2, 2, 2, 1, 1, 0, 0, 1, 0, 2, 2, 0, 1, 2, 0, 1, 2, 2, 0, 0, 2, 1, 2, 1, 0, 2, 2, 1, 1, 0, 0, 0, 0, 0, 2, 1, 2, 0, 1, 1, 1, 0, 1, 2, 1, 2, 1, 0, 0, 2, 1, 0, 1, 2, 1, 2, 1, 1, 1, 1, 1, 1, 1, 0, 0, 0, 1, 1, 0, 1, 0, 1, 0, 1, 1, 0, 1, 0, 0, 0, 2, 1, 2, 0, 1, 0, 0, 2, 2, 1]|[0, 3, 2, 2, 4, 1, 2, 2, 2, 4, 1, 1, 2, 4, 4, 1, 2, 4, 2, 1, 1, 1, 1, 2, 1, 2, 1, 1, 1, 1, 2, 3, 0, 4, 0, 1, 2, 0, 3, 2, 2, 2, 1, 0, 2, 0, 1, 1, 0, 2, 2, 2, 0, 0, 3, 2, 4, 1, 2, 2, 3, 1, 1, 1, 3, 0, 4, 3, 3, 1, 4, 1, 1, 1, 1, 2, 4, 4, 0, 1, 2, 3, 2, 4, 1, 1, 3, 1, 1, 1, 1, 4, 1, 2, 1, 1, 2, 2, 1, 1]|[0, 2, 1, 1, 3, 0, 1, 0, 0, 0, 0, 0, 1, 0, 1, 0, 1, 3, 1, 0, 0, 0, 3, 1, 0, 2, 0, 0, 0, 1, 0, 0, 0, 3, 0, 1, 1, 0, 2, 0, 0, 0, 0, 1, 0, 0, 0, 0, 0, 1, 1, 0, 3, 0, 0, 1, 2, 0, 1, 0, 2, 0, 1, 0, 2, 1, 0, 0, 0, 1, 1, 3, 1, 0, 0, 1, 3, 3, 1, 2, 1, 0, 1, 3, 1, 0, 2, 0, 0, 0, 0, 0, 0, 0, 1, 1, 0, 0, 0, 1],740.6648699319737,58345.503832923176,99227.13002615936,false
8,G4_BALANCED,G3_TWC,[31, 22, 82, 15, 26, 9, 95, 42, 77, 12, 47, 5, 93, 78, 86, 54, 85, 63, 18, 44, 20, 35, 43, 97, 91, 76, 10, 30, 21, 45, 71, 64, 1, 23, 17, 83, 24, 14, 60, 36, 6, 57, 40, 88, 65, 56, 79, 94, 67, 68, 46, 75, 38, 58, 19, 32, 81, 41, 27, 62, 87, 90, 99, 59, 11, 16, 72, 73, 70, 39, 37, 84, 3, 92, 25, 55, 28, 29, 51, 7, 33, 61, 98, 48, 89, 50, 66, 96, 80, 53, 8, 4, 34, 2, 52, 49, 0, 69, 74, 13]|[1, 1, 0, 1, 1, 0, 1, 2, 2, 1, 2, 2, 2, 1, 1, 0, 0, 1, 0, 2, 2, 0, 1, 2, 0, 1, 2, 2, 0, 0, 1, 2, 1, 2, 1, 0, 2, 0, 1, 1, 0, 1, 1, 1, 0, 2, 1, 1, 0, 0, 0, 0, 1, 1, 2, 1, 2, 1, 0, 0, 2, 1, 0, 1, 2, 1, 2, 1, 1, 1, 0, 1, 1, 0, 1, 1, 0, 0, 0, 1, 0, 1, 0, 0, 1, 0, 2, 0, 0, 0, 0, 0, 2, 0, 1, 0, 0, 1, 2, 0]|[4, 3, 2, 2, 4, 1, 2, 2, 2, 4, 1, 1, 2, 4, 4, 1, 2, 4, 2, 1, 1, 1, 1, 2, 1, 2, 1, 1, 1, 1, 3, 2, 3, 0, 4, 0, 1, 1, 0, 3, 2, 2, 2, 0, 1, 1, 0, 4, 0, 1, 2, 2, 1, 0, 0, 3, 2, 4, 1, 2, 2, 3, 1, 1, 1, 3, 0, 4, 3, 1, 2, 1, 1, 0, 4, 4, 2, 1, 1, 1, 2, 3, 1, 1, 1, 1, 1, 1, 1, 2, 1, 2, 1, 2, 1, 1, 2, 4, 1, 2]|[0, 2, 1, 1, 3, 0, 1, 0, 0, 0, 0, 0, 1, 0, 1, 0, 0, 3, 1, 0, 0, 0, 3, 1, 0, 2, 0, 0, 0, 1, 0, 0, 0, 0, 3, 0, 1, 0, 0, 2, 1, 1, 1, 0, 0, 0, 0, 2, 1, 0, 0, 0, 1, 3, 0, 0, 1, 2, 0, 1, 0, 2, 0, 1, 0, 2, 1, 0, 0, 1, 0, 3, 1, 1, 3, 3, 1, 0, 0, 2, 1, 0, 0, 0, 1, 0, 0, 0, 0, 1, 0, 1, 0, 0, 1, 1, 0, 2, 0, 0],847.0427978319374,57745.33225489915,93991.90457086937,true
8,G2_TEC,G2_TEC,[31, 22, 82, 15, 26, 9, 95, 42, 77, 68, 47, 5, 93, 78, 86, 54, 85, 63, 18, 44, 20, 49, 36, 14, 74, 50, 53, 17, 21, 45, 71, 64, 3, 23, 30, 83, 24, 41, 60, 52, 65, 27, 90, 70, 39, 87, 48, 69, 99, 4, 46, 1, 13, 58, 97, 59, 28, 8, 73, 37, 35, 79, 11, 66, 76, 57, 40, 80, 96, 6, 16, 61, 33, 98, 32, 34, 12, 67, 10, 7, 56, 88, 51, 19, 91, 29, 75, 92, 38, 62, 43, 55, 2, 25, 81, 0, 84, 94, 89, 72]|[2, 1, 2, 1, 1, 2, 1, 1, 1, 1, 1, 0, 2, 2, 1, 2, 0, 0, 0, 2, 2, 1, 0, 2, 0, 2, 2, 1, 0, 1, 1, 1, 0, 0, 1, 0, 2, 1, 2, 2, 0, 1, 1, 1, 0, 2, 0, 2, 1, 0, 0, 2, 2, 0, 2, 0, 2, 1, 0, 0, 2, 1, 0, 2, 2, 0, 2, 2, 0, 1, 2, 1, 1, 0, 0, 1, 1, 1, 1, 2, 2, 1, 1, 1, 1, 1, 0, 0, 0, 1, 1, 0, 2, 1, 1, 0, 0, 1, 1, 1]|[0, 3, 0, 2, 4, 1, 4, 4, 2, 4, 3, 2, 1, 0, 2, 1, 1, 1, 2, 1, 1, 3, 0, 1, 0, 1, 1, 4, 1, 4, 3, 2, 2, 0, 4, 1, 1, 4, 0, 1, 2, 2, 4, 4, 1, 1, 0, 2, 3, 1, 2, 1, 2, 1, 1, 2, 0, 3, 0, 2, 2, 3, 1, 0, 1, 0, 0, 1, 2, 4, 1, 3, 4, 2, 2, 4, 3, 3, 3, 1, 1, 4, 3, 4, 3, 3, 2, 2, 2, 3, 4, 2, 1, 4, 1, 2, 2, 4, 4, 4]|[0, 2, 0, 1, 3, 0, 1, 3, 0, 0, 2, 0, 1, 0, 1, 0, 0, 0, 1, 0, 0, 2, 0, 0, 1, 0, 0, 3, 0, 1, 0, 2, 0, 0, 3, 0, 1, 3, 1, 0, 0, 1, 1, 3, 0, 0, 1, 0, 2, 0, 0, 0, 0, 0, 1, 0, 0, 0, 1, 1, 0, 2, 0, 0, 0, 1, 0, 0, 0, 2, 0, 0, 1, 0, 0, 2, 0, 0, 3, 0, 0, 1, 0, 3, 0, 0, 0, 0, 0, 0, 2, 0, 0, 3, 1, 0, 1, 2, 1, 2],866.9720029712151,52518.45829564806,113003.0457177981,false
8,G3_TWC,G4_BALANCED,[31, 22, 82, 15, 26, 9, 95, 42, 77, 12, 47, 5, 93, 78, 86, 54, 85, 63, 18, 44, 20, 35, 43, 97, 91, 76, 10, 30, 21, 45, 71, 64, 1, 23, 17, 83, 24, 14, 60, 36, 6, 57, 40, 88, 65, 56, 79, 69, 67, 68, 46, 75, 38, 58, 19, 32, 81, 48, 27, 62, 87, 90, 99, 59, 11, 16, 72, 73, 70, 39, 37, 84, 3, 92, 25, 55, 28, 29, 51, 7, 66, 61, 98, 41, 89, 50, 33, 96, 80, 53, 8, 4, 34, 2, 52, 49, 0, 94, 74, 13]|[1, 1, 0, 1, 1, 0, 1, 2, 2, 1, 2, 2, 2, 1, 1, 0, 0, 1, 0, 2, 2, 0, 1, 2, 0, 1, 2, 2, 0, 0, 1, 2, 1, 0, 1, 0, 2, 0, 1, 1, 0, 1, 1, 1, 0, 2, 1, 2, 0, 0, 0, 0, 1, 1, 2, 1, 2, 1, 0, 0, 2, 1, 0, 1, 2, 1, 2, 1, 1, 1, 1, 1, 1, 0, 1, 1, 0, 0, 0, 1, 2, 1, 2, 2, 1, 0, 0, 0, 0, 0, 1, 1, 2, 0, 2, 0, 0, 1, 2, 0]|[4, 3, 2, 2, 4, 1, 2, 2, 2, 4, 1, 1, 2, 4, 4, 1, 2, 4, 2, 1, 1, 1, 1, 2, 1, 2, 1, 1, 1, 1, 3, 2, 3, 0, 4, 0, 1, 1, 0, 3, 2, 2, 2, 0, 1, 1, 0, 2, 0, 1, 2, 2, 1, 4, 0, 3, 2, 4, 1, 2, 2, 3, 1, 1, 1, 3, 0, 4, 3, 1, 4, 1, 1, 0, 4, 4, 2, 1, 1, 1, 1, 3, 1, 1, 1, 1, 2, 1, 1, 2, 3, 4, 1, 2, 1, 1, 2, 4, 1, 2]|[0, 2, 1, 1, 3, 0, 1, 0, 0, 0, 0, 0, 1, 0, 1, 0, 0, 3, 1, 0, 0, 0, 3, 1, 0, 2, 0, 0, 0, 1, 0, 0, 0, 0, 3, 0, 1, 0, 0, 2, 1, 1, 1, 0, 0, 0, 0, 0, 1, 0, 0, 0, 1, 3, 0, 0, 1, 2, 0, 1, 0, 2, 0, 1, 0, 2, 1, 0, 0, 1, 1, 3, 1, 1, 3, 3, 1, 0, 0, 2, 0, 0, 0, 0, 1, 0, 1, 0, 0, 1, 2, 0, 0, 0, 0, 1, 0, 2, 0, 0],789.0263571580006,56321.4806859715,98465.24902504137,true
8,G1_CMAX,G4_BALANCED,[31, 22, 82, 15, 26, 9, 95, 42, 77, 12, 47, 5, 93, 78, 86, 54, 85, 63, 18, 44, 20, 35, 43, 97, 91, 76, 10, 30, 21, 45, 71, 64, 1, 23, 17, 83, 24, 14, 60, 36, 6, 57, 40, 88, 65, 56, 79, 69, 67, 68, 46, 75, 38, 58, 19, 32, 81, 48, 27, 62, 87, 90, 99, 59, 11, 16, 72, 73, 61, 34, 37, 84, 3, 92, 25, 55, 28, 51, 29, 7, 66, 70, 98, 41, 8, 52, 96, 89, 53, 80, 39, 4, 33, 2, 50, 49, 0, 94, 74, 13]|[1, 1, 0, 1, 1, 0, 1, 2, 2, 1, 2, 2, 2, 1, 1, 0, 0, 1, 0, 2, 2, 0, 1, 2, 0, 1, 2, 2, 0, 0, 1, 2, 1, 2, 1, 0, 2, 0, 1, 1, 0, 1, 1, 1, 0, 2, 1, 1, 0, 0, 0, 0, 1, 1, 2, 1, 2, 1, 0, 0, 2, 1, 0, 1, 2, 1, 2, 1, 1, 1, 1, 1, 1, 0, 1, 1, 0, 0, 0, 1, 2, 1, 0, 0, 1, 2, 0, 1, 0, 0, 1, 1, 2, 0, 2, 0, 0, 1, 2, 0]|[4, 3, 2, 2, 4, 1, 2, 2, 2, 4, 1, 1, 2, 4, 4, 1, 2, 4, 2, 1, 1, 1, 1, 2, 1, 2, 1, 1, 1, 1, 3, 2, 3, 0, 4, 0, 1, 1, 0, 3, 2, 2, 2, 0, 1, 1, 0, 4, 0, 1, 2, 2, 1, 0, 0, 3, 2, 4, 1, 2, 2, 3, 1, 1, 1, 3, 0, 4, 3, 1, 4, 1, 1, 0, 4, 4, 2, 1, 1, 1, 1, 3, 1, 1, 3, 1, 1, 1, 2, 1, 1, 4, 1, 2, 1, 1, 2, 4, 1, 2]|[0, 2, 1, 1, 3, 0, 1, 0, 0, 0, 0, 0, 1, 0, 1, 0, 0, 3, 1, 0, 0, 0, 3, 1, 0, 2, 0, 0, 0, 1, 0, 0, 0, 0, 3, 0, 1, 0, 0, 2, 1, 1, 1, 0, 0, 0, 0, 2, 1, 0, 0, 0, 1, 3, 0, 0, 1, 2, 0, 1, 0, 2, 0, 1, 0, 2, 1, 0, 0, 1, 1, 3, 1, 1, 3, 3, 1, 0, 0, 2, 0, 0, 0, 0, 2, 0, 0, 1, 1, 0, 1, 0, 0, 0, 0, 1, 0, 2, 0, 0],779.1724996528626,57391.903525692585,95844.33495592645,true
8,G4_BALANCED,G3_TWC,[31, 22, 82, 15, 26, 9, 95, 42, 77, 12, 47, 5, 93, 78, 86, 54, 85, 63, 18, 44, 20, 35, 43, 97, 91, 76, 10, 30, 21, 45, 71, 64, 1, 23, 17, 83, 24, 14, 60, 36, 6, 57, 40, 88, 65, 56, 79, 94, 67, 68, 46, 75, 38, 58, 19, 32, 81, 41, 27, 62, 87, 90, 99, 59, 11, 16, 72, 73, 70, 39, 37, 84, 3, 92, 25, 55, 28, 29, 51, 7, 33, 61, 98, 48, 89, 50, 66, 96, 80, 53, 8, 4, 34, 2, 52, 49, 0, 69, 74, 13]|[1, 1, 0, 1, 1, 0, 1, 2, 2, 1, 2, 2, 2, 1, 1, 0, 0, 1, 0, 2, 2, 0, 1, 2, 0, 1, 2, 2, 0, 0, 1, 2, 1, 2, 1, 0, 2, 0, 1, 1, 0, 1, 1, 1, 0, 2, 1, 1, 0, 0, 0, 0, 1, 1, 2, 1, 2, 1, 0, 0, 2, 1, 0, 1, 2, 1, 2, 1, 1, 1, 0, 1, 1, 0, 1, 1, 0, 0, 0, 1, 0, 1, 0, 0, 1, 0, 2, 0, 0, 0, 0, 0, 2, 0, 1, 0, 0, 1, 2, 0]|[4, 3, 2, 2, 4, 1, 2, 2, 2, 4, 1, 1, 2, 4, 4, 1, 2, 4, 2, 1, 1, 1, 1, 2, 1, 2, 1, 1, 1, 1, 3, 2, 3, 0, 4, 0, 1, 1, 0, 3, 2, 2, 2, 0, 1, 1, 0, 4, 0, 1, 2, 2, 1, 0, 0, 3, 2, 4, 1, 2, 2, 3, 1, 1, 1, 3, 0, 4, 3, 1, 2, 1, 1, 0, 4, 4, 2, 1, 1, 1, 2, 3, 1, 1, 1, 1, 1, 1, 1, 2, 1, 2, 1, 2, 1, 1, 2, 4, 1, 2]|[0, 2, 1, 1, 3, 0, 1, 0, 0, 0, 0, 0, 1, 0, 1, 0, 0, 3, 1, 0, 0, 0, 3, 1, 0, 2, 0, 0, 0, 1, 0, 0, 0, 0, 3, 0, 1, 0, 0, 2, 1, 1, 1, 0, 0, 0, 0, 2, 1, 0, 0, 0, 1, 3, 0, 0, 1, 2, 0, 1, 0, 2, 0, 1, 0, 2, 1, 0, 0, 1, 0, 3, 1, 1, 3, 3, 1, 0, 0, 2, 1, 0, 0, 0, 1, 0, 0, 0, 0, 1, 0, 1, 0, 0, 1, 1, 0, 2, 0, 0],847.0427978319374,57745.33225489915,93991.90457086937,true
8,G2_TEC,G2_TEC,[31, 22, 82, 15, 26, 9, 95, 42, 77, 68, 47, 5, 93, 78, 86, 54, 85, 63, 18, 44, 20, 49, 36, 14, 74, 50, 53, 17, 21, 45, 71, 64, 3, 23, 30, 83, 24, 41, 60, 52, 65, 27, 90, 70, 39, 87, 48, 69, 99, 4, 46, 1, 13, 58, 97, 59, 28, 8, 73, 37, 35, 79, 11, 66, 76, 57, 40, 80, 96, 6, 16, 61, 33, 98, 32, 34, 12, 67, 10, 7, 56, 88, 51, 19, 91, 29, 75, 92, 38, 62, 43, 55, 2, 25, 81, 0, 84, 94, 89, 72]|[2, 1, 2, 1, 1, 2, 1, 1, 1, 1, 1, 0, 2, 2, 1, 2, 0, 0, 0, 2, 2, 1, 0, 2, 0, 2, 2, 1, 0, 1, 1, 1, 0, 0, 1, 0, 2, 1, 2, 2, 0, 1, 1, 1, 0, 2, 0, 2, 1, 0, 0, 2, 2, 0, 2, 0, 2, 1, 0, 0, 2, 1, 0, 2, 2, 0, 2, 2, 0, 1, 2, 1, 1, 0, 0, 1, 1, 1, 1, 2, 2, 1, 1, 1, 1, 1, 0, 0, 0, 1, 1, 0, 2, 1, 1, 0, 0, 1, 1, 1]|[0, 3, 0, 2, 4, 1, 4, 4, 2, 4, 3, 2, 1, 0, 2, 1, 1, 1, 2, 1, 1, 3, 0, 1, 0, 1, 1, 4, 1, 4, 3, 2, 2, 0, 4, 1, 1, 4, 0, 1, 2, 2, 4, 4, 1, 1, 0, 2, 3, 1, 2, 1, 2, 1, 1, 2, 0, 3, 0, 2, 2, 3, 1, 0, 1, 0, 0, 1, 2, 4, 1, 3, 4, 2, 2, 4, 3, 3, 3, 1, 1, 4, 3, 4, 3, 3, 2, 2, 2, 3, 4, 2, 1, 4, 1, 2, 2, 4, 4, 4]|[0, 2, 0, 1, 3, 0, 1, 3, 0, 0, 2, 0, 1, 0, 1, 0, 0, 0, 1, 0, 0, 2, 0, 0, 1, 0, 0, 3, 0, 1, 0, 2, 0, 0, 3, 0, 1, 3, 1, 0, 0, 1, 1, 3, 0, 0, 1, 0, 2, 0, 0, 0, 0, 0, 1, 0, 0, 0, 1, 1, 0, 2, 0, 0, 0, 1, 0, 0, 0, 2, 0, 0, 1, 0, 0, 2, 0, 0, 3, 0, 0, 1, 0, 3, 0, 0, 0, 0, 0, 0, 2, 0, 0, 3, 1, 0, 1, 2, 1, 2],866.9720029712151,52518.45829564806,113003.0457177981,false
8,G3_TWC,G1_CMAX,[31, 22, 82, 15, 73, 9, 95, 42, 77, 12, 47, 5, 93, 78, 86, 54, 85, 63, 18, 44, 20, 35, 43, 97, 91, 76, 10, 30, 21, 45, 71, 64, 1, 23, 17, 83, 24, 14, 60, 36, 6, 57, 40, 88, 65, 56, 79, 94, 67, 68, 46, 75, 38, 58, 19, 32, 81, 41, 27, 62, 87, 90, 99, 59, 11, 16, 72, 26, 70, 39, 37, 84, 3, 92, 25, 55, 28, 29, 51, 7, 66, 61, 98, 48, 89, 50, 8, 96, 80, 53, 33, 4, 2, 34, 52, 49, 0, 69, 74, 13]|[1, 1, 0, 1, 1, 0, 1, 2, 2, 1, 2, 2, 2, 1, 1, 0, 0, 1, 0, 2, 2, 0, 1, 2, 0, 1, 2, 2, 0, 0, 1, 2, 1, 2, 1, 0, 2, 0, 1, 1, 0, 1, 1, 1, 0, 2, 1, 1, 0, 0, 0, 0, 1, 1, 2, 1, 2, 0, 0, 0, 2, 1, 0, 1, 2, 1, 2, 1, 1, 1, 1, 1, 1, 0, 1, 1, 0, 0, 0, 1, 2, 1, 0, 0, 1, 0, 1, 0, 0, 0, 0, 1, 0, 2, 2, 0, 0, 1, 2, 0]|[4, 3, 2, 2, 4, 1, 2, 2, 2, 4, 1, 1, 2, 4, 4, 1, 2, 4, 2, 1, 1, 1, 1, 2, 1, 2, 1, 1, 1, 1, 3, 2, 3, 0, 4, 0, 1, 1, 0, 3, 2, 2, 2, 0, 1, 1, 0, 4, 0, 1, 2, 2, 1, 4, 0, 3, 2, 1, 1, 2, 2, 3, 1, 1, 1, 3, 0, 4, 3, 1, 4, 1, 1, 0, 4, 4, 2, 1, 1, 1, 0, 3, 1, 1, 1, 1, 3, 1, 1, 2, 2, 4, 2, 1, 1, 1, 2, 4, 1, 2]|[0, 2, 1, 1, 3, 0, 1, 0, 0, 0, 0, 0, 1, 0, 1, 0, 0, 3, 1, 0, 0, 0, 3, 1, 0, 2, 0, 0, 0, 1, 0, 0, 0, 0, 3, 0, 1, 0, 0, 2, 1, 1, 1, 0, 0, 0, 0, 2, 1, 0, 0, 0, 1, 3, 0, 0, 1, 0, 0, 1, 0, 2, 0, 1, 0, 2, 1, 0, 0, 1, 1, 3, 1, 1, 3, 3, 1, 0, 0, 2, 0, 0, 0, 0, 1, 0, 2, 0, 0, 1, 1, 0, 0, 0, 0, 1, 0, 2, 0, 0],832.5936610194905,56912.95400948165,96066.69019682515,true
8,G1_CMAX,G3_TWC,[31, 22, 82, 15, 26, 9, 95, 42, 77, 12, 47, 5, 93, 78, 86, 54, 85, 63, 18, 44, 20, 35, 43, 97, 91, 76, 10, 30, 21, 45, 71, 64, 1, 23, 17, 83, 24, 14, 60, 36, 6, 57, 40, 88, 65, 56, 79, 94, 67, 68, 46, 75, 38, 58, 19, 32, 81, 41, 27, 62, 87, 90, 99, 59, 11, 16, 72, 73, 70, 39, 37, 84, 3, 92, 25, 55, 28, 29, 51, 7, 66, 61, 98, 48, 89, 50, 96, 8, 80, 53, 34, 4, 33, 2, 52, 49, 0, 69, 74, 13]|[1, 1, 0, 1, 1, 0, 1, 2, 2, 1, 2, 2, 2, 1, 1, 0, 0, 1, 0, 2, 2, 0, 1, 2, 0, 1, 2, 2, 0, 0, 1, 2, 1, 2, 1, 0, 2, 0, 1, 1, 0, 1, 1, 1, 0, 2, 1, 1, 0, 0, 0, 0, 1, 1, 2, 1, 2, 1, 0, 0, 2, 1, 0, 1, 2, 1, 2, 1, 1, 1, 1, 1, 1, 0, 1, 1, 0, 0, 0, 1, 2, 1, 2, 0, 1, 0, 0, 1, 0, 0, 2, 1, 2, 0, 1, 0, 0, 1, 2, 0]|[4, 3, 2, 2, 4, 1, 2, 2, 2, 4, 1, 1, 2, 4, 4, 1, 2, 4, 2, 1, 1, 1, 1, 2, 1, 2, 1, 1, 1, 1, 3, 2, 3, 1, 4, 0, 1, 1, 0, 3, 2, 2, 2, 0, 1, 1, 0, 4, 0, 1, 2, 2, 1, 0, 0, 3, 2, 4, 1, 2, 2, 3, 1, 1, 1, 3, 0, 4, 3, 1, 4, 1, 1, 0, 4, 4, 2, 1, 1, 1, 1, 3, 1, 1, 1, 1, 1, 3, 1, 2, 1, 4, 1, 2, 1, 1, 2, 4, 1, 2]|[0, 2, 1, 1, 3, 0, 1, 0, 0, 0, 0, 0, 1, 0, 1, 0, 0, 3, 1, 0, 0, 0, 3, 1, 0, 2, 0, 0, 0, 1, 0, 0, 0, 0, 3, 0, 1, 0, 0, 2, 1, 1, 1, 0, 0, 0, 0, 2, 1, 0, 0, 0, 1, 3, 0, 0, 1, 2, 0, 1, 0, 2, 0, 1, 0, 2, 1, 0, 0, 1, 1, 3, 1, 1, 3, 3, 1, 0, 0, 2, 0, 0, 0, 0, 1, 0, 0, 2, 0, 1, 0, 0, 0, 0, 1, 1, 0, 2, 0, 0],767.6487263694966,56969.93155720344,96519.77157325415,true
8,G4_BALANCED,G3_TWC,[31, 22, 82, 15, 26, 9, 95, 42, 77, 12, 47, 5, 93, 78, 86, 54, 85, 63, 18, 44, 20, 35, 43, 97, 91, 76, 10, 30, 21, 45, 71, 64, 1, 23, 17, 83, 24, 14, 60, 36, 6, 57, 40, 88, 65, 56, 79, 94, 67, 68, 46, 75, 38, 58, 19, 32, 81, 41, 27, 62, 87, 90, 99, 59, 11, 16, 72, 73, 70, 39, 37, 84, 3, 92, 25, 55, 28, 29, 51, 7, 33, 61, 98, 48, 89, 50, 66, 96, 80, 53, 8, 4, 34, 2, 52, 49, 0, 69, 74, 13]|[1, 1, 0, 1, 1, 0, 1, 2, 2, 1, 2, 2, 2, 1, 1, 0, 0, 1, 0, 2, 2, 0, 1, 2, 0, 1, 2, 2, 0, 0, 1, 2, 1, 2, 1, 0, 2, 0, 1, 1, 0, 1, 1, 1, 0, 2, 1, 1, 0, 0, 0, 0, 1, 1, 2, 1, 2, 1, 0, 0, 2, 1, 0, 1, 2, 1, 2, 1, 1, 1, 0, 1, 1, 0, 1, 1, 0, 0, 0, 1, 0, 1, 0, 0, 1, 0, 2, 0, 0, 0, 0, 0, 2, 0, 1, 0, 0, 1, 2, 0]|[4, 3, 2, 2, 4, 1, 2, 2, 2, 4, 1, 1, 2, 4, 4, 1, 2, 4, 2, 1, 1, 1, 1, 2, 1, 2, 1, 1, 1, 1, 3, 2, 3, 0, 4, 0, 1, 1, 0, 3, 2, 2, 2, 0, 1, 1, 0, 4, 0, 1, 2, 2, 1, 0, 0, 3, 2, 4, 1, 2, 2, 3, 1, 1, 1, 3, 0, 4, 3, 1, 2, 1, 1, 0, 4, 4, 2, 1, 1, 1, 2, 3, 1, 1, 1, 1, 1, 1, 1, 2, 1, 2, 1, 2, 1, 1, 2, 4, 1, 2]|[0, 2, 1, 1, 3, 0, 1, 0, 0, 0, 0, 0, 1, 0, 1, 0, 0, 3, 1, 0, 0, 0, 3, 1, 0, 2, 0, 0, 0, 1, 0, 0, 0, 0, 3, 0, 1, 0, 0, 2, 1, 1, 1, 0, 0, 0, 0, 2, 1, 0, 0, 0, 1, 3, 0, 0, 1, 2, 0, 1, 0, 2, 0, 1, 0, 2, 1, 0, 0, 1, 0, 3, 1, 1, 3, 3, 1, 0, 0, 2, 1, 0, 0, 0, 1, 0, 0, 0, 0, 1, 0, 1, 0, 0, 1, 1, 0, 2, 0, 0],847.0427978319374,57745.33225489915,93991.90457086937,true
8,G2_TEC,G2_TEC,[31, 22, 82, 15, 26, 9, 95, 42, 77, 68, 47, 5, 93, 78, 86, 54, 85, 63, 18, 44, 20, 49, 36, 14, 74, 50, 53, 17, 21, 45, 71, 64, 3, 23, 30, 83, 24, 41, 60, 52, 65, 27, 90, 70, 39, 87, 48, 69, 99, 4, 46, 1, 13, 58, 97, 59, 28, 8, 73, 37, 35, 79, 11, 66, 76, 57, 40, 80, 96, 6, 16, 61, 33, 98, 32, 34, 12, 67, 10, 7, 56, 88, 51, 19, 91, 29, 75, 92, 38, 62, 43, 55, 2, 25, 81, 0, 84, 94, 89, 72]|[2, 1, 2, 1, 1, 2, 1, 1, 1, 1, 1, 0, 2, 2, 1, 2, 0, 0, 0, 2, 2, 1, 0, 2, 0, 2, 2, 1, 0, 1, 1, 1, 0, 0, 1, 0, 2, 1, 2, 2, 0, 1, 1, 1, 0, 2, 0, 2, 1, 0, 0, 2, 2, 0, 2, 0, 2, 1, 0, 0, 2, 1, 0, 2, 2, 0, 2, 2, 0, 1, 2, 1, 1, 0, 0, 1, 1, 1, 1, 2, 2, 1, 1, 1, 1, 1, 0, 0, 0, 1, 1, 0, 2, 1, 1, 0, 0, 1, 1, 1]|[0, 3, 0, 2, 4, 1, 4, 4, 2, 4, 3, 2, 1, 0, 2, 1, 1, 1, 2, 1, 1, 3, 0, 1, 0, 1, 1, 4, 1, 4, 3, 2, 2, 0, 4, 1, 1, 4, 0, 1, 2, 2, 4, 4, 1, 1, 0, 2, 3, 1, 2, 1, 2, 1, 1, 2, 0, 3, 0, 2, 2, 3, 1, 0, 1, 0, 0, 1, 2, 4, 1, 3, 4, 2, 2, 4, 3, 3, 3, 1, 1, 4, 3, 4, 3, 3, 2, 2, 2, 3, 4, 2, 1, 4, 1, 2, 2, 4, 4, 4]|[0, 2, 0, 1, 3, 0, 1, 3, 0, 0, 2, 0, 1, 0, 1, 0, 0, 0, 1, 0, 0, 2, 0, 0, 1, 0, 0, 3, 0, 1, 0, 2, 0, 0, 3, 0, 1, 3, 1, 0, 0, 1, 1, 3, 0, 0, 1, 0, 2, 0, 0, 0, 0, 0, 1, 0, 0, 0, 1, 1, 0, 2, 0, 0, 0, 1, 0, 0, 0, 2, 0, 0, 1, 0, 0, 2, 0, 0, 3, 0, 0, 1, 0, 3, 0, 0, 0, 0, 0, 0, 2, 0, 0, 3, 1, 0, 1, 2, 1, 2],866.9720029712151,52518.45829564806,113003.0457177981,false
8,G3_TWC,G1_CMAX,[31, 22, 82, 15, 73, 9, 95, 42, 77, 12, 47, 5, 93, 78, 86, 54, 85, 63, 18, 44, 20, 35, 43, 97, 91, 76, 10, 30, 21, 45, 71, 64, 1, 23, 17, 83, 24, 14, 60, 36, 6, 57, 40, 88, 65, 56, 79, 94, 67, 68, 46, 75, 38, 58, 19, 32, 81, 41, 27, 62, 87, 90, 99, 59, 11, 16, 72, 26, 70, 39, 37, 84, 3, 92, 25, 55, 28, 29, 51, 7, 66, 61, 98, 48, 89, 50, 8, 96, 80, 53, 33, 4, 2, 34, 52, 49, 0, 69, 74, 13]|[1, 1, 0, 1, 1, 0, 1, 2, 2, 1, 2, 2, 2, 1, 1, 0, 0, 1, 0, 2, 2, 0, 1, 2, 0, 1, 2, 2, 0, 0, 1, 2, 1, 2, 1, 0, 2, 0, 1, 1, 0, 1, 1, 1, 0, 2, 1, 1, 0, 0, 0, 0, 1, 1, 2, 1, 2, 0, 0, 0, 2, 1, 0, 1, 2, 1, 2, 1, 1, 1, 1, 1, 1, 0, 1, 1, 0, 0, 0, 1, 2, 1, 0, 0, 1, 0, 1, 0, 0, 0, 0, 1, 0, 2, 2, 0, 0, 1, 2, 0]|[4, 3, 2, 2, 4, 1, 2, 2, 2, 4, 1, 1, 2, 4, 4, 1, 2, 4, 2, 1, 1, 1, 1, 2, 1, 2, 1, 1, 1, 1, 3, 2, 3, 0, 4, 0, 1, 1, 0, 3, 2, 2, 2, 0, 1, 1, 0, 4, 0, 1, 2, 2, 1, 4, 0, 3, 2, 1, 1, 2, 2, 3, 1, 1, 1, 3, 0, 4, 3, 1, 4, 1, 1, 0, 4, 4, 2, 1, 1, 1, 0, 3, 1, 1, 1, 1, 3, 1, 1, 2, 2, 4, 2, 1, 1, 1, 2, 4, 1, 2]|[0, 2, 1, 1, 3, 0, 1, 0, 0, 0, 0, 0, 1, 0, 1, 0, 0, 3, 1, 0, 0, 0, 3, 1, 0, 2, 0, 0, 0, 1, 0, 0, 0, 0, 3, 0, 1, 0, 0, 2, 1, 1, 1, 0, 0, 0, 0, 2, 1, 0, 0, 0, 1, 3, 0, 0, 1, 0, 0, 1, 0, 2, 0, 1, 0, 2, 1, 0, 0, 1, 1, 3, 1, 1, 3, 3, 1, 0, 0, 2, 0, 0, 0, 0, 1, 0, 2, 0, 0, 1, 1, 0, 0, 0, 0, 1, 0, 2, 0, 0],832.5936610194905,56912.95400948165,96066.69019682515,true
8,G1_CMAX,G1_CMAX,[31, 22, 82, 15, 26, 9, 95, 42, 77, 12, 47, 5, 93, 78, 86, 54, 6, 63, 18, 44, 20, 35, 43, 97, 91, 76, 10, 30, 21, 45, 64, 1, 23, 17, 83, 24, 14, 60, 36, 13, 75, 46, 68, 67, 69, 79, 56, 65, 88, 40, 57, 85, 58, 19, 32, 81, 48, 27, 62, 87, 90, 99, 59, 11, 16, 72, 73, 71, 70, 39, 37, 84, 3, 98, 29, 28, 55, 25, 92, 7, 33, 61, 53, 41, 89, 50, 8, 96, 51, 80, 34, 4, 66, 2, 52, 49, 0, 94, 74, 38]|[1, 1, 0, 1, 1, 0, 1, 2, 2, 1, 2, 2, 2, 1, 1, 0, 0, 1, 0, 2, 2, 0, 1, 2, 0, 1, 2, 2, 0, 0, 2, 1, 2, 1, 0, 2, 2, 1, 1, 0, 0, 0, 0, 0, 2, 1, 2, 0, 1, 1, 1, 0, 1, 2, 1, 2, 1, 0, 0, 2, 1, 0, 1, 2, 1, 2, 1, 1, 1, 1, 1, 1, 1, 0, 0, 0, 1, 1, 0, 1, 0, 1, 0, 1, 1, 0, 1, 0, 0, 0, 2, 1, 2, 0, 1, 0, 0, 2, 2, 1]|[0, 3, 2, 2, 4, 1, 2, 2, 2, 4, 1, 1, 2, 4, 4, 1, 2, 4, 2, 1, 1, 1, 1, 2, 1, 2, 1, 1, 1, 1, 2, 3, 0, 4, 0, 1, 2, 0, 3, 2, 2, 2, 1, 0, 2, 0, 1, 1, 0, 2, 2, 2, 0, 0, 3, 2, 4, 1, 2, 2, 3, 1, 1, 1, 3, 0, 4, 3, 3, 1, 4, 1, 1, 1, 1, 2, 4, 4, 0, 1, 2, 3, 2, 4, 1, 1, 3, 1, 1, 1, 1, 4, 1, 2, 1, 1, 2, 2, 1, 1]|[0, 2, 1, 1, 3, 0, 1, 0, 0, 0, 0, 0, 1, 0, 1, 0, 1, 3, 1, 0, 0, 0, 3, 1, 0, 2, 0, 0, 0, 1, 0, 0, 0, 3, 0, 1, 1, 0, 2, 0, 0, 0, 0, 1, 0, 0, 0, 0, 0, 1, 1, 0, 3, 0, 0, 1, 2, 0, 1, 0, 2, 0, 1, 0, 2, 1, 0, 0, 0, 1, 1, 3, 1, 0, 0, 1, 3, 3, 1, 2, 1, 0, 1, 3, 1, 0, 2, 0, 0, 0, 0, 0, 0, 0, 1, 1, 0, 0, 0, 1],740.6648699319737,58345.503832923176,99227.13002615936,false
8,G4_BALANCED,G4_BALANCED,[31, 22, 82, 15, 26, 9, 95, 42, 77, 12, 47, 5, 93, 78, 86, 54, 85, 63, 18, 44, 20, 35, 43, 97, 91, 76, 10, 30, 21, 45, 71, 64, 1, 52, 17, 83, 24, 14, 60, 36, 6, 57, 40, 88, 65, 56, 79, 69, 67, 68, 46, 75, 38, 58, 19, 32, 81, 48, 27, 62, 87, 90, 99, 59, 11, 16, 72, 73, 70, 39, 37, 84, 3, 92, 25, 55, 28, 29, 51, 7, 66, 61, 98, 41, 89, 50, 96, 8, 80, 53, 34, 4, 33, 2, 23, 49, 0, 94, 74, 13]|[1, 1, 0, 1, 1, 0, 1, 2, 2, 1, 2, 2, 2, 1, 1, 0, 0, 1, 0, 2, 2, 0, 1, 2, 0, 1, 2, 2, 0, 0, 1, 2, 1, 2, 1, 0, 2, 0, 1, 1, 0, 1, 1, 1, 0, 2, 1, 2, 0, 0, 0, 0, 1, 1, 2, 1, 2, 1, 0, 0, 2, 1, 0, 1, 2, 1, 2, 1, 1, 1, 1, 1, 1, 0, 1, 1, 0, 0, 0, 1, 2, 1, 2, 0, 1, 0, 0, 1, 0, 0, 2, 1, 2, 0, 2, 0, 0, 1, 2, 0]|[4, 3, 2, 2, 4, 1, 2, 2, 2, 4, 1, 1, 2, 4, 4, 1, 2, 4, 2, 1, 1, 1, 1, 2, 1, 2, 1, 1, 1, 1, 3, 2, 3, 1, 4, 0, 1, 1, 0, 3, 2, 2, 2, 0, 1, 1, 0, 2, 0, 1, 2, 2, 1, 0, 0, 3, 2, 4, 1, 2, 2, 3, 1, 1, 1, 3, 0, 4, 3, 1, 4, 1, 1, 0, 4, 4, 2, 1, 1, 1, 1, 3, 1, 1, 1, 1, 1, 3, 1, 2, 1, 4, 1, 2, 1, 1, 2, 4, 1, 2]|[0, 2, 1, 1, 3, 0, 1, 0, 0, 0, 0, 0, 1, 0, 1, 0, 0, 3, 1, 0, 0, 0, 3, 1, 0, 2, 0, 0, 0, 1, 0, 0, 0, 0, 3, 0, 1, 0, 0, 2, 1, 1, 1, 0, 0, 0, 0, 0, 1, 0, 0, 0, 1, 3, 0, 0, 1, 2, 0, 1, 0, 2, 0, 1, 0, 2, 1, 0, 0, 1, 1, 3, 1, 1, 3, 3, 1, 0, 0, 2, 0, 0, 0, 0, 1, 0, 0, 2, 0, 1, 0, 0, 0, 0, 0, 1, 0, 2, 0, 0],776.2269886506458,56552.79105014176,98949.19230833696,false
8,G2_TEC,G2_TEC,[31, 22, 82, 15, 26, 9, 95, 42, 77, 68, 47, 5, 93, 78, 86, 54, 85, 63, 18, 44, 20, 49, 36, 14, 74, 50, 53, 17, 21, 45, 71, 64, 3, 23, 30, 83, 24, 41, 60, 52, 65, 27, 90, 70, 39, 87, 48, 69, 99, 4, 46, 1, 13, 58, 97, 59, 28, 8, 73, 37, 35, 79, 11, 66, 76, 57, 40, 80, 96, 6, 16, 61, 33, 98, 32, 34, 12, 67, 10, 7, 56, 88, 51, 19, 91, 29, 75, 92, 38, 62, 43, 55, 2, 25, 81, 0, 84, 94, 89, 72]|[2, 1, 2, 1, 1, 2, 1, 1, 1, 1, 1, 0, 2, 2, 1, 2, 0, 0, 0, 2, 2, 1, 0, 2, 0, 2, 2, 1, 0, 1, 1, 1, 0, 0, 1, 0, 2, 1, 2, 2, 0, 1, 1, 1, 0, 2, 0, 2, 1, 0, 0, 2, 2, 0, 2, 0, 2, 1, 0, 0, 2, 1, 0, 2, 2, 0, 2, 2, 0, 1, 2, 1, 1, 0, 0, 1, 1, 1, 1, 2, 2, 1, 1, 1, 1, 1, 0, 0, 0, 1, 1, 0, 2, 1, 1, 0, 0, 1, 1, 1]|[0, 3, 0, 2, 4, 1, 4, 4, 2, 4, 3, 2, 1, 0, 2, 1, 1, 1, 2, 1, 1, 3, 0, 1, 0, 1, 1, 4, 1, 4, 3, 2, 2, 0, 4, 1, 1, 4, 0, 1, 2, 2, 4, 4, 1, 1, 0, 2, 3, 1, 2, 1, 2, 1, 1, 2, 0, 3, 0, 2, 2, 3, 1, 0, 1, 0, 0, 1, 2, 4, 1, 3, 4, 2, 2, 4, 3, 3, 3, 1, 1, 4, 3, 4, 3, 3, 2, 2, 2, 3, 4, 2, 1, 4, 1, 2, 2, 4, 4, 4]|[0, 2, 0, 1, 3, 0, 1, 3, 0, 0, 2, 0, 1, 0, 1, 0, 0, 0, 1, 0, 0, 2, 0, 0, 1, 0, 0, 3, 0, 1, 0, 2, 0, 0, 3, 0, 1, 3, 1, 0, 0, 1, 1, 3, 0, 0, 1, 0, 2, 0, 0, 0, 0, 0, 1, 0, 0, 0, 1, 1, 0, 2, 0, 0, 0, 1, 0, 0, 0, 2, 0, 0, 1, 0, 0, 2, 0, 0, 3, 0, 0, 1, 0, 3, 0, 0, 0, 0, 0, 0, 2, 0, 0, 3, 1, 0, 1, 2, 1, 2],866.9720029712151,52518.45829564806,113003.0457177981,false
8,G3_TWC,G4_BALANCED,[31, 22, 82, 15, 26, 9, 95, 42, 77, 12, 47, 5, 93, 78, 86, 54, 85, 63, 18, 44, 20, 35, 43, 97, 91, 76, 10, 30, 21, 45, 71, 64, 1, 23, 17, 83, 24, 14, 60, 36, 6, 57, 40, 88, 65, 56, 79, 69, 67, 68, 46, 75, 38, 58, 19, 32, 81, 48, 27, 62, 87, 90, 99, 59, 11, 16, 72, 73, 61, 39, 37, 84, 3, 92, 25, 55, 28, 29, 51, 7, 66, 70, 98, 41, 89, 50, 96, 8, 53, 80, 34, 4, 94, 2, 52, 49, 0, 33, 74, 13]|[1, 1, 0, 1, 1, 0, 1, 2, 2, 1, 2, 2, 2, 1, 1, 0, 0, 1, 0, 2, 2, 0, 1, 2, 0, 1, 2, 2, 0, 0, 1, 2, 1, 2, 1, 0, 2, 0, 1, 1, 0, 1, 1, 1, 0, 2, 1, 1, 0, 0, 0, 0, 1, 1, 2, 1, 2, 1, 0, 0, 2, 1, 0, 1, 2, 1, 2, 1, 1, 1, 1, 1, 1, 0, 1, 1, 0, 0, 0, 1, 2, 1, 2, 0, 1, 0, 0, 1, 0, 0, 2, 1, 1, 0, 2, 0, 0, 2, 2, 0]|[4, 3, 2, 2, 4, 1, 2, 2, 2, 4, 1, 1, 2, 4, 4, 1, 2, 4, 2, 1, 1, 1, 1, 2, 1, 2, 1, 1, 1, 1, 3, 2, 3, 0, 4, 0, 1, 1, 0, 3, 2, 2, 2, 0, 1, 1, 0, 4, 0, 1, 2, 2, 1, 0, 0, 3, 2, 4, 1, 2, 2, 3, 1, 1, 1, 3, 0, 4, 3, 1, 4, 1, 1, 0, 4, 4, 2, 1, 1, 1, 1, 3, 1, 1, 1, 1, 1, 3, 2, 1, 1, 4, 4, 2, 1, 1, 2, 1, 1, 2]|[0, 2, 1, 1, 3, 0, 1, 0, 0, 0, 0, 0, 1, 0, 1, 0, 0, 3, 1, 0, 0, 0, 3, 1, 0, 2, 0, 0, 0, 1, 0, 0, 0, 0, 3, 0, 1, 0, 0, 2, 1, 1, 1, 0, 0, 0, 0, 2, 1, 0, 0, 0, 1, 3, 0, 0, 1, 2, 0, 1, 0, 2, 0, 1, 0, 2, 1, 0, 0, 1, 1, 3, 1, 1, 3, 3, 1, 0, 0, 2, 0, 0, 0, 0, 1, 0, 0, 2, 1, 0, 0, 0, 2, 0, 0, 1, 0, 0, 0, 0],776.5399131391675,57058.601018621994,96224.68378322487,true
8,G1_CMAX,G4_BALANCED,[31, 22, 82, 15, 26, 9, 95, 42, 77, 12, 47, 5, 93, 78, 86, 54, 85, 63, 18, 44, 20, 35, 43, 97, 91, 76, 10, 30, 21, 45, 71, 64, 1, 23, 17, 83, 24, 14, 60, 36, 6, 57, 40, 88, 65, 56, 79, 69, 67, 68, 46, 75, 38, 58, 19, 32, 81, 48, 27, 62, 87, 90, 99, 59, 11, 16, 72, 73, 70, 39, 37, 84, 3, 92, 25, 55, 28, 29, 51, 7, 66, 61, 98, 41, 89, 50, 33, 96, 80, 53, 8, 4, 13, 2, 52, 49, 0, 94, 74, 34]|[1, 1, 0, 1, 1, 0, 1, 2, 2, 1, 2, 2, 2, 1, 1, 0, 0, 1, 0, 2, 2, 0, 1, 2, 0, 1, 2, 2, 0, 0, 1, 2, 1, 0, 1, 0, 2, 0, 1, 1, 0, 1, 1, 1, 0, 2, 1, 1, 0, 0, 0, 0, 1, 1, 2, 1, 2, 1, 0, 0, 2, 1, 0, 1, 2, 1, 2, 1, 1, 1, 1, 1, 1, 0, 1, 1, 1, 0, 0, 1, 2, 1, 0, 0, 1, 0, 2, 0, 0, 0, 1, 1, 0, 0, 2, 0, 0, 1, 2, 2]|[4, 3, 2, 2, 4, 1, 2, 2, 2, 4, 1, 1, 2, 4, 4, 1, 2, 4, 2, 1, 1, 1, 1, 2, 1, 2, 1, 1, 1, 1, 3, 2, 3, 0, 4, 0, 1, 1, 0, 3, 2, 2, 2, 0, 1, 1, 0, 4, 0, 1, 2, 2, 1, 4, 0, 3, 2, 4, 1, 2, 2, 3, 1, 1, 1, 3, 0, 4, 3, 1, 4, 1, 1, 0, 4, 4, 4, 1, 1, 1, 1, 3, 1, 1, 1, 1, 1, 1, 1, 2, 3, 4, 2, 2, 1, 1, 2, 4, 1, 1]|[0, 2, 1, 1, 3, 0, 1, 0, 0, 0, 0, 0, 1, 0, 1, 0, 0, 3, 1, 0, 0, 0, 3, 1, 0, 2, 0, 0, 0, 1, 0, 0, 0, 0, 3, 0, 1, 0, 0, 2, 1, 1, 1, 0, 0, 0, 0, 2, 1, 0, 0, 0, 1, 3, 0, 0, 1, 2, 0, 1, 0, 2, 0, 1, 0, 2, 1, 0, 0, 1, 1, 3, 1, 1, 3, 3, 1, 0, 0, 2, 0, 0, 0, 0, 1, 0, 0, 0, 0, 1, 2, 0, 0, 0, 0, 1, 0, 2, 0, 0],826.2261902830592,56134.103229716726,100305.83591844409,true
8,G4_BALANCED,G4_BALANCED,[31, 22, 82, 15, 26, 9, 95, 42, 77, 12, 47, 5, 93, 78, 86, 54, 85, 63, 18, 44, 20, 35, 43, 97, 91, 76, 10, 30, 21, 45, 71, 64, 1, 52, 17, 83, 24, 14, 60, 36, 6, 57, 40, 88, 65, 56, 79, 69, 67, 68, 46, 75, 38, 58, 19, 32, 81, 48, 27, 62, 87, 90, 99, 59, 11, 16, 72, 73, 70, 39, 37, 84, 3, 92, 25, 55, 28, 29, 51, 7, 66, 61, 98, 41, 89, 50, 96, 8, 80, 53, 34, 4, 33, 2, 23, 49, 0, 94, 74, 13]|[1, 1, 0, 1, 1, 0, 1, 2, 2, 1, 2, 2, 2, 1, 1, 0, 0, 1, 0, 2, 2, 0, 1, 2, 0, 1, 2, 2, 0, 0, 1, 2, 1, 2, 1, 0, 2, 0, 1, 1, 0, 1, 1, 1, 0, 2, 1, 2, 0, 0, 0, 0, 1, 1, 2, 1, 2, 1, 0, 0, 2, 1, 0, 1, 2, 1, 2, 1, 1, 1, 1, 1, 1, 0, 1, 1, 0, 0, 0, 1, 2, 1, 2, 0, 1, 0, 0, 1, 0, 0, 2, 1, 2, 0, 2, 0, 0, 1, 2, 0]|[4, 3, 2, 2, 4, 1, 2, 2, 2, 4, 1, 1, 2, 4, 4, 1, 2, 4, 2, 1, 1, 1, 1, 2, 1, 2, 1, 1, 1, 1, 3, 2, 3, 1, 4, 0, 1, 1, 0, 3, 2, 2, 2, 0, 1, 1, 0, 2, 0, 1, 2, 2, 1, 0, 0, 3, 2, 4, 1, 2, 2, 3, 1, 1, 1, 3, 0, 4, 3, 1, 4, 1, 1, 0, 4, 4, 2, 1, 1, 1, 1, 3, 1, 1, 1, 1, 1, 3, 1, 2, 1, 4, 1, 2, 1, 1, 2, 4, 1, 2]|[0, 2, 1, 1, 3, 0, 1, 0, 0, 0, 0, 0, 1, 0, 1, 0, 0, 3, 1, 0, 0, 0, 3, 1, 0, 2, 0, 0, 0, 1, 0, 0, 0, 0, 3, 0, 1, 0, 0, 2, 1, 1, 1, 0, 0, 0, 0, 0, 1, 0, 0, 0, 1, 3, 0, 0, 1, 2, 0, 1, 0, 2, 0, 1, 0, 2, 1, 0, 0, 1, 1, 3, 1, 1, 3, 3, 1, 0, 0, 2, 0, 0, 0, 0, 1, 0, 0, 2, 0, 1, 0, 0, 0, 0, 0, 1, 0, 2, 0, 0],776.2269886506458,56552.79105014176,98949.19230833696,false
8,G2_TEC,G2_TEC,[31, 22, 82, 15, 26, 9, 95, 42, 77, 68, 47, 5, 93, 78, 86, 54, 85, 63, 18, 44, 20, 49, 36, 14, 74, 50, 53, 17, 21, 45, 71, 64, 3, 23, 30, 83, 24, 41, 60, 52, 65, 27, 90, 70, 39, 87, 48, 69, 99, 4, 46, 1, 13, 58, 97, 59, 28, 8, 73, 37, 35, 79, 11, 66, 76, 57, 40, 80, 96, 6, 16, 61, 33, 98, 32, 34, 12, 67, 10, 7, 56, 88, 51, 19, 91, 29, 75, 92, 38, 62, 43, 55, 2, 25, 81, 0, 84, 94, 89, 72]|[2, 1, 2, 1, 1, 2, 1, 1, 1, 1, 1, 0, 2, 2, 1, 2, 0, 0, 0, 2, 2, 1, 0, 2, 0, 2, 2, 1, 0, 1, 1, 1, 0, 0, 1, 0, 2, 1, 2, 2, 0, 1, 1, 1, 0, 2, 0, 2, 1, 0, 0, 2, 2, 0, 2, 0, 2, 1, 0, 0, 2, 1, 0, 2, 2, 0, 2, 2, 0, 1, 2, 1, 1, 0, 0, 1, 1, 1, 1, 2, 2, 1, 1, 1, 1, 1, 0, 0, 0, 1, 1, 0, 2, 1, 1, 0, 0, 1, 1, 1]|[0, 3, 0, 2, 4, 1, 4, 4, 2, 4, 3, 2, 1, 0, 2, 1, 1, 1, 2, 1, 1, 3, 0, 1, 0, 1, 1, 4, 1, 4, 3, 2, 2, 0, 4, 1, 1, 4, 0, 1, 2, 2, 4, 4, 1, 1, 0, 2, 3, 1, 2, 1, 2, 1, 1, 2, 0, 3, 0, 2, 2, 3, 1, 0, 1, 0, 0, 1, 2, 4, 1, 3, 4, 2, 2, 4, 3, 3, 3, 1, 1, 4, 3, 4, 3, 3, 2, 2, 2, 3, 4, 2, 1, 4, 1, 2, 2, 4, 4, 4]|[0, 2, 0, 1, 3, 0, 1, 3, 0, 0, 2, 0, 1, 0, 1, 0, 0, 0, 1, 0, 0, 2, 0, 0, 1, 0, 0, 3, 0, 1, 0, 2, 0, 0, 3, 0, 1, 3, 1, 0, 0, 1, 1, 3, 0, 0, 1, 0, 2, 0, 0, 0, 0, 0, 1, 0, 0, 0, 1, 1, 0, 2, 0, 0, 0, 1, 0, 0, 0, 2, 0, 0, 1, 0, 0, 2, 0, 0, 3, 0, 0, 1, 0, 3, 0, 0, 0, 0, 0, 0, 2, 0, 0, 3, 1, 0, 1, 2, 1, 2],866.9720029712151,52518.45829564806,113003.0457177981,false
8,G3_TWC,G4_BALANCED,[31, 22, 82, 15, 26, 9, 95, 42, 77, 12, 47, 5, 93, 78, 86, 54, 85, 63, 18, 44, 20, 35, 43, 97, 91, 76, 10, 30, 21, 45, 71, 64, 1, 23, 17, 83, 24, 14, 60, 36, 6, 57, 40, 88, 65, 56, 79, 69, 67, 68, 46, 75, 38, 58, 19, 32, 81, 48, 27, 62, 87, 90, 99, 59, 11, 16, 72, 73, 61, 39, 37, 84, 3, 92, 25, 55, 28, 29, 51, 7, 66, 70, 98, 41, 89, 50, 96, 8, 53, 80, 34, 4, 94, 2, 52, 49, 0, 33, 74, 13]|[1, 1, 0, 1, 1, 0, 1, 2, 2, 1, 2, 2, 2, 1, 1, 0, 0, 1, 0, 2, 2, 0, 1, 2, 0, 1, 2, 2, 0, 0, 1, 2, 1, 2, 1, 0, 2, 0, 1, 1, 0, 1, 1, 1, 0, 2, 1, 1, 0, 0, 0, 0, 1, 1, 2, 1, 2, 1, 0, 0, 2, 1, 0, 1, 2, 1, 2, 1, 1, 1, 1, 1, 1, 0, 1, 1, 0, 0, 0, 1, 2, 1, 2, 0, 1, 0, 0, 1, 0, 0, 2, 1, 1, 0, 2, 0, 0, 2, 2, 0]|[4, 3, 2, 2, 4, 1, 2, 2, 2, 4, 1, 1, 2, 4, 4, 1, 2, 4, 2, 1, 1, 1, 1, 2, 1, 2, 1, 1, 1, 1, 3, 2, 3, 0, 4, 0, 1, 1, 0, 3, 2, 2, 2, 0, 1, 1, 0, 4, 0, 1, 2, 2, 1, 0, 0, 3, 2, 4, 1, 2, 2, 3, 1, 1, 1, 3, 0, 4, 3, 1, 4, 1, 1, 0, 4, 4, 2, 1, 1, 1, 1, 3, 1, 1, 1, 1, 1, 3, 2, 1, 1, 4, 4, 2, 1, 1, 2, 1, 1, 2]|[0, 2, 1, 1, 3, 0, 1, 0, 0, 0, 0, 0, 1, 0, 1, 0, 0, 3, 1, 0, 0, 0, 3, 1, 0, 2, 0, 0, 0, 1, 0, 0, 0, 0, 3, 0, 1, 0, 0, 2, 1, 1, 1, 0, 0, 0, 0, 2, 1, 0, 0, 0, 1, 3, 0, 0, 1, 2, 0, 1, 0, 2, 0, 1, 0, 2, 1, 0, 0, 1, 1, 3, 1, 1, 3, 3, 1, 0, 0, 2, 0, 0, 0, 0, 1, 0, 0, 2, 1, 0, 0, 0, 2, 0, 0, 1, 0, 0, 0, 0],776.5399131391675,57058.601018621994,96224.68378322487,true
8,G1_CMAX,G4_BALANCED,[31, 22, 82, 15, 26, 9, 95, 42, 77, 12, 47, 5, 93, 78, 86, 54, 85, 63, 18, 44, 20, 35, 43, 97, 91, 76, 10, 30, 21, 45, 71, 64, 1, 23, 17, 83, 24, 14, 99, 36, 6, 57, 40, 88, 65, 56, 79, 69, 67, 68, 46, 75, 38, 58, 19, 32, 81, 48, 27, 62, 87, 90, 60, 59, 11, 16, 72, 73, 61, 39, 37, 84, 3, 92, 25, 55, 28, 29, 51, 7, 66, 70, 98, 41, 89, 50, 8, 96, 53, 80, 34, 4, 33, 2, 52, 49, 0, 94, 74, 13]|[1, 1, 0, 1, 1, 0, 1, 2, 2, 1, 2, 2, 2, 1, 1, 0, 0, 1, 0, 2, 2, 0, 1, 2, 0, 1, 2, 2, 0, 0, 1, 2, 1, 0, 1, 0, 2, 0, 1, 1, 0, 1, 1, 1, 0, 2, 1, 1, 0, 0, 0, 0, 1, 1, 2, 1, 2, 1, 0, 0, 2, 1, 0, 1, 2, 1, 2, 1, 1, 1, 1, 1, 1, 0, 1, 1, 0, 0, 0, 1, 2, 1, 2, 0, 1, 0, 1, 0, 0, 0, 2, 1, 2, 0, 2, 0, 0, 1, 2, 0]|[4, 3, 2, 2, 4, 1, 2, 2, 2, 4, 1, 1, 2, 4, 4, 1, 2, 4, 2, 1, 1, 1, 1, 2, 1, 2, 1, 1, 1, 1, 3, 2, 3, 0, 4, 0, 1, 1, 0, 3, 2, 2, 2, 0, 1, 1, 0, 4, 0, 1, 2, 2, 1, 0, 0, 3, 2, 4, 1, 2, 2, 3, 1, 1, 1, 3, 0, 4, 3, 1, 4, 1, 1, 0, 4, 4, 2, 1, 1, 1, 1, 3, 1, 1, 1, 1, 3, 1, 2, 1, 1, 4, 1, 2, 1, 1, 2, 4, 1, 2]|[0, 2, 1, 1, 3, 0, 1, 0, 0, 0, 0, 0, 1, 0, 1, 0, 0, 3, 1, 0, 0, 0, 3, 1, 0, 2, 0, 0, 0, 1, 0, 0, 0, 0, 3, 0, 1, 0, 0, 2, 1, 1, 1, 0, 0, 0, 0, 2, 1, 0, 0, 0, 1, 3, 0, 0, 1, 2, 0, 1, 0, 2, 0, 1, 0, 2, 1, 0, 0, 1, 1, 3, 1, 1, 3, 3, 1, 0, 0, 2, 0, 0, 0, 0, 1, 0, 2, 0, 1, 0, 0, 0, 0, 0, 0, 1, 0, 2, 0, 0],797.5263571142125,56744.56876052405,96266.27863782673,true
8,G4_BALANCED,G4_BALANCED,[31, 22, 82, 15, 26, 58, 95, 42, 77, 12, 47, 5, 93, 78, 86, 54, 85, 63, 18, 44, 20, 35, 43, 97, 91, 76, 10, 30, 21, 45, 71, 64, 1, 23, 17, 83, 24, 14, 60, 36, 6, 57, 40, 88, 65, 56, 79, 94, 67, 68, 46, 75, 38, 9, 19, 32, 81, 41, 27, 62, 87, 90, 99, 59, 11, 16, 72, 73, 70, 39, 37, 84, 3, 92, 25, 55, 28, 29, 51, 7, 66, 61, 98, 48, 89, 50, 96, 8, 80, 53, 34, 4, 33, 2, 52, 49, 0, 69, 74, 13]|[1, 1, 0, 1, 1, 0, 1, 2, 2, 1, 2, 2, 2, 1, 1, 0, 0, 1, 0, 2, 2, 0, 1, 2, 0, 1, 2, 2, 0, 0, 1, 2, 1, 2, 1, 0, 2, 0, 1, 1, 0, 1, 1, 1, 0, 2, 1, 1, 0, 0, 0, 0, 1, 1, 2, 1, 2, 1, 0, 0, 2, 1, 0, 1, 2, 1, 2, 1, 1, 1, 1, 1, 1, 0, 1, 1, 0, 0, 0, 1, 2, 1, 2, 0, 1, 0, 0, 1, 0, 0, 2, 1, 2, 0, 1, 0, 0, 1, 2, 0]|[4, 3, 2, 2, 4, 1, 2, 2, 2, 4, 1, 1, 2, 4, 4, 1, 2, 4, 2, 1, 1, 1, 1, 2, 1, 2, 1, 1, 1, 1, 3, 2, 3, 1, 4, 0, 1, 1, 0, 3, 2, 2, 2, 0, 1, 1, 0, 4, 0, 1, 2, 2, 1, 0, 0, 3, 2, 4, 1, 2, 2, 3, 1, 1, 1, 3, 0, 4, 3, 1, 4, 1, 1, 0, 4, 4, 2, 1, 1, 1, 1, 3, 1, 1, 1, 1, 1, 3, 1, 2, 1, 4, 1, 2, 1, 1, 2, 4, 1, 2]|[0, 2, 1, 1, 3, 0, 1, 0, 0, 0, 0, 0, 1, 0, 1, 0, 0, 3, 1, 0, 0, 0, 3, 1, 0, 2, 0, 0, 0, 1, 0, 0, 0, 0, 3, 0, 1, 0, 0, 2, 1, 1, 1, 0, 0, 0, 0, 2, 1, 0, 0, 0, 1, 3, 0, 0, 1, 2, 0, 1, 0, 2, 0, 1, 0, 2, 1, 0, 0, 1, 1, 3, 1, 1, 3, 3, 1, 0, 0, 2, 0, 0, 0, 0, 1, 0, 0, 2, 0, 1, 0, 0, 0, 0, 1, 1, 0, 2, 0, 0],765.9990607008382,57213.806194498815,96238.34283731865,false
8,G2_TEC,G2_TEC,[31, 22, 82, 15, 26, 9, 95, 42, 77, 68, 47, 5, 93, 78, 86, 54, 85, 63, 18, 44, 20, 49, 36, 14, 74, 50, 53, 17, 21, 45, 71, 64, 3, 23, 30, 83, 24, 41, 60, 52, 65, 27, 90, 70, 39, 87, 48, 69, 99, 4, 46, 1, 13, 58, 97, 59, 28, 8, 73, 37, 35, 79, 11, 66, 76, 57, 40, 80, 96, 6, 16, 61, 33, 98, 32, 34, 12, 67, 10, 7, 56, 88, 51, 19, 91, 29, 75, 92, 38, 62, 43, 55, 2, 25, 81, 0, 84, 94, 89, 72]|[2, 1, 2, 1, 1, 2, 1, 1, 1, 1, 1, 0, 2, 2, 1, 2, 0, 0, 0, 2, 2, 1, 0, 2, 0, 2, 2, 1, 0, 1, 1, 1, 0, 0, 1, 0, 2, 1, 2, 2, 0, 1, 1, 1, 0, 2, 0, 2, 1, 0, 0, 2, 2, 0, 2, 0, 2, 1, 0, 0, 2, 1, 0, 2, 2, 0, 2, 2, 0, 1, 2, 1, 1, 0, 0, 1, 1, 1, 1, 2, 2, 1, 1, 1, 1, 1, 0, 0, 0, 1, 1, 0, 2, 1, 1, 0, 0, 1, 1, 1]|[0, 3, 0, 2, 4, 1, 4, 4, 2, 4, 3, 2, 1, 0, 2, 1, 1, 1, 2, 1, 1, 3, 0, 1, 0, 1, 1, 4, 1, 4, 3, 2, 2, 0, 4, 1, 1, 4, 0, 1, 2, 2, 4, 4, 1, 1, 0, 2, 3, 1, 2, 1, 2, 1, 1, 2, 0, 3, 0, 2, 2, 3, 1, 0, 1, 0, 0, 1, 2, 4, 1, 3, 4, 2, 2, 4, 3, 3, 3, 1, 1, 4, 3, 4, 3, 3, 2, 2, 2, 3, 4, 2, 1, 4, 1, 2, 2, 4, 4, 4]|[0, 2, 0, 1, 3, 0, 1, 3, 0, 0, 2, 0, 1, 0, 1, 0, 0, 0, 1, 0, 0, 2, 0, 0, 1, 0, 0, 3, 0, 1, 0, 2, 0, 0, 3, 0, 1, 3, 1, 0, 0, 1, 1, 3, 0, 0, 1, 0, 2, 0, 0, 0, 0, 0, 1, 0, 0, 0, 1, 1, 0, 2, 0, 0, 0, 1, 0, 0, 0, 2, 0, 0, 1, 0, 0, 2, 0, 0, 3, 0, 0, 1, 0, 3, 0, 0, 0, 0, 0, 0, 2, 0, 0, 3, 1, 0, 1, 2, 1, 2],866.9720029712151,52518.45829564806,113003.0457177981,false
8,G3_TWC,G4_BALANCED,[31, 22, 82, 15, 26, 9, 95, 42, 77, 12, 47, 5, 93, 78, 86, 54, 85, 63, 18, 44, 20, 35, 43, 97, 91, 76, 10, 30, 21, 45, 71, 64, 1, 23, 17, 83, 24, 14, 60, 36, 6, 57, 40, 88, 65, 56, 79, 69, 67, 68, 46, 75, 38, 58, 19, 32, 81, 48, 27, 62, 87, 90, 99, 59, 11, 16, 72, 73, 61, 39, 37, 84, 3, 92, 25, 55, 28, 29, 51, 7, 66, 70, 98, 41, 89, 50, 96, 8, 53, 80, 34, 4, 94, 2, 52, 49, 0, 33, 74, 13]|[1, 1, 0, 1, 1, 0, 1, 2, 2, 1, 2, 2, 2, 1, 1, 0, 0, 1, 0, 2, 2, 0, 1, 2, 0, 1, 2, 2, 0, 0, 1, 2, 1, 2, 1, 0, 2, 0, 1, 1, 0, 1, 1, 1, 0, 2, 1, 1, 0, 0, 0, 0, 1, 1, 2, 1, 2, 1, 0, 0, 2, 1, 0, 1, 2, 1, 2, 1, 1, 1, 1, 1, 1, 0, 1, 1, 0, 0, 0, 1, 2, 1, 2, 0, 1, 0, 0, 1, 0, 0, 2, 1, 1, 0, 2, 0, 0, 2, 2, 0]|[4, 3, 2, 2, 4, 1, 2, 2, 2, 4, 1, 1, 2, 4, 4, 1, 2, 4, 2, 1, 1, 1, 1, 2, 1, 2, 1, 1, 1, 1, 3, 2, 3, 0, 4, 0, 1, 1, 0, 3, 2, 2, 2, 0, 1, 1, 0, 4, 0, 1, 2, 2, 1, 0, 0, 3, 2, 4, 1, 2, 2, 3, 1, 1, 1, 3, 0, 4, 3, 1, 4, 1, 1, 0, 4, 4, 2, 1, 1, 1, 1, 3, 1, 1, 1, 1, 1, 3, 2, 1, 1, 4, 4, 2, 1, 1, 2, 1, 1, 2]|[0, 2, 1, 1, 3, 0, 1, 0, 0, 0, 0, 0, 1, 0, 1, 0, 0, 3, 1, 0, 0, 0, 3, 1, 0, 2, 0, 0, 0, 1, 0, 0, 0, 0, 3, 0, 1, 0, 0, 2, 1, 1, 1, 0, 0, 0, 0, 2, 1, 0, 0, 0, 1, 3, 0, 0, 1, 2, 0, 1, 0, 2, 0, 1, 0, 2, 1, 0, 0, 1, 1, 3, 1, 1, 3, 3, 1, 0, 0, 2, 0, 0, 0, 0, 1, 0, 0, 2, 1, 0, 0, 0, 2, 0, 0, 1, 0, 0, 0, 0],776.5399131391675,57058.601018621994,96224.68378322487,true
8,G1_CMAX,G2_TEC,[31, 22, 82, 15, 26, 9, 95, 42, 77, 68, 47, 5, 93, 78, 86, 54, 85, 63, 18, 44, 20, 49, 36, 14, 74, 50, 53, 17, 21, 45, 71, 64, 3, 23, 30, 83, 24, 41, 60, 52, 65, 27, 90, 70, 39, 87, 48, 69, 99, 4, 46, 1, 13, 58, 97, 59, 28, 8, 73, 37, 35, 79, 11, 66, 76, 57, 40, 80, 96, 6, 16, 61, 33, 98, 32, 34, 12, 67, 10, 7, 56, 88, 51, 19, 91, 38, 75, 92, 0, 62, 43, 55, 84, 81, 2, 25, 29, 94, 89, 72]|[2, 1, 2, 1, 1, 2, 1, 1, 1, 1, 1, 0, 2, 2, 1, 2, 0, 0, 0, 2, 2, 1, 0, 2, 0, 2, 2, 1, 0, 1, 1, 1, 0, 0, 1, 0, 2, 1, 2, 2, 0, 1, 1, 1, 0, 2, 0, 2, 1, 0, 0, 2, 2, 0, 2, 0, 2, 1, 0, 0, 2, 1, 0, 2, 2, 0, 2, 2, 0, 1, 2, 1, 1, 0, 0, 1, 1, 1, 1, 2, 2, 1, 1, 1, 1, 0, 0, 0, 0, 1, 1, 0, 0, 1, 2, 1, 1, 1, 1, 1]|[0, 3, 0, 2, 4, 1, 4, 4, 2, 4, 3, 2, 1, 0, 2, 1, 1, 1, 2, 1, 1, 3, 0, 1, 0, 1, 1, 4, 1, 4, 3, 2, 2, 0, 4, 1, 1, 4, 0, 1, 2, 2, 4, 4, 1, 1, 0, 2, 3, 1, 2, 1, 2, 1, 1, 2, 0, 3, 0, 2, 2, 3, 1, 0, 1, 0, 0, 1, 2, 4, 1, 3, 4, 2, 2, 4, 3, 3, 3, 1, 1, 4, 3, 4, 3, 2, 2, 2, 2, 3, 4, 2, 2, 1, 1, 4, 3, 4, 4, 4]|[0, 2, 0, 1, 3, 0, 1, 3, 0, 0, 2, 0, 1, 0, 1, 0, 0, 0, 1, 0, 0, 2, 0, 0, 1, 0, 0, 3, 0, 1, 0, 2, 0, 0, 3, 0, 1, 3, 1, 0, 0, 1, 1, 3, 0, 0, 1, 0, 2, 0, 0, 0, 0, 0, 1, 0, 0, 0, 1, 1, 0, 2, 0, 0, 0, 1, 0, 0, 0, 2, 0, 0, 1, 0, 0, 2, 0, 0, 3, 0, 0, 1, 0, 3, 0, 0, 0, 0, 0, 0, 2, 0, 1, 1, 0, 3, 0, 2, 1, 2],868.233202884445,52512.02445278986,113382.09265085135,true
8,G4_BALANCED,G4_BALANCED,[31, 22, 82, 15, 26, 58, 95, 42, 77, 12, 47, 5, 93, 78, 86, 54, 85, 63, 18, 44, 20, 35, 43, 97, 91, 76, 10, 30, 21, 45, 71, 64, 1, 23, 17, 83, 24, 14, 60, 36, 6, 57, 40, 88, 65, 56, 79, 94, 67, 68, 46, 75, 38, 9, 19, 32, 81, 41, 27, 62, 87, 90, 99, 59, 11, 16, 72, 73, 70, 39, 37, 84, 3, 92, 25, 55, 28, 29, 51, 7, 66, 61, 98, 48, 89, 50, 96, 8, 80, 53, 34, 4, 33, 2, 52, 49, 0, 69, 74, 13]|[1, 1, 0, 1, 1, 0, 1, 2, 2, 1, 2, 2, 2, 1, 1, 0, 0, 1, 0, 2, 2, 0, 1, 2, 0, 1, 2, 2, 0, 0, 1, 2, 1, 2, 1, 0, 2, 0, 1, 1, 0, 1, 1, 1, 0, 2, 1, 1, 0, 0, 0, 0, 1, 1, 2, 1, 2, 1, 0, 0, 2, 1, 0, 1, 2, 1, 2, 1, 1, 1, 1, 1, 1, 0, 1, 1, 0, 0, 0, 1, 2, 1, 2, 0, 1, 0, 0, 1, 0, 0, 2, 1, 2, 0, 1, 0, 0, 1, 2, 0]|[4, 3, 2, 2, 4, 1, 2, 2, 2, 4, 1, 1, 2, 4, 4, 1, 2, 4, 2, 1, 1, 1, 1, 2, 1, 2, 1, 1, 1, 1, 3, 2, 3, 1, 4, 0, 1, 1, 0, 3, 2, 2, 2, 0, 1, 1, 0, 4, 0, 1, 2, 2, 1, 0, 0, 3, 2, 4, 1, 2, 2, 3, 1, 1, 1, 3, 0, 4, 3, 1, 4, 1, 1, 0, 4, 4, 2, 1, 1, 1, 1, 3, 1, 1, 1, 1, 1, 3, 1, 2, 1, 4, 1, 2, 1, 1, 2, 4, 1, 2]|[0, 2, 1, 1, 3, 0, 1, 0, 0, 0, 0, 0, 1, 0, 1, 0, 0, 3, 1, 0, 0, 0, 3, 1, 0, 2, 0, 0, 0, 1, 0, 0, 0, 0, 3, 0, 1, 0, 0, 2, 1, 1, 1, 0, 0, 0, 0, 2, 1, 0, 0, 0, 1, 3, 0, 0, 1, 2, 0, 1, 0, 2, 0, 1, 0, 2, 1, 0, 0, 1, 1, 3, 1, 1, 3, 3, 1, 0, 0, 2, 0, 0, 0, 0, 1, 0, 0, 2, 0, 1, 0, 0, 0, 0, 1, 1, 0, 2, 0, 0],765.9990607008382,57213.806194498815,96238.34283731865,false
8,G2_TEC,G2_TEC,[31, 22, 82, 15, 26, 9, 95, 42, 77, 68, 47, 5, 93, 78, 86, 54, 85, 63, 18, 44, 20, 49, 36, 14, 74, 50, 53, 17, 21, 45, 71, 64, 3, 23, 30, 83, 24, 41, 60, 52, 65, 27, 90, 70, 39, 87, 48, 69, 99, 4, 46, 1, 13, 58, 97, 59, 28, 8, 73, 37, 35, 79, 11, 66, 76, 57, 40, 80, 96, 6, 16, 61, 33, 98, 32, 34, 12, 67, 10, 7, 56, 88, 51, 19, 91, 29, 75, 92, 38, 62, 43, 55, 2, 25, 81, 0, 84, 94, 89, 72]|[2, 1, 2, 1, 1, 2, 1, 1, 1, 1, 1, 0, 2, 2, 1, 2, 0, 0, 0, 2, 2, 1, 0, 2, 0, 2, 2, 1, 0, 1, 1, 1, 0, 0, 1, 0, 2, 1, 2, 2, 0, 1, 1, 1, 0, 2, 0, 2, 1, 0, 0, 2, 2, 0, 2, 0, 2, 1, 0, 0, 2, 1, 0, 2, 2, 0, 2, 2, 0, 1, 2, 1, 1, 0, 0, 1, 1, 1, 1, 2, 2, 1, 1, 1, 1, 1, 0, 0, 0, 1, 1, 0, 2, 1, 1, 0, 0, 1, 1, 1]|[0, 3, 0, 2, 4, 1, 4, 4, 2, 4, 3, 2, 1, 0, 2, 1, 1, 1, 2, 1, 1, 3, 0, 1, 0, 1, 1, 4, 1, 4, 3, 2, 2, 0, 4, 1, 1, 4, 0, 1, 2, 2, 4, 4, 1, 1, 0, 2, 3, 1, 2, 1, 2, 1, 1, 2, 0, 3, 0, 2, 2, 3, 1, 0, 1, 0, 0, 1, 2, 4, 1, 3, 4, 2, 2, 4, 3, 3, 3, 1, 1, 4, 3, 4, 3, 3, 2, 2, 2, 3, 4, 2, 1, 4, 1, 2, 2, 4, 4, 4]|[0, 2, 0, 1, 3, 0, 1, 3, 0, 0, 2, 0, 1, 0, 1, 0, 0, 0, 1, 0, 0, 2, 0, 0, 1, 0, 0, 3, 0, 1, 0, 2, 0, 0, 3, 0, 1, 3, 1, 0, 0, 1, 1, 3, 0, 0, 1, 0, 2, 0, 0, 0, 0, 0, 1, 0, 0, 0, 1, 1, 0, 2, 0, 0, 0, 1, 0, 0, 0, 2, 0, 0, 1, 0, 0, 2, 0, 0, 3, 0, 0, 1, 0, 3, 0, 0, 0, 0, 0, 0, 2, 0, 0, 3, 1, 0, 1, 2, 1, 2],866.9720029712151,52518.45829564806,113003.0457177981,false
8,G3_TWC,G3_TWC,[31, 22, 82, 15, 26, 9, 95, 42, 77, 12, 47, 5, 93, 78, 86, 54, 85, 63, 18, 44, 20, 35, 43, 97, 91, 76, 10, 30, 21, 45, 71, 64, 1, 23, 17, 83, 24, 14, 60, 36, 6, 57, 40, 88, 65, 56, 79, 94, 67, 68, 46, 75, 38, 58, 19, 32, 81, 41, 27, 62, 87, 90, 99, 59, 11, 16, 72, 73, 69, 39, 37, 84, 3, 92, 25, 55, 28, 29, 51, 7, 33, 61, 98, 48, 89, 50, 66, 96, 80, 53, 8, 34, 4, 2, 52, 49, 0, 70, 74, 13]|[1, 1, 0, 1, 1, 0, 1, 2, 2, 1, 2, 2, 2, 1, 1, 0, 0, 1, 0, 2, 2, 0, 1, 2, 0, 1, 2, 2, 0, 0, 1, 2, 1, 2, 1, 0, 2, 0, 1, 1, 0, 1, 1, 1, 0, 2, 1, 1, 0, 0, 0, 0, 1, 1, 2, 1, 2, 1, 0, 0, 2, 2, 0, 1, 2, 1, 2, 1, 1, 1, 0, 1, 1, 0, 1, 1, 0, 0, 0, 1, 0, 1, 0, 0, 1, 0, 2, 0, 0, 0, 0, 2, 0, 0, 1, 0, 0, 1, 2, 0]|[4, 3, 2, 2, 4, 1, 2, 2, 2, 4, 1, 1, 2, 4, 4, 1, 2, 4, 2, 1, 1, 1, 1, 2, 1, 2, 1, 1, 1, 1, 3, 2, 3, 0, 4, 0, 1, 1, 0, 3, 2, 2, 2, 0, 1, 1, 0, 4, 0, 1, 2, 2, 1, 0, 0, 3, 2, 4, 1, 2, 2, 1, 1, 1, 1, 3, 0, 4, 4, 1, 1, 1, 1, 0, 4, 4, 2, 1, 1, 1, 2, 3, 1, 1, 1, 1, 1, 1, 1, 2, 1, 1, 2, 2, 1, 1, 2, 3, 1, 2]|[0, 2, 1, 1, 3, 0, 1, 0, 0, 0, 0, 0, 1, 0, 1, 0, 0, 3, 1, 0, 0, 0, 3, 1, 0, 2, 0, 0, 0, 1, 0, 0, 0, 0, 3, 0, 1, 0, 0, 2, 1, 1, 1, 0, 0, 0, 0, 2, 1, 0, 0, 0, 1, 3, 0, 0, 1, 2, 0, 1, 0, 0, 0, 1, 0, 2, 1, 0, 2, 1, 0, 3, 1, 1, 3, 3, 1, 0, 0, 2, 1, 0, 0, 0, 1, 0, 0, 0, 0, 1, 0, 0, 1, 0, 1, 1, 0, 0, 0, 0],847.0427978319374,57842.30893966173,93453.7900685962,false
8,G1_CMAX,G3_TWC,[31, 22, 82, 15, 73, 9, 95, 42, 77, 12, 47, 5, 93, 78, 86, 54, 85, 63, 18, 44, 20, 35, 43, 97, 91, 76, 10, 30, 21, 45, 71, 64, 1, 23, 17, 83, 24, 14, 60, 36, 6, 57, 40, 88, 65, 56, 79, 94, 67, 68, 46, 75, 38, 58, 19, 32, 81, 41, 27, 62, 87, 90, 99, 59, 11, 16, 72, 26, 61, 39, 37, 84, 3, 92, 25, 55, 28, 51, 29, 7, 66, 70, 98, 8, 89, 50, 96, 48, 53, 80, 34, 4, 33, 2, 52, 49, 0, 69, 74, 13]|[1, 1, 0, 1, 1, 0, 1, 2, 2, 1, 2, 2, 2, 1, 1, 0, 0, 1, 0, 2, 2, 0, 1, 2, 0, 1, 2, 2, 0, 0, 1, 2, 1, 2, 1, 0, 2, 0, 1, 1, 0, 1, 1, 1, 0, 2, 1, 1, 0, 0, 0, 0, 1, 1, 2, 1, 2, 1, 0, 0, 2, 1, 0, 1, 2, 1, 2, 1, 1, 1, 1, 1, 1, 0, 1, 1, 0, 0, 0, 1, 2, 1, 0, 1, 1, 2, 0, 0, 0, 0, 2, 1, 0, 0, 2, 0, 0, 1, 2, 0]|[4, 3, 2, 2, 4, 1, 2, 2, 2, 4, 1, 1, 2, 4, 4, 1, 2, 4, 2, 1, 1, 1, 1, 2, 1, 2, 1, 1, 1, 1, 3, 2, 3, 0, 4, 0, 1, 1, 0, 3, 2, 2, 2, 0, 1, 1, 0, 4, 0, 1, 2, 2, 1, 0, 0, 3, 2, 4, 1, 2, 2, 3, 1, 1, 1, 3, 0, 4, 3, 1, 4, 1, 1, 0, 4, 4, 2, 1, 1, 1, 0, 3, 1, 3, 1, 1, 1, 1, 2, 1, 1, 4, 2, 2, 1, 1, 2, 4, 1, 2]|[0, 2, 1, 1, 3, 0, 1, 0, 0, 0, 0, 0, 1, 0, 1, 0, 0, 3, 1, 0, 0, 0, 3, 1, 0, 2, 0, 0, 0, 1, 0, 0, 0, 0, 3, 0, 1, 0, 0, 2, 1, 1, 1, 0, 0, 0, 0, 2, 1, 0, 0, 0, 1, 3, 0, 0, 1, 2, 0, 1, 0, 2, 0, 1, 0, 2, 1, 0, 0, 1, 1, 3, 1, 1, 3, 3, 1, 0, 0, 2, 0, 0, 0, 2, 1, 0, 0, 0, 1, 0, 0, 0, 1, 0, 0, 1, 0, 2, 0, 0],788.3269887286036,56934.74187485957,96010.33978264804,true
8,G4_BALANCED,G4_BALANCED,[31, 22, 82, 15, 26, 58, 95, 42, 77, 12, 47, 5, 93, 78, 86, 54, 85, 63, 18, 44, 20, 35, 43, 97, 91, 76, 10, 30, 21, 45, 71, 64, 1, 23, 17, 83, 24, 14, 60, 36, 6, 57, 40, 88, 65, 56, 79, 94, 67, 68, 46, 75, 38, 9, 19, 32, 81, 41, 27, 62, 87, 90, 99, 59, 11, 16, 72, 73, 70, 39, 37, 84, 3, 92, 25, 55, 28, 29, 51, 7, 66, 61, 98, 48, 89, 50, 96, 8, 80, 53, 34, 4, 33, 2, 52, 49, 0, 69, 74, 13]|[1, 1, 0, 1, 1, 0, 1, 2, 2, 1, 2, 2, 2, 1, 1, 0, 0, 1, 0, 2, 2, 0, 1, 2, 0, 1, 2, 2, 0, 0, 1, 2, 1, 2, 1, 0, 2, 0, 1, 1, 0, 1, 1, 1, 0, 2, 1, 1, 0, 0, 0, 0, 1, 1, 2, 1, 2, 1, 0, 0, 2, 1, 0, 1, 2, 1, 2, 1, 1, 1, 1, 1, 1, 0, 1, 1, 0, 0, 0, 1, 2, 1, 2, 0, 1, 0, 0, 1, 0, 0, 2, 1, 2, 0, 1, 0, 0, 1, 2, 0]|[4, 3, 2, 2, 4, 1, 2, 2, 2, 4, 1, 1, 2, 4, 4, 1, 2, 4, 2, 1, 1, 1, 1, 2, 1, 2, 1, 1, 1, 1, 3, 2, 3, 1, 4, 0, 1, 1, 0, 3, 2, 2, 2, 0, 1, 1, 0, 4, 0, 1, 2, 2, 1, 0, 0, 3, 2, 4, 1, 2, 2, 3, 1, 1, 1, 3, 0, 4, 3, 1, 4, 1, 1, 0, 4, 4, 2, 1, 1, 1, 1, 3, 1, 1, 1, 1, 1, 3, 1, 2, 1, 4, 1, 2, 1, 1, 2, 4, 1, 2]|[0, 2, 1, 1, 3, 0, 1, 0, 0, 0, 0, 0, 1, 0, 1, 0, 0, 3, 1, 0, 0, 0, 3, 1, 0, 2, 0, 0, 0, 1, 0, 0, 0, 0, 3, 0, 1, 0, 0, 2, 1, 1, 1, 0, 0, 0, 0, 2, 1, 0, 0, 0, 1, 3, 0, 0, 1, 2, 0, 1, 0, 2, 0, 1, 0, 2, 1, 0, 0, 1, 1, 3, 1, 1, 3, 3, 1, 0, 0, 2, 0, 0, 0, 0, 1, 0, 0, 2, 0, 1, 0, 0, 0, 0, 1, 1, 0, 2, 0, 0],765.9990607008382,57213.806194498815,96238.34283731865,false
8,G2_TEC,G2_TEC,[31, 22, 82, 15, 26, 9, 95, 42, 77, 68, 47, 5, 93, 78, 86, 54, 85, 63, 18, 44, 20, 49, 36, 14, 74, 50, 53, 17, 21, 45, 71, 64, 3, 23, 30, 83, 24, 41, 60, 52, 65, 27, 90, 70, 39, 87, 48, 69, 99, 4, 46, 1, 13, 58, 97, 59, 28, 8, 73, 37, 35, 79, 11, 66, 76, 57, 40, 80, 96, 6, 16, 61, 33, 98, 32, 34, 12, 67, 10, 7, 56, 88, 51, 19, 91, 29, 75, 92, 38, 62, 43, 55, 2, 25, 81, 0, 84, 94, 89, 72]|[2, 1, 2, 1, 1, 2, 1, 1, 1, 1, 1, 0, 2, 2, 1, 2, 0, 0, 0, 2, 2, 1, 0, 2, 0, 2, 2, 1, 0, 1, 1, 1, 0, 0, 1, 0, 2, 1, 2, 2, 0, 1, 1, 1, 0, 2, 0, 2, 1, 0, 0, 2, 2, 0, 2, 0, 2, 1, 0, 0, 2, 1, 0, 2, 2, 0, 2, 2, 0, 1, 2, 1, 1, 0, 0, 1, 1, 1, 1, 2, 2, 1, 1, 1, 1, 1, 0, 0, 0, 1, 1, 0, 2, 1, 1, 0, 0, 1, 1, 1]|[0, 3, 0, 2, 4, 1, 4, 4, 2, 4, 3, 2, 1, 0, 2, 1, 1, 1, 2, 1, 1, 3, 0, 1, 0, 1, 1, 4, 1, 4, 3, 2, 2, 0, 4, 1, 1, 4, 0, 1, 2, 2, 4, 4, 1, 1, 0, 2, 3, 1, 2, 1, 2, 1, 1, 2, 0, 3, 0, 2, 2, 3, 1, 0, 1, 0, 0, 1, 2, 4, 1, 3, 4, 2, 2, 4, 3, 3, 3, 1, 1, 4, 3, 4, 3, 3, 2, 2, 2, 3, 4, 2, 1, 4, 1, 2, 2, 4, 4, 4]|[0, 2, 0, 1, 3, 0, 1, 3, 0, 0, 2, 0, 1, 0, 1, 0, 0, 0, 1, 0, 0, 2, 0, 0, 1, 0, 0, 3, 0, 1, 0, 2, 0, 0, 3, 0, 1, 3, 1, 0, 0, 1, 1, 3, 0, 0, 1, 0, 2, 0, 0, 0, 0, 0, 1, 0, 0, 0, 1, 1, 0, 2, 0, 0, 0, 1, 0, 0, 0, 2, 0, 0, 1, 0, 0, 2, 0, 0, 3, 0, 0, 1, 0, 3, 0, 0, 0, 0, 0, 0, 2, 0, 0, 3, 1, 0, 1, 2, 1, 2],866.9720029712151,52518.45829564806,113003.0457177981,false
8,G3_TWC,G3_TWC,[31, 22, 82, 15, 26, 9, 95, 42, 77, 12, 47, 5, 93, 78, 86, 54, 85, 63, 18, 44, 20, 35, 43, 97, 91, 76, 10, 30, 21, 45, 71, 64, 1, 23, 17, 83, 24, 14, 60, 36, 6, 57, 40, 88, 65, 56, 79, 94, 67, 68, 46, 75, 38, 58, 19, 32, 81, 41, 27, 62, 87, 90, 99, 59, 11, 16, 72, 73, 69, 39, 37, 84, 3, 92, 25, 55, 28, 29, 51, 7, 33, 61, 98, 48, 89, 50, 66, 96, 80, 53, 8, 34, 4, 2, 52, 49, 0, 70, 74, 13]|[1, 1, 0, 1, 1, 0, 1, 2, 2, 1, 2, 2, 2, 1, 1, 0, 0, 1, 0, 2, 2, 0, 1, 2, 0, 1, 2, 2, 0, 0, 1, 2, 1, 2, 1, 0, 2, 0, 1, 1, 0, 1, 1, 1, 0, 2, 1, 1, 0, 0, 0, 0, 1, 1, 2, 1, 2, 1, 0, 0, 2, 2, 0, 1, 2, 1, 2, 1, 1, 1, 0, 1, 1, 0, 1, 1, 0, 0, 0, 1, 0, 1, 0, 0, 1, 0, 2, 0, 0, 0, 0, 2, 0, 0, 1, 0, 0, 1, 2, 0]|[4, 3, 2, 2, 4, 1, 2, 2, 2, 4, 1, 1, 2, 4, 4, 1, 2, 4, 2, 1, 1, 1, 1, 2, 1, 2, 1, 1, 1, 1, 3, 2, 3, 0, 4, 0, 1, 1, 0, 3, 2, 2, 2, 0, 1, 1, 0, 4, 0, 1, 2, 2, 1, 0, 0, 3, 2, 4, 1, 2, 2, 1, 1, 1, 1, 3, 0, 4, 4, 1, 1, 1, 1, 0, 4, 4, 2, 1, 1, 1, 2, 3, 1, 1, 1, 1, 1, 1, 1, 2, 1, 1, 2, 2, 1, 1, 2, 3, 1, 2]|[0, 2, 1, 1, 3, 0, 1, 0, 0, 0, 0, 0, 1, 0, 1, 0, 0, 3, 1, 0, 0, 0, 3, 1, 0, 2, 0, 0, 0, 1, 0, 0, 0, 0, 3, 0, 1, 0, 0, 2, 1, 1, 1, 0, 0, 0, 0, 2, 1, 0, 0, 0, 1, 3, 0, 0, 1, 2, 0, 1, 0, 0, 0, 1, 0, 2, 1, 0, 2, 1, 0, 3, 1, 1, 3, 3, 1, 0, 0, 2, 1, 0, 0, 0, 1, 0, 0, 0, 0, 1, 0, 0, 1, 0, 1, 1, 0, 0, 0, 0],847.0427978319374,57842.30893966173,93453.7900685962,false
8,G1_CMAX,G4_BALANCED,[31, 22, 82, 15, 26, 9, 95, 42, 77, 12, 47, 5, 93, 78, 86, 54, 85, 63, 18, 44, 20, 35, 43, 97, 91, 76, 10, 30, 21, 45, 71, 64, 1, 23, 17, 83, 24, 14, 60, 36, 6, 57, 40, 88, 65, 56, 79, 69, 67, 68, 46, 75, 38, 58, 19, 32, 81, 48, 27, 62, 87, 90, 99, 59, 11, 16, 72, 73, 61, 39, 37, 84, 3, 92, 25, 55, 28, 29, 51, 7, 66, 70, 98, 41, 89, 50, 96, 8, 53, 80, 34, 4, 94, 2, 52, 49, 0, 33, 74, 13]|[1, 1, 0, 1, 1, 0, 1, 2, 2, 1, 2, 2, 2, 1, 1, 0, 0, 1, 0, 2, 2, 0, 1, 2, 0, 1, 2, 2, 0, 0, 1, 2, 1, 2, 1, 0, 2, 0, 1, 1, 0, 1, 1, 1, 0, 2, 1, 1, 0, 0, 0, 0, 1, 1, 2, 1, 2, 1, 0, 0, 2, 1, 0, 1, 2, 1, 2, 1, 1, 1, 1, 1, 1, 0, 1, 1, 0, 0, 0, 1, 2, 1, 2, 0, 1, 0, 0, 1, 0, 0, 2, 1, 1, 0, 2, 0, 0, 2, 2, 0]|[4, 3, 2, 2, 4, 1, 2, 2, 2, 4, 1, 1, 2, 4, 4, 1, 2, 4, 2, 1, 1, 1, 1, 2, 1, 2, 1, 1, 1, 1, 3, 2, 3, 0, 4, 0, 1, 1, 0, 3, 2, 2, 2, 0, 1, 1, 0, 4, 0, 1, 2, 2, 1, 0, 0, 3, 2, 4, 1, 2, 2, 3, 1, 1, 1, 3, 0, 4, 3, 1, 4, 1, 1, 0, 4, 4, 2, 1, 1, 1, 1, 3, 1, 1, 1, 1, 1, 3, 2, 1, 1, 4, 4, 2, 1, 1, 2, 1, 1, 2]|[0, 2, 1, 1, 3, 0, 1, 0, 0, 0, 0, 0, 1, 0, 1, 0, 0, 3, 1, 0, 0, 0, 3, 1, 0, 2, 0, 0, 0, 1, 0, 0, 0, 0, 3, 0, 1, 0, 0, 2, 1, 1, 1, 0, 0, 0, 0, 2, 1, 0, 0, 0, 1, 3, 0, 0, 1, 2, 0, 1, 0, 2, 0, 1, 0, 2, 1, 0, 0, 1, 1, 3, 1, 1, 3, 3, 1, 0, 0, 2, 0, 0, 0, 0, 1, 0, 0, 2, 1, 0, 0, 0, 2, 0, 0, 1, 0, 0, 0, 0],776.5399131391675,57058.601018621994,96224.68378322487,true
8,G4_BALANCED,G4_BALANCED,[31, 22, 82, 15, 26, 58, 95, 42, 77, 12, 47, 5, 93, 78, 86, 54, 85, 63, 18, 44, 20, 35, 43, 97, 91, 76, 10, 30, 21, 45, 71, 64, 1, 23, 17, 83, 24, 14, 60, 36, 6, 57, 40, 88, 65, 56, 79, 94, 67, 68, 46, 75, 38, 9, 19, 32, 81, 41, 27, 62, 87, 90, 99, 59, 11, 16, 72, 73, 70, 39, 37, 84, 3, 92, 25, 55, 28, 29, 51, 7, 66, 61, 98, 48, 89, 50, 96, 8, 80, 53, 34, 4, 33, 2, 52, 49, 0, 69, 74, 13]|[1, 1, 0, 1, 1, 0, 1, 2, 2, 1, 2, 2, 2, 1, 1, 0, 0, 1, 0, 2, 2, 0, 1, 2, 0, 1, 2, 2, 0, 0, 1, 2, 1, 2, 1, 0, 2, 0, 1, 1, 0, 1, 1, 1, 0, 2, 1, 1, 0, 0, 0, 0, 1, 1, 2, 1, 2, 1, 0, 0, 2, 1, 0, 1, 2, 1, 2, 1, 1, 1, 1, 1, 1, 0, 1, 1, 0, 0, 0, 1, 2, 1, 2, 0, 1, 0, 0, 1, 0, 0, 2, 1, 2, 0, 1, 0, 0, 1, 2, 0]|[4, 3, 2, 2, 4, 1, 2, 2, 2, 4, 1, 1, 2, 4, 4, 1, 2, 4, 2, 1, 1, 1, 1, 2, 1, 2, 1, 1, 1, 1, 3, 2, 3, 1, 4, 0, 1, 1, 0, 3, 2, 2, 2, 0, 1, 1, 0, 4, 0, 1, 2, 2, 1, 0, 0, 3, 2, 4, 1, 2, 2, 3, 1, 1, 1, 3, 0, 4, 3, 1, 4, 1, 1, 0, 4, 4, 2, 1, 1, 1, 1, 3, 1, 1, 1, 1, 1, 3, 1, 2, 1, 4, 1, 2, 1, 1, 2, 4, 1, 2]|[0, 2, 1, 1, 3, 0, 1, 0, 0, 0, 0, 0, 1, 0, 1, 0, 0, 3, 1, 0, 0, 0, 3, 1, 0, 2, 0, 0, 0, 1, 0, 0, 0, 0, 3, 0, 1, 0, 0, 2, 1, 1, 1, 0, 0, 0, 0, 2, 1, 0, 0, 0, 1, 3, 0, 0, 1, 2, 0, 1, 0, 2, 0, 1, 0, 2, 1, 0, 0, 1, 1, 3, 1, 1, 3, 3, 1, 0, 0, 2, 0, 0, 0, 0, 1, 0, 0, 2, 0, 1, 0, 0, 0, 0, 1, 1, 0, 2, 0, 0],765.9990607008382,57213.806194498815,96238.34283731865,false
8,G2_TEC,G2_TEC,[31, 22, 82, 15, 26, 9, 95, 42, 77, 68, 47, 5, 93, 78, 86, 54, 85, 63, 18, 44, 20, 49, 36, 14, 74, 50, 53, 17, 21, 45, 71, 64, 3, 23, 30, 83, 24, 41, 60, 52, 65, 27, 90, 70, 39, 87, 48, 69, 99, 4, 46, 1, 13, 58, 97, 59, 28, 8, 73, 37, 35, 79, 11, 66, 76, 57, 40, 80, 96, 6, 16, 61, 33, 98, 32, 34, 12, 67, 10, 7, 56, 88, 51, 19, 91, 29, 75, 92, 38, 62, 43, 55, 2, 25, 81, 0, 84, 94, 89, 72]|[2, 1, 2, 1, 1, 2, 1, 1, 1, 1, 1, 0, 2, 2, 1, 2, 0, 0, 0, 2, 2, 1, 0, 2, 0, 2, 2, 1, 0, 1, 1, 1, 0, 0, 1, 0, 2, 1, 2, 2, 0, 1, 1, 1, 0, 2, 0, 2, 1, 0, 0, 2, 2, 0, 2, 0, 2, 1, 0, 0, 2, 1, 0, 2, 2, 0, 2, 2, 0, 1, 2, 1, 1, 0, 0, 1, 1, 1, 1, 2, 2, 1, 1, 1, 1, 1, 0, 0, 0, 1, 1, 0, 2, 1, 1, 0, 0, 1, 1, 1]|[0, 3, 0, 2, 4, 1, 4, 4, 2, 4, 3, 2, 1, 0, 2, 1, 1, 1, 2, 1, 1, 3, 0, 1, 0, 1, 1, 4, 1, 4, 3, 2, 2, 0, 4, 1, 1, 4, 0, 1, 2, 2, 4, 4, 1, 1, 0, 2, 3, 1, 2, 1, 2, 1, 1, 2, 0, 3, 0, 2, 2, 3, 1, 0, 1, 0, 0, 1, 2, 4, 1, 3, 4, 2, 2, 4, 3, 3, 3, 1, 1, 4, 3, 4, 3, 3, 2, 2, 2, 3, 4, 2, 1, 4, 1, 2, 2, 4, 4, 4]|[0, 2, 0, 1, 3, 0, 1, 3, 0, 0, 2, 0, 1, 0, 1, 0, 0, 0, 1, 0, 0, 2, 0, 0, 1, 0, 0, 3, 0, 1, 0, 2, 0, 0, 3, 0, 1, 3, 1, 0, 0, 1, 1, 3, 0, 0, 1, 0, 2, 0, 0, 0, 0, 0, 1, 0, 0, 0, 1, 1, 0, 2, 0, 0, 0, 1, 0, 0, 0, 2, 0, 0, 1, 0, 0, 2, 0, 0, 3, 0, 0, 1, 0, 3, 0, 0, 0, 0, 0, 0, 2, 0, 0, 3, 1, 0, 1, 2, 1, 2],866.9720029712151,52518.45829564806,113003.0457177981,false
8,G3_TWC,G3_TWC,[31, 22, 82, 15, 26, 9, 95, 42, 77, 12, 47, 5, 93, 78, 86, 54, 85, 63, 18, 44, 20, 35, 43, 97, 91, 76, 10, 30, 21, 45, 71, 64, 1, 23, 17, 83, 24, 14, 60, 36, 6, 57, 40, 88, 65, 56, 79, 94, 67, 68, 46, 75, 38, 58, 19, 32, 81, 41, 27, 62, 87, 90, 99, 59, 11, 16, 72, 73, 69, 39, 37, 84, 3, 92, 25, 55, 28, 29, 51, 7, 33, 61, 98, 48, 89, 50, 66, 96, 80, 53, 8, 34, 4, 2, 52, 49, 0, 70, 74, 13]|[1, 1, 0, 1, 1, 0, 1, 2, 2, 1, 2, 2, 2, 1, 1, 0, 0, 1, 0, 2, 2, 0, 1, 2, 0, 1, 2, 2, 0, 0, 1, 2, 1, 2, 1, 0, 2, 0, 1, 1, 0, 1, 1, 1, 0, 2, 1, 1, 0, 0, 0, 0, 1, 1, 2, 1, 2, 1, 0, 0, 2, 2, 0, 1, 2, 1, 2, 1, 1, 1, 0, 1, 1, 0, 1, 1, 0, 0, 0, 1, 0, 1, 0, 0, 1, 0, 2, 0, 0, 0, 0, 2, 0, 0, 1, 0, 0, 1, 2, 0]|[4, 3, 2, 2, 4, 1, 2, 2, 2, 4, 1, 1, 2, 4, 4, 1, 2, 4, 2, 1, 1, 1, 1, 2, 1, 2, 1, 1, 1, 1, 3, 2, 3, 0, 4, 0, 1, 1, 0, 3, 2, 2, 2, 0, 1, 1, 0, 4, 0, 1, 2, 2, 1, 0, 0, 3, 2, 4, 1, 2, 2, 1, 1, 1, 1, 3, 0, 4, 4, 1, 1, 1, 1, 0, 4, 4, 2, 1, 1, 1, 2, 3, 1, 1, 1, 1, 1, 1, 1, 2, 1, 1, 2, 2, 1, 1, 2, 3, 1, 2]|[0, 2, 1, 1, 3, 0, 1, 0, 0, 0, 0, 0, 1, 0, 1, 0, 0, 3, 1, 0, 0, 0, 3, 1, 0, 2, 0, 0, 0, 1, 0, 0, 0, 0, 3, 0, 1, 0, 0, 2, 1, 1, 1, 0, 0, 0, 0, 2, 1, 0, 0, 0, 1, 3, 0, 0, 1, 2, 0, 1, 0, 0, 0, 1, 0, 2, 1, 0, 2, 1, 0, 3, 1, 1, 3, 3, 1, 0, 0, 2, 1, 0, 0, 0, 1, 0, 0, 0, 0, 1, 0, 0, 1, 0, 1, 1, 0, 0, 0, 0],847.0427978319374,57842.30893966173,93453.7900685962,false
8,G1_CMAX,G1_CMAX,[31, 22, 82, 15, 26, 9, 95, 42, 77, 12, 47, 5, 93, 78, 86, 54, 85, 63, 18, 44, 20, 35, 43, 97, 91, 76, 10, 30, 21, 45, 71, 64, 1, 23, 17, 83, 24, 41, 60, 36, 6, 57, 40, 88, 65, 56, 79, 69, 67, 68, 46, 75, 38, 58, 19, 32, 81, 48, 27, 62, 87, 90, 99, 59, 11, 16, 72, 73, 70, 39, 37, 84, 3, 92, 25, 55, 28, 29, 51, 7, 66, 61, 98, 14, 89, 50, 8, 96, 53, 80, 34, 4, 33, 2, 52, 49, 0, 94, 74, 13]|[1, 1, 0, 1, 1, 0, 1, 2, 2, 1, 2, 2, 2, 1, 1, 0, 0, 1, 0, 2, 2, 0, 1, 2, 0, 1, 2, 2, 0, 0, 1, 2, 1, 2, 1, 0, 2, 0, 1, 1, 0, 1, 1, 1, 0, 2, 1, 2, 0, 0, 0, 0, 1, 1, 2, 1, 2, 1, 0, 0, 2, 1, 0, 1, 2, 1, 2, 1, 1, 1, 1, 1, 1, 0, 1, 1, 0, 0, 0, 1, 2, 1, 0, 0, 1, 0, 1, 1, 0, 0, 2, 1, 2, 0, 2, 0, 0, 1, 2, 0]|[4, 3, 2, 2, 4, 1, 2, 2, 2, 4, 1, 1, 2, 4, 4, 1, 2, 4, 2, 1, 1, 1, 1, 2, 1, 2, 1, 1, 1, 1, 3, 2, 3, 0, 4, 0, 1, 1, 0, 3, 2, 2, 2, 0, 1, 1, 0, 2, 0, 1, 2, 2, 1, 0, 0, 3, 2, 4, 1, 2, 2, 3, 1, 1, 1, 3, 0, 4, 3, 1, 4, 1, 1, 0, 4, 4, 2, 1, 1, 1, 1, 3, 1, 1, 1, 1, 3, 1, 2, 1, 1, 4, 1, 2, 1, 1, 2, 4, 1, 2]|[0, 2, 1, 1, 3, 0, 1, 0, 0, 0, 0, 0, 1, 0, 1, 0, 0, 3, 1, 0, 0, 0, 3, 1, 0, 2, 0, 0, 0, 1, 0, 0, 0, 0, 3, 0, 1, 0, 0, 2, 1, 1, 1, 0, 0, 0, 0, 0, 1, 0, 0, 0, 1, 3, 0, 0, 1, 2, 0, 1, 0, 2, 0, 1, 0, 2, 1, 0, 0, 1, 1, 3, 1, 1, 3, 3, 1, 0, 0, 2, 0, 0, 0, 0, 1, 0, 2, 1, 1, 0, 0, 0, 0, 0, 0, 1, 0, 2, 0, 0],770.3797048836531,56951.295602926846,98987.60494274613,false
8,G4_BALANCED,G4_BALANCED,[31, 22, 82, 15, 26, 58, 95, 42, 77, 12, 47, 5, 93, 78, 86, 54, 85, 63, 18, 44, 20, 35, 43, 97, 91, 76, 10, 30, 21, 45, 71, 64, 1, 23, 17, 83, 24, 14, 60, 36, 6, 57, 40, 88, 65, 56, 79, 94, 67, 68, 46, 75, 38, 9, 19, 32, 81, 41, 27, 62, 87, 90, 99, 59, 11, 16, 72, 73, 70, 39, 37, 84, 3, 92, 25, 55, 28, 29, 51, 7, 66, 61, 98, 48, 89, 50, 96, 8, 80, 53, 34, 4, 33, 2, 52, 49, 0, 69, 74, 13]|[1, 1, 0, 1, 1, 0, 1, 2, 2, 1, 2, 2, 2, 1, 1, 0, 0, 1, 0, 2, 2, 0, 1, 2, 0, 1, 2, 2, 0, 0, 1, 2, 1, 2, 1, 0, 2, 0, 1, 1, 0, 1, 1, 1, 0, 2, 1, 1, 0, 0, 0, 0, 1, 1, 2, 1, 2, 1, 0, 0, 2, 1, 0, 1, 2, 1, 2, 1, 1, 1, 1, 1, 1, 0, 1, 1, 0, 0, 0, 1, 2, 1, 2, 0, 1, 0, 0, 1, 0, 0, 2, 1, 2, 0, 1, 0, 0, 1, 2, 0]|[4, 3, 2, 2, 4, 1, 2, 2, 2, 4, 1, 1, 2, 4, 4, 1, 2, 4, 2, 1, 1, 1, 1, 2, 1, 2, 1, 1, 1, 1, 3, 2, 3, 1, 4, 0, 1, 1, 0, 3, 2, 2, 2, 0, 1, 1, 0, 4, 0, 1, 2, 2, 1, 0, 0, 3, 2, 4, 1, 2, 2, 3, 1, 1, 1, 3, 0, 4, 3, 1, 4, 1, 1, 0, 4, 4, 2, 1, 1, 1, 1, 3, 1, 1, 1, 1, 1, 3, 1, 2, 1, 4, 1, 2, 1, 1, 2, 4, 1, 2]|[0, 2, 1, 1, 3, 0, 1, 0, 0, 0, 0, 0, 1, 0, 1, 0, 0, 3, 1, 0, 0, 0, 3, 1, 0, 2, 0, 0, 0, 1, 0, 0, 0, 0, 3, 0, 1, 0, 0, 2, 1, 1, 1, 0, 0, 0, 0, 2, 1, 0, 0, 0, 1, 3, 0, 0, 1, 2, 0, 1, 0, 2, 0, 1, 0, 2, 1, 0, 0, 1, 1, 3, 1, 1, 3, 3, 1, 0, 0, 2, 0, 0, 0, 0, 1, 0, 0, 2, 0, 1, 0, 0, 0, 0, 1, 1, 0, 2, 0, 0],765.9990607008382,57213.806194498815,96238.34283731865,false
8,G2_TEC,G2_TEC,[31, 22, 82, 15, 26, 9, 95, 42, 77, 68, 47, 5, 93, 78, 86, 54, 85, 63, 18, 44, 20, 49, 36, 14, 74, 50, 53, 17, 21, 45, 71, 64, 3, 23, 30, 83, 24, 41, 60, 52, 65, 27, 90, 70, 39, 87, 48, 69, 99, 4, 46, 1, 13, 58, 97, 59, 28, 8, 73, 37, 35, 79, 11, 66, 76, 57, 40, 80, 96, 6, 16, 61, 33, 98, 32, 34, 12, 67, 10, 7, 56, 88, 51, 19, 91, 29, 75, 92, 38, 62, 43, 55, 2, 25, 81, 0, 84, 94, 89, 72]|[2, 1, 2, 1, 1, 2, 1, 1, 1, 1, 1, 0, 2, 2, 1, 2, 0, 0, 0, 2, 2, 1, 0, 2, 0, 2, 2, 1, 0, 1, 1, 1, 0, 0, 1, 0, 2, 1, 2, 2, 0, 1, 1, 1, 0, 2, 0, 2, 1, 0, 0, 2, 2, 0, 2, 0, 2, 1, 0, 0, 2, 1, 0, 2, 2, 0, 2, 2, 0, 1, 2, 1, 1, 0, 0, 1, 1, 1, 1, 2, 2, 1, 1, 1, 1, 1, 0, 0, 0, 1, 1, 0, 2, 1, 1, 0, 0, 1, 1, 1]|[0, 3, 0, 2, 4, 1, 4, 4, 2, 4, 3, 2, 1, 0, 2, 1, 1, 1, 2, 1, 1, 3, 0, 1, 0, 1, 1, 4, 1, 4, 3, 2, 2, 0, 4, 1, 1, 4, 0, 1, 2, 2, 4, 4, 1, 1, 0, 2, 3, 1, 2, 1, 2, 1, 1, 2, 0, 3, 0, 2, 2, 3, 1, 0, 1, 0, 0, 1, 2, 4, 1, 3, 4, 2, 2, 4, 3, 3, 3, 1, 1, 4, 3, 4, 3, 3, 2, 2, 2, 3, 4, 2, 1, 4, 1, 2, 2, 4, 4, 4]|[0, 2, 0, 1, 3, 0, 1, 3, 0, 0, 2, 0, 1, 0, 1, 0, 0, 0, 1, 0, 0, 2, 0, 0, 1, 0, 0, 3, 0, 1, 0, 2, 0, 0, 3, 0, 1, 3, 1, 0, 0, 1, 1, 3, 0, 0, 1, 0, 2, 0, 0, 0, 0, 0, 1, 0, 0, 0, 1, 1, 0, 2, 0, 0, 0, 1, 0, 0, 0, 2, 0, 0, 1, 0, 0, 2, 0, 0, 3, 0, 0, 1, 0, 3, 0, 0, 0, 0, 0, 0, 2, 0, 0, 3, 1, 0, 1, 2, 1, 2],866.9720029712151,52518.45829564806,113003.0457177981,false
8,G3_TWC,G3_TWC,[31, 22, 82, 15, 26, 9, 95, 42, 77, 12, 47, 5, 93, 78, 86, 54, 85, 63, 18, 44, 20, 35, 43, 97, 91, 76, 10, 30, 21, 45, 71, 64, 1, 23, 17, 83, 24, 14, 60, 36, 6, 57, 40, 88, 65, 56, 79, 94, 67, 68, 46, 75, 38, 58, 19, 32, 81, 41, 27, 62, 87, 90, 99, 59, 11, 16, 72, 73, 69, 39, 37, 84, 3, 92, 25, 55, 28, 29, 51, 7, 33, 61, 98, 48, 89, 50, 66, 96, 80, 53, 8, 34, 4, 2, 52, 49, 0, 70, 74, 13]|[1, 1, 0, 1, 1, 0, 1, 2, 2, 1, 2, 2, 2, 1, 1, 0, 0, 1, 0, 2, 2, 0, 1, 2, 0, 1, 2, 2, 0, 0, 1, 2, 1, 2, 1, 0, 2, 0, 1, 1, 0, 1, 1, 1, 0, 2, 1, 1, 0, 0, 0, 0, 1, 1, 2, 1, 2, 1, 0, 0, 2, 2, 0, 1, 2, 1, 2, 1, 1, 1, 0, 1, 1, 0, 1, 1, 0, 0, 0, 1, 0, 1, 0, 0, 1, 0, 2, 0, 0, 0, 0, 2, 0, 0, 1, 0, 0, 1, 2, 0]|[4, 3, 2, 2, 4, 1, 2, 2, 2, 4, 1, 1, 2, 4, 4, 1, 2, 4, 2, 1, 1, 1, 1, 2, 1, 2, 1, 1, 1, 1, 3, 2, 3, 0, 4, 0, 1, 1, 0, 3, 2, 2, 2, 0, 1, 1, 0, 4, 0, 1, 2, 2, 1, 0, 0, 3, 2, 4, 1, 2, 2, 1, 1, 1, 1, 3, 0, 4, 4, 1, 1, 1, 1, 0, 4, 4, 2, 1, 1, 1, 2, 3, 1, 1, 1, 1, 1, 1, 1, 2, 1, 1, 2, 2, 1, 1, 2, 3, 1, 2]|[0, 2, 1, 1, 3, 0, 1, 0, 0, 0, 0, 0, 1, 0, 1, 0, 0, 3, 1, 0, 0, 0, 3, 1, 0, 2, 0, 0, 0, 1, 0, 0, 0, 0, 3, 0, 1, 0, 0, 2, 1, 1, 1, 0, 0, 0, 0, 2, 1, 0, 0, 0, 1, 3, 0, 0, 1, 2, 0, 1, 0, 0, 0, 1, 0, 2, 1, 0, 2, 1, 0, 3, 1, 1, 3, 3, 1, 0, 0, 2, 1, 0, 0, 0, 1, 0, 0, 0, 0, 1, 0, 0, 1, 0, 1, 1, 0, 0, 0, 0],847.0427978319374,57842.30893966173,93453.7900685962,false
8,G1_CMAX,G4_BALANCED,[31, 22, 82, 15, 26, 9, 95, 42, 77, 12, 47, 5, 93, 78, 86, 54, 85, 63, 18, 44, 20, 35, 43, 97, 91, 76, 10, 30, 21, 45, 71, 64, 1, 23, 17, 83, 24, 14, 60, 36, 6, 57, 40, 88, 65, 56, 79, 69, 67, 68, 46, 75, 38, 58, 19, 32, 81, 48, 27, 62, 87, 90, 99, 59, 11, 16, 72, 73, 70, 39, 37, 84, 3, 92, 25, 55, 28, 29, 51, 7, 66, 61, 98, 41, 89, 50, 33, 96, 80, 53, 8, 4, 13, 2, 52, 49, 0, 94, 74, 34]|[1, 1, 0, 1, 1, 0, 1, 2, 2, 1, 2, 2, 2, 1, 1, 0, 0, 1, 0, 2, 2, 0, 1, 2, 0, 1, 2, 2, 0, 0, 1, 2, 1, 0, 1, 0, 2, 0, 1, 1, 0, 1, 1, 1, 0, 2, 1, 1, 0, 0, 0, 0, 1, 1, 2, 1, 2, 1, 0, 0, 2, 1, 0, 1, 2, 1, 2, 1, 1, 1, 1, 1, 1, 0, 1, 1, 1, 0, 0, 1, 2, 1, 0, 0, 1, 0, 2, 0, 0, 0, 1, 1, 0, 0, 2, 0, 0, 1, 2, 2]|[4, 3, 2, 2, 4, 1, 2, 2, 2, 4, 1, 1, 2, 4, 4, 1, 2, 4, 2, 1, 1, 1, 1, 2, 1, 2, 1, 1, 1, 1, 3, 2, 3, 0, 4, 0, 1, 1, 0, 3, 2, 2, 2, 0, 1, 1, 0, 4, 0, 1, 2, 2, 1, 4, 0, 3, 2, 4, 1, 2, 2, 3, 1, 1, 1, 3, 0, 4, 3, 1, 4, 1, 1, 0, 4, 4, 4, 1, 1, 1, 1, 3, 1, 1, 1, 1, 1, 1, 1, 2, 3, 4, 2, 2, 1, 1, 2, 4, 1, 1]|[0, 2, 1, 1, 3, 0, 1, 0, 0, 0, 0, 0, 1, 0, 1, 0, 0, 3, 1, 0, 0, 0, 3, 1, 0, 2, 0, 0, 0, 1, 0, 0, 0, 0, 3, 0, 1, 0, 0, 2, 1, 1, 1, 0, 0, 0, 0, 2, 1, 0, 0, 0, 1, 3, 0, 0, 1, 2, 0, 1, 0, 2, 0, 1, 0, 2, 1, 0, 0, 1, 1, 3, 1, 1, 3, 3, 1, 0, 0, 2, 0, 0, 0, 0, 1, 0, 0, 0, 0, 1, 2, 0, 0, 0, 0, 1, 0, 2, 0, 0],826.2261902830592,56134.103229716726,100305.83591844409,true
8,G4_BALANCED,G4_BALANCED,[31, 22, 82, 15, 26, 58, 95, 42, 77, 12, 47, 5, 93, 78, 86, 54, 85, 63, 18, 44, 20, 35, 43, 97, 91, 76, 10, 30, 21, 45, 71, 64, 1, 23, 17, 83, 24, 14, 60, 36, 6, 57, 40, 88, 65, 56, 79, 94, 67, 68, 46, 75, 38, 9, 19, 32, 81, 41, 27, 62, 87, 90, 99, 59, 11, 16, 72, 73, 70, 39, 37, 84, 3, 92, 25, 55, 28, 29, 51, 7, 66, 61, 98, 48, 89, 50, 96, 8, 80, 53, 34, 4, 33, 2, 52, 49, 0, 69, 74, 13]|[1, 1, 0, 1, 1, 0, 1, 2, 2, 1, 2, 2, 2, 1, 1, 0, 0, 1, 0, 2, 2, 0, 1, 2, 0, 1, 2, 2, 0, 0, 1, 2, 1, 2, 1, 0, 2, 0, 1, 1, 0, 1, 1, 1, 0, 2, 1, 1, 0, 0, 0, 0, 1, 1, 2, 1, 2, 1, 0, 0, 2, 1, 0, 1, 2, 1, 2, 1, 1, 1, 1, 1, 1, 0, 1, 1, 0, 0, 0, 1, 2, 1, 2, 0, 1, 0, 0, 1, 0, 0, 2, 1, 2, 0, 1, 0, 0, 1, 2, 0]|[4, 3, 2, 2, 4, 1, 2, 2, 2, 4, 1, 1, 2, 4, 4, 1, 2, 4, 2, 1, 1, 1, 1, 2, 1, 2, 1, 1, 1, 1, 3, 2, 3, 1, 4, 0, 1, 1, 0, 3, 2, 2, 2, 0, 1, 1, 0, 4, 0, 1, 2, 2, 1, 0, 0, 3, 2, 4, 1, 2, 2, 3, 1, 1, 1, 3, 0, 4, 3, 1, 4, 1, 1, 0, 4, 4, 2, 1, 1, 1, 1, 3, 1, 1, 1, 1, 1, 3, 1, 2, 1, 4, 1, 2, 1, 1, 2, 4, 1, 2]|[0, 2, 1, 1, 3, 0, 1, 0, 0, 0, 0, 0, 1, 0, 1, 0, 0, 3, 1, 0, 0, 0, 3, 1, 0, 2, 0, 0, 0, 1, 0, 0, 0, 0, 3, 0, 1, 0, 0, 2, 1, 1, 1, 0, 0, 0, 0, 2, 1, 0, 0, 0, 1, 3, 0, 0, 1, 2, 0, 1, 0, 2, 0, 1, 0, 2, 1, 0, 0, 1, 1, 3, 1, 1, 3, 3, 1, 0, 0, 2, 0, 0, 0, 0, 1, 0, 0, 2, 0, 1, 0, 0, 0, 0, 1, 1, 0, 2, 0, 0],765.9990607008382,57213.806194498815,96238.34283731865,false
8,G2_TEC,G2_TEC,[31, 22, 82, 15, 26, 9, 95, 42, 77, 68, 47, 5, 93, 78, 86, 54, 85, 63, 18, 44, 20, 49, 36, 14, 74, 50, 53, 17, 21, 45, 71, 64, 3, 23, 30, 83, 24, 41, 60, 52, 65, 27, 90, 70, 39, 87, 48, 69, 99, 4, 46, 1, 13, 58, 97, 59, 28, 8, 73, 37, 35, 79, 11, 66, 76, 57, 40, 80, 96, 6, 16, 61, 33, 98, 32, 34, 12, 67, 10, 7, 56, 88, 51, 19, 91, 29, 75, 92, 38, 62, 43, 55, 2, 25, 81, 0, 84, 94, 89, 72]|[2, 1, 2, 1, 1, 2, 1, 1, 1, 1, 1, 0, 2, 2, 1, 2, 0, 0, 0, 2, 2, 1, 0, 2, 0, 2, 2, 1, 0, 1, 1, 1, 0, 0, 1, 0, 2, 1, 2, 2, 0, 1, 1, 1, 0, 2, 0, 2, 1, 0, 0, 2, 2, 0, 2, 0, 2, 1, 0, 0, 2, 1, 0, 2, 2, 0, 2, 2, 0, 1, 2, 1, 1, 0, 0, 1, 1, 1, 1, 2, 2, 1, 1, 1, 1, 1, 0, 0, 0, 1, 1, 0, 2, 1, 1, 0, 0, 1, 1, 1]|[0, 3, 0, 2, 4, 1, 4, 4, 2, 4, 3, 2, 1, 0, 2, 1, 1, 1, 2, 1, 1, 3, 0, 1, 0, 1, 1, 4, 1, 4, 3, 2, 2, 0, 4, 1, 1, 4, 0, 1, 2, 2, 4, 4, 1, 1, 0, 2, 3, 1, 2, 1, 2, 1, 1, 2, 0, 3, 0, 2, 2, 3, 1, 0, 1, 0, 0, 1, 2, 4, 1, 3, 4, 2, 2, 4, 3, 3, 3, 1, 1, 4, 3, 4, 3, 3, 2, 2, 2, 3, 4, 2, 1, 4, 1, 2, 2, 4, 4, 4]|[0, 2, 0, 1, 3, 0, 1, 3, 0, 0, 2, 0, 1, 0, 1, 0, 0, 0, 1, 0, 0, 2, 0, 0, 1, 0, 0, 3, 0, 1, 0, 2, 0, 0, 3, 0, 1, 3, 1, 0, 0, 1, 1, 3, 0, 0, 1, 0, 2, 0, 0, 0, 0, 0, 1, 0, 0, 0, 1, 1, 0, 2, 0, 0, 0, 1, 0, 0, 0, 2, 0, 0, 1, 0, 0, 2, 0, 0, 3, 0, 0, 1, 0, 3, 0, 0, 0, 0, 0, 0, 2, 0, 0, 3, 1, 0, 1, 2, 1, 2],866.9720029712151,52518.45829564806,113003.0457177981,false
8,G3_TWC,G3_TWC,[31, 22, 82, 15, 26, 9, 95, 42, 77, 12, 47, 5, 93, 78, 86, 54, 85, 63, 18, 44, 20, 35, 43, 97, 91, 76, 10, 30, 21, 45, 71, 64, 1, 23, 17, 83, 24, 14, 60, 36, 6, 57, 40, 88, 65, 56, 79, 94, 67, 68, 46, 75, 38, 58, 19, 32, 81, 41, 27, 62, 87, 90, 99, 59, 11, 16, 72, 73, 69, 39, 37, 84, 3, 92, 25, 55, 28, 29, 51, 7, 33, 61, 98, 48, 89, 50, 66, 96, 80, 53, 8, 34, 4, 2, 52, 49, 0, 70, 74, 13]|[1, 1, 0, 1, 1, 0, 1, 2, 2, 1, 2, 2, 2, 1, 1, 0, 0, 1, 0, 2, 2, 0, 1, 2, 0, 1, 2, 2, 0, 0, 1, 2, 1, 2, 1, 0, 2, 0, 1, 1, 0, 1, 1, 1, 0, 2, 1, 1, 0, 0, 0, 0, 1, 1, 2, 1, 2, 1, 0, 0, 2, 2, 0, 1, 2, 1, 2, 1, 1, 1, 0, 1, 1, 0, 1, 1, 0, 0, 0, 1, 0, 1, 0, 0, 1, 0, 2, 0, 0, 0, 0, 2, 0, 0, 1, 0, 0, 1, 2, 0]|[4, 3, 2, 2, 4, 1, 2, 2, 2, 4, 1, 1, 2, 4, 4, 1, 2, 4, 2, 1, 1, 1, 1, 2, 1, 2, 1, 1, 1, 1, 3, 2, 3, 0, 4, 0, 1, 1, 0, 3, 2, 2, 2, 0, 1, 1, 0, 4, 0, 1, 2, 2, 1, 0, 0, 3, 2, 4, 1, 2, 2, 1, 1, 1, 1, 3, 0, 4, 4, 1, 1, 1, 1, 0, 4, 4, 2, 1, 1, 1, 2, 3, 1, 1, 1, 1, 1, 1, 1, 2, 1, 1, 2, 2, 1, 1, 2, 3, 1, 2]|[0, 2, 1, 1, 3, 0, 1, 0, 0, 0, 0, 0, 1, 0, 1, 0, 0, 3, 1, 0, 0, 0, 3, 1, 0, 2, 0, 0, 0, 1, 0, 0, 0, 0, 3, 0, 1, 0, 0, 2, 1, 1, 1, 0, 0, 0, 0, 2, 1, 0, 0, 0, 1, 3, 0, 0, 1, 2, 0, 1, 0, 0, 0, 1, 0, 2, 1, 0, 2, 1, 0, 3, 1, 1, 3, 3, 1, 0, 0, 2, 1, 0, 0, 0, 1, 0, 0, 0, 0, 1, 0, 0, 1, 0, 1, 1, 0, 0, 0, 0],847.0427978319374,57842.30893966173,93453.7900685962,false
8,G1_CMAX,G4_BALANCED,[31, 22, 82, 15, 26, 58, 95, 42, 77, 12, 47, 5, 93, 78, 86, 54, 85, 63, 18, 44, 20, 35, 43, 97, 91, 76, 10, 30, 21, 45, 71, 64, 1, 23, 17, 83, 24, 14, 60, 36, 6, 57, 40, 88, 65, 56, 79, 94, 67, 68, 46, 75, 38, 9, 19, 32, 81, 41, 27, 62, 87, 90, 99, 59, 11, 16, 72, 73, 61, 39, 37, 84, 3, 92, 25, 55, 28, 29, 51, 7, 66, 70, 98, 48, 8, 50, 96, 89, 53, 80, 34, 52, 33, 2, 4, 49, 0, 69, 74, 13]|[1, 1, 0, 1, 1, 0, 1, 2, 2, 1, 2, 2, 2, 1, 1, 0, 0, 1, 0, 2, 2, 0, 1, 2, 0, 1, 2, 2, 0, 0, 1, 2, 1, 2, 1, 0, 2, 0, 1, 1, 0, 1, 1, 1, 0, 2, 1, 1, 0, 0, 0, 0, 1, 1, 2, 1, 2, 1, 0, 0, 2, 1, 0, 1, 2, 1, 2, 1, 1, 1, 1, 1, 1, 0, 1, 1, 0, 0, 0, 1, 2, 1, 2, 0, 1, 0, 0, 1, 0, 0, 2, 1, 2, 0, 1, 0, 0, 1, 2, 0]|[4, 3, 2, 2, 4, 1, 2, 2, 2, 4, 1, 1, 2, 4, 4, 1, 2, 4, 2, 1, 1, 1, 1, 2, 1, 2, 1, 1, 1, 1, 3, 2, 3, 0, 4, 0, 1, 1, 0, 3, 2, 2, 2, 0, 1, 1, 0, 4, 0, 1, 2, 2, 1, 0, 0, 3, 2, 4, 1, 2, 2, 3, 1, 1, 1, 3, 0, 4, 3, 1, 4, 1, 1, 0, 4, 4, 2, 1, 1, 1, 1, 3, 1, 1, 3, 1, 1, 1, 2, 1, 1, 1, 1, 2, 4, 1, 2, 4, 1, 2]|[0, 2, 1, 1, 3, 0, 1, 0, 0, 0, 0, 0, 1, 0, 1, 0, 0, 3, 1, 0, 0, 0, 3, 1, 0, 2, 0, 0, 0, 1, 0, 0, 0, 0, 3, 0, 1, 0, 0, 2, 1, 1, 1, 0, 0, 0, 0, 2, 1, 0, 0, 0, 1, 3, 0, 0, 1, 2, 0, 1, 0, 2, 0, 1, 0, 2, 1, 0, 0, 1, 1, 3, 1, 1, 3, 3, 1, 0, 0, 2, 0, 0, 0, 0, 2, 0, 0, 1, 1, 0, 0, 1, 0, 0, 0, 1, 0, 2, 0, 0],765.7755061849585,57460.7953952738,95309.49166641614,true
8,G4_BALANCED,G4_BALANCED,[31, 22, 82, 15, 26, 58, 95, 42, 77, 12, 47, 5, 93, 78, 86, 54, 85, 63, 18, 44, 20, 35, 43, 97, 91, 76, 10, 30, 21, 45, 71, 64, 1, 23, 17, 83, 24, 14, 60, 36, 6, 57, 40, 88, 65, 56, 79, 94, 67, 68, 46, 75, 38, 9, 19, 32, 81, 41, 27, 62, 87, 90, 99, 59, 11, 16, 72, 73, 70, 39, 37, 84, 3, 92, 25, 55, 28, 29, 51, 7, 66, 61, 98, 48, 89, 50, 96, 8, 80, 53, 34, 4, 33, 2, 52, 49, 0, 69, 74, 13]|[1, 1, 0, 1, 1, 0, 1, 2, 2, 1, 2, 2, 2, 1, 1, 0, 0, 1, 0, 2, 2, 0, 1, 2, 0, 1, 2, 2, 0, 0, 1, 2, 1, 2, 1, 0, 2, 0, 1, 1, 0, 1, 1, 1, 0, 2, 1, 1, 0, 0, 0, 0, 1, 1, 2, 1, 2, 1, 0, 0, 2, 1, 0, 1, 2, 1, 2, 1, 1, 1, 1, 1, 1, 0, 1, 1, 0, 0, 0, 1, 2, 1, 2, 0, 1, 0, 0, 1, 0, 0, 2, 1, 2, 0, 1, 0, 0, 1, 2, 0]|[4, 3, 2, 2, 4, 1, 2, 2, 2, 4, 1, 1, 2, 4, 4, 1, 2, 4, 2, 1, 1, 1, 1, 2, 1, 2, 1, 1, 1, 1, 3, 2, 3, 1, 4, 0, 1, 1, 0, 3, 2, 2, 2, 0, 1, 1, 0, 4, 0, 1, 2, 2, 1, 0, 0, 3, 2, 4, 1, 2, 2, 3, 1, 1, 1, 3, 0, 4, 3, 1, 4, 1, 1, 0, 4, 4, 2, 1, 1, 1, 1, 3, 1, 1, 1, 1, 1, 3, 1, 2, 1, 4, 1, 2, 1, 1, 2, 4, 1, 2]|[0, 2, 1, 1, 3, 0, 1, 0, 0, 0, 0, 0, 1, 0, 1, 0, 0, 3, 1, 0, 0, 0, 3, 1, 0, 2, 0, 0, 0, 1, 0, 0, 0, 0, 3, 0, 1, 0, 0, 2, 1, 1, 1, 0, 0, 0, 0, 2, 1, 0, 0, 0, 1, 3, 0, 0, 1, 2, 0, 1, 0, 2, 0, 1, 0, 2, 1, 0, 0, 1, 1, 3, 1, 1, 3, 3, 1, 0, 0, 2, 0, 0, 0, 0, 1, 0, 0, 2, 0, 1, 0, 0, 0, 0, 1, 1, 0, 2, 0, 0],765.9990607008382,57213.806194498815,96238.34283731865,false
8,G2_TEC,G2_TEC,[31, 22, 82, 15, 26, 9, 95, 42, 77, 68, 47, 5, 93, 78, 86, 54, 85, 63, 18, 44, 20, 49, 36, 14, 74, 50, 53, 17, 21, 45, 71, 64, 3, 23, 30, 83, 24, 41, 60, 52, 65, 27, 90, 70, 39, 87, 48, 69, 99, 4, 46, 1, 13, 58, 97, 59, 28, 8, 73, 37, 35, 79, 11, 66, 76, 57, 40, 80, 96, 6, 16, 61, 33, 98, 32, 34, 12, 67, 10, 7, 56, 88, 51, 19, 91, 29, 75, 92, 38, 62, 43, 55, 2, 25, 81, 0, 84, 94, 89, 72]|[2, 1, 2, 1, 1, 2, 1, 1, 1, 1, 1, 0, 2, 2, 1, 2, 0, 0, 0, 2, 2, 1, 0, 2, 0, 2, 2, 1, 0, 1, 1, 1, 0, 0, 1, 0, 2, 1, 2, 2, 0, 1, 1, 1, 0, 2, 0, 2, 1, 0, 0, 2, 2, 0, 2, 0, 2, 1, 0, 0, 2, 1, 0, 2, 2, 0, 2, 2, 0, 1, 2, 1, 1, 0, 0, 1, 1, 1, 1, 2, 2, 1, 1, 1, 1, 1, 0, 0, 0, 1, 1, 0, 2, 1, 1, 0, 0, 1, 1, 1]|[0, 3, 0, 2, 4, 1, 4, 4, 2, 4, 3, 2, 1, 0, 2, 1, 1, 1, 2, 1, 1, 3, 0, 1, 0, 1, 1, 4, 1, 4, 3, 2, 2, 0, 4, 1, 1, 4, 0, 1, 2, 2, 4, 4, 1, 1, 0, 2, 3, 1, 2, 1, 2, 1, 1, 2, 0, 3, 0, 2, 2, 3, 1, 0, 1, 0, 0, 1, 2, 4, 1, 3, 4, 2, 2, 4, 3, 3, 3, 1, 1, 4, 3, 4, 3, 3, 2, 2, 2, 3, 4, 2, 1, 4, 1, 2, 2, 4, 4, 4]|[0, 2, 0, 1, 3, 0, 1, 3, 0, 0, 2, 0, 1, 0, 1, 0, 0, 0, 1, 0, 0, 2, 0, 0, 1, 0, 0, 3, 0, 1, 0, 2, 0, 0, 3, 0, 1, 3, 1, 0, 0, 1, 1, 3, 0, 0, 1, 0, 2, 0, 0, 0, 0, 0, 1, 0, 0, 0, 1, 1, 0, 2, 0, 0, 0, 1, 0, 0, 0, 2, 0, 0, 1, 0, 0, 2, 0, 0, 3, 0, 0, 1, 0, 3, 0, 0, 0, 0, 0, 0, 2, 0, 0, 3, 1, 0, 1, 2, 1, 2],866.9720029712151,52518.45829564806,113003.0457177981,false
8,G3_TWC,G3_TWC,[31, 22, 82, 15, 26, 9, 95, 42, 77, 12, 47, 5, 93, 78, 86, 54, 85, 63, 18, 44, 20, 35, 43, 97, 91, 76, 10, 30, 21, 45, 71, 64, 1, 23, 17, 83, 24, 14, 60, 36, 6, 57, 40, 88, 65, 56, 79, 94, 67, 68, 46, 75, 38, 58, 19, 32, 81, 41, 27, 62, 87, 90, 99, 59, 11, 16, 72, 73, 69, 39, 37, 84, 3, 92, 25, 55, 28, 29, 51, 7, 33, 61, 98, 48, 89, 50, 66, 96, 80, 53, 8, 34, 4, 2, 52, 49, 0, 70, 74, 13]|[1, 1, 0, 1, 1, 0, 1, 2, 2, 1, 2, 2, 2, 1, 1, 0, 0, 1, 0, 2, 2, 0, 1, 2, 0, 1, 2, 2, 0, 0, 1, 2, 1, 2, 1, 0, 2, 0, 1, 1, 0, 1, 1, 1, 0, 2, 1, 1, 0, 0, 0, 0, 1, 1, 2, 1, 2, 1, 0, 0, 2, 2, 0, 1, 2, 1, 2, 1, 1, 1, 0, 1, 1, 0, 1, 1, 0, 0, 0, 1, 0, 1, 0, 0, 1, 0, 2, 0, 0, 0, 0, 2, 0, 0, 1, 0, 0, 1, 2, 0]|[4, 3, 2, 2, 4, 1, 2, 2, 2, 4, 1, 1, 2, 4, 4, 1, 2, 4, 2, 1, 1, 1, 1, 2, 1, 2, 1, 1, 1, 1, 3, 2, 3, 0, 4, 0, 1, 1, 0, 3, 2, 2, 2, 0, 1, 1, 0, 4, 0, 1, 2, 2, 1, 0, 0, 3, 2, 4, 1, 2, 2, 1, 1, 1, 1, 3, 0, 4, 4, 1, 1, 1, 1, 0, 4, 4, 2, 1, 1, 1, 2, 3, 1, 1, 1, 1, 1, 1, 1, 2, 1, 1, 2, 2, 1, 1, 2, 3, 1, 2]|[0, 2, 1, 1, 3, 0, 1, 0, 0, 0, 0, 0, 1, 0, 1, 0, 0, 3, 1, 0, 0, 0, 3, 1, 0, 2, 0, 0, 0, 1, 0, 0, 0, 0, 3, 0, 1, 0, 0, 2, 1, 1, 1, 0, 0, 0, 0, 2, 1, 0, 0, 0, 1, 3, 0, 0, 1, 2, 0, 1, 0, 0, 0, 1, 0, 2, 1, 0, 2, 1, 0, 3, 1, 1, 3, 3, 1, 0, 0, 2, 1, 0, 0, 0, 1, 0, 0, 0, 0, 1, 0, 0, 1, 0, 1, 1, 0, 0, 0, 0],847.0427978319374,57842.30893966173,93453.7900685962,false
8,G1_CMAX,G2_TEC,[31, 22, 82, 15, 26, 9, 95, 42, 77, 68, 47, 5, 93, 78, 86, 54, 85, 63, 18, 44, 20, 49, 36, 14, 74, 50, 53, 17, 21, 45, 71, 64, 3, 23, 30, 83, 24, 41, 60, 52, 65, 27, 90, 70, 39, 87, 48, 69, 99, 4, 46, 1, 13, 58, 97, 59, 28, 8, 73, 37, 35, 79, 11, 66, 76, 57, 40, 80, 96, 33, 16, 61, 6, 98, 32, 34, 12, 67, 10, 7, 56, 88, 51, 19, 91, 38, 75, 92, 0, 62, 43, 55, 84, 81, 2, 25, 29, 94, 89, 72]|[2, 1, 2, 1, 1, 2, 1, 1, 1, 1, 1, 0, 2, 2, 1, 2, 0, 0, 0, 2, 2, 1, 0, 2, 0, 2, 2, 1, 0, 1, 1, 1, 0, 0, 1, 0, 2, 1, 2, 2, 0, 1, 1, 1, 0, 2, 0, 2, 1, 0, 0, 2, 0, 0, 2, 0, 2, 1, 0, 0, 2, 1, 0, 2, 2, 0, 2, 2, 0, 1, 2, 1, 1, 0, 0, 1, 1, 1, 1, 2, 2, 1, 1, 1, 1, 2, 0, 0, 0, 1, 1, 0, 0, 1, 2, 1, 1, 1, 1, 1]|[0, 3, 0, 2, 4, 1, 4, 4, 2, 4, 3, 2, 1, 0, 2, 1, 1, 1, 2, 1, 1, 3, 0, 1, 0, 1, 1, 4, 1, 4, 3, 2, 2, 0, 4, 1, 1, 4, 0, 1, 2, 2, 4, 4, 1, 1, 0, 2, 3, 1, 2, 1, 2, 1, 1, 2, 0, 3, 0, 2, 2, 3, 1, 0, 1, 0, 0, 1, 2, 4, 1, 3, 4, 2, 2, 4, 3, 3, 3, 1, 0, 4, 3, 4, 3, 2, 2, 2, 2, 3, 4, 2, 2, 1, 1, 4, 3, 4, 4, 4]|[0, 2, 0, 1, 3, 0, 1, 3, 0, 0, 2, 0, 1, 0, 1, 0, 0, 0, 1, 0, 0, 2, 0, 0, 1, 0, 0, 3, 0, 1, 0, 2, 0, 0, 3, 0, 1, 3, 1, 0, 0, 1, 1, 3, 0, 0, 1, 0, 2, 0, 0, 0, 0, 0, 1, 0, 0, 0, 1, 1, 0, 2, 0, 0, 0, 1, 0, 0, 0, 2, 0, 0, 1, 0, 0, 2, 0, 0, 3, 0, 0, 1, 0, 3, 0, 0, 0, 0, 0, 0, 2, 0, 1, 1, 0, 3, 0, 2, 1, 2],857.7811969179126,52820.06623126542,116518.87641432899,true
8,G4_BALANCED,G4_BALANCED,[31, 22, 82, 15, 26, 58, 95, 42, 77, 12, 47, 5, 93, 78, 86, 54, 85, 63, 18, 44, 20, 35, 43, 97, 91, 76, 10, 30, 21, 45, 71, 64, 1, 23, 17, 83, 24, 14, 60, 36, 6, 57, 40, 88, 65, 56, 79, 94, 67, 68, 46, 75, 38, 9, 19, 32, 81, 41, 27, 62, 87, 90, 99, 59, 11, 16, 72, 73, 70, 39, 37, 84, 3, 92, 25, 55, 28, 29, 51, 7, 66, 61, 98, 48, 89, 50, 96, 8, 80, 53, 34, 4, 33, 2, 52, 49, 0, 69, 74, 13]|[1, 1, 0, 1, 1, 0, 1, 2, 2, 1, 2, 2, 2, 1, 1, 0, 0, 1, 0, 2, 2, 0, 1, 2, 0, 1, 2, 2, 0, 0, 1, 2, 1, 2, 1, 0, 2, 0, 1, 1, 0, 1, 1, 1, 0, 2, 1, 1, 0, 0, 0, 0, 1, 1, 2, 1, 2, 1, 0, 0, 2, 1, 0, 1, 2, 1, 2, 1, 1, 1, 1, 1, 1, 0, 1, 1, 0, 0, 0, 1, 2, 1, 2, 0, 1, 0, 0, 1, 0, 0, 2, 1, 2, 0, 1, 0, 0, 1, 2, 0]|[4, 3, 2, 2, 4, 1, 2, 2, 2, 4, 1, 1, 2, 4, 4, 1, 2, 4, 2, 1, 1, 1, 1, 2, 1, 2, 1, 1, 1, 1, 3, 2, 3, 1, 4, 0, 1, 1, 0, 3, 2, 2, 2, 0, 1, 1, 0, 4, 0, 1, 2, 2, 1, 0, 0, 3, 2, 4, 1, 2, 2, 3, 1, 1, 1, 3, 0, 4, 3, 1, 4, 1, 1, 0, 4, 4, 2, 1, 1, 1, 1, 3, 1, 1, 1, 1, 1, 3, 1, 2, 1, 4, 1, 2, 1, 1, 2, 4, 1, 2]|[0, 2, 1, 1, 3, 0, 1, 0, 0, 0, 0, 0, 1, 0, 1, 0, 0, 3, 1, 0, 0, 0, 3, 1, 0, 2, 0, 0, 0, 1, 0, 0, 0, 0, 3, 0, 1, 0, 0, 2, 1, 1, 1, 0, 0, 0, 0, 2, 1, 0, 0, 0, 1, 3, 0, 0, 1, 2, 0, 1, 0, 2, 0, 1, 0, 2, 1, 0, 0, 1, 1, 3, 1, 1, 3, 3, 1, 0, 0, 2, 0, 0, 0, 0, 1, 0, 0, 2, 0, 1, 0, 0, 0, 0, 1, 1, 0, 2, 0, 0],765.9990607008382,57213.806194498815,96238.34283731865,false
8,G2_TEC,G2_TEC,[31, 22, 82, 15, 26, 9, 95, 42, 77, 68, 47, 5, 93, 78, 86, 54, 85, 63, 18, 44, 20, 49, 36, 14, 74, 50, 53, 17, 21, 45, 71, 64, 3, 23, 30, 83, 24, 41, 60, 52, 65, 27, 90, 70, 39, 87, 48, 69, 99, 4, 46, 1, 13, 58, 97, 59, 28, 8, 73, 37, 35, 79, 11, 66, 76, 57, 40, 80, 96, 6, 16, 61, 33, 98, 32, 34, 12, 67, 10, 7, 56, 88, 51, 19, 91, 29, 75, 92, 38, 62, 43, 55, 2, 25, 81, 0, 84, 94, 89, 72]|[2, 1, 2, 1, 1, 2, 1, 1, 1, 1, 1, 0, 2, 2, 1, 2, 0, 0, 0, 2, 2, 1, 0, 2, 0, 2, 2, 1, 0, 1, 1, 1, 0, 0, 1, 0, 2, 1, 2, 2, 0, 1, 1, 1, 0, 2, 0, 2, 1, 0, 0, 2, 2, 0, 2, 0, 2, 1, 0, 0, 2, 1, 0, 2, 2, 0, 2, 2, 0, 1, 2, 1, 1, 0, 0, 1, 1, 1, 1, 2, 2, 1, 1, 1, 1, 1, 0, 0, 0, 1, 1, 0, 2, 1, 1, 0, 0, 1, 1, 1]|[0, 3, 0, 2, 4, 1, 4, 4, 2, 4, 3, 2, 1, 0, 2, 1, 1, 1, 2, 1, 1, 3, 0, 1, 0, 1, 1, 4, 1, 4, 3, 2, 2, 0, 4, 1, 1, 4, 0, 1, 2, 2, 4, 4, 1, 1, 0, 2, 3, 1, 2, 1, 2, 1, 1, 2, 0, 3, 0, 2, 2, 3, 1, 0, 1, 0, 0, 1, 2, 4, 1, 3, 4, 2, 2, 4, 3, 3, 3, 1, 1, 4, 3, 4, 3, 3, 2, 2, 2, 3, 4, 2, 1, 4, 1, 2, 2, 4, 4, 4]|[0, 2, 0, 1, 3, 0, 1, 3, 0, 0, 2, 0, 1, 0, 1, 0, 0, 0, 1, 0, 0, 2, 0, 0, 1, 0, 0, 3, 0, 1, 0, 2, 0, 0, 3, 0, 1, 3, 1, 0, 0, 1, 1, 3, 0, 0, 1, 0, 2, 0, 0, 0, 0, 0, 1, 0, 0, 0, 1, 1, 0, 2, 0, 0, 0, 1, 0, 0, 0, 2, 0, 0, 1, 0, 0, 2, 0, 0, 3, 0, 0, 1, 0, 3, 0, 0, 0, 0, 0, 0, 2, 0, 0, 3, 1, 0, 1, 2, 1, 2],866.9720029712151,52518.45829564806,113003.0457177981,false
8,G3_TWC,G3_TWC,[31, 22, 82, 15, 26, 9, 95, 42, 77, 12, 47, 5, 93, 78, 86, 54, 85, 63, 18, 44, 20, 35, 43, 97, 91, 76, 10, 30, 21, 45, 71, 64, 1, 23, 17, 83, 24, 14, 60, 36, 6, 57, 40, 88, 65, 56, 79, 94, 67, 68, 46, 75, 38, 58, 19, 32, 81, 41, 27, 62, 87, 90, 99, 59, 11, 16, 72, 73, 69, 39, 37, 84, 3, 92, 25, 55, 28, 29, 51, 7, 33, 61, 98, 48, 89, 50, 66, 96, 80, 53, 8, 34, 4, 2, 52, 49, 0, 70, 74, 13]|[1, 1, 0, 1, 1, 0, 1, 2, 2, 1, 2, 2, 2, 1, 1, 0, 0, 1, 0, 2, 2, 0, 1, 2, 0, 1, 2, 2, 0, 0, 1, 2, 1, 2, 1, 0, 2, 0, 1, 1, 0, 1, 1, 1, 0, 2, 1, 1, 0, 0, 0, 0, 1, 1, 2, 1, 2, 1, 0, 0, 2, 2, 0, 1, 2, 1, 2, 1, 1, 1, 0, 1, 1, 0, 1, 1, 0, 0, 0, 1, 0, 1, 0, 0, 1, 0, 2, 0, 0, 0, 0, 2, 0, 0, 1, 0, 0, 1, 2, 0]|[4, 3, 2, 2, 4, 1, 2, 2, 2, 4, 1, 1, 2, 4, 4, 1, 2, 4, 2, 1, 1, 1, 1, 2, 1, 2, 1, 1, 1, 1, 3, 2, 3, 0, 4, 0, 1, 1, 0, 3, 2, 2, 2, 0, 1, 1, 0, 4, 0, 1, 2, 2, 1, 0, 0, 3, 2, 4, 1, 2, 2, 1, 1, 1, 1, 3, 0, 4, 4, 1, 1, 1, 1, 0, 4, 4, 2, 1, 1, 1, 2, 3, 1, 1, 1, 1, 1, 1, 1, 2, 1, 1, 2, 2, 1, 1, 2, 3, 1, 2]|[0, 2, 1, 1, 3, 0, 1, 0, 0, 0, 0, 0, 1, 0, 1, 0, 0, 3, 1, 0, 0, 0, 3, 1, 0, 2, 0, 0, 0, 1, 0, 0, 0, 0, 3, 0, 1, 0, 0, 2, 1, 1, 1, 0, 0, 0, 0, 2, 1, 0, 0, 0, 1, 3, 0, 0, 1, 2, 0, 1, 0, 0, 0, 1, 0, 2, 1, 0, 2, 1, 0, 3, 1, 1, 3, 3, 1, 0, 0, 2, 1, 0, 0, 0, 1, 0, 0, 0, 0, 1, 0, 0, 1, 0, 1, 1, 0, 0, 0, 0],847.0427978319374,57842.30893966173,93453.7900685962,false
8,G1_CMAX,G1_CMAX,[31, 22, 82, 15, 26, 9, 95, 42, 77, 12, 47, 5, 93, 78, 86, 54, 6, 63, 18, 44, 20, 35, 43, 97, 91, 76, 10, 30, 21, 45, 64, 1, 23, 17, 83, 24, 14, 60, 36, 13, 75, 46, 68, 67, 69, 79, 56, 65, 88, 40, 57, 85, 58, 19, 32, 81, 48, 27, 62, 87, 90, 99, 59, 11, 16, 72, 73, 71, 70, 39, 37, 84, 3, 98, 29, 28, 55, 25, 92, 7, 33, 61, 53, 41, 89, 50, 8, 96, 51, 80, 34, 4, 66, 2, 52, 49, 0, 94, 74, 38]|[1, 1, 0, 1, 1, 0, 1, 2, 2, 1, 2, 2, 2, 1, 1, 0, 0, 1, 0, 2, 2, 0, 1, 2, 0, 1, 2, 2, 0, 0, 2, 1, 2, 1, 0, 2, 2, 1, 1, 0, 0, 0, 0, 0, 2, 1, 2, 0, 1, 1, 1, 0, 1, 2, 1, 2, 1, 0, 0, 2, 1, 0, 1, 2, 1, 2, 1, 1, 1, 1, 1, 1, 1, 0, 0, 0, 1, 1, 0, 1, 0, 1, 0, 1, 1, 0, 1, 0, 0, 0, 2, 1, 2, 0, 1, 0, 0, 2, 2, 1]|[0, 3, 2, 2, 4, 1, 2, 2, 2, 4, 1, 1, 2, 4, 4, 1, 2, 4, 2, 1, 1, 1, 1, 2, 1, 2, 1, 1, 1, 1, 2, 3, 0, 4, 0, 1, 2, 0, 3, 2, 2, 2, 1, 0, 2, 0, 1, 1, 0, 2, 2, 2, 0, 0, 3, 2, 4, 1, 2, 2, 3, 1, 1, 1, 3, 0, 4, 3, 3, 1, 4, 1, 1, 1, 1, 2, 4, 4, 0, 1, 2, 3, 2, 4, 1, 1, 3, 1, 1, 1, 1, 4, 1, 2, 1, 1, 2, 2, 1, 1]|[0, 2, 1, 1, 3, 0, 1, 0, 0, 0, 0, 0, 1, 0, 1, 0, 1, 3, 1, 0, 0, 0, 3, 1, 0, 2, 0, 0, 0, 1, 0, 0, 0, 3, 0, 1, 1, 0, 2, 0, 0, 0, 0, 1, 0, 0, 0, 0, 0, 1, 1, 0, 3, 0, 0, 1, 2, 0, 1, 0, 2, 0, 1, 0, 2, 1, 0, 0, 0, 1, 1, 3, 1, 0, 0, 1, 3, 3, 1, 2, 1, 0, 1, 3, 1, 0, 2, 0, 0, 0, 0, 0, 0, 0, 1, 1, 0, 0, 0, 1],740.6648699319737,58345.503832923176,99227.13002615936,false
8,G4_BALANCED,G4_BALANCED,[31, 22, 82, 15, 26, 58, 95, 42, 77, 12, 47, 5, 93, 78, 86, 54, 85, 63, 18, 44, 20, 35, 43, 97, 91, 76, 10, 30, 21, 45, 71, 64, 1, 23, 17, 83, 24, 14, 60, 36, 6, 57, 40, 88, 65, 56, 79, 94, 67, 68, 46, 75, 38, 9, 19, 32, 81, 41, 27, 62, 87, 90, 99, 59, 11, 16, 72, 73, 70, 39, 37, 84, 3, 92, 25, 55, 28, 29, 51, 7, 66, 61, 98, 48, 89, 50, 96, 8, 80, 53, 34, 4, 33, 2, 52, 49, 0, 69, 74, 13]|[1, 1, 0, 1, 1, 0, 1, 2, 2, 1, 2, 2, 2, 1, 1, 0, 0, 1, 0, 2, 2, 0, 1, 2, 0, 1, 2, 2, 0, 0, 1, 2, 1, 2, 1, 0, 2, 0, 1, 1, 0, 1, 1, 1, 0, 2, 1, 1, 0, 0, 0, 0, 1, 1, 2, 1, 2, 1, 0, 0, 2, 1, 0, 1, 2, 1, 2, 1, 1, 1, 1, 1, 1, 0, 1, 1, 0, 0, 0, 1, 2, 1, 2, 0, 1, 0, 0, 1, 0, 0, 2, 1, 2, 0, 1, 0, 0, 1, 2, 0]|[4, 3, 2, 2, 4, 1, 2, 2, 2, 4, 1, 1, 2, 4, 4, 1, 2, 4, 2, 1, 1, 1, 1, 2, 1, 2, 1, 1, 1, 1, 3, 2, 3, 1, 4, 0, 1, 1, 0, 3, 2, 2, 2, 0, 1, 1, 0, 4, 0, 1, 2, 2, 1, 0, 0, 3, 2, 4, 1, 2, 2, 3, 1, 1, 1, 3, 0, 4, 3, 1, 4, 1, 1, 0, 4, 4, 2, 1, 1, 1, 1, 3, 1, 1, 1, 1, 1, 3, 1, 2, 1, 4, 1, 2, 1, 1, 2, 4, 1, 2]|[0, 2, 1, 1, 3, 0, 1, 0, 0, 0, 0, 0, 1, 0, 1, 0, 0, 3, 1, 0, 0, 0, 3, 1, 0, 2, 0, 0, 0, 1, 0, 0, 0, 0, 3, 0, 1, 0, 0, 2, 1, 1, 1, 0, 0, 0, 0, 2, 1, 0, 0, 0, 1, 3, 0, 0, 1, 2, 0, 1, 0, 2, 0, 1, 0, 2, 1, 0, 0, 1, 1, 3, 1, 1, 3, 3, 1, 0, 0, 2, 0, 0, 0, 0, 1, 0, 0, 2, 0, 1, 0, 0, 0, 0, 1, 1, 0, 2, 0, 0],765.9990607008382,57213.806194498815,96238.34283731865,false
8,G2_TEC,G4_BALANCED,[31, 22, 82, 15, 26, 9, 95, 42, 77, 12, 47, 5, 93, 78, 86, 54, 85, 63, 18, 44, 20, 35, 43, 97, 91, 76, 10, 30, 21, 45, 71, 64, 1, 23, 17, 83, 24, 14, 60, 36, 6, 57, 40, 88, 65, 56, 79, 69, 67, 68, 46, 75, 38, 58, 19, 32, 81, 48, 27, 62, 87, 90, 99, 59, 11, 16, 72, 73, 70, 39, 37, 84, 3, 92, 25, 55, 28, 51, 29, 7, 66, 41, 98, 61, 89, 50, 8, 96, 80, 53, 33, 4, 34, 2, 52, 49, 0, 94, 74, 13]|[1, 1, 0, 1, 1, 0, 1, 2, 2, 1, 2, 2, 2, 1, 1, 0, 0, 1, 0, 2, 2, 0, 1, 2, 0, 1, 2, 2, 0, 0, 1, 2, 1, 0, 1, 0, 2, 0, 1, 1, 0, 1, 1, 1, 0, 2, 1, 1, 0, 0, 0, 0, 1, 1, 2, 1, 2, 1, 0, 0, 2, 1, 0, 1, 2, 1, 2, 1, 1, 1, 1, 1, 1, 0, 1, 1, 0, 0, 0, 1, 2, 0, 2, 1, 1, 0, 1, 0, 0, 0, 2, 1, 2, 0, 2, 0, 0, 1, 2, 0]|[4, 3, 2, 2, 4, 1, 2, 2, 2, 4, 1, 1, 2, 4, 4, 1, 2, 4, 2, 1, 1, 1, 1, 2, 1, 2, 1, 1, 1, 1, 3, 2, 3, 0, 4, 0, 1, 1, 0, 3, 2, 2, 2, 0, 1, 1, 0, 4, 0, 1, 2, 2, 1, 4, 0, 3, 2, 4, 1, 2, 2, 3, 1, 1, 1, 3, 0, 4, 3, 1, 4, 1, 1, 0, 4, 4, 2, 1, 1, 1, 1, 1, 1, 3, 1, 1, 3, 1, 1, 2, 1, 4, 1, 2, 1, 1, 2, 4, 1, 2]|[0, 2, 1, 1, 3, 0, 1, 0, 0, 0, 0, 0, 1, 0, 1, 0, 0, 3, 1, 0, 0, 0, 3, 1, 0, 2, 0, 0, 0, 1, 0, 0, 0, 0, 3, 0, 1, 0, 0, 2, 1, 1, 1, 0, 0, 0, 0, 2, 1, 0, 0, 0, 1, 3, 0, 0, 1, 2, 0, 1, 0, 2, 0, 1, 0, 2, 1, 0, 0, 1, 1, 3, 1, 1, 3, 3, 1, 0, 0, 2, 0, 0, 0, 0, 1, 0, 2, 0, 0, 1, 0, 0, 0, 0, 0, 1, 0, 2, 0, 0],800.0029672891342,56435.535365537915,97774.17868936088,true
8,G3_TWC,G3_TWC,[31, 22, 82, 15, 26, 9, 95, 42, 77, 12, 47, 5, 93, 78, 86, 54, 85, 63, 18, 44, 20, 35, 43, 97, 91, 76, 10, 30, 21, 45, 71, 64, 1, 23, 17, 83, 24, 14, 60, 36, 6, 57, 40, 88, 65, 56, 79, 94, 67, 68, 46, 75, 38, 58, 19, 32, 81, 41, 27, 62, 87, 90, 99, 59, 11, 16, 72, 73, 69, 39, 37, 84, 3, 92, 25, 55, 28, 29, 51, 7, 33, 61, 98, 48, 89, 50, 66, 96, 80, 53, 8, 34, 4, 2, 52, 49, 0, 70, 74, 13]|[1, 1, 0, 1, 1, 0, 1, 2, 2, 1, 2, 2, 2, 1, 1, 0, 0, 1, 0, 2, 2, 0, 1, 2, 0, 1, 2, 2, 0, 0, 1, 2, 1, 2, 1, 0, 2, 0, 1, 1, 0, 1, 1, 1, 0, 2, 1, 1, 0, 0, 0, 0, 1, 1, 2, 1, 2, 1, 0, 0, 2, 2, 0, 1, 2, 1, 2, 1, 1, 1, 0, 1, 1, 0, 1, 1, 0, 0, 0, 1, 0, 1, 0, 0, 1, 0, 2, 0, 0, 0, 0, 2, 0, 0, 1, 0, 0, 1, 2, 0]|[4, 3, 2, 2, 4, 1, 2, 2, 2, 4, 1, 1, 2, 4, 4, 1, 2, 4, 2, 1, 1, 1, 1, 2, 1, 2, 1, 1, 1, 1, 3, 2, 3, 0, 4, 0, 1, 1, 0, 3, 2, 2, 2, 0, 1, 1, 0, 4, 0, 1, 2, 2, 1, 0, 0, 3, 2, 4, 1, 2, 2, 1, 1, 1, 1, 3, 0, 4, 4, 1, 1, 1, 1, 0, 4, 4, 2, 1, 1, 1, 2, 3, 1, 1, 1, 1, 1, 1, 1, 2, 1, 1, 2, 2, 1, 1, 2, 3, 1, 2]|[0, 2, 1, 1, 3, 0, 1, 0, 0, 0, 0, 0, 1, 0, 1, 0, 0, 3, 1, 0, 0, 0, 3, 1, 0, 2, 0, 0, 0, 1, 0, 0, 0, 0, 3, 0, 1, 0, 0, 2, 1, 1, 1, 0, 0, 0, 0, 2, 1, 0, 0, 0, 1, 3, 0, 0, 1, 2, 0, 1, 0, 0, 0, 1, 0, 2, 1, 0, 2, 1, 0, 3, 1, 1, 3, 3, 1, 0, 0, 2, 1, 0, 0, 0, 1, 0, 0, 0, 0, 1, 0, 0, 1, 0, 1, 1, 0, 0, 0, 0],847.0427978319374,57842.30893966173,93453.7900685962,false
9,G1_CMAX,G1_CMAX,[31, 22, 82, 15, 26, 9, 95, 42, 77, 12, 47, 5, 93, 78, 86, 54, 6, 63, 18, 44, 20, 35, 43, 97, 91, 76, 10, 30, 21, 45, 64, 1, 23, 17, 83, 24, 14, 60, 36, 13, 75, 46, 68, 67, 69, 79, 56, 65, 88, 40, 57, 85, 58, 19, 32, 81, 48, 27, 62, 87, 90, 99, 59, 11, 16, 72, 73, 71, 70, 39, 37, 84, 3, 98, 29, 28, 55, 25, 92, 7, 33, 61, 53, 41, 89, 50, 8, 96, 51, 80, 34, 4, 66, 2, 52, 49, 0, 94, 74, 38]|[1, 1, 0, 1, 1, 0, 1, 2, 2, 1, 2, 2, 2, 1, 1, 0, 0, 1, 0, 2, 2, 0, 1, 2, 0, 1, 2, 2, 0, 0, 2, 1, 2, 1, 0, 2, 2, 1, 1, 0, 0, 0, 0, 0, 2, 1, 2, 0, 1, 1, 1, 0, 1, 2, 1, 2, 1, 0, 0, 2, 1, 0, 1, 2, 1, 2, 1, 1, 1, 1, 1, 1, 1, 0, 0, 0, 1, 1, 0, 1, 0, 1, 0, 1, 1, 0, 1, 0, 0, 0, 2, 1, 2, 0, 1, 0, 0, 2, 2, 1]|[0, 3, 2, 2, 4, 1, 2, 2, 2, 4, 1, 1, 2, 4, 4, 1, 2, 4, 2, 1, 1, 1, 1, 2, 1, 2, 1, 1, 1, 1, 2, 3, 0, 4, 0, 1, 2, 0, 3, 2, 2, 2, 1, 0, 2, 0, 1, 1, 0, 2, 2, 2, 0, 0, 3, 2, 4, 1, 2, 2, 3, 1, 1, 1, 3, 0, 4, 3, 3, 1, 4, 1, 1, 1, 1, 2, 4, 4, 0, 1, 2, 3, 2, 4, 1, 1, 3, 1, 1, 1, 1, 4, 1, 2, 1, 1, 2, 2, 1, 1]|[0, 2, 1, 1, 3, 0, 1, 0, 0, 0, 0, 0, 1, 0, 1, 0, 1, 3, 1, 0, 0, 0, 3, 1, 0, 2, 0, 0, 0, 1, 0, 0, 0, 3, 0, 1, 1, 0, 2, 0, 0, 0, 0, 1, 0, 0, 0, 0, 0, 1, 1, 0, 3, 0, 0, 1, 2, 0, 1, 0, 2, 0, 1, 0, 2, 1, 0, 0, 0, 1, 1, 3, 1, 0, 0, 1, 3, 3, 1, 2, 1, 0, 1, 3, 1, 0, 2, 0, 0, 0, 0, 0, 0, 0, 1, 1, 0, 0, 0, 1],740.6648699319737,58345.503832923176,99227.13002615936,false
9,G4_BALANCED,G4_BALANCED,[31, 22, 82, 15, 26, 58, 95, 42, 77, 12, 47, 5, 93, 78, 86, 54, 85, 63, 18, 44, 20, 35, 43, 97, 91, 76, 10, 30, 21, 45, 71, 64, 1, 23, 17, 83, 24, 14, 60, 36, 6, 57, 40, 88, 65, 56, 79, 94, 67, 68, 46, 75, 38, 9, 19, 32, 81, 41, 27, 62, 87, 90, 99, 59, 11, 16, 72, 73, 70, 39, 37, 84, 3, 92, 25, 55, 28, 29, 51, 7, 66, 61, 98, 48, 89, 50, 96, 8, 80, 53, 34, 4, 33, 2, 52, 49, 0, 69, 74, 13]|[1, 1, 0, 1, 1, 0, 1, 2, 2, 1, 2, 2, 2, 1, 1, 0, 0, 1, 0, 2, 2, 0, 1, 2, 0, 1, 2, 2, 0, 0, 1, 2, 1, 2, 1, 0, 2, 0, 1, 1, 0, 1, 1, 1, 0, 2, 1, 1, 0, 0, 0, 0, 1, 1, 2, 1, 2, 1, 0, 0, 2, 1, 0, 1, 2, 1, 2, 1, 1, 1, 1, 1, 1, 0, 1, 1, 0, 0, 0, 1, 2, 1, 2, 0, 1, 0, 0, 1, 0, 0, 2, 1, 2, 0, 1, 0, 0, 1, 2, 0]|[4, 3, 2, 2, 4, 1, 2, 2, 2, 4, 1, 1, 2, 4, 4, 1, 2, 4, 2, 1, 1, 1, 1, 2, 1, 2, 1, 1, 1, 1, 3, 2, 3, 1, 4, 0, 1, 1, 0, 3, 2, 2, 2, 0, 1, 1, 0, 4, 0, 1, 2, 2, 1, 0, 0, 3, 2, 4, 1, 2, 2, 3, 1, 1, 1, 3, 0, 4, 3, 1, 4, 1, 1, 0, 4, 4, 2, 1, 1, 1, 1, 3, 1, 1, 1, 1, 1, 3, 1, 2, 1, 4, 1, 2, 1, 1, 2, 4, 1, 2]|[0, 2, 1, 1, 3, 0, 1, 0, 0, 0, 0, 0, 1, 0, 1, 0, 0, 3, 1, 0, 0, 0, 3, 1, 0, 2, 0, 0, 0, 1, 0, 0, 0, 0, 3, 0, 1, 0, 0, 2, 1, 1, 1, 0, 0, 0, 0, 2, 1, 0, 0, 0, 1, 3, 0, 0, 1, 2, 0, 1, 0, 2, 0, 1, 0, 2, 1, 0, 0, 1, 1, 3, 1, 1, 3, 3, 1, 0, 0, 2, 0, 0, 0, 0, 1, 0, 0, 2, 0, 1, 0, 0, 0, 0, 1, 1, 0, 2, 0, 0],765.9990607008382,57213.806194498815,96238.34283731865,false
9,G2_TEC,G2_TEC,[31, 22, 82, 15, 26, 9, 95, 42, 77, 68, 47, 5, 93, 78, 86, 54, 85, 63, 18, 44, 20, 49, 36, 14, 74, 50, 53, 17, 21, 45, 71, 64, 3, 23, 30, 83, 24, 41, 60, 52, 65, 27, 90, 70, 39, 87, 48, 69, 99, 4, 46, 1, 13, 58, 97, 59, 28, 8, 73, 37, 35, 79, 11, 66, 76, 57, 40, 80, 96, 6, 16, 61, 33, 98, 32, 34, 12, 67, 10, 7, 56, 88, 51, 19, 91, 29, 75, 92, 38, 62, 43, 55, 2, 25, 81, 0, 84, 94, 89, 72]|[2, 1, 2, 1, 1, 2, 1, 1, 1, 1, 1, 0, 2, 2, 1, 2, 0, 0, 0, 2, 2, 1, 0, 2, 0, 2, 2, 1, 0, 1, 1, 1, 0, 0, 1, 0, 2, 1, 2, 2, 0, 1, 1, 1, 0, 2, 0, 2, 1, 0, 0, 2, 2, 0, 2, 0, 2, 1, 0, 0, 2, 1, 0, 2, 2, 0, 2, 2, 0, 1, 2, 1, 1, 0, 0, 1, 1, 1, 1, 2, 2, 1, 1, 1, 1, 1, 0, 0, 0, 1, 1, 0, 2, 1, 1, 0, 0, 1, 1, 1]|[0, 3, 0, 2, 4, 1, 4, 4, 2, 4, 3, 2, 1, 0, 2, 1, 1, 1, 2, 1, 1, 3, 0, 1, 0, 1, 1, 4, 1, 4, 3, 2, 2, 0, 4, 1, 1, 4, 0, 1, 2, 2, 4, 4, 1, 1, 0, 2, 3, 1, 2, 1, 2, 1, 1, 2, 0, 3, 0, 2, 2, 3, 1, 0, 1, 0, 0, 1, 2, 4, 1, 3, 4, 2, 2, 4, 3, 3, 3, 1, 1, 4, 3, 4, 3, 3, 2, 2, 2, 3, 4, 2, 1, 4, 1, 2, 2, 4, 4, 4]|[0, 2, 0, 1, 3, 0, 1, 3, 0, 0, 2, 0, 1, 0, 1, 0, 0, 0, 1, 0, 0, 2, 0, 0, 1, 0, 0, 3, 0, 1, 0, 2, 0, 0, 3, 0, 1, 3, 1, 0, 0, 1, 1, 3, 0, 0, 1, 0, 2, 0, 0, 0, 0, 0, 1, 0, 0, 0, 1, 1, 0, 2, 0, 0, 0, 1, 0, 0, 0, 2, 0, 0, 1, 0, 0, 2, 0, 0, 3, 0, 0, 1, 0, 3, 0, 0, 0, 0, 0, 0, 2, 0, 0, 3, 1, 0, 1, 2, 1, 2],866.9720029712151,52518.45829564806,113003.0457177981,false
9,G3_TWC,G3_TWC,[31, 22, 82, 15, 26, 9, 95, 42, 77, 12, 47, 5, 93, 78, 86, 54, 85, 63, 18, 44, 20, 35, 43, 97, 91, 76, 10, 30, 21, 45, 71, 64, 1, 23, 17, 83, 24, 14, 60, 36, 6, 57, 40, 88, 65, 56, 79, 94, 67, 68, 46, 75, 38, 58, 19, 32, 81, 41, 27, 62, 87, 90, 99, 59, 11, 16, 72, 73, 69, 39, 37, 84, 3, 92, 25, 55, 28, 29, 51, 7, 33, 61, 98, 48, 89, 50, 66, 96, 80, 53, 8, 34, 4, 2, 52, 49, 0, 70, 74, 13]|[1, 1, 0, 1, 1, 0, 1, 2, 2, 1, 2, 2, 2, 1, 1, 0, 0, 1, 0, 2, 2, 0, 1, 2, 0, 1, 2, 2, 0, 0, 1, 2, 1, 2, 1, 0, 2, 0, 1, 1, 0, 1, 1, 1, 0, 2, 1, 1, 0, 0, 0, 0, 1, 1, 2, 1, 2, 1, 0, 0, 2, 2, 0, 1, 2, 1, 2, 1, 1, 1, 0, 1, 1, 0, 1, 1, 0, 0, 0, 1, 0, 1, 0, 0, 1, 0, 2, 0, 0, 0, 0, 2, 0, 0, 1, 0, 0, 1, 2, 0]|[4, 3, 2, 2, 4, 1, 2, 2, 2, 4, 1, 1, 2, 4, 4, 1, 2, 4, 2, 1, 1, 1, 1, 2, 1, 2, 1, 1, 1, 1, 3, 2, 3, 0, 4, 0, 1, 1, 0, 3, 2, 2, 2, 0, 1, 1, 0, 4, 0, 1, 2, 2, 1, 0, 0, 3, 2, 4, 1, 2, 2, 1, 1, 1, 1, 3, 0, 4, 4, 1, 1, 1, 1, 0, 4, 4, 2, 1, 1, 1, 2, 3, 1, 1, 1, 1, 1, 1, 1, 2, 1, 1, 2, 2, 1, 1, 2, 3, 1, 2]|[0, 2, 1, 1, 3, 0, 1, 0, 0, 0, 0, 0, 1, 0, 1, 0, 0, 3, 1, 0, 0, 0, 3, 1, 0, 2, 0, 0, 0, 1, 0, 0, 0, 0, 3, 0, 1, 0, 0, 2, 1, 1, 1, 0, 0, 0, 0, 2, 1, 0, 0, 0, 1, 3, 0, 0, 1, 2, 0, 1, 0, 0, 0, 1, 0, 2, 1, 0, 2, 1, 0, 3, 1, 1, 3, 3, 1, 0, 0, 2, 1, 0, 0, 0, 1, 0, 0, 0, 0, 1, 0, 0, 1, 0, 1, 1, 0, 0, 0, 0],847.0427978319374,57842.30893966173,93453.7900685962,false
9,G1_CMAX,G1_CMAX,[31, 22, 82, 15, 26, 9, 95, 42, 77, 12, 47, 5, 93, 78, 86, 54, 6, 63, 18, 44, 20, 35, 43, 97, 91, 76, 10, 30, 21, 45, 64, 1, 23, 17, 83, 24, 14, 60, 36, 13, 75, 46, 68, 67, 69, 79, 56, 65, 88, 40, 57, 85, 58, 19, 32, 81, 48, 27, 62, 87, 90, 99, 59, 11, 16, 72, 73, 71, 70, 39, 37, 84, 3, 98, 29, 28, 55, 25, 92, 7, 33, 61, 53, 41, 89, 50, 8, 96, 51, 80, 34, 4, 66, 2, 52, 49, 0, 94, 74, 38]|[1, 1, 0, 1, 1, 0, 1, 2, 2, 1, 2, 2, 2, 1, 1, 0, 0, 1, 0, 2, 2, 0, 1, 2, 0, 1, 2, 2, 0, 0, 2, 1, 2, 1, 0, 2, 2, 1, 1, 0, 0, 0, 0, 0, 2, 1, 2, 0, 1, 1, 1, 0, 1, 2, 1, 2, 1, 0, 0, 2, 1, 0, 1, 2, 1, 2, 1, 1, 1, 1, 1, 1, 1, 0, 0, 0, 1, 1, 0, 1, 0, 1, 0, 1, 1, 0, 1, 0, 0, 0, 2, 1, 2, 0, 1, 0, 0, 2, 2, 1]|[0, 3, 2, 2, 4, 1, 2, 2, 2, 4, 1, 1, 2, 4, 4, 1, 2, 4, 2, 1, 1, 1, 1, 2, 1, 2, 1, 1, 1, 1, 2, 3, 0, 4, 0, 1, 2, 0, 3, 2, 2, 2, 1, 0, 2, 0, 1, 1, 0, 2, 2, 2, 0, 0, 3, 2, 4, 1, 2, 2, 3, 1, 1, 1, 3, 0, 4, 3, 3, 1, 4, 1, 1, 1, 1, 2, 4, 4, 0, 1, 2, 3, 2, 4, 1, 1, 3, 1, 1, 1, 1, 4, 1, 2, 1, 1, 2, 2, 1, 1]|[0, 2, 1, 1, 3, 0, 1, 0, 0, 0, 0, 0, 1, 0, 1, 0, 1, 3, 1, 0, 0, 0, 3, 1, 0, 2, 0, 0, 0, 1, 0, 0, 0, 3, 0, 1, 1, 0, 2, 0, 0, 0, 0, 1, 0, 0, 0, 0, 0, 1, 1, 0, 3, 0, 0, 1, 2, 0, 1, 0, 2, 0, 1, 0, 2, 1, 0, 0, 0, 1, 1, 3, 1, 0, 0, 1, 3, 3, 1, 2, 1, 0, 1, 3, 1, 0, 2, 0, 0, 0, 0, 0, 0, 0, 1, 1, 0, 0, 0, 1],740.6648699319737,58345.503832923176,99227.13002615936,false
9,G4_BALANCED,G4_BALANCED,[31, 22, 82, 15, 26, 58, 95, 42, 77, 12, 47, 5, 93, 78, 86, 54, 85, 63, 18, 44, 20, 35, 43, 97, 91, 76, 10, 30, 21, 45, 71, 64, 1, 23, 17, 83, 24, 14, 60, 36, 6, 57, 40, 88, 65, 56, 79, 94, 67, 68, 46, 75, 38, 9, 19, 32, 81, 41, 27, 62, 87, 90, 99, 59, 11, 16, 72, 73, 70, 39, 37, 84, 3, 92, 25, 55, 28, 29, 51, 7, 66, 61, 98, 48, 89, 50, 96, 8, 80, 53, 34, 4, 33, 2, 52, 49, 0, 69, 74, 13]|[1, 1, 0, 1, 1, 0, 1, 2, 2, 1, 2, 2, 2, 1, 1, 0, 0, 1, 0, 2, 2, 0, 1, 2, 0, 1, 2, 2, 0, 0, 1, 2, 1, 2, 1, 0, 2, 0, 1, 1, 0, 1, 1, 1, 0, 2, 1, 1, 0, 0, 0, 0, 1, 1, 2, 1, 2, 1, 0, 0, 2, 1, 0, 1, 2, 1, 2, 1, 1, 1, 1, 1, 1, 0, 1, 1, 0, 0, 0, 1, 2, 1, 2, 0, 1, 0, 0, 1, 0, 0, 2, 1, 2, 0, 1, 0, 0, 1, 2, 0]|[4, 3, 2, 2, 4, 1, 2, 2, 2, 4, 1, 1, 2, 4, 4, 1, 2, 4, 2, 1, 1, 1, 1, 2, 1, 2, 1, 1, 1, 1, 3, 2, 3, 1, 4, 0, 1, 1, 0, 3, 2, 2, 2, 0, 1, 1, 0, 4, 0, 1, 2, 2, 1, 0, 0, 3, 2, 4, 1, 2, 2, 3, 1, 1, 1, 3, 0, 4, 3, 1, 4, 1, 1, 0, 4, 4, 2, 1, 1, 1, 1, 3, 1, 1, 1, 1, 1, 3, 1, 2, 1, 4, 1, 2, 1, 1, 2, 4, 1, 2]|[0, 2, 1, 1, 3, 0, 1, 0, 0, 0, 0, 0, 1, 0, 1, 0, 0, 3, 1, 0, 0, 0, 3, 1, 0, 2, 0, 0, 0, 1, 0, 0, 0, 0, 3, 0, 1, 0, 0, 2, 1, 1, 1, 0, 0, 0, 0, 2, 1, 0, 0, 0, 1, 3, 0, 0, 1, 2, 0, 1, 0, 2, 0, 1, 0, 2, 1, 0, 0, 1, 1, 3, 1, 1, 3, 3, 1, 0, 0, 2, 0, 0, 0, 0, 1, 0, 0, 2, 0, 1, 0, 0, 0, 0, 1, 1, 0, 2, 0, 0],765.9990607008382,57213.806194498815,96238.34283731865,false
9,G2_TEC,G2_TEC,[31, 22, 82, 15, 26, 9, 95, 42, 77, 68, 47, 5, 93, 78, 86, 54, 85, 63, 18, 44, 20, 49, 36, 14, 74, 50, 53, 17, 21, 45, 71, 64, 3, 23, 30, 83, 24, 41, 60, 52, 65, 27, 90, 70, 39, 87, 48, 69, 99, 4, 46, 1, 13, 58, 97, 59, 28, 8, 73, 37, 35, 79, 11, 66, 76, 57, 40, 80, 96, 6, 16, 61, 33, 98, 32, 34, 12, 67, 10, 7, 56, 88, 51, 19, 91, 29, 75, 92, 38, 62, 43, 55, 2, 25, 81, 0, 84, 94, 89, 72]|[2, 1, 2, 1, 1, 2, 1, 1, 1, 1, 1, 0, 2, 2, 1, 2, 0, 0, 0, 2, 2, 1, 0, 2, 0, 2, 2, 1, 0, 1, 1, 1, 0, 0, 1, 0, 2, 1, 2, 2, 0, 1, 1, 1, 0, 2, 0, 2, 1, 0, 0, 2, 2, 0, 2, 0, 2, 1, 0, 0, 2, 1, 0, 2, 2, 0, 2, 2, 0, 1, 2, 1, 1, 0, 0, 1, 1, 1, 1, 2, 2, 1, 1, 1, 1, 1, 0, 0, 0, 1, 1, 0, 2, 1, 1, 0, 0, 1, 1, 1]|[0, 3, 0, 2, 4, 1, 4, 4, 2, 4, 3, 2, 1, 0, 2, 1, 1, 1, 2, 1, 1, 3, 0, 1, 0, 1, 1, 4, 1, 4, 3, 2, 2, 0, 4, 1, 1, 4, 0, 1, 2, 2, 4, 4, 1, 1, 0, 2, 3, 1, 2, 1, 2, 1, 1, 2, 0, 3, 0, 2, 2, 3, 1, 0, 1, 0, 0, 1, 2, 4, 1, 3, 4, 2, 2, 4, 3, 3, 3, 1, 1, 4, 3, 4, 3, 3, 2, 2, 2, 3, 4, 2, 1, 4, 1, 2, 2, 4, 4, 4]|[0, 2, 0, 1, 3, 0, 1, 3, 0, 0, 2, 0, 1, 0, 1, 0, 0, 0, 1, 0, 0, 2, 0, 0, 1, 0, 0, 3, 0, 1, 0, 2, 0, 0, 3, 0, 1, 3, 1, 0, 0, 1, 1, 3, 0, 0, 1, 0, 2, 0, 0, 0, 0, 0, 1, 0, 0, 0, 1, 1, 0, 2, 0, 0, 0, 1, 0, 0, 0, 2, 0, 0, 1, 0, 0, 2, 0, 0, 3, 0, 0, 1, 0, 3, 0, 0, 0, 0, 0, 0, 2, 0, 0, 3, 1, 0, 1, 2, 1, 2],866.9720029712151,52518.45829564806,113003.0457177981,false
9,G3_TWC,G3_TWC,[31, 22, 82, 15, 26, 9, 95, 42, 77, 12, 47, 5, 93, 78, 86, 54, 85, 63, 18, 44, 20, 35, 43, 97, 91, 76, 10, 30, 21, 45, 71, 64, 1, 23, 17, 83, 24, 14, 60, 36, 6, 57, 40, 88, 65, 56, 79, 94, 67, 68, 46, 75, 38, 58, 19, 32, 81, 41, 27, 62, 87, 90, 99, 59, 11, 16, 72, 73, 69, 39, 37, 84, 3, 92, 25, 55, 28, 29, 51, 7, 33, 61, 98, 48, 89, 50, 66, 96, 80, 53, 8, 34, 4, 2, 52, 49, 0, 70, 74, 13]|[1, 1, 0, 1, 1, 0, 1, 2, 2, 1, 2, 2, 2, 1, 1, 0, 0, 1, 0, 2, 2, 0, 1, 2, 0, 1, 2, 2, 0, 0, 1, 2, 1, 2, 1, 0, 2, 0, 1, 1, 0, 1, 1, 1, 0, 2, 1, 1, 0, 0, 0, 0, 1, 1, 2, 1, 2, 1, 0, 0, 2, 2, 0, 1, 2, 1, 2, 1, 1, 1, 0, 1, 1, 0, 1, 1, 0, 0, 0, 1, 0, 1, 0, 0, 1, 0, 2, 0, 0, 0, 0, 2, 0, 0, 1, 0, 0, 1, 2, 0]|[4, 3, 2, 2, 4, 1, 2, 2, 2, 4, 1, 1, 2, 4, 4, 1, 2, 4, 2, 1, 1, 1, 1, 2, 1, 2, 1, 1, 1, 1, 3, 2, 3, 0, 4, 0, 1, 1, 0, 3, 2, 2, 2, 0, 1, 1, 0, 4, 0, 1, 2, 2, 1, 0, 0, 3, 2, 4, 1, 2, 2, 1, 1, 1, 1, 3, 0, 4, 4, 1, 1, 1, 1, 0, 4, 4, 2, 1, 1, 1, 2, 3, 1, 1, 1, 1, 1, 1, 1, 2, 1, 1, 2, 2, 1, 1, 2, 3, 1, 2]|[0, 2, 1, 1, 3, 0, 1, 0, 0, 0, 0, 0, 1, 0, 1, 0, 0, 3, 1, 0, 0, 0, 3, 1, 0, 2, 0, 0, 0, 1, 0, 0, 0, 0, 3, 0, 1, 0, 0, 2, 1, 1, 1, 0, 0, 0, 0, 2, 1, 0, 0, 0, 1, 3, 0, 0, 1, 2, 0, 1, 0, 0, 0, 1, 0, 2, 1, 0, 2, 1, 0, 3, 1, 1, 3, 3, 1, 0, 0, 2, 1, 0, 0, 0, 1, 0, 0, 0, 0, 1, 0, 0, 1, 0, 1, 1, 0, 0, 0, 0],847.0427978319374,57842.30893966173,93453.7900685962,false
9,G1_CMAX,G1_CMAX,[31, 22, 82, 15, 26, 9, 95, 42, 77, 12, 47, 5, 93, 78, 86, 54, 6, 63, 18, 44, 20, 35, 43, 97, 91, 76, 10, 30, 21, 45, 64, 1, 23, 17, 83, 24, 14, 60, 36, 13, 75, 46, 68, 67, 69, 79, 56, 65, 88, 40, 57, 85, 58, 19, 32, 81, 48, 27, 62, 87, 90, 99, 59, 11, 16, 72, 73, 71, 70, 39, 37, 84, 3, 98, 29, 28, 55, 25, 92, 7, 33, 61, 53, 41, 89, 50, 8, 96, 51, 80, 34, 4, 66, 2, 52, 49, 0, 94, 74, 38]|[1, 1, 0, 1, 1, 0, 1, 2, 2, 1, 2, 2, 2, 1, 1, 0, 0, 1, 0, 2, 2, 0, 1, 2, 0, 1, 2, 2, 0, 0, 2, 1, 2, 1, 0, 2, 2, 1, 1, 0, 0, 0, 0, 0, 2, 1, 2, 0, 1, 1, 1, 0, 1, 2, 1, 2, 1, 0, 0, 2, 1, 0, 1, 2, 1, 2, 1, 1, 1, 1, 1, 1, 1, 0, 0, 0, 1, 1, 0, 1, 0, 1, 0, 1, 1, 0, 1, 0, 0, 0, 2, 1, 2, 0, 1, 0, 0, 2, 2, 1]|[0, 3, 2, 2, 4, 1, 2, 2, 2, 4, 1, 1, 2, 4, 4, 1, 2, 4, 2, 1, 1, 1, 1, 2, 1, 2, 1, 1, 1, 1, 2, 3, 0, 4, 0, 1, 2, 0, 3, 2, 2, 2, 1, 0, 2, 0, 1, 1, 0, 2, 2, 2, 0, 0, 3, 2, 4, 1, 2, 2, 3, 1, 1, 1, 3, 0, 4, 3, 3, 1, 4, 1, 1, 1, 1, 2, 4, 4, 0, 1, 2, 3, 2, 4, 1, 1, 3, 1, 1, 1, 1, 4, 1, 2, 1, 1, 2, 2, 1, 1]|[0, 2, 1, 1, 3, 0, 1, 0, 0, 0, 0, 0, 1, 0, 1, 0, 1, 3, 1, 0, 0, 0, 3, 1, 0, 2, 0, 0, 0, 1, 0, 0, 0, 3, 0, 1, 1, 0, 2, 0, 0, 0, 0, 1, 0, 0, 0, 0, 0, 1, 1, 0, 3, 0, 0, 1, 2, 0, 1, 0, 2, 0, 1, 0, 2, 1, 0, 0, 0, 1, 1, 3, 1, 0, 0, 1, 3, 3, 1, 2, 1, 0, 1, 3, 1, 0, 2, 0, 0, 0, 0, 0, 0, 0, 1, 1, 0, 0, 0, 1],740.6648699319737,58345.503832923176,99227.13002615936,false
9,G4_BALANCED,G4_BALANCED,[31, 22, 82, 15, 26, 58, 95, 42, 77, 12, 47, 5, 93, 78, 86, 54, 85, 63, 18, 44, 20, 35, 43, 97, 91, 76, 10, 30, 21, 45, 71, 64, 1, 23, 17, 83, 24, 14, 60, 36, 6, 57, 40, 88, 65, 56, 79, 94, 67, 68, 46, 75, 38, 9, 19, 32, 81, 41, 27, 62, 87, 90, 99, 59, 11, 16, 72, 73, 70, 39, 37, 84, 3, 92, 25, 55, 28, 29, 51, 7, 66, 61, 98, 48, 89, 50, 96, 8, 80, 53, 34, 4, 33, 2, 52, 49, 0, 69, 74, 13]|[1, 1, 0, 1, 1, 0, 1, 2, 2, 1, 2, 2, 2, 1, 1, 0, 0, 1, 0, 2, 2, 0, 1, 2, 0, 1, 2, 2, 0, 0, 1, 2, 1, 2, 1, 0, 2, 0, 1, 1, 0, 1, 1, 1, 0, 2, 1, 1, 0, 0, 0, 0, 1, 1, 2, 1, 2, 1, 0, 0, 2, 1, 0, 1, 2, 1, 2, 1, 1, 1, 1, 1, 1, 0, 1, 1, 0, 0, 0, 1, 2, 1, 2, 0, 1, 0, 0, 1, 0, 0, 2, 1, 2, 0, 1, 0, 0, 1, 2, 0]|[4, 3, 2, 2, 4, 1, 2, 2, 2, 4, 1, 1, 2, 4, 4, 1, 2, 4, 2, 1, 1, 1, 1, 2, 1, 2, 1, 1, 1, 1, 3, 2, 3, 1, 4, 0, 1, 1, 0, 3, 2, 2, 2, 0, 1, 1, 0, 4, 0, 1, 2, 2, 1, 0, 0, 3, 2, 4, 1, 2, 2, 3, 1, 1, 1, 3, 0, 4, 3, 1, 4, 1, 1, 0, 4, 4, 2, 1, 1, 1, 1, 3, 1, 1, 1, 1, 1, 3, 1, 2, 1, 4, 1, 2, 1, 1, 2, 4, 1, 2]|[0, 2, 1, 1, 3, 0, 1, 0, 0, 0, 0, 0, 1, 0, 1, 0, 0, 3, 1, 0, 0, 0, 3, 1, 0, 2, 0, 0, 0, 1, 0, 0, 0, 0, 3, 0, 1, 0, 0, 2, 1, 1, 1, 0, 0, 0, 0, 2, 1, 0, 0, 0, 1, 3, 0, 0, 1, 2, 0, 1, 0, 2, 0, 1, 0, 2, 1, 0, 0, 1, 1, 3, 1, 1, 3, 3, 1, 0, 0, 2, 0, 0, 0, 0, 1, 0, 0, 2, 0, 1, 0, 0, 0, 0, 1, 1, 0, 2, 0, 0],765.9990607008382,57213.806194498815,96238.34283731865,false
9,G2_TEC,G2_TEC,[31, 22, 82, 15, 26, 9, 95, 42, 77, 68, 47, 5, 93, 78, 86, 54, 85, 63, 18, 44, 20, 49, 36, 14, 74, 50, 53, 17, 21, 45, 71, 64, 3, 23, 30, 83, 24, 41, 60, 52, 65, 27, 90, 70, 39, 87, 48, 69, 99, 4, 46, 1, 13, 58, 97, 59, 28, 8, 73, 37, 35, 79, 11, 66, 76, 57, 40, 80, 96, 6, 16, 61, 33, 98, 32, 34, 12, 67, 10, 7, 56, 88, 51, 19, 91, 29, 75, 92, 38, 62, 43, 55, 2, 25, 81, 0, 84, 94, 89, 72]|[2, 1, 2, 1, 1, 2, 1, 1, 1, 1, 1, 0, 2, 2, 1, 2, 0, 0, 0, 2, 2, 1, 0, 2, 0, 2, 2, 1, 0, 1, 1, 1, 0, 0, 1, 0, 2, 1, 2, 2, 0, 1, 1, 1, 0, 2, 0, 2, 1, 0, 0, 2, 2, 0, 2, 0, 2, 1, 0, 0, 2, 1, 0, 2, 2, 0, 2, 2, 0, 1, 2, 1, 1, 0, 0, 1, 1, 1, 1, 2, 2, 1, 1, 1, 1, 1, 0, 0, 0, 1, 1, 0, 2, 1, 1, 0, 0, 1, 1, 1]|[0, 3, 0, 2, 4, 1, 4, 4, 2, 4, 3, 2, 1, 0, 2, 1, 1, 1, 2, 1, 1, 3, 0, 1, 0, 1, 1, 4, 1, 4, 3, 2, 2, 0, 4, 1, 1, 4, 0, 1, 2, 2, 4, 4, 1, 1, 0, 2, 3, 1, 2, 1, 2, 1, 1, 2, 0, 3, 0, 2, 2, 3, 1, 0, 1, 0, 0, 1, 2, 4, 1, 3, 4, 2, 2, 4, 3, 3, 3, 1, 1, 4, 3, 4, 3, 3, 2, 2, 2, 3, 4, 2, 1, 4, 1, 2, 2, 4, 4, 4]|[0, 2, 0, 1, 3, 0, 1, 3, 0, 0, 2, 0, 1, 0, 1, 0, 0, 0, 1, 0, 0, 2, 0, 0, 1, 0, 0, 3, 0, 1, 0, 2, 0, 0, 3, 0, 1, 3, 1, 0, 0, 1, 1, 3, 0, 0, 1, 0, 2, 0, 0, 0, 0, 0, 1, 0, 0, 0, 1, 1, 0, 2, 0, 0, 0, 1, 0, 0, 0, 2, 0, 0, 1, 0, 0, 2, 0, 0, 3, 0, 0, 1, 0, 3, 0, 0, 0, 0, 0, 0, 2, 0, 0, 3, 1, 0, 1, 2, 1, 2],866.9720029712151,52518.45829564806,113003.0457177981,false
9,G3_TWC,G3_TWC,[31, 22, 82, 15, 26, 9, 95, 42, 77, 12, 47, 5, 93, 78, 86, 54, 85, 63, 18, 44, 20, 35, 43, 97, 91, 76, 10, 30, 21, 45, 71, 64, 1, 23, 17, 83, 24, 14, 60, 36, 6, 57, 40, 88, 65, 56, 79, 94, 67, 68, 46, 75, 38, 58, 19, 32, 81, 41, 27, 62, 87, 90, 99, 59, 11, 16, 72, 73, 69, 39, 37, 84, 3, 92, 25, 55, 28, 29, 51, 7, 33, 61, 98, 48, 89, 50, 66, 96, 80, 53, 8, 34, 4, 2, 52, 49, 0, 70, 74, 13]|[1, 1, 0, 1, 1, 0, 1, 2, 2, 1, 2, 2, 2, 1, 1, 0, 0, 1, 0, 2, 2, 0, 1, 2, 0, 1, 2, 2, 0, 0, 1, 2, 1, 2, 1, 0, 2, 0, 1, 1, 0, 1, 1, 1, 0, 2, 1, 1, 0, 0, 0, 0, 1, 1, 2, 1, 2, 1, 0, 0, 2, 2, 0, 1, 2, 1, 2, 1, 1, 1, 0, 1, 1, 0, 1, 1, 0, 0, 0, 1, 0, 1, 0, 0, 1, 0, 2, 0, 0, 0, 0, 2, 0, 0, 1, 0, 0, 1, 2, 0]|[4, 3, 2, 2, 4, 1, 2, 2, 2, 4, 1, 1, 2, 4, 4, 1, 2, 4, 2, 1, 1, 1, 1, 2, 1, 2, 1, 1, 1, 1, 3, 2, 3, 0, 4, 0, 1, 1, 0, 3, 2, 2, 2, 0, 1, 1, 0, 4, 0, 1, 2, 2, 1, 0, 0, 3, 2, 4, 1, 2, 2, 1, 1, 1, 1, 3, 0, 4, 4, 1, 1, 1, 1, 0, 4, 4, 2, 1, 1, 1, 2, 3, 1, 1, 1, 1, 1, 1, 1, 2, 1, 1, 2, 2, 1, 1, 2, 3, 1, 2]|[0, 2, 1, 1, 3, 0, 1, 0, 0, 0, 0, 0, 1, 0, 1, 0, 0, 3, 1, 0, 0, 0, 3, 1, 0, 2, 0, 0, 0, 1, 0, 0, 0, 0, 3, 0, 1, 0, 0, 2, 1, 1, 1, 0, 0, 0, 0, 2, 1, 0, 0, 0, 1, 3, 0, 0, 1, 2, 0, 1, 0, 0, 0, 1, 0, 2, 1, 0, 2, 1, 0, 3, 1, 1, 3, 3, 1, 0, 0, 2, 1, 0, 0, 0, 1, 0, 0, 0, 0, 1, 0, 0, 1, 0, 1, 1, 0, 0, 0, 0],847.0427978319374,57842.30893966173,93453.7900685962,false
9,G1_CMAX,G1_CMAX,[31, 22, 82, 15, 26, 9, 95, 42, 77, 12, 47, 5, 93, 78, 86, 54, 6, 63, 18, 44, 20, 35, 43, 97, 91, 76, 10, 30, 21, 45, 64, 1, 23, 17, 83, 24, 14, 60, 36, 13, 75, 46, 68, 67, 69, 79, 56, 65, 88, 40, 57, 85, 58, 19, 32, 81, 48, 27, 62, 87, 90, 99, 59, 11, 16, 72, 73, 71, 70, 39, 37, 84, 3, 98, 29, 28, 55, 25, 92, 7, 33, 61, 53, 41, 89, 50, 8, 96, 51, 80, 34, 4, 66, 2, 52, 49, 0, 94, 74, 38]|[1, 1, 0, 1, 1, 0, 1, 2, 2, 1, 2, 2, 2, 1, 1, 0, 0, 1, 0, 2, 2, 0, 1, 2, 0, 1, 2, 2, 0, 0, 2, 1, 2, 1, 0, 2, 2, 1, 1, 0, 0, 0, 0, 0, 2, 1, 2, 0, 1, 1, 1, 0, 1, 2, 1, 2, 1, 0, 0, 2, 1, 0, 1, 2, 1, 2, 1, 1, 1, 1, 1, 1, 1, 0, 0, 0, 1, 1, 0, 1, 0, 1, 0, 1, 1, 0, 1, 0, 0, 0, 2, 1, 2, 0, 1, 0, 0, 2, 2, 1]|[0, 3, 2, 2, 4, 1, 2, 2, 2, 4, 1, 1, 2, 4, 4, 1, 2, 4, 2, 1, 1, 1, 1, 2, 1, 2, 1, 1, 1, 1, 2, 3, 0, 4, 0, 1, 2, 0, 3, 2, 2, 2, 1, 0, 2, 0, 1, 1, 0, 2, 2, 2, 0, 0, 3, 2, 4, 1, 2, 2, 3, 1, 1, 1, 3, 0, 4, 3, 3, 1, 4, 1, 1, 1, 1, 2, 4, 4, 0, 1, 2, 3, 2, 4, 1, 1, 3, 1, 1, 1, 1, 4, 1, 2, 1, 1, 2, 2, 1, 1]|[0, 2, 1, 1, 3, 0, 1, 0, 0, 0, 0, 0, 1, 0, 1, 0, 1, 3, 1, 0, 0, 0, 3, 1, 0, 2, 0, 0, 0, 1, 0, 0, 0, 3, 0, 1, 1, 0, 2, 0, 0, 0, 0, 1, 0, 0, 0, 0, 0, 1, 1, 0, 3, 0, 0, 1, 2, 0, 1, 0, 2, 0, 1, 0, 2, 1, 0, 0, 0, 1, 1, 3, 1, 0, 0, 1, 3, 3, 1, 2, 1, 0, 1, 3, 1, 0, 2, 0, 0, 0, 0, 0, 0, 0, 1, 1, 0, 0, 0, 1],740.6648699319737,58345.503832923176,99227.13002615936,false
9,G4_BALANCED,G4_BALANCED,[31, 22, 82, 15, 26, 58, 95, 42, 77, 12, 47, 5, 93, 78, 86, 54, 85, 63, 18, 44, 20, 35, 43, 97, 91, 76, 10, 30, 21, 45, 71, 64, 1, 23, 17, 83, 24, 14, 60, 36, 6, 57, 40, 88, 65, 56, 79, 94, 67, 68, 46, 75, 38, 9, 19, 32, 81, 41, 27, 62, 87, 90, 99, 59, 11, 16, 72, 73, 70, 39, 37, 84, 3, 92, 25, 55, 28, 29, 51, 7, 66, 61, 98, 48, 89, 50, 96, 8, 80, 53, 34, 4, 33, 2, 52, 49, 0, 69, 74, 13]|[1, 1, 0, 1, 1, 0, 1, 2, 2, 1, 2, 2, 2, 1, 1, 0, 0, 1, 0, 2, 2, 0, 1, 2, 0, 1, 2, 2, 0, 0, 1, 2, 1, 2, 1, 0, 2, 0, 1, 1, 0, 1, 1, 1, 0, 2, 1, 1, 0, 0, 0, 0, 1, 1, 2, 1, 2, 1, 0, 0, 2, 1, 0, 1, 2, 1, 2, 1, 1, 1, 1, 1, 1, 0, 1, 1, 0, 0, 0, 1, 2, 1, 2, 0, 1, 0, 0, 1, 0, 0, 2, 1, 2, 0, 1, 0, 0, 1, 2, 0]|[4, 3, 2, 2, 4, 1, 2, 2, 2, 4, 1, 1, 2, 4, 4, 1, 2, 4, 2, 1, 1, 1, 1, 2, 1, 2, 1, 1, 1, 1, 3, 2, 3, 1, 4, 0, 1, 1, 0, 3, 2, 2, 2, 0, 1, 1, 0, 4, 0, 1, 2, 2, 1, 0, 0, 3, 2, 4, 1, 2, 2, 3, 1, 1, 1, 3, 0, 4, 3, 1, 4, 1, 1, 0, 4, 4, 2, 1, 1, 1, 1, 3, 1, 1, 1, 1, 1, 3, 1, 2, 1, 4, 1, 2, 1, 1, 2, 4, 1, 2]|[0, 2, 1, 1, 3, 0, 1, 0, 0, 0, 0, 0, 1, 0, 1, 0, 0, 3, 1, 0, 0, 0, 3, 1, 0, 2, 0, 0, 0, 1, 0, 0, 0, 0, 3, 0, 1, 0, 0, 2, 1, 1, 1, 0, 0, 0, 0, 2, 1, 0, 0, 0, 1, 3, 0, 0, 1, 2, 0, 1, 0, 2, 0, 1, 0, 2, 1, 0, 0, 1, 1, 3, 1, 1, 3, 3, 1, 0, 0, 2, 0, 0, 0, 0, 1, 0, 0, 2, 0, 1, 0, 0, 0, 0, 1, 1, 0, 2, 0, 0],765.9990607008382,57213.806194498815,96238.34283731865,false
9,G2_TEC,G2_TEC,[31, 22, 82, 15, 26, 9, 95, 42, 77, 68, 47, 5, 93, 78, 86, 54, 85, 63, 18, 44, 20, 49, 36, 14, 74, 50, 53, 17, 21, 45, 71, 64, 3, 23, 30, 83, 24, 41, 60, 52, 65, 27, 90, 70, 39, 87, 48, 69, 99, 4, 46, 1, 13, 58, 97, 59, 28, 8, 73, 37, 35, 79, 11, 66, 76, 57, 40, 80, 96, 6, 16, 61, 33, 98, 32, 81, 62, 67, 10, 7, 56, 88, 51, 19, 91, 38, 75, 92, 25, 84, 2, 55, 43, 29, 34, 0, 12, 94, 89, 72]|[2, 1, 2, 1, 1, 2, 1, 1, 1, 1, 1, 0, 2, 2, 1, 2, 0, 0, 0, 2, 2, 1, 0, 2, 0, 2, 2, 1, 0, 1, 1, 1, 0, 0, 1, 0, 2, 1, 2, 2, 0, 0, 1, 1, 0, 2, 0, 2, 1, 0, 0, 2, 2, 0, 2, 0, 2, 1, 0, 0, 2, 1, 0, 2, 2, 0, 2, 2, 0, 1, 2, 1, 1, 0, 0, 1, 1, 1, 1, 2, 2, 1, 1, 1, 1, 0, 0, 0, 1, 0, 2, 0, 1, 1, 1, 0, 1, 1, 1, 1]|[0, 3, 0, 2, 4, 1, 4, 4, 2, 4, 3, 2, 1, 0, 2, 1, 1, 1, 2, 1, 1, 3, 0, 1, 0, 1, 1, 4, 1, 4, 3, 2, 2, 0, 4, 1, 1, 4, 0, 1, 2, 1, 4, 4, 1, 1, 0, 2, 3, 1, 2, 1, 2, 1, 1, 2, 0, 3, 0, 2, 2, 3, 1, 0, 1, 0, 0, 1, 2, 4, 1, 3, 4, 2, 2, 4, 3, 3, 3, 1, 1, 4, 3, 4, 3, 2, 2, 2, 4, 2, 1, 2, 4, 3, 1, 2, 3, 4, 4, 4]|[0, 2, 0, 1, 3, 0, 1, 3, 0, 0, 2, 0, 1, 0, 1, 0, 0, 0, 1, 0, 0, 2, 0, 0, 1, 0, 0, 3, 0, 1, 0, 2, 0, 0, 3, 0, 1, 3, 1, 0, 0, 0, 1, 3, 0, 0, 1, 0, 2, 0, 0, 0, 0, 0, 1, 0, 0, 0, 1, 1, 0, 2, 0, 0, 0, 1, 0, 0, 0, 2, 0, 0, 1, 0, 0, 2, 0, 0, 3, 0, 0, 1, 0, 3, 0, 0, 0, 0, 3, 0, 0, 0, 2, 0, 1, 0, 0, 2, 1, 2],863.840939798981,52281.731521347596,112954.27457422629,false
9,G3_TWC,G3_TWC,[31, 22, 82, 15, 26, 9, 95, 42, 77, 12, 47, 5, 93, 78, 86, 54, 85, 63, 18, 44, 20, 35, 43, 97, 91, 76, 10, 30, 21, 45, 71, 64, 1, 23, 17, 83, 24, 14, 60, 36, 6, 57, 40, 88, 65, 56, 79, 94, 67, 68, 46, 75, 38, 58, 19, 32, 81, 41, 27, 62, 87, 90, 99, 59, 11, 16, 72, 73, 69, 39, 37, 84, 3, 92, 25, 55, 28, 29, 51, 7, 33, 61, 98, 48, 89, 50, 66, 96, 80, 53, 8, 34, 4, 2, 52, 49, 0, 70, 74, 13]|[1, 1, 0, 1, 1, 0, 1, 2, 2, 1, 2, 2, 2, 1, 1, 0, 0, 1, 0, 2, 2, 0, 1, 2, 0, 1, 2, 2, 0, 0, 1, 2, 1, 2, 1, 0, 2, 0, 1, 1, 0, 1, 1, 1, 0, 2, 1, 1, 0, 0, 0, 0, 1, 1, 2, 1, 2, 1, 0, 0, 2, 2, 0, 1, 2, 1, 2, 1, 1, 1, 0, 1, 1, 0, 1, 1, 0, 0, 0, 1, 0, 1, 0, 0, 1, 0, 2, 0, 0, 0, 0, 2, 0, 0, 1, 0, 0, 1, 2, 0]|[4, 3, 2, 2, 4, 1, 2, 2, 2, 4, 1, 1, 2, 4, 4, 1, 2, 4, 2, 1, 1, 1, 1, 2, 1, 2, 1, 1, 1, 1, 3, 2, 3, 0, 4, 0, 1, 1, 0, 3, 2, 2, 2, 0, 1, 1, 0, 4, 0, 1, 2, 2, 1, 0, 0, 3, 2, 4, 1, 2, 2, 1, 1, 1, 1, 3, 0, 4, 4, 1, 1, 1, 1, 0, 4, 4, 2, 1, 1, 1, 2, 3, 1, 1, 1, 1, 1, 1, 1, 2, 1, 1, 2, 2, 1, 1, 2, 3, 1, 2]|[0, 2, 1, 1, 3, 0, 1, 0, 0, 0, 0, 0, 1, 0, 1, 0, 0, 3, 1, 0, 0, 0, 3, 1, 0, 2, 0, 0, 0, 1, 0, 0, 0, 0, 3, 0, 1, 0, 0, 2, 1, 1, 1, 0, 0, 0, 0, 2, 1, 0, 0, 0, 1, 3, 0, 0, 1, 2, 0, 1, 0, 0, 0, 1, 0, 2, 1, 0, 2, 1, 0, 3, 1, 1, 3, 3, 1, 0, 0, 2, 1, 0, 0, 0, 1, 0, 0, 0, 0, 1, 0, 0, 1, 0, 1, 1, 0, 0, 0, 0],847.0427978319374,57842.30893966173,93453.7900685962,false
9,G1_CMAX,G1_CMAX,[31, 22, 82, 15, 26, 9, 95, 42, 77, 12, 47, 5, 93, 78, 86, 54, 6, 63, 18, 44, 20, 35, 43, 97, 91, 76, 10, 30, 21, 45, 64, 1, 23, 17, 83, 24, 14, 60, 36, 13, 75, 46, 68, 67, 69, 79, 56, 65, 88, 40, 57, 85, 58, 19, 32, 81, 48, 27, 62, 87, 90, 99, 59, 11, 16, 72, 73, 71, 70, 39, 37, 84, 3, 98, 29, 28, 55, 25, 92, 7, 33, 61, 53, 41, 89, 50, 8, 96, 51, 80, 34, 4, 66, 2, 52, 49, 0, 94, 74, 38]|[1, 1, 0, 1, 1, 0, 1, 2, 2, 1, 2, 2, 2, 1, 1, 0, 0, 1, 0, 2, 2, 0, 1, 2, 0, 1, 2, 2, 0, 0, 2, 1, 2, 1, 0, 2, 2, 1, 1, 0, 0, 0, 0, 0, 2, 1, 2, 0, 1, 1, 1, 0, 1, 2, 1, 2, 1, 0, 0, 2, 1, 0, 1, 2, 1, 2, 1, 1, 1, 1, 1, 1, 1, 0, 0, 0, 1, 1, 0, 1, 0, 1, 0, 1, 1, 0, 1, 0, 0, 0, 2, 1, 2, 0, 1, 0, 0, 2, 2, 1]|[0, 3, 2, 2, 4, 1, 2, 2, 2, 4, 1, 1, 2, 4, 4, 1, 2, 4, 2, 1, 1, 1, 1, 2, 1, 2, 1, 1, 1, 1, 2, 3, 0, 4, 0, 1, 2, 0, 3, 2, 2, 2, 1, 0, 2, 0, 1, 1, 0, 2, 2, 2, 0, 0, 3, 2, 4, 1, 2, 2, 3, 1, 1, 1, 3, 0, 4, 3, 3, 1, 4, 1, 1, 1, 1, 2, 4, 4, 0, 1, 2, 3, 2, 4, 1, 1, 3, 1, 1, 1, 1, 4, 1, 2, 1, 1, 2, 2, 1, 1]|[0, 2, 1, 1, 3, 0, 1, 0, 0, 0, 0, 0, 1, 0, 1, 0, 1, 3, 1, 0, 0, 0, 3, 1, 0, 2, 0, 0, 0, 1, 0, 0, 0, 3, 0, 1, 1, 0, 2, 0, 0, 0, 0, 1, 0, 0, 0, 0, 0, 1, 1, 0, 3, 0, 0, 1, 2, 0, 1, 0, 2, 0, 1, 0, 2, 1, 0, 0, 0, 1, 1, 3, 1, 0, 0, 1, 3, 3, 1, 2, 1, 0, 1, 3, 1, 0, 2, 0, 0, 0, 0, 0, 0, 0, 1, 1, 0, 0, 0, 1],740.6648699319737,58345.503832923176,99227.13002615936,false
9,G4_BALANCED,G4_BALANCED,[31, 22, 82, 15, 26, 58, 95, 42, 77, 12, 47, 5, 93, 78, 86, 54, 85, 63, 18, 44, 20, 35, 43, 97, 91, 76, 10, 30, 21, 45, 71, 64, 1, 23, 17, 83, 24, 14, 60, 36, 6, 57, 40, 88, 65, 56, 79, 94, 67, 68, 46, 75, 38, 9, 19, 32, 81, 41, 27, 62, 87, 90, 99, 59, 11, 16, 72, 73, 70, 39, 37, 84, 3, 92, 25, 55, 28, 29, 51, 7, 66, 61, 98, 48, 89, 50, 96, 8, 80, 53, 34, 4, 33, 2, 52, 49, 0, 69, 74, 13]|[1, 1, 0, 1, 1, 0, 1, 2, 2, 1, 2, 2, 2, 1, 1, 0, 0, 1, 0, 2, 2, 0, 1, 2, 0, 1, 2, 2, 0, 0, 1, 2, 1, 2, 1, 0, 2, 0, 1, 1, 0, 1, 1, 1, 0, 2, 1, 1, 0, 0, 0, 0, 1, 1, 2, 1, 2, 1, 0, 0, 2, 1, 0, 1, 2, 1, 2, 1, 1, 1, 1, 1, 1, 0, 1, 1, 0, 0, 0, 1, 2, 1, 2, 0, 1, 0, 0, 1, 0, 0, 2, 1, 2, 0, 1, 0, 0, 1, 2, 0]|[4, 3, 2, 2, 4, 1, 2, 2, 2, 4, 1, 1, 2, 4, 4, 1, 2, 4, 2, 1, 1, 1, 1, 2, 1, 2, 1, 1, 1, 1, 3, 2, 3, 1, 4, 0, 1, 1, 0, 3, 2, 2, 2, 0, 1, 1, 0, 4, 0, 1, 2, 2, 1, 0, 0, 3, 2, 4, 1, 2, 2, 3, 1, 1, 1, 3, 0, 4, 3, 1, 4, 1, 1, 0, 4, 4, 2, 1, 1, 1, 1, 3, 1, 1, 1, 1, 1, 3, 1, 2, 1, 4, 1, 2, 1, 1, 2, 4, 1, 2]|[0, 2, 1, 1, 3, 0, 1, 0, 0, 0, 0, 0, 1, 0, 1, 0, 0, 3, 1, 0, 0, 0, 3, 1, 0, 2, 0, 0, 0, 1, 0, 0, 0, 0, 3, 0, 1, 0, 0, 2, 1, 1, 1, 0, 0, 0, 0, 2, 1, 0, 0, 0, 1, 3, 0, 0, 1, 2, 0, 1, 0, 2, 0, 1, 0, 2, 1, 0, 0, 1, 1, 3, 1, 1, 3, 3, 1, 0, 0, 2, 0, 0, 0, 0, 1, 0, 0, 2, 0, 1, 0, 0, 0, 0, 1, 1, 0, 2, 0, 0],765.9990607008382,57213.806194498815,96238.34283731865,false
9,G2_TEC,G2_TEC,[31, 22, 82, 15, 26, 9, 95, 42, 77, 68, 47, 5, 93, 78, 86, 54, 85, 63, 18, 44, 20, 49, 36, 14, 74, 50, 53, 17, 21, 45, 71, 64, 3, 23, 30, 83, 24, 41, 60, 52, 65, 27, 90, 70, 39, 87, 48, 69, 99, 4, 46, 1, 13, 58, 97, 59, 28, 8, 73, 37, 35, 79, 11, 66, 76, 57, 40, 80, 96, 6, 16, 61, 33, 98, 32, 81, 62, 67, 10, 7, 56, 88, 51, 19, 91, 38, 75, 92, 25, 84, 2, 55, 43, 29, 34, 0, 12, 94, 89, 72]|[2, 1, 2, 1, 1, 2, 1, 1, 1, 1, 1, 0, 2, 2, 1, 2, 0, 0, 0, 2, 2, 1, 0, 2, 0, 2, 2, 1, 0, 1, 1, 1, 0, 0, 1, 0, 2, 1, 2, 2, 0, 0, 1, 1, 0, 2, 0, 2, 1, 0, 0, 2, 2, 0, 2, 0, 2, 1, 0, 0, 2, 1, 0, 2, 2, 0, 2, 2, 0, 1, 2, 1, 1, 0, 0, 1, 1, 1, 1, 2, 2, 1, 1, 1, 1, 0, 0, 0, 1, 0, 2, 0, 1, 1, 1, 0, 1, 1, 1, 1]|[0, 3, 0, 2, 4, 1, 4, 4, 2, 4, 3, 2, 1, 0, 2, 1, 1, 1, 2, 1, 1, 3, 0, 1, 0, 1, 1, 4, 1, 4, 3, 2, 2, 0, 4, 1, 1, 4, 0, 1, 2, 1, 4, 4, 1, 1, 0, 2, 3, 1, 2, 1, 2, 1, 1, 2, 0, 3, 0, 2, 2, 3, 1, 0, 1, 0, 0, 1, 2, 4, 1, 3, 4, 2, 2, 4, 3, 3, 3, 1, 1, 4, 3, 4, 3, 2, 2, 2, 4, 2, 1, 2, 4, 3, 1, 2, 3, 4, 4, 4]|[0, 2, 0, 1, 3, 0, 1, 3, 0, 0, 2, 0, 1, 0, 1, 0, 0, 0, 1, 0, 0, 2, 0, 0, 1, 0, 0, 3, 0, 1, 0, 2, 0, 0, 3, 0, 1, 3, 1, 0, 0, 0, 1, 3, 0, 0, 1, 0, 2, 0, 0, 0, 0, 0, 1, 0, 0, 0, 1, 1, 0, 2, 0, 0, 0, 1, 0, 0, 0, 2, 0, 0, 1, 0, 0, 2, 0, 0, 3, 0, 0, 1, 0, 3, 0, 0, 0, 0, 3, 0, 0, 0, 2, 0, 1, 0, 0, 2, 1, 2],863.840939798981,52281.731521347596,112954.27457422629,false
9,G3_TWC,G3_TWC,[31, 22, 82, 15, 26, 9, 95, 42, 77, 12, 47, 5, 93, 78, 86, 54, 85, 63, 18, 44, 20, 35, 43, 97, 91, 76, 10, 30, 21, 45, 71, 64, 1, 23, 17, 83, 24, 14, 60, 36, 6, 57, 40, 88, 65, 56, 79, 94, 67, 68, 46, 75, 38, 58, 19, 32, 81, 41, 27, 62, 87, 90, 99, 59, 11, 16, 72, 73, 69, 39, 37, 84, 3, 92, 25, 55, 28, 29, 51, 7, 33, 61, 98, 48, 89, 50, 66, 96, 80, 53, 8, 34, 4, 2, 52, 49, 0, 70, 74, 13]|[1, 1, 0, 1, 1, 0, 1, 2, 2, 1, 2, 2, 2, 1, 1, 0, 0, 1, 0, 2, 2, 0, 1, 2, 0, 1, 2, 2, 0, 0, 1, 2, 1, 2, 1, 0, 2, 0, 1, 1, 0, 1, 1, 1, 0, 2, 1, 1, 0, 0, 0, 0, 1, 1, 2, 1, 2, 1, 0, 0, 2, 2, 0, 1, 2, 1, 2, 1, 1, 1, 0, 1, 1, 0, 1, 1, 0, 0, 0, 1, 0, 1, 0, 0, 1, 0, 2, 0, 0, 0, 0, 2, 0, 0, 1, 0, 0, 1, 2, 0]|[4, 3, 2, 2, 4, 1, 2, 2, 2, 4, 1, 1, 2, 4, 4, 1, 2, 4, 2, 1, 1, 1, 1, 2, 1, 2, 1, 1, 1, 1, 3, 2, 3, 0, 4, 0, 1, 1, 0, 3, 2, 2, 2, 0, 1, 1, 0, 4, 0, 1, 2, 2, 1, 0, 0, 3, 2, 4, 1, 2, 2, 1, 1, 1, 1, 3, 0, 4, 4, 1, 1, 1, 1, 0, 4, 4, 2, 1, 1, 1, 2, 3, 1, 1, 1, 1, 1, 1, 1, 2, 1, 1, 2, 2, 1, 1, 2, 3, 1, 2]|[0, 2, 1, 1, 3, 0, 1, 0, 0, 0, 0, 0, 1, 0, 1, 0, 0, 3, 1, 0, 0, 0, 3, 1, 0, 2, 0, 0, 0, 1, 0, 0, 0, 0, 3, 0, 1, 0, 0, 2, 1, 1, 1, 0, 0, 0, 0, 2, 1, 0, 0, 0, 1, 3, 0, 0, 1, 2, 0, 1, 0, 0, 0, 1, 0, 2, 1, 0, 2, 1, 0, 3, 1, 1, 3, 3, 1, 0, 0, 2, 1, 0, 0, 0, 1, 0, 0, 0, 0, 1, 0, 0, 1, 0, 1, 1, 0, 0, 0, 0],847.0427978319374,57842.30893966173,93453.7900685962,false
9,G1_CMAX,G1_CMAX,[31, 22, 82, 15, 26, 9, 95, 42, 77, 12, 47, 5, 93, 78, 86, 54, 6, 63, 18, 44, 20, 35, 43, 97, 91, 76, 10, 30, 21, 45, 64, 1, 23, 17, 83, 24, 14, 60, 36, 13, 75, 46, 68, 67, 69, 79, 56, 65, 88, 40, 57, 85, 58, 19, 32, 81, 48, 27, 62, 87, 90, 99, 59, 11, 16, 72, 73, 71, 70, 39, 37, 84, 3, 98, 29, 28, 55, 25, 92, 7, 33, 61, 53, 41, 89, 50, 8, 96, 51, 80, 34, 4, 66, 2, 52, 49, 0, 94, 74, 38]|[1, 1, 0, 1, 1, 0, 1, 2, 2, 1, 2, 2, 2, 1, 1, 0, 0, 1, 0, 2, 2, 0, 1, 2, 0, 1, 2, 2, 0, 0, 2, 1, 2, 1, 0, 2, 2, 1, 1, 0, 0, 0, 0, 0, 2, 1, 2, 0, 1, 1, 1, 0, 1, 2, 1, 2, 1, 0, 0, 2, 1, 0, 1, 2, 1, 2, 1, 1, 1, 1, 1, 1, 1, 0, 0, 0, 1, 1, 0, 1, 0, 1, 0, 1, 1, 0, 1, 0, 0, 0, 2, 1, 2, 0, 1, 0, 0, 2, 2, 1]|[0, 3, 2, 2, 4, 1, 2, 2, 2, 4, 1, 1, 2, 4, 4, 1, 2, 4, 2, 1, 1, 1, 1, 2, 1, 2, 1, 1, 1, 1, 2, 3, 0, 4, 0, 1, 2, 0, 3, 2, 2, 2, 1, 0, 2, 0, 1, 1, 0, 2, 2, 2, 0, 0, 3, 2, 4, 1, 2, 2, 3, 1, 1, 1, 3, 0, 4, 3, 3, 1, 4, 1, 1, 1, 1, 2, 4, 4, 0, 1, 2, 3, 2, 4, 1, 1, 3, 1, 1, 1, 1, 4, 1, 2, 1, 1, 2, 2, 1, 1]|[0, 2, 1, 1, 3, 0, 1, 0, 0, 0, 0, 0, 1, 0, 1, 0, 1, 3, 1, 0, 0, 0, 3, 1, 0, 2, 0, 0, 0, 1, 0, 0, 0, 3, 0, 1, 1, 0, 2, 0, 0, 0, 0, 1, 0, 0, 0, 0, 0, 1, 1, 0, 3, 0, 0, 1, 2, 0, 1, 0, 2, 0, 1, 0, 2, 1, 0, 0, 0, 1, 1, 3, 1, 0, 0, 1, 3, 3, 1, 2, 1, 0, 1, 3, 1, 0, 2, 0, 0, 0, 0, 0, 0, 0, 1, 1, 0, 0, 0, 1],740.6648699319737,58345.503832923176,99227.13002615936,false
9,G4_BALANCED,G4_BALANCED,[31, 22, 82, 15, 26, 58, 95, 42, 77, 12, 47, 5, 93, 78, 86, 54, 85, 63, 18, 44, 20, 35, 43, 97, 91, 76, 10, 30, 21, 45, 71, 64, 1, 23, 17, 83, 24, 14, 60, 36, 6, 57, 40, 88, 65, 56, 79, 94, 67, 68, 46, 75, 38, 9, 19, 32, 81, 41, 27, 62, 87, 90, 99, 59, 11, 16, 72, 73, 70, 39, 37, 84, 3, 92, 25, 55, 28, 29, 51, 7, 66, 61, 98, 48, 89, 50, 96, 8, 80, 53, 34, 4, 33, 2, 52, 49, 0, 69, 74, 13]|[1, 1, 0, 1, 1, 0, 1, 2, 2, 1, 2, 2, 2, 1, 1, 0, 0, 1, 0, 2, 2, 0, 1, 2, 0, 1, 2, 2, 0, 0, 1, 2, 1, 2, 1, 0, 2, 0, 1, 1, 0, 1, 1, 1, 0, 2, 1, 1, 0, 0, 0, 0, 1, 1, 2, 1, 2, 1, 0, 0, 2, 1, 0, 1, 2, 1, 2, 1, 1, 1, 1, 1, 1, 0, 1, 1, 0, 0, 0, 1, 2, 1, 2, 0, 1, 0, 0, 1, 0, 0, 2, 1, 2, 0, 1, 0, 0, 1, 2, 0]|[4, 3, 2, 2, 4, 1, 2, 2, 2, 4, 1, 1, 2, 4, 4, 1, 2, 4, 2, 1, 1, 1, 1, 2, 1, 2, 1, 1, 1, 1, 3, 2, 3, 1, 4, 0, 1, 1, 0, 3, 2, 2, 2, 0, 1, 1, 0, 4, 0, 1, 2, 2, 1, 0, 0, 3, 2, 4, 1, 2, 2, 3, 1, 1, 1, 3, 0, 4, 3, 1, 4, 1, 1, 0, 4, 4, 2, 1, 1, 1, 1, 3, 1, 1, 1, 1, 1, 3, 1, 2, 1, 4, 1, 2, 1, 1, 2, 4, 1, 2]|[0, 2, 1, 1, 3, 0, 1, 0, 0, 0, 0, 0, 1, 0, 1, 0, 0, 3, 1, 0, 0, 0, 3, 1, 0, 2, 0, 0, 0, 1, 0, 0, 0, 0, 3, 0, 1, 0, 0, 2, 1, 1, 1, 0, 0, 0, 0, 2, 1, 0, 0, 0, 1, 3, 0, 0, 1, 2, 0, 1, 0, 2, 0, 1, 0, 2, 1, 0, 0, 1, 1, 3, 1, 1, 3, 3, 1, 0, 0, 2, 0, 0, 0, 0, 1, 0, 0, 2, 0, 1, 0, 0, 0, 0, 1, 1, 0, 2, 0, 0],765.9990607008382,57213.806194498815,96238.34283731865,false
9,G2_TEC,G2_TEC,[31, 22, 82, 15, 26, 9, 95, 42, 77, 68, 47, 5, 93, 78, 86, 54, 85, 63, 18, 44, 20, 49, 36, 14, 74, 50, 53, 17, 21, 45, 71, 64, 3, 23, 30, 83, 24, 41, 60, 52, 65, 27, 90, 70, 39, 87, 48, 69, 99, 4, 46, 1, 13, 58, 97, 59, 28, 8, 73, 37, 35, 79, 11, 66, 76, 57, 40, 80, 96, 6, 16, 61, 33, 98, 32, 81, 62, 67, 10, 7, 56, 88, 51, 19, 91, 38, 75, 92, 25, 84, 2, 55, 43, 29, 34, 0, 12, 94, 89, 72]|[2, 1, 2, 1, 1, 2, 1, 1, 1, 1, 1, 0, 2, 2, 1, 2, 0, 0, 0, 2, 2, 1, 0, 2, 0, 2, 2, 1, 0, 1, 1, 1, 0, 0, 1, 0, 2, 1, 2, 2, 0, 0, 1, 1, 0, 2, 0, 2, 1, 0, 0, 2, 2, 0, 2, 0, 2, 1, 0, 0, 2, 1, 0, 2, 2, 0, 2, 2, 0, 1, 2, 1, 1, 0, 0, 1, 1, 1, 1, 2, 2, 1, 1, 1, 1, 0, 0, 0, 1, 0, 2, 0, 1, 1, 1, 0, 1, 1, 1, 1]|[0, 3, 0, 2, 4, 1, 4, 4, 2, 4, 3, 2, 1, 0, 2, 1, 1, 1, 2, 1, 1, 3, 0, 1, 0, 1, 1, 4, 1, 4, 3, 2, 2, 0, 4, 1, 1, 4, 0, 1, 2, 1, 4, 4, 1, 1, 0, 2, 3, 1, 2, 1, 2, 1, 1, 2, 0, 3, 0, 2, 2, 3, 1, 0, 1, 0, 0, 1, 2, 4, 1, 3, 4, 2, 2, 4, 3, 3, 3, 1, 1, 4, 3, 4, 3, 2, 2, 2, 4, 2, 1, 2, 4, 3, 1, 2, 3, 4, 4, 4]|[0, 2, 0, 1, 3, 0, 1, 3, 0, 0, 2, 0, 1, 0, 1, 0, 0, 0, 1, 0, 0, 2, 0, 0, 1, 0, 0, 3, 0, 1, 0, 2, 0, 0, 3, 0, 1, 3, 1, 0, 0, 0, 1, 3, 0, 0, 1, 0, 2, 0, 0, 0, 0, 0, 1, 0, 0, 0, 1, 1, 0, 2, 0, 0, 0, 1, 0, 0, 0, 2, 0, 0, 1, 0, 0, 2, 0, 0, 3, 0, 0, 1, 0, 3, 0, 0, 0, 0, 3, 0, 0, 0, 2, 0, 1, 0, 0, 2, 1, 2],863.840939798981,52281.731521347596,112954.27457422629,false
9,G3_TWC,G3_TWC,[31, 22, 82, 15, 26, 9, 95, 42, 77, 12, 47, 5, 93, 78, 86, 54, 85, 63, 18, 44, 20, 35, 43, 97, 91, 76, 10, 30, 21, 45, 71, 64, 1, 23, 17, 83, 24, 14, 60, 36, 6, 57, 40, 88, 65, 56, 79, 94, 67, 68, 46, 75, 38, 58, 19, 32, 81, 41, 27, 62, 87, 90, 99, 59, 11, 16, 72, 73, 69, 39, 37, 84, 3, 92, 25, 55, 28, 29, 51, 7, 33, 61, 98, 48, 89, 50, 66, 96, 80, 53, 8, 34, 4, 2, 52, 49, 0, 70, 74, 13]|[1, 1, 0, 1, 1, 0, 1, 2, 2, 1, 2, 2, 2, 1, 1, 0, 0, 1, 0, 2, 2, 0, 1, 2, 0, 1, 2, 2, 0, 0, 1, 2, 1, 2, 1, 0, 2, 0, 1, 1, 0, 1, 1, 1, 0, 2, 1, 1, 0, 0, 0, 0, 1, 1, 2, 1, 2, 1, 0, 0, 2, 2, 0, 1, 2, 1, 2, 1, 1, 1, 0, 1, 1, 0, 1, 1, 0, 0, 0, 1, 0, 1, 0, 0, 1, 0, 2, 0, 0, 0, 0, 2, 0, 0, 1, 0, 0, 1, 2, 0]|[4, 3, 2, 2, 4, 1, 2, 2, 2, 4, 1, 1, 2, 4, 4, 1, 2, 4, 2, 1, 1, 1, 1, 2, 1, 2, 1, 1, 1, 1, 3, 2, 3, 0, 4, 0, 1, 1, 0, 3, 2, 2, 2, 0, 1, 1, 0, 4, 0, 1, 2, 2, 1, 0, 0, 3, 2, 4, 1, 2, 2, 1, 1, 1, 1, 3, 0, 4, 4, 1, 1, 1, 1, 0, 4, 4, 2, 1, 1, 1, 2, 3, 1, 1, 1, 1, 1, 1, 1, 2, 1, 1, 2, 2, 1, 1, 2, 3, 1, 2]|[0, 2, 1, 1, 3, 0, 1, 0, 0, 0, 0, 0, 1, 0, 1, 0, 0, 3, 1, 0, 0, 0, 3, 1, 0, 2, 0, 0, 0, 1, 0, 0, 0, 0, 3, 0, 1, 0, 0, 2, 1, 1, 1, 0, 0, 0, 0, 2, 1, 0, 0, 0, 1, 3, 0, 0, 1, 2, 0, 1, 0, 0, 0, 1, 0, 2, 1, 0, 2, 1, 0, 3, 1, 1, 3, 3, 1, 0, 0, 2, 1, 0, 0, 0, 1, 0, 0, 0, 0, 1, 0, 0, 1, 0, 1, 1, 0, 0, 0, 0],847.0427978319374,57842.30893966173,93453.7900685962,false
9,G1_CMAX,G1_CMAX,[31, 22, 82, 15, 26, 9, 95, 42, 77, 12, 47, 5, 93, 78, 86, 54, 6, 63, 18, 44, 20, 35, 43, 97, 91, 76, 10, 30, 21, 45, 64, 1, 23, 17, 83, 24, 14, 60, 36, 13, 75, 46, 68, 67, 69, 79, 56, 65, 88, 40, 57, 85, 58, 19, 32, 81, 48, 27, 62, 87, 90, 99, 59, 11, 16, 72, 73, 71, 70, 39, 37, 84, 3, 98, 29, 28, 55, 25, 92, 7, 33, 61, 53, 41, 89, 50, 8, 96, 51, 80, 34, 4, 66, 2, 52, 49, 0, 94, 74, 38]|[1, 1, 0, 1, 1, 0, 1, 2, 2, 1, 2, 2, 2, 1, 1, 0, 0, 1, 0, 2, 2, 0, 1, 2, 0, 1, 2, 2, 0, 0, 2, 1, 2, 1, 0, 2, 2, 1, 1, 0, 0, 0, 0, 0, 2, 1, 2, 0, 1, 1, 1, 0, 1, 2, 1, 2, 1, 0, 0, 2, 1, 0, 1, 2, 1, 2, 1, 1, 1, 1, 1, 1, 1, 0, 0, 0, 1, 1, 0, 1, 0, 1, 0, 1, 1, 0, 1, 0, 0, 0, 2, 1, 2, 0, 1, 0, 0, 2, 2, 1]|[0, 3, 2, 2, 4, 1, 2, 2, 2, 4, 1, 1, 2, 4, 4, 1, 2, 4, 2, 1, 1, 1, 1, 2, 1, 2, 1, 1, 1, 1, 2, 3, 0, 4, 0, 1, 2, 0, 3, 2, 2, 2, 1, 0, 2, 0, 1, 1, 0, 2, 2, 2, 0, 0, 3, 2, 4, 1, 2, 2, 3, 1, 1, 1, 3, 0, 4, 3, 3, 1, 4, 1, 1, 1, 1, 2, 4, 4, 0, 1, 2, 3, 2, 4, 1, 1, 3, 1, 1, 1, 1, 4, 1, 2, 1, 1, 2, 2, 1, 1]|[0, 2, 1, 1, 3, 0, 1, 0, 0, 0, 0, 0, 1, 0, 1, 0, 1, 3, 1, 0, 0, 0, 3, 1, 0, 2, 0, 0, 0, 1, 0, 0, 0, 3, 0, 1, 1, 0, 2, 0, 0, 0, 0, 1, 0, 0, 0, 0, 0, 1, 1, 0, 3, 0, 0, 1, 2, 0, 1, 0, 2, 0, 1, 0, 2, 1, 0, 0, 0, 1, 1, 3, 1, 0, 0, 1, 3, 3, 1, 2, 1, 0, 1, 3, 1, 0, 2, 0, 0, 0, 0, 0, 0, 0, 1, 1, 0, 0, 0, 1],740.6648699319737,58345.503832923176,99227.13002615936,false
9,G4_BALANCED,G4_BALANCED,[31, 22, 82, 15, 26, 58, 95, 42, 77, 12, 47, 5, 93, 78, 86, 54, 85, 63, 18, 44, 20, 35, 43, 97, 91, 76, 10, 30, 21, 45, 71, 64, 1, 23, 17, 83, 24, 14, 60, 36, 6, 57, 40, 88, 65, 56, 79, 94, 67, 68, 46, 75, 38, 9, 19, 32, 81, 41, 27, 62, 87, 90, 99, 59, 11, 16, 72, 73, 70, 39, 37, 84, 3, 92, 25, 55, 28, 29, 51, 7, 66, 61, 98, 48, 89, 50, 96, 8, 80, 53, 34, 4, 33, 2, 52, 49, 0, 69, 74, 13]|[1, 1, 0, 1, 1, 0, 1, 2, 2, 1, 2, 2, 2, 1, 1, 0, 0, 1, 0, 2, 2, 0, 1, 2, 0, 1, 2, 2, 0, 0, 1, 2, 1, 2, 1, 0, 2, 0, 1, 1, 0, 1, 1, 1, 0, 2, 1, 1, 0, 0, 0, 0, 1, 1, 2, 1, 2, 1, 0, 0, 2, 1, 0, 1, 2, 1, 2, 1, 1, 1, 1, 1, 1, 0, 1, 1, 0, 0, 0, 1, 2, 1, 2, 0, 1, 0, 0, 1, 0, 0, 2, 1, 2, 0, 1, 0, 0, 1, 2, 0]|[4, 3, 2, 2, 4, 1, 2, 2, 2, 4, 1, 1, 2, 4, 4, 1, 2, 4, 2, 1, 1, 1, 1, 2, 1, 2, 1, 1, 1, 1, 3, 2, 3, 1, 4, 0, 1, 1, 0, 3, 2, 2, 2, 0, 1, 1, 0, 4, 0, 1, 2, 2, 1, 0, 0, 3, 2, 4, 1, 2, 2, 3, 1, 1, 1, 3, 0, 4, 3, 1, 4, 1, 1, 0, 4, 4, 2, 1, 1, 1, 1, 3, 1, 1, 1, 1, 1, 3, 1, 2, 1, 4, 1, 2, 1, 1, 2, 4, 1, 2]|[0, 2, 1, 1, 3, 0, 1, 0, 0, 0, 0, 0, 1, 0, 1, 0, 0, 3, 1, 0, 0, 0, 3, 1, 0, 2, 0, 0, 0, 1, 0, 0, 0, 0, 3, 0, 1, 0, 0, 2, 1, 1, 1, 0, 0, 0, 0, 2, 1, 0, 0, 0, 1, 3, 0, 0, 1, 2, 0, 1, 0, 2, 0, 1, 0, 2, 1, 0, 0, 1, 1, 3, 1, 1, 3, 3, 1, 0, 0, 2, 0, 0, 0, 0, 1, 0, 0, 2, 0, 1, 0, 0, 0, 0, 1, 1, 0, 2, 0, 0],765.9990607008382,57213.806194498815,96238.34283731865,false
9,G2_TEC,G2_TEC,[31, 22, 82, 15, 26, 9, 95, 42, 77, 68, 47, 5, 93, 78, 86, 54, 85, 63, 18, 44, 20, 49, 36, 14, 74, 50, 53, 17, 21, 45, 71, 64, 3, 23, 30, 83, 24, 41, 60, 52, 65, 27, 90, 70, 39, 87, 48, 69, 99, 4, 46, 1, 13, 58, 97, 59, 28, 8, 73, 37, 35, 79, 11, 66, 76, 57, 40, 80, 96, 6, 16, 61, 33, 98, 32, 81, 62, 67, 10, 7, 56, 88, 51, 19, 91, 38, 75, 92, 25, 84, 2, 55, 43, 29, 34, 0, 12, 94, 89, 72]|[2, 1, 2, 1, 1, 2, 1, 1, 1, 1, 1, 0, 2, 2, 1, 2, 0, 0, 0, 2, 2, 1, 0, 2, 0, 2, 2, 1, 0, 1, 1, 1, 0, 0, 1, 0, 2, 1, 2, 2, 0, 0, 1, 1, 0, 2, 0, 2, 1, 0, 0, 2, 2, 0, 2, 0, 2, 1, 0, 0, 2, 1, 0, 2, 2, 0, 2, 2, 0, 1, 2, 1, 1, 0, 0, 1, 1, 1, 1, 2, 2, 1, 1, 1, 1, 0, 0, 0, 1, 0, 2, 0, 1, 1, 1, 0, 1, 1, 1, 1]|[0, 3, 0, 2, 4, 1, 4, 4, 2, 4, 3, 2, 1, 0, 2, 1, 1, 1, 2, 1, 1, 3, 0, 1, 0, 1, 1, 4, 1, 4, 3, 2, 2, 0, 4, 1, 1, 4, 0, 1, 2, 1, 4, 4, 1, 1, 0, 2, 3, 1, 2, 1, 2, 1, 1, 2, 0, 3, 0, 2, 2, 3, 1, 0, 1, 0, 0, 1, 2, 4, 1, 3, 4, 2, 2, 4, 3, 3, 3, 1, 1, 4, 3, 4, 3, 2, 2, 2, 4, 2, 1, 2, 4, 3, 1, 2, 3, 4, 4, 4]|[0, 2, 0, 1, 3, 0, 1, 3, 0, 0, 2, 0, 1, 0, 1, 0, 0, 0, 1, 0, 0, 2, 0, 0, 1, 0, 0, 3, 0, 1, 0, 2, 0, 0, 3, 0, 1, 3, 1, 0, 0, 0, 1, 3, 0, 0, 1, 0, 2, 0, 0, 0, 0, 0, 1, 0, 0, 0, 1, 1, 0, 2, 0, 0, 0, 1, 0, 0, 0, 2, 0, 0, 1, 0, 0, 2, 0, 0, 3, 0, 0, 1, 0, 3, 0, 0, 0, 0, 3, 0, 0, 0, 2, 0, 1, 0, 0, 2, 1, 2],863.840939798981,52281.731521347596,112954.27457422629,false
9,G3_TWC,G3_TWC,[31, 22, 82, 15, 26, 9, 95, 42, 77, 12, 47, 5, 93, 78, 86, 54, 85, 63, 18, 44, 20, 35, 43, 97, 91, 76, 10, 30, 21, 45, 71, 64, 1, 23, 17, 83, 24, 14, 60, 36, 6, 57, 40, 88, 65, 56, 79, 94, 67, 68, 46, 75, 38, 58, 19, 32, 81, 41, 27, 62, 87, 90, 99, 59, 11, 16, 72, 73, 69, 39, 37, 84, 3, 92, 25, 55, 28, 29, 51, 7, 33, 61, 98, 48, 89, 50, 66, 96, 80, 53, 8, 34, 4, 2, 52, 49, 0, 70, 74, 13]|[1, 1, 0, 1, 1, 0, 1, 2, 2, 1, 2, 2, 2, 1, 1, 0, 0, 1, 0, 2, 2, 0, 1, 2, 0, 1, 2, 2, 0, 0, 1, 2, 1, 2, 1, 0, 2, 0, 1, 1, 0, 1, 1, 1, 0, 2, 1, 1, 0, 0, 0, 0, 1, 1, 2, 1, 2, 1, 0, 0, 2, 2, 0, 1, 2, 1, 2, 1, 1, 1, 0, 1, 1, 0, 1, 1, 0, 0, 0, 1, 0, 1, 0, 0, 1, 0, 2, 0, 0, 0, 0, 2, 0, 0, 1, 0, 0, 1, 2, 0]|[4, 3, 2, 2, 4, 1, 2, 2, 2, 4, 1, 1, 2, 4, 4, 1, 2, 4, 2, 1, 1, 1, 1, 2, 1, 2, 1, 1, 1, 1, 3, 2, 3, 0, 4, 0, 1, 1, 0, 3, 2, 2, 2, 0, 1, 1, 0, 4, 0, 1, 2, 2, 1, 0, 0, 3, 2, 4, 1, 2, 2, 1, 1, 1, 1, 3, 0, 4, 4, 1, 1, 1, 1, 0, 4, 4, 2, 1, 1, 1, 2, 3, 1, 1, 1, 1, 1, 1, 1, 2, 1, 1, 2, 2, 1, 1, 2, 3, 1, 2]|[0, 2, 1, 1, 3, 0, 1, 0, 0, 0, 0, 0, 1, 0, 1, 0, 0, 3, 1, 0, 0, 0, 3, 1, 0, 2, 0, 0, 0, 1, 0, 0, 0, 0, 3, 0, 1, 0, 0, 2, 1, 1, 1, 0, 0, 0, 0, 2, 1, 0, 0, 0, 1, 3, 0, 0, 1, 2, 0, 1, 0, 0, 0, 1, 0, 2, 1, 0, 2, 1, 0, 3, 1, 1, 3, 3, 1, 0, 0, 2, 1, 0, 0, 0, 1, 0, 0, 0, 0, 1, 0, 0, 1, 0, 1, 1, 0, 0, 0, 0],847.0427978319374,57842.30893966173,93453.7900685962,false
9,G1_CMAX,G1_CMAX,[31, 22, 82, 15, 26, 9, 95, 42, 77, 12, 47, 5, 93, 78, 86, 54, 6, 63, 18, 44, 20, 35, 43, 97, 91, 76, 10, 30, 21, 45, 64, 1, 23, 17, 83, 24, 14, 60, 36, 13, 75, 46, 68, 67, 69, 79, 56, 65, 88, 40, 57, 85, 58, 19, 32, 81, 48, 27, 62, 87, 90, 99, 59, 11, 16, 72, 73, 71, 70, 39, 37, 84, 3, 98, 29, 28, 55, 25, 92, 7, 33, 61, 53, 41, 89, 50, 8, 96, 51, 80, 34, 4, 66, 2, 52, 49, 0, 94, 74, 38]|[1, 1, 0, 1, 1, 0, 1, 2, 2, 1, 2, 2, 2, 1, 1, 0, 0, 1, 0, 2, 2, 0, 1, 2, 0, 1, 2, 2, 0, 0, 2, 1, 2, 1, 0, 2, 2, 1, 1, 0, 0, 0, 0, 0, 2, 1, 2, 0, 1, 1, 1, 0, 1, 2, 1, 2, 1, 0, 0, 2, 1, 0, 1, 2, 1, 2, 1, 1, 1, 1, 1, 1, 1, 0, 0, 0, 1, 1, 0, 1, 0, 1, 0, 1, 1, 0, 1, 0, 0, 0, 2, 1, 2, 0, 1, 0, 0, 2, 2, 1]|[0, 3, 2, 2, 4, 1, 2, 2, 2, 4, 1, 1, 2, 4, 4, 1, 2, 4, 2, 1, 1, 1, 1, 2, 1, 2, 1, 1, 1, 1, 2, 3, 0, 4, 0, 1, 2, 0, 3, 2, 2, 2, 1, 0, 2, 0, 1, 1, 0, 2, 2, 2, 0, 0, 3, 2, 4, 1, 2, 2, 3, 1, 1, 1, 3, 0, 4, 3, 3, 1, 4, 1, 1, 1, 1, 2, 4, 4, 0, 1, 2, 3, 2, 4, 1, 1, 3, 1, 1, 1, 1, 4, 1, 2, 1, 1, 2, 2, 1, 1]|[0, 2, 1, 1, 3, 0, 1, 0, 0, 0, 0, 0, 1, 0, 1, 0, 1, 3, 1, 0, 0, 0, 3, 1, 0, 2, 0, 0, 0, 1, 0, 0, 0, 3, 0, 1, 1, 0, 2, 0, 0, 0, 0, 1, 0, 0, 0, 0, 0, 1, 1, 0, 3, 0, 0, 1, 2, 0, 1, 0, 2, 0, 1, 0, 2, 1, 0, 0, 0, 1, 1, 3, 1, 0, 0, 1, 3, 3, 1, 2, 1, 0, 1, 3, 1, 0, 2, 0, 0, 0, 0, 0, 0, 0, 1, 1, 0, 0, 0, 1],740.6648699319737,58345.503832923176,99227.13002615936,false
9,G4_BALANCED,G4_BALANCED,[31, 22, 82, 15, 26, 58, 95, 42, 77, 12, 47, 5, 93, 78, 86, 54, 85, 63, 18, 44, 20, 35, 43, 97, 91, 76, 10, 30, 21, 45, 71, 64, 1, 23, 17, 83, 24, 14, 60, 36, 6, 57, 40, 88, 65, 56, 79, 94, 67, 68, 46, 75, 38, 9, 19, 32, 81, 41, 27, 62, 87, 90, 99, 59, 11, 16, 72, 73, 70, 39, 37, 84, 3, 92, 25, 55, 28, 29, 51, 7, 66, 61, 98, 48, 89, 50, 96, 8, 80, 53, 34, 4, 33, 2, 52, 49, 0, 69, 74, 13]|[1, 1, 0, 1, 1, 0, 1, 2, 2, 1, 2, 2, 2, 1, 1, 0, 0, 1, 0, 2, 2, 0, 1, 2, 0, 1, 2, 2, 0, 0, 1, 2, 1, 2, 1, 0, 2, 0, 1, 1, 0, 1, 1, 1, 0, 2, 1, 1, 0, 0, 0, 0, 1, 1, 2, 1, 2, 1, 0, 0, 2, 1, 0, 1, 2, 1, 2, 1, 1, 1, 1, 1, 1, 0, 1, 1, 0, 0, 0, 1, 2, 1, 2, 0, 1, 0, 0, 1, 0, 0, 2, 1, 2, 0, 1, 0, 0, 1, 2, 0]|[4, 3, 2, 2, 4, 1, 2, 2, 2, 4, 1, 1, 2, 4, 4, 1, 2, 4, 2, 1, 1, 1, 1, 2, 1, 2, 1, 1, 1, 1, 3, 2, 3, 1, 4, 0, 1, 1, 0, 3, 2, 2, 2, 0, 1, 1, 0, 4, 0, 1, 2, 2, 1, 0, 0, 3, 2, 4, 1, 2, 2, 3, 1, 1, 1, 3, 0, 4, 3, 1, 4, 1, 1, 0, 4, 4, 2, 1, 1, 1, 1, 3, 1, 1, 1, 1, 1, 3, 1, 2, 1, 4, 1, 2, 1, 1, 2, 4, 1, 2]|[0, 2, 1, 1, 3, 0, 1, 0, 0, 0, 0, 0, 1, 0, 1, 0, 0, 3, 1, 0, 0, 0, 3, 1, 0, 2, 0, 0, 0, 1, 0, 0, 0, 0, 3, 0, 1, 0, 0, 2, 1, 1, 1, 0, 0, 0, 0, 2, 1, 0, 0, 0, 1, 3, 0, 0, 1, 2, 0, 1, 0, 2, 0, 1, 0, 2, 1, 0, 0, 1, 1, 3, 1, 1, 3, 3, 1, 0, 0, 2, 0, 0, 0, 0, 1, 0, 0, 2, 0, 1, 0, 0, 0, 0, 1, 1, 0, 2, 0, 0],765.9990607008382,57213.806194498815,96238.34283731865,false
9,G2_TEC,G2_TEC,[31, 22, 82, 15, 26, 9, 95, 42, 77, 68, 47, 5, 93, 78, 86, 54, 85, 63, 18, 44, 20, 49, 36, 14, 74, 50, 53, 17, 21, 45, 71, 64, 3, 23, 30, 83, 24, 41, 60, 52, 65, 27, 90, 70, 39, 87, 48, 69, 99, 4, 46, 1, 13, 58, 97, 59, 28, 8, 73, 37, 35, 79, 11, 66, 76, 57, 40, 80, 96, 6, 16, 61, 33, 98, 32, 81, 62, 67, 10, 7, 56, 88, 51, 19, 91, 38, 75, 92, 25, 84, 2, 55, 43, 29, 34, 0, 12, 94, 89, 72]|[2, 1, 2, 1, 1, 2, 1, 1, 1, 1, 1, 0, 2, 2, 1, 2, 0, 0, 0, 2, 2, 1, 0, 2, 0, 2, 2, 1, 0, 1, 1, 1, 0, 0, 1, 0, 2, 1, 2, 2, 0, 0, 1, 1, 0, 2, 0, 2, 1, 0, 0, 2, 2, 0, 2, 0, 2, 1, 0, 0, 2, 1, 0, 2, 2, 0, 2, 2, 0, 1, 2, 1, 1, 0, 0, 1, 1, 1, 1, 2, 2, 1, 1, 1, 1, 0, 0, 0, 1, 0, 2, 0, 1, 1, 1, 0, 1, 1, 1, 1]|[0, 3, 0, 2, 4, 1, 4, 4, 2, 4, 3, 2, 1, 0, 2, 1, 1, 1, 2, 1, 1, 3, 0, 1, 0, 1, 1, 4, 1, 4, 3, 2, 2, 0, 4, 1, 1, 4, 0, 1, 2, 1, 4, 4, 1, 1, 0, 2, 3, 1, 2, 1, 2, 1, 1, 2, 0, 3, 0, 2, 2, 3, 1, 0, 1, 0, 0, 1, 2, 4, 1, 3, 4, 2, 2, 4, 3, 3, 3, 1, 1, 4, 3, 4, 3, 2, 2, 2, 4, 2, 1, 2, 4, 3, 1, 2, 3, 4, 4, 4]|[0, 2, 0, 1, 3, 0, 1, 3, 0, 0, 2, 0, 1, 0, 1, 0, 0, 0, 1, 0, 0, 2, 0, 0, 1, 0, 0, 3, 0, 1, 0, 2, 0, 0, 3, 0, 1, 3, 1, 0, 0, 0, 1, 3, 0, 0, 1, 0, 2, 0, 0, 0, 0, 0, 1, 0, 0, 0, 1, 1, 0, 2, 0, 0, 0, 1, 0, 0, 0, 2, 0, 0, 1, 0, 0, 2, 0, 0, 3, 0, 0, 1, 0, 3, 0, 0, 0, 0, 3, 0, 0, 0, 2, 0, 1, 0, 0, 2, 1, 2],863.840939798981,52281.731521347596,112954.27457422629,false
9,G3_TWC,G3_TWC,[31, 22, 82, 15, 26, 9, 95, 42, 77, 12, 47, 5, 93, 78, 86, 54, 85, 63, 18, 44, 20, 35, 43, 97, 91, 76, 10, 30, 21, 45, 71, 64, 1, 23, 17, 83, 24, 14, 60, 36, 6, 57, 40, 88, 65, 56, 79, 94, 67, 68, 46, 75, 38, 58, 19, 32, 81, 41, 27, 62, 87, 90, 99, 59, 11, 16, 72, 73, 69, 39, 37, 84, 3, 92, 25, 55, 28, 29, 51, 7, 33, 61, 98, 48, 89, 50, 66, 96, 80, 53, 8, 34, 4, 2, 52, 49, 0, 70, 74, 13]|[1, 1, 0, 1, 1, 0, 1, 2, 2, 1, 2, 2, 2, 1, 1, 0, 0, 1, 0, 2, 2, 0, 1, 2, 0, 1, 2, 2, 0, 0, 1, 2, 1, 2, 1, 0, 2, 0, 1, 1, 0, 1, 1, 1, 0, 2, 1, 1, 0, 0, 0, 0, 1, 1, 2, 1, 2, 1, 0, 0, 2, 2, 0, 1, 2, 1, 2, 1, 1, 1, 0, 1, 1, 0, 1, 1, 0, 0, 0, 1, 0, 1, 0, 0, 1, 0, 2, 0, 0, 0, 0, 2, 0, 0, 1, 0, 0, 1, 2, 0]|[4, 3, 2, 2, 4, 1, 2, 2, 2, 4, 1, 1, 2, 4, 4, 1, 2, 4, 2, 1, 1, 1, 1, 2, 1, 2, 1, 1, 1, 1, 3, 2, 3, 0, 4, 0, 1, 1, 0, 3, 2, 2, 2, 0, 1, 1, 0, 4, 0, 1, 2, 2, 1, 0, 0, 3, 2, 4, 1, 2, 2, 1, 1, 1, 1, 3, 0, 4, 4, 1, 1, 1, 1, 0, 4, 4, 2, 1, 1, 1, 2, 3, 1, 1, 1, 1, 1, 1, 1, 2, 1, 1, 2, 2, 1, 1, 2, 3, 1, 2]|[0, 2, 1, 1, 3, 0, 1, 0, 0, 0, 0, 0, 1, 0, 1, 0, 0, 3, 1, 0, 0, 0, 3, 1, 0, 2, 0, 0, 0, 1, 0, 0, 0, 0, 3, 0, 1, 0, 0, 2, 1, 1, 1, 0, 0, 0, 0, 2, 1, 0, 0, 0, 1, 3, 0, 0, 1, 2, 0, 1, 0, 0, 0, 1, 0, 2, 1, 0, 2, 1, 0, 3, 1, 1, 3, 3, 1, 0, 0, 2, 1, 0, 0, 0, 1, 0, 0, 0, 0, 1, 0, 0, 1, 0, 1, 1, 0, 0, 0, 0],847.0427978319374,57842.30893966173,93453.7900685962,false
9,G1_CMAX,G1_CMAX,[31, 22, 82, 15, 26, 9, 95, 42, 77, 12, 47, 5, 93, 78, 86, 54, 6, 63, 18, 44, 20, 35, 43, 97, 91, 76, 10, 30, 21, 45, 64, 1, 23, 17, 83, 24, 14, 60, 36, 13, 75, 46, 68, 67, 69, 79, 56, 65, 88, 40, 57, 85, 58, 19, 32, 81, 48, 27, 62, 87, 90, 99, 59, 11, 16, 72, 73, 71, 70, 39, 37, 84, 3, 98, 29, 28, 55, 25, 92, 7, 33, 61, 53, 41, 89, 50, 8, 96, 51, 80, 34, 4, 66, 2, 52, 49, 0, 94, 74, 38]|[1, 1, 0, 1, 1, 0, 1, 2, 2, 1, 2, 2, 2, 1, 1, 0, 0, 1, 0, 2, 2, 0, 1, 2, 0, 1, 2, 2, 0, 0, 2, 1, 2, 1, 0, 2, 2, 1, 1, 0, 0, 0, 0, 0, 2, 1, 2, 0, 1, 1, 1, 0, 1, 2, 1, 2, 1, 0, 0, 2, 1, 0, 1, 2, 1, 2, 1, 1, 1, 1, 1, 1, 1, 0, 0, 0, 1, 1, 0, 1, 0, 1, 0, 1, 1, 0, 1, 0, 0, 0, 2, 1, 2, 0, 1, 0, 0, 2, 2, 1]|[0, 3, 2, 2, 4, 1, 2, 2, 2, 4, 1, 1, 2, 4, 4, 1, 2, 4, 2, 1, 1, 1, 1, 2, 1, 2, 1, 1, 1, 1, 2, 3, 0, 4, 0, 1, 2, 0, 3, 2, 2, 2, 1, 0, 2, 0, 1, 1, 0, 2, 2, 2, 0, 0, 3, 2, 4, 1, 2, 2, 3, 1, 1, 1, 3, 0, 4, 3, 3, 1, 4, 1, 1, 1, 1, 2, 4, 4, 0, 1, 2, 3, 2, 4, 1, 1, 3, 1, 1, 1, 1, 4, 1, 2, 1, 1, 2, 2, 1, 1]|[0, 2, 1, 1, 3, 0, 1, 0, 0, 0, 0, 0, 1, 0, 1, 0, 1, 3, 1, 0, 0, 0, 3, 1, 0, 2, 0, 0, 0, 1, 0, 0, 0, 3, 0, 1, 1, 0, 2, 0, 0, 0, 0, 1, 0, 0, 0, 0, 0, 1, 1, 0, 3, 0, 0, 1, 2, 0, 1, 0, 2, 0, 1, 0, 2, 1, 0, 0, 0, 1, 1, 3, 1, 0, 0, 1, 3, 3, 1, 2, 1, 0, 1, 3, 1, 0, 2, 0, 0, 0, 0, 0, 0, 0, 1, 1, 0, 0, 0, 1],740.6648699319737,58345.503832923176,99227.13002615936,false
9,G4_BALANCED,G4_BALANCED,[31, 22, 82, 15, 26, 58, 95, 42, 77, 12, 47, 5, 93, 78, 86, 54, 85, 63, 18, 44, 20, 35, 43, 97, 91, 76, 10, 30, 21, 45, 71, 64, 1, 23, 17, 83, 24, 14, 60, 36, 6, 57, 40, 88, 65, 56, 79, 94, 67, 68, 46, 75, 38, 9, 19, 32, 81, 41, 27, 62, 87, 90, 99, 59, 11, 16, 72, 73, 70, 39, 37, 84, 3, 92, 25, 55, 28, 29, 51, 7, 66, 61, 98, 48, 89, 50, 96, 8, 80, 53, 34, 4, 33, 2, 52, 49, 0, 69, 74, 13]|[1, 1, 0, 1, 1, 0, 1, 2, 2, 1, 2, 2, 2, 1, 1, 0, 0, 1, 0, 2, 2, 0, 1, 2, 0, 1, 2, 2, 0, 0, 1, 2, 1, 2, 1, 0, 2, 0, 1, 1, 0, 1, 1, 1, 0, 2, 1, 1, 0, 0, 0, 0, 1, 1, 2, 1, 2, 1, 0, 0, 2, 1, 0, 1, 2, 1, 2, 1, 1, 1, 1, 1, 1, 0, 1, 1, 0, 0, 0, 1, 2, 1, 2, 0, 1, 0, 0, 1, 0, 0, 2, 1, 2, 0, 1, 0, 0, 1, 2, 0]|[4, 3, 2, 2, 4, 1, 2, 2, 2, 4, 1, 1, 2, 4, 4, 1, 2, 4, 2, 1, 1, 1, 1, 2, 1, 2, 1, 1, 1, 1, 3, 2, 3, 1, 4, 0, 1, 1, 0, 3, 2, 2, 2, 0, 1, 1, 0, 4, 0, 1, 2, 2, 1, 0, 0, 3, 2, 4, 1, 2, 2, 3, 1, 1, 1, 3, 0, 4, 3, 1, 4, 1, 1, 0, 4, 4, 2, 1, 1, 1, 1, 3, 1, 1, 1, 1, 1, 3, 1, 2, 1, 4, 1, 2, 1, 1, 2, 4, 1, 2]|[0, 2, 1, 1, 3, 0, 1, 0, 0, 0, 0, 0, 1, 0, 1, 0, 0, 3, 1, 0, 0, 0, 3, 1, 0, 2, 0, 0, 0, 1, 0, 0, 0, 0, 3, 0, 1, 0, 0, 2, 1, 1, 1, 0, 0, 0, 0, 2, 1, 0, 0, 0, 1, 3, 0, 0, 1, 2, 0, 1, 0, 2, 0, 1, 0, 2, 1, 0, 0, 1, 1, 3, 1, 1, 3, 3, 1, 0, 0, 2, 0, 0, 0, 0, 1, 0, 0, 2, 0, 1, 0, 0, 0, 0, 1, 1, 0, 2, 0, 0],765.9990607008382,57213.806194498815,96238.34283731865,false
9,G2_TEC,G2_TEC,[31, 22, 82, 15, 26, 9, 95, 42, 77, 68, 47, 5, 93, 78, 86, 54, 85, 63, 18, 44, 20, 49, 36, 14, 74, 50, 53, 17, 21, 45, 71, 64, 3, 23, 30, 83, 24, 41, 60, 52, 65, 27, 90, 70, 39, 87, 48, 69, 99, 4, 46, 1, 13, 58, 97, 59, 28, 8, 73, 37, 35, 79, 11, 66, 76, 57, 40, 80, 96, 6, 16, 61, 33, 98, 32, 81, 62, 67, 10, 7, 56, 88, 51, 19, 91, 38, 75, 92, 25, 84, 2, 55, 43, 29, 34, 0, 12, 94, 89, 72]|[2, 1, 2, 1, 1, 2, 1, 1, 1, 1, 1, 0, 2, 2, 1, 2, 0, 0, 0, 2, 2, 1, 0, 2, 0, 2, 2, 1, 0, 1, 1, 1, 0, 0, 1, 0, 2, 1, 2, 2, 0, 0, 1, 1, 0, 2, 0, 2, 1, 0, 0, 2, 2, 0, 2, 0, 2, 1, 0, 0, 2, 1, 0, 2, 2, 0, 2, 2, 0, 1, 2, 1, 1, 0, 0, 1, 1, 1, 1, 2, 2, 1, 1, 1, 1, 0, 0, 0, 1, 0, 2, 0, 1, 1, 1, 0, 1, 1, 1, 1]|[0, 3, 0, 2, 4, 1, 4, 4, 2, 4, 3, 2, 1, 0, 2, 1, 1, 1, 2, 1, 1, 3, 0, 1, 0, 1, 1, 4, 1, 4, 3, 2, 2, 0, 4, 1, 1, 4, 0, 1, 2, 1, 4, 4, 1, 1, 0, 2, 3, 1, 2, 1, 2, 1, 1, 2, 0, 3, 0, 2, 2, 3, 1, 0, 1, 0, 0, 1, 2, 4, 1, 3, 4, 2, 2, 4, 3, 3, 3, 1, 1, 4, 3, 4, 3, 2, 2, 2, 4, 2, 1, 2, 4, 3, 1, 2, 3, 4, 4, 4]|[0, 2, 0, 1, 3, 0, 1, 3, 0, 0, 2, 0, 1, 0, 1, 0, 0, 0, 1, 0, 0, 2, 0, 0, 1, 0, 0, 3, 0, 1, 0, 2, 0, 0, 3, 0, 1, 3, 1, 0, 0, 0, 1, 3, 0, 0, 1, 0, 2, 0, 0, 0, 0, 0, 1, 0, 0, 0, 1, 1, 0, 2, 0, 0, 0, 1, 0, 0, 0, 2, 0, 0, 1, 0, 0, 2, 0, 0, 3, 0, 0, 1, 0, 3, 0, 0, 0, 0, 3, 0, 0, 0, 2, 0, 1, 0, 0, 2, 1, 2],863.840939798981,52281.731521347596,112954.27457422629,false
9,G3_TWC,G3_TWC,[31, 22, 82, 15, 26, 9, 95, 42, 77, 12, 47, 5, 93, 78, 86, 54, 85, 63, 18, 44, 20, 35, 43, 97, 91, 76, 10, 30, 21, 45, 71, 64, 1, 23, 17, 83, 24, 14, 60, 36, 6, 57, 40, 88, 65, 56, 79, 94, 67, 68, 46, 75, 38, 58, 19, 32, 81, 41, 27, 62, 87, 90, 99, 59, 11, 16, 72, 73, 69, 39, 37, 84, 3, 92, 25, 55, 28, 29, 51, 7, 33, 61, 98, 48, 89, 50, 66, 96, 80, 53, 8, 34, 4, 2, 52, 49, 0, 70, 74, 13]|[1, 1, 0, 1, 1, 0, 1, 2, 2, 1, 2, 2, 2, 1, 1, 0, 0, 1, 0, 2, 2, 0, 1, 2, 0, 1, 2, 2, 0, 0, 1, 2, 1, 2, 1, 0, 2, 0, 1, 1, 0, 1, 1, 1, 0, 2, 1, 1, 0, 0, 0, 0, 1, 1, 2, 1, 2, 1, 0, 0, 2, 2, 0, 1, 2, 1, 2, 1, 1, 1, 0, 1, 1, 0, 1, 1, 0, 0, 0, 1, 0, 1, 0, 0, 1, 0, 2, 0, 0, 0, 0, 2, 0, 0, 1, 0, 0, 1, 2, 0]|[4, 3, 2, 2, 4, 1, 2, 2, 2, 4, 1, 1, 2, 4, 4, 1, 2, 4, 2, 1, 1, 1, 1, 2, 1, 2, 1, 1, 1, 1, 3, 2, 3, 0, 4, 0, 1, 1, 0, 3, 2, 2, 2, 0, 1, 1, 0, 4, 0, 1, 2, 2, 1, 0, 0, 3, 2, 4, 1, 2, 2, 1, 1, 1, 1, 3, 0, 4, 4, 1, 1, 1, 1, 0, 4, 4, 2, 1, 1, 1, 2, 3, 1, 1, 1, 1, 1, 1, 1, 2, 1, 1, 2, 2, 1, 1, 2, 3, 1, 2]|[0, 2, 1, 1, 3, 0, 1, 0, 0, 0, 0, 0, 1, 0, 1, 0, 0, 3, 1, 0, 0, 0, 3, 1, 0, 2, 0, 0, 0, 1, 0, 0, 0, 0, 3, 0, 1, 0, 0, 2, 1, 1, 1, 0, 0, 0, 0, 2, 1, 0, 0, 0, 1, 3, 0, 0, 1, 2, 0, 1, 0, 0, 0, 1, 0, 2, 1, 0, 2, 1, 0, 3, 1, 1, 3, 3, 1, 0, 0, 2, 1, 0, 0, 0, 1, 0, 0, 0, 0, 1, 0, 0, 1, 0, 1, 1, 0, 0, 0, 0],847.0427978319374,57842.30893966173,93453.7900685962,false
9,G1_CMAX,G1_CMAX,[31, 22, 82, 15, 26, 9, 95, 42, 77, 12, 47, 5, 93, 78, 86, 54, 6, 63, 18, 44, 20, 35, 43, 97, 91, 76, 10, 30, 21, 45, 64, 1, 23, 17, 83, 24, 14, 60, 36, 13, 75, 46, 68, 67, 69, 79, 56, 65, 88, 40, 57, 85, 58, 19, 32, 81, 48, 27, 62, 87, 90, 99, 59, 11, 16, 72, 73, 71, 70, 39, 37, 84, 3, 98, 29, 28, 55, 25, 92, 7, 33, 61, 53, 41, 89, 50, 8, 96, 51, 80, 34, 4, 66, 2, 52, 49, 0, 94, 74, 38]|[1, 1, 0, 1, 1, 0, 1, 2, 2, 1, 2, 2, 2, 1, 1, 0, 0, 1, 0, 2, 2, 0, 1, 2, 0, 1, 2, 2, 0, 0, 2, 1, 2, 1, 0, 2, 2, 1, 1, 0, 0, 0, 0, 0, 2, 1, 2, 0, 1, 1, 1, 0, 1, 2, 1, 2, 1, 0, 0, 2, 1, 0, 1, 2, 1, 2, 1, 1, 1, 1, 1, 1, 1, 0, 0, 0, 1, 1, 0, 1, 0, 1, 0, 1, 1, 0, 1, 0, 0, 0, 2, 1, 2, 0, 1, 0, 0, 2, 2, 1]|[0, 3, 2, 2, 4, 1, 2, 2, 2, 4, 1, 1, 2, 4, 4, 1, 2, 4, 2, 1, 1, 1, 1, 2, 1, 2, 1, 1, 1, 1, 2, 3, 0, 4, 0, 1, 2, 0, 3, 2, 2, 2, 1, 0, 2, 0, 1, 1, 0, 2, 2, 2, 0, 0, 3, 2, 4, 1, 2, 2, 3, 1, 1, 1, 3, 0, 4, 3, 3, 1, 4, 1, 1, 1, 1, 2, 4, 4, 0, 1, 2, 3, 2, 4, 1, 1, 3, 1, 1, 1, 1, 4, 1, 2, 1, 1, 2, 2, 1, 1]|[0, 2, 1, 1, 3, 0, 1, 0, 0, 0, 0, 0, 1, 0, 1, 0, 1, 3, 1, 0, 0, 0, 3, 1, 0, 2, 0, 0, 0, 1, 0, 0, 0, 3, 0, 1, 1, 0, 2, 0, 0, 0, 0, 1, 0, 0, 0, 0, 0, 1, 1, 0, 3, 0, 0, 1, 2, 0, 1, 0, 2, 0, 1, 0, 2, 1, 0, 0, 0, 1, 1, 3, 1, 0, 0, 1, 3, 3, 1, 2, 1, 0, 1, 3, 1, 0, 2, 0, 0, 0, 0, 0, 0, 0, 1, 1, 0, 0, 0, 1],740.6648699319737,58345.503832923176,99227.13002615936,false
9,G4_BALANCED,G4_BALANCED,[31, 22, 82, 15, 26, 58, 95, 42, 77, 12, 47, 5, 93, 78, 86, 54, 85, 63, 18, 44, 20, 35, 43, 97, 91, 76, 10, 30, 21, 45, 71, 64, 1, 23, 17, 83, 24, 14, 60, 36, 6, 57, 40, 88, 65, 56, 79, 94, 67, 68, 46, 75, 38, 9, 19, 32, 81, 41, 27, 62, 87, 90, 99, 59, 11, 16, 72, 73, 70, 39, 37, 84, 3, 92, 25, 55, 28, 29, 51, 7, 66, 61, 98, 48, 89, 50, 96, 8, 80, 53, 34, 4, 33, 2, 52, 49, 0, 69, 74, 13]|[1, 1, 0, 1, 1, 0, 1, 2, 2, 1, 2, 2, 2, 1, 1, 0, 0, 1, 0, 2, 2, 0, 1, 2, 0, 1, 2, 2, 0, 0, 1, 2, 1, 2, 1, 0, 2, 0, 1, 1, 0, 1, 1, 1, 0, 2, 1, 1, 0, 0, 0, 0, 1, 1, 2, 1, 2, 1, 0, 0, 2, 1, 0, 1, 2, 1, 2, 1, 1, 1, 1, 1, 1, 0, 1, 1, 0, 0, 0, 1, 2, 1, 2, 0, 1, 0, 0, 1, 0, 0, 2, 1, 2, 0, 1, 0, 0, 1, 2, 0]|[4, 3, 2, 2, 4, 1, 2, 2, 2, 4, 1, 1, 2, 4, 4, 1, 2, 4, 2, 1, 1, 1, 1, 2, 1, 2, 1, 1, 1, 1, 3, 2, 3, 1, 4, 0, 1, 1, 0, 3, 2, 2, 2, 0, 1, 1, 0, 4, 0, 1, 2, 2, 1, 0, 0, 3, 2, 4, 1, 2, 2, 3, 1, 1, 1, 3, 0, 4, 3, 1, 4, 1, 1, 0, 4, 4, 2, 1, 1, 1, 1, 3, 1, 1, 1, 1, 1, 3, 1, 2, 1, 4, 1, 2, 1, 1, 2, 4, 1, 2]|[0, 2, 1, 1, 3, 0, 1, 0, 0, 0, 0, 0, 1, 0, 1, 0, 0, 3, 1, 0, 0, 0, 3, 1, 0, 2, 0, 0, 0, 1, 0, 0, 0, 0, 3, 0, 1, 0, 0, 2, 1, 1, 1, 0, 0, 0, 0, 2, 1, 0, 0, 0, 1, 3, 0, 0, 1, 2, 0, 1, 0, 2, 0, 1, 0, 2, 1, 0, 0, 1, 1, 3, 1, 1, 3, 3, 1, 0, 0, 2, 0, 0, 0, 0, 1, 0, 0, 2, 0, 1, 0, 0, 0, 0, 1, 1, 0, 2, 0, 0],765.9990607008382,57213.806194498815,96238.34283731865,false
9,G2_TEC,G2_TEC,[31, 22, 82, 15, 26, 9, 95, 42, 77, 68, 47, 5, 93, 78, 86, 54, 85, 63, 18, 44, 20, 49, 36, 14, 74, 50, 53, 17, 21, 45, 71, 64, 3, 23, 30, 83, 24, 41, 60, 52, 65, 27, 90, 70, 39, 87, 48, 69, 99, 4, 46, 1, 13, 58, 97, 59, 28, 8, 73, 37, 35, 79, 11, 66, 76, 57, 40, 80, 96, 6, 16, 61, 33, 98, 32, 81, 62, 67, 10, 7, 56, 88, 51, 19, 91, 38, 75, 92, 25, 84, 2, 55, 43, 29, 34, 0, 12, 94, 89, 72]|[2, 1, 2, 1, 1, 2, 1, 1, 1, 1, 1, 0, 2, 2, 1, 2, 0, 0, 0, 2, 2, 1, 0, 2, 0, 2, 2, 1, 0, 1, 1, 1, 0, 0, 1, 0, 2, 1, 2, 2, 0, 0, 1, 1, 0, 2, 0, 2, 1, 0, 0, 2, 2, 0, 2, 0, 2, 1, 0, 0, 2, 1, 0, 2, 2, 0, 2, 2, 0, 1, 2, 1, 1, 0, 0, 1, 1, 1, 1, 2, 2, 1, 1, 1, 1, 0, 0, 0, 1, 0, 2, 0, 1, 1, 1, 0, 1, 1, 1, 1]|[0, 3, 0, 2, 4, 1, 4, 4, 2, 4, 3, 2, 1, 0, 2, 1, 1, 1, 2, 1, 1, 3, 0, 1, 0, 1, 1, 4, 1, 4, 3, 2, 2, 0, 4, 1, 1, 4, 0, 1, 2, 1, 4, 4, 1, 1, 0, 2, 3, 1, 2, 1, 2, 1, 1, 2, 0, 3, 0, 2, 2, 3, 1, 0, 1, 0, 0, 1, 2, 4, 1, 3, 4, 2, 2, 4, 3, 3, 3, 1, 1, 4, 3, 4, 3, 2, 2, 2, 4, 2, 1, 2, 4, 3, 1, 2, 3, 4, 4, 4]|[0, 2, 0, 1, 3, 0, 1, 3, 0, 0, 2, 0, 1, 0, 1, 0, 0, 0, 1, 0, 0, 2, 0, 0, 1, 0, 0, 3, 0, 1, 0, 2, 0, 0, 3, 0, 1, 3, 1, 0, 0, 0, 1, 3, 0, 0, 1, 0, 2, 0, 0, 0, 0, 0, 1, 0, 0, 0, 1, 1, 0, 2, 0, 0, 0, 1, 0, 0, 0, 2, 0, 0, 1, 0, 0, 2, 0, 0, 3, 0, 0, 1, 0, 3, 0, 0, 0, 0, 3, 0, 0, 0, 2, 0, 1, 0, 0, 2, 1, 2],863.840939798981,52281.731521347596,112954.27457422629,false
9,G3_TWC,G3_TWC,[31, 22, 82, 15, 26, 9, 95, 42, 77, 12, 47, 5, 93, 78, 86, 54, 85, 63, 18, 44, 20, 35, 43, 97, 91, 76, 10, 30, 21, 45, 71, 64, 1, 23, 17, 83, 24, 14, 60, 36, 6, 57, 40, 88, 65, 56, 79, 94, 67, 68, 46, 75, 38, 58, 19, 32, 81, 41, 27, 62, 87, 90, 99, 59, 11, 16, 72, 73, 69, 39, 37, 84, 3, 92, 25, 55, 28, 29, 51, 7, 33, 61, 98, 48, 89, 50, 66, 96, 80, 53, 8, 34, 4, 2, 52, 49, 0, 70, 74, 13]|[1, 1, 0, 1, 1, 0, 1, 2, 2, 1, 2, 2, 2, 1, 1, 0, 0, 1, 0, 2, 2, 0, 1, 2, 0, 1, 2, 2, 0, 0, 1, 2, 1, 2, 1, 0, 2, 0, 1, 1, 0, 1, 1, 1, 0, 2, 1, 1, 0, 0, 0, 0, 1, 1, 2, 1, 2, 1, 0, 0, 2, 2, 0, 1, 2, 1, 2, 1, 1, 1, 0, 1, 1, 0, 1, 1, 0, 0, 0, 1, 0, 1, 0, 0, 1, 0, 2, 0, 0, 0, 0, 2, 0, 0, 1, 0, 0, 1, 2, 0]|[4, 3, 2, 2, 4, 1, 2, 2, 2, 4, 1, 1, 2, 4, 4, 1, 2, 4, 2, 1, 1, 1, 1, 2, 1, 2, 1, 1, 1, 1, 3, 2, 3, 0, 4, 0, 1, 1, 0, 3, 2, 2, 2, 0, 1, 1, 0, 4, 0, 1, 2, 2, 1, 0, 0, 3, 2, 4, 1, 2, 2, 1, 1, 1, 1, 3, 0, 4, 4, 1, 1, 1, 1, 0, 4, 4, 2, 1, 1, 1, 2, 3, 1, 1, 1, 1, 1, 1, 1, 2, 1, 1, 2, 2, 1, 1, 2, 3, 1, 2]|[0, 2, 1, 1, 3, 0, 1, 0, 0, 0, 0, 0, 1, 0, 1, 0, 0, 3, 1, 0, 0, 0, 3, 1, 0, 2, 0, 0, 0, 1, 0, 0, 0, 0, 3, 0, 1, 0, 0, 2, 1, 1, 1, 0, 0, 0, 0, 2, 1, 0, 0, 0, 1, 3, 0, 0, 1, 2, 0, 1, 0, 0, 0, 1, 0, 2, 1, 0, 2, 1, 0, 3, 1, 1, 3, 3, 1, 0, 0, 2, 1, 0, 0, 0, 1, 0, 0, 0, 0, 1, 0, 0, 1, 0, 1, 1, 0, 0, 0, 0],847.0427978319374,57842.30893966173,93453.7900685962,false
9,G1_CMAX,G4_BALANCED,[31, 22, 82, 15, 26, 58, 95, 42, 77, 12, 47, 5, 93, 78, 86, 54, 85, 63, 18, 44, 20, 35, 43, 97, 91, 76, 10, 30, 21, 45, 71, 64, 1, 23, 17, 83, 24, 14, 60, 36, 6, 57, 40, 88, 65, 56, 79, 94, 67, 68, 46, 75, 38, 9, 19, 32, 81, 41, 27, 62, 87, 90, 99, 59, 11, 16, 72, 73, 61, 39, 37, 84, 3, 92, 25, 55, 28, 29, 51, 7, 33, 70, 98, 48, 89, 50, 96, 8, 53, 80, 34, 4, 66, 2, 52, 49, 0, 69, 74, 13]|[1, 1, 0, 1, 1, 0, 1, 2, 2, 1, 2, 2, 2, 1, 1, 0, 0, 1, 0, 2, 2, 0, 1, 2, 0, 1, 2, 2, 0, 0, 1, 2, 1, 2, 1, 0, 2, 0, 1, 1, 0, 1, 1, 1, 0, 2, 1, 1, 0, 0, 0, 0, 1, 1, 2, 1, 2, 1, 0, 0, 2, 1, 0, 1, 2, 1, 2, 1, 1, 1, 1, 1, 1, 0, 1, 1, 0, 0, 0, 1, 2, 1, 2, 0, 1, 0, 0, 1, 0, 0, 2, 1, 2, 0, 1, 0, 0, 1, 2, 0]|[4, 3, 2, 2, 4, 1, 2, 2, 2, 4, 1, 1, 2, 4, 4, 1, 2, 4, 2, 1, 1, 1, 1, 2, 1, 2, 1, 1, 1, 1, 3, 2, 3, 1, 4, 0, 1, 1, 0, 3, 2, 2, 2, 0, 1, 1, 0, 4, 0, 1, 2, 2, 1, 0, 0, 3, 2, 4, 1, 2, 2, 3, 1, 1, 1, 3, 0, 4, 3, 1, 4, 1, 1, 0, 4, 4, 2, 1, 1, 1, 1, 3, 1, 1, 1, 1, 1, 3, 2, 1, 1, 4, 0, 2, 1, 1, 2, 4, 1, 2]|[0, 2, 1, 1, 3, 0, 1, 0, 0, 0, 0, 0, 1, 0, 1, 0, 0, 3, 1, 0, 0, 0, 3, 1, 0, 2, 0, 0, 0, 1, 0, 0, 0, 0, 3, 0, 1, 0, 0, 2, 1, 1, 1, 0, 0, 0, 0, 2, 1, 0, 0, 0, 1, 3, 0, 0, 1, 2, 0, 1, 0, 2, 0, 1, 0, 2, 1, 0, 0, 1, 1, 3, 1, 1, 3, 3, 1, 0, 0, 2, 0, 0, 0, 0, 1, 0, 0, 2, 1, 0, 0, 0, 0, 0, 1, 1, 0, 2, 0, 0],765.7755061849585,57265.34071540877,97626.17924009499,true
9,G4_BALANCED,G4_BALANCED,[31, 22, 82, 15, 26, 58, 95, 42, 77, 12, 47, 5, 93, 78, 86, 54, 85, 63, 18, 44, 20, 35, 43, 97, 91, 76, 10, 30, 21, 45, 71, 64, 1, 23, 17, 83, 24, 14, 60, 36, 6, 57, 40, 88, 65, 56, 79, 94, 67, 68, 46, 75, 38, 9, 19, 32, 81, 41, 27, 62, 87, 90, 99, 59, 11, 16, 72, 73, 70, 39, 37, 84, 3, 92, 25, 55, 28, 29, 51, 7, 66, 61, 98, 48, 89, 50, 96, 8, 80, 53, 34, 4, 33, 2, 52, 49, 0, 69, 74, 13]|[1, 1, 0, 1, 1, 0, 1, 2, 2, 1, 2, 2, 2, 1, 1, 0, 0, 1, 0, 2, 2, 0, 1, 2, 0, 1, 2, 2, 0, 0, 1, 2, 1, 2, 1, 0, 2, 0, 1, 1, 0, 1, 1, 1, 0, 2, 1, 1, 0, 0, 0, 0, 1, 1, 2, 1, 2, 1, 0, 0, 2, 1, 0, 1, 2, 1, 2, 1, 1, 1, 1, 1, 1, 0, 1, 1, 0, 0, 0, 1, 2, 1, 2, 0, 1, 0, 0, 1, 0, 0, 2, 1, 2, 0, 1, 0, 0, 1, 2, 0]|[4, 3, 2, 2, 4, 1, 2, 2, 2, 4, 1, 1, 2, 4, 4, 1, 2, 4, 2, 1, 1, 1, 1, 2, 1, 2, 1, 1, 1, 1, 3, 2, 3, 1, 4, 0, 1, 1, 0, 3, 2, 2, 2, 0, 1, 1, 0, 4, 0, 1, 2, 2, 1, 0, 0, 3, 2, 4, 1, 2, 2, 3, 1, 1, 1, 3, 0, 4, 3, 1, 4, 1, 1, 0, 4, 4, 2, 1, 1, 1, 1, 3, 1, 1, 1, 1, 1, 3, 1, 2, 1, 4, 1, 2, 1, 1, 2, 4, 1, 2]|[0, 2, 1, 1, 3, 0, 1, 0, 0, 0, 0, 0, 1, 0, 1, 0, 0, 3, 1, 0, 0, 0, 3, 1, 0, 2, 0, 0, 0, 1, 0, 0, 0, 0, 3, 0, 1, 0, 0, 2, 1, 1, 1, 0, 0, 0, 0, 2, 1, 0, 0, 0, 1, 3, 0, 0, 1, 2, 0, 1, 0, 2, 0, 1, 0, 2, 1, 0, 0, 1, 1, 3, 1, 1, 3, 3, 1, 0, 0, 2, 0, 0, 0, 0, 1, 0, 0, 2, 0, 1, 0, 0, 0, 0, 1, 1, 0, 2, 0, 0],765.9990607008382,57213.806194498815,96238.34283731865,false
9,G2_TEC,G2_TEC,[31, 22, 82, 15, 26, 9, 95, 42, 77, 68, 47, 5, 93, 78, 86, 54, 85, 63, 18, 44, 20, 49, 36, 14, 74, 50, 53, 17, 21, 45, 71, 64, 3, 23, 30, 83, 24, 41, 60, 52, 65, 27, 90, 70, 39, 87, 48, 69, 99, 4, 46, 1, 13, 58, 97, 59, 28, 8, 73, 37, 35, 79, 11, 66, 76, 57, 40, 80, 96, 6, 16, 61, 33, 98, 32, 81, 62, 67, 10, 7, 56, 88, 51, 19, 91, 38, 75, 92, 25, 84, 2, 55, 43, 29, 34, 0, 12, 94, 89, 72]|[2, 1, 2, 1, 1, 2, 1, 1, 1, 1, 1, 0, 2, 2, 1, 2, 0, 0, 0, 2, 2, 1, 0, 2, 0, 2, 2, 1, 0, 1, 1, 1, 0, 0, 1, 0, 2, 1, 2, 2, 0, 0, 1, 1, 0, 2, 0, 2, 1, 0, 0, 2, 2, 0, 2, 0, 2, 1, 0, 0, 2, 1, 0, 2, 2, 0, 2, 2, 0, 1, 2, 1, 1, 0, 0, 1, 1, 1, 1, 2, 2, 1, 1, 1, 1, 0, 0, 0, 1, 0, 2, 0, 1, 1, 1, 0, 1, 1, 1, 1]|[0, 3, 0, 2, 4, 1, 4, 4, 2, 4, 3, 2, 1, 0, 2, 1, 1, 1, 2, 1, 1, 3, 0, 1, 0, 1, 1, 4, 1, 4, 3, 2, 2, 0, 4, 1, 1, 4, 0, 1, 2, 1, 4, 4, 1, 1, 0, 2, 3, 1, 2, 1, 2, 1, 1, 2, 0, 3, 0, 2, 2, 3, 1, 0, 1, 0, 0, 1, 2, 4, 1, 3, 4, 2, 2, 4, 3, 3, 3, 1, 1, 4, 3, 4, 3, 2, 2, 2, 4, 2, 1, 2, 4, 3, 1, 2, 3, 4, 4, 4]|[0, 2, 0, 1, 3, 0, 1, 3, 0, 0, 2, 0, 1, 0, 1, 0, 0, 0, 1, 0, 0, 2, 0, 0, 1, 0, 0, 3, 0, 1, 0, 2, 0, 0, 3, 0, 1, 3, 1, 0, 0, 0, 1, 3, 0, 0, 1, 0, 2, 0, 0, 0, 0, 0, 1, 0, 0, 0, 1, 1, 0, 2, 0, 0, 0, 1, 0, 0, 0, 2, 0, 0, 1, 0, 0, 2, 0, 0, 3, 0, 0, 1, 0, 3, 0, 0, 0, 0, 3, 0, 0, 0, 2, 0, 1, 0, 0, 2, 1, 2],863.840939798981,52281.731521347596,112954.27457422629,false
9,G3_TWC,G3_TWC,[31, 22, 82, 15, 26, 9, 95, 42, 77, 12, 47, 5, 93, 78, 86, 54, 85, 63, 18, 44, 20, 35, 43, 97, 91, 76, 10, 30, 21, 45, 71, 64, 1, 23, 17, 83, 24, 14, 60, 36, 6, 57, 40, 88, 65, 56, 79, 94, 67, 68, 46, 75, 38, 58, 19, 32, 81, 41, 27, 62, 87, 90, 99, 59, 11, 16, 72, 73, 69, 39, 37, 84, 3, 92, 25, 55, 28, 29, 51, 7, 33, 61, 98, 48, 89, 50, 66, 96, 80, 53, 8, 34, 4, 2, 52, 49, 0, 70, 74, 13]|[1, 1, 0, 1, 1, 0, 1, 2, 2, 1, 2, 2, 2, 1, 1, 0, 0, 1, 0, 2, 2, 0, 1, 2, 0, 1, 2, 2, 0, 0, 1, 2, 1, 2, 1, 0, 2, 0, 1, 1, 0, 1, 1, 1, 0, 2, 1, 1, 0, 0, 0, 0, 1, 1, 2, 1, 2, 1, 0, 0, 2, 2, 0, 1, 2, 1, 2, 1, 1, 1, 0, 1, 1, 0, 1, 1, 0, 0, 0, 1, 0, 1, 0, 0, 1, 0, 2, 0, 0, 0, 0, 2, 0, 0, 1, 0, 0, 1, 2, 0]|[4, 3, 2, 2, 4, 1, 2, 2, 2, 4, 1, 1, 2, 4, 4, 1, 2, 4, 2, 1, 1, 1, 1, 2, 1, 2, 1, 1, 1, 1, 3, 2, 3, 0, 4, 0, 1, 1, 0, 3, 2, 2, 2, 0, 1, 1, 0, 4, 0, 1, 2, 2, 1, 0, 0, 3, 2, 4, 1, 2, 2, 1, 1, 1, 1, 3, 0, 4, 4, 1, 1, 1, 1, 0, 4, 4, 2, 1, 1, 1, 2, 3, 1, 1, 1, 1, 1, 1, 1, 2, 1, 1, 2, 2, 1, 1, 2, 3, 1, 2]|[0, 2, 1, 1, 3, 0, 1, 0, 0, 0, 0, 0, 1, 0, 1, 0, 0, 3, 1, 0, 0, 0, 3, 1, 0, 2, 0, 0, 0, 1, 0, 0, 0, 0, 3, 0, 1, 0, 0, 2, 1, 1, 1, 0, 0, 0, 0, 2, 1, 0, 0, 0, 1, 3, 0, 0, 1, 2, 0, 1, 0, 0, 0, 1, 0, 2, 1, 0, 2, 1, 0, 3, 1, 1, 3, 3, 1, 0, 0, 2, 1, 0, 0, 0, 1, 0, 0, 0, 0, 1, 0, 0, 1, 0, 1, 1, 0, 0, 0, 0],847.0427978319374,57842.30893966173,93453.7900685962,false
9,G1_CMAX,G4_BALANCED,[31, 22, 82, 15, 26, 9, 95, 42, 77, 12, 47, 5, 93, 78, 86, 54, 85, 63, 18, 44, 20, 35, 43, 97, 91, 76, 10, 30, 21, 45, 71, 64, 1, 23, 17, 83, 24, 14, 60, 36, 6, 57, 40, 88, 65, 56, 79, 69, 67, 68, 46, 75, 38, 58, 19, 32, 81, 48, 27, 62, 87, 90, 99, 59, 11, 16, 72, 73, 70, 39, 37, 84, 3, 92, 25, 55, 28, 29, 51, 7, 66, 61, 98, 41, 89, 50, 33, 96, 80, 53, 8, 4, 34, 2, 52, 49, 0, 94, 74, 13]|[1, 1, 0, 1, 1, 0, 1, 2, 2, 1, 2, 2, 2, 1, 1, 0, 0, 1, 0, 2, 2, 0, 1, 2, 0, 1, 2, 2, 0, 0, 1, 2, 1, 0, 1, 0, 2, 0, 1, 1, 0, 1, 1, 1, 0, 2, 1, 2, 0, 0, 0, 0, 1, 1, 2, 1, 2, 1, 0, 0, 2, 1, 0, 1, 2, 1, 2, 1, 1, 1, 1, 1, 1, 0, 1, 1, 0, 0, 0, 1, 2, 1, 2, 2, 1, 0, 0, 0, 0, 0, 1, 1, 2, 0, 2, 0, 0, 1, 2, 0]|[4, 3, 2, 2, 4, 1, 2, 2, 2, 4, 1, 1, 2, 4, 4, 1, 2, 4, 2, 1, 1, 1, 1, 2, 1, 2, 1, 1, 1, 1, 3, 2, 3, 0, 4, 0, 1, 1, 0, 3, 2, 2, 2, 0, 1, 1, 0, 2, 0, 1, 2, 2, 1, 4, 0, 3, 2, 4, 1, 2, 2, 3, 1, 1, 1, 3, 0, 4, 3, 1, 4, 1, 1, 0, 4, 4, 2, 1, 1, 1, 1, 3, 1, 1, 1, 1, 2, 1, 1, 2, 3, 4, 1, 2, 1, 1, 2, 4, 1, 2]|[0, 2, 1, 1, 3, 0, 1, 0, 0, 0, 0, 0, 1, 0, 1, 0, 0, 3, 1, 0, 0, 0, 3, 1, 0, 2, 0, 0, 0, 1, 0, 0, 0, 0, 3, 0, 1, 0, 0, 2, 1, 1, 1, 0, 0, 0, 0, 0, 1, 0, 0, 0, 1, 3, 0, 0, 1, 2, 0, 1, 0, 2, 0, 1, 0, 2, 1, 0, 0, 1, 1, 3, 1, 1, 3, 3, 1, 0, 0, 2, 0, 0, 0, 0, 1, 0, 1, 0, 0, 1, 2, 0, 0, 0, 0, 1, 0, 2, 0, 0],789.0263571580006,56321.4806859715,98465.24902504137,true
9,G4_BALANCED,G4_BALANCED,[31, 22, 82, 15, 26, 58, 95, 42, 77, 12, 47, 5, 93, 78, 86, 54, 85, 63, 18, 44, 20, 35, 43, 97, 91, 76, 10, 30, 21, 45, 71, 64, 1, 23, 17, 83, 24, 14, 60, 36, 6, 57, 40, 88, 65, 56, 79, 94, 67, 68, 46, 75, 38, 9, 19, 32, 81, 41, 27, 62, 87, 90, 99, 59, 11, 16, 72, 73, 70, 39, 37, 84, 3, 92, 25, 55, 28, 29, 51, 7, 66, 61, 98, 48, 89, 50, 96, 8, 80, 53, 34, 4, 33, 2, 52, 49, 0, 69, 74, 13]|[1, 1, 0, 1, 1, 0, 1, 2, 2, 1, 2, 2, 2, 1, 1, 0, 0, 1, 0, 2, 2, 0, 1, 2, 0, 1, 2, 2, 0, 0, 1, 2, 1, 2, 1, 0, 2, 0, 1, 1, 0, 1, 1, 1, 0, 2, 1, 1, 0, 0, 0, 0, 1, 1, 2, 1, 2, 1, 0, 0, 2, 1, 0, 1, 2, 1, 2, 1, 1, 1, 1, 1, 1, 0, 1, 1, 0, 0, 0, 1, 2, 1, 2, 0, 1, 0, 0, 1, 0, 0, 2, 1, 2, 0, 1, 0, 0, 1, 2, 0]|[4, 3, 2, 2, 4, 1, 2, 2, 2, 4, 1, 1, 2, 4, 4, 1, 2, 4, 2, 1, 1, 1, 1, 2, 1, 2, 1, 1, 1, 1, 3, 2, 3, 1, 4, 0, 1, 1, 0, 3, 2, 2, 2, 0, 1, 1, 0, 4, 0, 1, 2, 2, 1, 0, 0, 3, 2, 4, 1, 2, 2, 3, 1, 1, 1, 3, 0, 4, 3, 1, 4, 1, 1, 0, 4, 4, 2, 1, 1, 1, 1, 3, 1, 1, 1, 1, 1, 3, 1, 2, 1, 4, 1, 2, 1, 1, 2, 4, 1, 2]|[0, 2, 1, 1, 3, 0, 1, 0, 0, 0, 0, 0, 1, 0, 1, 0, 0, 3, 1, 0, 0, 0, 3, 1, 0, 2, 0, 0, 0, 1, 0, 0, 0, 0, 3, 0, 1, 0, 0, 2, 1, 1, 1, 0, 0, 0, 0, 2, 1, 0, 0, 0, 1, 3, 0, 0, 1, 2, 0, 1, 0, 2, 0, 1, 0, 2, 1, 0, 0, 1, 1, 3, 1, 1, 3, 3, 1, 0, 0, 2, 0, 0, 0, 0, 1, 0, 0, 2, 0, 1, 0, 0, 0, 0, 1, 1, 0, 2, 0, 0],765.9990607008382,57213.806194498815,96238.34283731865,false
9,G2_TEC,G2_TEC,[31, 22, 82, 15, 26, 9, 95, 42, 77, 68, 47, 5, 93, 78, 86, 54, 85, 63, 18, 44, 20, 49, 36, 14, 74, 50, 53, 17, 21, 45, 71, 64, 3, 23, 30, 83, 24, 41, 60, 52, 65, 27, 90, 70, 39, 87, 48, 69, 99, 4, 46, 1, 13, 58, 97, 59, 28, 8, 73, 37, 35, 79, 11, 66, 76, 57, 40, 80, 96, 6, 16, 61, 33, 98, 32, 81, 62, 67, 10, 7, 56, 88, 51, 19, 91, 38, 75, 92, 25, 84, 2, 55, 43, 29, 34, 0, 12, 94, 89, 72]|[2, 1, 2, 1, 1, 2, 1, 1, 1, 1, 1, 0, 2, 2, 1, 2, 0, 0, 0, 2, 2, 1, 0, 2, 0, 2, 2, 1, 0, 1, 1, 1, 0, 0, 1, 0, 2, 1, 2, 2, 0, 0, 1, 1, 0, 2, 0, 2, 1, 0, 0, 2, 2, 0, 2, 0, 2, 1, 0, 0, 2, 1, 0, 2, 2, 0, 2, 2, 0, 1, 2, 1, 1, 0, 0, 1, 1, 1, 1, 2, 2, 1, 1, 1, 1, 0, 0, 0, 1, 0, 2, 0, 1, 1, 1, 0, 1, 1, 1, 1]|[0, 3, 0, 2, 4, 1, 4, 4, 2, 4, 3, 2, 1, 0, 2, 1, 1, 1, 2, 1, 1, 3, 0, 1, 0, 1, 1, 4, 1, 4, 3, 2, 2, 0, 4, 1, 1, 4, 0, 1, 2, 1, 4, 4, 1, 1, 0, 2, 3, 1, 2, 1, 2, 1, 1, 2, 0, 3, 0, 2, 2, 3, 1, 0, 1, 0, 0, 1, 2, 4, 1, 3, 4, 2, 2, 4, 3, 3, 3, 1, 1, 4, 3, 4, 3, 2, 2, 2, 4, 2, 1, 2, 4, 3, 1, 2, 3, 4, 4, 4]|[0, 2, 0, 1, 3, 0, 1, 3, 0, 0, 2, 0, 1, 0, 1, 0, 0, 0, 1, 0, 0, 2, 0, 0, 1, 0, 0, 3, 0, 1, 0, 2, 0, 0, 3, 0, 1, 3, 1, 0, 0, 0, 1, 3, 0, 0, 1, 0, 2, 0, 0, 0, 0, 0, 1, 0, 0, 0, 1, 1, 0, 2, 0, 0, 0, 1, 0, 0, 0, 2, 0, 0, 1, 0, 0, 2, 0, 0, 3, 0, 0, 1, 0, 3, 0, 0, 0, 0, 3, 0, 0, 0, 2, 0, 1, 0, 0, 2, 1, 2],863.840939798981,52281.731521347596,112954.27457422629,false
9,G3_TWC,G3_TWC,[31, 22, 82, 15, 26, 9, 95, 42, 77, 12, 47, 5, 93, 78, 86, 54, 85, 63, 18, 44, 20, 35, 43, 97, 91, 76, 10, 30, 21, 45, 71, 64, 1, 23, 17, 83, 24, 14, 60, 36, 6, 57, 40, 88, 65, 56, 79, 94, 67, 68, 46, 75, 38, 58, 19, 32, 81, 41, 27, 62, 87, 90, 99, 59, 11, 16, 72, 73, 69, 39, 37, 84, 3, 92, 25, 55, 28, 29, 51, 7, 33, 61, 98, 48, 89, 50, 66, 96, 80, 53, 8, 34, 4, 2, 52, 49, 0, 70, 74, 13]|[1, 1, 0, 1, 1, 0, 1, 2, 2, 1, 2, 2, 2, 1, 1, 0, 0, 1, 0, 2, 2, 0, 1, 2, 0, 1, 2, 2, 0, 0, 1, 2, 1, 2, 1, 0, 2, 0, 1, 1, 0, 1, 1, 1, 0, 2, 1, 1, 0, 0, 0, 0, 1, 1, 2, 1, 2, 1, 0, 0, 2, 2, 0, 1, 2, 1, 2, 1, 1, 1, 0, 1, 1, 0, 1, 1, 0, 0, 0, 1, 0, 1, 0, 0, 1, 0, 2, 0, 0, 0, 0, 2, 0, 0, 1, 0, 0, 1, 2, 0]|[4, 3, 2, 2, 4, 1, 2, 2, 2, 4, 1, 1, 2, 4, 4, 1, 2, 4, 2, 1, 1, 1, 1, 2, 1, 2, 1, 1, 1, 1, 3, 2, 3, 0, 4, 0, 1, 1, 0, 3, 2, 2, 2, 0, 1, 1, 0, 4, 0, 1, 2, 2, 1, 0, 0, 3, 2, 4, 1, 2, 2, 1, 1, 1, 1, 3, 0, 4, 4, 1, 1, 1, 1, 0, 4, 4, 2, 1, 1, 1, 2, 3, 1, 1, 1, 1, 1, 1, 1, 2, 1, 1, 2, 2, 1, 1, 2, 3, 1, 2]|[0, 2, 1, 1, 3, 0, 1, 0, 0, 0, 0, 0, 1, 0, 1, 0, 0, 3, 1, 0, 0, 0, 3, 1, 0, 2, 0, 0, 0, 1, 0, 0, 0, 0, 3, 0, 1, 0, 0, 2, 1, 1, 1, 0, 0, 0, 0, 2, 1, 0, 0, 0, 1, 3, 0, 0, 1, 2, 0, 1, 0, 0, 0, 1, 0, 2, 1, 0, 2, 1, 0, 3, 1, 1, 3, 3, 1, 0, 0, 2, 1, 0, 0, 0, 1, 0, 0, 0, 0, 1, 0, 0, 1, 0, 1, 1, 0, 0, 0, 0],847.0427978319374,57842.30893966173,93453.7900685962,false
9,G1_CMAX,G3_TWC,[31, 22, 82, 15, 26, 9, 95, 42, 77, 12, 47, 5, 93, 78, 86, 54, 85, 63, 18, 44, 20, 35, 43, 97, 91, 76, 10, 30, 21, 45, 71, 64, 1, 23, 17, 83, 24, 14, 60, 36, 6, 57, 40, 88, 65, 56, 79, 94, 67, 68, 46, 75, 38, 58, 19, 32, 81, 41, 27, 62, 87, 90, 99, 59, 11, 16, 72, 73, 70, 39, 37, 84, 3, 92, 25, 55, 28, 29, 51, 7, 66, 61, 98, 48, 89, 50, 96, 8, 80, 53, 34, 4, 33, 2, 52, 49, 0, 69, 74, 13]|[1, 1, 0, 1, 1, 0, 1, 2, 2, 1, 2, 2, 2, 1, 1, 0, 0, 1, 0, 2, 2, 0, 1, 2, 0, 1, 2, 2, 0, 0, 1, 2, 1, 2, 1, 0, 2, 0, 1, 1, 0, 1, 1, 1, 0, 2, 1, 1, 0, 0, 0, 0, 1, 1, 2, 1, 2, 1, 0, 0, 2, 1, 0, 1, 2, 1, 2, 1, 1, 1, 1, 1, 1, 0, 1, 1, 0, 0, 0, 1, 2, 1, 2, 0, 1, 0, 0, 1, 0, 0, 2, 1, 2, 0, 1, 0, 0, 1, 2, 0]|[4, 3, 2, 2, 4, 1, 2, 2, 2, 4, 1, 1, 2, 4, 4, 1, 2, 4, 2, 1, 1, 1, 1, 2, 1, 2, 1, 1, 1, 1, 3, 2, 3, 1, 4, 0, 1, 1, 0, 3, 2, 2, 2, 0, 1, 1, 0, 4, 0, 1, 2, 2, 1, 0, 0, 3, 2, 4, 1, 2, 2, 3, 1, 1, 1, 3, 0, 4, 3, 1, 4, 1, 1, 0, 4, 4, 2, 1, 1, 1, 1, 3, 1, 1, 1, 1, 1, 3, 1, 2, 1, 4, 1, 2, 1, 1, 2, 4, 1, 2]|[0, 2, 1, 1, 3, 0, 1, 0, 0, 0, 0, 0, 1, 0, 1, 0, 0, 3, 1, 0, 0, 0, 3, 1, 0, 2, 0, 0, 0, 1, 0, 0, 0, 0, 3, 0, 1, 0, 0, 2, 1, 1, 1, 0, 0, 0, 0, 2, 1, 0, 0, 0, 1, 3, 0, 0, 1, 2, 0, 1, 0, 2, 0, 1, 0, 2, 1, 0, 0, 1, 1, 3, 1, 1, 3, 3, 1, 0, 0, 2, 0, 0, 0, 0, 1, 0, 0, 2, 0, 1, 0, 0, 0, 0, 1, 1, 0, 2, 0, 0],767.6487263694966,56969.93155720344,96519.77157325415,true
9,G4_BALANCED,G4_BALANCED,[31, 22, 82, 15, 26, 58, 95, 42, 77, 12, 47, 5, 93, 78, 86, 54, 85, 63, 18, 44, 20, 35, 43, 97, 91, 76, 10, 30, 21, 45, 71, 64, 1, 23, 17, 83, 24, 14, 60, 36, 6, 57, 40, 88, 65, 56, 79, 94, 67, 68, 46, 75, 38, 9, 19, 32, 81, 41, 27, 62, 87, 90, 99, 59, 11, 16, 72, 73, 70, 39, 37, 84, 3, 92, 25, 55, 28, 29, 51, 7, 66, 61, 98, 48, 89, 50, 96, 8, 80, 53, 34, 4, 33, 2, 52, 49, 0, 69, 74, 13]|[1, 1, 0, 1, 1, 0, 1, 2, 2, 1, 2, 2, 2, 1, 1, 0, 0, 1, 0, 2, 2, 0, 1, 2, 0, 1, 2, 2, 0, 0, 1, 2, 1, 2, 1, 0, 2, 0, 1, 1, 0, 1, 1, 1, 0, 2, 1, 1, 0, 0, 0, 0, 1, 1, 2, 1, 2, 1, 0, 0, 2, 1, 0, 1, 2, 1, 2, 1, 1, 1, 1, 1, 1, 0, 1, 1, 0, 0, 0, 1, 2, 1, 2, 0, 1, 0, 0, 1, 0, 0, 2, 1, 2, 0, 1, 0, 0, 1, 2, 0]|[4, 3, 2, 2, 4, 1, 2, 2, 2, 4, 1, 1, 2, 4, 4, 1, 2, 4, 2, 1, 1, 1, 1, 2, 1, 2, 1, 1, 1, 1, 3, 2, 3, 1, 4, 0, 1, 1, 0, 3, 2, 2, 2, 0, 1, 1, 0, 4, 0, 1, 2, 2, 1, 0, 0, 3, 2, 4, 1, 2, 2, 3, 1, 1, 1, 3, 0, 4, 3, 1, 4, 1, 1, 0, 4, 4, 2, 1, 1, 1, 1, 3, 1, 1, 1, 1, 1, 3, 1, 2, 1, 4, 1, 2, 1, 1, 2, 4, 1, 2]|[0, 2, 1, 1, 3, 0, 1, 0, 0, 0, 0, 0, 1, 0, 1, 0, 0, 3, 1, 0, 0, 0, 3, 1, 0, 2, 0, 0, 0, 1, 0, 0, 0, 0, 3, 0, 1, 0, 0, 2, 1, 1, 1, 0, 0, 0, 0, 2, 1, 0, 0, 0, 1, 3, 0, 0, 1, 2, 0, 1, 0, 2, 0, 1, 0, 2, 1, 0, 0, 1, 1, 3, 1, 1, 3, 3, 1, 0, 0, 2, 0, 0, 0, 0, 1, 0, 0, 2, 0, 1, 0, 0, 0, 0, 1, 1, 0, 2, 0, 0],765.9990607008382,57213.806194498815,96238.34283731865,false
9,G2_TEC,G2_TEC,[31, 22, 82, 15, 26, 9, 95, 42, 77, 68, 47, 5, 93, 78, 86, 54, 85, 63, 18, 44, 20, 49, 36, 14, 74, 50, 53, 17, 21, 45, 71, 64, 3, 23, 30, 83, 24, 41, 60, 52, 65, 27, 90, 70, 39, 87, 48, 69, 99, 4, 46, 1, 13, 58, 97, 59, 28, 8, 73, 37, 35, 79, 11, 66, 76, 57, 40, 80, 96, 6, 16, 61, 33, 98, 32, 81, 62, 67, 10, 7, 56, 88, 51, 19, 91, 38, 75, 92, 25, 84, 2, 55, 43, 29, 34, 0, 12, 94, 89, 72]|[2, 1, 2, 1, 1, 2, 1, 1, 1, 1, 1, 0, 2, 2, 1, 2, 0, 0, 0, 2, 2, 1, 0, 2, 0, 2, 2, 1, 0, 1, 1, 1, 0, 0, 1, 0, 2, 1, 2, 2, 0, 0, 1, 1, 0, 2, 0, 2, 1, 0, 0, 2, 2, 0, 2, 0, 2, 1, 0, 0, 2, 1, 0, 2, 2, 0, 2, 2, 0, 1, 2, 1, 1, 0, 0, 1, 1, 1, 1, 2, 2, 1, 1, 1, 1, 0, 0, 0, 1, 0, 2, 0, 1, 1, 1, 0, 1, 1, 1, 1]|[0, 3, 0, 2, 4, 1, 4, 4, 2, 4, 3, 2, 1, 0, 2, 1, 1, 1, 2, 1, 1, 3, 0, 1, 0, 1, 1, 4, 1, 4, 3, 2, 2, 0, 4, 1, 1, 4, 0, 1, 2, 1, 4, 4, 1, 1, 0, 2, 3, 1, 2, 1, 2, 1, 1, 2, 0, 3, 0, 2, 2, 3, 1, 0, 1, 0, 0, 1, 2, 4, 1, 3, 4, 2, 2, 4, 3, 3, 3, 1, 1, 4, 3, 4, 3, 2, 2, 2, 4, 2, 1, 2, 4, 3, 1, 2, 3, 4, 4, 4]|[0, 2, 0, 1, 3, 0, 1, 3, 0, 0, 2, 0, 1, 0, 1, 0, 0, 0, 1, 0, 0, 2, 0, 0, 1, 0, 0, 3, 0, 1, 0, 2, 0, 0, 3, 0, 1, 3, 1, 0, 0, 0, 1, 3, 0, 0, 1, 0, 2, 0, 0, 0, 0, 0, 1, 0, 0, 0, 1, 1, 0, 2, 0, 0, 0, 1, 0, 0, 0, 2, 0, 0, 1, 0, 0, 2, 0, 0, 3, 0, 0, 1, 0, 3, 0, 0, 0, 0, 3, 0, 0, 0, 2, 0, 1, 0, 0, 2, 1, 2],863.840939798981,52281.731521347596,112954.27457422629,false
9,G3_TWC,G3_TWC,[31, 22, 82, 15, 26, 9, 95, 42, 77, 12, 47, 5, 93, 78, 86, 54, 85, 63, 18, 44, 20, 35, 43, 97, 91, 76, 10, 30, 21, 45, 71, 64, 1, 23, 17, 83, 24, 14, 60, 36, 6, 57, 40, 88, 65, 56, 79, 94, 67, 68, 46, 75, 38, 58, 19, 32, 81, 41, 27, 62, 87, 90, 99, 59, 11, 16, 72, 73, 69, 39, 37, 84, 3, 92, 25, 55, 28, 29, 51, 7, 33, 61, 98, 48, 89, 50, 66, 96, 80, 53, 8, 34, 4, 2, 52, 49, 0, 70, 74, 13]|[1, 1, 0, 1, 1, 0, 1, 2, 2, 1, 2, 2, 2, 1, 1, 0, 0, 1, 0, 2, 2, 0, 1, 2, 0, 1, 2, 2, 0, 0, 1, 2, 1, 2, 1, 0, 2, 0, 1, 1, 0, 1, 1, 1, 0, 2, 1, 1, 0, 0, 0, 0, 1, 1, 2, 1, 2, 1, 0, 0, 2, 2, 0, 1, 2, 1, 2, 1, 1, 1, 0, 1, 1, 0, 1, 1, 0, 0, 0, 1, 0, 1, 0, 0, 1, 0, 2, 0, 0, 0, 0, 2, 0, 0, 1, 0, 0, 1, 2, 0]|[4, 3, 2, 2, 4, 1, 2, 2, 2, 4, 1, 1, 2, 4, 4, 1, 2, 4, 2, 1, 1, 1, 1, 2, 1, 2, 1, 1, 1, 1, 3, 2, 3, 0, 4, 0, 1, 1, 0, 3, 2, 2, 2, 0, 1, 1, 0, 4, 0, 1, 2, 2, 1, 0, 0, 3, 2, 4, 1, 2, 2, 1, 1, 1, 1, 3, 0, 4, 4, 1, 1, 1, 1, 0, 4, 4, 2, 1, 1, 1, 2, 3, 1, 1, 1, 1, 1, 1, 1, 2, 1, 1, 2, 2, 1, 1, 2, 3, 1, 2]|[0, 2, 1, 1, 3, 0, 1, 0, 0, 0, 0, 0, 1, 0, 1, 0, 0, 3, 1, 0, 0, 0, 3, 1, 0, 2, 0, 0, 0, 1, 0, 0, 0, 0, 3, 0, 1, 0, 0, 2, 1, 1, 1, 0, 0, 0, 0, 2, 1, 0, 0, 0, 1, 3, 0, 0, 1, 2, 0, 1, 0, 0, 0, 1, 0, 2, 1, 0, 2, 1, 0, 3, 1, 1, 3, 3, 1, 0, 0, 2, 1, 0, 0, 0, 1, 0, 0, 0, 0, 1, 0, 0, 1, 0, 1, 1, 0, 0, 0, 0],847.0427978319374,57842.30893966173,93453.7900685962,false
9,G1_CMAX,G2_TEC,[31, 22, 82, 15, 26, 9, 95, 42, 77, 68, 47, 5, 93, 78, 86, 54, 85, 63, 18, 44, 20, 49, 36, 14, 74, 50, 53, 17, 21, 45, 71, 64, 3, 23, 30, 83, 24, 41, 60, 52, 65, 27, 90, 70, 39, 87, 48, 69, 99, 4, 46, 1, 13, 58, 97, 59, 28, 8, 73, 37, 35, 79, 11, 66, 76, 57, 40, 80, 96, 6, 16, 61, 33, 98, 32, 34, 12, 67, 10, 7, 56, 88, 29, 19, 91, 51, 75, 92, 38, 62, 43, 55, 84, 2, 81, 25, 0, 94, 89, 72]|[2, 1, 2, 1, 1, 2, 1, 1, 1, 1, 1, 0, 2, 2, 1, 2, 0, 0, 0, 2, 2, 1, 0, 2, 0, 2, 2, 1, 0, 1, 1, 1, 0, 0, 1, 0, 2, 1, 2, 2, 0, 1, 1, 1, 0, 2, 0, 2, 1, 0, 0, 2, 0, 0, 2, 0, 2, 1, 0, 0, 2, 1, 0, 2, 2, 0, 2, 2, 0, 1, 2, 1, 1, 0, 0, 1, 1, 1, 1, 2, 2, 1, 1, 1, 1, 1, 0, 0, 0, 1, 1, 0, 0, 2, 1, 1, 0, 1, 1, 1]|[0, 3, 0, 2, 4, 1, 4, 4, 2, 4, 3, 2, 1, 0, 2, 1, 1, 1, 2, 1, 1, 3, 0, 1, 0, 1, 1, 4, 1, 4, 3, 2, 2, 0, 4, 1, 1, 4, 0, 1, 2, 2, 4, 4, 1, 1, 0, 2, 3, 1, 2, 1, 2, 1, 1, 2, 0, 3, 0, 2, 2, 3, 1, 0, 1, 2, 0, 1, 2, 4, 1, 3, 4, 2, 2, 4, 3, 3, 3, 1, 0, 4, 3, 4, 3, 3, 2, 2, 2, 3, 4, 2, 2, 1, 1, 4, 2, 4, 4, 4]|[0, 2, 0, 1, 3, 0, 1, 3, 0, 0, 2, 0, 1, 0, 1, 0, 0, 0, 1, 0, 0, 2, 0, 0, 1, 0, 0, 3, 0, 1, 0, 2, 0, 0, 3, 0, 1, 3, 1, 0, 0, 1, 1, 3, 0, 0, 1, 0, 2, 0, 0, 0, 0, 0, 1, 0, 0, 0, 1, 1, 0, 2, 0, 0, 0, 0, 0, 0, 0, 2, 0, 0, 1, 0, 0, 2, 0, 0, 3, 0, 0, 1, 0, 3, 0, 0, 0, 0, 0, 0, 2, 0, 1, 0, 1, 3, 0, 2, 1, 2],912.4750549711998,52346.494321963546,112821.26871399468,true
9,G4_BALANCED,G4_BALANCED,[31, 22, 82, 15, 26, 58, 95, 42, 77, 12, 47, 5, 93, 78, 86, 54, 85, 63, 18, 44, 20, 35, 43, 97, 91, 76, 10, 30, 21, 45, 71, 64, 1, 23, 17, 83, 24, 14, 60, 36, 6, 57, 40, 88, 65, 56, 79, 94, 67, 68, 46, 75, 38, 9, 19, 32, 81, 41, 27, 62, 87, 90, 99, 59, 11, 16, 72, 73, 70, 39, 37, 84, 3, 92, 25, 55, 28, 29, 51, 7, 66, 61, 98, 48, 89, 50, 96, 8, 80, 53, 34, 4, 33, 2, 52, 49, 0, 69, 74, 13]|[1, 1, 0, 1, 1, 0, 1, 2, 2, 1, 2, 2, 2, 1, 1, 0, 0, 1, 0, 2, 2, 0, 1, 2, 0, 1, 2, 2, 0, 0, 1, 2, 1, 2, 1, 0, 2, 0, 1, 1, 0, 1, 1, 1, 0, 2, 1, 1, 0, 0, 0, 0, 1, 1, 2, 1, 2, 1, 0, 0, 2, 1, 0, 1, 2, 1, 2, 1, 1, 1, 1, 1, 1, 0, 1, 1, 0, 0, 0, 1, 2, 1, 2, 0, 1, 0, 0, 1, 0, 0, 2, 1, 2, 0, 1, 0, 0, 1, 2, 0]|[4, 3, 2, 2, 4, 1, 2, 2, 2, 4, 1, 1, 2, 4, 4, 1, 2, 4, 2, 1, 1, 1, 1, 2, 1, 2, 1, 1, 1, 1, 3, 2, 3, 1, 4, 0, 1, 1, 0, 3, 2, 2, 2, 0, 1, 1, 0, 4, 0, 1, 2, 2, 1, 0, 0, 3, 2, 4, 1, 2, 2, 3, 1, 1, 1, 3, 0, 4, 3, 1, 4, 1, 1, 0, 4, 4, 2, 1, 1, 1, 1, 3, 1, 1, 1, 1, 1, 3, 1, 2, 1, 4, 1, 2, 1, 1, 2, 4, 1, 2]|[0, 2, 1, 1, 3, 0, 1, 0, 0, 0, 0, 0, 1, 0, 1, 0, 0, 3, 1, 0, 0, 0, 3, 1, 0, 2, 0, 0, 0, 1, 0, 0, 0, 0, 3, 0, 1, 0, 0, 2, 1, 1, 1, 0, 0, 0, 0, 2, 1, 0, 0, 0, 1, 3, 0, 0, 1, 2, 0, 1, 0, 2, 0, 1, 0, 2, 1, 0, 0, 1, 1, 3, 1, 1, 3, 3, 1, 0, 0, 2, 0, 0, 0, 0, 1, 0, 0, 2, 0, 1, 0, 0, 0, 0, 1, 1, 0, 2, 0, 0],765.9990607008382,57213.806194498815,96238.34283731865,false
9,G2_TEC,G2_TEC,[31, 22, 82, 15, 26, 9, 95, 42, 77, 68, 47, 5, 93, 78, 86, 54, 85, 63, 18, 44, 20, 49, 36, 14, 74, 50, 53, 17, 21, 45, 71, 64, 3, 23, 30, 83, 24, 41, 60, 52, 65, 27, 90, 70, 39, 87, 48, 69, 99, 4, 46, 1, 13, 58, 97, 59, 28, 8, 73, 37, 35, 79, 11, 66, 76, 57, 40, 80, 96, 6, 16, 61, 33, 98, 32, 81, 62, 67, 10, 7, 56, 88, 51, 19, 91, 38, 75, 92, 25, 84, 2, 55, 43, 29, 34, 0, 12, 94, 89, 72]|[2, 1, 2, 1, 1, 2, 1, 1, 1, 1, 1, 0, 2, 2, 1, 2, 0, 0, 0, 2, 2, 1, 0, 2, 0, 2, 2, 1, 0, 1, 1, 1, 0, 0, 1, 0, 2, 1, 2, 2, 0, 0, 1, 1, 0, 2, 0, 2, 1, 0, 0, 2, 2, 0, 2, 0, 2, 1, 0, 0, 2, 1, 0, 2, 2, 0, 2, 2, 0, 1, 2, 1, 1, 0, 0, 1, 1, 1, 1, 2, 2, 1, 1, 1, 1, 0, 0, 0, 1, 0, 2, 0, 1, 1, 1, 0, 1, 1, 1, 1]|[0, 3, 0, 2, 4, 1, 4, 4, 2, 4, 3, 2, 1, 0, 2, 1, 1, 1, 2, 1, 1, 3, 0, 1, 0, 1, 1, 4, 1, 4, 3, 2, 2, 0, 4, 1, 1, 4, 0, 1, 2, 1, 4, 4, 1, 1, 0, 2, 3, 1, 2, 1, 2, 1, 1, 2, 0, 3, 0, 2, 2, 3, 1, 0, 1, 0, 0, 1, 2, 4, 1, 3, 4, 2, 2, 4, 3, 3, 3, 1, 1, 4, 3, 4, 3, 2, 2, 2, 4, 2, 1, 2, 4, 3, 1, 2, 3, 4, 4, 4]|[0, 2, 0, 1, 3, 0, 1, 3, 0, 0, 2, 0, 1, 0, 1, 0, 0, 0, 1, 0, 0, 2, 0, 0, 1, 0, 0, 3, 0, 1, 0, 2, 0, 0, 3, 0, 1, 3, 1, 0, 0, 0, 1, 3, 0, 0, 1, 0, 2, 0, 0, 0, 0, 0, 1, 0, 0, 0, 1, 1, 0, 2, 0, 0, 0, 1, 0, 0, 0, 2, 0, 0, 1, 0, 0, 2, 0, 0, 3, 0, 0, 1, 0, 3, 0, 0, 0, 0, 3, 0, 0, 0, 2, 0, 1, 0, 0, 2, 1, 2],863.840939798981,52281.731521347596,112954.27457422629,false
9,G3_TWC,G3_TWC,[31, 22, 82, 15, 26, 9, 95, 42, 77, 12, 47, 5, 93, 78, 86, 54, 85, 63, 18, 44, 20, 35, 43, 97, 91, 76, 10, 30, 21, 45, 71, 64, 1, 23, 17, 83, 24, 14, 60, 36, 6, 57, 40, 88, 65, 56, 79, 94, 67, 68, 46, 75, 38, 58, 19, 32, 81, 41, 27, 62, 87, 90, 99, 59, 11, 16, 72, 73, 69, 39, 37, 84, 3, 92, 25, 55, 28, 29, 51, 7, 33, 61, 98, 48, 89, 50, 66, 96, 80, 53, 8, 34, 4, 2, 52, 49, 0, 70, 74, 13]|[1, 1, 0, 1, 1, 0, 1, 2, 2, 1, 2, 2, 2, 1, 1, 0, 0, 1, 0, 2, 2, 0, 1, 2, 0, 1, 2, 2, 0, 0, 1, 2, 1, 2, 1, 0, 2, 0, 1, 1, 0, 1, 1, 1, 0, 2, 1, 1, 0, 0, 0, 0, 1, 1, 2, 1, 2, 1, 0, 0, 2, 2, 0, 1, 2, 1, 2, 1, 1, 1, 0, 1, 1, 0, 1, 1, 0, 0, 0, 1, 0, 1, 0, 0, 1, 0, 2, 0, 0, 0, 0, 2, 0, 0, 1, 0, 0, 1, 2, 0]|[4, 3, 2, 2, 4, 1, 2, 2, 2, 4, 1, 1, 2, 4, 4, 1, 2, 4, 2, 1, 1, 1, 1, 2, 1, 2, 1, 1, 1, 1, 3, 2, 3, 0, 4, 0, 1, 1, 0, 3, 2, 2, 2, 0, 1, 1, 0, 4, 0, 1, 2, 2, 1, 0, 0, 3, 2, 4, 1, 2, 2, 1, 1, 1, 1, 3, 0, 4, 4, 1, 1, 1, 1, 0, 4, 4, 2, 1, 1, 1, 2, 3, 1, 1, 1, 1, 1, 1, 1, 2, 1, 1, 2, 2, 1, 1, 2, 3, 1, 2]|[0, 2, 1, 1, 3, 0, 1, 0, 0, 0, 0, 0, 1, 0, 1, 0, 0, 3, 1, 0, 0, 0, 3, 1, 0, 2, 0, 0, 0, 1, 0, 0, 0, 0, 3, 0, 1, 0, 0, 2, 1, 1, 1, 0, 0, 0, 0, 2, 1, 0, 0, 0, 1, 3, 0, 0, 1, 2, 0, 1, 0, 0, 0, 1, 0, 2, 1, 0, 2, 1, 0, 3, 1, 1, 3, 3, 1, 0, 0, 2, 1, 0, 0, 0, 1, 0, 0, 0, 0, 1, 0, 0, 1, 0, 1, 1, 0, 0, 0, 0],847.0427978319374,57842.30893966173,93453.7900685962,false
9,G1_CMAX,G1_CMAX,[31, 22, 82, 15, 73, 9, 95, 42, 77, 12, 47, 5, 93, 78, 86, 54, 85, 63, 18, 44, 20, 35, 43, 97, 91, 76, 10, 30, 21, 45, 71, 64, 1, 23, 17, 83, 24, 14, 60, 36, 6, 57, 40, 88, 65, 56, 79, 94, 67, 68, 46, 75, 38, 58, 19, 32, 81, 41, 27, 62, 87, 90, 99, 59, 11, 16, 72, 26, 70, 39, 37, 84, 3, 92, 25, 55, 28, 29, 51, 7, 66, 61, 98, 48, 89, 50, 8, 96, 80, 53, 33, 4, 2, 34, 52, 49, 0, 69, 74, 13]|[1, 1, 0, 1, 1, 0, 1, 2, 2, 1, 2, 2, 2, 1, 1, 0, 0, 1, 0, 2, 2, 0, 1, 2, 0, 1, 2, 2, 0, 0, 1, 2, 1, 2, 1, 0, 2, 0, 1, 1, 0, 1, 1, 1, 0, 2, 1, 1, 0, 0, 0, 0, 1, 1, 2, 1, 2, 0, 0, 0, 2, 1, 0, 1, 2, 1, 2, 1, 1, 1, 1, 1, 1, 0, 1, 1, 0, 0, 0, 1, 2, 1, 0, 0, 1, 0, 1, 0, 0, 0, 0, 1, 0, 2, 2, 0, 0, 1, 2, 0]|[4, 3, 2, 2, 4, 1, 2, 2, 2, 4, 1, 1, 2, 4, 4, 1, 2, 4, 2, 1, 1, 1, 1, 2, 1, 2, 1, 1, 1, 1, 3, 2, 3, 0, 4, 0, 1, 1, 0, 3, 2, 2, 2, 0, 1, 1, 0, 4, 0, 1, 2, 2, 1, 4, 0, 3, 2, 1, 1, 2, 2, 3, 1, 1, 1, 3, 0, 4, 3, 1, 4, 1, 1, 0, 4, 4, 2, 1, 1, 1, 0, 3, 1, 1, 1, 1, 3, 1, 1, 2, 2, 4, 2, 1, 1, 1, 2, 4, 1, 2]|[0, 2, 1, 1, 3, 0, 1, 0, 0, 0, 0, 0, 1, 0, 1, 0, 0, 3, 1, 0, 0, 0, 3, 1, 0, 2, 0, 0, 0, 1, 0, 0, 0, 0, 3, 0, 1, 0, 0, 2, 1, 1, 1, 0, 0, 0, 0, 2, 1, 0, 0, 0, 1, 3, 0, 0, 1, 0, 0, 1, 0, 2, 0, 1, 0, 2, 1, 0, 0, 1, 1, 3, 1, 1, 3, 3, 1, 0, 0, 2, 0, 0, 0, 0, 1, 0, 2, 0, 0, 1, 1, 0, 0, 0, 0, 1, 0, 2, 0, 0],832.5936610194905,56912.95400948165,96066.69019682515,false
9,G4_BALANCED,G4_BALANCED,[31, 22, 82, 15, 26, 58, 95, 42, 77, 12, 47, 5, 93, 78, 86, 54, 85, 63, 18, 44, 20, 35, 43, 97, 91, 76, 10, 30, 21, 45, 71, 64, 1, 23, 17, 83, 24, 14, 60, 36, 6, 57, 40, 88, 65, 56, 79, 94, 67, 68, 46, 75, 38, 9, 19, 32, 81, 41, 27, 62, 87, 90, 99, 59, 11, 16, 72, 73, 70, 39, 37, 84, 3, 92, 25, 55, 28, 29, 51, 7, 66, 61, 98, 48, 89, 50, 96, 8, 80, 53, 34, 4, 33, 2, 52, 49, 0, 69, 74, 13]|[1, 1, 0, 1, 1, 0, 1, 2, 2, 1, 2, 2, 2, 1, 1, 0, 0, 1, 0, 2, 2, 0, 1, 2, 0, 1, 2, 2, 0, 0, 1, 2, 1, 2, 1, 0, 2, 0, 1, 1, 0, 1, 1, 1, 0, 2, 1, 1, 0, 0, 0, 0, 1, 1, 2, 1, 2, 1, 0, 0, 2, 1, 0, 1, 2, 1, 2, 1, 1, 1, 1, 1, 1, 0, 1, 1, 0, 0, 0, 1, 2, 1, 2, 0, 1, 0, 0, 1, 0, 0, 2, 1, 2, 0, 1, 0, 0, 1, 2, 0]|[4, 3, 2, 2, 4, 1, 2, 2, 2, 4, 1, 1, 2, 4, 4, 1, 2, 4, 2, 1, 1, 1, 1, 2, 1, 2, 1, 1, 1, 1, 3, 2, 3, 1, 4, 0, 1, 1, 0, 3, 2, 2, 2, 0, 1, 1, 0, 4, 0, 1, 2, 2, 1, 0, 0, 3, 2, 4, 1, 2, 2, 3, 1, 1, 1, 3, 0, 4, 3, 1, 4, 1, 1, 0, 4, 4, 2, 1, 1, 1, 1, 3, 1, 1, 1, 1, 1, 3, 1, 2, 1, 4, 1, 2, 1, 1, 2, 4, 1, 2]|[0, 2, 1, 1, 3, 0, 1, 0, 0, 0, 0, 0, 1, 0, 1, 0, 0, 3, 1, 0, 0, 0, 3, 1, 0, 2, 0, 0, 0, 1, 0, 0, 0, 0, 3, 0, 1, 0, 0, 2, 1, 1, 1, 0, 0, 0, 0, 2, 1, 0, 0, 0, 1, 3, 0, 0, 1, 2, 0, 1, 0, 2, 0, 1, 0, 2, 1, 0, 0, 1, 1, 3, 1, 1, 3, 3, 1, 0, 0, 2, 0, 0, 0, 0, 1, 0, 0, 2, 0, 1, 0, 0, 0, 0, 1, 1, 0, 2, 0, 0],765.9990607008382,57213.806194498815,96238.34283731865,false
9,G2_TEC,G2_TEC,[31, 22, 82, 15, 26, 9, 95, 42, 77, 68, 47, 5, 93, 78, 86, 54, 85, 63, 18, 44, 20, 49, 36, 14, 74, 50, 53, 17, 21, 45, 71, 64, 3, 23, 30, 83, 24, 41, 60, 52, 65, 27, 90, 70, 39, 87, 48, 69, 99, 4, 46, 1, 13, 58, 97, 59, 28, 8, 73, 37, 35, 79, 11, 66, 76, 57, 40, 80, 96, 6, 16, 61, 33, 98, 32, 81, 62, 67, 10, 7, 56, 88, 51, 19, 91, 38, 75, 92, 25, 84, 2, 55, 43, 29, 34, 0, 12, 94, 89, 72]|[2, 1, 2, 1, 1, 2, 1, 1, 1, 1, 1, 0, 2, 2, 1, 2, 0, 0, 0, 2, 2, 1, 0, 2, 0, 2, 2, 1, 0, 1, 1, 1, 0, 0, 1, 0, 2, 1, 2, 2, 0, 0, 1, 1, 0, 2, 0, 2, 1, 0, 0, 2, 2, 0, 2, 0, 2, 1, 0, 0, 2, 1, 0, 2, 2, 0, 2, 2, 0, 1, 2, 1, 1, 0, 0, 1, 1, 1, 1, 2, 2, 1, 1, 1, 1, 0, 0, 0, 1, 0, 2, 0, 1, 1, 1, 0, 1, 1, 1, 1]|[0, 3, 0, 2, 4, 1, 4, 4, 2, 4, 3, 2, 1, 0, 2, 1, 1, 1, 2, 1, 1, 3, 0, 1, 0, 1, 1, 4, 1, 4, 3, 2, 2, 0, 4, 1, 1, 4, 0, 1, 2, 1, 4, 4, 1, 1, 0, 2, 3, 1, 2, 1, 2, 1, 1, 2, 0, 3, 0, 2, 2, 3, 1, 0, 1, 0, 0, 1, 2, 4, 1, 3, 4, 2, 2, 4, 3, 3, 3, 1, 1, 4, 3, 4, 3, 2, 2, 2, 4, 2, 1, 2, 4, 3, 1, 2, 3, 4, 4, 4]|[0, 2, 0, 1, 3, 0, 1, 3, 0, 0, 2, 0, 1, 0, 1, 0, 0, 0, 1, 0, 0, 2, 0, 0, 1, 0, 0, 3, 0, 1, 0, 2, 0, 0, 3, 0, 1, 3, 1, 0, 0, 0, 1, 3, 0, 0, 1, 0, 2, 0, 0, 0, 0, 0, 1, 0, 0, 0, 1, 1, 0, 2, 0, 0, 0, 1, 0, 0, 0, 2, 0, 0, 1, 0, 0, 2, 0, 0, 3, 0, 0, 1, 0, 3, 0, 0, 0, 0, 3, 0, 0, 0, 2, 0, 1, 0, 0, 2, 1, 2],863.840939798981,52281.731521347596,112954.27457422629,false
9,G3_TWC,G3_TWC,[31, 22, 82, 15, 26, 9, 95, 42, 77, 12, 47, 5, 93, 78, 86, 54, 85, 63, 18, 44, 20, 35, 43, 97, 91, 76, 10, 30, 21, 45, 71, 64, 1, 23, 17, 83, 24, 14, 60, 36, 6, 57, 40, 88, 65, 56, 79, 94, 67, 68, 46, 75, 38, 58, 19, 32, 81, 41, 27, 62, 87, 90, 99, 59, 11, 16, 72, 73, 69, 39, 37, 84, 3, 92, 25, 55, 28, 29, 51, 7, 33, 61, 98, 48, 89, 50, 66, 96, 80, 53, 8, 34, 4, 2, 52, 49, 0, 70, 74, 13]|[1, 1, 0, 1, 1, 0, 1, 2, 2, 1, 2, 2, 2, 1, 1, 0, 0, 1, 0, 2, 2, 0, 1, 2, 0, 1, 2, 2, 0, 0, 1, 2, 1, 2, 1, 0, 2, 0, 1, 1, 0, 1, 1, 1, 0, 2, 1, 1, 0, 0, 0, 0, 1, 1, 2, 1, 2, 1, 0, 0, 2, 2, 0, 1, 2, 1, 2, 1, 1, 1, 0, 1, 1, 0, 1, 1, 0, 0, 0, 1, 0, 1, 0, 0, 1, 0, 2, 0, 0, 0, 0, 2, 0, 0, 1, 0, 0, 1, 2, 0]|[4, 3, 2, 2, 4, 1, 2, 2, 2, 4, 1, 1, 2, 4, 4, 1, 2, 4, 2, 1, 1, 1, 1, 2, 1, 2, 1, 1, 1, 1, 3, 2, 3, 0, 4, 0, 1, 1, 0, 3, 2, 2, 2, 0, 1, 1, 0, 4, 0, 1, 2, 2, 1, 0, 0, 3, 2, 4, 1, 2, 2, 1, 1, 1, 1, 3, 0, 4, 4, 1, 1, 1, 1, 0, 4, 4, 2, 1, 1, 1, 2, 3, 1, 1, 1, 1, 1, 1, 1, 2, 1, 1, 2, 2, 1, 1, 2, 3, 1, 2]|[0, 2, 1, 1, 3, 0, 1, 0, 0, 0, 0, 0, 1, 0, 1, 0, 0, 3, 1, 0, 0, 0, 3, 1, 0, 2, 0, 0, 0, 1, 0, 0, 0, 0, 3, 0, 1, 0, 0, 2, 1, 1, 1, 0, 0, 0, 0, 2, 1, 0, 0, 0, 1, 3, 0, 0, 1, 2, 0, 1, 0, 0, 0, 1, 0, 2, 1, 0, 2, 1, 0, 3, 1, 1, 3, 3, 1, 0, 0, 2, 1, 0, 0, 0, 1, 0, 0, 0, 0, 1, 0, 0, 1, 0, 1, 1, 0, 0, 0, 0],847.0427978319374,57842.30893966173,93453.7900685962,false
9,G1_CMAX,G1_CMAX,[31, 22, 82, 15, 73, 9, 95, 42, 77, 12, 47, 5, 93, 78, 86, 54, 85, 63, 18, 44, 20, 35, 43, 97, 91, 76, 10, 30, 21, 45, 71, 64, 1, 23, 17, 83, 24, 14, 60, 36, 6, 57, 40, 88, 65, 56, 79, 94, 67, 68, 46, 75, 38, 58, 19, 32, 81, 41, 27, 62, 87, 90, 99, 59, 11, 16, 72, 26, 70, 39, 37, 84, 3, 92, 25, 55, 28, 29, 51, 7, 66, 61, 98, 48, 89, 50, 8, 96, 80, 53, 33, 4, 2, 34, 52, 49, 0, 69, 74, 13]|[1, 1, 0, 1, 1, 0, 1, 2, 2, 1, 2, 2, 2, 1, 1, 0, 0, 1, 0, 2, 2, 0, 1, 2, 0, 1, 2, 2, 0, 0, 1, 2, 1, 2, 1, 0, 2, 0, 1, 1, 0, 1, 1, 1, 0, 2, 1, 1, 0, 0, 0, 0, 1, 1, 2, 1, 2, 0, 0, 0, 2, 1, 0, 1, 2, 1, 2, 1, 1, 1, 1, 1, 1, 0, 1, 1, 0, 0, 0, 1, 2, 1, 0, 0, 1, 0, 1, 0, 0, 0, 0, 1, 0, 2, 2, 0, 0, 1, 2, 0]|[4, 3, 2, 2, 4, 1, 2, 2, 2, 4, 1, 1, 2, 4, 4, 1, 2, 4, 2, 1, 1, 1, 1, 2, 1, 2, 1, 1, 1, 1, 3, 2, 3, 0, 4, 0, 1, 1, 0, 3, 2, 2, 2, 0, 1, 1, 0, 4, 0, 1, 2, 2, 1, 4, 0, 3, 2, 1, 1, 2, 2, 3, 1, 1, 1, 3, 0, 4, 3, 1, 4, 1, 1, 0, 4, 4, 2, 1, 1, 1, 0, 3, 1, 1, 1, 1, 3, 1, 1, 2, 2, 4, 2, 1, 1, 1, 2, 4, 1, 2]|[0, 2, 1, 1, 3, 0, 1, 0, 0, 0, 0, 0, 1, 0, 1, 0, 0, 3, 1, 0, 0, 0, 3, 1, 0, 2, 0, 0, 0, 1, 0, 0, 0, 0, 3, 0, 1, 0, 0, 2, 1, 1, 1, 0, 0, 0, 0, 2, 1, 0, 0, 0, 1, 3, 0, 0, 1, 0, 0, 1, 0, 2, 0, 1, 0, 2, 1, 0, 0, 1, 1, 3, 1, 1, 3, 3, 1, 0, 0, 2, 0, 0, 0, 0, 1, 0, 2, 0, 0, 1, 1, 0, 0, 0, 0, 1, 0, 2, 0, 0],832.5936610194905,56912.95400948165,96066.69019682515,false
9,G4_BALANCED,G4_BALANCED,[31, 22, 82, 15, 26, 58, 95, 42, 77, 12, 47, 5, 93, 78, 86, 54, 85, 63, 18, 44, 20, 35, 43, 97, 91, 76, 10, 30, 21, 45, 71, 64, 1, 23, 17, 83, 24, 14, 60, 36, 6, 57, 40, 88, 65, 56, 79, 94, 67, 68, 46, 75, 38, 9, 19, 32, 81, 41, 27, 62, 87, 90, 99, 59, 11, 16, 72, 73, 70, 39, 37, 84, 3, 92, 25, 55, 28, 29, 51, 7, 66, 61, 98, 48, 89, 50, 96, 8, 80, 53, 34, 4, 33, 2, 52, 49, 0, 69, 74, 13]|[1, 1, 0, 1, 1, 0, 1, 2, 2, 1, 2, 2, 2, 1, 1, 0, 0, 1, 0, 2, 2, 0, 1, 2, 0, 1, 2, 2, 0, 0, 1, 2, 1, 2, 1, 0, 2, 0, 1, 1, 0, 1, 1, 1, 0, 2, 1, 1, 0, 0, 0, 0, 1, 1, 2, 1, 2, 1, 0, 0, 2, 1, 0, 1, 2, 1, 2, 1, 1, 1, 1, 1, 1, 0, 1, 1, 0, 0, 0, 1, 2, 1, 2, 0, 1, 0, 0, 1, 0, 0, 2, 1, 2, 0, 1, 0, 0, 1, 2, 0]|[4, 3, 2, 2, 4, 1, 2, 2, 2, 4, 1, 1, 2, 4, 4, 1, 2, 4, 2, 1, 1, 1, 1, 2, 1, 2, 1, 1, 1, 1, 3, 2, 3, 1, 4, 0, 1, 1, 0, 3, 2, 2, 2, 0, 1, 1, 0, 4, 0, 1, 2, 2, 1, 0, 0, 3, 2, 4, 1, 2, 2, 3, 1, 1, 1, 3, 0, 4, 3, 1, 4, 1, 1, 0, 4, 4, 2, 1, 1, 1, 1, 3, 1, 1, 1, 1, 1, 3, 1, 2, 1, 4, 1, 2, 1, 1, 2, 4, 1, 2]|[0, 2, 1, 1, 3, 0, 1, 0, 0, 0, 0, 0, 1, 0, 1, 0, 0, 3, 1, 0, 0, 0, 3, 1, 0, 2, 0, 0, 0, 1, 0, 0, 0, 0, 3, 0, 1, 0, 0, 2, 1, 1, 1, 0, 0, 0, 0, 2, 1, 0, 0, 0, 1, 3, 0, 0, 1, 2, 0, 1, 0, 2, 0, 1, 0, 2, 1, 0, 0, 1, 1, 3, 1, 1, 3, 3, 1, 0, 0, 2, 0, 0, 0, 0, 1, 0, 0, 2, 0, 1, 0, 0, 0, 0, 1, 1, 0, 2, 0, 0],765.9990607008382,57213.806194498815,96238.34283731865,false
9,G2_TEC,G2_TEC,[31, 22, 82, 15, 26, 9, 95, 42, 77, 68, 47, 5, 93, 78, 86, 54, 85, 63, 18, 44, 20, 49, 36, 14, 74, 50, 53, 17, 21, 45, 71, 64, 3, 23, 30, 83, 24, 41, 60, 52, 65, 27, 90, 70, 39, 87, 48, 69, 99, 4, 46, 1, 13, 58, 97, 59, 28, 8, 73, 37, 35, 79, 11, 66, 76, 57, 40, 80, 96, 6, 16, 61, 33, 98, 32, 81, 62, 67, 10, 7, 56, 88, 51, 19, 91, 38, 75, 92, 25, 84, 2, 55, 43, 29, 34, 0, 12, 94, 89, 72]|[2, 1, 2, 1, 1, 2, 1, 1, 1, 1, 1, 0, 2, 2, 1, 2, 0, 0, 0, 2, 2, 1, 0, 2, 0, 2, 2, 1, 0, 1, 1, 1, 0, 0, 1, 0, 2, 1, 2, 2, 0, 0, 1, 1, 0, 2, 0, 2, 1, 0, 0, 2, 2, 0, 2, 0, 2, 1, 0, 0, 2, 1, 0, 2, 2, 0, 2, 2, 0, 1, 2, 1, 1, 0, 0, 1, 1, 1, 1, 2, 2, 1, 1, 1, 1, 0, 0, 0, 1, 0, 2, 0, 1, 1, 1, 0, 1, 1, 1, 1]|[0, 3, 0, 2, 4, 1, 4, 4, 2, 4, 3, 2, 1, 0, 2, 1, 1, 1, 2, 1, 1, 3, 0, 1, 0, 1, 1, 4, 1, 4, 3, 2, 2, 0, 4, 1, 1, 4, 0, 1, 2, 1, 4, 4, 1, 1, 0, 2, 3, 1, 2, 1, 2, 1, 1, 2, 0, 3, 0, 2, 2, 3, 1, 0, 1, 0, 0, 1, 2, 4, 1, 3, 4, 2, 2, 4, 3, 3, 3, 1, 1, 4, 3, 4, 3, 2, 2, 2, 4, 2, 1, 2, 4, 3, 1, 2, 3, 4, 4, 4]|[0, 2, 0, 1, 3, 0, 1, 3, 0, 0, 2, 0, 1, 0, 1, 0, 0, 0, 1, 0, 0, 2, 0, 0, 1, 0, 0, 3, 0, 1, 0, 2, 0, 0, 3, 0, 1, 3, 1, 0, 0, 0, 1, 3, 0, 0, 1, 0, 2, 0, 0, 0, 0, 0, 1, 0, 0, 0, 1, 1, 0, 2, 0, 0, 0, 1, 0, 0, 0, 2, 0, 0, 1, 0, 0, 2, 0, 0, 3, 0, 0, 1, 0, 3, 0, 0, 0, 0, 3, 0, 0, 0, 2, 0, 1, 0, 0, 2, 1, 2],863.840939798981,52281.731521347596,112954.27457422629,false
9,G3_TWC,G3_TWC,[31, 22, 82, 15, 26, 9, 95, 42, 77, 12, 47, 5, 93, 78, 86, 54, 85, 63, 18, 44, 20, 35, 43, 97, 91, 76, 10, 30, 21, 45, 71, 64, 1, 23, 17, 83, 24, 14, 60, 36, 6, 57, 40, 88, 65, 56, 79, 94, 67, 68, 46, 75, 38, 58, 19, 32, 81, 41, 27, 62, 87, 90, 99, 59, 11, 16, 72, 73, 69, 39, 37, 84, 3, 92, 25, 55, 28, 29, 51, 7, 33, 61, 98, 48, 89, 50, 66, 96, 80, 53, 8, 34, 4, 2, 52, 49, 0, 70, 74, 13]|[1, 1, 0, 1, 1, 0, 1, 2, 2, 1, 2, 2, 2, 1, 1, 0, 0, 1, 0, 2, 2, 0, 1, 2, 0, 1, 2, 2, 0, 0, 1, 2, 1, 2, 1, 0, 2, 0, 1, 1, 0, 1, 1, 1, 0, 2, 1, 1, 0, 0, 0, 0, 1, 1, 2, 1, 2, 1, 0, 0, 2, 2, 0, 1, 2, 1, 2, 1, 1, 1, 0, 1, 1, 0, 1, 1, 0, 0, 0, 1, 0, 1, 0, 0, 1, 0, 2, 0, 0, 0, 0, 2, 0, 0, 1, 0, 0, 1, 2, 0]|[4, 3, 2, 2, 4, 1, 2, 2, 2, 4, 1, 1, 2, 4, 4, 1, 2, 4, 2, 1, 1, 1, 1, 2, 1, 2, 1, 1, 1, 1, 3, 2, 3, 0, 4, 0, 1, 1, 0, 3, 2, 2, 2, 0, 1, 1, 0, 4, 0, 1, 2, 2, 1, 0, 0, 3, 2, 4, 1, 2, 2, 1, 1, 1, 1, 3, 0, 4, 4, 1, 1, 1, 1, 0, 4, 4, 2, 1, 1, 1, 2, 3, 1, 1, 1, 1, 1, 1, 1, 2, 1, 1, 2, 2, 1, 1, 2, 3, 1, 2]|[0, 2, 1, 1, 3, 0, 1, 0, 0, 0, 0, 0, 1, 0, 1, 0, 0, 3, 1, 0, 0, 0, 3, 1, 0, 2, 0, 0, 0, 1, 0, 0, 0, 0, 3, 0, 1, 0, 0, 2, 1, 1, 1, 0, 0, 0, 0, 2, 1, 0, 0, 0, 1, 3, 0, 0, 1, 2, 0, 1, 0, 0, 0, 1, 0, 2, 1, 0, 2, 1, 0, 3, 1, 1, 3, 3, 1, 0, 0, 2, 1, 0, 0, 0, 1, 0, 0, 0, 0, 1, 0, 0, 1, 0, 1, 1, 0, 0, 0, 0],847.0427978319374,57842.30893966173,93453.7900685962,false
9,G1_CMAX,G4_BALANCED,[31, 22, 82, 15, 26, 9, 95, 42, 77, 12, 47, 5, 93, 78, 86, 54, 85, 63, 18, 44, 20, 35, 43, 97, 91, 76, 10, 30, 21, 45, 71, 64, 1, 23, 17, 83, 24, 14, 60, 36, 6, 57, 40, 88, 65, 56, 79, 69, 67, 68, 46, 75, 38, 58, 19, 32, 81, 48, 27, 62, 87, 90, 99, 59, 11, 16, 72, 73, 70, 39, 37, 84, 3, 92, 25, 55, 28, 29, 51, 7, 66, 61, 98, 41, 8, 50, 96, 89, 53, 80, 34, 4, 33, 2, 52, 49, 0, 94, 74, 13]|[1, 1, 0, 1, 1, 0, 1, 2, 2, 1, 2, 2, 2, 1, 1, 0, 0, 1, 0, 2, 2, 0, 1, 2, 0, 1, 2, 2, 0, 0, 1, 2, 1, 2, 1, 0, 2, 0, 1, 1, 0, 1, 1, 1, 0, 2, 1, 1, 0, 0, 0, 0, 1, 1, 2, 1, 2, 1, 0, 0, 2, 1, 0, 1, 2, 1, 2, 1, 1, 1, 1, 1, 1, 0, 1, 1, 0, 0, 0, 1, 2, 1, 2, 2, 1, 0, 0, 1, 0, 0, 2, 1, 2, 0, 2, 0, 0, 1, 2, 0]|[4, 3, 2, 2, 4, 1, 2, 2, 2, 4, 1, 1, 2, 4, 4, 1, 2, 4, 2, 1, 1, 1, 1, 2, 1, 2, 1, 1, 1, 1, 3, 2, 3, 0, 4, 0, 1, 1, 0, 3, 2, 2, 2, 0, 1, 1, 0, 4, 0, 1, 2, 2, 1, 0, 0, 3, 2, 4, 1, 2, 2, 3, 1, 1, 1, 3, 0, 4, 3, 1, 4, 1, 1, 0, 4, 4, 2, 1, 1, 1, 1, 3, 1, 1, 3, 1, 1, 1, 2, 1, 1, 4, 1, 2, 1, 1, 2, 4, 1, 2]|[0, 2, 1, 1, 3, 0, 1, 0, 0, 0, 0, 0, 1, 0, 1, 0, 0, 3, 1, 0, 0, 0, 3, 1, 0, 2, 0, 0, 0, 1, 0, 0, 0, 0, 3, 0, 1, 0, 0, 2, 1, 1, 1, 0, 0, 0, 0, 2, 1, 0, 0, 0, 1, 3, 0, 0, 1, 2, 0, 1, 0, 2, 0, 1, 0, 2, 1, 0, 0, 1, 1, 3, 1, 1, 3, 3, 1, 0, 0, 2, 0, 0, 0, 0, 2, 0, 0, 1, 1, 0, 0, 0, 0, 0, 0, 1, 0, 2, 0, 0],774.9271534229204,56898.50694837711,97460.52386149109,true
9,G4_BALANCED,G4_BALANCED,[31, 22, 82, 15, 26, 58, 95, 42, 77, 12, 47, 5, 93, 78, 86, 54, 85, 63, 18, 44, 20, 35, 43, 97, 91, 76, 10, 30, 21, 45, 71, 64, 1, 23, 17, 83, 24, 14, 60, 36, 6, 57, 40, 88, 65, 56, 79, 94, 67, 68, 46, 75, 38, 9, 19, 32, 81, 41, 27, 62, 87, 90, 99, 59, 11, 16, 72, 73, 70, 39, 37, 84, 3, 92, 25, 55, 28, 29, 51, 7, 66, 61, 98, 48, 89, 50, 96, 8, 80, 53, 34, 4, 33, 2, 52, 49, 0, 69, 74, 13]|[1, 1, 0, 1, 1, 0, 1, 2, 2, 1, 2, 2, 2, 1, 1, 0, 0, 1, 0, 2, 2, 0, 1, 2, 0, 1, 2, 2, 0, 0, 1, 2, 1, 2, 1, 0, 2, 0, 1, 1, 0, 1, 1, 1, 0, 2, 1, 1, 0, 0, 0, 0, 1, 1, 2, 1, 2, 1, 0, 0, 2, 1, 0, 1, 2, 1, 2, 1, 1, 1, 1, 1, 1, 0, 1, 1, 0, 0, 0, 1, 2, 1, 2, 0, 1, 0, 0, 1, 0, 0, 2, 1, 2, 0, 1, 0, 0, 1, 2, 0]|[4, 3, 2, 2, 4, 1, 2, 2, 2, 4, 1, 1, 2, 4, 4, 1, 2, 4, 2, 1, 1, 1, 1, 2, 1, 2, 1, 1, 1, 1, 3, 2, 3, 1, 4, 0, 1, 1, 0, 3, 2, 2, 2, 0, 1, 1, 0, 4, 0, 1, 2, 2, 1, 0, 0, 3, 2, 4, 1, 2, 2, 3, 1, 1, 1, 3, 0, 4, 3, 1, 4, 1, 1, 0, 4, 4, 2, 1, 1, 1, 1, 3, 1, 1, 1, 1, 1, 3, 1, 2, 1, 4, 1, 2, 1, 1, 2, 4, 1, 2]|[0, 2, 1, 1, 3, 0, 1, 0, 0, 0, 0, 0, 1, 0, 1, 0, 0, 3, 1, 0, 0, 0, 3, 1, 0, 2, 0, 0, 0, 1, 0, 0, 0, 0, 3, 0, 1, 0, 0, 2, 1, 1, 1, 0, 0, 0, 0, 2, 1, 0, 0, 0, 1, 3, 0, 0, 1, 2, 0, 1, 0, 2, 0, 1, 0, 2, 1, 0, 0, 1, 1, 3, 1, 1, 3, 3, 1, 0, 0, 2, 0, 0, 0, 0, 1, 0, 0, 2, 0, 1, 0, 0, 0, 0, 1, 1, 0, 2, 0, 0],765.9990607008382,57213.806194498815,96238.34283731865,false
9,G2_TEC,G2_TEC,[31, 22, 82, 15, 26, 9, 95, 42, 77, 68, 47, 5, 93, 78, 86, 54, 85, 63, 18, 44, 20, 49, 36, 14, 74, 50, 53, 17, 21, 45, 71, 64, 3, 23, 30, 83, 24, 41, 60, 52, 65, 27, 90, 70, 39, 87, 48, 69, 99, 4, 46, 1, 13, 58, 97, 59, 28, 8, 73, 37, 35, 79, 11, 66, 76, 57, 40, 80, 96, 6, 16, 61, 33, 98, 32, 81, 62, 67, 10, 7, 56, 88, 51, 19, 91, 38, 75, 92, 25, 84, 2, 55, 43, 29, 34, 0, 12, 94, 89, 72]|[2, 1, 2, 1, 1, 2, 1, 1, 1, 1, 1, 0, 2, 2, 1, 2, 0, 0, 0, 2, 2, 1, 0, 2, 0, 2, 2, 1, 0, 1, 1, 1, 0, 0, 1, 0, 2, 1, 2, 2, 0, 0, 1, 1, 0, 2, 0, 2, 1, 0, 0, 2, 2, 0, 2, 0, 2, 1, 0, 0, 2, 1, 0, 2, 2, 0, 2, 2, 0, 1, 2, 1, 1, 0, 0, 1, 1, 1, 1, 2, 2, 1, 1, 1, 1, 0, 0, 0, 1, 0, 2, 0, 1, 1, 1, 0, 1, 1, 1, 1]|[0, 3, 0, 2, 4, 1, 4, 4, 2, 4, 3, 2, 1, 0, 2, 1, 1, 1, 2, 1, 1, 3, 0, 1, 0, 1, 1, 4, 1, 4, 3, 2, 2, 0, 4, 1, 1, 4, 0, 1, 2, 1, 4, 4, 1, 1, 0, 2, 3, 1, 2, 1, 2, 1, 1, 2, 0, 3, 0, 2, 2, 3, 1, 0, 1, 0, 0, 1, 2, 4, 1, 3, 4, 2, 2, 4, 3, 3, 3, 1, 1, 4, 3, 4, 3, 2, 2, 2, 4, 2, 1, 2, 4, 3, 1, 2, 3, 4, 4, 4]|[0, 2, 0, 1, 3, 0, 1, 3, 0, 0, 2, 0, 1, 0, 1, 0, 0, 0, 1, 0, 0, 2, 0, 0, 1, 0, 0, 3, 0, 1, 0, 2, 0, 0, 3, 0, 1, 3, 1, 0, 0, 0, 1, 3, 0, 0, 1, 0, 2, 0, 0, 0, 0, 0, 1, 0, 0, 0, 1, 1, 0, 2, 0, 0, 0, 1, 0, 0, 0, 2, 0, 0, 1, 0, 0, 2, 0, 0, 3, 0, 0, 1, 0, 3, 0, 0, 0, 0, 3, 0, 0, 0, 2, 0, 1, 0, 0, 2, 1, 2],863.840939798981,52281.731521347596,112954.27457422629,false
9,G3_TWC,G3_TWC,[31, 22, 82, 15, 26, 9, 95, 42, 77, 12, 47, 5, 93, 78, 86, 54, 85, 63, 18, 44, 20, 35, 43, 97, 91, 76, 10, 30, 21, 45, 71, 64, 1, 23, 17, 83, 24, 14, 60, 36, 6, 57, 40, 88, 65, 56, 79, 94, 67, 68, 46, 75, 38, 58, 19, 32, 81, 41, 27, 62, 87, 90, 99, 59, 11, 16, 72, 73, 69, 39, 37, 84, 3, 92, 25, 55, 28, 29, 51, 7, 33, 61, 98, 48, 89, 50, 66, 96, 80, 53, 8, 34, 4, 2, 52, 49, 0, 70, 74, 13]|[1, 1, 0, 1, 1, 0, 1, 2, 2, 1, 2, 2, 2, 1, 1, 0, 0, 1, 0, 2, 2, 0, 1, 2, 0, 1, 2, 2, 0, 0, 1, 2, 1, 2, 1, 0, 2, 0, 1, 1, 0, 1, 1, 1, 0, 2, 1, 1, 0, 0, 0, 0, 1, 1, 2, 1, 2, 1, 0, 0, 2, 2, 0, 1, 2, 1, 2, 1, 1, 1, 0, 1, 1, 0, 1, 1, 0, 0, 0, 1, 0, 1, 0, 0, 1, 0, 2, 0, 0, 0, 0, 2, 0, 0, 1, 0, 0, 1, 2, 0]|[4, 3, 2, 2, 4, 1, 2, 2, 2, 4, 1, 1, 2, 4, 4, 1, 2, 4, 2, 1, 1, 1, 1, 2, 1, 2, 1, 1, 1, 1, 3, 2, 3, 0, 4, 0, 1, 1, 0, 3, 2, 2, 2, 0, 1, 1, 0, 4, 0, 1, 2, 2, 1, 0, 0, 3, 2, 4, 1, 2, 2, 1, 1, 1, 1, 3, 0, 4, 4, 1, 1, 1, 1, 0, 4, 4, 2, 1, 1, 1, 2, 3, 1, 1, 1, 1, 1, 1, 1, 2, 1, 1, 2, 2, 1, 1, 2, 3, 1, 2]|[0, 2, 1, 1, 3, 0, 1, 0, 0, 0, 0, 0, 1, 0, 1, 0, 0, 3, 1, 0, 0, 0, 3, 1, 0, 2, 0, 0, 0, 1, 0, 0, 0, 0, 3, 0, 1, 0, 0, 2, 1, 1, 1, 0, 0, 0, 0, 2, 1, 0, 0, 0, 1, 3, 0, 0, 1, 2, 0, 1, 0, 0, 0, 1, 0, 2, 1, 0, 2, 1, 0, 3, 1, 1, 3, 3, 1, 0, 0, 2, 1, 0, 0, 0, 1, 0, 0, 0, 0, 1, 0, 0, 1, 0, 1, 1, 0, 0, 0, 0],847.0427978319374,57842.30893966173,93453.7900685962,false
9,G1_CMAX,G1_CMAX,[31, 22, 82, 15, 26, 9, 95, 42, 77, 12, 47, 5, 93, 78, 86, 54, 6, 63, 18, 44, 20, 35, 43, 97, 91, 76, 10, 30, 21, 45, 64, 1, 23, 17, 83, 24, 14, 60, 36, 13, 75, 46, 68, 67, 69, 79, 56, 65, 88, 40, 57, 85, 58, 19, 32, 81, 48, 27, 62, 87, 90, 99, 73, 11, 16, 72, 59, 71, 70, 39, 37, 84, 3, 98, 29, 28, 55, 25, 92, 7, 33, 61, 53, 41, 89, 50, 8, 96, 51, 80, 34, 4, 66, 2, 52, 49, 0, 94, 74, 38]|[1, 1, 0, 1, 1, 0, 1, 2, 2, 1, 2, 2, 2, 1, 1, 0, 0, 1, 0, 2, 2, 0, 1, 2, 0, 1, 2, 2, 0, 0, 2, 1, 2, 1, 0, 2, 2, 1, 1, 0, 0, 0, 0, 0, 2, 1, 2, 0, 1, 1, 1, 0, 1, 2, 1, 2, 1, 0, 0, 2, 1, 0, 1, 2, 1, 2, 1, 1, 1, 1, 1, 1, 1, 0, 0, 0, 1, 1, 0, 1, 0, 1, 0, 1, 1, 0, 1, 0, 0, 0, 2, 1, 2, 0, 1, 0, 0, 2, 2, 1]|[0, 3, 2, 2, 4, 1, 2, 2, 2, 4, 1, 1, 2, 4, 4, 1, 2, 4, 2, 1, 1, 1, 1, 2, 1, 2, 1, 1, 1, 1, 2, 3, 0, 4, 0, 1, 2, 0, 3, 2, 2, 2, 1, 0, 2, 0, 1, 1, 0, 2, 2, 2, 0, 0, 3, 2, 4, 1, 2, 2, 3, 1, 1, 1, 3, 0, 4, 3, 3, 1, 4, 1, 1, 1, 1, 2, 4, 4, 0, 1, 2, 3, 2, 4, 1, 1, 3, 1, 1, 1, 1, 4, 1, 2, 1, 1, 2, 2, 1, 1]|[0, 2, 1, 1, 3, 0, 1, 0, 0, 0, 0, 0, 1, 0, 1, 0, 1, 3, 1, 0, 0, 0, 3, 1, 0, 2, 0, 0, 0, 1, 0, 0, 0, 3, 0, 1, 1, 0, 2, 0, 0, 0, 0, 1, 0, 0, 0, 0, 0, 1, 1, 0, 3, 0, 0, 1, 2, 0, 1, 0, 2, 0, 1, 0, 2, 1, 0, 0, 0, 1, 1, 3, 1, 0, 0, 1, 3, 3, 1, 2, 1, 0, 1, 3, 1, 0, 2, 0, 0, 0, 0, 0, 0, 0, 1, 1, 0, 0, 0, 1],740.6648699319737,58250.75068035506,99692.90355896864,false
9,G4_BALANCED,G4_BALANCED,[31, 22, 82, 15, 26, 58, 95, 42, 77, 12, 47, 5, 93, 78, 86, 54, 85, 63, 18, 44, 20, 35, 43, 97, 91, 76, 10, 30, 21, 45, 71, 64, 1, 23, 17, 83, 24, 14, 60, 36, 6, 57, 40, 88, 65, 56, 79, 94, 67, 68, 46, 75, 38, 9, 19, 32, 81, 41, 27, 62, 87, 90, 99, 59, 11, 16, 72, 73, 70, 39, 37, 84, 3, 92, 25, 55, 28, 29, 51, 7, 66, 61, 98, 48, 89, 50, 96, 8, 80, 53, 34, 4, 33, 2, 52, 49, 0, 69, 74, 13]|[1, 1, 0, 1, 1, 0, 1, 2, 2, 1, 2, 2, 2, 1, 1, 0, 0, 1, 0, 2, 2, 0, 1, 2, 0, 1, 2, 2, 0, 0, 1, 2, 1, 2, 1, 0, 2, 0, 1, 1, 0, 1, 1, 1, 0, 2, 1, 1, 0, 0, 0, 0, 1, 1, 2, 1, 2, 1, 0, 0, 2, 1, 0, 1, 2, 1, 2, 1, 1, 1, 1, 1, 1, 0, 1, 1, 0, 0, 0, 1, 2, 1, 2, 0, 1, 0, 0, 1, 0, 0, 2, 1, 2, 0, 1, 0, 0, 1, 2, 0]|[4, 3, 2, 2, 4, 1, 2, 2, 2, 4, 1, 1, 2, 4, 4, 1, 2, 4, 2, 1, 1, 1, 1, 2, 1, 2, 1, 1, 1, 1, 3, 2, 3, 1, 4, 0, 1, 1, 0, 3, 2, 2, 2, 0, 1, 1, 0, 4, 0, 1, 2, 2, 1, 0, 0, 3, 2, 4, 1, 2, 2, 3, 1, 1, 1, 3, 0, 4, 3, 1, 4, 1, 1, 0, 4, 4, 2, 1, 1, 1, 1, 3, 1, 1, 1, 1, 1, 3, 1, 2, 1, 4, 1, 2, 1, 1, 2, 4, 1, 2]|[0, 2, 1, 1, 3, 0, 1, 0, 0, 0, 0, 0, 1, 0, 1, 0, 0, 3, 1, 0, 0, 0, 3, 1, 0, 2, 0, 0, 0, 1, 0, 0, 0, 0, 3, 0, 1, 0, 0, 2, 1, 1, 1, 0, 0, 0, 0, 2, 1, 0, 0, 0, 1, 3, 0, 0, 1, 2, 0, 1, 0, 2, 0, 1, 0, 2, 1, 0, 0, 1, 1, 3, 1, 1, 3, 3, 1, 0, 0, 2, 0, 0, 0, 0, 1, 0, 0, 2, 0, 1, 0, 0, 0, 0, 1, 1, 0, 2, 0, 0],765.9990607008382,57213.806194498815,96238.34283731865,false
9,G2_TEC,G2_TEC,[31, 22, 82, 15, 26, 9, 95, 42, 77, 68, 47, 5, 93, 78, 86, 54, 85, 63, 18, 44, 20, 49, 36, 14, 74, 50, 53, 17, 21, 45, 71, 64, 3, 23, 30, 83, 24, 41, 60, 52, 65, 27, 90, 70, 39, 87, 48, 69, 99, 4, 46, 1, 13, 58, 97, 59, 28, 8, 73, 37, 35, 79, 11, 66, 76, 57, 40, 80, 96, 6, 16, 61, 33, 98, 32, 81, 62, 67, 10, 7, 56, 88, 51, 19, 91, 38, 75, 92, 25, 84, 2, 55, 43, 29, 34, 0, 12, 94, 89, 72]|[2, 1, 2, 1, 1, 2, 1, 1, 1, 1, 1, 0, 2, 2, 1, 2, 0, 0, 0, 2, 2, 1, 0, 2, 0, 2, 2, 1, 0, 1, 1, 1, 0, 0, 1, 0, 2, 1, 2, 2, 0, 0, 1, 1, 0, 2, 0, 2, 1, 0, 0, 2, 2, 0, 2, 0, 2, 1, 0, 0, 2, 1, 0, 2, 2, 0, 2, 2, 0, 1, 2, 1, 1, 0, 0, 1, 1, 1, 1, 2, 2, 1, 1, 1, 1, 0, 0, 0, 1, 0, 2, 0, 1, 1, 1, 0, 1, 1, 1, 1]|[0, 3, 0, 2, 4, 1, 4, 4, 2, 4, 3, 2, 1, 0, 2, 1, 1, 1, 2, 1, 1, 3, 0, 1, 0, 1, 1, 4, 1, 4, 3, 2, 2, 0, 4, 1, 1, 4, 0, 1, 2, 1, 4, 4, 1, 1, 0, 2, 3, 1, 2, 1, 2, 1, 1, 2, 0, 3, 0, 2, 2, 3, 1, 0, 1, 0, 0, 1, 2, 4, 1, 3, 4, 2, 2, 4, 3, 3, 3, 1, 1, 4, 3, 4, 3, 2, 2, 2, 4, 2, 1, 2, 4, 3, 1, 2, 3, 4, 4, 4]|[0, 2, 0, 1, 3, 0, 1, 3, 0, 0, 2, 0, 1, 0, 1, 0, 0, 0, 1, 0, 0, 2, 0, 0, 1, 0, 0, 3, 0, 1, 0, 2, 0, 0, 3, 0, 1, 3, 1, 0, 0, 0, 1, 3, 0, 0, 1, 0, 2, 0, 0, 0, 0, 0, 1, 0, 0, 0, 1, 1, 0, 2, 0, 0, 0, 1, 0, 0, 0, 2, 0, 0, 1, 0, 0, 2, 0, 0, 3, 0, 0, 1, 0, 3, 0, 0, 0, 0, 3, 0, 0, 0, 2, 0, 1, 0, 0, 2, 1, 2],863.840939798981,52281.731521347596,112954.27457422629,false
9,G3_TWC,G3_TWC,[31, 22, 82, 15, 26, 9, 95, 42, 77, 12, 47, 5, 93, 78, 86, 54, 85, 63, 18, 44, 20, 35, 43, 97, 91, 76, 10, 30, 21, 45, 71, 64, 1, 23, 17, 83, 24, 14, 60, 36, 6, 57, 40, 88, 65, 56, 79, 94, 67, 68, 46, 75, 38, 58, 19, 32, 81, 41, 27, 62, 87, 90, 99, 59, 11, 16, 72, 73, 69, 39, 37, 84, 3, 92, 25, 55, 28, 29, 51, 7, 33, 61, 98, 48, 89, 50, 66, 96, 80, 53, 8, 34, 4, 2, 52, 49, 0, 70, 74, 13]|[1, 1, 0, 1, 1, 0, 1, 2, 2, 1, 2, 2, 2, 1, 1, 0, 0, 1, 0, 2, 2, 0, 1, 2, 0, 1, 2, 2, 0, 0, 1, 2, 1, 2, 1, 0, 2, 0, 1, 1, 0, 1, 1, 1, 0, 2, 1, 1, 0, 0, 0, 0, 1, 1, 2, 1, 2, 1, 0, 0, 2, 2, 0, 1, 2, 1, 2, 1, 1, 1, 0, 1, 1, 0, 1, 1, 0, 0, 0, 1, 0, 1, 0, 0, 1, 0, 2, 0, 0, 0, 0, 2, 0, 0, 1, 0, 0, 1, 2, 0]|[4, 3, 2, 2, 4, 1, 2, 2, 2, 4, 1, 1, 2, 4, 4, 1, 2, 4, 2, 1, 1, 1, 1, 2, 1, 2, 1, 1, 1, 1, 3, 2, 3, 0, 4, 0, 1, 1, 0, 3, 2, 2, 2, 0, 1, 1, 0, 4, 0, 1, 2, 2, 1, 0, 0, 3, 2, 4, 1, 2, 2, 1, 1, 1, 1, 3, 0, 4, 4, 1, 1, 1, 1, 0, 4, 4, 2, 1, 1, 1, 2, 3, 1, 1, 1, 1, 1, 1, 1, 2, 1, 1, 2, 2, 1, 1, 2, 3, 1, 2]|[0, 2, 1, 1, 3, 0, 1, 0, 0, 0, 0, 0, 1, 0, 1, 0, 0, 3, 1, 0, 0, 0, 3, 1, 0, 2, 0, 0, 0, 1, 0, 0, 0, 0, 3, 0, 1, 0, 0, 2, 1, 1, 1, 0, 0, 0, 0, 2, 1, 0, 0, 0, 1, 3, 0, 0, 1, 2, 0, 1, 0, 0, 0, 1, 0, 2, 1, 0, 2, 1, 0, 3, 1, 1, 3, 3, 1, 0, 0, 2, 1, 0, 0, 0, 1, 0, 0, 0, 0, 1, 0, 0, 1, 0, 1, 1, 0, 0, 0, 0],847.0427978319374,57842.30893966173,93453.7900685962,false
9,G1_CMAX,G4_BALANCED,[31, 22, 82, 15, 26, 58, 95, 42, 77, 12, 47, 5, 93, 78, 86, 54, 85, 63, 18, 44, 20, 35, 43, 97, 91, 76, 10, 30, 21, 45, 71, 64, 1, 23, 17, 83, 24, 14, 60, 36, 6, 57, 40, 88, 65, 56, 79, 94, 67, 68, 46, 75, 38, 9, 19, 32, 81, 41, 27, 62, 87, 90, 99, 59, 11, 16, 72, 73, 70, 39, 37, 84, 3, 92, 25, 55, 28, 29, 51, 7, 66, 61, 98, 33, 89, 50, 48, 96, 80, 53, 8, 4, 34, 2, 52, 49, 0, 69, 74, 13]|[1, 1, 0, 1, 1, 0, 1, 2, 2, 1, 2, 2, 2, 1, 1, 0, 0, 1, 0, 2, 2, 0, 1, 2, 0, 1, 2, 2, 0, 0, 1, 2, 1, 2, 1, 0, 2, 0, 1, 1, 0, 1, 1, 1, 0, 2, 1, 1, 0, 0, 0, 0, 1, 1, 2, 1, 2, 1, 0, 0, 2, 1, 0, 1, 2, 1, 2, 1, 1, 1, 1, 1, 1, 0, 1, 1, 0, 0, 0, 1, 2, 1, 2, 2, 1, 0, 0, 0, 0, 0, 1, 1, 2, 0, 1, 0, 0, 2, 2, 0]|[4, 3, 2, 2, 4, 1, 2, 2, 2, 4, 1, 1, 2, 4, 4, 1, 2, 4, 2, 1, 1, 1, 1, 2, 1, 2, 1, 1, 1, 1, 3, 2, 3, 0, 4, 0, 1, 1, 0, 3, 2, 2, 2, 0, 1, 1, 0, 4, 0, 1, 2, 2, 1, 0, 0, 3, 2, 4, 1, 2, 2, 3, 1, 1, 1, 3, 0, 4, 3, 1, 4, 1, 1, 0, 4, 4, 2, 1, 1, 1, 1, 3, 1, 1, 1, 1, 1, 1, 1, 2, 3, 4, 1, 2, 1, 1, 2, 2, 1, 2]|[0, 2, 1, 1, 3, 0, 1, 0, 0, 0, 0, 0, 1, 0, 1, 0, 0, 3, 1, 0, 0, 0, 3, 1, 0, 2, 0, 0, 0, 1, 0, 0, 0, 0, 3, 0, 1, 0, 0, 2, 1, 1, 1, 0, 0, 0, 0, 2, 1, 0, 0, 0, 1, 3, 0, 0, 1, 2, 0, 1, 0, 2, 0, 1, 0, 2, 1, 0, 0, 1, 1, 3, 1, 1, 3, 3, 1, 0, 0, 2, 0, 0, 0, 0, 1, 0, 0, 0, 0, 1, 2, 0, 0, 0, 1, 1, 0, 0, 0, 0],756.1494862746777,57713.43699088103,97526.89095498493,true
9,G4_BALANCED,G4_BALANCED,[31, 22, 82, 15, 26, 58, 95, 42, 77, 12, 47, 5, 93, 78, 86, 54, 85, 63, 18, 44, 20, 35, 43, 97, 91, 76, 10, 30, 21, 45, 71, 64, 1, 23, 17, 83, 24, 14, 60, 36, 6, 57, 40, 88, 65, 56, 79, 94, 67, 68, 46, 75, 38, 9, 19, 32, 81, 41, 27, 62, 87, 90, 99, 59, 11, 16, 72, 73, 70, 39, 37, 84, 3, 92, 25, 55, 28, 29, 51, 7, 66, 61, 98, 48, 89, 50, 96, 8, 80, 53, 34, 4, 33, 2, 52, 49, 0, 69, 74, 13]|[1, 1, 0, 1, 1, 0, 1, 2, 2, 1, 2, 2, 2, 1, 1, 0, 0, 1, 0, 2, 2, 0, 1, 2, 0, 1, 2, 2, 0, 0, 1, 2, 1, 2, 1, 0, 2, 0, 1, 1, 0, 1, 1, 1, 0, 2, 1, 1, 0, 0, 0, 0, 1, 1, 2, 1, 2, 1, 0, 0, 2, 1, 0, 1, 2, 1, 2, 1, 1, 1, 1, 1, 1, 0, 1, 1, 0, 0, 0, 1, 2, 1, 2, 0, 1, 0, 0, 1, 0, 0, 2, 1, 2, 0, 1, 0, 0, 1, 2, 0]|[4, 3, 2, 2, 4, 1, 2, 2, 2, 4, 1, 1, 2, 4, 4, 1, 2, 4, 2, 1, 1, 1, 1, 2, 1, 2, 1, 1, 1, 1, 3, 2, 3, 1, 4, 0, 1, 1, 0, 3, 2, 2, 2, 0, 1, 1, 0, 4, 0, 1, 2, 2, 1, 0, 0, 3, 2, 4, 1, 2, 2, 3, 1, 1, 1, 3, 0, 4, 3, 1, 4, 1, 1, 0, 4, 4, 2, 1, 1, 1, 1, 3, 1, 1, 1, 1, 1, 3, 1, 2, 1, 4, 1, 2, 1, 1, 2, 4, 1, 2]|[0, 2, 1, 1, 3, 0, 1, 0, 0, 0, 0, 0, 1, 0, 1, 0, 0, 3, 1, 0, 0, 0, 3, 1, 0, 2, 0, 0, 0, 1, 0, 0, 0, 0, 3, 0, 1, 0, 0, 2, 1, 1, 1, 0, 0, 0, 0, 2, 1, 0, 0, 0, 1, 3, 0, 0, 1, 2, 0, 1, 0, 2, 0, 1, 0, 2, 1, 0, 0, 1, 1, 3, 1, 1, 3, 3, 1, 0, 0, 2, 0, 0, 0, 0, 1, 0, 0, 2, 0, 1, 0, 0, 0, 0, 1, 1, 0, 2, 0, 0],765.9990607008382,57213.806194498815,96238.34283731865,false
9,G2_TEC,G2_TEC,[31, 22, 82, 15, 26, 9, 95, 42, 77, 68, 47, 5, 93, 78, 86, 54, 85, 63, 18, 44, 20, 49, 36, 14, 74, 50, 53, 17, 21, 45, 71, 64, 3, 23, 30, 83, 24, 41, 60, 52, 65, 27, 90, 70, 39, 87, 48, 69, 99, 4, 46, 1, 13, 58, 97, 59, 28, 8, 73, 37, 35, 79, 11, 66, 76, 57, 40, 80, 96, 6, 16, 61, 33, 98, 32, 81, 62, 67, 10, 7, 56, 88, 51, 19, 91, 38, 75, 92, 25, 84, 2, 55, 43, 29, 34, 0, 12, 94, 89, 72]|[2, 1, 2, 1, 1, 2, 1, 1, 1, 1, 1, 0, 2, 2, 1, 2, 0, 0, 0, 2, 2, 1, 0, 2, 0, 2, 2, 1, 0, 1, 1, 1, 0, 0, 1, 0, 2, 1, 2, 2, 0, 0, 1, 1, 0, 2, 0, 2, 1, 0, 0, 2, 2, 0, 2, 0, 2, 1, 0, 0, 2, 1, 0, 2, 2, 0, 2, 2, 0, 1, 2, 1, 1, 0, 0, 1, 1, 1, 1, 2, 2, 1, 1, 1, 1, 0, 0, 0, 1, 0, 2, 0, 1, 1, 1, 0, 1, 1, 1, 1]|[0, 3, 0, 2, 4, 1, 4, 4, 2, 4, 3, 2, 1, 0, 2, 1, 1, 1, 2, 1, 1, 3, 0, 1, 0, 1, 1, 4, 1, 4, 3, 2, 2, 0, 4, 1, 1, 4, 0, 1, 2, 1, 4, 4, 1, 1, 0, 2, 3, 1, 2, 1, 2, 1, 1, 2, 0, 3, 0, 2, 2, 3, 1, 0, 1, 0, 0, 1, 2, 4, 1, 3, 4, 2, 2, 4, 3, 3, 3, 1, 1, 4, 3, 4, 3, 2, 2, 2, 4, 2, 1, 2, 4, 3, 1, 2, 3, 4, 4, 4]|[0, 2, 0, 1, 3, 0, 1, 3, 0, 0, 2, 0, 1, 0, 1, 0, 0, 0, 1, 0, 0, 2, 0, 0, 1, 0, 0, 3, 0, 1, 0, 2, 0, 0, 3, 0, 1, 3, 1, 0, 0, 0, 1, 3, 0, 0, 1, 0, 2, 0, 0, 0, 0, 0, 1, 0, 0, 0, 1, 1, 0, 2, 0, 0, 0, 1, 0, 0, 0, 2, 0, 0, 1, 0, 0, 2, 0, 0, 3, 0, 0, 1, 0, 3, 0, 0, 0, 0, 3, 0, 0, 0, 2, 0, 1, 0, 0, 2, 1, 2],863.840939798981,52281.731521347596,112954.27457422629,false
9,G3_TWC,G3_TWC,[31, 22, 82, 15, 26, 9, 95, 42, 77, 12, 47, 5, 93, 78, 86, 54, 85, 63, 18, 44, 20, 35, 43, 97, 91, 76, 10, 30, 21, 45, 71, 64, 1, 23, 17, 83, 24, 14, 60, 36, 6, 57, 40, 88, 65, 56, 79, 94, 67, 68, 46, 75, 38, 58, 19, 32, 81, 41, 27, 62, 87, 90, 99, 59, 11, 16, 72, 73, 69, 39, 37, 84, 3, 92, 25, 55, 28, 29, 51, 7, 33, 61, 98, 48, 89, 50, 66, 96, 80, 53, 8, 34, 4, 2, 52, 49, 0, 70, 74, 13]|[1, 1, 0, 1, 1, 0, 1, 2, 2, 1, 2, 2, 2, 1, 1, 0, 0, 1, 0, 2, 2, 0, 1, 2, 0, 1, 2, 2, 0, 0, 1, 2, 1, 2, 1, 0, 2, 0, 1, 1, 0, 1, 1, 1, 0, 2, 1, 1, 0, 0, 0, 0, 1, 1, 2, 1, 2, 1, 0, 0, 2, 2, 0, 1, 2, 1, 2, 1, 1, 1, 0, 1, 1, 0, 1, 1, 0, 0, 0, 1, 0, 1, 0, 0, 1, 0, 2, 0, 0, 0, 0, 2, 0, 0, 1, 0, 0, 1, 2, 0]|[4, 3, 2, 2, 4, 1, 2, 2, 2, 4, 1, 1, 2, 4, 4, 1, 2, 4, 2, 1, 1, 1, 1, 2, 1, 2, 1, 1, 1, 1, 3, 2, 3, 0, 4, 0, 1, 1, 0, 3, 2, 2, 2, 0, 1, 1, 0, 4, 0, 1, 2, 2, 1, 0, 0, 3, 2, 4, 1, 2, 2, 1, 1, 1, 1, 3, 0, 4, 4, 1, 1, 1, 1, 0, 4, 4, 2, 1, 1, 1, 2, 3, 1, 1, 1, 1, 1, 1, 1, 2, 1, 1, 2, 2, 1, 1, 2, 3, 1, 2]|[0, 2, 1, 1, 3, 0, 1, 0, 0, 0, 0, 0, 1, 0, 1, 0, 0, 3, 1, 0, 0, 0, 3, 1, 0, 2, 0, 0, 0, 1, 0, 0, 0, 0, 3, 0, 1, 0, 0, 2, 1, 1, 1, 0, 0, 0, 0, 2, 1, 0, 0, 0, 1, 3, 0, 0, 1, 2, 0, 1, 0, 0, 0, 1, 0, 2, 1, 0, 2, 1, 0, 3, 1, 1, 3, 3, 1, 0, 0, 2, 1, 0, 0, 0, 1, 0, 0, 0, 0, 1, 0, 0, 1, 0, 1, 1, 0, 0, 0, 0],847.0427978319374,57842.30893966173,93453.7900685962,false
9,G1_CMAX,G1_CMAX,[31, 22, 82, 15, 73, 9, 95, 42, 77, 12, 47, 5, 93, 78, 86, 54, 85, 63, 18, 44, 20, 35, 43, 97, 91, 76, 10, 30, 21, 45, 71, 64, 1, 23, 17, 83, 24, 14, 60, 36, 6, 57, 40, 88, 65, 56, 79, 94, 67, 68, 46, 75, 38, 58, 19, 32, 81, 41, 27, 62, 87, 90, 99, 59, 11, 16, 72, 26, 70, 39, 37, 84, 3, 92, 25, 55, 28, 29, 51, 7, 66, 61, 98, 48, 89, 50, 8, 96, 80, 53, 33, 4, 2, 34, 52, 49, 0, 69, 74, 13]|[1, 1, 0, 1, 1, 0, 1, 2, 2, 1, 2, 2, 2, 1, 1, 0, 0, 1, 0, 2, 2, 0, 1, 2, 0, 1, 2, 2, 0, 0, 1, 2, 1, 2, 1, 0, 2, 0, 1, 1, 0, 1, 1, 1, 0, 2, 1, 1, 0, 0, 0, 0, 1, 1, 2, 1, 2, 0, 0, 0, 2, 1, 0, 1, 2, 1, 2, 1, 1, 1, 1, 1, 1, 0, 1, 1, 0, 0, 0, 1, 2, 1, 0, 0, 1, 0, 1, 0, 0, 0, 0, 1, 0, 2, 2, 0, 0, 1, 2, 0]|[4, 3, 2, 2, 4, 1, 2, 2, 2, 4, 1, 1, 2, 4, 4, 1, 2, 4, 2, 1, 1, 1, 1, 2, 1, 2, 1, 1, 1, 1, 3, 2, 3, 0, 4, 0, 1, 1, 0, 3, 2, 2, 2, 0, 1, 1, 0, 4, 0, 1, 2, 2, 1, 4, 0, 3, 2, 1, 1, 2, 2, 3, 1, 1, 1, 3, 0, 4, 3, 1, 4, 1, 1, 0, 4, 4, 2, 1, 1, 1, 0, 3, 1, 1, 1, 1, 3, 1, 1, 2, 2, 4, 2, 1, 1, 1, 2, 4, 1, 2]|[0, 2, 1, 1, 3, 0, 1, 0, 0, 0, 0, 0, 1, 0, 1, 0, 0, 3, 1, 0, 0, 0, 3, 1, 0, 2, 0, 0, 0, 1, 0, 0, 0, 0, 3, 0, 1, 0, 0, 2, 1, 1, 1, 0, 0, 0, 0, 2, 1, 0, 0, 0, 1, 3, 0, 0, 1, 0, 0, 1, 0, 2, 0, 1, 0, 2, 1, 0, 0, 1, 1, 3, 1, 1, 3, 3, 1, 0, 0, 2, 0, 0, 0, 0, 1, 0, 2, 0, 0, 1, 1, 0, 0, 0, 0, 1, 0, 2, 0, 0],832.5936610194905,56912.95400948165,96066.69019682515,false
9,G4_BALANCED,G4_BALANCED,[31, 22, 82, 15, 26, 58, 95, 42, 77, 12, 47, 5, 93, 78, 86, 54, 85, 63, 18, 44, 20, 35, 43, 97, 91, 76, 10, 30, 21, 45, 71, 64, 1, 23, 17, 83, 24, 14, 60, 36, 6, 57, 40, 88, 65, 56, 79, 94, 67, 68, 46, 75, 38, 9, 19, 32, 81, 41, 27, 62, 87, 90, 99, 59, 11, 16, 72, 73, 70, 39, 37, 84, 3, 92, 25, 55, 28, 29, 51, 7, 66, 61, 98, 48, 89, 50, 96, 8, 80, 53, 34, 4, 33, 2, 52, 49, 0, 69, 74, 13]|[1, 1, 0, 1, 1, 0, 1, 2, 2, 1, 2, 2, 2, 1, 1, 0, 0, 1, 0, 2, 2, 0, 1, 2, 0, 1, 2, 2, 0, 0, 1, 2, 1, 2, 1, 0, 2, 0, 1, 1, 0, 1, 1, 1, 0, 2, 1, 1, 0, 0, 0, 0, 1, 1, 2, 1, 2, 1, 0, 0, 2, 1, 0, 1, 2, 1, 2, 1, 1, 1, 1, 1, 1, 0, 1, 1, 0, 0, 0, 1, 2, 1, 2, 0, 1, 0, 0, 1, 0, 0, 2, 1, 2, 0, 1, 0, 0, 1, 2, 0]|[4, 3, 2, 2, 4, 1, 2, 2, 2, 4, 1, 1, 2, 4, 4, 1, 2, 4, 2, 1, 1, 1, 1, 2, 1, 2, 1, 1, 1, 1, 3, 2, 3, 1, 4, 0, 1, 1, 0, 3, 2, 2, 2, 0, 1, 1, 0, 4, 0, 1, 2, 2, 1, 0, 0, 3, 2, 4, 1, 2, 2, 3, 1, 1, 1, 3, 0, 4, 3, 1, 4, 1, 1, 0, 4, 4, 2, 1, 1, 1, 1, 3, 1, 1, 1, 1, 1, 3, 1, 2, 1, 4, 1, 2, 1, 1, 2, 4, 1, 2]|[0, 2, 1, 1, 3, 0, 1, 0, 0, 0, 0, 0, 1, 0, 1, 0, 0, 3, 1, 0, 0, 0, 3, 1, 0, 2, 0, 0, 0, 1, 0, 0, 0, 0, 3, 0, 1, 0, 0, 2, 1, 1, 1, 0, 0, 0, 0, 2, 1, 0, 0, 0, 1, 3, 0, 0, 1, 2, 0, 1, 0, 2, 0, 1, 0, 2, 1, 0, 0, 1, 1, 3, 1, 1, 3, 3, 1, 0, 0, 2, 0, 0, 0, 0, 1, 0, 0, 2, 0, 1, 0, 0, 0, 0, 1, 1, 0, 2, 0, 0],765.9990607008382,57213.806194498815,96238.34283731865,false
9,G2_TEC,G2_TEC,[31, 22, 82, 15, 26, 9, 95, 42, 77, 68, 47, 5, 93, 78, 86, 54, 85, 63, 18, 44, 20, 49, 36, 14, 74, 50, 53, 17, 21, 45, 71, 64, 3, 23, 30, 83, 24, 41, 60, 52, 65, 27, 90, 70, 39, 87, 48, 69, 99, 4, 46, 1, 13, 58, 97, 59, 28, 8, 73, 37, 35, 79, 11, 66, 76, 57, 40, 80, 96, 6, 16, 61, 33, 98, 32, 81, 62, 67, 10, 7, 56, 88, 51, 19, 91, 38, 75, 92, 25, 84, 2, 55, 43, 29, 34, 0, 12, 94, 89, 72]|[2, 1, 2, 1, 1, 2, 1, 1, 1, 1, 1, 0, 2, 2, 1, 2, 0, 0, 0, 2, 2, 1, 0, 2, 0, 2, 2, 1, 0, 1, 1, 1, 0, 0, 1, 0, 2, 1, 2, 2, 0, 0, 1, 1, 0, 2, 0, 2, 1, 0, 0, 2, 2, 0, 2, 0, 2, 1, 0, 0, 2, 1, 0, 2, 2, 0, 2, 2, 0, 1, 2, 1, 1, 0, 0, 1, 1, 1, 1, 2, 2, 1, 1, 1, 1, 0, 0, 0, 1, 0, 2, 0, 1, 1, 1, 0, 1, 1, 1, 1]|[0, 3, 0, 2, 4, 1, 4, 4, 2, 4, 3, 2, 1, 0, 2, 1, 1, 1, 2, 1, 1, 3, 0, 1, 0, 1, 1, 4, 1, 4, 3, 2, 2, 0, 4, 1, 1, 4, 0, 1, 2, 1, 4, 4, 1, 1, 0, 2, 3, 1, 2, 1, 2, 1, 1, 2, 0, 3, 0, 2, 2, 3, 1, 0, 1, 0, 0, 1, 2, 4, 1, 3, 4, 2, 2, 4, 3, 3, 3, 1, 1, 4, 3, 4, 3, 2, 2, 2, 4, 2, 1, 2, 4, 3, 1, 2, 3, 4, 4, 4]|[0, 2, 0, 1, 3, 0, 1, 3, 0, 0, 2, 0, 1, 0, 1, 0, 0, 0, 1, 0, 0, 2, 0, 0, 1, 0, 0, 3, 0, 1, 0, 2, 0, 0, 3, 0, 1, 3, 1, 0, 0, 0, 1, 3, 0, 0, 1, 0, 2, 0, 0, 0, 0, 0, 1, 0, 0, 0, 1, 1, 0, 2, 0, 0, 0, 1, 0, 0, 0, 2, 0, 0, 1, 0, 0, 2, 0, 0, 3, 0, 0, 1, 0, 3, 0, 0, 0, 0, 3, 0, 0, 0, 2, 0, 1, 0, 0, 2, 1, 2],863.840939798981,52281.731521347596,112954.27457422629,false
9,G3_TWC,G3_TWC,[31, 22, 82, 15, 26, 9, 95, 42, 77, 12, 47, 5, 93, 78, 86, 54, 85, 63, 18, 44, 20, 35, 43, 97, 91, 76, 10, 30, 21, 45, 71, 64, 1, 23, 17, 83, 24, 14, 60, 36, 6, 57, 40, 88, 65, 56, 79, 94, 67, 68, 46, 75, 38, 58, 19, 32, 81, 41, 27, 62, 87, 90, 99, 59, 11, 16, 72, 73, 69, 39, 37, 84, 3, 92, 25, 55, 28, 29, 51, 7, 33, 61, 98, 48, 89, 50, 66, 96, 80, 53, 8, 34, 4, 2, 52, 49, 0, 70, 74, 13]|[1, 1, 0, 1, 1, 0, 1, 2, 2, 1, 2, 2, 2, 1, 1, 0, 0, 1, 0, 2, 2, 0, 1, 2, 0, 1, 2, 2, 0, 0, 1, 2, 1, 2, 1, 0, 2, 0, 1, 1, 0, 1, 1, 1, 0, 2, 1, 1, 0, 0, 0, 0, 1, 1, 2, 1, 2, 1, 0, 0, 2, 2, 0, 1, 2, 1, 2, 1, 1, 1, 0, 1, 1, 0, 1, 1, 0, 0, 0, 1, 0, 1, 0, 0, 1, 0, 2, 0, 0, 0, 0, 2, 0, 0, 1, 0, 0, 1, 2, 0]|[4, 3, 2, 2, 4, 1, 2, 2, 2, 4, 1, 1, 2, 4, 4, 1, 2, 4, 2, 1, 1, 1, 1, 2, 1, 2, 1, 1, 1, 1, 3, 2, 3, 0, 4, 0, 1, 1, 0, 3, 2, 2, 2, 0, 1, 1, 0, 4, 0, 1, 2, 2, 1, 0, 0, 3, 2, 4, 1, 2, 2, 1, 1, 1, 1, 3, 0, 4, 4, 1, 1, 1, 1, 0, 4, 4, 2, 1, 1, 1, 2, 3, 1, 1, 1, 1, 1, 1, 1, 2, 1, 1, 2, 2, 1, 1, 2, 3, 1, 2]|[0, 2, 1, 1, 3, 0, 1, 0, 0, 0, 0, 0, 1, 0, 1, 0, 0, 3, 1, 0, 0, 0, 3, 1, 0, 2, 0, 0, 0, 1, 0, 0, 0, 0, 3, 0, 1, 0, 0, 2, 1, 1, 1, 0, 0, 0, 0, 2, 1, 0, 0, 0, 1, 3, 0, 0, 1, 2, 0, 1, 0, 0, 0, 1, 0, 2, 1, 0, 2, 1, 0, 3, 1, 1, 3, 3, 1, 0, 0, 2, 1, 0, 0, 0, 1, 0, 0, 0, 0, 1, 0, 0, 1, 0, 1, 1, 0, 0, 0, 0],847.0427978319374,57842.30893966173,93453.7900685962,false
9,G1_CMAX,G4_BALANCED,[31, 22, 82, 15, 26, 58, 95, 42, 77, 12, 47, 5, 93, 78, 86, 54, 85, 63, 18, 44, 20, 35, 43, 97, 91, 76, 10, 30, 21, 45, 71, 64, 1, 23, 17, 83, 24, 14, 60, 36, 6, 57, 40, 88, 65, 56, 79, 94, 67, 68, 46, 75, 38, 9, 19, 32, 81, 41, 27, 62, 87, 90, 99, 59, 11, 16, 72, 73, 70, 39, 37, 84, 3, 92, 25, 55, 28, 29, 51, 7, 66, 61, 98, 48, 89, 50, 33, 96, 53, 80, 34, 4, 8, 2, 52, 49, 0, 69, 74, 13]|[1, 1, 0, 1, 1, 0, 1, 2, 2, 1, 2, 2, 2, 1, 1, 0, 0, 1, 0, 2, 2, 0, 1, 2, 0, 1, 2, 2, 0, 0, 1, 2, 1, 2, 1, 0, 2, 0, 1, 1, 0, 1, 1, 1, 0, 2, 1, 1, 0, 0, 0, 0, 1, 1, 2, 1, 2, 1, 0, 0, 2, 1, 0, 1, 2, 1, 2, 1, 1, 1, 1, 1, 1, 0, 1, 1, 0, 0, 0, 1, 2, 1, 2, 0, 1, 0, 2, 0, 0, 0, 2, 1, 1, 0, 1, 0, 0, 1, 2, 0]|[4, 3, 2, 2, 4, 1, 2, 2, 2, 4, 1, 1, 2, 4, 4, 1, 2, 4, 2, 1, 1, 1, 1, 2, 1, 2, 1, 1, 1, 1, 3, 2, 3, 0, 4, 0, 1, 1, 0, 3, 2, 2, 2, 0, 0, 1, 0, 4, 0, 1, 2, 2, 1, 0, 0, 3, 2, 4, 1, 2, 2, 3, 1, 1, 1, 3, 0, 4, 3, 1, 4, 1, 1, 0, 4, 4, 2, 1, 1, 1, 1, 3, 1, 1, 1, 1, 1, 1, 2, 1, 1, 4, 3, 2, 1, 1, 2, 4, 1, 2]|[0, 2, 1, 1, 3, 0, 1, 0, 0, 0, 0, 0, 1, 0, 1, 0, 0, 3, 1, 0, 0, 0, 3, 1, 0, 2, 0, 0, 0, 1, 0, 0, 0, 0, 3, 0, 1, 0, 0, 2, 1, 1, 1, 0, 0, 0, 0, 2, 1, 0, 0, 0, 1, 3, 0, 0, 1, 2, 0, 1, 0, 2, 0, 1, 0, 2, 1, 0, 0, 1, 1, 3, 1, 1, 3, 3, 1, 0, 0, 2, 0, 0, 0, 0, 1, 0, 0, 0, 1, 0, 0, 0, 2, 0, 1, 1, 0, 2, 0, 0],765.9990607008382,57436.791584509265,96176.5979865992,true
9,G4_BALANCED,G4_BALANCED,[31, 22, 82, 15, 26, 58, 95, 42, 77, 12, 47, 5, 93, 78, 86, 54, 85, 63, 18, 44, 20, 35, 43, 97, 91, 76, 10, 30, 21, 45, 71, 64, 1, 23, 17, 83, 24, 14, 60, 36, 6, 57, 40, 88, 65, 56, 79, 94, 67, 68, 46, 75, 38, 9, 19, 32, 81, 41, 27, 62, 87, 90, 99, 59, 11, 16, 72, 73, 70, 39, 37, 84, 3, 92, 25, 55, 28, 29, 51, 7, 66, 61, 98, 48, 89, 50, 96, 8, 80, 53, 34, 4, 33, 2, 52, 49, 0, 69, 74, 13]|[1, 1, 0, 1, 1, 0, 1, 2, 2, 1, 2, 2, 2, 1, 1, 0, 0, 1, 0, 2, 2, 0, 1, 2, 0, 1, 2, 2, 0, 0, 1, 2, 1, 2, 1, 0, 2, 0, 1, 1, 0, 1, 1, 1, 0, 2, 1, 1, 0, 0, 0, 0, 1, 1, 2, 1, 2, 1, 0, 0, 2, 1, 0, 1, 2, 1, 2, 1, 1, 1, 1, 1, 1, 0, 1, 1, 0, 0, 0, 1, 2, 1, 2, 0, 1, 0, 0, 1, 0, 0, 2, 1, 2, 0, 1, 0, 0, 1, 2, 0]|[4, 3, 2, 2, 4, 1, 2, 2, 2, 4, 1, 1, 2, 4, 4, 1, 2, 4, 2, 1, 1, 1, 1, 2, 1, 2, 1, 1, 1, 1, 3, 2, 3, 1, 4, 0, 1, 1, 0, 3, 2, 2, 2, 0, 1, 1, 0, 4, 0, 1, 2, 2, 1, 0, 0, 3, 2, 4, 1, 2, 2, 3, 1, 1, 1, 3, 0, 4, 3, 1, 4, 1, 1, 0, 4, 4, 2, 1, 1, 1, 1, 3, 1, 1, 1, 1, 1, 3, 1, 2, 1, 4, 1, 2, 1, 1, 2, 4, 1, 2]|[0, 2, 1, 1, 3, 0, 1, 0, 0, 0, 0, 0, 1, 0, 1, 0, 0, 3, 1, 0, 0, 0, 3, 1, 0, 2, 0, 0, 0, 1, 0, 0, 0, 0, 3, 0, 1, 0, 0, 2, 1, 1, 1, 0, 0, 0, 0, 2, 1, 0, 0, 0, 1, 3, 0, 0, 1, 2, 0, 1, 0, 2, 0, 1, 0, 2, 1, 0, 0, 1, 1, 3, 1, 1, 3, 3, 1, 0, 0, 2, 0, 0, 0, 0, 1, 0, 0, 2, 0, 1, 0, 0, 0, 0, 1, 1, 0, 2, 0, 0],765.9990607008382,57213.806194498815,96238.34283731865,false
9,G2_TEC,G2_TEC,[31, 22, 82, 15, 26, 9, 95, 42, 77, 68, 47, 5, 93, 78, 86, 54, 85, 63, 18, 44, 20, 49, 36, 14, 74, 50, 53, 17, 21, 45, 71, 64, 3, 23, 30, 83, 24, 41, 60, 52, 65, 27, 90, 70, 39, 87, 48, 69, 99, 4, 46, 1, 13, 58, 97, 59, 28, 8, 73, 37, 35, 79, 11, 66, 76, 57, 40, 80, 96, 6, 16, 61, 33, 98, 32, 81, 62, 67, 10, 7, 56, 88, 51, 19, 91, 38, 75, 92, 25, 84, 2, 55, 43, 29, 34, 0, 12, 94, 89, 72]|[2, 1, 2, 1, 1, 2, 1, 1, 1, 1, 1, 0, 2, 2, 1, 2, 0, 0, 0, 2, 2, 1, 0, 2, 0, 2, 2, 1, 0, 1, 1, 1, 0, 0, 1, 0, 2, 1, 2, 2, 0, 0, 1, 1, 0, 2, 0, 2, 1, 0, 0, 2, 2, 0, 2, 0, 2, 1, 0, 0, 2, 1, 0, 2, 2, 0, 2, 2, 0, 1, 2, 1, 1, 0, 0, 1, 1, 1, 1, 2, 2, 1, 1, 1, 1, 0, 0, 0, 1, 0, 2, 0, 1, 1, 1, 0, 1, 1, 1, 1]|[0, 3, 0, 2, 4, 1, 4, 4, 2, 4, 3, 2, 1, 0, 2, 1, 1, 1, 2, 1, 1, 3, 0, 1, 0, 1, 1, 4, 1, 4, 3, 2, 2, 0, 4, 1, 1, 4, 0, 1, 2, 1, 4, 4, 1, 1, 0, 2, 3, 1, 2, 1, 2, 1, 1, 2, 0, 3, 0, 2, 2, 3, 1, 0, 1, 0, 0, 1, 2, 4, 1, 3, 4, 2, 2, 4, 3, 3, 3, 1, 1, 4, 3, 4, 3, 2, 2, 2, 4, 2, 1, 2, 4, 3, 1, 2, 3, 4, 4, 4]|[0, 2, 0, 1, 3, 0, 1, 3, 0, 0, 2, 0, 1, 0, 1, 0, 0, 0, 1, 0, 0, 2, 0, 0, 1, 0, 0, 3, 0, 1, 0, 2, 0, 0, 3, 0, 1, 3, 1, 0, 0, 0, 1, 3, 0, 0, 1, 0, 2, 0, 0, 0, 0, 0, 1, 0, 0, 0, 1, 1, 0, 2, 0, 0, 0, 1, 0, 0, 0, 2, 0, 0, 1, 0, 0, 2, 0, 0, 3, 0, 0, 1, 0, 3, 0, 0, 0, 0, 3, 0, 0, 0, 2, 0, 1, 0, 0, 2, 1, 2],863.840939798981,52281.731521347596,112954.27457422629,false
9,G3_TWC,G3_TWC,[31, 22, 82, 15, 26, 9, 95, 42, 77, 12, 47, 5, 93, 78, 86, 54, 85, 63, 18, 44, 20, 35, 43, 97, 91, 76, 10, 30, 21, 45, 71, 64, 1, 23, 17, 83, 24, 14, 60, 36, 6, 57, 40, 88, 65, 56, 79, 94, 67, 68, 46, 75, 38, 58, 19, 32, 81, 41, 27, 62, 87, 90, 99, 59, 11, 16, 72, 73, 69, 39, 37, 84, 3, 92, 25, 55, 28, 29, 51, 7, 33, 61, 98, 48, 89, 50, 66, 96, 80, 53, 8, 34, 4, 2, 52, 49, 0, 70, 74, 13]|[1, 1, 0, 1, 1, 0, 1, 2, 2, 1, 2, 2, 2, 1, 1, 0, 0, 1, 0, 2, 2, 0, 1, 2, 0, 1, 2, 2, 0, 0, 1, 2, 1, 2, 1, 0, 2, 0, 1, 1, 0, 1, 1, 1, 0, 2, 1, 1, 0, 0, 0, 0, 1, 1, 2, 1, 2, 1, 0, 0, 2, 2, 0, 1, 2, 1, 2, 1, 1, 1, 0, 1, 1, 0, 1, 1, 0, 0, 0, 1, 0, 1, 0, 0, 1, 0, 2, 0, 0, 0, 0, 2, 0, 0, 1, 0, 0, 1, 2, 0]|[4, 3, 2, 2, 4, 1, 2, 2, 2, 4, 1, 1, 2, 4, 4, 1, 2, 4, 2, 1, 1, 1, 1, 2, 1, 2, 1, 1, 1, 1, 3, 2, 3, 0, 4, 0, 1, 1, 0, 3, 2, 2, 2, 0, 1, 1, 0, 4, 0, 1, 2, 2, 1, 0, 0, 3, 2, 4, 1, 2, 2, 1, 1, 1, 1, 3, 0, 4, 4, 1, 1, 1, 1, 0, 4, 4, 2, 1, 1, 1, 2, 3, 1, 1, 1, 1, 1, 1, 1, 2, 1, 1, 2, 2, 1, 1, 2, 3, 1, 2]|[0, 2, 1, 1, 3, 0, 1, 0, 0, 0, 0, 0, 1, 0, 1, 0, 0, 3, 1, 0, 0, 0, 3, 1, 0, 2, 0, 0, 0, 1, 0, 0, 0, 0, 3, 0, 1, 0, 0, 2, 1, 1, 1, 0, 0, 0, 0, 2, 1, 0, 0, 0, 1, 3, 0, 0, 1, 2, 0, 1, 0, 0, 0, 1, 0, 2, 1, 0, 2, 1, 0, 3, 1, 1, 3, 3, 1, 0, 0, 2, 1, 0, 0, 0, 1, 0, 0, 0, 0, 1, 0, 0, 1, 0, 1, 1, 0, 0, 0, 0],847.0427978319374,57842.30893966173,93453.7900685962,false
9,G1_CMAX,G2_TEC,[31, 22, 82, 15, 26, 9, 95, 42, 77, 68, 47, 5, 93, 78, 86, 54, 85, 63, 18, 44, 20, 49, 36, 14, 74, 50, 53, 17, 21, 45, 71, 64, 3, 23, 30, 83, 24, 41, 60, 52, 65, 27, 90, 70, 39, 87, 48, 69, 99, 4, 46, 1, 13, 58, 97, 59, 28, 8, 73, 37, 35, 79, 11, 66, 76, 57, 40, 80, 96, 6, 16, 61, 33, 98, 32, 81, 62, 67, 10, 7, 56, 88, 51, 19, 91, 38, 75, 92, 25, 84, 2, 55, 12, 43, 34, 29, 0, 94, 89, 72]|[2, 1, 2, 1, 1, 2, 1, 1, 1, 1, 1, 0, 2, 2, 1, 2, 0, 0, 0, 2, 2, 1, 0, 2, 0, 2, 2, 1, 0, 1, 1, 1, 0, 0, 1, 0, 2, 1, 2, 2, 0, 0, 1, 1, 0, 2, 0, 2, 1, 0, 0, 2, 0, 0, 2, 0, 2, 1, 0, 0, 2, 1, 0, 2, 2, 0, 2, 2, 0, 1, 2, 1, 1, 0, 0, 1, 1, 1, 1, 2, 2, 1, 1, 1, 1, 2, 0, 0, 1, 0, 2, 0, 1, 1, 1, 1, 0, 1, 1, 1]|[0, 3, 0, 2, 4, 1, 4, 4, 2, 4, 3, 2, 1, 0, 2, 1, 1, 1, 2, 1, 1, 3, 0, 1, 0, 1, 1, 4, 1, 4, 3, 2, 2, 0, 4, 1, 1, 4, 0, 1, 2, 1, 4, 4, 1, 1, 0, 2, 3, 1, 2, 1, 2, 1, 1, 2, 0, 3, 0, 2, 2, 3, 1, 0, 1, 0, 0, 1, 2, 4, 1, 3, 4, 2, 2, 4, 3, 3, 3, 1, 0, 4, 3, 4, 3, 2, 2, 2, 4, 2, 1, 2, 3, 4, 1, 3, 2, 4, 4, 4]|[0, 2, 0, 1, 3, 0, 1, 3, 0, 0, 2, 0, 1, 0, 1, 0, 0, 0, 1, 0, 0, 2, 0, 0, 1, 0, 0, 3, 0, 1, 0, 2, 0, 0, 3, 0, 1, 3, 1, 0, 0, 0, 1, 3, 0, 0, 1, 0, 2, 0, 0, 0, 0, 0, 1, 0, 0, 0, 1, 1, 0, 2, 0, 0, 0, 1, 0, 0, 0, 2, 0, 0, 1, 0, 0, 2, 0, 0, 3, 0, 0, 1, 0, 3, 0, 0, 0, 0, 3, 0, 0, 0, 0, 2, 1, 0, 0, 2, 1, 2],859.1368810497258,52603.547428954844,116404.69423015122,true
9,G4_BALANCED,G4_BALANCED,[31, 22, 82, 15, 26, 58, 95, 42, 77, 12, 47, 5, 93, 78, 86, 54, 85, 63, 18, 44, 20, 35, 43, 97, 91, 76, 10, 30, 21, 45, 71, 64, 1, 23, 17, 83, 24, 14, 60, 36, 6, 57, 40, 88, 65, 56, 79, 94, 67, 68, 46, 75, 38, 9, 19, 32, 81, 41, 27, 62, 87, 90, 99, 59, 11, 16, 72, 73, 70, 39, 37, 84, 3, 92, 25, 55, 28, 29, 51, 7, 66, 61, 98, 48, 89, 50, 96, 8, 80, 53, 34, 4, 33, 2, 52, 49, 0, 69, 74, 13]|[1, 1, 0, 1, 1, 0, 1, 2, 2, 1, 2, 2, 2, 1, 1, 0, 0, 1, 0, 2, 2, 0, 1, 2, 0, 1, 2, 2, 0, 0, 1, 2, 1, 2, 1, 0, 2, 0, 1, 1, 0, 1, 1, 1, 0, 2, 1, 1, 0, 0, 0, 0, 1, 1, 2, 1, 2, 1, 0, 0, 2, 1, 0, 1, 2, 1, 2, 1, 1, 1, 1, 1, 1, 0, 1, 1, 0, 0, 0, 1, 2, 1, 2, 0, 1, 0, 0, 1, 0, 0, 2, 1, 2, 0, 1, 0, 0, 1, 2, 0]|[4, 3, 2, 2, 4, 1, 2, 2, 2, 4, 1, 1, 2, 4, 4, 1, 2, 4, 2, 1, 1, 1, 1, 2, 1, 2, 1, 1, 1, 1, 3, 2, 3, 1, 4, 0, 1, 1, 0, 3, 2, 2, 2, 0, 1, 1, 0, 4, 0, 1, 2, 2, 1, 0, 0, 3, 2, 4, 1, 2, 2, 3, 1, 1, 1, 3, 0, 4, 3, 1, 4, 1, 1, 0, 4, 4, 2, 1, 1, 1, 1, 3, 1, 1, 1, 1, 1, 3, 1, 2, 1, 4, 1, 2, 1, 1, 2, 4, 1, 2]|[0, 2, 1, 1, 3, 0, 1, 0, 0, 0, 0, 0, 1, 0, 1, 0, 0, 3, 1, 0, 0, 0, 3, 1, 0, 2, 0, 0, 0, 1, 0, 0, 0, 0, 3, 0, 1, 0, 0, 2, 1, 1, 1, 0, 0, 0, 0, 2, 1, 0, 0, 0, 1, 3, 0, 0, 1, 2, 0, 1, 0, 2, 0, 1, 0, 2, 1, 0, 0, 1, 1, 3, 1, 1, 3, 3, 1, 0, 0, 2, 0, 0, 0, 0, 1, 0, 0, 2, 0, 1, 0, 0, 0, 0, 1, 1, 0, 2, 0, 0],765.9990607008382,57213.806194498815,96238.34283731865,false
9,G2_TEC,G2_TEC,[31, 22, 82, 15, 26, 9, 95, 42, 77, 68, 47, 5, 93, 78, 86, 54, 85, 63, 18, 44, 20, 49, 36, 14, 74, 50, 53, 17, 21, 45, 71, 64, 3, 23, 30, 83, 24, 41, 60, 52, 65, 27, 90, 70, 39, 87, 48, 69, 99, 4, 46, 1, 13, 58, 97, 59, 28, 8, 73, 37, 35, 79, 11, 66, 76, 57, 40, 80, 96, 6, 16, 61, 33, 98, 32, 81, 62, 67, 10, 7, 56, 88, 51, 19, 91, 38, 75, 92, 25, 84, 2, 55, 43, 29, 34, 0, 12, 94, 89, 72]|[2, 1, 2, 1, 1, 2, 1, 1, 1, 1, 1, 0, 2, 2, 1, 2, 0, 0, 0, 2, 2, 1, 0, 2, 0, 2, 2, 1, 0, 1, 1, 1, 0, 0, 1, 0, 2, 1, 2, 2, 0, 0, 1, 1, 0, 2, 0, 2, 1, 0, 0, 2, 2, 0, 2, 0, 2, 1, 0, 0, 2, 1, 0, 2, 2, 0, 2, 2, 0, 1, 2, 1, 1, 0, 0, 1, 1, 1, 1, 2, 2, 1, 1, 1, 1, 0, 0, 0, 1, 0, 2, 0, 1, 1, 1, 0, 1, 1, 1, 1]|[0, 3, 0, 2, 4, 1, 4, 4, 2, 4, 3, 2, 1, 0, 2, 1, 1, 1, 2, 1, 1, 3, 0, 1, 0, 1, 1, 4, 1, 4, 3, 2, 2, 0, 4, 1, 1, 4, 0, 1, 2, 1, 4, 4, 1, 1, 0, 2, 3, 1, 2, 1, 2, 1, 1, 2, 0, 3, 0, 2, 2, 3, 1, 0, 1, 0, 0, 1, 2, 4, 1, 3, 4, 2, 2, 4, 3, 3, 3, 1, 1, 4, 3, 4, 3, 2, 2, 2, 4, 2, 1, 2, 4, 3, 1, 2, 3, 4, 4, 4]|[0, 2, 0, 1, 3, 0, 1, 3, 0, 0, 2, 0, 1, 0, 1, 0, 0, 0, 1, 0, 0, 2, 0, 0, 1, 0, 0, 3, 0, 1, 0, 2, 0, 0, 3, 0, 1, 3, 1, 0, 0, 0, 1, 3, 0, 0, 1, 0, 2, 0, 0, 0, 0, 0, 1, 0, 0, 0, 1, 1, 0, 2, 0, 0, 0, 1, 0, 0, 0, 2, 0, 0, 1, 0, 0, 2, 0, 0, 3, 0, 0, 1, 0, 3, 0, 0, 0, 0, 3, 0, 0, 0, 2, 0, 1, 0, 0, 2, 1, 2],863.840939798981,52281.731521347596,112954.27457422629,false
9,G3_TWC,G3_TWC,[31, 22, 82, 15, 26, 9, 95, 42, 77, 12, 47, 5, 93, 78, 86, 54, 85, 63, 18, 44, 20, 35, 43, 97, 91, 76, 10, 30, 21, 45, 71, 64, 1, 23, 17, 83, 24, 14, 60, 36, 6, 57, 40, 88, 65, 56, 79, 94, 67, 68, 46, 75, 38, 58, 19, 32, 81, 41, 27, 62, 87, 90, 99, 59, 11, 16, 72, 73, 69, 39, 37, 84, 3, 92, 25, 55, 28, 29, 51, 7, 33, 61, 98, 48, 89, 50, 66, 96, 80, 53, 8, 34, 4, 2, 52, 49, 0, 70, 74, 13]|[1, 1, 0, 1, 1, 0, 1, 2, 2, 1, 2, 2, 2, 1, 1, 0, 0, 1, 0, 2, 2, 0, 1, 2, 0, 1, 2, 2, 0, 0, 1, 2, 1, 2, 1, 0, 2, 0, 1, 1, 0, 1, 1, 1, 0, 2, 1, 1, 0, 0, 0, 0, 1, 1, 2, 1, 2, 1, 0, 0, 2, 2, 0, 1, 2, 1, 2, 1, 1, 1, 0, 1, 1, 0, 1, 1, 0, 0, 0, 1, 0, 1, 0, 0, 1, 0, 2, 0, 0, 0, 0, 2, 0, 0, 1, 0, 0, 1, 2, 0]|[4, 3, 2, 2, 4, 1, 2, 2, 2, 4, 1, 1, 2, 4, 4, 1, 2, 4, 2, 1, 1, 1, 1, 2, 1, 2, 1, 1, 1, 1, 3, 2, 3, 0, 4, 0, 1, 1, 0, 3, 2, 2, 2, 0, 1, 1, 0, 4, 0, 1, 2, 2, 1, 0, 0, 3, 2, 4, 1, 2, 2, 1, 1, 1, 1, 3, 0, 4, 4, 1, 1, 1, 1, 0, 4, 4, 2, 1, 1, 1, 2, 3, 1, 1, 1, 1, 1, 1, 1, 2, 1, 1, 2, 2, 1, 1, 2, 3, 1, 2]|[0, 2, 1, 1, 3, 0, 1, 0, 0, 0, 0, 0, 1, 0, 1, 0, 0, 3, 1, 0, 0, 0, 3, 1, 0, 2, 0, 0, 0, 1, 0, 0, 0, 0, 3, 0, 1, 0, 0, 2, 1, 1, 1, 0, 0, 0, 0, 2, 1, 0, 0, 0, 1, 3, 0, 0, 1, 2, 0, 1, 0, 0, 0, 1, 0, 2, 1, 0, 2, 1, 0, 3, 1, 1, 3, 3, 1, 0, 0, 2, 1, 0, 0, 0, 1, 0, 0, 0, 0, 1, 0, 0, 1, 0, 1, 1, 0, 0, 0, 0],847.0427978319374,57842.30893966173,93453.7900685962,false
9,G1_CMAX,G1_CMAX,[31, 22, 82, 15, 26, 9, 95, 42, 77, 12, 47, 5, 93, 78, 86, 54, 6, 63, 18, 44, 20, 35, 43, 97, 91, 76, 10, 30, 21, 45, 64, 1, 23, 17, 83, 24, 14, 60, 36, 13, 75, 46, 68, 67, 69, 79, 56, 65, 88, 40, 57, 85, 58, 19, 32, 81, 48, 27, 62, 87, 90, 99, 59, 11, 16, 72, 73, 71, 70, 39, 37, 84, 3, 98, 29, 28, 55, 25, 92, 7, 33, 61, 53, 41, 89, 50, 8, 96, 51, 80, 34, 4, 66, 2, 52, 49, 0, 94, 74, 38]|[1, 1, 0, 1, 1, 0, 1, 2, 2, 1, 2, 2, 2, 1, 1, 0, 0, 1, 0, 2, 2, 0, 1, 2, 0, 1, 2, 2, 0, 0, 2, 1, 2, 1, 0, 2, 2, 1, 1, 0, 0, 0, 0, 0, 2, 1, 2, 0, 1, 1, 1, 0, 1, 2, 1, 2, 1, 0, 0, 2, 1, 0, 1, 2, 1, 2, 1, 1, 1, 1, 1, 1, 1, 0, 0, 0, 1, 1, 0, 1, 0, 1, 0, 1, 1, 0, 1, 0, 0, 0, 2, 1, 2, 0, 1, 0, 0, 2, 2, 1]|[0, 3, 2, 2, 4, 1, 2, 2, 2, 4, 1, 1, 2, 4, 4, 1, 2, 4, 2, 1, 1, 1, 1, 2, 1, 2, 1, 1, 1, 1, 2, 3, 0, 4, 0, 1, 2, 0, 3, 2, 2, 2, 1, 0, 2, 0, 1, 1, 0, 2, 2, 2, 0, 0, 3, 2, 4, 1, 2, 2, 3, 1, 1, 1, 3, 0, 4, 3, 3, 1, 4, 1, 1, 1, 1, 2, 4, 4, 0, 1, 2, 3, 2, 4, 1, 1, 3, 1, 1, 1, 1, 4, 1, 2, 1, 1, 2, 2, 1, 1]|[0, 2, 1, 1, 3, 0, 1, 0, 0, 0, 0, 0, 1, 0, 1, 0, 1, 3, 1, 0, 0, 0, 3, 1, 0, 2, 0, 0, 0, 1, 0, 0, 0, 3, 0, 1, 1, 0, 2, 0, 0, 0, 0, 1, 0, 0, 0, 0, 0, 1, 1, 0, 3, 0, 0, 1, 2, 0, 1, 0, 2, 0, 1, 0, 2, 1, 0, 0, 0, 1, 1, 3, 1, 0, 0, 1, 3, 3, 1, 2, 1, 0, 1, 3, 1, 0, 2, 0, 0, 0, 0, 0, 0, 0, 1, 1, 0, 0, 0, 1],740.6648699319737,58345.503832923176,99227.13002615936,false
9,G4_BALANCED,G4_BALANCED,[31, 22, 82, 15, 26, 58, 95, 42, 77, 12, 47, 5, 93, 78, 86, 54, 85, 63, 18, 44, 20, 35, 43, 97, 91, 76, 10, 30, 21, 45, 71, 64, 1, 23, 17, 83, 24, 14, 60, 36, 6, 57, 40, 88, 65, 56, 79, 94, 67, 68, 46, 75, 38, 9, 19, 32, 81, 41, 27, 62, 87, 90, 99, 59, 11, 16, 72, 73, 70, 39, 37, 84, 3, 92, 25, 55, 28, 29, 51, 7, 66, 61, 98, 48, 89, 50, 96, 8, 80, 53, 34, 4, 33, 2, 52, 49, 0, 69, 74, 13]|[1, 1, 0, 1, 1, 0, 1, 2, 2, 1, 2, 2, 2, 1, 1, 0, 0, 1, 0, 2, 2, 0, 1, 2, 0, 1, 2, 2, 0, 0, 1, 2, 1, 2, 1, 0, 2, 0, 1, 1, 0, 1, 1, 1, 0, 2, 1, 1, 0, 0, 0, 0, 1, 1, 2, 1, 2, 1, 0, 0, 2, 1, 0, 1, 2, 1, 2, 1, 1, 1, 1, 1, 1, 0, 1, 1, 0, 0, 0, 1, 2, 1, 2, 0, 1, 0, 0, 1, 0, 0, 2, 1, 2, 0, 1, 0, 0, 1, 2, 0]|[4, 3, 2, 2, 4, 1, 2, 2, 2, 4, 1, 1, 2, 4, 4, 1, 2, 4, 2, 1, 1, 1, 1, 2, 1, 2, 1, 1, 1, 1, 3, 2, 3, 1, 4, 0, 1, 1, 0, 3, 2, 2, 2, 0, 1, 1, 0, 4, 0, 1, 2, 2, 1, 0, 0, 3, 2, 4, 1, 2, 2, 3, 1, 1, 1, 3, 0, 4, 3, 1, 4, 1, 1, 0, 4, 4, 2, 1, 1, 1, 1, 3, 1, 1, 1, 1, 1, 3, 1, 2, 1, 4, 1, 2, 1, 1, 2, 4, 1, 2]|[0, 2, 1, 1, 3, 0, 1, 0, 0, 0, 0, 0, 1, 0, 1, 0, 0, 3, 1, 0, 0, 0, 3, 1, 0, 2, 0, 0, 0, 1, 0, 0, 0, 0, 3, 0, 1, 0, 0, 2, 1, 1, 1, 0, 0, 0, 0, 2, 1, 0, 0, 0, 1, 3, 0, 0, 1, 2, 0, 1, 0, 2, 0, 1, 0, 2, 1, 0, 0, 1, 1, 3, 1, 1, 3, 3, 1, 0, 0, 2, 0, 0, 0, 0, 1, 0, 0, 2, 0, 1, 0, 0, 0, 0, 1, 1, 0, 2, 0, 0],765.9990607008382,57213.806194498815,96238.34283731865,false
9,G2_TEC,G2_TEC,[31, 22, 82, 15, 26, 9, 95, 42, 77, 68, 47, 5, 93, 78, 86, 54, 85, 63, 18, 44, 20, 49, 36, 14, 74, 50, 53, 17, 21, 45, 71, 64, 3, 23, 30, 83, 24, 41, 60, 52, 65, 27, 90, 70, 39, 87, 48, 69, 99, 4, 46, 1, 13, 58, 97, 59, 28, 8, 73, 37, 35, 79, 11, 66, 76, 57, 40, 80, 96, 6, 16, 61, 33, 98, 32, 81, 62, 67, 10, 7, 56, 88, 51, 19, 91, 38, 75, 92, 25, 84, 2, 55, 43, 29, 34, 0, 12, 94, 89, 72]|[2, 1, 2, 1, 1, 2, 1, 1, 1, 1, 1, 0, 2, 2, 1, 2, 0, 0, 0, 2, 2, 1, 0, 2, 0, 2, 2, 1, 0, 1, 1, 1, 0, 0, 1, 0, 2, 1, 2, 2, 0, 0, 1, 1, 0, 2, 0, 2, 1, 0, 0, 2, 2, 0, 2, 0, 2, 1, 0, 0, 2, 1, 0, 2, 2, 0, 2, 2, 0, 1, 2, 1, 1, 0, 0, 1, 1, 1, 1, 2, 2, 1, 1, 1, 1, 0, 0, 0, 1, 0, 2, 0, 1, 1, 1, 0, 1, 1, 1, 1]|[0, 3, 0, 2, 4, 1, 4, 4, 2, 4, 3, 2, 1, 0, 2, 1, 1, 1, 2, 1, 1, 3, 0, 1, 0, 1, 1, 4, 1, 4, 3, 2, 2, 0, 4, 1, 1, 4, 0, 1, 2, 1, 4, 4, 1, 1, 0, 2, 3, 1, 2, 1, 2, 1, 1, 2, 0, 3, 0, 2, 2, 3, 1, 0, 1, 0, 0, 1, 2, 4, 1, 3, 4, 2, 2, 4, 3, 3, 3, 1, 1, 4, 3, 4, 3, 2, 2, 2, 4, 2, 1, 2, 4, 3, 1, 2, 3, 4, 4, 4]|[0, 2, 0, 1, 3, 0, 1, 3, 0, 0, 2, 0, 1, 0, 1, 0, 0, 0, 1, 0, 0, 2, 0, 0, 1, 0, 0, 3, 0, 1, 0, 2, 0, 0, 3, 0, 1, 3, 1, 0, 0, 0, 1, 3, 0, 0, 1, 0, 2, 0, 0, 0, 0, 0, 1, 0, 0, 0, 1, 1, 0, 2, 0, 0, 0, 1, 0, 0, 0, 2, 0, 0, 1, 0, 0, 2, 0, 0, 3, 0, 0, 1, 0, 3, 0, 0, 0, 0, 3, 0, 0, 0, 2, 0, 1, 0, 0, 2, 1, 2],863.840939798981,52281.731521347596,112954.27457422629,false
9,G3_TWC,G3_TWC,[31, 22, 82, 15, 26, 9, 95, 42, 77, 12, 47, 5, 93, 78, 86, 54, 85, 63, 18, 44, 20, 35, 43, 97, 91, 76, 10, 30, 21, 45, 71, 64, 1, 23, 17, 83, 24, 14, 60, 36, 6, 57, 40, 88, 65, 56, 79, 94, 67, 68, 46, 75, 38, 58, 19, 32, 81, 41, 27, 62, 87, 90, 99, 59, 11, 16, 72, 73, 69, 39, 37, 84, 3, 92, 25, 55, 28, 29, 51, 7, 33, 61, 98, 48, 89, 50, 66, 96, 80, 53, 8, 34, 4, 2, 52, 49, 0, 70, 74, 13]|[1, 1, 0, 1, 1, 0, 1, 2, 2, 1, 2, 2, 2, 1, 1, 0, 0, 1, 0, 2, 2, 0, 1, 2, 0, 1, 2, 2, 0, 0, 1, 2, 1, 2, 1, 0, 2, 0, 1, 1, 0, 1, 1, 1, 0, 2, 1, 1, 0, 0, 0, 0, 1, 1, 2, 1, 2, 1, 0, 0, 2, 2, 0, 1, 2, 1, 2, 1, 1, 1, 0, 1, 1, 0, 1, 1, 0, 0, 0, 1, 0, 1, 0, 0, 1, 0, 2, 0, 0, 0, 0, 2, 0, 0, 1, 0, 0, 1, 2, 0]|[4, 3, 2, 2, 4, 1, 2, 2, 2, 4, 1, 1, 2, 4, 4, 1, 2, 4, 2, 1, 1, 1, 1, 2, 1, 2, 1, 1, 1, 1, 3, 2, 3, 0, 4, 0, 1, 1, 0, 3, 2, 2, 2, 0, 1, 1, 0, 4, 0, 1, 2, 2, 1, 0, 0, 3, 2, 4, 1, 2, 2, 1, 1, 1, 1, 3, 0, 4, 4, 1, 1, 1, 1, 0, 4, 4, 2, 1, 1, 1, 2, 3, 1, 1, 1, 1, 1, 1, 1, 2, 1, 1, 2, 2, 1, 1, 2, 3, 1, 2]|[0, 2, 1, 1, 3, 0, 1, 0, 0, 0, 0, 0, 1, 0, 1, 0, 0, 3, 1, 0, 0, 0, 3, 1, 0, 2, 0, 0, 0, 1, 0, 0, 0, 0, 3, 0, 1, 0, 0, 2, 1, 1, 1, 0, 0, 0, 0, 2, 1, 0, 0, 0, 1, 3, 0, 0, 1, 2, 0, 1, 0, 0, 0, 1, 0, 2, 1, 0, 2, 1, 0, 3, 1, 1, 3, 3, 1, 0, 0, 2, 1, 0, 0, 0, 1, 0, 0, 0, 0, 1, 0, 0, 1, 0, 1, 1, 0, 0, 0, 0],847.0427978319374,57842.30893966173,93453.7900685962,false
9,G1_CMAX,G1_CMAX,[31, 22, 82, 15, 26, 9, 95, 42, 77, 12, 47, 5, 93, 78, 86, 54, 6, 63, 18, 44, 20, 35, 43, 97, 91, 76, 10, 30, 21, 45, 64, 1, 23, 17, 83, 24, 14, 60, 36, 13, 75, 46, 68, 67, 69, 79, 56, 65, 88, 40, 57, 85, 58, 19, 32, 81, 48, 27, 62, 87, 90, 99, 59, 11, 16, 72, 73, 71, 70, 39, 37, 84, 3, 98, 29, 28, 55, 25, 92, 7, 33, 61, 53, 41, 89, 50, 8, 96, 51, 80, 34, 4, 66, 2, 52, 49, 0, 94, 74, 38]|[1, 1, 0, 1, 1, 0, 1, 2, 2, 1, 2, 2, 2, 1, 1, 0, 0, 1, 0, 2, 2, 0, 1, 2, 0, 1, 2, 2, 0, 0, 2, 1, 2, 1, 0, 2, 2, 1, 1, 0, 0, 0, 0, 0, 2, 1, 2, 0, 1, 1, 1, 0, 1, 2, 1, 2, 1, 0, 0, 2, 1, 0, 1, 2, 1, 2, 1, 1, 1, 1, 1, 1, 1, 0, 0, 0, 1, 1, 0, 1, 0, 1, 0, 1, 1, 0, 1, 0, 0, 0, 2, 1, 2, 0, 1, 0, 0, 2, 2, 1]|[0, 3, 2, 2, 4, 1, 2, 2, 2, 4, 1, 1, 2, 4, 4, 1, 2, 4, 2, 1, 1, 1, 1, 2, 1, 2, 1, 1, 1, 1, 2, 3, 0, 4, 0, 1, 2, 0, 3, 2, 2, 2, 1, 0, 2, 0, 1, 1, 0, 2, 2, 2, 0, 0, 3, 2, 4, 1, 2, 2, 3, 1, 1, 1, 3, 0, 4, 3, 3, 1, 4, 1, 1, 1, 1, 2, 4, 4, 0, 1, 2, 3, 2, 4, 1, 1, 3, 1, 1, 1, 1, 4, 1, 2, 1, 1, 2, 2, 1, 1]|[0, 2, 1, 1, 3, 0, 1, 0, 0, 0, 0, 0, 1, 0, 1, 0, 1, 3, 1, 0, 0, 0, 3, 1, 0, 2, 0, 0, 0, 1, 0, 0, 0, 3, 0, 1, 1, 0, 2, 0, 0, 0, 0, 1, 0, 0, 0, 0, 0, 1, 1, 0, 3, 0, 0, 1, 2, 0, 1, 0, 2, 0, 1, 0, 2, 1, 0, 0, 0, 1, 1, 3, 1, 0, 0, 1, 3, 3, 1, 2, 1, 0, 1, 3, 1, 0, 2, 0, 0, 0, 0, 0, 0, 0, 1, 1, 0, 0, 0, 1],740.6648699319737,58345.503832923176,99227.13002615936,false
9,G4_BALANCED,G4_BALANCED,[31, 22, 82, 15, 26, 58, 95, 42, 77, 12, 47, 5, 93, 78, 86, 54, 85, 63, 18, 44, 20, 35, 43, 97, 91, 76, 10, 30, 21, 45, 71, 64, 1, 23, 17, 83, 24, 14, 60, 36, 6, 57, 40, 88, 65, 56, 79, 94, 67, 68, 46, 75, 38, 9, 19, 32, 81, 41, 27, 62, 87, 90, 99, 59, 11, 16, 72, 73, 70, 39, 37, 84, 3, 92, 25, 55, 28, 29, 51, 7, 66, 61, 98, 48, 89, 50, 96, 8, 80, 53, 34, 4, 33, 2, 52, 49, 0, 69, 74, 13]|[1, 1, 0, 1, 1, 0, 1, 2, 2, 1, 2, 2, 2, 1, 1, 0, 0, 1, 0, 2, 2, 0, 1, 2, 0, 1, 2, 2, 0, 0, 1, 2, 1, 2, 1, 0, 2, 0, 1, 1, 0, 1, 1, 1, 0, 2, 1, 1, 0, 0, 0, 0, 1, 1, 2, 1, 2, 1, 0, 0, 2, 1, 0, 1, 2, 1, 2, 1, 1, 1, 1, 1, 1, 0, 1, 1, 0, 0, 0, 1, 2, 1, 2, 0, 1, 0, 0, 1, 0, 0, 2, 1, 2, 0, 1, 0, 0, 1, 2, 0]|[4, 3, 2, 2, 4, 1, 2, 2, 2, 4, 1, 1, 2, 4, 4, 1, 2, 4, 2, 1, 1, 1, 1, 2, 1, 2, 1, 1, 1, 1, 3, 2, 3, 1, 4, 0, 1, 1, 0, 3, 2, 2, 2, 0, 1, 1, 0, 4, 0, 1, 2, 2, 1, 0, 0, 3, 2, 4, 1, 2, 2, 3, 1, 1, 1, 3, 0, 4, 3, 1, 4, 1, 1, 0, 4, 4, 2, 1, 1, 1, 1, 3, 1, 1, 1, 1, 1, 3, 1, 2, 1, 4, 1, 2, 1, 1, 2, 4, 1, 2]|[0, 2, 1, 1, 3, 0, 1, 0, 0, 0, 0, 0, 1, 0, 1, 0, 0, 3, 1, 0, 0, 0, 3, 1, 0, 2, 0, 0, 0, 1, 0, 0, 0, 0, 3, 0, 1, 0, 0, 2, 1, 1, 1, 0, 0, 0, 0, 2, 1, 0, 0, 0, 1, 3, 0, 0, 1, 2, 0, 1, 0, 2, 0, 1, 0, 2, 1, 0, 0, 1, 1, 3, 1, 1, 3, 3, 1, 0, 0, 2, 0, 0, 0, 0, 1, 0, 0, 2, 0, 1, 0, 0, 0, 0, 1, 1, 0, 2, 0, 0],765.9990607008382,57213.806194498815,96238.34283731865,false
9,G2_TEC,G2_TEC,[31, 22, 82, 15, 26, 9, 95, 42, 77, 68, 47, 5, 93, 78, 86, 54, 85, 63, 18, 44, 20, 49, 36, 14, 74, 50, 53, 17, 21, 45, 71, 64, 3, 23, 30, 83, 24, 41, 60, 52, 65, 27, 90, 70, 39, 87, 48, 69, 99, 4, 46, 1, 13, 58, 97, 59, 28, 8, 73, 37, 35, 79, 11, 66, 76, 57, 40, 80, 96, 6, 16, 61, 33, 98, 32, 81, 62, 67, 10, 7, 56, 88, 51, 19, 91, 38, 75, 92, 25, 84, 2, 55, 43, 29, 34, 0, 12, 94, 89, 72]|[2, 1, 2, 1, 1, 2, 1, 1, 1, 1, 1, 0, 2, 2, 1, 2, 0, 0, 0, 2, 2, 1, 0, 2, 0, 2, 2, 1, 0, 1, 1, 1, 0, 0, 1, 0, 2, 1, 2, 2, 0, 0, 1, 1, 0, 2, 0, 2, 1, 0, 0, 2, 2, 0, 2, 0, 2, 1, 0, 0, 2, 1, 0, 2, 2, 0, 2, 2, 0, 1, 2, 1, 1, 0, 0, 1, 1, 1, 1, 2, 2, 1, 1, 1, 1, 0, 0, 0, 1, 0, 2, 0, 1, 1, 1, 0, 1, 1, 1, 1]|[0, 3, 0, 2, 4, 1, 4, 4, 2, 4, 3, 2, 1, 0, 2, 1, 1, 1, 2, 1, 1, 3, 0, 1, 0, 1, 1, 4, 1, 4, 3, 2, 2, 0, 4, 1, 1, 4, 0, 1, 2, 1, 4, 4, 1, 1, 0, 2, 3, 1, 2, 1, 2, 1, 1, 2, 0, 3, 0, 2, 2, 3, 1, 0, 1, 0, 0, 1, 2, 4, 1, 3, 4, 2, 2, 4, 3, 3, 3, 1, 1, 4, 3, 4, 3, 2, 2, 2, 4, 2, 1, 2, 4, 3, 1, 2, 3, 4, 4, 4]|[0, 2, 0, 1, 3, 0, 1, 3, 0, 0, 2, 0, 1, 0, 1, 0, 0, 0, 1, 0, 0, 2, 0, 0, 1, 0, 0, 3, 0, 1, 0, 2, 0, 0, 3, 0, 1, 3, 1, 0, 0, 0, 1, 3, 0, 0, 1, 0, 2, 0, 0, 0, 0, 0, 1, 0, 0, 0, 1, 1, 0, 2, 0, 0, 0, 1, 0, 0, 0, 2, 0, 0, 1, 0, 0, 2, 0, 0, 3, 0, 0, 1, 0, 3, 0, 0, 0, 0, 3, 0, 0, 0, 2, 0, 1, 0, 0, 2, 1, 2],863.840939798981,52281.731521347596,112954.27457422629,false
9,G3_TWC,G3_TWC,[31, 22, 82, 15, 26, 9, 95, 42, 77, 12, 47, 5, 93, 78, 86, 54, 85, 63, 18, 44, 20, 35, 43, 97, 91, 76, 10, 30, 21, 45, 71, 64, 1, 23, 17, 83, 24, 14, 60, 36, 6, 57, 40, 88, 65, 56, 79, 94, 67, 68, 46, 75, 38, 58, 19, 32, 81, 41, 27, 62, 87, 90, 99, 59, 11, 16, 72, 73, 69, 39, 37, 84, 3, 92, 25, 55, 28, 29, 51, 7, 33, 61, 98, 48, 89, 50, 66, 96, 80, 53, 8, 34, 4, 2, 52, 49, 0, 70, 74, 13]|[1, 1, 0, 1, 1, 0, 1, 2, 2, 1, 2, 2, 2, 1, 1, 0, 0, 1, 0, 2, 2, 0, 1, 2, 0, 1, 2, 2, 0, 0, 1, 2, 1, 2, 1, 0, 2, 0, 1, 1, 0, 1, 1, 1, 0, 2, 1, 1, 0, 0, 0, 0, 1, 1, 2, 1, 2, 1, 0, 0, 2, 2, 0, 1, 2, 1, 2, 1, 1, 1, 0, 1, 1, 0, 1, 1, 0, 0, 0, 1, 0, 1, 0, 0, 1, 0, 2, 0, 0, 0, 0, 2, 0, 0, 1, 0, 0, 1, 2, 0]|[4, 3, 2, 2, 4, 1, 2, 2, 2, 4, 1, 1, 2, 4, 4, 1, 2, 4, 2, 1, 1, 1, 1, 2, 1, 2, 1, 1, 1, 1, 3, 2, 3, 0, 4, 0, 1, 1, 0, 3, 2, 2, 2, 0, 1, 1, 0, 4, 0, 1, 2, 2, 1, 0, 0, 3, 2, 4, 1, 2, 2, 1, 1, 1, 1, 3, 0, 4, 4, 1, 1, 1, 1, 0, 4, 4, 2, 1, 1, 1, 2, 3, 1, 1, 1, 1, 1, 1, 1, 2, 1, 1, 2, 2, 1, 1, 2, 3, 1, 2]|[0, 2, 1, 1, 3, 0, 1, 0, 0, 0, 0, 0, 1, 0, 1, 0, 0, 3, 1, 0, 0, 0, 3, 1, 0, 2, 0, 0, 0, 1, 0, 0, 0, 0, 3, 0, 1, 0, 0, 2, 1, 1, 1, 0, 0, 0, 0, 2, 1, 0, 0, 0, 1, 3, 0, 0, 1, 2, 0, 1, 0, 0, 0, 1, 0, 2, 1, 0, 2, 1, 0, 3, 1, 1, 3, 3, 1, 0, 0, 2, 1, 0, 0, 0, 1, 0, 0, 0, 0, 1, 0, 0, 1, 0, 1, 1, 0, 0, 0, 0],847.0427978319374,57842.30893966173,93453.7900685962,false
9,G1_CMAX,G1_CMAX,[31, 22, 82, 15, 26, 9, 95, 42, 77, 12, 47, 5, 93, 78, 86, 54, 6, 63, 18, 44, 20, 35, 43, 97, 91, 76, 10, 30, 21, 45, 64, 1, 23, 17, 83, 24, 14, 60, 36, 13, 75, 46, 68, 67, 69, 79, 56, 65, 88, 40, 57, 85, 58, 19, 32, 81, 48, 27, 62, 87, 90, 99, 59, 11, 16, 72, 73, 71, 70, 39, 37, 84, 3, 98, 29, 28, 55, 25, 92, 7, 33, 61, 53, 41, 89, 50, 8, 96, 51, 80, 34, 4, 66, 2, 52, 49, 0, 94, 74, 38]|[1, 1, 0, 1, 1, 0, 1, 2, 2, 1, 2, 2, 2, 1, 1, 0, 0, 1, 0, 2, 2, 0, 1, 2, 0, 1, 2, 2, 0, 0, 2, 1, 2, 1, 0, 2, 2, 1, 1, 0, 0, 0, 0, 0, 2, 1, 2, 0, 1, 1, 1, 0, 1, 2, 1, 2, 1, 0, 0, 2, 1, 0, 1, 2, 1, 2, 1, 1, 1, 1, 1, 1, 1, 0, 0, 0, 1, 1, 0, 1, 0, 1, 0, 1, 1, 0, 1, 0, 0, 0, 2, 1, 2, 0, 1, 0, 0, 2, 2, 1]|[0, 3, 2, 2, 4, 1, 2, 2, 2, 4, 1, 1, 2, 4, 4, 1, 2, 4, 2, 1, 1, 1, 1, 2, 1, 2, 1, 1, 1, 1, 2, 3, 0, 4, 0, 1, 2, 0, 3, 2, 2, 2, 1, 0, 2, 0, 1, 1, 0, 2, 2, 2, 0, 0, 3, 2, 4, 1, 2, 2, 3, 1, 1, 1, 3, 0, 4, 3, 3, 1, 4, 1, 1, 1, 1, 2, 4, 4, 0, 1, 2, 3, 2, 4, 1, 1, 3, 1, 1, 1, 1, 4, 1, 2, 1, 1, 2, 2, 1, 1]|[0, 2, 1, 1, 3, 0, 1, 0, 0, 0, 0, 0, 1, 0, 1, 0, 1, 3, 1, 0, 0, 0, 3, 1, 0, 2, 0, 0, 0, 1, 0, 0, 0, 3, 0, 1, 1, 0, 2, 0, 0, 0, 0, 1, 0, 0, 0, 0, 0, 1, 1, 0, 3, 0, 0, 1, 2, 0, 1, 0, 2, 0, 1, 0, 2, 1, 0, 0, 0, 1, 1, 3, 1, 0, 0, 1, 3, 3, 1, 2, 1, 0, 1, 3, 1, 0, 2, 0, 0, 0, 0, 0, 0, 0, 1, 1, 0, 0, 0, 1],740.6648699319737,58345.503832923176,99227.13002615936,false
9,G4_BALANCED,G4_BALANCED,[31, 22, 82, 15, 26, 58, 95, 42, 77, 12, 47, 5, 93, 78, 86, 54, 85, 63, 18, 44, 20, 35, 43, 97, 91, 76, 10, 30, 21, 45, 71, 64, 1, 23, 17, 83, 24, 14, 60, 36, 6, 57, 40, 88, 65, 56, 79, 94, 67, 68, 46, 75, 38, 9, 19, 32, 81, 41, 27, 62, 87, 90, 99, 59, 11, 16, 72, 73, 70, 39, 37, 84, 3, 92, 25, 55, 28, 29, 51, 7, 66, 61, 98, 48, 89, 50, 96, 8, 80, 53, 34, 4, 33, 2, 52, 49, 0, 69, 74, 13]|[1, 1, 0, 1, 1, 0, 1, 2, 2, 1, 2, 2, 2, 1, 1, 0, 0, 1, 0, 2, 2, 0, 1, 2, 0, 1, 2, 2, 0, 0, 1, 2, 1, 2, 1, 0, 2, 0, 1, 1, 0, 1, 1, 1, 0, 2, 1, 1, 0, 0, 0, 0, 1, 1, 2, 1, 2, 1, 0, 0, 2, 1, 0, 1, 2, 1, 2, 1, 1, 1, 1, 1, 1, 0, 1, 1, 0, 0, 0, 1, 2, 1, 2, 0, 1, 0, 0, 1, 0, 0, 2, 1, 2, 0, 1, 0, 0, 1, 2, 0]|[4, 3, 2, 2, 4, 1, 2, 2, 2, 4, 1, 1, 2, 4, 4, 1, 2, 4, 2, 1, 1, 1, 1, 2, 1, 2, 1, 1, 1, 1, 3, 2, 3, 1, 4, 0, 1, 1, 0, 3, 2, 2, 2, 0, 1, 1, 0, 4, 0, 1, 2, 2, 1, 0, 0, 3, 2, 4, 1, 2, 2, 3, 1, 1, 1, 3, 0, 4, 3, 1, 4, 1, 1, 0, 4, 4, 2, 1, 1, 1, 1, 3, 1, 1, 1, 1, 1, 3, 1, 2, 1, 4, 1, 2, 1, 1, 2, 4, 1, 2]|[0, 2, 1, 1, 3, 0, 1, 0, 0, 0, 0, 0, 1, 0, 1, 0, 0, 3, 1, 0, 0, 0, 3, 1, 0, 2, 0, 0, 0, 1, 0, 0, 0, 0, 3, 0, 1, 0, 0, 2, 1, 1, 1, 0, 0, 0, 0, 2, 1, 0, 0, 0, 1, 3, 0, 0, 1, 2, 0, 1, 0, 2, 0, 1, 0, 2, 1, 0, 0, 1, 1, 3, 1, 1, 3, 3, 1, 0, 0, 2, 0, 0, 0, 0, 1, 0, 0, 2, 0, 1, 0, 0, 0, 0, 1, 1, 0, 2, 0, 0],765.9990607008382,57213.806194498815,96238.34283731865,false
9,G2_TEC,G2_TEC,[31, 22, 82, 15, 26, 9, 95, 42, 77, 68, 47, 5, 93, 78, 86, 54, 85, 63, 18, 44, 20, 49, 36, 14, 74, 50, 53, 17, 21, 45, 71, 64, 3, 23, 30, 83, 24, 41, 60, 52, 65, 27, 90, 70, 39, 87, 48, 69, 99, 4, 46, 1, 13, 58, 97, 59, 28, 8, 73, 37, 35, 79, 11, 66, 76, 57, 40, 80, 96, 6, 16, 61, 33, 98, 32, 81, 62, 67, 10, 7, 56, 88, 51, 19, 91, 38, 75, 92, 25, 84, 2, 55, 43, 29, 34, 0, 12, 94, 89, 72]|[2, 1, 2, 1, 1, 2, 1, 1, 1, 1, 1, 0, 2, 2, 1, 2, 0, 0, 0, 2, 2, 1, 0, 2, 0, 2, 2, 1, 0, 1, 1, 1, 0, 0, 1, 0, 2, 1, 2, 2, 0, 0, 1, 1, 0, 2, 0, 2, 1, 0, 0, 2, 2, 0, 2, 0, 2, 1, 0, 0, 2, 1, 0, 2, 2, 0, 2, 2, 0, 1, 2, 1, 1, 0, 0, 1, 1, 1, 1, 2, 2, 1, 1, 1, 1, 0, 0, 0, 1, 0, 2, 0, 1, 1, 1, 0, 1, 1, 1, 1]|[0, 3, 0, 2, 4, 1, 4, 4, 2, 4, 3, 2, 1, 0, 2, 1, 1, 1, 2, 1, 1, 3, 0, 1, 0, 1, 1, 4, 1, 4, 3, 2, 2, 0, 4, 1, 1, 4, 0, 1, 2, 1, 4, 4, 1, 1, 0, 2, 3, 1, 2, 1, 2, 1, 1, 2, 0, 3, 0, 2, 2, 3, 1, 0, 1, 0, 0, 1, 2, 4, 1, 3, 4, 2, 2, 4, 3, 3, 3, 1, 1, 4, 3, 4, 3, 2, 2, 2, 4, 2, 1, 2, 4, 3, 1, 2, 3, 4, 4, 4]|[0, 2, 0, 1, 3, 0, 1, 3, 0, 0, 2, 0, 1, 0, 1, 0, 0, 0, 1, 0, 0, 2, 0, 0, 1, 0, 0, 3, 0, 1, 0, 2, 0, 0, 3, 0, 1, 3, 1, 0, 0, 0, 1, 3, 0, 0, 1, 0, 2, 0, 0, 0, 0, 0, 1, 0, 0, 0, 1, 1, 0, 2, 0, 0, 0, 1, 0, 0, 0, 2, 0, 0, 1, 0, 0, 2, 0, 0, 3, 0, 0, 1, 0, 3, 0, 0, 0, 0, 3, 0, 0, 0, 2, 0, 1, 0, 0, 2, 1, 2],863.840939798981,52281.731521347596,112954.27457422629,false
9,G3_TWC,G3_TWC,[31, 22, 82, 15, 26, 9, 95, 42, 77, 12, 47, 5, 93, 78, 86, 54, 85, 63, 18, 44, 20, 35, 43, 97, 91, 76, 10, 30, 21, 45, 71, 64, 1, 23, 17, 83, 24, 14, 60, 36, 6, 57, 40, 88, 65, 56, 79, 94, 67, 68, 46, 75, 38, 58, 19, 32, 81, 41, 27, 62, 87, 90, 99, 59, 11, 16, 72, 73, 69, 39, 37, 84, 3, 92, 25, 55, 28, 29, 51, 7, 33, 61, 98, 48, 89, 50, 66, 96, 80, 53, 8, 34, 4, 2, 52, 49, 0, 70, 74, 13]|[1, 1, 0, 1, 1, 0, 1, 2, 2, 1, 2, 2, 2, 1, 1, 0, 0, 1, 0, 2, 2, 0, 1, 2, 0, 1, 2, 2, 0, 0, 1, 2, 1, 2, 1, 0, 2, 0, 1, 1, 0, 1, 1, 1, 0, 2, 1, 1, 0, 0, 0, 0, 1, 1, 2, 1, 2, 1, 0, 0, 2, 2, 0, 1, 2, 1, 2, 1, 1, 1, 0, 1, 1, 0, 1, 1, 0, 0, 0, 1, 0, 1, 0, 0, 1, 0, 2, 0, 0, 0, 0, 2, 0, 0, 1, 0, 0, 1, 2, 0]|[4, 3, 2, 2, 4, 1, 2, 2, 2, 4, 1, 1, 2, 4, 4, 1, 2, 4, 2, 1, 1, 1, 1, 2, 1, 2, 1, 1, 1, 1, 3, 2, 3, 0, 4, 0, 1, 1, 0, 3, 2, 2, 2, 0, 1, 1, 0, 4, 0, 1, 2, 2, 1, 0, 0, 3, 2, 4, 1, 2, 2, 1, 1, 1, 1, 3, 0, 4, 4, 1, 1, 1, 1, 0, 4, 4, 2, 1, 1, 1, 2, 3, 1, 1, 1, 1, 1, 1, 1, 2, 1, 1, 2, 2, 1, 1, 2, 3, 1, 2]|[0, 2, 1, 1, 3, 0, 1, 0, 0, 0, 0, 0, 1, 0, 1, 0, 0, 3, 1, 0, 0, 0, 3, 1, 0, 2, 0, 0, 0, 1, 0, 0, 0, 0, 3, 0, 1, 0, 0, 2, 1, 1, 1, 0, 0, 0, 0, 2, 1, 0, 0, 0, 1, 3, 0, 0, 1, 2, 0, 1, 0, 0, 0, 1, 0, 2, 1, 0, 2, 1, 0, 3, 1, 1, 3, 3, 1, 0, 0, 2, 1, 0, 0, 0, 1, 0, 0, 0, 0, 1, 0, 0, 1, 0, 1, 1, 0, 0, 0, 0],847.0427978319374,57842.30893966173,93453.7900685962,false
9,G1_CMAX,G1_CMAX,[31, 22, 82, 15, 26, 9, 95, 42, 77, 12, 47, 5, 93, 78, 86, 54, 6, 63, 18, 44, 20, 35, 43, 97, 91, 76, 10, 30, 21, 45, 64, 1, 23, 17, 83, 24, 14, 60, 36, 13, 75, 46, 68, 67, 69, 79, 56, 65, 88, 40, 57, 85, 58, 19, 32, 81, 48, 27, 62, 87, 90, 99, 59, 11, 16, 72, 73, 71, 70, 39, 37, 84, 3, 98, 29, 28, 55, 25, 92, 7, 33, 61, 53, 41, 89, 50, 8, 96, 51, 80, 34, 4, 66, 2, 52, 49, 0, 94, 74, 38]|[1, 1, 0, 1, 1, 0, 1, 2, 2, 1, 2, 2, 2, 1, 1, 0, 0, 1, 0, 2, 2, 0, 1, 2, 0, 1, 2, 2, 0, 0, 2, 1, 2, 1, 0, 2, 2, 1, 1, 0, 0, 0, 0, 0, 2, 1, 2, 0, 1, 1, 1, 0, 1, 2, 1, 2, 1, 0, 0, 2, 1, 0, 1, 2, 1, 2, 1, 1, 1, 1, 1, 1, 1, 0, 0, 0, 1, 1, 0, 1, 0, 1, 0, 1, 1, 0, 1, 0, 0, 0, 2, 1, 2, 0, 1, 0, 0, 2, 2, 1]|[0, 3, 2, 2, 4, 1, 2, 2, 2, 4, 1, 1, 2, 4, 4, 1, 2, 4, 2, 1, 1, 1, 1, 2, 1, 2, 1, 1, 1, 1, 2, 3, 0, 4, 0, 1, 2, 0, 3, 2, 2, 2, 1, 0, 2, 0, 1, 1, 0, 2, 2, 2, 0, 0, 3, 2, 4, 1, 2, 2, 3, 1, 1, 1, 3, 0, 4, 3, 3, 1, 4, 1, 1, 1, 1, 2, 4, 4, 0, 1, 2, 3, 2, 4, 1, 1, 3, 1, 1, 1, 1, 4, 1, 2, 1, 1, 2, 2, 1, 1]|[0, 2, 1, 1, 3, 0, 1, 0, 0, 0, 0, 0, 1, 0, 1, 0, 1, 3, 1, 0, 0, 0, 3, 1, 0, 2, 0, 0, 0, 1, 0, 0, 0, 3, 0, 1, 1, 0, 2, 0, 0, 0, 0, 1, 0, 0, 0, 0, 0, 1, 1, 0, 3, 0, 0, 1, 2, 0, 1, 0, 2, 0, 1, 0, 2, 1, 0, 0, 0, 1, 1, 3, 1, 0, 0, 1, 3, 3, 1, 2, 1, 0, 1, 3, 1, 0, 2, 0, 0, 0, 0, 0, 0, 0, 1, 1, 0, 0, 0, 1],740.6648699319737,58345.503832923176,99227.13002615936,false
9,G4_BALANCED,G4_BALANCED,[31, 22, 82, 15, 26, 58, 95, 42, 77, 12, 47, 5, 93, 78, 86, 54, 85, 63, 18, 44, 20, 35, 43, 97, 91, 76, 10, 30, 21, 45, 71, 64, 1, 23, 17, 83, 24, 14, 60, 36, 6, 57, 40, 88, 65, 56, 79, 94, 67, 68, 46, 75, 38, 9, 19, 32, 81, 41, 27, 62, 87, 90, 99, 59, 11, 16, 72, 73, 70, 39, 37, 84, 3, 92, 25, 55, 28, 29, 51, 7, 66, 61, 98, 48, 89, 50, 96, 8, 80, 53, 34, 4, 33, 2, 52, 49, 0, 69, 74, 13]|[1, 1, 0, 1, 1, 0, 1, 2, 2, 1, 2, 2, 2, 1, 1, 0, 0, 1, 0, 2, 2, 0, 1, 2, 0, 1, 2, 2, 0, 0, 1, 2, 1, 2, 1, 0, 2, 0, 1, 1, 0, 1, 1, 1, 0, 2, 1, 1, 0, 0, 0, 0, 1, 1, 2, 1, 2, 1, 0, 0, 2, 1, 0, 1, 2, 1, 2, 1, 1, 1, 1, 1, 1, 0, 1, 1, 0, 0, 0, 1, 2, 1, 2, 0, 1, 0, 0, 1, 0, 0, 2, 1, 2, 0, 1, 0, 0, 1, 2, 0]|[4, 3, 2, 2, 4, 1, 2, 2, 2, 4, 1, 1, 2, 4, 4, 1, 2, 4, 2, 1, 1, 1, 1, 2, 1, 2, 1, 1, 1, 1, 3, 2, 3, 1, 4, 0, 1, 1, 0, 3, 2, 2, 2, 0, 1, 1, 0, 4, 0, 1, 2, 2, 1, 0, 0, 3, 2, 4, 1, 2, 2, 3, 1, 1, 1, 3, 0, 4, 3, 1, 4, 1, 1, 0, 4, 4, 2, 1, 1, 1, 1, 3, 1, 1, 1, 1, 1, 3, 1, 2, 1, 4, 1, 2, 1, 1, 2, 4, 1, 2]|[0, 2, 1, 1, 3, 0, 1, 0, 0, 0, 0, 0, 1, 0, 1, 0, 0, 3, 1, 0, 0, 0, 3, 1, 0, 2, 0, 0, 0, 1, 0, 0, 0, 0, 3, 0, 1, 0, 0, 2, 1, 1, 1, 0, 0, 0, 0, 2, 1, 0, 0, 0, 1, 3, 0, 0, 1, 2, 0, 1, 0, 2, 0, 1, 0, 2, 1, 0, 0, 1, 1, 3, 1, 1, 3, 3, 1, 0, 0, 2, 0, 0, 0, 0, 1, 0, 0, 2, 0, 1, 0, 0, 0, 0, 1, 1, 0, 2, 0, 0],765.9990607008382,57213.806194498815,96238.34283731865,false
9,G2_TEC,G2_TEC,[31, 22, 82, 15, 26, 9, 95, 42, 77, 68, 47, 5, 93, 78, 86, 54, 85, 63, 18, 44, 20, 49, 36, 14, 74, 50, 53, 17, 21, 45, 71, 64, 3, 23, 30, 83, 24, 41, 60, 52, 65, 27, 90, 70, 39, 87, 48, 69, 99, 4, 46, 1, 13, 58, 97, 59, 28, 8, 73, 37, 35, 79, 11, 66, 76, 57, 40, 80, 96, 6, 16, 61, 33, 98, 32, 81, 62, 67, 10, 7, 56, 88, 51, 19, 91, 38, 75, 92, 25, 84, 2, 55, 43, 29, 34, 0, 12, 94, 89, 72]|[2, 1, 2, 1, 1, 2, 1, 1, 1, 1, 1, 0, 2, 2, 1, 2, 0, 0, 0, 2, 2, 1, 0, 2, 0, 2, 2, 1, 0, 1, 1, 1, 0, 0, 1, 0, 2, 1, 2, 2, 0, 0, 1, 1, 0, 2, 0, 2, 1, 0, 0, 2, 2, 0, 2, 0, 2, 1, 0, 0, 2, 1, 0, 2, 2, 0, 2, 2, 0, 1, 2, 1, 1, 0, 0, 1, 1, 1, 1, 2, 2, 1, 1, 1, 1, 0, 0, 0, 1, 0, 2, 0, 1, 1, 1, 0, 1, 1, 1, 1]|[0, 3, 0, 2, 4, 1, 4, 4, 2, 4, 3, 2, 1, 0, 2, 1, 1, 1, 2, 1, 1, 3, 0, 1, 0, 1, 1, 4, 1, 4, 3, 2, 2, 0, 4, 1, 1, 4, 0, 1, 2, 1, 4, 4, 1, 1, 0, 2, 3, 1, 2, 1, 2, 1, 1, 2, 0, 3, 0, 2, 2, 3, 1, 0, 1, 0, 0, 1, 2, 4, 1, 3, 4, 2, 2, 4, 3, 3, 3, 1, 1, 4, 3, 4, 3, 2, 2, 2, 4, 2, 1, 2, 4, 3, 1, 2, 3, 4, 4, 4]|[0, 2, 0, 1, 3, 0, 1, 3, 0, 0, 2, 0, 1, 0, 1, 0, 0, 0, 1, 0, 0, 2, 0, 0, 1, 0, 0, 3, 0, 1, 0, 2, 0, 0, 3, 0, 1, 3, 1, 0, 0, 0, 1, 3, 0, 0, 1, 0, 2, 0, 0, 0, 0, 0, 1, 0, 0, 0, 1, 1, 0, 2, 0, 0, 0, 1, 0, 0, 0, 2, 0, 0, 1, 0, 0, 2, 0, 0, 3, 0, 0, 1, 0, 3, 0, 0, 0, 0, 3, 0, 0, 0, 2, 0, 1, 0, 0, 2, 1, 2],863.840939798981,52281.731521347596,112954.27457422629,false
9,G3_TWC,G3_TWC,[31, 22, 82, 15, 26, 9, 95, 42, 77, 12, 47, 5, 93, 78, 86, 54, 85, 63, 18, 44, 20, 35, 43, 97, 91, 76, 10, 30, 21, 45, 71, 64, 1, 23, 17, 83, 24, 14, 60, 36, 6, 57, 40, 88, 65, 56, 79, 94, 67, 68, 46, 75, 38, 58, 19, 32, 81, 41, 27, 62, 87, 90, 99, 59, 11, 16, 72, 73, 69, 39, 37, 84, 3, 92, 25, 55, 28, 29, 51, 7, 33, 61, 98, 48, 89, 50, 66, 96, 80, 53, 8, 34, 4, 2, 52, 49, 0, 70, 74, 13]|[1, 1, 0, 1, 1, 0, 1, 2, 2, 1, 2, 2, 2, 1, 1, 0, 0, 1, 0, 2, 2, 0, 1, 2, 0, 1, 2, 2, 0, 0, 1, 2, 1, 2, 1, 0, 2, 0, 1, 1, 0, 1, 1, 1, 0, 2, 1, 1, 0, 0, 0, 0, 1, 1, 2, 1, 2, 1, 0, 0, 2, 2, 0, 1, 2, 1, 2, 1, 1, 1, 0, 1, 1, 0, 1, 1, 0, 0, 0, 1, 0, 1, 0, 0, 1, 0, 2, 0, 0, 0, 0, 2, 0, 0, 1, 0, 0, 1, 2, 0]|[4, 3, 2, 2, 4, 1, 2, 2, 2, 4, 1, 1, 2, 4, 4, 1, 2, 4, 2, 1, 1, 1, 1, 2, 1, 2, 1, 1, 1, 1, 3, 2, 3, 0, 4, 0, 1, 1, 0, 3, 2, 2, 2, 0, 1, 1, 0, 4, 0, 1, 2, 2, 1, 0, 0, 3, 2, 4, 1, 2, 2, 1, 1, 1, 1, 3, 0, 4, 4, 1, 1, 1, 1, 0, 4, 4, 2, 1, 1, 1, 2, 3, 1, 1, 1, 1, 1, 1, 1, 2, 1, 1, 2, 2, 1, 1, 2, 3, 1, 2]|[0, 2, 1, 1, 3, 0, 1, 0, 0, 0, 0, 0, 1, 0, 1, 0, 0, 3, 1, 0, 0, 0, 3, 1, 0, 2, 0, 0, 0, 1, 0, 0, 0, 0, 3, 0, 1, 0, 0, 2, 1, 1, 1, 0, 0, 0, 0, 2, 1, 0, 0, 0, 1, 3, 0, 0, 1, 2, 0, 1, 0, 0, 0, 1, 0, 2, 1, 0, 2, 1, 0, 3, 1, 1, 3, 3, 1, 0, 0, 2, 1, 0, 0, 0, 1, 0, 0, 0, 0, 1, 0, 0, 1, 0, 1, 1, 0, 0, 0, 0],847.0427978319374,57842.30893966173,93453.7900685962,false
9,G1_CMAX,G1_CMAX,[31, 22, 82, 15, 26, 9, 95, 42, 77, 12, 47, 5, 93, 78, 86, 54, 6, 63, 18, 44, 20, 35, 43, 97, 91, 76, 10, 30, 21, 45, 64, 1, 23, 17, 83, 24, 14, 60, 36, 13, 75, 46, 68, 67, 69, 79, 56, 65, 88, 40, 57, 85, 58, 19, 32, 81, 48, 27, 62, 87, 90, 99, 59, 11, 16, 72, 73, 71, 70, 39, 37, 84, 3, 98, 29, 28, 55, 25, 92, 7, 33, 61, 53, 41, 89, 50, 8, 96, 51, 80, 34, 4, 66, 2, 52, 49, 0, 94, 74, 38]|[1, 1, 0, 1, 1, 0, 1, 2, 2, 1, 2, 2, 2, 1, 1, 0, 0, 1, 0, 2, 2, 0, 1, 2, 0, 1, 2, 2, 0, 0, 2, 1, 2, 1, 0, 2, 2, 1, 1, 0, 0, 0, 0, 0, 2, 1, 2, 0, 1, 1, 1, 0, 1, 2, 1, 2, 1, 0, 0, 2, 1, 0, 1, 2, 1, 2, 1, 1, 1, 1, 1, 1, 1, 0, 0, 0, 1, 1, 0, 1, 0, 1, 0, 1, 1, 0, 1, 0, 0, 0, 2, 1, 2, 0, 1, 0, 0, 2, 2, 1]|[0, 3, 2, 2, 4, 1, 2, 2, 2, 4, 1, 1, 2, 4, 4, 1, 2, 4, 2, 1, 1, 1, 1, 2, 1, 2, 1, 1, 1, 1, 2, 3, 0, 4, 0, 1, 2, 0, 3, 2, 2, 2, 1, 0, 2, 0, 1, 1, 0, 2, 2, 2, 0, 0, 3, 2, 4, 1, 2, 2, 3, 1, 1, 1, 3, 0, 4, 3, 3, 1, 4, 1, 1, 1, 1, 2, 4, 4, 0, 1, 2, 3, 2, 4, 1, 1, 3, 1, 1, 1, 1, 4, 1, 2, 1, 1, 2, 2, 1, 1]|[0, 2, 1, 1, 3, 0, 1, 0, 0, 0, 0, 0, 1, 0, 1, 0, 1, 3, 1, 0, 0, 0, 3, 1, 0, 2, 0, 0, 0, 1, 0, 0, 0, 3, 0, 1, 1, 0, 2, 0, 0, 0, 0, 1, 0, 0, 0, 0, 0, 1, 1, 0, 3, 0, 0, 1, 2, 0, 1, 0, 2, 0, 1, 0, 2, 1, 0, 0, 0, 1, 1, 3, 1, 0, 0, 1, 3, 3, 1, 2, 1, 0, 1, 3, 1, 0, 2, 0, 0, 0, 0, 0, 0, 0, 1, 1, 0, 0, 0, 1],740.6648699319737,58345.503832923176,99227.13002615936,false
9,G4_BALANCED,G4_BALANCED,[31, 22, 82, 15, 26, 58, 95, 42, 77, 12, 47, 5, 93, 78, 86, 54, 85, 63, 18, 44, 20, 35, 43, 97, 91, 76, 10, 30, 21, 45, 71, 64, 1, 23, 17, 83, 24, 14, 60, 36, 6, 57, 40, 88, 65, 56, 79, 94, 67, 68, 46, 75, 38, 9, 19, 32, 81, 41, 27, 62, 87, 90, 99, 59, 11, 16, 72, 73, 70, 39, 37, 84, 3, 92, 25, 55, 28, 29, 51, 7, 66, 61, 98, 48, 89, 50, 96, 8, 80, 53, 34, 4, 33, 2, 52, 49, 0, 69, 74, 13]|[1, 1, 0, 1, 1, 0, 1, 2, 2, 1, 2, 2, 2, 1, 1, 0, 0, 1, 0, 2, 2, 0, 1, 2, 0, 1, 2, 2, 0, 0, 1, 2, 1, 2, 1, 0, 2, 0, 1, 1, 0, 1, 1, 1, 0, 2, 1, 1, 0, 0, 0, 0, 1, 1, 2, 1, 2, 1, 0, 0, 2, 1, 0, 1, 2, 1, 2, 1, 1, 1, 1, 1, 1, 0, 1, 1, 0, 0, 0, 1, 2, 1, 2, 0, 1, 0, 0, 1, 0, 0, 2, 1, 2, 0, 1, 0, 0, 1, 2, 0]|[4, 3, 2, 2, 4, 1, 2, 2, 2, 4, 1, 1, 2, 4, 4, 1, 2, 4, 2, 1, 1, 1, 1, 2, 1, 2, 1, 1, 1, 1, 3, 2, 3, 1, 4, 0, 1, 1, 0, 3, 2, 2, 2, 0, 1, 1, 0, 4, 0, 1, 2, 2, 1, 0, 0, 3, 2, 4, 1, 2, 2, 3, 1, 1, 1, 3, 0, 4, 3, 1, 4, 1, 1, 0, 4, 4, 2, 1, 1, 1, 1, 3, 1, 1, 1, 1, 1, 3, 1, 2, 1, 4, 1, 2, 1, 1, 2, 4, 1, 2]|[0, 2, 1, 1, 3, 0, 1, 0, 0, 0, 0, 0, 1, 0, 1, 0, 0, 3, 1, 0, 0, 0, 3, 1, 0, 2, 0, 0, 0, 1, 0, 0, 0, 0, 3, 0, 1, 0, 0, 2, 1, 1, 1, 0, 0, 0, 0, 2, 1, 0, 0, 0, 1, 3, 0, 0, 1, 2, 0, 1, 0, 2, 0, 1, 0, 2, 1, 0, 0, 1, 1, 3, 1, 1, 3, 3, 1, 0, 0, 2, 0, 0, 0, 0, 1, 0, 0, 2, 0, 1, 0, 0, 0, 0, 1, 1, 0, 2, 0, 0],765.9990607008382,57213.806194498815,96238.34283731865,false
9,G2_TEC,G2_TEC,[31, 22, 82, 15, 26, 9, 95, 42, 77, 68, 47, 5, 93, 78, 86, 54, 85, 63, 18, 44, 20, 49, 36, 14, 74, 50, 53, 17, 21, 45, 71, 64, 3, 23, 30, 83, 24, 41, 60, 52, 65, 27, 90, 70, 39, 87, 48, 69, 99, 4, 46, 1, 13, 58, 97, 59, 28, 8, 73, 37, 35, 79, 11, 66, 76, 57, 40, 80, 96, 6, 16, 61, 33, 98, 32, 81, 62, 67, 10, 7, 56, 88, 51, 19, 91, 38, 75, 92, 25, 84, 2, 55, 43, 29, 34, 0, 12, 94, 89, 72]|[2, 1, 2, 1, 1, 2, 1, 1, 1, 1, 1, 0, 2, 2, 1, 2, 0, 0, 0, 2, 2, 1, 0, 2, 0, 2, 2, 1, 0, 1, 1, 1, 0, 0, 1, 0, 2, 1, 2, 2, 0, 0, 1, 1, 0, 2, 0, 2, 1, 0, 0, 2, 2, 0, 2, 0, 2, 1, 0, 0, 2, 1, 0, 2, 2, 0, 2, 2, 0, 1, 2, 1, 1, 0, 0, 1, 1, 1, 1, 2, 2, 1, 1, 1, 1, 0, 0, 0, 1, 0, 2, 0, 1, 1, 1, 0, 1, 1, 1, 1]|[0, 3, 0, 2, 4, 1, 4, 4, 2, 4, 3, 2, 1, 0, 2, 1, 1, 1, 2, 1, 1, 3, 0, 1, 0, 1, 1, 4, 1, 4, 3, 2, 2, 0, 4, 1, 1, 4, 0, 1, 2, 1, 4, 4, 1, 1, 0, 2, 3, 1, 2, 1, 2, 1, 1, 2, 0, 3, 0, 2, 2, 3, 1, 0, 1, 0, 0, 1, 2, 4, 1, 3, 4, 2, 2, 4, 3, 3, 3, 1, 1, 4, 3, 4, 3, 2, 2, 2, 4, 2, 1, 2, 4, 3, 1, 2, 3, 4, 4, 4]|[0, 2, 0, 1, 3, 0, 1, 3, 0, 0, 2, 0, 1, 0, 1, 0, 0, 0, 1, 0, 0, 2, 0, 0, 1, 0, 0, 3, 0, 1, 0, 2, 0, 0, 3, 0, 1, 3, 1, 0, 0, 0, 1, 3, 0, 0, 1, 0, 2, 0, 0, 0, 0, 0, 1, 0, 0, 0, 1, 1, 0, 2, 0, 0, 0, 1, 0, 0, 0, 2, 0, 0, 1, 0, 0, 2, 0, 0, 3, 0, 0, 1, 0, 3, 0, 0, 0, 0, 3, 0, 0, 0, 2, 0, 1, 0, 0, 2, 1, 2],863.840939798981,52281.731521347596,112954.27457422629,false
9,G3_TWC,G3_TWC,[31, 22, 82, 15, 26, 9, 95, 42, 77, 12, 47, 5, 93, 78, 86, 54, 85, 63, 18, 44, 20, 35, 43, 97, 91, 76, 10, 30, 21, 45, 71, 64, 1, 23, 17, 83, 24, 14, 60, 36, 6, 57, 40, 88, 65, 56, 79, 94, 67, 68, 46, 75, 38, 58, 19, 32, 81, 41, 27, 62, 87, 90, 99, 59, 11, 16, 72, 73, 69, 39, 37, 84, 3, 92, 25, 55, 28, 29, 51, 7, 33, 61, 98, 48, 89, 50, 66, 96, 80, 53, 8, 34, 4, 2, 52, 49, 0, 70, 74, 13]|[1, 1, 0, 1, 1, 0, 1, 2, 2, 1, 2, 2, 2, 1, 1, 0, 0, 1, 0, 2, 2, 0, 1, 2, 0, 1, 2, 2, 0, 0, 1, 2, 1, 2, 1, 0, 2, 0, 1, 1, 0, 1, 1, 1, 0, 2, 1, 1, 0, 0, 0, 0, 1, 1, 2, 1, 2, 1, 0, 0, 2, 2, 0, 1, 2, 1, 2, 1, 1, 1, 0, 1, 1, 0, 1, 1, 0, 0, 0, 1, 0, 1, 0, 0, 1, 0, 2, 0, 0, 0, 0, 2, 0, 0, 1, 0, 0, 1, 2, 0]|[4, 3, 2, 2, 4, 1, 2, 2, 2, 4, 1, 1, 2, 4, 4, 1, 2, 4, 2, 1, 1, 1, 1, 2, 1, 2, 1, 1, 1, 1, 3, 2, 3, 0, 4, 0, 1, 1, 0, 3, 2, 2, 2, 0, 1, 1, 0, 4, 0, 1, 2, 2, 1, 0, 0, 3, 2, 4, 1, 2, 2, 1, 1, 1, 1, 3, 0, 4, 4, 1, 1, 1, 1, 0, 4, 4, 2, 1, 1, 1, 2, 3, 1, 1, 1, 1, 1, 1, 1, 2, 1, 1, 2, 2, 1, 1, 2, 3, 1, 2]|[0, 2, 1, 1, 3, 0, 1, 0, 0, 0, 0, 0, 1, 0, 1, 0, 0, 3, 1, 0, 0, 0, 3, 1, 0, 2, 0, 0, 0, 1, 0, 0, 0, 0, 3, 0, 1, 0, 0, 2, 1, 1, 1, 0, 0, 0, 0, 2, 1, 0, 0, 0, 1, 3, 0, 0, 1, 2, 0, 1, 0, 0, 0, 1, 0, 2, 1, 0, 2, 1, 0, 3, 1, 1, 3, 3, 1, 0, 0, 2, 1, 0, 0, 0, 1, 0, 0, 0, 0, 1, 0, 0, 1, 0, 1, 1, 0, 0, 0, 0],847.0427978319374,57842.30893966173,93453.7900685962,false
9,G1_CMAX,G1_CMAX,[31, 22, 82, 15, 26, 9, 95, 42, 77, 12, 47, 5, 93, 78, 86, 54, 6, 63, 18, 44, 20, 35, 43, 97, 91, 76, 10, 30, 21, 45, 64, 1, 23, 17, 83, 24, 14, 60, 36, 13, 75, 46, 68, 67, 69, 79, 56, 65, 88, 40, 57, 85, 58, 19, 32, 81, 48, 27, 62, 87, 90, 99, 59, 11, 16, 72, 73, 71, 70, 39, 37, 84, 3, 98, 29, 28, 55, 25, 92, 7, 33, 61, 53, 41, 89, 50, 8, 96, 51, 80, 34, 4, 66, 2, 52, 49, 0, 94, 74, 38]|[1, 1, 0, 1, 1, 0, 1, 2, 2, 1, 2, 2, 2, 1, 1, 0, 0, 1, 0, 2, 2, 0, 1, 2, 0, 1, 2, 2, 0, 0, 2, 1, 2, 1, 0, 2, 2, 1, 1, 0, 0, 0, 0, 0, 2, 1, 2, 0, 1, 1, 1, 0, 1, 2, 1, 2, 1, 0, 0, 2, 1, 0, 1, 2, 1, 2, 1, 1, 1, 1, 1, 1, 1, 0, 0, 0, 1, 1, 0, 1, 0, 1, 0, 1, 1, 0, 1, 0, 0, 0, 2, 1, 2, 0, 1, 0, 0, 2, 2, 1]|[0, 3, 2, 2, 4, 1, 2, 2, 2, 4, 1, 1, 2, 4, 4, 1, 2, 4, 2, 1, 1, 1, 1, 2, 1, 2, 1, 1, 1, 1, 2, 3, 0, 4, 0, 1, 2, 0, 3, 2, 2, 2, 1, 0, 2, 0, 1, 1, 0, 2, 2, 2, 0, 0, 3, 2, 4, 1, 2, 2, 3, 1, 1, 1, 3, 0, 4, 3, 3, 1, 4, 1, 1, 1, 1, 2, 4, 4, 0, 1, 2, 3, 2, 4, 1, 1, 3, 1, 1, 1, 1, 4, 1, 2, 1, 1, 2, 2, 1, 1]|[0, 2, 1, 1, 3, 0, 1, 0, 0, 0, 0, 0, 1, 0, 1, 0, 1, 3, 1, 0, 0, 0, 3, 1, 0, 2, 0, 0, 0, 1, 0, 0, 0, 3, 0, 1, 1, 0, 2, 0, 0, 0, 0, 1, 0, 0, 0, 0, 0, 1, 1, 0, 3, 0, 0, 1, 2, 0, 1, 0, 2, 0, 1, 0, 2, 1, 0, 0, 0, 1, 1, 3, 1, 0, 0, 1, 3, 3, 1, 2, 1, 0, 1, 3, 1, 0, 2, 0, 0, 0, 0, 0, 0, 0, 1, 1, 0, 0, 0, 1],740.6648699319737,58345.503832923176,99227.13002615936,false
9,G4_BALANCED,G4_BALANCED,[31, 22, 82, 15, 26, 58, 95, 42, 77, 12, 47, 5, 93, 78, 86, 54, 85, 63, 18, 44, 20, 35, 43, 97, 91, 76, 10, 30, 21, 45, 71, 64, 1, 23, 17, 83, 24, 14, 60, 36, 6, 57, 40, 88, 65, 56, 79, 94, 67, 68, 46, 75, 38, 9, 19, 32, 81, 41, 27, 62, 87, 90, 99, 59, 11, 16, 72, 73, 70, 39, 37, 84, 3, 92, 25, 55, 28, 29, 51, 7, 66, 61, 98, 48, 89, 50, 96, 8, 80, 53, 34, 4, 33, 2, 52, 49, 0, 69, 74, 13]|[1, 1, 0, 1, 1, 0, 1, 2, 2, 1, 2, 2, 2, 1, 1, 0, 0, 1, 0, 2, 2, 0, 1, 2, 0, 1, 2, 2, 0, 0, 1, 2, 1, 2, 1, 0, 2, 0, 1, 1, 0, 1, 1, 1, 0, 2, 1, 1, 0, 0, 0, 0, 1, 1, 2, 1, 2, 1, 0, 0, 2, 1, 0, 1, 2, 1, 2, 1, 1, 1, 1, 1, 1, 0, 1, 1, 0, 0, 0, 1, 2, 1, 2, 0, 1, 0, 0, 1, 0, 0, 2, 1, 2, 0, 1, 0, 0, 1, 2, 0]|[4, 3, 2, 2, 4, 1, 2, 2, 2, 4, 1, 1, 2, 4, 4, 1, 2, 4, 2, 1, 1, 1, 1, 2, 1, 2, 1, 1, 1, 1, 3, 2, 3, 1, 4, 0, 1, 1, 0, 3, 2, 2, 2, 0, 1, 1, 0, 4, 0, 1, 2, 2, 1, 0, 0, 3, 2, 4, 1, 2, 2, 3, 1, 1, 1, 3, 0, 4, 3, 1, 4, 1, 1, 0, 4, 4, 2, 1, 1, 1, 1, 3, 1, 1, 1, 1, 1, 3, 1, 2, 1, 4, 1, 2, 1, 1, 2, 4, 1, 2]|[0, 2, 1, 1, 3, 0, 1, 0, 0, 0, 0, 0, 1, 0, 1, 0, 0, 3, 1, 0, 0, 0, 3, 1, 0, 2, 0, 0, 0, 1, 0, 0, 0, 0, 3, 0, 1, 0, 0, 2, 1, 1, 1, 0, 0, 0, 0, 2, 1, 0, 0, 0, 1, 3, 0, 0, 1, 2, 0, 1, 0, 2, 0, 1, 0, 2, 1, 0, 0, 1, 1, 3, 1, 1, 3, 3, 1, 0, 0, 2, 0, 0, 0, 0, 1, 0, 0, 2, 0, 1, 0, 0, 0, 0, 1, 1, 0, 2, 0, 0],765.9990607008382,57213.806194498815,96238.34283731865,false
9,G2_TEC,G3_TWC,[31, 22, 82, 15, 26, 9, 95, 42, 77, 12, 47, 5, 93, 78, 86, 54, 85, 63, 18, 44, 20, 35, 43, 97, 91, 76, 10, 30, 21, 45, 71, 64, 1, 23, 17, 83, 24, 14, 60, 36, 6, 57, 40, 88, 65, 96, 79, 69, 67, 68, 46, 75, 38, 58, 19, 32, 81, 48, 27, 62, 87, 90, 99, 59, 11, 16, 72, 73, 70, 39, 37, 84, 3, 92, 25, 55, 28, 29, 51, 7, 66, 61, 8, 41, 89, 50, 98, 56, 53, 80, 34, 52, 33, 2, 4, 49, 0, 94, 74, 13]|[1, 1, 0, 1, 1, 0, 1, 2, 2, 1, 2, 2, 2, 1, 1, 0, 0, 1, 0, 2, 2, 0, 1, 2, 0, 1, 2, 2, 0, 0, 1, 2, 1, 0, 1, 0, 2, 0, 1, 1, 0, 1, 1, 1, 0, 2, 1, 1, 0, 0, 0, 0, 1, 1, 2, 1, 2, 1, 0, 0, 2, 1, 0, 1, 2, 1, 2, 1, 1, 1, 1, 1, 1, 0, 1, 1, 0, 0, 0, 1, 2, 1, 1, 0, 1, 0, 2, 0, 0, 0, 2, 2, 2, 0, 1, 0, 0, 1, 2, 0]|[4, 3, 2, 2, 4, 1, 2, 2, 2, 4, 1, 1, 2, 4, 4, 1, 2, 4, 2, 1, 1, 1, 1, 2, 1, 2, 1, 1, 1, 1, 3, 2, 3, 0, 4, 1, 1, 1, 0, 3, 2, 2, 2, 0, 1, 1, 0, 4, 0, 1, 2, 2, 1, 0, 0, 3, 2, 4, 1, 2, 2, 3, 1, 1, 1, 3, 0, 4, 3, 1, 4, 1, 1, 0, 4, 4, 2, 1, 1, 1, 1, 3, 3, 1, 1, 1, 1, 1, 2, 1, 1, 1, 1, 2, 4, 1, 2, 4, 1, 2]|[0, 2, 1, 1, 3, 0, 1, 0, 0, 0, 0, 0, 1, 0, 1, 0, 0, 3, 1, 0, 0, 0, 3, 1, 0, 2, 0, 0, 0, 1, 0, 0, 0, 0, 3, 0, 1, 0, 0, 2, 1, 1, 1, 0, 0, 0, 0, 3, 1, 0, 0, 0, 1, 3, 0, 0, 1, 2, 0, 1, 0, 2, 0, 1, 0, 2, 1, 0, 0, 1, 1, 3, 1, 1, 3, 3, 1, 0, 0, 2, 0, 0, 2, 0, 1, 0, 0, 0, 1, 0, 0, 0, 0, 0, 0, 1, 0, 2, 0, 0],794.7497123575675,56957.72529286262,95451.92533554054,true
9,G3_TWC,G3_TWC,[31, 22, 82, 15, 26, 9, 95, 42, 77, 12, 47, 5, 93, 78, 86, 54, 85, 63, 18, 44, 20, 35, 43, 97, 91, 76, 10, 30, 21, 45, 71, 64, 1, 23, 17, 83, 24, 14, 60, 36, 6, 57, 40, 88, 65, 56, 79, 94, 67, 68, 46, 75, 38, 58, 19, 32, 81, 41, 27, 62, 87, 90, 99, 59, 11, 16, 72, 73, 69, 39, 37, 84, 3, 92, 25, 55, 28, 29, 51, 7, 33, 61, 98, 48, 89, 50, 66, 96, 80, 53, 8, 34, 4, 2, 52, 49, 0, 70, 74, 13]|[1, 1, 0, 1, 1, 0, 1, 2, 2, 1, 2, 2, 2, 1, 1, 0, 0, 1, 0, 2, 2, 0, 1, 2, 0, 1, 2, 2, 0, 0, 1, 2, 1, 2, 1, 0, 2, 0, 1, 1, 0, 1, 1, 1, 0, 2, 1, 1, 0, 0, 0, 0, 1, 1, 2, 1, 2, 1, 0, 0, 2, 2, 0, 1, 2, 1, 2, 1, 1, 1, 0, 1, 1, 0, 1, 1, 0, 0, 0, 1, 0, 1, 0, 0, 1, 0, 2, 0, 0, 0, 0, 2, 0, 0, 1, 0, 0, 1, 2, 0]|[4, 3, 2, 2, 4, 1, 2, 2, 2, 4, 1, 1, 2, 4, 4, 1, 2, 4, 2, 1, 1, 1, 1, 2, 1, 2, 1, 1, 1, 1, 3, 2, 3, 0, 4, 0, 1, 1, 0, 3, 2, 2, 2, 0, 1, 1, 0, 4, 0, 1, 2, 2, 1, 0, 0, 3, 2, 4, 1, 2, 2, 1, 1, 1, 1, 3, 0, 4, 4, 1, 1, 1, 1, 0, 4, 4, 2, 1, 1, 1, 2, 3, 1, 1, 1, 1, 1, 1, 1, 2, 1, 1, 2, 2, 1, 1, 2, 3, 1, 2]|[0, 2, 1, 1, 3, 0, 1, 0, 0, 0, 0, 0, 1, 0, 1, 0, 0, 3, 1, 0, 0, 0, 3, 1, 0, 2, 0, 0, 0, 1, 0, 0, 0, 0, 3, 0, 1, 0, 0, 2, 1, 1, 1, 0, 0, 0, 0, 2, 1, 0, 0, 0, 1, 3, 0, 0, 1, 2, 0, 1, 0, 0, 0, 1, 0, 2, 1, 0, 2, 1, 0, 3, 1, 1, 3, 3, 1, 0, 0, 2, 1, 0, 0, 0, 1, 0, 0, 0, 0, 1, 0, 0, 1, 0, 1, 1, 0, 0, 0, 0],847.0427978319374,57842.30893966173,93453.7900685962,false
9,G1_CMAX,G1_CMAX,[31, 22, 82, 15, 26, 9, 95, 42, 77, 12, 47, 5, 93, 78, 86, 54, 6, 63, 18, 44, 20, 35, 43, 97, 91, 76, 10, 30, 21, 45, 64, 1, 23, 17, 83, 24, 14, 60, 36, 13, 75, 46, 68, 67, 69, 79, 56, 65, 88, 40, 57, 85, 58, 19, 32, 81, 48, 27, 62, 87, 90, 99, 59, 11, 16, 72, 73, 71, 70, 39, 37, 84, 3, 98, 29, 28, 55, 25, 92, 7, 33, 61, 53, 41, 89, 50, 8, 96, 51, 80, 34, 4, 66, 2, 52, 49, 0, 94, 74, 38]|[1, 1, 0, 1, 1, 0, 1, 2, 2, 1, 2, 2, 2, 1, 1, 0, 0, 1, 0, 2, 2, 0, 1, 2, 0, 1, 2, 2, 0, 0, 2, 1, 2, 1, 0, 2, 2, 1, 1, 0, 0, 0, 0, 0, 2, 1, 2, 0, 1, 1, 1, 0, 1, 2, 1, 2, 1, 0, 0, 2, 1, 0, 1, 2, 1, 2, 1, 1, 1, 1, 1, 1, 1, 0, 0, 0, 1, 1, 0, 1, 0, 1, 0, 1, 1, 0, 1, 0, 0, 0, 2, 1, 2, 0, 1, 0, 0, 2, 2, 1]|[0, 3, 2, 2, 4, 1, 2, 2, 2, 4, 1, 1, 2, 4, 4, 1, 2, 4, 2, 1, 1, 1, 1, 2, 1, 2, 1, 1, 1, 1, 2, 3, 0, 4, 0, 1, 2, 0, 3, 2, 2, 2, 1, 0, 2, 0, 1, 1, 0, 2, 2, 2, 0, 0, 3, 2, 4, 1, 2, 2, 3, 1, 1, 1, 3, 0, 4, 3, 3, 1, 4, 1, 1, 1, 1, 2, 4, 4, 0, 1, 2, 3, 2, 4, 1, 1, 3, 1, 1, 1, 1, 4, 1, 2, 1, 1, 2, 2, 1, 1]|[0, 2, 1, 1, 3, 0, 1, 0, 0, 0, 0, 0, 1, 0, 1, 0, 1, 3, 1, 0, 0, 0, 3, 1, 0, 2, 0, 0, 0, 1, 0, 0, 0, 3, 0, 1, 1, 0, 2, 0, 0, 0, 0, 1, 0, 0, 0, 0, 0, 1, 1, 0, 3, 0, 0, 1, 2, 0, 1, 0, 2, 0, 1, 0, 2, 1, 0, 0, 0, 1, 1, 3, 1, 0, 0, 1, 3, 3, 1, 2, 1, 0, 1, 3, 1, 0, 2, 0, 0, 0, 0, 0, 0, 0, 1, 1, 0, 0, 0, 1],740.6648699319737,58345.503832923176,99227.13002615936,false
9,G4_BALANCED,G4_BALANCED,[31, 22, 82, 15, 26, 58, 95, 42, 77, 12, 47, 5, 93, 78, 86, 54, 85, 63, 18, 44, 20, 35, 43, 97, 91, 76, 10, 30, 21, 45, 71, 64, 1, 23, 17, 83, 24, 14, 60, 36, 6, 57, 40, 88, 65, 56, 79, 94, 67, 68, 46, 75, 38, 9, 19, 32, 81, 41, 27, 62, 87, 90, 99, 59, 11, 16, 72, 73, 70, 39, 37, 84, 3, 92, 25, 55, 28, 29, 51, 7, 66, 61, 98, 48, 89, 50, 96, 8, 80, 53, 34, 4, 33, 2, 52, 49, 0, 69, 74, 13]|[1, 1, 0, 1, 1, 0, 1, 2, 2, 1, 2, 2, 2, 1, 1, 0, 0, 1, 0, 2, 2, 0, 1, 2, 0, 1, 2, 2, 0, 0, 1, 2, 1, 2, 1, 0, 2, 0, 1, 1, 0, 1, 1, 1, 0, 2, 1, 1, 0, 0, 0, 0, 1, 1, 2, 1, 2, 1, 0, 0, 2, 1, 0, 1, 2, 1, 2, 1, 1, 1, 1, 1, 1, 0, 1, 1, 0, 0, 0, 1, 2, 1, 2, 0, 1, 0, 0, 1, 0, 0, 2, 1, 2, 0, 1, 0, 0, 1, 2, 0]|[4, 3, 2, 2, 4, 1, 2, 2, 2, 4, 1, 1, 2, 4, 4, 1, 2, 4, 2, 1, 1, 1, 1, 2, 1, 2, 1, 1, 1, 1, 3, 2, 3, 1, 4, 0, 1, 1, 0, 3, 2, 2, 2, 0, 1, 1, 0, 4, 0, 1, 2, 2, 1, 0, 0, 3, 2, 4, 1, 2, 2, 3, 1, 1, 1, 3, 0, 4, 3, 1, 4, 1, 1, 0, 4, 4, 2, 1, 1, 1, 1, 3, 1, 1, 1, 1, 1, 3, 1, 2, 1, 4, 1, 2, 1, 1, 2, 4, 1, 2]|[0, 2, 1, 1, 3, 0, 1, 0, 0, 0, 0, 0, 1, 0, 1, 0, 0, 3, 1, 0, 0, 0, 3, 1, 0, 2, 0, 0, 0, 1, 0, 0, 0, 0, 3, 0, 1, 0, 0, 2, 1, 1, 1, 0, 0, 0, 0, 2, 1, 0, 0, 0, 1, 3, 0, 0, 1, 2, 0, 1, 0, 2, 0, 1, 0, 2, 1, 0, 0, 1, 1, 3, 1, 1, 3, 3, 1, 0, 0, 2, 0, 0, 0, 0, 1, 0, 0, 2, 0, 1, 0, 0, 0, 0, 1, 1, 0, 2, 0, 0],765.9990607008382,57213.806194498815,96238.34283731865,false
9,G2_TEC,G3_TWC,[31, 22, 82, 15, 26, 9, 95, 42, 77, 12, 47, 5, 93, 78, 86, 54, 85, 63, 18, 44, 20, 35, 43, 97, 91, 76, 10, 30, 21, 45, 71, 64, 1, 23, 17, 83, 24, 14, 60, 36, 6, 57, 40, 88, 65, 96, 79, 69, 67, 68, 46, 75, 38, 58, 19, 32, 81, 48, 27, 62, 87, 90, 99, 59, 11, 16, 72, 73, 70, 39, 37, 84, 3, 92, 25, 55, 28, 29, 51, 7, 66, 61, 8, 41, 89, 50, 98, 56, 53, 80, 34, 52, 33, 2, 4, 49, 0, 94, 74, 13]|[1, 1, 0, 1, 1, 0, 1, 2, 2, 1, 2, 2, 2, 1, 1, 0, 0, 1, 0, 2, 2, 0, 1, 2, 0, 1, 2, 2, 0, 0, 1, 2, 1, 0, 1, 0, 2, 0, 1, 1, 0, 1, 1, 1, 0, 2, 1, 1, 0, 0, 0, 0, 1, 1, 2, 1, 2, 1, 0, 0, 2, 1, 0, 1, 2, 1, 2, 1, 1, 1, 1, 1, 1, 0, 1, 1, 0, 0, 0, 1, 2, 1, 1, 0, 1, 0, 2, 0, 0, 0, 2, 2, 2, 0, 1, 0, 0, 1, 2, 0]|[4, 3, 2, 2, 4, 1, 2, 2, 2, 4, 1, 1, 2, 4, 4, 1, 2, 4, 2, 1, 1, 1, 1, 2, 1, 2, 1, 1, 1, 1, 3, 2, 3, 0, 4, 1, 1, 1, 0, 3, 2, 2, 2, 0, 1, 1, 0, 4, 0, 1, 2, 2, 1, 0, 0, 3, 2, 4, 1, 2, 2, 3, 1, 1, 1, 3, 0, 4, 3, 1, 4, 1, 1, 0, 4, 4, 2, 1, 1, 1, 1, 3, 3, 1, 1, 1, 1, 1, 2, 1, 1, 1, 1, 2, 4, 1, 2, 4, 1, 2]|[0, 2, 1, 1, 3, 0, 1, 0, 0, 0, 0, 0, 1, 0, 1, 0, 0, 3, 1, 0, 0, 0, 3, 1, 0, 2, 0, 0, 0, 1, 0, 0, 0, 0, 3, 0, 1, 0, 0, 2, 1, 1, 1, 0, 0, 0, 0, 3, 1, 0, 0, 0, 1, 3, 0, 0, 1, 2, 0, 1, 0, 2, 0, 1, 0, 2, 1, 0, 0, 1, 1, 3, 1, 1, 3, 3, 1, 0, 0, 2, 0, 0, 2, 0, 1, 0, 0, 0, 1, 0, 0, 0, 0, 0, 0, 1, 0, 2, 0, 0],794.7497123575675,56957.72529286262,95451.92533554054,true
9,G3_TWC,G3_TWC,[31, 22, 82, 15, 26, 9, 95, 42, 77, 12, 47, 5, 93, 78, 86, 54, 85, 63, 18, 44, 20, 35, 43, 97, 91, 76, 10, 30, 21, 45, 71, 64, 1, 23, 17, 83, 24, 14, 60, 36, 6, 57, 40, 88, 65, 56, 79, 94, 67, 68, 46, 75, 38, 58, 19, 32, 81, 41, 27, 62, 87, 90, 99, 59, 11, 16, 72, 73, 69, 39, 37, 84, 3, 92, 25, 55, 28, 29, 51, 7, 33, 61, 98, 48, 89, 50, 66, 96, 80, 53, 8, 34, 4, 2, 52, 49, 0, 70, 74, 13]|[1, 1, 0, 1, 1, 0, 1, 2, 2, 1, 2, 2, 2, 1, 1, 0, 0, 1, 0, 2, 2, 0, 1, 2, 0, 1, 2, 2, 0, 0, 1, 2, 1, 2, 1, 0, 2, 0, 1, 1, 0, 1, 1, 1, 0, 2, 1, 1, 0, 0, 0, 0, 1, 1, 2, 1, 2, 1, 0, 0, 2, 2, 0, 1, 2, 1, 2, 1, 1, 1, 0, 1, 1, 0, 1, 1, 0, 0, 0, 1, 0, 1, 0, 0, 1, 0, 2, 0, 0, 0, 0, 2, 0, 0, 1, 0, 0, 1, 2, 0]|[4, 3, 2, 2, 4, 1, 2, 2, 2, 4, 1, 1, 2, 4, 4, 1, 2, 4, 2, 1, 1, 1, 1, 2, 1, 2, 1, 1, 1, 1, 3, 2, 3, 0, 4, 0, 1, 1, 0, 3, 2, 2, 2, 0, 1, 1, 0, 4, 0, 1, 2, 2, 1, 0, 0, 3, 2, 4, 1, 2, 2, 1, 1, 1, 1, 3, 0, 4, 4, 1, 1, 1, 1, 0, 4, 4, 2, 1, 1, 1, 2, 3, 1, 1, 1, 1, 1, 1, 1, 2, 1, 1, 2, 2, 1, 1, 2, 3, 1, 2]|[0, 2, 1, 1, 3, 0, 1, 0, 0, 0, 0, 0, 1, 0, 1, 0, 0, 3, 1, 0, 0, 0, 3, 1, 0, 2, 0, 0, 0, 1, 0, 0, 0, 0, 3, 0, 1, 0, 0, 2, 1, 1, 1, 0, 0, 0, 0, 2, 1, 0, 0, 0, 1, 3, 0, 0, 1, 2, 0, 1, 0, 0, 0, 1, 0, 2, 1, 0, 2, 1, 0, 3, 1, 1, 3, 3, 1, 0, 0, 2, 1, 0, 0, 0, 1, 0, 0, 0, 0, 1, 0, 0, 1, 0, 1, 1, 0, 0, 0, 0],847.0427978319374,57842.30893966173,93453.7900685962,false
9,G1_CMAX,G1_CMAX,[31, 22, 82, 15, 26, 9, 95, 42, 77, 12, 47, 5, 93, 78, 86, 54, 6, 63, 18, 44, 20, 35, 43, 97, 91, 76, 10, 30, 21, 45, 64, 1, 23, 17, 83, 24, 14, 60, 36, 13, 75, 46, 68, 67, 69, 79, 56, 65, 88, 40, 57, 85, 58, 19, 32, 81, 48, 27, 62, 87, 90, 99, 59, 11, 16, 72, 73, 71, 70, 39, 37, 84, 3, 98, 29, 28, 55, 25, 92, 7, 33, 61, 53, 41, 89, 50, 8, 96, 51, 80, 34, 4, 66, 2, 52, 49, 0, 94, 74, 38]|[1, 1, 0, 1, 1, 0, 1, 2, 2, 1, 2, 2, 2, 1, 1, 0, 0, 1, 0, 2, 2, 0, 1, 2, 0, 1, 2, 2, 0, 0, 2, 1, 2, 1, 0, 2, 2, 1, 1, 0, 0, 0, 0, 0, 2, 1, 2, 0, 1, 1, 1, 0, 1, 2, 1, 2, 1, 0, 0, 2, 1, 0, 1, 2, 1, 2, 1, 1, 1, 1, 1, 1, 1, 0, 0, 0, 1, 1, 0, 1, 0, 1, 0, 1, 1, 0, 1, 0, 0, 0, 2, 1, 2, 0, 1, 0, 0, 2, 2, 1]|[0, 3, 2, 2, 4, 1, 2, 2, 2, 4, 1, 1, 2, 4, 4, 1, 2, 4, 2, 1, 1, 1, 1, 2, 1, 2, 1, 1, 1, 1, 2, 3, 0, 4, 0, 1, 2, 0, 3, 2, 2, 2, 1, 0, 2, 0, 1, 1, 0, 2, 2, 2, 0, 0, 3, 2, 4, 1, 2, 2, 3, 1, 1, 1, 3, 0, 4, 3, 3, 1, 4, 1, 1, 1, 1, 2, 4, 4, 0, 1, 2, 3, 2, 4, 1, 1, 3, 1, 1, 1, 1, 4, 1, 2, 1, 1, 2, 2, 1, 1]|[0, 2, 1, 1, 3, 0, 1, 0, 0, 0, 0, 0, 1, 0, 1, 0, 1, 3, 1, 0, 0, 0, 3, 1, 0, 2, 0, 0, 0, 1, 0, 0, 0, 3, 0, 1, 1, 0, 2, 0, 0, 0, 0, 1, 0, 0, 0, 0, 0, 1, 1, 0, 3, 0, 0, 1, 2, 0, 1, 0, 2, 0, 1, 0, 2, 1, 0, 0, 0, 1, 1, 3, 1, 0, 0, 1, 3, 3, 1, 2, 1, 0, 1, 3, 1, 0, 2, 0, 0, 0, 0, 0, 0, 0, 1, 1, 0, 0, 0, 1],740.6648699319737,58345.503832923176,99227.13002615936,false
9,G4_BALANCED,G4_BALANCED,[31, 22, 82, 15, 26, 58, 95, 42, 77, 12, 47, 5, 93, 78, 86, 54, 85, 63, 18, 44, 20, 35, 43, 97, 91, 76, 10, 30, 21, 45, 71, 64, 1, 23, 17, 83, 24, 14, 60, 36, 6, 57, 40, 88, 65, 56, 79, 94, 67, 68, 46, 75, 38, 9, 19, 32, 81, 41, 27, 62, 87, 90, 99, 59, 11, 16, 72, 73, 70, 39, 37, 84, 3, 92, 25, 55, 28, 29, 51, 7, 66, 61, 98, 48, 89, 50, 96, 8, 80, 53, 34, 4, 33, 2, 52, 49, 0, 69, 74, 13]|[1, 1, 0, 1, 1, 0, 1, 2, 2, 1, 2, 2, 2, 1, 1, 0, 0, 1, 0, 2, 2, 0, 1, 2, 0, 1, 2, 2, 0, 0, 1, 2, 1, 2, 1, 0, 2, 0, 1, 1, 0, 1, 1, 1, 0, 2, 1, 1, 0, 0, 0, 0, 1, 1, 2, 1, 2, 1, 0, 0, 2, 1, 0, 1, 2, 1, 2, 1, 1, 1, 1, 1, 1, 0, 1, 1, 0, 0, 0, 1, 2, 1, 2, 0, 1, 0, 0, 1, 0, 0, 2, 1, 2, 0, 1, 0, 0, 1, 2, 0]|[4, 3, 2, 2, 4, 1, 2, 2, 2, 4, 1, 1, 2, 4, 4, 1, 2, 4, 2, 1, 1, 1, 1, 2, 1, 2, 1, 1, 1, 1, 3, 2, 3, 1, 4, 0, 1, 1, 0, 3, 2, 2, 2, 0, 1, 1, 0, 4, 0, 1, 2, 2, 1, 0, 0, 3, 2, 4, 1, 2, 2, 3, 1, 1, 1, 3, 0, 4, 3, 1, 4, 1, 1, 0, 4, 4, 2, 1, 1, 1, 1, 3, 1, 1, 1, 1, 1, 3, 1, 2, 1, 4, 1, 2, 1, 1, 2, 4, 1, 2]|[0, 2, 1, 1, 3, 0, 1, 0, 0, 0, 0, 0, 1, 0, 1, 0, 0, 3, 1, 0, 0, 0, 3, 1, 0, 2, 0, 0, 0, 1, 0, 0, 0, 0, 3, 0, 1, 0, 0, 2, 1, 1, 1, 0, 0, 0, 0, 2, 1, 0, 0, 0, 1, 3, 0, 0, 1, 2, 0, 1, 0, 2, 0, 1, 0, 2, 1, 0, 0, 1, 1, 3, 1, 1, 3, 3, 1, 0, 0, 2, 0, 0, 0, 0, 1, 0, 0, 2, 0, 1, 0, 0, 0, 0, 1, 1, 0, 2, 0, 0],765.9990607008382,57213.806194498815,96238.34283731865,false
9,G2_TEC,G2_TEC,[31, 22, 82, 15, 26, 9, 95, 42, 77, 68, 47, 5, 93, 78, 86, 54, 85, 63, 18, 44, 20, 49, 36, 14, 74, 50, 53, 17, 21, 45, 71, 64, 3, 23, 30, 83, 24, 41, 60, 52, 65, 27, 90, 70, 39, 87, 48, 69, 99, 4, 46, 1, 13, 58, 97, 59, 28, 8, 73, 37, 35, 79, 11, 66, 76, 57, 40, 80, 96, 6, 16, 61, 33, 98, 32, 81, 62, 67, 10, 7, 56, 88, 51, 19, 91, 38, 75, 92, 25, 84, 2, 55, 43, 29, 34, 0, 12, 94, 89, 72]|[2, 1, 2, 1, 1, 2, 1, 1, 1, 1, 1, 0, 2, 2, 1, 2, 0, 0, 0, 2, 2, 1, 0, 2, 0, 2, 2, 1, 0, 1, 1, 1, 0, 0, 1, 0, 2, 1, 2, 2, 0, 0, 1, 1, 0, 2, 0, 2, 1, 0, 0, 2, 2, 0, 2, 0, 2, 1, 0, 0, 2, 1, 0, 2, 2, 0, 2, 2, 0, 1, 2, 1, 1, 0, 0, 1, 1, 1, 1, 2, 2, 1, 1, 1, 1, 0, 0, 0, 1, 0, 2, 0, 1, 1, 1, 0, 1, 1, 1, 1]|[0, 3, 0, 2, 4, 1, 4, 4, 2, 4, 3, 2, 1, 0, 2, 1, 1, 1, 2, 1, 1, 3, 0, 1, 0, 1, 1, 4, 1, 4, 3, 2, 2, 0, 4, 1, 1, 4, 0, 1, 2, 1, 4, 4, 1, 1, 0, 2, 3, 1, 2, 1, 2, 1, 1, 2, 0, 3, 0, 2, 2, 3, 1, 0, 1, 0, 0, 1, 2, 4, 1, 3, 4, 2, 2, 4, 3, 3, 3, 1, 1, 4, 3, 4, 3, 2, 2, 2, 4, 2, 1, 2, 4, 3, 1, 2, 3, 4, 4, 4]|[0, 2, 0, 1, 3, 0, 1, 3, 0, 0, 2, 0, 1, 0, 1, 0, 0, 0, 1, 0, 0, 2, 0, 0, 1, 0, 0, 3, 0, 1, 0, 2, 0, 0, 3, 0, 1, 3, 1, 0, 0, 0, 1, 3, 0, 0, 1, 0, 2, 0, 0, 0, 0, 0, 1, 0, 0, 0, 1, 1, 0, 2, 0, 0, 0, 1, 0, 0, 0, 2, 0, 0, 1, 0, 0, 2, 0, 0, 3, 0, 0, 1, 0, 3, 0, 0, 0, 0, 3, 0, 0, 0, 2, 0, 1, 0, 0, 2, 1, 2],863.840939798981,52281.731521347596,112954.27457422629,false
9,G3_TWC,G3_TWC,[31, 22, 82, 15, 26, 9, 95, 42, 77, 12, 47, 5, 93, 78, 86, 54, 85, 63, 18, 44, 20, 35, 43, 97, 91, 76, 10, 30, 21, 45, 71, 64, 1, 23, 17, 83, 24, 14, 60, 36, 6, 57, 40, 88, 65, 56, 79, 94, 67, 68, 46, 75, 38, 58, 19, 32, 81, 41, 27, 62, 87, 90, 99, 59, 11, 16, 72, 73, 69, 39, 37, 84, 3, 92, 25, 55, 28, 29, 51, 7, 33, 61, 98, 48, 89, 50, 66, 96, 80, 53, 8, 34, 4, 2, 52, 49, 0, 70, 74, 13]|[1, 1, 0, 1, 1, 0, 1, 2, 2, 1, 2, 2, 2, 1, 1, 0, 0, 1, 0, 2, 2, 0, 1, 2, 0, 1, 2, 2, 0, 0, 1, 2, 1, 2, 1, 0, 2, 0, 1, 1, 0, 1, 1, 1, 0, 2, 1, 1, 0, 0, 0, 0, 1, 1, 2, 1, 2, 1, 0, 0, 2, 2, 0, 1, 2, 1, 2, 1, 1, 1, 0, 1, 1, 0, 1, 1, 0, 0, 0, 1, 0, 1, 0, 0, 1, 0, 2, 0, 0, 0, 0, 2, 0, 0, 1, 0, 0, 1, 2, 0]|[4, 3, 2, 2, 4, 1, 2, 2, 2, 4, 1, 1, 2, 4, 4, 1, 2, 4, 2, 1, 1, 1, 1, 2, 1, 2, 1, 1, 1, 1, 3, 2, 3, 0, 4, 0, 1, 1, 0, 3, 2, 2, 2, 0, 1, 1, 0, 4, 0, 1, 2, 2, 1, 0, 0, 3, 2, 4, 1, 2, 2, 1, 1, 1, 1, 3, 0, 4, 4, 1, 1, 1, 1, 0, 4, 4, 2, 1, 1, 1, 2, 3, 1, 1, 1, 1, 1, 1, 1, 2, 1, 1, 2, 2, 1, 1, 2, 3, 1, 2]|[0, 2, 1, 1, 3, 0, 1, 0, 0, 0, 0, 0, 1, 0, 1, 0, 0, 3, 1, 0, 0, 0, 3, 1, 0, 2, 0, 0, 0, 1, 0, 0, 0, 0, 3, 0, 1, 0, 0, 2, 1, 1, 1, 0, 0, 0, 0, 2, 1, 0, 0, 0, 1, 3, 0, 0, 1, 2, 0, 1, 0, 0, 0, 1, 0, 2, 1, 0, 2, 1, 0, 3, 1, 1, 3, 3, 1, 0, 0, 2, 1, 0, 0, 0, 1, 0, 0, 0, 0, 1, 0, 0, 1, 0, 1, 1, 0, 0, 0, 0],847.0427978319374,57842.30893966173,93453.7900685962,false
9,G1_CMAX,G1_CMAX,[31, 22, 82, 15, 26, 9, 95, 42, 77, 12, 47, 5, 93, 78, 86, 54, 6, 63, 18, 44, 20, 35, 43, 97, 91, 76, 10, 30, 21, 45, 64, 1, 23, 17, 83, 24, 14, 60, 36, 13, 75, 46, 68, 67, 69, 79, 56, 65, 88, 40, 57, 85, 58, 19, 32, 81, 48, 27, 62, 87, 90, 99, 59, 11, 16, 72, 73, 71, 70, 39, 37, 84, 3, 98, 29, 28, 55, 25, 92, 7, 33, 61, 53, 41, 89, 50, 8, 96, 51, 80, 34, 4, 66, 2, 52, 49, 0, 94, 74, 38]|[1, 1, 0, 1, 1, 0, 1, 2, 2, 1, 2, 2, 2, 1, 1, 0, 0, 1, 0, 2, 2, 0, 1, 2, 0, 1, 2, 2, 0, 0, 2, 1, 2, 1, 0, 2, 2, 1, 1, 0, 0, 0, 0, 0, 2, 1, 2, 0, 1, 1, 1, 0, 1, 2, 1, 2, 1, 0, 0, 2, 1, 0, 1, 2, 1, 2, 1, 1, 1, 1, 1, 1, 1, 0, 0, 0, 1, 1, 0, 1, 0, 1, 0, 1, 1, 0, 1, 0, 0, 0, 2, 1, 2, 0, 1, 0, 0, 2, 2, 1]|[0, 3, 2, 2, 4, 1, 2, 2, 2, 4, 1, 1, 2, 4, 4, 1, 2, 4, 2, 1, 1, 1, 1, 2, 1, 2, 1, 1, 1, 1, 2, 3, 0, 4, 0, 1, 2, 0, 3, 2, 2, 2, 1, 0, 2, 0, 1, 1, 0, 2, 2, 2, 0, 0, 3, 2, 4, 1, 2, 2, 3, 1, 1, 1, 3, 0, 4, 3, 3, 1, 4, 1, 1, 1, 1, 2, 4, 4, 0, 1, 2, 3, 2, 4, 1, 1, 3, 1, 1, 1, 1, 4, 1, 2, 1, 1, 2, 2, 1, 1]|[0, 2, 1, 1, 3, 0, 1, 0, 0, 0, 0, 0, 1, 0, 1, 0, 1, 3, 1, 0, 0, 0, 3, 1, 0, 2, 0, 0, 0, 1, 0, 0, 0, 3, 0, 1, 1, 0, 2, 0, 0, 0, 0, 1, 0, 0, 0, 0, 0, 1, 1, 0, 3, 0, 0, 1, 2, 0, 1, 0, 2, 0, 1, 0, 2, 1, 0, 0, 0, 1, 1, 3, 1, 0, 0, 1, 3, 3, 1, 2, 1, 0, 1, 3, 1, 0, 2, 0, 0, 0, 0, 0, 0, 0, 1, 1, 0, 0, 0, 1],740.6648699319737,58345.503832923176,99227.13002615936,false
9,G4_BALANCED,G4_BALANCED,[31, 22, 82, 15, 26, 58, 95, 42, 77, 12, 47, 5, 93, 78, 86, 54, 85, 63, 18, 44, 20, 35, 43, 97, 91, 76, 10, 30, 21, 45, 71, 64, 1, 23, 17, 83, 24, 14, 60, 36, 6, 57, 40, 88, 65, 56, 79, 94, 67, 68, 46, 75, 38, 9, 19, 32, 81, 41, 27, 62, 87, 90, 99, 59, 11, 16, 72, 73, 70, 39, 37, 84, 3, 92, 25, 55, 28, 29, 51, 7, 66, 61, 98, 48, 89, 50, 96, 8, 80, 53, 34, 4, 33, 2, 52, 49, 0, 69, 74, 13]|[1, 1, 0, 1, 1, 0, 1, 2, 2, 1, 2, 2, 2, 1, 1, 0, 0, 1, 0, 2, 2, 0, 1, 2, 0, 1, 2, 2, 0, 0, 1, 2, 1, 2, 1, 0, 2, 0, 1, 1, 0, 1, 1, 1, 0, 2, 1, 1, 0, 0, 0, 0, 1, 1, 2, 1, 2, 1, 0, 0, 2, 1, 0, 1, 2, 1, 2, 1, 1, 1, 1, 1, 1, 0, 1, 1, 0, 0, 0, 1, 2, 1, 2, 0, 1, 0, 0, 1, 0, 0, 2, 1, 2, 0, 1, 0, 0, 1, 2, 0]|[4, 3, 2, 2, 4, 1, 2, 2, 2, 4, 1, 1, 2, 4, 4, 1, 2, 4, 2, 1, 1, 1, 1, 2, 1, 2, 1, 1, 1, 1, 3, 2, 3, 1, 4, 0, 1, 1, 0, 3, 2, 2, 2, 0, 1, 1, 0, 4, 0, 1, 2, 2, 1, 0, 0, 3, 2, 4, 1, 2, 2, 3, 1, 1, 1, 3, 0, 4, 3, 1, 4, 1, 1, 0, 4, 4, 2, 1, 1, 1, 1, 3, 1, 1, 1, 1, 1, 3, 1, 2, 1, 4, 1, 2, 1, 1, 2, 4, 1, 2]|[0, 2, 1, 1, 3, 0, 1, 0, 0, 0, 0, 0, 1, 0, 1, 0, 0, 3, 1, 0, 0, 0, 3, 1, 0, 2, 0, 0, 0, 1, 0, 0, 0, 0, 3, 0, 1, 0, 0, 2, 1, 1, 1, 0, 0, 0, 0, 2, 1, 0, 0, 0, 1, 3, 0, 0, 1, 2, 0, 1, 0, 2, 0, 1, 0, 2, 1, 0, 0, 1, 1, 3, 1, 1, 3, 3, 1, 0, 0, 2, 0, 0, 0, 0, 1, 0, 0, 2, 0, 1, 0, 0, 0, 0, 1, 1, 0, 2, 0, 0],765.9990607008382,57213.806194498815,96238.34283731865,false
9,G2_TEC,G2_TEC,[31, 22, 82, 15, 26, 9, 95, 42, 77, 68, 47, 5, 93, 78, 86, 54, 85, 63, 18, 44, 20, 49, 36, 14, 74, 50, 53, 17, 21, 45, 71, 64, 3, 23, 30, 83, 24, 41, 60, 52, 65, 27, 90, 70, 39, 87, 48, 69, 99, 4, 46, 1, 13, 58, 97, 59, 28, 8, 73, 37, 35, 79, 11, 66, 76, 57, 40, 80, 96, 6, 16, 61, 33, 98, 32, 81, 62, 67, 10, 7, 56, 88, 51, 19, 91, 38, 75, 92, 25, 84, 2, 55, 43, 29, 34, 0, 12, 94, 89, 72]|[2, 1, 2, 1, 1, 2, 1, 1, 1, 1, 1, 0, 2, 2, 1, 2, 0, 0, 0, 2, 2, 1, 0, 2, 0, 2, 2, 1, 0, 1, 1, 1, 0, 0, 1, 0, 2, 1, 2, 2, 0, 0, 1, 1, 0, 2, 0, 2, 1, 0, 0, 2, 2, 0, 2, 0, 2, 1, 0, 0, 2, 1, 0, 2, 2, 0, 2, 2, 0, 1, 2, 1, 1, 0, 0, 1, 1, 1, 1, 2, 2, 1, 1, 1, 1, 0, 0, 0, 1, 0, 2, 0, 1, 1, 1, 0, 1, 1, 1, 1]|[0, 3, 0, 2, 4, 1, 4, 4, 2, 4, 3, 2, 1, 0, 2, 1, 1, 1, 2, 1, 1, 3, 0, 1, 0, 1, 1, 4, 1, 4, 3, 2, 2, 0, 4, 1, 1, 4, 0, 1, 2, 1, 4, 4, 1, 1, 0, 2, 3, 1, 2, 1, 2, 1, 1, 2, 0, 3, 0, 2, 2, 3, 1, 0, 1, 0, 0, 1, 2, 4, 1, 3, 4, 2, 2, 4, 3, 3, 3, 1, 1, 4, 3, 4, 3, 2, 2, 2, 4, 2, 1, 2, 4, 3, 1, 2, 3, 4, 4, 4]|[0, 2, 0, 1, 3, 0, 1, 3, 0, 0, 2, 0, 1, 0, 1, 0, 0, 0, 1, 0, 0, 2, 0, 0, 1, 0, 0, 3, 0, 1, 0, 2, 0, 0, 3, 0, 1, 3, 1, 0, 0, 0, 1, 3, 0, 0, 1, 0, 2, 0, 0, 0, 0, 0, 1, 0, 0, 0, 1, 1, 0, 2, 0, 0, 0, 1, 0, 0, 0, 2, 0, 0, 1, 0, 0, 2, 0, 0, 3, 0, 0, 1, 0, 3, 0, 0, 0, 0, 3, 0, 0, 0, 2, 0, 1, 0, 0, 2, 1, 2],863.840939798981,52281.731521347596,112954.27457422629,false
9,G3_TWC,G3_TWC,[31, 22, 82, 15, 26, 9, 95, 42, 77, 12, 47, 5, 93, 78, 86, 54, 85, 63, 18, 44, 20, 35, 43, 97, 91, 76, 10, 30, 21, 45, 71, 64, 1, 23, 17, 83, 24, 14, 60, 36, 6, 57, 40, 88, 65, 56, 79, 94, 67, 68, 46, 75, 38, 58, 19, 32, 81, 41, 27, 62, 87, 90, 99, 59, 11, 16, 72, 73, 69, 39, 37, 84, 3, 92, 25, 55, 28, 29, 51, 7, 33, 61, 98, 48, 89, 50, 66, 96, 80, 53, 8, 34, 4, 2, 52, 49, 0, 70, 74, 13]|[1, 1, 0, 1, 1, 0, 1, 2, 2, 1, 2, 2, 2, 1, 1, 0, 0, 1, 0, 2, 2, 0, 1, 2, 0, 1, 2, 2, 0, 0, 1, 2, 1, 2, 1, 0, 2, 0, 1, 1, 0, 1, 1, 1, 0, 2, 1, 1, 0, 0, 0, 0, 1, 1, 2, 1, 2, 1, 0, 0, 2, 2, 0, 1, 2, 1, 2, 1, 1, 1, 0, 1, 1, 0, 1, 1, 0, 0, 0, 1, 0, 1, 0, 0, 1, 0, 2, 0, 0, 0, 0, 2, 0, 0, 1, 0, 0, 1, 2, 0]|[4, 3, 2, 2, 4, 1, 2, 2, 2, 4, 1, 1, 2, 4, 4, 1, 2, 4, 2, 1, 1, 1, 1, 2, 1, 2, 1, 1, 1, 1, 3, 2, 3, 0, 4, 0, 1, 1, 0, 3, 2, 2, 2, 0, 1, 1, 0, 4, 0, 1, 2, 2, 1, 0, 0, 3, 2, 4, 1, 2, 2, 1, 1, 1, 1, 3, 0, 4, 4, 1, 1, 1, 1, 0, 4, 4, 2, 1, 1, 1, 2, 3, 1, 1, 1, 1, 1, 1, 1, 2, 1, 1, 2, 2, 1, 1, 2, 3, 1, 2]|[0, 2, 1, 1, 3, 0, 1, 0, 0, 0, 0, 0, 1, 0, 1, 0, 0, 3, 1, 0, 0, 0, 3, 1, 0, 2, 0, 0, 0, 1, 0, 0, 0, 0, 3, 0, 1, 0, 0, 2, 1, 1, 1, 0, 0, 0, 0, 2, 1, 0, 0, 0, 1, 3, 0, 0, 1, 2, 0, 1, 0, 0, 0, 1, 0, 2, 1, 0, 2, 1, 0, 3, 1, 1, 3, 3, 1, 0, 0, 2, 1, 0, 0, 0, 1, 0, 0, 0, 0, 1, 0, 0, 1, 0, 1, 1, 0, 0, 0, 0],847.0427978319374,57842.30893966173,93453.7900685962,false
9,G1_CMAX,G1_CMAX,[31, 22, 82, 15, 26, 9, 95, 42, 77, 12, 47, 5, 93, 78, 86, 54, 6, 63, 18, 44, 20, 35, 43, 97, 91, 76, 10, 30, 21, 45, 64, 1, 23, 17, 83, 24, 14, 60, 36, 13, 75, 46, 68, 67, 69, 79, 56, 65, 88, 40, 57, 85, 58, 19, 32, 81, 48, 27, 62, 87, 90, 99, 59, 11, 16, 72, 73, 71, 70, 39, 37, 84, 3, 98, 29, 28, 55, 25, 92, 7, 33, 61, 53, 41, 89, 50, 8, 96, 51, 80, 34, 4, 66, 2, 52, 49, 0, 94, 74, 38]|[1, 1, 0, 1, 1, 0, 1, 2, 2, 1, 2, 2, 2, 1, 1, 0, 0, 1, 0, 2, 2, 0, 1, 2, 0, 1, 2, 2, 0, 0, 2, 1, 2, 1, 0, 2, 2, 1, 1, 0, 0, 0, 0, 0, 2, 1, 2, 0, 1, 1, 1, 0, 1, 2, 1, 2, 1, 0, 0, 2, 1, 0, 1, 2, 1, 2, 1, 1, 1, 1, 1, 1, 1, 0, 0, 0, 1, 1, 0, 1, 0, 1, 0, 1, 1, 0, 1, 0, 0, 0, 2, 1, 2, 0, 1, 0, 0, 2, 2, 1]|[0, 3, 2, 2, 4, 1, 2, 2, 2, 4, 1, 1, 2, 4, 4, 1, 2, 4, 2, 1, 1, 1, 1, 2, 1, 2, 1, 1, 1, 1, 2, 3, 0, 4, 0, 1, 2, 0, 3, 2, 2, 2, 1, 0, 2, 0, 1, 1, 0, 2, 2, 2, 0, 0, 3, 2, 4, 1, 2, 2, 3, 1, 1, 1, 3, 0, 4, 3, 3, 1, 4, 1, 1, 1, 1, 2, 4, 4, 0, 1, 2, 3, 2, 4, 1, 1, 3, 1, 1, 1, 1, 4, 1, 2, 1, 1, 2, 2, 1, 1]|[0, 2, 1, 1, 3, 0, 1, 0, 0, 0, 0, 0, 1, 0, 1, 0, 1, 3, 1, 0, 0, 0, 3, 1, 0, 2, 0, 0, 0, 1, 0, 0, 0, 3, 0, 1, 1, 0, 2, 0, 0, 0, 0, 1, 0, 0, 0, 0, 0, 1, 1, 0, 3, 0, 0, 1, 2, 0, 1, 0, 2, 0, 1, 0, 2, 1, 0, 0, 0, 1, 1, 3, 1, 0, 0, 1, 3, 3, 1, 2, 1, 0, 1, 3, 1, 0, 2, 0, 0, 0, 0, 0, 0, 0, 1, 1, 0, 0, 0, 1],740.6648699319737,58345.503832923176,99227.13002615936,false
9,G4_BALANCED,G4_BALANCED,[31, 22, 82, 15, 26, 58, 95, 42, 77, 12, 47, 5, 93, 78, 86, 54, 85, 63, 18, 44, 20, 35, 43, 97, 91, 76, 10, 30, 21, 45, 71, 64, 1, 23, 17, 83, 24, 14, 60, 36, 6, 57, 40, 88, 65, 56, 79, 94, 67, 68, 46, 75, 38, 9, 19, 32, 81, 41, 27, 62, 87, 90, 99, 59, 11, 16, 72, 73, 70, 39, 37, 84, 3, 92, 25, 55, 28, 29, 51, 7, 66, 61, 98, 48, 89, 50, 96, 8, 80, 53, 34, 4, 33, 2, 52, 49, 0, 69, 74, 13]|[1, 1, 0, 1, 1, 0, 1, 2, 2, 1, 2, 2, 2, 1, 1, 0, 0, 1, 0, 2, 2, 0, 1, 2, 0, 1, 2, 2, 0, 0, 1, 2, 1, 2, 1, 0, 2, 0, 1, 1, 0, 1, 1, 1, 0, 2, 1, 1, 0, 0, 0, 0, 1, 1, 2, 1, 2, 1, 0, 0, 2, 1, 0, 1, 2, 1, 2, 1, 1, 1, 1, 1, 1, 0, 1, 1, 0, 0, 0, 1, 2, 1, 2, 0, 1, 0, 0, 1, 0, 0, 2, 1, 2, 0, 1, 0, 0, 1, 2, 0]|[4, 3, 2, 2, 4, 1, 2, 2, 2, 4, 1, 1, 2, 4, 4, 1, 2, 4, 2, 1, 1, 1, 1, 2, 1, 2, 1, 1, 1, 1, 3, 2, 3, 1, 4, 0, 1, 1, 0, 3, 2, 2, 2, 0, 1, 1, 0, 4, 0, 1, 2, 2, 1, 0, 0, 3, 2, 4, 1, 2, 2, 3, 1, 1, 1, 3, 0, 4, 3, 1, 4, 1, 1, 0, 4, 4, 2, 1, 1, 1, 1, 3, 1, 1, 1, 1, 1, 3, 1, 2, 1, 4, 1, 2, 1, 1, 2, 4, 1, 2]|[0, 2, 1, 1, 3, 0, 1, 0, 0, 0, 0, 0, 1, 0, 1, 0, 0, 3, 1, 0, 0, 0, 3, 1, 0, 2, 0, 0, 0, 1, 0, 0, 0, 0, 3, 0, 1, 0, 0, 2, 1, 1, 1, 0, 0, 0, 0, 2, 1, 0, 0, 0, 1, 3, 0, 0, 1, 2, 0, 1, 0, 2, 0, 1, 0, 2, 1, 0, 0, 1, 1, 3, 1, 1, 3, 3, 1, 0, 0, 2, 0, 0, 0, 0, 1, 0, 0, 2, 0, 1, 0, 0, 0, 0, 1, 1, 0, 2, 0, 0],765.9990607008382,57213.806194498815,96238.34283731865,false
9,G2_TEC,G2_TEC,[31, 22, 82, 15, 26, 9, 95, 42, 77, 68, 47, 5, 93, 78, 86, 54, 85, 63, 18, 44, 20, 49, 36, 14, 74, 50, 53, 17, 21, 45, 71, 64, 3, 23, 30, 83, 24, 41, 60, 52, 65, 27, 90, 70, 39, 87, 48, 69, 99, 4, 46, 1, 13, 58, 97, 59, 28, 8, 73, 37, 35, 79, 11, 66, 76, 57, 40, 80, 96, 6, 16, 61, 33, 98, 32, 81, 62, 67, 10, 7, 56, 88, 51, 19, 91, 38, 75, 92, 25, 84, 2, 55, 43, 29, 34, 0, 12, 94, 89, 72]|[2, 1, 2, 1, 1, 2, 1, 1, 1, 1, 1, 0, 2, 2, 1, 2, 0, 0, 0, 2, 2, 1, 0, 2, 0, 2, 2, 1, 0, 1, 1, 1, 0, 0, 1, 0, 2, 1, 2, 2, 0, 0, 1, 1, 0, 2, 0, 2, 1, 0, 0, 2, 2, 0, 2, 0, 2, 1, 0, 0, 2, 1, 0, 2, 2, 0, 2, 2, 0, 1, 2, 1, 1, 0, 0, 1, 1, 1, 1, 2, 2, 1, 1, 1, 1, 0, 0, 0, 1, 0, 2, 0, 1, 1, 1, 0, 1, 1, 1, 1]|[0, 3, 0, 2, 4, 1, 4, 4, 2, 4, 3, 2, 1, 0, 2, 1, 1, 1, 2, 1, 1, 3, 0, 1, 0, 1, 1, 4, 1, 4, 3, 2, 2, 0, 4, 1, 1, 4, 0, 1, 2, 1, 4, 4, 1, 1, 0, 2, 3, 1, 2, 1, 2, 1, 1, 2, 0, 3, 0, 2, 2, 3, 1, 0, 1, 0, 0, 1, 2, 4, 1, 3, 4, 2, 2, 4, 3, 3, 3, 1, 1, 4, 3, 4, 3, 2, 2, 2, 4, 2, 1, 2, 4, 3, 1, 2, 3, 4, 4, 4]|[0, 2, 0, 1, 3, 0, 1, 3, 0, 0, 2, 0, 1, 0, 1, 0, 0, 0, 1, 0, 0, 2, 0, 0, 1, 0, 0, 3, 0, 1, 0, 2, 0, 0, 3, 0, 1, 3, 1, 0, 0, 0, 1, 3, 0, 0, 1, 0, 2, 0, 0, 0, 0, 0, 1, 0, 0, 0, 1, 1, 0, 2, 0, 0, 0, 1, 0, 0, 0, 2, 0, 0, 1, 0, 0, 2, 0, 0, 3, 0, 0, 1, 0, 3, 0, 0, 0, 0, 3, 0, 0, 0, 2, 0, 1, 0, 0, 2, 1, 2],863.840939798981,52281.731521347596,112954.27457422629,false
9,G3_TWC,G3_TWC,[31, 22, 82, 15, 26, 9, 95, 42, 77, 12, 47, 5, 93, 78, 86, 54, 85, 63, 18, 44, 20, 35, 43, 97, 91, 76, 10, 30, 21, 45, 71, 64, 1, 23, 17, 83, 24, 14, 60, 36, 6, 57, 40, 88, 65, 56, 79, 94, 67, 68, 46, 75, 38, 58, 19, 32, 81, 41, 27, 62, 87, 90, 99, 59, 11, 16, 72, 73, 69, 39, 37, 84, 3, 92, 25, 55, 28, 29, 51, 7, 33, 61, 98, 48, 89, 50, 66, 96, 80, 53, 8, 34, 4, 2, 52, 49, 0, 70, 74, 13]|[1, 1, 0, 1, 1, 0, 1, 2, 2, 1, 2, 2, 2, 1, 1, 0, 0, 1, 0, 2, 2, 0, 1, 2, 0, 1, 2, 2, 0, 0, 1, 2, 1, 2, 1, 0, 2, 0, 1, 1, 0, 1, 1, 1, 0, 2, 1, 1, 0, 0, 0, 0, 1, 1, 2, 1, 2, 1, 0, 0, 2, 2, 0, 1, 2, 1, 2, 1, 1, 1, 0, 1, 1, 0, 1, 1, 0, 0, 0, 1, 0, 1, 0, 0, 1, 0, 2, 0, 0, 0, 0, 2, 0, 0, 1, 0, 0, 1, 2, 0]|[4, 3, 2, 2, 4, 1, 2, 2, 2, 4, 1, 1, 2, 4, 4, 1, 2, 4, 2, 1, 1, 1, 1, 2, 1, 2, 1, 1, 1, 1, 3, 2, 3, 0, 4, 0, 1, 1, 0, 3, 2, 2, 2, 0, 1, 1, 0, 4, 0, 1, 2, 2, 1, 0, 0, 3, 2, 4, 1, 2, 2, 1, 1, 1, 1, 3, 0, 4, 4, 1, 1, 1, 1, 0, 4, 4, 2, 1, 1, 1, 2, 3, 1, 1, 1, 1, 1, 1, 1, 2, 1, 1, 2, 2, 1, 1, 2, 3, 1, 2]|[0, 2, 1, 1, 3, 0, 1, 0, 0, 0, 0, 0, 1, 0, 1, 0, 0, 3, 1, 0, 0, 0, 3, 1, 0, 2, 0, 0, 0, 1, 0, 0, 0, 0, 3, 0, 1, 0, 0, 2, 1, 1, 1, 0, 0, 0, 0, 2, 1, 0, 0, 0, 1, 3, 0, 0, 1, 2, 0, 1, 0, 0, 0, 1, 0, 2, 1, 0, 2, 1, 0, 3, 1, 1, 3, 3, 1, 0, 0, 2, 1, 0, 0, 0, 1, 0, 0, 0, 0, 1, 0, 0, 1, 0, 1, 1, 0, 0, 0, 0],847.0427978319374,57842.30893966173,93453.7900685962,false
9,G1_CMAX,G1_CMAX,[31, 22, 82, 15, 26, 9, 95, 42, 77, 12, 47, 5, 93, 78, 86, 54, 6, 63, 18, 44, 20, 35, 43, 97, 91, 76, 10, 30, 21, 45, 64, 1, 23, 17, 83, 24, 14, 60, 36, 13, 75, 46, 68, 67, 69, 79, 56, 65, 88, 40, 57, 85, 58, 19, 32, 81, 48, 27, 62, 87, 90, 99, 59, 11, 16, 72, 73, 71, 70, 39, 37, 84, 3, 98, 29, 28, 55, 25, 92, 7, 33, 61, 53, 41, 89, 50, 8, 96, 51, 80, 34, 4, 66, 2, 52, 49, 0, 94, 74, 38]|[1, 1, 0, 1, 1, 0, 1, 2, 2, 1, 2, 2, 2, 1, 1, 0, 0, 1, 0, 2, 2, 0, 1, 2, 0, 1, 2, 2, 0, 0, 2, 1, 2, 1, 0, 2, 2, 1, 1, 0, 0, 0, 0, 0, 2, 1, 2, 0, 1, 1, 1, 0, 1, 2, 1, 2, 1, 0, 0, 2, 1, 0, 1, 2, 1, 2, 1, 1, 1, 1, 1, 1, 1, 0, 0, 0, 1, 1, 0, 1, 0, 1, 0, 1, 1, 0, 1, 0, 0, 0, 2, 1, 2, 0, 1, 0, 0, 2, 2, 1]|[0, 3, 2, 2, 4, 1, 2, 2, 2, 4, 1, 1, 2, 4, 4, 1, 2, 4, 2, 1, 1, 1, 1, 2, 1, 2, 1, 1, 1, 1, 2, 3, 0, 4, 0, 1, 2, 0, 3, 2, 2, 2, 1, 0, 2, 0, 1, 1, 0, 2, 2, 2, 0, 0, 3, 2, 4, 1, 2, 2, 3, 1, 1, 1, 3, 0, 4, 3, 3, 1, 4, 1, 1, 1, 1, 2, 4, 4, 0, 1, 2, 3, 2, 4, 1, 1, 3, 1, 1, 1, 1, 4, 1, 2, 1, 1, 2, 2, 1, 1]|[0, 2, 1, 1, 3, 0, 1, 0, 0, 0, 0, 0, 1, 0, 1, 0, 1, 3, 1, 0, 0, 0, 3, 1, 0, 2, 0, 0, 0, 1, 0, 0, 0, 3, 0, 1, 1, 0, 2, 0, 0, 0, 0, 1, 0, 0, 0, 0, 0, 1, 1, 0, 3, 0, 0, 1, 2, 0, 1, 0, 2, 0, 1, 0, 2, 1, 0, 0, 0, 1, 1, 3, 1, 0, 0, 1, 3, 3, 1, 2, 1, 0, 1, 3, 1, 0, 2, 0, 0, 0, 0, 0, 0, 0, 1, 1, 0, 0, 0, 1],740.6648699319737,58345.503832923176,99227.13002615936,false
9,G4_BALANCED,G4_BALANCED,[31, 22, 82, 15, 26, 58, 95, 42, 77, 12, 47, 5, 93, 78, 86, 54, 85, 63, 18, 44, 20, 35, 43, 97, 91, 76, 10, 30, 21, 45, 71, 64, 1, 23, 17, 83, 24, 14, 60, 36, 6, 57, 40, 88, 65, 56, 79, 94, 67, 68, 46, 75, 38, 9, 19, 32, 81, 41, 27, 62, 87, 90, 99, 59, 11, 16, 72, 73, 70, 39, 37, 84, 3, 92, 25, 55, 28, 29, 51, 7, 66, 61, 98, 48, 89, 50, 96, 8, 80, 53, 34, 4, 33, 2, 52, 49, 0, 69, 74, 13]|[1, 1, 0, 1, 1, 0, 1, 2, 2, 1, 2, 2, 2, 1, 1, 0, 0, 1, 0, 2, 2, 0, 1, 2, 0, 1, 2, 2, 0, 0, 1, 2, 1, 2, 1, 0, 2, 0, 1, 1, 0, 1, 1, 1, 0, 2, 1, 1, 0, 0, 0, 0, 1, 1, 2, 1, 2, 1, 0, 0, 2, 1, 0, 1, 2, 1, 2, 1, 1, 1, 1, 1, 1, 0, 1, 1, 0, 0, 0, 1, 2, 1, 2, 0, 1, 0, 0, 1, 0, 0, 2, 1, 2, 0, 1, 0, 0, 1, 2, 0]|[4, 3, 2, 2, 4, 1, 2, 2, 2, 4, 1, 1, 2, 4, 4, 1, 2, 4, 2, 1, 1, 1, 1, 2, 1, 2, 1, 1, 1, 1, 3, 2, 3, 1, 4, 0, 1, 1, 0, 3, 2, 2, 2, 0, 1, 1, 0, 4, 0, 1, 2, 2, 1, 0, 0, 3, 2, 4, 1, 2, 2, 3, 1, 1, 1, 3, 0, 4, 3, 1, 4, 1, 1, 0, 4, 4, 2, 1, 1, 1, 1, 3, 1, 1, 1, 1, 1, 3, 1, 2, 1, 4, 1, 2, 1, 1, 2, 4, 1, 2]|[0, 2, 1, 1, 3, 0, 1, 0, 0, 0, 0, 0, 1, 0, 1, 0, 0, 3, 1, 0, 0, 0, 3, 1, 0, 2, 0, 0, 0, 1, 0, 0, 0, 0, 3, 0, 1, 0, 0, 2, 1, 1, 1, 0, 0, 0, 0, 2, 1, 0, 0, 0, 1, 3, 0, 0, 1, 2, 0, 1, 0, 2, 0, 1, 0, 2, 1, 0, 0, 1, 1, 3, 1, 1, 3, 3, 1, 0, 0, 2, 0, 0, 0, 0, 1, 0, 0, 2, 0, 1, 0, 0, 0, 0, 1, 1, 0, 2, 0, 0],765.9990607008382,57213.806194498815,96238.34283731865,false
9,G2_TEC,G2_TEC,[31, 22, 82, 15, 26, 9, 95, 42, 77, 68, 47, 5, 93, 78, 86, 54, 85, 63, 18, 44, 20, 49, 36, 14, 74, 50, 53, 17, 21, 45, 71, 64, 3, 23, 30, 83, 24, 41, 60, 52, 65, 27, 90, 70, 39, 87, 48, 69, 99, 4, 46, 1, 13, 58, 97, 59, 28, 8, 73, 37, 35, 79, 11, 66, 76, 57, 40, 80, 96, 6, 16, 61, 33, 98, 32, 81, 62, 67, 10, 7, 56, 88, 51, 19, 91, 38, 75, 92, 25, 84, 2, 55, 43, 29, 34, 0, 12, 94, 89, 72]|[2, 1, 2, 1, 1, 2, 1, 1, 1, 1, 1, 0, 2, 2, 1, 2, 0, 0, 0, 2, 2, 1, 0, 2, 0, 2, 2, 1, 0, 1, 1, 1, 0, 0, 1, 0, 2, 1, 2, 2, 0, 0, 1, 1, 0, 2, 0, 2, 1, 0, 0, 2, 2, 0, 2, 0, 2, 1, 0, 0, 2, 1, 0, 2, 2, 0, 2, 2, 0, 1, 2, 1, 1, 0, 0, 1, 1, 1, 1, 2, 2, 1, 1, 1, 1, 0, 0, 0, 1, 0, 2, 0, 1, 1, 1, 0, 1, 1, 1, 1]|[0, 3, 0, 2, 4, 1, 4, 4, 2, 4, 3, 2, 1, 0, 2, 1, 1, 1, 2, 1, 1, 3, 0, 1, 0, 1, 1, 4, 1, 4, 3, 2, 2, 0, 4, 1, 1, 4, 0, 1, 2, 1, 4, 4, 1, 1, 0, 2, 3, 1, 2, 1, 2, 1, 1, 2, 0, 3, 0, 2, 2, 3, 1, 0, 1, 0, 0, 1, 2, 4, 1, 3, 4, 2, 2, 4, 3, 3, 3, 1, 1, 4, 3, 4, 3, 2, 2, 2, 4, 2, 1, 2, 4, 3, 1, 2, 3, 4, 4, 4]|[0, 2, 0, 1, 3, 0, 1, 3, 0, 0, 2, 0, 1, 0, 1, 0, 0, 0, 1, 0, 0, 2, 0, 0, 1, 0, 0, 3, 0, 1, 0, 2, 0, 0, 3, 0, 1, 3, 1, 0, 0, 0, 1, 3, 0, 0, 1, 0, 2, 0, 0, 0, 0, 0, 1, 0, 0, 0, 1, 1, 0, 2, 0, 0, 0, 1, 0, 0, 0, 2, 0, 0, 1, 0, 0, 2, 0, 0, 3, 0, 0, 1, 0, 3, 0, 0, 0, 0, 3, 0, 0, 0, 2, 0, 1, 0, 0, 2, 1, 2],863.840939798981,52281.731521347596,112954.27457422629,false
9,G3_TWC,G3_TWC,[31, 22, 82, 15, 26, 9, 95, 42, 77, 12, 47, 5, 93, 78, 86, 54, 85, 63, 18, 44, 20, 35, 43, 97, 91, 76, 10, 30, 21, 45, 71, 64, 1, 23, 17, 83, 24, 14, 60, 36, 6, 57, 40, 88, 65, 56, 79, 94, 67, 68, 46, 75, 38, 58, 19, 32, 81, 41, 27, 62, 87, 90, 99, 59, 11, 16, 72, 73, 69, 39, 37, 84, 3, 92, 25, 55, 28, 29, 51, 7, 33, 61, 98, 48, 89, 50, 66, 96, 80, 53, 8, 34, 4, 2, 52, 49, 0, 70, 74, 13]|[1, 1, 0, 1, 1, 0, 1, 2, 2, 1, 2, 2, 2, 1, 1, 0, 0, 1, 0, 2, 2, 0, 1, 2, 0, 1, 2, 2, 0, 0, 1, 2, 1, 2, 1, 0, 2, 0, 1, 1, 0, 1, 1, 1, 0, 2, 1, 1, 0, 0, 0, 0, 1, 1, 2, 1, 2, 1, 0, 0, 2, 2, 0, 1, 2, 1, 2, 1, 1, 1, 0, 1, 1, 0, 1, 1, 0, 0, 0, 1, 0, 1, 0, 0, 1, 0, 2, 0, 0, 0, 0, 2, 0, 0, 1, 0, 0, 1, 2, 0]|[4, 3, 2, 2, 4, 1, 2, 2, 2, 4, 1, 1, 2, 4, 4, 1, 2, 4, 2, 1, 1, 1, 1, 2, 1, 2, 1, 1, 1, 1, 3, 2, 3, 0, 4, 0, 1, 1, 0, 3, 2, 2, 2, 0, 1, 1, 0, 4, 0, 1, 2, 2, 1, 0, 0, 3, 2, 4, 1, 2, 2, 1, 1, 1, 1, 3, 0, 4, 4, 1, 1, 1, 1, 0, 4, 4, 2, 1, 1, 1, 2, 3, 1, 1, 1, 1, 1, 1, 1, 2, 1, 1, 2, 2, 1, 1, 2, 3, 1, 2]|[0, 2, 1, 1, 3, 0, 1, 0, 0, 0, 0, 0, 1, 0, 1, 0, 0, 3, 1, 0, 0, 0, 3, 1, 0, 2, 0, 0, 0, 1, 0, 0, 0, 0, 3, 0, 1, 0, 0, 2, 1, 1, 1, 0, 0, 0, 0, 2, 1, 0, 0, 0, 1, 3, 0, 0, 1, 2, 0, 1, 0, 0, 0, 1, 0, 2, 1, 0, 2, 1, 0, 3, 1, 1, 3, 3, 1, 0, 0, 2, 1, 0, 0, 0, 1, 0, 0, 0, 0, 1, 0, 0, 1, 0, 1, 1, 0, 0, 0, 0],847.0427978319374,57842.30893966173,93453.7900685962,false
9,G1_CMAX,G1_CMAX,[31, 22, 82, 15, 26, 9, 95, 42, 77, 12, 47, 5, 93, 78, 86, 54, 6, 63, 18, 44, 20, 35, 43, 97, 91, 76, 10, 30, 21, 45, 64, 1, 23, 17, 83, 24, 14, 60, 36, 13, 75, 46, 68, 67, 69, 79, 56, 65, 88, 40, 57, 85, 58, 19, 32, 81, 48, 27, 62, 87, 90, 99, 59, 11, 16, 72, 73, 71, 70, 39, 37, 84, 3, 98, 29, 28, 55, 25, 92, 7, 33, 61, 53, 41, 89, 50, 8, 96, 51, 80, 34, 4, 66, 2, 52, 49, 0, 94, 74, 38]|[1, 1, 0, 1, 1, 0, 1, 2, 2, 1, 2, 2, 2, 1, 1, 0, 0, 1, 0, 2, 2, 0, 1, 2, 0, 1, 2, 2, 0, 0, 2, 1, 2, 1, 0, 2, 2, 1, 1, 0, 0, 0, 0, 0, 2, 1, 2, 0, 1, 1, 1, 0, 1, 2, 1, 2, 1, 0, 0, 2, 1, 0, 1, 2, 1, 2, 1, 1, 1, 1, 1, 1, 1, 0, 0, 0, 1, 1, 0, 1, 0, 1, 0, 1, 1, 0, 1, 0, 0, 0, 2, 1, 2, 0, 1, 0, 0, 2, 2, 1]|[0, 3, 2, 2, 4, 1, 2, 2, 2, 4, 1, 1, 2, 4, 4, 1, 2, 4, 2, 1, 1, 1, 1, 2, 1, 2, 1, 1, 1, 1, 2, 3, 0, 4, 0, 1, 2, 0, 3, 2, 2, 2, 1, 0, 2, 0, 1, 1, 0, 2, 2, 2, 0, 0, 3, 2, 4, 1, 2, 2, 3, 1, 1, 1, 3, 0, 4, 3, 3, 1, 4, 1, 1, 1, 1, 2, 4, 4, 0, 1, 2, 3, 2, 4, 1, 1, 3, 1, 1, 1, 1, 4, 1, 2, 1, 1, 2, 2, 1, 1]|[0, 2, 1, 1, 3, 0, 1, 0, 0, 0, 0, 0, 1, 0, 1, 0, 1, 3, 1, 0, 0, 0, 3, 1, 0, 2, 0, 0, 0, 1, 0, 0, 0, 3, 0, 1, 1, 0, 2, 0, 0, 0, 0, 1, 0, 0, 0, 0, 0, 1, 1, 0, 3, 0, 0, 1, 2, 0, 1, 0, 2, 0, 1, 0, 2, 1, 0, 0, 0, 1, 1, 3, 1, 0, 0, 1, 3, 3, 1, 2, 1, 0, 1, 3, 1, 0, 2, 0, 0, 0, 0, 0, 0, 0, 1, 1, 0, 0, 0, 1],740.6648699319737,58345.503832923176,99227.13002615936,false
9,G4_BALANCED,G4_BALANCED,[31, 22, 82, 15, 26, 58, 95, 42, 77, 12, 47, 5, 93, 78, 86, 54, 85, 63, 18, 44, 20, 35, 43, 97, 91, 76, 10, 30, 21, 45, 71, 64, 1, 23, 17, 83, 24, 14, 60, 36, 6, 57, 40, 88, 65, 56, 79, 94, 67, 68, 46, 75, 38, 9, 19, 32, 81, 41, 27, 62, 87, 90, 99, 59, 11, 16, 72, 73, 70, 39, 37, 84, 3, 92, 25, 55, 28, 29, 51, 7, 66, 61, 98, 48, 89, 50, 96, 8, 80, 53, 34, 4, 33, 2, 52, 49, 0, 69, 74, 13]|[1, 1, 0, 1, 1, 0, 1, 2, 2, 1, 2, 2, 2, 1, 1, 0, 0, 1, 0, 2, 2, 0, 1, 2, 0, 1, 2, 2, 0, 0, 1, 2, 1, 2, 1, 0, 2, 0, 1, 1, 0, 1, 1, 1, 0, 2, 1, 1, 0, 0, 0, 0, 1, 1, 2, 1, 2, 1, 0, 0, 2, 1, 0, 1, 2, 1, 2, 1, 1, 1, 1, 1, 1, 0, 1, 1, 0, 0, 0, 1, 2, 1, 2, 0, 1, 0, 0, 1, 0, 0, 2, 1, 2, 0, 1, 0, 0, 1, 2, 0]|[4, 3, 2, 2, 4, 1, 2, 2, 2, 4, 1, 1, 2, 4, 4, 1, 2, 4, 2, 1, 1, 1, 1, 2, 1, 2, 1, 1, 1, 1, 3, 2, 3, 1, 4, 0, 1, 1, 0, 3, 2, 2, 2, 0, 1, 1, 0, 4, 0, 1, 2, 2, 1, 0, 0, 3, 2, 4, 1, 2, 2, 3, 1, 1, 1, 3, 0, 4, 3, 1, 4, 1, 1, 0, 4, 4, 2, 1, 1, 1, 1, 3, 1, 1, 1, 1, 1, 3, 1, 2, 1, 4, 1, 2, 1, 1, 2, 4, 1, 2]|[0, 2, 1, 1, 3, 0, 1, 0, 0, 0, 0, 0, 1, 0, 1, 0, 0, 3, 1, 0, 0, 0, 3, 1, 0, 2, 0, 0, 0, 1, 0, 0, 0, 0, 3, 0, 1, 0, 0, 2, 1, 1, 1, 0, 0, 0, 0, 2, 1, 0, 0, 0, 1, 3, 0, 0, 1, 2, 0, 1, 0, 2, 0, 1, 0, 2, 1, 0, 0, 1, 1, 3, 1, 1, 3, 3, 1, 0, 0, 2, 0, 0, 0, 0, 1, 0, 0, 2, 0, 1, 0, 0, 0, 0, 1, 1, 0, 2, 0, 0],765.9990607008382,57213.806194498815,96238.34283731865,false
9,G2_TEC,G2_TEC,[31, 22, 82, 15, 26, 9, 95, 42, 77, 68, 47, 5, 93, 78, 86, 54, 85, 63, 18, 44, 20, 49, 36, 14, 74, 50, 53, 17, 21, 45, 71, 64, 3, 23, 30, 83, 24, 41, 60, 52, 65, 27, 90, 70, 39, 87, 48, 69, 99, 4, 46, 1, 13, 58, 97, 59, 28, 8, 73, 37, 35, 79, 11, 66, 76, 57, 40, 80, 96, 6, 16, 61, 33, 98, 32, 81, 62, 67, 10, 7, 56, 88, 51, 19, 91, 38, 75, 92, 25, 84, 2, 55, 43, 29, 34, 0, 12, 94, 89, 72]|[2, 1, 2, 1, 1, 2, 1, 1, 1, 1, 1, 0, 2, 2, 1, 2, 0, 0, 0, 2, 2, 1, 0, 2, 0, 2, 2, 1, 0, 1, 1, 1, 0, 0, 1, 0, 2, 1, 2, 2, 0, 0, 1, 1, 0, 2, 0, 2, 1, 0, 0, 2, 2, 0, 2, 0, 2, 1, 0, 0, 2, 1, 0, 2, 2, 0, 2, 2, 0, 1, 2, 1, 1, 0, 0, 1, 1, 1, 1, 2, 2, 1, 1, 1, 1, 0, 0, 0, 1, 0, 2, 0, 1, 1, 1, 0, 1, 1, 1, 1]|[0, 3, 0, 2, 4, 1, 4, 4, 2, 4, 3, 2, 1, 0, 2, 1, 1, 1, 2, 1, 1, 3, 0, 1, 0, 1, 1, 4, 1, 4, 3, 2, 2, 0, 4, 1, 1, 4, 0, 1, 2, 1, 4, 4, 1, 1, 0, 2, 3, 1, 2, 1, 2, 1, 1, 2, 0, 3, 0, 2, 2, 3, 1, 0, 1, 0, 0, 1, 2, 4, 1, 3, 4, 2, 2, 4, 3, 3, 3, 1, 1, 4, 3, 4, 3, 2, 2, 2, 4, 2, 1, 2, 4, 3, 1, 2, 3, 4, 4, 4]|[0, 2, 0, 1, 3, 0, 1, 3, 0, 0, 2, 0, 1, 0, 1, 0, 0, 0, 1, 0, 0, 2, 0, 0, 1, 0, 0, 3, 0, 1, 0, 2, 0, 0, 3, 0, 1, 3, 1, 0, 0, 0, 1, 3, 0, 0, 1, 0, 2, 0, 0, 0, 0, 0, 1, 0, 0, 0, 1, 1, 0, 2, 0, 0, 0, 1, 0, 0, 0, 2, 0, 0, 1, 0, 0, 2, 0, 0, 3, 0, 0, 1, 0, 3, 0, 0, 0, 0, 3, 0, 0, 0, 2, 0, 1, 0, 0, 2, 1, 2],863.840939798981,52281.731521347596,112954.27457422629,false
9,G3_TWC,G4_BALANCED,[31, 22, 82, 15, 26, 58, 95, 42, 77, 12, 47, 5, 93, 78, 86, 54, 85, 63, 18, 44, 20, 35, 43, 97, 91, 76, 10, 30, 21, 45, 71, 64, 1, 23, 17, 83, 24, 14, 60, 36, 6, 57, 40, 88, 65, 56, 79, 94, 67, 68, 46, 75, 38, 9, 19, 32, 81, 41, 27, 62, 87, 90, 99, 59, 11, 16, 72, 73, 70, 39, 37, 84, 3, 92, 25, 55, 28, 29, 51, 7, 66, 61, 98, 48, 89, 50, 53, 96, 80, 33, 8, 4, 34, 2, 52, 49, 0, 69, 74, 13]|[1, 1, 0, 1, 1, 0, 1, 2, 2, 1, 2, 2, 2, 1, 1, 0, 0, 1, 0, 2, 2, 0, 1, 2, 0, 1, 2, 2, 0, 0, 1, 2, 1, 2, 1, 0, 2, 0, 1, 1, 0, 1, 1, 1, 0, 2, 1, 1, 0, 0, 0, 0, 1, 1, 2, 1, 2, 1, 0, 0, 2, 1, 0, 1, 2, 1, 2, 1, 1, 1, 1, 1, 1, 0, 1, 1, 0, 0, 0, 1, 2, 1, 2, 0, 1, 0, 0, 0, 0, 2, 1, 1, 2, 0, 1, 0, 0, 1, 2, 0]|[4, 3, 2, 2, 4, 1, 2, 2, 2, 4, 1, 1, 2, 4, 4, 1, 2, 4, 2, 1, 1, 1, 1, 2, 1, 2, 1, 1, 1, 1, 3, 2, 3, 1, 4, 0, 1, 1, 0, 3, 2, 2, 2, 0, 1, 1, 0, 4, 0, 1, 2, 2, 1, 0, 0, 3, 2, 4, 1, 2, 2, 3, 1, 1, 1, 3, 0, 4, 3, 1, 4, 1, 1, 0, 4, 4, 2, 1, 1, 1, 1, 3, 1, 1, 1, 1, 2, 1, 1, 1, 3, 4, 1, 2, 1, 1, 2, 4, 1, 2]|[0, 2, 1, 1, 3, 0, 1, 0, 0, 0, 0, 0, 1, 0, 1, 0, 0, 3, 1, 0, 0, 0, 3, 1, 0, 2, 0, 0, 0, 1, 0, 0, 0, 0, 3, 0, 1, 0, 0, 2, 1, 1, 1, 0, 0, 0, 0, 2, 1, 0, 0, 0, 1, 3, 0, 0, 1, 2, 0, 1, 0, 2, 0, 1, 0, 2, 1, 0, 0, 1, 1, 3, 1, 1, 3, 3, 1, 0, 0, 2, 0, 0, 0, 0, 1, 0, 1, 0, 0, 0, 2, 0, 0, 0, 1, 1, 0, 2, 0, 0],765.9990607008382,57212.64690506722,96246.54492548452,true
9,G1_CMAX,G1_CMAX,[31, 22, 82, 15, 26, 9, 95, 42, 77, 12, 47, 5, 93, 78, 86, 54, 6, 63, 18, 44, 20, 35, 43, 97, 91, 76, 10, 30, 21, 45, 64, 1, 23, 17, 83, 24, 14, 60, 36, 13, 75, 46, 68, 67, 69, 79, 56, 65, 88, 40, 57, 85, 58, 19, 32, 81, 48, 27, 62, 87, 90, 99, 59, 11, 16, 72, 73, 71, 70, 39, 37, 84, 3, 98, 29, 28, 55, 25, 92, 7, 33, 61, 53, 41, 89, 50, 8, 96, 51, 80, 34, 4, 66, 2, 52, 49, 0, 94, 74, 38]|[1, 1, 0, 1, 1, 0, 1, 2, 2, 1, 2, 2, 2, 1, 1, 0, 0, 1, 0, 2, 2, 0, 1, 2, 0, 1, 2, 2, 0, 0, 2, 1, 2, 1, 0, 2, 2, 1, 1, 0, 0, 0, 0, 0, 2, 1, 2, 0, 1, 1, 1, 0, 1, 2, 1, 2, 1, 0, 0, 2, 1, 0, 1, 2, 1, 2, 1, 1, 1, 1, 1, 1, 1, 0, 0, 0, 1, 1, 0, 1, 0, 1, 0, 1, 1, 0, 1, 0, 0, 0, 2, 1, 2, 0, 1, 0, 0, 2, 2, 1]|[0, 3, 2, 2, 4, 1, 2, 2, 2, 4, 1, 1, 2, 4, 4, 1, 2, 4, 2, 1, 1, 1, 1, 2, 1, 2, 1, 1, 1, 1, 2, 3, 0, 4, 0, 1, 2, 0, 3, 2, 2, 2, 1, 0, 2, 0, 1, 1, 0, 2, 2, 2, 0, 0, 3, 2, 4, 1, 2, 2, 3, 1, 1, 1, 3, 0, 4, 3, 3, 1, 4, 1, 1, 1, 1, 2, 4, 4, 0, 1, 2, 3, 2, 4, 1, 1, 3, 1, 1, 1, 1, 4, 1, 2, 1, 1, 2, 2, 1, 1]|[0, 2, 1, 1, 3, 0, 1, 0, 0, 0, 0, 0, 1, 0, 1, 0, 1, 3, 1, 0, 0, 0, 3, 1, 0, 2, 0, 0, 0, 1, 0, 0, 0, 3, 0, 1, 1, 0, 2, 0, 0, 0, 0, 1, 0, 0, 0, 0, 0, 1, 1, 0, 3, 0, 0, 1, 2, 0, 1, 0, 2, 0, 1, 0, 2, 1, 0, 0, 0, 1, 1, 3, 1, 0, 0, 1, 3, 3, 1, 2, 1, 0, 1, 3, 1, 0, 2, 0, 0, 0, 0, 0, 0, 0, 1, 1, 0, 0, 0, 1],740.6648699319737,58345.503832923176,99227.13002615936,false
9,G4_BALANCED,G4_BALANCED,[31, 22, 82, 15, 26, 58, 95, 42, 77, 12, 47, 5, 93, 78, 86, 54, 85, 63, 18, 44, 20, 35, 43, 97, 91, 76, 10, 30, 21, 45, 71, 64, 1, 23, 17, 83, 24, 14, 60, 36, 6, 57, 40, 88, 65, 56, 79, 94, 67, 68, 46, 75, 38, 9, 19, 32, 81, 41, 27, 62, 87, 90, 99, 59, 11, 16, 72, 73, 70, 39, 37, 84, 3, 92, 25, 55, 28, 29, 51, 7, 66, 61, 98, 48, 89, 50, 96, 8, 80, 53, 34, 4, 33, 2, 52, 49, 0, 69, 74, 13]|[1, 1, 0, 1, 1, 0, 1, 2, 2, 1, 2, 2, 2, 1, 1, 0, 0, 1, 0, 2, 2, 0, 1, 2, 0, 1, 2, 2, 0, 0, 1, 2, 1, 2, 1, 0, 2, 0, 1, 1, 0, 1, 1, 1, 0, 2, 1, 1, 0, 0, 0, 0, 1, 1, 2, 1, 2, 1, 0, 0, 2, 1, 0, 1, 2, 1, 2, 1, 1, 1, 1, 1, 1, 0, 1, 1, 0, 0, 0, 1, 2, 1, 2, 0, 1, 0, 0, 1, 0, 0, 2, 1, 2, 0, 1, 0, 0, 1, 2, 0]|[4, 3, 2, 2, 4, 1, 2, 2, 2, 4, 1, 1, 2, 4, 4, 1, 2, 4, 2, 1, 1, 1, 1, 2, 1, 2, 1, 1, 1, 1, 3, 2, 3, 1, 4, 0, 1, 1, 0, 3, 2, 2, 2, 0, 1, 1, 0, 4, 0, 1, 2, 2, 1, 0, 0, 3, 2, 4, 1, 2, 2, 3, 1, 1, 1, 3, 0, 4, 3, 1, 4, 1, 1, 0, 4, 4, 2, 1, 1, 1, 1, 3, 1, 1, 1, 1, 1, 3, 1, 2, 1, 4, 1, 2, 1, 1, 2, 4, 1, 2]|[0, 2, 1, 1, 3, 0, 1, 0, 0, 0, 0, 0, 1, 0, 1, 0, 0, 3, 1, 0, 0, 0, 3, 1, 0, 2, 0, 0, 0, 1, 0, 0, 0, 0, 3, 0, 1, 0, 0, 2, 1, 1, 1, 0, 0, 0, 0, 2, 1, 0, 0, 0, 1, 3, 0, 0, 1, 2, 0, 1, 0, 2, 0, 1, 0, 2, 1, 0, 0, 1, 1, 3, 1, 1, 3, 3, 1, 0, 0, 2, 0, 0, 0, 0, 1, 0, 0, 2, 0, 1, 0, 0, 0, 0, 1, 1, 0, 2, 0, 0],765.9990607008382,57213.806194498815,96238.34283731865,false
9,G2_TEC,G2_TEC,[31, 22, 82, 15, 26, 9, 95, 42, 77, 68, 47, 5, 93, 78, 86, 54, 85, 63, 18, 44, 20, 49, 36, 14, 74, 50, 53, 17, 21, 45, 71, 64, 3, 23, 30, 83, 24, 41, 60, 52, 65, 27, 90, 70, 39, 87, 48, 69, 99, 4, 46, 1, 13, 58, 97, 59, 28, 8, 73, 37, 35, 79, 11, 66, 76, 57, 40, 80, 96, 6, 16, 61, 33, 98, 32, 81, 62, 67, 10, 7, 56, 88, 51, 19, 91, 38, 75, 92, 25, 84, 2, 55, 43, 29, 34, 0, 12, 94, 89, 72]|[2, 1, 2, 1, 1, 2, 1, 1, 1, 1, 1, 0, 2, 2, 1, 2, 0, 0, 0, 2, 2, 1, 0, 2, 0, 2, 2, 1, 0, 1, 1, 1, 0, 0, 1, 0, 2, 1, 2, 2, 0, 0, 1, 1, 0, 2, 0, 2, 1, 0, 0, 2, 2, 0, 2, 0, 2, 1, 0, 0, 2, 1, 0, 2, 2, 0, 2, 2, 0, 1, 2, 1, 1, 0, 0, 1, 1, 1, 1, 2, 2, 1, 1, 1, 1, 0, 0, 0, 1, 0, 2, 0, 1, 1, 1, 0, 1, 1, 1, 1]|[0, 3, 0, 2, 4, 1, 4, 4, 2, 4, 3, 2, 1, 0, 2, 1, 1, 1, 2, 1, 1, 3, 0, 1, 0, 1, 1, 4, 1, 4, 3, 2, 2, 0, 4, 1, 1, 4, 0, 1, 2, 1, 4, 4, 1, 1, 0, 2, 3, 1, 2, 1, 2, 1, 1, 2, 0, 3, 0, 2, 2, 3, 1, 0, 1, 0, 0, 1, 2, 4, 1, 3, 4, 2, 2, 4, 3, 3, 3, 1, 1, 4, 3, 4, 3, 2, 2, 2, 4, 2, 1, 2, 4, 3, 1, 2, 3, 4, 4, 4]|[0, 2, 0, 1, 3, 0, 1, 3, 0, 0, 2, 0, 1, 0, 1, 0, 0, 0, 1, 0, 0, 2, 0, 0, 1, 0, 0, 3, 0, 1, 0, 2, 0, 0, 3, 0, 1, 3, 1, 0, 0, 0, 1, 3, 0, 0, 1, 0, 2, 0, 0, 0, 0, 0, 1, 0, 0, 0, 1, 1, 0, 2, 0, 0, 0, 1, 0, 0, 0, 2, 0, 0, 1, 0, 0, 2, 0, 0, 3, 0, 0, 1, 0, 3, 0, 0, 0, 0, 3, 0, 0, 0, 2, 0, 1, 0, 0, 2, 1, 2],863.840939798981,52281.731521347596,112954.27457422629,false
9,G3_TWC,G4_BALANCED,[31, 22, 82, 15, 26, 58, 95, 42, 77, 12, 47, 5, 93, 78, 86, 54, 85, 63, 18, 44, 20, 35, 43, 97, 91, 76, 10, 30, 21, 45, 71, 64, 1, 23, 17, 83, 24, 14, 60, 36, 6, 57, 40, 88, 65, 56, 79, 94, 67, 68, 46, 75, 38, 9, 19, 32, 81, 41, 27, 62, 87, 90, 99, 59, 11, 16, 72, 73, 70, 39, 37, 84, 3, 92, 25, 55, 28, 29, 51, 7, 66, 61, 98, 48, 89, 50, 53, 96, 80, 33, 8, 4, 34, 2, 52, 49, 0, 69, 74, 13]|[1, 1, 0, 1, 1, 0, 1, 2, 2, 1, 2, 2, 2, 1, 1, 0, 0, 1, 0, 2, 2, 0, 1, 2, 0, 1, 2, 2, 0, 0, 1, 2, 1, 2, 1, 0, 2, 0, 1, 1, 0, 1, 1, 1, 0, 2, 1, 1, 0, 0, 0, 0, 1, 1, 2, 1, 2, 1, 0, 0, 2, 1, 0, 1, 2, 1, 2, 1, 1, 1, 1, 1, 1, 0, 1, 1, 0, 0, 0, 1, 2, 1, 2, 0, 1, 0, 0, 0, 0, 2, 1, 1, 2, 0, 1, 0, 0, 1, 2, 0]|[4, 3, 2, 2, 4, 1, 2, 2, 2, 4, 1, 1, 2, 4, 4, 1, 2, 4, 2, 1, 1, 1, 1, 2, 1, 2, 1, 1, 1, 1, 3, 2, 3, 1, 4, 0, 1, 1, 0, 3, 2, 2, 2, 0, 1, 1, 0, 4, 0, 1, 2, 2, 1, 0, 0, 3, 2, 4, 1, 2, 2, 3, 1, 1, 1, 3, 0, 4, 3, 1, 4, 1, 1, 0, 4, 4, 2, 1, 1, 1, 1, 3, 1, 1, 1, 1, 2, 1, 1, 1, 3, 4, 1, 2, 1, 1, 2, 4, 1, 2]|[0, 2, 1, 1, 3, 0, 1, 0, 0, 0, 0, 0, 1, 0, 1, 0, 0, 3, 1, 0, 0, 0, 3, 1, 0, 2, 0, 0, 0, 1, 0, 0, 0, 0, 3, 0, 1, 0, 0, 2, 1, 1, 1, 0, 0, 0, 0, 2, 1, 0, 0, 0, 1, 3, 0, 0, 1, 2, 0, 1, 0, 2, 0, 1, 0, 2, 1, 0, 0, 1, 1, 3, 1, 1, 3, 3, 1, 0, 0, 2, 0, 0, 0, 0, 1, 0, 1, 0, 0, 0, 2, 0, 0, 0, 1, 1, 0, 2, 0, 0],765.9990607008382,57212.64690506722,96246.54492548452,true
9,G1_CMAX,G1_CMAX,[31, 22, 82, 15, 26, 9, 95, 42, 77, 12, 47, 5, 93, 78, 86, 54, 6, 63, 18, 44, 20, 35, 43, 97, 91, 76, 10, 30, 21, 45, 64, 1, 23, 17, 83, 24, 14, 60, 36, 13, 75, 46, 68, 67, 69, 79, 56, 65, 88, 40, 57, 85, 58, 19, 32, 81, 48, 27, 62, 87, 90, 99, 59, 11, 16, 72, 73, 71, 70, 39, 37, 84, 3, 98, 29, 28, 55, 25, 92, 7, 33, 61, 53, 41, 89, 50, 8, 96, 51, 80, 34, 4, 66, 2, 52, 49, 0, 94, 74, 38]|[1, 1, 0, 1, 1, 0, 1, 2, 2, 1, 2, 2, 2, 1, 1, 0, 0, 1, 0, 2, 2, 0, 1, 2, 0, 1, 2, 2, 0, 0, 2, 1, 2, 1, 0, 2, 2, 1, 1, 0, 0, 0, 0, 0, 2, 1, 2, 0, 1, 1, 1, 0, 1, 2, 1, 2, 1, 0, 0, 2, 1, 0, 1, 2, 1, 2, 1, 1, 1, 1, 1, 1, 1, 0, 0, 0, 1, 1, 0, 1, 0, 1, 0, 1, 1, 0, 1, 0, 0, 0, 2, 1, 2, 0, 1, 0, 0, 2, 2, 1]|[0, 3, 2, 2, 4, 1, 2, 2, 2, 4, 1, 1, 2, 4, 4, 1, 2, 4, 2, 1, 1, 1, 1, 2, 1, 2, 1, 1, 1, 1, 2, 3, 0, 4, 0, 1, 2, 0, 3, 2, 2, 2, 1, 0, 2, 0, 1, 1, 0, 2, 2, 2, 0, 0, 3, 2, 4, 1, 2, 2, 3, 1, 1, 1, 3, 0, 4, 3, 3, 1, 4, 1, 1, 1, 1, 2, 4, 4, 0, 1, 2, 3, 2, 4, 1, 1, 3, 1, 1, 1, 1, 4, 1, 2, 1, 1, 2, 2, 1, 1]|[0, 2, 1, 1, 3, 0, 1, 0, 0, 0, 0, 0, 1, 0, 1, 0, 1, 3, 1, 0, 0, 0, 3, 1, 0, 2, 0, 0, 0, 1, 0, 0, 0, 3, 0, 1, 1, 0, 2, 0, 0, 0, 0, 1, 0, 0, 0, 0, 0, 1, 1, 0, 3, 0, 0, 1, 2, 0, 1, 0, 2, 0, 1, 0, 2, 1, 0, 0, 0, 1, 1, 3, 1, 0, 0, 1, 3, 3, 1, 2, 1, 0, 1, 3, 1, 0, 2, 0, 0, 0, 0, 0, 0, 0, 1, 1, 0, 0, 0, 1],740.6648699319737,58345.503832923176,99227.13002615936,false
9,G4_BALANCED,G4_BALANCED,[31, 22, 82, 15, 26, 58, 95, 42, 77, 12, 47, 5, 93, 78, 86, 54, 85, 63, 18, 44, 20, 35, 43, 97, 91, 76, 10, 30, 21, 45, 71, 64, 1, 23, 17, 83, 24, 14, 60, 36, 6, 57, 40, 88, 65, 56, 79, 94, 67, 68, 46, 75, 38, 9, 19, 32, 81, 41, 27, 62, 87, 90, 99, 59, 11, 16, 72, 73, 70, 39, 37, 84, 3, 92, 25, 55, 28, 29, 51, 7, 66, 61, 98, 48, 89, 50, 96, 8, 80, 53, 34, 4, 33, 2, 52, 49, 0, 69, 74, 13]|[1, 1, 0, 1, 1, 0, 1, 2, 2, 1, 2, 2, 2, 1, 1, 0, 0, 1, 0, 2, 2, 0, 1, 2, 0, 1, 2, 2, 0, 0, 1, 2, 1, 2, 1, 0, 2, 0, 1, 1, 0, 1, 1, 1, 0, 2, 1, 1, 0, 0, 0, 0, 1, 1, 2, 1, 2, 1, 0, 0, 2, 1, 0, 1, 2, 1, 2, 1, 1, 1, 1, 1, 1, 0, 1, 1, 0, 0, 0, 1, 2, 1, 2, 0, 1, 0, 0, 1, 0, 0, 2, 1, 2, 0, 1, 0, 0, 1, 2, 0]|[4, 3, 2, 2, 4, 1, 2, 2, 2, 4, 1, 1, 2, 4, 4, 1, 2, 4, 2, 1, 1, 1, 1, 2, 1, 2, 1, 1, 1, 1, 3, 2, 3, 1, 4, 0, 1, 1, 0, 3, 2, 2, 2, 0, 1, 1, 0, 4, 0, 1, 2, 2, 1, 0, 0, 3, 2, 4, 1, 2, 2, 3, 1, 1, 1, 3, 0, 4, 3, 1, 4, 1, 1, 0, 4, 4, 2, 1, 1, 1, 1, 3, 1, 1, 1, 1, 1, 3, 1, 2, 1, 4, 1, 2, 1, 1, 2, 4, 1, 2]|[0, 2, 1, 1, 3, 0, 1, 0, 0, 0, 0, 0, 1, 0, 1, 0, 0, 3, 1, 0, 0, 0, 3, 1, 0, 2, 0, 0, 0, 1, 0, 0, 0, 0, 3, 0, 1, 0, 0, 2, 1, 1, 1, 0, 0, 0, 0, 2, 1, 0, 0, 0, 1, 3, 0, 0, 1, 2, 0, 1, 0, 2, 0, 1, 0, 2, 1, 0, 0, 1, 1, 3, 1, 1, 3, 3, 1, 0, 0, 2, 0, 0, 0, 0, 1, 0, 0, 2, 0, 1, 0, 0, 0, 0, 1, 1, 0, 2, 0, 0],765.9990607008382,57213.806194498815,96238.34283731865,false
9,G2_TEC,G2_TEC,[31, 22, 82, 15, 26, 9, 95, 42, 77, 68, 47, 5, 93, 78, 86, 54, 85, 63, 18, 44, 20, 49, 36, 14, 74, 50, 53, 17, 21, 45, 71, 64, 3, 23, 30, 83, 24, 41, 60, 52, 65, 27, 90, 70, 39, 87, 48, 69, 99, 4, 46, 1, 13, 58, 97, 59, 28, 8, 73, 37, 35, 79, 11, 66, 76, 57, 40, 80, 96, 6, 16, 61, 33, 98, 32, 81, 62, 67, 10, 7, 56, 88, 51, 19, 91, 38, 75, 92, 25, 84, 2, 55, 43, 29, 34, 0, 12, 94, 89, 72]|[2, 1, 2, 1, 1, 2, 1, 1, 1, 1, 1, 0, 2, 2, 1, 2, 0, 0, 0, 2, 2, 1, 0, 2, 0, 2, 2, 1, 0, 1, 1, 1, 0, 0, 1, 0, 2, 1, 2, 2, 0, 0, 1, 1, 0, 2, 0, 2, 1, 0, 0, 2, 2, 0, 2, 0, 2, 1, 0, 0, 2, 1, 0, 2, 2, 0, 2, 2, 0, 1, 2, 1, 1, 0, 0, 1, 1, 1, 1, 2, 2, 1, 1, 1, 1, 0, 0, 0, 1, 0, 2, 0, 1, 1, 1, 0, 1, 1, 1, 1]|[0, 3, 0, 2, 4, 1, 4, 4, 2, 4, 3, 2, 1, 0, 2, 1, 1, 1, 2, 1, 1, 3, 0, 1, 0, 1, 1, 4, 1, 4, 3, 2, 2, 0, 4, 1, 1, 4, 0, 1, 2, 1, 4, 4, 1, 1, 0, 2, 3, 1, 2, 1, 2, 1, 1, 2, 0, 3, 0, 2, 2, 3, 1, 0, 1, 0, 0, 1, 2, 4, 1, 3, 4, 2, 2, 4, 3, 3, 3, 1, 1, 4, 3, 4, 3, 2, 2, 2, 4, 2, 1, 2, 4, 3, 1, 2, 3, 4, 4, 4]|[0, 2, 0, 1, 3, 0, 1, 3, 0, 0, 2, 0, 1, 0, 1, 0, 0, 0, 1, 0, 0, 2, 0, 0, 1, 0, 0, 3, 0, 1, 0, 2, 0, 0, 3, 0, 1, 3, 1, 0, 0, 0, 1, 3, 0, 0, 1, 0, 2, 0, 0, 0, 0, 0, 1, 0, 0, 0, 1, 1, 0, 2, 0, 0, 0, 1, 0, 0, 0, 2, 0, 0, 1, 0, 0, 2, 0, 0, 3, 0, 0, 1, 0, 3, 0, 0, 0, 0, 3, 0, 0, 0, 2, 0, 1, 0, 0, 2, 1, 2],863.840939798981,52281.731521347596,112954.27457422629,false
9,G3_TWC,G4_BALANCED,[31, 22, 82, 15, 26, 58, 95, 42, 77, 12, 47, 5, 93, 78, 86, 54, 85, 63, 18, 44, 20, 35, 43, 97, 91, 76, 10, 30, 21, 45, 71, 64, 1, 23, 17, 83, 24, 14, 60, 36, 6, 57, 40, 88, 65, 56, 79, 94, 67, 68, 46, 75, 38, 9, 19, 32, 81, 41, 27, 62, 87, 90, 99, 59, 11, 16, 72, 73, 70, 39, 37, 84, 3, 92, 25, 55, 28, 29, 51, 7, 66, 61, 98, 48, 89, 50, 53, 96, 80, 33, 8, 4, 34, 2, 52, 49, 0, 69, 74, 13]|[1, 1, 0, 1, 1, 0, 1, 2, 2, 1, 2, 2, 2, 1, 1, 0, 0, 1, 0, 2, 2, 0, 1, 2, 0, 1, 2, 2, 0, 0, 1, 2, 1, 2, 1, 0, 2, 0, 1, 1, 0, 1, 1, 1, 0, 2, 1, 1, 0, 0, 0, 0, 1, 1, 2, 1, 2, 1, 0, 0, 2, 1, 0, 1, 2, 1, 2, 1, 1, 1, 1, 1, 1, 0, 1, 1, 0, 0, 0, 1, 2, 1, 2, 0, 1, 0, 0, 0, 0, 2, 1, 1, 2, 0, 1, 0, 0, 1, 2, 0]|[4, 3, 2, 2, 4, 1, 2, 2, 2, 4, 1, 1, 2, 4, 4, 1, 2, 4, 2, 1, 1, 1, 1, 2, 1, 2, 1, 1, 1, 1, 3, 2, 3, 1, 4, 0, 1, 1, 0, 3, 2, 2, 2, 0, 1, 1, 0, 4, 0, 1, 2, 2, 1, 0, 0, 3, 2, 4, 1, 2, 2, 3, 1, 1, 1, 3, 0, 4, 3, 1, 4, 1, 1, 0, 4, 4, 2, 1, 1, 1, 1, 3, 1, 1, 1, 1, 2, 1, 1, 1, 3, 4, 1, 2, 1, 1, 2, 4, 1, 2]|[0, 2, 1, 1, 3, 0, 1, 0, 0, 0, 0, 0, 1, 0, 1, 0, 0, 3, 1, 0, 0, 0, 3, 1, 0, 2, 0, 0, 0, 1, 0, 0, 0, 0, 3, 0, 1, 0, 0, 2, 1, 1, 1, 0, 0, 0, 0, 2, 1, 0, 0, 0, 1, 3, 0, 0, 1, 2, 0, 1, 0, 2, 0, 1, 0, 2, 1, 0, 0, 1, 1, 3, 1, 1, 3, 3, 1, 0, 0, 2, 0, 0, 0, 0, 1, 0, 1, 0, 0, 0, 2, 0, 0, 0, 1, 1, 0, 2, 0, 0],765.9990607008382,57212.64690506722,96246.54492548452,true
9,G1_CMAX,G1_CMAX,[31, 22, 82, 15, 26, 9, 95, 42, 77, 12, 47, 5, 93, 78, 86, 54, 6, 63, 18, 44, 20, 35, 43, 97, 91, 76, 10, 30, 21, 45, 64, 1, 23, 17, 83, 24, 14, 60, 36, 13, 75, 46, 68, 67, 69, 79, 56, 65, 88, 40, 57, 85, 58, 19, 32, 81, 48, 27, 62, 87, 90, 99, 59, 11, 16, 72, 73, 71, 70, 39, 37, 84, 3, 98, 29, 28, 55, 25, 92, 7, 33, 61, 53, 41, 89, 50, 8, 96, 51, 80, 34, 4, 66, 2, 52, 49, 0, 94, 74, 38]|[1, 1, 0, 1, 1, 0, 1, 2, 2, 1, 2, 2, 2, 1, 1, 0, 0, 1, 0, 2, 2, 0, 1, 2, 0, 1, 2, 2, 0, 0, 2, 1, 2, 1, 0, 2, 2, 1, 1, 0, 0, 0, 0, 0, 2, 1, 2, 0, 1, 1, 1, 0, 1, 2, 1, 2, 1, 0, 0, 2, 1, 0, 1, 2, 1, 2, 1, 1, 1, 1, 1, 1, 1, 0, 0, 0, 1, 1, 0, 1, 0, 1, 0, 1, 1, 0, 1, 0, 0, 0, 2, 1, 2, 0, 1, 0, 0, 2, 2, 1]|[0, 3, 2, 2, 4, 1, 2, 2, 2, 4, 1, 1, 2, 4, 4, 1, 2, 4, 2, 1, 1, 1, 1, 2, 1, 2, 1, 1, 1, 1, 2, 3, 0, 4, 0, 1, 2, 0, 3, 2, 2, 2, 1, 0, 2, 0, 1, 1, 0, 2, 2, 2, 0, 0, 3, 2, 4, 1, 2, 2, 3, 1, 1, 1, 3, 0, 4, 3, 3, 1, 4, 1, 1, 1, 1, 2, 4, 4, 0, 1, 2, 3, 2, 4, 1, 1, 3, 1, 1, 1, 1, 4, 1, 2, 1, 1, 2, 2, 1, 1]|[0, 2, 1, 1, 3, 0, 1, 0, 0, 0, 0, 0, 1, 0, 1, 0, 1, 3, 1, 0, 0, 0, 3, 1, 0, 2, 0, 0, 0, 1, 0, 0, 0, 3, 0, 1, 1, 0, 2, 0, 0, 0, 0, 1, 0, 0, 0, 0, 0, 1, 1, 0, 3, 0, 0, 1, 2, 0, 1, 0, 2, 0, 1, 0, 2, 1, 0, 0, 0, 1, 1, 3, 1, 0, 0, 1, 3, 3, 1, 2, 1, 0, 1, 3, 1, 0, 2, 0, 0, 0, 0, 0, 0, 0, 1, 1, 0, 0, 0, 1],740.6648699319737,58345.503832923176,99227.13002615936,false
9,G4_BALANCED,G4_BALANCED,[31, 22, 82, 15, 26, 58, 95, 42, 77, 12, 47, 5, 93, 78, 86, 54, 85, 63, 18, 44, 20, 35, 43, 97, 91, 76, 10, 30, 21, 45, 71, 64, 1, 23, 17, 83, 24, 14, 60, 36, 6, 57, 40, 88, 65, 56, 79, 94, 67, 68, 46, 75, 38, 9, 19, 32, 81, 41, 27, 62, 87, 90, 99, 59, 11, 16, 72, 73, 70, 39, 37, 84, 3, 92, 25, 55, 28, 29, 51, 7, 66, 61, 98, 48, 89, 50, 96, 8, 80, 53, 34, 4, 33, 2, 52, 49, 0, 69, 74, 13]|[1, 1, 0, 1, 1, 0, 1, 2, 2, 1, 2, 2, 2, 1, 1, 0, 0, 1, 0, 2, 2, 0, 1, 2, 0, 1, 2, 2, 0, 0, 1, 2, 1, 2, 1, 0, 2, 0, 1, 1, 0, 1, 1, 1, 0, 2, 1, 1, 0, 0, 0, 0, 1, 1, 2, 1, 2, 1, 0, 0, 2, 1, 0, 1, 2, 1, 2, 1, 1, 1, 1, 1, 1, 0, 1, 1, 0, 0, 0, 1, 2, 1, 2, 0, 1, 0, 0, 1, 0, 0, 2, 1, 2, 0, 1, 0, 0, 1, 2, 0]|[4, 3, 2, 2, 4, 1, 2, 2, 2, 4, 1, 1, 2, 4, 4, 1, 2, 4, 2, 1, 1, 1, 1, 2, 1, 2, 1, 1, 1, 1, 3, 2, 3, 1, 4, 0, 1, 1, 0, 3, 2, 2, 2, 0, 1, 1, 0, 4, 0, 1, 2, 2, 1, 0, 0, 3, 2, 4, 1, 2, 2, 3, 1, 1, 1, 3, 0, 4, 3, 1, 4, 1, 1, 0, 4, 4, 2, 1, 1, 1, 1, 3, 1, 1, 1, 1, 1, 3, 1, 2, 1, 4, 1, 2, 1, 1, 2, 4, 1, 2]|[0, 2, 1, 1, 3, 0, 1, 0, 0, 0, 0, 0, 1, 0, 1, 0, 0, 3, 1, 0, 0, 0, 3, 1, 0, 2, 0, 0, 0, 1, 0, 0, 0, 0, 3, 0, 1, 0, 0, 2, 1, 1, 1, 0, 0, 0, 0, 2, 1, 0, 0, 0, 1, 3, 0, 0, 1, 2, 0, 1, 0, 2, 0, 1, 0, 2, 1, 0, 0, 1, 1, 3, 1, 1, 3, 3, 1, 0, 0, 2, 0, 0, 0, 0, 1, 0, 0, 2, 0, 1, 0, 0, 0, 0, 1, 1, 0, 2, 0, 0],765.9990607008382,57213.806194498815,96238.34283731865,false
9,G2_TEC,G2_TEC,[31, 22, 82, 15, 26, 9, 95, 42, 77, 68, 47, 5, 93, 78, 86, 54, 85, 63, 18, 44, 20, 49, 36, 14, 74, 50, 53, 17, 21, 45, 71, 64, 3, 23, 30, 83, 24, 41, 60, 52, 65, 27, 90, 70, 39, 87, 48, 69, 99, 4, 46, 1, 13, 58, 97, 59, 28, 8, 73, 37, 35, 79, 11, 66, 76, 57, 40, 80, 96, 6, 16, 61, 33, 98, 32, 81, 62, 67, 10, 7, 56, 88, 51, 19, 91, 38, 75, 92, 25, 84, 2, 55, 43, 29, 34, 0, 12, 94, 89, 72]|[2, 1, 2, 1, 1, 2, 1, 1, 1, 1, 1, 0, 2, 2, 1, 2, 0, 0, 0, 2, 2, 1, 0, 2, 0, 2, 2, 1, 0, 1, 1, 1, 0, 0, 1, 0, 2, 1, 2, 2, 0, 0, 1, 1, 0, 2, 0, 2, 1, 0, 0, 2, 2, 0, 2, 0, 2, 1, 0, 0, 2, 1, 0, 2, 2, 0, 2, 2, 0, 1, 2, 1, 1, 0, 0, 1, 1, 1, 1, 2, 2, 1, 1, 1, 1, 0, 0, 0, 1, 0, 2, 0, 1, 1, 1, 0, 1, 1, 1, 1]|[0, 3, 0, 2, 4, 1, 4, 4, 2, 4, 3, 2, 1, 0, 2, 1, 1, 1, 2, 1, 1, 3, 0, 1, 0, 1, 1, 4, 1, 4, 3, 2, 2, 0, 4, 1, 1, 4, 0, 1, 2, 1, 4, 4, 1, 1, 0, 2, 3, 1, 2, 1, 2, 1, 1, 2, 0, 3, 0, 2, 2, 3, 1, 0, 1, 0, 0, 1, 2, 4, 1, 3, 4, 2, 2, 4, 3, 3, 3, 1, 1, 4, 3, 4, 3, 2, 2, 2, 4, 2, 1, 2, 4, 3, 1, 2, 3, 4, 4, 4]|[0, 2, 0, 1, 3, 0, 1, 3, 0, 0, 2, 0, 1, 0, 1, 0, 0, 0, 1, 0, 0, 2, 0, 0, 1, 0, 0, 3, 0, 1, 0, 2, 0, 0, 3, 0, 1, 3, 1, 0, 0, 0, 1, 3, 0, 0, 1, 0, 2, 0, 0, 0, 0, 0, 1, 0, 0, 0, 1, 1, 0, 2, 0, 0, 0, 1, 0, 0, 0, 2, 0, 0, 1, 0, 0, 2, 0, 0, 3, 0, 0, 1, 0, 3, 0, 0, 0, 0, 3, 0, 0, 0, 2, 0, 1, 0, 0, 2, 1, 2],863.840939798981,52281.731521347596,112954.27457422629,false
9,G3_TWC,G4_BALANCED,[31, 22, 82, 15, 26, 58, 95, 42, 77, 12, 47, 5, 93, 78, 86, 54, 85, 63, 18, 44, 20, 35, 43, 97, 91, 76, 10, 30, 21, 45, 71, 64, 1, 23, 17, 83, 24, 14, 60, 36, 6, 57, 40, 88, 65, 56, 79, 94, 67, 68, 46, 75, 38, 9, 19, 32, 81, 41, 27, 62, 87, 90, 99, 59, 11, 16, 72, 73, 70, 39, 37, 84, 3, 92, 25, 55, 28, 29, 51, 7, 66, 61, 98, 48, 89, 50, 53, 96, 80, 33, 8, 4, 34, 2, 52, 49, 0, 69, 74, 13]|[1, 1, 0, 1, 1, 0, 1, 2, 2, 1, 2, 2, 2, 1, 1, 0, 0, 1, 0, 2, 2, 0, 1, 2, 0, 1, 2, 2, 0, 0, 1, 2, 1, 2, 1, 0, 2, 0, 1, 1, 0, 1, 1, 1, 0, 2, 1, 1, 0, 0, 0, 0, 1, 1, 2, 1, 2, 1, 0, 0, 2, 1, 0, 1, 2, 1, 2, 1, 1, 1, 1, 1, 1, 0, 1, 1, 0, 0, 0, 1, 2, 1, 2, 0, 1, 0, 0, 0, 0, 2, 1, 1, 2, 0, 1, 0, 0, 1, 2, 0]|[4, 3, 2, 2, 4, 1, 2, 2, 2, 4, 1, 1, 2, 4, 4, 1, 2, 4, 2, 1, 1, 1, 1, 2, 1, 2, 1, 1, 1, 1, 3, 2, 3, 1, 4, 0, 1, 1, 0, 3, 2, 2, 2, 0, 1, 1, 0, 4, 0, 1, 2, 2, 1, 0, 0, 3, 2, 4, 1, 2, 2, 3, 1, 1, 1, 3, 0, 4, 3, 1, 4, 1, 1, 0, 4, 4, 2, 1, 1, 1, 1, 3, 1, 1, 1, 1, 2, 1, 1, 1, 3, 4, 1, 2, 1, 1, 2, 4, 1, 2]|[0, 2, 1, 1, 3, 0, 1, 0, 0, 0, 0, 0, 1, 0, 1, 0, 0, 3, 1, 0, 0, 0, 3, 1, 0, 2, 0, 0, 0, 1, 0, 0, 0, 0, 3, 0, 1, 0, 0, 2, 1, 1, 1, 0, 0, 0, 0, 2, 1, 0, 0, 0, 1, 3, 0, 0, 1, 2, 0, 1, 0, 2, 0, 1, 0, 2, 1, 0, 0, 1, 1, 3, 1, 1, 3, 3, 1, 0, 0, 2, 0, 0, 0, 0, 1, 0, 1, 0, 0, 0, 2, 0, 0, 0, 1, 1, 0, 2, 0, 0],765.9990607008382,57212.64690506722,96246.54492548452,true
9,G1_CMAX,G1_CMAX,[31, 22, 82, 15, 26, 9, 95, 42, 77, 12, 47, 5, 93, 78, 86, 54, 6, 63, 18, 44, 20, 35, 43, 97, 91, 76, 10, 30, 21, 45, 64, 1, 23, 17, 83, 24, 14, 60, 36, 13, 75, 46, 68, 67, 69, 79, 56, 65, 88, 40, 57, 85, 58, 19, 32, 81, 48, 27, 62, 87, 90, 99, 59, 11, 16, 72, 73, 71, 70, 39, 37, 84, 3, 98, 29, 28, 55, 25, 92, 7, 33, 61, 53, 41, 89, 50, 8, 96, 51, 80, 34, 4, 66, 2, 52, 49, 0, 94, 74, 38]|[1, 1, 0, 1, 1, 0, 1, 2, 2, 1, 2, 2, 2, 1, 1, 0, 0, 1, 0, 2, 2, 0, 1, 2, 0, 1, 2, 2, 0, 0, 2, 1, 2, 1, 0, 2, 2, 1, 1, 0, 0, 0, 0, 0, 2, 1, 2, 0, 1, 1, 1, 0, 1, 2, 1, 2, 1, 0, 0, 2, 1, 0, 1, 2, 1, 2, 1, 1, 1, 1, 1, 1, 1, 0, 0, 0, 1, 1, 0, 1, 0, 1, 0, 1, 1, 0, 1, 0, 0, 0, 2, 1, 2, 0, 1, 0, 0, 2, 2, 1]|[0, 3, 2, 2, 4, 1, 2, 2, 2, 4, 1, 1, 2, 4, 4, 1, 2, 4, 2, 1, 1, 1, 1, 2, 1, 2, 1, 1, 1, 1, 2, 3, 0, 4, 0, 1, 2, 0, 3, 2, 2, 2, 1, 0, 2, 0, 1, 1, 0, 2, 2, 2, 0, 0, 3, 2, 4, 1, 2, 2, 3, 1, 1, 1, 3, 0, 4, 3, 3, 1, 4, 1, 1, 1, 1, 2, 4, 4, 0, 1, 2, 3, 2, 4, 1, 1, 3, 1, 1, 1, 1, 4, 1, 2, 1, 1, 2, 2, 1, 1]|[0, 2, 1, 1, 3, 0, 1, 0, 0, 0, 0, 0, 1, 0, 1, 0, 1, 3, 1, 0, 0, 0, 3, 1, 0, 2, 0, 0, 0, 1, 0, 0, 0, 3, 0, 1, 1, 0, 2, 0, 0, 0, 0, 1, 0, 0, 0, 0, 0, 1, 1, 0, 3, 0, 0, 1, 2, 0, 1, 0, 2, 0, 1, 0, 2, 1, 0, 0, 0, 1, 1, 3, 1, 0, 0, 1, 3, 3, 1, 2, 1, 0, 1, 3, 1, 0, 2, 0, 0, 0, 0, 0, 0, 0, 1, 1, 0, 0, 0, 1],740.6648699319737,58345.503832923176,99227.13002615936,false
9,G4_BALANCED,G3_TWC,[31, 22, 82, 15, 26, 9, 95, 42, 77, 12, 47, 5, 93, 78, 86, 54, 85, 63, 18, 44, 20, 35, 43, 97, 91, 76, 87, 30, 21, 45, 71, 64, 1, 23, 17, 83, 24, 14, 60, 36, 6, 57, 40, 88, 65, 56, 79, 69, 67, 68, 46, 75, 38, 58, 19, 32, 81, 41, 27, 62, 10, 90, 99, 59, 11, 16, 72, 73, 70, 39, 37, 84, 3, 92, 25, 55, 28, 29, 51, 7, 66, 61, 98, 48, 89, 50, 8, 96, 53, 80, 34, 4, 33, 2, 52, 49, 0, 94, 74, 13]|[1, 1, 0, 1, 1, 0, 1, 2, 2, 1, 2, 2, 2, 1, 1, 0, 0, 1, 0, 2, 2, 0, 1, 2, 0, 1, 2, 2, 0, 0, 1, 2, 1, 2, 1, 0, 2, 0, 1, 1, 0, 1, 1, 1, 0, 2, 1, 1, 0, 0, 0, 0, 1, 1, 2, 1, 2, 1, 0, 0, 2, 1, 0, 1, 2, 1, 2, 1, 1, 1, 1, 1, 1, 0, 1, 1, 0, 0, 0, 1, 2, 1, 2, 0, 1, 0, 1, 0, 0, 0, 2, 1, 0, 0, 2, 0, 0, 1, 2, 0]|[4, 3, 2, 2, 4, 1, 2, 2, 2, 4, 1, 1, 2, 4, 4, 1, 2, 4, 2, 1, 1, 1, 1, 2, 1, 2, 1, 1, 1, 1, 3, 2, 3, 0, 4, 0, 1, 1, 0, 3, 2, 2, 2, 0, 1, 1, 0, 4, 0, 1, 2, 2, 1, 0, 0, 3, 2, 4, 1, 2, 1, 3, 1, 1, 1, 3, 0, 4, 3, 1, 4, 1, 1, 0, 4, 4, 2, 1, 1, 1, 1, 3, 1, 1, 1, 1, 3, 1, 2, 1, 1, 4, 1, 2, 1, 1, 2, 4, 1, 2]|[0, 2, 1, 1, 3, 0, 1, 0, 0, 0, 0, 0, 1, 0, 1, 0, 0, 3, 1, 0, 0, 0, 3, 1, 0, 2, 0, 0, 0, 1, 0, 0, 0, 0, 3, 0, 1, 0, 0, 2, 1, 1, 1, 0, 0, 0, 0, 2, 1, 0, 0, 0, 1, 3, 0, 0, 1, 2, 0, 1, 0, 2, 0, 1, 0, 2, 1, 0, 0, 1, 1, 3, 1, 1, 3, 3, 1, 0, 0, 2, 0, 0, 0, 0, 1, 0, 2, 0, 1, 0, 0, 0, 0, 0, 0, 1, 0, 2, 0, 0],791.1254764862913,56986.90905485592,95476.95460510199,true
9,G2_TEC,G1_CMAX,[31, 22, 82, 15, 73, 9, 95, 42, 77, 12, 47, 5, 93, 78, 86, 54, 85, 63, 18, 44, 20, 35, 43, 97, 91, 76, 10, 30, 21, 45, 71, 64, 1, 23, 17, 83, 24, 14, 60, 36, 6, 57, 40, 88, 65, 56, 79, 94, 67, 68, 46, 75, 38, 58, 19, 32, 81, 41, 27, 62, 87, 90, 99, 59, 11, 16, 72, 26, 70, 39, 37, 84, 3, 92, 25, 55, 28, 29, 51, 7, 66, 61, 98, 48, 89, 50, 8, 96, 80, 53, 33, 4, 2, 34, 52, 49, 0, 69, 74, 13]|[1, 1, 0, 1, 1, 0, 1, 2, 2, 1, 2, 2, 2, 1, 1, 0, 0, 1, 0, 2, 2, 0, 1, 2, 0, 1, 2, 2, 0, 0, 1, 2, 1, 2, 1, 0, 2, 0, 1, 1, 0, 1, 1, 1, 0, 2, 1, 1, 0, 0, 0, 0, 1, 1, 2, 1, 2, 0, 0, 0, 2, 1, 0, 1, 2, 1, 2, 1, 1, 1, 1, 1, 1, 0, 1, 1, 0, 0, 0, 1, 2, 1, 0, 0, 1, 0, 1, 0, 0, 0, 0, 1, 0, 2, 2, 0, 0, 1, 2, 0]|[4, 3, 2, 2, 4, 1, 2, 2, 2, 4, 1, 1, 2, 4, 4, 1, 2, 4, 2, 1, 1, 1, 1, 2, 1, 2, 1, 1, 1, 1, 3, 2, 3, 0, 4, 0, 1, 1, 0, 3, 2, 2, 2, 0, 1, 1, 0, 4, 0, 1, 2, 2, 1, 4, 0, 3, 2, 1, 1, 2, 2, 3, 1, 1, 1, 3, 0, 4, 3, 1, 4, 1, 1, 0, 4, 4, 2, 1, 1, 1, 0, 3, 1, 1, 1, 1, 3, 1, 1, 2, 2, 4, 2, 1, 1, 1, 2, 4, 1, 2]|[0, 2, 1, 1, 3, 0, 1, 0, 0, 0, 0, 0, 1, 0, 1, 0, 0, 3, 1, 0, 0, 0, 3, 1, 0, 2, 0, 0, 0, 1, 0, 0, 0, 0, 3, 0, 1, 0, 0, 2, 1, 1, 1, 0, 0, 0, 0, 2, 1, 0, 0, 0, 1, 3, 0, 0, 1, 0, 0, 1, 0, 2, 0, 1, 0, 2, 1, 0, 0, 1, 1, 3, 1, 1, 3, 3, 1, 0, 0, 2, 0, 0, 0, 0, 1, 0, 2, 0, 0, 1, 1, 0, 0, 0, 0, 1, 0, 2, 0, 0],832.5936610194905,56912.95400948165,96066.69019682515,true
9,G3_TWC,G4_BALANCED,[31, 22, 82, 15, 26, 58, 95, 42, 77, 12, 47, 5, 93, 78, 86, 54, 85, 63, 18, 44, 20, 35, 43, 97, 91, 76, 10, 30, 21, 45, 71, 64, 1, 23, 17, 83, 24, 14, 60, 36, 6, 57, 40, 88, 65, 56, 79, 94, 67, 68, 46, 75, 38, 9, 19, 32, 81, 41, 27, 62, 87, 90, 99, 59, 11, 16, 72, 73, 70, 39, 37, 84, 3, 92, 25, 55, 28, 29, 51, 7, 66, 61, 98, 48, 89, 50, 53, 96, 80, 33, 8, 4, 34, 2, 52, 49, 0, 69, 74, 13]|[1, 1, 0, 1, 1, 0, 1, 2, 2, 1, 2, 2, 2, 1, 1, 0, 0, 1, 0, 2, 2, 0, 1, 2, 0, 1, 2, 2, 0, 0, 1, 2, 1, 2, 1, 0, 2, 0, 1, 1, 0, 1, 1, 1, 0, 2, 1, 1, 0, 0, 0, 0, 1, 1, 2, 1, 2, 1, 0, 0, 2, 1, 0, 1, 2, 1, 2, 1, 1, 1, 1, 1, 1, 0, 1, 1, 0, 0, 0, 1, 2, 1, 2, 0, 1, 0, 0, 0, 0, 2, 1, 1, 2, 0, 1, 0, 0, 1, 2, 0]|[4, 3, 2, 2, 4, 1, 2, 2, 2, 4, 1, 1, 2, 4, 4, 1, 2, 4, 2, 1, 1, 1, 1, 2, 1, 2, 1, 1, 1, 1, 3, 2, 3, 1, 4, 0, 1, 1, 0, 3, 2, 2, 2, 0, 1, 1, 0, 4, 0, 1, 2, 2, 1, 0, 0, 3, 2, 4, 1, 2, 2, 3, 1, 1, 1, 3, 0, 4, 3, 1, 4, 1, 1, 0, 4, 4, 2, 1, 1, 1, 1, 3, 1, 1, 1, 1, 2, 1, 1, 1, 3, 4, 1, 2, 1, 1, 2, 4, 1, 2]|[0, 2, 1, 1, 3, 0, 1, 0, 0, 0, 0, 0, 1, 0, 1, 0, 0, 3, 1, 0, 0, 0, 3, 1, 0, 2, 0, 0, 0, 1, 0, 0, 0, 0, 3, 0, 1, 0, 0, 2, 1, 1, 1, 0, 0, 0, 0, 2, 1, 0, 0, 0, 1, 3, 0, 0, 1, 2, 0, 1, 0, 2, 0, 1, 0, 2, 1, 0, 0, 1, 1, 3, 1, 1, 3, 3, 1, 0, 0, 2, 0, 0, 0, 0, 1, 0, 1, 0, 0, 0, 2, 0, 0, 0, 1, 1, 0, 2, 0, 0],765.9990607008382,57212.64690506722,96246.54492548452,true
9,G1_CMAX,G1_CMAX,[31, 22, 82, 15, 26, 9, 95, 42, 77, 12, 47, 5, 93, 78, 86, 54, 6, 63, 18, 44, 20, 35, 43, 97, 91, 76, 10, 30, 21, 45, 64, 1, 23, 17, 83, 24, 14, 60, 36, 13, 75, 46, 68, 67, 69, 79, 56, 65, 88, 40, 57, 85, 58, 19, 32, 81, 48, 27, 62, 87, 90, 99, 59, 11, 16, 72, 73, 71, 70, 39, 37, 84, 3, 98, 29, 28, 55, 25, 92, 7, 33, 61, 53, 41, 89, 50, 8, 96, 51, 80, 34, 4, 66, 2, 52, 49, 0, 94, 74, 38]|[1, 1, 0, 1, 1, 0, 1, 2, 2, 1, 2, 2, 2, 1, 1, 0, 0, 1, 0, 2, 2, 0, 1, 2, 0, 1, 2, 2, 0, 0, 2, 1, 2, 1, 0, 2, 2, 1, 1, 0, 0, 0, 0, 0, 2, 1, 2, 0, 1, 1, 1, 0, 1, 2, 1, 2, 1, 0, 0, 2, 1, 0, 1, 2, 1, 2, 1, 1, 1, 1, 1, 1, 1, 0, 0, 0, 1, 1, 0, 1, 0, 1, 0, 1, 1, 0, 1, 0, 0, 0, 2, 1, 2, 0, 1, 0, 0, 2, 2, 1]|[0, 3, 2, 2, 4, 1, 2, 2, 2, 4, 1, 1, 2, 4, 4, 1, 2, 4, 2, 1, 1, 1, 1, 2, 1, 2, 1, 1, 1, 1, 2, 3, 0, 4, 0, 1, 2, 0, 3, 2, 2, 2, 1, 0, 2, 0, 1, 1, 0, 2, 2, 2, 0, 0, 3, 2, 4, 1, 2, 2, 3, 1, 1, 1, 3, 0, 4, 3, 3, 1, 4, 1, 1, 1, 1, 2, 4, 4, 0, 1, 2, 3, 2, 4, 1, 1, 3, 1, 1, 1, 1, 4, 1, 2, 1, 1, 2, 2, 1, 1]|[0, 2, 1, 1, 3, 0, 1, 0, 0, 0, 0, 0, 1, 0, 1, 0, 1, 3, 1, 0, 0, 0, 3, 1, 0, 2, 0, 0, 0, 1, 0, 0, 0, 3, 0, 1, 1, 0, 2, 0, 0, 0, 0, 1, 0, 0, 0, 0, 0, 1, 1, 0, 3, 0, 0, 1, 2, 0, 1, 0, 2, 0, 1, 0, 2, 1, 0, 0, 0, 1, 1, 3, 1, 0, 0, 1, 3, 3, 1, 2, 1, 0, 1, 3, 1, 0, 2, 0, 0, 0, 0, 0, 0, 0, 1, 1, 0, 0, 0, 1],740.6648699319737,58345.503832923176,99227.13002615936,false
9,G4_BALANCED,G4_BALANCED,[31, 22, 82, 15, 26, 58, 95, 42, 77, 12, 47, 5, 93, 78, 86, 54, 85, 63, 18, 44, 20, 35, 43, 97, 91, 76, 10, 30, 21, 45, 71, 64, 1, 23, 17, 83, 24, 14, 60, 36, 6, 57, 40, 88, 65, 56, 79, 94, 67, 68, 46, 75, 38, 9, 19, 32, 81, 41, 27, 62, 87, 90, 99, 59, 11, 16, 72, 73, 70, 39, 37, 84, 3, 92, 25, 55, 28, 29, 51, 7, 66, 61, 98, 48, 89, 50, 96, 8, 80, 53, 34, 4, 33, 2, 52, 49, 0, 69, 74, 13]|[1, 1, 0, 1, 1, 0, 1, 2, 2, 1, 2, 2, 2, 1, 1, 0, 0, 1, 0, 2, 2, 0, 1, 2, 0, 1, 2, 2, 0, 0, 1, 2, 1, 2, 1, 0, 2, 0, 1, 1, 0, 1, 1, 1, 0, 2, 1, 1, 0, 0, 0, 0, 1, 1, 2, 1, 2, 1, 0, 0, 2, 1, 0, 1, 2, 1, 2, 1, 1, 1, 1, 1, 1, 0, 1, 1, 0, 0, 0, 1, 2, 1, 2, 0, 1, 0, 0, 1, 0, 0, 2, 1, 2, 0, 1, 0, 0, 1, 2, 0]|[4, 3, 2, 2, 4, 1, 2, 2, 2, 4, 1, 1, 2, 4, 4, 1, 2, 4, 2, 1, 1, 1, 1, 2, 1, 2, 1, 1, 1, 1, 3, 2, 3, 1, 4, 0, 1, 1, 0, 3, 2, 2, 2, 0, 1, 1, 0, 4, 0, 1, 2, 2, 1, 0, 0, 3, 2, 4, 1, 2, 2, 3, 1, 1, 1, 3, 0, 4, 3, 1, 4, 1, 1, 0, 4, 4, 2, 1, 1, 1, 1, 3, 1, 1, 1, 1, 1, 3, 1, 2, 1, 4, 1, 2, 1, 1, 2, 4, 1, 2]|[0, 2, 1, 1, 3, 0, 1, 0, 0, 0, 0, 0, 1, 0, 1, 0, 0, 3, 1, 0, 0, 0, 3, 1, 0, 2, 0, 0, 0, 1, 0, 0, 0, 0, 3, 0, 1, 0, 0, 2, 1, 1, 1, 0, 0, 0, 0, 2, 1, 0, 0, 0, 1, 3, 0, 0, 1, 2, 0, 1, 0, 2, 0, 1, 0, 2, 1, 0, 0, 1, 1, 3, 1, 1, 3, 3, 1, 0, 0, 2, 0, 0, 0, 0, 1, 0, 0, 2, 0, 1, 0, 0, 0, 0, 1, 1, 0, 2, 0, 0],765.9990607008382,57213.806194498815,96238.34283731865,false
9,G2_TEC,G2_TEC,[31, 22, 82, 15, 26, 9, 95, 42, 77, 68, 47, 5, 93, 78, 86, 54, 85, 63, 18, 44, 20, 49, 36, 14, 74, 50, 53, 17, 21, 45, 71, 64, 3, 23, 30, 83, 24, 41, 60, 52, 65, 27, 90, 70, 39, 87, 48, 69, 99, 4, 46, 1, 13, 58, 97, 59, 28, 8, 73, 37, 35, 79, 11, 66, 76, 57, 40, 80, 96, 6, 16, 61, 33, 98, 32, 81, 62, 67, 10, 7, 56, 88, 51, 19, 91, 38, 75, 92, 25, 84, 2, 55, 43, 29, 34, 0, 12, 94, 89, 72]|[2, 1, 2, 1, 1, 2, 1, 1, 1, 1, 1, 0, 2, 2, 1, 2, 0, 0, 0, 2, 2, 1, 0, 2, 0, 2, 2, 1, 0, 1, 1, 1, 0, 0, 1, 0, 2, 1, 2, 2, 0, 0, 1, 1, 0, 2, 0, 2, 1, 0, 0, 2, 2, 0, 2, 0, 2, 1, 0, 0, 2, 1, 0, 2, 2, 0, 2, 2, 0, 1, 2, 1, 1, 0, 0, 1, 1, 1, 1, 2, 2, 1, 1, 1, 1, 0, 0, 0, 1, 0, 2, 0, 1, 1, 1, 0, 1, 1, 1, 1]|[0, 3, 0, 2, 4, 1, 4, 4, 2, 4, 3, 2, 1, 0, 2, 1, 1, 1, 2, 1, 1, 3, 0, 1, 0, 1, 1, 4, 1, 4, 3, 2, 2, 0, 4, 1, 1, 4, 0, 1, 2, 1, 4, 4, 1, 1, 0, 2, 3, 1, 2, 1, 2, 1, 1, 2, 0, 3, 0, 2, 2, 3, 1, 0, 1, 0, 0, 1, 2, 4, 1, 3, 4, 2, 2, 4, 3, 3, 3, 1, 1, 4, 3, 4, 3, 2, 2, 2, 4, 2, 1, 2, 4, 3, 1, 2, 3, 4, 4, 4]|[0, 2, 0, 1, 3, 0, 1, 3, 0, 0, 2, 0, 1, 0, 1, 0, 0, 0, 1, 0, 0, 2, 0, 0, 1, 0, 0, 3, 0, 1, 0, 2, 0, 0, 3, 0, 1, 3, 1, 0, 0, 0, 1, 3, 0, 0, 1, 0, 2, 0, 0, 0, 0, 0, 1, 0, 0, 0, 1, 1, 0, 2, 0, 0, 0, 1, 0, 0, 0, 2, 0, 0, 1, 0, 0, 2, 0, 0, 3, 0, 0, 1, 0, 3, 0, 0, 0, 0, 3, 0, 0, 0, 2, 0, 1, 0, 0, 2, 1, 2],863.840939798981,52281.731521347596,112954.27457422629,false
9,G3_TWC,G4_BALANCED,[31, 22, 82, 15, 26, 58, 95, 42, 77, 12, 47, 5, 93, 78, 86, 54, 85, 63, 18, 44, 20, 35, 43, 97, 91, 76, 10, 30, 21, 45, 71, 64, 1, 23, 17, 83, 24, 14, 60, 36, 6, 57, 40, 88, 65, 56, 79, 94, 67, 68, 46, 75, 38, 9, 19, 32, 81, 41, 27, 62, 87, 90, 99, 59, 11, 16, 72, 73, 70, 39, 37, 84, 3, 92, 25, 55, 28, 29, 51, 7, 66, 61, 98, 48, 89, 50, 53, 96, 80, 33, 8, 4, 34, 2, 52, 49, 0, 69, 74, 13]|[1, 1, 0, 1, 1, 0, 1, 2, 2, 1, 2, 2, 2, 1, 1, 0, 0, 1, 0, 2, 2, 0, 1, 2, 0, 1, 2, 2, 0, 0, 1, 2, 1, 2, 1, 0, 2, 0, 1, 1, 0, 1, 1, 1, 0, 2, 1, 1, 0, 0, 0, 0, 1, 1, 2, 1, 2, 1, 0, 0, 2, 1, 0, 1, 2, 1, 2, 1, 1, 1, 1, 1, 1, 0, 1, 1, 0, 0, 0, 1, 2, 1, 2, 0, 1, 0, 0, 0, 0, 2, 1, 1, 2, 0, 1, 0, 0, 1, 2, 0]|[4, 3, 2, 2, 4, 1, 2, 2, 2, 4, 1, 1, 2, 4, 4, 1, 2, 4, 2, 1, 1, 1, 1, 2, 1, 2, 1, 1, 1, 1, 3, 2, 3, 1, 4, 0, 1, 1, 0, 3, 2, 2, 2, 0, 1, 1, 0, 4, 0, 1, 2, 2, 1, 0, 0, 3, 2, 4, 1, 2, 2, 3, 1, 1, 1, 3, 0, 4, 3, 1, 4, 1, 1, 0, 4, 4, 2, 1, 1, 1, 1, 3, 1, 1, 1, 1, 2, 1, 1, 1, 3, 4, 1, 2, 1, 1, 2, 4, 1, 2]|[0, 2, 1, 1, 3, 0, 1, 0, 0, 0, 0, 0, 1, 0, 1, 0, 0, 3, 1, 0, 0, 0, 3, 1, 0, 2, 0, 0, 0, 1, 0, 0, 0, 0, 3, 0, 1, 0, 0, 2, 1, 1, 1, 0, 0, 0, 0, 2, 1, 0, 0, 0, 1, 3, 0, 0, 1, 2, 0, 1, 0, 2, 0, 1, 0, 2, 1, 0, 0, 1, 1, 3, 1, 1, 3, 3, 1, 0, 0, 2, 0, 0, 0, 0, 1, 0, 1, 0, 0, 0, 2, 0, 0, 0, 1, 1, 0, 2, 0, 0],765.9990607008382,57212.64690506722,96246.54492548452,true
9,G1_CMAX,G4_BALANCED,[31, 22, 82, 15, 26, 9, 95, 42, 77, 12, 47, 5, 93, 78, 86, 54, 85, 63, 18, 44, 20, 35, 43, 97, 91, 76, 10, 30, 21, 45, 71, 64, 1, 23, 17, 83, 24, 14, 60, 36, 6, 57, 40, 88, 65, 56, 79, 69, 67, 68, 46, 75, 38, 58, 19, 32, 81, 48, 27, 62, 87, 90, 99, 59, 11, 16, 72, 73, 70, 39, 37, 84, 3, 92, 25, 55, 28, 51, 29, 7, 66, 41, 98, 61, 89, 50, 8, 96, 80, 53, 33, 4, 34, 2, 52, 49, 0, 94, 74, 13]|[1, 1, 0, 1, 1, 0, 1, 2, 2, 1, 2, 2, 2, 1, 1, 0, 0, 1, 0, 2, 2, 0, 1, 2, 0, 1, 2, 2, 0, 0, 1, 2, 1, 0, 1, 0, 2, 0, 1, 1, 0, 1, 1, 1, 0, 2, 1, 1, 0, 0, 0, 0, 1, 1, 2, 1, 2, 1, 0, 0, 2, 1, 0, 1, 2, 1, 2, 1, 1, 1, 1, 1, 1, 0, 1, 1, 0, 0, 0, 1, 2, 0, 2, 1, 1, 0, 1, 0, 0, 0, 2, 1, 2, 0, 2, 0, 0, 1, 2, 0]|[4, 3, 2, 2, 4, 1, 2, 2, 2, 4, 1, 1, 2, 4, 4, 1, 2, 4, 2, 1, 1, 1, 1, 2, 1, 2, 1, 1, 1, 1, 3, 2, 3, 0, 4, 0, 1, 1, 0, 3, 2, 2, 2, 0, 1, 1, 0, 4, 0, 1, 2, 2, 1, 4, 0, 3, 2, 4, 1, 2, 2, 3, 1, 1, 1, 3, 0, 4, 3, 1, 4, 1, 1, 0, 4, 4, 2, 1, 1, 1, 1, 1, 1, 3, 1, 1, 3, 1, 1, 2, 1, 4, 1, 2, 1, 1, 2, 4, 1, 2]|[0, 2, 1, 1, 3, 0, 1, 0, 0, 0, 0, 0, 1, 0, 1, 0, 0, 3, 1, 0, 0, 0, 3, 1, 0, 2, 0, 0, 0, 1, 0, 0, 0, 0, 3, 0, 1, 0, 0, 2, 1, 1, 1, 0, 0, 0, 0, 2, 1, 0, 0, 0, 1, 3, 0, 0, 1, 2, 0, 1, 0, 2, 0, 1, 0, 2, 1, 0, 0, 1, 1, 3, 1, 1, 3, 3, 1, 0, 0, 2, 0, 0, 0, 0, 1, 0, 2, 0, 0, 1, 0, 0, 0, 0, 0, 1, 0, 2, 0, 0],800.0029672891342,56435.535365537915,97774.17868936088,true
9,G4_BALANCED,G4_BALANCED,[31, 22, 82, 15, 26, 58, 95, 42, 77, 12, 47, 5, 93, 78, 86, 54, 85, 63, 18, 44, 20, 35, 43, 97, 91, 76, 10, 30, 21, 45, 71, 64, 1, 23, 17, 83, 24, 14, 60, 36, 6, 57, 40, 88, 65, 56, 79, 94, 67, 68, 46, 75, 38, 9, 19, 32, 81, 41, 27, 62, 87, 90, 99, 59, 11, 16, 72, 73, 70, 39, 37, 84, 3, 92, 25, 55, 28, 29, 51, 7, 66, 61, 98, 48, 89, 50, 96, 8, 80, 53, 34, 4, 33, 2, 52, 49, 0, 69, 74, 13]|[1, 1, 0, 1, 1, 0, 1, 2, 2, 1, 2, 2, 2, 1, 1, 0, 0, 1, 0, 2, 2, 0, 1, 2, 0, 1, 2, 2, 0, 0, 1, 2, 1, 2, 1, 0, 2, 0, 1, 1, 0, 1, 1, 1, 0, 2, 1, 1, 0, 0, 0, 0, 1, 1, 2, 1, 2, 1, 0, 0, 2, 1, 0, 1, 2, 1, 2, 1, 1, 1, 1, 1, 1, 0, 1, 1, 0, 0, 0, 1, 2, 1, 2, 0, 1, 0, 0, 1, 0, 0, 2, 1, 2, 0, 1, 0, 0, 1, 2, 0]|[4, 3, 2, 2, 4, 1, 2, 2, 2, 4, 1, 1, 2, 4, 4, 1, 2, 4, 2, 1, 1, 1, 1, 2, 1, 2, 1, 1, 1, 1, 3, 2, 3, 1, 4, 0, 1, 1, 0, 3, 2, 2, 2, 0, 1, 1, 0, 4, 0, 1, 2, 2, 1, 0, 0, 3, 2, 4, 1, 2, 2, 3, 1, 1, 1, 3, 0, 4, 3, 1, 4, 1, 1, 0, 4, 4, 2, 1, 1, 1, 1, 3, 1, 1, 1, 1, 1, 3, 1, 2, 1, 4, 1, 2, 1, 1, 2, 4, 1, 2]|[0, 2, 1, 1, 3, 0, 1, 0, 0, 0, 0, 0, 1, 0, 1, 0, 0, 3, 1, 0, 0, 0, 3, 1, 0, 2, 0, 0, 0, 1, 0, 0, 0, 0, 3, 0, 1, 0, 0, 2, 1, 1, 1, 0, 0, 0, 0, 2, 1, 0, 0, 0, 1, 3, 0, 0, 1, 2, 0, 1, 0, 2, 0, 1, 0, 2, 1, 0, 0, 1, 1, 3, 1, 1, 3, 3, 1, 0, 0, 2, 0, 0, 0, 0, 1, 0, 0, 2, 0, 1, 0, 0, 0, 0, 1, 1, 0, 2, 0, 0],765.9990607008382,57213.806194498815,96238.34283731865,false
9,G2_TEC,G2_TEC,[31, 22, 82, 15, 26, 9, 95, 42, 77, 68, 47, 5, 93, 78, 86, 54, 85, 63, 18, 44, 20, 49, 36, 14, 74, 50, 53, 17, 21, 45, 71, 64, 3, 23, 30, 83, 24, 41, 60, 52, 65, 27, 90, 70, 39, 87, 48, 69, 99, 4, 46, 1, 13, 58, 97, 59, 28, 8, 73, 37, 35, 79, 11, 66, 76, 57, 40, 80, 96, 6, 16, 61, 33, 98, 32, 81, 62, 67, 10, 7, 56, 88, 51, 19, 91, 38, 75, 92, 25, 84, 2, 55, 43, 29, 34, 0, 12, 94, 89, 72]|[2, 1, 2, 1, 1, 2, 1, 1, 1, 1, 1, 0, 2, 2, 1, 2, 0, 0, 0, 2, 2, 1, 0, 2, 0, 2, 2, 1, 0, 1, 1, 1, 0, 0, 1, 0, 2, 1, 2, 2, 0, 0, 1, 1, 0, 2, 0, 2, 1, 0, 0, 2, 2, 0, 2, 0, 2, 1, 0, 0, 2, 1, 0, 2, 2, 0, 2, 2, 0, 1, 2, 1, 1, 0, 0, 1, 1, 1, 1, 2, 2, 1, 1, 1, 1, 0, 0, 0, 1, 0, 2, 0, 1, 1, 1, 0, 1, 1, 1, 1]|[0, 3, 0, 2, 4, 1, 4, 4, 2, 4, 3, 2, 1, 0, 2, 1, 1, 1, 2, 1, 1, 3, 0, 1, 0, 1, 1, 4, 1, 4, 3, 2, 2, 0, 4, 1, 1, 4, 0, 1, 2, 1, 4, 4, 1, 1, 0, 2, 3, 1, 2, 1, 2, 1, 1, 2, 0, 3, 0, 2, 2, 3, 1, 0, 1, 0, 0, 1, 2, 4, 1, 3, 4, 2, 2, 4, 3, 3, 3, 1, 1, 4, 3, 4, 3, 2, 2, 2, 4, 2, 1, 2, 4, 3, 1, 2, 3, 4, 4, 4]|[0, 2, 0, 1, 3, 0, 1, 3, 0, 0, 2, 0, 1, 0, 1, 0, 0, 0, 1, 0, 0, 2, 0, 0, 1, 0, 0, 3, 0, 1, 0, 2, 0, 0, 3, 0, 1, 3, 1, 0, 0, 0, 1, 3, 0, 0, 1, 0, 2, 0, 0, 0, 0, 0, 1, 0, 0, 0, 1, 1, 0, 2, 0, 0, 0, 1, 0, 0, 0, 2, 0, 0, 1, 0, 0, 2, 0, 0, 3, 0, 0, 1, 0, 3, 0, 0, 0, 0, 3, 0, 0, 0, 2, 0, 1, 0, 0, 2, 1, 2],863.840939798981,52281.731521347596,112954.27457422629,false
9,G3_TWC,G4_BALANCED,[31, 22, 82, 15, 26, 58, 95, 42, 77, 12, 47, 5, 93, 78, 86, 54, 85, 63, 18, 44, 20, 35, 43, 97, 91, 76, 10, 30, 21, 45, 71, 64, 1, 23, 17, 83, 24, 14, 60, 36, 6, 57, 40, 88, 65, 56, 79, 94, 67, 68, 46, 75, 38, 9, 19, 32, 81, 41, 27, 62, 87, 90, 99, 59, 11, 16, 72, 73, 70, 39, 37, 84, 3, 92, 25, 55, 28, 29, 51, 7, 66, 61, 98, 48, 89, 50, 53, 96, 80, 33, 8, 4, 34, 2, 52, 49, 0, 69, 74, 13]|[1, 1, 0, 1, 1, 0, 1, 2, 2, 1, 2, 2, 2, 1, 1, 0, 0, 1, 0, 2, 2, 0, 1, 2, 0, 1, 2, 2, 0, 0, 1, 2, 1, 2, 1, 0, 2, 0, 1, 1, 0, 1, 1, 1, 0, 2, 1, 1, 0, 0, 0, 0, 1, 1, 2, 1, 2, 1, 0, 0, 2, 1, 0, 1, 2, 1, 2, 1, 1, 1, 1, 1, 1, 0, 1, 1, 0, 0, 0, 1, 2, 1, 2, 0, 1, 0, 0, 0, 0, 2, 1, 1, 2, 0, 1, 0, 0, 1, 2, 0]|[4, 3, 2, 2, 4, 1, 2, 2, 2, 4, 1, 1, 2, 4, 4, 1, 2, 4, 2, 1, 1, 1, 1, 2, 1, 2, 1, 1, 1, 1, 3, 2, 3, 1, 4, 0, 1, 1, 0, 3, 2, 2, 2, 0, 1, 1, 0, 4, 0, 1, 2, 2, 1, 0, 0, 3, 2, 4, 1, 2, 2, 3, 1, 1, 1, 3, 0, 4, 3, 1, 4, 1, 1, 0, 4, 4, 2, 1, 1, 1, 1, 3, 1, 1, 1, 1, 2, 1, 1, 1, 3, 4, 1, 2, 1, 1, 2, 4, 1, 2]|[0, 2, 1, 1, 3, 0, 1, 0, 0, 0, 0, 0, 1, 0, 1, 0, 0, 3, 1, 0, 0, 0, 3, 1, 0, 2, 0, 0, 0, 1, 0, 0, 0, 0, 3, 0, 1, 0, 0, 2, 1, 1, 1, 0, 0, 0, 0, 2, 1, 0, 0, 0, 1, 3, 0, 0, 1, 2, 0, 1, 0, 2, 0, 1, 0, 2, 1, 0, 0, 1, 1, 3, 1, 1, 3, 3, 1, 0, 0, 2, 0, 0, 0, 0, 1, 0, 1, 0, 0, 0, 2, 0, 0, 0, 1, 1, 0, 2, 0, 0],765.9990607008382,57212.64690506722,96246.54492548452,true
9,G1_CMAX,G4_BALANCED,[31, 22, 82, 15, 26, 9, 95, 42, 77, 12, 47, 5, 93, 78, 86, 54, 85, 63, 18, 44, 20, 35, 43, 97, 91, 76, 10, 30, 21, 45, 71, 64, 1, 23, 17, 83, 24, 14, 60, 36, 6, 57, 40, 88, 65, 56, 79, 69, 67, 68, 46, 75, 38, 58, 19, 32, 81, 48, 27, 62, 87, 90, 99, 59, 11, 16, 72, 73, 61, 39, 37, 84, 3, 92, 25, 55, 28, 29, 51, 7, 66, 41, 98, 70, 89, 50, 8, 96, 53, 80, 34, 4, 33, 2, 52, 49, 0, 94, 74, 13]|[1, 1, 0, 1, 1, 0, 1, 2, 2, 1, 2, 2, 2, 1, 1, 0, 0, 1, 0, 2, 2, 0, 1, 2, 0, 1, 2, 2, 0, 0, 1, 2, 1, 0, 1, 0, 2, 0, 1, 1, 0, 1, 1, 1, 0, 2, 1, 2, 0, 0, 0, 0, 1, 1, 2, 1, 2, 1, 0, 0, 2, 1, 0, 1, 2, 1, 2, 1, 1, 1, 1, 1, 1, 0, 1, 1, 0, 0, 0, 1, 2, 0, 0, 1, 1, 0, 1, 0, 0, 0, 2, 1, 2, 0, 2, 0, 0, 1, 2, 0]|[4, 3, 2, 2, 4, 1, 2, 2, 2, 4, 1, 1, 2, 4, 4, 1, 2, 4, 2, 1, 1, 1, 1, 2, 1, 2, 1, 1, 1, 1, 3, 2, 3, 0, 4, 0, 1, 1, 0, 3, 2, 2, 2, 0, 1, 1, 0, 2, 0, 1, 2, 2, 1, 4, 0, 3, 2, 4, 1, 2, 1, 3, 1, 1, 1, 3, 0, 4, 3, 1, 4, 1, 1, 0, 4, 4, 2, 1, 1, 1, 0, 1, 1, 3, 1, 1, 3, 1, 2, 1, 1, 4, 1, 2, 1, 1, 2, 4, 1, 2]|[0, 2, 1, 1, 3, 0, 1, 0, 0, 0, 0, 0, 1, 0, 1, 0, 0, 3, 1, 0, 0, 0, 3, 1, 0, 2, 0, 0, 0, 1, 0, 0, 0, 0, 3, 0, 1, 0, 0, 2, 1, 1, 1, 0, 0, 0, 0, 0, 1, 0, 0, 0, 1, 3, 0, 0, 1, 2, 0, 1, 0, 2, 0, 1, 0, 2, 1, 0, 0, 1, 1, 3, 1, 1, 3, 3, 1, 0, 0, 2, 0, 0, 0, 0, 1, 0, 2, 0, 1, 0, 0, 0, 0, 0, 0, 1, 0, 2, 0, 0],826.2692982442214,56322.20417305498,96958.27748998742,true
9,G4_BALANCED,G4_BALANCED,[31, 22, 82, 15, 26, 58, 95, 42, 77, 12, 47, 5, 93, 78, 86, 54, 85, 63, 18, 44, 20, 35, 43, 97, 91, 76, 10, 30, 21, 45, 71, 64, 1, 23, 17, 83, 24, 14, 60, 36, 6, 57, 40, 88, 65, 56, 79, 94, 67, 68, 46, 75, 38, 9, 19, 32, 81, 41, 27, 62, 87, 90, 99, 59, 11, 16, 72, 73, 70, 39, 37, 84, 3, 92, 25, 55, 28, 29, 51, 7, 66, 61, 98, 48, 89, 50, 96, 8, 80, 53, 34, 4, 33, 2, 52, 49, 0, 69, 74, 13]|[1, 1, 0, 1, 1, 0, 1, 2, 2, 1, 2, 2, 2, 1, 1, 0, 0, 1, 0, 2, 2, 0, 1, 2, 0, 1, 2, 2, 0, 0, 1, 2, 1, 2, 1, 0, 2, 0, 1, 1, 0, 1, 1, 1, 0, 2, 1, 1, 0, 0, 0, 0, 1, 1, 2, 1, 2, 1, 0, 0, 2, 1, 0, 1, 2, 1, 2, 1, 1, 1, 1, 1, 1, 0, 1, 1, 0, 0, 0, 1, 2, 1, 2, 0, 1, 0, 0, 1, 0, 0, 2, 1, 2, 0, 1, 0, 0, 1, 2, 0]|[4, 3, 2, 2, 4, 1, 2, 2, 2, 4, 1, 1, 2, 4, 4, 1, 2, 4, 2, 1, 1, 1, 1, 2, 1, 2, 1, 1, 1, 1, 3, 2, 3, 1, 4, 0, 1, 1, 0, 3, 2, 2, 2, 0, 1, 1, 0, 4, 0, 1, 2, 2, 1, 0, 0, 3, 2, 4, 1, 2, 2, 3, 1, 1, 1, 3, 0, 4, 3, 1, 4, 1, 1, 0, 4, 4, 2, 1, 1, 1, 1, 3, 1, 1, 1, 1, 1, 3, 1, 2, 1, 4, 1, 2, 1, 1, 2, 4, 1, 2]|[0, 2, 1, 1, 3, 0, 1, 0, 0, 0, 0, 0, 1, 0, 1, 0, 0, 3, 1, 0, 0, 0, 3, 1, 0, 2, 0, 0, 0, 1, 0, 0, 0, 0, 3, 0, 1, 0, 0, 2, 1, 1, 1, 0, 0, 0, 0, 2, 1, 0, 0, 0, 1, 3, 0, 0, 1, 2, 0, 1, 0, 2, 0, 1, 0, 2, 1, 0, 0, 1, 1, 3, 1, 1, 3, 3, 1, 0, 0, 2, 0, 0, 0, 0, 1, 0, 0, 2, 0, 1, 0, 0, 0, 0, 1, 1, 0, 2, 0, 0],765.9990607008382,57213.806194498815,96238.34283731865,false
9,G2_TEC,G2_TEC,[31, 22, 82, 15, 26, 9, 95, 42, 77, 68, 47, 5, 93, 78, 86, 54, 85, 63, 18, 44, 20, 49, 36, 14, 74, 50, 53, 17, 21, 45, 71, 64, 3, 23, 30, 83, 24, 41, 60, 52, 65, 27, 90, 70, 39, 87, 48, 69, 99, 4, 46, 1, 13, 58, 97, 59, 28, 8, 73, 37, 35, 79, 11, 66, 76, 57, 40, 80, 96, 6, 16, 61, 33, 98, 32, 81, 62, 67, 10, 7, 56, 88, 51, 19, 91, 38, 75, 92, 25, 84, 2, 55, 43, 29, 34, 0, 12, 94, 89, 72]|[2, 1, 2, 1, 1, 2, 1, 1, 1, 1, 1, 0, 2, 2, 1, 2, 0, 0, 0, 2, 2, 1, 0, 2, 0, 2, 2, 1, 0, 1, 1, 1, 0, 0, 1, 0, 2, 1, 2, 2, 0, 0, 1, 1, 0, 2, 0, 2, 1, 0, 0, 2, 2, 0, 2, 0, 2, 1, 0, 0, 2, 1, 0, 2, 2, 0, 2, 2, 0, 1, 2, 1, 1, 0, 0, 1, 1, 1, 1, 2, 2, 1, 1, 1, 1, 0, 0, 0, 1, 0, 2, 0, 1, 1, 1, 0, 1, 1, 1, 1]|[0, 3, 0, 2, 4, 1, 4, 4, 2, 4, 3, 2, 1, 0, 2, 1, 1, 1, 2, 1, 1, 3, 0, 1, 0, 1, 1, 4, 1, 4, 3, 2, 2, 0, 4, 1, 1, 4, 0, 1, 2, 1, 4, 4, 1, 1, 0, 2, 3, 1, 2, 1, 2, 1, 1, 2, 0, 3, 0, 2, 2, 3, 1, 0, 1, 0, 0, 1, 2, 4, 1, 3, 4, 2, 2, 4, 3, 3, 3, 1, 1, 4, 3, 4, 3, 2, 2, 2, 4, 2, 1, 2, 4, 3, 1, 2, 3, 4, 4, 4]|[0, 2, 0, 1, 3, 0, 1, 3, 0, 0, 2, 0, 1, 0, 1, 0, 0, 0, 1, 0, 0, 2, 0, 0, 1, 0, 0, 3, 0, 1, 0, 2, 0, 0, 3, 0, 1, 3, 1, 0, 0, 0, 1, 3, 0, 0, 1, 0, 2, 0, 0, 0, 0, 0, 1, 0, 0, 0, 1, 1, 0, 2, 0, 0, 0, 1, 0, 0, 0, 2, 0, 0, 1, 0, 0, 2, 0, 0, 3, 0, 0, 1, 0, 3, 0, 0, 0, 0, 3, 0, 0, 0, 2, 0, 1, 0, 0, 2, 1, 2],863.840939798981,52281.731521347596,112954.27457422629,false
9,G3_TWC,G4_BALANCED,[31, 22, 82, 15, 26, 58, 95, 42, 77, 12, 47, 5, 93, 78, 86, 54, 85, 63, 18, 44, 20, 35, 43, 97, 91, 76, 10, 30, 21, 45, 71, 64, 1, 23, 17, 83, 24, 14, 60, 36, 6, 57, 40, 88, 65, 56, 79, 94, 67, 68, 46, 75, 38, 9, 19, 32, 81, 41, 27, 62, 87, 90, 99, 59, 11, 16, 72, 73, 70, 39, 37, 84, 3, 92, 25, 55, 28, 29, 51, 7, 66, 61, 98, 48, 89, 50, 53, 96, 80, 33, 8, 4, 34, 2, 52, 49, 0, 69, 74, 13]|[1, 1, 0, 1, 1, 0, 1, 2, 2, 1, 2, 2, 2, 1, 1, 0, 0, 1, 0, 2, 2, 0, 1, 2, 0, 1, 2, 2, 0, 0, 1, 2, 1, 2, 1, 0, 2, 0, 1, 1, 0, 1, 1, 1, 0, 2, 1, 1, 0, 0, 0, 0, 1, 1, 2, 1, 2, 1, 0, 0, 2, 1, 0, 1, 2, 1, 2, 1, 1, 1, 1, 1, 1, 0, 1, 1, 0, 0, 0, 1, 2, 1, 2, 0, 1, 0, 0, 0, 0, 2, 1, 1, 2, 0, 1, 0, 0, 1, 2, 0]|[4, 3, 2, 2, 4, 1, 2, 2, 2, 4, 1, 1, 2, 4, 4, 1, 2, 4, 2, 1, 1, 1, 1, 2, 1, 2, 1, 1, 1, 1, 3, 2, 3, 1, 4, 0, 1, 1, 0, 3, 2, 2, 2, 0, 1, 1, 0, 4, 0, 1, 2, 2, 1, 0, 0, 3, 2, 4, 1, 2, 2, 3, 1, 1, 1, 3, 0, 4, 3, 1, 4, 1, 1, 0, 4, 4, 2, 1, 1, 1, 1, 3, 1, 1, 1, 1, 2, 1, 1, 1, 3, 4, 1, 2, 1, 1, 2, 4, 1, 2]|[0, 2, 1, 1, 3, 0, 1, 0, 0, 0, 0, 0, 1, 0, 1, 0, 0, 3, 1, 0, 0, 0, 3, 1, 0, 2, 0, 0, 0, 1, 0, 0, 0, 0, 3, 0, 1, 0, 0, 2, 1, 1, 1, 0, 0, 0, 0, 2, 1, 0, 0, 0, 1, 3, 0, 0, 1, 2, 0, 1, 0, 2, 0, 1, 0, 2, 1, 0, 0, 1, 1, 3, 1, 1, 3, 3, 1, 0, 0, 2, 0, 0, 0, 0, 1, 0, 1, 0, 0, 0, 2, 0, 0, 0, 1, 1, 0, 2, 0, 0],765.9990607008382,57212.64690506722,96246.54492548452,true
9,G1_CMAX,G1_CMAX,[31, 22, 82, 15, 26, 9, 95, 42, 77, 12, 47, 5, 93, 78, 86, 54, 6, 63, 18, 44, 20, 35, 43, 97, 91, 76, 10, 30, 21, 45, 64, 1, 23, 17, 83, 24, 14, 60, 36, 13, 75, 46, 68, 67, 69, 79, 56, 65, 88, 40, 57, 85, 58, 19, 32, 81, 48, 27, 62, 87, 90, 99, 59, 11, 16, 72, 73, 71, 70, 39, 37, 84, 3, 98, 29, 28, 55, 25, 92, 7, 33, 61, 53, 41, 89, 50, 8, 96, 51, 80, 34, 4, 66, 2, 52, 49, 0, 94, 74, 38]|[1, 1, 0, 1, 1, 0, 1, 2, 2, 1, 2, 2, 2, 1, 1, 0, 0, 1, 0, 2, 2, 0, 1, 2, 0, 1, 2, 2, 0, 0, 2, 1, 2, 1, 0, 2, 2, 1, 1, 0, 0, 0, 0, 0, 2, 1, 2, 0, 1, 1, 1, 0, 1, 2, 1, 2, 1, 0, 0, 2, 1, 0, 1, 2, 1, 2, 1, 1, 1, 1, 1, 1, 1, 0, 0, 0, 1, 1, 0, 1, 0, 1, 0, 1, 1, 0, 1, 0, 0, 0, 2, 1, 2, 0, 1, 0, 0, 2, 2, 1]|[0, 3, 2, 2, 4, 1, 2, 2, 2, 4, 1, 1, 2, 4, 4, 1, 2, 4, 2, 1, 1, 1, 1, 2, 1, 2, 1, 1, 1, 1, 2, 3, 0, 4, 0, 1, 2, 0, 3, 2, 2, 2, 1, 0, 2, 0, 1, 1, 0, 2, 2, 2, 0, 0, 3, 2, 4, 1, 2, 2, 3, 1, 1, 1, 3, 0, 4, 3, 3, 1, 4, 1, 1, 1, 1, 2, 4, 4, 0, 1, 2, 3, 2, 4, 1, 1, 3, 1, 1, 1, 1, 4, 1, 2, 1, 1, 2, 2, 1, 1]|[0, 2, 1, 1, 3, 0, 1, 0, 0, 0, 0, 0, 1, 0, 1, 0, 1, 3, 1, 0, 0, 0, 3, 1, 0, 2, 0, 0, 0, 1, 0, 0, 0, 3, 0, 1, 1, 0, 2, 0, 0, 0, 0, 1, 0, 0, 0, 0, 0, 1, 1, 0, 3, 0, 0, 1, 2, 0, 1, 0, 2, 0, 1, 0, 2, 1, 0, 0, 0, 1, 1, 3, 1, 0, 0, 1, 3, 3, 1, 2, 1, 0, 1, 3, 1, 0, 2, 0, 0, 0, 0, 0, 0, 0, 1, 1, 0, 0, 0, 1],740.6648699319737,58345.503832923176,99227.13002615936,false
9,G4_BALANCED,G4_BALANCED,[31, 22, 82, 15, 26, 58, 95, 42, 77, 12, 47, 5, 93, 78, 86, 54, 85, 63, 18, 44, 20, 35, 43, 97, 91, 76, 10, 30, 21, 45, 71, 64, 1, 23, 17, 83, 24, 14, 60, 36, 6, 57, 40, 88, 65, 56, 79, 94, 67, 68, 46, 75, 38, 9, 19, 32, 81, 41, 27, 62, 87, 90, 99, 59, 11, 16, 72, 73, 70, 39, 37, 84, 3, 92, 25, 55, 28, 29, 51, 7, 66, 61, 98, 48, 89, 50, 96, 8, 80, 53, 34, 4, 33, 2, 52, 49, 0, 69, 74, 13]|[1, 1, 0, 1, 1, 0, 1, 2, 2, 1, 2, 2, 2, 1, 1, 0, 0, 1, 0, 2, 2, 0, 1, 2, 0, 1, 2, 2, 0, 0, 1, 2, 1, 2, 1, 0, 2, 0, 1, 1, 0, 1, 1, 1, 0, 2, 1, 1, 0, 0, 0, 0, 1, 1, 2, 1, 2, 1, 0, 0, 2, 1, 0, 1, 2, 1, 2, 1, 1, 1, 1, 1, 1, 0, 1, 1, 0, 0, 0, 1, 2, 1, 2, 0, 1, 0, 0, 1, 0, 0, 2, 1, 2, 0, 1, 0, 0, 1, 2, 0]|[4, 3, 2, 2, 4, 1, 2, 2, 2, 4, 1, 1, 2, 4, 4, 1, 2, 4, 2, 1, 1, 1, 1, 2, 1, 2, 1, 1, 1, 1, 3, 2, 3, 1, 4, 0, 1, 1, 0, 3, 2, 2, 2, 0, 1, 1, 0, 4, 0, 1, 2, 2, 1, 0, 0, 3, 2, 4, 1, 2, 2, 3, 1, 1, 1, 3, 0, 4, 3, 1, 4, 1, 1, 0, 4, 4, 2, 1, 1, 1, 1, 3, 1, 1, 1, 1, 1, 3, 1, 2, 1, 4, 1, 2, 1, 1, 2, 4, 1, 2]|[0, 2, 1, 1, 3, 0, 1, 0, 0, 0, 0, 0, 1, 0, 1, 0, 0, 3, 1, 0, 0, 0, 3, 1, 0, 2, 0, 0, 0, 1, 0, 0, 0, 0, 3, 0, 1, 0, 0, 2, 1, 1, 1, 0, 0, 0, 0, 2, 1, 0, 0, 0, 1, 3, 0, 0, 1, 2, 0, 1, 0, 2, 0, 1, 0, 2, 1, 0, 0, 1, 1, 3, 1, 1, 3, 3, 1, 0, 0, 2, 0, 0, 0, 0, 1, 0, 0, 2, 0, 1, 0, 0, 0, 0, 1, 1, 0, 2, 0, 0],765.9990607008382,57213.806194498815,96238.34283731865,false
9,G2_TEC,G2_TEC,[31, 22, 82, 15, 26, 9, 95, 42, 77, 68, 47, 5, 93, 78, 86, 54, 85, 63, 18, 44, 20, 49, 36, 14, 74, 50, 53, 17, 21, 45, 71, 64, 3, 23, 30, 83, 24, 41, 60, 52, 65, 27, 90, 70, 39, 87, 48, 69, 99, 4, 46, 1, 13, 58, 97, 59, 28, 8, 73, 37, 35, 79, 11, 66, 76, 57, 40, 80, 96, 6, 16, 61, 33, 98, 32, 81, 62, 67, 10, 7, 56, 88, 51, 19, 91, 38, 75, 92, 25, 84, 2, 55, 43, 29, 34, 0, 12, 94, 89, 72]|[2, 1, 2, 1, 1, 2, 1, 1, 1, 1, 1, 0, 2, 2, 1, 2, 0, 0, 0, 2, 2, 1, 0, 2, 0, 2, 2, 1, 0, 1, 1, 1, 0, 0, 1, 0, 2, 1, 2, 2, 0, 0, 1, 1, 0, 2, 0, 2, 1, 0, 0, 2, 2, 0, 2, 0, 2, 1, 0, 0, 2, 1, 0, 2, 2, 0, 2, 2, 0, 1, 2, 1, 1, 0, 0, 1, 1, 1, 1, 2, 2, 1, 1, 1, 1, 0, 0, 0, 1, 0, 2, 0, 1, 1, 1, 0, 1, 1, 1, 1]|[0, 3, 0, 2, 4, 1, 4, 4, 2, 4, 3, 2, 1, 0, 2, 1, 1, 1, 2, 1, 1, 3, 0, 1, 0, 1, 1, 4, 1, 4, 3, 2, 2, 0, 4, 1, 1, 4, 0, 1, 2, 1, 4, 4, 1, 1, 0, 2, 3, 1, 2, 1, 2, 1, 1, 2, 0, 3, 0, 2, 2, 3, 1, 0, 1, 0, 0, 1, 2, 4, 1, 3, 4, 2, 2, 4, 3, 3, 3, 1, 1, 4, 3, 4, 3, 2, 2, 2, 4, 2, 1, 2, 4, 3, 1, 2, 3, 4, 4, 4]|[0, 2, 0, 1, 3, 0, 1, 3, 0, 0, 2, 0, 1, 0, 1, 0, 0, 0, 1, 0, 0, 2, 0, 0, 1, 0, 0, 3, 0, 1, 0, 2, 0, 0, 3, 0, 1, 3, 1, 0, 0, 0, 1, 3, 0, 0, 1, 0, 2, 0, 0, 0, 0, 0, 1, 0, 0, 0, 1, 1, 0, 2, 0, 0, 0, 1, 0, 0, 0, 2, 0, 0, 1, 0, 0, 2, 0, 0, 3, 0, 0, 1, 0, 3, 0, 0, 0, 0, 3, 0, 0, 0, 2, 0, 1, 0, 0, 2, 1, 2],863.840939798981,52281.731521347596,112954.27457422629,false
9,G3_TWC,G4_BALANCED,[31, 22, 82, 15, 26, 58, 95, 42, 77, 12, 47, 5, 93, 78, 86, 54, 85, 63, 18, 44, 20, 35, 43, 97, 91, 76, 10, 30, 21, 45, 71, 64, 1, 23, 17, 83, 24, 14, 60, 36, 6, 57, 40, 88, 65, 56, 79, 94, 67, 68, 46, 75, 38, 9, 19, 32, 81, 41, 27, 62, 87, 90, 99, 59, 11, 16, 72, 73, 70, 39, 37, 84, 3, 92, 25, 55, 28, 29, 51, 7, 66, 61, 98, 48, 89, 50, 53, 96, 80, 33, 8, 4, 34, 2, 52, 49, 0, 69, 74, 13]|[1, 1, 0, 1, 1, 0, 1, 2, 2, 1, 2, 2, 2, 1, 1, 0, 0, 1, 0, 2, 2, 0, 1, 2, 0, 1, 2, 2, 0, 0, 1, 2, 1, 2, 1, 0, 2, 0, 1, 1, 0, 1, 1, 1, 0, 2, 1, 1, 0, 0, 0, 0, 1, 1, 2, 1, 2, 1, 0, 0, 2, 1, 0, 1, 2, 1, 2, 1, 1, 1, 1, 1, 1, 0, 1, 1, 0, 0, 0, 1, 2, 1, 2, 0, 1, 0, 0, 0, 0, 2, 1, 1, 2, 0, 1, 0, 0, 1, 2, 0]|[4, 3, 2, 2, 4, 1, 2, 2, 2, 4, 1, 1, 2, 4, 4, 1, 2, 4, 2, 1, 1, 1, 1, 2, 1, 2, 1, 1, 1, 1, 3, 2, 3, 1, 4, 0, 1, 1, 0, 3, 2, 2, 2, 0, 1, 1, 0, 4, 0, 1, 2, 2, 1, 0, 0, 3, 2, 4, 1, 2, 2, 3, 1, 1, 1, 3, 0, 4, 3, 1, 4, 1, 1, 0, 4, 4, 2, 1, 1, 1, 1, 3, 1, 1, 1, 1, 2, 1, 1, 1, 3, 4, 1, 2, 1, 1, 2, 4, 1, 2]|[0, 2, 1, 1, 3, 0, 1, 0, 0, 0, 0, 0, 1, 0, 1, 0, 0, 3, 1, 0, 0, 0, 3, 1, 0, 2, 0, 0, 0, 1, 0, 0, 0, 0, 3, 0, 1, 0, 0, 2, 1, 1, 1, 0, 0, 0, 0, 2, 1, 0, 0, 0, 1, 3, 0, 0, 1, 2, 0, 1, 0, 2, 0, 1, 0, 2, 1, 0, 0, 1, 1, 3, 1, 1, 3, 3, 1, 0, 0, 2, 0, 0, 0, 0, 1, 0, 1, 0, 0, 0, 2, 0, 0, 0, 1, 1, 0, 2, 0, 0],765.9990607008382,57212.64690506722,96246.54492548452,true
9,G1_CMAX,G3_TWC,[31, 22, 82, 15, 26, 9, 95, 42, 77, 12, 47, 5, 93, 78, 86, 54, 85, 63, 18, 44, 20, 35, 43, 97, 91, 76, 10, 30, 21, 45, 71, 64, 1, 23, 17, 83, 24, 14, 60, 36, 6, 57, 40, 88, 65, 56, 79, 69, 67, 68, 46, 75, 38, 58, 19, 32, 81, 48, 27, 62, 87, 90, 99, 59, 11, 16, 72, 73, 70, 39, 37, 84, 3, 92, 25, 55, 28, 29, 51, 7, 66, 61, 98, 41, 89, 50, 33, 8, 80, 53, 34, 4, 96, 2, 52, 49, 0, 94, 74, 13]|[1, 1, 0, 1, 1, 0, 1, 2, 2, 1, 2, 2, 2, 1, 1, 0, 0, 1, 0, 2, 2, 0, 1, 2, 0, 1, 2, 2, 0, 0, 1, 2, 1, 0, 1, 0, 2, 0, 1, 1, 0, 1, 1, 1, 0, 2, 1, 2, 0, 0, 0, 0, 1, 1, 2, 1, 2, 1, 0, 0, 2, 1, 0, 1, 2, 1, 2, 1, 1, 1, 1, 1, 1, 0, 1, 1, 0, 0, 0, 1, 2, 1, 2, 2, 1, 0, 0, 1, 0, 0, 2, 1, 0, 0, 2, 0, 0, 1, 2, 0]|[4, 3, 2, 2, 4, 1, 2, 2, 2, 4, 1, 1, 2, 4, 4, 1, 2, 4, 2, 1, 1, 1, 1, 2, 1, 2, 1, 1, 1, 1, 3, 2, 3, 0, 4, 0, 1, 1, 0, 3, 2, 2, 2, 0, 1, 1, 0, 2, 0, 1, 2, 2, 1, 0, 0, 3, 2, 4, 1, 2, 2, 3, 1, 1, 1, 3, 0, 4, 3, 1, 4, 1, 1, 0, 4, 4, 2, 1, 1, 1, 1, 3, 1, 1, 1, 1, 2, 3, 1, 2, 1, 4, 1, 2, 1, 1, 2, 4, 1, 2]|[0, 2, 1, 1, 3, 0, 1, 0, 0, 0, 0, 0, 1, 0, 1, 0, 0, 3, 1, 0, 0, 0, 3, 1, 0, 2, 0, 0, 0, 1, 0, 0, 0, 0, 3, 0, 1, 0, 0, 2, 1, 1, 1, 0, 0, 0, 0, 0, 1, 0, 0, 0, 1, 3, 0, 0, 1, 2, 0, 1, 0, 2, 0, 1, 0, 2, 1, 0, 0, 1, 1, 3, 1, 1, 3, 3, 1, 0, 0, 2, 0, 0, 0, 0, 1, 0, 1, 2, 0, 1, 0, 0, 0, 0, 0, 1, 0, 2, 0, 0],788.4263571595221,56475.73213369948,98030.36464966477,true
9,G4_BALANCED,G4_BALANCED,[31, 22, 82, 15, 26, 58, 95, 42, 77, 12, 47, 5, 93, 78, 86, 54, 85, 63, 18, 44, 20, 35, 43, 97, 91, 76, 10, 30, 21, 45, 71, 64, 1, 23, 17, 83, 24, 14, 60, 36, 6, 57, 40, 88, 65, 56, 79, 94, 67, 68, 46, 75, 38, 9, 19, 32, 81, 41, 27, 62, 87, 90, 99, 59, 11, 16, 72, 73, 70, 39, 37, 84, 3, 92, 25, 55, 28, 29, 51, 7, 66, 61, 98, 48, 89, 50, 96, 8, 80, 53, 34, 4, 33, 2, 52, 49, 0, 69, 74, 13]|[1, 1, 0, 1, 1, 0, 1, 2, 2, 1, 2, 2, 2, 1, 1, 0, 0, 1, 0, 2, 2, 0, 1, 2, 0, 1, 2, 2, 0, 0, 1, 2, 1, 2, 1, 0, 2, 0, 1, 1, 0, 1, 1, 1, 0, 2, 1, 1, 0, 0, 0, 0, 1, 1, 2, 1, 2, 1, 0, 0, 2, 1, 0, 1, 2, 1, 2, 1, 1, 1, 1, 1, 1, 0, 1, 1, 0, 0, 0, 1, 2, 1, 2, 0, 1, 0, 0, 1, 0, 0, 2, 1, 2, 0, 1, 0, 0, 1, 2, 0]|[4, 3, 2, 2, 4, 1, 2, 2, 2, 4, 1, 1, 2, 4, 4, 1, 2, 4, 2, 1, 1, 1, 1, 2, 1, 2, 1, 1, 1, 1, 3, 2, 3, 1, 4, 0, 1, 1, 0, 3, 2, 2, 2, 0, 1, 1, 0, 4, 0, 1, 2, 2, 1, 0, 0, 3, 2, 4, 1, 2, 2, 3, 1, 1, 1, 3, 0, 4, 3, 1, 4, 1, 1, 0, 4, 4, 2, 1, 1, 1, 1, 3, 1, 1, 1, 1, 1, 3, 1, 2, 1, 4, 1, 2, 1, 1, 2, 4, 1, 2]|[0, 2, 1, 1, 3, 0, 1, 0, 0, 0, 0, 0, 1, 0, 1, 0, 0, 3, 1, 0, 0, 0, 3, 1, 0, 2, 0, 0, 0, 1, 0, 0, 0, 0, 3, 0, 1, 0, 0, 2, 1, 1, 1, 0, 0, 0, 0, 2, 1, 0, 0, 0, 1, 3, 0, 0, 1, 2, 0, 1, 0, 2, 0, 1, 0, 2, 1, 0, 0, 1, 1, 3, 1, 1, 3, 3, 1, 0, 0, 2, 0, 0, 0, 0, 1, 0, 0, 2, 0, 1, 0, 0, 0, 0, 1, 1, 0, 2, 0, 0],765.9990607008382,57213.806194498815,96238.34283731865,false
9,G2_TEC,G2_TEC,[31, 22, 82, 15, 26, 9, 95, 42, 77, 68, 47, 5, 93, 78, 86, 54, 85, 63, 18, 44, 20, 49, 36, 14, 74, 50, 53, 17, 21, 45, 71, 64, 3, 23, 30, 83, 24, 41, 60, 52, 65, 27, 90, 70, 39, 87, 48, 69, 99, 4, 46, 1, 13, 58, 97, 59, 28, 8, 73, 37, 35, 79, 11, 66, 76, 57, 40, 80, 96, 6, 16, 61, 33, 98, 32, 81, 62, 67, 10, 7, 56, 88, 51, 19, 91, 38, 75, 92, 25, 84, 2, 55, 43, 29, 34, 0, 12, 94, 89, 72]|[2, 1, 2, 1, 1, 2, 1, 1, 1, 1, 1, 0, 2, 2, 1, 2, 0, 0, 0, 2, 2, 1, 0, 2, 0, 2, 2, 1, 0, 1, 1, 1, 0, 0, 1, 0, 2, 1, 2, 2, 0, 0, 1, 1, 0, 2, 0, 2, 1, 0, 0, 2, 2, 0, 2, 0, 2, 1, 0, 0, 2, 1, 0, 2, 2, 0, 2, 2, 0, 1, 2, 1, 1, 0, 0, 1, 1, 1, 1, 2, 2, 1, 1, 1, 1, 0, 0, 0, 1, 0, 2, 0, 1, 1, 1, 0, 1, 1, 1, 1]|[0, 3, 0, 2, 4, 1, 4, 4, 2, 4, 3, 2, 1, 0, 2, 1, 1, 1, 2, 1, 1, 3, 0, 1, 0, 1, 1, 4, 1, 4, 3, 2, 2, 0, 4, 1, 1, 4, 0, 1, 2, 1, 4, 4, 1, 1, 0, 2, 3, 1, 2, 1, 2, 1, 1, 2, 0, 3, 0, 2, 2, 3, 1, 0, 1, 0, 0, 1, 2, 4, 1, 3, 4, 2, 2, 4, 3, 3, 3, 1, 1, 4, 3, 4, 3, 2, 2, 2, 4, 2, 1, 2, 4, 3, 1, 2, 3, 4, 4, 4]|[0, 2, 0, 1, 3, 0, 1, 3, 0, 0, 2, 0, 1, 0, 1, 0, 0, 0, 1, 0, 0, 2, 0, 0, 1, 0, 0, 3, 0, 1, 0, 2, 0, 0, 3, 0, 1, 3, 1, 0, 0, 0, 1, 3, 0, 0, 1, 0, 2, 0, 0, 0, 0, 0, 1, 0, 0, 0, 1, 1, 0, 2, 0, 0, 0, 1, 0, 0, 0, 2, 0, 0, 1, 0, 0, 2, 0, 0, 3, 0, 0, 1, 0, 3, 0, 0, 0, 0, 3, 0, 0, 0, 2, 0, 1, 0, 0, 2, 1, 2],863.840939798981,52281.731521347596,112954.27457422629,false
9,G3_TWC,G4_BALANCED,[31, 22, 82, 15, 26, 58, 95, 42, 77, 12, 47, 5, 93, 78, 86, 54, 85, 63, 18, 44, 20, 35, 43, 97, 91, 76, 10, 30, 21, 45, 71, 64, 1, 23, 17, 83, 24, 14, 60, 36, 6, 57, 40, 88, 65, 56, 79, 94, 67, 68, 46, 75, 38, 9, 19, 32, 81, 41, 27, 62, 87, 90, 99, 59, 11, 16, 72, 73, 70, 39, 37, 84, 3, 92, 25, 55, 28, 29, 51, 7, 66, 61, 98, 48, 89, 50, 53, 96, 80, 33, 8, 4, 34, 2, 52, 49, 0, 69, 74, 13]|[1, 1, 0, 1, 1, 0, 1, 2, 2, 1, 2, 2, 2, 1, 1, 0, 0, 1, 0, 2, 2, 0, 1, 2, 0, 1, 2, 2, 0, 0, 1, 2, 1, 2, 1, 0, 2, 0, 1, 1, 0, 1, 1, 1, 0, 2, 1, 1, 0, 0, 0, 0, 1, 1, 2, 1, 2, 1, 0, 0, 2, 1, 0, 1, 2, 1, 2, 1, 1, 1, 1, 1, 1, 0, 1, 1, 0, 0, 0, 1, 2, 1, 2, 0, 1, 0, 0, 0, 0, 2, 1, 1, 2, 0, 1, 0, 0, 1, 2, 0]|[4, 3, 2, 2, 4, 1, 2, 2, 2, 4, 1, 1, 2, 4, 4, 1, 2, 4, 2, 1, 1, 1, 1, 2, 1, 2, 1, 1, 1, 1, 3, 2, 3, 1, 4, 0, 1, 1, 0, 3, 2, 2, 2, 0, 1, 1, 0, 4, 0, 1, 2, 2, 1, 0, 0, 3, 2, 4, 1, 2, 2, 3, 1, 1, 1, 3, 0, 4, 3, 1, 4, 1, 1, 0, 4, 4, 2, 1, 1, 1, 1, 3, 1, 1, 1, 1, 2, 1, 1, 1, 3, 4, 1, 2, 1, 1, 2, 4, 1, 2]|[0, 2, 1, 1, 3, 0, 1, 0, 0, 0, 0, 0, 1, 0, 1, 0, 0, 3, 1, 0, 0, 0, 3, 1, 0, 2, 0, 0, 0, 1, 0, 0, 0, 0, 3, 0, 1, 0, 0, 2, 1, 1, 1, 0, 0, 0, 0, 2, 1, 0, 0, 0, 1, 3, 0, 0, 1, 2, 0, 1, 0, 2, 0, 1, 0, 2, 1, 0, 0, 1, 1, 3, 1, 1, 3, 3, 1, 0, 0, 2, 0, 0, 0, 0, 1, 0, 1, 0, 0, 0, 2, 0, 0, 0, 1, 1, 0, 2, 0, 0],765.9990607008382,57212.64690506722,96246.54492548452,true
9,G1_CMAX,G3_TWC,[31, 22, 82, 15, 26, 9, 95, 42, 77, 12, 47, 5, 93, 78, 86, 54, 85, 63, 18, 44, 20, 35, 43, 97, 91, 76, 10, 30, 21, 45, 71, 64, 1, 23, 17, 83, 24, 14, 60, 36, 6, 57, 40, 88, 65, 56, 79, 94, 67, 68, 46, 75, 38, 58, 19, 32, 81, 48, 27, 62, 87, 90, 99, 59, 11, 16, 72, 73, 70, 39, 37, 84, 3, 92, 25, 55, 28, 29, 51, 7, 33, 61, 98, 41, 89, 50, 96, 53, 80, 66, 8, 4, 34, 2, 52, 49, 0, 69, 74, 13]|[1, 1, 0, 1, 1, 1, 1, 2, 2, 1, 2, 2, 2, 1, 1, 0, 0, 1, 0, 2, 2, 0, 1, 2, 0, 1, 2, 2, 0, 0, 1, 2, 1, 2, 1, 0, 2, 0, 1, 1, 0, 1, 1, 1, 0, 2, 1, 1, 0, 0, 0, 0, 1, 1, 2, 1, 2, 0, 0, 0, 2, 1, 0, 1, 2, 1, 2, 1, 1, 1, 1, 1, 1, 0, 1, 1, 0, 0, 0, 1, 0, 1, 0, 0, 1, 0, 0, 0, 0, 2, 1, 0, 2, 0, 1, 0, 0, 1, 2, 0]|[4, 3, 2, 2, 4, 0, 2, 2, 2, 4, 1, 1, 2, 4, 4, 1, 2, 4, 2, 1, 1, 1, 1, 2, 1, 2, 1, 1, 1, 1, 3, 2, 3, 0, 4, 0, 1, 1, 0, 3, 2, 2, 2, 0, 1, 1, 0, 4, 0, 1, 2, 2, 1, 0, 0, 3, 2, 1, 1, 2, 2, 3, 1, 1, 1, 3, 0, 4, 3, 1, 4, 1, 1, 0, 4, 4, 2, 1, 1, 1, 2, 3, 1, 1, 1, 1, 1, 2, 1, 1, 3, 2, 1, 2, 1, 1, 2, 4, 1, 2]|[0, 2, 1, 1, 3, 3, 1, 0, 0, 0, 0, 0, 1, 0, 1, 0, 0, 3, 1, 0, 0, 0, 3, 1, 0, 2, 0, 0, 0, 1, 0, 0, 0, 0, 3, 0, 1, 0, 0, 2, 1, 1, 1, 0, 0, 0, 0, 2, 1, 0, 0, 0, 1, 3, 0, 0, 1, 0, 0, 1, 0, 2, 0, 1, 0, 2, 1, 0, 0, 1, 1, 3, 1, 1, 3, 3, 1, 0, 0, 2, 1, 0, 0, 0, 1, 0, 0, 1, 0, 0, 2, 1, 0, 0, 1, 1, 0, 2, 0, 0],825.7035958459396,58530.88017466998,93752.40959936625,true
9,G4_BALANCED,G4_BALANCED,[31, 22, 82, 15, 26, 58, 95, 42, 77, 12, 47, 5, 93, 78, 86, 54, 85, 63, 18, 44, 20, 35, 43, 97, 91, 76, 10, 30, 21, 45, 71, 64, 1, 23, 17, 83, 24, 14, 60, 36, 6, 57, 40, 88, 65, 56, 79, 94, 67, 68, 46, 75, 38, 9, 19, 32, 81, 41, 27, 62, 87, 90, 99, 59, 11, 16, 72, 73, 70, 39, 37, 84, 3, 92, 25, 55, 28, 29, 51, 7, 66, 61, 98, 48, 89, 50, 96, 8, 80, 53, 34, 4, 33, 2, 52, 49, 0, 69, 74, 13]|[1, 1, 0, 1, 1, 0, 1, 2, 2, 1, 2, 2, 2, 1, 1, 0, 0, 1, 0, 2, 2, 0, 1, 2, 0, 1, 2, 2, 0, 0, 1, 2, 1, 2, 1, 0, 2, 0, 1, 1, 0, 1, 1, 1, 0, 2, 1, 1, 0, 0, 0, 0, 1, 1, 2, 1, 2, 1, 0, 0, 2, 1, 0, 1, 2, 1, 2, 1, 1, 1, 1, 1, 1, 0, 1, 1, 0, 0, 0, 1, 2, 1, 2, 0, 1, 0, 0, 1, 0, 0, 2, 1, 2, 0, 1, 0, 0, 1, 2, 0]|[4, 3, 2, 2, 4, 1, 2, 2, 2, 4, 1, 1, 2, 4, 4, 1, 2, 4, 2, 1, 1, 1, 1, 2, 1, 2, 1, 1, 1, 1, 3, 2, 3, 1, 4, 0, 1, 1, 0, 3, 2, 2, 2, 0, 1, 1, 0, 4, 0, 1, 2, 2, 1, 0, 0, 3, 2, 4, 1, 2, 2, 3, 1, 1, 1, 3, 0, 4, 3, 1, 4, 1, 1, 0, 4, 4, 2, 1, 1, 1, 1, 3, 1, 1, 1, 1, 1, 3, 1, 2, 1, 4, 1, 2, 1, 1, 2, 4, 1, 2]|[0, 2, 1, 1, 3, 0, 1, 0, 0, 0, 0, 0, 1, 0, 1, 0, 0, 3, 1, 0, 0, 0, 3, 1, 0, 2, 0, 0, 0, 1, 0, 0, 0, 0, 3, 0, 1, 0, 0, 2, 1, 1, 1, 0, 0, 0, 0, 2, 1, 0, 0, 0, 1, 3, 0, 0, 1, 2, 0, 1, 0, 2, 0, 1, 0, 2, 1, 0, 0, 1, 1, 3, 1, 1, 3, 3, 1, 0, 0, 2, 0, 0, 0, 0, 1, 0, 0, 2, 0, 1, 0, 0, 0, 0, 1, 1, 0, 2, 0, 0],765.9990607008382,57213.806194498815,96238.34283731865,false
9,G2_TEC,G2_TEC,[31, 22, 82, 15, 26, 9, 95, 42, 77, 68, 47, 5, 93, 78, 86, 54, 85, 63, 18, 44, 20, 49, 36, 14, 74, 50, 53, 17, 21, 45, 71, 64, 3, 23, 30, 83, 24, 41, 60, 52, 65, 27, 90, 70, 39, 87, 48, 69, 99, 4, 46, 1, 13, 58, 97, 59, 28, 8, 73, 37, 35, 79, 11, 66, 76, 57, 40, 80, 96, 6, 16, 61, 33, 98, 32, 81, 62, 67, 10, 7, 56, 88, 51, 19, 91, 38, 75, 92, 25, 84, 2, 55, 43, 29, 34, 0, 12, 94, 89, 72]|[2, 1, 2, 1, 1, 2, 1, 1, 1, 1, 1, 0, 2, 2, 1, 2, 0, 0, 0, 2, 2, 1, 0, 2, 0, 2, 2, 1, 0, 1, 1, 1, 0, 0, 1, 0, 2, 1, 2, 2, 0, 0, 1, 1, 0, 2, 0, 2, 1, 0, 0, 2, 2, 0, 2, 0, 2, 1, 0, 0, 2, 1, 0, 2, 2, 0, 2, 2, 0, 1, 2, 1, 1, 0, 0, 1, 1, 1, 1, 2, 2, 1, 1, 1, 1, 0, 0, 0, 1, 0, 2, 0, 1, 1, 1, 0, 1, 1, 1, 1]|[0, 3, 0, 2, 4, 1, 4, 4, 2, 4, 3, 2, 1, 0, 2, 1, 1, 1, 2, 1, 1, 3, 0, 1, 0, 1, 1, 4, 1, 4, 3, 2, 2, 0, 4, 1, 1, 4, 0, 1, 2, 1, 4, 4, 1, 1, 0, 2, 3, 1, 2, 1, 2, 1, 1, 2, 0, 3, 0, 2, 2, 3, 1, 0, 1, 0, 0, 1, 2, 4, 1, 3, 4, 2, 2, 4, 3, 3, 3, 1, 1, 4, 3, 4, 3, 2, 2, 2, 4, 2, 1, 2, 4, 3, 1, 2, 3, 4, 4, 4]|[0, 2, 0, 1, 3, 0, 1, 3, 0, 0, 2, 0, 1, 0, 1, 0, 0, 0, 1, 0, 0, 2, 0, 0, 1, 0, 0, 3, 0, 1, 0, 2, 0, 0, 3, 0, 1, 3, 1, 0, 0, 0, 1, 3, 0, 0, 1, 0, 2, 0, 0, 0, 0, 0, 1, 0, 0, 0, 1, 1, 0, 2, 0, 0, 0, 1, 0, 0, 0, 2, 0, 0, 1, 0, 0, 2, 0, 0, 3, 0, 0, 1, 0, 3, 0, 0, 0, 0, 3, 0, 0, 0, 2, 0, 1, 0, 0, 2, 1, 2],863.840939798981,52281.731521347596,112954.27457422629,false
9,G3_TWC,G4_BALANCED,[31, 22, 82, 15, 26, 58, 95, 42, 77, 12, 47, 5, 93, 78, 86, 54, 85, 63, 18, 44, 20, 35, 43, 97, 91, 76, 10, 30, 21, 45, 71, 64, 1, 23, 17, 83, 24, 14, 60, 36, 6, 57, 40, 88, 65, 56, 79, 94, 67, 68, 46, 75, 38, 9, 19, 32, 81, 41, 27, 62, 87, 90, 99, 59, 11, 16, 72, 73, 70, 39, 37, 84, 3, 92, 25, 55, 28, 29, 51, 7, 66, 61, 98, 48, 89, 50, 53, 96, 80, 33, 8, 4, 34, 2, 52, 49, 0, 69, 74, 13]|[1, 1, 0, 1, 1, 0, 1, 2, 2, 1, 2, 2, 2, 1, 1, 0, 0, 1, 0, 2, 2, 0, 1, 2, 0, 1, 2, 2, 0, 0, 1, 2, 1, 2, 1, 0, 2, 0, 1, 1, 0, 1, 1, 1, 0, 2, 1, 1, 0, 0, 0, 0, 1, 1, 2, 1, 2, 1, 0, 0, 2, 1, 0, 1, 2, 1, 2, 1, 1, 1, 1, 1, 1, 0, 1, 1, 0, 0, 0, 1, 2, 1, 2, 0, 1, 0, 0, 0, 0, 2, 1, 1, 2, 0, 1, 0, 0, 1, 2, 0]|[4, 3, 2, 2, 4, 1, 2, 2, 2, 4, 1, 1, 2, 4, 4, 1, 2, 4, 2, 1, 1, 1, 1, 2, 1, 2, 1, 1, 1, 1, 3, 2, 3, 1, 4, 0, 1, 1, 0, 3, 2, 2, 2, 0, 1, 1, 0, 4, 0, 1, 2, 2, 1, 0, 0, 3, 2, 4, 1, 2, 2, 3, 1, 1, 1, 3, 0, 4, 3, 1, 4, 1, 1, 0, 4, 4, 2, 1, 1, 1, 1, 3, 1, 1, 1, 1, 2, 1, 1, 1, 3, 4, 1, 2, 1, 1, 2, 4, 1, 2]|[0, 2, 1, 1, 3, 0, 1, 0, 0, 0, 0, 0, 1, 0, 1, 0, 0, 3, 1, 0, 0, 0, 3, 1, 0, 2, 0, 0, 0, 1, 0, 0, 0, 0, 3, 0, 1, 0, 0, 2, 1, 1, 1, 0, 0, 0, 0, 2, 1, 0, 0, 0, 1, 3, 0, 0, 1, 2, 0, 1, 0, 2, 0, 1, 0, 2, 1, 0, 0, 1, 1, 3, 1, 1, 3, 3, 1, 0, 0, 2, 0, 0, 0, 0, 1, 0, 1, 0, 0, 0, 2, 0, 0, 0, 1, 1, 0, 2, 0, 0],765.9990607008382,57212.64690506722,96246.54492548452,true
9,G1_CMAX,G4_BALANCED,[31, 22, 82, 15, 26, 9, 95, 42, 77, 12, 47, 5, 93, 78, 86, 54, 85, 63, 18, 44, 20, 35, 43, 97, 91, 76, 10, 30, 21, 45, 71, 64, 1, 23, 17, 83, 24, 14, 60, 36, 6, 57, 40, 88, 65, 56, 79, 69, 67, 68, 46, 75, 38, 58, 19, 32, 81, 48, 27, 62, 87, 90, 99, 59, 11, 16, 72, 73, 61, 39, 37, 84, 3, 92, 25, 55, 28, 29, 51, 7, 33, 70, 98, 66, 89, 50, 41, 96, 80, 53, 8, 4, 13, 2, 52, 49, 0, 94, 74, 34]|[1, 1, 0, 1, 1, 0, 1, 2, 2, 1, 2, 2, 2, 1, 1, 0, 0, 1, 0, 2, 2, 0, 1, 2, 0, 1, 2, 2, 0, 0, 1, 2, 1, 0, 1, 0, 2, 0, 1, 1, 0, 1, 1, 1, 0, 2, 1, 2, 0, 0, 0, 0, 1, 1, 2, 1, 2, 1, 0, 0, 2, 1, 0, 1, 2, 1, 2, 1, 1, 1, 1, 1, 1, 0, 1, 1, 0, 0, 0, 1, 2, 1, 2, 2, 1, 0, 0, 0, 0, 0, 1, 1, 0, 0, 2, 0, 0, 1, 2, 2]|[4, 3, 2, 2, 4, 1, 2, 2, 2, 4, 1, 1, 2, 4, 4, 1, 2, 4, 2, 1, 1, 1, 1, 2, 1, 2, 1, 1, 1, 1, 3, 2, 3, 0, 4, 0, 1, 1, 0, 3, 2, 2, 2, 0, 1, 1, 0, 2, 0, 1, 2, 2, 1, 4, 0, 3, 2, 4, 1, 2, 2, 3, 1, 1, 1, 3, 0, 4, 3, 1, 4, 1, 1, 0, 4, 4, 2, 1, 1, 1, 1, 3, 1, 0, 1, 1, 1, 1, 1, 2, 3, 4, 2, 2, 1, 1, 2, 4, 1, 1]|[0, 2, 1, 1, 3, 0, 1, 0, 0, 0, 0, 0, 1, 0, 1, 0, 0, 3, 1, 0, 0, 0, 3, 1, 0, 2, 0, 0, 0, 1, 0, 0, 0, 0, 3, 0, 1, 0, 0, 2, 1, 1, 1, 0, 0, 0, 0, 0, 1, 0, 0, 0, 1, 3, 0, 0, 1, 2, 0, 1, 0, 2, 0, 1, 0, 2, 1, 0, 0, 1, 1, 3, 1, 1, 3, 3, 1, 0, 0, 2, 0, 0, 0, 0, 1, 0, 0, 0, 0, 1, 2, 0, 0, 0, 0, 1, 0, 2, 0, 0],797.9930237574655,56320.46627704256,99044.2030796207,true
9,G4_BALANCED,G4_BALANCED,[31, 22, 82, 15, 26, 58, 95, 42, 77, 12, 47, 5, 93, 78, 86, 54, 85, 63, 18, 44, 20, 35, 43, 97, 91, 76, 10, 30, 21, 45, 71, 64, 1, 23, 17, 83, 24, 14, 60, 36, 6, 57, 40, 88, 65, 56, 79, 94, 67, 68, 46, 75, 38, 9, 19, 32, 81, 41, 27, 62, 87, 90, 99, 59, 11, 16, 72, 73, 70, 39, 37, 84, 3, 92, 25, 55, 28, 29, 51, 7, 66, 61, 98, 48, 89, 50, 96, 8, 80, 53, 34, 4, 33, 2, 52, 49, 0, 69, 74, 13]|[1, 1, 0, 1, 1, 0, 1, 2, 2, 1, 2, 2, 2, 1, 1, 0, 0, 1, 0, 2, 2, 0, 1, 2, 0, 1, 2, 2, 0, 0, 1, 2, 1, 2, 1, 0, 2, 0, 1, 1, 0, 1, 1, 1, 0, 2, 1, 1, 0, 0, 0, 0, 1, 1, 2, 1, 2, 1, 0, 0, 2, 1, 0, 1, 2, 1, 2, 1, 1, 1, 1, 1, 1, 0, 1, 1, 0, 0, 0, 1, 2, 1, 2, 0, 1, 0, 0, 1, 0, 0, 2, 1, 2, 0, 1, 0, 0, 1, 2, 0]|[4, 3, 2, 2, 4, 1, 2, 2, 2, 4, 1, 1, 2, 4, 4, 1, 2, 4, 2, 1, 1, 1, 1, 2, 1, 2, 1, 1, 1, 1, 3, 2, 3, 1, 4, 0, 1, 1, 0, 3, 2, 2, 2, 0, 1, 1, 0, 4, 0, 1, 2, 2, 1, 0, 0, 3, 2, 4, 1, 2, 2, 3, 1, 1, 1, 3, 0, 4, 3, 1, 4, 1, 1, 0, 4, 4, 2, 1, 1, 1, 1, 3, 1, 1, 1, 1, 1, 3, 1, 2, 1, 4, 1, 2, 1, 1, 2, 4, 1, 2]|[0, 2, 1, 1, 3, 0, 1, 0, 0, 0, 0, 0, 1, 0, 1, 0, 0, 3, 1, 0, 0, 0, 3, 1, 0, 2, 0, 0, 0, 1, 0, 0, 0, 0, 3, 0, 1, 0, 0, 2, 1, 1, 1, 0, 0, 0, 0, 2, 1, 0, 0, 0, 1, 3, 0, 0, 1, 2, 0, 1, 0, 2, 0, 1, 0, 2, 1, 0, 0, 1, 1, 3, 1, 1, 3, 3, 1, 0, 0, 2, 0, 0, 0, 0, 1, 0, 0, 2, 0, 1, 0, 0, 0, 0, 1, 1, 0, 2, 0, 0],765.9990607008382,57213.806194498815,96238.34283731865,false
9,G2_TEC,G2_TEC,[31, 22, 82, 15, 26, 9, 95, 42, 77, 68, 47, 5, 93, 78, 86, 54, 85, 63, 18, 44, 20, 49, 36, 14, 74, 50, 53, 17, 21, 45, 71, 64, 3, 23, 30, 83, 24, 41, 60, 52, 65, 27, 90, 70, 39, 87, 48, 69, 99, 4, 46, 1, 13, 58, 97, 59, 28, 8, 73, 37, 35, 79, 11, 66, 76, 57, 40, 80, 96, 6, 16, 61, 33, 98, 32, 81, 62, 67, 10, 7, 56, 88, 51, 19, 91, 38, 75, 92, 25, 84, 2, 55, 43, 29, 34, 0, 12, 94, 89, 72]|[2, 1, 2, 1, 1, 2, 1, 1, 1, 1, 1, 0, 2, 2, 1, 2, 0, 0, 0, 2, 2, 1, 0, 2, 0, 2, 2, 1, 0, 1, 1, 1, 0, 0, 1, 0, 2, 1, 2, 2, 0, 0, 1, 1, 0, 2, 0, 2, 1, 0, 0, 2, 2, 0, 2, 0, 2, 1, 0, 0, 2, 1, 0, 2, 2, 0, 2, 2, 0, 1, 2, 1, 1, 0, 0, 1, 1, 1, 1, 2, 2, 1, 1, 1, 1, 0, 0, 0, 1, 0, 2, 0, 1, 1, 1, 0, 1, 1, 1, 1]|[0, 3, 0, 2, 4, 1, 4, 4, 2, 4, 3, 2, 1, 0, 2, 1, 1, 1, 2, 1, 1, 3, 0, 1, 0, 1, 1, 4, 1, 4, 3, 2, 2, 0, 4, 1, 1, 4, 0, 1, 2, 1, 4, 4, 1, 1, 0, 2, 3, 1, 2, 1, 2, 1, 1, 2, 0, 3, 0, 2, 2, 3, 1, 0, 1, 0, 0, 1, 2, 4, 1, 3, 4, 2, 2, 4, 3, 3, 3, 1, 1, 4, 3, 4, 3, 2, 2, 2, 4, 2, 1, 2, 4, 3, 1, 2, 3, 4, 4, 4]|[0, 2, 0, 1, 3, 0, 1, 3, 0, 0, 2, 0, 1, 0, 1, 0, 0, 0, 1, 0, 0, 2, 0, 0, 1, 0, 0, 3, 0, 1, 0, 2, 0, 0, 3, 0, 1, 3, 1, 0, 0, 0, 1, 3, 0, 0, 1, 0, 2, 0, 0, 0, 0, 0, 1, 0, 0, 0, 1, 1, 0, 2, 0, 0, 0, 1, 0, 0, 0, 2, 0, 0, 1, 0, 0, 2, 0, 0, 3, 0, 0, 1, 0, 3, 0, 0, 0, 0, 3, 0, 0, 0, 2, 0, 1, 0, 0, 2, 1, 2],863.840939798981,52281.731521347596,112954.27457422629,false
9,G3_TWC,G4_BALANCED,[31, 22, 82, 15, 26, 58, 95, 42, 77, 12, 47, 5, 93, 78, 86, 54, 85, 63, 18, 44, 20, 35, 43, 97, 91, 76, 10, 30, 21, 45, 71, 64, 1, 23, 17, 83, 24, 14, 60, 36, 6, 57, 40, 88, 65, 56, 79, 94, 67, 68, 46, 75, 38, 9, 19, 32, 81, 41, 27, 62, 87, 90, 99, 59, 11, 16, 72, 73, 70, 39, 37, 84, 3, 92, 25, 55, 28, 29, 51, 7, 66, 61, 98, 48, 89, 50, 53, 96, 80, 33, 8, 4, 34, 2, 52, 49, 0, 69, 74, 13]|[1, 1, 0, 1, 1, 0, 1, 2, 2, 1, 2, 2, 2, 1, 1, 0, 0, 1, 0, 2, 2, 0, 1, 2, 0, 1, 2, 2, 0, 0, 1, 2, 1, 2, 1, 0, 2, 0, 1, 1, 0, 1, 1, 1, 0, 2, 1, 1, 0, 0, 0, 0, 1, 1, 2, 1, 2, 1, 0, 0, 2, 1, 0, 1, 2, 1, 2, 1, 1, 1, 1, 1, 1, 0, 1, 1, 0, 0, 0, 1, 2, 1, 2, 0, 1, 0, 0, 0, 0, 2, 1, 1, 2, 0, 1, 0, 0, 1, 2, 0]|[4, 3, 2, 2, 4, 1, 2, 2, 2, 4, 1, 1, 2, 4, 4, 1, 2, 4, 2, 1, 1, 1, 1, 2, 1, 2, 1, 1, 1, 1, 3, 2, 3, 1, 4, 0, 1, 1, 0, 3, 2, 2, 2, 0, 1, 1, 0, 4, 0, 1, 2, 2, 1, 0, 0, 3, 2, 4, 1, 2, 2, 3, 1, 1, 1, 3, 0, 4, 3, 1, 4, 1, 1, 0, 4, 4, 2, 1, 1, 1, 1, 3, 1, 1, 1, 1, 2, 1, 1, 1, 3, 4, 1, 2, 1, 1, 2, 4, 1, 2]|[0, 2, 1, 1, 3, 0, 1, 0, 0, 0, 0, 0, 1, 0, 1, 0, 0, 3, 1, 0, 0, 0, 3, 1, 0, 2, 0, 0, 0, 1, 0, 0, 0, 0, 3, 0, 1, 0, 0, 2, 1, 1, 1, 0, 0, 0, 0, 2, 1, 0, 0, 0, 1, 3, 0, 0, 1, 2, 0, 1, 0, 2, 0, 1, 0, 2, 1, 0, 0, 1, 1, 3, 1, 1, 3, 3, 1, 0, 0, 2, 0, 0, 0, 0, 1, 0, 1, 0, 0, 0, 2, 0, 0, 0, 1, 1, 0, 2, 0, 0],765.9990607008382,57212.64690506722,96246.54492548452,true
9,G1_CMAX,G4_BALANCED,[31, 22, 82, 15, 26, 58, 95, 42, 77, 12, 47, 5, 93, 78, 86, 54, 85, 63, 18, 44, 20, 35, 43, 97, 91, 76, 10, 30, 21, 45, 71, 64, 1, 23, 17, 83, 24, 14, 60, 36, 6, 57, 40, 88, 65, 56, 79, 94, 67, 68, 46, 75, 38, 9, 19, 32, 81, 41, 27, 62, 87, 90, 99, 59, 11, 16, 72, 73, 70, 39, 37, 84, 3, 92, 25, 55, 28, 29, 51, 7, 66, 61, 98, 48, 89, 50, 96, 33, 80, 8, 53, 4, 34, 2, 52, 49, 0, 69, 74, 13]|[1, 1, 0, 1, 1, 0, 1, 2, 2, 1, 2, 2, 2, 1, 1, 0, 0, 1, 0, 2, 2, 0, 1, 2, 0, 1, 2, 2, 0, 0, 1, 2, 1, 2, 1, 0, 2, 0, 1, 1, 0, 1, 1, 1, 0, 2, 1, 1, 0, 0, 0, 0, 1, 1, 2, 1, 2, 1, 0, 0, 2, 1, 0, 1, 2, 1, 2, 1, 1, 1, 0, 1, 1, 0, 1, 1, 0, 0, 0, 1, 2, 1, 2, 2, 1, 0, 2, 2, 0, 1, 0, 1, 2, 0, 1, 0, 0, 1, 2, 0]|[4, 3, 2, 2, 4, 1, 2, 2, 2, 4, 1, 1, 2, 4, 4, 1, 2, 4, 2, 1, 1, 1, 1, 2, 1, 2, 1, 1, 1, 1, 3, 2, 3, 0, 4, 0, 1, 1, 0, 3, 2, 2, 2, 0, 1, 1, 0, 4, 0, 1, 2, 2, 1, 0, 0, 3, 2, 4, 1, 2, 2, 3, 1, 1, 1, 3, 0, 4, 3, 1, 1, 1, 1, 0, 4, 4, 2, 1, 1, 1, 1, 3, 1, 1, 1, 1, 1, 1, 1, 3, 2, 4, 1, 2, 1, 1, 2, 4, 1, 2]|[0, 2, 1, 1, 3, 0, 1, 0, 0, 0, 0, 0, 1, 0, 1, 0, 0, 3, 1, 0, 0, 0, 3, 1, 0, 2, 0, 0, 0, 1, 0, 0, 0, 0, 3, 0, 1, 0, 0, 2, 1, 1, 1, 0, 0, 0, 0, 2, 1, 0, 0, 0, 1, 3, 0, 0, 1, 2, 0, 1, 0, 2, 0, 1, 0, 2, 1, 0, 0, 1, 0, 3, 1, 1, 3, 3, 1, 0, 0, 2, 0, 0, 0, 0, 1, 0, 0, 0, 0, 2, 1, 0, 0, 0, 1, 1, 0, 2, 0, 0],760.94709638402,57437.42894862305,96892.39253791534,true
9,G4_BALANCED,G4_BALANCED,[31, 22, 82, 15, 26, 58, 95, 42, 77, 12, 47, 5, 93, 78, 86, 54, 85, 63, 18, 44, 20, 35, 43, 97, 91, 76, 10, 30, 21, 45, 71, 64, 1, 23, 17, 83, 24, 14, 60, 36, 6, 57, 40, 88, 65, 56, 79, 94, 67, 68, 46, 75, 38, 9, 19, 32, 81, 41, 27, 62, 87, 90, 99, 59, 11, 16, 72, 73, 70, 39, 37, 84, 3, 92, 25, 55, 28, 29, 51, 7, 66, 61, 98, 48, 89, 50, 96, 8, 80, 53, 34, 4, 33, 2, 52, 49, 0, 69, 74, 13]|[1, 1, 0, 1, 1, 0, 1, 2, 2, 1, 2, 2, 2, 1, 1, 0, 0, 1, 0, 2, 2, 0, 1, 2, 0, 1, 2, 2, 0, 0, 1, 2, 1, 2, 1, 0, 2, 0, 1, 1, 0, 1, 1, 1, 0, 2, 1, 1, 0, 0, 0, 0, 1, 1, 2, 1, 2, 1, 0, 0, 2, 1, 0, 1, 2, 1, 2, 1, 1, 1, 1, 1, 1, 0, 1, 1, 0, 0, 0, 1, 2, 1, 2, 0, 1, 0, 0, 1, 0, 0, 2, 1, 2, 0, 1, 0, 0, 1, 2, 0]|[4, 3, 2, 2, 4, 1, 2, 2, 2, 4, 1, 1, 2, 4, 4, 1, 2, 4, 2, 1, 1, 1, 1, 2, 1, 2, 1, 1, 1, 1, 3, 2, 3, 1, 4, 0, 1, 1, 0, 3, 2, 2, 2, 0, 1, 1, 0, 4, 0, 1, 2, 2, 1, 0, 0, 3, 2, 4, 1, 2, 2, 3, 1, 1, 1, 3, 0, 4, 3, 1, 4, 1, 1, 0, 4, 4, 2, 1, 1, 1, 1, 3, 1, 1, 1, 1, 1, 3, 1, 2, 1, 4, 1, 2, 1, 1, 2, 4, 1, 2]|[0, 2, 1, 1, 3, 0, 1, 0, 0, 0, 0, 0, 1, 0, 1, 0, 0, 3, 1, 0, 0, 0, 3, 1, 0, 2, 0, 0, 0, 1, 0, 0, 0, 0, 3, 0, 1, 0, 0, 2, 1, 1, 1, 0, 0, 0, 0, 2, 1, 0, 0, 0, 1, 3, 0, 0, 1, 2, 0, 1, 0, 2, 0, 1, 0, 2, 1, 0, 0, 1, 1, 3, 1, 1, 3, 3, 1, 0, 0, 2, 0, 0, 0, 0, 1, 0, 0, 2, 0, 1, 0, 0, 0, 0, 1, 1, 0, 2, 0, 0],765.9990607008382,57213.806194498815,96238.34283731865,false
9,G2_TEC,G2_TEC,[31, 22, 82, 15, 26, 9, 95, 42, 77, 68, 47, 5, 93, 78, 86, 54, 85, 63, 18, 44, 20, 49, 36, 14, 74, 50, 53, 17, 21, 45, 71, 64, 3, 23, 30, 83, 24, 41, 60, 52, 65, 27, 90, 70, 39, 87, 48, 69, 99, 4, 46, 1, 13, 58, 97, 59, 28, 8, 73, 37, 35, 79, 11, 66, 76, 57, 40, 80, 96, 6, 16, 61, 33, 98, 32, 81, 62, 67, 10, 7, 56, 88, 51, 19, 91, 38, 75, 92, 25, 84, 2, 55, 43, 29, 34, 0, 12, 94, 89, 72]|[2, 1, 2, 1, 1, 2, 1, 1, 1, 1, 1, 0, 2, 2, 1, 2, 0, 0, 0, 2, 2, 1, 0, 2, 0, 2, 2, 1, 0, 1, 1, 1, 0, 0, 1, 0, 2, 1, 2, 2, 0, 0, 1, 1, 0, 2, 0, 2, 1, 0, 0, 2, 2, 0, 2, 0, 2, 1, 0, 0, 2, 1, 0, 2, 2, 0, 2, 2, 0, 1, 2, 1, 1, 0, 0, 1, 1, 1, 1, 2, 2, 1, 1, 1, 1, 0, 0, 0, 1, 0, 2, 0, 1, 1, 1, 0, 1, 1, 1, 1]|[0, 3, 0, 2, 4, 1, 4, 4, 2, 4, 3, 2, 1, 0, 2, 1, 1, 1, 2, 1, 1, 3, 0, 1, 0, 1, 1, 4, 1, 4, 3, 2, 2, 0, 4, 1, 1, 4, 0, 1, 2, 1, 4, 4, 1, 1, 0, 2, 3, 1, 2, 1, 2, 1, 1, 2, 0, 3, 0, 2, 2, 3, 1, 0, 1, 0, 0, 1, 2, 4, 1, 3, 4, 2, 2, 4, 3, 3, 3, 1, 1, 4, 3, 4, 3, 2, 2, 2, 4, 2, 1, 2, 4, 3, 1, 2, 3, 4, 4, 4]|[0, 2, 0, 1, 3, 0, 1, 3, 0, 0, 2, 0, 1, 0, 1, 0, 0, 0, 1, 0, 0, 2, 0, 0, 1, 0, 0, 3, 0, 1, 0, 2, 0, 0, 3, 0, 1, 3, 1, 0, 0, 0, 1, 3, 0, 0, 1, 0, 2, 0, 0, 0, 0, 0, 1, 0, 0, 0, 1, 1, 0, 2, 0, 0, 0, 1, 0, 0, 0, 2, 0, 0, 1, 0, 0, 2, 0, 0, 3, 0, 0, 1, 0, 3, 0, 0, 0, 0, 3, 0, 0, 0, 2, 0, 1, 0, 0, 2, 1, 2],863.840939798981,52281.731521347596,112954.27457422629,false
9,G3_TWC,G4_BALANCED,[31, 22, 82, 15, 26, 58, 95, 42, 77, 12, 47, 5, 93, 78, 86, 54, 85, 63, 18, 44, 20, 35, 43, 97, 91, 76, 10, 30, 21, 45, 71, 64, 1, 23, 17, 83, 24, 14, 60, 36, 6, 57, 40, 88, 65, 56, 79, 94, 67, 68, 46, 75, 38, 9, 19, 32, 81, 41, 27, 62, 87, 90, 99, 59, 11, 16, 72, 73, 70, 39, 37, 84, 3, 92, 25, 55, 28, 29, 51, 7, 66, 61, 98, 48, 89, 50, 53, 96, 80, 33, 8, 4, 34, 2, 52, 49, 0, 69, 74, 13]|[1, 1, 0, 1, 1, 0, 1, 2, 2, 1, 2, 2, 2, 1, 1, 0, 0, 1, 0, 2, 2, 0, 1, 2, 0, 1, 2, 2, 0, 0, 1, 2, 1, 2, 1, 0, 2, 0, 1, 1, 0, 1, 1, 1, 0, 2, 1, 1, 0, 0, 0, 0, 1, 1, 2, 1, 2, 1, 0, 0, 2, 1, 0, 1, 2, 1, 2, 1, 1, 1, 1, 1, 1, 0, 1, 1, 0, 0, 0, 1, 2, 1, 2, 0, 1, 0, 0, 0, 0, 2, 1, 1, 2, 0, 1, 0, 0, 1, 2, 0]|[4, 3, 2, 2, 4, 1, 2, 2, 2, 4, 1, 1, 2, 4, 4, 1, 2, 4, 2, 1, 1, 1, 1, 2, 1, 2, 1, 1, 1, 1, 3, 2, 3, 1, 4, 0, 1, 1, 0, 3, 2, 2, 2, 0, 1, 1, 0, 4, 0, 1, 2, 2, 1, 0, 0, 3, 2, 4, 1, 2, 2, 3, 1, 1, 1, 3, 0, 4, 3, 1, 4, 1, 1, 0, 4, 4, 2, 1, 1, 1, 1, 3, 1, 1, 1, 1, 2, 1, 1, 1, 3, 4, 1, 2, 1, 1, 2, 4, 1, 2]|[0, 2, 1, 1, 3, 0, 1, 0, 0, 0, 0, 0, 1, 0, 1, 0, 0, 3, 1, 0, 0, 0, 3, 1, 0, 2, 0, 0, 0, 1, 0, 0, 0, 0, 3, 0, 1, 0, 0, 2, 1, 1, 1, 0, 0, 0, 0, 2, 1, 0, 0, 0, 1, 3, 0, 0, 1, 2, 0, 1, 0, 2, 0, 1, 0, 2, 1, 0, 0, 1, 1, 3, 1, 1, 3, 3, 1, 0, 0, 2, 0, 0, 0, 0, 1, 0, 1, 0, 0, 0, 2, 0, 0, 0, 1, 1, 0, 2, 0, 0],765.9990607008382,57212.64690506722,96246.54492548452,true
9,G1_CMAX,G4_BALANCED,[31, 22, 82, 15, 26, 58, 95, 42, 77, 12, 47, 5, 93, 78, 86, 54, 85, 63, 18, 44, 20, 35, 43, 97, 91, 76, 10, 30, 21, 45, 71, 64, 1, 23, 17, 83, 24, 14, 60, 36, 6, 57, 40, 88, 65, 56, 79, 94, 67, 68, 46, 75, 38, 9, 19, 32, 81, 41, 27, 62, 87, 90, 99, 59, 11, 16, 72, 73, 70, 39, 37, 84, 3, 92, 25, 55, 28, 29, 51, 7, 66, 61, 98, 48, 89, 50, 96, 33, 53, 34, 80, 4, 8, 2, 52, 49, 0, 69, 74, 13]|[1, 1, 0, 1, 1, 0, 1, 2, 2, 1, 2, 2, 2, 1, 1, 0, 0, 1, 0, 2, 2, 0, 1, 2, 0, 1, 2, 2, 0, 0, 1, 2, 1, 2, 1, 0, 2, 0, 1, 1, 0, 1, 1, 1, 0, 2, 1, 1, 0, 0, 0, 0, 1, 1, 2, 1, 2, 1, 0, 0, 2, 1, 0, 1, 2, 1, 2, 1, 1, 1, 1, 1, 1, 2, 1, 1, 0, 0, 0, 1, 2, 1, 2, 0, 1, 0, 0, 2, 0, 2, 0, 1, 1, 0, 1, 0, 0, 1, 2, 0]|[4, 3, 2, 2, 4, 1, 2, 2, 2, 4, 1, 1, 2, 4, 4, 1, 2, 4, 2, 1, 1, 1, 1, 2, 1, 2, 1, 1, 1, 1, 3, 2, 3, 1, 4, 0, 1, 1, 0, 3, 2, 2, 2, 0, 1, 1, 0, 4, 0, 1, 2, 2, 1, 0, 0, 3, 2, 4, 1, 2, 2, 3, 1, 1, 1, 3, 0, 4, 3, 1, 4, 1, 1, 2, 4, 4, 2, 1, 1, 1, 1, 3, 1, 1, 1, 1, 1, 1, 2, 1, 1, 4, 3, 2, 1, 1, 2, 4, 1, 2]|[0, 2, 1, 1, 3, 0, 1, 0, 0, 0, 0, 0, 1, 0, 1, 0, 0, 3, 1, 0, 0, 0, 3, 1, 0, 2, 0, 0, 0, 1, 0, 0, 0, 0, 3, 0, 1, 0, 0, 2, 1, 1, 1, 0, 0, 0, 0, 2, 1, 0, 0, 0, 1, 3, 0, 0, 1, 2, 0, 1, 0, 2, 0, 1, 0, 2, 1, 0, 0, 1, 1, 3, 1, 0, 3, 3, 1, 0, 0, 2, 0, 0, 0, 0, 1, 0, 0, 0, 1, 0, 0, 0, 2, 0, 1, 1, 0, 2, 0, 0],765.9990607008382,57000.44105008553,97485.6470332183,true
9,G4_BALANCED,G4_BALANCED,[31, 22, 82, 15, 26, 58, 95, 42, 77, 12, 47, 5, 93, 78, 86, 54, 85, 63, 18, 44, 20, 35, 43, 97, 91, 76, 10, 30, 21, 45, 71, 64, 1, 23, 17, 83, 24, 14, 60, 36, 6, 57, 40, 88, 65, 56, 79, 94, 67, 68, 46, 75, 38, 9, 19, 32, 81, 41, 27, 62, 87, 90, 99, 59, 11, 16, 72, 73, 70, 39, 37, 84, 3, 92, 25, 55, 28, 29, 51, 7, 66, 61, 98, 48, 89, 50, 96, 8, 80, 53, 34, 4, 33, 2, 52, 49, 0, 69, 74, 13]|[1, 1, 0, 1, 1, 0, 1, 2, 2, 1, 2, 2, 2, 1, 1, 0, 0, 1, 0, 2, 2, 0, 1, 2, 0, 1, 2, 2, 0, 0, 1, 2, 1, 2, 1, 0, 2, 0, 1, 1, 0, 1, 1, 1, 0, 2, 1, 1, 0, 0, 0, 0, 1, 1, 2, 1, 2, 1, 0, 0, 2, 1, 0, 1, 2, 1, 2, 1, 1, 1, 1, 1, 1, 0, 1, 1, 0, 0, 0, 1, 2, 1, 2, 0, 1, 0, 0, 1, 0, 0, 2, 1, 2, 0, 1, 0, 0, 1, 2, 0]|[4, 3, 2, 2, 4, 1, 2, 2, 2, 4, 1, 1, 2, 4, 4, 1, 2, 4, 2, 1, 1, 1, 1, 2, 1, 2, 1, 1, 1, 1, 3, 2, 3, 1, 4, 0, 1, 1, 0, 3, 2, 2, 2, 0, 1, 1, 0, 4, 0, 1, 2, 2, 1, 0, 0, 3, 2, 4, 1, 2, 2, 3, 1, 1, 1, 3, 0, 4, 3, 1, 4, 1, 1, 0, 4, 4, 2, 1, 1, 1, 1, 3, 1, 1, 1, 1, 1, 3, 1, 2, 1, 4, 1, 2, 1, 1, 2, 4, 1, 2]|[0, 2, 1, 1, 3, 0, 1, 0, 0, 0, 0, 0, 1, 0, 1, 0, 0, 3, 1, 0, 0, 0, 3, 1, 0, 2, 0, 0, 0, 1, 0, 0, 0, 0, 3, 0, 1, 0, 0, 2, 1, 1, 1, 0, 0, 0, 0, 2, 1, 0, 0, 0, 1, 3, 0, 0, 1, 2, 0, 1, 0, 2, 0, 1, 0, 2, 1, 0, 0, 1, 1, 3, 1, 1, 3, 3, 1, 0, 0, 2, 0, 0, 0, 0, 1, 0, 0, 2, 0, 1, 0, 0, 0, 0, 1, 1, 0, 2, 0, 0],765.9990607008382,57213.806194498815,96238.34283731865,false
9,G2_TEC,G2_TEC,[31, 22, 82, 15, 26, 9, 95, 42, 77, 68, 47, 5, 93, 78, 86, 54, 85, 63, 18, 44, 20, 49, 36, 14, 74, 50, 53, 17, 21, 45, 71, 64, 3, 23, 30, 83, 24, 41, 60, 52, 65, 27, 90, 70, 39, 87, 48, 69, 99, 4, 46, 1, 13, 58, 97, 59, 28, 8, 73, 37, 35, 79, 11, 66, 76, 57, 40, 80, 96, 6, 16, 61, 33, 98, 32, 81, 62, 67, 10, 7, 56, 88, 51, 19, 91, 38, 75, 92, 25, 84, 2, 55, 43, 29, 34, 0, 12, 94, 89, 72]|[2, 1, 2, 1, 1, 2, 1, 1, 1, 1, 1, 0, 2, 2, 1, 2, 0, 0, 0, 2, 2, 1, 0, 2, 0, 2, 2, 1, 0, 1, 1, 1, 0, 0, 1, 0, 2, 1, 2, 2, 0, 0, 1, 1, 0, 2, 0, 2, 1, 0, 0, 2, 2, 0, 2, 0, 2, 1, 0, 0, 2, 1, 0, 2, 2, 0, 2, 2, 0, 1, 2, 1, 1, 0, 0, 1, 1, 1, 1, 2, 2, 1, 1, 1, 1, 0, 0, 0, 1, 0, 2, 0, 1, 1, 1, 0, 1, 1, 1, 1]|[0, 3, 0, 2, 4, 1, 4, 4, 2, 4, 3, 2, 1, 0, 2, 1, 1, 1, 2, 1, 1, 3, 0, 1, 0, 1, 1, 4, 1, 4, 3, 2, 2, 0, 4, 1, 1, 4, 0, 1, 2, 1, 4, 4, 1, 1, 0, 2, 3, 1, 2, 1, 2, 1, 1, 2, 0, 3, 0, 2, 2, 3, 1, 0, 1, 0, 0, 1, 2, 4, 1, 3, 4, 2, 2, 4, 3, 3, 3, 1, 1, 4, 3, 4, 3, 2, 2, 2, 4, 2, 1, 2, 4, 3, 1, 2, 3, 4, 4, 4]|[0, 2, 0, 1, 3, 0, 1, 3, 0, 0, 2, 0, 1, 0, 1, 0, 0, 0, 1, 0, 0, 2, 0, 0, 1, 0, 0, 3, 0, 1, 0, 2, 0, 0, 3, 0, 1, 3, 1, 0, 0, 0, 1, 3, 0, 0, 1, 0, 2, 0, 0, 0, 0, 0, 1, 0, 0, 0, 1, 1, 0, 2, 0, 0, 0, 1, 0, 0, 0, 2, 0, 0, 1, 0, 0, 2, 0, 0, 3, 0, 0, 1, 0, 3, 0, 0, 0, 0, 3, 0, 0, 0, 2, 0, 1, 0, 0, 2, 1, 2],863.840939798981,52281.731521347596,112954.27457422629,false
9,G3_TWC,G4_BALANCED,[31, 22, 82, 15, 26, 58, 95, 42, 77, 12, 47, 5, 93, 78, 86, 54, 85, 63, 18, 44, 20, 35, 43, 97, 91, 76, 10, 30, 21, 45, 71, 64, 1, 23, 17, 83, 24, 14, 60, 36, 6, 57, 40, 88, 65, 56, 79, 94, 67, 68, 46, 75, 38, 9, 19, 32, 81, 41, 27, 62, 87, 90, 99, 59, 11, 16, 72, 73, 70, 39, 37, 84, 3, 92, 25, 55, 28, 29, 51, 7, 66, 61, 98, 48, 89, 50, 53, 96, 80, 33, 8, 4, 34, 2, 52, 49, 0, 69, 74, 13]|[1, 1, 0, 1, 1, 0, 1, 2, 2, 1, 2, 2, 2, 1, 1, 0, 0, 1, 0, 2, 2, 0, 1, 2, 0, 1, 2, 2, 0, 0, 1, 2, 1, 2, 1, 0, 2, 0, 1, 1, 0, 1, 1, 1, 0, 2, 1, 1, 0, 0, 0, 0, 1, 1, 2, 1, 2, 1, 0, 0, 2, 1, 0, 1, 2, 1, 2, 1, 1, 1, 1, 1, 1, 0, 1, 1, 0, 0, 0, 1, 2, 1, 2, 0, 1, 0, 0, 0, 0, 2, 1, 1, 2, 0, 1, 0, 0, 1, 2, 0]|[4, 3, 2, 2, 4, 1, 2, 2, 2, 4, 1, 1, 2, 4, 4, 1, 2, 4, 2, 1, 1, 1, 1, 2, 1, 2, 1, 1, 1, 1, 3, 2, 3, 1, 4, 0, 1, 1, 0, 3, 2, 2, 2, 0, 1, 1, 0, 4, 0, 1, 2, 2, 1, 0, 0, 3, 2, 4, 1, 2, 2, 3, 1, 1, 1, 3, 0, 4, 3, 1, 4, 1, 1, 0, 4, 4, 2, 1, 1, 1, 1, 3, 1, 1, 1, 1, 2, 1, 1, 1, 3, 4, 1, 2, 1, 1, 2, 4, 1, 2]|[0, 2, 1, 1, 3, 0, 1, 0, 0, 0, 0, 0, 1, 0, 1, 0, 0, 3, 1, 0, 0, 0, 3, 1, 0, 2, 0, 0, 0, 1, 0, 0, 0, 0, 3, 0, 1, 0, 0, 2, 1, 1, 1, 0, 0, 0, 0, 2, 1, 0, 0, 0, 1, 3, 0, 0, 1, 2, 0, 1, 0, 2, 0, 1, 0, 2, 1, 0, 0, 1, 1, 3, 1, 1, 3, 3, 1, 0, 0, 2, 0, 0, 0, 0, 1, 0, 1, 0, 0, 0, 2, 0, 0, 0, 1, 1, 0, 2, 0, 0],765.9990607008382,57212.64690506722,96246.54492548452,true
9,G1_CMAX,G4_BALANCED,[31, 22, 82, 15, 26, 9, 95, 42, 77, 12, 47, 5, 93, 78, 86, 54, 85, 63, 18, 44, 20, 35, 43, 97, 91, 76, 10, 30, 21, 45, 71, 64, 1, 23, 17, 83, 24, 14, 60, 36, 6, 57, 40, 88, 65, 56, 79, 69, 67, 68, 46, 75, 38, 58, 19, 32, 81, 41, 27, 62, 87, 90, 99, 59, 11, 16, 72, 73, 70, 39, 37, 84, 3, 92, 25, 55, 28, 29, 51, 7, 66, 61, 98, 48, 89, 50, 8, 96, 53, 80, 34, 4, 33, 2, 52, 49, 0, 94, 74, 13]|[1, 1, 0, 1, 1, 0, 1, 2, 2, 1, 2, 2, 2, 1, 1, 0, 0, 1, 0, 2, 2, 0, 1, 2, 0, 1, 2, 2, 0, 0, 1, 2, 1, 2, 1, 0, 2, 0, 1, 1, 0, 1, 1, 1, 0, 2, 1, 1, 0, 0, 0, 0, 1, 1, 2, 1, 2, 1, 0, 0, 2, 1, 0, 1, 2, 1, 2, 1, 1, 1, 1, 1, 1, 0, 1, 1, 0, 0, 0, 1, 2, 1, 2, 0, 1, 0, 1, 0, 0, 0, 2, 1, 2, 0, 2, 0, 0, 1, 2, 0]|[4, 3, 2, 2, 4, 1, 2, 2, 2, 4, 1, 1, 2, 4, 4, 1, 2, 4, 2, 1, 1, 1, 1, 2, 1, 2, 1, 1, 1, 1, 3, 2, 3, 0, 4, 0, 1, 1, 0, 3, 2, 2, 2, 0, 1, 1, 0, 4, 0, 1, 2, 2, 1, 0, 0, 3, 2, 4, 1, 2, 2, 3, 1, 1, 1, 3, 0, 4, 3, 1, 4, 1, 1, 0, 4, 4, 2, 1, 1, 1, 1, 3, 1, 1, 1, 1, 3, 1, 2, 1, 1, 4, 1, 2, 1, 1, 2, 4, 1, 2]|[0, 2, 1, 1, 3, 0, 1, 0, 0, 0, 0, 0, 1, 0, 1, 0, 0, 3, 1, 0, 0, 0, 3, 1, 0, 2, 0, 0, 0, 1, 0, 0, 0, 0, 3, 0, 1, 0, 0, 2, 1, 1, 1, 0, 0, 0, 0, 2, 1, 0, 0, 0, 1, 3, 0, 0, 1, 2, 0, 1, 0, 2, 0, 1, 0, 2, 1, 0, 0, 1, 1, 3, 1, 1, 3, 3, 1, 0, 0, 2, 0, 0, 0, 0, 1, 0, 2, 0, 1, 0, 0, 0, 0, 0, 0, 1, 0, 2, 0, 0],768.4354256063596,57083.36700950736,96356.63625585935,true
9,G4_BALANCED,G4_BALANCED,[31, 22, 82, 15, 26, 58, 95, 42, 77, 12, 47, 5, 93, 78, 86, 54, 85, 63, 18, 44, 20, 35, 43, 97, 91, 76, 10, 30, 21, 45, 71, 64, 1, 23, 17, 83, 24, 14, 60, 36, 6, 57, 40, 88, 65, 56, 79, 94, 67, 68, 46, 75, 38, 9, 19, 32, 81, 41, 27, 62, 87, 90, 99, 59, 11, 16, 72, 73, 70, 39, 37, 84, 3, 92, 25, 55, 28, 29, 51, 7, 66, 61, 98, 48, 89, 50, 96, 8, 80, 53, 34, 4, 33, 2, 52, 49, 0, 69, 74, 13]|[1, 1, 0, 1, 1, 0, 1, 2, 2, 1, 2, 2, 2, 1, 1, 0, 0, 1, 0, 2, 2, 0, 1, 2, 0, 1, 2, 2, 0, 0, 1, 2, 1, 2, 1, 0, 2, 0, 1, 1, 0, 1, 1, 1, 0, 2, 1, 1, 0, 0, 0, 0, 1, 1, 2, 1, 2, 1, 0, 0, 2, 1, 0, 1, 2, 1, 2, 1, 1, 1, 1, 1, 1, 0, 1, 1, 0, 0, 0, 1, 2, 1, 2, 0, 1, 0, 0, 1, 0, 0, 2, 1, 2, 0, 1, 0, 0, 1, 2, 0]|[4, 3, 2, 2, 4, 1, 2, 2, 2, 4, 1, 1, 2, 4, 4, 1, 2, 4, 2, 1, 1, 1, 1, 2, 1, 2, 1, 1, 1, 1, 3, 2, 3, 1, 4, 0, 1, 1, 0, 3, 2, 2, 2, 0, 1, 1, 0, 4, 0, 1, 2, 2, 1, 0, 0, 3, 2, 4, 1, 2, 2, 3, 1, 1, 1, 3, 0, 4, 3, 1, 4, 1, 1, 0, 4, 4, 2, 1, 1, 1, 1, 3, 1, 1, 1, 1, 1, 3, 1, 2, 1, 4, 1, 2, 1, 1, 2, 4, 1, 2]|[0, 2, 1, 1, 3, 0, 1, 0, 0, 0, 0, 0, 1, 0, 1, 0, 0, 3, 1, 0, 0, 0, 3, 1, 0, 2, 0, 0, 0, 1, 0, 0, 0, 0, 3, 0, 1, 0, 0, 2, 1, 1, 1, 0, 0, 0, 0, 2, 1, 0, 0, 0, 1, 3, 0, 0, 1, 2, 0, 1, 0, 2, 0, 1, 0, 2, 1, 0, 0, 1, 1, 3, 1, 1, 3, 3, 1, 0, 0, 2, 0, 0, 0, 0, 1, 0, 0, 2, 0, 1, 0, 0, 0, 0, 1, 1, 0, 2, 0, 0],765.9990607008382,57213.806194498815,96238.34283731865,false
9,G2_TEC,G2_TEC,[31, 22, 82, 15, 26, 9, 95, 42, 77, 68, 47, 5, 93, 78, 86, 54, 85, 63, 18, 44, 20, 49, 36, 14, 74, 50, 53, 17, 21, 45, 71, 64, 3, 23, 30, 83, 24, 41, 60, 52, 65, 27, 90, 70, 39, 87, 48, 69, 99, 4, 46, 1, 13, 58, 97, 59, 28, 8, 73, 37, 35, 79, 11, 66, 76, 57, 40, 80, 96, 6, 16, 61, 33, 98, 32, 81, 62, 67, 10, 7, 56, 88, 51, 19, 91, 38, 75, 92, 25, 84, 2, 55, 43, 29, 34, 0, 12, 94, 89, 72]|[2, 1, 2, 1, 1, 2, 1, 1, 1, 1, 1, 0, 2, 2, 1, 2, 0, 0, 0, 2, 2, 1, 0, 2, 0, 2, 2, 1, 0, 1, 1, 1, 0, 0, 1, 0, 2, 1, 2, 2, 0, 0, 1, 1, 0, 2, 0, 2, 1, 0, 0, 2, 2, 0, 2, 0, 2, 1, 0, 0, 2, 1, 0, 2, 2, 0, 2, 2, 0, 1, 2, 1, 1, 0, 0, 1, 1, 1, 1, 2, 2, 1, 1, 1, 1, 0, 0, 0, 1, 0, 2, 0, 1, 1, 1, 0, 1, 1, 1, 1]|[0, 3, 0, 2, 4, 1, 4, 4, 2, 4, 3, 2, 1, 0, 2, 1, 1, 1, 2, 1, 1, 3, 0, 1, 0, 1, 1, 4, 1, 4, 3, 2, 2, 0, 4, 1, 1, 4, 0, 1, 2, 1, 4, 4, 1, 1, 0, 2, 3, 1, 2, 1, 2, 1, 1, 2, 0, 3, 0, 2, 2, 3, 1, 0, 1, 0, 0, 1, 2, 4, 1, 3, 4, 2, 2, 4, 3, 3, 3, 1, 1, 4, 3, 4, 3, 2, 2, 2, 4, 2, 1, 2, 4, 3, 1, 2, 3, 4, 4, 4]|[0, 2, 0, 1, 3, 0, 1, 3, 0, 0, 2, 0, 1, 0, 1, 0, 0, 0, 1, 0, 0, 2, 0, 0, 1, 0, 0, 3, 0, 1, 0, 2, 0, 0, 3, 0, 1, 3, 1, 0, 0, 0, 1, 3, 0, 0, 1, 0, 2, 0, 0, 0, 0, 0, 1, 0, 0, 0, 1, 1, 0, 2, 0, 0, 0, 1, 0, 0, 0, 2, 0, 0, 1, 0, 0, 2, 0, 0, 3, 0, 0, 1, 0, 3, 0, 0, 0, 0, 3, 0, 0, 0, 2, 0, 1, 0, 0, 2, 1, 2],863.840939798981,52281.731521347596,112954.27457422629,false
9,G3_TWC,G4_BALANCED,[31, 22, 82, 15, 26, 9, 95, 42, 77, 12, 47, 5, 93, 78, 86, 54, 85, 63, 18, 44, 20, 35, 43, 97, 91, 76, 10, 30, 21, 45, 71, 64, 1, 23, 17, 83, 24, 14, 60, 36, 6, 57, 40, 88, 65, 56, 79, 94, 67, 68, 46, 75, 38, 58, 19, 32, 81, 48, 27, 62, 87, 90, 99, 59, 11, 16, 72, 73, 70, 39, 37, 84, 3, 92, 25, 55, 28, 29, 51, 7, 33, 69, 98, 96, 89, 50, 41, 66, 80, 53, 8, 4, 34, 2, 52, 49, 0, 61, 74, 13]|[1, 1, 0, 1, 1, 1, 1, 2, 2, 1, 2, 2, 2, 1, 1, 0, 0, 1, 0, 2, 2, 0, 1, 2, 0, 1, 2, 2, 0, 0, 1, 2, 1, 2, 1, 0, 2, 0, 1, 1, 0, 1, 1, 1, 0, 2, 1, 1, 0, 0, 0, 0, 1, 1, 2, 1, 2, 0, 0, 0, 2, 1, 0, 1, 2, 1, 2, 1, 1, 1, 1, 1, 1, 0, 1, 1, 0, 0, 0, 1, 0, 1, 0, 0, 1, 0, 0, 2, 0, 0, 0, 0, 2, 0, 1, 0, 0, 1, 2, 0]|[4, 3, 2, 2, 4, 0, 2, 2, 2, 4, 1, 1, 2, 4, 4, 1, 2, 4, 2, 1, 1, 1, 1, 2, 1, 2, 1, 1, 1, 1, 3, 2, 3, 0, 4, 0, 1, 1, 0, 3, 2, 2, 2, 0, 1, 1, 0, 4, 0, 1, 2, 2, 1, 0, 0, 3, 2, 1, 1, 2, 2, 3, 1, 1, 1, 3, 0, 4, 3, 1, 4, 1, 1, 0, 4, 4, 2, 1, 1, 1, 2, 4, 1, 1, 1, 1, 1, 1, 1, 2, 1, 2, 1, 2, 1, 1, 2, 3, 1, 2]|[0, 2, 1, 1, 3, 3, 1, 0, 0, 0, 0, 0, 1, 0, 1, 0, 0, 3, 1, 0, 0, 0, 3, 1, 0, 2, 0, 0, 0, 1, 0, 0, 0, 0, 3, 0, 1, 0, 0, 2, 1, 1, 1, 0, 0, 0, 0, 2, 1, 0, 0, 0, 1, 3, 0, 0, 1, 0, 0, 1, 0, 2, 0, 1, 0, 2, 1, 0, 0, 1, 1, 3, 1, 1, 3, 3, 1, 0, 0, 2, 1, 2, 0, 0, 1, 0, 0, 0, 0, 1, 0, 1, 0, 0, 1, 1, 0, 0, 0, 0],833.9899177178455,58319.75547181779,93503.30731808225,true
9,G1_CMAX,G4_BALANCED,[31, 22, 82, 15, 26, 9, 95, 42, 77, 12, 47, 5, 93, 78, 86, 54, 85, 63, 18, 44, 20, 35, 43, 97, 91, 76, 10, 30, 21, 45, 71, 64, 1, 23, 17, 83, 24, 14, 60, 36, 6, 57, 40, 88, 65, 56, 79, 69, 67, 68, 46, 75, 38, 58, 19, 32, 81, 41, 27, 62, 87, 90, 99, 59, 11, 16, 72, 73, 70, 39, 37, 84, 3, 92, 25, 55, 28, 29, 51, 7, 66, 61, 98, 48, 89, 50, 8, 96, 53, 80, 34, 4, 33, 2, 52, 49, 0, 94, 74, 13]|[1, 1, 0, 1, 1, 0, 1, 2, 2, 1, 2, 2, 2, 1, 1, 0, 0, 1, 0, 2, 2, 0, 1, 2, 0, 1, 2, 2, 0, 0, 1, 2, 1, 2, 1, 0, 2, 0, 1, 1, 0, 1, 1, 1, 0, 2, 1, 1, 0, 0, 0, 0, 1, 1, 2, 1, 2, 1, 0, 0, 2, 1, 0, 1, 2, 1, 2, 1, 1, 1, 1, 1, 1, 0, 1, 1, 0, 0, 0, 1, 2, 1, 2, 0, 1, 0, 1, 0, 0, 0, 2, 1, 2, 0, 2, 0, 0, 1, 2, 0]|[4, 3, 2, 2, 4, 1, 2, 2, 2, 4, 1, 1, 2, 4, 4, 1, 2, 4, 2, 1, 1, 1, 1, 2, 1, 2, 1, 1, 1, 1, 3, 2, 3, 0, 4, 0, 1, 1, 0, 3, 2, 2, 2, 0, 1, 1, 0, 4, 0, 1, 2, 2, 1, 0, 0, 3, 2, 4, 1, 2, 2, 3, 1, 1, 1, 3, 0, 4, 3, 1, 4, 1, 1, 0, 4, 4, 2, 1, 1, 1, 1, 3, 1, 1, 1, 1, 3, 1, 2, 1, 1, 4, 1, 2, 1, 1, 2, 4, 1, 2]|[0, 2, 1, 1, 3, 0, 1, 0, 0, 0, 0, 0, 1, 0, 1, 0, 0, 3, 1, 0, 0, 0, 3, 1, 0, 2, 0, 0, 0, 1, 0, 0, 0, 0, 3, 0, 1, 0, 0, 2, 1, 1, 1, 0, 0, 0, 0, 2, 1, 0, 0, 0, 1, 3, 0, 0, 1, 2, 0, 1, 0, 2, 0, 1, 0, 2, 1, 0, 0, 1, 1, 3, 1, 1, 3, 3, 1, 0, 0, 2, 0, 0, 0, 0, 1, 0, 2, 0, 1, 0, 0, 0, 0, 0, 0, 1, 0, 2, 0, 0],768.4354256063596,57083.36700950736,96356.63625585935,true
9,G4_BALANCED,G4_BALANCED,[31, 22, 82, 15, 26, 58, 95, 42, 77, 12, 47, 5, 93, 78, 86, 54, 85, 63, 18, 44, 20, 35, 43, 97, 91, 76, 10, 30, 21, 45, 71, 64, 1, 23, 17, 83, 24, 14, 60, 36, 6, 57, 40, 88, 65, 56, 79, 94, 67, 68, 46, 75, 38, 9, 19, 32, 81, 41, 27, 62, 87, 90, 99, 59, 11, 16, 72, 73, 70, 39, 37, 84, 3, 92, 25, 55, 28, 29, 51, 7, 66, 61, 98, 48, 89, 50, 96, 8, 80, 53, 34, 4, 33, 2, 52, 49, 0, 69, 74, 13]|[1, 1, 0, 1, 1, 0, 1, 2, 2, 1, 2, 2, 2, 1, 1, 0, 0, 1, 0, 2, 2, 0, 1, 2, 0, 1, 2, 2, 0, 0, 1, 2, 1, 2, 1, 0, 2, 0, 1, 1, 0, 1, 1, 1, 0, 2, 1, 1, 0, 0, 0, 0, 1, 1, 2, 1, 2, 1, 0, 0, 2, 1, 0, 1, 2, 1, 2, 1, 1, 1, 1, 1, 1, 0, 1, 1, 0, 0, 0, 1, 2, 1, 2, 0, 1, 0, 0, 1, 0, 0, 2, 1, 2, 0, 1, 0, 0, 1, 2, 0]|[4, 3, 2, 2, 4, 1, 2, 2, 2, 4, 1, 1, 2, 4, 4, 1, 2, 4, 2, 1, 1, 1, 1, 2, 1, 2, 1, 1, 1, 1, 3, 2, 3, 1, 4, 0, 1, 1, 0, 3, 2, 2, 2, 0, 1, 1, 0, 4, 0, 1, 2, 2, 1, 0, 0, 3, 2, 4, 1, 2, 2, 3, 1, 1, 1, 3, 0, 4, 3, 1, 4, 1, 1, 0, 4, 4, 2, 1, 1, 1, 1, 3, 1, 1, 1, 1, 1, 3, 1, 2, 1, 4, 1, 2, 1, 1, 2, 4, 1, 2]|[0, 2, 1, 1, 3, 0, 1, 0, 0, 0, 0, 0, 1, 0, 1, 0, 0, 3, 1, 0, 0, 0, 3, 1, 0, 2, 0, 0, 0, 1, 0, 0, 0, 0, 3, 0, 1, 0, 0, 2, 1, 1, 1, 0, 0, 0, 0, 2, 1, 0, 0, 0, 1, 3, 0, 0, 1, 2, 0, 1, 0, 2, 0, 1, 0, 2, 1, 0, 0, 1, 1, 3, 1, 1, 3, 3, 1, 0, 0, 2, 0, 0, 0, 0, 1, 0, 0, 2, 0, 1, 0, 0, 0, 0, 1, 1, 0, 2, 0, 0],765.9990607008382,57213.806194498815,96238.34283731865,false
9,G2_TEC,G2_TEC,[31, 22, 82, 15, 26, 9, 95, 42, 77, 68, 47, 5, 93, 78, 86, 54, 85, 63, 18, 44, 20, 49, 36, 14, 74, 50, 53, 17, 21, 45, 71, 64, 3, 23, 30, 83, 24, 41, 60, 52, 65, 27, 90, 70, 39, 87, 48, 69, 99, 4, 46, 1, 13, 58, 97, 59, 28, 8, 73, 37, 35, 79, 11, 66, 76, 57, 40, 80, 96, 6, 16, 61, 33, 98, 32, 81, 62, 67, 10, 7, 56, 88, 51, 19, 91, 38, 75, 92, 25, 84, 2, 55, 43, 29, 34, 0, 12, 94, 89, 72]|[2, 1, 2, 1, 1, 2, 1, 1, 1, 1, 1, 0, 2, 2, 1, 2, 0, 0, 0, 2, 2, 1, 0, 2, 0, 2, 2, 1, 0, 1, 1, 1, 0, 0, 1, 0, 2, 1, 2, 2, 0, 0, 1, 1, 0, 2, 0, 2, 1, 0, 0, 2, 2, 0, 2, 0, 2, 1, 0, 0, 2, 1, 0, 2, 2, 0, 2, 2, 0, 1, 2, 1, 1, 0, 0, 1, 1, 1, 1, 2, 2, 1, 1, 1, 1, 0, 0, 0, 1, 0, 2, 0, 1, 1, 1, 0, 1, 1, 1, 1]|[0, 3, 0, 2, 4, 1, 4, 4, 2, 4, 3, 2, 1, 0, 2, 1, 1, 1, 2, 1, 1, 3, 0, 1, 0, 1, 1, 4, 1, 4, 3, 2, 2, 0, 4, 1, 1, 4, 0, 1, 2, 1, 4, 4, 1, 1, 0, 2, 3, 1, 2, 1, 2, 1, 1, 2, 0, 3, 0, 2, 2, 3, 1, 0, 1, 0, 0, 1, 2, 4, 1, 3, 4, 2, 2, 4, 3, 3, 3, 1, 1, 4, 3, 4, 3, 2, 2, 2, 4, 2, 1, 2, 4, 3, 1, 2, 3, 4, 4, 4]|[0, 2, 0, 1, 3, 0, 1, 3, 0, 0, 2, 0, 1, 0, 1, 0, 0, 0, 1, 0, 0, 2, 0, 0, 1, 0, 0, 3, 0, 1, 0, 2, 0, 0, 3, 0, 1, 3, 1, 0, 0, 0, 1, 3, 0, 0, 1, 0, 2, 0, 0, 0, 0, 0, 1, 0, 0, 0, 1, 1, 0, 2, 0, 0, 0, 1, 0, 0, 0, 2, 0, 0, 1, 0, 0, 2, 0, 0, 3, 0, 0, 1, 0, 3, 0, 0, 0, 0, 3, 0, 0, 0, 2, 0, 1, 0, 0, 2, 1, 2],863.840939798981,52281.731521347596,112954.27457422629,false
9,G3_TWC,G4_BALANCED,[31, 22, 82, 15, 26, 9, 95, 42, 77, 12, 47, 5, 93, 78, 86, 54, 85, 63, 18, 44, 20, 35, 43, 97, 91, 76, 10, 30, 21, 45, 71, 64, 1, 23, 17, 83, 24, 14, 60, 36, 6, 57, 40, 88, 65, 56, 79, 69, 67, 68, 46, 75, 38, 58, 19, 32, 81, 48, 27, 62, 87, 90, 99, 59, 11, 16, 72, 73, 70, 39, 37, 84, 3, 92, 25, 55, 28, 29, 51, 7, 66, 61, 98, 41, 89, 50, 33, 96, 80, 53, 8, 4, 34, 2, 52, 49, 0, 94, 74, 13]|[1, 1, 0, 1, 1, 0, 1, 2, 2, 1, 2, 2, 2, 1, 1, 0, 0, 1, 0, 2, 2, 0, 1, 2, 0, 1, 2, 2, 0, 0, 1, 2, 1, 0, 1, 0, 2, 0, 1, 1, 0, 1, 1, 1, 0, 2, 1, 2, 0, 0, 0, 0, 1, 1, 2, 1, 2, 1, 0, 0, 2, 1, 0, 1, 2, 1, 2, 1, 1, 1, 1, 1, 1, 0, 1, 1, 0, 0, 0, 1, 2, 1, 2, 2, 1, 0, 0, 0, 0, 0, 1, 1, 2, 0, 2, 0, 0, 1, 2, 0]|[4, 3, 2, 2, 4, 1, 2, 2, 2, 4, 1, 1, 2, 4, 4, 1, 2, 4, 2, 1, 1, 1, 1, 2, 1, 2, 1, 1, 1, 1, 3, 2, 3, 0, 4, 0, 1, 1, 0, 3, 2, 2, 2, 0, 1, 1, 0, 2, 0, 1, 2, 2, 1, 4, 0, 3, 2, 4, 1, 2, 2, 3, 1, 1, 1, 3, 0, 4, 3, 1, 4, 1, 1, 0, 4, 4, 2, 1, 1, 1, 1, 3, 1, 1, 1, 1, 2, 1, 1, 2, 3, 4, 1, 2, 1, 1, 2, 4, 1, 2]|[0, 2, 1, 1, 3, 0, 1, 0, 0, 0, 0, 0, 1, 0, 1, 0, 0, 3, 1, 0, 0, 0, 3, 1, 0, 2, 0, 0, 0, 1, 0, 0, 0, 0, 3, 0, 1, 0, 0, 2, 1, 1, 1, 0, 0, 0, 0, 0, 1, 0, 0, 0, 1, 3, 0, 0, 1, 2, 0, 1, 0, 2, 0, 1, 0, 2, 1, 0, 0, 1, 1, 3, 1, 1, 3, 3, 1, 0, 0, 2, 0, 0, 0, 0, 1, 0, 1, 0, 0, 1, 2, 0, 0, 0, 0, 1, 0, 2, 0, 0],789.0263571580006,56321.4806859715,98465.24902504137,true
9,G1_CMAX,G3_TWC,[31, 22, 82, 15, 26, 9, 95, 42, 77, 12, 47, 5, 93, 78, 86, 54, 85, 63, 18, 44, 20, 35, 43, 97, 91, 76, 10, 30, 21, 45, 71, 64, 1, 23, 17, 83, 24, 14, 60, 36, 6, 57, 40, 88, 65, 56, 79, 94, 67, 68, 46, 75, 38, 58, 19, 32, 81, 41, 27, 62, 50, 90, 99, 59, 11, 16, 72, 73, 69, 28, 37, 84, 3, 92, 25, 55, 39, 29, 51, 7, 33, 61, 98, 48, 89, 87, 8, 96, 53, 80, 34, 4, 66, 2, 52, 49, 0, 70, 74, 13]|[1, 1, 0, 1, 1, 0, 1, 2, 2, 1, 2, 2, 2, 1, 1, 0, 0, 1, 0, 2, 2, 0, 1, 2, 0, 1, 2, 2, 0, 0, 1, 2, 1, 2, 1, 0, 2, 0, 1, 1, 0, 1, 1, 1, 0, 2, 1, 1, 0, 0, 0, 0, 1, 1, 2, 1, 2, 1, 0, 0, 0, 1, 0, 1, 2, 1, 2, 1, 1, 0, 0, 1, 1, 0, 1, 1, 1, 0, 0, 1, 0, 1, 0, 1, 1, 0, 0, 0, 0, 0, 2, 0, 2, 0, 1, 0, 0, 1, 2, 0]|[4, 3, 2, 2, 4, 1, 2, 2, 2, 4, 1, 1, 2, 4, 4, 1, 2, 4, 2, 1, 1, 1, 1, 2, 1, 2, 1, 1, 1, 1, 3, 2, 3, 0, 4, 0, 1, 1, 0, 3, 2, 2, 2, 0, 1, 1, 0, 4, 0, 1, 2, 2, 1, 0, 0, 3, 2, 4, 1, 2, 1, 3, 1, 1, 1, 3, 0, 4, 3, 2, 1, 1, 1, 0, 4, 4, 1, 1, 1, 1, 2, 3, 1, 4, 1, 1, 1, 1, 2, 1, 1, 2, 1, 2, 1, 1, 2, 3, 1, 2]|[0, 2, 1, 1, 3, 0, 1, 0, 0, 0, 0, 0, 1, 0, 1, 0, 0, 3, 1, 0, 0, 0, 3, 1, 0, 2, 0, 0, 0, 1, 0, 0, 0, 0, 3, 0, 1, 0, 0, 2, 1, 1, 1, 0, 0, 0, 0, 2, 1, 0, 0, 0, 1, 3, 0, 0, 1, 2, 0, 1, 0, 2, 0, 1, 0, 2, 1, 0, 0, 1, 0, 3, 1, 1, 3, 3, 1, 0, 0, 2, 1, 0, 0, 2, 1, 0, 0, 0, 1, 0, 0, 1, 0, 0, 1, 1, 0, 0, 0, 0],859.3936558843817,57947.59132410602,93163.40601129462,true
9,G4_BALANCED,G4_BALANCED,[31, 22, 82, 15, 26, 58, 95, 42, 77, 12, 47, 5, 93, 78, 86, 54, 85, 63, 18, 44, 20, 35, 43, 97, 91, 76, 10, 30, 21, 45, 71, 64, 1, 23, 17, 83, 24, 14, 60, 36, 6, 57, 40, 88, 65, 56, 79, 94, 67, 68, 46, 75, 38, 9, 19, 32, 81, 41, 27, 62, 87, 90, 99, 59, 11, 16, 72, 73, 70, 39, 37, 84, 3, 92, 25, 55, 28, 29, 51, 7, 66, 61, 98, 48, 89, 50, 96, 8, 80, 53, 34, 4, 33, 2, 52, 49, 0, 69, 74, 13]|[1, 1, 0, 1, 1, 0, 1, 2, 2, 1, 2, 2, 2, 1, 1, 0, 0, 1, 0, 2, 2, 0, 1, 2, 0, 1, 2, 2, 0, 0, 1, 2, 1, 2, 1, 0, 2, 0, 1, 1, 0, 1, 1, 1, 0, 2, 1, 1, 0, 0, 0, 0, 1, 1, 2, 1, 2, 1, 0, 0, 2, 1, 0, 1, 2, 1, 2, 1, 1, 1, 1, 1, 1, 0, 1, 1, 0, 0, 0, 1, 2, 1, 2, 0, 1, 0, 0, 1, 0, 0, 2, 1, 2, 0, 1, 0, 0, 1, 2, 0]|[4, 3, 2, 2, 4, 1, 2, 2, 2, 4, 1, 1, 2, 4, 4, 1, 2, 4, 2, 1, 1, 1, 1, 2, 1, 2, 1, 1, 1, 1, 3, 2, 3, 1, 4, 0, 1, 1, 0, 3, 2, 2, 2, 0, 1, 1, 0, 4, 0, 1, 2, 2, 1, 0, 0, 3, 2, 4, 1, 2, 2, 3, 1, 1, 1, 3, 0, 4, 3, 1, 4, 1, 1, 0, 4, 4, 2, 1, 1, 1, 1, 3, 1, 1, 1, 1, 1, 3, 1, 2, 1, 4, 1, 2, 1, 1, 2, 4, 1, 2]|[0, 2, 1, 1, 3, 0, 1, 0, 0, 0, 0, 0, 1, 0, 1, 0, 0, 3, 1, 0, 0, 0, 3, 1, 0, 2, 0, 0, 0, 1, 0, 0, 0, 0, 3, 0, 1, 0, 0, 2, 1, 1, 1, 0, 0, 0, 0, 2, 1, 0, 0, 0, 1, 3, 0, 0, 1, 2, 0, 1, 0, 2, 0, 1, 0, 2, 1, 0, 0, 1, 1, 3, 1, 1, 3, 3, 1, 0, 0, 2, 0, 0, 0, 0, 1, 0, 0, 2, 0, 1, 0, 0, 0, 0, 1, 1, 0, 2, 0, 0],765.9990607008382,57213.806194498815,96238.34283731865,false
9,G2_TEC,G2_TEC,[31, 22, 82, 15, 26, 9, 95, 42, 77, 68, 47, 5, 93, 78, 86, 54, 85, 63, 18, 44, 20, 49, 36, 14, 74, 50, 53, 17, 21, 45, 71, 64, 3, 23, 30, 83, 24, 41, 60, 52, 65, 27, 90, 70, 39, 87, 48, 69, 99, 4, 46, 1, 13, 58, 97, 59, 28, 8, 73, 37, 35, 79, 11, 66, 76, 57, 40, 80, 96, 6, 16, 61, 33, 98, 32, 81, 62, 67, 10, 7, 56, 88, 51, 19, 91, 38, 75, 92, 25, 84, 2, 55, 43, 29, 34, 0, 12, 94, 89, 72]|[2, 1, 2, 1, 1, 2, 1, 1, 1, 1, 1, 0, 2, 2, 1, 2, 0, 0, 0, 2, 2, 1, 0, 2, 0, 2, 2, 1, 0, 1, 1, 1, 0, 0, 1, 0, 2, 1, 2, 2, 0, 0, 1, 1, 0, 2, 0, 2, 1, 0, 0, 2, 2, 0, 2, 0, 2, 1, 0, 0, 2, 1, 0, 2, 2, 0, 2, 2, 0, 1, 2, 1, 1, 0, 0, 1, 1, 1, 1, 2, 2, 1, 1, 1, 1, 0, 0, 0, 1, 0, 2, 0, 1, 1, 1, 0, 1, 1, 1, 1]|[0, 3, 0, 2, 4, 1, 4, 4, 2, 4, 3, 2, 1, 0, 2, 1, 1, 1, 2, 1, 1, 3, 0, 1, 0, 1, 1, 4, 1, 4, 3, 2, 2, 0, 4, 1, 1, 4, 0, 1, 2, 1, 4, 4, 1, 1, 0, 2, 3, 1, 2, 1, 2, 1, 1, 2, 0, 3, 0, 2, 2, 3, 1, 0, 1, 0, 0, 1, 2, 4, 1, 3, 4, 2, 2, 4, 3, 3, 3, 1, 1, 4, 3, 4, 3, 2, 2, 2, 4, 2, 1, 2, 4, 3, 1, 2, 3, 4, 4, 4]|[0, 2, 0, 1, 3, 0, 1, 3, 0, 0, 2, 0, 1, 0, 1, 0, 0, 0, 1, 0, 0, 2, 0, 0, 1, 0, 0, 3, 0, 1, 0, 2, 0, 0, 3, 0, 1, 3, 1, 0, 0, 0, 1, 3, 0, 0, 1, 0, 2, 0, 0, 0, 0, 0, 1, 0, 0, 0, 1, 1, 0, 2, 0, 0, 0, 1, 0, 0, 0, 2, 0, 0, 1, 0, 0, 2, 0, 0, 3, 0, 0, 1, 0, 3, 0, 0, 0, 0, 3, 0, 0, 0, 2, 0, 1, 0, 0, 2, 1, 2],863.840939798981,52281.731521347596,112954.27457422629,false
9,G3_TWC,G4_BALANCED,[31, 22, 82, 15, 26, 9, 95, 42, 77, 12, 47, 5, 93, 78, 86, 54, 85, 63, 18, 44, 20, 35, 43, 97, 91, 76, 10, 30, 21, 45, 71, 64, 1, 23, 17, 83, 24, 14, 60, 36, 6, 57, 40, 88, 65, 56, 79, 69, 67, 68, 46, 75, 38, 58, 19, 32, 81, 48, 27, 62, 87, 90, 99, 59, 11, 16, 72, 73, 70, 39, 37, 84, 3, 92, 25, 55, 28, 29, 51, 7, 66, 61, 98, 41, 89, 50, 33, 96, 80, 53, 8, 4, 34, 2, 52, 49, 0, 94, 74, 13]|[1, 1, 0, 1, 1, 0, 1, 2, 2, 1, 2, 2, 2, 1, 1, 0, 0, 1, 0, 2, 2, 0, 1, 2, 0, 1, 2, 2, 0, 0, 1, 2, 1, 0, 1, 0, 2, 0, 1, 1, 0, 1, 1, 1, 0, 2, 1, 2, 0, 0, 0, 0, 1, 1, 2, 1, 2, 1, 0, 0, 2, 1, 0, 1, 2, 1, 2, 1, 1, 1, 1, 1, 1, 0, 1, 1, 0, 0, 0, 1, 2, 1, 2, 2, 1, 0, 0, 0, 0, 0, 1, 1, 2, 0, 2, 0, 0, 1, 2, 0]|[4, 3, 2, 2, 4, 1, 2, 2, 2, 4, 1, 1, 2, 4, 4, 1, 2, 4, 2, 1, 1, 1, 1, 2, 1, 2, 1, 1, 1, 1, 3, 2, 3, 0, 4, 0, 1, 1, 0, 3, 2, 2, 2, 0, 1, 1, 0, 2, 0, 1, 2, 2, 1, 4, 0, 3, 2, 4, 1, 2, 2, 3, 1, 1, 1, 3, 0, 4, 3, 1, 4, 1, 1, 0, 4, 4, 2, 1, 1, 1, 1, 3, 1, 1, 1, 1, 2, 1, 1, 2, 3, 4, 1, 2, 1, 1, 2, 4, 1, 2]|[0, 2, 1, 1, 3, 0, 1, 0, 0, 0, 0, 0, 1, 0, 1, 0, 0, 3, 1, 0, 0, 0, 3, 1, 0, 2, 0, 0, 0, 1, 0, 0, 0, 0, 3, 0, 1, 0, 0, 2, 1, 1, 1, 0, 0, 0, 0, 0, 1, 0, 0, 0, 1, 3, 0, 0, 1, 2, 0, 1, 0, 2, 0, 1, 0, 2, 1, 0, 0, 1, 1, 3, 1, 1, 3, 3, 1, 0, 0, 2, 0, 0, 0, 0, 1, 0, 1, 0, 0, 1, 2, 0, 0, 0, 0, 1, 0, 2, 0, 0],789.0263571580006,56321.4806859715,98465.24902504137,true
10,G1_CMAX,G3_TWC,[31, 22, 82, 15, 26, 9, 95, 42, 77, 12, 47, 5, 93, 78, 86, 54, 85, 63, 18, 44, 20, 35, 43, 97, 91, 76, 10, 30, 21, 45, 71, 64, 1, 23, 17, 83, 24, 14, 60, 36, 6, 57, 40, 88, 65, 56, 79, 94, 67, 68, 46, 75, 38, 58, 19, 32, 81, 41, 27, 62, 50, 90, 99, 59, 11, 16, 72, 73, 69, 28, 37, 84, 3, 92, 25, 55, 39, 29, 51, 7, 33, 61, 98, 48, 89, 87, 8, 96, 53, 80, 34, 4, 66, 2, 52, 49, 0, 70, 74, 13]|[1, 1, 0, 1, 1, 0, 1, 2, 2, 1, 2, 2, 2, 1, 1, 0, 0, 1, 0, 2, 2, 0, 1, 2, 0, 1, 2, 2, 0, 0, 1, 2, 1, 2, 1, 0, 2, 0, 1, 1, 0, 1, 1, 1, 0, 2, 1, 1, 0, 0, 0, 0, 1, 1, 2, 1, 2, 1, 0, 0, 0, 1, 0, 1, 2, 1, 2, 1, 1, 0, 0, 1, 1, 0, 1, 1, 1, 0, 0, 1, 0, 1, 0, 1, 1, 0, 0, 0, 0, 0, 2, 0, 2, 0, 1, 0, 0, 1, 2, 0]|[4, 3, 2, 2, 4, 1, 2, 2, 2, 4, 1, 1, 2, 4, 4, 1, 2, 4, 2, 1, 1, 1, 1, 2, 1, 2, 1, 1, 1, 1, 3, 2, 3, 0, 4, 0, 1, 1, 0, 3, 2, 2, 2, 0, 1, 1, 0, 4, 0, 1, 2, 2, 1, 0, 0, 3, 2, 4, 1, 2, 1, 3, 1, 1, 1, 3, 0, 4, 3, 2, 1, 1, 1, 0, 4, 4, 1, 1, 1, 1, 2, 3, 1, 4, 1, 1, 1, 1, 2, 1, 1, 2, 1, 2, 1, 1, 2, 3, 1, 2]|[0, 2, 1, 1, 3, 0, 1, 0, 0, 0, 0, 0, 1, 0, 1, 0, 0, 3, 1, 0, 0, 0, 3, 1, 0, 2, 0, 0, 0, 1, 0, 0, 0, 0, 3, 0, 1, 0, 0, 2, 1, 1, 1, 0, 0, 0, 0, 2, 1, 0, 0, 0, 1, 3, 0, 0, 1, 2, 0, 1, 0, 2, 0, 1, 0, 2, 1, 0, 0, 1, 0, 3, 1, 1, 3, 3, 1, 0, 0, 2, 1, 0, 0, 2, 1, 0, 0, 0, 1, 0, 0, 1, 0, 0, 1, 1, 0, 0, 0, 0],859.3936558843817,57947.59132410602,93163.40601129462,true
10,G4_BALANCED,G4_BALANCED,[31, 22, 82, 15, 26, 58, 95, 42, 77, 12, 47, 5, 93, 78, 86, 54, 85, 63, 18, 44, 20, 35, 43, 97, 91, 76, 10, 30, 21, 45, 71, 64, 1, 23, 17, 83, 24, 14, 60, 36, 6, 57, 40, 88, 65, 56, 79, 94, 67, 68, 46, 75, 38, 9, 19, 32, 81, 41, 27, 62, 87, 90, 99, 59, 11, 16, 72, 73, 70, 39, 37, 84, 3, 92, 25, 55, 28, 29, 51, 7, 66, 61, 98, 48, 89, 50, 96, 8, 80, 53, 34, 4, 33, 2, 52, 49, 0, 69, 74, 13]|[1, 1, 0, 1, 1, 0, 1, 2, 2, 1, 2, 2, 2, 1, 1, 0, 0, 1, 0, 2, 2, 0, 1, 2, 0, 1, 2, 2, 0, 0, 1, 2, 1, 2, 1, 0, 2, 0, 1, 1, 0, 1, 1, 1, 0, 2, 1, 1, 0, 0, 0, 0, 1, 1, 2, 1, 2, 1, 0, 0, 2, 1, 0, 1, 2, 1, 2, 1, 1, 1, 1, 1, 1, 0, 1, 1, 0, 0, 0, 1, 2, 1, 2, 0, 1, 0, 0, 1, 0, 0, 2, 1, 2, 0, 1, 0, 0, 1, 2, 0]|[4, 3, 2, 2, 4, 1, 2, 2, 2, 4, 1, 1, 2, 4, 4, 1, 2, 4, 2, 1, 1, 1, 1, 2, 1, 2, 1, 1, 1, 1, 3, 2, 3, 1, 4, 0, 1, 1, 0, 3, 2, 2, 2, 0, 1, 1, 0, 4, 0, 1, 2, 2, 1, 0, 0, 3, 2, 4, 1, 2, 2, 3, 1, 1, 1, 3, 0, 4, 3, 1, 4, 1, 1, 0, 4, 4, 2, 1, 1, 1, 1, 3, 1, 1, 1, 1, 1, 3, 1, 2, 1, 4, 1, 2, 1, 1, 2, 4, 1, 2]|[0, 2, 1, 1, 3, 0, 1, 0, 0, 0, 0, 0, 1, 0, 1, 0, 0, 3, 1, 0, 0, 0, 3, 1, 0, 2, 0, 0, 0, 1, 0, 0, 0, 0, 3, 0, 1, 0, 0, 2, 1, 1, 1, 0, 0, 0, 0, 2, 1, 0, 0, 0, 1, 3, 0, 0, 1, 2, 0, 1, 0, 2, 0, 1, 0, 2, 1, 0, 0, 1, 1, 3, 1, 1, 3, 3, 1, 0, 0, 2, 0, 0, 0, 0, 1, 0, 0, 2, 0, 1, 0, 0, 0, 0, 1, 1, 0, 2, 0, 0],765.9990607008382,57213.806194498815,96238.34283731865,false
10,G2_TEC,G2_TEC,[31, 22, 82, 15, 26, 9, 95, 42, 77, 68, 47, 5, 93, 78, 86, 54, 85, 63, 18, 44, 20, 49, 36, 14, 74, 50, 53, 17, 21, 45, 71, 64, 3, 23, 30, 83, 24, 41, 60, 52, 65, 27, 90, 70, 39, 87, 48, 69, 99, 4, 46, 1, 13, 58, 97, 59, 28, 8, 73, 37, 35, 79, 11, 66, 76, 57, 40, 80, 96, 6, 16, 61, 33, 98, 32, 81, 62, 67, 10, 7, 56, 88, 51, 19, 91, 38, 75, 92, 25, 84, 2, 55, 43, 29, 34, 0, 12, 94, 89, 72]|[2, 1, 2, 1, 1, 2, 1, 1, 1, 1, 1, 0, 2, 2, 1, 2, 0, 0, 0, 2, 2, 1, 0, 2, 0, 2, 2, 1, 0, 1, 1, 1, 0, 0, 1, 0, 2, 1, 2, 2, 0, 0, 1, 1, 0, 2, 0, 2, 1, 0, 0, 2, 2, 0, 2, 0, 2, 1, 0, 0, 2, 1, 0, 2, 2, 0, 2, 2, 0, 1, 2, 1, 1, 0, 0, 1, 1, 1, 1, 2, 2, 1, 1, 1, 1, 0, 0, 0, 1, 0, 2, 0, 1, 1, 1, 0, 1, 1, 1, 1]|[0, 3, 0, 2, 4, 1, 4, 4, 2, 4, 3, 2, 1, 0, 2, 1, 1, 1, 2, 1, 1, 3, 0, 1, 0, 1, 1, 4, 1, 4, 3, 2, 2, 0, 4, 1, 1, 4, 0, 1, 2, 1, 4, 4, 1, 1, 0, 2, 3, 1, 2, 1, 2, 1, 1, 2, 0, 3, 0, 2, 2, 3, 1, 0, 1, 0, 0, 1, 2, 4, 1, 3, 4, 2, 2, 4, 3, 3, 3, 1, 1, 4, 3, 4, 3, 2, 2, 2, 4, 2, 1, 2, 4, 3, 1, 2, 3, 4, 4, 4]|[0, 2, 0, 1, 3, 0, 1, 3, 0, 0, 2, 0, 1, 0, 1, 0, 0, 0, 1, 0, 0, 2, 0, 0, 1, 0, 0, 3, 0, 1, 0, 2, 0, 0, 3, 0, 1, 3, 1, 0, 0, 0, 1, 3, 0, 0, 1, 0, 2, 0, 0, 0, 0, 0, 1, 0, 0, 0, 1, 1, 0, 2, 0, 0, 0, 1, 0, 0, 0, 2, 0, 0, 1, 0, 0, 2, 0, 0, 3, 0, 0, 1, 0, 3, 0, 0, 0, 0, 3, 0, 0, 0, 2, 0, 1, 0, 0, 2, 1, 2],863.840939798981,52281.731521347596,112954.27457422629,false
10,G3_TWC,G3_TWC,[31, 22, 82, 15, 26, 9, 95, 42, 77, 12, 47, 5, 93, 78, 86, 54, 85, 63, 18, 44, 20, 35, 43, 97, 91, 76, 10, 30, 21, 45, 71, 64, 1, 23, 17, 83, 24, 14, 60, 36, 6, 57, 40, 88, 65, 56, 79, 69, 67, 68, 46, 75, 38, 58, 19, 32, 81, 48, 27, 62, 87, 90, 99, 59, 11, 16, 72, 73, 70, 39, 37, 84, 3, 92, 25, 55, 28, 29, 51, 7, 66, 61, 98, 41, 89, 50, 33, 8, 80, 53, 34, 4, 96, 2, 52, 49, 0, 94, 74, 13]|[1, 1, 0, 1, 1, 0, 1, 2, 2, 1, 2, 2, 2, 1, 1, 0, 0, 1, 0, 2, 2, 0, 1, 2, 0, 1, 2, 2, 0, 0, 1, 2, 1, 0, 1, 0, 2, 0, 1, 1, 0, 1, 1, 1, 0, 2, 1, 2, 0, 0, 0, 0, 1, 1, 2, 1, 2, 1, 0, 0, 2, 1, 0, 1, 2, 1, 2, 1, 1, 1, 1, 1, 1, 0, 1, 1, 0, 0, 0, 1, 2, 1, 2, 2, 1, 0, 0, 1, 0, 0, 2, 1, 0, 0, 2, 0, 0, 1, 2, 0]|[4, 3, 2, 2, 4, 1, 2, 2, 2, 4, 1, 1, 2, 4, 4, 1, 2, 4, 2, 1, 1, 1, 1, 2, 1, 2, 1, 1, 1, 1, 3, 2, 3, 0, 4, 0, 1, 1, 0, 3, 2, 2, 2, 0, 1, 1, 0, 2, 0, 1, 2, 2, 1, 0, 0, 3, 2, 4, 1, 2, 2, 3, 1, 1, 1, 3, 0, 4, 3, 1, 4, 1, 1, 0, 4, 4, 2, 1, 1, 1, 1, 3, 1, 1, 1, 1, 2, 3, 1, 2, 1, 4, 1, 2, 1, 1, 2, 4, 1, 2]|[0, 2, 1, 1, 3, 0, 1, 0, 0, 0, 0, 0, 1, 0, 1, 0, 0, 3, 1, 0, 0, 0, 3, 1, 0, 2, 0, 0, 0, 1, 0, 0, 0, 0, 3, 0, 1, 0, 0, 2, 1, 1, 1, 0, 0, 0, 0, 0, 1, 0, 0, 0, 1, 3, 0, 0, 1, 2, 0, 1, 0, 2, 0, 1, 0, 2, 1, 0, 0, 1, 1, 3, 1, 1, 3, 3, 1, 0, 0, 2, 0, 0, 0, 0, 1, 0, 1, 2, 0, 1, 0, 0, 0, 0, 0, 1, 0, 2, 0, 0],788.4263571595221,56475.73213369948,98030.36464966477,false
10,G1_CMAX,G4_BALANCED,[31, 22, 82, 15, 26, 9, 95, 42, 77, 12, 47, 5, 93, 78, 86, 54, 85, 63, 18, 44, 20, 35, 43, 97, 91, 76, 10, 30, 21, 45, 71, 64, 1, 23, 17, 83, 24, 14, 60, 36, 6, 57, 40, 88, 65, 56, 79, 69, 67, 68, 46, 75, 38, 58, 19, 32, 81, 48, 27, 62, 87, 90, 99, 59, 11, 16, 72, 73, 70, 39, 37, 84, 3, 92, 25, 55, 28, 51, 29, 7, 66, 41, 98, 61, 89, 50, 8, 96, 80, 53, 33, 4, 34, 2, 52, 49, 0, 94, 74, 13]|[1, 1, 0, 1, 1, 0, 1, 2, 2, 1, 2, 2, 2, 1, 1, 0, 0, 1, 0, 2, 2, 0, 1, 2, 0, 1, 2, 2, 0, 0, 1, 2, 1, 0, 1, 0, 2, 0, 1, 1, 0, 1, 1, 1, 0, 2, 1, 1, 0, 0, 0, 0, 1, 1, 2, 1, 2, 1, 0, 0, 2, 1, 0, 1, 2, 1, 2, 1, 1, 1, 1, 1, 1, 0, 1, 1, 0, 0, 0, 1, 2, 0, 2, 1, 1, 0, 1, 0, 0, 0, 2, 1, 2, 0, 2, 0, 0, 1, 2, 0]|[4, 3, 2, 2, 4, 1, 2, 2, 2, 4, 1, 1, 2, 4, 4, 1, 2, 4, 2, 1, 1, 1, 1, 2, 1, 2, 1, 1, 1, 1, 3, 2, 3, 0, 4, 0, 1, 1, 0, 3, 2, 2, 2, 0, 1, 1, 0, 4, 0, 1, 2, 2, 1, 4, 0, 3, 2, 4, 1, 2, 2, 3, 1, 1, 1, 3, 0, 4, 3, 1, 4, 1, 1, 0, 4, 4, 2, 1, 1, 1, 1, 1, 1, 3, 1, 1, 3, 1, 1, 2, 1, 4, 1, 2, 1, 1, 2, 4, 1, 2]|[0, 2, 1, 1, 3, 0, 1, 0, 0, 0, 0, 0, 1, 0, 1, 0, 0, 3, 1, 0, 0, 0, 3, 1, 0, 2, 0, 0, 0, 1, 0, 0, 0, 0, 3, 0, 1, 0, 0, 2, 1, 1, 1, 0, 0, 0, 0, 2, 1, 0, 0, 0, 1, 3, 0, 0, 1, 2, 0, 1, 0, 2, 0, 1, 0, 2, 1, 0, 0, 1, 1, 3, 1, 1, 3, 3, 1, 0, 0, 2, 0, 0, 0, 0, 1, 0, 2, 0, 0, 1, 0, 0, 0, 0, 0, 1, 0, 2, 0, 0],800.0029672891342,56435.535365537915,97774.17868936088,true
10,G4_BALANCED,G4_BALANCED,[31, 22, 82, 15, 26, 58, 95, 42, 77, 12, 47, 5, 93, 78, 86, 54, 85, 63, 18, 44, 20, 35, 43, 97, 91, 76, 10, 30, 21, 45, 71, 64, 1, 23, 17, 83, 24, 14, 60, 36, 6, 57, 40, 88, 65, 56, 79, 94, 67, 68, 46, 75, 38, 9, 19, 32, 81, 41, 27, 62, 87, 90, 99, 59, 11, 16, 72, 73, 70, 39, 37, 84, 3, 92, 25, 55, 28, 29, 51, 7, 66, 61, 98, 48, 89, 50, 96, 8, 80, 53, 34, 4, 33, 2, 52, 49, 0, 69, 74, 13]|[1, 1, 0, 1, 1, 0, 1, 2, 2, 1, 2, 2, 2, 1, 1, 0, 0, 1, 0, 2, 2, 0, 1, 2, 0, 1, 2, 2, 0, 0, 1, 2, 1, 2, 1, 0, 2, 0, 1, 1, 0, 1, 1, 1, 0, 2, 1, 1, 0, 0, 0, 0, 1, 1, 2, 1, 2, 1, 0, 0, 2, 1, 0, 1, 2, 1, 2, 1, 1, 1, 1, 1, 1, 0, 1, 1, 0, 0, 0, 1, 2, 1, 2, 0, 1, 0, 0, 1, 0, 0, 2, 1, 2, 0, 1, 0, 0, 1, 2, 0]|[4, 3, 2, 2, 4, 1, 2, 2, 2, 4, 1, 1, 2, 4, 4, 1, 2, 4, 2, 1, 1, 1, 1, 2, 1, 2, 1, 1, 1, 1, 3, 2, 3, 1, 4, 0, 1, 1, 0, 3, 2, 2, 2, 0, 1, 1, 0, 4, 0, 1, 2, 2, 1, 0, 0, 3, 2, 4, 1, 2, 2, 3, 1, 1, 1, 3, 0, 4, 3, 1, 4, 1, 1, 0, 4, 4, 2, 1, 1, 1, 1, 3, 1, 1, 1, 1, 1, 3, 1, 2, 1, 4, 1, 2, 1, 1, 2, 4, 1, 2]|[0, 2, 1, 1, 3, 0, 1, 0, 0, 0, 0, 0, 1, 0, 1, 0, 0, 3, 1, 0, 0, 0, 3, 1, 0, 2, 0, 0, 0, 1, 0, 0, 0, 0, 3, 0, 1, 0, 0, 2, 1, 1, 1, 0, 0, 0, 0, 2, 1, 0, 0, 0, 1, 3, 0, 0, 1, 2, 0, 1, 0, 2, 0, 1, 0, 2, 1, 0, 0, 1, 1, 3, 1, 1, 3, 3, 1, 0, 0, 2, 0, 0, 0, 0, 1, 0, 0, 2, 0, 1, 0, 0, 0, 0, 1, 1, 0, 2, 0, 0],765.9990607008382,57213.806194498815,96238.34283731865,false
10,G2_TEC,G2_TEC,[31, 22, 82, 15, 26, 9, 95, 42, 77, 68, 47, 5, 93, 78, 86, 54, 85, 63, 18, 44, 20, 49, 36, 14, 74, 50, 53, 17, 21, 45, 71, 64, 3, 23, 30, 83, 24, 41, 60, 52, 65, 27, 90, 70, 39, 87, 48, 69, 99, 4, 46, 1, 13, 58, 97, 59, 28, 8, 73, 37, 35, 79, 11, 66, 76, 57, 40, 80, 96, 6, 16, 61, 33, 98, 32, 81, 62, 67, 10, 7, 56, 88, 51, 19, 91, 38, 75, 92, 25, 84, 2, 55, 43, 29, 34, 0, 12, 94, 89, 72]|[2, 1, 2, 1, 1, 2, 1, 1, 1, 1, 1, 0, 2, 2, 1, 2, 0, 0, 0, 2, 2, 1, 0, 2, 0, 2, 2, 1, 0, 1, 1, 1, 0, 0, 1, 0, 2, 1, 2, 2, 0, 0, 1, 1, 0, 2, 0, 2, 1, 0, 0, 2, 2, 0, 2, 0, 2, 1, 0, 0, 2, 1, 0, 2, 2, 0, 2, 2, 0, 1, 2, 1, 1, 0, 0, 1, 1, 1, 1, 2, 2, 1, 1, 1, 1, 0, 0, 0, 1, 0, 2, 0, 1, 1, 1, 0, 1, 1, 1, 1]|[0, 3, 0, 2, 4, 1, 4, 4, 2, 4, 3, 2, 1, 0, 2, 1, 1, 1, 2, 1, 1, 3, 0, 1, 0, 1, 1, 4, 1, 4, 3, 2, 2, 0, 4, 1, 1, 4, 0, 1, 2, 1, 4, 4, 1, 1, 0, 2, 3, 1, 2, 1, 2, 1, 1, 2, 0, 3, 0, 2, 2, 3, 1, 0, 1, 0, 0, 1, 2, 4, 1, 3, 4, 2, 2, 4, 3, 3, 3, 1, 1, 4, 3, 4, 3, 2, 2, 2, 4, 2, 1, 2, 4, 3, 1, 2, 3, 4, 4, 4]|[0, 2, 0, 1, 3, 0, 1, 3, 0, 0, 2, 0, 1, 0, 1, 0, 0, 0, 1, 0, 0, 2, 0, 0, 1, 0, 0, 3, 0, 1, 0, 2, 0, 0, 3, 0, 1, 3, 1, 0, 0, 0, 1, 3, 0, 0, 1, 0, 2, 0, 0, 0, 0, 0, 1, 0, 0, 0, 1, 1, 0, 2, 0, 0, 0, 1, 0, 0, 0, 2, 0, 0, 1, 0, 0, 2, 0, 0, 3, 0, 0, 1, 0, 3, 0, 0, 0, 0, 3, 0, 0, 0, 2, 0, 1, 0, 0, 2, 1, 2],863.840939798981,52281.731521347596,112954.27457422629,false
10,G3_TWC,G3_TWC,[31, 22, 82, 15, 26, 9, 95, 42, 77, 12, 47, 5, 93, 78, 86, 54, 85, 63, 18, 44, 20, 35, 43, 97, 91, 76, 10, 30, 21, 45, 71, 64, 1, 23, 17, 83, 24, 14, 60, 36, 6, 57, 40, 88, 65, 56, 79, 69, 67, 68, 46, 75, 38, 58, 19, 32, 81, 48, 27, 62, 87, 90, 99, 59, 11, 16, 72, 73, 70, 39, 37, 84, 3, 92, 25, 55, 28, 29, 51, 7, 66, 61, 98, 41, 89, 50, 33, 8, 80, 53, 34, 4, 96, 2, 52, 49, 0, 94, 74, 13]|[1, 1, 0, 1, 1, 0, 1, 2, 2, 1, 2, 2, 2, 1, 1, 0, 0, 1, 0, 2, 2, 0, 1, 2, 0, 1, 2, 2, 0, 0, 1, 2, 1, 0, 1, 0, 2, 0, 1, 1, 0, 1, 1, 1, 0, 2, 1, 2, 0, 0, 0, 0, 1, 1, 2, 1, 2, 1, 0, 0, 2, 1, 0, 1, 2, 1, 2, 1, 1, 1, 1, 1, 1, 0, 1, 1, 0, 0, 0, 1, 2, 1, 2, 2, 1, 0, 0, 1, 0, 0, 2, 1, 0, 0, 2, 0, 0, 1, 2, 0]|[4, 3, 2, 2, 4, 1, 2, 2, 2, 4, 1, 1, 2, 4, 4, 1, 2, 4, 2, 1, 1, 1, 1, 2, 1, 2, 1, 1, 1, 1, 3, 2, 3, 0, 4, 0, 1, 1, 0, 3, 2, 2, 2, 0, 1, 1, 0, 2, 0, 1, 2, 2, 1, 0, 0, 3, 2, 4, 1, 2, 2, 3, 1, 1, 1, 3, 0, 4, 3, 1, 4, 1, 1, 0, 4, 4, 2, 1, 1, 1, 1, 3, 1, 1, 1, 1, 2, 3, 1, 2, 1, 4, 1, 2, 1, 1, 2, 4, 1, 2]|[0, 2, 1, 1, 3, 0, 1, 0, 0, 0, 0, 0, 1, 0, 1, 0, 0, 3, 1, 0, 0, 0, 3, 1, 0, 2, 0, 0, 0, 1, 0, 0, 0, 0, 3, 0, 1, 0, 0, 2, 1, 1, 1, 0, 0, 0, 0, 0, 1, 0, 0, 0, 1, 3, 0, 0, 1, 2, 0, 1, 0, 2, 0, 1, 0, 2, 1, 0, 0, 1, 1, 3, 1, 1, 3, 3, 1, 0, 0, 2, 0, 0, 0, 0, 1, 0, 1, 2, 0, 1, 0, 0, 0, 0, 0, 1, 0, 2, 0, 0],788.4263571595221,56475.73213369948,98030.36464966477,false
10,G1_CMAX,G4_BALANCED,[31, 22, 82, 15, 26, 58, 95, 42, 77, 12, 47, 5, 93, 78, 86, 54, 85, 63, 18, 44, 20, 35, 43, 97, 91, 76, 10, 30, 21, 45, 71, 64, 1, 23, 17, 83, 24, 14, 60, 36, 6, 57, 40, 88, 65, 56, 79, 94, 67, 68, 46, 75, 38, 9, 19, 32, 81, 41, 27, 62, 87, 90, 99, 59, 11, 16, 72, 73, 70, 39, 37, 84, 3, 92, 25, 55, 28, 29, 51, 7, 66, 61, 98, 48, 89, 50, 96, 33, 80, 8, 53, 4, 34, 2, 52, 49, 0, 69, 74, 13]|[1, 1, 0, 1, 1, 0, 1, 2, 2, 1, 2, 2, 2, 1, 1, 0, 0, 1, 0, 2, 2, 0, 1, 2, 0, 1, 2, 2, 0, 0, 1, 2, 1, 2, 1, 0, 2, 0, 1, 1, 0, 1, 1, 1, 0, 2, 1, 1, 0, 0, 0, 0, 1, 1, 2, 1, 2, 1, 0, 0, 2, 1, 0, 1, 2, 1, 2, 1, 1, 1, 0, 1, 1, 0, 1, 1, 0, 0, 0, 1, 2, 1, 2, 2, 1, 0, 2, 2, 0, 1, 0, 1, 2, 0, 1, 0, 0, 1, 2, 0]|[4, 3, 2, 2, 4, 1, 2, 2, 2, 4, 1, 1, 2, 4, 4, 1, 2, 4, 2, 1, 1, 1, 1, 2, 1, 2, 1, 1, 1, 1, 3, 2, 3, 0, 4, 0, 1, 1, 0, 3, 2, 2, 2, 0, 1, 1, 0, 4, 0, 1, 2, 2, 1, 0, 0, 3, 2, 4, 1, 2, 2, 3, 1, 1, 1, 3, 0, 4, 3, 1, 1, 1, 1, 0, 4, 4, 2, 1, 1, 1, 1, 3, 1, 1, 1, 1, 1, 1, 1, 3, 2, 4, 1, 2, 1, 1, 2, 4, 1, 2]|[0, 2, 1, 1, 3, 0, 1, 0, 0, 0, 0, 0, 1, 0, 1, 0, 0, 3, 1, 0, 0, 0, 3, 1, 0, 2, 0, 0, 0, 1, 0, 0, 0, 0, 3, 0, 1, 0, 0, 2, 1, 1, 1, 0, 0, 0, 0, 2, 1, 0, 0, 0, 1, 3, 0, 0, 1, 2, 0, 1, 0, 2, 0, 1, 0, 2, 1, 0, 0, 1, 0, 3, 1, 1, 3, 3, 1, 0, 0, 2, 0, 0, 0, 0, 1, 0, 0, 0, 0, 2, 1, 0, 0, 0, 1, 1, 0, 2, 0, 0],760.94709638402,57437.42894862305,96892.39253791534,true
10,G4_BALANCED,G4_BALANCED,[31, 22, 82, 15, 26, 58, 95, 42, 77, 12, 47, 5, 93, 78, 86, 54, 85, 63, 18, 44, 20, 35, 43, 97, 91, 76, 10, 30, 21, 45, 71, 64, 1, 23, 17, 83, 24, 14, 60, 36, 6, 57, 40, 88, 65, 56, 79, 94, 67, 68, 46, 75, 38, 9, 19, 32, 81, 41, 27, 62, 87, 90, 99, 59, 11, 16, 72, 73, 70, 39, 37, 84, 3, 92, 25, 55, 28, 29, 51, 7, 66, 61, 98, 48, 89, 50, 96, 8, 80, 53, 34, 4, 33, 2, 52, 49, 0, 69, 74, 13]|[1, 1, 0, 1, 1, 0, 1, 2, 2, 1, 2, 2, 2, 1, 1, 0, 0, 1, 0, 2, 2, 0, 1, 2, 0, 1, 2, 2, 0, 0, 1, 2, 1, 2, 1, 0, 2, 0, 1, 1, 0, 1, 1, 1, 0, 2, 1, 1, 0, 0, 0, 0, 1, 1, 2, 1, 2, 1, 0, 0, 2, 1, 0, 1, 2, 1, 2, 1, 1, 1, 1, 1, 1, 0, 1, 1, 0, 0, 0, 1, 2, 1, 2, 0, 1, 0, 0, 1, 0, 0, 2, 1, 2, 0, 1, 0, 0, 1, 2, 0]|[4, 3, 2, 2, 4, 1, 2, 2, 2, 4, 1, 1, 2, 4, 4, 1, 2, 4, 2, 1, 1, 1, 1, 2, 1, 2, 1, 1, 1, 1, 3, 2, 3, 1, 4, 0, 1, 1, 0, 3, 2, 2, 2, 0, 1, 1, 0, 4, 0, 1, 2, 2, 1, 0, 0, 3, 2, 4, 1, 2, 2, 3, 1, 1, 1, 3, 0, 4, 3, 1, 4, 1, 1, 0, 4, 4, 2, 1, 1, 1, 1, 3, 1, 1, 1, 1, 1, 3, 1, 2, 1, 4, 1, 2, 1, 1, 2, 4, 1, 2]|[0, 2, 1, 1, 3, 0, 1, 0, 0, 0, 0, 0, 1, 0, 1, 0, 0, 3, 1, 0, 0, 0, 3, 1, 0, 2, 0, 0, 0, 1, 0, 0, 0, 0, 3, 0, 1, 0, 0, 2, 1, 1, 1, 0, 0, 0, 0, 2, 1, 0, 0, 0, 1, 3, 0, 0, 1, 2, 0, 1, 0, 2, 0, 1, 0, 2, 1, 0, 0, 1, 1, 3, 1, 1, 3, 3, 1, 0, 0, 2, 0, 0, 0, 0, 1, 0, 0, 2, 0, 1, 0, 0, 0, 0, 1, 1, 0, 2, 0, 0],765.9990607008382,57213.806194498815,96238.34283731865,false
10,G2_TEC,G2_TEC,[31, 22, 82, 15, 26, 9, 95, 42, 77, 68, 47, 5, 93, 78, 86, 54, 85, 63, 18, 44, 20, 49, 36, 14, 74, 50, 53, 17, 21, 45, 71, 64, 3, 23, 30, 83, 24, 41, 60, 52, 65, 27, 90, 70, 39, 87, 48, 69, 99, 4, 46, 1, 13, 58, 97, 59, 28, 8, 73, 37, 35, 79, 11, 66, 76, 57, 40, 80, 96, 6, 16, 61, 33, 98, 32, 81, 62, 67, 10, 7, 56, 88, 51, 19, 91, 38, 75, 92, 25, 84, 2, 55, 43, 29, 34, 0, 12, 94, 89, 72]|[2, 1, 2, 1, 1, 2, 1, 1, 1, 1, 1, 0, 2, 2, 1, 2, 0, 0, 0, 2, 2, 1, 0, 2, 0, 2, 2, 1, 0, 1, 1, 1, 0, 0, 1, 0, 2, 1, 2, 2, 0, 0, 1, 1, 0, 2, 0, 2, 1, 0, 0, 2, 2, 0, 2, 0, 2, 1, 0, 0, 2, 1, 0, 2, 2, 0, 2, 2, 0, 1, 2, 1, 1, 0, 0, 1, 1, 1, 1, 2, 2, 1, 1, 1, 1, 0, 0, 0, 1, 0, 2, 0, 1, 1, 1, 0, 1, 1, 1, 1]|[0, 3, 0, 2, 4, 1, 4, 4, 2, 4, 3, 2, 1, 0, 2, 1, 1, 1, 2, 1, 1, 3, 0, 1, 0, 1, 1, 4, 1, 4, 3, 2, 2, 0, 4, 1, 1, 4, 0, 1, 2, 1, 4, 4, 1, 1, 0, 2, 3, 1, 2, 1, 2, 1, 1, 2, 0, 3, 0, 2, 2, 3, 1, 0, 1, 0, 0, 1, 2, 4, 1, 3, 4, 2, 2, 4, 3, 3, 3, 1, 1, 4, 3, 4, 3, 2, 2, 2, 4, 2, 1, 2, 4, 3, 1, 2, 3, 4, 4, 4]|[0, 2, 0, 1, 3, 0, 1, 3, 0, 0, 2, 0, 1, 0, 1, 0, 0, 0, 1, 0, 0, 2, 0, 0, 1, 0, 0, 3, 0, 1, 0, 2, 0, 0, 3, 0, 1, 3, 1, 0, 0, 0, 1, 3, 0, 0, 1, 0, 2, 0, 0, 0, 0, 0, 1, 0, 0, 0, 1, 1, 0, 2, 0, 0, 0, 1, 0, 0, 0, 2, 0, 0, 1, 0, 0, 2, 0, 0, 3, 0, 0, 1, 0, 3, 0, 0, 0, 0, 3, 0, 0, 0, 2, 0, 1, 0, 0, 2, 1, 2],863.840939798981,52281.731521347596,112954.27457422629,false
10,G3_TWC,G3_TWC,[31, 22, 82, 15, 26, 9, 95, 42, 77, 12, 47, 5, 93, 78, 86, 54, 85, 63, 18, 44, 20, 35, 43, 97, 91, 76, 10, 30, 21, 45, 71, 64, 1, 23, 17, 83, 24, 14, 60, 36, 6, 57, 40, 88, 65, 56, 79, 94, 67, 68, 46, 75, 38, 58, 19, 32, 81, 41, 27, 62, 87, 90, 99, 59, 11, 16, 72, 73, 69, 39, 37, 84, 3, 92, 25, 55, 28, 29, 51, 7, 33, 61, 98, 48, 89, 50, 66, 96, 80, 53, 8, 34, 4, 2, 52, 49, 0, 70, 74, 13]|[1, 1, 0, 1, 1, 0, 1, 2, 2, 1, 2, 2, 2, 1, 1, 0, 0, 1, 0, 2, 2, 0, 1, 2, 0, 1, 2, 2, 0, 0, 1, 2, 1, 2, 1, 0, 2, 0, 1, 1, 0, 1, 1, 1, 0, 2, 1, 1, 0, 0, 0, 0, 1, 1, 2, 1, 2, 1, 0, 0, 2, 2, 0, 1, 2, 1, 2, 1, 1, 1, 0, 1, 1, 0, 1, 1, 0, 0, 0, 1, 0, 1, 0, 0, 1, 0, 2, 0, 0, 0, 0, 2, 0, 0, 1, 0, 0, 1, 2, 0]|[4, 3, 2, 2, 4, 1, 2, 2, 2, 4, 1, 1, 2, 4, 4, 1, 2, 4, 2, 1, 1, 1, 1, 2, 1, 2, 1, 1, 1, 1, 3, 2, 3, 0, 4, 0, 1, 1, 0, 3, 2, 2, 2, 0, 1, 1, 0, 4, 0, 1, 2, 2, 1, 0, 0, 3, 2, 4, 1, 2, 2, 1, 1, 1, 1, 3, 0, 4, 4, 1, 1, 1, 1, 0, 4, 4, 2, 1, 1, 1, 2, 3, 1, 1, 1, 1, 1, 1, 1, 2, 1, 1, 2, 2, 1, 1, 2, 3, 1, 2]|[0, 2, 1, 1, 3, 0, 1, 0, 0, 0, 0, 0, 1, 0, 1, 0, 0, 3, 1, 0, 0, 0, 3, 1, 0, 2, 0, 0, 0, 1, 0, 0, 0, 0, 3, 0, 1, 0, 0, 2, 1, 1, 1, 0, 0, 0, 0, 2, 1, 0, 0, 0, 1, 3, 0, 0, 1, 2, 0, 1, 0, 0, 0, 1, 0, 2, 1, 0, 2, 1, 0, 3, 1, 1, 3, 3, 1, 0, 0, 2, 1, 0, 0, 0, 1, 0, 0, 0, 0, 1, 0, 0, 1, 0, 1, 1, 0, 0, 0, 0],847.0427978319374,57842.30893966173,93453.7900685962,false
10,G1_CMAX,G4_BALANCED,[31, 22, 82, 15, 26, 9, 95, 42, 77, 12, 47, 5, 93, 78, 86, 54, 85, 63, 18, 44, 20, 35, 43, 97, 91, 76, 87, 30, 21, 45, 71, 64, 1, 23, 17, 83, 24, 14, 60, 36, 6, 57, 40, 88, 65, 56, 79, 69, 67, 68, 46, 75, 38, 58, 19, 32, 81, 41, 27, 62, 10, 90, 99, 59, 11, 16, 72, 73, 70, 39, 37, 84, 3, 92, 25, 55, 28, 29, 51, 7, 66, 61, 98, 48, 89, 50, 8, 53, 80, 33, 96, 4, 34, 2, 52, 49, 0, 94, 74, 13]|[1, 1, 0, 1, 1, 0, 1, 2, 2, 1, 2, 2, 2, 1, 1, 0, 0, 1, 0, 2, 2, 0, 1, 2, 0, 1, 2, 2, 0, 0, 1, 2, 1, 2, 1, 0, 2, 0, 1, 1, 0, 1, 1, 1, 0, 2, 1, 1, 0, 0, 0, 0, 1, 0, 2, 1, 2, 1, 0, 0, 2, 1, 0, 1, 2, 1, 2, 1, 1, 1, 1, 1, 1, 0, 1, 1, 0, 0, 0, 1, 2, 1, 0, 0, 1, 0, 0, 0, 0, 0, 0, 0, 2, 0, 2, 0, 0, 1, 2, 0]|[4, 3, 2, 2, 4, 1, 2, 2, 2, 4, 1, 1, 2, 4, 4, 1, 2, 4, 2, 1, 1, 1, 1, 2, 1, 2, 1, 1, 1, 1, 3, 2, 3, 1, 4, 0, 1, 1, 0, 3, 2, 2, 2, 0, 1, 1, 0, 4, 0, 1, 2, 2, 1, 1, 0, 3, 2, 4, 1, 2, 1, 3, 1, 1, 1, 3, 0, 4, 3, 1, 4, 1, 1, 0, 4, 4, 2, 1, 1, 1, 1, 3, 1, 1, 1, 1, 1, 2, 1, 1, 1, 2, 1, 2, 1, 1, 2, 4, 1, 2]|[0, 2, 1, 1, 3, 0, 1, 0, 0, 0, 0, 0, 1, 0, 1, 0, 0, 3, 1, 0, 0, 0, 3, 1, 0, 2, 0, 0, 0, 1, 0, 0, 0, 0, 3, 0, 1, 0, 0, 2, 1, 1, 1, 0, 0, 0, 0, 2, 1, 0, 0, 0, 1, 0, 0, 0, 1, 2, 0, 1, 0, 2, 0, 1, 0, 2, 1, 0, 0, 1, 1, 3, 1, 1, 3, 3, 1, 0, 0, 2, 0, 0, 0, 0, 1, 0, 0, 1, 0, 0, 0, 1, 0, 0, 0, 1, 0, 2, 0, 0],852.1933398795996,56542.17056787449,94192.24803975181,true
10,G4_BALANCED,G4_BALANCED,[31, 22, 82, 15, 26, 58, 95, 42, 77, 12, 47, 5, 93, 78, 86, 54, 85, 63, 18, 44, 20, 35, 43, 97, 91, 76, 10, 30, 21, 45, 71, 64, 1, 23, 17, 83, 24, 14, 60, 36, 6, 57, 40, 88, 65, 56, 79, 94, 67, 68, 46, 75, 38, 9, 19, 32, 81, 41, 27, 62, 87, 90, 99, 59, 11, 16, 72, 73, 70, 39, 37, 84, 3, 92, 25, 55, 28, 29, 51, 7, 66, 61, 98, 48, 89, 50, 96, 8, 80, 53, 34, 4, 33, 2, 52, 49, 0, 69, 74, 13]|[1, 1, 0, 1, 1, 0, 1, 2, 2, 1, 2, 2, 2, 1, 1, 0, 0, 1, 0, 2, 2, 0, 1, 2, 0, 1, 2, 2, 0, 0, 1, 2, 1, 2, 1, 0, 2, 0, 1, 1, 0, 1, 1, 1, 0, 2, 1, 1, 0, 0, 0, 0, 1, 1, 2, 1, 2, 1, 0, 0, 2, 1, 0, 1, 2, 1, 2, 1, 1, 1, 1, 1, 1, 0, 1, 1, 0, 0, 0, 1, 2, 1, 2, 0, 1, 0, 0, 1, 0, 0, 2, 1, 2, 0, 1, 0, 0, 1, 2, 0]|[4, 3, 2, 2, 4, 1, 2, 2, 2, 4, 1, 1, 2, 4, 4, 1, 2, 4, 2, 1, 1, 1, 1, 2, 1, 2, 1, 1, 1, 1, 3, 2, 3, 1, 4, 0, 1, 1, 0, 3, 2, 2, 2, 0, 1, 1, 0, 4, 0, 1, 2, 2, 1, 0, 0, 3, 2, 4, 1, 2, 2, 3, 1, 1, 1, 3, 0, 4, 3, 1, 4, 1, 1, 0, 4, 4, 2, 1, 1, 1, 1, 3, 1, 1, 1, 1, 1, 3, 1, 2, 1, 4, 1, 2, 1, 1, 2, 4, 1, 2]|[0, 2, 1, 1, 3, 0, 1, 0, 0, 0, 0, 0, 1, 0, 1, 0, 0, 3, 1, 0, 0, 0, 3, 1, 0, 2, 0, 0, 0, 1, 0, 0, 0, 0, 3, 0, 1, 0, 0, 2, 1, 1, 1, 0, 0, 0, 0, 2, 1, 0, 0, 0, 1, 3, 0, 0, 1, 2, 0, 1, 0, 2, 0, 1, 0, 2, 1, 0, 0, 1, 1, 3, 1, 1, 3, 3, 1, 0, 0, 2, 0, 0, 0, 0, 1, 0, 0, 2, 0, 1, 0, 0, 0, 0, 1, 1, 0, 2, 0, 0],765.9990607008382,57213.806194498815,96238.34283731865,false
10,G2_TEC,G2_TEC,[31, 22, 82, 15, 26, 9, 95, 42, 77, 68, 47, 5, 93, 78, 86, 54, 85, 63, 18, 44, 20, 49, 36, 14, 74, 50, 53, 17, 21, 45, 71, 64, 3, 23, 30, 83, 24, 41, 60, 52, 65, 27, 90, 70, 39, 87, 48, 69, 99, 4, 46, 1, 13, 58, 97, 59, 28, 8, 73, 37, 35, 79, 11, 66, 76, 57, 40, 80, 96, 6, 16, 61, 33, 98, 32, 81, 62, 67, 10, 7, 56, 88, 51, 19, 91, 38, 75, 92, 25, 84, 2, 55, 43, 29, 34, 0, 12, 94, 89, 72]|[2, 1, 2, 1, 1, 2, 1, 1, 1, 1, 1, 0, 2, 2, 1, 2, 0, 0, 0, 2, 2, 1, 0, 2, 0, 2, 2, 1, 0, 1, 1, 1, 0, 0, 1, 0, 2, 1, 2, 2, 0, 0, 1, 1, 0, 2, 0, 2, 1, 0, 0, 2, 2, 0, 2, 0, 2, 1, 0, 0, 2, 1, 0, 2, 2, 0, 2, 2, 0, 1, 2, 1, 1, 0, 0, 1, 1, 1, 1, 2, 2, 1, 1, 1, 1, 0, 0, 0, 1, 0, 2, 0, 1, 1, 1, 0, 1, 1, 1, 1]|[0, 3, 0, 2, 4, 1, 4, 4, 2, 4, 3, 2, 1, 0, 2, 1, 1, 1, 2, 1, 1, 3, 0, 1, 0, 1, 1, 4, 1, 4, 3, 2, 2, 0, 4, 1, 1, 4, 0, 1, 2, 1, 4, 4, 1, 1, 0, 2, 3, 1, 2, 1, 2, 1, 1, 2, 0, 3, 0, 2, 2, 3, 1, 0, 1, 0, 0, 1, 2, 4, 1, 3, 4, 2, 2, 4, 3, 3, 3, 1, 1, 4, 3, 4, 3, 2, 2, 2, 4, 2, 1, 2, 4, 3, 1, 2, 3, 4, 4, 4]|[0, 2, 0, 1, 3, 0, 1, 3, 0, 0, 2, 0, 1, 0, 1, 0, 0, 0, 1, 0, 0, 2, 0, 0, 1, 0, 0, 3, 0, 1, 0, 2, 0, 0, 3, 0, 1, 3, 1, 0, 0, 0, 1, 3, 0, 0, 1, 0, 2, 0, 0, 0, 0, 0, 1, 0, 0, 0, 1, 1, 0, 2, 0, 0, 0, 1, 0, 0, 0, 2, 0, 0, 1, 0, 0, 2, 0, 0, 3, 0, 0, 1, 0, 3, 0, 0, 0, 0, 3, 0, 0, 0, 2, 0, 1, 0, 0, 2, 1, 2],863.840939798981,52281.731521347596,112954.27457422629,false
10,G3_TWC,G3_TWC,[31, 22, 82, 15, 26, 9, 95, 42, 77, 12, 47, 5, 93, 78, 86, 54, 85, 63, 18, 44, 20, 35, 43, 97, 91, 76, 10, 30, 21, 45, 71, 64, 1, 23, 17, 83, 24, 14, 60, 36, 6, 57, 40, 88, 65, 56, 79, 94, 67, 68, 46, 75, 38, 58, 19, 32, 81, 41, 27, 62, 87, 90, 99, 59, 11, 16, 72, 73, 69, 39, 37, 84, 3, 92, 25, 55, 28, 29, 51, 7, 33, 61, 98, 48, 89, 50, 66, 96, 80, 53, 8, 34, 4, 2, 52, 49, 0, 70, 74, 13]|[1, 1, 0, 1, 1, 0, 1, 2, 2, 1, 2, 2, 2, 1, 1, 0, 0, 1, 0, 2, 2, 0, 1, 2, 0, 1, 2, 2, 0, 0, 1, 2, 1, 2, 1, 0, 2, 0, 1, 1, 0, 1, 1, 1, 0, 2, 1, 1, 0, 0, 0, 0, 1, 1, 2, 1, 2, 1, 0, 0, 2, 2, 0, 1, 2, 1, 2, 1, 1, 1, 0, 1, 1, 0, 1, 1, 0, 0, 0, 1, 0, 1, 0, 0, 1, 0, 2, 0, 0, 0, 0, 2, 0, 0, 1, 0, 0, 1, 2, 0]|[4, 3, 2, 2, 4, 1, 2, 2, 2, 4, 1, 1, 2, 4, 4, 1, 2, 4, 2, 1, 1, 1, 1, 2, 1, 2, 1, 1, 1, 1, 3, 2, 3, 0, 4, 0, 1, 1, 0, 3, 2, 2, 2, 0, 1, 1, 0, 4, 0, 1, 2, 2, 1, 0, 0, 3, 2, 4, 1, 2, 2, 1, 1, 1, 1, 3, 0, 4, 4, 1, 1, 1, 1, 0, 4, 4, 2, 1, 1, 1, 2, 3, 1, 1, 1, 1, 1, 1, 1, 2, 1, 1, 2, 2, 1, 1, 2, 3, 1, 2]|[0, 2, 1, 1, 3, 0, 1, 0, 0, 0, 0, 0, 1, 0, 1, 0, 0, 3, 1, 0, 0, 0, 3, 1, 0, 2, 0, 0, 0, 1, 0, 0, 0, 0, 3, 0, 1, 0, 0, 2, 1, 1, 1, 0, 0, 0, 0, 2, 1, 0, 0, 0, 1, 3, 0, 0, 1, 2, 0, 1, 0, 0, 0, 1, 0, 2, 1, 0, 2, 1, 0, 3, 1, 1, 3, 3, 1, 0, 0, 2, 1, 0, 0, 0, 1, 0, 0, 0, 0, 1, 0, 0, 1, 0, 1, 1, 0, 0, 0, 0],847.0427978319374,57842.30893966173,93453.7900685962,false
10,G1_CMAX,G4_BALANCED,[31, 22, 82, 15, 26, 9, 95, 42, 77, 12, 47, 5, 93, 78, 86, 54, 85, 63, 18, 44, 20, 35, 43, 97, 91, 76, 10, 30, 21, 45, 71, 64, 1, 23, 17, 83, 24, 14, 60, 36, 6, 57, 40, 88, 65, 56, 79, 69, 67, 68, 46, 75, 48, 58, 19, 32, 81, 38, 27, 62, 87, 90, 99, 59, 11, 16, 72, 73, 70, 39, 37, 84, 3, 92, 25, 55, 28, 29, 51, 7, 66, 61, 98, 41, 89, 50, 96, 8, 53, 80, 34, 52, 33, 2, 4, 49, 0, 94, 74, 13]|[1, 1, 0, 1, 1, 0, 1, 2, 2, 1, 2, 2, 2, 1, 1, 0, 0, 1, 0, 2, 2, 0, 1, 2, 0, 1, 2, 2, 0, 0, 1, 2, 1, 2, 1, 0, 2, 0, 1, 1, 0, 1, 1, 1, 0, 2, 1, 2, 0, 0, 0, 0, 1, 0, 2, 1, 2, 1, 0, 0, 2, 1, 0, 1, 2, 1, 2, 1, 1, 1, 1, 1, 1, 0, 1, 1, 0, 0, 0, 1, 2, 1, 0, 2, 1, 0, 0, 1, 0, 0, 2, 2, 2, 0, 1, 0, 0, 1, 2, 0]|[4, 3, 2, 2, 4, 1, 2, 2, 2, 4, 1, 1, 2, 4, 4, 1, 2, 4, 2, 1, 1, 1, 1, 2, 1, 2, 1, 1, 1, 1, 3, 2, 3, 1, 4, 0, 1, 1, 0, 3, 2, 2, 2, 0, 1, 1, 0, 2, 0, 1, 2, 2, 1, 1, 0, 3, 2, 4, 1, 2, 2, 3, 1, 1, 1, 3, 0, 4, 3, 1, 4, 1, 1, 0, 4, 4, 2, 1, 1, 1, 1, 3, 1, 1, 1, 1, 1, 3, 2, 1, 1, 1, 1, 2, 4, 1, 2, 4, 1, 2]|[0, 2, 1, 1, 3, 0, 1, 0, 0, 0, 0, 0, 1, 0, 1, 0, 0, 3, 1, 0, 0, 0, 3, 1, 0, 2, 0, 0, 0, 1, 0, 0, 0, 0, 3, 0, 1, 0, 0, 2, 1, 1, 1, 0, 0, 0, 0, 0, 1, 0, 0, 0, 1, 0, 0, 0, 1, 2, 0, 1, 0, 2, 0, 1, 0, 2, 1, 0, 0, 1, 1, 3, 1, 1, 3, 3, 1, 0, 0, 2, 0, 0, 0, 0, 1, 0, 0, 2, 1, 0, 0, 0, 0, 0, 0, 1, 0, 2, 0, 0],787.0959795315398,56141.46739364625,99386.776276081,true
10,G4_BALANCED,G4_BALANCED,[31, 22, 82, 15, 26, 58, 95, 42, 77, 12, 47, 5, 93, 78, 86, 54, 85, 63, 18, 44, 20, 35, 43, 97, 91, 76, 10, 30, 21, 45, 71, 64, 1, 23, 17, 83, 24, 14, 60, 36, 6, 57, 40, 88, 65, 56, 79, 94, 67, 68, 46, 75, 38, 9, 19, 32, 81, 41, 27, 62, 87, 90, 99, 59, 11, 16, 72, 73, 70, 39, 37, 84, 3, 92, 25, 55, 28, 29, 51, 7, 66, 61, 98, 48, 89, 50, 96, 8, 80, 53, 34, 4, 33, 2, 52, 49, 0, 69, 74, 13]|[1, 1, 0, 1, 1, 0, 1, 2, 2, 1, 2, 2, 2, 1, 1, 0, 0, 1, 0, 2, 2, 0, 1, 2, 0, 1, 2, 2, 0, 0, 1, 2, 1, 2, 1, 0, 2, 0, 1, 1, 0, 1, 1, 1, 0, 2, 1, 1, 0, 0, 0, 0, 1, 1, 2, 1, 2, 1, 0, 0, 2, 1, 0, 1, 2, 1, 2, 1, 1, 1, 1, 1, 1, 0, 1, 1, 0, 0, 0, 1, 2, 1, 2, 0, 1, 0, 0, 1, 0, 0, 2, 1, 2, 0, 1, 0, 0, 1, 2, 0]|[4, 3, 2, 2, 4, 1, 2, 2, 2, 4, 1, 1, 2, 4, 4, 1, 2, 4, 2, 1, 1, 1, 1, 2, 1, 2, 1, 1, 1, 1, 3, 2, 3, 1, 4, 0, 1, 1, 0, 3, 2, 2, 2, 0, 1, 1, 0, 4, 0, 1, 2, 2, 1, 0, 0, 3, 2, 4, 1, 2, 2, 3, 1, 1, 1, 3, 0, 4, 3, 1, 4, 1, 1, 0, 4, 4, 2, 1, 1, 1, 1, 3, 1, 1, 1, 1, 1, 3, 1, 2, 1, 4, 1, 2, 1, 1, 2, 4, 1, 2]|[0, 2, 1, 1, 3, 0, 1, 0, 0, 0, 0, 0, 1, 0, 1, 0, 0, 3, 1, 0, 0, 0, 3, 1, 0, 2, 0, 0, 0, 1, 0, 0, 0, 0, 3, 0, 1, 0, 0, 2, 1, 1, 1, 0, 0, 0, 0, 2, 1, 0, 0, 0, 1, 3, 0, 0, 1, 2, 0, 1, 0, 2, 0, 1, 0, 2, 1, 0, 0, 1, 1, 3, 1, 1, 3, 3, 1, 0, 0, 2, 0, 0, 0, 0, 1, 0, 0, 2, 0, 1, 0, 0, 0, 0, 1, 1, 0, 2, 0, 0],765.9990607008382,57213.806194498815,96238.34283731865,false
10,G2_TEC,G2_TEC,[31, 22, 82, 15, 26, 9, 95, 42, 77, 68, 47, 5, 93, 78, 86, 54, 85, 63, 18, 44, 20, 49, 36, 14, 74, 50, 53, 17, 21, 45, 71, 64, 3, 23, 30, 83, 24, 41, 60, 52, 65, 27, 90, 70, 39, 87, 48, 69, 99, 4, 46, 1, 13, 58, 97, 59, 28, 8, 73, 37, 35, 79, 11, 66, 76, 57, 40, 80, 96, 6, 16, 61, 33, 98, 32, 81, 62, 67, 10, 7, 56, 88, 51, 19, 91, 38, 75, 92, 25, 84, 2, 55, 43, 29, 34, 0, 12, 94, 89, 72]|[2, 1, 2, 1, 1, 2, 1, 1, 1, 1, 1, 0, 2, 2, 1, 2, 0, 0, 0, 2, 2, 1, 0, 2, 0, 2, 2, 1, 0, 1, 1, 1, 0, 0, 1, 0, 2, 1, 2, 2, 0, 0, 1, 1, 0, 2, 0, 2, 1, 0, 0, 2, 2, 0, 2, 0, 2, 1, 0, 0, 2, 1, 0, 2, 2, 0, 2, 2, 0, 1, 2, 1, 1, 0, 0, 1, 1, 1, 1, 2, 2, 1, 1, 1, 1, 0, 0, 0, 1, 0, 2, 0, 1, 1, 1, 0, 1, 1, 1, 1]|[0, 3, 0, 2, 4, 1, 4, 4, 2, 4, 3, 2, 1, 0, 2, 1, 1, 1, 2, 1, 1, 3, 0, 1, 0, 1, 1, 4, 1, 4, 3, 2, 2, 0, 4, 1, 1, 4, 0, 1, 2, 1, 4, 4, 1, 1, 0, 2, 3, 1, 2, 1, 2, 1, 1, 2, 0, 3, 0, 2, 2, 3, 1, 0, 1, 0, 0, 1, 2, 4, 1, 3, 4, 2, 2, 4, 3, 3, 3, 1, 1, 4, 3, 4, 3, 2, 2, 2, 4, 2, 1, 2, 4, 3, 1, 2, 3, 4, 4, 4]|[0, 2, 0, 1, 3, 0, 1, 3, 0, 0, 2, 0, 1, 0, 1, 0, 0, 0, 1, 0, 0, 2, 0, 0, 1, 0, 0, 3, 0, 1, 0, 2, 0, 0, 3, 0, 1, 3, 1, 0, 0, 0, 1, 3, 0, 0, 1, 0, 2, 0, 0, 0, 0, 0, 1, 0, 0, 0, 1, 1, 0, 2, 0, 0, 0, 1, 0, 0, 0, 2, 0, 0, 1, 0, 0, 2, 0, 0, 3, 0, 0, 1, 0, 3, 0, 0, 0, 0, 3, 0, 0, 0, 2, 0, 1, 0, 0, 2, 1, 2],863.840939798981,52281.731521347596,112954.27457422629,false
10,G3_TWC,G3_TWC,[31, 22, 82, 15, 26, 9, 95, 42, 77, 12, 47, 5, 93, 78, 86, 54, 85, 63, 18, 44, 20, 35, 43, 97, 91, 76, 10, 30, 21, 45, 71, 64, 1, 23, 17, 83, 24, 14, 60, 36, 6, 57, 40, 88, 65, 56, 79, 94, 67, 68, 46, 75, 38, 58, 19, 32, 81, 41, 27, 62, 87, 90, 99, 59, 11, 16, 72, 73, 69, 39, 37, 84, 3, 92, 25, 55, 28, 29, 51, 7, 33, 61, 98, 48, 89, 50, 66, 96, 80, 53, 8, 34, 4, 2, 52, 49, 0, 70, 74, 13]|[1, 1, 0, 1, 1, 0, 1, 2, 2, 1, 2, 2, 2, 1, 1, 0, 0, 1, 0, 2, 2, 0, 1, 2, 0, 1, 2, 2, 0, 0, 1, 2, 1, 2, 1, 0, 2, 0, 1, 1, 0, 1, 1, 1, 0, 2, 1, 1, 0, 0, 0, 0, 1, 1, 2, 1, 2, 1, 0, 0, 2, 2, 0, 1, 2, 1, 2, 1, 1, 1, 0, 1, 1, 0, 1, 1, 0, 0, 0, 1, 0, 1, 0, 0, 1, 0, 2, 0, 0, 0, 0, 2, 0, 0, 1, 0, 0, 1, 2, 0]|[4, 3, 2, 2, 4, 1, 2, 2, 2, 4, 1, 1, 2, 4, 4, 1, 2, 4, 2, 1, 1, 1, 1, 2, 1, 2, 1, 1, 1, 1, 3, 2, 3, 0, 4, 0, 1, 1, 0, 3, 2, 2, 2, 0, 1, 1, 0, 4, 0, 1, 2, 2, 1, 0, 0, 3, 2, 4, 1, 2, 2, 1, 1, 1, 1, 3, 0, 4, 4, 1, 1, 1, 1, 0, 4, 4, 2, 1, 1, 1, 2, 3, 1, 1, 1, 1, 1, 1, 1, 2, 1, 1, 2, 2, 1, 1, 2, 3, 1, 2]|[0, 2, 1, 1, 3, 0, 1, 0, 0, 0, 0, 0, 1, 0, 1, 0, 0, 3, 1, 0, 0, 0, 3, 1, 0, 2, 0, 0, 0, 1, 0, 0, 0, 0, 3, 0, 1, 0, 0, 2, 1, 1, 1, 0, 0, 0, 0, 2, 1, 0, 0, 0, 1, 3, 0, 0, 1, 2, 0, 1, 0, 0, 0, 1, 0, 2, 1, 0, 2, 1, 0, 3, 1, 1, 3, 3, 1, 0, 0, 2, 1, 0, 0, 0, 1, 0, 0, 0, 0, 1, 0, 0, 1, 0, 1, 1, 0, 0, 0, 0],847.0427978319374,57842.30893966173,93453.7900685962,false
10,G1_CMAX,G4_BALANCED,[31, 22, 82, 15, 26, 58, 95, 42, 77, 12, 47, 5, 93, 78, 86, 54, 85, 63, 18, 44, 20, 35, 43, 97, 91, 76, 10, 30, 21, 45, 71, 64, 1, 23, 17, 83, 24, 14, 60, 36, 6, 57, 40, 88, 65, 56, 79, 94, 67, 68, 46, 75, 38, 9, 19, 32, 81, 41, 27, 62, 87, 90, 99, 59, 11, 16, 72, 73, 70, 39, 37, 84, 3, 92, 25, 34, 28, 29, 51, 7, 66, 61, 98, 48, 89, 50, 33, 96, 53, 80, 55, 4, 8, 2, 0, 49, 52, 69, 74, 13]|[1, 1, 0, 1, 1, 0, 1, 2, 2, 1, 2, 2, 2, 1, 1, 0, 0, 1, 0, 2, 2, 0, 1, 2, 0, 1, 2, 2, 0, 0, 1, 2, 1, 2, 1, 0, 2, 0, 1, 1, 0, 1, 1, 1, 0, 2, 1, 1, 0, 0, 0, 0, 1, 1, 2, 1, 2, 1, 0, 0, 2, 1, 0, 1, 2, 1, 2, 1, 1, 1, 1, 1, 1, 0, 1, 2, 0, 0, 0, 1, 2, 1, 2, 0, 1, 0, 2, 2, 0, 0, 2, 1, 1, 0, 0, 0, 1, 1, 2, 0]|[4, 3, 2, 2, 4, 1, 2, 2, 2, 4, 1, 1, 2, 4, 4, 1, 2, 4, 2, 1, 1, 1, 1, 2, 1, 2, 1, 1, 1, 1, 3, 2, 3, 1, 4, 0, 1, 1, 0, 3, 2, 2, 2, 0, 1, 1, 0, 4, 0, 1, 2, 2, 1, 0, 0, 3, 2, 4, 1, 2, 1, 3, 1, 1, 1, 3, 0, 4, 3, 1, 4, 1, 1, 0, 4, 1, 2, 1, 1, 1, 1, 3, 1, 1, 1, 1, 1, 1, 2, 1, 1, 4, 3, 2, 2, 1, 1, 4, 1, 2]|[0, 2, 1, 1, 3, 0, 1, 0, 0, 0, 0, 0, 1, 0, 1, 0, 0, 3, 1, 0, 0, 0, 3, 1, 0, 2, 0, 0, 0, 1, 0, 0, 0, 0, 3, 0, 1, 0, 0, 2, 1, 1, 1, 0, 0, 0, 0, 2, 1, 0, 0, 0, 1, 3, 0, 0, 1, 2, 0, 1, 0, 2, 0, 1, 0, 2, 1, 0, 0, 1, 1, 3, 1, 1, 3, 0, 1, 0, 0, 2, 0, 0, 0, 0, 1, 0, 0, 0, 1, 0, 0, 0, 2, 0, 0, 1, 1, 2, 0, 0],753.124713649358,57041.77974804236,95619.02018912909,true
10,G4_BALANCED,G4_BALANCED,[31, 22, 82, 15, 26, 58, 95, 42, 77, 12, 47, 5, 93, 78, 86, 54, 85, 63, 18, 44, 20, 35, 43, 97, 91, 76, 10, 30, 21, 45, 71, 64, 1, 23, 17, 83, 24, 14, 60, 36, 6, 57, 40, 88, 65, 56, 79, 94, 67, 68, 46, 75, 38, 9, 19, 32, 81, 41, 27, 62, 87, 90, 99, 59, 11, 16, 72, 73, 70, 39, 37, 84, 3, 92, 25, 34, 28, 29, 51, 7, 66, 61, 98, 48, 89, 50, 33, 96, 53, 80, 55, 4, 8, 2, 0, 49, 52, 69, 74, 13]|[1, 1, 0, 1, 1, 0, 1, 2, 2, 1, 2, 2, 2, 1, 1, 0, 0, 1, 0, 2, 2, 0, 1, 2, 0, 1, 2, 2, 0, 0, 1, 2, 1, 2, 1, 0, 2, 0, 1, 1, 0, 1, 1, 1, 0, 2, 1, 1, 0, 0, 0, 0, 1, 1, 2, 1, 2, 1, 0, 0, 2, 1, 0, 1, 2, 1, 2, 1, 1, 1, 1, 1, 1, 0, 1, 2, 0, 0, 0, 1, 2, 1, 2, 0, 1, 0, 2, 2, 0, 0, 2, 1, 1, 0, 0, 0, 1, 1, 2, 0]|[4, 3, 2, 2, 4, 1, 2, 2, 2, 4, 1, 1, 2, 4, 4, 1, 2, 4, 2, 1, 1, 1, 1, 2, 1, 2, 1, 1, 1, 1, 3, 2, 3, 1, 4, 0, 1, 1, 0, 3, 2, 2, 2, 0, 1, 1, 0, 4, 0, 1, 2, 2, 1, 0, 0, 3, 2, 4, 1, 2, 1, 3, 1, 1, 1, 3, 0, 4, 3, 1, 4, 1, 1, 0, 4, 1, 2, 1, 1, 1, 1, 3, 1, 1, 1, 1, 1, 1, 2, 1, 1, 4, 3, 2, 2, 1, 1, 4, 1, 2]|[0, 2, 1, 1, 3, 0, 1, 0, 0, 0, 0, 0, 1, 0, 1, 0, 0, 3, 1, 0, 0, 0, 3, 1, 0, 2, 0, 0, 0, 1, 0, 0, 0, 0, 3, 0, 1, 0, 0, 2, 1, 1, 1, 0, 0, 0, 0, 2, 1, 0, 0, 0, 1, 3, 0, 0, 1, 2, 0, 1, 0, 2, 0, 1, 0, 2, 1, 0, 0, 1, 1, 3, 1, 1, 3, 0, 1, 0, 0, 2, 0, 0, 0, 0, 1, 0, 0, 0, 1, 0, 0, 0, 2, 0, 0, 1, 1, 2, 0, 0],753.124713649358,57041.77974804236,95619.02018912909,false
10,G2_TEC,G2_TEC,[31, 22, 82, 15, 26, 9, 95, 42, 77, 68, 47, 5, 93, 78, 86, 54, 85, 63, 18, 44, 20, 49, 36, 14, 74, 50, 53, 17, 21, 45, 71, 64, 3, 23, 30, 83, 24, 41, 60, 52, 65, 27, 90, 70, 39, 87, 48, 69, 99, 4, 46, 1, 13, 58, 97, 59, 28, 8, 73, 37, 35, 79, 11, 66, 76, 57, 40, 80, 96, 6, 16, 61, 33, 98, 32, 81, 62, 67, 10, 7, 56, 88, 51, 19, 91, 38, 75, 92, 25, 84, 2, 55, 43, 29, 34, 0, 12, 94, 89, 72]|[2, 1, 2, 1, 1, 2, 1, 1, 1, 1, 1, 0, 2, 2, 1, 2, 0, 0, 0, 2, 2, 1, 0, 2, 0, 2, 2, 1, 0, 1, 1, 1, 0, 0, 1, 0, 2, 1, 2, 2, 0, 0, 1, 1, 0, 2, 0, 2, 1, 0, 0, 2, 2, 0, 2, 0, 2, 1, 0, 0, 2, 1, 0, 2, 2, 0, 2, 2, 0, 1, 2, 1, 1, 0, 0, 1, 1, 1, 1, 2, 2, 1, 1, 1, 1, 0, 0, 0, 1, 0, 2, 0, 1, 1, 1, 0, 1, 1, 1, 1]|[0, 3, 0, 2, 4, 1, 4, 4, 2, 4, 3, 2, 1, 0, 2, 1, 1, 1, 2, 1, 1, 3, 0, 1, 0, 1, 1, 4, 1, 4, 3, 2, 2, 0, 4, 1, 1, 4, 0, 1, 2, 1, 4, 4, 1, 1, 0, 2, 3, 1, 2, 1, 2, 1, 1, 2, 0, 3, 0, 2, 2, 3, 1, 0, 1, 0, 0, 1, 2, 4, 1, 3, 4, 2, 2, 4, 3, 3, 3, 1, 1, 4, 3, 4, 3, 2, 2, 2, 4, 2, 1, 2, 4, 3, 1, 2, 3, 4, 4, 4]|[0, 2, 0, 1, 3, 0, 1, 3, 0, 0, 2, 0, 1, 0, 1, 0, 0, 0, 1, 0, 0, 2, 0, 0, 1, 0, 0, 3, 0, 1, 0, 2, 0, 0, 3, 0, 1, 3, 1, 0, 0, 0, 1, 3, 0, 0, 1, 0, 2, 0, 0, 0, 0, 0, 1, 0, 0, 0, 1, 1, 0, 2, 0, 0, 0, 1, 0, 0, 0, 2, 0, 0, 1, 0, 0, 2, 0, 0, 3, 0, 0, 1, 0, 3, 0, 0, 0, 0, 3, 0, 0, 0, 2, 0, 1, 0, 0, 2, 1, 2],863.840939798981,52281.731521347596,112954.27457422629,false
10,G3_TWC,G3_TWC,[31, 22, 82, 15, 26, 9, 95, 42, 77, 12, 47, 5, 93, 78, 86, 54, 85, 63, 18, 44, 20, 35, 43, 97, 91, 76, 10, 30, 21, 45, 71, 64, 1, 23, 17, 83, 24, 14, 60, 36, 6, 57, 40, 88, 65, 56, 79, 94, 67, 68, 46, 75, 38, 58, 19, 32, 81, 41, 27, 62, 87, 90, 99, 59, 11, 16, 72, 73, 69, 39, 37, 84, 3, 92, 25, 55, 28, 29, 51, 7, 33, 61, 98, 48, 89, 50, 66, 96, 80, 53, 8, 34, 4, 2, 52, 49, 0, 70, 74, 13]|[1, 1, 0, 1, 1, 0, 1, 2, 2, 1, 2, 2, 2, 1, 1, 0, 0, 1, 0, 2, 2, 0, 1, 2, 0, 1, 2, 2, 0, 0, 1, 2, 1, 2, 1, 0, 2, 0, 1, 1, 0, 1, 1, 1, 0, 2, 1, 1, 0, 0, 0, 0, 1, 1, 2, 1, 2, 1, 0, 0, 2, 2, 0, 1, 2, 1, 2, 1, 1, 1, 0, 1, 1, 0, 1, 1, 0, 0, 0, 1, 0, 1, 0, 0, 1, 0, 2, 0, 0, 0, 0, 2, 0, 0, 1, 0, 0, 1, 2, 0]|[4, 3, 2, 2, 4, 1, 2, 2, 2, 4, 1, 1, 2, 4, 4, 1, 2, 4, 2, 1, 1, 1, 1, 2, 1, 2, 1, 1, 1, 1, 3, 2, 3, 0, 4, 0, 1, 1, 0, 3, 2, 2, 2, 0, 1, 1, 0, 4, 0, 1, 2, 2, 1, 0, 0, 3, 2, 4, 1, 2, 2, 1, 1, 1, 1, 3, 0, 4, 4, 1, 1, 1, 1, 0, 4, 4, 2, 1, 1, 1, 2, 3, 1, 1, 1, 1, 1, 1, 1, 2, 1, 1, 2, 2, 1, 1, 2, 3, 1, 2]|[0, 2, 1, 1, 3, 0, 1, 0, 0, 0, 0, 0, 1, 0, 1, 0, 0, 3, 1, 0, 0, 0, 3, 1, 0, 2, 0, 0, 0, 1, 0, 0, 0, 0, 3, 0, 1, 0, 0, 2, 1, 1, 1, 0, 0, 0, 0, 2, 1, 0, 0, 0, 1, 3, 0, 0, 1, 2, 0, 1, 0, 0, 0, 1, 0, 2, 1, 0, 2, 1, 0, 3, 1, 1, 3, 3, 1, 0, 0, 2, 1, 0, 0, 0, 1, 0, 0, 0, 0, 1, 0, 0, 1, 0, 1, 1, 0, 0, 0, 0],847.0427978319374,57842.30893966173,93453.7900685962,false
10,G1_CMAX,G4_BALANCED,[31, 22, 82, 15, 26, 9, 95, 42, 77, 12, 47, 5, 93, 78, 86, 54, 85, 63, 18, 44, 20, 35, 43, 97, 91, 76, 10, 30, 96, 45, 71, 64, 1, 23, 17, 83, 24, 14, 60, 36, 6, 57, 40, 88, 65, 56, 79, 69, 67, 68, 46, 75, 38, 58, 19, 32, 81, 48, 27, 62, 87, 90, 99, 59, 11, 16, 72, 73, 61, 39, 37, 84, 3, 92, 25, 55, 28, 29, 51, 7, 66, 41, 98, 70, 89, 50, 8, 21, 53, 80, 34, 4, 33, 2, 52, 49, 0, 94, 74, 13]|[1, 1, 0, 1, 1, 0, 1, 2, 2, 1, 2, 2, 2, 1, 1, 0, 0, 1, 0, 2, 2, 0, 1, 2, 0, 1, 2, 2, 0, 0, 1, 2, 1, 0, 1, 0, 2, 0, 1, 1, 0, 1, 1, 1, 0, 2, 1, 1, 0, 0, 0, 0, 1, 1, 2, 1, 2, 1, 0, 0, 2, 1, 0, 1, 2, 1, 2, 1, 1, 1, 1, 1, 1, 0, 1, 1, 0, 0, 0, 1, 2, 0, 0, 1, 1, 0, 1, 0, 0, 0, 2, 1, 2, 0, 2, 0, 0, 1, 2, 0]|[4, 3, 2, 2, 4, 1, 2, 2, 2, 4, 1, 1, 2, 4, 4, 1, 2, 4, 2, 1, 1, 1, 1, 2, 1, 2, 1, 1, 1, 1, 3, 2, 3, 0, 4, 0, 1, 1, 0, 3, 2, 2, 2, 0, 1, 1, 0, 4, 0, 1, 2, 2, 1, 4, 0, 3, 2, 4, 1, 2, 1, 3, 1, 1, 1, 3, 0, 4, 3, 1, 4, 1, 1, 0, 4, 4, 2, 1, 1, 1, 0, 1, 1, 3, 1, 1, 3, 1, 2, 1, 1, 4, 1, 2, 1, 1, 2, 4, 1, 2]|[0, 2, 1, 1, 3, 0, 1, 0, 0, 0, 0, 0, 1, 0, 1, 0, 0, 3, 1, 0, 0, 0, 3, 1, 0, 2, 0, 0, 0, 1, 0, 0, 0, 0, 3, 0, 1, 0, 0, 2, 1, 1, 1, 0, 0, 0, 0, 2, 1, 0, 0, 0, 1, 3, 0, 0, 1, 2, 0, 1, 0, 2, 0, 1, 0, 2, 1, 0, 0, 1, 1, 3, 1, 1, 3, 3, 1, 0, 0, 2, 0, 0, 0, 0, 1, 0, 2, 0, 1, 0, 0, 0, 0, 0, 0, 1, 0, 2, 0, 0],824.6001205507052,56528.028517458355,96975.60617528074,true
10,G4_BALANCED,G4_BALANCED,[31, 22, 82, 15, 26, 58, 95, 42, 77, 12, 47, 5, 93, 78, 86, 54, 85, 63, 18, 44, 20, 35, 43, 97, 91, 76, 10, 30, 21, 45, 71, 64, 1, 23, 17, 83, 24, 14, 60, 36, 6, 57, 40, 88, 65, 56, 79, 94, 67, 68, 46, 75, 38, 9, 19, 32, 81, 41, 27, 62, 87, 90, 99, 59, 11, 16, 72, 73, 70, 39, 37, 84, 3, 92, 25, 34, 28, 29, 51, 7, 66, 61, 98, 48, 89, 50, 33, 96, 53, 80, 55, 4, 8, 2, 0, 49, 52, 69, 74, 13]|[1, 1, 0, 1, 1, 0, 1, 2, 2, 1, 2, 2, 2, 1, 1, 0, 0, 1, 0, 2, 2, 0, 1, 2, 0, 1, 2, 2, 0, 0, 1, 2, 1, 2, 1, 0, 2, 0, 1, 1, 0, 1, 1, 1, 0, 2, 1, 1, 0, 0, 0, 0, 1, 1, 2, 1, 2, 1, 0, 0, 2, 1, 0, 1, 2, 1, 2, 1, 1, 1, 1, 1, 1, 0, 1, 2, 0, 0, 0, 1, 2, 1, 2, 0, 1, 0, 2, 2, 0, 0, 2, 1, 1, 0, 0, 0, 1, 1, 2, 0]|[4, 3, 2, 2, 4, 1, 2, 2, 2, 4, 1, 1, 2, 4, 4, 1, 2, 4, 2, 1, 1, 1, 1, 2, 1, 2, 1, 1, 1, 1, 3, 2, 3, 1, 4, 0, 1, 1, 0, 3, 2, 2, 2, 0, 1, 1, 0, 4, 0, 1, 2, 2, 1, 0, 0, 3, 2, 4, 1, 2, 1, 3, 1, 1, 1, 3, 0, 4, 3, 1, 4, 1, 1, 0, 4, 1, 2, 1, 1, 1, 1, 3, 1, 1, 1, 1, 1, 1, 2, 1, 1, 4, 3, 2, 2, 1, 1, 4, 1, 2]|[0, 2, 1, 1, 3, 0, 1, 0, 0, 0, 0, 0, 1, 0, 1, 0, 0, 3, 1, 0, 0, 0, 3, 1, 0, 2, 0, 0, 0, 1, 0, 0, 0, 0, 3, 0, 1, 0, 0, 2, 1, 1, 1, 0, 0, 0, 0, 2, 1, 0, 0, 0, 1, 3, 0, 0, 1, 2, 0, 1, 0, 2, 0, 1, 0, 2, 1, 0, 0, 1, 1, 3, 1, 1, 3, 0, 1, 0, 0, 2, 0, 0, 0, 0, 1, 0, 0, 0, 1, 0, 0, 0, 2, 0, 0, 1, 1, 2, 0, 0],753.124713649358,57041.77974804236,95619.02018912909,false
10,G2_TEC,G2_TEC,[31, 22, 82, 15, 26, 9, 95, 42, 77, 68, 47, 5, 93, 78, 86, 54, 85, 63, 18, 44, 20, 49, 36, 14, 74, 50, 53, 17, 21, 45, 71, 64, 3, 23, 30, 83, 24, 41, 60, 52, 65, 27, 90, 70, 39, 87, 48, 69, 99, 4, 46, 1, 13, 58, 97, 59, 28, 8, 73, 37, 35, 79, 11, 66, 76, 57, 40, 80, 96, 6, 16, 61, 33, 98, 32, 81, 62, 67, 10, 7, 56, 88, 51, 19, 91, 38, 75, 92, 25, 84, 2, 55, 43, 29, 34, 0, 12, 94, 89, 72]|[2, 1, 2, 1, 1, 2, 1, 1, 1, 1, 1, 0, 2, 2, 1, 2, 0, 0, 0, 2, 2, 1, 0, 2, 0, 2, 2, 1, 0, 1, 1, 1, 0, 0, 1, 0, 2, 1, 2, 2, 0, 0, 1, 1, 0, 2, 0, 2, 1, 0, 0, 2, 2, 0, 2, 0, 2, 1, 0, 0, 2, 1, 0, 2, 2, 0, 2, 2, 0, 1, 2, 1, 1, 0, 0, 1, 1, 1, 1, 2, 2, 1, 1, 1, 1, 0, 0, 0, 1, 0, 2, 0, 1, 1, 1, 0, 1, 1, 1, 1]|[0, 3, 0, 2, 4, 1, 4, 4, 2, 4, 3, 2, 1, 0, 2, 1, 1, 1, 2, 1, 1, 3, 0, 1, 0, 1, 1, 4, 1, 4, 3, 2, 2, 0, 4, 1, 1, 4, 0, 1, 2, 1, 4, 4, 1, 1, 0, 2, 3, 1, 2, 1, 2, 1, 1, 2, 0, 3, 0, 2, 2, 3, 1, 0, 1, 0, 0, 1, 2, 4, 1, 3, 4, 2, 2, 4, 3, 3, 3, 1, 1, 4, 3, 4, 3, 2, 2, 2, 4, 2, 1, 2, 4, 3, 1, 2, 3, 4, 4, 4]|[0, 2, 0, 1, 3, 0, 1, 3, 0, 0, 2, 0, 1, 0, 1, 0, 0, 0, 1, 0, 0, 2, 0, 0, 1, 0, 0, 3, 0, 1, 0, 2, 0, 0, 3, 0, 1, 3, 1, 0, 0, 0, 1, 3, 0, 0, 1, 0, 2, 0, 0, 0, 0, 0, 1, 0, 0, 0, 1, 1, 0, 2, 0, 0, 0, 1, 0, 0, 0, 2, 0, 0, 1, 0, 0, 2, 0, 0, 3, 0, 0, 1, 0, 3, 0, 0, 0, 0, 3, 0, 0, 0, 2, 0, 1, 0, 0, 2, 1, 2],863.840939798981,52281.731521347596,112954.27457422629,false
10,G3_TWC,G3_TWC,[31, 22, 82, 15, 26, 9, 95, 42, 77, 12, 47, 5, 93, 78, 86, 54, 85, 63, 18, 44, 20, 35, 43, 97, 91, 76, 10, 30, 21, 45, 71, 64, 1, 23, 17, 83, 24, 14, 60, 36, 6, 57, 40, 88, 65, 56, 79, 94, 67, 68, 46, 75, 38, 58, 19, 32, 81, 41, 27, 62, 87, 90, 99, 59, 11, 16, 72, 73, 69, 39, 37, 84, 3, 92, 25, 55, 28, 29, 51, 7, 33, 61, 98, 48, 89, 50, 66, 96, 80, 53, 8, 34, 4, 2, 52, 49, 0, 70, 74, 13]|[1, 1, 0, 1, 1, 0, 1, 2, 2, 1, 2, 2, 2, 1, 1, 0, 0, 1, 0, 2, 2, 0, 1, 2, 0, 1, 2, 2, 0, 0, 1, 2, 1, 2, 1, 0, 2, 0, 1, 1, 0, 1, 1, 1, 0, 2, 1, 1, 0, 0, 0, 0, 1, 1, 2, 1, 2, 1, 0, 0, 2, 2, 0, 1, 2, 1, 2, 1, 1, 1, 0, 1, 1, 0, 1, 1, 0, 0, 0, 1, 0, 1, 0, 0, 1, 0, 2, 0, 0, 0, 0, 2, 0, 0, 1, 0, 0, 1, 2, 0]|[4, 3, 2, 2, 4, 1, 2, 2, 2, 4, 1, 1, 2, 4, 4, 1, 2, 4, 2, 1, 1, 1, 1, 2, 1, 2, 1, 1, 1, 1, 3, 2, 3, 0, 4, 0, 1, 1, 0, 3, 2, 2, 2, 0, 1, 1, 0, 4, 0, 1, 2, 2, 1, 0, 0, 3, 2, 4, 1, 2, 2, 1, 1, 1, 1, 3, 0, 4, 4, 1, 1, 1, 1, 0, 4, 4, 2, 1, 1, 1, 2, 3, 1, 1, 1, 1, 1, 1, 1, 2, 1, 1, 2, 2, 1, 1, 2, 3, 1, 2]|[0, 2, 1, 1, 3, 0, 1, 0, 0, 0, 0, 0, 1, 0, 1, 0, 0, 3, 1, 0, 0, 0, 3, 1, 0, 2, 0, 0, 0, 1, 0, 0, 0, 0, 3, 0, 1, 0, 0, 2, 1, 1, 1, 0, 0, 0, 0, 2, 1, 0, 0, 0, 1, 3, 0, 0, 1, 2, 0, 1, 0, 0, 0, 1, 0, 2, 1, 0, 2, 1, 0, 3, 1, 1, 3, 3, 1, 0, 0, 2, 1, 0, 0, 0, 1, 0, 0, 0, 0, 1, 0, 0, 1, 0, 1, 1, 0, 0, 0, 0],847.0427978319374,57842.30893966173,93453.7900685962,false
10,G1_CMAX,G4_BALANCED,[31, 22, 82, 15, 26, 9, 95, 42, 77, 12, 47, 5, 93, 78, 86, 54, 85, 63, 18, 44, 20, 35, 43, 97, 91, 76, 10, 30, 96, 45, 71, 64, 1, 23, 17, 83, 24, 14, 60, 36, 6, 57, 40, 88, 65, 56, 79, 69, 67, 68, 46, 75, 38, 58, 19, 32, 81, 48, 27, 62, 87, 90, 99, 59, 11, 16, 72, 73, 61, 39, 37, 84, 3, 92, 25, 55, 28, 29, 51, 7, 66, 41, 98, 70, 89, 50, 8, 21, 53, 80, 34, 4, 33, 2, 52, 49, 0, 94, 74, 13]|[1, 1, 0, 1, 1, 0, 1, 2, 2, 1, 2, 2, 2, 1, 1, 0, 0, 1, 0, 2, 2, 0, 1, 2, 0, 1, 2, 2, 0, 0, 1, 2, 1, 0, 1, 0, 2, 0, 1, 1, 0, 1, 1, 1, 0, 2, 1, 1, 0, 0, 0, 0, 1, 1, 2, 1, 2, 1, 0, 0, 2, 1, 0, 1, 2, 1, 2, 1, 1, 1, 1, 1, 1, 0, 1, 1, 0, 0, 0, 1, 2, 0, 0, 1, 1, 0, 1, 0, 0, 0, 2, 1, 2, 0, 2, 0, 0, 1, 2, 0]|[4, 3, 2, 2, 4, 1, 2, 2, 2, 4, 1, 1, 2, 4, 4, 1, 2, 4, 2, 1, 1, 1, 1, 2, 1, 2, 1, 1, 1, 1, 3, 2, 3, 0, 4, 0, 1, 1, 0, 3, 2, 2, 2, 0, 1, 1, 0, 4, 0, 1, 2, 2, 1, 4, 0, 3, 2, 4, 1, 2, 1, 3, 1, 1, 1, 3, 0, 4, 3, 1, 4, 1, 1, 0, 4, 4, 2, 1, 1, 1, 0, 1, 1, 3, 1, 1, 3, 1, 2, 1, 1, 4, 1, 2, 1, 1, 2, 4, 1, 2]|[0, 2, 1, 1, 3, 0, 1, 0, 0, 0, 0, 0, 1, 0, 1, 0, 0, 3, 1, 0, 0, 0, 3, 1, 0, 2, 0, 0, 0, 1, 0, 0, 0, 0, 3, 0, 1, 0, 0, 2, 1, 1, 1, 0, 0, 0, 0, 2, 1, 0, 0, 0, 1, 3, 0, 0, 1, 2, 0, 1, 0, 2, 0, 1, 0, 2, 1, 0, 0, 1, 1, 3, 1, 1, 3, 3, 1, 0, 0, 2, 0, 0, 0, 0, 1, 0, 2, 0, 1, 0, 0, 0, 0, 0, 0, 1, 0, 2, 0, 0],824.6001205507052,56528.028517458355,96975.60617528074,true
10,G4_BALANCED,G4_BALANCED,[31, 22, 82, 15, 26, 58, 95, 42, 77, 12, 47, 5, 93, 78, 86, 54, 85, 63, 18, 44, 20, 35, 43, 97, 91, 76, 10, 30, 21, 45, 71, 64, 1, 23, 17, 83, 24, 14, 60, 36, 6, 57, 40, 88, 65, 56, 79, 94, 67, 68, 46, 75, 38, 9, 19, 32, 81, 41, 27, 62, 87, 90, 99, 59, 11, 16, 72, 73, 70, 39, 37, 84, 3, 92, 25, 34, 28, 29, 51, 7, 66, 61, 98, 48, 89, 50, 33, 96, 53, 80, 55, 4, 8, 2, 0, 49, 52, 69, 74, 13]|[1, 1, 0, 1, 1, 0, 1, 2, 2, 1, 2, 2, 2, 1, 1, 0, 0, 1, 0, 2, 2, 0, 1, 2, 0, 1, 2, 2, 0, 0, 1, 2, 1, 2, 1, 0, 2, 0, 1, 1, 0, 1, 1, 1, 0, 2, 1, 1, 0, 0, 0, 0, 1, 1, 2, 1, 2, 1, 0, 0, 2, 1, 0, 1, 2, 1, 2, 1, 1, 1, 1, 1, 1, 0, 1, 2, 0, 0, 0, 1, 2, 1, 2, 0, 1, 0, 2, 2, 0, 0, 2, 1, 1, 0, 0, 0, 1, 1, 2, 0]|[4, 3, 2, 2, 4, 1, 2, 2, 2, 4, 1, 1, 2, 4, 4, 1, 2, 4, 2, 1, 1, 1, 1, 2, 1, 2, 1, 1, 1, 1, 3, 2, 3, 1, 4, 0, 1, 1, 0, 3, 2, 2, 2, 0, 1, 1, 0, 4, 0, 1, 2, 2, 1, 0, 0, 3, 2, 4, 1, 2, 1, 3, 1, 1, 1, 3, 0, 4, 3, 1, 4, 1, 1, 0, 4, 1, 2, 1, 1, 1, 1, 3, 1, 1, 1, 1, 1, 1, 2, 1, 1, 4, 3, 2, 2, 1, 1, 4, 1, 2]|[0, 2, 1, 1, 3, 0, 1, 0, 0, 0, 0, 0, 1, 0, 1, 0, 0, 3, 1, 0, 0, 0, 3, 1, 0, 2, 0, 0, 0, 1, 0, 0, 0, 0, 3, 0, 1, 0, 0, 2, 1, 1, 1, 0, 0, 0, 0, 2, 1, 0, 0, 0, 1, 3, 0, 0, 1, 2, 0, 1, 0, 2, 0, 1, 0, 2, 1, 0, 0, 1, 1, 3, 1, 1, 3, 0, 1, 0, 0, 2, 0, 0, 0, 0, 1, 0, 0, 0, 1, 0, 0, 0, 2, 0, 0, 1, 1, 2, 0, 0],753.124713649358,57041.77974804236,95619.02018912909,false
10,G2_TEC,G2_TEC,[31, 22, 82, 15, 26, 9, 95, 42, 77, 68, 47, 5, 93, 78, 86, 54, 85, 63, 18, 44, 20, 49, 36, 14, 74, 50, 53, 17, 21, 45, 71, 64, 3, 23, 30, 83, 24, 41, 60, 52, 65, 27, 90, 70, 39, 87, 48, 69, 99, 4, 46, 1, 13, 58, 97, 59, 28, 8, 73, 37, 35, 79, 11, 66, 76, 57, 40, 80, 96, 6, 16, 61, 33, 98, 32, 34, 12, 67, 10, 7, 56, 88, 51, 19, 91, 29, 75, 92, 38, 62, 43, 55, 84, 2, 81, 25, 0, 94, 89, 72]|[2, 1, 2, 1, 1, 2, 1, 1, 1, 1, 1, 0, 2, 2, 1, 2, 0, 0, 0, 2, 2, 1, 0, 2, 0, 2, 2, 1, 0, 1, 1, 1, 0, 0, 1, 0, 2, 1, 2, 2, 0, 1, 1, 1, 0, 2, 0, 2, 1, 0, 0, 2, 0, 0, 2, 0, 2, 1, 0, 0, 2, 1, 0, 2, 2, 0, 2, 2, 0, 1, 2, 1, 1, 0, 0, 1, 1, 1, 1, 2, 2, 1, 1, 1, 1, 1, 0, 0, 0, 1, 1, 0, 0, 2, 1, 1, 0, 1, 1, 1]|[0, 3, 0, 2, 4, 1, 4, 4, 2, 4, 3, 2, 1, 0, 2, 1, 1, 1, 2, 1, 1, 3, 0, 1, 0, 1, 1, 4, 1, 4, 3, 2, 2, 0, 4, 1, 1, 4, 0, 1, 2, 2, 4, 4, 1, 1, 0, 2, 3, 1, 2, 1, 2, 1, 1, 2, 0, 3, 0, 2, 2, 3, 1, 0, 1, 2, 0, 1, 2, 4, 1, 3, 4, 2, 0, 4, 3, 3, 3, 1, 1, 4, 3, 4, 3, 3, 2, 2, 2, 3, 4, 2, 2, 1, 1, 4, 2, 4, 4, 4]|[0, 2, 0, 1, 3, 0, 1, 3, 0, 0, 2, 0, 1, 0, 1, 0, 0, 0, 1, 0, 0, 2, 0, 0, 1, 0, 0, 3, 0, 1, 0, 2, 0, 0, 3, 0, 1, 3, 1, 0, 0, 1, 1, 3, 0, 0, 1, 0, 2, 0, 0, 0, 0, 0, 1, 0, 0, 0, 1, 1, 0, 2, 0, 0, 0, 0, 0, 0, 0, 2, 0, 0, 1, 0, 1, 2, 0, 0, 3, 0, 0, 1, 0, 3, 0, 0, 0, 0, 0, 0, 2, 0, 1, 0, 1, 3, 0, 2, 1, 2],869.2955347509411,52626.35355832974,111435.29289170497,false
10,G3_TWC,G3_TWC,[31, 22, 82, 15, 26, 9, 95, 42, 77, 12, 47, 5, 93, 78, 86, 54, 85, 63, 18, 44, 20, 35, 43, 97, 91, 76, 10, 30, 21, 45, 71, 64, 1, 23, 17, 83, 24, 14, 60, 36, 41, 57, 40, 88, 65, 56, 79, 94, 67, 68, 46, 75, 38, 58, 19, 32, 81, 6, 27, 62, 87, 90, 99, 59, 11, 16, 72, 73, 69, 39, 37, 84, 3, 92, 25, 55, 28, 29, 51, 7, 66, 61, 98, 48, 89, 50, 33, 96, 80, 8, 53, 4, 34, 2, 52, 49, 0, 70, 74, 13]|[1, 1, 0, 1, 1, 0, 1, 2, 2, 1, 2, 2, 2, 1, 1, 0, 0, 1, 0, 2, 2, 0, 1, 2, 0, 1, 2, 2, 0, 0, 1, 2, 1, 2, 1, 0, 2, 0, 1, 1, 0, 1, 1, 1, 0, 2, 1, 1, 0, 0, 0, 0, 1, 1, 2, 1, 2, 1, 0, 0, 2, 2, 0, 1, 2, 1, 2, 1, 1, 1, 0, 1, 1, 0, 1, 1, 0, 0, 0, 1, 2, 1, 2, 0, 1, 0, 2, 0, 0, 0, 0, 0, 2, 0, 1, 0, 0, 1, 2, 0]|[4, 3, 2, 2, 4, 1, 2, 2, 2, 4, 1, 1, 2, 4, 4, 1, 2, 4, 2, 1, 1, 1, 1, 2, 1, 2, 1, 1, 1, 1, 3, 2, 3, 0, 4, 0, 1, 1, 0, 3, 2, 2, 2, 0, 1, 1, 0, 4, 0, 1, 2, 2, 1, 0, 0, 3, 2, 4, 1, 2, 1, 1, 1, 1, 1, 3, 0, 4, 3, 1, 1, 1, 1, 0, 4, 4, 2, 1, 1, 1, 1, 3, 1, 1, 1, 1, 1, 1, 1, 1, 2, 2, 1, 2, 1, 1, 2, 3, 1, 2]|[0, 2, 1, 1, 3, 0, 1, 0, 0, 0, 0, 0, 1, 0, 1, 0, 0, 3, 1, 0, 0, 0, 3, 1, 0, 2, 0, 0, 0, 1, 0, 0, 0, 0, 3, 0, 1, 0, 0, 2, 1, 1, 1, 0, 0, 0, 0, 2, 1, 0, 0, 0, 1, 3, 0, 0, 1, 2, 0, 1, 0, 0, 0, 1, 0, 2, 1, 0, 0, 1, 0, 3, 1, 1, 3, 3, 1, 0, 0, 2, 0, 0, 0, 0, 1, 0, 0, 0, 0, 0, 1, 1, 0, 0, 1, 1, 0, 0, 0, 0],837.9777466151338,57662.818208457764,93307.87391605499,false
10,G1_CMAX,G4_BALANCED,[31, 22, 82, 15, 26, 58, 95, 42, 77, 12, 47, 5, 93, 78, 86, 54, 85, 63, 18, 44, 20, 35, 43, 97, 91, 76, 10, 30, 21, 45, 71, 64, 1, 23, 17, 83, 24, 14, 60, 36, 6, 57, 40, 88, 65, 56, 79, 94, 67, 68, 46, 75, 38, 9, 19, 32, 81, 41, 27, 62, 87, 90, 99, 59, 11, 16, 72, 73, 70, 39, 37, 84, 3, 92, 25, 55, 28, 29, 51, 7, 33, 61, 98, 48, 89, 50, 66, 96, 80, 8, 53, 4, 34, 2, 52, 49, 0, 69, 74, 13]|[1, 1, 0, 1, 1, 0, 1, 2, 2, 1, 2, 2, 2, 1, 1, 0, 0, 1, 0, 2, 2, 0, 1, 2, 0, 1, 2, 2, 0, 0, 1, 2, 1, 2, 1, 0, 2, 0, 1, 1, 0, 1, 1, 1, 0, 2, 1, 1, 0, 0, 0, 0, 1, 1, 2, 1, 2, 1, 0, 0, 2, 2, 0, 1, 2, 1, 2, 1, 1, 1, 1, 1, 1, 0, 1, 1, 0, 0, 0, 1, 2, 1, 0, 0, 1, 0, 2, 0, 0, 1, 0, 0, 2, 0, 1, 0, 0, 1, 2, 0]|[4, 3, 2, 2, 4, 1, 2, 2, 2, 4, 1, 1, 2, 4, 4, 1, 2, 4, 2, 1, 1, 1, 1, 2, 1, 2, 1, 1, 1, 1, 3, 2, 3, 0, 4, 0, 1, 1, 0, 3, 2, 2, 2, 0, 1, 1, 0, 4, 0, 1, 2, 2, 1, 0, 0, 3, 2, 4, 1, 2, 1, 1, 1, 1, 1, 3, 0, 4, 3, 1, 4, 1, 1, 0, 4, 4, 2, 1, 1, 1, 1, 3, 1, 1, 1, 1, 1, 1, 1, 3, 2, 2, 1, 2, 1, 1, 2, 3, 1, 2]|[0, 2, 1, 1, 3, 0, 1, 0, 0, 0, 0, 0, 1, 0, 1, 0, 0, 3, 1, 0, 0, 0, 3, 1, 0, 2, 0, 0, 0, 1, 0, 0, 0, 0, 3, 0, 1, 0, 0, 2, 1, 1, 1, 0, 0, 0, 0, 2, 1, 0, 0, 0, 1, 3, 0, 0, 1, 2, 0, 1, 0, 0, 0, 1, 0, 2, 1, 0, 0, 1, 1, 3, 1, 1, 3, 3, 1, 0, 0, 2, 0, 0, 0, 0, 1, 0, 0, 0, 0, 2, 1, 1, 0, 0, 1, 1, 0, 0, 0, 0],799.8416359628277,57642.58463843546,93789.22209657312,true
10,G4_BALANCED,G4_BALANCED,[31, 22, 82, 15, 26, 58, 95, 42, 77, 12, 47, 5, 93, 78, 86, 54, 85, 63, 18, 44, 20, 35, 43, 97, 91, 76, 10, 30, 21, 45, 71, 64, 1, 23, 17, 83, 24, 14, 60, 36, 6, 57, 40, 88, 65, 56, 79, 94, 67, 68, 46, 75, 38, 9, 19, 32, 81, 41, 27, 62, 87, 90, 99, 59, 11, 16, 72, 73, 70, 39, 37, 84, 3, 92, 25, 34, 28, 29, 51, 7, 66, 61, 98, 48, 89, 50, 33, 96, 53, 80, 55, 4, 8, 2, 0, 49, 52, 69, 74, 13]|[1, 1, 0, 1, 1, 0, 1, 2, 2, 1, 2, 2, 2, 1, 1, 0, 0, 1, 0, 2, 2, 0, 1, 2, 0, 1, 2, 2, 0, 0, 1, 2, 1, 2, 1, 0, 2, 0, 1, 1, 0, 1, 1, 1, 0, 2, 1, 1, 0, 0, 0, 0, 1, 1, 2, 1, 2, 1, 0, 0, 2, 1, 0, 1, 2, 1, 2, 1, 1, 1, 1, 1, 1, 0, 1, 2, 0, 0, 0, 1, 2, 1, 2, 0, 1, 0, 2, 2, 0, 0, 2, 1, 1, 0, 0, 0, 1, 1, 2, 0]|[4, 3, 2, 2, 4, 1, 2, 2, 2, 4, 1, 1, 2, 4, 4, 1, 2, 4, 2, 1, 1, 1, 1, 2, 1, 2, 1, 1, 1, 1, 3, 2, 3, 1, 4, 0, 1, 1, 0, 3, 2, 2, 2, 0, 1, 1, 0, 4, 0, 1, 2, 2, 1, 0, 0, 3, 2, 4, 1, 2, 1, 3, 1, 1, 1, 3, 0, 4, 3, 1, 4, 1, 1, 0, 4, 1, 2, 1, 1, 1, 1, 3, 1, 1, 1, 1, 1, 1, 2, 1, 1, 4, 3, 2, 2, 1, 1, 4, 1, 2]|[0, 2, 1, 1, 3, 0, 1, 0, 0, 0, 0, 0, 1, 0, 1, 0, 0, 3, 1, 0, 0, 0, 3, 1, 0, 2, 0, 0, 0, 1, 0, 0, 0, 0, 3, 0, 1, 0, 0, 2, 1, 1, 1, 0, 0, 0, 0, 2, 1, 0, 0, 0, 1, 3, 0, 0, 1, 2, 0, 1, 0, 2, 0, 1, 0, 2, 1, 0, 0, 1, 1, 3, 1, 1, 3, 0, 1, 0, 0, 2, 0, 0, 0, 0, 1, 0, 0, 0, 1, 0, 0, 0, 2, 0, 0, 1, 1, 2, 0, 0],753.124713649358,57041.77974804236,95619.02018912909,false
10,G2_TEC,G2_TEC,[31, 22, 82, 15, 26, 9, 95, 42, 77, 68, 47, 5, 93, 78, 86, 54, 85, 63, 18, 44, 20, 49, 36, 14, 74, 50, 53, 17, 21, 45, 71, 64, 3, 23, 30, 83, 24, 41, 60, 52, 65, 27, 90, 70, 39, 87, 48, 69, 99, 4, 46, 1, 13, 58, 97, 59, 28, 8, 73, 37, 35, 79, 11, 66, 76, 57, 40, 80, 96, 6, 16, 61, 33, 98, 32, 34, 12, 67, 10, 7, 56, 88, 51, 19, 91, 29, 75, 92, 38, 62, 43, 55, 84, 2, 81, 25, 0, 94, 89, 72]|[2, 1, 2, 1, 1, 2, 1, 1, 1, 1, 1, 0, 2, 2, 1, 2, 0, 0, 0, 2, 2, 1, 0, 2, 0, 2, 2, 1, 0, 1, 1, 1, 0, 0, 1, 0, 2, 1, 2, 2, 0, 1, 1, 1, 0, 2, 0, 2, 1, 0, 0, 2, 0, 0, 2, 0, 2, 1, 0, 0, 2, 1, 0, 2, 2, 0, 2, 2, 0, 1, 2, 1, 1, 0, 0, 1, 1, 1, 1, 2, 2, 1, 1, 1, 1, 1, 0, 0, 0, 1, 1, 0, 0, 2, 1, 1, 0, 1, 1, 1]|[0, 3, 0, 2, 4, 1, 4, 4, 2, 4, 3, 2, 1, 0, 2, 1, 1, 1, 2, 1, 1, 3, 0, 1, 0, 1, 1, 4, 1, 4, 3, 2, 2, 0, 4, 1, 1, 4, 0, 1, 2, 2, 4, 4, 1, 1, 0, 2, 3, 1, 2, 1, 2, 1, 1, 2, 0, 3, 0, 2, 2, 3, 1, 0, 1, 2, 0, 1, 2, 4, 1, 3, 4, 2, 0, 4, 3, 3, 3, 1, 1, 4, 3, 4, 3, 3, 2, 2, 2, 3, 4, 2, 2, 1, 1, 4, 2, 4, 4, 4]|[0, 2, 0, 1, 3, 0, 1, 3, 0, 0, 2, 0, 1, 0, 1, 0, 0, 0, 1, 0, 0, 2, 0, 0, 1, 0, 0, 3, 0, 1, 0, 2, 0, 0, 3, 0, 1, 3, 1, 0, 0, 1, 1, 3, 0, 0, 1, 0, 2, 0, 0, 0, 0, 0, 1, 0, 0, 0, 1, 1, 0, 2, 0, 0, 0, 0, 0, 0, 0, 2, 0, 0, 1, 0, 1, 2, 0, 0, 3, 0, 0, 1, 0, 3, 0, 0, 0, 0, 0, 0, 2, 0, 1, 0, 1, 3, 0, 2, 1, 2],869.2955347509411,52626.35355832974,111435.29289170497,false
10,G3_TWC,G3_TWC,[31, 22, 82, 15, 26, 9, 95, 42, 77, 12, 47, 5, 93, 78, 86, 54, 85, 63, 18, 44, 20, 35, 43, 97, 91, 76, 10, 30, 21, 45, 71, 64, 1, 23, 17, 83, 24, 14, 60, 36, 41, 57, 40, 88, 65, 56, 79, 94, 67, 68, 46, 75, 38, 58, 19, 32, 81, 6, 27, 62, 87, 90, 99, 59, 11, 16, 72, 73, 69, 39, 37, 84, 3, 92, 25, 55, 28, 29, 51, 7, 66, 61, 98, 48, 89, 50, 33, 96, 80, 8, 53, 4, 34, 2, 52, 49, 0, 70, 74, 13]|[1, 1, 0, 1, 1, 0, 1, 2, 2, 1, 2, 2, 2, 1, 1, 0, 0, 1, 0, 2, 2, 0, 1, 2, 0, 1, 2, 2, 0, 0, 1, 2, 1, 2, 1, 0, 2, 0, 1, 1, 0, 1, 1, 1, 0, 2, 1, 1, 0, 0, 0, 0, 1, 1, 2, 1, 2, 1, 0, 0, 2, 2, 0, 1, 2, 1, 2, 1, 1, 1, 0, 1, 1, 0, 1, 1, 0, 0, 0, 1, 2, 1, 2, 0, 1, 0, 2, 0, 0, 0, 0, 0, 2, 0, 1, 0, 0, 1, 2, 0]|[4, 3, 2, 2, 4, 1, 2, 2, 2, 4, 1, 1, 2, 4, 4, 1, 2, 4, 2, 1, 1, 1, 1, 2, 1, 2, 1, 1, 1, 1, 3, 2, 3, 0, 4, 0, 1, 1, 0, 3, 2, 2, 2, 0, 1, 1, 0, 4, 0, 1, 2, 2, 1, 0, 0, 3, 2, 4, 1, 2, 1, 1, 1, 1, 1, 3, 0, 4, 3, 1, 1, 1, 1, 0, 4, 4, 2, 1, 1, 1, 1, 3, 1, 1, 1, 1, 1, 1, 1, 1, 2, 2, 1, 2, 1, 1, 2, 3, 1, 2]|[0, 2, 1, 1, 3, 0, 1, 0, 0, 0, 0, 0, 1, 0, 1, 0, 0, 3, 1, 0, 0, 0, 3, 1, 0, 2, 0, 0, 0, 1, 0, 0, 0, 0, 3, 0, 1, 0, 0, 2, 1, 1, 1, 0, 0, 0, 0, 2, 1, 0, 0, 0, 1, 3, 0, 0, 1, 2, 0, 1, 0, 0, 0, 1, 0, 2, 1, 0, 0, 1, 0, 3, 1, 1, 3, 3, 1, 0, 0, 2, 0, 0, 0, 0, 1, 0, 0, 0, 0, 0, 1, 1, 0, 0, 1, 1, 0, 0, 0, 0],837.9777466151338,57662.818208457764,93307.87391605499,false
10,G1_CMAX,G4_BALANCED,[31, 22, 82, 15, 26, 58, 95, 42, 77, 12, 47, 5, 93, 78, 86, 54, 85, 63, 18, 44, 20, 35, 43, 97, 91, 76, 10, 30, 21, 45, 71, 64, 1, 23, 17, 83, 24, 14, 60, 36, 6, 57, 40, 88, 65, 56, 79, 94, 67, 68, 46, 75, 38, 9, 19, 32, 81, 41, 27, 62, 87, 90, 99, 59, 11, 16, 72, 73, 70, 39, 37, 84, 3, 92, 25, 34, 28, 29, 51, 7, 66, 61, 98, 48, 50, 89, 33, 96, 80, 8, 53, 4, 55, 2, 52, 49, 0, 69, 74, 13]|[1, 1, 0, 1, 1, 0, 1, 2, 2, 1, 2, 2, 2, 1, 1, 0, 0, 1, 0, 2, 2, 0, 1, 2, 0, 1, 2, 2, 0, 0, 1, 2, 1, 2, 1, 0, 2, 0, 1, 1, 0, 1, 1, 1, 0, 2, 1, 1, 0, 0, 0, 0, 1, 1, 2, 1, 2, 1, 0, 0, 2, 1, 0, 1, 2, 1, 2, 1, 1, 1, 1, 1, 1, 0, 1, 2, 0, 0, 0, 1, 2, 1, 2, 0, 0, 1, 2, 2, 0, 1, 0, 1, 2, 0, 1, 0, 0, 1, 2, 0]|[4, 3, 2, 2, 4, 1, 2, 2, 2, 4, 1, 1, 2, 4, 4, 1, 2, 4, 2, 1, 1, 1, 1, 2, 1, 2, 1, 1, 1, 1, 3, 2, 3, 1, 4, 0, 1, 1, 0, 3, 2, 2, 2, 0, 1, 1, 0, 4, 0, 1, 2, 1, 1, 0, 0, 3, 2, 4, 1, 2, 2, 3, 1, 1, 1, 3, 0, 4, 3, 1, 4, 1, 1, 0, 4, 1, 2, 1, 1, 1, 1, 3, 1, 1, 1, 1, 1, 1, 1, 3, 2, 4, 1, 2, 1, 1, 2, 4, 1, 2]|[0, 2, 1, 1, 3, 0, 1, 0, 0, 0, 0, 0, 1, 0, 1, 0, 0, 3, 1, 0, 0, 0, 3, 1, 0, 2, 0, 0, 0, 1, 0, 0, 0, 0, 3, 0, 1, 0, 0, 2, 1, 1, 1, 0, 0, 0, 0, 2, 1, 0, 0, 0, 1, 3, 0, 0, 1, 2, 0, 1, 0, 2, 0, 1, 0, 2, 1, 0, 0, 1, 1, 3, 1, 1, 3, 0, 1, 0, 0, 2, 0, 0, 0, 0, 0, 1, 0, 0, 0, 2, 1, 0, 0, 0, 1, 1, 0, 2, 0, 0],766.1940879631426,57021.23368696605,97425.56107879736,true
10,G4_BALANCED,G4_BALANCED,[31, 22, 82, 15, 26, 58, 95, 42, 77, 12, 47, 5, 93, 78, 86, 54, 85, 63, 18, 44, 20, 35, 43, 97, 91, 76, 10, 30, 21, 45, 71, 64, 1, 23, 17, 83, 24, 14, 60, 36, 6, 57, 40, 88, 65, 56, 79, 94, 67, 68, 46, 75, 38, 9, 19, 32, 81, 41, 27, 62, 87, 90, 99, 59, 11, 16, 72, 73, 70, 39, 37, 84, 3, 92, 25, 34, 28, 29, 51, 7, 66, 61, 98, 48, 89, 50, 33, 96, 53, 80, 55, 4, 8, 2, 0, 49, 52, 69, 74, 13]|[1, 1, 0, 1, 1, 0, 1, 2, 2, 1, 2, 2, 2, 1, 1, 0, 0, 1, 0, 2, 2, 0, 1, 2, 0, 1, 2, 2, 0, 0, 1, 2, 1, 2, 1, 0, 2, 0, 1, 1, 0, 1, 1, 1, 0, 2, 1, 1, 0, 0, 0, 0, 1, 1, 2, 1, 2, 1, 0, 0, 2, 1, 0, 1, 2, 1, 2, 1, 1, 1, 1, 1, 1, 0, 1, 2, 0, 0, 0, 1, 2, 1, 2, 0, 1, 0, 2, 2, 0, 0, 2, 1, 1, 0, 0, 0, 1, 1, 2, 0]|[4, 3, 2, 2, 4, 1, 2, 2, 2, 4, 1, 1, 2, 4, 4, 1, 2, 4, 2, 1, 1, 1, 1, 2, 1, 2, 1, 1, 1, 1, 3, 2, 3, 1, 4, 0, 1, 1, 0, 3, 2, 2, 2, 0, 1, 1, 0, 4, 0, 1, 2, 2, 1, 0, 0, 3, 2, 4, 1, 2, 1, 3, 1, 1, 1, 3, 0, 4, 3, 1, 4, 1, 1, 0, 4, 1, 2, 1, 1, 1, 1, 3, 1, 1, 1, 1, 1, 1, 2, 1, 1, 4, 3, 2, 2, 1, 1, 4, 1, 2]|[0, 2, 1, 1, 3, 0, 1, 0, 0, 0, 0, 0, 1, 0, 1, 0, 0, 3, 1, 0, 0, 0, 3, 1, 0, 2, 0, 0, 0, 1, 0, 0, 0, 0, 3, 0, 1, 0, 0, 2, 1, 1, 1, 0, 0, 0, 0, 2, 1, 0, 0, 0, 1, 3, 0, 0, 1, 2, 0, 1, 0, 2, 0, 1, 0, 2, 1, 0, 0, 1, 1, 3, 1, 1, 3, 0, 1, 0, 0, 2, 0, 0, 0, 0, 1, 0, 0, 0, 1, 0, 0, 0, 2, 0, 0, 1, 1, 2, 0, 0],753.124713649358,57041.77974804236,95619.02018912909,false
10,G2_TEC,G2_TEC,[31, 22, 82, 15, 26, 9, 95, 42, 77, 68, 47, 5, 93, 78, 86, 54, 85, 63, 18, 44, 20, 49, 36, 14, 74, 50, 53, 17, 21, 45, 71, 64, 3, 23, 30, 83, 24, 41, 60, 52, 65, 27, 90, 70, 39, 87, 48, 69, 99, 4, 46, 1, 13, 58, 97, 59, 28, 8, 73, 37, 35, 79, 11, 66, 76, 57, 40, 80, 96, 6, 16, 61, 33, 98, 32, 81, 62, 67, 10, 7, 56, 88, 51, 19, 91, 38, 75, 92, 25, 84, 2, 55, 43, 29, 34, 0, 12, 94, 89, 72]|[2, 1, 2, 1, 1, 2, 1, 1, 1, 1, 1, 0, 2, 2, 1, 2, 0, 0, 0, 2, 2, 1, 0, 2, 0, 2, 2, 1, 0, 1, 1, 1, 0, 0, 1, 0, 2, 1, 2, 2, 0, 0, 1, 1, 0, 2, 0, 2, 1, 0, 0, 2, 2, 0, 2, 0, 2, 1, 0, 0, 2, 1, 0, 2, 2, 0, 2, 2, 0, 1, 2, 1, 1, 0, 0, 1, 1, 1, 1, 2, 2, 1, 1, 1, 1, 0, 0, 0, 1, 0, 2, 0, 1, 1, 1, 0, 1, 1, 1, 1]|[0, 3, 0, 2, 4, 1, 4, 4, 2, 4, 3, 2, 1, 0, 2, 1, 1, 1, 2, 1, 1, 3, 0, 1, 0, 1, 1, 4, 1, 4, 3, 2, 2, 0, 4, 1, 1, 4, 0, 1, 2, 1, 4, 4, 1, 1, 0, 2, 3, 1, 2, 1, 2, 1, 1, 2, 0, 3, 0, 2, 2, 3, 1, 0, 1, 0, 0, 1, 2, 4, 1, 3, 4, 2, 2, 4, 3, 3, 3, 1, 1, 4, 3, 4, 3, 2, 2, 2, 4, 2, 1, 2, 4, 3, 1, 2, 3, 4, 4, 4]|[0, 2, 0, 1, 3, 0, 1, 3, 0, 0, 2, 0, 1, 0, 1, 0, 0, 0, 1, 0, 0, 2, 0, 0, 1, 0, 0, 3, 0, 1, 0, 2, 0, 0, 3, 0, 1, 3, 1, 0, 0, 0, 1, 3, 0, 0, 1, 0, 2, 0, 0, 0, 0, 0, 1, 0, 0, 0, 1, 1, 0, 2, 0, 0, 0, 1, 0, 0, 0, 2, 0, 0, 1, 0, 0, 2, 0, 0, 3, 0, 0, 1, 0, 3, 0, 0, 0, 0, 3, 0, 0, 0, 2, 0, 1, 0, 0, 2, 1, 2],863.840939798981,52281.731521347596,112954.27457422629,false
10,G3_TWC,G3_TWC,[31, 22, 82, 15, 26, 9, 95, 42, 77, 12, 47, 5, 93, 78, 86, 54, 85, 63, 18, 44, 20, 35, 43, 97, 91, 76, 10, 30, 21, 45, 71, 64, 1, 23, 17, 83, 24, 14, 60, 36, 41, 57, 40, 88, 65, 56, 79, 94, 67, 68, 46, 75, 38, 58, 19, 32, 81, 6, 27, 62, 87, 90, 99, 59, 11, 16, 72, 73, 69, 39, 37, 84, 3, 92, 25, 55, 28, 29, 51, 7, 66, 61, 98, 48, 89, 50, 33, 96, 80, 8, 53, 4, 34, 2, 52, 49, 0, 70, 74, 13]|[1, 1, 0, 1, 1, 0, 1, 2, 2, 1, 2, 2, 2, 1, 1, 0, 0, 1, 0, 2, 2, 0, 1, 2, 0, 1, 2, 2, 0, 0, 1, 2, 1, 2, 1, 0, 2, 0, 1, 1, 0, 1, 1, 1, 0, 2, 1, 1, 0, 0, 0, 0, 1, 1, 2, 1, 2, 1, 0, 0, 2, 2, 0, 1, 2, 1, 2, 1, 1, 1, 0, 1, 1, 0, 1, 1, 0, 0, 0, 1, 2, 1, 2, 0, 1, 0, 2, 0, 0, 0, 0, 0, 2, 0, 1, 0, 0, 1, 2, 0]|[4, 3, 2, 2, 4, 1, 2, 2, 2, 4, 1, 1, 2, 4, 4, 1, 2, 4, 2, 1, 1, 1, 1, 2, 1, 2, 1, 1, 1, 1, 3, 2, 3, 0, 4, 0, 1, 1, 0, 3, 2, 2, 2, 0, 1, 1, 0, 4, 0, 1, 2, 2, 1, 0, 0, 3, 2, 4, 1, 2, 1, 1, 1, 1, 1, 3, 0, 4, 3, 1, 1, 1, 1, 0, 4, 4, 2, 1, 1, 1, 1, 3, 1, 1, 1, 1, 1, 1, 1, 1, 2, 2, 1, 2, 1, 1, 2, 3, 1, 2]|[0, 2, 1, 1, 3, 0, 1, 0, 0, 0, 0, 0, 1, 0, 1, 0, 0, 3, 1, 0, 0, 0, 3, 1, 0, 2, 0, 0, 0, 1, 0, 0, 0, 0, 3, 0, 1, 0, 0, 2, 1, 1, 1, 0, 0, 0, 0, 2, 1, 0, 0, 0, 1, 3, 0, 0, 1, 2, 0, 1, 0, 0, 0, 1, 0, 2, 1, 0, 0, 1, 0, 3, 1, 1, 3, 3, 1, 0, 0, 2, 0, 0, 0, 0, 1, 0, 0, 0, 0, 0, 1, 1, 0, 0, 1, 1, 0, 0, 0, 0],837.9777466151338,57662.818208457764,93307.87391605499,false
10,G1_CMAX,G4_BALANCED,[31, 22, 82, 15, 26, 9, 95, 42, 77, 12, 47, 5, 93, 78, 86, 54, 85, 63, 18, 44, 20, 35, 43, 10, 91, 76, 97, 40, 21, 45, 71, 64, 1, 23, 17, 83, 24, 14, 60, 36, 6, 57, 30, 88, 65, 56, 79, 94, 67, 68, 46, 75, 38, 58, 19, 32, 81, 41, 27, 62, 87, 90, 99, 59, 11, 16, 72, 73, 70, 39, 37, 84, 3, 92, 25, 34, 28, 29, 51, 7, 66, 61, 98, 48, 89, 50, 33, 96, 53, 80, 55, 4, 8, 2, 52, 49, 0, 69, 74, 13]|[1, 1, 0, 1, 1, 1, 1, 2, 2, 1, 2, 2, 2, 1, 1, 0, 0, 1, 0, 2, 2, 0, 1, 2, 0, 1, 2, 2, 0, 0, 1, 2, 1, 2, 1, 0, 2, 0, 1, 1, 0, 1, 1, 1, 0, 2, 1, 1, 0, 0, 0, 0, 1, 1, 2, 1, 2, 1, 0, 0, 0, 1, 0, 1, 2, 1, 2, 1, 1, 1, 1, 1, 1, 2, 1, 2, 0, 0, 0, 1, 2, 1, 2, 0, 1, 0, 2, 0, 0, 0, 2, 1, 1, 0, 1, 0, 0, 1, 2, 0]|[4, 3, 2, 2, 4, 0, 2, 2, 2, 4, 1, 1, 2, 4, 4, 1, 2, 4, 2, 1, 1, 1, 1, 2, 1, 2, 1, 1, 1, 1, 3, 2, 3, 0, 4, 0, 1, 1, 0, 3, 2, 2, 2, 0, 1, 1, 0, 4, 0, 1, 2, 2, 1, 0, 0, 3, 2, 4, 1, 2, 0, 3, 1, 1, 1, 3, 0, 4, 3, 1, 4, 1, 1, 2, 4, 1, 2, 1, 1, 1, 1, 3, 1, 1, 1, 1, 1, 1, 2, 1, 1, 4, 3, 2, 1, 1, 2, 4, 1, 2]|[0, 2, 1, 1, 3, 3, 1, 0, 0, 0, 0, 0, 1, 0, 1, 0, 0, 3, 1, 0, 0, 0, 3, 1, 0, 2, 0, 0, 0, 1, 0, 0, 0, 0, 3, 0, 1, 0, 0, 2, 1, 1, 1, 0, 0, 0, 0, 2, 1, 0, 0, 0, 1, 3, 0, 0, 1, 2, 0, 1, 1, 2, 0, 1, 0, 2, 1, 0, 0, 1, 1, 3, 1, 0, 3, 0, 1, 0, 0, 2, 0, 0, 0, 0, 1, 0, 0, 0, 1, 0, 0, 0, 2, 0, 1, 1, 0, 2, 0, 0],760.125796092602,58396.33021248055,95480.46221367862,true
10,G4_BALANCED,G2_TEC,[31, 22, 82, 15, 26, 9, 95, 42, 77, 68, 47, 5, 93, 78, 86, 54, 85, 63, 18, 44, 20, 49, 36, 14, 74, 50, 53, 17, 21, 45, 71, 64, 3, 23, 30, 83, 24, 41, 60, 52, 65, 27, 90, 70, 39, 87, 48, 69, 99, 4, 46, 1, 13, 58, 97, 59, 28, 8, 73, 37, 35, 79, 11, 66, 76, 57, 40, 80, 96, 6, 16, 61, 33, 98, 32, 34, 12, 67, 10, 7, 56, 88, 51, 19, 91, 38, 75, 92, 25, 72, 43, 55, 2, 29, 81, 0, 84, 94, 89, 62]|[2, 1, 2, 1, 1, 2, 1, 1, 1, 1, 1, 0, 2, 2, 1, 2, 0, 0, 0, 2, 2, 1, 0, 2, 0, 2, 2, 1, 0, 1, 1, 1, 0, 0, 1, 0, 2, 1, 2, 2, 0, 1, 1, 1, 0, 2, 0, 2, 1, 0, 0, 2, 0, 0, 2, 0, 2, 1, 0, 0, 2, 1, 0, 2, 2, 0, 2, 2, 0, 1, 2, 1, 1, 0, 0, 1, 1, 1, 1, 2, 2, 1, 1, 1, 1, 0, 0, 0, 1, 1, 1, 0, 2, 1, 1, 0, 0, 1, 1, 1]|[0, 3, 0, 2, 4, 1, 4, 4, 2, 4, 3, 2, 1, 0, 2, 1, 1, 1, 2, 1, 1, 3, 0, 1, 0, 1, 1, 4, 1, 4, 3, 2, 2, 0, 4, 1, 1, 4, 0, 1, 2, 2, 4, 4, 1, 1, 0, 2, 3, 1, 2, 1, 2, 1, 1, 2, 0, 3, 0, 2, 2, 3, 1, 0, 1, 0, 0, 1, 2, 4, 1, 3, 4, 2, 2, 4, 3, 3, 3, 1, 1, 4, 3, 4, 1, 2, 2, 2, 4, 4, 4, 2, 1, 3, 1, 2, 2, 4, 4, 3]|[0, 2, 0, 1, 3, 0, 1, 3, 0, 0, 2, 0, 1, 0, 1, 0, 0, 0, 1, 0, 0, 2, 0, 0, 1, 0, 0, 3, 0, 1, 0, 2, 0, 0, 3, 0, 1, 3, 1, 0, 0, 1, 1, 3, 0, 0, 1, 0, 2, 0, 0, 0, 0, 0, 1, 0, 0, 0, 1, 1, 0, 2, 0, 0, 0, 1, 0, 0, 0, 2, 0, 0, 1, 0, 0, 2, 0, 0, 3, 0, 0, 1, 0, 3, 1, 0, 0, 0, 3, 2, 2, 0, 0, 0, 1, 0, 0, 2, 1, 0],883.3275205962827,52491.53531358293,111570.67349444784,true
10,G2_TEC,G2_TEC,[31, 22, 82, 15, 26, 9, 95, 42, 77, 68, 47, 5, 93, 78, 86, 54, 85, 63, 18, 44, 20, 49, 36, 14, 74, 50, 53, 17, 21, 45, 71, 64, 3, 23, 30, 83, 24, 41, 60, 52, 65, 27, 90, 70, 39, 87, 48, 69, 99, 4, 46, 1, 13, 58, 97, 59, 28, 8, 73, 37, 35, 79, 11, 66, 76, 57, 40, 80, 96, 6, 16, 61, 33, 98, 32, 81, 62, 67, 10, 7, 56, 88, 51, 19, 91, 38, 75, 92, 25, 84, 2, 55, 43, 29, 34, 0, 12, 94, 89, 72]|[2, 1, 2, 1, 1, 2, 1, 1, 1, 1, 1, 0, 2, 2, 1, 2, 0, 0, 0, 2, 2, 1, 0, 2, 0, 2, 2, 1, 0, 1, 1, 1, 0, 0, 1, 0, 2, 1, 2, 2, 0, 0, 1, 1, 0, 2, 0, 2, 1, 0, 0, 2, 2, 0, 2, 0, 2, 1, 0, 0, 2, 1, 0, 2, 2, 0, 2, 2, 0, 1, 2, 1, 1, 0, 0, 1, 1, 1, 1, 2, 2, 1, 1, 1, 1, 0, 0, 0, 1, 0, 2, 0, 1, 1, 1, 0, 1, 1, 1, 1]|[0, 3, 0, 2, 4, 1, 4, 4, 2, 4, 3, 2, 1, 0, 2, 1, 1, 1, 2, 1, 1, 3, 0, 1, 0, 1, 1, 4, 1, 4, 3, 2, 2, 0, 4, 1, 1, 4, 0, 1, 2, 1, 4, 4, 1, 1, 0, 2, 3, 1, 2, 1, 2, 1, 1, 2, 0, 3, 0, 2, 2, 3, 1, 0, 1, 0, 0, 1, 2, 4, 1, 3, 4, 2, 2, 4, 3, 3, 3, 1, 1, 4, 3, 4, 3, 2, 2, 2, 4, 2, 1, 2, 4, 3, 1, 2, 3, 4, 4, 4]|[0, 2, 0, 1, 3, 0, 1, 3, 0, 0, 2, 0, 1, 0, 1, 0, 0, 0, 1, 0, 0, 2, 0, 0, 1, 0, 0, 3, 0, 1, 0, 2, 0, 0, 3, 0, 1, 3, 1, 0, 0, 0, 1, 3, 0, 0, 1, 0, 2, 0, 0, 0, 0, 0, 1, 0, 0, 0, 1, 1, 0, 2, 0, 0, 0, 1, 0, 0, 0, 2, 0, 0, 1, 0, 0, 2, 0, 0, 3, 0, 0, 1, 0, 3, 0, 0, 0, 0, 3, 0, 0, 0, 2, 0, 1, 0, 0, 2, 1, 2],863.840939798981,52281.731521347596,112954.27457422629,false
10,G3_TWC,G3_TWC,[31, 22, 82, 15, 26, 9, 95, 42, 77, 12, 47, 5, 93, 78, 86, 54, 85, 63, 18, 44, 20, 35, 43, 97, 91, 76, 10, 30, 21, 45, 71, 64, 1, 23, 17, 83, 24, 14, 60, 36, 41, 57, 40, 88, 65, 56, 79, 94, 67, 68, 46, 75, 38, 58, 19, 32, 81, 6, 27, 62, 87, 90, 99, 59, 11, 16, 72, 73, 69, 39, 37, 84, 3, 92, 25, 55, 28, 29, 51, 7, 66, 61, 98, 48, 89, 50, 33, 96, 80, 8, 53, 4, 34, 2, 52, 49, 0, 70, 74, 13]|[1, 1, 0, 1, 1, 0, 1, 2, 2, 1, 2, 2, 2, 1, 1, 0, 0, 1, 0, 2, 2, 0, 1, 2, 0, 1, 2, 2, 0, 0, 1, 2, 1, 2, 1, 0, 2, 0, 1, 1, 0, 1, 1, 1, 0, 2, 1, 1, 0, 0, 0, 0, 1, 1, 2, 1, 2, 1, 0, 0, 2, 2, 0, 1, 2, 1, 2, 1, 1, 1, 0, 1, 1, 0, 1, 1, 0, 0, 0, 1, 2, 1, 2, 0, 1, 0, 2, 0, 0, 0, 0, 0, 2, 0, 1, 0, 0, 1, 2, 0]|[4, 3, 2, 2, 4, 1, 2, 2, 2, 4, 1, 1, 2, 4, 4, 1, 2, 4, 2, 1, 1, 1, 1, 2, 1, 2, 1, 1, 1, 1, 3, 2, 3, 0, 4, 0, 1, 1, 0, 3, 2, 2, 2, 0, 1, 1, 0, 4, 0, 1, 2, 2, 1, 0, 0, 3, 2, 4, 1, 2, 1, 1, 1, 1, 1, 3, 0, 4, 3, 1, 1, 1, 1, 0, 4, 4, 2, 1, 1, 1, 1, 3, 1, 1, 1, 1, 1, 1, 1, 1, 2, 2, 1, 2, 1, 1, 2, 3, 1, 2]|[0, 2, 1, 1, 3, 0, 1, 0, 0, 0, 0, 0, 1, 0, 1, 0, 0, 3, 1, 0, 0, 0, 3, 1, 0, 2, 0, 0, 0, 1, 0, 0, 0, 0, 3, 0, 1, 0, 0, 2, 1, 1, 1, 0, 0, 0, 0, 2, 1, 0, 0, 0, 1, 3, 0, 0, 1, 2, 0, 1, 0, 0, 0, 1, 0, 2, 1, 0, 0, 1, 0, 3, 1, 1, 3, 3, 1, 0, 0, 2, 0, 0, 0, 0, 1, 0, 0, 0, 0, 0, 1, 1, 0, 0, 1, 1, 0, 0, 0, 0],837.9777466151338,57662.818208457764,93307.87391605499,false
10,G1_CMAX,G1_CMAX,[31, 22, 82, 15, 26, 9, 95, 42, 77, 12, 47, 5, 93, 78, 86, 54, 85, 63, 18, 44, 20, 35, 43, 97, 91, 76, 10, 30, 21, 45, 71, 64, 1, 23, 17, 83, 24, 14, 60, 36, 6, 57, 40, 88, 65, 56, 79, 69, 67, 68, 46, 75, 38, 58, 19, 32, 81, 48, 27, 62, 87, 90, 99, 59, 11, 16, 72, 73, 70, 39, 37, 84, 3, 92, 25, 55, 28, 29, 51, 7, 66, 61, 98, 41, 8, 50, 96, 89, 53, 80, 34, 52, 33, 2, 4, 49, 0, 94, 74, 13]|[1, 1, 0, 1, 1, 0, 1, 2, 2, 1, 2, 2, 2, 1, 1, 0, 0, 1, 0, 2, 2, 0, 1, 2, 0, 1, 2, 2, 0, 0, 1, 2, 1, 2, 1, 0, 2, 0, 1, 1, 0, 1, 1, 1, 0, 2, 1, 2, 0, 0, 0, 0, 1, 1, 2, 1, 2, 1, 0, 0, 2, 1, 0, 1, 2, 1, 2, 1, 1, 1, 1, 1, 1, 0, 1, 1, 0, 0, 0, 1, 2, 1, 2, 0, 1, 0, 0, 1, 0, 0, 2, 2, 2, 0, 1, 0, 0, 1, 2, 0]|[4, 3, 2, 2, 4, 1, 2, 2, 2, 4, 1, 1, 2, 4, 4, 1, 2, 4, 2, 1, 1, 1, 1, 2, 1, 2, 1, 1, 1, 1, 3, 2, 3, 1, 4, 0, 1, 1, 0, 3, 2, 2, 2, 0, 1, 1, 0, 2, 0, 1, 2, 2, 1, 0, 0, 3, 2, 4, 1, 2, 2, 3, 1, 1, 1, 3, 0, 4, 3, 1, 4, 1, 1, 0, 4, 4, 2, 1, 1, 1, 1, 3, 1, 1, 3, 1, 1, 1, 2, 1, 1, 1, 1, 2, 4, 1, 2, 4, 1, 2]|[0, 2, 1, 1, 3, 0, 1, 0, 0, 0, 0, 0, 1, 0, 1, 0, 0, 3, 1, 0, 0, 0, 3, 1, 0, 2, 0, 0, 0, 1, 0, 0, 0, 0, 3, 0, 1, 0, 0, 2, 1, 1, 1, 0, 0, 0, 0, 0, 1, 0, 0, 0, 1, 3, 0, 0, 1, 2, 0, 1, 0, 2, 0, 1, 0, 2, 1, 0, 0, 1, 1, 3, 1, 1, 3, 3, 1, 0, 0, 2, 0, 0, 0, 0, 2, 0, 0, 1, 1, 0, 0, 0, 0, 0, 0, 1, 0, 2, 0, 0],776.2269886506458,56541.73543816585,98609.91874205876,false
10,G4_BALANCED,G4_BALANCED,[31, 22, 82, 15, 26, 58, 95, 42, 77, 12, 47, 5, 93, 78, 86, 54, 85, 63, 18, 44, 20, 35, 43, 97, 91, 76, 10, 30, 21, 45, 71, 64, 1, 23, 17, 83, 24, 14, 60, 36, 6, 57, 40, 88, 65, 56, 79, 94, 67, 68, 46, 75, 38, 9, 19, 32, 81, 41, 27, 62, 87, 90, 99, 59, 11, 16, 72, 73, 70, 39, 37, 84, 3, 92, 25, 34, 28, 29, 51, 7, 66, 61, 98, 48, 89, 50, 33, 96, 53, 80, 55, 4, 8, 2, 0, 49, 52, 69, 74, 13]|[1, 1, 0, 1, 1, 0, 1, 2, 2, 1, 2, 2, 2, 1, 1, 0, 0, 1, 0, 2, 2, 0, 1, 2, 0, 1, 2, 2, 0, 0, 1, 2, 1, 2, 1, 0, 2, 0, 1, 1, 0, 1, 1, 1, 0, 2, 1, 1, 0, 0, 0, 0, 1, 1, 2, 1, 2, 1, 0, 0, 2, 1, 0, 1, 2, 1, 2, 1, 1, 1, 1, 1, 1, 0, 1, 2, 0, 0, 0, 1, 2, 1, 2, 0, 1, 0, 2, 2, 0, 0, 2, 1, 1, 0, 0, 0, 1, 1, 2, 0]|[4, 3, 2, 2, 4, 1, 2, 2, 2, 4, 1, 1, 2, 4, 4, 1, 2, 4, 2, 1, 1, 1, 1, 2, 1, 2, 1, 1, 1, 1, 3, 2, 3, 1, 4, 0, 1, 1, 0, 3, 2, 2, 2, 0, 1, 1, 0, 4, 0, 1, 2, 2, 1, 0, 0, 3, 2, 4, 1, 2, 1, 3, 1, 1, 1, 3, 0, 4, 3, 1, 4, 1, 1, 0, 4, 1, 2, 1, 1, 1, 1, 3, 1, 1, 1, 1, 1, 1, 2, 1, 1, 4, 3, 2, 2, 1, 1, 4, 1, 2]|[0, 2, 1, 1, 3, 0, 1, 0, 0, 0, 0, 0, 1, 0, 1, 0, 0, 3, 1, 0, 0, 0, 3, 1, 0, 2, 0, 0, 0, 1, 0, 0, 0, 0, 3, 0, 1, 0, 0, 2, 1, 1, 1, 0, 0, 0, 0, 2, 1, 0, 0, 0, 1, 3, 0, 0, 1, 2, 0, 1, 0, 2, 0, 1, 0, 2, 1, 0, 0, 1, 1, 3, 1, 1, 3, 0, 1, 0, 0, 2, 0, 0, 0, 0, 1, 0, 0, 0, 1, 0, 0, 0, 2, 0, 0, 1, 1, 2, 0, 0],753.124713649358,57041.77974804236,95619.02018912909,false
10,G2_TEC,G2_TEC,[31, 22, 82, 15, 26, 9, 95, 42, 77, 4, 47, 5, 93, 78, 86, 54, 85, 63, 18, 44, 20, 49, 36, 14, 74, 50, 53, 17, 21, 45, 71, 64, 3, 23, 30, 83, 24, 41, 60, 52, 65, 27, 90, 70, 89, 87, 48, 69, 99, 68, 46, 1, 39, 32, 97, 59, 28, 8, 73, 37, 35, 79, 11, 66, 76, 57, 72, 16, 92, 6, 80, 61, 33, 98, 58, 34, 51, 67, 10, 7, 56, 88, 29, 19, 91, 13, 12, 96, 0, 81, 2, 55, 43, 84, 75, 25, 62, 94, 38, 40]|[2, 1, 2, 1, 1, 2, 1, 1, 1, 1, 1, 0, 2, 2, 1, 2, 0, 0, 0, 2, 2, 1, 0, 2, 0, 2, 2, 1, 0, 1, 1, 1, 0, 0, 1, 0, 2, 1, 2, 2, 0, 1, 1, 1, 1, 1, 0, 2, 1, 0, 0, 2, 2, 0, 2, 0, 2, 1, 0, 0, 2, 1, 0, 2, 2, 0, 0, 2, 0, 0, 2, 1, 1, 0, 0, 1, 1, 0, 1, 2, 2, 1, 1, 2, 1, 0, 1, 0, 0, 1, 2, 0, 1, 0, 2, 1, 0, 1, 1, 2]|[0, 3, 0, 2, 4, 1, 4, 4, 2, 4, 3, 2, 1, 0, 2, 1, 1, 1, 2, 1, 2, 3, 0, 1, 0, 1, 1, 4, 1, 0, 3, 2, 2, 0, 4, 1, 1, 4, 0, 1, 2, 2, 4, 4, 4, 0, 0, 2, 3, 1, 2, 1, 2, 2, 1, 2, 0, 3, 0, 2, 2, 3, 1, 0, 1, 0, 2, 1, 0, 1, 1, 3, 4, 1, 1, 4, 3, 1, 3, 1, 0, 4, 3, 0, 3, 2, 3, 2, 2, 1, 1, 2, 4, 2, 2, 4, 2, 4, 4, 0]|[0, 2, 0, 1, 3, 0, 1, 3, 0, 0, 2, 0, 1, 0, 1, 0, 0, 0, 1, 0, 0, 2, 0, 0, 1, 0, 0, 3, 0, 1, 0, 2, 0, 0, 3, 0, 1, 3, 1, 0, 0, 1, 1, 3, 1, 0, 1, 0, 2, 0, 0, 0, 0, 0, 1, 0, 0, 0, 1, 1, 0, 2, 0, 0, 0, 1, 1, 0, 1, 0, 0, 0, 1, 0, 0, 2, 0, 0, 3, 0, 0, 1, 0, 0, 0, 0, 0, 0, 0, 1, 0, 0, 2, 1, 1, 3, 1, 2, 1, 0],839.6890277062986,54681.99845469262,112904.53001143686,false
10,G3_TWC,G3_TWC,[31, 22, 82, 15, 26, 9, 95, 42, 77, 12, 47, 5, 93, 78, 86, 54, 85, 63, 18, 44, 20, 35, 43, 97, 91, 76, 10, 30, 21, 45, 71, 64, 1, 23, 17, 83, 24, 14, 60, 36, 41, 57, 40, 88, 65, 56, 79, 94, 67, 68, 46, 75, 38, 58, 19, 32, 81, 6, 27, 62, 87, 90, 99, 59, 11, 16, 72, 73, 69, 39, 37, 84, 3, 92, 25, 55, 28, 29, 51, 7, 66, 61, 98, 48, 89, 50, 33, 96, 80, 8, 53, 4, 34, 2, 52, 49, 0, 70, 74, 13]|[1, 1, 0, 1, 1, 0, 1, 2, 2, 1, 2, 2, 2, 1, 1, 0, 0, 1, 0, 2, 2, 0, 1, 2, 0, 1, 2, 2, 0, 0, 1, 2, 1, 2, 1, 0, 2, 0, 1, 1, 0, 1, 1, 1, 0, 2, 1, 1, 0, 0, 0, 0, 1, 1, 2, 1, 2, 1, 0, 0, 2, 2, 0, 1, 2, 1, 2, 1, 1, 1, 0, 1, 1, 0, 1, 1, 0, 0, 0, 1, 2, 1, 2, 0, 1, 0, 2, 0, 0, 0, 0, 0, 2, 0, 1, 0, 0, 1, 2, 0]|[4, 3, 2, 2, 4, 1, 2, 2, 2, 4, 1, 1, 2, 4, 4, 1, 2, 4, 2, 1, 1, 1, 1, 2, 1, 2, 1, 1, 1, 1, 3, 2, 3, 0, 4, 0, 1, 1, 0, 3, 2, 2, 2, 0, 1, 1, 0, 4, 0, 1, 2, 2, 1, 0, 0, 3, 2, 4, 1, 2, 1, 1, 1, 1, 1, 3, 0, 4, 3, 1, 1, 1, 1, 0, 4, 4, 2, 1, 1, 1, 1, 3, 1, 1, 1, 1, 1, 1, 1, 1, 2, 2, 1, 2, 1, 1, 2, 3, 1, 2]|[0, 2, 1, 1, 3, 0, 1, 0, 0, 0, 0, 0, 1, 0, 1, 0, 0, 3, 1, 0, 0, 0, 3, 1, 0, 2, 0, 0, 0, 1, 0, 0, 0, 0, 3, 0, 1, 0, 0, 2, 1, 1, 1, 0, 0, 0, 0, 2, 1, 0, 0, 0, 1, 3, 0, 0, 1, 2, 0, 1, 0, 0, 0, 1, 0, 2, 1, 0, 0, 1, 0, 3, 1, 1, 3, 3, 1, 0, 0, 2, 0, 0, 0, 0, 1, 0, 0, 0, 0, 0, 1, 1, 0, 0, 1, 1, 0, 0, 0, 0],837.9777466151338,57662.818208457764,93307.87391605499,false
10,G1_CMAX,G4_BALANCED,[31, 22, 82, 15, 26, 9, 95, 42, 77, 12, 47, 5, 93, 78, 86, 54, 85, 63, 18, 44, 20, 35, 43, 97, 91, 76, 10, 30, 21, 45, 71, 64, 1, 23, 17, 83, 24, 14, 60, 36, 6, 57, 40, 88, 65, 56, 79, 69, 67, 68, 46, 75, 38, 58, 19, 32, 81, 48, 27, 62, 87, 90, 99, 59, 11, 16, 72, 73, 70, 39, 37, 84, 3, 92, 25, 55, 28, 29, 51, 7, 66, 61, 98, 41, 89, 50, 33, 96, 80, 53, 8, 4, 13, 2, 52, 49, 0, 94, 74, 34]|[1, 1, 0, 1, 1, 0, 1, 2, 2, 1, 2, 2, 2, 1, 1, 0, 0, 1, 0, 2, 2, 0, 1, 2, 0, 1, 2, 2, 0, 0, 1, 2, 1, 0, 1, 0, 2, 0, 1, 1, 0, 1, 1, 1, 0, 2, 1, 1, 0, 0, 0, 0, 1, 1, 2, 1, 2, 1, 0, 0, 2, 1, 0, 1, 2, 1, 2, 1, 1, 1, 1, 1, 1, 0, 1, 1, 1, 0, 0, 1, 2, 1, 0, 0, 1, 0, 2, 0, 0, 0, 1, 1, 0, 0, 2, 0, 0, 1, 2, 2]|[4, 3, 2, 2, 4, 1, 2, 2, 2, 4, 1, 1, 2, 4, 4, 1, 2, 4, 2, 1, 1, 1, 1, 2, 1, 2, 1, 1, 1, 1, 3, 2, 3, 0, 4, 0, 1, 1, 0, 3, 2, 2, 2, 0, 1, 1, 0, 4, 0, 1, 2, 2, 1, 4, 0, 3, 2, 4, 1, 2, 2, 3, 1, 1, 1, 3, 0, 4, 3, 1, 4, 1, 1, 0, 4, 4, 4, 1, 1, 1, 1, 3, 1, 1, 1, 1, 1, 1, 1, 2, 3, 4, 2, 2, 1, 1, 2, 4, 1, 1]|[0, 2, 1, 1, 3, 0, 1, 0, 0, 0, 0, 0, 1, 0, 1, 0, 0, 3, 1, 0, 0, 0, 3, 1, 0, 2, 0, 0, 0, 1, 0, 0, 0, 0, 3, 0, 1, 0, 0, 2, 1, 1, 1, 0, 0, 0, 0, 2, 1, 0, 0, 0, 1, 3, 0, 0, 1, 2, 0, 1, 0, 2, 0, 1, 0, 2, 1, 0, 0, 1, 1, 3, 1, 1, 3, 3, 1, 0, 0, 2, 0, 0, 0, 0, 1, 0, 0, 0, 0, 1, 2, 0, 0, 0, 0, 1, 0, 2, 0, 0],826.2261902830592,56134.103229716726,100305.83591844409,true
10,G4_BALANCED,G4_BALANCED,[31, 22, 82, 15, 26, 58, 95, 42, 77, 12, 47, 5, 93, 78, 86, 54, 85, 63, 18, 44, 20, 35, 43, 97, 91, 76, 10, 30, 21, 45, 71, 64, 1, 23, 17, 83, 24, 14, 60, 36, 6, 57, 40, 88, 65, 56, 79, 94, 67, 68, 46, 75, 38, 9, 19, 32, 81, 41, 27, 62, 87, 90, 99, 59, 11, 16, 72, 73, 70, 39, 37, 84, 3, 92, 25, 34, 28, 29, 51, 7, 66, 61, 98, 48, 89, 50, 33, 96, 53, 80, 55, 4, 8, 2, 0, 49, 52, 69, 74, 13]|[1, 1, 0, 1, 1, 0, 1, 2, 2, 1, 2, 2, 2, 1, 1, 0, 0, 1, 0, 2, 2, 0, 1, 2, 0, 1, 2, 2, 0, 0, 1, 2, 1, 2, 1, 0, 2, 0, 1, 1, 0, 1, 1, 1, 0, 2, 1, 1, 0, 0, 0, 0, 1, 1, 2, 1, 2, 1, 0, 0, 2, 1, 0, 1, 2, 1, 2, 1, 1, 1, 1, 1, 1, 0, 1, 2, 0, 0, 0, 1, 2, 1, 2, 0, 1, 0, 2, 2, 0, 0, 2, 1, 1, 0, 0, 0, 1, 1, 2, 0]|[4, 3, 2, 2, 4, 1, 2, 2, 2, 4, 1, 1, 2, 4, 4, 1, 2, 4, 2, 1, 1, 1, 1, 2, 1, 2, 1, 1, 1, 1, 3, 2, 3, 1, 4, 0, 1, 1, 0, 3, 2, 2, 2, 0, 1, 1, 0, 4, 0, 1, 2, 2, 1, 0, 0, 3, 2, 4, 1, 2, 1, 3, 1, 1, 1, 3, 0, 4, 3, 1, 4, 1, 1, 0, 4, 1, 2, 1, 1, 1, 1, 3, 1, 1, 1, 1, 1, 1, 2, 1, 1, 4, 3, 2, 2, 1, 1, 4, 1, 2]|[0, 2, 1, 1, 3, 0, 1, 0, 0, 0, 0, 0, 1, 0, 1, 0, 0, 3, 1, 0, 0, 0, 3, 1, 0, 2, 0, 0, 0, 1, 0, 0, 0, 0, 3, 0, 1, 0, 0, 2, 1, 1, 1, 0, 0, 0, 0, 2, 1, 0, 0, 0, 1, 3, 0, 0, 1, 2, 0, 1, 0, 2, 0, 1, 0, 2, 1, 0, 0, 1, 1, 3, 1, 1, 3, 0, 1, 0, 0, 2, 0, 0, 0, 0, 1, 0, 0, 0, 1, 0, 0, 0, 2, 0, 0, 1, 1, 2, 0, 0],753.124713649358,57041.77974804236,95619.02018912909,false
10,G2_TEC,G2_TEC,[31, 22, 82, 15, 26, 9, 95, 42, 77, 68, 47, 5, 93, 78, 86, 54, 85, 63, 18, 44, 20, 49, 36, 14, 74, 50, 53, 17, 21, 45, 71, 64, 3, 23, 30, 83, 24, 41, 60, 52, 65, 27, 90, 70, 39, 87, 48, 69, 99, 4, 46, 1, 13, 58, 97, 59, 28, 8, 73, 37, 35, 79, 11, 66, 76, 57, 40, 80, 96, 6, 16, 61, 33, 98, 32, 81, 62, 67, 10, 7, 56, 88, 51, 19, 91, 38, 75, 92, 25, 84, 2, 55, 43, 29, 34, 0, 12, 94, 89, 72]|[2, 1, 2, 1, 1, 2, 1, 1, 1, 1, 1, 0, 2, 2, 1, 2, 0, 0, 0, 2, 2, 1, 0, 2, 0, 2, 2, 1, 0, 1, 1, 1, 0, 0, 1, 0, 2, 1, 2, 2, 0, 0, 1, 1, 0, 2, 0, 2, 1, 0, 0, 2, 2, 0, 2, 0, 2, 1, 0, 0, 2, 1, 0, 2, 2, 0, 2, 2, 0, 1, 2, 1, 1, 0, 0, 1, 1, 1, 1, 2, 2, 1, 1, 1, 1, 0, 0, 0, 1, 0, 2, 0, 1, 1, 1, 0, 1, 1, 1, 1]|[0, 3, 0, 2, 4, 1, 4, 4, 2, 4, 3, 2, 1, 0, 2, 1, 1, 1, 2, 1, 1, 3, 0, 1, 0, 1, 1, 4, 1, 4, 3, 2, 2, 0, 4, 1, 1, 4, 0, 1, 2, 1, 4, 4, 1, 1, 0, 2, 3, 1, 2, 1, 2, 1, 1, 2, 0, 3, 0, 2, 2, 3, 1, 0, 1, 0, 0, 1, 2, 4, 1, 3, 4, 2, 2, 4, 3, 3, 3, 1, 1, 4, 3, 4, 3, 2, 2, 2, 4, 2, 1, 2, 4, 3, 1, 2, 3, 4, 4, 4]|[0, 2, 0, 1, 3, 0, 1, 3, 0, 0, 2, 0, 1, 0, 1, 0, 0, 0, 1, 0, 0, 2, 0, 0, 1, 0, 0, 3, 0, 1, 0, 2, 0, 0, 3, 0, 1, 3, 1, 0, 0, 0, 1, 3, 0, 0, 1, 0, 2, 0, 0, 0, 0, 0, 1, 0, 0, 0, 1, 1, 0, 2, 0, 0, 0, 1, 0, 0, 0, 2, 0, 0, 1, 0, 0, 2, 0, 0, 3, 0, 0, 1, 0, 3, 0, 0, 0, 0, 3, 0, 0, 0, 2, 0, 1, 0, 0, 2, 1, 2],863.840939798981,52281.731521347596,112954.27457422629,false
10,G3_TWC,G3_TWC,[31, 22, 82, 15, 26, 9, 95, 42, 77, 12, 47, 5, 93, 78, 86, 54, 85, 63, 18, 44, 20, 35, 43, 97, 91, 76, 10, 30, 21, 45, 71, 64, 1, 23, 17, 83, 24, 14, 60, 36, 41, 57, 40, 88, 65, 56, 79, 94, 67, 68, 46, 75, 38, 58, 19, 32, 81, 6, 27, 62, 87, 90, 99, 59, 11, 16, 72, 73, 69, 39, 37, 84, 3, 92, 25, 55, 28, 29, 51, 7, 66, 61, 98, 48, 89, 50, 33, 96, 80, 8, 53, 4, 34, 2, 52, 49, 0, 70, 74, 13]|[1, 1, 0, 1, 1, 0, 1, 2, 2, 1, 2, 2, 2, 1, 1, 0, 0, 1, 0, 2, 2, 0, 1, 2, 0, 1, 2, 2, 0, 0, 1, 2, 1, 2, 1, 0, 2, 0, 1, 1, 0, 1, 1, 1, 0, 2, 1, 1, 0, 0, 0, 0, 1, 1, 2, 1, 2, 1, 0, 0, 2, 2, 0, 1, 2, 1, 2, 1, 1, 1, 0, 1, 1, 0, 1, 1, 0, 0, 0, 1, 2, 1, 2, 0, 1, 0, 2, 0, 0, 0, 0, 0, 2, 0, 1, 0, 0, 1, 2, 0]|[4, 3, 2, 2, 4, 1, 2, 2, 2, 4, 1, 1, 2, 4, 4, 1, 2, 4, 2, 1, 1, 1, 1, 2, 1, 2, 1, 1, 1, 1, 3, 2, 3, 0, 4, 0, 1, 1, 0, 3, 2, 2, 2, 0, 1, 1, 0, 4, 0, 1, 2, 2, 1, 0, 0, 3, 2, 4, 1, 2, 1, 1, 1, 1, 1, 3, 0, 4, 3, 1, 1, 1, 1, 0, 4, 4, 2, 1, 1, 1, 1, 3, 1, 1, 1, 1, 1, 1, 1, 1, 2, 2, 1, 2, 1, 1, 2, 3, 1, 2]|[0, 2, 1, 1, 3, 0, 1, 0, 0, 0, 0, 0, 1, 0, 1, 0, 0, 3, 1, 0, 0, 0, 3, 1, 0, 2, 0, 0, 0, 1, 0, 0, 0, 0, 3, 0, 1, 0, 0, 2, 1, 1, 1, 0, 0, 0, 0, 2, 1, 0, 0, 0, 1, 3, 0, 0, 1, 2, 0, 1, 0, 0, 0, 1, 0, 2, 1, 0, 0, 1, 0, 3, 1, 1, 3, 3, 1, 0, 0, 2, 0, 0, 0, 0, 1, 0, 0, 0, 0, 0, 1, 1, 0, 0, 1, 1, 0, 0, 0, 0],837.9777466151338,57662.818208457764,93307.87391605499,false
10,G1_CMAX,G4_BALANCED,[31, 22, 82, 15, 26, 58, 95, 42, 77, 12, 47, 5, 93, 78, 86, 54, 85, 63, 18, 44, 20, 35, 43, 97, 91, 76, 10, 30, 21, 45, 71, 64, 1, 23, 17, 83, 24, 14, 60, 36, 6, 57, 40, 88, 65, 56, 79, 94, 67, 68, 46, 75, 38, 9, 19, 32, 81, 41, 27, 62, 87, 90, 99, 59, 11, 16, 72, 73, 70, 39, 37, 84, 3, 92, 25, 55, 28, 29, 51, 7, 66, 61, 98, 48, 89, 50, 96, 33, 53, 34, 80, 4, 8, 2, 52, 49, 0, 69, 74, 13]|[1, 1, 0, 1, 1, 0, 1, 2, 2, 1, 2, 2, 2, 1, 1, 0, 0, 1, 0, 2, 2, 0, 1, 2, 0, 1, 2, 2, 0, 0, 1, 2, 1, 2, 1, 0, 2, 0, 1, 1, 0, 1, 1, 1, 0, 2, 1, 1, 0, 0, 0, 0, 1, 1, 2, 1, 2, 1, 0, 0, 2, 1, 0, 1, 2, 1, 2, 1, 1, 1, 1, 1, 1, 2, 1, 1, 0, 0, 0, 1, 2, 1, 2, 0, 1, 0, 0, 2, 0, 2, 0, 1, 1, 0, 1, 0, 0, 1, 2, 0]|[4, 3, 2, 2, 4, 1, 2, 2, 2, 4, 1, 1, 2, 4, 4, 1, 2, 4, 2, 1, 1, 1, 1, 2, 1, 2, 1, 1, 1, 1, 3, 2, 3, 1, 4, 0, 1, 1, 0, 3, 2, 2, 2, 0, 1, 1, 0, 4, 0, 1, 2, 2, 1, 0, 0, 3, 2, 4, 1, 2, 2, 3, 1, 1, 1, 3, 0, 4, 3, 1, 4, 1, 1, 2, 4, 4, 2, 1, 1, 1, 1, 3, 1, 1, 1, 1, 1, 1, 2, 1, 1, 4, 3, 2, 1, 1, 2, 4, 1, 2]|[0, 2, 1, 1, 3, 0, 1, 0, 0, 0, 0, 0, 1, 0, 1, 0, 0, 3, 1, 0, 0, 0, 3, 1, 0, 2, 0, 0, 0, 1, 0, 0, 0, 0, 3, 0, 1, 0, 0, 2, 1, 1, 1, 0, 0, 0, 0, 2, 1, 0, 0, 0, 1, 3, 0, 0, 1, 2, 0, 1, 0, 2, 0, 1, 0, 2, 1, 0, 0, 1, 1, 3, 1, 0, 3, 3, 1, 0, 0, 2, 0, 0, 0, 0, 1, 0, 0, 0, 1, 0, 0, 0, 2, 0, 1, 1, 0, 2, 0, 0],765.9990607008382,57000.44105008553,97485.6470332183,true
10,G4_BALANCED,G4_BALANCED,[31, 22, 82, 15, 26, 58, 95, 42, 77, 12, 47, 5, 93, 78, 86, 54, 85, 63, 18, 44, 20, 35, 43, 97, 91, 76, 10, 30, 21, 45, 71, 64, 1, 23, 17, 83, 24, 14, 60, 36, 6, 57, 40, 88, 65, 56, 79, 94, 67, 68, 46, 75, 38, 9, 19, 32, 81, 41, 27, 62, 87, 90, 99, 59, 11, 16, 72, 73, 70, 39, 37, 84, 3, 92, 25, 34, 28, 29, 51, 7, 66, 61, 98, 48, 89, 50, 33, 96, 53, 80, 55, 4, 8, 2, 0, 49, 52, 69, 74, 13]|[1, 1, 0, 1, 1, 0, 1, 2, 2, 1, 2, 2, 2, 1, 1, 0, 0, 1, 0, 2, 2, 0, 1, 2, 0, 1, 2, 2, 0, 0, 1, 2, 1, 2, 1, 0, 2, 0, 1, 1, 0, 1, 1, 1, 0, 2, 1, 1, 0, 0, 0, 0, 1, 1, 2, 1, 2, 1, 0, 0, 2, 1, 0, 1, 2, 1, 2, 1, 1, 1, 1, 1, 1, 0, 1, 2, 0, 0, 0, 1, 2, 1, 2, 0, 1, 0, 2, 2, 0, 0, 2, 1, 1, 0, 0, 0, 1, 1, 2, 0]|[4, 3, 2, 2, 4, 1, 2, 2, 2, 4, 1, 1, 2, 4, 4, 1, 2, 4, 2, 1, 1, 1, 1, 2, 1, 2, 1, 1, 1, 1, 3, 2, 3, 1, 4, 0, 1, 1, 0, 3, 2, 2, 2, 0, 1, 1, 0, 4, 0, 1, 2, 2, 1, 0, 0, 3, 2, 4, 1, 2, 1, 3, 1, 1, 1, 3, 0, 4, 3, 1, 4, 1, 1, 0, 4, 1, 2, 1, 1, 1, 1, 3, 1, 1, 1, 1, 1, 1, 2, 1, 1, 4, 3, 2, 2, 1, 1, 4, 1, 2]|[0, 2, 1, 1, 3, 0, 1, 0, 0, 0, 0, 0, 1, 0, 1, 0, 0, 3, 1, 0, 0, 0, 3, 1, 0, 2, 0, 0, 0, 1, 0, 0, 0, 0, 3, 0, 1, 0, 0, 2, 1, 1, 1, 0, 0, 0, 0, 2, 1, 0, 0, 0, 1, 3, 0, 0, 1, 2, 0, 1, 0, 2, 0, 1, 0, 2, 1, 0, 0, 1, 1, 3, 1, 1, 3, 0, 1, 0, 0, 2, 0, 0, 0, 0, 1, 0, 0, 0, 1, 0, 0, 0, 2, 0, 0, 1, 1, 2, 0, 0],753.124713649358,57041.77974804236,95619.02018912909,false
10,G2_TEC,G2_TEC,[31, 22, 82, 15, 26, 9, 95, 42, 77, 68, 47, 5, 93, 78, 86, 54, 85, 63, 18, 44, 20, 49, 36, 14, 74, 50, 53, 17, 21, 45, 71, 64, 3, 23, 30, 83, 24, 41, 60, 52, 65, 27, 90, 70, 39, 87, 48, 69, 99, 4, 46, 1, 13, 58, 97, 59, 28, 8, 73, 37, 35, 79, 11, 66, 76, 57, 40, 80, 96, 6, 16, 61, 33, 98, 32, 81, 62, 67, 10, 7, 56, 88, 51, 19, 91, 38, 75, 92, 25, 84, 2, 55, 43, 29, 34, 0, 12, 94, 89, 72]|[2, 1, 2, 1, 1, 2, 1, 1, 1, 1, 1, 0, 2, 2, 1, 2, 0, 0, 0, 2, 2, 1, 0, 2, 0, 2, 2, 1, 0, 1, 1, 1, 0, 0, 1, 0, 2, 1, 2, 2, 0, 0, 1, 1, 0, 2, 0, 2, 1, 0, 0, 2, 2, 0, 2, 0, 2, 1, 0, 0, 2, 1, 0, 2, 2, 0, 2, 2, 0, 1, 2, 1, 1, 0, 0, 1, 1, 1, 1, 2, 2, 1, 1, 1, 1, 0, 0, 0, 1, 0, 2, 0, 1, 1, 1, 0, 1, 1, 1, 1]|[0, 3, 0, 2, 4, 1, 4, 4, 2, 4, 3, 2, 1, 0, 2, 1, 1, 1, 2, 1, 1, 3, 0, 1, 0, 1, 1, 4, 1, 4, 3, 2, 2, 0, 4, 1, 1, 4, 0, 1, 2, 1, 4, 4, 1, 1, 0, 2, 3, 1, 2, 1, 2, 1, 1, 2, 0, 3, 0, 2, 2, 3, 1, 0, 1, 0, 0, 1, 2, 4, 1, 3, 4, 2, 2, 4, 3, 3, 3, 1, 1, 4, 3, 4, 3, 2, 2, 2, 4, 2, 1, 2, 4, 3, 1, 2, 3, 4, 4, 4]|[0, 2, 0, 1, 3, 0, 1, 3, 0, 0, 2, 0, 1, 0, 1, 0, 0, 0, 1, 0, 0, 2, 0, 0, 1, 0, 0, 3, 0, 1, 0, 2, 0, 0, 3, 0, 1, 3, 1, 0, 0, 0, 1, 3, 0, 0, 1, 0, 2, 0, 0, 0, 0, 0, 1, 0, 0, 0, 1, 1, 0, 2, 0, 0, 0, 1, 0, 0, 0, 2, 0, 0, 1, 0, 0, 2, 0, 0, 3, 0, 0, 1, 0, 3, 0, 0, 0, 0, 3, 0, 0, 0, 2, 0, 1, 0, 0, 2, 1, 2],863.840939798981,52281.731521347596,112954.27457422629,false
10,G3_TWC,G3_TWC,[31, 22, 82, 15, 26, 9, 95, 42, 77, 12, 47, 5, 93, 78, 86, 54, 85, 63, 18, 44, 20, 35, 43, 97, 91, 76, 10, 30, 21, 45, 71, 64, 1, 23, 17, 83, 24, 14, 60, 36, 41, 57, 40, 88, 65, 56, 79, 94, 67, 68, 46, 75, 38, 58, 19, 32, 81, 6, 27, 62, 87, 90, 99, 59, 11, 16, 72, 73, 69, 39, 37, 84, 3, 92, 25, 55, 28, 29, 51, 7, 66, 61, 98, 48, 89, 50, 33, 96, 80, 8, 53, 4, 34, 2, 52, 49, 0, 70, 74, 13]|[1, 1, 0, 1, 1, 0, 1, 2, 2, 1, 2, 2, 2, 1, 1, 0, 0, 1, 0, 2, 2, 0, 1, 2, 0, 1, 2, 2, 0, 0, 1, 2, 1, 2, 1, 0, 2, 0, 1, 1, 0, 1, 1, 1, 0, 2, 1, 1, 0, 0, 0, 0, 1, 1, 2, 1, 2, 1, 0, 0, 2, 2, 0, 1, 2, 1, 2, 1, 1, 1, 0, 1, 1, 0, 1, 1, 0, 0, 0, 1, 2, 1, 2, 0, 1, 0, 2, 0, 0, 0, 0, 0, 2, 0, 1, 0, 0, 1, 2, 0]|[4, 3, 2, 2, 4, 1, 2, 2, 2, 4, 1, 1, 2, 4, 4, 1, 2, 4, 2, 1, 1, 1, 1, 2, 1, 2, 1, 1, 1, 1, 3, 2, 3, 0, 4, 0, 1, 1, 0, 3, 2, 2, 2, 0, 1, 1, 0, 4, 0, 1, 2, 2, 1, 0, 0, 3, 2, 4, 1, 2, 1, 1, 1, 1, 1, 3, 0, 4, 3, 1, 1, 1, 1, 0, 4, 4, 2, 1, 1, 1, 1, 3, 1, 1, 1, 1, 1, 1, 1, 1, 2, 2, 1, 2, 1, 1, 2, 3, 1, 2]|[0, 2, 1, 1, 3, 0, 1, 0, 0, 0, 0, 0, 1, 0, 1, 0, 0, 3, 1, 0, 0, 0, 3, 1, 0, 2, 0, 0, 0, 1, 0, 0, 0, 0, 3, 0, 1, 0, 0, 2, 1, 1, 1, 0, 0, 0, 0, 2, 1, 0, 0, 0, 1, 3, 0, 0, 1, 2, 0, 1, 0, 0, 0, 1, 0, 2, 1, 0, 0, 1, 0, 3, 1, 1, 3, 3, 1, 0, 0, 2, 0, 0, 0, 0, 1, 0, 0, 0, 0, 0, 1, 1, 0, 0, 1, 1, 0, 0, 0, 0],837.9777466151338,57662.818208457764,93307.87391605499,false
10,G1_CMAX,G4_BALANCED,[31, 22, 82, 15, 26, 58, 95, 42, 77, 12, 47, 5, 93, 78, 86, 54, 85, 63, 18, 44, 20, 35, 43, 97, 91, 76, 10, 30, 21, 45, 71, 64, 1, 23, 17, 83, 24, 14, 60, 36, 6, 57, 40, 88, 65, 56, 79, 94, 67, 68, 46, 75, 38, 9, 19, 32, 81, 41, 27, 62, 87, 90, 99, 59, 11, 16, 72, 73, 70, 39, 37, 84, 3, 92, 25, 34, 28, 29, 51, 7, 66, 61, 98, 48, 89, 50, 96, 53, 80, 33, 8, 4, 55, 2, 52, 49, 0, 69, 74, 13]|[1, 1, 0, 1, 1, 0, 1, 2, 2, 1, 2, 2, 2, 1, 1, 0, 0, 1, 0, 2, 2, 0, 1, 2, 0, 1, 2, 2, 0, 0, 1, 2, 2, 2, 1, 0, 2, 0, 1, 1, 0, 1, 1, 1, 0, 2, 1, 1, 0, 0, 0, 0, 1, 1, 2, 1, 2, 0, 0, 0, 2, 1, 0, 1, 2, 1, 2, 1, 1, 1, 1, 1, 1, 0, 1, 2, 0, 0, 0, 1, 2, 1, 0, 1, 1, 0, 2, 0, 0, 2, 1, 1, 2, 0, 1, 0, 0, 2, 2, 0]|[4, 3, 2, 2, 4, 1, 2, 2, 2, 4, 1, 1, 2, 4, 4, 1, 2, 4, 2, 1, 1, 1, 1, 2, 1, 2, 1, 1, 1, 1, 3, 2, 1, 0, 4, 0, 1, 1, 0, 3, 2, 2, 2, 0, 1, 1, 0, 4, 0, 1, 2, 2, 1, 0, 0, 3, 2, 1, 1, 2, 1, 3, 1, 1, 1, 3, 0, 4, 3, 1, 4, 1, 1, 0, 4, 1, 2, 1, 1, 1, 0, 3, 1, 4, 1, 1, 1, 2, 1, 1, 3, 4, 1, 2, 1, 1, 2, 2, 1, 2]|[0, 2, 1, 1, 3, 0, 1, 0, 0, 0, 0, 0, 1, 0, 1, 0, 0, 3, 1, 0, 0, 0, 3, 1, 0, 2, 0, 0, 0, 1, 0, 0, 0, 0, 3, 0, 1, 0, 0, 2, 1, 1, 1, 0, 0, 0, 0, 2, 1, 0, 0, 0, 1, 3, 0, 0, 1, 0, 0, 1, 0, 2, 0, 1, 0, 2, 1, 0, 0, 1, 1, 3, 1, 1, 3, 0, 1, 0, 0, 2, 0, 0, 0, 2, 1, 0, 0, 1, 0, 0, 2, 0, 0, 0, 1, 1, 0, 0, 0, 0],748.5515100583527,57868.455579319314,101868.0222417994,true
10,G4_BALANCED,G4_BALANCED,[31, 22, 82, 15, 26, 58, 95, 42, 77, 12, 47, 5, 93, 78, 86, 54, 85, 63, 18, 44, 20, 35, 43, 97, 91, 76, 10, 30, 21, 45, 71, 64, 1, 23, 17, 83, 24, 14, 60, 36, 6, 57, 40, 88, 65, 56, 79, 94, 67, 68, 46, 75, 38, 9, 19, 32, 81, 41, 27, 62, 87, 90, 99, 59, 11, 16, 72, 73, 70, 39, 37, 84, 3, 92, 25, 34, 28, 29, 51, 7, 66, 61, 98, 48, 89, 50, 33, 96, 53, 80, 55, 4, 8, 2, 0, 49, 52, 69, 74, 13]|[1, 1, 0, 1, 1, 0, 1, 2, 2, 1, 2, 2, 2, 1, 1, 0, 0, 1, 0, 2, 2, 0, 1, 2, 0, 1, 2, 2, 0, 0, 1, 2, 1, 2, 1, 0, 2, 0, 1, 1, 0, 1, 1, 1, 0, 2, 1, 1, 0, 0, 0, 0, 1, 1, 2, 1, 2, 1, 0, 0, 2, 1, 0, 1, 2, 1, 2, 1, 1, 1, 1, 1, 1, 0, 1, 2, 0, 0, 0, 1, 2, 1, 2, 0, 1, 0, 2, 2, 0, 0, 2, 1, 1, 0, 0, 0, 1, 1, 2, 0]|[4, 3, 2, 2, 4, 1, 2, 2, 2, 4, 1, 1, 2, 4, 4, 1, 2, 4, 2, 1, 1, 1, 1, 2, 1, 2, 1, 1, 1, 1, 3, 2, 3, 1, 4, 0, 1, 1, 0, 3, 2, 2, 2, 0, 1, 1, 0, 4, 0, 1, 2, 2, 1, 0, 0, 3, 2, 4, 1, 2, 1, 3, 1, 1, 1, 3, 0, 4, 3, 1, 4, 1, 1, 0, 4, 1, 2, 1, 1, 1, 1, 3, 1, 1, 1, 1, 1, 1, 2, 1, 1, 4, 3, 2, 2, 1, 1, 4, 1, 2]|[0, 2, 1, 1, 3, 0, 1, 0, 0, 0, 0, 0, 1, 0, 1, 0, 0, 3, 1, 0, 0, 0, 3, 1, 0, 2, 0, 0, 0, 1, 0, 0, 0, 0, 3, 0, 1, 0, 0, 2, 1, 1, 1, 0, 0, 0, 0, 2, 1, 0, 0, 0, 1, 3, 0, 0, 1, 2, 0, 1, 0, 2, 0, 1, 0, 2, 1, 0, 0, 1, 1, 3, 1, 1, 3, 0, 1, 0, 0, 2, 0, 0, 0, 0, 1, 0, 0, 0, 1, 0, 0, 0, 2, 0, 0, 1, 1, 2, 0, 0],753.124713649358,57041.77974804236,95619.02018912909,false
10,G2_TEC,G2_TEC,[31, 22, 82, 15, 26, 9, 95, 42, 77, 68, 47, 5, 93, 78, 86, 54, 85, 63, 18, 44, 20, 49, 36, 14, 74, 50, 53, 17, 21, 45, 71, 64, 3, 23, 30, 83, 24, 41, 60, 52, 65, 27, 90, 70, 39, 87, 48, 69, 99, 4, 46, 1, 13, 58, 97, 59, 28, 8, 73, 37, 35, 79, 11, 66, 76, 57, 40, 80, 96, 6, 16, 61, 33, 98, 32, 81, 62, 67, 10, 7, 56, 88, 51, 19, 91, 38, 75, 92, 25, 84, 2, 55, 43, 29, 34, 0, 12, 94, 89, 72]|[2, 1, 2, 1, 1, 2, 1, 1, 1, 1, 1, 0, 2, 2, 1, 2, 0, 0, 0, 2, 2, 1, 0, 2, 0, 2, 2, 1, 0, 1, 1, 1, 0, 0, 1, 0, 2, 1, 2, 2, 0, 0, 1, 1, 0, 2, 0, 2, 1, 0, 0, 2, 2, 0, 2, 0, 2, 1, 0, 0, 2, 1, 0, 2, 2, 0, 2, 2, 0, 1, 2, 1, 1, 0, 0, 1, 1, 1, 1, 2, 2, 1, 1, 1, 1, 0, 0, 0, 1, 0, 2, 0, 1, 1, 1, 0, 1, 1, 1, 1]|[0, 3, 0, 2, 4, 1, 4, 4, 2, 4, 3, 2, 1, 0, 2, 1, 1, 1, 2, 1, 1, 3, 0, 1, 0, 1, 1, 4, 1, 4, 3, 2, 2, 0, 4, 1, 1, 4, 0, 1, 2, 1, 4, 4, 1, 1, 0, 2, 3, 1, 2, 1, 2, 1, 1, 2, 0, 3, 0, 2, 2, 3, 1, 0, 1, 0, 0, 1, 2, 4, 1, 3, 4, 2, 2, 4, 3, 3, 3, 1, 1, 4, 3, 4, 3, 2, 2, 2, 4, 2, 1, 2, 4, 3, 1, 2, 3, 4, 4, 4]|[0, 2, 0, 1, 3, 0, 1, 3, 0, 0, 2, 0, 1, 0, 1, 0, 0, 0, 1, 0, 0, 2, 0, 0, 1, 0, 0, 3, 0, 1, 0, 2, 0, 0, 3, 0, 1, 3, 1, 0, 0, 0, 1, 3, 0, 0, 1, 0, 2, 0, 0, 0, 0, 0, 1, 0, 0, 0, 1, 1, 0, 2, 0, 0, 0, 1, 0, 0, 0, 2, 0, 0, 1, 0, 0, 2, 0, 0, 3, 0, 0, 1, 0, 3, 0, 0, 0, 0, 3, 0, 0, 0, 2, 0, 1, 0, 0, 2, 1, 2],863.840939798981,52281.731521347596,112954.27457422629,false
10,G3_TWC,G3_TWC,[31, 22, 82, 15, 26, 9, 95, 42, 77, 12, 47, 5, 93, 78, 86, 54, 85, 63, 18, 44, 20, 35, 43, 97, 91, 76, 10, 30, 21, 45, 71, 64, 1, 23, 17, 83, 24, 14, 60, 36, 41, 57, 40, 88, 65, 56, 79, 94, 67, 68, 46, 75, 38, 58, 19, 32, 81, 6, 27, 62, 87, 90, 99, 59, 11, 16, 72, 73, 69, 39, 37, 84, 3, 92, 25, 55, 28, 29, 51, 7, 66, 61, 98, 48, 89, 50, 33, 96, 80, 8, 53, 4, 34, 2, 52, 49, 0, 70, 74, 13]|[1, 1, 0, 1, 1, 0, 1, 2, 2, 1, 2, 2, 2, 1, 1, 0, 0, 1, 0, 2, 2, 0, 1, 2, 0, 1, 2, 2, 0, 0, 1, 2, 1, 2, 1, 0, 2, 0, 1, 1, 0, 1, 1, 1, 0, 2, 1, 1, 0, 0, 0, 0, 1, 1, 2, 1, 2, 1, 0, 0, 2, 2, 0, 1, 2, 1, 2, 1, 1, 1, 0, 1, 1, 0, 1, 1, 0, 0, 0, 1, 2, 1, 2, 0, 1, 0, 2, 0, 0, 0, 0, 0, 2, 0, 1, 0, 0, 1, 2, 0]|[4, 3, 2, 2, 4, 1, 2, 2, 2, 4, 1, 1, 2, 4, 4, 1, 2, 4, 2, 1, 1, 1, 1, 2, 1, 2, 1, 1, 1, 1, 3, 2, 3, 0, 4, 0, 1, 1, 0, 3, 2, 2, 2, 0, 1, 1, 0, 4, 0, 1, 2, 2, 1, 0, 0, 3, 2, 4, 1, 2, 1, 1, 1, 1, 1, 3, 0, 4, 3, 1, 1, 1, 1, 0, 4, 4, 2, 1, 1, 1, 1, 3, 1, 1, 1, 1, 1, 1, 1, 1, 2, 2, 1, 2, 1, 1, 2, 3, 1, 2]|[0, 2, 1, 1, 3, 0, 1, 0, 0, 0, 0, 0, 1, 0, 1, 0, 0, 3, 1, 0, 0, 0, 3, 1, 0, 2, 0, 0, 0, 1, 0, 0, 0, 0, 3, 0, 1, 0, 0, 2, 1, 1, 1, 0, 0, 0, 0, 2, 1, 0, 0, 0, 1, 3, 0, 0, 1, 2, 0, 1, 0, 0, 0, 1, 0, 2, 1, 0, 0, 1, 0, 3, 1, 1, 3, 3, 1, 0, 0, 2, 0, 0, 0, 0, 1, 0, 0, 0, 0, 0, 1, 1, 0, 0, 1, 1, 0, 0, 0, 0],837.9777466151338,57662.818208457764,93307.87391605499,false
10,G1_CMAX,G4_BALANCED,[31, 22, 82, 15, 26, 58, 95, 42, 77, 12, 47, 5, 93, 78, 86, 54, 85, 63, 18, 44, 20, 35, 43, 97, 91, 76, 10, 30, 21, 45, 71, 64, 1, 23, 17, 83, 14, 60, 36, 13, 75, 46, 68, 88, 65, 56, 79, 69, 67, 40, 57, 6, 38, 9, 19, 32, 81, 48, 27, 62, 87, 90, 99, 59, 11, 16, 72, 73, 70, 39, 37, 84, 3, 92, 25, 55, 28, 29, 51, 7, 33, 61, 98, 24, 89, 50, 34, 96, 80, 66, 8, 4, 53, 2, 52, 49, 0, 94, 74, 41]|[1, 1, 0, 1, 1, 0, 1, 2, 2, 1, 2, 2, 2, 1, 1, 0, 0, 1, 0, 2, 2, 0, 1, 2, 0, 1, 2, 2, 0, 0, 2, 2, 1, 2, 0, 0, 0, 1, 1, 0, 0, 0, 0, 1, 0, 2, 1, 2, 0, 1, 0, 0, 1, 0, 2, 1, 2, 1, 0, 0, 2, 1, 0, 1, 2, 1, 2, 1, 1, 1, 1, 1, 1, 0, 1, 1, 0, 0, 0, 1, 2, 1, 0, 2, 1, 0, 2, 0, 0, 2, 1, 1, 2, 0, 1, 0, 0, 1, 2, 1]|[4, 3, 2, 2, 4, 1, 2, 2, 2, 4, 1, 1, 2, 4, 4, 1, 2, 4, 2, 1, 1, 1, 1, 2, 1, 2, 1, 1, 1, 1, 2, 2, 3, 1, 0, 0, 1, 0, 3, 2, 2, 2, 1, 0, 1, 1, 0, 2, 0, 2, 2, 2, 1, 1, 0, 3, 2, 4, 1, 2, 2, 3, 1, 1, 1, 3, 0, 4, 3, 1, 4, 1, 1, 0, 4, 4, 2, 1, 1, 1, 1, 3, 1, 1, 1, 1, 1, 1, 1, 1, 3, 4, 1, 2, 1, 1, 2, 4, 1, 4]|[0, 2, 1, 1, 3, 0, 1, 0, 0, 0, 0, 0, 1, 0, 1, 0, 0, 3, 1, 0, 0, 0, 3, 1, 0, 2, 0, 0, 0, 1, 0, 0, 0, 0, 0, 0, 0, 0, 2, 0, 0, 0, 0, 0, 0, 0, 0, 0, 1, 1, 0, 1, 1, 0, 0, 0, 1, 2, 0, 1, 0, 2, 0, 1, 0, 2, 1, 0, 0, 1, 1, 3, 1, 1, 3, 3, 1, 0, 0, 2, 0, 0, 0, 0, 1, 0, 0, 0, 0, 0, 2, 0, 0, 0, 1, 1, 0, 2, 0, 2],840.4450339985473,55869.703519954666,106267.98768764694,true
10,G4_BALANCED,G4_BALANCED,[31, 22, 82, 15, 26, 58, 95, 42, 77, 12, 47, 5, 93, 78, 86, 54, 85, 63, 18, 44, 20, 35, 43, 97, 91, 76, 10, 30, 21, 45, 71, 64, 1, 23, 17, 83, 24, 14, 60, 36, 6, 57, 40, 88, 65, 56, 79, 94, 67, 68, 46, 75, 38, 9, 19, 32, 81, 41, 27, 62, 87, 90, 99, 59, 11, 16, 72, 73, 70, 39, 37, 84, 3, 92, 25, 34, 28, 29, 51, 7, 66, 61, 98, 48, 89, 50, 33, 96, 53, 80, 55, 4, 8, 2, 0, 49, 52, 69, 74, 13]|[1, 1, 0, 1, 1, 0, 1, 2, 2, 1, 2, 2, 2, 1, 1, 0, 0, 1, 0, 2, 2, 0, 1, 2, 0, 1, 2, 2, 0, 0, 1, 2, 1, 2, 1, 0, 2, 0, 1, 1, 0, 1, 1, 1, 0, 2, 1, 1, 0, 0, 0, 0, 1, 1, 2, 1, 2, 1, 0, 0, 2, 1, 0, 1, 2, 1, 2, 1, 1, 1, 1, 1, 1, 0, 1, 2, 0, 0, 0, 1, 2, 1, 2, 0, 1, 0, 2, 2, 0, 0, 2, 1, 1, 0, 0, 0, 1, 1, 2, 0]|[4, 3, 2, 2, 4, 1, 2, 2, 2, 4, 1, 1, 2, 4, 4, 1, 2, 4, 2, 1, 1, 1, 1, 2, 1, 2, 1, 1, 1, 1, 3, 2, 3, 1, 4, 0, 1, 1, 0, 3, 2, 2, 2, 0, 1, 1, 0, 4, 0, 1, 2, 2, 1, 0, 0, 3, 2, 4, 1, 2, 1, 3, 1, 1, 1, 3, 0, 4, 3, 1, 4, 1, 1, 0, 4, 1, 2, 1, 1, 1, 1, 3, 1, 1, 1, 1, 1, 1, 2, 1, 1, 4, 3, 2, 2, 1, 1, 4, 1, 2]|[0, 2, 1, 1, 3, 0, 1, 0, 0, 0, 0, 0, 1, 0, 1, 0, 0, 3, 1, 0, 0, 0, 3, 1, 0, 2, 0, 0, 0, 1, 0, 0, 0, 0, 3, 0, 1, 0, 0, 2, 1, 1, 1, 0, 0, 0, 0, 2, 1, 0, 0, 0, 1, 3, 0, 0, 1, 2, 0, 1, 0, 2, 0, 1, 0, 2, 1, 0, 0, 1, 1, 3, 1, 1, 3, 0, 1, 0, 0, 2, 0, 0, 0, 0, 1, 0, 0, 0, 1, 0, 0, 0, 2, 0, 0, 1, 1, 2, 0, 0],753.124713649358,57041.77974804236,95619.02018912909,false
10,G2_TEC,G2_TEC,[31, 22, 82, 15, 26, 9, 95, 42, 77, 68, 47, 5, 93, 78, 86, 54, 85, 63, 18, 44, 20, 49, 36, 14, 74, 50, 53, 17, 21, 45, 71, 64, 3, 23, 30, 83, 24, 41, 60, 52, 65, 27, 90, 70, 39, 87, 48, 69, 99, 4, 46, 1, 13, 58, 97, 59, 28, 8, 73, 37, 35, 79, 11, 66, 76, 57, 40, 80, 96, 6, 16, 61, 33, 98, 32, 81, 62, 67, 10, 7, 56, 88, 51, 19, 91, 38, 75, 92, 25, 84, 2, 55, 43, 29, 34, 0, 12, 94, 89, 72]|[2, 1, 2, 1, 1, 2, 1, 1, 1, 1, 1, 0, 2, 2, 1, 2, 0, 0, 0, 2, 2, 1, 0, 2, 0, 2, 2, 1, 0, 1, 1, 1, 0, 0, 1, 0, 2, 1, 2, 2, 0, 0, 1, 1, 0, 2, 0, 2, 1, 0, 0, 2, 2, 0, 2, 0, 2, 1, 0, 0, 2, 1, 0, 2, 2, 0, 2, 2, 0, 1, 2, 1, 1, 0, 0, 1, 1, 1, 1, 2, 2, 1, 1, 1, 1, 0, 0, 0, 1, 0, 2, 0, 1, 1, 1, 0, 1, 1, 1, 1]|[0, 3, 0, 2, 4, 1, 4, 4, 2, 4, 3, 2, 1, 0, 2, 1, 1, 1, 2, 1, 1, 3, 0, 1, 0, 1, 1, 4, 1, 4, 3, 2, 2, 0, 4, 1, 1, 4, 0, 1, 2, 1, 4, 4, 1, 1, 0, 2, 3, 1, 2, 1, 2, 1, 1, 2, 0, 3, 0, 2, 2, 3, 1, 0, 1, 0, 0, 1, 2, 4, 1, 3, 4, 2, 2, 4, 3, 3, 3, 1, 1, 4, 3, 4, 3, 2, 2, 2, 4, 2, 1, 2, 4, 3, 1, 2, 3, 4, 4, 4]|[0, 2, 0, 1, 3, 0, 1, 3, 0, 0, 2, 0, 1, 0, 1, 0, 0, 0, 1, 0, 0, 2, 0, 0, 1, 0, 0, 3, 0, 1, 0, 2, 0, 0, 3, 0, 1, 3, 1, 0, 0, 0, 1, 3, 0, 0, 1, 0, 2, 0, 0, 0, 0, 0, 1, 0, 0, 0, 1, 1, 0, 2, 0, 0, 0, 1, 0, 0, 0, 2, 0, 0, 1, 0, 0, 2, 0, 0, 3, 0, 0, 1, 0, 3, 0, 0, 0, 0, 3, 0, 0, 0, 2, 0, 1, 0, 0, 2, 1, 2],863.840939798981,52281.731521347596,112954.27457422629,false
10,G3_TWC,G3_TWC,[31, 22, 82, 15, 26, 9, 95, 42, 77, 12, 47, 5, 93, 78, 86, 54, 85, 63, 18, 44, 20, 35, 43, 97, 91, 76, 10, 30, 21, 45, 71, 64, 1, 23, 17, 83, 24, 14, 60, 36, 41, 57, 40, 88, 65, 56, 79, 94, 67, 68, 46, 75, 38, 58, 19, 32, 81, 6, 27, 62, 87, 90, 99, 59, 11, 16, 72, 73, 69, 39, 37, 84, 3, 92, 25, 55, 28, 29, 51, 7, 66, 61, 98, 48, 89, 50, 33, 96, 80, 8, 53, 4, 34, 2, 52, 49, 0, 70, 74, 13]|[1, 1, 0, 1, 1, 0, 1, 2, 2, 1, 2, 2, 2, 1, 1, 0, 0, 1, 0, 2, 2, 0, 1, 2, 0, 1, 2, 2, 0, 0, 1, 2, 1, 2, 1, 0, 2, 0, 1, 1, 0, 1, 1, 1, 0, 2, 1, 1, 0, 0, 0, 0, 1, 1, 2, 1, 2, 1, 0, 0, 2, 2, 0, 1, 2, 1, 2, 1, 1, 1, 0, 1, 1, 0, 1, 1, 0, 0, 0, 1, 2, 1, 2, 0, 1, 0, 2, 0, 0, 0, 0, 0, 2, 0, 1, 0, 0, 1, 2, 0]|[4, 3, 2, 2, 4, 1, 2, 2, 2, 4, 1, 1, 2, 4, 4, 1, 2, 4, 2, 1, 1, 1, 1, 2, 1, 2, 1, 1, 1, 1, 3, 2, 3, 0, 4, 0, 1, 1, 0, 3, 2, 2, 2, 0, 1, 1, 0, 4, 0, 1, 2, 2, 1, 0, 0, 3, 2, 4, 1, 2, 1, 1, 1, 1, 1, 3, 0, 4, 3, 1, 1, 1, 1, 0, 4, 4, 2, 1, 1, 1, 1, 3, 1, 1, 1, 1, 1, 1, 1, 1, 2, 2, 1, 2, 1, 1, 2, 3, 1, 2]|[0, 2, 1, 1, 3, 0, 1, 0, 0, 0, 0, 0, 1, 0, 1, 0, 0, 3, 1, 0, 0, 0, 3, 1, 0, 2, 0, 0, 0, 1, 0, 0, 0, 0, 3, 0, 1, 0, 0, 2, 1, 1, 1, 0, 0, 0, 0, 2, 1, 0, 0, 0, 1, 3, 0, 0, 1, 2, 0, 1, 0, 0, 0, 1, 0, 2, 1, 0, 0, 1, 0, 3, 1, 1, 3, 3, 1, 0, 0, 2, 0, 0, 0, 0, 1, 0, 0, 0, 0, 0, 1, 1, 0, 0, 1, 1, 0, 0, 0, 0],837.9777466151338,57662.818208457764,93307.87391605499,false
10,G1_CMAX,G4_BALANCED,[31, 22, 82, 15, 26, 58, 95, 42, 77, 12, 47, 5, 93, 78, 86, 54, 85, 63, 18, 44, 20, 35, 43, 97, 91, 76, 10, 30, 21, 45, 71, 64, 1, 23, 17, 83, 24, 14, 60, 36, 6, 57, 40, 88, 65, 56, 79, 94, 67, 68, 46, 75, 38, 9, 19, 32, 81, 41, 27, 62, 87, 90, 99, 59, 11, 16, 72, 73, 70, 39, 37, 84, 3, 92, 25, 34, 28, 29, 51, 7, 66, 61, 98, 48, 89, 50, 33, 96, 53, 8, 80, 4, 55, 2, 52, 49, 0, 69, 74, 13]|[1, 1, 0, 1, 1, 0, 1, 2, 2, 1, 2, 2, 2, 1, 1, 0, 0, 1, 0, 2, 2, 0, 1, 2, 0, 1, 2, 2, 0, 0, 1, 2, 1, 2, 1, 0, 2, 0, 1, 1, 0, 1, 1, 1, 0, 2, 1, 1, 0, 0, 0, 0, 1, 1, 2, 1, 2, 0, 0, 0, 2, 1, 0, 1, 2, 1, 2, 1, 1, 1, 1, 1, 1, 0, 1, 2, 0, 0, 0, 1, 2, 1, 2, 0, 1, 0, 2, 2, 0, 1, 0, 1, 2, 0, 1, 0, 0, 1, 2, 0]|[4, 3, 2, 2, 4, 1, 2, 2, 2, 4, 1, 1, 2, 4, 4, 1, 2, 4, 2, 1, 1, 1, 1, 2, 1, 2, 1, 1, 1, 1, 3, 2, 3, 1, 4, 0, 1, 1, 0, 3, 2, 2, 2, 0, 1, 1, 0, 4, 0, 1, 2, 2, 1, 4, 0, 3, 2, 1, 1, 2, 1, 3, 1, 1, 1, 3, 0, 4, 3, 1, 4, 1, 1, 0, 4, 1, 2, 1, 1, 1, 1, 3, 1, 1, 1, 1, 1, 1, 2, 3, 1, 4, 1, 2, 1, 1, 2, 4, 1, 2]|[0, 2, 1, 1, 3, 0, 1, 0, 0, 0, 0, 0, 1, 0, 1, 0, 0, 3, 1, 0, 0, 0, 3, 1, 0, 2, 0, 0, 0, 1, 0, 0, 0, 0, 3, 0, 1, 0, 0, 2, 1, 1, 1, 0, 0, 0, 0, 2, 1, 0, 0, 0, 1, 3, 0, 0, 1, 0, 0, 1, 0, 2, 0, 1, 0, 2, 1, 0, 0, 1, 1, 3, 1, 1, 3, 0, 1, 0, 0, 2, 0, 0, 0, 0, 1, 0, 0, 0, 1, 2, 0, 0, 0, 0, 1, 1, 0, 2, 0, 0],748.9199420531638,56544.31022740083,94987.92819114045,true
10,G4_BALANCED,G4_BALANCED,[31, 22, 82, 15, 26, 58, 95, 42, 77, 12, 47, 5, 93, 78, 86, 54, 85, 63, 18, 44, 20, 35, 43, 97, 91, 76, 10, 30, 21, 45, 71, 64, 1, 23, 17, 83, 24, 14, 60, 36, 6, 57, 40, 88, 65, 56, 79, 94, 67, 68, 46, 75, 38, 9, 19, 32, 81, 41, 27, 62, 87, 90, 99, 59, 11, 16, 72, 73, 70, 39, 37, 84, 3, 92, 25, 34, 28, 29, 51, 7, 66, 61, 98, 48, 89, 50, 33, 96, 53, 8, 80, 4, 55, 2, 52, 49, 0, 69, 74, 13]|[1, 1, 0, 1, 1, 0, 1, 2, 2, 1, 2, 2, 2, 1, 1, 0, 0, 1, 0, 2, 2, 0, 1, 2, 0, 1, 2, 2, 0, 0, 1, 2, 1, 2, 1, 0, 2, 0, 1, 1, 0, 1, 1, 1, 0, 2, 1, 1, 0, 0, 0, 0, 1, 1, 2, 1, 2, 0, 0, 0, 2, 1, 0, 1, 2, 1, 2, 1, 1, 1, 1, 1, 1, 0, 1, 2, 0, 0, 0, 1, 2, 1, 2, 0, 1, 0, 2, 2, 0, 1, 0, 1, 2, 0, 1, 0, 0, 1, 2, 0]|[4, 3, 2, 2, 4, 1, 2, 2, 2, 4, 1, 1, 2, 4, 4, 1, 2, 4, 2, 1, 1, 1, 1, 2, 1, 2, 1, 1, 1, 1, 3, 2, 3, 1, 4, 0, 1, 1, 0, 3, 2, 2, 2, 0, 1, 1, 0, 4, 0, 1, 2, 2, 1, 4, 0, 3, 2, 1, 1, 2, 1, 3, 1, 1, 1, 3, 0, 4, 3, 1, 4, 1, 1, 0, 4, 1, 2, 1, 1, 1, 1, 3, 1, 1, 1, 1, 1, 1, 2, 3, 1, 4, 1, 2, 1, 1, 2, 4, 1, 2]|[0, 2, 1, 1, 3, 0, 1, 0, 0, 0, 0, 0, 1, 0, 1, 0, 0, 3, 1, 0, 0, 0, 3, 1, 0, 2, 0, 0, 0, 1, 0, 0, 0, 0, 3, 0, 1, 0, 0, 2, 1, 1, 1, 0, 0, 0, 0, 2, 1, 0, 0, 0, 1, 3, 0, 0, 1, 0, 0, 1, 0, 2, 0, 1, 0, 2, 1, 0, 0, 1, 1, 3, 1, 1, 3, 0, 1, 0, 0, 2, 0, 0, 0, 0, 1, 0, 0, 0, 1, 2, 0, 0, 0, 0, 1, 1, 0, 2, 0, 0],748.9199420531638,56544.31022740083,94987.92819114045,false
10,G2_TEC,G2_TEC,[31, 22, 82, 15, 26, 9, 95, 42, 77, 68, 47, 5, 93, 78, 86, 54, 85, 63, 18, 44, 20, 49, 36, 14, 74, 50, 53, 17, 21, 45, 71, 64, 3, 23, 30, 83, 24, 41, 60, 52, 65, 27, 90, 70, 39, 87, 48, 69, 99, 4, 46, 1, 13, 58, 97, 59, 28, 8, 73, 37, 35, 79, 11, 66, 76, 57, 40, 80, 96, 6, 16, 61, 33, 98, 32, 81, 62, 67, 10, 7, 56, 88, 51, 19, 91, 38, 75, 92, 25, 84, 2, 55, 43, 29, 34, 0, 12, 94, 89, 72]|[2, 1, 2, 1, 1, 2, 1, 1, 1, 1, 1, 0, 2, 2, 1, 2, 0, 0, 0, 2, 2, 1, 0, 2, 0, 2, 2, 1, 0, 1, 1, 1, 0, 0, 1, 0, 2, 1, 2, 2, 0, 0, 1, 1, 0, 2, 0, 2, 1, 0, 0, 2, 2, 0, 2, 0, 2, 1, 0, 0, 2, 1, 0, 2, 2, 0, 2, 2, 0, 1, 2, 1, 1, 0, 0, 1, 1, 1, 1, 2, 2, 1, 1, 1, 1, 0, 0, 0, 1, 0, 2, 0, 1, 1, 1, 0, 1, 1, 1, 1]|[0, 3, 0, 2, 4, 1, 4, 4, 2, 4, 3, 2, 1, 0, 2, 1, 1, 1, 2, 1, 1, 3, 0, 1, 0, 1, 1, 4, 1, 4, 3, 2, 2, 0, 4, 1, 1, 4, 0, 1, 2, 1, 4, 4, 1, 1, 0, 2, 3, 1, 2, 1, 2, 1, 1, 2, 0, 3, 0, 2, 2, 3, 1, 0, 1, 0, 0, 1, 2, 4, 1, 3, 4, 2, 2, 4, 3, 3, 3, 1, 1, 4, 3, 4, 3, 2, 2, 2, 4, 2, 1, 2, 4, 3, 1, 2, 3, 4, 4, 4]|[0, 2, 0, 1, 3, 0, 1, 3, 0, 0, 2, 0, 1, 0, 1, 0, 0, 0, 1, 0, 0, 2, 0, 0, 1, 0, 0, 3, 0, 1, 0, 2, 0, 0, 3, 0, 1, 3, 1, 0, 0, 0, 1, 3, 0, 0, 1, 0, 2, 0, 0, 0, 0, 0, 1, 0, 0, 0, 1, 1, 0, 2, 0, 0, 0, 1, 0, 0, 0, 2, 0, 0, 1, 0, 0, 2, 0, 0, 3, 0, 0, 1, 0, 3, 0, 0, 0, 0, 3, 0, 0, 0, 2, 0, 1, 0, 0, 2, 1, 2],863.840939798981,52281.731521347596,112954.27457422629,false
10,G3_TWC,G3_TWC,[31, 22, 82, 15, 26, 9, 95, 42, 77, 12, 47, 5, 93, 78, 86, 54, 85, 63, 18, 44, 20, 35, 43, 97, 91, 76, 10, 30, 21, 45, 71, 64, 1, 23, 17, 83, 24, 14, 60, 36, 41, 57, 40, 88, 65, 56, 79, 94, 67, 68, 46, 75, 38, 58, 19, 32, 81, 6, 27, 62, 87, 90, 99, 59, 11, 16, 72, 73, 69, 39, 37, 84, 3, 92, 25, 55, 28, 29, 51, 7, 66, 61, 98, 48, 89, 50, 33, 96, 80, 8, 53, 4, 34, 2, 52, 49, 0, 70, 74, 13]|[1, 1, 0, 1, 1, 0, 1, 2, 2, 1, 2, 2, 2, 1, 1, 0, 0, 1, 0, 2, 2, 0, 1, 2, 0, 1, 2, 2, 0, 0, 1, 2, 1, 2, 1, 0, 2, 0, 1, 1, 0, 1, 1, 1, 0, 2, 1, 1, 0, 0, 0, 0, 1, 1, 2, 1, 2, 1, 0, 0, 2, 2, 0, 1, 2, 1, 2, 1, 1, 1, 0, 1, 1, 0, 1, 1, 0, 0, 0, 1, 2, 1, 2, 0, 1, 0, 2, 0, 0, 0, 0, 0, 2, 0, 1, 0, 0, 1, 2, 0]|[4, 3, 2, 2, 4, 1, 2, 2, 2, 4, 1, 1, 2, 4, 4, 1, 2, 4, 2, 1, 1, 1, 1, 2, 1, 2, 1, 1, 1, 1, 3, 2, 3, 0, 4, 0, 1, 1, 0, 3, 2, 2, 2, 0, 1, 1, 0, 4, 0, 1, 2, 2, 1, 0, 0, 3, 2, 4, 1, 2, 1, 1, 1, 1, 1, 3, 0, 4, 3, 1, 1, 1, 1, 0, 4, 4, 2, 1, 1, 1, 1, 3, 1, 1, 1, 1, 1, 1, 1, 1, 2, 2, 1, 2, 1, 1, 2, 3, 1, 2]|[0, 2, 1, 1, 3, 0, 1, 0, 0, 0, 0, 0, 1, 0, 1, 0, 0, 3, 1, 0, 0, 0, 3, 1, 0, 2, 0, 0, 0, 1, 0, 0, 0, 0, 3, 0, 1, 0, 0, 2, 1, 1, 1, 0, 0, 0, 0, 2, 1, 0, 0, 0, 1, 3, 0, 0, 1, 2, 0, 1, 0, 0, 0, 1, 0, 2, 1, 0, 0, 1, 0, 3, 1, 1, 3, 3, 1, 0, 0, 2, 0, 0, 0, 0, 1, 0, 0, 0, 0, 0, 1, 1, 0, 0, 1, 1, 0, 0, 0, 0],837.9777466151338,57662.818208457764,93307.87391605499,false
10,G1_CMAX,G2_TEC,[31, 22, 82, 15, 26, 9, 95, 42, 77, 68, 47, 5, 93, 78, 86, 54, 85, 63, 18, 44, 20, 49, 36, 14, 74, 50, 53, 17, 21, 45, 71, 64, 3, 23, 30, 83, 24, 41, 60, 52, 65, 27, 90, 70, 39, 87, 48, 69, 99, 4, 46, 1, 38, 58, 97, 59, 28, 8, 73, 37, 35, 79, 11, 66, 76, 57, 40, 80, 96, 6, 16, 61, 33, 98, 32, 81, 62, 67, 10, 7, 56, 88, 51, 19, 91, 13, 75, 92, 25, 84, 2, 55, 12, 43, 34, 0, 29, 94, 89, 72]|[2, 1, 2, 1, 1, 2, 1, 1, 1, 1, 1, 0, 2, 2, 1, 2, 0, 0, 0, 2, 2, 1, 0, 2, 0, 2, 2, 1, 0, 1, 1, 1, 0, 0, 1, 0, 2, 1, 2, 2, 0, 0, 1, 1, 0, 2, 0, 2, 1, 0, 0, 2, 2, 0, 2, 0, 2, 1, 0, 0, 2, 1, 0, 2, 2, 0, 2, 2, 0, 1, 2, 1, 1, 0, 0, 1, 1, 1, 1, 2, 2, 1, 1, 1, 1, 0, 0, 0, 1, 0, 2, 0, 1, 1, 1, 0, 1, 1, 1, 1]|[0, 3, 0, 2, 4, 1, 4, 4, 2, 4, 3, 2, 1, 0, 2, 1, 1, 1, 2, 1, 1, 3, 0, 1, 0, 1, 1, 4, 1, 4, 3, 2, 2, 0, 4, 1, 1, 4, 0, 1, 2, 1, 4, 4, 1, 1, 0, 2, 3, 1, 2, 1, 2, 1, 1, 2, 0, 3, 0, 2, 2, 3, 1, 0, 1, 0, 0, 1, 2, 4, 1, 3, 4, 2, 2, 4, 3, 3, 3, 1, 0, 4, 3, 4, 3, 2, 2, 2, 4, 2, 1, 2, 3, 4, 1, 2, 3, 4, 4, 4]|[0, 2, 0, 1, 3, 0, 1, 3, 0, 0, 2, 0, 1, 0, 1, 0, 0, 0, 1, 0, 0, 2, 0, 0, 1, 0, 0, 3, 0, 1, 0, 2, 0, 0, 3, 0, 1, 3, 1, 0, 0, 0, 1, 3, 0, 0, 1, 0, 2, 0, 0, 0, 0, 0, 1, 0, 0, 0, 1, 1, 0, 2, 0, 0, 0, 1, 0, 0, 0, 2, 0, 0, 1, 0, 0, 2, 0, 0, 3, 0, 0, 1, 0, 3, 0, 0, 0, 0, 3, 0, 0, 0, 0, 2, 1, 0, 0, 2, 1, 2],858.3706844781234,52470.247045981996,114247.9700377184,true
10,G4_BALANCED,G1_CMAX,[31, 22, 82, 15, 26, 58, 95, 42, 77, 12, 47, 5, 93, 78, 86, 54, 85, 63, 18, 44, 20, 35, 43, 97, 91, 76, 10, 30, 21, 45, 71, 64, 1, 23, 17, 83, 24, 14, 60, 36, 6, 57, 40, 88, 65, 56, 79, 94, 67, 68, 46, 75, 38, 9, 19, 32, 81, 48, 27, 62, 87, 90, 99, 59, 11, 16, 72, 73, 70, 39, 37, 84, 3, 92, 25, 55, 28, 29, 51, 7, 66, 61, 98, 41, 89, 50, 33, 96, 53, 8, 80, 4, 34, 2, 52, 49, 0, 69, 74, 13]|[1, 1, 0, 1, 1, 0, 1, 2, 2, 1, 2, 2, 2, 1, 1, 0, 0, 1, 0, 2, 2, 0, 1, 2, 0, 1, 2, 2, 0, 0, 1, 2, 1, 2, 1, 0, 2, 0, 1, 1, 0, 1, 1, 1, 0, 2, 1, 1, 0, 0, 0, 0, 1, 1, 2, 1, 2, 0, 0, 0, 2, 1, 0, 1, 2, 1, 2, 1, 1, 1, 1, 1, 1, 0, 1, 2, 0, 0, 0, 1, 2, 1, 2, 0, 1, 0, 2, 2, 0, 1, 0, 1, 2, 0, 1, 0, 0, 1, 2, 0]|[4, 3, 2, 2, 4, 1, 2, 2, 2, 4, 1, 1, 2, 4, 4, 1, 2, 4, 2, 1, 1, 1, 1, 2, 1, 2, 1, 1, 1, 1, 3, 2, 3, 1, 4, 0, 1, 1, 0, 3, 2, 2, 2, 0, 1, 1, 0, 4, 0, 1, 2, 2, 1, 4, 0, 3, 2, 1, 1, 2, 1, 3, 1, 1, 1, 3, 0, 4, 3, 1, 4, 1, 1, 0, 4, 1, 2, 1, 1, 1, 1, 3, 1, 1, 1, 1, 1, 1, 2, 3, 1, 4, 1, 2, 1, 1, 2, 4, 1, 2]|[0, 2, 1, 1, 3, 0, 1, 0, 0, 0, 0, 0, 1, 0, 1, 0, 0, 3, 1, 0, 0, 0, 3, 1, 0, 2, 0, 0, 0, 1, 0, 0, 0, 0, 3, 0, 1, 0, 0, 2, 1, 1, 1, 0, 0, 0, 0, 2, 1, 0, 0, 0, 1, 3, 0, 0, 1, 0, 0, 1, 0, 2, 0, 1, 0, 2, 1, 0, 0, 1, 1, 3, 1, 1, 3, 0, 1, 0, 0, 2, 0, 0, 0, 0, 1, 0, 0, 0, 1, 2, 0, 0, 0, 0, 1, 1, 0, 2, 0, 0],756.8020016894884,56512.01167844773,95196.91572924635,true
10,G2_TEC,G2_TEC,[31, 22, 82, 15, 26, 9, 95, 42, 77, 68, 47, 5, 93, 78, 86, 54, 85, 63, 18, 44, 20, 49, 36, 14, 74, 50, 53, 17, 21, 45, 71, 64, 3, 23, 30, 83, 24, 41, 60, 52, 65, 27, 90, 70, 39, 87, 48, 69, 99, 4, 46, 1, 13, 58, 97, 59, 28, 8, 73, 37, 35, 79, 11, 66, 76, 57, 40, 80, 96, 6, 16, 61, 33, 98, 32, 81, 62, 67, 10, 7, 56, 88, 51, 19, 91, 38, 75, 92, 25, 84, 2, 55, 43, 29, 34, 0, 12, 94, 89, 72]|[2, 1, 2, 1, 1, 2, 1, 1, 1, 1, 1, 0, 2, 2, 1, 2, 0, 0, 0, 2, 2, 1, 0, 2, 0, 2, 2, 1, 0, 1, 1, 1, 0, 0, 1, 0, 2, 1, 2, 2, 0, 0, 1, 1, 0, 2, 0, 2, 1, 0, 0, 2, 2, 0, 2, 0, 2, 1, 0, 0, 2, 1, 0, 2, 2, 0, 2, 2, 0, 1, 2, 1, 1, 0, 0, 1, 1, 1, 1, 2, 2, 1, 1, 1, 1, 0, 0, 0, 1, 0, 2, 0, 1, 1, 1, 0, 1, 1, 1, 1]|[0, 3, 0, 2, 4, 1, 4, 4, 2, 4, 3, 2, 1, 0, 2, 1, 1, 1, 2, 1, 1, 3, 0, 1, 0, 1, 1, 4, 1, 4, 3, 2, 2, 0, 4, 1, 1, 4, 0, 1, 2, 1, 4, 4, 1, 1, 0, 2, 3, 1, 2, 1, 2, 1, 1, 2, 0, 3, 0, 2, 2, 3, 1, 0, 1, 0, 0, 1, 2, 4, 1, 3, 4, 2, 2, 4, 3, 3, 3, 1, 1, 4, 3, 4, 3, 2, 2, 2, 4, 2, 1, 2, 4, 3, 1, 2, 3, 4, 4, 4]|[0, 2, 0, 1, 3, 0, 1, 3, 0, 0, 2, 0, 1, 0, 1, 0, 0, 0, 1, 0, 0, 2, 0, 0, 1, 0, 0, 3, 0, 1, 0, 2, 0, 0, 3, 0, 1, 3, 1, 0, 0, 0, 1, 3, 0, 0, 1, 0, 2, 0, 0, 0, 0, 0, 1, 0, 0, 0, 1, 1, 0, 2, 0, 0, 0, 1, 0, 0, 0, 2, 0, 0, 1, 0, 0, 2, 0, 0, 3, 0, 0, 1, 0, 3, 0, 0, 0, 0, 3, 0, 0, 0, 2, 0, 1, 0, 0, 2, 1, 2],863.840939798981,52281.731521347596,112954.27457422629,false
10,G3_TWC,G3_TWC,[31, 22, 82, 15, 26, 9, 95, 42, 77, 12, 47, 5, 93, 78, 86, 54, 85, 63, 18, 44, 20, 35, 43, 97, 91, 76, 10, 30, 21, 45, 71, 64, 1, 23, 17, 83, 24, 14, 60, 36, 41, 57, 40, 88, 65, 56, 79, 94, 67, 68, 46, 75, 38, 58, 19, 32, 81, 6, 27, 62, 87, 90, 99, 59, 11, 16, 72, 73, 69, 39, 37, 84, 3, 92, 25, 55, 28, 29, 51, 7, 66, 61, 98, 48, 89, 50, 33, 96, 80, 8, 53, 4, 34, 2, 52, 49, 0, 70, 74, 13]|[1, 1, 0, 1, 1, 0, 1, 2, 2, 1, 2, 2, 2, 1, 1, 0, 0, 1, 0, 2, 2, 0, 1, 2, 0, 1, 2, 2, 0, 0, 1, 2, 1, 2, 1, 0, 2, 0, 1, 1, 0, 1, 1, 1, 0, 2, 1, 1, 0, 0, 0, 0, 1, 1, 2, 1, 2, 1, 0, 0, 2, 2, 0, 1, 2, 1, 2, 1, 1, 1, 0, 1, 1, 0, 1, 1, 0, 0, 0, 1, 2, 1, 2, 0, 1, 0, 2, 0, 0, 0, 0, 0, 2, 0, 1, 0, 0, 1, 2, 0]|[4, 3, 2, 2, 4, 1, 2, 2, 2, 4, 1, 1, 2, 4, 4, 1, 2, 4, 2, 1, 1, 1, 1, 2, 1, 2, 1, 1, 1, 1, 3, 2, 3, 0, 4, 0, 1, 1, 0, 3, 2, 2, 2, 0, 1, 1, 0, 4, 0, 1, 2, 2, 1, 0, 0, 3, 2, 4, 1, 2, 1, 1, 1, 1, 1, 3, 0, 4, 3, 1, 1, 1, 1, 0, 4, 4, 2, 1, 1, 1, 1, 3, 1, 1, 1, 1, 1, 1, 1, 1, 2, 2, 1, 2, 1, 1, 2, 3, 1, 2]|[0, 2, 1, 1, 3, 0, 1, 0, 0, 0, 0, 0, 1, 0, 1, 0, 0, 3, 1, 0, 0, 0, 3, 1, 0, 2, 0, 0, 0, 1, 0, 0, 0, 0, 3, 0, 1, 0, 0, 2, 1, 1, 1, 0, 0, 0, 0, 2, 1, 0, 0, 0, 1, 3, 0, 0, 1, 2, 0, 1, 0, 0, 0, 1, 0, 2, 1, 0, 0, 1, 0, 3, 1, 1, 3, 3, 1, 0, 0, 2, 0, 0, 0, 0, 1, 0, 0, 0, 0, 0, 1, 1, 0, 0, 1, 1, 0, 0, 0, 0],837.9777466151338,57662.818208457764,93307.87391605499,false
10,G1_CMAX,G2_TEC,[31, 22, 82, 15, 26, 9, 95, 42, 77, 68, 47, 5, 93, 78, 86, 54, 85, 63, 18, 44, 20, 49, 36, 14, 74, 50, 53, 17, 21, 45, 71, 64, 3, 23, 30, 83, 24, 41, 60, 52, 65, 27, 90, 70, 39, 87, 48, 69, 99, 4, 46, 1, 38, 58, 97, 59, 28, 8, 73, 37, 35, 79, 11, 66, 76, 57, 40, 80, 96, 6, 16, 61, 33, 98, 32, 81, 62, 67, 10, 7, 56, 88, 51, 19, 91, 13, 75, 92, 25, 84, 2, 55, 12, 43, 34, 0, 29, 94, 89, 72]|[2, 1, 2, 1, 1, 2, 1, 1, 1, 1, 1, 0, 2, 2, 1, 2, 0, 0, 0, 2, 2, 1, 0, 2, 0, 2, 2, 1, 0, 1, 1, 1, 0, 0, 1, 0, 2, 1, 2, 2, 0, 0, 1, 1, 0, 2, 0, 2, 1, 0, 0, 2, 2, 0, 2, 0, 2, 1, 0, 0, 2, 1, 0, 2, 2, 0, 2, 2, 0, 1, 2, 1, 1, 0, 0, 1, 1, 1, 1, 2, 2, 1, 1, 1, 1, 0, 0, 0, 1, 0, 2, 0, 1, 1, 1, 0, 1, 1, 1, 1]|[0, 3, 0, 2, 4, 1, 4, 4, 2, 4, 3, 2, 1, 0, 2, 1, 1, 1, 2, 1, 1, 3, 0, 1, 0, 1, 1, 4, 1, 4, 3, 2, 2, 0, 4, 1, 1, 4, 0, 1, 2, 1, 4, 4, 1, 1, 0, 2, 3, 1, 2, 1, 2, 1, 1, 2, 0, 3, 0, 2, 2, 3, 1, 0, 1, 0, 0, 1, 2, 4, 1, 3, 4, 2, 2, 4, 3, 3, 3, 1, 0, 4, 3, 4, 3, 2, 2, 2, 4, 2, 1, 2, 3, 4, 1, 2, 3, 4, 4, 4]|[0, 2, 0, 1, 3, 0, 1, 3, 0, 0, 2, 0, 1, 0, 1, 0, 0, 0, 1, 0, 0, 2, 0, 0, 1, 0, 0, 3, 0, 1, 0, 2, 0, 0, 3, 0, 1, 3, 1, 0, 0, 0, 1, 3, 0, 0, 1, 0, 2, 0, 0, 0, 0, 0, 1, 0, 0, 0, 1, 1, 0, 2, 0, 0, 0, 1, 0, 0, 0, 2, 0, 0, 1, 0, 0, 2, 0, 0, 3, 0, 0, 1, 0, 3, 0, 0, 0, 0, 3, 0, 0, 0, 0, 2, 1, 0, 0, 2, 1, 2],858.3706844781234,52470.247045981996,114247.9700377184,true
10,G4_BALANCED,G1_CMAX,[31, 22, 82, 15, 26, 58, 95, 42, 77, 12, 47, 5, 93, 78, 86, 54, 85, 63, 18, 44, 20, 35, 43, 97, 91, 76, 10, 30, 21, 45, 71, 64, 1, 23, 17, 83, 24, 14, 60, 36, 6, 57, 40, 88, 65, 56, 79, 94, 67, 68, 46, 75, 38, 9, 19, 32, 81, 48, 27, 62, 87, 90, 99, 59, 11, 16, 72, 73, 70, 39, 37, 84, 3, 92, 25, 55, 28, 29, 51, 7, 66, 61, 98, 41, 89, 50, 33, 96, 53, 8, 80, 4, 34, 2, 52, 49, 0, 69, 74, 13]|[1, 1, 0, 1, 1, 0, 1, 2, 2, 1, 2, 2, 2, 1, 1, 0, 0, 1, 0, 2, 2, 0, 1, 2, 0, 1, 2, 2, 0, 0, 1, 2, 1, 2, 1, 0, 2, 0, 1, 1, 0, 1, 1, 1, 0, 2, 1, 1, 0, 0, 0, 0, 1, 1, 2, 1, 2, 0, 0, 0, 2, 1, 0, 1, 2, 1, 2, 1, 1, 1, 1, 1, 1, 0, 1, 2, 0, 0, 0, 1, 2, 1, 2, 0, 1, 0, 2, 2, 0, 1, 0, 1, 2, 0, 1, 0, 0, 1, 2, 0]|[4, 3, 2, 2, 4, 1, 2, 2, 2, 4, 1, 1, 2, 4, 4, 1, 2, 4, 2, 1, 1, 1, 1, 2, 1, 2, 1, 1, 1, 1, 3, 2, 3, 1, 4, 0, 1, 1, 0, 3, 2, 2, 2, 0, 1, 1, 0, 4, 0, 1, 2, 2, 1, 4, 0, 3, 2, 1, 1, 2, 1, 3, 1, 1, 1, 3, 0, 4, 3, 1, 4, 1, 1, 0, 4, 1, 2, 1, 1, 1, 1, 3, 1, 1, 1, 1, 1, 1, 2, 3, 1, 4, 1, 2, 1, 1, 2, 4, 1, 2]|[0, 2, 1, 1, 3, 0, 1, 0, 0, 0, 0, 0, 1, 0, 1, 0, 0, 3, 1, 0, 0, 0, 3, 1, 0, 2, 0, 0, 0, 1, 0, 0, 0, 0, 3, 0, 1, 0, 0, 2, 1, 1, 1, 0, 0, 0, 0, 2, 1, 0, 0, 0, 1, 3, 0, 0, 1, 0, 0, 1, 0, 2, 0, 1, 0, 2, 1, 0, 0, 1, 1, 3, 1, 1, 3, 0, 1, 0, 0, 2, 0, 0, 0, 0, 1, 0, 0, 0, 1, 2, 0, 0, 0, 0, 1, 1, 0, 2, 0, 0],756.8020016894884,56512.01167844773,95196.91572924635,true
10,G2_TEC,G2_TEC,[31, 22, 82, 15, 26, 9, 95, 42, 77, 68, 47, 5, 93, 78, 86, 54, 85, 63, 18, 44, 20, 49, 36, 14, 74, 50, 53, 17, 21, 45, 71, 64, 3, 23, 30, 83, 24, 41, 60, 52, 65, 27, 90, 70, 39, 87, 48, 69, 99, 4, 46, 1, 13, 58, 97, 59, 28, 8, 73, 37, 35, 79, 11, 66, 76, 57, 40, 80, 96, 6, 16, 61, 33, 98, 32, 81, 62, 67, 10, 7, 56, 88, 51, 19, 91, 38, 75, 92, 25, 84, 2, 55, 43, 29, 34, 0, 12, 94, 89, 72]|[2, 1, 2, 1, 1, 2, 1, 1, 1, 1, 1, 0, 2, 2, 1, 2, 0, 0, 0, 2, 2, 1, 0, 2, 0, 2, 2, 1, 0, 1, 1, 1, 0, 0, 1, 0, 2, 1, 2, 2, 0, 0, 1, 1, 0, 2, 0, 2, 1, 0, 0, 2, 2, 0, 2, 0, 2, 1, 0, 0, 2, 1, 0, 2, 2, 0, 2, 2, 0, 1, 2, 1, 1, 0, 0, 1, 1, 1, 1, 2, 2, 1, 1, 1, 1, 0, 0, 0, 1, 0, 2, 0, 1, 1, 1, 0, 1, 1, 1, 1]|[0, 3, 0, 2, 4, 1, 4, 4, 2, 4, 3, 2, 1, 0, 2, 1, 1, 1, 2, 1, 1, 3, 0, 1, 0, 1, 1, 4, 1, 4, 3, 2, 2, 0, 4, 1, 1, 4, 0, 1, 2, 1, 4, 4, 1, 1, 0, 2, 3, 1, 2, 1, 2, 1, 1, 2, 0, 3, 0, 2, 2, 3, 1, 0, 1, 0, 0, 1, 2, 4, 1, 3, 4, 2, 2, 4, 3, 3, 3, 1, 1, 4, 3, 4, 3, 2, 2, 2, 4, 2, 1, 2, 4, 3, 1, 2, 3, 4, 4, 4]|[0, 2, 0, 1, 3, 0, 1, 3, 0, 0, 2, 0, 1, 0, 1, 0, 0, 0, 1, 0, 0, 2, 0, 0, 1, 0, 0, 3, 0, 1, 0, 2, 0, 0, 3, 0, 1, 3, 1, 0, 0, 0, 1, 3, 0, 0, 1, 0, 2, 0, 0, 0, 0, 0, 1, 0, 0, 0, 1, 1, 0, 2, 0, 0, 0, 1, 0, 0, 0, 2, 0, 0, 1, 0, 0, 2, 0, 0, 3, 0, 0, 1, 0, 3, 0, 0, 0, 0, 3, 0, 0, 0, 2, 0, 1, 0, 0, 2, 1, 2],863.840939798981,52281.731521347596,112954.27457422629,false
10,G3_TWC,G3_TWC,[31, 22, 82, 15, 26, 9, 95, 42, 77, 12, 47, 5, 93, 78, 86, 54, 85, 63, 18, 44, 20, 35, 43, 97, 91, 76, 10, 30, 21, 45, 71, 64, 1, 23, 17, 83, 24, 14, 60, 36, 41, 57, 40, 88, 65, 56, 79, 94, 67, 68, 46, 75, 38, 58, 19, 32, 81, 6, 27, 62, 87, 90, 99, 59, 11, 16, 72, 73, 69, 39, 37, 84, 3, 92, 25, 55, 28, 29, 51, 7, 66, 61, 98, 48, 89, 50, 33, 96, 80, 8, 53, 4, 34, 2, 52, 49, 0, 70, 74, 13]|[1, 1, 0, 1, 1, 0, 1, 2, 2, 1, 2, 2, 2, 1, 1, 0, 0, 1, 0, 2, 2, 0, 1, 2, 0, 1, 2, 2, 0, 0, 1, 2, 1, 2, 1, 0, 2, 0, 1, 1, 0, 1, 1, 1, 0, 2, 1, 1, 0, 0, 0, 0, 1, 1, 2, 1, 2, 1, 0, 0, 2, 2, 0, 1, 2, 1, 2, 1, 1, 1, 0, 1, 1, 0, 1, 1, 0, 0, 0, 1, 2, 1, 2, 0, 1, 0, 2, 0, 0, 0, 0, 0, 2, 0, 1, 0, 0, 1, 2, 0]|[4, 3, 2, 2, 4, 1, 2, 2, 2, 4, 1, 1, 2, 4, 4, 1, 2, 4, 2, 1, 1, 1, 1, 2, 1, 2, 1, 1, 1, 1, 3, 2, 3, 0, 4, 0, 1, 1, 0, 3, 2, 2, 2, 0, 1, 1, 0, 4, 0, 1, 2, 2, 1, 0, 0, 3, 2, 4, 1, 2, 1, 1, 1, 1, 1, 3, 0, 4, 3, 1, 1, 1, 1, 0, 4, 4, 2, 1, 1, 1, 1, 3, 1, 1, 1, 1, 1, 1, 1, 1, 2, 2, 1, 2, 1, 1, 2, 3, 1, 2]|[0, 2, 1, 1, 3, 0, 1, 0, 0, 0, 0, 0, 1, 0, 1, 0, 0, 3, 1, 0, 0, 0, 3, 1, 0, 2, 0, 0, 0, 1, 0, 0, 0, 0, 3, 0, 1, 0, 0, 2, 1, 1, 1, 0, 0, 0, 0, 2, 1, 0, 0, 0, 1, 3, 0, 0, 1, 2, 0, 1, 0, 0, 0, 1, 0, 2, 1, 0, 0, 1, 0, 3, 1, 1, 3, 3, 1, 0, 0, 2, 0, 0, 0, 0, 1, 0, 0, 0, 0, 0, 1, 1, 0, 0, 1, 1, 0, 0, 0, 0],837.9777466151338,57662.818208457764,93307.87391605499,false
10,G1_CMAX,G1_CMAX,[31, 22, 82, 15, 26, 9, 95, 42, 77, 12, 47, 5, 93, 78, 86, 54, 6, 63, 18, 44, 20, 35, 43, 97, 91, 76, 10, 30, 21, 45, 64, 1, 23, 17, 83, 24, 14, 60, 36, 13, 75, 46, 68, 67, 69, 79, 56, 65, 88, 40, 57, 85, 58, 19, 32, 81, 48, 27, 62, 87, 90, 99, 59, 11, 16, 72, 73, 71, 70, 39, 37, 84, 3, 98, 29, 28, 55, 25, 92, 7, 33, 61, 53, 41, 89, 50, 8, 96, 51, 80, 34, 4, 66, 2, 52, 49, 0, 94, 74, 38]|[1, 1, 0, 1, 1, 0, 1, 2, 2, 1, 2, 2, 2, 1, 1, 0, 0, 1, 0, 2, 2, 0, 1, 2, 0, 1, 2, 2, 0, 0, 2, 1, 2, 1, 0, 2, 2, 1, 1, 0, 0, 0, 0, 0, 2, 1, 2, 0, 1, 1, 1, 0, 1, 2, 1, 2, 1, 0, 0, 2, 1, 0, 1, 2, 1, 2, 1, 1, 1, 1, 1, 1, 1, 0, 0, 0, 1, 1, 0, 1, 0, 1, 0, 1, 1, 0, 1, 0, 0, 0, 2, 1, 2, 0, 1, 0, 0, 2, 2, 1]|[0, 3, 2, 2, 4, 1, 2, 2, 2, 4, 1, 1, 2, 4, 4, 1, 2, 4, 2, 1, 1, 1, 1, 2, 1, 2, 1, 1, 1, 1, 2, 3, 0, 4, 0, 1, 2, 0, 3, 2, 2, 2, 1, 0, 2, 0, 1, 1, 0, 2, 2, 2, 0, 0, 3, 2, 4, 1, 2, 2, 3, 1, 1, 1, 3, 0, 4, 3, 3, 1, 4, 1, 1, 1, 1, 2, 4, 4, 0, 1, 2, 3, 2, 4, 1, 1, 3, 1, 1, 1, 1, 4, 1, 2, 1, 1, 2, 2, 1, 1]|[0, 2, 1, 1, 3, 0, 1, 0, 0, 0, 0, 0, 1, 0, 1, 0, 1, 3, 1, 0, 0, 0, 3, 1, 0, 2, 0, 0, 0, 1, 0, 0, 0, 3, 0, 1, 1, 0, 2, 0, 0, 0, 0, 1, 0, 0, 0, 0, 0, 1, 1, 0, 3, 0, 0, 1, 2, 0, 1, 0, 2, 0, 1, 0, 2, 1, 0, 0, 0, 1, 1, 3, 1, 0, 0, 1, 3, 3, 1, 2, 1, 0, 1, 3, 1, 0, 2, 0, 0, 0, 0, 0, 0, 0, 1, 1, 0, 0, 0, 1],740.6648699319737,58345.503832923176,99227.13002615936,false
10,G4_BALANCED,G1_CMAX,[31, 22, 82, 15, 26, 58, 95, 42, 77, 12, 47, 5, 93, 78, 86, 54, 85, 63, 18, 44, 20, 35, 43, 97, 91, 76, 10, 30, 21, 45, 71, 64, 1, 23, 17, 83, 24, 14, 60, 36, 6, 57, 40, 88, 65, 56, 79, 94, 67, 68, 46, 75, 38, 9, 19, 32, 81, 48, 27, 62, 87, 90, 99, 59, 11, 16, 72, 73, 70, 39, 37, 84, 3, 92, 25, 55, 28, 29, 51, 7, 66, 61, 98, 41, 89, 50, 33, 96, 53, 8, 80, 4, 34, 2, 52, 49, 0, 69, 74, 13]|[1, 1, 0, 1, 1, 0, 1, 2, 2, 1, 2, 2, 2, 1, 1, 0, 0, 1, 0, 2, 2, 0, 1, 2, 0, 1, 2, 2, 0, 0, 1, 2, 1, 2, 1, 0, 2, 0, 1, 1, 0, 1, 1, 1, 0, 2, 1, 1, 0, 0, 0, 0, 1, 1, 2, 1, 2, 0, 0, 0, 2, 1, 0, 1, 2, 1, 2, 1, 1, 1, 1, 1, 1, 0, 1, 2, 0, 0, 0, 1, 2, 1, 2, 0, 1, 0, 2, 2, 0, 1, 0, 1, 2, 0, 1, 0, 0, 1, 2, 0]|[4, 3, 2, 2, 4, 1, 2, 2, 2, 4, 1, 1, 2, 4, 4, 1, 2, 4, 2, 1, 1, 1, 1, 2, 1, 2, 1, 1, 1, 1, 3, 2, 3, 1, 4, 0, 1, 1, 0, 3, 2, 2, 2, 0, 1, 1, 0, 4, 0, 1, 2, 2, 1, 4, 0, 3, 2, 1, 1, 2, 1, 3, 1, 1, 1, 3, 0, 4, 3, 1, 4, 1, 1, 0, 4, 1, 2, 1, 1, 1, 1, 3, 1, 1, 1, 1, 1, 1, 2, 3, 1, 4, 1, 2, 1, 1, 2, 4, 1, 2]|[0, 2, 1, 1, 3, 0, 1, 0, 0, 0, 0, 0, 1, 0, 1, 0, 0, 3, 1, 0, 0, 0, 3, 1, 0, 2, 0, 0, 0, 1, 0, 0, 0, 0, 3, 0, 1, 0, 0, 2, 1, 1, 1, 0, 0, 0, 0, 2, 1, 0, 0, 0, 1, 3, 0, 0, 1, 0, 0, 1, 0, 2, 0, 1, 0, 2, 1, 0, 0, 1, 1, 3, 1, 1, 3, 0, 1, 0, 0, 2, 0, 0, 0, 0, 1, 0, 0, 0, 1, 2, 0, 0, 0, 0, 1, 1, 0, 2, 0, 0],756.8020016894884,56512.01167844773,95196.91572924635,true
10,G2_TEC,G2_TEC,[31, 22, 82, 15, 26, 9, 95, 42, 77, 68, 47, 5, 93, 78, 86, 54, 85, 63, 18, 44, 20, 49, 36, 14, 74, 50, 53, 17, 21, 45, 71, 64, 3, 23, 30, 83, 24, 41, 60, 52, 65, 27, 90, 70, 39, 87, 48, 69, 99, 4, 46, 1, 13, 58, 97, 59, 28, 8, 73, 37, 35, 79, 11, 66, 76, 57, 40, 80, 96, 6, 16, 61, 33, 98, 32, 81, 62, 67, 10, 7, 56, 88, 51, 19, 91, 38, 75, 92, 25, 84, 2, 55, 43, 29, 34, 0, 12, 94, 89, 72]|[2, 1, 2, 1, 1, 2, 1, 1, 1, 1, 1, 0, 2, 2, 1, 2, 0, 0, 0, 2, 2, 1, 0, 2, 0, 2, 2, 1, 0, 1, 1, 1, 0, 0, 1, 0, 2, 1, 2, 2, 0, 0, 1, 1, 0, 2, 0, 2, 1, 0, 0, 2, 2, 0, 2, 0, 2, 1, 0, 0, 2, 1, 0, 2, 2, 0, 2, 2, 0, 1, 2, 1, 1, 0, 0, 1, 1, 1, 1, 2, 2, 1, 1, 1, 1, 0, 0, 0, 1, 0, 2, 0, 1, 1, 1, 0, 1, 1, 1, 1]|[0, 3, 0, 2, 4, 1, 4, 4, 2, 4, 3, 2, 1, 0, 2, 1, 1, 1, 2, 1, 1, 3, 0, 1, 0, 1, 1, 4, 1, 4, 3, 2, 2, 0, 4, 1, 1, 4, 0, 1, 2, 1, 4, 4, 1, 1, 0, 2, 3, 1, 2, 1, 2, 1, 1, 2, 0, 3, 0, 2, 2, 3, 1, 0, 1, 0, 0, 1, 2, 4, 1, 3, 4, 2, 2, 4, 3, 3, 3, 1, 1, 4, 3, 4, 3, 2, 2, 2, 4, 2, 1, 2, 4, 3, 1, 2, 3, 4, 4, 4]|[0, 2, 0, 1, 3, 0, 1, 3, 0, 0, 2, 0, 1, 0, 1, 0, 0, 0, 1, 0, 0, 2, 0, 0, 1, 0, 0, 3, 0, 1, 0, 2, 0, 0, 3, 0, 1, 3, 1, 0, 0, 0, 1, 3, 0, 0, 1, 0, 2, 0, 0, 0, 0, 0, 1, 0, 0, 0, 1, 1, 0, 2, 0, 0, 0, 1, 0, 0, 0, 2, 0, 0, 1, 0, 0, 2, 0, 0, 3, 0, 0, 1, 0, 3, 0, 0, 0, 0, 3, 0, 0, 0, 2, 0, 1, 0, 0, 2, 1, 2],863.840939798981,52281.731521347596,112954.27457422629,false
10,G3_TWC,G3_TWC,[31, 22, 82, 15, 26, 9, 95, 42, 77, 12, 47, 5, 93, 78, 86, 54, 85, 63, 18, 44, 20, 35, 43, 97, 91, 76, 10, 30, 21, 45, 71, 64, 1, 23, 17, 83, 24, 14, 60, 36, 41, 57, 40, 88, 65, 56, 79, 94, 67, 68, 46, 75, 38, 58, 19, 32, 81, 6, 27, 62, 87, 90, 99, 59, 11, 16, 72, 73, 69, 39, 37, 84, 3, 92, 25, 55, 28, 29, 51, 7, 66, 61, 98, 48, 89, 50, 33, 96, 80, 8, 53, 4, 34, 2, 52, 49, 0, 70, 74, 13]|[1, 1, 0, 1, 1, 0, 1, 2, 2, 1, 2, 2, 2, 1, 1, 0, 0, 1, 0, 2, 2, 0, 1, 2, 0, 1, 2, 2, 0, 0, 1, 2, 1, 2, 1, 0, 2, 0, 1, 1, 0, 1, 1, 1, 0, 2, 1, 1, 0, 0, 0, 0, 1, 1, 2, 1, 2, 1, 0, 0, 2, 2, 0, 1, 2, 1, 2, 1, 1, 1, 0, 1, 1, 0, 1, 1, 0, 0, 0, 1, 2, 1, 2, 0, 1, 0, 2, 0, 0, 0, 0, 0, 2, 0, 1, 0, 0, 1, 2, 0]|[4, 3, 2, 2, 4, 1, 2, 2, 2, 4, 1, 1, 2, 4, 4, 1, 2, 4, 2, 1, 1, 1, 1, 2, 1, 2, 1, 1, 1, 1, 3, 2, 3, 0, 4, 0, 1, 1, 0, 3, 2, 2, 2, 0, 1, 1, 0, 4, 0, 1, 2, 2, 1, 0, 0, 3, 2, 4, 1, 2, 1, 1, 1, 1, 1, 3, 0, 4, 3, 1, 1, 1, 1, 0, 4, 4, 2, 1, 1, 1, 1, 3, 1, 1, 1, 1, 1, 1, 1, 1, 2, 2, 1, 2, 1, 1, 2, 3, 1, 2]|[0, 2, 1, 1, 3, 0, 1, 0, 0, 0, 0, 0, 1, 0, 1, 0, 0, 3, 1, 0, 0, 0, 3, 1, 0, 2, 0, 0, 0, 1, 0, 0, 0, 0, 3, 0, 1, 0, 0, 2, 1, 1, 1, 0, 0, 0, 0, 2, 1, 0, 0, 0, 1, 3, 0, 0, 1, 2, 0, 1, 0, 0, 0, 1, 0, 2, 1, 0, 0, 1, 0, 3, 1, 1, 3, 3, 1, 0, 0, 2, 0, 0, 0, 0, 1, 0, 0, 0, 0, 0, 1, 1, 0, 0, 1, 1, 0, 0, 0, 0],837.9777466151338,57662.818208457764,93307.87391605499,false
10,G1_CMAX,G1_CMAX,[31, 22, 82, 15, 26, 9, 95, 42, 77, 12, 47, 5, 93, 78, 86, 54, 6, 63, 18, 44, 20, 35, 43, 97, 91, 76, 10, 30, 21, 45, 64, 1, 23, 17, 83, 24, 14, 60, 36, 13, 75, 46, 68, 67, 69, 79, 56, 65, 88, 40, 57, 85, 58, 19, 32, 81, 48, 27, 62, 87, 90, 99, 59, 11, 16, 72, 73, 71, 70, 39, 37, 84, 3, 98, 29, 28, 55, 25, 92, 7, 33, 61, 53, 41, 89, 50, 8, 96, 51, 80, 34, 4, 66, 2, 52, 49, 0, 94, 74, 38]|[1, 1, 0, 1, 1, 0, 1, 2, 2, 1, 2, 2, 2, 1, 1, 0, 0, 1, 0, 2, 2, 0, 1, 2, 0, 1, 2, 2, 0, 0, 2, 1, 2, 1, 0, 2, 2, 1, 1, 0, 0, 0, 0, 0, 2, 1, 2, 0, 1, 1, 1, 0, 1, 2, 1, 2, 1, 0, 0, 2, 1, 0, 1, 2, 1, 2, 1, 1, 1, 1, 1, 1, 1, 0, 0, 0, 1, 1, 0, 1, 0, 1, 0, 1, 1, 0, 1, 0, 0, 0, 2, 1, 2, 0, 1, 0, 0, 2, 2, 1]|[0, 3, 2, 2, 4, 1, 2, 2, 2, 4, 1, 1, 2, 4, 4, 1, 2, 4, 2, 1, 1, 1, 1, 2, 1, 2, 1, 1, 1, 1, 2, 3, 0, 4, 0, 1, 2, 0, 3, 2, 2, 2, 1, 0, 2, 0, 1, 1, 0, 2, 2, 2, 0, 0, 3, 2, 4, 1, 2, 2, 3, 1, 1, 1, 3, 0, 4, 3, 3, 1, 4, 1, 1, 1, 1, 2, 4, 4, 0, 1, 2, 3, 2, 4, 1, 1, 3, 1, 1, 1, 1, 4, 1, 2, 1, 1, 2, 2, 1, 1]|[0, 2, 1, 1, 3, 0, 1, 0, 0, 0, 0, 0, 1, 0, 1, 0, 1, 3, 1, 0, 0, 0, 3, 1, 0, 2, 0, 0, 0, 1, 0, 0, 0, 3, 0, 1, 1, 0, 2, 0, 0, 0, 0, 1, 0, 0, 0, 0, 0, 1, 1, 0, 3, 0, 0, 1, 2, 0, 1, 0, 2, 0, 1, 0, 2, 1, 0, 0, 0, 1, 1, 3, 1, 0, 0, 1, 3, 3, 1, 2, 1, 0, 1, 3, 1, 0, 2, 0, 0, 0, 0, 0, 0, 0, 1, 1, 0, 0, 0, 1],740.6648699319737,58345.503832923176,99227.13002615936,false
10,G4_BALANCED,G1_CMAX,[31, 22, 82, 15, 26, 58, 95, 42, 77, 12, 47, 5, 93, 78, 86, 54, 85, 63, 18, 44, 20, 35, 43, 97, 91, 76, 10, 30, 21, 45, 71, 64, 1, 23, 17, 83, 24, 14, 60, 36, 6, 57, 40, 88, 65, 56, 79, 94, 67, 68, 46, 75, 38, 9, 19, 32, 81, 48, 27, 62, 87, 90, 99, 59, 11, 16, 72, 73, 70, 39, 37, 84, 3, 92, 25, 55, 28, 29, 51, 7, 66, 61, 98, 41, 89, 50, 33, 96, 53, 8, 80, 4, 34, 2, 52, 49, 0, 69, 74, 13]|[1, 1, 0, 1, 1, 0, 1, 2, 2, 1, 2, 2, 2, 1, 1, 0, 0, 1, 0, 2, 2, 0, 1, 2, 0, 1, 2, 2, 0, 0, 1, 2, 1, 2, 1, 0, 2, 0, 1, 1, 0, 1, 1, 1, 0, 2, 1, 1, 0, 0, 0, 0, 1, 1, 2, 1, 2, 0, 0, 0, 2, 1, 0, 1, 2, 1, 2, 1, 1, 1, 1, 1, 1, 0, 1, 2, 0, 0, 0, 1, 2, 1, 2, 0, 1, 0, 2, 2, 0, 1, 0, 1, 2, 0, 1, 0, 0, 1, 2, 0]|[4, 3, 2, 2, 4, 1, 2, 2, 2, 4, 1, 1, 2, 4, 4, 1, 2, 4, 2, 1, 1, 1, 1, 2, 1, 2, 1, 1, 1, 1, 3, 2, 3, 1, 4, 0, 1, 1, 0, 3, 2, 2, 2, 0, 1, 1, 0, 4, 0, 1, 2, 2, 1, 4, 0, 3, 2, 1, 1, 2, 1, 3, 1, 1, 1, 3, 0, 4, 3, 1, 4, 1, 1, 0, 4, 1, 2, 1, 1, 1, 1, 3, 1, 1, 1, 1, 1, 1, 2, 3, 1, 4, 1, 2, 1, 1, 2, 4, 1, 2]|[0, 2, 1, 1, 3, 0, 1, 0, 0, 0, 0, 0, 1, 0, 1, 0, 0, 3, 1, 0, 0, 0, 3, 1, 0, 2, 0, 0, 0, 1, 0, 0, 0, 0, 3, 0, 1, 0, 0, 2, 1, 1, 1, 0, 0, 0, 0, 2, 1, 0, 0, 0, 1, 3, 0, 0, 1, 0, 0, 1, 0, 2, 0, 1, 0, 2, 1, 0, 0, 1, 1, 3, 1, 1, 3, 0, 1, 0, 0, 2, 0, 0, 0, 0, 1, 0, 0, 0, 1, 2, 0, 0, 0, 0, 1, 1, 0, 2, 0, 0],756.8020016894884,56512.01167844773,95196.91572924635,true
10,G2_TEC,G2_TEC,[31, 22, 82, 15, 26, 9, 95, 42, 77, 68, 47, 5, 93, 78, 86, 54, 85, 63, 18, 44, 20, 49, 36, 14, 74, 50, 53, 17, 21, 45, 71, 64, 3, 23, 30, 83, 24, 41, 60, 52, 65, 27, 90, 70, 39, 87, 48, 69, 99, 4, 46, 1, 13, 58, 97, 59, 28, 8, 73, 37, 35, 79, 11, 66, 76, 57, 40, 80, 96, 6, 16, 61, 33, 98, 32, 81, 62, 67, 10, 7, 56, 88, 51, 19, 91, 38, 75, 92, 25, 84, 2, 55, 43, 29, 34, 0, 12, 94, 89, 72]|[2, 1, 2, 1, 1, 2, 1, 1, 1, 1, 1, 0, 2, 2, 1, 2, 0, 0, 0, 2, 2, 1, 0, 2, 0, 2, 2, 1, 0, 1, 1, 1, 0, 0, 1, 0, 2, 1, 2, 2, 0, 0, 1, 1, 0, 2, 0, 2, 1, 0, 0, 2, 2, 0, 2, 0, 2, 1, 0, 0, 2, 1, 0, 2, 2, 0, 2, 2, 0, 1, 2, 1, 1, 0, 0, 1, 1, 1, 1, 2, 2, 1, 1, 1, 1, 0, 0, 0, 1, 0, 2, 0, 1, 1, 1, 0, 1, 1, 1, 1]|[0, 3, 0, 2, 4, 1, 4, 4, 2, 4, 3, 2, 1, 0, 2, 1, 1, 1, 2, 1, 1, 3, 0, 1, 0, 1, 1, 4, 1, 4, 3, 2, 2, 0, 4, 1, 1, 4, 0, 1, 2, 1, 4, 4, 1, 1, 0, 2, 3, 1, 2, 1, 2, 1, 1, 2, 0, 3, 0, 2, 2, 3, 1, 0, 1, 0, 0, 1, 2, 4, 1, 3, 4, 2, 2, 4, 3, 3, 3, 1, 1, 4, 3, 4, 3, 2, 2, 2, 4, 2, 1, 2, 4, 3, 1, 2, 3, 4, 4, 4]|[0, 2, 0, 1, 3, 0, 1, 3, 0, 0, 2, 0, 1, 0, 1, 0, 0, 0, 1, 0, 0, 2, 0, 0, 1, 0, 0, 3, 0, 1, 0, 2, 0, 0, 3, 0, 1, 3, 1, 0, 0, 0, 1, 3, 0, 0, 1, 0, 2, 0, 0, 0, 0, 0, 1, 0, 0, 0, 1, 1, 0, 2, 0, 0, 0, 1, 0, 0, 0, 2, 0, 0, 1, 0, 0, 2, 0, 0, 3, 0, 0, 1, 0, 3, 0, 0, 0, 0, 3, 0, 0, 0, 2, 0, 1, 0, 0, 2, 1, 2],863.840939798981,52281.731521347596,112954.27457422629,false
10,G3_TWC,G3_TWC,[31, 22, 82, 15, 26, 9, 95, 42, 77, 12, 47, 5, 93, 78, 86, 54, 85, 63, 18, 44, 20, 35, 43, 97, 91, 76, 10, 30, 21, 45, 71, 64, 1, 23, 17, 83, 24, 14, 60, 36, 41, 57, 40, 88, 65, 56, 79, 94, 67, 68, 46, 75, 38, 58, 19, 32, 81, 6, 27, 62, 87, 90, 99, 59, 11, 16, 72, 73, 69, 39, 37, 84, 3, 92, 25, 55, 28, 29, 51, 7, 66, 61, 98, 48, 89, 50, 33, 96, 80, 8, 53, 4, 34, 2, 52, 49, 0, 70, 74, 13]|[1, 1, 0, 1, 1, 0, 1, 2, 2, 1, 2, 2, 2, 1, 1, 0, 0, 1, 0, 2, 2, 0, 1, 2, 0, 1, 2, 2, 0, 0, 1, 2, 1, 2, 1, 0, 2, 0, 1, 1, 0, 1, 1, 1, 0, 2, 1, 1, 0, 0, 0, 0, 1, 1, 2, 1, 2, 1, 0, 0, 2, 2, 0, 1, 2, 1, 2, 1, 1, 1, 0, 1, 1, 0, 1, 1, 0, 0, 0, 1, 2, 1, 2, 0, 1, 0, 2, 0, 0, 0, 0, 0, 2, 0, 1, 0, 0, 1, 2, 0]|[4, 3, 2, 2, 4, 1, 2, 2, 2, 4, 1, 1, 2, 4, 4, 1, 2, 4, 2, 1, 1, 1, 1, 2, 1, 2, 1, 1, 1, 1, 3, 2, 3, 0, 4, 0, 1, 1, 0, 3, 2, 2, 2, 0, 1, 1, 0, 4, 0, 1, 2, 2, 1, 0, 0, 3, 2, 4, 1, 2, 1, 1, 1, 1, 1, 3, 0, 4, 3, 1, 1, 1, 1, 0, 4, 4, 2, 1, 1, 1, 1, 3, 1, 1, 1, 1, 1, 1, 1, 1, 2, 2, 1, 2, 1, 1, 2, 3, 1, 2]|[0, 2, 1, 1, 3, 0, 1, 0, 0, 0, 0, 0, 1, 0, 1, 0, 0, 3, 1, 0, 0, 0, 3, 1, 0, 2, 0, 0, 0, 1, 0, 0, 0, 0, 3, 0, 1, 0, 0, 2, 1, 1, 1, 0, 0, 0, 0, 2, 1, 0, 0, 0, 1, 3, 0, 0, 1, 2, 0, 1, 0, 0, 0, 1, 0, 2, 1, 0, 0, 1, 0, 3, 1, 1, 3, 3, 1, 0, 0, 2, 0, 0, 0, 0, 1, 0, 0, 0, 0, 0, 1, 1, 0, 0, 1, 1, 0, 0, 0, 0],837.9777466151338,57662.818208457764,93307.87391605499,false
10,G1_CMAX,G1_CMAX,[31, 22, 82, 15, 26, 9, 95, 42, 77, 12, 47, 5, 93, 78, 86, 54, 6, 63, 18, 44, 20, 35, 43, 97, 91, 76, 10, 30, 21, 45, 64, 1, 23, 17, 83, 24, 14, 60, 36, 13, 75, 46, 68, 67, 69, 79, 56, 65, 88, 40, 57, 85, 58, 19, 32, 81, 48, 27, 62, 87, 90, 99, 59, 11, 16, 72, 73, 71, 70, 39, 37, 84, 3, 98, 29, 28, 55, 25, 92, 7, 33, 61, 53, 41, 89, 50, 8, 96, 51, 80, 34, 4, 66, 2, 52, 49, 0, 94, 74, 38]|[1, 1, 0, 1, 1, 0, 1, 2, 2, 1, 2, 2, 2, 1, 1, 0, 0, 1, 0, 2, 2, 0, 1, 2, 0, 1, 2, 2, 0, 0, 2, 1, 2, 1, 0, 2, 2, 1, 1, 0, 0, 0, 0, 0, 2, 1, 2, 0, 1, 1, 1, 0, 1, 2, 1, 2, 1, 0, 0, 2, 1, 0, 1, 2, 1, 2, 1, 1, 1, 1, 1, 1, 1, 0, 0, 0, 1, 1, 0, 1, 0, 1, 0, 1, 1, 0, 1, 0, 0, 0, 2, 1, 2, 0, 1, 0, 0, 2, 2, 1]|[0, 3, 2, 2, 4, 1, 2, 2, 2, 4, 1, 1, 2, 4, 4, 1, 2, 4, 2, 1, 1, 1, 1, 2, 1, 2, 1, 1, 1, 1, 2, 3, 0, 4, 0, 1, 2, 0, 3, 2, 2, 2, 1, 0, 2, 0, 1, 1, 0, 2, 2, 2, 0, 0, 3, 2, 4, 1, 2, 2, 3, 1, 1, 1, 3, 0, 4, 3, 3, 1, 4, 1, 1, 1, 1, 2, 4, 4, 0, 1, 2, 3, 2, 4, 1, 1, 3, 1, 1, 1, 1, 4, 1, 2, 1, 1, 2, 2, 1, 1]|[0, 2, 1, 1, 3, 0, 1, 0, 0, 0, 0, 0, 1, 0, 1, 0, 1, 3, 1, 0, 0, 0, 3, 1, 0, 2, 0, 0, 0, 1, 0, 0, 0, 3, 0, 1, 1, 0, 2, 0, 0, 0, 0, 1, 0, 0, 0, 0, 0, 1, 1, 0, 3, 0, 0, 1, 2, 0, 1, 0, 2, 0, 1, 0, 2, 1, 0, 0, 0, 1, 1, 3, 1, 0, 0, 1, 3, 3, 1, 2, 1, 0, 1, 3, 1, 0, 2, 0, 0, 0, 0, 0, 0, 0, 1, 1, 0, 0, 0, 1],740.6648699319737,58345.503832923176,99227.13002615936,false
10,G4_BALANCED,G4_BALANCED,[31, 22, 82, 15, 26, 58, 95, 42, 77, 12, 47, 5, 93, 78, 86, 54, 85, 63, 18, 44, 20, 35, 43, 97, 91, 76, 10, 30, 21, 45, 71, 64, 1, 23, 17, 83, 24, 14, 60, 36, 6, 57, 40, 88, 65, 56, 79, 94, 67, 68, 46, 75, 38, 9, 19, 32, 81, 48, 27, 62, 87, 90, 99, 59, 11, 16, 72, 73, 70, 39, 37, 84, 3, 92, 25, 55, 28, 29, 51, 7, 66, 61, 98, 41, 89, 50, 33, 96, 53, 80, 8, 4, 34, 2, 52, 13, 0, 69, 74, 49]|[1, 1, 0, 1, 1, 0, 1, 2, 2, 1, 2, 2, 2, 1, 1, 0, 0, 1, 0, 2, 2, 0, 1, 2, 0, 1, 2, 2, 0, 0, 1, 2, 1, 2, 1, 0, 2, 0, 1, 1, 0, 1, 1, 1, 0, 2, 1, 1, 0, 0, 0, 0, 1, 1, 2, 1, 2, 0, 0, 0, 2, 1, 0, 1, 2, 1, 2, 1, 1, 1, 1, 1, 1, 0, 1, 2, 0, 0, 0, 1, 2, 1, 2, 0, 1, 0, 2, 2, 0, 0, 1, 1, 2, 0, 1, 0, 0, 1, 2, 0]|[4, 3, 2, 2, 4, 1, 2, 2, 2, 4, 1, 1, 2, 4, 4, 1, 2, 4, 2, 1, 1, 1, 1, 2, 1, 2, 1, 1, 1, 1, 3, 2, 3, 1, 4, 0, 1, 1, 0, 3, 2, 2, 2, 0, 1, 1, 0, 4, 0, 1, 2, 2, 1, 4, 0, 3, 2, 1, 1, 2, 1, 3, 1, 1, 1, 3, 0, 4, 3, 1, 4, 1, 1, 0, 4, 1, 2, 1, 1, 1, 1, 3, 1, 1, 1, 1, 1, 1, 2, 1, 3, 4, 1, 2, 1, 2, 2, 4, 1, 1]|[0, 2, 1, 1, 3, 0, 1, 0, 0, 0, 0, 0, 1, 0, 1, 0, 0, 3, 1, 0, 0, 0, 3, 1, 0, 2, 0, 0, 0, 1, 0, 0, 0, 0, 3, 0, 1, 0, 0, 2, 1, 1, 1, 0, 0, 0, 0, 2, 1, 0, 0, 0, 1, 3, 0, 0, 1, 0, 0, 1, 0, 2, 0, 1, 0, 2, 1, 0, 0, 1, 1, 3, 1, 1, 3, 0, 1, 0, 0, 2, 0, 0, 0, 0, 1, 0, 0, 0, 1, 0, 2, 0, 0, 0, 1, 0, 0, 2, 0, 1],756.8020016894884,56503.089667006534,95189.26829142265,false
10,G2_TEC,G2_TEC,[31, 22, 82, 15, 26, 9, 95, 42, 77, 68, 47, 5, 93, 78, 86, 54, 85, 63, 18, 44, 20, 49, 36, 14, 74, 50, 53, 17, 21, 45, 71, 64, 3, 23, 30, 83, 24, 41, 60, 52, 65, 27, 90, 70, 39, 87, 48, 69, 99, 4, 46, 1, 13, 58, 97, 59, 28, 8, 73, 37, 35, 79, 11, 66, 76, 57, 40, 80, 96, 6, 16, 61, 33, 98, 32, 81, 62, 67, 10, 7, 56, 88, 51, 19, 91, 38, 75, 92, 25, 84, 2, 55, 12, 43, 34, 0, 29, 94, 89, 72]|[2, 1, 2, 1, 1, 2, 1, 1, 1, 1, 1, 0, 2, 2, 1, 2, 0, 0, 0, 2, 2, 1, 0, 2, 0, 2, 2, 1, 0, 1, 1, 1, 0, 0, 1, 0, 2, 1, 2, 2, 0, 0, 1, 1, 0, 2, 0, 2, 1, 0, 0, 2, 2, 0, 2, 0, 2, 1, 0, 0, 2, 1, 0, 2, 2, 0, 2, 2, 0, 1, 2, 1, 1, 0, 0, 1, 1, 1, 1, 2, 2, 1, 1, 1, 1, 0, 0, 0, 1, 0, 2, 0, 1, 1, 1, 0, 1, 1, 1, 1]|[0, 3, 0, 2, 4, 1, 4, 4, 2, 4, 3, 2, 1, 0, 2, 1, 1, 1, 2, 1, 1, 3, 0, 1, 0, 1, 1, 4, 1, 4, 3, 2, 2, 0, 4, 1, 1, 4, 0, 1, 2, 1, 4, 4, 1, 1, 0, 2, 3, 1, 2, 1, 2, 1, 1, 2, 0, 3, 0, 2, 2, 3, 1, 0, 1, 0, 0, 1, 2, 4, 1, 3, 4, 2, 2, 4, 3, 3, 3, 1, 1, 4, 3, 4, 3, 2, 2, 2, 4, 2, 1, 2, 3, 4, 1, 2, 3, 4, 4, 4]|[0, 2, 0, 1, 3, 0, 1, 3, 0, 0, 2, 0, 1, 0, 1, 0, 0, 0, 1, 0, 0, 2, 0, 0, 1, 0, 0, 3, 0, 1, 0, 2, 0, 0, 3, 0, 1, 3, 1, 0, 0, 0, 1, 3, 0, 0, 1, 0, 2, 0, 0, 0, 0, 0, 1, 0, 0, 0, 1, 1, 0, 2, 0, 0, 0, 1, 0, 0, 0, 2, 0, 0, 1, 0, 0, 2, 0, 0, 3, 0, 0, 1, 0, 3, 0, 0, 0, 0, 3, 0, 0, 0, 0, 2, 1, 0, 0, 2, 1, 2],863.840939798981,52276.64155120768,112913.97169016399,false
10,G3_TWC,G3_TWC,[31, 22, 82, 15, 26, 9, 95, 42, 77, 12, 47, 5, 93, 78, 86, 54, 85, 63, 18, 44, 20, 35, 43, 97, 91, 76, 10, 30, 21, 45, 71, 64, 1, 23, 17, 83, 24, 14, 60, 36, 41, 57, 40, 88, 65, 56, 79, 94, 67, 68, 46, 75, 38, 58, 19, 32, 81, 6, 27, 62, 87, 90, 99, 59, 11, 16, 72, 73, 69, 39, 37, 84, 3, 92, 25, 55, 28, 29, 51, 7, 66, 61, 98, 48, 89, 50, 33, 96, 80, 8, 53, 4, 34, 2, 52, 49, 0, 70, 74, 13]|[1, 1, 0, 1, 1, 0, 1, 2, 2, 1, 2, 2, 2, 1, 1, 0, 0, 1, 0, 2, 2, 0, 1, 2, 0, 1, 2, 2, 0, 0, 1, 2, 1, 2, 1, 0, 2, 0, 1, 1, 0, 1, 1, 1, 0, 2, 1, 1, 0, 0, 0, 0, 1, 1, 2, 1, 2, 1, 0, 0, 2, 2, 0, 1, 2, 1, 2, 1, 1, 1, 0, 1, 1, 0, 1, 1, 0, 0, 0, 1, 2, 1, 2, 0, 1, 0, 2, 0, 0, 0, 0, 0, 2, 0, 1, 0, 0, 1, 2, 0]|[4, 3, 2, 2, 4, 1, 2, 2, 2, 4, 1, 1, 2, 4, 4, 1, 2, 4, 2, 1, 1, 1, 1, 2, 1, 2, 1, 1, 1, 1, 3, 2, 3, 0, 4, 0, 1, 1, 0, 3, 2, 2, 2, 0, 1, 1, 0, 4, 0, 1, 2, 2, 1, 0, 0, 3, 2, 4, 1, 2, 1, 1, 1, 1, 1, 3, 0, 4, 3, 1, 1, 1, 1, 0, 4, 4, 2, 1, 1, 1, 1, 3, 1, 1, 1, 1, 1, 1, 1, 1, 2, 2, 1, 2, 1, 1, 2, 3, 1, 2]|[0, 2, 1, 1, 3, 0, 1, 0, 0, 0, 0, 0, 1, 0, 1, 0, 0, 3, 1, 0, 0, 0, 3, 1, 0, 2, 0, 0, 0, 1, 0, 0, 0, 0, 3, 0, 1, 0, 0, 2, 1, 1, 1, 0, 0, 0, 0, 2, 1, 0, 0, 0, 1, 3, 0, 0, 1, 2, 0, 1, 0, 0, 0, 1, 0, 2, 1, 0, 0, 1, 0, 3, 1, 1, 3, 3, 1, 0, 0, 2, 0, 0, 0, 0, 1, 0, 0, 0, 0, 0, 1, 1, 0, 0, 1, 1, 0, 0, 0, 0],837.9777466151338,57662.818208457764,93307.87391605499,false
10,G1_CMAX,G1_CMAX,[31, 22, 82, 15, 26, 9, 95, 42, 77, 12, 47, 5, 93, 78, 86, 54, 6, 63, 18, 44, 20, 35, 43, 97, 91, 76, 10, 30, 21, 45, 64, 1, 23, 17, 83, 24, 14, 60, 36, 13, 75, 46, 68, 67, 69, 79, 56, 65, 88, 40, 57, 85, 58, 19, 32, 81, 48, 27, 62, 87, 90, 99, 59, 11, 16, 72, 73, 71, 70, 39, 37, 84, 3, 98, 29, 28, 55, 25, 92, 7, 33, 61, 53, 41, 89, 50, 8, 96, 51, 80, 34, 4, 66, 2, 52, 49, 0, 94, 74, 38]|[1, 1, 0, 1, 1, 0, 1, 2, 2, 1, 2, 2, 2, 1, 1, 0, 0, 1, 0, 2, 2, 0, 1, 2, 0, 1, 2, 2, 0, 0, 2, 1, 2, 1, 0, 2, 2, 1, 1, 0, 0, 0, 0, 0, 2, 1, 2, 0, 1, 1, 1, 0, 1, 2, 1, 2, 1, 0, 0, 2, 1, 0, 1, 2, 1, 2, 1, 1, 1, 1, 1, 1, 1, 0, 0, 0, 1, 1, 0, 1, 0, 1, 0, 1, 1, 0, 1, 0, 0, 0, 2, 1, 2, 0, 1, 0, 0, 2, 2, 1]|[0, 3, 2, 2, 4, 1, 2, 2, 2, 4, 1, 1, 2, 4, 4, 1, 2, 4, 2, 1, 1, 1, 1, 2, 1, 2, 1, 1, 1, 1, 2, 3, 0, 4, 0, 1, 2, 0, 3, 2, 2, 2, 1, 0, 2, 0, 1, 1, 0, 2, 2, 2, 0, 0, 3, 2, 4, 1, 2, 2, 3, 1, 1, 1, 3, 0, 4, 3, 3, 1, 4, 1, 1, 1, 1, 2, 4, 4, 0, 1, 2, 3, 2, 4, 1, 1, 3, 1, 1, 1, 1, 4, 1, 2, 1, 1, 2, 2, 1, 1]|[0, 2, 1, 1, 3, 0, 1, 0, 0, 0, 0, 0, 1, 0, 1, 0, 1, 3, 1, 0, 0, 0, 3, 1, 0, 2, 0, 0, 0, 1, 0, 0, 0, 3, 0, 1, 1, 0, 2, 0, 0, 0, 0, 1, 0, 0, 0, 0, 0, 1, 1, 0, 3, 0, 0, 1, 2, 0, 1, 0, 2, 0, 1, 0, 2, 1, 0, 0, 0, 1, 1, 3, 1, 0, 0, 1, 3, 3, 1, 2, 1, 0, 1, 3, 1, 0, 2, 0, 0, 0, 0, 0, 0, 0, 1, 1, 0, 0, 0, 1],740.6648699319737,58345.503832923176,99227.13002615936,false
10,G4_BALANCED,G3_TWC,[31, 22, 82, 15, 26, 9, 95, 42, 77, 12, 47, 5, 93, 78, 86, 54, 85, 63, 18, 44, 20, 35, 43, 97, 91, 76, 10, 30, 21, 45, 71, 64, 1, 23, 17, 83, 24, 14, 60, 36, 41, 57, 40, 88, 65, 56, 79, 94, 67, 68, 46, 75, 38, 58, 19, 32, 81, 6, 27, 62, 87, 90, 99, 59, 11, 16, 72, 73, 69, 39, 37, 84, 3, 92, 25, 55, 28, 29, 51, 7, 33, 61, 98, 48, 89, 50, 96, 66, 80, 8, 53, 4, 34, 2, 52, 49, 0, 70, 74, 13]|[1, 1, 0, 1, 1, 0, 1, 2, 2, 1, 2, 2, 2, 1, 1, 0, 0, 1, 0, 2, 2, 0, 1, 2, 0, 1, 2, 2, 0, 0, 1, 2, 1, 2, 1, 0, 2, 0, 1, 1, 0, 1, 1, 1, 0, 2, 1, 1, 0, 0, 0, 0, 1, 1, 2, 1, 2, 1, 0, 0, 2, 2, 0, 1, 2, 1, 2, 1, 1, 1, 0, 1, 1, 0, 1, 1, 0, 0, 0, 1, 2, 1, 2, 0, 1, 0, 0, 2, 0, 0, 0, 0, 2, 0, 1, 0, 0, 1, 2, 0]|[4, 3, 2, 2, 4, 1, 2, 2, 2, 4, 1, 1, 2, 4, 4, 1, 2, 4, 2, 1, 1, 1, 1, 2, 1, 2, 1, 1, 1, 1, 3, 2, 3, 0, 4, 0, 1, 1, 0, 3, 2, 2, 2, 0, 1, 1, 0, 4, 0, 1, 2, 2, 1, 0, 0, 3, 2, 4, 1, 2, 1, 1, 1, 1, 1, 3, 0, 4, 3, 1, 1, 1, 1, 0, 4, 4, 2, 1, 1, 1, 1, 3, 1, 1, 1, 1, 1, 1, 1, 1, 2, 2, 1, 2, 1, 1, 2, 3, 1, 2]|[0, 2, 1, 1, 3, 0, 1, 0, 0, 0, 0, 0, 1, 0, 1, 0, 0, 3, 1, 0, 0, 0, 3, 1, 0, 2, 0, 0, 0, 1, 0, 0, 0, 0, 3, 0, 1, 0, 0, 2, 1, 1, 1, 0, 0, 0, 0, 2, 1, 0, 0, 0, 1, 3, 0, 0, 1, 2, 0, 1, 0, 0, 0, 1, 0, 2, 1, 0, 0, 1, 0, 3, 1, 1, 3, 3, 1, 0, 0, 2, 0, 0, 0, 0, 1, 0, 0, 0, 0, 0, 1, 1, 0, 0, 1, 1, 0, 0, 0, 0],837.9777466151338,57643.06963909734,93448.23873449057,true
10,G2_TEC,G2_TEC,[31, 22, 82, 15, 26, 9, 95, 42, 77, 68, 47, 5, 93, 78, 86, 54, 85, 63, 18, 44, 20, 49, 36, 14, 74, 50, 53, 17, 21, 45, 71, 64, 3, 23, 30, 83, 24, 41, 60, 52, 65, 27, 90, 70, 39, 87, 48, 69, 99, 4, 46, 1, 13, 58, 97, 59, 28, 8, 73, 37, 35, 79, 11, 66, 76, 57, 40, 80, 96, 6, 16, 61, 33, 98, 32, 81, 62, 67, 10, 7, 56, 88, 51, 19, 91, 38, 75, 92, 25, 84, 2, 55, 12, 43, 34, 0, 29, 94, 89, 72]|[2, 1, 2, 1, 1, 2, 1, 1, 1, 1, 1, 0, 2, 2, 1, 2, 0, 0, 0, 2, 2, 1, 0, 2, 0, 2, 2, 1, 0, 1, 1, 1, 0, 0, 1, 0, 2, 1, 2, 2, 0, 0, 1, 1, 0, 2, 0, 2, 1, 0, 0, 2, 2, 0, 2, 0, 2, 1, 0, 0, 2, 1, 0, 2, 2, 0, 2, 2, 0, 1, 2, 1, 1, 0, 0, 1, 1, 1, 1, 2, 2, 1, 1, 1, 1, 0, 0, 0, 1, 0, 2, 0, 1, 1, 1, 0, 1, 1, 1, 1]|[0, 3, 0, 2, 4, 1, 4, 4, 2, 4, 3, 2, 1, 0, 2, 1, 1, 1, 2, 1, 1, 3, 0, 1, 0, 1, 1, 4, 1, 4, 3, 2, 2, 0, 4, 1, 1, 4, 0, 1, 2, 1, 4, 4, 1, 1, 0, 2, 3, 1, 2, 1, 2, 1, 1, 2, 0, 3, 0, 2, 2, 3, 1, 0, 1, 0, 0, 1, 2, 4, 1, 3, 4, 2, 2, 4, 3, 3, 3, 1, 1, 4, 3, 4, 3, 2, 2, 2, 4, 2, 1, 2, 3, 4, 1, 2, 3, 4, 4, 4]|[0, 2, 0, 1, 3, 0, 1, 3, 0, 0, 2, 0, 1, 0, 1, 0, 0, 0, 1, 0, 0, 2, 0, 0, 1, 0, 0, 3, 0, 1, 0, 2, 0, 0, 3, 0, 1, 3, 1, 0, 0, 0, 1, 3, 0, 0, 1, 0, 2, 0, 0, 0, 0, 0, 1, 0, 0, 0, 1, 1, 0, 2, 0, 0, 0, 1, 0, 0, 0, 2, 0, 0, 1, 0, 0, 2, 0, 0, 3, 0, 0, 1, 0, 3, 0, 0, 0, 0, 3, 0, 0, 0, 0, 2, 1, 0, 0, 2, 1, 2],863.840939798981,52276.64155120768,112913.97169016399,false
10,G3_TWC,G3_TWC,[31, 22, 82, 15, 26, 9, 95, 42, 77, 12, 47, 5, 93, 78, 86, 54, 85, 63, 18, 44, 20, 35, 43, 97, 91, 76, 10, 30, 21, 45, 71, 64, 1, 23, 17, 83, 24, 14, 60, 36, 41, 57, 40, 88, 65, 56, 79, 94, 67, 68, 46, 75, 38, 58, 19, 32, 81, 6, 27, 62, 87, 90, 99, 59, 11, 16, 72, 73, 69, 39, 37, 84, 3, 92, 25, 55, 28, 29, 51, 7, 66, 61, 98, 48, 89, 50, 33, 96, 80, 8, 53, 4, 34, 2, 52, 49, 0, 70, 74, 13]|[1, 1, 0, 1, 1, 0, 1, 2, 2, 1, 2, 2, 2, 1, 1, 0, 0, 1, 0, 2, 2, 0, 1, 2, 0, 1, 2, 2, 0, 0, 1, 2, 1, 2, 1, 0, 2, 0, 1, 1, 0, 1, 1, 1, 0, 2, 1, 1, 0, 0, 0, 0, 1, 1, 2, 1, 2, 1, 0, 0, 2, 2, 0, 1, 2, 1, 2, 1, 1, 1, 0, 1, 1, 0, 1, 1, 0, 0, 0, 1, 2, 1, 2, 0, 1, 0, 2, 0, 0, 0, 0, 0, 2, 0, 1, 0, 0, 1, 2, 0]|[4, 3, 2, 2, 4, 1, 2, 2, 2, 4, 1, 1, 2, 4, 4, 1, 2, 4, 2, 1, 1, 1, 1, 2, 1, 2, 1, 1, 1, 1, 3, 2, 3, 0, 4, 0, 1, 1, 0, 3, 2, 2, 2, 0, 1, 1, 0, 4, 0, 1, 2, 2, 1, 0, 0, 3, 2, 4, 1, 2, 1, 1, 1, 1, 1, 3, 0, 4, 3, 1, 1, 1, 1, 0, 4, 4, 2, 1, 1, 1, 1, 3, 1, 1, 1, 1, 1, 1, 1, 1, 2, 2, 1, 2, 1, 1, 2, 3, 1, 2]|[0, 2, 1, 1, 3, 0, 1, 0, 0, 0, 0, 0, 1, 0, 1, 0, 0, 3, 1, 0, 0, 0, 3, 1, 0, 2, 0, 0, 0, 1, 0, 0, 0, 0, 3, 0, 1, 0, 0, 2, 1, 1, 1, 0, 0, 0, 0, 2, 1, 0, 0, 0, 1, 3, 0, 0, 1, 2, 0, 1, 0, 0, 0, 1, 0, 2, 1, 0, 0, 1, 0, 3, 1, 1, 3, 3, 1, 0, 0, 2, 0, 0, 0, 0, 1, 0, 0, 0, 0, 0, 1, 1, 0, 0, 1, 1, 0, 0, 0, 0],837.9777466151338,57662.818208457764,93307.87391605499,false
10,G1_CMAX,G1_CMAX,[31, 22, 82, 15, 26, 9, 95, 42, 77, 12, 47, 5, 93, 78, 86, 54, 6, 63, 18, 44, 20, 35, 43, 97, 91, 76, 10, 30, 21, 45, 64, 1, 23, 17, 83, 24, 14, 60, 36, 13, 75, 46, 68, 67, 69, 79, 56, 65, 88, 40, 57, 85, 58, 19, 32, 81, 48, 27, 62, 87, 90, 99, 59, 11, 16, 72, 73, 71, 70, 39, 37, 84, 3, 98, 29, 28, 55, 25, 92, 7, 33, 61, 53, 41, 89, 50, 8, 96, 51, 80, 34, 4, 66, 2, 52, 49, 0, 94, 74, 38]|[1, 1, 0, 1, 1, 0, 1, 2, 2, 1, 2, 2, 2, 1, 1, 0, 0, 1, 0, 2, 2, 0, 1, 2, 0, 1, 2, 2, 0, 0, 2, 1, 2, 1, 0, 2, 2, 1, 1, 0, 0, 0, 0, 0, 2, 1, 2, 0, 1, 1, 1, 0, 1, 2, 1, 2, 1, 0, 0, 2, 1, 0, 1, 2, 1, 2, 1, 1, 1, 1, 1, 1, 1, 0, 0, 0, 1, 1, 0, 1, 0, 1, 0, 1, 1, 0, 1, 0, 0, 0, 2, 1, 2, 0, 1, 0, 0, 2, 2, 1]|[0, 3, 2, 2, 4, 1, 2, 2, 2, 4, 1, 1, 2, 4, 4, 1, 2, 4, 2, 1, 1, 1, 1, 2, 1, 2, 1, 1, 1, 1, 2, 3, 0, 4, 0, 1, 2, 0, 3, 2, 2, 2, 1, 0, 2, 0, 1, 1, 0, 2, 2, 2, 0, 0, 3, 2, 4, 1, 2, 2, 3, 1, 1, 1, 3, 0, 4, 3, 3, 1, 4, 1, 1, 1, 1, 2, 4, 4, 0, 1, 2, 3, 2, 4, 1, 1, 3, 1, 1, 1, 1, 4, 1, 2, 1, 1, 2, 2, 1, 1]|[0, 2, 1, 1, 3, 0, 1, 0, 0, 0, 0, 0, 1, 0, 1, 0, 1, 3, 1, 0, 0, 0, 3, 1, 0, 2, 0, 0, 0, 1, 0, 0, 0, 3, 0, 1, 1, 0, 2, 0, 0, 0, 0, 1, 0, 0, 0, 0, 0, 1, 1, 0, 3, 0, 0, 1, 2, 0, 1, 0, 2, 0, 1, 0, 2, 1, 0, 0, 0, 1, 1, 3, 1, 0, 0, 1, 3, 3, 1, 2, 1, 0, 1, 3, 1, 0, 2, 0, 0, 0, 0, 0, 0, 0, 1, 1, 0, 0, 0, 1],740.6648699319737,58345.503832923176,99227.13002615936,false
10,G4_BALANCED,G4_BALANCED,[31, 22, 82, 15, 26, 58, 95, 42, 77, 12, 47, 5, 93, 78, 86, 54, 85, 63, 18, 44, 20, 35, 43, 97, 91, 76, 10, 30, 21, 45, 71, 64, 1, 23, 17, 83, 24, 14, 60, 36, 6, 57, 40, 88, 65, 56, 79, 94, 67, 68, 46, 75, 38, 9, 19, 32, 81, 48, 27, 62, 87, 90, 99, 59, 11, 16, 72, 73, 70, 39, 37, 84, 3, 92, 25, 55, 28, 29, 51, 7, 66, 61, 98, 41, 89, 50, 33, 96, 53, 80, 8, 4, 34, 2, 52, 13, 0, 69, 74, 49]|[1, 1, 0, 1, 1, 0, 1, 2, 2, 1, 2, 2, 2, 1, 1, 0, 0, 1, 0, 2, 2, 0, 1, 2, 0, 1, 2, 2, 0, 0, 1, 2, 1, 2, 1, 0, 2, 0, 1, 1, 0, 1, 1, 1, 0, 2, 1, 1, 0, 0, 0, 0, 1, 1, 2, 1, 2, 0, 0, 0, 2, 1, 0, 1, 2, 1, 2, 1, 1, 1, 1, 1, 1, 0, 1, 2, 0, 0, 0, 1, 2, 1, 2, 0, 1, 0, 2, 2, 0, 0, 1, 1, 2, 0, 1, 0, 0, 1, 2, 0]|[4, 3, 2, 2, 4, 1, 2, 2, 2, 4, 1, 1, 2, 4, 4, 1, 2, 4, 2, 1, 1, 1, 1, 2, 1, 2, 1, 1, 1, 1, 3, 2, 3, 1, 4, 0, 1, 1, 0, 3, 2, 2, 2, 0, 1, 1, 0, 4, 0, 1, 2, 2, 1, 4, 0, 3, 2, 1, 1, 2, 1, 3, 1, 1, 1, 3, 0, 4, 3, 1, 4, 1, 1, 0, 4, 1, 2, 1, 1, 1, 1, 3, 1, 1, 1, 1, 1, 1, 2, 1, 3, 4, 1, 2, 1, 2, 2, 4, 1, 1]|[0, 2, 1, 1, 3, 0, 1, 0, 0, 0, 0, 0, 1, 0, 1, 0, 0, 3, 1, 0, 0, 0, 3, 1, 0, 2, 0, 0, 0, 1, 0, 0, 0, 0, 3, 0, 1, 0, 0, 2, 1, 1, 1, 0, 0, 0, 0, 2, 1, 0, 0, 0, 1, 3, 0, 0, 1, 0, 0, 1, 0, 2, 0, 1, 0, 2, 1, 0, 0, 1, 1, 3, 1, 1, 3, 0, 1, 0, 0, 2, 0, 0, 0, 0, 1, 0, 0, 0, 1, 0, 2, 0, 0, 0, 1, 0, 0, 2, 0, 1],756.8020016894884,56503.089667006534,95189.26829142265,false
10,G2_TEC,G2_TEC,[31, 22, 82, 15, 26, 9, 95, 42, 77, 68, 47, 5, 93, 78, 86, 54, 85, 63, 18, 44, 20, 49, 36, 14, 74, 50, 53, 17, 21, 45, 71, 64, 3, 23, 30, 83, 24, 41, 60, 52, 65, 27, 90, 70, 39, 87, 48, 69, 99, 4, 46, 1, 13, 58, 97, 59, 28, 8, 73, 37, 35, 79, 11, 66, 76, 57, 40, 80, 96, 6, 16, 61, 33, 98, 32, 81, 62, 67, 10, 7, 56, 88, 51, 19, 91, 38, 75, 92, 25, 84, 2, 55, 12, 43, 34, 0, 29, 94, 89, 72]|[2, 1, 2, 1, 1, 2, 1, 1, 1, 1, 1, 0, 2, 2, 1, 2, 0, 0, 0, 2, 2, 1, 0, 2, 0, 2, 2, 1, 0, 1, 1, 1, 0, 0, 1, 0, 2, 1, 2, 2, 0, 0, 1, 1, 0, 2, 0, 2, 1, 0, 0, 2, 2, 0, 2, 0, 2, 1, 0, 0, 2, 1, 0, 2, 2, 0, 2, 2, 0, 1, 2, 1, 1, 0, 0, 1, 1, 1, 1, 2, 2, 1, 1, 1, 1, 0, 0, 0, 1, 0, 2, 0, 1, 1, 1, 0, 1, 1, 1, 1]|[0, 3, 0, 2, 4, 1, 4, 4, 2, 4, 3, 2, 1, 0, 2, 1, 1, 1, 2, 1, 1, 3, 0, 1, 0, 1, 1, 4, 1, 4, 3, 2, 2, 0, 4, 1, 1, 4, 0, 1, 2, 1, 4, 4, 1, 1, 0, 2, 3, 1, 2, 1, 2, 1, 1, 2, 0, 3, 0, 2, 2, 3, 1, 0, 1, 0, 0, 1, 2, 4, 1, 3, 4, 2, 2, 4, 3, 3, 3, 1, 1, 4, 3, 4, 3, 2, 2, 2, 4, 2, 1, 2, 3, 4, 1, 2, 3, 4, 4, 4]|[0, 2, 0, 1, 3, 0, 1, 3, 0, 0, 2, 0, 1, 0, 1, 0, 0, 0, 1, 0, 0, 2, 0, 0, 1, 0, 0, 3, 0, 1, 0, 2, 0, 0, 3, 0, 1, 3, 1, 0, 0, 0, 1, 3, 0, 0, 1, 0, 2, 0, 0, 0, 0, 0, 1, 0, 0, 0, 1, 1, 0, 2, 0, 0, 0, 1, 0, 0, 0, 2, 0, 0, 1, 0, 0, 2, 0, 0, 3, 0, 0, 1, 0, 3, 0, 0, 0, 0, 3, 0, 0, 0, 0, 2, 1, 0, 0, 2, 1, 2],863.840939798981,52276.64155120768,112913.97169016399,false
10,G3_TWC,G3_TWC,[31, 22, 82, 15, 26, 9, 95, 42, 77, 12, 47, 5, 93, 78, 86, 54, 85, 63, 18, 44, 20, 35, 43, 97, 91, 76, 10, 30, 21, 45, 71, 64, 1, 23, 17, 83, 24, 14, 60, 36, 41, 57, 40, 88, 65, 56, 79, 94, 67, 68, 46, 75, 38, 58, 19, 32, 81, 6, 27, 62, 87, 90, 99, 59, 11, 16, 72, 73, 69, 39, 37, 84, 3, 92, 25, 55, 28, 29, 51, 7, 66, 61, 98, 48, 89, 50, 33, 96, 80, 8, 53, 4, 34, 2, 52, 49, 0, 70, 74, 13]|[1, 1, 0, 1, 1, 0, 1, 2, 2, 1, 2, 2, 2, 1, 1, 0, 0, 1, 0, 2, 2, 0, 1, 2, 0, 1, 2, 2, 0, 0, 1, 2, 1, 2, 1, 0, 2, 0, 1, 1, 0, 1, 1, 1, 0, 2, 1, 1, 0, 0, 0, 0, 1, 1, 2, 1, 2, 1, 0, 0, 2, 2, 0, 1, 2, 1, 2, 1, 1, 1, 0, 1, 1, 0, 1, 1, 0, 0, 0, 1, 2, 1, 2, 0, 1, 0, 2, 0, 0, 0, 0, 0, 2, 0, 1, 0, 0, 1, 2, 0]|[4, 3, 2, 2, 4, 1, 2, 2, 2, 4, 1, 1, 2, 4, 4, 1, 2, 4, 2, 1, 1, 1, 1, 2, 1, 2, 1, 1, 1, 1, 3, 2, 3, 0, 4, 0, 1, 1, 0, 3, 2, 2, 2, 0, 1, 1, 0, 4, 0, 1, 2, 2, 1, 0, 0, 3, 2, 4, 1, 2, 1, 1, 1, 1, 1, 3, 0, 4, 3, 1, 1, 1, 1, 0, 4, 4, 2, 1, 1, 1, 1, 3, 1, 1, 1, 1, 1, 1, 1, 1, 2, 2, 1, 2, 1, 1, 2, 3, 1, 2]|[0, 2, 1, 1, 3, 0, 1, 0, 0, 0, 0, 0, 1, 0, 1, 0, 0, 3, 1, 0, 0, 0, 3, 1, 0, 2, 0, 0, 0, 1, 0, 0, 0, 0, 3, 0, 1, 0, 0, 2, 1, 1, 1, 0, 0, 0, 0, 2, 1, 0, 0, 0, 1, 3, 0, 0, 1, 2, 0, 1, 0, 0, 0, 1, 0, 2, 1, 0, 0, 1, 0, 3, 1, 1, 3, 3, 1, 0, 0, 2, 0, 0, 0, 0, 1, 0, 0, 0, 0, 0, 1, 1, 0, 0, 1, 1, 0, 0, 0, 0],837.9777466151338,57662.818208457764,93307.87391605499,false
10,G1_CMAX,G1_CMAX,[31, 22, 82, 15, 26, 9, 95, 42, 77, 12, 47, 5, 93, 78, 86, 54, 6, 63, 18, 44, 20, 35, 43, 97, 91, 76, 10, 30, 21, 45, 64, 1, 23, 17, 83, 24, 14, 60, 36, 13, 75, 46, 68, 67, 69, 79, 56, 65, 88, 40, 57, 85, 58, 19, 32, 81, 48, 27, 62, 87, 90, 99, 59, 11, 16, 72, 73, 71, 70, 39, 37, 84, 3, 98, 29, 28, 55, 25, 92, 7, 33, 61, 53, 41, 89, 50, 8, 96, 51, 80, 34, 4, 66, 2, 52, 49, 0, 94, 74, 38]|[1, 1, 0, 1, 1, 0, 1, 2, 2, 1, 2, 2, 2, 1, 1, 0, 0, 1, 0, 2, 2, 0, 1, 2, 0, 1, 2, 2, 0, 0, 2, 1, 2, 1, 0, 2, 2, 1, 1, 0, 0, 0, 0, 0, 2, 1, 2, 0, 1, 1, 1, 0, 1, 2, 1, 2, 1, 0, 0, 2, 1, 0, 1, 2, 1, 2, 1, 1, 1, 1, 1, 1, 1, 0, 0, 0, 1, 1, 0, 1, 0, 1, 0, 1, 1, 0, 1, 0, 0, 0, 2, 1, 2, 0, 1, 0, 0, 2, 2, 1]|[0, 3, 2, 2, 4, 1, 2, 2, 2, 4, 1, 1, 2, 4, 4, 1, 2, 4, 2, 1, 1, 1, 1, 2, 1, 2, 1, 1, 1, 1, 2, 3, 0, 4, 0, 1, 2, 0, 3, 2, 2, 2, 1, 0, 2, 0, 1, 1, 0, 2, 2, 2, 0, 0, 3, 2, 4, 1, 2, 2, 3, 1, 1, 1, 3, 0, 4, 3, 3, 1, 4, 1, 1, 1, 1, 2, 4, 4, 0, 1, 2, 3, 2, 4, 1, 1, 3, 1, 1, 1, 1, 4, 1, 2, 1, 1, 2, 2, 1, 1]|[0, 2, 1, 1, 3, 0, 1, 0, 0, 0, 0, 0, 1, 0, 1, 0, 1, 3, 1, 0, 0, 0, 3, 1, 0, 2, 0, 0, 0, 1, 0, 0, 0, 3, 0, 1, 1, 0, 2, 0, 0, 0, 0, 1, 0, 0, 0, 0, 0, 1, 1, 0, 3, 0, 0, 1, 2, 0, 1, 0, 2, 0, 1, 0, 2, 1, 0, 0, 0, 1, 1, 3, 1, 0, 0, 1, 3, 3, 1, 2, 1, 0, 1, 3, 1, 0, 2, 0, 0, 0, 0, 0, 0, 0, 1, 1, 0, 0, 0, 1],740.6648699319737,58345.503832923176,99227.13002615936,false
10,G4_BALANCED,G3_TWC,[31, 22, 82, 15, 26, 9, 95, 42, 77, 12, 47, 5, 93, 78, 86, 54, 85, 63, 18, 44, 20, 35, 43, 97, 91, 76, 10, 30, 21, 45, 71, 64, 1, 23, 17, 83, 24, 14, 60, 36, 41, 57, 40, 88, 65, 56, 79, 94, 67, 68, 46, 75, 38, 58, 19, 32, 81, 6, 27, 62, 87, 90, 99, 59, 11, 16, 72, 73, 69, 39, 37, 84, 3, 92, 25, 34, 28, 29, 51, 7, 66, 61, 98, 48, 89, 50, 33, 53, 80, 8, 96, 4, 55, 2, 52, 49, 0, 70, 74, 13]|[1, 1, 0, 1, 1, 0, 1, 2, 2, 1, 2, 2, 2, 1, 1, 0, 0, 1, 0, 2, 2, 0, 1, 2, 0, 1, 2, 2, 0, 0, 1, 2, 1, 2, 1, 0, 2, 0, 1, 1, 0, 1, 1, 1, 0, 2, 1, 1, 0, 0, 0, 0, 1, 1, 2, 1, 2, 1, 0, 0, 2, 2, 0, 1, 2, 1, 2, 1, 1, 1, 0, 1, 1, 0, 1, 2, 0, 0, 0, 1, 2, 1, 0, 0, 1, 0, 2, 0, 0, 0, 0, 0, 1, 0, 1, 0, 0, 1, 2, 0]|[4, 3, 2, 2, 4, 1, 2, 2, 2, 4, 1, 1, 2, 4, 4, 1, 2, 4, 2, 1, 1, 1, 1, 2, 1, 2, 1, 1, 1, 1, 3, 2, 3, 0, 4, 0, 1, 1, 0, 3, 2, 2, 2, 0, 1, 1, 0, 4, 0, 1, 2, 2, 1, 0, 0, 3, 2, 4, 1, 2, 1, 1, 1, 1, 1, 3, 0, 4, 4, 1, 1, 1, 1, 0, 4, 1, 2, 1, 1, 1, 1, 3, 1, 1, 1, 1, 1, 2, 1, 1, 1, 2, 4, 2, 1, 1, 2, 3, 1, 2]|[0, 2, 1, 1, 3, 0, 1, 0, 0, 0, 0, 0, 1, 0, 1, 0, 0, 3, 1, 0, 0, 0, 3, 1, 0, 2, 0, 0, 0, 1, 0, 0, 0, 0, 3, 0, 1, 0, 0, 2, 1, 1, 1, 0, 0, 0, 0, 2, 1, 0, 0, 0, 1, 3, 0, 0, 1, 2, 0, 1, 0, 0, 0, 1, 0, 2, 1, 0, 2, 1, 0, 3, 1, 1, 3, 0, 1, 0, 0, 2, 0, 0, 0, 0, 1, 0, 0, 1, 0, 0, 0, 1, 3, 0, 1, 1, 0, 0, 0, 0],850.7067808730133,57756.84792417857,92690.05694641556,true
10,G2_TEC,G2_TEC,[31, 22, 82, 15, 26, 9, 95, 42, 77, 68, 47, 5, 93, 78, 86, 54, 85, 63, 18, 44, 20, 49, 36, 14, 74, 50, 53, 17, 21, 45, 71, 64, 3, 23, 30, 83, 24, 41, 60, 52, 65, 27, 90, 70, 39, 87, 48, 69, 99, 4, 46, 1, 13, 58, 97, 59, 28, 8, 73, 37, 35, 79, 11, 66, 76, 57, 40, 80, 96, 6, 16, 61, 33, 98, 32, 81, 62, 67, 10, 7, 56, 88, 51, 19, 91, 38, 75, 92, 25, 84, 2, 55, 12, 43, 34, 0, 29, 94, 89, 72]|[2, 1, 2, 1, 1, 2, 1, 1, 1, 1, 1, 0, 2, 2, 1, 2, 0, 0, 0, 2, 2, 1, 0, 2, 0, 2, 2, 1, 0, 1, 1, 1, 0, 0, 1, 0, 2, 1, 2, 2, 0, 0, 1, 1, 0, 2, 0, 2, 1, 0, 0, 2, 2, 0, 2, 0, 2, 1, 0, 0, 2, 1, 0, 2, 2, 0, 2, 2, 0, 1, 2, 1, 1, 0, 0, 1, 1, 1, 1, 2, 2, 1, 1, 1, 1, 0, 0, 0, 1, 0, 2, 0, 1, 1, 1, 0, 1, 1, 1, 1]|[0, 3, 0, 2, 4, 1, 4, 4, 2, 4, 3, 2, 1, 0, 2, 1, 1, 1, 2, 1, 1, 3, 0, 1, 0, 1, 1, 4, 1, 4, 3, 2, 2, 0, 4, 1, 1, 4, 0, 1, 2, 1, 4, 4, 1, 1, 0, 2, 3, 1, 2, 1, 2, 1, 1, 2, 0, 3, 0, 2, 2, 3, 1, 0, 1, 0, 0, 1, 2, 4, 1, 3, 4, 2, 2, 4, 3, 3, 3, 1, 1, 4, 3, 4, 3, 2, 2, 2, 4, 2, 1, 2, 3, 4, 1, 2, 3, 4, 4, 4]|[0, 2, 0, 1, 3, 0, 1, 3, 0, 0, 2, 0, 1, 0, 1, 0, 0, 0, 1, 0, 0, 2, 0, 0, 1, 0, 0, 3, 0, 1, 0, 2, 0, 0, 3, 0, 1, 3, 1, 0, 0, 0, 1, 3, 0, 0, 1, 0, 2, 0, 0, 0, 0, 0, 1, 0, 0, 0, 1, 1, 0, 2, 0, 0, 0, 1, 0, 0, 0, 2, 0, 0, 1, 0, 0, 2, 0, 0, 3, 0, 0, 1, 0, 3, 0, 0, 0, 0, 3, 0, 0, 0, 0, 2, 1, 0, 0, 2, 1, 2],863.840939798981,52276.64155120768,112913.97169016399,false
10,G3_TWC,G3_TWC,[31, 22, 82, 15, 26, 9, 95, 42, 77, 12, 47, 5, 93, 78, 86, 54, 85, 63, 18, 44, 20, 35, 43, 97, 91, 76, 10, 30, 21, 45, 71, 64, 1, 23, 17, 83, 24, 14, 60, 36, 41, 57, 40, 88, 65, 56, 79, 94, 67, 68, 46, 75, 38, 58, 19, 32, 81, 6, 27, 62, 87, 90, 99, 59, 11, 16, 72, 73, 69, 39, 37, 84, 3, 92, 25, 55, 28, 29, 51, 7, 66, 61, 98, 48, 89, 50, 33, 96, 80, 8, 53, 4, 34, 2, 52, 49, 0, 70, 74, 13]|[1, 1, 0, 1, 1, 0, 1, 2, 2, 1, 2, 2, 2, 1, 1, 0, 0, 1, 0, 2, 2, 0, 1, 2, 0, 1, 2, 2, 0, 0, 1, 2, 1, 2, 1, 0, 2, 0, 1, 1, 0, 1, 1, 1, 0, 2, 1, 1, 0, 0, 0, 0, 1, 1, 2, 1, 2, 1, 0, 0, 2, 2, 0, 1, 2, 1, 2, 1, 1, 1, 0, 1, 1, 0, 1, 1, 0, 0, 0, 1, 2, 1, 2, 0, 1, 0, 2, 0, 0, 0, 0, 0, 2, 0, 1, 0, 0, 1, 2, 0]|[4, 3, 2, 2, 4, 1, 2, 2, 2, 4, 1, 1, 2, 4, 4, 1, 2, 4, 2, 1, 1, 1, 1, 2, 1, 2, 1, 1, 1, 1, 3, 2, 3, 0, 4, 0, 1, 1, 0, 3, 2, 2, 2, 0, 1, 1, 0, 4, 0, 1, 2, 2, 1, 0, 0, 3, 2, 4, 1, 2, 1, 1, 1, 1, 1, 3, 0, 4, 3, 1, 1, 1, 1, 0, 4, 4, 2, 1, 1, 1, 1, 3, 1, 1, 1, 1, 1, 1, 1, 1, 2, 2, 1, 2, 1, 1, 2, 3, 1, 2]|[0, 2, 1, 1, 3, 0, 1, 0, 0, 0, 0, 0, 1, 0, 1, 0, 0, 3, 1, 0, 0, 0, 3, 1, 0, 2, 0, 0, 0, 1, 0, 0, 0, 0, 3, 0, 1, 0, 0, 2, 1, 1, 1, 0, 0, 0, 0, 2, 1, 0, 0, 0, 1, 3, 0, 0, 1, 2, 0, 1, 0, 0, 0, 1, 0, 2, 1, 0, 0, 1, 0, 3, 1, 1, 3, 3, 1, 0, 0, 2, 0, 0, 0, 0, 1, 0, 0, 0, 0, 0, 1, 1, 0, 0, 1, 1, 0, 0, 0, 0],837.9777466151338,57662.818208457764,93307.87391605499,false
10,G1_CMAX,G1_CMAX,[31, 22, 82, 15, 26, 9, 95, 42, 77, 12, 47, 5, 93, 78, 86, 54, 6, 63, 18, 44, 20, 35, 43, 97, 91, 76, 10, 30, 21, 45, 64, 1, 23, 17, 83, 24, 14, 60, 36, 13, 75, 46, 68, 67, 69, 79, 56, 65, 88, 40, 57, 85, 58, 19, 32, 81, 48, 27, 62, 87, 90, 99, 59, 11, 16, 72, 73, 71, 70, 39, 37, 84, 3, 98, 29, 28, 55, 25, 92, 7, 33, 61, 53, 41, 89, 50, 8, 96, 51, 80, 34, 4, 66, 2, 52, 49, 0, 94, 74, 38]|[1, 1, 0, 1, 1, 0, 1, 2, 2, 1, 2, 2, 2, 1, 1, 0, 0, 1, 0, 2, 2, 0, 1, 2, 0, 1, 2, 2, 0, 0, 2, 1, 2, 1, 0, 2, 2, 1, 1, 0, 0, 0, 0, 0, 2, 1, 2, 0, 1, 1, 1, 0, 1, 2, 1, 2, 1, 0, 0, 2, 1, 0, 1, 2, 1, 2, 1, 1, 1, 1, 1, 1, 1, 0, 0, 0, 1, 1, 0, 1, 0, 1, 0, 1, 1, 0, 1, 0, 0, 0, 2, 1, 2, 0, 1, 0, 0, 2, 2, 1]|[0, 3, 2, 2, 4, 1, 2, 2, 2, 4, 1, 1, 2, 4, 4, 1, 2, 4, 2, 1, 1, 1, 1, 2, 1, 2, 1, 1, 1, 1, 2, 3, 0, 4, 0, 1, 2, 0, 3, 2, 2, 2, 1, 0, 2, 0, 1, 1, 0, 2, 2, 2, 0, 0, 3, 2, 4, 1, 2, 2, 3, 1, 1, 1, 3, 0, 4, 3, 3, 1, 4, 1, 1, 1, 1, 2, 4, 4, 0, 1, 2, 3, 2, 4, 1, 1, 3, 1, 1, 1, 1, 4, 1, 2, 1, 1, 2, 2, 1, 1]|[0, 2, 1, 1, 3, 0, 1, 0, 0, 0, 0, 0, 1, 0, 1, 0, 1, 3, 1, 0, 0, 0, 3, 1, 0, 2, 0, 0, 0, 1, 0, 0, 0, 3, 0, 1, 1, 0, 2, 0, 0, 0, 0, 1, 0, 0, 0, 0, 0, 1, 1, 0, 3, 0, 0, 1, 2, 0, 1, 0, 2, 0, 1, 0, 2, 1, 0, 0, 0, 1, 1, 3, 1, 0, 0, 1, 3, 3, 1, 2, 1, 0, 1, 3, 1, 0, 2, 0, 0, 0, 0, 0, 0, 0, 1, 1, 0, 0, 0, 1],740.6648699319737,58345.503832923176,99227.13002615936,false
10,G4_BALANCED,G4_BALANCED,[31, 22, 82, 15, 26, 9, 95, 42, 77, 12, 47, 5, 93, 78, 86, 54, 85, 63, 18, 44, 20, 35, 43, 97, 91, 76, 10, 30, 21, 45, 71, 64, 1, 23, 17, 83, 24, 14, 60, 36, 41, 57, 40, 88, 65, 56, 79, 94, 67, 68, 46, 75, 38, 58, 19, 32, 81, 6, 27, 62, 87, 90, 99, 59, 11, 16, 72, 73, 69, 39, 37, 84, 3, 92, 25, 55, 29, 28, 51, 7, 66, 61, 98, 48, 89, 50, 33, 96, 53, 8, 80, 4, 34, 2, 52, 49, 0, 70, 74, 13]|[1, 1, 0, 1, 1, 0, 1, 2, 2, 1, 2, 2, 2, 1, 1, 0, 0, 1, 0, 2, 2, 0, 1, 2, 0, 1, 2, 2, 0, 0, 1, 2, 1, 2, 1, 0, 2, 0, 1, 1, 0, 1, 1, 1, 0, 2, 1, 1, 0, 0, 0, 0, 1, 1, 2, 1, 2, 1, 0, 0, 2, 1, 0, 1, 2, 1, 2, 1, 1, 1, 0, 1, 1, 0, 1, 1, 0, 0, 0, 1, 2, 1, 2, 0, 1, 0, 2, 0, 0, 1, 0, 1, 2, 0, 1, 0, 0, 1, 2, 0]|[4, 3, 2, 2, 4, 1, 2, 2, 2, 4, 1, 1, 2, 4, 4, 1, 2, 4, 2, 1, 1, 1, 1, 2, 1, 2, 1, 1, 1, 1, 3, 2, 3, 0, 4, 0, 1, 1, 0, 3, 2, 2, 2, 0, 1, 1, 0, 4, 0, 1, 2, 2, 1, 0, 0, 3, 2, 4, 1, 2, 1, 3, 1, 1, 1, 3, 0, 4, 3, 1, 1, 1, 1, 0, 4, 4, 1, 2, 1, 1, 1, 3, 1, 1, 1, 1, 1, 1, 2, 3, 1, 4, 1, 2, 1, 1, 2, 4, 1, 2]|[0, 2, 1, 1, 3, 0, 1, 0, 0, 0, 0, 0, 1, 0, 1, 0, 0, 3, 1, 0, 0, 0, 3, 1, 0, 2, 0, 0, 0, 1, 0, 0, 0, 0, 3, 0, 1, 0, 0, 2, 1, 1, 1, 0, 0, 0, 0, 2, 1, 0, 0, 0, 1, 3, 0, 0, 1, 2, 0, 1, 0, 2, 0, 1, 0, 2, 1, 0, 0, 1, 0, 3, 1, 1, 3, 3, 0, 1, 0, 2, 0, 0, 0, 0, 1, 0, 0, 0, 1, 2, 0, 0, 0, 0, 1, 1, 0, 2, 0, 0],807.2936184304237,57364.75968150406,94030.08935866722,false
10,G2_TEC,G2_TEC,[31, 22, 82, 15, 26, 9, 95, 42, 77, 68, 47, 5, 93, 78, 86, 54, 85, 63, 18, 44, 20, 49, 36, 14, 74, 50, 53, 17, 21, 45, 71, 64, 3, 23, 30, 83, 24, 41, 60, 52, 65, 27, 90, 70, 39, 87, 48, 69, 99, 4, 46, 1, 13, 58, 97, 59, 28, 8, 73, 37, 35, 79, 11, 66, 76, 57, 40, 80, 96, 6, 16, 61, 33, 98, 32, 81, 62, 67, 10, 7, 56, 88, 51, 19, 91, 38, 75, 92, 25, 84, 2, 55, 12, 43, 34, 0, 29, 94, 89, 72]|[2, 1, 2, 1, 1, 2, 1, 1, 1, 1, 1, 0, 2, 2, 1, 2, 0, 0, 0, 2, 2, 1, 0, 2, 0, 2, 2, 1, 0, 1, 1, 1, 0, 0, 1, 0, 2, 1, 2, 2, 0, 0, 1, 1, 0, 2, 0, 2, 1, 0, 0, 2, 2, 0, 2, 0, 2, 1, 0, 0, 2, 1, 0, 2, 2, 0, 2, 2, 0, 1, 2, 1, 1, 0, 0, 1, 1, 1, 1, 2, 2, 1, 1, 1, 1, 0, 0, 0, 1, 0, 2, 0, 1, 1, 1, 0, 1, 1, 1, 1]|[0, 3, 0, 2, 4, 1, 4, 4, 2, 4, 3, 2, 1, 0, 2, 1, 1, 1, 2, 1, 1, 3, 0, 1, 0, 1, 1, 4, 1, 4, 3, 2, 2, 0, 4, 1, 1, 4, 0, 1, 2, 1, 4, 4, 1, 1, 0, 2, 3, 1, 2, 1, 2, 1, 1, 2, 0, 3, 0, 2, 2, 3, 1, 0, 1, 0, 0, 1, 2, 4, 1, 3, 4, 2, 2, 4, 3, 3, 3, 1, 1, 4, 3, 4, 3, 2, 2, 2, 4, 2, 1, 2, 3, 4, 1, 2, 3, 4, 4, 4]|[0, 2, 0, 1, 3, 0, 1, 3, 0, 0, 2, 0, 1, 0, 1, 0, 0, 0, 1, 0, 0, 2, 0, 0, 1, 0, 0, 3, 0, 1, 0, 2, 0, 0, 3, 0, 1, 3, 1, 0, 0, 0, 1, 3, 0, 0, 1, 0, 2, 0, 0, 0, 0, 0, 1, 0, 0, 0, 1, 1, 0, 2, 0, 0, 0, 1, 0, 0, 0, 2, 0, 0, 1, 0, 0, 2, 0, 0, 3, 0, 0, 1, 0, 3, 0, 0, 0, 0, 3, 0, 0, 0, 0, 2, 1, 0, 0, 2, 1, 2],863.840939798981,52276.64155120768,112913.97169016399,false
10,G3_TWC,G3_TWC,[31, 22, 82, 15, 26, 9, 95, 42, 77, 12, 47, 5, 93, 78, 86, 54, 85, 63, 18, 44, 20, 35, 43, 97, 91, 76, 10, 30, 21, 45, 71, 64, 1, 23, 17, 83, 24, 14, 60, 36, 41, 57, 40, 88, 65, 56, 79, 94, 67, 68, 46, 75, 38, 58, 19, 32, 81, 6, 27, 62, 87, 90, 99, 59, 11, 16, 72, 73, 69, 39, 37, 84, 3, 92, 25, 55, 28, 29, 51, 7, 66, 61, 98, 48, 89, 50, 33, 96, 80, 8, 53, 4, 34, 2, 52, 49, 0, 70, 74, 13]|[1, 1, 0, 1, 1, 0, 1, 2, 2, 1, 2, 2, 2, 1, 1, 0, 0, 1, 0, 2, 2, 0, 1, 2, 0, 1, 2, 2, 0, 0, 1, 2, 1, 2, 1, 0, 2, 0, 1, 1, 0, 1, 1, 1, 0, 2, 1, 1, 0, 0, 0, 0, 1, 1, 2, 1, 2, 1, 0, 0, 2, 2, 0, 1, 2, 1, 2, 1, 1, 1, 0, 1, 1, 0, 1, 1, 0, 0, 0, 1, 2, 1, 2, 0, 1, 0, 2, 0, 0, 0, 0, 0, 2, 0, 1, 0, 0, 1, 2, 0]|[4, 3, 2, 2, 4, 1, 2, 2, 2, 4, 1, 1, 2, 4, 4, 1, 2, 4, 2, 1, 1, 1, 1, 2, 1, 2, 1, 1, 1, 1, 3, 2, 3, 0, 4, 0, 1, 1, 0, 3, 2, 2, 2, 0, 1, 1, 0, 4, 0, 1, 2, 2, 1, 0, 0, 3, 2, 4, 1, 2, 1, 1, 1, 1, 1, 3, 0, 4, 3, 1, 1, 1, 1, 0, 4, 4, 2, 1, 1, 1, 1, 3, 1, 1, 1, 1, 1, 1, 1, 1, 2, 2, 1, 2, 1, 1, 2, 3, 1, 2]|[0, 2, 1, 1, 3, 0, 1, 0, 0, 0, 0, 0, 1, 0, 1, 0, 0, 3, 1, 0, 0, 0, 3, 1, 0, 2, 0, 0, 0, 1, 0, 0, 0, 0, 3, 0, 1, 0, 0, 2, 1, 1, 1, 0, 0, 0, 0, 2, 1, 0, 0, 0, 1, 3, 0, 0, 1, 2, 0, 1, 0, 0, 0, 1, 0, 2, 1, 0, 0, 1, 0, 3, 1, 1, 3, 3, 1, 0, 0, 2, 0, 0, 0, 0, 1, 0, 0, 0, 0, 0, 1, 1, 0, 0, 1, 1, 0, 0, 0, 0],837.9777466151338,57662.818208457764,93307.87391605499,false
10,G1_CMAX,G1_CMAX,[31, 22, 82, 15, 26, 9, 95, 42, 77, 12, 47, 5, 93, 78, 86, 54, 6, 63, 18, 44, 20, 35, 43, 97, 91, 76, 10, 30, 21, 45, 64, 1, 23, 17, 83, 24, 14, 60, 36, 13, 75, 46, 68, 67, 69, 79, 56, 65, 88, 40, 57, 85, 58, 19, 32, 81, 48, 27, 62, 87, 90, 99, 59, 11, 16, 72, 73, 71, 70, 39, 37, 84, 3, 98, 29, 28, 55, 25, 92, 7, 33, 61, 53, 41, 89, 50, 8, 96, 51, 80, 34, 4, 66, 2, 52, 49, 0, 94, 74, 38]|[1, 1, 0, 1, 1, 0, 1, 2, 2, 1, 2, 2, 2, 1, 1, 0, 0, 1, 0, 2, 2, 0, 1, 2, 0, 1, 2, 2, 0, 0, 2, 1, 2, 1, 0, 2, 2, 1, 1, 0, 0, 0, 0, 0, 2, 1, 2, 0, 1, 1, 1, 0, 1, 2, 1, 2, 1, 0, 0, 2, 1, 0, 1, 2, 1, 2, 1, 1, 1, 1, 1, 1, 1, 0, 0, 0, 1, 1, 0, 1, 0, 1, 0, 1, 1, 0, 1, 0, 0, 0, 2, 1, 2, 0, 1, 0, 0, 2, 2, 1]|[0, 3, 2, 2, 4, 1, 2, 2, 2, 4, 1, 1, 2, 4, 4, 1, 2, 4, 2, 1, 1, 1, 1, 2, 1, 2, 1, 1, 1, 1, 2, 3, 0, 4, 0, 1, 2, 0, 3, 2, 2, 2, 1, 0, 2, 0, 1, 1, 0, 2, 2, 2, 0, 0, 3, 2, 4, 1, 2, 2, 3, 1, 1, 1, 3, 0, 4, 3, 3, 1, 4, 1, 1, 1, 1, 2, 4, 4, 0, 1, 2, 3, 2, 4, 1, 1, 3, 1, 1, 1, 1, 4, 1, 2, 1, 1, 2, 2, 1, 1]|[0, 2, 1, 1, 3, 0, 1, 0, 0, 0, 0, 0, 1, 0, 1, 0, 1, 3, 1, 0, 0, 0, 3, 1, 0, 2, 0, 0, 0, 1, 0, 0, 0, 3, 0, 1, 1, 0, 2, 0, 0, 0, 0, 1, 0, 0, 0, 0, 0, 1, 1, 0, 3, 0, 0, 1, 2, 0, 1, 0, 2, 0, 1, 0, 2, 1, 0, 0, 0, 1, 1, 3, 1, 0, 0, 1, 3, 3, 1, 2, 1, 0, 1, 3, 1, 0, 2, 0, 0, 0, 0, 0, 0, 0, 1, 1, 0, 0, 0, 1],740.6648699319737,58345.503832923176,99227.13002615936,false
10,G4_BALANCED,G4_BALANCED,[31, 22, 82, 15, 26, 9, 95, 42, 77, 12, 47, 5, 93, 78, 86, 54, 85, 63, 18, 44, 20, 35, 43, 97, 91, 76, 10, 30, 21, 45, 71, 64, 1, 23, 17, 83, 24, 14, 60, 36, 41, 57, 40, 88, 65, 56, 79, 94, 67, 68, 46, 75, 38, 58, 19, 32, 81, 6, 27, 62, 87, 90, 99, 59, 11, 16, 72, 73, 69, 39, 37, 84, 3, 92, 25, 55, 29, 28, 51, 7, 66, 61, 98, 48, 89, 50, 33, 96, 53, 8, 80, 4, 34, 2, 52, 49, 0, 70, 74, 13]|[1, 1, 0, 1, 1, 0, 1, 2, 2, 1, 2, 2, 2, 1, 1, 0, 0, 1, 0, 2, 2, 0, 1, 2, 0, 1, 2, 2, 0, 0, 1, 2, 1, 2, 1, 0, 2, 0, 1, 1, 0, 1, 1, 1, 0, 2, 1, 1, 0, 0, 0, 0, 1, 1, 2, 1, 2, 1, 0, 0, 2, 1, 0, 1, 2, 1, 2, 1, 1, 1, 0, 1, 1, 0, 1, 1, 0, 0, 0, 1, 2, 1, 2, 0, 1, 0, 2, 0, 0, 1, 0, 1, 2, 0, 1, 0, 0, 1, 2, 0]|[4, 3, 2, 2, 4, 1, 2, 2, 2, 4, 1, 1, 2, 4, 4, 1, 2, 4, 2, 1, 1, 1, 1, 2, 1, 2, 1, 1, 1, 1, 3, 2, 3, 0, 4, 0, 1, 1, 0, 3, 2, 2, 2, 0, 1, 1, 0, 4, 0, 1, 2, 2, 1, 0, 0, 3, 2, 4, 1, 2, 1, 3, 1, 1, 1, 3, 0, 4, 3, 1, 1, 1, 1, 0, 4, 4, 1, 2, 1, 1, 1, 3, 1, 1, 1, 1, 1, 1, 2, 3, 1, 4, 1, 2, 1, 1, 2, 4, 1, 2]|[0, 2, 1, 1, 3, 0, 1, 0, 0, 0, 0, 0, 1, 0, 1, 0, 0, 3, 1, 0, 0, 0, 3, 1, 0, 2, 0, 0, 0, 1, 0, 0, 0, 0, 3, 0, 1, 0, 0, 2, 1, 1, 1, 0, 0, 0, 0, 2, 1, 0, 0, 0, 1, 3, 0, 0, 1, 2, 0, 1, 0, 2, 0, 1, 0, 2, 1, 0, 0, 1, 0, 3, 1, 1, 3, 3, 0, 1, 0, 2, 0, 0, 0, 0, 1, 0, 0, 0, 1, 2, 0, 0, 0, 0, 1, 1, 0, 2, 0, 0],807.2936184304237,57364.75968150406,94030.08935866722,false
10,G2_TEC,G4_BALANCED,[31, 22, 82, 15, 26, 9, 95, 42, 77, 12, 47, 5, 93, 78, 86, 54, 85, 63, 18, 44, 20, 35, 43, 97, 91, 76, 10, 30, 21, 45, 71, 64, 1, 23, 17, 83, 24, 14, 60, 36, 6, 57, 40, 88, 65, 56, 79, 69, 67, 68, 46, 75, 38, 58, 19, 32, 81, 48, 27, 62, 87, 90, 99, 59, 11, 16, 72, 73, 70, 39, 37, 84, 3, 92, 25, 55, 28, 29, 51, 7, 66, 61, 98, 41, 89, 50, 33, 96, 80, 53, 8, 34, 4, 2, 52, 49, 0, 94, 74, 13]|[1, 1, 0, 1, 1, 0, 1, 2, 2, 1, 2, 2, 2, 1, 1, 0, 0, 1, 0, 2, 2, 0, 1, 2, 0, 1, 2, 2, 0, 0, 1, 2, 1, 2, 1, 0, 2, 0, 1, 1, 0, 1, 1, 1, 0, 2, 1, 1, 0, 0, 0, 0, 0, 1, 2, 1, 2, 1, 0, 0, 2, 1, 0, 1, 2, 1, 2, 1, 1, 1, 1, 1, 1, 0, 1, 1, 0, 0, 0, 1, 2, 1, 0, 0, 1, 0, 2, 0, 0, 0, 1, 2, 1, 0, 2, 0, 0, 1, 2, 0]|[4, 3, 2, 2, 4, 1, 2, 2, 2, 4, 1, 1, 2, 4, 4, 1, 2, 4, 2, 1, 1, 1, 1, 2, 1, 2, 1, 1, 1, 1, 3, 2, 3, 1, 4, 0, 1, 1, 0, 3, 2, 2, 2, 0, 1, 1, 0, 4, 0, 1, 2, 2, 0, 4, 0, 3, 2, 4, 1, 2, 2, 3, 1, 1, 1, 3, 0, 4, 3, 1, 4, 1, 1, 0, 4, 4, 2, 1, 1, 1, 1, 3, 1, 1, 1, 1, 1, 1, 1, 2, 3, 1, 4, 2, 1, 1, 2, 4, 1, 2]|[0, 2, 1, 1, 3, 0, 1, 0, 0, 0, 0, 0, 1, 0, 1, 0, 0, 3, 1, 0, 0, 0, 3, 1, 0, 2, 0, 0, 0, 1, 0, 0, 0, 0, 3, 0, 1, 0, 0, 2, 1, 1, 1, 0, 0, 0, 0, 2, 1, 0, 0, 0, 0, 3, 0, 0, 1, 2, 0, 1, 0, 2, 0, 1, 0, 2, 1, 0, 0, 1, 1, 3, 1, 1, 3, 3, 1, 0, 0, 2, 0, 0, 0, 0, 1, 0, 0, 0, 0, 1, 2, 0, 0, 0, 0, 1, 0, 2, 0, 0],847.7634806609497,56057.7374074487,101023.70393085956,true
10,G3_TWC,G3_TWC,[31, 22, 82, 15, 26, 9, 95, 42, 77, 12, 47, 5, 93, 78, 86, 54, 85, 63, 18, 44, 20, 35, 43, 97, 91, 76, 10, 30, 21, 45, 71, 64, 1, 23, 17, 83, 24, 14, 60, 36, 41, 57, 40, 88, 65, 56, 79, 94, 67, 68, 46, 75, 38, 58, 19, 32, 81, 6, 27, 62, 87, 90, 99, 59, 11, 16, 72, 73, 69, 39, 37, 84, 3, 92, 25, 55, 28, 29, 51, 7, 66, 61, 98, 48, 89, 50, 33, 96, 80, 8, 53, 4, 34, 2, 52, 49, 0, 70, 74, 13]|[1, 1, 0, 1, 1, 0, 1, 2, 2, 1, 2, 2, 2, 1, 1, 0, 0, 1, 0, 2, 2, 0, 1, 2, 0, 1, 2, 2, 0, 0, 1, 2, 1, 2, 1, 0, 2, 0, 1, 1, 0, 1, 1, 1, 0, 2, 1, 1, 0, 0, 0, 0, 1, 1, 2, 1, 2, 1, 0, 0, 2, 2, 0, 1, 2, 1, 2, 1, 1, 1, 0, 1, 1, 0, 1, 1, 0, 0, 0, 1, 2, 1, 2, 0, 1, 0, 2, 0, 0, 0, 0, 0, 2, 0, 1, 0, 0, 1, 2, 0]|[4, 3, 2, 2, 4, 1, 2, 2, 2, 4, 1, 1, 2, 4, 4, 1, 2, 4, 2, 1, 1, 1, 1, 2, 1, 2, 1, 1, 1, 1, 3, 2, 3, 0, 4, 0, 1, 1, 0, 3, 2, 2, 2, 0, 1, 1, 0, 4, 0, 1, 2, 2, 1, 0, 0, 3, 2, 4, 1, 2, 1, 1, 1, 1, 1, 3, 0, 4, 3, 1, 1, 1, 1, 0, 4, 4, 2, 1, 1, 1, 1, 3, 1, 1, 1, 1, 1, 1, 1, 1, 2, 2, 1, 2, 1, 1, 2, 3, 1, 2]|[0, 2, 1, 1, 3, 0, 1, 0, 0, 0, 0, 0, 1, 0, 1, 0, 0, 3, 1, 0, 0, 0, 3, 1, 0, 2, 0, 0, 0, 1, 0, 0, 0, 0, 3, 0, 1, 0, 0, 2, 1, 1, 1, 0, 0, 0, 0, 2, 1, 0, 0, 0, 1, 3, 0, 0, 1, 2, 0, 1, 0, 0, 0, 1, 0, 2, 1, 0, 0, 1, 0, 3, 1, 1, 3, 3, 1, 0, 0, 2, 0, 0, 0, 0, 1, 0, 0, 0, 0, 0, 1, 1, 0, 0, 1, 1, 0, 0, 0, 0],837.9777466151338,57662.818208457764,93307.87391605499,false
10,G1_CMAX,G1_CMAX,[31, 22, 82, 15, 26, 9, 95, 42, 77, 12, 47, 5, 93, 78, 86, 54, 6, 63, 18, 44, 20, 35, 43, 97, 91, 76, 10, 30, 21, 45, 64, 1, 23, 17, 83, 24, 14, 60, 36, 13, 75, 46, 68, 67, 69, 79, 56, 65, 88, 40, 57, 85, 58, 19, 32, 81, 48, 27, 62, 87, 90, 99, 59, 11, 16, 72, 73, 71, 70, 39, 37, 84, 3, 98, 29, 28, 55, 25, 92, 7, 33, 61, 53, 41, 89, 50, 8, 96, 51, 80, 34, 4, 66, 2, 52, 49, 0, 94, 74, 38]|[1, 1, 0, 1, 1, 0, 1, 2, 2, 1, 2, 2, 2, 1, 1, 0, 0, 1, 0, 2, 2, 0, 1, 2, 0, 1, 2, 2, 0, 0, 2, 1, 2, 1, 0, 2, 2, 1, 1, 0, 0, 0, 0, 0, 2, 1, 2, 0, 1, 1, 1, 0, 1, 2, 1, 2, 1, 0, 0, 2, 1, 0, 1, 2, 1, 2, 1, 1, 1, 1, 1, 1, 1, 0, 0, 0, 1, 1, 0, 1, 0, 1, 0, 1, 1, 0, 1, 0, 0, 0, 2, 1, 2, 0, 1, 0, 0, 2, 2, 1]|[0, 3, 2, 2, 4, 1, 2, 2, 2, 4, 1, 1, 2, 4, 4, 1, 2, 4, 2, 1, 1, 1, 1, 2, 1, 2, 1, 1, 1, 1, 2, 3, 0, 4, 0, 1, 2, 0, 3, 2, 2, 2, 1, 0, 2, 0, 1, 1, 0, 2, 2, 2, 0, 0, 3, 2, 4, 1, 2, 2, 3, 1, 1, 1, 3, 0, 4, 3, 3, 1, 4, 1, 1, 1, 1, 2, 4, 4, 0, 1, 2, 3, 2, 4, 1, 1, 3, 1, 1, 1, 1, 4, 1, 2, 1, 1, 2, 2, 1, 1]|[0, 2, 1, 1, 3, 0, 1, 0, 0, 0, 0, 0, 1, 0, 1, 0, 1, 3, 1, 0, 0, 0, 3, 1, 0, 2, 0, 0, 0, 1, 0, 0, 0, 3, 0, 1, 1, 0, 2, 0, 0, 0, 0, 1, 0, 0, 0, 0, 0, 1, 1, 0, 3, 0, 0, 1, 2, 0, 1, 0, 2, 0, 1, 0, 2, 1, 0, 0, 0, 1, 1, 3, 1, 0, 0, 1, 3, 3, 1, 2, 1, 0, 1, 3, 1, 0, 2, 0, 0, 0, 0, 0, 0, 0, 1, 1, 0, 0, 0, 1],740.6648699319737,58345.503832923176,99227.13002615936,false
10,G4_BALANCED,G4_BALANCED,[31, 22, 82, 15, 26, 58, 95, 42, 77, 12, 47, 5, 93, 78, 86, 54, 85, 63, 18, 44, 20, 35, 43, 97, 91, 76, 10, 30, 21, 45, 71, 64, 1, 23, 17, 83, 24, 14, 60, 36, 6, 57, 40, 88, 65, 56, 79, 94, 67, 68, 46, 75, 38, 9, 19, 32, 81, 41, 27, 62, 87, 90, 99, 59, 11, 16, 72, 73, 70, 39, 37, 84, 3, 92, 25, 34, 28, 29, 51, 7, 66, 61, 98, 48, 89, 50, 33, 96, 53, 8, 80, 4, 55, 2, 52, 49, 0, 69, 74, 13]|[1, 1, 0, 1, 1, 0, 1, 2, 2, 1, 2, 2, 2, 1, 1, 0, 0, 1, 0, 2, 2, 0, 1, 2, 0, 1, 2, 2, 0, 0, 1, 2, 1, 2, 1, 0, 2, 0, 1, 1, 0, 1, 1, 1, 0, 2, 1, 1, 0, 0, 0, 0, 1, 1, 2, 1, 2, 0, 0, 0, 2, 1, 0, 1, 2, 1, 2, 1, 1, 1, 1, 1, 1, 0, 1, 2, 0, 0, 0, 1, 2, 1, 2, 0, 1, 0, 2, 2, 0, 1, 0, 1, 2, 0, 1, 0, 0, 1, 2, 0]|[4, 3, 2, 2, 4, 1, 2, 2, 2, 4, 1, 1, 2, 4, 4, 1, 2, 4, 2, 1, 1, 1, 1, 2, 1, 2, 1, 1, 1, 1, 3, 2, 3, 1, 4, 0, 1, 1, 0, 3, 2, 2, 2, 0, 1, 1, 0, 4, 0, 1, 2, 2, 1, 4, 0, 3, 2, 1, 1, 2, 1, 3, 1, 1, 1, 3, 0, 4, 3, 1, 4, 1, 1, 0, 4, 1, 2, 1, 1, 1, 1, 3, 1, 1, 1, 1, 1, 1, 2, 3, 1, 4, 1, 2, 1, 1, 2, 4, 1, 2]|[0, 2, 1, 1, 3, 0, 1, 0, 0, 0, 0, 0, 1, 0, 1, 0, 0, 3, 1, 0, 0, 0, 3, 1, 0, 2, 0, 0, 0, 1, 0, 0, 0, 0, 3, 0, 1, 0, 0, 2, 1, 1, 1, 0, 0, 0, 0, 2, 1, 0, 0, 0, 1, 3, 0, 0, 1, 0, 0, 1, 0, 2, 0, 1, 0, 2, 1, 0, 0, 1, 1, 3, 1, 1, 3, 0, 1, 0, 0, 2, 0, 0, 0, 0, 1, 0, 0, 0, 1, 2, 0, 0, 0, 0, 1, 1, 0, 2, 0, 0],748.9199420531638,56544.31022740083,94987.92819114045,false
10,G2_TEC,G2_TEC,[31, 22, 82, 15, 26, 9, 95, 42, 77, 68, 47, 5, 93, 78, 86, 54, 85, 63, 18, 44, 20, 49, 36, 14, 74, 50, 53, 17, 21, 45, 71, 64, 3, 23, 30, 83, 24, 41, 60, 52, 65, 27, 90, 70, 39, 87, 48, 69, 99, 4, 46, 1, 13, 58, 97, 59, 28, 8, 73, 37, 35, 79, 11, 66, 76, 57, 40, 80, 96, 6, 16, 61, 33, 98, 32, 81, 62, 67, 10, 7, 56, 88, 51, 19, 91, 38, 75, 92, 25, 84, 2, 55, 12, 43, 34, 0, 29, 94, 89, 72]|[2, 1, 2, 1, 1, 2, 1, 1, 1, 1, 1, 0, 2, 2, 1, 2, 0, 0, 0, 2, 2, 1, 0, 2, 0, 2, 2, 1, 0, 1, 1, 1, 0, 0, 1, 0, 2, 1, 2, 2, 0, 0, 1, 1, 0, 2, 0, 2, 1, 0, 0, 2, 2, 0, 2, 0, 2, 1, 0, 0, 2, 1, 0, 2, 2, 0, 2, 2, 0, 1, 2, 1, 1, 0, 0, 1, 1, 1, 1, 2, 2, 1, 1, 1, 1, 0, 0, 0, 1, 0, 2, 0, 1, 1, 1, 0, 1, 1, 1, 1]|[0, 3, 0, 2, 4, 1, 4, 4, 2, 4, 3, 2, 1, 0, 2, 1, 1, 1, 2, 1, 1, 3, 0, 1, 0, 1, 1, 4, 1, 4, 3, 2, 2, 0, 4, 1, 1, 4, 0, 1, 2, 1, 4, 4, 1, 1, 0, 2, 3, 1, 2, 1, 2, 1, 1, 2, 0, 3, 0, 2, 2, 3, 1, 0, 1, 0, 0, 1, 2, 4, 1, 3, 4, 2, 2, 4, 3, 3, 3, 1, 1, 4, 3, 4, 3, 2, 2, 2, 4, 2, 1, 2, 3, 4, 1, 2, 3, 4, 4, 4]|[0, 2, 0, 1, 3, 0, 1, 3, 0, 0, 2, 0, 1, 0, 1, 0, 0, 0, 1, 0, 0, 2, 0, 0, 1, 0, 0, 3, 0, 1, 0, 2, 0, 0, 3, 0, 1, 3, 1, 0, 0, 0, 1, 3, 0, 0, 1, 0, 2, 0, 0, 0, 0, 0, 1, 0, 0, 0, 1, 1, 0, 2, 0, 0, 0, 1, 0, 0, 0, 2, 0, 0, 1, 0, 0, 2, 0, 0, 3, 0, 0, 1, 0, 3, 0, 0, 0, 0, 3, 0, 0, 0, 0, 2, 1, 0, 0, 2, 1, 2],863.840939798981,52276.64155120768,112913.97169016399,false
10,G3_TWC,G3_TWC,[31, 22, 82, 15, 26, 9, 95, 42, 77, 12, 47, 5, 93, 78, 86, 54, 85, 63, 18, 44, 20, 35, 43, 97, 91, 76, 10, 30, 21, 45, 71, 64, 1, 23, 17, 83, 24, 14, 60, 36, 41, 57, 40, 88, 65, 56, 79, 94, 67, 68, 46, 75, 38, 58, 19, 32, 81, 6, 27, 62, 87, 90, 99, 59, 11, 16, 72, 73, 69, 39, 37, 84, 3, 92, 25, 55, 28, 29, 51, 7, 66, 61, 98, 48, 89, 50, 33, 96, 80, 8, 53, 4, 34, 2, 52, 49, 0, 70, 74, 13]|[1, 1, 0, 1, 1, 0, 1, 2, 2, 1, 2, 2, 2, 1, 1, 0, 0, 1, 0, 2, 2, 0, 1, 2, 0, 1, 2, 2, 0, 0, 1, 2, 1, 2, 1, 0, 2, 0, 1, 1, 0, 1, 1, 1, 0, 2, 1, 1, 0, 0, 0, 0, 1, 1, 2, 1, 2, 1, 0, 0, 2, 2, 0, 1, 2, 1, 2, 1, 1, 1, 0, 1, 1, 0, 1, 1, 0, 0, 0, 1, 2, 1, 2, 0, 1, 0, 2, 0, 0, 0, 0, 0, 2, 0, 1, 0, 0, 1, 2, 0]|[4, 3, 2, 2, 4, 1, 2, 2, 2, 4, 1, 1, 2, 4, 4, 1, 2, 4, 2, 1, 1, 1, 1, 2, 1, 2, 1, 1, 1, 1, 3, 2, 3, 0, 4, 0, 1, 1, 0, 3, 2, 2, 2, 0, 1, 1, 0, 4, 0, 1, 2, 2, 1, 0, 0, 3, 2, 4, 1, 2, 1, 1, 1, 1, 1, 3, 0, 4, 3, 1, 1, 1, 1, 0, 4, 4, 2, 1, 1, 1, 1, 3, 1, 1, 1, 1, 1, 1, 1, 1, 2, 2, 1, 2, 1, 1, 2, 3, 1, 2]|[0, 2, 1, 1, 3, 0, 1, 0, 0, 0, 0, 0, 1, 0, 1, 0, 0, 3, 1, 0, 0, 0, 3, 1, 0, 2, 0, 0, 0, 1, 0, 0, 0, 0, 3, 0, 1, 0, 0, 2, 1, 1, 1, 0, 0, 0, 0, 2, 1, 0, 0, 0, 1, 3, 0, 0, 1, 2, 0, 1, 0, 0, 0, 1, 0, 2, 1, 0, 0, 1, 0, 3, 1, 1, 3, 3, 1, 0, 0, 2, 0, 0, 0, 0, 1, 0, 0, 0, 0, 0, 1, 1, 0, 0, 1, 1, 0, 0, 0, 0],837.9777466151338,57662.818208457764,93307.87391605499,false
10,G1_CMAX,G1_CMAX,[31, 22, 82, 15, 26, 9, 95, 42, 77, 12, 47, 5, 93, 78, 86, 54, 6, 63, 18, 44, 20, 35, 43, 97, 91, 76, 10, 30, 21, 45, 64, 1, 23, 17, 83, 24, 14, 60, 36, 13, 75, 46, 68, 67, 69, 79, 56, 65, 88, 40, 57, 85, 58, 19, 32, 81, 48, 27, 62, 87, 90, 99, 59, 11, 16, 72, 73, 71, 70, 39, 37, 84, 3, 98, 29, 28, 55, 25, 92, 7, 33, 61, 53, 41, 89, 50, 8, 96, 51, 80, 34, 4, 66, 2, 52, 49, 0, 94, 74, 38]|[1, 1, 0, 1, 1, 0, 1, 2, 2, 1, 2, 2, 2, 1, 1, 0, 0, 1, 0, 2, 2, 0, 1, 2, 0, 1, 2, 2, 0, 0, 2, 1, 2, 1, 0, 2, 2, 1, 1, 0, 0, 0, 0, 0, 2, 1, 2, 0, 1, 1, 1, 0, 1, 2, 1, 2, 1, 0, 0, 2, 1, 0, 1, 2, 1, 2, 1, 1, 1, 1, 1, 1, 1, 0, 0, 0, 1, 1, 0, 1, 0, 1, 0, 1, 1, 0, 1, 0, 0, 0, 2, 1, 2, 0, 1, 0, 0, 2, 2, 1]|[0, 3, 2, 2, 4, 1, 2, 2, 2, 4, 1, 1, 2, 4, 4, 1, 2, 4, 2, 1, 1, 1, 1, 2, 1, 2, 1, 1, 1, 1, 2, 3, 0, 4, 0, 1, 2, 0, 3, 2, 2, 2, 1, 0, 2, 0, 1, 1, 0, 2, 2, 2, 0, 0, 3, 2, 4, 1, 2, 2, 3, 1, 1, 1, 3, 0, 4, 3, 3, 1, 4, 1, 1, 1, 1, 2, 4, 4, 0, 1, 2, 3, 2, 4, 1, 1, 3, 1, 1, 1, 1, 4, 1, 2, 1, 1, 2, 2, 1, 1]|[0, 2, 1, 1, 3, 0, 1, 0, 0, 0, 0, 0, 1, 0, 1, 0, 1, 3, 1, 0, 0, 0, 3, 1, 0, 2, 0, 0, 0, 1, 0, 0, 0, 3, 0, 1, 1, 0, 2, 0, 0, 0, 0, 1, 0, 0, 0, 0, 0, 1, 1, 0, 3, 0, 0, 1, 2, 0, 1, 0, 2, 0, 1, 0, 2, 1, 0, 0, 0, 1, 1, 3, 1, 0, 0, 1, 3, 3, 1, 2, 1, 0, 1, 3, 1, 0, 2, 0, 0, 0, 0, 0, 0, 0, 1, 1, 0, 0, 0, 1],740.6648699319737,58345.503832923176,99227.13002615936,false
10,G4_BALANCED,G4_BALANCED,[31, 22, 82, 15, 26, 58, 95, 42, 77, 12, 47, 5, 93, 78, 86, 54, 85, 63, 18, 44, 20, 35, 43, 97, 91, 76, 10, 30, 21, 45, 71, 64, 1, 23, 17, 83, 24, 14, 60, 36, 6, 57, 40, 88, 65, 56, 79, 94, 67, 68, 46, 75, 38, 9, 19, 32, 81, 41, 27, 62, 87, 90, 99, 59, 11, 16, 72, 73, 70, 39, 37, 84, 3, 92, 25, 34, 28, 29, 51, 7, 66, 61, 98, 48, 89, 50, 33, 96, 53, 8, 80, 4, 55, 2, 52, 49, 0, 69, 74, 13]|[1, 1, 0, 1, 1, 0, 1, 2, 2, 1, 2, 2, 2, 1, 1, 0, 0, 1, 0, 2, 2, 0, 1, 2, 0, 1, 2, 2, 0, 0, 1, 2, 1, 2, 1, 0, 2, 0, 1, 1, 0, 1, 1, 1, 0, 2, 1, 1, 0, 0, 0, 0, 1, 1, 2, 1, 2, 0, 0, 0, 2, 1, 0, 1, 2, 1, 2, 1, 1, 1, 1, 1, 1, 0, 1, 2, 0, 0, 0, 1, 2, 1, 2, 0, 1, 0, 2, 2, 0, 1, 0, 1, 2, 0, 1, 0, 0, 1, 2, 0]|[4, 3, 2, 2, 4, 1, 2, 2, 2, 4, 1, 1, 2, 4, 4, 1, 2, 4, 2, 1, 1, 1, 1, 2, 1, 2, 1, 1, 1, 1, 3, 2, 3, 1, 4, 0, 1, 1, 0, 3, 2, 2, 2, 0, 1, 1, 0, 4, 0, 1, 2, 2, 1, 4, 0, 3, 2, 1, 1, 2, 1, 3, 1, 1, 1, 3, 0, 4, 3, 1, 4, 1, 1, 0, 4, 1, 2, 1, 1, 1, 1, 3, 1, 1, 1, 1, 1, 1, 2, 3, 1, 4, 1, 2, 1, 1, 2, 4, 1, 2]|[0, 2, 1, 1, 3, 0, 1, 0, 0, 0, 0, 0, 1, 0, 1, 0, 0, 3, 1, 0, 0, 0, 3, 1, 0, 2, 0, 0, 0, 1, 0, 0, 0, 0, 3, 0, 1, 0, 0, 2, 1, 1, 1, 0, 0, 0, 0, 2, 1, 0, 0, 0, 1, 3, 0, 0, 1, 0, 0, 1, 0, 2, 0, 1, 0, 2, 1, 0, 0, 1, 1, 3, 1, 1, 3, 0, 1, 0, 0, 2, 0, 0, 0, 0, 1, 0, 0, 0, 1, 2, 0, 0, 0, 0, 1, 1, 0, 2, 0, 0],748.9199420531638,56544.31022740083,94987.92819114045,false
10,G2_TEC,G2_TEC,[31, 22, 82, 15, 26, 9, 95, 42, 77, 68, 47, 5, 93, 78, 86, 54, 85, 63, 18, 44, 20, 49, 36, 14, 74, 50, 53, 17, 21, 45, 71, 64, 3, 23, 30, 83, 24, 41, 60, 52, 65, 27, 90, 70, 39, 87, 48, 69, 99, 4, 46, 1, 13, 58, 97, 59, 28, 8, 73, 37, 35, 79, 11, 66, 76, 57, 40, 80, 96, 6, 16, 61, 33, 98, 32, 81, 62, 67, 10, 7, 56, 88, 51, 19, 91, 38, 75, 92, 0, 12, 2, 55, 43, 84, 34, 25, 29, 94, 89, 72]|[2, 1, 2, 1, 1, 2, 1, 1, 1, 1, 1, 0, 2, 2, 1, 2, 0, 0, 0, 2, 2, 1, 0, 2, 0, 2, 2, 1, 0, 1, 1, 1, 0, 0, 1, 0, 2, 1, 2, 2, 0, 0, 1, 1, 0, 2, 0, 2, 1, 0, 0, 2, 2, 0, 2, 0, 2, 1, 0, 0, 2, 1, 0, 2, 2, 0, 2, 2, 0, 1, 2, 1, 1, 0, 0, 1, 1, 1, 1, 2, 2, 1, 1, 1, 1, 0, 0, 0, 0, 1, 2, 0, 1, 0, 1, 1, 1, 1, 1, 1]|[0, 3, 0, 2, 4, 1, 4, 4, 2, 4, 3, 2, 1, 0, 2, 1, 1, 1, 2, 1, 1, 3, 2, 1, 0, 1, 1, 4, 1, 4, 3, 2, 2, 0, 4, 1, 1, 4, 0, 1, 2, 1, 4, 4, 1, 1, 0, 2, 3, 1, 2, 1, 2, 1, 1, 2, 0, 3, 0, 2, 2, 3, 1, 0, 1, 0, 0, 1, 2, 4, 1, 3, 4, 2, 2, 4, 3, 3, 3, 1, 1, 4, 3, 4, 3, 2, 2, 2, 2, 3, 1, 2, 4, 2, 1, 4, 3, 4, 4, 4]|[0, 2, 0, 1, 3, 0, 1, 3, 0, 0, 2, 0, 1, 0, 1, 0, 0, 0, 1, 0, 0, 2, 0, 0, 1, 0, 0, 3, 0, 1, 0, 2, 0, 0, 3, 0, 1, 3, 1, 0, 0, 0, 1, 3, 0, 0, 1, 0, 2, 0, 0, 0, 0, 0, 1, 0, 0, 0, 1, 1, 0, 2, 0, 0, 0, 1, 0, 0, 0, 2, 0, 0, 1, 0, 0, 2, 0, 0, 3, 0, 0, 1, 0, 3, 0, 0, 0, 0, 0, 0, 0, 0, 2, 0, 1, 3, 0, 2, 1, 2],856.6322009620554,52306.98398566696,111440.71250512436,false
10,G3_TWC,G3_TWC,[31, 22, 82, 15, 26, 9, 95, 42, 77, 12, 47, 5, 93, 78, 86, 54, 85, 63, 18, 44, 20, 35, 43, 97, 91, 76, 10, 30, 21, 45, 71, 64, 1, 23, 17, 83, 24, 14, 60, 36, 41, 57, 40, 88, 65, 56, 79, 94, 67, 68, 46, 75, 38, 58, 19, 32, 81, 6, 27, 62, 87, 90, 99, 59, 11, 16, 72, 73, 69, 39, 37, 84, 3, 92, 25, 55, 28, 29, 51, 7, 66, 61, 98, 48, 89, 50, 33, 96, 80, 8, 53, 4, 34, 2, 52, 49, 0, 70, 74, 13]|[1, 1, 0, 1, 1, 0, 1, 2, 2, 1, 2, 2, 2, 1, 1, 0, 0, 1, 0, 2, 2, 0, 1, 2, 0, 1, 2, 2, 0, 0, 1, 2, 1, 2, 1, 0, 2, 0, 1, 1, 0, 1, 1, 1, 0, 2, 1, 1, 0, 0, 0, 0, 1, 1, 2, 1, 2, 1, 0, 0, 2, 2, 0, 1, 2, 1, 2, 1, 1, 1, 0, 1, 1, 0, 1, 1, 0, 0, 0, 1, 2, 1, 2, 0, 1, 0, 2, 0, 0, 0, 0, 0, 2, 0, 1, 0, 0, 1, 2, 0]|[4, 3, 2, 2, 4, 1, 2, 2, 2, 4, 1, 1, 2, 4, 4, 1, 2, 4, 2, 1, 1, 1, 1, 2, 1, 2, 1, 1, 1, 1, 3, 2, 3, 0, 4, 0, 1, 1, 0, 3, 2, 2, 2, 0, 1, 1, 0, 4, 0, 1, 2, 2, 1, 0, 0, 3, 2, 4, 1, 2, 1, 1, 1, 1, 1, 3, 0, 4, 3, 1, 1, 1, 1, 0, 4, 4, 2, 1, 1, 1, 1, 3, 1, 1, 1, 1, 1, 1, 1, 1, 2, 2, 1, 2, 1, 1, 2, 3, 1, 2]|[0, 2, 1, 1, 3, 0, 1, 0, 0, 0, 0, 0, 1, 0, 1, 0, 0, 3, 1, 0, 0, 0, 3, 1, 0, 2, 0, 0, 0, 1, 0, 0, 0, 0, 3, 0, 1, 0, 0, 2, 1, 1, 1, 0, 0, 0, 0, 2, 1, 0, 0, 0, 1, 3, 0, 0, 1, 2, 0, 1, 0, 0, 0, 1, 0, 2, 1, 0, 0, 1, 0, 3, 1, 1, 3, 3, 1, 0, 0, 2, 0, 0, 0, 0, 1, 0, 0, 0, 0, 0, 1, 1, 0, 0, 1, 1, 0, 0, 0, 0],837.9777466151338,57662.818208457764,93307.87391605499,false
10,G1_CMAX,G4_BALANCED,[31, 22, 82, 15, 26, 9, 95, 42, 77, 12, 47, 5, 93, 78, 86, 54, 85, 63, 18, 44, 20, 35, 43, 97, 91, 76, 10, 30, 21, 45, 71, 64, 1, 23, 17, 83, 24, 14, 60, 36, 41, 57, 40, 88, 65, 56, 79, 94, 67, 68, 46, 75, 38, 58, 19, 32, 81, 6, 27, 62, 87, 90, 99, 59, 11, 16, 72, 73, 69, 39, 37, 84, 3, 92, 25, 55, 28, 29, 51, 7, 66, 61, 98, 48, 89, 50, 33, 96, 53, 80, 8, 4, 34, 2, 52, 49, 0, 70, 74, 13]|[1, 1, 0, 1, 1, 0, 1, 2, 2, 1, 2, 2, 2, 1, 1, 0, 0, 1, 0, 2, 2, 0, 1, 2, 0, 1, 2, 2, 0, 0, 1, 2, 1, 2, 1, 0, 2, 0, 1, 1, 0, 1, 1, 1, 0, 2, 1, 1, 0, 0, 0, 0, 1, 1, 2, 1, 2, 1, 0, 0, 2, 1, 0, 1, 2, 1, 2, 1, 1, 1, 0, 1, 1, 0, 1, 1, 0, 0, 0, 1, 2, 1, 2, 0, 1, 0, 2, 0, 0, 0, 0, 0, 2, 0, 1, 0, 0, 1, 2, 0]|[4, 3, 2, 2, 4, 1, 2, 2, 2, 4, 1, 1, 2, 4, 4, 1, 2, 4, 2, 1, 1, 1, 1, 2, 1, 2, 1, 1, 1, 1, 3, 2, 3, 0, 4, 0, 1, 1, 0, 3, 2, 2, 2, 0, 1, 1, 0, 4, 0, 1, 2, 2, 1, 0, 0, 3, 2, 4, 1, 2, 1, 3, 1, 1, 1, 3, 0, 4, 3, 1, 1, 1, 1, 0, 4, 4, 2, 1, 1, 1, 1, 3, 1, 1, 1, 1, 1, 1, 2, 1, 1, 2, 1, 2, 1, 1, 2, 3, 1, 2]|[0, 2, 1, 1, 3, 0, 1, 0, 0, 0, 0, 0, 1, 0, 1, 0, 0, 3, 1, 0, 0, 0, 3, 1, 0, 2, 0, 0, 0, 1, 0, 0, 0, 0, 3, 0, 1, 0, 0, 2, 1, 1, 1, 0, 0, 0, 0, 2, 1, 0, 0, 0, 1, 3, 0, 0, 1, 2, 0, 1, 0, 2, 0, 1, 0, 2, 1, 0, 0, 1, 0, 3, 1, 1, 3, 3, 1, 0, 0, 2, 0, 0, 0, 0, 1, 0, 0, 0, 1, 0, 0, 1, 0, 0, 1, 1, 0, 0, 0, 0],837.9777466151338,57845.78012326649,92771.98430381459,true
10,G4_BALANCED,G4_BALANCED,[31, 22, 82, 15, 26, 58, 95, 42, 77, 12, 47, 5, 93, 78, 86, 54, 85, 63, 18, 44, 20, 35, 43, 97, 91, 76, 10, 30, 21, 45, 71, 64, 1, 23, 17, 83, 24, 14, 60, 36, 6, 57, 40, 88, 65, 56, 79, 94, 67, 68, 46, 75, 38, 9, 19, 32, 81, 41, 27, 62, 87, 90, 99, 59, 11, 16, 72, 73, 70, 39, 37, 84, 3, 92, 25, 34, 28, 29, 51, 7, 66, 61, 98, 48, 89, 50, 33, 96, 53, 80, 55, 4, 8, 2, 52, 13, 0, 69, 74, 49]|[1, 1, 0, 1, 1, 0, 1, 2, 2, 1, 2, 2, 2, 1, 1, 0, 0, 1, 0, 2, 2, 0, 1, 2, 0, 1, 2, 2, 0, 0, 1, 2, 1, 2, 1, 0, 2, 0, 1, 1, 0, 1, 1, 1, 0, 2, 1, 1, 0, 0, 0, 0, 1, 1, 2, 1, 2, 0, 0, 0, 2, 1, 0, 1, 2, 1, 2, 1, 1, 1, 1, 1, 1, 0, 1, 2, 0, 0, 0, 1, 2, 1, 2, 0, 1, 0, 2, 2, 0, 0, 2, 1, 1, 0, 1, 0, 0, 1, 2, 0]|[4, 3, 2, 2, 4, 1, 2, 2, 2, 4, 1, 1, 2, 4, 4, 1, 2, 4, 2, 1, 1, 1, 1, 2, 1, 2, 1, 1, 1, 1, 3, 2, 3, 1, 4, 0, 1, 1, 0, 3, 2, 2, 2, 0, 1, 1, 0, 4, 0, 1, 2, 2, 1, 4, 0, 3, 2, 1, 1, 2, 1, 3, 1, 1, 1, 3, 0, 4, 3, 1, 4, 1, 1, 0, 4, 1, 2, 1, 1, 1, 1, 3, 1, 1, 1, 1, 1, 1, 2, 1, 1, 4, 3, 2, 1, 2, 2, 4, 1, 1]|[0, 2, 1, 1, 3, 0, 1, 0, 0, 0, 0, 0, 1, 0, 1, 0, 0, 3, 1, 0, 0, 0, 3, 1, 0, 2, 0, 0, 0, 1, 0, 0, 0, 0, 3, 0, 1, 0, 0, 2, 1, 1, 1, 0, 0, 0, 0, 2, 1, 0, 0, 0, 1, 3, 0, 0, 1, 0, 0, 1, 0, 2, 0, 1, 0, 2, 1, 0, 0, 1, 1, 3, 1, 1, 3, 0, 1, 0, 0, 2, 0, 0, 0, 0, 1, 0, 0, 0, 1, 0, 0, 0, 2, 0, 1, 0, 0, 2, 0, 1],748.9199420531638,56535.578873692124,94980.44417423022,false
10,G2_TEC,G4_BALANCED,[31, 22, 82, 15, 26, 9, 95, 42, 77, 12, 47, 5, 93, 78, 86, 54, 85, 63, 18, 44, 20, 35, 43, 97, 91, 76, 10, 30, 21, 45, 71, 64, 1, 23, 17, 83, 24, 14, 60, 36, 6, 57, 40, 88, 65, 56, 79, 69, 67, 68, 46, 75, 38, 58, 19, 32, 81, 48, 27, 62, 87, 90, 99, 59, 11, 16, 72, 73, 70, 39, 37, 84, 3, 92, 25, 55, 28, 29, 51, 7, 66, 61, 98, 41, 89, 50, 33, 96, 80, 53, 8, 4, 13, 2, 52, 49, 0, 94, 74, 34]|[1, 1, 0, 1, 1, 0, 1, 2, 2, 1, 2, 2, 2, 1, 1, 0, 0, 1, 0, 2, 2, 0, 1, 2, 0, 1, 2, 2, 0, 0, 1, 2, 1, 0, 1, 0, 2, 0, 1, 1, 0, 1, 1, 1, 0, 2, 1, 1, 0, 0, 0, 0, 1, 1, 2, 1, 2, 1, 0, 0, 2, 1, 0, 1, 2, 1, 2, 1, 1, 1, 1, 1, 1, 0, 1, 1, 1, 0, 0, 1, 2, 1, 0, 0, 1, 0, 2, 0, 0, 0, 1, 1, 0, 0, 2, 0, 0, 1, 2, 2]|[4, 3, 2, 2, 4, 1, 2, 2, 2, 4, 1, 1, 2, 4, 4, 1, 2, 4, 2, 1, 1, 1, 1, 2, 1, 2, 1, 1, 1, 1, 3, 2, 3, 0, 4, 0, 1, 1, 0, 3, 2, 2, 2, 0, 1, 1, 0, 4, 0, 1, 2, 2, 1, 4, 0, 3, 2, 4, 1, 2, 2, 3, 1, 1, 1, 3, 0, 4, 3, 1, 4, 1, 1, 0, 4, 4, 4, 1, 1, 1, 1, 3, 1, 1, 1, 1, 1, 1, 1, 2, 3, 4, 2, 2, 1, 1, 2, 4, 1, 1]|[0, 2, 1, 1, 3, 0, 1, 0, 0, 0, 0, 0, 1, 0, 1, 0, 0, 3, 1, 0, 0, 0, 3, 1, 0, 2, 0, 0, 0, 1, 0, 0, 0, 0, 3, 0, 1, 0, 0, 2, 1, 1, 1, 0, 0, 0, 0, 2, 1, 0, 0, 0, 1, 3, 0, 0, 1, 2, 0, 1, 0, 2, 0, 1, 0, 2, 1, 0, 0, 1, 1, 3, 1, 1, 3, 3, 1, 0, 0, 2, 0, 0, 0, 0, 1, 0, 0, 0, 0, 1, 2, 0, 0, 0, 0, 1, 0, 2, 0, 0],826.2261902830592,56134.103229716726,100305.83591844409,true
10,G3_TWC,G3_TWC,[31, 22, 82, 15, 26, 9, 95, 42, 77, 12, 47, 5, 93, 78, 86, 54, 85, 63, 18, 44, 20, 35, 43, 97, 91, 76, 10, 30, 21, 45, 71, 64, 1, 23, 17, 83, 24, 14, 60, 36, 41, 57, 40, 88, 65, 56, 79, 94, 67, 68, 46, 75, 38, 58, 19, 32, 81, 6, 27, 62, 87, 90, 99, 59, 11, 16, 72, 73, 69, 39, 37, 84, 3, 92, 25, 55, 28, 29, 51, 7, 66, 61, 98, 48, 89, 50, 33, 96, 80, 8, 53, 4, 34, 2, 52, 49, 0, 70, 74, 13]|[1, 1, 0, 1, 1, 0, 1, 2, 2, 1, 2, 2, 2, 1, 1, 0, 0, 1, 0, 2, 2, 0, 1, 2, 0, 1, 2, 2, 0, 0, 1, 2, 1, 2, 1, 0, 2, 0, 1, 1, 0, 1, 1, 1, 0, 2, 1, 1, 0, 0, 0, 0, 1, 1, 2, 1, 2, 1, 0, 0, 2, 2, 0, 1, 2, 1, 2, 1, 1, 1, 0, 1, 1, 0, 1, 1, 0, 0, 0, 1, 2, 1, 2, 0, 1, 0, 2, 0, 0, 0, 0, 0, 2, 0, 1, 0, 0, 1, 2, 0]|[4, 3, 2, 2, 4, 1, 2, 2, 2, 4, 1, 1, 2, 4, 4, 1, 2, 4, 2, 1, 1, 1, 1, 2, 1, 2, 1, 1, 1, 1, 3, 2, 3, 0, 4, 0, 1, 1, 0, 3, 2, 2, 2, 0, 1, 1, 0, 4, 0, 1, 2, 2, 1, 0, 0, 3, 2, 4, 1, 2, 1, 1, 1, 1, 1, 3, 0, 4, 3, 1, 1, 1, 1, 0, 4, 4, 2, 1, 1, 1, 1, 3, 1, 1, 1, 1, 1, 1, 1, 1, 2, 2, 1, 2, 1, 1, 2, 3, 1, 2]|[0, 2, 1, 1, 3, 0, 1, 0, 0, 0, 0, 0, 1, 0, 1, 0, 0, 3, 1, 0, 0, 0, 3, 1, 0, 2, 0, 0, 0, 1, 0, 0, 0, 0, 3, 0, 1, 0, 0, 2, 1, 1, 1, 0, 0, 0, 0, 2, 1, 0, 0, 0, 1, 3, 0, 0, 1, 2, 0, 1, 0, 0, 0, 1, 0, 2, 1, 0, 0, 1, 0, 3, 1, 1, 3, 3, 1, 0, 0, 2, 0, 0, 0, 0, 1, 0, 0, 0, 0, 0, 1, 1, 0, 0, 1, 1, 0, 0, 0, 0],837.9777466151338,57662.818208457764,93307.87391605499,false
10,G1_CMAX,G4_BALANCED,[31, 22, 82, 15, 26, 58, 95, 42, 77, 12, 47, 5, 93, 78, 86, 54, 85, 63, 18, 44, 20, 35, 43, 97, 91, 76, 10, 30, 21, 45, 71, 64, 1, 23, 17, 83, 24, 14, 60, 36, 6, 57, 40, 88, 65, 56, 79, 94, 67, 68, 46, 75, 38, 9, 19, 32, 81, 48, 27, 62, 87, 90, 99, 59, 11, 16, 72, 73, 70, 39, 37, 84, 3, 92, 25, 55, 28, 29, 51, 7, 66, 61, 98, 41, 89, 50, 33, 96, 53, 8, 80, 4, 34, 2, 52, 49, 0, 69, 74, 13]|[1, 1, 0, 1, 1, 0, 1, 2, 2, 1, 2, 2, 2, 1, 1, 0, 0, 1, 0, 2, 2, 0, 1, 2, 0, 1, 2, 2, 0, 0, 1, 2, 1, 2, 1, 0, 2, 0, 1, 1, 0, 1, 1, 1, 0, 2, 1, 1, 0, 0, 0, 0, 1, 1, 2, 1, 2, 0, 0, 0, 2, 1, 0, 1, 2, 1, 2, 1, 1, 1, 1, 1, 1, 0, 1, 2, 0, 0, 0, 1, 2, 1, 2, 0, 1, 0, 2, 2, 0, 1, 0, 1, 2, 0, 1, 0, 0, 1, 2, 0]|[4, 3, 2, 2, 4, 1, 2, 2, 2, 4, 1, 1, 2, 4, 4, 1, 2, 4, 2, 1, 1, 1, 1, 2, 1, 2, 1, 1, 1, 1, 3, 2, 3, 0, 4, 0, 1, 1, 0, 3, 2, 2, 2, 0, 1, 1, 0, 4, 0, 1, 2, 2, 1, 4, 0, 3, 2, 1, 1, 2, 1, 3, 1, 1, 1, 3, 0, 4, 3, 1, 4, 1, 1, 0, 4, 1, 2, 1, 1, 1, 1, 3, 1, 1, 1, 1, 1, 1, 2, 3, 1, 4, 1, 2, 1, 1, 2, 4, 1, 2]|[0, 2, 1, 1, 3, 0, 1, 0, 0, 0, 0, 0, 1, 0, 1, 0, 0, 3, 1, 0, 0, 0, 3, 1, 0, 2, 0, 0, 0, 1, 0, 0, 0, 0, 3, 0, 1, 0, 0, 2, 1, 1, 1, 0, 0, 0, 0, 2, 1, 0, 0, 0, 1, 3, 0, 0, 1, 0, 0, 1, 0, 2, 0, 1, 0, 2, 1, 0, 0, 1, 1, 3, 1, 1, 3, 0, 1, 0, 0, 2, 0, 0, 0, 0, 1, 0, 0, 0, 1, 2, 0, 0, 0, 0, 1, 1, 0, 2, 0, 0],756.8020016894884,56768.61061767062,94880.77395652885,true
10,G4_BALANCED,G4_BALANCED,[31, 22, 82, 15, 26, 58, 95, 42, 77, 12, 47, 5, 93, 78, 86, 54, 85, 63, 18, 44, 20, 35, 43, 97, 91, 76, 10, 30, 21, 45, 71, 64, 1, 23, 17, 83, 24, 14, 60, 36, 6, 57, 40, 88, 65, 56, 79, 94, 67, 68, 46, 75, 38, 9, 19, 32, 81, 41, 27, 62, 87, 90, 99, 59, 11, 16, 72, 73, 70, 39, 37, 84, 3, 92, 25, 34, 28, 29, 51, 7, 66, 61, 98, 48, 89, 50, 33, 96, 53, 80, 55, 4, 8, 2, 52, 13, 0, 69, 74, 49]|[1, 1, 0, 1, 1, 0, 1, 2, 2, 1, 2, 2, 2, 1, 1, 0, 0, 1, 0, 2, 2, 0, 1, 2, 0, 1, 2, 2, 0, 0, 1, 2, 1, 2, 1, 0, 2, 0, 1, 1, 0, 1, 1, 1, 0, 2, 1, 1, 0, 0, 0, 0, 1, 1, 2, 1, 2, 0, 0, 0, 2, 1, 0, 1, 2, 1, 2, 1, 1, 1, 1, 1, 1, 0, 1, 2, 0, 0, 0, 1, 2, 1, 2, 0, 1, 0, 2, 2, 0, 0, 2, 1, 1, 0, 1, 0, 0, 1, 2, 0]|[4, 3, 2, 2, 4, 1, 2, 2, 2, 4, 1, 1, 2, 4, 4, 1, 2, 4, 2, 1, 1, 1, 1, 2, 1, 2, 1, 1, 1, 1, 3, 2, 3, 1, 4, 0, 1, 1, 0, 3, 2, 2, 2, 0, 1, 1, 0, 4, 0, 1, 2, 2, 1, 4, 0, 3, 2, 1, 1, 2, 1, 3, 1, 1, 1, 3, 0, 4, 3, 1, 4, 1, 1, 0, 4, 1, 2, 1, 1, 1, 1, 3, 1, 1, 1, 1, 1, 1, 2, 1, 1, 4, 3, 2, 1, 2, 2, 4, 1, 1]|[0, 2, 1, 1, 3, 0, 1, 0, 0, 0, 0, 0, 1, 0, 1, 0, 0, 3, 1, 0, 0, 0, 3, 1, 0, 2, 0, 0, 0, 1, 0, 0, 0, 0, 3, 0, 1, 0, 0, 2, 1, 1, 1, 0, 0, 0, 0, 2, 1, 0, 0, 0, 1, 3, 0, 0, 1, 0, 0, 1, 0, 2, 0, 1, 0, 2, 1, 0, 0, 1, 1, 3, 1, 1, 3, 0, 1, 0, 0, 2, 0, 0, 0, 0, 1, 0, 0, 0, 1, 0, 0, 0, 2, 0, 1, 0, 0, 2, 0, 1],748.9199420531638,56535.578873692124,94980.44417423022,false
10,G2_TEC,G2_TEC,[31, 22, 82, 15, 26, 9, 95, 42, 77, 68, 47, 5, 93, 78, 86, 54, 85, 63, 18, 44, 20, 49, 36, 14, 74, 50, 53, 17, 21, 45, 71, 64, 3, 23, 30, 83, 24, 41, 60, 52, 65, 27, 90, 70, 39, 87, 48, 69, 99, 4, 46, 1, 13, 58, 97, 59, 28, 8, 73, 37, 35, 79, 11, 66, 76, 57, 40, 80, 96, 6, 16, 61, 33, 98, 32, 81, 62, 67, 10, 7, 56, 88, 51, 19, 91, 38, 75, 92, 25, 84, 2, 55, 12, 43, 34, 0, 29, 94, 89, 72]|[2, 1, 2, 1, 1, 2, 1, 1, 1, 1, 1, 0, 2, 2, 1, 2, 0, 0, 0, 2, 2, 1, 0, 2, 0, 2, 2, 1, 0, 1, 1, 1, 0, 0, 1, 0, 2, 1, 2, 2, 0, 0, 1, 1, 0, 2, 0, 2, 1, 0, 0, 2, 2, 0, 2, 0, 2, 1, 0, 0, 2, 1, 0, 2, 2, 0, 2, 2, 0, 1, 2, 1, 1, 0, 0, 1, 1, 1, 1, 2, 2, 1, 1, 1, 1, 0, 0, 0, 1, 0, 2, 0, 1, 1, 1, 0, 1, 1, 1, 1]|[0, 3, 0, 2, 4, 1, 4, 4, 2, 4, 3, 2, 1, 0, 2, 1, 1, 1, 2, 1, 1, 3, 0, 1, 0, 1, 1, 4, 1, 4, 3, 2, 2, 0, 4, 1, 1, 4, 0, 1, 2, 1, 4, 4, 1, 1, 0, 2, 3, 1, 2, 1, 2, 1, 1, 2, 0, 3, 0, 2, 2, 3, 1, 0, 1, 0, 0, 1, 2, 4, 1, 3, 4, 2, 2, 4, 3, 3, 3, 1, 1, 4, 3, 4, 3, 2, 2, 2, 4, 2, 1, 2, 3, 4, 1, 2, 3, 4, 4, 4]|[0, 2, 0, 1, 3, 0, 1, 3, 0, 0, 2, 0, 1, 0, 1, 0, 0, 0, 1, 0, 0, 2, 0, 0, 1, 0, 0, 3, 0, 1, 0, 2, 0, 0, 3, 0, 1, 3, 1, 0, 0, 0, 1, 3, 0, 0, 1, 0, 2, 0, 0, 0, 0, 0, 1, 0, 0, 0, 1, 1, 0, 2, 0, 0, 0, 1, 0, 0, 0, 2, 0, 0, 1, 0, 0, 2, 0, 0, 3, 0, 0, 1, 0, 3, 0, 0, 0, 0, 3, 0, 0, 0, 0, 2, 1, 0, 0, 2, 1, 2],863.840939798981,52276.64155120768,112913.97169016399,false
10,G3_TWC,G3_TWC,[31, 22, 82, 15, 26, 9, 95, 42, 77, 12, 47, 5, 93, 78, 86, 54, 85, 63, 18, 44, 20, 35, 43, 97, 91, 76, 10, 30, 21, 45, 71, 64, 1, 23, 17, 83, 24, 14, 60, 36, 41, 57, 40, 88, 65, 56, 79, 94, 67, 68, 46, 75, 38, 58, 19, 32, 81, 6, 27, 62, 87, 90, 99, 59, 11, 16, 72, 73, 69, 39, 37, 84, 3, 92, 25, 55, 28, 29, 51, 7, 66, 61, 98, 48, 89, 50, 33, 96, 80, 8, 53, 4, 34, 2, 52, 49, 0, 70, 74, 13]|[1, 1, 0, 1, 1, 0, 1, 2, 2, 1, 2, 2, 2, 1, 1, 0, 0, 1, 0, 2, 2, 0, 1, 2, 0, 1, 2, 2, 0, 0, 1, 2, 1, 2, 1, 0, 2, 0, 1, 1, 0, 1, 1, 1, 0, 2, 1, 1, 0, 0, 0, 0, 1, 1, 2, 1, 2, 1, 0, 0, 2, 2, 0, 1, 2, 1, 2, 1, 1, 1, 0, 1, 1, 0, 1, 1, 0, 0, 0, 1, 2, 1, 2, 0, 1, 0, 2, 0, 0, 0, 0, 0, 2, 0, 1, 0, 0, 1, 2, 0]|[4, 3, 2, 2, 4, 1, 2, 2, 2, 4, 1, 1, 2, 4, 4, 1, 2, 4, 2, 1, 1, 1, 1, 2, 1, 2, 1, 1, 1, 1, 3, 2, 3, 0, 4, 0, 1, 1, 0, 3, 2, 2, 2, 0, 1, 1, 0, 4, 0, 1, 2, 2, 1, 0, 0, 3, 2, 4, 1, 2, 1, 1, 1, 1, 1, 3, 0, 4, 3, 1, 1, 1, 1, 0, 4, 4, 2, 1, 1, 1, 1, 3, 1, 1, 1, 1, 1, 1, 1, 1, 2, 2, 1, 2, 1, 1, 2, 3, 1, 2]|[0, 2, 1, 1, 3, 0, 1, 0, 0, 0, 0, 0, 1, 0, 1, 0, 0, 3, 1, 0, 0, 0, 3, 1, 0, 2, 0, 0, 0, 1, 0, 0, 0, 0, 3, 0, 1, 0, 0, 2, 1, 1, 1, 0, 0, 0, 0, 2, 1, 0, 0, 0, 1, 3, 0, 0, 1, 2, 0, 1, 0, 0, 0, 1, 0, 2, 1, 0, 0, 1, 0, 3, 1, 1, 3, 3, 1, 0, 0, 2, 0, 0, 0, 0, 1, 0, 0, 0, 0, 0, 1, 1, 0, 0, 1, 1, 0, 0, 0, 0],837.9777466151338,57662.818208457764,93307.87391605499,false
10,G1_CMAX,G1_CMAX,[31, 22, 82, 15, 26, 9, 95, 42, 77, 12, 47, 5, 93, 78, 86, 54, 85, 63, 18, 44, 20, 35, 43, 97, 91, 76, 10, 30, 21, 45, 71, 64, 1, 23, 17, 83, 24, 14, 60, 36, 6, 57, 40, 88, 65, 56, 79, 69, 67, 68, 46, 75, 38, 58, 19, 32, 81, 48, 27, 62, 87, 90, 99, 59, 11, 16, 72, 73, 70, 39, 37, 84, 3, 92, 25, 55, 28, 29, 51, 7, 66, 61, 98, 41, 89, 50, 33, 96, 53, 80, 34, 4, 8, 2, 52, 49, 0, 94, 74, 13]|[1, 1, 0, 1, 1, 0, 1, 2, 2, 1, 2, 2, 2, 1, 1, 0, 0, 1, 0, 2, 2, 0, 1, 2, 0, 1, 2, 2, 0, 0, 1, 2, 1, 2, 1, 0, 2, 0, 1, 1, 0, 1, 1, 1, 0, 2, 1, 1, 0, 0, 0, 0, 1, 1, 2, 1, 2, 1, 0, 0, 2, 1, 0, 1, 2, 1, 2, 1, 1, 1, 1, 1, 1, 0, 1, 1, 1, 0, 0, 1, 2, 1, 2, 0, 1, 0, 0, 0, 0, 0, 2, 1, 1, 0, 2, 0, 0, 1, 2, 0]|[4, 3, 2, 2, 4, 1, 2, 2, 2, 4, 1, 1, 2, 4, 4, 1, 2, 4, 2, 1, 1, 1, 1, 2, 1, 2, 1, 1, 1, 1, 3, 2, 3, 1, 4, 0, 1, 1, 0, 3, 2, 2, 2, 0, 1, 1, 0, 4, 0, 1, 2, 2, 1, 4, 0, 3, 2, 4, 1, 2, 2, 3, 1, 1, 1, 3, 0, 4, 3, 1, 4, 1, 1, 0, 4, 4, 4, 1, 1, 1, 1, 3, 1, 1, 1, 1, 1, 1, 2, 1, 1, 4, 3, 2, 1, 1, 2, 4, 1, 2]|[0, 2, 1, 1, 3, 0, 1, 0, 0, 0, 0, 0, 1, 0, 1, 0, 0, 3, 1, 0, 0, 0, 3, 1, 0, 2, 0, 0, 0, 1, 0, 0, 0, 0, 3, 0, 1, 0, 0, 2, 1, 1, 1, 0, 0, 0, 0, 2, 1, 0, 0, 0, 1, 3, 0, 0, 1, 2, 0, 1, 0, 2, 0, 1, 0, 2, 1, 0, 0, 1, 1, 3, 1, 1, 3, 3, 1, 0, 0, 2, 0, 0, 0, 0, 1, 0, 0, 0, 1, 0, 0, 0, 2, 0, 0, 1, 0, 2, 0, 0],826.2261902830592,55899.92928803235,101165.22045265086,false
10,G4_BALANCED,G4_BALANCED,[31, 22, 82, 15, 26, 58, 95, 42, 77, 12, 47, 5, 93, 78, 86, 54, 85, 63, 18, 44, 20, 35, 43, 97, 91, 76, 10, 30, 21, 45, 71, 64, 1, 23, 17, 83, 24, 14, 60, 36, 6, 57, 40, 88, 65, 56, 79, 94, 67, 68, 46, 75, 38, 9, 19, 32, 81, 41, 27, 62, 87, 90, 99, 59, 11, 16, 72, 73, 70, 39, 37, 84, 3, 92, 25, 34, 28, 29, 51, 7, 66, 61, 98, 48, 89, 50, 33, 96, 53, 80, 55, 4, 8, 2, 52, 13, 0, 69, 74, 49]|[1, 1, 0, 1, 1, 0, 1, 2, 2, 1, 2, 2, 2, 1, 1, 0, 0, 1, 0, 2, 2, 0, 1, 2, 0, 1, 2, 2, 0, 0, 1, 2, 1, 2, 1, 0, 2, 0, 1, 1, 0, 1, 1, 1, 0, 2, 1, 1, 0, 0, 0, 0, 1, 1, 2, 1, 2, 0, 0, 0, 2, 1, 0, 1, 2, 1, 2, 1, 1, 1, 1, 1, 1, 0, 1, 2, 0, 0, 0, 1, 2, 1, 2, 0, 1, 0, 2, 2, 0, 0, 2, 1, 1, 0, 1, 0, 0, 1, 2, 0]|[4, 3, 2, 2, 4, 1, 2, 2, 2, 4, 1, 1, 2, 4, 4, 1, 2, 4, 2, 1, 1, 1, 1, 2, 1, 2, 1, 1, 1, 1, 3, 2, 3, 1, 4, 0, 1, 1, 0, 3, 2, 2, 2, 0, 1, 1, 0, 4, 0, 1, 2, 2, 1, 4, 0, 3, 2, 1, 1, 2, 1, 3, 1, 1, 1, 3, 0, 4, 3, 1, 4, 1, 1, 0, 4, 1, 2, 1, 1, 1, 1, 3, 1, 1, 1, 1, 1, 1, 2, 1, 1, 4, 3, 2, 1, 2, 2, 4, 1, 1]|[0, 2, 1, 1, 3, 0, 1, 0, 0, 0, 0, 0, 1, 0, 1, 0, 0, 3, 1, 0, 0, 0, 3, 1, 0, 2, 0, 0, 0, 1, 0, 0, 0, 0, 3, 0, 1, 0, 0, 2, 1, 1, 1, 0, 0, 0, 0, 2, 1, 0, 0, 0, 1, 3, 0, 0, 1, 0, 0, 1, 0, 2, 0, 1, 0, 2, 1, 0, 0, 1, 1, 3, 1, 1, 3, 0, 1, 0, 0, 2, 0, 0, 0, 0, 1, 0, 0, 0, 1, 0, 0, 0, 2, 0, 1, 0, 0, 2, 0, 1],748.9199420531638,56535.578873692124,94980.44417423022,false
10,G2_TEC,G2_TEC,[31, 22, 82, 15, 26, 9, 95, 42, 77, 68, 47, 5, 93, 78, 86, 54, 85, 63, 18, 44, 20, 49, 36, 14, 74, 50, 53, 17, 21, 45, 71, 64, 3, 23, 30, 83, 24, 41, 60, 52, 65, 27, 90, 70, 39, 87, 48, 69, 99, 4, 46, 1, 13, 58, 97, 59, 28, 8, 73, 37, 35, 79, 11, 66, 76, 57, 40, 80, 96, 6, 16, 61, 33, 98, 32, 81, 62, 67, 10, 7, 56, 88, 51, 19, 91, 38, 75, 92, 25, 84, 2, 55, 12, 43, 34, 0, 29, 94, 89, 72]|[2, 1, 2, 1, 1, 2, 1, 1, 1, 1, 1, 0, 2, 2, 1, 2, 0, 0, 0, 2, 2, 1, 0, 2, 0, 2, 2, 1, 0, 1, 1, 1, 0, 0, 1, 0, 2, 1, 2, 2, 0, 0, 1, 1, 0, 2, 0, 2, 1, 0, 0, 2, 2, 0, 2, 0, 2, 1, 0, 0, 2, 1, 0, 2, 2, 0, 2, 2, 0, 1, 2, 1, 1, 0, 0, 1, 1, 1, 1, 2, 2, 1, 1, 1, 1, 0, 0, 0, 1, 0, 2, 0, 1, 1, 1, 0, 1, 1, 1, 1]|[0, 3, 0, 2, 4, 1, 4, 4, 2, 4, 3, 2, 1, 0, 2, 1, 1, 1, 2, 1, 1, 3, 0, 1, 0, 1, 1, 4, 1, 4, 3, 2, 2, 0, 4, 1, 1, 4, 0, 1, 2, 1, 4, 4, 1, 1, 0, 2, 3, 1, 2, 1, 2, 1, 1, 2, 0, 3, 0, 2, 2, 3, 1, 0, 1, 0, 0, 1, 2, 4, 1, 3, 4, 2, 2, 4, 3, 3, 3, 1, 1, 4, 3, 4, 3, 2, 2, 2, 4, 2, 1, 2, 3, 4, 1, 2, 3, 4, 4, 4]|[0, 2, 0, 1, 3, 0, 1, 3, 0, 0, 2, 0, 1, 0, 1, 0, 0, 0, 1, 0, 0, 2, 0, 0, 1, 0, 0, 3, 0, 1, 0, 2, 0, 0, 3, 0, 1, 3, 1, 0, 0, 0, 1, 3, 0, 0, 1, 0, 2, 0, 0, 0, 0, 0, 1, 0, 0, 0, 1, 1, 0, 2, 0, 0, 0, 1, 0, 0, 0, 2, 0, 0, 1, 0, 0, 2, 0, 0, 3, 0, 0, 1, 0, 3, 0, 0, 0, 0, 3, 0, 0, 0, 0, 2, 1, 0, 0, 2, 1, 2],863.840939798981,52276.64155120768,112913.97169016399,false
10,G3_TWC,G3_TWC,[31, 22, 82, 15, 26, 9, 95, 42, 77, 12, 47, 5, 93, 78, 86, 54, 85, 63, 18, 44, 20, 35, 43, 97, 91, 76, 10, 30, 21, 45, 71, 64, 1, 23, 17, 83, 24, 14, 60, 36, 41, 57, 40, 88, 65, 56, 79, 94, 67, 68, 46, 75, 38, 58, 19, 32, 81, 6, 27, 62, 87, 90, 99, 59, 11, 16, 72, 73, 69, 39, 37, 84, 3, 92, 25, 55, 28, 29, 51, 7, 66, 61, 98, 48, 89, 50, 33, 96, 80, 8, 53, 4, 34, 2, 52, 49, 0, 70, 74, 13]|[1, 1, 0, 1, 1, 0, 1, 2, 2, 1, 2, 2, 2, 1, 1, 0, 0, 1, 0, 2, 2, 0, 1, 2, 0, 1, 2, 2, 0, 0, 1, 2, 1, 2, 1, 0, 2, 0, 1, 1, 0, 1, 1, 1, 0, 2, 1, 1, 0, 0, 0, 0, 1, 1, 2, 1, 2, 1, 0, 0, 2, 2, 0, 1, 2, 1, 2, 1, 1, 1, 0, 1, 1, 0, 1, 1, 0, 0, 0, 1, 2, 1, 2, 0, 1, 0, 2, 0, 0, 0, 0, 0, 2, 0, 1, 0, 0, 1, 2, 0]|[4, 3, 2, 2, 4, 1, 2, 2, 2, 4, 1, 1, 2, 4, 4, 1, 2, 4, 2, 1, 1, 1, 1, 2, 1, 2, 1, 1, 1, 1, 3, 2, 3, 0, 4, 0, 1, 1, 0, 3, 2, 2, 2, 0, 1, 1, 0, 4, 0, 1, 2, 2, 1, 0, 0, 3, 2, 4, 1, 2, 1, 1, 1, 1, 1, 3, 0, 4, 3, 1, 1, 1, 1, 0, 4, 4, 2, 1, 1, 1, 1, 3, 1, 1, 1, 1, 1, 1, 1, 1, 2, 2, 1, 2, 1, 1, 2, 3, 1, 2]|[0, 2, 1, 1, 3, 0, 1, 0, 0, 0, 0, 0, 1, 0, 1, 0, 0, 3, 1, 0, 0, 0, 3, 1, 0, 2, 0, 0, 0, 1, 0, 0, 0, 0, 3, 0, 1, 0, 0, 2, 1, 1, 1, 0, 0, 0, 0, 2, 1, 0, 0, 0, 1, 3, 0, 0, 1, 2, 0, 1, 0, 0, 0, 1, 0, 2, 1, 0, 0, 1, 0, 3, 1, 1, 3, 3, 1, 0, 0, 2, 0, 0, 0, 0, 1, 0, 0, 0, 0, 0, 1, 1, 0, 0, 1, 1, 0, 0, 0, 0],837.9777466151338,57662.818208457764,93307.87391605499,false
10,G1_CMAX,G3_TWC,[31, 22, 82, 15, 26, 9, 95, 42, 77, 12, 47, 5, 93, 78, 86, 54, 85, 63, 18, 44, 20, 35, 43, 97, 91, 76, 10, 30, 21, 45, 71, 64, 1, 23, 17, 83, 24, 14, 60, 36, 41, 57, 40, 88, 65, 56, 79, 94, 67, 68, 46, 75, 38, 58, 19, 32, 81, 6, 27, 62, 87, 90, 99, 59, 11, 16, 72, 73, 69, 39, 37, 84, 3, 92, 25, 34, 28, 29, 51, 7, 66, 61, 98, 48, 89, 50, 33, 53, 80, 8, 96, 4, 55, 2, 52, 49, 0, 70, 74, 13]|[1, 1, 0, 1, 1, 0, 1, 2, 2, 1, 2, 2, 2, 1, 1, 0, 0, 1, 0, 2, 2, 0, 1, 2, 0, 1, 2, 2, 0, 0, 1, 2, 1, 2, 1, 0, 2, 0, 1, 1, 0, 1, 1, 1, 0, 2, 1, 1, 0, 0, 0, 0, 1, 1, 2, 1, 2, 1, 0, 0, 2, 2, 0, 1, 2, 1, 2, 1, 1, 1, 0, 1, 1, 0, 1, 2, 0, 0, 0, 1, 2, 1, 0, 0, 1, 0, 2, 0, 0, 0, 0, 0, 1, 0, 1, 0, 0, 1, 2, 0]|[4, 3, 2, 2, 4, 1, 2, 2, 2, 4, 1, 1, 2, 4, 4, 1, 2, 4, 2, 1, 1, 1, 1, 2, 1, 2, 1, 1, 1, 1, 3, 2, 3, 0, 4, 0, 1, 1, 0, 3, 2, 2, 2, 0, 1, 1, 0, 4, 0, 1, 2, 2, 1, 0, 0, 3, 2, 4, 1, 2, 1, 1, 1, 1, 1, 3, 0, 4, 4, 1, 1, 1, 1, 0, 4, 1, 2, 1, 1, 1, 1, 3, 1, 1, 1, 1, 1, 2, 1, 1, 1, 2, 4, 2, 1, 1, 2, 3, 1, 2]|[0, 2, 1, 1, 3, 0, 1, 0, 0, 0, 0, 0, 1, 0, 1, 0, 0, 3, 1, 0, 0, 0, 3, 1, 0, 2, 0, 0, 0, 1, 0, 0, 0, 0, 3, 0, 1, 0, 0, 2, 1, 1, 1, 0, 0, 0, 0, 2, 1, 0, 0, 0, 1, 3, 0, 0, 1, 2, 0, 1, 0, 0, 0, 1, 0, 2, 1, 0, 2, 1, 0, 3, 1, 1, 3, 0, 1, 0, 0, 2, 0, 0, 0, 0, 1, 0, 0, 1, 0, 0, 0, 1, 3, 0, 1, 1, 0, 0, 0, 0],850.7067808730133,57756.84792417857,92690.05694641556,true
10,G4_BALANCED,G4_BALANCED,[31, 22, 82, 15, 26, 58, 95, 42, 77, 12, 47, 5, 93, 78, 86, 54, 85, 63, 18, 44, 20, 35, 43, 97, 91, 76, 10, 30, 21, 45, 71, 64, 1, 23, 17, 83, 24, 14, 60, 36, 6, 57, 40, 88, 65, 56, 79, 94, 67, 68, 46, 75, 38, 9, 19, 32, 81, 41, 27, 62, 87, 90, 99, 59, 11, 16, 72, 73, 70, 39, 37, 84, 3, 92, 25, 34, 28, 29, 51, 7, 66, 61, 98, 48, 89, 50, 33, 96, 53, 80, 55, 4, 8, 2, 52, 13, 0, 69, 74, 49]|[1, 1, 0, 1, 1, 0, 1, 2, 2, 1, 2, 2, 2, 1, 1, 0, 0, 1, 0, 2, 2, 0, 1, 2, 0, 1, 2, 2, 0, 0, 1, 2, 1, 2, 1, 0, 2, 0, 1, 1, 0, 1, 1, 1, 0, 2, 1, 1, 0, 0, 0, 0, 1, 1, 2, 1, 2, 0, 0, 0, 2, 1, 0, 1, 2, 1, 2, 1, 1, 1, 1, 1, 1, 0, 1, 2, 0, 0, 0, 1, 2, 1, 2, 0, 1, 0, 2, 2, 0, 0, 2, 1, 1, 0, 1, 0, 0, 1, 2, 0]|[4, 3, 2, 2, 4, 1, 2, 2, 2, 4, 1, 1, 2, 4, 4, 1, 2, 4, 2, 1, 1, 1, 1, 2, 1, 2, 1, 1, 1, 1, 3, 2, 3, 1, 4, 0, 1, 1, 0, 3, 2, 2, 2, 0, 1, 1, 0, 4, 0, 1, 2, 2, 1, 4, 0, 3, 2, 1, 1, 2, 1, 3, 1, 1, 1, 3, 0, 4, 3, 1, 4, 1, 1, 0, 4, 1, 2, 1, 1, 1, 1, 3, 1, 1, 1, 1, 1, 1, 2, 1, 1, 4, 3, 2, 1, 2, 2, 4, 1, 1]|[0, 2, 1, 1, 3, 0, 1, 0, 0, 0, 0, 0, 1, 0, 1, 0, 0, 3, 1, 0, 0, 0, 3, 1, 0, 2, 0, 0, 0, 1, 0, 0, 0, 0, 3, 0, 1, 0, 0, 2, 1, 1, 1, 0, 0, 0, 0, 2, 1, 0, 0, 0, 1, 3, 0, 0, 1, 0, 0, 1, 0, 2, 0, 1, 0, 2, 1, 0, 0, 1, 1, 3, 1, 1, 3, 0, 1, 0, 0, 2, 0, 0, 0, 0, 1, 0, 0, 0, 1, 0, 0, 0, 2, 0, 1, 0, 0, 2, 0, 1],748.9199420531638,56535.578873692124,94980.44417423022,false
10,G2_TEC,G2_TEC,[31, 22, 82, 15, 26, 9, 95, 42, 77, 68, 47, 5, 93, 78, 86, 54, 85, 63, 18, 44, 20, 49, 36, 14, 74, 50, 53, 17, 21, 45, 71, 64, 3, 23, 30, 83, 24, 41, 60, 52, 65, 27, 90, 70, 39, 87, 48, 69, 99, 4, 46, 1, 13, 58, 97, 59, 28, 8, 73, 37, 35, 79, 11, 66, 76, 57, 40, 80, 96, 6, 16, 61, 33, 98, 32, 81, 62, 67, 10, 7, 56, 88, 51, 19, 91, 38, 75, 92, 25, 84, 2, 55, 12, 43, 34, 0, 29, 94, 89, 72]|[2, 1, 2, 1, 1, 2, 1, 1, 1, 1, 1, 0, 2, 2, 1, 2, 0, 0, 0, 2, 2, 1, 0, 2, 0, 2, 2, 1, 0, 1, 1, 1, 0, 0, 1, 0, 2, 1, 2, 2, 0, 0, 1, 1, 0, 2, 0, 2, 1, 0, 0, 2, 2, 0, 2, 0, 2, 1, 0, 0, 2, 1, 0, 2, 2, 0, 2, 2, 0, 1, 2, 1, 1, 0, 0, 1, 1, 1, 1, 2, 2, 1, 1, 1, 1, 0, 0, 0, 1, 0, 2, 0, 1, 1, 1, 0, 1, 1, 1, 1]|[0, 3, 0, 2, 4, 1, 4, 4, 2, 4, 3, 2, 1, 0, 2, 1, 1, 1, 2, 1, 1, 3, 0, 1, 0, 1, 1, 4, 1, 4, 3, 2, 2, 0, 4, 1, 1, 4, 0, 1, 2, 1, 4, 4, 1, 1, 0, 2, 3, 1, 2, 1, 2, 1, 1, 2, 0, 3, 0, 2, 2, 3, 1, 0, 1, 0, 0, 1, 2, 4, 1, 3, 4, 2, 2, 4, 3, 3, 3, 1, 1, 4, 3, 4, 3, 2, 2, 2, 4, 2, 1, 2, 3, 4, 1, 2, 3, 4, 4, 4]|[0, 2, 0, 1, 3, 0, 1, 3, 0, 0, 2, 0, 1, 0, 1, 0, 0, 0, 1, 0, 0, 2, 0, 0, 1, 0, 0, 3, 0, 1, 0, 2, 0, 0, 3, 0, 1, 3, 1, 0, 0, 0, 1, 3, 0, 0, 1, 0, 2, 0, 0, 0, 0, 0, 1, 0, 0, 0, 1, 1, 0, 2, 0, 0, 0, 1, 0, 0, 0, 2, 0, 0, 1, 0, 0, 2, 0, 0, 3, 0, 0, 1, 0, 3, 0, 0, 0, 0, 3, 0, 0, 0, 0, 2, 1, 0, 0, 2, 1, 2],863.840939798981,52276.64155120768,112913.97169016399,false
10,G3_TWC,G3_TWC,[31, 22, 82, 15, 26, 9, 95, 42, 77, 12, 47, 5, 93, 78, 86, 54, 85, 63, 18, 44, 20, 35, 43, 97, 91, 76, 10, 30, 21, 45, 71, 64, 1, 23, 17, 83, 24, 14, 60, 36, 41, 57, 40, 88, 65, 56, 79, 94, 67, 68, 46, 75, 38, 58, 19, 32, 81, 6, 27, 62, 87, 90, 99, 59, 11, 16, 72, 73, 69, 39, 37, 84, 3, 92, 25, 55, 28, 29, 51, 7, 66, 61, 98, 48, 89, 50, 33, 96, 80, 8, 53, 4, 34, 2, 52, 49, 0, 70, 74, 13]|[1, 1, 0, 1, 1, 0, 1, 2, 2, 1, 2, 2, 2, 1, 1, 0, 0, 1, 0, 2, 2, 0, 1, 2, 0, 1, 2, 2, 0, 0, 1, 2, 1, 2, 1, 0, 2, 0, 1, 1, 0, 1, 1, 1, 0, 2, 1, 1, 0, 0, 0, 0, 1, 1, 2, 1, 2, 1, 0, 0, 2, 2, 0, 1, 2, 1, 2, 1, 1, 1, 0, 1, 1, 0, 1, 1, 0, 0, 0, 1, 2, 1, 2, 0, 1, 0, 2, 0, 0, 0, 0, 0, 2, 0, 1, 0, 0, 1, 2, 0]|[4, 3, 2, 2, 4, 1, 2, 2, 2, 4, 1, 1, 2, 4, 4, 1, 2, 4, 2, 1, 1, 1, 1, 2, 1, 2, 1, 1, 1, 1, 3, 2, 3, 0, 4, 0, 1, 1, 0, 3, 2, 2, 2, 0, 1, 1, 0, 4, 0, 1, 2, 2, 1, 0, 0, 3, 2, 4, 1, 2, 1, 1, 1, 1, 1, 3, 0, 4, 3, 1, 1, 1, 1, 0, 4, 4, 2, 1, 1, 1, 1, 3, 1, 1, 1, 1, 1, 1, 1, 1, 2, 2, 1, 2, 1, 1, 2, 3, 1, 2]|[0, 2, 1, 1, 3, 0, 1, 0, 0, 0, 0, 0, 1, 0, 1, 0, 0, 3, 1, 0, 0, 0, 3, 1, 0, 2, 0, 0, 0, 1, 0, 0, 0, 0, 3, 0, 1, 0, 0, 2, 1, 1, 1, 0, 0, 0, 0, 2, 1, 0, 0, 0, 1, 3, 0, 0, 1, 2, 0, 1, 0, 0, 0, 1, 0, 2, 1, 0, 0, 1, 0, 3, 1, 1, 3, 3, 1, 0, 0, 2, 0, 0, 0, 0, 1, 0, 0, 0, 0, 0, 1, 1, 0, 0, 1, 1, 0, 0, 0, 0],837.9777466151338,57662.818208457764,93307.87391605499,false
10,G1_CMAX,G4_BALANCED,[31, 22, 82, 15, 26, 58, 95, 42, 77, 12, 47, 5, 93, 78, 86, 54, 85, 63, 18, 44, 20, 35, 43, 97, 91, 76, 10, 30, 21, 45, 71, 64, 1, 23, 17, 83, 24, 14, 60, 36, 6, 57, 40, 88, 65, 56, 79, 94, 67, 68, 46, 75, 38, 9, 19, 32, 81, 41, 27, 62, 87, 90, 99, 59, 11, 16, 72, 73, 70, 39, 37, 84, 3, 92, 25, 55, 28, 29, 51, 7, 66, 61, 98, 48, 89, 50, 33, 96, 53, 80, 34, 4, 8, 2, 52, 13, 0, 69, 74, 49]|[1, 1, 0, 1, 1, 0, 1, 2, 2, 1, 2, 2, 2, 1, 1, 0, 0, 1, 0, 2, 2, 0, 1, 2, 0, 1, 2, 2, 0, 0, 1, 2, 1, 2, 1, 0, 2, 0, 1, 1, 0, 1, 1, 1, 0, 2, 1, 1, 0, 0, 0, 0, 1, 1, 2, 1, 2, 0, 0, 0, 2, 1, 0, 1, 2, 1, 2, 1, 1, 1, 1, 1, 1, 0, 1, 2, 1, 0, 0, 1, 2, 1, 0, 0, 1, 0, 0, 2, 0, 0, 2, 1, 1, 0, 2, 0, 0, 1, 2, 0]|[4, 3, 2, 2, 4, 1, 2, 2, 2, 4, 1, 1, 2, 4, 4, 1, 2, 4, 2, 1, 1, 1, 1, 2, 1, 2, 1, 1, 1, 1, 3, 2, 3, 1, 4, 0, 1, 1, 0, 3, 2, 2, 2, 0, 1, 1, 0, 4, 0, 1, 2, 2, 1, 4, 0, 3, 2, 1, 1, 2, 2, 3, 1, 1, 1, 3, 0, 4, 3, 1, 4, 1, 1, 0, 4, 1, 4, 1, 1, 3, 1, 3, 1, 1, 1, 1, 2, 1, 2, 1, 1, 4, 3, 2, 1, 2, 2, 4, 1, 1]|[0, 2, 1, 1, 3, 0, 1, 0, 0, 0, 0, 0, 1, 0, 1, 0, 0, 3, 1, 0, 0, 0, 3, 1, 0, 2, 0, 0, 0, 1, 0, 0, 0, 0, 3, 0, 1, 0, 0, 2, 1, 1, 1, 0, 0, 0, 0, 2, 1, 0, 0, 0, 1, 3, 0, 0, 1, 0, 0, 1, 0, 2, 0, 1, 0, 2, 1, 0, 0, 1, 1, 3, 1, 1, 3, 0, 1, 0, 0, 2, 0, 0, 0, 0, 1, 0, 1, 0, 1, 0, 0, 0, 2, 0, 0, 0, 0, 2, 0, 1],771.6999723321039,56115.09614099476,98372.09661671137,true
10,G4_BALANCED,G4_BALANCED,[31, 22, 82, 15, 26, 58, 95, 42, 77, 12, 47, 5, 93, 78, 86, 54, 85, 63, 18, 44, 20, 35, 43, 97, 91, 76, 10, 30, 21, 45, 71, 64, 1, 23, 17, 83, 24, 14, 60, 36, 6, 57, 40, 88, 65, 56, 79, 94, 67, 68, 46, 75, 38, 9, 19, 32, 81, 41, 27, 62, 87, 90, 99, 59, 11, 16, 72, 73, 70, 39, 37, 84, 3, 92, 25, 34, 28, 29, 51, 7, 66, 61, 98, 48, 89, 50, 33, 96, 53, 80, 55, 4, 8, 2, 52, 13, 0, 69, 74, 49]|[1, 1, 0, 1, 1, 0, 1, 2, 2, 1, 2, 2, 2, 1, 1, 0, 0, 1, 0, 2, 2, 0, 1, 2, 0, 1, 2, 2, 0, 0, 1, 2, 1, 2, 1, 0, 2, 0, 1, 1, 0, 1, 1, 1, 0, 2, 1, 1, 0, 0, 0, 0, 1, 1, 2, 1, 2, 0, 0, 0, 2, 1, 0, 1, 2, 1, 2, 1, 1, 1, 1, 1, 1, 0, 1, 2, 0, 0, 0, 1, 2, 1, 2, 0, 1, 0, 2, 2, 0, 0, 2, 1, 1, 0, 1, 0, 0, 1, 2, 0]|[4, 3, 2, 2, 4, 1, 2, 2, 2, 4, 1, 1, 2, 4, 4, 1, 2, 4, 2, 1, 1, 1, 1, 2, 1, 2, 1, 1, 1, 1, 3, 2, 3, 1, 4, 0, 1, 1, 0, 3, 2, 2, 2, 0, 1, 1, 0, 4, 0, 1, 2, 2, 1, 4, 0, 3, 2, 1, 1, 2, 1, 3, 1, 1, 1, 3, 0, 4, 3, 1, 4, 1, 1, 0, 4, 1, 2, 1, 1, 1, 1, 3, 1, 1, 1, 1, 1, 1, 2, 1, 1, 4, 3, 2, 1, 2, 2, 4, 1, 1]|[0, 2, 1, 1, 3, 0, 1, 0, 0, 0, 0, 0, 1, 0, 1, 0, 0, 3, 1, 0, 0, 0, 3, 1, 0, 2, 0, 0, 0, 1, 0, 0, 0, 0, 3, 0, 1, 0, 0, 2, 1, 1, 1, 0, 0, 0, 0, 2, 1, 0, 0, 0, 1, 3, 0, 0, 1, 0, 0, 1, 0, 2, 0, 1, 0, 2, 1, 0, 0, 1, 1, 3, 1, 1, 3, 0, 1, 0, 0, 2, 0, 0, 0, 0, 1, 0, 0, 0, 1, 0, 0, 0, 2, 0, 1, 0, 0, 2, 0, 1],748.9199420531638,56535.578873692124,94980.44417423022,false
10,G2_TEC,G2_TEC,[31, 22, 82, 15, 26, 9, 95, 42, 77, 68, 47, 5, 93, 78, 86, 54, 85, 63, 18, 44, 20, 49, 36, 14, 74, 50, 53, 17, 21, 45, 71, 64, 3, 23, 30, 83, 24, 41, 60, 52, 65, 27, 90, 70, 39, 87, 48, 69, 99, 4, 46, 1, 13, 58, 97, 59, 28, 8, 73, 37, 35, 79, 11, 66, 76, 57, 40, 80, 96, 6, 16, 61, 33, 98, 32, 81, 62, 67, 10, 7, 56, 88, 51, 19, 91, 38, 75, 92, 25, 84, 2, 55, 12, 43, 34, 0, 29, 94, 89, 72]|[2, 1, 2, 1, 1, 2, 1, 1, 1, 1, 1, 0, 2, 2, 1, 2, 0, 0, 0, 2, 2, 1, 0, 2, 0, 2, 2, 1, 0, 1, 1, 1, 0, 0, 1, 0, 2, 1, 2, 2, 0, 0, 1, 1, 0, 2, 0, 2, 1, 0, 0, 2, 2, 0, 2, 0, 2, 1, 0, 0, 2, 1, 0, 2, 2, 0, 2, 2, 0, 1, 2, 1, 1, 0, 0, 1, 1, 1, 1, 2, 2, 1, 1, 1, 1, 0, 0, 0, 1, 0, 2, 0, 1, 1, 1, 0, 1, 1, 1, 1]|[0, 3, 0, 2, 4, 1, 4, 4, 2, 4, 3, 2, 1, 0, 2, 1, 1, 1, 2, 1, 1, 3, 0, 1, 0, 1, 1, 4, 1, 4, 3, 2, 2, 0, 4, 1, 1, 4, 0, 1, 2, 1, 4, 4, 1, 1, 0, 2, 3, 1, 2, 1, 2, 1, 1, 2, 0, 3, 0, 2, 2, 3, 1, 0, 1, 0, 0, 1, 2, 4, 1, 3, 4, 2, 2, 4, 3, 3, 3, 1, 1, 4, 3, 4, 3, 2, 2, 2, 4, 2, 1, 2, 3, 4, 1, 2, 3, 4, 4, 4]|[0, 2, 0, 1, 3, 0, 1, 3, 0, 0, 2, 0, 1, 0, 1, 0, 0, 0, 1, 0, 0, 2, 0, 0, 1, 0, 0, 3, 0, 1, 0, 2, 0, 0, 3, 0, 1, 3, 1, 0, 0, 0, 1, 3, 0, 0, 1, 0, 2, 0, 0, 0, 0, 0, 1, 0, 0, 0, 1, 1, 0, 2, 0, 0, 0, 1, 0, 0, 0, 2, 0, 0, 1, 0, 0, 2, 0, 0, 3, 0, 0, 1, 0, 3, 0, 0, 0, 0, 3, 0, 0, 0, 0, 2, 1, 0, 0, 2, 1, 2],863.840939798981,52276.64155120768,112913.97169016399,false
10,G3_TWC,G3_TWC,[31, 22, 82, 15, 26, 9, 95, 42, 77, 12, 47, 5, 93, 78, 86, 54, 85, 63, 18, 44, 20, 35, 43, 97, 91, 76, 10, 30, 21, 45, 71, 64, 1, 23, 17, 83, 24, 14, 60, 36, 41, 57, 40, 88, 65, 56, 79, 94, 67, 68, 46, 75, 38, 58, 19, 32, 81, 6, 27, 62, 87, 90, 99, 59, 11, 16, 72, 73, 69, 39, 37, 84, 3, 92, 25, 55, 28, 29, 51, 7, 66, 61, 98, 48, 89, 50, 33, 96, 80, 8, 53, 4, 34, 2, 52, 49, 0, 70, 74, 13]|[1, 1, 0, 1, 1, 0, 1, 2, 2, 1, 2, 2, 2, 1, 1, 0, 0, 1, 0, 2, 2, 0, 1, 2, 0, 1, 2, 2, 0, 0, 1, 2, 1, 2, 1, 0, 2, 0, 1, 1, 0, 1, 1, 1, 0, 2, 1, 1, 0, 0, 0, 0, 1, 1, 2, 1, 2, 1, 0, 0, 2, 2, 0, 1, 2, 1, 2, 1, 1, 1, 0, 1, 1, 0, 1, 1, 0, 0, 0, 1, 2, 1, 2, 0, 1, 0, 2, 0, 0, 0, 0, 0, 2, 0, 1, 0, 0, 1, 2, 0]|[4, 3, 2, 2, 4, 1, 2, 2, 2, 4, 1, 1, 2, 4, 4, 1, 2, 4, 2, 1, 1, 1, 1, 2, 1, 2, 1, 1, 1, 1, 3, 2, 3, 0, 4, 0, 1, 1, 0, 3, 2, 2, 2, 0, 1, 1, 0, 4, 0, 1, 2, 2, 1, 0, 0, 3, 2, 4, 1, 2, 1, 1, 1, 1, 1, 3, 0, 4, 3, 1, 1, 1, 1, 0, 4, 4, 2, 1, 1, 1, 1, 3, 1, 1, 1, 1, 1, 1, 1, 1, 2, 2, 1, 2, 1, 1, 2, 3, 1, 2]|[0, 2, 1, 1, 3, 0, 1, 0, 0, 0, 0, 0, 1, 0, 1, 0, 0, 3, 1, 0, 0, 0, 3, 1, 0, 2, 0, 0, 0, 1, 0, 0, 0, 0, 3, 0, 1, 0, 0, 2, 1, 1, 1, 0, 0, 0, 0, 2, 1, 0, 0, 0, 1, 3, 0, 0, 1, 2, 0, 1, 0, 0, 0, 1, 0, 2, 1, 0, 0, 1, 0, 3, 1, 1, 3, 3, 1, 0, 0, 2, 0, 0, 0, 0, 1, 0, 0, 0, 0, 0, 1, 1, 0, 0, 1, 1, 0, 0, 0, 0],837.9777466151338,57662.818208457764,93307.87391605499,false
10,G1_CMAX,G4_BALANCED,[31, 22, 82, 15, 26, 58, 95, 42, 77, 12, 47, 5, 93, 78, 86, 54, 85, 63, 18, 44, 20, 35, 43, 97, 91, 76, 10, 30, 21, 45, 71, 64, 1, 23, 17, 83, 24, 14, 60, 36, 6, 57, 40, 88, 65, 56, 79, 94, 67, 68, 46, 75, 38, 9, 19, 32, 81, 41, 27, 62, 87, 90, 99, 59, 11, 16, 72, 73, 70, 39, 37, 84, 3, 92, 25, 34, 28, 29, 51, 7, 33, 61, 98, 48, 89, 50, 96, 66, 80, 8, 53, 4, 55, 2, 52, 49, 0, 69, 74, 13]|[1, 1, 0, 1, 1, 0, 1, 2, 2, 1, 2, 2, 2, 1, 1, 0, 0, 1, 0, 2, 2, 0, 1, 2, 0, 1, 2, 2, 0, 0, 1, 2, 1, 2, 1, 0, 2, 0, 1, 1, 0, 1, 1, 1, 0, 2, 1, 1, 0, 0, 0, 0, 1, 1, 2, 1, 2, 0, 0, 0, 2, 1, 0, 1, 2, 1, 2, 1, 1, 1, 1, 1, 1, 0, 1, 2, 0, 0, 0, 1, 2, 1, 2, 0, 1, 0, 2, 2, 0, 0, 0, 1, 2, 0, 1, 0, 0, 1, 2, 0]|[4, 3, 2, 2, 4, 1, 2, 2, 2, 4, 1, 1, 2, 4, 4, 1, 2, 4, 2, 1, 1, 1, 1, 2, 1, 2, 1, 1, 1, 1, 3, 2, 3, 1, 4, 0, 1, 1, 0, 3, 2, 2, 2, 0, 1, 1, 0, 4, 0, 1, 2, 2, 1, 4, 0, 3, 2, 1, 1, 2, 1, 3, 1, 1, 1, 3, 0, 4, 3, 1, 4, 1, 1, 0, 4, 1, 2, 1, 1, 1, 1, 3, 1, 1, 1, 1, 1, 1, 1, 1, 2, 4, 1, 2, 1, 1, 2, 4, 1, 2]|[0, 2, 1, 1, 3, 0, 1, 0, 0, 0, 0, 0, 1, 0, 1, 0, 0, 3, 1, 0, 0, 0, 3, 1, 0, 2, 0, 0, 0, 1, 0, 0, 0, 0, 3, 0, 1, 0, 0, 2, 1, 1, 1, 0, 0, 0, 0, 2, 1, 0, 0, 0, 1, 3, 0, 0, 1, 0, 0, 1, 0, 2, 0, 1, 0, 2, 1, 0, 0, 1, 1, 3, 1, 1, 3, 0, 1, 0, 0, 2, 0, 0, 0, 0, 1, 0, 0, 0, 0, 0, 1, 0, 0, 0, 1, 1, 0, 2, 0, 0],782.1514721387503,56296.28280331818,95043.71214189353,true
10,G4_BALANCED,G4_BALANCED,[31, 22, 82, 15, 26, 58, 95, 42, 77, 12, 47, 5, 93, 78, 86, 54, 85, 63, 18, 44, 20, 35, 43, 97, 91, 76, 10, 30, 21, 45, 71, 64, 1, 23, 17, 83, 24, 14, 60, 36, 6, 57, 40, 88, 65, 56, 79, 94, 67, 68, 46, 75, 38, 9, 19, 32, 81, 41, 27, 62, 87, 90, 99, 59, 11, 16, 72, 73, 70, 39, 37, 84, 3, 92, 25, 34, 28, 29, 51, 7, 66, 61, 98, 48, 89, 50, 33, 96, 53, 80, 55, 4, 8, 2, 52, 13, 0, 69, 74, 49]|[1, 1, 0, 1, 1, 0, 1, 2, 2, 1, 2, 2, 2, 1, 1, 0, 0, 1, 0, 2, 2, 0, 1, 2, 0, 1, 2, 2, 0, 0, 1, 2, 1, 2, 1, 0, 2, 0, 1, 1, 0, 1, 1, 1, 0, 2, 1, 1, 0, 0, 0, 0, 1, 1, 2, 1, 2, 0, 0, 0, 2, 1, 0, 1, 2, 1, 2, 1, 1, 1, 1, 1, 1, 0, 1, 2, 0, 0, 0, 1, 2, 1, 2, 0, 1, 0, 2, 2, 0, 0, 2, 1, 1, 0, 1, 0, 0, 1, 2, 0]|[4, 3, 2, 2, 4, 1, 2, 2, 2, 4, 1, 1, 2, 4, 4, 1, 2, 4, 2, 1, 1, 1, 1, 2, 1, 2, 1, 1, 1, 1, 3, 2, 3, 1, 4, 0, 1, 1, 0, 3, 2, 2, 2, 0, 1, 1, 0, 4, 0, 1, 2, 2, 1, 4, 0, 3, 2, 1, 1, 2, 1, 3, 1, 1, 1, 3, 0, 4, 3, 1, 4, 1, 1, 0, 4, 1, 2, 1, 1, 1, 1, 3, 1, 1, 1, 1, 1, 1, 2, 1, 1, 4, 3, 2, 1, 2, 2, 4, 1, 1]|[0, 2, 1, 1, 3, 0, 1, 0, 0, 0, 0, 0, 1, 0, 1, 0, 0, 3, 1, 0, 0, 0, 3, 1, 0, 2, 0, 0, 0, 1, 0, 0, 0, 0, 3, 0, 1, 0, 0, 2, 1, 1, 1, 0, 0, 0, 0, 2, 1, 0, 0, 0, 1, 3, 0, 0, 1, 0, 0, 1, 0, 2, 0, 1, 0, 2, 1, 0, 0, 1, 1, 3, 1, 1, 3, 0, 1, 0, 0, 2, 0, 0, 0, 0, 1, 0, 0, 0, 1, 0, 0, 0, 2, 0, 1, 0, 0, 2, 0, 1],748.9199420531638,56535.578873692124,94980.44417423022,false
10,G2_TEC,G2_TEC,[31, 22, 82, 15, 26, 9, 95, 42, 77, 68, 47, 5, 93, 78, 86, 54, 85, 63, 18, 44, 20, 49, 36, 14, 74, 50, 53, 17, 21, 45, 71, 64, 3, 23, 30, 83, 24, 41, 60, 52, 65, 27, 90, 70, 39, 87, 48, 69, 99, 4, 46, 1, 13, 58, 97, 59, 28, 8, 73, 37, 35, 79, 11, 66, 76, 57, 40, 80, 96, 6, 16, 61, 33, 98, 32, 81, 62, 67, 10, 7, 56, 88, 51, 19, 91, 38, 75, 92, 25, 84, 2, 55, 12, 43, 34, 0, 29, 94, 89, 72]|[2, 1, 2, 1, 1, 2, 1, 1, 1, 1, 1, 0, 2, 2, 1, 2, 0, 0, 0, 2, 2, 1, 0, 2, 0, 2, 2, 1, 0, 1, 1, 1, 0, 0, 1, 0, 2, 1, 2, 2, 0, 0, 1, 1, 0, 2, 0, 2, 1, 0, 0, 2, 2, 0, 2, 0, 2, 1, 0, 0, 2, 1, 0, 2, 2, 0, 2, 2, 0, 1, 2, 1, 1, 0, 0, 1, 1, 1, 1, 2, 2, 1, 1, 1, 1, 0, 0, 0, 1, 0, 2, 0, 1, 1, 1, 0, 1, 1, 1, 1]|[0, 3, 0, 2, 4, 1, 4, 4, 2, 4, 3, 2, 1, 0, 2, 1, 1, 1, 2, 1, 1, 3, 0, 1, 0, 1, 1, 4, 1, 4, 3, 2, 2, 0, 4, 1, 1, 4, 0, 1, 2, 1, 4, 4, 1, 1, 0, 2, 3, 1, 2, 1, 2, 1, 1, 2, 0, 3, 0, 2, 2, 3, 1, 0, 1, 0, 0, 1, 2, 4, 1, 3, 4, 2, 2, 4, 3, 3, 3, 1, 1, 4, 3, 4, 3, 2, 2, 2, 4, 2, 1, 2, 3, 4, 1, 2, 3, 4, 4, 4]|[0, 2, 0, 1, 3, 0, 1, 3, 0, 0, 2, 0, 1, 0, 1, 0, 0, 0, 1, 0, 0, 2, 0, 0, 1, 0, 0, 3, 0, 1, 0, 2, 0, 0, 3, 0, 1, 3, 1, 0, 0, 0, 1, 3, 0, 0, 1, 0, 2, 0, 0, 0, 0, 0, 1, 0, 0, 0, 1, 1, 0, 2, 0, 0, 0, 1, 0, 0, 0, 2, 0, 0, 1, 0, 0, 2, 0, 0, 3, 0, 0, 1, 0, 3, 0, 0, 0, 0, 3, 0, 0, 0, 0, 2, 1, 0, 0, 2, 1, 2],863.840939798981,52276.64155120768,112913.97169016399,false
10,G3_TWC,G3_TWC,[31, 22, 82, 15, 26, 9, 95, 42, 77, 12, 47, 5, 93, 78, 86, 54, 85, 63, 18, 44, 20, 35, 43, 97, 91, 76, 10, 30, 21, 45, 71, 64, 1, 23, 17, 83, 24, 14, 60, 36, 41, 57, 40, 88, 65, 56, 79, 94, 67, 68, 46, 75, 38, 58, 19, 32, 81, 6, 27, 62, 87, 90, 99, 59, 11, 16, 72, 73, 69, 39, 37, 84, 3, 92, 25, 55, 28, 29, 51, 7, 66, 61, 98, 48, 89, 8, 33, 96, 53, 80, 50, 4, 34, 2, 52, 13, 0, 70, 74, 49]|[1, 1, 0, 1, 1, 0, 1, 2, 2, 1, 2, 2, 2, 1, 1, 0, 0, 1, 0, 2, 2, 0, 1, 2, 0, 1, 2, 2, 0, 0, 1, 2, 1, 2, 1, 0, 2, 0, 1, 1, 0, 1, 1, 1, 0, 2, 1, 1, 0, 0, 0, 0, 1, 1, 2, 1, 2, 0, 0, 0, 2, 1, 0, 1, 2, 1, 2, 1, 1, 1, 1, 1, 1, 0, 1, 1, 0, 0, 0, 1, 2, 1, 2, 0, 1, 0, 2, 0, 0, 0, 0, 0, 2, 0, 1, 0, 0, 1, 2, 0]|[4, 3, 2, 2, 4, 1, 2, 2, 2, 4, 1, 1, 2, 4, 4, 1, 2, 4, 2, 1, 1, 1, 1, 2, 1, 2, 1, 1, 1, 1, 3, 2, 3, 0, 4, 0, 1, 1, 0, 3, 2, 2, 2, 0, 1, 1, 0, 4, 0, 1, 2, 2, 1, 4, 0, 3, 2, 1, 1, 2, 1, 3, 1, 1, 1, 3, 0, 4, 3, 1, 4, 1, 1, 0, 4, 4, 2, 1, 1, 1, 1, 3, 1, 1, 1, 1, 1, 1, 2, 1, 1, 2, 1, 2, 1, 2, 2, 4, 1, 1]|[0, 2, 1, 1, 3, 0, 1, 0, 0, 0, 0, 0, 1, 0, 1, 0, 0, 3, 1, 0, 0, 0, 3, 1, 0, 2, 0, 0, 0, 1, 0, 0, 0, 0, 3, 0, 1, 0, 0, 2, 1, 1, 1, 0, 0, 0, 0, 2, 1, 0, 0, 0, 1, 3, 0, 0, 1, 0, 0, 1, 0, 2, 0, 1, 0, 2, 1, 0, 0, 1, 1, 3, 1, 1, 3, 3, 1, 0, 0, 2, 0, 0, 0, 0, 1, 0, 0, 0, 1, 0, 0, 1, 0, 0, 1, 0, 0, 2, 0, 1],828.6150361188287,57498.909092636255,92558.71763620913,false
10,G1_CMAX,G3_TWC,[31, 22, 82, 15, 26, 9, 95, 42, 77, 12, 47, 5, 93, 78, 86, 54, 85, 63, 18, 44, 20, 35, 43, 97, 91, 76, 10, 30, 21, 45, 71, 64, 1, 23, 17, 83, 24, 14, 60, 36, 41, 57, 40, 88, 65, 56, 79, 94, 67, 68, 46, 75, 38, 58, 19, 32, 81, 6, 27, 62, 87, 90, 99, 59, 11, 16, 72, 73, 69, 39, 37, 84, 3, 92, 25, 55, 28, 29, 51, 7, 66, 61, 98, 48, 89, 8, 33, 96, 53, 80, 50, 4, 34, 2, 52, 13, 0, 70, 74, 49]|[1, 1, 0, 1, 1, 0, 1, 2, 2, 1, 2, 2, 2, 1, 1, 0, 0, 1, 0, 2, 2, 0, 1, 2, 0, 1, 2, 2, 0, 0, 1, 2, 1, 2, 1, 0, 2, 0, 1, 1, 0, 1, 1, 1, 0, 2, 1, 1, 0, 0, 0, 0, 1, 1, 2, 1, 2, 0, 0, 0, 2, 1, 0, 1, 2, 1, 2, 1, 1, 1, 1, 1, 1, 0, 1, 1, 0, 0, 0, 1, 2, 1, 2, 0, 1, 0, 2, 0, 0, 0, 0, 0, 2, 0, 1, 0, 0, 1, 2, 0]|[4, 3, 2, 2, 4, 1, 2, 2, 2, 4, 1, 1, 2, 4, 4, 1, 2, 4, 2, 1, 1, 1, 1, 2, 1, 2, 1, 1, 1, 1, 3, 2, 3, 0, 4, 0, 1, 1, 0, 3, 2, 2, 2, 0, 1, 1, 0, 4, 0, 1, 2, 2, 1, 4, 0, 3, 2, 1, 1, 2, 1, 3, 1, 1, 1, 3, 0, 4, 3, 1, 4, 1, 1, 0, 4, 4, 2, 1, 1, 1, 1, 3, 1, 1, 1, 1, 1, 1, 2, 1, 1, 2, 1, 2, 1, 2, 2, 4, 1, 1]|[0, 2, 1, 1, 3, 0, 1, 0, 0, 0, 0, 0, 1, 0, 1, 0, 0, 3, 1, 0, 0, 0, 3, 1, 0, 2, 0, 0, 0, 1, 0, 0, 0, 0, 3, 0, 1, 0, 0, 2, 1, 1, 1, 0, 0, 0, 0, 2, 1, 0, 0, 0, 1, 3, 0, 0, 1, 0, 0, 1, 0, 2, 0, 1, 0, 2, 1, 0, 0, 1, 1, 3, 1, 1, 3, 3, 1, 0, 0, 2, 0, 0, 0, 0, 1, 0, 0, 0, 1, 0, 0, 1, 0, 0, 1, 0, 0, 2, 0, 1],828.6150361188287,57498.909092636255,92558.71763620913,true
10,G4_BALANCED,G4_BALANCED,[31, 22, 82, 15, 26, 58, 95, 42, 77, 12, 47, 5, 93, 78, 86, 54, 85, 63, 18, 44, 20, 35, 43, 97, 91, 76, 10, 30, 21, 45, 71, 64, 1, 23, 17, 83, 24, 14, 60, 36, 6, 57, 40, 88, 65, 56, 79, 94, 67, 68, 46, 75, 38, 9, 19, 32, 81, 41, 27, 62, 87, 90, 99, 59, 11, 16, 72, 73, 70, 39, 37, 84, 3, 92, 25, 34, 28, 29, 51, 7, 66, 61, 98, 48, 89, 50, 33, 96, 53, 80, 55, 4, 8, 2, 52, 13, 0, 69, 74, 49]|[1, 1, 0, 1, 1, 0, 1, 2, 2, 1, 2, 2, 2, 1, 1, 0, 0, 1, 0, 2, 2, 0, 1, 2, 0, 1, 2, 2, 0, 0, 1, 2, 1, 2, 1, 0, 2, 0, 1, 1, 0, 1, 1, 1, 0, 2, 1, 1, 0, 0, 0, 0, 1, 1, 2, 1, 2, 0, 0, 0, 2, 1, 0, 1, 2, 1, 2, 1, 1, 1, 1, 1, 1, 0, 1, 2, 0, 0, 0, 1, 2, 1, 2, 0, 1, 0, 2, 2, 0, 0, 2, 1, 1, 0, 1, 0, 0, 1, 2, 0]|[4, 3, 2, 2, 4, 1, 2, 2, 2, 4, 1, 1, 2, 4, 4, 1, 2, 4, 2, 1, 1, 1, 1, 2, 1, 2, 1, 1, 1, 1, 3, 2, 3, 1, 4, 0, 1, 1, 0, 3, 2, 2, 2, 0, 1, 1, 0, 4, 0, 1, 2, 2, 1, 4, 0, 3, 2, 1, 1, 2, 1, 3, 1, 1, 1, 3, 0, 4, 3, 1, 4, 1, 1, 0, 4, 1, 2, 1, 1, 1, 1, 3, 1, 1, 1, 1, 1, 1, 2, 1, 1, 4, 3, 2, 1, 2, 2, 4, 1, 1]|[0, 2, 1, 1, 3, 0, 1, 0, 0, 0, 0, 0, 1, 0, 1, 0, 0, 3, 1, 0, 0, 0, 3, 1, 0, 2, 0, 0, 0, 1, 0, 0, 0, 0, 3, 0, 1, 0, 0, 2, 1, 1, 1, 0, 0, 0, 0, 2, 1, 0, 0, 0, 1, 3, 0, 0, 1, 0, 0, 1, 0, 2, 0, 1, 0, 2, 1, 0, 0, 1, 1, 3, 1, 1, 3, 0, 1, 0, 0, 2, 0, 0, 0, 0, 1, 0, 0, 0, 1, 0, 0, 0, 2, 0, 1, 0, 0, 2, 0, 1],748.9199420531638,56535.578873692124,94980.44417423022,false
10,G2_TEC,G2_TEC,[31, 22, 82, 15, 26, 9, 95, 42, 77, 68, 47, 5, 93, 78, 86, 54, 85, 63, 18, 44, 20, 49, 36, 14, 74, 50, 53, 17, 21, 45, 71, 64, 3, 23, 30, 83, 24, 41, 60, 52, 65, 27, 90, 70, 39, 87, 48, 69, 99, 4, 46, 1, 13, 58, 97, 59, 28, 8, 73, 37, 35, 79, 11, 66, 76, 57, 40, 80, 96, 6, 16, 61, 33, 98, 32, 81, 62, 67, 10, 7, 56, 88, 51, 19, 91, 38, 75, 92, 25, 84, 2, 55, 12, 43, 34, 0, 29, 94, 89, 72]|[2, 1, 2, 1, 1, 2, 1, 1, 1, 1, 1, 0, 2, 2, 1, 2, 0, 0, 0, 2, 2, 1, 0, 2, 0, 2, 2, 1, 0, 1, 1, 1, 0, 0, 1, 0, 2, 1, 2, 2, 0, 0, 1, 1, 0, 2, 0, 2, 1, 0, 0, 2, 2, 0, 2, 0, 2, 1, 0, 0, 2, 1, 0, 2, 2, 0, 2, 2, 0, 1, 2, 1, 1, 0, 0, 1, 1, 1, 1, 2, 2, 1, 1, 1, 1, 0, 0, 0, 1, 0, 2, 0, 1, 1, 1, 0, 1, 1, 1, 1]|[0, 3, 0, 2, 4, 1, 4, 4, 2, 4, 3, 2, 1, 0, 2, 1, 1, 1, 2, 1, 1, 3, 0, 1, 0, 1, 1, 4, 1, 4, 3, 2, 2, 0, 4, 1, 1, 4, 0, 1, 2, 1, 4, 4, 1, 1, 0, 2, 3, 1, 2, 1, 2, 1, 1, 2, 0, 3, 0, 2, 2, 3, 1, 0, 1, 0, 0, 1, 2, 4, 1, 3, 4, 2, 2, 4, 3, 3, 3, 1, 1, 4, 3, 4, 3, 2, 2, 2, 4, 2, 1, 2, 3, 4, 1, 2, 3, 4, 4, 4]|[0, 2, 0, 1, 3, 0, 1, 3, 0, 0, 2, 0, 1, 0, 1, 0, 0, 0, 1, 0, 0, 2, 0, 0, 1, 0, 0, 3, 0, 1, 0, 2, 0, 0, 3, 0, 1, 3, 1, 0, 0, 0, 1, 3, 0, 0, 1, 0, 2, 0, 0, 0, 0, 0, 1, 0, 0, 0, 1, 1, 0, 2, 0, 0, 0, 1, 0, 0, 0, 2, 0, 0, 1, 0, 0, 2, 0, 0, 3, 0, 0, 1, 0, 3, 0, 0, 0, 0, 3, 0, 0, 0, 0, 2, 1, 0, 0, 2, 1, 2],863.840939798981,52276.64155120768,112913.97169016399,false
10,G3_TWC,G3_TWC,[31, 22, 82, 15, 26, 9, 95, 42, 77, 12, 47, 5, 93, 78, 86, 54, 85, 63, 18, 44, 20, 35, 43, 97, 91, 76, 10, 30, 21, 45, 71, 64, 1, 23, 17, 83, 24, 14, 60, 36, 41, 57, 40, 88, 65, 56, 79, 94, 67, 68, 46, 75, 38, 58, 19, 32, 81, 6, 27, 62, 87, 90, 99, 59, 11, 16, 72, 73, 69, 39, 37, 84, 3, 92, 25, 55, 28, 29, 51, 7, 66, 61, 98, 48, 89, 8, 33, 96, 53, 80, 50, 4, 34, 2, 52, 13, 0, 70, 74, 49]|[1, 1, 0, 1, 1, 0, 1, 2, 2, 1, 2, 2, 2, 1, 1, 0, 0, 1, 0, 2, 2, 0, 1, 2, 0, 1, 2, 2, 0, 0, 1, 2, 1, 2, 1, 0, 2, 0, 1, 1, 0, 1, 1, 1, 0, 2, 1, 1, 0, 0, 0, 0, 1, 1, 2, 1, 2, 0, 0, 0, 2, 1, 0, 1, 2, 1, 2, 1, 1, 1, 1, 1, 1, 0, 1, 1, 0, 0, 0, 1, 2, 1, 2, 0, 1, 0, 2, 0, 0, 0, 0, 0, 2, 0, 1, 0, 0, 1, 2, 0]|[4, 3, 2, 2, 4, 1, 2, 2, 2, 4, 1, 1, 2, 4, 4, 1, 2, 4, 2, 1, 1, 1, 1, 2, 1, 2, 1, 1, 1, 1, 3, 2, 3, 0, 4, 0, 1, 1, 0, 3, 2, 2, 2, 0, 1, 1, 0, 4, 0, 1, 2, 2, 1, 4, 0, 3, 2, 1, 1, 2, 1, 3, 1, 1, 1, 3, 0, 4, 3, 1, 4, 1, 1, 0, 4, 4, 2, 1, 1, 1, 1, 3, 1, 1, 1, 1, 1, 1, 2, 1, 1, 2, 1, 2, 1, 2, 2, 4, 1, 1]|[0, 2, 1, 1, 3, 0, 1, 0, 0, 0, 0, 0, 1, 0, 1, 0, 0, 3, 1, 0, 0, 0, 3, 1, 0, 2, 0, 0, 0, 1, 0, 0, 0, 0, 3, 0, 1, 0, 0, 2, 1, 1, 1, 0, 0, 0, 0, 2, 1, 0, 0, 0, 1, 3, 0, 0, 1, 0, 0, 1, 0, 2, 0, 1, 0, 2, 1, 0, 0, 1, 1, 3, 1, 1, 3, 3, 1, 0, 0, 2, 0, 0, 0, 0, 1, 0, 0, 0, 1, 0, 0, 1, 0, 0, 1, 0, 0, 2, 0, 1],828.6150361188287,57498.909092636255,92558.71763620913,false
10,G1_CMAX,G2_TEC,[31, 22, 82, 15, 26, 9, 95, 42, 77, 68, 47, 5, 93, 78, 86, 54, 85, 63, 18, 44, 20, 49, 36, 14, 74, 50, 53, 17, 21, 45, 71, 64, 3, 23, 30, 83, 24, 41, 60, 52, 65, 27, 90, 70, 39, 87, 48, 69, 99, 4, 46, 1, 13, 58, 97, 59, 28, 8, 73, 37, 35, 79, 11, 66, 76, 57, 40, 80, 96, 6, 16, 61, 33, 98, 32, 81, 62, 67, 10, 7, 56, 88, 29, 19, 91, 38, 75, 92, 0, 84, 2, 55, 12, 43, 34, 51, 25, 94, 89, 72]|[2, 1, 2, 1, 1, 2, 1, 1, 1, 1, 1, 0, 2, 2, 1, 2, 0, 0, 0, 2, 2, 1, 0, 2, 0, 2, 2, 1, 0, 1, 1, 1, 0, 0, 1, 0, 2, 1, 2, 2, 0, 0, 1, 1, 0, 2, 0, 2, 1, 0, 0, 2, 2, 0, 2, 0, 2, 1, 0, 0, 2, 1, 0, 2, 2, 0, 2, 2, 0, 1, 2, 1, 1, 0, 0, 1, 1, 1, 1, 2, 2, 1, 1, 1, 1, 0, 0, 0, 0, 0, 2, 0, 1, 1, 1, 1, 1, 1, 1, 1]|[0, 3, 0, 2, 4, 1, 4, 4, 2, 4, 3, 2, 1, 0, 2, 1, 1, 1, 2, 1, 1, 3, 0, 1, 0, 1, 1, 4, 1, 4, 3, 2, 2, 0, 4, 1, 1, 4, 0, 1, 2, 1, 4, 4, 1, 1, 0, 2, 3, 1, 2, 1, 2, 1, 1, 2, 0, 3, 0, 2, 2, 3, 1, 0, 1, 0, 0, 1, 2, 4, 1, 3, 4, 2, 2, 4, 3, 3, 3, 1, 1, 4, 3, 4, 3, 2, 2, 2, 2, 2, 1, 2, 3, 4, 1, 3, 4, 4, 4, 4]|[0, 2, 0, 1, 3, 0, 1, 3, 0, 0, 2, 0, 1, 0, 1, 0, 0, 0, 1, 0, 0, 2, 0, 0, 1, 0, 0, 3, 0, 1, 0, 2, 0, 0, 3, 0, 1, 3, 1, 0, 0, 0, 1, 3, 0, 0, 1, 0, 2, 0, 0, 0, 0, 0, 1, 0, 0, 0, 1, 1, 0, 2, 0, 0, 0, 1, 0, 0, 0, 2, 0, 0, 1, 0, 0, 2, 0, 0, 3, 0, 0, 1, 0, 3, 0, 0, 0, 0, 0, 0, 0, 0, 0, 2, 1, 0, 3, 2, 1, 2],871.2178031377808,52297.78788521503,112819.71586771417,true
10,G4_BALANCED,G4_BALANCED,[31, 22, 82, 15, 26, 58, 95, 42, 77, 12, 47, 5, 93, 78, 86, 54, 85, 63, 18, 44, 20, 35, 43, 97, 91, 76, 10, 30, 21, 45, 71, 64, 1, 23, 17, 83, 24, 14, 60, 36, 6, 57, 40, 88, 65, 56, 79, 94, 67, 68, 46, 75, 38, 9, 19, 32, 81, 41, 27, 62, 87, 90, 99, 59, 11, 16, 72, 73, 70, 39, 37, 84, 3, 92, 25, 34, 28, 29, 51, 7, 66, 61, 98, 48, 89, 50, 33, 96, 53, 80, 55, 4, 8, 2, 52, 13, 0, 69, 74, 49]|[1, 1, 0, 1, 1, 0, 1, 2, 2, 1, 2, 2, 2, 1, 1, 0, 0, 1, 0, 2, 2, 0, 1, 2, 0, 1, 2, 2, 0, 0, 1, 2, 1, 2, 1, 0, 2, 0, 1, 1, 0, 1, 1, 1, 0, 2, 1, 1, 0, 0, 0, 0, 1, 1, 2, 1, 2, 0, 0, 0, 2, 1, 0, 1, 2, 1, 2, 1, 1, 1, 1, 1, 1, 0, 1, 2, 0, 0, 0, 1, 2, 1, 2, 0, 1, 0, 2, 2, 0, 0, 2, 1, 1, 0, 1, 0, 0, 1, 2, 0]|[4, 3, 2, 2, 4, 1, 2, 2, 2, 4, 1, 1, 2, 4, 4, 1, 2, 4, 2, 1, 1, 1, 1, 2, 1, 2, 1, 1, 1, 1, 3, 2, 3, 1, 4, 0, 1, 1, 0, 3, 2, 2, 2, 0, 1, 1, 0, 4, 0, 1, 2, 2, 1, 4, 0, 3, 2, 1, 1, 2, 1, 3, 1, 1, 1, 3, 0, 4, 3, 1, 4, 1, 1, 0, 4, 1, 2, 1, 1, 1, 1, 3, 1, 1, 1, 1, 1, 1, 2, 1, 1, 4, 3, 2, 1, 2, 2, 4, 1, 1]|[0, 2, 1, 1, 3, 0, 1, 0, 0, 0, 0, 0, 1, 0, 1, 0, 0, 3, 1, 0, 0, 0, 3, 1, 0, 2, 0, 0, 0, 1, 0, 0, 0, 0, 3, 0, 1, 0, 0, 2, 1, 1, 1, 0, 0, 0, 0, 2, 1, 0, 0, 0, 1, 3, 0, 0, 1, 0, 0, 1, 0, 2, 0, 1, 0, 2, 1, 0, 0, 1, 1, 3, 1, 1, 3, 0, 1, 0, 0, 2, 0, 0, 0, 0, 1, 0, 0, 0, 1, 0, 0, 0, 2, 0, 1, 0, 0, 2, 0, 1],748.9199420531638,56535.578873692124,94980.44417423022,false
10,G2_TEC,G2_TEC,[31, 22, 82, 15, 26, 9, 95, 42, 77, 68, 47, 5, 93, 78, 86, 54, 85, 63, 18, 44, 20, 49, 36, 14, 74, 50, 53, 17, 21, 45, 71, 64, 3, 23, 30, 83, 24, 41, 60, 52, 65, 27, 90, 70, 39, 87, 48, 69, 99, 4, 46, 1, 13, 58, 97, 59, 28, 8, 73, 37, 35, 79, 11, 66, 76, 57, 40, 80, 96, 6, 16, 61, 33, 98, 32, 81, 62, 67, 10, 7, 56, 88, 51, 19, 91, 38, 75, 92, 25, 84, 2, 55, 12, 43, 34, 0, 29, 94, 89, 72]|[2, 1, 2, 1, 1, 2, 1, 1, 1, 1, 1, 0, 2, 2, 1, 2, 0, 0, 0, 2, 2, 1, 0, 2, 0, 2, 2, 1, 0, 1, 1, 1, 0, 0, 1, 0, 2, 1, 2, 2, 0, 0, 1, 1, 0, 2, 0, 2, 1, 0, 0, 2, 2, 0, 2, 0, 2, 1, 0, 0, 2, 1, 0, 2, 2, 0, 2, 2, 0, 1, 2, 1, 1, 0, 0, 1, 1, 1, 1, 2, 2, 1, 1, 1, 1, 0, 0, 0, 1, 0, 2, 0, 1, 1, 1, 0, 1, 1, 1, 1]|[0, 3, 0, 2, 4, 1, 4, 4, 2, 4, 3, 2, 1, 0, 2, 1, 1, 1, 2, 1, 1, 3, 0, 1, 0, 1, 1, 4, 1, 4, 3, 2, 2, 0, 4, 1, 1, 4, 0, 1, 2, 1, 4, 4, 1, 1, 0, 2, 3, 1, 2, 1, 2, 1, 1, 2, 0, 3, 0, 2, 2, 3, 1, 0, 1, 0, 0, 1, 2, 4, 1, 3, 4, 2, 2, 4, 3, 3, 3, 1, 1, 4, 3, 4, 3, 2, 2, 2, 4, 2, 1, 2, 3, 4, 1, 2, 3, 4, 4, 4]|[0, 2, 0, 1, 3, 0, 1, 3, 0, 0, 2, 0, 1, 0, 1, 0, 0, 0, 1, 0, 0, 2, 0, 0, 1, 0, 0, 3, 0, 1, 0, 2, 0, 0, 3, 0, 1, 3, 1, 0, 0, 0, 1, 3, 0, 0, 1, 0, 2, 0, 0, 0, 0, 0, 1, 0, 0, 0, 1, 1, 0, 2, 0, 0, 0, 1, 0, 0, 0, 2, 0, 0, 1, 0, 0, 2, 0, 0, 3, 0, 0, 1, 0, 3, 0, 0, 0, 0, 3, 0, 0, 0, 0, 2, 1, 0, 0, 2, 1, 2],863.840939798981,52276.64155120768,112913.97169016399,false
10,G3_TWC,G3_TWC,[31, 22, 82, 15, 26, 9, 95, 42, 77, 12, 47, 5, 93, 78, 86, 54, 85, 63, 18, 44, 20, 35, 43, 97, 91, 76, 10, 30, 21, 45, 71, 64, 1, 23, 17, 83, 24, 14, 60, 36, 41, 57, 40, 88, 65, 56, 79, 94, 67, 68, 46, 75, 38, 58, 19, 32, 81, 6, 27, 62, 87, 90, 99, 59, 11, 16, 72, 73, 69, 39, 37, 84, 3, 92, 25, 55, 28, 29, 51, 7, 66, 61, 98, 48, 89, 8, 33, 96, 53, 80, 50, 4, 34, 2, 52, 13, 0, 70, 74, 49]|[1, 1, 0, 1, 1, 0, 1, 2, 2, 1, 2, 2, 2, 1, 1, 0, 0, 1, 0, 2, 2, 0, 1, 2, 0, 1, 2, 2, 0, 0, 1, 2, 1, 2, 1, 0, 2, 0, 1, 1, 0, 1, 1, 1, 0, 2, 1, 1, 0, 0, 0, 0, 1, 1, 2, 1, 2, 0, 0, 0, 2, 1, 0, 1, 2, 1, 2, 1, 1, 1, 1, 1, 1, 0, 1, 1, 0, 0, 0, 1, 2, 1, 2, 0, 1, 0, 2, 0, 0, 0, 0, 0, 2, 0, 1, 0, 0, 1, 2, 0]|[4, 3, 2, 2, 4, 1, 2, 2, 2, 4, 1, 1, 2, 4, 4, 1, 2, 4, 2, 1, 1, 1, 1, 2, 1, 2, 1, 1, 1, 1, 3, 2, 3, 0, 4, 0, 1, 1, 0, 3, 2, 2, 2, 0, 1, 1, 0, 4, 0, 1, 2, 2, 1, 4, 0, 3, 2, 1, 1, 2, 1, 3, 1, 1, 1, 3, 0, 4, 3, 1, 4, 1, 1, 0, 4, 4, 2, 1, 1, 1, 1, 3, 1, 1, 1, 1, 1, 1, 2, 1, 1, 2, 1, 2, 1, 2, 2, 4, 1, 1]|[0, 2, 1, 1, 3, 0, 1, 0, 0, 0, 0, 0, 1, 0, 1, 0, 0, 3, 1, 0, 0, 0, 3, 1, 0, 2, 0, 0, 0, 1, 0, 0, 0, 0, 3, 0, 1, 0, 0, 2, 1, 1, 1, 0, 0, 0, 0, 2, 1, 0, 0, 0, 1, 3, 0, 0, 1, 0, 0, 1, 0, 2, 0, 1, 0, 2, 1, 0, 0, 1, 1, 3, 1, 1, 3, 3, 1, 0, 0, 2, 0, 0, 0, 0, 1, 0, 0, 0, 1, 0, 0, 1, 0, 0, 1, 0, 0, 2, 0, 1],828.6150361188287,57498.909092636255,92558.71763620913,false
10,G1_CMAX,G4_BALANCED,[31, 22, 82, 15, 26, 58, 95, 42, 77, 12, 47, 5, 93, 78, 86, 54, 85, 63, 18, 44, 20, 35, 43, 97, 91, 76, 10, 30, 21, 45, 71, 64, 1, 23, 17, 83, 24, 14, 60, 36, 6, 57, 40, 88, 65, 56, 79, 94, 67, 68, 46, 75, 38, 9, 19, 32, 81, 41, 27, 62, 87, 90, 99, 59, 11, 16, 72, 73, 70, 39, 37, 84, 3, 92, 25, 34, 28, 29, 51, 7, 33, 61, 98, 48, 89, 50, 96, 66, 80, 8, 53, 4, 55, 2, 52, 49, 0, 69, 74, 13]|[1, 1, 0, 1, 1, 0, 1, 2, 2, 1, 2, 2, 2, 1, 1, 0, 0, 1, 0, 2, 2, 0, 1, 2, 0, 1, 2, 2, 0, 0, 1, 2, 1, 2, 1, 0, 2, 0, 1, 1, 0, 1, 1, 1, 0, 2, 1, 1, 0, 0, 0, 0, 1, 1, 2, 1, 2, 0, 0, 0, 2, 1, 0, 1, 2, 1, 2, 1, 1, 1, 1, 1, 1, 0, 1, 2, 0, 0, 0, 1, 2, 1, 2, 0, 1, 0, 2, 2, 0, 0, 0, 1, 2, 0, 1, 0, 0, 1, 2, 0]|[4, 3, 2, 2, 4, 1, 2, 2, 2, 4, 1, 1, 2, 4, 4, 1, 2, 4, 2, 1, 1, 1, 1, 2, 1, 2, 1, 1, 1, 1, 3, 2, 3, 1, 4, 0, 1, 1, 0, 3, 2, 2, 2, 0, 1, 1, 0, 4, 0, 1, 2, 2, 1, 4, 0, 3, 2, 1, 1, 2, 1, 3, 1, 1, 1, 3, 0, 4, 3, 1, 4, 1, 1, 0, 4, 1, 2, 1, 1, 1, 1, 3, 1, 1, 1, 1, 1, 1, 1, 1, 2, 4, 1, 2, 1, 1, 2, 4, 1, 2]|[0, 2, 1, 1, 3, 0, 1, 0, 0, 0, 0, 0, 1, 0, 1, 0, 0, 3, 1, 0, 0, 0, 3, 1, 0, 2, 0, 0, 0, 1, 0, 0, 0, 0, 3, 0, 1, 0, 0, 2, 1, 1, 1, 0, 0, 0, 0, 2, 1, 0, 0, 0, 1, 3, 0, 0, 1, 0, 0, 1, 0, 2, 0, 1, 0, 2, 1, 0, 0, 1, 1, 3, 1, 1, 3, 0, 1, 0, 0, 2, 0, 0, 0, 0, 1, 0, 0, 0, 0, 0, 1, 0, 0, 0, 1, 1, 0, 2, 0, 0],782.1514721387503,56296.28280331818,95043.71214189353,true
10,G4_BALANCED,G4_BALANCED,[31, 22, 82, 15, 26, 58, 95, 42, 77, 12, 47, 5, 93, 78, 86, 54, 85, 63, 18, 44, 20, 35, 43, 97, 91, 76, 10, 30, 21, 45, 71, 64, 1, 23, 17, 83, 24, 14, 60, 36, 6, 57, 40, 88, 65, 56, 79, 94, 67, 68, 46, 75, 38, 9, 19, 32, 81, 41, 27, 62, 87, 90, 99, 59, 11, 16, 72, 73, 70, 39, 37, 84, 3, 92, 25, 34, 28, 29, 51, 7, 66, 61, 98, 48, 89, 50, 33, 96, 53, 80, 55, 4, 8, 2, 52, 13, 0, 69, 74, 49]|[1, 1, 0, 1, 1, 0, 1, 2, 2, 1, 2, 2, 2, 1, 1, 0, 0, 1, 0, 2, 2, 0, 1, 2, 0, 1, 2, 2, 0, 0, 1, 2, 1, 2, 1, 0, 2, 0, 1, 1, 0, 1, 1, 1, 0, 2, 1, 1, 0, 0, 0, 0, 1, 1, 2, 1, 2, 0, 0, 0, 2, 1, 0, 1, 2, 1, 2, 1, 1, 1, 1, 1, 1, 0, 1, 2, 0, 0, 0, 1, 2, 1, 2, 0, 1, 0, 2, 2, 0, 0, 2, 1, 1, 0, 1, 0, 0, 1, 2, 0]|[4, 3, 2, 2, 4, 1, 2, 2, 2, 4, 1, 1, 2, 4, 4, 1, 2, 4, 2, 1, 1, 1, 1, 2, 1, 2, 1, 1, 1, 1, 3, 2, 3, 1, 4, 0, 1, 1, 0, 3, 2, 2, 2, 0, 1, 1, 0, 4, 0, 1, 2, 2, 1, 4, 0, 3, 2, 1, 1, 2, 1, 3, 1, 1, 1, 3, 0, 4, 3, 1, 4, 1, 1, 0, 4, 1, 2, 1, 1, 1, 1, 3, 1, 1, 1, 1, 1, 1, 2, 1, 1, 4, 3, 2, 1, 2, 2, 4, 1, 1]|[0, 2, 1, 1, 3, 0, 1, 0, 0, 0, 0, 0, 1, 0, 1, 0, 0, 3, 1, 0, 0, 0, 3, 1, 0, 2, 0, 0, 0, 1, 0, 0, 0, 0, 3, 0, 1, 0, 0, 2, 1, 1, 1, 0, 0, 0, 0, 2, 1, 0, 0, 0, 1, 3, 0, 0, 1, 0, 0, 1, 0, 2, 0, 1, 0, 2, 1, 0, 0, 1, 1, 3, 1, 1, 3, 0, 1, 0, 0, 2, 0, 0, 0, 0, 1, 0, 0, 0, 1, 0, 0, 0, 2, 0, 1, 0, 0, 2, 0, 1],748.9199420531638,56535.578873692124,94980.44417423022,false
10,G2_TEC,G2_TEC,[31, 22, 82, 15, 26, 9, 95, 42, 77, 68, 47, 5, 93, 78, 86, 54, 85, 63, 18, 44, 20, 49, 36, 14, 74, 50, 53, 17, 21, 45, 71, 64, 3, 23, 30, 83, 24, 41, 60, 52, 65, 27, 90, 70, 39, 87, 48, 69, 99, 4, 46, 1, 13, 58, 97, 59, 28, 8, 73, 37, 35, 79, 11, 66, 76, 57, 40, 80, 96, 6, 16, 61, 33, 98, 32, 81, 62, 67, 10, 7, 56, 88, 51, 19, 91, 38, 75, 92, 25, 84, 2, 55, 12, 43, 34, 0, 29, 94, 89, 72]|[2, 1, 2, 1, 1, 2, 1, 1, 1, 1, 1, 0, 2, 2, 1, 2, 0, 0, 0, 2, 2, 1, 0, 2, 0, 2, 2, 1, 0, 1, 1, 1, 0, 0, 1, 0, 2, 1, 2, 2, 0, 0, 1, 1, 0, 2, 0, 2, 1, 0, 0, 2, 2, 0, 2, 0, 2, 1, 0, 0, 2, 1, 0, 2, 2, 0, 2, 2, 0, 1, 2, 1, 1, 0, 0, 1, 1, 1, 1, 2, 2, 1, 1, 1, 1, 0, 0, 0, 1, 0, 2, 0, 1, 1, 1, 0, 1, 1, 1, 1]|[0, 3, 0, 2, 4, 1, 4, 4, 2, 4, 3, 2, 1, 0, 2, 1, 1, 1, 2, 1, 1, 3, 0, 1, 0, 1, 1, 4, 1, 4, 3, 2, 2, 0, 4, 1, 1, 4, 0, 1, 2, 1, 4, 4, 1, 1, 0, 2, 3, 1, 2, 1, 2, 1, 1, 2, 0, 3, 0, 2, 2, 3, 1, 0, 1, 0, 0, 1, 2, 4, 1, 3, 4, 2, 2, 4, 3, 3, 3, 1, 1, 4, 3, 4, 3, 2, 2, 2, 4, 2, 1, 2, 3, 4, 1, 2, 3, 4, 4, 4]|[0, 2, 0, 1, 3, 0, 1, 3, 0, 0, 2, 0, 1, 0, 1, 0, 0, 0, 1, 0, 0, 2, 0, 0, 1, 0, 0, 3, 0, 1, 0, 2, 0, 0, 3, 0, 1, 3, 1, 0, 0, 0, 1, 3, 0, 0, 1, 0, 2, 0, 0, 0, 0, 0, 1, 0, 0, 0, 1, 1, 0, 2, 0, 0, 0, 1, 0, 0, 0, 2, 0, 0, 1, 0, 0, 2, 0, 0, 3, 0, 0, 1, 0, 3, 0, 0, 0, 0, 3, 0, 0, 0, 0, 2, 1, 0, 0, 2, 1, 2],863.840939798981,52276.64155120768,112913.97169016399,false
10,G3_TWC,G3_TWC,[31, 22, 82, 15, 26, 9, 95, 42, 77, 12, 47, 5, 93, 78, 86, 54, 85, 63, 18, 44, 20, 35, 43, 97, 91, 76, 10, 30, 21, 45, 71, 64, 1, 23, 17, 83, 24, 14, 60, 36, 41, 57, 40, 88, 65, 56, 79, 94, 67, 68, 46, 75, 38, 58, 19, 32, 81, 6, 27, 62, 87, 90, 99, 59, 11, 16, 72, 73, 69, 39, 37, 84, 3, 92, 25, 55, 28, 29, 51, 7, 66, 61, 98, 48, 89, 8, 33, 96, 53, 80, 50, 4, 34, 2, 52, 13, 0, 70, 74, 49]|[1, 1, 0, 1, 1, 0, 1, 2, 2, 1, 2, 2, 2, 1, 1, 0, 0, 1, 0, 2, 2, 0, 1, 2, 0, 1, 2, 2, 0, 0, 1, 2, 1, 2, 1, 0, 2, 0, 1, 1, 0, 1, 1, 1, 0, 2, 1, 1, 0, 0, 0, 0, 1, 1, 2, 1, 2, 0, 0, 0, 2, 1, 0, 1, 2, 1, 2, 1, 1, 1, 1, 1, 1, 0, 1, 1, 0, 0, 0, 1, 2, 1, 2, 0, 1, 0, 2, 0, 0, 0, 0, 0, 2, 0, 1, 0, 0, 1, 2, 0]|[4, 3, 2, 2, 4, 1, 2, 2, 2, 4, 1, 1, 2, 4, 4, 1, 2, 4, 2, 1, 1, 1, 1, 2, 1, 2, 1, 1, 1, 1, 3, 2, 3, 0, 4, 0, 1, 1, 0, 3, 2, 2, 2, 0, 1, 1, 0, 4, 0, 1, 2, 2, 1, 4, 0, 3, 2, 1, 1, 2, 1, 3, 1, 1, 1, 3, 0, 4, 3, 1, 4, 1, 1, 0, 4, 4, 2, 1, 1, 1, 1, 3, 1, 1, 1, 1, 1, 1, 2, 1, 1, 2, 1, 2, 1, 2, 2, 4, 1, 1]|[0, 2, 1, 1, 3, 0, 1, 0, 0, 0, 0, 0, 1, 0, 1, 0, 0, 3, 1, 0, 0, 0, 3, 1, 0, 2, 0, 0, 0, 1, 0, 0, 0, 0, 3, 0, 1, 0, 0, 2, 1, 1, 1, 0, 0, 0, 0, 2, 1, 0, 0, 0, 1, 3, 0, 0, 1, 0, 0, 1, 0, 2, 0, 1, 0, 2, 1, 0, 0, 1, 1, 3, 1, 1, 3, 3, 1, 0, 0, 2, 0, 0, 0, 0, 1, 0, 0, 0, 1, 0, 0, 1, 0, 0, 1, 0, 0, 2, 0, 1],828.6150361188287,57498.909092636255,92558.71763620913,false
10,G1_CMAX,G2_TEC,[31, 22, 82, 15, 26, 9, 95, 42, 77, 68, 47, 5, 93, 78, 86, 54, 85, 63, 18, 44, 20, 49, 36, 14, 74, 50, 53, 17, 21, 45, 71, 64, 3, 23, 30, 83, 24, 41, 60, 52, 65, 27, 90, 70, 39, 87, 48, 69, 99, 4, 46, 1, 13, 58, 97, 59, 28, 8, 73, 37, 35, 79, 11, 66, 76, 57, 40, 80, 96, 6, 16, 61, 33, 98, 32, 34, 62, 67, 10, 7, 56, 88, 51, 19, 91, 38, 75, 92, 0, 12, 2, 55, 43, 84, 81, 25, 29, 94, 89, 72]|[2, 1, 2, 1, 1, 2, 1, 1, 1, 1, 1, 0, 2, 2, 1, 2, 0, 0, 0, 2, 2, 1, 0, 2, 0, 2, 2, 1, 0, 1, 1, 1, 0, 2, 1, 0, 2, 1, 2, 2, 0, 0, 1, 1, 0, 2, 0, 2, 1, 0, 0, 2, 0, 0, 2, 0, 2, 1, 0, 0, 2, 1, 0, 2, 2, 0, 2, 2, 0, 1, 2, 1, 1, 0, 0, 1, 1, 1, 1, 2, 2, 1, 1, 1, 1, 0, 0, 0, 0, 1, 2, 0, 1, 0, 1, 1, 1, 1, 1, 1]|[0, 3, 0, 2, 4, 1, 4, 4, 2, 4, 3, 2, 1, 0, 2, 1, 1, 1, 2, 1, 1, 3, 0, 1, 0, 1, 1, 4, 1, 4, 3, 2, 2, 1, 4, 1, 1, 4, 0, 1, 2, 1, 4, 4, 1, 1, 0, 2, 3, 1, 2, 1, 2, 1, 1, 2, 0, 3, 0, 2, 2, 3, 1, 0, 1, 0, 0, 1, 2, 4, 1, 3, 4, 2, 0, 1, 3, 3, 3, 1, 1, 4, 3, 4, 3, 2, 2, 2, 2, 3, 1, 2, 4, 2, 1, 4, 3, 4, 4, 4]|[0, 2, 0, 1, 3, 0, 1, 3, 0, 0, 2, 0, 1, 0, 1, 0, 0, 0, 1, 0, 0, 2, 0, 0, 1, 0, 0, 3, 0, 1, 0, 2, 0, 0, 3, 0, 1, 3, 1, 0, 0, 0, 1, 3, 0, 0, 1, 0, 2, 0, 0, 0, 0, 0, 1, 0, 0, 0, 1, 1, 0, 2, 0, 0, 0, 1, 0, 0, 0, 2, 0, 0, 1, 0, 1, 1, 0, 0, 3, 0, 0, 1, 0, 3, 0, 0, 0, 0, 0, 0, 0, 0, 2, 1, 1, 3, 0, 2, 1, 2],862.7665363877882,52943.79915990652,110537.5957762397,true
10,G4_BALANCED,G4_BALANCED,[31, 22, 82, 15, 26, 58, 95, 42, 77, 12, 47, 5, 93, 78, 86, 54, 85, 63, 18, 44, 20, 35, 43, 97, 91, 76, 10, 30, 21, 45, 71, 64, 1, 23, 17, 83, 24, 14, 60, 36, 6, 57, 40, 88, 65, 56, 79, 94, 67, 68, 46, 75, 38, 9, 19, 32, 81, 41, 27, 62, 87, 90, 99, 59, 11, 16, 72, 73, 70, 39, 37, 84, 3, 92, 25, 34, 28, 29, 51, 7, 66, 61, 98, 48, 89, 50, 4, 96, 53, 80, 8, 33, 55, 2, 52, 13, 0, 69, 74, 49]|[1, 1, 0, 1, 1, 0, 1, 2, 2, 1, 2, 2, 2, 1, 1, 0, 0, 1, 0, 2, 2, 0, 1, 2, 0, 1, 2, 2, 0, 0, 1, 2, 1, 2, 1, 0, 2, 0, 1, 1, 0, 1, 1, 1, 0, 2, 1, 1, 0, 0, 0, 0, 1, 1, 2, 1, 2, 0, 0, 0, 2, 1, 0, 1, 2, 1, 2, 1, 1, 1, 1, 1, 1, 0, 1, 2, 0, 0, 0, 1, 2, 1, 2, 0, 1, 0, 1, 2, 0, 0, 1, 2, 2, 0, 1, 0, 0, 1, 2, 0]|[4, 3, 2, 2, 4, 1, 2, 2, 2, 4, 1, 1, 2, 4, 4, 1, 2, 4, 2, 1, 1, 1, 1, 2, 1, 2, 1, 1, 1, 1, 3, 2, 3, 1, 4, 0, 1, 1, 0, 3, 2, 2, 2, 0, 1, 1, 0, 4, 0, 1, 2, 2, 1, 4, 0, 3, 2, 1, 1, 2, 1, 3, 1, 1, 1, 3, 0, 4, 3, 1, 4, 1, 1, 0, 4, 1, 2, 1, 1, 1, 1, 3, 1, 1, 1, 1, 4, 1, 2, 1, 3, 1, 1, 2, 1, 2, 2, 4, 1, 1]|[0, 2, 1, 1, 3, 0, 1, 0, 0, 0, 0, 0, 1, 0, 1, 0, 0, 3, 1, 0, 0, 0, 3, 1, 0, 2, 0, 0, 0, 1, 0, 0, 0, 0, 3, 0, 1, 0, 0, 2, 1, 1, 1, 0, 0, 0, 0, 2, 1, 0, 0, 0, 1, 3, 0, 0, 1, 0, 0, 1, 0, 2, 0, 1, 0, 2, 1, 0, 0, 1, 1, 3, 1, 1, 3, 0, 1, 0, 0, 2, 0, 0, 0, 0, 1, 0, 0, 0, 1, 0, 2, 0, 0, 0, 1, 0, 0, 2, 0, 1],748.9199420531638,56515.33843988122,94927.95154690758,false
10,G2_TEC,G4_BALANCED,[31, 22, 82, 15, 26, 9, 95, 42, 77, 68, 47, 5, 93, 78, 86, 54, 85, 63, 18, 44, 20, 49, 36, 14, 74, 50, 53, 17, 21, 45, 71, 64, 3, 23, 30, 83, 24, 41, 60, 52, 65, 27, 90, 70, 39, 87, 48, 69, 99, 4, 46, 1, 13, 58, 97, 59, 28, 8, 73, 37, 35, 79, 11, 66, 76, 57, 40, 80, 96, 6, 16, 61, 33, 98, 67, 32, 34, 12, 10, 7, 56, 88, 29, 19, 0, 38, 75, 92, 91, 62, 43, 55, 84, 2, 81, 25, 51, 94, 89, 72]|[2, 1, 2, 1, 1, 2, 1, 1, 1, 1, 1, 1, 2, 2, 1, 2, 0, 0, 0, 2, 2, 1, 0, 2, 0, 2, 2, 1, 0, 1, 1, 1, 0, 0, 1, 0, 2, 1, 2, 2, 0, 0, 1, 1, 0, 2, 0, 0, 1, 0, 0, 2, 0, 0, 2, 0, 2, 1, 0, 0, 2, 1, 0, 2, 2, 0, 2, 2, 0, 1, 2, 1, 1, 1, 1, 0, 1, 1, 1, 2, 2, 1, 1, 1, 0, 1, 0, 0, 1, 0, 1, 0, 0, 2, 1, 1, 1, 1, 1, 1]|[0, 3, 0, 2, 4, 1, 4, 4, 2, 4, 3, 3, 1, 0, 2, 1, 1, 1, 1, 1, 1, 3, 0, 1, 0, 1, 1, 4, 1, 4, 3, 2, 2, 0, 4, 1, 1, 4, 0, 1, 2, 1, 4, 4, 1, 1, 0, 0, 3, 1, 2, 1, 2, 1, 1, 2, 0, 3, 0, 2, 2, 3, 1, 0, 1, 0, 0, 1, 2, 4, 1, 3, 4, 3, 4, 2, 1, 3, 3, 1, 1, 4, 3, 4, 2, 3, 2, 2, 3, 2, 4, 2, 2, 1, 4, 4, 3, 4, 4, 4]|[0, 2, 0, 1, 3, 0, 1, 3, 0, 0, 2, 2, 1, 0, 1, 0, 0, 0, 0, 0, 0, 2, 0, 0, 1, 0, 0, 3, 0, 1, 0, 2, 0, 0, 3, 0, 1, 3, 1, 0, 0, 0, 1, 3, 0, 0, 1, 1, 2, 0, 0, 0, 0, 0, 1, 0, 0, 0, 1, 1, 0, 2, 0, 0, 0, 1, 0, 0, 0, 2, 0, 0, 1, 0, 2, 0, 1, 0, 3, 0, 0, 1, 0, 3, 0, 1, 0, 0, 0, 0, 2, 0, 1, 0, 2, 3, 0, 2, 1, 2],917.4913927650165,52471.3837072935,109165.8028041347,true
10,G3_TWC,G3_TWC,[31, 22, 82, 15, 26, 9, 95, 42, 77, 12, 47, 5, 93, 78, 86, 54, 85, 63, 18, 44, 20, 35, 43, 97, 91, 76, 10, 30, 21, 45, 71, 64, 1, 23, 17, 83, 24, 14, 60, 36, 41, 57, 40, 88, 65, 56, 79, 94, 67, 68, 46, 75, 38, 58, 19, 32, 81, 6, 27, 62, 87, 90, 99, 59, 11, 16, 72, 73, 69, 39, 37, 84, 3, 92, 25, 55, 28, 29, 51, 7, 66, 61, 98, 48, 89, 8, 33, 96, 53, 80, 50, 4, 34, 2, 52, 13, 0, 70, 74, 49]|[1, 1, 0, 1, 1, 0, 1, 2, 2, 1, 2, 2, 2, 1, 1, 0, 0, 1, 0, 2, 2, 0, 1, 2, 0, 1, 2, 2, 0, 0, 1, 2, 1, 2, 1, 0, 2, 0, 1, 1, 0, 1, 1, 1, 0, 2, 1, 1, 0, 0, 0, 0, 1, 1, 2, 1, 2, 0, 0, 0, 2, 1, 0, 1, 2, 1, 2, 1, 1, 1, 1, 1, 1, 0, 1, 1, 0, 0, 0, 1, 2, 1, 2, 0, 1, 0, 2, 0, 0, 0, 0, 0, 2, 0, 1, 0, 0, 1, 2, 0]|[4, 3, 2, 2, 4, 1, 2, 2, 2, 4, 1, 1, 2, 4, 4, 1, 2, 4, 2, 1, 1, 1, 1, 2, 1, 2, 1, 1, 1, 1, 3, 2, 3, 0, 4, 0, 1, 1, 0, 3, 2, 2, 2, 0, 1, 1, 0, 4, 0, 1, 2, 2, 1, 4, 0, 3, 2, 1, 1, 2, 1, 3, 1, 1, 1, 3, 0, 4, 3, 1, 4, 1, 1, 0, 4, 4, 2, 1, 1, 1, 1, 3, 1, 1, 1, 1, 1, 1, 2, 1, 1, 2, 1, 2, 1, 2, 2, 4, 1, 1]|[0, 2, 1, 1, 3, 0, 1, 0, 0, 0, 0, 0, 1, 0, 1, 0, 0, 3, 1, 0, 0, 0, 3, 1, 0, 2, 0, 0, 0, 1, 0, 0, 0, 0, 3, 0, 1, 0, 0, 2, 1, 1, 1, 0, 0, 0, 0, 2, 1, 0, 0, 0, 1, 3, 0, 0, 1, 0, 0, 1, 0, 2, 0, 1, 0, 2, 1, 0, 0, 1, 1, 3, 1, 1, 3, 3, 1, 0, 0, 2, 0, 0, 0, 0, 1, 0, 0, 0, 1, 0, 0, 1, 0, 0, 1, 0, 0, 2, 0, 1],828.6150361188287,57498.909092636255,92558.71763620913,false
10,G1_CMAX,G2_TEC,[31, 22, 82, 15, 26, 9, 95, 42, 77, 68, 47, 5, 93, 78, 86, 54, 85, 63, 18, 44, 20, 49, 36, 14, 74, 50, 53, 17, 21, 45, 71, 64, 3, 23, 30, 83, 24, 41, 60, 52, 65, 27, 90, 70, 39, 87, 48, 69, 99, 4, 46, 1, 13, 58, 97, 59, 28, 8, 73, 37, 35, 79, 11, 66, 76, 57, 40, 80, 96, 6, 16, 61, 33, 98, 32, 34, 62, 67, 10, 7, 56, 88, 51, 19, 91, 38, 75, 92, 0, 12, 2, 55, 43, 84, 81, 25, 29, 94, 89, 72]|[2, 1, 2, 1, 1, 2, 1, 1, 1, 1, 1, 0, 2, 2, 1, 2, 0, 0, 0, 2, 2, 1, 0, 2, 0, 2, 2, 1, 0, 1, 1, 1, 0, 2, 1, 0, 2, 1, 2, 2, 0, 0, 1, 1, 0, 2, 0, 2, 1, 0, 0, 2, 0, 0, 2, 0, 2, 1, 0, 0, 2, 1, 0, 2, 2, 0, 2, 2, 0, 1, 2, 1, 1, 0, 0, 1, 1, 1, 1, 2, 2, 1, 1, 1, 1, 0, 0, 0, 0, 1, 2, 0, 1, 0, 1, 1, 1, 1, 1, 1]|[0, 3, 0, 2, 4, 1, 4, 4, 2, 4, 3, 2, 1, 0, 2, 1, 1, 1, 2, 1, 1, 3, 0, 1, 0, 1, 1, 4, 1, 4, 3, 2, 2, 1, 4, 1, 1, 4, 0, 1, 2, 1, 4, 4, 1, 1, 0, 2, 3, 1, 2, 1, 2, 1, 1, 2, 0, 3, 0, 2, 2, 3, 1, 0, 1, 0, 0, 1, 2, 4, 1, 3, 4, 2, 0, 1, 3, 3, 3, 1, 1, 4, 3, 4, 3, 2, 2, 2, 2, 3, 1, 2, 4, 2, 1, 4, 3, 4, 4, 4]|[0, 2, 0, 1, 3, 0, 1, 3, 0, 0, 2, 0, 1, 0, 1, 0, 0, 0, 1, 0, 0, 2, 0, 0, 1, 0, 0, 3, 0, 1, 0, 2, 0, 0, 3, 0, 1, 3, 1, 0, 0, 0, 1, 3, 0, 0, 1, 0, 2, 0, 0, 0, 0, 0, 1, 0, 0, 0, 1, 1, 0, 2, 0, 0, 0, 1, 0, 0, 0, 2, 0, 0, 1, 0, 1, 1, 0, 0, 3, 0, 0, 1, 0, 3, 0, 0, 0, 0, 0, 0, 0, 0, 2, 1, 1, 3, 0, 2, 1, 2],862.7665363877882,52943.79915990652,110537.5957762397,true
10,G4_BALANCED,G4_BALANCED,[31, 22, 82, 15, 26, 58, 95, 42, 77, 12, 47, 5, 93, 78, 86, 54, 85, 63, 18, 44, 20, 35, 43, 97, 91, 76, 10, 30, 21, 45, 71, 64, 1, 23, 17, 83, 24, 14, 60, 36, 6, 57, 40, 88, 65, 56, 79, 94, 67, 68, 46, 75, 38, 9, 19, 32, 81, 41, 27, 62, 87, 90, 99, 59, 11, 16, 72, 73, 70, 39, 37, 84, 3, 92, 25, 34, 28, 29, 51, 7, 66, 61, 98, 48, 89, 50, 4, 96, 53, 80, 8, 33, 55, 2, 52, 13, 0, 69, 74, 49]|[1, 1, 0, 1, 1, 0, 1, 2, 2, 1, 2, 2, 2, 1, 1, 0, 0, 1, 0, 2, 2, 0, 1, 2, 0, 1, 2, 2, 0, 0, 1, 2, 1, 2, 1, 0, 2, 0, 1, 1, 0, 1, 1, 1, 0, 2, 1, 1, 0, 0, 0, 0, 1, 1, 2, 1, 2, 0, 0, 0, 2, 1, 0, 1, 2, 1, 2, 1, 1, 1, 1, 1, 1, 0, 1, 2, 0, 0, 0, 1, 2, 1, 2, 0, 1, 0, 1, 2, 0, 0, 1, 2, 2, 0, 1, 0, 0, 1, 2, 0]|[4, 3, 2, 2, 4, 1, 2, 2, 2, 4, 1, 1, 2, 4, 4, 1, 2, 4, 2, 1, 1, 1, 1, 2, 1, 2, 1, 1, 1, 1, 3, 2, 3, 1, 4, 0, 1, 1, 0, 3, 2, 2, 2, 0, 1, 1, 0, 4, 0, 1, 2, 2, 1, 4, 0, 3, 2, 1, 1, 2, 1, 3, 1, 1, 1, 3, 0, 4, 3, 1, 4, 1, 1, 0, 4, 1, 2, 1, 1, 1, 1, 3, 1, 1, 1, 1, 4, 1, 2, 1, 3, 1, 1, 2, 1, 2, 2, 4, 1, 1]|[0, 2, 1, 1, 3, 0, 1, 0, 0, 0, 0, 0, 1, 0, 1, 0, 0, 3, 1, 0, 0, 0, 3, 1, 0, 2, 0, 0, 0, 1, 0, 0, 0, 0, 3, 0, 1, 0, 0, 2, 1, 1, 1, 0, 0, 0, 0, 2, 1, 0, 0, 0, 1, 3, 0, 0, 1, 0, 0, 1, 0, 2, 0, 1, 0, 2, 1, 0, 0, 1, 1, 3, 1, 1, 3, 0, 1, 0, 0, 2, 0, 0, 0, 0, 1, 0, 0, 0, 1, 0, 2, 0, 0, 0, 1, 0, 0, 2, 0, 1],748.9199420531638,56515.33843988122,94927.95154690758,false
10,G2_TEC,G2_TEC,[31, 22, 82, 15, 26, 9, 95, 42, 77, 68, 47, 5, 93, 78, 86, 54, 85, 63, 18, 44, 20, 49, 36, 14, 74, 50, 53, 17, 21, 45, 71, 64, 3, 23, 30, 83, 24, 41, 60, 52, 65, 27, 90, 70, 39, 87, 48, 69, 99, 4, 46, 1, 13, 58, 97, 59, 28, 8, 73, 37, 35, 79, 11, 66, 76, 57, 40, 80, 96, 6, 16, 61, 33, 98, 32, 81, 62, 67, 10, 7, 56, 88, 51, 19, 91, 38, 75, 92, 25, 84, 2, 55, 12, 43, 34, 0, 29, 94, 89, 72]|[2, 1, 2, 1, 1, 2, 1, 1, 1, 1, 1, 0, 2, 2, 1, 2, 0, 0, 0, 2, 2, 1, 0, 2, 0, 2, 2, 1, 0, 1, 1, 1, 0, 0, 1, 0, 2, 1, 2, 2, 0, 0, 1, 1, 0, 2, 0, 2, 1, 0, 0, 2, 2, 0, 2, 0, 2, 1, 0, 0, 2, 1, 0, 2, 2, 0, 2, 2, 0, 1, 2, 1, 1, 0, 0, 1, 1, 1, 1, 2, 2, 1, 1, 1, 1, 0, 0, 0, 1, 0, 2, 0, 1, 1, 1, 0, 1, 1, 1, 1]|[0, 3, 0, 2, 4, 1, 4, 4, 2, 4, 3, 2, 1, 0, 2, 1, 1, 1, 2, 1, 1, 3, 0, 1, 0, 1, 1, 4, 1, 4, 3, 2, 2, 0, 4, 1, 1, 4, 0, 1, 2, 1, 4, 4, 1, 1, 0, 2, 3, 1, 2, 1, 2, 1, 1, 2, 0, 3, 0, 2, 2, 3, 1, 0, 1, 0, 0, 1, 2, 4, 1, 3, 4, 2, 2, 4, 3, 3, 3, 1, 1, 4, 3, 4, 3, 2, 2, 2, 4, 2, 1, 2, 3, 4, 1, 2, 3, 4, 4, 4]|[0, 2, 0, 1, 3, 0, 1, 3, 0, 0, 2, 0, 1, 0, 1, 0, 0, 0, 1, 0, 0, 2, 0, 0, 1, 0, 0, 3, 0, 1, 0, 2, 0, 0, 3, 0, 1, 3, 1, 0, 0, 0, 1, 3, 0, 0, 1, 0, 2, 0, 0, 0, 0, 0, 1, 0, 0, 0, 1, 1, 0, 2, 0, 0, 0, 1, 0, 0, 0, 2, 0, 0, 1, 0, 0, 2, 0, 0, 3, 0, 0, 1, 0, 3, 0, 0, 0, 0, 3, 0, 0, 0, 0, 2, 1, 0, 0, 2, 1, 2],863.840939798981,52276.64155120768,112913.97169016399,false
10,G3_TWC,G3_TWC,[31, 22, 82, 15, 26, 9, 95, 42, 77, 12, 47, 5, 93, 78, 86, 54, 85, 63, 18, 44, 20, 35, 43, 97, 91, 76, 10, 30, 21, 45, 71, 64, 1, 23, 17, 83, 24, 14, 60, 36, 41, 57, 40, 88, 65, 56, 79, 94, 67, 68, 46, 75, 38, 58, 19, 32, 81, 6, 27, 62, 87, 90, 99, 59, 11, 16, 72, 73, 69, 39, 37, 84, 3, 92, 25, 55, 28, 29, 51, 7, 66, 61, 98, 48, 89, 8, 33, 96, 53, 80, 50, 4, 34, 2, 52, 13, 0, 70, 74, 49]|[1, 1, 0, 1, 1, 0, 1, 2, 2, 1, 2, 2, 2, 1, 1, 0, 0, 1, 0, 2, 2, 0, 1, 2, 0, 1, 2, 2, 0, 0, 1, 2, 1, 2, 1, 0, 2, 0, 1, 1, 0, 1, 1, 1, 0, 2, 1, 1, 0, 0, 0, 0, 1, 1, 2, 1, 2, 0, 0, 0, 2, 1, 0, 1, 2, 1, 2, 1, 1, 1, 1, 1, 1, 0, 1, 1, 0, 0, 0, 1, 2, 1, 2, 0, 1, 0, 2, 0, 0, 0, 0, 0, 2, 0, 1, 0, 0, 1, 2, 0]|[4, 3, 2, 2, 4, 1, 2, 2, 2, 4, 1, 1, 2, 4, 4, 1, 2, 4, 2, 1, 1, 1, 1, 2, 1, 2, 1, 1, 1, 1, 3, 2, 3, 0, 4, 0, 1, 1, 0, 3, 2, 2, 2, 0, 1, 1, 0, 4, 0, 1, 2, 2, 1, 4, 0, 3, 2, 1, 1, 2, 1, 3, 1, 1, 1, 3, 0, 4, 3, 1, 4, 1, 1, 0, 4, 4, 2, 1, 1, 1, 1, 3, 1, 1, 1, 1, 1, 1, 2, 1, 1, 2, 1, 2, 1, 2, 2, 4, 1, 1]|[0, 2, 1, 1, 3, 0, 1, 0, 0, 0, 0, 0, 1, 0, 1, 0, 0, 3, 1, 0, 0, 0, 3, 1, 0, 2, 0, 0, 0, 1, 0, 0, 0, 0, 3, 0, 1, 0, 0, 2, 1, 1, 1, 0, 0, 0, 0, 2, 1, 0, 0, 0, 1, 3, 0, 0, 1, 0, 0, 1, 0, 2, 0, 1, 0, 2, 1, 0, 0, 1, 1, 3, 1, 1, 3, 3, 1, 0, 0, 2, 0, 0, 0, 0, 1, 0, 0, 0, 1, 0, 0, 1, 0, 0, 1, 0, 0, 2, 0, 1],828.6150361188287,57498.909092636255,92558.71763620913,false
10,G1_CMAX,G1_CMAX,[31, 22, 82, 15, 26, 9, 95, 42, 77, 12, 47, 5, 93, 78, 86, 54, 6, 63, 18, 44, 20, 35, 43, 97, 91, 76, 10, 30, 21, 45, 64, 1, 23, 17, 83, 24, 14, 60, 36, 13, 75, 46, 68, 67, 69, 79, 56, 65, 88, 40, 57, 85, 58, 19, 32, 81, 48, 27, 62, 87, 90, 99, 59, 11, 16, 72, 73, 71, 70, 39, 37, 84, 3, 98, 29, 28, 55, 25, 92, 7, 33, 61, 53, 41, 89, 50, 8, 96, 51, 80, 34, 4, 66, 2, 52, 49, 0, 94, 74, 38]|[1, 1, 0, 1, 1, 0, 1, 2, 2, 1, 2, 2, 2, 1, 1, 0, 0, 1, 0, 2, 2, 0, 1, 2, 0, 1, 2, 2, 0, 0, 2, 1, 2, 1, 0, 2, 2, 1, 1, 0, 0, 0, 0, 0, 2, 1, 2, 0, 1, 1, 1, 0, 1, 2, 1, 2, 1, 0, 0, 2, 1, 0, 1, 2, 1, 2, 1, 1, 1, 1, 1, 1, 1, 0, 0, 0, 1, 1, 0, 1, 0, 1, 0, 1, 1, 0, 1, 0, 0, 0, 2, 1, 2, 0, 1, 0, 0, 2, 2, 1]|[0, 3, 2, 2, 4, 1, 2, 2, 2, 4, 1, 1, 2, 4, 4, 1, 2, 4, 2, 1, 1, 1, 1, 2, 1, 2, 1, 1, 1, 1, 2, 3, 0, 4, 0, 1, 2, 0, 3, 2, 2, 2, 1, 0, 2, 0, 1, 1, 0, 2, 2, 2, 0, 0, 3, 2, 4, 1, 2, 2, 3, 1, 1, 1, 3, 0, 4, 3, 3, 1, 4, 1, 1, 1, 1, 2, 4, 4, 0, 1, 2, 3, 2, 4, 1, 1, 3, 1, 1, 1, 1, 4, 1, 2, 1, 1, 2, 2, 1, 1]|[0, 2, 1, 1, 3, 0, 1, 0, 0, 0, 0, 0, 1, 0, 1, 0, 1, 3, 1, 0, 0, 0, 3, 1, 0, 2, 0, 0, 0, 1, 0, 0, 0, 3, 0, 1, 1, 0, 2, 0, 0, 0, 0, 1, 0, 0, 0, 0, 0, 1, 1, 0, 3, 0, 0, 1, 2, 0, 1, 0, 2, 0, 1, 0, 2, 1, 0, 0, 0, 1, 1, 3, 1, 0, 0, 1, 3, 3, 1, 2, 1, 0, 1, 3, 1, 0, 2, 0, 0, 0, 0, 0, 0, 0, 1, 1, 0, 0, 0, 1],740.6648699319737,58345.503832923176,99227.13002615936,false
10,G4_BALANCED,G4_BALANCED,[31, 22, 82, 15, 26, 58, 95, 42, 77, 12, 47, 5, 93, 78, 86, 54, 85, 63, 18, 44, 20, 35, 43, 97, 91, 76, 10, 30, 21, 45, 71, 64, 1, 23, 17, 83, 24, 14, 60, 36, 6, 57, 40, 88, 65, 56, 79, 94, 67, 68, 46, 75, 38, 9, 19, 32, 81, 41, 27, 62, 87, 90, 99, 59, 11, 16, 72, 73, 70, 39, 37, 84, 3, 92, 25, 34, 28, 29, 51, 7, 66, 61, 98, 48, 89, 50, 4, 96, 53, 80, 8, 33, 55, 2, 52, 13, 0, 69, 74, 49]|[1, 1, 0, 1, 1, 0, 1, 2, 2, 1, 2, 2, 2, 1, 1, 0, 0, 1, 0, 2, 2, 0, 1, 2, 0, 1, 2, 2, 0, 0, 1, 2, 1, 2, 1, 0, 2, 0, 1, 1, 0, 1, 1, 1, 0, 2, 1, 1, 0, 0, 0, 0, 1, 1, 2, 1, 2, 0, 0, 0, 2, 1, 0, 1, 2, 1, 2, 1, 1, 1, 1, 1, 1, 0, 1, 2, 0, 0, 0, 1, 2, 1, 2, 0, 1, 0, 1, 2, 0, 0, 1, 2, 2, 0, 1, 0, 0, 1, 2, 0]|[4, 3, 2, 2, 4, 1, 2, 2, 2, 4, 1, 1, 2, 4, 4, 1, 2, 4, 2, 1, 1, 1, 1, 2, 1, 2, 1, 1, 1, 1, 3, 2, 3, 1, 4, 0, 1, 1, 0, 3, 2, 2, 2, 0, 1, 1, 0, 4, 0, 1, 2, 2, 1, 4, 0, 3, 2, 1, 1, 2, 1, 3, 1, 1, 1, 3, 0, 4, 3, 1, 4, 1, 1, 0, 4, 1, 2, 1, 1, 1, 1, 3, 1, 1, 1, 1, 4, 1, 2, 1, 3, 1, 1, 2, 1, 2, 2, 4, 1, 1]|[0, 2, 1, 1, 3, 0, 1, 0, 0, 0, 0, 0, 1, 0, 1, 0, 0, 3, 1, 0, 0, 0, 3, 1, 0, 2, 0, 0, 0, 1, 0, 0, 0, 0, 3, 0, 1, 0, 0, 2, 1, 1, 1, 0, 0, 0, 0, 2, 1, 0, 0, 0, 1, 3, 0, 0, 1, 0, 0, 1, 0, 2, 0, 1, 0, 2, 1, 0, 0, 1, 1, 3, 1, 1, 3, 0, 1, 0, 0, 2, 0, 0, 0, 0, 1, 0, 0, 0, 1, 0, 2, 0, 0, 0, 1, 0, 0, 2, 0, 1],748.9199420531638,56515.33843988122,94927.95154690758,false
10,G2_TEC,G2_TEC,[31, 22, 82, 15, 26, 9, 95, 42, 77, 68, 47, 5, 93, 78, 86, 54, 85, 63, 18, 44, 20, 49, 36, 14, 74, 50, 53, 17, 21, 45, 71, 64, 3, 23, 30, 83, 24, 41, 60, 52, 65, 27, 90, 70, 39, 87, 48, 69, 99, 4, 46, 1, 13, 58, 97, 59, 28, 8, 73, 37, 35, 79, 11, 66, 76, 57, 40, 80, 96, 6, 16, 61, 33, 98, 32, 81, 62, 67, 10, 7, 56, 88, 51, 19, 91, 38, 75, 92, 25, 84, 2, 55, 12, 43, 34, 0, 29, 94, 89, 72]|[2, 1, 2, 1, 1, 2, 1, 1, 1, 1, 1, 0, 2, 2, 1, 2, 0, 0, 0, 2, 2, 1, 0, 2, 0, 2, 2, 1, 0, 1, 1, 1, 0, 0, 1, 0, 2, 1, 2, 2, 0, 0, 1, 1, 0, 2, 0, 2, 1, 0, 0, 2, 2, 0, 2, 0, 2, 1, 0, 0, 2, 1, 0, 2, 2, 0, 2, 2, 0, 1, 2, 1, 1, 0, 0, 1, 1, 1, 1, 2, 2, 1, 1, 1, 1, 0, 0, 0, 1, 0, 2, 0, 1, 1, 1, 0, 1, 1, 1, 1]|[0, 3, 0, 2, 4, 1, 4, 4, 2, 4, 3, 2, 1, 0, 2, 1, 1, 1, 2, 1, 1, 3, 0, 1, 0, 1, 1, 4, 1, 4, 3, 2, 2, 0, 4, 1, 1, 4, 0, 1, 2, 1, 4, 4, 1, 1, 0, 2, 3, 1, 2, 1, 2, 1, 1, 2, 0, 3, 0, 2, 2, 3, 1, 0, 1, 0, 0, 1, 2, 4, 1, 3, 4, 2, 2, 4, 3, 3, 3, 1, 1, 4, 3, 4, 3, 2, 2, 2, 4, 2, 1, 2, 3, 4, 1, 2, 3, 4, 4, 4]|[0, 2, 0, 1, 3, 0, 1, 3, 0, 0, 2, 0, 1, 0, 1, 0, 0, 0, 1, 0, 0, 2, 0, 0, 1, 0, 0, 3, 0, 1, 0, 2, 0, 0, 3, 0, 1, 3, 1, 0, 0, 0, 1, 3, 0, 0, 1, 0, 2, 0, 0, 0, 0, 0, 1, 0, 0, 0, 1, 1, 0, 2, 0, 0, 0, 1, 0, 0, 0, 2, 0, 0, 1, 0, 0, 2, 0, 0, 3, 0, 0, 1, 0, 3, 0, 0, 0, 0, 3, 0, 0, 0, 0, 2, 1, 0, 0, 2, 1, 2],863.840939798981,52276.64155120768,112913.97169016399,false
10,G3_TWC,G3_TWC,[31, 22, 82, 15, 26, 9, 95, 42, 77, 12, 47, 5, 93, 78, 86, 54, 85, 63, 18, 44, 20, 35, 43, 97, 91, 76, 10, 30, 21, 45, 71, 64, 1, 23, 17, 83, 24, 14, 60, 36, 41, 57, 40, 88, 65, 56, 79, 94, 67, 68, 46, 75, 38, 58, 19, 32, 81, 6, 27, 62, 87, 90, 99, 59, 11, 16, 72, 73, 69, 39, 37, 84, 3, 92, 25, 55, 28, 29, 51, 7, 66, 61, 98, 48, 89, 8, 33, 96, 53, 80, 50, 4, 34, 2, 52, 13, 0, 70, 74, 49]|[1, 1, 0, 1, 1, 0, 1, 2, 2, 1, 2, 2, 2, 1, 1, 0, 0, 1, 0, 2, 2, 0, 1, 2, 0, 1, 2, 2, 0, 0, 1, 2, 1, 2, 1, 0, 2, 0, 1, 1, 0, 1, 1, 1, 0, 2, 1, 1, 0, 0, 0, 0, 1, 1, 2, 1, 2, 0, 0, 0, 2, 1, 0, 1, 2, 1, 2, 1, 1, 1, 1, 1, 1, 0, 1, 1, 0, 0, 0, 1, 2, 1, 2, 0, 1, 0, 2, 0, 0, 0, 0, 0, 2, 0, 1, 0, 0, 1, 2, 0]|[4, 3, 2, 2, 4, 1, 2, 2, 2, 4, 1, 1, 2, 4, 4, 1, 2, 4, 2, 1, 1, 1, 1, 2, 1, 2, 1, 1, 1, 1, 3, 2, 3, 0, 4, 0, 1, 1, 0, 3, 2, 2, 2, 0, 1, 1, 0, 4, 0, 1, 2, 2, 1, 4, 0, 3, 2, 1, 1, 2, 1, 3, 1, 1, 1, 3, 0, 4, 3, 1, 4, 1, 1, 0, 4, 4, 2, 1, 1, 1, 1, 3, 1, 1, 1, 1, 1, 1, 2, 1, 1, 2, 1, 2, 1, 2, 2, 4, 1, 1]|[0, 2, 1, 1, 3, 0, 1, 0, 0, 0, 0, 0, 1, 0, 1, 0, 0, 3, 1, 0, 0, 0, 3, 1, 0, 2, 0, 0, 0, 1, 0, 0, 0, 0, 3, 0, 1, 0, 0, 2, 1, 1, 1, 0, 0, 0, 0, 2, 1, 0, 0, 0, 1, 3, 0, 0, 1, 0, 0, 1, 0, 2, 0, 1, 0, 2, 1, 0, 0, 1, 1, 3, 1, 1, 3, 3, 1, 0, 0, 2, 0, 0, 0, 0, 1, 0, 0, 0, 1, 0, 0, 1, 0, 0, 1, 0, 0, 2, 0, 1],828.6150361188287,57498.909092636255,92558.71763620913,false
10,G1_CMAX,G1_CMAX,[31, 22, 82, 15, 26, 9, 95, 42, 77, 12, 47, 5, 93, 78, 86, 54, 6, 63, 18, 44, 20, 35, 43, 97, 91, 76, 10, 30, 21, 45, 64, 1, 23, 17, 83, 24, 14, 60, 36, 13, 75, 46, 68, 67, 69, 79, 56, 65, 88, 40, 57, 85, 58, 19, 32, 81, 48, 27, 62, 87, 90, 99, 59, 11, 16, 72, 73, 71, 70, 39, 37, 84, 3, 98, 29, 28, 55, 25, 92, 7, 33, 61, 53, 41, 89, 50, 8, 96, 51, 80, 34, 4, 66, 2, 52, 49, 0, 94, 74, 38]|[1, 1, 0, 1, 1, 0, 1, 2, 2, 1, 2, 2, 2, 1, 1, 0, 0, 1, 0, 2, 2, 0, 1, 2, 0, 1, 2, 2, 0, 0, 2, 1, 2, 1, 0, 2, 2, 1, 1, 0, 0, 0, 0, 0, 2, 1, 2, 0, 1, 1, 1, 0, 1, 2, 1, 2, 1, 0, 0, 2, 1, 0, 1, 2, 1, 2, 1, 1, 1, 1, 1, 1, 1, 0, 0, 0, 1, 1, 0, 1, 0, 1, 0, 1, 1, 0, 1, 0, 0, 0, 2, 1, 2, 0, 1, 0, 0, 2, 2, 1]|[0, 3, 2, 2, 4, 1, 2, 2, 2, 4, 1, 1, 2, 4, 4, 1, 2, 4, 2, 1, 1, 1, 1, 2, 1, 2, 1, 1, 1, 1, 2, 3, 0, 4, 0, 1, 2, 0, 3, 2, 2, 2, 1, 0, 2, 0, 1, 1, 0, 2, 2, 2, 0, 0, 3, 2, 4, 1, 2, 2, 3, 1, 1, 1, 3, 0, 4, 3, 3, 1, 4, 1, 1, 1, 1, 2, 4, 4, 0, 1, 2, 3, 2, 4, 1, 1, 3, 1, 1, 1, 1, 4, 1, 2, 1, 1, 2, 2, 1, 1]|[0, 2, 1, 1, 3, 0, 1, 0, 0, 0, 0, 0, 1, 0, 1, 0, 1, 3, 1, 0, 0, 0, 3, 1, 0, 2, 0, 0, 0, 1, 0, 0, 0, 3, 0, 1, 1, 0, 2, 0, 0, 0, 0, 1, 0, 0, 0, 0, 0, 1, 1, 0, 3, 0, 0, 1, 2, 0, 1, 0, 2, 0, 1, 0, 2, 1, 0, 0, 0, 1, 1, 3, 1, 0, 0, 1, 3, 3, 1, 2, 1, 0, 1, 3, 1, 0, 2, 0, 0, 0, 0, 0, 0, 0, 1, 1, 0, 0, 0, 1],740.6648699319737,58345.503832923176,99227.13002615936,false
10,G4_BALANCED,G4_BALANCED,[31, 22, 82, 15, 26, 58, 95, 42, 77, 12, 47, 5, 93, 78, 86, 54, 85, 63, 18, 44, 20, 35, 43, 97, 91, 76, 10, 30, 21, 45, 71, 64, 1, 23, 17, 83, 24, 14, 60, 36, 6, 57, 40, 88, 65, 56, 79, 94, 67, 68, 46, 75, 38, 9, 19, 32, 81, 41, 27, 62, 87, 90, 99, 59, 11, 16, 72, 73, 70, 39, 37, 84, 3, 92, 25, 34, 28, 29, 51, 7, 66, 61, 98, 48, 89, 50, 4, 96, 53, 80, 8, 33, 55, 2, 52, 13, 0, 69, 74, 49]|[1, 1, 0, 1, 1, 0, 1, 2, 2, 1, 2, 2, 2, 1, 1, 0, 0, 1, 0, 2, 2, 0, 1, 2, 0, 1, 2, 2, 0, 0, 1, 2, 1, 2, 1, 0, 2, 0, 1, 1, 0, 1, 1, 1, 0, 2, 1, 1, 0, 0, 0, 0, 1, 1, 2, 1, 2, 0, 0, 0, 2, 1, 0, 1, 2, 1, 2, 1, 1, 1, 1, 1, 1, 0, 1, 2, 0, 0, 0, 1, 2, 1, 2, 0, 1, 0, 1, 2, 0, 0, 1, 2, 2, 0, 1, 0, 0, 1, 2, 0]|[4, 3, 2, 2, 4, 1, 2, 2, 2, 4, 1, 1, 2, 4, 4, 1, 2, 4, 2, 1, 1, 1, 1, 2, 1, 2, 1, 1, 1, 1, 3, 2, 3, 1, 4, 0, 1, 1, 0, 3, 2, 2, 2, 0, 1, 1, 0, 4, 0, 1, 2, 2, 1, 4, 0, 3, 2, 1, 1, 2, 1, 3, 1, 1, 1, 3, 0, 4, 3, 1, 4, 1, 1, 0, 4, 1, 2, 1, 1, 1, 1, 3, 1, 1, 1, 1, 4, 1, 2, 1, 3, 1, 1, 2, 1, 2, 2, 4, 1, 1]|[0, 2, 1, 1, 3, 0, 1, 0, 0, 0, 0, 0, 1, 0, 1, 0, 0, 3, 1, 0, 0, 0, 3, 1, 0, 2, 0, 0, 0, 1, 0, 0, 0, 0, 3, 0, 1, 0, 0, 2, 1, 1, 1, 0, 0, 0, 0, 2, 1, 0, 0, 0, 1, 3, 0, 0, 1, 0, 0, 1, 0, 2, 0, 1, 0, 2, 1, 0, 0, 1, 1, 3, 1, 1, 3, 0, 1, 0, 0, 2, 0, 0, 0, 0, 1, 0, 0, 0, 1, 0, 2, 0, 0, 0, 1, 0, 0, 2, 0, 1],748.9199420531638,56515.33843988122,94927.95154690758,false
10,G2_TEC,G2_TEC,[31, 22, 82, 15, 26, 9, 95, 42, 77, 68, 47, 5, 93, 78, 86, 54, 85, 63, 18, 44, 20, 49, 36, 14, 74, 50, 53, 17, 21, 45, 71, 64, 3, 23, 30, 83, 24, 41, 60, 52, 65, 27, 90, 70, 39, 87, 48, 69, 99, 4, 46, 1, 13, 58, 97, 59, 28, 8, 73, 37, 35, 79, 11, 66, 76, 57, 40, 80, 96, 6, 16, 61, 33, 98, 32, 81, 62, 67, 10, 7, 56, 88, 51, 19, 91, 38, 75, 92, 25, 84, 2, 12, 29, 43, 89, 55, 0, 94, 34, 72]|[2, 1, 2, 1, 1, 2, 1, 1, 1, 1, 1, 0, 2, 2, 1, 2, 0, 0, 0, 2, 2, 1, 0, 2, 0, 2, 2, 1, 0, 1, 1, 1, 0, 0, 1, 0, 2, 1, 2, 2, 0, 0, 1, 1, 0, 2, 0, 2, 1, 0, 0, 2, 2, 0, 2, 0, 2, 1, 0, 0, 2, 1, 0, 2, 2, 0, 2, 2, 0, 1, 2, 1, 1, 0, 0, 1, 1, 1, 1, 2, 2, 1, 1, 1, 1, 0, 0, 0, 1, 0, 2, 1, 1, 1, 1, 0, 0, 1, 1, 1]|[0, 3, 0, 2, 4, 1, 4, 4, 2, 4, 3, 2, 1, 0, 2, 1, 1, 1, 2, 1, 1, 3, 0, 1, 0, 1, 1, 4, 1, 4, 3, 2, 2, 0, 4, 1, 1, 4, 0, 1, 2, 1, 4, 4, 1, 1, 0, 2, 3, 1, 2, 1, 2, 2, 1, 2, 0, 3, 0, 2, 2, 3, 1, 0, 1, 2, 0, 1, 2, 4, 1, 3, 4, 2, 2, 4, 3, 3, 3, 1, 1, 4, 3, 4, 3, 2, 2, 2, 4, 2, 1, 3, 3, 4, 4, 2, 2, 4, 1, 4]|[0, 2, 0, 1, 3, 0, 1, 3, 0, 0, 2, 0, 1, 0, 1, 0, 0, 0, 1, 0, 0, 2, 0, 0, 1, 0, 0, 3, 0, 1, 0, 2, 0, 0, 3, 0, 1, 3, 1, 0, 0, 0, 1, 3, 0, 0, 1, 0, 2, 0, 0, 0, 0, 0, 1, 0, 0, 0, 1, 1, 0, 2, 0, 0, 0, 0, 0, 0, 0, 2, 0, 0, 1, 0, 0, 2, 0, 0, 3, 0, 0, 1, 0, 3, 0, 0, 0, 0, 3, 0, 0, 0, 0, 2, 1, 0, 0, 2, 1, 2],886.7870637778938,51982.18484653672,112309.1752216169,false
10,G3_TWC,G3_TWC,[31, 22, 82, 15, 26, 9, 95, 42, 77, 12, 47, 5, 93, 78, 86, 54, 85, 63, 18, 44, 20, 35, 43, 97, 91, 76, 10, 30, 21, 45, 71, 64, 1, 23, 17, 83, 24, 14, 60, 36, 41, 57, 40, 88, 65, 56, 79, 94, 67, 68, 46, 75, 38, 58, 19, 32, 81, 6, 27, 62, 87, 90, 99, 59, 11, 16, 72, 73, 69, 39, 37, 84, 3, 92, 25, 55, 28, 29, 51, 7, 66, 61, 98, 48, 89, 8, 33, 96, 53, 80, 50, 4, 34, 2, 52, 13, 0, 70, 74, 49]|[1, 1, 0, 1, 1, 0, 1, 2, 2, 1, 2, 2, 2, 1, 1, 0, 0, 1, 0, 2, 2, 0, 1, 2, 0, 1, 2, 2, 0, 0, 1, 2, 1, 2, 1, 0, 2, 0, 1, 1, 0, 1, 1, 1, 0, 2, 1, 1, 0, 0, 0, 0, 1, 1, 2, 1, 2, 0, 0, 0, 2, 1, 0, 1, 2, 1, 2, 1, 1, 1, 1, 1, 1, 0, 1, 1, 0, 0, 0, 1, 2, 1, 2, 0, 1, 0, 2, 0, 0, 0, 0, 0, 2, 0, 1, 0, 0, 1, 2, 0]|[4, 3, 2, 2, 4, 1, 2, 2, 2, 4, 1, 1, 2, 4, 4, 1, 2, 4, 2, 1, 1, 1, 1, 2, 1, 2, 1, 1, 1, 1, 3, 2, 3, 0, 4, 0, 1, 1, 0, 3, 2, 2, 2, 0, 1, 1, 0, 4, 0, 1, 2, 2, 1, 4, 0, 3, 2, 1, 1, 2, 1, 3, 1, 1, 1, 3, 0, 4, 3, 1, 4, 1, 1, 0, 4, 4, 2, 1, 1, 1, 1, 3, 1, 1, 1, 1, 1, 1, 2, 1, 1, 2, 1, 2, 1, 2, 2, 4, 1, 1]|[0, 2, 1, 1, 3, 0, 1, 0, 0, 0, 0, 0, 1, 0, 1, 0, 0, 3, 1, 0, 0, 0, 3, 1, 0, 2, 0, 0, 0, 1, 0, 0, 0, 0, 3, 0, 1, 0, 0, 2, 1, 1, 1, 0, 0, 0, 0, 2, 1, 0, 0, 0, 1, 3, 0, 0, 1, 0, 0, 1, 0, 2, 0, 1, 0, 2, 1, 0, 0, 1, 1, 3, 1, 1, 3, 3, 1, 0, 0, 2, 0, 0, 0, 0, 1, 0, 0, 0, 1, 0, 0, 1, 0, 0, 1, 0, 0, 2, 0, 1],828.6150361188287,57498.909092636255,92558.71763620913,false
10,G1_CMAX,G1_CMAX,[31, 22, 82, 15, 26, 9, 95, 42, 77, 12, 47, 5, 93, 78, 86, 54, 6, 63, 18, 44, 20, 35, 43, 97, 91, 76, 10, 30, 21, 45, 64, 1, 23, 17, 83, 24, 14, 60, 36, 13, 75, 46, 68, 67, 69, 79, 56, 65, 88, 40, 57, 85, 58, 19, 32, 81, 48, 27, 62, 87, 90, 99, 59, 11, 16, 72, 73, 71, 70, 39, 37, 84, 3, 98, 29, 28, 55, 25, 92, 7, 33, 61, 53, 41, 89, 50, 8, 96, 51, 80, 34, 4, 66, 2, 52, 49, 0, 94, 74, 38]|[1, 1, 0, 1, 1, 0, 1, 2, 2, 1, 2, 2, 2, 1, 1, 0, 0, 1, 0, 2, 2, 0, 1, 2, 0, 1, 2, 2, 0, 0, 2, 1, 2, 1, 0, 2, 2, 1, 1, 0, 0, 0, 0, 0, 2, 1, 2, 0, 1, 1, 1, 0, 1, 2, 1, 2, 1, 0, 0, 2, 1, 0, 1, 2, 1, 2, 1, 1, 1, 1, 1, 1, 1, 0, 0, 0, 1, 1, 0, 1, 0, 1, 0, 1, 1, 0, 1, 0, 0, 0, 2, 1, 2, 0, 1, 0, 0, 2, 2, 1]|[0, 3, 2, 2, 4, 1, 2, 2, 2, 4, 1, 1, 2, 4, 4, 1, 2, 4, 2, 1, 1, 1, 1, 2, 1, 2, 1, 1, 1, 1, 2, 3, 0, 4, 0, 1, 2, 0, 3, 2, 2, 2, 1, 0, 2, 0, 1, 1, 0, 2, 2, 2, 0, 0, 3, 2, 4, 1, 2, 2, 3, 1, 1, 1, 3, 0, 4, 3, 3, 1, 4, 1, 1, 1, 1, 2, 4, 4, 0, 1, 2, 3, 2, 4, 1, 1, 3, 1, 1, 1, 1, 4, 1, 2, 1, 1, 2, 2, 1, 1]|[0, 2, 1, 1, 3, 0, 1, 0, 0, 0, 0, 0, 1, 0, 1, 0, 1, 3, 1, 0, 0, 0, 3, 1, 0, 2, 0, 0, 0, 1, 0, 0, 0, 3, 0, 1, 1, 0, 2, 0, 0, 0, 0, 1, 0, 0, 0, 0, 0, 1, 1, 0, 3, 0, 0, 1, 2, 0, 1, 0, 2, 0, 1, 0, 2, 1, 0, 0, 0, 1, 1, 3, 1, 0, 0, 1, 3, 3, 1, 2, 1, 0, 1, 3, 1, 0, 2, 0, 0, 0, 0, 0, 0, 0, 1, 1, 0, 0, 0, 1],740.6648699319737,58345.503832923176,99227.13002615936,false
10,G4_BALANCED,G4_BALANCED,[31, 22, 82, 15, 26, 58, 95, 42, 77, 12, 47, 5, 93, 78, 86, 54, 85, 63, 18, 44, 20, 35, 43, 97, 91, 76, 10, 30, 21, 45, 71, 64, 1, 23, 17, 83, 24, 14, 60, 36, 6, 57, 40, 88, 65, 56, 79, 94, 67, 68, 46, 75, 38, 9, 19, 32, 81, 41, 27, 62, 87, 90, 99, 59, 11, 16, 72, 73, 70, 39, 37, 84, 3, 92, 25, 34, 28, 29, 51, 7, 66, 61, 98, 48, 89, 50, 4, 96, 53, 80, 8, 33, 55, 2, 52, 13, 0, 69, 74, 49]|[1, 1, 0, 1, 1, 0, 1, 2, 2, 1, 2, 2, 2, 1, 1, 0, 0, 1, 0, 2, 2, 0, 1, 2, 0, 1, 2, 2, 0, 0, 1, 2, 1, 2, 1, 0, 2, 0, 1, 1, 0, 1, 1, 1, 0, 2, 1, 1, 0, 0, 0, 0, 1, 1, 2, 1, 2, 0, 0, 0, 2, 1, 0, 1, 2, 1, 2, 1, 1, 1, 1, 1, 1, 0, 1, 2, 0, 0, 0, 1, 2, 1, 2, 0, 1, 0, 1, 2, 0, 0, 1, 2, 2, 0, 1, 0, 0, 1, 2, 0]|[4, 3, 2, 2, 4, 1, 2, 2, 2, 4, 1, 1, 2, 4, 4, 1, 2, 4, 2, 1, 1, 1, 1, 2, 1, 2, 1, 1, 1, 1, 3, 2, 3, 1, 4, 0, 1, 1, 0, 3, 2, 2, 2, 0, 1, 1, 0, 4, 0, 1, 2, 2, 1, 4, 0, 3, 2, 1, 1, 2, 1, 3, 1, 1, 1, 3, 0, 4, 3, 1, 4, 1, 1, 0, 4, 1, 2, 1, 1, 1, 1, 3, 1, 1, 1, 1, 4, 1, 2, 1, 3, 1, 1, 2, 1, 2, 2, 4, 1, 1]|[0, 2, 1, 1, 3, 0, 1, 0, 0, 0, 0, 0, 1, 0, 1, 0, 0, 3, 1, 0, 0, 0, 3, 1, 0, 2, 0, 0, 0, 1, 0, 0, 0, 0, 3, 0, 1, 0, 0, 2, 1, 1, 1, 0, 0, 0, 0, 2, 1, 0, 0, 0, 1, 3, 0, 0, 1, 0, 0, 1, 0, 2, 0, 1, 0, 2, 1, 0, 0, 1, 1, 3, 1, 1, 3, 0, 1, 0, 0, 2, 0, 0, 0, 0, 1, 0, 0, 0, 1, 0, 2, 0, 0, 0, 1, 0, 0, 2, 0, 1],748.9199420531638,56515.33843988122,94927.95154690758,false
10,G2_TEC,G2_TEC,[31, 22, 82, 15, 26, 9, 95, 42, 77, 68, 47, 5, 93, 78, 86, 54, 85, 63, 18, 44, 20, 49, 36, 14, 74, 50, 53, 17, 21, 45, 71, 64, 3, 23, 30, 83, 24, 41, 60, 52, 65, 27, 90, 70, 39, 87, 48, 69, 99, 4, 46, 1, 13, 58, 97, 59, 28, 8, 73, 37, 35, 79, 11, 66, 76, 57, 40, 80, 96, 6, 16, 61, 33, 98, 32, 81, 62, 67, 10, 7, 56, 88, 51, 19, 91, 38, 75, 92, 25, 84, 2, 12, 29, 43, 89, 55, 0, 94, 34, 72]|[2, 1, 2, 1, 1, 2, 1, 1, 1, 1, 1, 0, 2, 2, 1, 2, 0, 0, 0, 2, 2, 1, 0, 2, 0, 2, 2, 1, 0, 1, 1, 1, 0, 0, 1, 0, 2, 1, 2, 2, 0, 0, 1, 1, 0, 2, 0, 2, 1, 0, 0, 2, 2, 0, 2, 0, 2, 1, 0, 0, 2, 1, 0, 2, 2, 0, 2, 2, 0, 1, 2, 1, 1, 0, 0, 1, 1, 1, 1, 2, 2, 1, 1, 1, 1, 0, 0, 0, 1, 0, 2, 1, 1, 1, 1, 0, 0, 1, 1, 1]|[0, 3, 0, 2, 4, 1, 4, 4, 2, 4, 3, 2, 1, 0, 2, 1, 1, 1, 2, 1, 1, 3, 0, 1, 0, 1, 1, 4, 1, 4, 3, 2, 2, 0, 4, 1, 1, 4, 0, 1, 2, 1, 4, 4, 1, 1, 0, 2, 3, 1, 2, 1, 2, 2, 1, 2, 0, 3, 0, 2, 2, 3, 1, 0, 1, 2, 0, 1, 2, 4, 1, 3, 4, 2, 2, 4, 3, 3, 3, 1, 1, 4, 3, 4, 3, 2, 2, 2, 4, 2, 1, 3, 3, 4, 4, 2, 2, 4, 1, 4]|[0, 2, 0, 1, 3, 0, 1, 3, 0, 0, 2, 0, 1, 0, 1, 0, 0, 0, 1, 0, 0, 2, 0, 0, 1, 0, 0, 3, 0, 1, 0, 2, 0, 0, 3, 0, 1, 3, 1, 0, 0, 0, 1, 3, 0, 0, 1, 0, 2, 0, 0, 0, 0, 0, 1, 0, 0, 0, 1, 1, 0, 2, 0, 0, 0, 0, 0, 0, 0, 2, 0, 0, 1, 0, 0, 2, 0, 0, 3, 0, 0, 1, 0, 3, 0, 0, 0, 0, 3, 0, 0, 0, 0, 2, 1, 0, 0, 2, 1, 2],886.7870637778938,51982.18484653672,112309.1752216169,false
10,G3_TWC,G3_TWC,[31, 22, 82, 15, 26, 9, 95, 42, 77, 12, 47, 5, 93, 78, 86, 54, 85, 63, 18, 44, 20, 35, 43, 97, 91, 76, 10, 30, 21, 45, 71, 64, 1, 23, 17, 83, 24, 14, 60, 36, 41, 57, 40, 88, 65, 56, 79, 94, 67, 68, 46, 75, 38, 58, 19, 32, 81, 6, 27, 62, 87, 90, 99, 59, 11, 16, 72, 73, 69, 39, 37, 84, 3, 92, 25, 55, 28, 29, 51, 7, 66, 61, 98, 48, 89, 8, 33, 96, 53, 80, 50, 4, 34, 2, 52, 13, 0, 70, 74, 49]|[1, 1, 0, 1, 1, 0, 1, 2, 2, 1, 2, 2, 2, 1, 1, 0, 0, 1, 0, 2, 2, 0, 1, 2, 0, 1, 2, 2, 0, 0, 1, 2, 1, 2, 1, 0, 2, 0, 1, 1, 0, 1, 1, 1, 0, 2, 1, 1, 0, 0, 0, 0, 1, 1, 2, 1, 2, 0, 0, 0, 2, 1, 0, 1, 2, 1, 2, 1, 1, 1, 1, 1, 1, 0, 1, 1, 0, 0, 0, 1, 2, 1, 2, 0, 1, 0, 2, 0, 0, 0, 0, 0, 2, 0, 1, 0, 0, 1, 2, 0]|[4, 3, 2, 2, 4, 1, 2, 2, 2, 4, 1, 1, 2, 4, 4, 1, 2, 4, 2, 1, 1, 1, 1, 2, 1, 2, 1, 1, 1, 1, 3, 2, 3, 0, 4, 0, 1, 1, 0, 3, 2, 2, 2, 0, 1, 1, 0, 4, 0, 1, 2, 2, 1, 4, 0, 3, 2, 1, 1, 2, 1, 3, 1, 1, 1, 3, 0, 4, 3, 1, 4, 1, 1, 0, 4, 4, 2, 1, 1, 1, 1, 3, 1, 1, 1, 1, 1, 1, 2, 1, 1, 2, 1, 2, 1, 2, 2, 4, 1, 1]|[0, 2, 1, 1, 3, 0, 1, 0, 0, 0, 0, 0, 1, 0, 1, 0, 0, 3, 1, 0, 0, 0, 3, 1, 0, 2, 0, 0, 0, 1, 0, 0, 0, 0, 3, 0, 1, 0, 0, 2, 1, 1, 1, 0, 0, 0, 0, 2, 1, 0, 0, 0, 1, 3, 0, 0, 1, 0, 0, 1, 0, 2, 0, 1, 0, 2, 1, 0, 0, 1, 1, 3, 1, 1, 3, 3, 1, 0, 0, 2, 0, 0, 0, 0, 1, 0, 0, 0, 1, 0, 0, 1, 0, 0, 1, 0, 0, 2, 0, 1],828.6150361188287,57498.909092636255,92558.71763620913,false
10,G1_CMAX,G1_CMAX,[31, 22, 82, 15, 26, 9, 95, 42, 77, 12, 47, 5, 93, 78, 86, 54, 6, 63, 18, 44, 20, 35, 43, 97, 91, 76, 10, 30, 21, 45, 64, 1, 23, 17, 83, 24, 14, 60, 36, 13, 75, 46, 68, 67, 69, 79, 56, 65, 88, 40, 57, 85, 58, 19, 32, 81, 48, 27, 62, 87, 90, 99, 59, 11, 16, 72, 73, 71, 70, 39, 37, 84, 3, 98, 29, 28, 55, 25, 92, 7, 33, 61, 53, 41, 89, 50, 8, 96, 51, 80, 34, 4, 66, 2, 52, 49, 0, 94, 74, 38]|[1, 1, 0, 1, 1, 0, 1, 2, 2, 1, 2, 2, 2, 1, 1, 0, 0, 1, 0, 2, 2, 0, 1, 2, 0, 1, 2, 2, 0, 0, 2, 1, 2, 1, 0, 2, 2, 1, 1, 0, 0, 0, 0, 0, 2, 1, 2, 0, 1, 1, 1, 0, 1, 2, 1, 2, 1, 0, 0, 2, 1, 0, 1, 2, 1, 2, 1, 1, 1, 1, 1, 1, 1, 0, 0, 0, 1, 1, 0, 1, 0, 1, 0, 1, 1, 0, 1, 0, 0, 0, 2, 1, 2, 0, 1, 0, 0, 2, 2, 1]|[0, 3, 2, 2, 4, 1, 2, 2, 2, 4, 1, 1, 2, 4, 4, 1, 2, 4, 2, 1, 1, 1, 1, 2, 1, 2, 1, 1, 1, 1, 2, 3, 0, 4, 0, 1, 2, 0, 3, 2, 2, 2, 1, 0, 2, 0, 1, 1, 0, 2, 2, 2, 0, 0, 3, 2, 4, 1, 2, 2, 3, 1, 1, 1, 3, 0, 4, 3, 3, 1, 4, 1, 1, 1, 1, 2, 4, 4, 0, 1, 2, 3, 2, 4, 1, 1, 3, 1, 1, 1, 1, 4, 1, 2, 1, 1, 2, 2, 1, 1]|[0, 2, 1, 1, 3, 0, 1, 0, 0, 0, 0, 0, 1, 0, 1, 0, 1, 3, 1, 0, 0, 0, 3, 1, 0, 2, 0, 0, 0, 1, 0, 0, 0, 3, 0, 1, 1, 0, 2, 0, 0, 0, 0, 1, 0, 0, 0, 0, 0, 1, 1, 0, 3, 0, 0, 1, 2, 0, 1, 0, 2, 0, 1, 0, 2, 1, 0, 0, 0, 1, 1, 3, 1, 0, 0, 1, 3, 3, 1, 2, 1, 0, 1, 3, 1, 0, 2, 0, 0, 0, 0, 0, 0, 0, 1, 1, 0, 0, 0, 1],740.6648699319737,58345.503832923176,99227.13002615936,false
10,G4_BALANCED,G4_BALANCED,[31, 22, 82, 15, 26, 58, 95, 42, 77, 12, 47, 5, 93, 78, 86, 54, 85, 63, 18, 44, 20, 35, 43, 97, 91, 76, 10, 30, 21, 45, 71, 64, 1, 23, 17, 83, 24, 14, 60, 36, 6, 57, 40, 88, 65, 56, 79, 94, 67, 68, 46, 75, 38, 9, 19, 32, 81, 41, 27, 62, 87, 90, 99, 59, 11, 16, 72, 73, 70, 39, 37, 84, 3, 92, 25, 34, 28, 29, 51, 7, 66, 61, 98, 48, 89, 50, 4, 96, 53, 80, 8, 33, 55, 2, 52, 13, 0, 69, 74, 49]|[1, 1, 0, 1, 1, 0, 1, 2, 2, 1, 2, 2, 2, 1, 1, 0, 0, 1, 0, 2, 2, 0, 1, 2, 0, 1, 2, 2, 0, 0, 1, 2, 1, 2, 1, 0, 2, 0, 1, 1, 0, 1, 1, 1, 0, 2, 1, 1, 0, 0, 0, 0, 1, 1, 2, 1, 2, 0, 0, 0, 2, 1, 0, 1, 2, 1, 2, 1, 1, 1, 1, 1, 1, 0, 1, 2, 0, 0, 0, 1, 2, 1, 2, 0, 1, 0, 1, 2, 0, 0, 1, 2, 2, 0, 1, 0, 0, 1, 2, 0]|[4, 3, 2, 2, 4, 1, 2, 2, 2, 4, 1, 1, 2, 4, 4, 1, 2, 4, 2, 1, 1, 1, 1, 2, 1, 2, 1, 1, 1, 1, 3, 2, 3, 1, 4, 0, 1, 1, 0, 3, 2, 2, 2, 0, 1, 1, 0, 4, 0, 1, 2, 2, 1, 4, 0, 3, 2, 1, 1, 2, 1, 3, 1, 1, 1, 3, 0, 4, 3, 1, 4, 1, 1, 0, 4, 1, 2, 1, 1, 1, 1, 3, 1, 1, 1, 1, 4, 1, 2, 1, 3, 1, 1, 2, 1, 2, 2, 4, 1, 1]|[0, 2, 1, 1, 3, 0, 1, 0, 0, 0, 0, 0, 1, 0, 1, 0, 0, 3, 1, 0, 0, 0, 3, 1, 0, 2, 0, 0, 0, 1, 0, 0, 0, 0, 3, 0, 1, 0, 0, 2, 1, 1, 1, 0, 0, 0, 0, 2, 1, 0, 0, 0, 1, 3, 0, 0, 1, 0, 0, 1, 0, 2, 0, 1, 0, 2, 1, 0, 0, 1, 1, 3, 1, 1, 3, 0, 1, 0, 0, 2, 0, 0, 0, 0, 1, 0, 0, 0, 1, 0, 2, 0, 0, 0, 1, 0, 0, 2, 0, 1],748.9199420531638,56515.33843988122,94927.95154690758,false
10,G2_TEC,G2_TEC,[31, 22, 82, 15, 26, 9, 95, 42, 77, 68, 47, 5, 93, 78, 86, 54, 85, 63, 18, 44, 20, 49, 36, 14, 74, 50, 53, 17, 21, 45, 71, 64, 3, 23, 30, 83, 24, 41, 60, 52, 65, 27, 90, 70, 39, 87, 48, 69, 99, 4, 46, 1, 13, 58, 97, 59, 28, 8, 73, 37, 35, 79, 11, 66, 76, 57, 40, 80, 96, 6, 16, 61, 33, 98, 32, 81, 62, 67, 10, 7, 56, 88, 51, 19, 91, 38, 75, 92, 25, 84, 2, 12, 29, 43, 89, 55, 0, 94, 34, 72]|[2, 1, 2, 1, 1, 2, 1, 1, 1, 1, 1, 0, 2, 2, 1, 2, 0, 0, 0, 2, 2, 1, 0, 2, 0, 2, 2, 1, 0, 1, 1, 1, 0, 0, 1, 0, 2, 1, 2, 2, 0, 0, 1, 1, 0, 2, 0, 2, 1, 0, 0, 2, 2, 0, 2, 0, 2, 1, 0, 0, 2, 1, 0, 2, 2, 0, 2, 2, 0, 1, 2, 1, 1, 0, 0, 1, 1, 1, 1, 2, 2, 1, 1, 1, 1, 0, 0, 0, 1, 0, 2, 1, 1, 1, 1, 0, 0, 1, 1, 1]|[0, 3, 0, 2, 4, 1, 4, 4, 2, 4, 3, 2, 1, 0, 2, 1, 1, 1, 2, 1, 1, 3, 0, 1, 0, 1, 1, 4, 1, 4, 3, 2, 2, 0, 4, 1, 1, 4, 0, 1, 2, 1, 4, 4, 1, 1, 0, 2, 3, 1, 2, 1, 2, 2, 1, 2, 0, 3, 0, 2, 2, 3, 1, 0, 1, 2, 0, 1, 2, 4, 1, 3, 4, 2, 2, 4, 3, 3, 3, 1, 1, 4, 3, 4, 3, 2, 2, 2, 4, 2, 1, 3, 3, 4, 4, 2, 2, 4, 1, 4]|[0, 2, 0, 1, 3, 0, 1, 3, 0, 0, 2, 0, 1, 0, 1, 0, 0, 0, 1, 0, 0, 2, 0, 0, 1, 0, 0, 3, 0, 1, 0, 2, 0, 0, 3, 0, 1, 3, 1, 0, 0, 0, 1, 3, 0, 0, 1, 0, 2, 0, 0, 0, 0, 0, 1, 0, 0, 0, 1, 1, 0, 2, 0, 0, 0, 0, 0, 0, 0, 2, 0, 0, 1, 0, 0, 2, 0, 0, 3, 0, 0, 1, 0, 3, 0, 0, 0, 0, 3, 0, 0, 0, 0, 2, 1, 0, 0, 2, 1, 2],886.7870637778938,51982.18484653672,112309.1752216169,false
10,G3_TWC,G3_TWC,[31, 22, 82, 15, 26, 9, 95, 42, 77, 12, 47, 5, 93, 78, 86, 54, 85, 63, 18, 44, 20, 35, 43, 97, 91, 76, 10, 30, 21, 45, 71, 64, 1, 23, 17, 83, 24, 14, 60, 36, 41, 57, 40, 88, 65, 56, 79, 94, 67, 68, 46, 75, 38, 58, 19, 32, 81, 6, 27, 62, 87, 90, 99, 59, 11, 16, 72, 73, 69, 39, 37, 84, 3, 92, 25, 55, 28, 29, 51, 7, 66, 61, 98, 48, 89, 8, 33, 96, 53, 80, 50, 4, 34, 2, 52, 13, 0, 70, 74, 49]|[1, 1, 0, 1, 1, 0, 1, 2, 2, 1, 2, 2, 2, 1, 1, 0, 0, 1, 0, 2, 2, 0, 1, 2, 0, 1, 2, 2, 0, 0, 1, 2, 1, 2, 1, 0, 2, 0, 1, 1, 0, 1, 1, 1, 0, 2, 1, 1, 0, 0, 0, 0, 1, 1, 2, 1, 2, 0, 0, 0, 2, 1, 0, 1, 2, 1, 2, 1, 1, 1, 1, 1, 1, 0, 1, 1, 0, 0, 0, 1, 2, 1, 2, 0, 1, 0, 2, 0, 0, 0, 0, 0, 2, 0, 1, 0, 0, 1, 2, 0]|[4, 3, 2, 2, 4, 1, 2, 2, 2, 4, 1, 1, 2, 4, 4, 1, 2, 4, 2, 1, 1, 1, 1, 2, 1, 2, 1, 1, 1, 1, 3, 2, 3, 0, 4, 0, 1, 1, 0, 3, 2, 2, 2, 0, 1, 1, 0, 4, 0, 1, 2, 2, 1, 4, 0, 3, 2, 1, 1, 2, 1, 3, 1, 1, 1, 3, 0, 4, 3, 1, 4, 1, 1, 0, 4, 4, 2, 1, 1, 1, 1, 3, 1, 1, 1, 1, 1, 1, 2, 1, 1, 2, 1, 2, 1, 2, 2, 4, 1, 1]|[0, 2, 1, 1, 3, 0, 1, 0, 0, 0, 0, 0, 1, 0, 1, 0, 0, 3, 1, 0, 0, 0, 3, 1, 0, 2, 0, 0, 0, 1, 0, 0, 0, 0, 3, 0, 1, 0, 0, 2, 1, 1, 1, 0, 0, 0, 0, 2, 1, 0, 0, 0, 1, 3, 0, 0, 1, 0, 0, 1, 0, 2, 0, 1, 0, 2, 1, 0, 0, 1, 1, 3, 1, 1, 3, 3, 1, 0, 0, 2, 0, 0, 0, 0, 1, 0, 0, 0, 1, 0, 0, 1, 0, 0, 1, 0, 0, 2, 0, 1],828.6150361188287,57498.909092636255,92558.71763620913,false
10,G1_CMAX,G1_CMAX,[31, 22, 82, 15, 26, 9, 95, 42, 77, 12, 47, 5, 93, 78, 86, 54, 6, 63, 18, 44, 20, 35, 43, 97, 91, 76, 10, 30, 21, 45, 64, 1, 23, 17, 83, 24, 14, 60, 36, 13, 75, 46, 68, 67, 69, 79, 56, 65, 88, 40, 57, 85, 58, 19, 32, 81, 48, 27, 62, 87, 90, 99, 59, 11, 16, 72, 73, 71, 70, 39, 37, 84, 3, 98, 29, 28, 55, 25, 92, 7, 33, 61, 53, 41, 89, 50, 8, 96, 51, 80, 34, 4, 66, 2, 52, 49, 0, 94, 74, 38]|[1, 1, 0, 1, 1, 0, 1, 2, 2, 1, 2, 2, 2, 1, 1, 0, 0, 1, 0, 2, 2, 0, 1, 2, 0, 1, 2, 2, 0, 0, 2, 1, 2, 1, 0, 2, 2, 1, 1, 0, 0, 0, 0, 0, 2, 1, 2, 0, 1, 1, 1, 0, 1, 2, 1, 2, 1, 0, 0, 2, 1, 0, 1, 2, 1, 2, 1, 1, 1, 1, 1, 1, 1, 0, 0, 0, 1, 1, 0, 1, 0, 1, 0, 1, 1, 0, 1, 0, 0, 0, 2, 1, 2, 0, 1, 0, 0, 2, 2, 1]|[0, 3, 2, 2, 4, 1, 2, 2, 2, 4, 1, 1, 2, 4, 4, 1, 2, 4, 2, 1, 1, 1, 1, 2, 1, 2, 1, 1, 1, 1, 2, 3, 0, 4, 0, 1, 2, 0, 3, 2, 2, 2, 1, 0, 2, 0, 1, 1, 0, 2, 2, 2, 0, 0, 3, 2, 4, 1, 2, 2, 3, 1, 1, 1, 3, 0, 4, 3, 3, 1, 4, 1, 1, 1, 1, 2, 4, 4, 0, 1, 2, 3, 2, 4, 1, 1, 3, 1, 1, 1, 1, 4, 1, 2, 1, 1, 2, 2, 1, 1]|[0, 2, 1, 1, 3, 0, 1, 0, 0, 0, 0, 0, 1, 0, 1, 0, 1, 3, 1, 0, 0, 0, 3, 1, 0, 2, 0, 0, 0, 1, 0, 0, 0, 3, 0, 1, 1, 0, 2, 0, 0, 0, 0, 1, 0, 0, 0, 0, 0, 1, 1, 0, 3, 0, 0, 1, 2, 0, 1, 0, 2, 0, 1, 0, 2, 1, 0, 0, 0, 1, 1, 3, 1, 0, 0, 1, 3, 3, 1, 2, 1, 0, 1, 3, 1, 0, 2, 0, 0, 0, 0, 0, 0, 0, 1, 1, 0, 0, 0, 1],740.6648699319737,58345.503832923176,99227.13002615936,false
10,G4_BALANCED,G4_BALANCED,[31, 22, 82, 15, 26, 58, 95, 42, 77, 12, 47, 5, 93, 78, 86, 54, 85, 63, 18, 44, 20, 35, 43, 97, 91, 76, 10, 30, 21, 45, 71, 64, 1, 23, 17, 83, 24, 14, 60, 36, 6, 57, 40, 88, 65, 56, 79, 94, 67, 68, 46, 75, 38, 9, 19, 32, 81, 41, 27, 62, 87, 90, 99, 59, 11, 16, 72, 73, 70, 39, 37, 84, 3, 92, 25, 34, 28, 29, 51, 7, 66, 61, 98, 48, 89, 50, 4, 96, 53, 80, 8, 33, 55, 2, 52, 13, 0, 69, 74, 49]|[1, 1, 0, 1, 1, 0, 1, 2, 2, 1, 2, 2, 2, 1, 1, 0, 0, 1, 0, 2, 2, 0, 1, 2, 0, 1, 2, 2, 0, 0, 1, 2, 1, 2, 1, 0, 2, 0, 1, 1, 0, 1, 1, 1, 0, 2, 1, 1, 0, 0, 0, 0, 1, 1, 2, 1, 2, 0, 0, 0, 2, 1, 0, 1, 2, 1, 2, 1, 1, 1, 1, 1, 1, 0, 1, 2, 0, 0, 0, 1, 2, 1, 2, 0, 1, 0, 1, 2, 0, 0, 1, 2, 2, 0, 1, 0, 0, 1, 2, 0]|[4, 3, 2, 2, 4, 1, 2, 2, 2, 4, 1, 1, 2, 4, 4, 1, 2, 4, 2, 1, 1, 1, 1, 2, 1, 2, 1, 1, 1, 1, 3, 2, 3, 1, 4, 0, 1, 1, 0, 3, 2, 2, 2, 0, 1, 1, 0, 4, 0, 1, 2, 2, 1, 4, 0, 3, 2, 1, 1, 2, 1, 3, 1, 1, 1, 3, 0, 4, 3, 1, 4, 1, 1, 0, 4, 1, 2, 1, 1, 1, 1, 3, 1, 1, 1, 1, 4, 1, 2, 1, 3, 1, 1, 2, 1, 2, 2, 4, 1, 1]|[0, 2, 1, 1, 3, 0, 1, 0, 0, 0, 0, 0, 1, 0, 1, 0, 0, 3, 1, 0, 0, 0, 3, 1, 0, 2, 0, 0, 0, 1, 0, 0, 0, 0, 3, 0, 1, 0, 0, 2, 1, 1, 1, 0, 0, 0, 0, 2, 1, 0, 0, 0, 1, 3, 0, 0, 1, 0, 0, 1, 0, 2, 0, 1, 0, 2, 1, 0, 0, 1, 1, 3, 1, 1, 3, 0, 1, 0, 0, 2, 0, 0, 0, 0, 1, 0, 0, 0, 1, 0, 2, 0, 0, 0, 1, 0, 0, 2, 0, 1],748.9199420531638,56515.33843988122,94927.95154690758,false
10,G2_TEC,G2_TEC,[31, 22, 82, 15, 26, 9, 95, 42, 77, 68, 47, 5, 93, 78, 86, 54, 85, 63, 18, 44, 20, 49, 36, 14, 74, 50, 53, 17, 21, 45, 71, 64, 3, 23, 30, 83, 24, 41, 60, 52, 65, 27, 90, 70, 39, 87, 48, 69, 99, 4, 46, 1, 13, 58, 97, 59, 28, 8, 73, 37, 35, 79, 11, 66, 76, 57, 40, 80, 96, 6, 16, 61, 33, 98, 32, 34, 12, 67, 10, 7, 56, 88, 51, 19, 91, 38, 75, 92, 25, 84, 43, 55, 62, 2, 81, 0, 29, 94, 89, 72]|[2, 1, 2, 1, 1, 2, 1, 1, 1, 1, 1, 0, 2, 2, 1, 2, 0, 0, 0, 2, 2, 1, 0, 2, 0, 2, 2, 1, 0, 1, 1, 1, 0, 0, 1, 0, 2, 1, 2, 2, 0, 1, 1, 1, 0, 2, 0, 2, 1, 0, 0, 2, 2, 0, 2, 0, 2, 1, 0, 0, 2, 1, 0, 2, 2, 0, 2, 2, 0, 1, 2, 1, 1, 0, 0, 1, 1, 1, 1, 2, 2, 1, 1, 1, 1, 0, 0, 0, 0, 0, 1, 0, 1, 2, 1, 0, 1, 1, 1, 1]|[0, 3, 0, 2, 4, 1, 4, 4, 2, 4, 3, 2, 1, 0, 2, 1, 1, 1, 2, 1, 1, 3, 0, 1, 0, 1, 1, 4, 1, 4, 3, 2, 2, 0, 4, 1, 1, 4, 0, 1, 2, 2, 4, 4, 1, 1, 0, 2, 3, 1, 2, 1, 2, 1, 1, 2, 0, 3, 0, 2, 2, 3, 1, 0, 1, 2, 0, 1, 2, 4, 1, 3, 4, 2, 0, 4, 3, 3, 3, 1, 1, 4, 3, 4, 3, 2, 2, 2, 2, 2, 4, 2, 3, 1, 1, 2, 3, 4, 4, 4]|[0, 2, 0, 1, 3, 0, 1, 3, 0, 0, 2, 0, 1, 0, 1, 0, 0, 0, 1, 0, 0, 2, 0, 0, 1, 0, 0, 3, 0, 1, 0, 2, 0, 0, 3, 0, 1, 3, 1, 0, 0, 1, 1, 3, 0, 0, 1, 0, 2, 0, 0, 0, 0, 0, 1, 0, 0, 0, 1, 1, 0, 2, 0, 0, 0, 0, 0, 0, 0, 2, 0, 0, 1, 0, 1, 2, 0, 0, 3, 0, 0, 1, 0, 3, 0, 0, 0, 0, 0, 0, 2, 0, 0, 0, 1, 0, 0, 2, 1, 2],848.4725392636021,52699.90392572795,112338.8750920795,false
10,G3_TWC,G3_TWC,[31, 22, 82, 15, 26, 9, 95, 42, 77, 12, 47, 5, 93, 78, 86, 54, 85, 63, 18, 44, 20, 35, 43, 97, 91, 76, 10, 30, 21, 45, 71, 64, 1, 23, 17, 83, 24, 14, 60, 36, 41, 57, 40, 88, 65, 56, 79, 94, 67, 68, 46, 75, 38, 58, 19, 32, 81, 6, 27, 62, 87, 90, 99, 59, 11, 16, 72, 73, 69, 39, 37, 84, 3, 92, 25, 55, 28, 29, 51, 7, 66, 61, 98, 48, 89, 8, 33, 96, 53, 80, 50, 4, 34, 2, 52, 13, 0, 70, 74, 49]|[1, 1, 0, 1, 1, 0, 1, 2, 2, 1, 2, 2, 2, 1, 1, 0, 0, 1, 0, 2, 2, 0, 1, 2, 0, 1, 2, 2, 0, 0, 1, 2, 1, 2, 1, 0, 2, 0, 1, 1, 0, 1, 1, 1, 0, 2, 1, 1, 0, 0, 0, 0, 1, 1, 2, 1, 2, 0, 0, 0, 2, 1, 0, 1, 2, 1, 2, 1, 1, 1, 1, 1, 1, 0, 1, 1, 0, 0, 0, 1, 2, 1, 2, 0, 1, 0, 2, 0, 0, 0, 0, 0, 2, 0, 1, 0, 0, 1, 2, 0]|[4, 3, 2, 2, 4, 1, 2, 2, 2, 4, 1, 1, 2, 4, 4, 1, 2, 4, 2, 1, 1, 1, 1, 2, 1, 2, 1, 1, 1, 1, 3, 2, 3, 0, 4, 0, 1, 1, 0, 3, 2, 2, 2, 0, 1, 1, 0, 4, 0, 1, 2, 2, 1, 4, 0, 3, 2, 1, 1, 2, 1, 3, 1, 1, 1, 3, 0, 4, 3, 1, 4, 1, 1, 0, 4, 4, 2, 1, 1, 1, 1, 3, 1, 1, 1, 1, 1, 1, 2, 1, 1, 2, 1, 2, 1, 2, 2, 4, 1, 1]|[0, 2, 1, 1, 3, 0, 1, 0, 0, 0, 0, 0, 1, 0, 1, 0, 0, 3, 1, 0, 0, 0, 3, 1, 0, 2, 0, 0, 0, 1, 0, 0, 0, 0, 3, 0, 1, 0, 0, 2, 1, 1, 1, 0, 0, 0, 0, 2, 1, 0, 0, 0, 1, 3, 0, 0, 1, 0, 0, 1, 0, 2, 0, 1, 0, 2, 1, 0, 0, 1, 1, 3, 1, 1, 3, 3, 1, 0, 0, 2, 0, 0, 0, 0, 1, 0, 0, 0, 1, 0, 0, 1, 0, 0, 1, 0, 0, 2, 0, 1],828.6150361188287,57498.909092636255,92558.71763620913,false
10,G1_CMAX,G1_CMAX,[31, 22, 82, 15, 26, 9, 95, 42, 77, 12, 47, 5, 93, 78, 86, 54, 6, 63, 18, 44, 20, 35, 43, 97, 91, 76, 10, 30, 21, 45, 64, 1, 23, 17, 83, 24, 14, 60, 36, 13, 75, 46, 68, 67, 69, 79, 56, 65, 88, 40, 57, 85, 58, 19, 32, 81, 48, 27, 62, 87, 90, 99, 59, 11, 16, 72, 73, 71, 70, 39, 37, 84, 3, 98, 29, 28, 55, 25, 92, 7, 33, 61, 53, 41, 89, 50, 8, 96, 51, 80, 34, 4, 66, 2, 52, 49, 0, 94, 74, 38]|[1, 1, 0, 1, 1, 0, 1, 2, 2, 1, 2, 2, 2, 1, 1, 0, 0, 1, 0, 2, 2, 0, 1, 2, 0, 1, 2, 2, 0, 0, 2, 1, 2, 1, 0, 2, 2, 1, 1, 0, 0, 0, 0, 0, 2, 1, 2, 0, 1, 1, 1, 0, 1, 2, 1, 2, 1, 0, 0, 2, 1, 0, 1, 2, 1, 2, 1, 1, 1, 1, 1, 1, 1, 0, 0, 0, 1, 1, 0, 1, 0, 1, 0, 1, 1, 0, 1, 0, 0, 0, 2, 1, 2, 0, 1, 0, 0, 2, 2, 1]|[0, 3, 2, 2, 4, 1, 2, 2, 2, 4, 1, 1, 2, 4, 4, 1, 2, 4, 2, 1, 1, 1, 1, 2, 1, 2, 1, 1, 1, 1, 2, 3, 0, 4, 0, 1, 2, 0, 3, 2, 2, 2, 1, 0, 2, 0, 1, 1, 0, 2, 2, 2, 0, 0, 3, 2, 4, 1, 2, 2, 3, 1, 1, 1, 3, 0, 4, 3, 3, 1, 4, 1, 1, 1, 1, 2, 4, 4, 0, 1, 2, 3, 2, 4, 1, 1, 3, 1, 1, 1, 1, 4, 1, 2, 1, 1, 2, 2, 1, 1]|[0, 2, 1, 1, 3, 0, 1, 0, 0, 0, 0, 0, 1, 0, 1, 0, 1, 3, 1, 0, 0, 0, 3, 1, 0, 2, 0, 0, 0, 1, 0, 0, 0, 3, 0, 1, 1, 0, 2, 0, 0, 0, 0, 1, 0, 0, 0, 0, 0, 1, 1, 0, 3, 0, 0, 1, 2, 0, 1, 0, 2, 0, 1, 0, 2, 1, 0, 0, 0, 1, 1, 3, 1, 0, 0, 1, 3, 3, 1, 2, 1, 0, 1, 3, 1, 0, 2, 0, 0, 0, 0, 0, 0, 0, 1, 1, 0, 0, 0, 1],740.6648699319737,58345.503832923176,99227.13002615936,false
10,G4_BALANCED,G4_BALANCED,[31, 22, 82, 15, 26, 58, 95, 42, 77, 12, 47, 5, 93, 78, 86, 54, 85, 63, 18, 44, 20, 35, 43, 97, 91, 76, 10, 30, 21, 45, 71, 64, 1, 23, 17, 83, 24, 14, 60, 36, 6, 57, 40, 88, 65, 56, 79, 94, 67, 68, 46, 75, 38, 9, 19, 32, 81, 41, 27, 62, 87, 90, 99, 59, 11, 16, 72, 73, 70, 39, 37, 84, 3, 92, 25, 34, 28, 29, 51, 7, 66, 61, 98, 48, 89, 50, 4, 96, 53, 80, 8, 33, 55, 2, 52, 13, 0, 69, 74, 49]|[1, 1, 0, 1, 1, 0, 1, 2, 2, 1, 2, 2, 2, 1, 1, 0, 0, 1, 0, 2, 2, 0, 1, 2, 0, 1, 2, 2, 0, 0, 1, 2, 1, 2, 1, 0, 2, 0, 1, 1, 0, 1, 1, 1, 0, 2, 1, 1, 0, 0, 0, 0, 1, 1, 2, 1, 2, 0, 0, 0, 2, 1, 0, 1, 2, 1, 2, 1, 1, 1, 1, 1, 1, 0, 1, 2, 0, 0, 0, 1, 2, 1, 2, 0, 1, 0, 1, 2, 0, 0, 1, 2, 2, 0, 1, 0, 0, 1, 2, 0]|[4, 3, 2, 2, 4, 1, 2, 2, 2, 4, 1, 1, 2, 4, 4, 1, 2, 4, 2, 1, 1, 1, 1, 2, 1, 2, 1, 1, 1, 1, 3, 2, 3, 1, 4, 0, 1, 1, 0, 3, 2, 2, 2, 0, 1, 1, 0, 4, 0, 1, 2, 2, 1, 4, 0, 3, 2, 1, 1, 2, 1, 3, 1, 1, 1, 3, 0, 4, 3, 1, 4, 1, 1, 0, 4, 1, 2, 1, 1, 1, 1, 3, 1, 1, 1, 1, 4, 1, 2, 1, 3, 1, 1, 2, 1, 2, 2, 4, 1, 1]|[0, 2, 1, 1, 3, 0, 1, 0, 0, 0, 0, 0, 1, 0, 1, 0, 0, 3, 1, 0, 0, 0, 3, 1, 0, 2, 0, 0, 0, 1, 0, 0, 0, 0, 3, 0, 1, 0, 0, 2, 1, 1, 1, 0, 0, 0, 0, 2, 1, 0, 0, 0, 1, 3, 0, 0, 1, 0, 0, 1, 0, 2, 0, 1, 0, 2, 1, 0, 0, 1, 1, 3, 1, 1, 3, 0, 1, 0, 0, 2, 0, 0, 0, 0, 1, 0, 0, 0, 1, 0, 2, 0, 0, 0, 1, 0, 0, 2, 0, 1],748.9199420531638,56515.33843988122,94927.95154690758,false
10,G2_TEC,G2_TEC,[31, 22, 82, 15, 26, 9, 95, 42, 77, 68, 47, 5, 93, 78, 86, 54, 85, 63, 18, 44, 20, 49, 36, 14, 74, 50, 53, 17, 21, 45, 71, 64, 3, 23, 30, 83, 24, 41, 60, 52, 65, 27, 90, 70, 39, 87, 48, 69, 99, 4, 46, 1, 13, 58, 97, 59, 28, 8, 73, 37, 35, 79, 11, 66, 76, 57, 40, 80, 96, 6, 16, 61, 33, 98, 32, 34, 12, 67, 10, 7, 56, 88, 51, 19, 91, 38, 75, 92, 25, 84, 43, 55, 62, 2, 81, 0, 29, 94, 89, 72]|[2, 1, 2, 1, 1, 2, 1, 1, 1, 1, 1, 0, 2, 2, 1, 2, 0, 0, 0, 2, 2, 1, 0, 2, 0, 2, 2, 1, 0, 1, 1, 1, 0, 0, 1, 0, 2, 1, 2, 2, 0, 1, 1, 1, 0, 2, 0, 2, 1, 0, 0, 2, 2, 0, 2, 0, 2, 1, 0, 0, 2, 1, 0, 2, 2, 0, 2, 2, 0, 1, 2, 1, 1, 0, 0, 1, 1, 1, 1, 2, 2, 1, 1, 1, 1, 0, 0, 0, 0, 0, 1, 0, 1, 2, 1, 0, 1, 1, 1, 1]|[0, 3, 0, 2, 4, 1, 4, 4, 2, 4, 3, 2, 1, 0, 2, 1, 1, 1, 2, 1, 1, 3, 0, 1, 0, 1, 1, 4, 1, 4, 3, 2, 2, 0, 4, 1, 1, 4, 0, 1, 2, 2, 4, 4, 1, 1, 0, 2, 3, 1, 2, 1, 2, 1, 1, 2, 0, 3, 0, 2, 2, 3, 1, 0, 1, 2, 0, 1, 2, 4, 1, 3, 4, 2, 0, 4, 3, 3, 3, 1, 1, 4, 3, 4, 3, 2, 2, 2, 2, 2, 4, 2, 3, 1, 1, 2, 3, 4, 4, 4]|[0, 2, 0, 1, 3, 0, 1, 3, 0, 0, 2, 0, 1, 0, 1, 0, 0, 0, 1, 0, 0, 2, 0, 0, 1, 0, 0, 3, 0, 1, 0, 2, 0, 0, 3, 0, 1, 3, 1, 0, 0, 1, 1, 3, 0, 0, 1, 0, 2, 0, 0, 0, 0, 0, 1, 0, 0, 0, 1, 1, 0, 2, 0, 0, 0, 0, 0, 0, 0, 2, 0, 0, 1, 0, 1, 2, 0, 0, 3, 0, 0, 1, 0, 3, 0, 0, 0, 0, 0, 0, 2, 0, 0, 0, 1, 0, 0, 2, 1, 2],848.4725392636021,52699.90392572795,112338.8750920795,false
10,G3_TWC,G3_TWC,[31, 22, 82, 15, 26, 9, 95, 42, 77, 12, 47, 5, 93, 78, 86, 54, 85, 63, 18, 44, 20, 35, 43, 97, 91, 76, 10, 30, 21, 45, 71, 64, 1, 23, 17, 83, 24, 14, 60, 36, 41, 57, 40, 88, 65, 56, 79, 94, 67, 68, 46, 75, 38, 58, 19, 32, 81, 6, 27, 62, 87, 90, 99, 59, 11, 16, 72, 73, 69, 39, 37, 84, 3, 92, 25, 55, 28, 29, 51, 7, 66, 61, 98, 48, 89, 8, 33, 96, 53, 80, 50, 4, 34, 2, 52, 13, 0, 70, 74, 49]|[1, 1, 0, 1, 1, 0, 1, 2, 2, 1, 2, 2, 2, 1, 1, 0, 0, 1, 0, 2, 2, 0, 1, 2, 0, 1, 2, 2, 0, 0, 1, 2, 1, 2, 1, 0, 2, 0, 1, 1, 0, 1, 1, 1, 0, 2, 1, 1, 0, 0, 0, 0, 1, 1, 2, 1, 2, 0, 0, 0, 2, 1, 0, 1, 2, 1, 2, 1, 1, 1, 1, 1, 1, 0, 1, 1, 0, 0, 0, 1, 2, 1, 2, 0, 1, 0, 2, 0, 0, 0, 0, 0, 2, 0, 1, 0, 0, 1, 2, 0]|[4, 3, 2, 2, 4, 1, 2, 2, 2, 4, 1, 1, 2, 4, 4, 1, 2, 4, 2, 1, 1, 1, 1, 2, 1, 2, 1, 1, 1, 1, 3, 2, 3, 0, 4, 0, 1, 1, 0, 3, 2, 2, 2, 0, 1, 1, 0, 4, 0, 1, 2, 2, 1, 4, 0, 3, 2, 1, 1, 2, 1, 3, 1, 1, 1, 3, 0, 4, 3, 1, 4, 1, 1, 0, 4, 4, 2, 1, 1, 1, 1, 3, 1, 1, 1, 1, 1, 1, 2, 1, 1, 2, 1, 2, 1, 2, 2, 4, 1, 1]|[0, 2, 1, 1, 3, 0, 1, 0, 0, 0, 0, 0, 1, 0, 1, 0, 0, 3, 1, 0, 0, 0, 3, 1, 0, 2, 0, 0, 0, 1, 0, 0, 0, 0, 3, 0, 1, 0, 0, 2, 1, 1, 1, 0, 0, 0, 0, 2, 1, 0, 0, 0, 1, 3, 0, 0, 1, 0, 0, 1, 0, 2, 0, 1, 0, 2, 1, 0, 0, 1, 1, 3, 1, 1, 3, 3, 1, 0, 0, 2, 0, 0, 0, 0, 1, 0, 0, 0, 1, 0, 0, 1, 0, 0, 1, 0, 0, 2, 0, 1],828.6150361188287,57498.909092636255,92558.71763620913,false
10,G1_CMAX,G1_CMAX,[31, 22, 82, 15, 26, 9, 95, 42, 77, 12, 47, 5, 93, 78, 86, 54, 6, 63, 18, 44, 20, 35, 43, 97, 91, 76, 10, 30, 21, 45, 64, 1, 23, 17, 83, 24, 14, 60, 36, 13, 75, 46, 68, 67, 69, 79, 56, 65, 88, 40, 57, 85, 58, 19, 32, 81, 48, 27, 62, 87, 90, 99, 59, 11, 16, 72, 73, 71, 70, 39, 37, 84, 3, 98, 29, 28, 55, 25, 92, 7, 33, 61, 53, 41, 89, 50, 8, 96, 51, 80, 34, 4, 66, 2, 52, 49, 0, 94, 74, 38]|[1, 1, 0, 1, 1, 0, 1, 2, 2, 1, 2, 2, 2, 1, 1, 0, 0, 1, 0, 2, 2, 0, 1, 2, 0, 1, 2, 2, 0, 0, 2, 1, 2, 1, 0, 2, 2, 1, 1, 0, 0, 0, 0, 0, 2, 1, 2, 0, 1, 1, 1, 0, 1, 2, 1, 2, 1, 0, 0, 2, 1, 0, 1, 2, 1, 2, 1, 1, 1, 1, 1, 1, 1, 0, 0, 0, 1, 1, 0, 1, 0, 1, 0, 1, 1, 0, 1, 0, 0, 0, 2, 1, 2, 0, 1, 0, 0, 2, 2, 1]|[0, 3, 2, 2, 4, 1, 2, 2, 2, 4, 1, 1, 2, 4, 4, 1, 2, 4, 2, 1, 1, 1, 1, 2, 1, 2, 1, 1, 1, 1, 2, 3, 0, 4, 0, 1, 2, 0, 3, 2, 2, 2, 1, 0, 2, 0, 1, 1, 0, 2, 2, 2, 0, 0, 3, 2, 4, 1, 2, 2, 3, 1, 1, 1, 3, 0, 4, 3, 3, 1, 4, 1, 1, 1, 1, 2, 4, 4, 0, 1, 2, 3, 2, 4, 1, 1, 3, 1, 1, 1, 1, 4, 1, 2, 1, 1, 2, 2, 1, 1]|[0, 2, 1, 1, 3, 0, 1, 0, 0, 0, 0, 0, 1, 0, 1, 0, 1, 3, 1, 0, 0, 0, 3, 1, 0, 2, 0, 0, 0, 1, 0, 0, 0, 3, 0, 1, 1, 0, 2, 0, 0, 0, 0, 1, 0, 0, 0, 0, 0, 1, 1, 0, 3, 0, 0, 1, 2, 0, 1, 0, 2, 0, 1, 0, 2, 1, 0, 0, 0, 1, 1, 3, 1, 0, 0, 1, 3, 3, 1, 2, 1, 0, 1, 3, 1, 0, 2, 0, 0, 0, 0, 0, 0, 0, 1, 1, 0, 0, 0, 1],740.6648699319737,58345.503832923176,99227.13002615936,false
10,G4_BALANCED,G4_BALANCED,[31, 22, 82, 15, 26, 58, 95, 42, 77, 12, 47, 5, 93, 78, 86, 54, 85, 63, 18, 44, 20, 35, 43, 97, 91, 76, 10, 30, 21, 45, 71, 64, 1, 23, 17, 83, 24, 14, 60, 36, 6, 57, 40, 88, 65, 56, 79, 94, 67, 68, 46, 75, 38, 9, 19, 32, 81, 41, 27, 62, 87, 90, 99, 59, 11, 16, 72, 73, 70, 39, 37, 84, 3, 92, 25, 34, 28, 29, 51, 7, 66, 61, 98, 48, 89, 50, 4, 96, 53, 80, 8, 33, 55, 2, 52, 13, 0, 69, 74, 49]|[1, 1, 0, 1, 1, 0, 1, 2, 2, 1, 2, 2, 2, 1, 1, 0, 0, 1, 0, 2, 2, 0, 1, 2, 0, 1, 2, 2, 0, 0, 1, 2, 1, 2, 1, 0, 2, 0, 1, 1, 0, 1, 1, 1, 0, 2, 1, 1, 0, 0, 0, 0, 1, 1, 2, 1, 2, 0, 0, 0, 2, 1, 0, 1, 2, 1, 2, 1, 1, 1, 1, 1, 1, 0, 1, 2, 0, 0, 0, 1, 2, 1, 2, 0, 1, 0, 1, 2, 0, 0, 1, 2, 2, 0, 1, 0, 0, 1, 2, 0]|[4, 3, 2, 2, 4, 1, 2, 2, 2, 4, 1, 1, 2, 4, 4, 1, 2, 4, 2, 1, 1, 1, 1, 2, 1, 2, 1, 1, 1, 1, 3, 2, 3, 1, 4, 0, 1, 1, 0, 3, 2, 2, 2, 0, 1, 1, 0, 4, 0, 1, 2, 2, 1, 4, 0, 3, 2, 1, 1, 2, 1, 3, 1, 1, 1, 3, 0, 4, 3, 1, 4, 1, 1, 0, 4, 1, 2, 1, 1, 1, 1, 3, 1, 1, 1, 1, 4, 1, 2, 1, 3, 1, 1, 2, 1, 2, 2, 4, 1, 1]|[0, 2, 1, 1, 3, 0, 1, 0, 0, 0, 0, 0, 1, 0, 1, 0, 0, 3, 1, 0, 0, 0, 3, 1, 0, 2, 0, 0, 0, 1, 0, 0, 0, 0, 3, 0, 1, 0, 0, 2, 1, 1, 1, 0, 0, 0, 0, 2, 1, 0, 0, 0, 1, 3, 0, 0, 1, 0, 0, 1, 0, 2, 0, 1, 0, 2, 1, 0, 0, 1, 1, 3, 1, 1, 3, 0, 1, 0, 0, 2, 0, 0, 0, 0, 1, 0, 0, 0, 1, 0, 2, 0, 0, 0, 1, 0, 0, 2, 0, 1],748.9199420531638,56515.33843988122,94927.95154690758,false
10,G2_TEC,G2_TEC,[31, 22, 82, 15, 26, 9, 95, 42, 77, 68, 47, 5, 93, 78, 86, 54, 85, 63, 18, 44, 20, 49, 36, 14, 74, 50, 53, 17, 21, 45, 71, 64, 3, 23, 30, 83, 24, 41, 60, 52, 65, 27, 90, 70, 39, 87, 48, 69, 99, 4, 46, 1, 13, 58, 97, 59, 28, 8, 73, 37, 35, 79, 11, 66, 76, 57, 40, 80, 96, 6, 16, 61, 33, 98, 32, 34, 12, 67, 10, 7, 56, 88, 51, 19, 91, 38, 75, 92, 25, 84, 43, 55, 62, 2, 81, 0, 29, 94, 89, 72]|[2, 1, 2, 1, 1, 2, 1, 1, 1, 1, 2, 0, 2, 2, 1, 2, 0, 0, 0, 2, 2, 1, 0, 2, 0, 2, 2, 1, 0, 1, 1, 1, 0, 0, 1, 0, 2, 1, 2, 2, 0, 1, 1, 1, 0, 2, 0, 2, 1, 0, 0, 2, 0, 0, 2, 0, 2, 1, 0, 0, 2, 1, 0, 2, 2, 0, 2, 2, 0, 1, 2, 1, 1, 0, 0, 1, 1, 1, 1, 2, 2, 1, 1, 1, 1, 0, 0, 0, 0, 0, 1, 0, 1, 2, 1, 0, 1, 1, 1, 1]|[0, 3, 0, 2, 4, 1, 4, 4, 2, 4, 1, 2, 1, 0, 2, 1, 1, 1, 2, 1, 1, 3, 0, 1, 0, 1, 1, 4, 1, 4, 3, 2, 2, 0, 4, 1, 1, 4, 0, 1, 2, 2, 4, 4, 1, 1, 0, 2, 3, 1, 2, 1, 2, 1, 1, 2, 0, 3, 0, 2, 2, 3, 1, 0, 1, 0, 0, 1, 2, 4, 1, 3, 4, 2, 0, 4, 3, 3, 3, 1, 1, 4, 3, 4, 3, 2, 2, 2, 2, 2, 4, 2, 3, 1, 1, 2, 3, 4, 4, 4]|[0, 2, 0, 1, 3, 0, 1, 3, 0, 0, 0, 0, 1, 0, 1, 0, 0, 0, 1, 0, 0, 2, 0, 0, 1, 0, 0, 3, 0, 1, 0, 2, 0, 0, 3, 0, 1, 3, 1, 0, 0, 1, 1, 3, 0, 0, 1, 0, 2, 0, 0, 0, 0, 0, 1, 0, 0, 0, 1, 1, 0, 2, 0, 0, 0, 1, 0, 0, 0, 2, 0, 0, 1, 0, 1, 2, 0, 0, 3, 0, 0, 1, 0, 3, 0, 0, 0, 0, 0, 0, 2, 0, 0, 0, 1, 0, 0, 2, 1, 2],849.1600847896,52665.45944461304,110988.44662361272,false
10,G3_TWC,G3_TWC,[31, 22, 82, 15, 26, 9, 95, 42, 77, 12, 47, 5, 93, 78, 86, 54, 85, 63, 18, 44, 20, 35, 43, 97, 91, 76, 10, 30, 21, 45, 71, 64, 1, 23, 17, 83, 24, 14, 60, 36, 41, 57, 40, 88, 65, 56, 79, 94, 67, 68, 46, 75, 38, 58, 19, 32, 81, 6, 27, 62, 87, 90, 99, 59, 11, 16, 72, 73, 69, 39, 37, 84, 3, 92, 25, 55, 28, 29, 51, 7, 66, 61, 98, 48, 89, 8, 33, 96, 53, 80, 50, 4, 34, 2, 52, 13, 0, 70, 74, 49]|[1, 1, 0, 1, 1, 0, 1, 2, 2, 1, 2, 2, 2, 1, 1, 0, 0, 1, 0, 2, 2, 0, 1, 2, 0, 1, 2, 2, 0, 0, 1, 2, 1, 2, 1, 0, 2, 0, 1, 1, 0, 1, 1, 1, 0, 2, 1, 1, 0, 0, 0, 0, 1, 1, 2, 1, 2, 0, 0, 0, 2, 1, 0, 1, 2, 1, 2, 1, 1, 1, 1, 1, 1, 0, 1, 1, 0, 0, 0, 1, 2, 1, 2, 0, 1, 0, 2, 0, 0, 0, 0, 0, 2, 0, 1, 0, 0, 1, 2, 0]|[4, 3, 2, 2, 4, 1, 2, 2, 2, 4, 1, 1, 2, 4, 4, 1, 2, 4, 2, 1, 1, 1, 1, 2, 1, 2, 1, 1, 1, 1, 3, 2, 3, 0, 4, 0, 1, 1, 0, 3, 2, 2, 2, 0, 1, 1, 0, 4, 0, 1, 2, 2, 1, 4, 0, 3, 2, 1, 1, 2, 1, 3, 1, 1, 1, 3, 0, 4, 3, 1, 4, 1, 1, 0, 4, 4, 2, 1, 1, 1, 1, 3, 1, 1, 1, 1, 1, 1, 2, 1, 1, 2, 1, 2, 1, 2, 2, 4, 1, 1]|[0, 2, 1, 1, 3, 0, 1, 0, 0, 0, 0, 0, 1, 0, 1, 0, 0, 3, 1, 0, 0, 0, 3, 1, 0, 2, 0, 0, 0, 1, 0, 0, 0, 0, 3, 0, 1, 0, 0, 2, 1, 1, 1, 0, 0, 0, 0, 2, 1, 0, 0, 0, 1, 3, 0, 0, 1, 0, 0, 1, 0, 2, 0, 1, 0, 2, 1, 0, 0, 1, 1, 3, 1, 1, 3, 3, 1, 0, 0, 2, 0, 0, 0, 0, 1, 0, 0, 0, 1, 0, 0, 1, 0, 0, 1, 0, 0, 2, 0, 1],828.6150361188287,57498.909092636255,92558.71763620913,false
10,G1_CMAX,G1_CMAX,[31, 22, 82, 15, 26, 9, 95, 42, 77, 12, 47, 5, 93, 78, 86, 54, 6, 63, 18, 44, 20, 35, 43, 97, 91, 76, 10, 30, 21, 45, 64, 1, 23, 17, 83, 24, 14, 60, 36, 13, 75, 46, 68, 67, 69, 79, 56, 65, 88, 40, 57, 85, 58, 19, 32, 81, 48, 27, 62, 87, 90, 99, 59, 11, 16, 72, 73, 71, 70, 39, 37, 84, 3, 98, 29, 28, 55, 25, 92, 7, 33, 61, 53, 41, 89, 50, 8, 96, 51, 80, 34, 4, 66, 2, 52, 49, 0, 94, 74, 38]|[1, 1, 0, 1, 1, 0, 1, 2, 2, 1, 2, 2, 2, 1, 1, 0, 0, 1, 0, 2, 2, 0, 1, 2, 0, 1, 2, 2, 0, 0, 2, 1, 2, 1, 0, 2, 2, 1, 1, 0, 0, 0, 0, 0, 2, 1, 2, 0, 1, 1, 1, 0, 1, 2, 1, 2, 1, 0, 0, 2, 1, 0, 1, 2, 1, 2, 1, 1, 1, 1, 1, 1, 1, 0, 0, 0, 1, 1, 0, 1, 0, 1, 0, 1, 1, 0, 1, 0, 0, 0, 2, 1, 2, 0, 1, 0, 0, 2, 2, 1]|[0, 3, 2, 2, 4, 1, 2, 2, 2, 4, 1, 1, 2, 4, 4, 1, 2, 4, 2, 1, 1, 1, 1, 2, 1, 2, 1, 1, 1, 1, 2, 3, 0, 4, 0, 1, 2, 0, 3, 2, 2, 2, 1, 0, 2, 0, 1, 1, 0, 2, 2, 2, 0, 0, 3, 2, 4, 1, 2, 2, 3, 1, 1, 1, 3, 0, 4, 3, 3, 1, 4, 1, 1, 1, 1, 2, 4, 4, 0, 1, 2, 3, 2, 4, 1, 1, 3, 1, 1, 1, 1, 4, 1, 2, 1, 1, 2, 2, 1, 1]|[0, 2, 1, 1, 3, 0, 1, 0, 0, 0, 0, 0, 1, 0, 1, 0, 1, 3, 1, 0, 0, 0, 3, 1, 0, 2, 0, 0, 0, 1, 0, 0, 0, 3, 0, 1, 1, 0, 2, 0, 0, 0, 0, 1, 0, 0, 0, 0, 0, 1, 1, 0, 3, 0, 0, 1, 2, 0, 1, 0, 2, 0, 1, 0, 2, 1, 0, 0, 0, 1, 1, 3, 1, 0, 0, 1, 3, 3, 1, 2, 1, 0, 1, 3, 1, 0, 2, 0, 0, 0, 0, 0, 0, 0, 1, 1, 0, 0, 0, 1],740.6648699319737,58345.503832923176,99227.13002615936,false
10,G4_BALANCED,G4_BALANCED,[31, 22, 82, 15, 26, 58, 95, 42, 77, 12, 47, 5, 93, 78, 86, 54, 85, 63, 18, 44, 20, 35, 43, 97, 91, 76, 10, 30, 21, 45, 71, 64, 1, 23, 17, 83, 24, 14, 60, 36, 6, 57, 40, 88, 65, 56, 79, 94, 67, 68, 46, 75, 38, 9, 19, 32, 81, 41, 27, 62, 87, 90, 99, 59, 11, 16, 72, 73, 70, 39, 37, 84, 3, 92, 25, 34, 28, 29, 51, 7, 66, 61, 98, 48, 89, 50, 4, 96, 53, 80, 8, 33, 55, 2, 52, 13, 0, 69, 74, 49]|[1, 1, 0, 1, 1, 0, 1, 2, 2, 1, 2, 2, 2, 1, 1, 0, 0, 1, 0, 2, 2, 0, 1, 2, 0, 1, 2, 2, 0, 0, 1, 2, 1, 2, 1, 0, 2, 0, 1, 1, 0, 1, 1, 1, 0, 2, 1, 1, 0, 0, 0, 0, 1, 1, 2, 1, 2, 0, 0, 0, 2, 1, 0, 1, 2, 1, 2, 1, 1, 1, 1, 1, 1, 0, 1, 2, 0, 0, 0, 1, 2, 1, 2, 0, 1, 0, 1, 2, 0, 0, 1, 2, 2, 0, 1, 0, 0, 1, 2, 0]|[4, 3, 2, 2, 4, 1, 2, 2, 2, 4, 1, 1, 2, 4, 4, 1, 2, 4, 2, 1, 1, 1, 1, 2, 1, 2, 1, 1, 1, 1, 3, 2, 3, 1, 4, 0, 1, 1, 0, 3, 2, 2, 2, 0, 1, 1, 0, 4, 0, 1, 2, 2, 1, 4, 0, 3, 2, 1, 1, 2, 1, 3, 1, 1, 1, 3, 0, 4, 3, 1, 4, 1, 1, 0, 4, 1, 2, 1, 1, 1, 1, 3, 1, 1, 1, 1, 4, 1, 2, 1, 3, 1, 1, 2, 1, 2, 2, 4, 1, 1]|[0, 2, 1, 1, 3, 0, 1, 0, 0, 0, 0, 0, 1, 0, 1, 0, 0, 3, 1, 0, 0, 0, 3, 1, 0, 2, 0, 0, 0, 1, 0, 0, 0, 0, 3, 0, 1, 0, 0, 2, 1, 1, 1, 0, 0, 0, 0, 2, 1, 0, 0, 0, 1, 3, 0, 0, 1, 0, 0, 1, 0, 2, 0, 1, 0, 2, 1, 0, 0, 1, 1, 3, 1, 1, 3, 0, 1, 0, 0, 2, 0, 0, 0, 0, 1, 0, 0, 0, 1, 0, 2, 0, 0, 0, 1, 0, 0, 2, 0, 1],748.9199420531638,56515.33843988122,94927.95154690758,false
10,G2_TEC,G2_TEC,[31, 22, 82, 15, 26, 9, 95, 42, 77, 68, 47, 5, 93, 78, 86, 54, 85, 63, 18, 44, 20, 49, 36, 14, 74, 50, 53, 17, 21, 45, 71, 64, 3, 23, 30, 83, 24, 41, 60, 52, 65, 27, 90, 70, 39, 87, 48, 69, 99, 4, 46, 1, 13, 58, 97, 59, 28, 8, 73, 37, 35, 79, 11, 66, 76, 57, 40, 80, 96, 6, 16, 61, 33, 98, 32, 81, 62, 67, 10, 7, 56, 88, 51, 19, 91, 38, 75, 92, 25, 84, 2, 12, 29, 43, 89, 55, 0, 94, 34, 72]|[2, 1, 2, 1, 1, 2, 1, 1, 1, 1, 1, 0, 2, 2, 1, 2, 0, 0, 0, 2, 2, 1, 0, 2, 0, 2, 2, 1, 0, 1, 1, 1, 0, 0, 1, 0, 2, 1, 2, 2, 0, 0, 1, 1, 0, 2, 0, 2, 1, 0, 0, 2, 2, 0, 2, 0, 2, 1, 0, 0, 2, 1, 0, 2, 2, 0, 2, 2, 0, 1, 2, 1, 1, 0, 0, 1, 1, 1, 1, 2, 2, 1, 1, 1, 1, 0, 0, 0, 1, 0, 2, 1, 1, 1, 1, 0, 0, 1, 1, 1]|[0, 3, 0, 2, 4, 1, 4, 4, 2, 4, 3, 2, 1, 0, 2, 1, 1, 1, 2, 1, 1, 3, 0, 1, 0, 1, 1, 4, 1, 4, 3, 2, 2, 0, 4, 1, 1, 4, 0, 1, 2, 1, 4, 4, 1, 1, 0, 2, 3, 1, 2, 1, 2, 2, 1, 2, 0, 3, 0, 2, 2, 3, 1, 0, 1, 2, 0, 1, 2, 4, 1, 3, 4, 2, 2, 4, 3, 3, 3, 1, 1, 4, 3, 4, 3, 2, 2, 2, 4, 2, 1, 3, 3, 4, 4, 2, 2, 4, 1, 4]|[0, 2, 0, 1, 3, 0, 1, 3, 0, 0, 2, 0, 1, 0, 1, 0, 0, 0, 1, 0, 0, 2, 0, 0, 1, 0, 0, 3, 0, 1, 0, 2, 0, 0, 3, 0, 1, 3, 1, 0, 0, 0, 1, 3, 0, 0, 1, 0, 2, 0, 0, 0, 0, 0, 1, 0, 0, 0, 1, 1, 0, 2, 0, 0, 0, 0, 0, 0, 0, 2, 0, 0, 1, 0, 0, 2, 0, 0, 3, 0, 0, 1, 0, 3, 0, 0, 0, 0, 3, 0, 0, 0, 0, 2, 1, 0, 0, 2, 1, 2],886.7870637778938,51982.18484653672,112309.1752216169,false
10,G3_TWC,G3_TWC,[31, 22, 82, 15, 26, 9, 95, 42, 77, 12, 47, 5, 93, 78, 86, 54, 85, 63, 18, 44, 20, 35, 43, 97, 91, 76, 10, 30, 21, 45, 71, 64, 1, 23, 17, 83, 24, 14, 60, 36, 41, 57, 40, 88, 65, 56, 79, 94, 67, 68, 46, 75, 38, 58, 19, 32, 81, 6, 27, 62, 87, 90, 99, 59, 11, 16, 72, 73, 69, 39, 37, 84, 3, 92, 25, 55, 28, 29, 51, 7, 66, 61, 98, 48, 89, 8, 33, 96, 53, 80, 50, 4, 34, 2, 52, 13, 0, 70, 74, 49]|[1, 1, 0, 1, 1, 0, 1, 2, 2, 1, 2, 2, 2, 1, 1, 0, 0, 1, 0, 2, 2, 0, 1, 2, 0, 1, 2, 2, 0, 0, 1, 2, 1, 2, 1, 0, 2, 0, 1, 1, 0, 1, 1, 1, 0, 2, 1, 1, 0, 0, 0, 0, 1, 1, 2, 1, 2, 0, 0, 0, 2, 1, 0, 1, 2, 1, 2, 1, 1, 1, 1, 1, 1, 0, 1, 1, 0, 0, 0, 1, 2, 1, 2, 0, 1, 0, 2, 0, 0, 0, 0, 0, 2, 0, 1, 0, 0, 1, 2, 0]|[4, 3, 2, 2, 4, 1, 2, 2, 2, 4, 1, 1, 2, 4, 4, 1, 2, 4, 2, 1, 1, 1, 1, 2, 1, 2, 1, 1, 1, 1, 3, 2, 3, 0, 4, 0, 1, 1, 0, 3, 2, 2, 2, 0, 1, 1, 0, 4, 0, 1, 2, 2, 1, 4, 0, 3, 2, 1, 1, 2, 1, 3, 1, 1, 1, 3, 0, 4, 3, 1, 4, 1, 1, 0, 4, 4, 2, 1, 1, 1, 1, 3, 1, 1, 1, 1, 1, 1, 2, 1, 1, 2, 1, 2, 1, 2, 2, 4, 1, 1]|[0, 2, 1, 1, 3, 0, 1, 0, 0, 0, 0, 0, 1, 0, 1, 0, 0, 3, 1, 0, 0, 0, 3, 1, 0, 2, 0, 0, 0, 1, 0, 0, 0, 0, 3, 0, 1, 0, 0, 2, 1, 1, 1, 0, 0, 0, 0, 2, 1, 0, 0, 0, 1, 3, 0, 0, 1, 0, 0, 1, 0, 2, 0, 1, 0, 2, 1, 0, 0, 1, 1, 3, 1, 1, 3, 3, 1, 0, 0, 2, 0, 0, 0, 0, 1, 0, 0, 0, 1, 0, 0, 1, 0, 0, 1, 0, 0, 2, 0, 1],828.6150361188287,57498.909092636255,92558.71763620913,false
10,G1_CMAX,G1_CMAX,[31, 22, 82, 15, 26, 9, 95, 42, 77, 12, 47, 5, 93, 78, 86, 54, 6, 63, 18, 44, 20, 35, 43, 97, 91, 76, 10, 30, 21, 45, 64, 1, 23, 17, 83, 24, 14, 60, 36, 13, 75, 46, 68, 67, 69, 79, 56, 65, 88, 40, 57, 85, 58, 19, 32, 81, 48, 27, 62, 87, 90, 99, 59, 11, 16, 72, 73, 71, 70, 39, 37, 84, 3, 98, 29, 28, 55, 25, 92, 7, 33, 61, 53, 41, 89, 50, 8, 96, 51, 80, 34, 4, 66, 2, 52, 49, 0, 94, 74, 38]|[1, 1, 0, 1, 1, 0, 1, 2, 2, 1, 2, 2, 2, 1, 1, 0, 0, 1, 0, 2, 2, 0, 1, 2, 0, 1, 2, 2, 0, 0, 2, 1, 2, 1, 0, 2, 2, 1, 1, 0, 0, 0, 0, 0, 2, 1, 2, 0, 1, 1, 1, 0, 1, 2, 1, 2, 1, 0, 0, 2, 1, 0, 1, 2, 1, 2, 1, 1, 1, 1, 1, 1, 1, 0, 0, 0, 1, 1, 0, 1, 0, 1, 0, 1, 1, 0, 1, 0, 0, 0, 2, 1, 2, 0, 1, 0, 0, 2, 2, 1]|[0, 3, 2, 2, 4, 1, 2, 2, 2, 4, 1, 1, 2, 4, 4, 1, 2, 4, 2, 1, 1, 1, 1, 2, 1, 2, 1, 1, 1, 1, 2, 3, 0, 4, 0, 1, 2, 0, 3, 2, 2, 2, 1, 0, 2, 0, 1, 1, 0, 2, 2, 2, 0, 0, 3, 2, 4, 1, 2, 2, 3, 1, 1, 1, 3, 0, 4, 3, 3, 1, 4, 1, 1, 1, 1, 2, 4, 4, 0, 1, 2, 3, 2, 4, 1, 1, 3, 1, 1, 1, 1, 4, 1, 2, 1, 1, 2, 2, 1, 1]|[0, 2, 1, 1, 3, 0, 1, 0, 0, 0, 0, 0, 1, 0, 1, 0, 1, 3, 1, 0, 0, 0, 3, 1, 0, 2, 0, 0, 0, 1, 0, 0, 0, 3, 0, 1, 1, 0, 2, 0, 0, 0, 0, 1, 0, 0, 0, 0, 0, 1, 1, 0, 3, 0, 0, 1, 2, 0, 1, 0, 2, 0, 1, 0, 2, 1, 0, 0, 0, 1, 1, 3, 1, 0, 0, 1, 3, 3, 1, 2, 1, 0, 1, 3, 1, 0, 2, 0, 0, 0, 0, 0, 0, 0, 1, 1, 0, 0, 0, 1],740.6648699319737,58345.503832923176,99227.13002615936,false
10,G4_BALANCED,G4_BALANCED,[31, 22, 82, 15, 26, 58, 95, 42, 77, 12, 47, 5, 93, 78, 86, 54, 85, 63, 18, 44, 20, 35, 43, 97, 91, 76, 10, 30, 21, 45, 71, 64, 1, 23, 17, 83, 24, 14, 60, 36, 6, 57, 40, 88, 65, 56, 79, 94, 67, 68, 46, 75, 38, 9, 19, 32, 81, 41, 27, 62, 87, 90, 99, 59, 11, 16, 72, 73, 70, 39, 37, 84, 3, 92, 25, 34, 28, 29, 51, 7, 66, 61, 98, 48, 89, 50, 4, 96, 53, 80, 8, 33, 55, 2, 52, 13, 0, 69, 74, 49]|[1, 1, 0, 1, 1, 0, 1, 2, 2, 1, 2, 2, 2, 1, 1, 0, 0, 1, 0, 2, 2, 0, 1, 2, 0, 1, 2, 2, 0, 0, 1, 2, 1, 2, 1, 0, 2, 0, 1, 1, 0, 1, 1, 1, 0, 2, 1, 1, 0, 0, 0, 0, 1, 1, 2, 1, 2, 0, 0, 0, 2, 1, 0, 1, 2, 1, 2, 1, 1, 1, 1, 1, 1, 0, 1, 2, 0, 0, 0, 1, 2, 1, 2, 0, 1, 0, 1, 2, 0, 0, 1, 2, 2, 0, 1, 0, 0, 1, 2, 0]|[4, 3, 2, 2, 4, 1, 2, 2, 2, 4, 1, 1, 2, 4, 4, 1, 2, 4, 2, 1, 1, 1, 1, 2, 1, 2, 1, 1, 1, 1, 3, 2, 3, 1, 4, 0, 1, 1, 0, 3, 2, 2, 2, 0, 1, 1, 0, 4, 0, 1, 2, 2, 1, 4, 0, 3, 2, 1, 1, 2, 1, 3, 1, 1, 1, 3, 0, 4, 3, 1, 4, 1, 1, 0, 4, 1, 2, 1, 1, 1, 1, 3, 1, 1, 1, 1, 4, 1, 2, 1, 3, 1, 1, 2, 1, 2, 2, 4, 1, 1]|[0, 2, 1, 1, 3, 0, 1, 0, 0, 0, 0, 0, 1, 0, 1, 0, 0, 3, 1, 0, 0, 0, 3, 1, 0, 2, 0, 0, 0, 1, 0, 0, 0, 0, 3, 0, 1, 0, 0, 2, 1, 1, 1, 0, 0, 0, 0, 2, 1, 0, 0, 0, 1, 3, 0, 0, 1, 0, 0, 1, 0, 2, 0, 1, 0, 2, 1, 0, 0, 1, 1, 3, 1, 1, 3, 0, 1, 0, 0, 2, 0, 0, 0, 0, 1, 0, 0, 0, 1, 0, 2, 0, 0, 0, 1, 0, 0, 2, 0, 1],748.9199420531638,56515.33843988122,94927.95154690758,false
10,G2_TEC,G2_TEC,[31, 22, 82, 15, 26, 9, 95, 42, 77, 68, 47, 5, 93, 78, 86, 54, 85, 63, 18, 44, 20, 49, 36, 14, 74, 50, 53, 17, 21, 45, 71, 64, 3, 23, 30, 83, 24, 41, 60, 52, 65, 27, 90, 70, 39, 87, 48, 69, 99, 4, 46, 1, 13, 58, 97, 59, 28, 8, 73, 37, 35, 79, 11, 66, 76, 57, 40, 80, 96, 6, 16, 61, 33, 98, 32, 81, 62, 67, 10, 7, 56, 88, 51, 19, 91, 38, 75, 92, 25, 84, 2, 12, 29, 43, 89, 55, 0, 94, 34, 72]|[2, 1, 2, 1, 1, 2, 1, 1, 1, 1, 1, 0, 2, 2, 1, 2, 0, 0, 0, 2, 2, 1, 0, 2, 0, 2, 2, 1, 0, 1, 1, 1, 0, 0, 1, 0, 2, 1, 2, 2, 0, 0, 1, 1, 0, 2, 0, 2, 1, 0, 0, 2, 2, 0, 2, 0, 2, 1, 0, 0, 2, 1, 0, 2, 2, 0, 2, 2, 0, 1, 2, 1, 1, 0, 0, 1, 1, 1, 1, 2, 2, 1, 1, 1, 1, 0, 0, 0, 1, 0, 2, 1, 1, 1, 1, 0, 0, 1, 1, 1]|[0, 3, 0, 2, 4, 1, 4, 4, 2, 4, 3, 2, 1, 0, 2, 1, 1, 1, 2, 1, 1, 3, 0, 1, 0, 1, 1, 4, 1, 4, 3, 2, 2, 0, 4, 1, 1, 4, 0, 1, 2, 1, 4, 4, 1, 1, 0, 2, 3, 1, 2, 1, 2, 2, 1, 2, 0, 3, 0, 2, 2, 3, 1, 0, 1, 2, 0, 1, 2, 4, 1, 3, 4, 2, 2, 4, 3, 3, 3, 1, 1, 4, 3, 4, 3, 2, 2, 2, 4, 2, 1, 3, 3, 4, 4, 2, 2, 4, 1, 4]|[0, 2, 0, 1, 3, 0, 1, 3, 0, 0, 2, 0, 1, 0, 1, 0, 0, 0, 1, 0, 0, 2, 0, 0, 1, 0, 0, 3, 0, 1, 0, 2, 0, 0, 3, 0, 1, 3, 1, 0, 0, 0, 1, 3, 0, 0, 1, 0, 2, 0, 0, 0, 0, 0, 1, 0, 0, 0, 1, 1, 0, 2, 0, 0, 0, 0, 0, 0, 0, 2, 0, 0, 1, 0, 0, 2, 0, 0, 3, 0, 0, 1, 0, 3, 0, 0, 0, 0, 3, 0, 0, 0, 0, 2, 1, 0, 0, 2, 1, 2],886.7870637778938,51982.18484653672,112309.1752216169,false
10,G3_TWC,G3_TWC,[31, 22, 82, 15, 26, 9, 95, 42, 77, 12, 47, 5, 93, 78, 86, 54, 85, 63, 18, 44, 20, 35, 43, 97, 91, 76, 10, 30, 21, 45, 71, 64, 1, 23, 17, 83, 24, 14, 60, 36, 41, 57, 40, 88, 65, 56, 79, 94, 67, 68, 46, 75, 38, 58, 19, 32, 81, 6, 27, 62, 87, 90, 99, 59, 11, 16, 72, 73, 69, 39, 37, 84, 3, 92, 25, 55, 28, 29, 51, 7, 66, 61, 98, 48, 89, 8, 33, 96, 53, 80, 50, 4, 34, 2, 52, 13, 0, 70, 74, 49]|[1, 1, 0, 1, 1, 0, 1, 2, 2, 1, 2, 2, 2, 1, 1, 0, 0, 1, 0, 2, 2, 0, 1, 2, 0, 1, 2, 2, 0, 0, 1, 2, 1, 2, 1, 0, 2, 0, 1, 1, 0, 1, 1, 1, 0, 2, 1, 1, 0, 0, 0, 0, 1, 1, 2, 1, 2, 0, 0, 0, 2, 1, 0, 1, 2, 1, 2, 1, 1, 1, 1, 1, 1, 0, 1, 1, 0, 0, 0, 1, 2, 1, 2, 0, 1, 0, 2, 0, 0, 0, 0, 0, 2, 0, 1, 0, 0, 1, 2, 0]|[4, 3, 2, 2, 4, 1, 2, 2, 2, 4, 1, 1, 2, 4, 4, 1, 2, 4, 2, 1, 1, 1, 1, 2, 1, 2, 1, 1, 1, 1, 3, 2, 3, 0, 4, 0, 1, 1, 0, 3, 2, 2, 2, 0, 1, 1, 0, 4, 0, 1, 2, 2, 1, 4, 0, 3, 2, 1, 1, 2, 1, 3, 1, 1, 1, 3, 0, 4, 3, 1, 4, 1, 1, 0, 4, 4, 2, 1, 1, 1, 1, 3, 1, 1, 1, 1, 1, 1, 2, 1, 1, 2, 1, 2, 1, 2, 2, 4, 1, 1]|[0, 2, 1, 1, 3, 0, 1, 0, 0, 0, 0, 0, 1, 0, 1, 0, 0, 3, 1, 0, 0, 0, 3, 1, 0, 2, 0, 0, 0, 1, 0, 0, 0, 0, 3, 0, 1, 0, 0, 2, 1, 1, 1, 0, 0, 0, 0, 2, 1, 0, 0, 0, 1, 3, 0, 0, 1, 0, 0, 1, 0, 2, 0, 1, 0, 2, 1, 0, 0, 1, 1, 3, 1, 1, 3, 3, 1, 0, 0, 2, 0, 0, 0, 0, 1, 0, 0, 0, 1, 0, 0, 1, 0, 0, 1, 0, 0, 2, 0, 1],828.6150361188287,57498.909092636255,92558.71763620913,false
10,G1_CMAX,G1_CMAX,[31, 22, 82, 15, 26, 9, 95, 42, 77, 12, 47, 5, 93, 78, 86, 54, 6, 63, 18, 44, 20, 35, 43, 97, 91, 76, 10, 30, 21, 45, 64, 1, 23, 17, 83, 24, 14, 60, 36, 13, 75, 46, 68, 67, 69, 79, 56, 65, 88, 40, 57, 85, 58, 19, 32, 81, 48, 27, 62, 87, 90, 99, 59, 11, 16, 72, 73, 71, 70, 39, 37, 84, 3, 98, 29, 28, 55, 25, 92, 7, 33, 61, 53, 41, 89, 50, 8, 96, 51, 80, 34, 4, 66, 2, 52, 49, 0, 94, 74, 38]|[1, 1, 0, 1, 1, 0, 1, 2, 2, 1, 2, 2, 2, 1, 1, 0, 0, 1, 0, 2, 2, 0, 1, 2, 0, 1, 2, 2, 0, 0, 2, 1, 2, 1, 0, 2, 2, 1, 1, 0, 0, 0, 0, 0, 2, 1, 2, 0, 1, 1, 1, 0, 1, 2, 1, 2, 1, 0, 0, 2, 1, 0, 1, 2, 1, 2, 1, 1, 1, 1, 1, 1, 1, 0, 0, 0, 1, 1, 0, 1, 0, 1, 0, 1, 1, 0, 1, 0, 0, 0, 2, 1, 2, 0, 1, 0, 0, 2, 2, 1]|[0, 3, 2, 2, 4, 1, 2, 2, 2, 4, 1, 1, 2, 4, 4, 1, 2, 4, 2, 1, 1, 1, 1, 2, 1, 2, 1, 1, 1, 1, 2, 3, 0, 4, 0, 1, 2, 0, 3, 2, 2, 2, 1, 0, 2, 0, 1, 1, 0, 2, 2, 2, 0, 0, 3, 2, 4, 1, 2, 2, 3, 1, 1, 1, 3, 0, 4, 3, 3, 1, 4, 1, 1, 1, 1, 2, 4, 4, 0, 1, 2, 3, 2, 4, 1, 1, 3, 1, 1, 1, 1, 4, 1, 2, 1, 1, 2, 2, 1, 1]|[0, 2, 1, 1, 3, 0, 1, 0, 0, 0, 0, 0, 1, 0, 1, 0, 1, 3, 1, 0, 0, 0, 3, 1, 0, 2, 0, 0, 0, 1, 0, 0, 0, 3, 0, 1, 1, 0, 2, 0, 0, 0, 0, 1, 0, 0, 0, 0, 0, 1, 1, 0, 3, 0, 0, 1, 2, 0, 1, 0, 2, 0, 1, 0, 2, 1, 0, 0, 0, 1, 1, 3, 1, 0, 0, 1, 3, 3, 1, 2, 1, 0, 1, 3, 1, 0, 2, 0, 0, 0, 0, 0, 0, 0, 1, 1, 0, 0, 0, 1],740.6648699319737,58345.503832923176,99227.13002615936,false
10,G4_BALANCED,G4_BALANCED,[31, 22, 82, 15, 26, 58, 95, 42, 77, 12, 47, 5, 93, 78, 86, 54, 85, 63, 18, 44, 20, 35, 43, 97, 91, 76, 10, 30, 21, 45, 71, 64, 1, 23, 17, 83, 24, 14, 60, 36, 6, 57, 40, 88, 65, 56, 79, 94, 67, 68, 46, 75, 38, 9, 19, 32, 81, 41, 27, 62, 87, 90, 99, 59, 11, 16, 72, 73, 70, 39, 37, 84, 3, 92, 25, 34, 28, 29, 51, 7, 66, 61, 98, 48, 89, 50, 4, 96, 53, 80, 8, 33, 55, 2, 52, 13, 0, 69, 74, 49]|[1, 1, 0, 1, 1, 0, 1, 2, 2, 1, 2, 2, 2, 1, 1, 0, 0, 1, 0, 2, 2, 0, 1, 2, 0, 1, 2, 2, 0, 0, 1, 2, 1, 2, 1, 0, 2, 0, 1, 1, 0, 1, 1, 1, 0, 2, 1, 1, 0, 0, 0, 0, 1, 1, 2, 1, 2, 0, 0, 0, 2, 1, 0, 1, 2, 1, 2, 1, 1, 1, 1, 1, 1, 0, 1, 2, 0, 0, 0, 1, 2, 1, 2, 0, 1, 0, 1, 2, 0, 0, 1, 2, 2, 0, 1, 0, 0, 1, 2, 0]|[4, 3, 2, 2, 4, 1, 2, 2, 2, 4, 1, 1, 2, 4, 4, 1, 2, 4, 2, 1, 1, 1, 1, 2, 1, 2, 1, 1, 1, 1, 3, 2, 3, 1, 4, 0, 1, 1, 0, 3, 2, 2, 2, 0, 1, 1, 0, 4, 0, 1, 2, 2, 1, 4, 0, 3, 2, 1, 1, 2, 1, 3, 1, 1, 1, 3, 0, 4, 3, 1, 4, 1, 1, 0, 4, 1, 2, 1, 1, 1, 1, 3, 1, 1, 1, 1, 4, 1, 2, 1, 3, 1, 1, 2, 1, 2, 2, 4, 1, 1]|[0, 2, 1, 1, 3, 0, 1, 0, 0, 0, 0, 0, 1, 0, 1, 0, 0, 3, 1, 0, 0, 0, 3, 1, 0, 2, 0, 0, 0, 1, 0, 0, 0, 0, 3, 0, 1, 0, 0, 2, 1, 1, 1, 0, 0, 0, 0, 2, 1, 0, 0, 0, 1, 3, 0, 0, 1, 0, 0, 1, 0, 2, 0, 1, 0, 2, 1, 0, 0, 1, 1, 3, 1, 1, 3, 0, 1, 0, 0, 2, 0, 0, 0, 0, 1, 0, 0, 0, 1, 0, 2, 0, 0, 0, 1, 0, 0, 2, 0, 1],748.9199420531638,56515.33843988122,94927.95154690758,false
10,G2_TEC,G4_BALANCED,[31, 22, 82, 15, 26, 58, 95, 42, 77, 12, 47, 5, 93, 78, 86, 54, 85, 63, 18, 44, 20, 35, 43, 97, 91, 76, 10, 30, 21, 45, 71, 64, 1, 23, 17, 83, 24, 14, 60, 36, 6, 57, 40, 88, 65, 56, 79, 94, 67, 68, 46, 75, 38, 9, 19, 32, 81, 41, 27, 62, 87, 90, 99, 59, 11, 16, 72, 73, 70, 39, 37, 84, 3, 92, 25, 55, 28, 29, 51, 7, 33, 61, 98, 48, 89, 50, 8, 96, 53, 80, 4, 66, 34, 2, 52, 13, 0, 69, 74, 49]|[1, 1, 0, 1, 1, 0, 1, 2, 2, 1, 2, 2, 2, 1, 1, 0, 0, 1, 0, 2, 2, 0, 1, 2, 0, 1, 2, 2, 0, 0, 1, 2, 1, 2, 1, 0, 2, 0, 1, 1, 0, 1, 1, 1, 0, 2, 1, 1, 0, 0, 0, 0, 1, 1, 2, 1, 2, 0, 0, 0, 2, 1, 0, 1, 2, 1, 2, 1, 1, 1, 1, 1, 1, 0, 1, 2, 0, 0, 0, 1, 2, 1, 2, 0, 1, 0, 1, 2, 0, 0, 1, 2, 2, 0, 1, 0, 0, 1, 2, 0]|[4, 3, 2, 2, 4, 1, 2, 2, 2, 4, 1, 1, 2, 4, 4, 1, 2, 4, 2, 1, 1, 1, 1, 2, 1, 2, 1, 1, 1, 1, 3, 2, 3, 1, 4, 0, 1, 1, 0, 3, 2, 2, 2, 0, 1, 1, 0, 4, 0, 1, 2, 2, 1, 4, 0, 3, 2, 1, 1, 2, 1, 3, 1, 1, 1, 3, 0, 4, 3, 1, 4, 1, 1, 0, 4, 1, 2, 1, 1, 1, 1, 3, 1, 1, 1, 1, 3, 1, 2, 1, 4, 1, 1, 2, 1, 2, 2, 4, 1, 1]|[0, 2, 1, 1, 3, 0, 1, 0, 0, 0, 0, 0, 1, 0, 1, 0, 0, 3, 1, 0, 0, 0, 3, 1, 0, 2, 0, 0, 0, 1, 0, 0, 0, 0, 3, 0, 1, 0, 0, 2, 1, 1, 1, 0, 0, 0, 0, 2, 1, 0, 0, 0, 1, 3, 0, 0, 1, 0, 0, 1, 0, 2, 0, 1, 0, 2, 1, 0, 0, 1, 1, 3, 1, 1, 3, 0, 1, 0, 0, 2, 0, 0, 0, 0, 1, 0, 2, 0, 1, 0, 0, 0, 0, 0, 1, 0, 0, 2, 0, 1],748.9199420531638,56524.64432799598,94851.49510658538,true
10,G3_TWC,G3_TWC,[31, 22, 82, 15, 26, 9, 95, 42, 77, 12, 47, 5, 93, 78, 86, 54, 85, 63, 18, 44, 20, 35, 43, 97, 91, 76, 10, 30, 21, 45, 71, 64, 1, 23, 17, 83, 24, 14, 60, 36, 41, 57, 40, 88, 65, 56, 79, 94, 67, 68, 46, 75, 38, 58, 19, 32, 81, 6, 27, 62, 87, 90, 99, 59, 11, 16, 72, 73, 69, 39, 37, 84, 3, 92, 25, 55, 28, 29, 51, 7, 66, 61, 98, 48, 89, 8, 33, 96, 53, 80, 50, 4, 34, 2, 52, 13, 0, 70, 74, 49]|[1, 1, 0, 1, 1, 0, 1, 2, 2, 1, 2, 2, 2, 1, 1, 0, 0, 1, 0, 2, 2, 0, 1, 2, 0, 1, 2, 2, 0, 0, 1, 2, 1, 2, 1, 0, 2, 0, 1, 1, 0, 1, 1, 1, 0, 2, 1, 1, 0, 0, 0, 0, 1, 1, 2, 1, 2, 0, 0, 0, 2, 1, 0, 1, 2, 1, 2, 1, 1, 1, 1, 1, 1, 0, 1, 1, 0, 0, 0, 1, 2, 1, 2, 0, 1, 0, 2, 0, 0, 0, 0, 0, 2, 0, 1, 0, 0, 1, 2, 0]|[4, 3, 2, 2, 4, 1, 2, 2, 2, 4, 1, 1, 2, 4, 4, 1, 2, 4, 2, 1, 1, 1, 1, 2, 1, 2, 1, 1, 1, 1, 3, 2, 3, 0, 4, 0, 1, 1, 0, 3, 2, 2, 2, 0, 1, 1, 0, 4, 0, 1, 2, 2, 1, 4, 0, 3, 2, 1, 1, 2, 1, 3, 1, 1, 1, 3, 0, 4, 3, 1, 4, 1, 1, 0, 4, 4, 2, 1, 1, 1, 1, 3, 1, 1, 1, 1, 1, 1, 2, 1, 1, 2, 1, 2, 1, 2, 2, 4, 1, 1]|[0, 2, 1, 1, 3, 0, 1, 0, 0, 0, 0, 0, 1, 0, 1, 0, 0, 3, 1, 0, 0, 0, 3, 1, 0, 2, 0, 0, 0, 1, 0, 0, 0, 0, 3, 0, 1, 0, 0, 2, 1, 1, 1, 0, 0, 0, 0, 2, 1, 0, 0, 0, 1, 3, 0, 0, 1, 0, 0, 1, 0, 2, 0, 1, 0, 2, 1, 0, 0, 1, 1, 3, 1, 1, 3, 3, 1, 0, 0, 2, 0, 0, 0, 0, 1, 0, 0, 0, 1, 0, 0, 1, 0, 0, 1, 0, 0, 2, 0, 1],828.6150361188287,57498.909092636255,92558.71763620913,false
11,G1_CMAX,G1_CMAX,[31, 22, 82, 15, 26, 9, 95, 42, 77, 12, 47, 5, 93, 78, 86, 54, 6, 63, 18, 44, 20, 35, 43, 97, 91, 76, 10, 30, 21, 45, 64, 1, 23, 17, 83, 24, 14, 60, 36, 13, 75, 46, 68, 67, 69, 79, 56, 65, 88, 40, 57, 85, 58, 19, 32, 81, 48, 27, 62, 87, 90, 99, 59, 11, 16, 72, 73, 71, 70, 39, 37, 84, 3, 98, 29, 28, 55, 25, 92, 7, 33, 61, 53, 41, 89, 50, 8, 96, 51, 80, 34, 4, 66, 2, 52, 49, 0, 94, 74, 38]|[1, 1, 0, 1, 1, 0, 1, 2, 2, 1, 2, 2, 2, 1, 1, 0, 0, 1, 0, 2, 2, 0, 1, 2, 0, 1, 2, 2, 0, 0, 2, 1, 2, 1, 0, 2, 2, 1, 1, 0, 0, 0, 0, 0, 2, 1, 2, 0, 1, 1, 1, 0, 1, 2, 1, 2, 1, 0, 0, 2, 1, 0, 1, 2, 1, 2, 1, 1, 1, 1, 1, 1, 1, 0, 0, 0, 1, 1, 0, 1, 0, 1, 0, 1, 1, 0, 1, 0, 0, 0, 2, 1, 2, 0, 1, 0, 0, 2, 2, 1]|[0, 3, 2, 2, 4, 1, 2, 2, 2, 4, 1, 1, 2, 4, 4, 1, 2, 4, 2, 1, 1, 1, 1, 2, 1, 2, 1, 1, 1, 1, 2, 3, 0, 4, 0, 1, 2, 0, 3, 2, 2, 2, 1, 0, 2, 0, 1, 1, 0, 2, 2, 2, 0, 0, 3, 2, 4, 1, 2, 2, 3, 1, 1, 1, 3, 0, 4, 3, 3, 1, 4, 1, 1, 1, 1, 2, 4, 4, 0, 1, 2, 3, 2, 4, 1, 1, 3, 1, 1, 1, 1, 4, 1, 2, 1, 1, 2, 2, 1, 1]|[0, 2, 1, 1, 3, 0, 1, 0, 0, 0, 0, 0, 1, 0, 1, 0, 1, 3, 1, 0, 0, 0, 3, 1, 0, 2, 0, 0, 0, 1, 0, 0, 0, 3, 0, 1, 1, 0, 2, 0, 0, 0, 0, 1, 0, 0, 0, 0, 0, 1, 1, 0, 3, 0, 0, 1, 2, 0, 1, 0, 2, 0, 1, 0, 2, 1, 0, 0, 0, 1, 1, 3, 1, 0, 0, 1, 3, 3, 1, 2, 1, 0, 1, 3, 1, 0, 2, 0, 0, 0, 0, 0, 0, 0, 1, 1, 0, 0, 0, 1],740.6648699319737,58345.503832923176,99227.13002615936,false
11,G4_BALANCED,G4_BALANCED,[31, 22, 82, 15, 26, 58, 95, 42, 77, 12, 47, 5, 93, 78, 86, 54, 85, 63, 18, 44, 20, 35, 43, 97, 91, 76, 10, 30, 21, 45, 71, 64, 1, 23, 17, 83, 24, 14, 60, 36, 6, 57, 40, 88, 65, 56, 79, 94, 67, 68, 46, 75, 38, 9, 19, 32, 81, 41, 27, 62, 87, 90, 99, 59, 11, 16, 72, 73, 70, 39, 37, 84, 3, 92, 25, 34, 28, 29, 51, 7, 66, 61, 98, 48, 89, 50, 4, 96, 53, 80, 8, 33, 55, 2, 52, 13, 0, 69, 74, 49]|[1, 1, 0, 1, 1, 0, 1, 2, 2, 1, 2, 2, 2, 1, 1, 0, 0, 1, 0, 2, 2, 0, 1, 2, 0, 1, 2, 2, 0, 0, 1, 2, 1, 2, 1, 0, 2, 0, 1, 1, 0, 1, 1, 1, 0, 2, 1, 1, 0, 0, 0, 0, 1, 1, 2, 1, 2, 0, 0, 0, 2, 1, 0, 1, 2, 1, 2, 1, 1, 1, 1, 1, 1, 0, 1, 2, 0, 0, 0, 1, 2, 1, 2, 0, 1, 0, 1, 2, 0, 0, 1, 2, 2, 0, 1, 0, 0, 1, 2, 0]|[4, 3, 2, 2, 4, 1, 2, 2, 2, 4, 1, 1, 2, 4, 4, 1, 2, 4, 2, 1, 1, 1, 1, 2, 1, 2, 1, 1, 1, 1, 3, 2, 3, 1, 4, 0, 1, 1, 0, 3, 2, 2, 2, 0, 1, 1, 0, 4, 0, 1, 2, 2, 1, 4, 0, 3, 2, 1, 1, 2, 1, 3, 1, 1, 1, 3, 0, 4, 3, 1, 4, 1, 1, 0, 4, 1, 2, 1, 1, 1, 1, 3, 1, 1, 1, 1, 4, 1, 2, 1, 3, 1, 1, 2, 1, 2, 2, 4, 1, 1]|[0, 2, 1, 1, 3, 0, 1, 0, 0, 0, 0, 0, 1, 0, 1, 0, 0, 3, 1, 0, 0, 0, 3, 1, 0, 2, 0, 0, 0, 1, 0, 0, 0, 0, 3, 0, 1, 0, 0, 2, 1, 1, 1, 0, 0, 0, 0, 2, 1, 0, 0, 0, 1, 3, 0, 0, 1, 0, 0, 1, 0, 2, 0, 1, 0, 2, 1, 0, 0, 1, 1, 3, 1, 1, 3, 0, 1, 0, 0, 2, 0, 0, 0, 0, 1, 0, 0, 0, 1, 0, 2, 0, 0, 0, 1, 0, 0, 2, 0, 1],748.9199420531638,56515.33843988122,94927.95154690758,false
11,G2_TEC,G2_TEC,[31, 22, 82, 15, 26, 9, 95, 42, 77, 68, 47, 5, 93, 78, 86, 54, 85, 63, 18, 44, 20, 49, 36, 14, 74, 50, 53, 17, 21, 45, 71, 64, 3, 23, 30, 83, 24, 41, 60, 52, 65, 27, 90, 70, 39, 87, 48, 69, 99, 4, 46, 1, 13, 58, 97, 59, 28, 8, 73, 37, 35, 79, 11, 66, 76, 57, 40, 80, 96, 6, 16, 61, 33, 98, 32, 81, 12, 67, 10, 7, 56, 88, 51, 19, 91, 38, 75, 92, 25, 84, 2, 55, 62, 43, 34, 0, 29, 94, 89, 72]|[2, 1, 2, 1, 1, 2, 1, 1, 1, 1, 1, 0, 2, 2, 1, 2, 0, 0, 0, 2, 2, 1, 0, 2, 0, 2, 2, 1, 0, 1, 1, 1, 0, 0, 1, 0, 2, 1, 2, 2, 0, 0, 1, 1, 0, 2, 0, 2, 1, 0, 0, 2, 0, 0, 2, 0, 2, 1, 0, 0, 2, 1, 0, 2, 2, 0, 2, 2, 0, 1, 2, 1, 1, 0, 0, 1, 1, 1, 1, 2, 2, 1, 1, 1, 1, 0, 0, 0, 1, 0, 2, 0, 1, 1, 1, 0, 1, 1, 1, 1]|[0, 3, 0, 2, 4, 1, 4, 4, 2, 4, 3, 2, 1, 0, 2, 1, 1, 1, 2, 1, 1, 3, 0, 1, 0, 1, 1, 4, 1, 4, 3, 2, 2, 0, 4, 1, 1, 4, 0, 1, 2, 1, 4, 4, 1, 1, 0, 2, 3, 1, 2, 1, 2, 1, 1, 2, 0, 3, 0, 2, 2, 3, 1, 0, 1, 2, 0, 1, 2, 4, 1, 3, 4, 2, 2, 4, 3, 3, 3, 1, 1, 4, 3, 4, 3, 2, 2, 2, 4, 2, 1, 2, 3, 4, 1, 2, 3, 4, 4, 4]|[0, 2, 0, 1, 3, 0, 1, 3, 0, 0, 2, 0, 1, 0, 1, 0, 0, 0, 1, 0, 0, 2, 0, 0, 1, 0, 0, 3, 0, 1, 0, 2, 0, 0, 3, 0, 1, 3, 1, 0, 0, 0, 1, 3, 0, 0, 1, 0, 2, 0, 0, 0, 0, 0, 1, 0, 0, 0, 1, 1, 0, 2, 0, 0, 0, 0, 0, 0, 0, 2, 0, 0, 1, 0, 0, 2, 0, 0, 3, 0, 0, 1, 0, 3, 0, 0, 0, 0, 3, 0, 0, 0, 0, 2, 1, 0, 0, 2, 1, 2],919.0847812511198,52134.43501984766,111091.91992033547,false
11,G3_TWC,G3_TWC,[31, 22, 82, 15, 26, 9, 95, 42, 77, 12, 47, 5, 93, 78, 86, 54, 85, 63, 18, 44, 20, 35, 43, 97, 91, 76, 10, 30, 21, 45, 71, 64, 1, 23, 17, 83, 24, 14, 60, 36, 41, 57, 40, 88, 65, 56, 79, 94, 67, 68, 46, 75, 38, 58, 19, 32, 81, 6, 27, 62, 87, 90, 99, 59, 11, 16, 72, 73, 69, 39, 37, 84, 3, 92, 25, 55, 28, 29, 51, 7, 66, 61, 98, 48, 89, 8, 33, 96, 53, 80, 50, 4, 34, 2, 52, 13, 0, 70, 74, 49]|[1, 1, 0, 1, 1, 0, 1, 2, 2, 1, 2, 2, 2, 1, 1, 0, 0, 1, 0, 2, 2, 0, 1, 2, 0, 1, 2, 2, 0, 0, 1, 2, 1, 2, 1, 0, 2, 0, 1, 1, 0, 1, 1, 1, 0, 2, 1, 1, 0, 0, 0, 0, 1, 1, 2, 1, 2, 0, 0, 0, 2, 1, 0, 1, 2, 1, 2, 1, 1, 1, 1, 1, 1, 0, 1, 1, 0, 0, 0, 1, 2, 1, 2, 0, 1, 0, 2, 0, 0, 0, 0, 0, 2, 0, 1, 0, 0, 1, 2, 0]|[4, 3, 2, 2, 4, 1, 2, 2, 2, 4, 1, 1, 2, 4, 4, 1, 2, 4, 2, 1, 1, 1, 1, 2, 1, 2, 1, 1, 1, 1, 3, 2, 3, 0, 4, 0, 1, 1, 0, 3, 2, 2, 2, 0, 1, 1, 0, 4, 0, 1, 2, 2, 1, 4, 0, 3, 2, 1, 1, 2, 1, 3, 1, 1, 1, 3, 0, 4, 3, 1, 4, 1, 1, 0, 4, 4, 2, 1, 1, 1, 1, 3, 1, 1, 1, 1, 1, 1, 2, 1, 1, 2, 1, 2, 1, 2, 2, 4, 1, 1]|[0, 2, 1, 1, 3, 0, 1, 0, 0, 0, 0, 0, 1, 0, 1, 0, 0, 3, 1, 0, 0, 0, 3, 1, 0, 2, 0, 0, 0, 1, 0, 0, 0, 0, 3, 0, 1, 0, 0, 2, 1, 1, 1, 0, 0, 0, 0, 2, 1, 0, 0, 0, 1, 3, 0, 0, 1, 0, 0, 1, 0, 2, 0, 1, 0, 2, 1, 0, 0, 1, 1, 3, 1, 1, 3, 3, 1, 0, 0, 2, 0, 0, 0, 0, 1, 0, 0, 0, 1, 0, 0, 1, 0, 0, 1, 0, 0, 2, 0, 1],828.6150361188287,57498.909092636255,92558.71763620913,false
11,G1_CMAX,G1_CMAX,[31, 22, 82, 15, 26, 9, 95, 42, 77, 12, 47, 5, 93, 78, 86, 54, 6, 63, 18, 44, 20, 35, 43, 97, 91, 76, 10, 30, 21, 45, 64, 1, 23, 17, 83, 24, 14, 60, 36, 13, 75, 46, 68, 67, 69, 79, 56, 65, 88, 40, 57, 85, 58, 19, 32, 81, 48, 27, 62, 87, 90, 99, 59, 11, 16, 72, 73, 71, 70, 39, 37, 84, 3, 98, 29, 28, 55, 25, 92, 7, 33, 61, 53, 41, 89, 50, 8, 96, 51, 80, 34, 4, 66, 2, 52, 49, 0, 94, 74, 38]|[1, 1, 0, 1, 1, 0, 1, 2, 2, 1, 2, 2, 2, 1, 1, 0, 0, 1, 0, 2, 2, 0, 1, 2, 0, 1, 2, 2, 0, 0, 2, 1, 2, 1, 0, 2, 2, 1, 1, 0, 0, 0, 0, 0, 2, 1, 2, 0, 1, 1, 1, 0, 1, 2, 1, 2, 1, 0, 0, 2, 1, 0, 1, 2, 1, 2, 1, 1, 1, 1, 1, 1, 1, 0, 0, 0, 1, 1, 0, 1, 0, 1, 0, 1, 1, 0, 1, 0, 0, 0, 2, 1, 2, 0, 1, 0, 0, 2, 2, 1]|[0, 3, 2, 2, 4, 1, 2, 2, 2, 4, 1, 1, 2, 4, 4, 1, 2, 4, 2, 1, 1, 1, 1, 2, 1, 2, 1, 1, 1, 1, 2, 3, 0, 4, 0, 1, 2, 0, 3, 2, 2, 2, 1, 0, 2, 0, 1, 1, 0, 2, 2, 2, 0, 0, 3, 2, 4, 1, 2, 2, 3, 1, 1, 1, 3, 0, 4, 3, 3, 1, 4, 1, 1, 1, 1, 2, 4, 4, 0, 1, 2, 3, 2, 4, 1, 1, 3, 1, 1, 1, 1, 4, 1, 2, 1, 1, 2, 2, 1, 1]|[0, 2, 1, 1, 3, 0, 1, 0, 0, 0, 0, 0, 1, 0, 1, 0, 1, 3, 1, 0, 0, 0, 3, 1, 0, 2, 0, 0, 0, 1, 0, 0, 0, 3, 0, 1, 1, 0, 2, 0, 0, 0, 0, 1, 0, 0, 0, 0, 0, 1, 1, 0, 3, 0, 0, 1, 2, 0, 1, 0, 2, 0, 1, 0, 2, 1, 0, 0, 0, 1, 1, 3, 1, 0, 0, 1, 3, 3, 1, 2, 1, 0, 1, 3, 1, 0, 2, 0, 0, 0, 0, 0, 0, 0, 1, 1, 0, 0, 0, 1],740.6648699319737,58345.503832923176,99227.13002615936,false
11,G4_BALANCED,G2_TEC,[31, 22, 82, 15, 26, 9, 95, 42, 77, 68, 47, 5, 93, 78, 86, 54, 85, 63, 18, 44, 20, 49, 36, 14, 74, 50, 53, 17, 21, 45, 71, 64, 3, 23, 30, 83, 24, 41, 60, 52, 65, 27, 90, 70, 39, 87, 48, 69, 99, 4, 46, 1, 13, 58, 97, 59, 28, 8, 73, 37, 35, 79, 11, 66, 76, 57, 40, 80, 96, 6, 16, 61, 33, 98, 32, 81, 62, 67, 10, 7, 56, 88, 51, 19, 91, 29, 75, 92, 25, 84, 2, 55, 12, 43, 34, 0, 38, 94, 89, 72]|[2, 1, 2, 1, 1, 2, 1, 1, 1, 1, 1, 0, 2, 2, 1, 2, 0, 0, 0, 2, 2, 1, 0, 2, 0, 2, 2, 1, 0, 1, 1, 1, 0, 0, 1, 0, 2, 1, 2, 2, 0, 0, 1, 1, 0, 2, 0, 2, 1, 0, 0, 2, 0, 0, 2, 0, 2, 1, 0, 0, 2, 1, 0, 2, 2, 0, 2, 2, 0, 1, 2, 1, 1, 0, 0, 1, 1, 1, 1, 2, 2, 1, 1, 1, 1, 1, 2, 0, 1, 0, 2, 0, 1, 1, 1, 0, 0, 1, 1, 1]|[0, 3, 0, 2, 4, 1, 4, 4, 2, 4, 3, 2, 1, 0, 2, 1, 1, 1, 2, 1, 1, 3, 0, 1, 0, 1, 1, 4, 1, 4, 3, 2, 2, 0, 4, 1, 1, 4, 0, 1, 2, 1, 4, 4, 1, 1, 0, 2, 3, 1, 2, 1, 2, 1, 1, 2, 0, 3, 0, 2, 2, 3, 1, 0, 1, 0, 0, 1, 2, 4, 1, 3, 4, 2, 2, 4, 3, 3, 3, 1, 1, 4, 3, 4, 3, 3, 2, 2, 4, 2, 1, 2, 3, 4, 1, 2, 2, 4, 4, 4]|[0, 2, 0, 1, 3, 0, 1, 3, 0, 0, 2, 0, 1, 0, 1, 0, 0, 0, 1, 0, 0, 2, 0, 0, 1, 0, 0, 3, 0, 1, 0, 2, 0, 0, 3, 0, 1, 3, 1, 0, 0, 0, 1, 3, 0, 0, 1, 0, 2, 0, 0, 0, 0, 0, 1, 0, 0, 0, 1, 1, 0, 2, 0, 0, 0, 1, 0, 0, 0, 2, 0, 0, 1, 0, 0, 2, 0, 0, 3, 0, 0, 1, 0, 3, 0, 0, 1, 0, 3, 0, 0, 0, 0, 2, 1, 0, 0, 2, 1, 2],877.2731512234158,52481.77389377398,111340.82354524141,true
11,G2_TEC,G2_TEC,[31, 22, 82, 15, 26, 9, 95, 42, 77, 68, 47, 5, 93, 78, 86, 54, 85, 63, 18, 44, 20, 49, 36, 14, 74, 50, 53, 17, 21, 45, 71, 64, 3, 23, 30, 83, 24, 41, 60, 52, 65, 27, 90, 70, 39, 87, 48, 69, 99, 4, 46, 1, 13, 58, 97, 59, 28, 8, 73, 37, 35, 79, 11, 66, 76, 57, 40, 80, 96, 6, 16, 61, 33, 98, 32, 81, 62, 67, 10, 7, 56, 88, 51, 19, 91, 38, 75, 92, 25, 84, 2, 12, 29, 43, 89, 55, 0, 94, 34, 72]|[2, 1, 2, 1, 1, 2, 1, 1, 1, 1, 1, 0, 2, 2, 1, 2, 0, 0, 0, 2, 2, 1, 0, 2, 0, 2, 2, 1, 0, 1, 1, 1, 0, 0, 1, 0, 2, 1, 2, 2, 0, 0, 1, 1, 0, 2, 0, 2, 1, 0, 0, 2, 2, 0, 2, 0, 2, 1, 0, 0, 2, 1, 0, 2, 2, 0, 2, 2, 0, 1, 2, 1, 1, 0, 0, 1, 1, 1, 1, 2, 2, 1, 1, 1, 1, 0, 0, 0, 1, 0, 2, 1, 1, 1, 1, 0, 0, 1, 1, 1]|[0, 3, 0, 2, 4, 1, 4, 4, 2, 4, 3, 2, 1, 0, 2, 1, 1, 1, 2, 1, 1, 3, 0, 1, 0, 1, 1, 4, 1, 4, 3, 2, 2, 0, 4, 1, 1, 4, 0, 1, 2, 1, 4, 4, 1, 1, 0, 2, 3, 1, 2, 1, 2, 2, 1, 2, 0, 3, 0, 2, 2, 3, 1, 0, 1, 2, 0, 1, 2, 4, 1, 3, 4, 2, 2, 4, 3, 3, 3, 1, 1, 4, 3, 4, 3, 2, 2, 2, 4, 2, 1, 3, 3, 4, 4, 2, 2, 4, 1, 4]|[0, 2, 0, 1, 3, 0, 1, 3, 0, 0, 2, 0, 1, 0, 1, 0, 0, 0, 1, 0, 0, 2, 0, 0, 1, 0, 0, 3, 0, 1, 0, 2, 0, 0, 3, 0, 1, 3, 1, 0, 0, 0, 1, 3, 0, 0, 1, 0, 2, 0, 0, 0, 0, 0, 1, 0, 0, 0, 1, 1, 0, 2, 0, 0, 0, 0, 0, 0, 0, 2, 0, 0, 1, 0, 0, 2, 0, 0, 3, 0, 0, 1, 0, 3, 0, 0, 0, 0, 3, 0, 0, 0, 0, 2, 1, 0, 0, 2, 1, 2],886.7870637778938,51982.18484653672,112309.1752216169,false
11,G3_TWC,G3_TWC,[31, 22, 82, 15, 26, 9, 95, 42, 77, 12, 47, 5, 93, 78, 86, 54, 85, 63, 18, 44, 20, 35, 43, 97, 91, 76, 10, 30, 21, 45, 71, 64, 1, 23, 17, 83, 24, 14, 60, 36, 41, 57, 40, 88, 65, 56, 79, 94, 67, 68, 46, 75, 38, 58, 19, 32, 81, 6, 27, 62, 87, 90, 99, 59, 11, 16, 72, 73, 69, 39, 37, 84, 3, 92, 25, 55, 28, 29, 51, 7, 66, 61, 98, 48, 89, 8, 33, 96, 53, 80, 50, 4, 34, 2, 52, 13, 0, 70, 74, 49]|[1, 1, 0, 1, 1, 0, 1, 2, 2, 1, 2, 2, 2, 1, 1, 0, 0, 1, 0, 2, 2, 0, 1, 2, 0, 1, 2, 2, 0, 0, 1, 2, 1, 2, 1, 0, 2, 0, 1, 1, 0, 1, 1, 1, 0, 2, 1, 1, 0, 0, 0, 0, 1, 1, 2, 1, 2, 0, 0, 0, 2, 1, 0, 1, 2, 1, 2, 1, 1, 1, 1, 1, 1, 0, 1, 1, 0, 0, 0, 1, 2, 1, 2, 0, 1, 0, 2, 0, 0, 0, 0, 0, 2, 0, 1, 0, 0, 1, 2, 0]|[4, 3, 2, 2, 4, 1, 2, 2, 2, 4, 1, 1, 2, 4, 4, 1, 2, 4, 2, 1, 1, 1, 1, 2, 1, 2, 1, 1, 1, 1, 3, 2, 3, 0, 4, 0, 1, 1, 0, 3, 2, 2, 2, 0, 1, 1, 0, 4, 0, 1, 2, 2, 1, 4, 0, 3, 2, 1, 1, 2, 1, 3, 1, 1, 1, 3, 0, 4, 3, 1, 4, 1, 1, 0, 4, 4, 2, 1, 1, 1, 1, 3, 1, 1, 1, 1, 1, 1, 2, 1, 1, 2, 1, 2, 1, 2, 2, 4, 1, 1]|[0, 2, 1, 1, 3, 0, 1, 0, 0, 0, 0, 0, 1, 0, 1, 0, 0, 3, 1, 0, 0, 0, 3, 1, 0, 2, 0, 0, 0, 1, 0, 0, 0, 0, 3, 0, 1, 0, 0, 2, 1, 1, 1, 0, 0, 0, 0, 2, 1, 0, 0, 0, 1, 3, 0, 0, 1, 0, 0, 1, 0, 2, 0, 1, 0, 2, 1, 0, 0, 1, 1, 3, 1, 1, 3, 3, 1, 0, 0, 2, 0, 0, 0, 0, 1, 0, 0, 0, 1, 0, 0, 1, 0, 0, 1, 0, 0, 2, 0, 1],828.6150361188287,57498.909092636255,92558.71763620913,false
11,G1_CMAX,G1_CMAX,[31, 22, 82, 15, 26, 9, 95, 42, 77, 12, 47, 5, 93, 78, 86, 54, 6, 63, 18, 44, 20, 35, 43, 97, 91, 76, 10, 30, 21, 45, 64, 1, 23, 17, 83, 24, 14, 60, 36, 13, 75, 46, 68, 67, 69, 79, 56, 65, 88, 40, 57, 85, 58, 19, 32, 81, 48, 27, 62, 87, 90, 99, 59, 11, 16, 72, 73, 71, 70, 39, 37, 84, 3, 98, 29, 28, 55, 25, 92, 7, 33, 61, 53, 41, 89, 50, 8, 96, 51, 80, 34, 4, 66, 2, 52, 49, 0, 94, 74, 38]|[1, 1, 0, 1, 1, 0, 1, 2, 2, 1, 2, 2, 2, 1, 1, 0, 0, 1, 0, 2, 2, 0, 1, 2, 0, 1, 2, 2, 0, 0, 2, 1, 2, 1, 0, 2, 2, 1, 1, 0, 0, 0, 0, 0, 2, 1, 2, 0, 1, 1, 1, 0, 1, 2, 1, 2, 1, 0, 0, 2, 1, 0, 1, 2, 1, 2, 1, 1, 1, 1, 1, 1, 1, 0, 0, 0, 1, 1, 0, 1, 0, 1, 0, 1, 1, 0, 1, 0, 0, 0, 2, 1, 2, 0, 1, 0, 0, 2, 2, 1]|[0, 3, 2, 2, 4, 1, 2, 2, 2, 4, 1, 1, 2, 4, 4, 1, 2, 4, 2, 1, 1, 1, 1, 2, 1, 2, 1, 1, 1, 1, 2, 3, 0, 4, 0, 1, 2, 0, 3, 2, 2, 2, 1, 0, 2, 0, 1, 1, 0, 2, 2, 2, 0, 0, 3, 2, 4, 1, 2, 2, 3, 1, 1, 1, 3, 0, 4, 3, 3, 1, 4, 1, 1, 1, 1, 2, 4, 4, 0, 1, 2, 3, 2, 4, 1, 1, 3, 1, 1, 1, 1, 4, 1, 2, 1, 1, 2, 2, 1, 1]|[0, 2, 1, 1, 3, 0, 1, 0, 0, 0, 0, 0, 1, 0, 1, 0, 1, 3, 1, 0, 0, 0, 3, 1, 0, 2, 0, 0, 0, 1, 0, 0, 0, 3, 0, 1, 1, 0, 2, 0, 0, 0, 0, 1, 0, 0, 0, 0, 0, 1, 1, 0, 3, 0, 0, 1, 2, 0, 1, 0, 2, 0, 1, 0, 2, 1, 0, 0, 0, 1, 1, 3, 1, 0, 0, 1, 3, 3, 1, 2, 1, 0, 1, 3, 1, 0, 2, 0, 0, 0, 0, 0, 0, 0, 1, 1, 0, 0, 0, 1],740.6648699319737,58345.503832923176,99227.13002615936,false
11,G4_BALANCED,G2_TEC,[31, 22, 82, 15, 26, 9, 95, 42, 77, 68, 47, 5, 93, 78, 86, 54, 85, 63, 18, 44, 20, 49, 36, 14, 74, 50, 53, 17, 21, 45, 71, 64, 3, 23, 30, 83, 24, 41, 60, 52, 65, 27, 90, 70, 39, 87, 48, 69, 99, 4, 46, 1, 13, 58, 97, 59, 28, 8, 73, 37, 35, 79, 11, 66, 76, 57, 40, 80, 96, 6, 16, 61, 33, 98, 32, 81, 62, 67, 10, 7, 56, 88, 51, 19, 91, 29, 75, 92, 25, 84, 2, 55, 12, 43, 34, 0, 38, 94, 89, 72]|[2, 1, 2, 1, 1, 2, 1, 1, 1, 1, 1, 0, 2, 2, 1, 2, 0, 0, 0, 2, 2, 1, 0, 2, 0, 2, 2, 1, 0, 1, 1, 1, 0, 0, 1, 0, 2, 1, 2, 2, 0, 0, 1, 1, 0, 2, 0, 2, 1, 0, 0, 2, 0, 0, 2, 0, 2, 1, 0, 0, 2, 1, 0, 2, 2, 0, 2, 2, 0, 1, 2, 1, 1, 0, 0, 1, 1, 1, 1, 2, 2, 1, 1, 1, 1, 1, 2, 0, 1, 0, 2, 0, 1, 1, 1, 0, 0, 1, 1, 1]|[0, 3, 0, 2, 4, 1, 4, 4, 2, 4, 3, 2, 1, 0, 2, 1, 1, 1, 2, 1, 1, 3, 0, 1, 0, 1, 1, 4, 1, 4, 3, 2, 2, 0, 4, 1, 1, 4, 0, 1, 2, 1, 4, 4, 1, 1, 0, 2, 3, 1, 2, 1, 2, 1, 1, 2, 0, 3, 0, 2, 2, 3, 1, 0, 1, 0, 0, 1, 2, 4, 1, 3, 4, 2, 2, 4, 3, 3, 3, 1, 1, 4, 3, 4, 3, 3, 2, 2, 4, 2, 1, 2, 3, 4, 1, 2, 2, 4, 4, 4]|[0, 2, 0, 1, 3, 0, 1, 3, 0, 0, 2, 0, 1, 0, 1, 0, 0, 0, 1, 0, 0, 2, 0, 0, 1, 0, 0, 3, 0, 1, 0, 2, 0, 0, 3, 0, 1, 3, 1, 0, 0, 0, 1, 3, 0, 0, 1, 0, 2, 0, 0, 0, 0, 0, 1, 0, 0, 0, 1, 1, 0, 2, 0, 0, 0, 1, 0, 0, 0, 2, 0, 0, 1, 0, 0, 2, 0, 0, 3, 0, 0, 1, 0, 3, 0, 0, 1, 0, 3, 0, 0, 0, 0, 2, 1, 0, 0, 2, 1, 2],877.2731512234158,52481.77389377398,111340.82354524141,true
11,G2_TEC,G2_TEC,[31, 22, 82, 15, 26, 9, 95, 42, 77, 68, 47, 5, 93, 78, 86, 54, 85, 63, 18, 44, 20, 49, 36, 14, 74, 50, 53, 17, 21, 45, 71, 64, 3, 23, 30, 83, 24, 41, 60, 52, 65, 27, 90, 70, 39, 87, 48, 69, 99, 4, 46, 1, 13, 58, 97, 59, 28, 8, 73, 37, 35, 79, 11, 66, 76, 57, 40, 80, 96, 6, 16, 61, 33, 98, 32, 81, 62, 67, 10, 7, 56, 88, 51, 19, 91, 38, 75, 92, 25, 84, 2, 12, 29, 43, 89, 55, 0, 94, 34, 72]|[2, 1, 2, 1, 1, 2, 1, 1, 1, 1, 1, 0, 2, 2, 1, 2, 0, 0, 0, 2, 2, 1, 0, 2, 0, 2, 2, 1, 0, 1, 1, 1, 0, 0, 1, 0, 2, 1, 2, 2, 0, 0, 1, 1, 0, 2, 0, 2, 1, 0, 0, 2, 2, 0, 2, 0, 2, 1, 0, 0, 2, 1, 0, 2, 2, 0, 2, 2, 0, 1, 2, 1, 1, 0, 0, 1, 1, 1, 1, 2, 2, 1, 1, 1, 1, 0, 0, 0, 1, 0, 2, 1, 1, 1, 1, 0, 0, 1, 1, 1]|[0, 3, 0, 2, 4, 1, 4, 4, 2, 4, 3, 2, 1, 0, 2, 1, 1, 1, 2, 1, 1, 3, 0, 1, 0, 1, 1, 4, 1, 4, 3, 2, 2, 0, 4, 1, 1, 4, 0, 1, 2, 1, 4, 4, 1, 1, 0, 2, 3, 1, 2, 1, 2, 2, 1, 2, 0, 3, 0, 2, 2, 3, 1, 0, 1, 2, 0, 1, 2, 4, 1, 3, 4, 2, 2, 4, 3, 3, 3, 1, 1, 4, 3, 4, 3, 2, 2, 2, 4, 2, 1, 3, 3, 4, 4, 2, 2, 4, 1, 4]|[0, 2, 0, 1, 3, 0, 1, 3, 0, 0, 2, 0, 1, 0, 1, 0, 0, 0, 1, 0, 0, 2, 0, 0, 1, 0, 0, 3, 0, 1, 0, 2, 0, 0, 3, 0, 1, 3, 1, 0, 0, 0, 1, 3, 0, 0, 1, 0, 2, 0, 0, 0, 0, 0, 1, 0, 0, 0, 1, 1, 0, 2, 0, 0, 0, 0, 0, 0, 0, 2, 0, 0, 1, 0, 0, 2, 0, 0, 3, 0, 0, 1, 0, 3, 0, 0, 0, 0, 3, 0, 0, 0, 0, 2, 1, 0, 0, 2, 1, 2],886.7870637778938,51982.18484653672,112309.1752216169,false
11,G3_TWC,G3_TWC,[31, 22, 82, 15, 26, 9, 95, 42, 77, 12, 47, 5, 93, 78, 86, 54, 85, 63, 18, 44, 20, 35, 43, 97, 91, 76, 10, 30, 21, 45, 71, 64, 1, 23, 17, 83, 24, 14, 60, 36, 41, 57, 40, 88, 65, 56, 79, 94, 67, 68, 46, 75, 38, 58, 19, 32, 81, 6, 27, 62, 87, 90, 99, 59, 11, 16, 72, 73, 69, 39, 37, 84, 3, 92, 25, 55, 28, 29, 51, 7, 66, 61, 98, 48, 89, 8, 33, 96, 53, 80, 50, 4, 34, 2, 52, 13, 0, 70, 74, 49]|[1, 1, 0, 1, 1, 0, 1, 2, 2, 1, 2, 2, 2, 1, 1, 0, 0, 1, 0, 2, 2, 0, 1, 2, 0, 1, 2, 2, 0, 0, 1, 2, 1, 2, 1, 0, 2, 0, 1, 1, 0, 1, 1, 1, 0, 2, 1, 1, 0, 0, 0, 0, 1, 1, 2, 1, 2, 0, 0, 0, 2, 1, 0, 1, 2, 1, 2, 1, 1, 1, 1, 1, 1, 0, 1, 1, 0, 0, 0, 1, 2, 1, 2, 0, 1, 0, 2, 0, 0, 0, 0, 0, 2, 0, 1, 0, 0, 1, 2, 0]|[4, 3, 2, 2, 4, 1, 2, 2, 2, 4, 1, 1, 2, 4, 4, 1, 2, 4, 2, 1, 1, 1, 1, 2, 1, 2, 1, 1, 1, 1, 3, 2, 3, 0, 4, 0, 1, 1, 0, 3, 2, 2, 2, 0, 1, 1, 0, 4, 0, 1, 2, 2, 1, 4, 0, 3, 2, 1, 1, 2, 1, 3, 1, 1, 1, 3, 0, 4, 3, 1, 4, 1, 1, 0, 4, 4, 2, 1, 1, 1, 1, 3, 1, 1, 1, 1, 1, 1, 2, 1, 1, 2, 1, 2, 1, 2, 2, 4, 1, 1]|[0, 2, 1, 1, 3, 0, 1, 0, 0, 0, 0, 0, 1, 0, 1, 0, 0, 3, 1, 0, 0, 0, 3, 1, 0, 2, 0, 0, 0, 1, 0, 0, 0, 0, 3, 0, 1, 0, 0, 2, 1, 1, 1, 0, 0, 0, 0, 2, 1, 0, 0, 0, 1, 3, 0, 0, 1, 0, 0, 1, 0, 2, 0, 1, 0, 2, 1, 0, 0, 1, 1, 3, 1, 1, 3, 3, 1, 0, 0, 2, 0, 0, 0, 0, 1, 0, 0, 0, 1, 0, 0, 1, 0, 0, 1, 0, 0, 2, 0, 1],828.6150361188287,57498.909092636255,92558.71763620913,false
11,G1_CMAX,G1_CMAX,[31, 22, 82, 15, 26, 9, 95, 42, 77, 12, 47, 5, 93, 78, 86, 54, 6, 63, 18, 44, 20, 35, 43, 97, 91, 76, 10, 30, 21, 45, 64, 1, 23, 17, 83, 24, 14, 60, 36, 13, 75, 46, 68, 67, 69, 79, 56, 65, 88, 40, 57, 85, 58, 19, 32, 81, 48, 27, 62, 87, 90, 99, 59, 11, 16, 72, 73, 71, 70, 39, 37, 84, 3, 98, 29, 28, 55, 25, 92, 7, 33, 61, 53, 41, 89, 50, 8, 96, 51, 80, 34, 4, 66, 2, 52, 49, 0, 94, 74, 38]|[1, 1, 0, 1, 1, 0, 1, 2, 2, 1, 2, 2, 2, 1, 1, 0, 0, 1, 0, 2, 2, 0, 1, 2, 0, 1, 2, 2, 0, 0, 2, 1, 2, 1, 0, 2, 2, 1, 1, 0, 0, 0, 0, 0, 2, 1, 2, 0, 1, 1, 1, 0, 1, 2, 1, 2, 1, 0, 0, 2, 1, 0, 1, 2, 1, 2, 1, 1, 1, 1, 1, 1, 1, 0, 0, 0, 1, 1, 0, 1, 0, 1, 0, 1, 1, 0, 1, 0, 0, 0, 2, 1, 2, 0, 1, 0, 0, 2, 2, 1]|[0, 3, 2, 2, 4, 1, 2, 2, 2, 4, 1, 1, 2, 4, 4, 1, 2, 4, 2, 1, 1, 1, 1, 2, 1, 2, 1, 1, 1, 1, 2, 3, 0, 4, 0, 1, 2, 0, 3, 2, 2, 2, 1, 0, 2, 0, 1, 1, 0, 2, 2, 2, 0, 0, 3, 2, 4, 1, 2, 2, 3, 1, 1, 1, 3, 0, 4, 3, 3, 1, 4, 1, 1, 1, 1, 2, 4, 4, 0, 1, 2, 3, 2, 4, 1, 1, 3, 1, 1, 1, 1, 4, 1, 2, 1, 1, 2, 2, 1, 1]|[0, 2, 1, 1, 3, 0, 1, 0, 0, 0, 0, 0, 1, 0, 1, 0, 1, 3, 1, 0, 0, 0, 3, 1, 0, 2, 0, 0, 0, 1, 0, 0, 0, 3, 0, 1, 1, 0, 2, 0, 0, 0, 0, 1, 0, 0, 0, 0, 0, 1, 1, 0, 3, 0, 0, 1, 2, 0, 1, 0, 2, 0, 1, 0, 2, 1, 0, 0, 0, 1, 1, 3, 1, 0, 0, 1, 3, 3, 1, 2, 1, 0, 1, 3, 1, 0, 2, 0, 0, 0, 0, 0, 0, 0, 1, 1, 0, 0, 0, 1],740.6648699319737,58345.503832923176,99227.13002615936,false
11,G4_BALANCED,G2_TEC,[31, 22, 82, 15, 26, 9, 95, 42, 77, 68, 47, 5, 93, 78, 86, 54, 85, 63, 18, 44, 20, 49, 36, 14, 74, 50, 53, 17, 21, 45, 71, 64, 3, 23, 30, 83, 24, 41, 60, 52, 65, 27, 90, 70, 39, 87, 48, 69, 99, 4, 46, 1, 13, 58, 97, 59, 28, 8, 73, 37, 35, 79, 11, 66, 76, 57, 40, 80, 96, 6, 16, 61, 33, 98, 32, 81, 62, 67, 10, 7, 56, 88, 51, 19, 91, 29, 75, 92, 25, 84, 2, 55, 12, 43, 34, 0, 38, 94, 89, 72]|[2, 1, 2, 1, 1, 2, 1, 1, 1, 1, 1, 0, 2, 2, 1, 2, 0, 0, 0, 2, 2, 1, 0, 2, 0, 2, 2, 1, 0, 1, 1, 1, 0, 0, 1, 0, 2, 1, 2, 2, 0, 0, 1, 1, 0, 2, 0, 2, 1, 0, 0, 2, 0, 0, 2, 0, 2, 1, 0, 0, 2, 1, 0, 2, 2, 0, 2, 2, 0, 1, 2, 1, 1, 0, 0, 1, 1, 1, 1, 2, 2, 1, 1, 1, 1, 1, 2, 0, 1, 0, 2, 0, 1, 1, 1, 0, 0, 1, 1, 1]|[0, 3, 0, 2, 4, 1, 4, 4, 2, 4, 3, 2, 1, 0, 2, 1, 1, 1, 2, 1, 1, 3, 0, 1, 0, 1, 1, 4, 1, 4, 3, 2, 2, 0, 4, 1, 1, 4, 0, 1, 2, 1, 4, 4, 1, 1, 0, 2, 3, 1, 2, 1, 2, 1, 1, 2, 0, 3, 0, 2, 2, 3, 1, 0, 1, 0, 0, 1, 2, 4, 1, 3, 4, 2, 2, 4, 3, 3, 3, 1, 1, 4, 3, 4, 3, 3, 2, 2, 4, 2, 1, 2, 3, 4, 1, 2, 2, 4, 4, 4]|[0, 2, 0, 1, 3, 0, 1, 3, 0, 0, 2, 0, 1, 0, 1, 0, 0, 0, 1, 0, 0, 2, 0, 0, 1, 0, 0, 3, 0, 1, 0, 2, 0, 0, 3, 0, 1, 3, 1, 0, 0, 0, 1, 3, 0, 0, 1, 0, 2, 0, 0, 0, 0, 0, 1, 0, 0, 0, 1, 1, 0, 2, 0, 0, 0, 1, 0, 0, 0, 2, 0, 0, 1, 0, 0, 2, 0, 0, 3, 0, 0, 1, 0, 3, 0, 0, 1, 0, 3, 0, 0, 0, 0, 2, 1, 0, 0, 2, 1, 2],877.2731512234158,52481.77389377398,111340.82354524141,true
11,G2_TEC,G2_TEC,[31, 22, 82, 15, 26, 9, 95, 42, 77, 68, 47, 5, 93, 78, 86, 54, 85, 63, 18, 44, 20, 49, 36, 14, 74, 50, 53, 17, 21, 45, 71, 64, 3, 23, 30, 83, 24, 41, 60, 52, 65, 27, 90, 70, 39, 87, 48, 69, 99, 4, 46, 1, 13, 58, 97, 59, 28, 8, 73, 37, 35, 79, 11, 66, 76, 57, 40, 80, 96, 6, 16, 61, 33, 98, 32, 81, 62, 67, 10, 7, 56, 88, 51, 19, 91, 38, 75, 92, 25, 84, 2, 12, 29, 43, 89, 55, 0, 94, 34, 72]|[2, 1, 2, 1, 1, 2, 1, 1, 1, 1, 1, 0, 2, 2, 1, 2, 0, 0, 0, 2, 2, 1, 0, 2, 0, 2, 2, 1, 0, 1, 1, 1, 0, 0, 1, 0, 2, 1, 2, 2, 0, 0, 1, 1, 0, 2, 0, 2, 1, 0, 0, 2, 2, 0, 2, 0, 2, 1, 0, 0, 2, 1, 0, 2, 2, 0, 2, 2, 0, 1, 2, 1, 1, 0, 0, 1, 1, 1, 1, 2, 2, 1, 1, 1, 1, 0, 0, 0, 1, 0, 2, 1, 1, 1, 1, 0, 0, 1, 1, 1]|[0, 3, 0, 2, 4, 1, 4, 4, 2, 4, 3, 2, 1, 0, 2, 1, 1, 1, 2, 1, 1, 3, 0, 1, 0, 1, 1, 4, 1, 4, 3, 2, 2, 0, 4, 1, 1, 4, 0, 1, 2, 1, 4, 4, 1, 1, 0, 2, 3, 1, 2, 1, 2, 2, 1, 2, 0, 3, 0, 2, 2, 3, 1, 0, 1, 2, 0, 1, 2, 4, 1, 3, 4, 2, 2, 4, 3, 3, 3, 1, 1, 4, 3, 4, 3, 2, 2, 2, 4, 2, 1, 3, 3, 4, 4, 2, 2, 4, 1, 4]|[0, 2, 0, 1, 3, 0, 1, 3, 0, 0, 2, 0, 1, 0, 1, 0, 0, 0, 1, 0, 0, 2, 0, 0, 1, 0, 0, 3, 0, 1, 0, 2, 0, 0, 3, 0, 1, 3, 1, 0, 0, 0, 1, 3, 0, 0, 1, 0, 2, 0, 0, 0, 0, 0, 1, 0, 0, 0, 1, 1, 0, 2, 0, 0, 0, 0, 0, 0, 0, 2, 0, 0, 1, 0, 0, 2, 0, 0, 3, 0, 0, 1, 0, 3, 0, 0, 0, 0, 3, 0, 0, 0, 0, 2, 1, 0, 0, 2, 1, 2],886.7870637778938,51982.18484653672,112309.1752216169,false
11,G3_TWC,G3_TWC,[31, 22, 82, 15, 26, 9, 95, 42, 77, 12, 47, 5, 93, 78, 86, 54, 85, 63, 18, 44, 20, 35, 43, 97, 91, 76, 10, 30, 21, 45, 71, 64, 1, 23, 17, 83, 24, 14, 60, 36, 41, 57, 40, 88, 65, 56, 79, 94, 67, 68, 46, 75, 38, 58, 19, 32, 81, 6, 27, 62, 87, 90, 99, 59, 11, 16, 72, 73, 69, 39, 37, 84, 3, 92, 25, 55, 28, 29, 51, 7, 66, 61, 98, 48, 89, 8, 33, 96, 53, 80, 50, 4, 34, 2, 52, 13, 0, 70, 74, 49]|[1, 1, 0, 1, 1, 0, 1, 2, 2, 1, 2, 2, 2, 1, 1, 0, 0, 1, 0, 2, 2, 0, 1, 2, 0, 1, 2, 2, 0, 0, 1, 2, 1, 2, 1, 0, 2, 0, 1, 1, 0, 1, 1, 1, 0, 2, 1, 1, 0, 0, 0, 0, 1, 1, 2, 1, 2, 0, 0, 0, 2, 1, 0, 1, 2, 1, 2, 1, 1, 1, 1, 1, 1, 0, 1, 1, 0, 0, 0, 1, 2, 1, 2, 0, 1, 0, 2, 0, 0, 0, 0, 0, 2, 0, 1, 0, 0, 1, 2, 0]|[4, 3, 2, 2, 4, 1, 2, 2, 2, 4, 1, 1, 2, 4, 4, 1, 2, 4, 2, 1, 1, 1, 1, 2, 1, 2, 1, 1, 1, 1, 3, 2, 3, 0, 4, 0, 1, 1, 0, 3, 2, 2, 2, 0, 1, 1, 0, 4, 0, 1, 2, 2, 1, 4, 0, 3, 2, 1, 1, 2, 1, 3, 1, 1, 1, 3, 0, 4, 3, 1, 4, 1, 1, 0, 4, 4, 2, 1, 1, 1, 1, 3, 1, 1, 1, 1, 1, 1, 2, 1, 1, 2, 1, 2, 1, 2, 2, 4, 1, 1]|[0, 2, 1, 1, 3, 0, 1, 0, 0, 0, 0, 0, 1, 0, 1, 0, 0, 3, 1, 0, 0, 0, 3, 1, 0, 2, 0, 0, 0, 1, 0, 0, 0, 0, 3, 0, 1, 0, 0, 2, 1, 1, 1, 0, 0, 0, 0, 2, 1, 0, 0, 0, 1, 3, 0, 0, 1, 0, 0, 1, 0, 2, 0, 1, 0, 2, 1, 0, 0, 1, 1, 3, 1, 1, 3, 3, 1, 0, 0, 2, 0, 0, 0, 0, 1, 0, 0, 0, 1, 0, 0, 1, 0, 0, 1, 0, 0, 2, 0, 1],828.6150361188287,57498.909092636255,92558.71763620913,false
11,G1_CMAX,G1_CMAX,[31, 22, 82, 15, 26, 9, 95, 42, 77, 12, 47, 5, 93, 78, 86, 54, 6, 63, 18, 44, 20, 35, 43, 97, 91, 76, 10, 30, 21, 45, 64, 1, 23, 17, 83, 24, 14, 60, 36, 13, 75, 46, 68, 67, 69, 79, 56, 65, 88, 40, 57, 85, 58, 19, 32, 81, 48, 27, 62, 87, 90, 99, 59, 11, 16, 72, 73, 71, 70, 39, 37, 84, 3, 98, 29, 28, 55, 25, 92, 7, 33, 61, 53, 41, 89, 50, 8, 96, 51, 80, 34, 4, 66, 2, 52, 49, 0, 94, 74, 38]|[1, 1, 0, 1, 1, 0, 1, 2, 2, 1, 2, 2, 2, 1, 1, 0, 0, 1, 0, 2, 2, 0, 1, 2, 0, 1, 2, 2, 0, 0, 2, 1, 2, 1, 0, 2, 2, 1, 1, 0, 0, 0, 0, 0, 2, 1, 2, 0, 1, 1, 1, 0, 1, 2, 1, 2, 1, 0, 0, 2, 1, 0, 1, 2, 1, 2, 1, 1, 1, 1, 1, 1, 1, 0, 0, 0, 1, 1, 0, 1, 0, 1, 0, 1, 1, 0, 1, 0, 0, 0, 2, 1, 2, 0, 1, 0, 0, 2, 2, 1]|[0, 3, 2, 2, 4, 1, 2, 2, 2, 4, 1, 1, 2, 4, 4, 1, 2, 4, 2, 1, 1, 1, 1, 2, 1, 2, 1, 1, 1, 1, 2, 3, 0, 4, 0, 1, 2, 0, 3, 2, 2, 2, 1, 0, 2, 0, 1, 1, 0, 2, 2, 2, 0, 0, 3, 2, 4, 1, 2, 2, 3, 1, 1, 1, 3, 0, 4, 3, 3, 1, 4, 1, 1, 1, 1, 2, 4, 4, 0, 1, 2, 3, 2, 4, 1, 1, 3, 1, 1, 1, 1, 4, 1, 2, 1, 1, 2, 2, 1, 1]|[0, 2, 1, 1, 3, 0, 1, 0, 0, 0, 0, 0, 1, 0, 1, 0, 1, 3, 1, 0, 0, 0, 3, 1, 0, 2, 0, 0, 0, 1, 0, 0, 0, 3, 0, 1, 1, 0, 2, 0, 0, 0, 0, 1, 0, 0, 0, 0, 0, 1, 1, 0, 3, 0, 0, 1, 2, 0, 1, 0, 2, 0, 1, 0, 2, 1, 0, 0, 0, 1, 1, 3, 1, 0, 0, 1, 3, 3, 1, 2, 1, 0, 1, 3, 1, 0, 2, 0, 0, 0, 0, 0, 0, 0, 1, 1, 0, 0, 0, 1],740.6648699319737,58345.503832923176,99227.13002615936,false
11,G4_BALANCED,G2_TEC,[31, 22, 82, 15, 26, 9, 95, 42, 77, 68, 47, 5, 93, 78, 86, 54, 85, 63, 18, 44, 20, 49, 36, 14, 74, 50, 53, 17, 21, 45, 71, 64, 3, 23, 30, 83, 24, 41, 60, 52, 65, 27, 90, 70, 39, 87, 48, 69, 99, 4, 46, 1, 13, 58, 97, 59, 28, 8, 73, 37, 35, 79, 11, 66, 76, 57, 40, 80, 96, 6, 16, 61, 33, 98, 32, 81, 62, 67, 10, 7, 56, 88, 51, 19, 91, 29, 75, 92, 25, 84, 2, 55, 12, 43, 34, 0, 38, 94, 89, 72]|[2, 1, 2, 1, 1, 2, 1, 1, 1, 1, 1, 0, 2, 2, 1, 2, 0, 0, 0, 2, 2, 1, 0, 2, 0, 2, 2, 1, 0, 1, 1, 1, 0, 0, 1, 0, 2, 1, 2, 2, 0, 0, 1, 1, 0, 2, 0, 2, 1, 0, 0, 2, 0, 0, 2, 0, 2, 1, 0, 0, 2, 1, 0, 2, 2, 0, 2, 2, 0, 1, 2, 1, 1, 0, 0, 1, 1, 1, 1, 2, 2, 1, 1, 1, 1, 1, 2, 0, 1, 0, 2, 0, 1, 1, 1, 0, 0, 1, 1, 1]|[0, 3, 0, 2, 4, 1, 4, 4, 2, 4, 3, 2, 1, 0, 2, 1, 1, 1, 2, 1, 1, 3, 0, 1, 0, 1, 1, 4, 1, 4, 3, 2, 2, 0, 4, 1, 1, 4, 0, 1, 2, 1, 4, 4, 1, 1, 0, 2, 3, 1, 2, 1, 2, 1, 1, 2, 0, 3, 0, 2, 2, 3, 1, 0, 1, 0, 0, 1, 2, 4, 1, 3, 4, 2, 2, 4, 3, 3, 3, 1, 1, 4, 3, 4, 3, 3, 2, 2, 4, 2, 1, 2, 3, 4, 1, 2, 2, 4, 4, 4]|[0, 2, 0, 1, 3, 0, 1, 3, 0, 0, 2, 0, 1, 0, 1, 0, 0, 0, 1, 0, 0, 2, 0, 0, 1, 0, 0, 3, 0, 1, 0, 2, 0, 0, 3, 0, 1, 3, 1, 0, 0, 0, 1, 3, 0, 0, 1, 0, 2, 0, 0, 0, 0, 0, 1, 0, 0, 0, 1, 1, 0, 2, 0, 0, 0, 1, 0, 0, 0, 2, 0, 0, 1, 0, 0, 2, 0, 0, 3, 0, 0, 1, 0, 3, 0, 0, 1, 0, 3, 0, 0, 0, 0, 2, 1, 0, 0, 2, 1, 2],877.2731512234158,52481.77389377398,111340.82354524141,true
11,G2_TEC,G2_TEC,[31, 22, 82, 15, 26, 9, 95, 42, 77, 68, 47, 5, 93, 78, 86, 54, 85, 63, 18, 44, 20, 49, 36, 14, 74, 50, 53, 17, 21, 45, 71, 64, 3, 23, 30, 83, 24, 41, 60, 52, 65, 27, 90, 70, 39, 87, 48, 69, 99, 4, 46, 1, 13, 58, 97, 59, 28, 8, 73, 37, 35, 79, 11, 66, 76, 57, 40, 80, 96, 6, 16, 61, 33, 98, 32, 81, 62, 67, 10, 7, 56, 88, 51, 19, 91, 38, 75, 92, 25, 84, 2, 12, 29, 43, 89, 55, 0, 94, 34, 72]|[2, 1, 2, 1, 1, 2, 1, 1, 1, 1, 1, 0, 2, 2, 1, 2, 0, 0, 0, 2, 2, 1, 0, 2, 0, 2, 2, 1, 0, 1, 1, 1, 0, 0, 1, 0, 2, 1, 2, 2, 0, 0, 1, 1, 0, 2, 0, 2, 1, 0, 0, 2, 2, 0, 2, 0, 2, 1, 0, 0, 2, 1, 0, 2, 2, 0, 2, 2, 0, 1, 2, 1, 1, 0, 0, 1, 1, 1, 1, 2, 2, 1, 1, 1, 1, 0, 0, 0, 1, 0, 2, 1, 1, 1, 1, 0, 0, 1, 1, 1]|[0, 3, 0, 2, 4, 1, 4, 4, 2, 4, 3, 2, 1, 0, 2, 1, 1, 1, 2, 1, 1, 3, 0, 1, 0, 1, 1, 4, 1, 4, 3, 2, 2, 0, 4, 1, 1, 4, 0, 1, 2, 1, 4, 4, 1, 1, 0, 2, 3, 1, 2, 1, 2, 2, 1, 2, 0, 3, 0, 2, 2, 3, 1, 0, 1, 2, 0, 1, 2, 4, 1, 3, 4, 2, 2, 4, 3, 3, 3, 1, 1, 4, 3, 4, 3, 2, 2, 2, 4, 2, 1, 3, 3, 4, 4, 2, 2, 4, 1, 4]|[0, 2, 0, 1, 3, 0, 1, 3, 0, 0, 2, 0, 1, 0, 1, 0, 0, 0, 1, 0, 0, 2, 0, 0, 1, 0, 0, 3, 0, 1, 0, 2, 0, 0, 3, 0, 1, 3, 1, 0, 0, 0, 1, 3, 0, 0, 1, 0, 2, 0, 0, 0, 0, 0, 1, 0, 0, 0, 1, 1, 0, 2, 0, 0, 0, 0, 0, 0, 0, 2, 0, 0, 1, 0, 0, 2, 0, 0, 3, 0, 0, 1, 0, 3, 0, 0, 0, 0, 3, 0, 0, 0, 0, 2, 1, 0, 0, 2, 1, 2],886.7870637778938,51982.18484653672,112309.1752216169,false
11,G3_TWC,G3_TWC,[31, 22, 82, 15, 26, 9, 95, 42, 77, 12, 47, 5, 93, 78, 86, 54, 85, 63, 18, 44, 20, 35, 43, 97, 91, 76, 10, 30, 21, 45, 71, 64, 1, 23, 17, 83, 24, 14, 60, 36, 41, 57, 40, 88, 65, 56, 79, 94, 67, 68, 46, 75, 38, 58, 19, 32, 81, 6, 27, 62, 87, 90, 99, 59, 11, 16, 72, 73, 69, 39, 37, 84, 3, 92, 25, 55, 28, 29, 51, 7, 66, 61, 98, 48, 89, 8, 33, 96, 53, 80, 50, 4, 34, 2, 52, 13, 0, 70, 74, 49]|[1, 1, 0, 1, 1, 0, 1, 2, 2, 1, 2, 2, 2, 1, 1, 0, 0, 1, 0, 2, 2, 0, 1, 2, 0, 1, 2, 2, 0, 0, 1, 2, 1, 2, 1, 0, 2, 0, 1, 1, 0, 1, 1, 1, 0, 2, 1, 1, 0, 0, 0, 0, 1, 1, 2, 1, 2, 0, 0, 0, 2, 1, 0, 1, 2, 1, 2, 1, 1, 1, 1, 1, 1, 0, 1, 1, 0, 0, 0, 1, 2, 1, 2, 0, 1, 0, 2, 0, 0, 0, 0, 0, 2, 0, 1, 0, 0, 1, 2, 0]|[4, 3, 2, 2, 4, 1, 2, 2, 2, 4, 1, 1, 2, 4, 4, 1, 2, 4, 2, 1, 1, 1, 1, 2, 1, 2, 1, 1, 1, 1, 3, 2, 3, 0, 4, 0, 1, 1, 0, 3, 2, 2, 2, 0, 1, 1, 0, 4, 0, 1, 2, 2, 1, 4, 0, 3, 2, 1, 1, 2, 1, 3, 1, 1, 1, 3, 0, 4, 3, 1, 4, 1, 1, 0, 4, 4, 2, 1, 1, 1, 1, 3, 1, 1, 1, 1, 1, 1, 2, 1, 1, 2, 1, 2, 1, 2, 2, 4, 1, 1]|[0, 2, 1, 1, 3, 0, 1, 0, 0, 0, 0, 0, 1, 0, 1, 0, 0, 3, 1, 0, 0, 0, 3, 1, 0, 2, 0, 0, 0, 1, 0, 0, 0, 0, 3, 0, 1, 0, 0, 2, 1, 1, 1, 0, 0, 0, 0, 2, 1, 0, 0, 0, 1, 3, 0, 0, 1, 0, 0, 1, 0, 2, 0, 1, 0, 2, 1, 0, 0, 1, 1, 3, 1, 1, 3, 3, 1, 0, 0, 2, 0, 0, 0, 0, 1, 0, 0, 0, 1, 0, 0, 1, 0, 0, 1, 0, 0, 2, 0, 1],828.6150361188287,57498.909092636255,92558.71763620913,false
11,G1_CMAX,G1_CMAX,[31, 22, 82, 15, 26, 9, 95, 42, 77, 12, 47, 5, 93, 78, 86, 54, 6, 63, 18, 44, 20, 35, 43, 97, 91, 76, 10, 30, 21, 45, 64, 1, 23, 17, 83, 24, 14, 60, 36, 13, 75, 46, 68, 67, 69, 79, 56, 65, 88, 40, 57, 85, 58, 19, 32, 81, 48, 27, 62, 87, 90, 99, 59, 11, 16, 72, 73, 71, 70, 39, 37, 84, 3, 98, 29, 28, 55, 25, 92, 7, 33, 61, 53, 41, 89, 50, 8, 96, 51, 80, 34, 4, 66, 2, 52, 49, 0, 94, 74, 38]|[1, 1, 0, 1, 1, 0, 1, 2, 2, 1, 2, 2, 2, 1, 1, 0, 0, 1, 0, 2, 2, 0, 1, 2, 0, 1, 2, 2, 0, 0, 2, 1, 2, 1, 0, 2, 2, 1, 1, 0, 0, 0, 0, 0, 2, 1, 2, 0, 1, 1, 1, 0, 1, 2, 1, 2, 1, 0, 0, 2, 1, 0, 1, 2, 1, 2, 1, 1, 1, 1, 1, 1, 1, 0, 0, 0, 1, 1, 0, 1, 0, 1, 0, 1, 1, 0, 1, 0, 0, 0, 2, 1, 2, 0, 1, 0, 0, 2, 2, 1]|[0, 3, 2, 2, 4, 1, 2, 2, 2, 4, 1, 1, 2, 4, 4, 1, 2, 4, 2, 1, 1, 1, 1, 2, 1, 2, 1, 1, 1, 1, 2, 3, 0, 4, 0, 1, 2, 0, 3, 2, 2, 2, 1, 0, 2, 0, 1, 1, 0, 2, 2, 2, 0, 0, 3, 2, 4, 1, 2, 2, 3, 1, 1, 1, 3, 0, 4, 3, 3, 1, 4, 1, 1, 1, 1, 2, 4, 4, 0, 1, 2, 3, 2, 4, 1, 1, 3, 1, 1, 1, 1, 4, 1, 2, 1, 1, 2, 2, 1, 1]|[0, 2, 1, 1, 3, 0, 1, 0, 0, 0, 0, 0, 1, 0, 1, 0, 1, 3, 1, 0, 0, 0, 3, 1, 0, 2, 0, 0, 0, 1, 0, 0, 0, 3, 0, 1, 1, 0, 2, 0, 0, 0, 0, 1, 0, 0, 0, 0, 0, 1, 1, 0, 3, 0, 0, 1, 2, 0, 1, 0, 2, 0, 1, 0, 2, 1, 0, 0, 0, 1, 1, 3, 1, 0, 0, 1, 3, 3, 1, 2, 1, 0, 1, 3, 1, 0, 2, 0, 0, 0, 0, 0, 0, 0, 1, 1, 0, 0, 0, 1],740.6648699319737,58345.503832923176,99227.13002615936,false
11,G4_BALANCED,G2_TEC,[31, 22, 82, 15, 26, 9, 95, 42, 77, 68, 47, 5, 93, 78, 86, 54, 85, 63, 18, 44, 20, 49, 36, 14, 74, 50, 53, 17, 21, 45, 71, 64, 3, 23, 30, 83, 24, 41, 60, 52, 65, 27, 90, 70, 39, 87, 48, 69, 99, 4, 46, 1, 13, 58, 97, 59, 28, 8, 73, 37, 35, 79, 11, 66, 76, 57, 40, 80, 96, 6, 16, 61, 33, 98, 32, 81, 62, 67, 10, 7, 56, 88, 51, 19, 91, 29, 75, 92, 25, 84, 2, 55, 12, 43, 34, 0, 38, 94, 89, 72]|[2, 1, 2, 1, 1, 2, 1, 1, 1, 1, 1, 0, 2, 2, 1, 2, 0, 0, 0, 2, 2, 1, 0, 2, 0, 2, 2, 1, 0, 1, 1, 1, 0, 0, 1, 0, 2, 1, 2, 2, 0, 0, 1, 1, 0, 2, 0, 2, 1, 0, 0, 2, 0, 0, 2, 0, 2, 1, 0, 0, 2, 1, 0, 2, 2, 0, 2, 2, 0, 1, 2, 1, 1, 0, 0, 1, 1, 1, 1, 2, 2, 1, 1, 1, 1, 1, 2, 0, 1, 0, 2, 0, 1, 1, 1, 0, 0, 1, 1, 1]|[0, 3, 0, 2, 4, 1, 4, 4, 2, 4, 3, 2, 1, 0, 2, 1, 1, 1, 2, 1, 1, 3, 0, 1, 0, 1, 1, 4, 1, 4, 3, 2, 2, 0, 4, 1, 1, 4, 0, 1, 2, 1, 4, 4, 1, 1, 0, 2, 3, 1, 2, 1, 2, 1, 1, 2, 0, 3, 0, 2, 2, 3, 1, 0, 1, 0, 0, 1, 2, 4, 1, 3, 4, 2, 2, 4, 3, 3, 3, 1, 1, 4, 3, 4, 3, 3, 2, 2, 4, 2, 1, 2, 3, 4, 1, 2, 2, 4, 4, 4]|[0, 2, 0, 1, 3, 0, 1, 3, 0, 0, 2, 0, 1, 0, 1, 0, 0, 0, 1, 0, 0, 2, 0, 0, 1, 0, 0, 3, 0, 1, 0, 2, 0, 0, 3, 0, 1, 3, 1, 0, 0, 0, 1, 3, 0, 0, 1, 0, 2, 0, 0, 0, 0, 0, 1, 0, 0, 0, 1, 1, 0, 2, 0, 0, 0, 1, 0, 0, 0, 2, 0, 0, 1, 0, 0, 2, 0, 0, 3, 0, 0, 1, 0, 3, 0, 0, 1, 0, 3, 0, 0, 0, 0, 2, 1, 0, 0, 2, 1, 2],877.2731512234158,52481.77389377398,111340.82354524141,true
11,G2_TEC,G2_TEC,[31, 22, 82, 15, 26, 9, 95, 42, 77, 68, 47, 5, 93, 78, 86, 54, 85, 63, 18, 44, 20, 49, 36, 14, 74, 50, 53, 17, 21, 45, 71, 64, 3, 23, 30, 83, 24, 41, 60, 52, 65, 27, 90, 70, 39, 87, 48, 69, 99, 4, 46, 1, 13, 58, 97, 59, 28, 8, 73, 37, 35, 79, 11, 66, 76, 57, 40, 80, 96, 6, 16, 61, 33, 98, 32, 81, 62, 67, 10, 7, 56, 88, 51, 19, 91, 38, 75, 92, 25, 84, 2, 12, 29, 43, 89, 55, 0, 94, 34, 72]|[2, 1, 2, 1, 1, 2, 1, 1, 1, 1, 1, 0, 2, 2, 1, 2, 0, 0, 0, 2, 2, 1, 0, 2, 0, 2, 2, 1, 0, 1, 1, 1, 0, 0, 1, 0, 2, 1, 2, 2, 0, 0, 1, 1, 0, 2, 0, 2, 1, 0, 0, 2, 2, 0, 2, 0, 2, 1, 0, 0, 2, 1, 0, 2, 2, 0, 2, 2, 0, 1, 2, 1, 1, 0, 0, 1, 1, 1, 1, 2, 2, 1, 1, 1, 1, 0, 0, 0, 1, 0, 2, 1, 1, 1, 1, 0, 0, 1, 1, 1]|[0, 3, 0, 2, 4, 1, 4, 4, 2, 4, 3, 2, 1, 0, 2, 1, 1, 1, 2, 1, 1, 3, 0, 1, 0, 1, 1, 4, 1, 4, 3, 2, 2, 0, 4, 1, 1, 4, 0, 1, 2, 1, 4, 4, 1, 1, 0, 2, 3, 1, 2, 1, 2, 2, 1, 2, 0, 3, 0, 2, 2, 3, 1, 0, 1, 2, 0, 1, 2, 4, 1, 3, 4, 2, 2, 4, 3, 3, 3, 1, 1, 4, 3, 4, 3, 2, 2, 2, 4, 2, 1, 3, 3, 4, 4, 2, 2, 4, 1, 4]|[0, 2, 0, 1, 3, 0, 1, 3, 0, 0, 2, 0, 1, 0, 1, 0, 0, 0, 1, 0, 0, 2, 0, 0, 1, 0, 0, 3, 0, 1, 0, 2, 0, 0, 3, 0, 1, 3, 1, 0, 0, 0, 1, 3, 0, 0, 1, 0, 2, 0, 0, 0, 0, 0, 1, 0, 0, 0, 1, 1, 0, 2, 0, 0, 0, 0, 0, 0, 0, 2, 0, 0, 1, 0, 0, 2, 0, 0, 3, 0, 0, 1, 0, 3, 0, 0, 0, 0, 3, 0, 0, 0, 0, 2, 1, 0, 0, 2, 1, 2],886.7870637778938,51982.18484653672,112309.1752216169,false
11,G3_TWC,G3_TWC,[31, 22, 82, 15, 26, 9, 95, 42, 77, 12, 47, 5, 93, 78, 86, 54, 85, 63, 18, 44, 20, 35, 43, 97, 91, 76, 10, 30, 21, 45, 71, 64, 1, 23, 17, 83, 24, 14, 60, 36, 41, 57, 40, 88, 65, 56, 79, 94, 67, 68, 46, 75, 38, 58, 19, 32, 81, 6, 27, 62, 87, 90, 99, 59, 11, 16, 72, 73, 69, 39, 37, 84, 3, 92, 25, 55, 28, 29, 51, 7, 66, 61, 98, 48, 89, 8, 33, 96, 53, 80, 50, 4, 34, 2, 52, 13, 0, 70, 74, 49]|[1, 1, 0, 1, 1, 0, 1, 2, 2, 1, 2, 2, 2, 1, 1, 0, 0, 1, 0, 2, 2, 0, 1, 2, 0, 1, 2, 2, 0, 0, 1, 2, 1, 2, 1, 0, 2, 0, 1, 1, 0, 1, 1, 1, 0, 2, 1, 1, 0, 0, 0, 0, 1, 1, 2, 1, 2, 0, 0, 0, 2, 1, 0, 1, 2, 1, 2, 1, 1, 1, 1, 1, 1, 0, 1, 1, 0, 0, 0, 1, 2, 1, 2, 0, 1, 0, 2, 0, 0, 0, 0, 0, 2, 0, 1, 0, 0, 1, 2, 0]|[4, 3, 2, 2, 4, 1, 2, 2, 2, 4, 1, 1, 2, 4, 4, 1, 2, 4, 2, 1, 1, 1, 1, 2, 1, 2, 1, 1, 1, 1, 3, 2, 3, 0, 4, 0, 1, 1, 0, 3, 2, 2, 2, 0, 1, 1, 0, 4, 0, 1, 2, 2, 1, 4, 0, 3, 2, 1, 1, 2, 1, 3, 1, 1, 1, 3, 0, 4, 3, 1, 4, 1, 1, 0, 4, 4, 2, 1, 1, 1, 1, 3, 1, 1, 1, 1, 1, 1, 2, 1, 1, 2, 1, 2, 1, 2, 2, 4, 1, 1]|[0, 2, 1, 1, 3, 0, 1, 0, 0, 0, 0, 0, 1, 0, 1, 0, 0, 3, 1, 0, 0, 0, 3, 1, 0, 2, 0, 0, 0, 1, 0, 0, 0, 0, 3, 0, 1, 0, 0, 2, 1, 1, 1, 0, 0, 0, 0, 2, 1, 0, 0, 0, 1, 3, 0, 0, 1, 0, 0, 1, 0, 2, 0, 1, 0, 2, 1, 0, 0, 1, 1, 3, 1, 1, 3, 3, 1, 0, 0, 2, 0, 0, 0, 0, 1, 0, 0, 0, 1, 0, 0, 1, 0, 0, 1, 0, 0, 2, 0, 1],828.6150361188287,57498.909092636255,92558.71763620913,false
11,G1_CMAX,G1_CMAX,[31, 22, 82, 15, 26, 9, 95, 42, 77, 12, 47, 5, 93, 78, 86, 54, 6, 63, 18, 44, 20, 35, 43, 97, 91, 76, 10, 30, 21, 45, 64, 1, 23, 17, 83, 24, 14, 60, 36, 13, 75, 46, 68, 67, 69, 79, 56, 65, 88, 40, 57, 85, 58, 19, 32, 81, 48, 27, 62, 87, 90, 99, 59, 11, 16, 72, 73, 71, 70, 39, 37, 84, 3, 98, 29, 28, 55, 25, 92, 7, 33, 61, 53, 41, 89, 50, 8, 96, 51, 80, 34, 4, 66, 2, 52, 49, 0, 94, 74, 38]|[1, 1, 0, 1, 1, 0, 1, 2, 2, 1, 2, 2, 2, 1, 1, 0, 0, 1, 0, 2, 2, 0, 1, 2, 0, 1, 2, 2, 0, 0, 2, 1, 2, 1, 0, 2, 2, 1, 1, 0, 0, 0, 0, 0, 2, 1, 2, 0, 1, 1, 1, 0, 1, 2, 1, 2, 1, 0, 0, 2, 1, 0, 1, 2, 1, 2, 1, 1, 1, 1, 1, 1, 1, 0, 0, 0, 1, 1, 0, 1, 0, 1, 0, 1, 1, 0, 1, 0, 0, 0, 2, 1, 2, 0, 1, 0, 0, 2, 2, 1]|[0, 3, 2, 2, 4, 1, 2, 2, 2, 4, 1, 1, 2, 4, 4, 1, 2, 4, 2, 1, 1, 1, 1, 2, 1, 2, 1, 1, 1, 1, 2, 3, 0, 4, 0, 1, 2, 0, 3, 2, 2, 2, 1, 0, 2, 0, 1, 1, 0, 2, 2, 2, 0, 0, 3, 2, 4, 1, 2, 2, 3, 1, 1, 1, 3, 0, 4, 3, 3, 1, 4, 1, 1, 1, 1, 2, 4, 4, 0, 1, 2, 3, 2, 4, 1, 1, 3, 1, 1, 1, 1, 4, 1, 2, 1, 1, 2, 2, 1, 1]|[0, 2, 1, 1, 3, 0, 1, 0, 0, 0, 0, 0, 1, 0, 1, 0, 1, 3, 1, 0, 0, 0, 3, 1, 0, 2, 0, 0, 0, 1, 0, 0, 0, 3, 0, 1, 1, 0, 2, 0, 0, 0, 0, 1, 0, 0, 0, 0, 0, 1, 1, 0, 3, 0, 0, 1, 2, 0, 1, 0, 2, 0, 1, 0, 2, 1, 0, 0, 0, 1, 1, 3, 1, 0, 0, 1, 3, 3, 1, 2, 1, 0, 1, 3, 1, 0, 2, 0, 0, 0, 0, 0, 0, 0, 1, 1, 0, 0, 0, 1],740.6648699319737,58345.503832923176,99227.13002615936,false
11,G4_BALANCED,G2_TEC,[31, 22, 82, 15, 26, 9, 95, 42, 77, 68, 47, 5, 93, 78, 86, 54, 85, 63, 18, 44, 20, 49, 36, 14, 74, 50, 53, 17, 21, 45, 71, 64, 3, 23, 30, 83, 24, 41, 60, 52, 65, 27, 90, 70, 39, 87, 48, 69, 99, 4, 46, 1, 13, 58, 97, 59, 28, 8, 73, 37, 35, 79, 11, 66, 76, 57, 40, 80, 96, 6, 16, 61, 33, 98, 32, 81, 62, 67, 10, 7, 56, 88, 51, 19, 91, 29, 75, 92, 25, 84, 2, 55, 12, 43, 34, 0, 38, 94, 89, 72]|[2, 1, 2, 1, 1, 2, 1, 1, 1, 1, 1, 0, 2, 2, 1, 2, 0, 0, 0, 2, 2, 1, 0, 2, 0, 2, 2, 1, 0, 1, 1, 1, 0, 0, 1, 0, 2, 1, 2, 2, 0, 0, 1, 1, 0, 2, 0, 2, 1, 0, 0, 2, 0, 0, 2, 0, 2, 1, 0, 0, 2, 1, 0, 2, 2, 0, 2, 2, 0, 1, 2, 1, 1, 0, 0, 1, 1, 1, 1, 2, 2, 1, 1, 1, 1, 1, 2, 0, 1, 0, 2, 0, 1, 1, 1, 0, 0, 1, 1, 1]|[0, 3, 0, 2, 4, 1, 4, 4, 2, 4, 3, 2, 1, 0, 2, 1, 1, 1, 2, 1, 1, 3, 0, 1, 0, 1, 1, 4, 1, 4, 3, 2, 2, 0, 4, 1, 1, 4, 0, 1, 2, 1, 4, 4, 1, 1, 0, 2, 3, 1, 2, 1, 2, 1, 1, 2, 0, 3, 0, 2, 2, 3, 1, 0, 1, 0, 0, 1, 2, 4, 1, 3, 4, 2, 2, 4, 3, 3, 3, 1, 1, 4, 3, 4, 3, 3, 2, 2, 4, 2, 1, 2, 3, 4, 1, 2, 2, 4, 4, 4]|[0, 2, 0, 1, 3, 0, 1, 3, 0, 0, 2, 0, 1, 0, 1, 0, 0, 0, 1, 0, 0, 2, 0, 0, 1, 0, 0, 3, 0, 1, 0, 2, 0, 0, 3, 0, 1, 3, 1, 0, 0, 0, 1, 3, 0, 0, 1, 0, 2, 0, 0, 0, 0, 0, 1, 0, 0, 0, 1, 1, 0, 2, 0, 0, 0, 1, 0, 0, 0, 2, 0, 0, 1, 0, 0, 2, 0, 0, 3, 0, 0, 1, 0, 3, 0, 0, 1, 0, 3, 0, 0, 0, 0, 2, 1, 0, 0, 2, 1, 2],877.2731512234158,52481.77389377398,111340.82354524141,true
11,G2_TEC,G2_TEC,[31, 22, 82, 15, 26, 9, 95, 42, 77, 68, 47, 5, 93, 78, 86, 54, 85, 63, 18, 44, 20, 49, 36, 14, 74, 50, 53, 17, 21, 45, 71, 64, 3, 23, 30, 83, 24, 41, 60, 52, 65, 27, 90, 70, 39, 87, 48, 69, 99, 4, 46, 1, 13, 58, 97, 59, 28, 8, 73, 37, 35, 79, 11, 66, 76, 57, 40, 80, 96, 6, 16, 61, 33, 98, 32, 81, 62, 67, 10, 7, 56, 88, 51, 19, 91, 38, 75, 92, 25, 84, 2, 12, 29, 43, 89, 55, 0, 94, 34, 72]|[2, 1, 2, 1, 1, 2, 1, 1, 1, 1, 1, 0, 2, 2, 1, 2, 0, 0, 0, 2, 2, 1, 0, 2, 0, 2, 2, 1, 0, 1, 1, 1, 0, 0, 1, 0, 2, 1, 2, 2, 0, 0, 1, 1, 0, 2, 0, 2, 1, 0, 0, 2, 2, 0, 2, 0, 2, 1, 0, 0, 2, 1, 0, 2, 2, 0, 2, 2, 0, 1, 2, 1, 1, 0, 0, 1, 1, 1, 1, 2, 2, 1, 1, 1, 1, 0, 0, 0, 1, 0, 2, 1, 1, 1, 1, 0, 0, 1, 1, 1]|[0, 3, 0, 2, 4, 1, 4, 4, 2, 4, 3, 2, 1, 0, 2, 1, 1, 1, 2, 1, 1, 3, 0, 1, 0, 1, 1, 4, 1, 4, 3, 2, 2, 0, 4, 1, 1, 4, 0, 1, 2, 1, 4, 4, 1, 1, 0, 2, 3, 1, 2, 1, 2, 2, 1, 2, 0, 3, 0, 2, 2, 3, 1, 0, 1, 2, 0, 1, 2, 4, 1, 3, 4, 2, 2, 4, 3, 3, 3, 1, 1, 4, 3, 4, 3, 2, 2, 2, 4, 2, 1, 3, 3, 4, 4, 2, 2, 4, 1, 4]|[0, 2, 0, 1, 3, 0, 1, 3, 0, 0, 2, 0, 1, 0, 1, 0, 0, 0, 1, 0, 0, 2, 0, 0, 1, 0, 0, 3, 0, 1, 0, 2, 0, 0, 3, 0, 1, 3, 1, 0, 0, 0, 1, 3, 0, 0, 1, 0, 2, 0, 0, 0, 0, 0, 1, 0, 0, 0, 1, 1, 0, 2, 0, 0, 0, 0, 0, 0, 0, 2, 0, 0, 1, 0, 0, 2, 0, 0, 3, 0, 0, 1, 0, 3, 0, 0, 0, 0, 3, 0, 0, 0, 0, 2, 1, 0, 0, 2, 1, 2],886.7870637778938,51982.18484653672,112309.1752216169,false
11,G3_TWC,G3_TWC,[31, 22, 82, 15, 26, 9, 95, 42, 77, 12, 47, 5, 93, 78, 86, 54, 85, 63, 18, 44, 20, 35, 43, 97, 91, 76, 10, 30, 21, 45, 71, 64, 1, 23, 17, 83, 24, 14, 60, 36, 41, 57, 40, 88, 65, 56, 79, 94, 67, 68, 46, 75, 38, 58, 19, 32, 81, 6, 27, 62, 87, 90, 99, 59, 11, 16, 72, 73, 69, 39, 37, 84, 3, 92, 25, 55, 28, 29, 51, 7, 66, 61, 98, 48, 89, 8, 33, 96, 53, 80, 50, 4, 34, 2, 52, 13, 0, 70, 74, 49]|[1, 1, 0, 1, 1, 0, 1, 2, 2, 1, 2, 2, 2, 1, 1, 0, 0, 1, 0, 2, 2, 0, 1, 2, 0, 1, 2, 2, 0, 0, 1, 2, 1, 2, 1, 0, 2, 0, 1, 1, 0, 1, 1, 1, 0, 2, 1, 1, 0, 0, 0, 0, 1, 1, 2, 1, 2, 0, 0, 0, 2, 1, 0, 1, 2, 1, 2, 1, 1, 1, 1, 1, 1, 0, 1, 1, 0, 0, 0, 1, 2, 1, 2, 0, 1, 0, 2, 0, 0, 0, 0, 0, 2, 0, 1, 0, 0, 1, 2, 0]|[4, 3, 2, 2, 4, 1, 2, 2, 2, 4, 1, 1, 2, 4, 4, 1, 2, 4, 2, 1, 1, 1, 1, 2, 1, 2, 1, 1, 1, 1, 3, 2, 3, 0, 4, 0, 1, 1, 0, 3, 2, 2, 2, 0, 1, 1, 0, 4, 0, 1, 2, 2, 1, 4, 0, 3, 2, 1, 1, 2, 1, 3, 1, 1, 1, 3, 0, 4, 3, 1, 4, 1, 1, 0, 4, 4, 2, 1, 1, 1, 1, 3, 1, 1, 1, 1, 1, 1, 2, 1, 1, 2, 1, 2, 1, 2, 2, 4, 1, 1]|[0, 2, 1, 1, 3, 0, 1, 0, 0, 0, 0, 0, 1, 0, 1, 0, 0, 3, 1, 0, 0, 0, 3, 1, 0, 2, 0, 0, 0, 1, 0, 0, 0, 0, 3, 0, 1, 0, 0, 2, 1, 1, 1, 0, 0, 0, 0, 2, 1, 0, 0, 0, 1, 3, 0, 0, 1, 0, 0, 1, 0, 2, 0, 1, 0, 2, 1, 0, 0, 1, 1, 3, 1, 1, 3, 3, 1, 0, 0, 2, 0, 0, 0, 0, 1, 0, 0, 0, 1, 0, 0, 1, 0, 0, 1, 0, 0, 2, 0, 1],828.6150361188287,57498.909092636255,92558.71763620913,false
11,G1_CMAX,G1_CMAX,[31, 22, 82, 15, 26, 9, 95, 42, 77, 12, 47, 5, 93, 78, 86, 54, 6, 63, 18, 44, 20, 35, 43, 97, 91, 76, 10, 30, 21, 45, 64, 1, 23, 17, 83, 24, 14, 60, 36, 13, 75, 46, 68, 67, 69, 79, 56, 65, 88, 40, 57, 85, 58, 19, 32, 81, 48, 27, 62, 87, 90, 99, 59, 11, 16, 72, 73, 71, 70, 39, 37, 84, 3, 98, 29, 28, 55, 25, 92, 7, 33, 61, 53, 41, 89, 50, 8, 96, 51, 80, 34, 4, 66, 2, 52, 49, 0, 94, 74, 38]|[1, 1, 0, 1, 1, 0, 1, 2, 2, 1, 2, 2, 2, 1, 1, 0, 0, 1, 0, 2, 2, 0, 1, 2, 0, 1, 2, 2, 0, 0, 2, 1, 2, 1, 0, 2, 2, 1, 1, 0, 0, 0, 0, 0, 2, 1, 2, 0, 1, 1, 1, 0, 1, 2, 1, 2, 1, 0, 0, 2, 1, 0, 1, 2, 1, 2, 1, 1, 1, 1, 1, 1, 1, 0, 0, 0, 1, 1, 0, 1, 0, 1, 0, 1, 1, 0, 1, 0, 0, 0, 2, 1, 2, 0, 1, 0, 0, 2, 2, 1]|[0, 3, 2, 2, 4, 1, 2, 2, 2, 4, 1, 1, 2, 4, 4, 1, 2, 4, 2, 1, 1, 1, 1, 2, 1, 2, 1, 1, 1, 1, 2, 3, 0, 4, 0, 1, 2, 0, 3, 2, 2, 2, 1, 0, 2, 0, 1, 1, 0, 2, 2, 2, 0, 0, 3, 2, 4, 1, 2, 2, 3, 1, 1, 1, 3, 0, 4, 3, 3, 1, 4, 1, 1, 1, 1, 2, 4, 4, 0, 1, 2, 3, 2, 4, 1, 1, 3, 1, 1, 1, 1, 4, 1, 2, 1, 1, 2, 2, 1, 1]|[0, 2, 1, 1, 3, 0, 1, 0, 0, 0, 0, 0, 1, 0, 1, 0, 1, 3, 1, 0, 0, 0, 3, 1, 0, 2, 0, 0, 0, 1, 0, 0, 0, 3, 0, 1, 1, 0, 2, 0, 0, 0, 0, 1, 0, 0, 0, 0, 0, 1, 1, 0, 3, 0, 0, 1, 2, 0, 1, 0, 2, 0, 1, 0, 2, 1, 0, 0, 0, 1, 1, 3, 1, 0, 0, 1, 3, 3, 1, 2, 1, 0, 1, 3, 1, 0, 2, 0, 0, 0, 0, 0, 0, 0, 1, 1, 0, 0, 0, 1],740.6648699319737,58345.503832923176,99227.13002615936,false
11,G4_BALANCED,G2_TEC,[31, 22, 82, 15, 26, 9, 95, 42, 77, 68, 47, 5, 93, 78, 86, 54, 85, 63, 18, 44, 20, 49, 36, 14, 74, 50, 53, 17, 21, 45, 71, 64, 3, 23, 30, 83, 24, 41, 60, 52, 65, 27, 90, 70, 39, 87, 48, 69, 99, 4, 46, 1, 13, 58, 97, 59, 28, 8, 73, 37, 35, 79, 11, 66, 76, 57, 40, 80, 96, 6, 16, 61, 33, 98, 32, 81, 62, 67, 10, 7, 56, 88, 51, 19, 91, 29, 75, 92, 25, 84, 2, 55, 12, 43, 34, 0, 38, 94, 89, 72]|[2, 1, 2, 1, 1, 2, 1, 1, 1, 1, 1, 0, 2, 2, 1, 2, 0, 0, 0, 2, 2, 1, 0, 2, 0, 2, 2, 1, 0, 1, 1, 1, 0, 0, 1, 0, 2, 1, 2, 2, 0, 0, 1, 1, 0, 2, 0, 2, 1, 0, 0, 2, 0, 0, 2, 0, 2, 1, 0, 0, 2, 1, 0, 2, 2, 0, 2, 2, 0, 1, 2, 1, 1, 0, 0, 1, 1, 1, 1, 2, 2, 1, 1, 1, 1, 1, 2, 0, 1, 0, 2, 0, 1, 1, 1, 0, 0, 1, 1, 1]|[0, 3, 0, 2, 4, 1, 4, 4, 2, 4, 3, 2, 1, 0, 2, 1, 1, 1, 2, 1, 1, 3, 0, 1, 0, 1, 1, 4, 1, 4, 3, 2, 2, 0, 4, 1, 1, 4, 0, 1, 2, 1, 4, 4, 1, 1, 0, 2, 3, 1, 2, 1, 2, 1, 1, 2, 0, 3, 0, 2, 2, 3, 1, 0, 1, 0, 0, 1, 2, 4, 1, 3, 4, 2, 2, 4, 3, 3, 3, 1, 1, 4, 3, 4, 3, 3, 2, 2, 4, 2, 1, 2, 3, 4, 1, 2, 2, 4, 4, 4]|[0, 2, 0, 1, 3, 0, 1, 3, 0, 0, 2, 0, 1, 0, 1, 0, 0, 0, 1, 0, 0, 2, 0, 0, 1, 0, 0, 3, 0, 1, 0, 2, 0, 0, 3, 0, 1, 3, 1, 0, 0, 0, 1, 3, 0, 0, 1, 0, 2, 0, 0, 0, 0, 0, 1, 0, 0, 0, 1, 1, 0, 2, 0, 0, 0, 1, 0, 0, 0, 2, 0, 0, 1, 0, 0, 2, 0, 0, 3, 0, 0, 1, 0, 3, 0, 0, 1, 0, 3, 0, 0, 0, 0, 2, 1, 0, 0, 2, 1, 2],877.2731512234158,52481.77389377398,111340.82354524141,true
11,G2_TEC,G2_TEC,[31, 22, 82, 15, 26, 9, 95, 42, 77, 68, 47, 5, 93, 78, 86, 54, 85, 63, 18, 44, 20, 49, 36, 14, 74, 50, 53, 17, 21, 45, 71, 64, 3, 23, 30, 83, 24, 41, 60, 52, 65, 27, 90, 70, 39, 87, 48, 69, 99, 4, 46, 1, 13, 58, 97, 59, 28, 8, 73, 37, 35, 79, 11, 66, 76, 57, 40, 80, 96, 6, 16, 61, 33, 98, 32, 81, 62, 67, 10, 7, 56, 88, 51, 19, 91, 38, 75, 92, 25, 84, 2, 12, 29, 43, 89, 55, 0, 94, 34, 72]|[2, 1, 2, 1, 1, 2, 1, 1, 1, 1, 1, 0, 2, 2, 1, 2, 0, 0, 0, 2, 2, 1, 0, 2, 0, 2, 2, 1, 0, 1, 1, 1, 0, 0, 1, 0, 2, 1, 2, 2, 0, 0, 1, 1, 0, 2, 0, 2, 1, 0, 0, 2, 2, 0, 2, 0, 2, 1, 0, 0, 2, 1, 0, 2, 2, 0, 2, 2, 0, 1, 2, 1, 1, 0, 0, 1, 1, 1, 1, 2, 2, 1, 1, 1, 1, 0, 0, 0, 1, 0, 2, 1, 1, 1, 1, 0, 0, 1, 1, 1]|[0, 3, 0, 2, 4, 1, 4, 4, 2, 4, 3, 2, 1, 0, 2, 1, 1, 1, 2, 1, 1, 3, 0, 1, 0, 1, 1, 4, 1, 4, 3, 2, 2, 0, 4, 1, 1, 4, 0, 1, 2, 1, 4, 4, 1, 1, 0, 2, 3, 1, 2, 1, 2, 2, 1, 2, 0, 3, 0, 2, 2, 3, 1, 0, 1, 2, 0, 1, 2, 4, 1, 3, 4, 2, 2, 4, 3, 3, 3, 1, 1, 4, 3, 4, 3, 2, 2, 2, 4, 2, 1, 3, 3, 4, 4, 2, 2, 4, 1, 4]|[0, 2, 0, 1, 3, 0, 1, 3, 0, 0, 2, 0, 1, 0, 1, 0, 0, 0, 1, 0, 0, 2, 0, 0, 1, 0, 0, 3, 0, 1, 0, 2, 0, 0, 3, 0, 1, 3, 1, 0, 0, 0, 1, 3, 0, 0, 1, 0, 2, 0, 0, 0, 0, 0, 1, 0, 0, 0, 1, 1, 0, 2, 0, 0, 0, 0, 0, 0, 0, 2, 0, 0, 1, 0, 0, 2, 0, 0, 3, 0, 0, 1, 0, 3, 0, 0, 0, 0, 3, 0, 0, 0, 0, 2, 1, 0, 0, 2, 1, 2],886.7870637778938,51982.18484653672,112309.1752216169,false
11,G3_TWC,G3_TWC,[31, 22, 82, 15, 26, 9, 95, 42, 77, 12, 47, 5, 93, 78, 86, 54, 85, 63, 18, 44, 20, 35, 43, 97, 91, 76, 10, 30, 21, 45, 71, 64, 1, 23, 17, 83, 24, 14, 60, 36, 41, 57, 40, 88, 65, 56, 79, 94, 67, 68, 46, 75, 38, 58, 19, 32, 81, 6, 27, 62, 87, 90, 99, 59, 11, 16, 72, 73, 69, 39, 37, 84, 3, 92, 25, 55, 28, 29, 51, 7, 66, 61, 98, 48, 89, 8, 33, 96, 53, 80, 50, 4, 34, 2, 52, 13, 0, 70, 74, 49]|[1, 1, 0, 1, 1, 0, 1, 2, 2, 1, 2, 2, 2, 1, 1, 0, 0, 1, 0, 2, 2, 0, 1, 2, 0, 1, 2, 2, 0, 0, 1, 2, 1, 2, 1, 0, 2, 0, 1, 1, 0, 1, 1, 1, 0, 2, 1, 1, 0, 0, 0, 0, 1, 1, 2, 1, 2, 0, 0, 0, 2, 1, 0, 1, 2, 1, 2, 1, 1, 1, 1, 1, 1, 0, 1, 1, 0, 0, 0, 1, 2, 1, 2, 0, 1, 0, 2, 0, 0, 0, 0, 0, 2, 0, 1, 0, 0, 1, 2, 0]|[4, 3, 2, 2, 4, 1, 2, 2, 2, 4, 1, 1, 2, 4, 4, 1, 2, 4, 2, 1, 1, 1, 1, 2, 1, 2, 1, 1, 1, 1, 3, 2, 3, 0, 4, 0, 1, 1, 0, 3, 2, 2, 2, 0, 1, 1, 0, 4, 0, 1, 2, 2, 1, 4, 0, 3, 2, 1, 1, 2, 1, 3, 1, 1, 1, 3, 0, 4, 3, 1, 4, 1, 1, 0, 4, 4, 2, 1, 1, 1, 1, 3, 1, 1, 1, 1, 1, 1, 2, 1, 1, 2, 1, 2, 1, 2, 2, 4, 1, 1]|[0, 2, 1, 1, 3, 0, 1, 0, 0, 0, 0, 0, 1, 0, 1, 0, 0, 3, 1, 0, 0, 0, 3, 1, 0, 2, 0, 0, 0, 1, 0, 0, 0, 0, 3, 0, 1, 0, 0, 2, 1, 1, 1, 0, 0, 0, 0, 2, 1, 0, 0, 0, 1, 3, 0, 0, 1, 0, 0, 1, 0, 2, 0, 1, 0, 2, 1, 0, 0, 1, 1, 3, 1, 1, 3, 3, 1, 0, 0, 2, 0, 0, 0, 0, 1, 0, 0, 0, 1, 0, 0, 1, 0, 0, 1, 0, 0, 2, 0, 1],828.6150361188287,57498.909092636255,92558.71763620913,false
11,G1_CMAX,G1_CMAX,[31, 22, 82, 15, 26, 9, 95, 42, 77, 12, 47, 5, 93, 78, 86, 54, 6, 63, 18, 44, 20, 35, 43, 97, 91, 76, 10, 30, 21, 45, 64, 1, 23, 17, 83, 24, 14, 60, 36, 13, 75, 46, 68, 67, 69, 79, 56, 65, 88, 40, 57, 85, 58, 19, 32, 81, 48, 27, 62, 87, 90, 99, 59, 11, 16, 72, 73, 71, 70, 39, 37, 84, 3, 98, 29, 28, 55, 25, 92, 7, 33, 61, 53, 41, 89, 50, 8, 96, 51, 80, 34, 4, 66, 2, 52, 49, 0, 94, 74, 38]|[1, 1, 0, 1, 1, 0, 1, 2, 2, 1, 2, 2, 2, 1, 1, 0, 0, 1, 0, 2, 2, 0, 1, 2, 0, 1, 2, 2, 0, 0, 2, 1, 2, 1, 0, 2, 2, 1, 1, 0, 0, 0, 0, 0, 2, 1, 2, 0, 1, 1, 1, 0, 1, 2, 1, 2, 1, 0, 0, 2, 1, 0, 1, 2, 1, 2, 1, 1, 1, 1, 1, 1, 1, 0, 0, 0, 1, 1, 0, 1, 0, 1, 0, 1, 1, 0, 1, 0, 0, 0, 2, 1, 2, 0, 1, 0, 0, 2, 2, 1]|[0, 3, 2, 2, 4, 1, 2, 2, 2, 4, 1, 1, 2, 4, 4, 1, 2, 4, 2, 1, 1, 1, 1, 2, 1, 2, 1, 1, 1, 1, 2, 3, 0, 4, 0, 1, 2, 0, 3, 2, 2, 2, 1, 0, 2, 0, 1, 1, 0, 2, 2, 2, 0, 0, 3, 2, 4, 1, 2, 2, 3, 1, 1, 1, 3, 0, 4, 3, 3, 1, 4, 1, 1, 1, 1, 2, 4, 4, 0, 1, 2, 3, 2, 4, 1, 1, 3, 1, 1, 1, 1, 4, 1, 2, 1, 1, 2, 2, 1, 1]|[0, 2, 1, 1, 3, 0, 1, 0, 0, 0, 0, 0, 1, 0, 1, 0, 1, 3, 1, 0, 0, 0, 3, 1, 0, 2, 0, 0, 0, 1, 0, 0, 0, 3, 0, 1, 1, 0, 2, 0, 0, 0, 0, 1, 0, 0, 0, 0, 0, 1, 1, 0, 3, 0, 0, 1, 2, 0, 1, 0, 2, 0, 1, 0, 2, 1, 0, 0, 0, 1, 1, 3, 1, 0, 0, 1, 3, 3, 1, 2, 1, 0, 1, 3, 1, 0, 2, 0, 0, 0, 0, 0, 0, 0, 1, 1, 0, 0, 0, 1],740.6648699319737,58345.503832923176,99227.13002615936,false
11,G4_BALANCED,G2_TEC,[31, 22, 82, 15, 26, 9, 95, 42, 77, 68, 47, 5, 93, 78, 86, 54, 85, 63, 18, 44, 20, 49, 36, 14, 74, 50, 53, 17, 21, 45, 71, 64, 3, 23, 30, 83, 24, 41, 60, 52, 65, 27, 90, 70, 39, 87, 48, 69, 99, 4, 46, 1, 13, 58, 97, 59, 28, 8, 73, 37, 35, 79, 11, 66, 76, 57, 40, 80, 96, 6, 16, 61, 33, 98, 32, 81, 62, 67, 10, 7, 56, 88, 51, 19, 91, 29, 75, 92, 25, 84, 2, 55, 12, 43, 34, 0, 38, 94, 89, 72]|[2, 1, 2, 1, 1, 2, 1, 1, 1, 1, 1, 0, 2, 2, 1, 2, 0, 0, 0, 2, 2, 1, 0, 2, 0, 2, 2, 1, 0, 1, 1, 1, 0, 0, 1, 0, 2, 1, 2, 2, 0, 0, 1, 1, 0, 2, 0, 2, 1, 0, 0, 2, 0, 0, 2, 0, 2, 1, 0, 0, 2, 1, 0, 2, 2, 0, 2, 2, 0, 1, 2, 1, 1, 0, 0, 1, 1, 1, 1, 2, 2, 1, 1, 1, 1, 1, 2, 0, 1, 0, 2, 0, 1, 1, 1, 0, 0, 1, 1, 1]|[0, 3, 0, 2, 4, 1, 4, 4, 2, 4, 3, 2, 1, 0, 2, 1, 1, 1, 2, 1, 1, 3, 0, 1, 0, 1, 1, 4, 1, 4, 3, 2, 2, 0, 4, 1, 1, 4, 0, 1, 2, 1, 4, 4, 1, 1, 0, 2, 3, 1, 2, 1, 2, 1, 1, 2, 0, 3, 0, 2, 2, 3, 1, 0, 1, 0, 0, 1, 2, 4, 1, 3, 4, 2, 2, 4, 3, 3, 3, 1, 1, 4, 3, 4, 3, 3, 2, 2, 4, 2, 1, 2, 3, 4, 1, 2, 2, 4, 4, 4]|[0, 2, 0, 1, 3, 0, 1, 3, 0, 0, 2, 0, 1, 0, 1, 0, 0, 0, 1, 0, 0, 2, 0, 0, 1, 0, 0, 3, 0, 1, 0, 2, 0, 0, 3, 0, 1, 3, 1, 0, 0, 0, 1, 3, 0, 0, 1, 0, 2, 0, 0, 0, 0, 0, 1, 0, 0, 0, 1, 1, 0, 2, 0, 0, 0, 1, 0, 0, 0, 2, 0, 0, 1, 0, 0, 2, 0, 0, 3, 0, 0, 1, 0, 3, 0, 0, 1, 0, 3, 0, 0, 0, 0, 2, 1, 0, 0, 2, 1, 2],877.2731512234158,52481.77389377398,111340.82354524141,true
11,G2_TEC,G2_TEC,[31, 22, 82, 15, 26, 9, 95, 42, 77, 68, 47, 5, 93, 78, 86, 54, 85, 63, 18, 44, 20, 49, 36, 14, 74, 50, 53, 17, 21, 45, 71, 64, 3, 23, 30, 83, 24, 41, 60, 52, 65, 27, 90, 70, 39, 87, 48, 69, 99, 4, 46, 1, 13, 58, 97, 59, 28, 8, 73, 37, 35, 79, 11, 66, 76, 57, 40, 80, 96, 6, 16, 61, 33, 98, 32, 81, 62, 67, 10, 7, 56, 88, 51, 19, 91, 38, 75, 92, 25, 84, 2, 12, 29, 43, 89, 55, 0, 94, 34, 72]|[2, 1, 2, 1, 1, 2, 1, 1, 1, 1, 1, 0, 2, 2, 1, 2, 0, 0, 0, 2, 2, 1, 0, 2, 0, 2, 2, 1, 0, 1, 1, 1, 0, 0, 1, 0, 2, 1, 2, 2, 0, 0, 1, 1, 0, 2, 0, 2, 1, 0, 0, 2, 2, 0, 2, 0, 2, 1, 0, 0, 2, 1, 0, 2, 2, 0, 2, 2, 0, 1, 2, 1, 1, 0, 0, 1, 1, 1, 1, 2, 2, 1, 1, 1, 1, 0, 0, 0, 1, 0, 2, 1, 1, 1, 1, 0, 0, 1, 1, 1]|[0, 3, 0, 2, 4, 1, 4, 4, 2, 4, 3, 2, 1, 0, 2, 1, 1, 1, 2, 1, 1, 3, 0, 1, 0, 1, 1, 4, 1, 4, 3, 2, 2, 0, 4, 1, 1, 4, 0, 1, 2, 1, 4, 4, 1, 1, 0, 2, 3, 1, 2, 1, 2, 2, 1, 2, 0, 3, 0, 2, 2, 3, 1, 0, 1, 2, 0, 1, 2, 4, 1, 3, 4, 2, 2, 4, 3, 3, 3, 1, 1, 4, 3, 4, 3, 2, 2, 2, 4, 2, 1, 3, 3, 4, 4, 2, 2, 4, 1, 4]|[0, 2, 0, 1, 3, 0, 1, 3, 0, 0, 2, 0, 1, 0, 1, 0, 0, 0, 1, 0, 0, 2, 0, 0, 1, 0, 0, 3, 0, 1, 0, 2, 0, 0, 3, 0, 1, 3, 1, 0, 0, 0, 1, 3, 0, 0, 1, 0, 2, 0, 0, 0, 0, 0, 1, 0, 0, 0, 1, 1, 0, 2, 0, 0, 0, 0, 0, 0, 0, 2, 0, 0, 1, 0, 0, 2, 0, 0, 3, 0, 0, 1, 0, 3, 0, 0, 0, 0, 3, 0, 0, 0, 0, 2, 1, 0, 0, 2, 1, 2],886.7870637778938,51982.18484653672,112309.1752216169,false
11,G3_TWC,G3_TWC,[31, 22, 82, 15, 26, 9, 95, 42, 77, 12, 47, 5, 93, 78, 86, 54, 85, 63, 18, 44, 20, 35, 43, 97, 91, 76, 10, 30, 21, 45, 71, 64, 1, 23, 17, 83, 24, 14, 60, 36, 41, 57, 40, 88, 65, 56, 79, 94, 67, 68, 46, 75, 38, 58, 19, 32, 81, 6, 27, 62, 87, 90, 99, 59, 11, 16, 72, 73, 69, 39, 37, 84, 3, 92, 25, 55, 28, 29, 51, 7, 66, 61, 98, 48, 89, 8, 33, 96, 53, 80, 50, 4, 34, 2, 52, 13, 0, 70, 74, 49]|[1, 1, 0, 1, 1, 0, 1, 2, 2, 1, 2, 2, 2, 1, 1, 0, 0, 1, 0, 2, 2, 0, 1, 2, 0, 1, 2, 2, 0, 0, 1, 2, 1, 2, 1, 0, 2, 0, 1, 1, 0, 1, 1, 1, 0, 2, 1, 1, 0, 0, 0, 0, 1, 1, 2, 1, 2, 0, 0, 0, 2, 1, 0, 1, 2, 1, 2, 1, 1, 1, 1, 1, 1, 0, 1, 1, 0, 0, 0, 1, 2, 1, 2, 0, 1, 0, 2, 0, 0, 0, 0, 0, 2, 0, 1, 0, 0, 1, 2, 0]|[4, 3, 2, 2, 4, 1, 2, 2, 2, 4, 1, 1, 2, 4, 4, 1, 2, 4, 2, 1, 1, 1, 1, 2, 1, 2, 1, 1, 1, 1, 3, 2, 3, 0, 4, 0, 1, 1, 0, 3, 2, 2, 2, 0, 1, 1, 0, 4, 0, 1, 2, 2, 1, 4, 0, 3, 2, 1, 1, 2, 1, 3, 1, 1, 1, 3, 0, 4, 3, 1, 4, 1, 1, 0, 4, 4, 2, 1, 1, 1, 1, 3, 1, 1, 1, 1, 1, 1, 2, 1, 1, 2, 1, 2, 1, 2, 2, 4, 1, 1]|[0, 2, 1, 1, 3, 0, 1, 0, 0, 0, 0, 0, 1, 0, 1, 0, 0, 3, 1, 0, 0, 0, 3, 1, 0, 2, 0, 0, 0, 1, 0, 0, 0, 0, 3, 0, 1, 0, 0, 2, 1, 1, 1, 0, 0, 0, 0, 2, 1, 0, 0, 0, 1, 3, 0, 0, 1, 0, 0, 1, 0, 2, 0, 1, 0, 2, 1, 0, 0, 1, 1, 3, 1, 1, 3, 3, 1, 0, 0, 2, 0, 0, 0, 0, 1, 0, 0, 0, 1, 0, 0, 1, 0, 0, 1, 0, 0, 2, 0, 1],828.6150361188287,57498.909092636255,92558.71763620913,false
11,G1_CMAX,G1_CMAX,[31, 22, 82, 15, 26, 9, 95, 42, 77, 12, 47, 5, 93, 78, 86, 54, 6, 63, 18, 44, 20, 35, 43, 97, 91, 76, 10, 30, 21, 45, 64, 1, 23, 17, 83, 24, 14, 60, 36, 13, 75, 46, 68, 67, 69, 79, 56, 65, 88, 40, 57, 85, 58, 19, 32, 81, 48, 27, 62, 87, 90, 99, 59, 11, 16, 72, 73, 71, 70, 39, 37, 84, 3, 98, 29, 28, 55, 25, 92, 7, 33, 61, 53, 41, 89, 50, 8, 96, 51, 80, 34, 4, 66, 2, 52, 49, 0, 94, 74, 38]|[1, 1, 0, 1, 1, 0, 1, 2, 2, 1, 2, 2, 2, 1, 1, 0, 0, 1, 0, 2, 2, 0, 1, 2, 0, 1, 2, 2, 0, 0, 2, 1, 2, 1, 0, 2, 2, 1, 1, 0, 0, 0, 0, 0, 2, 1, 2, 0, 1, 1, 1, 0, 1, 2, 1, 2, 1, 0, 0, 2, 1, 0, 1, 2, 1, 2, 1, 1, 1, 1, 1, 1, 1, 0, 0, 0, 1, 1, 0, 1, 0, 1, 0, 1, 1, 0, 1, 0, 0, 0, 2, 1, 2, 0, 1, 0, 0, 2, 2, 1]|[0, 3, 2, 2, 4, 1, 2, 2, 2, 4, 1, 1, 2, 4, 4, 1, 2, 4, 2, 1, 1, 1, 1, 2, 1, 2, 1, 1, 1, 1, 2, 3, 0, 4, 0, 1, 2, 0, 3, 2, 2, 2, 1, 0, 2, 0, 1, 1, 0, 2, 2, 2, 0, 0, 3, 2, 4, 1, 2, 2, 3, 1, 1, 1, 3, 0, 4, 3, 3, 1, 4, 1, 1, 1, 1, 2, 4, 4, 0, 1, 2, 3, 2, 4, 1, 1, 3, 1, 1, 1, 1, 4, 1, 2, 1, 1, 2, 2, 1, 1]|[0, 2, 1, 1, 3, 0, 1, 0, 0, 0, 0, 0, 1, 0, 1, 0, 1, 3, 1, 0, 0, 0, 3, 1, 0, 2, 0, 0, 0, 1, 0, 0, 0, 3, 0, 1, 1, 0, 2, 0, 0, 0, 0, 1, 0, 0, 0, 0, 0, 1, 1, 0, 3, 0, 0, 1, 2, 0, 1, 0, 2, 0, 1, 0, 2, 1, 0, 0, 0, 1, 1, 3, 1, 0, 0, 1, 3, 3, 1, 2, 1, 0, 1, 3, 1, 0, 2, 0, 0, 0, 0, 0, 0, 0, 1, 1, 0, 0, 0, 1],740.6648699319737,58345.503832923176,99227.13002615936,false
11,G4_BALANCED,G4_BALANCED,[31, 22, 82, 15, 26, 58, 95, 42, 77, 12, 47, 5, 93, 78, 86, 54, 85, 63, 18, 44, 20, 35, 43, 97, 91, 76, 10, 30, 21, 45, 71, 64, 1, 23, 17, 83, 24, 14, 60, 36, 6, 57, 40, 88, 65, 56, 79, 94, 67, 68, 46, 75, 38, 9, 19, 32, 81, 41, 27, 62, 87, 90, 99, 59, 11, 16, 72, 73, 70, 39, 37, 84, 3, 92, 25, 34, 28, 29, 51, 7, 66, 61, 98, 48, 89, 50, 4, 96, 53, 80, 8, 33, 55, 2, 52, 13, 0, 69, 74, 49]|[1, 1, 0, 1, 1, 0, 1, 2, 2, 1, 2, 2, 2, 1, 1, 0, 0, 1, 0, 2, 2, 0, 1, 2, 0, 1, 2, 2, 0, 0, 1, 2, 1, 2, 1, 0, 2, 0, 1, 1, 0, 1, 1, 1, 0, 2, 1, 1, 0, 0, 0, 0, 1, 1, 2, 1, 2, 0, 0, 0, 2, 1, 0, 1, 2, 1, 2, 1, 1, 1, 1, 1, 1, 0, 1, 2, 0, 0, 0, 1, 2, 1, 2, 0, 1, 0, 1, 2, 0, 0, 1, 2, 2, 0, 1, 0, 0, 1, 2, 0]|[4, 3, 2, 2, 4, 1, 2, 2, 2, 4, 1, 1, 2, 4, 4, 1, 2, 4, 2, 1, 1, 1, 1, 2, 1, 2, 1, 1, 1, 1, 3, 2, 3, 1, 4, 0, 1, 1, 0, 3, 2, 2, 2, 0, 1, 1, 0, 4, 0, 1, 2, 2, 1, 4, 0, 3, 2, 1, 1, 2, 1, 3, 1, 1, 1, 3, 0, 4, 3, 1, 4, 1, 1, 0, 4, 1, 2, 1, 1, 1, 1, 3, 1, 1, 1, 1, 4, 1, 2, 1, 3, 1, 1, 2, 1, 2, 2, 4, 1, 1]|[0, 2, 1, 1, 3, 0, 1, 0, 0, 0, 0, 0, 1, 0, 1, 0, 0, 3, 1, 0, 0, 0, 3, 1, 0, 2, 0, 0, 0, 1, 0, 0, 0, 0, 3, 0, 1, 0, 0, 2, 1, 1, 1, 0, 0, 0, 0, 2, 1, 0, 0, 0, 1, 3, 0, 0, 1, 0, 0, 1, 0, 2, 0, 1, 0, 2, 1, 0, 0, 1, 1, 3, 1, 1, 3, 0, 1, 0, 0, 2, 0, 0, 0, 0, 1, 0, 0, 0, 1, 0, 2, 0, 0, 0, 1, 0, 0, 2, 0, 1],748.9199420531638,56515.33843988122,94927.95154690758,false
11,G2_TEC,G4_BALANCED,[31, 22, 82, 15, 26, 9, 95, 42, 77, 68, 47, 5, 93, 78, 86, 54, 85, 63, 18, 44, 20, 49, 36, 14, 74, 50, 53, 17, 21, 45, 71, 64, 3, 23, 30, 83, 24, 41, 60, 52, 65, 27, 90, 70, 39, 87, 48, 69, 99, 4, 46, 1, 13, 58, 97, 59, 28, 8, 73, 37, 35, 79, 11, 66, 76, 57, 40, 80, 96, 6, 16, 61, 33, 98, 32, 81, 62, 67, 10, 7, 56, 88, 51, 19, 91, 29, 75, 92, 25, 84, 2, 12, 55, 43, 34, 0, 38, 72, 89, 94]|[2, 1, 2, 1, 1, 2, 1, 1, 1, 1, 1, 0, 2, 2, 1, 2, 0, 0, 0, 2, 2, 1, 0, 2, 0, 2, 2, 1, 0, 1, 1, 1, 0, 0, 1, 0, 2, 1, 2, 2, 0, 0, 1, 1, 0, 2, 0, 2, 1, 0, 0, 2, 0, 0, 2, 0, 2, 1, 0, 0, 2, 1, 0, 2, 2, 0, 2, 2, 0, 1, 2, 1, 1, 0, 0, 1, 1, 1, 1, 2, 2, 1, 1, 1, 1, 1, 0, 0, 1, 0, 2, 1, 0, 1, 1, 0, 1, 1, 1, 1]|[0, 3, 0, 2, 4, 1, 4, 4, 2, 4, 3, 2, 1, 0, 2, 1, 1, 1, 2, 1, 1, 3, 0, 1, 0, 1, 1, 4, 1, 4, 3, 2, 2, 0, 4, 1, 1, 4, 0, 1, 2, 1, 4, 4, 1, 1, 0, 2, 3, 2, 2, 1, 2, 1, 1, 2, 0, 3, 0, 2, 2, 3, 1, 0, 1, 2, 0, 1, 2, 4, 1, 3, 4, 2, 2, 4, 3, 3, 3, 1, 1, 4, 3, 4, 3, 3, 2, 2, 4, 2, 1, 3, 2, 4, 1, 2, 3, 4, 4, 4]|[0, 2, 0, 1, 3, 0, 1, 3, 0, 0, 2, 0, 1, 0, 1, 0, 0, 0, 1, 0, 0, 2, 0, 0, 1, 0, 0, 3, 0, 1, 0, 2, 0, 0, 3, 0, 1, 3, 1, 0, 0, 0, 1, 3, 0, 0, 1, 0, 2, 0, 0, 0, 0, 0, 1, 0, 0, 0, 1, 1, 0, 2, 0, 0, 0, 0, 0, 0, 0, 2, 0, 0, 1, 0, 0, 2, 0, 0, 3, 0, 0, 1, 0, 3, 0, 0, 0, 0, 3, 0, 0, 0, 0, 2, 1, 0, 0, 2, 1, 2],900.3345565094953,52022.63266647525,111450.3611329553,true
11,G3_TWC,G3_TWC,[31, 22, 82, 15, 26, 9, 95, 42, 77, 12, 47, 5, 93, 78, 86, 54, 85, 63, 18, 44, 20, 35, 43, 97, 91, 76, 10, 30, 21, 45, 71, 64, 1, 23, 17, 83, 24, 14, 60, 36, 41, 57, 40, 88, 65, 56, 79, 94, 67, 68, 46, 75, 38, 58, 19, 32, 81, 6, 27, 62, 87, 90, 99, 59, 11, 16, 72, 73, 69, 39, 37, 84, 3, 92, 25, 55, 28, 29, 51, 7, 66, 61, 98, 48, 89, 8, 33, 96, 53, 80, 50, 4, 34, 2, 52, 13, 0, 70, 74, 49]|[1, 1, 0, 1, 1, 0, 1, 2, 2, 1, 2, 2, 2, 1, 1, 0, 0, 1, 0, 2, 2, 0, 1, 2, 0, 1, 2, 2, 0, 0, 1, 2, 1, 2, 1, 0, 2, 0, 1, 1, 0, 1, 1, 1, 0, 2, 1, 1, 0, 0, 0, 0, 1, 1, 2, 1, 2, 0, 0, 0, 2, 1, 0, 1, 2, 1, 2, 1, 1, 1, 1, 1, 1, 0, 1, 1, 0, 0, 0, 1, 2, 1, 2, 0, 1, 0, 2, 0, 0, 0, 0, 0, 2, 0, 1, 0, 0, 1, 2, 0]|[4, 3, 2, 2, 4, 1, 2, 2, 2, 4, 1, 1, 2, 4, 4, 1, 2, 4, 2, 1, 1, 1, 1, 2, 1, 2, 1, 1, 1, 1, 3, 2, 3, 0, 4, 0, 1, 1, 0, 3, 2, 2, 2, 0, 1, 1, 0, 4, 0, 1, 2, 2, 1, 4, 0, 3, 2, 1, 1, 2, 1, 3, 1, 1, 1, 3, 0, 4, 3, 1, 4, 1, 1, 0, 4, 4, 2, 1, 1, 1, 1, 3, 1, 1, 1, 1, 1, 1, 2, 1, 1, 2, 1, 2, 1, 2, 2, 4, 1, 1]|[0, 2, 1, 1, 3, 0, 1, 0, 0, 0, 0, 0, 1, 0, 1, 0, 0, 3, 1, 0, 0, 0, 3, 1, 0, 2, 0, 0, 0, 1, 0, 0, 0, 0, 3, 0, 1, 0, 0, 2, 1, 1, 1, 0, 0, 0, 0, 2, 1, 0, 0, 0, 1, 3, 0, 0, 1, 0, 0, 1, 0, 2, 0, 1, 0, 2, 1, 0, 0, 1, 1, 3, 1, 1, 3, 3, 1, 0, 0, 2, 0, 0, 0, 0, 1, 0, 0, 0, 1, 0, 0, 1, 0, 0, 1, 0, 0, 2, 0, 1],828.6150361188287,57498.909092636255,92558.71763620913,false
11,G1_CMAX,G1_CMAX,[31, 22, 82, 15, 26, 9, 95, 42, 77, 12, 47, 5, 93, 78, 86, 54, 6, 63, 18, 44, 20, 35, 43, 97, 91, 76, 10, 30, 21, 45, 64, 1, 23, 17, 83, 24, 14, 60, 36, 13, 75, 46, 68, 67, 69, 79, 56, 65, 88, 40, 57, 85, 58, 19, 32, 81, 48, 27, 62, 87, 90, 99, 59, 11, 16, 72, 73, 71, 70, 39, 37, 84, 3, 98, 29, 28, 55, 25, 92, 7, 33, 61, 53, 41, 89, 50, 8, 96, 51, 80, 34, 4, 66, 2, 52, 49, 0, 94, 74, 38]|[1, 1, 0, 1, 1, 0, 1, 2, 2, 1, 2, 2, 2, 1, 1, 0, 0, 1, 0, 2, 2, 0, 1, 2, 0, 1, 2, 2, 0, 0, 2, 1, 2, 1, 0, 2, 2, 1, 1, 0, 0, 0, 0, 0, 2, 1, 2, 0, 1, 1, 1, 0, 1, 2, 1, 2, 1, 0, 0, 2, 1, 0, 1, 2, 1, 2, 1, 1, 1, 1, 1, 1, 1, 0, 0, 0, 1, 1, 0, 1, 0, 1, 0, 1, 1, 0, 1, 0, 0, 0, 2, 1, 2, 0, 1, 0, 0, 2, 2, 1]|[0, 3, 2, 2, 4, 1, 2, 2, 2, 4, 1, 1, 2, 4, 4, 1, 2, 4, 2, 1, 1, 1, 1, 2, 1, 2, 1, 1, 1, 1, 2, 3, 0, 4, 0, 1, 2, 0, 3, 2, 2, 2, 1, 0, 2, 0, 1, 1, 0, 2, 2, 2, 0, 0, 3, 2, 4, 1, 2, 2, 3, 1, 1, 1, 3, 0, 4, 3, 3, 1, 4, 1, 1, 1, 1, 2, 4, 4, 0, 1, 2, 3, 2, 4, 1, 1, 3, 1, 1, 1, 1, 4, 1, 2, 1, 1, 2, 2, 1, 1]|[0, 2, 1, 1, 3, 0, 1, 0, 0, 0, 0, 0, 1, 0, 1, 0, 1, 3, 1, 0, 0, 0, 3, 1, 0, 2, 0, 0, 0, 1, 0, 0, 0, 3, 0, 1, 1, 0, 2, 0, 0, 0, 0, 1, 0, 0, 0, 0, 0, 1, 1, 0, 3, 0, 0, 1, 2, 0, 1, 0, 2, 0, 1, 0, 2, 1, 0, 0, 0, 1, 1, 3, 1, 0, 0, 1, 3, 3, 1, 2, 1, 0, 1, 3, 1, 0, 2, 0, 0, 0, 0, 0, 0, 0, 1, 1, 0, 0, 0, 1],740.6648699319737,58345.503832923176,99227.13002615936,false
11,G4_BALANCED,G4_BALANCED,[31, 22, 82, 15, 26, 58, 95, 42, 77, 12, 47, 5, 93, 78, 86, 54, 85, 63, 18, 44, 20, 35, 43, 97, 91, 76, 10, 30, 21, 45, 71, 64, 1, 23, 17, 83, 24, 14, 60, 36, 6, 57, 40, 88, 65, 56, 79, 94, 67, 68, 46, 75, 38, 9, 19, 32, 81, 41, 27, 62, 87, 90, 99, 59, 11, 16, 72, 73, 70, 39, 37, 84, 3, 92, 25, 34, 28, 29, 51, 7, 66, 61, 98, 48, 89, 50, 4, 96, 53, 80, 8, 33, 55, 2, 52, 13, 0, 69, 74, 49]|[1, 1, 0, 1, 1, 0, 1, 2, 2, 1, 2, 2, 2, 1, 1, 0, 0, 1, 0, 2, 2, 0, 1, 2, 0, 1, 2, 2, 0, 0, 1, 2, 1, 2, 1, 0, 2, 0, 1, 1, 0, 1, 1, 1, 0, 2, 1, 1, 0, 0, 0, 0, 1, 1, 2, 1, 2, 0, 0, 0, 2, 1, 0, 1, 2, 1, 2, 1, 1, 1, 1, 1, 1, 0, 1, 2, 0, 0, 0, 1, 2, 1, 2, 0, 1, 0, 1, 2, 0, 0, 1, 2, 2, 0, 1, 0, 0, 1, 2, 0]|[4, 3, 2, 2, 4, 1, 2, 2, 2, 4, 1, 1, 2, 4, 4, 1, 2, 4, 2, 1, 1, 1, 1, 2, 1, 2, 1, 1, 1, 1, 3, 2, 3, 1, 4, 0, 1, 1, 0, 3, 2, 2, 2, 0, 1, 1, 0, 4, 0, 1, 2, 2, 1, 4, 0, 3, 2, 1, 1, 2, 1, 3, 1, 1, 1, 3, 0, 4, 3, 1, 4, 1, 1, 0, 4, 1, 2, 1, 1, 1, 1, 3, 1, 1, 1, 1, 4, 1, 2, 1, 3, 1, 1, 2, 1, 2, 2, 4, 1, 1]|[0, 2, 1, 1, 3, 0, 1, 0, 0, 0, 0, 0, 1, 0, 1, 0, 0, 3, 1, 0, 0, 0, 3, 1, 0, 2, 0, 0, 0, 1, 0, 0, 0, 0, 3, 0, 1, 0, 0, 2, 1, 1, 1, 0, 0, 0, 0, 2, 1, 0, 0, 0, 1, 3, 0, 0, 1, 0, 0, 1, 0, 2, 0, 1, 0, 2, 1, 0, 0, 1, 1, 3, 1, 1, 3, 0, 1, 0, 0, 2, 0, 0, 0, 0, 1, 0, 0, 0, 1, 0, 2, 0, 0, 0, 1, 0, 0, 2, 0, 1],748.9199420531638,56515.33843988122,94927.95154690758,false
11,G2_TEC,G4_BALANCED,[31, 22, 82, 15, 26, 9, 95, 42, 77, 68, 47, 5, 93, 78, 86, 54, 85, 63, 18, 44, 20, 49, 36, 14, 74, 50, 53, 17, 21, 45, 71, 64, 3, 23, 30, 83, 24, 41, 60, 52, 65, 27, 90, 70, 39, 87, 48, 69, 99, 4, 46, 1, 13, 58, 97, 59, 28, 8, 73, 37, 35, 79, 11, 66, 76, 57, 40, 80, 96, 6, 16, 61, 33, 98, 32, 81, 62, 67, 10, 7, 56, 88, 51, 19, 91, 29, 75, 92, 25, 84, 2, 12, 55, 43, 34, 0, 38, 72, 89, 94]|[2, 1, 2, 1, 1, 2, 1, 1, 1, 1, 1, 0, 2, 2, 1, 2, 0, 0, 0, 2, 2, 1, 0, 2, 0, 2, 2, 1, 0, 1, 1, 1, 0, 0, 1, 0, 2, 1, 2, 2, 0, 0, 1, 1, 0, 2, 0, 2, 1, 0, 0, 2, 0, 0, 2, 0, 2, 1, 0, 0, 2, 1, 0, 2, 2, 0, 2, 2, 0, 1, 2, 1, 1, 0, 0, 1, 1, 1, 1, 2, 2, 1, 1, 1, 1, 1, 0, 0, 1, 0, 2, 1, 0, 1, 1, 0, 1, 1, 1, 1]|[0, 3, 0, 2, 4, 1, 4, 4, 2, 4, 3, 2, 1, 0, 2, 1, 1, 1, 2, 1, 1, 3, 0, 1, 0, 1, 1, 4, 1, 4, 3, 2, 2, 0, 4, 1, 1, 4, 0, 1, 2, 1, 4, 4, 1, 1, 0, 2, 3, 2, 2, 1, 2, 1, 1, 2, 0, 3, 0, 2, 2, 3, 1, 0, 1, 2, 0, 1, 2, 4, 1, 3, 4, 2, 2, 4, 3, 3, 3, 1, 1, 4, 3, 4, 3, 3, 2, 2, 4, 2, 1, 3, 2, 4, 1, 2, 3, 4, 4, 4]|[0, 2, 0, 1, 3, 0, 1, 3, 0, 0, 2, 0, 1, 0, 1, 0, 0, 0, 1, 0, 0, 2, 0, 0, 1, 0, 0, 3, 0, 1, 0, 2, 0, 0, 3, 0, 1, 3, 1, 0, 0, 0, 1, 3, 0, 0, 1, 0, 2, 0, 0, 0, 0, 0, 1, 0, 0, 0, 1, 1, 0, 2, 0, 0, 0, 0, 0, 0, 0, 2, 0, 0, 1, 0, 0, 2, 0, 0, 3, 0, 0, 1, 0, 3, 0, 0, 0, 0, 3, 0, 0, 0, 0, 2, 1, 0, 0, 2, 1, 2],900.3345565094953,52022.63266647525,111450.3611329553,true
11,G3_TWC,G3_TWC,[31, 22, 82, 15, 26, 9, 95, 42, 77, 12, 47, 5, 93, 78, 86, 54, 85, 63, 18, 44, 20, 35, 43, 97, 91, 76, 10, 30, 21, 45, 71, 64, 1, 23, 17, 83, 24, 14, 60, 36, 41, 57, 40, 88, 65, 56, 79, 94, 67, 68, 46, 75, 38, 58, 19, 32, 81, 6, 27, 62, 87, 90, 99, 59, 11, 16, 72, 73, 69, 39, 37, 84, 3, 92, 25, 55, 28, 29, 51, 7, 66, 61, 98, 48, 89, 8, 33, 96, 53, 80, 50, 4, 34, 2, 52, 13, 0, 70, 74, 49]|[1, 1, 0, 1, 1, 0, 1, 2, 2, 1, 2, 2, 2, 1, 1, 0, 0, 1, 0, 2, 2, 0, 1, 2, 0, 1, 2, 2, 0, 0, 1, 2, 1, 2, 1, 0, 2, 0, 1, 1, 0, 1, 1, 1, 0, 2, 1, 1, 0, 0, 0, 0, 1, 1, 2, 1, 2, 0, 0, 0, 2, 1, 0, 1, 2, 1, 2, 1, 1, 1, 1, 1, 1, 0, 1, 1, 0, 0, 0, 1, 2, 1, 2, 0, 1, 0, 2, 0, 0, 0, 0, 0, 2, 0, 1, 0, 0, 1, 2, 0]|[4, 3, 2, 2, 4, 1, 2, 2, 2, 4, 1, 1, 2, 4, 4, 1, 2, 4, 2, 1, 1, 1, 1, 2, 1, 2, 1, 1, 1, 1, 3, 2, 3, 0, 4, 0, 1, 1, 0, 3, 2, 2, 2, 0, 1, 1, 0, 4, 0, 1, 2, 2, 1, 4, 0, 3, 2, 1, 1, 2, 1, 3, 1, 1, 1, 3, 0, 4, 3, 1, 4, 1, 1, 0, 4, 4, 2, 1, 1, 1, 1, 3, 1, 1, 1, 1, 1, 1, 2, 1, 1, 2, 1, 2, 1, 2, 2, 4, 1, 1]|[0, 2, 1, 1, 3, 0, 1, 0, 0, 0, 0, 0, 1, 0, 1, 0, 0, 3, 1, 0, 0, 0, 3, 1, 0, 2, 0, 0, 0, 1, 0, 0, 0, 0, 3, 0, 1, 0, 0, 2, 1, 1, 1, 0, 0, 0, 0, 2, 1, 0, 0, 0, 1, 3, 0, 0, 1, 0, 0, 1, 0, 2, 0, 1, 0, 2, 1, 0, 0, 1, 1, 3, 1, 1, 3, 3, 1, 0, 0, 2, 0, 0, 0, 0, 1, 0, 0, 0, 1, 0, 0, 1, 0, 0, 1, 0, 0, 2, 0, 1],828.6150361188287,57498.909092636255,92558.71763620913,false
11,G1_CMAX,G1_CMAX,[31, 22, 82, 15, 26, 9, 95, 42, 77, 12, 47, 5, 93, 78, 86, 54, 6, 63, 18, 44, 20, 35, 43, 97, 91, 76, 10, 30, 21, 45, 64, 1, 23, 17, 83, 24, 14, 60, 36, 13, 75, 46, 68, 67, 69, 79, 56, 65, 88, 40, 57, 85, 58, 19, 32, 81, 48, 27, 62, 87, 90, 99, 59, 11, 16, 72, 73, 71, 70, 39, 37, 84, 3, 98, 29, 28, 55, 25, 92, 7, 33, 61, 53, 41, 89, 50, 8, 96, 51, 80, 34, 4, 66, 2, 52, 49, 0, 94, 74, 38]|[1, 1, 0, 1, 1, 0, 1, 2, 2, 1, 2, 2, 2, 1, 1, 0, 0, 1, 0, 2, 2, 0, 1, 2, 0, 1, 2, 2, 0, 0, 2, 1, 2, 1, 0, 2, 2, 1, 1, 0, 0, 0, 0, 0, 2, 1, 2, 0, 1, 1, 1, 0, 1, 2, 1, 2, 1, 0, 0, 2, 1, 0, 1, 2, 1, 2, 1, 1, 1, 1, 1, 1, 1, 0, 0, 0, 1, 1, 0, 1, 0, 1, 0, 1, 1, 0, 1, 0, 0, 0, 2, 1, 2, 0, 1, 0, 0, 2, 2, 1]|[0, 3, 2, 2, 4, 1, 2, 2, 2, 4, 1, 1, 2, 4, 4, 1, 2, 4, 2, 1, 1, 1, 1, 2, 1, 2, 1, 1, 1, 1, 2, 3, 0, 4, 0, 1, 2, 0, 3, 2, 2, 2, 1, 0, 2, 0, 1, 1, 0, 2, 2, 2, 0, 0, 3, 2, 4, 1, 2, 2, 3, 1, 1, 1, 3, 0, 4, 3, 3, 1, 4, 1, 1, 1, 1, 2, 4, 4, 0, 1, 2, 3, 2, 4, 1, 1, 3, 1, 1, 1, 1, 4, 1, 2, 1, 1, 2, 2, 1, 1]|[0, 2, 1, 1, 3, 0, 1, 0, 0, 0, 0, 0, 1, 0, 1, 0, 1, 3, 1, 0, 0, 0, 3, 1, 0, 2, 0, 0, 0, 1, 0, 0, 0, 3, 0, 1, 1, 0, 2, 0, 0, 0, 0, 1, 0, 0, 0, 0, 0, 1, 1, 0, 3, 0, 0, 1, 2, 0, 1, 0, 2, 0, 1, 0, 2, 1, 0, 0, 0, 1, 1, 3, 1, 0, 0, 1, 3, 3, 1, 2, 1, 0, 1, 3, 1, 0, 2, 0, 0, 0, 0, 0, 0, 0, 1, 1, 0, 0, 0, 1],740.6648699319737,58345.503832923176,99227.13002615936,false
11,G4_BALANCED,G4_BALANCED,[31, 22, 82, 15, 26, 58, 95, 42, 77, 12, 47, 5, 93, 78, 86, 54, 85, 63, 18, 44, 20, 35, 43, 97, 91, 76, 10, 30, 21, 45, 71, 64, 1, 23, 17, 83, 24, 14, 60, 36, 6, 57, 40, 88, 65, 56, 79, 94, 67, 68, 46, 75, 38, 9, 19, 32, 81, 41, 27, 62, 87, 90, 99, 59, 11, 16, 72, 73, 70, 39, 37, 84, 3, 92, 25, 34, 28, 29, 51, 7, 66, 61, 98, 48, 89, 50, 4, 96, 53, 80, 8, 33, 55, 2, 52, 13, 0, 69, 74, 49]|[1, 1, 0, 1, 1, 0, 1, 2, 2, 1, 2, 2, 2, 1, 1, 0, 0, 1, 0, 2, 2, 0, 1, 2, 0, 1, 2, 2, 0, 0, 1, 2, 1, 2, 1, 0, 2, 0, 1, 1, 0, 1, 1, 1, 0, 2, 1, 1, 0, 0, 0, 0, 1, 1, 2, 1, 2, 0, 0, 0, 2, 1, 0, 1, 2, 1, 2, 1, 1, 1, 1, 1, 1, 0, 1, 2, 0, 0, 0, 1, 2, 1, 2, 0, 1, 0, 1, 2, 0, 0, 1, 2, 2, 0, 1, 0, 0, 1, 2, 0]|[4, 3, 2, 2, 4, 1, 2, 2, 2, 4, 1, 1, 2, 4, 4, 1, 2, 4, 2, 1, 1, 1, 1, 2, 1, 2, 1, 1, 1, 1, 3, 2, 3, 1, 4, 0, 1, 1, 0, 3, 2, 2, 2, 0, 1, 1, 0, 4, 0, 1, 2, 2, 1, 4, 0, 3, 2, 1, 1, 2, 1, 3, 1, 1, 1, 3, 0, 4, 3, 1, 4, 1, 1, 0, 4, 1, 2, 1, 1, 1, 1, 3, 1, 1, 1, 1, 4, 1, 2, 1, 3, 1, 1, 2, 1, 2, 2, 4, 1, 1]|[0, 2, 1, 1, 3, 0, 1, 0, 0, 0, 0, 0, 1, 0, 1, 0, 0, 3, 1, 0, 0, 0, 3, 1, 0, 2, 0, 0, 0, 1, 0, 0, 0, 0, 3, 0, 1, 0, 0, 2, 1, 1, 1, 0, 0, 0, 0, 2, 1, 0, 0, 0, 1, 3, 0, 0, 1, 0, 0, 1, 0, 2, 0, 1, 0, 2, 1, 0, 0, 1, 1, 3, 1, 1, 3, 0, 1, 0, 0, 2, 0, 0, 0, 0, 1, 0, 0, 0, 1, 0, 2, 0, 0, 0, 1, 0, 0, 2, 0, 1],748.9199420531638,56515.33843988122,94927.95154690758,false
11,G2_TEC,G2_TEC,[31, 22, 82, 15, 26, 9, 95, 42, 77, 68, 47, 5, 93, 78, 86, 54, 85, 63, 18, 44, 20, 49, 36, 14, 74, 50, 53, 17, 21, 45, 71, 64, 3, 23, 30, 83, 24, 41, 60, 52, 65, 27, 90, 70, 39, 87, 48, 69, 99, 4, 46, 1, 13, 58, 97, 59, 28, 8, 73, 37, 35, 79, 11, 66, 76, 57, 40, 80, 96, 6, 16, 61, 33, 98, 32, 81, 62, 67, 10, 7, 56, 88, 51, 19, 91, 38, 75, 92, 25, 84, 2, 55, 12, 43, 34, 0, 29, 94, 89, 72]|[2, 1, 2, 1, 1, 2, 1, 1, 1, 1, 1, 0, 2, 2, 1, 2, 0, 0, 0, 2, 2, 1, 0, 2, 0, 2, 2, 1, 0, 1, 1, 1, 0, 0, 1, 0, 2, 1, 2, 2, 0, 1, 1, 1, 0, 2, 0, 2, 1, 0, 0, 2, 0, 0, 2, 0, 2, 1, 0, 0, 2, 1, 0, 2, 2, 0, 2, 2, 0, 1, 2, 1, 1, 0, 0, 1, 1, 1, 1, 2, 2, 1, 1, 1, 1, 0, 0, 0, 1, 0, 2, 0, 1, 1, 1, 0, 1, 1, 1, 1]|[0, 3, 0, 2, 4, 1, 4, 4, 2, 4, 3, 2, 1, 0, 2, 1, 1, 1, 2, 1, 1, 3, 0, 1, 0, 1, 1, 4, 1, 4, 3, 2, 2, 0, 4, 1, 1, 4, 0, 1, 2, 2, 4, 4, 1, 1, 0, 2, 3, 1, 2, 1, 2, 2, 1, 2, 0, 3, 0, 2, 2, 3, 2, 0, 1, 2, 0, 1, 2, 4, 1, 3, 4, 2, 2, 4, 3, 3, 3, 1, 1, 4, 3, 4, 3, 2, 2, 2, 4, 2, 1, 2, 3, 4, 1, 2, 3, 4, 4, 4]|[0, 2, 0, 1, 3, 0, 1, 3, 0, 0, 2, 0, 1, 0, 1, 0, 0, 0, 1, 0, 0, 2, 0, 0, 1, 0, 0, 3, 0, 1, 0, 2, 0, 0, 3, 0, 1, 3, 1, 0, 0, 1, 1, 3, 0, 0, 1, 0, 2, 0, 0, 0, 0, 0, 1, 0, 0, 0, 1, 1, 0, 2, 0, 0, 0, 0, 0, 0, 0, 2, 0, 0, 1, 0, 0, 2, 0, 0, 3, 0, 0, 1, 0, 3, 0, 0, 0, 0, 3, 0, 0, 0, 0, 2, 1, 0, 0, 2, 1, 2],919.211504852936,51989.786838518135,110087.227066082,false
11,G3_TWC,G3_TWC,[31, 22, 82, 15, 26, 9, 95, 42, 77, 12, 47, 5, 93, 78, 86, 54, 85, 63, 18, 44, 20, 35, 43, 97, 91, 76, 10, 30, 21, 45, 71, 64, 1, 23, 17, 83, 24, 14, 60, 36, 41, 57, 40, 88, 65, 56, 79, 94, 67, 68, 46, 75, 38, 58, 19, 32, 81, 6, 27, 62, 87, 90, 99, 59, 11, 16, 72, 73, 69, 39, 37, 84, 3, 92, 25, 55, 28, 29, 51, 7, 66, 61, 98, 48, 89, 8, 33, 96, 53, 80, 50, 4, 34, 2, 52, 13, 0, 70, 74, 49]|[1, 1, 0, 1, 1, 0, 1, 2, 2, 1, 2, 2, 2, 1, 1, 0, 0, 1, 0, 2, 2, 0, 1, 2, 0, 1, 2, 2, 0, 0, 1, 2, 1, 2, 1, 0, 2, 0, 1, 1, 0, 1, 1, 1, 0, 2, 1, 1, 0, 0, 0, 0, 1, 1, 2, 1, 2, 0, 0, 0, 2, 1, 0, 1, 2, 1, 2, 1, 1, 1, 1, 1, 1, 0, 1, 1, 0, 0, 0, 1, 2, 1, 2, 0, 1, 0, 2, 0, 0, 0, 0, 0, 2, 0, 1, 0, 0, 1, 2, 0]|[4, 3, 2, 2, 4, 1, 2, 2, 2, 4, 1, 1, 2, 4, 4, 1, 2, 4, 2, 1, 1, 1, 1, 2, 1, 2, 1, 1, 1, 1, 3, 2, 3, 0, 4, 0, 1, 1, 0, 3, 2, 2, 2, 0, 1, 1, 0, 4, 0, 1, 2, 2, 1, 4, 0, 3, 2, 1, 1, 2, 1, 3, 1, 1, 1, 3, 0, 4, 3, 1, 4, 1, 1, 0, 4, 4, 2, 1, 1, 1, 1, 3, 1, 1, 1, 1, 1, 1, 2, 1, 1, 2, 1, 2, 1, 2, 2, 4, 1, 1]|[0, 2, 1, 1, 3, 0, 1, 0, 0, 0, 0, 0, 1, 0, 1, 0, 0, 3, 1, 0, 0, 0, 3, 1, 0, 2, 0, 0, 0, 1, 0, 0, 0, 0, 3, 0, 1, 0, 0, 2, 1, 1, 1, 0, 0, 0, 0, 2, 1, 0, 0, 0, 1, 3, 0, 0, 1, 0, 0, 1, 0, 2, 0, 1, 0, 2, 1, 0, 0, 1, 1, 3, 1, 1, 3, 3, 1, 0, 0, 2, 0, 0, 0, 0, 1, 0, 0, 0, 1, 0, 0, 1, 0, 0, 1, 0, 0, 2, 0, 1],828.6150361188287,57498.909092636255,92558.71763620913,false
11,G1_CMAX,G1_CMAX,[31, 22, 82, 15, 26, 9, 95, 42, 77, 12, 47, 5, 93, 78, 86, 54, 6, 63, 18, 44, 20, 35, 43, 97, 91, 76, 10, 30, 21, 45, 64, 1, 23, 17, 83, 24, 14, 60, 36, 13, 75, 46, 68, 67, 69, 79, 56, 65, 88, 40, 57, 85, 58, 19, 32, 81, 48, 27, 62, 87, 90, 99, 59, 11, 16, 72, 73, 71, 70, 39, 37, 84, 3, 98, 29, 28, 55, 25, 92, 7, 33, 61, 53, 41, 89, 50, 8, 96, 51, 80, 34, 4, 66, 2, 52, 49, 0, 94, 74, 38]|[1, 1, 0, 1, 1, 0, 1, 2, 2, 1, 2, 2, 2, 1, 1, 0, 0, 1, 0, 2, 2, 0, 1, 2, 0, 1, 2, 2, 0, 0, 2, 1, 2, 1, 0, 2, 2, 1, 1, 0, 0, 0, 0, 0, 2, 1, 2, 0, 1, 1, 1, 0, 1, 2, 1, 2, 1, 0, 0, 2, 1, 0, 1, 2, 1, 2, 1, 1, 1, 1, 1, 1, 1, 0, 0, 0, 1, 1, 0, 1, 0, 1, 0, 1, 1, 0, 1, 0, 0, 0, 2, 1, 2, 0, 1, 0, 0, 2, 2, 1]|[0, 3, 2, 2, 4, 1, 2, 2, 2, 4, 1, 1, 2, 4, 4, 1, 2, 4, 2, 1, 1, 1, 1, 2, 1, 2, 1, 1, 1, 1, 2, 3, 0, 4, 0, 1, 2, 0, 3, 2, 2, 2, 1, 0, 2, 0, 1, 1, 0, 2, 2, 2, 0, 0, 3, 2, 4, 1, 2, 2, 3, 1, 1, 1, 3, 0, 4, 3, 3, 1, 4, 1, 1, 1, 1, 2, 4, 4, 0, 1, 2, 3, 2, 4, 1, 1, 3, 1, 1, 1, 1, 4, 1, 2, 1, 1, 2, 2, 1, 1]|[0, 2, 1, 1, 3, 0, 1, 0, 0, 0, 0, 0, 1, 0, 1, 0, 1, 3, 1, 0, 0, 0, 3, 1, 0, 2, 0, 0, 0, 1, 0, 0, 0, 3, 0, 1, 1, 0, 2, 0, 0, 0, 0, 1, 0, 0, 0, 0, 0, 1, 1, 0, 3, 0, 0, 1, 2, 0, 1, 0, 2, 0, 1, 0, 2, 1, 0, 0, 0, 1, 1, 3, 1, 0, 0, 1, 3, 3, 1, 2, 1, 0, 1, 3, 1, 0, 2, 0, 0, 0, 0, 0, 0, 0, 1, 1, 0, 0, 0, 1],740.6648699319737,58345.503832923176,99227.13002615936,false
11,G4_BALANCED,G4_BALANCED,[31, 22, 82, 15, 26, 58, 95, 42, 77, 12, 47, 5, 93, 78, 86, 54, 85, 63, 18, 44, 20, 35, 43, 97, 91, 76, 10, 30, 21, 45, 71, 64, 1, 23, 17, 83, 24, 14, 60, 36, 6, 57, 40, 88, 65, 56, 79, 94, 67, 68, 46, 75, 38, 9, 19, 32, 81, 41, 27, 62, 87, 90, 99, 59, 11, 16, 72, 73, 70, 39, 37, 84, 3, 92, 25, 34, 28, 29, 51, 7, 66, 61, 98, 48, 89, 50, 4, 96, 53, 80, 8, 33, 55, 2, 52, 13, 0, 69, 74, 49]|[1, 1, 0, 1, 1, 0, 1, 2, 2, 1, 2, 2, 2, 1, 1, 0, 0, 1, 0, 2, 2, 0, 1, 2, 0, 1, 2, 2, 0, 0, 1, 2, 1, 2, 1, 0, 2, 0, 1, 1, 0, 1, 1, 1, 0, 2, 1, 1, 0, 0, 0, 0, 1, 1, 2, 1, 2, 0, 0, 0, 2, 1, 0, 1, 2, 1, 2, 1, 1, 1, 1, 1, 1, 0, 1, 2, 0, 0, 0, 1, 2, 1, 2, 0, 1, 0, 1, 2, 0, 0, 1, 2, 2, 0, 1, 0, 0, 1, 2, 0]|[4, 3, 2, 2, 4, 1, 2, 2, 2, 4, 1, 1, 2, 4, 4, 1, 2, 4, 2, 1, 1, 1, 1, 2, 1, 2, 1, 1, 1, 1, 3, 2, 3, 1, 4, 0, 1, 1, 0, 3, 2, 2, 2, 0, 1, 1, 0, 4, 0, 1, 2, 2, 1, 4, 0, 3, 2, 1, 1, 2, 1, 3, 1, 1, 1, 3, 0, 4, 3, 1, 4, 1, 1, 0, 4, 1, 2, 1, 1, 1, 1, 3, 1, 1, 1, 1, 4, 1, 2, 1, 3, 1, 1, 2, 1, 2, 2, 4, 1, 1]|[0, 2, 1, 1, 3, 0, 1, 0, 0, 0, 0, 0, 1, 0, 1, 0, 0, 3, 1, 0, 0, 0, 3, 1, 0, 2, 0, 0, 0, 1, 0, 0, 0, 0, 3, 0, 1, 0, 0, 2, 1, 1, 1, 0, 0, 0, 0, 2, 1, 0, 0, 0, 1, 3, 0, 0, 1, 0, 0, 1, 0, 2, 0, 1, 0, 2, 1, 0, 0, 1, 1, 3, 1, 1, 3, 0, 1, 0, 0, 2, 0, 0, 0, 0, 1, 0, 0, 0, 1, 0, 2, 0, 0, 0, 1, 0, 0, 2, 0, 1],748.9199420531638,56515.33843988122,94927.95154690758,false
11,G2_TEC,G4_BALANCED,[31, 22, 82, 15, 26, 9, 95, 42, 77, 68, 47, 5, 93, 78, 86, 54, 85, 63, 18, 44, 20, 49, 36, 14, 74, 50, 53, 17, 21, 45, 71, 64, 3, 23, 30, 83, 24, 41, 60, 52, 65, 27, 90, 70, 39, 87, 48, 69, 99, 4, 46, 1, 38, 58, 97, 59, 28, 8, 73, 37, 35, 79, 11, 66, 76, 57, 40, 80, 96, 6, 16, 61, 33, 98, 32, 81, 62, 67, 10, 7, 56, 88, 51, 19, 91, 13, 75, 92, 25, 84, 2, 55, 12, 43, 34, 0, 29, 94, 89, 72]|[2, 1, 2, 1, 1, 2, 1, 1, 1, 1, 1, 0, 2, 2, 1, 2, 0, 0, 0, 2, 2, 1, 0, 2, 0, 2, 2, 1, 0, 1, 1, 1, 0, 0, 1, 0, 2, 1, 2, 2, 0, 0, 1, 1, 0, 2, 0, 2, 1, 0, 0, 2, 0, 0, 2, 0, 2, 1, 0, 0, 2, 1, 0, 2, 2, 0, 2, 2, 0, 1, 2, 1, 1, 0, 0, 1, 1, 1, 1, 2, 2, 1, 1, 1, 1, 0, 2, 0, 1, 0, 2, 0, 1, 1, 1, 0, 1, 1, 1, 1]|[0, 3, 0, 2, 4, 1, 4, 4, 2, 4, 3, 2, 1, 0, 2, 1, 1, 1, 2, 1, 1, 3, 0, 1, 0, 1, 1, 4, 1, 4, 3, 2, 2, 0, 4, 1, 1, 4, 0, 1, 2, 1, 4, 4, 1, 1, 0, 2, 3, 1, 2, 1, 2, 1, 1, 2, 0, 3, 0, 2, 2, 3, 1, 0, 1, 0, 0, 1, 2, 4, 1, 3, 4, 2, 2, 4, 3, 3, 3, 1, 1, 4, 3, 4, 3, 2, 2, 2, 4, 2, 1, 2, 3, 4, 1, 2, 3, 4, 4, 4]|[0, 2, 0, 1, 3, 0, 1, 3, 0, 0, 2, 0, 1, 0, 1, 0, 0, 0, 1, 0, 0, 2, 0, 0, 1, 0, 0, 3, 0, 1, 0, 2, 0, 0, 3, 0, 1, 3, 1, 0, 0, 0, 1, 3, 0, 0, 1, 0, 2, 0, 0, 0, 0, 0, 1, 0, 0, 0, 1, 1, 0, 2, 0, 0, 0, 1, 0, 0, 0, 2, 0, 0, 1, 0, 0, 2, 0, 0, 3, 0, 0, 1, 0, 3, 0, 0, 1, 0, 3, 0, 0, 0, 0, 2, 1, 0, 0, 2, 1, 2],868.1883244485368,52515.14874698785,111343.13813390033,true
11,G3_TWC,G3_TWC,[31, 22, 82, 15, 26, 9, 95, 42, 77, 12, 47, 5, 93, 78, 86, 54, 85, 63, 18, 44, 20, 35, 43, 97, 91, 76, 10, 30, 21, 45, 71, 64, 1, 23, 17, 83, 24, 14, 60, 36, 41, 57, 40, 88, 65, 56, 79, 94, 67, 68, 46, 75, 38, 58, 19, 32, 81, 6, 27, 62, 87, 90, 99, 59, 11, 16, 72, 73, 69, 39, 37, 84, 3, 92, 25, 55, 28, 29, 51, 7, 66, 61, 98, 48, 89, 8, 33, 96, 53, 80, 50, 4, 34, 2, 52, 13, 0, 70, 74, 49]|[1, 1, 0, 1, 1, 0, 1, 2, 2, 1, 2, 2, 2, 1, 1, 0, 0, 1, 0, 2, 2, 0, 1, 2, 0, 1, 2, 2, 0, 0, 1, 2, 1, 2, 1, 0, 2, 0, 1, 1, 0, 1, 1, 1, 0, 2, 1, 1, 0, 0, 0, 0, 1, 1, 2, 1, 2, 0, 0, 0, 2, 1, 0, 1, 2, 1, 2, 1, 1, 1, 1, 1, 1, 0, 1, 1, 0, 0, 0, 1, 2, 1, 2, 0, 1, 0, 2, 0, 0, 0, 0, 0, 2, 0, 1, 0, 0, 1, 2, 0]|[4, 3, 2, 2, 4, 1, 2, 2, 2, 4, 1, 1, 2, 4, 4, 1, 2, 4, 2, 1, 1, 1, 1, 2, 1, 2, 1, 1, 1, 1, 3, 2, 3, 0, 4, 0, 1, 1, 0, 3, 2, 2, 2, 0, 1, 1, 0, 4, 0, 1, 2, 2, 1, 4, 0, 3, 2, 1, 1, 2, 1, 3, 1, 1, 1, 3, 0, 4, 3, 1, 4, 1, 1, 0, 4, 4, 2, 1, 1, 1, 1, 3, 1, 1, 1, 1, 1, 1, 2, 1, 1, 2, 1, 2, 1, 2, 2, 4, 1, 1]|[0, 2, 1, 1, 3, 0, 1, 0, 0, 0, 0, 0, 1, 0, 1, 0, 0, 3, 1, 0, 0, 0, 3, 1, 0, 2, 0, 0, 0, 1, 0, 0, 0, 0, 3, 0, 1, 0, 0, 2, 1, 1, 1, 0, 0, 0, 0, 2, 1, 0, 0, 0, 1, 3, 0, 0, 1, 0, 0, 1, 0, 2, 0, 1, 0, 2, 1, 0, 0, 1, 1, 3, 1, 1, 3, 3, 1, 0, 0, 2, 0, 0, 0, 0, 1, 0, 0, 0, 1, 0, 0, 1, 0, 0, 1, 0, 0, 2, 0, 1],828.6150361188287,57498.909092636255,92558.71763620913,false
11,G1_CMAX,G1_CMAX,[31, 22, 82, 15, 26, 9, 95, 42, 77, 12, 47, 5, 93, 78, 86, 54, 6, 63, 18, 44, 20, 35, 43, 97, 91, 76, 10, 30, 21, 45, 64, 1, 23, 17, 83, 24, 14, 60, 36, 13, 75, 46, 68, 67, 69, 79, 56, 65, 88, 40, 57, 85, 58, 19, 32, 81, 48, 27, 62, 87, 90, 99, 59, 11, 16, 72, 73, 71, 70, 39, 37, 84, 3, 98, 29, 28, 55, 25, 92, 7, 33, 61, 53, 41, 89, 50, 8, 96, 51, 80, 34, 4, 66, 2, 52, 49, 0, 94, 74, 38]|[1, 1, 0, 1, 1, 0, 1, 2, 2, 1, 2, 2, 2, 1, 1, 0, 0, 1, 0, 2, 2, 0, 1, 2, 0, 1, 2, 2, 0, 0, 2, 1, 2, 1, 0, 2, 2, 1, 1, 0, 0, 0, 0, 0, 2, 1, 2, 0, 1, 1, 1, 0, 1, 2, 1, 2, 1, 0, 0, 2, 1, 0, 1, 2, 1, 2, 1, 1, 1, 1, 1, 1, 1, 0, 0, 0, 1, 1, 0, 1, 0, 1, 0, 1, 1, 0, 1, 0, 0, 0, 2, 1, 2, 0, 1, 0, 0, 2, 2, 1]|[0, 3, 2, 2, 4, 1, 2, 2, 2, 4, 1, 1, 2, 4, 4, 1, 2, 4, 2, 1, 1, 1, 1, 2, 1, 2, 1, 1, 1, 1, 2, 3, 0, 4, 0, 1, 2, 0, 3, 2, 2, 2, 1, 0, 2, 0, 1, 1, 0, 2, 2, 2, 0, 0, 3, 2, 4, 1, 2, 2, 3, 1, 1, 1, 3, 0, 4, 3, 3, 1, 4, 1, 1, 1, 1, 2, 4, 4, 0, 1, 2, 3, 2, 4, 1, 1, 3, 1, 1, 1, 1, 4, 1, 2, 1, 1, 2, 2, 1, 1]|[0, 2, 1, 1, 3, 0, 1, 0, 0, 0, 0, 0, 1, 0, 1, 0, 1, 3, 1, 0, 0, 0, 3, 1, 0, 2, 0, 0, 0, 1, 0, 0, 0, 3, 0, 1, 1, 0, 2, 0, 0, 0, 0, 1, 0, 0, 0, 0, 0, 1, 1, 0, 3, 0, 0, 1, 2, 0, 1, 0, 2, 0, 1, 0, 2, 1, 0, 0, 0, 1, 1, 3, 1, 0, 0, 1, 3, 3, 1, 2, 1, 0, 1, 3, 1, 0, 2, 0, 0, 0, 0, 0, 0, 0, 1, 1, 0, 0, 0, 1],740.6648699319737,58345.503832923176,99227.13002615936,false
11,G4_BALANCED,G4_BALANCED,[31, 22, 82, 15, 26, 58, 95, 42, 77, 12, 47, 5, 93, 78, 86, 54, 85, 63, 18, 44, 20, 35, 43, 97, 91, 76, 10, 30, 21, 45, 71, 64, 1, 23, 17, 83, 24, 14, 60, 36, 6, 57, 40, 88, 65, 56, 79, 94, 67, 68, 46, 75, 38, 9, 19, 32, 81, 41, 27, 62, 87, 90, 99, 59, 11, 16, 72, 73, 70, 39, 37, 84, 3, 92, 25, 34, 28, 29, 51, 7, 66, 61, 98, 48, 89, 50, 4, 96, 53, 80, 8, 33, 55, 2, 52, 13, 0, 69, 74, 49]|[1, 1, 0, 1, 1, 0, 1, 2, 2, 1, 2, 2, 2, 1, 1, 0, 0, 1, 0, 2, 2, 0, 1, 2, 0, 1, 2, 2, 0, 0, 1, 2, 1, 2, 1, 0, 2, 0, 1, 1, 0, 1, 1, 1, 0, 2, 1, 1, 0, 0, 0, 0, 1, 1, 2, 1, 2, 0, 0, 0, 2, 1, 0, 1, 2, 1, 2, 1, 1, 1, 1, 1, 1, 0, 1, 2, 0, 0, 0, 1, 2, 1, 2, 0, 1, 0, 1, 2, 0, 0, 1, 2, 2, 0, 1, 0, 0, 1, 2, 0]|[4, 3, 2, 2, 4, 1, 2, 2, 2, 4, 1, 1, 2, 4, 4, 1, 2, 4, 2, 1, 1, 1, 1, 2, 1, 2, 1, 1, 1, 1, 3, 2, 3, 1, 4, 0, 1, 1, 0, 3, 2, 2, 2, 0, 1, 1, 0, 4, 0, 1, 2, 2, 1, 4, 0, 3, 2, 1, 1, 2, 1, 3, 1, 1, 1, 3, 0, 4, 3, 1, 4, 1, 1, 0, 4, 1, 2, 1, 1, 1, 1, 3, 1, 1, 1, 1, 4, 1, 2, 1, 3, 1, 1, 2, 1, 2, 2, 4, 1, 1]|[0, 2, 1, 1, 3, 0, 1, 0, 0, 0, 0, 0, 1, 0, 1, 0, 0, 3, 1, 0, 0, 0, 3, 1, 0, 2, 0, 0, 0, 1, 0, 0, 0, 0, 3, 0, 1, 0, 0, 2, 1, 1, 1, 0, 0, 0, 0, 2, 1, 0, 0, 0, 1, 3, 0, 0, 1, 0, 0, 1, 0, 2, 0, 1, 0, 2, 1, 0, 0, 1, 1, 3, 1, 1, 3, 0, 1, 0, 0, 2, 0, 0, 0, 0, 1, 0, 0, 0, 1, 0, 2, 0, 0, 0, 1, 0, 0, 2, 0, 1],748.9199420531638,56515.33843988122,94927.95154690758,false
11,G2_TEC,G2_TEC,[31, 22, 82, 15, 26, 9, 95, 42, 77, 68, 47, 5, 93, 78, 86, 54, 85, 63, 18, 44, 20, 49, 36, 14, 74, 50, 53, 17, 21, 45, 71, 64, 3, 23, 30, 83, 24, 41, 60, 52, 65, 27, 90, 70, 39, 87, 48, 69, 99, 4, 46, 1, 13, 58, 97, 59, 28, 8, 73, 37, 35, 79, 11, 66, 76, 57, 40, 80, 96, 6, 16, 61, 33, 98, 32, 81, 62, 67, 10, 7, 56, 88, 51, 19, 91, 29, 75, 92, 25, 84, 2, 55, 12, 43, 34, 0, 38, 94, 89, 72]|[2, 1, 2, 1, 1, 2, 1, 1, 1, 1, 1, 0, 2, 2, 1, 2, 0, 0, 0, 2, 2, 1, 0, 2, 0, 2, 2, 1, 0, 1, 1, 1, 0, 0, 1, 0, 2, 1, 2, 2, 0, 0, 1, 1, 0, 2, 0, 2, 1, 0, 0, 2, 0, 0, 2, 0, 2, 1, 0, 0, 2, 1, 0, 2, 2, 0, 2, 2, 0, 1, 2, 1, 1, 0, 0, 1, 1, 1, 1, 2, 2, 1, 1, 1, 1, 1, 2, 0, 1, 0, 2, 0, 1, 1, 1, 0, 0, 1, 1, 1]|[0, 3, 0, 2, 4, 1, 4, 4, 2, 4, 3, 2, 1, 0, 2, 1, 1, 1, 2, 1, 1, 3, 0, 1, 0, 1, 1, 4, 1, 4, 3, 2, 2, 0, 4, 1, 1, 4, 0, 1, 2, 1, 4, 4, 1, 1, 0, 2, 3, 1, 2, 1, 2, 1, 1, 2, 0, 3, 0, 2, 2, 3, 1, 0, 1, 0, 0, 1, 2, 4, 1, 3, 4, 2, 2, 4, 3, 3, 3, 1, 1, 4, 3, 4, 3, 3, 2, 2, 4, 2, 1, 2, 3, 4, 1, 2, 2, 4, 4, 4]|[0, 2, 0, 1, 3, 0, 1, 3, 0, 0, 2, 0, 1, 0, 1, 0, 0, 0, 1, 0, 0, 2, 0, 0, 1, 0, 0, 3, 0, 1, 0, 2, 0, 0, 3, 0, 1, 3, 1, 0, 0, 0, 1, 3, 0, 0, 1, 0, 2, 0, 0, 0, 0, 0, 1, 0, 0, 0, 1, 1, 0, 2, 0, 0, 0, 1, 0, 0, 0, 2, 0, 0, 1, 0, 0, 2, 0, 0, 3, 0, 0, 1, 0, 3, 0, 0, 1, 0, 3, 0, 0, 0, 0, 2, 1, 0, 0, 2, 1, 2],877.2731512234158,52481.77389377398,111340.82354524141,false
11,G3_TWC,G3_TWC,[31, 22, 82, 15, 26, 9, 95, 42, 77, 12, 47, 5, 93, 78, 86, 54, 85, 63, 18, 44, 20, 35, 43, 97, 91, 76, 10, 30, 21, 45, 71, 64, 1, 23, 17, 83, 24, 14, 60, 36, 41, 57, 40, 88, 65, 56, 79, 94, 67, 68, 46, 75, 38, 58, 19, 32, 81, 6, 27, 62, 87, 90, 99, 59, 11, 16, 72, 73, 69, 39, 37, 84, 3, 92, 25, 55, 28, 29, 51, 7, 66, 61, 98, 48, 89, 8, 33, 96, 53, 80, 50, 4, 34, 2, 52, 13, 0, 70, 74, 49]|[1, 1, 0, 1, 1, 0, 1, 2, 2, 1, 2, 2, 2, 1, 1, 0, 0, 1, 0, 2, 2, 0, 1, 2, 0, 1, 2, 2, 0, 0, 1, 2, 1, 2, 1, 0, 2, 0, 1, 1, 0, 1, 1, 1, 0, 2, 1, 1, 0, 0, 0, 0, 1, 1, 2, 1, 2, 0, 0, 0, 2, 1, 0, 1, 2, 1, 2, 1, 1, 1, 1, 1, 1, 0, 1, 1, 0, 0, 0, 1, 2, 1, 2, 0, 1, 0, 2, 0, 0, 0, 0, 0, 2, 0, 1, 0, 0, 1, 2, 0]|[4, 3, 2, 2, 4, 1, 2, 2, 2, 4, 1, 1, 2, 4, 4, 1, 2, 4, 2, 1, 1, 1, 1, 2, 1, 2, 1, 1, 1, 1, 3, 2, 3, 0, 4, 0, 1, 1, 0, 3, 2, 2, 2, 0, 1, 1, 0, 4, 0, 1, 2, 2, 1, 4, 0, 3, 2, 1, 1, 2, 1, 3, 1, 1, 1, 3, 0, 4, 3, 1, 4, 1, 1, 0, 4, 4, 2, 1, 1, 1, 1, 3, 1, 1, 1, 1, 1, 1, 2, 1, 1, 2, 1, 2, 1, 2, 2, 4, 1, 1]|[0, 2, 1, 1, 3, 0, 1, 0, 0, 0, 0, 0, 1, 0, 1, 0, 0, 3, 1, 0, 0, 0, 3, 1, 0, 2, 0, 0, 0, 1, 0, 0, 0, 0, 3, 0, 1, 0, 0, 2, 1, 1, 1, 0, 0, 0, 0, 2, 1, 0, 0, 0, 1, 3, 0, 0, 1, 0, 0, 1, 0, 2, 0, 1, 0, 2, 1, 0, 0, 1, 1, 3, 1, 1, 3, 3, 1, 0, 0, 2, 0, 0, 0, 0, 1, 0, 0, 0, 1, 0, 0, 1, 0, 0, 1, 0, 0, 2, 0, 1],828.6150361188287,57498.909092636255,92558.71763620913,false
11,G1_CMAX,G1_CMAX,[31, 22, 82, 15, 26, 9, 95, 42, 77, 12, 47, 5, 93, 78, 86, 54, 6, 63, 18, 44, 20, 35, 43, 97, 91, 76, 10, 30, 21, 45, 64, 1, 23, 17, 83, 24, 14, 60, 36, 13, 75, 46, 68, 67, 69, 79, 56, 65, 88, 40, 57, 85, 58, 19, 32, 81, 48, 27, 62, 87, 90, 99, 59, 11, 16, 72, 73, 71, 70, 39, 37, 84, 3, 98, 29, 28, 55, 25, 92, 7, 33, 61, 53, 41, 89, 50, 8, 96, 51, 80, 34, 4, 66, 2, 52, 49, 0, 94, 74, 38]|[1, 1, 0, 1, 1, 0, 1, 2, 2, 1, 2, 2, 2, 1, 1, 0, 0, 1, 0, 2, 2, 0, 1, 2, 0, 1, 2, 2, 0, 0, 2, 1, 2, 1, 0, 2, 2, 1, 1, 0, 0, 0, 0, 0, 2, 1, 2, 0, 1, 1, 1, 0, 1, 2, 1, 2, 1, 0, 0, 2, 1, 0, 1, 2, 1, 2, 1, 1, 1, 1, 1, 1, 1, 0, 0, 0, 1, 1, 0, 1, 0, 1, 0, 1, 1, 0, 1, 0, 0, 0, 2, 1, 2, 0, 1, 0, 0, 2, 2, 1]|[0, 3, 2, 2, 4, 1, 2, 2, 2, 4, 1, 1, 2, 4, 4, 1, 2, 4, 2, 1, 1, 1, 1, 2, 1, 2, 1, 1, 1, 1, 2, 3, 0, 4, 0, 1, 2, 0, 3, 2, 2, 2, 1, 0, 2, 0, 1, 1, 0, 2, 2, 2, 0, 0, 3, 2, 4, 1, 2, 2, 3, 1, 1, 1, 3, 0, 4, 3, 3, 1, 4, 1, 1, 1, 1, 2, 4, 4, 0, 1, 2, 3, 2, 4, 1, 1, 3, 1, 1, 1, 1, 4, 1, 2, 1, 1, 2, 2, 1, 1]|[0, 2, 1, 1, 3, 0, 1, 0, 0, 0, 0, 0, 1, 0, 1, 0, 1, 3, 1, 0, 0, 0, 3, 1, 0, 2, 0, 0, 0, 1, 0, 0, 0, 3, 0, 1, 1, 0, 2, 0, 0, 0, 0, 1, 0, 0, 0, 0, 0, 1, 1, 0, 3, 0, 0, 1, 2, 0, 1, 0, 2, 0, 1, 0, 2, 1, 0, 0, 0, 1, 1, 3, 1, 0, 0, 1, 3, 3, 1, 2, 1, 0, 1, 3, 1, 0, 2, 0, 0, 0, 0, 0, 0, 0, 1, 1, 0, 0, 0, 1],740.6648699319737,58345.503832923176,99227.13002615936,false
11,G4_BALANCED,G4_BALANCED,[31, 22, 82, 15, 26, 58, 95, 42, 77, 12, 47, 5, 93, 78, 86, 54, 85, 63, 18, 44, 20, 35, 43, 97, 91, 76, 10, 30, 21, 45, 71, 64, 1, 23, 17, 83, 24, 14, 60, 36, 6, 57, 40, 88, 65, 56, 79, 94, 67, 68, 46, 75, 38, 9, 19, 32, 81, 41, 27, 62, 87, 90, 99, 59, 11, 16, 72, 73, 70, 39, 37, 84, 3, 92, 25, 34, 28, 29, 51, 7, 66, 61, 98, 48, 89, 50, 4, 96, 53, 80, 8, 33, 55, 2, 52, 13, 0, 69, 74, 49]|[1, 1, 0, 1, 1, 0, 1, 2, 2, 1, 2, 2, 2, 1, 1, 0, 0, 1, 0, 2, 2, 0, 1, 2, 0, 1, 2, 2, 0, 0, 1, 2, 1, 2, 1, 0, 2, 0, 1, 1, 0, 1, 1, 1, 0, 2, 1, 1, 0, 0, 0, 0, 1, 1, 2, 1, 2, 0, 0, 0, 2, 1, 0, 1, 2, 1, 2, 1, 1, 1, 1, 1, 1, 0, 1, 2, 0, 0, 0, 1, 2, 1, 2, 0, 1, 0, 1, 2, 0, 0, 1, 2, 2, 0, 1, 0, 0, 1, 2, 0]|[4, 3, 2, 2, 4, 1, 2, 2, 2, 4, 1, 1, 2, 4, 4, 1, 2, 4, 2, 1, 1, 1, 1, 2, 1, 2, 1, 1, 1, 1, 3, 2, 3, 1, 4, 0, 1, 1, 0, 3, 2, 2, 2, 0, 1, 1, 0, 4, 0, 1, 2, 2, 1, 4, 0, 3, 2, 1, 1, 2, 1, 3, 1, 1, 1, 3, 0, 4, 3, 1, 4, 1, 1, 0, 4, 1, 2, 1, 1, 1, 1, 3, 1, 1, 1, 1, 4, 1, 2, 1, 3, 1, 1, 2, 1, 2, 2, 4, 1, 1]|[0, 2, 1, 1, 3, 0, 1, 0, 0, 0, 0, 0, 1, 0, 1, 0, 0, 3, 1, 0, 0, 0, 3, 1, 0, 2, 0, 0, 0, 1, 0, 0, 0, 0, 3, 0, 1, 0, 0, 2, 1, 1, 1, 0, 0, 0, 0, 2, 1, 0, 0, 0, 1, 3, 0, 0, 1, 0, 0, 1, 0, 2, 0, 1, 0, 2, 1, 0, 0, 1, 1, 3, 1, 1, 3, 0, 1, 0, 0, 2, 0, 0, 0, 0, 1, 0, 0, 0, 1, 0, 2, 0, 0, 0, 1, 0, 0, 2, 0, 1],748.9199420531638,56515.33843988122,94927.95154690758,false
11,G2_TEC,G2_TEC,[31, 22, 82, 15, 26, 9, 95, 42, 77, 68, 47, 5, 93, 78, 86, 54, 85, 63, 18, 44, 20, 49, 36, 14, 74, 50, 53, 17, 21, 45, 71, 64, 3, 23, 30, 83, 24, 41, 60, 52, 65, 27, 90, 70, 39, 87, 48, 69, 99, 4, 46, 1, 13, 58, 97, 59, 28, 8, 73, 37, 35, 79, 11, 66, 76, 57, 40, 80, 96, 6, 16, 61, 33, 98, 32, 81, 62, 67, 10, 7, 56, 88, 51, 19, 91, 38, 75, 92, 25, 84, 2, 12, 29, 43, 34, 0, 55, 72, 89, 94]|[2, 1, 2, 1, 1, 2, 1, 1, 1, 1, 1, 0, 2, 2, 1, 2, 0, 0, 0, 2, 2, 1, 0, 2, 0, 2, 2, 1, 0, 1, 1, 1, 0, 0, 1, 0, 2, 1, 2, 2, 0, 0, 1, 1, 0, 2, 0, 2, 1, 0, 0, 2, 0, 0, 2, 0, 2, 1, 0, 0, 2, 1, 0, 2, 2, 0, 2, 2, 0, 1, 2, 1, 1, 0, 0, 1, 1, 1, 1, 2, 2, 1, 1, 1, 1, 0, 0, 0, 1, 0, 2, 1, 1, 1, 1, 0, 0, 1, 1, 1]|[0, 3, 0, 2, 4, 1, 4, 4, 2, 4, 3, 2, 1, 0, 2, 1, 1, 1, 2, 1, 1, 3, 0, 1, 0, 1, 1, 4, 1, 4, 3, 2, 2, 0, 4, 1, 1, 4, 0, 1, 2, 1, 4, 4, 1, 1, 0, 2, 3, 1, 2, 1, 2, 1, 1, 2, 0, 3, 0, 2, 2, 3, 1, 0, 1, 2, 0, 1, 2, 4, 1, 3, 4, 2, 2, 4, 3, 3, 3, 1, 1, 4, 3, 4, 3, 2, 2, 2, 4, 2, 1, 3, 3, 4, 1, 2, 2, 4, 4, 4]|[0, 2, 0, 1, 3, 0, 1, 3, 0, 0, 2, 0, 1, 0, 1, 0, 0, 0, 1, 0, 0, 2, 0, 0, 1, 0, 0, 3, 0, 1, 0, 2, 0, 0, 3, 0, 1, 3, 1, 0, 0, 0, 1, 3, 0, 0, 1, 0, 2, 0, 0, 0, 0, 0, 1, 0, 0, 0, 1, 1, 0, 2, 0, 0, 0, 0, 0, 0, 0, 2, 0, 0, 1, 0, 0, 2, 0, 0, 3, 0, 0, 1, 0, 3, 0, 0, 0, 0, 3, 0, 0, 0, 0, 2, 1, 0, 0, 2, 1, 2],919.0497895854953,51847.77047172447,110973.80723209208,false
11,G3_TWC,G3_TWC,[31, 22, 82, 15, 26, 9, 95, 42, 77, 12, 47, 5, 93, 78, 86, 54, 85, 63, 18, 44, 20, 35, 43, 97, 91, 76, 10, 30, 21, 45, 71, 64, 1, 23, 17, 83, 24, 14, 60, 36, 41, 57, 40, 88, 65, 56, 79, 94, 67, 68, 46, 75, 38, 58, 19, 32, 81, 6, 27, 62, 87, 90, 99, 59, 11, 16, 72, 73, 69, 39, 37, 84, 3, 92, 25, 55, 28, 29, 51, 7, 66, 61, 98, 48, 89, 8, 33, 96, 53, 80, 50, 4, 34, 2, 52, 13, 0, 70, 74, 49]|[1, 1, 0, 1, 1, 0, 1, 2, 2, 1, 2, 2, 2, 1, 1, 0, 0, 1, 0, 2, 2, 0, 1, 2, 0, 1, 2, 2, 0, 0, 1, 2, 1, 2, 1, 0, 2, 0, 1, 1, 0, 1, 1, 1, 0, 2, 1, 1, 0, 0, 0, 0, 1, 1, 2, 1, 2, 0, 0, 0, 2, 1, 0, 1, 2, 1, 2, 1, 1, 1, 1, 1, 1, 0, 1, 1, 0, 0, 0, 1, 2, 1, 2, 0, 1, 0, 2, 0, 0, 0, 0, 0, 2, 0, 1, 0, 0, 1, 2, 0]|[4, 3, 2, 2, 4, 1, 2, 2, 2, 4, 1, 1, 2, 4, 4, 1, 2, 4, 2, 1, 1, 1, 1, 2, 1, 2, 1, 1, 1, 1, 3, 2, 3, 0, 4, 0, 1, 1, 0, 3, 2, 2, 2, 0, 1, 1, 0, 4, 0, 1, 2, 2, 1, 4, 0, 3, 2, 1, 1, 2, 1, 3, 1, 1, 1, 3, 0, 4, 3, 1, 4, 1, 1, 0, 4, 4, 2, 1, 1, 1, 1, 3, 1, 1, 1, 1, 1, 1, 2, 1, 1, 2, 1, 2, 1, 2, 2, 4, 1, 1]|[0, 2, 1, 1, 3, 0, 1, 0, 0, 0, 0, 0, 1, 0, 1, 0, 0, 3, 1, 0, 0, 0, 3, 1, 0, 2, 0, 0, 0, 1, 0, 0, 0, 0, 3, 0, 1, 0, 0, 2, 1, 1, 1, 0, 0, 0, 0, 2, 1, 0, 0, 0, 1, 3, 0, 0, 1, 0, 0, 1, 0, 2, 0, 1, 0, 2, 1, 0, 0, 1, 1, 3, 1, 1, 3, 3, 1, 0, 0, 2, 0, 0, 0, 0, 1, 0, 0, 0, 1, 0, 0, 1, 0, 0, 1, 0, 0, 2, 0, 1],828.6150361188287,57498.909092636255,92558.71763620913,false
11,G1_CMAX,G1_CMAX,[31, 22, 82, 15, 26, 9, 95, 42, 77, 12, 47, 5, 93, 78, 86, 54, 6, 63, 18, 44, 20, 35, 43, 97, 91, 76, 10, 30, 21, 45, 64, 1, 23, 17, 83, 24, 14, 60, 36, 13, 75, 46, 68, 67, 69, 79, 56, 65, 88, 40, 57, 85, 58, 19, 32, 81, 48, 27, 62, 87, 90, 99, 59, 11, 16, 72, 73, 71, 70, 39, 37, 84, 3, 98, 29, 28, 55, 25, 92, 7, 33, 61, 53, 41, 89, 50, 8, 96, 51, 80, 34, 4, 66, 2, 52, 49, 0, 94, 74, 38]|[1, 1, 0, 1, 1, 0, 1, 2, 2, 1, 2, 2, 2, 1, 1, 0, 0, 1, 0, 2, 2, 0, 1, 2, 0, 1, 2, 2, 0, 0, 2, 1, 2, 1, 0, 2, 2, 1, 1, 0, 0, 0, 0, 0, 2, 1, 2, 0, 1, 1, 1, 0, 1, 2, 1, 2, 1, 0, 0, 2, 1, 0, 1, 2, 1, 2, 1, 1, 1, 1, 1, 1, 1, 0, 0, 0, 1, 1, 0, 1, 0, 1, 0, 1, 1, 0, 1, 0, 0, 0, 2, 1, 2, 0, 1, 0, 0, 2, 2, 1]|[0, 3, 2, 2, 4, 1, 2, 2, 2, 4, 1, 1, 2, 4, 4, 1, 2, 4, 2, 1, 1, 1, 1, 2, 1, 2, 1, 1, 1, 1, 2, 3, 0, 4, 0, 1, 2, 0, 3, 2, 2, 2, 1, 0, 2, 0, 1, 1, 0, 2, 2, 2, 0, 0, 3, 2, 4, 1, 2, 2, 3, 1, 1, 1, 3, 0, 4, 3, 3, 1, 4, 1, 1, 1, 1, 2, 4, 4, 0, 1, 2, 3, 2, 4, 1, 1, 3, 1, 1, 1, 1, 4, 1, 2, 1, 1, 2, 2, 1, 1]|[0, 2, 1, 1, 3, 0, 1, 0, 0, 0, 0, 0, 1, 0, 1, 0, 1, 3, 1, 0, 0, 0, 3, 1, 0, 2, 0, 0, 0, 1, 0, 0, 0, 3, 0, 1, 1, 0, 2, 0, 0, 0, 0, 1, 0, 0, 0, 0, 0, 1, 1, 0, 3, 0, 0, 1, 2, 0, 1, 0, 2, 0, 1, 0, 2, 1, 0, 0, 0, 1, 1, 3, 1, 0, 0, 1, 3, 3, 1, 2, 1, 0, 1, 3, 1, 0, 2, 0, 0, 0, 0, 0, 0, 0, 1, 1, 0, 0, 0, 1],740.6648699319737,58345.503832923176,99227.13002615936,false
11,G4_BALANCED,G4_BALANCED,[31, 22, 82, 15, 26, 58, 95, 42, 77, 12, 47, 5, 93, 78, 86, 54, 85, 63, 18, 44, 20, 35, 43, 97, 91, 76, 10, 30, 21, 45, 71, 64, 1, 23, 17, 83, 24, 14, 60, 36, 6, 57, 40, 88, 65, 56, 79, 94, 67, 68, 46, 75, 38, 9, 19, 32, 81, 41, 27, 62, 87, 90, 99, 59, 11, 16, 72, 73, 70, 39, 37, 84, 3, 92, 25, 34, 28, 29, 51, 7, 66, 61, 98, 48, 89, 50, 4, 96, 53, 80, 8, 33, 55, 2, 52, 13, 0, 69, 74, 49]|[1, 1, 0, 1, 1, 0, 1, 2, 2, 1, 2, 2, 2, 1, 1, 0, 0, 1, 0, 2, 2, 0, 1, 2, 0, 1, 2, 2, 0, 0, 1, 2, 1, 2, 1, 0, 2, 0, 1, 1, 0, 1, 1, 1, 0, 2, 1, 1, 0, 0, 0, 0, 1, 1, 2, 1, 2, 0, 0, 0, 2, 1, 0, 1, 2, 1, 2, 1, 1, 1, 1, 1, 1, 0, 1, 2, 0, 0, 0, 1, 2, 1, 2, 0, 1, 0, 1, 2, 0, 0, 1, 2, 2, 0, 1, 0, 0, 1, 2, 0]|[4, 3, 2, 2, 4, 1, 2, 2, 2, 4, 1, 1, 2, 4, 4, 1, 2, 4, 2, 1, 1, 1, 1, 2, 1, 2, 1, 1, 1, 1, 3, 2, 3, 1, 4, 0, 1, 1, 0, 3, 2, 2, 2, 0, 1, 1, 0, 4, 0, 1, 2, 2, 1, 4, 0, 3, 2, 1, 1, 2, 1, 3, 1, 1, 1, 3, 0, 4, 3, 1, 4, 1, 1, 0, 4, 1, 2, 1, 1, 1, 1, 3, 1, 1, 1, 1, 4, 1, 2, 1, 3, 1, 1, 2, 1, 2, 2, 4, 1, 1]|[0, 2, 1, 1, 3, 0, 1, 0, 0, 0, 0, 0, 1, 0, 1, 0, 0, 3, 1, 0, 0, 0, 3, 1, 0, 2, 0, 0, 0, 1, 0, 0, 0, 0, 3, 0, 1, 0, 0, 2, 1, 1, 1, 0, 0, 0, 0, 2, 1, 0, 0, 0, 1, 3, 0, 0, 1, 0, 0, 1, 0, 2, 0, 1, 0, 2, 1, 0, 0, 1, 1, 3, 1, 1, 3, 0, 1, 0, 0, 2, 0, 0, 0, 0, 1, 0, 0, 0, 1, 0, 2, 0, 0, 0, 1, 0, 0, 2, 0, 1],748.9199420531638,56515.33843988122,94927.95154690758,false
11,G2_TEC,G2_TEC,[31, 22, 82, 15, 26, 9, 95, 42, 77, 68, 47, 5, 93, 78, 86, 54, 85, 63, 18, 44, 20, 49, 36, 14, 74, 50, 53, 17, 21, 45, 71, 64, 3, 23, 30, 83, 24, 41, 60, 52, 65, 27, 90, 70, 39, 87, 48, 69, 99, 4, 46, 1, 13, 58, 97, 59, 28, 8, 73, 37, 35, 79, 11, 66, 76, 57, 40, 80, 96, 6, 16, 61, 33, 98, 32, 81, 62, 67, 10, 7, 56, 88, 51, 19, 91, 38, 75, 92, 25, 84, 2, 12, 55, 43, 34, 0, 29, 94, 89, 72]|[2, 1, 2, 1, 1, 2, 1, 1, 1, 1, 1, 0, 2, 2, 1, 2, 0, 0, 0, 2, 2, 1, 0, 2, 0, 2, 2, 1, 0, 1, 1, 1, 0, 0, 1, 0, 2, 1, 2, 2, 0, 0, 1, 1, 0, 2, 0, 2, 1, 0, 0, 2, 0, 0, 2, 0, 2, 1, 0, 0, 2, 1, 0, 2, 2, 0, 2, 2, 0, 1, 2, 1, 1, 0, 0, 1, 1, 1, 1, 2, 2, 1, 1, 1, 1, 0, 0, 0, 1, 0, 2, 1, 0, 1, 1, 0, 1, 1, 1, 1]|[0, 3, 0, 2, 4, 1, 4, 4, 2, 4, 3, 2, 1, 0, 2, 1, 1, 1, 2, 1, 1, 3, 0, 1, 0, 1, 1, 4, 1, 4, 3, 2, 2, 0, 4, 1, 1, 4, 0, 1, 2, 1, 4, 4, 1, 1, 0, 2, 3, 2, 2, 1, 2, 1, 1, 2, 0, 3, 0, 2, 2, 3, 1, 0, 1, 0, 0, 1, 2, 4, 1, 3, 4, 2, 2, 4, 3, 3, 3, 1, 1, 4, 3, 4, 3, 2, 2, 2, 4, 2, 1, 3, 2, 4, 1, 2, 3, 4, 4, 4]|[0, 2, 0, 1, 3, 0, 1, 3, 0, 0, 2, 0, 1, 0, 1, 0, 0, 0, 1, 0, 0, 2, 0, 0, 1, 0, 0, 3, 0, 1, 0, 2, 0, 0, 3, 0, 1, 3, 1, 0, 0, 0, 1, 3, 0, 0, 1, 0, 2, 0, 0, 0, 0, 0, 1, 0, 0, 0, 1, 1, 0, 2, 0, 0, 0, 1, 0, 0, 0, 2, 0, 0, 1, 0, 0, 2, 0, 0, 3, 0, 0, 1, 0, 3, 0, 0, 0, 0, 3, 0, 0, 0, 0, 2, 1, 0, 0, 2, 1, 2],891.9170691245745,52052.73095901308,111468.26695876423,false
11,G3_TWC,G3_TWC,[31, 22, 82, 15, 26, 9, 95, 42, 77, 12, 47, 5, 93, 78, 86, 54, 85, 63, 18, 44, 20, 35, 43, 97, 91, 76, 10, 30, 21, 45, 71, 64, 1, 23, 17, 83, 24, 14, 60, 36, 41, 57, 40, 88, 65, 56, 79, 94, 67, 68, 46, 75, 38, 58, 19, 32, 81, 6, 27, 62, 87, 90, 99, 59, 11, 16, 72, 73, 69, 39, 37, 84, 3, 92, 25, 55, 28, 29, 51, 7, 66, 61, 98, 48, 89, 8, 33, 96, 53, 80, 50, 4, 34, 2, 52, 13, 0, 70, 74, 49]|[1, 1, 0, 1, 1, 0, 1, 2, 2, 1, 2, 2, 2, 1, 1, 0, 0, 1, 0, 2, 2, 0, 1, 2, 0, 1, 2, 2, 0, 0, 1, 2, 1, 2, 1, 0, 2, 0, 1, 1, 0, 1, 1, 1, 0, 2, 1, 1, 0, 0, 0, 0, 1, 1, 2, 1, 2, 0, 0, 0, 2, 1, 0, 1, 2, 1, 2, 1, 1, 1, 1, 1, 1, 0, 1, 1, 0, 0, 0, 1, 2, 1, 2, 0, 1, 0, 2, 0, 0, 0, 0, 0, 2, 0, 1, 0, 0, 1, 2, 0]|[4, 3, 2, 2, 4, 1, 2, 2, 2, 4, 1, 1, 2, 4, 4, 1, 2, 4, 2, 1, 1, 1, 1, 2, 1, 2, 1, 1, 1, 1, 3, 2, 3, 0, 4, 0, 1, 1, 0, 3, 2, 2, 2, 0, 1, 1, 0, 4, 0, 1, 2, 2, 1, 4, 0, 3, 2, 1, 1, 2, 1, 3, 1, 1, 1, 3, 0, 4, 3, 1, 4, 1, 1, 0, 4, 4, 2, 1, 1, 1, 1, 3, 1, 1, 1, 1, 1, 1, 2, 1, 1, 2, 1, 2, 1, 2, 2, 4, 1, 1]|[0, 2, 1, 1, 3, 0, 1, 0, 0, 0, 0, 0, 1, 0, 1, 0, 0, 3, 1, 0, 0, 0, 3, 1, 0, 2, 0, 0, 0, 1, 0, 0, 0, 0, 3, 0, 1, 0, 0, 2, 1, 1, 1, 0, 0, 0, 0, 2, 1, 0, 0, 0, 1, 3, 0, 0, 1, 0, 0, 1, 0, 2, 0, 1, 0, 2, 1, 0, 0, 1, 1, 3, 1, 1, 3, 3, 1, 0, 0, 2, 0, 0, 0, 0, 1, 0, 0, 0, 1, 0, 0, 1, 0, 0, 1, 0, 0, 2, 0, 1],828.6150361188287,57498.909092636255,92558.71763620913,false
11,G1_CMAX,G1_CMAX,[31, 22, 82, 15, 26, 9, 95, 42, 77, 12, 47, 5, 93, 78, 86, 54, 6, 63, 18, 44, 20, 35, 43, 97, 91, 76, 10, 30, 21, 45, 64, 1, 23, 17, 83, 24, 14, 60, 36, 13, 75, 46, 68, 67, 69, 79, 56, 65, 88, 40, 57, 85, 58, 19, 32, 81, 48, 27, 62, 87, 90, 99, 59, 11, 16, 72, 73, 71, 70, 39, 37, 84, 3, 98, 29, 28, 55, 25, 92, 7, 33, 61, 53, 41, 89, 50, 8, 96, 51, 80, 34, 4, 66, 2, 52, 49, 0, 94, 74, 38]|[1, 1, 0, 1, 1, 0, 1, 2, 2, 1, 2, 2, 2, 1, 1, 0, 0, 1, 0, 2, 2, 0, 1, 2, 0, 1, 2, 2, 0, 0, 2, 1, 2, 1, 0, 2, 2, 1, 1, 0, 0, 0, 0, 0, 2, 1, 2, 0, 1, 1, 1, 0, 1, 2, 1, 2, 1, 0, 0, 2, 1, 0, 1, 2, 1, 2, 1, 1, 1, 1, 1, 1, 1, 0, 0, 0, 1, 1, 0, 1, 0, 1, 0, 1, 1, 0, 1, 0, 0, 0, 2, 1, 2, 0, 1, 0, 0, 2, 2, 1]|[0, 3, 2, 2, 4, 1, 2, 2, 2, 4, 1, 1, 2, 4, 4, 1, 2, 4, 2, 1, 1, 1, 1, 2, 1, 2, 1, 1, 1, 1, 2, 3, 0, 4, 0, 1, 2, 0, 3, 2, 2, 2, 1, 0, 2, 0, 1, 1, 0, 2, 2, 2, 0, 0, 3, 2, 4, 1, 2, 2, 3, 1, 1, 1, 3, 0, 4, 3, 3, 1, 4, 1, 1, 1, 1, 2, 4, 4, 0, 1, 2, 3, 2, 4, 1, 1, 3, 1, 1, 1, 1, 4, 1, 2, 1, 1, 2, 2, 1, 1]|[0, 2, 1, 1, 3, 0, 1, 0, 0, 0, 0, 0, 1, 0, 1, 0, 1, 3, 1, 0, 0, 0, 3, 1, 0, 2, 0, 0, 0, 1, 0, 0, 0, 3, 0, 1, 1, 0, 2, 0, 0, 0, 0, 1, 0, 0, 0, 0, 0, 1, 1, 0, 3, 0, 0, 1, 2, 0, 1, 0, 2, 0, 1, 0, 2, 1, 0, 0, 0, 1, 1, 3, 1, 0, 0, 1, 3, 3, 1, 2, 1, 0, 1, 3, 1, 0, 2, 0, 0, 0, 0, 0, 0, 0, 1, 1, 0, 0, 0, 1],740.6648699319737,58345.503832923176,99227.13002615936,false
11,G4_BALANCED,G4_BALANCED,[31, 22, 82, 15, 26, 58, 95, 42, 77, 12, 47, 5, 93, 78, 86, 54, 85, 63, 18, 44, 20, 35, 43, 97, 91, 76, 10, 30, 21, 45, 71, 64, 1, 23, 17, 83, 24, 14, 60, 36, 6, 57, 40, 88, 65, 56, 79, 94, 67, 68, 46, 75, 38, 9, 19, 32, 81, 41, 27, 62, 87, 90, 99, 59, 11, 16, 72, 73, 70, 39, 37, 84, 3, 92, 25, 34, 28, 29, 51, 7, 66, 61, 98, 48, 89, 50, 4, 96, 53, 80, 8, 33, 55, 2, 52, 13, 0, 69, 74, 49]|[1, 1, 0, 1, 1, 0, 1, 2, 2, 1, 2, 2, 2, 1, 1, 0, 0, 1, 0, 2, 2, 0, 1, 2, 0, 1, 2, 2, 0, 0, 1, 2, 1, 2, 1, 0, 2, 0, 1, 1, 0, 1, 1, 1, 0, 2, 1, 1, 0, 0, 0, 0, 1, 1, 2, 1, 2, 0, 0, 0, 2, 1, 0, 1, 2, 1, 2, 1, 1, 1, 1, 1, 1, 0, 1, 2, 0, 0, 0, 1, 2, 1, 2, 0, 1, 0, 1, 2, 0, 0, 1, 2, 2, 0, 1, 0, 0, 1, 2, 0]|[4, 3, 2, 2, 4, 1, 2, 2, 2, 4, 1, 1, 2, 4, 4, 1, 2, 4, 2, 1, 1, 1, 1, 2, 1, 2, 1, 1, 1, 1, 3, 2, 3, 1, 4, 0, 1, 1, 0, 3, 2, 2, 2, 0, 1, 1, 0, 4, 0, 1, 2, 2, 1, 4, 0, 3, 2, 1, 1, 2, 1, 3, 1, 1, 1, 3, 0, 4, 3, 1, 4, 1, 1, 0, 4, 1, 2, 1, 1, 1, 1, 3, 1, 1, 1, 1, 4, 1, 2, 1, 3, 1, 1, 2, 1, 2, 2, 4, 1, 1]|[0, 2, 1, 1, 3, 0, 1, 0, 0, 0, 0, 0, 1, 0, 1, 0, 0, 3, 1, 0, 0, 0, 3, 1, 0, 2, 0, 0, 0, 1, 0, 0, 0, 0, 3, 0, 1, 0, 0, 2, 1, 1, 1, 0, 0, 0, 0, 2, 1, 0, 0, 0, 1, 3, 0, 0, 1, 0, 0, 1, 0, 2, 0, 1, 0, 2, 1, 0, 0, 1, 1, 3, 1, 1, 3, 0, 1, 0, 0, 2, 0, 0, 0, 0, 1, 0, 0, 0, 1, 0, 2, 0, 0, 0, 1, 0, 0, 2, 0, 1],748.9199420531638,56515.33843988122,94927.95154690758,false
11,G2_TEC,G2_TEC,[31, 22, 82, 15, 26, 9, 95, 42, 77, 68, 47, 5, 93, 78, 86, 54, 85, 63, 18, 44, 20, 49, 36, 14, 74, 50, 53, 17, 21, 45, 71, 64, 3, 23, 30, 83, 24, 41, 60, 52, 65, 27, 90, 70, 39, 87, 48, 69, 99, 4, 46, 1, 13, 58, 97, 59, 28, 8, 73, 37, 35, 79, 11, 66, 76, 57, 40, 80, 96, 6, 16, 61, 33, 98, 32, 81, 62, 67, 10, 7, 56, 88, 51, 19, 91, 38, 75, 92, 25, 84, 2, 12, 55, 43, 34, 0, 29, 94, 89, 72]|[2, 1, 2, 1, 1, 2, 1, 1, 1, 1, 1, 0, 2, 2, 1, 2, 0, 0, 0, 2, 2, 1, 0, 2, 0, 2, 2, 1, 0, 1, 1, 1, 0, 0, 1, 0, 2, 1, 2, 2, 0, 0, 1, 1, 0, 2, 0, 2, 1, 0, 0, 2, 2, 0, 2, 0, 2, 1, 0, 0, 2, 1, 0, 2, 2, 0, 2, 2, 0, 1, 2, 1, 1, 0, 0, 1, 1, 1, 1, 2, 2, 1, 1, 1, 1, 0, 0, 0, 1, 0, 2, 1, 0, 1, 1, 0, 1, 1, 1, 1]|[0, 3, 0, 2, 4, 1, 4, 4, 2, 4, 3, 2, 1, 0, 2, 1, 1, 1, 2, 1, 1, 3, 0, 1, 0, 1, 1, 4, 1, 4, 3, 2, 2, 0, 4, 1, 1, 4, 0, 1, 2, 1, 4, 4, 1, 1, 0, 2, 3, 1, 2, 1, 2, 2, 1, 2, 0, 3, 0, 2, 2, 3, 1, 0, 1, 2, 0, 1, 2, 4, 1, 3, 4, 2, 2, 4, 3, 3, 3, 1, 1, 4, 3, 4, 3, 2, 2, 2, 4, 2, 1, 3, 2, 4, 1, 2, 3, 4, 4, 4]|[0, 2, 0, 1, 3, 0, 1, 3, 0, 0, 2, 0, 1, 0, 1, 0, 0, 0, 1, 0, 0, 2, 0, 0, 1, 0, 0, 3, 0, 1, 0, 2, 0, 0, 3, 0, 1, 3, 1, 0, 0, 0, 1, 3, 0, 0, 1, 0, 2, 0, 0, 0, 0, 0, 1, 0, 0, 0, 1, 1, 0, 2, 0, 0, 0, 0, 0, 0, 0, 2, 0, 0, 1, 0, 0, 2, 0, 0, 3, 0, 0, 1, 0, 3, 0, 0, 0, 0, 3, 0, 0, 0, 0, 2, 1, 0, 0, 2, 1, 2],886.7870637778938,51934.00952884306,112538.66375910805,false
11,G3_TWC,G3_TWC,[31, 22, 82, 15, 26, 9, 95, 42, 77, 12, 47, 5, 93, 78, 86, 54, 85, 63, 18, 44, 20, 35, 43, 97, 91, 76, 10, 30, 21, 45, 71, 64, 1, 23, 17, 83, 24, 14, 60, 36, 41, 57, 40, 88, 65, 56, 79, 94, 67, 68, 46, 75, 38, 58, 19, 32, 81, 6, 27, 62, 87, 90, 99, 59, 11, 16, 72, 73, 69, 39, 37, 84, 3, 92, 25, 55, 28, 29, 51, 7, 66, 61, 98, 48, 89, 8, 33, 96, 53, 80, 50, 4, 34, 2, 52, 13, 0, 70, 74, 49]|[1, 1, 0, 1, 1, 0, 1, 2, 2, 1, 2, 2, 2, 1, 1, 0, 0, 1, 0, 2, 2, 0, 1, 2, 0, 1, 2, 2, 0, 0, 1, 2, 1, 2, 1, 0, 2, 0, 1, 1, 0, 1, 1, 1, 0, 2, 1, 1, 0, 0, 0, 0, 1, 1, 2, 1, 2, 0, 0, 0, 2, 1, 0, 1, 2, 1, 2, 1, 1, 1, 1, 1, 1, 0, 1, 1, 0, 0, 0, 1, 2, 1, 2, 0, 1, 0, 2, 0, 0, 0, 0, 0, 2, 0, 1, 0, 0, 1, 2, 0]|[4, 3, 2, 2, 4, 1, 2, 2, 2, 4, 1, 1, 2, 4, 4, 1, 2, 4, 2, 1, 1, 1, 1, 2, 1, 2, 1, 1, 1, 1, 3, 2, 3, 0, 4, 0, 1, 1, 0, 3, 2, 2, 2, 0, 1, 1, 0, 4, 0, 1, 2, 2, 1, 4, 0, 3, 2, 1, 1, 2, 1, 3, 1, 1, 1, 3, 0, 4, 3, 1, 4, 1, 1, 0, 4, 4, 2, 1, 1, 1, 1, 3, 1, 1, 1, 1, 1, 1, 2, 1, 1, 2, 1, 2, 1, 2, 2, 4, 1, 1]|[0, 2, 1, 1, 3, 0, 1, 0, 0, 0, 0, 0, 1, 0, 1, 0, 0, 3, 1, 0, 0, 0, 3, 1, 0, 2, 0, 0, 0, 1, 0, 0, 0, 0, 3, 0, 1, 0, 0, 2, 1, 1, 1, 0, 0, 0, 0, 2, 1, 0, 0, 0, 1, 3, 0, 0, 1, 0, 0, 1, 0, 2, 0, 1, 0, 2, 1, 0, 0, 1, 1, 3, 1, 1, 3, 3, 1, 0, 0, 2, 0, 0, 0, 0, 1, 0, 0, 0, 1, 0, 0, 1, 0, 0, 1, 0, 0, 2, 0, 1],828.6150361188287,57498.909092636255,92558.71763620913,false
11,G1_CMAX,G1_CMAX,[31, 22, 82, 15, 26, 9, 95, 42, 77, 12, 47, 5, 93, 78, 86, 54, 6, 63, 18, 44, 20, 35, 43, 97, 91, 76, 10, 30, 21, 45, 64, 1, 23, 17, 83, 24, 14, 60, 36, 13, 75, 46, 68, 67, 69, 79, 56, 65, 88, 40, 57, 85, 58, 19, 32, 81, 48, 27, 62, 87, 90, 99, 59, 11, 16, 72, 73, 71, 70, 39, 37, 84, 3, 98, 29, 28, 55, 25, 92, 7, 33, 61, 53, 41, 89, 50, 8, 96, 51, 80, 34, 4, 66, 2, 52, 49, 0, 94, 74, 38]|[1, 1, 0, 1, 1, 0, 1, 2, 2, 1, 2, 2, 2, 1, 1, 0, 0, 1, 0, 2, 2, 0, 1, 2, 0, 1, 2, 2, 0, 0, 2, 1, 2, 1, 0, 2, 2, 1, 1, 0, 0, 0, 0, 0, 2, 1, 2, 0, 1, 1, 1, 0, 1, 2, 1, 2, 1, 0, 0, 2, 1, 0, 1, 2, 1, 2, 1, 1, 1, 1, 1, 1, 1, 0, 0, 0, 1, 1, 0, 1, 0, 1, 0, 1, 1, 0, 1, 0, 0, 0, 2, 1, 2, 0, 1, 0, 0, 2, 2, 1]|[0, 3, 2, 2, 4, 1, 2, 2, 2, 4, 1, 1, 2, 4, 4, 1, 2, 4, 2, 1, 1, 1, 1, 2, 1, 2, 1, 1, 1, 1, 2, 3, 0, 4, 0, 1, 2, 0, 3, 2, 2, 2, 1, 0, 2, 0, 1, 1, 0, 2, 2, 2, 0, 0, 3, 2, 4, 1, 2, 2, 3, 1, 1, 1, 3, 0, 4, 3, 3, 1, 4, 1, 1, 1, 1, 2, 4, 4, 0, 1, 2, 3, 2, 4, 1, 1, 3, 1, 1, 1, 1, 4, 1, 2, 1, 1, 2, 2, 1, 1]|[0, 2, 1, 1, 3, 0, 1, 0, 0, 0, 0, 0, 1, 0, 1, 0, 1, 3, 1, 0, 0, 0, 3, 1, 0, 2, 0, 0, 0, 1, 0, 0, 0, 3, 0, 1, 1, 0, 2, 0, 0, 0, 0, 1, 0, 0, 0, 0, 0, 1, 1, 0, 3, 0, 0, 1, 2, 0, 1, 0, 2, 0, 1, 0, 2, 1, 0, 0, 0, 1, 1, 3, 1, 0, 0, 1, 3, 3, 1, 2, 1, 0, 1, 3, 1, 0, 2, 0, 0, 0, 0, 0, 0, 0, 1, 1, 0, 0, 0, 1],740.6648699319737,58345.503832923176,99227.13002615936,false
11,G4_BALANCED,G4_BALANCED,[31, 22, 82, 15, 26, 58, 95, 42, 77, 12, 47, 5, 93, 78, 86, 54, 85, 63, 18, 44, 20, 35, 43, 97, 91, 76, 10, 30, 21, 45, 71, 64, 1, 23, 17, 83, 24, 14, 60, 36, 6, 57, 40, 88, 65, 56, 79, 94, 67, 68, 46, 75, 38, 9, 19, 32, 81, 41, 27, 62, 87, 90, 99, 59, 11, 16, 72, 73, 70, 39, 37, 84, 3, 92, 25, 34, 28, 29, 51, 7, 66, 61, 98, 48, 89, 50, 4, 96, 53, 80, 8, 33, 55, 2, 52, 13, 0, 69, 74, 49]|[1, 1, 0, 1, 1, 0, 1, 2, 2, 1, 2, 2, 2, 1, 1, 0, 0, 1, 0, 2, 2, 0, 1, 2, 0, 1, 2, 2, 0, 0, 1, 2, 1, 2, 1, 0, 2, 0, 1, 1, 0, 1, 1, 1, 0, 2, 1, 1, 0, 0, 0, 0, 1, 1, 2, 1, 2, 0, 0, 0, 2, 1, 0, 1, 2, 1, 2, 1, 1, 1, 1, 1, 1, 0, 1, 2, 0, 0, 0, 1, 2, 1, 2, 0, 1, 0, 1, 2, 0, 0, 1, 2, 2, 0, 1, 0, 0, 1, 2, 0]|[4, 3, 2, 2, 4, 1, 2, 2, 2, 4, 1, 1, 2, 4, 4, 1, 2, 4, 2, 1, 1, 1, 1, 2, 1, 2, 1, 1, 1, 1, 3, 2, 3, 1, 4, 0, 1, 1, 0, 3, 2, 2, 2, 0, 1, 1, 0, 4, 0, 1, 2, 2, 1, 4, 0, 3, 2, 1, 1, 2, 1, 3, 1, 1, 1, 3, 0, 4, 3, 1, 4, 1, 1, 0, 4, 1, 2, 1, 1, 1, 1, 3, 1, 1, 1, 1, 4, 1, 2, 1, 3, 1, 1, 2, 1, 2, 2, 4, 1, 1]|[0, 2, 1, 1, 3, 0, 1, 0, 0, 0, 0, 0, 1, 0, 1, 0, 0, 3, 1, 0, 0, 0, 3, 1, 0, 2, 0, 0, 0, 1, 0, 0, 0, 0, 3, 0, 1, 0, 0, 2, 1, 1, 1, 0, 0, 0, 0, 2, 1, 0, 0, 0, 1, 3, 0, 0, 1, 0, 0, 1, 0, 2, 0, 1, 0, 2, 1, 0, 0, 1, 1, 3, 1, 1, 3, 0, 1, 0, 0, 2, 0, 0, 0, 0, 1, 0, 0, 0, 1, 0, 2, 0, 0, 0, 1, 0, 0, 2, 0, 1],748.9199420531638,56515.33843988122,94927.95154690758,false
11,G2_TEC,G2_TEC,[31, 22, 82, 15, 26, 9, 95, 42, 77, 68, 47, 5, 93, 78, 86, 54, 85, 63, 18, 44, 20, 49, 36, 14, 74, 50, 53, 17, 21, 45, 71, 64, 3, 23, 30, 83, 24, 41, 60, 52, 65, 27, 90, 70, 39, 87, 48, 69, 99, 4, 46, 1, 13, 58, 97, 59, 28, 8, 73, 37, 35, 79, 11, 66, 76, 57, 40, 80, 96, 6, 16, 61, 33, 98, 32, 81, 62, 67, 10, 7, 56, 88, 51, 19, 91, 38, 75, 92, 25, 84, 2, 12, 29, 43, 89, 55, 0, 94, 34, 72]|[2, 1, 2, 1, 1, 2, 1, 1, 1, 1, 1, 0, 2, 2, 1, 2, 0, 0, 0, 2, 2, 1, 0, 2, 0, 2, 2, 1, 0, 1, 1, 1, 0, 0, 1, 0, 2, 1, 2, 2, 0, 0, 1, 1, 0, 2, 0, 2, 1, 0, 0, 2, 2, 0, 2, 0, 2, 1, 0, 0, 2, 1, 0, 2, 2, 0, 2, 2, 0, 1, 2, 1, 1, 0, 0, 1, 1, 1, 1, 2, 2, 1, 1, 1, 1, 0, 0, 0, 1, 0, 2, 1, 1, 1, 1, 0, 0, 1, 1, 1]|[0, 3, 0, 2, 4, 1, 4, 4, 2, 4, 3, 2, 1, 0, 2, 1, 1, 1, 2, 1, 1, 3, 0, 1, 0, 1, 1, 4, 1, 4, 3, 2, 2, 0, 4, 1, 1, 4, 0, 1, 2, 1, 4, 4, 1, 1, 0, 2, 3, 1, 2, 1, 2, 2, 1, 2, 0, 3, 0, 2, 2, 3, 1, 0, 1, 2, 0, 1, 2, 4, 1, 3, 4, 2, 2, 4, 3, 3, 3, 1, 1, 4, 3, 4, 3, 2, 2, 2, 4, 2, 1, 3, 3, 4, 4, 2, 2, 4, 1, 4]|[0, 2, 0, 1, 3, 0, 1, 3, 0, 0, 2, 0, 1, 0, 1, 0, 0, 0, 1, 0, 0, 2, 0, 0, 1, 0, 0, 3, 0, 1, 0, 2, 0, 0, 3, 0, 1, 3, 1, 0, 0, 0, 1, 3, 0, 0, 1, 0, 2, 0, 0, 0, 0, 0, 1, 0, 0, 0, 1, 1, 0, 2, 0, 0, 0, 0, 0, 0, 0, 2, 0, 0, 1, 0, 0, 2, 0, 0, 3, 0, 0, 1, 0, 3, 0, 0, 0, 0, 3, 0, 0, 0, 0, 2, 1, 0, 0, 2, 1, 2],886.7870637778938,51982.18484653672,112309.1752216169,false
11,G3_TWC,G3_TWC,[31, 22, 82, 15, 26, 9, 95, 42, 77, 12, 47, 5, 93, 78, 86, 54, 85, 63, 18, 44, 20, 35, 43, 97, 91, 76, 10, 30, 21, 45, 71, 64, 1, 23, 17, 83, 24, 14, 60, 36, 41, 57, 40, 88, 65, 56, 79, 94, 67, 68, 46, 75, 38, 58, 19, 32, 81, 6, 27, 62, 87, 90, 99, 59, 11, 16, 72, 73, 69, 39, 37, 84, 3, 92, 25, 55, 28, 29, 51, 7, 66, 61, 98, 48, 89, 8, 33, 96, 53, 80, 50, 4, 34, 2, 52, 13, 0, 70, 74, 49]|[1, 1, 0, 1, 1, 0, 1, 2, 2, 1, 2, 2, 2, 1, 1, 0, 0, 1, 0, 2, 2, 0, 1, 2, 0, 1, 2, 2, 0, 0, 1, 2, 1, 2, 1, 0, 2, 0, 1, 1, 0, 1, 1, 1, 0, 2, 1, 1, 0, 0, 0, 0, 1, 1, 2, 1, 2, 0, 0, 0, 2, 1, 0, 1, 2, 1, 2, 1, 1, 1, 1, 1, 1, 0, 1, 1, 0, 0, 0, 1, 2, 1, 2, 0, 1, 0, 2, 0, 0, 0, 0, 0, 2, 0, 1, 0, 0, 1, 2, 0]|[4, 3, 2, 2, 4, 1, 2, 2, 2, 4, 1, 1, 2, 4, 4, 1, 2, 4, 2, 1, 1, 1, 1, 2, 1, 2, 1, 1, 1, 1, 3, 2, 3, 0, 4, 0, 1, 1, 0, 3, 2, 2, 2, 0, 1, 1, 0, 4, 0, 1, 2, 2, 1, 4, 0, 3, 2, 1, 1, 2, 1, 3, 1, 1, 1, 3, 0, 4, 3, 1, 4, 1, 1, 0, 4, 4, 2, 1, 1, 1, 1, 3, 1, 1, 1, 1, 1, 1, 2, 1, 1, 2, 1, 2, 1, 2, 2, 4, 1, 1]|[0, 2, 1, 1, 3, 0, 1, 0, 0, 0, 0, 0, 1, 0, 1, 0, 0, 3, 1, 0, 0, 0, 3, 1, 0, 2, 0, 0, 0, 1, 0, 0, 0, 0, 3, 0, 1, 0, 0, 2, 1, 1, 1, 0, 0, 0, 0, 2, 1, 0, 0, 0, 1, 3, 0, 0, 1, 0, 0, 1, 0, 2, 0, 1, 0, 2, 1, 0, 0, 1, 1, 3, 1, 1, 3, 3, 1, 0, 0, 2, 0, 0, 0, 0, 1, 0, 0, 0, 1, 0, 0, 1, 0, 0, 1, 0, 0, 2, 0, 1],828.6150361188287,57498.909092636255,92558.71763620913,false
11,G1_CMAX,G1_CMAX,[31, 22, 82, 15, 26, 9, 95, 42, 77, 12, 47, 5, 93, 78, 86, 54, 6, 63, 18, 44, 20, 35, 43, 97, 91, 76, 10, 30, 21, 45, 64, 1, 23, 17, 83, 24, 14, 60, 36, 13, 75, 46, 68, 67, 69, 79, 56, 65, 88, 40, 57, 85, 58, 19, 32, 81, 48, 27, 62, 87, 90, 99, 59, 11, 16, 72, 73, 71, 70, 39, 37, 84, 3, 98, 29, 28, 55, 25, 92, 7, 33, 61, 53, 41, 89, 50, 8, 96, 51, 80, 34, 4, 66, 2, 52, 49, 0, 94, 74, 38]|[1, 1, 0, 1, 1, 0, 1, 2, 2, 1, 2, 2, 2, 1, 1, 0, 0, 1, 0, 2, 2, 0, 1, 2, 0, 1, 2, 2, 0, 0, 2, 1, 2, 1, 0, 2, 2, 1, 1, 0, 0, 0, 0, 0, 2, 1, 2, 0, 1, 1, 1, 0, 1, 2, 1, 2, 1, 0, 0, 2, 1, 0, 1, 2, 1, 2, 1, 1, 1, 1, 1, 1, 1, 0, 0, 0, 1, 1, 0, 1, 0, 1, 0, 1, 1, 0, 1, 0, 0, 0, 2, 1, 2, 0, 1, 0, 0, 2, 2, 1]|[0, 3, 2, 2, 4, 1, 2, 2, 2, 4, 1, 1, 2, 4, 4, 1, 2, 4, 2, 1, 1, 1, 1, 2, 1, 2, 1, 1, 1, 1, 2, 3, 0, 4, 0, 1, 2, 0, 3, 2, 2, 2, 1, 0, 2, 0, 1, 1, 0, 2, 2, 2, 0, 0, 3, 2, 4, 1, 2, 2, 3, 1, 1, 1, 3, 0, 4, 3, 3, 1, 4, 1, 1, 1, 1, 2, 4, 4, 0, 1, 2, 3, 2, 4, 1, 1, 3, 1, 1, 1, 1, 4, 1, 2, 1, 1, 2, 2, 1, 1]|[0, 2, 1, 1, 3, 0, 1, 0, 0, 0, 0, 0, 1, 0, 1, 0, 1, 3, 1, 0, 0, 0, 3, 1, 0, 2, 0, 0, 0, 1, 0, 0, 0, 3, 0, 1, 1, 0, 2, 0, 0, 0, 0, 1, 0, 0, 0, 0, 0, 1, 1, 0, 3, 0, 0, 1, 2, 0, 1, 0, 2, 0, 1, 0, 2, 1, 0, 0, 0, 1, 1, 3, 1, 0, 0, 1, 3, 3, 1, 2, 1, 0, 1, 3, 1, 0, 2, 0, 0, 0, 0, 0, 0, 0, 1, 1, 0, 0, 0, 1],740.6648699319737,58345.503832923176,99227.13002615936,false
11,G4_BALANCED,G4_BALANCED,[31, 22, 82, 15, 26, 58, 95, 42, 77, 12, 47, 5, 93, 78, 86, 54, 85, 63, 18, 44, 20, 35, 43, 97, 91, 76, 10, 30, 21, 45, 71, 64, 1, 23, 17, 83, 24, 14, 60, 36, 6, 57, 40, 88, 65, 56, 79, 94, 67, 68, 46, 75, 38, 9, 19, 32, 81, 41, 27, 62, 87, 90, 99, 59, 11, 16, 72, 73, 70, 39, 37, 84, 3, 92, 25, 34, 28, 29, 51, 7, 66, 61, 98, 48, 89, 50, 4, 96, 53, 80, 8, 33, 55, 2, 52, 13, 0, 69, 74, 49]|[1, 1, 0, 1, 1, 0, 1, 2, 2, 1, 2, 2, 2, 1, 1, 0, 0, 1, 0, 2, 2, 0, 1, 2, 0, 1, 2, 2, 0, 0, 1, 2, 1, 2, 1, 0, 2, 0, 1, 1, 0, 1, 1, 1, 0, 2, 1, 1, 0, 0, 0, 0, 1, 1, 2, 1, 2, 0, 0, 0, 2, 1, 0, 1, 2, 1, 2, 1, 1, 1, 1, 1, 1, 0, 1, 2, 0, 0, 0, 1, 2, 1, 2, 0, 1, 0, 1, 2, 0, 0, 1, 2, 2, 0, 1, 0, 0, 1, 2, 0]|[4, 3, 2, 2, 4, 1, 2, 2, 2, 4, 1, 1, 2, 4, 4, 1, 2, 4, 2, 1, 1, 1, 1, 2, 1, 2, 1, 1, 1, 1, 3, 2, 3, 1, 4, 0, 1, 1, 0, 3, 2, 2, 2, 0, 1, 1, 0, 4, 0, 1, 2, 2, 1, 4, 0, 3, 2, 1, 1, 2, 1, 3, 1, 1, 1, 3, 0, 4, 3, 1, 4, 1, 1, 0, 4, 1, 2, 1, 1, 1, 1, 3, 1, 1, 1, 1, 4, 1, 2, 1, 3, 1, 1, 2, 1, 2, 2, 4, 1, 1]|[0, 2, 1, 1, 3, 0, 1, 0, 0, 0, 0, 0, 1, 0, 1, 0, 0, 3, 1, 0, 0, 0, 3, 1, 0, 2, 0, 0, 0, 1, 0, 0, 0, 0, 3, 0, 1, 0, 0, 2, 1, 1, 1, 0, 0, 0, 0, 2, 1, 0, 0, 0, 1, 3, 0, 0, 1, 0, 0, 1, 0, 2, 0, 1, 0, 2, 1, 0, 0, 1, 1, 3, 1, 1, 3, 0, 1, 0, 0, 2, 0, 0, 0, 0, 1, 0, 0, 0, 1, 0, 2, 0, 0, 0, 1, 0, 0, 2, 0, 1],748.9199420531638,56515.33843988122,94927.95154690758,false
11,G2_TEC,G2_TEC,[31, 22, 82, 15, 26, 9, 95, 42, 77, 68, 47, 5, 93, 78, 86, 54, 85, 63, 18, 44, 20, 49, 36, 14, 74, 50, 53, 17, 21, 45, 71, 64, 3, 23, 30, 83, 24, 41, 60, 52, 65, 27, 90, 70, 39, 87, 48, 69, 99, 4, 46, 1, 13, 58, 97, 59, 28, 8, 73, 37, 35, 79, 11, 66, 76, 57, 40, 80, 96, 6, 16, 61, 33, 98, 32, 81, 62, 67, 10, 7, 56, 88, 51, 19, 91, 38, 75, 92, 25, 84, 2, 12, 29, 43, 89, 55, 0, 94, 34, 72]|[2, 1, 2, 1, 1, 2, 1, 1, 1, 1, 1, 0, 2, 2, 1, 2, 0, 0, 0, 2, 2, 1, 0, 2, 0, 2, 2, 1, 0, 1, 1, 1, 0, 0, 1, 0, 2, 1, 2, 2, 0, 0, 1, 1, 0, 2, 0, 2, 1, 0, 0, 2, 2, 0, 2, 0, 2, 1, 0, 0, 2, 1, 0, 2, 2, 0, 2, 2, 0, 1, 2, 1, 1, 0, 0, 1, 1, 1, 1, 2, 2, 1, 1, 1, 1, 0, 0, 0, 1, 0, 2, 1, 1, 1, 1, 0, 0, 1, 1, 1]|[0, 3, 0, 2, 4, 1, 4, 4, 2, 4, 3, 2, 1, 0, 2, 1, 1, 1, 2, 1, 1, 3, 0, 1, 0, 1, 1, 4, 1, 4, 3, 2, 2, 0, 4, 1, 1, 4, 0, 1, 2, 1, 4, 4, 1, 1, 0, 2, 3, 1, 2, 1, 2, 2, 1, 2, 0, 3, 0, 2, 2, 3, 1, 0, 1, 2, 0, 1, 2, 4, 1, 3, 4, 2, 2, 4, 3, 3, 3, 1, 1, 4, 3, 4, 3, 2, 2, 2, 4, 2, 1, 3, 3, 4, 4, 2, 2, 4, 1, 4]|[0, 2, 0, 1, 3, 0, 1, 3, 0, 0, 2, 0, 1, 0, 1, 0, 0, 0, 1, 0, 0, 2, 0, 0, 1, 0, 0, 3, 0, 1, 0, 2, 0, 0, 3, 0, 1, 3, 1, 0, 0, 0, 1, 3, 0, 0, 1, 0, 2, 0, 0, 0, 0, 0, 1, 0, 0, 0, 1, 1, 0, 2, 0, 0, 0, 0, 0, 0, 0, 2, 0, 0, 1, 0, 0, 2, 0, 0, 3, 0, 0, 1, 0, 3, 0, 0, 0, 0, 3, 0, 0, 0, 0, 2, 1, 0, 0, 2, 1, 2],886.7870637778938,51982.18484653672,112309.1752216169,false
11,G3_TWC,G3_TWC,[31, 22, 82, 15, 26, 9, 95, 42, 77, 12, 47, 5, 93, 78, 86, 54, 85, 63, 18, 44, 20, 35, 43, 97, 91, 76, 10, 30, 21, 45, 71, 64, 1, 23, 17, 83, 24, 14, 60, 36, 41, 57, 40, 88, 65, 56, 79, 94, 67, 68, 46, 75, 38, 58, 19, 32, 81, 6, 27, 62, 87, 90, 99, 59, 11, 16, 72, 73, 69, 39, 37, 84, 3, 92, 25, 55, 28, 29, 51, 7, 66, 61, 98, 48, 89, 8, 33, 96, 53, 80, 50, 4, 34, 2, 52, 13, 0, 70, 74, 49]|[1, 1, 0, 1, 1, 0, 1, 2, 2, 1, 2, 2, 2, 1, 1, 0, 0, 1, 0, 2, 2, 0, 1, 2, 0, 1, 2, 2, 0, 0, 1, 2, 1, 2, 1, 0, 2, 0, 1, 1, 0, 1, 1, 1, 0, 2, 1, 1, 0, 0, 0, 0, 1, 1, 2, 1, 2, 0, 0, 0, 2, 1, 0, 1, 2, 1, 2, 1, 1, 1, 1, 1, 1, 0, 1, 1, 0, 0, 0, 1, 2, 1, 2, 0, 1, 0, 2, 0, 0, 0, 0, 0, 2, 0, 1, 0, 0, 1, 2, 0]|[4, 3, 2, 2, 4, 1, 2, 2, 2, 4, 1, 1, 2, 4, 4, 1, 2, 4, 2, 1, 1, 1, 1, 2, 1, 2, 1, 1, 1, 1, 3, 2, 3, 0, 4, 0, 1, 1, 0, 3, 2, 2, 2, 0, 1, 1, 0, 4, 0, 1, 2, 2, 1, 4, 0, 3, 2, 1, 1, 2, 1, 3, 1, 1, 1, 3, 0, 4, 3, 1, 4, 1, 1, 0, 4, 4, 2, 1, 1, 1, 1, 3, 1, 1, 1, 1, 1, 1, 2, 1, 1, 2, 1, 2, 1, 2, 2, 4, 1, 1]|[0, 2, 1, 1, 3, 0, 1, 0, 0, 0, 0, 0, 1, 0, 1, 0, 0, 3, 1, 0, 0, 0, 3, 1, 0, 2, 0, 0, 0, 1, 0, 0, 0, 0, 3, 0, 1, 0, 0, 2, 1, 1, 1, 0, 0, 0, 0, 2, 1, 0, 0, 0, 1, 3, 0, 0, 1, 0, 0, 1, 0, 2, 0, 1, 0, 2, 1, 0, 0, 1, 1, 3, 1, 1, 3, 3, 1, 0, 0, 2, 0, 0, 0, 0, 1, 0, 0, 0, 1, 0, 0, 1, 0, 0, 1, 0, 0, 2, 0, 1],828.6150361188287,57498.909092636255,92558.71763620913,false
11,G1_CMAX,G1_CMAX,[31, 22, 82, 15, 26, 9, 95, 42, 77, 12, 47, 5, 93, 78, 86, 54, 6, 63, 18, 44, 20, 35, 43, 97, 91, 76, 10, 30, 21, 45, 64, 1, 23, 17, 83, 24, 14, 60, 36, 13, 75, 46, 68, 67, 69, 79, 56, 65, 88, 40, 57, 85, 58, 19, 32, 81, 48, 27, 62, 87, 90, 99, 59, 11, 16, 72, 73, 71, 70, 39, 37, 84, 3, 98, 29, 28, 55, 25, 92, 7, 33, 61, 53, 41, 89, 50, 8, 96, 51, 80, 34, 4, 66, 2, 52, 49, 0, 94, 74, 38]|[1, 1, 0, 1, 1, 0, 1, 2, 2, 1, 2, 2, 2, 1, 1, 0, 0, 1, 0, 2, 2, 0, 1, 2, 0, 1, 2, 2, 0, 0, 2, 1, 2, 1, 0, 2, 2, 1, 1, 0, 0, 0, 0, 0, 2, 1, 2, 0, 1, 1, 1, 0, 1, 2, 1, 2, 1, 0, 0, 2, 1, 0, 1, 2, 1, 2, 1, 1, 1, 1, 1, 1, 1, 0, 0, 0, 1, 1, 0, 1, 0, 1, 0, 1, 1, 0, 1, 0, 0, 0, 2, 1, 2, 0, 1, 0, 0, 2, 2, 1]|[0, 3, 2, 2, 4, 1, 2, 2, 2, 4, 1, 1, 2, 4, 4, 1, 2, 4, 2, 1, 1, 1, 1, 2, 1, 2, 1, 1, 1, 1, 2, 3, 0, 4, 0, 1, 2, 0, 3, 2, 2, 2, 1, 0, 2, 0, 1, 1, 0, 2, 2, 2, 0, 0, 3, 2, 4, 1, 2, 2, 3, 1, 1, 1, 3, 0, 4, 3, 3, 1, 4, 1, 1, 1, 1, 2, 4, 4, 0, 1, 2, 3, 2, 4, 1, 1, 3, 1, 1, 1, 1, 4, 1, 2, 1, 1, 2, 2, 1, 1]|[0, 2, 1, 1, 3, 0, 1, 0, 0, 0, 0, 0, 1, 0, 1, 0, 1, 3, 1, 0, 0, 0, 3, 1, 0, 2, 0, 0, 0, 1, 0, 0, 0, 3, 0, 1, 1, 0, 2, 0, 0, 0, 0, 1, 0, 0, 0, 0, 0, 1, 1, 0, 3, 0, 0, 1, 2, 0, 1, 0, 2, 0, 1, 0, 2, 1, 0, 0, 0, 1, 1, 3, 1, 0, 0, 1, 3, 3, 1, 2, 1, 0, 1, 3, 1, 0, 2, 0, 0, 0, 0, 0, 0, 0, 1, 1, 0, 0, 0, 1],740.6648699319737,58345.503832923176,99227.13002615936,false
11,G4_BALANCED,G4_BALANCED,[31, 22, 82, 15, 26, 58, 95, 42, 77, 12, 47, 5, 93, 78, 86, 54, 85, 63, 18, 44, 20, 35, 43, 97, 91, 76, 10, 30, 21, 45, 71, 64, 1, 23, 17, 83, 24, 14, 60, 36, 6, 57, 40, 88, 65, 56, 79, 94, 67, 68, 46, 75, 38, 9, 19, 32, 81, 41, 27, 62, 87, 90, 99, 59, 11, 16, 72, 73, 70, 39, 37, 84, 3, 92, 25, 34, 28, 29, 51, 7, 66, 61, 98, 48, 89, 50, 4, 96, 53, 80, 55, 33, 8, 49, 52, 13, 0, 69, 74, 2]|[1, 1, 0, 1, 1, 0, 1, 2, 2, 1, 2, 2, 2, 1, 1, 0, 0, 1, 0, 2, 2, 0, 1, 2, 0, 1, 2, 2, 0, 0, 1, 2, 1, 2, 1, 0, 2, 0, 1, 1, 0, 1, 1, 1, 0, 2, 1, 1, 0, 0, 0, 0, 1, 1, 2, 1, 2, 0, 0, 0, 2, 1, 0, 1, 2, 1, 2, 1, 1, 1, 1, 1, 1, 0, 1, 2, 0, 0, 0, 1, 2, 1, 2, 0, 1, 0, 1, 0, 0, 0, 2, 0, 1, 0, 1, 0, 0, 1, 2, 0]|[4, 3, 2, 2, 4, 1, 2, 2, 2, 4, 1, 1, 2, 4, 4, 1, 2, 4, 2, 1, 1, 1, 1, 2, 1, 2, 1, 1, 1, 1, 3, 2, 3, 1, 4, 0, 1, 1, 0, 3, 2, 2, 2, 0, 1, 1, 0, 4, 0, 1, 2, 2, 1, 4, 0, 3, 2, 1, 1, 2, 1, 3, 1, 1, 1, 3, 0, 4, 3, 1, 4, 1, 1, 0, 4, 1, 2, 1, 1, 1, 1, 3, 1, 1, 1, 1, 4, 1, 2, 2, 1, 2, 3, 1, 1, 2, 2, 4, 1, 2]|[0, 2, 1, 1, 3, 0, 1, 0, 0, 0, 0, 0, 1, 0, 1, 0, 0, 3, 1, 0, 0, 0, 3, 1, 0, 2, 0, 0, 0, 1, 0, 0, 0, 0, 3, 0, 1, 0, 0, 2, 1, 1, 1, 0, 0, 0, 0, 2, 1, 0, 0, 0, 1, 3, 0, 0, 1, 0, 0, 1, 0, 2, 0, 1, 0, 2, 1, 0, 0, 1, 1, 3, 1, 1, 3, 0, 1, 0, 0, 2, 0, 0, 0, 0, 1, 0, 0, 0, 1, 1, 0, 1, 2, 1, 1, 0, 0, 2, 0, 0],796.6502417885483,56987.066600188686,94162.86783167731,false
11,G2_TEC,G4_BALANCED,[31, 22, 82, 15, 26, 9, 95, 42, 77, 68, 47, 5, 93, 78, 86, 54, 85, 63, 18, 44, 20, 49, 36, 14, 74, 50, 53, 17, 21, 45, 71, 64, 3, 23, 30, 83, 24, 41, 60, 52, 65, 27, 90, 70, 39, 87, 48, 69, 99, 4, 46, 1, 13, 58, 97, 59, 28, 8, 73, 37, 35, 79, 11, 66, 76, 57, 40, 80, 96, 6, 16, 61, 33, 98, 32, 81, 62, 67, 10, 7, 56, 88, 51, 19, 91, 29, 75, 92, 25, 84, 2, 12, 55, 43, 34, 0, 38, 72, 89, 94]|[2, 1, 2, 1, 1, 2, 1, 1, 1, 1, 1, 0, 2, 2, 1, 2, 0, 0, 0, 2, 2, 1, 0, 2, 0, 2, 2, 1, 0, 1, 1, 1, 0, 0, 1, 0, 2, 1, 2, 2, 0, 0, 1, 1, 0, 2, 0, 2, 1, 0, 0, 2, 0, 0, 2, 0, 2, 1, 0, 0, 2, 1, 0, 2, 2, 0, 2, 2, 0, 1, 2, 1, 1, 0, 0, 1, 1, 1, 1, 2, 2, 1, 1, 1, 1, 1, 0, 0, 1, 0, 2, 1, 0, 1, 1, 0, 1, 1, 1, 1]|[0, 3, 0, 2, 4, 1, 4, 4, 2, 4, 3, 2, 1, 0, 2, 1, 1, 1, 2, 1, 1, 3, 0, 1, 0, 1, 1, 4, 1, 4, 3, 2, 2, 0, 4, 1, 1, 4, 0, 1, 2, 1, 4, 4, 1, 1, 0, 2, 3, 2, 2, 1, 2, 1, 1, 2, 0, 3, 0, 2, 2, 3, 1, 0, 1, 2, 0, 1, 2, 4, 1, 3, 4, 2, 2, 4, 3, 3, 3, 1, 1, 4, 3, 4, 3, 3, 2, 2, 4, 2, 1, 3, 2, 4, 1, 2, 3, 4, 4, 4]|[0, 2, 0, 1, 3, 0, 1, 3, 0, 0, 2, 0, 1, 0, 1, 0, 0, 0, 1, 0, 0, 2, 0, 0, 1, 0, 0, 3, 0, 1, 0, 2, 0, 0, 3, 0, 1, 3, 1, 0, 0, 0, 1, 3, 0, 0, 1, 0, 2, 0, 0, 0, 0, 0, 1, 0, 0, 0, 1, 1, 0, 2, 0, 0, 0, 0, 0, 0, 0, 2, 0, 0, 1, 0, 0, 2, 0, 0, 3, 0, 0, 1, 0, 3, 0, 0, 0, 0, 3, 0, 0, 0, 0, 2, 1, 0, 0, 2, 1, 2],900.3345565094953,52022.63266647525,111450.3611329553,true
11,G3_TWC,G4_BALANCED,[31, 22, 82, 15, 26, 58, 95, 42, 77, 12, 47, 5, 93, 78, 86, 54, 85, 63, 18, 44, 20, 35, 43, 97, 91, 76, 10, 30, 21, 45, 71, 64, 1, 23, 17, 83, 24, 14, 60, 36, 6, 57, 40, 88, 65, 56, 79, 94, 67, 68, 46, 75, 38, 9, 19, 32, 81, 41, 27, 62, 87, 90, 99, 59, 11, 16, 72, 73, 70, 39, 37, 84, 3, 92, 25, 55, 28, 29, 51, 7, 33, 61, 98, 48, 89, 50, 66, 96, 53, 8, 80, 4, 34, 2, 52, 49, 0, 69, 74, 13]|[1, 1, 0, 1, 1, 0, 1, 2, 2, 1, 2, 2, 2, 1, 1, 0, 0, 1, 0, 2, 2, 0, 1, 2, 0, 1, 2, 2, 0, 0, 1, 2, 1, 2, 1, 0, 2, 0, 1, 1, 0, 1, 1, 1, 0, 2, 1, 1, 0, 0, 0, 0, 1, 1, 2, 1, 2, 0, 0, 0, 2, 1, 0, 1, 2, 1, 2, 1, 1, 1, 1, 1, 1, 0, 1, 2, 0, 0, 0, 1, 0, 1, 2, 0, 1, 0, 2, 2, 0, 1, 0, 1, 2, 0, 1, 0, 0, 1, 2, 0]|[4, 3, 2, 2, 4, 1, 2, 2, 2, 4, 1, 1, 2, 4, 4, 1, 2, 4, 2, 1, 1, 1, 1, 2, 1, 2, 1, 1, 1, 1, 3, 2, 3, 1, 4, 0, 1, 1, 0, 3, 2, 2, 2, 0, 1, 1, 0, 4, 0, 1, 2, 2, 1, 4, 0, 3, 2, 1, 1, 2, 1, 3, 1, 1, 1, 3, 0, 4, 3, 1, 4, 1, 1, 0, 4, 1, 2, 1, 1, 1, 2, 3, 1, 1, 1, 1, 1, 1, 2, 3, 1, 4, 1, 2, 1, 1, 2, 4, 1, 2]|[0, 2, 1, 1, 3, 0, 1, 0, 0, 0, 0, 0, 1, 0, 1, 0, 0, 3, 1, 0, 0, 0, 3, 1, 0, 2, 0, 0, 0, 1, 0, 0, 0, 0, 3, 0, 1, 0, 0, 2, 1, 1, 1, 0, 0, 0, 0, 2, 1, 0, 0, 0, 1, 3, 0, 0, 1, 0, 0, 1, 0, 2, 0, 1, 0, 2, 1, 0, 0, 1, 1, 3, 1, 1, 3, 0, 1, 0, 0, 2, 1, 0, 0, 0, 1, 0, 0, 0, 1, 2, 0, 0, 0, 0, 1, 1, 0, 2, 0, 0],770.2181768135245,56800.65850656319,94404.00887954942,true
11,G1_CMAX,G1_CMAX,[31, 22, 82, 15, 26, 9, 95, 42, 77, 12, 47, 5, 93, 78, 86, 54, 6, 63, 18, 44, 20, 35, 43, 97, 91, 76, 10, 30, 21, 45, 64, 1, 23, 17, 83, 24, 14, 60, 36, 13, 75, 46, 68, 67, 69, 79, 56, 65, 88, 40, 57, 85, 58, 19, 32, 81, 48, 27, 62, 87, 90, 99, 59, 11, 16, 72, 73, 71, 70, 39, 37, 84, 3, 98, 29, 28, 55, 25, 92, 7, 33, 61, 53, 41, 89, 50, 8, 96, 51, 80, 34, 4, 66, 2, 52, 49, 0, 94, 74, 38]|[1, 1, 0, 1, 1, 0, 1, 2, 2, 1, 2, 2, 2, 1, 1, 0, 0, 1, 0, 2, 2, 0, 1, 2, 0, 1, 2, 2, 0, 0, 2, 1, 2, 1, 0, 2, 2, 1, 1, 0, 0, 0, 0, 0, 2, 1, 2, 0, 1, 1, 1, 0, 1, 2, 1, 2, 1, 0, 0, 2, 1, 0, 1, 2, 1, 2, 1, 1, 1, 1, 1, 1, 1, 0, 0, 0, 1, 1, 0, 1, 0, 1, 0, 1, 1, 0, 1, 0, 0, 0, 2, 1, 2, 0, 1, 0, 0, 2, 2, 1]|[0, 3, 2, 2, 4, 1, 2, 2, 2, 4, 1, 1, 2, 4, 4, 1, 2, 4, 2, 1, 1, 1, 1, 2, 1, 2, 1, 1, 1, 1, 2, 3, 0, 4, 0, 1, 2, 0, 3, 2, 2, 2, 1, 0, 2, 0, 1, 1, 0, 2, 2, 2, 0, 0, 3, 2, 4, 1, 2, 2, 3, 1, 1, 1, 3, 0, 4, 3, 3, 1, 4, 1, 1, 1, 1, 2, 4, 4, 0, 1, 2, 3, 2, 4, 1, 1, 3, 1, 1, 1, 1, 4, 1, 2, 1, 1, 2, 2, 1, 1]|[0, 2, 1, 1, 3, 0, 1, 0, 0, 0, 0, 0, 1, 0, 1, 0, 1, 3, 1, 0, 0, 0, 3, 1, 0, 2, 0, 0, 0, 1, 0, 0, 0, 3, 0, 1, 1, 0, 2, 0, 0, 0, 0, 1, 0, 0, 0, 0, 0, 1, 1, 0, 3, 0, 0, 1, 2, 0, 1, 0, 2, 0, 1, 0, 2, 1, 0, 0, 0, 1, 1, 3, 1, 0, 0, 1, 3, 3, 1, 2, 1, 0, 1, 3, 1, 0, 2, 0, 0, 0, 0, 0, 0, 0, 1, 1, 0, 0, 0, 1],740.6648699319737,58345.503832923176,99227.13002615936,false
11,G4_BALANCED,G2_TEC,[31, 11, 82, 15, 26, 9, 95, 42, 77, 68, 47, 5, 93, 78, 86, 54, 85, 63, 18, 44, 20, 49, 36, 14, 74, 50, 53, 17, 21, 45, 71, 64, 3, 23, 30, 83, 24, 41, 60, 52, 65, 27, 90, 70, 39, 87, 48, 69, 99, 4, 46, 1, 13, 58, 97, 59, 28, 8, 73, 37, 35, 79, 22, 66, 76, 57, 40, 80, 96, 6, 16, 61, 33, 98, 32, 81, 62, 67, 10, 7, 56, 88, 51, 19, 91, 38, 75, 92, 25, 84, 2, 55, 12, 43, 34, 29, 0, 94, 89, 72]|[2, 1, 2, 1, 1, 2, 1, 1, 1, 1, 1, 0, 2, 2, 1, 2, 0, 0, 0, 2, 2, 1, 0, 2, 0, 2, 2, 1, 0, 1, 1, 1, 0, 0, 1, 0, 2, 1, 2, 2, 0, 0, 1, 1, 0, 2, 0, 2, 1, 0, 0, 2, 0, 0, 2, 0, 2, 1, 0, 0, 2, 1, 1, 2, 2, 0, 2, 2, 0, 1, 2, 1, 1, 0, 0, 1, 1, 1, 1, 2, 2, 1, 1, 1, 1, 0, 0, 0, 1, 0, 2, 0, 1, 1, 1, 0, 0, 1, 1, 1]|[0, 3, 0, 2, 4, 1, 4, 4, 2, 4, 3, 2, 1, 0, 2, 1, 1, 1, 2, 1, 1, 3, 0, 1, 0, 1, 1, 4, 1, 4, 3, 2, 2, 0, 4, 1, 1, 4, 0, 1, 2, 1, 4, 4, 1, 1, 0, 2, 3, 2, 2, 1, 2, 1, 1, 2, 0, 3, 0, 2, 2, 3, 3, 0, 1, 2, 0, 1, 2, 4, 1, 3, 4, 2, 2, 4, 3, 3, 3, 1, 1, 4, 3, 4, 3, 2, 2, 2, 4, 2, 1, 2, 3, 4, 1, 2, 2, 4, 4, 4]|[0, 2, 0, 1, 3, 0, 1, 3, 0, 0, 2, 0, 1, 0, 1, 0, 0, 0, 1, 0, 0, 2, 0, 0, 1, 0, 0, 3, 0, 1, 0, 2, 0, 0, 3, 0, 1, 3, 1, 0, 0, 0, 1, 3, 0, 0, 1, 0, 2, 0, 0, 0, 0, 0, 1, 0, 0, 0, 1, 1, 0, 2, 2, 0, 0, 0, 0, 0, 0, 2, 0, 0, 1, 0, 0, 2, 0, 0, 3, 0, 0, 1, 0, 3, 0, 0, 0, 0, 3, 0, 0, 0, 0, 2, 1, 0, 0, 2, 1, 2],947.0324364364093,51658.33709154986,111860.19689384053,true
11,G2_TEC,G2_TEC,[31, 22, 82, 15, 26, 9, 95, 42, 77, 68, 47, 5, 93, 78, 86, 54, 85, 63, 18, 44, 20, 49, 36, 14, 74, 50, 53, 17, 21, 45, 71, 64, 3, 23, 30, 83, 24, 41, 60, 52, 65, 27, 32, 70, 39, 87, 48, 69, 99, 4, 46, 1, 13, 58, 97, 59, 28, 8, 73, 37, 35, 79, 11, 66, 76, 57, 40, 80, 96, 6, 16, 61, 33, 98, 90, 81, 62, 67, 10, 7, 56, 88, 51, 19, 91, 38, 75, 92, 25, 84, 2, 55, 12, 43, 34, 0, 29, 94, 89, 72]|[2, 1, 2, 1, 1, 2, 1, 1, 1, 1, 1, 0, 2, 2, 1, 2, 0, 0, 0, 2, 2, 1, 0, 2, 0, 2, 2, 1, 0, 1, 1, 1, 0, 0, 1, 0, 2, 1, 2, 2, 0, 0, 1, 1, 0, 2, 0, 2, 1, 0, 0, 2, 0, 0, 2, 0, 2, 1, 0, 0, 2, 1, 0, 2, 2, 0, 2, 2, 0, 1, 2, 1, 1, 0, 0, 1, 1, 1, 1, 2, 2, 1, 1, 1, 1, 0, 0, 0, 1, 0, 2, 0, 1, 1, 1, 0, 1, 1, 1, 1]|[0, 3, 0, 2, 4, 1, 4, 4, 2, 4, 3, 2, 1, 0, 2, 1, 1, 1, 2, 1, 1, 3, 0, 1, 0, 1, 1, 4, 1, 4, 3, 2, 2, 0, 4, 1, 1, 4, 0, 1, 2, 1, 4, 4, 1, 1, 0, 2, 3, 2, 2, 1, 2, 1, 1, 2, 0, 3, 0, 2, 2, 3, 1, 0, 1, 0, 0, 1, 2, 4, 1, 3, 4, 2, 2, 4, 3, 3, 3, 1, 0, 4, 3, 4, 3, 2, 2, 2, 4, 2, 1, 2, 3, 4, 1, 2, 3, 4, 4, 4]|[0, 2, 0, 1, 3, 0, 1, 3, 0, 0, 2, 0, 1, 0, 1, 0, 0, 0, 1, 0, 0, 2, 0, 0, 1, 0, 0, 3, 0, 1, 0, 2, 0, 0, 3, 0, 1, 3, 1, 0, 0, 0, 1, 3, 0, 0, 1, 0, 2, 0, 0, 0, 0, 0, 1, 0, 0, 0, 1, 1, 0, 2, 0, 0, 0, 1, 0, 0, 0, 2, 0, 0, 1, 0, 0, 2, 0, 0, 3, 0, 0, 1, 0, 3, 0, 0, 0, 0, 3, 0, 0, 0, 0, 2, 1, 0, 0, 2, 1, 2],878.9954438047129,52139.96113118858,113027.71965628919,false
11,G3_TWC,G3_TWC,[31, 22, 82, 15, 26, 58, 95, 42, 77, 12, 47, 5, 93, 78, 86, 54, 85, 63, 18, 44, 20, 35, 43, 97, 91, 76, 10, 30, 21, 45, 71, 64, 1, 23, 17, 83, 24, 14, 60, 36, 6, 57, 94, 88, 65, 56, 79, 40, 67, 68, 46, 75, 38, 9, 19, 32, 81, 41, 27, 62, 87, 90, 99, 59, 11, 16, 72, 73, 69, 39, 37, 84, 3, 53, 25, 55, 28, 29, 51, 7, 33, 61, 98, 48, 89, 50, 66, 96, 92, 80, 8, 4, 34, 2, 52, 13, 0, 70, 74, 49]|[1, 1, 0, 1, 1, 0, 1, 2, 2, 1, 2, 2, 2, 1, 1, 0, 0, 1, 0, 2, 2, 0, 1, 2, 0, 1, 2, 2, 0, 0, 1, 2, 1, 2, 1, 0, 2, 0, 1, 1, 0, 1, 1, 1, 0, 2, 1, 1, 0, 0, 0, 0, 1, 1, 2, 1, 2, 0, 0, 0, 2, 1, 0, 1, 2, 1, 2, 1, 1, 1, 1, 1, 1, 0, 1, 2, 0, 0, 0, 1, 0, 1, 2, 0, 1, 0, 2, 2, 0, 0, 1, 1, 2, 0, 1, 0, 0, 1, 2, 0]|[4, 3, 2, 2, 4, 1, 2, 2, 2, 4, 1, 1, 2, 4, 4, 1, 2, 4, 2, 1, 1, 1, 1, 2, 1, 2, 1, 1, 1, 1, 3, 2, 3, 0, 4, 0, 1, 1, 0, 3, 2, 2, 2, 0, 1, 1, 0, 4, 0, 1, 2, 2, 1, 4, 0, 3, 2, 1, 1, 2, 1, 3, 1, 1, 1, 3, 0, 4, 3, 1, 4, 1, 1, 2, 4, 1, 2, 1, 1, 1, 2, 3, 1, 1, 1, 1, 1, 1, 2, 1, 3, 4, 1, 2, 1, 2, 2, 4, 1, 1]|[0, 2, 1, 1, 3, 0, 1, 0, 0, 0, 0, 0, 1, 0, 1, 0, 0, 3, 1, 0, 0, 0, 3, 1, 0, 2, 0, 0, 0, 1, 0, 0, 0, 0, 3, 0, 1, 0, 0, 2, 1, 1, 1, 0, 0, 0, 0, 2, 1, 0, 0, 0, 1, 3, 0, 0, 1, 0, 0, 1, 0, 2, 0, 1, 0, 2, 1, 0, 0, 1, 1, 3, 1, 1, 3, 0, 1, 0, 0, 2, 1, 0, 0, 0, 1, 0, 0, 0, 1, 0, 2, 0, 0, 0, 1, 0, 0, 2, 0, 1],761.81816828236,57309.94920582257,93836.99285973536,false
11,G1_CMAX,G1_CMAX,[31, 22, 82, 15, 26, 9, 95, 42, 77, 12, 47, 5, 93, 78, 86, 54, 6, 63, 18, 44, 20, 35, 43, 97, 91, 76, 10, 30, 21, 45, 64, 1, 23, 17, 83, 24, 14, 60, 36, 13, 75, 46, 68, 67, 69, 79, 56, 65, 88, 40, 57, 85, 58, 19, 32, 81, 48, 27, 62, 87, 90, 99, 59, 11, 16, 72, 73, 71, 70, 39, 37, 84, 3, 98, 29, 28, 55, 25, 92, 7, 33, 61, 53, 41, 89, 50, 8, 96, 51, 80, 34, 4, 66, 2, 52, 49, 0, 94, 74, 38]|[1, 1, 0, 1, 1, 0, 1, 2, 2, 1, 2, 2, 2, 1, 1, 0, 0, 1, 0, 2, 2, 0, 1, 2, 0, 1, 2, 2, 0, 0, 2, 1, 2, 1, 0, 2, 2, 1, 1, 0, 0, 0, 0, 0, 2, 1, 2, 0, 1, 1, 1, 0, 1, 2, 1, 2, 1, 0, 0, 2, 1, 0, 1, 2, 1, 2, 1, 1, 1, 1, 1, 1, 1, 0, 0, 0, 1, 1, 0, 1, 0, 1, 0, 1, 1, 0, 1, 0, 0, 0, 2, 1, 2, 0, 1, 0, 0, 2, 2, 1]|[0, 3, 2, 2, 4, 1, 2, 2, 2, 4, 1, 1, 2, 4, 4, 1, 2, 4, 2, 1, 1, 1, 1, 2, 1, 2, 1, 1, 1, 1, 2, 3, 0, 4, 0, 1, 2, 0, 3, 2, 2, 2, 1, 0, 2, 0, 1, 1, 0, 2, 2, 2, 0, 0, 3, 2, 4, 1, 2, 2, 3, 1, 1, 1, 3, 0, 4, 3, 3, 1, 4, 1, 1, 1, 1, 2, 4, 4, 0, 1, 2, 3, 2, 4, 1, 1, 3, 1, 1, 1, 1, 4, 1, 2, 1, 1, 2, 2, 1, 1]|[0, 2, 1, 1, 3, 0, 1, 0, 0, 0, 0, 0, 1, 0, 1, 0, 1, 3, 1, 0, 0, 0, 3, 1, 0, 2, 0, 0, 0, 1, 0, 0, 0, 3, 0, 1, 1, 0, 2, 0, 0, 0, 0, 1, 0, 0, 0, 0, 0, 1, 1, 0, 3, 0, 0, 1, 2, 0, 1, 0, 2, 0, 1, 0, 2, 1, 0, 0, 0, 1, 1, 3, 1, 0, 0, 1, 3, 3, 1, 2, 1, 0, 1, 3, 1, 0, 2, 0, 0, 0, 0, 0, 0, 0, 1, 1, 0, 0, 0, 1],740.6648699319737,58345.503832923176,99227.13002615936,false
11,G4_BALANCED,G2_TEC,[31, 11, 82, 15, 26, 9, 95, 42, 77, 68, 47, 5, 93, 78, 86, 54, 85, 63, 18, 44, 20, 49, 36, 14, 74, 50, 53, 17, 21, 45, 71, 64, 3, 23, 30, 83, 24, 41, 60, 52, 65, 27, 90, 70, 39, 87, 48, 69, 99, 4, 46, 1, 13, 58, 97, 59, 28, 8, 73, 37, 35, 79, 22, 66, 76, 57, 40, 80, 96, 6, 16, 61, 33, 98, 32, 81, 62, 67, 10, 7, 56, 88, 51, 19, 91, 38, 75, 92, 25, 84, 2, 55, 12, 43, 34, 29, 0, 94, 89, 72]|[2, 1, 2, 1, 1, 2, 1, 1, 1, 1, 1, 0, 2, 2, 1, 2, 0, 0, 0, 2, 2, 1, 0, 2, 0, 2, 2, 1, 0, 1, 1, 1, 0, 0, 1, 0, 2, 1, 2, 2, 0, 0, 1, 1, 0, 2, 0, 2, 1, 0, 0, 2, 0, 0, 2, 0, 2, 1, 0, 0, 2, 1, 1, 2, 2, 0, 2, 2, 0, 1, 2, 1, 1, 0, 0, 1, 1, 1, 1, 2, 2, 1, 1, 1, 1, 0, 0, 0, 1, 0, 2, 0, 1, 1, 1, 0, 0, 1, 1, 1]|[0, 3, 0, 2, 4, 1, 4, 4, 2, 4, 3, 2, 1, 0, 2, 1, 1, 1, 2, 1, 1, 3, 0, 1, 0, 1, 1, 4, 1, 4, 3, 2, 2, 0, 4, 1, 1, 4, 0, 1, 2, 1, 4, 4, 1, 1, 0, 2, 3, 2, 2, 1, 2, 1, 1, 2, 0, 3, 0, 2, 2, 3, 3, 0, 1, 2, 0, 1, 2, 4, 1, 3, 4, 2, 2, 4, 3, 3, 3, 1, 1, 4, 3, 4, 3, 2, 2, 2, 4, 2, 1, 2, 3, 4, 1, 2, 2, 4, 4, 4]|[0, 2, 0, 1, 3, 0, 1, 3, 0, 0, 2, 0, 1, 0, 1, 0, 0, 0, 1, 0, 0, 2, 0, 0, 1, 0, 0, 3, 0, 1, 0, 2, 0, 0, 3, 0, 1, 3, 1, 0, 0, 0, 1, 3, 0, 0, 1, 0, 2, 0, 0, 0, 0, 0, 1, 0, 0, 0, 1, 1, 0, 2, 2, 0, 0, 0, 0, 0, 0, 2, 0, 0, 1, 0, 0, 2, 0, 0, 3, 0, 0, 1, 0, 3, 0, 0, 0, 0, 3, 0, 0, 0, 0, 2, 1, 0, 0, 2, 1, 2],947.0324364364093,51658.33709154986,111860.19689384053,true
11,G2_TEC,G2_TEC,[31, 22, 82, 15, 26, 9, 95, 42, 77, 68, 47, 5, 93, 78, 86, 54, 85, 63, 18, 44, 20, 49, 36, 14, 74, 50, 53, 17, 21, 45, 71, 64, 3, 23, 30, 83, 24, 41, 60, 52, 65, 27, 90, 70, 39, 87, 48, 69, 99, 4, 46, 1, 13, 58, 97, 59, 28, 8, 73, 37, 35, 79, 11, 66, 76, 57, 40, 80, 96, 6, 16, 61, 33, 98, 32, 81, 62, 67, 10, 7, 56, 88, 51, 19, 91, 38, 75, 92, 25, 84, 2, 12, 29, 43, 34, 0, 55, 72, 89, 94]|[2, 1, 2, 1, 1, 2, 1, 1, 1, 1, 1, 0, 2, 2, 1, 2, 0, 0, 0, 2, 2, 1, 0, 2, 0, 2, 2, 1, 0, 1, 1, 1, 0, 0, 1, 0, 2, 1, 2, 2, 0, 0, 1, 1, 0, 2, 0, 2, 1, 0, 0, 2, 0, 0, 2, 0, 2, 1, 0, 0, 2, 1, 0, 2, 2, 0, 2, 2, 0, 1, 2, 1, 1, 0, 0, 1, 1, 1, 1, 2, 2, 1, 1, 1, 1, 0, 0, 0, 1, 0, 2, 1, 1, 1, 1, 0, 0, 1, 1, 1]|[0, 3, 0, 2, 4, 1, 4, 4, 2, 4, 3, 2, 1, 0, 2, 1, 1, 1, 2, 1, 1, 3, 0, 1, 0, 1, 1, 4, 1, 4, 3, 2, 2, 0, 4, 1, 1, 4, 0, 1, 2, 1, 4, 4, 1, 1, 0, 2, 3, 1, 2, 1, 2, 1, 1, 2, 0, 3, 0, 2, 2, 3, 1, 0, 1, 2, 0, 1, 2, 4, 1, 3, 4, 2, 2, 4, 3, 3, 3, 1, 1, 4, 3, 4, 3, 2, 2, 2, 4, 2, 1, 3, 3, 4, 1, 2, 2, 4, 4, 4]|[0, 2, 0, 1, 3, 0, 1, 3, 0, 0, 2, 0, 1, 0, 1, 0, 0, 0, 1, 0, 0, 2, 0, 0, 1, 0, 0, 3, 0, 1, 0, 2, 0, 0, 3, 0, 1, 3, 1, 0, 0, 0, 1, 3, 0, 0, 1, 0, 2, 0, 0, 0, 0, 0, 1, 0, 0, 0, 1, 1, 0, 2, 0, 0, 0, 0, 0, 0, 0, 2, 0, 0, 1, 0, 0, 2, 0, 0, 3, 0, 0, 1, 0, 3, 0, 0, 0, 0, 3, 0, 0, 0, 0, 2, 1, 0, 0, 2, 1, 2],919.0497895854953,51847.77047172447,110973.80723209208,false
11,G3_TWC,G1_CMAX,[31, 22, 82, 15, 26, 9, 95, 42, 77, 12, 47, 5, 93, 78, 86, 54, 6, 63, 18, 44, 20, 35, 43, 97, 91, 76, 10, 30, 21, 45, 64, 1, 23, 17, 83, 24, 14, 60, 36, 13, 75, 46, 68, 67, 69, 79, 56, 65, 88, 40, 57, 85, 58, 19, 32, 81, 48, 27, 62, 87, 90, 99, 59, 11, 16, 72, 73, 71, 70, 39, 37, 84, 3, 98, 29, 28, 55, 25, 92, 7, 33, 61, 53, 41, 89, 50, 8, 96, 51, 80, 34, 4, 66, 2, 52, 49, 0, 94, 74, 38]|[1, 1, 0, 1, 1, 0, 1, 2, 2, 1, 2, 2, 2, 1, 1, 0, 0, 1, 0, 2, 2, 0, 1, 2, 0, 1, 2, 2, 0, 0, 2, 1, 2, 1, 0, 2, 2, 1, 1, 0, 0, 0, 0, 0, 2, 1, 2, 0, 1, 1, 1, 0, 1, 2, 1, 2, 1, 0, 0, 2, 1, 0, 1, 2, 1, 2, 1, 1, 1, 1, 1, 1, 1, 0, 0, 0, 1, 1, 0, 1, 0, 1, 0, 1, 1, 0, 1, 0, 0, 0, 2, 1, 2, 0, 1, 0, 0, 2, 2, 1]|[0, 3, 2, 2, 4, 1, 2, 2, 2, 4, 1, 1, 2, 4, 4, 1, 2, 4, 2, 1, 1, 1, 1, 2, 1, 2, 1, 1, 1, 1, 2, 3, 0, 4, 0, 1, 2, 0, 3, 2, 2, 2, 1, 0, 2, 0, 1, 1, 0, 2, 2, 2, 0, 0, 3, 2, 4, 1, 2, 2, 3, 1, 1, 1, 3, 0, 4, 3, 3, 1, 4, 1, 1, 1, 1, 2, 4, 4, 0, 1, 2, 3, 2, 4, 1, 1, 3, 1, 1, 1, 1, 4, 1, 2, 1, 1, 2, 2, 1, 1]|[0, 2, 1, 1, 3, 0, 1, 0, 0, 0, 0, 0, 1, 0, 1, 0, 1, 3, 1, 0, 0, 0, 3, 1, 0, 2, 0, 0, 0, 1, 0, 0, 0, 3, 0, 1, 1, 0, 2, 0, 0, 0, 0, 1, 0, 0, 0, 0, 0, 1, 1, 0, 3, 0, 0, 1, 2, 0, 1, 0, 2, 0, 1, 0, 2, 1, 0, 0, 0, 1, 1, 3, 1, 0, 0, 1, 3, 3, 1, 2, 1, 0, 1, 3, 1, 0, 2, 0, 0, 0, 0, 0, 0, 0, 1, 1, 0, 0, 0, 1],740.6648699319737,58345.503832923176,99227.13002615936,true
11,G1_CMAX,G1_CMAX,[31, 22, 82, 15, 26, 9, 95, 42, 77, 12, 47, 5, 93, 78, 86, 54, 6, 63, 18, 44, 20, 35, 43, 97, 91, 76, 10, 30, 21, 45, 64, 1, 23, 17, 83, 24, 14, 60, 36, 13, 75, 46, 68, 67, 69, 79, 56, 65, 88, 40, 57, 85, 58, 19, 32, 81, 48, 27, 62, 87, 90, 99, 59, 11, 16, 72, 73, 71, 70, 39, 37, 84, 3, 98, 29, 28, 55, 25, 92, 7, 33, 61, 53, 41, 89, 50, 8, 96, 51, 80, 34, 4, 66, 2, 52, 49, 0, 94, 74, 38]|[1, 1, 0, 1, 1, 0, 1, 2, 2, 1, 2, 2, 2, 1, 1, 0, 0, 1, 0, 2, 2, 0, 1, 2, 0, 1, 2, 2, 0, 0, 2, 1, 2, 1, 0, 2, 2, 1, 1, 0, 0, 0, 0, 0, 2, 1, 2, 0, 1, 1, 1, 0, 1, 2, 1, 2, 1, 0, 0, 2, 1, 0, 1, 2, 1, 2, 1, 1, 1, 1, 1, 1, 1, 0, 0, 0, 1, 1, 0, 1, 0, 1, 0, 1, 1, 0, 1, 0, 0, 0, 2, 1, 2, 0, 1, 0, 0, 2, 2, 1]|[0, 3, 2, 2, 4, 1, 2, 2, 2, 4, 1, 1, 2, 4, 4, 1, 2, 4, 2, 1, 1, 1, 1, 2, 1, 2, 1, 1, 1, 1, 2, 3, 0, 4, 0, 1, 2, 0, 3, 2, 2, 2, 1, 0, 2, 0, 1, 1, 0, 2, 2, 2, 0, 0, 3, 2, 4, 1, 2, 2, 3, 1, 1, 1, 3, 0, 4, 3, 3, 1, 4, 1, 1, 1, 1, 2, 4, 4, 0, 1, 2, 3, 2, 4, 1, 1, 3, 1, 1, 1, 1, 4, 1, 2, 1, 1, 2, 2, 1, 1]|[0, 2, 1, 1, 3, 0, 1, 0, 0, 0, 0, 0, 1, 0, 1, 0, 1, 3, 1, 0, 0, 0, 3, 1, 0, 2, 0, 0, 0, 1, 0, 0, 0, 3, 0, 1, 1, 0, 2, 0, 0, 0, 0, 1, 0, 0, 0, 0, 0, 1, 1, 0, 3, 0, 0, 1, 2, 0, 1, 0, 2, 0, 1, 0, 2, 1, 0, 0, 0, 1, 1, 3, 1, 0, 0, 1, 3, 3, 1, 2, 1, 0, 1, 3, 1, 0, 2, 0, 0, 0, 0, 0, 0, 0, 1, 1, 0, 0, 0, 1],740.6648699319737,58345.503832923176,99227.13002615936,false
11,G4_BALANCED,G2_TEC,[31, 11, 82, 15, 26, 9, 95, 42, 77, 68, 47, 5, 93, 78, 86, 54, 85, 63, 18, 44, 20, 49, 36, 14, 74, 50, 53, 17, 21, 45, 71, 64, 3, 23, 30, 83, 24, 41, 60, 52, 65, 27, 90, 70, 39, 87, 48, 69, 99, 4, 46, 1, 13, 58, 97, 59, 28, 8, 73, 37, 35, 79, 22, 66, 76, 57, 40, 80, 96, 6, 16, 61, 33, 98, 32, 81, 62, 67, 10, 7, 56, 88, 51, 19, 91, 38, 75, 92, 25, 84, 2, 55, 12, 43, 34, 29, 0, 94, 89, 72]|[2, 1, 2, 1, 1, 2, 1, 1, 1, 1, 1, 0, 2, 2, 1, 2, 0, 0, 0, 2, 2, 1, 0, 2, 0, 2, 2, 1, 0, 1, 1, 1, 0, 0, 1, 0, 2, 1, 2, 2, 0, 0, 1, 1, 0, 2, 0, 2, 1, 0, 0, 2, 0, 0, 2, 0, 2, 1, 0, 0, 2, 1, 1, 2, 2, 0, 2, 2, 0, 1, 2, 1, 1, 0, 0, 1, 1, 1, 1, 2, 2, 1, 1, 1, 1, 0, 0, 0, 1, 0, 2, 0, 1, 1, 1, 0, 0, 1, 1, 1]|[0, 3, 0, 2, 4, 1, 4, 4, 2, 4, 3, 2, 1, 0, 2, 1, 1, 1, 2, 1, 1, 3, 0, 1, 0, 1, 1, 4, 1, 4, 3, 2, 2, 0, 4, 1, 1, 4, 0, 1, 2, 1, 4, 4, 1, 1, 0, 2, 3, 2, 2, 1, 2, 1, 1, 2, 0, 3, 0, 2, 2, 3, 3, 0, 1, 2, 0, 1, 2, 4, 1, 3, 4, 2, 2, 4, 3, 3, 3, 1, 1, 4, 3, 4, 3, 2, 2, 2, 4, 2, 1, 2, 3, 4, 1, 2, 2, 4, 4, 4]|[0, 2, 0, 1, 3, 0, 1, 3, 0, 0, 2, 0, 1, 0, 1, 0, 0, 0, 1, 0, 0, 2, 0, 0, 1, 0, 0, 3, 0, 1, 0, 2, 0, 0, 3, 0, 1, 3, 1, 0, 0, 0, 1, 3, 0, 0, 1, 0, 2, 0, 0, 0, 0, 0, 1, 0, 0, 0, 1, 1, 0, 2, 2, 0, 0, 0, 0, 0, 0, 2, 0, 0, 1, 0, 0, 2, 0, 0, 3, 0, 0, 1, 0, 3, 0, 0, 0, 0, 3, 0, 0, 0, 0, 2, 1, 0, 0, 2, 1, 2],947.0324364364093,51658.33709154986,111860.19689384053,true
11,G2_TEC,G3_TWC,[31, 22, 82, 84, 26, 58, 95, 42, 77, 12, 47, 5, 93, 78, 86, 54, 85, 63, 18, 44, 20, 35, 43, 97, 91, 76, 10, 30, 21, 45, 71, 64, 1, 23, 17, 83, 24, 14, 60, 36, 6, 57, 40, 88, 65, 56, 79, 94, 67, 68, 46, 75, 38, 9, 19, 32, 81, 41, 27, 62, 87, 90, 99, 59, 11, 16, 72, 73, 70, 39, 37, 15, 3, 92, 25, 34, 28, 29, 51, 7, 33, 61, 98, 48, 89, 50, 66, 96, 80, 8, 55, 4, 53, 2, 52, 13, 0, 69, 74, 49]|[1, 1, 0, 1, 1, 0, 1, 2, 2, 1, 2, 2, 2, 1, 1, 0, 0, 1, 0, 2, 2, 0, 1, 2, 0, 1, 2, 2, 0, 0, 1, 2, 1, 2, 1, 0, 2, 0, 1, 1, 0, 1, 1, 1, 0, 2, 1, 1, 0, 0, 0, 0, 1, 1, 2, 1, 2, 0, 0, 0, 2, 1, 0, 1, 2, 1, 2, 1, 1, 1, 1, 1, 1, 0, 1, 2, 0, 0, 0, 1, 2, 1, 2, 0, 1, 0, 2, 2, 0, 0, 2, 1, 0, 0, 1, 0, 0, 1, 2, 0]|[4, 3, 2, 2, 4, 1, 2, 2, 2, 4, 1, 1, 2, 4, 4, 1, 2, 4, 2, 1, 1, 1, 1, 2, 1, 2, 1, 1, 1, 1, 3, 2, 3, 1, 4, 0, 1, 1, 0, 3, 2, 2, 2, 0, 1, 1, 0, 4, 0, 1, 2, 2, 1, 4, 0, 3, 2, 1, 1, 2, 1, 3, 1, 1, 1, 3, 0, 4, 3, 1, 4, 1, 1, 0, 4, 1, 2, 1, 1, 1, 1, 3, 1, 1, 1, 1, 1, 1, 1, 2, 1, 4, 2, 2, 1, 2, 2, 4, 1, 1]|[0, 2, 1, 1, 3, 0, 1, 0, 0, 0, 0, 0, 1, 0, 1, 0, 0, 3, 1, 0, 0, 0, 3, 1, 0, 2, 0, 0, 0, 1, 0, 0, 0, 0, 3, 0, 1, 0, 0, 2, 1, 1, 1, 0, 0, 0, 0, 2, 1, 0, 0, 0, 1, 3, 0, 0, 1, 0, 0, 1, 0, 2, 0, 1, 0, 2, 1, 0, 0, 1, 1, 3, 1, 1, 3, 0, 1, 0, 0, 2, 0, 0, 0, 0, 1, 0, 0, 0, 0, 1, 0, 0, 1, 0, 1, 0, 0, 2, 0, 1],775.7181768786576,56665.674603166226,94404.9775923701,true
11,G3_TWC,G1_CMAX,[31, 22, 82, 15, 26, 9, 95, 42, 77, 12, 47, 5, 93, 78, 86, 54, 6, 63, 18, 44, 20, 35, 43, 97, 91, 76, 10, 30, 21, 45, 64, 1, 23, 17, 83, 24, 14, 60, 36, 13, 75, 46, 68, 67, 69, 79, 56, 65, 88, 40, 57, 85, 58, 19, 32, 81, 48, 27, 62, 87, 90, 99, 59, 11, 16, 72, 73, 71, 70, 39, 37, 84, 3, 98, 29, 28, 55, 25, 92, 7, 33, 61, 53, 41, 89, 50, 8, 96, 51, 80, 34, 4, 66, 2, 52, 49, 0, 94, 74, 38]|[1, 1, 0, 1, 1, 0, 1, 2, 2, 1, 2, 2, 2, 1, 1, 0, 0, 1, 0, 2, 2, 0, 1, 2, 0, 1, 2, 2, 0, 0, 2, 1, 2, 1, 0, 2, 2, 1, 1, 0, 0, 0, 0, 0, 2, 1, 2, 0, 1, 1, 1, 0, 1, 2, 1, 2, 1, 0, 0, 2, 1, 0, 1, 2, 1, 2, 1, 1, 1, 1, 1, 1, 1, 0, 0, 0, 1, 1, 0, 1, 0, 1, 0, 1, 1, 0, 1, 0, 0, 0, 2, 1, 2, 0, 1, 0, 0, 2, 2, 1]|[0, 3, 2, 2, 4, 1, 2, 2, 2, 4, 1, 1, 2, 4, 4, 1, 2, 4, 2, 1, 1, 1, 1, 2, 1, 2, 1, 1, 1, 1, 2, 3, 0, 4, 0, 1, 2, 0, 3, 2, 2, 2, 1, 0, 2, 0, 1, 1, 0, 2, 2, 2, 0, 0, 3, 2, 4, 1, 2, 2, 3, 1, 1, 1, 3, 0, 4, 3, 3, 1, 4, 1, 1, 1, 1, 2, 4, 4, 0, 1, 2, 3, 2, 4, 1, 1, 3, 1, 1, 1, 1, 4, 1, 2, 1, 1, 2, 2, 1, 1]|[0, 2, 1, 1, 3, 0, 1, 0, 0, 0, 0, 0, 1, 0, 1, 0, 1, 3, 1, 0, 0, 0, 3, 1, 0, 2, 0, 0, 0, 1, 0, 0, 0, 3, 0, 1, 1, 0, 2, 0, 0, 0, 0, 1, 0, 0, 0, 0, 0, 1, 1, 0, 3, 0, 0, 1, 2, 0, 1, 0, 2, 0, 1, 0, 2, 1, 0, 0, 0, 1, 1, 3, 1, 0, 0, 1, 3, 3, 1, 2, 1, 0, 1, 3, 1, 0, 2, 0, 0, 0, 0, 0, 0, 0, 1, 1, 0, 0, 0, 1],740.6648699319737,58345.503832923176,99227.13002615936,true
11,G1_CMAX,G1_CMAX,[31, 22, 82, 15, 26, 9, 95, 42, 77, 12, 47, 5, 93, 78, 86, 54, 6, 63, 18, 44, 20, 35, 43, 97, 91, 76, 10, 30, 21, 45, 64, 1, 23, 17, 83, 24, 14, 60, 36, 13, 75, 46, 68, 67, 69, 79, 56, 65, 88, 40, 57, 85, 58, 19, 32, 81, 48, 27, 62, 87, 90, 99, 59, 11, 16, 72, 73, 71, 70, 39, 37, 84, 3, 98, 29, 28, 55, 25, 92, 7, 33, 61, 53, 41, 89, 50, 8, 96, 51, 80, 34, 4, 66, 2, 52, 49, 0, 94, 74, 38]|[1, 1, 0, 1, 1, 0, 1, 2, 2, 1, 2, 2, 2, 1, 1, 0, 0, 1, 0, 2, 2, 0, 1, 2, 0, 1, 2, 2, 0, 0, 2, 1, 2, 1, 0, 2, 2, 1, 1, 0, 0, 0, 0, 0, 2, 1, 2, 0, 1, 1, 1, 0, 1, 2, 1, 2, 1, 0, 0, 2, 1, 0, 1, 2, 1, 2, 1, 1, 1, 1, 1, 1, 1, 0, 0, 0, 1, 1, 0, 1, 0, 1, 0, 1, 1, 0, 1, 0, 0, 0, 2, 1, 2, 0, 1, 0, 0, 2, 2, 1]|[0, 3, 2, 2, 4, 1, 2, 2, 2, 4, 1, 1, 2, 4, 4, 1, 2, 4, 2, 1, 1, 1, 1, 2, 1, 2, 1, 1, 1, 1, 2, 3, 0, 4, 0, 1, 2, 0, 3, 2, 2, 2, 1, 0, 2, 0, 1, 1, 0, 2, 2, 2, 0, 0, 3, 2, 4, 1, 2, 2, 3, 1, 1, 1, 3, 0, 4, 3, 3, 1, 4, 1, 1, 1, 1, 2, 4, 4, 0, 1, 2, 3, 2, 4, 1, 1, 3, 1, 1, 1, 1, 4, 1, 2, 1, 1, 2, 2, 1, 1]|[0, 2, 1, 1, 3, 0, 1, 0, 0, 0, 0, 0, 1, 0, 1, 0, 1, 3, 1, 0, 0, 0, 3, 1, 0, 2, 0, 0, 0, 1, 0, 0, 0, 3, 0, 1, 1, 0, 2, 0, 0, 0, 0, 1, 0, 0, 0, 0, 0, 1, 1, 0, 3, 0, 0, 1, 2, 0, 1, 0, 2, 0, 1, 0, 2, 1, 0, 0, 0, 1, 1, 3, 1, 0, 0, 1, 3, 3, 1, 2, 1, 0, 1, 3, 1, 0, 2, 0, 0, 0, 0, 0, 0, 0, 1, 1, 0, 0, 0, 1],740.6648699319737,58345.503832923176,99227.13002615936,false
11,G4_BALANCED,G2_TEC,[31, 11, 82, 15, 26, 9, 95, 42, 77, 68, 47, 5, 93, 78, 86, 54, 85, 63, 18, 44, 20, 49, 36, 14, 74, 50, 53, 17, 21, 45, 71, 64, 3, 23, 30, 83, 24, 41, 60, 52, 65, 27, 90, 70, 39, 87, 48, 69, 99, 4, 46, 1, 13, 58, 97, 59, 28, 8, 73, 37, 35, 79, 22, 66, 76, 57, 40, 80, 96, 6, 16, 61, 33, 98, 32, 81, 62, 67, 10, 7, 56, 88, 51, 19, 91, 38, 75, 92, 25, 84, 2, 55, 12, 43, 34, 29, 0, 94, 89, 72]|[2, 1, 2, 1, 1, 2, 1, 1, 1, 1, 1, 0, 2, 2, 1, 2, 0, 0, 0, 2, 2, 1, 0, 2, 0, 2, 2, 1, 0, 1, 1, 1, 0, 0, 1, 0, 2, 1, 2, 2, 0, 0, 1, 1, 0, 2, 0, 2, 1, 0, 0, 2, 0, 0, 2, 0, 2, 1, 0, 0, 2, 1, 1, 2, 2, 0, 2, 2, 0, 1, 2, 1, 1, 0, 0, 1, 1, 1, 1, 2, 2, 1, 1, 1, 1, 0, 0, 0, 1, 0, 2, 0, 1, 1, 1, 0, 0, 1, 1, 1]|[0, 3, 0, 2, 4, 1, 4, 4, 2, 4, 3, 2, 1, 0, 2, 1, 1, 1, 2, 1, 1, 3, 0, 1, 0, 1, 1, 4, 1, 4, 3, 2, 2, 0, 4, 1, 1, 4, 0, 1, 2, 1, 4, 4, 1, 1, 0, 2, 3, 2, 2, 1, 2, 1, 1, 2, 0, 3, 0, 2, 2, 3, 3, 0, 1, 2, 0, 1, 2, 4, 1, 3, 4, 2, 2, 4, 3, 3, 3, 1, 1, 4, 3, 4, 3, 2, 2, 2, 4, 2, 1, 2, 3, 4, 1, 2, 2, 4, 4, 4]|[0, 2, 0, 1, 3, 0, 1, 3, 0, 0, 2, 0, 1, 0, 1, 0, 0, 0, 1, 0, 0, 2, 0, 0, 1, 0, 0, 3, 0, 1, 0, 2, 0, 0, 3, 0, 1, 3, 1, 0, 0, 0, 1, 3, 0, 0, 1, 0, 2, 0, 0, 0, 0, 0, 1, 0, 0, 0, 1, 1, 0, 2, 2, 0, 0, 0, 0, 0, 0, 2, 0, 0, 1, 0, 0, 2, 0, 0, 3, 0, 0, 1, 0, 3, 0, 0, 0, 0, 3, 0, 0, 0, 0, 2, 1, 0, 0, 2, 1, 2],947.0324364364093,51658.33709154986,111860.19689384053,true
11,G2_TEC,G2_TEC,[31, 22, 82, 15, 26, 9, 95, 42, 77, 68, 47, 5, 93, 78, 86, 54, 85, 63, 18, 44, 20, 49, 36, 14, 74, 50, 53, 17, 21, 45, 71, 64, 3, 23, 30, 83, 24, 41, 60, 52, 65, 27, 90, 70, 39, 87, 48, 69, 99, 4, 46, 1, 13, 58, 97, 59, 28, 8, 73, 37, 35, 79, 11, 66, 76, 57, 40, 80, 96, 6, 16, 61, 33, 98, 32, 81, 62, 67, 10, 7, 56, 88, 51, 19, 91, 29, 75, 92, 25, 84, 2, 55, 12, 43, 34, 38, 0, 94, 89, 72]|[2, 1, 2, 1, 1, 2, 1, 1, 1, 1, 1, 0, 2, 2, 1, 2, 0, 0, 0, 2, 2, 1, 0, 2, 0, 2, 2, 1, 0, 1, 1, 1, 0, 0, 1, 0, 2, 1, 2, 2, 0, 0, 1, 1, 0, 2, 0, 2, 1, 0, 0, 2, 0, 0, 2, 0, 2, 1, 0, 0, 2, 1, 0, 2, 2, 0, 2, 2, 0, 1, 2, 1, 1, 0, 0, 1, 1, 1, 1, 2, 2, 1, 1, 1, 1, 1, 2, 0, 1, 0, 2, 0, 1, 1, 1, 0, 0, 1, 1, 1]|[0, 3, 0, 2, 4, 1, 4, 4, 2, 4, 3, 2, 1, 0, 2, 1, 1, 1, 2, 1, 1, 3, 0, 1, 0, 1, 1, 4, 1, 4, 3, 2, 2, 0, 4, 1, 1, 4, 0, 1, 2, 1, 4, 4, 1, 1, 0, 2, 3, 1, 2, 1, 2, 1, 1, 2, 0, 3, 0, 2, 2, 3, 1, 0, 1, 0, 0, 1, 2, 4, 1, 3, 4, 2, 2, 4, 3, 3, 3, 1, 1, 4, 3, 4, 3, 3, 2, 2, 4, 2, 1, 2, 3, 4, 1, 2, 2, 4, 4, 4]|[0, 2, 0, 1, 3, 0, 1, 3, 0, 0, 2, 0, 1, 0, 1, 0, 0, 0, 1, 0, 0, 2, 0, 0, 1, 0, 0, 3, 0, 1, 0, 2, 0, 0, 3, 0, 1, 3, 1, 0, 0, 0, 1, 3, 0, 0, 1, 0, 2, 0, 0, 0, 0, 0, 1, 0, 0, 0, 1, 1, 0, 2, 0, 0, 0, 1, 0, 0, 0, 2, 0, 0, 1, 0, 0, 2, 0, 0, 3, 0, 0, 1, 0, 3, 0, 0, 1, 0, 3, 0, 0, 0, 0, 2, 1, 0, 0, 2, 1, 2],870.1261403283887,52493.956732199615,111379.89009657185,false
11,G3_TWC,G1_CMAX,[31, 22, 82, 15, 26, 9, 95, 42, 77, 12, 47, 5, 93, 78, 86, 54, 6, 63, 18, 44, 20, 35, 43, 97, 91, 76, 10, 30, 21, 45, 64, 1, 23, 17, 83, 24, 14, 60, 36, 13, 75, 46, 68, 67, 69, 79, 56, 65, 88, 40, 57, 85, 58, 19, 32, 81, 48, 27, 62, 87, 90, 99, 59, 11, 16, 72, 73, 71, 70, 39, 37, 84, 3, 98, 29, 28, 55, 25, 92, 7, 33, 61, 53, 41, 89, 50, 8, 96, 51, 80, 34, 4, 66, 2, 52, 49, 0, 94, 74, 38]|[1, 1, 0, 1, 1, 0, 1, 2, 2, 1, 2, 2, 2, 1, 1, 0, 0, 1, 0, 2, 2, 0, 1, 2, 0, 1, 2, 2, 0, 0, 2, 1, 2, 1, 0, 2, 2, 1, 1, 0, 0, 0, 0, 0, 2, 1, 2, 0, 1, 1, 1, 0, 1, 2, 1, 2, 1, 0, 0, 2, 1, 0, 1, 2, 1, 2, 1, 1, 1, 1, 1, 1, 1, 0, 0, 0, 1, 1, 0, 1, 0, 1, 0, 1, 1, 0, 1, 0, 0, 0, 2, 1, 2, 0, 1, 0, 0, 2, 2, 1]|[0, 3, 2, 2, 4, 1, 2, 2, 2, 4, 1, 1, 2, 4, 4, 1, 2, 4, 2, 1, 1, 1, 1, 2, 1, 2, 1, 1, 1, 1, 2, 3, 0, 4, 0, 1, 2, 0, 3, 2, 2, 2, 1, 0, 2, 0, 1, 1, 0, 2, 2, 2, 0, 0, 3, 2, 4, 1, 2, 2, 3, 1, 1, 1, 3, 0, 4, 3, 3, 1, 4, 1, 1, 1, 1, 2, 4, 4, 0, 1, 2, 3, 2, 4, 1, 1, 3, 1, 1, 1, 1, 4, 1, 2, 1, 1, 2, 2, 1, 1]|[0, 2, 1, 1, 3, 0, 1, 0, 0, 0, 0, 0, 1, 0, 1, 0, 1, 3, 1, 0, 0, 0, 3, 1, 0, 2, 0, 0, 0, 1, 0, 0, 0, 3, 0, 1, 1, 0, 2, 0, 0, 0, 0, 1, 0, 0, 0, 0, 0, 1, 1, 0, 3, 0, 0, 1, 2, 0, 1, 0, 2, 0, 1, 0, 2, 1, 0, 0, 0, 1, 1, 3, 1, 0, 0, 1, 3, 3, 1, 2, 1, 0, 1, 3, 1, 0, 2, 0, 0, 0, 0, 0, 0, 0, 1, 1, 0, 0, 0, 1],740.6648699319737,58345.503832923176,99227.13002615936,true
11,G1_CMAX,G1_CMAX,[31, 22, 82, 15, 26, 9, 95, 42, 77, 12, 47, 5, 93, 78, 86, 54, 6, 63, 18, 44, 20, 35, 43, 97, 91, 76, 10, 30, 21, 45, 64, 1, 23, 17, 83, 24, 14, 60, 36, 13, 75, 46, 68, 67, 69, 79, 56, 65, 88, 40, 57, 85, 58, 19, 32, 81, 48, 27, 62, 87, 90, 99, 59, 11, 16, 72, 73, 71, 70, 39, 37, 84, 3, 98, 29, 28, 55, 25, 92, 7, 33, 61, 53, 41, 89, 50, 8, 96, 51, 80, 34, 4, 66, 2, 52, 49, 0, 94, 74, 38]|[1, 1, 0, 1, 1, 0, 1, 2, 2, 1, 2, 2, 2, 1, 1, 0, 0, 1, 0, 2, 2, 0, 1, 2, 0, 1, 2, 2, 0, 0, 2, 1, 2, 1, 0, 2, 2, 1, 1, 0, 0, 0, 0, 0, 2, 1, 2, 0, 1, 1, 1, 0, 1, 2, 1, 2, 1, 0, 0, 2, 1, 0, 1, 2, 1, 2, 1, 1, 1, 1, 1, 1, 1, 0, 0, 0, 1, 1, 0, 1, 0, 1, 0, 1, 1, 0, 1, 0, 0, 0, 2, 1, 2, 0, 1, 0, 0, 2, 2, 1]|[0, 3, 2, 2, 4, 1, 2, 2, 2, 4, 1, 1, 2, 4, 4, 1, 2, 4, 2, 1, 1, 1, 1, 2, 1, 2, 1, 1, 1, 1, 2, 3, 0, 4, 0, 1, 2, 0, 3, 2, 2, 2, 1, 0, 2, 0, 1, 1, 0, 2, 2, 2, 0, 0, 3, 2, 4, 1, 2, 2, 3, 1, 1, 1, 3, 0, 4, 3, 3, 1, 4, 1, 1, 1, 1, 2, 4, 4, 0, 1, 2, 3, 2, 4, 1, 1, 3, 1, 1, 1, 1, 4, 1, 2, 1, 1, 2, 2, 1, 1]|[0, 2, 1, 1, 3, 0, 1, 0, 0, 0, 0, 0, 1, 0, 1, 0, 1, 3, 1, 0, 0, 0, 3, 1, 0, 2, 0, 0, 0, 1, 0, 0, 0, 3, 0, 1, 1, 0, 2, 0, 0, 0, 0, 1, 0, 0, 0, 0, 0, 1, 1, 0, 3, 0, 0, 1, 2, 0, 1, 0, 2, 0, 1, 0, 2, 1, 0, 0, 0, 1, 1, 3, 1, 0, 0, 1, 3, 3, 1, 2, 1, 0, 1, 3, 1, 0, 2, 0, 0, 0, 0, 0, 0, 0, 1, 1, 0, 0, 0, 1],740.6648699319737,58345.503832923176,99227.13002615936,false
11,G4_BALANCED,G2_TEC,[31, 11, 82, 15, 26, 9, 95, 42, 77, 68, 47, 5, 93, 78, 86, 54, 85, 63, 18, 44, 20, 49, 36, 14, 74, 50, 53, 17, 21, 45, 71, 64, 3, 23, 30, 83, 24, 41, 60, 52, 65, 27, 90, 70, 39, 87, 48, 69, 99, 4, 46, 1, 13, 58, 97, 59, 28, 8, 73, 37, 35, 79, 22, 66, 76, 57, 40, 80, 96, 6, 16, 61, 33, 98, 32, 81, 62, 67, 10, 7, 56, 88, 51, 19, 91, 38, 75, 92, 25, 84, 2, 55, 12, 43, 34, 29, 0, 94, 89, 72]|[2, 1, 2, 1, 1, 2, 1, 1, 1, 1, 1, 0, 2, 2, 1, 2, 0, 0, 0, 2, 2, 1, 0, 2, 0, 2, 2, 1, 0, 1, 1, 1, 0, 0, 1, 0, 2, 1, 2, 2, 0, 0, 1, 1, 0, 2, 0, 2, 1, 0, 0, 2, 0, 0, 2, 0, 2, 1, 0, 0, 2, 1, 1, 2, 2, 0, 2, 2, 0, 1, 2, 1, 1, 0, 0, 1, 1, 1, 1, 2, 2, 1, 1, 1, 1, 0, 0, 0, 1, 0, 2, 0, 1, 1, 1, 0, 0, 1, 1, 1]|[0, 3, 0, 2, 4, 1, 4, 4, 2, 4, 3, 2, 1, 0, 2, 1, 1, 1, 2, 1, 1, 3, 0, 1, 0, 1, 1, 4, 1, 4, 3, 2, 2, 0, 4, 1, 1, 4, 0, 1, 2, 1, 4, 4, 1, 1, 0, 2, 3, 2, 2, 1, 2, 1, 1, 2, 0, 3, 0, 2, 2, 3, 3, 0, 1, 2, 0, 1, 2, 4, 1, 3, 4, 2, 2, 4, 3, 3, 3, 1, 1, 4, 3, 4, 3, 2, 2, 2, 4, 2, 1, 2, 3, 4, 1, 2, 2, 4, 4, 4]|[0, 2, 0, 1, 3, 0, 1, 3, 0, 0, 2, 0, 1, 0, 1, 0, 0, 0, 1, 0, 0, 2, 0, 0, 1, 0, 0, 3, 0, 1, 0, 2, 0, 0, 3, 0, 1, 3, 1, 0, 0, 0, 1, 3, 0, 0, 1, 0, 2, 0, 0, 0, 0, 0, 1, 0, 0, 0, 1, 1, 0, 2, 2, 0, 0, 0, 0, 0, 0, 2, 0, 0, 1, 0, 0, 2, 0, 0, 3, 0, 0, 1, 0, 3, 0, 0, 0, 0, 3, 0, 0, 0, 0, 2, 1, 0, 0, 2, 1, 2],947.0324364364093,51658.33709154986,111860.19689384053,true
11,G2_TEC,G4_BALANCED,[31, 22, 82, 15, 26, 9, 90, 42, 77, 4, 79, 5, 93, 78, 86, 54, 85, 63, 18, 44, 20, 49, 36, 14, 48, 50, 53, 17, 21, 45, 71, 64, 3, 23, 30, 83, 24, 41, 60, 52, 65, 27, 95, 70, 89, 87, 74, 69, 99, 68, 46, 1, 38, 58, 97, 59, 28, 8, 73, 37, 35, 47, 11, 66, 76, 57, 84, 80, 92, 6, 16, 61, 33, 98, 32, 34, 51, 67, 10, 7, 56, 43, 29, 19, 91, 13, 62, 96, 0, 81, 2, 55, 88, 72, 75, 25, 12, 94, 39, 40]|[2, 1, 2, 1, 1, 2, 1, 1, 1, 1, 1, 0, 2, 2, 1, 2, 0, 0, 0, 2, 2, 1, 0, 2, 0, 2, 2, 1, 0, 1, 1, 1, 0, 0, 1, 0, 2, 1, 2, 2, 0, 1, 1, 1, 1, 1, 0, 2, 1, 0, 0, 2, 2, 0, 2, 0, 2, 1, 0, 0, 2, 1, 0, 2, 2, 0, 1, 2, 0, 0, 1, 1, 1, 0, 0, 1, 1, 1, 1, 2, 2, 2, 1, 2, 1, 0, 0, 0, 0, 1, 2, 0, 1, 1, 2, 1, 1, 1, 0, 0]|[0, 3, 0, 2, 4, 1, 4, 4, 2, 4, 3, 2, 1, 0, 2, 1, 1, 1, 2, 1, 2, 3, 0, 1, 0, 1, 1, 4, 1, 4, 3, 2, 2, 0, 4, 1, 1, 4, 0, 1, 2, 2, 4, 4, 4, 0, 0, 2, 3, 1, 2, 1, 2, 1, 1, 2, 0, 3, 0, 2, 2, 3, 1, 0, 1, 0, 4, 1, 2, 1, 0, 3, 4, 1, 2, 4, 3, 3, 3, 1, 0, 1, 3, 0, 3, 2, 2, 2, 2, 1, 1, 2, 4, 4, 2, 4, 3, 4, 1, 2]|[0, 2, 0, 1, 3, 0, 1, 3, 0, 0, 2, 0, 1, 0, 1, 0, 0, 0, 1, 0, 0, 2, 0, 0, 1, 0, 0, 3, 0, 1, 0, 2, 0, 0, 3, 0, 1, 3, 1, 0, 0, 1, 1, 3, 1, 0, 1, 0, 2, 0, 0, 0, 0, 0, 1, 0, 0, 0, 1, 1, 0, 2, 0, 0, 0, 1, 2, 0, 0, 0, 1, 0, 1, 0, 0, 2, 0, 0, 3, 0, 0, 0, 0, 0, 0, 0, 1, 0, 0, 1, 0, 0, 1, 2, 1, 3, 0, 2, 0, 1],842.7810708249154,54495.54647937848,118526.85878465147,true
11,G3_TWC,G1_CMAX,[31, 22, 82, 15, 26, 9, 95, 42, 77, 12, 47, 5, 93, 78, 86, 54, 6, 63, 18, 44, 20, 35, 43, 97, 91, 76, 10, 30, 21, 45, 64, 1, 23, 17, 83, 24, 14, 60, 36, 13, 75, 46, 68, 67, 69, 79, 56, 65, 88, 40, 57, 85, 58, 19, 32, 81, 48, 27, 62, 87, 90, 99, 59, 11, 16, 72, 73, 71, 70, 39, 37, 84, 3, 98, 29, 28, 55, 25, 92, 7, 33, 61, 53, 41, 89, 50, 8, 96, 51, 80, 34, 4, 66, 2, 52, 49, 0, 94, 74, 38]|[1, 1, 0, 1, 1, 0, 1, 2, 2, 1, 2, 2, 2, 1, 1, 0, 0, 1, 0, 2, 2, 0, 1, 2, 0, 1, 2, 2, 0, 0, 2, 1, 2, 1, 0, 2, 2, 1, 1, 0, 0, 0, 0, 0, 2, 1, 2, 0, 1, 1, 1, 0, 1, 2, 1, 2, 1, 0, 0, 2, 1, 0, 1, 2, 1, 2, 1, 1, 1, 1, 1, 1, 1, 0, 0, 0, 1, 1, 0, 1, 0, 1, 0, 1, 1, 0, 1, 0, 0, 0, 2, 1, 2, 0, 1, 0, 0, 2, 2, 1]|[0, 3, 2, 2, 4, 1, 2, 2, 2, 4, 1, 1, 2, 4, 4, 1, 2, 4, 2, 1, 1, 1, 1, 2, 1, 2, 1, 1, 1, 1, 2, 3, 0, 4, 0, 1, 2, 0, 3, 2, 2, 2, 1, 0, 2, 0, 1, 1, 0, 2, 2, 2, 0, 0, 3, 2, 4, 1, 2, 2, 3, 1, 1, 1, 3, 0, 4, 3, 3, 1, 4, 1, 1, 1, 1, 2, 4, 4, 0, 1, 2, 3, 2, 4, 1, 1, 3, 1, 1, 1, 1, 4, 1, 2, 1, 1, 2, 2, 1, 1]|[0, 2, 1, 1, 3, 0, 1, 0, 0, 0, 0, 0, 1, 0, 1, 0, 1, 3, 1, 0, 0, 0, 3, 1, 0, 2, 0, 0, 0, 1, 0, 0, 0, 3, 0, 1, 1, 0, 2, 0, 0, 0, 0, 1, 0, 0, 0, 0, 0, 1, 1, 0, 3, 0, 0, 1, 2, 0, 1, 0, 2, 0, 1, 0, 2, 1, 0, 0, 0, 1, 1, 3, 1, 0, 0, 1, 3, 3, 1, 2, 1, 0, 1, 3, 1, 0, 2, 0, 0, 0, 0, 0, 0, 0, 1, 1, 0, 0, 0, 1],740.6648699319737,58345.503832923176,99227.13002615936,true
11,G1_CMAX,G1_CMAX,[31, 22, 82, 15, 26, 9, 95, 42, 77, 12, 47, 5, 93, 78, 86, 54, 6, 63, 18, 44, 20, 35, 43, 97, 91, 76, 10, 30, 21, 45, 64, 1, 23, 17, 83, 24, 14, 60, 36, 13, 75, 46, 68, 67, 69, 79, 56, 65, 88, 40, 57, 85, 58, 19, 32, 81, 48, 27, 62, 87, 90, 99, 59, 11, 16, 72, 73, 71, 70, 39, 37, 84, 3, 98, 29, 28, 55, 25, 92, 7, 33, 61, 53, 41, 89, 50, 8, 96, 51, 80, 34, 4, 66, 2, 52, 49, 0, 94, 74, 38]|[1, 1, 0, 1, 1, 0, 1, 2, 2, 1, 2, 2, 2, 1, 1, 0, 0, 1, 0, 2, 2, 0, 1, 2, 0, 1, 2, 2, 0, 0, 2, 1, 2, 1, 0, 2, 2, 1, 1, 0, 0, 0, 0, 0, 2, 1, 2, 0, 1, 1, 1, 0, 1, 2, 1, 2, 1, 0, 0, 2, 1, 0, 1, 2, 1, 2, 1, 1, 1, 1, 1, 1, 1, 0, 0, 0, 1, 1, 0, 1, 0, 1, 0, 1, 1, 0, 1, 0, 0, 0, 2, 1, 2, 0, 1, 0, 0, 2, 2, 1]|[0, 3, 2, 2, 4, 1, 2, 2, 2, 4, 1, 1, 2, 4, 4, 1, 2, 4, 2, 1, 1, 1, 1, 2, 1, 2, 1, 1, 1, 1, 2, 3, 0, 4, 0, 1, 2, 0, 3, 2, 2, 2, 1, 0, 2, 0, 1, 1, 0, 2, 2, 2, 0, 0, 3, 2, 4, 1, 2, 2, 3, 1, 1, 1, 3, 0, 4, 3, 3, 1, 4, 1, 1, 1, 1, 2, 4, 4, 0, 1, 2, 3, 2, 4, 1, 1, 3, 1, 1, 1, 1, 4, 1, 2, 1, 1, 2, 2, 1, 1]|[0, 2, 1, 1, 3, 0, 1, 0, 0, 0, 0, 0, 1, 0, 1, 0, 1, 3, 1, 0, 0, 0, 3, 1, 0, 2, 0, 0, 0, 1, 0, 0, 0, 3, 0, 1, 1, 0, 2, 0, 0, 0, 0, 1, 0, 0, 0, 0, 0, 1, 1, 0, 3, 0, 0, 1, 2, 0, 1, 0, 2, 0, 1, 0, 2, 1, 0, 0, 0, 1, 1, 3, 1, 0, 0, 1, 3, 3, 1, 2, 1, 0, 1, 3, 1, 0, 2, 0, 0, 0, 0, 0, 0, 0, 1, 1, 0, 0, 0, 1],740.6648699319737,58345.503832923176,99227.13002615936,false
11,G4_BALANCED,G2_TEC,[31, 11, 82, 15, 26, 9, 95, 42, 77, 68, 47, 5, 93, 78, 86, 54, 85, 63, 18, 44, 20, 49, 36, 14, 74, 50, 53, 17, 21, 45, 71, 64, 3, 23, 30, 83, 24, 41, 60, 52, 65, 27, 90, 70, 39, 87, 48, 69, 99, 4, 46, 1, 13, 58, 97, 59, 28, 8, 73, 37, 35, 79, 22, 66, 76, 57, 40, 80, 96, 6, 16, 61, 33, 98, 32, 81, 62, 67, 10, 7, 56, 88, 51, 19, 91, 38, 75, 92, 25, 84, 2, 55, 12, 43, 34, 29, 0, 94, 89, 72]|[2, 1, 2, 1, 1, 2, 1, 1, 1, 1, 1, 0, 2, 2, 1, 2, 0, 0, 0, 2, 2, 1, 0, 2, 0, 2, 2, 1, 0, 1, 1, 1, 0, 0, 1, 0, 2, 1, 2, 2, 0, 0, 1, 1, 0, 2, 0, 2, 1, 0, 0, 2, 0, 0, 2, 0, 2, 1, 0, 0, 2, 1, 1, 2, 2, 0, 2, 2, 0, 1, 2, 1, 1, 0, 0, 1, 1, 1, 1, 2, 2, 1, 1, 1, 1, 0, 0, 0, 1, 0, 2, 0, 1, 1, 1, 0, 0, 1, 1, 1]|[0, 3, 0, 2, 4, 1, 4, 4, 2, 4, 3, 2, 1, 0, 2, 1, 1, 1, 2, 1, 1, 3, 0, 1, 0, 1, 1, 4, 1, 4, 3, 2, 2, 0, 4, 1, 1, 4, 0, 1, 2, 1, 4, 4, 1, 1, 0, 2, 3, 2, 2, 1, 2, 1, 1, 2, 0, 3, 0, 2, 2, 3, 3, 0, 1, 2, 0, 1, 2, 4, 1, 3, 4, 2, 2, 4, 3, 3, 3, 1, 1, 4, 3, 4, 3, 2, 2, 2, 4, 2, 1, 2, 3, 4, 1, 2, 2, 4, 4, 4]|[0, 2, 0, 1, 3, 0, 1, 3, 0, 0, 2, 0, 1, 0, 1, 0, 0, 0, 1, 0, 0, 2, 0, 0, 1, 0, 0, 3, 0, 1, 0, 2, 0, 0, 3, 0, 1, 3, 1, 0, 0, 0, 1, 3, 0, 0, 1, 0, 2, 0, 0, 0, 0, 0, 1, 0, 0, 0, 1, 1, 0, 2, 2, 0, 0, 0, 0, 0, 0, 2, 0, 0, 1, 0, 0, 2, 0, 0, 3, 0, 0, 1, 0, 3, 0, 0, 0, 0, 3, 0, 0, 0, 0, 2, 1, 0, 0, 2, 1, 2],947.0324364364093,51658.33709154986,111860.19689384053,true
11,G2_TEC,G4_BALANCED,[31, 22, 82, 15, 26, 58, 95, 42, 77, 12, 47, 5, 93, 78, 86, 54, 85, 63, 18, 44, 20, 35, 43, 97, 91, 76, 10, 30, 21, 45, 71, 64, 1, 23, 17, 83, 24, 14, 60, 36, 6, 57, 40, 88, 65, 56, 79, 94, 67, 68, 46, 75, 38, 9, 19, 32, 81, 41, 27, 62, 87, 90, 99, 59, 11, 16, 72, 73, 70, 39, 37, 84, 3, 92, 25, 34, 28, 29, 51, 7, 33, 61, 98, 48, 89, 50, 66, 96, 53, 8, 80, 4, 55, 2, 52, 49, 0, 69, 74, 13]|[1, 1, 0, 1, 1, 0, 1, 2, 2, 1, 2, 2, 2, 1, 1, 0, 0, 1, 0, 2, 2, 0, 1, 2, 0, 1, 2, 2, 0, 0, 1, 2, 1, 2, 1, 0, 2, 0, 1, 1, 0, 1, 1, 1, 0, 2, 1, 1, 0, 0, 0, 0, 1, 1, 2, 1, 2, 0, 0, 0, 2, 1, 0, 1, 2, 1, 2, 1, 1, 1, 1, 1, 1, 0, 1, 1, 0, 0, 0, 1, 2, 1, 2, 0, 1, 0, 2, 2, 0, 1, 0, 1, 2, 0, 2, 0, 0, 1, 2, 0]|[4, 3, 2, 2, 4, 1, 2, 2, 2, 4, 1, 1, 2, 4, 4, 2, 2, 4, 2, 1, 1, 1, 1, 2, 1, 2, 1, 1, 1, 1, 3, 2, 3, 1, 4, 0, 1, 1, 0, 3, 2, 2, 2, 0, 1, 1, 0, 4, 0, 1, 2, 2, 1, 4, 0, 3, 2, 1, 1, 2, 2, 3, 1, 1, 1, 3, 0, 4, 3, 1, 4, 1, 1, 0, 4, 4, 2, 1, 1, 1, 1, 3, 1, 1, 1, 1, 1, 1, 2, 3, 1, 4, 1, 2, 1, 1, 2, 4, 1, 2]|[0, 2, 1, 1, 3, 0, 1, 0, 0, 0, 0, 0, 1, 0, 1, 0, 0, 3, 1, 0, 0, 0, 3, 1, 0, 2, 0, 0, 0, 1, 0, 0, 0, 0, 3, 0, 1, 0, 0, 2, 1, 1, 1, 0, 0, 0, 0, 2, 1, 0, 0, 0, 1, 3, 0, 0, 1, 0, 0, 1, 0, 2, 0, 1, 0, 2, 1, 0, 0, 1, 1, 3, 1, 1, 3, 3, 1, 0, 0, 2, 0, 0, 0, 0, 1, 0, 0, 0, 1, 2, 0, 0, 0, 0, 0, 1, 0, 2, 0, 0],779.3698432580429,56084.29347980228,98472.96823253272,true
11,G3_TWC,G1_CMAX,[31, 22, 82, 15, 26, 9, 95, 42, 77, 12, 47, 5, 93, 78, 86, 54, 6, 63, 18, 44, 20, 35, 43, 97, 91, 76, 10, 30, 21, 45, 64, 1, 23, 17, 83, 24, 14, 60, 36, 13, 75, 46, 68, 67, 69, 79, 56, 65, 88, 40, 57, 85, 58, 19, 32, 81, 48, 27, 62, 87, 90, 99, 59, 11, 16, 72, 73, 71, 70, 39, 37, 84, 3, 98, 29, 28, 55, 25, 92, 7, 33, 61, 53, 41, 89, 50, 8, 96, 51, 80, 34, 4, 66, 2, 52, 49, 0, 94, 74, 38]|[1, 1, 0, 1, 1, 0, 1, 2, 2, 1, 2, 2, 2, 1, 1, 0, 0, 1, 0, 2, 2, 0, 1, 2, 0, 1, 2, 2, 0, 0, 2, 1, 2, 1, 0, 2, 2, 1, 1, 0, 0, 0, 0, 0, 2, 1, 2, 0, 1, 1, 1, 0, 1, 2, 1, 2, 1, 0, 0, 2, 1, 0, 1, 2, 1, 2, 1, 1, 1, 1, 1, 1, 1, 0, 0, 0, 1, 1, 0, 1, 0, 1, 0, 1, 1, 0, 1, 0, 0, 0, 2, 1, 2, 0, 1, 0, 0, 2, 2, 1]|[0, 3, 2, 2, 4, 1, 2, 2, 2, 4, 1, 1, 2, 4, 4, 1, 2, 4, 2, 1, 1, 1, 1, 2, 1, 2, 1, 1, 1, 1, 2, 3, 0, 4, 0, 1, 2, 0, 3, 2, 2, 2, 1, 0, 2, 0, 1, 1, 0, 2, 2, 2, 0, 0, 3, 2, 4, 1, 2, 2, 3, 1, 1, 1, 3, 0, 4, 3, 3, 1, 4, 1, 1, 1, 1, 2, 4, 4, 0, 1, 2, 3, 2, 4, 1, 1, 3, 1, 1, 1, 1, 4, 1, 2, 1, 1, 2, 2, 1, 1]|[0, 2, 1, 1, 3, 0, 1, 0, 0, 0, 0, 0, 1, 0, 1, 0, 1, 3, 1, 0, 0, 0, 3, 1, 0, 2, 0, 0, 0, 1, 0, 0, 0, 3, 0, 1, 1, 0, 2, 0, 0, 0, 0, 1, 0, 0, 0, 0, 0, 1, 1, 0, 3, 0, 0, 1, 2, 0, 1, 0, 2, 0, 1, 0, 2, 1, 0, 0, 0, 1, 1, 3, 1, 0, 0, 1, 3, 3, 1, 2, 1, 0, 1, 3, 1, 0, 2, 0, 0, 0, 0, 0, 0, 0, 1, 1, 0, 0, 0, 1],740.6648699319737,58345.503832923176,99227.13002615936,true
11,G1_CMAX,G1_CMAX,[31, 22, 82, 15, 26, 9, 95, 42, 77, 12, 47, 5, 93, 78, 86, 54, 6, 63, 18, 44, 20, 35, 43, 97, 91, 76, 10, 30, 21, 45, 64, 1, 23, 17, 83, 24, 14, 60, 36, 13, 75, 46, 68, 67, 69, 79, 56, 65, 88, 40, 57, 85, 58, 19, 32, 81, 48, 27, 62, 87, 90, 99, 59, 11, 16, 72, 73, 71, 70, 39, 37, 84, 3, 98, 29, 28, 55, 25, 92, 7, 33, 61, 53, 41, 89, 50, 8, 96, 51, 80, 34, 4, 66, 2, 52, 49, 0, 94, 74, 38]|[1, 1, 0, 1, 1, 0, 1, 2, 2, 1, 2, 2, 2, 1, 1, 0, 0, 1, 0, 2, 2, 0, 1, 2, 0, 1, 2, 2, 0, 0, 2, 1, 2, 1, 0, 2, 2, 1, 1, 0, 0, 0, 0, 0, 2, 1, 2, 0, 1, 1, 1, 0, 1, 2, 1, 2, 1, 0, 0, 2, 1, 0, 1, 2, 1, 2, 1, 1, 1, 1, 1, 1, 1, 0, 0, 0, 1, 1, 0, 1, 0, 1, 0, 1, 1, 0, 1, 0, 0, 0, 2, 1, 2, 0, 1, 0, 0, 2, 2, 1]|[0, 3, 2, 2, 4, 1, 2, 2, 2, 4, 1, 1, 2, 4, 4, 1, 2, 4, 2, 1, 1, 1, 1, 2, 1, 2, 1, 1, 1, 1, 2, 3, 0, 4, 0, 1, 2, 0, 3, 2, 2, 2, 1, 0, 2, 0, 1, 1, 0, 2, 2, 2, 0, 0, 3, 2, 4, 1, 2, 2, 3, 1, 1, 1, 3, 0, 4, 3, 3, 1, 4, 1, 1, 1, 1, 2, 4, 4, 0, 1, 2, 3, 2, 4, 1, 1, 3, 1, 1, 1, 1, 4, 1, 2, 1, 1, 2, 2, 1, 1]|[0, 2, 1, 1, 3, 0, 1, 0, 0, 0, 0, 0, 1, 0, 1, 0, 1, 3, 1, 0, 0, 0, 3, 1, 0, 2, 0, 0, 0, 1, 0, 0, 0, 3, 0, 1, 1, 0, 2, 0, 0, 0, 0, 1, 0, 0, 0, 0, 0, 1, 1, 0, 3, 0, 0, 1, 2, 0, 1, 0, 2, 0, 1, 0, 2, 1, 0, 0, 0, 1, 1, 3, 1, 0, 0, 1, 3, 3, 1, 2, 1, 0, 1, 3, 1, 0, 2, 0, 0, 0, 0, 0, 0, 0, 1, 1, 0, 0, 0, 1],740.6648699319737,58345.503832923176,99227.13002615936,false
11,G4_BALANCED,G2_TEC,[31, 11, 82, 15, 26, 9, 95, 42, 77, 68, 47, 5, 93, 78, 86, 54, 85, 63, 18, 44, 20, 49, 36, 14, 74, 50, 53, 17, 21, 45, 71, 64, 3, 23, 30, 83, 24, 41, 60, 52, 65, 27, 90, 70, 39, 87, 48, 69, 99, 4, 46, 1, 13, 58, 97, 59, 28, 8, 73, 37, 35, 79, 22, 66, 76, 57, 40, 80, 96, 6, 16, 61, 33, 98, 32, 81, 62, 67, 10, 7, 56, 88, 51, 19, 91, 38, 75, 92, 25, 84, 2, 55, 12, 43, 34, 29, 0, 94, 89, 72]|[2, 1, 2, 1, 1, 2, 1, 1, 1, 1, 1, 0, 2, 2, 1, 2, 0, 0, 0, 2, 2, 1, 0, 2, 0, 2, 2, 1, 0, 1, 1, 1, 0, 0, 1, 0, 2, 1, 2, 2, 0, 0, 1, 1, 0, 2, 0, 2, 1, 0, 0, 2, 0, 0, 2, 0, 2, 1, 0, 0, 2, 1, 1, 2, 2, 0, 2, 2, 0, 1, 2, 1, 1, 0, 0, 1, 1, 1, 1, 2, 2, 1, 1, 1, 1, 0, 0, 0, 1, 0, 2, 0, 1, 1, 1, 0, 0, 1, 1, 1]|[0, 3, 0, 2, 4, 1, 4, 4, 2, 4, 3, 2, 1, 0, 2, 1, 1, 1, 2, 1, 1, 3, 0, 1, 0, 1, 1, 4, 1, 4, 3, 2, 2, 0, 4, 1, 1, 4, 0, 1, 2, 1, 4, 4, 1, 1, 0, 2, 3, 2, 2, 1, 2, 1, 1, 2, 0, 3, 0, 2, 2, 3, 3, 0, 1, 2, 0, 1, 2, 4, 1, 3, 4, 2, 2, 4, 3, 3, 3, 1, 1, 4, 3, 4, 3, 2, 2, 2, 4, 2, 1, 2, 3, 4, 1, 2, 2, 4, 4, 4]|[0, 2, 0, 1, 3, 0, 1, 3, 0, 0, 2, 0, 1, 0, 1, 0, 0, 0, 1, 0, 0, 2, 0, 0, 1, 0, 0, 3, 0, 1, 0, 2, 0, 0, 3, 0, 1, 3, 1, 0, 0, 0, 1, 3, 0, 0, 1, 0, 2, 0, 0, 0, 0, 0, 1, 0, 0, 0, 1, 1, 0, 2, 2, 0, 0, 0, 0, 0, 0, 2, 0, 0, 1, 0, 0, 2, 0, 0, 3, 0, 0, 1, 0, 3, 0, 0, 0, 0, 3, 0, 0, 0, 0, 2, 1, 0, 0, 2, 1, 2],947.0324364364093,51658.33709154986,111860.19689384053,true
11,G2_TEC,G4_BALANCED,[31, 22, 82, 15, 26, 9, 95, 42, 77, 68, 47, 5, 93, 78, 86, 54, 85, 63, 18, 44, 20, 49, 36, 14, 74, 50, 53, 17, 21, 45, 71, 64, 3, 23, 30, 83, 24, 41, 60, 52, 65, 27, 90, 70, 39, 87, 48, 69, 99, 4, 46, 1, 13, 58, 97, 59, 28, 8, 73, 37, 35, 79, 11, 66, 76, 57, 40, 80, 96, 6, 16, 61, 33, 98, 32, 81, 62, 67, 10, 7, 56, 88, 51, 19, 91, 38, 75, 92, 2, 84, 25, 55, 12, 43, 34, 0, 29, 72, 89, 94]|[2, 1, 2, 1, 1, 2, 1, 1, 1, 1, 1, 0, 2, 2, 1, 2, 0, 0, 0, 2, 2, 1, 0, 2, 0, 2, 2, 1, 0, 1, 1, 1, 0, 0, 1, 0, 2, 1, 2, 2, 0, 0, 1, 1, 0, 2, 0, 2, 1, 0, 0, 2, 0, 0, 2, 0, 2, 1, 0, 0, 2, 1, 0, 2, 2, 0, 2, 2, 0, 1, 2, 1, 1, 0, 0, 1, 1, 1, 1, 2, 2, 1, 1, 1, 1, 0, 2, 0, 2, 0, 1, 0, 1, 1, 1, 0, 1, 1, 1, 1]|[0, 3, 0, 2, 4, 1, 4, 4, 2, 4, 3, 2, 1, 0, 2, 1, 1, 1, 2, 1, 1, 3, 0, 1, 0, 1, 1, 4, 1, 4, 3, 2, 2, 0, 4, 1, 1, 4, 0, 1, 2, 1, 4, 4, 1, 1, 0, 2, 3, 1, 2, 1, 2, 1, 1, 2, 0, 3, 0, 2, 2, 3, 1, 0, 1, 0, 0, 1, 2, 4, 1, 3, 4, 2, 2, 4, 3, 3, 3, 1, 0, 4, 3, 4, 3, 2, 2, 2, 1, 2, 4, 2, 3, 4, 1, 2, 3, 4, 4, 4]|[0, 2, 0, 1, 3, 0, 1, 3, 0, 0, 2, 0, 1, 0, 1, 0, 0, 0, 1, 0, 0, 2, 0, 0, 1, 0, 0, 3, 0, 1, 0, 2, 0, 1, 3, 0, 1, 3, 1, 0, 0, 0, 1, 3, 0, 0, 1, 0, 2, 0, 0, 0, 0, 0, 1, 0, 0, 0, 1, 1, 0, 2, 0, 0, 0, 1, 0, 0, 0, 2, 0, 0, 1, 0, 0, 2, 0, 0, 3, 0, 0, 1, 0, 3, 0, 0, 1, 0, 0, 0, 3, 0, 0, 2, 1, 0, 0, 2, 1, 2],846.0173569491367,52903.125957688004,109490.34012555807,true
11,G3_TWC,G1_CMAX,[31, 22, 82, 15, 26, 9, 95, 42, 77, 12, 47, 5, 93, 78, 86, 54, 6, 63, 18, 44, 20, 35, 43, 97, 91, 76, 10, 30, 21, 45, 64, 1, 23, 17, 83, 24, 14, 60, 36, 13, 75, 46, 68, 67, 69, 79, 56, 65, 88, 40, 57, 85, 58, 19, 32, 81, 48, 27, 62, 87, 90, 99, 59, 11, 16, 72, 73, 71, 70, 39, 37, 84, 3, 98, 29, 28, 55, 25, 92, 7, 33, 61, 53, 41, 89, 50, 8, 96, 51, 80, 34, 4, 66, 2, 52, 49, 0, 94, 74, 38]|[1, 1, 0, 1, 1, 0, 1, 2, 2, 1, 2, 2, 2, 1, 1, 0, 0, 1, 0, 2, 2, 0, 1, 2, 0, 1, 2, 2, 0, 0, 2, 1, 2, 1, 0, 2, 2, 1, 1, 0, 0, 0, 0, 0, 2, 1, 2, 0, 1, 1, 1, 0, 1, 2, 1, 2, 1, 0, 0, 2, 1, 0, 1, 2, 1, 2, 1, 1, 1, 1, 1, 1, 1, 0, 0, 0, 1, 1, 0, 1, 0, 1, 0, 1, 1, 0, 1, 0, 0, 0, 2, 1, 2, 0, 1, 0, 0, 2, 2, 1]|[0, 3, 2, 2, 4, 1, 2, 2, 2, 4, 1, 1, 2, 4, 4, 1, 2, 4, 2, 1, 1, 1, 1, 2, 1, 2, 1, 1, 1, 1, 2, 3, 0, 4, 0, 1, 2, 0, 3, 2, 2, 2, 1, 0, 2, 0, 1, 1, 0, 2, 2, 2, 0, 0, 3, 2, 4, 1, 2, 2, 3, 1, 1, 1, 3, 0, 4, 3, 3, 1, 4, 1, 1, 1, 1, 2, 4, 4, 0, 1, 2, 3, 2, 4, 1, 1, 3, 1, 1, 1, 1, 4, 1, 2, 1, 1, 2, 2, 1, 1]|[0, 2, 1, 1, 3, 0, 1, 0, 0, 0, 0, 0, 1, 0, 1, 0, 1, 3, 1, 0, 0, 0, 3, 1, 0, 2, 0, 0, 0, 1, 0, 0, 0, 3, 0, 1, 1, 0, 2, 0, 0, 0, 0, 1, 0, 0, 0, 0, 0, 1, 1, 0, 3, 0, 0, 1, 2, 0, 1, 0, 2, 0, 1, 0, 2, 1, 0, 0, 0, 1, 1, 3, 1, 0, 0, 1, 3, 3, 1, 2, 1, 0, 1, 3, 1, 0, 2, 0, 0, 0, 0, 0, 0, 0, 1, 1, 0, 0, 0, 1],740.6648699319737,58345.503832923176,99227.13002615936,true
11,G1_CMAX,G1_CMAX,[31, 22, 82, 15, 26, 9, 95, 42, 77, 12, 47, 5, 93, 78, 86, 54, 6, 63, 18, 44, 20, 35, 43, 97, 91, 76, 10, 30, 21, 45, 64, 1, 23, 17, 83, 24, 14, 60, 36, 13, 75, 46, 68, 67, 69, 79, 56, 65, 88, 40, 57, 85, 58, 19, 32, 81, 48, 27, 62, 87, 90, 99, 59, 11, 16, 72, 73, 71, 70, 39, 37, 84, 3, 98, 29, 28, 55, 25, 92, 7, 33, 61, 53, 41, 89, 50, 8, 96, 51, 80, 34, 4, 66, 2, 52, 49, 0, 94, 74, 38]|[1, 1, 0, 1, 1, 0, 1, 2, 2, 1, 2, 2, 2, 1, 1, 0, 0, 1, 0, 2, 2, 0, 1, 2, 0, 1, 2, 2, 0, 0, 2, 1, 2, 1, 0, 2, 2, 1, 1, 0, 0, 0, 0, 0, 2, 1, 2, 0, 1, 1, 1, 0, 1, 2, 1, 2, 1, 0, 0, 2, 1, 0, 1, 2, 1, 2, 1, 1, 1, 1, 1, 1, 1, 0, 0, 0, 1, 1, 0, 1, 0, 1, 0, 1, 1, 0, 1, 0, 0, 0, 2, 1, 2, 0, 1, 0, 0, 2, 2, 1]|[0, 3, 2, 2, 4, 1, 2, 2, 2, 4, 1, 1, 2, 4, 4, 1, 2, 4, 2, 1, 1, 1, 1, 2, 1, 2, 1, 1, 1, 1, 2, 3, 0, 4, 0, 1, 2, 0, 3, 2, 2, 2, 1, 0, 2, 0, 1, 1, 0, 2, 2, 2, 0, 0, 3, 2, 4, 1, 2, 2, 3, 1, 1, 1, 3, 0, 4, 3, 3, 1, 4, 1, 1, 1, 1, 2, 4, 4, 0, 1, 2, 3, 2, 4, 1, 1, 3, 1, 1, 1, 1, 4, 1, 2, 1, 1, 2, 2, 1, 1]|[0, 2, 1, 1, 3, 0, 1, 0, 0, 0, 0, 0, 1, 0, 1, 0, 1, 3, 1, 0, 0, 0, 3, 1, 0, 2, 0, 0, 0, 1, 0, 0, 0, 3, 0, 1, 1, 0, 2, 0, 0, 0, 0, 1, 0, 0, 0, 0, 0, 1, 1, 0, 3, 0, 0, 1, 2, 0, 1, 0, 2, 0, 1, 0, 2, 1, 0, 0, 0, 1, 1, 3, 1, 0, 0, 1, 3, 3, 1, 2, 1, 0, 1, 3, 1, 0, 2, 0, 0, 0, 0, 0, 0, 0, 1, 1, 0, 0, 0, 1],740.6648699319737,58345.503832923176,99227.13002615936,false
11,G4_BALANCED,G2_TEC,[31, 11, 82, 15, 26, 9, 95, 42, 77, 68, 47, 5, 93, 78, 86, 54, 85, 63, 18, 44, 20, 49, 36, 14, 74, 50, 53, 17, 21, 45, 71, 64, 3, 23, 30, 83, 24, 41, 60, 52, 65, 27, 90, 70, 39, 87, 48, 69, 99, 4, 46, 1, 13, 58, 97, 59, 28, 8, 73, 37, 35, 79, 22, 66, 76, 57, 40, 80, 96, 6, 16, 61, 33, 98, 32, 81, 62, 67, 10, 7, 56, 88, 51, 19, 91, 38, 75, 92, 25, 84, 2, 55, 12, 43, 34, 29, 0, 94, 89, 72]|[2, 1, 2, 1, 1, 2, 1, 1, 1, 1, 1, 0, 2, 2, 1, 2, 0, 0, 0, 2, 2, 1, 0, 2, 0, 2, 2, 1, 0, 1, 1, 1, 0, 0, 1, 0, 2, 1, 2, 2, 0, 0, 1, 1, 0, 2, 0, 2, 1, 0, 0, 2, 0, 0, 2, 0, 2, 1, 0, 0, 2, 1, 1, 2, 2, 0, 2, 2, 0, 1, 2, 1, 1, 0, 0, 1, 1, 1, 1, 2, 2, 1, 1, 1, 1, 0, 0, 0, 1, 0, 2, 0, 1, 1, 1, 0, 0, 1, 1, 1]|[0, 3, 0, 2, 4, 1, 4, 4, 2, 4, 3, 2, 1, 0, 2, 1, 1, 1, 2, 1, 1, 3, 0, 1, 0, 1, 1, 4, 1, 4, 3, 2, 2, 0, 4, 1, 1, 4, 0, 1, 2, 1, 4, 4, 1, 1, 0, 2, 3, 2, 2, 1, 2, 1, 1, 2, 0, 3, 0, 2, 2, 3, 3, 0, 1, 2, 0, 1, 2, 4, 1, 3, 4, 2, 2, 4, 3, 3, 3, 1, 1, 4, 3, 4, 3, 2, 2, 2, 4, 2, 1, 2, 3, 4, 1, 2, 2, 4, 4, 4]|[0, 2, 0, 1, 3, 0, 1, 3, 0, 0, 2, 0, 1, 0, 1, 0, 0, 0, 1, 0, 0, 2, 0, 0, 1, 0, 0, 3, 0, 1, 0, 2, 0, 0, 3, 0, 1, 3, 1, 0, 0, 0, 1, 3, 0, 0, 1, 0, 2, 0, 0, 0, 0, 0, 1, 0, 0, 0, 1, 1, 0, 2, 2, 0, 0, 0, 0, 0, 0, 2, 0, 0, 1, 0, 0, 2, 0, 0, 3, 0, 0, 1, 0, 3, 0, 0, 0, 0, 3, 0, 0, 0, 0, 2, 1, 0, 0, 2, 1, 2],947.0324364364093,51658.33709154986,111860.19689384053,true
11,G2_TEC,G2_TEC,[31, 22, 82, 15, 26, 9, 95, 42, 77, 68, 47, 5, 93, 78, 86, 54, 85, 63, 18, 44, 20, 49, 36, 14, 74, 80, 53, 17, 21, 45, 71, 64, 3, 23, 30, 83, 24, 41, 60, 52, 65, 27, 90, 70, 39, 87, 48, 69, 99, 4, 46, 59, 13, 58, 97, 1, 28, 8, 73, 37, 35, 79, 11, 66, 76, 57, 40, 50, 96, 6, 16, 61, 33, 98, 32, 81, 62, 67, 10, 7, 56, 88, 51, 19, 91, 38, 75, 92, 25, 84, 2, 55, 12, 43, 34, 29, 0, 94, 89, 72]|[2, 1, 2, 1, 1, 2, 1, 1, 1, 1, 1, 0, 2, 2, 1, 2, 0, 0, 0, 2, 2, 1, 0, 2, 0, 2, 2, 1, 0, 1, 1, 1, 0, 0, 1, 0, 2, 1, 2, 2, 0, 0, 1, 1, 0, 2, 0, 2, 1, 0, 0, 0, 0, 0, 2, 2, 0, 1, 0, 0, 2, 1, 0, 2, 2, 0, 2, 2, 0, 1, 2, 1, 1, 0, 0, 1, 1, 1, 1, 2, 2, 1, 1, 1, 1, 0, 2, 0, 1, 0, 2, 0, 1, 1, 1, 1, 0, 1, 1, 1]|[0, 3, 0, 2, 4, 1, 4, 4, 2, 4, 3, 2, 1, 0, 2, 1, 1, 1, 2, 1, 1, 3, 0, 1, 0, 1, 1, 4, 1, 4, 3, 2, 2, 0, 4, 1, 1, 4, 0, 1, 2, 1, 4, 4, 1, 1, 0, 2, 3, 1, 2, 2, 2, 1, 1, 1, 0, 3, 0, 2, 2, 3, 1, 0, 1, 0, 0, 1, 2, 4, 1, 3, 4, 2, 2, 4, 3, 3, 3, 1, 1, 4, 3, 4, 3, 2, 2, 2, 4, 2, 1, 2, 3, 4, 1, 3, 2, 4, 4, 4]|[0, 2, 0, 1, 3, 0, 1, 3, 0, 0, 2, 0, 1, 0, 1, 0, 0, 0, 1, 0, 0, 2, 0, 0, 1, 0, 0, 3, 0, 1, 0, 2, 0, 0, 3, 0, 1, 3, 1, 0, 0, 0, 1, 3, 0, 0, 1, 0, 2, 0, 0, 0, 0, 0, 1, 0, 1, 0, 1, 1, 0, 2, 0, 0, 0, 1, 0, 0, 0, 2, 0, 0, 1, 0, 0, 2, 0, 0, 3, 0, 0, 1, 0, 3, 0, 0, 1, 0, 3, 0, 0, 0, 0, 2, 1, 0, 0, 2, 1, 2],861.3076080576566,52613.51917837201,109402.87282021565,false
11,G3_TWC,G3_TWC,[31, 22, 82, 15, 26, 9, 95, 42, 77, 12, 47, 5, 93, 78, 86, 54, 85, 63, 18, 44, 20, 35, 43, 97, 91, 76, 10, 30, 21, 45, 71, 64, 1, 23, 17, 83, 24, 14, 60, 36, 41, 57, 40, 88, 65, 56, 79, 94, 67, 68, 46, 75, 38, 58, 19, 32, 81, 6, 27, 62, 87, 90, 99, 59, 11, 16, 72, 73, 69, 39, 37, 84, 3, 92, 25, 55, 28, 29, 51, 7, 66, 61, 98, 48, 89, 8, 33, 96, 53, 80, 50, 4, 34, 2, 52, 13, 0, 70, 74, 49]|[1, 1, 0, 1, 1, 0, 1, 2, 2, 1, 2, 2, 2, 1, 1, 0, 0, 1, 0, 2, 2, 0, 1, 2, 0, 1, 2, 2, 0, 0, 1, 2, 1, 2, 1, 0, 2, 0, 1, 1, 0, 1, 1, 1, 0, 2, 1, 1, 0, 0, 0, 0, 1, 1, 2, 1, 2, 0, 0, 0, 2, 1, 0, 1, 2, 1, 2, 1, 1, 1, 1, 1, 1, 0, 1, 1, 0, 0, 0, 1, 2, 1, 2, 0, 1, 0, 2, 0, 0, 0, 0, 0, 2, 0, 1, 0, 0, 1, 2, 0]|[4, 3, 2, 2, 4, 1, 2, 2, 2, 4, 1, 1, 2, 4, 4, 1, 2, 4, 2, 1, 1, 1, 1, 2, 1, 2, 1, 1, 1, 1, 3, 2, 3, 0, 4, 0, 1, 1, 0, 3, 2, 2, 2, 0, 1, 1, 0, 4, 0, 1, 2, 2, 1, 4, 0, 3, 2, 1, 1, 2, 1, 3, 1, 1, 1, 3, 0, 4, 3, 1, 4, 1, 1, 0, 4, 4, 2, 1, 1, 1, 1, 3, 1, 1, 1, 1, 1, 1, 2, 1, 1, 2, 1, 2, 1, 2, 2, 4, 1, 1]|[0, 2, 1, 1, 3, 0, 1, 0, 0, 0, 0, 0, 1, 0, 1, 0, 0, 3, 1, 0, 0, 0, 3, 1, 0, 2, 0, 0, 0, 1, 0, 0, 0, 0, 3, 0, 1, 0, 0, 2, 1, 1, 1, 0, 0, 0, 0, 2, 1, 0, 0, 0, 1, 3, 0, 0, 1, 0, 0, 1, 0, 2, 0, 1, 0, 2, 1, 0, 0, 1, 1, 3, 1, 1, 3, 3, 1, 0, 0, 2, 0, 0, 0, 0, 1, 0, 0, 0, 1, 0, 0, 1, 0, 0, 1, 0, 0, 2, 0, 1],828.6150361188287,57498.909092636255,92558.71763620913,false
11,G1_CMAX,G1_CMAX,[31, 22, 82, 15, 26, 9, 95, 42, 77, 12, 47, 5, 93, 78, 86, 54, 6, 63, 18, 44, 20, 35, 43, 97, 91, 76, 10, 30, 21, 45, 64, 1, 23, 17, 83, 24, 14, 60, 36, 13, 75, 46, 68, 67, 69, 79, 56, 65, 88, 40, 57, 85, 58, 19, 32, 81, 48, 27, 62, 87, 90, 99, 59, 11, 16, 72, 73, 71, 70, 39, 37, 84, 3, 98, 29, 28, 55, 25, 92, 7, 33, 61, 53, 41, 89, 50, 8, 96, 51, 80, 34, 4, 66, 2, 52, 49, 0, 94, 74, 38]|[1, 1, 0, 1, 1, 0, 1, 2, 2, 1, 2, 2, 2, 1, 1, 0, 0, 1, 0, 2, 2, 0, 1, 2, 0, 1, 2, 2, 0, 0, 2, 1, 2, 1, 0, 2, 2, 1, 1, 0, 0, 0, 0, 0, 2, 1, 2, 0, 1, 1, 1, 0, 1, 2, 1, 2, 1, 0, 0, 2, 1, 0, 1, 2, 1, 2, 1, 1, 1, 1, 1, 1, 1, 0, 0, 0, 1, 1, 0, 1, 0, 1, 0, 1, 1, 0, 1, 0, 0, 0, 2, 1, 2, 0, 1, 0, 0, 2, 2, 1]|[0, 3, 2, 2, 4, 1, 2, 2, 2, 4, 1, 1, 2, 4, 4, 1, 2, 4, 2, 1, 1, 1, 1, 2, 1, 2, 1, 1, 1, 1, 2, 3, 0, 4, 0, 1, 2, 0, 3, 2, 2, 2, 1, 0, 2, 0, 1, 1, 0, 2, 2, 2, 0, 0, 3, 2, 4, 1, 2, 2, 3, 1, 1, 1, 3, 0, 4, 3, 3, 1, 4, 1, 1, 1, 1, 2, 4, 4, 0, 1, 2, 3, 2, 4, 1, 1, 3, 1, 1, 1, 1, 4, 1, 2, 1, 1, 2, 2, 1, 1]|[0, 2, 1, 1, 3, 0, 1, 0, 0, 0, 0, 0, 1, 0, 1, 0, 1, 3, 1, 0, 0, 0, 3, 1, 0, 2, 0, 0, 0, 1, 0, 0, 0, 3, 0, 1, 1, 0, 2, 0, 0, 0, 0, 1, 0, 0, 0, 0, 0, 1, 1, 0, 3, 0, 0, 1, 2, 0, 1, 0, 2, 0, 1, 0, 2, 1, 0, 0, 0, 1, 1, 3, 1, 0, 0, 1, 3, 3, 1, 2, 1, 0, 1, 3, 1, 0, 2, 0, 0, 0, 0, 0, 0, 0, 1, 1, 0, 0, 0, 1],740.6648699319737,58345.503832923176,99227.13002615936,false
11,G4_BALANCED,G2_TEC,[31, 11, 82, 15, 26, 9, 95, 42, 77, 68, 47, 5, 93, 78, 86, 54, 85, 63, 18, 44, 20, 49, 36, 14, 74, 50, 53, 17, 21, 45, 71, 64, 3, 23, 30, 83, 24, 41, 60, 52, 65, 27, 90, 70, 39, 87, 48, 69, 99, 4, 46, 1, 13, 58, 97, 59, 28, 8, 73, 37, 35, 79, 22, 66, 76, 57, 40, 80, 96, 6, 16, 61, 33, 98, 32, 81, 62, 67, 10, 7, 56, 88, 51, 19, 91, 38, 75, 92, 25, 84, 2, 55, 12, 43, 34, 29, 0, 94, 89, 72]|[2, 1, 2, 1, 1, 2, 1, 1, 1, 1, 1, 0, 2, 2, 1, 2, 0, 0, 0, 2, 2, 1, 0, 2, 0, 2, 2, 1, 0, 1, 1, 1, 0, 0, 1, 0, 2, 1, 2, 2, 0, 0, 1, 1, 0, 2, 0, 2, 1, 0, 0, 2, 0, 0, 2, 0, 2, 1, 0, 0, 2, 1, 1, 2, 2, 0, 2, 2, 0, 1, 2, 1, 1, 0, 0, 1, 1, 1, 1, 2, 2, 1, 1, 1, 1, 0, 0, 0, 1, 0, 2, 0, 1, 1, 1, 0, 0, 1, 1, 1]|[0, 3, 0, 2, 4, 1, 4, 4, 2, 4, 3, 2, 1, 0, 2, 1, 1, 1, 2, 1, 1, 3, 0, 1, 0, 1, 1, 4, 1, 4, 3, 2, 2, 0, 4, 1, 1, 4, 0, 1, 2, 1, 4, 4, 1, 1, 0, 2, 3, 2, 2, 1, 2, 1, 1, 2, 0, 3, 0, 2, 2, 3, 3, 0, 1, 2, 0, 1, 2, 4, 1, 3, 4, 2, 2, 4, 3, 3, 3, 1, 1, 4, 3, 4, 3, 2, 2, 2, 4, 2, 1, 2, 3, 4, 1, 2, 2, 4, 4, 4]|[0, 2, 0, 1, 3, 0, 1, 3, 0, 0, 2, 0, 1, 0, 1, 0, 0, 0, 1, 0, 0, 2, 0, 0, 1, 0, 0, 3, 0, 1, 0, 2, 0, 0, 3, 0, 1, 3, 1, 0, 0, 0, 1, 3, 0, 0, 1, 0, 2, 0, 0, 0, 0, 0, 1, 0, 0, 0, 1, 1, 0, 2, 2, 0, 0, 0, 0, 0, 0, 2, 0, 0, 1, 0, 0, 2, 0, 0, 3, 0, 0, 1, 0, 3, 0, 0, 0, 0, 3, 0, 0, 0, 0, 2, 1, 0, 0, 2, 1, 2],947.0324364364093,51658.33709154986,111860.19689384053,true
11,G2_TEC,G2_TEC,[31, 22, 82, 15, 26, 9, 95, 42, 77, 68, 47, 5, 93, 78, 86, 54, 85, 63, 18, 44, 20, 49, 36, 14, 74, 50, 53, 17, 21, 45, 71, 64, 3, 23, 30, 83, 24, 41, 60, 52, 65, 27, 90, 70, 39, 87, 48, 69, 99, 4, 46, 1, 13, 58, 97, 59, 28, 8, 73, 37, 35, 79, 11, 66, 76, 57, 40, 80, 96, 6, 16, 61, 33, 98, 32, 81, 62, 67, 10, 7, 56, 88, 51, 19, 91, 38, 75, 92, 25, 84, 2, 12, 29, 43, 34, 0, 55, 72, 89, 94]|[2, 1, 2, 1, 1, 2, 1, 1, 1, 1, 1, 0, 2, 2, 1, 2, 0, 0, 0, 2, 2, 1, 0, 2, 0, 2, 2, 1, 0, 1, 1, 1, 0, 0, 1, 0, 2, 1, 2, 2, 0, 0, 1, 1, 0, 2, 0, 2, 1, 0, 0, 2, 0, 0, 2, 0, 2, 1, 0, 0, 2, 1, 0, 2, 2, 0, 2, 2, 0, 1, 2, 1, 1, 0, 0, 1, 1, 1, 1, 2, 2, 1, 1, 1, 1, 0, 0, 0, 1, 0, 2, 1, 1, 1, 1, 0, 0, 1, 1, 1]|[0, 3, 0, 2, 4, 1, 4, 4, 2, 4, 3, 2, 1, 0, 2, 1, 1, 1, 2, 1, 1, 3, 0, 1, 0, 1, 1, 4, 1, 4, 3, 2, 2, 0, 4, 1, 1, 4, 0, 1, 2, 1, 4, 4, 1, 1, 0, 2, 3, 1, 2, 1, 2, 1, 1, 2, 0, 3, 0, 2, 2, 3, 1, 0, 1, 2, 0, 1, 2, 4, 1, 3, 4, 2, 2, 4, 3, 3, 3, 1, 1, 4, 3, 4, 3, 2, 2, 2, 4, 2, 1, 3, 3, 4, 1, 2, 2, 4, 4, 4]|[0, 2, 0, 1, 3, 0, 1, 3, 0, 0, 2, 0, 1, 0, 1, 0, 0, 0, 1, 0, 0, 2, 0, 0, 1, 0, 0, 3, 0, 1, 0, 2, 0, 0, 3, 0, 1, 3, 1, 0, 0, 0, 1, 3, 0, 0, 1, 0, 2, 0, 0, 0, 0, 0, 1, 0, 0, 0, 1, 1, 0, 2, 0, 0, 0, 0, 0, 0, 0, 2, 0, 0, 1, 0, 0, 2, 0, 0, 3, 0, 0, 1, 0, 3, 0, 0, 0, 0, 3, 0, 0, 0, 0, 2, 1, 0, 0, 2, 1, 2],919.0497895854953,51847.77047172447,110973.80723209208,false
11,G3_TWC,G3_TWC,[31, 22, 82, 15, 26, 9, 95, 42, 77, 12, 47, 5, 93, 78, 86, 54, 85, 63, 18, 44, 20, 35, 43, 97, 91, 76, 10, 30, 21, 45, 71, 64, 1, 23, 17, 83, 24, 14, 60, 36, 41, 57, 40, 88, 65, 56, 79, 94, 67, 68, 46, 75, 38, 58, 19, 32, 81, 6, 27, 62, 87, 90, 99, 59, 11, 16, 72, 73, 69, 39, 37, 84, 3, 92, 25, 55, 28, 29, 51, 7, 66, 61, 98, 48, 89, 8, 33, 96, 53, 80, 50, 4, 34, 2, 52, 13, 0, 70, 74, 49]|[1, 1, 0, 1, 1, 0, 1, 2, 2, 1, 2, 2, 2, 1, 1, 0, 0, 1, 0, 2, 2, 0, 1, 2, 0, 1, 2, 2, 0, 0, 1, 2, 1, 2, 1, 0, 2, 0, 1, 1, 0, 1, 1, 1, 0, 2, 1, 1, 0, 0, 0, 0, 1, 1, 2, 1, 2, 0, 0, 0, 2, 1, 0, 1, 2, 1, 2, 1, 1, 1, 1, 1, 1, 0, 1, 1, 0, 0, 0, 1, 2, 1, 2, 0, 1, 0, 2, 0, 0, 0, 0, 0, 2, 0, 1, 0, 0, 1, 2, 0]|[4, 3, 2, 2, 4, 1, 2, 2, 2, 4, 1, 1, 2, 4, 4, 1, 2, 4, 2, 1, 1, 1, 1, 2, 1, 2, 1, 1, 1, 1, 3, 2, 3, 0, 4, 0, 1, 1, 0, 3, 2, 2, 2, 0, 1, 1, 0, 4, 0, 1, 2, 2, 1, 4, 0, 3, 2, 1, 1, 2, 1, 3, 1, 1, 1, 3, 0, 4, 3, 1, 4, 1, 1, 0, 4, 4, 2, 1, 1, 1, 1, 3, 1, 1, 1, 1, 1, 1, 2, 1, 1, 2, 1, 2, 1, 2, 2, 4, 1, 1]|[0, 2, 1, 1, 3, 0, 1, 0, 0, 0, 0, 0, 1, 0, 1, 0, 0, 3, 1, 0, 0, 0, 3, 1, 0, 2, 0, 0, 0, 1, 0, 0, 0, 0, 3, 0, 1, 0, 0, 2, 1, 1, 1, 0, 0, 0, 0, 2, 1, 0, 0, 0, 1, 3, 0, 0, 1, 0, 0, 1, 0, 2, 0, 1, 0, 2, 1, 0, 0, 1, 1, 3, 1, 1, 3, 3, 1, 0, 0, 2, 0, 0, 0, 0, 1, 0, 0, 0, 1, 0, 0, 1, 0, 0, 1, 0, 0, 2, 0, 1],828.6150361188287,57498.909092636255,92558.71763620913,false
11,G1_CMAX,G1_CMAX,[31, 22, 82, 15, 26, 9, 95, 42, 77, 12, 47, 5, 93, 78, 86, 54, 6, 63, 18, 44, 20, 35, 43, 97, 91, 76, 10, 30, 21, 45, 64, 1, 23, 17, 83, 24, 14, 60, 36, 13, 75, 46, 68, 67, 69, 79, 56, 65, 88, 40, 57, 85, 58, 19, 32, 81, 48, 27, 62, 87, 90, 99, 59, 11, 16, 72, 73, 71, 70, 39, 37, 84, 3, 98, 29, 28, 55, 25, 92, 7, 33, 61, 53, 41, 89, 50, 8, 96, 51, 80, 34, 4, 66, 2, 52, 49, 0, 94, 74, 38]|[1, 1, 0, 1, 1, 0, 1, 2, 2, 1, 2, 2, 2, 1, 1, 0, 0, 1, 0, 2, 2, 0, 1, 2, 0, 1, 2, 2, 0, 0, 2, 1, 2, 1, 0, 2, 2, 1, 1, 0, 0, 0, 0, 0, 2, 1, 2, 0, 1, 1, 1, 0, 1, 2, 1, 2, 1, 0, 0, 2, 1, 0, 1, 2, 1, 2, 1, 1, 1, 1, 1, 1, 1, 0, 0, 0, 1, 1, 0, 1, 0, 1, 0, 1, 1, 0, 1, 0, 0, 0, 2, 1, 2, 0, 1, 0, 0, 2, 2, 1]|[0, 3, 2, 2, 4, 1, 2, 2, 2, 4, 1, 1, 2, 4, 4, 1, 2, 4, 2, 1, 1, 1, 1, 2, 1, 2, 1, 1, 1, 1, 2, 3, 0, 4, 0, 1, 2, 0, 3, 2, 2, 2, 1, 0, 2, 0, 1, 1, 0, 2, 2, 2, 0, 0, 3, 2, 4, 1, 2, 2, 3, 1, 1, 1, 3, 0, 4, 3, 3, 1, 4, 1, 1, 1, 1, 2, 4, 4, 0, 1, 2, 3, 2, 4, 1, 1, 3, 1, 1, 1, 1, 4, 1, 2, 1, 1, 2, 2, 1, 1]|[0, 2, 1, 1, 3, 0, 1, 0, 0, 0, 0, 0, 1, 0, 1, 0, 1, 3, 1, 0, 0, 0, 3, 1, 0, 2, 0, 0, 0, 1, 0, 0, 0, 3, 0, 1, 1, 0, 2, 0, 0, 0, 0, 1, 0, 0, 0, 0, 0, 1, 1, 0, 3, 0, 0, 1, 2, 0, 1, 0, 2, 0, 1, 0, 2, 1, 0, 0, 0, 1, 1, 3, 1, 0, 0, 1, 3, 3, 1, 2, 1, 0, 1, 3, 1, 0, 2, 0, 0, 0, 0, 0, 0, 0, 1, 1, 0, 0, 0, 1],740.6648699319737,58345.503832923176,99227.13002615936,false
11,G4_BALANCED,G2_TEC,[31, 11, 82, 15, 26, 9, 95, 42, 77, 68, 47, 5, 93, 78, 86, 54, 85, 63, 18, 44, 20, 49, 36, 14, 74, 50, 53, 17, 21, 45, 71, 64, 3, 23, 30, 83, 24, 41, 60, 52, 65, 27, 90, 70, 39, 87, 48, 69, 99, 4, 46, 1, 13, 58, 97, 59, 28, 8, 73, 37, 35, 79, 22, 66, 76, 57, 40, 80, 96, 6, 16, 61, 33, 98, 32, 81, 62, 67, 10, 7, 56, 88, 51, 19, 91, 38, 75, 92, 25, 84, 2, 55, 12, 43, 34, 29, 0, 94, 89, 72]|[2, 1, 2, 1, 1, 2, 1, 1, 1, 1, 1, 0, 2, 2, 1, 2, 0, 0, 0, 2, 2, 1, 0, 2, 0, 2, 2, 1, 0, 1, 1, 1, 0, 0, 1, 0, 2, 1, 2, 2, 0, 0, 1, 1, 0, 2, 0, 2, 1, 0, 0, 2, 0, 0, 2, 0, 2, 1, 0, 0, 2, 1, 1, 2, 2, 0, 2, 2, 0, 1, 2, 1, 1, 0, 0, 1, 1, 1, 1, 2, 2, 1, 1, 1, 1, 0, 0, 0, 1, 0, 2, 0, 1, 1, 1, 0, 0, 1, 1, 1]|[0, 3, 0, 2, 4, 1, 4, 4, 2, 4, 3, 2, 1, 0, 2, 1, 1, 1, 2, 1, 1, 3, 0, 1, 0, 1, 1, 4, 1, 4, 3, 2, 2, 0, 4, 1, 1, 4, 0, 1, 2, 1, 4, 4, 1, 1, 0, 2, 3, 2, 2, 1, 2, 1, 1, 2, 0, 3, 0, 2, 2, 3, 3, 0, 1, 2, 0, 1, 2, 4, 1, 3, 4, 2, 2, 4, 3, 3, 3, 1, 1, 4, 3, 4, 3, 2, 2, 2, 4, 2, 1, 2, 3, 4, 1, 2, 2, 4, 4, 4]|[0, 2, 0, 1, 3, 0, 1, 3, 0, 0, 2, 0, 1, 0, 1, 0, 0, 0, 1, 0, 0, 2, 0, 0, 1, 0, 0, 3, 0, 1, 0, 2, 0, 0, 3, 0, 1, 3, 1, 0, 0, 0, 1, 3, 0, 0, 1, 0, 2, 0, 0, 0, 0, 0, 1, 0, 0, 0, 1, 1, 0, 2, 2, 0, 0, 0, 0, 0, 0, 2, 0, 0, 1, 0, 0, 2, 0, 0, 3, 0, 0, 1, 0, 3, 0, 0, 0, 0, 3, 0, 0, 0, 0, 2, 1, 0, 0, 2, 1, 2],947.0324364364093,51658.33709154986,111860.19689384053,true
11,G2_TEC,G2_TEC,[31, 22, 82, 15, 26, 9, 95, 42, 77, 68, 47, 5, 93, 78, 86, 54, 85, 63, 18, 44, 20, 49, 36, 14, 74, 50, 53, 17, 21, 45, 71, 64, 3, 23, 30, 83, 24, 41, 60, 52, 65, 27, 90, 70, 39, 87, 48, 69, 99, 4, 46, 1, 13, 58, 97, 59, 28, 8, 73, 37, 35, 79, 11, 66, 76, 57, 40, 80, 96, 6, 16, 61, 33, 98, 32, 81, 62, 67, 10, 7, 56, 88, 51, 19, 91, 38, 75, 92, 25, 84, 2, 12, 29, 43, 34, 0, 55, 72, 89, 94]|[2, 1, 2, 1, 1, 2, 1, 1, 1, 1, 1, 0, 2, 2, 1, 2, 0, 0, 0, 2, 2, 1, 0, 2, 0, 2, 2, 1, 0, 1, 1, 1, 0, 0, 1, 0, 2, 1, 2, 2, 0, 0, 1, 1, 0, 2, 0, 2, 1, 0, 0, 2, 0, 0, 2, 0, 2, 1, 0, 0, 2, 1, 0, 2, 2, 0, 2, 2, 0, 1, 2, 1, 1, 0, 0, 1, 1, 1, 1, 2, 2, 1, 1, 1, 1, 0, 0, 0, 1, 0, 2, 1, 1, 1, 1, 0, 0, 1, 1, 1]|[0, 3, 0, 2, 4, 1, 4, 4, 2, 4, 3, 2, 1, 0, 2, 1, 1, 1, 2, 1, 1, 3, 0, 1, 0, 1, 1, 4, 1, 4, 3, 2, 2, 0, 4, 1, 1, 4, 0, 1, 2, 1, 4, 4, 1, 1, 0, 2, 3, 1, 2, 1, 2, 1, 1, 2, 0, 3, 0, 2, 2, 3, 1, 0, 1, 2, 0, 1, 2, 4, 1, 3, 4, 2, 2, 4, 3, 3, 3, 1, 1, 4, 3, 4, 3, 2, 2, 2, 4, 2, 1, 3, 3, 4, 1, 2, 2, 4, 4, 4]|[0, 2, 0, 1, 3, 0, 1, 3, 0, 0, 2, 0, 1, 0, 1, 0, 0, 0, 1, 0, 0, 2, 0, 0, 1, 0, 0, 3, 0, 1, 0, 2, 0, 0, 3, 0, 1, 3, 1, 0, 0, 0, 1, 3, 0, 0, 1, 0, 2, 0, 0, 0, 0, 0, 1, 0, 0, 0, 1, 1, 0, 2, 0, 0, 0, 0, 0, 0, 0, 2, 0, 0, 1, 0, 0, 2, 0, 0, 3, 0, 0, 1, 0, 3, 0, 0, 0, 0, 3, 0, 0, 0, 0, 2, 1, 0, 0, 2, 1, 2],919.0497895854953,51847.77047172447,110973.80723209208,false
11,G3_TWC,G3_TWC,[31, 22, 82, 15, 26, 9, 95, 42, 77, 12, 47, 5, 93, 78, 86, 54, 85, 63, 18, 44, 20, 35, 43, 97, 91, 76, 10, 30, 21, 45, 71, 64, 1, 23, 17, 83, 24, 14, 60, 36, 41, 57, 40, 88, 65, 56, 79, 94, 67, 68, 46, 75, 38, 58, 19, 32, 81, 6, 27, 62, 87, 90, 99, 59, 11, 16, 72, 73, 69, 39, 37, 84, 3, 92, 25, 55, 28, 29, 51, 7, 66, 61, 98, 48, 89, 8, 33, 96, 53, 80, 50, 4, 34, 2, 52, 13, 0, 70, 74, 49]|[1, 1, 0, 1, 1, 0, 1, 2, 2, 1, 2, 2, 2, 1, 1, 0, 0, 1, 0, 2, 2, 0, 1, 2, 0, 1, 2, 2, 0, 0, 1, 2, 1, 2, 1, 0, 2, 0, 1, 1, 0, 1, 1, 1, 0, 2, 1, 1, 0, 0, 0, 0, 1, 1, 2, 1, 2, 0, 0, 0, 2, 1, 0, 1, 2, 1, 2, 1, 1, 1, 1, 1, 1, 0, 1, 1, 0, 0, 0, 1, 2, 1, 2, 0, 1, 0, 2, 0, 0, 0, 0, 0, 2, 0, 1, 0, 0, 1, 2, 0]|[4, 3, 2, 2, 4, 1, 2, 2, 2, 4, 1, 1, 2, 4, 4, 1, 2, 4, 2, 1, 1, 1, 1, 2, 1, 2, 1, 1, 1, 1, 3, 2, 3, 0, 4, 0, 1, 1, 0, 3, 2, 2, 2, 0, 1, 1, 0, 4, 0, 1, 2, 2, 1, 4, 0, 3, 2, 1, 1, 2, 1, 3, 1, 1, 1, 3, 0, 4, 3, 1, 4, 1, 1, 0, 4, 4, 2, 1, 1, 1, 1, 3, 1, 1, 1, 1, 1, 1, 2, 1, 1, 2, 1, 2, 1, 2, 2, 4, 1, 1]|[0, 2, 1, 1, 3, 0, 1, 0, 0, 0, 0, 0, 1, 0, 1, 0, 0, 3, 1, 0, 0, 0, 3, 1, 0, 2, 0, 0, 0, 1, 0, 0, 0, 0, 3, 0, 1, 0, 0, 2, 1, 1, 1, 0, 0, 0, 0, 2, 1, 0, 0, 0, 1, 3, 0, 0, 1, 0, 0, 1, 0, 2, 0, 1, 0, 2, 1, 0, 0, 1, 1, 3, 1, 1, 3, 3, 1, 0, 0, 2, 0, 0, 0, 0, 1, 0, 0, 0, 1, 0, 0, 1, 0, 0, 1, 0, 0, 2, 0, 1],828.6150361188287,57498.909092636255,92558.71763620913,false
11,G1_CMAX,G1_CMAX,[31, 22, 82, 15, 26, 9, 95, 42, 77, 12, 47, 5, 93, 78, 86, 54, 6, 63, 18, 44, 20, 35, 43, 97, 91, 76, 10, 30, 21, 45, 64, 1, 23, 17, 83, 24, 14, 60, 36, 13, 75, 46, 68, 67, 69, 79, 56, 65, 88, 40, 57, 85, 58, 19, 32, 81, 48, 27, 62, 87, 90, 99, 59, 11, 16, 72, 73, 71, 70, 39, 37, 84, 3, 98, 29, 28, 55, 25, 92, 7, 33, 61, 53, 41, 89, 50, 8, 96, 51, 80, 34, 4, 66, 2, 52, 49, 0, 94, 74, 38]|[1, 1, 0, 1, 1, 0, 1, 2, 2, 1, 2, 2, 2, 1, 1, 0, 0, 1, 0, 2, 2, 0, 1, 2, 0, 1, 2, 2, 0, 0, 2, 1, 2, 1, 0, 2, 2, 1, 1, 0, 0, 0, 0, 0, 2, 1, 2, 0, 1, 1, 1, 0, 1, 2, 1, 2, 1, 0, 0, 2, 1, 0, 1, 2, 1, 2, 1, 1, 1, 1, 1, 1, 1, 0, 0, 0, 1, 1, 0, 1, 0, 1, 0, 1, 1, 0, 1, 0, 0, 0, 2, 1, 2, 0, 1, 0, 0, 2, 2, 1]|[0, 3, 2, 2, 4, 1, 2, 2, 2, 4, 1, 1, 2, 4, 4, 1, 2, 4, 2, 1, 1, 1, 1, 2, 1, 2, 1, 1, 1, 1, 2, 3, 0, 4, 0, 1, 2, 0, 3, 2, 2, 2, 1, 0, 2, 0, 1, 1, 0, 2, 2, 2, 0, 0, 3, 2, 4, 1, 2, 2, 3, 1, 1, 1, 3, 0, 4, 3, 3, 1, 4, 1, 1, 1, 1, 2, 4, 4, 0, 1, 2, 3, 2, 4, 1, 1, 3, 1, 1, 1, 1, 4, 1, 2, 1, 1, 2, 2, 1, 1]|[0, 2, 1, 1, 3, 0, 1, 0, 0, 0, 0, 0, 1, 0, 1, 0, 1, 3, 1, 0, 0, 0, 3, 1, 0, 2, 0, 0, 0, 1, 0, 0, 0, 3, 0, 1, 1, 0, 2, 0, 0, 0, 0, 1, 0, 0, 0, 0, 0, 1, 1, 0, 3, 0, 0, 1, 2, 0, 1, 0, 2, 0, 1, 0, 2, 1, 0, 0, 0, 1, 1, 3, 1, 0, 0, 1, 3, 3, 1, 2, 1, 0, 1, 3, 1, 0, 2, 0, 0, 0, 0, 0, 0, 0, 1, 1, 0, 0, 0, 1],740.6648699319737,58345.503832923176,99227.13002615936,false
11,G4_BALANCED,G2_TEC,[31, 11, 82, 15, 26, 9, 95, 42, 77, 68, 47, 5, 93, 78, 86, 54, 85, 63, 18, 44, 20, 49, 36, 14, 74, 50, 53, 17, 21, 45, 71, 64, 3, 23, 30, 83, 24, 41, 60, 52, 65, 27, 90, 70, 39, 87, 48, 69, 99, 4, 46, 1, 13, 58, 97, 59, 28, 8, 73, 37, 35, 79, 22, 66, 76, 57, 40, 80, 96, 6, 16, 61, 33, 98, 32, 81, 62, 67, 10, 7, 56, 88, 51, 19, 91, 38, 75, 92, 25, 84, 2, 55, 12, 43, 34, 29, 0, 94, 89, 72]|[2, 1, 2, 1, 1, 2, 1, 1, 1, 1, 1, 0, 2, 2, 1, 2, 0, 0, 0, 2, 2, 1, 0, 2, 0, 2, 2, 1, 0, 1, 1, 1, 0, 0, 1, 0, 2, 1, 2, 2, 0, 0, 1, 1, 0, 2, 0, 2, 1, 0, 0, 2, 0, 0, 2, 0, 2, 1, 0, 0, 2, 1, 1, 2, 2, 0, 2, 2, 0, 1, 2, 1, 1, 0, 0, 1, 1, 1, 1, 2, 2, 1, 1, 1, 1, 0, 0, 0, 1, 0, 2, 0, 1, 1, 1, 0, 0, 1, 1, 1]|[0, 3, 0, 2, 4, 1, 4, 4, 2, 4, 3, 2, 1, 0, 2, 1, 1, 1, 2, 1, 1, 3, 0, 1, 0, 1, 1, 4, 1, 4, 3, 2, 2, 0, 4, 1, 1, 4, 0, 1, 2, 1, 4, 4, 1, 1, 0, 2, 3, 2, 2, 1, 2, 1, 1, 2, 0, 3, 0, 2, 2, 3, 3, 0, 1, 2, 0, 1, 2, 4, 1, 3, 4, 2, 2, 4, 3, 3, 3, 1, 1, 4, 3, 4, 3, 2, 2, 2, 4, 2, 1, 2, 3, 4, 1, 2, 2, 4, 4, 4]|[0, 2, 0, 1, 3, 0, 1, 3, 0, 0, 2, 0, 1, 0, 1, 0, 0, 0, 1, 0, 0, 2, 0, 0, 1, 0, 0, 3, 0, 1, 0, 2, 0, 0, 3, 0, 1, 3, 1, 0, 0, 0, 1, 3, 0, 0, 1, 0, 2, 0, 0, 0, 0, 0, 1, 0, 0, 0, 1, 1, 0, 2, 2, 0, 0, 0, 0, 0, 0, 2, 0, 0, 1, 0, 0, 2, 0, 0, 3, 0, 0, 1, 0, 3, 0, 0, 0, 0, 3, 0, 0, 0, 0, 2, 1, 0, 0, 2, 1, 2],947.0324364364093,51658.33709154986,111860.19689384053,true
11,G2_TEC,G2_TEC,[31, 22, 82, 15, 26, 9, 95, 42, 77, 68, 47, 5, 93, 78, 86, 54, 85, 63, 18, 44, 20, 49, 36, 14, 74, 50, 53, 17, 21, 45, 71, 64, 3, 23, 30, 83, 24, 41, 60, 52, 65, 27, 90, 70, 39, 87, 48, 69, 99, 4, 46, 1, 13, 58, 97, 59, 28, 8, 73, 37, 35, 79, 11, 66, 76, 57, 40, 80, 96, 6, 16, 61, 33, 98, 32, 81, 62, 67, 10, 7, 56, 88, 51, 19, 91, 38, 75, 92, 25, 84, 2, 12, 29, 43, 34, 0, 55, 72, 89, 94]|[2, 1, 2, 1, 1, 2, 1, 1, 1, 1, 1, 0, 2, 2, 1, 2, 0, 0, 0, 2, 2, 1, 0, 2, 0, 2, 2, 1, 0, 1, 1, 1, 0, 0, 1, 0, 2, 1, 2, 2, 0, 0, 1, 1, 0, 2, 0, 2, 1, 0, 0, 2, 0, 0, 2, 0, 2, 1, 0, 0, 2, 1, 0, 2, 2, 0, 2, 2, 0, 1, 2, 1, 1, 0, 0, 1, 1, 1, 1, 2, 2, 1, 1, 1, 1, 0, 0, 0, 1, 0, 2, 1, 1, 1, 1, 0, 0, 1, 1, 1]|[0, 3, 0, 2, 4, 1, 4, 4, 2, 4, 3, 2, 1, 0, 2, 1, 1, 1, 2, 1, 1, 3, 0, 1, 0, 1, 1, 4, 1, 4, 3, 2, 2, 0, 4, 1, 1, 4, 0, 1, 2, 1, 4, 4, 1, 1, 0, 2, 3, 1, 2, 1, 2, 1, 1, 2, 0, 3, 0, 2, 2, 3, 1, 0, 1, 2, 0, 1, 2, 4, 1, 3, 4, 2, 2, 4, 3, 3, 3, 1, 1, 4, 3, 4, 3, 2, 2, 2, 4, 2, 1, 3, 3, 4, 1, 2, 2, 4, 4, 4]|[0, 2, 0, 1, 3, 0, 1, 3, 0, 0, 2, 0, 1, 0, 1, 0, 0, 0, 1, 0, 0, 2, 0, 0, 1, 0, 0, 3, 0, 1, 0, 2, 0, 0, 3, 0, 1, 3, 1, 0, 0, 0, 1, 3, 0, 0, 1, 0, 2, 0, 0, 0, 0, 0, 1, 0, 0, 0, 1, 1, 0, 2, 0, 0, 0, 0, 0, 0, 0, 2, 0, 0, 1, 0, 0, 2, 0, 0, 3, 0, 0, 1, 0, 3, 0, 0, 0, 0, 3, 0, 0, 0, 0, 2, 1, 0, 0, 2, 1, 2],919.0497895854953,51847.77047172447,110973.80723209208,false
11,G3_TWC,G3_TWC,[31, 22, 82, 15, 26, 9, 95, 42, 77, 12, 47, 5, 93, 78, 86, 54, 85, 63, 18, 44, 20, 35, 43, 97, 91, 76, 10, 30, 21, 45, 71, 64, 1, 23, 17, 83, 24, 14, 60, 36, 41, 57, 40, 88, 65, 56, 79, 94, 67, 68, 46, 75, 38, 58, 19, 32, 81, 6, 27, 62, 87, 90, 99, 59, 11, 16, 72, 73, 69, 39, 37, 84, 3, 92, 25, 55, 28, 29, 51, 7, 66, 61, 98, 48, 89, 8, 33, 96, 53, 80, 50, 4, 34, 2, 52, 13, 0, 70, 74, 49]|[1, 1, 0, 1, 1, 0, 1, 2, 2, 1, 2, 2, 2, 1, 1, 0, 0, 1, 0, 2, 2, 0, 1, 2, 0, 1, 2, 2, 0, 0, 1, 2, 1, 2, 1, 0, 2, 0, 1, 1, 0, 1, 1, 1, 0, 2, 1, 1, 0, 0, 0, 0, 1, 1, 2, 1, 2, 0, 0, 0, 2, 1, 0, 1, 2, 1, 2, 1, 1, 1, 1, 1, 1, 0, 1, 1, 0, 0, 0, 1, 2, 1, 2, 0, 1, 0, 2, 0, 0, 0, 0, 0, 2, 0, 1, 0, 0, 1, 2, 0]|[4, 3, 2, 2, 4, 1, 2, 2, 2, 4, 1, 1, 2, 4, 4, 1, 2, 4, 2, 1, 1, 1, 1, 2, 1, 2, 1, 1, 1, 1, 3, 2, 3, 0, 4, 0, 1, 1, 0, 3, 2, 2, 2, 0, 1, 1, 0, 4, 0, 1, 2, 2, 1, 4, 0, 3, 2, 1, 1, 2, 1, 3, 1, 1, 1, 3, 0, 4, 3, 1, 4, 1, 1, 0, 4, 4, 2, 1, 1, 1, 1, 3, 1, 1, 1, 1, 1, 1, 2, 1, 1, 2, 1, 2, 1, 2, 2, 4, 1, 1]|[0, 2, 1, 1, 3, 0, 1, 0, 0, 0, 0, 0, 1, 0, 1, 0, 0, 3, 1, 0, 0, 0, 3, 1, 0, 2, 0, 0, 0, 1, 0, 0, 0, 0, 3, 0, 1, 0, 0, 2, 1, 1, 1, 0, 0, 0, 0, 2, 1, 0, 0, 0, 1, 3, 0, 0, 1, 0, 0, 1, 0, 2, 0, 1, 0, 2, 1, 0, 0, 1, 1, 3, 1, 1, 3, 3, 1, 0, 0, 2, 0, 0, 0, 0, 1, 0, 0, 0, 1, 0, 0, 1, 0, 0, 1, 0, 0, 2, 0, 1],828.6150361188287,57498.909092636255,92558.71763620913,false
11,G1_CMAX,G1_CMAX,[31, 22, 82, 15, 26, 9, 95, 42, 77, 12, 47, 5, 93, 78, 86, 54, 6, 63, 18, 44, 20, 35, 43, 97, 91, 76, 10, 30, 21, 45, 64, 1, 23, 17, 83, 24, 14, 60, 36, 13, 75, 46, 68, 67, 69, 79, 56, 65, 88, 40, 57, 85, 58, 19, 32, 81, 48, 27, 62, 87, 90, 99, 59, 11, 16, 72, 73, 71, 70, 39, 37, 84, 3, 98, 29, 28, 55, 25, 92, 7, 33, 61, 53, 41, 89, 50, 8, 96, 51, 80, 34, 4, 66, 2, 52, 49, 0, 94, 74, 38]|[1, 1, 0, 1, 1, 0, 1, 2, 2, 1, 2, 2, 2, 1, 1, 0, 0, 1, 0, 2, 2, 0, 1, 2, 0, 1, 2, 2, 0, 0, 2, 1, 2, 1, 0, 2, 2, 1, 1, 0, 0, 0, 0, 0, 2, 1, 2, 0, 1, 1, 1, 0, 1, 2, 1, 2, 1, 0, 0, 2, 1, 0, 1, 2, 1, 2, 1, 1, 1, 1, 1, 1, 1, 0, 0, 0, 1, 1, 0, 1, 0, 1, 0, 1, 1, 0, 1, 0, 0, 0, 2, 1, 2, 0, 1, 0, 0, 2, 2, 1]|[0, 3, 2, 2, 4, 1, 2, 2, 2, 4, 1, 1, 2, 4, 4, 1, 2, 4, 2, 1, 1, 1, 1, 2, 1, 2, 1, 1, 1, 1, 2, 3, 0, 4, 0, 1, 2, 0, 3, 2, 2, 2, 1, 0, 2, 0, 1, 1, 0, 2, 2, 2, 0, 0, 3, 2, 4, 1, 2, 2, 3, 1, 1, 1, 3, 0, 4, 3, 3, 1, 4, 1, 1, 1, 1, 2, 4, 4, 0, 1, 2, 3, 2, 4, 1, 1, 3, 1, 1, 1, 1, 4, 1, 2, 1, 1, 2, 2, 1, 1]|[0, 2, 1, 1, 3, 0, 1, 0, 0, 0, 0, 0, 1, 0, 1, 0, 1, 3, 1, 0, 0, 0, 3, 1, 0, 2, 0, 0, 0, 1, 0, 0, 0, 3, 0, 1, 1, 0, 2, 0, 0, 0, 0, 1, 0, 0, 0, 0, 0, 1, 1, 0, 3, 0, 0, 1, 2, 0, 1, 0, 2, 0, 1, 0, 2, 1, 0, 0, 0, 1, 1, 3, 1, 0, 0, 1, 3, 3, 1, 2, 1, 0, 1, 3, 1, 0, 2, 0, 0, 0, 0, 0, 0, 0, 1, 1, 0, 0, 0, 1],740.6648699319737,58345.503832923176,99227.13002615936,false
11,G4_BALANCED,G2_TEC,[31, 11, 82, 15, 26, 9, 95, 42, 77, 68, 47, 5, 93, 78, 86, 54, 85, 63, 18, 44, 20, 49, 36, 14, 74, 50, 53, 17, 21, 45, 71, 64, 3, 23, 30, 83, 24, 41, 60, 52, 65, 27, 90, 70, 39, 87, 48, 69, 99, 4, 46, 1, 13, 58, 97, 59, 28, 8, 73, 37, 35, 79, 22, 66, 76, 57, 40, 80, 96, 6, 16, 61, 33, 98, 32, 81, 62, 67, 10, 7, 56, 88, 51, 19, 91, 38, 75, 92, 25, 84, 2, 55, 12, 43, 34, 29, 0, 94, 89, 72]|[2, 1, 2, 1, 1, 2, 1, 1, 1, 1, 1, 0, 2, 2, 1, 2, 0, 0, 0, 2, 2, 1, 0, 2, 0, 2, 2, 1, 0, 1, 1, 1, 0, 0, 1, 0, 2, 1, 2, 2, 0, 0, 1, 1, 0, 2, 0, 2, 1, 0, 0, 2, 0, 0, 2, 0, 2, 1, 0, 0, 2, 1, 1, 2, 2, 0, 2, 2, 0, 1, 2, 1, 1, 0, 0, 1, 1, 1, 1, 2, 2, 1, 1, 1, 1, 0, 0, 0, 1, 0, 2, 0, 1, 1, 1, 0, 0, 1, 1, 1]|[0, 3, 0, 2, 4, 1, 4, 4, 2, 4, 3, 2, 1, 0, 2, 1, 1, 1, 2, 1, 1, 3, 0, 1, 0, 1, 1, 4, 1, 4, 3, 2, 2, 0, 4, 1, 1, 4, 0, 1, 2, 1, 4, 4, 1, 1, 0, 2, 3, 2, 2, 1, 2, 1, 1, 2, 0, 3, 0, 2, 2, 3, 3, 0, 1, 2, 0, 1, 2, 4, 1, 3, 4, 2, 2, 4, 3, 3, 3, 1, 1, 4, 3, 4, 3, 2, 2, 2, 4, 2, 1, 2, 3, 4, 1, 2, 2, 4, 4, 4]|[0, 2, 0, 1, 3, 0, 1, 3, 0, 0, 2, 0, 1, 0, 1, 0, 0, 0, 1, 0, 0, 2, 0, 0, 1, 0, 0, 3, 0, 1, 0, 2, 0, 0, 3, 0, 1, 3, 1, 0, 0, 0, 1, 3, 0, 0, 1, 0, 2, 0, 0, 0, 0, 0, 1, 0, 0, 0, 1, 1, 0, 2, 2, 0, 0, 0, 0, 0, 0, 2, 0, 0, 1, 0, 0, 2, 0, 0, 3, 0, 0, 1, 0, 3, 0, 0, 0, 0, 3, 0, 0, 0, 0, 2, 1, 0, 0, 2, 1, 2],947.0324364364093,51658.33709154986,111860.19689384053,true
11,G2_TEC,G2_TEC,[31, 22, 82, 15, 26, 9, 95, 42, 77, 68, 47, 5, 93, 78, 86, 54, 85, 63, 18, 44, 20, 49, 36, 14, 74, 50, 53, 17, 21, 45, 71, 64, 3, 23, 30, 83, 24, 41, 60, 52, 65, 27, 90, 70, 39, 87, 48, 69, 99, 4, 46, 1, 13, 58, 97, 59, 28, 8, 73, 37, 35, 79, 11, 66, 76, 57, 40, 80, 96, 6, 16, 61, 33, 98, 32, 81, 62, 67, 10, 7, 56, 88, 51, 19, 91, 38, 75, 92, 25, 84, 2, 12, 29, 43, 34, 0, 55, 72, 89, 94]|[2, 1, 2, 1, 1, 2, 1, 1, 1, 1, 1, 0, 2, 2, 1, 2, 0, 0, 0, 2, 2, 1, 0, 2, 0, 2, 2, 1, 0, 1, 1, 1, 0, 0, 1, 0, 2, 1, 2, 2, 0, 0, 1, 1, 0, 2, 0, 2, 1, 0, 0, 2, 0, 0, 2, 0, 2, 1, 0, 0, 2, 1, 0, 2, 2, 0, 2, 2, 0, 1, 2, 1, 1, 0, 0, 1, 1, 1, 1, 2, 2, 1, 1, 1, 1, 0, 0, 0, 1, 0, 2, 1, 1, 1, 1, 0, 0, 1, 1, 1]|[0, 3, 0, 2, 4, 1, 4, 4, 2, 4, 3, 2, 1, 0, 2, 1, 1, 1, 2, 1, 1, 3, 0, 1, 0, 1, 1, 4, 1, 4, 3, 2, 2, 0, 4, 1, 1, 4, 0, 1, 2, 1, 4, 4, 1, 1, 0, 2, 3, 1, 2, 1, 2, 1, 1, 2, 0, 3, 0, 2, 2, 3, 1, 0, 1, 2, 0, 1, 2, 4, 1, 3, 4, 2, 2, 4, 3, 3, 3, 1, 1, 4, 3, 4, 3, 2, 2, 2, 4, 2, 1, 3, 3, 4, 1, 2, 2, 4, 4, 4]|[0, 2, 0, 1, 3, 0, 1, 3, 0, 0, 2, 0, 1, 0, 1, 0, 0, 0, 1, 0, 0, 2, 0, 0, 1, 0, 0, 3, 0, 1, 0, 2, 0, 0, 3, 0, 1, 3, 1, 0, 0, 0, 1, 3, 0, 0, 1, 0, 2, 0, 0, 0, 0, 0, 1, 0, 0, 0, 1, 1, 0, 2, 0, 0, 0, 0, 0, 0, 0, 2, 0, 0, 1, 0, 0, 2, 0, 0, 3, 0, 0, 1, 0, 3, 0, 0, 0, 0, 3, 0, 0, 0, 0, 2, 1, 0, 0, 2, 1, 2],919.0497895854953,51847.77047172447,110973.80723209208,false
11,G3_TWC,G3_TWC,[31, 22, 82, 15, 26, 9, 95, 42, 77, 12, 47, 5, 93, 78, 86, 54, 85, 63, 18, 44, 20, 35, 43, 97, 91, 76, 10, 30, 21, 45, 71, 64, 1, 23, 17, 83, 24, 14, 60, 36, 41, 57, 40, 88, 65, 56, 79, 94, 67, 68, 46, 75, 38, 58, 19, 32, 81, 6, 27, 62, 87, 90, 99, 59, 11, 16, 72, 73, 69, 39, 37, 84, 3, 92, 25, 55, 28, 29, 51, 7, 66, 61, 98, 48, 89, 8, 33, 96, 53, 80, 50, 4, 34, 2, 52, 13, 0, 70, 74, 49]|[1, 1, 0, 1, 1, 0, 1, 2, 2, 1, 2, 2, 2, 1, 1, 0, 0, 1, 0, 2, 2, 0, 1, 2, 0, 1, 2, 2, 0, 0, 1, 2, 1, 2, 1, 0, 2, 0, 1, 1, 0, 1, 1, 1, 0, 2, 1, 1, 0, 0, 0, 0, 1, 1, 2, 1, 2, 0, 0, 0, 2, 1, 0, 1, 2, 1, 2, 1, 1, 1, 1, 1, 1, 0, 1, 1, 0, 0, 0, 1, 2, 1, 2, 0, 1, 0, 2, 0, 0, 0, 0, 0, 2, 0, 1, 0, 0, 1, 2, 0]|[4, 3, 2, 2, 4, 1, 2, 2, 2, 4, 1, 1, 2, 4, 4, 1, 2, 4, 2, 1, 1, 1, 1, 2, 1, 2, 1, 1, 1, 1, 3, 2, 3, 0, 4, 0, 1, 1, 0, 3, 2, 2, 2, 0, 1, 1, 0, 4, 0, 1, 2, 2, 1, 4, 0, 3, 2, 1, 1, 2, 1, 3, 1, 1, 1, 3, 0, 4, 3, 1, 4, 1, 1, 0, 4, 4, 2, 1, 1, 1, 1, 3, 1, 1, 1, 1, 1, 1, 2, 1, 1, 2, 1, 2, 1, 2, 2, 4, 1, 1]|[0, 2, 1, 1, 3, 0, 1, 0, 0, 0, 0, 0, 1, 0, 1, 0, 0, 3, 1, 0, 0, 0, 3, 1, 0, 2, 0, 0, 0, 1, 0, 0, 0, 0, 3, 0, 1, 0, 0, 2, 1, 1, 1, 0, 0, 0, 0, 2, 1, 0, 0, 0, 1, 3, 0, 0, 1, 0, 0, 1, 0, 2, 0, 1, 0, 2, 1, 0, 0, 1, 1, 3, 1, 1, 3, 3, 1, 0, 0, 2, 0, 0, 0, 0, 1, 0, 0, 0, 1, 0, 0, 1, 0, 0, 1, 0, 0, 2, 0, 1],828.6150361188287,57498.909092636255,92558.71763620913,false
11,G1_CMAX,G1_CMAX,[31, 22, 82, 15, 26, 9, 95, 42, 77, 12, 47, 5, 93, 78, 86, 54, 6, 63, 18, 44, 20, 35, 43, 97, 91, 76, 10, 30, 21, 45, 64, 1, 23, 17, 83, 24, 14, 60, 36, 13, 75, 46, 68, 67, 69, 79, 56, 65, 88, 40, 57, 85, 58, 19, 32, 81, 48, 27, 62, 87, 90, 99, 59, 11, 16, 72, 73, 71, 70, 39, 37, 84, 3, 98, 29, 28, 55, 25, 92, 7, 33, 61, 53, 41, 89, 50, 8, 96, 51, 80, 34, 4, 66, 2, 52, 49, 0, 94, 74, 38]|[1, 1, 0, 1, 1, 0, 1, 2, 2, 1, 2, 2, 2, 1, 1, 0, 0, 1, 0, 2, 2, 0, 1, 2, 0, 1, 2, 2, 0, 0, 2, 1, 2, 1, 0, 2, 2, 1, 1, 0, 0, 0, 0, 0, 2, 1, 2, 0, 1, 1, 1, 0, 1, 2, 1, 2, 1, 0, 0, 2, 1, 0, 1, 2, 1, 2, 1, 1, 1, 1, 1, 1, 1, 0, 0, 0, 1, 1, 0, 1, 0, 1, 0, 1, 1, 0, 1, 0, 0, 0, 2, 1, 2, 0, 1, 0, 0, 2, 2, 1]|[0, 3, 2, 2, 4, 1, 2, 2, 2, 4, 1, 1, 2, 4, 4, 1, 2, 4, 2, 1, 1, 1, 1, 2, 1, 2, 1, 1, 1, 1, 2, 3, 0, 4, 0, 1, 2, 0, 3, 2, 2, 2, 1, 0, 2, 0, 1, 1, 0, 2, 2, 2, 0, 0, 3, 2, 4, 1, 2, 2, 3, 1, 1, 1, 3, 0, 4, 3, 3, 1, 4, 1, 1, 1, 1, 2, 4, 4, 0, 1, 2, 3, 2, 4, 1, 1, 3, 1, 1, 1, 1, 4, 1, 2, 1, 1, 2, 2, 1, 1]|[0, 2, 1, 1, 3, 0, 1, 0, 0, 0, 0, 0, 1, 0, 1, 0, 1, 3, 1, 0, 0, 0, 3, 1, 0, 2, 0, 0, 0, 1, 0, 0, 0, 3, 0, 1, 1, 0, 2, 0, 0, 0, 0, 1, 0, 0, 0, 0, 0, 1, 1, 0, 3, 0, 0, 1, 2, 0, 1, 0, 2, 0, 1, 0, 2, 1, 0, 0, 0, 1, 1, 3, 1, 0, 0, 1, 3, 3, 1, 2, 1, 0, 1, 3, 1, 0, 2, 0, 0, 0, 0, 0, 0, 0, 1, 1, 0, 0, 0, 1],740.6648699319737,58345.503832923176,99227.13002615936,false
11,G4_BALANCED,G2_TEC,[31, 11, 82, 15, 26, 9, 95, 42, 77, 68, 47, 5, 93, 78, 86, 54, 85, 63, 18, 44, 20, 49, 36, 14, 74, 50, 53, 17, 21, 45, 71, 64, 3, 23, 30, 83, 24, 41, 60, 52, 65, 27, 90, 70, 39, 87, 48, 69, 99, 4, 46, 1, 13, 58, 97, 59, 28, 8, 73, 37, 35, 79, 22, 66, 76, 57, 40, 80, 96, 6, 16, 61, 33, 98, 32, 81, 62, 67, 10, 7, 56, 88, 51, 19, 91, 38, 75, 92, 25, 84, 2, 55, 12, 43, 34, 29, 0, 94, 89, 72]|[2, 1, 2, 1, 1, 2, 1, 1, 1, 1, 1, 0, 2, 2, 1, 2, 0, 0, 0, 2, 2, 1, 0, 2, 0, 2, 2, 1, 0, 1, 1, 1, 0, 0, 1, 0, 2, 1, 2, 2, 0, 0, 1, 1, 0, 2, 0, 2, 1, 0, 0, 2, 0, 0, 2, 0, 2, 1, 0, 0, 2, 1, 1, 2, 2, 0, 2, 2, 0, 1, 2, 1, 1, 0, 0, 1, 1, 1, 1, 2, 2, 1, 1, 1, 1, 0, 0, 0, 1, 0, 2, 0, 1, 1, 1, 0, 0, 1, 1, 1]|[0, 3, 0, 2, 4, 1, 4, 4, 2, 4, 3, 2, 1, 0, 2, 1, 1, 1, 2, 1, 1, 3, 0, 1, 0, 1, 1, 4, 1, 4, 3, 2, 2, 0, 4, 1, 1, 4, 0, 1, 2, 1, 4, 4, 1, 1, 0, 2, 3, 2, 2, 1, 2, 1, 1, 2, 0, 3, 0, 2, 2, 3, 3, 0, 1, 2, 0, 1, 2, 4, 1, 3, 4, 2, 2, 4, 3, 3, 3, 1, 1, 4, 3, 4, 3, 2, 2, 2, 4, 2, 1, 2, 3, 4, 1, 2, 2, 4, 4, 4]|[0, 2, 0, 1, 3, 0, 1, 3, 0, 0, 2, 0, 1, 0, 1, 0, 0, 0, 1, 0, 0, 2, 0, 0, 1, 0, 0, 3, 0, 1, 0, 2, 0, 0, 3, 0, 1, 3, 1, 0, 0, 0, 1, 3, 0, 0, 1, 0, 2, 0, 0, 0, 0, 0, 1, 0, 0, 0, 1, 1, 0, 2, 2, 0, 0, 0, 0, 0, 0, 2, 0, 0, 1, 0, 0, 2, 0, 0, 3, 0, 0, 1, 0, 3, 0, 0, 0, 0, 3, 0, 0, 0, 0, 2, 1, 0, 0, 2, 1, 2],947.0324364364093,51658.33709154986,111860.19689384053,true
11,G2_TEC,G2_TEC,[31, 22, 82, 15, 26, 9, 95, 42, 77, 68, 47, 5, 93, 78, 86, 54, 85, 63, 18, 44, 20, 49, 36, 14, 74, 50, 53, 17, 21, 45, 71, 64, 3, 23, 30, 83, 24, 41, 60, 52, 65, 27, 90, 70, 39, 87, 48, 69, 99, 4, 46, 1, 13, 58, 97, 59, 28, 8, 73, 37, 35, 79, 11, 66, 76, 57, 40, 80, 96, 6, 16, 61, 33, 98, 32, 81, 62, 67, 10, 7, 56, 88, 51, 19, 91, 38, 75, 92, 25, 84, 2, 12, 29, 43, 34, 0, 55, 72, 89, 94]|[2, 1, 2, 1, 1, 2, 1, 1, 1, 1, 1, 0, 2, 2, 1, 2, 0, 0, 0, 2, 2, 1, 0, 2, 0, 2, 2, 1, 0, 1, 1, 1, 0, 0, 1, 0, 2, 1, 2, 2, 0, 0, 1, 1, 0, 2, 0, 2, 1, 0, 0, 2, 0, 0, 2, 0, 2, 1, 0, 0, 2, 1, 0, 2, 2, 0, 2, 2, 0, 1, 2, 1, 1, 0, 0, 1, 1, 1, 1, 2, 2, 1, 1, 1, 1, 0, 0, 0, 1, 0, 2, 1, 1, 1, 1, 0, 0, 1, 1, 1]|[0, 3, 0, 2, 4, 1, 4, 4, 2, 4, 3, 2, 1, 0, 2, 1, 1, 1, 2, 1, 1, 3, 0, 1, 0, 1, 1, 4, 1, 4, 3, 2, 2, 0, 4, 1, 1, 4, 0, 1, 2, 1, 4, 4, 1, 1, 0, 2, 3, 1, 2, 1, 2, 1, 1, 2, 0, 3, 0, 2, 2, 3, 1, 0, 1, 2, 0, 1, 2, 4, 1, 3, 4, 2, 2, 4, 3, 3, 3, 1, 1, 4, 3, 4, 3, 2, 2, 2, 4, 2, 1, 3, 3, 4, 1, 2, 2, 4, 4, 4]|[0, 2, 0, 1, 3, 0, 1, 3, 0, 0, 2, 0, 1, 0, 1, 0, 0, 0, 1, 0, 0, 2, 0, 0, 1, 0, 0, 3, 0, 1, 0, 2, 0, 0, 3, 0, 1, 3, 1, 0, 0, 0, 1, 3, 0, 0, 1, 0, 2, 0, 0, 0, 0, 0, 1, 0, 0, 0, 1, 1, 0, 2, 0, 0, 0, 0, 0, 0, 0, 2, 0, 0, 1, 0, 0, 2, 0, 0, 3, 0, 0, 1, 0, 3, 0, 0, 0, 0, 3, 0, 0, 0, 0, 2, 1, 0, 0, 2, 1, 2],919.0497895854953,51847.77047172447,110973.80723209208,false
11,G3_TWC,G4_BALANCED,[31, 22, 82, 15, 26, 58, 95, 42, 77, 12, 47, 5, 93, 78, 86, 54, 85, 63, 18, 44, 20, 35, 43, 97, 91, 76, 10, 30, 21, 45, 71, 64, 1, 23, 17, 83, 24, 14, 60, 36, 6, 57, 40, 88, 65, 56, 79, 94, 67, 68, 46, 75, 38, 9, 19, 32, 81, 41, 27, 62, 87, 90, 99, 59, 11, 16, 72, 73, 70, 39, 37, 84, 3, 92, 25, 34, 28, 29, 51, 7, 66, 61, 98, 48, 89, 50, 33, 96, 80, 53, 55, 4, 8, 2, 52, 13, 0, 69, 74, 49]|[1, 1, 0, 1, 1, 0, 1, 2, 2, 1, 2, 2, 2, 1, 1, 0, 0, 1, 0, 2, 2, 0, 1, 2, 0, 1, 2, 2, 0, 0, 1, 2, 1, 2, 1, 0, 2, 0, 1, 1, 0, 1, 1, 1, 0, 2, 1, 1, 0, 0, 0, 0, 1, 1, 2, 1, 2, 0, 0, 0, 2, 1, 0, 1, 2, 1, 2, 1, 1, 1, 1, 1, 1, 0, 1, 2, 0, 0, 0, 1, 2, 1, 2, 0, 1, 0, 0, 2, 0, 0, 2, 1, 0, 0, 1, 0, 0, 1, 2, 0]|[4, 3, 2, 2, 4, 1, 2, 2, 2, 4, 1, 1, 2, 4, 4, 1, 2, 4, 2, 1, 1, 1, 1, 2, 1, 2, 1, 1, 1, 1, 3, 2, 3, 1, 4, 0, 1, 1, 0, 3, 1, 2, 2, 0, 1, 1, 0, 4, 0, 1, 2, 2, 1, 4, 0, 3, 2, 1, 1, 2, 1, 3, 1, 1, 1, 3, 0, 4, 3, 1, 4, 1, 1, 0, 4, 1, 2, 1, 1, 1, 1, 3, 1, 1, 1, 1, 2, 1, 1, 2, 1, 4, 1, 2, 1, 2, 2, 4, 1, 1]|[0, 2, 1, 1, 3, 0, 1, 0, 0, 0, 0, 0, 1, 0, 1, 0, 0, 3, 1, 0, 0, 0, 3, 1, 0, 2, 0, 0, 0, 1, 0, 0, 0, 0, 3, 0, 1, 0, 0, 2, 0, 1, 1, 0, 0, 0, 0, 2, 1, 0, 0, 0, 1, 3, 0, 0, 1, 0, 0, 1, 0, 2, 0, 1, 0, 2, 1, 0, 0, 1, 1, 3, 1, 1, 3, 0, 1, 0, 0, 2, 0, 0, 0, 0, 1, 0, 1, 0, 0, 1, 0, 0, 0, 0, 1, 0, 0, 2, 0, 1],804.5299863633546,56274.88346527526,96757.99035252367,true
11,G1_CMAX,G1_CMAX,[31, 22, 82, 15, 26, 9, 95, 42, 77, 12, 47, 5, 93, 78, 86, 54, 6, 63, 18, 44, 20, 35, 43, 97, 91, 76, 10, 30, 21, 45, 64, 1, 23, 17, 83, 24, 14, 60, 36, 13, 75, 46, 68, 67, 69, 79, 56, 65, 88, 40, 57, 85, 58, 19, 32, 81, 48, 27, 62, 87, 90, 99, 59, 11, 16, 72, 73, 71, 70, 39, 37, 84, 3, 98, 29, 28, 55, 25, 92, 7, 33, 61, 53, 41, 89, 50, 8, 96, 51, 80, 34, 4, 66, 2, 52, 49, 0, 94, 74, 38]|[1, 1, 0, 1, 1, 0, 1, 2, 2, 1, 2, 2, 2, 1, 1, 0, 0, 1, 0, 2, 2, 0, 1, 2, 0, 1, 2, 2, 0, 0, 2, 1, 2, 1, 0, 2, 2, 1, 1, 0, 0, 0, 0, 0, 2, 1, 2, 0, 1, 1, 1, 0, 1, 2, 1, 2, 1, 0, 0, 2, 1, 0, 1, 2, 1, 2, 1, 1, 1, 1, 1, 1, 1, 0, 0, 0, 1, 1, 0, 1, 0, 1, 0, 1, 1, 0, 1, 0, 0, 0, 2, 1, 2, 0, 1, 0, 0, 2, 2, 1]|[0, 3, 2, 2, 4, 1, 2, 2, 2, 4, 1, 1, 2, 4, 4, 1, 2, 4, 2, 1, 1, 1, 1, 2, 1, 2, 1, 1, 1, 1, 2, 3, 0, 4, 0, 1, 2, 0, 3, 2, 2, 2, 1, 0, 2, 0, 1, 1, 0, 2, 2, 2, 0, 0, 3, 2, 4, 1, 2, 2, 3, 1, 1, 1, 3, 0, 4, 3, 3, 1, 4, 1, 1, 1, 1, 2, 4, 4, 0, 1, 2, 3, 2, 4, 1, 1, 3, 1, 1, 1, 1, 4, 1, 2, 1, 1, 2, 2, 1, 1]|[0, 2, 1, 1, 3, 0, 1, 0, 0, 0, 0, 0, 1, 0, 1, 0, 1, 3, 1, 0, 0, 0, 3, 1, 0, 2, 0, 0, 0, 1, 0, 0, 0, 3, 0, 1, 1, 0, 2, 0, 0, 0, 0, 1, 0, 0, 0, 0, 0, 1, 1, 0, 3, 0, 0, 1, 2, 0, 1, 0, 2, 0, 1, 0, 2, 1, 0, 0, 0, 1, 1, 3, 1, 0, 0, 1, 3, 3, 1, 2, 1, 0, 1, 3, 1, 0, 2, 0, 0, 0, 0, 0, 0, 0, 1, 1, 0, 0, 0, 1],740.6648699319737,58345.503832923176,99227.13002615936,false
11,G4_BALANCED,G2_TEC,[31, 11, 82, 15, 26, 9, 95, 42, 77, 68, 47, 5, 93, 78, 86, 54, 85, 63, 18, 44, 20, 49, 36, 14, 74, 50, 53, 17, 21, 45, 71, 64, 3, 23, 30, 83, 24, 41, 60, 52, 65, 27, 90, 70, 39, 87, 48, 69, 99, 4, 46, 1, 13, 58, 97, 59, 28, 8, 73, 37, 35, 79, 22, 66, 76, 57, 40, 80, 96, 6, 16, 61, 33, 98, 32, 81, 62, 67, 10, 7, 56, 88, 51, 19, 91, 38, 75, 92, 25, 84, 2, 55, 12, 43, 34, 29, 0, 94, 89, 72]|[2, 1, 2, 1, 1, 2, 1, 1, 1, 1, 1, 0, 2, 2, 1, 2, 0, 0, 0, 2, 2, 1, 0, 2, 0, 2, 2, 1, 0, 1, 1, 1, 0, 0, 1, 0, 2, 1, 2, 2, 0, 0, 1, 1, 0, 2, 0, 2, 1, 0, 0, 2, 0, 0, 2, 0, 2, 1, 0, 0, 2, 1, 1, 2, 2, 0, 2, 2, 0, 1, 2, 1, 1, 0, 0, 1, 1, 1, 1, 2, 2, 1, 1, 1, 1, 0, 0, 0, 1, 0, 2, 0, 1, 1, 1, 0, 0, 1, 1, 1]|[0, 3, 0, 2, 4, 1, 4, 4, 2, 4, 3, 2, 1, 0, 2, 1, 1, 1, 2, 1, 1, 3, 0, 1, 0, 1, 1, 4, 1, 4, 3, 2, 2, 0, 4, 1, 1, 4, 0, 1, 2, 1, 4, 4, 1, 1, 0, 2, 3, 2, 2, 1, 2, 1, 1, 2, 0, 3, 0, 2, 2, 3, 3, 0, 1, 2, 0, 1, 2, 4, 1, 3, 4, 2, 2, 4, 3, 3, 3, 1, 1, 4, 3, 4, 3, 2, 2, 2, 4, 2, 1, 2, 3, 4, 1, 2, 2, 4, 4, 4]|[0, 2, 0, 1, 3, 0, 1, 3, 0, 0, 2, 0, 1, 0, 1, 0, 0, 0, 1, 0, 0, 2, 0, 0, 1, 0, 0, 3, 0, 1, 0, 2, 0, 0, 3, 0, 1, 3, 1, 0, 0, 0, 1, 3, 0, 0, 1, 0, 2, 0, 0, 0, 0, 0, 1, 0, 0, 0, 1, 1, 0, 2, 2, 0, 0, 0, 0, 0, 0, 2, 0, 0, 1, 0, 0, 2, 0, 0, 3, 0, 0, 1, 0, 3, 0, 0, 0, 0, 3, 0, 0, 0, 0, 2, 1, 0, 0, 2, 1, 2],947.0324364364093,51658.33709154986,111860.19689384053,true
11,G2_TEC,G2_TEC,[31, 22, 82, 15, 26, 9, 95, 42, 77, 68, 47, 5, 93, 78, 86, 54, 85, 63, 18, 44, 20, 49, 36, 14, 74, 50, 53, 17, 21, 45, 71, 64, 3, 23, 30, 83, 24, 41, 60, 52, 65, 27, 90, 70, 39, 87, 48, 69, 99, 4, 46, 1, 13, 58, 97, 59, 28, 8, 73, 37, 35, 79, 11, 66, 76, 57, 40, 80, 96, 6, 16, 61, 33, 98, 32, 81, 62, 67, 10, 7, 56, 88, 51, 19, 91, 38, 75, 92, 25, 84, 2, 12, 29, 43, 34, 0, 55, 72, 89, 94]|[2, 1, 2, 1, 1, 2, 1, 1, 1, 1, 1, 0, 2, 2, 1, 2, 0, 0, 0, 2, 2, 1, 0, 2, 0, 2, 2, 1, 0, 1, 1, 1, 0, 0, 1, 0, 2, 1, 2, 2, 0, 0, 1, 1, 0, 2, 0, 2, 1, 0, 0, 2, 0, 0, 2, 0, 2, 1, 0, 0, 2, 1, 0, 2, 2, 0, 2, 2, 0, 1, 2, 1, 1, 0, 0, 1, 1, 1, 1, 2, 2, 1, 1, 1, 1, 0, 0, 0, 1, 0, 2, 1, 1, 1, 1, 0, 0, 1, 1, 1]|[0, 3, 0, 2, 4, 1, 4, 4, 2, 4, 3, 2, 1, 0, 2, 1, 1, 1, 2, 1, 1, 3, 0, 1, 0, 1, 1, 4, 1, 4, 3, 2, 2, 0, 4, 1, 1, 4, 0, 1, 2, 1, 4, 4, 1, 1, 0, 2, 3, 1, 2, 1, 2, 1, 1, 2, 0, 3, 0, 2, 2, 3, 1, 0, 1, 2, 0, 1, 2, 4, 1, 3, 4, 2, 2, 4, 3, 3, 3, 1, 1, 4, 3, 4, 3, 2, 2, 2, 4, 2, 1, 3, 3, 4, 1, 2, 2, 4, 4, 4]|[0, 2, 0, 1, 3, 0, 1, 3, 0, 0, 2, 0, 1, 0, 1, 0, 0, 0, 1, 0, 0, 2, 0, 0, 1, 0, 0, 3, 0, 1, 0, 2, 0, 0, 3, 0, 1, 3, 1, 0, 0, 0, 1, 3, 0, 0, 1, 0, 2, 0, 0, 0, 0, 0, 1, 0, 0, 0, 1, 1, 0, 2, 0, 0, 0, 0, 0, 0, 0, 2, 0, 0, 1, 0, 0, 2, 0, 0, 3, 0, 0, 1, 0, 3, 0, 0, 0, 0, 3, 0, 0, 0, 0, 2, 1, 0, 0, 2, 1, 2],919.0497895854953,51847.77047172447,110973.80723209208,false
11,G3_TWC,G4_BALANCED,[31, 22, 82, 15, 26, 58, 95, 42, 77, 12, 47, 5, 93, 78, 86, 54, 85, 63, 18, 44, 20, 35, 43, 97, 91, 76, 10, 30, 21, 45, 71, 64, 1, 23, 17, 83, 24, 14, 60, 36, 6, 57, 40, 88, 65, 56, 79, 94, 67, 68, 46, 75, 38, 9, 19, 32, 81, 41, 27, 62, 87, 90, 99, 59, 11, 16, 72, 73, 70, 39, 37, 84, 3, 92, 25, 34, 28, 29, 51, 7, 66, 61, 98, 48, 89, 50, 33, 96, 80, 53, 55, 4, 8, 2, 52, 13, 0, 69, 74, 49]|[1, 1, 0, 1, 1, 0, 1, 2, 2, 1, 2, 2, 2, 1, 1, 0, 0, 1, 0, 2, 2, 0, 1, 2, 0, 1, 2, 2, 0, 0, 1, 2, 1, 2, 1, 0, 2, 0, 1, 1, 0, 1, 1, 1, 0, 2, 1, 1, 0, 0, 0, 0, 1, 1, 2, 1, 2, 0, 0, 0, 2, 1, 0, 1, 2, 1, 2, 1, 1, 1, 1, 1, 1, 0, 1, 2, 0, 0, 0, 1, 2, 1, 2, 0, 1, 0, 0, 2, 0, 0, 2, 1, 0, 0, 1, 0, 0, 1, 2, 0]|[4, 3, 2, 2, 4, 1, 2, 2, 2, 4, 1, 1, 2, 4, 4, 1, 2, 4, 2, 1, 1, 1, 1, 2, 1, 2, 1, 1, 1, 1, 3, 2, 3, 1, 4, 0, 1, 1, 0, 3, 1, 2, 2, 0, 1, 1, 0, 4, 0, 1, 2, 2, 1, 4, 0, 3, 2, 1, 1, 2, 1, 3, 1, 1, 1, 3, 0, 4, 3, 1, 4, 1, 1, 0, 4, 1, 2, 1, 1, 1, 1, 3, 1, 1, 1, 1, 2, 1, 1, 2, 1, 4, 1, 2, 1, 2, 2, 4, 1, 1]|[0, 2, 1, 1, 3, 0, 1, 0, 0, 0, 0, 0, 1, 0, 1, 0, 0, 3, 1, 0, 0, 0, 3, 1, 0, 2, 0, 0, 0, 1, 0, 0, 0, 0, 3, 0, 1, 0, 0, 2, 0, 1, 1, 0, 0, 0, 0, 2, 1, 0, 0, 0, 1, 3, 0, 0, 1, 0, 0, 1, 0, 2, 0, 1, 0, 2, 1, 0, 0, 1, 1, 3, 1, 1, 3, 0, 1, 0, 0, 2, 0, 0, 0, 0, 1, 0, 1, 0, 0, 1, 0, 0, 0, 0, 1, 0, 0, 2, 0, 1],804.5299863633546,56274.88346527526,96757.99035252367,true
11,G1_CMAX,G1_CMAX,[31, 22, 82, 15, 26, 9, 95, 42, 77, 12, 47, 5, 93, 78, 86, 54, 6, 63, 18, 44, 20, 35, 43, 97, 91, 76, 10, 30, 21, 45, 64, 1, 23, 17, 83, 24, 14, 60, 36, 13, 75, 46, 68, 67, 69, 79, 56, 65, 88, 40, 57, 85, 58, 19, 32, 81, 48, 27, 62, 87, 90, 99, 59, 11, 16, 72, 73, 71, 70, 39, 37, 84, 3, 98, 29, 28, 55, 25, 92, 7, 33, 61, 53, 41, 89, 50, 8, 96, 51, 80, 34, 4, 66, 2, 52, 49, 0, 94, 74, 38]|[1, 1, 0, 1, 1, 0, 1, 2, 2, 1, 2, 2, 2, 1, 1, 0, 0, 1, 0, 2, 2, 0, 1, 2, 0, 1, 2, 2, 0, 0, 2, 1, 2, 1, 0, 2, 2, 1, 1, 0, 0, 0, 0, 0, 2, 1, 2, 0, 1, 1, 1, 0, 1, 2, 1, 2, 1, 0, 0, 2, 1, 0, 1, 2, 1, 2, 1, 1, 1, 1, 1, 1, 1, 0, 0, 0, 1, 1, 0, 1, 0, 1, 0, 1, 1, 0, 1, 0, 0, 0, 2, 1, 2, 0, 1, 0, 0, 2, 2, 1]|[0, 3, 2, 2, 4, 1, 2, 2, 2, 4, 1, 1, 2, 4, 4, 1, 2, 4, 2, 1, 1, 1, 1, 2, 1, 2, 1, 1, 1, 1, 2, 3, 0, 4, 0, 1, 2, 0, 3, 2, 2, 2, 1, 0, 2, 0, 1, 1, 0, 2, 2, 2, 0, 0, 3, 2, 4, 1, 2, 2, 3, 1, 1, 1, 3, 0, 4, 3, 3, 1, 4, 1, 1, 1, 1, 2, 4, 4, 0, 1, 2, 3, 2, 4, 1, 1, 3, 1, 1, 1, 1, 4, 1, 2, 1, 1, 2, 2, 1, 1]|[0, 2, 1, 1, 3, 0, 1, 0, 0, 0, 0, 0, 1, 0, 1, 0, 1, 3, 1, 0, 0, 0, 3, 1, 0, 2, 0, 0, 0, 1, 0, 0, 0, 3, 0, 1, 1, 0, 2, 0, 0, 0, 0, 1, 0, 0, 0, 0, 0, 1, 1, 0, 3, 0, 0, 1, 2, 0, 1, 0, 2, 0, 1, 0, 2, 1, 0, 0, 0, 1, 1, 3, 1, 0, 0, 1, 3, 3, 1, 2, 1, 0, 1, 3, 1, 0, 2, 0, 0, 0, 0, 0, 0, 0, 1, 1, 0, 0, 0, 1],740.6648699319737,58345.503832923176,99227.13002615936,false
11,G4_BALANCED,G4_BALANCED,[31, 11, 82, 15, 26, 9, 95, 42, 77, 68, 47, 5, 93, 78, 86, 54, 85, 63, 18, 44, 20, 49, 36, 14, 74, 50, 53, 17, 21, 45, 71, 64, 3, 23, 30, 83, 24, 41, 60, 52, 65, 27, 90, 70, 39, 87, 48, 69, 99, 4, 46, 1, 13, 58, 97, 59, 28, 8, 73, 37, 35, 79, 22, 66, 76, 57, 40, 80, 96, 6, 16, 61, 33, 98, 32, 81, 62, 67, 10, 7, 56, 88, 51, 19, 91, 38, 75, 92, 25, 84, 2, 55, 12, 43, 34, 0, 89, 94, 29, 72]|[2, 1, 2, 1, 1, 2, 1, 1, 1, 1, 1, 0, 2, 2, 1, 2, 0, 0, 0, 2, 2, 1, 0, 2, 0, 2, 2, 1, 0, 1, 1, 1, 0, 0, 1, 0, 2, 1, 2, 2, 0, 0, 1, 1, 0, 2, 0, 2, 1, 0, 0, 2, 0, 0, 2, 0, 2, 1, 0, 0, 2, 1, 1, 2, 2, 0, 2, 2, 0, 1, 2, 1, 1, 0, 0, 1, 1, 1, 1, 2, 2, 1, 1, 1, 1, 0, 0, 0, 1, 0, 2, 0, 1, 1, 1, 0, 1, 1, 0, 1]|[0, 3, 0, 2, 4, 1, 4, 4, 2, 4, 3, 2, 1, 0, 2, 1, 1, 1, 2, 1, 1, 3, 0, 1, 0, 1, 1, 4, 1, 4, 3, 2, 2, 0, 4, 1, 1, 4, 0, 1, 2, 1, 4, 4, 1, 1, 0, 2, 3, 2, 2, 1, 2, 1, 1, 2, 0, 3, 0, 2, 2, 3, 3, 0, 1, 2, 0, 1, 2, 4, 1, 3, 4, 2, 2, 4, 3, 3, 3, 1, 1, 4, 3, 4, 3, 2, 2, 2, 4, 2, 1, 2, 3, 4, 1, 2, 4, 4, 2, 4]|[0, 2, 0, 1, 3, 0, 1, 3, 0, 0, 2, 0, 1, 0, 1, 0, 0, 0, 1, 0, 0, 2, 0, 0, 1, 0, 0, 3, 0, 1, 0, 2, 0, 0, 3, 0, 1, 3, 1, 0, 0, 0, 1, 3, 0, 0, 1, 0, 2, 0, 0, 0, 0, 0, 1, 0, 0, 0, 1, 1, 0, 2, 2, 0, 0, 0, 0, 0, 0, 2, 0, 0, 1, 0, 0, 2, 0, 0, 3, 0, 0, 1, 0, 3, 0, 0, 0, 0, 3, 0, 0, 0, 0, 2, 1, 0, 1, 2, 0, 2],945.7377281759241,51633.43952517229,111563.69272882934,false
11,G2_TEC,G2_TEC,[31, 22, 82, 15, 26, 9, 95, 42, 77, 68, 47, 5, 93, 78, 86, 54, 85, 63, 18, 44, 20, 49, 36, 14, 74, 50, 53, 17, 21, 45, 71, 64, 3, 23, 30, 83, 24, 41, 60, 52, 65, 27, 90, 70, 39, 87, 48, 69, 99, 4, 46, 1, 13, 58, 97, 59, 28, 8, 73, 37, 35, 79, 11, 66, 76, 57, 40, 80, 96, 6, 16, 61, 33, 98, 32, 81, 62, 67, 10, 7, 56, 88, 51, 19, 91, 38, 75, 92, 25, 84, 2, 12, 29, 43, 34, 0, 55, 72, 89, 94]|[2, 1, 2, 1, 1, 2, 1, 1, 1, 1, 1, 0, 2, 2, 1, 2, 0, 0, 0, 2, 2, 1, 0, 2, 0, 2, 2, 1, 0, 1, 1, 1, 0, 0, 1, 0, 2, 1, 2, 2, 0, 0, 1, 1, 0, 2, 0, 2, 1, 0, 0, 2, 0, 0, 2, 0, 2, 1, 0, 0, 2, 1, 0, 2, 2, 0, 2, 2, 0, 1, 2, 1, 1, 0, 0, 1, 1, 1, 1, 2, 2, 1, 1, 1, 1, 0, 0, 0, 1, 0, 2, 1, 1, 1, 1, 0, 0, 1, 1, 1]|[0, 3, 0, 2, 4, 1, 4, 4, 2, 4, 3, 2, 1, 0, 2, 1, 1, 1, 2, 1, 1, 3, 0, 1, 0, 1, 1, 4, 1, 4, 3, 2, 2, 0, 4, 1, 1, 4, 0, 1, 2, 1, 4, 4, 1, 1, 0, 2, 3, 1, 2, 1, 2, 1, 1, 2, 0, 3, 0, 2, 2, 3, 1, 0, 1, 2, 0, 1, 2, 4, 1, 3, 4, 2, 2, 4, 3, 3, 3, 1, 1, 4, 3, 4, 3, 2, 2, 2, 4, 2, 1, 3, 3, 4, 1, 2, 2, 4, 4, 4]|[0, 2, 0, 1, 3, 0, 1, 3, 0, 0, 2, 0, 1, 0, 1, 0, 0, 0, 1, 0, 0, 2, 0, 0, 1, 0, 0, 3, 0, 1, 0, 2, 0, 0, 3, 0, 1, 3, 1, 0, 0, 0, 1, 3, 0, 0, 1, 0, 2, 0, 0, 0, 0, 0, 1, 0, 0, 0, 1, 1, 0, 2, 0, 0, 0, 0, 0, 0, 0, 2, 0, 0, 1, 0, 0, 2, 0, 0, 3, 0, 0, 1, 0, 3, 0, 0, 0, 0, 3, 0, 0, 0, 0, 2, 1, 0, 0, 2, 1, 2],919.0497895854953,51847.77047172447,110973.80723209208,false
11,G3_TWC,G4_BALANCED,[31, 22, 82, 15, 26, 58, 95, 42, 77, 12, 47, 5, 93, 78, 86, 54, 85, 63, 18, 44, 20, 35, 43, 97, 91, 76, 10, 30, 21, 45, 71, 64, 1, 23, 17, 83, 24, 14, 60, 36, 6, 57, 40, 88, 65, 56, 79, 94, 67, 68, 46, 75, 38, 9, 19, 32, 81, 41, 27, 62, 87, 90, 99, 59, 11, 16, 72, 73, 70, 39, 37, 84, 3, 92, 25, 34, 28, 29, 51, 7, 66, 61, 98, 48, 89, 50, 33, 96, 80, 53, 55, 4, 8, 2, 52, 13, 0, 69, 74, 49]|[1, 1, 0, 1, 1, 0, 1, 2, 2, 1, 2, 2, 2, 1, 1, 0, 0, 1, 0, 2, 2, 0, 1, 2, 0, 1, 2, 2, 0, 0, 1, 2, 1, 2, 1, 0, 2, 0, 1, 1, 0, 1, 1, 1, 0, 2, 1, 1, 0, 0, 0, 0, 1, 1, 2, 1, 2, 0, 0, 0, 2, 1, 0, 1, 2, 1, 2, 1, 1, 1, 1, 1, 1, 0, 1, 2, 0, 0, 0, 1, 2, 1, 2, 0, 1, 0, 0, 2, 0, 0, 2, 1, 0, 0, 1, 0, 0, 1, 2, 0]|[4, 3, 2, 2, 4, 1, 2, 2, 2, 4, 1, 1, 2, 4, 4, 1, 2, 4, 2, 1, 1, 1, 1, 2, 1, 2, 1, 1, 1, 1, 3, 2, 3, 1, 4, 0, 1, 1, 0, 3, 1, 2, 2, 0, 1, 1, 0, 4, 0, 1, 2, 2, 1, 4, 0, 3, 2, 1, 1, 2, 1, 3, 1, 1, 1, 3, 0, 4, 3, 1, 4, 1, 1, 0, 4, 1, 2, 1, 1, 1, 1, 3, 1, 1, 1, 1, 2, 1, 1, 2, 1, 4, 1, 2, 1, 2, 2, 4, 1, 1]|[0, 2, 1, 1, 3, 0, 1, 0, 0, 0, 0, 0, 1, 0, 1, 0, 0, 3, 1, 0, 0, 0, 3, 1, 0, 2, 0, 0, 0, 1, 0, 0, 0, 0, 3, 0, 1, 0, 0, 2, 0, 1, 1, 0, 0, 0, 0, 2, 1, 0, 0, 0, 1, 3, 0, 0, 1, 0, 0, 1, 0, 2, 0, 1, 0, 2, 1, 0, 0, 1, 1, 3, 1, 1, 3, 0, 1, 0, 0, 2, 0, 0, 0, 0, 1, 0, 1, 0, 0, 1, 0, 0, 0, 0, 1, 0, 0, 2, 0, 1],804.5299863633546,56274.88346527526,96757.99035252367,true
11,G1_CMAX,G1_CMAX,[31, 22, 82, 15, 26, 9, 95, 42, 77, 12, 47, 5, 93, 78, 86, 54, 6, 63, 18, 44, 20, 35, 43, 97, 91, 76, 10, 30, 21, 45, 64, 1, 23, 17, 83, 24, 14, 60, 36, 13, 75, 46, 68, 67, 69, 79, 56, 65, 88, 40, 57, 85, 58, 19, 32, 81, 48, 27, 62, 87, 90, 99, 59, 11, 16, 72, 73, 71, 70, 39, 37, 84, 3, 98, 29, 28, 55, 25, 92, 7, 33, 61, 53, 41, 89, 50, 8, 96, 51, 80, 34, 4, 66, 2, 52, 49, 0, 94, 74, 38]|[1, 1, 0, 1, 1, 0, 1, 2, 2, 1, 2, 2, 2, 1, 1, 0, 0, 1, 0, 2, 2, 0, 1, 2, 0, 1, 2, 2, 0, 0, 2, 1, 2, 1, 0, 2, 2, 1, 1, 0, 0, 0, 0, 0, 2, 1, 2, 0, 1, 1, 1, 0, 1, 2, 1, 2, 1, 0, 0, 2, 1, 0, 1, 2, 1, 2, 1, 1, 1, 1, 1, 1, 1, 0, 0, 0, 1, 1, 0, 1, 0, 1, 0, 1, 1, 0, 1, 0, 0, 0, 2, 1, 2, 0, 1, 0, 0, 2, 2, 1]|[0, 3, 2, 2, 4, 1, 2, 2, 2, 4, 1, 1, 2, 4, 4, 1, 2, 4, 2, 1, 1, 1, 1, 2, 1, 2, 1, 1, 1, 1, 2, 3, 0, 4, 0, 1, 2, 0, 3, 2, 2, 2, 1, 0, 2, 0, 1, 1, 0, 2, 2, 2, 0, 0, 3, 2, 4, 1, 2, 2, 3, 1, 1, 1, 3, 0, 4, 3, 3, 1, 4, 1, 1, 1, 1, 2, 4, 4, 0, 1, 2, 3, 2, 4, 1, 1, 3, 1, 1, 1, 1, 4, 1, 2, 1, 1, 2, 2, 1, 1]|[0, 2, 1, 1, 3, 0, 1, 0, 0, 0, 0, 0, 1, 0, 1, 0, 1, 3, 1, 0, 0, 0, 3, 1, 0, 2, 0, 0, 0, 1, 0, 0, 0, 3, 0, 1, 1, 0, 2, 0, 0, 0, 0, 1, 0, 0, 0, 0, 0, 1, 1, 0, 3, 0, 0, 1, 2, 0, 1, 0, 2, 0, 1, 0, 2, 1, 0, 0, 0, 1, 1, 3, 1, 0, 0, 1, 3, 3, 1, 2, 1, 0, 1, 3, 1, 0, 2, 0, 0, 0, 0, 0, 0, 0, 1, 1, 0, 0, 0, 1],740.6648699319737,58345.503832923176,99227.13002615936,false
11,G4_BALANCED,G4_BALANCED,[31, 11, 82, 15, 26, 9, 95, 42, 77, 68, 47, 5, 93, 78, 86, 54, 85, 63, 18, 44, 20, 49, 36, 14, 74, 50, 53, 17, 21, 45, 71, 64, 3, 23, 30, 83, 24, 41, 60, 52, 65, 27, 90, 70, 39, 87, 48, 69, 99, 4, 46, 1, 13, 58, 97, 59, 28, 8, 73, 37, 35, 79, 22, 66, 76, 57, 40, 80, 96, 6, 16, 61, 33, 98, 32, 81, 62, 67, 10, 7, 56, 88, 51, 19, 91, 38, 75, 92, 25, 84, 2, 55, 12, 43, 34, 0, 89, 94, 29, 72]|[2, 1, 2, 1, 1, 2, 1, 1, 1, 1, 1, 0, 2, 2, 1, 2, 0, 0, 0, 2, 2, 1, 0, 2, 0, 2, 2, 1, 0, 1, 1, 1, 0, 0, 1, 0, 2, 1, 2, 2, 0, 0, 1, 1, 0, 2, 0, 2, 1, 0, 0, 2, 0, 0, 2, 0, 2, 1, 0, 0, 2, 1, 1, 2, 2, 0, 2, 2, 0, 1, 2, 1, 1, 0, 0, 1, 1, 1, 1, 2, 2, 1, 1, 1, 1, 0, 0, 0, 1, 0, 2, 0, 1, 1, 1, 0, 1, 1, 0, 1]|[0, 3, 0, 2, 4, 1, 4, 4, 2, 4, 3, 2, 1, 0, 2, 1, 1, 1, 2, 1, 1, 3, 0, 1, 0, 1, 1, 4, 1, 4, 3, 2, 2, 0, 4, 1, 1, 4, 0, 1, 2, 1, 4, 4, 1, 1, 0, 2, 3, 2, 2, 1, 2, 1, 1, 2, 0, 3, 0, 2, 2, 3, 3, 0, 1, 2, 0, 1, 2, 4, 1, 3, 4, 2, 2, 4, 3, 3, 3, 1, 1, 4, 3, 4, 3, 2, 2, 2, 4, 2, 1, 2, 3, 4, 1, 2, 4, 4, 2, 4]|[0, 2, 0, 1, 3, 0, 1, 3, 0, 0, 2, 0, 1, 0, 1, 0, 0, 0, 1, 0, 0, 2, 0, 0, 1, 0, 0, 3, 0, 1, 0, 2, 0, 0, 3, 0, 1, 3, 1, 0, 0, 0, 1, 3, 0, 0, 1, 0, 2, 0, 0, 0, 0, 0, 1, 0, 0, 0, 1, 1, 0, 2, 2, 0, 0, 0, 0, 0, 0, 2, 0, 0, 1, 0, 0, 2, 0, 0, 3, 0, 0, 1, 0, 3, 0, 0, 0, 0, 3, 0, 0, 0, 0, 2, 1, 0, 1, 2, 0, 2],945.7377281759241,51633.43952517229,111563.69272882934,false
11,G2_TEC,G2_TEC,[31, 22, 82, 15, 26, 9, 95, 42, 77, 68, 47, 5, 93, 78, 86, 54, 85, 63, 18, 44, 20, 49, 36, 14, 74, 50, 53, 17, 21, 45, 71, 64, 3, 23, 30, 83, 24, 41, 60, 52, 65, 27, 90, 70, 39, 87, 48, 69, 99, 4, 46, 1, 13, 58, 97, 59, 28, 8, 73, 37, 35, 79, 11, 66, 76, 57, 40, 80, 96, 6, 16, 61, 33, 98, 32, 81, 62, 67, 10, 7, 56, 88, 51, 19, 91, 38, 75, 92, 25, 84, 2, 12, 29, 43, 34, 0, 55, 72, 89, 94]|[2, 1, 2, 1, 1, 2, 1, 1, 1, 1, 1, 0, 2, 2, 1, 2, 0, 0, 0, 2, 2, 1, 0, 2, 0, 2, 2, 1, 0, 1, 1, 1, 0, 0, 1, 0, 2, 1, 2, 2, 0, 0, 1, 1, 0, 2, 0, 2, 1, 0, 0, 2, 0, 0, 2, 0, 2, 1, 0, 0, 2, 1, 0, 2, 2, 0, 2, 2, 0, 1, 2, 1, 1, 0, 0, 1, 1, 1, 1, 2, 2, 1, 1, 1, 1, 0, 0, 0, 1, 0, 2, 1, 1, 1, 1, 0, 0, 1, 1, 1]|[0, 3, 0, 2, 4, 1, 4, 4, 2, 4, 3, 2, 1, 0, 2, 1, 1, 1, 2, 1, 1, 3, 0, 1, 0, 1, 1, 4, 1, 4, 3, 2, 2, 0, 4, 1, 1, 4, 0, 1, 2, 1, 4, 4, 1, 1, 0, 2, 3, 1, 2, 1, 2, 1, 1, 2, 0, 3, 0, 2, 2, 3, 1, 0, 1, 2, 0, 1, 2, 4, 1, 3, 4, 2, 2, 4, 3, 3, 3, 1, 1, 4, 3, 4, 3, 2, 2, 2, 4, 2, 1, 3, 3, 4, 1, 2, 2, 4, 4, 4]|[0, 2, 0, 1, 3, 0, 1, 3, 0, 0, 2, 0, 1, 0, 1, 0, 0, 0, 1, 0, 0, 2, 0, 0, 1, 0, 0, 3, 0, 1, 0, 2, 0, 0, 3, 0, 1, 3, 1, 0, 0, 0, 1, 3, 0, 0, 1, 0, 2, 0, 0, 0, 0, 0, 1, 0, 0, 0, 1, 1, 0, 2, 0, 0, 0, 0, 0, 0, 0, 2, 0, 0, 1, 0, 0, 2, 0, 0, 3, 0, 0, 1, 0, 3, 0, 0, 0, 0, 3, 0, 0, 0, 0, 2, 1, 0, 0, 2, 1, 2],919.0497895854953,51847.77047172447,110973.80723209208,false
11,G3_TWC,G4_BALANCED,[31, 22, 82, 15, 26, 58, 95, 42, 77, 12, 47, 5, 93, 78, 86, 54, 85, 63, 18, 44, 20, 35, 43, 97, 91, 76, 10, 30, 21, 45, 71, 64, 1, 23, 17, 83, 24, 14, 60, 36, 6, 57, 40, 88, 65, 56, 79, 94, 67, 68, 46, 75, 38, 9, 19, 32, 81, 41, 27, 62, 87, 90, 99, 59, 11, 16, 72, 73, 70, 39, 37, 84, 3, 92, 25, 34, 28, 29, 51, 7, 66, 61, 98, 48, 89, 50, 33, 96, 80, 53, 55, 4, 8, 2, 52, 13, 0, 69, 74, 49]|[1, 1, 0, 1, 1, 0, 1, 2, 2, 1, 2, 2, 2, 1, 1, 0, 0, 1, 0, 2, 2, 0, 1, 2, 0, 1, 2, 2, 0, 0, 1, 2, 1, 2, 1, 0, 2, 0, 1, 1, 0, 1, 1, 1, 0, 2, 1, 1, 0, 0, 0, 0, 1, 1, 2, 1, 2, 0, 0, 0, 2, 1, 0, 1, 2, 1, 2, 1, 1, 1, 1, 1, 1, 0, 1, 2, 0, 0, 0, 1, 2, 1, 2, 0, 1, 0, 0, 2, 0, 0, 2, 1, 0, 0, 1, 0, 0, 1, 2, 0]|[4, 3, 2, 2, 4, 1, 2, 2, 2, 4, 1, 1, 2, 4, 4, 1, 2, 4, 2, 1, 1, 1, 1, 2, 1, 2, 1, 1, 1, 1, 3, 2, 3, 1, 4, 0, 1, 1, 0, 3, 1, 2, 2, 0, 1, 1, 0, 4, 0, 1, 2, 2, 1, 4, 0, 3, 2, 1, 1, 2, 1, 3, 1, 1, 1, 3, 0, 4, 3, 1, 4, 1, 1, 0, 4, 1, 2, 1, 1, 1, 1, 3, 1, 1, 1, 1, 2, 1, 1, 2, 1, 4, 1, 2, 1, 2, 2, 4, 1, 1]|[0, 2, 1, 1, 3, 0, 1, 0, 0, 0, 0, 0, 1, 0, 1, 0, 0, 3, 1, 0, 0, 0, 3, 1, 0, 2, 0, 0, 0, 1, 0, 0, 0, 0, 3, 0, 1, 0, 0, 2, 0, 1, 1, 0, 0, 0, 0, 2, 1, 0, 0, 0, 1, 3, 0, 0, 1, 0, 0, 1, 0, 2, 0, 1, 0, 2, 1, 0, 0, 1, 1, 3, 1, 1, 3, 0, 1, 0, 0, 2, 0, 0, 0, 0, 1, 0, 1, 0, 0, 1, 0, 0, 0, 0, 1, 0, 0, 2, 0, 1],804.5299863633546,56274.88346527526,96757.99035252367,true
11,G1_CMAX,G1_CMAX,[31, 22, 82, 15, 26, 9, 95, 42, 77, 12, 47, 5, 93, 78, 86, 54, 6, 63, 18, 44, 20, 35, 43, 97, 91, 76, 10, 30, 21, 45, 64, 1, 23, 17, 83, 24, 14, 60, 36, 13, 75, 46, 68, 67, 69, 79, 56, 65, 88, 40, 57, 85, 58, 19, 32, 81, 48, 27, 62, 87, 90, 99, 59, 11, 16, 72, 73, 71, 70, 39, 37, 84, 3, 98, 29, 28, 55, 25, 92, 7, 33, 61, 53, 41, 89, 50, 8, 96, 51, 80, 34, 4, 66, 2, 52, 49, 0, 94, 74, 38]|[1, 1, 0, 1, 1, 0, 1, 2, 2, 1, 2, 2, 2, 1, 1, 0, 0, 1, 0, 2, 2, 0, 1, 2, 0, 1, 2, 2, 0, 0, 2, 1, 2, 1, 0, 2, 2, 1, 1, 0, 0, 0, 0, 0, 2, 1, 2, 0, 1, 1, 1, 0, 1, 2, 1, 2, 1, 0, 0, 2, 1, 0, 1, 2, 1, 2, 1, 1, 1, 1, 1, 1, 1, 0, 0, 0, 1, 1, 0, 1, 0, 1, 0, 1, 1, 0, 1, 0, 0, 0, 2, 1, 2, 0, 1, 0, 0, 2, 2, 1]|[0, 3, 2, 2, 4, 1, 2, 2, 2, 4, 1, 1, 2, 4, 4, 1, 2, 4, 2, 1, 1, 1, 1, 2, 1, 2, 1, 1, 1, 1, 2, 3, 0, 4, 0, 1, 2, 0, 3, 2, 2, 2, 1, 0, 2, 0, 1, 1, 0, 2, 2, 2, 0, 0, 3, 2, 4, 1, 2, 2, 3, 1, 1, 1, 3, 0, 4, 3, 3, 1, 4, 1, 1, 1, 1, 2, 4, 4, 0, 1, 2, 3, 2, 4, 1, 1, 3, 1, 1, 1, 1, 4, 1, 2, 1, 1, 2, 2, 1, 1]|[0, 2, 1, 1, 3, 0, 1, 0, 0, 0, 0, 0, 1, 0, 1, 0, 1, 3, 1, 0, 0, 0, 3, 1, 0, 2, 0, 0, 0, 1, 0, 0, 0, 3, 0, 1, 1, 0, 2, 0, 0, 0, 0, 1, 0, 0, 0, 0, 0, 1, 1, 0, 3, 0, 0, 1, 2, 0, 1, 0, 2, 0, 1, 0, 2, 1, 0, 0, 0, 1, 1, 3, 1, 0, 0, 1, 3, 3, 1, 2, 1, 0, 1, 3, 1, 0, 2, 0, 0, 0, 0, 0, 0, 0, 1, 1, 0, 0, 0, 1],740.6648699319737,58345.503832923176,99227.13002615936,false
11,G4_BALANCED,G2_TEC,[31, 22, 82, 15, 26, 9, 95, 42, 77, 68, 47, 5, 93, 78, 86, 54, 85, 63, 18, 44, 20, 49, 36, 14, 74, 50, 53, 17, 21, 28, 71, 64, 3, 23, 30, 83, 24, 41, 60, 52, 65, 27, 90, 70, 39, 87, 48, 69, 99, 4, 46, 1, 13, 58, 97, 59, 45, 8, 73, 37, 35, 79, 11, 66, 76, 57, 40, 80, 96, 6, 16, 61, 33, 98, 32, 81, 62, 67, 10, 7, 56, 88, 51, 19, 91, 38, 75, 92, 25, 84, 2, 12, 55, 43, 34, 29, 0, 94, 89, 72]|[2, 1, 2, 1, 1, 2, 1, 1, 1, 1, 1, 0, 2, 2, 1, 2, 0, 0, 0, 2, 2, 1, 0, 2, 0, 2, 2, 1, 0, 1, 1, 1, 0, 0, 1, 0, 2, 1, 2, 2, 0, 0, 1, 1, 0, 2, 0, 2, 1, 0, 0, 2, 0, 0, 2, 0, 1, 1, 0, 0, 2, 1, 0, 2, 2, 0, 2, 2, 0, 1, 2, 1, 1, 0, 0, 1, 1, 1, 1, 2, 2, 1, 1, 1, 1, 0, 0, 0, 1, 0, 2, 1, 0, 1, 1, 1, 0, 1, 1, 1]|[0, 3, 0, 2, 4, 1, 4, 4, 2, 4, 3, 2, 1, 0, 2, 1, 1, 1, 2, 1, 1, 3, 0, 1, 0, 1, 1, 4, 1, 4, 3, 2, 2, 0, 4, 1, 1, 4, 0, 1, 2, 1, 4, 4, 1, 1, 0, 2, 3, 1, 2, 1, 2, 1, 1, 2, 4, 3, 0, 2, 2, 3, 1, 0, 1, 2, 0, 1, 2, 4, 1, 3, 4, 2, 2, 4, 3, 3, 3, 1, 1, 4, 3, 4, 3, 2, 2, 2, 4, 2, 1, 3, 2, 4, 4, 3, 2, 4, 4, 4]|[0, 2, 0, 1, 3, 0, 1, 3, 0, 0, 2, 0, 1, 0, 1, 0, 0, 0, 1, 0, 0, 2, 0, 0, 1, 0, 0, 3, 0, 1, 0, 2, 0, 0, 3, 0, 1, 3, 1, 0, 0, 0, 1, 3, 0, 0, 1, 0, 2, 0, 0, 0, 0, 0, 1, 0, 1, 0, 1, 1, 0, 2, 0, 0, 0, 0, 0, 0, 0, 2, 0, 0, 1, 0, 0, 2, 0, 0, 3, 0, 0, 1, 0, 3, 0, 0, 0, 0, 3, 0, 0, 0, 0, 2, 1, 0, 0, 2, 1, 2],926.1983638701988,51477.04733108012,111560.63774300712,true
11,G2_TEC,G2_TEC,[31, 22, 82, 15, 26, 9, 95, 42, 77, 68, 47, 5, 93, 78, 86, 54, 85, 63, 18, 44, 20, 49, 36, 14, 74, 50, 53, 17, 21, 45, 71, 64, 3, 23, 30, 83, 24, 41, 60, 52, 65, 27, 90, 70, 39, 87, 48, 69, 99, 4, 46, 1, 13, 58, 97, 59, 28, 8, 73, 37, 35, 79, 11, 66, 76, 57, 40, 80, 96, 6, 16, 61, 33, 98, 32, 81, 62, 67, 10, 7, 56, 88, 51, 19, 91, 38, 75, 92, 25, 84, 2, 12, 29, 43, 34, 0, 55, 72, 89, 94]|[2, 1, 2, 1, 1, 2, 1, 1, 1, 1, 1, 0, 2, 2, 1, 2, 0, 0, 0, 2, 2, 1, 0, 2, 0, 2, 2, 1, 0, 1, 1, 1, 0, 0, 1, 0, 2, 1, 2, 2, 0, 0, 1, 1, 0, 2, 0, 2, 1, 0, 0, 2, 0, 0, 2, 0, 2, 1, 0, 0, 2, 1, 0, 2, 2, 0, 2, 2, 0, 1, 2, 1, 1, 0, 0, 1, 1, 1, 1, 2, 2, 1, 1, 1, 1, 0, 0, 0, 1, 0, 2, 1, 1, 1, 1, 0, 0, 1, 1, 1]|[0, 3, 0, 2, 4, 1, 4, 4, 2, 4, 3, 2, 1, 0, 2, 1, 1, 1, 2, 1, 1, 3, 0, 1, 0, 1, 1, 4, 1, 4, 3, 2, 2, 0, 4, 1, 1, 4, 0, 1, 2, 1, 4, 4, 1, 1, 0, 2, 3, 1, 2, 1, 2, 1, 1, 2, 0, 3, 0, 2, 2, 3, 1, 0, 1, 2, 0, 1, 2, 4, 1, 3, 4, 2, 2, 4, 3, 3, 3, 1, 1, 4, 3, 4, 3, 2, 2, 2, 4, 2, 1, 3, 3, 4, 1, 2, 2, 4, 4, 4]|[0, 2, 0, 1, 3, 0, 1, 3, 0, 0, 2, 0, 1, 0, 1, 0, 0, 0, 1, 0, 0, 2, 0, 0, 1, 0, 0, 3, 0, 1, 0, 2, 0, 0, 3, 0, 1, 3, 1, 0, 0, 0, 1, 3, 0, 0, 1, 0, 2, 0, 0, 0, 0, 0, 1, 0, 0, 0, 1, 1, 0, 2, 0, 0, 0, 0, 0, 0, 0, 2, 0, 0, 1, 0, 0, 2, 0, 0, 3, 0, 0, 1, 0, 3, 0, 0, 0, 0, 3, 0, 0, 0, 0, 2, 1, 0, 0, 2, 1, 2],919.0497895854953,51847.77047172447,110973.80723209208,false
11,G3_TWC,G4_BALANCED,[31, 22, 82, 15, 26, 58, 95, 42, 77, 12, 47, 5, 93, 78, 86, 54, 85, 63, 18, 44, 20, 35, 43, 97, 91, 76, 10, 30, 21, 45, 71, 64, 1, 23, 17, 83, 24, 14, 60, 36, 6, 57, 40, 88, 65, 56, 79, 94, 67, 68, 46, 75, 38, 9, 19, 32, 81, 41, 27, 62, 87, 90, 99, 59, 11, 16, 72, 73, 70, 39, 37, 84, 3, 92, 25, 34, 28, 29, 51, 7, 66, 61, 98, 48, 89, 50, 33, 96, 80, 53, 55, 4, 8, 2, 52, 13, 0, 69, 74, 49]|[1, 1, 0, 1, 1, 0, 1, 2, 2, 1, 2, 2, 2, 1, 1, 0, 0, 1, 0, 2, 2, 0, 1, 2, 0, 1, 2, 2, 0, 0, 1, 2, 1, 2, 1, 0, 2, 0, 1, 1, 0, 1, 1, 1, 0, 2, 1, 1, 0, 0, 0, 0, 1, 1, 2, 1, 2, 0, 0, 0, 2, 1, 0, 1, 2, 1, 2, 1, 1, 1, 1, 1, 1, 0, 1, 2, 0, 0, 0, 1, 2, 1, 2, 0, 1, 0, 0, 2, 0, 0, 2, 1, 0, 0, 1, 0, 0, 1, 2, 0]|[4, 3, 2, 2, 4, 1, 2, 2, 2, 4, 1, 1, 2, 4, 4, 1, 2, 4, 2, 1, 1, 1, 1, 2, 1, 2, 1, 1, 1, 1, 3, 2, 3, 1, 4, 0, 1, 1, 0, 3, 1, 2, 2, 0, 1, 1, 0, 4, 0, 1, 2, 2, 1, 4, 0, 3, 2, 1, 1, 2, 1, 3, 1, 1, 1, 3, 0, 4, 3, 1, 4, 1, 1, 0, 4, 1, 2, 1, 1, 1, 1, 3, 1, 1, 1, 1, 2, 1, 1, 2, 1, 4, 1, 2, 1, 2, 2, 4, 1, 1]|[0, 2, 1, 1, 3, 0, 1, 0, 0, 0, 0, 0, 1, 0, 1, 0, 0, 3, 1, 0, 0, 0, 3, 1, 0, 2, 0, 0, 0, 1, 0, 0, 0, 0, 3, 0, 1, 0, 0, 2, 0, 1, 1, 0, 0, 0, 0, 2, 1, 0, 0, 0, 1, 3, 0, 0, 1, 0, 0, 1, 0, 2, 0, 1, 0, 2, 1, 0, 0, 1, 1, 3, 1, 1, 3, 0, 1, 0, 0, 2, 0, 0, 0, 0, 1, 0, 1, 0, 0, 1, 0, 0, 0, 0, 1, 0, 0, 2, 0, 1],804.5299863633546,56274.88346527526,96757.99035252367,true
11,G1_CMAX,G1_CMAX,[31, 22, 82, 15, 26, 9, 95, 42, 77, 12, 47, 5, 93, 78, 86, 54, 6, 63, 18, 44, 20, 35, 43, 97, 91, 76, 10, 30, 21, 45, 64, 1, 23, 17, 83, 24, 14, 60, 36, 13, 75, 46, 68, 67, 69, 79, 56, 65, 88, 40, 57, 85, 58, 19, 32, 81, 48, 27, 62, 87, 90, 99, 59, 11, 16, 72, 73, 71, 70, 39, 37, 84, 3, 98, 29, 28, 55, 25, 92, 7, 33, 61, 53, 41, 89, 50, 8, 96, 51, 80, 34, 4, 66, 2, 52, 49, 0, 94, 74, 38]|[1, 1, 0, 1, 1, 0, 1, 2, 2, 1, 2, 2, 2, 1, 1, 0, 0, 1, 0, 2, 2, 0, 1, 2, 0, 1, 2, 2, 0, 0, 2, 1, 2, 1, 0, 2, 2, 1, 1, 0, 0, 0, 0, 0, 2, 1, 2, 0, 1, 1, 1, 0, 1, 2, 1, 2, 1, 0, 0, 2, 1, 0, 1, 2, 1, 2, 1, 1, 1, 1, 1, 1, 1, 0, 0, 0, 1, 1, 0, 1, 0, 1, 0, 1, 1, 0, 1, 0, 0, 0, 2, 1, 2, 0, 1, 0, 0, 2, 2, 1]|[0, 3, 2, 2, 4, 1, 2, 2, 2, 4, 1, 1, 2, 4, 4, 1, 2, 4, 2, 1, 1, 1, 1, 2, 1, 2, 1, 1, 1, 1, 2, 3, 0, 4, 0, 1, 2, 0, 3, 2, 2, 2, 1, 0, 2, 0, 1, 1, 0, 2, 2, 2, 0, 0, 3, 2, 4, 1, 2, 2, 3, 1, 1, 1, 3, 0, 4, 3, 3, 1, 4, 1, 1, 1, 1, 2, 4, 4, 0, 1, 2, 3, 2, 4, 1, 1, 3, 1, 1, 1, 1, 4, 1, 2, 1, 1, 2, 2, 1, 1]|[0, 2, 1, 1, 3, 0, 1, 0, 0, 0, 0, 0, 1, 0, 1, 0, 1, 3, 1, 0, 0, 0, 3, 1, 0, 2, 0, 0, 0, 1, 0, 0, 0, 3, 0, 1, 1, 0, 2, 0, 0, 0, 0, 1, 0, 0, 0, 0, 0, 1, 1, 0, 3, 0, 0, 1, 2, 0, 1, 0, 2, 0, 1, 0, 2, 1, 0, 0, 0, 1, 1, 3, 1, 0, 0, 1, 3, 3, 1, 2, 1, 0, 1, 3, 1, 0, 2, 0, 0, 0, 0, 0, 0, 0, 1, 1, 0, 0, 0, 1],740.6648699319737,58345.503832923176,99227.13002615936,false
11,G4_BALANCED,G2_TEC,[31, 22, 82, 15, 26, 9, 95, 42, 77, 68, 47, 5, 93, 78, 86, 54, 85, 63, 18, 44, 20, 49, 36, 14, 74, 50, 53, 17, 21, 28, 71, 64, 3, 23, 30, 83, 24, 41, 60, 52, 65, 27, 90, 70, 39, 87, 48, 69, 99, 4, 46, 1, 13, 58, 97, 59, 45, 8, 73, 37, 35, 79, 11, 66, 76, 57, 40, 80, 96, 6, 16, 61, 33, 98, 32, 81, 62, 67, 10, 7, 56, 88, 51, 19, 91, 38, 75, 92, 25, 84, 2, 12, 55, 43, 34, 29, 0, 94, 89, 72]|[2, 1, 2, 1, 1, 2, 1, 1, 1, 1, 1, 0, 2, 2, 1, 2, 0, 0, 0, 2, 2, 1, 0, 2, 0, 2, 2, 1, 0, 1, 1, 1, 0, 0, 1, 0, 2, 1, 2, 2, 0, 0, 1, 1, 0, 2, 0, 2, 1, 0, 0, 2, 0, 0, 2, 0, 1, 1, 0, 0, 2, 1, 0, 2, 2, 0, 2, 2, 0, 1, 2, 1, 1, 0, 0, 1, 1, 1, 1, 2, 2, 1, 1, 1, 1, 0, 0, 0, 1, 0, 2, 1, 0, 1, 1, 1, 0, 1, 1, 1]|[0, 3, 0, 2, 4, 1, 4, 4, 2, 4, 3, 2, 1, 0, 2, 1, 1, 1, 2, 1, 1, 3, 0, 1, 0, 1, 1, 4, 1, 4, 3, 2, 2, 0, 4, 1, 1, 4, 0, 1, 2, 1, 4, 4, 1, 1, 0, 2, 3, 1, 2, 1, 2, 1, 1, 2, 4, 3, 0, 2, 2, 3, 1, 0, 1, 2, 0, 1, 2, 4, 1, 3, 4, 2, 2, 4, 3, 3, 3, 1, 1, 4, 3, 4, 3, 2, 2, 2, 4, 2, 1, 3, 2, 4, 4, 3, 2, 4, 4, 4]|[0, 2, 0, 1, 3, 0, 1, 3, 0, 0, 2, 0, 1, 0, 1, 0, 0, 0, 1, 0, 0, 2, 0, 0, 1, 0, 0, 3, 0, 1, 0, 2, 0, 0, 3, 0, 1, 3, 1, 0, 0, 0, 1, 3, 0, 0, 1, 0, 2, 0, 0, 0, 0, 0, 1, 0, 1, 0, 1, 1, 0, 2, 0, 0, 0, 0, 0, 0, 0, 2, 0, 0, 1, 0, 0, 2, 0, 0, 3, 0, 0, 1, 0, 3, 0, 0, 0, 0, 3, 0, 0, 0, 0, 2, 1, 0, 0, 2, 1, 2],926.1983638701988,51477.04733108012,111560.63774300712,true
11,G2_TEC,G2_TEC,[31, 22, 82, 15, 26, 9, 95, 42, 77, 68, 47, 5, 93, 78, 86, 54, 85, 63, 18, 44, 20, 49, 36, 14, 74, 50, 53, 17, 21, 45, 71, 64, 3, 23, 30, 83, 24, 41, 60, 52, 65, 27, 90, 70, 39, 87, 48, 69, 99, 4, 46, 1, 13, 58, 97, 59, 28, 8, 73, 37, 35, 79, 11, 66, 76, 57, 40, 80, 96, 6, 16, 61, 33, 98, 32, 81, 62, 67, 10, 7, 56, 88, 51, 19, 91, 38, 75, 92, 25, 84, 2, 12, 29, 43, 34, 0, 55, 72, 89, 94]|[2, 1, 2, 1, 1, 2, 1, 1, 1, 1, 1, 0, 2, 2, 1, 2, 0, 0, 0, 2, 2, 1, 0, 2, 0, 2, 2, 1, 0, 1, 1, 1, 0, 0, 1, 0, 2, 1, 2, 2, 0, 0, 1, 1, 0, 2, 0, 2, 1, 0, 0, 2, 0, 0, 2, 0, 2, 1, 0, 0, 2, 1, 0, 2, 2, 0, 2, 2, 0, 1, 2, 1, 1, 0, 0, 1, 1, 1, 1, 2, 2, 1, 1, 1, 1, 0, 0, 0, 1, 0, 2, 1, 1, 1, 1, 0, 0, 1, 1, 1]|[0, 3, 0, 2, 4, 1, 4, 4, 2, 4, 3, 2, 1, 0, 2, 1, 1, 1, 2, 1, 1, 3, 0, 1, 0, 1, 1, 4, 1, 4, 3, 2, 2, 0, 4, 1, 1, 4, 0, 1, 2, 1, 4, 4, 1, 1, 0, 2, 3, 1, 2, 1, 2, 1, 1, 2, 0, 3, 0, 2, 2, 3, 1, 0, 1, 2, 0, 1, 2, 4, 1, 3, 4, 2, 2, 4, 3, 3, 3, 1, 1, 4, 3, 4, 3, 2, 2, 2, 4, 2, 1, 3, 3, 4, 1, 2, 2, 4, 4, 4]|[0, 2, 0, 1, 3, 0, 1, 3, 0, 0, 2, 0, 1, 0, 1, 0, 0, 0, 1, 0, 0, 2, 0, 0, 1, 0, 0, 3, 0, 1, 0, 2, 0, 0, 3, 0, 1, 3, 1, 0, 0, 0, 1, 3, 0, 0, 1, 0, 2, 0, 0, 0, 0, 0, 1, 0, 0, 0, 1, 1, 0, 2, 0, 0, 0, 0, 0, 0, 0, 2, 0, 0, 1, 0, 0, 2, 0, 0, 3, 0, 0, 1, 0, 3, 0, 0, 0, 0, 3, 0, 0, 0, 0, 2, 1, 0, 0, 2, 1, 2],919.0497895854953,51847.77047172447,110973.80723209208,false
11,G3_TWC,G4_BALANCED,[31, 22, 82, 15, 26, 58, 95, 42, 77, 12, 47, 5, 93, 78, 86, 54, 85, 63, 18, 44, 20, 35, 43, 97, 91, 76, 10, 30, 21, 45, 71, 64, 1, 23, 17, 83, 24, 14, 60, 36, 6, 57, 40, 88, 65, 56, 79, 94, 67, 68, 46, 75, 38, 9, 19, 32, 81, 41, 27, 62, 87, 90, 99, 59, 11, 16, 72, 73, 70, 39, 37, 84, 3, 92, 25, 34, 28, 29, 51, 7, 66, 61, 98, 48, 89, 50, 33, 96, 80, 53, 55, 4, 8, 2, 52, 13, 0, 69, 74, 49]|[1, 1, 0, 1, 1, 0, 1, 2, 2, 1, 2, 2, 2, 1, 1, 0, 0, 1, 0, 2, 2, 0, 1, 2, 0, 1, 2, 2, 0, 0, 1, 2, 1, 2, 1, 0, 2, 0, 1, 1, 0, 1, 1, 1, 0, 2, 1, 1, 0, 0, 0, 0, 1, 1, 2, 1, 2, 0, 0, 0, 2, 1, 0, 1, 2, 1, 2, 1, 1, 1, 1, 1, 1, 0, 1, 2, 0, 0, 0, 1, 2, 1, 2, 0, 1, 0, 0, 2, 0, 0, 2, 1, 0, 0, 1, 0, 0, 1, 2, 0]|[4, 3, 2, 2, 4, 1, 2, 2, 2, 4, 1, 1, 2, 4, 4, 1, 2, 4, 2, 1, 1, 1, 1, 2, 1, 2, 1, 1, 1, 1, 3, 2, 3, 1, 4, 0, 1, 1, 0, 3, 1, 2, 2, 0, 1, 1, 0, 4, 0, 1, 2, 2, 1, 4, 0, 3, 2, 1, 1, 2, 1, 3, 1, 1, 1, 3, 0, 4, 3, 1, 4, 1, 1, 0, 4, 1, 2, 1, 1, 1, 1, 3, 1, 1, 1, 1, 2, 1, 1, 2, 1, 4, 1, 2, 1, 2, 2, 4, 1, 1]|[0, 2, 1, 1, 3, 0, 1, 0, 0, 0, 0, 0, 1, 0, 1, 0, 0, 3, 1, 0, 0, 0, 3, 1, 0, 2, 0, 0, 0, 1, 0, 0, 0, 0, 3, 0, 1, 0, 0, 2, 0, 1, 1, 0, 0, 0, 0, 2, 1, 0, 0, 0, 1, 3, 0, 0, 1, 0, 0, 1, 0, 2, 0, 1, 0, 2, 1, 0, 0, 1, 1, 3, 1, 1, 3, 0, 1, 0, 0, 2, 0, 0, 0, 0, 1, 0, 1, 0, 0, 1, 0, 0, 0, 0, 1, 0, 0, 2, 0, 1],804.5299863633546,56274.88346527526,96757.99035252367,true
11,G1_CMAX,G1_CMAX,[31, 22, 82, 15, 26, 9, 95, 42, 77, 12, 47, 5, 93, 78, 86, 54, 6, 63, 18, 44, 20, 35, 43, 97, 91, 76, 10, 30, 21, 45, 64, 1, 23, 17, 83, 24, 14, 60, 36, 13, 75, 46, 68, 67, 69, 79, 56, 65, 88, 40, 57, 85, 58, 19, 32, 81, 48, 27, 62, 87, 90, 99, 59, 11, 16, 72, 73, 71, 70, 39, 37, 84, 3, 98, 29, 28, 55, 25, 92, 7, 33, 61, 53, 41, 89, 50, 8, 96, 51, 80, 34, 4, 66, 2, 52, 49, 0, 94, 74, 38]|[1, 1, 0, 1, 1, 0, 1, 2, 2, 1, 2, 2, 2, 1, 1, 0, 0, 1, 0, 2, 2, 0, 1, 2, 0, 1, 2, 2, 0, 0, 2, 1, 2, 1, 0, 2, 2, 1, 1, 0, 0, 0, 0, 0, 2, 1, 2, 0, 1, 1, 1, 0, 1, 2, 1, 2, 1, 0, 0, 2, 1, 0, 1, 2, 1, 2, 1, 1, 1, 1, 1, 1, 1, 0, 0, 0, 1, 1, 0, 1, 0, 1, 0, 1, 1, 0, 1, 0, 0, 0, 2, 1, 2, 0, 1, 0, 0, 2, 2, 1]|[0, 3, 2, 2, 4, 1, 2, 2, 2, 4, 1, 1, 2, 4, 4, 1, 2, 4, 2, 1, 1, 1, 1, 2, 1, 2, 1, 1, 1, 1, 2, 3, 0, 4, 0, 1, 2, 0, 3, 2, 2, 2, 1, 0, 2, 0, 1, 1, 0, 2, 2, 2, 0, 0, 3, 2, 4, 1, 2, 2, 3, 1, 1, 1, 3, 0, 4, 3, 3, 1, 4, 1, 1, 1, 1, 2, 4, 4, 0, 1, 2, 3, 2, 4, 1, 1, 3, 1, 1, 1, 1, 4, 1, 2, 1, 1, 2, 2, 1, 1]|[0, 2, 1, 1, 3, 0, 1, 0, 0, 0, 0, 0, 1, 0, 1, 0, 1, 3, 1, 0, 0, 0, 3, 1, 0, 2, 0, 0, 0, 1, 0, 0, 0, 3, 0, 1, 1, 0, 2, 0, 0, 0, 0, 1, 0, 0, 0, 0, 0, 1, 1, 0, 3, 0, 0, 1, 2, 0, 1, 0, 2, 0, 1, 0, 2, 1, 0, 0, 0, 1, 1, 3, 1, 0, 0, 1, 3, 3, 1, 2, 1, 0, 1, 3, 1, 0, 2, 0, 0, 0, 0, 0, 0, 0, 1, 1, 0, 0, 0, 1],740.6648699319737,58345.503832923176,99227.13002615936,false
11,G4_BALANCED,G2_TEC,[31, 22, 82, 15, 26, 9, 95, 42, 77, 68, 47, 5, 93, 78, 86, 54, 85, 63, 18, 44, 20, 49, 36, 14, 74, 50, 53, 17, 21, 28, 71, 64, 3, 23, 30, 83, 24, 41, 60, 52, 65, 27, 90, 70, 39, 87, 48, 69, 99, 4, 46, 1, 13, 58, 97, 59, 45, 8, 73, 37, 35, 79, 11, 66, 76, 57, 40, 80, 96, 6, 16, 61, 33, 98, 32, 81, 62, 67, 10, 7, 56, 88, 51, 19, 91, 38, 75, 92, 25, 84, 2, 12, 55, 43, 34, 29, 0, 94, 89, 72]|[2, 1, 2, 1, 1, 2, 1, 1, 1, 1, 1, 0, 2, 2, 1, 2, 0, 0, 0, 2, 2, 1, 0, 2, 0, 2, 2, 1, 0, 1, 1, 1, 0, 0, 1, 0, 2, 1, 2, 2, 0, 0, 1, 1, 0, 2, 0, 2, 1, 0, 0, 2, 0, 0, 2, 0, 1, 1, 0, 0, 2, 1, 0, 2, 2, 0, 2, 2, 0, 1, 2, 1, 1, 0, 0, 1, 1, 1, 1, 2, 2, 1, 1, 1, 1, 0, 0, 0, 1, 0, 2, 1, 0, 1, 1, 1, 0, 1, 1, 1]|[0, 3, 0, 2, 4, 1, 4, 4, 2, 4, 3, 2, 1, 0, 2, 1, 1, 1, 2, 1, 1, 3, 0, 1, 0, 1, 1, 4, 1, 4, 3, 2, 2, 0, 4, 1, 1, 4, 0, 1, 2, 1, 4, 4, 1, 1, 0, 2, 3, 1, 2, 1, 2, 1, 1, 2, 4, 3, 0, 2, 2, 3, 1, 0, 1, 2, 0, 1, 2, 4, 1, 3, 4, 2, 2, 4, 3, 3, 3, 1, 1, 4, 3, 4, 3, 2, 2, 2, 4, 2, 1, 3, 2, 4, 4, 3, 2, 4, 4, 4]|[0, 2, 0, 1, 3, 0, 1, 3, 0, 0, 2, 0, 1, 0, 1, 0, 0, 0, 1, 0, 0, 2, 0, 0, 1, 0, 0, 3, 0, 1, 0, 2, 0, 0, 3, 0, 1, 3, 1, 0, 0, 0, 1, 3, 0, 0, 1, 0, 2, 0, 0, 0, 0, 0, 1, 0, 1, 0, 1, 1, 0, 2, 0, 0, 0, 0, 0, 0, 0, 2, 0, 0, 1, 0, 0, 2, 0, 0, 3, 0, 0, 1, 0, 3, 0, 0, 0, 0, 3, 0, 0, 0, 0, 2, 1, 0, 0, 2, 1, 2],926.1983638701988,51477.04733108012,111560.63774300712,true
11,G2_TEC,G2_TEC,[31, 22, 82, 15, 26, 9, 95, 42, 77, 68, 47, 5, 93, 78, 86, 54, 85, 63, 18, 44, 20, 49, 36, 14, 74, 50, 53, 17, 21, 45, 71, 64, 3, 23, 30, 83, 24, 41, 60, 52, 65, 27, 90, 70, 39, 87, 48, 69, 99, 4, 46, 1, 13, 58, 97, 59, 28, 8, 73, 37, 35, 79, 11, 66, 76, 57, 40, 80, 96, 6, 16, 61, 33, 98, 32, 81, 62, 67, 10, 7, 56, 88, 51, 19, 91, 38, 75, 92, 25, 84, 2, 55, 12, 89, 34, 0, 29, 94, 43, 72]|[2, 1, 2, 1, 1, 2, 1, 1, 1, 1, 1, 0, 2, 2, 1, 2, 0, 0, 0, 2, 2, 1, 0, 2, 0, 2, 2, 1, 0, 1, 1, 1, 0, 0, 1, 0, 2, 1, 2, 2, 0, 0, 1, 1, 0, 2, 0, 2, 1, 0, 0, 2, 0, 0, 2, 0, 2, 1, 0, 0, 2, 1, 0, 2, 2, 0, 2, 2, 0, 1, 2, 1, 1, 0, 0, 1, 1, 1, 1, 2, 2, 1, 1, 1, 1, 0, 0, 0, 1, 0, 2, 0, 1, 1, 1, 0, 1, 1, 1, 1]|[0, 3, 0, 2, 4, 1, 4, 4, 2, 4, 3, 2, 1, 0, 2, 1, 1, 1, 2, 1, 1, 3, 0, 1, 0, 1, 1, 4, 1, 4, 3, 2, 2, 0, 4, 1, 1, 4, 0, 1, 2, 1, 4, 4, 1, 1, 0, 2, 3, 1, 2, 1, 2, 1, 1, 2, 0, 3, 0, 2, 2, 3, 1, 0, 1, 0, 0, 1, 2, 4, 1, 3, 4, 2, 2, 4, 3, 3, 3, 1, 1, 4, 3, 4, 3, 2, 2, 2, 4, 2, 1, 2, 3, 4, 1, 2, 3, 4, 4, 4]|[0, 2, 0, 1, 3, 0, 1, 3, 0, 0, 2, 0, 1, 0, 1, 0, 0, 0, 1, 0, 0, 2, 0, 0, 1, 0, 0, 3, 0, 1, 0, 2, 0, 0, 3, 0, 1, 3, 1, 0, 0, 0, 1, 3, 0, 0, 1, 0, 2, 0, 0, 0, 0, 0, 1, 0, 0, 0, 1, 1, 0, 2, 0, 0, 0, 1, 0, 0, 0, 2, 0, 0, 1, 0, 0, 2, 0, 0, 3, 0, 0, 1, 0, 3, 0, 0, 0, 0, 3, 0, 0, 0, 0, 1, 1, 0, 0, 2, 2, 2],891.9170691245745,52159.71063971693,111173.63891512342,false
11,G3_TWC,G4_BALANCED,[31, 22, 82, 15, 26, 58, 95, 42, 77, 12, 47, 5, 93, 78, 86, 54, 85, 63, 18, 44, 20, 35, 43, 97, 91, 76, 10, 30, 21, 45, 71, 64, 1, 23, 17, 83, 24, 14, 60, 36, 6, 57, 40, 88, 65, 56, 79, 94, 67, 68, 46, 75, 38, 9, 19, 32, 81, 48, 27, 62, 87, 90, 99, 59, 11, 16, 72, 73, 70, 39, 37, 84, 3, 92, 25, 55, 28, 29, 51, 7, 66, 61, 98, 41, 89, 50, 33, 96, 53, 80, 8, 4, 34, 2, 52, 13, 0, 69, 74, 49]|[1, 1, 0, 1, 1, 0, 1, 2, 2, 1, 2, 2, 2, 1, 1, 0, 0, 1, 0, 2, 2, 0, 1, 2, 0, 1, 2, 2, 0, 0, 1, 2, 1, 2, 1, 0, 2, 0, 1, 1, 0, 1, 1, 1, 0, 2, 1, 1, 0, 0, 0, 0, 1, 1, 2, 1, 2, 0, 0, 0, 2, 1, 0, 1, 2, 1, 2, 1, 1, 1, 1, 1, 1, 0, 1, 2, 0, 0, 0, 1, 2, 1, 2, 0, 1, 0, 2, 2, 0, 0, 1, 1, 2, 0, 1, 0, 0, 1, 2, 0]|[4, 3, 2, 2, 4, 1, 2, 2, 2, 4, 1, 1, 2, 4, 4, 1, 2, 4, 2, 1, 1, 1, 1, 2, 1, 2, 1, 1, 1, 1, 3, 2, 3, 1, 4, 0, 1, 1, 0, 3, 2, 2, 2, 0, 1, 1, 0, 4, 0, 1, 2, 2, 1, 4, 0, 3, 2, 1, 1, 2, 1, 3, 1, 1, 1, 3, 0, 4, 3, 1, 4, 1, 1, 0, 4, 1, 2, 1, 1, 1, 1, 3, 1, 1, 1, 1, 1, 1, 2, 1, 3, 4, 1, 2, 1, 2, 2, 4, 1, 1]|[0, 2, 1, 1, 3, 0, 1, 0, 0, 0, 0, 0, 1, 0, 1, 0, 0, 3, 1, 0, 0, 0, 3, 1, 0, 2, 0, 0, 0, 1, 0, 0, 0, 0, 3, 0, 1, 0, 0, 2, 1, 1, 1, 0, 0, 0, 0, 2, 1, 0, 0, 0, 1, 3, 0, 0, 1, 0, 0, 1, 0, 2, 0, 1, 0, 2, 1, 0, 0, 1, 1, 3, 1, 1, 3, 0, 1, 0, 0, 2, 0, 0, 0, 0, 1, 0, 0, 0, 1, 0, 2, 0, 0, 0, 1, 0, 0, 2, 0, 1],756.8020016894884,56503.089667006534,95189.26829142265,true
11,G1_CMAX,G1_CMAX,[31, 22, 82, 15, 26, 9, 95, 42, 77, 12, 47, 5, 93, 78, 86, 54, 6, 63, 18, 44, 20, 35, 43, 97, 91, 76, 10, 30, 21, 45, 64, 1, 23, 17, 83, 24, 14, 60, 36, 13, 75, 46, 68, 67, 69, 79, 56, 65, 88, 40, 57, 85, 58, 19, 32, 81, 48, 27, 62, 87, 90, 99, 59, 11, 16, 72, 73, 71, 70, 39, 37, 84, 3, 98, 29, 28, 55, 25, 92, 7, 33, 61, 53, 41, 89, 50, 8, 96, 51, 80, 34, 4, 66, 2, 52, 49, 0, 94, 74, 38]|[1, 1, 0, 1, 1, 0, 1, 2, 2, 1, 2, 2, 2, 1, 1, 0, 0, 1, 0, 2, 2, 0, 1, 2, 0, 1, 2, 2, 0, 0, 2, 1, 2, 1, 0, 2, 2, 1, 1, 0, 0, 0, 0, 0, 2, 1, 2, 0, 1, 1, 1, 0, 1, 2, 1, 2, 1, 0, 0, 2, 1, 0, 1, 2, 1, 2, 1, 1, 1, 1, 1, 1, 1, 0, 0, 0, 1, 1, 0, 1, 0, 1, 0, 1, 1, 0, 1, 0, 0, 0, 2, 1, 2, 0, 1, 0, 0, 2, 2, 1]|[0, 3, 2, 2, 4, 1, 2, 2, 2, 4, 1, 1, 2, 4, 4, 1, 2, 4, 2, 1, 1, 1, 1, 2, 1, 2, 1, 1, 1, 1, 2, 3, 0, 4, 0, 1, 2, 0, 3, 2, 2, 2, 1, 0, 2, 0, 1, 1, 0, 2, 2, 2, 0, 0, 3, 2, 4, 1, 2, 2, 3, 1, 1, 1, 3, 0, 4, 3, 3, 1, 4, 1, 1, 1, 1, 2, 4, 4, 0, 1, 2, 3, 2, 4, 1, 1, 3, 1, 1, 1, 1, 4, 1, 2, 1, 1, 2, 2, 1, 1]|[0, 2, 1, 1, 3, 0, 1, 0, 0, 0, 0, 0, 1, 0, 1, 0, 1, 3, 1, 0, 0, 0, 3, 1, 0, 2, 0, 0, 0, 1, 0, 0, 0, 3, 0, 1, 1, 0, 2, 0, 0, 0, 0, 1, 0, 0, 0, 0, 0, 1, 1, 0, 3, 0, 0, 1, 2, 0, 1, 0, 2, 0, 1, 0, 2, 1, 0, 0, 0, 1, 1, 3, 1, 0, 0, 1, 3, 3, 1, 2, 1, 0, 1, 3, 1, 0, 2, 0, 0, 0, 0, 0, 0, 0, 1, 1, 0, 0, 0, 1],740.6648699319737,58345.503832923176,99227.13002615936,false
11,G4_BALANCED,G2_TEC,[31, 22, 82, 15, 26, 9, 95, 42, 77, 68, 47, 5, 93, 78, 86, 54, 85, 63, 18, 44, 20, 49, 36, 14, 74, 50, 53, 17, 21, 28, 71, 64, 3, 23, 30, 83, 24, 41, 60, 52, 65, 27, 90, 70, 39, 87, 48, 69, 99, 4, 46, 1, 13, 58, 97, 59, 45, 8, 73, 37, 35, 79, 11, 66, 76, 57, 40, 80, 96, 6, 16, 61, 33, 98, 32, 81, 62, 67, 10, 7, 56, 88, 51, 19, 91, 38, 75, 92, 25, 84, 2, 12, 55, 43, 34, 29, 0, 94, 89, 72]|[2, 1, 2, 1, 1, 2, 1, 1, 1, 1, 1, 0, 2, 2, 1, 2, 0, 0, 0, 2, 2, 1, 0, 2, 0, 2, 2, 1, 0, 1, 1, 1, 0, 0, 1, 0, 2, 1, 2, 2, 0, 0, 1, 1, 0, 2, 0, 2, 1, 0, 0, 2, 0, 0, 2, 0, 1, 1, 0, 0, 2, 1, 0, 2, 2, 0, 2, 2, 0, 1, 2, 1, 1, 0, 0, 1, 1, 1, 1, 2, 2, 1, 1, 1, 1, 0, 0, 0, 1, 0, 2, 1, 0, 1, 1, 1, 0, 1, 1, 1]|[0, 3, 0, 2, 4, 1, 4, 4, 2, 4, 3, 2, 1, 0, 2, 1, 1, 1, 2, 1, 1, 3, 0, 1, 0, 1, 1, 4, 1, 4, 3, 2, 2, 0, 4, 1, 1, 4, 0, 1, 2, 1, 4, 4, 1, 1, 0, 2, 3, 1, 2, 1, 2, 1, 1, 2, 4, 3, 0, 2, 2, 3, 1, 0, 1, 2, 0, 1, 2, 4, 1, 3, 4, 2, 2, 4, 3, 3, 3, 1, 1, 4, 3, 4, 3, 2, 2, 2, 4, 2, 1, 3, 2, 4, 4, 3, 2, 4, 4, 4]|[0, 2, 0, 1, 3, 0, 1, 3, 0, 0, 2, 0, 1, 0, 1, 0, 0, 0, 1, 0, 0, 2, 0, 0, 1, 0, 0, 3, 0, 1, 0, 2, 0, 0, 3, 0, 1, 3, 1, 0, 0, 0, 1, 3, 0, 0, 1, 0, 2, 0, 0, 0, 0, 0, 1, 0, 1, 0, 1, 1, 0, 2, 0, 0, 0, 0, 0, 0, 0, 2, 0, 0, 1, 0, 0, 2, 0, 0, 3, 0, 0, 1, 0, 3, 0, 0, 0, 0, 3, 0, 0, 0, 0, 2, 1, 0, 0, 2, 1, 2],926.1983638701988,51477.04733108012,111560.63774300712,true
11,G2_TEC,G2_TEC,[31, 22, 82, 15, 26, 9, 95, 42, 77, 68, 47, 5, 93, 78, 86, 54, 85, 63, 18, 44, 20, 49, 36, 14, 74, 50, 53, 17, 21, 45, 71, 64, 3, 23, 30, 83, 24, 41, 60, 52, 65, 27, 90, 70, 39, 87, 48, 69, 99, 4, 46, 1, 13, 58, 97, 59, 28, 8, 73, 37, 35, 79, 11, 66, 76, 57, 40, 80, 96, 6, 16, 61, 33, 98, 32, 81, 62, 67, 10, 7, 56, 88, 51, 19, 91, 38, 75, 92, 25, 84, 2, 55, 12, 89, 34, 0, 29, 94, 43, 72]|[2, 1, 2, 1, 1, 2, 1, 1, 1, 1, 1, 0, 2, 2, 1, 2, 0, 0, 0, 2, 2, 1, 0, 2, 0, 2, 2, 1, 0, 1, 1, 1, 0, 0, 1, 0, 2, 1, 2, 2, 0, 0, 1, 1, 0, 2, 0, 2, 1, 0, 0, 2, 0, 0, 2, 0, 2, 1, 0, 0, 2, 1, 0, 2, 2, 0, 2, 2, 0, 1, 2, 1, 1, 0, 0, 1, 1, 1, 1, 2, 2, 1, 1, 1, 1, 0, 0, 0, 1, 0, 2, 0, 1, 1, 1, 0, 1, 1, 1, 1]|[0, 3, 0, 2, 4, 1, 4, 4, 2, 4, 3, 2, 1, 0, 2, 1, 1, 1, 2, 1, 1, 3, 0, 1, 0, 1, 1, 4, 1, 4, 3, 2, 2, 0, 4, 1, 1, 4, 0, 1, 2, 1, 4, 4, 1, 1, 0, 2, 3, 1, 2, 1, 2, 1, 1, 2, 0, 3, 0, 2, 2, 3, 1, 0, 1, 0, 0, 1, 2, 4, 1, 3, 4, 2, 2, 4, 3, 3, 3, 1, 1, 4, 3, 4, 3, 2, 2, 2, 4, 2, 1, 2, 3, 4, 1, 2, 3, 4, 4, 4]|[0, 2, 0, 1, 3, 0, 1, 3, 0, 0, 2, 0, 1, 0, 1, 0, 0, 0, 1, 0, 0, 2, 0, 0, 1, 0, 0, 3, 0, 1, 0, 2, 0, 0, 3, 0, 1, 3, 1, 0, 0, 0, 1, 3, 0, 0, 1, 0, 2, 0, 0, 0, 0, 0, 1, 0, 0, 0, 1, 1, 0, 2, 0, 0, 0, 1, 0, 0, 0, 2, 0, 0, 1, 0, 0, 2, 0, 0, 3, 0, 0, 1, 0, 3, 0, 0, 0, 0, 3, 0, 0, 0, 0, 1, 1, 0, 0, 2, 2, 2],891.9170691245745,52159.71063971693,111173.63891512342,false
11,G3_TWC,G4_BALANCED,[31, 22, 82, 15, 26, 58, 95, 42, 77, 12, 47, 5, 93, 78, 86, 54, 85, 63, 18, 44, 20, 35, 43, 97, 91, 76, 10, 30, 21, 45, 71, 64, 1, 23, 17, 83, 24, 14, 60, 36, 6, 57, 40, 88, 65, 56, 79, 94, 67, 68, 46, 75, 38, 9, 19, 32, 81, 48, 27, 62, 87, 90, 99, 59, 11, 16, 72, 73, 70, 39, 37, 84, 3, 92, 25, 55, 28, 29, 51, 7, 66, 61, 98, 41, 89, 50, 33, 96, 53, 80, 8, 4, 34, 2, 52, 13, 0, 69, 74, 49]|[1, 1, 0, 1, 1, 0, 1, 2, 2, 1, 2, 2, 2, 1, 1, 0, 0, 1, 0, 2, 2, 0, 1, 2, 0, 1, 2, 2, 0, 0, 1, 2, 1, 2, 1, 0, 2, 0, 1, 1, 0, 1, 1, 1, 0, 2, 1, 1, 0, 0, 0, 0, 1, 1, 2, 1, 2, 0, 0, 0, 2, 1, 0, 1, 2, 1, 2, 1, 1, 1, 1, 1, 1, 0, 1, 2, 0, 0, 0, 1, 2, 1, 2, 0, 1, 0, 2, 2, 0, 0, 1, 1, 2, 0, 1, 0, 0, 1, 2, 0]|[4, 3, 2, 2, 4, 1, 2, 2, 2, 4, 1, 1, 2, 4, 4, 1, 2, 4, 2, 1, 1, 1, 1, 2, 1, 2, 1, 1, 1, 1, 3, 2, 3, 1, 4, 0, 1, 1, 0, 3, 2, 2, 2, 0, 1, 1, 0, 4, 0, 1, 2, 2, 1, 4, 0, 3, 2, 1, 1, 2, 1, 3, 1, 1, 1, 3, 0, 4, 3, 1, 4, 1, 1, 0, 4, 1, 2, 1, 1, 1, 1, 3, 1, 1, 1, 1, 1, 1, 2, 1, 3, 4, 1, 2, 1, 2, 2, 4, 1, 1]|[0, 2, 1, 1, 3, 0, 1, 0, 0, 0, 0, 0, 1, 0, 1, 0, 0, 3, 1, 0, 0, 0, 3, 1, 0, 2, 0, 0, 0, 1, 0, 0, 0, 0, 3, 0, 1, 0, 0, 2, 1, 1, 1, 0, 0, 0, 0, 2, 1, 0, 0, 0, 1, 3, 0, 0, 1, 0, 0, 1, 0, 2, 0, 1, 0, 2, 1, 0, 0, 1, 1, 3, 1, 1, 3, 0, 1, 0, 0, 2, 0, 0, 0, 0, 1, 0, 0, 0, 1, 0, 2, 0, 0, 0, 1, 0, 0, 2, 0, 1],756.8020016894884,56503.089667006534,95189.26829142265,true
11,G1_CMAX,G1_CMAX,[31, 22, 82, 15, 26, 9, 95, 42, 77, 12, 47, 5, 93, 78, 86, 54, 6, 63, 18, 44, 20, 35, 43, 97, 91, 76, 10, 30, 21, 45, 64, 1, 23, 17, 83, 24, 14, 60, 36, 13, 75, 46, 68, 67, 69, 79, 56, 65, 88, 40, 57, 85, 58, 19, 32, 81, 48, 27, 62, 87, 90, 99, 59, 11, 16, 72, 73, 71, 70, 39, 37, 84, 3, 98, 29, 28, 55, 25, 92, 7, 33, 61, 53, 41, 89, 50, 8, 96, 51, 80, 34, 4, 66, 2, 52, 49, 0, 94, 74, 38]|[1, 1, 0, 1, 1, 0, 1, 2, 2, 1, 2, 2, 2, 1, 1, 0, 0, 1, 0, 2, 2, 0, 1, 2, 0, 1, 2, 2, 0, 0, 2, 1, 2, 1, 0, 2, 2, 1, 1, 0, 0, 0, 0, 0, 2, 1, 2, 0, 1, 1, 1, 0, 1, 2, 1, 2, 1, 0, 0, 2, 1, 0, 1, 2, 1, 2, 1, 1, 1, 1, 1, 1, 1, 0, 0, 0, 1, 1, 0, 1, 0, 1, 0, 1, 1, 0, 1, 0, 0, 0, 2, 1, 2, 0, 1, 0, 0, 2, 2, 1]|[0, 3, 2, 2, 4, 1, 2, 2, 2, 4, 1, 1, 2, 4, 4, 1, 2, 4, 2, 1, 1, 1, 1, 2, 1, 2, 1, 1, 1, 1, 2, 3, 0, 4, 0, 1, 2, 0, 3, 2, 2, 2, 1, 0, 2, 0, 1, 1, 0, 2, 2, 2, 0, 0, 3, 2, 4, 1, 2, 2, 3, 1, 1, 1, 3, 0, 4, 3, 3, 1, 4, 1, 1, 1, 1, 2, 4, 4, 0, 1, 2, 3, 2, 4, 1, 1, 3, 1, 1, 1, 1, 4, 1, 2, 1, 1, 2, 2, 1, 1]|[0, 2, 1, 1, 3, 0, 1, 0, 0, 0, 0, 0, 1, 0, 1, 0, 1, 3, 1, 0, 0, 0, 3, 1, 0, 2, 0, 0, 0, 1, 0, 0, 0, 3, 0, 1, 1, 0, 2, 0, 0, 0, 0, 1, 0, 0, 0, 0, 0, 1, 1, 0, 3, 0, 0, 1, 2, 0, 1, 0, 2, 0, 1, 0, 2, 1, 0, 0, 0, 1, 1, 3, 1, 0, 0, 1, 3, 3, 1, 2, 1, 0, 1, 3, 1, 0, 2, 0, 0, 0, 0, 0, 0, 0, 1, 1, 0, 0, 0, 1],740.6648699319737,58345.503832923176,99227.13002615936,false
11,G4_BALANCED,G2_TEC,[31, 22, 82, 15, 26, 9, 95, 42, 77, 68, 47, 5, 93, 78, 86, 54, 85, 63, 18, 44, 20, 49, 36, 14, 74, 50, 53, 17, 21, 28, 71, 64, 3, 23, 30, 83, 24, 41, 60, 52, 65, 27, 90, 70, 39, 87, 48, 69, 99, 4, 46, 1, 13, 58, 97, 59, 45, 8, 73, 37, 35, 79, 11, 66, 76, 57, 40, 80, 96, 6, 16, 61, 33, 98, 32, 81, 62, 67, 10, 7, 56, 88, 51, 19, 91, 38, 75, 92, 25, 84, 2, 12, 55, 43, 34, 29, 0, 94, 89, 72]|[2, 1, 2, 1, 1, 2, 1, 1, 1, 1, 1, 0, 2, 2, 1, 2, 0, 0, 0, 2, 2, 1, 0, 2, 0, 2, 2, 1, 0, 1, 1, 1, 0, 0, 1, 0, 2, 1, 2, 2, 0, 0, 1, 1, 0, 2, 0, 2, 1, 0, 0, 2, 0, 0, 2, 0, 1, 1, 0, 0, 2, 1, 0, 2, 2, 0, 2, 2, 0, 1, 2, 1, 1, 0, 0, 1, 1, 1, 1, 2, 2, 1, 1, 1, 1, 0, 0, 0, 1, 0, 2, 1, 0, 1, 1, 1, 0, 1, 1, 1]|[0, 3, 0, 2, 4, 1, 4, 4, 2, 4, 3, 2, 1, 0, 2, 1, 1, 1, 2, 1, 1, 3, 0, 1, 0, 1, 1, 4, 1, 4, 3, 2, 2, 0, 4, 1, 1, 4, 0, 1, 2, 1, 4, 4, 1, 1, 0, 2, 3, 1, 2, 1, 2, 1, 1, 2, 4, 3, 0, 2, 2, 3, 1, 0, 1, 2, 0, 1, 2, 4, 1, 3, 4, 2, 2, 4, 3, 3, 3, 1, 1, 4, 3, 4, 3, 2, 2, 2, 4, 2, 1, 3, 2, 4, 4, 3, 2, 4, 4, 4]|[0, 2, 0, 1, 3, 0, 1, 3, 0, 0, 2, 0, 1, 0, 1, 0, 0, 0, 1, 0, 0, 2, 0, 0, 1, 0, 0, 3, 0, 1, 0, 2, 0, 0, 3, 0, 1, 3, 1, 0, 0, 0, 1, 3, 0, 0, 1, 0, 2, 0, 0, 0, 0, 0, 1, 0, 1, 0, 1, 1, 0, 2, 0, 0, 0, 0, 0, 0, 0, 2, 0, 0, 1, 0, 0, 2, 0, 0, 3, 0, 0, 1, 0, 3, 0, 0, 0, 0, 3, 0, 0, 0, 0, 2, 1, 0, 0, 2, 1, 2],926.1983638701988,51477.04733108012,111560.63774300712,true
11,G2_TEC,G2_TEC,[31, 22, 82, 15, 26, 9, 95, 42, 77, 68, 47, 5, 93, 78, 86, 54, 85, 63, 18, 44, 20, 49, 36, 14, 74, 50, 53, 17, 21, 45, 71, 64, 3, 23, 30, 83, 24, 41, 60, 52, 65, 27, 90, 70, 39, 87, 48, 69, 99, 4, 46, 1, 13, 58, 97, 59, 28, 8, 73, 37, 35, 79, 11, 66, 76, 57, 40, 80, 96, 6, 16, 61, 33, 98, 32, 81, 62, 67, 10, 7, 56, 88, 51, 19, 91, 38, 75, 92, 25, 84, 2, 12, 29, 43, 34, 0, 55, 72, 89, 94]|[2, 1, 2, 1, 1, 2, 1, 1, 1, 1, 1, 0, 2, 2, 1, 2, 0, 0, 0, 2, 2, 1, 0, 2, 0, 2, 2, 1, 0, 1, 1, 1, 0, 0, 1, 0, 2, 1, 2, 2, 0, 0, 1, 1, 0, 2, 0, 2, 1, 0, 0, 2, 0, 0, 2, 0, 2, 1, 0, 0, 2, 1, 0, 2, 2, 0, 2, 2, 0, 1, 2, 1, 1, 0, 0, 1, 1, 1, 1, 2, 2, 1, 1, 1, 1, 0, 0, 0, 1, 0, 2, 1, 1, 1, 1, 0, 0, 1, 1, 1]|[0, 3, 0, 2, 4, 1, 4, 4, 2, 4, 3, 2, 1, 0, 2, 1, 1, 1, 2, 1, 1, 3, 0, 1, 0, 1, 1, 4, 1, 4, 3, 2, 2, 0, 4, 1, 1, 4, 0, 1, 2, 1, 4, 4, 1, 1, 0, 2, 3, 1, 2, 1, 2, 1, 1, 2, 0, 3, 0, 2, 2, 3, 1, 0, 1, 2, 0, 1, 2, 4, 1, 3, 4, 2, 2, 4, 3, 3, 3, 1, 1, 4, 3, 4, 3, 2, 2, 2, 4, 2, 1, 3, 3, 4, 1, 2, 2, 4, 4, 4]|[0, 2, 0, 1, 3, 0, 1, 3, 0, 0, 2, 0, 1, 0, 1, 0, 0, 0, 1, 0, 0, 2, 0, 0, 1, 0, 0, 3, 0, 1, 0, 2, 0, 0, 3, 0, 1, 3, 1, 0, 0, 0, 1, 3, 0, 0, 1, 0, 2, 0, 0, 0, 0, 0, 1, 0, 0, 0, 1, 1, 0, 2, 0, 0, 0, 0, 0, 0, 0, 2, 0, 0, 1, 0, 0, 2, 0, 0, 3, 0, 0, 1, 0, 3, 0, 0, 0, 0, 3, 0, 0, 0, 0, 2, 1, 0, 0, 2, 1, 2],919.0497895854953,51847.77047172447,110973.80723209208,false
11,G3_TWC,G2_TEC,[31, 22, 82, 15, 26, 9, 95, 42, 77, 68, 47, 5, 93, 78, 86, 54, 85, 63, 18, 44, 20, 49, 36, 14, 74, 80, 53, 17, 21, 45, 71, 64, 3, 23, 30, 83, 24, 41, 60, 52, 65, 27, 90, 70, 39, 87, 48, 69, 62, 4, 46, 1, 13, 58, 97, 59, 28, 8, 73, 37, 35, 79, 11, 66, 76, 57, 40, 50, 96, 6, 16, 61, 33, 98, 32, 81, 99, 67, 10, 7, 56, 88, 51, 19, 91, 29, 75, 92, 25, 84, 2, 55, 12, 43, 34, 0, 89, 94, 38, 72]|[2, 1, 2, 1, 1, 2, 1, 1, 1, 1, 1, 0, 2, 2, 1, 2, 0, 0, 0, 2, 2, 1, 0, 2, 0, 2, 2, 1, 0, 1, 1, 1, 0, 0, 1, 0, 2, 1, 2, 2, 0, 0, 1, 1, 0, 2, 0, 2, 1, 0, 0, 2, 0, 0, 2, 0, 0, 1, 0, 0, 2, 1, 0, 2, 2, 0, 2, 2, 0, 1, 2, 1, 1, 0, 0, 1, 1, 1, 1, 2, 2, 1, 1, 1, 1, 1, 0, 0, 1, 0, 2, 0, 1, 1, 1, 0, 1, 1, 0, 1]|[0, 3, 0, 2, 4, 1, 4, 4, 2, 4, 3, 2, 1, 0, 2, 1, 1, 1, 2, 1, 1, 3, 0, 1, 0, 1, 1, 4, 1, 4, 3, 2, 2, 0, 4, 1, 1, 4, 0, 1, 2, 1, 4, 4, 1, 1, 0, 2, 3, 2, 2, 1, 2, 1, 1, 2, 0, 3, 0, 2, 2, 3, 1, 0, 1, 0, 0, 1, 2, 4, 1, 3, 4, 2, 2, 4, 3, 3, 3, 1, 1, 4, 3, 4, 3, 3, 2, 2, 4, 2, 1, 2, 3, 4, 1, 2, 4, 4, 2, 4]|[0, 2, 0, 1, 3, 0, 1, 3, 0, 0, 2, 0, 1, 0, 1, 0, 0, 0, 1, 0, 0, 2, 0, 0, 1, 0, 0, 3, 0, 1, 0, 2, 0, 0, 3, 0, 1, 3, 1, 0, 0, 0, 1, 3, 0, 0, 1, 0, 0, 0, 0, 0, 0, 0, 1, 0, 1, 0, 1, 1, 0, 2, 0, 0, 0, 1, 0, 0, 0, 2, 0, 0, 1, 0, 0, 2, 0, 0, 3, 0, 0, 1, 0, 3, 0, 0, 0, 0, 3, 0, 0, 0, 0, 2, 1, 0, 1, 2, 0, 2],906.5704669374377,52200.7314244361,109837.50914617901,true
11,G1_CMAX,G1_CMAX,[31, 22, 82, 15, 26, 9, 95, 42, 77, 12, 47, 5, 93, 78, 86, 54, 6, 63, 18, 44, 20, 35, 43, 97, 91, 76, 10, 30, 21, 45, 64, 1, 23, 17, 83, 24, 14, 60, 36, 13, 75, 46, 68, 67, 69, 79, 56, 65, 88, 40, 57, 85, 58, 19, 32, 81, 48, 27, 62, 87, 90, 99, 59, 11, 16, 72, 73, 71, 70, 39, 37, 84, 3, 98, 29, 28, 55, 25, 92, 7, 33, 61, 53, 41, 89, 50, 8, 96, 51, 80, 34, 4, 66, 2, 52, 49, 0, 94, 74, 38]|[1, 1, 0, 1, 1, 0, 1, 2, 2, 1, 2, 2, 2, 1, 1, 0, 0, 1, 0, 2, 2, 0, 1, 2, 0, 1, 2, 2, 0, 0, 2, 1, 2, 1, 0, 2, 2, 1, 1, 0, 0, 0, 0, 0, 2, 1, 2, 0, 1, 1, 1, 0, 1, 2, 1, 2, 1, 0, 0, 2, 1, 0, 1, 2, 1, 2, 1, 1, 1, 1, 1, 1, 1, 0, 0, 0, 1, 1, 0, 1, 0, 1, 0, 1, 1, 0, 1, 0, 0, 0, 2, 1, 2, 0, 1, 0, 0, 2, 2, 1]|[0, 3, 2, 2, 4, 1, 2, 2, 2, 4, 1, 1, 2, 4, 4, 1, 2, 4, 2, 1, 1, 1, 1, 2, 1, 2, 1, 1, 1, 1, 2, 3, 0, 4, 0, 1, 2, 0, 3, 2, 2, 2, 1, 0, 2, 0, 1, 1, 0, 2, 2, 2, 0, 0, 3, 2, 4, 1, 2, 2, 3, 1, 1, 1, 3, 0, 4, 3, 3, 1, 4, 1, 1, 1, 1, 2, 4, 4, 0, 1, 2, 3, 2, 4, 1, 1, 3, 1, 1, 1, 1, 4, 1, 2, 1, 1, 2, 2, 1, 1]|[0, 2, 1, 1, 3, 0, 1, 0, 0, 0, 0, 0, 1, 0, 1, 0, 1, 3, 1, 0, 0, 0, 3, 1, 0, 2, 0, 0, 0, 1, 0, 0, 0, 3, 0, 1, 1, 0, 2, 0, 0, 0, 0, 1, 0, 0, 0, 0, 0, 1, 1, 0, 3, 0, 0, 1, 2, 0, 1, 0, 2, 0, 1, 0, 2, 1, 0, 0, 0, 1, 1, 3, 1, 0, 0, 1, 3, 3, 1, 2, 1, 0, 1, 3, 1, 0, 2, 0, 0, 0, 0, 0, 0, 0, 1, 1, 0, 0, 0, 1],740.6648699319737,58345.503832923176,99227.13002615936,false
11,G4_BALANCED,G2_TEC,[31, 22, 82, 15, 26, 9, 95, 42, 77, 68, 47, 5, 93, 78, 86, 54, 85, 63, 18, 44, 20, 49, 36, 14, 74, 50, 53, 17, 21, 28, 71, 64, 3, 23, 30, 83, 24, 41, 60, 52, 65, 27, 90, 70, 39, 87, 48, 69, 99, 4, 46, 1, 13, 58, 97, 59, 45, 8, 73, 37, 35, 79, 11, 66, 76, 57, 40, 80, 96, 6, 16, 61, 33, 98, 32, 81, 62, 67, 10, 7, 56, 88, 51, 19, 91, 38, 75, 92, 25, 84, 2, 12, 55, 43, 34, 29, 0, 94, 89, 72]|[2, 1, 2, 1, 1, 2, 1, 1, 1, 1, 1, 0, 2, 2, 1, 2, 0, 0, 0, 2, 2, 1, 0, 2, 0, 2, 2, 1, 0, 1, 1, 1, 0, 0, 1, 0, 2, 1, 2, 2, 0, 0, 1, 1, 0, 2, 0, 2, 1, 0, 0, 2, 0, 0, 2, 0, 1, 1, 0, 0, 2, 1, 0, 2, 2, 0, 2, 2, 0, 1, 2, 1, 1, 0, 0, 1, 1, 1, 1, 2, 2, 1, 1, 1, 1, 0, 0, 0, 1, 0, 2, 1, 0, 1, 1, 1, 0, 1, 1, 1]|[0, 3, 0, 2, 4, 1, 4, 4, 2, 4, 3, 2, 1, 0, 2, 1, 1, 1, 2, 1, 1, 3, 0, 1, 0, 1, 1, 4, 1, 4, 3, 2, 2, 0, 4, 1, 1, 4, 0, 1, 2, 1, 4, 4, 1, 1, 0, 2, 3, 1, 2, 1, 2, 1, 1, 2, 4, 3, 0, 2, 2, 3, 1, 0, 1, 2, 0, 1, 2, 4, 1, 3, 4, 2, 2, 4, 3, 3, 3, 1, 1, 4, 3, 4, 3, 2, 2, 2, 4, 2, 1, 3, 2, 4, 4, 3, 2, 4, 4, 4]|[0, 2, 0, 1, 3, 0, 1, 3, 0, 0, 2, 0, 1, 0, 1, 0, 0, 0, 1, 0, 0, 2, 0, 0, 1, 0, 0, 3, 0, 1, 0, 2, 0, 0, 3, 0, 1, 3, 1, 0, 0, 0, 1, 3, 0, 0, 1, 0, 2, 0, 0, 0, 0, 0, 1, 0, 1, 0, 1, 1, 0, 2, 0, 0, 0, 0, 0, 0, 0, 2, 0, 0, 1, 0, 0, 2, 0, 0, 3, 0, 0, 1, 0, 3, 0, 0, 0, 0, 3, 0, 0, 0, 0, 2, 1, 0, 0, 2, 1, 2],926.1983638701988,51477.04733108012,111560.63774300712,true
11,G2_TEC,G2_TEC,[31, 22, 82, 15, 26, 9, 95, 42, 77, 68, 47, 5, 93, 78, 86, 54, 85, 63, 18, 44, 20, 49, 36, 14, 74, 50, 53, 17, 21, 45, 71, 64, 3, 23, 30, 83, 24, 41, 60, 52, 65, 27, 90, 70, 39, 87, 48, 69, 99, 4, 46, 1, 13, 58, 97, 59, 28, 8, 73, 37, 35, 79, 11, 66, 76, 57, 40, 80, 96, 6, 16, 61, 33, 98, 32, 81, 62, 67, 10, 7, 56, 88, 51, 19, 91, 38, 75, 92, 25, 84, 2, 12, 29, 43, 89, 55, 0, 94, 34, 72]|[2, 1, 2, 1, 1, 2, 1, 1, 1, 1, 1, 0, 2, 2, 1, 2, 0, 0, 0, 2, 2, 1, 0, 2, 0, 2, 2, 1, 0, 1, 1, 1, 0, 0, 1, 0, 2, 1, 2, 2, 0, 0, 1, 1, 0, 2, 0, 2, 1, 0, 0, 2, 2, 0, 2, 0, 2, 1, 0, 0, 2, 1, 0, 2, 2, 0, 2, 2, 0, 1, 2, 1, 1, 0, 0, 1, 1, 1, 1, 2, 2, 1, 1, 1, 1, 0, 0, 0, 1, 0, 2, 1, 1, 1, 1, 0, 0, 1, 1, 1]|[0, 3, 0, 2, 4, 1, 4, 4, 2, 4, 3, 2, 1, 0, 2, 1, 1, 1, 2, 1, 1, 3, 0, 1, 0, 1, 1, 4, 1, 4, 3, 2, 2, 0, 4, 1, 1, 4, 0, 1, 2, 1, 4, 4, 1, 1, 0, 2, 3, 1, 2, 1, 2, 2, 1, 2, 0, 3, 0, 2, 2, 3, 1, 0, 1, 2, 0, 1, 2, 4, 1, 3, 4, 2, 2, 4, 3, 3, 3, 1, 1, 4, 3, 4, 3, 2, 2, 2, 4, 2, 1, 3, 3, 4, 4, 2, 2, 4, 1, 4]|[0, 2, 0, 1, 3, 0, 1, 3, 0, 0, 2, 0, 1, 0, 1, 0, 0, 0, 1, 0, 0, 2, 0, 0, 1, 0, 0, 3, 0, 1, 0, 2, 0, 0, 3, 0, 1, 3, 1, 0, 0, 0, 1, 3, 0, 0, 1, 0, 2, 0, 0, 0, 0, 0, 1, 0, 0, 0, 1, 1, 0, 2, 0, 0, 0, 0, 0, 0, 0, 2, 0, 0, 1, 0, 0, 2, 0, 0, 3, 0, 0, 1, 0, 3, 0, 0, 0, 0, 3, 0, 0, 0, 0, 2, 1, 0, 0, 2, 1, 2],886.7870637778938,51982.18484653672,112309.1752216169,false
11,G3_TWC,G2_TEC,[31, 22, 82, 15, 26, 9, 95, 42, 77, 68, 47, 5, 93, 78, 86, 54, 85, 63, 18, 44, 20, 49, 36, 14, 74, 80, 53, 17, 21, 45, 71, 64, 3, 23, 30, 83, 24, 41, 60, 52, 65, 27, 90, 70, 39, 87, 48, 69, 62, 4, 46, 1, 13, 58, 97, 59, 28, 8, 73, 37, 35, 79, 11, 66, 76, 57, 40, 50, 96, 6, 16, 61, 33, 98, 32, 81, 99, 67, 10, 7, 56, 88, 51, 19, 91, 29, 75, 92, 25, 84, 2, 55, 12, 43, 34, 0, 89, 94, 38, 72]|[2, 1, 2, 1, 1, 2, 1, 1, 1, 1, 1, 0, 2, 2, 1, 2, 0, 0, 0, 2, 2, 1, 0, 2, 0, 2, 2, 1, 0, 1, 1, 1, 0, 0, 1, 0, 2, 1, 2, 2, 0, 0, 1, 1, 0, 2, 0, 2, 1, 0, 0, 2, 0, 0, 2, 0, 0, 1, 0, 0, 2, 1, 0, 2, 2, 0, 2, 2, 0, 1, 2, 1, 1, 0, 0, 1, 1, 1, 1, 2, 2, 1, 1, 1, 1, 1, 0, 0, 1, 0, 2, 0, 1, 1, 1, 0, 1, 1, 0, 1]|[0, 3, 0, 2, 4, 1, 4, 4, 2, 4, 3, 2, 1, 0, 2, 1, 1, 1, 2, 1, 1, 3, 0, 1, 0, 1, 1, 4, 1, 4, 3, 2, 2, 0, 4, 1, 1, 4, 0, 1, 2, 1, 4, 4, 1, 1, 0, 2, 3, 2, 2, 1, 2, 1, 1, 2, 0, 3, 0, 2, 2, 3, 1, 0, 1, 0, 0, 1, 2, 4, 1, 3, 4, 2, 2, 4, 3, 3, 3, 1, 1, 4, 3, 4, 3, 3, 2, 2, 4, 2, 1, 2, 3, 4, 1, 2, 4, 4, 2, 4]|[0, 2, 0, 1, 3, 0, 1, 3, 0, 0, 2, 0, 1, 0, 1, 0, 0, 0, 1, 0, 0, 2, 0, 0, 1, 0, 0, 3, 0, 1, 0, 2, 0, 0, 3, 0, 1, 3, 1, 0, 0, 0, 1, 3, 0, 0, 1, 0, 0, 0, 0, 0, 0, 0, 1, 0, 1, 0, 1, 1, 0, 2, 0, 0, 0, 1, 0, 0, 0, 2, 0, 0, 1, 0, 0, 2, 0, 0, 3, 0, 0, 1, 0, 3, 0, 0, 0, 0, 3, 0, 0, 0, 0, 2, 1, 0, 1, 2, 0, 2],906.5704669374377,52200.7314244361,109837.50914617901,true
11,G1_CMAX,G1_CMAX,[31, 22, 82, 15, 26, 9, 95, 42, 77, 12, 47, 5, 93, 78, 86, 54, 6, 63, 18, 44, 20, 35, 43, 97, 91, 76, 10, 30, 21, 45, 64, 1, 23, 17, 83, 24, 14, 60, 36, 13, 75, 46, 68, 67, 69, 79, 56, 65, 88, 40, 57, 85, 58, 19, 32, 81, 48, 27, 62, 87, 90, 99, 59, 11, 16, 72, 73, 71, 70, 39, 37, 84, 3, 98, 29, 28, 55, 25, 92, 7, 33, 61, 53, 41, 89, 50, 8, 96, 51, 80, 34, 4, 66, 2, 52, 49, 0, 94, 74, 38]|[1, 1, 0, 1, 1, 0, 1, 2, 2, 1, 2, 2, 2, 1, 1, 0, 0, 1, 0, 2, 2, 0, 1, 2, 0, 1, 2, 2, 0, 0, 2, 1, 2, 1, 0, 2, 2, 1, 1, 0, 0, 0, 0, 0, 2, 1, 2, 0, 1, 1, 1, 0, 1, 2, 1, 2, 1, 0, 0, 2, 1, 0, 1, 2, 1, 2, 1, 1, 1, 1, 1, 1, 1, 0, 0, 0, 1, 1, 0, 1, 0, 1, 0, 1, 1, 0, 1, 0, 0, 0, 2, 1, 2, 0, 1, 0, 0, 2, 2, 1]|[0, 3, 2, 2, 4, 1, 2, 2, 2, 4, 1, 1, 2, 4, 4, 1, 2, 4, 2, 1, 1, 1, 1, 2, 1, 2, 1, 1, 1, 1, 2, 3, 0, 4, 0, 1, 2, 0, 3, 2, 2, 2, 1, 0, 2, 0, 1, 1, 0, 2, 2, 2, 0, 0, 3, 2, 4, 1, 2, 2, 3, 1, 1, 1, 3, 0, 4, 3, 3, 1, 4, 1, 1, 1, 1, 2, 4, 4, 0, 1, 2, 3, 2, 4, 1, 1, 3, 1, 1, 1, 1, 4, 1, 2, 1, 1, 2, 2, 1, 1]|[0, 2, 1, 1, 3, 0, 1, 0, 0, 0, 0, 0, 1, 0, 1, 0, 1, 3, 1, 0, 0, 0, 3, 1, 0, 2, 0, 0, 0, 1, 0, 0, 0, 3, 0, 1, 1, 0, 2, 0, 0, 0, 0, 1, 0, 0, 0, 0, 0, 1, 1, 0, 3, 0, 0, 1, 2, 0, 1, 0, 2, 0, 1, 0, 2, 1, 0, 0, 0, 1, 1, 3, 1, 0, 0, 1, 3, 3, 1, 2, 1, 0, 1, 3, 1, 0, 2, 0, 0, 0, 0, 0, 0, 0, 1, 1, 0, 0, 0, 1],740.6648699319737,58345.503832923176,99227.13002615936,false
11,G4_BALANCED,G2_TEC,[31, 22, 82, 15, 26, 9, 95, 42, 77, 68, 47, 5, 93, 78, 86, 54, 85, 63, 18, 44, 20, 49, 36, 14, 74, 50, 53, 17, 21, 28, 71, 64, 3, 23, 30, 83, 24, 41, 60, 52, 65, 27, 90, 70, 39, 87, 48, 69, 99, 4, 46, 1, 13, 58, 97, 59, 45, 8, 73, 37, 35, 79, 11, 66, 76, 57, 40, 80, 96, 6, 16, 61, 33, 98, 32, 81, 62, 67, 10, 7, 56, 88, 51, 19, 91, 38, 75, 92, 25, 84, 2, 12, 55, 43, 34, 29, 0, 94, 89, 72]|[2, 1, 2, 1, 1, 2, 1, 1, 1, 1, 1, 0, 2, 2, 1, 2, 0, 0, 0, 2, 2, 1, 0, 2, 0, 2, 2, 1, 0, 1, 1, 1, 0, 0, 1, 0, 2, 1, 2, 2, 0, 0, 1, 1, 0, 2, 0, 2, 1, 0, 0, 2, 0, 0, 2, 0, 1, 1, 0, 0, 2, 1, 0, 2, 2, 0, 2, 2, 0, 1, 2, 1, 1, 0, 0, 1, 1, 1, 1, 2, 2, 1, 1, 1, 1, 0, 0, 0, 1, 0, 2, 1, 0, 1, 1, 1, 0, 1, 1, 1]|[0, 3, 0, 2, 4, 1, 4, 4, 2, 4, 3, 2, 1, 0, 2, 1, 1, 1, 2, 1, 1, 3, 0, 1, 0, 1, 1, 4, 1, 4, 3, 2, 2, 0, 4, 1, 1, 4, 0, 1, 2, 1, 4, 4, 1, 1, 0, 2, 3, 1, 2, 1, 2, 1, 1, 2, 4, 3, 0, 2, 2, 3, 1, 0, 1, 2, 0, 1, 2, 4, 1, 3, 4, 2, 2, 4, 3, 3, 3, 1, 1, 4, 3, 4, 3, 2, 2, 2, 4, 2, 1, 3, 2, 4, 4, 3, 2, 4, 4, 4]|[0, 2, 0, 1, 3, 0, 1, 3, 0, 0, 2, 0, 1, 0, 1, 0, 0, 0, 1, 0, 0, 2, 0, 0, 1, 0, 0, 3, 0, 1, 0, 2, 0, 0, 3, 0, 1, 3, 1, 0, 0, 0, 1, 3, 0, 0, 1, 0, 2, 0, 0, 0, 0, 0, 1, 0, 1, 0, 1, 1, 0, 2, 0, 0, 0, 0, 0, 0, 0, 2, 0, 0, 1, 0, 0, 2, 0, 0, 3, 0, 0, 1, 0, 3, 0, 0, 0, 0, 3, 0, 0, 0, 0, 2, 1, 0, 0, 2, 1, 2],926.1983638701988,51477.04733108012,111560.63774300712,true
11,G2_TEC,G2_TEC,[31, 22, 82, 15, 26, 9, 95, 42, 77, 68, 47, 5, 93, 78, 86, 54, 85, 63, 18, 44, 20, 49, 36, 14, 74, 50, 53, 17, 21, 45, 71, 64, 3, 23, 30, 83, 24, 41, 60, 52, 65, 27, 90, 70, 39, 87, 48, 69, 99, 4, 46, 1, 13, 58, 97, 59, 28, 8, 73, 37, 35, 79, 11, 66, 76, 57, 40, 80, 96, 6, 16, 61, 33, 98, 32, 81, 62, 67, 10, 7, 56, 88, 51, 19, 91, 38, 75, 92, 25, 84, 2, 12, 29, 43, 34, 0, 55, 72, 89, 94]|[2, 1, 2, 1, 1, 2, 1, 1, 1, 1, 1, 0, 2, 2, 1, 2, 0, 0, 0, 2, 2, 1, 0, 2, 0, 2, 2, 1, 0, 1, 1, 1, 0, 0, 1, 0, 2, 1, 2, 2, 0, 0, 1, 1, 0, 2, 0, 2, 1, 0, 0, 2, 0, 0, 2, 0, 2, 1, 0, 0, 2, 1, 0, 2, 2, 0, 2, 2, 0, 1, 2, 1, 1, 0, 0, 1, 1, 1, 1, 2, 2, 1, 1, 1, 1, 0, 0, 0, 1, 0, 2, 1, 1, 1, 1, 0, 0, 1, 1, 1]|[0, 3, 0, 2, 4, 1, 4, 4, 2, 4, 3, 2, 1, 0, 2, 1, 1, 1, 2, 1, 1, 3, 0, 1, 0, 1, 1, 4, 1, 4, 3, 2, 2, 0, 4, 1, 1, 4, 0, 1, 2, 1, 4, 4, 1, 1, 0, 2, 3, 1, 2, 1, 2, 1, 1, 2, 0, 3, 0, 2, 2, 3, 1, 0, 1, 2, 0, 1, 2, 4, 1, 3, 4, 2, 2, 4, 3, 3, 3, 1, 1, 4, 3, 4, 3, 2, 2, 2, 4, 2, 1, 3, 3, 4, 1, 2, 2, 4, 4, 4]|[0, 2, 0, 1, 3, 0, 1, 3, 0, 0, 2, 0, 1, 0, 1, 0, 0, 0, 1, 0, 0, 2, 0, 0, 1, 0, 0, 3, 0, 1, 0, 2, 0, 0, 3, 0, 1, 3, 1, 0, 0, 0, 1, 3, 0, 0, 1, 0, 2, 0, 0, 0, 0, 0, 1, 0, 0, 0, 1, 1, 0, 2, 0, 0, 0, 0, 0, 0, 0, 2, 0, 0, 1, 0, 0, 2, 0, 0, 3, 0, 0, 1, 0, 3, 0, 0, 0, 0, 3, 0, 0, 0, 0, 2, 1, 0, 0, 2, 1, 2],919.0497895854953,51847.77047172447,110973.80723209208,false
11,G3_TWC,G3_TWC,[31, 22, 82, 15, 26, 9, 95, 42, 77, 12, 47, 5, 93, 78, 86, 54, 85, 63, 18, 44, 20, 35, 43, 97, 91, 76, 10, 30, 21, 45, 71, 64, 1, 23, 17, 83, 24, 14, 60, 36, 41, 57, 40, 88, 65, 56, 79, 94, 67, 68, 46, 75, 38, 58, 19, 32, 81, 6, 27, 62, 87, 90, 99, 59, 11, 16, 72, 73, 69, 39, 37, 84, 3, 92, 25, 55, 28, 29, 51, 7, 66, 61, 98, 48, 89, 8, 33, 96, 53, 80, 50, 4, 34, 2, 52, 13, 0, 70, 74, 49]|[1, 1, 0, 1, 1, 0, 1, 2, 2, 1, 2, 2, 2, 1, 1, 0, 0, 1, 0, 2, 2, 0, 1, 2, 0, 1, 2, 2, 0, 0, 1, 2, 1, 2, 1, 0, 2, 0, 1, 1, 0, 1, 1, 1, 0, 2, 1, 1, 0, 0, 0, 0, 1, 1, 2, 1, 2, 0, 0, 0, 2, 1, 0, 1, 2, 1, 2, 1, 1, 1, 1, 1, 1, 0, 1, 1, 0, 0, 0, 1, 2, 1, 2, 0, 1, 0, 2, 0, 0, 0, 0, 0, 2, 0, 1, 0, 0, 1, 2, 0]|[4, 3, 2, 2, 4, 1, 2, 2, 2, 4, 1, 1, 2, 4, 4, 1, 2, 4, 2, 1, 1, 1, 1, 2, 1, 2, 1, 1, 1, 1, 3, 2, 3, 0, 4, 0, 1, 1, 0, 3, 2, 2, 2, 0, 1, 1, 0, 4, 0, 1, 2, 2, 1, 4, 0, 3, 2, 1, 1, 2, 1, 3, 1, 1, 1, 3, 0, 4, 3, 1, 4, 1, 1, 0, 4, 4, 2, 1, 1, 1, 1, 3, 1, 1, 1, 1, 1, 1, 2, 1, 1, 2, 1, 2, 1, 2, 2, 4, 1, 1]|[0, 2, 1, 1, 3, 0, 1, 0, 0, 0, 0, 0, 1, 0, 1, 0, 0, 3, 1, 0, 0, 0, 3, 1, 0, 2, 0, 0, 0, 1, 0, 0, 0, 0, 3, 0, 1, 0, 0, 2, 1, 1, 1, 0, 0, 0, 0, 2, 1, 0, 0, 0, 1, 3, 0, 0, 1, 0, 0, 1, 0, 2, 0, 1, 0, 2, 1, 0, 0, 1, 1, 3, 1, 1, 3, 3, 1, 0, 0, 2, 0, 0, 0, 0, 1, 0, 0, 0, 1, 0, 0, 1, 0, 0, 1, 0, 0, 2, 0, 1],828.6150361188287,57498.909092636255,92558.71763620913,false
11,G1_CMAX,G1_CMAX,[31, 22, 82, 15, 26, 9, 95, 42, 77, 12, 47, 5, 93, 78, 86, 54, 6, 63, 18, 44, 20, 35, 43, 97, 91, 76, 10, 30, 21, 45, 64, 1, 23, 17, 83, 24, 14, 60, 36, 13, 75, 46, 68, 67, 69, 79, 56, 65, 88, 40, 57, 85, 58, 19, 32, 81, 48, 27, 62, 87, 90, 99, 59, 11, 16, 72, 73, 71, 70, 39, 37, 84, 3, 98, 29, 28, 55, 25, 92, 7, 33, 61, 53, 41, 89, 50, 8, 96, 51, 80, 34, 4, 66, 2, 52, 49, 0, 94, 74, 38]|[1, 1, 0, 1, 1, 0, 1, 2, 2, 1, 2, 2, 2, 1, 1, 0, 0, 1, 0, 2, 2, 0, 1, 2, 0, 1, 2, 2, 0, 0, 2, 1, 2, 1, 0, 2, 2, 1, 1, 0, 0, 0, 0, 0, 2, 1, 2, 0, 1, 1, 1, 0, 1, 2, 1, 2, 1, 0, 0, 2, 1, 0, 1, 2, 1, 2, 1, 1, 1, 1, 1, 1, 1, 0, 0, 0, 1, 1, 0, 1, 0, 1, 0, 1, 1, 0, 1, 0, 0, 0, 2, 1, 2, 0, 1, 0, 0, 2, 2, 1]|[0, 3, 2, 2, 4, 1, 2, 2, 2, 4, 1, 1, 2, 4, 4, 1, 2, 4, 2, 1, 1, 1, 1, 2, 1, 2, 1, 1, 1, 1, 2, 3, 0, 4, 0, 1, 2, 0, 3, 2, 2, 2, 1, 0, 2, 0, 1, 1, 0, 2, 2, 2, 0, 0, 3, 2, 4, 1, 2, 2, 3, 1, 1, 1, 3, 0, 4, 3, 3, 1, 4, 1, 1, 1, 1, 2, 4, 4, 0, 1, 2, 3, 2, 4, 1, 1, 3, 1, 1, 1, 1, 4, 1, 2, 1, 1, 2, 2, 1, 1]|[0, 2, 1, 1, 3, 0, 1, 0, 0, 0, 0, 0, 1, 0, 1, 0, 1, 3, 1, 0, 0, 0, 3, 1, 0, 2, 0, 0, 0, 1, 0, 0, 0, 3, 0, 1, 1, 0, 2, 0, 0, 0, 0, 1, 0, 0, 0, 0, 0, 1, 1, 0, 3, 0, 0, 1, 2, 0, 1, 0, 2, 0, 1, 0, 2, 1, 0, 0, 0, 1, 1, 3, 1, 0, 0, 1, 3, 3, 1, 2, 1, 0, 1, 3, 1, 0, 2, 0, 0, 0, 0, 0, 0, 0, 1, 1, 0, 0, 0, 1],740.6648699319737,58345.503832923176,99227.13002615936,false
11,G4_BALANCED,G2_TEC,[31, 22, 82, 15, 26, 9, 95, 42, 77, 68, 47, 5, 93, 78, 86, 54, 85, 63, 18, 44, 20, 49, 36, 14, 74, 50, 53, 17, 21, 28, 71, 64, 3, 23, 30, 83, 24, 41, 60, 52, 65, 27, 90, 70, 39, 87, 48, 69, 99, 4, 46, 1, 13, 58, 97, 59, 45, 8, 73, 37, 35, 79, 11, 66, 76, 57, 40, 80, 96, 6, 16, 61, 33, 98, 32, 81, 62, 67, 10, 7, 56, 88, 51, 19, 91, 38, 75, 92, 25, 84, 2, 12, 55, 43, 34, 29, 0, 94, 89, 72]|[2, 1, 2, 1, 1, 2, 1, 1, 1, 1, 1, 0, 2, 2, 1, 2, 0, 0, 0, 2, 2, 1, 0, 2, 0, 2, 2, 1, 0, 1, 1, 1, 0, 0, 1, 0, 2, 1, 2, 2, 0, 0, 1, 1, 0, 2, 0, 2, 1, 0, 0, 2, 0, 0, 2, 0, 1, 1, 0, 0, 2, 1, 0, 2, 2, 0, 2, 2, 0, 1, 2, 1, 1, 0, 0, 1, 1, 1, 1, 2, 2, 1, 1, 1, 1, 0, 0, 0, 1, 0, 2, 1, 0, 1, 1, 1, 0, 1, 1, 1]|[0, 3, 0, 2, 4, 1, 4, 4, 2, 4, 3, 2, 1, 0, 2, 1, 1, 1, 2, 1, 1, 3, 0, 1, 0, 1, 1, 4, 1, 4, 3, 2, 2, 0, 4, 1, 1, 4, 0, 1, 2, 1, 4, 4, 1, 1, 0, 2, 3, 1, 2, 1, 2, 1, 1, 2, 4, 3, 0, 2, 2, 3, 1, 0, 1, 2, 0, 1, 2, 4, 1, 3, 4, 2, 2, 4, 3, 3, 3, 1, 1, 4, 3, 4, 3, 2, 2, 2, 4, 2, 1, 3, 2, 4, 4, 3, 2, 4, 4, 4]|[0, 2, 0, 1, 3, 0, 1, 3, 0, 0, 2, 0, 1, 0, 1, 0, 0, 0, 1, 0, 0, 2, 0, 0, 1, 0, 0, 3, 0, 1, 0, 2, 0, 0, 3, 0, 1, 3, 1, 0, 0, 0, 1, 3, 0, 0, 1, 0, 2, 0, 0, 0, 0, 0, 1, 0, 1, 0, 1, 1, 0, 2, 0, 0, 0, 0, 0, 0, 0, 2, 0, 0, 1, 0, 0, 2, 0, 0, 3, 0, 0, 1, 0, 3, 0, 0, 0, 0, 3, 0, 0, 0, 0, 2, 1, 0, 0, 2, 1, 2],926.1983638701988,51477.04733108012,111560.63774300712,true
11,G2_TEC,G2_TEC,[31, 22, 82, 15, 26, 9, 95, 42, 77, 68, 47, 5, 93, 78, 86, 54, 85, 63, 18, 44, 20, 49, 36, 14, 74, 50, 53, 17, 21, 45, 71, 64, 3, 23, 30, 83, 24, 41, 60, 52, 65, 27, 90, 70, 39, 87, 48, 69, 99, 4, 46, 1, 13, 58, 97, 59, 28, 8, 73, 37, 35, 79, 11, 66, 76, 57, 40, 80, 96, 6, 16, 61, 33, 98, 32, 81, 62, 67, 10, 7, 56, 88, 51, 19, 91, 38, 75, 92, 25, 84, 2, 12, 29, 43, 34, 0, 55, 72, 89, 94]|[2, 1, 2, 1, 1, 2, 1, 1, 1, 1, 1, 0, 2, 2, 1, 2, 0, 0, 0, 2, 2, 1, 0, 2, 0, 2, 2, 1, 0, 1, 1, 1, 0, 0, 1, 0, 2, 1, 2, 2, 0, 0, 1, 1, 0, 2, 0, 2, 1, 0, 0, 2, 0, 0, 2, 0, 2, 1, 0, 0, 2, 1, 0, 2, 2, 0, 2, 2, 0, 1, 2, 1, 1, 0, 0, 1, 1, 1, 1, 2, 2, 1, 1, 1, 1, 0, 0, 0, 1, 0, 2, 1, 1, 1, 1, 0, 0, 1, 1, 1]|[0, 3, 0, 2, 4, 1, 4, 4, 2, 4, 3, 2, 1, 0, 2, 1, 1, 1, 2, 1, 1, 3, 0, 1, 0, 1, 1, 4, 1, 4, 3, 2, 2, 0, 4, 1, 1, 4, 0, 1, 2, 1, 4, 4, 1, 1, 0, 2, 3, 1, 2, 1, 2, 1, 1, 2, 0, 3, 0, 2, 2, 3, 1, 0, 1, 2, 0, 1, 2, 4, 1, 3, 4, 2, 2, 4, 3, 3, 3, 1, 1, 4, 3, 4, 3, 2, 2, 2, 4, 2, 1, 3, 3, 4, 1, 2, 2, 4, 4, 4]|[0, 2, 0, 1, 3, 0, 1, 3, 0, 0, 2, 0, 1, 0, 1, 0, 0, 0, 1, 0, 0, 2, 0, 0, 1, 0, 0, 3, 0, 1, 0, 2, 0, 0, 3, 0, 1, 3, 1, 0, 0, 0, 1, 3, 0, 0, 1, 0, 2, 0, 0, 0, 0, 0, 1, 0, 0, 0, 1, 1, 0, 2, 0, 0, 0, 0, 0, 0, 0, 2, 0, 0, 1, 0, 0, 2, 0, 0, 3, 0, 0, 1, 0, 3, 0, 0, 0, 0, 3, 0, 0, 0, 0, 2, 1, 0, 0, 2, 1, 2],919.0497895854953,51847.77047172447,110973.80723209208,false
11,G3_TWC,G4_BALANCED,[31, 22, 82, 15, 26, 9, 95, 42, 77, 12, 47, 5, 93, 78, 86, 54, 85, 63, 18, 44, 20, 35, 43, 97, 91, 76, 10, 30, 21, 45, 71, 64, 1, 23, 17, 83, 24, 14, 60, 36, 6, 57, 40, 88, 65, 56, 79, 69, 67, 68, 46, 75, 38, 58, 19, 32, 81, 48, 27, 62, 87, 90, 99, 59, 11, 16, 72, 73, 70, 39, 37, 84, 3, 92, 25, 55, 28, 29, 51, 7, 66, 61, 98, 41, 89, 50, 33, 96, 80, 53, 8, 34, 4, 2, 52, 49, 0, 94, 74, 13]|[1, 1, 0, 1, 1, 0, 1, 2, 2, 1, 2, 2, 2, 1, 1, 0, 0, 1, 0, 2, 2, 0, 1, 2, 0, 1, 2, 2, 0, 0, 1, 2, 1, 2, 1, 0, 2, 0, 1, 1, 0, 1, 1, 1, 0, 2, 1, 1, 0, 0, 0, 0, 0, 1, 2, 1, 2, 1, 0, 0, 2, 1, 0, 1, 2, 1, 2, 1, 1, 1, 1, 1, 1, 0, 1, 1, 0, 0, 0, 1, 2, 1, 0, 0, 1, 0, 2, 0, 0, 0, 1, 2, 1, 0, 2, 0, 0, 1, 2, 0]|[4, 3, 2, 2, 4, 1, 2, 2, 2, 4, 1, 1, 2, 4, 4, 1, 2, 4, 2, 1, 1, 1, 1, 2, 1, 2, 1, 1, 1, 1, 3, 2, 3, 1, 4, 0, 1, 1, 0, 3, 2, 2, 2, 0, 1, 1, 0, 4, 0, 1, 2, 2, 0, 4, 0, 3, 2, 4, 1, 2, 2, 3, 1, 1, 1, 3, 0, 4, 3, 1, 4, 1, 1, 0, 4, 4, 2, 1, 1, 1, 1, 3, 1, 1, 1, 1, 1, 1, 1, 2, 3, 1, 4, 2, 1, 1, 2, 4, 1, 2]|[0, 2, 1, 1, 3, 0, 1, 0, 0, 0, 0, 0, 1, 0, 1, 0, 0, 3, 1, 0, 0, 0, 3, 1, 0, 2, 0, 0, 0, 1, 0, 0, 0, 0, 3, 0, 1, 0, 0, 2, 1, 1, 1, 0, 0, 0, 0, 2, 1, 0, 0, 0, 0, 3, 0, 0, 1, 2, 0, 1, 0, 2, 0, 1, 0, 2, 1, 0, 0, 1, 1, 3, 1, 1, 3, 3, 1, 0, 0, 2, 0, 0, 0, 0, 1, 0, 0, 0, 0, 1, 2, 0, 0, 0, 0, 1, 0, 2, 0, 0],847.7634806609497,56057.7374074487,101023.70393085956,true
11,G1_CMAX,G1_CMAX,[31, 22, 82, 15, 26, 9, 95, 42, 77, 12, 47, 5, 93, 78, 86, 54, 6, 63, 18, 44, 20, 35, 43, 97, 91, 76, 10, 30, 21, 45, 64, 1, 23, 17, 83, 24, 14, 60, 36, 13, 75, 46, 68, 67, 69, 79, 56, 65, 88, 40, 57, 85, 58, 19, 32, 81, 48, 27, 62, 87, 90, 99, 59, 11, 16, 72, 73, 71, 70, 39, 37, 84, 3, 98, 29, 28, 55, 25, 92, 7, 33, 61, 53, 41, 89, 50, 8, 96, 51, 80, 34, 4, 66, 2, 52, 49, 0, 94, 74, 38]|[1, 1, 0, 1, 1, 0, 1, 2, 2, 1, 2, 2, 2, 1, 1, 0, 0, 1, 0, 2, 2, 0, 1, 2, 0, 1, 2, 2, 0, 0, 2, 1, 2, 1, 0, 2, 2, 1, 1, 0, 0, 0, 0, 0, 2, 1, 2, 0, 1, 1, 1, 0, 1, 2, 1, 2, 1, 0, 0, 2, 1, 0, 1, 2, 1, 2, 1, 1, 1, 1, 1, 1, 1, 0, 0, 0, 1, 1, 0, 1, 0, 1, 0, 1, 1, 0, 1, 0, 0, 0, 2, 1, 2, 0, 1, 0, 0, 2, 2, 1]|[0, 3, 2, 2, 4, 1, 2, 2, 2, 4, 1, 1, 2, 4, 4, 1, 2, 4, 2, 1, 1, 1, 1, 2, 1, 2, 1, 1, 1, 1, 2, 3, 0, 4, 0, 1, 2, 0, 3, 2, 2, 2, 1, 0, 2, 0, 1, 1, 0, 2, 2, 2, 0, 0, 3, 2, 4, 1, 2, 2, 3, 1, 1, 1, 3, 0, 4, 3, 3, 1, 4, 1, 1, 1, 1, 2, 4, 4, 0, 1, 2, 3, 2, 4, 1, 1, 3, 1, 1, 1, 1, 4, 1, 2, 1, 1, 2, 2, 1, 1]|[0, 2, 1, 1, 3, 0, 1, 0, 0, 0, 0, 0, 1, 0, 1, 0, 1, 3, 1, 0, 0, 0, 3, 1, 0, 2, 0, 0, 0, 1, 0, 0, 0, 3, 0, 1, 1, 0, 2, 0, 0, 0, 0, 1, 0, 0, 0, 0, 0, 1, 1, 0, 3, 0, 0, 1, 2, 0, 1, 0, 2, 0, 1, 0, 2, 1, 0, 0, 0, 1, 1, 3, 1, 0, 0, 1, 3, 3, 1, 2, 1, 0, 1, 3, 1, 0, 2, 0, 0, 0, 0, 0, 0, 0, 1, 1, 0, 0, 0, 1],740.6648699319737,58345.503832923176,99227.13002615936,false
11,G4_BALANCED,G2_TEC,[31, 22, 82, 15, 26, 9, 95, 42, 77, 68, 47, 5, 93, 78, 86, 54, 85, 63, 18, 44, 20, 49, 36, 14, 74, 50, 53, 17, 21, 28, 71, 64, 3, 23, 30, 83, 24, 41, 60, 52, 65, 27, 90, 70, 39, 87, 48, 69, 99, 4, 46, 1, 13, 58, 97, 59, 45, 8, 73, 37, 35, 79, 11, 66, 76, 57, 40, 80, 96, 6, 16, 61, 33, 98, 32, 81, 62, 67, 10, 7, 56, 88, 51, 19, 91, 38, 75, 92, 25, 84, 2, 12, 55, 43, 34, 29, 0, 94, 89, 72]|[2, 1, 2, 1, 1, 2, 1, 1, 1, 1, 1, 0, 2, 2, 1, 2, 0, 0, 0, 2, 2, 1, 0, 2, 0, 2, 2, 1, 0, 1, 1, 1, 0, 0, 1, 0, 2, 1, 2, 2, 0, 0, 1, 1, 0, 2, 0, 2, 1, 0, 0, 2, 0, 0, 2, 0, 1, 1, 0, 0, 2, 1, 0, 2, 2, 0, 2, 2, 0, 1, 2, 1, 1, 0, 0, 1, 1, 1, 1, 2, 2, 1, 1, 1, 1, 0, 0, 0, 1, 0, 2, 1, 0, 1, 1, 1, 0, 1, 1, 1]|[0, 3, 0, 2, 4, 1, 4, 4, 2, 4, 3, 2, 1, 0, 2, 1, 1, 1, 2, 1, 1, 3, 0, 1, 0, 1, 1, 4, 1, 4, 3, 2, 2, 0, 4, 1, 1, 4, 0, 1, 2, 1, 4, 4, 1, 1, 0, 2, 3, 1, 2, 1, 2, 1, 1, 2, 4, 3, 0, 2, 2, 3, 1, 0, 1, 2, 0, 1, 2, 4, 1, 3, 4, 2, 2, 4, 3, 3, 3, 1, 1, 4, 3, 4, 3, 2, 2, 2, 4, 2, 1, 3, 2, 4, 4, 3, 2, 4, 4, 4]|[0, 2, 0, 1, 3, 0, 1, 3, 0, 0, 2, 0, 1, 0, 1, 0, 0, 0, 1, 0, 0, 2, 0, 0, 1, 0, 0, 3, 0, 1, 0, 2, 0, 0, 3, 0, 1, 3, 1, 0, 0, 0, 1, 3, 0, 0, 1, 0, 2, 0, 0, 0, 0, 0, 1, 0, 1, 0, 1, 1, 0, 2, 0, 0, 0, 0, 0, 0, 0, 2, 0, 0, 1, 0, 0, 2, 0, 0, 3, 0, 0, 1, 0, 3, 0, 0, 0, 0, 3, 0, 0, 0, 0, 2, 1, 0, 0, 2, 1, 2],926.1983638701988,51477.04733108012,111560.63774300712,true
11,G2_TEC,G2_TEC,[31, 22, 82, 15, 26, 9, 95, 42, 77, 68, 47, 5, 93, 78, 86, 54, 85, 63, 18, 44, 20, 49, 36, 14, 74, 50, 53, 17, 21, 45, 71, 64, 3, 23, 30, 83, 24, 41, 60, 52, 65, 27, 90, 70, 39, 87, 48, 69, 99, 4, 46, 1, 13, 58, 97, 59, 28, 8, 73, 37, 35, 79, 11, 66, 76, 57, 40, 80, 96, 6, 16, 61, 33, 98, 32, 81, 62, 67, 10, 7, 56, 88, 51, 19, 91, 38, 75, 92, 25, 84, 2, 12, 29, 43, 34, 0, 55, 72, 89, 94]|[2, 1, 2, 1, 1, 2, 1, 1, 1, 1, 1, 0, 2, 2, 1, 2, 0, 0, 0, 2, 2, 1, 0, 2, 0, 2, 2, 1, 0, 1, 1, 1, 0, 0, 1, 0, 2, 1, 2, 2, 0, 0, 1, 1, 0, 2, 0, 2, 1, 0, 0, 2, 0, 0, 2, 0, 2, 1, 0, 0, 2, 1, 0, 2, 2, 0, 2, 2, 0, 1, 2, 1, 1, 0, 0, 1, 1, 1, 1, 2, 2, 1, 1, 1, 1, 0, 0, 0, 1, 0, 2, 1, 1, 1, 1, 0, 0, 1, 1, 1]|[0, 3, 0, 2, 4, 1, 4, 4, 2, 4, 3, 2, 1, 0, 2, 1, 1, 1, 2, 1, 1, 3, 0, 1, 0, 1, 1, 4, 1, 4, 3, 2, 2, 0, 4, 1, 1, 4, 0, 1, 2, 1, 4, 4, 1, 1, 0, 2, 3, 1, 2, 1, 2, 1, 1, 2, 0, 3, 0, 2, 2, 3, 1, 0, 1, 2, 0, 1, 2, 4, 1, 3, 4, 2, 2, 4, 3, 3, 3, 1, 1, 4, 3, 4, 3, 2, 2, 2, 4, 2, 1, 3, 3, 4, 1, 2, 2, 4, 4, 4]|[0, 2, 0, 1, 3, 0, 1, 3, 0, 0, 2, 0, 1, 0, 1, 0, 0, 0, 1, 0, 0, 2, 0, 0, 1, 0, 0, 3, 0, 1, 0, 2, 0, 0, 3, 0, 1, 3, 1, 0, 0, 0, 1, 3, 0, 0, 1, 0, 2, 0, 0, 0, 0, 0, 1, 0, 0, 0, 1, 1, 0, 2, 0, 0, 0, 0, 0, 0, 0, 2, 0, 0, 1, 0, 0, 2, 0, 0, 3, 0, 0, 1, 0, 3, 0, 0, 0, 0, 3, 0, 0, 0, 0, 2, 1, 0, 0, 2, 1, 2],919.0497895854953,51847.77047172447,110973.80723209208,false
11,G3_TWC,G3_TWC,[31, 22, 82, 15, 26, 9, 95, 42, 77, 12, 47, 5, 93, 78, 86, 54, 85, 63, 18, 44, 20, 35, 43, 97, 91, 76, 10, 30, 21, 45, 71, 64, 1, 23, 17, 83, 24, 14, 60, 36, 41, 57, 40, 88, 65, 56, 79, 94, 67, 68, 46, 75, 38, 58, 19, 32, 81, 6, 27, 62, 87, 90, 99, 59, 11, 16, 72, 73, 69, 39, 37, 84, 3, 92, 25, 55, 28, 29, 51, 7, 66, 61, 98, 48, 89, 8, 33, 96, 53, 80, 50, 4, 34, 2, 52, 13, 0, 70, 74, 49]|[1, 1, 0, 1, 1, 0, 1, 2, 2, 1, 2, 2, 2, 1, 1, 0, 0, 1, 0, 2, 2, 0, 1, 2, 0, 1, 2, 2, 0, 0, 1, 2, 1, 2, 1, 0, 2, 0, 1, 1, 0, 1, 1, 1, 0, 2, 1, 1, 0, 0, 0, 0, 1, 1, 2, 1, 2, 0, 0, 0, 2, 1, 0, 1, 2, 1, 2, 1, 1, 1, 1, 1, 1, 0, 1, 1, 0, 0, 0, 1, 2, 1, 2, 0, 1, 0, 2, 0, 0, 0, 0, 0, 2, 0, 1, 0, 0, 1, 2, 0]|[4, 3, 2, 2, 4, 1, 2, 2, 2, 4, 1, 1, 2, 4, 4, 1, 2, 4, 2, 1, 1, 1, 1, 2, 1, 2, 1, 1, 1, 1, 3, 2, 3, 0, 4, 0, 1, 1, 0, 3, 2, 2, 2, 0, 1, 1, 0, 4, 0, 1, 2, 2, 1, 4, 0, 3, 2, 1, 1, 2, 1, 3, 1, 1, 1, 3, 0, 4, 3, 1, 4, 1, 1, 0, 4, 4, 2, 1, 1, 1, 1, 3, 1, 1, 1, 1, 1, 1, 2, 1, 1, 2, 1, 2, 1, 2, 2, 4, 1, 1]|[0, 2, 1, 1, 3, 0, 1, 0, 0, 0, 0, 0, 1, 0, 1, 0, 0, 3, 1, 0, 0, 0, 3, 1, 0, 2, 0, 0, 0, 1, 0, 0, 0, 0, 3, 0, 1, 0, 0, 2, 1, 1, 1, 0, 0, 0, 0, 2, 1, 0, 0, 0, 1, 3, 0, 0, 1, 0, 0, 1, 0, 2, 0, 1, 0, 2, 1, 0, 0, 1, 1, 3, 1, 1, 3, 3, 1, 0, 0, 2, 0, 0, 0, 0, 1, 0, 0, 0, 1, 0, 0, 1, 0, 0, 1, 0, 0, 2, 0, 1],828.6150361188287,57498.909092636255,92558.71763620913,false
11,G1_CMAX,G1_CMAX,[31, 22, 82, 15, 26, 9, 95, 42, 77, 12, 47, 5, 93, 78, 86, 54, 6, 63, 18, 44, 20, 35, 43, 97, 91, 76, 10, 30, 21, 45, 64, 1, 23, 17, 83, 24, 14, 60, 36, 13, 75, 46, 68, 67, 69, 79, 56, 65, 88, 40, 57, 85, 58, 19, 32, 81, 48, 27, 62, 87, 90, 99, 59, 11, 16, 72, 73, 71, 70, 39, 37, 84, 3, 98, 29, 28, 55, 25, 92, 7, 33, 61, 53, 41, 89, 50, 8, 96, 51, 80, 34, 4, 66, 2, 52, 49, 0, 94, 74, 38]|[1, 1, 0, 1, 1, 0, 1, 2, 2, 1, 2, 2, 2, 1, 1, 0, 0, 1, 0, 2, 2, 0, 1, 2, 0, 1, 2, 2, 0, 0, 2, 1, 2, 1, 0, 2, 2, 1, 1, 0, 0, 0, 0, 0, 2, 1, 2, 0, 1, 1, 1, 0, 1, 2, 1, 2, 1, 0, 0, 2, 1, 0, 1, 2, 1, 2, 1, 1, 1, 1, 1, 1, 1, 0, 0, 0, 1, 1, 0, 1, 0, 1, 0, 1, 1, 0, 1, 0, 0, 0, 2, 1, 2, 0, 1, 0, 0, 2, 2, 1]|[0, 3, 2, 2, 4, 1, 2, 2, 2, 4, 1, 1, 2, 4, 4, 1, 2, 4, 2, 1, 1, 1, 1, 2, 1, 2, 1, 1, 1, 1, 2, 3, 0, 4, 0, 1, 2, 0, 3, 2, 2, 2, 1, 0, 2, 0, 1, 1, 0, 2, 2, 2, 0, 0, 3, 2, 4, 1, 2, 2, 3, 1, 1, 1, 3, 0, 4, 3, 3, 1, 4, 1, 1, 1, 1, 2, 4, 4, 0, 1, 2, 3, 2, 4, 1, 1, 3, 1, 1, 1, 1, 4, 1, 2, 1, 1, 2, 2, 1, 1]|[0, 2, 1, 1, 3, 0, 1, 0, 0, 0, 0, 0, 1, 0, 1, 0, 1, 3, 1, 0, 0, 0, 3, 1, 0, 2, 0, 0, 0, 1, 0, 0, 0, 3, 0, 1, 1, 0, 2, 0, 0, 0, 0, 1, 0, 0, 0, 0, 0, 1, 1, 0, 3, 0, 0, 1, 2, 0, 1, 0, 2, 0, 1, 0, 2, 1, 0, 0, 0, 1, 1, 3, 1, 0, 0, 1, 3, 3, 1, 2, 1, 0, 1, 3, 1, 0, 2, 0, 0, 0, 0, 0, 0, 0, 1, 1, 0, 0, 0, 1],740.6648699319737,58345.503832923176,99227.13002615936,false
11,G4_BALANCED,G2_TEC,[31, 22, 82, 15, 26, 9, 95, 42, 77, 68, 47, 5, 93, 78, 86, 54, 85, 63, 18, 44, 20, 49, 36, 14, 74, 50, 53, 17, 21, 28, 71, 64, 3, 23, 30, 83, 24, 41, 60, 52, 65, 27, 90, 70, 39, 87, 48, 69, 99, 4, 46, 1, 13, 58, 97, 59, 45, 8, 73, 37, 35, 79, 11, 66, 76, 57, 40, 80, 96, 6, 16, 61, 33, 98, 32, 81, 62, 67, 10, 7, 56, 88, 51, 19, 91, 38, 75, 92, 25, 84, 2, 12, 55, 43, 34, 29, 0, 94, 89, 72]|[2, 1, 2, 1, 1, 2, 1, 1, 1, 1, 1, 0, 2, 2, 1, 2, 0, 0, 0, 2, 2, 1, 0, 2, 0, 2, 2, 1, 0, 1, 1, 1, 0, 0, 1, 0, 2, 1, 2, 2, 0, 0, 1, 1, 0, 2, 0, 2, 1, 0, 0, 2, 0, 0, 2, 0, 1, 1, 0, 0, 2, 1, 0, 2, 2, 0, 2, 2, 0, 1, 2, 1, 1, 0, 0, 1, 1, 1, 1, 2, 2, 1, 1, 1, 1, 0, 0, 0, 1, 0, 2, 1, 0, 1, 1, 1, 0, 1, 1, 1]|[0, 3, 0, 2, 4, 1, 4, 4, 2, 4, 3, 2, 1, 0, 2, 1, 1, 1, 2, 1, 1, 3, 0, 1, 0, 1, 1, 4, 1, 4, 3, 2, 2, 0, 4, 1, 1, 4, 0, 1, 2, 1, 4, 4, 1, 1, 0, 2, 3, 1, 2, 1, 2, 1, 1, 2, 4, 3, 0, 2, 2, 3, 1, 0, 1, 2, 0, 1, 2, 4, 1, 3, 4, 2, 2, 4, 3, 3, 3, 1, 1, 4, 3, 4, 3, 2, 2, 2, 4, 2, 1, 3, 2, 4, 4, 3, 2, 4, 4, 4]|[0, 2, 0, 1, 3, 0, 1, 3, 0, 0, 2, 0, 1, 0, 1, 0, 0, 0, 1, 0, 0, 2, 0, 0, 1, 0, 0, 3, 0, 1, 0, 2, 0, 0, 3, 0, 1, 3, 1, 0, 0, 0, 1, 3, 0, 0, 1, 0, 2, 0, 0, 0, 0, 0, 1, 0, 1, 0, 1, 1, 0, 2, 0, 0, 0, 0, 0, 0, 0, 2, 0, 0, 1, 0, 0, 2, 0, 0, 3, 0, 0, 1, 0, 3, 0, 0, 0, 0, 3, 0, 0, 0, 0, 2, 1, 0, 0, 2, 1, 2],926.1983638701988,51477.04733108012,111560.63774300712,true
11,G2_TEC,G2_TEC,[31, 22, 82, 15, 26, 9, 95, 42, 77, 68, 47, 5, 93, 78, 86, 54, 85, 63, 18, 44, 20, 49, 36, 14, 74, 50, 53, 17, 21, 45, 71, 64, 3, 23, 30, 83, 24, 41, 60, 52, 65, 27, 90, 70, 39, 87, 48, 69, 99, 4, 46, 1, 13, 58, 97, 59, 28, 8, 73, 37, 35, 79, 11, 66, 76, 57, 40, 80, 96, 6, 16, 61, 33, 98, 32, 81, 62, 67, 10, 7, 56, 88, 51, 19, 91, 38, 75, 92, 25, 84, 2, 12, 29, 43, 34, 0, 55, 72, 89, 94]|[2, 1, 2, 1, 1, 2, 1, 1, 1, 1, 1, 0, 2, 2, 1, 2, 0, 0, 0, 2, 2, 1, 0, 2, 0, 2, 2, 1, 0, 1, 1, 1, 0, 0, 1, 0, 2, 1, 2, 2, 0, 0, 1, 1, 0, 2, 0, 2, 1, 0, 0, 2, 0, 0, 2, 0, 2, 1, 0, 0, 2, 1, 0, 2, 2, 0, 2, 2, 0, 1, 2, 1, 1, 0, 0, 1, 1, 1, 1, 2, 2, 1, 1, 1, 1, 0, 0, 0, 1, 0, 2, 1, 1, 1, 1, 0, 0, 1, 1, 1]|[0, 3, 0, 2, 4, 1, 4, 4, 2, 4, 3, 2, 1, 0, 2, 1, 1, 1, 2, 1, 1, 3, 0, 1, 0, 1, 1, 4, 1, 4, 3, 2, 2, 0, 4, 1, 1, 4, 0, 1, 2, 1, 4, 4, 1, 1, 0, 2, 3, 1, 2, 1, 2, 1, 1, 2, 0, 3, 0, 2, 2, 3, 1, 0, 1, 2, 0, 1, 2, 4, 1, 3, 4, 2, 2, 4, 3, 3, 3, 1, 1, 4, 3, 4, 3, 2, 2, 2, 4, 2, 1, 3, 3, 4, 1, 2, 2, 4, 4, 4]|[0, 2, 0, 1, 3, 0, 1, 3, 0, 0, 2, 0, 1, 0, 1, 0, 0, 0, 1, 0, 0, 2, 0, 0, 1, 0, 0, 3, 0, 1, 0, 2, 0, 0, 3, 0, 1, 3, 1, 0, 0, 0, 1, 3, 0, 0, 1, 0, 2, 0, 0, 0, 0, 0, 1, 0, 0, 0, 1, 1, 0, 2, 0, 0, 0, 0, 0, 0, 0, 2, 0, 0, 1, 0, 0, 2, 0, 0, 3, 0, 0, 1, 0, 3, 0, 0, 0, 0, 3, 0, 0, 0, 0, 2, 1, 0, 0, 2, 1, 2],919.0497895854953,51847.77047172447,110973.80723209208,false
11,G3_TWC,G3_TWC,[31, 22, 82, 15, 26, 9, 95, 42, 77, 12, 47, 5, 93, 78, 86, 54, 85, 63, 18, 44, 20, 35, 43, 97, 91, 76, 10, 30, 21, 45, 71, 64, 1, 23, 17, 83, 24, 14, 60, 36, 41, 57, 40, 88, 65, 56, 79, 94, 67, 68, 46, 75, 38, 58, 19, 32, 81, 6, 27, 62, 87, 90, 99, 59, 11, 16, 72, 73, 69, 39, 37, 84, 3, 92, 25, 55, 28, 29, 51, 7, 66, 61, 98, 48, 89, 8, 33, 96, 53, 80, 50, 4, 34, 2, 52, 13, 0, 70, 74, 49]|[1, 1, 0, 1, 1, 0, 1, 2, 2, 1, 2, 2, 2, 1, 1, 0, 0, 1, 0, 2, 2, 0, 1, 2, 0, 1, 2, 2, 0, 0, 1, 2, 1, 2, 1, 0, 2, 0, 1, 1, 0, 1, 1, 1, 0, 2, 1, 1, 0, 0, 0, 0, 1, 1, 2, 1, 2, 0, 0, 0, 2, 1, 0, 1, 2, 1, 2, 1, 1, 1, 1, 1, 1, 0, 1, 1, 0, 0, 0, 1, 2, 1, 2, 0, 1, 0, 2, 0, 0, 0, 0, 0, 2, 0, 1, 0, 0, 1, 2, 0]|[4, 3, 2, 2, 4, 1, 2, 2, 2, 4, 1, 1, 2, 4, 4, 1, 2, 4, 2, 1, 1, 1, 1, 2, 1, 2, 1, 1, 1, 1, 3, 2, 3, 0, 4, 0, 1, 1, 0, 3, 2, 2, 2, 0, 1, 1, 0, 4, 0, 1, 2, 2, 1, 4, 0, 3, 2, 1, 1, 2, 1, 3, 1, 1, 1, 3, 0, 4, 3, 1, 4, 1, 1, 0, 4, 4, 2, 1, 1, 1, 1, 3, 1, 1, 1, 1, 1, 1, 2, 1, 1, 2, 1, 2, 1, 2, 2, 4, 1, 1]|[0, 2, 1, 1, 3, 0, 1, 0, 0, 0, 0, 0, 1, 0, 1, 0, 0, 3, 1, 0, 0, 0, 3, 1, 0, 2, 0, 0, 0, 1, 0, 0, 0, 0, 3, 0, 1, 0, 0, 2, 1, 1, 1, 0, 0, 0, 0, 2, 1, 0, 0, 0, 1, 3, 0, 0, 1, 0, 0, 1, 0, 2, 0, 1, 0, 2, 1, 0, 0, 1, 1, 3, 1, 1, 3, 3, 1, 0, 0, 2, 0, 0, 0, 0, 1, 0, 0, 0, 1, 0, 0, 1, 0, 0, 1, 0, 0, 2, 0, 1],828.6150361188287,57498.909092636255,92558.71763620913,false
11,G1_CMAX,G1_CMAX,[31, 22, 82, 15, 26, 9, 95, 42, 77, 12, 47, 5, 93, 78, 86, 54, 6, 63, 18, 44, 20, 35, 43, 97, 91, 76, 10, 30, 21, 45, 64, 1, 23, 17, 83, 24, 14, 60, 36, 13, 75, 46, 68, 67, 69, 79, 56, 65, 88, 40, 57, 85, 58, 19, 32, 81, 48, 27, 62, 87, 90, 99, 59, 11, 16, 72, 73, 71, 70, 39, 37, 84, 3, 98, 29, 28, 55, 25, 92, 7, 33, 61, 53, 41, 89, 50, 8, 96, 51, 80, 34, 4, 66, 2, 52, 49, 0, 94, 74, 38]|[1, 1, 0, 1, 1, 0, 1, 2, 2, 1, 2, 2, 2, 1, 1, 0, 0, 1, 0, 2, 2, 0, 1, 2, 0, 1, 2, 2, 0, 0, 2, 1, 2, 1, 0, 2, 2, 1, 1, 0, 0, 0, 0, 0, 2, 1, 2, 0, 1, 1, 1, 0, 1, 2, 1, 2, 1, 0, 0, 2, 1, 0, 1, 2, 1, 2, 1, 1, 1, 1, 1, 1, 1, 0, 0, 0, 1, 1, 0, 1, 0, 1, 0, 1, 1, 0, 1, 0, 0, 0, 2, 1, 2, 0, 1, 0, 0, 2, 2, 1]|[0, 3, 2, 2, 4, 1, 2, 2, 2, 4, 1, 1, 2, 4, 4, 1, 2, 4, 2, 1, 1, 1, 1, 2, 1, 2, 1, 1, 1, 1, 2, 3, 0, 4, 0, 1, 2, 0, 3, 2, 2, 2, 1, 0, 2, 0, 1, 1, 0, 2, 2, 2, 0, 0, 3, 2, 4, 1, 2, 2, 3, 1, 1, 1, 3, 0, 4, 3, 3, 1, 4, 1, 1, 1, 1, 2, 4, 4, 0, 1, 2, 3, 2, 4, 1, 1, 3, 1, 1, 1, 1, 4, 1, 2, 1, 1, 2, 2, 1, 1]|[0, 2, 1, 1, 3, 0, 1, 0, 0, 0, 0, 0, 1, 0, 1, 0, 1, 3, 1, 0, 0, 0, 3, 1, 0, 2, 0, 0, 0, 1, 0, 0, 0, 3, 0, 1, 1, 0, 2, 0, 0, 0, 0, 1, 0, 0, 0, 0, 0, 1, 1, 0, 3, 0, 0, 1, 2, 0, 1, 0, 2, 0, 1, 0, 2, 1, 0, 0, 0, 1, 1, 3, 1, 0, 0, 1, 3, 3, 1, 2, 1, 0, 1, 3, 1, 0, 2, 0, 0, 0, 0, 0, 0, 0, 1, 1, 0, 0, 0, 1],740.6648699319737,58345.503832923176,99227.13002615936,false
11,G4_BALANCED,G2_TEC,[31, 22, 82, 15, 26, 9, 95, 42, 77, 68, 47, 5, 93, 78, 86, 54, 85, 63, 18, 44, 20, 49, 36, 14, 74, 50, 53, 17, 21, 28, 71, 64, 3, 23, 30, 83, 24, 41, 60, 52, 65, 27, 90, 70, 39, 87, 48, 69, 99, 4, 46, 1, 13, 58, 97, 59, 45, 8, 73, 37, 35, 79, 11, 66, 76, 57, 40, 80, 96, 6, 16, 61, 33, 98, 32, 81, 62, 67, 10, 7, 56, 88, 51, 19, 91, 38, 75, 92, 25, 84, 2, 12, 55, 43, 34, 29, 0, 94, 89, 72]|[2, 1, 2, 1, 1, 2, 1, 1, 1, 1, 1, 0, 2, 2, 1, 2, 0, 0, 0, 2, 2, 1, 0, 2, 0, 2, 2, 1, 0, 1, 1, 1, 0, 0, 1, 0, 2, 1, 2, 2, 0, 0, 1, 1, 0, 2, 0, 2, 1, 0, 0, 2, 0, 0, 2, 0, 1, 1, 0, 0, 2, 1, 0, 2, 2, 0, 2, 2, 0, 1, 2, 1, 1, 0, 0, 1, 1, 1, 1, 2, 2, 1, 1, 1, 1, 0, 0, 0, 1, 0, 2, 1, 0, 1, 1, 1, 0, 1, 1, 1]|[0, 3, 0, 2, 4, 1, 4, 4, 2, 4, 3, 2, 1, 0, 2, 1, 1, 1, 2, 1, 1, 3, 0, 1, 0, 1, 1, 4, 1, 4, 3, 2, 2, 0, 4, 1, 1, 4, 0, 1, 2, 1, 4, 4, 1, 1, 0, 2, 3, 1, 2, 1, 2, 1, 1, 2, 4, 3, 0, 2, 2, 3, 1, 0, 1, 2, 0, 1, 2, 4, 1, 3, 4, 2, 2, 4, 3, 3, 3, 1, 1, 4, 3, 4, 3, 2, 2, 2, 4, 2, 1, 3, 2, 4, 4, 3, 2, 4, 4, 4]|[0, 2, 0, 1, 3, 0, 1, 3, 0, 0, 2, 0, 1, 0, 1, 0, 0, 0, 1, 0, 0, 2, 0, 0, 1, 0, 0, 3, 0, 1, 0, 2, 0, 0, 3, 0, 1, 3, 1, 0, 0, 0, 1, 3, 0, 0, 1, 0, 2, 0, 0, 0, 0, 0, 1, 0, 1, 0, 1, 1, 0, 2, 0, 0, 0, 0, 0, 0, 0, 2, 0, 0, 1, 0, 0, 2, 0, 0, 3, 0, 0, 1, 0, 3, 0, 0, 0, 0, 3, 0, 0, 0, 0, 2, 1, 0, 0, 2, 1, 2],926.1983638701988,51477.04733108012,111560.63774300712,true
11,G2_TEC,G4_BALANCED,[31, 22, 82, 15, 26, 9, 95, 42, 77, 68, 47, 5, 93, 78, 86, 54, 85, 63, 18, 44, 20, 49, 36, 14, 74, 50, 53, 17, 21, 28, 71, 64, 3, 23, 30, 83, 24, 41, 60, 52, 65, 27, 90, 70, 39, 87, 48, 69, 99, 4, 46, 1, 13, 58, 97, 59, 45, 8, 73, 37, 35, 79, 11, 66, 76, 32, 40, 80, 96, 6, 16, 61, 33, 98, 57, 81, 62, 67, 10, 7, 56, 88, 51, 19, 91, 38, 75, 92, 25, 84, 2, 12, 29, 43, 34, 55, 0, 94, 89, 72]|[2, 1, 2, 1, 1, 2, 1, 1, 1, 1, 1, 0, 2, 2, 1, 2, 0, 0, 0, 2, 2, 1, 0, 2, 0, 2, 2, 1, 0, 1, 1, 1, 0, 0, 1, 0, 2, 1, 2, 2, 0, 0, 1, 1, 0, 2, 0, 2, 1, 0, 0, 2, 0, 0, 2, 0, 1, 1, 0, 0, 2, 1, 0, 2, 2, 0, 2, 2, 0, 1, 2, 1, 1, 0, 0, 1, 1, 1, 1, 2, 2, 1, 1, 1, 1, 0, 0, 0, 1, 0, 2, 1, 1, 1, 1, 0, 0, 1, 1, 1]|[0, 3, 0, 2, 4, 1, 4, 4, 2, 4, 3, 2, 1, 0, 2, 1, 1, 1, 2, 1, 1, 3, 0, 1, 0, 1, 1, 4, 1, 4, 3, 2, 2, 0, 4, 1, 1, 4, 0, 1, 2, 1, 4, 4, 1, 1, 0, 2, 3, 1, 2, 1, 2, 1, 1, 2, 4, 3, 0, 2, 2, 3, 1, 0, 1, 2, 0, 1, 2, 4, 1, 3, 4, 2, 2, 4, 3, 3, 3, 1, 1, 4, 3, 4, 3, 2, 2, 2, 4, 2, 1, 3, 3, 4, 1, 2, 2, 4, 4, 4]|[0, 2, 0, 1, 3, 0, 1, 3, 0, 0, 2, 0, 1, 0, 1, 0, 0, 0, 1, 0, 0, 2, 0, 0, 1, 0, 0, 3, 0, 1, 0, 2, 0, 0, 3, 0, 1, 3, 1, 0, 0, 0, 1, 3, 0, 0, 1, 0, 2, 0, 0, 0, 0, 0, 1, 0, 1, 0, 1, 1, 0, 2, 0, 0, 0, 0, 0, 0, 0, 2, 0, 0, 1, 0, 0, 2, 0, 0, 3, 0, 0, 1, 0, 3, 0, 0, 0, 0, 3, 0, 0, 0, 0, 2, 1, 0, 0, 2, 1, 2],918.6487324495604,51715.11972722987,110351.60106880446,true
11,G3_TWC,G3_TWC,[31, 22, 82, 15, 26, 9, 95, 42, 77, 12, 47, 5, 93, 78, 86, 54, 85, 63, 18, 44, 20, 35, 43, 97, 91, 76, 10, 30, 21, 45, 71, 64, 1, 23, 17, 83, 24, 14, 60, 36, 41, 57, 40, 88, 65, 56, 79, 94, 67, 68, 46, 75, 38, 58, 19, 32, 81, 6, 27, 62, 87, 90, 99, 59, 11, 16, 72, 73, 69, 39, 37, 84, 3, 92, 25, 55, 28, 29, 51, 7, 66, 61, 98, 48, 89, 8, 33, 96, 53, 80, 50, 4, 34, 2, 52, 13, 0, 70, 74, 49]|[1, 1, 0, 1, 1, 0, 1, 2, 2, 1, 2, 2, 2, 1, 1, 0, 0, 1, 0, 2, 2, 0, 1, 2, 0, 1, 2, 2, 0, 0, 1, 2, 1, 2, 1, 0, 2, 0, 1, 1, 0, 1, 1, 1, 0, 2, 1, 1, 0, 0, 0, 0, 1, 1, 2, 1, 2, 0, 0, 0, 2, 1, 0, 1, 2, 1, 2, 1, 1, 1, 1, 1, 1, 0, 1, 1, 0, 0, 0, 1, 2, 1, 2, 0, 1, 0, 2, 0, 0, 0, 0, 0, 2, 0, 1, 0, 0, 1, 2, 0]|[4, 3, 2, 2, 4, 1, 2, 2, 2, 4, 1, 1, 2, 4, 4, 1, 2, 4, 2, 1, 1, 1, 1, 2, 1, 2, 1, 1, 1, 1, 3, 2, 3, 0, 4, 0, 1, 1, 0, 3, 2, 2, 2, 0, 1, 1, 0, 4, 0, 1, 2, 2, 1, 4, 0, 3, 2, 1, 1, 2, 1, 3, 1, 1, 1, 3, 0, 4, 3, 1, 4, 1, 1, 0, 4, 4, 2, 1, 1, 1, 1, 3, 1, 1, 1, 1, 1, 1, 2, 1, 1, 2, 1, 2, 1, 2, 2, 4, 1, 1]|[0, 2, 1, 1, 3, 0, 1, 0, 0, 0, 0, 0, 1, 0, 1, 0, 0, 3, 1, 0, 0, 0, 3, 1, 0, 2, 0, 0, 0, 1, 0, 0, 0, 0, 3, 0, 1, 0, 0, 2, 1, 1, 1, 0, 0, 0, 0, 2, 1, 0, 0, 0, 1, 3, 0, 0, 1, 0, 0, 1, 0, 2, 0, 1, 0, 2, 1, 0, 0, 1, 1, 3, 1, 1, 3, 3, 1, 0, 0, 2, 0, 0, 0, 0, 1, 0, 0, 0, 1, 0, 0, 1, 0, 0, 1, 0, 0, 2, 0, 1],828.6150361188287,57498.909092636255,92558.71763620913,false
11,G1_CMAX,G1_CMAX,[31, 22, 82, 15, 26, 9, 95, 42, 77, 12, 47, 5, 93, 78, 86, 54, 6, 63, 18, 44, 20, 35, 43, 97, 91, 76, 10, 30, 21, 45, 64, 1, 23, 17, 83, 24, 14, 60, 36, 13, 75, 46, 68, 67, 69, 79, 56, 65, 88, 40, 57, 85, 58, 19, 32, 81, 48, 27, 62, 87, 90, 99, 59, 11, 16, 72, 73, 71, 70, 39, 37, 84, 3, 98, 29, 28, 55, 25, 92, 7, 33, 61, 53, 41, 89, 50, 8, 96, 51, 80, 34, 4, 66, 2, 52, 49, 0, 94, 74, 38]|[1, 1, 0, 1, 1, 0, 1, 2, 2, 1, 2, 2, 2, 1, 1, 0, 0, 1, 0, 2, 2, 0, 1, 2, 0, 1, 2, 2, 0, 0, 2, 1, 2, 1, 0, 2, 2, 1, 1, 0, 0, 0, 0, 0, 2, 1, 2, 0, 1, 1, 1, 0, 1, 2, 1, 2, 1, 0, 0, 2, 1, 0, 1, 2, 1, 2, 1, 1, 1, 1, 1, 1, 1, 0, 0, 0, 1, 1, 0, 1, 0, 1, 0, 1, 1, 0, 1, 0, 0, 0, 2, 1, 2, 0, 1, 0, 0, 2, 2, 1]|[0, 3, 2, 2, 4, 1, 2, 2, 2, 4, 1, 1, 2, 4, 4, 1, 2, 4, 2, 1, 1, 1, 1, 2, 1, 2, 1, 1, 1, 1, 2, 3, 0, 4, 0, 1, 2, 0, 3, 2, 2, 2, 1, 0, 2, 0, 1, 1, 0, 2, 2, 2, 0, 0, 3, 2, 4, 1, 2, 2, 3, 1, 1, 1, 3, 0, 4, 3, 3, 1, 4, 1, 1, 1, 1, 2, 4, 4, 0, 1, 2, 3, 2, 4, 1, 1, 3, 1, 1, 1, 1, 4, 1, 2, 1, 1, 2, 2, 1, 1]|[0, 2, 1, 1, 3, 0, 1, 0, 0, 0, 0, 0, 1, 0, 1, 0, 1, 3, 1, 0, 0, 0, 3, 1, 0, 2, 0, 0, 0, 1, 0, 0, 0, 3, 0, 1, 1, 0, 2, 0, 0, 0, 0, 1, 0, 0, 0, 0, 0, 1, 1, 0, 3, 0, 0, 1, 2, 0, 1, 0, 2, 0, 1, 0, 2, 1, 0, 0, 0, 1, 1, 3, 1, 0, 0, 1, 3, 3, 1, 2, 1, 0, 1, 3, 1, 0, 2, 0, 0, 0, 0, 0, 0, 0, 1, 1, 0, 0, 0, 1],740.6648699319737,58345.503832923176,99227.13002615936,false
11,G4_BALANCED,G2_TEC,[31, 22, 82, 15, 26, 9, 95, 42, 77, 68, 47, 5, 93, 78, 86, 54, 85, 63, 18, 44, 20, 49, 36, 14, 74, 50, 53, 17, 21, 28, 71, 64, 3, 23, 30, 83, 24, 41, 60, 52, 65, 27, 90, 70, 39, 87, 48, 69, 99, 4, 46, 1, 13, 58, 97, 59, 45, 8, 73, 37, 35, 79, 11, 66, 76, 57, 40, 80, 96, 6, 16, 61, 33, 98, 32, 81, 62, 67, 10, 7, 56, 88, 51, 19, 91, 38, 75, 92, 25, 84, 2, 12, 55, 43, 34, 29, 0, 94, 89, 72]|[2, 1, 2, 1, 1, 2, 1, 1, 1, 1, 1, 0, 2, 2, 1, 2, 0, 0, 0, 2, 2, 1, 0, 2, 0, 2, 2, 1, 0, 1, 1, 1, 0, 0, 1, 0, 2, 1, 2, 2, 0, 0, 1, 1, 0, 2, 0, 2, 1, 0, 0, 2, 0, 0, 2, 0, 1, 1, 0, 0, 2, 1, 0, 2, 2, 0, 2, 2, 0, 1, 2, 1, 1, 0, 0, 1, 1, 1, 1, 2, 2, 1, 1, 1, 1, 0, 0, 0, 1, 0, 2, 1, 0, 1, 1, 1, 0, 1, 1, 1]|[0, 3, 0, 2, 4, 1, 4, 4, 2, 4, 3, 2, 1, 0, 2, 1, 1, 1, 2, 1, 1, 3, 0, 1, 0, 1, 1, 4, 1, 4, 3, 2, 2, 0, 4, 1, 1, 4, 0, 1, 2, 1, 4, 4, 1, 1, 0, 2, 3, 1, 2, 1, 2, 1, 1, 2, 4, 3, 0, 2, 2, 3, 1, 0, 1, 2, 0, 1, 2, 4, 1, 3, 4, 2, 2, 4, 3, 3, 3, 1, 1, 4, 3, 4, 3, 2, 2, 2, 4, 2, 1, 3, 2, 4, 4, 3, 2, 4, 4, 4]|[0, 2, 0, 1, 3, 0, 1, 3, 0, 0, 2, 0, 1, 0, 1, 0, 0, 0, 1, 0, 0, 2, 0, 0, 1, 0, 0, 3, 0, 1, 0, 2, 0, 0, 3, 0, 1, 3, 1, 0, 0, 0, 1, 3, 0, 0, 1, 0, 2, 0, 0, 0, 0, 0, 1, 0, 1, 0, 1, 1, 0, 2, 0, 0, 0, 0, 0, 0, 0, 2, 0, 0, 1, 0, 0, 2, 0, 0, 3, 0, 0, 1, 0, 3, 0, 0, 0, 0, 3, 0, 0, 0, 0, 2, 1, 0, 0, 2, 1, 2],926.1983638701988,51477.04733108012,111560.63774300712,true
11,G2_TEC,G4_BALANCED,[31, 22, 82, 15, 26, 9, 95, 42, 77, 68, 47, 5, 93, 78, 86, 54, 85, 63, 18, 44, 20, 49, 36, 14, 74, 50, 53, 17, 21, 28, 71, 64, 3, 23, 30, 83, 24, 41, 60, 52, 65, 27, 90, 70, 39, 87, 48, 69, 99, 4, 46, 1, 13, 58, 97, 59, 45, 8, 73, 37, 35, 79, 11, 66, 76, 32, 40, 80, 96, 6, 16, 61, 33, 98, 57, 81, 62, 67, 10, 7, 56, 88, 51, 19, 91, 38, 75, 92, 25, 84, 2, 12, 29, 43, 34, 55, 0, 94, 89, 72]|[2, 1, 2, 1, 1, 2, 1, 1, 1, 1, 1, 0, 2, 2, 1, 2, 0, 0, 0, 2, 2, 1, 0, 2, 0, 2, 2, 1, 0, 1, 1, 1, 0, 0, 1, 0, 2, 1, 2, 2, 0, 0, 1, 1, 0, 2, 0, 2, 1, 0, 0, 2, 0, 0, 2, 0, 1, 1, 0, 0, 2, 1, 0, 2, 2, 0, 2, 2, 0, 1, 2, 1, 1, 0, 0, 1, 1, 1, 1, 2, 2, 1, 1, 1, 1, 0, 0, 0, 1, 0, 2, 1, 1, 1, 1, 0, 0, 1, 1, 1]|[0, 3, 0, 2, 4, 1, 4, 4, 2, 4, 3, 2, 1, 0, 2, 1, 1, 1, 2, 1, 1, 3, 0, 1, 0, 1, 1, 4, 1, 4, 3, 2, 2, 0, 4, 1, 1, 4, 0, 1, 2, 1, 4, 4, 1, 1, 0, 2, 3, 1, 2, 1, 2, 1, 1, 2, 4, 3, 0, 2, 2, 3, 1, 0, 1, 2, 0, 1, 2, 4, 1, 3, 4, 2, 2, 4, 3, 3, 3, 1, 1, 4, 3, 4, 3, 2, 2, 2, 4, 2, 1, 3, 3, 4, 1, 2, 2, 4, 4, 4]|[0, 2, 0, 1, 3, 0, 1, 3, 0, 0, 2, 0, 1, 0, 1, 0, 0, 0, 1, 0, 0, 2, 0, 0, 1, 0, 0, 3, 0, 1, 0, 2, 0, 0, 3, 0, 1, 3, 1, 0, 0, 0, 1, 3, 0, 0, 1, 0, 2, 0, 0, 0, 0, 0, 1, 0, 1, 0, 1, 1, 0, 2, 0, 0, 0, 0, 0, 0, 0, 2, 0, 0, 1, 0, 0, 2, 0, 0, 3, 0, 0, 1, 0, 3, 0, 0, 0, 0, 3, 0, 0, 0, 0, 2, 1, 0, 0, 2, 1, 2],918.6487324495604,51715.11972722987,110351.60106880446,true
11,G3_TWC,G3_TWC,[31, 22, 82, 15, 26, 9, 95, 42, 77, 12, 47, 5, 93, 78, 86, 54, 85, 63, 18, 44, 20, 35, 43, 97, 91, 76, 10, 30, 21, 45, 71, 64, 1, 23, 17, 83, 24, 14, 60, 36, 41, 57, 40, 88, 65, 56, 79, 94, 67, 68, 46, 75, 38, 58, 19, 32, 81, 6, 27, 62, 87, 90, 99, 59, 11, 16, 72, 73, 69, 39, 37, 84, 3, 92, 25, 55, 28, 29, 51, 7, 66, 61, 98, 48, 89, 8, 33, 96, 53, 80, 50, 4, 34, 2, 52, 13, 0, 70, 74, 49]|[1, 1, 0, 1, 1, 0, 1, 2, 2, 1, 2, 2, 2, 1, 1, 0, 0, 1, 0, 2, 2, 0, 1, 2, 0, 1, 2, 2, 0, 0, 1, 2, 1, 2, 1, 0, 2, 0, 1, 1, 0, 1, 1, 1, 0, 2, 1, 1, 0, 0, 0, 0, 1, 1, 2, 1, 2, 0, 0, 0, 2, 1, 0, 1, 2, 1, 2, 1, 1, 1, 1, 1, 1, 0, 1, 1, 0, 0, 0, 1, 2, 1, 2, 0, 1, 0, 2, 0, 0, 0, 0, 0, 2, 0, 1, 0, 0, 1, 2, 0]|[4, 3, 2, 2, 4, 1, 2, 2, 2, 4, 1, 1, 2, 4, 4, 1, 2, 4, 2, 1, 1, 1, 1, 2, 1, 2, 1, 1, 1, 1, 3, 2, 3, 0, 4, 0, 1, 1, 0, 3, 2, 2, 2, 0, 1, 1, 0, 4, 0, 1, 2, 2, 1, 4, 0, 3, 2, 1, 1, 2, 1, 3, 1, 1, 1, 3, 0, 4, 3, 1, 4, 1, 1, 0, 4, 4, 2, 1, 1, 1, 1, 3, 1, 1, 1, 1, 1, 1, 2, 1, 1, 2, 1, 2, 1, 2, 2, 4, 1, 1]|[0, 2, 1, 1, 3, 0, 1, 0, 0, 0, 0, 0, 1, 0, 1, 0, 0, 3, 1, 0, 0, 0, 3, 1, 0, 2, 0, 0, 0, 1, 0, 0, 0, 0, 3, 0, 1, 0, 0, 2, 1, 1, 1, 0, 0, 0, 0, 2, 1, 0, 0, 0, 1, 3, 0, 0, 1, 0, 0, 1, 0, 2, 0, 1, 0, 2, 1, 0, 0, 1, 1, 3, 1, 1, 3, 3, 1, 0, 0, 2, 0, 0, 0, 0, 1, 0, 0, 0, 1, 0, 0, 1, 0, 0, 1, 0, 0, 2, 0, 1],828.6150361188287,57498.909092636255,92558.71763620913,false
11,G1_CMAX,G1_CMAX,[31, 22, 82, 15, 26, 9, 95, 42, 77, 12, 47, 5, 93, 78, 86, 54, 6, 63, 18, 44, 20, 35, 43, 97, 91, 76, 10, 30, 21, 45, 64, 1, 23, 17, 83, 24, 14, 60, 36, 13, 75, 46, 68, 67, 69, 79, 56, 65, 88, 40, 57, 85, 58, 19, 32, 81, 48, 27, 62, 87, 90, 99, 59, 11, 16, 72, 73, 71, 70, 39, 37, 84, 3, 98, 29, 28, 55, 25, 92, 7, 33, 61, 53, 41, 89, 50, 8, 96, 51, 80, 34, 4, 66, 2, 52, 49, 0, 94, 74, 38]|[1, 1, 0, 1, 1, 0, 1, 2, 2, 1, 2, 2, 2, 1, 1, 0, 0, 1, 0, 2, 2, 0, 1, 2, 0, 1, 2, 2, 0, 0, 2, 1, 2, 1, 0, 2, 2, 1, 1, 0, 0, 0, 0, 0, 2, 1, 2, 0, 1, 1, 1, 0, 1, 2, 1, 2, 1, 0, 0, 2, 1, 0, 1, 2, 1, 2, 1, 1, 1, 1, 1, 1, 1, 0, 0, 0, 1, 1, 0, 1, 0, 1, 0, 1, 1, 0, 1, 0, 0, 0, 2, 1, 2, 0, 1, 0, 0, 2, 2, 1]|[0, 3, 2, 2, 4, 1, 2, 2, 2, 4, 1, 1, 2, 4, 4, 1, 2, 4, 2, 1, 1, 1, 1, 2, 1, 2, 1, 1, 1, 1, 2, 3, 0, 4, 0, 1, 2, 0, 3, 2, 2, 2, 1, 0, 2, 0, 1, 1, 0, 2, 2, 2, 0, 0, 3, 2, 4, 1, 2, 2, 3, 1, 1, 1, 3, 0, 4, 3, 3, 1, 4, 1, 1, 1, 1, 2, 4, 4, 0, 1, 2, 3, 2, 4, 1, 1, 3, 1, 1, 1, 1, 4, 1, 2, 1, 1, 2, 2, 1, 1]|[0, 2, 1, 1, 3, 0, 1, 0, 0, 0, 0, 0, 1, 0, 1, 0, 1, 3, 1, 0, 0, 0, 3, 1, 0, 2, 0, 0, 0, 1, 0, 0, 0, 3, 0, 1, 1, 0, 2, 0, 0, 0, 0, 1, 0, 0, 0, 0, 0, 1, 1, 0, 3, 0, 0, 1, 2, 0, 1, 0, 2, 0, 1, 0, 2, 1, 0, 0, 0, 1, 1, 3, 1, 0, 0, 1, 3, 3, 1, 2, 1, 0, 1, 3, 1, 0, 2, 0, 0, 0, 0, 0, 0, 0, 1, 1, 0, 0, 0, 1],740.6648699319737,58345.503832923176,99227.13002615936,false
11,G4_BALANCED,G2_TEC,[31, 22, 82, 15, 26, 9, 95, 42, 77, 68, 47, 5, 93, 78, 86, 54, 85, 63, 18, 44, 20, 49, 36, 14, 74, 50, 53, 17, 21, 28, 71, 64, 3, 23, 30, 83, 24, 41, 60, 52, 65, 27, 90, 70, 39, 87, 48, 69, 99, 4, 46, 1, 13, 58, 97, 59, 45, 8, 73, 37, 35, 79, 11, 66, 76, 57, 40, 80, 96, 6, 16, 61, 33, 98, 32, 81, 62, 67, 10, 7, 56, 88, 51, 19, 91, 38, 75, 92, 25, 84, 2, 12, 55, 43, 34, 29, 0, 94, 89, 72]|[2, 1, 2, 1, 1, 2, 1, 1, 1, 1, 1, 0, 2, 2, 1, 2, 0, 0, 0, 2, 2, 1, 0, 2, 0, 2, 2, 1, 0, 1, 1, 1, 0, 0, 1, 0, 2, 1, 2, 2, 0, 0, 1, 1, 0, 2, 0, 2, 1, 0, 0, 2, 0, 0, 2, 0, 1, 1, 0, 0, 2, 1, 0, 2, 2, 0, 2, 2, 0, 1, 2, 1, 1, 0, 0, 1, 1, 1, 1, 2, 2, 1, 1, 1, 1, 0, 0, 0, 1, 0, 2, 1, 0, 1, 1, 1, 0, 1, 1, 1]|[0, 3, 0, 2, 4, 1, 4, 4, 2, 4, 3, 2, 1, 0, 2, 1, 1, 1, 2, 1, 1, 3, 0, 1, 0, 1, 1, 4, 1, 4, 3, 2, 2, 0, 4, 1, 1, 4, 0, 1, 2, 1, 4, 4, 1, 1, 0, 2, 3, 1, 2, 1, 2, 1, 1, 2, 4, 3, 0, 2, 2, 3, 1, 0, 1, 2, 0, 1, 2, 4, 1, 3, 4, 2, 2, 4, 3, 3, 3, 1, 1, 4, 3, 4, 3, 2, 2, 2, 4, 2, 1, 3, 2, 4, 4, 3, 2, 4, 4, 4]|[0, 2, 0, 1, 3, 0, 1, 3, 0, 0, 2, 0, 1, 0, 1, 0, 0, 0, 1, 0, 0, 2, 0, 0, 1, 0, 0, 3, 0, 1, 0, 2, 0, 0, 3, 0, 1, 3, 1, 0, 0, 0, 1, 3, 0, 0, 1, 0, 2, 0, 0, 0, 0, 0, 1, 0, 1, 0, 1, 1, 0, 2, 0, 0, 0, 0, 0, 0, 0, 2, 0, 0, 1, 0, 0, 2, 0, 0, 3, 0, 0, 1, 0, 3, 0, 0, 0, 0, 3, 0, 0, 0, 0, 2, 1, 0, 0, 2, 1, 2],926.1983638701988,51477.04733108012,111560.63774300712,true
11,G2_TEC,G4_BALANCED,[31, 22, 82, 15, 26, 58, 95, 42, 77, 12, 47, 5, 93, 78, 86, 54, 85, 63, 18, 44, 20, 35, 43, 97, 91, 76, 10, 30, 21, 45, 71, 64, 1, 23, 17, 83, 24, 14, 60, 36, 6, 57, 40, 88, 65, 56, 79, 94, 67, 68, 46, 75, 38, 9, 19, 32, 81, 41, 27, 62, 87, 90, 99, 59, 11, 16, 72, 73, 70, 39, 37, 84, 3, 92, 25, 55, 28, 29, 51, 7, 66, 61, 98, 48, 89, 50, 33, 96, 53, 80, 34, 4, 8, 2, 52, 13, 0, 69, 74, 49]|[1, 1, 0, 1, 1, 0, 1, 2, 2, 1, 2, 2, 2, 1, 1, 0, 0, 1, 0, 2, 2, 0, 1, 2, 0, 1, 2, 2, 0, 0, 1, 2, 1, 2, 1, 0, 2, 0, 1, 1, 0, 1, 1, 1, 0, 2, 1, 1, 0, 0, 0, 0, 1, 1, 2, 1, 2, 0, 0, 0, 2, 1, 0, 1, 2, 1, 2, 1, 1, 1, 1, 1, 1, 0, 1, 2, 1, 0, 0, 1, 2, 1, 0, 0, 1, 0, 0, 2, 0, 0, 2, 1, 1, 0, 2, 0, 0, 1, 2, 0]|[4, 3, 2, 2, 4, 1, 2, 2, 2, 4, 1, 1, 2, 4, 4, 1, 2, 4, 2, 1, 1, 1, 1, 2, 1, 2, 1, 1, 1, 1, 3, 2, 3, 1, 4, 0, 1, 1, 0, 3, 2, 2, 2, 0, 1, 1, 0, 4, 0, 1, 2, 2, 1, 4, 0, 3, 2, 1, 1, 2, 2, 3, 1, 1, 1, 3, 0, 4, 3, 1, 4, 1, 1, 0, 4, 1, 4, 1, 1, 3, 1, 3, 1, 1, 1, 1, 2, 1, 2, 1, 1, 4, 3, 2, 1, 2, 2, 4, 1, 1]|[0, 2, 1, 1, 3, 0, 1, 0, 0, 0, 0, 0, 1, 0, 1, 0, 0, 3, 1, 0, 0, 0, 3, 1, 0, 2, 0, 0, 0, 1, 0, 0, 0, 0, 3, 0, 1, 0, 0, 2, 1, 1, 1, 0, 0, 0, 0, 2, 1, 0, 0, 0, 1, 3, 0, 0, 1, 0, 0, 1, 0, 2, 0, 1, 0, 2, 1, 0, 0, 1, 1, 3, 1, 1, 3, 0, 1, 0, 0, 2, 0, 0, 0, 0, 1, 0, 1, 0, 1, 0, 0, 0, 2, 0, 0, 0, 0, 2, 0, 1],771.6999723321039,56115.09614099476,98372.09661671137,true
11,G3_TWC,G3_TWC,[31, 22, 82, 15, 26, 58, 95, 42, 77, 12, 47, 5, 93, 78, 86, 54, 85, 63, 18, 44, 20, 35, 43, 97, 91, 76, 10, 30, 21, 45, 71, 64, 1, 23, 17, 83, 24, 14, 60, 36, 6, 57, 94, 88, 65, 56, 79, 40, 67, 68, 46, 75, 38, 9, 19, 32, 81, 41, 27, 62, 87, 90, 99, 59, 11, 16, 72, 73, 69, 39, 37, 84, 3, 53, 25, 55, 28, 29, 51, 7, 33, 61, 98, 48, 89, 50, 66, 96, 92, 80, 8, 4, 34, 2, 52, 13, 0, 70, 74, 49]|[1, 1, 0, 1, 1, 0, 1, 2, 2, 1, 2, 2, 2, 1, 1, 0, 0, 1, 0, 2, 2, 0, 1, 2, 0, 1, 2, 2, 0, 0, 1, 2, 1, 2, 1, 0, 2, 0, 1, 1, 0, 1, 1, 1, 0, 2, 1, 1, 0, 0, 0, 0, 1, 1, 2, 1, 2, 0, 0, 0, 2, 1, 0, 1, 2, 1, 2, 1, 1, 1, 1, 1, 1, 0, 1, 2, 0, 0, 0, 1, 0, 1, 2, 0, 1, 0, 2, 2, 0, 0, 1, 1, 2, 0, 1, 0, 0, 1, 2, 0]|[4, 3, 2, 2, 4, 1, 2, 2, 2, 4, 1, 1, 2, 4, 4, 1, 2, 4, 2, 1, 1, 1, 1, 2, 1, 2, 1, 1, 1, 1, 3, 2, 3, 0, 4, 0, 1, 1, 0, 3, 2, 2, 2, 0, 1, 1, 0, 4, 0, 1, 2, 2, 1, 4, 0, 3, 2, 1, 1, 2, 1, 3, 1, 1, 1, 3, 0, 4, 3, 1, 4, 1, 1, 2, 4, 1, 2, 1, 1, 1, 2, 3, 1, 1, 1, 1, 1, 1, 2, 1, 3, 4, 1, 2, 1, 2, 2, 4, 1, 1]|[0, 2, 1, 1, 3, 0, 1, 0, 0, 0, 0, 0, 1, 0, 1, 0, 0, 3, 1, 0, 0, 0, 3, 1, 0, 2, 0, 0, 0, 1, 0, 0, 0, 0, 3, 0, 1, 0, 0, 2, 1, 1, 1, 0, 0, 0, 0, 2, 1, 0, 0, 0, 1, 3, 0, 0, 1, 0, 0, 1, 0, 2, 0, 1, 0, 2, 1, 0, 0, 1, 1, 3, 1, 1, 3, 0, 1, 0, 0, 2, 1, 0, 0, 0, 1, 0, 0, 0, 1, 0, 2, 0, 0, 0, 1, 0, 0, 2, 0, 1],761.81816828236,57309.94920582257,93836.99285973536,false
11,G1_CMAX,G1_CMAX,[31, 22, 82, 15, 26, 9, 95, 42, 77, 12, 47, 5, 93, 78, 86, 54, 6, 63, 18, 44, 20, 35, 43, 97, 91, 76, 10, 30, 21, 45, 64, 1, 23, 17, 83, 24, 14, 60, 36, 13, 75, 46, 68, 67, 69, 79, 56, 65, 88, 40, 57, 85, 58, 19, 32, 81, 48, 27, 62, 87, 90, 99, 59, 11, 16, 72, 73, 71, 70, 39, 37, 84, 3, 98, 29, 28, 55, 25, 92, 7, 33, 61, 53, 41, 89, 50, 8, 96, 51, 80, 34, 4, 66, 2, 52, 49, 0, 94, 74, 38]|[1, 1, 0, 1, 1, 0, 1, 2, 2, 1, 2, 2, 2, 1, 1, 0, 0, 1, 0, 2, 2, 0, 1, 2, 0, 1, 2, 2, 0, 0, 2, 1, 2, 1, 0, 2, 2, 1, 1, 0, 0, 0, 0, 0, 2, 1, 2, 0, 1, 1, 1, 0, 1, 2, 1, 2, 1, 0, 0, 2, 1, 0, 1, 2, 1, 2, 1, 1, 1, 1, 1, 1, 1, 0, 0, 0, 1, 1, 0, 1, 0, 1, 0, 1, 1, 0, 1, 0, 0, 0, 2, 1, 2, 0, 1, 0, 0, 2, 2, 1]|[0, 3, 2, 2, 4, 1, 2, 2, 2, 4, 1, 1, 2, 4, 4, 1, 2, 4, 2, 1, 1, 1, 1, 2, 1, 2, 1, 1, 1, 1, 2, 3, 0, 4, 0, 1, 2, 0, 3, 2, 2, 2, 1, 0, 2, 0, 1, 1, 0, 2, 2, 2, 0, 0, 3, 2, 4, 1, 2, 2, 3, 1, 1, 1, 3, 0, 4, 3, 3, 1, 4, 1, 1, 1, 1, 2, 4, 4, 0, 1, 2, 3, 2, 4, 1, 1, 3, 1, 1, 1, 1, 4, 1, 2, 1, 1, 2, 2, 1, 1]|[0, 2, 1, 1, 3, 0, 1, 0, 0, 0, 0, 0, 1, 0, 1, 0, 1, 3, 1, 0, 0, 0, 3, 1, 0, 2, 0, 0, 0, 1, 0, 0, 0, 3, 0, 1, 1, 0, 2, 0, 0, 0, 0, 1, 0, 0, 0, 0, 0, 1, 1, 0, 3, 0, 0, 1, 2, 0, 1, 0, 2, 0, 1, 0, 2, 1, 0, 0, 0, 1, 1, 3, 1, 0, 0, 1, 3, 3, 1, 2, 1, 0, 1, 3, 1, 0, 2, 0, 0, 0, 0, 0, 0, 0, 1, 1, 0, 0, 0, 1],740.6648699319737,58345.503832923176,99227.13002615936,false
11,G4_BALANCED,G2_TEC,[31, 22, 82, 15, 26, 9, 95, 42, 77, 68, 47, 5, 93, 78, 86, 54, 85, 63, 18, 44, 20, 49, 36, 14, 74, 50, 53, 17, 21, 28, 71, 64, 3, 23, 30, 83, 24, 41, 60, 52, 65, 27, 90, 70, 39, 87, 48, 69, 99, 4, 46, 1, 13, 58, 97, 59, 45, 8, 73, 37, 35, 79, 11, 66, 76, 57, 40, 80, 96, 6, 16, 61, 33, 98, 32, 81, 62, 67, 10, 7, 56, 88, 51, 19, 91, 38, 75, 92, 25, 84, 2, 12, 55, 43, 34, 29, 0, 94, 89, 72]|[2, 1, 2, 1, 1, 2, 1, 1, 1, 1, 1, 0, 2, 2, 1, 2, 0, 0, 0, 2, 2, 1, 0, 2, 0, 2, 2, 1, 0, 1, 1, 1, 0, 0, 1, 0, 2, 1, 2, 2, 0, 0, 1, 1, 0, 2, 0, 2, 1, 0, 0, 2, 0, 0, 2, 0, 1, 1, 0, 0, 2, 1, 0, 2, 2, 0, 2, 2, 0, 1, 2, 1, 1, 0, 0, 1, 1, 1, 1, 2, 2, 1, 1, 1, 1, 0, 0, 0, 1, 0, 2, 1, 0, 1, 1, 1, 0, 1, 1, 1]|[0, 3, 0, 2, 4, 1, 4, 4, 2, 4, 3, 2, 1, 0, 2, 1, 1, 1, 2, 1, 1, 3, 0, 1, 0, 1, 1, 4, 1, 4, 3, 2, 2, 0, 4, 1, 1, 4, 0, 1, 2, 1, 4, 4, 1, 1, 0, 2, 3, 1, 2, 1, 2, 1, 1, 2, 4, 3, 0, 2, 2, 3, 1, 0, 1, 2, 0, 1, 2, 4, 1, 3, 4, 2, 2, 4, 3, 3, 3, 1, 1, 4, 3, 4, 3, 2, 2, 2, 4, 2, 1, 3, 2, 4, 4, 3, 2, 4, 4, 4]|[0, 2, 0, 1, 3, 0, 1, 3, 0, 0, 2, 0, 1, 0, 1, 0, 0, 0, 1, 0, 0, 2, 0, 0, 1, 0, 0, 3, 0, 1, 0, 2, 0, 0, 3, 0, 1, 3, 1, 0, 0, 0, 1, 3, 0, 0, 1, 0, 2, 0, 0, 0, 0, 0, 1, 0, 1, 0, 1, 1, 0, 2, 0, 0, 0, 0, 0, 0, 0, 2, 0, 0, 1, 0, 0, 2, 0, 0, 3, 0, 0, 1, 0, 3, 0, 0, 0, 0, 3, 0, 0, 0, 0, 2, 1, 0, 0, 2, 1, 2],926.1983638701988,51477.04733108012,111560.63774300712,true
11,G2_TEC,G4_BALANCED,[31, 22, 82, 15, 26, 58, 95, 42, 77, 12, 47, 5, 93, 78, 86, 54, 85, 63, 18, 44, 20, 35, 43, 97, 91, 76, 10, 30, 21, 45, 71, 64, 1, 23, 17, 83, 24, 14, 60, 36, 6, 57, 40, 88, 65, 56, 79, 94, 67, 68, 46, 75, 38, 9, 19, 32, 81, 41, 27, 62, 87, 90, 99, 59, 11, 16, 72, 73, 70, 39, 37, 84, 3, 92, 25, 55, 28, 29, 51, 7, 66, 61, 98, 48, 89, 50, 33, 96, 53, 80, 34, 4, 8, 2, 52, 13, 0, 69, 74, 49]|[1, 1, 0, 1, 1, 0, 1, 2, 2, 1, 2, 2, 2, 1, 1, 0, 0, 1, 0, 2, 2, 0, 1, 2, 0, 1, 2, 2, 0, 0, 1, 2, 1, 2, 1, 0, 2, 0, 1, 1, 0, 1, 1, 1, 0, 2, 1, 1, 0, 0, 0, 0, 1, 1, 2, 1, 2, 0, 0, 0, 2, 1, 0, 1, 2, 1, 2, 1, 1, 1, 1, 1, 1, 0, 1, 2, 1, 0, 0, 1, 2, 1, 0, 0, 1, 0, 0, 2, 0, 0, 2, 1, 1, 0, 2, 0, 0, 1, 2, 0]|[4, 3, 2, 2, 4, 1, 2, 2, 2, 4, 1, 1, 2, 4, 4, 1, 2, 4, 2, 1, 1, 1, 1, 2, 1, 2, 1, 1, 1, 1, 3, 2, 3, 1, 4, 0, 1, 1, 0, 3, 2, 2, 2, 0, 1, 1, 0, 4, 0, 1, 2, 2, 1, 4, 0, 3, 2, 1, 1, 2, 2, 3, 1, 1, 1, 3, 0, 4, 3, 1, 4, 1, 1, 0, 4, 1, 4, 1, 1, 3, 1, 3, 1, 1, 1, 1, 2, 1, 2, 1, 1, 4, 3, 2, 1, 2, 2, 4, 1, 1]|[0, 2, 1, 1, 3, 0, 1, 0, 0, 0, 0, 0, 1, 0, 1, 0, 0, 3, 1, 0, 0, 0, 3, 1, 0, 2, 0, 0, 0, 1, 0, 0, 0, 0, 3, 0, 1, 0, 0, 2, 1, 1, 1, 0, 0, 0, 0, 2, 1, 0, 0, 0, 1, 3, 0, 0, 1, 0, 0, 1, 0, 2, 0, 1, 0, 2, 1, 0, 0, 1, 1, 3, 1, 1, 3, 0, 1, 0, 0, 2, 0, 0, 0, 0, 1, 0, 1, 0, 1, 0, 0, 0, 2, 0, 0, 0, 0, 2, 0, 1],771.6999723321039,56115.09614099476,98372.09661671137,true
11,G3_TWC,G3_TWC,[31, 22, 82, 15, 26, 9, 95, 42, 77, 12, 47, 5, 93, 78, 86, 54, 85, 63, 18, 44, 20, 35, 43, 97, 91, 76, 10, 30, 21, 45, 71, 64, 1, 23, 17, 83, 24, 14, 60, 36, 41, 57, 40, 88, 65, 56, 79, 94, 67, 68, 46, 75, 38, 58, 19, 32, 81, 6, 27, 62, 87, 90, 99, 59, 11, 16, 72, 73, 69, 39, 37, 84, 3, 92, 25, 55, 28, 29, 51, 7, 66, 61, 98, 48, 89, 8, 33, 96, 53, 80, 50, 4, 34, 2, 52, 13, 0, 70, 74, 49]|[1, 1, 0, 1, 1, 0, 1, 2, 2, 1, 2, 2, 2, 1, 1, 0, 0, 1, 0, 2, 2, 0, 1, 2, 0, 1, 2, 2, 0, 0, 1, 2, 1, 2, 1, 0, 2, 0, 1, 1, 0, 1, 1, 1, 0, 2, 1, 1, 0, 0, 0, 0, 1, 1, 2, 1, 2, 0, 0, 0, 2, 1, 0, 1, 2, 1, 2, 1, 1, 1, 1, 1, 1, 0, 1, 1, 0, 0, 0, 1, 2, 1, 2, 0, 1, 0, 2, 0, 0, 0, 0, 0, 2, 0, 1, 0, 0, 1, 2, 0]|[4, 3, 2, 2, 4, 1, 2, 2, 2, 4, 1, 1, 2, 4, 4, 1, 2, 4, 2, 1, 1, 1, 1, 2, 1, 2, 1, 1, 1, 1, 3, 2, 3, 0, 4, 0, 1, 1, 0, 3, 2, 2, 2, 0, 1, 1, 0, 4, 0, 1, 2, 2, 1, 4, 0, 3, 2, 1, 1, 2, 1, 3, 1, 1, 1, 3, 0, 4, 3, 1, 4, 1, 1, 0, 4, 4, 2, 1, 1, 1, 1, 3, 1, 1, 1, 1, 1, 1, 2, 1, 1, 2, 1, 2, 1, 2, 2, 4, 1, 1]|[0, 2, 1, 1, 3, 0, 1, 0, 0, 0, 0, 0, 1, 0, 1, 0, 0, 3, 1, 0, 0, 0, 3, 1, 0, 2, 0, 0, 0, 1, 0, 0, 0, 0, 3, 0, 1, 0, 0, 2, 1, 1, 1, 0, 0, 0, 0, 2, 1, 0, 0, 0, 1, 3, 0, 0, 1, 0, 0, 1, 0, 2, 0, 1, 0, 2, 1, 0, 0, 1, 1, 3, 1, 1, 3, 3, 1, 0, 0, 2, 0, 0, 0, 0, 1, 0, 0, 0, 1, 0, 0, 1, 0, 0, 1, 0, 0, 2, 0, 1],828.6150361188287,57498.909092636255,92558.71763620913,false
12,G1_CMAX,G1_CMAX,[31, 22, 82, 15, 26, 9, 95, 42, 77, 12, 47, 5, 93, 78, 86, 54, 6, 63, 18, 44, 20, 35, 43, 97, 91, 76, 10, 30, 21, 45, 64, 1, 23, 17, 83, 24, 14, 60, 36, 13, 75, 46, 68, 67, 69, 79, 56, 65, 88, 40, 57, 85, 58, 19, 32, 81, 48, 27, 62, 87, 90, 99, 59, 11, 16, 72, 73, 71, 70, 39, 37, 84, 3, 98, 29, 28, 55, 25, 92, 7, 33, 61, 53, 41, 89, 50, 8, 96, 51, 80, 34, 4, 66, 2, 52, 49, 0, 94, 74, 38]|[1, 1, 0, 1, 1, 0, 1, 2, 2, 1, 2, 2, 2, 1, 1, 0, 0, 1, 0, 2, 2, 0, 1, 2, 0, 1, 2, 2, 0, 0, 2, 1, 2, 1, 0, 2, 2, 1, 1, 0, 0, 0, 0, 0, 2, 1, 2, 0, 1, 1, 1, 0, 1, 2, 1, 2, 1, 0, 0, 2, 1, 0, 1, 2, 1, 2, 1, 1, 1, 1, 1, 1, 1, 0, 0, 0, 1, 1, 0, 1, 0, 1, 0, 1, 1, 0, 1, 0, 0, 0, 2, 1, 2, 0, 1, 0, 0, 2, 2, 1]|[0, 3, 2, 2, 4, 1, 2, 2, 2, 4, 1, 1, 2, 4, 4, 1, 2, 4, 2, 1, 1, 1, 1, 2, 1, 2, 1, 1, 1, 1, 2, 3, 0, 4, 0, 1, 2, 0, 3, 2, 2, 2, 1, 0, 2, 0, 1, 1, 0, 2, 2, 2, 0, 0, 3, 2, 4, 1, 2, 2, 3, 1, 1, 1, 3, 0, 4, 3, 3, 1, 4, 1, 1, 1, 1, 2, 4, 4, 0, 1, 2, 3, 2, 4, 1, 1, 3, 1, 1, 1, 1, 4, 1, 2, 1, 1, 2, 2, 1, 1]|[0, 2, 1, 1, 3, 0, 1, 0, 0, 0, 0, 0, 1, 0, 1, 0, 1, 3, 1, 0, 0, 0, 3, 1, 0, 2, 0, 0, 0, 1, 0, 0, 0, 3, 0, 1, 1, 0, 2, 0, 0, 0, 0, 1, 0, 0, 0, 0, 0, 1, 1, 0, 3, 0, 0, 1, 2, 0, 1, 0, 2, 0, 1, 0, 2, 1, 0, 0, 0, 1, 1, 3, 1, 0, 0, 1, 3, 3, 1, 2, 1, 0, 1, 3, 1, 0, 2, 0, 0, 0, 0, 0, 0, 0, 1, 1, 0, 0, 0, 1],740.6648699319737,58345.503832923176,99227.13002615936,false
12,G4_BALANCED,G2_TEC,[31, 22, 82, 15, 26, 9, 95, 42, 77, 68, 47, 5, 93, 78, 86, 54, 85, 63, 18, 44, 20, 49, 36, 14, 74, 50, 53, 17, 21, 28, 71, 64, 3, 23, 30, 83, 24, 41, 60, 52, 65, 27, 90, 70, 39, 87, 48, 69, 99, 4, 46, 1, 13, 58, 97, 59, 45, 8, 73, 37, 35, 79, 11, 66, 76, 57, 40, 80, 96, 6, 16, 61, 33, 98, 32, 81, 62, 67, 10, 7, 56, 88, 51, 19, 91, 38, 75, 92, 25, 84, 2, 12, 55, 43, 34, 29, 0, 94, 89, 72]|[2, 1, 2, 1, 1, 2, 1, 1, 1, 1, 1, 0, 2, 2, 1, 2, 0, 0, 0, 2, 2, 1, 0, 2, 0, 2, 2, 1, 0, 1, 1, 1, 0, 0, 1, 0, 2, 1, 2, 2, 0, 0, 1, 1, 0, 2, 0, 2, 1, 0, 0, 2, 0, 0, 2, 0, 1, 1, 0, 0, 2, 1, 0, 2, 2, 0, 2, 2, 0, 1, 2, 1, 1, 0, 0, 1, 1, 1, 1, 2, 2, 1, 1, 1, 1, 0, 0, 0, 1, 0, 2, 1, 0, 1, 1, 1, 0, 1, 1, 1]|[0, 3, 0, 2, 4, 1, 4, 4, 2, 4, 3, 2, 1, 0, 2, 1, 1, 1, 2, 1, 1, 3, 0, 1, 0, 1, 1, 4, 1, 4, 3, 2, 2, 0, 4, 1, 1, 4, 0, 1, 2, 1, 4, 4, 1, 1, 0, 2, 3, 1, 2, 1, 2, 1, 1, 2, 4, 3, 0, 2, 2, 3, 1, 0, 1, 2, 0, 1, 2, 4, 1, 3, 4, 2, 2, 4, 3, 3, 3, 1, 1, 4, 3, 4, 3, 2, 2, 2, 4, 2, 1, 3, 2, 4, 4, 3, 2, 4, 4, 4]|[0, 2, 0, 1, 3, 0, 1, 3, 0, 0, 2, 0, 1, 0, 1, 0, 0, 0, 1, 0, 0, 2, 0, 0, 1, 0, 0, 3, 0, 1, 0, 2, 0, 0, 3, 0, 1, 3, 1, 0, 0, 0, 1, 3, 0, 0, 1, 0, 2, 0, 0, 0, 0, 0, 1, 0, 1, 0, 1, 1, 0, 2, 0, 0, 0, 0, 0, 0, 0, 2, 0, 0, 1, 0, 0, 2, 0, 0, 3, 0, 0, 1, 0, 3, 0, 0, 0, 0, 3, 0, 0, 0, 0, 2, 1, 0, 0, 2, 1, 2],926.1983638701988,51477.04733108012,111560.63774300712,true
12,G2_TEC,G4_BALANCED,[31, 22, 82, 15, 26, 9, 95, 42, 77, 68, 47, 5, 93, 78, 86, 54, 85, 63, 18, 44, 20, 49, 36, 14, 74, 50, 53, 17, 21, 28, 71, 64, 3, 23, 30, 83, 24, 41, 60, 52, 65, 27, 90, 70, 39, 87, 48, 69, 99, 4, 46, 1, 13, 58, 97, 59, 45, 8, 73, 37, 35, 79, 11, 66, 76, 32, 40, 80, 96, 6, 16, 61, 33, 98, 57, 81, 62, 67, 10, 7, 56, 88, 51, 19, 91, 38, 75, 92, 25, 84, 2, 12, 29, 43, 34, 55, 0, 94, 89, 72]|[2, 1, 2, 1, 1, 2, 1, 1, 1, 1, 1, 0, 2, 2, 1, 2, 0, 0, 0, 2, 2, 1, 0, 2, 0, 2, 2, 1, 0, 1, 1, 1, 0, 0, 1, 0, 2, 1, 2, 2, 0, 0, 1, 1, 0, 2, 0, 2, 1, 0, 0, 2, 0, 0, 2, 0, 1, 1, 0, 0, 2, 1, 0, 2, 2, 0, 2, 2, 0, 1, 2, 1, 1, 0, 0, 1, 1, 1, 1, 2, 2, 1, 1, 1, 1, 0, 0, 0, 1, 0, 2, 1, 1, 1, 1, 0, 0, 1, 1, 1]|[0, 3, 0, 2, 4, 1, 4, 4, 2, 4, 3, 2, 1, 0, 2, 1, 1, 1, 2, 1, 1, 3, 0, 1, 0, 1, 1, 4, 1, 4, 3, 2, 2, 0, 4, 1, 1, 4, 0, 1, 2, 1, 4, 4, 1, 1, 0, 2, 3, 1, 2, 1, 2, 1, 1, 2, 4, 3, 0, 2, 2, 3, 1, 0, 1, 2, 0, 1, 2, 4, 1, 3, 4, 2, 2, 4, 3, 3, 3, 1, 1, 4, 3, 4, 3, 2, 2, 2, 4, 2, 1, 3, 3, 4, 1, 2, 2, 4, 4, 4]|[0, 2, 0, 1, 3, 0, 1, 3, 0, 0, 2, 0, 1, 0, 1, 0, 0, 0, 1, 0, 0, 2, 0, 0, 1, 0, 0, 3, 0, 1, 0, 2, 0, 0, 3, 0, 1, 3, 1, 0, 0, 0, 1, 3, 0, 0, 1, 0, 2, 0, 0, 0, 0, 0, 1, 0, 1, 0, 1, 1, 0, 2, 0, 0, 0, 0, 0, 0, 0, 2, 0, 0, 1, 0, 0, 2, 0, 0, 3, 0, 0, 1, 0, 3, 0, 0, 0, 0, 3, 0, 0, 0, 0, 2, 1, 0, 0, 2, 1, 2],918.6487324495604,51715.11972722987,110351.60106880446,true
12,G3_TWC,G3_TWC,[31, 22, 82, 15, 26, 9, 95, 42, 77, 12, 47, 5, 93, 78, 86, 54, 85, 63, 18, 44, 20, 35, 43, 97, 91, 76, 10, 30, 21, 45, 71, 64, 1, 23, 17, 83, 24, 14, 60, 36, 41, 57, 40, 88, 65, 56, 79, 94, 67, 68, 46, 75, 38, 58, 19, 32, 81, 6, 27, 62, 87, 90, 99, 59, 11, 16, 72, 73, 69, 39, 37, 84, 3, 92, 25, 55, 28, 29, 51, 7, 66, 61, 98, 48, 89, 8, 33, 96, 53, 80, 50, 4, 34, 2, 52, 13, 0, 70, 74, 49]|[1, 1, 0, 1, 1, 0, 1, 2, 2, 1, 2, 2, 2, 1, 1, 0, 0, 1, 0, 2, 2, 0, 1, 2, 0, 1, 2, 2, 0, 0, 1, 2, 1, 2, 1, 0, 2, 0, 1, 1, 0, 1, 1, 1, 0, 2, 1, 1, 0, 0, 0, 0, 1, 1, 2, 1, 2, 0, 0, 0, 2, 1, 0, 1, 2, 1, 2, 1, 1, 1, 1, 1, 1, 0, 1, 1, 0, 0, 0, 1, 2, 1, 2, 0, 1, 0, 2, 0, 0, 0, 0, 0, 2, 0, 1, 0, 0, 1, 2, 0]|[4, 3, 2, 2, 4, 1, 2, 2, 2, 4, 1, 1, 2, 4, 4, 1, 2, 4, 2, 1, 1, 1, 1, 2, 1, 2, 1, 1, 1, 1, 3, 2, 3, 0, 4, 0, 1, 1, 0, 3, 2, 2, 2, 0, 1, 1, 0, 4, 0, 1, 2, 2, 1, 4, 0, 3, 2, 1, 1, 2, 1, 3, 1, 1, 1, 3, 0, 4, 3, 1, 4, 1, 1, 0, 4, 4, 2, 1, 1, 1, 1, 3, 1, 1, 1, 1, 1, 1, 2, 1, 1, 2, 1, 2, 1, 2, 2, 4, 1, 1]|[0, 2, 1, 1, 3, 0, 1, 0, 0, 0, 0, 0, 1, 0, 1, 0, 0, 3, 1, 0, 0, 0, 3, 1, 0, 2, 0, 0, 0, 1, 0, 0, 0, 0, 3, 0, 1, 0, 0, 2, 1, 1, 1, 0, 0, 0, 0, 2, 1, 0, 0, 0, 1, 3, 0, 0, 1, 0, 0, 1, 0, 2, 0, 1, 0, 2, 1, 0, 0, 1, 1, 3, 1, 1, 3, 3, 1, 0, 0, 2, 0, 0, 0, 0, 1, 0, 0, 0, 1, 0, 0, 1, 0, 0, 1, 0, 0, 2, 0, 1],828.6150361188287,57498.909092636255,92558.71763620913,false
12,G1_CMAX,G1_CMAX,[31, 22, 82, 15, 26, 9, 95, 42, 77, 12, 47, 5, 93, 78, 86, 54, 6, 63, 18, 44, 20, 35, 43, 97, 91, 76, 10, 30, 21, 45, 64, 1, 23, 17, 83, 24, 14, 60, 36, 13, 75, 46, 68, 67, 69, 79, 56, 65, 88, 40, 57, 85, 58, 19, 32, 81, 48, 27, 62, 87, 90, 99, 59, 11, 16, 72, 73, 71, 70, 39, 37, 84, 3, 98, 29, 28, 55, 25, 92, 7, 33, 61, 53, 41, 89, 50, 8, 96, 51, 80, 34, 4, 66, 2, 52, 49, 0, 94, 74, 38]|[1, 1, 0, 1, 1, 0, 1, 2, 2, 1, 2, 2, 2, 1, 1, 0, 0, 1, 0, 2, 2, 0, 1, 2, 0, 1, 2, 2, 0, 0, 2, 1, 2, 1, 0, 2, 2, 1, 1, 0, 0, 0, 0, 0, 2, 1, 2, 0, 1, 1, 1, 0, 1, 2, 1, 2, 1, 0, 0, 2, 1, 0, 1, 2, 1, 2, 1, 1, 1, 1, 1, 1, 1, 0, 0, 0, 1, 1, 0, 1, 0, 1, 0, 1, 1, 0, 1, 0, 0, 0, 2, 1, 2, 0, 1, 0, 0, 2, 2, 1]|[0, 3, 2, 2, 4, 1, 2, 2, 2, 4, 1, 1, 2, 4, 4, 1, 2, 4, 2, 1, 1, 1, 1, 2, 1, 2, 1, 1, 1, 1, 2, 3, 0, 4, 0, 1, 2, 0, 3, 2, 2, 2, 1, 0, 2, 0, 1, 1, 0, 2, 2, 2, 0, 0, 3, 2, 4, 1, 2, 2, 3, 1, 1, 1, 3, 0, 4, 3, 3, 1, 4, 1, 1, 1, 1, 2, 4, 4, 0, 1, 2, 3, 2, 4, 1, 1, 3, 1, 1, 1, 1, 4, 1, 2, 1, 1, 2, 2, 1, 1]|[0, 2, 1, 1, 3, 0, 1, 0, 0, 0, 0, 0, 1, 0, 1, 0, 1, 3, 1, 0, 0, 0, 3, 1, 0, 2, 0, 0, 0, 1, 0, 0, 0, 3, 0, 1, 1, 0, 2, 0, 0, 0, 0, 1, 0, 0, 0, 0, 0, 1, 1, 0, 3, 0, 0, 1, 2, 0, 1, 0, 2, 0, 1, 0, 2, 1, 0, 0, 0, 1, 1, 3, 1, 0, 0, 1, 3, 3, 1, 2, 1, 0, 1, 3, 1, 0, 2, 0, 0, 0, 0, 0, 0, 0, 1, 1, 0, 0, 0, 1],740.6648699319737,58345.503832923176,99227.13002615936,false
12,G4_BALANCED,G2_TEC,[31, 22, 82, 15, 26, 9, 95, 42, 77, 68, 47, 5, 93, 78, 86, 54, 85, 63, 18, 44, 20, 49, 36, 14, 74, 50, 53, 17, 21, 28, 71, 64, 3, 23, 30, 83, 24, 41, 60, 52, 65, 27, 90, 70, 39, 87, 48, 69, 99, 4, 46, 1, 13, 58, 97, 59, 45, 8, 73, 37, 35, 79, 11, 66, 76, 57, 40, 80, 96, 6, 16, 61, 33, 98, 32, 81, 62, 67, 10, 7, 56, 88, 51, 19, 91, 38, 75, 92, 25, 84, 2, 12, 55, 43, 34, 29, 0, 94, 89, 72]|[2, 1, 2, 1, 1, 2, 1, 1, 1, 1, 1, 0, 2, 2, 1, 2, 0, 0, 0, 2, 2, 1, 0, 2, 0, 2, 2, 1, 0, 1, 1, 1, 0, 0, 1, 0, 2, 1, 2, 2, 0, 0, 1, 1, 0, 2, 0, 2, 1, 0, 0, 2, 0, 0, 2, 0, 1, 1, 0, 0, 2, 1, 0, 2, 2, 0, 2, 2, 0, 1, 2, 1, 1, 0, 0, 1, 1, 1, 1, 2, 2, 1, 1, 1, 1, 0, 0, 0, 1, 0, 2, 1, 0, 1, 1, 1, 0, 1, 1, 1]|[0, 3, 0, 2, 4, 1, 4, 4, 2, 4, 3, 2, 1, 0, 2, 1, 1, 1, 2, 1, 1, 3, 0, 1, 0, 1, 1, 4, 1, 4, 3, 2, 2, 0, 4, 1, 1, 4, 0, 1, 2, 1, 4, 4, 1, 1, 0, 2, 3, 1, 2, 1, 2, 1, 1, 2, 4, 3, 0, 2, 2, 3, 1, 0, 1, 2, 0, 1, 2, 4, 1, 3, 4, 2, 2, 4, 3, 3, 3, 1, 1, 4, 3, 4, 3, 2, 2, 2, 4, 2, 1, 3, 2, 4, 4, 3, 2, 4, 4, 4]|[0, 2, 0, 1, 3, 0, 1, 3, 0, 0, 2, 0, 1, 0, 1, 0, 0, 0, 1, 0, 0, 2, 0, 0, 1, 0, 0, 3, 0, 1, 0, 2, 0, 0, 3, 0, 1, 3, 1, 0, 0, 0, 1, 3, 0, 0, 1, 0, 2, 0, 0, 0, 0, 0, 1, 0, 1, 0, 1, 1, 0, 2, 0, 0, 0, 0, 0, 0, 0, 2, 0, 0, 1, 0, 0, 2, 0, 0, 3, 0, 0, 1, 0, 3, 0, 0, 0, 0, 3, 0, 0, 0, 0, 2, 1, 0, 0, 2, 1, 2],926.1983638701988,51477.04733108012,111560.63774300712,true
12,G2_TEC,G4_BALANCED,[31, 22, 82, 15, 26, 9, 95, 42, 77, 68, 47, 5, 93, 78, 86, 54, 85, 63, 18, 44, 20, 49, 36, 14, 74, 50, 53, 17, 21, 28, 71, 64, 3, 23, 30, 83, 24, 41, 60, 52, 65, 27, 90, 70, 39, 87, 48, 69, 99, 4, 46, 1, 13, 58, 97, 59, 45, 8, 73, 37, 35, 79, 11, 66, 76, 32, 40, 80, 96, 6, 16, 61, 33, 98, 57, 81, 62, 67, 10, 7, 56, 88, 51, 19, 91, 38, 75, 92, 25, 84, 2, 12, 29, 43, 34, 55, 0, 94, 89, 72]|[2, 1, 2, 1, 1, 2, 1, 1, 1, 1, 1, 0, 2, 2, 1, 2, 0, 0, 0, 2, 2, 1, 0, 2, 0, 2, 2, 1, 0, 1, 1, 1, 0, 0, 1, 0, 2, 1, 2, 2, 0, 0, 1, 1, 0, 2, 0, 2, 1, 0, 0, 2, 0, 0, 2, 0, 1, 1, 0, 0, 2, 1, 0, 2, 2, 0, 2, 2, 0, 1, 2, 1, 1, 0, 0, 1, 1, 1, 1, 2, 2, 1, 1, 1, 1, 0, 0, 0, 1, 0, 2, 1, 1, 1, 1, 0, 0, 1, 1, 1]|[0, 3, 0, 2, 4, 1, 4, 4, 2, 4, 3, 2, 1, 0, 2, 1, 1, 1, 2, 1, 1, 3, 0, 1, 0, 1, 1, 4, 1, 4, 3, 2, 2, 0, 4, 1, 1, 4, 0, 1, 2, 1, 4, 4, 1, 1, 0, 2, 3, 1, 2, 1, 2, 1, 1, 2, 4, 3, 0, 2, 2, 3, 1, 0, 1, 2, 0, 1, 2, 4, 1, 3, 4, 2, 2, 4, 3, 3, 3, 1, 1, 4, 3, 4, 3, 2, 2, 2, 4, 2, 1, 3, 3, 4, 1, 2, 2, 4, 4, 4]|[0, 2, 0, 1, 3, 0, 1, 3, 0, 0, 2, 0, 1, 0, 1, 0, 0, 0, 1, 0, 0, 2, 0, 0, 1, 0, 0, 3, 0, 1, 0, 2, 0, 0, 3, 0, 1, 3, 1, 0, 0, 0, 1, 3, 0, 0, 1, 0, 2, 0, 0, 0, 0, 0, 1, 0, 1, 0, 1, 1, 0, 2, 0, 0, 0, 0, 0, 0, 0, 2, 0, 0, 1, 0, 0, 2, 0, 0, 3, 0, 0, 1, 0, 3, 0, 0, 0, 0, 3, 0, 0, 0, 0, 2, 1, 0, 0, 2, 1, 2],918.6487324495604,51715.11972722987,110351.60106880446,true
12,G3_TWC,G3_TWC,[31, 22, 82, 15, 26, 9, 95, 42, 77, 12, 47, 5, 93, 78, 86, 54, 85, 63, 18, 44, 20, 35, 43, 97, 91, 76, 10, 30, 21, 45, 71, 64, 1, 23, 17, 83, 24, 14, 60, 36, 41, 57, 40, 88, 65, 56, 79, 94, 67, 68, 46, 75, 38, 58, 19, 32, 81, 6, 27, 62, 87, 90, 99, 59, 11, 16, 72, 73, 69, 39, 37, 84, 3, 92, 25, 55, 28, 29, 51, 7, 66, 61, 98, 48, 89, 8, 33, 96, 53, 80, 50, 4, 34, 2, 52, 13, 0, 70, 74, 49]|[1, 1, 0, 1, 1, 0, 1, 2, 2, 1, 2, 2, 2, 1, 1, 0, 0, 1, 0, 2, 2, 0, 1, 2, 0, 1, 2, 2, 0, 0, 1, 2, 1, 2, 1, 0, 2, 0, 1, 1, 0, 1, 1, 1, 0, 2, 1, 1, 0, 0, 0, 0, 1, 1, 2, 1, 2, 0, 0, 0, 2, 1, 0, 1, 2, 1, 2, 1, 1, 1, 1, 1, 1, 0, 1, 1, 0, 0, 0, 1, 2, 1, 2, 0, 1, 0, 2, 0, 0, 0, 0, 0, 2, 0, 1, 0, 0, 1, 2, 0]|[4, 3, 2, 2, 4, 1, 2, 2, 2, 4, 1, 1, 2, 4, 4, 1, 2, 4, 2, 1, 1, 1, 1, 2, 1, 2, 1, 1, 1, 1, 3, 2, 3, 0, 4, 0, 1, 1, 0, 3, 2, 2, 2, 0, 1, 1, 0, 4, 0, 1, 2, 2, 1, 4, 0, 3, 2, 1, 1, 2, 1, 3, 1, 1, 1, 3, 0, 4, 3, 1, 4, 1, 1, 0, 4, 4, 2, 1, 1, 1, 1, 3, 1, 1, 1, 1, 1, 1, 2, 1, 1, 2, 1, 2, 1, 2, 2, 4, 1, 1]|[0, 2, 1, 1, 3, 0, 1, 0, 0, 0, 0, 0, 1, 0, 1, 0, 0, 3, 1, 0, 0, 0, 3, 1, 0, 2, 0, 0, 0, 1, 0, 0, 0, 0, 3, 0, 1, 0, 0, 2, 1, 1, 1, 0, 0, 0, 0, 2, 1, 0, 0, 0, 1, 3, 0, 0, 1, 0, 0, 1, 0, 2, 0, 1, 0, 2, 1, 0, 0, 1, 1, 3, 1, 1, 3, 3, 1, 0, 0, 2, 0, 0, 0, 0, 1, 0, 0, 0, 1, 0, 0, 1, 0, 0, 1, 0, 0, 2, 0, 1],828.6150361188287,57498.909092636255,92558.71763620913,false
12,G1_CMAX,G1_CMAX,[31, 22, 82, 15, 26, 9, 95, 42, 77, 12, 47, 5, 93, 78, 86, 54, 6, 63, 18, 44, 20, 35, 43, 97, 91, 76, 10, 30, 21, 45, 64, 1, 23, 17, 83, 24, 14, 60, 36, 13, 75, 46, 68, 67, 69, 79, 56, 65, 88, 40, 57, 85, 58, 19, 32, 81, 48, 27, 62, 87, 90, 99, 59, 11, 16, 72, 73, 71, 70, 39, 37, 84, 3, 98, 29, 28, 55, 25, 92, 7, 33, 61, 53, 41, 89, 50, 8, 96, 51, 80, 34, 4, 66, 2, 52, 49, 0, 94, 74, 38]|[1, 1, 0, 1, 1, 0, 1, 2, 2, 1, 2, 2, 2, 1, 1, 0, 0, 1, 0, 2, 2, 0, 1, 2, 0, 1, 2, 2, 0, 0, 2, 1, 2, 1, 0, 2, 2, 1, 1, 0, 0, 0, 0, 0, 2, 1, 2, 0, 1, 1, 1, 0, 1, 2, 1, 2, 1, 0, 0, 2, 1, 0, 1, 2, 1, 2, 1, 1, 1, 1, 1, 1, 1, 0, 0, 0, 1, 1, 0, 1, 0, 1, 0, 1, 1, 0, 1, 0, 0, 0, 2, 1, 2, 0, 1, 0, 0, 2, 2, 1]|[0, 3, 2, 2, 4, 1, 2, 2, 2, 4, 1, 1, 2, 4, 4, 1, 2, 4, 2, 1, 1, 1, 1, 2, 1, 2, 1, 1, 1, 1, 2, 3, 0, 4, 0, 1, 2, 0, 3, 2, 2, 2, 1, 0, 2, 0, 1, 1, 0, 2, 2, 2, 0, 0, 3, 2, 4, 1, 2, 2, 3, 1, 1, 1, 3, 0, 4, 3, 3, 1, 4, 1, 1, 1, 1, 2, 4, 4, 0, 1, 2, 3, 2, 4, 1, 1, 3, 1, 1, 1, 1, 4, 1, 2, 1, 1, 2, 2, 1, 1]|[0, 2, 1, 1, 3, 0, 1, 0, 0, 0, 0, 0, 1, 0, 1, 0, 1, 3, 1, 0, 0, 0, 3, 1, 0, 2, 0, 0, 0, 1, 0, 0, 0, 3, 0, 1, 1, 0, 2, 0, 0, 0, 0, 1, 0, 0, 0, 0, 0, 1, 1, 0, 3, 0, 0, 1, 2, 0, 1, 0, 2, 0, 1, 0, 2, 1, 0, 0, 0, 1, 1, 3, 1, 0, 0, 1, 3, 3, 1, 2, 1, 0, 1, 3, 1, 0, 2, 0, 0, 0, 0, 0, 0, 0, 1, 1, 0, 0, 0, 1],740.6648699319737,58345.503832923176,99227.13002615936,false
12,G4_BALANCED,G1_CMAX,[31, 22, 82, 15, 26, 9, 95, 42, 77, 12, 47, 5, 93, 78, 86, 54, 6, 63, 18, 44, 20, 35, 43, 97, 91, 76, 10, 30, 21, 45, 64, 1, 23, 17, 83, 24, 14, 60, 36, 13, 75, 46, 68, 67, 69, 79, 56, 65, 88, 40, 57, 85, 58, 19, 32, 81, 48, 27, 62, 87, 90, 99, 59, 11, 16, 72, 73, 71, 70, 39, 37, 84, 3, 98, 29, 28, 55, 25, 92, 7, 33, 61, 53, 41, 89, 50, 8, 96, 51, 80, 34, 4, 66, 2, 52, 49, 0, 94, 74, 38]|[1, 1, 0, 1, 1, 0, 1, 2, 2, 1, 2, 2, 2, 1, 1, 0, 0, 1, 0, 2, 2, 0, 1, 2, 0, 1, 2, 2, 0, 0, 2, 1, 2, 1, 0, 2, 2, 1, 1, 0, 0, 0, 0, 0, 2, 1, 2, 0, 1, 1, 1, 0, 1, 2, 1, 2, 1, 0, 0, 2, 1, 0, 1, 2, 1, 2, 1, 1, 1, 1, 1, 1, 1, 0, 0, 0, 1, 1, 0, 1, 0, 1, 0, 1, 1, 0, 1, 0, 0, 0, 2, 1, 2, 0, 1, 0, 0, 2, 2, 1]|[0, 3, 2, 2, 4, 1, 2, 2, 2, 4, 1, 1, 2, 4, 4, 1, 2, 4, 2, 1, 1, 1, 1, 2, 1, 2, 1, 1, 1, 1, 2, 3, 0, 4, 0, 1, 2, 0, 3, 2, 2, 2, 1, 0, 2, 0, 1, 1, 0, 2, 2, 2, 0, 0, 3, 2, 4, 1, 2, 2, 3, 1, 1, 1, 3, 0, 4, 3, 3, 1, 4, 1, 1, 1, 1, 2, 4, 4, 0, 1, 2, 3, 2, 4, 1, 1, 3, 1, 1, 1, 1, 4, 1, 2, 1, 1, 2, 0, 1, 1]|[0, 2, 1, 1, 3, 0, 1, 0, 0, 0, 0, 0, 1, 0, 1, 0, 1, 3, 1, 0, 0, 0, 3, 1, 0, 2, 0, 0, 0, 1, 0, 0, 0, 3, 0, 1, 1, 0, 2, 0, 0, 0, 0, 1, 0, 0, 0, 0, 0, 1, 1, 0, 3, 0, 0, 1, 2, 0, 1, 0, 2, 0, 1, 0, 2, 1, 0, 0, 0, 1, 1, 3, 1, 0, 0, 1, 3, 3, 1, 2, 1, 0, 1, 3, 1, 0, 2, 0, 0, 0, 0, 0, 0, 0, 1, 1, 0, 0, 0, 1],740.6648699319737,58392.73539943754,98914.29550102295,true
12,G2_TEC,G4_BALANCED,[31, 22, 82, 15, 26, 9, 95, 42, 77, 68, 47, 5, 93, 78, 86, 54, 85, 63, 18, 44, 20, 49, 36, 14, 74, 50, 53, 17, 21, 28, 71, 64, 3, 23, 30, 83, 24, 41, 60, 52, 65, 27, 90, 70, 39, 87, 48, 69, 99, 4, 46, 1, 13, 58, 97, 59, 45, 8, 73, 37, 35, 79, 11, 66, 76, 32, 40, 80, 96, 6, 16, 61, 33, 98, 57, 81, 62, 67, 10, 7, 56, 88, 51, 19, 91, 38, 75, 92, 25, 84, 2, 12, 29, 43, 34, 55, 0, 94, 89, 72]|[2, 1, 2, 1, 1, 2, 1, 1, 1, 1, 1, 0, 2, 2, 1, 2, 0, 0, 0, 2, 2, 1, 0, 2, 0, 2, 2, 1, 0, 1, 1, 1, 0, 0, 1, 0, 2, 1, 2, 2, 0, 0, 1, 1, 0, 2, 0, 2, 1, 0, 0, 2, 0, 0, 2, 0, 1, 1, 0, 0, 2, 1, 0, 2, 2, 0, 2, 2, 0, 1, 2, 1, 1, 0, 0, 1, 1, 1, 1, 2, 2, 1, 1, 1, 1, 0, 0, 0, 1, 0, 2, 1, 1, 1, 1, 0, 0, 1, 1, 1]|[0, 3, 0, 2, 4, 1, 4, 4, 2, 4, 3, 2, 1, 0, 2, 1, 1, 1, 2, 1, 1, 3, 0, 1, 0, 1, 1, 4, 1, 4, 3, 2, 2, 0, 4, 1, 1, 4, 0, 1, 2, 1, 4, 4, 1, 1, 0, 2, 3, 1, 2, 1, 2, 1, 1, 2, 4, 3, 0, 2, 2, 3, 1, 0, 1, 2, 0, 1, 2, 4, 1, 3, 4, 2, 2, 4, 3, 3, 3, 1, 1, 4, 3, 4, 3, 2, 2, 2, 4, 2, 1, 3, 3, 4, 1, 2, 2, 4, 4, 4]|[0, 2, 0, 1, 3, 0, 1, 3, 0, 0, 2, 0, 1, 0, 1, 0, 0, 0, 1, 0, 0, 2, 0, 0, 1, 0, 0, 3, 0, 1, 0, 2, 0, 0, 3, 0, 1, 3, 1, 0, 0, 0, 1, 3, 0, 0, 1, 0, 2, 0, 0, 0, 0, 0, 1, 0, 1, 0, 1, 1, 0, 2, 0, 0, 0, 0, 0, 0, 0, 2, 0, 0, 1, 0, 0, 2, 0, 0, 3, 0, 0, 1, 0, 3, 0, 0, 0, 0, 3, 0, 0, 0, 0, 2, 1, 0, 0, 2, 1, 2],918.6487324495604,51715.11972722987,110351.60106880446,true
12,G3_TWC,G3_TWC,[31, 22, 82, 15, 26, 9, 95, 42, 77, 12, 47, 5, 93, 78, 86, 54, 85, 63, 18, 44, 20, 35, 43, 97, 91, 76, 10, 30, 21, 45, 71, 64, 1, 23, 17, 83, 24, 14, 60, 36, 41, 57, 40, 88, 65, 56, 79, 94, 67, 68, 46, 75, 38, 58, 19, 32, 81, 6, 27, 62, 87, 90, 99, 59, 11, 16, 72, 73, 69, 39, 37, 84, 3, 92, 25, 55, 28, 29, 51, 7, 66, 61, 98, 48, 89, 8, 33, 96, 53, 80, 50, 4, 34, 2, 52, 13, 0, 70, 74, 49]|[1, 1, 0, 1, 1, 0, 1, 2, 2, 1, 2, 2, 2, 1, 1, 0, 0, 1, 0, 2, 2, 0, 1, 2, 0, 1, 2, 2, 0, 0, 1, 2, 1, 2, 1, 0, 2, 0, 1, 1, 0, 1, 1, 1, 0, 2, 1, 1, 0, 0, 0, 0, 1, 1, 2, 1, 2, 0, 0, 0, 2, 1, 0, 1, 2, 1, 2, 1, 1, 1, 1, 1, 1, 0, 1, 1, 0, 0, 0, 1, 2, 1, 2, 0, 1, 0, 2, 0, 0, 0, 0, 0, 2, 0, 1, 0, 0, 1, 2, 0]|[4, 3, 2, 2, 4, 1, 2, 2, 2, 4, 1, 1, 2, 4, 4, 1, 2, 4, 2, 1, 1, 1, 1, 2, 1, 2, 1, 1, 1, 1, 3, 2, 3, 0, 4, 0, 1, 1, 0, 3, 2, 2, 2, 0, 1, 1, 0, 4, 0, 1, 2, 2, 1, 4, 0, 3, 2, 1, 1, 2, 1, 3, 1, 1, 1, 3, 0, 4, 3, 1, 4, 1, 1, 0, 4, 4, 2, 1, 1, 1, 1, 3, 1, 1, 1, 1, 1, 1, 2, 1, 1, 2, 1, 2, 1, 2, 2, 4, 1, 1]|[0, 2, 1, 1, 3, 0, 1, 0, 0, 0, 0, 0, 1, 0, 1, 0, 0, 3, 1, 0, 0, 0, 3, 1, 0, 2, 0, 0, 0, 1, 0, 0, 0, 0, 3, 0, 1, 0, 0, 2, 1, 1, 1, 0, 0, 0, 0, 2, 1, 0, 0, 0, 1, 3, 0, 0, 1, 0, 0, 1, 0, 2, 0, 1, 0, 2, 1, 0, 0, 1, 1, 3, 1, 1, 3, 3, 1, 0, 0, 2, 0, 0, 0, 0, 1, 0, 0, 0, 1, 0, 0, 1, 0, 0, 1, 0, 0, 2, 0, 1],828.6150361188287,57498.909092636255,92558.71763620913,false
12,G1_CMAX,G1_CMAX,[31, 22, 82, 15, 26, 9, 95, 42, 77, 12, 47, 5, 93, 78, 86, 54, 6, 63, 18, 44, 20, 35, 43, 97, 91, 76, 10, 30, 21, 45, 64, 1, 23, 17, 83, 24, 14, 60, 36, 13, 75, 46, 68, 67, 69, 79, 56, 65, 88, 40, 57, 85, 58, 19, 32, 81, 48, 27, 62, 87, 90, 99, 59, 11, 16, 72, 73, 71, 70, 39, 37, 84, 3, 98, 29, 28, 55, 25, 92, 7, 33, 61, 53, 41, 89, 50, 8, 96, 51, 80, 34, 4, 66, 2, 52, 49, 0, 94, 74, 38]|[1, 1, 0, 1, 1, 0, 1, 2, 2, 1, 2, 2, 2, 1, 1, 0, 0, 1, 0, 2, 2, 0, 1, 2, 0, 1, 2, 2, 0, 0, 2, 1, 2, 1, 0, 2, 2, 1, 1, 0, 0, 0, 0, 0, 2, 1, 2, 0, 1, 1, 1, 0, 1, 2, 1, 2, 1, 0, 0, 2, 1, 0, 1, 2, 1, 2, 1, 1, 1, 1, 1, 1, 1, 0, 0, 0, 1, 1, 0, 1, 0, 1, 0, 1, 1, 0, 1, 0, 0, 0, 2, 1, 2, 0, 1, 0, 0, 2, 2, 1]|[0, 3, 2, 2, 4, 1, 2, 2, 2, 4, 1, 1, 2, 4, 4, 1, 2, 4, 2, 1, 1, 1, 1, 2, 1, 2, 1, 1, 1, 1, 2, 3, 0, 4, 0, 1, 2, 0, 3, 2, 2, 2, 1, 0, 2, 0, 1, 1, 0, 2, 2, 2, 0, 0, 3, 2, 4, 1, 2, 2, 3, 1, 1, 1, 3, 0, 4, 3, 3, 1, 4, 1, 1, 1, 1, 2, 4, 4, 0, 1, 2, 3, 2, 4, 1, 1, 3, 1, 1, 1, 1, 4, 1, 2, 1, 1, 2, 2, 1, 1]|[0, 2, 1, 1, 3, 0, 1, 0, 0, 0, 0, 0, 1, 0, 1, 0, 1, 3, 1, 0, 0, 0, 3, 1, 0, 2, 0, 0, 0, 1, 0, 0, 0, 3, 0, 1, 1, 0, 2, 0, 0, 0, 0, 1, 0, 0, 0, 0, 0, 1, 1, 0, 3, 0, 0, 1, 2, 0, 1, 0, 2, 0, 1, 0, 2, 1, 0, 0, 0, 1, 1, 3, 1, 0, 0, 1, 3, 3, 1, 2, 1, 0, 1, 3, 1, 0, 2, 0, 0, 0, 0, 0, 0, 0, 1, 1, 0, 0, 0, 1],740.6648699319737,58345.503832923176,99227.13002615936,false
12,G4_BALANCED,G4_BALANCED,[31, 22, 82, 15, 26, 58, 95, 42, 77, 12, 47, 5, 93, 78, 86, 54, 85, 63, 18, 44, 20, 35, 43, 97, 66, 76, 10, 30, 21, 45, 71, 64, 1, 23, 17, 83, 24, 14, 60, 36, 6, 57, 40, 88, 65, 56, 79, 94, 67, 68, 46, 75, 38, 9, 19, 32, 81, 41, 27, 62, 87, 90, 99, 59, 11, 16, 72, 73, 70, 39, 37, 84, 3, 92, 25, 55, 28, 29, 51, 7, 33, 61, 98, 48, 89, 50, 8, 96, 53, 80, 4, 91, 34, 2, 52, 13, 0, 69, 74, 49]|[1, 1, 0, 1, 1, 0, 1, 2, 2, 1, 2, 2, 2, 1, 1, 0, 0, 1, 0, 2, 2, 0, 1, 2, 0, 1, 2, 2, 0, 0, 1, 2, 1, 2, 1, 0, 2, 0, 1, 1, 0, 1, 1, 1, 0, 2, 1, 1, 0, 0, 0, 0, 1, 1, 2, 1, 2, 0, 0, 0, 2, 1, 0, 1, 2, 1, 2, 1, 1, 1, 1, 1, 1, 0, 1, 2, 0, 0, 0, 1, 0, 1, 2, 0, 1, 0, 1, 0, 0, 0, 1, 2, 2, 0, 1, 0, 0, 1, 2, 0]|[4, 3, 2, 2, 4, 1, 2, 2, 2, 4, 1, 1, 2, 4, 4, 1, 2, 4, 2, 1, 1, 1, 1, 2, 1, 2, 1, 1, 1, 1, 3, 2, 3, 1, 4, 0, 1, 1, 0, 3, 2, 2, 2, 0, 1, 1, 0, 4, 0, 1, 2, 2, 1, 4, 0, 3, 2, 1, 1, 2, 1, 3, 1, 1, 1, 3, 0, 4, 3, 1, 4, 1, 1, 0, 4, 1, 2, 1, 1, 1, 2, 3, 1, 1, 1, 1, 3, 1, 2, 1, 4, 1, 1, 2, 1, 2, 2, 4, 1, 1]|[0, 2, 1, 1, 3, 0, 1, 0, 0, 0, 0, 0, 1, 0, 1, 0, 0, 3, 1, 0, 0, 0, 3, 1, 0, 2, 0, 0, 0, 1, 0, 0, 0, 0, 3, 0, 1, 0, 0, 2, 1, 1, 1, 0, 0, 0, 0, 2, 1, 0, 0, 0, 1, 3, 0, 0, 1, 0, 0, 1, 0, 2, 0, 1, 0, 2, 1, 0, 0, 1, 1, 3, 1, 1, 3, 0, 1, 0, 0, 2, 1, 0, 0, 0, 1, 0, 2, 0, 1, 0, 0, 0, 0, 0, 1, 0, 0, 2, 0, 1],793.8745454668126,56930.524821470055,94256.21632187883,false
12,G2_TEC,G4_BALANCED,[31, 22, 82, 15, 26, 9, 95, 42, 77, 68, 47, 5, 93, 78, 86, 54, 85, 63, 18, 44, 20, 49, 36, 14, 74, 50, 53, 17, 21, 28, 71, 64, 3, 23, 30, 83, 24, 41, 60, 52, 65, 27, 90, 70, 39, 87, 48, 69, 99, 4, 46, 1, 13, 58, 97, 59, 45, 8, 73, 37, 35, 79, 11, 66, 76, 32, 40, 80, 96, 6, 16, 61, 33, 98, 57, 81, 62, 67, 10, 7, 56, 88, 51, 19, 91, 38, 75, 92, 25, 84, 2, 12, 29, 43, 34, 55, 0, 94, 89, 72]|[2, 1, 2, 1, 1, 2, 1, 1, 1, 1, 1, 0, 2, 2, 1, 2, 0, 0, 0, 2, 2, 1, 0, 2, 0, 2, 2, 1, 0, 1, 1, 1, 0, 0, 1, 0, 2, 1, 2, 2, 0, 0, 1, 1, 0, 2, 0, 2, 1, 0, 0, 2, 0, 0, 2, 0, 1, 1, 0, 0, 2, 1, 0, 2, 2, 0, 2, 2, 0, 1, 2, 1, 1, 0, 0, 1, 1, 1, 1, 2, 2, 1, 1, 1, 1, 0, 0, 0, 1, 0, 2, 1, 1, 1, 1, 0, 0, 1, 1, 1]|[0, 3, 0, 2, 4, 1, 4, 4, 2, 4, 3, 2, 1, 0, 2, 1, 1, 1, 2, 1, 1, 3, 0, 1, 0, 1, 1, 4, 1, 4, 3, 2, 2, 0, 4, 1, 1, 4, 0, 1, 2, 1, 4, 4, 1, 1, 0, 2, 3, 1, 2, 1, 2, 1, 1, 2, 4, 3, 0, 2, 2, 3, 1, 0, 1, 2, 0, 1, 2, 4, 1, 3, 4, 2, 2, 4, 3, 3, 3, 1, 1, 4, 3, 4, 3, 2, 2, 2, 4, 2, 1, 3, 3, 4, 1, 2, 2, 4, 4, 4]|[0, 2, 0, 1, 3, 0, 1, 3, 0, 0, 2, 0, 1, 0, 1, 0, 0, 0, 1, 0, 0, 2, 0, 0, 1, 0, 0, 3, 0, 1, 0, 2, 0, 0, 3, 0, 1, 3, 1, 0, 0, 0, 1, 3, 0, 0, 1, 0, 2, 0, 0, 0, 0, 0, 1, 0, 1, 0, 1, 1, 0, 2, 0, 0, 0, 0, 0, 0, 0, 2, 0, 0, 1, 0, 0, 2, 0, 0, 3, 0, 0, 1, 0, 3, 0, 0, 0, 0, 3, 0, 0, 0, 0, 2, 1, 0, 0, 2, 1, 2],918.6487324495604,51715.11972722987,110351.60106880446,true
12,G3_TWC,G2_TEC,[31, 22, 82, 15, 26, 9, 95, 42, 77, 68, 47, 5, 93, 78, 86, 54, 85, 63, 18, 44, 20, 49, 36, 14, 74, 50, 53, 17, 21, 45, 71, 64, 3, 23, 30, 83, 24, 41, 60, 52, 65, 27, 90, 70, 39, 87, 48, 69, 99, 4, 46, 59, 13, 58, 97, 1, 40, 8, 73, 37, 35, 79, 11, 66, 76, 57, 28, 80, 96, 6, 16, 61, 33, 98, 32, 81, 62, 67, 10, 7, 56, 88, 51, 19, 91, 38, 75, 92, 25, 84, 2, 12, 55, 43, 34, 0, 29, 72, 89, 94]|[2, 1, 2, 1, 1, 2, 1, 1, 1, 1, 1, 0, 2, 2, 1, 2, 0, 0, 0, 2, 2, 1, 0, 2, 0, 2, 2, 1, 0, 1, 1, 1, 0, 0, 1, 0, 2, 1, 2, 2, 0, 0, 1, 1, 0, 2, 0, 2, 1, 0, 0, 0, 0, 0, 2, 2, 2, 1, 0, 0, 2, 1, 0, 2, 2, 0, 0, 2, 0, 1, 2, 1, 1, 0, 0, 1, 1, 1, 1, 2, 2, 1, 1, 1, 1, 0, 0, 0, 1, 0, 2, 1, 0, 1, 1, 0, 1, 1, 1, 1]|[0, 3, 0, 2, 4, 1, 4, 4, 2, 4, 3, 2, 1, 0, 2, 1, 1, 1, 2, 1, 1, 3, 0, 1, 0, 1, 1, 4, 1, 4, 3, 2, 2, 0, 4, 1, 1, 4, 0, 1, 2, 1, 4, 4, 1, 1, 0, 2, 3, 1, 2, 2, 2, 1, 1, 1, 0, 3, 0, 2, 2, 3, 1, 0, 1, 0, 0, 1, 2, 4, 1, 3, 4, 2, 2, 4, 3, 3, 3, 1, 1, 4, 3, 4, 3, 2, 2, 2, 4, 2, 1, 3, 2, 4, 1, 2, 3, 4, 4, 4]|[0, 2, 0, 1, 3, 0, 1, 3, 0, 0, 2, 0, 1, 0, 1, 0, 0, 0, 1, 0, 0, 2, 0, 0, 1, 0, 0, 3, 0, 1, 0, 2, 0, 0, 3, 0, 1, 3, 1, 0, 0, 0, 1, 3, 0, 0, 1, 0, 2, 0, 0, 0, 0, 0, 1, 0, 0, 0, 1, 1, 0, 2, 0, 0, 0, 1, 1, 0, 0, 2, 0, 0, 1, 0, 0, 2, 0, 0, 3, 0, 0, 1, 0, 3, 0, 0, 0, 0, 3, 0, 0, 0, 0, 2, 1, 0, 0, 2, 1, 2],888.8690712333477,52376.778130024446,109864.60087489156,true
12,G1_CMAX,G1_CMAX,[31, 22, 82, 15, 26, 9, 95, 42, 77, 12, 47, 5, 93, 78, 86, 54, 6, 63, 18, 44, 20, 35, 43, 97, 91, 76, 10, 30, 21, 45, 64, 1, 23, 17, 83, 24, 14, 60, 36, 13, 75, 46, 68, 67, 69, 79, 56, 65, 88, 40, 57, 85, 58, 19, 32, 81, 48, 27, 62, 87, 90, 99, 59, 11, 16, 72, 73, 71, 70, 39, 37, 84, 3, 98, 29, 28, 55, 25, 92, 7, 33, 61, 53, 41, 89, 50, 8, 96, 51, 80, 34, 4, 66, 2, 52, 49, 0, 94, 74, 38]|[1, 1, 0, 1, 1, 0, 1, 2, 2, 1, 2, 2, 2, 1, 1, 0, 0, 1, 0, 2, 2, 0, 1, 2, 0, 1, 2, 2, 0, 0, 2, 1, 2, 1, 0, 2, 2, 1, 1, 0, 0, 0, 0, 0, 2, 1, 2, 0, 1, 1, 1, 0, 1, 2, 1, 2, 1, 0, 0, 2, 1, 0, 1, 2, 1, 2, 1, 1, 1, 1, 1, 1, 1, 0, 0, 0, 1, 1, 0, 1, 0, 1, 0, 1, 1, 0, 1, 0, 0, 0, 2, 1, 2, 0, 1, 0, 0, 2, 2, 1]|[0, 3, 2, 2, 4, 1, 2, 2, 2, 4, 1, 1, 2, 4, 4, 1, 2, 4, 2, 1, 1, 1, 1, 2, 1, 2, 1, 1, 1, 1, 2, 3, 0, 4, 0, 1, 2, 0, 3, 2, 2, 2, 1, 0, 2, 0, 1, 1, 0, 2, 2, 2, 0, 0, 3, 2, 4, 1, 2, 2, 3, 1, 1, 1, 3, 0, 4, 3, 3, 1, 4, 1, 1, 1, 1, 2, 4, 4, 0, 1, 2, 3, 2, 4, 1, 1, 3, 1, 1, 1, 1, 4, 1, 2, 1, 1, 2, 2, 1, 1]|[0, 2, 1, 1, 3, 0, 1, 0, 0, 0, 0, 0, 1, 0, 1, 0, 1, 3, 1, 0, 0, 0, 3, 1, 0, 2, 0, 0, 0, 1, 0, 0, 0, 3, 0, 1, 1, 0, 2, 0, 0, 0, 0, 1, 0, 0, 0, 0, 0, 1, 1, 0, 3, 0, 0, 1, 2, 0, 1, 0, 2, 0, 1, 0, 2, 1, 0, 0, 0, 1, 1, 3, 1, 0, 0, 1, 3, 3, 1, 2, 1, 0, 1, 3, 1, 0, 2, 0, 0, 0, 0, 0, 0, 0, 1, 1, 0, 0, 0, 1],740.6648699319737,58345.503832923176,99227.13002615936,false
12,G4_BALANCED,G4_BALANCED,[31, 22, 82, 15, 26, 58, 95, 42, 77, 12, 47, 5, 93, 78, 86, 54, 85, 63, 18, 44, 20, 35, 43, 97, 91, 76, 10, 30, 21, 45, 71, 64, 1, 23, 17, 83, 24, 14, 60, 36, 6, 57, 40, 88, 65, 56, 79, 94, 67, 68, 46, 75, 38, 9, 19, 32, 81, 41, 27, 62, 87, 90, 99, 59, 11, 16, 72, 73, 70, 39, 37, 84, 3, 53, 25, 55, 28, 29, 51, 7, 33, 61, 98, 48, 89, 50, 66, 96, 92, 80, 8, 4, 34, 2, 52, 13, 0, 69, 74, 49]|[1, 1, 0, 1, 1, 0, 1, 2, 2, 1, 2, 2, 2, 1, 1, 0, 0, 1, 0, 2, 2, 0, 1, 2, 0, 1, 2, 2, 0, 0, 1, 2, 1, 2, 1, 0, 2, 0, 1, 1, 0, 1, 1, 1, 0, 2, 1, 1, 0, 0, 0, 0, 1, 1, 2, 1, 2, 0, 0, 0, 2, 1, 0, 1, 2, 1, 2, 1, 1, 1, 1, 1, 1, 0, 1, 1, 0, 0, 0, 1, 2, 1, 2, 0, 1, 0, 2, 0, 0, 0, 1, 0, 2, 0, 1, 0, 0, 1, 2, 0]|[4, 3, 2, 2, 4, 1, 2, 2, 2, 4, 1, 1, 2, 4, 4, 1, 2, 4, 2, 1, 1, 1, 1, 2, 1, 2, 1, 1, 1, 1, 3, 2, 3, 1, 4, 0, 1, 1, 0, 3, 2, 2, 2, 0, 1, 1, 0, 4, 0, 1, 2, 2, 1, 4, 0, 3, 2, 1, 1, 2, 1, 3, 1, 1, 1, 3, 0, 4, 3, 1, 4, 1, 1, 2, 4, 4, 2, 1, 1, 1, 1, 3, 1, 1, 1, 1, 1, 1, 2, 1, 3, 2, 1, 2, 1, 2, 2, 3, 1, 1]|[0, 2, 1, 1, 3, 0, 1, 0, 0, 0, 0, 0, 1, 0, 1, 0, 0, 3, 1, 0, 0, 0, 3, 1, 0, 2, 0, 0, 0, 1, 0, 0, 0, 0, 3, 0, 1, 0, 0, 2, 1, 1, 1, 0, 0, 0, 0, 2, 1, 0, 0, 0, 1, 3, 0, 0, 1, 0, 0, 1, 0, 2, 0, 1, 0, 2, 1, 0, 0, 1, 1, 3, 1, 1, 3, 3, 1, 0, 0, 2, 0, 0, 0, 0, 1, 0, 0, 0, 1, 0, 2, 1, 0, 0, 1, 0, 0, 0, 0, 1],799.0546721216066,57038.19937020626,92843.33792604652,false
12,G2_TEC,G4_BALANCED,[31, 22, 82, 15, 26, 9, 95, 42, 77, 68, 47, 5, 93, 78, 86, 54, 85, 63, 18, 44, 20, 49, 36, 14, 74, 50, 53, 17, 21, 28, 71, 64, 3, 23, 30, 83, 24, 41, 60, 52, 65, 27, 90, 70, 39, 87, 48, 69, 99, 4, 46, 1, 13, 58, 97, 59, 45, 8, 73, 37, 35, 79, 11, 66, 76, 32, 40, 80, 96, 6, 16, 61, 33, 98, 57, 81, 62, 67, 10, 7, 56, 88, 51, 19, 91, 38, 75, 92, 25, 84, 2, 12, 29, 43, 34, 55, 0, 94, 89, 72]|[2, 1, 2, 1, 1, 2, 1, 1, 1, 1, 1, 0, 2, 2, 1, 2, 0, 0, 0, 2, 2, 1, 0, 2, 0, 2, 2, 1, 0, 1, 1, 1, 0, 0, 1, 0, 2, 1, 2, 2, 0, 0, 1, 1, 0, 2, 0, 2, 1, 0, 0, 2, 0, 0, 2, 0, 1, 1, 0, 0, 2, 1, 0, 2, 2, 0, 2, 2, 0, 1, 2, 1, 1, 0, 0, 1, 1, 1, 1, 2, 2, 1, 1, 1, 1, 0, 0, 0, 1, 0, 2, 1, 1, 1, 1, 0, 0, 1, 1, 1]|[0, 3, 0, 2, 4, 1, 4, 4, 2, 4, 3, 2, 1, 0, 2, 1, 1, 1, 2, 1, 1, 3, 0, 1, 0, 1, 1, 4, 1, 4, 3, 2, 2, 0, 4, 1, 1, 4, 0, 1, 2, 1, 4, 4, 1, 1, 0, 2, 3, 1, 2, 1, 2, 1, 1, 2, 4, 3, 0, 2, 2, 3, 1, 0, 1, 2, 0, 1, 2, 4, 1, 3, 4, 2, 2, 4, 3, 3, 3, 1, 1, 4, 3, 4, 3, 2, 2, 2, 4, 2, 1, 3, 3, 4, 1, 2, 2, 4, 4, 4]|[0, 2, 0, 1, 3, 0, 1, 3, 0, 0, 2, 0, 1, 0, 1, 0, 0, 0, 1, 0, 0, 2, 0, 0, 1, 0, 0, 3, 0, 1, 0, 2, 0, 0, 3, 0, 1, 3, 1, 0, 0, 0, 1, 3, 0, 0, 1, 0, 2, 0, 0, 0, 0, 0, 1, 0, 1, 0, 1, 1, 0, 2, 0, 0, 0, 0, 0, 0, 0, 2, 0, 0, 1, 0, 0, 2, 0, 0, 3, 0, 0, 1, 0, 3, 0, 0, 0, 0, 3, 0, 0, 0, 0, 2, 1, 0, 0, 2, 1, 2],918.6487324495604,51715.11972722987,110351.60106880446,true
12,G3_TWC,G3_TWC,[31, 22, 82, 15, 26, 9, 95, 42, 77, 12, 47, 5, 93, 78, 86, 54, 85, 63, 18, 44, 20, 35, 43, 97, 91, 76, 10, 30, 21, 45, 71, 64, 1, 23, 17, 83, 24, 14, 60, 36, 41, 57, 40, 88, 65, 56, 79, 94, 67, 68, 46, 75, 38, 58, 19, 32, 81, 6, 27, 62, 87, 90, 99, 59, 11, 16, 72, 73, 69, 39, 37, 84, 3, 92, 25, 55, 28, 29, 51, 7, 66, 61, 98, 48, 89, 8, 33, 96, 53, 80, 50, 4, 34, 2, 52, 13, 0, 70, 74, 49]|[1, 1, 0, 1, 1, 0, 1, 2, 2, 1, 2, 2, 2, 1, 1, 0, 0, 1, 0, 2, 2, 0, 1, 2, 0, 1, 2, 2, 0, 0, 1, 2, 1, 2, 1, 0, 2, 0, 1, 1, 0, 1, 1, 1, 0, 2, 1, 1, 0, 0, 0, 0, 1, 1, 2, 1, 2, 0, 0, 0, 2, 1, 0, 1, 2, 1, 2, 1, 1, 1, 1, 1, 1, 0, 1, 1, 0, 0, 0, 1, 2, 1, 2, 0, 1, 0, 2, 0, 0, 0, 0, 0, 2, 0, 1, 0, 0, 1, 2, 0]|[4, 3, 2, 2, 4, 1, 2, 2, 2, 4, 1, 1, 2, 4, 4, 1, 2, 4, 2, 1, 1, 1, 1, 2, 1, 2, 1, 1, 1, 1, 3, 2, 3, 0, 4, 0, 1, 1, 0, 3, 2, 2, 2, 0, 1, 1, 0, 4, 0, 1, 2, 2, 1, 4, 0, 3, 2, 1, 1, 2, 1, 3, 1, 1, 1, 3, 0, 4, 3, 1, 4, 1, 1, 0, 4, 4, 2, 1, 1, 1, 1, 3, 1, 1, 1, 1, 1, 1, 2, 1, 1, 2, 1, 2, 1, 2, 2, 4, 1, 1]|[0, 2, 1, 1, 3, 0, 1, 0, 0, 0, 0, 0, 1, 0, 1, 0, 0, 3, 1, 0, 0, 0, 3, 1, 0, 2, 0, 0, 0, 1, 0, 0, 0, 0, 3, 0, 1, 0, 0, 2, 1, 1, 1, 0, 0, 0, 0, 2, 1, 0, 0, 0, 1, 3, 0, 0, 1, 0, 0, 1, 0, 2, 0, 1, 0, 2, 1, 0, 0, 1, 1, 3, 1, 1, 3, 3, 1, 0, 0, 2, 0, 0, 0, 0, 1, 0, 0, 0, 1, 0, 0, 1, 0, 0, 1, 0, 0, 2, 0, 1],828.6150361188287,57498.909092636255,92558.71763620913,false
12,G1_CMAX,G1_CMAX,[31, 22, 82, 15, 26, 9, 95, 42, 77, 12, 47, 5, 93, 78, 86, 54, 6, 63, 18, 44, 20, 35, 43, 97, 91, 76, 10, 30, 21, 45, 64, 1, 23, 17, 83, 24, 14, 60, 36, 13, 75, 46, 68, 67, 69, 79, 56, 65, 88, 40, 57, 85, 58, 19, 32, 81, 48, 27, 62, 87, 90, 99, 59, 11, 16, 72, 73, 71, 70, 39, 37, 84, 3, 98, 29, 28, 55, 25, 92, 7, 33, 61, 53, 41, 89, 50, 8, 96, 51, 80, 34, 4, 66, 2, 52, 49, 0, 94, 74, 38]|[1, 1, 0, 1, 1, 0, 1, 2, 2, 1, 2, 2, 2, 1, 1, 0, 0, 1, 0, 2, 2, 0, 1, 2, 0, 1, 2, 2, 0, 0, 2, 1, 2, 1, 0, 2, 2, 1, 1, 0, 0, 0, 0, 0, 2, 1, 2, 0, 1, 1, 1, 0, 1, 2, 1, 2, 1, 0, 0, 2, 1, 0, 1, 2, 1, 2, 1, 1, 1, 1, 1, 1, 1, 0, 0, 0, 1, 1, 0, 1, 0, 1, 0, 1, 1, 0, 1, 0, 0, 0, 2, 1, 2, 0, 1, 0, 0, 2, 2, 1]|[0, 3, 2, 2, 4, 1, 2, 2, 2, 4, 1, 1, 2, 4, 4, 1, 2, 4, 2, 1, 1, 1, 1, 2, 1, 2, 1, 1, 1, 1, 2, 3, 0, 4, 0, 1, 2, 0, 3, 2, 2, 2, 1, 0, 2, 0, 1, 1, 0, 2, 2, 2, 0, 0, 3, 2, 4, 1, 2, 2, 3, 1, 1, 1, 3, 0, 4, 3, 3, 1, 4, 1, 1, 1, 1, 2, 4, 4, 0, 1, 2, 3, 2, 4, 1, 1, 3, 1, 1, 1, 1, 4, 1, 2, 1, 1, 2, 2, 1, 1]|[0, 2, 1, 1, 3, 0, 1, 0, 0, 0, 0, 0, 1, 0, 1, 0, 1, 3, 1, 0, 0, 0, 3, 1, 0, 2, 0, 0, 0, 1, 0, 0, 0, 3, 0, 1, 1, 0, 2, 0, 0, 0, 0, 1, 0, 0, 0, 0, 0, 1, 1, 0, 3, 0, 0, 1, 2, 0, 1, 0, 2, 0, 1, 0, 2, 1, 0, 0, 0, 1, 1, 3, 1, 0, 0, 1, 3, 3, 1, 2, 1, 0, 1, 3, 1, 0, 2, 0, 0, 0, 0, 0, 0, 0, 1, 1, 0, 0, 0, 1],740.6648699319737,58345.503832923176,99227.13002615936,false
12,G4_BALANCED,G4_BALANCED,[31, 22, 82, 15, 26, 58, 95, 42, 77, 12, 47, 5, 93, 78, 86, 54, 85, 63, 18, 44, 20, 35, 43, 97, 91, 76, 10, 30, 21, 45, 71, 64, 1, 23, 17, 83, 24, 14, 60, 36, 6, 57, 40, 88, 65, 56, 79, 94, 67, 68, 46, 75, 38, 9, 19, 32, 81, 41, 27, 62, 87, 90, 99, 59, 11, 16, 72, 73, 70, 39, 37, 84, 3, 92, 25, 34, 28, 29, 51, 7, 66, 61, 98, 48, 89, 50, 4, 96, 53, 80, 8, 33, 55, 2, 52, 13, 0, 69, 74, 49]|[1, 1, 0, 1, 1, 0, 1, 2, 2, 1, 2, 2, 2, 1, 1, 0, 0, 1, 0, 2, 2, 0, 1, 2, 0, 1, 2, 2, 0, 0, 1, 2, 1, 2, 1, 0, 2, 0, 1, 1, 0, 1, 1, 1, 0, 2, 1, 1, 0, 0, 0, 0, 1, 1, 2, 1, 2, 0, 0, 0, 2, 1, 0, 1, 2, 1, 2, 1, 1, 1, 1, 1, 1, 0, 1, 2, 0, 0, 0, 1, 2, 1, 2, 0, 1, 0, 1, 2, 0, 0, 1, 2, 2, 0, 1, 0, 0, 1, 2, 0]|[4, 3, 2, 2, 4, 1, 2, 2, 2, 4, 1, 1, 2, 4, 4, 1, 2, 4, 2, 1, 1, 1, 1, 2, 1, 2, 1, 1, 1, 1, 3, 2, 3, 1, 4, 0, 1, 1, 0, 3, 2, 2, 2, 0, 1, 1, 0, 4, 0, 1, 2, 2, 1, 4, 0, 3, 2, 1, 1, 2, 1, 3, 1, 1, 1, 3, 0, 4, 3, 1, 4, 1, 1, 0, 4, 1, 2, 1, 1, 1, 1, 3, 1, 1, 1, 1, 4, 1, 2, 1, 3, 1, 1, 2, 1, 2, 2, 4, 1, 1]|[0, 2, 1, 1, 3, 0, 1, 0, 0, 0, 0, 0, 1, 0, 1, 0, 0, 3, 1, 0, 0, 0, 3, 1, 0, 2, 0, 0, 0, 1, 0, 0, 0, 0, 3, 0, 1, 0, 0, 2, 1, 1, 1, 0, 0, 0, 0, 2, 1, 0, 0, 0, 1, 3, 0, 0, 1, 0, 0, 1, 0, 2, 0, 1, 0, 2, 1, 0, 0, 1, 1, 3, 1, 1, 3, 0, 1, 0, 0, 2, 0, 0, 0, 0, 1, 0, 0, 0, 1, 0, 2, 0, 0, 0, 1, 0, 0, 2, 0, 1],748.9199420531638,56515.33843988122,94927.95154690758,false
12,G2_TEC,G4_BALANCED,[31, 22, 82, 15, 26, 9, 95, 42, 77, 68, 47, 5, 93, 78, 86, 54, 85, 63, 18, 44, 20, 49, 36, 14, 74, 50, 53, 17, 21, 28, 71, 64, 3, 23, 30, 83, 24, 41, 60, 52, 65, 27, 90, 70, 39, 87, 48, 69, 99, 4, 46, 1, 13, 58, 97, 59, 45, 8, 73, 37, 35, 79, 11, 66, 76, 32, 40, 80, 96, 6, 16, 61, 33, 98, 57, 81, 62, 67, 10, 7, 56, 88, 51, 19, 91, 38, 75, 92, 25, 84, 2, 12, 29, 43, 34, 55, 0, 94, 89, 72]|[2, 1, 2, 1, 1, 2, 1, 1, 1, 1, 1, 0, 2, 2, 1, 2, 0, 0, 0, 2, 2, 1, 0, 2, 0, 2, 2, 1, 0, 1, 1, 1, 0, 0, 1, 0, 2, 1, 2, 2, 0, 0, 1, 1, 0, 2, 0, 2, 1, 0, 0, 2, 0, 0, 2, 0, 1, 1, 0, 0, 2, 1, 0, 2, 2, 0, 2, 2, 0, 1, 2, 1, 1, 0, 0, 1, 1, 1, 1, 2, 2, 1, 1, 1, 1, 0, 0, 0, 1, 0, 2, 1, 1, 1, 1, 0, 0, 1, 1, 1]|[0, 3, 0, 2, 4, 1, 4, 4, 2, 4, 3, 2, 1, 0, 2, 1, 1, 1, 2, 1, 1, 3, 0, 1, 0, 1, 1, 4, 1, 4, 3, 2, 2, 0, 4, 1, 1, 4, 0, 1, 2, 1, 4, 4, 1, 1, 0, 2, 3, 1, 2, 1, 2, 1, 1, 2, 4, 3, 0, 2, 2, 3, 1, 0, 1, 2, 0, 1, 2, 4, 1, 3, 4, 2, 2, 4, 3, 3, 3, 1, 1, 4, 3, 4, 3, 2, 2, 2, 4, 2, 1, 3, 3, 4, 1, 2, 2, 4, 4, 4]|[0, 2, 0, 1, 3, 0, 1, 3, 0, 0, 2, 0, 1, 0, 1, 0, 0, 0, 1, 0, 0, 2, 0, 0, 1, 0, 0, 3, 0, 1, 0, 2, 0, 0, 3, 0, 1, 3, 1, 0, 0, 0, 1, 3, 0, 0, 1, 0, 2, 0, 0, 0, 0, 0, 1, 0, 1, 0, 1, 1, 0, 2, 0, 0, 0, 0, 0, 0, 0, 2, 0, 0, 1, 0, 0, 2, 0, 0, 3, 0, 0, 1, 0, 3, 0, 0, 0, 0, 3, 0, 0, 0, 0, 2, 1, 0, 0, 2, 1, 2],918.6487324495604,51715.11972722987,110351.60106880446,true
12,G3_TWC,G3_TWC,[31, 22, 82, 15, 26, 9, 95, 42, 77, 12, 47, 5, 93, 78, 86, 54, 85, 63, 18, 44, 20, 35, 43, 97, 91, 76, 10, 30, 21, 45, 71, 64, 1, 23, 17, 83, 24, 14, 60, 36, 41, 57, 40, 88, 65, 56, 79, 94, 67, 68, 46, 75, 38, 58, 19, 32, 81, 6, 27, 62, 87, 90, 99, 59, 11, 16, 72, 73, 69, 39, 37, 84, 3, 92, 25, 55, 28, 29, 51, 7, 66, 61, 98, 48, 89, 8, 33, 96, 53, 80, 50, 4, 34, 2, 52, 13, 0, 70, 74, 49]|[1, 1, 0, 1, 1, 0, 1, 2, 2, 1, 2, 2, 2, 1, 1, 0, 0, 1, 0, 2, 2, 0, 1, 2, 0, 1, 2, 2, 0, 0, 1, 2, 1, 2, 1, 0, 2, 0, 1, 1, 0, 1, 1, 1, 0, 2, 1, 1, 0, 0, 0, 0, 1, 1, 2, 1, 2, 0, 0, 0, 2, 1, 0, 1, 2, 1, 2, 1, 1, 1, 1, 1, 1, 0, 1, 1, 0, 0, 0, 1, 2, 1, 2, 0, 1, 0, 2, 0, 0, 0, 0, 0, 2, 0, 1, 0, 0, 1, 2, 0]|[4, 3, 2, 2, 4, 1, 2, 2, 2, 4, 1, 1, 2, 4, 4, 1, 2, 4, 2, 1, 1, 1, 1, 2, 1, 2, 1, 1, 1, 1, 3, 2, 3, 0, 4, 0, 1, 1, 0, 3, 2, 2, 2, 0, 1, 1, 0, 4, 0, 1, 2, 2, 1, 4, 0, 3, 2, 1, 1, 2, 1, 3, 1, 1, 1, 3, 0, 4, 3, 1, 4, 1, 1, 0, 4, 4, 2, 1, 1, 1, 1, 3, 1, 1, 1, 1, 1, 1, 2, 1, 1, 2, 1, 2, 1, 2, 2, 4, 1, 1]|[0, 2, 1, 1, 3, 0, 1, 0, 0, 0, 0, 0, 1, 0, 1, 0, 0, 3, 1, 0, 0, 0, 3, 1, 0, 2, 0, 0, 0, 1, 0, 0, 0, 0, 3, 0, 1, 0, 0, 2, 1, 1, 1, 0, 0, 0, 0, 2, 1, 0, 0, 0, 1, 3, 0, 0, 1, 0, 0, 1, 0, 2, 0, 1, 0, 2, 1, 0, 0, 1, 1, 3, 1, 1, 3, 3, 1, 0, 0, 2, 0, 0, 0, 0, 1, 0, 0, 0, 1, 0, 0, 1, 0, 0, 1, 0, 0, 2, 0, 1],828.6150361188287,57498.909092636255,92558.71763620913,false
12,G1_CMAX,G1_CMAX,[31, 22, 82, 15, 26, 9, 95, 42, 77, 12, 47, 5, 93, 78, 86, 54, 6, 63, 18, 44, 20, 35, 43, 97, 91, 76, 10, 30, 21, 45, 64, 1, 23, 17, 83, 24, 14, 60, 36, 13, 75, 46, 68, 67, 69, 79, 56, 65, 88, 40, 57, 85, 58, 19, 32, 81, 48, 27, 62, 87, 90, 99, 59, 11, 16, 72, 73, 71, 70, 39, 37, 84, 3, 98, 29, 28, 55, 25, 92, 7, 33, 61, 53, 41, 89, 50, 8, 96, 51, 80, 34, 4, 66, 2, 52, 49, 0, 94, 74, 38]|[1, 1, 0, 1, 1, 0, 1, 2, 2, 1, 2, 2, 2, 1, 1, 0, 0, 1, 0, 2, 2, 0, 1, 2, 0, 1, 2, 2, 0, 0, 2, 1, 2, 1, 0, 2, 2, 1, 1, 0, 0, 0, 0, 0, 2, 1, 2, 0, 1, 1, 1, 0, 1, 2, 1, 2, 1, 0, 0, 2, 1, 0, 1, 2, 1, 2, 1, 1, 1, 1, 1, 1, 1, 0, 0, 0, 1, 1, 0, 1, 0, 1, 0, 1, 1, 0, 1, 0, 0, 0, 2, 1, 2, 0, 1, 0, 0, 2, 2, 1]|[0, 3, 2, 2, 4, 1, 2, 2, 2, 4, 1, 1, 2, 4, 4, 1, 2, 4, 2, 1, 1, 1, 1, 2, 1, 2, 1, 1, 1, 1, 2, 3, 0, 4, 0, 1, 2, 0, 3, 2, 2, 2, 1, 0, 2, 0, 1, 1, 0, 2, 2, 2, 0, 0, 3, 2, 4, 1, 2, 2, 3, 1, 1, 1, 3, 0, 4, 3, 3, 1, 4, 1, 1, 1, 1, 2, 4, 4, 0, 1, 2, 3, 2, 4, 1, 1, 3, 1, 1, 1, 1, 4, 1, 2, 1, 1, 2, 2, 1, 1]|[0, 2, 1, 1, 3, 0, 1, 0, 0, 0, 0, 0, 1, 0, 1, 0, 1, 3, 1, 0, 0, 0, 3, 1, 0, 2, 0, 0, 0, 1, 0, 0, 0, 3, 0, 1, 1, 0, 2, 0, 0, 0, 0, 1, 0, 0, 0, 0, 0, 1, 1, 0, 3, 0, 0, 1, 2, 0, 1, 0, 2, 0, 1, 0, 2, 1, 0, 0, 0, 1, 1, 3, 1, 0, 0, 1, 3, 3, 1, 2, 1, 0, 1, 3, 1, 0, 2, 0, 0, 0, 0, 0, 0, 0, 1, 1, 0, 0, 0, 1],740.6648699319737,58345.503832923176,99227.13002615936,false
12,G4_BALANCED,G3_TWC,[31, 22, 82, 15, 26, 9, 95, 42, 77, 12, 47, 5, 93, 78, 86, 54, 85, 63, 18, 44, 20, 35, 43, 97, 91, 76, 10, 30, 21, 45, 71, 64, 1, 23, 17, 83, 24, 14, 60, 36, 41, 57, 40, 88, 65, 56, 79, 94, 67, 68, 46, 75, 38, 58, 19, 32, 81, 6, 27, 62, 87, 90, 99, 59, 11, 16, 72, 73, 70, 39, 37, 84, 3, 92, 25, 55, 28, 29, 51, 7, 66, 61, 98, 48, 89, 8, 33, 96, 53, 50, 80, 4, 34, 2, 52, 49, 0, 69, 74, 13]|[1, 1, 0, 1, 1, 0, 1, 2, 2, 1, 2, 2, 2, 1, 1, 0, 0, 1, 0, 2, 2, 0, 1, 2, 0, 1, 2, 2, 0, 0, 1, 2, 1, 2, 1, 0, 2, 0, 1, 1, 0, 1, 1, 1, 0, 2, 1, 1, 0, 0, 0, 0, 1, 1, 2, 1, 2, 0, 0, 0, 2, 1, 0, 1, 2, 1, 2, 1, 1, 1, 1, 1, 1, 0, 1, 1, 0, 0, 0, 1, 2, 1, 2, 0, 1, 0, 2, 0, 0, 0, 0, 0, 2, 0, 1, 0, 0, 1, 2, 0]|[4, 3, 2, 2, 4, 1, 2, 2, 2, 4, 1, 1, 2, 4, 4, 1, 2, 4, 2, 1, 1, 1, 1, 2, 1, 2, 1, 1, 1, 1, 3, 2, 3, 0, 4, 0, 1, 1, 0, 3, 2, 2, 2, 0, 1, 1, 0, 4, 0, 1, 2, 2, 1, 4, 0, 3, 2, 1, 1, 2, 1, 3, 1, 1, 1, 3, 0, 4, 3, 1, 4, 1, 1, 0, 4, 4, 2, 1, 1, 1, 1, 3, 1, 1, 1, 1, 1, 1, 2, 1, 1, 2, 1, 2, 1, 1, 2, 4, 1, 2]|[0, 2, 1, 1, 3, 0, 1, 0, 0, 0, 0, 0, 1, 0, 1, 0, 0, 3, 1, 0, 0, 0, 3, 1, 0, 2, 0, 0, 0, 1, 0, 0, 0, 0, 3, 0, 1, 0, 0, 2, 1, 1, 1, 0, 0, 0, 0, 2, 1, 0, 0, 0, 1, 3, 0, 0, 1, 0, 0, 1, 0, 2, 0, 1, 0, 2, 1, 0, 0, 1, 1, 3, 1, 1, 3, 3, 1, 0, 0, 2, 0, 0, 0, 0, 1, 0, 0, 0, 1, 0, 0, 1, 0, 0, 1, 1, 0, 2, 0, 0],828.4451691161381,57496.53963046682,92649.87992671717,true
12,G2_TEC,G4_BALANCED,[31, 22, 82, 15, 26, 9, 95, 42, 77, 68, 47, 5, 93, 78, 86, 54, 85, 63, 18, 44, 20, 49, 36, 14, 74, 50, 53, 17, 21, 28, 71, 64, 3, 23, 30, 83, 24, 41, 60, 52, 65, 27, 90, 70, 39, 87, 48, 69, 99, 4, 46, 1, 13, 58, 97, 59, 45, 8, 73, 37, 35, 79, 11, 66, 76, 32, 40, 80, 96, 6, 16, 61, 33, 98, 57, 81, 62, 67, 10, 7, 56, 88, 51, 19, 91, 38, 75, 92, 25, 84, 2, 12, 29, 43, 34, 55, 0, 94, 89, 72]|[2, 1, 2, 1, 1, 2, 1, 1, 1, 1, 1, 0, 2, 2, 1, 2, 0, 0, 0, 2, 2, 1, 0, 2, 0, 2, 2, 1, 0, 1, 1, 1, 0, 0, 1, 0, 2, 1, 2, 2, 0, 0, 1, 1, 0, 2, 0, 2, 1, 0, 0, 2, 0, 0, 2, 0, 1, 1, 0, 0, 2, 1, 0, 2, 2, 0, 2, 2, 0, 1, 2, 1, 1, 0, 0, 1, 1, 1, 1, 2, 2, 1, 1, 1, 1, 0, 0, 0, 1, 0, 2, 1, 1, 1, 1, 0, 0, 1, 1, 1]|[0, 3, 0, 2, 4, 1, 4, 4, 2, 4, 3, 2, 1, 0, 2, 1, 1, 1, 2, 1, 1, 3, 0, 1, 0, 1, 1, 4, 1, 4, 3, 2, 2, 0, 4, 1, 1, 4, 0, 1, 2, 1, 4, 4, 1, 1, 0, 2, 3, 1, 2, 1, 2, 1, 1, 2, 4, 3, 0, 2, 2, 3, 1, 0, 1, 2, 0, 1, 2, 4, 1, 3, 4, 2, 2, 4, 3, 3, 3, 1, 1, 4, 3, 4, 3, 2, 2, 2, 4, 2, 1, 3, 3, 4, 1, 2, 2, 4, 4, 4]|[0, 2, 0, 1, 3, 0, 1, 3, 0, 0, 2, 0, 1, 0, 1, 0, 0, 0, 1, 0, 0, 2, 0, 0, 1, 0, 0, 3, 0, 1, 0, 2, 0, 0, 3, 0, 1, 3, 1, 0, 0, 0, 1, 3, 0, 0, 1, 0, 2, 0, 0, 0, 0, 0, 1, 0, 1, 0, 1, 1, 0, 2, 0, 0, 0, 0, 0, 0, 0, 2, 0, 0, 1, 0, 0, 2, 0, 0, 3, 0, 0, 1, 0, 3, 0, 0, 0, 0, 3, 0, 0, 0, 0, 2, 1, 0, 0, 2, 1, 2],918.6487324495604,51715.11972722987,110351.60106880446,true
12,G3_TWC,G3_TWC,[31, 22, 82, 15, 26, 9, 95, 42, 77, 12, 47, 5, 93, 78, 86, 54, 85, 63, 18, 44, 20, 35, 43, 97, 91, 76, 10, 30, 21, 45, 71, 64, 1, 23, 17, 83, 24, 14, 60, 36, 41, 57, 40, 88, 65, 56, 79, 94, 67, 68, 46, 75, 38, 58, 19, 32, 81, 6, 27, 62, 87, 90, 99, 59, 11, 16, 72, 73, 69, 39, 37, 84, 3, 92, 25, 55, 28, 29, 51, 7, 66, 61, 98, 48, 89, 8, 33, 96, 53, 80, 50, 4, 34, 2, 52, 13, 0, 70, 74, 49]|[1, 1, 0, 1, 1, 0, 1, 2, 2, 1, 2, 2, 2, 1, 1, 0, 0, 1, 0, 2, 2, 0, 1, 2, 0, 1, 2, 2, 0, 0, 1, 2, 1, 2, 1, 0, 2, 0, 1, 1, 0, 1, 1, 1, 0, 2, 1, 1, 0, 0, 0, 0, 1, 1, 2, 1, 2, 0, 0, 0, 2, 1, 0, 1, 2, 1, 2, 1, 1, 1, 1, 1, 1, 0, 1, 1, 0, 0, 0, 1, 2, 1, 2, 0, 1, 0, 2, 0, 0, 0, 0, 0, 2, 0, 1, 0, 0, 1, 2, 0]|[4, 3, 2, 2, 4, 1, 2, 2, 2, 4, 1, 1, 2, 4, 4, 1, 2, 4, 2, 1, 1, 1, 1, 2, 1, 2, 1, 1, 1, 1, 3, 2, 3, 0, 4, 0, 1, 1, 0, 3, 2, 2, 2, 0, 1, 1, 0, 4, 0, 1, 2, 2, 1, 4, 0, 3, 2, 1, 1, 2, 1, 3, 1, 1, 1, 3, 0, 4, 3, 1, 4, 1, 1, 0, 4, 4, 2, 1, 1, 1, 1, 3, 1, 1, 1, 1, 1, 1, 2, 1, 1, 2, 1, 2, 1, 2, 2, 4, 1, 1]|[0, 2, 1, 1, 3, 0, 1, 0, 0, 0, 0, 0, 1, 0, 1, 0, 0, 3, 1, 0, 0, 0, 3, 1, 0, 2, 0, 0, 0, 1, 0, 0, 0, 0, 3, 0, 1, 0, 0, 2, 1, 1, 1, 0, 0, 0, 0, 2, 1, 0, 0, 0, 1, 3, 0, 0, 1, 0, 0, 1, 0, 2, 0, 1, 0, 2, 1, 0, 0, 1, 1, 3, 1, 1, 3, 3, 1, 0, 0, 2, 0, 0, 0, 0, 1, 0, 0, 0, 1, 0, 0, 1, 0, 0, 1, 0, 0, 2, 0, 1],828.6150361188287,57498.909092636255,92558.71763620913,false
12,G1_CMAX,G1_CMAX,[31, 22, 82, 15, 26, 9, 95, 42, 77, 12, 47, 5, 93, 78, 86, 54, 6, 63, 18, 44, 20, 35, 43, 97, 91, 76, 10, 30, 21, 45, 64, 1, 23, 17, 83, 24, 14, 60, 36, 13, 75, 46, 68, 67, 69, 79, 56, 65, 88, 40, 57, 85, 58, 19, 32, 81, 48, 27, 62, 87, 90, 99, 59, 11, 16, 72, 73, 71, 70, 39, 37, 84, 3, 98, 29, 28, 55, 25, 92, 7, 33, 61, 53, 41, 89, 50, 8, 96, 51, 80, 34, 4, 66, 2, 52, 49, 0, 94, 74, 38]|[1, 1, 0, 1, 1, 0, 1, 2, 2, 1, 2, 2, 2, 1, 1, 0, 0, 1, 0, 2, 2, 0, 1, 2, 0, 1, 2, 2, 0, 0, 2, 1, 2, 1, 0, 2, 2, 1, 1, 0, 0, 0, 0, 0, 2, 1, 2, 0, 1, 1, 1, 0, 1, 2, 1, 2, 1, 0, 0, 2, 1, 0, 1, 2, 1, 2, 1, 1, 1, 1, 1, 1, 1, 0, 0, 0, 1, 1, 0, 1, 0, 1, 0, 1, 1, 0, 1, 0, 0, 0, 2, 1, 2, 0, 1, 0, 0, 2, 2, 1]|[0, 3, 2, 2, 4, 1, 2, 2, 2, 4, 1, 1, 2, 4, 4, 1, 2, 4, 2, 1, 1, 1, 1, 2, 1, 2, 1, 1, 1, 1, 2, 3, 0, 4, 0, 1, 2, 0, 3, 2, 2, 2, 1, 0, 2, 0, 1, 1, 0, 2, 2, 2, 0, 0, 3, 2, 4, 1, 2, 2, 3, 1, 1, 1, 3, 0, 4, 3, 3, 1, 4, 1, 1, 1, 1, 2, 4, 4, 0, 1, 2, 3, 2, 4, 1, 1, 3, 1, 1, 1, 1, 4, 1, 2, 1, 1, 2, 2, 1, 1]|[0, 2, 1, 1, 3, 0, 1, 0, 0, 0, 0, 0, 1, 0, 1, 0, 1, 3, 1, 0, 0, 0, 3, 1, 0, 2, 0, 0, 0, 1, 0, 0, 0, 3, 0, 1, 1, 0, 2, 0, 0, 0, 0, 1, 0, 0, 0, 0, 0, 1, 1, 0, 3, 0, 0, 1, 2, 0, 1, 0, 2, 0, 1, 0, 2, 1, 0, 0, 0, 1, 1, 3, 1, 0, 0, 1, 3, 3, 1, 2, 1, 0, 1, 3, 1, 0, 2, 0, 0, 0, 0, 0, 0, 0, 1, 1, 0, 0, 0, 1],740.6648699319737,58345.503832923176,99227.13002615936,false
12,G4_BALANCED,G3_TWC,[31, 22, 82, 15, 26, 9, 95, 42, 77, 12, 47, 5, 93, 78, 86, 54, 85, 63, 18, 44, 20, 35, 43, 97, 91, 76, 10, 30, 21, 45, 71, 64, 1, 23, 17, 83, 24, 14, 60, 36, 41, 57, 40, 88, 65, 56, 79, 94, 67, 68, 46, 75, 38, 58, 19, 32, 81, 6, 27, 62, 87, 90, 99, 59, 11, 16, 72, 73, 70, 39, 37, 84, 3, 92, 25, 55, 28, 29, 51, 7, 66, 61, 98, 48, 89, 8, 33, 96, 53, 50, 80, 4, 34, 2, 52, 49, 0, 69, 74, 13]|[1, 1, 0, 1, 1, 0, 1, 2, 2, 1, 2, 2, 2, 1, 1, 0, 0, 1, 0, 2, 2, 0, 1, 2, 0, 1, 2, 2, 0, 0, 1, 2, 1, 2, 1, 0, 2, 0, 1, 1, 0, 1, 1, 1, 0, 2, 1, 1, 0, 0, 0, 0, 1, 1, 2, 1, 2, 0, 0, 0, 2, 1, 0, 1, 2, 1, 2, 1, 1, 1, 1, 1, 1, 0, 1, 1, 0, 0, 0, 1, 2, 1, 2, 0, 1, 0, 2, 0, 0, 0, 0, 0, 2, 0, 1, 0, 0, 1, 2, 0]|[4, 3, 2, 2, 4, 1, 2, 2, 2, 4, 1, 1, 2, 4, 4, 1, 2, 4, 2, 1, 1, 1, 1, 2, 1, 2, 1, 1, 1, 1, 3, 2, 3, 0, 4, 0, 1, 1, 0, 3, 2, 2, 2, 0, 1, 1, 0, 4, 0, 1, 2, 2, 1, 4, 0, 3, 2, 1, 1, 2, 1, 3, 1, 1, 1, 3, 0, 4, 3, 1, 4, 1, 1, 0, 4, 4, 2, 1, 1, 1, 1, 3, 1, 1, 1, 1, 1, 1, 2, 1, 1, 2, 1, 2, 1, 1, 2, 4, 1, 2]|[0, 2, 1, 1, 3, 0, 1, 0, 0, 0, 0, 0, 1, 0, 1, 0, 0, 3, 1, 0, 0, 0, 3, 1, 0, 2, 0, 0, 0, 1, 0, 0, 0, 0, 3, 0, 1, 0, 0, 2, 1, 1, 1, 0, 0, 0, 0, 2, 1, 0, 0, 0, 1, 3, 0, 0, 1, 0, 0, 1, 0, 2, 0, 1, 0, 2, 1, 0, 0, 1, 1, 3, 1, 1, 3, 3, 1, 0, 0, 2, 0, 0, 0, 0, 1, 0, 0, 0, 1, 0, 0, 1, 0, 0, 1, 1, 0, 2, 0, 0],828.4451691161381,57496.53963046682,92649.87992671717,true
12,G2_TEC,G4_BALANCED,[31, 22, 82, 15, 26, 9, 95, 42, 77, 68, 47, 5, 93, 78, 86, 54, 85, 63, 18, 44, 20, 49, 36, 14, 74, 50, 53, 17, 21, 28, 71, 64, 3, 23, 30, 83, 24, 41, 60, 52, 65, 27, 90, 70, 39, 87, 48, 69, 99, 4, 46, 1, 13, 58, 97, 59, 45, 8, 73, 37, 35, 79, 11, 66, 76, 32, 40, 80, 96, 6, 16, 61, 33, 98, 57, 81, 62, 67, 10, 7, 56, 88, 51, 19, 91, 38, 75, 92, 25, 84, 2, 12, 29, 43, 34, 55, 0, 94, 89, 72]|[2, 1, 2, 1, 1, 2, 1, 1, 1, 1, 1, 0, 2, 2, 1, 2, 0, 0, 0, 2, 2, 1, 0, 2, 0, 2, 2, 1, 0, 1, 1, 1, 0, 0, 1, 0, 2, 1, 2, 2, 0, 0, 1, 1, 0, 2, 0, 2, 1, 0, 0, 2, 0, 0, 2, 0, 1, 1, 0, 0, 2, 1, 0, 2, 2, 0, 2, 2, 0, 1, 2, 1, 1, 0, 0, 1, 1, 1, 1, 2, 2, 1, 1, 1, 1, 0, 0, 0, 1, 0, 2, 1, 1, 1, 1, 0, 0, 1, 1, 1]|[0, 3, 0, 2, 4, 1, 4, 4, 2, 4, 3, 2, 1, 0, 2, 1, 1, 1, 2, 1, 1, 3, 0, 1, 0, 1, 1, 4, 1, 4, 3, 2, 2, 0, 4, 1, 1, 4, 0, 1, 2, 1, 4, 4, 1, 1, 0, 2, 3, 1, 2, 1, 2, 1, 1, 2, 4, 3, 0, 2, 2, 3, 1, 0, 1, 2, 0, 1, 2, 4, 1, 3, 4, 2, 2, 4, 3, 3, 3, 1, 1, 4, 3, 4, 3, 2, 2, 2, 4, 2, 1, 3, 3, 4, 1, 2, 2, 4, 4, 4]|[0, 2, 0, 1, 3, 0, 1, 3, 0, 0, 2, 0, 1, 0, 1, 0, 0, 0, 1, 0, 0, 2, 0, 0, 1, 0, 0, 3, 0, 1, 0, 2, 0, 0, 3, 0, 1, 3, 1, 0, 0, 0, 1, 3, 0, 0, 1, 0, 2, 0, 0, 0, 0, 0, 1, 0, 1, 0, 1, 1, 0, 2, 0, 0, 0, 0, 0, 0, 0, 2, 0, 0, 1, 0, 0, 2, 0, 0, 3, 0, 0, 1, 0, 3, 0, 0, 0, 0, 3, 0, 0, 0, 0, 2, 1, 0, 0, 2, 1, 2],918.6487324495604,51715.11972722987,110351.60106880446,true
12,G3_TWC,G3_TWC,[31, 22, 82, 15, 26, 9, 95, 42, 77, 12, 47, 5, 93, 78, 86, 54, 85, 63, 18, 44, 20, 35, 43, 97, 91, 76, 10, 30, 21, 45, 71, 64, 1, 23, 17, 83, 24, 14, 60, 36, 41, 57, 40, 88, 65, 56, 79, 94, 67, 68, 46, 75, 38, 58, 19, 32, 81, 6, 27, 62, 87, 90, 99, 59, 11, 16, 72, 73, 69, 39, 37, 84, 3, 92, 25, 55, 28, 29, 51, 7, 66, 61, 98, 48, 89, 8, 33, 96, 53, 80, 50, 4, 34, 2, 52, 13, 0, 70, 74, 49]|[1, 1, 0, 1, 1, 0, 1, 2, 2, 1, 2, 2, 2, 1, 1, 0, 0, 1, 0, 2, 2, 0, 1, 2, 0, 1, 2, 2, 0, 0, 1, 2, 1, 2, 1, 0, 2, 0, 1, 1, 0, 1, 1, 1, 0, 2, 1, 1, 0, 0, 0, 0, 1, 1, 2, 1, 2, 0, 0, 0, 2, 1, 0, 1, 2, 1, 2, 1, 1, 1, 1, 1, 1, 0, 1, 1, 0, 0, 0, 1, 2, 1, 2, 0, 1, 0, 2, 0, 0, 0, 0, 0, 2, 0, 1, 0, 0, 1, 2, 0]|[4, 3, 2, 2, 4, 1, 2, 2, 2, 4, 1, 1, 2, 4, 4, 1, 2, 4, 2, 1, 1, 1, 1, 2, 1, 2, 1, 1, 1, 1, 3, 2, 3, 0, 4, 0, 1, 1, 0, 3, 2, 2, 2, 0, 1, 1, 0, 4, 0, 1, 2, 2, 1, 4, 0, 3, 2, 1, 1, 2, 1, 3, 1, 1, 1, 3, 0, 4, 3, 1, 4, 1, 1, 0, 4, 4, 2, 1, 1, 1, 1, 3, 1, 1, 1, 1, 1, 1, 2, 1, 1, 2, 1, 2, 1, 2, 2, 4, 1, 1]|[0, 2, 1, 1, 3, 0, 1, 0, 0, 0, 0, 0, 1, 0, 1, 0, 0, 3, 1, 0, 0, 0, 3, 1, 0, 2, 0, 0, 0, 1, 0, 0, 0, 0, 3, 0, 1, 0, 0, 2, 1, 1, 1, 0, 0, 0, 0, 2, 1, 0, 0, 0, 1, 3, 0, 0, 1, 0, 0, 1, 0, 2, 0, 1, 0, 2, 1, 0, 0, 1, 1, 3, 1, 1, 3, 3, 1, 0, 0, 2, 0, 0, 0, 0, 1, 0, 0, 0, 1, 0, 0, 1, 0, 0, 1, 0, 0, 2, 0, 1],828.6150361188287,57498.909092636255,92558.71763620913,false
12,G1_CMAX,G1_CMAX,[31, 22, 82, 15, 26, 9, 95, 42, 77, 12, 47, 5, 93, 78, 86, 54, 6, 63, 18, 44, 20, 35, 43, 97, 91, 76, 10, 30, 21, 45, 64, 1, 23, 17, 83, 24, 14, 60, 36, 13, 75, 46, 68, 67, 69, 79, 56, 65, 88, 40, 57, 85, 58, 19, 32, 81, 48, 27, 62, 87, 90, 99, 59, 11, 16, 72, 73, 71, 70, 39, 37, 84, 3, 98, 29, 28, 55, 25, 92, 7, 33, 61, 53, 41, 89, 50, 8, 96, 51, 80, 34, 4, 66, 2, 52, 49, 0, 94, 74, 38]|[1, 1, 0, 1, 1, 0, 1, 2, 2, 1, 2, 2, 2, 1, 1, 0, 0, 1, 0, 2, 2, 0, 1, 2, 0, 1, 2, 2, 0, 0, 2, 1, 2, 1, 0, 2, 2, 1, 1, 0, 0, 0, 0, 0, 2, 1, 2, 0, 1, 1, 1, 0, 1, 2, 1, 2, 1, 0, 0, 2, 1, 0, 1, 2, 1, 2, 1, 1, 1, 1, 1, 1, 1, 0, 0, 0, 1, 1, 0, 1, 0, 1, 0, 1, 1, 0, 1, 0, 0, 0, 2, 1, 2, 0, 1, 0, 0, 2, 2, 1]|[0, 3, 2, 2, 4, 1, 2, 2, 2, 4, 1, 1, 2, 4, 4, 1, 2, 4, 2, 1, 1, 1, 1, 2, 1, 2, 1, 1, 1, 1, 2, 3, 0, 4, 0, 1, 2, 0, 3, 2, 2, 2, 1, 0, 2, 0, 1, 1, 0, 2, 2, 2, 0, 0, 3, 2, 4, 1, 2, 2, 3, 1, 1, 1, 3, 0, 4, 3, 3, 1, 4, 1, 1, 1, 1, 2, 4, 4, 0, 1, 2, 3, 2, 4, 1, 1, 3, 1, 1, 1, 1, 4, 1, 2, 1, 1, 2, 2, 1, 1]|[0, 2, 1, 1, 3, 0, 1, 0, 0, 0, 0, 0, 1, 0, 1, 0, 1, 3, 1, 0, 0, 0, 3, 1, 0, 2, 0, 0, 0, 1, 0, 0, 0, 3, 0, 1, 1, 0, 2, 0, 0, 0, 0, 1, 0, 0, 0, 0, 0, 1, 1, 0, 3, 0, 0, 1, 2, 0, 1, 0, 2, 0, 1, 0, 2, 1, 0, 0, 0, 1, 1, 3, 1, 0, 0, 1, 3, 3, 1, 2, 1, 0, 1, 3, 1, 0, 2, 0, 0, 0, 0, 0, 0, 0, 1, 1, 0, 0, 0, 1],740.6648699319737,58345.503832923176,99227.13002615936,false
12,G4_BALANCED,G3_TWC,[31, 22, 82, 15, 26, 9, 95, 42, 77, 12, 47, 5, 93, 78, 86, 54, 85, 63, 18, 44, 20, 35, 43, 97, 91, 76, 10, 30, 21, 45, 71, 64, 1, 23, 17, 83, 24, 14, 60, 36, 41, 57, 40, 88, 65, 56, 79, 94, 67, 68, 46, 75, 38, 58, 19, 32, 81, 6, 27, 62, 87, 90, 99, 59, 11, 16, 72, 73, 70, 39, 37, 84, 3, 92, 25, 55, 28, 29, 51, 7, 66, 61, 98, 48, 89, 8, 33, 96, 53, 50, 80, 4, 34, 2, 52, 49, 0, 69, 74, 13]|[1, 1, 0, 1, 1, 0, 1, 2, 2, 1, 2, 2, 2, 1, 1, 0, 0, 1, 0, 2, 2, 0, 1, 2, 0, 1, 2, 2, 0, 0, 1, 2, 1, 2, 1, 0, 2, 0, 1, 1, 0, 1, 1, 1, 0, 2, 1, 1, 0, 0, 0, 0, 1, 1, 2, 1, 2, 0, 0, 0, 2, 1, 0, 1, 2, 1, 2, 1, 1, 1, 1, 1, 1, 0, 1, 1, 0, 0, 0, 1, 2, 1, 2, 0, 1, 0, 2, 0, 0, 0, 0, 0, 2, 0, 1, 0, 0, 1, 2, 0]|[4, 3, 2, 2, 4, 1, 2, 2, 2, 4, 1, 1, 2, 4, 4, 1, 2, 4, 2, 1, 1, 1, 1, 2, 1, 2, 1, 1, 1, 1, 3, 2, 3, 0, 4, 0, 1, 1, 0, 3, 2, 2, 2, 0, 1, 1, 0, 4, 0, 1, 2, 2, 1, 4, 0, 3, 2, 1, 1, 2, 1, 3, 1, 1, 1, 3, 0, 4, 3, 1, 4, 1, 1, 0, 4, 4, 2, 1, 1, 1, 1, 3, 1, 1, 1, 1, 1, 1, 2, 1, 1, 2, 1, 2, 1, 1, 2, 4, 1, 2]|[0, 2, 1, 1, 3, 0, 1, 0, 0, 0, 0, 0, 1, 0, 1, 0, 0, 3, 1, 0, 0, 0, 3, 1, 0, 2, 0, 0, 0, 1, 0, 0, 0, 0, 3, 0, 1, 0, 0, 2, 1, 1, 1, 0, 0, 0, 0, 2, 1, 0, 0, 0, 1, 3, 0, 0, 1, 0, 0, 1, 0, 2, 0, 1, 0, 2, 1, 0, 0, 1, 1, 3, 1, 1, 3, 3, 1, 0, 0, 2, 0, 0, 0, 0, 1, 0, 0, 0, 1, 0, 0, 1, 0, 0, 1, 1, 0, 2, 0, 0],828.4451691161381,57496.53963046682,92649.87992671717,true
12,G2_TEC,G4_BALANCED,[31, 22, 82, 15, 26, 9, 95, 42, 77, 68, 47, 5, 93, 78, 86, 54, 85, 63, 18, 44, 20, 49, 36, 14, 74, 50, 53, 17, 21, 28, 71, 64, 3, 23, 30, 83, 24, 41, 60, 52, 65, 27, 90, 70, 39, 87, 48, 69, 99, 4, 46, 1, 13, 58, 97, 59, 45, 8, 73, 37, 35, 79, 11, 66, 76, 32, 40, 80, 96, 6, 16, 61, 33, 98, 57, 81, 62, 67, 10, 7, 56, 88, 51, 19, 91, 38, 75, 92, 25, 84, 2, 12, 29, 43, 34, 55, 0, 94, 89, 72]|[2, 1, 2, 1, 1, 2, 1, 1, 1, 1, 1, 0, 2, 2, 1, 2, 0, 0, 0, 2, 2, 1, 0, 2, 0, 2, 2, 1, 0, 1, 1, 1, 0, 0, 1, 0, 2, 1, 2, 2, 0, 0, 1, 1, 0, 2, 0, 2, 1, 0, 0, 2, 0, 0, 2, 0, 1, 1, 0, 0, 2, 1, 0, 2, 2, 0, 2, 2, 0, 1, 2, 1, 1, 0, 0, 1, 1, 1, 1, 2, 2, 1, 1, 1, 1, 0, 0, 0, 1, 0, 2, 1, 1, 1, 1, 0, 0, 1, 1, 1]|[0, 3, 0, 2, 4, 1, 4, 4, 2, 4, 3, 2, 1, 0, 2, 1, 1, 1, 2, 1, 1, 3, 0, 1, 0, 1, 1, 4, 1, 4, 3, 2, 2, 0, 4, 1, 1, 4, 0, 1, 2, 1, 4, 4, 1, 1, 0, 2, 3, 1, 2, 1, 2, 1, 1, 2, 4, 3, 0, 2, 2, 3, 1, 0, 1, 2, 0, 1, 2, 4, 1, 3, 4, 2, 2, 4, 3, 3, 3, 1, 1, 4, 3, 4, 3, 2, 2, 2, 4, 2, 1, 3, 3, 4, 1, 2, 2, 4, 4, 4]|[0, 2, 0, 1, 3, 0, 1, 3, 0, 0, 2, 0, 1, 0, 1, 0, 0, 0, 1, 0, 0, 2, 0, 0, 1, 0, 0, 3, 0, 1, 0, 2, 0, 0, 3, 0, 1, 3, 1, 0, 0, 0, 1, 3, 0, 0, 1, 0, 2, 0, 0, 0, 0, 0, 1, 0, 1, 0, 1, 1, 0, 2, 0, 0, 0, 0, 0, 0, 0, 2, 0, 0, 1, 0, 0, 2, 0, 0, 3, 0, 0, 1, 0, 3, 0, 0, 0, 0, 3, 0, 0, 0, 0, 2, 1, 0, 0, 2, 1, 2],918.6487324495604,51715.11972722987,110351.60106880446,true
12,G3_TWC,G3_TWC,[31, 22, 82, 15, 26, 9, 95, 42, 77, 12, 47, 5, 93, 78, 86, 54, 85, 63, 18, 44, 20, 35, 43, 97, 91, 76, 10, 30, 21, 45, 71, 64, 1, 23, 17, 83, 24, 14, 60, 36, 41, 57, 40, 88, 65, 56, 79, 94, 67, 68, 46, 75, 38, 58, 19, 32, 81, 6, 27, 62, 87, 90, 99, 59, 11, 16, 72, 73, 69, 39, 37, 84, 3, 92, 25, 55, 28, 29, 51, 7, 66, 61, 98, 48, 89, 8, 33, 96, 53, 80, 50, 4, 34, 2, 52, 13, 0, 70, 74, 49]|[1, 1, 0, 1, 1, 0, 1, 2, 2, 1, 2, 2, 2, 1, 1, 0, 0, 1, 0, 2, 2, 0, 1, 2, 0, 1, 2, 2, 0, 0, 1, 2, 1, 2, 1, 0, 2, 0, 1, 1, 0, 1, 1, 1, 0, 2, 1, 1, 0, 0, 0, 0, 1, 1, 2, 1, 2, 0, 0, 0, 2, 1, 0, 1, 2, 1, 2, 1, 1, 1, 1, 1, 1, 0, 1, 1, 0, 0, 0, 1, 2, 1, 2, 0, 1, 0, 2, 0, 0, 0, 0, 0, 2, 0, 1, 0, 0, 1, 2, 0]|[4, 3, 2, 2, 4, 1, 2, 2, 2, 4, 1, 1, 2, 4, 4, 1, 2, 4, 2, 1, 1, 1, 1, 2, 1, 2, 1, 1, 1, 1, 3, 2, 3, 0, 4, 0, 1, 1, 0, 3, 2, 2, 2, 0, 1, 1, 0, 4, 0, 1, 2, 2, 1, 4, 0, 3, 2, 1, 1, 2, 1, 3, 1, 1, 1, 3, 0, 4, 3, 1, 4, 1, 1, 0, 4, 4, 2, 1, 1, 1, 1, 3, 1, 1, 1, 1, 1, 1, 2, 1, 1, 2, 1, 2, 1, 2, 2, 4, 1, 1]|[0, 2, 1, 1, 3, 0, 1, 0, 0, 0, 0, 0, 1, 0, 1, 0, 0, 3, 1, 0, 0, 0, 3, 1, 0, 2, 0, 0, 0, 1, 0, 0, 0, 0, 3, 0, 1, 0, 0, 2, 1, 1, 1, 0, 0, 0, 0, 2, 1, 0, 0, 0, 1, 3, 0, 0, 1, 0, 0, 1, 0, 2, 0, 1, 0, 2, 1, 0, 0, 1, 1, 3, 1, 1, 3, 3, 1, 0, 0, 2, 0, 0, 0, 0, 1, 0, 0, 0, 1, 0, 0, 1, 0, 0, 1, 0, 0, 2, 0, 1],828.6150361188287,57498.909092636255,92558.71763620913,false
12,G1_CMAX,G4_BALANCED,[31, 22, 82, 15, 26, 9, 95, 42, 77, 12, 47, 5, 93, 78, 86, 54, 85, 63, 18, 44, 20, 35, 43, 97, 91, 76, 10, 30, 21, 45, 71, 64, 1, 23, 17, 83, 24, 14, 60, 36, 41, 57, 40, 88, 65, 56, 79, 94, 67, 68, 46, 89, 38, 58, 19, 32, 81, 6, 27, 62, 87, 90, 99, 59, 11, 16, 72, 73, 70, 39, 37, 84, 3, 92, 25, 55, 28, 29, 51, 7, 33, 61, 98, 48, 75, 50, 8, 96, 53, 80, 4, 66, 34, 2, 52, 13, 0, 69, 74, 49]|[1, 1, 0, 1, 1, 0, 1, 2, 2, 1, 2, 2, 2, 1, 1, 0, 0, 1, 0, 2, 2, 0, 1, 2, 0, 1, 2, 2, 0, 0, 1, 2, 1, 1, 1, 0, 2, 0, 1, 1, 0, 1, 1, 1, 0, 2, 1, 1, 0, 0, 0, 1, 1, 1, 2, 1, 2, 0, 0, 0, 2, 1, 0, 1, 2, 1, 2, 1, 1, 1, 1, 1, 1, 0, 1, 1, 0, 0, 0, 1, 2, 1, 2, 0, 0, 0, 0, 0, 0, 0, 0, 0, 2, 0, 1, 0, 0, 1, 2, 0]|[4, 3, 2, 2, 4, 1, 2, 2, 2, 4, 1, 1, 2, 4, 4, 1, 2, 4, 2, 1, 1, 1, 1, 2, 1, 2, 1, 1, 1, 1, 3, 2, 3, 4, 4, 0, 1, 1, 0, 3, 2, 2, 2, 0, 1, 1, 0, 4, 0, 1, 2, 1, 1, 4, 0, 3, 2, 1, 1, 2, 1, 3, 1, 1, 1, 3, 0, 4, 3, 1, 4, 1, 1, 0, 4, 4, 2, 1, 1, 1, 1, 3, 1, 1, 2, 1, 1, 1, 2, 1, 2, 1, 1, 2, 1, 2, 2, 4, 1, 1]|[0, 2, 1, 1, 3, 0, 1, 1, 0, 0, 0, 0, 1, 0, 1, 0, 0, 3, 1, 0, 0, 0, 3, 1, 0, 2, 0, 0, 0, 1, 0, 0, 0, 3, 3, 0, 1, 0, 0, 2, 1, 1, 1, 0, 0, 0, 0, 2, 1, 0, 0, 1, 1, 3, 0, 0, 1, 0, 0, 1, 0, 2, 0, 1, 0, 2, 1, 0, 0, 1, 1, 3, 1, 1, 3, 3, 1, 0, 0, 2, 0, 0, 0, 0, 0, 0, 0, 0, 1, 0, 1, 0, 0, 0, 1, 0, 0, 2, 0, 1],844.6230966940703,58107.232503148945,92059.905576694,true
12,G4_BALANCED,G3_TWC,[31, 22, 82, 15, 26, 9, 95, 42, 77, 12, 47, 5, 93, 78, 86, 54, 85, 63, 18, 44, 20, 35, 43, 97, 91, 76, 10, 30, 21, 45, 71, 64, 1, 23, 17, 83, 24, 14, 60, 36, 41, 57, 40, 88, 65, 56, 79, 94, 67, 68, 46, 75, 38, 58, 19, 32, 81, 6, 27, 62, 87, 90, 99, 59, 11, 16, 72, 73, 70, 39, 37, 84, 3, 92, 25, 55, 28, 29, 51, 7, 66, 61, 98, 48, 89, 8, 33, 96, 53, 50, 80, 4, 34, 2, 52, 49, 0, 69, 74, 13]|[1, 1, 0, 1, 1, 0, 1, 2, 2, 1, 2, 2, 2, 1, 1, 0, 0, 1, 0, 2, 2, 0, 1, 2, 0, 1, 2, 2, 0, 0, 1, 2, 1, 2, 1, 0, 2, 0, 1, 1, 0, 1, 1, 1, 0, 2, 1, 1, 0, 0, 0, 0, 1, 1, 2, 1, 2, 0, 0, 0, 2, 1, 0, 1, 2, 1, 2, 1, 1, 1, 1, 1, 1, 0, 1, 1, 0, 0, 0, 1, 2, 1, 2, 0, 1, 0, 2, 0, 0, 0, 0, 0, 2, 0, 1, 0, 0, 1, 2, 0]|[4, 3, 2, 2, 4, 1, 2, 2, 2, 4, 1, 1, 2, 4, 4, 1, 2, 4, 2, 1, 1, 1, 1, 2, 1, 2, 1, 1, 1, 1, 3, 2, 3, 0, 4, 0, 1, 1, 0, 3, 2, 2, 2, 0, 1, 1, 0, 4, 0, 1, 2, 2, 1, 4, 0, 3, 2, 1, 1, 2, 1, 3, 1, 1, 1, 3, 0, 4, 3, 1, 4, 1, 1, 0, 4, 4, 2, 1, 1, 1, 1, 3, 1, 1, 1, 1, 1, 1, 2, 1, 1, 2, 1, 2, 1, 1, 2, 4, 1, 2]|[0, 2, 1, 1, 3, 0, 1, 0, 0, 0, 0, 0, 1, 0, 1, 0, 0, 3, 1, 0, 0, 0, 3, 1, 0, 2, 0, 0, 0, 1, 0, 0, 0, 0, 3, 0, 1, 0, 0, 2, 1, 1, 1, 0, 0, 0, 0, 2, 1, 0, 0, 0, 1, 3, 0, 0, 1, 0, 0, 1, 0, 2, 0, 1, 0, 2, 1, 0, 0, 1, 1, 3, 1, 1, 3, 3, 1, 0, 0, 2, 0, 0, 0, 0, 1, 0, 0, 0, 1, 0, 0, 1, 0, 0, 1, 1, 0, 2, 0, 0],828.4451691161381,57496.53963046682,92649.87992671717,true
12,G2_TEC,G4_BALANCED,[31, 22, 82, 15, 26, 9, 95, 42, 77, 68, 47, 5, 93, 78, 86, 54, 85, 63, 18, 44, 20, 49, 36, 14, 74, 50, 53, 17, 21, 28, 71, 64, 3, 23, 30, 83, 24, 41, 60, 52, 65, 27, 90, 70, 39, 87, 48, 69, 99, 4, 46, 1, 13, 58, 97, 59, 45, 8, 73, 37, 35, 79, 11, 66, 76, 32, 40, 80, 96, 6, 16, 61, 33, 98, 57, 81, 62, 67, 10, 7, 56, 88, 51, 19, 91, 38, 75, 92, 25, 84, 2, 12, 29, 43, 34, 55, 0, 94, 89, 72]|[2, 1, 2, 1, 1, 2, 1, 1, 1, 1, 1, 0, 2, 2, 1, 2, 0, 0, 0, 2, 2, 1, 0, 2, 0, 2, 2, 1, 0, 1, 1, 1, 0, 0, 1, 0, 2, 1, 2, 2, 0, 0, 1, 1, 0, 2, 0, 2, 1, 0, 0, 2, 0, 0, 2, 0, 1, 1, 0, 0, 2, 1, 0, 2, 2, 0, 2, 2, 0, 1, 2, 1, 1, 0, 0, 1, 1, 1, 1, 2, 2, 1, 1, 1, 1, 0, 0, 0, 1, 0, 2, 1, 1, 1, 1, 0, 0, 1, 1, 1]|[0, 3, 0, 2, 4, 1, 4, 4, 2, 4, 3, 2, 1, 0, 2, 1, 1, 1, 2, 1, 1, 3, 0, 1, 0, 1, 1, 4, 1, 4, 3, 2, 2, 0, 4, 1, 1, 4, 0, 1, 2, 1, 4, 4, 1, 1, 0, 2, 3, 1, 2, 1, 2, 1, 1, 2, 4, 3, 0, 2, 2, 3, 1, 0, 1, 2, 0, 1, 2, 4, 1, 3, 4, 2, 2, 4, 3, 3, 3, 1, 1, 4, 3, 4, 3, 2, 2, 2, 4, 2, 1, 3, 3, 4, 1, 2, 2, 4, 4, 4]|[0, 2, 0, 1, 3, 0, 1, 3, 0, 0, 2, 0, 1, 0, 1, 0, 0, 0, 1, 0, 0, 2, 0, 0, 1, 0, 0, 3, 0, 1, 0, 2, 0, 0, 3, 0, 1, 3, 1, 0, 0, 0, 1, 3, 0, 0, 1, 0, 2, 0, 0, 0, 0, 0, 1, 0, 1, 0, 1, 1, 0, 2, 0, 0, 0, 0, 0, 0, 0, 2, 0, 0, 1, 0, 0, 2, 0, 0, 3, 0, 0, 1, 0, 3, 0, 0, 0, 0, 3, 0, 0, 0, 0, 2, 1, 0, 0, 2, 1, 2],918.6487324495604,51715.11972722987,110351.60106880446,true
12,G3_TWC,G3_TWC,[31, 22, 82, 15, 26, 9, 95, 42, 77, 12, 47, 5, 93, 78, 86, 54, 85, 63, 18, 44, 20, 35, 43, 97, 91, 76, 10, 30, 21, 45, 71, 64, 1, 23, 17, 83, 24, 14, 60, 36, 41, 57, 40, 88, 65, 56, 79, 94, 67, 68, 46, 75, 38, 58, 19, 32, 81, 6, 27, 62, 87, 90, 99, 59, 11, 16, 72, 73, 69, 39, 37, 84, 3, 92, 25, 55, 28, 29, 51, 7, 66, 61, 98, 48, 89, 8, 33, 96, 53, 80, 50, 4, 34, 2, 52, 13, 0, 70, 74, 49]|[1, 1, 0, 1, 1, 0, 1, 2, 2, 1, 2, 2, 2, 1, 1, 0, 0, 1, 0, 2, 2, 0, 1, 2, 0, 1, 2, 2, 0, 0, 1, 2, 1, 2, 1, 0, 2, 0, 1, 1, 0, 1, 1, 1, 0, 2, 1, 1, 0, 0, 0, 0, 1, 1, 2, 1, 2, 0, 0, 0, 2, 1, 0, 1, 2, 1, 2, 1, 1, 1, 1, 1, 1, 0, 1, 1, 0, 0, 0, 1, 2, 1, 2, 0, 1, 0, 2, 0, 0, 0, 0, 0, 2, 0, 1, 0, 0, 1, 2, 0]|[4, 3, 2, 2, 4, 1, 2, 2, 2, 4, 1, 1, 2, 4, 4, 1, 2, 4, 2, 1, 1, 1, 1, 2, 1, 2, 1, 1, 1, 1, 3, 2, 3, 0, 4, 0, 1, 1, 0, 3, 2, 2, 2, 0, 1, 1, 0, 4, 0, 1, 2, 2, 1, 4, 0, 3, 2, 1, 1, 2, 1, 3, 1, 1, 1, 3, 0, 4, 3, 1, 4, 1, 1, 0, 4, 4, 2, 1, 1, 1, 1, 3, 1, 1, 1, 1, 1, 1, 2, 1, 1, 2, 1, 2, 1, 2, 2, 4, 1, 1]|[0, 2, 1, 1, 3, 0, 1, 0, 0, 0, 0, 0, 1, 0, 1, 0, 0, 3, 1, 0, 0, 0, 3, 1, 0, 2, 0, 0, 0, 1, 0, 0, 0, 0, 3, 0, 1, 0, 0, 2, 1, 1, 1, 0, 0, 0, 0, 2, 1, 0, 0, 0, 1, 3, 0, 0, 1, 0, 0, 1, 0, 2, 0, 1, 0, 2, 1, 0, 0, 1, 1, 3, 1, 1, 3, 3, 1, 0, 0, 2, 0, 0, 0, 0, 1, 0, 0, 0, 1, 0, 0, 1, 0, 0, 1, 0, 0, 2, 0, 1],828.6150361188287,57498.909092636255,92558.71763620913,false
12,G1_CMAX,G3_TWC,[31, 22, 82, 15, 26, 9, 95, 42, 77, 12, 47, 5, 93, 78, 86, 54, 85, 63, 18, 44, 20, 35, 43, 97, 91, 76, 10, 30, 21, 45, 71, 64, 1, 23, 17, 83, 24, 14, 60, 36, 41, 57, 40, 88, 65, 56, 79, 94, 67, 68, 46, 89, 38, 58, 19, 32, 81, 6, 27, 62, 87, 90, 99, 59, 11, 16, 72, 73, 70, 39, 37, 84, 3, 92, 25, 55, 28, 29, 51, 7, 33, 61, 98, 48, 75, 50, 8, 96, 53, 80, 4, 66, 34, 2, 52, 13, 0, 69, 74, 49]|[1, 1, 0, 1, 1, 0, 1, 2, 2, 1, 2, 2, 2, 1, 1, 0, 0, 1, 0, 2, 2, 0, 1, 2, 0, 1, 2, 2, 0, 0, 1, 2, 1, 1, 1, 0, 2, 0, 1, 1, 0, 1, 1, 1, 0, 2, 1, 1, 0, 0, 0, 1, 1, 0, 2, 1, 2, 0, 0, 0, 2, 1, 0, 1, 2, 1, 2, 1, 1, 1, 1, 1, 1, 0, 1, 1, 0, 0, 0, 1, 2, 1, 2, 0, 0, 0, 0, 0, 0, 0, 0, 2, 2, 0, 1, 0, 0, 1, 2, 0]|[4, 3, 2, 2, 4, 1, 2, 2, 2, 4, 1, 1, 2, 4, 4, 1, 2, 4, 2, 1, 1, 1, 1, 2, 1, 2, 1, 1, 1, 1, 3, 2, 3, 4, 4, 0, 1, 1, 0, 3, 2, 2, 2, 0, 1, 1, 0, 4, 0, 1, 2, 1, 1, 1, 0, 3, 2, 1, 1, 2, 1, 3, 1, 1, 1, 3, 0, 4, 3, 1, 4, 1, 1, 0, 4, 4, 2, 1, 1, 1, 1, 3, 1, 1, 2, 1, 1, 1, 2, 1, 2, 1, 1, 2, 1, 2, 2, 3, 1, 1]|[0, 2, 1, 1, 3, 0, 1, 1, 0, 0, 0, 0, 1, 0, 1, 0, 0, 3, 1, 0, 0, 0, 3, 1, 0, 2, 0, 0, 0, 1, 0, 0, 0, 3, 3, 0, 1, 0, 0, 2, 1, 1, 1, 0, 0, 0, 0, 2, 1, 0, 0, 1, 1, 0, 0, 0, 1, 0, 0, 1, 0, 2, 0, 1, 0, 2, 1, 0, 0, 1, 1, 3, 1, 1, 3, 3, 1, 0, 0, 2, 0, 0, 0, 0, 0, 0, 0, 0, 1, 0, 1, 0, 0, 0, 1, 0, 0, 0, 0, 1],868.0755710409927,58004.028093668894,91501.13854076371,true
12,G4_BALANCED,G3_TWC,[31, 22, 82, 15, 26, 9, 95, 42, 77, 12, 47, 5, 93, 78, 86, 54, 85, 63, 18, 44, 20, 35, 43, 97, 91, 76, 10, 30, 21, 45, 71, 64, 1, 23, 17, 83, 24, 14, 60, 36, 41, 57, 40, 88, 65, 56, 79, 94, 67, 68, 46, 75, 38, 58, 19, 32, 81, 6, 27, 62, 87, 90, 99, 59, 11, 16, 72, 73, 70, 39, 37, 84, 3, 92, 25, 55, 28, 29, 51, 7, 66, 61, 98, 48, 89, 8, 33, 96, 53, 50, 80, 4, 34, 2, 52, 49, 0, 69, 74, 13]|[1, 1, 0, 1, 1, 0, 1, 2, 2, 1, 2, 2, 2, 1, 1, 0, 0, 1, 0, 2, 2, 0, 1, 2, 0, 1, 2, 2, 0, 0, 1, 2, 1, 2, 1, 0, 2, 0, 1, 1, 0, 1, 1, 1, 0, 2, 1, 1, 0, 0, 0, 0, 1, 1, 2, 1, 2, 0, 0, 0, 2, 1, 0, 1, 2, 1, 2, 1, 1, 1, 1, 1, 1, 0, 1, 1, 0, 0, 0, 1, 2, 1, 2, 0, 1, 0, 2, 0, 0, 0, 0, 0, 2, 0, 1, 0, 0, 1, 2, 0]|[4, 3, 2, 2, 4, 1, 2, 2, 2, 4, 1, 1, 2, 4, 4, 1, 2, 4, 2, 1, 1, 1, 1, 2, 1, 2, 1, 1, 1, 1, 3, 2, 3, 0, 4, 0, 1, 1, 0, 3, 2, 2, 2, 0, 1, 1, 0, 4, 0, 1, 2, 2, 1, 4, 0, 3, 2, 1, 1, 2, 1, 3, 1, 1, 1, 3, 0, 4, 3, 1, 4, 1, 1, 0, 4, 4, 2, 1, 1, 1, 1, 3, 1, 1, 1, 1, 1, 1, 2, 1, 1, 2, 1, 2, 1, 1, 2, 4, 1, 2]|[0, 2, 1, 1, 3, 0, 1, 0, 0, 0, 0, 0, 1, 0, 1, 0, 0, 3, 1, 0, 0, 0, 3, 1, 0, 2, 0, 0, 0, 1, 0, 0, 0, 0, 3, 0, 1, 0, 0, 2, 1, 1, 1, 0, 0, 0, 0, 2, 1, 0, 0, 0, 1, 3, 0, 0, 1, 0, 0, 1, 0, 2, 0, 1, 0, 2, 1, 0, 0, 1, 1, 3, 1, 1, 3, 3, 1, 0, 0, 2, 0, 0, 0, 0, 1, 0, 0, 0, 1, 0, 0, 1, 0, 0, 1, 1, 0, 2, 0, 0],828.4451691161381,57496.53963046682,92649.87992671717,true
12,G2_TEC,G4_BALANCED,[31, 22, 82, 15, 26, 9, 95, 42, 77, 68, 47, 5, 93, 78, 86, 54, 85, 63, 18, 44, 20, 49, 36, 14, 74, 50, 53, 17, 21, 28, 71, 64, 3, 23, 30, 83, 24, 41, 60, 52, 65, 27, 90, 70, 39, 87, 48, 69, 99, 4, 46, 1, 13, 58, 97, 59, 45, 8, 73, 37, 35, 79, 11, 66, 76, 32, 40, 80, 96, 6, 16, 61, 33, 98, 57, 81, 62, 67, 10, 7, 56, 88, 51, 19, 91, 38, 75, 92, 25, 84, 2, 12, 29, 43, 34, 55, 0, 94, 89, 72]|[2, 1, 2, 1, 1, 2, 1, 1, 1, 1, 1, 0, 2, 2, 1, 2, 0, 0, 0, 2, 2, 1, 0, 2, 0, 2, 2, 1, 0, 1, 1, 1, 0, 0, 1, 0, 2, 1, 2, 2, 0, 0, 1, 1, 0, 2, 0, 2, 1, 0, 0, 2, 0, 0, 2, 0, 1, 1, 0, 0, 2, 1, 0, 2, 2, 0, 2, 2, 0, 1, 2, 1, 1, 0, 0, 1, 1, 1, 1, 2, 2, 1, 1, 1, 1, 0, 0, 0, 1, 0, 2, 1, 1, 1, 1, 0, 0, 1, 1, 1]|[0, 3, 0, 2, 4, 1, 4, 4, 2, 4, 3, 2, 1, 0, 2, 1, 1, 1, 2, 1, 1, 3, 0, 1, 0, 1, 1, 4, 1, 4, 3, 2, 2, 0, 4, 1, 1, 4, 0, 1, 2, 1, 4, 4, 1, 1, 0, 2, 3, 1, 2, 1, 2, 1, 1, 2, 4, 3, 0, 2, 2, 3, 1, 0, 1, 2, 0, 1, 2, 4, 1, 3, 4, 2, 2, 4, 3, 3, 3, 1, 1, 4, 3, 4, 3, 2, 2, 2, 4, 2, 1, 3, 3, 4, 1, 2, 2, 4, 4, 4]|[0, 2, 0, 1, 3, 0, 1, 3, 0, 0, 2, 0, 1, 0, 1, 0, 0, 0, 1, 0, 0, 2, 0, 0, 1, 0, 0, 3, 0, 1, 0, 2, 0, 0, 3, 0, 1, 3, 1, 0, 0, 0, 1, 3, 0, 0, 1, 0, 2, 0, 0, 0, 0, 0, 1, 0, 1, 0, 1, 1, 0, 2, 0, 0, 0, 0, 0, 0, 0, 2, 0, 0, 1, 0, 0, 2, 0, 0, 3, 0, 0, 1, 0, 3, 0, 0, 0, 0, 3, 0, 0, 0, 0, 2, 1, 0, 0, 2, 1, 2],918.6487324495604,51715.11972722987,110351.60106880446,true
12,G3_TWC,G3_TWC,[31, 22, 82, 15, 26, 9, 95, 42, 77, 12, 47, 5, 93, 78, 86, 54, 85, 63, 18, 44, 20, 35, 43, 97, 91, 76, 10, 30, 21, 45, 71, 64, 1, 23, 17, 83, 24, 14, 60, 36, 41, 57, 40, 88, 65, 56, 79, 94, 67, 68, 46, 75, 38, 58, 19, 32, 81, 6, 27, 62, 87, 90, 99, 59, 11, 16, 72, 73, 69, 39, 37, 84, 3, 92, 25, 55, 28, 29, 51, 7, 66, 61, 98, 48, 89, 8, 33, 96, 53, 80, 50, 4, 34, 2, 52, 13, 0, 70, 74, 49]|[1, 1, 0, 1, 1, 0, 1, 2, 2, 1, 2, 2, 2, 1, 1, 0, 0, 1, 0, 2, 2, 0, 1, 2, 0, 1, 2, 2, 0, 0, 1, 2, 1, 2, 1, 0, 2, 0, 1, 1, 0, 1, 1, 1, 0, 2, 1, 1, 0, 0, 0, 0, 1, 1, 2, 1, 2, 0, 0, 0, 2, 1, 0, 1, 2, 1, 2, 1, 1, 1, 1, 1, 1, 0, 1, 1, 0, 0, 0, 1, 2, 1, 2, 0, 1, 0, 2, 0, 0, 0, 0, 0, 2, 0, 1, 0, 0, 1, 2, 0]|[4, 3, 2, 2, 4, 1, 2, 2, 2, 4, 1, 1, 2, 4, 4, 1, 2, 4, 2, 1, 1, 1, 1, 2, 1, 2, 1, 1, 1, 1, 3, 2, 3, 0, 4, 0, 1, 1, 0, 3, 2, 2, 2, 0, 1, 1, 0, 4, 0, 1, 2, 2, 1, 4, 0, 3, 2, 1, 1, 2, 1, 3, 1, 1, 1, 3, 0, 4, 3, 1, 4, 1, 1, 0, 4, 4, 2, 1, 1, 1, 1, 3, 1, 1, 1, 1, 1, 1, 2, 1, 1, 2, 1, 2, 1, 2, 2, 4, 1, 1]|[0, 2, 1, 1, 3, 0, 1, 0, 0, 0, 0, 0, 1, 0, 1, 0, 0, 3, 1, 0, 0, 0, 3, 1, 0, 2, 0, 0, 0, 1, 0, 0, 0, 0, 3, 0, 1, 0, 0, 2, 1, 1, 1, 0, 0, 0, 0, 2, 1, 0, 0, 0, 1, 3, 0, 0, 1, 0, 0, 1, 0, 2, 0, 1, 0, 2, 1, 0, 0, 1, 1, 3, 1, 1, 3, 3, 1, 0, 0, 2, 0, 0, 0, 0, 1, 0, 0, 0, 1, 0, 0, 1, 0, 0, 1, 0, 0, 2, 0, 1],828.6150361188287,57498.909092636255,92558.71763620913,false
12,G1_CMAX,G4_BALANCED,[31, 22, 82, 15, 26, 58, 95, 42, 77, 12, 47, 5, 93, 78, 86, 54, 85, 63, 18, 44, 20, 35, 43, 97, 91, 76, 10, 30, 21, 45, 71, 64, 1, 23, 17, 83, 24, 14, 60, 36, 6, 57, 40, 88, 65, 56, 79, 94, 67, 68, 46, 75, 38, 9, 19, 32, 81, 48, 27, 62, 87, 90, 99, 59, 11, 16, 72, 73, 70, 39, 37, 84, 3, 92, 25, 55, 28, 29, 51, 7, 66, 61, 98, 41, 89, 50, 33, 96, 53, 80, 8, 4, 34, 2, 52, 13, 0, 69, 74, 49]|[1, 1, 0, 1, 1, 0, 1, 2, 2, 1, 2, 2, 2, 1, 1, 0, 0, 1, 0, 2, 2, 0, 1, 2, 0, 1, 2, 2, 0, 0, 1, 2, 1, 2, 1, 0, 2, 0, 1, 1, 0, 1, 1, 1, 0, 2, 1, 1, 0, 0, 0, 0, 1, 1, 2, 1, 2, 0, 0, 0, 2, 1, 0, 1, 2, 1, 2, 1, 1, 1, 1, 1, 1, 0, 1, 2, 0, 0, 0, 1, 2, 1, 2, 0, 1, 0, 2, 2, 0, 0, 1, 1, 2, 0, 1, 0, 0, 1, 2, 0]|[4, 3, 2, 2, 4, 1, 2, 2, 2, 4, 1, 1, 2, 4, 4, 1, 2, 4, 2, 1, 1, 1, 1, 2, 1, 2, 1, 1, 1, 1, 3, 2, 3, 1, 4, 0, 1, 1, 0, 3, 2, 2, 2, 0, 1, 1, 0, 4, 0, 1, 2, 2, 1, 4, 0, 3, 2, 1, 1, 2, 1, 3, 1, 1, 1, 3, 0, 4, 3, 1, 4, 1, 1, 0, 4, 1, 2, 1, 1, 1, 1, 3, 1, 1, 1, 1, 1, 1, 2, 1, 3, 4, 1, 2, 1, 2, 2, 4, 1, 1]|[0, 2, 1, 1, 3, 0, 1, 0, 0, 0, 0, 0, 1, 0, 1, 0, 0, 3, 1, 0, 0, 0, 3, 1, 0, 2, 0, 0, 0, 1, 0, 0, 0, 0, 3, 0, 1, 0, 0, 2, 1, 1, 1, 0, 0, 0, 0, 2, 1, 0, 0, 0, 1, 3, 0, 0, 1, 0, 0, 1, 0, 2, 0, 1, 0, 2, 1, 0, 0, 1, 1, 3, 1, 1, 3, 0, 1, 0, 0, 2, 0, 0, 0, 0, 1, 0, 0, 0, 1, 0, 2, 0, 0, 0, 1, 0, 0, 2, 0, 1],756.8020016894884,56503.089667006534,95189.26829142265,true
12,G4_BALANCED,G3_TWC,[31, 22, 82, 15, 26, 9, 95, 42, 77, 12, 47, 5, 93, 78, 86, 54, 85, 63, 18, 44, 20, 35, 43, 97, 91, 76, 10, 30, 21, 45, 71, 64, 1, 23, 17, 83, 24, 14, 60, 36, 41, 57, 40, 88, 65, 56, 79, 94, 67, 68, 46, 75, 38, 58, 19, 32, 81, 6, 27, 62, 87, 90, 99, 59, 11, 16, 72, 73, 70, 39, 37, 84, 3, 92, 25, 55, 28, 29, 51, 7, 66, 61, 98, 48, 89, 8, 33, 96, 53, 50, 80, 4, 34, 2, 52, 49, 0, 69, 74, 13]|[1, 1, 0, 1, 1, 0, 1, 2, 2, 1, 2, 2, 2, 1, 1, 0, 0, 1, 0, 2, 2, 0, 1, 2, 0, 1, 2, 2, 0, 0, 1, 2, 1, 2, 1, 0, 2, 0, 1, 1, 0, 1, 1, 1, 0, 2, 1, 1, 0, 0, 0, 0, 1, 1, 2, 1, 2, 0, 0, 0, 2, 1, 0, 1, 2, 1, 2, 1, 1, 1, 1, 1, 1, 0, 1, 1, 0, 0, 0, 1, 2, 1, 2, 0, 1, 0, 2, 0, 0, 0, 0, 0, 2, 0, 1, 0, 0, 1, 2, 0]|[4, 3, 2, 2, 4, 1, 2, 2, 2, 4, 1, 1, 2, 4, 4, 1, 2, 4, 2, 1, 1, 1, 1, 2, 1, 2, 1, 1, 1, 1, 3, 2, 3, 0, 4, 0, 1, 1, 0, 3, 2, 2, 2, 0, 1, 1, 0, 4, 0, 1, 2, 2, 1, 4, 0, 3, 2, 1, 1, 2, 1, 3, 1, 1, 1, 3, 0, 4, 3, 1, 4, 1, 1, 0, 4, 4, 2, 1, 1, 1, 1, 3, 1, 1, 1, 1, 1, 1, 2, 1, 1, 2, 1, 2, 1, 1, 2, 4, 1, 2]|[0, 2, 1, 1, 3, 0, 1, 0, 0, 0, 0, 0, 1, 0, 1, 0, 0, 3, 1, 0, 0, 0, 3, 1, 0, 2, 0, 0, 0, 1, 0, 0, 0, 0, 3, 0, 1, 0, 0, 2, 1, 1, 1, 0, 0, 0, 0, 2, 1, 0, 0, 0, 1, 3, 0, 0, 1, 0, 0, 1, 0, 2, 0, 1, 0, 2, 1, 0, 0, 1, 1, 3, 1, 1, 3, 3, 1, 0, 0, 2, 0, 0, 0, 0, 1, 0, 0, 0, 1, 0, 0, 1, 0, 0, 1, 1, 0, 2, 0, 0],828.4451691161381,57496.53963046682,92649.87992671717,true
12,G2_TEC,G4_BALANCED,[31, 22, 82, 15, 26, 9, 95, 42, 77, 68, 47, 5, 93, 78, 86, 54, 85, 63, 18, 44, 20, 49, 36, 14, 74, 50, 53, 17, 21, 28, 71, 64, 3, 23, 30, 83, 24, 41, 60, 52, 65, 27, 90, 70, 39, 87, 48, 69, 99, 4, 46, 1, 13, 58, 97, 59, 45, 8, 73, 37, 35, 79, 11, 66, 76, 32, 40, 80, 96, 6, 16, 61, 33, 98, 57, 81, 62, 67, 10, 7, 56, 88, 51, 19, 91, 38, 75, 92, 25, 84, 2, 12, 29, 43, 34, 55, 0, 94, 89, 72]|[2, 1, 2, 1, 1, 2, 1, 1, 1, 1, 1, 0, 2, 2, 1, 2, 0, 0, 0, 2, 2, 1, 0, 2, 0, 2, 2, 1, 0, 1, 1, 1, 0, 0, 1, 0, 2, 1, 2, 2, 0, 0, 1, 1, 0, 2, 0, 2, 1, 0, 0, 2, 0, 0, 2, 0, 1, 1, 0, 0, 2, 1, 0, 2, 2, 0, 2, 2, 0, 1, 2, 1, 1, 0, 0, 1, 1, 1, 1, 2, 2, 1, 1, 1, 1, 0, 0, 0, 1, 0, 2, 1, 1, 1, 1, 0, 0, 1, 1, 1]|[0, 3, 0, 2, 4, 1, 4, 4, 2, 4, 3, 2, 1, 0, 2, 1, 1, 1, 2, 1, 1, 3, 0, 1, 0, 1, 1, 4, 1, 4, 3, 2, 2, 0, 4, 1, 1, 4, 0, 1, 2, 1, 4, 4, 1, 1, 0, 2, 3, 1, 2, 1, 2, 1, 1, 2, 4, 3, 0, 2, 2, 3, 1, 0, 1, 2, 0, 1, 2, 4, 1, 3, 4, 2, 2, 4, 3, 3, 3, 1, 1, 4, 3, 4, 3, 2, 2, 2, 4, 2, 1, 3, 3, 4, 1, 2, 2, 4, 4, 4]|[0, 2, 0, 1, 3, 0, 1, 3, 0, 0, 2, 0, 1, 0, 1, 0, 0, 0, 1, 0, 0, 2, 0, 0, 1, 0, 0, 3, 0, 1, 0, 2, 0, 0, 3, 0, 1, 3, 1, 0, 0, 0, 1, 3, 0, 0, 1, 0, 2, 0, 0, 0, 0, 0, 1, 0, 1, 0, 1, 1, 0, 2, 0, 0, 0, 0, 0, 0, 0, 2, 0, 0, 1, 0, 0, 2, 0, 0, 3, 0, 0, 1, 0, 3, 0, 0, 0, 0, 3, 0, 0, 0, 0, 2, 1, 0, 0, 2, 1, 2],918.6487324495604,51715.11972722987,110351.60106880446,true
12,G3_TWC,G3_TWC,[31, 22, 82, 15, 26, 9, 95, 42, 77, 12, 47, 5, 93, 78, 86, 54, 85, 63, 18, 44, 20, 35, 43, 97, 91, 76, 10, 30, 21, 45, 71, 64, 1, 23, 17, 83, 24, 14, 60, 36, 41, 57, 40, 88, 65, 56, 79, 94, 67, 68, 46, 75, 38, 58, 19, 32, 81, 6, 27, 62, 87, 90, 99, 59, 11, 16, 72, 73, 69, 39, 37, 84, 3, 92, 25, 55, 28, 29, 51, 7, 66, 61, 98, 48, 89, 8, 33, 96, 53, 80, 50, 4, 34, 2, 52, 13, 0, 70, 74, 49]|[1, 1, 0, 1, 1, 0, 1, 2, 2, 1, 2, 2, 2, 1, 1, 0, 0, 1, 0, 2, 2, 0, 1, 2, 0, 1, 2, 2, 0, 0, 1, 2, 1, 2, 1, 0, 2, 0, 1, 1, 0, 1, 1, 1, 0, 2, 1, 1, 0, 0, 0, 0, 1, 1, 2, 1, 2, 0, 0, 0, 2, 1, 0, 1, 2, 1, 2, 1, 1, 1, 1, 1, 1, 0, 1, 1, 0, 0, 0, 1, 2, 1, 2, 0, 1, 0, 2, 0, 0, 0, 0, 0, 2, 0, 1, 0, 0, 1, 2, 0]|[4, 3, 2, 2, 4, 1, 2, 2, 2, 4, 1, 1, 2, 4, 4, 1, 2, 4, 2, 1, 1, 1, 1, 2, 1, 2, 1, 1, 1, 1, 3, 2, 3, 0, 4, 0, 1, 1, 0, 3, 2, 2, 2, 0, 1, 1, 0, 4, 0, 1, 2, 2, 1, 4, 0, 3, 2, 1, 1, 2, 1, 3, 1, 1, 1, 3, 0, 4, 3, 1, 4, 1, 1, 0, 4, 4, 2, 1, 1, 1, 1, 3, 1, 1, 1, 1, 1, 1, 2, 1, 1, 2, 1, 2, 1, 2, 2, 4, 1, 1]|[0, 2, 1, 1, 3, 0, 1, 0, 0, 0, 0, 0, 1, 0, 1, 0, 0, 3, 1, 0, 0, 0, 3, 1, 0, 2, 0, 0, 0, 1, 0, 0, 0, 0, 3, 0, 1, 0, 0, 2, 1, 1, 1, 0, 0, 0, 0, 2, 1, 0, 0, 0, 1, 3, 0, 0, 1, 0, 0, 1, 0, 2, 0, 1, 0, 2, 1, 0, 0, 1, 1, 3, 1, 1, 3, 3, 1, 0, 0, 2, 0, 0, 0, 0, 1, 0, 0, 0, 1, 0, 0, 1, 0, 0, 1, 0, 0, 2, 0, 1],828.6150361188287,57498.909092636255,92558.71763620913,false
12,G1_CMAX,G1_CMAX,[31, 22, 82, 15, 26, 9, 95, 42, 77, 12, 47, 5, 93, 78, 86, 54, 6, 63, 18, 44, 20, 35, 43, 97, 91, 76, 10, 30, 21, 45, 64, 1, 23, 17, 83, 24, 14, 60, 36, 13, 75, 46, 68, 67, 69, 79, 56, 65, 88, 40, 57, 85, 58, 19, 32, 81, 48, 27, 62, 87, 90, 99, 59, 11, 16, 72, 73, 71, 70, 39, 37, 84, 3, 98, 29, 28, 55, 25, 92, 7, 33, 61, 53, 41, 89, 50, 8, 96, 51, 80, 34, 4, 66, 2, 52, 49, 0, 94, 74, 38]|[1, 1, 0, 1, 1, 0, 1, 2, 2, 1, 2, 2, 2, 1, 1, 0, 0, 1, 0, 2, 2, 0, 1, 2, 0, 1, 2, 2, 0, 0, 2, 1, 2, 1, 0, 2, 2, 1, 1, 0, 0, 0, 0, 0, 2, 1, 2, 0, 1, 1, 1, 0, 1, 2, 1, 2, 1, 0, 0, 2, 1, 0, 1, 2, 1, 2, 1, 1, 1, 1, 1, 1, 1, 0, 0, 0, 1, 1, 0, 1, 0, 1, 0, 1, 1, 0, 1, 0, 0, 0, 2, 1, 2, 0, 1, 0, 0, 2, 2, 1]|[0, 3, 2, 2, 4, 1, 2, 2, 2, 4, 1, 1, 2, 4, 4, 1, 2, 4, 2, 1, 1, 1, 1, 2, 1, 2, 1, 1, 1, 1, 2, 3, 0, 4, 0, 1, 2, 0, 3, 2, 2, 2, 1, 0, 2, 0, 1, 1, 0, 2, 2, 2, 0, 0, 3, 2, 4, 1, 2, 2, 3, 1, 1, 1, 3, 0, 4, 3, 3, 1, 4, 1, 1, 1, 1, 2, 4, 4, 0, 1, 2, 3, 2, 4, 1, 1, 3, 1, 1, 1, 1, 4, 1, 2, 1, 1, 2, 0, 1, 1]|[0, 2, 1, 1, 3, 0, 1, 0, 0, 0, 0, 0, 1, 0, 1, 0, 1, 3, 1, 0, 0, 0, 3, 1, 0, 2, 0, 0, 0, 1, 0, 0, 0, 3, 0, 1, 1, 0, 2, 0, 0, 0, 0, 1, 0, 0, 0, 0, 0, 1, 1, 0, 3, 0, 0, 1, 2, 0, 1, 0, 2, 0, 1, 0, 2, 1, 0, 0, 0, 1, 1, 3, 1, 0, 0, 1, 3, 3, 1, 2, 1, 0, 1, 3, 1, 0, 2, 0, 0, 0, 0, 0, 0, 0, 1, 1, 0, 0, 0, 1],740.6648699319737,58392.73539943754,98914.29550102295,false
12,G4_BALANCED,G3_TWC,[31, 22, 82, 15, 26, 9, 95, 42, 77, 12, 47, 5, 93, 78, 86, 54, 85, 63, 18, 44, 20, 35, 43, 97, 91, 76, 10, 30, 21, 45, 71, 64, 1, 23, 17, 83, 24, 14, 60, 36, 41, 57, 40, 88, 65, 56, 79, 94, 67, 68, 46, 75, 38, 58, 19, 32, 81, 6, 27, 62, 87, 90, 99, 59, 11, 16, 72, 73, 70, 39, 37, 84, 3, 92, 25, 55, 28, 29, 51, 7, 66, 61, 98, 48, 89, 8, 33, 96, 53, 50, 80, 4, 34, 2, 52, 49, 0, 69, 74, 13]|[1, 1, 0, 1, 1, 0, 1, 2, 2, 1, 2, 2, 2, 1, 1, 0, 0, 1, 0, 2, 2, 0, 1, 2, 0, 1, 2, 2, 0, 0, 1, 2, 1, 2, 1, 0, 2, 0, 1, 1, 0, 1, 1, 1, 0, 2, 1, 1, 0, 0, 0, 0, 1, 1, 2, 1, 2, 0, 0, 0, 2, 1, 0, 1, 2, 1, 2, 1, 1, 1, 1, 1, 1, 0, 1, 1, 0, 0, 0, 1, 2, 1, 2, 0, 1, 0, 2, 0, 0, 0, 0, 0, 2, 0, 1, 0, 0, 1, 2, 0]|[4, 3, 2, 2, 4, 1, 2, 2, 2, 4, 1, 1, 2, 4, 4, 1, 2, 4, 2, 1, 1, 1, 1, 2, 1, 2, 1, 1, 1, 1, 3, 2, 3, 0, 4, 0, 1, 1, 0, 3, 2, 2, 2, 0, 1, 1, 0, 4, 0, 1, 2, 2, 1, 4, 0, 3, 2, 1, 1, 2, 1, 3, 1, 1, 1, 3, 0, 4, 3, 1, 4, 1, 1, 0, 4, 4, 2, 1, 1, 1, 1, 3, 1, 1, 1, 1, 1, 1, 2, 1, 1, 2, 1, 2, 1, 1, 2, 4, 1, 2]|[0, 2, 1, 1, 3, 0, 1, 0, 0, 0, 0, 0, 1, 0, 1, 0, 0, 3, 1, 0, 0, 0, 3, 1, 0, 2, 0, 0, 0, 1, 0, 0, 0, 0, 3, 0, 1, 0, 0, 2, 1, 1, 1, 0, 0, 0, 0, 2, 1, 0, 0, 0, 1, 3, 0, 0, 1, 0, 0, 1, 0, 2, 0, 1, 0, 2, 1, 0, 0, 1, 1, 3, 1, 1, 3, 3, 1, 0, 0, 2, 0, 0, 0, 0, 1, 0, 0, 0, 1, 0, 0, 1, 0, 0, 1, 1, 0, 2, 0, 0],828.4451691161381,57496.53963046682,92649.87992671717,true
12,G2_TEC,G4_BALANCED,[31, 22, 82, 15, 26, 9, 95, 42, 77, 68, 47, 5, 93, 78, 86, 54, 85, 63, 18, 44, 20, 49, 36, 14, 74, 50, 53, 17, 21, 28, 71, 64, 3, 23, 30, 83, 24, 41, 60, 52, 65, 27, 90, 70, 39, 87, 48, 69, 99, 4, 46, 1, 13, 58, 97, 59, 45, 8, 73, 37, 35, 79, 11, 66, 76, 32, 40, 80, 96, 6, 16, 61, 33, 98, 57, 81, 62, 67, 10, 7, 56, 88, 51, 19, 91, 38, 75, 92, 25, 84, 2, 12, 29, 43, 34, 55, 0, 94, 89, 72]|[2, 1, 2, 1, 1, 2, 1, 1, 1, 1, 1, 0, 2, 2, 1, 2, 0, 0, 0, 2, 2, 1, 0, 2, 0, 2, 2, 1, 0, 1, 1, 1, 0, 0, 1, 0, 2, 1, 2, 2, 0, 0, 1, 1, 0, 2, 0, 2, 1, 0, 0, 2, 0, 0, 2, 0, 1, 1, 0, 0, 2, 1, 0, 2, 2, 0, 2, 2, 0, 1, 2, 1, 1, 0, 0, 1, 1, 1, 1, 2, 2, 1, 1, 1, 1, 0, 0, 0, 1, 0, 2, 1, 1, 1, 1, 0, 0, 1, 1, 1]|[0, 3, 0, 2, 4, 1, 4, 4, 2, 4, 3, 2, 1, 0, 2, 1, 1, 1, 2, 1, 1, 3, 0, 1, 0, 1, 1, 4, 1, 4, 3, 2, 2, 0, 4, 1, 1, 4, 0, 1, 2, 1, 4, 4, 1, 1, 0, 2, 3, 1, 2, 1, 2, 1, 1, 2, 4, 3, 0, 2, 2, 3, 1, 0, 1, 2, 0, 1, 2, 4, 1, 3, 4, 2, 2, 4, 3, 3, 3, 1, 1, 4, 3, 4, 3, 2, 2, 2, 4, 2, 1, 3, 3, 4, 1, 2, 2, 4, 4, 4]|[0, 2, 0, 1, 3, 0, 1, 3, 0, 0, 2, 0, 1, 0, 1, 0, 0, 0, 1, 0, 0, 2, 0, 0, 1, 0, 0, 3, 0, 1, 0, 2, 0, 0, 3, 0, 1, 3, 1, 0, 0, 0, 1, 3, 0, 0, 1, 0, 2, 0, 0, 0, 0, 0, 1, 0, 1, 0, 1, 1, 0, 2, 0, 0, 0, 0, 0, 0, 0, 2, 0, 0, 1, 0, 0, 2, 0, 0, 3, 0, 0, 1, 0, 3, 0, 0, 0, 0, 3, 0, 0, 0, 0, 2, 1, 0, 0, 2, 1, 2],918.6487324495604,51715.11972722987,110351.60106880446,true
12,G3_TWC,G3_TWC,[31, 22, 82, 15, 26, 9, 95, 42, 77, 12, 47, 5, 93, 78, 86, 54, 85, 63, 18, 44, 20, 35, 43, 97, 91, 76, 10, 30, 21, 45, 71, 64, 1, 23, 17, 83, 24, 14, 60, 36, 41, 57, 40, 88, 65, 56, 79, 94, 67, 68, 46, 75, 38, 58, 19, 32, 81, 6, 27, 62, 87, 90, 99, 59, 11, 16, 72, 73, 69, 39, 37, 84, 3, 92, 25, 55, 28, 29, 51, 7, 66, 61, 98, 48, 89, 8, 33, 96, 53, 80, 50, 4, 34, 2, 52, 13, 0, 70, 74, 49]|[1, 1, 0, 1, 1, 0, 1, 2, 2, 1, 2, 2, 2, 1, 1, 0, 0, 1, 0, 2, 2, 0, 1, 2, 0, 1, 2, 2, 0, 0, 1, 2, 1, 2, 1, 0, 2, 0, 1, 1, 0, 1, 1, 1, 0, 2, 1, 1, 0, 0, 0, 0, 1, 1, 2, 1, 2, 0, 0, 0, 2, 1, 0, 1, 2, 1, 2, 1, 1, 1, 1, 1, 1, 0, 1, 1, 0, 0, 0, 1, 2, 1, 2, 0, 1, 0, 2, 0, 0, 0, 0, 0, 2, 0, 1, 0, 0, 1, 2, 0]|[4, 3, 2, 2, 4, 1, 2, 2, 2, 4, 1, 1, 2, 4, 4, 1, 2, 4, 2, 1, 1, 1, 1, 2, 1, 2, 1, 1, 1, 1, 3, 2, 3, 0, 4, 0, 1, 1, 0, 3, 2, 2, 2, 0, 1, 1, 0, 4, 0, 1, 2, 2, 1, 4, 0, 3, 2, 1, 1, 2, 1, 3, 1, 1, 1, 3, 0, 4, 3, 1, 4, 1, 1, 0, 4, 4, 2, 1, 1, 1, 1, 3, 1, 1, 1, 1, 1, 1, 2, 1, 1, 2, 1, 2, 1, 2, 2, 4, 1, 1]|[0, 2, 1, 1, 3, 0, 1, 0, 0, 0, 0, 0, 1, 0, 1, 0, 0, 3, 1, 0, 0, 0, 3, 1, 0, 2, 0, 0, 0, 1, 0, 0, 0, 0, 3, 0, 1, 0, 0, 2, 1, 1, 1, 0, 0, 0, 0, 2, 1, 0, 0, 0, 1, 3, 0, 0, 1, 0, 0, 1, 0, 2, 0, 1, 0, 2, 1, 0, 0, 1, 1, 3, 1, 1, 3, 3, 1, 0, 0, 2, 0, 0, 0, 0, 1, 0, 0, 0, 1, 0, 0, 1, 0, 0, 1, 0, 0, 2, 0, 1],828.6150361188287,57498.909092636255,92558.71763620913,false
12,G1_CMAX,G4_BALANCED,[31, 22, 82, 15, 26, 58, 95, 42, 77, 12, 47, 5, 93, 78, 86, 54, 85, 63, 18, 44, 20, 35, 43, 97, 91, 76, 10, 30, 21, 45, 71, 64, 1, 23, 17, 83, 24, 14, 60, 36, 6, 57, 40, 88, 65, 56, 79, 94, 67, 68, 46, 75, 38, 9, 19, 32, 81, 41, 27, 62, 87, 90, 99, 59, 11, 16, 72, 73, 70, 39, 37, 84, 3, 53, 25, 55, 28, 29, 51, 7, 33, 61, 98, 48, 89, 50, 66, 96, 92, 80, 8, 4, 34, 2, 52, 13, 0, 69, 74, 49]|[1, 1, 0, 1, 1, 0, 1, 2, 2, 1, 2, 2, 2, 1, 1, 0, 0, 1, 0, 2, 2, 0, 1, 2, 0, 1, 2, 2, 0, 0, 1, 2, 1, 2, 1, 0, 2, 0, 1, 1, 0, 1, 1, 1, 0, 2, 1, 1, 0, 0, 0, 0, 1, 1, 2, 1, 2, 0, 0, 0, 2, 1, 0, 1, 2, 1, 2, 1, 1, 1, 1, 1, 1, 0, 1, 1, 0, 0, 0, 1, 2, 1, 2, 0, 1, 0, 2, 2, 0, 0, 1, 1, 2, 0, 1, 0, 0, 1, 2, 0]|[4, 3, 2, 2, 4, 1, 2, 2, 2, 4, 1, 1, 2, 4, 4, 1, 2, 4, 2, 1, 1, 1, 1, 2, 1, 2, 1, 1, 1, 1, 3, 2, 3, 1, 4, 0, 1, 1, 0, 3, 2, 2, 2, 0, 1, 1, 0, 4, 0, 1, 2, 2, 1, 4, 0, 3, 2, 1, 1, 2, 1, 3, 1, 1, 1, 3, 0, 4, 3, 1, 4, 1, 1, 2, 4, 4, 2, 1, 1, 1, 1, 3, 1, 1, 1, 1, 1, 1, 2, 1, 3, 4, 1, 2, 1, 2, 2, 4, 1, 1]|[0, 2, 1, 1, 3, 0, 1, 0, 0, 0, 0, 0, 1, 0, 1, 0, 0, 3, 1, 0, 0, 0, 3, 1, 0, 2, 0, 0, 0, 1, 0, 0, 0, 0, 3, 0, 1, 0, 0, 2, 1, 1, 1, 0, 0, 0, 0, 2, 1, 0, 0, 0, 1, 3, 0, 0, 1, 0, 0, 1, 0, 2, 0, 1, 0, 2, 1, 0, 0, 1, 1, 3, 1, 1, 3, 3, 1, 0, 0, 2, 0, 0, 0, 0, 1, 0, 0, 0, 1, 0, 2, 0, 0, 0, 1, 0, 0, 2, 0, 1],762.3614130075819,56539.96850450098,94690.89008619769,true
12,G4_BALANCED,G3_TWC,[31, 22, 82, 15, 26, 9, 95, 42, 77, 12, 47, 5, 93, 78, 86, 54, 85, 63, 18, 44, 20, 35, 43, 97, 91, 76, 10, 30, 21, 45, 71, 64, 1, 23, 17, 83, 24, 14, 60, 36, 41, 57, 40, 88, 65, 56, 79, 94, 67, 68, 46, 75, 38, 58, 19, 32, 81, 6, 27, 62, 87, 90, 99, 59, 11, 16, 72, 73, 70, 39, 37, 84, 3, 92, 25, 55, 28, 29, 51, 7, 66, 61, 98, 48, 89, 8, 33, 96, 53, 50, 80, 4, 34, 2, 52, 49, 0, 69, 74, 13]|[1, 1, 0, 1, 1, 0, 1, 2, 2, 1, 2, 2, 2, 1, 1, 0, 0, 1, 0, 2, 2, 0, 1, 2, 0, 1, 2, 2, 0, 0, 1, 2, 1, 2, 1, 0, 2, 0, 1, 1, 0, 1, 1, 1, 0, 2, 1, 1, 0, 0, 0, 0, 1, 1, 2, 1, 2, 0, 0, 0, 2, 1, 0, 1, 2, 1, 2, 1, 1, 1, 1, 1, 1, 0, 1, 1, 0, 0, 0, 1, 2, 1, 2, 0, 1, 0, 2, 0, 0, 0, 0, 0, 2, 0, 1, 0, 0, 1, 2, 0]|[4, 3, 2, 2, 4, 1, 2, 2, 2, 4, 1, 1, 2, 4, 4, 1, 2, 4, 2, 1, 1, 1, 1, 2, 1, 2, 1, 1, 1, 1, 3, 2, 3, 0, 4, 0, 1, 1, 0, 3, 2, 2, 2, 0, 1, 1, 0, 4, 0, 1, 2, 2, 1, 4, 0, 3, 2, 1, 1, 2, 1, 3, 1, 1, 1, 3, 0, 4, 3, 1, 4, 1, 1, 0, 4, 4, 2, 1, 1, 1, 1, 3, 1, 1, 1, 1, 1, 1, 2, 1, 1, 2, 1, 2, 1, 1, 2, 4, 1, 2]|[0, 2, 1, 1, 3, 0, 1, 0, 0, 0, 0, 0, 1, 0, 1, 0, 0, 3, 1, 0, 0, 0, 3, 1, 0, 2, 0, 0, 0, 1, 0, 0, 0, 0, 3, 0, 1, 0, 0, 2, 1, 1, 1, 0, 0, 0, 0, 2, 1, 0, 0, 0, 1, 3, 0, 0, 1, 0, 0, 1, 0, 2, 0, 1, 0, 2, 1, 0, 0, 1, 1, 3, 1, 1, 3, 3, 1, 0, 0, 2, 0, 0, 0, 0, 1, 0, 0, 0, 1, 0, 0, 1, 0, 0, 1, 1, 0, 2, 0, 0],828.4451691161381,57496.53963046682,92649.87992671717,true
12,G2_TEC,G4_BALANCED,[31, 22, 82, 15, 26, 9, 95, 42, 77, 68, 47, 5, 93, 78, 86, 54, 85, 63, 18, 44, 20, 49, 36, 14, 74, 50, 53, 17, 21, 28, 71, 64, 3, 23, 30, 83, 24, 41, 60, 52, 65, 27, 90, 70, 39, 87, 48, 69, 99, 4, 46, 1, 13, 58, 97, 59, 45, 8, 73, 37, 35, 79, 11, 66, 76, 32, 40, 80, 96, 6, 16, 61, 33, 98, 57, 81, 62, 67, 10, 7, 56, 88, 51, 19, 91, 38, 75, 92, 25, 84, 2, 12, 29, 43, 34, 55, 0, 94, 89, 72]|[2, 1, 2, 1, 1, 2, 1, 1, 1, 1, 1, 0, 2, 2, 1, 2, 0, 0, 0, 2, 2, 1, 0, 2, 0, 2, 2, 1, 0, 1, 1, 1, 0, 0, 1, 0, 2, 1, 2, 2, 0, 0, 1, 1, 0, 2, 0, 2, 1, 0, 0, 2, 0, 0, 2, 0, 1, 1, 0, 0, 2, 1, 0, 2, 2, 0, 2, 2, 0, 1, 2, 1, 1, 0, 0, 1, 1, 1, 1, 2, 2, 1, 1, 1, 1, 0, 0, 0, 1, 0, 2, 1, 1, 1, 1, 0, 0, 1, 1, 1]|[0, 3, 0, 2, 4, 1, 4, 4, 2, 4, 3, 2, 1, 0, 2, 1, 1, 1, 2, 1, 1, 3, 0, 1, 0, 1, 1, 4, 1, 4, 3, 2, 2, 0, 4, 1, 1, 4, 0, 1, 2, 1, 4, 4, 1, 1, 0, 2, 3, 1, 2, 1, 2, 1, 1, 2, 4, 3, 0, 2, 2, 3, 1, 0, 1, 2, 0, 1, 2, 4, 1, 3, 4, 2, 2, 4, 3, 3, 3, 1, 1, 4, 3, 4, 3, 2, 2, 2, 4, 2, 1, 3, 3, 4, 1, 2, 2, 4, 4, 4]|[0, 2, 0, 1, 3, 0, 1, 3, 0, 0, 2, 0, 1, 0, 1, 0, 0, 0, 1, 0, 0, 2, 0, 0, 1, 0, 0, 3, 0, 1, 0, 2, 0, 0, 3, 0, 1, 3, 1, 0, 0, 0, 1, 3, 0, 0, 1, 0, 2, 0, 0, 0, 0, 0, 1, 0, 1, 0, 1, 1, 0, 2, 0, 0, 0, 0, 0, 0, 0, 2, 0, 0, 1, 0, 0, 2, 0, 0, 3, 0, 0, 1, 0, 3, 0, 0, 0, 0, 3, 0, 0, 0, 0, 2, 1, 0, 0, 2, 1, 2],918.6487324495604,51715.11972722987,110351.60106880446,true
12,G3_TWC,G3_TWC,[31, 22, 82, 15, 26, 9, 95, 42, 77, 12, 47, 5, 93, 78, 86, 54, 85, 63, 18, 44, 20, 35, 43, 97, 91, 76, 10, 30, 21, 45, 71, 64, 1, 23, 17, 83, 24, 14, 60, 36, 41, 57, 40, 88, 65, 56, 79, 94, 67, 68, 46, 75, 38, 58, 19, 32, 81, 6, 27, 62, 87, 90, 99, 59, 11, 16, 72, 73, 69, 39, 37, 84, 3, 92, 25, 55, 28, 29, 51, 7, 66, 61, 98, 48, 89, 8, 33, 96, 53, 80, 50, 4, 34, 2, 52, 13, 0, 70, 74, 49]|[1, 1, 0, 1, 1, 0, 1, 2, 2, 1, 2, 2, 2, 1, 1, 0, 0, 1, 0, 2, 2, 0, 1, 2, 0, 1, 2, 2, 0, 0, 1, 2, 1, 2, 1, 0, 2, 0, 1, 1, 0, 1, 1, 1, 0, 2, 1, 1, 0, 0, 0, 0, 1, 1, 2, 1, 2, 0, 0, 0, 2, 1, 0, 1, 2, 1, 2, 1, 1, 1, 1, 1, 1, 0, 1, 1, 0, 0, 0, 1, 2, 1, 2, 0, 1, 0, 2, 0, 0, 0, 0, 0, 2, 0, 1, 0, 0, 1, 2, 0]|[4, 3, 2, 2, 4, 1, 2, 2, 2, 4, 1, 1, 2, 4, 4, 1, 2, 4, 2, 1, 1, 1, 1, 2, 1, 2, 1, 1, 1, 1, 3, 2, 3, 0, 4, 0, 1, 1, 0, 3, 2, 2, 2, 0, 1, 1, 0, 4, 0, 1, 2, 2, 1, 4, 0, 3, 2, 1, 1, 2, 1, 3, 1, 1, 1, 3, 0, 4, 3, 1, 4, 1, 1, 0, 4, 4, 2, 1, 1, 1, 1, 3, 1, 1, 1, 1, 1, 1, 2, 1, 1, 2, 1, 2, 1, 2, 2, 4, 1, 1]|[0, 2, 1, 1, 3, 0, 1, 0, 0, 0, 0, 0, 1, 0, 1, 0, 0, 3, 1, 0, 0, 0, 3, 1, 0, 2, 0, 0, 0, 1, 0, 0, 0, 0, 3, 0, 1, 0, 0, 2, 1, 1, 1, 0, 0, 0, 0, 2, 1, 0, 0, 0, 1, 3, 0, 0, 1, 0, 0, 1, 0, 2, 0, 1, 0, 2, 1, 0, 0, 1, 1, 3, 1, 1, 3, 3, 1, 0, 0, 2, 0, 0, 0, 0, 1, 0, 0, 0, 1, 0, 0, 1, 0, 0, 1, 0, 0, 2, 0, 1],828.6150361188287,57498.909092636255,92558.71763620913,false
12,G1_CMAX,G2_TEC,[31, 22, 82, 15, 26, 9, 95, 42, 77, 68, 47, 5, 93, 78, 86, 54, 85, 63, 18, 44, 20, 49, 36, 14, 74, 50, 53, 17, 21, 45, 71, 64, 3, 23, 30, 83, 24, 41, 60, 52, 65, 27, 90, 70, 39, 87, 48, 69, 99, 4, 46, 1, 13, 58, 97, 59, 28, 8, 73, 37, 35, 79, 11, 66, 76, 57, 40, 80, 96, 6, 16, 61, 33, 98, 32, 81, 62, 67, 10, 7, 56, 88, 51, 19, 91, 38, 75, 92, 0, 12, 2, 55, 43, 84, 34, 25, 29, 94, 89, 72]|[2, 1, 2, 1, 1, 2, 1, 1, 1, 1, 1, 0, 2, 2, 1, 2, 0, 0, 0, 2, 2, 1, 0, 2, 0, 2, 2, 1, 0, 1, 1, 1, 0, 0, 1, 0, 2, 1, 2, 2, 0, 0, 1, 1, 0, 2, 0, 2, 1, 0, 0, 2, 2, 0, 2, 0, 2, 1, 0, 0, 2, 1, 0, 2, 2, 0, 2, 2, 0, 1, 2, 1, 1, 0, 0, 1, 1, 1, 1, 2, 2, 1, 1, 1, 1, 0, 0, 0, 0, 1, 2, 0, 1, 0, 1, 1, 1, 1, 1, 1]|[0, 3, 0, 2, 4, 1, 4, 4, 2, 4, 3, 2, 1, 0, 2, 1, 1, 1, 2, 1, 1, 3, 2, 1, 0, 1, 1, 4, 1, 4, 3, 2, 2, 0, 4, 1, 1, 4, 0, 1, 2, 1, 4, 4, 1, 1, 0, 2, 3, 1, 2, 1, 2, 1, 1, 2, 0, 3, 0, 2, 2, 3, 1, 0, 1, 0, 0, 1, 2, 4, 1, 3, 4, 2, 2, 4, 3, 3, 3, 1, 1, 4, 3, 4, 3, 2, 2, 2, 2, 3, 1, 2, 4, 2, 1, 4, 3, 4, 4, 4]|[0, 2, 0, 1, 3, 0, 1, 3, 0, 0, 2, 0, 1, 0, 1, 0, 0, 0, 1, 0, 0, 2, 0, 0, 1, 0, 0, 3, 0, 1, 0, 2, 0, 0, 3, 0, 1, 3, 1, 0, 0, 0, 1, 3, 0, 0, 1, 0, 2, 0, 0, 0, 0, 0, 1, 0, 0, 0, 1, 1, 0, 2, 0, 0, 0, 1, 0, 0, 0, 2, 0, 0, 1, 0, 0, 2, 0, 0, 3, 0, 0, 1, 0, 3, 0, 0, 0, 0, 0, 0, 0, 0, 2, 0, 1, 3, 0, 2, 1, 2],856.6322009620554,52306.98398566696,111440.71250512436,true
12,G4_BALANCED,G3_TWC,[31, 22, 82, 15, 26, 9, 95, 42, 77, 12, 47, 5, 93, 78, 86, 54, 85, 63, 18, 44, 20, 35, 43, 97, 91, 76, 10, 30, 21, 45, 71, 64, 1, 23, 17, 83, 24, 14, 60, 36, 41, 57, 40, 88, 65, 56, 79, 94, 67, 68, 46, 75, 38, 58, 19, 32, 81, 6, 27, 62, 87, 90, 99, 59, 11, 16, 72, 73, 70, 39, 37, 84, 3, 92, 25, 55, 28, 29, 51, 7, 66, 61, 98, 48, 89, 8, 33, 96, 53, 50, 80, 4, 34, 2, 52, 49, 0, 69, 74, 13]|[1, 1, 0, 1, 1, 0, 1, 2, 2, 1, 2, 2, 2, 1, 1, 0, 0, 1, 0, 2, 2, 0, 1, 2, 0, 1, 2, 2, 0, 0, 1, 2, 1, 2, 1, 0, 2, 0, 1, 1, 0, 1, 1, 1, 0, 2, 1, 1, 0, 0, 0, 0, 1, 1, 2, 1, 2, 0, 0, 0, 2, 1, 0, 1, 2, 1, 2, 1, 1, 1, 1, 1, 1, 0, 1, 1, 0, 0, 0, 1, 2, 1, 2, 0, 1, 0, 2, 0, 0, 0, 0, 0, 2, 0, 1, 0, 0, 1, 2, 0]|[4, 3, 2, 2, 4, 1, 2, 2, 2, 4, 1, 1, 2, 4, 4, 1, 2, 4, 2, 1, 1, 1, 1, 2, 1, 2, 1, 1, 1, 1, 3, 2, 3, 0, 4, 0, 1, 1, 0, 3, 2, 2, 2, 0, 1, 1, 0, 4, 0, 1, 2, 2, 1, 4, 0, 3, 2, 1, 1, 2, 1, 3, 1, 1, 1, 3, 0, 4, 3, 1, 4, 1, 1, 0, 4, 4, 2, 1, 1, 1, 1, 3, 1, 1, 1, 1, 1, 1, 2, 1, 1, 2, 1, 2, 1, 1, 2, 4, 1, 2]|[0, 2, 1, 1, 3, 0, 1, 0, 0, 0, 0, 0, 1, 0, 1, 0, 0, 3, 1, 0, 0, 0, 3, 1, 0, 2, 0, 0, 0, 1, 0, 0, 0, 0, 3, 0, 1, 0, 0, 2, 1, 1, 1, 0, 0, 0, 0, 2, 1, 0, 0, 0, 1, 3, 0, 0, 1, 0, 0, 1, 0, 2, 0, 1, 0, 2, 1, 0, 0, 1, 1, 3, 1, 1, 3, 3, 1, 0, 0, 2, 0, 0, 0, 0, 1, 0, 0, 0, 1, 0, 0, 1, 0, 0, 1, 1, 0, 2, 0, 0],828.4451691161381,57496.53963046682,92649.87992671717,true
12,G2_TEC,G4_BALANCED,[31, 22, 82, 15, 26, 9, 95, 42, 77, 68, 47, 5, 93, 78, 86, 54, 85, 63, 18, 44, 20, 49, 36, 14, 74, 50, 53, 17, 21, 28, 71, 64, 3, 23, 30, 83, 24, 41, 60, 52, 65, 27, 90, 70, 39, 87, 48, 69, 99, 4, 46, 1, 13, 58, 97, 59, 45, 8, 73, 37, 35, 79, 11, 66, 76, 32, 40, 80, 96, 6, 16, 61, 33, 98, 57, 81, 62, 67, 10, 7, 56, 88, 51, 19, 91, 38, 75, 92, 25, 84, 2, 12, 29, 43, 34, 55, 0, 94, 89, 72]|[2, 1, 2, 1, 1, 2, 1, 1, 1, 1, 1, 0, 2, 2, 1, 2, 0, 0, 0, 2, 2, 1, 0, 2, 0, 2, 2, 1, 0, 1, 1, 1, 0, 0, 1, 0, 2, 1, 2, 2, 0, 0, 1, 1, 0, 2, 0, 2, 1, 0, 0, 2, 0, 0, 2, 0, 1, 1, 0, 0, 2, 1, 0, 2, 2, 0, 2, 2, 0, 1, 2, 1, 1, 0, 0, 1, 1, 1, 1, 2, 2, 1, 1, 1, 1, 0, 0, 0, 1, 0, 2, 1, 1, 1, 1, 0, 0, 1, 1, 1]|[0, 3, 0, 2, 4, 1, 4, 4, 2, 4, 3, 2, 1, 0, 2, 1, 1, 1, 2, 1, 1, 3, 0, 1, 0, 1, 1, 4, 1, 4, 3, 2, 2, 0, 4, 1, 1, 4, 0, 1, 2, 1, 4, 4, 1, 1, 0, 2, 3, 1, 2, 1, 2, 1, 1, 2, 4, 3, 0, 2, 2, 3, 1, 0, 1, 2, 0, 1, 2, 4, 1, 3, 4, 2, 2, 4, 3, 3, 3, 1, 1, 4, 3, 4, 3, 2, 2, 2, 4, 2, 1, 3, 3, 4, 1, 2, 2, 4, 4, 4]|[0, 2, 0, 1, 3, 0, 1, 3, 0, 0, 2, 0, 1, 0, 1, 0, 0, 0, 1, 0, 0, 2, 0, 0, 1, 0, 0, 3, 0, 1, 0, 2, 0, 0, 3, 0, 1, 3, 1, 0, 0, 0, 1, 3, 0, 0, 1, 0, 2, 0, 0, 0, 0, 0, 1, 0, 1, 0, 1, 1, 0, 2, 0, 0, 0, 0, 0, 0, 0, 2, 0, 0, 1, 0, 0, 2, 0, 0, 3, 0, 0, 1, 0, 3, 0, 0, 0, 0, 3, 0, 0, 0, 0, 2, 1, 0, 0, 2, 1, 2],918.6487324495604,51715.11972722987,110351.60106880446,true
12,G3_TWC,G3_TWC,[31, 22, 82, 15, 26, 9, 95, 42, 77, 12, 47, 5, 93, 78, 86, 54, 85, 63, 18, 44, 20, 35, 43, 97, 91, 76, 10, 30, 21, 45, 71, 64, 1, 23, 17, 83, 24, 14, 60, 36, 41, 57, 40, 88, 65, 56, 79, 94, 67, 68, 46, 75, 38, 58, 19, 32, 81, 6, 27, 62, 87, 90, 99, 59, 11, 16, 72, 73, 69, 39, 37, 84, 3, 92, 25, 55, 28, 29, 51, 7, 66, 61, 98, 48, 89, 8, 33, 96, 53, 80, 50, 4, 34, 2, 52, 13, 0, 70, 74, 49]|[1, 1, 0, 1, 1, 0, 1, 2, 2, 1, 2, 2, 2, 1, 1, 0, 0, 1, 0, 2, 2, 0, 1, 2, 0, 1, 2, 2, 0, 0, 1, 2, 1, 2, 1, 0, 2, 0, 1, 1, 0, 1, 1, 1, 0, 2, 1, 1, 0, 0, 0, 0, 1, 1, 2, 1, 2, 0, 0, 0, 2, 1, 0, 1, 2, 1, 2, 1, 1, 1, 1, 1, 1, 0, 1, 1, 0, 0, 0, 1, 2, 1, 2, 0, 1, 0, 2, 0, 0, 0, 0, 0, 2, 0, 1, 0, 0, 1, 2, 0]|[4, 3, 2, 2, 4, 1, 2, 2, 2, 4, 1, 1, 2, 4, 4, 1, 2, 4, 2, 1, 1, 1, 1, 2, 1, 2, 1, 1, 1, 1, 3, 2, 3, 0, 4, 0, 1, 1, 0, 3, 2, 2, 2, 0, 1, 1, 0, 4, 0, 1, 2, 2, 1, 4, 0, 3, 2, 1, 1, 2, 1, 3, 1, 1, 1, 3, 0, 4, 3, 1, 4, 1, 1, 0, 4, 4, 2, 1, 1, 1, 1, 3, 1, 1, 1, 1, 1, 1, 2, 1, 1, 2, 1, 2, 1, 2, 2, 4, 1, 1]|[0, 2, 1, 1, 3, 0, 1, 0, 0, 0, 0, 0, 1, 0, 1, 0, 0, 3, 1, 0, 0, 0, 3, 1, 0, 2, 0, 0, 0, 1, 0, 0, 0, 0, 3, 0, 1, 0, 0, 2, 1, 1, 1, 0, 0, 0, 0, 2, 1, 0, 0, 0, 1, 3, 0, 0, 1, 0, 0, 1, 0, 2, 0, 1, 0, 2, 1, 0, 0, 1, 1, 3, 1, 1, 3, 3, 1, 0, 0, 2, 0, 0, 0, 0, 1, 0, 0, 0, 1, 0, 0, 1, 0, 0, 1, 0, 0, 2, 0, 1],828.6150361188287,57498.909092636255,92558.71763620913,false
12,G1_CMAX,G2_TEC,[31, 22, 82, 15, 26, 9, 95, 42, 77, 68, 47, 5, 93, 78, 86, 54, 85, 63, 18, 44, 20, 49, 36, 14, 74, 50, 53, 17, 21, 45, 71, 64, 3, 23, 30, 83, 24, 41, 60, 52, 65, 27, 90, 70, 39, 87, 48, 69, 99, 4, 46, 1, 13, 58, 97, 59, 28, 8, 73, 37, 35, 79, 11, 66, 76, 57, 40, 80, 96, 6, 16, 61, 33, 98, 32, 34, 12, 67, 10, 7, 56, 88, 51, 19, 91, 38, 75, 92, 25, 84, 43, 55, 62, 2, 81, 0, 29, 94, 89, 72]|[2, 1, 2, 1, 1, 2, 1, 1, 1, 1, 2, 0, 2, 2, 1, 2, 0, 0, 0, 2, 2, 1, 0, 2, 0, 2, 2, 1, 0, 1, 1, 1, 0, 0, 1, 0, 2, 1, 2, 2, 0, 1, 1, 1, 0, 2, 0, 2, 1, 0, 0, 2, 0, 0, 2, 0, 2, 1, 0, 0, 2, 1, 0, 2, 2, 0, 2, 2, 0, 1, 2, 1, 1, 0, 0, 1, 1, 1, 1, 2, 2, 1, 1, 1, 1, 0, 0, 0, 0, 0, 1, 0, 1, 2, 1, 0, 1, 1, 1, 1]|[0, 3, 0, 2, 4, 1, 4, 4, 2, 4, 1, 2, 1, 0, 2, 1, 1, 1, 2, 1, 1, 3, 0, 1, 0, 1, 1, 4, 1, 4, 3, 2, 2, 0, 4, 1, 1, 4, 0, 1, 2, 2, 4, 4, 1, 1, 0, 2, 3, 1, 2, 1, 2, 1, 1, 2, 0, 3, 0, 2, 2, 3, 1, 0, 1, 0, 0, 1, 2, 4, 1, 3, 4, 2, 0, 4, 3, 3, 3, 1, 1, 4, 3, 4, 3, 2, 2, 2, 2, 2, 4, 2, 3, 1, 1, 2, 3, 4, 4, 4]|[0, 2, 0, 1, 3, 0, 1, 3, 0, 0, 0, 0, 1, 0, 1, 0, 0, 0, 1, 0, 0, 2, 0, 0, 1, 0, 0, 3, 0, 1, 0, 2, 0, 0, 3, 0, 1, 3, 1, 0, 0, 1, 1, 3, 0, 0, 1, 0, 2, 0, 0, 0, 0, 0, 1, 0, 0, 0, 1, 1, 0, 2, 0, 0, 0, 1, 0, 0, 0, 2, 0, 0, 1, 0, 1, 2, 0, 0, 3, 0, 0, 1, 0, 3, 0, 0, 0, 0, 0, 0, 2, 0, 0, 0, 1, 0, 0, 2, 1, 2],849.1600847896,52665.45944461304,110988.44662361272,true
12,G4_BALANCED,G3_TWC,[31, 22, 82, 15, 26, 9, 95, 42, 77, 12, 47, 5, 93, 78, 86, 54, 85, 63, 18, 44, 20, 35, 43, 97, 91, 76, 10, 30, 21, 45, 71, 64, 1, 23, 17, 83, 24, 14, 60, 36, 41, 57, 40, 88, 65, 56, 79, 94, 67, 68, 46, 75, 38, 58, 19, 32, 81, 6, 27, 62, 87, 90, 99, 59, 11, 16, 72, 73, 70, 39, 37, 84, 3, 92, 25, 55, 28, 29, 51, 7, 66, 61, 98, 48, 89, 8, 33, 96, 53, 50, 80, 4, 34, 2, 52, 49, 0, 69, 74, 13]|[1, 1, 0, 1, 1, 0, 1, 2, 2, 1, 2, 2, 2, 1, 1, 0, 0, 1, 0, 2, 2, 0, 1, 2, 0, 1, 2, 2, 0, 0, 1, 2, 1, 2, 1, 0, 2, 0, 1, 1, 0, 1, 1, 1, 0, 2, 1, 1, 0, 0, 0, 0, 1, 1, 2, 1, 2, 0, 0, 0, 2, 1, 0, 1, 2, 1, 2, 1, 1, 1, 1, 1, 1, 0, 1, 1, 0, 0, 0, 1, 2, 1, 2, 0, 1, 0, 2, 0, 0, 0, 0, 0, 2, 0, 1, 0, 0, 1, 2, 0]|[4, 3, 2, 2, 4, 1, 2, 2, 2, 4, 1, 1, 2, 4, 4, 1, 2, 4, 2, 1, 1, 1, 1, 2, 1, 2, 1, 1, 1, 1, 3, 2, 3, 0, 4, 0, 1, 1, 0, 3, 2, 2, 2, 0, 1, 1, 0, 4, 0, 1, 2, 2, 1, 4, 0, 3, 2, 1, 1, 2, 1, 3, 1, 1, 1, 3, 0, 4, 3, 1, 4, 1, 1, 0, 4, 4, 2, 1, 1, 1, 1, 3, 1, 1, 1, 1, 1, 1, 2, 1, 1, 2, 1, 2, 1, 1, 2, 4, 1, 2]|[0, 2, 1, 1, 3, 0, 1, 0, 0, 0, 0, 0, 1, 0, 1, 0, 0, 3, 1, 0, 0, 0, 3, 1, 0, 2, 0, 0, 0, 1, 0, 0, 0, 0, 3, 0, 1, 0, 0, 2, 1, 1, 1, 0, 0, 0, 0, 2, 1, 0, 0, 0, 1, 3, 0, 0, 1, 0, 0, 1, 0, 2, 0, 1, 0, 2, 1, 0, 0, 1, 1, 3, 1, 1, 3, 3, 1, 0, 0, 2, 0, 0, 0, 0, 1, 0, 0, 0, 1, 0, 0, 1, 0, 0, 1, 1, 0, 2, 0, 0],828.4451691161381,57496.53963046682,92649.87992671717,true
12,G2_TEC,G4_BALANCED,[31, 22, 82, 15, 26, 9, 95, 42, 77, 68, 47, 5, 93, 78, 86, 54, 85, 63, 18, 44, 20, 49, 36, 14, 74, 50, 53, 17, 21, 28, 71, 64, 3, 23, 30, 83, 24, 41, 60, 52, 65, 27, 90, 70, 39, 87, 48, 69, 99, 4, 46, 1, 13, 58, 97, 59, 45, 8, 73, 37, 35, 79, 11, 66, 76, 32, 40, 80, 96, 6, 16, 61, 33, 98, 57, 81, 62, 67, 10, 7, 56, 88, 51, 19, 91, 38, 75, 92, 25, 84, 2, 12, 29, 43, 34, 55, 0, 94, 89, 72]|[2, 1, 2, 1, 1, 2, 1, 1, 1, 1, 1, 0, 2, 2, 1, 2, 0, 0, 0, 2, 2, 1, 0, 2, 0, 2, 2, 1, 0, 1, 1, 1, 0, 0, 1, 0, 2, 1, 2, 2, 0, 0, 1, 1, 0, 2, 0, 2, 1, 0, 0, 2, 0, 0, 2, 0, 1, 1, 0, 0, 2, 1, 0, 2, 2, 0, 2, 2, 0, 1, 2, 1, 1, 0, 0, 1, 1, 1, 1, 2, 2, 1, 1, 1, 1, 0, 0, 0, 1, 0, 2, 1, 1, 1, 1, 0, 0, 1, 1, 1]|[0, 3, 0, 2, 4, 1, 4, 4, 2, 4, 3, 2, 1, 0, 2, 1, 1, 1, 2, 1, 1, 3, 0, 1, 0, 1, 1, 4, 1, 4, 3, 2, 2, 0, 4, 1, 1, 4, 0, 1, 2, 1, 4, 4, 1, 1, 0, 2, 3, 1, 2, 1, 2, 1, 1, 2, 4, 3, 0, 2, 2, 3, 1, 0, 1, 2, 0, 1, 2, 4, 1, 3, 4, 2, 2, 4, 3, 3, 3, 1, 1, 4, 3, 4, 3, 2, 2, 2, 4, 2, 1, 3, 3, 4, 1, 2, 2, 4, 4, 4]|[0, 2, 0, 1, 3, 0, 1, 3, 0, 0, 2, 0, 1, 0, 1, 0, 0, 0, 1, 0, 0, 2, 0, 0, 1, 0, 0, 3, 0, 1, 0, 2, 0, 0, 3, 0, 1, 3, 1, 0, 0, 0, 1, 3, 0, 0, 1, 0, 2, 0, 0, 0, 0, 0, 1, 0, 1, 0, 1, 1, 0, 2, 0, 0, 0, 0, 0, 0, 0, 2, 0, 0, 1, 0, 0, 2, 0, 0, 3, 0, 0, 1, 0, 3, 0, 0, 0, 0, 3, 0, 0, 0, 0, 2, 1, 0, 0, 2, 1, 2],918.6487324495604,51715.11972722987,110351.60106880446,true
12,G3_TWC,G3_TWC,[31, 22, 82, 15, 26, 9, 95, 42, 77, 12, 47, 5, 93, 78, 86, 54, 85, 63, 18, 44, 20, 35, 43, 97, 91, 76, 10, 30, 21, 45, 71, 64, 1, 23, 17, 83, 24, 14, 60, 36, 41, 57, 40, 88, 65, 56, 79, 94, 67, 68, 46, 75, 38, 58, 19, 32, 81, 6, 27, 62, 87, 90, 99, 59, 11, 16, 72, 73, 69, 39, 37, 84, 3, 92, 25, 55, 28, 29, 51, 7, 66, 61, 98, 48, 89, 8, 33, 96, 53, 80, 50, 4, 34, 2, 52, 13, 0, 70, 74, 49]|[1, 1, 0, 1, 1, 0, 1, 2, 2, 1, 2, 2, 2, 1, 1, 0, 0, 1, 0, 2, 2, 0, 1, 2, 0, 1, 2, 2, 0, 0, 1, 2, 1, 2, 1, 0, 2, 0, 1, 1, 0, 1, 1, 1, 0, 2, 1, 1, 0, 0, 0, 0, 1, 1, 2, 1, 2, 0, 0, 0, 2, 1, 0, 1, 2, 1, 2, 1, 1, 1, 1, 1, 1, 0, 1, 1, 0, 0, 0, 1, 2, 1, 2, 0, 1, 0, 2, 0, 0, 0, 0, 0, 2, 0, 1, 0, 0, 1, 2, 0]|[4, 3, 2, 2, 4, 1, 2, 2, 2, 4, 1, 1, 2, 4, 4, 1, 2, 4, 2, 1, 1, 1, 1, 2, 1, 2, 1, 1, 1, 1, 3, 2, 3, 0, 4, 0, 1, 1, 0, 3, 2, 2, 2, 0, 1, 1, 0, 4, 0, 1, 2, 2, 1, 4, 0, 3, 2, 1, 1, 2, 1, 3, 1, 1, 1, 3, 0, 4, 3, 1, 4, 1, 1, 0, 4, 4, 2, 1, 1, 1, 1, 3, 1, 1, 1, 1, 1, 1, 2, 1, 1, 2, 1, 2, 1, 2, 2, 4, 1, 1]|[0, 2, 1, 1, 3, 0, 1, 0, 0, 0, 0, 0, 1, 0, 1, 0, 0, 3, 1, 0, 0, 0, 3, 1, 0, 2, 0, 0, 0, 1, 0, 0, 0, 0, 3, 0, 1, 0, 0, 2, 1, 1, 1, 0, 0, 0, 0, 2, 1, 0, 0, 0, 1, 3, 0, 0, 1, 0, 0, 1, 0, 2, 0, 1, 0, 2, 1, 0, 0, 1, 1, 3, 1, 1, 3, 3, 1, 0, 0, 2, 0, 0, 0, 0, 1, 0, 0, 0, 1, 0, 0, 1, 0, 0, 1, 0, 0, 2, 0, 1],828.6150361188287,57498.909092636255,92558.71763620913,false
12,G1_CMAX,G2_TEC,[31, 22, 82, 15, 26, 9, 95, 42, 77, 68, 47, 5, 93, 78, 86, 54, 85, 63, 18, 44, 20, 49, 36, 14, 74, 50, 53, 17, 21, 45, 71, 64, 3, 23, 30, 83, 24, 41, 60, 52, 65, 27, 90, 70, 39, 87, 48, 69, 99, 4, 46, 1, 13, 58, 97, 59, 28, 8, 73, 37, 35, 79, 11, 66, 76, 57, 40, 80, 96, 6, 16, 61, 33, 98, 32, 81, 62, 67, 10, 7, 56, 88, 51, 19, 91, 38, 75, 92, 25, 84, 2, 43, 12, 55, 34, 29, 0, 94, 89, 72]|[2, 1, 2, 1, 1, 2, 1, 1, 1, 1, 1, 0, 2, 2, 1, 2, 0, 0, 0, 2, 2, 1, 0, 2, 0, 2, 2, 1, 0, 1, 1, 1, 0, 0, 1, 0, 2, 1, 2, 2, 0, 0, 1, 1, 0, 2, 0, 2, 1, 0, 0, 2, 2, 2, 2, 0, 2, 1, 0, 0, 2, 1, 0, 2, 2, 0, 2, 2, 0, 1, 2, 1, 1, 0, 0, 1, 1, 1, 1, 2, 2, 1, 1, 1, 1, 0, 0, 0, 0, 0, 2, 1, 1, 0, 1, 1, 1, 1, 1, 1]|[0, 3, 0, 2, 4, 1, 4, 4, 2, 4, 3, 2, 1, 0, 2, 1, 1, 1, 2, 1, 1, 3, 0, 1, 0, 1, 1, 4, 1, 4, 3, 2, 2, 0, 4, 1, 1, 4, 0, 1, 2, 1, 4, 4, 1, 1, 0, 2, 3, 1, 2, 1, 2, 1, 1, 2, 0, 3, 0, 2, 2, 3, 1, 0, 1, 2, 0, 1, 2, 4, 1, 3, 4, 2, 2, 4, 3, 3, 3, 1, 1, 4, 3, 4, 3, 2, 2, 2, 2, 2, 1, 4, 3, 2, 1, 3, 4, 4, 4, 4]|[0, 2, 0, 1, 3, 0, 1, 3, 0, 0, 2, 0, 1, 0, 1, 0, 0, 0, 1, 0, 0, 2, 0, 0, 1, 0, 0, 3, 0, 1, 0, 2, 0, 0, 3, 0, 1, 3, 1, 0, 0, 0, 1, 3, 0, 0, 1, 0, 2, 0, 0, 0, 0, 0, 1, 0, 0, 0, 1, 1, 0, 2, 0, 0, 0, 0, 0, 0, 0, 2, 0, 0, 1, 0, 0, 2, 0, 0, 3, 0, 0, 1, 0, 3, 0, 0, 0, 0, 0, 1, 0, 2, 0, 0, 1, 0, 3, 2, 1, 2],877.9388244410732,52023.4343915382,113518.90937176149,true
12,G4_BALANCED,G3_TWC,[31, 22, 82, 15, 26, 9, 95, 42, 77, 12, 47, 5, 93, 78, 86, 54, 85, 63, 18, 44, 20, 35, 43, 97, 91, 76, 10, 30, 21, 45, 71, 64, 1, 23, 17, 83, 24, 14, 60, 36, 41, 57, 40, 88, 65, 56, 79, 94, 67, 68, 46, 75, 38, 58, 19, 32, 81, 6, 27, 62, 87, 90, 99, 59, 11, 16, 72, 73, 70, 39, 37, 84, 3, 92, 25, 55, 28, 29, 51, 7, 66, 61, 98, 48, 89, 8, 33, 96, 53, 50, 80, 4, 34, 2, 52, 49, 0, 69, 74, 13]|[1, 1, 0, 1, 1, 0, 1, 2, 2, 1, 2, 2, 2, 1, 1, 0, 0, 1, 0, 2, 2, 0, 1, 2, 0, 1, 2, 2, 0, 0, 1, 2, 1, 2, 1, 0, 2, 0, 1, 1, 0, 1, 1, 1, 0, 2, 1, 1, 0, 0, 0, 0, 1, 1, 2, 1, 2, 0, 0, 0, 2, 1, 0, 1, 2, 1, 2, 1, 1, 1, 1, 1, 1, 0, 1, 1, 0, 0, 0, 1, 2, 1, 2, 0, 1, 0, 2, 0, 0, 0, 0, 0, 2, 0, 1, 0, 0, 1, 2, 0]|[4, 3, 2, 2, 4, 1, 2, 2, 2, 4, 1, 1, 2, 4, 4, 1, 2, 4, 2, 1, 1, 1, 1, 2, 1, 2, 1, 1, 1, 1, 3, 2, 3, 0, 4, 0, 1, 1, 0, 3, 2, 2, 2, 0, 1, 1, 0, 4, 0, 1, 2, 2, 1, 4, 0, 3, 2, 1, 1, 2, 1, 3, 1, 1, 1, 3, 0, 4, 3, 1, 4, 1, 1, 0, 4, 4, 2, 1, 1, 1, 1, 3, 1, 1, 1, 1, 1, 1, 2, 1, 1, 2, 1, 2, 1, 1, 2, 4, 1, 2]|[0, 2, 1, 1, 3, 0, 1, 0, 0, 0, 0, 0, 1, 0, 1, 0, 0, 3, 1, 0, 0, 0, 3, 1, 0, 2, 0, 0, 0, 1, 0, 0, 0, 0, 3, 0, 1, 0, 0, 2, 1, 1, 1, 0, 0, 0, 0, 2, 1, 0, 0, 0, 1, 3, 0, 0, 1, 0, 0, 1, 0, 2, 0, 1, 0, 2, 1, 0, 0, 1, 1, 3, 1, 1, 3, 3, 1, 0, 0, 2, 0, 0, 0, 0, 1, 0, 0, 0, 1, 0, 0, 1, 0, 0, 1, 1, 0, 2, 0, 0],828.4451691161381,57496.53963046682,92649.87992671717,true
12,G2_TEC,G4_BALANCED,[31, 22, 82, 15, 26, 9, 95, 42, 77, 68, 47, 5, 93, 78, 86, 54, 85, 63, 18, 44, 20, 49, 36, 14, 74, 50, 53, 17, 21, 28, 71, 64, 3, 23, 30, 83, 24, 41, 60, 52, 65, 27, 90, 70, 39, 87, 48, 69, 99, 4, 46, 1, 13, 58, 97, 59, 45, 8, 73, 37, 35, 79, 11, 66, 76, 32, 40, 80, 96, 6, 16, 61, 33, 98, 57, 81, 62, 67, 10, 7, 56, 88, 51, 19, 91, 38, 75, 92, 25, 84, 2, 12, 29, 43, 34, 55, 0, 94, 89, 72]|[2, 1, 2, 1, 1, 2, 1, 1, 1, 1, 1, 0, 2, 2, 1, 2, 0, 0, 0, 2, 2, 1, 0, 2, 0, 2, 2, 1, 0, 1, 1, 1, 0, 0, 1, 0, 2, 1, 2, 2, 0, 0, 1, 1, 0, 2, 0, 2, 1, 0, 0, 2, 0, 0, 2, 0, 1, 1, 0, 0, 2, 1, 0, 2, 2, 0, 2, 2, 0, 1, 2, 1, 1, 0, 0, 1, 1, 1, 1, 2, 2, 1, 1, 1, 1, 0, 0, 0, 1, 0, 2, 1, 1, 1, 1, 0, 0, 1, 1, 1]|[0, 3, 0, 2, 4, 1, 4, 4, 2, 4, 3, 2, 1, 0, 2, 1, 1, 1, 2, 1, 1, 3, 0, 1, 0, 1, 1, 4, 1, 4, 3, 2, 2, 0, 4, 1, 1, 4, 0, 1, 2, 1, 4, 4, 1, 1, 0, 2, 3, 1, 2, 1, 2, 1, 1, 2, 4, 3, 0, 2, 2, 3, 1, 0, 1, 2, 0, 1, 2, 4, 1, 3, 4, 2, 2, 4, 3, 3, 3, 1, 1, 4, 3, 4, 3, 2, 2, 2, 4, 2, 1, 3, 3, 4, 1, 2, 2, 4, 4, 4]|[0, 2, 0, 1, 3, 0, 1, 3, 0, 0, 2, 0, 1, 0, 1, 0, 0, 0, 1, 0, 0, 2, 0, 0, 1, 0, 0, 3, 0, 1, 0, 2, 0, 0, 3, 0, 1, 3, 1, 0, 0, 0, 1, 3, 0, 0, 1, 0, 2, 0, 0, 0, 0, 0, 1, 0, 1, 0, 1, 1, 0, 2, 0, 0, 0, 0, 0, 0, 0, 2, 0, 0, 1, 0, 0, 2, 0, 0, 3, 0, 0, 1, 0, 3, 0, 0, 0, 0, 3, 0, 0, 0, 0, 2, 1, 0, 0, 2, 1, 2],918.6487324495604,51715.11972722987,110351.60106880446,true
12,G3_TWC,G3_TWC,[31, 22, 82, 15, 26, 9, 95, 42, 77, 12, 47, 5, 93, 78, 86, 54, 85, 63, 18, 44, 20, 35, 43, 97, 91, 76, 10, 30, 21, 45, 71, 64, 1, 23, 17, 83, 24, 14, 60, 36, 41, 57, 40, 88, 65, 56, 79, 94, 67, 68, 46, 75, 38, 58, 19, 32, 81, 6, 27, 62, 87, 90, 99, 59, 11, 16, 72, 73, 69, 39, 37, 84, 3, 92, 25, 55, 28, 29, 51, 7, 66, 61, 98, 48, 89, 8, 33, 96, 53, 80, 50, 4, 34, 2, 52, 13, 0, 70, 74, 49]|[1, 1, 0, 1, 1, 0, 1, 2, 2, 1, 2, 2, 2, 1, 1, 0, 0, 1, 0, 2, 2, 0, 1, 2, 0, 1, 2, 2, 0, 0, 1, 2, 1, 2, 1, 0, 2, 0, 1, 1, 0, 1, 1, 1, 0, 2, 1, 1, 0, 0, 0, 0, 1, 1, 2, 1, 2, 0, 0, 0, 2, 1, 0, 1, 2, 1, 2, 1, 1, 1, 1, 1, 1, 0, 1, 1, 0, 0, 0, 1, 2, 1, 2, 0, 1, 0, 2, 0, 0, 0, 0, 0, 2, 0, 1, 0, 0, 1, 2, 0]|[4, 3, 2, 2, 4, 1, 2, 2, 2, 4, 1, 1, 2, 4, 4, 1, 2, 4, 2, 1, 1, 1, 1, 2, 1, 2, 1, 1, 1, 1, 3, 2, 3, 0, 4, 0, 1, 1, 0, 3, 2, 2, 2, 0, 1, 1, 0, 4, 0, 1, 2, 2, 1, 4, 0, 3, 2, 1, 1, 2, 1, 3, 1, 1, 1, 3, 0, 4, 3, 1, 4, 1, 1, 0, 4, 4, 2, 1, 1, 1, 1, 3, 1, 1, 1, 1, 1, 1, 2, 1, 1, 2, 1, 2, 1, 2, 2, 4, 1, 1]|[0, 2, 1, 1, 3, 0, 1, 0, 0, 0, 0, 0, 1, 0, 1, 0, 0, 3, 1, 0, 0, 0, 3, 1, 0, 2, 0, 0, 0, 1, 0, 0, 0, 0, 3, 0, 1, 0, 0, 2, 1, 1, 1, 0, 0, 0, 0, 2, 1, 0, 0, 0, 1, 3, 0, 0, 1, 0, 0, 1, 0, 2, 0, 1, 0, 2, 1, 0, 0, 1, 1, 3, 1, 1, 3, 3, 1, 0, 0, 2, 0, 0, 0, 0, 1, 0, 0, 0, 1, 0, 0, 1, 0, 0, 1, 0, 0, 2, 0, 1],828.6150361188287,57498.909092636255,92558.71763620913,false
12,G1_CMAX,G4_BALANCED,[31, 22, 82, 15, 26, 58, 95, 42, 77, 12, 47, 5, 93, 78, 86, 54, 85, 63, 18, 44, 20, 35, 43, 97, 91, 76, 10, 30, 21, 45, 71, 64, 1, 23, 17, 83, 24, 14, 60, 36, 6, 57, 40, 88, 65, 56, 79, 94, 67, 68, 46, 75, 38, 9, 19, 32, 81, 41, 27, 62, 87, 90, 99, 59, 11, 16, 72, 73, 70, 39, 37, 84, 3, 92, 25, 55, 28, 29, 51, 7, 66, 61, 98, 48, 89, 50, 33, 96, 53, 80, 34, 4, 8, 2, 52, 13, 0, 69, 74, 49]|[1, 1, 0, 1, 1, 0, 1, 2, 2, 1, 2, 2, 2, 1, 1, 0, 0, 1, 0, 2, 2, 0, 1, 2, 0, 1, 2, 2, 0, 0, 1, 2, 1, 2, 1, 0, 2, 0, 1, 1, 0, 1, 1, 1, 0, 2, 1, 1, 0, 0, 0, 0, 1, 1, 2, 1, 2, 0, 0, 0, 2, 1, 0, 1, 2, 1, 2, 1, 1, 1, 1, 1, 1, 0, 1, 2, 1, 0, 0, 1, 2, 1, 0, 0, 1, 0, 0, 2, 0, 0, 2, 1, 1, 0, 2, 0, 0, 1, 2, 0]|[4, 3, 2, 2, 4, 1, 2, 2, 2, 4, 1, 1, 2, 4, 4, 1, 2, 4, 2, 1, 1, 1, 1, 2, 1, 2, 1, 1, 1, 1, 3, 2, 3, 1, 4, 0, 1, 1, 0, 3, 2, 2, 2, 0, 1, 1, 0, 4, 0, 1, 2, 2, 1, 4, 0, 3, 2, 1, 1, 2, 2, 3, 1, 1, 1, 3, 0, 4, 3, 1, 4, 1, 1, 0, 4, 1, 4, 1, 1, 3, 1, 3, 1, 1, 1, 1, 2, 1, 2, 1, 1, 4, 3, 2, 1, 2, 2, 4, 1, 1]|[0, 2, 1, 1, 3, 0, 1, 0, 0, 0, 0, 0, 1, 0, 1, 0, 0, 3, 1, 0, 0, 0, 3, 1, 0, 2, 0, 0, 0, 1, 0, 0, 0, 0, 3, 0, 1, 0, 0, 2, 1, 1, 1, 0, 0, 0, 0, 2, 1, 0, 0, 0, 1, 3, 0, 0, 1, 0, 0, 1, 0, 2, 0, 1, 0, 2, 1, 0, 0, 1, 1, 3, 1, 1, 3, 0, 1, 0, 0, 2, 0, 0, 0, 0, 1, 0, 1, 0, 1, 0, 0, 0, 2, 0, 0, 0, 0, 2, 0, 1],771.6999723321039,56115.09614099476,98372.09661671137,true
12,G4_BALANCED,G4_BALANCED,[31, 22, 82, 15, 26, 58, 95, 42, 77, 12, 47, 5, 93, 78, 86, 54, 85, 63, 18, 44, 20, 35, 43, 97, 91, 76, 10, 30, 21, 45, 71, 64, 1, 23, 17, 83, 24, 14, 60, 36, 6, 57, 40, 88, 65, 56, 79, 94, 67, 68, 46, 75, 38, 9, 19, 32, 81, 41, 27, 62, 87, 90, 99, 59, 11, 16, 72, 73, 70, 39, 37, 84, 3, 92, 25, 34, 28, 29, 51, 7, 33, 61, 98, 48, 89, 50, 66, 96, 53, 80, 4, 8, 55, 2, 52, 13, 0, 69, 74, 49]|[1, 1, 0, 1, 1, 0, 1, 2, 2, 1, 2, 2, 2, 1, 1, 0, 0, 1, 0, 2, 2, 0, 1, 2, 0, 1, 2, 2, 0, 0, 1, 2, 1, 2, 1, 0, 2, 0, 1, 1, 0, 1, 1, 1, 0, 2, 1, 1, 0, 0, 0, 0, 1, 1, 2, 1, 2, 0, 0, 0, 2, 1, 0, 1, 2, 1, 2, 1, 1, 1, 1, 1, 1, 0, 1, 2, 0, 0, 0, 1, 2, 1, 2, 0, 1, 0, 2, 2, 0, 0, 1, 1, 2, 0, 1, 0, 0, 1, 2, 0]|[4, 3, 2, 2, 4, 1, 2, 2, 2, 4, 1, 1, 2, 4, 4, 1, 2, 4, 2, 1, 1, 1, 1, 2, 1, 2, 1, 1, 1, 1, 3, 2, 3, 1, 4, 0, 1, 1, 0, 3, 1, 2, 2, 0, 1, 1, 0, 4, 0, 1, 2, 2, 1, 4, 0, 3, 2, 1, 1, 2, 1, 3, 1, 1, 1, 3, 0, 4, 3, 1, 4, 1, 1, 0, 4, 1, 2, 1, 1, 1, 1, 3, 1, 1, 1, 1, 1, 1, 2, 1, 4, 3, 1, 2, 1, 2, 2, 3, 1, 1]|[0, 2, 1, 1, 3, 0, 1, 0, 0, 0, 0, 0, 1, 0, 1, 0, 0, 3, 1, 0, 0, 0, 3, 1, 0, 2, 0, 0, 0, 1, 0, 0, 0, 0, 3, 0, 1, 0, 0, 2, 0, 1, 1, 0, 0, 0, 0, 2, 1, 0, 0, 0, 1, 3, 0, 0, 1, 0, 0, 1, 0, 2, 0, 1, 0, 2, 1, 0, 0, 1, 1, 3, 1, 1, 3, 0, 1, 0, 0, 2, 0, 0, 0, 0, 1, 0, 0, 0, 1, 0, 0, 2, 0, 0, 1, 0, 0, 0, 0, 1],778.8499923427339,56327.53595201814,96954.76561741496,false
12,G2_TEC,G4_BALANCED,[31, 22, 82, 15, 26, 9, 95, 42, 77, 68, 47, 5, 93, 78, 86, 54, 85, 63, 18, 44, 20, 49, 36, 14, 74, 50, 53, 17, 21, 28, 71, 64, 3, 23, 30, 83, 24, 41, 60, 52, 65, 27, 90, 70, 39, 87, 48, 69, 99, 4, 46, 1, 13, 58, 97, 59, 45, 8, 73, 37, 35, 79, 11, 66, 76, 32, 40, 80, 96, 6, 16, 61, 33, 98, 57, 81, 62, 67, 10, 7, 56, 88, 51, 19, 91, 38, 75, 92, 25, 84, 2, 12, 29, 43, 34, 55, 0, 94, 89, 72]|[2, 1, 2, 1, 1, 2, 1, 1, 1, 1, 1, 0, 2, 2, 1, 2, 0, 0, 0, 2, 2, 1, 0, 2, 0, 2, 2, 1, 0, 1, 1, 1, 0, 0, 1, 0, 2, 1, 2, 2, 0, 0, 1, 1, 0, 2, 0, 2, 1, 0, 0, 2, 0, 0, 2, 0, 1, 1, 0, 0, 2, 1, 0, 2, 2, 0, 2, 2, 0, 1, 2, 1, 1, 0, 0, 1, 1, 1, 1, 2, 2, 1, 1, 1, 1, 0, 0, 0, 1, 0, 2, 1, 1, 1, 1, 0, 0, 1, 1, 1]|[0, 3, 0, 2, 4, 1, 4, 4, 2, 4, 3, 2, 1, 0, 2, 1, 1, 1, 2, 1, 1, 3, 0, 1, 0, 1, 1, 4, 1, 4, 3, 2, 2, 0, 4, 1, 1, 4, 0, 1, 2, 1, 4, 4, 1, 1, 0, 2, 3, 1, 2, 1, 2, 1, 1, 2, 4, 3, 0, 2, 2, 3, 1, 0, 1, 2, 0, 1, 2, 4, 1, 3, 4, 2, 2, 4, 3, 3, 3, 1, 1, 4, 3, 4, 3, 2, 2, 2, 4, 2, 1, 3, 3, 4, 1, 2, 2, 4, 4, 4]|[0, 2, 0, 1, 3, 0, 1, 3, 0, 0, 2, 0, 1, 0, 1, 0, 0, 0, 1, 0, 0, 2, 0, 0, 1, 0, 0, 3, 0, 1, 0, 2, 0, 0, 3, 0, 1, 3, 1, 0, 0, 0, 1, 3, 0, 0, 1, 0, 2, 0, 0, 0, 0, 0, 1, 0, 1, 0, 1, 1, 0, 2, 0, 0, 0, 0, 0, 0, 0, 2, 0, 0, 1, 0, 0, 2, 0, 0, 3, 0, 0, 1, 0, 3, 0, 0, 0, 0, 3, 0, 0, 0, 0, 2, 1, 0, 0, 2, 1, 2],918.6487324495604,51715.11972722987,110351.60106880446,true
12,G3_TWC,G3_TWC,[31, 22, 82, 15, 26, 9, 95, 42, 77, 12, 47, 5, 93, 78, 86, 54, 85, 63, 18, 44, 20, 35, 43, 97, 91, 76, 10, 30, 21, 45, 71, 64, 1, 23, 17, 83, 24, 14, 60, 36, 41, 57, 40, 88, 65, 56, 79, 94, 67, 68, 46, 75, 38, 58, 19, 32, 81, 6, 27, 62, 87, 90, 99, 59, 11, 16, 72, 73, 69, 39, 37, 84, 3, 92, 25, 55, 28, 29, 51, 7, 66, 61, 98, 48, 89, 8, 33, 96, 53, 80, 50, 4, 34, 2, 52, 13, 0, 70, 74, 49]|[1, 1, 0, 1, 1, 0, 1, 2, 2, 1, 2, 2, 2, 1, 1, 0, 0, 1, 0, 2, 2, 0, 1, 2, 0, 1, 2, 2, 0, 0, 1, 2, 1, 2, 1, 0, 2, 0, 1, 1, 0, 1, 1, 1, 0, 2, 1, 1, 0, 0, 0, 0, 1, 1, 2, 1, 2, 0, 0, 0, 2, 1, 0, 1, 2, 1, 2, 1, 1, 1, 1, 1, 1, 0, 1, 1, 0, 0, 0, 1, 2, 1, 2, 0, 1, 0, 2, 0, 0, 0, 0, 0, 2, 0, 1, 0, 0, 1, 2, 0]|[4, 3, 2, 2, 4, 1, 2, 2, 2, 4, 1, 1, 2, 4, 4, 1, 2, 4, 2, 1, 1, 1, 1, 2, 1, 2, 1, 1, 1, 1, 3, 2, 3, 0, 4, 0, 1, 1, 0, 3, 2, 2, 2, 0, 1, 1, 0, 4, 0, 1, 2, 2, 1, 4, 0, 3, 2, 1, 1, 2, 1, 3, 1, 1, 1, 3, 0, 4, 3, 1, 4, 1, 1, 0, 4, 4, 2, 1, 1, 1, 1, 3, 1, 1, 1, 1, 1, 1, 2, 1, 1, 2, 1, 2, 1, 2, 2, 4, 1, 1]|[0, 2, 1, 1, 3, 0, 1, 0, 0, 0, 0, 0, 1, 0, 1, 0, 0, 3, 1, 0, 0, 0, 3, 1, 0, 2, 0, 0, 0, 1, 0, 0, 0, 0, 3, 0, 1, 0, 0, 2, 1, 1, 1, 0, 0, 0, 0, 2, 1, 0, 0, 0, 1, 3, 0, 0, 1, 0, 0, 1, 0, 2, 0, 1, 0, 2, 1, 0, 0, 1, 1, 3, 1, 1, 3, 3, 1, 0, 0, 2, 0, 0, 0, 0, 1, 0, 0, 0, 1, 0, 0, 1, 0, 0, 1, 0, 0, 2, 0, 1],828.6150361188287,57498.909092636255,92558.71763620913,false
12,G1_CMAX,G2_TEC,[31, 22, 82, 15, 26, 9, 95, 42, 77, 68, 47, 5, 93, 78, 86, 54, 85, 63, 18, 44, 20, 49, 36, 14, 74, 50, 53, 17, 21, 45, 71, 64, 3, 23, 30, 83, 24, 41, 60, 52, 65, 27, 90, 70, 39, 87, 48, 69, 99, 4, 46, 1, 13, 58, 97, 59, 28, 8, 73, 37, 35, 79, 11, 66, 76, 57, 40, 80, 96, 6, 16, 61, 33, 98, 32, 81, 62, 67, 10, 7, 56, 88, 51, 19, 91, 38, 75, 92, 0, 84, 2, 12, 29, 43, 34, 55, 25, 94, 89, 72]|[2, 1, 2, 1, 1, 2, 1, 1, 1, 1, 1, 0, 2, 2, 1, 2, 0, 0, 0, 2, 2, 1, 0, 2, 0, 2, 2, 1, 0, 1, 1, 1, 0, 0, 1, 0, 2, 1, 2, 2, 0, 0, 1, 1, 0, 2, 0, 2, 1, 0, 0, 2, 2, 0, 2, 0, 2, 1, 0, 0, 2, 1, 0, 2, 2, 0, 2, 2, 0, 1, 2, 1, 1, 0, 0, 1, 1, 1, 1, 2, 2, 1, 1, 1, 1, 0, 0, 0, 0, 0, 2, 1, 1, 1, 1, 0, 1, 1, 1, 1]|[0, 3, 0, 2, 4, 1, 4, 4, 2, 4, 3, 2, 1, 0, 2, 1, 1, 1, 2, 1, 1, 3, 0, 1, 2, 1, 1, 4, 1, 4, 3, 2, 2, 0, 4, 1, 1, 4, 0, 1, 2, 1, 4, 4, 1, 1, 0, 2, 3, 1, 2, 1, 2, 1, 1, 2, 0, 3, 0, 2, 2, 3, 1, 0, 1, 2, 0, 1, 2, 4, 1, 3, 4, 2, 2, 4, 3, 3, 3, 1, 1, 4, 3, 4, 3, 2, 2, 2, 2, 2, 1, 3, 3, 4, 1, 2, 4, 4, 4, 4]|[0, 2, 0, 1, 3, 0, 1, 3, 0, 0, 2, 0, 1, 0, 1, 0, 0, 0, 1, 0, 0, 2, 0, 0, 1, 0, 0, 3, 0, 1, 0, 2, 0, 0, 3, 0, 1, 3, 1, 0, 0, 0, 1, 3, 0, 0, 1, 0, 2, 0, 0, 0, 0, 0, 1, 0, 0, 0, 1, 1, 0, 2, 0, 0, 0, 0, 0, 0, 0, 2, 0, 0, 1, 0, 0, 2, 0, 0, 3, 0, 0, 1, 0, 3, 0, 0, 0, 0, 0, 0, 0, 0, 0, 2, 1, 0, 3, 2, 1, 2],880.0510065672926,52081.798166764536,111873.87609671673,true
12,G4_BALANCED,G4_BALANCED,[31, 22, 82, 15, 26, 58, 95, 42, 77, 12, 47, 5, 93, 78, 86, 54, 85, 63, 18, 44, 20, 35, 43, 97, 91, 76, 10, 30, 21, 45, 71, 64, 1, 23, 17, 83, 24, 14, 60, 36, 6, 57, 40, 88, 65, 56, 79, 94, 67, 68, 46, 75, 38, 9, 19, 32, 81, 41, 27, 62, 87, 90, 99, 59, 11, 16, 72, 73, 70, 39, 37, 84, 3, 92, 25, 34, 28, 29, 51, 7, 33, 61, 98, 48, 89, 50, 66, 96, 53, 80, 4, 8, 55, 2, 52, 13, 0, 69, 74, 49]|[1, 1, 0, 1, 1, 0, 1, 2, 2, 1, 2, 2, 2, 1, 1, 0, 0, 1, 0, 2, 2, 0, 1, 2, 0, 1, 2, 2, 0, 0, 1, 2, 1, 2, 1, 0, 2, 0, 1, 1, 0, 1, 1, 1, 0, 2, 1, 1, 0, 0, 0, 0, 1, 1, 2, 1, 2, 0, 0, 0, 2, 1, 0, 1, 2, 1, 2, 1, 1, 1, 1, 1, 1, 0, 1, 2, 0, 0, 0, 1, 2, 1, 2, 0, 1, 0, 2, 2, 0, 0, 1, 1, 2, 0, 1, 0, 0, 1, 2, 0]|[4, 3, 2, 2, 4, 1, 2, 2, 2, 4, 1, 1, 2, 4, 4, 1, 2, 4, 2, 1, 1, 1, 1, 2, 1, 2, 1, 1, 1, 1, 3, 2, 3, 1, 4, 0, 1, 1, 0, 3, 1, 2, 2, 0, 1, 1, 0, 4, 0, 1, 2, 2, 1, 4, 0, 3, 2, 1, 1, 2, 1, 3, 1, 1, 1, 3, 0, 4, 3, 1, 4, 1, 1, 0, 4, 1, 2, 1, 1, 1, 1, 3, 1, 1, 1, 1, 1, 1, 2, 1, 4, 3, 1, 2, 1, 2, 2, 3, 1, 1]|[0, 2, 1, 1, 3, 0, 1, 0, 0, 0, 0, 0, 1, 0, 1, 0, 0, 3, 1, 0, 0, 0, 3, 1, 0, 2, 0, 0, 0, 1, 0, 0, 0, 0, 3, 0, 1, 0, 0, 2, 0, 1, 1, 0, 0, 0, 0, 2, 1, 0, 0, 0, 1, 3, 0, 0, 1, 0, 0, 1, 0, 2, 0, 1, 0, 2, 1, 0, 0, 1, 1, 3, 1, 1, 3, 0, 1, 0, 0, 2, 0, 0, 0, 0, 1, 0, 0, 0, 1, 0, 0, 2, 0, 0, 1, 0, 0, 0, 0, 1],778.8499923427339,56327.53595201814,96954.76561741496,false
12,G2_TEC,G4_BALANCED,[31, 22, 82, 15, 26, 9, 95, 42, 77, 68, 47, 5, 93, 78, 86, 54, 85, 63, 18, 44, 20, 49, 36, 14, 74, 50, 53, 17, 21, 28, 71, 64, 3, 23, 30, 83, 24, 41, 60, 52, 65, 27, 90, 70, 39, 87, 48, 69, 99, 4, 46, 1, 13, 58, 97, 59, 45, 8, 73, 37, 35, 79, 11, 66, 76, 32, 40, 80, 96, 6, 16, 61, 33, 98, 57, 81, 62, 67, 10, 7, 56, 88, 51, 19, 91, 38, 75, 92, 25, 84, 2, 12, 29, 43, 34, 55, 0, 94, 89, 72]|[2, 1, 2, 1, 1, 2, 1, 1, 1, 1, 1, 0, 2, 2, 1, 2, 0, 0, 0, 2, 2, 1, 0, 2, 0, 2, 2, 1, 0, 1, 1, 1, 0, 0, 1, 0, 2, 1, 2, 2, 0, 0, 1, 1, 0, 2, 0, 2, 1, 0, 0, 2, 0, 0, 2, 0, 1, 1, 0, 0, 2, 1, 0, 2, 2, 0, 2, 2, 0, 1, 2, 1, 1, 0, 0, 1, 1, 1, 1, 2, 2, 1, 1, 1, 1, 0, 0, 0, 1, 0, 2, 1, 1, 1, 1, 0, 0, 1, 1, 1]|[0, 3, 0, 2, 4, 1, 4, 4, 2, 4, 3, 2, 1, 0, 2, 1, 1, 1, 2, 1, 1, 3, 0, 1, 0, 1, 1, 4, 1, 4, 3, 2, 2, 0, 4, 1, 1, 4, 0, 1, 2, 1, 4, 4, 1, 1, 0, 2, 3, 1, 2, 1, 2, 1, 1, 2, 4, 3, 0, 2, 2, 3, 1, 0, 1, 2, 0, 1, 2, 4, 1, 3, 4, 2, 2, 4, 3, 3, 3, 1, 1, 4, 3, 4, 3, 2, 2, 2, 4, 2, 1, 3, 3, 4, 1, 2, 2, 4, 4, 4]|[0, 2, 0, 1, 3, 0, 1, 3, 0, 0, 2, 0, 1, 0, 1, 0, 0, 0, 1, 0, 0, 2, 0, 0, 1, 0, 0, 3, 0, 1, 0, 2, 0, 0, 3, 0, 1, 3, 1, 0, 0, 0, 1, 3, 0, 0, 1, 0, 2, 0, 0, 0, 0, 0, 1, 0, 1, 0, 1, 1, 0, 2, 0, 0, 0, 0, 0, 0, 0, 2, 0, 0, 1, 0, 0, 2, 0, 0, 3, 0, 0, 1, 0, 3, 0, 0, 0, 0, 3, 0, 0, 0, 0, 2, 1, 0, 0, 2, 1, 2],918.6487324495604,51715.11972722987,110351.60106880446,true
12,G3_TWC,G3_TWC,[31, 22, 82, 15, 26, 9, 95, 42, 77, 12, 47, 5, 93, 78, 86, 54, 85, 63, 18, 44, 20, 35, 43, 97, 91, 76, 10, 30, 21, 45, 71, 64, 1, 23, 17, 83, 24, 14, 60, 36, 41, 57, 40, 88, 65, 56, 79, 94, 67, 68, 46, 75, 38, 58, 19, 32, 81, 6, 27, 62, 87, 90, 99, 59, 11, 16, 72, 73, 69, 39, 37, 84, 3, 92, 25, 55, 28, 29, 51, 7, 66, 61, 98, 48, 89, 8, 33, 96, 53, 80, 50, 4, 34, 2, 52, 13, 0, 70, 74, 49]|[1, 1, 0, 1, 1, 0, 1, 2, 2, 1, 2, 2, 2, 1, 1, 0, 0, 1, 0, 2, 2, 0, 1, 2, 0, 1, 2, 2, 0, 0, 1, 2, 1, 2, 1, 0, 2, 0, 1, 1, 0, 1, 1, 1, 0, 2, 1, 1, 0, 0, 0, 0, 1, 1, 2, 1, 2, 0, 0, 0, 2, 1, 0, 1, 2, 1, 2, 1, 1, 1, 1, 1, 1, 0, 1, 1, 0, 0, 0, 1, 2, 1, 2, 0, 1, 0, 2, 0, 0, 0, 0, 0, 2, 0, 1, 0, 0, 1, 2, 0]|[4, 3, 2, 2, 4, 1, 2, 2, 2, 4, 1, 1, 2, 4, 4, 1, 2, 4, 2, 1, 1, 1, 1, 2, 1, 2, 1, 1, 1, 1, 3, 2, 3, 0, 4, 0, 1, 1, 0, 3, 2, 2, 2, 0, 1, 1, 0, 4, 0, 1, 2, 2, 1, 4, 0, 3, 2, 1, 1, 2, 1, 3, 1, 1, 1, 3, 0, 4, 3, 1, 4, 1, 1, 0, 4, 4, 2, 1, 1, 1, 1, 3, 1, 1, 1, 1, 1, 1, 2, 1, 1, 2, 1, 2, 1, 2, 2, 4, 1, 1]|[0, 2, 1, 1, 3, 0, 1, 0, 0, 0, 0, 0, 1, 0, 1, 0, 0, 3, 1, 0, 0, 0, 3, 1, 0, 2, 0, 0, 0, 1, 0, 0, 0, 0, 3, 0, 1, 0, 0, 2, 1, 1, 1, 0, 0, 0, 0, 2, 1, 0, 0, 0, 1, 3, 0, 0, 1, 0, 0, 1, 0, 2, 0, 1, 0, 2, 1, 0, 0, 1, 1, 3, 1, 1, 3, 3, 1, 0, 0, 2, 0, 0, 0, 0, 1, 0, 0, 0, 1, 0, 0, 1, 0, 0, 1, 0, 0, 2, 0, 1],828.6150361188287,57498.909092636255,92558.71763620913,false
12,G1_CMAX,G1_CMAX,[31, 22, 82, 15, 26, 9, 95, 42, 77, 12, 47, 5, 93, 78, 86, 54, 6, 63, 18, 44, 20, 35, 43, 97, 91, 76, 10, 30, 21, 45, 64, 1, 23, 17, 83, 24, 14, 60, 36, 13, 75, 46, 68, 67, 69, 79, 56, 65, 88, 40, 57, 85, 58, 19, 32, 81, 48, 27, 62, 87, 90, 99, 59, 11, 16, 72, 73, 71, 70, 39, 37, 84, 3, 98, 29, 28, 55, 25, 92, 7, 33, 61, 53, 41, 89, 50, 8, 96, 51, 80, 34, 4, 66, 2, 52, 49, 0, 94, 74, 38]|[1, 1, 0, 1, 1, 0, 1, 2, 2, 1, 2, 2, 2, 1, 1, 0, 0, 1, 0, 2, 2, 0, 1, 2, 0, 1, 2, 2, 0, 0, 2, 1, 2, 1, 0, 2, 2, 1, 1, 0, 0, 0, 0, 0, 2, 1, 2, 0, 1, 1, 1, 0, 1, 2, 1, 2, 1, 0, 0, 2, 1, 0, 1, 2, 1, 2, 1, 1, 1, 1, 1, 1, 1, 0, 0, 0, 1, 1, 0, 1, 0, 1, 0, 1, 1, 0, 1, 0, 0, 0, 2, 1, 2, 0, 1, 0, 0, 2, 2, 1]|[0, 3, 2, 2, 4, 1, 2, 2, 2, 4, 1, 1, 2, 4, 4, 1, 2, 4, 2, 1, 1, 1, 1, 2, 1, 2, 1, 1, 1, 1, 2, 3, 0, 4, 0, 1, 2, 0, 3, 2, 2, 2, 1, 0, 2, 0, 1, 1, 0, 2, 2, 2, 0, 0, 3, 2, 4, 1, 2, 2, 3, 1, 1, 1, 3, 0, 4, 3, 3, 1, 4, 1, 1, 1, 1, 2, 4, 4, 0, 1, 2, 3, 2, 4, 1, 1, 3, 1, 1, 1, 1, 4, 1, 2, 1, 1, 2, 0, 1, 1]|[0, 2, 1, 1, 3, 0, 1, 0, 0, 0, 0, 0, 1, 0, 1, 0, 1, 3, 1, 0, 0, 0, 3, 1, 0, 2, 0, 0, 0, 1, 0, 0, 0, 3, 0, 1, 1, 0, 2, 0, 0, 0, 0, 1, 0, 0, 0, 0, 0, 1, 1, 0, 3, 0, 0, 1, 2, 0, 1, 0, 2, 0, 1, 0, 2, 1, 0, 0, 0, 1, 1, 3, 1, 0, 0, 1, 3, 3, 1, 2, 1, 0, 1, 3, 1, 0, 2, 0, 0, 0, 0, 0, 0, 0, 1, 1, 0, 0, 0, 1],740.6648699319737,58392.73539943754,98914.29550102295,false
12,G4_BALANCED,G4_BALANCED,[31, 22, 82, 15, 26, 58, 95, 42, 77, 12, 47, 5, 93, 78, 86, 54, 85, 63, 18, 44, 20, 35, 43, 97, 66, 76, 10, 30, 21, 45, 71, 64, 1, 23, 17, 83, 24, 14, 60, 36, 6, 57, 40, 88, 65, 56, 79, 94, 67, 68, 46, 75, 38, 9, 19, 32, 81, 41, 27, 62, 87, 90, 99, 59, 11, 16, 72, 73, 70, 39, 37, 84, 3, 92, 25, 55, 28, 29, 51, 7, 33, 61, 98, 48, 89, 50, 8, 96, 53, 80, 4, 91, 34, 2, 52, 13, 0, 69, 74, 49]|[1, 1, 0, 1, 1, 0, 1, 2, 2, 1, 2, 2, 2, 1, 1, 0, 0, 1, 0, 2, 2, 0, 1, 2, 0, 1, 2, 2, 0, 0, 1, 2, 1, 2, 1, 0, 2, 0, 1, 1, 0, 1, 1, 1, 0, 2, 1, 1, 0, 0, 0, 0, 1, 1, 2, 1, 2, 0, 0, 0, 2, 1, 0, 1, 2, 1, 2, 1, 1, 1, 1, 1, 1, 0, 1, 2, 0, 0, 0, 1, 0, 1, 2, 0, 1, 0, 1, 0, 0, 0, 1, 2, 2, 0, 1, 0, 0, 1, 2, 0]|[4, 3, 2, 2, 4, 1, 2, 2, 2, 4, 1, 1, 2, 4, 4, 1, 2, 4, 2, 1, 1, 1, 1, 2, 1, 2, 1, 1, 1, 1, 3, 2, 3, 1, 4, 0, 1, 1, 0, 3, 2, 2, 2, 0, 1, 1, 0, 4, 0, 1, 2, 2, 1, 4, 0, 3, 2, 1, 1, 2, 1, 3, 1, 1, 1, 3, 0, 4, 3, 1, 4, 1, 1, 0, 4, 1, 2, 1, 1, 1, 2, 3, 1, 1, 1, 1, 3, 1, 2, 1, 4, 1, 1, 2, 1, 2, 2, 4, 1, 1]|[0, 2, 1, 1, 3, 0, 1, 0, 0, 0, 0, 0, 1, 0, 1, 0, 0, 3, 1, 0, 0, 0, 3, 1, 0, 2, 0, 0, 0, 1, 0, 0, 0, 0, 3, 0, 1, 0, 0, 2, 1, 1, 1, 0, 0, 0, 0, 2, 1, 0, 0, 0, 1, 3, 0, 0, 1, 0, 0, 1, 0, 2, 0, 1, 0, 2, 1, 0, 0, 1, 1, 3, 1, 1, 3, 0, 1, 0, 0, 2, 1, 0, 0, 0, 1, 0, 2, 0, 1, 0, 0, 0, 0, 0, 1, 0, 0, 2, 0, 1],793.8745454668126,56930.524821470055,94256.21632187883,false
12,G2_TEC,G4_BALANCED,[31, 22, 82, 15, 26, 9, 95, 42, 77, 68, 47, 5, 93, 78, 86, 54, 85, 63, 18, 44, 20, 49, 36, 14, 74, 50, 53, 17, 21, 28, 71, 64, 3, 23, 30, 83, 24, 41, 60, 52, 65, 27, 90, 70, 39, 87, 48, 69, 99, 4, 46, 1, 13, 58, 97, 59, 45, 8, 73, 37, 35, 79, 11, 66, 76, 32, 40, 80, 96, 6, 16, 61, 33, 98, 57, 81, 62, 67, 10, 7, 56, 88, 51, 19, 91, 38, 75, 92, 25, 84, 2, 12, 29, 43, 34, 55, 0, 94, 89, 72]|[2, 1, 2, 1, 1, 2, 1, 1, 1, 1, 1, 0, 2, 2, 1, 2, 0, 0, 0, 2, 2, 1, 0, 2, 0, 2, 2, 1, 0, 1, 1, 1, 0, 0, 1, 0, 2, 1, 2, 2, 0, 0, 1, 1, 0, 2, 0, 2, 1, 0, 0, 2, 0, 0, 2, 0, 1, 1, 0, 0, 2, 1, 0, 2, 2, 0, 2, 2, 0, 1, 2, 1, 1, 0, 0, 1, 1, 1, 1, 2, 2, 1, 1, 1, 1, 0, 0, 0, 1, 0, 2, 1, 1, 1, 1, 0, 0, 1, 1, 1]|[0, 3, 0, 2, 4, 1, 4, 4, 2, 4, 3, 2, 1, 0, 2, 1, 1, 1, 2, 1, 1, 3, 0, 1, 0, 1, 1, 4, 1, 4, 3, 2, 2, 0, 4, 1, 1, 4, 0, 1, 2, 1, 4, 4, 1, 1, 0, 2, 3, 1, 2, 1, 2, 1, 1, 2, 4, 3, 0, 2, 2, 3, 1, 0, 1, 2, 0, 1, 2, 4, 1, 3, 4, 2, 2, 4, 3, 3, 3, 1, 1, 4, 3, 4, 3, 2, 2, 2, 4, 2, 1, 3, 3, 4, 1, 2, 2, 4, 4, 4]|[0, 2, 0, 1, 3, 0, 1, 3, 0, 0, 2, 0, 1, 0, 1, 0, 0, 0, 1, 0, 0, 2, 0, 0, 1, 0, 0, 3, 0, 1, 0, 2, 0, 0, 3, 0, 1, 3, 1, 0, 0, 0, 1, 3, 0, 0, 1, 0, 2, 0, 0, 0, 0, 0, 1, 0, 1, 0, 1, 1, 0, 2, 0, 0, 0, 0, 0, 0, 0, 2, 0, 0, 1, 0, 0, 2, 0, 0, 3, 0, 0, 1, 0, 3, 0, 0, 0, 0, 3, 0, 0, 0, 0, 2, 1, 0, 0, 2, 1, 2],918.6487324495604,51715.11972722987,110351.60106880446,true
12,G3_TWC,G3_TWC,[31, 22, 82, 15, 26, 9, 95, 42, 77, 12, 47, 5, 93, 78, 86, 54, 85, 63, 18, 44, 20, 35, 43, 97, 91, 76, 10, 30, 21, 45, 71, 64, 1, 23, 17, 83, 24, 14, 60, 36, 41, 57, 40, 88, 65, 56, 79, 94, 67, 68, 46, 75, 38, 58, 19, 32, 81, 6, 27, 62, 87, 90, 99, 59, 11, 16, 72, 73, 69, 39, 37, 84, 3, 92, 25, 55, 28, 29, 51, 7, 66, 61, 98, 48, 89, 8, 33, 96, 53, 80, 50, 4, 34, 2, 52, 13, 0, 70, 74, 49]|[1, 1, 0, 1, 1, 0, 1, 2, 2, 1, 2, 2, 2, 1, 1, 0, 0, 1, 0, 2, 2, 0, 1, 2, 0, 1, 2, 2, 0, 0, 1, 2, 1, 2, 1, 0, 2, 0, 1, 1, 0, 1, 1, 1, 0, 2, 1, 1, 0, 0, 0, 0, 1, 1, 2, 1, 2, 0, 0, 0, 2, 1, 0, 1, 2, 1, 2, 1, 1, 1, 1, 1, 1, 0, 1, 1, 0, 0, 0, 1, 2, 1, 2, 0, 1, 0, 2, 0, 0, 0, 0, 0, 2, 0, 1, 0, 0, 1, 2, 0]|[4, 3, 2, 2, 4, 1, 2, 2, 2, 4, 1, 1, 2, 4, 4, 1, 2, 4, 2, 1, 1, 1, 1, 2, 1, 2, 1, 1, 1, 1, 3, 2, 3, 0, 4, 0, 1, 1, 0, 3, 2, 2, 2, 0, 1, 1, 0, 4, 0, 1, 2, 2, 1, 4, 0, 3, 2, 1, 1, 2, 1, 3, 1, 1, 1, 3, 0, 4, 3, 1, 4, 1, 1, 0, 4, 4, 2, 1, 1, 1, 1, 3, 1, 1, 1, 1, 1, 1, 2, 1, 1, 2, 1, 2, 1, 2, 2, 4, 1, 1]|[0, 2, 1, 1, 3, 0, 1, 0, 0, 0, 0, 0, 1, 0, 1, 0, 0, 3, 1, 0, 0, 0, 3, 1, 0, 2, 0, 0, 0, 1, 0, 0, 0, 0, 3, 0, 1, 0, 0, 2, 1, 1, 1, 0, 0, 0, 0, 2, 1, 0, 0, 0, 1, 3, 0, 0, 1, 0, 0, 1, 0, 2, 0, 1, 0, 2, 1, 0, 0, 1, 1, 3, 1, 1, 3, 3, 1, 0, 0, 2, 0, 0, 0, 0, 1, 0, 0, 0, 1, 0, 0, 1, 0, 0, 1, 0, 0, 2, 0, 1],828.6150361188287,57498.909092636255,92558.71763620913,false
12,G1_CMAX,G1_CMAX,[31, 22, 82, 15, 26, 9, 95, 42, 77, 12, 47, 5, 93, 78, 86, 54, 6, 63, 18, 44, 20, 35, 43, 97, 91, 76, 10, 30, 21, 45, 64, 1, 23, 17, 83, 24, 14, 60, 36, 13, 75, 46, 68, 67, 69, 79, 56, 65, 88, 40, 57, 85, 58, 19, 32, 81, 48, 27, 62, 87, 90, 99, 59, 11, 16, 72, 73, 71, 70, 39, 37, 84, 3, 98, 29, 28, 55, 25, 92, 7, 33, 61, 53, 41, 89, 50, 8, 96, 51, 80, 34, 4, 66, 2, 52, 49, 0, 94, 74, 38]|[1, 1, 0, 1, 1, 0, 1, 2, 2, 1, 2, 2, 2, 1, 1, 0, 0, 1, 0, 2, 2, 0, 1, 2, 0, 1, 2, 2, 0, 0, 2, 1, 2, 1, 0, 2, 2, 1, 1, 0, 0, 0, 0, 0, 2, 1, 2, 0, 1, 1, 1, 0, 1, 2, 1, 2, 1, 0, 0, 2, 1, 0, 1, 2, 1, 2, 1, 1, 1, 1, 1, 1, 1, 0, 0, 0, 1, 1, 0, 1, 0, 1, 0, 1, 1, 0, 1, 0, 0, 0, 2, 1, 2, 0, 1, 0, 0, 2, 2, 1]|[0, 3, 2, 2, 4, 1, 2, 2, 2, 4, 1, 1, 2, 4, 4, 1, 2, 4, 2, 1, 1, 1, 1, 2, 1, 2, 1, 1, 1, 1, 2, 3, 0, 4, 0, 1, 2, 0, 3, 2, 2, 2, 1, 0, 2, 0, 1, 1, 0, 2, 2, 2, 0, 0, 3, 2, 4, 1, 2, 2, 3, 1, 1, 1, 3, 0, 4, 3, 3, 1, 4, 1, 1, 1, 1, 2, 4, 4, 0, 1, 2, 3, 2, 4, 1, 1, 3, 1, 1, 1, 1, 4, 1, 2, 1, 1, 2, 0, 1, 1]|[0, 2, 1, 1, 3, 0, 1, 0, 0, 0, 0, 0, 1, 0, 1, 0, 1, 3, 1, 0, 0, 0, 3, 1, 0, 2, 0, 0, 0, 1, 0, 0, 0, 3, 0, 1, 1, 0, 2, 0, 0, 0, 0, 1, 0, 0, 0, 0, 0, 1, 1, 0, 3, 0, 0, 1, 2, 0, 1, 0, 2, 0, 1, 0, 2, 1, 0, 0, 0, 1, 1, 3, 1, 0, 0, 1, 3, 3, 1, 2, 1, 0, 1, 3, 1, 0, 2, 0, 0, 0, 0, 0, 0, 0, 1, 1, 0, 0, 0, 1],740.6648699319737,58392.73539943754,98914.29550102295,false
12,G4_BALANCED,G4_BALANCED,[31, 22, 82, 15, 26, 58, 95, 42, 77, 12, 47, 5, 93, 78, 86, 54, 85, 63, 18, 44, 20, 35, 43, 97, 66, 76, 10, 30, 21, 45, 71, 64, 1, 23, 17, 83, 24, 14, 60, 36, 6, 57, 40, 88, 65, 56, 79, 94, 67, 68, 46, 75, 38, 9, 19, 32, 81, 41, 27, 62, 87, 90, 99, 59, 11, 16, 72, 73, 70, 39, 37, 84, 3, 92, 25, 55, 28, 29, 51, 7, 33, 61, 98, 48, 89, 50, 8, 96, 53, 80, 4, 91, 34, 2, 52, 13, 0, 69, 74, 49]|[1, 1, 0, 1, 1, 0, 1, 2, 2, 1, 2, 2, 2, 1, 1, 0, 0, 1, 0, 2, 2, 0, 1, 2, 0, 1, 2, 2, 0, 0, 1, 2, 1, 2, 1, 0, 2, 0, 1, 1, 0, 1, 1, 1, 0, 2, 1, 1, 0, 0, 0, 0, 1, 1, 2, 1, 2, 0, 0, 0, 2, 1, 0, 1, 2, 1, 2, 1, 1, 1, 1, 1, 1, 0, 1, 2, 0, 0, 0, 1, 0, 1, 2, 0, 1, 0, 1, 0, 0, 0, 1, 2, 2, 0, 1, 0, 0, 1, 2, 0]|[4, 3, 2, 2, 4, 1, 2, 2, 2, 4, 1, 1, 2, 4, 4, 1, 2, 4, 2, 1, 1, 1, 1, 2, 1, 2, 1, 1, 1, 1, 3, 2, 3, 1, 4, 0, 1, 1, 0, 3, 2, 2, 2, 0, 1, 1, 0, 4, 0, 1, 2, 2, 1, 4, 0, 3, 2, 1, 1, 2, 1, 3, 1, 1, 1, 3, 0, 4, 3, 1, 4, 1, 1, 0, 4, 1, 2, 1, 1, 1, 2, 3, 1, 1, 1, 1, 3, 1, 2, 1, 4, 1, 1, 2, 1, 2, 2, 4, 1, 1]|[0, 2, 1, 1, 3, 0, 1, 0, 0, 0, 0, 0, 1, 0, 1, 0, 0, 3, 1, 0, 0, 0, 3, 1, 0, 2, 0, 0, 0, 1, 0, 0, 0, 0, 3, 0, 1, 0, 0, 2, 1, 1, 1, 0, 0, 0, 0, 2, 1, 0, 0, 0, 1, 3, 0, 0, 1, 0, 0, 1, 0, 2, 0, 1, 0, 2, 1, 0, 0, 1, 1, 3, 1, 1, 3, 0, 1, 0, 0, 2, 1, 0, 0, 0, 1, 0, 2, 0, 1, 0, 0, 0, 0, 0, 1, 0, 0, 2, 0, 1],793.8745454668126,56930.524821470055,94256.21632187883,false
12,G2_TEC,G2_TEC,[31, 22, 82, 15, 26, 9, 95, 42, 77, 68, 47, 5, 93, 78, 86, 54, 85, 63, 18, 44, 20, 49, 36, 14, 74, 50, 53, 17, 21, 28, 71, 64, 3, 23, 30, 83, 24, 41, 60, 52, 65, 27, 90, 70, 39, 87, 48, 69, 99, 4, 46, 1, 13, 58, 97, 59, 33, 8, 73, 37, 79, 35, 11, 66, 76, 32, 40, 80, 96, 6, 16, 61, 45, 98, 57, 81, 62, 67, 10, 7, 56, 88, 51, 19, 91, 38, 75, 92, 25, 84, 29, 12, 55, 43, 34, 2, 0, 94, 89, 72]|[2, 1, 2, 1, 1, 2, 1, 1, 1, 1, 1, 0, 2, 2, 1, 2, 0, 0, 0, 2, 2, 1, 0, 2, 0, 2, 2, 1, 0, 1, 1, 1, 0, 0, 1, 0, 2, 1, 2, 2, 0, 0, 1, 1, 0, 2, 0, 2, 1, 0, 0, 2, 0, 0, 2, 0, 1, 1, 0, 0, 1, 1, 0, 2, 2, 0, 2, 2, 0, 1, 2, 1, 1, 0, 0, 1, 1, 1, 1, 2, 2, 1, 1, 1, 1, 0, 0, 0, 1, 0, 1, 1, 0, 1, 1, 2, 0, 1, 1, 1]|[0, 3, 0, 2, 4, 1, 4, 4, 2, 4, 3, 2, 1, 0, 2, 1, 1, 1, 2, 1, 1, 3, 0, 1, 0, 1, 1, 4, 1, 4, 3, 2, 2, 0, 4, 1, 1, 4, 0, 1, 2, 1, 4, 4, 1, 1, 0, 2, 3, 1, 2, 1, 2, 1, 1, 2, 4, 3, 0, 2, 3, 3, 1, 0, 1, 2, 0, 1, 2, 4, 1, 3, 4, 2, 2, 4, 3, 3, 3, 1, 1, 4, 3, 4, 3, 2, 2, 2, 4, 2, 3, 3, 2, 4, 1, 1, 2, 4, 4, 4]|[0, 2, 0, 1, 3, 0, 1, 3, 0, 0, 2, 0, 1, 0, 1, 0, 0, 0, 1, 0, 0, 2, 0, 0, 1, 0, 0, 3, 0, 1, 0, 2, 0, 0, 3, 0, 1, 3, 1, 0, 0, 0, 1, 3, 0, 0, 1, 0, 2, 0, 0, 0, 0, 0, 1, 0, 1, 0, 1, 1, 2, 2, 0, 0, 0, 0, 0, 0, 0, 2, 0, 0, 1, 0, 0, 2, 0, 0, 3, 0, 0, 1, 0, 3, 0, 0, 0, 0, 3, 0, 0, 0, 0, 2, 1, 0, 0, 2, 1, 2],918.6487324495604,51628.98216776993,110307.60287220453,false
12,G3_TWC,G3_TWC,[31, 22, 82, 15, 26, 9, 95, 42, 77, 12, 47, 5, 93, 78, 86, 54, 85, 63, 18, 44, 20, 35, 43, 97, 91, 76, 10, 30, 21, 45, 71, 64, 1, 23, 17, 83, 24, 14, 60, 36, 41, 57, 40, 88, 65, 56, 79, 94, 67, 68, 46, 75, 38, 58, 19, 32, 81, 6, 27, 62, 87, 90, 99, 59, 11, 16, 72, 73, 69, 39, 37, 84, 3, 92, 25, 55, 28, 29, 51, 7, 66, 61, 98, 48, 89, 8, 33, 96, 53, 80, 50, 4, 34, 2, 52, 13, 0, 70, 74, 49]|[1, 1, 0, 1, 1, 0, 1, 2, 2, 1, 2, 2, 2, 1, 1, 0, 0, 1, 0, 2, 2, 0, 1, 2, 0, 1, 2, 2, 0, 0, 1, 2, 1, 2, 1, 0, 2, 0, 1, 1, 0, 1, 1, 1, 0, 2, 1, 1, 0, 0, 0, 0, 1, 1, 2, 1, 2, 0, 0, 0, 2, 1, 0, 1, 2, 1, 2, 1, 1, 1, 1, 1, 1, 0, 1, 1, 0, 0, 0, 1, 2, 1, 2, 0, 1, 0, 2, 0, 0, 0, 0, 0, 2, 0, 1, 0, 0, 1, 2, 0]|[4, 3, 2, 2, 4, 1, 2, 2, 2, 4, 1, 1, 2, 4, 4, 1, 2, 4, 2, 1, 1, 1, 1, 2, 1, 2, 1, 1, 1, 1, 3, 2, 3, 0, 4, 0, 1, 1, 0, 3, 2, 2, 2, 0, 1, 1, 0, 4, 0, 1, 2, 2, 1, 4, 0, 3, 2, 1, 1, 2, 1, 3, 1, 1, 1, 3, 0, 4, 3, 1, 4, 1, 1, 0, 4, 4, 2, 1, 1, 1, 1, 3, 1, 1, 1, 1, 1, 1, 2, 1, 1, 2, 1, 2, 1, 2, 2, 4, 1, 1]|[0, 2, 1, 1, 3, 0, 1, 0, 0, 0, 0, 0, 1, 0, 1, 0, 0, 3, 1, 0, 0, 0, 3, 1, 0, 2, 0, 0, 0, 1, 0, 0, 0, 0, 3, 0, 1, 0, 0, 2, 1, 1, 1, 0, 0, 0, 0, 2, 1, 0, 0, 0, 1, 3, 0, 0, 1, 0, 0, 1, 0, 2, 0, 1, 0, 2, 1, 0, 0, 1, 1, 3, 1, 1, 3, 3, 1, 0, 0, 2, 0, 0, 0, 0, 1, 0, 0, 0, 1, 0, 0, 1, 0, 0, 1, 0, 0, 2, 0, 1],828.6150361188287,57498.909092636255,92558.71763620913,false
12,G1_CMAX,G1_CMAX,[31, 22, 82, 15, 26, 9, 95, 42, 77, 12, 47, 5, 93, 78, 86, 54, 6, 63, 18, 44, 20, 35, 43, 97, 91, 76, 10, 30, 21, 45, 64, 1, 23, 17, 83, 24, 14, 60, 36, 13, 75, 46, 68, 67, 69, 79, 56, 65, 88, 40, 57, 85, 58, 19, 32, 81, 48, 27, 62, 87, 90, 99, 59, 11, 16, 72, 73, 71, 70, 39, 37, 84, 3, 98, 29, 28, 55, 25, 92, 7, 33, 61, 53, 41, 89, 50, 8, 96, 51, 80, 34, 4, 66, 2, 52, 49, 0, 94, 74, 38]|[1, 1, 0, 1, 1, 0, 1, 2, 2, 1, 2, 2, 2, 1, 1, 0, 0, 1, 0, 2, 2, 0, 1, 2, 0, 1, 2, 2, 0, 0, 2, 1, 2, 1, 0, 2, 2, 1, 1, 0, 0, 0, 0, 0, 2, 1, 2, 0, 1, 1, 1, 0, 1, 2, 1, 2, 1, 0, 0, 2, 1, 0, 1, 2, 1, 2, 1, 1, 1, 1, 1, 1, 1, 0, 0, 0, 1, 1, 0, 1, 0, 1, 0, 1, 1, 0, 1, 0, 0, 0, 2, 1, 2, 0, 1, 0, 0, 2, 2, 1]|[0, 3, 2, 2, 4, 1, 2, 2, 2, 4, 1, 1, 2, 4, 4, 1, 2, 4, 2, 1, 1, 1, 1, 2, 1, 2, 1, 1, 1, 1, 2, 3, 0, 4, 0, 1, 2, 0, 3, 2, 2, 2, 1, 0, 2, 0, 1, 1, 0, 2, 2, 2, 0, 0, 3, 2, 4, 1, 2, 2, 3, 1, 1, 1, 3, 0, 4, 3, 3, 1, 4, 1, 1, 1, 1, 2, 4, 4, 0, 1, 2, 3, 2, 4, 1, 1, 3, 1, 1, 1, 1, 4, 1, 2, 1, 1, 2, 0, 1, 1]|[0, 2, 1, 1, 3, 0, 1, 0, 0, 0, 0, 0, 1, 0, 1, 0, 1, 3, 1, 0, 0, 0, 3, 1, 0, 2, 0, 0, 0, 1, 0, 0, 0, 3, 0, 1, 1, 0, 2, 0, 0, 0, 0, 1, 0, 0, 0, 0, 0, 1, 1, 0, 3, 0, 0, 1, 2, 0, 1, 0, 2, 0, 1, 0, 2, 1, 0, 0, 0, 1, 1, 3, 1, 0, 0, 1, 3, 3, 1, 2, 1, 0, 1, 3, 1, 0, 2, 0, 0, 0, 0, 0, 0, 0, 1, 1, 0, 0, 0, 1],740.6648699319737,58392.73539943754,98914.29550102295,false
12,G4_BALANCED,G4_BALANCED,[31, 22, 82, 15, 26, 58, 95, 42, 77, 12, 47, 5, 93, 78, 86, 54, 85, 63, 18, 44, 20, 35, 43, 97, 66, 76, 10, 30, 21, 45, 71, 64, 1, 23, 17, 83, 24, 14, 60, 36, 6, 57, 40, 88, 65, 56, 79, 94, 67, 68, 46, 75, 38, 9, 19, 32, 81, 41, 27, 62, 87, 90, 99, 59, 11, 16, 72, 73, 70, 39, 37, 84, 3, 92, 25, 55, 28, 29, 51, 7, 33, 61, 98, 48, 89, 50, 8, 96, 53, 80, 4, 91, 34, 2, 52, 13, 0, 69, 74, 49]|[1, 1, 0, 1, 1, 0, 1, 2, 2, 1, 2, 2, 2, 1, 1, 0, 0, 1, 0, 2, 2, 0, 1, 2, 0, 1, 2, 2, 0, 0, 1, 2, 1, 2, 1, 0, 2, 0, 1, 1, 0, 1, 1, 1, 0, 2, 1, 1, 0, 0, 0, 0, 1, 1, 2, 1, 2, 0, 0, 0, 2, 1, 0, 1, 2, 1, 2, 1, 1, 1, 1, 1, 1, 0, 1, 2, 0, 0, 0, 1, 0, 1, 2, 0, 1, 0, 1, 0, 0, 0, 1, 2, 2, 0, 1, 0, 0, 1, 2, 0]|[4, 3, 2, 2, 4, 1, 2, 2, 2, 4, 1, 1, 2, 4, 4, 1, 2, 4, 2, 1, 1, 1, 1, 2, 1, 2, 1, 1, 1, 1, 3, 2, 3, 1, 4, 0, 1, 1, 0, 3, 2, 2, 2, 0, 1, 1, 0, 4, 0, 1, 2, 2, 1, 4, 0, 3, 2, 1, 1, 2, 1, 3, 1, 1, 1, 3, 0, 4, 3, 1, 4, 1, 1, 0, 4, 1, 2, 1, 1, 1, 2, 3, 1, 1, 1, 1, 3, 1, 2, 1, 4, 1, 1, 2, 1, 2, 2, 4, 1, 1]|[0, 2, 1, 1, 3, 0, 1, 0, 0, 0, 0, 0, 1, 0, 1, 0, 0, 3, 1, 0, 0, 0, 3, 1, 0, 2, 0, 0, 0, 1, 0, 0, 0, 0, 3, 0, 1, 0, 0, 2, 1, 1, 1, 0, 0, 0, 0, 2, 1, 0, 0, 0, 1, 3, 0, 0, 1, 0, 0, 1, 0, 2, 0, 1, 0, 2, 1, 0, 0, 1, 1, 3, 1, 1, 3, 0, 1, 0, 0, 2, 1, 0, 0, 0, 1, 0, 2, 0, 1, 0, 0, 0, 0, 0, 1, 0, 0, 2, 0, 1],793.8745454668126,56930.524821470055,94256.21632187883,false
12,G2_TEC,G2_TEC,[31, 22, 82, 15, 26, 9, 95, 42, 77, 68, 47, 5, 93, 78, 86, 54, 85, 63, 18, 44, 20, 49, 36, 14, 74, 50, 53, 17, 21, 28, 71, 64, 3, 23, 30, 83, 24, 41, 60, 52, 65, 27, 90, 70, 39, 87, 48, 69, 99, 4, 46, 1, 13, 58, 97, 59, 33, 8, 73, 37, 79, 35, 11, 66, 76, 32, 40, 80, 96, 6, 16, 61, 45, 98, 57, 81, 62, 67, 10, 7, 56, 88, 51, 19, 91, 38, 75, 92, 25, 84, 29, 12, 55, 43, 34, 2, 0, 94, 89, 72]|[2, 1, 2, 1, 1, 2, 1, 1, 1, 1, 1, 0, 2, 2, 1, 2, 0, 0, 0, 2, 2, 1, 0, 2, 0, 2, 2, 1, 0, 1, 1, 1, 0, 0, 1, 0, 2, 1, 2, 2, 0, 0, 1, 1, 0, 2, 0, 2, 1, 0, 0, 2, 0, 0, 2, 0, 1, 1, 0, 0, 1, 1, 0, 2, 2, 0, 2, 2, 0, 1, 2, 1, 1, 0, 0, 1, 1, 1, 1, 2, 2, 1, 1, 1, 1, 0, 0, 0, 1, 0, 1, 1, 0, 1, 1, 2, 0, 1, 1, 1]|[0, 3, 0, 2, 4, 1, 4, 4, 2, 4, 3, 2, 1, 0, 2, 1, 1, 1, 2, 1, 1, 3, 0, 1, 0, 1, 1, 4, 1, 4, 3, 2, 2, 0, 4, 1, 1, 4, 0, 1, 2, 1, 4, 4, 1, 1, 0, 2, 3, 1, 2, 1, 2, 1, 1, 2, 4, 3, 0, 2, 3, 3, 1, 0, 1, 2, 0, 1, 2, 4, 1, 3, 4, 2, 2, 4, 3, 3, 3, 1, 1, 4, 3, 4, 3, 2, 2, 2, 4, 2, 3, 3, 2, 4, 1, 1, 2, 4, 4, 4]|[0, 2, 0, 1, 3, 0, 1, 3, 0, 0, 2, 0, 1, 0, 1, 0, 0, 0, 1, 0, 0, 2, 0, 0, 1, 0, 0, 3, 0, 1, 0, 2, 0, 0, 3, 0, 1, 3, 1, 0, 0, 0, 1, 3, 0, 0, 1, 0, 2, 0, 0, 0, 0, 0, 1, 0, 1, 0, 1, 1, 2, 2, 0, 0, 0, 0, 0, 0, 0, 2, 0, 0, 1, 0, 0, 2, 0, 0, 3, 0, 0, 1, 0, 3, 0, 0, 0, 0, 3, 0, 0, 0, 0, 2, 1, 0, 0, 2, 1, 2],918.6487324495604,51628.98216776993,110307.60287220453,false
12,G3_TWC,G3_TWC,[31, 22, 82, 15, 26, 9, 95, 42, 77, 12, 47, 5, 93, 78, 86, 54, 85, 63, 18, 44, 20, 35, 43, 97, 91, 76, 10, 30, 21, 45, 71, 64, 1, 23, 17, 83, 24, 14, 60, 36, 41, 57, 40, 88, 65, 56, 79, 94, 67, 68, 46, 75, 38, 58, 19, 32, 81, 6, 27, 62, 87, 90, 99, 59, 11, 16, 72, 73, 69, 39, 37, 84, 3, 92, 25, 55, 28, 29, 51, 7, 66, 61, 98, 48, 89, 8, 33, 96, 53, 80, 50, 4, 34, 2, 52, 13, 0, 70, 74, 49]|[1, 1, 0, 1, 1, 0, 1, 2, 2, 1, 2, 2, 2, 1, 1, 0, 0, 1, 0, 2, 2, 0, 1, 2, 0, 1, 2, 2, 0, 0, 1, 2, 1, 2, 1, 0, 2, 0, 1, 1, 0, 1, 1, 1, 0, 2, 1, 1, 0, 0, 0, 0, 1, 1, 2, 1, 2, 0, 0, 0, 2, 1, 0, 1, 2, 1, 2, 1, 1, 1, 1, 1, 1, 0, 1, 1, 0, 0, 0, 1, 2, 1, 2, 0, 1, 0, 2, 0, 0, 0, 0, 0, 2, 0, 1, 0, 0, 1, 2, 0]|[4, 3, 2, 2, 4, 1, 2, 2, 2, 4, 1, 1, 2, 4, 4, 1, 2, 4, 2, 1, 1, 1, 1, 2, 1, 2, 1, 1, 1, 1, 3, 2, 3, 0, 4, 0, 1, 1, 0, 3, 2, 2, 2, 0, 1, 1, 0, 4, 0, 1, 2, 2, 1, 4, 0, 3, 2, 1, 1, 2, 1, 3, 1, 1, 1, 3, 0, 4, 3, 1, 4, 1, 1, 0, 4, 4, 2, 1, 1, 1, 1, 3, 1, 1, 1, 1, 1, 1, 2, 1, 1, 2, 1, 2, 1, 2, 2, 4, 1, 1]|[0, 2, 1, 1, 3, 0, 1, 0, 0, 0, 0, 0, 1, 0, 1, 0, 0, 3, 1, 0, 0, 0, 3, 1, 0, 2, 0, 0, 0, 1, 0, 0, 0, 0, 3, 0, 1, 0, 0, 2, 1, 1, 1, 0, 0, 0, 0, 2, 1, 0, 0, 0, 1, 3, 0, 0, 1, 0, 0, 1, 0, 2, 0, 1, 0, 2, 1, 0, 0, 1, 1, 3, 1, 1, 3, 3, 1, 0, 0, 2, 0, 0, 0, 0, 1, 0, 0, 0, 1, 0, 0, 1, 0, 0, 1, 0, 0, 2, 0, 1],828.6150361188287,57498.909092636255,92558.71763620913,false
12,G1_CMAX,G1_CMAX,[31, 22, 82, 15, 26, 9, 95, 42, 77, 12, 47, 5, 93, 78, 86, 54, 6, 63, 18, 44, 20, 35, 43, 97, 91, 76, 10, 30, 21, 45, 64, 1, 23, 17, 83, 24, 14, 60, 36, 13, 75, 46, 68, 67, 69, 79, 56, 65, 88, 40, 57, 85, 58, 19, 32, 81, 48, 27, 62, 87, 90, 99, 59, 11, 16, 72, 73, 71, 70, 39, 37, 84, 3, 98, 29, 28, 55, 25, 92, 7, 33, 61, 53, 41, 89, 50, 8, 96, 51, 80, 34, 4, 66, 2, 52, 49, 0, 94, 74, 38]|[1, 1, 0, 1, 1, 0, 1, 2, 2, 1, 2, 2, 2, 1, 1, 0, 0, 1, 0, 2, 2, 0, 1, 2, 0, 1, 2, 2, 0, 0, 2, 1, 2, 1, 0, 2, 2, 1, 1, 0, 0, 0, 0, 0, 2, 1, 2, 0, 1, 1, 1, 0, 1, 2, 1, 2, 1, 0, 0, 2, 1, 0, 1, 2, 1, 2, 1, 1, 1, 1, 1, 1, 1, 0, 0, 0, 1, 1, 0, 1, 0, 1, 0, 1, 1, 0, 1, 0, 0, 0, 2, 1, 2, 0, 1, 0, 0, 2, 2, 1]|[0, 3, 2, 2, 4, 1, 2, 2, 2, 4, 1, 1, 2, 4, 4, 1, 2, 4, 2, 1, 1, 1, 1, 2, 1, 2, 1, 1, 1, 1, 2, 3, 0, 4, 0, 1, 2, 0, 3, 2, 2, 2, 1, 0, 2, 0, 1, 1, 0, 2, 2, 2, 0, 0, 3, 2, 4, 1, 2, 2, 3, 1, 1, 1, 3, 0, 4, 3, 3, 1, 4, 1, 1, 1, 1, 2, 4, 4, 0, 1, 2, 3, 2, 4, 1, 1, 3, 1, 1, 1, 1, 4, 1, 2, 1, 1, 2, 0, 1, 1]|[0, 2, 1, 1, 3, 0, 1, 0, 0, 0, 0, 0, 1, 0, 1, 0, 1, 3, 1, 0, 0, 0, 3, 1, 0, 2, 0, 0, 0, 1, 0, 0, 0, 3, 0, 1, 1, 0, 2, 0, 0, 0, 0, 1, 0, 0, 0, 0, 0, 1, 1, 0, 3, 0, 0, 1, 2, 0, 1, 0, 2, 0, 1, 0, 2, 1, 0, 0, 0, 1, 1, 3, 1, 0, 0, 1, 3, 3, 1, 2, 1, 0, 1, 3, 1, 0, 2, 0, 0, 0, 0, 0, 0, 0, 1, 1, 0, 0, 0, 1],740.6648699319737,58392.73539943754,98914.29550102295,false
12,G4_BALANCED,G4_BALANCED,[31, 22, 82, 15, 26, 58, 95, 42, 77, 12, 47, 5, 93, 78, 86, 54, 85, 63, 18, 44, 20, 35, 43, 97, 66, 76, 10, 30, 21, 45, 71, 64, 1, 23, 17, 83, 24, 14, 60, 36, 6, 57, 40, 88, 65, 56, 79, 94, 67, 68, 46, 75, 38, 9, 19, 32, 81, 41, 27, 62, 87, 90, 99, 59, 11, 16, 72, 73, 70, 39, 37, 84, 3, 92, 25, 55, 28, 29, 51, 7, 33, 61, 98, 48, 89, 50, 8, 96, 53, 80, 4, 91, 34, 2, 52, 13, 0, 69, 74, 49]|[1, 1, 0, 1, 1, 0, 1, 2, 2, 1, 2, 2, 2, 1, 1, 0, 0, 1, 0, 2, 2, 0, 1, 2, 0, 1, 2, 2, 0, 0, 1, 2, 1, 2, 1, 0, 2, 0, 1, 1, 0, 1, 1, 1, 0, 2, 1, 1, 0, 0, 0, 0, 1, 1, 2, 1, 2, 0, 0, 0, 2, 1, 0, 1, 2, 1, 2, 1, 1, 1, 1, 1, 1, 0, 1, 2, 0, 0, 0, 1, 0, 1, 2, 0, 1, 0, 1, 0, 0, 0, 1, 2, 2, 0, 1, 0, 0, 1, 2, 0]|[4, 3, 2, 2, 4, 1, 2, 2, 2, 4, 1, 1, 2, 4, 4, 1, 2, 4, 2, 1, 1, 1, 1, 2, 1, 2, 1, 1, 1, 1, 3, 2, 3, 1, 4, 0, 1, 1, 0, 3, 2, 2, 2, 0, 1, 1, 0, 4, 0, 1, 2, 2, 1, 4, 0, 3, 2, 1, 1, 2, 1, 3, 1, 1, 1, 3, 0, 4, 3, 1, 4, 1, 1, 0, 4, 1, 2, 1, 1, 1, 2, 3, 1, 1, 1, 1, 3, 1, 2, 1, 4, 1, 1, 2, 1, 2, 2, 4, 1, 1]|[0, 2, 1, 1, 3, 0, 1, 0, 0, 0, 0, 0, 1, 0, 1, 0, 0, 3, 1, 0, 0, 0, 3, 1, 0, 2, 0, 0, 0, 1, 0, 0, 0, 0, 3, 0, 1, 0, 0, 2, 1, 1, 1, 0, 0, 0, 0, 2, 1, 0, 0, 0, 1, 3, 0, 0, 1, 0, 0, 1, 0, 2, 0, 1, 0, 2, 1, 0, 0, 1, 1, 3, 1, 1, 3, 0, 1, 0, 0, 2, 1, 0, 0, 0, 1, 0, 2, 0, 1, 0, 0, 0, 0, 0, 1, 0, 0, 2, 0, 1],793.8745454668126,56930.524821470055,94256.21632187883,false
12,G2_TEC,G2_TEC,[31, 22, 82, 15, 26, 9, 95, 42, 77, 68, 47, 5, 93, 78, 86, 54, 85, 63, 18, 44, 20, 49, 36, 14, 74, 50, 53, 17, 21, 28, 71, 64, 3, 23, 30, 83, 24, 41, 60, 52, 65, 27, 90, 70, 39, 87, 48, 69, 99, 4, 46, 1, 13, 58, 97, 59, 33, 8, 73, 37, 79, 35, 11, 66, 76, 32, 40, 80, 96, 6, 16, 61, 45, 98, 57, 81, 62, 67, 10, 7, 56, 88, 51, 19, 91, 38, 75, 92, 25, 84, 29, 12, 55, 43, 34, 2, 0, 94, 89, 72]|[2, 1, 2, 1, 1, 2, 1, 1, 1, 1, 1, 0, 2, 2, 1, 2, 0, 0, 0, 2, 2, 1, 0, 2, 0, 2, 2, 1, 0, 1, 1, 1, 0, 0, 1, 0, 2, 1, 2, 2, 0, 0, 1, 1, 0, 2, 0, 2, 1, 0, 0, 2, 0, 0, 2, 0, 1, 1, 0, 0, 1, 1, 0, 2, 2, 0, 2, 2, 0, 1, 2, 1, 1, 0, 0, 1, 1, 1, 1, 2, 2, 1, 1, 1, 1, 0, 0, 0, 1, 0, 1, 1, 0, 1, 1, 2, 0, 1, 1, 1]|[0, 3, 0, 2, 4, 1, 4, 4, 2, 4, 3, 2, 1, 0, 2, 1, 1, 1, 2, 1, 1, 3, 0, 1, 0, 1, 1, 4, 1, 4, 3, 2, 2, 0, 4, 1, 1, 4, 0, 1, 2, 1, 4, 4, 1, 1, 0, 2, 3, 1, 2, 1, 2, 1, 1, 2, 4, 3, 0, 2, 3, 3, 1, 0, 1, 2, 0, 1, 2, 4, 1, 3, 4, 2, 2, 4, 3, 3, 3, 1, 1, 4, 3, 4, 3, 2, 2, 2, 4, 2, 3, 3, 2, 4, 1, 1, 2, 4, 4, 4]|[0, 2, 0, 1, 3, 0, 1, 3, 0, 0, 2, 0, 1, 0, 1, 0, 0, 0, 1, 0, 0, 2, 0, 0, 1, 0, 0, 3, 0, 1, 0, 2, 0, 0, 3, 0, 1, 3, 1, 0, 0, 0, 1, 3, 0, 0, 1, 0, 2, 0, 0, 0, 0, 0, 1, 0, 1, 0, 1, 1, 2, 2, 0, 0, 0, 0, 0, 0, 0, 2, 0, 0, 1, 0, 0, 2, 0, 0, 3, 0, 0, 1, 0, 3, 0, 0, 0, 0, 3, 0, 0, 0, 0, 2, 1, 0, 0, 2, 1, 2],918.6487324495604,51628.98216776993,110307.60287220453,false
12,G3_TWC,G3_TWC,[31, 22, 82, 15, 26, 9, 95, 42, 77, 12, 47, 5, 93, 78, 86, 54, 85, 63, 18, 44, 20, 35, 43, 97, 91, 76, 10, 30, 21, 45, 71, 64, 1, 23, 17, 83, 24, 14, 60, 36, 41, 57, 40, 88, 65, 56, 79, 94, 67, 68, 46, 75, 38, 58, 19, 32, 81, 6, 27, 62, 87, 90, 99, 59, 11, 16, 72, 73, 69, 39, 37, 84, 3, 92, 25, 55, 28, 29, 51, 7, 66, 61, 98, 48, 89, 8, 33, 96, 53, 80, 50, 4, 34, 2, 52, 13, 0, 70, 74, 49]|[1, 1, 0, 1, 1, 0, 1, 2, 2, 1, 2, 2, 2, 1, 1, 0, 0, 1, 0, 2, 2, 0, 1, 2, 0, 1, 2, 2, 0, 0, 1, 2, 1, 2, 1, 0, 2, 0, 1, 1, 0, 1, 1, 1, 0, 2, 1, 1, 0, 0, 0, 0, 1, 1, 2, 1, 2, 0, 0, 0, 2, 1, 0, 1, 2, 1, 2, 1, 1, 1, 1, 1, 1, 0, 1, 1, 0, 0, 0, 1, 2, 1, 2, 0, 1, 0, 2, 0, 0, 0, 0, 0, 2, 0, 1, 0, 0, 1, 2, 0]|[4, 3, 2, 2, 4, 1, 2, 2, 2, 4, 1, 1, 2, 4, 4, 1, 2, 4, 2, 1, 1, 1, 1, 2, 1, 2, 1, 1, 1, 1, 3, 2, 3, 0, 4, 0, 1, 1, 0, 3, 2, 2, 2, 0, 1, 1, 0, 4, 0, 1, 2, 2, 1, 4, 0, 3, 2, 1, 1, 2, 1, 3, 1, 1, 1, 3, 0, 4, 3, 1, 4, 1, 1, 0, 4, 4, 2, 1, 1, 1, 1, 3, 1, 1, 1, 1, 1, 1, 2, 1, 1, 2, 1, 2, 1, 2, 2, 4, 1, 1]|[0, 2, 1, 1, 3, 0, 1, 0, 0, 0, 0, 0, 1, 0, 1, 0, 0, 3, 1, 0, 0, 0, 3, 1, 0, 2, 0, 0, 0, 1, 0, 0, 0, 0, 3, 0, 1, 0, 0, 2, 1, 1, 1, 0, 0, 0, 0, 2, 1, 0, 0, 0, 1, 3, 0, 0, 1, 0, 0, 1, 0, 2, 0, 1, 0, 2, 1, 0, 0, 1, 1, 3, 1, 1, 3, 3, 1, 0, 0, 2, 0, 0, 0, 0, 1, 0, 0, 0, 1, 0, 0, 1, 0, 0, 1, 0, 0, 2, 0, 1],828.6150361188287,57498.909092636255,92558.71763620913,false
12,G1_CMAX,G1_CMAX,[31, 22, 82, 15, 26, 9, 95, 42, 77, 12, 47, 5, 93, 78, 86, 54, 6, 63, 18, 44, 20, 35, 43, 97, 91, 76, 10, 30, 21, 45, 64, 1, 23, 17, 83, 24, 14, 60, 36, 13, 75, 46, 68, 67, 69, 79, 56, 65, 88, 40, 57, 85, 58, 19, 32, 81, 48, 27, 62, 87, 90, 99, 59, 11, 16, 72, 73, 71, 70, 39, 37, 84, 3, 98, 29, 28, 55, 25, 92, 7, 33, 61, 53, 41, 89, 50, 8, 96, 51, 80, 34, 4, 66, 2, 52, 49, 0, 94, 74, 38]|[1, 1, 0, 1, 1, 0, 1, 2, 2, 1, 2, 2, 2, 1, 1, 0, 0, 1, 0, 2, 2, 0, 1, 2, 0, 1, 2, 2, 0, 0, 2, 1, 2, 1, 0, 2, 2, 1, 1, 0, 0, 0, 0, 0, 2, 1, 2, 0, 1, 1, 1, 0, 1, 2, 1, 2, 1, 0, 0, 2, 1, 0, 1, 2, 1, 2, 1, 1, 1, 1, 1, 1, 1, 0, 0, 0, 1, 1, 0, 1, 0, 1, 0, 1, 1, 0, 1, 0, 0, 0, 2, 1, 2, 0, 1, 0, 0, 2, 2, 1]|[0, 3, 2, 2, 4, 1, 2, 2, 2, 4, 1, 1, 2, 4, 4, 1, 2, 4, 2, 1, 1, 1, 1, 2, 1, 2, 1, 1, 1, 1, 2, 3, 0, 4, 0, 1, 2, 0, 3, 2, 2, 2, 1, 0, 2, 0, 1, 1, 0, 2, 2, 2, 0, 0, 3, 2, 4, 1, 2, 2, 3, 1, 1, 1, 3, 0, 4, 3, 3, 1, 4, 1, 1, 1, 1, 2, 4, 4, 0, 1, 2, 3, 2, 4, 1, 1, 3, 1, 1, 1, 1, 4, 1, 2, 1, 1, 2, 0, 1, 1]|[0, 2, 1, 1, 3, 0, 1, 0, 0, 0, 0, 0, 1, 0, 1, 0, 1, 3, 1, 0, 0, 0, 3, 1, 0, 2, 0, 0, 0, 1, 0, 0, 0, 3, 0, 1, 1, 0, 2, 0, 0, 0, 0, 1, 0, 0, 0, 0, 0, 1, 1, 0, 3, 0, 0, 1, 2, 0, 1, 0, 2, 0, 1, 0, 2, 1, 0, 0, 0, 1, 1, 3, 1, 0, 0, 1, 3, 3, 1, 2, 1, 0, 1, 3, 1, 0, 2, 0, 0, 0, 0, 0, 0, 0, 1, 1, 0, 0, 0, 1],740.6648699319737,58392.73539943754,98914.29550102295,false
12,G4_BALANCED,G4_BALANCED,[31, 22, 82, 15, 26, 58, 95, 42, 77, 12, 47, 5, 93, 78, 86, 54, 85, 63, 18, 44, 20, 35, 43, 97, 66, 76, 10, 30, 21, 45, 71, 64, 1, 23, 17, 83, 24, 14, 60, 36, 6, 57, 40, 88, 65, 56, 79, 94, 67, 68, 46, 75, 38, 9, 19, 32, 81, 41, 27, 62, 87, 90, 99, 59, 11, 16, 72, 73, 70, 39, 37, 84, 3, 92, 25, 55, 28, 29, 51, 7, 33, 61, 98, 48, 89, 50, 8, 96, 53, 80, 4, 91, 34, 2, 52, 13, 0, 69, 74, 49]|[1, 1, 0, 1, 1, 0, 1, 2, 2, 1, 2, 2, 2, 1, 1, 0, 0, 1, 0, 2, 2, 0, 1, 2, 0, 1, 2, 2, 0, 0, 1, 2, 1, 2, 1, 0, 2, 0, 1, 1, 0, 1, 1, 1, 0, 2, 1, 1, 0, 0, 0, 0, 1, 1, 2, 1, 2, 0, 0, 0, 2, 1, 0, 1, 2, 1, 2, 1, 1, 1, 1, 1, 1, 0, 1, 2, 0, 0, 0, 1, 0, 1, 2, 0, 1, 0, 1, 0, 0, 0, 1, 2, 2, 0, 1, 0, 0, 1, 2, 0]|[4, 3, 2, 2, 4, 1, 2, 2, 2, 4, 1, 1, 2, 4, 4, 1, 2, 4, 2, 1, 1, 1, 1, 2, 1, 2, 1, 1, 1, 1, 3, 2, 3, 1, 4, 0, 1, 1, 0, 3, 2, 2, 2, 0, 1, 1, 0, 4, 0, 1, 2, 2, 1, 4, 0, 3, 2, 1, 1, 2, 1, 3, 1, 1, 1, 3, 0, 4, 3, 1, 4, 1, 1, 0, 4, 1, 2, 1, 1, 1, 2, 3, 1, 1, 1, 1, 3, 1, 2, 1, 4, 1, 1, 2, 1, 2, 2, 4, 1, 1]|[0, 2, 1, 1, 3, 0, 1, 0, 0, 0, 0, 0, 1, 0, 1, 0, 0, 3, 1, 0, 0, 0, 3, 1, 0, 2, 0, 0, 0, 1, 0, 0, 0, 0, 3, 0, 1, 0, 0, 2, 1, 1, 1, 0, 0, 0, 0, 2, 1, 0, 0, 0, 1, 3, 0, 0, 1, 0, 0, 1, 0, 2, 0, 1, 0, 2, 1, 0, 0, 1, 1, 3, 1, 1, 3, 0, 1, 0, 0, 2, 1, 0, 0, 0, 1, 0, 2, 0, 1, 0, 0, 0, 0, 0, 1, 0, 0, 2, 0, 1],793.8745454668126,56930.524821470055,94256.21632187883,false
12,G2_TEC,G2_TEC,[31, 22, 82, 15, 26, 9, 95, 42, 77, 68, 47, 5, 93, 78, 86, 54, 85, 63, 18, 44, 20, 49, 36, 14, 74, 50, 53, 17, 21, 28, 71, 64, 3, 23, 30, 83, 24, 41, 60, 52, 65, 27, 90, 70, 39, 87, 48, 69, 99, 4, 46, 1, 13, 58, 97, 59, 33, 8, 73, 37, 79, 35, 11, 66, 76, 32, 40, 80, 96, 6, 16, 61, 45, 98, 57, 81, 62, 67, 10, 7, 56, 88, 51, 19, 91, 38, 75, 92, 25, 84, 29, 12, 55, 43, 34, 2, 0, 94, 89, 72]|[2, 1, 2, 1, 1, 2, 1, 1, 1, 1, 1, 0, 2, 2, 1, 2, 0, 0, 0, 2, 2, 1, 0, 2, 0, 2, 2, 1, 0, 1, 1, 1, 0, 0, 1, 0, 2, 1, 2, 2, 0, 0, 1, 1, 0, 2, 0, 2, 1, 0, 0, 2, 0, 0, 2, 0, 1, 1, 0, 0, 1, 1, 0, 2, 2, 0, 2, 2, 0, 1, 2, 1, 1, 0, 0, 1, 1, 1, 1, 2, 2, 1, 1, 1, 1, 0, 0, 0, 1, 0, 1, 1, 0, 1, 1, 2, 0, 1, 1, 1]|[0, 3, 0, 2, 4, 1, 4, 4, 2, 4, 3, 2, 1, 0, 2, 1, 1, 1, 2, 1, 1, 3, 0, 1, 0, 1, 1, 4, 1, 4, 3, 2, 2, 0, 4, 1, 1, 4, 0, 1, 2, 1, 4, 4, 1, 1, 0, 2, 3, 1, 2, 1, 2, 1, 1, 2, 4, 3, 0, 2, 3, 3, 1, 0, 1, 2, 0, 1, 2, 4, 1, 3, 4, 2, 2, 4, 3, 3, 3, 1, 1, 4, 3, 4, 3, 2, 2, 2, 4, 2, 3, 3, 2, 4, 1, 1, 2, 4, 4, 4]|[0, 2, 0, 1, 3, 0, 1, 3, 0, 0, 2, 0, 1, 0, 1, 0, 0, 0, 1, 0, 0, 2, 0, 0, 1, 0, 0, 3, 0, 1, 0, 2, 0, 0, 3, 0, 1, 3, 1, 0, 0, 0, 1, 3, 0, 0, 1, 0, 2, 0, 0, 0, 0, 0, 1, 0, 1, 0, 1, 1, 2, 2, 0, 0, 0, 0, 0, 0, 0, 2, 0, 0, 1, 0, 0, 2, 0, 0, 3, 0, 0, 1, 0, 3, 0, 0, 0, 0, 3, 0, 0, 0, 0, 2, 1, 0, 0, 2, 1, 2],918.6487324495604,51628.98216776993,110307.60287220453,false
12,G3_TWC,G3_TWC,[31, 22, 82, 15, 26, 9, 95, 42, 77, 12, 47, 5, 93, 78, 86, 54, 85, 63, 18, 44, 20, 35, 43, 97, 91, 76, 10, 30, 21, 45, 71, 64, 1, 23, 17, 83, 24, 14, 60, 36, 41, 57, 40, 88, 65, 56, 79, 94, 67, 68, 46, 75, 38, 58, 19, 32, 81, 6, 27, 62, 87, 90, 99, 59, 11, 16, 72, 73, 69, 39, 37, 84, 3, 92, 25, 55, 28, 29, 51, 7, 66, 61, 98, 48, 89, 8, 33, 96, 53, 80, 50, 4, 34, 2, 52, 13, 0, 70, 74, 49]|[1, 1, 0, 1, 1, 0, 1, 2, 2, 1, 2, 2, 2, 1, 1, 0, 0, 1, 0, 2, 2, 0, 1, 2, 0, 1, 2, 2, 0, 0, 1, 2, 1, 2, 1, 0, 2, 0, 1, 1, 0, 1, 1, 1, 0, 2, 1, 1, 0, 0, 0, 0, 1, 1, 2, 1, 2, 0, 0, 0, 2, 1, 0, 1, 2, 1, 2, 1, 1, 1, 1, 1, 1, 0, 1, 1, 0, 0, 0, 1, 2, 1, 2, 0, 1, 0, 2, 0, 0, 0, 0, 0, 2, 0, 1, 0, 0, 1, 2, 0]|[4, 3, 2, 2, 4, 1, 2, 2, 2, 4, 1, 1, 2, 4, 4, 1, 2, 4, 2, 1, 1, 1, 1, 2, 1, 2, 1, 1, 1, 1, 3, 2, 3, 0, 4, 0, 1, 1, 0, 3, 2, 2, 2, 0, 1, 1, 0, 4, 0, 1, 2, 2, 1, 4, 0, 3, 2, 1, 1, 2, 1, 3, 1, 1, 1, 3, 0, 4, 3, 1, 4, 1, 1, 0, 4, 4, 2, 1, 1, 1, 1, 3, 1, 1, 1, 1, 1, 1, 2, 1, 1, 2, 1, 2, 1, 2, 2, 4, 1, 1]|[0, 2, 1, 1, 3, 0, 1, 0, 0, 0, 0, 0, 1, 0, 1, 0, 0, 3, 1, 0, 0, 0, 3, 1, 0, 2, 0, 0, 0, 1, 0, 0, 0, 0, 3, 0, 1, 0, 0, 2, 1, 1, 1, 0, 0, 0, 0, 2, 1, 0, 0, 0, 1, 3, 0, 0, 1, 0, 0, 1, 0, 2, 0, 1, 0, 2, 1, 0, 0, 1, 1, 3, 1, 1, 3, 3, 1, 0, 0, 2, 0, 0, 0, 0, 1, 0, 0, 0, 1, 0, 0, 1, 0, 0, 1, 0, 0, 2, 0, 1],828.6150361188287,57498.909092636255,92558.71763620913,false
12,G1_CMAX,G1_CMAX,[31, 22, 82, 15, 26, 9, 95, 42, 77, 12, 47, 5, 93, 78, 86, 54, 6, 63, 18, 44, 20, 35, 43, 97, 91, 76, 10, 30, 21, 45, 64, 1, 23, 17, 83, 24, 14, 60, 36, 13, 75, 46, 68, 67, 69, 79, 56, 65, 88, 40, 57, 85, 58, 19, 32, 81, 48, 27, 62, 87, 90, 99, 59, 11, 16, 72, 73, 71, 70, 39, 37, 84, 3, 98, 29, 28, 55, 25, 92, 7, 33, 61, 53, 41, 89, 50, 8, 96, 51, 80, 34, 4, 66, 2, 52, 49, 0, 94, 74, 38]|[1, 1, 0, 1, 1, 0, 1, 2, 2, 1, 2, 2, 2, 1, 1, 0, 0, 1, 0, 2, 2, 0, 1, 2, 0, 1, 2, 2, 0, 0, 2, 1, 2, 1, 0, 2, 2, 1, 1, 0, 0, 0, 0, 0, 2, 1, 2, 0, 1, 1, 1, 0, 1, 2, 1, 2, 1, 0, 0, 2, 1, 0, 1, 2, 1, 2, 1, 1, 1, 1, 1, 1, 1, 0, 0, 0, 1, 1, 0, 1, 0, 1, 0, 1, 1, 0, 1, 0, 0, 0, 2, 1, 2, 0, 1, 0, 0, 2, 2, 1]|[0, 3, 2, 2, 4, 1, 2, 2, 2, 4, 1, 1, 2, 4, 4, 1, 2, 4, 2, 1, 1, 1, 1, 2, 1, 2, 1, 1, 1, 1, 2, 3, 0, 4, 0, 1, 2, 0, 3, 2, 2, 2, 1, 0, 2, 0, 1, 1, 0, 2, 2, 2, 0, 0, 3, 2, 4, 1, 2, 2, 3, 1, 1, 1, 3, 0, 4, 3, 3, 1, 4, 1, 1, 1, 1, 2, 4, 4, 0, 1, 2, 3, 2, 4, 1, 1, 3, 1, 1, 1, 1, 4, 1, 2, 1, 1, 2, 0, 1, 1]|[0, 2, 1, 1, 3, 0, 1, 0, 0, 0, 0, 0, 1, 0, 1, 0, 1, 3, 1, 0, 0, 0, 3, 1, 0, 2, 0, 0, 0, 1, 0, 0, 0, 3, 0, 1, 1, 0, 2, 0, 0, 0, 0, 1, 0, 0, 0, 0, 0, 1, 1, 0, 3, 0, 0, 1, 2, 0, 1, 0, 2, 0, 1, 0, 2, 1, 0, 0, 0, 1, 1, 3, 1, 0, 0, 1, 3, 3, 1, 2, 1, 0, 1, 3, 1, 0, 2, 0, 0, 0, 0, 0, 0, 0, 1, 1, 0, 0, 0, 1],740.6648699319737,58392.73539943754,98914.29550102295,false
12,G4_BALANCED,G4_BALANCED,[31, 22, 82, 15, 26, 58, 95, 42, 77, 12, 47, 5, 93, 78, 86, 54, 85, 63, 18, 44, 20, 35, 43, 97, 66, 76, 10, 30, 21, 45, 71, 64, 1, 23, 17, 83, 24, 14, 60, 36, 6, 57, 40, 88, 65, 56, 79, 94, 67, 68, 46, 75, 38, 9, 19, 32, 81, 41, 27, 62, 87, 90, 99, 59, 11, 16, 72, 73, 70, 39, 37, 84, 3, 92, 25, 55, 28, 29, 51, 7, 33, 61, 98, 48, 89, 50, 8, 96, 53, 80, 4, 91, 34, 2, 52, 13, 0, 69, 74, 49]|[1, 1, 0, 1, 1, 0, 1, 2, 2, 1, 2, 2, 2, 1, 1, 0, 0, 1, 0, 2, 2, 0, 1, 2, 0, 1, 2, 2, 0, 0, 1, 2, 1, 2, 1, 0, 2, 0, 1, 1, 0, 1, 1, 1, 0, 2, 1, 1, 0, 0, 0, 0, 1, 1, 2, 1, 2, 0, 0, 0, 2, 1, 0, 1, 2, 1, 2, 1, 1, 1, 1, 1, 1, 0, 1, 2, 0, 0, 0, 1, 0, 1, 2, 0, 1, 0, 1, 0, 0, 0, 1, 2, 2, 0, 1, 0, 0, 1, 2, 0]|[4, 3, 2, 2, 4, 1, 2, 2, 2, 4, 1, 1, 2, 4, 4, 1, 2, 4, 2, 1, 1, 1, 1, 2, 1, 2, 1, 1, 1, 1, 3, 2, 3, 1, 4, 0, 1, 1, 0, 3, 2, 2, 2, 0, 1, 1, 0, 4, 0, 1, 2, 2, 1, 4, 0, 3, 2, 1, 1, 2, 1, 3, 1, 1, 1, 3, 0, 4, 3, 1, 4, 1, 1, 0, 4, 1, 2, 1, 1, 1, 2, 3, 1, 1, 1, 1, 3, 1, 2, 1, 4, 1, 1, 2, 1, 2, 2, 4, 1, 1]|[0, 2, 1, 1, 3, 0, 1, 0, 0, 0, 0, 0, 1, 0, 1, 0, 0, 3, 1, 0, 0, 0, 3, 1, 0, 2, 0, 0, 0, 1, 0, 0, 0, 0, 3, 0, 1, 0, 0, 2, 1, 1, 1, 0, 0, 0, 0, 2, 1, 0, 0, 0, 1, 3, 0, 0, 1, 0, 0, 1, 0, 2, 0, 1, 0, 2, 1, 0, 0, 1, 1, 3, 1, 1, 3, 0, 1, 0, 0, 2, 1, 0, 0, 0, 1, 0, 2, 0, 1, 0, 0, 0, 0, 0, 1, 0, 0, 2, 0, 1],793.8745454668126,56930.524821470055,94256.21632187883,false
12,G2_TEC,G2_TEC,[31, 22, 82, 15, 26, 9, 95, 42, 77, 68, 47, 5, 93, 78, 86, 54, 85, 63, 18, 44, 20, 49, 36, 14, 74, 50, 53, 17, 21, 28, 71, 64, 3, 23, 30, 83, 24, 41, 60, 52, 65, 27, 90, 70, 39, 87, 48, 69, 99, 4, 46, 1, 13, 58, 97, 59, 33, 8, 73, 37, 79, 35, 11, 66, 76, 32, 40, 80, 96, 6, 16, 61, 45, 98, 57, 81, 62, 67, 10, 7, 56, 88, 51, 19, 91, 38, 75, 92, 25, 84, 29, 12, 55, 43, 34, 2, 0, 94, 89, 72]|[2, 1, 2, 1, 1, 2, 1, 1, 1, 1, 1, 0, 2, 2, 1, 2, 0, 0, 0, 2, 2, 1, 0, 2, 0, 2, 2, 1, 0, 1, 1, 1, 0, 0, 1, 0, 2, 1, 2, 2, 0, 0, 1, 1, 0, 2, 0, 2, 1, 0, 0, 2, 0, 0, 2, 0, 1, 1, 0, 0, 1, 1, 0, 2, 2, 0, 2, 2, 0, 1, 2, 1, 1, 0, 0, 1, 1, 1, 1, 2, 2, 1, 1, 1, 1, 0, 0, 0, 1, 0, 1, 1, 0, 1, 1, 2, 0, 1, 1, 1]|[0, 3, 0, 2, 4, 1, 4, 4, 2, 4, 3, 2, 1, 0, 2, 1, 1, 1, 2, 1, 1, 3, 0, 1, 0, 1, 1, 4, 1, 4, 3, 2, 2, 0, 4, 1, 1, 4, 0, 1, 2, 1, 4, 4, 1, 1, 0, 2, 3, 1, 2, 1, 2, 1, 1, 2, 4, 3, 0, 2, 3, 3, 1, 0, 1, 2, 0, 1, 2, 4, 1, 3, 4, 2, 2, 4, 3, 3, 3, 1, 1, 4, 3, 4, 3, 2, 2, 2, 4, 2, 3, 3, 2, 4, 1, 1, 2, 4, 4, 4]|[0, 2, 0, 1, 3, 0, 1, 3, 0, 0, 2, 0, 1, 0, 1, 0, 0, 0, 1, 0, 0, 2, 0, 0, 1, 0, 0, 3, 0, 1, 0, 2, 0, 0, 3, 0, 1, 3, 1, 0, 0, 0, 1, 3, 0, 0, 1, 0, 2, 0, 0, 0, 0, 0, 1, 0, 1, 0, 1, 1, 2, 2, 0, 0, 0, 0, 0, 0, 0, 2, 0, 0, 1, 0, 0, 2, 0, 0, 3, 0, 0, 1, 0, 3, 0, 0, 0, 0, 3, 0, 0, 0, 0, 2, 1, 0, 0, 2, 1, 2],918.6487324495604,51628.98216776993,110307.60287220453,false
12,G3_TWC,G3_TWC,[31, 22, 82, 15, 26, 9, 95, 42, 77, 12, 47, 5, 93, 78, 86, 54, 85, 63, 18, 44, 20, 35, 43, 97, 91, 76, 10, 30, 21, 45, 71, 64, 1, 23, 17, 83, 24, 14, 60, 36, 41, 57, 40, 88, 65, 56, 79, 94, 67, 68, 46, 75, 38, 58, 19, 32, 81, 6, 27, 62, 87, 90, 99, 59, 11, 16, 72, 73, 69, 39, 37, 84, 3, 92, 25, 55, 28, 29, 51, 7, 66, 61, 98, 48, 89, 8, 33, 96, 53, 80, 50, 4, 34, 2, 52, 13, 0, 70, 74, 49]|[1, 1, 0, 1, 1, 0, 1, 2, 2, 1, 2, 2, 2, 1, 1, 0, 0, 1, 0, 2, 2, 0, 1, 2, 0, 1, 2, 2, 0, 0, 1, 2, 1, 2, 1, 0, 2, 0, 1, 1, 0, 1, 1, 1, 0, 2, 1, 1, 0, 0, 0, 0, 1, 1, 2, 1, 2, 0, 0, 0, 2, 1, 0, 1, 2, 1, 2, 1, 1, 1, 1, 1, 1, 0, 1, 1, 0, 0, 0, 1, 2, 1, 2, 0, 1, 0, 2, 0, 0, 0, 0, 0, 2, 0, 1, 0, 0, 1, 2, 0]|[4, 3, 2, 2, 4, 1, 2, 2, 2, 4, 1, 1, 2, 4, 4, 1, 2, 4, 2, 1, 1, 1, 1, 2, 1, 2, 1, 1, 1, 1, 3, 2, 3, 0, 4, 0, 1, 1, 0, 3, 2, 2, 2, 0, 1, 1, 0, 4, 0, 1, 2, 2, 1, 4, 0, 3, 2, 1, 1, 2, 1, 3, 1, 1, 1, 3, 0, 4, 3, 1, 4, 1, 1, 0, 4, 4, 2, 1, 1, 1, 1, 3, 1, 1, 1, 1, 1, 1, 2, 1, 1, 2, 1, 2, 1, 2, 2, 4, 1, 1]|[0, 2, 1, 1, 3, 0, 1, 0, 0, 0, 0, 0, 1, 0, 1, 0, 0, 3, 1, 0, 0, 0, 3, 1, 0, 2, 0, 0, 0, 1, 0, 0, 0, 0, 3, 0, 1, 0, 0, 2, 1, 1, 1, 0, 0, 0, 0, 2, 1, 0, 0, 0, 1, 3, 0, 0, 1, 0, 0, 1, 0, 2, 0, 1, 0, 2, 1, 0, 0, 1, 1, 3, 1, 1, 3, 3, 1, 0, 0, 2, 0, 0, 0, 0, 1, 0, 0, 0, 1, 0, 0, 1, 0, 0, 1, 0, 0, 2, 0, 1],828.6150361188287,57498.909092636255,92558.71763620913,false
12,G1_CMAX,G1_CMAX,[31, 22, 82, 15, 26, 9, 95, 42, 77, 12, 47, 5, 93, 78, 86, 54, 6, 63, 18, 44, 20, 35, 43, 97, 91, 76, 10, 30, 21, 45, 64, 1, 23, 17, 83, 24, 14, 60, 36, 13, 75, 46, 68, 67, 69, 79, 56, 65, 88, 40, 57, 85, 58, 19, 32, 81, 48, 27, 62, 87, 90, 99, 59, 11, 16, 72, 73, 71, 70, 39, 37, 84, 3, 98, 29, 28, 55, 25, 92, 7, 33, 61, 53, 41, 89, 50, 8, 96, 51, 80, 34, 4, 66, 2, 52, 49, 0, 94, 74, 38]|[1, 1, 0, 1, 1, 0, 1, 2, 2, 1, 2, 2, 2, 1, 1, 0, 0, 1, 0, 2, 2, 0, 1, 2, 0, 1, 2, 2, 0, 0, 2, 1, 2, 1, 0, 2, 2, 1, 1, 0, 0, 0, 0, 0, 2, 1, 2, 0, 1, 1, 1, 0, 1, 2, 1, 2, 1, 0, 0, 2, 1, 0, 1, 2, 1, 2, 1, 1, 1, 1, 1, 1, 1, 0, 0, 0, 1, 1, 0, 1, 0, 1, 0, 1, 1, 0, 1, 0, 0, 0, 2, 1, 2, 0, 1, 0, 0, 2, 2, 1]|[0, 3, 2, 2, 4, 1, 2, 2, 2, 4, 1, 1, 2, 4, 4, 1, 2, 4, 2, 1, 1, 1, 1, 2, 1, 2, 1, 1, 1, 1, 2, 3, 0, 4, 0, 1, 2, 0, 3, 2, 2, 2, 1, 0, 2, 0, 1, 1, 0, 2, 2, 2, 0, 0, 3, 2, 4, 1, 2, 2, 3, 1, 1, 1, 3, 0, 4, 3, 3, 1, 4, 1, 1, 1, 1, 2, 4, 4, 0, 1, 2, 3, 2, 4, 1, 1, 3, 1, 1, 1, 1, 4, 1, 2, 1, 1, 2, 0, 1, 1]|[0, 2, 1, 1, 3, 0, 1, 0, 0, 0, 0, 0, 1, 0, 1, 0, 1, 3, 1, 0, 0, 0, 3, 1, 0, 2, 0, 0, 0, 1, 0, 0, 0, 3, 0, 1, 1, 0, 2, 0, 0, 0, 0, 1, 0, 0, 0, 0, 0, 1, 1, 0, 3, 0, 0, 1, 2, 0, 1, 0, 2, 0, 1, 0, 2, 1, 0, 0, 0, 1, 1, 3, 1, 0, 0, 1, 3, 3, 1, 2, 1, 0, 1, 3, 1, 0, 2, 0, 0, 0, 0, 0, 0, 0, 1, 1, 0, 0, 0, 1],740.6648699319737,58392.73539943754,98914.29550102295,false
12,G4_BALANCED,G4_BALANCED,[31, 22, 82, 15, 26, 58, 95, 42, 77, 12, 47, 5, 93, 78, 86, 54, 85, 63, 18, 44, 20, 35, 43, 97, 66, 76, 10, 30, 21, 45, 71, 64, 1, 23, 17, 83, 24, 14, 60, 36, 6, 57, 40, 88, 65, 56, 79, 94, 67, 68, 46, 75, 38, 9, 19, 32, 81, 41, 27, 62, 87, 90, 99, 59, 11, 16, 72, 73, 70, 39, 37, 84, 3, 92, 25, 55, 28, 29, 51, 7, 33, 61, 98, 48, 89, 50, 8, 96, 53, 80, 4, 91, 34, 2, 52, 13, 0, 69, 74, 49]|[1, 1, 0, 1, 1, 0, 1, 2, 2, 1, 2, 2, 2, 1, 1, 0, 0, 1, 0, 2, 2, 0, 1, 2, 0, 1, 2, 2, 0, 0, 1, 2, 1, 2, 1, 0, 2, 0, 1, 1, 0, 1, 1, 1, 0, 2, 1, 1, 0, 0, 0, 0, 1, 1, 2, 1, 2, 0, 0, 0, 2, 1, 0, 1, 2, 1, 2, 1, 1, 1, 1, 1, 1, 0, 1, 2, 0, 0, 0, 1, 0, 1, 2, 0, 1, 0, 1, 0, 0, 0, 1, 2, 2, 0, 1, 0, 0, 1, 2, 0]|[4, 3, 2, 2, 4, 1, 2, 2, 2, 4, 1, 1, 2, 4, 4, 1, 2, 4, 2, 1, 1, 1, 1, 2, 1, 2, 1, 1, 1, 1, 3, 2, 3, 1, 4, 0, 1, 1, 0, 3, 2, 2, 2, 0, 1, 1, 0, 4, 0, 1, 2, 2, 1, 4, 0, 3, 2, 1, 1, 2, 1, 3, 1, 1, 1, 3, 0, 4, 3, 1, 4, 1, 1, 0, 4, 1, 2, 1, 1, 1, 2, 3, 1, 1, 1, 1, 3, 1, 2, 1, 4, 1, 1, 2, 1, 2, 2, 4, 1, 1]|[0, 2, 1, 1, 3, 0, 1, 0, 0, 0, 0, 0, 1, 0, 1, 0, 0, 3, 1, 0, 0, 0, 3, 1, 0, 2, 0, 0, 0, 1, 0, 0, 0, 0, 3, 0, 1, 0, 0, 2, 1, 1, 1, 0, 0, 0, 0, 2, 1, 0, 0, 0, 1, 3, 0, 0, 1, 0, 0, 1, 0, 2, 0, 1, 0, 2, 1, 0, 0, 1, 1, 3, 1, 1, 3, 0, 1, 0, 0, 2, 1, 0, 0, 0, 1, 0, 2, 0, 1, 0, 0, 0, 0, 0, 1, 0, 0, 2, 0, 1],793.8745454668126,56930.524821470055,94256.21632187883,false
12,G2_TEC,G2_TEC,[31, 22, 82, 15, 26, 9, 95, 42, 77, 68, 47, 5, 93, 78, 86, 54, 85, 63, 18, 44, 20, 49, 36, 14, 74, 50, 53, 17, 21, 28, 71, 64, 3, 23, 30, 83, 24, 41, 60, 52, 65, 27, 90, 70, 39, 87, 48, 69, 99, 4, 46, 1, 13, 58, 97, 59, 33, 8, 73, 37, 79, 35, 11, 66, 76, 32, 40, 80, 96, 6, 16, 61, 45, 98, 57, 81, 62, 67, 10, 7, 56, 88, 51, 19, 91, 38, 75, 92, 25, 84, 29, 12, 55, 43, 34, 2, 0, 94, 89, 72]|[2, 1, 2, 1, 1, 2, 1, 1, 1, 1, 1, 0, 2, 2, 1, 2, 0, 0, 0, 2, 2, 1, 0, 2, 0, 2, 2, 1, 0, 1, 1, 1, 0, 0, 1, 0, 2, 1, 2, 2, 0, 0, 1, 1, 0, 2, 0, 2, 1, 0, 0, 2, 0, 0, 2, 0, 1, 1, 0, 0, 1, 1, 0, 2, 2, 0, 2, 2, 0, 1, 2, 1, 1, 0, 0, 1, 1, 1, 1, 2, 2, 1, 1, 1, 1, 0, 0, 0, 1, 0, 1, 1, 0, 1, 1, 2, 0, 1, 1, 1]|[0, 3, 0, 2, 4, 1, 4, 4, 2, 4, 3, 2, 1, 0, 2, 1, 1, 1, 2, 1, 1, 3, 0, 1, 0, 1, 1, 4, 1, 4, 3, 2, 2, 0, 4, 1, 1, 4, 0, 1, 2, 1, 4, 4, 1, 1, 0, 2, 3, 1, 2, 1, 2, 1, 1, 2, 4, 3, 0, 2, 3, 3, 1, 0, 1, 2, 0, 1, 2, 4, 1, 3, 4, 2, 2, 4, 3, 3, 3, 1, 1, 4, 3, 4, 3, 2, 2, 2, 4, 2, 3, 3, 2, 4, 1, 1, 2, 4, 4, 4]|[0, 2, 0, 1, 3, 0, 1, 3, 0, 0, 2, 0, 1, 0, 1, 0, 0, 0, 1, 0, 0, 2, 0, 0, 1, 0, 0, 3, 0, 1, 0, 2, 0, 0, 3, 0, 1, 3, 1, 0, 0, 0, 1, 3, 0, 0, 1, 0, 2, 0, 0, 0, 0, 0, 1, 0, 1, 0, 1, 1, 2, 2, 0, 0, 0, 0, 0, 0, 0, 2, 0, 0, 1, 0, 0, 2, 0, 0, 3, 0, 0, 1, 0, 3, 0, 0, 0, 0, 3, 0, 0, 0, 0, 2, 1, 0, 0, 2, 1, 2],918.6487324495604,51628.98216776993,110307.60287220453,false
12,G3_TWC,G3_TWC,[31, 22, 82, 15, 26, 9, 95, 42, 77, 12, 47, 5, 93, 78, 86, 54, 85, 63, 18, 44, 20, 35, 43, 97, 91, 76, 10, 30, 21, 45, 71, 64, 1, 23, 17, 83, 24, 14, 60, 36, 41, 57, 40, 88, 65, 56, 79, 94, 67, 68, 46, 75, 38, 58, 19, 32, 81, 6, 27, 62, 87, 90, 99, 59, 11, 16, 72, 73, 69, 39, 37, 84, 3, 92, 25, 55, 28, 29, 51, 7, 66, 61, 98, 48, 89, 8, 33, 96, 53, 80, 50, 4, 34, 2, 52, 13, 0, 70, 74, 49]|[1, 1, 0, 1, 1, 0, 1, 2, 2, 1, 2, 2, 2, 1, 1, 0, 0, 1, 0, 2, 2, 0, 1, 2, 0, 1, 2, 2, 0, 0, 1, 2, 1, 2, 1, 0, 2, 0, 1, 1, 0, 1, 1, 1, 0, 2, 1, 1, 0, 0, 0, 0, 1, 1, 2, 1, 2, 0, 0, 0, 2, 1, 0, 1, 2, 1, 2, 1, 1, 1, 1, 1, 1, 0, 1, 1, 0, 0, 0, 1, 2, 1, 2, 0, 1, 0, 2, 0, 0, 0, 0, 0, 2, 0, 1, 0, 0, 1, 2, 0]|[4, 3, 2, 2, 4, 1, 2, 2, 2, 4, 1, 1, 2, 4, 4, 1, 2, 4, 2, 1, 1, 1, 1, 2, 1, 2, 1, 1, 1, 1, 3, 2, 3, 0, 4, 0, 1, 1, 0, 3, 2, 2, 2, 0, 1, 1, 0, 4, 0, 1, 2, 2, 1, 4, 0, 3, 2, 1, 1, 2, 1, 3, 1, 1, 1, 3, 0, 4, 3, 1, 4, 1, 1, 0, 4, 4, 2, 1, 1, 1, 1, 3, 1, 1, 1, 1, 1, 1, 2, 1, 1, 2, 1, 2, 1, 2, 2, 4, 1, 1]|[0, 2, 1, 1, 3, 0, 1, 0, 0, 0, 0, 0, 1, 0, 1, 0, 0, 3, 1, 0, 0, 0, 3, 1, 0, 2, 0, 0, 0, 1, 0, 0, 0, 0, 3, 0, 1, 0, 0, 2, 1, 1, 1, 0, 0, 0, 0, 2, 1, 0, 0, 0, 1, 3, 0, 0, 1, 0, 0, 1, 0, 2, 0, 1, 0, 2, 1, 0, 0, 1, 1, 3, 1, 1, 3, 3, 1, 0, 0, 2, 0, 0, 0, 0, 1, 0, 0, 0, 1, 0, 0, 1, 0, 0, 1, 0, 0, 2, 0, 1],828.6150361188287,57498.909092636255,92558.71763620913,false
12,G1_CMAX,G1_CMAX,[31, 22, 82, 15, 26, 9, 95, 42, 77, 12, 47, 5, 93, 78, 86, 54, 6, 63, 18, 44, 20, 35, 43, 97, 91, 76, 10, 30, 21, 45, 64, 1, 23, 17, 83, 24, 14, 60, 36, 13, 75, 46, 68, 67, 69, 79, 56, 65, 88, 40, 57, 85, 58, 19, 32, 81, 48, 27, 62, 87, 90, 99, 59, 11, 16, 72, 73, 71, 70, 39, 37, 84, 3, 98, 29, 28, 55, 25, 92, 7, 33, 61, 53, 41, 89, 50, 8, 96, 51, 80, 34, 4, 66, 2, 52, 49, 0, 94, 74, 38]|[1, 1, 0, 1, 1, 0, 1, 2, 2, 1, 2, 2, 2, 1, 1, 0, 0, 1, 0, 2, 2, 0, 1, 2, 0, 1, 2, 2, 0, 0, 2, 1, 2, 1, 0, 2, 2, 1, 1, 0, 0, 0, 0, 0, 2, 1, 2, 0, 1, 1, 1, 0, 1, 2, 1, 2, 1, 0, 0, 2, 1, 0, 1, 2, 1, 2, 1, 1, 1, 1, 1, 1, 1, 0, 0, 0, 1, 1, 0, 1, 0, 1, 0, 1, 1, 0, 1, 0, 0, 0, 2, 1, 2, 0, 1, 0, 0, 2, 2, 1]|[0, 3, 2, 2, 4, 1, 2, 2, 2, 4, 1, 1, 2, 4, 4, 1, 2, 4, 2, 1, 1, 1, 1, 2, 1, 2, 1, 1, 1, 1, 2, 3, 0, 4, 0, 1, 2, 0, 3, 2, 2, 2, 1, 0, 2, 0, 1, 1, 0, 2, 2, 2, 0, 0, 3, 2, 4, 1, 2, 2, 3, 1, 1, 1, 3, 0, 4, 3, 3, 1, 4, 1, 1, 1, 1, 2, 4, 4, 0, 1, 2, 3, 2, 4, 1, 1, 3, 1, 1, 1, 1, 4, 1, 2, 1, 1, 2, 0, 1, 1]|[0, 2, 1, 1, 3, 0, 1, 0, 0, 0, 0, 0, 1, 0, 1, 0, 1, 3, 1, 0, 0, 0, 3, 1, 0, 2, 0, 0, 0, 1, 0, 0, 0, 3, 0, 1, 1, 0, 2, 0, 0, 0, 0, 1, 0, 0, 0, 0, 0, 1, 1, 0, 3, 0, 0, 1, 2, 0, 1, 0, 2, 0, 1, 0, 2, 1, 0, 0, 0, 1, 1, 3, 1, 0, 0, 1, 3, 3, 1, 2, 1, 0, 1, 3, 1, 0, 2, 0, 0, 0, 0, 0, 0, 0, 1, 1, 0, 0, 0, 1],740.6648699319737,58392.73539943754,98914.29550102295,false
12,G4_BALANCED,G4_BALANCED,[31, 22, 82, 15, 26, 58, 95, 42, 77, 12, 47, 5, 93, 78, 86, 54, 85, 63, 18, 44, 20, 35, 43, 97, 66, 76, 10, 30, 21, 45, 71, 64, 1, 23, 17, 83, 24, 14, 60, 36, 6, 57, 40, 88, 65, 56, 79, 94, 67, 68, 46, 75, 38, 9, 19, 32, 81, 41, 27, 62, 87, 90, 99, 59, 11, 16, 72, 73, 70, 39, 37, 84, 3, 92, 25, 55, 28, 29, 51, 7, 33, 61, 98, 48, 89, 50, 8, 96, 53, 80, 4, 91, 34, 2, 52, 13, 0, 69, 74, 49]|[1, 1, 0, 1, 1, 0, 1, 2, 2, 1, 2, 2, 2, 1, 1, 0, 0, 1, 0, 2, 2, 0, 1, 2, 0, 1, 2, 2, 0, 0, 1, 2, 1, 2, 1, 0, 2, 0, 1, 1, 0, 1, 1, 1, 0, 2, 1, 1, 0, 0, 0, 0, 1, 1, 2, 1, 2, 0, 0, 0, 2, 1, 0, 1, 2, 1, 2, 1, 1, 1, 1, 1, 1, 0, 1, 2, 0, 0, 0, 1, 0, 1, 2, 0, 1, 0, 1, 0, 0, 0, 1, 2, 2, 0, 1, 0, 0, 1, 2, 0]|[4, 3, 2, 2, 4, 1, 2, 2, 2, 4, 1, 1, 2, 4, 4, 1, 2, 4, 2, 1, 1, 1, 1, 2, 1, 2, 1, 1, 1, 1, 3, 2, 3, 1, 4, 0, 1, 1, 0, 3, 2, 2, 2, 0, 1, 1, 0, 4, 0, 1, 2, 2, 1, 4, 0, 3, 2, 1, 1, 2, 1, 3, 1, 1, 1, 3, 0, 4, 3, 1, 4, 1, 1, 0, 4, 1, 2, 1, 1, 1, 2, 3, 1, 1, 1, 1, 3, 1, 2, 1, 4, 1, 1, 2, 1, 2, 2, 4, 1, 1]|[0, 2, 1, 1, 3, 0, 1, 0, 0, 0, 0, 0, 1, 0, 1, 0, 0, 3, 1, 0, 0, 0, 3, 1, 0, 2, 0, 0, 0, 1, 0, 0, 0, 0, 3, 0, 1, 0, 0, 2, 1, 1, 1, 0, 0, 0, 0, 2, 1, 0, 0, 0, 1, 3, 0, 0, 1, 0, 0, 1, 0, 2, 0, 1, 0, 2, 1, 0, 0, 1, 1, 3, 1, 1, 3, 0, 1, 0, 0, 2, 1, 0, 0, 0, 1, 0, 2, 0, 1, 0, 0, 0, 0, 0, 1, 0, 0, 2, 0, 1],793.8745454668126,56930.524821470055,94256.21632187883,false
12,G2_TEC,G2_TEC,[31, 22, 82, 15, 26, 9, 95, 42, 77, 68, 47, 5, 93, 78, 86, 54, 85, 63, 18, 44, 20, 49, 36, 14, 74, 50, 53, 17, 21, 28, 71, 64, 3, 23, 30, 83, 24, 41, 60, 52, 65, 27, 90, 70, 39, 87, 48, 69, 99, 4, 46, 1, 13, 58, 97, 59, 33, 8, 73, 37, 79, 35, 11, 66, 76, 32, 40, 80, 96, 6, 16, 61, 45, 98, 57, 81, 62, 67, 10, 7, 56, 88, 51, 19, 91, 38, 75, 92, 25, 84, 29, 12, 55, 43, 34, 2, 0, 94, 89, 72]|[2, 1, 2, 1, 1, 2, 1, 1, 1, 1, 1, 0, 2, 2, 1, 2, 0, 0, 0, 2, 2, 1, 0, 2, 0, 2, 2, 1, 0, 1, 1, 1, 0, 0, 1, 0, 2, 1, 2, 2, 0, 0, 1, 1, 0, 2, 0, 2, 1, 0, 0, 2, 0, 0, 2, 0, 1, 1, 0, 0, 1, 1, 0, 2, 2, 0, 2, 2, 0, 1, 2, 1, 1, 0, 0, 1, 1, 1, 1, 2, 2, 1, 1, 1, 1, 0, 0, 0, 1, 0, 1, 1, 0, 1, 1, 2, 0, 1, 1, 1]|[0, 3, 0, 2, 4, 1, 4, 4, 2, 4, 3, 2, 1, 0, 2, 1, 1, 1, 2, 1, 1, 3, 0, 1, 0, 1, 1, 4, 1, 4, 3, 2, 2, 0, 4, 1, 1, 4, 0, 1, 2, 1, 4, 4, 1, 1, 0, 2, 3, 1, 2, 1, 2, 1, 1, 2, 4, 3, 0, 2, 3, 3, 1, 0, 1, 2, 0, 1, 2, 4, 1, 3, 4, 2, 2, 4, 3, 3, 3, 1, 1, 4, 3, 4, 3, 2, 2, 2, 4, 2, 3, 3, 2, 4, 1, 1, 2, 4, 4, 4]|[0, 2, 0, 1, 3, 0, 1, 3, 0, 0, 2, 0, 1, 0, 1, 0, 0, 0, 1, 0, 0, 2, 0, 0, 1, 0, 0, 3, 0, 1, 0, 2, 0, 0, 3, 0, 1, 3, 1, 0, 0, 0, 1, 3, 0, 0, 1, 0, 2, 0, 0, 0, 0, 0, 1, 0, 1, 0, 1, 1, 2, 2, 0, 0, 0, 0, 0, 0, 0, 2, 0, 0, 1, 0, 0, 2, 0, 0, 3, 0, 0, 1, 0, 3, 0, 0, 0, 0, 3, 0, 0, 0, 0, 2, 1, 0, 0, 2, 1, 2],918.6487324495604,51628.98216776993,110307.60287220453,false
12,G3_TWC,G3_TWC,[31, 22, 82, 15, 26, 9, 95, 42, 77, 12, 47, 5, 93, 78, 86, 54, 85, 63, 18, 44, 20, 35, 43, 97, 91, 76, 10, 30, 21, 45, 71, 64, 1, 23, 17, 83, 24, 14, 60, 36, 41, 57, 40, 88, 65, 56, 79, 94, 67, 68, 46, 75, 38, 58, 19, 32, 81, 6, 27, 62, 87, 90, 99, 59, 11, 16, 72, 73, 69, 39, 37, 84, 3, 92, 25, 55, 28, 29, 51, 7, 66, 61, 98, 48, 89, 8, 33, 96, 53, 80, 50, 4, 34, 2, 52, 13, 0, 70, 74, 49]|[1, 1, 0, 1, 1, 0, 1, 2, 2, 1, 2, 2, 2, 1, 1, 0, 0, 1, 0, 2, 2, 0, 1, 2, 0, 1, 2, 2, 0, 0, 1, 2, 1, 2, 1, 0, 2, 0, 1, 1, 0, 1, 1, 1, 0, 2, 1, 1, 0, 0, 0, 0, 1, 1, 2, 1, 2, 0, 0, 0, 2, 1, 0, 1, 2, 1, 2, 1, 1, 1, 1, 1, 1, 0, 1, 1, 0, 0, 0, 1, 2, 1, 2, 0, 1, 0, 2, 0, 0, 0, 0, 0, 2, 0, 1, 0, 0, 1, 2, 0]|[4, 3, 2, 2, 4, 1, 2, 2, 2, 4, 1, 1, 2, 4, 4, 1, 2, 4, 2, 1, 1, 1, 1, 2, 1, 2, 1, 1, 1, 1, 3, 2, 3, 0, 4, 0, 1, 1, 0, 3, 2, 2, 2, 0, 1, 1, 0, 4, 0, 1, 2, 2, 1, 4, 0, 3, 2, 1, 1, 2, 1, 3, 1, 1, 1, 3, 0, 4, 3, 1, 4, 1, 1, 0, 4, 4, 2, 1, 1, 1, 1, 3, 1, 1, 1, 1, 1, 1, 2, 1, 1, 2, 1, 2, 1, 2, 2, 4, 1, 1]|[0, 2, 1, 1, 3, 0, 1, 0, 0, 0, 0, 0, 1, 0, 1, 0, 0, 3, 1, 0, 0, 0, 3, 1, 0, 2, 0, 0, 0, 1, 0, 0, 0, 0, 3, 0, 1, 0, 0, 2, 1, 1, 1, 0, 0, 0, 0, 2, 1, 0, 0, 0, 1, 3, 0, 0, 1, 0, 0, 1, 0, 2, 0, 1, 0, 2, 1, 0, 0, 1, 1, 3, 1, 1, 3, 3, 1, 0, 0, 2, 0, 0, 0, 0, 1, 0, 0, 0, 1, 0, 0, 1, 0, 0, 1, 0, 0, 2, 0, 1],828.6150361188287,57498.909092636255,92558.71763620913,false
12,G1_CMAX,G1_CMAX,[31, 22, 82, 15, 26, 9, 95, 42, 77, 12, 47, 5, 93, 78, 86, 54, 6, 63, 18, 44, 20, 35, 43, 97, 91, 76, 10, 30, 21, 45, 64, 1, 23, 17, 83, 24, 14, 60, 36, 13, 75, 46, 68, 67, 69, 79, 56, 65, 88, 40, 57, 85, 58, 19, 32, 81, 48, 27, 62, 87, 90, 99, 59, 11, 16, 72, 73, 71, 70, 39, 37, 84, 3, 98, 29, 28, 55, 25, 92, 7, 33, 61, 53, 41, 89, 50, 8, 96, 51, 80, 34, 4, 66, 2, 52, 49, 0, 94, 74, 38]|[1, 1, 0, 1, 1, 0, 1, 2, 2, 1, 2, 2, 2, 1, 1, 0, 0, 1, 0, 2, 2, 0, 1, 2, 0, 1, 2, 2, 0, 0, 2, 1, 2, 1, 0, 2, 2, 1, 1, 0, 0, 0, 0, 0, 2, 1, 2, 0, 1, 1, 1, 0, 1, 2, 1, 2, 1, 0, 0, 2, 1, 0, 1, 2, 1, 2, 1, 1, 1, 1, 1, 1, 1, 0, 0, 0, 1, 1, 0, 1, 0, 1, 0, 1, 1, 0, 1, 0, 0, 0, 2, 1, 2, 0, 1, 0, 0, 2, 2, 1]|[0, 3, 2, 2, 4, 1, 2, 2, 2, 4, 1, 1, 2, 4, 4, 1, 2, 4, 2, 1, 1, 1, 1, 2, 1, 2, 1, 1, 1, 1, 2, 3, 0, 4, 0, 1, 2, 0, 3, 2, 2, 2, 1, 0, 2, 0, 1, 1, 0, 2, 2, 2, 0, 0, 3, 2, 4, 1, 2, 2, 3, 1, 1, 1, 3, 0, 4, 3, 3, 1, 4, 1, 1, 1, 1, 2, 4, 4, 0, 1, 2, 3, 2, 4, 1, 1, 3, 1, 1, 1, 1, 4, 1, 2, 1, 1, 2, 0, 1, 1]|[0, 2, 1, 1, 3, 0, 1, 0, 0, 0, 0, 0, 1, 0, 1, 0, 1, 3, 1, 0, 0, 0, 3, 1, 0, 2, 0, 0, 0, 1, 0, 0, 0, 3, 0, 1, 1, 0, 2, 0, 0, 0, 0, 1, 0, 0, 0, 0, 0, 1, 1, 0, 3, 0, 0, 1, 2, 0, 1, 0, 2, 0, 1, 0, 2, 1, 0, 0, 0, 1, 1, 3, 1, 0, 0, 1, 3, 3, 1, 2, 1, 0, 1, 3, 1, 0, 2, 0, 0, 0, 0, 0, 0, 0, 1, 1, 0, 0, 0, 1],740.6648699319737,58392.73539943754,98914.29550102295,false
12,G4_BALANCED,G4_BALANCED,[31, 22, 82, 15, 26, 58, 95, 42, 77, 12, 47, 5, 93, 78, 86, 54, 85, 63, 18, 44, 20, 35, 43, 97, 66, 76, 10, 30, 21, 45, 71, 64, 1, 23, 17, 83, 24, 14, 60, 36, 6, 57, 40, 88, 65, 56, 79, 94, 67, 68, 46, 75, 38, 9, 19, 32, 81, 41, 27, 62, 87, 90, 99, 59, 11, 16, 72, 73, 70, 39, 37, 84, 3, 92, 25, 55, 28, 29, 51, 7, 33, 61, 98, 48, 89, 50, 8, 96, 53, 80, 4, 91, 34, 2, 52, 13, 0, 69, 74, 49]|[1, 1, 0, 1, 1, 0, 1, 2, 2, 1, 2, 2, 2, 1, 1, 0, 0, 1, 0, 2, 2, 0, 1, 2, 0, 1, 2, 2, 0, 0, 1, 2, 1, 2, 1, 0, 2, 0, 1, 1, 0, 1, 1, 1, 0, 2, 1, 1, 0, 0, 0, 0, 1, 1, 2, 1, 2, 0, 0, 0, 2, 1, 0, 1, 2, 1, 2, 1, 1, 1, 1, 1, 1, 0, 1, 2, 0, 0, 0, 1, 0, 1, 2, 0, 1, 0, 1, 0, 0, 0, 1, 2, 2, 0, 1, 0, 0, 1, 2, 0]|[4, 3, 2, 2, 4, 1, 2, 2, 2, 4, 1, 1, 2, 4, 4, 1, 2, 4, 2, 1, 1, 1, 1, 2, 1, 2, 1, 1, 1, 1, 3, 2, 3, 1, 4, 0, 1, 1, 0, 3, 2, 2, 2, 0, 1, 1, 0, 4, 0, 1, 2, 2, 1, 4, 0, 3, 2, 1, 1, 2, 1, 3, 1, 1, 1, 3, 0, 4, 3, 1, 4, 1, 1, 0, 4, 1, 2, 1, 1, 1, 2, 3, 1, 1, 1, 1, 3, 1, 2, 1, 4, 1, 1, 2, 1, 2, 2, 4, 1, 1]|[0, 2, 1, 1, 3, 0, 1, 0, 0, 0, 0, 0, 1, 0, 1, 0, 0, 3, 1, 0, 0, 0, 3, 1, 0, 2, 0, 0, 0, 1, 0, 0, 0, 0, 3, 0, 1, 0, 0, 2, 1, 1, 1, 0, 0, 0, 0, 2, 1, 0, 0, 0, 1, 3, 0, 0, 1, 0, 0, 1, 0, 2, 0, 1, 0, 2, 1, 0, 0, 1, 1, 3, 1, 1, 3, 0, 1, 0, 0, 2, 1, 0, 0, 0, 1, 0, 2, 0, 1, 0, 0, 0, 0, 0, 1, 0, 0, 2, 0, 1],793.8745454668126,56930.524821470055,94256.21632187883,false
12,G2_TEC,G2_TEC,[31, 22, 82, 15, 26, 9, 95, 42, 77, 68, 47, 5, 93, 78, 86, 54, 85, 63, 18, 44, 20, 49, 36, 14, 74, 50, 53, 17, 21, 28, 71, 64, 3, 23, 30, 83, 24, 41, 60, 52, 65, 27, 90, 70, 39, 87, 48, 69, 99, 4, 46, 1, 13, 58, 97, 59, 33, 8, 73, 37, 79, 35, 11, 66, 76, 32, 40, 80, 96, 6, 16, 61, 45, 98, 57, 81, 62, 67, 10, 7, 56, 88, 51, 19, 91, 38, 75, 92, 25, 84, 29, 12, 55, 43, 34, 2, 0, 94, 89, 72]|[2, 1, 2, 1, 1, 2, 1, 1, 1, 1, 1, 0, 2, 2, 1, 2, 0, 0, 0, 2, 2, 1, 0, 2, 0, 2, 2, 1, 0, 1, 1, 1, 0, 0, 1, 0, 2, 1, 2, 2, 0, 0, 1, 1, 0, 2, 0, 2, 1, 0, 0, 2, 0, 0, 2, 0, 1, 1, 0, 0, 1, 1, 0, 2, 2, 0, 2, 2, 0, 1, 2, 1, 1, 0, 0, 1, 1, 1, 1, 2, 2, 1, 1, 1, 1, 0, 0, 0, 1, 0, 1, 1, 0, 1, 1, 2, 0, 1, 1, 1]|[0, 3, 0, 2, 4, 1, 4, 4, 2, 4, 3, 2, 1, 0, 2, 1, 1, 1, 2, 1, 1, 3, 0, 1, 0, 1, 1, 4, 1, 4, 3, 2, 2, 0, 4, 1, 1, 4, 0, 1, 2, 1, 4, 4, 1, 1, 0, 2, 3, 1, 2, 1, 2, 1, 1, 2, 4, 3, 0, 2, 3, 3, 1, 0, 1, 2, 0, 1, 2, 4, 1, 3, 4, 2, 2, 4, 3, 3, 3, 1, 1, 4, 3, 4, 3, 2, 2, 2, 4, 2, 3, 3, 2, 4, 1, 1, 2, 4, 4, 4]|[0, 2, 0, 1, 3, 0, 1, 3, 0, 0, 2, 0, 1, 0, 1, 0, 0, 0, 1, 0, 0, 2, 0, 0, 1, 0, 0, 3, 0, 1, 0, 2, 0, 0, 3, 0, 1, 3, 1, 0, 0, 0, 1, 3, 0, 0, 1, 0, 2, 0, 0, 0, 0, 0, 1, 0, 1, 0, 1, 1, 2, 2, 0, 0, 0, 0, 0, 0, 0, 2, 0, 0, 1, 0, 0, 2, 0, 0, 3, 0, 0, 1, 0, 3, 0, 0, 0, 0, 3, 0, 0, 0, 0, 2, 1, 0, 0, 2, 1, 2],918.6487324495604,51628.98216776993,110307.60287220453,false
12,G3_TWC,G3_TWC,[31, 22, 82, 15, 26, 9, 95, 42, 77, 12, 47, 5, 93, 78, 86, 54, 85, 63, 18, 44, 20, 35, 43, 97, 91, 76, 10, 30, 21, 45, 71, 64, 1, 23, 17, 83, 24, 14, 60, 36, 41, 57, 40, 88, 65, 56, 79, 94, 67, 68, 46, 75, 38, 58, 19, 32, 81, 6, 27, 62, 87, 90, 99, 59, 11, 16, 72, 73, 69, 39, 37, 84, 3, 92, 25, 55, 28, 29, 51, 7, 66, 61, 98, 48, 89, 8, 33, 96, 53, 80, 50, 4, 34, 2, 52, 13, 0, 70, 74, 49]|[1, 1, 0, 1, 1, 0, 1, 2, 2, 1, 2, 2, 2, 1, 1, 0, 0, 1, 0, 2, 2, 0, 1, 2, 0, 1, 2, 2, 0, 0, 1, 2, 1, 2, 1, 0, 2, 0, 1, 1, 0, 1, 1, 1, 0, 2, 1, 1, 0, 0, 0, 0, 1, 1, 2, 1, 2, 0, 0, 0, 2, 1, 0, 1, 2, 1, 2, 1, 1, 1, 1, 1, 1, 0, 1, 1, 0, 0, 0, 1, 2, 1, 2, 0, 1, 0, 2, 0, 0, 0, 0, 0, 2, 0, 1, 0, 0, 1, 2, 0]|[4, 3, 2, 2, 4, 1, 2, 2, 2, 4, 1, 1, 2, 4, 4, 1, 2, 4, 2, 1, 1, 1, 1, 2, 1, 2, 1, 1, 1, 1, 3, 2, 3, 0, 4, 0, 1, 1, 0, 3, 2, 2, 2, 0, 1, 1, 0, 4, 0, 1, 2, 2, 1, 4, 0, 3, 2, 1, 1, 2, 1, 3, 1, 1, 1, 3, 0, 4, 3, 1, 4, 1, 1, 0, 4, 4, 2, 1, 1, 1, 1, 3, 1, 1, 1, 1, 1, 1, 2, 1, 1, 2, 1, 2, 1, 2, 2, 4, 1, 1]|[0, 2, 1, 1, 3, 0, 1, 0, 0, 0, 0, 0, 1, 0, 1, 0, 0, 3, 1, 0, 0, 0, 3, 1, 0, 2, 0, 0, 0, 1, 0, 0, 0, 0, 3, 0, 1, 0, 0, 2, 1, 1, 1, 0, 0, 0, 0, 2, 1, 0, 0, 0, 1, 3, 0, 0, 1, 0, 0, 1, 0, 2, 0, 1, 0, 2, 1, 0, 0, 1, 1, 3, 1, 1, 3, 3, 1, 0, 0, 2, 0, 0, 0, 0, 1, 0, 0, 0, 1, 0, 0, 1, 0, 0, 1, 0, 0, 2, 0, 1],828.6150361188287,57498.909092636255,92558.71763620913,false
12,G1_CMAX,G1_CMAX,[31, 22, 82, 15, 26, 58, 95, 42, 77, 12, 47, 5, 93, 78, 86, 54, 85, 63, 18, 44, 20, 35, 43, 97, 91, 76, 10, 30, 21, 45, 71, 64, 1, 23, 17, 83, 24, 14, 60, 36, 6, 57, 40, 88, 65, 56, 79, 94, 67, 68, 46, 75, 38, 9, 19, 32, 81, 41, 27, 62, 87, 90, 99, 59, 11, 16, 72, 73, 70, 39, 37, 84, 3, 92, 25, 55, 28, 29, 51, 7, 66, 61, 98, 48, 89, 50, 8, 96, 53, 80, 4, 33, 34, 2, 52, 13, 0, 69, 74, 49]|[1, 1, 0, 1, 1, 0, 1, 2, 2, 1, 2, 2, 2, 1, 1, 0, 0, 1, 0, 2, 2, 0, 1, 2, 0, 1, 2, 2, 0, 0, 1, 2, 1, 2, 1, 0, 2, 0, 1, 1, 0, 1, 1, 1, 0, 2, 1, 1, 0, 0, 0, 0, 1, 1, 2, 1, 2, 0, 0, 0, 2, 1, 0, 1, 2, 1, 2, 1, 1, 1, 1, 1, 1, 0, 1, 2, 0, 0, 0, 1, 0, 1, 2, 0, 1, 0, 1, 2, 0, 0, 1, 2, 2, 0, 2, 0, 0, 1, 2, 0]|[4, 3, 2, 2, 4, 2, 2, 2, 2, 4, 1, 1, 2, 4, 4, 1, 2, 4, 2, 1, 1, 1, 1, 2, 1, 2, 1, 1, 1, 1, 3, 2, 3, 1, 4, 0, 1, 1, 0, 3, 2, 2, 2, 0, 1, 1, 0, 4, 0, 1, 2, 2, 1, 4, 0, 3, 2, 1, 1, 2, 1, 3, 1, 1, 1, 3, 0, 4, 3, 1, 4, 1, 1, 0, 4, 1, 2, 1, 1, 3, 1, 3, 1, 1, 1, 1, 3, 1, 2, 1, 4, 1, 1, 2, 1, 2, 2, 4, 1, 1]|[0, 2, 1, 1, 3, 0, 1, 0, 0, 0, 0, 0, 1, 0, 1, 0, 0, 3, 1, 0, 0, 0, 3, 1, 0, 2, 0, 0, 0, 1, 0, 0, 0, 0, 3, 0, 1, 0, 0, 2, 1, 1, 1, 0, 0, 0, 0, 2, 1, 0, 0, 0, 1, 3, 0, 0, 1, 0, 0, 1, 0, 2, 0, 1, 0, 2, 1, 0, 0, 1, 1, 3, 1, 1, 3, 0, 1, 0, 0, 2, 0, 0, 0, 0, 1, 0, 2, 0, 1, 0, 0, 0, 0, 0, 0, 0, 0, 2, 0, 1],812.792526234368,56209.2121053649,96337.08772230358,false
12,G4_BALANCED,G4_BALANCED,[31, 22, 82, 15, 26, 58, 95, 42, 77, 12, 47, 5, 93, 78, 86, 54, 85, 63, 18, 44, 20, 35, 43, 97, 66, 76, 10, 30, 21, 45, 71, 64, 1, 23, 17, 83, 24, 14, 60, 36, 6, 57, 40, 88, 65, 56, 79, 94, 67, 68, 46, 75, 38, 9, 19, 32, 81, 41, 27, 62, 87, 90, 99, 59, 11, 16, 72, 73, 70, 39, 37, 84, 3, 92, 25, 55, 28, 29, 51, 7, 33, 61, 98, 48, 89, 50, 8, 96, 53, 80, 4, 91, 34, 2, 52, 13, 0, 69, 74, 49]|[1, 1, 0, 1, 1, 0, 1, 2, 2, 1, 2, 2, 2, 1, 1, 0, 0, 1, 0, 2, 2, 0, 1, 2, 0, 1, 2, 2, 0, 0, 1, 2, 1, 2, 1, 0, 2, 0, 1, 1, 0, 1, 1, 1, 0, 2, 1, 1, 0, 0, 0, 0, 1, 1, 2, 1, 2, 0, 0, 0, 2, 1, 0, 1, 2, 1, 2, 1, 1, 1, 1, 1, 1, 0, 1, 2, 0, 0, 0, 1, 0, 1, 2, 0, 1, 0, 1, 0, 0, 0, 1, 2, 2, 0, 1, 0, 0, 1, 2, 0]|[4, 3, 2, 2, 4, 1, 2, 2, 2, 4, 1, 1, 2, 4, 4, 1, 2, 4, 2, 1, 1, 1, 1, 2, 1, 2, 1, 1, 1, 1, 3, 2, 3, 1, 4, 0, 1, 1, 0, 3, 2, 2, 2, 0, 1, 1, 0, 4, 0, 1, 2, 2, 1, 4, 0, 3, 2, 1, 1, 2, 1, 3, 1, 1, 1, 3, 0, 4, 3, 1, 4, 1, 1, 0, 4, 1, 2, 1, 1, 1, 2, 3, 1, 1, 1, 1, 3, 1, 2, 1, 4, 1, 1, 2, 1, 2, 2, 4, 1, 1]|[0, 2, 1, 1, 3, 0, 1, 0, 0, 0, 0, 0, 1, 0, 1, 0, 0, 3, 1, 0, 0, 0, 3, 1, 0, 2, 0, 0, 0, 1, 0, 0, 0, 0, 3, 0, 1, 0, 0, 2, 1, 1, 1, 0, 0, 0, 0, 2, 1, 0, 0, 0, 1, 3, 0, 0, 1, 0, 0, 1, 0, 2, 0, 1, 0, 2, 1, 0, 0, 1, 1, 3, 1, 1, 3, 0, 1, 0, 0, 2, 1, 0, 0, 0, 1, 0, 2, 0, 1, 0, 0, 0, 0, 0, 1, 0, 0, 2, 0, 1],793.8745454668126,56930.524821470055,94256.21632187883,false
12,G2_TEC,G2_TEC,[31, 22, 82, 15, 26, 9, 95, 42, 77, 68, 47, 5, 93, 78, 86, 54, 85, 63, 18, 44, 20, 49, 36, 14, 74, 50, 53, 17, 21, 28, 71, 64, 3, 23, 30, 83, 24, 41, 60, 52, 65, 27, 90, 70, 39, 87, 48, 69, 99, 4, 46, 1, 13, 58, 97, 59, 33, 8, 73, 37, 79, 35, 11, 66, 76, 32, 40, 80, 96, 6, 16, 61, 45, 98, 57, 81, 62, 67, 10, 7, 56, 88, 51, 19, 91, 38, 75, 92, 25, 84, 29, 12, 55, 43, 34, 2, 0, 94, 89, 72]|[2, 1, 2, 1, 1, 2, 1, 1, 1, 1, 1, 0, 2, 2, 1, 2, 0, 0, 0, 2, 2, 1, 0, 2, 0, 2, 2, 1, 0, 1, 1, 1, 0, 0, 1, 0, 2, 1, 2, 2, 0, 0, 1, 1, 0, 2, 0, 2, 1, 0, 0, 2, 0, 0, 2, 0, 1, 1, 0, 0, 1, 1, 0, 2, 2, 0, 2, 2, 0, 1, 2, 1, 1, 0, 0, 1, 1, 1, 1, 2, 2, 1, 1, 1, 1, 0, 0, 0, 1, 0, 1, 1, 0, 1, 1, 2, 0, 1, 1, 1]|[0, 3, 0, 2, 4, 1, 4, 4, 2, 4, 3, 2, 1, 0, 2, 1, 1, 1, 2, 1, 1, 3, 0, 1, 0, 1, 1, 4, 1, 4, 3, 2, 2, 0, 4, 1, 1, 4, 0, 1, 2, 1, 4, 4, 1, 1, 0, 2, 3, 1, 2, 1, 2, 1, 1, 2, 4, 3, 0, 2, 3, 3, 1, 0, 1, 2, 0, 1, 2, 4, 1, 3, 4, 2, 2, 4, 3, 3, 3, 1, 1, 4, 3, 4, 3, 2, 2, 2, 4, 2, 3, 3, 2, 4, 1, 1, 2, 4, 4, 4]|[0, 2, 0, 1, 3, 0, 1, 3, 0, 0, 2, 0, 1, 0, 1, 0, 0, 0, 1, 0, 0, 2, 0, 0, 1, 0, 0, 3, 0, 1, 0, 2, 0, 0, 3, 0, 1, 3, 1, 0, 0, 0, 1, 3, 0, 0, 1, 0, 2, 0, 0, 0, 0, 0, 1, 0, 1, 0, 1, 1, 2, 2, 0, 0, 0, 0, 0, 0, 0, 2, 0, 0, 1, 0, 0, 2, 0, 0, 3, 0, 0, 1, 0, 3, 0, 0, 0, 0, 3, 0, 0, 0, 0, 2, 1, 0, 0, 2, 1, 2],918.6487324495604,51628.98216776993,110307.60287220453,false
12,G3_TWC,G3_TWC,[31, 22, 82, 15, 26, 9, 95, 42, 77, 12, 47, 5, 93, 78, 86, 54, 85, 63, 18, 44, 20, 35, 43, 97, 91, 76, 10, 30, 21, 45, 71, 64, 1, 23, 17, 83, 24, 14, 60, 36, 41, 57, 40, 88, 65, 56, 79, 94, 67, 68, 46, 75, 38, 58, 19, 32, 81, 6, 27, 62, 87, 90, 99, 59, 11, 16, 72, 73, 69, 39, 37, 84, 3, 92, 25, 55, 28, 29, 51, 7, 66, 61, 98, 48, 89, 8, 33, 96, 53, 80, 50, 4, 34, 2, 52, 13, 0, 70, 74, 49]|[1, 1, 0, 1, 1, 0, 1, 2, 2, 1, 2, 2, 2, 1, 1, 0, 0, 1, 0, 2, 2, 0, 1, 2, 0, 1, 2, 2, 0, 0, 1, 2, 1, 2, 1, 0, 2, 0, 1, 1, 0, 1, 1, 1, 0, 2, 1, 1, 0, 0, 0, 0, 1, 1, 2, 1, 2, 0, 0, 0, 2, 1, 0, 1, 2, 1, 2, 1, 1, 1, 1, 1, 1, 0, 1, 1, 0, 0, 0, 1, 2, 1, 2, 0, 1, 0, 2, 0, 0, 0, 0, 0, 2, 0, 1, 0, 0, 1, 2, 0]|[4, 3, 2, 2, 4, 1, 2, 2, 2, 4, 1, 1, 2, 4, 4, 1, 2, 4, 2, 1, 1, 1, 1, 2, 1, 2, 1, 1, 1, 1, 3, 2, 3, 0, 4, 0, 1, 1, 0, 3, 2, 2, 2, 0, 1, 1, 0, 4, 0, 1, 2, 2, 1, 4, 0, 3, 2, 1, 1, 2, 1, 3, 1, 1, 1, 3, 0, 4, 3, 1, 4, 1, 1, 0, 4, 4, 2, 1, 1, 1, 1, 3, 1, 1, 1, 1, 1, 1, 2, 1, 1, 2, 1, 2, 1, 2, 2, 4, 1, 1]|[0, 2, 1, 1, 3, 0, 1, 0, 0, 0, 0, 0, 1, 0, 1, 0, 0, 3, 1, 0, 0, 0, 3, 1, 0, 2, 0, 0, 0, 1, 0, 0, 0, 0, 3, 0, 1, 0, 0, 2, 1, 1, 1, 0, 0, 0, 0, 2, 1, 0, 0, 0, 1, 3, 0, 0, 1, 0, 0, 1, 0, 2, 0, 1, 0, 2, 1, 0, 0, 1, 1, 3, 1, 1, 3, 3, 1, 0, 0, 2, 0, 0, 0, 0, 1, 0, 0, 0, 1, 0, 0, 1, 0, 0, 1, 0, 0, 2, 0, 1],828.6150361188287,57498.909092636255,92558.71763620913,false
12,G1_CMAX,G2_TEC,[31, 22, 82, 15, 26, 9, 95, 42, 77, 4, 47, 5, 93, 78, 86, 54, 85, 63, 18, 44, 20, 49, 36, 14, 74, 50, 53, 17, 21, 45, 71, 64, 3, 23, 30, 83, 24, 41, 60, 52, 65, 27, 90, 70, 89, 87, 48, 69, 99, 68, 46, 1, 39, 32, 97, 59, 28, 8, 73, 37, 35, 79, 11, 66, 76, 57, 72, 16, 92, 6, 80, 61, 33, 98, 58, 34, 51, 67, 10, 7, 56, 88, 29, 19, 91, 13, 12, 96, 0, 81, 2, 55, 43, 84, 75, 25, 62, 94, 38, 40]|[2, 1, 2, 1, 1, 2, 1, 1, 1, 1, 1, 0, 2, 2, 1, 2, 0, 0, 0, 2, 2, 1, 0, 2, 0, 2, 2, 1, 0, 1, 1, 1, 0, 0, 1, 0, 2, 1, 2, 2, 0, 1, 1, 1, 1, 1, 0, 2, 1, 0, 0, 2, 2, 0, 2, 0, 2, 1, 0, 0, 2, 1, 0, 2, 2, 0, 0, 2, 0, 0, 2, 1, 1, 0, 0, 1, 1, 0, 1, 2, 2, 1, 1, 2, 1, 0, 1, 0, 0, 1, 2, 0, 1, 0, 2, 1, 0, 1, 1, 2]|[0, 3, 0, 2, 4, 1, 4, 4, 2, 4, 3, 2, 1, 0, 2, 1, 1, 1, 2, 1, 2, 3, 0, 1, 0, 1, 1, 4, 1, 0, 3, 2, 2, 0, 4, 1, 1, 4, 0, 1, 2, 2, 4, 4, 4, 0, 0, 2, 3, 1, 2, 1, 2, 2, 1, 2, 0, 3, 0, 2, 2, 3, 1, 0, 1, 0, 2, 1, 0, 1, 1, 3, 4, 1, 1, 4, 3, 1, 3, 1, 0, 4, 3, 0, 3, 2, 3, 2, 2, 1, 1, 2, 4, 2, 2, 4, 2, 4, 4, 0]|[0, 2, 0, 1, 3, 0, 1, 3, 0, 0, 2, 0, 1, 0, 1, 0, 0, 0, 1, 0, 0, 2, 0, 0, 1, 0, 0, 3, 0, 1, 0, 2, 0, 0, 3, 0, 1, 3, 1, 0, 0, 1, 1, 3, 1, 0, 1, 0, 2, 0, 0, 0, 0, 0, 1, 0, 0, 0, 1, 1, 0, 2, 0, 0, 0, 1, 1, 0, 1, 0, 0, 0, 1, 0, 0, 2, 0, 0, 3, 0, 0, 1, 0, 0, 0, 0, 0, 0, 0, 1, 0, 0, 2, 1, 1, 3, 1, 2, 1, 0],839.6890277062986,54681.99845469262,112904.53001143686,true
12,G4_BALANCED,G4_BALANCED,[31, 22, 82, 15, 26, 58, 95, 42, 77, 12, 47, 5, 93, 78, 86, 54, 85, 63, 18, 44, 20, 35, 43, 97, 66, 76, 10, 30, 21, 45, 71, 1, 23, 17, 64, 83, 24, 14, 60, 36, 6, 57, 40, 88, 65, 56, 79, 94, 67, 68, 46, 75, 38, 9, 19, 32, 81, 41, 27, 62, 87, 90, 99, 59, 11, 16, 72, 73, 70, 39, 37, 84, 3, 92, 25, 55, 28, 29, 51, 7, 33, 61, 98, 48, 89, 8, 4, 96, 53, 80, 50, 91, 34, 2, 52, 13, 0, 69, 74, 49]|[1, 1, 0, 1, 1, 0, 1, 2, 2, 1, 2, 2, 2, 1, 1, 0, 0, 1, 0, 2, 2, 0, 1, 2, 0, 1, 2, 2, 0, 0, 1, 1, 2, 1, 2, 0, 2, 0, 1, 1, 0, 1, 1, 1, 0, 2, 1, 1, 0, 0, 0, 0, 1, 1, 2, 1, 2, 0, 0, 0, 2, 1, 0, 1, 2, 1, 2, 1, 1, 1, 1, 1, 1, 0, 1, 2, 0, 0, 0, 1, 2, 1, 2, 0, 1, 1, 1, 0, 0, 0, 0, 2, 2, 0, 1, 0, 0, 1, 2, 0]|[4, 3, 2, 2, 4, 1, 2, 2, 2, 4, 1, 1, 2, 4, 4, 1, 2, 4, 2, 1, 1, 1, 1, 2, 1, 2, 1, 1, 1, 1, 3, 3, 1, 4, 2, 0, 1, 1, 0, 3, 2, 2, 2, 0, 1, 1, 0, 4, 0, 1, 2, 2, 1, 4, 0, 3, 2, 1, 1, 2, 1, 3, 1, 1, 1, 3, 0, 4, 3, 1, 4, 1, 1, 0, 4, 1, 2, 1, 1, 1, 1, 3, 1, 1, 1, 3, 4, 1, 2, 1, 1, 1, 1, 2, 1, 2, 2, 4, 1, 1]|[0, 2, 1, 1, 3, 0, 1, 0, 0, 0, 0, 0, 1, 0, 1, 0, 0, 3, 1, 0, 0, 0, 3, 1, 0, 2, 0, 0, 0, 1, 0, 0, 0, 3, 0, 0, 1, 0, 0, 2, 1, 1, 1, 0, 0, 0, 0, 2, 1, 0, 0, 0, 1, 3, 0, 0, 1, 0, 0, 1, 0, 2, 0, 1, 0, 2, 1, 0, 0, 1, 1, 3, 1, 1, 3, 0, 1, 0, 0, 2, 0, 0, 0, 0, 1, 2, 0, 0, 1, 0, 0, 0, 0, 0, 1, 0, 0, 2, 0, 1],789.0082444965624,56783.920941447155,94181.8338005128,false
12,G2_TEC,G2_TEC,[31, 22, 82, 15, 26, 9, 95, 42, 77, 68, 47, 5, 93, 78, 86, 54, 85, 63, 18, 44, 20, 49, 36, 14, 74, 50, 53, 17, 21, 28, 71, 64, 3, 23, 30, 83, 24, 41, 60, 52, 65, 27, 90, 70, 39, 87, 48, 69, 99, 4, 46, 1, 13, 58, 97, 59, 33, 8, 73, 37, 35, 79, 11, 66, 76, 32, 40, 80, 96, 6, 16, 61, 45, 98, 57, 34, 12, 67, 10, 7, 56, 88, 29, 19, 91, 38, 75, 92, 43, 84, 51, 62, 55, 81, 25, 2, 0, 94, 89, 72]|[2, 1, 2, 1, 1, 2, 1, 1, 1, 1, 1, 0, 2, 2, 1, 2, 0, 0, 0, 2, 2, 1, 0, 2, 0, 2, 2, 1, 0, 1, 1, 1, 0, 0, 1, 0, 2, 1, 2, 2, 0, 0, 1, 1, 0, 2, 0, 2, 1, 0, 0, 2, 0, 0, 2, 0, 1, 1, 0, 0, 1, 1, 0, 2, 2, 0, 2, 2, 0, 1, 2, 1, 1, 0, 0, 1, 1, 1, 1, 2, 2, 1, 1, 1, 1, 0, 0, 0, 1, 0, 1, 1, 0, 1, 1, 2, 0, 1, 1, 1]|[0, 3, 0, 2, 4, 1, 4, 4, 2, 4, 3, 2, 1, 0, 2, 1, 1, 1, 2, 1, 1, 3, 0, 1, 0, 1, 1, 4, 1, 4, 3, 2, 2, 0, 4, 1, 1, 4, 0, 1, 2, 1, 4, 4, 1, 1, 0, 2, 3, 1, 2, 1, 2, 1, 1, 2, 4, 3, 0, 2, 3, 3, 1, 0, 1, 2, 0, 1, 2, 4, 1, 3, 4, 2, 2, 4, 3, 3, 3, 1, 1, 4, 3, 4, 3, 2, 2, 2, 4, 2, 3, 3, 2, 1, 4, 1, 2, 4, 4, 4]|[0, 2, 0, 1, 3, 0, 1, 3, 0, 0, 2, 0, 1, 0, 1, 0, 0, 0, 1, 0, 0, 2, 0, 0, 1, 0, 0, 3, 0, 1, 0, 2, 0, 0, 3, 0, 1, 3, 1, 0, 0, 0, 1, 3, 0, 0, 1, 0, 2, 0, 0, 0, 0, 0, 1, 0, 1, 0, 1, 1, 2, 2, 0, 0, 0, 0, 0, 0, 0, 2, 0, 0, 1, 0, 0, 1, 0, 0, 3, 0, 0, 1, 0, 3, 0, 0, 0, 0, 2, 0, 0, 0, 0, 1, 3, 0, 0, 2, 1, 2],918.6487324495604,51531.535715336235,110278.19096818606,false
12,G3_TWC,G3_TWC,[31, 22, 82, 15, 26, 9, 95, 42, 77, 12, 47, 5, 93, 78, 86, 54, 85, 63, 18, 44, 20, 35, 43, 97, 91, 76, 10, 30, 21, 45, 71, 64, 1, 23, 17, 83, 24, 14, 60, 36, 41, 57, 40, 88, 65, 56, 79, 94, 67, 68, 46, 75, 38, 58, 19, 32, 81, 6, 27, 62, 87, 90, 99, 59, 11, 16, 72, 73, 69, 39, 37, 84, 3, 92, 25, 55, 28, 29, 51, 7, 66, 61, 98, 48, 89, 8, 33, 96, 53, 80, 50, 4, 34, 2, 52, 13, 0, 70, 74, 49]|[1, 1, 0, 1, 1, 0, 1, 2, 2, 1, 2, 2, 2, 1, 1, 0, 0, 1, 0, 2, 2, 0, 1, 2, 0, 1, 2, 2, 0, 0, 1, 2, 1, 2, 1, 0, 2, 0, 1, 1, 0, 1, 1, 1, 0, 2, 1, 1, 0, 0, 0, 0, 1, 1, 2, 1, 2, 0, 0, 0, 2, 1, 0, 1, 2, 1, 2, 1, 1, 1, 1, 1, 1, 0, 1, 1, 0, 0, 0, 1, 2, 1, 2, 0, 1, 0, 2, 0, 0, 0, 0, 0, 2, 0, 1, 0, 0, 1, 2, 0]|[4, 3, 2, 2, 4, 1, 2, 2, 2, 4, 1, 1, 2, 4, 4, 1, 2, 4, 2, 1, 1, 1, 1, 2, 1, 2, 1, 1, 1, 1, 3, 2, 3, 0, 4, 0, 1, 1, 0, 3, 2, 2, 2, 0, 1, 1, 0, 4, 0, 1, 2, 2, 1, 4, 0, 3, 2, 1, 1, 2, 1, 3, 1, 1, 1, 3, 0, 4, 3, 1, 4, 1, 1, 0, 4, 4, 2, 1, 1, 1, 1, 3, 1, 1, 1, 1, 1, 1, 2, 1, 1, 2, 1, 2, 1, 2, 2, 4, 1, 1]|[0, 2, 1, 1, 3, 0, 1, 0, 0, 0, 0, 0, 1, 0, 1, 0, 0, 3, 1, 0, 0, 0, 3, 1, 0, 2, 0, 0, 0, 1, 0, 0, 0, 0, 3, 0, 1, 0, 0, 2, 1, 1, 1, 0, 0, 0, 0, 2, 1, 0, 0, 0, 1, 3, 0, 0, 1, 0, 0, 1, 0, 2, 0, 1, 0, 2, 1, 0, 0, 1, 1, 3, 1, 1, 3, 3, 1, 0, 0, 2, 0, 0, 0, 0, 1, 0, 0, 0, 1, 0, 0, 1, 0, 0, 1, 0, 0, 2, 0, 1],828.6150361188287,57498.909092636255,92558.71763620913,false
12,G1_CMAX,G1_CMAX,[31, 22, 82, 15, 26, 9, 95, 42, 77, 12, 47, 5, 93, 78, 86, 54, 6, 63, 18, 44, 20, 35, 43, 97, 91, 76, 10, 30, 21, 45, 64, 1, 23, 17, 83, 24, 14, 60, 36, 13, 75, 46, 68, 67, 69, 79, 56, 65, 88, 40, 57, 85, 58, 19, 32, 81, 48, 27, 62, 87, 90, 99, 59, 11, 16, 72, 73, 71, 70, 39, 37, 84, 3, 98, 29, 28, 55, 25, 92, 7, 33, 61, 53, 41, 89, 50, 8, 96, 51, 80, 34, 4, 66, 2, 52, 49, 0, 94, 74, 38]|[1, 1, 0, 1, 1, 0, 1, 2, 2, 1, 2, 2, 2, 1, 1, 0, 0, 1, 0, 2, 2, 0, 1, 2, 0, 1, 2, 2, 0, 0, 2, 1, 2, 1, 0, 2, 2, 1, 1, 0, 0, 0, 0, 0, 2, 1, 2, 0, 1, 1, 1, 0, 1, 2, 1, 2, 1, 0, 0, 2, 1, 0, 1, 2, 1, 2, 1, 1, 1, 1, 1, 1, 1, 0, 0, 0, 1, 1, 0, 1, 0, 1, 0, 1, 1, 0, 1, 0, 0, 0, 2, 1, 2, 0, 1, 0, 0, 2, 2, 1]|[0, 3, 2, 2, 4, 1, 2, 2, 2, 4, 1, 1, 2, 4, 4, 1, 2, 4, 2, 1, 1, 1, 1, 2, 1, 2, 1, 1, 1, 1, 2, 3, 0, 4, 0, 1, 2, 0, 3, 2, 2, 2, 1, 0, 2, 0, 1, 1, 0, 2, 2, 2, 0, 0, 3, 2, 4, 1, 2, 2, 3, 1, 1, 1, 3, 0, 4, 3, 3, 1, 4, 1, 1, 1, 1, 2, 4, 4, 0, 1, 2, 3, 2, 4, 1, 1, 3, 1, 1, 1, 1, 4, 1, 2, 1, 1, 2, 0, 1, 1]|[0, 2, 1, 1, 3, 0, 1, 0, 0, 0, 0, 0, 1, 0, 1, 0, 1, 3, 1, 0, 0, 0, 3, 1, 0, 2, 0, 0, 0, 1, 0, 0, 0, 3, 0, 1, 1, 0, 2, 0, 0, 0, 0, 1, 0, 0, 0, 0, 0, 1, 1, 0, 3, 0, 0, 1, 2, 0, 1, 0, 2, 0, 1, 0, 2, 1, 0, 0, 0, 1, 1, 3, 1, 0, 0, 1, 3, 3, 1, 2, 1, 0, 1, 3, 1, 0, 2, 0, 0, 0, 0, 0, 0, 0, 1, 1, 0, 0, 0, 1],740.6648699319737,58392.73539943754,98914.29550102295,false
12,G4_BALANCED,G4_BALANCED,[31, 22, 82, 15, 26, 58, 95, 42, 77, 12, 47, 5, 93, 78, 86, 54, 85, 63, 18, 44, 20, 35, 43, 97, 66, 76, 10, 30, 21, 45, 71, 1, 23, 17, 64, 83, 24, 14, 60, 36, 6, 57, 40, 88, 65, 56, 79, 94, 67, 68, 46, 75, 38, 9, 19, 32, 81, 41, 27, 62, 87, 90, 99, 59, 11, 16, 72, 73, 70, 39, 37, 84, 3, 92, 25, 55, 28, 29, 51, 7, 33, 61, 98, 48, 89, 8, 4, 96, 53, 80, 50, 91, 34, 2, 52, 13, 0, 69, 74, 49]|[1, 1, 0, 1, 1, 0, 1, 2, 2, 1, 2, 2, 2, 1, 1, 0, 0, 1, 0, 2, 2, 0, 1, 2, 0, 1, 2, 2, 0, 0, 1, 1, 2, 1, 2, 0, 2, 0, 1, 1, 0, 1, 1, 1, 0, 2, 1, 1, 0, 0, 0, 0, 1, 1, 2, 1, 2, 0, 0, 0, 2, 1, 0, 1, 2, 1, 2, 1, 1, 1, 1, 1, 1, 0, 1, 2, 0, 0, 0, 1, 2, 1, 2, 0, 1, 1, 1, 0, 0, 0, 0, 2, 2, 0, 1, 0, 0, 1, 2, 0]|[4, 3, 2, 2, 4, 1, 2, 2, 2, 4, 1, 1, 2, 4, 4, 1, 2, 4, 2, 1, 1, 1, 1, 2, 1, 2, 1, 1, 1, 1, 3, 3, 1, 4, 2, 0, 1, 1, 0, 3, 2, 2, 2, 0, 1, 1, 0, 4, 0, 1, 2, 2, 1, 4, 0, 3, 2, 1, 1, 2, 1, 3, 1, 1, 1, 3, 0, 4, 3, 1, 4, 1, 1, 0, 4, 1, 2, 1, 1, 1, 1, 3, 1, 1, 1, 3, 4, 1, 2, 1, 1, 1, 1, 2, 1, 2, 2, 4, 1, 1]|[0, 2, 1, 1, 3, 0, 1, 0, 0, 0, 0, 0, 1, 0, 1, 0, 0, 3, 1, 0, 0, 0, 3, 1, 0, 2, 0, 0, 0, 1, 0, 0, 0, 3, 0, 0, 1, 0, 0, 2, 1, 1, 1, 0, 0, 0, 0, 2, 1, 0, 0, 0, 1, 3, 0, 0, 1, 0, 0, 1, 0, 2, 0, 1, 0, 2, 1, 0, 0, 1, 1, 3, 1, 1, 3, 0, 1, 0, 0, 2, 0, 0, 0, 0, 1, 2, 0, 0, 1, 0, 0, 0, 0, 0, 1, 0, 0, 2, 0, 1],789.0082444965624,56783.920941447155,94181.8338005128,false
12,G2_TEC,G2_TEC,[31, 22, 82, 15, 26, 9, 95, 42, 77, 68, 47, 5, 93, 78, 86, 54, 85, 63, 18, 44, 20, 49, 36, 14, 74, 50, 53, 17, 21, 28, 71, 64, 3, 23, 30, 83, 24, 41, 60, 52, 65, 27, 90, 70, 39, 87, 48, 69, 99, 4, 46, 1, 13, 58, 97, 59, 33, 8, 73, 37, 35, 79, 11, 66, 76, 32, 40, 80, 96, 6, 16, 61, 45, 98, 57, 34, 12, 67, 10, 7, 56, 88, 29, 19, 91, 38, 75, 92, 43, 84, 51, 62, 55, 81, 25, 2, 0, 94, 89, 72]|[2, 1, 2, 1, 1, 2, 1, 1, 1, 1, 1, 0, 2, 2, 1, 2, 0, 0, 0, 2, 2, 1, 0, 2, 0, 2, 2, 1, 0, 1, 1, 1, 0, 0, 1, 0, 2, 1, 2, 2, 0, 0, 1, 1, 0, 2, 0, 2, 1, 0, 0, 2, 0, 0, 2, 0, 1, 1, 0, 0, 1, 1, 0, 2, 2, 0, 2, 2, 0, 1, 2, 1, 1, 0, 0, 1, 1, 1, 1, 2, 2, 1, 1, 1, 1, 0, 0, 0, 1, 0, 1, 1, 0, 1, 1, 2, 0, 1, 1, 1]|[0, 3, 0, 2, 4, 1, 4, 4, 2, 4, 3, 2, 1, 0, 2, 1, 1, 1, 2, 1, 1, 3, 0, 1, 0, 1, 1, 4, 1, 4, 3, 2, 2, 0, 4, 1, 1, 4, 0, 1, 2, 1, 4, 4, 1, 1, 0, 2, 3, 1, 2, 1, 2, 1, 1, 2, 4, 3, 0, 2, 3, 3, 1, 0, 1, 2, 0, 1, 2, 4, 1, 3, 4, 2, 2, 4, 3, 3, 3, 1, 1, 4, 3, 4, 3, 2, 2, 2, 4, 2, 3, 3, 2, 1, 4, 1, 2, 4, 4, 4]|[0, 2, 0, 1, 3, 0, 1, 3, 0, 0, 2, 0, 1, 0, 1, 0, 0, 0, 1, 0, 0, 2, 0, 0, 1, 0, 0, 3, 0, 1, 0, 2, 0, 0, 3, 0, 1, 3, 1, 0, 0, 0, 1, 3, 0, 0, 1, 0, 2, 0, 0, 0, 0, 0, 1, 0, 1, 0, 1, 1, 2, 2, 0, 0, 0, 0, 0, 0, 0, 2, 0, 0, 1, 0, 0, 1, 0, 0, 3, 0, 0, 1, 0, 3, 0, 0, 0, 0, 2, 0, 0, 0, 0, 1, 3, 0, 0, 2, 1, 2],918.6487324495604,51531.535715336235,110278.19096818606,false
12,G3_TWC,G3_TWC,[31, 22, 82, 15, 26, 9, 95, 42, 77, 12, 47, 5, 93, 78, 86, 54, 85, 63, 18, 44, 20, 35, 43, 97, 91, 76, 10, 30, 21, 45, 71, 64, 1, 23, 17, 83, 24, 14, 60, 36, 41, 57, 40, 88, 65, 56, 79, 94, 67, 68, 46, 75, 38, 58, 19, 32, 81, 6, 27, 62, 87, 90, 99, 59, 11, 16, 72, 73, 69, 39, 37, 84, 3, 92, 25, 55, 28, 29, 51, 7, 66, 61, 98, 48, 89, 8, 33, 96, 53, 80, 50, 4, 34, 2, 52, 13, 0, 70, 74, 49]|[1, 1, 0, 1, 1, 0, 1, 2, 2, 1, 2, 2, 2, 1, 1, 0, 0, 1, 0, 2, 2, 0, 1, 2, 0, 1, 2, 2, 0, 0, 1, 2, 1, 2, 1, 0, 2, 0, 1, 1, 0, 1, 1, 1, 0, 2, 1, 1, 0, 0, 0, 0, 1, 1, 2, 1, 2, 0, 0, 0, 2, 1, 0, 1, 2, 1, 2, 1, 1, 1, 1, 1, 1, 0, 1, 1, 0, 0, 0, 1, 2, 1, 2, 0, 1, 0, 2, 0, 0, 0, 0, 0, 2, 0, 1, 0, 0, 1, 2, 0]|[4, 3, 2, 2, 4, 1, 2, 2, 2, 4, 1, 1, 2, 4, 4, 1, 2, 4, 2, 1, 1, 1, 1, 2, 1, 2, 1, 1, 1, 1, 3, 2, 3, 0, 4, 0, 1, 1, 0, 3, 2, 2, 2, 0, 1, 1, 0, 4, 0, 1, 2, 2, 1, 4, 0, 3, 2, 1, 1, 2, 1, 3, 1, 1, 1, 3, 0, 4, 3, 1, 4, 1, 1, 0, 4, 4, 2, 1, 1, 1, 1, 3, 1, 1, 1, 1, 1, 1, 2, 1, 1, 2, 1, 2, 1, 2, 2, 4, 1, 1]|[0, 2, 1, 1, 3, 0, 1, 0, 0, 0, 0, 0, 1, 0, 1, 0, 0, 3, 1, 0, 0, 0, 3, 1, 0, 2, 0, 0, 0, 1, 0, 0, 0, 0, 3, 0, 1, 0, 0, 2, 1, 1, 1, 0, 0, 0, 0, 2, 1, 0, 0, 0, 1, 3, 0, 0, 1, 0, 0, 1, 0, 2, 0, 1, 0, 2, 1, 0, 0, 1, 1, 3, 1, 1, 3, 3, 1, 0, 0, 2, 0, 0, 0, 0, 1, 0, 0, 0, 1, 0, 0, 1, 0, 0, 1, 0, 0, 2, 0, 1],828.6150361188287,57498.909092636255,92558.71763620913,false
12,G1_CMAX,G3_TWC,[31, 22, 82, 84, 26, 58, 95, 42, 77, 12, 47, 5, 93, 78, 86, 54, 85, 63, 18, 44, 20, 35, 43, 97, 91, 76, 10, 30, 21, 45, 71, 64, 1, 23, 17, 83, 24, 14, 60, 36, 6, 57, 40, 88, 65, 56, 79, 94, 67, 68, 46, 75, 38, 9, 19, 32, 81, 41, 27, 62, 87, 90, 99, 59, 11, 16, 72, 73, 70, 39, 37, 15, 3, 92, 25, 34, 28, 29, 51, 7, 33, 61, 98, 48, 89, 50, 66, 96, 80, 8, 55, 4, 53, 2, 52, 13, 0, 69, 74, 49]|[1, 1, 0, 1, 1, 0, 1, 2, 2, 1, 2, 2, 2, 1, 1, 0, 0, 1, 0, 2, 2, 0, 1, 2, 0, 1, 2, 2, 0, 0, 1, 2, 1, 2, 1, 0, 2, 0, 1, 1, 0, 1, 1, 1, 0, 2, 1, 1, 0, 0, 0, 0, 1, 1, 2, 1, 2, 0, 0, 0, 2, 1, 0, 1, 2, 1, 2, 1, 1, 1, 1, 1, 1, 0, 1, 2, 0, 0, 0, 1, 2, 1, 2, 0, 1, 0, 2, 2, 0, 0, 2, 1, 0, 0, 1, 0, 0, 1, 2, 0]|[4, 3, 2, 2, 4, 1, 2, 2, 2, 4, 1, 1, 2, 4, 4, 1, 2, 4, 2, 1, 1, 1, 1, 2, 1, 2, 1, 1, 1, 1, 3, 2, 3, 1, 4, 0, 1, 1, 0, 3, 2, 2, 2, 0, 1, 1, 0, 4, 0, 1, 2, 2, 1, 4, 0, 3, 2, 1, 1, 2, 1, 3, 1, 1, 1, 3, 0, 4, 3, 1, 4, 1, 1, 0, 4, 1, 2, 1, 1, 1, 1, 3, 1, 1, 1, 1, 1, 1, 1, 2, 1, 4, 2, 2, 1, 2, 2, 4, 1, 1]|[0, 2, 1, 1, 3, 0, 1, 0, 0, 0, 0, 0, 1, 0, 1, 0, 0, 3, 1, 0, 0, 0, 3, 1, 0, 2, 0, 0, 0, 1, 0, 0, 0, 0, 3, 0, 1, 0, 0, 2, 1, 1, 1, 0, 0, 0, 0, 2, 1, 0, 0, 0, 1, 3, 0, 0, 1, 0, 0, 1, 0, 2, 0, 1, 0, 2, 1, 0, 0, 1, 1, 3, 1, 1, 3, 0, 1, 0, 0, 2, 0, 0, 0, 0, 1, 0, 0, 0, 0, 1, 0, 0, 1, 0, 1, 0, 0, 2, 0, 1],775.7181768786576,56665.674603166226,94404.9775923701,true
12,G4_BALANCED,G4_BALANCED,[31, 22, 82, 15, 26, 58, 95, 42, 77, 12, 47, 5, 93, 78, 86, 54, 85, 63, 18, 44, 20, 35, 43, 97, 66, 76, 10, 30, 21, 45, 71, 1, 23, 17, 64, 83, 24, 14, 60, 36, 6, 57, 40, 88, 65, 56, 79, 94, 67, 68, 46, 75, 38, 9, 19, 32, 81, 41, 27, 62, 87, 90, 99, 59, 11, 16, 72, 73, 70, 39, 37, 84, 3, 92, 25, 55, 28, 29, 51, 7, 33, 61, 98, 48, 89, 8, 4, 96, 53, 80, 50, 91, 34, 2, 52, 13, 0, 69, 74, 49]|[1, 1, 0, 1, 1, 0, 1, 2, 2, 1, 2, 2, 2, 1, 1, 0, 0, 1, 0, 2, 2, 0, 1, 2, 0, 1, 2, 2, 0, 0, 1, 1, 2, 1, 2, 0, 2, 0, 1, 1, 0, 1, 1, 1, 0, 2, 1, 1, 0, 0, 0, 0, 1, 1, 2, 1, 2, 0, 0, 0, 2, 1, 0, 1, 2, 1, 2, 1, 1, 1, 1, 1, 1, 0, 1, 2, 0, 0, 0, 1, 2, 1, 2, 0, 1, 1, 1, 0, 0, 0, 0, 2, 2, 0, 1, 0, 0, 1, 2, 0]|[4, 3, 2, 2, 4, 1, 2, 2, 2, 4, 1, 1, 2, 4, 4, 1, 2, 4, 2, 1, 1, 1, 1, 2, 1, 2, 1, 1, 1, 1, 3, 3, 1, 4, 2, 0, 1, 1, 0, 3, 2, 2, 2, 0, 1, 1, 0, 4, 0, 1, 2, 2, 1, 4, 0, 3, 2, 1, 1, 2, 1, 3, 1, 1, 1, 3, 0, 4, 3, 1, 4, 1, 1, 0, 4, 1, 2, 1, 1, 1, 1, 3, 1, 1, 1, 3, 4, 1, 2, 1, 1, 1, 1, 2, 1, 2, 2, 4, 1, 1]|[0, 2, 1, 1, 3, 0, 1, 0, 0, 0, 0, 0, 1, 0, 1, 0, 0, 3, 1, 0, 0, 0, 3, 1, 0, 2, 0, 0, 0, 1, 0, 0, 0, 3, 0, 0, 1, 0, 0, 2, 1, 1, 1, 0, 0, 0, 0, 2, 1, 0, 0, 0, 1, 3, 0, 0, 1, 0, 0, 1, 0, 2, 0, 1, 0, 2, 1, 0, 0, 1, 1, 3, 1, 1, 3, 0, 1, 0, 0, 2, 0, 0, 0, 0, 1, 2, 0, 0, 1, 0, 0, 0, 0, 0, 1, 0, 0, 2, 0, 1],789.0082444965624,56783.920941447155,94181.8338005128,false
12,G2_TEC,G2_TEC,[31, 22, 82, 15, 26, 9, 95, 42, 77, 68, 47, 5, 93, 78, 86, 54, 85, 63, 18, 44, 20, 49, 36, 14, 74, 50, 53, 17, 21, 28, 71, 64, 3, 23, 30, 83, 24, 41, 60, 52, 65, 27, 90, 70, 39, 87, 48, 69, 99, 4, 46, 1, 13, 58, 97, 59, 33, 8, 73, 37, 35, 79, 11, 66, 76, 32, 40, 80, 96, 6, 16, 61, 45, 98, 57, 34, 12, 67, 10, 7, 56, 88, 29, 19, 91, 38, 75, 92, 43, 84, 51, 62, 55, 81, 25, 2, 0, 94, 89, 72]|[2, 1, 2, 1, 1, 2, 1, 1, 1, 1, 1, 0, 2, 2, 1, 2, 0, 0, 0, 2, 2, 1, 0, 2, 0, 2, 2, 1, 0, 1, 1, 1, 0, 0, 1, 0, 2, 1, 2, 2, 0, 0, 1, 1, 0, 2, 0, 2, 1, 0, 0, 2, 0, 0, 2, 0, 1, 1, 0, 0, 1, 1, 0, 2, 2, 0, 2, 2, 0, 1, 2, 1, 1, 0, 0, 1, 1, 1, 1, 2, 2, 1, 1, 1, 1, 0, 0, 0, 1, 0, 1, 1, 0, 1, 1, 2, 0, 1, 1, 1]|[0, 3, 0, 2, 4, 1, 4, 4, 2, 4, 3, 2, 1, 0, 2, 1, 1, 1, 2, 1, 1, 3, 0, 1, 0, 1, 1, 4, 1, 4, 3, 2, 2, 0, 4, 1, 1, 4, 0, 1, 2, 1, 4, 4, 1, 1, 0, 2, 3, 1, 2, 1, 2, 1, 1, 2, 4, 3, 0, 2, 3, 3, 1, 0, 1, 2, 0, 1, 2, 4, 1, 3, 4, 2, 2, 4, 3, 3, 3, 1, 1, 4, 3, 4, 3, 2, 2, 2, 4, 2, 3, 3, 2, 1, 4, 1, 2, 4, 4, 4]|[0, 2, 0, 1, 3, 0, 1, 3, 0, 0, 2, 0, 1, 0, 1, 0, 0, 0, 1, 0, 0, 2, 0, 0, 1, 0, 0, 3, 0, 1, 0, 2, 0, 0, 3, 0, 1, 3, 1, 0, 0, 0, 1, 3, 0, 0, 1, 0, 2, 0, 0, 0, 0, 0, 1, 0, 1, 0, 1, 1, 2, 2, 0, 0, 0, 0, 0, 0, 0, 2, 0, 0, 1, 0, 0, 1, 0, 0, 3, 0, 0, 1, 0, 3, 0, 0, 0, 0, 2, 0, 0, 0, 0, 1, 3, 0, 0, 2, 1, 2],918.6487324495604,51531.535715336235,110278.19096818606,false
12,G3_TWC,G3_TWC,[31, 22, 82, 15, 26, 9, 95, 42, 77, 12, 47, 5, 93, 78, 86, 54, 85, 63, 18, 44, 20, 35, 43, 97, 91, 76, 10, 30, 21, 45, 71, 64, 1, 23, 17, 83, 24, 14, 60, 36, 41, 57, 40, 88, 65, 56, 79, 94, 67, 68, 46, 75, 38, 58, 19, 32, 81, 6, 27, 62, 87, 90, 99, 59, 11, 16, 72, 73, 69, 39, 37, 84, 3, 92, 25, 55, 28, 29, 51, 7, 66, 61, 98, 48, 89, 8, 33, 96, 53, 80, 50, 4, 34, 2, 52, 13, 0, 70, 74, 49]|[1, 1, 0, 1, 1, 0, 1, 2, 2, 1, 2, 2, 2, 1, 1, 0, 0, 1, 0, 2, 2, 0, 1, 2, 0, 1, 2, 2, 0, 0, 1, 2, 1, 2, 1, 0, 2, 0, 1, 1, 0, 1, 1, 1, 0, 2, 1, 1, 0, 0, 0, 0, 1, 1, 2, 1, 2, 0, 0, 0, 2, 1, 0, 1, 2, 1, 2, 1, 1, 1, 1, 1, 1, 0, 1, 1, 0, 0, 0, 1, 2, 1, 2, 0, 1, 0, 2, 0, 0, 0, 0, 0, 2, 0, 1, 0, 0, 1, 2, 0]|[4, 3, 2, 2, 4, 1, 2, 2, 2, 4, 1, 1, 2, 4, 4, 1, 2, 4, 2, 1, 1, 1, 1, 2, 1, 2, 1, 1, 1, 1, 3, 2, 3, 0, 4, 0, 1, 1, 0, 3, 2, 2, 2, 0, 1, 1, 0, 4, 0, 1, 2, 2, 1, 4, 0, 3, 2, 1, 1, 2, 1, 3, 1, 1, 1, 3, 0, 4, 3, 1, 4, 1, 1, 0, 4, 4, 2, 1, 1, 1, 1, 3, 1, 1, 1, 1, 1, 1, 2, 1, 1, 2, 1, 2, 1, 2, 2, 4, 1, 1]|[0, 2, 1, 1, 3, 0, 1, 0, 0, 0, 0, 0, 1, 0, 1, 0, 0, 3, 1, 0, 0, 0, 3, 1, 0, 2, 0, 0, 0, 1, 0, 0, 0, 0, 3, 0, 1, 0, 0, 2, 1, 1, 1, 0, 0, 0, 0, 2, 1, 0, 0, 0, 1, 3, 0, 0, 1, 0, 0, 1, 0, 2, 0, 1, 0, 2, 1, 0, 0, 1, 1, 3, 1, 1, 3, 3, 1, 0, 0, 2, 0, 0, 0, 0, 1, 0, 0, 0, 1, 0, 0, 1, 0, 0, 1, 0, 0, 2, 0, 1],828.6150361188287,57498.909092636255,92558.71763620913,false
12,G1_CMAX,G4_BALANCED,[31, 22, 82, 15, 26, 58, 95, 42, 77, 12, 47, 5, 93, 78, 86, 54, 85, 63, 18, 44, 20, 35, 43, 97, 91, 76, 10, 30, 21, 45, 71, 64, 1, 23, 17, 83, 24, 14, 60, 36, 6, 57, 40, 88, 65, 56, 79, 94, 67, 68, 46, 19, 38, 9, 75, 32, 81, 41, 27, 62, 87, 90, 99, 59, 11, 16, 72, 73, 70, 39, 37, 84, 3, 92, 25, 55, 28, 29, 51, 7, 66, 61, 98, 48, 89, 8, 4, 96, 53, 80, 50, 33, 34, 2, 52, 13, 0, 69, 74, 49]|[1, 1, 0, 1, 1, 0, 1, 2, 2, 1, 2, 2, 2, 1, 1, 0, 0, 1, 0, 2, 2, 0, 1, 2, 0, 1, 2, 2, 0, 0, 1, 2, 1, 2, 1, 0, 2, 0, 1, 1, 0, 1, 1, 1, 0, 2, 1, 1, 0, 0, 0, 2, 1, 1, 0, 1, 2, 0, 0, 0, 2, 1, 0, 1, 2, 1, 2, 1, 1, 1, 1, 1, 1, 0, 1, 2, 0, 0, 0, 1, 2, 1, 2, 0, 1, 1, 1, 2, 0, 0, 0, 0, 2, 0, 2, 0, 0, 1, 2, 0]|[4, 3, 2, 2, 4, 1, 2, 2, 2, 4, 1, 1, 2, 4, 4, 1, 2, 4, 2, 1, 1, 1, 1, 2, 1, 2, 1, 1, 1, 1, 3, 2, 3, 1, 4, 0, 1, 1, 0, 3, 2, 2, 2, 0, 1, 1, 0, 4, 0, 1, 2, 0, 1, 4, 2, 3, 2, 1, 1, 2, 1, 3, 1, 1, 1, 3, 0, 4, 3, 1, 4, 1, 1, 0, 4, 1, 2, 1, 1, 3, 1, 3, 1, 1, 1, 3, 4, 1, 2, 1, 1, 2, 1, 2, 1, 2, 2, 4, 1, 1]|[0, 2, 1, 1, 3, 0, 1, 0, 0, 0, 0, 0, 1, 0, 1, 0, 0, 3, 1, 0, 0, 0, 3, 1, 0, 2, 0, 0, 0, 1, 0, 0, 0, 0, 3, 0, 1, 0, 0, 2, 1, 1, 1, 0, 0, 0, 0, 2, 1, 0, 0, 0, 1, 3, 0, 0, 1, 0, 0, 1, 0, 2, 0, 1, 0, 2, 1, 0, 0, 1, 1, 3, 1, 1, 3, 0, 1, 0, 0, 2, 0, 0, 0, 0, 1, 2, 0, 0, 1, 0, 0, 1, 0, 0, 0, 0, 0, 2, 0, 1],775.9567052105918,56359.04561699396,95470.51987333126,true
12,G4_BALANCED,G4_BALANCED,[31, 22, 82, 15, 26, 58, 95, 42, 77, 12, 47, 5, 93, 78, 86, 54, 85, 63, 18, 44, 20, 35, 43, 97, 66, 76, 10, 30, 21, 45, 71, 1, 23, 17, 64, 83, 24, 14, 60, 36, 6, 57, 40, 88, 65, 56, 79, 94, 67, 68, 46, 75, 38, 9, 19, 32, 81, 41, 27, 62, 87, 90, 99, 59, 11, 16, 72, 73, 70, 39, 37, 84, 3, 92, 25, 55, 28, 29, 51, 7, 33, 61, 98, 48, 89, 8, 4, 96, 53, 80, 50, 91, 34, 2, 52, 13, 0, 69, 74, 49]|[1, 1, 0, 1, 1, 0, 1, 2, 2, 1, 2, 2, 2, 1, 1, 0, 0, 1, 0, 2, 2, 0, 1, 2, 0, 1, 2, 2, 0, 0, 1, 1, 2, 1, 2, 0, 2, 0, 1, 1, 0, 1, 1, 1, 0, 2, 1, 1, 0, 0, 0, 0, 1, 1, 2, 1, 2, 0, 0, 0, 2, 1, 0, 1, 2, 1, 2, 1, 1, 1, 1, 1, 1, 0, 1, 2, 0, 0, 0, 1, 2, 1, 2, 0, 1, 1, 1, 0, 0, 0, 0, 2, 2, 0, 1, 0, 0, 1, 2, 0]|[4, 3, 2, 2, 4, 1, 2, 2, 2, 4, 1, 1, 2, 4, 4, 1, 2, 4, 2, 1, 1, 1, 1, 2, 1, 2, 1, 1, 1, 1, 3, 3, 1, 4, 2, 0, 1, 1, 0, 3, 2, 2, 2, 0, 1, 1, 0, 4, 0, 1, 2, 2, 1, 4, 0, 3, 2, 1, 1, 2, 1, 3, 1, 1, 1, 3, 0, 4, 3, 1, 4, 1, 1, 0, 4, 1, 2, 1, 1, 1, 1, 3, 1, 1, 1, 3, 4, 1, 2, 1, 1, 1, 1, 2, 1, 2, 2, 4, 1, 1]|[0, 2, 1, 1, 3, 0, 1, 0, 0, 0, 0, 0, 1, 0, 1, 0, 0, 3, 1, 0, 0, 0, 3, 1, 0, 2, 0, 0, 0, 1, 0, 0, 0, 3, 0, 0, 1, 0, 0, 2, 1, 1, 1, 0, 0, 0, 0, 2, 1, 0, 0, 0, 1, 3, 0, 0, 1, 0, 0, 1, 0, 2, 0, 1, 0, 2, 1, 0, 0, 1, 1, 3, 1, 1, 3, 0, 1, 0, 0, 2, 0, 0, 0, 0, 1, 2, 0, 0, 1, 0, 0, 0, 0, 0, 1, 0, 0, 2, 0, 1],789.0082444965624,56783.920941447155,94181.8338005128,false
12,G2_TEC,G2_TEC,[31, 22, 82, 15, 26, 9, 95, 42, 77, 68, 47, 5, 93, 78, 86, 54, 85, 63, 18, 44, 20, 49, 36, 14, 74, 50, 53, 17, 21, 28, 71, 64, 3, 23, 30, 83, 24, 41, 60, 52, 65, 27, 90, 70, 39, 87, 48, 69, 99, 4, 46, 1, 13, 58, 97, 59, 33, 8, 73, 37, 35, 79, 11, 66, 76, 32, 40, 80, 96, 6, 16, 61, 45, 98, 57, 34, 12, 67, 10, 7, 56, 88, 29, 19, 91, 38, 75, 92, 43, 84, 51, 62, 55, 81, 25, 2, 0, 94, 89, 72]|[2, 1, 2, 1, 1, 2, 1, 1, 1, 1, 1, 0, 2, 2, 1, 2, 0, 0, 0, 2, 2, 1, 0, 2, 0, 2, 2, 1, 0, 1, 1, 1, 0, 0, 1, 0, 2, 1, 2, 2, 0, 0, 1, 1, 0, 2, 0, 2, 1, 0, 0, 2, 0, 0, 2, 0, 1, 1, 0, 0, 1, 1, 0, 2, 2, 0, 2, 2, 0, 1, 2, 1, 1, 0, 0, 1, 1, 1, 1, 2, 2, 1, 1, 1, 1, 0, 0, 0, 1, 0, 1, 1, 0, 1, 1, 2, 0, 1, 1, 1]|[0, 3, 0, 2, 4, 1, 4, 4, 2, 4, 3, 2, 1, 0, 2, 1, 1, 1, 2, 1, 1, 3, 0, 1, 0, 1, 1, 4, 1, 4, 3, 2, 2, 0, 4, 1, 1, 4, 0, 1, 2, 1, 4, 4, 1, 1, 0, 2, 3, 1, 2, 1, 2, 1, 1, 2, 4, 3, 0, 2, 3, 3, 1, 0, 1, 2, 0, 1, 2, 4, 1, 3, 4, 2, 2, 4, 3, 3, 3, 1, 1, 4, 3, 4, 3, 2, 2, 2, 4, 2, 3, 3, 2, 1, 4, 1, 2, 4, 4, 4]|[0, 2, 0, 1, 3, 0, 1, 3, 0, 0, 2, 0, 1, 0, 1, 0, 0, 0, 1, 0, 0, 2, 0, 0, 1, 0, 0, 3, 0, 1, 0, 2, 0, 0, 3, 0, 1, 3, 1, 0, 0, 0, 1, 3, 0, 0, 1, 0, 2, 0, 0, 0, 0, 0, 1, 0, 1, 0, 1, 1, 2, 2, 0, 0, 0, 0, 0, 0, 0, 2, 0, 0, 1, 0, 0, 1, 0, 0, 3, 0, 0, 1, 0, 3, 0, 0, 0, 0, 2, 0, 0, 0, 0, 1, 3, 0, 0, 2, 1, 2],918.6487324495604,51531.535715336235,110278.19096818606,false
12,G3_TWC,G3_TWC,[31, 22, 82, 15, 26, 9, 95, 42, 77, 12, 47, 5, 93, 78, 86, 54, 85, 63, 18, 44, 20, 35, 43, 97, 91, 76, 10, 30, 21, 45, 71, 64, 1, 23, 17, 83, 24, 14, 60, 36, 41, 57, 40, 88, 65, 56, 79, 94, 67, 68, 46, 75, 38, 58, 19, 32, 81, 6, 27, 62, 87, 90, 99, 59, 11, 16, 72, 73, 69, 39, 37, 84, 3, 92, 25, 55, 28, 29, 51, 7, 66, 61, 98, 48, 89, 8, 33, 96, 53, 80, 50, 4, 34, 2, 52, 13, 0, 70, 74, 49]|[1, 1, 0, 1, 1, 0, 1, 2, 2, 1, 2, 2, 2, 1, 1, 0, 0, 1, 0, 2, 2, 0, 1, 2, 0, 1, 2, 2, 0, 0, 1, 2, 1, 2, 1, 0, 2, 0, 1, 1, 0, 1, 1, 1, 0, 2, 1, 1, 0, 0, 0, 0, 1, 1, 2, 1, 2, 0, 0, 0, 2, 1, 0, 1, 2, 1, 2, 1, 1, 1, 1, 1, 1, 0, 1, 1, 0, 0, 0, 1, 2, 1, 2, 0, 1, 0, 2, 0, 0, 0, 0, 0, 2, 0, 1, 0, 0, 1, 2, 0]|[4, 3, 2, 2, 4, 1, 2, 2, 2, 4, 1, 1, 2, 4, 4, 1, 2, 4, 2, 1, 1, 1, 1, 2, 1, 2, 1, 1, 1, 1, 3, 2, 3, 0, 4, 0, 1, 1, 0, 3, 2, 2, 2, 0, 1, 1, 0, 4, 0, 1, 2, 2, 1, 4, 0, 3, 2, 1, 1, 2, 1, 3, 1, 1, 1, 3, 0, 4, 3, 1, 4, 1, 1, 0, 4, 4, 2, 1, 1, 1, 1, 3, 1, 1, 1, 1, 1, 1, 2, 1, 1, 2, 1, 2, 1, 2, 2, 4, 1, 1]|[0, 2, 1, 1, 3, 0, 1, 0, 0, 0, 0, 0, 1, 0, 1, 0, 0, 3, 1, 0, 0, 0, 3, 1, 0, 2, 0, 0, 0, 1, 0, 0, 0, 0, 3, 0, 1, 0, 0, 2, 1, 1, 1, 0, 0, 0, 0, 2, 1, 0, 0, 0, 1, 3, 0, 0, 1, 0, 0, 1, 0, 2, 0, 1, 0, 2, 1, 0, 0, 1, 1, 3, 1, 1, 3, 3, 1, 0, 0, 2, 0, 0, 0, 0, 1, 0, 0, 0, 1, 0, 0, 1, 0, 0, 1, 0, 0, 2, 0, 1],828.6150361188287,57498.909092636255,92558.71763620913,false
12,G1_CMAX,G3_TWC,[31, 22, 82, 15, 26, 9, 95, 42, 77, 12, 47, 5, 93, 78, 86, 54, 85, 63, 18, 44, 20, 35, 43, 97, 91, 76, 10, 30, 21, 45, 71, 64, 1, 23, 17, 83, 24, 14, 60, 36, 41, 57, 40, 88, 65, 56, 79, 94, 67, 68, 46, 75, 38, 58, 19, 32, 81, 6, 27, 62, 87, 90, 99, 59, 11, 16, 72, 73, 69, 39, 37, 84, 3, 92, 25, 55, 28, 29, 51, 8, 66, 61, 98, 48, 89, 50, 7, 96, 53, 80, 4, 33, 34, 2, 52, 13, 0, 70, 74, 49]|[1, 1, 0, 1, 1, 0, 1, 2, 2, 1, 2, 2, 2, 1, 1, 0, 0, 1, 0, 2, 2, 0, 1, 2, 0, 1, 2, 2, 0, 0, 1, 2, 1, 2, 1, 0, 2, 0, 1, 1, 0, 1, 1, 1, 0, 2, 1, 1, 0, 0, 0, 0, 1, 1, 2, 1, 2, 0, 0, 0, 2, 1, 0, 1, 2, 1, 2, 1, 1, 1, 1, 1, 1, 0, 1, 1, 0, 0, 0, 0, 2, 1, 0, 0, 1, 0, 1, 0, 0, 0, 0, 2, 2, 0, 1, 0, 0, 1, 2, 0]|[4, 3, 2, 2, 4, 1, 2, 2, 2, 4, 1, 1, 2, 4, 4, 1, 2, 4, 2, 1, 1, 1, 1, 2, 1, 2, 1, 1, 1, 1, 3, 2, 3, 0, 4, 0, 1, 1, 0, 3, 2, 2, 2, 0, 1, 1, 0, 4, 0, 1, 2, 2, 1, 4, 0, 3, 2, 1, 1, 2, 1, 3, 1, 1, 1, 3, 0, 4, 3, 1, 4, 1, 1, 0, 4, 4, 2, 1, 1, 1, 1, 3, 1, 1, 1, 1, 1, 1, 2, 1, 2, 1, 1, 2, 1, 2, 2, 4, 1, 1]|[0, 2, 1, 1, 3, 0, 1, 0, 0, 0, 0, 0, 1, 0, 1, 0, 0, 3, 1, 0, 0, 0, 3, 1, 0, 2, 0, 0, 0, 1, 0, 0, 0, 0, 3, 0, 1, 0, 0, 2, 1, 1, 1, 0, 0, 0, 0, 2, 1, 0, 0, 0, 1, 3, 0, 0, 1, 0, 0, 1, 0, 2, 0, 1, 0, 2, 1, 0, 0, 1, 1, 3, 1, 1, 3, 3, 1, 0, 0, 0, 0, 0, 0, 0, 1, 0, 2, 0, 1, 0, 1, 0, 0, 0, 1, 0, 0, 2, 0, 1],843.9704960399636,57331.166555785385,92670.69733401276,true
12,G4_BALANCED,G4_BALANCED,[31, 22, 82, 15, 26, 58, 95, 42, 77, 12, 47, 5, 93, 78, 86, 54, 85, 63, 18, 44, 20, 35, 43, 97, 66, 76, 10, 30, 21, 45, 71, 1, 23, 17, 64, 83, 24, 14, 60, 36, 6, 57, 40, 88, 65, 56, 79, 94, 67, 68, 46, 75, 38, 9, 19, 32, 81, 41, 27, 62, 87, 90, 99, 59, 11, 16, 72, 73, 70, 39, 37, 84, 3, 92, 25, 55, 28, 29, 51, 7, 33, 61, 98, 48, 89, 8, 4, 96, 53, 80, 50, 91, 34, 2, 52, 13, 0, 69, 74, 49]|[1, 1, 0, 1, 1, 0, 1, 2, 2, 1, 2, 2, 2, 1, 1, 0, 0, 1, 0, 2, 2, 0, 1, 2, 0, 1, 2, 2, 0, 0, 1, 1, 2, 1, 2, 0, 2, 0, 1, 1, 0, 1, 1, 1, 0, 2, 1, 1, 0, 0, 0, 0, 1, 1, 2, 1, 2, 0, 0, 0, 2, 1, 0, 1, 2, 1, 2, 1, 1, 1, 1, 1, 1, 0, 1, 2, 0, 0, 0, 1, 2, 1, 2, 0, 1, 1, 1, 0, 0, 0, 0, 2, 2, 0, 1, 0, 0, 1, 2, 0]|[4, 3, 2, 2, 4, 1, 2, 2, 2, 4, 1, 1, 2, 4, 4, 1, 2, 4, 2, 1, 1, 1, 1, 2, 1, 2, 1, 1, 1, 1, 3, 3, 1, 4, 2, 0, 1, 1, 0, 3, 2, 2, 2, 0, 1, 1, 0, 4, 0, 1, 2, 2, 1, 4, 0, 3, 2, 1, 1, 2, 1, 3, 1, 1, 1, 3, 0, 4, 3, 1, 4, 1, 1, 0, 4, 1, 2, 1, 1, 1, 1, 3, 1, 1, 1, 3, 4, 1, 2, 1, 1, 1, 1, 2, 1, 2, 2, 4, 1, 1]|[0, 2, 1, 1, 3, 0, 1, 0, 0, 0, 0, 0, 1, 0, 1, 0, 0, 3, 1, 0, 0, 0, 3, 1, 0, 2, 0, 0, 0, 1, 0, 0, 0, 3, 0, 0, 1, 0, 0, 2, 1, 1, 1, 0, 0, 0, 0, 2, 1, 0, 0, 0, 1, 3, 0, 0, 1, 0, 0, 1, 0, 2, 0, 1, 0, 2, 1, 0, 0, 1, 1, 3, 1, 1, 3, 0, 1, 0, 0, 2, 0, 0, 0, 0, 1, 2, 0, 0, 1, 0, 0, 0, 0, 0, 1, 0, 0, 2, 0, 1],789.0082444965624,56783.920941447155,94181.8338005128,false
12,G2_TEC,G2_TEC,[31, 22, 82, 15, 26, 9, 95, 42, 77, 68, 47, 5, 93, 78, 86, 54, 85, 63, 18, 44, 20, 49, 36, 14, 74, 50, 53, 17, 21, 28, 71, 64, 3, 23, 30, 83, 24, 41, 60, 52, 65, 27, 90, 70, 39, 87, 48, 69, 99, 4, 46, 1, 13, 58, 97, 59, 33, 8, 73, 37, 35, 79, 11, 66, 76, 32, 40, 80, 96, 6, 16, 61, 45, 98, 57, 34, 12, 67, 10, 7, 56, 88, 29, 19, 91, 38, 75, 92, 43, 84, 51, 62, 55, 81, 25, 2, 0, 94, 89, 72]|[2, 1, 2, 1, 1, 2, 1, 1, 1, 1, 1, 0, 2, 2, 1, 2, 0, 0, 0, 2, 2, 1, 0, 2, 0, 2, 2, 1, 0, 1, 1, 1, 0, 0, 1, 0, 2, 1, 2, 2, 0, 0, 1, 1, 0, 2, 0, 2, 1, 0, 0, 2, 0, 0, 2, 0, 1, 1, 0, 0, 1, 1, 0, 2, 2, 0, 2, 2, 0, 1, 2, 1, 1, 0, 0, 1, 1, 1, 1, 2, 2, 1, 1, 1, 1, 0, 0, 0, 1, 0, 1, 1, 0, 1, 1, 2, 0, 1, 1, 1]|[0, 3, 0, 2, 4, 1, 4, 4, 2, 4, 3, 2, 1, 0, 2, 1, 1, 1, 2, 1, 1, 3, 0, 1, 0, 1, 1, 4, 1, 4, 3, 2, 2, 0, 4, 1, 1, 4, 0, 1, 2, 1, 4, 4, 1, 1, 0, 2, 3, 1, 2, 1, 2, 1, 1, 2, 4, 3, 0, 2, 3, 3, 1, 0, 1, 2, 0, 1, 2, 4, 1, 3, 4, 2, 2, 4, 3, 3, 3, 1, 1, 4, 3, 4, 3, 2, 2, 2, 4, 2, 3, 3, 2, 1, 4, 1, 2, 4, 4, 4]|[0, 2, 0, 1, 3, 0, 1, 3, 0, 0, 2, 0, 1, 0, 1, 0, 0, 0, 1, 0, 0, 2, 0, 0, 1, 0, 0, 3, 0, 1, 0, 2, 0, 0, 3, 0, 1, 3, 1, 0, 0, 0, 1, 3, 0, 0, 1, 0, 2, 0, 0, 0, 0, 0, 1, 0, 1, 0, 1, 1, 2, 2, 0, 0, 0, 0, 0, 0, 0, 2, 0, 0, 1, 0, 0, 1, 0, 0, 3, 0, 0, 1, 0, 3, 0, 0, 0, 0, 2, 0, 0, 0, 0, 1, 3, 0, 0, 2, 1, 2],918.6487324495604,51531.535715336235,110278.19096818606,false
12,G3_TWC,G3_TWC,[31, 22, 82, 15, 26, 9, 95, 42, 77, 12, 47, 5, 93, 78, 86, 54, 85, 63, 18, 44, 20, 35, 43, 97, 91, 76, 10, 30, 21, 45, 71, 64, 1, 23, 17, 83, 24, 14, 60, 36, 41, 57, 40, 88, 65, 56, 79, 94, 67, 68, 46, 75, 38, 58, 19, 32, 81, 6, 27, 62, 87, 90, 99, 59, 11, 16, 72, 73, 69, 39, 37, 84, 3, 92, 25, 55, 28, 29, 51, 7, 66, 61, 98, 48, 89, 8, 33, 96, 53, 80, 50, 4, 34, 2, 52, 13, 0, 70, 74, 49]|[1, 1, 0, 1, 1, 0, 1, 2, 2, 1, 2, 2, 2, 1, 1, 0, 0, 1, 0, 2, 2, 0, 1, 2, 0, 1, 2, 2, 0, 0, 1, 2, 1, 2, 1, 0, 2, 0, 1, 1, 0, 1, 1, 1, 0, 2, 1, 1, 0, 0, 0, 0, 1, 1, 2, 1, 2, 0, 0, 0, 2, 1, 0, 1, 2, 1, 2, 1, 1, 1, 1, 1, 1, 0, 1, 1, 0, 0, 0, 1, 2, 1, 2, 0, 1, 0, 2, 0, 0, 0, 0, 0, 2, 0, 1, 0, 0, 1, 2, 0]|[4, 3, 2, 2, 4, 1, 2, 2, 2, 4, 1, 1, 2, 4, 4, 1, 2, 4, 2, 1, 1, 1, 1, 2, 1, 2, 1, 1, 1, 1, 3, 2, 3, 0, 4, 0, 1, 1, 0, 3, 2, 2, 2, 0, 1, 1, 0, 4, 0, 1, 2, 2, 1, 4, 0, 3, 2, 1, 1, 2, 1, 3, 1, 1, 1, 3, 0, 4, 3, 1, 4, 1, 1, 0, 4, 4, 2, 1, 1, 1, 1, 3, 1, 1, 1, 1, 1, 1, 2, 1, 1, 2, 1, 2, 1, 2, 2, 4, 1, 1]|[0, 2, 1, 1, 3, 0, 1, 0, 0, 0, 0, 0, 1, 0, 1, 0, 0, 3, 1, 0, 0, 0, 3, 1, 0, 2, 0, 0, 0, 1, 0, 0, 0, 0, 3, 0, 1, 0, 0, 2, 1, 1, 1, 0, 0, 0, 0, 2, 1, 0, 0, 0, 1, 3, 0, 0, 1, 0, 0, 1, 0, 2, 0, 1, 0, 2, 1, 0, 0, 1, 1, 3, 1, 1, 3, 3, 1, 0, 0, 2, 0, 0, 0, 0, 1, 0, 0, 0, 1, 0, 0, 1, 0, 0, 1, 0, 0, 2, 0, 1],828.6150361188287,57498.909092636255,92558.71763620913,false
12,G1_CMAX,G4_BALANCED,[31, 22, 82, 15, 26, 9, 95, 42, 77, 68, 47, 5, 93, 78, 86, 54, 85, 63, 18, 44, 20, 49, 36, 14, 74, 50, 53, 17, 21, 45, 71, 64, 3, 23, 30, 83, 24, 41, 60, 52, 65, 27, 90, 70, 39, 87, 48, 69, 99, 4, 46, 1, 13, 58, 97, 59, 28, 8, 73, 37, 35, 79, 11, 66, 76, 57, 40, 80, 96, 6, 16, 61, 33, 98, 32, 81, 62, 67, 10, 7, 56, 88, 51, 19, 91, 38, 75, 92, 0, 12, 2, 55, 43, 84, 34, 25, 29, 94, 89, 72]|[2, 1, 2, 1, 1, 2, 1, 1, 1, 1, 1, 0, 2, 2, 1, 2, 0, 0, 0, 2, 2, 1, 0, 2, 0, 2, 2, 1, 0, 1, 1, 1, 0, 0, 1, 0, 2, 1, 2, 2, 0, 0, 1, 1, 0, 2, 0, 2, 1, 0, 0, 2, 0, 0, 2, 0, 2, 1, 0, 0, 2, 1, 0, 2, 2, 0, 2, 2, 0, 1, 2, 1, 1, 0, 0, 1, 1, 1, 1, 2, 0, 1, 1, 1, 1, 0, 2, 0, 0, 1, 2, 2, 1, 0, 1, 1, 1, 1, 1, 1]|[0, 3, 0, 2, 4, 1, 4, 4, 2, 4, 3, 2, 1, 0, 2, 1, 1, 1, 2, 1, 1, 3, 0, 1, 0, 1, 1, 4, 1, 4, 3, 2, 2, 0, 4, 1, 1, 4, 0, 1, 2, 1, 4, 4, 1, 1, 0, 2, 3, 1, 2, 1, 2, 1, 1, 2, 0, 3, 0, 2, 2, 3, 1, 0, 1, 0, 0, 1, 2, 4, 1, 3, 4, 2, 2, 4, 3, 3, 3, 1, 2, 4, 3, 4, 3, 2, 2, 2, 2, 3, 1, 1, 4, 2, 1, 4, 3, 4, 4, 4]|[0, 2, 0, 1, 3, 0, 1, 3, 0, 0, 2, 0, 1, 0, 1, 0, 0, 0, 1, 0, 0, 2, 0, 0, 1, 0, 0, 3, 0, 1, 0, 2, 0, 0, 3, 0, 1, 3, 1, 0, 0, 0, 1, 3, 0, 0, 1, 0, 2, 0, 0, 0, 0, 0, 1, 0, 0, 0, 1, 1, 0, 2, 0, 0, 0, 1, 0, 0, 0, 2, 0, 0, 1, 0, 0, 2, 0, 0, 3, 0, 0, 1, 0, 3, 0, 0, 1, 0, 0, 0, 0, 0, 2, 0, 1, 3, 0, 2, 1, 2],874.4420158575196,52549.18464653409,110940.6186560849,true
12,G4_BALANCED,G4_BALANCED,[31, 22, 82, 15, 26, 58, 95, 42, 77, 12, 47, 5, 93, 78, 86, 54, 85, 63, 18, 44, 20, 35, 43, 97, 66, 76, 10, 30, 21, 45, 71, 1, 23, 17, 64, 83, 24, 14, 60, 36, 6, 57, 40, 88, 65, 56, 79, 94, 67, 68, 46, 75, 38, 9, 19, 32, 81, 41, 27, 62, 87, 90, 99, 59, 11, 16, 72, 73, 70, 39, 37, 84, 3, 92, 25, 55, 28, 29, 51, 7, 33, 61, 98, 48, 89, 8, 4, 96, 53, 80, 50, 91, 34, 2, 52, 13, 0, 69, 74, 49]|[1, 1, 0, 1, 1, 0, 1, 2, 2, 1, 2, 2, 2, 1, 1, 0, 0, 1, 0, 2, 2, 0, 1, 2, 0, 1, 2, 2, 0, 0, 1, 1, 2, 1, 2, 0, 2, 0, 1, 1, 0, 1, 1, 1, 0, 2, 1, 1, 0, 0, 0, 0, 1, 1, 2, 1, 2, 0, 0, 0, 2, 1, 0, 1, 2, 1, 2, 1, 1, 1, 1, 1, 1, 0, 1, 2, 0, 0, 0, 1, 2, 1, 2, 0, 1, 1, 1, 0, 0, 0, 0, 2, 2, 0, 1, 0, 0, 1, 2, 0]|[4, 3, 2, 2, 4, 1, 2, 2, 2, 4, 1, 1, 2, 4, 4, 1, 2, 4, 2, 1, 1, 1, 1, 2, 1, 2, 1, 1, 1, 1, 3, 3, 1, 4, 2, 0, 1, 1, 0, 3, 2, 2, 2, 0, 1, 1, 0, 4, 0, 1, 2, 2, 1, 4, 0, 3, 2, 1, 1, 2, 1, 3, 1, 1, 1, 3, 0, 4, 3, 1, 4, 1, 1, 0, 4, 1, 2, 1, 1, 1, 1, 3, 1, 1, 1, 3, 4, 1, 2, 1, 1, 1, 1, 2, 1, 2, 2, 4, 1, 1]|[0, 2, 1, 1, 3, 0, 1, 0, 0, 0, 0, 0, 1, 0, 1, 0, 0, 3, 1, 0, 0, 0, 3, 1, 0, 2, 0, 0, 0, 1, 0, 0, 0, 3, 0, 0, 1, 0, 0, 2, 1, 1, 1, 0, 0, 0, 0, 2, 1, 0, 0, 0, 1, 3, 0, 0, 1, 0, 0, 1, 0, 2, 0, 1, 0, 2, 1, 0, 0, 1, 1, 3, 1, 1, 3, 0, 1, 0, 0, 2, 0, 0, 0, 0, 1, 2, 0, 0, 1, 0, 0, 0, 0, 0, 1, 0, 0, 2, 0, 1],789.0082444965624,56783.920941447155,94181.8338005128,false
12,G2_TEC,G2_TEC,[31, 22, 82, 15, 26, 9, 95, 42, 77, 68, 47, 5, 93, 78, 86, 54, 85, 63, 18, 44, 20, 49, 36, 14, 74, 50, 53, 17, 21, 28, 71, 64, 3, 23, 30, 83, 24, 41, 60, 52, 65, 27, 90, 70, 39, 87, 48, 69, 99, 4, 46, 1, 13, 58, 97, 59, 33, 8, 73, 37, 35, 79, 11, 66, 76, 32, 40, 80, 96, 6, 16, 61, 45, 98, 57, 34, 12, 67, 10, 7, 56, 88, 29, 19, 91, 38, 75, 92, 43, 84, 51, 62, 55, 81, 25, 2, 0, 94, 89, 72]|[2, 1, 2, 1, 1, 2, 1, 1, 1, 1, 1, 0, 2, 2, 1, 2, 0, 0, 0, 2, 2, 1, 0, 2, 0, 2, 2, 1, 0, 1, 1, 1, 0, 0, 1, 0, 2, 1, 2, 2, 0, 0, 1, 1, 0, 2, 0, 2, 1, 0, 0, 2, 0, 0, 2, 0, 1, 1, 0, 0, 1, 1, 0, 2, 2, 0, 2, 2, 0, 1, 2, 1, 1, 0, 0, 1, 1, 1, 1, 2, 2, 1, 1, 1, 1, 0, 0, 0, 1, 0, 1, 1, 0, 1, 1, 2, 0, 1, 1, 1]|[0, 3, 0, 2, 4, 1, 4, 4, 2, 4, 3, 2, 1, 0, 2, 1, 1, 1, 2, 1, 1, 3, 0, 1, 0, 1, 1, 4, 1, 4, 3, 2, 2, 0, 4, 1, 1, 4, 0, 1, 2, 1, 4, 4, 1, 1, 0, 2, 3, 1, 2, 1, 2, 1, 1, 2, 4, 3, 0, 2, 3, 3, 1, 0, 1, 2, 0, 1, 2, 4, 1, 3, 4, 2, 2, 4, 3, 3, 3, 1, 1, 4, 3, 4, 3, 2, 2, 2, 4, 2, 3, 3, 2, 1, 4, 1, 2, 4, 4, 4]|[0, 2, 0, 1, 3, 0, 1, 3, 0, 0, 2, 0, 1, 0, 1, 0, 0, 0, 1, 0, 0, 2, 0, 0, 1, 0, 0, 3, 0, 1, 0, 2, 0, 0, 3, 0, 1, 3, 1, 0, 0, 0, 1, 3, 0, 0, 1, 0, 2, 0, 0, 0, 0, 0, 1, 0, 1, 0, 1, 1, 2, 2, 0, 0, 0, 0, 0, 0, 0, 2, 0, 0, 1, 0, 0, 1, 0, 0, 3, 0, 0, 1, 0, 3, 0, 0, 0, 0, 2, 0, 0, 0, 0, 1, 3, 0, 0, 2, 1, 2],918.6487324495604,51531.535715336235,110278.19096818606,false
12,G3_TWC,G3_TWC,[31, 22, 82, 15, 26, 9, 95, 42, 77, 12, 47, 5, 93, 78, 86, 54, 85, 63, 18, 44, 20, 35, 43, 97, 91, 76, 10, 30, 21, 45, 71, 64, 1, 23, 17, 83, 24, 14, 60, 36, 41, 57, 40, 88, 65, 56, 79, 94, 67, 68, 46, 75, 38, 58, 19, 32, 81, 6, 27, 62, 87, 90, 99, 59, 11, 16, 72, 73, 69, 39, 37, 84, 3, 92, 25, 55, 28, 29, 51, 7, 66, 61, 98, 48, 89, 8, 33, 96, 53, 80, 50, 4, 34, 2, 52, 13, 0, 70, 74, 49]|[1, 1, 0, 1, 1, 0, 1, 2, 2, 1, 2, 2, 2, 1, 1, 0, 0, 1, 0, 2, 2, 0, 1, 2, 0, 1, 2, 2, 0, 0, 1, 2, 1, 2, 1, 0, 2, 0, 1, 1, 0, 1, 1, 1, 0, 2, 1, 1, 0, 0, 0, 0, 1, 1, 2, 1, 2, 0, 0, 0, 2, 1, 0, 1, 2, 1, 2, 1, 1, 1, 1, 1, 1, 0, 1, 1, 0, 0, 0, 1, 2, 1, 2, 0, 1, 0, 2, 0, 0, 0, 0, 0, 2, 0, 1, 0, 0, 1, 2, 0]|[4, 3, 2, 2, 4, 1, 2, 2, 2, 4, 1, 1, 2, 4, 4, 1, 2, 4, 2, 1, 1, 1, 1, 2, 1, 2, 1, 1, 1, 1, 3, 2, 3, 0, 4, 0, 1, 1, 0, 3, 2, 2, 2, 0, 1, 1, 0, 4, 0, 1, 2, 2, 1, 4, 0, 3, 2, 1, 1, 2, 1, 3, 1, 1, 1, 3, 0, 4, 3, 1, 4, 1, 1, 0, 4, 4, 2, 1, 1, 1, 1, 3, 1, 1, 1, 1, 1, 1, 2, 1, 1, 2, 1, 2, 1, 2, 2, 4, 1, 1]|[0, 2, 1, 1, 3, 0, 1, 0, 0, 0, 0, 0, 1, 0, 1, 0, 0, 3, 1, 0, 0, 0, 3, 1, 0, 2, 0, 0, 0, 1, 0, 0, 0, 0, 3, 0, 1, 0, 0, 2, 1, 1, 1, 0, 0, 0, 0, 2, 1, 0, 0, 0, 1, 3, 0, 0, 1, 0, 0, 1, 0, 2, 0, 1, 0, 2, 1, 0, 0, 1, 1, 3, 1, 1, 3, 3, 1, 0, 0, 2, 0, 0, 0, 0, 1, 0, 0, 0, 1, 0, 0, 1, 0, 0, 1, 0, 0, 2, 0, 1],828.6150361188287,57498.909092636255,92558.71763620913,false
12,G1_CMAX,G2_TEC,[31, 22, 82, 15, 26, 90, 95, 42, 77, 68, 47, 5, 93, 78, 86, 54, 85, 63, 18, 44, 20, 49, 36, 14, 74, 50, 53, 17, 21, 28, 71, 64, 3, 23, 30, 83, 24, 41, 60, 52, 65, 27, 9, 70, 39, 87, 48, 69, 99, 4, 46, 1, 13, 58, 97, 59, 45, 8, 73, 37, 35, 79, 11, 66, 76, 57, 40, 80, 96, 6, 16, 61, 33, 98, 32, 81, 62, 67, 10, 7, 56, 88, 51, 19, 91, 38, 75, 92, 94, 84, 2, 12, 29, 43, 34, 55, 0, 25, 89, 72]|[2, 1, 2, 1, 1, 2, 1, 1, 1, 1, 1, 0, 2, 2, 1, 2, 0, 0, 0, 2, 2, 1, 0, 2, 0, 2, 2, 1, 0, 1, 1, 1, 0, 0, 1, 0, 2, 1, 2, 2, 0, 0, 1, 1, 0, 2, 0, 2, 1, 0, 0, 2, 0, 0, 2, 0, 1, 1, 0, 0, 2, 1, 0, 2, 2, 0, 2, 2, 0, 1, 2, 1, 1, 0, 0, 1, 1, 1, 1, 2, 2, 1, 1, 1, 1, 0, 0, 0, 1, 0, 2, 1, 1, 1, 1, 0, 0, 1, 1, 1]|[0, 3, 0, 2, 4, 1, 4, 4, 2, 4, 3, 2, 1, 0, 2, 1, 1, 1, 2, 1, 1, 3, 0, 1, 0, 1, 1, 4, 1, 4, 3, 2, 2, 0, 4, 1, 1, 4, 0, 1, 2, 1, 4, 4, 1, 1, 0, 2, 3, 1, 2, 1, 2, 1, 1, 2, 4, 3, 0, 2, 2, 3, 1, 0, 1, 0, 0, 1, 2, 4, 1, 3, 4, 2, 2, 4, 3, 3, 3, 1, 1, 4, 3, 4, 3, 2, 2, 2, 4, 2, 1, 3, 3, 4, 1, 2, 2, 4, 4, 4]|[0, 2, 0, 1, 3, 0, 1, 3, 0, 0, 2, 0, 1, 0, 1, 0, 0, 0, 1, 0, 0, 2, 0, 0, 1, 0, 0, 3, 0, 1, 0, 2, 0, 0, 3, 0, 1, 3, 1, 0, 0, 0, 1, 3, 0, 0, 1, 0, 2, 0, 0, 0, 0, 0, 1, 0, 1, 0, 1, 1, 0, 2, 0, 0, 0, 1, 0, 0, 0, 2, 0, 0, 1, 0, 0, 2, 0, 0, 3, 0, 0, 1, 0, 3, 0, 0, 0, 0, 2, 0, 0, 0, 0, 2, 1, 0, 0, 3, 1, 2],899.7724504425443,51903.28807199586,109739.41569756914,true
12,G4_BALANCED,G4_BALANCED,[31, 22, 82, 15, 26, 58, 95, 42, 77, 12, 47, 5, 93, 78, 86, 54, 85, 63, 18, 44, 20, 35, 43, 97, 66, 76, 10, 30, 21, 45, 71, 1, 23, 17, 64, 83, 24, 14, 60, 36, 6, 57, 40, 88, 65, 56, 79, 94, 67, 68, 46, 75, 38, 9, 19, 32, 81, 41, 27, 62, 87, 90, 99, 59, 11, 16, 72, 73, 70, 39, 37, 84, 3, 92, 25, 55, 28, 29, 51, 7, 33, 61, 98, 48, 89, 8, 4, 96, 53, 80, 50, 91, 34, 2, 52, 13, 0, 69, 74, 49]|[1, 1, 0, 1, 1, 0, 1, 2, 2, 1, 2, 2, 2, 1, 1, 0, 0, 1, 0, 2, 2, 0, 1, 2, 0, 1, 2, 2, 0, 0, 1, 1, 2, 1, 2, 0, 2, 0, 1, 1, 0, 1, 1, 1, 0, 2, 1, 1, 0, 0, 0, 0, 1, 1, 2, 1, 2, 0, 0, 0, 2, 1, 0, 1, 2, 1, 2, 1, 1, 1, 1, 1, 1, 0, 1, 2, 0, 0, 0, 1, 2, 1, 2, 0, 1, 1, 1, 0, 0, 0, 0, 2, 2, 0, 1, 0, 0, 1, 2, 0]|[4, 3, 2, 2, 4, 1, 2, 2, 2, 4, 1, 1, 2, 4, 4, 1, 2, 4, 2, 1, 1, 1, 1, 2, 1, 2, 1, 1, 1, 1, 3, 3, 1, 4, 2, 0, 1, 1, 0, 3, 2, 2, 2, 0, 1, 1, 0, 4, 0, 1, 2, 2, 1, 4, 0, 3, 2, 1, 1, 2, 1, 3, 1, 1, 1, 3, 0, 4, 3, 1, 4, 1, 1, 0, 4, 1, 2, 1, 1, 1, 1, 3, 1, 1, 1, 3, 4, 1, 2, 1, 1, 1, 1, 2, 1, 2, 2, 4, 1, 1]|[0, 2, 1, 1, 3, 0, 1, 0, 0, 0, 0, 0, 1, 0, 1, 0, 0, 3, 1, 0, 0, 0, 3, 1, 0, 2, 0, 0, 0, 1, 0, 0, 0, 3, 0, 0, 1, 0, 0, 2, 1, 1, 1, 0, 0, 0, 0, 2, 1, 0, 0, 0, 1, 3, 0, 0, 1, 0, 0, 1, 0, 2, 0, 1, 0, 2, 1, 0, 0, 1, 1, 3, 1, 1, 3, 0, 1, 0, 0, 2, 0, 0, 0, 0, 1, 2, 0, 0, 1, 0, 0, 0, 0, 0, 1, 0, 0, 2, 0, 1],789.0082444965624,56783.920941447155,94181.8338005128,false
12,G2_TEC,G2_TEC,[31, 22, 82, 15, 26, 9, 95, 42, 77, 68, 47, 5, 93, 78, 86, 54, 85, 63, 18, 44, 20, 49, 36, 14, 74, 50, 53, 17, 21, 28, 71, 64, 3, 23, 30, 83, 24, 41, 60, 52, 65, 27, 90, 70, 39, 87, 48, 69, 99, 4, 46, 1, 13, 58, 97, 59, 33, 8, 73, 37, 35, 79, 11, 66, 76, 32, 40, 80, 96, 6, 16, 61, 45, 98, 57, 34, 12, 67, 10, 7, 56, 88, 29, 19, 91, 38, 75, 92, 43, 84, 51, 62, 55, 81, 25, 2, 0, 94, 89, 72]|[2, 1, 2, 1, 1, 2, 1, 1, 1, 1, 1, 0, 2, 2, 1, 2, 0, 0, 0, 2, 2, 1, 0, 2, 0, 2, 2, 1, 0, 1, 1, 1, 0, 0, 1, 0, 2, 1, 2, 2, 0, 0, 1, 1, 0, 2, 0, 2, 1, 0, 0, 2, 0, 0, 2, 0, 1, 1, 0, 0, 1, 1, 0, 2, 2, 0, 2, 2, 0, 1, 2, 1, 1, 0, 0, 1, 1, 1, 1, 2, 2, 1, 1, 1, 1, 0, 0, 0, 1, 0, 1, 1, 0, 1, 1, 2, 0, 1, 1, 1]|[0, 3, 0, 2, 4, 1, 4, 4, 2, 4, 3, 2, 1, 0, 2, 1, 1, 1, 2, 1, 1, 3, 0, 1, 0, 1, 1, 4, 1, 4, 3, 2, 2, 0, 4, 1, 1, 4, 0, 1, 2, 1, 4, 4, 1, 1, 0, 2, 3, 1, 2, 1, 2, 1, 1, 2, 4, 3, 0, 2, 3, 3, 1, 0, 1, 2, 0, 1, 2, 4, 1, 3, 4, 2, 2, 4, 3, 3, 3, 1, 1, 4, 3, 4, 3, 2, 2, 2, 4, 2, 3, 3, 2, 1, 4, 1, 2, 4, 4, 4]|[0, 2, 0, 1, 3, 0, 1, 3, 0, 0, 2, 0, 1, 0, 1, 0, 0, 0, 1, 0, 0, 2, 0, 0, 1, 0, 0, 3, 0, 1, 0, 2, 0, 0, 3, 0, 1, 3, 1, 0, 0, 0, 1, 3, 0, 0, 1, 0, 2, 0, 0, 0, 0, 0, 1, 0, 1, 0, 1, 1, 2, 2, 0, 0, 0, 0, 0, 0, 0, 2, 0, 0, 1, 0, 0, 1, 0, 0, 3, 0, 0, 1, 0, 3, 0, 0, 0, 0, 2, 0, 0, 0, 0, 1, 3, 0, 0, 2, 1, 2],918.6487324495604,51531.535715336235,110278.19096818606,false
12,G3_TWC,G3_TWC,[31, 22, 82, 15, 26, 9, 95, 42, 77, 12, 47, 5, 93, 78, 86, 54, 85, 63, 18, 44, 20, 35, 43, 97, 91, 76, 10, 30, 21, 45, 71, 64, 1, 23, 17, 83, 24, 14, 60, 36, 41, 57, 40, 88, 65, 56, 79, 94, 67, 68, 46, 75, 38, 58, 19, 32, 81, 6, 27, 62, 87, 90, 99, 59, 11, 16, 72, 73, 69, 39, 37, 84, 3, 92, 25, 55, 28, 29, 51, 7, 66, 61, 98, 48, 89, 8, 33, 96, 53, 80, 50, 4, 34, 2, 52, 13, 0, 70, 74, 49]|[1, 1, 0, 1, 1, 0, 1, 2, 2, 1, 2, 2, 2, 1, 1, 0, 0, 1, 0, 2, 2, 0, 1, 2, 0, 1, 2, 2, 0, 0, 1, 2, 1, 2, 1, 0, 2, 0, 1, 1, 0, 1, 1, 1, 0, 2, 1, 1, 0, 0, 0, 0, 1, 1, 2, 1, 2, 0, 0, 0, 2, 1, 0, 1, 2, 1, 2, 1, 1, 1, 1, 1, 1, 0, 1, 1, 0, 0, 0, 1, 2, 1, 2, 0, 1, 0, 2, 0, 0, 0, 0, 0, 2, 0, 1, 0, 0, 1, 2, 0]|[4, 3, 2, 2, 4, 1, 2, 2, 2, 4, 1, 1, 2, 4, 4, 1, 2, 4, 2, 1, 1, 1, 1, 2, 1, 2, 1, 1, 1, 1, 3, 2, 3, 0, 4, 0, 1, 1, 0, 3, 2, 2, 2, 0, 1, 1, 0, 4, 0, 1, 2, 2, 1, 4, 0, 3, 2, 1, 1, 2, 1, 3, 1, 1, 1, 3, 0, 4, 3, 1, 4, 1, 1, 0, 4, 4, 2, 1, 1, 1, 1, 3, 1, 1, 1, 1, 1, 1, 2, 1, 1, 2, 1, 2, 1, 2, 2, 4, 1, 1]|[0, 2, 1, 1, 3, 0, 1, 0, 0, 0, 0, 0, 1, 0, 1, 0, 0, 3, 1, 0, 0, 0, 3, 1, 0, 2, 0, 0, 0, 1, 0, 0, 0, 0, 3, 0, 1, 0, 0, 2, 1, 1, 1, 0, 0, 0, 0, 2, 1, 0, 0, 0, 1, 3, 0, 0, 1, 0, 0, 1, 0, 2, 0, 1, 0, 2, 1, 0, 0, 1, 1, 3, 1, 1, 3, 3, 1, 0, 0, 2, 0, 0, 0, 0, 1, 0, 0, 0, 1, 0, 0, 1, 0, 0, 1, 0, 0, 2, 0, 1],828.6150361188287,57498.909092636255,92558.71763620913,false
12,G1_CMAX,G2_TEC,[31, 22, 82, 15, 26, 9, 95, 42, 77, 68, 47, 5, 93, 78, 86, 54, 85, 63, 18, 44, 20, 49, 36, 14, 74, 80, 53, 17, 21, 45, 71, 64, 3, 23, 30, 83, 24, 41, 60, 52, 65, 27, 90, 70, 39, 87, 48, 69, 99, 4, 46, 59, 13, 58, 97, 1, 28, 8, 73, 37, 35, 79, 11, 66, 76, 57, 40, 50, 96, 6, 16, 61, 33, 98, 32, 81, 62, 67, 10, 7, 56, 88, 51, 19, 91, 38, 75, 92, 25, 84, 2, 55, 12, 43, 34, 29, 0, 94, 89, 72]|[2, 1, 2, 1, 1, 2, 1, 1, 1, 1, 1, 0, 2, 2, 1, 2, 0, 0, 0, 2, 2, 1, 0, 2, 0, 2, 2, 1, 0, 1, 1, 1, 0, 0, 1, 0, 2, 1, 2, 2, 0, 0, 1, 1, 0, 2, 0, 2, 1, 0, 0, 0, 0, 0, 2, 2, 0, 1, 0, 0, 2, 1, 0, 2, 2, 0, 2, 2, 0, 1, 2, 1, 1, 0, 0, 1, 1, 1, 1, 2, 2, 1, 1, 1, 1, 0, 2, 0, 1, 0, 2, 0, 1, 1, 1, 1, 0, 1, 1, 1]|[0, 3, 0, 2, 4, 1, 4, 4, 2, 4, 3, 2, 1, 0, 2, 1, 1, 1, 2, 1, 1, 3, 0, 1, 0, 1, 1, 4, 1, 4, 3, 2, 2, 0, 4, 1, 1, 4, 0, 1, 2, 1, 4, 4, 1, 1, 0, 2, 3, 1, 2, 2, 2, 1, 1, 1, 0, 3, 0, 2, 2, 3, 1, 0, 1, 0, 0, 1, 2, 4, 1, 3, 4, 2, 2, 4, 3, 3, 3, 1, 1, 4, 3, 4, 3, 2, 2, 2, 4, 2, 1, 2, 3, 4, 1, 3, 2, 4, 4, 4]|[0, 2, 0, 1, 3, 0, 1, 3, 0, 0, 2, 0, 1, 0, 1, 0, 0, 0, 1, 0, 0, 2, 0, 0, 1, 0, 0, 3, 0, 1, 0, 2, 0, 0, 3, 0, 1, 3, 1, 0, 0, 0, 1, 3, 0, 0, 1, 0, 2, 0, 0, 0, 0, 0, 1, 0, 1, 0, 1, 1, 0, 2, 0, 0, 0, 1, 0, 0, 0, 2, 0, 0, 1, 0, 0, 2, 0, 0, 3, 0, 0, 1, 0, 3, 0, 0, 1, 0, 3, 0, 0, 0, 0, 2, 1, 0, 0, 2, 1, 2],861.3076080576566,52613.51917837201,109402.87282021565,true
12,G4_BALANCED,G4_BALANCED,[31, 22, 82, 15, 26, 58, 95, 42, 77, 12, 47, 5, 93, 78, 86, 54, 85, 63, 18, 44, 20, 35, 43, 97, 66, 76, 10, 30, 21, 45, 71, 1, 23, 17, 64, 83, 24, 14, 60, 36, 6, 57, 40, 88, 65, 56, 79, 94, 67, 68, 46, 75, 38, 9, 19, 32, 81, 41, 27, 62, 87, 90, 99, 59, 11, 16, 72, 73, 70, 39, 37, 84, 3, 92, 25, 55, 28, 29, 51, 7, 33, 61, 98, 48, 89, 8, 4, 96, 53, 80, 50, 91, 34, 2, 52, 13, 0, 69, 74, 49]|[1, 1, 0, 1, 1, 0, 1, 2, 2, 1, 2, 2, 2, 1, 1, 0, 0, 1, 0, 2, 2, 0, 1, 2, 0, 1, 2, 2, 0, 0, 1, 1, 2, 1, 2, 0, 2, 0, 1, 1, 0, 1, 1, 1, 0, 2, 1, 1, 0, 0, 0, 0, 1, 1, 2, 1, 2, 0, 0, 0, 2, 1, 0, 1, 2, 1, 2, 1, 1, 1, 1, 1, 1, 0, 1, 2, 0, 0, 0, 1, 2, 1, 2, 0, 1, 1, 1, 0, 0, 0, 0, 2, 2, 0, 1, 0, 0, 1, 2, 0]|[4, 3, 2, 2, 4, 1, 2, 2, 2, 4, 1, 1, 2, 4, 4, 1, 2, 4, 2, 1, 1, 1, 1, 2, 1, 2, 1, 1, 1, 1, 3, 3, 1, 4, 2, 0, 1, 1, 0, 3, 2, 2, 2, 0, 1, 1, 0, 4, 0, 1, 2, 2, 1, 4, 0, 3, 2, 1, 1, 2, 1, 3, 1, 1, 1, 3, 0, 4, 3, 1, 4, 1, 1, 0, 4, 1, 2, 1, 1, 1, 1, 3, 1, 1, 1, 3, 4, 1, 2, 1, 1, 1, 1, 2, 1, 2, 2, 4, 1, 1]|[0, 2, 1, 1, 3, 0, 1, 0, 0, 0, 0, 0, 1, 0, 1, 0, 0, 3, 1, 0, 0, 0, 3, 1, 0, 2, 0, 0, 0, 1, 0, 0, 0, 3, 0, 0, 1, 0, 0, 2, 1, 1, 1, 0, 0, 0, 0, 2, 1, 0, 0, 0, 1, 3, 0, 0, 1, 0, 0, 1, 0, 2, 0, 1, 0, 2, 1, 0, 0, 1, 1, 3, 1, 1, 3, 0, 1, 0, 0, 2, 0, 0, 0, 0, 1, 2, 0, 0, 1, 0, 0, 0, 0, 0, 1, 0, 0, 2, 0, 1],789.0082444965624,56783.920941447155,94181.8338005128,false
12,G2_TEC,G2_TEC,[31, 22, 82, 15, 26, 9, 95, 42, 77, 68, 47, 5, 93, 78, 86, 54, 85, 63, 18, 44, 20, 49, 36, 14, 74, 50, 53, 17, 21, 28, 71, 64, 3, 23, 30, 83, 24, 41, 60, 52, 65, 27, 90, 70, 39, 87, 48, 69, 99, 4, 46, 1, 13, 58, 97, 59, 33, 8, 73, 37, 35, 79, 11, 66, 76, 32, 40, 80, 96, 6, 16, 61, 45, 98, 57, 34, 12, 67, 10, 7, 56, 88, 29, 19, 91, 38, 75, 92, 43, 84, 51, 62, 55, 81, 25, 2, 0, 94, 89, 72]|[2, 1, 2, 1, 1, 2, 1, 1, 1, 1, 1, 0, 2, 2, 1, 2, 0, 0, 0, 2, 2, 1, 0, 2, 0, 2, 2, 1, 0, 1, 1, 1, 0, 0, 1, 0, 2, 1, 2, 2, 0, 0, 1, 1, 0, 2, 0, 2, 1, 0, 0, 2, 0, 0, 2, 0, 1, 1, 0, 0, 1, 1, 0, 2, 2, 0, 2, 2, 0, 1, 2, 1, 1, 0, 0, 1, 1, 1, 1, 2, 2, 1, 1, 1, 1, 0, 0, 0, 1, 0, 1, 1, 0, 1, 1, 2, 0, 1, 1, 1]|[0, 3, 0, 2, 4, 1, 4, 4, 2, 4, 3, 2, 1, 0, 2, 1, 1, 1, 2, 1, 1, 3, 0, 1, 0, 1, 1, 4, 1, 4, 3, 2, 2, 0, 4, 1, 1, 4, 0, 1, 2, 1, 4, 4, 1, 1, 0, 2, 3, 1, 2, 1, 2, 1, 1, 2, 4, 3, 0, 2, 3, 3, 1, 0, 1, 2, 0, 1, 2, 4, 1, 3, 4, 2, 2, 4, 3, 3, 3, 1, 1, 4, 3, 4, 3, 2, 2, 2, 4, 2, 3, 3, 2, 1, 4, 1, 2, 4, 4, 4]|[0, 2, 0, 1, 3, 0, 1, 3, 0, 0, 2, 0, 1, 0, 1, 0, 0, 0, 1, 0, 0, 2, 0, 0, 1, 0, 0, 3, 0, 1, 0, 2, 0, 0, 3, 0, 1, 3, 1, 0, 0, 0, 1, 3, 0, 0, 1, 0, 2, 0, 0, 0, 0, 0, 1, 0, 1, 0, 1, 1, 2, 2, 0, 0, 0, 0, 0, 0, 0, 2, 0, 0, 1, 0, 0, 1, 0, 0, 3, 0, 0, 1, 0, 3, 0, 0, 0, 0, 2, 0, 0, 0, 0, 1, 3, 0, 0, 2, 1, 2],918.6487324495604,51531.535715336235,110278.19096818606,false
12,G3_TWC,G3_TWC,[31, 22, 82, 15, 26, 9, 95, 42, 77, 12, 47, 5, 93, 78, 86, 54, 85, 63, 18, 44, 20, 35, 43, 97, 91, 76, 10, 30, 21, 45, 71, 64, 1, 23, 17, 83, 24, 14, 60, 36, 41, 57, 40, 88, 65, 56, 79, 94, 67, 68, 46, 75, 38, 58, 19, 32, 81, 6, 27, 62, 87, 90, 99, 59, 11, 16, 72, 73, 69, 39, 37, 84, 3, 92, 25, 55, 28, 29, 51, 7, 66, 61, 98, 48, 89, 8, 33, 96, 53, 80, 50, 4, 34, 2, 52, 13, 0, 70, 74, 49]|[1, 1, 0, 1, 1, 0, 1, 2, 2, 1, 2, 2, 2, 1, 1, 0, 0, 1, 0, 2, 2, 0, 1, 2, 0, 1, 2, 2, 0, 0, 1, 2, 1, 2, 1, 0, 2, 0, 1, 1, 0, 1, 1, 1, 0, 2, 1, 1, 0, 0, 0, 0, 1, 1, 2, 1, 2, 0, 0, 0, 2, 1, 0, 1, 2, 1, 2, 1, 1, 1, 1, 1, 1, 0, 1, 1, 0, 0, 0, 1, 2, 1, 2, 0, 1, 0, 2, 0, 0, 0, 0, 0, 2, 0, 1, 0, 0, 1, 2, 0]|[4, 3, 2, 2, 4, 1, 2, 2, 2, 4, 1, 1, 2, 4, 4, 1, 2, 4, 2, 1, 1, 1, 1, 2, 1, 2, 1, 1, 1, 1, 3, 2, 3, 0, 4, 0, 1, 1, 0, 3, 2, 2, 2, 0, 1, 1, 0, 4, 0, 1, 2, 2, 1, 4, 0, 3, 2, 1, 1, 2, 1, 3, 1, 1, 1, 3, 0, 4, 3, 1, 4, 1, 1, 0, 4, 4, 2, 1, 1, 1, 1, 3, 1, 1, 1, 1, 1, 1, 2, 1, 1, 2, 1, 2, 1, 2, 2, 4, 1, 1]|[0, 2, 1, 1, 3, 0, 1, 0, 0, 0, 0, 0, 1, 0, 1, 0, 0, 3, 1, 0, 0, 0, 3, 1, 0, 2, 0, 0, 0, 1, 0, 0, 0, 0, 3, 0, 1, 0, 0, 2, 1, 1, 1, 0, 0, 0, 0, 2, 1, 0, 0, 0, 1, 3, 0, 0, 1, 0, 0, 1, 0, 2, 0, 1, 0, 2, 1, 0, 0, 1, 1, 3, 1, 1, 3, 3, 1, 0, 0, 2, 0, 0, 0, 0, 1, 0, 0, 0, 1, 0, 0, 1, 0, 0, 1, 0, 0, 2, 0, 1],828.6150361188287,57498.909092636255,92558.71763620913,false
12,G1_CMAX,G2_TEC,[31, 22, 82, 15, 26, 9, 95, 42, 77, 68, 47, 5, 93, 78, 86, 54, 85, 63, 18, 44, 20, 49, 36, 14, 74, 80, 53, 17, 21, 45, 71, 64, 3, 23, 30, 83, 24, 41, 60, 52, 65, 27, 90, 70, 39, 87, 48, 69, 99, 4, 46, 59, 13, 58, 97, 1, 28, 8, 73, 37, 35, 79, 11, 66, 76, 57, 40, 50, 96, 6, 16, 61, 33, 98, 32, 81, 62, 67, 10, 7, 56, 88, 51, 19, 91, 38, 75, 92, 25, 84, 2, 55, 12, 43, 34, 29, 0, 94, 89, 72]|[2, 1, 2, 1, 1, 2, 1, 1, 1, 1, 1, 0, 2, 2, 1, 2, 0, 0, 0, 2, 2, 1, 0, 2, 0, 2, 2, 1, 0, 1, 1, 1, 0, 0, 1, 0, 2, 1, 2, 2, 0, 0, 1, 1, 0, 2, 0, 2, 1, 0, 0, 0, 0, 0, 2, 2, 0, 1, 0, 0, 2, 1, 0, 2, 2, 0, 2, 2, 0, 1, 2, 1, 1, 0, 0, 1, 1, 1, 1, 2, 2, 1, 1, 1, 1, 0, 2, 0, 1, 0, 2, 0, 1, 1, 1, 1, 0, 1, 1, 1]|[0, 3, 0, 2, 4, 1, 4, 4, 2, 4, 3, 2, 1, 0, 2, 1, 1, 1, 2, 1, 1, 3, 0, 1, 0, 1, 1, 4, 1, 4, 3, 2, 2, 0, 4, 1, 1, 4, 0, 1, 2, 1, 4, 4, 1, 1, 0, 2, 3, 1, 2, 2, 2, 1, 1, 1, 0, 3, 0, 2, 2, 3, 1, 0, 1, 0, 0, 1, 2, 4, 1, 3, 4, 2, 2, 4, 3, 3, 3, 1, 1, 4, 3, 4, 3, 2, 2, 2, 4, 2, 1, 2, 3, 4, 1, 3, 2, 4, 4, 4]|[0, 2, 0, 1, 3, 0, 1, 3, 0, 0, 2, 0, 1, 0, 1, 0, 0, 0, 1, 0, 0, 2, 0, 0, 1, 0, 0, 3, 0, 1, 0, 2, 0, 0, 3, 0, 1, 3, 1, 0, 0, 0, 1, 3, 0, 0, 1, 0, 2, 0, 0, 0, 0, 0, 1, 0, 1, 0, 1, 1, 0, 2, 0, 0, 0, 1, 0, 0, 0, 2, 0, 0, 1, 0, 0, 2, 0, 0, 3, 0, 0, 1, 0, 3, 0, 0, 1, 0, 3, 0, 0, 0, 0, 2, 1, 0, 0, 2, 1, 2],861.3076080576566,52613.51917837201,109402.87282021565,true
12,G4_BALANCED,G4_BALANCED,[31, 22, 82, 15, 26, 58, 95, 42, 77, 12, 47, 5, 93, 78, 86, 54, 85, 63, 18, 44, 20, 35, 43, 97, 66, 76, 10, 30, 21, 45, 71, 1, 23, 17, 64, 83, 24, 14, 60, 36, 6, 57, 40, 88, 65, 56, 79, 94, 67, 68, 46, 75, 38, 9, 19, 32, 81, 41, 27, 62, 87, 90, 99, 59, 11, 16, 72, 73, 70, 39, 37, 84, 3, 92, 25, 55, 28, 29, 51, 7, 33, 61, 98, 48, 89, 8, 4, 96, 53, 80, 50, 91, 34, 2, 52, 13, 0, 69, 74, 49]|[1, 1, 0, 1, 1, 0, 1, 2, 2, 1, 2, 2, 2, 1, 1, 0, 0, 1, 0, 2, 2, 0, 1, 2, 0, 1, 2, 2, 0, 0, 1, 1, 2, 1, 2, 0, 2, 0, 1, 1, 0, 1, 1, 1, 0, 2, 1, 1, 0, 0, 0, 0, 1, 1, 2, 1, 2, 0, 0, 0, 2, 1, 0, 1, 2, 1, 2, 1, 1, 1, 1, 1, 1, 0, 1, 2, 0, 0, 0, 1, 2, 1, 2, 0, 1, 1, 1, 0, 0, 0, 0, 2, 2, 0, 1, 0, 0, 1, 2, 0]|[4, 3, 2, 2, 4, 1, 2, 2, 2, 4, 1, 1, 2, 4, 4, 1, 2, 4, 2, 1, 1, 1, 1, 2, 1, 2, 1, 1, 1, 1, 3, 3, 1, 4, 2, 0, 1, 1, 0, 3, 2, 2, 2, 0, 1, 1, 0, 4, 0, 1, 2, 2, 1, 4, 0, 3, 2, 1, 1, 2, 1, 3, 1, 1, 1, 3, 0, 4, 3, 1, 4, 1, 1, 0, 4, 1, 2, 1, 1, 1, 1, 3, 1, 1, 1, 3, 4, 1, 2, 1, 1, 1, 1, 2, 1, 2, 2, 4, 1, 1]|[0, 2, 1, 1, 3, 0, 1, 0, 0, 0, 0, 0, 1, 0, 1, 0, 0, 3, 1, 0, 0, 0, 3, 1, 0, 2, 0, 0, 0, 1, 0, 0, 0, 3, 0, 0, 1, 0, 0, 2, 1, 1, 1, 0, 0, 0, 0, 2, 1, 0, 0, 0, 1, 3, 0, 0, 1, 0, 0, 1, 0, 2, 0, 1, 0, 2, 1, 0, 0, 1, 1, 3, 1, 1, 3, 0, 1, 0, 0, 2, 0, 0, 0, 0, 1, 2, 0, 0, 1, 0, 0, 0, 0, 0, 1, 0, 0, 2, 0, 1],789.0082444965624,56783.920941447155,94181.8338005128,false
12,G2_TEC,G2_TEC,[31, 22, 82, 15, 26, 9, 95, 42, 77, 68, 47, 5, 93, 78, 86, 54, 85, 63, 18, 44, 20, 49, 36, 14, 74, 50, 53, 17, 21, 28, 71, 64, 3, 23, 30, 83, 24, 41, 60, 52, 65, 27, 90, 70, 39, 87, 48, 69, 99, 4, 46, 1, 13, 58, 97, 59, 33, 8, 73, 37, 35, 79, 11, 66, 76, 32, 40, 80, 96, 6, 16, 61, 45, 98, 57, 34, 12, 67, 10, 7, 56, 88, 29, 19, 91, 38, 75, 92, 43, 84, 51, 62, 55, 81, 25, 2, 0, 94, 89, 72]|[2, 1, 2, 1, 1, 2, 1, 1, 1, 1, 1, 0, 2, 2, 1, 2, 0, 0, 0, 2, 2, 1, 0, 2, 0, 2, 2, 1, 0, 1, 1, 1, 0, 0, 1, 0, 2, 1, 2, 2, 0, 0, 1, 1, 0, 2, 0, 2, 1, 0, 0, 2, 0, 0, 2, 0, 1, 1, 0, 0, 1, 1, 0, 2, 2, 0, 2, 2, 0, 1, 2, 1, 1, 0, 0, 1, 1, 1, 1, 2, 2, 1, 1, 1, 1, 0, 0, 0, 1, 0, 1, 1, 0, 1, 1, 2, 0, 1, 1, 1]|[0, 3, 0, 2, 4, 1, 4, 4, 2, 4, 3, 2, 1, 0, 2, 1, 1, 1, 2, 1, 1, 3, 0, 1, 0, 1, 1, 4, 1, 4, 3, 2, 2, 0, 4, 1, 1, 4, 0, 1, 2, 1, 4, 4, 1, 1, 0, 2, 3, 1, 2, 1, 2, 1, 1, 2, 4, 3, 0, 2, 3, 3, 1, 0, 1, 2, 0, 1, 2, 4, 1, 3, 4, 2, 2, 4, 3, 3, 3, 1, 1, 4, 3, 4, 3, 2, 2, 2, 4, 2, 3, 3, 2, 1, 4, 1, 2, 4, 4, 4]|[0, 2, 0, 1, 3, 0, 1, 3, 0, 0, 2, 0, 1, 0, 1, 0, 0, 0, 1, 0, 0, 2, 0, 0, 1, 0, 0, 3, 0, 1, 0, 2, 0, 0, 3, 0, 1, 3, 1, 0, 0, 0, 1, 3, 0, 0, 1, 0, 2, 0, 0, 0, 0, 0, 1, 0, 1, 0, 1, 1, 2, 2, 0, 0, 0, 0, 0, 0, 0, 2, 0, 0, 1, 0, 0, 1, 0, 0, 3, 0, 0, 1, 0, 3, 0, 0, 0, 0, 2, 0, 0, 0, 0, 1, 3, 0, 0, 2, 1, 2],918.6487324495604,51531.535715336235,110278.19096818606,false
12,G3_TWC,G3_TWC,[31, 22, 82, 15, 26, 9, 95, 42, 77, 12, 47, 5, 93, 78, 86, 54, 85, 63, 18, 44, 20, 35, 43, 97, 91, 76, 10, 30, 21, 45, 71, 64, 1, 23, 17, 83, 24, 14, 60, 36, 41, 57, 40, 88, 65, 56, 79, 94, 67, 68, 46, 75, 38, 58, 19, 32, 81, 6, 27, 62, 87, 90, 99, 59, 11, 16, 72, 73, 69, 39, 37, 84, 3, 92, 25, 55, 28, 29, 51, 7, 66, 61, 98, 48, 89, 8, 33, 96, 53, 80, 50, 4, 34, 2, 52, 13, 0, 70, 74, 49]|[1, 1, 0, 1, 1, 0, 1, 2, 2, 1, 2, 2, 2, 1, 1, 0, 0, 1, 0, 2, 2, 0, 1, 2, 0, 1, 2, 2, 0, 0, 1, 2, 1, 2, 1, 0, 2, 0, 1, 1, 0, 1, 1, 1, 0, 2, 1, 1, 0, 0, 0, 0, 1, 1, 2, 1, 2, 0, 0, 0, 2, 1, 0, 1, 2, 1, 2, 1, 1, 1, 1, 1, 1, 0, 1, 1, 0, 0, 0, 1, 2, 1, 2, 0, 1, 0, 2, 0, 0, 0, 0, 0, 2, 0, 1, 0, 0, 1, 2, 0]|[4, 3, 2, 2, 4, 1, 2, 2, 2, 4, 1, 1, 2, 4, 4, 1, 2, 4, 2, 1, 1, 1, 1, 2, 1, 2, 1, 1, 1, 1, 3, 2, 3, 0, 4, 0, 1, 1, 0, 3, 2, 2, 2, 0, 1, 1, 0, 4, 0, 1, 2, 2, 1, 4, 0, 3, 2, 1, 1, 2, 1, 3, 1, 1, 1, 3, 0, 4, 3, 1, 4, 1, 1, 0, 4, 4, 2, 1, 1, 1, 1, 3, 1, 1, 1, 1, 1, 1, 2, 1, 1, 2, 1, 2, 1, 2, 2, 4, 1, 1]|[0, 2, 1, 1, 3, 0, 1, 0, 0, 0, 0, 0, 1, 0, 1, 0, 0, 3, 1, 0, 0, 0, 3, 1, 0, 2, 0, 0, 0, 1, 0, 0, 0, 0, 3, 0, 1, 0, 0, 2, 1, 1, 1, 0, 0, 0, 0, 2, 1, 0, 0, 0, 1, 3, 0, 0, 1, 0, 0, 1, 0, 2, 0, 1, 0, 2, 1, 0, 0, 1, 1, 3, 1, 1, 3, 3, 1, 0, 0, 2, 0, 0, 0, 0, 1, 0, 0, 0, 1, 0, 0, 1, 0, 0, 1, 0, 0, 2, 0, 1],828.6150361188287,57498.909092636255,92558.71763620913,false
12,G1_CMAX,G3_TWC,[31, 22, 82, 15, 26, 9, 95, 42, 77, 12, 47, 5, 93, 78, 86, 54, 85, 63, 18, 44, 20, 35, 43, 97, 91, 76, 10, 30, 21, 45, 71, 64, 1, 23, 17, 83, 24, 14, 60, 36, 41, 57, 40, 88, 65, 56, 79, 94, 67, 68, 46, 75, 38, 58, 19, 32, 81, 6, 27, 62, 87, 90, 99, 59, 11, 16, 72, 73, 70, 39, 37, 84, 3, 92, 25, 55, 28, 29, 51, 7, 66, 61, 98, 48, 89, 8, 33, 96, 53, 50, 80, 4, 34, 2, 52, 49, 0, 69, 74, 13]|[1, 1, 0, 1, 1, 0, 1, 2, 2, 1, 2, 2, 2, 1, 1, 0, 0, 1, 0, 2, 2, 0, 1, 2, 0, 1, 2, 2, 0, 0, 1, 2, 1, 2, 1, 0, 2, 0, 1, 1, 0, 1, 1, 1, 0, 2, 1, 1, 0, 0, 0, 0, 1, 1, 2, 1, 2, 0, 0, 0, 2, 1, 0, 1, 2, 1, 2, 1, 1, 1, 1, 1, 1, 0, 1, 1, 0, 0, 0, 1, 2, 1, 2, 0, 1, 0, 2, 0, 0, 0, 0, 0, 2, 0, 1, 0, 0, 1, 2, 0]|[4, 3, 2, 2, 4, 1, 2, 2, 2, 4, 1, 1, 2, 4, 4, 1, 2, 4, 2, 1, 1, 1, 1, 2, 1, 2, 1, 1, 1, 1, 3, 2, 3, 0, 4, 0, 1, 1, 0, 3, 2, 2, 2, 0, 1, 1, 0, 4, 0, 1, 2, 2, 1, 4, 0, 3, 2, 1, 1, 2, 1, 3, 1, 1, 1, 3, 0, 4, 3, 1, 4, 1, 1, 0, 4, 4, 2, 1, 1, 1, 1, 3, 1, 1, 1, 1, 1, 1, 2, 1, 1, 2, 1, 2, 1, 1, 2, 4, 1, 2]|[0, 2, 1, 1, 3, 0, 1, 0, 0, 0, 0, 0, 1, 0, 1, 0, 0, 3, 1, 0, 0, 0, 3, 1, 0, 2, 0, 0, 0, 1, 0, 0, 0, 0, 3, 0, 1, 0, 0, 2, 1, 1, 1, 0, 0, 0, 0, 2, 1, 0, 0, 0, 1, 3, 0, 0, 1, 0, 0, 1, 0, 2, 0, 1, 0, 2, 1, 0, 0, 1, 1, 3, 1, 1, 3, 3, 1, 0, 0, 2, 0, 0, 0, 0, 1, 0, 0, 0, 1, 0, 0, 1, 0, 0, 1, 1, 0, 2, 0, 0],828.4451691161381,57496.53963046682,92649.87992671717,true
12,G4_BALANCED,G4_BALANCED,[31, 22, 82, 15, 26, 58, 95, 42, 77, 12, 47, 5, 93, 78, 86, 54, 85, 63, 18, 44, 20, 35, 43, 97, 66, 76, 10, 30, 21, 45, 71, 1, 23, 17, 64, 83, 24, 14, 60, 36, 6, 57, 40, 88, 65, 56, 79, 94, 67, 68, 46, 75, 38, 9, 19, 32, 81, 41, 27, 62, 87, 90, 99, 59, 11, 16, 72, 73, 70, 39, 37, 84, 3, 92, 25, 55, 28, 29, 51, 7, 33, 61, 98, 48, 89, 8, 4, 96, 53, 80, 50, 91, 34, 2, 52, 13, 0, 69, 74, 49]|[1, 1, 0, 1, 1, 0, 1, 2, 2, 1, 2, 2, 2, 1, 1, 0, 0, 1, 0, 2, 2, 0, 1, 2, 0, 1, 2, 2, 0, 0, 1, 1, 2, 1, 2, 0, 2, 0, 1, 1, 0, 1, 1, 1, 0, 2, 1, 1, 0, 0, 0, 0, 1, 1, 2, 1, 2, 0, 0, 0, 2, 1, 0, 1, 2, 1, 2, 1, 1, 1, 1, 1, 1, 0, 1, 2, 0, 0, 0, 1, 2, 1, 2, 0, 1, 1, 1, 0, 0, 0, 0, 2, 2, 0, 1, 0, 0, 1, 2, 0]|[4, 3, 2, 2, 4, 1, 2, 2, 2, 4, 1, 1, 2, 4, 4, 1, 2, 4, 2, 1, 1, 1, 1, 2, 1, 2, 1, 1, 1, 1, 3, 3, 1, 4, 2, 0, 1, 1, 0, 3, 2, 2, 2, 0, 1, 1, 0, 4, 0, 1, 2, 2, 1, 4, 0, 3, 2, 1, 1, 2, 1, 3, 1, 1, 1, 3, 0, 4, 3, 1, 4, 1, 1, 0, 4, 1, 2, 1, 1, 1, 1, 3, 1, 1, 1, 3, 4, 1, 2, 1, 1, 1, 1, 2, 1, 2, 2, 4, 1, 1]|[0, 2, 1, 1, 3, 0, 1, 0, 0, 0, 0, 0, 1, 0, 1, 0, 0, 3, 1, 0, 0, 0, 3, 1, 0, 2, 0, 0, 0, 1, 0, 0, 0, 3, 0, 0, 1, 0, 0, 2, 1, 1, 1, 0, 0, 0, 0, 2, 1, 0, 0, 0, 1, 3, 0, 0, 1, 0, 0, 1, 0, 2, 0, 1, 0, 2, 1, 0, 0, 1, 1, 3, 1, 1, 3, 0, 1, 0, 0, 2, 0, 0, 0, 0, 1, 2, 0, 0, 1, 0, 0, 0, 0, 0, 1, 0, 0, 2, 0, 1],789.0082444965624,56783.920941447155,94181.8338005128,false
12,G2_TEC,G4_BALANCED,[31, 22, 82, 15, 26, 58, 95, 42, 77, 12, 47, 5, 93, 78, 86, 54, 85, 63, 18, 44, 20, 35, 43, 97, 91, 76, 10, 30, 21, 45, 71, 64, 1, 23, 17, 83, 24, 14, 60, 36, 6, 57, 40, 88, 65, 56, 79, 94, 67, 68, 46, 75, 38, 9, 19, 32, 81, 41, 27, 62, 87, 90, 99, 59, 11, 16, 72, 73, 70, 39, 37, 84, 3, 92, 25, 55, 28, 29, 51, 7, 66, 61, 98, 48, 89, 8, 4, 96, 53, 80, 50, 33, 34, 2, 52, 13, 0, 69, 74, 49]|[1, 1, 0, 1, 1, 0, 1, 2, 2, 1, 2, 2, 2, 1, 1, 0, 0, 1, 0, 2, 2, 0, 1, 2, 0, 1, 2, 2, 0, 0, 1, 2, 1, 2, 1, 0, 2, 0, 1, 1, 0, 1, 1, 1, 0, 2, 1, 1, 0, 0, 0, 0, 1, 1, 2, 1, 2, 0, 0, 0, 2, 1, 0, 1, 2, 1, 2, 1, 1, 1, 1, 1, 1, 0, 1, 2, 0, 0, 0, 1, 2, 1, 2, 0, 1, 1, 1, 2, 0, 0, 0, 2, 2, 0, 2, 0, 0, 1, 2, 0]|[4, 3, 2, 2, 4, 1, 2, 2, 2, 4, 1, 1, 2, 4, 4, 1, 2, 4, 2, 1, 1, 1, 1, 2, 1, 2, 1, 1, 1, 1, 3, 2, 3, 1, 4, 0, 1, 1, 0, 3, 1, 2, 2, 0, 1, 1, 0, 4, 0, 1, 2, 2, 1, 4, 0, 3, 2, 1, 1, 2, 1, 3, 1, 1, 1, 3, 0, 4, 3, 1, 4, 1, 1, 0, 4, 1, 2, 1, 1, 1, 1, 3, 1, 1, 1, 3, 4, 1, 2, 1, 1, 1, 1, 2, 1, 2, 2, 3, 1, 1]|[0, 2, 1, 1, 3, 0, 1, 0, 0, 0, 0, 0, 1, 0, 1, 0, 0, 3, 1, 0, 0, 0, 3, 1, 0, 2, 0, 0, 0, 1, 0, 0, 0, 0, 3, 0, 1, 0, 0, 2, 0, 1, 1, 0, 0, 0, 0, 2, 1, 0, 0, 0, 1, 3, 0, 0, 1, 0, 0, 1, 0, 2, 0, 1, 0, 2, 1, 0, 0, 1, 1, 3, 1, 1, 3, 0, 1, 0, 0, 2, 0, 0, 0, 0, 1, 2, 0, 0, 1, 0, 0, 0, 0, 0, 0, 0, 0, 0, 0, 1],787.153706995279,55983.98028894573,97838.60121151886,true
12,G3_TWC,G3_TWC,[31, 22, 82, 15, 26, 9, 95, 42, 77, 12, 47, 5, 93, 78, 86, 54, 85, 63, 18, 44, 20, 35, 43, 97, 91, 76, 10, 30, 21, 45, 71, 64, 1, 23, 17, 83, 24, 14, 60, 36, 41, 57, 40, 88, 65, 56, 79, 94, 67, 68, 46, 75, 38, 58, 19, 32, 81, 6, 27, 62, 87, 90, 99, 59, 11, 16, 72, 73, 69, 39, 37, 84, 3, 92, 25, 55, 28, 29, 51, 7, 66, 61, 98, 48, 89, 8, 33, 96, 53, 80, 50, 4, 34, 2, 52, 13, 0, 70, 74, 49]|[1, 1, 0, 1, 1, 0, 1, 2, 2, 1, 2, 2, 2, 1, 1, 0, 0, 1, 0, 2, 2, 0, 1, 2, 0, 1, 2, 2, 0, 0, 1, 2, 1, 2, 1, 0, 2, 0, 1, 1, 0, 1, 1, 1, 0, 2, 1, 1, 0, 0, 0, 0, 1, 1, 2, 1, 2, 0, 0, 0, 2, 1, 0, 1, 2, 1, 2, 1, 1, 1, 1, 1, 1, 0, 1, 1, 0, 0, 0, 1, 2, 1, 2, 0, 1, 0, 2, 0, 0, 0, 0, 0, 2, 0, 1, 0, 0, 1, 2, 0]|[4, 3, 2, 2, 4, 1, 2, 2, 2, 4, 1, 1, 2, 4, 4, 1, 2, 4, 2, 1, 1, 1, 1, 2, 1, 2, 1, 1, 1, 1, 3, 2, 3, 0, 4, 0, 1, 1, 0, 3, 2, 2, 2, 0, 1, 1, 0, 4, 0, 1, 2, 2, 1, 4, 0, 3, 2, 1, 1, 2, 1, 3, 1, 1, 1, 3, 0, 4, 3, 1, 4, 1, 1, 0, 4, 4, 2, 1, 1, 1, 1, 3, 1, 1, 1, 1, 1, 1, 2, 1, 1, 2, 1, 2, 1, 2, 2, 4, 1, 1]|[0, 2, 1, 1, 3, 0, 1, 0, 0, 0, 0, 0, 1, 0, 1, 0, 0, 3, 1, 0, 0, 0, 3, 1, 0, 2, 0, 0, 0, 1, 0, 0, 0, 0, 3, 0, 1, 0, 0, 2, 1, 1, 1, 0, 0, 0, 0, 2, 1, 0, 0, 0, 1, 3, 0, 0, 1, 0, 0, 1, 0, 2, 0, 1, 0, 2, 1, 0, 0, 1, 1, 3, 1, 1, 3, 3, 1, 0, 0, 2, 0, 0, 0, 0, 1, 0, 0, 0, 1, 0, 0, 1, 0, 0, 1, 0, 0, 2, 0, 1],828.6150361188287,57498.909092636255,92558.71763620913,false
12,G1_CMAX,G4_BALANCED,[31, 22, 82, 15, 26, 58, 95, 42, 77, 12, 47, 5, 93, 78, 86, 54, 85, 63, 18, 44, 20, 35, 43, 97, 91, 76, 10, 30, 21, 45, 71, 64, 1, 23, 17, 83, 24, 14, 60, 36, 6, 57, 40, 88, 65, 56, 79, 94, 67, 68, 46, 75, 38, 9, 19, 32, 81, 41, 27, 62, 87, 90, 99, 59, 11, 16, 72, 73, 70, 39, 37, 84, 3, 92, 25, 55, 28, 29, 51, 7, 66, 61, 98, 48, 89, 50, 33, 96, 53, 80, 34, 4, 8, 2, 52, 13, 0, 69, 74, 49]|[1, 1, 0, 1, 1, 0, 1, 2, 2, 1, 2, 2, 2, 1, 1, 0, 0, 1, 0, 2, 2, 0, 1, 2, 0, 1, 2, 2, 0, 0, 1, 2, 1, 2, 1, 0, 2, 0, 1, 1, 0, 1, 1, 1, 0, 2, 1, 1, 0, 0, 0, 0, 1, 1, 2, 1, 2, 0, 0, 0, 2, 1, 0, 1, 2, 1, 2, 1, 1, 1, 1, 1, 1, 0, 1, 2, 1, 0, 0, 1, 2, 1, 0, 0, 1, 0, 0, 2, 0, 0, 2, 1, 1, 0, 2, 0, 0, 1, 2, 0]|[4, 3, 2, 2, 4, 1, 2, 2, 2, 4, 1, 1, 2, 4, 4, 1, 2, 4, 2, 1, 1, 1, 1, 2, 1, 2, 1, 1, 1, 1, 3, 2, 3, 1, 4, 0, 1, 1, 0, 3, 2, 2, 2, 0, 1, 1, 0, 4, 0, 1, 2, 2, 1, 4, 0, 3, 2, 1, 1, 2, 2, 3, 1, 1, 1, 3, 0, 4, 3, 1, 4, 1, 1, 0, 4, 1, 4, 1, 1, 3, 1, 3, 1, 1, 1, 1, 2, 1, 2, 1, 1, 4, 3, 2, 1, 2, 2, 4, 1, 1]|[0, 2, 1, 1, 3, 0, 1, 0, 0, 0, 0, 0, 1, 0, 1, 0, 0, 3, 1, 0, 0, 0, 3, 1, 0, 2, 0, 0, 0, 1, 0, 0, 0, 0, 3, 0, 1, 0, 0, 2, 1, 1, 1, 0, 0, 0, 0, 2, 1, 0, 0, 0, 1, 3, 0, 0, 1, 0, 0, 1, 0, 2, 0, 1, 0, 2, 1, 0, 0, 1, 1, 3, 1, 1, 3, 0, 1, 0, 0, 2, 0, 0, 0, 0, 1, 0, 1, 0, 1, 0, 0, 0, 2, 0, 0, 0, 0, 2, 0, 1],771.6999723321039,56115.09614099476,98372.09661671137,true
12,G4_BALANCED,G4_BALANCED,[31, 22, 82, 15, 26, 58, 95, 42, 77, 12, 47, 5, 93, 78, 86, 54, 85, 63, 18, 44, 20, 35, 43, 97, 66, 76, 10, 30, 21, 45, 71, 1, 23, 17, 64, 83, 24, 14, 60, 36, 6, 57, 40, 88, 65, 56, 79, 94, 67, 68, 46, 75, 38, 9, 19, 32, 81, 41, 27, 62, 87, 90, 99, 59, 11, 16, 72, 73, 70, 39, 37, 84, 3, 92, 25, 55, 28, 29, 51, 7, 33, 61, 98, 48, 89, 8, 4, 96, 53, 80, 50, 91, 34, 2, 52, 13, 0, 69, 74, 49]|[1, 1, 0, 1, 1, 0, 1, 2, 2, 1, 2, 2, 2, 1, 1, 0, 0, 1, 0, 2, 2, 0, 1, 2, 0, 1, 2, 2, 0, 0, 1, 1, 2, 1, 2, 0, 2, 0, 1, 1, 0, 1, 1, 1, 0, 2, 1, 1, 0, 0, 0, 0, 1, 1, 2, 1, 2, 0, 0, 0, 2, 1, 0, 1, 2, 1, 2, 1, 1, 1, 1, 1, 1, 0, 1, 2, 0, 0, 0, 1, 2, 1, 2, 0, 1, 1, 1, 0, 0, 0, 0, 2, 2, 0, 1, 0, 0, 1, 2, 0]|[4, 3, 2, 2, 4, 1, 2, 2, 2, 4, 1, 1, 2, 4, 4, 1, 2, 4, 2, 1, 1, 1, 1, 2, 1, 2, 1, 1, 1, 1, 3, 3, 1, 4, 2, 0, 1, 1, 0, 3, 2, 2, 2, 0, 1, 1, 0, 4, 0, 1, 2, 2, 1, 4, 0, 3, 2, 1, 1, 2, 1, 3, 1, 1, 1, 3, 0, 4, 3, 1, 4, 1, 1, 0, 4, 1, 2, 1, 1, 1, 1, 3, 1, 1, 1, 3, 4, 1, 2, 1, 1, 1, 1, 2, 1, 2, 2, 4, 1, 1]|[0, 2, 1, 1, 3, 0, 1, 0, 0, 0, 0, 0, 1, 0, 1, 0, 0, 3, 1, 0, 0, 0, 3, 1, 0, 2, 0, 0, 0, 1, 0, 0, 0, 3, 0, 0, 1, 0, 0, 2, 1, 1, 1, 0, 0, 0, 0, 2, 1, 0, 0, 0, 1, 3, 0, 0, 1, 0, 0, 1, 0, 2, 0, 1, 0, 2, 1, 0, 0, 1, 1, 3, 1, 1, 3, 0, 1, 0, 0, 2, 0, 0, 0, 0, 1, 2, 0, 0, 1, 0, 0, 0, 0, 0, 1, 0, 0, 2, 0, 1],789.0082444965624,56783.920941447155,94181.8338005128,false
12,G2_TEC,G2_TEC,[31, 22, 82, 15, 26, 9, 95, 42, 77, 68, 47, 5, 93, 78, 86, 54, 85, 63, 18, 44, 20, 49, 36, 14, 74, 50, 53, 17, 21, 28, 71, 64, 3, 23, 30, 83, 24, 41, 60, 52, 65, 27, 90, 70, 39, 87, 48, 69, 99, 4, 46, 1, 13, 58, 97, 59, 33, 8, 73, 37, 35, 79, 11, 66, 76, 32, 40, 80, 96, 6, 16, 61, 45, 98, 57, 34, 12, 67, 10, 7, 56, 88, 29, 19, 91, 38, 75, 92, 43, 84, 51, 62, 55, 81, 25, 2, 0, 94, 89, 72]|[2, 1, 2, 1, 1, 2, 1, 1, 1, 1, 1, 0, 2, 2, 1, 2, 0, 0, 0, 2, 2, 1, 0, 2, 0, 2, 2, 1, 0, 1, 1, 1, 0, 0, 1, 0, 2, 1, 2, 2, 0, 0, 1, 1, 0, 2, 0, 2, 1, 0, 0, 2, 0, 0, 2, 0, 1, 1, 0, 0, 1, 1, 0, 2, 2, 0, 2, 2, 0, 1, 2, 1, 1, 0, 0, 1, 1, 1, 1, 2, 2, 1, 1, 1, 1, 0, 0, 0, 1, 0, 1, 1, 0, 1, 1, 2, 0, 1, 1, 1]|[0, 3, 0, 2, 4, 1, 4, 4, 2, 4, 3, 2, 1, 0, 2, 1, 1, 1, 2, 1, 1, 3, 0, 1, 0, 1, 1, 4, 1, 4, 3, 2, 2, 0, 4, 1, 1, 4, 0, 1, 2, 1, 4, 4, 1, 1, 0, 2, 3, 1, 2, 1, 2, 1, 1, 2, 4, 3, 0, 2, 3, 3, 1, 0, 1, 2, 0, 1, 2, 4, 1, 3, 4, 2, 2, 4, 3, 3, 3, 1, 1, 4, 3, 4, 3, 2, 2, 2, 4, 2, 3, 3, 2, 1, 4, 1, 2, 4, 4, 4]|[0, 2, 0, 1, 3, 0, 1, 3, 0, 0, 2, 0, 1, 0, 1, 0, 0, 0, 1, 0, 0, 2, 0, 0, 1, 0, 0, 3, 0, 1, 0, 2, 0, 0, 3, 0, 1, 3, 1, 0, 0, 0, 1, 3, 0, 0, 1, 0, 2, 0, 0, 0, 0, 0, 1, 0, 1, 0, 1, 1, 2, 2, 0, 0, 0, 0, 0, 0, 0, 2, 0, 0, 1, 0, 0, 1, 0, 0, 3, 0, 0, 1, 0, 3, 0, 0, 0, 0, 2, 0, 0, 0, 0, 1, 3, 0, 0, 2, 1, 2],918.6487324495604,51531.535715336235,110278.19096818606,false
12,G3_TWC,G3_TWC,[31, 22, 82, 15, 26, 9, 95, 42, 77, 12, 47, 5, 93, 78, 86, 54, 85, 63, 18, 44, 20, 35, 43, 97, 91, 76, 10, 30, 21, 45, 71, 64, 1, 23, 17, 83, 24, 14, 60, 36, 41, 57, 40, 88, 65, 56, 79, 94, 67, 68, 46, 75, 38, 58, 19, 32, 81, 6, 27, 62, 87, 90, 99, 59, 11, 16, 72, 73, 69, 39, 37, 84, 3, 92, 25, 55, 28, 29, 51, 7, 66, 61, 98, 48, 89, 8, 33, 96, 53, 80, 50, 4, 34, 2, 52, 13, 0, 70, 74, 49]|[1, 1, 0, 1, 1, 0, 1, 2, 2, 1, 2, 2, 2, 1, 1, 0, 0, 1, 0, 2, 2, 0, 1, 2, 0, 1, 2, 2, 0, 0, 1, 2, 1, 2, 1, 0, 2, 0, 1, 1, 0, 1, 1, 1, 0, 2, 1, 1, 0, 0, 0, 0, 1, 1, 2, 1, 2, 0, 0, 0, 2, 1, 0, 1, 2, 1, 2, 1, 1, 1, 1, 1, 1, 0, 1, 1, 0, 0, 0, 1, 2, 1, 2, 0, 1, 0, 2, 0, 0, 0, 0, 0, 2, 0, 1, 0, 0, 1, 2, 0]|[4, 3, 2, 2, 4, 1, 2, 2, 2, 4, 1, 1, 2, 4, 4, 1, 2, 4, 2, 1, 1, 1, 1, 2, 1, 2, 1, 1, 1, 1, 3, 2, 3, 0, 4, 0, 1, 1, 0, 3, 2, 2, 2, 0, 1, 1, 0, 4, 0, 1, 2, 2, 1, 4, 0, 3, 2, 1, 1, 2, 1, 3, 1, 1, 1, 3, 0, 4, 3, 1, 4, 1, 1, 0, 4, 4, 2, 1, 1, 1, 1, 3, 1, 1, 1, 1, 1, 1, 2, 1, 1, 2, 1, 2, 1, 2, 2, 4, 1, 1]|[0, 2, 1, 1, 3, 0, 1, 0, 0, 0, 0, 0, 1, 0, 1, 0, 0, 3, 1, 0, 0, 0, 3, 1, 0, 2, 0, 0, 0, 1, 0, 0, 0, 0, 3, 0, 1, 0, 0, 2, 1, 1, 1, 0, 0, 0, 0, 2, 1, 0, 0, 0, 1, 3, 0, 0, 1, 0, 0, 1, 0, 2, 0, 1, 0, 2, 1, 0, 0, 1, 1, 3, 1, 1, 3, 3, 1, 0, 0, 2, 0, 0, 0, 0, 1, 0, 0, 0, 1, 0, 0, 1, 0, 0, 1, 0, 0, 2, 0, 1],828.6150361188287,57498.909092636255,92558.71763620913,false
12,G1_CMAX,G4_BALANCED,[31, 22, 82, 15, 26, 58, 95, 42, 77, 12, 47, 5, 93, 78, 86, 54, 85, 63, 18, 44, 20, 35, 43, 97, 91, 76, 10, 30, 21, 45, 71, 64, 1, 23, 17, 83, 24, 14, 60, 36, 6, 57, 40, 88, 65, 56, 79, 94, 67, 68, 46, 75, 38, 9, 19, 32, 81, 41, 27, 62, 87, 90, 99, 59, 11, 16, 72, 73, 70, 39, 37, 84, 3, 92, 25, 55, 28, 29, 51, 7, 33, 61, 98, 48, 89, 50, 8, 96, 53, 80, 4, 66, 34, 2, 52, 13, 0, 69, 74, 49]|[1, 1, 0, 1, 1, 0, 1, 2, 2, 1, 2, 2, 2, 1, 1, 0, 0, 1, 0, 2, 2, 0, 1, 2, 0, 1, 2, 2, 0, 0, 1, 2, 1, 2, 1, 0, 2, 0, 1, 1, 0, 1, 1, 1, 0, 2, 1, 1, 0, 0, 0, 0, 1, 1, 2, 1, 2, 0, 0, 0, 2, 1, 0, 1, 2, 1, 2, 1, 1, 1, 1, 1, 1, 0, 1, 2, 0, 0, 0, 1, 2, 1, 2, 0, 1, 0, 1, 2, 0, 0, 1, 2, 2, 0, 1, 0, 0, 1, 2, 0]|[4, 3, 2, 2, 4, 1, 2, 2, 2, 4, 1, 1, 2, 4, 4, 1, 2, 4, 2, 1, 1, 1, 1, 2, 1, 2, 1, 1, 1, 1, 3, 2, 3, 1, 4, 0, 1, 1, 0, 3, 2, 2, 2, 0, 1, 1, 0, 4, 0, 1, 2, 2, 1, 4, 0, 3, 2, 1, 1, 2, 1, 3, 1, 1, 1, 3, 0, 4, 3, 1, 4, 1, 1, 0, 4, 1, 2, 1, 1, 1, 1, 3, 1, 1, 1, 1, 3, 1, 2, 1, 4, 1, 1, 2, 1, 2, 2, 4, 1, 1]|[0, 2, 1, 1, 3, 0, 1, 0, 0, 0, 0, 0, 1, 0, 1, 0, 0, 3, 1, 0, 0, 0, 3, 1, 0, 2, 0, 0, 0, 1, 0, 0, 0, 0, 3, 0, 1, 0, 0, 2, 1, 1, 1, 0, 0, 0, 0, 2, 1, 0, 0, 0, 1, 3, 0, 0, 1, 0, 0, 1, 0, 2, 0, 1, 0, 2, 1, 0, 0, 1, 1, 3, 1, 1, 3, 0, 1, 0, 0, 2, 0, 0, 0, 0, 1, 0, 2, 0, 1, 0, 0, 0, 0, 0, 1, 0, 0, 2, 0, 1],748.9199420531638,56524.64432799598,94851.49510658538,true
12,G4_BALANCED,G4_BALANCED,[31, 22, 82, 15, 26, 58, 95, 42, 77, 12, 47, 5, 93, 78, 86, 54, 85, 63, 18, 44, 20, 35, 43, 97, 66, 76, 10, 30, 21, 45, 71, 1, 23, 17, 64, 83, 24, 14, 60, 36, 6, 57, 40, 88, 65, 56, 79, 94, 67, 68, 46, 75, 38, 9, 19, 32, 81, 41, 27, 62, 87, 90, 99, 59, 11, 16, 72, 73, 70, 39, 37, 84, 3, 92, 25, 55, 28, 29, 51, 7, 33, 61, 98, 48, 89, 8, 4, 96, 53, 80, 50, 91, 34, 2, 52, 13, 0, 69, 74, 49]|[1, 1, 0, 1, 1, 0, 1, 2, 2, 1, 2, 2, 2, 1, 1, 0, 0, 1, 0, 2, 2, 0, 1, 2, 0, 1, 2, 2, 0, 0, 1, 1, 2, 1, 2, 0, 2, 0, 1, 1, 0, 1, 1, 1, 0, 2, 1, 1, 0, 0, 0, 0, 1, 1, 2, 1, 2, 0, 0, 0, 2, 1, 0, 1, 2, 1, 2, 1, 1, 1, 1, 1, 1, 0, 1, 2, 0, 0, 0, 1, 2, 1, 2, 0, 1, 1, 1, 0, 0, 0, 0, 2, 2, 0, 1, 0, 0, 1, 2, 0]|[4, 3, 2, 2, 4, 1, 2, 2, 2, 4, 1, 1, 2, 4, 4, 1, 2, 4, 2, 1, 1, 1, 1, 2, 1, 2, 1, 1, 1, 1, 3, 3, 1, 4, 2, 0, 1, 1, 0, 3, 2, 2, 2, 0, 1, 1, 0, 4, 0, 1, 2, 2, 1, 4, 0, 3, 2, 1, 1, 2, 1, 3, 1, 1, 1, 3, 0, 4, 3, 1, 4, 1, 1, 0, 4, 1, 2, 1, 1, 1, 1, 3, 1, 1, 1, 3, 4, 1, 2, 1, 1, 1, 1, 2, 1, 2, 2, 4, 1, 1]|[0, 2, 1, 1, 3, 0, 1, 0, 0, 0, 0, 0, 1, 0, 1, 0, 0, 3, 1, 0, 0, 0, 3, 1, 0, 2, 0, 0, 0, 1, 0, 0, 0, 3, 0, 0, 1, 0, 0, 2, 1, 1, 1, 0, 0, 0, 0, 2, 1, 0, 0, 0, 1, 3, 0, 0, 1, 0, 0, 1, 0, 2, 0, 1, 0, 2, 1, 0, 0, 1, 1, 3, 1, 1, 3, 0, 1, 0, 0, 2, 0, 0, 0, 0, 1, 2, 0, 0, 1, 0, 0, 0, 0, 0, 1, 0, 0, 2, 0, 1],789.0082444965624,56783.920941447155,94181.8338005128,false
12,G2_TEC,G2_TEC,[31, 22, 82, 15, 26, 9, 95, 42, 77, 68, 47, 5, 93, 78, 86, 54, 85, 63, 18, 44, 20, 49, 36, 14, 74, 50, 53, 17, 21, 28, 71, 64, 3, 23, 30, 83, 24, 41, 60, 52, 65, 27, 90, 70, 39, 87, 48, 69, 99, 4, 46, 1, 13, 58, 97, 59, 33, 8, 73, 37, 35, 79, 11, 66, 76, 32, 40, 80, 96, 6, 16, 61, 45, 98, 57, 34, 12, 67, 10, 7, 56, 88, 29, 19, 91, 38, 75, 92, 43, 84, 51, 62, 55, 81, 25, 2, 0, 94, 89, 72]|[2, 1, 2, 1, 1, 2, 1, 1, 1, 1, 1, 0, 2, 2, 1, 2, 0, 0, 0, 2, 2, 1, 0, 2, 0, 2, 2, 1, 0, 1, 1, 1, 0, 0, 1, 0, 2, 1, 2, 2, 0, 0, 1, 1, 0, 2, 0, 2, 1, 0, 0, 2, 0, 0, 2, 0, 1, 1, 0, 0, 1, 1, 0, 2, 2, 0, 2, 2, 0, 1, 2, 1, 1, 0, 0, 1, 1, 1, 1, 2, 2, 1, 1, 1, 1, 0, 0, 0, 1, 0, 1, 1, 0, 1, 1, 2, 0, 1, 1, 1]|[0, 3, 0, 2, 4, 1, 4, 4, 2, 4, 3, 2, 1, 0, 2, 1, 1, 1, 2, 1, 1, 3, 0, 1, 0, 1, 1, 4, 1, 4, 3, 2, 2, 0, 4, 1, 1, 4, 0, 1, 2, 1, 4, 4, 1, 1, 0, 2, 3, 1, 2, 1, 2, 1, 1, 2, 4, 3, 0, 2, 3, 3, 1, 0, 1, 2, 0, 1, 2, 4, 1, 3, 4, 2, 2, 4, 3, 3, 3, 1, 1, 4, 3, 4, 3, 2, 2, 2, 4, 2, 3, 3, 2, 1, 4, 1, 2, 4, 4, 4]|[0, 2, 0, 1, 3, 0, 1, 3, 0, 0, 2, 0, 1, 0, 1, 0, 0, 0, 1, 0, 0, 2, 0, 0, 1, 0, 0, 3, 0, 1, 0, 2, 0, 0, 3, 0, 1, 3, 1, 0, 0, 0, 1, 3, 0, 0, 1, 0, 2, 0, 0, 0, 0, 0, 1, 0, 1, 0, 1, 1, 2, 2, 0, 0, 0, 0, 0, 0, 0, 2, 0, 0, 1, 0, 0, 1, 0, 0, 3, 0, 0, 1, 0, 3, 0, 0, 0, 0, 2, 0, 0, 0, 0, 1, 3, 0, 0, 2, 1, 2],918.6487324495604,51531.535715336235,110278.19096818606,false
12,G3_TWC,G3_TWC,[31, 22, 82, 15, 26, 9, 95, 42, 77, 12, 47, 5, 93, 78, 86, 54, 85, 63, 18, 44, 20, 35, 43, 97, 91, 76, 10, 30, 21, 45, 71, 64, 1, 23, 17, 83, 24, 14, 60, 36, 41, 57, 40, 88, 65, 56, 79, 94, 67, 68, 46, 75, 38, 58, 19, 32, 81, 6, 27, 62, 87, 90, 99, 59, 11, 16, 72, 73, 69, 39, 37, 84, 3, 92, 25, 55, 28, 29, 51, 7, 66, 61, 98, 48, 89, 8, 33, 96, 53, 80, 50, 4, 34, 2, 52, 13, 0, 70, 74, 49]|[1, 1, 0, 1, 1, 0, 1, 2, 2, 1, 2, 2, 2, 1, 1, 0, 0, 1, 0, 2, 2, 0, 1, 2, 0, 1, 2, 2, 0, 0, 1, 2, 1, 2, 1, 0, 2, 0, 1, 1, 0, 1, 1, 1, 0, 2, 1, 1, 0, 0, 0, 0, 1, 1, 2, 1, 2, 0, 0, 0, 2, 1, 0, 1, 2, 1, 2, 1, 1, 1, 1, 1, 1, 0, 1, 1, 0, 0, 0, 1, 2, 1, 2, 0, 1, 0, 2, 0, 0, 0, 0, 0, 2, 0, 1, 0, 0, 1, 2, 0]|[4, 3, 2, 2, 4, 1, 2, 2, 2, 4, 1, 1, 2, 4, 4, 1, 2, 4, 2, 1, 1, 1, 1, 2, 1, 2, 1, 1, 1, 1, 3, 2, 3, 0, 4, 0, 1, 1, 0, 3, 2, 2, 2, 0, 1, 1, 0, 4, 0, 1, 2, 2, 1, 4, 0, 3, 2, 1, 1, 2, 1, 3, 1, 1, 1, 3, 0, 4, 3, 1, 4, 1, 1, 0, 4, 4, 2, 1, 1, 1, 1, 3, 1, 1, 1, 1, 1, 1, 2, 1, 1, 2, 1, 2, 1, 2, 2, 4, 1, 1]|[0, 2, 1, 1, 3, 0, 1, 0, 0, 0, 0, 0, 1, 0, 1, 0, 0, 3, 1, 0, 0, 0, 3, 1, 0, 2, 0, 0, 0, 1, 0, 0, 0, 0, 3, 0, 1, 0, 0, 2, 1, 1, 1, 0, 0, 0, 0, 2, 1, 0, 0, 0, 1, 3, 0, 0, 1, 0, 0, 1, 0, 2, 0, 1, 0, 2, 1, 0, 0, 1, 1, 3, 1, 1, 3, 3, 1, 0, 0, 2, 0, 0, 0, 0, 1, 0, 0, 0, 1, 0, 0, 1, 0, 0, 1, 0, 0, 2, 0, 1],828.6150361188287,57498.909092636255,92558.71763620913,false
12,G1_CMAX,G1_CMAX,[31, 22, 82, 15, 26, 9, 95, 42, 77, 12, 47, 5, 93, 78, 86, 54, 6, 63, 18, 44, 20, 35, 43, 97, 91, 76, 10, 30, 21, 45, 64, 1, 23, 17, 83, 24, 14, 60, 36, 13, 75, 46, 68, 67, 69, 79, 56, 65, 88, 40, 57, 85, 58, 19, 32, 81, 48, 27, 62, 87, 90, 99, 59, 11, 16, 72, 73, 71, 70, 39, 37, 84, 3, 98, 29, 28, 55, 25, 92, 7, 33, 61, 53, 41, 89, 50, 8, 96, 51, 80, 34, 4, 66, 2, 52, 49, 0, 94, 74, 38]|[1, 1, 0, 1, 1, 0, 1, 2, 2, 1, 2, 2, 2, 1, 1, 0, 0, 1, 0, 2, 2, 0, 1, 2, 0, 1, 2, 2, 0, 0, 2, 1, 2, 1, 0, 2, 2, 1, 1, 0, 0, 0, 0, 0, 2, 1, 2, 0, 1, 1, 1, 0, 1, 2, 1, 2, 1, 0, 0, 2, 1, 0, 1, 2, 1, 2, 1, 1, 1, 1, 1, 1, 1, 0, 0, 0, 1, 1, 0, 1, 0, 1, 0, 1, 1, 0, 1, 0, 0, 0, 2, 1, 2, 0, 1, 0, 0, 2, 2, 1]|[0, 3, 2, 2, 4, 1, 2, 2, 2, 4, 1, 1, 2, 4, 4, 1, 2, 4, 2, 1, 1, 1, 1, 2, 1, 2, 1, 1, 1, 1, 2, 3, 0, 4, 0, 1, 2, 0, 3, 2, 2, 2, 1, 0, 2, 0, 1, 1, 0, 2, 2, 2, 0, 0, 3, 2, 4, 1, 2, 2, 3, 1, 1, 1, 3, 0, 4, 3, 3, 1, 4, 1, 1, 1, 1, 2, 4, 4, 0, 1, 2, 3, 2, 4, 1, 1, 3, 1, 1, 1, 1, 4, 1, 2, 1, 1, 2, 0, 1, 1]|[0, 2, 1, 1, 3, 0, 1, 0, 0, 0, 0, 0, 1, 0, 1, 0, 1, 3, 1, 0, 0, 0, 3, 1, 0, 2, 0, 0, 0, 1, 0, 0, 0, 3, 0, 1, 1, 0, 2, 0, 0, 0, 0, 1, 0, 0, 0, 0, 0, 1, 1, 0, 3, 0, 0, 1, 2, 0, 1, 0, 2, 0, 1, 0, 2, 1, 0, 0, 0, 1, 1, 3, 1, 0, 0, 1, 3, 3, 1, 2, 1, 0, 1, 3, 1, 0, 2, 0, 0, 0, 0, 0, 0, 0, 1, 1, 0, 0, 0, 1],740.6648699319737,58392.73539943754,98914.29550102295,false
12,G4_BALANCED,G4_BALANCED,[31, 22, 82, 15, 26, 58, 95, 42, 77, 12, 47, 5, 93, 78, 86, 54, 85, 63, 18, 44, 20, 35, 43, 97, 91, 76, 10, 30, 21, 45, 71, 64, 1, 23, 17, 83, 24, 14, 60, 36, 6, 57, 40, 88, 65, 56, 79, 94, 67, 68, 46, 75, 38, 9, 19, 32, 81, 48, 27, 62, 87, 90, 99, 59, 11, 16, 72, 73, 70, 39, 37, 84, 3, 92, 25, 55, 28, 29, 51, 7, 33, 61, 98, 41, 89, 50, 66, 96, 53, 80, 4, 8, 34, 2, 52, 13, 0, 69, 74, 49]|[1, 1, 0, 1, 1, 0, 1, 2, 2, 1, 2, 2, 2, 1, 1, 0, 0, 1, 0, 2, 2, 0, 1, 2, 0, 1, 2, 2, 0, 0, 1, 2, 1, 2, 1, 0, 2, 0, 1, 1, 0, 1, 1, 1, 0, 2, 1, 1, 0, 0, 0, 0, 1, 1, 2, 1, 2, 0, 0, 0, 2, 1, 0, 1, 2, 1, 2, 1, 1, 1, 1, 1, 1, 0, 1, 2, 0, 0, 0, 1, 0, 1, 2, 0, 1, 0, 2, 0, 0, 0, 1, 0, 2, 0, 1, 0, 0, 1, 2, 0]|[4, 3, 2, 2, 4, 1, 2, 2, 2, 4, 1, 1, 2, 4, 4, 1, 2, 4, 2, 1, 1, 1, 1, 2, 1, 2, 1, 1, 1, 1, 3, 2, 3, 1, 4, 0, 1, 1, 0, 3, 2, 2, 2, 0, 1, 1, 0, 4, 0, 1, 2, 2, 1, 4, 0, 3, 2, 1, 1, 2, 1, 3, 1, 1, 1, 3, 0, 4, 3, 1, 4, 1, 1, 0, 4, 1, 2, 1, 1, 1, 2, 3, 1, 1, 1, 1, 1, 1, 2, 1, 4, 1, 1, 2, 1, 2, 2, 4, 1, 1]|[0, 2, 1, 1, 3, 0, 1, 0, 0, 0, 0, 0, 1, 0, 1, 0, 0, 3, 1, 0, 0, 0, 3, 1, 0, 2, 0, 0, 0, 1, 0, 0, 0, 0, 3, 0, 1, 0, 0, 2, 1, 1, 1, 0, 0, 0, 0, 2, 1, 0, 0, 0, 1, 3, 0, 0, 1, 0, 0, 1, 0, 2, 0, 1, 0, 2, 1, 0, 0, 1, 1, 3, 1, 1, 3, 0, 1, 0, 0, 2, 1, 0, 0, 0, 1, 0, 0, 0, 1, 0, 0, 0, 0, 0, 1, 0, 0, 2, 0, 1],817.1194305656945,56636.583234489386,94087.01984604352,false
12,G2_TEC,G2_TEC,[31, 22, 82, 15, 26, 9, 95, 42, 77, 68, 47, 5, 93, 78, 86, 54, 85, 63, 18, 44, 20, 49, 36, 14, 74, 50, 53, 17, 21, 28, 71, 64, 3, 23, 30, 83, 24, 41, 60, 52, 65, 27, 90, 70, 39, 87, 48, 69, 99, 4, 46, 1, 13, 58, 97, 59, 33, 8, 73, 37, 35, 79, 11, 66, 76, 32, 40, 80, 96, 6, 16, 61, 45, 98, 57, 34, 12, 67, 10, 7, 56, 88, 29, 19, 91, 38, 75, 92, 43, 84, 51, 62, 55, 81, 25, 2, 0, 94, 89, 72]|[2, 1, 2, 1, 1, 2, 1, 1, 1, 1, 1, 0, 2, 2, 1, 2, 0, 0, 0, 2, 2, 1, 0, 2, 0, 2, 2, 1, 0, 1, 1, 1, 0, 0, 1, 0, 2, 1, 2, 2, 0, 0, 1, 1, 0, 2, 0, 2, 1, 0, 0, 2, 0, 0, 2, 0, 1, 1, 0, 0, 1, 1, 0, 2, 2, 0, 2, 2, 0, 1, 2, 1, 1, 0, 0, 1, 1, 1, 1, 2, 2, 1, 1, 1, 1, 0, 0, 0, 1, 0, 1, 1, 0, 1, 1, 2, 0, 1, 1, 1]|[0, 3, 0, 2, 4, 1, 4, 4, 2, 4, 3, 2, 1, 0, 2, 1, 1, 1, 2, 1, 1, 3, 0, 1, 0, 1, 1, 4, 1, 4, 3, 2, 2, 0, 4, 1, 1, 4, 0, 1, 2, 1, 4, 4, 1, 1, 0, 2, 3, 1, 2, 1, 2, 1, 1, 2, 4, 3, 0, 2, 3, 3, 1, 0, 1, 2, 0, 1, 2, 4, 1, 3, 4, 2, 2, 4, 3, 3, 3, 1, 1, 4, 3, 4, 3, 2, 2, 2, 4, 2, 3, 3, 2, 1, 4, 1, 2, 4, 4, 4]|[0, 2, 0, 1, 3, 0, 1, 3, 0, 0, 2, 0, 1, 0, 1, 0, 0, 0, 1, 0, 0, 2, 0, 0, 1, 0, 0, 3, 0, 1, 0, 2, 0, 0, 3, 0, 1, 3, 1, 0, 0, 0, 1, 3, 0, 0, 1, 0, 2, 0, 0, 0, 0, 0, 1, 0, 1, 0, 1, 1, 2, 2, 0, 0, 0, 0, 0, 0, 0, 2, 0, 0, 1, 0, 0, 1, 0, 0, 3, 0, 0, 1, 0, 3, 0, 0, 0, 0, 2, 0, 0, 0, 0, 1, 3, 0, 0, 2, 1, 2],918.6487324495604,51531.535715336235,110278.19096818606,false
12,G3_TWC,G3_TWC,[31, 22, 82, 15, 26, 9, 95, 42, 77, 12, 47, 5, 93, 78, 86, 54, 85, 63, 18, 44, 20, 35, 43, 97, 91, 76, 10, 30, 21, 45, 71, 64, 1, 23, 17, 83, 24, 14, 60, 36, 41, 57, 40, 88, 65, 56, 79, 94, 67, 68, 46, 75, 38, 58, 19, 32, 81, 6, 27, 62, 87, 90, 99, 59, 11, 16, 72, 73, 69, 39, 37, 84, 3, 92, 25, 55, 28, 29, 51, 7, 66, 61, 98, 48, 89, 8, 33, 96, 53, 80, 50, 4, 34, 2, 52, 13, 0, 70, 74, 49]|[1, 1, 0, 1, 1, 0, 1, 2, 2, 1, 2, 2, 2, 1, 1, 0, 0, 1, 0, 2, 2, 0, 1, 2, 0, 1, 2, 2, 0, 0, 1, 2, 1, 2, 1, 0, 2, 0, 1, 1, 0, 1, 1, 1, 0, 2, 1, 1, 0, 0, 0, 0, 1, 1, 2, 1, 2, 0, 0, 0, 2, 1, 0, 1, 2, 1, 2, 1, 1, 1, 1, 1, 1, 0, 1, 1, 0, 0, 0, 1, 2, 1, 2, 0, 1, 0, 2, 0, 0, 0, 0, 0, 2, 0, 1, 0, 0, 1, 2, 0]|[4, 3, 2, 2, 4, 1, 2, 2, 2, 4, 1, 1, 2, 4, 4, 1, 2, 4, 2, 1, 1, 1, 1, 2, 1, 2, 1, 1, 1, 1, 3, 2, 3, 0, 4, 0, 1, 1, 0, 3, 2, 2, 2, 0, 1, 1, 0, 4, 0, 1, 2, 2, 1, 4, 0, 3, 2, 1, 1, 2, 1, 3, 1, 1, 1, 3, 0, 4, 3, 1, 4, 1, 1, 0, 4, 4, 2, 1, 1, 1, 1, 3, 1, 1, 1, 1, 1, 1, 2, 1, 1, 2, 1, 2, 1, 2, 2, 4, 1, 1]|[0, 2, 1, 1, 3, 0, 1, 0, 0, 0, 0, 0, 1, 0, 1, 0, 0, 3, 1, 0, 0, 0, 3, 1, 0, 2, 0, 0, 0, 1, 0, 0, 0, 0, 3, 0, 1, 0, 0, 2, 1, 1, 1, 0, 0, 0, 0, 2, 1, 0, 0, 0, 1, 3, 0, 0, 1, 0, 0, 1, 0, 2, 0, 1, 0, 2, 1, 0, 0, 1, 1, 3, 1, 1, 3, 3, 1, 0, 0, 2, 0, 0, 0, 0, 1, 0, 0, 0, 1, 0, 0, 1, 0, 0, 1, 0, 0, 2, 0, 1],828.6150361188287,57498.909092636255,92558.71763620913,false
12,G1_CMAX,G2_TEC,[31, 22, 82, 15, 26, 9, 95, 42, 77, 68, 47, 5, 93, 78, 86, 54, 85, 63, 18, 44, 20, 49, 36, 14, 74, 50, 53, 17, 21, 28, 71, 64, 3, 23, 30, 83, 24, 41, 60, 52, 65, 27, 90, 70, 39, 87, 48, 69, 99, 4, 46, 1, 13, 58, 97, 59, 33, 8, 73, 37, 35, 79, 11, 66, 76, 32, 40, 80, 96, 6, 16, 61, 45, 98, 57, 34, 12, 67, 10, 7, 56, 88, 29, 19, 91, 38, 75, 92, 43, 84, 55, 62, 51, 0, 81, 2, 89, 94, 25, 72]|[2, 1, 2, 1, 1, 2, 1, 1, 1, 1, 1, 0, 2, 2, 1, 2, 0, 0, 0, 2, 2, 1, 0, 2, 0, 2, 2, 1, 0, 1, 1, 1, 0, 0, 1, 0, 2, 1, 2, 2, 0, 0, 1, 1, 0, 2, 0, 2, 1, 0, 0, 2, 0, 0, 2, 0, 1, 1, 0, 0, 1, 2, 0, 2, 2, 0, 2, 2, 0, 1, 2, 1, 1, 0, 0, 1, 1, 1, 1, 2, 2, 1, 1, 1, 1, 0, 0, 0, 1, 0, 0, 1, 1, 0, 1, 2, 1, 1, 1, 1]|[0, 3, 0, 2, 4, 1, 4, 4, 2, 4, 3, 2, 1, 0, 2, 1, 1, 1, 2, 1, 1, 3, 0, 1, 0, 1, 1, 4, 1, 4, 3, 2, 2, 0, 4, 1, 1, 4, 0, 1, 2, 1, 4, 4, 1, 1, 0, 2, 3, 1, 2, 1, 2, 1, 1, 2, 4, 3, 0, 2, 3, 2, 1, 0, 1, 2, 0, 1, 2, 4, 1, 3, 4, 2, 0, 4, 3, 3, 3, 1, 1, 4, 3, 4, 3, 2, 2, 2, 4, 2, 2, 3, 3, 2, 1, 1, 4, 4, 4, 4]|[0, 2, 0, 1, 3, 0, 1, 3, 0, 0, 2, 0, 1, 0, 1, 0, 0, 0, 1, 0, 0, 2, 0, 0, 1, 0, 0, 3, 0, 1, 0, 2, 0, 0, 3, 0, 1, 3, 1, 0, 0, 0, 1, 3, 0, 0, 1, 0, 2, 0, 0, 0, 0, 0, 1, 0, 1, 0, 1, 1, 2, 0, 0, 0, 0, 0, 0, 0, 0, 2, 0, 0, 1, 0, 1, 2, 0, 0, 3, 0, 0, 1, 0, 3, 0, 0, 0, 0, 2, 0, 0, 0, 0, 0, 1, 0, 1, 2, 3, 2],896.8327499843081,51756.49242164883,109909.81038046395,true
12,G4_BALANCED,G4_BALANCED,[31, 22, 82, 15, 26, 58, 95, 42, 77, 12, 47, 5, 93, 78, 86, 54, 85, 63, 18, 44, 20, 35, 43, 97, 66, 76, 10, 30, 21, 45, 71, 1, 23, 17, 64, 83, 24, 14, 60, 36, 6, 57, 40, 88, 65, 56, 79, 94, 67, 68, 46, 75, 38, 9, 19, 32, 81, 41, 27, 62, 87, 90, 99, 59, 11, 16, 72, 73, 70, 39, 37, 84, 3, 92, 25, 55, 28, 29, 51, 7, 33, 61, 98, 48, 89, 8, 4, 96, 53, 80, 50, 91, 34, 2, 52, 13, 0, 69, 74, 49]|[1, 1, 0, 1, 1, 0, 1, 2, 2, 1, 2, 2, 2, 1, 1, 0, 0, 1, 0, 2, 2, 0, 1, 2, 0, 1, 2, 2, 0, 0, 1, 1, 2, 1, 2, 0, 2, 0, 1, 1, 0, 1, 1, 1, 0, 2, 1, 1, 0, 0, 0, 0, 1, 1, 2, 1, 2, 0, 0, 0, 2, 1, 0, 1, 2, 1, 2, 1, 1, 1, 1, 1, 1, 0, 1, 2, 0, 0, 0, 1, 2, 1, 2, 0, 1, 1, 1, 0, 0, 0, 0, 2, 2, 0, 1, 0, 0, 1, 2, 0]|[4, 3, 2, 2, 4, 1, 2, 2, 2, 4, 1, 1, 2, 4, 4, 1, 2, 4, 2, 1, 1, 1, 1, 2, 1, 2, 1, 1, 1, 1, 3, 3, 1, 4, 2, 0, 1, 1, 0, 3, 2, 2, 2, 0, 1, 1, 0, 4, 0, 1, 2, 2, 1, 4, 0, 3, 2, 1, 1, 2, 1, 3, 1, 1, 1, 3, 0, 4, 3, 1, 4, 1, 1, 0, 4, 1, 2, 1, 1, 1, 1, 3, 1, 1, 1, 3, 4, 1, 2, 1, 1, 1, 1, 2, 1, 2, 2, 4, 1, 1]|[0, 2, 1, 1, 3, 0, 1, 0, 0, 0, 0, 0, 1, 0, 1, 0, 0, 3, 1, 0, 0, 0, 3, 1, 0, 2, 0, 0, 0, 1, 0, 0, 0, 3, 0, 0, 1, 0, 0, 2, 1, 1, 1, 0, 0, 0, 0, 2, 1, 0, 0, 0, 1, 3, 0, 0, 1, 0, 0, 1, 0, 2, 0, 1, 0, 2, 1, 0, 0, 1, 1, 3, 1, 1, 3, 0, 1, 0, 0, 2, 0, 0, 0, 0, 1, 2, 0, 0, 1, 0, 0, 0, 0, 0, 1, 0, 0, 2, 0, 1],789.0082444965624,56783.920941447155,94181.8338005128,false
12,G2_TEC,G2_TEC,[31, 22, 82, 15, 26, 9, 95, 42, 77, 68, 47, 5, 93, 78, 86, 54, 85, 63, 18, 44, 20, 49, 36, 14, 74, 50, 53, 17, 21, 28, 71, 64, 3, 23, 30, 83, 24, 41, 60, 52, 65, 27, 90, 70, 39, 87, 48, 69, 99, 4, 46, 1, 13, 58, 97, 59, 33, 8, 73, 37, 35, 79, 11, 66, 76, 32, 40, 80, 96, 6, 16, 61, 45, 98, 57, 34, 12, 67, 10, 7, 56, 88, 29, 19, 91, 38, 75, 92, 43, 84, 51, 62, 55, 81, 25, 2, 0, 94, 89, 72]|[2, 1, 2, 1, 1, 2, 1, 1, 1, 1, 1, 0, 2, 2, 1, 2, 0, 0, 0, 2, 2, 1, 0, 2, 0, 2, 2, 1, 0, 1, 1, 1, 0, 0, 1, 0, 2, 1, 2, 2, 0, 0, 1, 1, 0, 2, 0, 2, 1, 0, 0, 2, 0, 0, 2, 0, 1, 1, 0, 0, 1, 1, 0, 2, 2, 0, 2, 2, 0, 1, 2, 1, 1, 0, 0, 1, 1, 1, 1, 2, 2, 1, 1, 1, 1, 0, 0, 0, 1, 0, 1, 1, 0, 1, 1, 2, 0, 1, 1, 1]|[0, 3, 0, 2, 4, 1, 4, 4, 2, 4, 3, 2, 1, 0, 2, 1, 1, 1, 2, 1, 1, 3, 0, 1, 0, 1, 1, 4, 1, 4, 3, 2, 2, 0, 4, 1, 1, 4, 0, 1, 2, 1, 4, 4, 1, 1, 0, 2, 3, 1, 2, 1, 2, 1, 1, 2, 4, 3, 0, 2, 3, 3, 1, 0, 1, 2, 0, 1, 2, 4, 1, 3, 4, 2, 2, 4, 3, 3, 3, 1, 1, 4, 3, 4, 3, 2, 2, 2, 4, 2, 3, 3, 2, 1, 4, 1, 2, 4, 4, 4]|[0, 2, 0, 1, 3, 0, 1, 3, 0, 0, 2, 0, 1, 0, 1, 0, 0, 0, 1, 0, 0, 2, 0, 0, 1, 0, 0, 3, 0, 1, 0, 2, 0, 0, 3, 0, 1, 3, 1, 0, 0, 0, 1, 3, 0, 0, 1, 0, 2, 0, 0, 0, 0, 0, 1, 0, 1, 0, 1, 1, 2, 2, 0, 0, 0, 0, 0, 0, 0, 2, 0, 0, 1, 0, 0, 1, 0, 0, 3, 0, 0, 1, 0, 3, 0, 0, 0, 0, 2, 0, 0, 0, 0, 1, 3, 0, 0, 2, 1, 2],918.6487324495604,51531.535715336235,110278.19096818606,false
12,G3_TWC,G3_TWC,[31, 22, 82, 15, 26, 9, 95, 42, 77, 12, 47, 5, 93, 78, 86, 54, 85, 63, 18, 44, 20, 35, 43, 97, 91, 76, 10, 30, 21, 45, 71, 64, 1, 23, 17, 83, 24, 14, 60, 36, 41, 57, 40, 88, 65, 56, 79, 94, 67, 68, 46, 75, 38, 58, 19, 32, 81, 6, 27, 62, 87, 90, 99, 59, 11, 16, 72, 73, 69, 39, 37, 84, 3, 92, 25, 55, 28, 29, 51, 7, 66, 61, 98, 48, 89, 8, 33, 96, 53, 80, 50, 4, 34, 2, 52, 13, 0, 70, 74, 49]|[1, 1, 0, 1, 1, 0, 1, 2, 2, 1, 2, 2, 2, 1, 1, 0, 0, 1, 0, 2, 2, 0, 1, 2, 0, 1, 2, 2, 0, 0, 1, 2, 1, 2, 1, 0, 2, 0, 1, 1, 0, 1, 1, 1, 0, 2, 1, 1, 0, 0, 0, 0, 1, 1, 2, 1, 2, 0, 0, 0, 2, 1, 0, 1, 2, 1, 2, 1, 1, 1, 1, 1, 1, 0, 1, 1, 0, 0, 0, 1, 2, 1, 2, 0, 1, 0, 2, 0, 0, 0, 0, 0, 2, 0, 1, 0, 0, 1, 2, 0]|[4, 3, 2, 2, 4, 1, 2, 2, 2, 4, 1, 1, 2, 4, 4, 1, 2, 4, 2, 1, 1, 1, 1, 2, 1, 2, 1, 1, 1, 1, 3, 2, 3, 0, 4, 0, 1, 1, 0, 3, 2, 2, 2, 0, 1, 1, 0, 4, 0, 1, 2, 2, 1, 4, 0, 3, 2, 1, 1, 2, 1, 3, 1, 1, 1, 3, 0, 4, 3, 1, 4, 1, 1, 0, 4, 4, 2, 1, 1, 1, 1, 3, 1, 1, 1, 1, 1, 1, 2, 1, 1, 2, 1, 2, 1, 2, 2, 4, 1, 1]|[0, 2, 1, 1, 3, 0, 1, 0, 0, 0, 0, 0, 1, 0, 1, 0, 0, 3, 1, 0, 0, 0, 3, 1, 0, 2, 0, 0, 0, 1, 0, 0, 0, 0, 3, 0, 1, 0, 0, 2, 1, 1, 1, 0, 0, 0, 0, 2, 1, 0, 0, 0, 1, 3, 0, 0, 1, 0, 0, 1, 0, 2, 0, 1, 0, 2, 1, 0, 0, 1, 1, 3, 1, 1, 3, 3, 1, 0, 0, 2, 0, 0, 0, 0, 1, 0, 0, 0, 1, 0, 0, 1, 0, 0, 1, 0, 0, 2, 0, 1],828.6150361188287,57498.909092636255,92558.71763620913,false
12,G1_CMAX,G3_TWC,[31, 22, 82, 84, 26, 58, 95, 42, 77, 12, 47, 5, 93, 78, 86, 54, 85, 63, 18, 44, 20, 35, 43, 97, 91, 76, 10, 30, 21, 45, 71, 64, 1, 23, 17, 83, 24, 14, 60, 36, 6, 57, 40, 88, 65, 56, 79, 94, 67, 68, 46, 75, 38, 9, 19, 32, 81, 41, 27, 62, 87, 90, 99, 59, 11, 16, 72, 73, 70, 39, 37, 15, 3, 92, 25, 34, 28, 29, 51, 7, 33, 61, 98, 48, 89, 50, 66, 96, 80, 8, 55, 4, 53, 2, 52, 13, 0, 69, 74, 49]|[1, 1, 0, 1, 1, 0, 1, 2, 2, 1, 2, 2, 2, 1, 1, 0, 0, 1, 0, 2, 2, 0, 1, 2, 0, 1, 2, 2, 0, 0, 1, 2, 1, 2, 1, 0, 2, 0, 1, 1, 0, 1, 1, 1, 0, 2, 1, 1, 0, 0, 0, 0, 1, 1, 2, 1, 2, 0, 0, 0, 2, 1, 0, 1, 2, 1, 2, 1, 1, 1, 1, 1, 1, 0, 1, 2, 0, 0, 0, 1, 2, 1, 2, 0, 1, 0, 2, 2, 0, 0, 2, 1, 0, 0, 1, 0, 0, 1, 2, 0]|[4, 3, 2, 2, 4, 1, 2, 2, 2, 4, 1, 1, 2, 4, 4, 1, 2, 4, 2, 1, 1, 1, 1, 2, 1, 2, 1, 1, 1, 1, 3, 2, 3, 1, 4, 0, 1, 1, 0, 3, 2, 2, 2, 0, 1, 1, 0, 4, 0, 1, 2, 2, 1, 4, 0, 3, 2, 1, 1, 2, 1, 3, 1, 1, 1, 3, 0, 4, 3, 1, 4, 1, 1, 0, 4, 1, 2, 1, 1, 1, 1, 3, 1, 1, 1, 1, 1, 1, 1, 2, 1, 4, 2, 2, 1, 2, 2, 4, 1, 1]|[0, 2, 1, 1, 3, 0, 1, 0, 0, 0, 0, 0, 1, 0, 1, 0, 0, 3, 1, 0, 0, 0, 3, 1, 0, 2, 0, 0, 0, 1, 0, 0, 0, 0, 3, 0, 1, 0, 0, 2, 1, 1, 1, 0, 0, 0, 0, 2, 1, 0, 0, 0, 1, 3, 0, 0, 1, 0, 0, 1, 0, 2, 0, 1, 0, 2, 1, 0, 0, 1, 1, 3, 1, 1, 3, 0, 1, 0, 0, 2, 0, 0, 0, 0, 1, 0, 0, 0, 0, 1, 0, 0, 1, 0, 1, 0, 0, 2, 0, 1],775.7181768786576,56665.674603166226,94404.9775923701,true
12,G4_BALANCED,G4_BALANCED,[31, 22, 82, 15, 26, 58, 95, 42, 77, 12, 47, 5, 93, 78, 86, 54, 85, 63, 18, 44, 20, 35, 43, 97, 66, 76, 10, 30, 21, 45, 71, 1, 23, 17, 64, 83, 24, 14, 60, 36, 6, 57, 40, 88, 65, 56, 79, 94, 67, 68, 46, 75, 38, 9, 19, 32, 81, 41, 27, 62, 87, 90, 99, 59, 11, 16, 72, 73, 70, 39, 37, 84, 3, 92, 25, 55, 28, 29, 51, 7, 33, 61, 98, 48, 89, 8, 4, 96, 53, 80, 50, 91, 34, 2, 52, 13, 0, 69, 74, 49]|[1, 1, 0, 1, 1, 0, 1, 2, 2, 1, 2, 2, 2, 1, 1, 0, 0, 1, 0, 2, 2, 0, 1, 2, 0, 1, 2, 2, 0, 0, 1, 1, 2, 1, 2, 0, 2, 0, 1, 1, 0, 1, 1, 1, 0, 2, 1, 1, 0, 0, 0, 0, 1, 1, 2, 1, 2, 0, 0, 0, 2, 1, 0, 1, 2, 1, 2, 1, 1, 1, 1, 1, 1, 0, 1, 2, 0, 0, 0, 1, 2, 1, 2, 0, 1, 1, 1, 0, 0, 0, 0, 2, 2, 0, 1, 0, 0, 1, 2, 0]|[4, 3, 2, 2, 4, 1, 2, 2, 2, 4, 1, 1, 2, 4, 4, 1, 2, 4, 2, 1, 1, 1, 1, 2, 1, 2, 1, 1, 1, 1, 3, 3, 1, 4, 2, 0, 1, 1, 0, 3, 2, 2, 2, 0, 1, 1, 0, 4, 0, 1, 2, 2, 1, 4, 0, 3, 2, 1, 1, 2, 1, 3, 1, 1, 1, 3, 0, 4, 3, 1, 4, 1, 1, 0, 4, 1, 2, 1, 1, 1, 1, 3, 1, 1, 1, 3, 4, 1, 2, 1, 1, 1, 1, 2, 1, 2, 2, 4, 1, 1]|[0, 2, 1, 1, 3, 0, 1, 0, 0, 0, 0, 0, 1, 0, 1, 0, 0, 3, 1, 0, 0, 0, 3, 1, 0, 2, 0, 0, 0, 1, 0, 0, 0, 3, 0, 0, 1, 0, 0, 2, 1, 1, 1, 0, 0, 0, 0, 2, 1, 0, 0, 0, 1, 3, 0, 0, 1, 0, 0, 1, 0, 2, 0, 1, 0, 2, 1, 0, 0, 1, 1, 3, 1, 1, 3, 0, 1, 0, 0, 2, 0, 0, 0, 0, 1, 2, 0, 0, 1, 0, 0, 0, 0, 0, 1, 0, 0, 2, 0, 1],789.0082444965624,56783.920941447155,94181.8338005128,false
12,G2_TEC,G2_TEC,[31, 22, 82, 15, 26, 9, 95, 42, 77, 68, 47, 5, 93, 78, 86, 54, 85, 63, 18, 44, 20, 49, 36, 14, 74, 50, 53, 17, 21, 28, 71, 64, 3, 23, 30, 83, 24, 41, 60, 52, 65, 27, 90, 70, 39, 87, 48, 69, 99, 4, 46, 1, 13, 58, 97, 59, 33, 8, 73, 37, 35, 79, 11, 66, 76, 32, 40, 80, 96, 6, 16, 61, 45, 98, 57, 34, 12, 67, 10, 7, 56, 88, 29, 19, 91, 38, 75, 92, 43, 84, 51, 62, 55, 81, 25, 2, 0, 94, 89, 72]|[2, 1, 2, 1, 1, 2, 1, 1, 1, 1, 1, 0, 2, 2, 1, 2, 0, 0, 0, 2, 2, 1, 0, 2, 0, 2, 2, 1, 0, 1, 1, 1, 0, 0, 1, 0, 2, 1, 2, 2, 0, 0, 1, 1, 0, 2, 0, 2, 1, 0, 0, 2, 0, 0, 2, 0, 1, 1, 0, 0, 1, 1, 0, 2, 2, 0, 2, 2, 0, 1, 2, 1, 1, 0, 0, 1, 1, 1, 1, 2, 2, 1, 1, 1, 1, 0, 0, 0, 1, 0, 1, 1, 0, 1, 1, 2, 0, 1, 1, 1]|[0, 3, 0, 2, 4, 1, 4, 4, 2, 4, 3, 2, 1, 0, 2, 1, 1, 1, 2, 1, 1, 3, 0, 1, 0, 1, 1, 4, 1, 4, 3, 2, 2, 0, 4, 1, 1, 4, 0, 1, 2, 1, 4, 4, 1, 1, 0, 2, 3, 1, 2, 1, 2, 1, 1, 2, 4, 3, 0, 2, 3, 3, 1, 0, 1, 2, 0, 1, 2, 4, 1, 3, 4, 2, 2, 4, 3, 3, 3, 1, 1, 4, 3, 4, 3, 2, 2, 2, 4, 2, 3, 3, 2, 1, 4, 1, 2, 4, 4, 4]|[0, 2, 0, 1, 3, 0, 1, 3, 0, 0, 2, 0, 1, 0, 1, 0, 0, 0, 1, 0, 0, 2, 0, 0, 1, 0, 0, 3, 0, 1, 0, 2, 0, 0, 3, 0, 1, 3, 1, 0, 0, 0, 1, 3, 0, 0, 1, 0, 2, 0, 0, 0, 0, 0, 1, 0, 1, 0, 1, 1, 2, 2, 0, 0, 0, 0, 0, 0, 0, 2, 0, 0, 1, 0, 0, 1, 0, 0, 3, 0, 0, 1, 0, 3, 0, 0, 0, 0, 2, 0, 0, 0, 0, 1, 3, 0, 0, 2, 1, 2],918.6487324495604,51531.535715336235,110278.19096818606,false
12,G3_TWC,G3_TWC,[31, 22, 82, 15, 26, 9, 95, 42, 77, 12, 47, 5, 93, 78, 86, 54, 85, 63, 18, 44, 20, 35, 43, 97, 91, 76, 10, 30, 21, 45, 71, 64, 1, 23, 17, 83, 24, 14, 60, 36, 41, 57, 40, 88, 65, 56, 79, 94, 67, 68, 46, 75, 38, 58, 19, 32, 81, 6, 27, 62, 87, 90, 99, 59, 11, 16, 72, 73, 69, 39, 37, 84, 3, 92, 25, 55, 28, 29, 51, 7, 66, 61, 98, 48, 89, 8, 33, 96, 53, 80, 50, 4, 34, 2, 52, 13, 0, 70, 74, 49]|[1, 1, 0, 1, 1, 0, 1, 2, 2, 1, 2, 2, 2, 1, 1, 0, 0, 1, 0, 2, 2, 0, 1, 2, 0, 1, 2, 2, 0, 0, 1, 2, 1, 2, 1, 0, 2, 0, 1, 1, 0, 1, 1, 1, 0, 2, 1, 1, 0, 0, 0, 0, 1, 1, 2, 1, 2, 0, 0, 0, 2, 1, 0, 1, 2, 1, 2, 1, 1, 1, 1, 1, 1, 0, 1, 1, 0, 0, 0, 1, 2, 1, 2, 0, 1, 0, 2, 0, 0, 0, 0, 0, 2, 0, 1, 0, 0, 1, 2, 0]|[4, 3, 2, 2, 4, 1, 2, 2, 2, 4, 1, 1, 2, 4, 4, 1, 2, 4, 2, 1, 1, 1, 1, 2, 1, 2, 1, 1, 1, 1, 3, 2, 3, 0, 4, 0, 1, 1, 0, 3, 2, 2, 2, 0, 1, 1, 0, 4, 0, 1, 2, 2, 1, 4, 0, 3, 2, 1, 1, 2, 1, 3, 1, 1, 1, 3, 0, 4, 3, 1, 4, 1, 1, 0, 4, 4, 2, 1, 1, 1, 1, 3, 1, 1, 1, 1, 1, 1, 2, 1, 1, 2, 1, 2, 1, 2, 2, 4, 1, 1]|[0, 2, 1, 1, 3, 0, 1, 0, 0, 0, 0, 0, 1, 0, 1, 0, 0, 3, 1, 0, 0, 0, 3, 1, 0, 2, 0, 0, 0, 1, 0, 0, 0, 0, 3, 0, 1, 0, 0, 2, 1, 1, 1, 0, 0, 0, 0, 2, 1, 0, 0, 0, 1, 3, 0, 0, 1, 0, 0, 1, 0, 2, 0, 1, 0, 2, 1, 0, 0, 1, 1, 3, 1, 1, 3, 3, 1, 0, 0, 2, 0, 0, 0, 0, 1, 0, 0, 0, 1, 0, 0, 1, 0, 0, 1, 0, 0, 2, 0, 1],828.6150361188287,57498.909092636255,92558.71763620913,false
12,G1_CMAX,G1_CMAX,[31, 22, 82, 15, 26, 58, 95, 42, 77, 12, 47, 5, 93, 78, 86, 54, 85, 63, 18, 44, 20, 35, 43, 97, 91, 76, 10, 30, 21, 45, 71, 64, 1, 23, 17, 83, 24, 14, 60, 36, 6, 57, 40, 88, 65, 56, 79, 94, 67, 68, 46, 75, 38, 9, 19, 32, 81, 41, 27, 62, 87, 90, 99, 59, 11, 16, 72, 73, 70, 39, 37, 84, 3, 92, 25, 55, 28, 29, 51, 7, 33, 61, 98, 48, 89, 8, 4, 96, 53, 80, 50, 66, 34, 2, 52, 13, 0, 69, 74, 49]|[1, 1, 0, 1, 1, 0, 1, 2, 2, 1, 2, 2, 2, 1, 1, 0, 0, 1, 0, 2, 2, 0, 1, 2, 0, 1, 2, 2, 0, 0, 1, 2, 1, 2, 1, 0, 2, 0, 1, 1, 0, 1, 1, 1, 0, 2, 1, 1, 0, 0, 0, 0, 1, 1, 2, 1, 2, 0, 0, 0, 2, 1, 0, 1, 2, 1, 2, 1, 1, 1, 1, 1, 1, 0, 1, 2, 0, 0, 0, 1, 2, 1, 2, 0, 1, 1, 1, 2, 0, 0, 0, 2, 2, 0, 2, 0, 0, 1, 2, 0]|[4, 3, 2, 2, 4, 1, 2, 2, 2, 4, 1, 1, 2, 4, 4, 1, 2, 4, 2, 1, 1, 1, 1, 2, 1, 2, 1, 1, 1, 1, 3, 2, 3, 1, 4, 0, 1, 1, 0, 3, 2, 2, 2, 0, 1, 1, 3, 4, 0, 1, 2, 2, 1, 4, 0, 3, 2, 1, 1, 2, 1, 3, 1, 1, 1, 3, 0, 4, 3, 1, 4, 1, 1, 0, 4, 1, 2, 1, 1, 3, 1, 3, 1, 1, 1, 3, 4, 1, 2, 1, 1, 1, 1, 2, 1, 2, 2, 4, 1, 1]|[0, 2, 1, 1, 3, 0, 1, 0, 0, 0, 0, 0, 1, 0, 1, 0, 0, 3, 1, 0, 0, 0, 3, 1, 0, 2, 0, 0, 0, 1, 0, 0, 0, 0, 3, 0, 1, 0, 0, 2, 1, 1, 1, 0, 0, 0, 2, 2, 1, 0, 0, 0, 1, 3, 0, 0, 1, 0, 0, 1, 0, 2, 0, 1, 0, 2, 1, 0, 0, 1, 1, 3, 1, 1, 3, 0, 1, 0, 0, 2, 0, 0, 0, 0, 1, 2, 0, 0, 1, 0, 0, 0, 0, 0, 0, 0, 0, 2, 0, 1],787.0400066456189,56138.15681906951,95452.993149618,false
12,G4_BALANCED,G4_BALANCED,[31, 22, 82, 15, 26, 58, 95, 42, 77, 12, 47, 5, 93, 78, 86, 54, 85, 63, 18, 44, 20, 35, 43, 97, 66, 76, 10, 30, 21, 45, 71, 1, 23, 17, 64, 83, 24, 14, 60, 36, 6, 57, 40, 88, 65, 56, 79, 94, 67, 68, 46, 75, 38, 9, 19, 32, 81, 41, 27, 62, 87, 90, 99, 59, 11, 16, 72, 73, 70, 39, 37, 84, 3, 92, 25, 55, 28, 29, 51, 7, 33, 61, 98, 48, 89, 8, 4, 96, 53, 80, 50, 91, 34, 2, 52, 13, 0, 69, 74, 49]|[1, 1, 0, 1, 1, 0, 1, 2, 2, 1, 2, 2, 2, 1, 1, 0, 0, 1, 0, 2, 2, 0, 1, 2, 0, 1, 2, 2, 0, 0, 1, 1, 2, 1, 2, 0, 2, 0, 1, 1, 0, 1, 1, 1, 0, 2, 1, 1, 0, 0, 0, 0, 1, 1, 2, 1, 2, 0, 0, 0, 2, 1, 0, 1, 2, 1, 2, 1, 1, 1, 1, 1, 1, 0, 1, 2, 0, 0, 0, 1, 2, 1, 2, 0, 1, 1, 1, 0, 0, 0, 0, 2, 2, 0, 1, 0, 0, 1, 2, 0]|[4, 3, 2, 2, 4, 1, 2, 2, 2, 4, 1, 1, 2, 4, 4, 1, 2, 4, 2, 1, 1, 1, 1, 2, 1, 2, 1, 1, 1, 1, 3, 3, 1, 4, 2, 0, 1, 1, 0, 3, 2, 2, 2, 0, 1, 1, 0, 4, 0, 1, 2, 2, 1, 4, 0, 3, 2, 1, 1, 2, 1, 3, 1, 1, 1, 3, 0, 4, 3, 1, 4, 1, 1, 0, 4, 1, 2, 1, 1, 1, 1, 3, 1, 1, 1, 3, 4, 1, 2, 1, 1, 1, 1, 2, 1, 2, 2, 4, 1, 1]|[0, 2, 1, 1, 3, 0, 1, 0, 0, 0, 0, 0, 1, 0, 1, 0, 0, 3, 1, 0, 0, 0, 3, 1, 0, 2, 0, 0, 0, 1, 0, 0, 0, 3, 0, 0, 1, 0, 0, 2, 1, 1, 1, 0, 0, 0, 0, 2, 1, 0, 0, 0, 1, 3, 0, 0, 1, 0, 0, 1, 0, 2, 0, 1, 0, 2, 1, 0, 0, 1, 1, 3, 1, 1, 3, 0, 1, 0, 0, 2, 0, 0, 0, 0, 1, 2, 0, 0, 1, 0, 0, 0, 0, 0, 1, 0, 0, 2, 0, 1],789.0082444965624,56783.920941447155,94181.8338005128,false
12,G2_TEC,G2_TEC,[31, 22, 82, 15, 26, 9, 95, 42, 77, 68, 47, 5, 93, 78, 86, 54, 85, 63, 18, 44, 20, 49, 36, 14, 74, 50, 53, 17, 21, 28, 71, 64, 3, 23, 30, 83, 24, 41, 60, 52, 65, 27, 90, 70, 39, 87, 48, 69, 99, 4, 46, 1, 13, 58, 97, 59, 33, 8, 73, 37, 35, 79, 11, 66, 76, 32, 40, 80, 96, 6, 16, 61, 45, 98, 57, 34, 12, 67, 10, 7, 56, 88, 29, 19, 91, 38, 75, 92, 43, 84, 51, 62, 55, 81, 25, 2, 0, 94, 89, 72]|[2, 1, 2, 1, 1, 2, 1, 1, 1, 1, 1, 0, 2, 2, 1, 2, 0, 0, 0, 2, 2, 1, 0, 2, 0, 2, 2, 1, 0, 1, 1, 1, 0, 0, 1, 0, 2, 1, 2, 2, 0, 0, 1, 1, 0, 2, 0, 2, 1, 0, 0, 2, 0, 0, 2, 0, 1, 1, 0, 0, 1, 1, 0, 2, 2, 0, 2, 2, 0, 1, 2, 1, 1, 0, 0, 1, 1, 1, 1, 2, 2, 1, 1, 1, 1, 0, 0, 0, 1, 0, 1, 1, 0, 1, 1, 2, 0, 1, 1, 1]|[0, 3, 0, 2, 4, 1, 4, 4, 2, 4, 3, 2, 1, 0, 2, 1, 1, 1, 2, 1, 1, 3, 0, 1, 0, 1, 1, 4, 1, 4, 3, 2, 2, 0, 4, 1, 1, 4, 0, 1, 2, 1, 4, 4, 1, 1, 0, 2, 3, 1, 2, 1, 2, 1, 1, 2, 4, 3, 0, 2, 3, 3, 1, 0, 1, 2, 0, 1, 2, 4, 1, 3, 4, 2, 2, 4, 3, 3, 3, 1, 1, 4, 3, 4, 3, 2, 2, 2, 4, 2, 3, 3, 2, 1, 4, 1, 2, 4, 4, 4]|[0, 2, 0, 1, 3, 0, 1, 3, 0, 0, 2, 0, 1, 0, 1, 0, 0, 0, 1, 0, 0, 2, 0, 0, 1, 0, 0, 3, 0, 1, 0, 2, 0, 0, 3, 0, 1, 3, 1, 0, 0, 0, 1, 3, 0, 0, 1, 0, 2, 0, 0, 0, 0, 0, 1, 0, 1, 0, 1, 1, 2, 2, 0, 0, 0, 0, 0, 0, 0, 2, 0, 0, 1, 0, 0, 1, 0, 0, 3, 0, 0, 1, 0, 3, 0, 0, 0, 0, 2, 0, 0, 0, 0, 1, 3, 0, 0, 2, 1, 2],918.6487324495604,51531.535715336235,110278.19096818606,false
12,G3_TWC,G3_TWC,[31, 22, 82, 15, 26, 9, 95, 42, 77, 12, 47, 5, 93, 78, 86, 54, 85, 63, 18, 44, 20, 35, 43, 97, 91, 76, 10, 30, 21, 45, 71, 64, 1, 23, 17, 83, 24, 14, 60, 36, 41, 57, 40, 88, 65, 56, 79, 94, 67, 68, 46, 75, 38, 58, 19, 32, 81, 6, 27, 62, 87, 90, 99, 59, 11, 16, 72, 73, 69, 39, 37, 84, 3, 92, 25, 55, 28, 29, 51, 7, 66, 61, 98, 48, 89, 8, 33, 96, 53, 80, 50, 4, 34, 2, 52, 13, 0, 70, 74, 49]|[1, 1, 0, 1, 1, 0, 1, 2, 2, 1, 2, 2, 2, 1, 1, 0, 0, 1, 0, 2, 2, 0, 1, 2, 0, 1, 2, 2, 0, 0, 1, 2, 1, 2, 1, 0, 2, 0, 1, 1, 0, 1, 1, 1, 0, 2, 1, 1, 0, 0, 0, 0, 1, 1, 2, 1, 2, 0, 0, 0, 2, 1, 0, 1, 2, 1, 2, 1, 1, 1, 1, 1, 1, 0, 1, 1, 0, 0, 0, 1, 2, 1, 2, 0, 1, 0, 2, 0, 0, 0, 0, 0, 2, 0, 1, 0, 0, 1, 2, 0]|[4, 3, 2, 2, 4, 1, 2, 2, 2, 4, 1, 1, 2, 4, 4, 1, 2, 4, 2, 1, 1, 1, 1, 2, 1, 2, 1, 1, 1, 1, 3, 2, 3, 0, 4, 0, 1, 1, 0, 3, 2, 2, 2, 0, 1, 1, 0, 4, 0, 1, 2, 2, 1, 4, 0, 3, 2, 1, 1, 2, 1, 3, 1, 1, 1, 3, 0, 4, 3, 1, 4, 1, 1, 0, 4, 4, 2, 1, 1, 1, 1, 3, 1, 1, 1, 1, 1, 1, 2, 1, 1, 2, 1, 2, 1, 2, 2, 4, 1, 1]|[0, 2, 1, 1, 3, 0, 1, 0, 0, 0, 0, 0, 1, 0, 1, 0, 0, 3, 1, 0, 0, 0, 3, 1, 0, 2, 0, 0, 0, 1, 0, 0, 0, 0, 3, 0, 1, 0, 0, 2, 1, 1, 1, 0, 0, 0, 0, 2, 1, 0, 0, 0, 1, 3, 0, 0, 1, 0, 0, 1, 0, 2, 0, 1, 0, 2, 1, 0, 0, 1, 1, 3, 1, 1, 3, 3, 1, 0, 0, 2, 0, 0, 0, 0, 1, 0, 0, 0, 1, 0, 0, 1, 0, 0, 1, 0, 0, 2, 0, 1],828.6150361188287,57498.909092636255,92558.71763620913,false
12,G1_CMAX,G1_CMAX,[31, 22, 82, 84, 26, 58, 95, 42, 77, 12, 47, 5, 93, 78, 86, 54, 85, 63, 18, 44, 20, 35, 43, 97, 91, 76, 10, 30, 21, 45, 71, 64, 1, 23, 17, 83, 24, 14, 60, 36, 6, 57, 40, 88, 65, 56, 79, 94, 67, 68, 46, 75, 38, 9, 19, 32, 81, 41, 27, 62, 87, 90, 99, 59, 11, 16, 72, 73, 70, 39, 37, 15, 3, 92, 25, 34, 28, 29, 51, 7, 33, 61, 98, 48, 89, 50, 4, 96, 53, 80, 8, 66, 55, 2, 52, 13, 0, 69, 74, 49]|[1, 1, 0, 1, 1, 0, 1, 2, 2, 1, 2, 2, 2, 1, 1, 0, 0, 1, 0, 2, 2, 0, 1, 2, 0, 1, 2, 2, 0, 0, 1, 2, 1, 2, 1, 0, 2, 0, 1, 1, 0, 1, 1, 1, 0, 2, 1, 1, 0, 0, 0, 0, 1, 1, 2, 1, 2, 0, 0, 0, 2, 1, 0, 1, 2, 1, 2, 1, 1, 1, 0, 1, 1, 0, 1, 2, 0, 0, 0, 1, 2, 1, 2, 0, 1, 0, 0, 0, 0, 0, 1, 2, 1, 0, 1, 0, 0, 1, 2, 0]|[4, 3, 2, 2, 4, 1, 2, 2, 2, 4, 1, 1, 2, 4, 4, 1, 2, 4, 2, 1, 1, 1, 1, 2, 1, 2, 1, 1, 1, 1, 3, 2, 3, 1, 4, 0, 1, 1, 0, 3, 2, 2, 2, 0, 1, 1, 0, 4, 0, 1, 2, 2, 1, 4, 0, 3, 2, 1, 1, 2, 1, 3, 1, 1, 1, 3, 0, 4, 3, 1, 1, 1, 1, 0, 4, 1, 2, 1, 1, 1, 1, 3, 1, 1, 1, 1, 2, 1, 2, 1, 3, 1, 4, 2, 1, 2, 2, 4, 1, 1]|[0, 2, 1, 1, 3, 0, 1, 0, 0, 0, 0, 0, 1, 0, 1, 0, 0, 3, 1, 0, 0, 0, 3, 1, 0, 2, 0, 0, 0, 1, 0, 0, 0, 0, 3, 0, 1, 0, 0, 2, 1, 1, 1, 0, 0, 0, 0, 2, 1, 0, 0, 0, 1, 3, 0, 0, 1, 0, 0, 1, 0, 2, 0, 1, 0, 2, 1, 0, 0, 1, 0, 3, 1, 1, 3, 0, 1, 0, 0, 2, 0, 0, 0, 0, 1, 0, 1, 0, 1, 0, 2, 0, 3, 0, 1, 0, 0, 2, 0, 1],826.8821263778887,56983.2916005289,93013.40574320812,false
12,G4_BALANCED,G4_BALANCED,[31, 22, 82, 15, 26, 58, 95, 42, 77, 12, 47, 5, 93, 78, 86, 54, 85, 63, 18, 44, 20, 35, 43, 97, 66, 76, 10, 30, 21, 45, 71, 1, 23, 64, 17, 83, 24, 14, 60, 36, 6, 57, 40, 88, 65, 56, 79, 94, 67, 68, 46, 75, 38, 9, 19, 32, 81, 41, 27, 62, 87, 90, 99, 59, 11, 16, 72, 73, 70, 39, 37, 84, 3, 92, 25, 34, 28, 29, 51, 7, 91, 61, 8, 48, 89, 50, 4, 96, 53, 80, 98, 33, 55, 2, 52, 13, 0, 69, 74, 49]|[1, 1, 0, 1, 1, 0, 1, 2, 2, 1, 2, 2, 2, 1, 1, 0, 0, 1, 0, 2, 2, 0, 1, 2, 2, 1, 2, 2, 0, 0, 1, 1, 2, 2, 1, 0, 2, 0, 1, 1, 0, 1, 1, 1, 0, 2, 1, 1, 0, 0, 0, 0, 1, 1, 2, 1, 2, 0, 0, 0, 2, 1, 0, 1, 2, 1, 2, 1, 1, 1, 1, 1, 1, 0, 1, 2, 0, 0, 0, 1, 0, 1, 0, 0, 1, 0, 1, 2, 0, 0, 2, 2, 2, 0, 1, 0, 0, 1, 2, 0]|[4, 3, 2, 2, 4, 1, 2, 2, 2, 4, 1, 1, 2, 4, 4, 1, 2, 4, 2, 1, 1, 1, 1, 2, 1, 2, 1, 1, 1, 1, 3, 3, 1, 1, 4, 0, 1, 1, 0, 3, 2, 2, 2, 0, 1, 1, 0, 4, 0, 1, 2, 2, 1, 4, 0, 3, 2, 1, 1, 2, 1, 3, 1, 1, 1, 3, 0, 4, 3, 1, 4, 1, 1, 0, 4, 1, 2, 1, 1, 1, 1, 3, 2, 1, 1, 1, 4, 1, 2, 1, 1, 1, 1, 2, 1, 2, 2, 4, 1, 1]|[0, 2, 1, 1, 3, 0, 1, 0, 0, 0, 0, 0, 1, 0, 1, 0, 0, 3, 1, 0, 0, 0, 3, 1, 0, 2, 0, 0, 0, 1, 0, 0, 0, 0, 3, 0, 1, 0, 0, 2, 1, 1, 1, 0, 0, 0, 0, 2, 1, 0, 0, 0, 1, 3, 0, 0, 1, 0, 0, 1, 0, 2, 0, 1, 0, 2, 1, 0, 0, 1, 1, 3, 1, 1, 3, 0, 1, 0, 0, 2, 0, 0, 1, 0, 1, 0, 0, 0, 1, 0, 0, 0, 0, 0, 1, 0, 0, 2, 0, 1],775.615804901732,56670.276257031204,93814.73668439088,false
12,G2_TEC,G2_TEC,[31, 22, 82, 15, 26, 9, 95, 42, 77, 68, 47, 5, 93, 78, 86, 54, 85, 63, 18, 44, 20, 49, 36, 14, 74, 50, 53, 17, 21, 28, 71, 64, 3, 23, 30, 83, 24, 41, 60, 52, 65, 27, 90, 70, 39, 87, 48, 69, 99, 4, 46, 1, 13, 58, 97, 59, 33, 8, 73, 37, 35, 79, 11, 66, 76, 32, 40, 80, 96, 6, 16, 61, 45, 7, 57, 34, 12, 67, 10, 98, 56, 88, 29, 19, 91, 38, 75, 92, 43, 84, 51, 62, 89, 25, 81, 55, 0, 94, 2, 72]|[2, 1, 2, 1, 1, 2, 1, 1, 1, 1, 1, 0, 2, 2, 1, 2, 0, 0, 0, 2, 2, 1, 0, 2, 0, 2, 2, 1, 0, 1, 1, 1, 0, 0, 1, 0, 2, 1, 2, 2, 0, 0, 1, 1, 0, 2, 0, 2, 1, 0, 0, 2, 0, 0, 2, 0, 1, 1, 0, 0, 1, 1, 0, 2, 2, 0, 2, 2, 0, 1, 2, 1, 1, 2, 0, 1, 1, 1, 1, 0, 2, 1, 1, 1, 1, 0, 0, 0, 1, 0, 1, 1, 1, 1, 1, 0, 0, 1, 2, 1]|[0, 3, 0, 2, 4, 1, 4, 4, 2, 4, 3, 2, 1, 0, 2, 1, 1, 1, 2, 1, 1, 3, 0, 1, 0, 1, 1, 4, 1, 4, 3, 2, 2, 0, 4, 1, 1, 4, 0, 1, 2, 1, 4, 4, 1, 1, 0, 2, 3, 1, 2, 1, 2, 1, 1, 2, 4, 3, 0, 2, 3, 3, 1, 0, 1, 2, 0, 1, 2, 4, 1, 3, 4, 1, 2, 4, 3, 3, 3, 2, 1, 4, 3, 4, 3, 2, 2, 2, 4, 2, 3, 3, 4, 4, 1, 2, 2, 4, 1, 4]|[0, 2, 0, 1, 3, 0, 1, 3, 0, 0, 2, 0, 1, 0, 1, 0, 0, 0, 1, 0, 0, 2, 0, 0, 1, 0, 0, 3, 0, 1, 0, 2, 0, 0, 3, 0, 1, 3, 1, 0, 0, 0, 1, 3, 0, 0, 1, 0, 2, 0, 0, 0, 0, 0, 1, 0, 1, 0, 1, 1, 2, 2, 0, 0, 0, 0, 0, 0, 0, 2, 0, 0, 1, 0, 0, 1, 0, 0, 3, 0, 0, 1, 0, 3, 0, 0, 0, 0, 2, 0, 0, 0, 1, 3, 1, 0, 0, 2, 0, 2],918.5349760917882,51468.548061908,110087.41095170133,false
12,G3_TWC,G3_TWC,[31, 22, 82, 15, 26, 9, 95, 42, 77, 12, 47, 5, 93, 78, 86, 54, 85, 63, 18, 44, 20, 35, 43, 97, 91, 76, 10, 30, 21, 45, 71, 64, 1, 23, 17, 83, 24, 14, 60, 36, 41, 57, 40, 88, 65, 56, 79, 94, 67, 68, 46, 75, 38, 58, 19, 32, 81, 6, 27, 62, 87, 90, 99, 59, 11, 16, 72, 73, 69, 39, 37, 84, 3, 92, 25, 55, 28, 29, 51, 7, 66, 61, 98, 48, 89, 8, 33, 96, 53, 80, 50, 4, 34, 2, 52, 13, 0, 70, 74, 49]|[1, 1, 0, 1, 1, 0, 1, 2, 2, 1, 2, 2, 2, 1, 1, 0, 0, 1, 0, 2, 2, 0, 1, 2, 0, 1, 2, 2, 0, 0, 1, 2, 1, 2, 1, 0, 2, 0, 1, 1, 0, 1, 1, 1, 0, 2, 1, 1, 0, 0, 0, 0, 1, 1, 2, 1, 2, 0, 0, 0, 2, 1, 0, 1, 2, 1, 2, 1, 1, 1, 1, 1, 1, 0, 1, 1, 0, 0, 0, 1, 2, 1, 2, 0, 1, 0, 2, 0, 0, 0, 0, 0, 2, 0, 1, 0, 0, 1, 2, 0]|[4, 3, 2, 2, 4, 1, 2, 2, 2, 4, 1, 1, 2, 4, 4, 1, 2, 4, 2, 1, 1, 1, 1, 2, 1, 2, 1, 1, 1, 1, 3, 2, 3, 0, 4, 0, 1, 1, 0, 3, 2, 2, 2, 0, 1, 1, 0, 4, 0, 1, 2, 2, 1, 4, 0, 3, 2, 1, 1, 2, 1, 3, 1, 1, 1, 3, 0, 4, 3, 1, 4, 1, 1, 0, 4, 4, 2, 1, 1, 1, 1, 3, 1, 1, 1, 1, 1, 1, 2, 1, 1, 2, 1, 2, 1, 2, 2, 4, 1, 1]|[0, 2, 1, 1, 3, 0, 1, 0, 0, 0, 0, 0, 1, 0, 1, 0, 0, 3, 1, 0, 0, 0, 3, 1, 0, 2, 0, 0, 0, 1, 0, 0, 0, 0, 3, 0, 1, 0, 0, 2, 1, 1, 1, 0, 0, 0, 0, 2, 1, 0, 0, 0, 1, 3, 0, 0, 1, 0, 0, 1, 0, 2, 0, 1, 0, 2, 1, 0, 0, 1, 1, 3, 1, 1, 3, 3, 1, 0, 0, 2, 0, 0, 0, 0, 1, 0, 0, 0, 1, 0, 0, 1, 0, 0, 1, 0, 0, 2, 0, 1],828.6150361188287,57498.909092636255,92558.71763620913,false
12,G1_CMAX,G4_BALANCED,[31, 22, 82, 15, 26, 9, 95, 42, 77, 68, 47, 5, 93, 78, 86, 54, 85, 63, 18, 44, 20, 49, 36, 14, 74, 50, 53, 17, 21, 45, 71, 64, 3, 23, 30, 83, 24, 41, 60, 52, 65, 27, 90, 70, 39, 87, 48, 69, 99, 4, 46, 1, 13, 58, 97, 59, 28, 8, 73, 37, 35, 79, 11, 66, 76, 57, 40, 80, 96, 6, 16, 61, 33, 98, 32, 81, 62, 67, 10, 7, 56, 88, 51, 19, 91, 38, 75, 92, 0, 12, 2, 55, 43, 84, 34, 25, 29, 94, 89, 72]|[2, 1, 2, 1, 1, 2, 1, 1, 1, 1, 1, 0, 2, 2, 1, 2, 0, 0, 0, 2, 2, 1, 0, 2, 0, 2, 2, 1, 0, 1, 1, 1, 0, 0, 1, 0, 2, 1, 2, 2, 0, 0, 1, 1, 0, 2, 0, 2, 1, 0, 0, 2, 0, 0, 2, 0, 2, 1, 0, 0, 2, 1, 0, 2, 2, 0, 2, 2, 0, 1, 2, 1, 1, 0, 0, 1, 1, 1, 1, 2, 0, 1, 1, 1, 1, 0, 2, 0, 0, 1, 2, 2, 1, 0, 1, 1, 1, 1, 1, 1]|[0, 3, 0, 2, 4, 1, 4, 4, 2, 4, 3, 2, 1, 0, 2, 1, 1, 1, 2, 1, 1, 3, 0, 1, 0, 1, 1, 4, 1, 4, 3, 2, 2, 0, 4, 1, 1, 4, 0, 1, 2, 1, 4, 4, 1, 1, 0, 2, 3, 1, 2, 1, 2, 1, 1, 2, 0, 3, 0, 2, 2, 3, 1, 0, 1, 0, 0, 1, 2, 4, 1, 3, 4, 2, 2, 4, 3, 3, 3, 1, 2, 4, 3, 4, 3, 2, 2, 2, 2, 3, 1, 1, 4, 2, 1, 4, 3, 4, 4, 4]|[0, 2, 0, 1, 3, 0, 1, 3, 0, 0, 2, 0, 1, 0, 1, 0, 0, 0, 1, 0, 0, 2, 0, 0, 1, 0, 0, 3, 0, 1, 0, 2, 0, 0, 3, 0, 1, 3, 1, 0, 0, 0, 1, 3, 0, 0, 1, 0, 2, 0, 0, 0, 0, 0, 1, 0, 0, 0, 1, 1, 0, 2, 0, 0, 0, 1, 0, 0, 0, 2, 0, 0, 1, 0, 0, 2, 0, 0, 3, 0, 0, 1, 0, 3, 0, 0, 1, 0, 0, 0, 0, 0, 2, 0, 1, 3, 0, 2, 1, 2],874.4420158575196,52549.18464653409,110940.6186560849,true
12,G4_BALANCED,G4_BALANCED,[31, 22, 82, 15, 26, 58, 95, 42, 77, 12, 47, 5, 93, 78, 86, 54, 85, 63, 18, 44, 20, 35, 43, 97, 66, 76, 10, 30, 21, 45, 71, 1, 23, 64, 17, 83, 24, 14, 60, 36, 6, 57, 40, 88, 65, 56, 79, 94, 67, 68, 46, 75, 38, 9, 19, 32, 81, 41, 27, 62, 87, 90, 99, 59, 11, 16, 72, 73, 70, 39, 37, 84, 3, 92, 25, 34, 28, 29, 51, 7, 91, 61, 8, 48, 89, 50, 4, 96, 53, 80, 98, 33, 55, 2, 52, 13, 0, 69, 74, 49]|[1, 1, 0, 1, 1, 0, 1, 2, 2, 1, 2, 2, 2, 1, 1, 0, 0, 1, 0, 2, 2, 0, 1, 2, 2, 1, 2, 2, 0, 0, 1, 1, 2, 2, 1, 0, 2, 0, 1, 1, 0, 1, 1, 1, 0, 2, 1, 1, 0, 0, 0, 0, 1, 1, 2, 1, 2, 0, 0, 0, 2, 1, 0, 1, 2, 1, 2, 1, 1, 1, 1, 1, 1, 0, 1, 2, 0, 0, 0, 1, 0, 1, 0, 0, 1, 0, 1, 2, 0, 0, 2, 2, 2, 0, 1, 0, 0, 1, 2, 0]|[4, 3, 2, 2, 4, 1, 2, 2, 2, 4, 1, 1, 2, 4, 4, 1, 2, 4, 2, 1, 1, 1, 1, 2, 1, 2, 1, 1, 1, 1, 3, 3, 1, 1, 4, 0, 1, 1, 0, 3, 2, 2, 2, 0, 1, 1, 0, 4, 0, 1, 2, 2, 1, 4, 0, 3, 2, 1, 1, 2, 1, 3, 1, 1, 1, 3, 0, 4, 3, 1, 4, 1, 1, 0, 4, 1, 2, 1, 1, 1, 1, 3, 2, 1, 1, 1, 4, 1, 2, 1, 1, 1, 1, 2, 1, 2, 2, 4, 1, 1]|[0, 2, 1, 1, 3, 0, 1, 0, 0, 0, 0, 0, 1, 0, 1, 0, 0, 3, 1, 0, 0, 0, 3, 1, 0, 2, 0, 0, 0, 1, 0, 0, 0, 0, 3, 0, 1, 0, 0, 2, 1, 1, 1, 0, 0, 0, 0, 2, 1, 0, 0, 0, 1, 3, 0, 0, 1, 0, 0, 1, 0, 2, 0, 1, 0, 2, 1, 0, 0, 1, 1, 3, 1, 1, 3, 0, 1, 0, 0, 2, 0, 0, 1, 0, 1, 0, 0, 0, 1, 0, 0, 0, 0, 0, 1, 0, 0, 2, 0, 1],775.615804901732,56670.276257031204,93814.73668439088,false
12,G2_TEC,G2_TEC,[31, 22, 82, 15, 26, 9, 95, 42, 77, 68, 47, 5, 93, 78, 86, 54, 85, 63, 18, 44, 20, 49, 36, 14, 74, 50, 53, 17, 21, 28, 71, 64, 3, 23, 30, 83, 24, 41, 60, 52, 65, 27, 90, 70, 39, 87, 48, 69, 99, 4, 46, 1, 13, 58, 97, 59, 33, 8, 73, 37, 35, 79, 11, 66, 76, 32, 40, 80, 96, 6, 16, 61, 45, 7, 57, 34, 12, 67, 10, 98, 56, 88, 29, 19, 91, 38, 75, 92, 43, 84, 51, 62, 89, 25, 81, 55, 0, 94, 2, 72]|[2, 1, 2, 1, 1, 2, 1, 1, 1, 1, 1, 0, 2, 2, 1, 2, 0, 0, 0, 2, 2, 1, 0, 2, 0, 2, 2, 1, 0, 1, 1, 1, 0, 0, 1, 0, 2, 1, 2, 2, 0, 0, 1, 1, 0, 2, 0, 2, 1, 0, 0, 2, 0, 0, 2, 0, 1, 1, 0, 0, 1, 1, 0, 2, 2, 0, 2, 2, 0, 1, 2, 1, 1, 2, 0, 1, 1, 1, 1, 0, 2, 1, 1, 1, 1, 0, 0, 0, 1, 0, 1, 1, 1, 1, 1, 0, 0, 1, 2, 1]|[0, 3, 0, 2, 4, 1, 4, 4, 2, 4, 3, 2, 1, 0, 2, 1, 1, 1, 2, 1, 1, 3, 0, 1, 0, 1, 1, 4, 1, 4, 3, 2, 2, 0, 4, 1, 1, 4, 0, 1, 2, 1, 4, 4, 1, 1, 0, 2, 3, 1, 2, 1, 2, 1, 1, 2, 4, 3, 0, 2, 3, 3, 1, 0, 1, 2, 0, 1, 2, 4, 1, 3, 4, 1, 2, 4, 3, 3, 3, 2, 1, 4, 3, 4, 3, 2, 2, 2, 4, 2, 3, 3, 4, 4, 1, 2, 2, 4, 1, 4]|[0, 2, 0, 1, 3, 0, 1, 3, 0, 0, 2, 0, 1, 0, 1, 0, 0, 0, 1, 0, 0, 2, 0, 0, 1, 0, 0, 3, 0, 1, 0, 2, 0, 0, 3, 0, 1, 3, 1, 0, 0, 0, 1, 3, 0, 0, 1, 0, 2, 0, 0, 0, 0, 0, 1, 0, 1, 0, 1, 1, 2, 2, 0, 0, 0, 0, 0, 0, 0, 2, 0, 0, 1, 0, 0, 1, 0, 0, 3, 0, 0, 1, 0, 3, 0, 0, 0, 0, 2, 0, 0, 0, 1, 3, 1, 0, 0, 2, 0, 2],918.5349760917882,51468.548061908,110087.41095170133,false
12,G3_TWC,G3_TWC,[31, 22, 82, 15, 26, 9, 95, 42, 77, 12, 47, 5, 93, 78, 86, 54, 85, 63, 18, 44, 20, 35, 43, 97, 91, 76, 10, 30, 21, 45, 71, 64, 1, 23, 17, 83, 24, 14, 60, 36, 41, 57, 40, 88, 65, 56, 79, 94, 67, 68, 46, 75, 38, 58, 19, 32, 81, 6, 27, 62, 87, 90, 99, 59, 11, 16, 72, 73, 69, 39, 37, 84, 3, 92, 25, 55, 28, 29, 51, 7, 66, 61, 98, 48, 89, 8, 33, 96, 53, 80, 50, 4, 34, 2, 52, 13, 0, 70, 74, 49]|[1, 1, 0, 1, 1, 0, 1, 2, 2, 1, 2, 2, 2, 1, 1, 0, 0, 1, 0, 2, 2, 0, 1, 2, 0, 1, 2, 2, 0, 0, 1, 2, 1, 2, 1, 0, 2, 0, 1, 1, 0, 1, 1, 1, 0, 2, 1, 1, 0, 0, 0, 0, 1, 1, 2, 1, 2, 0, 0, 0, 2, 1, 0, 1, 2, 1, 2, 1, 1, 1, 1, 1, 1, 0, 1, 1, 0, 0, 0, 1, 2, 1, 2, 0, 1, 0, 2, 0, 0, 0, 0, 0, 2, 0, 1, 0, 0, 1, 2, 0]|[4, 3, 2, 2, 4, 1, 2, 2, 2, 4, 1, 1, 2, 4, 4, 1, 2, 4, 2, 1, 1, 1, 1, 2, 1, 2, 1, 1, 1, 1, 3, 2, 3, 0, 4, 0, 1, 1, 0, 3, 2, 2, 2, 0, 1, 1, 0, 4, 0, 1, 2, 2, 1, 4, 0, 3, 2, 1, 1, 2, 1, 3, 1, 1, 1, 3, 0, 4, 3, 1, 4, 1, 1, 0, 4, 4, 2, 1, 1, 1, 1, 3, 1, 1, 1, 1, 1, 1, 2, 1, 1, 2, 1, 2, 1, 2, 2, 4, 1, 1]|[0, 2, 1, 1, 3, 0, 1, 0, 0, 0, 0, 0, 1, 0, 1, 0, 0, 3, 1, 0, 0, 0, 3, 1, 0, 2, 0, 0, 0, 1, 0, 0, 0, 0, 3, 0, 1, 0, 0, 2, 1, 1, 1, 0, 0, 0, 0, 2, 1, 0, 0, 0, 1, 3, 0, 0, 1, 0, 0, 1, 0, 2, 0, 1, 0, 2, 1, 0, 0, 1, 1, 3, 1, 1, 3, 3, 1, 0, 0, 2, 0, 0, 0, 0, 1, 0, 0, 0, 1, 0, 0, 1, 0, 0, 1, 0, 0, 2, 0, 1],828.6150361188287,57498.909092636255,92558.71763620913,false
12,G1_CMAX,G4_BALANCED,[31, 22, 82, 15, 26, 58, 95, 42, 77, 12, 47, 5, 93, 78, 86, 54, 85, 63, 18, 44, 20, 35, 43, 97, 91, 76, 10, 30, 21, 45, 71, 64, 1, 23, 17, 83, 24, 14, 60, 36, 6, 57, 40, 88, 65, 56, 79, 94, 67, 68, 46, 75, 38, 9, 19, 32, 81, 41, 27, 62, 87, 90, 99, 59, 11, 16, 72, 73, 70, 39, 37, 84, 3, 92, 25, 55, 28, 29, 51, 7, 66, 61, 98, 48, 89, 8, 4, 96, 53, 80, 50, 33, 34, 2, 52, 13, 0, 69, 74, 49]|[1, 1, 0, 1, 1, 0, 1, 2, 2, 1, 2, 2, 2, 1, 1, 0, 0, 1, 0, 2, 2, 0, 1, 2, 0, 1, 2, 2, 0, 0, 1, 2, 1, 2, 1, 0, 2, 0, 1, 1, 0, 1, 1, 1, 0, 2, 1, 1, 0, 0, 0, 0, 1, 1, 2, 1, 2, 0, 0, 0, 2, 1, 0, 1, 2, 1, 2, 1, 1, 1, 1, 1, 1, 0, 1, 2, 0, 0, 0, 1, 2, 1, 2, 0, 1, 1, 1, 2, 0, 0, 0, 2, 2, 0, 2, 0, 0, 1, 2, 0]|[4, 3, 2, 2, 4, 1, 2, 2, 2, 4, 1, 1, 2, 4, 4, 1, 2, 4, 2, 1, 1, 1, 1, 2, 1, 2, 1, 1, 1, 1, 3, 2, 3, 1, 4, 0, 1, 1, 0, 3, 1, 2, 2, 0, 1, 1, 0, 4, 0, 1, 2, 2, 1, 4, 0, 3, 2, 1, 1, 2, 1, 3, 1, 1, 1, 3, 0, 4, 3, 1, 4, 1, 1, 0, 4, 1, 2, 1, 1, 1, 1, 3, 1, 1, 1, 3, 4, 1, 2, 1, 1, 1, 1, 2, 1, 2, 2, 3, 1, 1]|[0, 2, 1, 1, 3, 0, 1, 0, 0, 0, 0, 0, 1, 0, 1, 0, 0, 3, 1, 0, 0, 0, 3, 1, 0, 2, 0, 0, 0, 1, 0, 0, 0, 0, 3, 0, 1, 0, 0, 2, 0, 1, 1, 0, 0, 0, 0, 2, 1, 0, 0, 0, 1, 3, 0, 0, 1, 0, 0, 1, 0, 2, 0, 1, 0, 2, 1, 0, 0, 1, 1, 3, 1, 1, 3, 0, 1, 0, 0, 2, 0, 0, 0, 0, 1, 2, 0, 0, 1, 0, 0, 0, 0, 0, 0, 0, 0, 0, 0, 1],787.153706995279,55983.98028894573,97838.60121151886,true
12,G4_BALANCED,G4_BALANCED,[31, 22, 82, 15, 26, 58, 95, 42, 77, 12, 47, 5, 93, 78, 86, 54, 85, 63, 18, 44, 20, 35, 43, 97, 66, 76, 10, 30, 21, 45, 71, 1, 23, 64, 17, 83, 24, 14, 60, 36, 6, 57, 40, 88, 65, 56, 79, 94, 67, 68, 46, 75, 38, 9, 19, 32, 81, 41, 27, 62, 87, 90, 99, 59, 11, 16, 72, 73, 70, 39, 37, 84, 3, 92, 25, 34, 28, 29, 51, 7, 91, 61, 8, 48, 89, 50, 4, 96, 53, 80, 98, 33, 55, 2, 52, 13, 0, 69, 74, 49]|[1, 1, 0, 1, 1, 0, 1, 2, 2, 1, 2, 2, 2, 1, 1, 0, 0, 1, 0, 2, 2, 0, 1, 2, 2, 1, 2, 2, 0, 0, 1, 1, 2, 2, 1, 0, 2, 0, 1, 1, 0, 1, 1, 1, 0, 2, 1, 1, 0, 0, 0, 0, 1, 1, 2, 1, 2, 0, 0, 0, 2, 1, 0, 1, 2, 1, 2, 1, 1, 1, 1, 1, 1, 0, 1, 2, 0, 0, 0, 1, 0, 1, 0, 0, 1, 0, 1, 2, 0, 0, 2, 2, 2, 0, 1, 0, 0, 1, 2, 0]|[4, 3, 2, 2, 4, 1, 2, 2, 2, 4, 1, 1, 2, 4, 4, 1, 2, 4, 2, 1, 1, 1, 1, 2, 1, 2, 1, 1, 1, 1, 3, 3, 1, 1, 4, 0, 1, 1, 0, 3, 2, 2, 2, 0, 1, 1, 0, 4, 0, 1, 2, 2, 1, 4, 0, 3, 2, 1, 1, 2, 1, 3, 1, 1, 1, 3, 0, 4, 3, 1, 4, 1, 1, 0, 4, 1, 2, 1, 1, 1, 1, 3, 2, 1, 1, 1, 4, 1, 2, 1, 1, 1, 1, 2, 1, 2, 2, 4, 1, 1]|[0, 2, 1, 1, 3, 0, 1, 0, 0, 0, 0, 0, 1, 0, 1, 0, 0, 3, 1, 0, 0, 0, 3, 1, 0, 2, 0, 0, 0, 1, 0, 0, 0, 0, 3, 0, 1, 0, 0, 2, 1, 1, 1, 0, 0, 0, 0, 2, 1, 0, 0, 0, 1, 3, 0, 0, 1, 0, 0, 1, 0, 2, 0, 1, 0, 2, 1, 0, 0, 1, 1, 3, 1, 1, 3, 0, 1, 0, 0, 2, 0, 0, 1, 0, 1, 0, 0, 0, 1, 0, 0, 0, 0, 0, 1, 0, 0, 2, 0, 1],775.615804901732,56670.276257031204,93814.73668439088,false
12,G2_TEC,G2_TEC,[31, 22, 82, 15, 26, 9, 95, 42, 77, 68, 47, 5, 93, 78, 86, 54, 85, 63, 18, 44, 20, 49, 36, 14, 74, 50, 53, 17, 21, 28, 71, 64, 3, 23, 30, 83, 24, 41, 60, 52, 65, 27, 90, 70, 39, 87, 48, 69, 99, 4, 46, 1, 13, 58, 97, 59, 33, 8, 73, 37, 35, 79, 11, 66, 76, 32, 40, 80, 96, 6, 16, 61, 45, 7, 57, 34, 12, 67, 10, 98, 56, 88, 29, 19, 91, 38, 75, 92, 43, 84, 51, 62, 89, 25, 81, 55, 0, 94, 2, 72]|[2, 1, 2, 1, 1, 2, 1, 1, 1, 1, 1, 0, 2, 2, 1, 2, 0, 0, 0, 2, 2, 1, 0, 2, 0, 2, 2, 1, 0, 1, 1, 1, 0, 0, 1, 0, 2, 1, 2, 2, 0, 0, 1, 1, 0, 2, 0, 2, 1, 0, 0, 2, 0, 0, 2, 0, 1, 1, 0, 0, 1, 1, 0, 2, 2, 0, 2, 2, 0, 1, 2, 1, 1, 2, 0, 1, 1, 1, 1, 0, 2, 1, 1, 1, 1, 0, 0, 0, 1, 0, 1, 1, 1, 1, 1, 0, 0, 1, 2, 1]|[0, 3, 0, 2, 4, 1, 4, 4, 2, 4, 3, 2, 1, 0, 2, 1, 1, 1, 2, 1, 1, 3, 0, 1, 0, 1, 1, 4, 1, 4, 3, 2, 2, 0, 4, 1, 1, 4, 0, 1, 2, 1, 4, 4, 1, 1, 0, 2, 3, 1, 2, 1, 2, 1, 1, 2, 4, 3, 0, 2, 3, 3, 1, 0, 1, 2, 0, 1, 2, 4, 1, 3, 4, 1, 2, 4, 3, 3, 3, 2, 1, 4, 3, 4, 3, 2, 2, 2, 4, 2, 3, 3, 4, 4, 1, 2, 2, 4, 1, 4]|[0, 2, 0, 1, 3, 0, 1, 3, 0, 0, 2, 0, 1, 0, 1, 0, 0, 0, 1, 0, 0, 2, 0, 0, 1, 0, 0, 3, 0, 1, 0, 2, 0, 0, 3, 0, 1, 3, 1, 0, 0, 0, 1, 3, 0, 0, 1, 0, 2, 0, 0, 0, 0, 0, 1, 0, 1, 0, 1, 1, 2, 2, 0, 0, 0, 0, 0, 0, 0, 2, 0, 0, 1, 0, 0, 1, 0, 0, 3, 0, 0, 1, 0, 3, 0, 0, 0, 0, 2, 0, 0, 0, 1, 3, 1, 0, 0, 2, 0, 2],918.5349760917882,51468.548061908,110087.41095170133,false
12,G3_TWC,G3_TWC,[31, 22, 82, 15, 26, 9, 95, 42, 77, 12, 47, 5, 93, 78, 86, 54, 85, 63, 18, 44, 20, 35, 43, 97, 91, 76, 10, 30, 21, 45, 71, 64, 1, 23, 17, 83, 24, 14, 60, 36, 41, 57, 40, 88, 65, 56, 79, 94, 67, 68, 46, 75, 38, 58, 19, 32, 81, 6, 27, 62, 87, 90, 99, 59, 11, 16, 72, 73, 69, 39, 37, 84, 3, 92, 25, 55, 28, 29, 51, 7, 66, 61, 98, 48, 89, 8, 33, 96, 53, 80, 50, 4, 34, 2, 52, 13, 0, 70, 74, 49]|[1, 1, 0, 1, 1, 0, 1, 2, 2, 1, 2, 2, 2, 1, 1, 0, 0, 1, 0, 2, 2, 0, 1, 2, 0, 1, 2, 2, 0, 0, 1, 2, 1, 2, 1, 0, 2, 0, 1, 1, 0, 1, 1, 1, 0, 2, 1, 1, 0, 0, 0, 0, 1, 1, 2, 1, 2, 0, 0, 0, 2, 1, 0, 1, 2, 1, 2, 1, 1, 1, 1, 1, 1, 0, 1, 1, 0, 0, 0, 1, 2, 1, 2, 0, 1, 0, 2, 0, 0, 0, 0, 0, 2, 0, 1, 0, 0, 1, 2, 0]|[4, 3, 2, 2, 4, 1, 2, 2, 2, 4, 1, 1, 2, 4, 4, 1, 2, 4, 2, 1, 1, 1, 1, 2, 1, 2, 1, 1, 1, 1, 3, 2, 3, 0, 4, 0, 1, 1, 0, 3, 2, 2, 2, 0, 1, 1, 0, 4, 0, 1, 2, 2, 1, 4, 0, 3, 2, 1, 1, 2, 1, 3, 1, 1, 1, 3, 0, 4, 3, 1, 4, 1, 1, 0, 4, 4, 2, 1, 1, 1, 1, 3, 1, 1, 1, 1, 1, 1, 2, 1, 1, 2, 1, 2, 1, 2, 2, 4, 1, 1]|[0, 2, 1, 1, 3, 0, 1, 0, 0, 0, 0, 0, 1, 0, 1, 0, 0, 3, 1, 0, 0, 0, 3, 1, 0, 2, 0, 0, 0, 1, 0, 0, 0, 0, 3, 0, 1, 0, 0, 2, 1, 1, 1, 0, 0, 0, 0, 2, 1, 0, 0, 0, 1, 3, 0, 0, 1, 0, 0, 1, 0, 2, 0, 1, 0, 2, 1, 0, 0, 1, 1, 3, 1, 1, 3, 3, 1, 0, 0, 2, 0, 0, 0, 0, 1, 0, 0, 0, 1, 0, 0, 1, 0, 0, 1, 0, 0, 2, 0, 1],828.6150361188287,57498.909092636255,92558.71763620913,false
12,G1_CMAX,G1_CMAX,[31, 22, 82, 15, 26, 9, 95, 42, 77, 12, 47, 5, 93, 78, 86, 54, 6, 63, 18, 44, 20, 35, 43, 97, 91, 76, 10, 30, 21, 45, 64, 1, 23, 17, 83, 24, 14, 60, 36, 13, 75, 46, 68, 67, 69, 79, 56, 65, 88, 40, 57, 85, 58, 19, 32, 81, 48, 27, 62, 87, 90, 99, 59, 11, 16, 72, 73, 71, 70, 39, 37, 84, 3, 98, 29, 28, 55, 25, 92, 7, 33, 61, 53, 41, 89, 50, 8, 96, 51, 80, 34, 4, 66, 2, 52, 49, 0, 94, 74, 38]|[1, 1, 0, 1, 1, 0, 1, 2, 2, 1, 2, 2, 2, 1, 1, 0, 0, 1, 0, 2, 2, 0, 1, 2, 0, 1, 2, 2, 0, 0, 2, 1, 2, 1, 0, 2, 2, 1, 1, 0, 0, 0, 0, 0, 2, 1, 2, 0, 1, 1, 1, 0, 1, 2, 1, 2, 1, 0, 0, 2, 1, 0, 1, 2, 1, 2, 1, 1, 1, 1, 1, 1, 1, 0, 0, 0, 1, 1, 0, 1, 0, 1, 0, 1, 1, 0, 1, 0, 0, 0, 2, 1, 2, 0, 1, 0, 0, 2, 2, 1]|[0, 3, 2, 2, 4, 1, 2, 2, 2, 4, 1, 1, 2, 4, 4, 1, 2, 4, 2, 1, 1, 1, 1, 2, 1, 2, 1, 1, 1, 1, 2, 3, 0, 4, 0, 1, 2, 0, 3, 2, 2, 2, 1, 0, 2, 0, 1, 1, 0, 2, 2, 2, 0, 0, 3, 2, 4, 1, 2, 2, 3, 1, 1, 1, 3, 0, 4, 3, 3, 1, 4, 1, 1, 1, 1, 2, 4, 4, 0, 1, 2, 3, 2, 4, 1, 1, 3, 1, 1, 1, 1, 4, 1, 2, 1, 1, 2, 0, 1, 1]|[0, 2, 1, 1, 3, 0, 1, 0, 0, 0, 0, 0, 1, 0, 1, 0, 1, 3, 1, 0, 0, 0, 3, 1, 0, 2, 0, 0, 0, 1, 0, 0, 0, 3, 0, 1, 1, 0, 2, 0, 0, 0, 0, 1, 0, 0, 0, 0, 0, 1, 1, 0, 3, 0, 0, 1, 2, 0, 1, 0, 2, 0, 1, 0, 2, 1, 0, 0, 0, 1, 1, 3, 1, 0, 0, 1, 3, 3, 1, 2, 1, 0, 1, 3, 1, 0, 2, 0, 0, 0, 0, 0, 0, 0, 1, 1, 0, 0, 0, 1],740.6648699319737,58392.73539943754,98914.29550102295,false
12,G4_BALANCED,G4_BALANCED,[31, 22, 82, 15, 26, 58, 95, 42, 77, 12, 47, 5, 93, 78, 86, 54, 85, 63, 18, 44, 20, 35, 43, 97, 66, 76, 10, 30, 21, 45, 71, 1, 64, 23, 17, 83, 24, 14, 60, 36, 6, 57, 40, 88, 65, 56, 79, 94, 67, 68, 46, 75, 38, 9, 19, 32, 81, 41, 27, 62, 87, 90, 99, 59, 11, 16, 72, 73, 70, 39, 37, 84, 3, 92, 25, 55, 28, 29, 51, 53, 33, 61, 8, 48, 89, 50, 4, 96, 7, 80, 98, 91, 34, 2, 52, 13, 0, 69, 74, 49]|[1, 1, 0, 1, 1, 0, 1, 2, 2, 1, 2, 2, 2, 1, 1, 0, 0, 1, 0, 2, 2, 0, 1, 2, 0, 1, 2, 2, 0, 0, 1, 2, 2, 2, 1, 0, 2, 0, 1, 1, 0, 1, 1, 1, 0, 2, 1, 1, 0, 0, 0, 0, 1, 1, 2, 1, 2, 0, 0, 0, 2, 1, 0, 1, 2, 1, 2, 1, 1, 1, 1, 1, 1, 0, 1, 2, 0, 0, 0, 0, 2, 1, 1, 0, 1, 0, 1, 0, 1, 0, 2, 2, 2, 0, 1, 0, 0, 1, 2, 0]|[4, 3, 2, 2, 4, 1, 2, 2, 2, 4, 1, 1, 2, 4, 4, 1, 2, 4, 2, 1, 1, 1, 1, 2, 1, 2, 1, 1, 1, 1, 3, 2, 2, 1, 4, 0, 1, 1, 0, 3, 2, 2, 2, 0, 1, 1, 0, 4, 0, 1, 2, 2, 1, 4, 0, 3, 2, 1, 1, 2, 1, 3, 1, 1, 1, 3, 0, 4, 3, 1, 4, 1, 1, 0, 4, 1, 2, 1, 1, 2, 1, 3, 3, 1, 1, 1, 4, 1, 1, 1, 1, 1, 1, 2, 1, 2, 2, 4, 1, 1]|[0, 2, 1, 1, 3, 0, 1, 0, 0, 0, 0, 0, 1, 0, 1, 0, 0, 3, 1, 0, 0, 0, 3, 1, 0, 2, 0, 0, 0, 1, 0, 0, 0, 0, 3, 0, 1, 0, 0, 2, 1, 1, 1, 0, 0, 0, 0, 2, 1, 0, 0, 0, 1, 3, 0, 0, 1, 0, 0, 1, 0, 2, 0, 1, 0, 2, 1, 0, 0, 1, 1, 3, 1, 1, 3, 0, 1, 0, 0, 1, 0, 0, 2, 0, 1, 0, 0, 0, 2, 0, 0, 0, 0, 0, 1, 0, 0, 2, 0, 1],789.3769244806599,56603.32512404981,94497.15126140349,false
12,G2_TEC,G2_TEC,[31, 22, 82, 15, 26, 9, 95, 42, 77, 68, 47, 5, 93, 78, 86, 54, 85, 63, 18, 44, 20, 49, 36, 14, 74, 50, 53, 17, 21, 28, 71, 64, 3, 23, 30, 83, 24, 41, 60, 52, 65, 27, 90, 70, 39, 87, 48, 69, 99, 4, 46, 1, 13, 58, 97, 59, 33, 8, 73, 37, 35, 79, 11, 66, 76, 32, 40, 80, 96, 6, 16, 61, 45, 7, 57, 34, 12, 67, 10, 98, 56, 88, 29, 19, 91, 38, 75, 92, 43, 84, 51, 62, 89, 25, 81, 55, 0, 94, 2, 72]|[2, 1, 2, 1, 1, 2, 1, 1, 1, 1, 1, 0, 2, 2, 1, 2, 0, 0, 0, 2, 2, 1, 0, 2, 0, 2, 2, 1, 0, 1, 1, 1, 0, 0, 1, 0, 2, 1, 2, 2, 0, 0, 1, 1, 0, 2, 0, 2, 1, 0, 0, 2, 0, 0, 2, 0, 1, 1, 0, 0, 1, 1, 0, 2, 2, 0, 2, 2, 0, 1, 2, 1, 1, 2, 0, 1, 1, 1, 1, 0, 2, 1, 1, 1, 1, 0, 0, 0, 1, 0, 1, 1, 1, 1, 1, 0, 0, 1, 2, 1]|[0, 3, 0, 2, 4, 1, 4, 4, 2, 4, 3, 2, 1, 0, 2, 1, 1, 1, 2, 1, 1, 3, 0, 1, 0, 1, 1, 4, 1, 4, 3, 2, 2, 0, 4, 1, 1, 4, 0, 1, 2, 1, 4, 4, 1, 1, 0, 2, 3, 1, 2, 1, 2, 1, 1, 2, 4, 3, 0, 2, 3, 3, 1, 0, 1, 2, 0, 1, 2, 4, 1, 3, 4, 1, 2, 4, 3, 3, 3, 2, 1, 4, 3, 4, 3, 2, 2, 2, 4, 2, 3, 3, 4, 4, 1, 2, 2, 4, 1, 4]|[0, 2, 0, 1, 3, 0, 1, 3, 0, 0, 2, 0, 1, 0, 1, 0, 0, 0, 1, 0, 0, 2, 0, 0, 1, 0, 0, 3, 0, 1, 0, 2, 0, 0, 3, 0, 1, 3, 1, 0, 0, 0, 1, 3, 0, 0, 1, 0, 2, 0, 0, 0, 0, 0, 1, 0, 1, 0, 1, 1, 2, 2, 0, 0, 0, 0, 0, 0, 0, 2, 0, 0, 1, 0, 0, 1, 0, 0, 3, 0, 0, 1, 0, 3, 0, 0, 0, 0, 2, 0, 0, 0, 1, 3, 1, 0, 0, 2, 0, 2],918.5349760917882,51468.548061908,110087.41095170133,false
12,G3_TWC,G3_TWC,[31, 22, 82, 15, 26, 9, 95, 42, 77, 12, 47, 5, 93, 78, 86, 54, 85, 63, 18, 44, 20, 35, 43, 97, 91, 76, 10, 30, 21, 45, 71, 64, 1, 23, 17, 83, 24, 14, 60, 36, 41, 57, 40, 88, 65, 56, 79, 94, 67, 68, 46, 75, 38, 58, 19, 32, 81, 6, 27, 62, 87, 90, 99, 59, 11, 16, 72, 73, 69, 39, 37, 84, 3, 92, 25, 55, 28, 29, 51, 7, 66, 61, 98, 48, 89, 8, 33, 96, 53, 80, 50, 4, 34, 2, 52, 13, 0, 70, 74, 49]|[1, 1, 0, 1, 1, 0, 1, 2, 2, 1, 2, 2, 2, 1, 1, 0, 0, 1, 0, 2, 2, 0, 1, 2, 0, 1, 2, 2, 0, 0, 1, 2, 1, 2, 1, 0, 2, 0, 1, 1, 0, 1, 1, 1, 0, 2, 1, 1, 0, 0, 0, 0, 1, 1, 2, 1, 2, 0, 0, 0, 2, 1, 0, 1, 2, 1, 2, 1, 1, 1, 1, 1, 1, 0, 1, 1, 0, 0, 0, 1, 2, 1, 2, 0, 1, 0, 2, 0, 0, 0, 0, 0, 2, 0, 1, 0, 0, 1, 2, 0]|[4, 3, 2, 2, 4, 1, 2, 2, 2, 4, 1, 1, 2, 4, 4, 1, 2, 4, 2, 1, 1, 1, 1, 2, 1, 2, 1, 1, 1, 1, 3, 2, 3, 0, 4, 0, 1, 1, 0, 3, 2, 2, 2, 0, 1, 1, 0, 4, 0, 1, 2, 2, 1, 4, 0, 3, 2, 1, 1, 2, 1, 3, 1, 1, 1, 3, 0, 4, 3, 1, 4, 1, 1, 0, 4, 4, 2, 1, 1, 1, 1, 3, 1, 1, 1, 1, 1, 1, 2, 1, 1, 2, 1, 2, 1, 2, 2, 4, 1, 1]|[0, 2, 1, 1, 3, 0, 1, 0, 0, 0, 0, 0, 1, 0, 1, 0, 0, 3, 1, 0, 0, 0, 3, 1, 0, 2, 0, 0, 0, 1, 0, 0, 0, 0, 3, 0, 1, 0, 0, 2, 1, 1, 1, 0, 0, 0, 0, 2, 1, 0, 0, 0, 1, 3, 0, 0, 1, 0, 0, 1, 0, 2, 0, 1, 0, 2, 1, 0, 0, 1, 1, 3, 1, 1, 3, 3, 1, 0, 0, 2, 0, 0, 0, 0, 1, 0, 0, 0, 1, 0, 0, 1, 0, 0, 1, 0, 0, 2, 0, 1],828.6150361188287,57498.909092636255,92558.71763620913,false
12,G1_CMAX,G1_CMAX,[31, 22, 82, 15, 26, 9, 95, 42, 77, 12, 47, 5, 93, 78, 86, 54, 6, 63, 18, 44, 20, 35, 43, 97, 91, 76, 10, 30, 21, 45, 64, 71, 1, 23, 17, 83, 24, 14, 60, 36, 85, 57, 40, 88, 65, 56, 79, 94, 39, 68, 46, 75, 38, 58, 19, 32, 81, 41, 27, 62, 87, 90, 99, 59, 11, 16, 72, 73, 70, 67, 37, 84, 3, 92, 25, 55, 28, 29, 51, 8, 66, 61, 98, 48, 89, 50, 7, 96, 53, 80, 4, 33, 34, 2, 52, 13, 0, 69, 74, 49]|[1, 1, 0, 1, 1, 0, 1, 2, 2, 1, 2, 2, 2, 1, 1, 0, 0, 1, 0, 2, 2, 0, 1, 2, 0, 1, 2, 2, 0, 0, 1, 2, 1, 2, 1, 0, 2, 0, 1, 1, 0, 1, 1, 1, 0, 2, 1, 1, 0, 0, 0, 0, 1, 1, 2, 1, 2, 0, 0, 0, 2, 1, 0, 1, 2, 1, 2, 1, 1, 1, 1, 1, 1, 0, 1, 1, 0, 0, 0, 1, 0, 1, 0, 0, 1, 0, 1, 2, 0, 0, 0, 0, 2, 0, 1, 0, 0, 1, 2, 0]|[4, 3, 2, 2, 4, 1, 2, 2, 2, 4, 1, 1, 2, 4, 4, 1, 2, 4, 2, 1, 1, 1, 1, 2, 1, 2, 1, 1, 1, 1, 3, 2, 3, 0, 4, 0, 1, 1, 0, 3, 2, 2, 2, 0, 1, 1, 0, 4, 0, 1, 2, 2, 1, 4, 0, 3, 2, 1, 1, 2, 1, 3, 1, 1, 1, 3, 0, 4, 3, 1, 4, 1, 1, 0, 4, 4, 2, 1, 1, 3, 1, 3, 1, 1, 1, 1, 1, 1, 2, 1, 2, 2, 1, 2, 1, 2, 2, 3, 1, 1]|[0, 2, 1, 1, 3, 0, 1, 0, 0, 0, 0, 0, 1, 0, 1, 0, 1, 3, 1, 0, 0, 0, 3, 1, 0, 2, 0, 0, 0, 1, 0, 0, 0, 0, 3, 0, 1, 0, 0, 2, 1, 1, 1, 0, 0, 0, 0, 2, 1, 0, 0, 0, 1, 3, 0, 0, 1, 0, 0, 1, 0, 2, 0, 1, 0, 2, 1, 0, 0, 1, 1, 3, 1, 1, 3, 3, 1, 0, 0, 2, 0, 0, 0, 0, 1, 0, 2, 0, 1, 0, 1, 1, 0, 0, 1, 0, 0, 0, 0, 1],824.1531664905515,57504.66170409152,92407.54974943638,false
12,G4_BALANCED,G4_BALANCED,[31, 22, 82, 15, 26, 58, 95, 42, 77, 12, 47, 5, 93, 78, 86, 54, 85, 63, 18, 44, 20, 35, 43, 97, 66, 76, 10, 30, 21, 45, 71, 1, 23, 64, 17, 83, 24, 14, 60, 36, 6, 57, 40, 88, 65, 56, 79, 94, 67, 68, 46, 75, 38, 9, 19, 32, 81, 41, 27, 62, 87, 90, 99, 59, 11, 16, 72, 73, 70, 39, 37, 84, 3, 92, 25, 34, 28, 29, 51, 7, 91, 61, 8, 48, 89, 50, 4, 96, 53, 80, 98, 33, 55, 2, 52, 13, 0, 69, 74, 49]|[1, 1, 0, 1, 1, 0, 1, 2, 2, 1, 2, 2, 2, 1, 1, 0, 0, 1, 0, 2, 2, 0, 1, 2, 2, 1, 2, 2, 0, 0, 1, 1, 2, 2, 1, 0, 2, 0, 1, 1, 0, 1, 1, 1, 0, 2, 1, 1, 0, 0, 0, 0, 1, 1, 2, 1, 2, 0, 0, 0, 2, 1, 0, 1, 2, 1, 2, 1, 1, 1, 1, 1, 1, 0, 1, 2, 0, 0, 0, 1, 0, 1, 0, 0, 1, 0, 1, 2, 0, 0, 2, 2, 2, 0, 1, 0, 0, 1, 2, 0]|[4, 3, 2, 2, 4, 1, 2, 2, 2, 4, 1, 1, 2, 4, 4, 1, 2, 4, 2, 1, 1, 1, 1, 2, 1, 2, 1, 1, 1, 1, 3, 3, 1, 1, 4, 0, 1, 1, 0, 3, 2, 2, 2, 0, 1, 1, 0, 4, 0, 1, 2, 2, 1, 4, 0, 3, 2, 1, 1, 2, 1, 3, 1, 1, 1, 3, 0, 4, 3, 1, 4, 1, 1, 0, 4, 1, 2, 1, 1, 1, 1, 3, 2, 1, 1, 1, 4, 1, 2, 1, 1, 1, 1, 2, 1, 2, 2, 4, 1, 1]|[0, 2, 1, 1, 3, 0, 1, 0, 0, 0, 0, 0, 1, 0, 1, 0, 0, 3, 1, 0, 0, 0, 3, 1, 0, 2, 0, 0, 0, 1, 0, 0, 0, 0, 3, 0, 1, 0, 0, 2, 1, 1, 1, 0, 0, 0, 0, 2, 1, 0, 0, 0, 1, 3, 0, 0, 1, 0, 0, 1, 0, 2, 0, 1, 0, 2, 1, 0, 0, 1, 1, 3, 1, 1, 3, 0, 1, 0, 0, 2, 0, 0, 1, 0, 1, 0, 0, 0, 1, 0, 0, 0, 0, 0, 1, 0, 0, 2, 0, 1],775.615804901732,56670.276257031204,93814.73668439088,false
12,G2_TEC,G2_TEC,[31, 22, 82, 15, 26, 9, 95, 42, 77, 68, 47, 5, 93, 78, 86, 54, 85, 63, 18, 44, 20, 49, 36, 14, 74, 50, 53, 17, 21, 28, 71, 64, 3, 23, 30, 83, 24, 41, 60, 52, 65, 27, 90, 70, 39, 87, 48, 69, 99, 4, 46, 1, 13, 58, 97, 59, 33, 8, 73, 37, 35, 79, 11, 66, 76, 32, 40, 80, 96, 6, 16, 61, 45, 7, 57, 34, 12, 67, 10, 98, 56, 88, 29, 19, 91, 38, 75, 92, 43, 84, 51, 62, 89, 25, 81, 55, 0, 94, 2, 72]|[2, 1, 2, 1, 1, 2, 1, 1, 1, 1, 1, 0, 2, 2, 1, 2, 0, 0, 0, 2, 2, 1, 0, 2, 0, 2, 2, 1, 0, 1, 1, 1, 0, 0, 1, 0, 2, 1, 2, 2, 0, 0, 1, 1, 0, 2, 0, 2, 1, 0, 0, 2, 0, 0, 2, 0, 1, 1, 0, 0, 1, 1, 0, 2, 2, 0, 2, 2, 0, 1, 2, 1, 1, 2, 0, 1, 1, 1, 1, 0, 2, 1, 1, 1, 1, 0, 0, 0, 1, 0, 1, 1, 1, 1, 1, 0, 0, 1, 2, 1]|[0, 3, 0, 2, 4, 1, 4, 4, 2, 4, 3, 2, 1, 0, 2, 1, 1, 1, 2, 1, 1, 3, 0, 1, 0, 1, 1, 4, 1, 4, 3, 2, 2, 0, 4, 1, 1, 4, 0, 1, 2, 1, 4, 4, 1, 1, 0, 2, 3, 1, 2, 1, 2, 1, 1, 2, 4, 3, 0, 2, 3, 3, 1, 0, 1, 2, 0, 1, 2, 4, 1, 3, 4, 1, 2, 4, 3, 3, 3, 2, 1, 4, 3, 4, 3, 2, 2, 2, 4, 2, 3, 3, 4, 4, 1, 2, 2, 4, 1, 4]|[0, 2, 0, 1, 3, 0, 1, 3, 0, 0, 2, 0, 1, 0, 1, 0, 0, 0, 1, 0, 0, 2, 0, 0, 1, 0, 0, 3, 0, 1, 0, 2, 0, 0, 3, 0, 1, 3, 1, 0, 0, 0, 1, 3, 0, 0, 1, 0, 2, 0, 0, 0, 0, 0, 1, 0, 1, 0, 1, 1, 2, 2, 0, 0, 0, 0, 0, 0, 0, 2, 0, 0, 1, 0, 0, 1, 0, 0, 3, 0, 0, 1, 0, 3, 0, 0, 0, 0, 2, 0, 0, 0, 1, 3, 1, 0, 0, 2, 0, 2],918.5349760917882,51468.548061908,110087.41095170133,false
12,G3_TWC,G3_TWC,[31, 22, 82, 15, 26, 9, 95, 42, 77, 12, 47, 5, 93, 78, 86, 54, 85, 63, 18, 44, 20, 35, 43, 97, 91, 76, 10, 30, 21, 45, 71, 64, 1, 23, 17, 83, 24, 14, 60, 36, 41, 57, 40, 88, 65, 56, 79, 94, 67, 68, 46, 75, 38, 58, 19, 32, 81, 6, 27, 62, 87, 90, 99, 59, 11, 16, 72, 73, 69, 39, 37, 84, 3, 92, 25, 55, 28, 29, 51, 7, 66, 61, 98, 48, 89, 8, 33, 96, 53, 80, 50, 4, 34, 2, 52, 13, 0, 70, 74, 49]|[1, 1, 0, 1, 1, 0, 1, 2, 2, 1, 2, 2, 2, 1, 1, 0, 0, 1, 0, 2, 2, 0, 1, 2, 0, 1, 2, 2, 0, 0, 1, 2, 1, 2, 1, 0, 2, 0, 1, 1, 0, 1, 1, 1, 0, 2, 1, 1, 0, 0, 0, 0, 1, 1, 2, 1, 2, 0, 0, 0, 2, 1, 0, 1, 2, 1, 2, 1, 1, 1, 1, 1, 1, 0, 1, 1, 0, 0, 0, 1, 2, 1, 2, 0, 1, 0, 2, 0, 0, 0, 0, 0, 2, 0, 1, 0, 0, 1, 2, 0]|[4, 3, 2, 2, 4, 1, 2, 2, 2, 4, 1, 1, 2, 4, 4, 1, 2, 4, 2, 1, 1, 1, 1, 2, 1, 2, 1, 1, 1, 1, 3, 2, 3, 0, 4, 0, 1, 1, 0, 3, 2, 2, 2, 0, 1, 1, 0, 4, 0, 1, 2, 2, 1, 4, 0, 3, 2, 1, 1, 2, 1, 3, 1, 1, 1, 3, 0, 4, 3, 1, 4, 1, 1, 0, 4, 4, 2, 1, 1, 1, 1, 3, 1, 1, 1, 1, 1, 1, 2, 1, 1, 2, 1, 2, 1, 2, 2, 4, 1, 1]|[0, 2, 1, 1, 3, 0, 1, 0, 0, 0, 0, 0, 1, 0, 1, 0, 0, 3, 1, 0, 0, 0, 3, 1, 0, 2, 0, 0, 0, 1, 0, 0, 0, 0, 3, 0, 1, 0, 0, 2, 1, 1, 1, 0, 0, 0, 0, 2, 1, 0, 0, 0, 1, 3, 0, 0, 1, 0, 0, 1, 0, 2, 0, 1, 0, 2, 1, 0, 0, 1, 1, 3, 1, 1, 3, 3, 1, 0, 0, 2, 0, 0, 0, 0, 1, 0, 0, 0, 1, 0, 0, 1, 0, 0, 1, 0, 0, 2, 0, 1],828.6150361188287,57498.909092636255,92558.71763620913,false
13,G1_CMAX,G4_BALANCED,[31, 22, 82, 15, 26, 58, 95, 42, 77, 12, 47, 5, 93, 78, 86, 54, 85, 63, 18, 44, 20, 35, 43, 97, 91, 76, 10, 30, 21, 45, 71, 64, 1, 23, 17, 83, 24, 14, 60, 36, 6, 57, 40, 88, 65, 56, 79, 94, 67, 68, 46, 75, 38, 9, 19, 32, 81, 41, 27, 62, 87, 90, 99, 59, 11, 16, 72, 73, 70, 39, 37, 84, 3, 92, 25, 34, 28, 29, 51, 7, 33, 61, 98, 48, 89, 50, 96, 66, 80, 8, 53, 4, 55, 2, 52, 49, 0, 69, 74, 13]|[1, 1, 0, 1, 1, 0, 1, 2, 2, 1, 2, 2, 2, 1, 1, 0, 0, 1, 0, 2, 2, 0, 1, 2, 0, 1, 2, 2, 0, 0, 1, 2, 1, 2, 1, 0, 2, 0, 1, 1, 0, 1, 1, 1, 0, 2, 1, 1, 0, 0, 0, 0, 1, 1, 2, 1, 2, 0, 0, 0, 2, 1, 0, 1, 2, 1, 2, 1, 1, 1, 1, 1, 1, 0, 1, 2, 0, 0, 0, 1, 2, 1, 2, 0, 1, 0, 2, 2, 0, 0, 0, 1, 2, 0, 1, 0, 0, 1, 2, 0]|[4, 3, 2, 2, 4, 1, 2, 2, 2, 4, 1, 1, 2, 4, 4, 1, 2, 4, 2, 1, 1, 1, 1, 2, 1, 2, 1, 1, 1, 1, 3, 2, 3, 1, 4, 0, 1, 1, 0, 3, 2, 2, 2, 0, 1, 1, 0, 4, 0, 1, 2, 2, 1, 4, 0, 3, 2, 1, 1, 2, 1, 3, 1, 1, 1, 3, 0, 4, 3, 1, 4, 1, 1, 0, 4, 1, 2, 1, 1, 1, 1, 3, 1, 1, 1, 1, 1, 1, 1, 1, 2, 4, 1, 2, 1, 1, 2, 4, 1, 2]|[0, 2, 1, 1, 3, 0, 1, 0, 0, 0, 0, 0, 1, 0, 1, 0, 0, 3, 1, 0, 0, 0, 3, 1, 0, 2, 0, 0, 0, 1, 0, 0, 0, 0, 3, 0, 1, 0, 0, 2, 1, 1, 1, 0, 0, 0, 0, 2, 1, 0, 0, 0, 1, 3, 0, 0, 1, 0, 0, 1, 0, 2, 0, 1, 0, 2, 1, 0, 0, 1, 1, 3, 1, 1, 3, 0, 1, 0, 0, 2, 0, 0, 0, 0, 1, 0, 0, 0, 0, 0, 1, 0, 0, 0, 1, 1, 0, 2, 0, 0],782.1514721387503,56296.28280331818,95043.71214189353,true
13,G4_BALANCED,G4_BALANCED,[31, 22, 82, 15, 26, 58, 95, 42, 77, 12, 47, 5, 93, 78, 86, 54, 85, 63, 18, 44, 20, 35, 43, 97, 91, 76, 10, 30, 21, 45, 71, 64, 1, 23, 17, 83, 24, 14, 60, 36, 6, 57, 40, 88, 65, 56, 79, 94, 67, 68, 46, 75, 38, 9, 19, 32, 81, 41, 27, 62, 87, 90, 99, 59, 11, 16, 72, 73, 70, 39, 37, 84, 3, 53, 25, 55, 28, 29, 51, 7, 33, 61, 98, 48, 89, 50, 66, 96, 92, 80, 8, 4, 34, 2, 52, 13, 0, 69, 74, 49]|[1, 1, 0, 1, 1, 0, 1, 2, 2, 1, 2, 2, 2, 1, 1, 0, 0, 1, 0, 2, 2, 0, 1, 2, 0, 1, 2, 2, 0, 0, 1, 2, 1, 2, 1, 0, 2, 0, 1, 1, 0, 1, 1, 1, 0, 2, 1, 1, 0, 0, 0, 0, 1, 1, 2, 1, 2, 0, 0, 0, 2, 1, 0, 1, 2, 1, 2, 1, 1, 1, 1, 1, 1, 0, 1, 1, 0, 0, 0, 1, 2, 1, 2, 0, 1, 0, 2, 0, 0, 0, 1, 0, 2, 0, 1, 0, 0, 1, 2, 0]|[4, 3, 2, 2, 4, 1, 2, 2, 2, 4, 1, 1, 2, 4, 4, 1, 2, 4, 2, 1, 1, 1, 1, 2, 1, 2, 1, 1, 1, 1, 3, 2, 3, 1, 4, 0, 1, 1, 0, 3, 2, 2, 2, 0, 1, 1, 0, 4, 0, 1, 2, 2, 1, 4, 0, 3, 2, 1, 1, 2, 1, 3, 1, 1, 1, 3, 0, 4, 3, 1, 4, 1, 1, 2, 4, 4, 2, 1, 1, 1, 1, 3, 1, 1, 1, 1, 1, 1, 2, 1, 3, 2, 1, 2, 1, 2, 2, 3, 1, 1]|[0, 2, 1, 1, 3, 0, 1, 0, 0, 0, 0, 0, 1, 0, 1, 0, 0, 3, 1, 0, 0, 0, 3, 1, 0, 2, 0, 0, 0, 1, 0, 0, 0, 0, 3, 0, 1, 0, 0, 2, 1, 1, 1, 0, 0, 0, 0, 2, 1, 0, 0, 0, 1, 3, 0, 0, 1, 0, 0, 1, 0, 2, 0, 1, 0, 2, 1, 0, 0, 1, 1, 3, 1, 1, 3, 3, 1, 0, 0, 2, 0, 0, 0, 0, 1, 0, 0, 0, 1, 0, 2, 1, 0, 0, 1, 0, 0, 0, 0, 1],799.0546721216066,57038.19937020626,92843.33792604652,false
13,G2_TEC,G2_TEC,[31, 22, 82, 15, 26, 9, 95, 42, 77, 68, 47, 5, 93, 78, 86, 54, 85, 63, 18, 44, 20, 49, 36, 14, 74, 50, 53, 17, 21, 28, 71, 64, 3, 23, 30, 83, 24, 41, 60, 52, 65, 27, 90, 70, 39, 87, 48, 69, 99, 4, 46, 1, 13, 58, 97, 59, 33, 8, 73, 37, 35, 79, 11, 66, 76, 32, 40, 80, 96, 6, 16, 61, 45, 7, 57, 34, 12, 67, 10, 98, 56, 88, 29, 19, 91, 38, 75, 92, 43, 84, 51, 62, 89, 25, 81, 55, 0, 94, 2, 72]|[2, 1, 2, 1, 1, 2, 1, 1, 1, 1, 1, 0, 2, 2, 1, 2, 0, 0, 0, 2, 2, 1, 0, 2, 0, 2, 2, 1, 0, 1, 1, 1, 0, 0, 1, 0, 2, 1, 2, 2, 0, 0, 1, 1, 0, 2, 0, 2, 1, 0, 0, 2, 0, 0, 2, 0, 1, 1, 0, 0, 1, 1, 0, 2, 2, 0, 2, 2, 0, 1, 2, 1, 1, 2, 0, 1, 1, 1, 1, 0, 2, 1, 1, 1, 1, 0, 0, 0, 1, 0, 1, 1, 1, 1, 1, 0, 0, 1, 2, 1]|[0, 3, 0, 2, 4, 1, 4, 4, 2, 4, 3, 2, 1, 0, 2, 1, 1, 1, 2, 1, 1, 3, 0, 1, 0, 1, 1, 4, 1, 4, 3, 2, 2, 0, 4, 1, 1, 4, 0, 1, 2, 1, 4, 4, 1, 1, 0, 2, 3, 1, 2, 1, 2, 1, 1, 2, 4, 3, 0, 2, 3, 3, 1, 0, 1, 2, 0, 1, 2, 4, 1, 3, 4, 1, 2, 4, 3, 3, 3, 2, 1, 4, 3, 4, 3, 2, 2, 2, 4, 2, 3, 3, 4, 4, 1, 2, 2, 4, 1, 4]|[0, 2, 0, 1, 3, 0, 1, 3, 0, 0, 2, 0, 1, 0, 1, 0, 0, 0, 1, 0, 0, 2, 0, 0, 1, 0, 0, 3, 0, 1, 0, 2, 0, 0, 3, 0, 1, 3, 1, 0, 0, 0, 1, 3, 0, 0, 1, 0, 2, 0, 0, 0, 0, 0, 1, 0, 1, 0, 1, 1, 2, 2, 0, 0, 0, 0, 0, 0, 0, 2, 0, 0, 1, 0, 0, 1, 0, 0, 3, 0, 0, 1, 0, 3, 0, 0, 0, 0, 2, 0, 0, 0, 1, 3, 1, 0, 0, 2, 0, 2],918.5349760917882,51468.548061908,110087.41095170133,false
13,G3_TWC,G3_TWC,[31, 22, 82, 15, 26, 9, 95, 42, 77, 12, 47, 5, 93, 78, 86, 54, 85, 63, 18, 44, 20, 35, 43, 97, 91, 76, 10, 30, 21, 45, 71, 64, 1, 23, 17, 83, 24, 14, 60, 36, 41, 57, 40, 88, 65, 56, 79, 94, 67, 68, 46, 75, 38, 58, 19, 32, 81, 6, 27, 62, 87, 90, 99, 59, 11, 16, 72, 73, 69, 39, 37, 84, 3, 92, 25, 55, 28, 29, 51, 7, 66, 61, 98, 48, 89, 8, 33, 96, 53, 80, 50, 4, 34, 2, 52, 13, 0, 70, 74, 49]|[1, 1, 0, 1, 1, 0, 1, 2, 2, 1, 2, 2, 2, 1, 1, 0, 0, 1, 0, 2, 2, 0, 1, 2, 0, 1, 2, 2, 0, 0, 1, 2, 1, 2, 1, 0, 2, 0, 1, 1, 0, 1, 1, 1, 0, 2, 1, 1, 0, 0, 0, 0, 1, 1, 2, 1, 2, 0, 0, 0, 2, 1, 0, 1, 2, 1, 2, 1, 1, 1, 1, 1, 1, 0, 1, 1, 0, 0, 0, 1, 2, 1, 2, 0, 1, 0, 2, 0, 0, 0, 0, 0, 2, 0, 1, 0, 0, 1, 2, 0]|[4, 3, 2, 2, 4, 1, 2, 2, 2, 4, 1, 1, 2, 4, 4, 1, 2, 4, 2, 1, 1, 1, 1, 2, 1, 2, 1, 1, 1, 1, 3, 2, 3, 0, 4, 0, 1, 1, 0, 3, 2, 2, 2, 0, 1, 1, 0, 4, 0, 1, 2, 2, 1, 4, 0, 3, 2, 1, 1, 2, 1, 3, 1, 1, 1, 3, 0, 4, 3, 1, 4, 1, 1, 0, 4, 4, 2, 1, 1, 1, 1, 3, 1, 1, 1, 1, 1, 1, 2, 1, 1, 2, 1, 2, 1, 2, 2, 4, 1, 1]|[0, 2, 1, 1, 3, 0, 1, 0, 0, 0, 0, 0, 1, 0, 1, 0, 0, 3, 1, 0, 0, 0, 3, 1, 0, 2, 0, 0, 0, 1, 0, 0, 0, 0, 3, 0, 1, 0, 0, 2, 1, 1, 1, 0, 0, 0, 0, 2, 1, 0, 0, 0, 1, 3, 0, 0, 1, 0, 0, 1, 0, 2, 0, 1, 0, 2, 1, 0, 0, 1, 1, 3, 1, 1, 3, 3, 1, 0, 0, 2, 0, 0, 0, 0, 1, 0, 0, 0, 1, 0, 0, 1, 0, 0, 1, 0, 0, 2, 0, 1],828.6150361188287,57498.909092636255,92558.71763620913,false
13,G1_CMAX,G1_CMAX,[31, 22, 82, 15, 26, 9, 95, 42, 77, 12, 47, 5, 93, 78, 86, 54, 6, 63, 18, 44, 20, 35, 43, 97, 91, 76, 10, 30, 21, 45, 64, 1, 23, 17, 83, 24, 14, 60, 36, 13, 75, 46, 68, 67, 69, 79, 56, 65, 88, 40, 57, 85, 58, 19, 32, 81, 48, 27, 62, 87, 90, 99, 59, 11, 16, 72, 73, 71, 70, 39, 37, 84, 3, 98, 29, 28, 55, 25, 92, 7, 33, 61, 53, 41, 89, 50, 8, 96, 51, 80, 34, 4, 66, 2, 52, 49, 0, 94, 74, 38]|[1, 1, 0, 1, 1, 0, 1, 2, 2, 1, 2, 2, 2, 1, 1, 0, 0, 1, 0, 2, 2, 0, 1, 2, 0, 1, 2, 2, 0, 0, 2, 1, 2, 1, 0, 2, 2, 1, 1, 0, 0, 0, 0, 0, 2, 1, 2, 0, 1, 1, 1, 0, 1, 2, 1, 2, 1, 0, 0, 2, 1, 0, 1, 2, 1, 2, 1, 1, 1, 1, 1, 1, 1, 0, 0, 0, 1, 1, 0, 1, 0, 1, 0, 1, 1, 0, 1, 0, 0, 0, 2, 1, 2, 0, 1, 0, 0, 2, 2, 1]|[0, 3, 2, 2, 4, 1, 2, 2, 2, 4, 1, 1, 2, 4, 4, 1, 2, 4, 2, 1, 1, 1, 1, 2, 1, 2, 1, 1, 1, 1, 2, 3, 0, 4, 0, 1, 2, 0, 3, 2, 2, 2, 1, 0, 2, 0, 1, 1, 0, 2, 2, 2, 0, 0, 3, 2, 4, 1, 2, 2, 3, 1, 1, 1, 3, 0, 4, 3, 3, 1, 4, 1, 1, 1, 1, 2, 4, 4, 0, 1, 2, 3, 2, 4, 1, 1, 3, 1, 1, 1, 1, 4, 1, 2, 1, 1, 2, 0, 1, 1]|[0, 2, 1, 1, 3, 0, 1, 0, 0, 0, 0, 0, 1, 0, 1, 0, 1, 3, 1, 0, 0, 0, 3, 1, 0, 2, 0, 0, 0, 1, 0, 0, 0, 3, 0, 1, 1, 0, 2, 0, 0, 0, 0, 1, 0, 0, 0, 0, 0, 1, 1, 0, 3, 0, 0, 1, 2, 0, 1, 0, 2, 0, 1, 0, 2, 1, 0, 0, 0, 1, 1, 3, 1, 0, 0, 1, 3, 3, 1, 2, 1, 0, 1, 3, 1, 0, 2, 0, 0, 0, 0, 0, 0, 0, 1, 1, 0, 0, 0, 1],740.6648699319737,58392.73539943754,98914.29550102295,false
13,G4_BALANCED,G3_TWC,[31, 22, 82, 15, 26, 9, 95, 42, 77, 12, 47, 5, 93, 78, 86, 54, 85, 63, 18, 44, 20, 35, 43, 97, 91, 76, 10, 30, 21, 45, 71, 64, 1, 23, 17, 83, 24, 14, 60, 36, 41, 57, 40, 88, 65, 56, 79, 94, 67, 68, 46, 89, 38, 58, 19, 32, 81, 6, 27, 62, 87, 90, 99, 59, 11, 16, 72, 73, 70, 39, 37, 84, 3, 92, 25, 55, 28, 29, 51, 7, 33, 61, 98, 48, 75, 50, 8, 96, 53, 80, 4, 66, 34, 2, 52, 13, 0, 69, 74, 49]|[1, 1, 0, 1, 1, 0, 1, 2, 2, 1, 2, 2, 2, 1, 1, 0, 0, 1, 0, 2, 2, 0, 1, 2, 0, 1, 2, 2, 0, 0, 1, 2, 1, 1, 1, 0, 2, 0, 1, 1, 0, 1, 1, 1, 0, 2, 1, 1, 0, 0, 0, 1, 1, 0, 2, 1, 2, 0, 0, 0, 2, 1, 0, 1, 2, 1, 2, 1, 1, 1, 1, 1, 1, 0, 1, 1, 0, 0, 0, 1, 2, 1, 2, 0, 0, 0, 0, 0, 0, 0, 0, 2, 2, 0, 1, 0, 0, 1, 2, 0]|[4, 3, 2, 2, 4, 1, 2, 2, 2, 4, 1, 1, 2, 4, 4, 1, 2, 4, 2, 1, 1, 1, 1, 2, 1, 2, 1, 1, 1, 1, 3, 2, 3, 4, 4, 0, 1, 1, 0, 3, 2, 2, 2, 0, 1, 1, 0, 4, 0, 1, 2, 1, 1, 1, 0, 3, 2, 1, 1, 2, 1, 3, 1, 1, 1, 3, 0, 4, 3, 1, 4, 1, 1, 0, 4, 4, 2, 1, 1, 1, 1, 3, 1, 1, 2, 1, 1, 1, 2, 1, 2, 1, 1, 2, 1, 2, 2, 3, 1, 1]|[0, 2, 1, 1, 3, 0, 1, 1, 0, 0, 0, 0, 1, 0, 1, 0, 0, 3, 1, 0, 0, 0, 3, 1, 0, 2, 0, 0, 0, 1, 0, 0, 0, 3, 3, 0, 1, 0, 0, 2, 1, 1, 1, 0, 0, 0, 0, 2, 1, 0, 0, 1, 1, 0, 0, 0, 1, 0, 0, 1, 0, 2, 0, 1, 0, 2, 1, 0, 0, 1, 1, 3, 1, 1, 3, 3, 1, 0, 0, 2, 0, 0, 0, 0, 0, 0, 0, 0, 1, 0, 1, 0, 0, 0, 1, 0, 0, 0, 0, 1],868.0755710409927,58004.028093668894,91501.13854076371,true
13,G2_TEC,G2_TEC,[31, 22, 82, 15, 26, 9, 95, 42, 77, 68, 47, 5, 93, 78, 86, 54, 85, 63, 18, 44, 20, 49, 36, 14, 74, 50, 53, 17, 21, 28, 71, 64, 3, 23, 30, 83, 24, 41, 60, 52, 65, 27, 90, 70, 39, 87, 48, 69, 99, 4, 46, 1, 13, 58, 97, 59, 33, 8, 73, 37, 35, 79, 11, 66, 76, 32, 40, 80, 96, 6, 16, 61, 45, 7, 57, 34, 12, 67, 10, 98, 56, 88, 29, 19, 91, 38, 75, 92, 43, 84, 51, 62, 89, 25, 81, 55, 0, 94, 2, 72]|[2, 1, 2, 1, 1, 2, 1, 1, 1, 1, 1, 0, 2, 2, 1, 2, 0, 0, 0, 2, 2, 1, 0, 2, 0, 2, 2, 1, 0, 1, 1, 1, 0, 0, 1, 0, 2, 1, 2, 2, 0, 0, 1, 1, 0, 2, 0, 2, 1, 0, 0, 2, 0, 0, 2, 0, 1, 1, 0, 0, 1, 1, 0, 2, 2, 0, 2, 2, 0, 1, 2, 1, 1, 2, 0, 1, 1, 1, 1, 0, 2, 1, 1, 1, 1, 0, 0, 0, 1, 0, 1, 1, 1, 1, 1, 0, 0, 1, 2, 1]|[0, 3, 0, 2, 4, 1, 4, 4, 2, 4, 3, 2, 1, 0, 2, 1, 1, 1, 2, 1, 1, 3, 0, 1, 0, 1, 1, 4, 1, 4, 3, 2, 2, 0, 4, 1, 1, 4, 0, 1, 2, 1, 4, 4, 1, 1, 0, 2, 3, 1, 2, 1, 2, 1, 1, 2, 4, 3, 0, 2, 3, 3, 1, 0, 1, 2, 0, 1, 2, 4, 1, 3, 4, 1, 2, 4, 3, 3, 3, 2, 1, 4, 3, 4, 3, 2, 2, 2, 4, 2, 3, 3, 4, 4, 1, 2, 2, 4, 1, 4]|[0, 2, 0, 1, 3, 0, 1, 3, 0, 0, 2, 0, 1, 0, 1, 0, 0, 0, 1, 0, 0, 2, 0, 0, 1, 0, 0, 3, 0, 1, 0, 2, 0, 0, 3, 0, 1, 3, 1, 0, 0, 0, 1, 3, 0, 0, 1, 0, 2, 0, 0, 0, 0, 0, 1, 0, 1, 0, 1, 1, 2, 2, 0, 0, 0, 0, 0, 0, 0, 2, 0, 0, 1, 0, 0, 1, 0, 0, 3, 0, 0, 1, 0, 3, 0, 0, 0, 0, 2, 0, 0, 0, 1, 3, 1, 0, 0, 2, 0, 2],918.5349760917882,51468.548061908,110087.41095170133,false
13,G3_TWC,G3_TWC,[31, 22, 82, 15, 26, 9, 95, 42, 77, 12, 47, 5, 93, 78, 86, 54, 85, 63, 18, 44, 20, 35, 43, 97, 91, 76, 10, 30, 21, 45, 71, 64, 1, 23, 17, 83, 24, 14, 60, 36, 41, 57, 40, 88, 65, 56, 79, 94, 67, 68, 46, 75, 38, 58, 19, 32, 81, 6, 27, 62, 87, 90, 99, 59, 11, 16, 72, 73, 69, 39, 37, 84, 3, 92, 25, 55, 28, 29, 51, 7, 66, 61, 98, 48, 89, 8, 33, 96, 53, 80, 50, 4, 34, 2, 52, 13, 0, 70, 74, 49]|[1, 1, 0, 1, 1, 0, 1, 2, 2, 1, 2, 2, 2, 1, 1, 0, 0, 1, 0, 2, 2, 0, 1, 2, 0, 1, 2, 2, 0, 0, 1, 2, 1, 2, 1, 0, 2, 0, 1, 1, 0, 1, 1, 1, 0, 2, 1, 1, 0, 0, 0, 0, 1, 1, 2, 1, 2, 0, 0, 0, 2, 1, 0, 1, 2, 1, 2, 1, 1, 1, 1, 1, 1, 0, 1, 1, 0, 0, 0, 1, 2, 1, 2, 0, 1, 0, 2, 0, 0, 0, 0, 0, 2, 0, 1, 0, 0, 1, 2, 0]|[4, 3, 2, 2, 4, 1, 2, 2, 2, 4, 1, 1, 2, 4, 4, 1, 2, 4, 2, 1, 1, 1, 1, 2, 1, 2, 1, 1, 1, 1, 3, 2, 3, 0, 4, 0, 1, 1, 0, 3, 2, 2, 2, 0, 1, 1, 0, 4, 0, 1, 2, 2, 1, 4, 0, 3, 2, 1, 1, 2, 1, 3, 1, 1, 1, 3, 0, 4, 3, 1, 4, 1, 1, 0, 4, 4, 2, 1, 1, 1, 1, 3, 1, 1, 1, 1, 1, 1, 2, 1, 1, 2, 1, 2, 1, 2, 2, 4, 1, 1]|[0, 2, 1, 1, 3, 0, 1, 0, 0, 0, 0, 0, 1, 0, 1, 0, 0, 3, 1, 0, 0, 0, 3, 1, 0, 2, 0, 0, 0, 1, 0, 0, 0, 0, 3, 0, 1, 0, 0, 2, 1, 1, 1, 0, 0, 0, 0, 2, 1, 0, 0, 0, 1, 3, 0, 0, 1, 0, 0, 1, 0, 2, 0, 1, 0, 2, 1, 0, 0, 1, 1, 3, 1, 1, 3, 3, 1, 0, 0, 2, 0, 0, 0, 0, 1, 0, 0, 0, 1, 0, 0, 1, 0, 0, 1, 0, 0, 2, 0, 1],828.6150361188287,57498.909092636255,92558.71763620913,false
13,G1_CMAX,G1_CMAX,[31, 22, 82, 15, 26, 9, 95, 42, 77, 12, 47, 5, 93, 78, 86, 54, 6, 63, 18, 44, 20, 35, 43, 97, 91, 76, 10, 30, 21, 45, 64, 71, 1, 23, 17, 83, 24, 14, 60, 36, 85, 57, 40, 88, 65, 56, 79, 94, 39, 68, 46, 75, 38, 58, 19, 32, 81, 41, 27, 62, 87, 90, 99, 59, 11, 16, 72, 73, 70, 67, 37, 84, 3, 92, 25, 55, 28, 29, 51, 8, 66, 61, 98, 48, 89, 50, 7, 96, 53, 80, 4, 33, 34, 2, 52, 13, 0, 69, 74, 49]|[1, 1, 0, 1, 1, 0, 1, 2, 2, 1, 2, 2, 2, 1, 1, 0, 0, 1, 0, 2, 2, 0, 1, 2, 0, 1, 2, 2, 0, 0, 1, 2, 1, 2, 1, 0, 2, 0, 1, 1, 0, 1, 1, 1, 0, 2, 1, 1, 0, 0, 0, 0, 1, 1, 2, 1, 2, 0, 0, 0, 2, 1, 0, 1, 2, 1, 2, 1, 1, 1, 1, 1, 1, 0, 1, 1, 0, 0, 0, 1, 0, 1, 0, 0, 1, 0, 1, 2, 0, 0, 0, 0, 2, 0, 1, 0, 0, 1, 2, 0]|[4, 3, 2, 2, 4, 1, 2, 2, 2, 4, 1, 1, 2, 4, 4, 1, 2, 4, 2, 1, 1, 1, 1, 2, 1, 2, 1, 1, 1, 1, 3, 2, 3, 0, 4, 0, 1, 1, 0, 3, 2, 2, 2, 0, 1, 1, 0, 4, 0, 1, 2, 2, 1, 4, 0, 3, 2, 1, 1, 2, 1, 3, 1, 1, 1, 3, 0, 4, 3, 1, 4, 1, 1, 0, 4, 4, 2, 1, 1, 3, 1, 3, 1, 1, 1, 1, 1, 1, 2, 1, 2, 2, 1, 2, 1, 2, 2, 3, 1, 1]|[0, 2, 1, 1, 3, 0, 1, 0, 0, 0, 0, 0, 1, 0, 1, 0, 1, 3, 1, 0, 0, 0, 3, 1, 0, 2, 0, 0, 0, 1, 0, 0, 0, 0, 3, 0, 1, 0, 0, 2, 1, 1, 1, 0, 0, 0, 0, 2, 1, 0, 0, 0, 1, 3, 0, 0, 1, 0, 0, 1, 0, 2, 0, 1, 0, 2, 1, 0, 0, 1, 1, 3, 1, 1, 3, 3, 1, 0, 0, 2, 0, 0, 0, 0, 1, 0, 2, 0, 1, 0, 1, 1, 0, 0, 1, 0, 0, 0, 0, 1],824.1531664905515,57504.66170409152,92407.54974943638,false
13,G4_BALANCED,G4_BALANCED,[31, 22, 82, 15, 26, 58, 95, 42, 77, 12, 47, 5, 93, 78, 86, 54, 85, 63, 18, 44, 20, 35, 43, 97, 66, 76, 10, 30, 21, 45, 71, 1, 23, 64, 17, 83, 24, 14, 60, 36, 6, 57, 40, 88, 65, 56, 79, 94, 67, 68, 46, 75, 38, 9, 19, 32, 81, 41, 27, 62, 87, 90, 99, 59, 11, 16, 72, 73, 70, 39, 37, 84, 3, 92, 25, 34, 28, 29, 51, 7, 91, 61, 8, 48, 89, 50, 4, 96, 53, 80, 98, 33, 55, 2, 52, 13, 0, 69, 74, 49]|[1, 1, 0, 1, 1, 0, 1, 2, 2, 1, 2, 2, 2, 1, 1, 0, 0, 1, 0, 2, 2, 0, 1, 2, 2, 1, 2, 2, 0, 0, 1, 1, 2, 2, 1, 0, 2, 0, 1, 1, 0, 1, 1, 1, 0, 2, 1, 1, 0, 0, 0, 0, 1, 1, 2, 1, 2, 0, 0, 0, 2, 1, 0, 1, 2, 1, 2, 1, 1, 1, 1, 1, 1, 0, 1, 2, 0, 0, 0, 1, 0, 1, 0, 0, 1, 0, 1, 2, 0, 0, 2, 2, 2, 0, 1, 0, 0, 1, 2, 0]|[4, 3, 2, 2, 4, 1, 2, 2, 2, 4, 1, 1, 2, 4, 4, 1, 2, 4, 2, 1, 1, 1, 1, 2, 1, 2, 1, 1, 1, 1, 3, 3, 1, 1, 4, 0, 1, 1, 0, 3, 2, 2, 2, 0, 1, 1, 0, 4, 0, 1, 2, 2, 1, 4, 0, 3, 2, 1, 1, 2, 1, 3, 1, 1, 1, 3, 0, 4, 3, 1, 4, 1, 1, 0, 4, 1, 2, 1, 1, 1, 1, 3, 2, 1, 1, 1, 4, 1, 2, 1, 1, 1, 1, 2, 1, 2, 2, 4, 1, 1]|[0, 2, 1, 1, 3, 0, 1, 0, 0, 0, 0, 0, 1, 0, 1, 0, 0, 3, 1, 0, 0, 0, 3, 1, 0, 2, 0, 0, 0, 1, 0, 0, 0, 0, 3, 0, 1, 0, 0, 2, 1, 1, 1, 0, 0, 0, 0, 2, 1, 0, 0, 0, 1, 3, 0, 0, 1, 0, 0, 1, 0, 2, 0, 1, 0, 2, 1, 0, 0, 1, 1, 3, 1, 1, 3, 0, 1, 0, 0, 2, 0, 0, 1, 0, 1, 0, 0, 0, 1, 0, 0, 0, 0, 0, 1, 0, 0, 2, 0, 1],775.615804901732,56670.276257031204,93814.73668439088,false
13,G2_TEC,G2_TEC,[31, 22, 82, 15, 26, 9, 95, 42, 77, 68, 47, 5, 93, 78, 86, 54, 85, 63, 18, 44, 20, 49, 36, 14, 74, 50, 53, 17, 21, 28, 71, 64, 3, 23, 30, 83, 24, 41, 60, 52, 65, 27, 90, 70, 39, 87, 48, 69, 99, 4, 46, 1, 13, 58, 97, 59, 33, 8, 73, 37, 35, 79, 11, 66, 76, 32, 40, 80, 96, 6, 16, 61, 45, 7, 57, 34, 12, 67, 10, 98, 56, 88, 29, 19, 91, 38, 75, 92, 43, 84, 51, 62, 89, 25, 81, 55, 0, 94, 2, 72]|[2, 1, 2, 1, 1, 2, 1, 1, 1, 1, 1, 0, 2, 2, 1, 2, 0, 0, 0, 2, 2, 1, 0, 2, 0, 2, 2, 1, 0, 1, 1, 1, 0, 0, 1, 0, 2, 1, 2, 2, 0, 0, 1, 1, 0, 2, 0, 2, 1, 0, 0, 2, 0, 0, 2, 0, 1, 1, 0, 0, 1, 1, 0, 2, 2, 0, 2, 2, 0, 1, 2, 1, 1, 2, 0, 1, 1, 1, 1, 0, 2, 1, 1, 1, 1, 0, 0, 0, 1, 0, 1, 1, 1, 1, 1, 0, 0, 1, 2, 1]|[0, 3, 0, 2, 4, 1, 4, 4, 2, 4, 3, 2, 1, 0, 2, 1, 1, 1, 2, 1, 1, 3, 0, 1, 0, 1, 1, 4, 1, 4, 3, 2, 2, 0, 4, 1, 1, 4, 0, 1, 2, 1, 4, 4, 1, 1, 0, 2, 3, 1, 2, 1, 2, 1, 1, 2, 4, 3, 0, 2, 3, 3, 1, 0, 1, 2, 0, 1, 2, 4, 1, 3, 4, 1, 2, 4, 3, 3, 3, 2, 1, 4, 3, 4, 3, 2, 2, 2, 4, 2, 3, 3, 4, 4, 1, 2, 2, 4, 1, 4]|[0, 2, 0, 1, 3, 0, 1, 3, 0, 0, 2, 0, 1, 0, 1, 0, 0, 0, 1, 0, 0, 2, 0, 0, 1, 0, 0, 3, 0, 1, 0, 2, 0, 0, 3, 0, 1, 3, 1, 0, 0, 0, 1, 3, 0, 0, 1, 0, 2, 0, 0, 0, 0, 0, 1, 0, 1, 0, 1, 1, 2, 2, 0, 0, 0, 0, 0, 0, 0, 2, 0, 0, 1, 0, 0, 1, 0, 0, 3, 0, 0, 1, 0, 3, 0, 0, 0, 0, 2, 0, 0, 0, 1, 3, 1, 0, 0, 2, 0, 2],918.5349760917882,51468.548061908,110087.41095170133,false
13,G3_TWC,G3_TWC,[31, 22, 82, 15, 26, 9, 95, 42, 77, 12, 47, 5, 93, 78, 86, 54, 85, 63, 18, 44, 20, 35, 43, 97, 91, 76, 10, 30, 21, 45, 71, 64, 1, 23, 17, 83, 24, 14, 60, 36, 41, 57, 40, 88, 65, 56, 79, 94, 67, 68, 46, 75, 38, 58, 19, 32, 81, 6, 27, 62, 87, 90, 99, 59, 11, 16, 72, 73, 69, 39, 37, 84, 3, 92, 25, 55, 28, 29, 51, 7, 66, 61, 98, 48, 89, 8, 33, 96, 53, 80, 50, 4, 34, 2, 52, 13, 0, 70, 74, 49]|[1, 1, 0, 1, 1, 0, 1, 2, 2, 1, 2, 2, 2, 1, 1, 0, 0, 1, 0, 2, 2, 0, 1, 2, 0, 1, 2, 2, 0, 0, 1, 2, 1, 2, 1, 0, 2, 0, 1, 1, 0, 1, 1, 1, 0, 2, 1, 1, 0, 0, 0, 0, 1, 1, 2, 1, 2, 0, 0, 0, 2, 1, 0, 1, 2, 1, 2, 1, 1, 1, 1, 1, 1, 0, 1, 1, 0, 0, 0, 1, 2, 1, 2, 0, 1, 0, 2, 0, 0, 0, 0, 0, 2, 0, 1, 0, 0, 1, 2, 0]|[4, 3, 2, 2, 4, 1, 2, 2, 2, 4, 1, 1, 2, 4, 4, 1, 2, 4, 2, 1, 1, 1, 1, 2, 1, 2, 1, 1, 1, 1, 3, 2, 3, 0, 4, 0, 1, 1, 0, 3, 2, 2, 2, 0, 1, 1, 0, 4, 0, 1, 2, 2, 1, 4, 0, 3, 2, 1, 1, 2, 1, 3, 1, 1, 1, 3, 0, 4, 3, 1, 4, 1, 1, 0, 4, 4, 2, 1, 1, 1, 1, 3, 1, 1, 1, 1, 1, 1, 2, 1, 1, 2, 1, 2, 1, 2, 2, 4, 1, 1]|[0, 2, 1, 1, 3, 0, 1, 0, 0, 0, 0, 0, 1, 0, 1, 0, 0, 3, 1, 0, 0, 0, 3, 1, 0, 2, 0, 0, 0, 1, 0, 0, 0, 0, 3, 0, 1, 0, 0, 2, 1, 1, 1, 0, 0, 0, 0, 2, 1, 0, 0, 0, 1, 3, 0, 0, 1, 0, 0, 1, 0, 2, 0, 1, 0, 2, 1, 0, 0, 1, 1, 3, 1, 1, 3, 3, 1, 0, 0, 2, 0, 0, 0, 0, 1, 0, 0, 0, 1, 0, 0, 1, 0, 0, 1, 0, 0, 2, 0, 1],828.6150361188287,57498.909092636255,92558.71763620913,false
13,G1_CMAX,G3_TWC,[31, 22, 82, 15, 26, 9, 95, 42, 77, 12, 47, 5, 93, 78, 86, 54, 85, 63, 18, 44, 20, 35, 43, 97, 91, 76, 10, 30, 21, 45, 71, 64, 1, 23, 17, 83, 24, 14, 60, 36, 6, 57, 40, 88, 65, 56, 79, 94, 67, 68, 46, 75, 38, 58, 19, 32, 81, 48, 27, 62, 87, 90, 99, 59, 11, 16, 72, 73, 70, 39, 37, 84, 3, 92, 25, 55, 28, 29, 51, 7, 66, 61, 98, 41, 89, 50, 33, 96, 80, 53, 34, 4, 8, 2, 52, 13, 0, 69, 74, 49]|[1, 1, 0, 1, 1, 0, 1, 2, 2, 1, 2, 2, 2, 1, 1, 0, 0, 1, 0, 2, 2, 0, 1, 2, 0, 1, 2, 2, 0, 0, 1, 2, 1, 2, 1, 0, 2, 0, 1, 1, 0, 1, 1, 1, 0, 2, 1, 1, 0, 0, 0, 0, 1, 1, 2, 1, 2, 0, 0, 0, 2, 1, 0, 1, 2, 1, 2, 1, 1, 1, 1, 1, 1, 0, 1, 1, 0, 0, 0, 1, 2, 1, 2, 0, 1, 0, 2, 0, 0, 0, 2, 0, 1, 0, 1, 0, 0, 1, 2, 0]|[4, 3, 2, 2, 4, 1, 2, 2, 2, 4, 1, 1, 2, 4, 4, 1, 2, 4, 2, 1, 1, 1, 1, 2, 1, 2, 1, 1, 1, 1, 3, 2, 3, 0, 4, 0, 1, 1, 0, 3, 2, 2, 2, 0, 1, 1, 0, 4, 0, 1, 2, 2, 1, 4, 0, 3, 2, 1, 1, 2, 1, 3, 1, 1, 1, 3, 0, 4, 3, 1, 4, 1, 1, 0, 4, 4, 2, 1, 1, 1, 1, 3, 1, 1, 1, 1, 1, 1, 1, 2, 1, 2, 3, 2, 1, 2, 2, 3, 1, 1]|[0, 2, 1, 1, 3, 0, 1, 0, 0, 0, 0, 0, 1, 0, 1, 0, 0, 3, 1, 0, 0, 0, 3, 1, 0, 2, 0, 0, 0, 1, 0, 0, 0, 0, 3, 0, 1, 0, 0, 2, 1, 1, 1, 0, 0, 0, 0, 2, 1, 0, 0, 0, 1, 3, 0, 0, 1, 0, 0, 1, 0, 2, 0, 1, 0, 2, 1, 0, 0, 1, 1, 3, 1, 1, 3, 3, 1, 0, 0, 2, 0, 0, 0, 0, 1, 0, 0, 0, 0, 1, 0, 1, 2, 0, 1, 0, 0, 0, 0, 1],813.3800678145159,57419.34963361581,92679.78830645658,true
13,G4_BALANCED,G4_BALANCED,[31, 22, 82, 15, 26, 58, 95, 42, 77, 12, 47, 5, 93, 78, 86, 54, 85, 63, 18, 44, 20, 35, 43, 97, 66, 76, 10, 30, 21, 45, 71, 1, 23, 64, 17, 83, 24, 14, 60, 36, 6, 57, 40, 88, 65, 56, 79, 94, 67, 68, 46, 75, 38, 9, 19, 32, 81, 41, 27, 62, 87, 90, 99, 59, 11, 16, 72, 73, 70, 39, 37, 84, 3, 92, 25, 34, 28, 29, 51, 7, 91, 61, 8, 48, 89, 50, 4, 96, 53, 80, 98, 33, 55, 2, 52, 13, 0, 69, 74, 49]|[1, 1, 0, 1, 1, 0, 1, 2, 2, 1, 2, 2, 2, 1, 1, 0, 0, 1, 0, 2, 2, 0, 1, 2, 2, 1, 2, 2, 0, 0, 1, 1, 2, 2, 1, 0, 2, 0, 1, 1, 0, 1, 1, 1, 0, 2, 1, 1, 0, 0, 0, 0, 1, 1, 2, 1, 2, 0, 0, 0, 2, 1, 0, 1, 2, 1, 2, 1, 1, 1, 1, 1, 1, 0, 1, 2, 0, 0, 0, 1, 0, 1, 0, 0, 1, 0, 1, 2, 0, 0, 2, 2, 2, 0, 1, 0, 0, 1, 2, 0]|[4, 3, 2, 2, 4, 1, 2, 2, 2, 4, 1, 1, 2, 4, 4, 1, 2, 4, 2, 1, 1, 1, 1, 2, 1, 2, 1, 1, 1, 1, 3, 3, 1, 1, 4, 0, 1, 1, 0, 3, 2, 2, 2, 0, 1, 1, 0, 4, 0, 1, 2, 2, 1, 4, 0, 3, 2, 1, 1, 2, 1, 3, 1, 1, 1, 3, 0, 4, 3, 1, 4, 1, 1, 0, 4, 1, 2, 1, 1, 1, 1, 3, 2, 1, 1, 1, 4, 1, 2, 1, 1, 1, 1, 2, 1, 2, 2, 4, 1, 1]|[0, 2, 1, 1, 3, 0, 1, 0, 0, 0, 0, 0, 1, 0, 1, 0, 0, 3, 1, 0, 0, 0, 3, 1, 0, 2, 0, 0, 0, 1, 0, 0, 0, 0, 3, 0, 1, 0, 0, 2, 1, 1, 1, 0, 0, 0, 0, 2, 1, 0, 0, 0, 1, 3, 0, 0, 1, 0, 0, 1, 0, 2, 0, 1, 0, 2, 1, 0, 0, 1, 1, 3, 1, 1, 3, 0, 1, 0, 0, 2, 0, 0, 1, 0, 1, 0, 0, 0, 1, 0, 0, 0, 0, 0, 1, 0, 0, 2, 0, 1],775.615804901732,56670.276257031204,93814.73668439088,false
13,G2_TEC,G2_TEC,[31, 22, 82, 15, 26, 9, 95, 42, 77, 68, 47, 5, 93, 78, 86, 54, 85, 63, 18, 44, 20, 49, 36, 14, 74, 50, 53, 17, 21, 28, 71, 64, 3, 23, 30, 83, 24, 41, 60, 52, 65, 27, 90, 70, 39, 87, 48, 69, 99, 4, 46, 1, 13, 58, 97, 59, 33, 8, 73, 37, 35, 79, 11, 66, 76, 32, 40, 80, 96, 6, 16, 61, 45, 7, 57, 34, 12, 67, 10, 98, 56, 88, 29, 19, 91, 38, 75, 92, 43, 84, 51, 62, 89, 25, 81, 55, 0, 94, 2, 72]|[2, 1, 2, 1, 1, 2, 1, 1, 1, 1, 1, 0, 2, 2, 1, 2, 0, 0, 0, 2, 2, 1, 0, 2, 0, 2, 2, 1, 0, 1, 1, 1, 0, 0, 1, 0, 2, 1, 2, 2, 0, 0, 1, 1, 0, 2, 0, 2, 1, 0, 0, 2, 0, 0, 2, 0, 1, 1, 0, 0, 1, 1, 0, 2, 2, 0, 2, 2, 0, 1, 2, 1, 1, 2, 0, 1, 1, 1, 1, 0, 2, 1, 1, 1, 1, 0, 0, 0, 1, 0, 1, 1, 1, 1, 1, 0, 0, 1, 2, 1]|[0, 3, 0, 2, 4, 1, 4, 4, 2, 4, 3, 2, 1, 0, 2, 1, 1, 1, 2, 1, 1, 3, 0, 1, 0, 1, 1, 4, 1, 4, 3, 2, 2, 0, 4, 1, 1, 4, 0, 1, 2, 1, 4, 4, 1, 1, 0, 2, 3, 1, 2, 1, 2, 1, 1, 2, 4, 3, 0, 2, 3, 3, 1, 0, 1, 2, 0, 1, 2, 4, 1, 3, 4, 1, 2, 4, 3, 3, 3, 2, 1, 4, 3, 4, 3, 2, 2, 2, 4, 2, 3, 3, 4, 4, 1, 2, 2, 4, 1, 4]|[0, 2, 0, 1, 3, 0, 1, 3, 0, 0, 2, 0, 1, 0, 1, 0, 0, 0, 1, 0, 0, 2, 0, 0, 1, 0, 0, 3, 0, 1, 0, 2, 0, 0, 3, 0, 1, 3, 1, 0, 0, 0, 1, 3, 0, 0, 1, 0, 2, 0, 0, 0, 0, 0, 1, 0, 1, 0, 1, 1, 2, 2, 0, 0, 0, 0, 0, 0, 0, 2, 0, 0, 1, 0, 0, 1, 0, 0, 3, 0, 0, 1, 0, 3, 0, 0, 0, 0, 2, 0, 0, 0, 1, 3, 1, 0, 0, 2, 0, 2],918.5349760917882,51468.548061908,110087.41095170133,false
13,G3_TWC,G3_TWC,[31, 22, 82, 15, 26, 9, 95, 42, 77, 12, 47, 5, 93, 78, 86, 54, 85, 63, 18, 44, 20, 35, 43, 97, 91, 76, 10, 30, 21, 45, 71, 64, 1, 23, 17, 83, 24, 14, 60, 36, 41, 57, 40, 88, 65, 56, 79, 94, 67, 68, 46, 75, 38, 58, 19, 32, 81, 6, 27, 62, 87, 90, 99, 59, 11, 16, 72, 73, 69, 39, 37, 84, 3, 92, 25, 55, 28, 29, 51, 7, 66, 61, 98, 48, 89, 8, 33, 96, 53, 80, 50, 4, 34, 2, 52, 13, 0, 70, 74, 49]|[1, 1, 0, 1, 1, 0, 1, 2, 2, 1, 2, 2, 2, 1, 1, 0, 0, 1, 0, 2, 2, 0, 1, 2, 0, 1, 2, 2, 0, 0, 1, 2, 1, 2, 1, 0, 2, 0, 1, 1, 0, 1, 1, 1, 0, 2, 1, 1, 0, 0, 0, 0, 1, 1, 2, 1, 2, 0, 0, 0, 2, 1, 0, 1, 2, 1, 2, 1, 1, 1, 1, 1, 1, 0, 1, 1, 0, 0, 0, 1, 2, 1, 2, 0, 1, 0, 2, 0, 0, 0, 0, 0, 2, 0, 1, 0, 0, 1, 2, 0]|[4, 3, 2, 2, 4, 1, 2, 2, 2, 4, 1, 1, 2, 4, 4, 1, 2, 4, 2, 1, 1, 1, 1, 2, 1, 2, 1, 1, 1, 1, 3, 2, 3, 0, 4, 0, 1, 1, 0, 3, 2, 2, 2, 0, 1, 1, 0, 4, 0, 1, 2, 2, 1, 4, 0, 3, 2, 1, 1, 2, 1, 3, 1, 1, 1, 3, 0, 4, 3, 1, 4, 1, 1, 0, 4, 4, 2, 1, 1, 1, 1, 3, 1, 1, 1, 1, 1, 1, 2, 1, 1, 2, 1, 2, 1, 2, 2, 4, 1, 1]|[0, 2, 1, 1, 3, 0, 1, 0, 0, 0, 0, 0, 1, 0, 1, 0, 0, 3, 1, 0, 0, 0, 3, 1, 0, 2, 0, 0, 0, 1, 0, 0, 0, 0, 3, 0, 1, 0, 0, 2, 1, 1, 1, 0, 0, 0, 0, 2, 1, 0, 0, 0, 1, 3, 0, 0, 1, 0, 0, 1, 0, 2, 0, 1, 0, 2, 1, 0, 0, 1, 1, 3, 1, 1, 3, 3, 1, 0, 0, 2, 0, 0, 0, 0, 1, 0, 0, 0, 1, 0, 0, 1, 0, 0, 1, 0, 0, 2, 0, 1],828.6150361188287,57498.909092636255,92558.71763620913,false
13,G1_CMAX,G2_TEC,[31, 22, 82, 15, 26, 9, 95, 42, 77, 68, 47, 5, 93, 78, 86, 54, 85, 63, 18, 44, 20, 49, 36, 14, 74, 50, 53, 17, 21, 28, 71, 64, 3, 23, 30, 83, 24, 41, 60, 52, 65, 27, 90, 70, 39, 87, 48, 69, 99, 4, 46, 1, 13, 58, 97, 59, 45, 8, 73, 37, 35, 79, 11, 66, 76, 57, 40, 80, 96, 6, 16, 61, 33, 98, 32, 81, 62, 67, 10, 7, 56, 88, 51, 19, 91, 38, 75, 92, 94, 84, 2, 12, 29, 43, 34, 55, 0, 25, 89, 72]|[2, 1, 2, 1, 1, 2, 1, 1, 1, 1, 1, 0, 2, 2, 1, 2, 0, 0, 0, 2, 2, 1, 0, 2, 0, 2, 2, 1, 0, 1, 1, 1, 0, 0, 1, 0, 2, 1, 2, 2, 0, 0, 1, 1, 0, 2, 0, 2, 1, 0, 0, 2, 0, 0, 2, 0, 1, 1, 0, 0, 2, 1, 0, 2, 2, 0, 2, 2, 0, 1, 2, 1, 1, 0, 0, 1, 1, 1, 1, 2, 2, 1, 1, 1, 1, 0, 0, 0, 1, 0, 2, 1, 1, 1, 1, 0, 0, 1, 1, 1]|[0, 3, 0, 2, 4, 1, 4, 4, 2, 4, 3, 2, 1, 0, 2, 1, 1, 1, 2, 1, 1, 3, 0, 1, 0, 1, 1, 4, 1, 4, 3, 2, 2, 0, 4, 1, 1, 4, 0, 1, 2, 1, 4, 4, 1, 1, 0, 2, 3, 1, 2, 1, 2, 1, 1, 2, 4, 3, 0, 2, 2, 3, 1, 0, 1, 0, 0, 1, 2, 4, 1, 3, 4, 2, 2, 4, 3, 3, 3, 1, 1, 4, 3, 4, 3, 2, 2, 2, 4, 2, 1, 3, 3, 4, 1, 2, 2, 4, 4, 4]|[0, 2, 0, 1, 3, 0, 1, 3, 0, 0, 2, 0, 1, 0, 1, 0, 0, 0, 1, 0, 0, 2, 0, 0, 1, 0, 0, 3, 0, 1, 0, 2, 0, 0, 3, 0, 1, 3, 1, 0, 0, 0, 1, 3, 0, 0, 1, 0, 2, 0, 0, 0, 0, 0, 1, 0, 1, 0, 1, 1, 0, 2, 0, 0, 0, 1, 0, 0, 0, 2, 0, 0, 1, 0, 0, 2, 0, 0, 3, 0, 0, 1, 0, 3, 0, 0, 0, 0, 2, 0, 0, 0, 0, 2, 1, 0, 0, 3, 1, 2],891.9170691245745,51958.9595481782,110306.5471952405,true
13,G4_BALANCED,G4_BALANCED,[31, 22, 82, 15, 26, 58, 95, 42, 77, 12, 47, 5, 93, 78, 86, 54, 85, 63, 18, 44, 20, 35, 43, 97, 66, 76, 10, 30, 21, 45, 71, 1, 23, 64, 17, 83, 24, 14, 60, 36, 6, 57, 40, 88, 65, 56, 79, 94, 67, 68, 46, 75, 38, 9, 19, 32, 81, 41, 27, 62, 87, 90, 99, 59, 11, 16, 72, 73, 70, 39, 37, 84, 3, 92, 25, 34, 28, 29, 51, 7, 91, 61, 8, 48, 89, 50, 4, 96, 53, 80, 98, 33, 55, 2, 52, 13, 0, 69, 74, 49]|[1, 1, 0, 1, 1, 0, 1, 2, 2, 1, 2, 2, 2, 1, 1, 0, 0, 1, 0, 2, 2, 0, 1, 2, 2, 1, 2, 2, 0, 0, 1, 1, 2, 2, 1, 0, 2, 0, 1, 1, 0, 1, 1, 1, 0, 2, 1, 1, 0, 0, 0, 0, 1, 1, 2, 1, 2, 0, 0, 0, 2, 1, 0, 1, 2, 1, 2, 1, 1, 1, 1, 1, 1, 0, 1, 2, 0, 0, 0, 1, 0, 1, 0, 0, 1, 0, 1, 2, 0, 0, 2, 2, 2, 0, 1, 0, 0, 1, 2, 0]|[4, 3, 2, 2, 4, 1, 2, 2, 2, 4, 1, 1, 2, 4, 4, 1, 2, 4, 2, 1, 1, 1, 1, 2, 1, 2, 1, 1, 1, 1, 3, 3, 1, 1, 4, 0, 1, 1, 0, 3, 2, 2, 2, 0, 1, 1, 0, 4, 0, 1, 2, 2, 1, 4, 0, 3, 2, 1, 1, 2, 1, 3, 1, 1, 1, 3, 0, 4, 3, 1, 4, 1, 1, 0, 4, 1, 2, 1, 1, 1, 1, 3, 2, 1, 1, 1, 4, 1, 2, 1, 1, 1, 1, 2, 1, 2, 2, 4, 1, 1]|[0, 2, 1, 1, 3, 0, 1, 0, 0, 0, 0, 0, 1, 0, 1, 0, 0, 3, 1, 0, 0, 0, 3, 1, 0, 2, 0, 0, 0, 1, 0, 0, 0, 0, 3, 0, 1, 0, 0, 2, 1, 1, 1, 0, 0, 0, 0, 2, 1, 0, 0, 0, 1, 3, 0, 0, 1, 0, 0, 1, 0, 2, 0, 1, 0, 2, 1, 0, 0, 1, 1, 3, 1, 1, 3, 0, 1, 0, 0, 2, 0, 0, 1, 0, 1, 0, 0, 0, 1, 0, 0, 0, 0, 0, 1, 0, 0, 2, 0, 1],775.615804901732,56670.276257031204,93814.73668439088,false
13,G2_TEC,G2_TEC,[31, 22, 82, 15, 26, 9, 95, 42, 77, 68, 47, 5, 93, 78, 86, 54, 85, 63, 18, 44, 20, 49, 36, 14, 74, 50, 53, 17, 21, 28, 71, 64, 3, 23, 30, 83, 24, 41, 60, 52, 65, 27, 90, 70, 39, 87, 48, 69, 99, 4, 46, 1, 13, 58, 97, 59, 33, 8, 73, 37, 35, 79, 11, 66, 76, 32, 40, 80, 96, 6, 16, 61, 45, 7, 57, 34, 12, 67, 10, 98, 56, 88, 29, 19, 91, 38, 75, 92, 43, 84, 51, 62, 89, 25, 81, 55, 0, 94, 2, 72]|[2, 1, 2, 1, 1, 2, 1, 1, 1, 1, 1, 0, 2, 2, 1, 2, 0, 0, 0, 2, 2, 1, 0, 2, 0, 2, 2, 1, 0, 1, 1, 1, 0, 0, 1, 0, 2, 1, 2, 2, 0, 0, 1, 1, 0, 2, 0, 2, 1, 0, 0, 2, 0, 0, 2, 0, 1, 1, 0, 0, 1, 1, 0, 2, 2, 0, 2, 2, 0, 1, 2, 1, 1, 2, 0, 1, 1, 1, 1, 0, 2, 1, 1, 1, 1, 0, 0, 0, 1, 0, 1, 1, 1, 1, 1, 0, 0, 1, 2, 1]|[0, 3, 0, 2, 4, 1, 4, 4, 2, 4, 3, 2, 1, 0, 2, 1, 1, 1, 2, 1, 1, 3, 0, 1, 0, 1, 1, 4, 1, 4, 3, 2, 2, 0, 4, 1, 1, 4, 0, 1, 2, 1, 4, 4, 1, 1, 0, 2, 3, 1, 2, 1, 2, 1, 1, 2, 4, 3, 0, 2, 3, 3, 1, 0, 1, 2, 0, 1, 2, 4, 1, 3, 4, 1, 2, 4, 3, 3, 3, 2, 1, 4, 3, 4, 3, 2, 2, 2, 4, 2, 3, 3, 4, 4, 1, 2, 2, 4, 1, 4]|[0, 2, 0, 1, 3, 0, 1, 3, 0, 0, 2, 0, 1, 0, 1, 0, 0, 0, 1, 0, 0, 2, 0, 0, 1, 0, 0, 3, 0, 1, 0, 2, 0, 0, 3, 0, 1, 3, 1, 0, 0, 0, 1, 3, 0, 0, 1, 0, 2, 0, 0, 0, 0, 0, 1, 0, 1, 0, 1, 1, 2, 2, 0, 0, 0, 0, 0, 0, 0, 2, 0, 0, 1, 0, 0, 1, 0, 0, 3, 0, 0, 1, 0, 3, 0, 0, 0, 0, 2, 0, 0, 0, 1, 3, 1, 0, 0, 2, 0, 2],918.5349760917882,51468.548061908,110087.41095170133,false
13,G3_TWC,G3_TWC,[31, 22, 82, 15, 26, 9, 95, 42, 77, 12, 47, 5, 93, 78, 86, 54, 85, 63, 18, 44, 20, 35, 43, 97, 91, 76, 10, 30, 21, 45, 71, 64, 1, 23, 17, 83, 24, 14, 60, 36, 41, 57, 40, 88, 65, 56, 79, 94, 67, 68, 46, 75, 38, 58, 19, 32, 81, 6, 27, 62, 87, 90, 99, 59, 11, 16, 72, 73, 69, 39, 37, 84, 3, 92, 25, 55, 28, 29, 51, 7, 66, 61, 98, 48, 89, 8, 33, 96, 53, 80, 50, 4, 34, 2, 52, 13, 0, 70, 74, 49]|[1, 1, 0, 1, 1, 0, 1, 2, 2, 1, 2, 2, 2, 1, 1, 0, 0, 1, 0, 2, 2, 0, 1, 2, 0, 1, 2, 2, 0, 0, 1, 2, 1, 2, 1, 0, 2, 0, 1, 1, 0, 1, 1, 1, 0, 2, 1, 1, 0, 0, 0, 0, 1, 1, 2, 1, 2, 0, 0, 0, 2, 1, 0, 1, 2, 1, 2, 1, 1, 1, 1, 1, 1, 0, 1, 1, 0, 0, 0, 1, 2, 1, 2, 0, 1, 0, 2, 0, 0, 0, 0, 0, 2, 0, 1, 0, 0, 1, 2, 0]|[4, 3, 2, 2, 4, 1, 2, 2, 2, 4, 1, 1, 2, 4, 4, 1, 2, 4, 2, 1, 1, 1, 1, 2, 1, 2, 1, 1, 1, 1, 3, 2, 3, 0, 4, 0, 1, 1, 0, 3, 2, 2, 2, 0, 1, 1, 0, 4, 0, 1, 2, 2, 1, 4, 0, 3, 2, 1, 1, 2, 1, 3, 1, 1, 1, 3, 0, 4, 3, 1, 4, 1, 1, 0, 4, 4, 2, 1, 1, 1, 1, 3, 1, 1, 1, 1, 1, 1, 2, 1, 1, 2, 1, 2, 1, 2, 2, 4, 1, 1]|[0, 2, 1, 1, 3, 0, 1, 0, 0, 0, 0, 0, 1, 0, 1, 0, 0, 3, 1, 0, 0, 0, 3, 1, 0, 2, 0, 0, 0, 1, 0, 0, 0, 0, 3, 0, 1, 0, 0, 2, 1, 1, 1, 0, 0, 0, 0, 2, 1, 0, 0, 0, 1, 3, 0, 0, 1, 0, 0, 1, 0, 2, 0, 1, 0, 2, 1, 0, 0, 1, 1, 3, 1, 1, 3, 3, 1, 0, 0, 2, 0, 0, 0, 0, 1, 0, 0, 0, 1, 0, 0, 1, 0, 0, 1, 0, 0, 2, 0, 1],828.6150361188287,57498.909092636255,92558.71763620913,false
13,G1_CMAX,G4_BALANCED,[31, 22, 82, 15, 26, 58, 95, 42, 77, 12, 47, 5, 93, 78, 86, 54, 85, 63, 18, 44, 20, 35, 43, 97, 66, 76, 10, 30, 21, 45, 71, 64, 1, 23, 17, 83, 24, 14, 60, 36, 6, 57, 40, 88, 65, 56, 79, 94, 67, 68, 46, 75, 38, 9, 19, 32, 81, 41, 27, 62, 87, 90, 99, 59, 11, 16, 72, 73, 70, 39, 37, 84, 3, 92, 25, 55, 28, 29, 51, 7, 91, 61, 98, 48, 89, 8, 4, 96, 53, 80, 50, 33, 34, 2, 52, 13, 0, 69, 74, 49]|[1, 1, 0, 1, 1, 0, 1, 2, 1, 1, 2, 2, 2, 1, 1, 0, 0, 1, 0, 2, 2, 0, 1, 2, 2, 1, 2, 2, 0, 0, 1, 2, 1, 2, 1, 0, 2, 0, 1, 1, 0, 1, 1, 1, 0, 2, 1, 1, 0, 0, 0, 0, 1, 1, 2, 1, 2, 0, 0, 0, 2, 1, 0, 1, 2, 1, 2, 1, 1, 1, 1, 1, 1, 0, 1, 2, 0, 0, 0, 1, 0, 1, 2, 0, 1, 1, 1, 2, 0, 0, 0, 2, 2, 0, 1, 0, 0, 1, 2, 0]|[4, 3, 2, 2, 4, 1, 2, 2, 0, 4, 1, 1, 2, 4, 4, 1, 2, 4, 2, 1, 1, 1, 1, 2, 1, 2, 1, 1, 1, 1, 3, 2, 3, 1, 4, 0, 1, 1, 0, 3, 2, 2, 2, 0, 1, 1, 0, 4, 0, 1, 2, 2, 1, 4, 0, 3, 2, 1, 1, 2, 1, 3, 1, 1, 1, 3, 0, 4, 3, 1, 4, 1, 1, 0, 4, 1, 2, 1, 1, 1, 1, 3, 1, 1, 1, 3, 4, 1, 2, 1, 1, 1, 1, 2, 1, 2, 2, 4, 1, 1]|[0, 2, 1, 1, 3, 0, 1, 0, 3, 0, 0, 0, 1, 0, 1, 0, 0, 3, 1, 0, 0, 0, 3, 1, 0, 2, 0, 0, 0, 1, 0, 0, 0, 0, 3, 0, 1, 0, 0, 2, 1, 1, 1, 0, 0, 0, 0, 2, 1, 0, 0, 0, 1, 3, 0, 0, 1, 0, 0, 1, 0, 2, 0, 1, 0, 2, 1, 0, 0, 1, 1, 3, 1, 1, 3, 0, 1, 0, 0, 2, 0, 0, 0, 0, 1, 2, 0, 0, 1, 0, 0, 0, 0, 0, 1, 0, 0, 2, 0, 1],749.6661274980831,57442.968671722796,94404.31522485925,true
13,G4_BALANCED,G4_BALANCED,[31, 22, 82, 15, 26, 58, 95, 42, 77, 12, 47, 5, 93, 78, 86, 54, 85, 63, 18, 44, 20, 35, 43, 97, 66, 76, 10, 30, 21, 45, 71, 1, 23, 64, 17, 83, 24, 14, 60, 36, 6, 57, 40, 88, 65, 56, 79, 94, 67, 68, 46, 75, 38, 9, 19, 32, 81, 41, 27, 62, 87, 90, 99, 59, 11, 16, 72, 73, 70, 39, 37, 84, 3, 92, 25, 34, 28, 29, 51, 7, 91, 61, 8, 48, 89, 50, 4, 96, 53, 80, 98, 33, 55, 2, 52, 13, 0, 69, 74, 49]|[1, 1, 0, 1, 1, 0, 1, 2, 2, 1, 2, 2, 2, 1, 1, 0, 0, 1, 0, 2, 2, 0, 1, 2, 2, 1, 2, 2, 0, 0, 1, 1, 2, 2, 1, 0, 2, 0, 1, 1, 0, 1, 1, 1, 0, 2, 1, 1, 0, 0, 0, 0, 1, 1, 2, 1, 2, 0, 0, 0, 2, 1, 0, 1, 2, 1, 2, 1, 1, 1, 1, 1, 1, 0, 1, 2, 0, 0, 0, 1, 0, 1, 0, 0, 1, 0, 1, 2, 0, 0, 2, 2, 2, 0, 1, 0, 0, 1, 2, 0]|[4, 3, 2, 2, 4, 1, 2, 2, 2, 4, 1, 1, 2, 4, 4, 1, 2, 4, 2, 1, 1, 1, 1, 2, 1, 2, 1, 1, 1, 1, 3, 3, 1, 1, 4, 0, 1, 1, 0, 3, 2, 2, 2, 0, 1, 1, 0, 4, 0, 1, 2, 2, 1, 4, 0, 3, 2, 1, 1, 2, 1, 3, 1, 1, 1, 3, 0, 4, 3, 1, 4, 1, 1, 0, 4, 1, 2, 1, 1, 1, 1, 3, 2, 1, 1, 1, 4, 1, 2, 1, 1, 1, 1, 2, 1, 2, 2, 4, 1, 1]|[0, 2, 1, 1, 3, 0, 1, 0, 0, 0, 0, 0, 1, 0, 1, 0, 0, 3, 1, 0, 0, 0, 3, 1, 0, 2, 0, 0, 0, 1, 0, 0, 0, 0, 3, 0, 1, 0, 0, 2, 1, 1, 1, 0, 0, 0, 0, 2, 1, 0, 0, 0, 1, 3, 0, 0, 1, 0, 0, 1, 0, 2, 0, 1, 0, 2, 1, 0, 0, 1, 1, 3, 1, 1, 3, 0, 1, 0, 0, 2, 0, 0, 1, 0, 1, 0, 0, 0, 1, 0, 0, 0, 0, 0, 1, 0, 0, 2, 0, 1],775.615804901732,56670.276257031204,93814.73668439088,false
13,G2_TEC,G2_TEC,[31, 22, 82, 15, 26, 9, 95, 42, 77, 68, 47, 5, 93, 78, 86, 54, 85, 63, 18, 44, 20, 49, 36, 14, 74, 50, 53, 17, 21, 28, 71, 64, 3, 23, 30, 83, 24, 41, 60, 52, 65, 27, 90, 70, 39, 87, 48, 69, 99, 4, 46, 1, 13, 58, 97, 59, 33, 8, 73, 37, 35, 79, 11, 66, 76, 32, 40, 80, 96, 6, 16, 61, 45, 7, 57, 34, 12, 67, 10, 98, 56, 88, 29, 19, 91, 38, 75, 92, 43, 84, 51, 62, 89, 25, 81, 55, 0, 94, 2, 72]|[2, 1, 2, 1, 1, 2, 1, 1, 1, 1, 1, 0, 2, 2, 1, 2, 0, 0, 0, 2, 2, 1, 0, 2, 0, 2, 2, 1, 0, 1, 1, 1, 0, 0, 1, 0, 2, 1, 2, 2, 0, 0, 1, 1, 0, 2, 0, 2, 1, 0, 0, 2, 0, 0, 2, 0, 1, 1, 0, 0, 1, 1, 0, 2, 2, 0, 2, 2, 0, 1, 2, 1, 1, 2, 0, 1, 1, 1, 1, 0, 2, 1, 1, 1, 1, 0, 0, 0, 1, 0, 1, 1, 1, 1, 1, 0, 0, 1, 2, 1]|[0, 3, 0, 2, 4, 1, 4, 4, 2, 4, 3, 2, 1, 0, 2, 1, 1, 1, 2, 1, 1, 3, 0, 1, 0, 1, 1, 4, 1, 4, 3, 2, 2, 0, 4, 1, 1, 4, 0, 1, 2, 1, 4, 4, 1, 1, 0, 2, 3, 1, 2, 1, 2, 1, 1, 2, 4, 3, 0, 2, 3, 3, 1, 0, 1, 2, 0, 1, 2, 4, 1, 3, 4, 1, 2, 4, 3, 3, 3, 2, 1, 4, 3, 4, 3, 2, 2, 2, 4, 2, 3, 3, 4, 4, 1, 2, 2, 4, 1, 4]|[0, 2, 0, 1, 3, 0, 1, 3, 0, 0, 2, 0, 1, 0, 1, 0, 0, 0, 1, 0, 0, 2, 0, 0, 1, 0, 0, 3, 0, 1, 0, 2, 0, 0, 3, 0, 1, 3, 1, 0, 0, 0, 1, 3, 0, 0, 1, 0, 2, 0, 0, 0, 0, 0, 1, 0, 1, 0, 1, 1, 2, 2, 0, 0, 0, 0, 0, 0, 0, 2, 0, 0, 1, 0, 0, 1, 0, 0, 3, 0, 0, 1, 0, 3, 0, 0, 0, 0, 2, 0, 0, 0, 1, 3, 1, 0, 0, 2, 0, 2],918.5349760917882,51468.548061908,110087.41095170133,false
13,G3_TWC,G3_TWC,[31, 22, 82, 15, 26, 9, 95, 42, 77, 12, 47, 5, 93, 78, 86, 54, 85, 63, 18, 44, 20, 35, 43, 97, 91, 76, 10, 30, 21, 45, 71, 64, 1, 23, 17, 83, 24, 14, 60, 36, 41, 57, 40, 88, 65, 56, 79, 94, 67, 68, 46, 75, 38, 58, 19, 32, 81, 6, 27, 62, 87, 90, 99, 59, 11, 16, 72, 73, 69, 39, 37, 84, 3, 92, 25, 55, 28, 29, 51, 7, 66, 61, 98, 48, 89, 8, 33, 96, 53, 80, 50, 4, 34, 2, 52, 13, 0, 70, 74, 49]|[1, 1, 0, 1, 1, 0, 1, 2, 2, 1, 2, 2, 2, 1, 1, 0, 0, 1, 0, 2, 2, 0, 1, 2, 0, 1, 2, 2, 0, 0, 1, 2, 1, 2, 1, 0, 2, 0, 1, 1, 0, 1, 1, 1, 0, 2, 1, 1, 0, 0, 0, 0, 1, 1, 2, 1, 2, 0, 0, 0, 2, 1, 0, 1, 2, 1, 2, 1, 1, 1, 1, 1, 1, 0, 1, 1, 0, 0, 0, 1, 2, 1, 2, 0, 1, 0, 2, 0, 0, 0, 0, 0, 2, 0, 1, 0, 0, 1, 2, 0]|[4, 3, 2, 2, 4, 1, 2, 2, 2, 4, 1, 1, 2, 4, 4, 1, 2, 4, 2, 1, 1, 1, 1, 2, 1, 2, 1, 1, 1, 1, 3, 2, 3, 0, 4, 0, 1, 1, 0, 3, 2, 2, 2, 0, 1, 1, 0, 4, 0, 1, 2, 2, 1, 4, 0, 3, 2, 1, 1, 2, 1, 3, 1, 1, 1, 3, 0, 4, 3, 1, 4, 1, 1, 0, 4, 4, 2, 1, 1, 1, 1, 3, 1, 1, 1, 1, 1, 1, 2, 1, 1, 2, 1, 2, 1, 2, 2, 4, 1, 1]|[0, 2, 1, 1, 3, 0, 1, 0, 0, 0, 0, 0, 1, 0, 1, 0, 0, 3, 1, 0, 0, 0, 3, 1, 0, 2, 0, 0, 0, 1, 0, 0, 0, 0, 3, 0, 1, 0, 0, 2, 1, 1, 1, 0, 0, 0, 0, 2, 1, 0, 0, 0, 1, 3, 0, 0, 1, 0, 0, 1, 0, 2, 0, 1, 0, 2, 1, 0, 0, 1, 1, 3, 1, 1, 3, 3, 1, 0, 0, 2, 0, 0, 0, 0, 1, 0, 0, 0, 1, 0, 0, 1, 0, 0, 1, 0, 0, 2, 0, 1],828.6150361188287,57498.909092636255,92558.71763620913,false
13,G1_CMAX,G4_BALANCED,[31, 22, 82, 15, 26, 58, 95, 42, 77, 12, 47, 5, 93, 78, 86, 54, 85, 63, 18, 44, 20, 35, 43, 97, 66, 76, 10, 30, 21, 45, 71, 64, 1, 23, 17, 83, 24, 14, 60, 36, 6, 57, 40, 88, 65, 56, 79, 94, 67, 68, 46, 75, 38, 9, 19, 32, 81, 41, 27, 62, 87, 90, 99, 59, 11, 16, 72, 73, 70, 39, 37, 84, 3, 92, 25, 55, 28, 29, 51, 7, 91, 61, 98, 48, 89, 8, 4, 96, 53, 80, 50, 33, 34, 2, 52, 13, 0, 69, 74, 49]|[1, 1, 0, 1, 1, 0, 1, 2, 1, 1, 2, 2, 2, 1, 1, 0, 0, 1, 0, 2, 2, 0, 1, 2, 2, 1, 2, 2, 0, 0, 1, 2, 1, 2, 1, 0, 2, 0, 1, 1, 0, 1, 1, 1, 0, 2, 1, 1, 0, 0, 0, 0, 1, 1, 2, 1, 2, 0, 0, 0, 2, 1, 0, 1, 2, 1, 2, 1, 1, 1, 1, 1, 1, 0, 1, 2, 0, 0, 0, 1, 0, 1, 2, 0, 1, 1, 1, 2, 0, 0, 0, 2, 2, 0, 1, 0, 0, 1, 2, 0]|[4, 3, 2, 2, 4, 1, 2, 2, 0, 4, 1, 1, 2, 4, 4, 1, 2, 4, 2, 1, 1, 1, 1, 2, 1, 2, 1, 1, 1, 1, 3, 2, 3, 1, 4, 0, 1, 1, 0, 3, 2, 2, 2, 0, 1, 1, 0, 4, 0, 1, 2, 2, 1, 4, 0, 3, 2, 1, 1, 2, 1, 3, 1, 1, 1, 3, 0, 4, 3, 1, 4, 1, 1, 0, 4, 1, 2, 1, 1, 1, 1, 3, 1, 1, 1, 3, 4, 1, 2, 1, 1, 1, 1, 2, 1, 2, 2, 4, 1, 1]|[0, 2, 1, 1, 3, 0, 1, 0, 3, 0, 0, 0, 1, 0, 1, 0, 0, 3, 1, 0, 0, 0, 3, 1, 0, 2, 0, 0, 0, 1, 0, 0, 0, 0, 3, 0, 1, 0, 0, 2, 1, 1, 1, 0, 0, 0, 0, 2, 1, 0, 0, 0, 1, 3, 0, 0, 1, 0, 0, 1, 0, 2, 0, 1, 0, 2, 1, 0, 0, 1, 1, 3, 1, 1, 3, 0, 1, 0, 0, 2, 0, 0, 0, 0, 1, 2, 0, 0, 1, 0, 0, 0, 0, 0, 1, 0, 0, 2, 0, 1],749.6661274980831,57442.968671722796,94404.31522485925,true
13,G4_BALANCED,G4_BALANCED,[31, 22, 82, 15, 26, 58, 95, 42, 77, 12, 47, 5, 93, 78, 86, 54, 85, 63, 18, 44, 20, 35, 43, 97, 66, 76, 10, 30, 21, 45, 71, 1, 23, 64, 17, 83, 24, 14, 60, 36, 6, 57, 40, 88, 65, 56, 79, 94, 67, 68, 46, 75, 38, 9, 19, 32, 81, 41, 27, 62, 87, 90, 99, 59, 11, 16, 72, 73, 70, 39, 37, 84, 3, 92, 25, 34, 28, 29, 51, 7, 91, 61, 8, 48, 89, 50, 4, 96, 53, 80, 98, 33, 55, 2, 52, 13, 0, 69, 74, 49]|[1, 1, 0, 1, 1, 0, 1, 2, 2, 1, 2, 2, 2, 1, 1, 0, 0, 1, 0, 2, 2, 0, 1, 2, 2, 1, 2, 2, 0, 0, 1, 1, 2, 2, 1, 0, 2, 0, 1, 1, 0, 1, 1, 1, 0, 2, 1, 1, 0, 0, 0, 0, 1, 1, 2, 1, 2, 0, 0, 0, 2, 1, 0, 1, 2, 1, 2, 1, 1, 1, 1, 1, 1, 0, 1, 2, 0, 0, 0, 1, 0, 1, 0, 0, 1, 0, 1, 2, 0, 0, 2, 2, 2, 0, 1, 0, 0, 1, 2, 0]|[4, 3, 2, 2, 4, 1, 2, 2, 2, 4, 1, 1, 2, 4, 4, 1, 2, 4, 2, 1, 1, 1, 1, 2, 1, 2, 1, 1, 1, 1, 3, 3, 1, 1, 4, 0, 1, 1, 0, 3, 2, 2, 2, 0, 1, 1, 0, 4, 0, 1, 2, 2, 1, 4, 0, 3, 2, 1, 1, 2, 1, 3, 1, 1, 1, 3, 0, 4, 3, 1, 4, 1, 1, 0, 4, 1, 2, 1, 1, 1, 1, 3, 2, 1, 1, 1, 4, 1, 2, 1, 1, 1, 1, 2, 1, 2, 2, 4, 1, 1]|[0, 2, 1, 1, 3, 0, 1, 0, 0, 0, 0, 0, 1, 0, 1, 0, 0, 3, 1, 0, 0, 0, 3, 1, 0, 2, 0, 0, 0, 1, 0, 0, 0, 0, 3, 0, 1, 0, 0, 2, 1, 1, 1, 0, 0, 0, 0, 2, 1, 0, 0, 0, 1, 3, 0, 0, 1, 0, 0, 1, 0, 2, 0, 1, 0, 2, 1, 0, 0, 1, 1, 3, 1, 1, 3, 0, 1, 0, 0, 2, 0, 0, 1, 0, 1, 0, 0, 0, 1, 0, 0, 0, 0, 0, 1, 0, 0, 2, 0, 1],775.615804901732,56670.276257031204,93814.73668439088,false
13,G2_TEC,G2_TEC,[31, 22, 82, 15, 26, 9, 95, 42, 77, 68, 47, 5, 93, 78, 86, 54, 85, 63, 18, 44, 20, 49, 36, 14, 74, 50, 53, 17, 21, 28, 71, 64, 3, 23, 30, 83, 24, 41, 60, 52, 65, 27, 90, 70, 39, 87, 48, 69, 99, 4, 46, 1, 13, 58, 97, 59, 33, 8, 73, 37, 35, 79, 11, 66, 76, 32, 40, 80, 96, 6, 16, 61, 45, 7, 57, 34, 12, 67, 10, 98, 56, 88, 29, 19, 91, 38, 75, 92, 43, 84, 51, 62, 89, 25, 81, 55, 0, 94, 2, 72]|[2, 1, 2, 1, 1, 2, 1, 1, 1, 1, 1, 0, 2, 2, 1, 2, 0, 0, 0, 2, 2, 1, 0, 2, 0, 2, 2, 1, 0, 1, 1, 1, 0, 0, 1, 0, 2, 1, 2, 2, 0, 0, 1, 1, 0, 2, 0, 2, 1, 0, 0, 2, 0, 0, 2, 0, 1, 1, 0, 0, 1, 1, 0, 2, 2, 0, 2, 2, 0, 1, 2, 1, 1, 2, 0, 1, 1, 1, 1, 0, 2, 1, 1, 1, 1, 0, 0, 0, 1, 0, 1, 1, 1, 1, 1, 0, 0, 1, 2, 1]|[0, 3, 0, 2, 4, 1, 4, 4, 2, 4, 3, 2, 1, 0, 2, 1, 1, 1, 2, 1, 1, 3, 0, 1, 0, 1, 1, 4, 1, 4, 3, 2, 2, 0, 4, 1, 1, 4, 0, 1, 2, 1, 4, 4, 1, 1, 0, 2, 3, 1, 2, 1, 2, 1, 1, 2, 4, 3, 0, 2, 3, 3, 1, 0, 1, 2, 0, 1, 2, 4, 1, 3, 4, 1, 2, 4, 3, 3, 3, 2, 1, 4, 3, 4, 3, 2, 2, 2, 4, 2, 3, 3, 4, 4, 1, 2, 2, 4, 1, 4]|[0, 2, 0, 1, 3, 0, 1, 3, 0, 0, 2, 0, 1, 0, 1, 0, 0, 0, 1, 0, 0, 2, 0, 0, 1, 0, 0, 3, 0, 1, 0, 2, 0, 0, 3, 0, 1, 3, 1, 0, 0, 0, 1, 3, 0, 0, 1, 0, 2, 0, 0, 0, 0, 0, 1, 0, 1, 0, 1, 1, 2, 2, 0, 0, 0, 0, 0, 0, 0, 2, 0, 0, 1, 0, 0, 1, 0, 0, 3, 0, 0, 1, 0, 3, 0, 0, 0, 0, 2, 0, 0, 0, 1, 3, 1, 0, 0, 2, 0, 2],918.5349760917882,51468.548061908,110087.41095170133,false
13,G3_TWC,G3_TWC,[31, 22, 82, 15, 26, 9, 95, 42, 77, 12, 47, 5, 93, 78, 86, 54, 85, 63, 18, 44, 20, 35, 43, 97, 91, 76, 10, 30, 21, 45, 71, 64, 1, 23, 17, 83, 24, 14, 60, 36, 41, 57, 40, 88, 65, 56, 79, 94, 67, 68, 46, 75, 38, 58, 19, 32, 81, 6, 27, 62, 87, 90, 99, 59, 11, 16, 72, 73, 69, 39, 37, 84, 3, 92, 25, 55, 28, 29, 51, 7, 66, 61, 98, 48, 89, 8, 33, 96, 53, 80, 50, 4, 34, 2, 52, 13, 0, 70, 74, 49]|[1, 1, 0, 1, 1, 0, 1, 2, 2, 1, 2, 2, 2, 1, 1, 0, 0, 1, 0, 2, 2, 0, 1, 2, 0, 1, 2, 2, 0, 0, 1, 2, 1, 2, 1, 0, 2, 0, 1, 1, 0, 1, 1, 1, 0, 2, 1, 1, 0, 0, 0, 0, 1, 1, 2, 1, 2, 0, 0, 0, 2, 1, 0, 1, 2, 1, 2, 1, 1, 1, 1, 1, 1, 0, 1, 1, 0, 0, 0, 1, 2, 1, 2, 0, 1, 0, 2, 0, 0, 0, 0, 0, 2, 0, 1, 0, 0, 1, 2, 0]|[4, 3, 2, 2, 4, 1, 2, 2, 2, 4, 1, 1, 2, 4, 4, 1, 2, 4, 2, 1, 1, 1, 1, 2, 1, 2, 1, 1, 1, 1, 3, 2, 3, 0, 4, 0, 1, 1, 0, 3, 2, 2, 2, 0, 1, 1, 0, 4, 0, 1, 2, 2, 1, 4, 0, 3, 2, 1, 1, 2, 1, 3, 1, 1, 1, 3, 0, 4, 3, 1, 4, 1, 1, 0, 4, 4, 2, 1, 1, 1, 1, 3, 1, 1, 1, 1, 1, 1, 2, 1, 1, 2, 1, 2, 1, 2, 2, 4, 1, 1]|[0, 2, 1, 1, 3, 0, 1, 0, 0, 0, 0, 0, 1, 0, 1, 0, 0, 3, 1, 0, 0, 0, 3, 1, 0, 2, 0, 0, 0, 1, 0, 0, 0, 0, 3, 0, 1, 0, 0, 2, 1, 1, 1, 0, 0, 0, 0, 2, 1, 0, 0, 0, 1, 3, 0, 0, 1, 0, 0, 1, 0, 2, 0, 1, 0, 2, 1, 0, 0, 1, 1, 3, 1, 1, 3, 3, 1, 0, 0, 2, 0, 0, 0, 0, 1, 0, 0, 0, 1, 0, 0, 1, 0, 0, 1, 0, 0, 2, 0, 1],828.6150361188287,57498.909092636255,92558.71763620913,false
13,G1_CMAX,G3_TWC,[31, 22, 82, 15, 26, 9, 95, 42, 77, 12, 47, 5, 93, 78, 86, 54, 85, 63, 18, 44, 20, 35, 43, 97, 91, 76, 10, 30, 21, 45, 71, 64, 1, 23, 17, 83, 24, 14, 60, 36, 41, 57, 40, 88, 65, 56, 79, 94, 67, 68, 46, 75, 38, 58, 19, 32, 81, 6, 27, 62, 87, 90, 99, 59, 11, 16, 72, 73, 69, 39, 37, 84, 3, 92, 25, 55, 28, 29, 51, 7, 66, 61, 98, 48, 89, 8, 33, 96, 53, 80, 50, 4, 34, 2, 52, 13, 0, 70, 74, 49]|[1, 1, 0, 1, 1, 0, 1, 2, 2, 1, 2, 2, 2, 1, 1, 0, 0, 1, 0, 2, 2, 0, 1, 2, 0, 1, 2, 2, 0, 0, 1, 2, 1, 2, 1, 0, 2, 0, 1, 1, 0, 1, 1, 1, 0, 2, 1, 1, 0, 0, 0, 0, 1, 1, 2, 1, 2, 0, 0, 0, 2, 1, 0, 1, 2, 1, 2, 1, 1, 1, 1, 1, 1, 0, 1, 1, 0, 0, 0, 1, 2, 1, 2, 0, 1, 0, 2, 0, 0, 0, 0, 0, 2, 0, 1, 0, 0, 1, 2, 0]|[4, 3, 2, 2, 4, 1, 2, 2, 2, 4, 1, 1, 2, 4, 4, 1, 2, 4, 2, 1, 1, 1, 1, 2, 1, 2, 1, 1, 1, 1, 3, 2, 3, 0, 4, 0, 1, 1, 0, 3, 2, 2, 2, 0, 1, 1, 0, 4, 0, 1, 2, 2, 1, 4, 0, 3, 2, 1, 1, 2, 1, 3, 1, 1, 1, 3, 0, 4, 3, 1, 4, 1, 1, 0, 4, 4, 2, 1, 1, 1, 1, 3, 1, 1, 1, 1, 1, 1, 2, 1, 1, 2, 1, 2, 1, 2, 2, 4, 1, 1]|[0, 2, 1, 1, 3, 0, 1, 0, 0, 0, 0, 0, 1, 0, 1, 0, 0, 3, 1, 0, 0, 0, 3, 1, 0, 2, 0, 0, 0, 1, 0, 0, 0, 0, 3, 0, 1, 0, 0, 2, 1, 1, 1, 0, 0, 0, 0, 2, 1, 0, 0, 0, 1, 3, 0, 0, 1, 0, 0, 1, 0, 2, 0, 1, 0, 2, 1, 0, 0, 1, 1, 3, 1, 1, 3, 3, 1, 0, 0, 2, 0, 0, 0, 0, 1, 0, 0, 0, 1, 0, 0, 1, 0, 0, 1, 0, 0, 2, 0, 1],828.6150361188287,57498.909092636255,92558.71763620913,true
13,G4_BALANCED,G2_TEC,[31, 22, 82, 15, 26, 9, 95, 42, 77, 68, 47, 5, 93, 78, 86, 54, 85, 63, 18, 44, 20, 49, 36, 14, 74, 50, 53, 17, 21, 28, 71, 64, 3, 23, 30, 83, 24, 41, 60, 52, 65, 27, 90, 70, 39, 87, 48, 69, 99, 4, 46, 1, 13, 58, 97, 59, 33, 8, 73, 37, 35, 79, 11, 66, 76, 32, 40, 80, 96, 6, 16, 61, 45, 7, 57, 34, 12, 67, 10, 98, 56, 88, 29, 19, 91, 38, 75, 92, 43, 84, 51, 62, 89, 25, 81, 55, 0, 94, 2, 72]|[2, 1, 2, 1, 1, 2, 1, 1, 1, 1, 1, 0, 2, 2, 1, 2, 0, 0, 0, 2, 2, 1, 0, 2, 0, 2, 2, 1, 0, 1, 1, 1, 0, 0, 1, 0, 2, 1, 2, 2, 0, 0, 1, 1, 0, 2, 0, 2, 1, 0, 0, 2, 0, 0, 2, 0, 1, 1, 0, 0, 1, 1, 0, 2, 2, 0, 2, 2, 0, 1, 2, 1, 1, 2, 0, 1, 1, 1, 1, 0, 2, 1, 1, 1, 1, 0, 0, 0, 1, 0, 1, 1, 1, 1, 1, 0, 0, 1, 2, 1]|[0, 3, 0, 2, 4, 1, 4, 4, 2, 4, 3, 2, 1, 0, 2, 1, 1, 1, 2, 1, 1, 3, 0, 1, 0, 1, 1, 4, 1, 4, 3, 2, 2, 0, 4, 1, 1, 4, 0, 1, 2, 1, 4, 4, 1, 1, 0, 2, 3, 1, 2, 1, 2, 1, 1, 2, 4, 3, 0, 2, 3, 3, 1, 0, 1, 2, 0, 1, 2, 4, 1, 3, 4, 1, 2, 4, 3, 3, 3, 2, 1, 4, 3, 4, 3, 2, 2, 2, 4, 2, 3, 3, 4, 4, 1, 2, 2, 4, 1, 4]|[0, 2, 0, 1, 3, 0, 1, 3, 0, 0, 2, 0, 1, 0, 1, 0, 0, 0, 1, 0, 0, 2, 0, 0, 1, 0, 0, 3, 0, 1, 0, 2, 0, 0, 3, 0, 1, 3, 1, 0, 0, 0, 1, 3, 0, 0, 1, 0, 2, 0, 0, 0, 0, 0, 1, 0, 1, 0, 1, 1, 2, 2, 0, 0, 0, 0, 0, 0, 0, 2, 0, 0, 1, 0, 0, 1, 0, 0, 3, 0, 0, 1, 0, 3, 0, 0, 0, 0, 2, 0, 0, 0, 1, 3, 1, 0, 0, 2, 0, 2],918.5349760917882,51468.548061908,110087.41095170133,true
13,G2_TEC,G2_TEC,[31, 22, 82, 15, 26, 9, 95, 42, 77, 68, 47, 5, 93, 78, 86, 54, 85, 63, 18, 44, 20, 49, 36, 14, 74, 50, 53, 17, 21, 28, 71, 64, 3, 23, 30, 83, 24, 41, 60, 52, 65, 27, 90, 70, 39, 87, 48, 69, 99, 4, 46, 1, 13, 58, 97, 59, 33, 8, 73, 37, 35, 79, 11, 66, 76, 32, 40, 80, 96, 6, 16, 61, 45, 7, 57, 34, 12, 67, 10, 98, 56, 88, 29, 19, 91, 38, 75, 92, 43, 84, 51, 62, 89, 25, 81, 55, 0, 94, 2, 72]|[2, 1, 2, 1, 1, 2, 1, 1, 1, 1, 1, 0, 2, 2, 1, 2, 0, 0, 0, 2, 2, 1, 0, 2, 0, 2, 2, 1, 0, 1, 1, 1, 0, 0, 1, 0, 2, 1, 2, 2, 0, 0, 1, 1, 0, 2, 0, 2, 1, 0, 0, 2, 0, 0, 2, 0, 1, 1, 0, 0, 1, 1, 0, 2, 2, 0, 2, 2, 0, 1, 2, 1, 1, 2, 0, 1, 1, 1, 1, 0, 2, 1, 1, 1, 1, 0, 0, 0, 1, 0, 1, 1, 1, 1, 1, 0, 0, 1, 2, 1]|[0, 3, 0, 2, 4, 1, 4, 4, 2, 4, 3, 2, 1, 0, 2, 1, 1, 1, 2, 1, 1, 3, 0, 1, 0, 1, 1, 4, 1, 4, 3, 2, 2, 0, 4, 1, 1, 4, 0, 1, 2, 1, 4, 4, 1, 1, 0, 2, 3, 1, 2, 1, 2, 1, 1, 2, 4, 3, 0, 2, 3, 3, 1, 0, 1, 2, 0, 1, 2, 4, 1, 3, 4, 1, 2, 4, 3, 3, 3, 2, 1, 4, 3, 4, 3, 2, 2, 2, 4, 2, 3, 3, 4, 4, 1, 2, 2, 4, 1, 4]|[0, 2, 0, 1, 3, 0, 1, 3, 0, 0, 2, 0, 1, 0, 1, 0, 0, 0, 1, 0, 0, 2, 0, 0, 1, 0, 0, 3, 0, 1, 0, 2, 0, 0, 3, 0, 1, 3, 1, 0, 0, 0, 1, 3, 0, 0, 1, 0, 2, 0, 0, 0, 0, 0, 1, 0, 1, 0, 1, 1, 2, 2, 0, 0, 0, 0, 0, 0, 0, 2, 0, 0, 1, 0, 0, 1, 0, 0, 3, 0, 0, 1, 0, 3, 0, 0, 0, 0, 2, 0, 0, 0, 1, 3, 1, 0, 0, 2, 0, 2],918.5349760917882,51468.548061908,110087.41095170133,false
13,G3_TWC,G3_TWC,[31, 22, 82, 15, 26, 9, 95, 42, 77, 12, 47, 5, 93, 78, 86, 54, 85, 63, 18, 44, 20, 35, 43, 97, 91, 76, 10, 30, 21, 45, 71, 64, 1, 23, 17, 83, 24, 14, 60, 36, 41, 57, 40, 88, 65, 56, 79, 94, 67, 68, 46, 75, 38, 58, 19, 32, 81, 6, 27, 62, 87, 90, 99, 59, 11, 16, 72, 73, 69, 39, 37, 84, 3, 92, 25, 55, 28, 29, 51, 7, 66, 61, 98, 48, 89, 8, 33, 96, 53, 80, 50, 4, 34, 2, 52, 13, 0, 70, 74, 49]|[1, 1, 0, 1, 1, 0, 1, 2, 2, 1, 2, 2, 2, 1, 1, 0, 0, 1, 0, 2, 2, 0, 1, 2, 0, 1, 2, 2, 0, 0, 1, 2, 1, 2, 1, 0, 2, 0, 1, 1, 0, 1, 1, 1, 0, 2, 1, 1, 0, 0, 0, 0, 1, 1, 2, 1, 2, 0, 0, 0, 2, 1, 0, 1, 2, 1, 2, 1, 1, 1, 1, 1, 1, 0, 1, 1, 0, 0, 0, 1, 2, 1, 2, 0, 1, 0, 2, 0, 0, 0, 0, 0, 2, 0, 1, 0, 0, 1, 2, 0]|[4, 3, 2, 2, 4, 1, 2, 2, 2, 4, 1, 1, 2, 4, 4, 1, 2, 4, 2, 1, 1, 1, 1, 2, 1, 2, 1, 1, 1, 1, 3, 2, 3, 0, 4, 0, 1, 1, 0, 3, 2, 2, 2, 0, 1, 1, 0, 4, 0, 1, 2, 2, 1, 4, 0, 3, 2, 1, 1, 2, 1, 3, 1, 1, 1, 3, 0, 4, 3, 1, 4, 1, 1, 0, 4, 4, 2, 1, 1, 1, 1, 3, 1, 1, 1, 1, 1, 1, 2, 1, 1, 2, 1, 2, 1, 2, 2, 4, 1, 1]|[0, 2, 1, 1, 3, 0, 1, 0, 0, 0, 0, 0, 1, 0, 1, 0, 0, 3, 1, 0, 0, 0, 3, 1, 0, 2, 0, 0, 0, 1, 0, 0, 0, 0, 3, 0, 1, 0, 0, 2, 1, 1, 1, 0, 0, 0, 0, 2, 1, 0, 0, 0, 1, 3, 0, 0, 1, 0, 0, 1, 0, 2, 0, 1, 0, 2, 1, 0, 0, 1, 1, 3, 1, 1, 3, 3, 1, 0, 0, 2, 0, 0, 0, 0, 1, 0, 0, 0, 1, 0, 0, 1, 0, 0, 1, 0, 0, 2, 0, 1],828.6150361188287,57498.909092636255,92558.71763620913,false
13,G1_CMAX,G4_BALANCED,[31, 22, 82, 15, 26, 58, 95, 42, 77, 12, 47, 5, 93, 78, 86, 54, 85, 63, 18, 44, 20, 35, 43, 97, 66, 76, 10, 30, 21, 45, 71, 64, 1, 23, 17, 83, 24, 14, 60, 36, 6, 57, 40, 88, 65, 56, 79, 94, 67, 68, 46, 75, 38, 9, 19, 32, 81, 41, 27, 62, 87, 90, 99, 59, 11, 16, 72, 73, 70, 39, 37, 84, 3, 92, 25, 34, 28, 29, 51, 8, 91, 61, 98, 48, 89, 50, 7, 96, 53, 80, 4, 33, 55, 2, 52, 13, 0, 69, 74, 49]|[1, 1, 0, 1, 1, 0, 1, 2, 2, 1, 2, 2, 2, 1, 1, 0, 0, 1, 0, 2, 2, 0, 1, 2, 0, 1, 2, 2, 0, 0, 1, 2, 1, 2, 1, 0, 2, 0, 1, 1, 0, 1, 1, 1, 0, 2, 1, 1, 0, 0, 0, 0, 1, 1, 2, 1, 2, 0, 0, 0, 2, 1, 0, 1, 2, 1, 2, 1, 1, 1, 1, 1, 1, 0, 1, 2, 0, 0, 0, 1, 2, 1, 2, 0, 1, 0, 1, 0, 0, 0, 0, 0, 1, 0, 1, 0, 0, 1, 2, 0]|[4, 3, 2, 2, 4, 1, 2, 2, 2, 4, 1, 1, 2, 4, 4, 1, 2, 4, 2, 1, 1, 1, 1, 2, 1, 2, 1, 1, 1, 1, 3, 2, 3, 1, 4, 0, 1, 1, 0, 3, 2, 2, 2, 0, 1, 1, 0, 4, 0, 1, 2, 2, 1, 4, 0, 3, 1, 1, 1, 2, 1, 3, 1, 1, 1, 3, 0, 4, 3, 1, 4, 1, 1, 0, 4, 1, 2, 1, 1, 3, 1, 3, 1, 1, 1, 1, 1, 1, 2, 1, 2, 2, 4, 2, 1, 2, 2, 4, 1, 1]|[0, 2, 1, 1, 3, 0, 1, 0, 0, 0, 0, 0, 1, 0, 1, 0, 0, 3, 1, 0, 0, 0, 3, 1, 0, 2, 0, 0, 0, 1, 0, 0, 0, 0, 3, 0, 1, 0, 0, 2, 1, 1, 1, 0, 0, 0, 0, 2, 1, 0, 0, 0, 1, 3, 0, 0, 1, 0, 0, 1, 0, 2, 0, 1, 0, 2, 1, 0, 0, 1, 1, 3, 1, 1, 3, 0, 1, 0, 0, 2, 0, 0, 0, 0, 1, 0, 2, 0, 1, 0, 1, 1, 3, 0, 1, 0, 0, 2, 0, 1],822.1676221672585,56904.13452071896,93266.67327743256,true
13,G4_BALANCED,G4_BALANCED,[31, 22, 82, 15, 26, 58, 95, 42, 77, 12, 47, 5, 93, 78, 86, 54, 85, 63, 18, 44, 20, 35, 43, 97, 66, 76, 10, 30, 21, 45, 71, 1, 23, 64, 17, 83, 24, 14, 60, 36, 6, 57, 40, 88, 65, 56, 79, 94, 67, 68, 46, 75, 38, 9, 19, 32, 81, 41, 27, 62, 87, 90, 99, 59, 11, 16, 72, 73, 70, 39, 37, 84, 3, 92, 25, 34, 28, 29, 51, 7, 91, 61, 8, 48, 89, 50, 4, 96, 53, 80, 98, 33, 55, 2, 52, 13, 0, 69, 74, 49]|[1, 1, 0, 1, 1, 0, 1, 2, 2, 1, 2, 2, 2, 1, 1, 0, 0, 1, 0, 2, 2, 0, 1, 2, 2, 1, 2, 2, 0, 0, 1, 1, 2, 2, 1, 0, 2, 0, 1, 1, 0, 1, 1, 1, 0, 2, 1, 1, 0, 0, 0, 0, 1, 1, 2, 1, 2, 0, 0, 0, 2, 1, 0, 1, 2, 1, 2, 1, 1, 1, 1, 1, 1, 0, 1, 2, 0, 0, 0, 1, 0, 1, 0, 0, 1, 0, 1, 2, 0, 0, 2, 2, 2, 0, 1, 0, 0, 1, 2, 0]|[4, 3, 2, 2, 4, 1, 2, 2, 2, 4, 1, 1, 2, 4, 4, 1, 2, 4, 2, 1, 1, 1, 1, 2, 1, 2, 1, 1, 1, 1, 3, 3, 1, 1, 4, 0, 1, 1, 0, 3, 2, 2, 2, 0, 1, 1, 0, 4, 0, 1, 2, 2, 1, 4, 0, 3, 2, 1, 1, 2, 1, 3, 1, 1, 1, 3, 0, 4, 3, 1, 4, 1, 1, 0, 4, 1, 2, 1, 1, 1, 1, 3, 2, 1, 1, 1, 4, 1, 2, 1, 1, 1, 1, 2, 1, 2, 2, 4, 1, 1]|[0, 2, 1, 1, 3, 0, 1, 0, 0, 0, 0, 0, 1, 0, 1, 0, 0, 3, 1, 0, 0, 0, 3, 1, 0, 2, 0, 0, 0, 1, 0, 0, 0, 0, 3, 0, 1, 0, 0, 2, 1, 1, 1, 0, 0, 0, 0, 2, 1, 0, 0, 0, 1, 3, 0, 0, 1, 0, 0, 1, 0, 2, 0, 1, 0, 2, 1, 0, 0, 1, 1, 3, 1, 1, 3, 0, 1, 0, 0, 2, 0, 0, 1, 0, 1, 0, 0, 0, 1, 0, 0, 0, 0, 0, 1, 0, 0, 2, 0, 1],775.615804901732,56670.276257031204,93814.73668439088,false
13,G2_TEC,G2_TEC,[31, 22, 82, 15, 26, 9, 95, 42, 77, 68, 47, 5, 93, 78, 86, 54, 85, 63, 18, 44, 20, 49, 36, 14, 74, 50, 53, 17, 21, 45, 71, 64, 3, 23, 30, 83, 24, 41, 60, 52, 65, 27, 32, 70, 39, 87, 48, 69, 99, 4, 46, 1, 13, 58, 97, 59, 28, 8, 73, 37, 35, 79, 11, 66, 76, 57, 40, 80, 96, 6, 16, 61, 33, 98, 90, 81, 62, 67, 10, 7, 56, 88, 51, 19, 91, 38, 75, 92, 25, 84, 2, 55, 12, 43, 34, 0, 29, 94, 89, 72]|[2, 1, 2, 1, 1, 2, 1, 1, 1, 1, 1, 0, 2, 2, 1, 2, 0, 0, 0, 2, 2, 1, 0, 2, 0, 2, 2, 1, 0, 1, 1, 1, 0, 0, 1, 0, 2, 1, 2, 2, 0, 0, 1, 1, 0, 2, 0, 2, 1, 0, 0, 2, 0, 0, 2, 0, 2, 1, 0, 0, 2, 1, 0, 2, 2, 0, 2, 2, 0, 1, 2, 1, 1, 0, 0, 1, 1, 1, 1, 2, 2, 1, 1, 1, 1, 0, 0, 0, 1, 0, 2, 0, 1, 1, 1, 0, 1, 1, 1, 1]|[0, 3, 0, 2, 4, 1, 4, 4, 2, 4, 3, 2, 1, 0, 2, 1, 1, 1, 2, 1, 1, 3, 0, 1, 0, 1, 1, 4, 1, 4, 3, 2, 2, 0, 4, 1, 1, 4, 0, 1, 2, 1, 4, 4, 1, 1, 0, 2, 3, 2, 2, 1, 2, 1, 1, 2, 0, 3, 0, 2, 2, 3, 1, 0, 1, 0, 0, 1, 2, 4, 1, 3, 4, 2, 2, 4, 3, 3, 3, 1, 0, 4, 3, 4, 3, 2, 2, 2, 4, 2, 1, 2, 3, 4, 1, 2, 3, 4, 4, 4]|[0, 2, 0, 1, 3, 0, 1, 3, 0, 0, 2, 0, 1, 0, 1, 0, 0, 0, 1, 0, 0, 2, 0, 0, 1, 0, 0, 3, 0, 1, 0, 2, 0, 0, 3, 0, 1, 3, 1, 0, 0, 0, 1, 3, 0, 0, 1, 0, 2, 0, 0, 0, 0, 0, 1, 0, 0, 0, 1, 1, 0, 2, 0, 0, 0, 1, 0, 0, 0, 2, 0, 0, 1, 0, 0, 2, 0, 0, 3, 0, 0, 1, 0, 3, 0, 0, 0, 0, 3, 0, 0, 0, 0, 2, 1, 0, 0, 2, 1, 2],878.9954438047129,52139.96113118858,113027.71965628919,false
13,G3_TWC,G3_TWC,[31, 22, 82, 15, 26, 9, 95, 42, 77, 12, 47, 5, 93, 78, 86, 54, 85, 63, 18, 44, 20, 35, 43, 97, 91, 76, 10, 30, 21, 45, 71, 64, 1, 23, 17, 83, 24, 14, 60, 36, 41, 57, 40, 88, 65, 56, 79, 94, 67, 68, 46, 75, 38, 58, 19, 32, 81, 6, 27, 62, 87, 90, 99, 59, 11, 16, 72, 73, 69, 39, 37, 84, 3, 92, 25, 55, 28, 29, 51, 7, 66, 61, 98, 48, 89, 8, 33, 96, 53, 80, 50, 4, 34, 2, 52, 13, 0, 70, 74, 49]|[1, 1, 0, 1, 1, 0, 1, 2, 2, 1, 2, 2, 2, 1, 1, 0, 0, 1, 0, 2, 2, 0, 1, 2, 0, 1, 2, 2, 0, 0, 1, 2, 1, 2, 1, 0, 2, 0, 1, 1, 0, 1, 1, 1, 0, 2, 1, 1, 0, 0, 0, 0, 1, 1, 2, 1, 2, 0, 0, 0, 2, 1, 0, 1, 2, 1, 2, 1, 1, 1, 1, 1, 1, 0, 1, 1, 0, 0, 0, 1, 2, 1, 2, 0, 1, 0, 2, 0, 0, 0, 0, 0, 2, 0, 1, 0, 0, 1, 2, 0]|[4, 3, 2, 2, 4, 1, 2, 2, 2, 4, 1, 1, 2, 4, 4, 1, 2, 4, 2, 1, 1, 1, 1, 2, 1, 2, 1, 1, 1, 1, 3, 2, 3, 0, 4, 0, 1, 1, 0, 3, 2, 2, 2, 0, 1, 1, 0, 4, 0, 1, 2, 2, 1, 4, 0, 3, 2, 1, 1, 2, 1, 3, 1, 1, 1, 3, 0, 4, 3, 1, 4, 1, 1, 0, 4, 4, 2, 1, 1, 1, 1, 3, 1, 1, 1, 1, 1, 1, 2, 1, 1, 2, 1, 2, 1, 2, 2, 4, 1, 1]|[0, 2, 1, 1, 3, 0, 1, 0, 0, 0, 0, 0, 1, 0, 1, 0, 0, 3, 1, 0, 0, 0, 3, 1, 0, 2, 0, 0, 0, 1, 0, 0, 0, 0, 3, 0, 1, 0, 0, 2, 1, 1, 1, 0, 0, 0, 0, 2, 1, 0, 0, 0, 1, 3, 0, 0, 1, 0, 0, 1, 0, 2, 0, 1, 0, 2, 1, 0, 0, 1, 1, 3, 1, 1, 3, 3, 1, 0, 0, 2, 0, 0, 0, 0, 1, 0, 0, 0, 1, 0, 0, 1, 0, 0, 1, 0, 0, 2, 0, 1],828.6150361188287,57498.909092636255,92558.71763620913,false
13,G1_CMAX,G4_BALANCED,[31, 22, 82, 15, 26, 58, 95, 42, 77, 12, 47, 5, 93, 78, 86, 54, 85, 63, 18, 44, 20, 35, 43, 97, 66, 76, 10, 30, 21, 45, 71, 64, 1, 23, 17, 83, 24, 14, 60, 36, 6, 57, 40, 88, 65, 56, 79, 94, 67, 68, 46, 75, 38, 9, 19, 32, 81, 41, 27, 62, 87, 90, 99, 59, 11, 16, 72, 73, 70, 39, 37, 84, 3, 92, 25, 34, 28, 29, 51, 8, 91, 61, 98, 48, 89, 50, 7, 96, 53, 80, 4, 33, 55, 2, 52, 13, 0, 69, 74, 49]|[1, 1, 0, 1, 1, 0, 1, 2, 2, 1, 2, 2, 2, 1, 1, 0, 0, 1, 0, 2, 2, 0, 1, 2, 0, 1, 2, 2, 0, 0, 1, 2, 1, 2, 1, 0, 2, 0, 1, 1, 0, 1, 1, 1, 0, 2, 1, 1, 0, 0, 0, 0, 1, 1, 2, 1, 2, 0, 0, 0, 2, 1, 0, 1, 2, 1, 2, 1, 1, 1, 1, 1, 1, 0, 1, 2, 0, 0, 0, 1, 2, 1, 2, 0, 1, 0, 1, 0, 0, 0, 0, 0, 1, 0, 1, 0, 0, 1, 2, 0]|[4, 3, 2, 2, 4, 1, 2, 2, 2, 4, 1, 1, 2, 4, 4, 1, 2, 4, 2, 1, 1, 1, 1, 2, 1, 2, 1, 1, 1, 1, 3, 2, 3, 1, 4, 0, 1, 1, 0, 3, 2, 2, 2, 0, 1, 1, 0, 4, 0, 1, 2, 2, 1, 4, 0, 3, 1, 1, 1, 2, 1, 3, 1, 1, 1, 3, 0, 4, 3, 1, 4, 1, 1, 0, 4, 1, 2, 1, 1, 3, 1, 3, 1, 1, 1, 1, 1, 1, 2, 1, 2, 2, 4, 2, 1, 2, 2, 4, 1, 1]|[0, 2, 1, 1, 3, 0, 1, 0, 0, 0, 0, 0, 1, 0, 1, 0, 0, 3, 1, 0, 0, 0, 3, 1, 0, 2, 0, 0, 0, 1, 0, 0, 0, 0, 3, 0, 1, 0, 0, 2, 1, 1, 1, 0, 0, 0, 0, 2, 1, 0, 0, 0, 1, 3, 0, 0, 1, 0, 0, 1, 0, 2, 0, 1, 0, 2, 1, 0, 0, 1, 1, 3, 1, 1, 3, 0, 1, 0, 0, 2, 0, 0, 0, 0, 1, 0, 2, 0, 1, 0, 1, 1, 3, 0, 1, 0, 0, 2, 0, 1],822.1676221672585,56904.13452071896,93266.67327743256,true
13,G4_BALANCED,G4_BALANCED,[31, 22, 82, 15, 26, 58, 95, 42, 77, 12, 47, 5, 93, 78, 86, 54, 85, 63, 18, 44, 20, 35, 43, 97, 66, 76, 10, 30, 21, 45, 71, 1, 23, 64, 17, 83, 24, 14, 60, 36, 6, 57, 40, 88, 65, 56, 79, 94, 67, 68, 46, 75, 38, 9, 19, 32, 81, 41, 27, 62, 87, 90, 99, 59, 11, 16, 72, 73, 70, 39, 37, 84, 3, 92, 25, 34, 28, 29, 51, 7, 91, 61, 8, 48, 89, 50, 4, 96, 53, 80, 98, 33, 55, 2, 52, 13, 0, 69, 74, 49]|[1, 1, 0, 1, 1, 0, 1, 2, 2, 1, 2, 2, 2, 1, 1, 0, 0, 1, 0, 2, 2, 0, 1, 2, 2, 1, 2, 2, 0, 0, 1, 1, 2, 2, 1, 0, 2, 0, 1, 1, 0, 1, 1, 1, 0, 2, 1, 1, 0, 0, 0, 0, 1, 1, 2, 1, 2, 0, 0, 0, 2, 1, 0, 1, 2, 1, 2, 1, 1, 1, 1, 1, 1, 0, 1, 2, 0, 0, 0, 1, 0, 1, 0, 0, 1, 0, 1, 2, 0, 0, 2, 2, 2, 0, 1, 0, 0, 1, 2, 0]|[4, 3, 2, 2, 4, 1, 2, 2, 2, 4, 1, 1, 2, 4, 4, 1, 2, 4, 2, 1, 1, 1, 1, 2, 1, 2, 1, 1, 1, 1, 3, 3, 1, 1, 4, 0, 1, 1, 0, 3, 2, 2, 2, 0, 1, 1, 0, 4, 0, 1, 2, 2, 1, 4, 0, 3, 2, 1, 1, 2, 1, 3, 1, 1, 1, 3, 0, 4, 3, 1, 4, 1, 1, 0, 4, 1, 2, 1, 1, 1, 1, 3, 2, 1, 1, 1, 4, 1, 2, 1, 1, 1, 1, 2, 1, 2, 2, 4, 1, 1]|[0, 2, 1, 1, 3, 0, 1, 0, 0, 0, 0, 0, 1, 0, 1, 0, 0, 3, 1, 0, 0, 0, 3, 1, 0, 2, 0, 0, 0, 1, 0, 0, 0, 0, 3, 0, 1, 0, 0, 2, 1, 1, 1, 0, 0, 0, 0, 2, 1, 0, 0, 0, 1, 3, 0, 0, 1, 0, 0, 1, 0, 2, 0, 1, 0, 2, 1, 0, 0, 1, 1, 3, 1, 1, 3, 0, 1, 0, 0, 2, 0, 0, 1, 0, 1, 0, 0, 0, 1, 0, 0, 0, 0, 0, 1, 0, 0, 2, 0, 1],775.615804901732,56670.276257031204,93814.73668439088,false
13,G2_TEC,G2_TEC,[31, 22, 82, 15, 26, 9, 95, 42, 77, 68, 47, 5, 93, 78, 86, 54, 85, 63, 18, 44, 20, 49, 36, 14, 74, 50, 53, 17, 21, 28, 71, 64, 3, 23, 30, 83, 24, 41, 60, 52, 65, 27, 90, 70, 39, 87, 48, 69, 99, 4, 46, 1, 13, 58, 97, 59, 33, 8, 73, 37, 35, 79, 11, 66, 76, 32, 40, 80, 96, 6, 16, 61, 45, 7, 57, 34, 12, 67, 10, 98, 56, 88, 29, 19, 91, 38, 75, 92, 43, 84, 51, 62, 89, 25, 81, 55, 0, 94, 2, 72]|[2, 1, 2, 1, 1, 2, 1, 1, 1, 1, 1, 0, 2, 2, 1, 2, 0, 0, 0, 2, 2, 1, 0, 2, 0, 2, 2, 1, 0, 1, 1, 1, 0, 0, 1, 0, 2, 1, 2, 2, 0, 0, 1, 1, 0, 2, 0, 2, 1, 0, 0, 2, 0, 0, 2, 0, 1, 1, 0, 0, 1, 1, 0, 2, 2, 0, 2, 2, 0, 1, 2, 1, 1, 2, 0, 1, 1, 1, 1, 0, 2, 1, 1, 1, 1, 0, 0, 0, 1, 0, 1, 1, 1, 1, 1, 0, 0, 1, 2, 1]|[0, 3, 0, 2, 4, 1, 4, 4, 2, 4, 3, 2, 1, 0, 2, 1, 1, 1, 2, 1, 1, 3, 0, 1, 0, 1, 1, 4, 1, 4, 3, 2, 2, 0, 4, 1, 1, 4, 0, 1, 2, 1, 4, 4, 1, 1, 0, 2, 3, 1, 2, 1, 2, 1, 1, 2, 4, 3, 0, 2, 3, 3, 1, 0, 1, 2, 0, 1, 2, 4, 1, 3, 4, 1, 2, 4, 3, 3, 3, 2, 1, 4, 3, 4, 3, 2, 2, 2, 4, 2, 3, 3, 4, 4, 1, 2, 2, 4, 1, 4]|[0, 2, 0, 1, 3, 0, 1, 3, 0, 0, 2, 0, 1, 0, 1, 0, 0, 0, 1, 0, 0, 2, 0, 0, 1, 0, 0, 3, 0, 1, 0, 2, 0, 0, 3, 0, 1, 3, 1, 0, 0, 0, 1, 3, 0, 0, 1, 0, 2, 0, 0, 0, 0, 0, 1, 0, 1, 0, 1, 1, 2, 2, 0, 0, 0, 0, 0, 0, 0, 2, 0, 0, 1, 0, 0, 1, 0, 0, 3, 0, 0, 1, 0, 3, 0, 0, 0, 0, 2, 0, 0, 0, 1, 3, 1, 0, 0, 2, 0, 2],918.5349760917882,51468.548061908,110087.41095170133,false
13,G3_TWC,G3_TWC,[31, 22, 82, 15, 26, 9, 95, 42, 77, 12, 47, 5, 93, 78, 86, 54, 85, 63, 18, 44, 20, 35, 43, 97, 91, 76, 10, 30, 21, 45, 71, 64, 1, 23, 17, 83, 24, 14, 60, 36, 41, 57, 40, 88, 65, 56, 79, 94, 67, 68, 46, 75, 38, 58, 19, 32, 81, 6, 27, 62, 87, 90, 99, 59, 11, 16, 72, 73, 69, 39, 37, 84, 3, 92, 25, 55, 28, 29, 51, 7, 66, 61, 98, 48, 89, 8, 33, 96, 53, 80, 50, 4, 34, 2, 52, 13, 0, 70, 74, 49]|[1, 1, 0, 1, 1, 0, 1, 2, 2, 1, 2, 2, 2, 1, 1, 0, 0, 1, 0, 2, 2, 0, 1, 2, 0, 1, 2, 2, 0, 0, 1, 2, 1, 2, 1, 0, 2, 0, 1, 1, 0, 1, 1, 1, 0, 2, 1, 1, 0, 0, 0, 0, 1, 1, 2, 1, 2, 0, 0, 0, 2, 1, 0, 1, 2, 1, 2, 1, 1, 1, 1, 1, 1, 0, 1, 1, 0, 0, 0, 1, 2, 1, 2, 0, 1, 0, 2, 0, 0, 0, 0, 0, 2, 0, 1, 0, 0, 1, 2, 0]|[4, 3, 2, 2, 4, 1, 2, 2, 2, 4, 1, 1, 2, 4, 4, 1, 2, 4, 2, 1, 1, 1, 1, 2, 1, 2, 1, 1, 1, 1, 3, 2, 3, 0, 4, 0, 1, 1, 0, 3, 2, 2, 2, 0, 1, 1, 0, 4, 0, 1, 2, 2, 1, 4, 0, 3, 2, 1, 1, 2, 1, 3, 1, 1, 1, 3, 0, 4, 3, 1, 4, 1, 1, 0, 4, 4, 2, 1, 1, 1, 1, 3, 1, 1, 1, 1, 1, 1, 2, 1, 1, 2, 1, 2, 1, 2, 2, 4, 1, 1]|[0, 2, 1, 1, 3, 0, 1, 0, 0, 0, 0, 0, 1, 0, 1, 0, 0, 3, 1, 0, 0, 0, 3, 1, 0, 2, 0, 0, 0, 1, 0, 0, 0, 0, 3, 0, 1, 0, 0, 2, 1, 1, 1, 0, 0, 0, 0, 2, 1, 0, 0, 0, 1, 3, 0, 0, 1, 0, 0, 1, 0, 2, 0, 1, 0, 2, 1, 0, 0, 1, 1, 3, 1, 1, 3, 3, 1, 0, 0, 2, 0, 0, 0, 0, 1, 0, 0, 0, 1, 0, 0, 1, 0, 0, 1, 0, 0, 2, 0, 1],828.6150361188287,57498.909092636255,92558.71763620913,false
13,G1_CMAX,G1_CMAX,[31, 22, 82, 15, 26, 9, 95, 42, 77, 12, 47, 5, 93, 78, 86, 54, 6, 63, 18, 44, 20, 35, 43, 97, 91, 76, 10, 30, 21, 45, 64, 1, 23, 17, 83, 24, 14, 60, 36, 13, 75, 46, 68, 67, 69, 79, 56, 65, 88, 40, 57, 85, 58, 19, 32, 81, 48, 27, 62, 87, 90, 99, 59, 11, 16, 72, 73, 71, 70, 39, 37, 84, 3, 98, 29, 28, 55, 25, 92, 7, 33, 61, 53, 41, 89, 50, 8, 96, 51, 80, 34, 4, 66, 2, 52, 49, 0, 94, 74, 38]|[1, 1, 0, 1, 1, 0, 1, 2, 2, 1, 2, 2, 2, 1, 1, 0, 0, 1, 0, 2, 2, 0, 1, 2, 0, 1, 2, 2, 0, 0, 2, 1, 2, 1, 0, 2, 2, 1, 1, 0, 0, 0, 0, 0, 2, 1, 2, 0, 1, 1, 1, 0, 1, 2, 1, 2, 1, 0, 0, 2, 1, 0, 1, 2, 1, 2, 1, 1, 1, 1, 1, 1, 1, 0, 0, 0, 1, 1, 0, 1, 0, 1, 0, 1, 1, 0, 1, 0, 0, 0, 2, 1, 2, 0, 1, 0, 0, 2, 2, 1]|[0, 3, 2, 2, 4, 1, 2, 2, 2, 4, 1, 1, 2, 4, 4, 1, 2, 4, 2, 1, 1, 1, 1, 2, 1, 2, 1, 1, 1, 1, 2, 3, 0, 4, 0, 1, 2, 0, 3, 2, 2, 2, 1, 0, 2, 0, 1, 1, 0, 2, 2, 2, 0, 0, 3, 2, 4, 1, 2, 2, 3, 1, 1, 1, 3, 0, 4, 3, 3, 1, 4, 1, 1, 1, 1, 2, 4, 4, 0, 1, 2, 3, 2, 4, 1, 1, 3, 1, 1, 1, 1, 4, 1, 2, 1, 1, 2, 0, 1, 1]|[0, 2, 1, 1, 3, 0, 1, 0, 0, 0, 0, 0, 1, 0, 1, 0, 1, 3, 1, 0, 0, 0, 3, 1, 0, 2, 0, 0, 0, 1, 0, 0, 0, 3, 0, 1, 1, 0, 2, 0, 0, 0, 0, 1, 0, 0, 0, 0, 0, 1, 1, 0, 3, 0, 0, 1, 2, 0, 1, 0, 2, 0, 1, 0, 2, 1, 0, 0, 0, 1, 1, 3, 1, 0, 0, 1, 3, 3, 1, 2, 1, 0, 1, 3, 1, 0, 2, 0, 0, 0, 0, 0, 0, 0, 1, 1, 0, 0, 0, 1],740.6648699319737,58392.73539943754,98914.29550102295,false
13,G4_BALANCED,G4_BALANCED,[31, 22, 82, 15, 26, 58, 95, 42, 77, 12, 47, 5, 93, 78, 86, 54, 85, 63, 18, 44, 20, 35, 43, 97, 66, 76, 10, 30, 21, 45, 71, 1, 23, 64, 17, 83, 24, 14, 60, 36, 6, 57, 40, 88, 65, 56, 79, 94, 67, 68, 46, 75, 38, 9, 19, 32, 81, 41, 27, 62, 87, 90, 99, 59, 11, 16, 72, 73, 70, 39, 37, 84, 3, 92, 25, 34, 28, 29, 51, 7, 91, 61, 8, 48, 89, 50, 4, 96, 53, 80, 98, 33, 55, 2, 52, 13, 0, 69, 74, 49]|[1, 1, 0, 1, 1, 0, 1, 2, 2, 1, 2, 2, 2, 1, 1, 0, 0, 1, 0, 2, 2, 0, 1, 2, 2, 1, 2, 2, 0, 0, 1, 1, 2, 2, 1, 0, 2, 0, 1, 1, 0, 1, 1, 1, 0, 2, 1, 1, 0, 0, 0, 0, 1, 1, 2, 1, 2, 0, 0, 0, 2, 1, 0, 1, 2, 1, 2, 1, 1, 1, 1, 1, 1, 0, 1, 2, 0, 0, 0, 1, 0, 1, 0, 0, 1, 0, 1, 2, 0, 0, 2, 2, 2, 0, 1, 0, 0, 1, 2, 0]|[4, 3, 2, 2, 4, 1, 2, 2, 2, 4, 1, 1, 2, 4, 4, 1, 2, 4, 2, 1, 1, 1, 1, 2, 1, 2, 1, 1, 1, 1, 3, 3, 1, 1, 4, 0, 1, 1, 0, 3, 2, 2, 2, 0, 1, 1, 0, 4, 0, 1, 2, 2, 1, 4, 0, 3, 2, 1, 1, 2, 1, 3, 1, 1, 1, 3, 0, 4, 3, 1, 4, 1, 1, 0, 4, 1, 2, 1, 1, 1, 1, 3, 2, 1, 1, 1, 4, 1, 2, 1, 1, 1, 1, 2, 1, 2, 2, 4, 1, 1]|[0, 2, 1, 1, 3, 0, 1, 0, 0, 0, 0, 0, 1, 0, 1, 0, 0, 3, 1, 0, 0, 0, 3, 1, 0, 2, 0, 0, 0, 1, 0, 0, 0, 0, 3, 0, 1, 0, 0, 2, 1, 1, 1, 0, 0, 0, 0, 2, 1, 0, 0, 0, 1, 3, 0, 0, 1, 0, 0, 1, 0, 2, 0, 1, 0, 2, 1, 0, 0, 1, 1, 3, 1, 1, 3, 0, 1, 0, 0, 2, 0, 0, 1, 0, 1, 0, 0, 0, 1, 0, 0, 0, 0, 0, 1, 0, 0, 2, 0, 1],775.615804901732,56670.276257031204,93814.73668439088,false
13,G2_TEC,G2_TEC,[31, 22, 82, 15, 26, 9, 95, 42, 77, 68, 47, 5, 93, 78, 86, 54, 85, 63, 18, 44, 20, 49, 36, 14, 74, 50, 53, 17, 21, 28, 71, 64, 3, 23, 30, 83, 24, 41, 60, 52, 65, 27, 90, 70, 39, 87, 48, 69, 99, 4, 46, 1, 13, 58, 97, 59, 33, 8, 73, 37, 35, 79, 11, 66, 76, 32, 40, 80, 96, 6, 16, 61, 45, 7, 57, 34, 12, 67, 10, 98, 56, 88, 29, 19, 91, 38, 75, 92, 43, 84, 51, 62, 89, 25, 81, 55, 0, 94, 2, 72]|[2, 1, 2, 1, 1, 2, 1, 1, 1, 1, 1, 0, 2, 2, 1, 2, 0, 0, 0, 2, 2, 1, 0, 2, 0, 2, 2, 1, 0, 1, 1, 1, 0, 0, 1, 0, 2, 1, 2, 2, 0, 0, 1, 1, 0, 2, 0, 2, 1, 0, 0, 2, 0, 0, 2, 0, 1, 1, 0, 0, 1, 1, 0, 2, 2, 0, 2, 2, 0, 1, 2, 1, 1, 2, 0, 1, 1, 1, 1, 0, 2, 1, 1, 1, 1, 0, 0, 0, 1, 0, 1, 1, 1, 1, 1, 0, 0, 1, 2, 1]|[0, 3, 0, 2, 4, 1, 4, 4, 2, 4, 3, 2, 1, 0, 2, 1, 1, 1, 2, 1, 1, 3, 0, 1, 0, 1, 1, 4, 1, 4, 3, 2, 2, 0, 4, 1, 1, 4, 0, 1, 2, 1, 4, 4, 1, 1, 0, 2, 3, 1, 2, 1, 2, 1, 1, 2, 4, 3, 0, 2, 3, 3, 1, 0, 1, 2, 0, 1, 2, 4, 1, 3, 4, 1, 2, 4, 3, 3, 3, 2, 1, 4, 3, 4, 3, 2, 2, 2, 4, 2, 3, 3, 4, 4, 1, 2, 2, 4, 1, 4]|[0, 2, 0, 1, 3, 0, 1, 3, 0, 0, 2, 0, 1, 0, 1, 0, 0, 0, 1, 0, 0, 2, 0, 0, 1, 0, 0, 3, 0, 1, 0, 2, 0, 0, 3, 0, 1, 3, 1, 0, 0, 0, 1, 3, 0, 0, 1, 0, 2, 0, 0, 0, 0, 0, 1, 0, 1, 0, 1, 1, 2, 2, 0, 0, 0, 0, 0, 0, 0, 2, 0, 0, 1, 0, 0, 1, 0, 0, 3, 0, 0, 1, 0, 3, 0, 0, 0, 0, 2, 0, 0, 0, 1, 3, 1, 0, 0, 2, 0, 2],918.5349760917882,51468.548061908,110087.41095170133,false
13,G3_TWC,G3_TWC,[31, 22, 82, 15, 26, 9, 95, 42, 77, 12, 47, 5, 93, 78, 86, 54, 85, 63, 18, 44, 20, 35, 43, 97, 91, 76, 10, 30, 21, 45, 71, 64, 1, 23, 17, 83, 24, 14, 60, 36, 41, 57, 40, 88, 65, 56, 79, 94, 67, 68, 46, 75, 38, 58, 19, 32, 81, 6, 27, 62, 87, 90, 99, 59, 11, 16, 72, 73, 69, 39, 37, 84, 3, 92, 25, 55, 28, 29, 51, 7, 66, 61, 98, 48, 89, 8, 33, 96, 53, 80, 50, 4, 34, 2, 52, 13, 0, 70, 74, 49]|[1, 1, 0, 1, 1, 0, 1, 2, 2, 1, 2, 2, 2, 1, 1, 0, 0, 1, 0, 2, 2, 0, 1, 2, 0, 1, 2, 2, 0, 0, 1, 2, 1, 2, 1, 0, 2, 0, 1, 1, 0, 1, 1, 1, 0, 2, 1, 1, 0, 0, 0, 0, 1, 1, 2, 1, 2, 0, 0, 0, 2, 1, 0, 1, 2, 1, 2, 1, 1, 1, 1, 1, 1, 0, 1, 1, 0, 0, 0, 1, 2, 1, 2, 0, 1, 0, 2, 0, 0, 0, 0, 0, 2, 0, 1, 0, 0, 1, 2, 0]|[4, 3, 2, 2, 4, 1, 2, 2, 2, 4, 1, 1, 2, 4, 4, 1, 2, 4, 2, 1, 1, 1, 1, 2, 1, 2, 1, 1, 1, 1, 3, 2, 3, 0, 4, 0, 1, 1, 0, 3, 2, 2, 2, 0, 1, 1, 0, 4, 0, 1, 2, 2, 1, 4, 0, 3, 2, 1, 1, 2, 1, 3, 1, 1, 1, 3, 0, 4, 3, 1, 4, 1, 1, 0, 4, 4, 2, 1, 1, 1, 1, 3, 1, 1, 1, 1, 1, 1, 2, 1, 1, 2, 1, 2, 1, 2, 2, 4, 1, 1]|[0, 2, 1, 1, 3, 0, 1, 0, 0, 0, 0, 0, 1, 0, 1, 0, 0, 3, 1, 0, 0, 0, 3, 1, 0, 2, 0, 0, 0, 1, 0, 0, 0, 0, 3, 0, 1, 0, 0, 2, 1, 1, 1, 0, 0, 0, 0, 2, 1, 0, 0, 0, 1, 3, 0, 0, 1, 0, 0, 1, 0, 2, 0, 1, 0, 2, 1, 0, 0, 1, 1, 3, 1, 1, 3, 3, 1, 0, 0, 2, 0, 0, 0, 0, 1, 0, 0, 0, 1, 0, 0, 1, 0, 0, 1, 0, 0, 2, 0, 1],828.6150361188287,57498.909092636255,92558.71763620913,false
13,G1_CMAX,G1_CMAX,[31, 22, 82, 15, 26, 9, 95, 42, 77, 12, 47, 5, 93, 78, 86, 54, 6, 63, 18, 44, 20, 35, 43, 97, 91, 76, 10, 30, 21, 45, 64, 1, 23, 17, 83, 24, 14, 60, 36, 13, 75, 46, 68, 67, 69, 79, 56, 65, 88, 40, 57, 85, 58, 19, 32, 81, 48, 27, 62, 87, 90, 99, 59, 11, 16, 72, 73, 71, 70, 39, 37, 84, 3, 98, 29, 28, 55, 25, 92, 7, 33, 61, 53, 41, 89, 50, 8, 96, 51, 80, 34, 4, 66, 2, 52, 49, 0, 94, 74, 38]|[1, 1, 0, 1, 1, 0, 1, 2, 2, 1, 2, 2, 2, 1, 1, 0, 0, 1, 0, 2, 2, 0, 1, 2, 0, 1, 2, 2, 0, 0, 2, 1, 2, 1, 0, 2, 2, 1, 1, 0, 0, 0, 0, 0, 2, 1, 2, 0, 1, 1, 1, 0, 1, 2, 1, 2, 1, 0, 0, 2, 1, 0, 1, 2, 1, 2, 1, 1, 1, 1, 1, 1, 1, 0, 0, 0, 1, 1, 0, 1, 0, 1, 0, 1, 1, 0, 1, 0, 0, 0, 2, 1, 2, 0, 1, 0, 0, 2, 2, 1]|[0, 3, 2, 2, 4, 1, 2, 2, 2, 4, 1, 1, 2, 4, 4, 1, 2, 4, 2, 1, 1, 1, 1, 2, 1, 2, 1, 1, 1, 1, 2, 3, 0, 4, 0, 1, 2, 0, 3, 2, 2, 2, 1, 0, 2, 0, 1, 1, 0, 2, 2, 2, 0, 0, 3, 2, 4, 1, 2, 2, 3, 1, 1, 1, 3, 0, 4, 3, 3, 1, 4, 1, 1, 1, 1, 2, 4, 4, 0, 1, 2, 3, 2, 4, 1, 1, 3, 1, 1, 1, 1, 4, 1, 2, 1, 1, 2, 2, 1, 1]|[0, 2, 1, 1, 3, 0, 1, 0, 0, 0, 0, 0, 1, 0, 1, 0, 1, 3, 1, 0, 0, 0, 3, 1, 0, 2, 0, 0, 0, 1, 0, 0, 0, 3, 0, 1, 1, 0, 2, 0, 0, 0, 0, 1, 0, 0, 0, 0, 0, 1, 1, 0, 3, 0, 0, 1, 2, 0, 1, 0, 2, 0, 1, 0, 2, 1, 0, 0, 0, 1, 1, 3, 1, 0, 0, 1, 3, 3, 1, 2, 1, 0, 1, 3, 1, 0, 2, 0, 0, 0, 0, 0, 0, 0, 1, 1, 0, 0, 0, 1],740.6648699319737,58345.503832923176,99227.13002615936,false
13,G4_BALANCED,G4_BALANCED,[31, 22, 82, 15, 26, 58, 95, 42, 77, 12, 47, 5, 93, 78, 86, 54, 85, 63, 18, 44, 20, 35, 43, 97, 66, 76, 10, 30, 21, 45, 71, 1, 23, 64, 17, 83, 24, 14, 60, 36, 6, 57, 40, 88, 65, 56, 79, 94, 67, 68, 46, 75, 38, 9, 19, 32, 81, 41, 27, 62, 87, 90, 99, 59, 11, 16, 72, 73, 70, 39, 37, 84, 3, 92, 25, 34, 28, 29, 51, 7, 91, 61, 8, 48, 89, 50, 4, 96, 53, 80, 98, 33, 55, 2, 52, 13, 0, 69, 74, 49]|[1, 1, 0, 1, 1, 0, 1, 2, 2, 1, 2, 2, 2, 1, 1, 0, 0, 1, 0, 2, 2, 0, 1, 2, 2, 1, 2, 2, 0, 0, 1, 1, 2, 2, 1, 0, 2, 0, 1, 1, 0, 1, 1, 1, 0, 2, 1, 1, 0, 0, 0, 0, 1, 1, 2, 1, 2, 0, 0, 0, 2, 1, 0, 1, 2, 1, 2, 1, 1, 1, 1, 1, 1, 0, 1, 2, 0, 0, 0, 1, 0, 1, 0, 0, 1, 0, 1, 2, 0, 0, 2, 2, 2, 0, 1, 0, 0, 1, 2, 0]|[4, 3, 2, 2, 4, 1, 2, 2, 2, 4, 1, 1, 2, 4, 4, 1, 2, 4, 2, 1, 1, 1, 1, 2, 1, 2, 1, 1, 1, 1, 3, 3, 1, 1, 4, 0, 1, 1, 0, 3, 2, 2, 2, 0, 1, 1, 0, 4, 0, 1, 2, 2, 1, 4, 0, 3, 2, 1, 1, 2, 1, 3, 1, 1, 1, 3, 0, 4, 3, 1, 4, 1, 1, 0, 4, 1, 2, 1, 1, 1, 1, 3, 2, 1, 1, 1, 4, 1, 2, 1, 1, 1, 1, 2, 1, 2, 2, 4, 1, 1]|[0, 2, 1, 1, 3, 0, 1, 0, 0, 0, 0, 0, 1, 0, 1, 0, 0, 3, 1, 0, 0, 0, 3, 1, 0, 2, 0, 0, 0, 1, 0, 0, 0, 0, 3, 0, 1, 0, 0, 2, 1, 1, 1, 0, 0, 0, 0, 2, 1, 0, 0, 0, 1, 3, 0, 0, 1, 0, 0, 1, 0, 2, 0, 1, 0, 2, 1, 0, 0, 1, 1, 3, 1, 1, 3, 0, 1, 0, 0, 2, 0, 0, 1, 0, 1, 0, 0, 0, 1, 0, 0, 0, 0, 0, 1, 0, 0, 2, 0, 1],775.615804901732,56670.276257031204,93814.73668439088,false
13,G2_TEC,G2_TEC,[31, 22, 82, 15, 26, 9, 95, 42, 77, 68, 47, 5, 93, 78, 86, 54, 85, 63, 18, 44, 20, 49, 36, 14, 74, 50, 53, 17, 21, 28, 71, 64, 3, 23, 30, 83, 24, 41, 60, 52, 65, 27, 90, 70, 39, 87, 48, 69, 99, 4, 46, 1, 13, 58, 97, 59, 33, 8, 73, 37, 35, 79, 11, 66, 76, 32, 40, 80, 96, 6, 16, 61, 45, 7, 57, 34, 12, 67, 10, 98, 56, 88, 29, 19, 91, 38, 75, 92, 43, 84, 51, 62, 89, 25, 81, 55, 0, 94, 2, 72]|[2, 1, 2, 1, 1, 2, 1, 1, 1, 1, 1, 0, 2, 2, 1, 2, 0, 0, 0, 2, 2, 1, 0, 2, 0, 2, 2, 1, 0, 1, 1, 1, 0, 0, 1, 0, 2, 1, 2, 2, 0, 0, 1, 1, 0, 2, 0, 2, 1, 0, 0, 2, 0, 0, 2, 0, 1, 1, 0, 0, 1, 1, 0, 2, 2, 0, 2, 2, 0, 1, 2, 1, 1, 2, 0, 1, 1, 1, 1, 0, 2, 1, 1, 1, 1, 0, 0, 0, 1, 0, 1, 1, 1, 1, 1, 0, 0, 1, 2, 1]|[0, 3, 0, 2, 4, 1, 4, 4, 2, 4, 3, 2, 1, 0, 2, 1, 1, 1, 2, 1, 1, 3, 0, 1, 0, 1, 1, 4, 1, 4, 3, 2, 2, 0, 4, 1, 1, 4, 0, 1, 2, 1, 4, 4, 1, 1, 0, 2, 3, 1, 2, 1, 2, 1, 1, 2, 4, 3, 0, 2, 3, 3, 1, 0, 1, 2, 0, 1, 2, 4, 1, 3, 4, 1, 2, 4, 3, 3, 3, 2, 1, 4, 3, 4, 3, 2, 2, 2, 4, 2, 3, 3, 4, 4, 1, 2, 2, 4, 1, 4]|[0, 2, 0, 1, 3, 0, 1, 3, 0, 0, 2, 0, 1, 0, 1, 0, 0, 0, 1, 0, 0, 2, 0, 0, 1, 0, 0, 3, 0, 1, 0, 2, 0, 0, 3, 0, 1, 3, 1, 0, 0, 0, 1, 3, 0, 0, 1, 0, 2, 0, 0, 0, 0, 0, 1, 0, 1, 0, 1, 1, 2, 2, 0, 0, 0, 0, 0, 0, 0, 2, 0, 0, 1, 0, 0, 1, 0, 0, 3, 0, 0, 1, 0, 3, 0, 0, 0, 0, 2, 0, 0, 0, 1, 3, 1, 0, 0, 2, 0, 2],918.5349760917882,51468.548061908,110087.41095170133,false
13,G3_TWC,G3_TWC,[31, 22, 82, 15, 26, 9, 95, 42, 77, 12, 47, 5, 93, 78, 86, 54, 85, 63, 18, 44, 20, 35, 43, 97, 91, 76, 10, 30, 21, 45, 71, 64, 1, 23, 17, 83, 24, 14, 60, 36, 41, 57, 40, 88, 65, 56, 79, 94, 67, 68, 46, 75, 38, 58, 19, 32, 81, 6, 27, 62, 87, 90, 99, 59, 11, 16, 72, 73, 69, 39, 37, 84, 3, 92, 25, 55, 28, 29, 51, 7, 66, 61, 98, 48, 89, 8, 33, 96, 53, 80, 50, 4, 34, 2, 52, 13, 0, 70, 74, 49]|[1, 1, 0, 1, 1, 0, 1, 2, 2, 1, 2, 2, 2, 1, 1, 0, 0, 1, 0, 2, 2, 0, 1, 2, 0, 1, 2, 2, 0, 0, 1, 2, 1, 2, 1, 0, 2, 0, 1, 1, 0, 1, 1, 1, 0, 2, 1, 1, 0, 0, 0, 0, 1, 1, 2, 1, 2, 0, 0, 0, 2, 1, 0, 1, 2, 1, 2, 1, 1, 1, 1, 1, 1, 0, 1, 1, 0, 0, 0, 1, 2, 1, 2, 0, 1, 0, 2, 0, 0, 0, 0, 0, 2, 0, 1, 0, 0, 1, 2, 0]|[4, 3, 2, 2, 4, 1, 2, 2, 2, 4, 1, 1, 2, 4, 4, 1, 2, 4, 2, 1, 1, 1, 1, 2, 1, 2, 1, 1, 1, 1, 3, 2, 3, 0, 4, 0, 1, 1, 0, 3, 2, 2, 2, 0, 1, 1, 0, 4, 0, 1, 2, 2, 1, 4, 0, 3, 2, 1, 1, 2, 1, 3, 1, 1, 1, 3, 0, 4, 3, 1, 4, 1, 1, 0, 4, 4, 2, 1, 1, 1, 1, 3, 1, 1, 1, 1, 1, 1, 2, 1, 1, 2, 1, 2, 1, 2, 2, 4, 1, 1]|[0, 2, 1, 1, 3, 0, 1, 0, 0, 0, 0, 0, 1, 0, 1, 0, 0, 3, 1, 0, 0, 0, 3, 1, 0, 2, 0, 0, 0, 1, 0, 0, 0, 0, 3, 0, 1, 0, 0, 2, 1, 1, 1, 0, 0, 0, 0, 2, 1, 0, 0, 0, 1, 3, 0, 0, 1, 0, 0, 1, 0, 2, 0, 1, 0, 2, 1, 0, 0, 1, 1, 3, 1, 1, 3, 3, 1, 0, 0, 2, 0, 0, 0, 0, 1, 0, 0, 0, 1, 0, 0, 1, 0, 0, 1, 0, 0, 2, 0, 1],828.6150361188287,57498.909092636255,92558.71763620913,false
13,G1_CMAX,G1_CMAX,[31, 22, 82, 15, 26, 9, 95, 42, 77, 12, 47, 5, 93, 78, 86, 54, 6, 63, 18, 44, 20, 35, 43, 97, 91, 76, 10, 30, 21, 45, 64, 1, 23, 17, 83, 24, 14, 60, 36, 13, 75, 46, 68, 67, 69, 79, 56, 65, 88, 40, 57, 85, 58, 19, 32, 81, 48, 27, 62, 87, 90, 99, 59, 11, 16, 72, 73, 71, 70, 39, 37, 84, 3, 98, 29, 28, 55, 25, 92, 7, 33, 61, 53, 41, 89, 50, 8, 96, 51, 80, 34, 4, 66, 2, 52, 49, 0, 94, 74, 38]|[1, 1, 0, 1, 1, 0, 1, 2, 2, 1, 2, 2, 2, 1, 1, 0, 0, 1, 0, 2, 2, 0, 1, 2, 0, 1, 2, 2, 0, 0, 2, 1, 2, 1, 0, 2, 2, 1, 1, 0, 0, 0, 0, 0, 2, 1, 2, 0, 1, 1, 1, 0, 1, 2, 1, 2, 1, 0, 0, 2, 1, 0, 1, 2, 1, 2, 1, 1, 1, 1, 1, 1, 1, 0, 0, 0, 1, 1, 0, 1, 0, 1, 0, 1, 1, 0, 1, 0, 0, 0, 2, 1, 2, 0, 1, 0, 0, 2, 2, 1]|[0, 3, 2, 2, 4, 1, 2, 2, 2, 4, 1, 1, 2, 4, 4, 1, 2, 4, 2, 1, 1, 1, 1, 2, 1, 2, 1, 1, 1, 1, 2, 3, 0, 4, 0, 1, 2, 0, 3, 2, 2, 2, 1, 0, 2, 0, 1, 1, 0, 2, 2, 2, 0, 0, 3, 2, 4, 1, 2, 2, 3, 1, 1, 1, 3, 0, 4, 3, 3, 1, 4, 1, 1, 1, 1, 2, 4, 4, 0, 1, 2, 3, 2, 4, 1, 1, 3, 1, 1, 1, 1, 4, 1, 2, 1, 1, 2, 2, 1, 1]|[0, 2, 1, 1, 3, 0, 1, 0, 0, 0, 0, 0, 1, 0, 1, 0, 1, 3, 1, 0, 0, 0, 3, 1, 0, 2, 0, 0, 0, 1, 0, 0, 0, 3, 0, 1, 1, 0, 2, 0, 0, 0, 0, 1, 0, 0, 0, 0, 0, 1, 1, 0, 3, 0, 0, 1, 2, 0, 1, 0, 2, 0, 1, 0, 2, 1, 0, 0, 0, 1, 1, 3, 1, 0, 0, 1, 3, 3, 1, 2, 1, 0, 1, 3, 1, 0, 2, 0, 0, 0, 0, 0, 0, 0, 1, 1, 0, 0, 0, 1],740.6648699319737,58345.503832923176,99227.13002615936,false
13,G4_BALANCED,G4_BALANCED,[31, 22, 82, 15, 26, 58, 95, 42, 77, 12, 47, 5, 93, 78, 86, 54, 85, 63, 18, 44, 20, 35, 43, 97, 66, 76, 10, 30, 21, 45, 71, 1, 23, 64, 17, 83, 24, 14, 60, 36, 6, 57, 40, 88, 65, 56, 79, 94, 67, 68, 46, 75, 38, 9, 19, 32, 81, 41, 27, 62, 87, 90, 99, 59, 11, 16, 72, 73, 70, 39, 37, 84, 3, 92, 25, 34, 28, 29, 51, 7, 91, 61, 8, 48, 89, 50, 4, 96, 53, 80, 98, 33, 55, 2, 52, 13, 0, 69, 74, 49]|[1, 1, 0, 1, 1, 0, 1, 2, 2, 1, 2, 2, 2, 1, 1, 0, 0, 1, 0, 2, 2, 0, 1, 2, 2, 1, 2, 2, 0, 0, 1, 1, 2, 2, 1, 0, 2, 0, 1, 1, 0, 1, 1, 1, 0, 2, 1, 1, 0, 0, 0, 0, 1, 1, 2, 1, 2, 0, 0, 0, 2, 1, 0, 1, 2, 1, 2, 1, 1, 1, 1, 1, 1, 0, 1, 2, 0, 0, 0, 1, 0, 1, 0, 0, 1, 0, 1, 2, 0, 0, 2, 2, 2, 0, 1, 0, 0, 1, 2, 0]|[4, 3, 2, 2, 4, 1, 2, 2, 2, 4, 1, 1, 2, 4, 4, 1, 2, 4, 2, 1, 1, 1, 1, 2, 1, 2, 1, 1, 1, 1, 3, 3, 1, 1, 4, 0, 1, 1, 0, 3, 2, 2, 2, 0, 1, 1, 0, 4, 0, 1, 2, 2, 1, 4, 0, 3, 2, 1, 1, 2, 1, 3, 1, 1, 1, 3, 0, 4, 3, 1, 4, 1, 1, 0, 4, 1, 2, 1, 1, 1, 1, 3, 2, 1, 1, 1, 4, 1, 2, 1, 1, 1, 1, 2, 1, 2, 2, 4, 1, 1]|[0, 2, 1, 1, 3, 0, 1, 0, 0, 0, 0, 0, 1, 0, 1, 0, 0, 3, 1, 0, 0, 0, 3, 1, 0, 2, 0, 0, 0, 1, 0, 0, 0, 0, 3, 0, 1, 0, 0, 2, 1, 1, 1, 0, 0, 0, 0, 2, 1, 0, 0, 0, 1, 3, 0, 0, 1, 0, 0, 1, 0, 2, 0, 1, 0, 2, 1, 0, 0, 1, 1, 3, 1, 1, 3, 0, 1, 0, 0, 2, 0, 0, 1, 0, 1, 0, 0, 0, 1, 0, 0, 0, 0, 0, 1, 0, 0, 2, 0, 1],775.615804901732,56670.276257031204,93814.73668439088,false
13,G2_TEC,G2_TEC,[31, 22, 82, 15, 26, 9, 95, 42, 77, 68, 47, 5, 93, 78, 86, 54, 85, 63, 18, 44, 20, 49, 36, 14, 74, 50, 53, 17, 21, 28, 71, 64, 3, 23, 30, 83, 24, 41, 60, 52, 65, 27, 90, 70, 39, 87, 48, 69, 99, 4, 46, 1, 13, 58, 97, 59, 33, 8, 73, 37, 35, 79, 11, 66, 76, 32, 40, 80, 96, 6, 16, 61, 45, 7, 57, 34, 12, 67, 10, 98, 56, 88, 29, 19, 91, 38, 75, 92, 43, 84, 51, 62, 89, 25, 81, 55, 0, 94, 2, 72]|[2, 1, 2, 1, 1, 2, 1, 1, 1, 1, 1, 0, 2, 2, 1, 2, 0, 0, 0, 2, 2, 1, 0, 2, 0, 2, 2, 1, 0, 1, 1, 1, 0, 0, 1, 0, 2, 1, 2, 2, 0, 0, 1, 1, 0, 2, 0, 2, 1, 0, 0, 2, 0, 0, 2, 0, 1, 1, 0, 0, 1, 1, 0, 2, 2, 0, 2, 2, 0, 1, 2, 1, 1, 2, 0, 1, 1, 1, 1, 0, 2, 1, 1, 1, 1, 0, 0, 0, 1, 0, 1, 1, 1, 1, 1, 0, 0, 1, 2, 1]|[0, 3, 0, 2, 4, 1, 4, 4, 2, 4, 3, 2, 1, 0, 2, 1, 1, 1, 2, 1, 1, 3, 0, 1, 0, 1, 1, 4, 1, 4, 3, 2, 2, 0, 4, 1, 1, 4, 0, 1, 2, 1, 4, 4, 1, 1, 0, 2, 3, 1, 2, 1, 2, 1, 1, 2, 4, 3, 0, 2, 3, 3, 1, 0, 1, 2, 0, 1, 2, 4, 1, 3, 4, 1, 2, 4, 3, 3, 3, 2, 1, 4, 3, 4, 3, 2, 2, 2, 4, 2, 3, 3, 4, 4, 1, 2, 2, 4, 1, 4]|[0, 2, 0, 1, 3, 0, 1, 3, 0, 0, 2, 0, 1, 0, 1, 0, 0, 0, 1, 0, 0, 2, 0, 0, 1, 0, 0, 3, 0, 1, 0, 2, 0, 0, 3, 0, 1, 3, 1, 0, 0, 0, 1, 3, 0, 0, 1, 0, 2, 0, 0, 0, 0, 0, 1, 0, 1, 0, 1, 1, 2, 2, 0, 0, 0, 0, 0, 0, 0, 2, 0, 0, 1, 0, 0, 1, 0, 0, 3, 0, 0, 1, 0, 3, 0, 0, 0, 0, 2, 0, 0, 0, 1, 3, 1, 0, 0, 2, 0, 2],918.5349760917882,51468.548061908,110087.41095170133,false
13,G3_TWC,G3_TWC,[31, 22, 82, 15, 26, 9, 95, 42, 77, 12, 47, 5, 93, 78, 86, 54, 85, 63, 18, 44, 20, 35, 43, 97, 91, 76, 10, 30, 21, 45, 71, 64, 1, 23, 17, 83, 24, 14, 60, 36, 41, 57, 40, 88, 65, 56, 79, 94, 67, 68, 46, 75, 38, 58, 19, 32, 81, 6, 27, 62, 87, 90, 99, 59, 11, 16, 72, 73, 69, 39, 37, 84, 3, 92, 25, 55, 28, 29, 51, 7, 66, 61, 98, 48, 89, 8, 33, 96, 53, 80, 50, 4, 34, 2, 52, 13, 0, 70, 74, 49]|[1, 1, 0, 1, 1, 0, 1, 2, 2, 1, 2, 2, 2, 1, 1, 0, 0, 1, 0, 2, 2, 0, 1, 2, 0, 1, 2, 2, 0, 0, 1, 2, 1, 2, 1, 0, 2, 0, 1, 1, 0, 1, 1, 1, 0, 2, 1, 1, 0, 0, 0, 0, 1, 1, 2, 1, 2, 0, 0, 0, 2, 1, 0, 1, 2, 1, 2, 1, 1, 1, 1, 1, 1, 0, 1, 1, 0, 0, 0, 1, 2, 1, 2, 0, 1, 0, 2, 0, 0, 0, 0, 0, 2, 0, 1, 0, 0, 1, 2, 0]|[4, 3, 2, 2, 4, 1, 2, 2, 2, 4, 1, 1, 2, 4, 4, 1, 2, 4, 2, 1, 1, 1, 1, 2, 1, 2, 1, 1, 1, 1, 3, 2, 3, 0, 4, 0, 1, 1, 0, 3, 2, 2, 2, 0, 1, 1, 0, 4, 0, 1, 2, 2, 1, 4, 0, 3, 2, 1, 1, 2, 1, 3, 1, 1, 1, 3, 0, 4, 3, 1, 4, 1, 1, 0, 4, 4, 2, 1, 1, 1, 1, 3, 1, 1, 1, 1, 1, 1, 2, 1, 1, 2, 1, 2, 1, 2, 2, 4, 1, 1]|[0, 2, 1, 1, 3, 0, 1, 0, 0, 0, 0, 0, 1, 0, 1, 0, 0, 3, 1, 0, 0, 0, 3, 1, 0, 2, 0, 0, 0, 1, 0, 0, 0, 0, 3, 0, 1, 0, 0, 2, 1, 1, 1, 0, 0, 0, 0, 2, 1, 0, 0, 0, 1, 3, 0, 0, 1, 0, 0, 1, 0, 2, 0, 1, 0, 2, 1, 0, 0, 1, 1, 3, 1, 1, 3, 3, 1, 0, 0, 2, 0, 0, 0, 0, 1, 0, 0, 0, 1, 0, 0, 1, 0, 0, 1, 0, 0, 2, 0, 1],828.6150361188287,57498.909092636255,92558.71763620913,false
13,G1_CMAX,G1_CMAX,[31, 22, 82, 15, 26, 9, 95, 42, 77, 12, 47, 5, 93, 78, 86, 54, 6, 63, 18, 44, 20, 35, 43, 97, 91, 76, 10, 30, 21, 45, 64, 1, 23, 17, 83, 24, 14, 60, 36, 13, 75, 46, 68, 67, 69, 79, 56, 65, 88, 40, 57, 85, 58, 19, 32, 81, 48, 27, 62, 87, 90, 99, 59, 11, 16, 72, 73, 71, 70, 39, 37, 84, 3, 98, 29, 28, 55, 25, 92, 7, 33, 61, 53, 41, 89, 50, 8, 96, 51, 80, 34, 4, 66, 2, 52, 49, 0, 94, 74, 38]|[1, 1, 0, 1, 1, 0, 1, 2, 2, 1, 2, 2, 2, 1, 1, 0, 0, 1, 0, 2, 2, 0, 1, 2, 0, 1, 2, 2, 0, 0, 2, 1, 2, 1, 0, 2, 2, 1, 1, 0, 0, 0, 0, 0, 2, 1, 2, 0, 1, 1, 1, 0, 1, 2, 1, 2, 1, 0, 0, 2, 1, 0, 1, 2, 1, 2, 1, 1, 1, 1, 1, 1, 1, 0, 0, 0, 1, 1, 0, 1, 0, 1, 0, 1, 1, 0, 1, 0, 0, 0, 2, 1, 2, 0, 1, 0, 0, 2, 2, 1]|[0, 3, 2, 2, 4, 1, 2, 2, 2, 4, 1, 1, 2, 4, 4, 1, 2, 4, 2, 1, 1, 1, 1, 2, 1, 2, 1, 1, 1, 1, 2, 3, 0, 4, 0, 1, 2, 0, 3, 2, 2, 2, 1, 0, 2, 0, 1, 1, 0, 2, 2, 2, 0, 0, 3, 2, 4, 1, 2, 2, 3, 1, 1, 1, 3, 0, 4, 3, 3, 1, 4, 1, 1, 1, 1, 2, 4, 4, 0, 1, 2, 3, 2, 4, 1, 1, 3, 1, 1, 1, 1, 4, 1, 2, 1, 1, 2, 2, 1, 1]|[0, 2, 1, 1, 3, 0, 1, 0, 0, 0, 0, 0, 1, 0, 1, 0, 1, 3, 1, 0, 0, 0, 3, 1, 0, 2, 0, 0, 0, 1, 0, 0, 0, 3, 0, 1, 1, 0, 2, 0, 0, 0, 0, 1, 0, 0, 0, 0, 0, 1, 1, 0, 3, 0, 0, 1, 2, 0, 1, 0, 2, 0, 1, 0, 2, 1, 0, 0, 0, 1, 1, 3, 1, 0, 0, 1, 3, 3, 1, 2, 1, 0, 1, 3, 1, 0, 2, 0, 0, 0, 0, 0, 0, 0, 1, 1, 0, 0, 0, 1],740.6648699319737,58345.503832923176,99227.13002615936,false
13,G4_BALANCED,G4_BALANCED,[31, 22, 82, 15, 26, 58, 95, 42, 77, 12, 47, 5, 93, 78, 86, 54, 85, 63, 18, 44, 20, 35, 43, 97, 66, 76, 10, 30, 21, 45, 71, 1, 23, 64, 17, 83, 24, 14, 60, 36, 6, 57, 40, 88, 65, 56, 79, 94, 67, 68, 46, 75, 38, 9, 19, 32, 81, 41, 27, 62, 87, 90, 99, 59, 11, 16, 72, 73, 70, 39, 37, 84, 3, 92, 25, 34, 28, 29, 51, 7, 91, 61, 8, 48, 89, 50, 4, 96, 53, 80, 98, 33, 55, 2, 52, 13, 0, 69, 74, 49]|[1, 1, 0, 1, 1, 0, 1, 2, 2, 1, 2, 2, 2, 1, 1, 0, 0, 1, 0, 2, 2, 0, 1, 2, 2, 1, 2, 2, 0, 0, 1, 1, 2, 2, 1, 0, 2, 0, 1, 1, 0, 1, 1, 1, 0, 2, 1, 1, 0, 0, 0, 0, 1, 1, 2, 1, 2, 0, 0, 0, 2, 1, 0, 1, 2, 1, 2, 1, 1, 1, 1, 1, 1, 0, 1, 2, 0, 0, 0, 1, 0, 1, 0, 0, 1, 0, 1, 2, 0, 0, 2, 2, 2, 0, 1, 0, 0, 1, 2, 0]|[4, 3, 2, 2, 4, 1, 2, 2, 2, 4, 1, 1, 2, 4, 4, 1, 2, 4, 2, 1, 1, 1, 1, 2, 1, 2, 1, 1, 1, 1, 3, 3, 1, 1, 4, 0, 1, 1, 0, 3, 2, 2, 2, 0, 1, 1, 0, 4, 0, 1, 2, 2, 1, 4, 0, 3, 2, 1, 1, 2, 1, 3, 1, 1, 1, 3, 0, 4, 3, 1, 4, 1, 1, 0, 4, 1, 2, 1, 1, 1, 1, 3, 2, 1, 1, 1, 4, 1, 2, 1, 1, 1, 1, 2, 1, 2, 2, 4, 1, 1]|[0, 2, 1, 1, 3, 0, 1, 0, 0, 0, 0, 0, 1, 0, 1, 0, 0, 3, 1, 0, 0, 0, 3, 1, 0, 2, 0, 0, 0, 1, 0, 0, 0, 0, 3, 0, 1, 0, 0, 2, 1, 1, 1, 0, 0, 0, 0, 2, 1, 0, 0, 0, 1, 3, 0, 0, 1, 0, 0, 1, 0, 2, 0, 1, 0, 2, 1, 0, 0, 1, 1, 3, 1, 1, 3, 0, 1, 0, 0, 2, 0, 0, 1, 0, 1, 0, 0, 0, 1, 0, 0, 0, 0, 0, 1, 0, 0, 2, 0, 1],775.615804901732,56670.276257031204,93814.73668439088,false
13,G2_TEC,G2_TEC,[31, 22, 82, 15, 26, 9, 95, 42, 77, 68, 47, 5, 93, 78, 86, 54, 85, 63, 18, 44, 20, 49, 36, 14, 74, 50, 53, 17, 21, 28, 71, 64, 3, 23, 30, 83, 24, 41, 60, 52, 65, 27, 90, 70, 39, 87, 48, 69, 99, 4, 46, 1, 13, 58, 97, 59, 33, 8, 73, 37, 35, 79, 11, 66, 76, 32, 40, 80, 96, 6, 16, 61, 45, 7, 57, 34, 12, 67, 10, 98, 56, 88, 29, 19, 91, 38, 75, 92, 43, 84, 51, 62, 89, 25, 81, 55, 0, 94, 2, 72]|[2, 1, 2, 1, 1, 2, 1, 1, 1, 1, 1, 0, 2, 2, 1, 2, 0, 0, 0, 2, 2, 1, 0, 2, 0, 2, 2, 1, 0, 1, 1, 1, 0, 0, 1, 0, 2, 1, 2, 2, 0, 0, 1, 1, 0, 2, 0, 2, 1, 0, 0, 2, 0, 0, 2, 0, 1, 1, 0, 0, 1, 1, 0, 2, 2, 0, 2, 2, 0, 1, 2, 1, 1, 2, 0, 1, 1, 1, 1, 0, 2, 1, 1, 1, 1, 0, 0, 0, 1, 0, 1, 1, 1, 1, 1, 0, 0, 1, 2, 1]|[0, 3, 0, 2, 4, 1, 4, 4, 2, 4, 3, 2, 1, 0, 2, 1, 1, 1, 2, 1, 1, 3, 0, 1, 0, 1, 1, 4, 1, 4, 3, 2, 2, 0, 4, 1, 1, 4, 0, 1, 2, 1, 4, 4, 1, 1, 0, 2, 3, 1, 2, 1, 2, 1, 1, 2, 4, 3, 0, 2, 3, 3, 1, 0, 1, 2, 0, 1, 2, 4, 1, 3, 4, 1, 2, 4, 3, 3, 3, 2, 1, 4, 3, 4, 3, 2, 2, 2, 4, 2, 3, 3, 4, 4, 1, 2, 2, 4, 1, 4]|[0, 2, 0, 1, 3, 0, 1, 3, 0, 0, 2, 0, 1, 0, 1, 0, 0, 0, 1, 0, 0, 2, 0, 0, 1, 0, 0, 3, 0, 1, 0, 2, 0, 0, 3, 0, 1, 3, 1, 0, 0, 0, 1, 3, 0, 0, 1, 0, 2, 0, 0, 0, 0, 0, 1, 0, 1, 0, 1, 1, 2, 2, 0, 0, 0, 0, 0, 0, 0, 2, 0, 0, 1, 0, 0, 1, 0, 0, 3, 0, 0, 1, 0, 3, 0, 0, 0, 0, 2, 0, 0, 0, 1, 3, 1, 0, 0, 2, 0, 2],918.5349760917882,51468.548061908,110087.41095170133,false
13,G3_TWC,G3_TWC,[31, 22, 82, 15, 26, 9, 95, 42, 77, 12, 47, 5, 93, 78, 86, 54, 85, 63, 18, 44, 20, 35, 43, 97, 91, 76, 10, 30, 21, 45, 71, 64, 1, 23, 17, 83, 24, 14, 60, 36, 41, 57, 40, 88, 65, 56, 79, 94, 67, 68, 46, 75, 38, 58, 19, 32, 81, 6, 27, 62, 87, 90, 99, 59, 11, 16, 72, 73, 69, 39, 37, 84, 3, 92, 25, 55, 28, 29, 51, 7, 66, 61, 98, 48, 89, 8, 33, 96, 53, 80, 50, 4, 34, 2, 52, 13, 0, 70, 74, 49]|[1, 1, 0, 1, 1, 0, 1, 2, 2, 1, 2, 2, 2, 1, 1, 0, 0, 1, 0, 2, 2, 0, 1, 2, 0, 1, 2, 2, 0, 0, 1, 2, 1, 2, 1, 0, 2, 0, 1, 1, 0, 1, 1, 1, 0, 2, 1, 1, 0, 0, 0, 0, 1, 1, 2, 1, 2, 0, 0, 0, 2, 1, 0, 1, 2, 1, 2, 1, 1, 1, 1, 1, 1, 0, 1, 1, 0, 0, 0, 1, 2, 1, 2, 0, 1, 0, 2, 0, 0, 0, 0, 0, 2, 0, 1, 0, 0, 1, 2, 0]|[4, 3, 2, 2, 4, 1, 2, 2, 2, 4, 1, 1, 2, 4, 4, 1, 2, 4, 2, 1, 1, 1, 1, 2, 1, 2, 1, 1, 1, 1, 3, 2, 3, 0, 4, 0, 1, 1, 0, 3, 2, 2, 2, 0, 1, 1, 0, 4, 0, 1, 2, 2, 1, 4, 0, 3, 2, 1, 1, 2, 1, 3, 1, 1, 1, 3, 0, 4, 3, 1, 4, 1, 1, 0, 4, 4, 2, 1, 1, 1, 1, 3, 1, 1, 1, 1, 1, 1, 2, 1, 1, 2, 1, 2, 1, 2, 2, 4, 1, 1]|[0, 2, 1, 1, 3, 0, 1, 0, 0, 0, 0, 0, 1, 0, 1, 0, 0, 3, 1, 0, 0, 0, 3, 1, 0, 2, 0, 0, 0, 1, 0, 0, 0, 0, 3, 0, 1, 0, 0, 2, 1, 1, 1, 0, 0, 0, 0, 2, 1, 0, 0, 0, 1, 3, 0, 0, 1, 0, 0, 1, 0, 2, 0, 1, 0, 2, 1, 0, 0, 1, 1, 3, 1, 1, 3, 3, 1, 0, 0, 2, 0, 0, 0, 0, 1, 0, 0, 0, 1, 0, 0, 1, 0, 0, 1, 0, 0, 2, 0, 1],828.6150361188287,57498.909092636255,92558.71763620913,false
13,G1_CMAX,G1_CMAX,[31, 22, 82, 15, 26, 9, 95, 42, 77, 12, 47, 5, 93, 78, 86, 54, 6, 63, 18, 44, 20, 35, 43, 97, 91, 76, 10, 30, 21, 45, 64, 1, 23, 17, 83, 24, 14, 60, 36, 13, 75, 46, 68, 67, 69, 79, 56, 65, 88, 40, 57, 85, 58, 19, 32, 81, 48, 27, 62, 87, 90, 99, 59, 11, 16, 72, 73, 71, 70, 39, 37, 84, 3, 98, 29, 28, 55, 25, 92, 7, 33, 61, 53, 41, 89, 50, 8, 96, 51, 80, 34, 4, 66, 2, 52, 49, 0, 94, 74, 38]|[1, 1, 0, 1, 1, 0, 1, 2, 2, 1, 2, 2, 2, 1, 1, 0, 0, 1, 0, 2, 2, 0, 1, 2, 0, 1, 2, 2, 0, 0, 2, 1, 2, 1, 0, 2, 2, 1, 1, 0, 0, 0, 0, 0, 2, 1, 2, 0, 1, 1, 1, 0, 1, 2, 1, 2, 1, 0, 0, 2, 1, 0, 1, 2, 1, 2, 1, 1, 1, 1, 1, 1, 1, 0, 0, 0, 1, 1, 0, 1, 0, 1, 0, 1, 1, 0, 1, 0, 0, 0, 2, 1, 2, 0, 1, 0, 0, 2, 2, 1]|[0, 3, 2, 2, 4, 1, 2, 2, 2, 4, 1, 1, 2, 4, 4, 1, 2, 4, 2, 1, 1, 1, 1, 2, 1, 2, 1, 1, 1, 1, 2, 3, 0, 4, 0, 1, 2, 0, 3, 2, 2, 2, 1, 0, 2, 0, 1, 1, 0, 2, 2, 2, 0, 0, 3, 2, 4, 1, 2, 2, 3, 1, 1, 1, 3, 0, 4, 3, 3, 1, 4, 1, 1, 1, 1, 2, 4, 4, 0, 1, 2, 3, 2, 4, 1, 1, 3, 1, 1, 1, 1, 4, 1, 2, 1, 1, 2, 2, 1, 1]|[0, 2, 1, 1, 3, 0, 1, 0, 0, 0, 0, 0, 1, 0, 1, 0, 1, 3, 1, 0, 0, 0, 3, 1, 0, 2, 0, 0, 0, 1, 0, 0, 0, 3, 0, 1, 1, 0, 2, 0, 0, 0, 0, 1, 0, 0, 0, 0, 0, 1, 1, 0, 3, 0, 0, 1, 2, 0, 1, 0, 2, 0, 1, 0, 2, 1, 0, 0, 0, 1, 1, 3, 1, 0, 0, 1, 3, 3, 1, 2, 1, 0, 1, 3, 1, 0, 2, 0, 0, 0, 0, 0, 0, 0, 1, 1, 0, 0, 0, 1],740.6648699319737,58345.503832923176,99227.13002615936,false
13,G4_BALANCED,G4_BALANCED,[31, 22, 82, 15, 26, 58, 95, 42, 77, 12, 47, 5, 93, 78, 86, 54, 85, 63, 18, 44, 20, 35, 43, 97, 66, 76, 10, 30, 21, 45, 71, 1, 23, 64, 17, 83, 24, 14, 60, 36, 6, 57, 40, 88, 65, 56, 79, 94, 67, 68, 46, 75, 38, 9, 19, 32, 81, 41, 27, 62, 87, 90, 99, 59, 11, 16, 72, 73, 70, 39, 37, 84, 3, 92, 25, 34, 28, 29, 51, 7, 91, 61, 8, 48, 89, 50, 4, 96, 53, 80, 98, 33, 55, 2, 52, 13, 0, 69, 74, 49]|[1, 1, 0, 1, 1, 0, 1, 2, 2, 1, 2, 2, 2, 1, 1, 0, 0, 1, 0, 2, 2, 0, 1, 2, 2, 1, 2, 2, 0, 0, 1, 1, 2, 2, 1, 0, 2, 0, 1, 1, 0, 1, 1, 1, 0, 2, 1, 1, 0, 0, 0, 0, 1, 1, 2, 1, 2, 0, 0, 0, 2, 1, 0, 1, 2, 1, 2, 1, 1, 1, 1, 1, 1, 0, 1, 2, 0, 0, 0, 1, 0, 1, 0, 0, 1, 0, 1, 2, 0, 0, 2, 2, 2, 0, 1, 0, 0, 1, 2, 0]|[4, 3, 2, 2, 4, 1, 2, 2, 2, 4, 1, 1, 2, 4, 4, 1, 2, 4, 2, 1, 1, 1, 1, 2, 1, 2, 1, 1, 1, 1, 3, 3, 1, 1, 4, 0, 1, 1, 0, 3, 2, 2, 2, 0, 1, 1, 0, 4, 0, 1, 2, 2, 1, 4, 0, 3, 2, 1, 1, 2, 1, 3, 1, 1, 1, 3, 0, 4, 3, 1, 4, 1, 1, 0, 4, 1, 2, 1, 1, 1, 1, 3, 2, 1, 1, 1, 4, 1, 2, 1, 1, 1, 1, 2, 1, 2, 2, 4, 1, 1]|[0, 2, 1, 1, 3, 0, 1, 0, 0, 0, 0, 0, 1, 0, 1, 0, 0, 3, 1, 0, 0, 0, 3, 1, 0, 2, 0, 0, 0, 1, 0, 0, 0, 0, 3, 0, 1, 0, 0, 2, 1, 1, 1, 0, 0, 0, 0, 2, 1, 0, 0, 0, 1, 3, 0, 0, 1, 0, 0, 1, 0, 2, 0, 1, 0, 2, 1, 0, 0, 1, 1, 3, 1, 1, 3, 0, 1, 0, 0, 2, 0, 0, 1, 0, 1, 0, 0, 0, 1, 0, 0, 0, 0, 0, 1, 0, 0, 2, 0, 1],775.615804901732,56670.276257031204,93814.73668439088,false
13,G2_TEC,G2_TEC,[31, 22, 82, 15, 26, 9, 95, 42, 77, 68, 47, 5, 93, 78, 86, 54, 85, 63, 18, 44, 20, 49, 36, 14, 74, 50, 53, 17, 21, 28, 71, 64, 3, 23, 30, 83, 24, 41, 60, 52, 65, 27, 90, 70, 39, 87, 48, 69, 99, 4, 46, 1, 13, 58, 97, 59, 33, 8, 73, 37, 35, 79, 11, 66, 76, 32, 40, 80, 96, 6, 16, 61, 45, 7, 57, 34, 12, 67, 10, 98, 56, 88, 29, 19, 91, 38, 75, 92, 43, 84, 51, 62, 89, 25, 81, 55, 0, 94, 2, 72]|[2, 1, 2, 1, 1, 2, 1, 1, 1, 1, 1, 0, 2, 2, 1, 2, 0, 0, 0, 2, 2, 1, 0, 2, 0, 2, 2, 1, 0, 1, 1, 1, 0, 0, 1, 0, 2, 1, 2, 2, 0, 0, 1, 1, 0, 2, 0, 2, 1, 0, 0, 2, 0, 0, 2, 0, 1, 1, 0, 0, 1, 1, 0, 2, 2, 0, 2, 2, 0, 1, 2, 1, 1, 2, 0, 1, 1, 1, 1, 0, 2, 1, 1, 1, 1, 0, 0, 0, 1, 0, 1, 1, 1, 1, 1, 0, 0, 1, 2, 1]|[0, 3, 0, 2, 4, 1, 4, 4, 2, 4, 3, 2, 1, 0, 2, 1, 1, 1, 2, 1, 1, 3, 0, 1, 0, 1, 1, 4, 1, 4, 3, 2, 2, 0, 4, 1, 1, 4, 0, 1, 2, 1, 4, 4, 1, 1, 0, 2, 3, 1, 2, 1, 2, 1, 1, 2, 4, 3, 0, 2, 3, 3, 1, 0, 1, 2, 0, 1, 2, 4, 1, 3, 4, 1, 2, 4, 3, 3, 3, 2, 1, 4, 3, 4, 3, 2, 2, 2, 4, 2, 3, 3, 4, 4, 1, 2, 2, 4, 1, 4]|[0, 2, 0, 1, 3, 0, 1, 3, 0, 0, 2, 0, 1, 0, 1, 0, 0, 0, 1, 0, 0, 2, 0, 0, 1, 0, 0, 3, 0, 1, 0, 2, 0, 0, 3, 0, 1, 3, 1, 0, 0, 0, 1, 3, 0, 0, 1, 0, 2, 0, 0, 0, 0, 0, 1, 0, 1, 0, 1, 1, 2, 2, 0, 0, 0, 0, 0, 0, 0, 2, 0, 0, 1, 0, 0, 1, 0, 0, 3, 0, 0, 1, 0, 3, 0, 0, 0, 0, 2, 0, 0, 0, 1, 3, 1, 0, 0, 2, 0, 2],918.5349760917882,51468.548061908,110087.41095170133,false
13,G3_TWC,G3_TWC,[31, 22, 82, 15, 26, 9, 95, 42, 77, 12, 47, 5, 93, 78, 86, 54, 85, 63, 18, 44, 20, 35, 43, 97, 91, 76, 10, 30, 21, 45, 71, 64, 1, 23, 17, 83, 24, 14, 60, 36, 41, 57, 40, 88, 65, 56, 79, 94, 67, 68, 46, 75, 38, 58, 19, 32, 81, 6, 27, 62, 87, 90, 99, 59, 11, 16, 72, 73, 69, 39, 37, 84, 3, 92, 25, 55, 28, 29, 51, 7, 66, 61, 98, 48, 89, 8, 33, 96, 53, 80, 50, 4, 34, 2, 52, 13, 0, 70, 74, 49]|[1, 1, 0, 1, 1, 0, 1, 2, 2, 1, 2, 2, 2, 1, 1, 0, 0, 1, 0, 2, 2, 0, 1, 2, 0, 1, 2, 2, 0, 0, 1, 2, 1, 2, 1, 0, 2, 0, 1, 1, 0, 1, 1, 1, 0, 2, 1, 1, 0, 0, 0, 0, 1, 1, 2, 1, 2, 0, 0, 0, 2, 1, 0, 1, 2, 1, 2, 1, 1, 1, 1, 1, 1, 0, 1, 1, 0, 0, 0, 1, 2, 1, 2, 0, 1, 0, 2, 0, 0, 0, 0, 0, 2, 0, 1, 0, 0, 1, 2, 0]|[4, 3, 2, 2, 4, 1, 2, 2, 2, 4, 1, 1, 2, 4, 4, 1, 2, 4, 2, 1, 1, 1, 1, 2, 1, 2, 1, 1, 1, 1, 3, 2, 3, 0, 4, 0, 1, 1, 0, 3, 2, 2, 2, 0, 1, 1, 0, 4, 0, 1, 2, 2, 1, 4, 0, 3, 2, 1, 1, 2, 1, 3, 1, 1, 1, 3, 0, 4, 3, 1, 4, 1, 1, 0, 4, 4, 2, 1, 1, 1, 1, 3, 1, 1, 1, 1, 1, 1, 2, 1, 1, 2, 1, 2, 1, 2, 2, 4, 1, 1]|[0, 2, 1, 1, 3, 0, 1, 0, 0, 0, 0, 0, 1, 0, 1, 0, 0, 3, 1, 0, 0, 0, 3, 1, 0, 2, 0, 0, 0, 1, 0, 0, 0, 0, 3, 0, 1, 0, 0, 2, 1, 1, 1, 0, 0, 0, 0, 2, 1, 0, 0, 0, 1, 3, 0, 0, 1, 0, 0, 1, 0, 2, 0, 1, 0, 2, 1, 0, 0, 1, 1, 3, 1, 1, 3, 3, 1, 0, 0, 2, 0, 0, 0, 0, 1, 0, 0, 0, 1, 0, 0, 1, 0, 0, 1, 0, 0, 2, 0, 1],828.6150361188287,57498.909092636255,92558.71763620913,false
13,G1_CMAX,G1_CMAX,[31, 22, 82, 15, 26, 9, 95, 42, 77, 12, 47, 5, 93, 78, 86, 54, 6, 63, 18, 44, 20, 35, 43, 97, 91, 76, 10, 30, 21, 45, 64, 1, 23, 17, 83, 24, 14, 60, 36, 13, 75, 46, 68, 67, 69, 79, 56, 65, 88, 40, 57, 85, 58, 19, 32, 81, 48, 27, 62, 87, 90, 99, 59, 11, 16, 72, 73, 71, 70, 39, 37, 84, 3, 98, 29, 28, 55, 25, 92, 7, 33, 61, 53, 41, 89, 50, 8, 96, 51, 80, 34, 4, 66, 2, 52, 49, 0, 94, 74, 38]|[1, 1, 0, 1, 1, 0, 1, 2, 2, 1, 2, 2, 2, 1, 1, 0, 0, 1, 0, 2, 2, 0, 1, 2, 0, 1, 2, 2, 0, 0, 2, 1, 2, 1, 0, 2, 2, 1, 1, 0, 0, 0, 0, 0, 2, 1, 2, 0, 1, 1, 1, 0, 1, 2, 1, 2, 1, 0, 0, 2, 1, 0, 1, 2, 1, 2, 1, 1, 1, 1, 1, 1, 1, 0, 0, 0, 1, 1, 0, 1, 0, 1, 0, 1, 1, 0, 1, 0, 0, 0, 2, 1, 2, 0, 1, 0, 0, 2, 2, 1]|[0, 3, 2, 2, 4, 1, 2, 2, 2, 4, 1, 1, 2, 4, 4, 1, 2, 4, 2, 1, 1, 1, 1, 2, 1, 2, 1, 1, 1, 1, 2, 3, 0, 4, 0, 1, 2, 0, 3, 2, 2, 2, 1, 0, 2, 0, 1, 1, 0, 2, 2, 2, 0, 0, 3, 2, 4, 1, 2, 2, 3, 1, 1, 1, 3, 0, 4, 3, 3, 1, 4, 1, 1, 1, 1, 2, 4, 4, 0, 1, 2, 3, 2, 4, 1, 1, 3, 1, 1, 1, 1, 4, 1, 2, 1, 1, 2, 2, 1, 1]|[0, 2, 1, 1, 3, 0, 1, 0, 0, 0, 0, 0, 1, 0, 1, 0, 1, 3, 1, 0, 0, 0, 3, 1, 0, 2, 0, 0, 0, 1, 0, 0, 0, 3, 0, 1, 1, 0, 2, 0, 0, 0, 0, 1, 0, 0, 0, 0, 0, 1, 1, 0, 3, 0, 0, 1, 2, 0, 1, 0, 2, 0, 1, 0, 2, 1, 0, 0, 0, 1, 1, 3, 1, 0, 0, 1, 3, 3, 1, 2, 1, 0, 1, 3, 1, 0, 2, 0, 0, 0, 0, 0, 0, 0, 1, 1, 0, 0, 0, 1],740.6648699319737,58345.503832923176,99227.13002615936,false
13,G4_BALANCED,G4_BALANCED,[31, 22, 82, 15, 26, 58, 95, 42, 77, 12, 47, 5, 93, 78, 86, 54, 85, 63, 18, 44, 20, 35, 43, 97, 66, 76, 10, 30, 21, 45, 71, 1, 23, 64, 17, 83, 80, 14, 60, 36, 6, 57, 40, 88, 65, 56, 79, 94, 67, 68, 46, 75, 38, 9, 19, 32, 81, 41, 53, 62, 87, 90, 99, 59, 11, 16, 72, 73, 70, 39, 37, 84, 3, 92, 25, 28, 29, 55, 51, 7, 98, 61, 91, 48, 89, 50, 4, 96, 27, 24, 8, 33, 34, 2, 52, 13, 0, 69, 74, 49]|[1, 1, 0, 1, 1, 0, 1, 2, 2, 1, 2, 2, 2, 1, 1, 0, 0, 1, 0, 2, 2, 0, 1, 2, 2, 1, 2, 2, 0, 0, 1, 1, 2, 2, 1, 0, 0, 0, 1, 1, 0, 1, 1, 1, 0, 2, 1, 1, 0, 0, 0, 0, 1, 1, 2, 1, 2, 0, 0, 0, 2, 1, 0, 1, 2, 1, 2, 1, 1, 1, 1, 1, 1, 0, 1, 0, 0, 2, 0, 1, 2, 1, 0, 0, 1, 0, 1, 2, 0, 2, 0, 2, 2, 0, 1, 0, 0, 1, 2, 0]|[4, 3, 2, 2, 4, 1, 2, 2, 2, 4, 1, 1, 2, 4, 4, 1, 2, 4, 2, 1, 1, 1, 1, 2, 1, 2, 1, 1, 1, 1, 3, 3, 1, 1, 4, 0, 1, 1, 0, 3, 2, 2, 2, 0, 1, 1, 0, 4, 0, 1, 2, 2, 1, 4, 0, 3, 2, 1, 1, 2, 1, 3, 1, 1, 1, 3, 0, 4, 3, 1, 4, 1, 1, 0, 4, 2, 1, 1, 1, 1, 1, 3, 1, 1, 1, 1, 4, 1, 2, 1, 2, 1, 1, 2, 1, 2, 2, 4, 1, 1]|[0, 2, 1, 1, 3, 0, 1, 0, 0, 0, 0, 0, 1, 0, 1, 0, 0, 3, 1, 0, 0, 0, 3, 1, 0, 2, 0, 0, 0, 1, 0, 0, 0, 0, 3, 0, 0, 0, 0, 2, 1, 1, 1, 0, 0, 0, 0, 2, 1, 0, 0, 0, 1, 3, 0, 0, 1, 0, 0, 1, 0, 2, 0, 1, 0, 2, 1, 0, 0, 1, 1, 3, 1, 1, 3, 1, 0, 0, 0, 2, 0, 0, 0, 0, 1, 0, 0, 0, 1, 1, 1, 0, 0, 0, 1, 0, 0, 2, 0, 1],758.863641245108,56323.8828778441,93552.32614179025,false
13,G2_TEC,G2_TEC,[31, 22, 82, 15, 26, 9, 95, 42, 77, 68, 47, 5, 93, 78, 86, 54, 85, 63, 18, 44, 20, 49, 36, 14, 74, 50, 53, 17, 21, 28, 71, 64, 3, 23, 30, 83, 24, 41, 60, 52, 65, 27, 90, 70, 39, 87, 48, 69, 99, 4, 46, 1, 13, 58, 97, 59, 33, 8, 73, 37, 35, 79, 11, 66, 76, 32, 40, 80, 96, 6, 16, 61, 45, 7, 57, 34, 12, 67, 10, 98, 56, 88, 29, 19, 91, 38, 75, 92, 43, 84, 51, 62, 89, 25, 81, 55, 0, 94, 2, 72]|[2, 1, 2, 1, 1, 2, 1, 1, 1, 1, 1, 0, 2, 2, 1, 2, 0, 0, 0, 2, 2, 1, 0, 2, 0, 2, 2, 1, 0, 1, 1, 1, 0, 0, 1, 0, 2, 1, 2, 2, 0, 0, 1, 1, 0, 2, 0, 2, 1, 0, 0, 2, 0, 0, 2, 0, 1, 1, 0, 0, 1, 1, 0, 2, 2, 0, 2, 2, 0, 1, 2, 1, 1, 2, 0, 1, 1, 1, 1, 0, 2, 1, 1, 1, 1, 0, 0, 0, 1, 0, 1, 1, 1, 1, 1, 0, 0, 1, 2, 1]|[0, 3, 0, 2, 4, 1, 4, 4, 2, 4, 3, 2, 1, 0, 2, 1, 1, 1, 2, 1, 1, 3, 0, 1, 0, 1, 1, 4, 1, 4, 3, 2, 2, 0, 4, 1, 1, 4, 0, 1, 2, 1, 4, 4, 1, 1, 0, 2, 3, 1, 2, 1, 2, 1, 1, 2, 4, 3, 0, 2, 3, 3, 1, 0, 1, 2, 0, 1, 2, 4, 1, 3, 4, 1, 2, 4, 3, 3, 3, 2, 1, 4, 3, 4, 3, 2, 2, 2, 4, 2, 3, 3, 4, 4, 1, 2, 2, 4, 1, 4]|[0, 2, 0, 1, 3, 0, 1, 3, 0, 0, 2, 0, 1, 0, 1, 0, 0, 0, 1, 0, 0, 2, 0, 0, 1, 0, 0, 3, 0, 1, 0, 2, 0, 0, 3, 0, 1, 3, 1, 0, 0, 0, 1, 3, 0, 0, 1, 0, 2, 0, 0, 0, 0, 0, 1, 0, 1, 0, 1, 1, 2, 2, 0, 0, 0, 0, 0, 0, 0, 2, 0, 0, 1, 0, 0, 1, 0, 0, 3, 0, 0, 1, 0, 3, 0, 0, 0, 0, 2, 0, 0, 0, 1, 3, 1, 0, 0, 2, 0, 2],918.5349760917882,51468.548061908,110087.41095170133,false
13,G3_TWC,G3_TWC,[31, 22, 82, 15, 26, 9, 95, 42, 77, 12, 47, 5, 93, 78, 86, 54, 85, 63, 18, 44, 20, 35, 43, 97, 91, 76, 10, 30, 21, 45, 71, 64, 1, 23, 17, 83, 24, 14, 60, 36, 41, 57, 40, 88, 65, 56, 79, 94, 67, 68, 46, 75, 38, 58, 19, 32, 81, 6, 27, 62, 87, 90, 99, 59, 11, 16, 72, 73, 69, 39, 37, 84, 3, 92, 25, 55, 28, 29, 51, 7, 66, 61, 98, 48, 89, 8, 33, 96, 53, 80, 50, 4, 34, 2, 52, 13, 0, 70, 74, 49]|[1, 1, 0, 1, 1, 0, 1, 2, 2, 1, 2, 2, 2, 1, 1, 0, 0, 1, 0, 2, 2, 0, 1, 2, 0, 1, 2, 2, 0, 0, 1, 2, 1, 2, 1, 0, 2, 0, 1, 1, 0, 1, 1, 1, 0, 2, 1, 1, 0, 0, 0, 0, 1, 1, 2, 1, 2, 0, 0, 0, 2, 1, 0, 1, 2, 1, 2, 1, 1, 1, 1, 1, 1, 0, 1, 1, 0, 0, 0, 1, 2, 1, 2, 0, 1, 0, 2, 0, 0, 0, 0, 0, 2, 0, 1, 0, 0, 1, 2, 0]|[4, 3, 2, 2, 4, 1, 2, 2, 2, 4, 1, 1, 2, 4, 4, 1, 2, 4, 2, 1, 1, 1, 1, 2, 1, 2, 1, 1, 1, 1, 3, 2, 3, 0, 4, 0, 1, 1, 0, 3, 2, 2, 2, 0, 1, 1, 0, 4, 0, 1, 2, 2, 1, 4, 0, 3, 2, 1, 1, 2, 1, 3, 1, 1, 1, 3, 0, 4, 3, 1, 4, 1, 1, 0, 4, 4, 2, 1, 1, 1, 1, 3, 1, 1, 1, 1, 1, 1, 2, 1, 1, 2, 1, 2, 1, 2, 2, 4, 1, 1]|[0, 2, 1, 1, 3, 0, 1, 0, 0, 0, 0, 0, 1, 0, 1, 0, 0, 3, 1, 0, 0, 0, 3, 1, 0, 2, 0, 0, 0, 1, 0, 0, 0, 0, 3, 0, 1, 0, 0, 2, 1, 1, 1, 0, 0, 0, 0, 2, 1, 0, 0, 0, 1, 3, 0, 0, 1, 0, 0, 1, 0, 2, 0, 1, 0, 2, 1, 0, 0, 1, 1, 3, 1, 1, 3, 3, 1, 0, 0, 2, 0, 0, 0, 0, 1, 0, 0, 0, 1, 0, 0, 1, 0, 0, 1, 0, 0, 2, 0, 1],828.6150361188287,57498.909092636255,92558.71763620913,false
13,G1_CMAX,G1_CMAX,[31, 22, 82, 15, 26, 9, 95, 42, 77, 12, 47, 5, 93, 78, 86, 54, 6, 63, 18, 44, 20, 35, 43, 97, 91, 76, 10, 30, 21, 45, 64, 1, 23, 17, 83, 24, 14, 60, 36, 13, 75, 46, 68, 67, 69, 79, 56, 65, 88, 40, 57, 85, 58, 19, 32, 81, 48, 27, 62, 87, 90, 99, 59, 11, 16, 72, 73, 71, 70, 39, 37, 84, 3, 98, 29, 28, 55, 25, 92, 7, 33, 61, 53, 41, 89, 50, 8, 96, 51, 80, 34, 4, 66, 2, 52, 49, 0, 94, 74, 38]|[1, 1, 0, 1, 1, 0, 1, 2, 2, 1, 2, 2, 2, 1, 1, 0, 0, 1, 0, 2, 2, 0, 1, 2, 0, 1, 2, 2, 0, 0, 2, 1, 2, 1, 0, 2, 2, 1, 1, 0, 0, 0, 0, 0, 2, 1, 2, 0, 1, 1, 1, 0, 1, 2, 1, 2, 1, 0, 0, 2, 1, 0, 1, 2, 1, 2, 1, 1, 1, 1, 1, 1, 1, 0, 0, 0, 1, 1, 0, 1, 0, 1, 0, 1, 1, 0, 1, 0, 0, 0, 2, 1, 2, 0, 1, 0, 0, 2, 2, 1]|[0, 3, 2, 2, 4, 1, 2, 2, 2, 4, 1, 1, 2, 4, 4, 1, 2, 4, 2, 1, 1, 1, 1, 2, 1, 2, 1, 1, 1, 1, 2, 3, 0, 4, 0, 1, 2, 0, 3, 2, 2, 2, 1, 0, 2, 0, 1, 1, 0, 2, 2, 2, 0, 0, 3, 2, 4, 1, 2, 2, 3, 1, 1, 1, 3, 0, 4, 3, 3, 1, 4, 1, 1, 1, 1, 2, 4, 4, 0, 1, 2, 3, 2, 4, 1, 1, 3, 1, 1, 1, 1, 4, 1, 2, 1, 1, 2, 2, 1, 1]|[0, 2, 1, 1, 3, 0, 1, 0, 0, 0, 0, 0, 1, 0, 1, 0, 1, 3, 1, 0, 0, 0, 3, 1, 0, 2, 0, 0, 0, 1, 0, 0, 0, 3, 0, 1, 1, 0, 2, 0, 0, 0, 0, 1, 0, 0, 0, 0, 0, 1, 1, 0, 3, 0, 0, 1, 2, 0, 1, 0, 2, 0, 1, 0, 2, 1, 0, 0, 0, 1, 1, 3, 1, 0, 0, 1, 3, 3, 1, 2, 1, 0, 1, 3, 1, 0, 2, 0, 0, 0, 0, 0, 0, 0, 1, 1, 0, 0, 0, 1],740.6648699319737,58345.503832923176,99227.13002615936,false
13,G4_BALANCED,G4_BALANCED,[31, 22, 82, 15, 26, 58, 95, 42, 77, 12, 47, 5, 93, 78, 86, 54, 85, 63, 18, 44, 20, 35, 43, 97, 66, 76, 10, 30, 21, 45, 71, 1, 23, 64, 17, 83, 80, 14, 60, 36, 6, 57, 40, 88, 65, 56, 79, 94, 67, 68, 46, 75, 38, 9, 19, 32, 81, 41, 53, 62, 87, 90, 99, 59, 11, 16, 72, 73, 70, 39, 37, 84, 3, 92, 25, 28, 29, 55, 51, 7, 98, 61, 91, 48, 89, 50, 4, 96, 27, 24, 8, 33, 34, 2, 52, 13, 0, 69, 74, 49]|[1, 1, 0, 1, 1, 0, 1, 2, 2, 1, 2, 2, 2, 1, 1, 0, 0, 1, 0, 2, 2, 0, 1, 2, 2, 1, 2, 2, 0, 0, 1, 1, 2, 2, 1, 0, 0, 0, 1, 1, 0, 1, 1, 1, 0, 2, 1, 1, 0, 0, 0, 0, 1, 1, 2, 1, 2, 0, 0, 0, 2, 1, 0, 1, 2, 1, 2, 1, 1, 1, 1, 1, 1, 0, 1, 0, 0, 2, 0, 1, 2, 1, 0, 0, 1, 0, 1, 2, 0, 2, 0, 2, 2, 0, 1, 0, 0, 1, 2, 0]|[4, 3, 2, 2, 4, 1, 2, 2, 2, 4, 1, 1, 2, 4, 4, 1, 2, 4, 2, 1, 1, 1, 1, 2, 1, 2, 1, 1, 1, 1, 3, 3, 1, 1, 4, 0, 1, 1, 0, 3, 2, 2, 2, 0, 1, 1, 0, 4, 0, 1, 2, 2, 1, 4, 0, 3, 2, 1, 1, 2, 1, 3, 1, 1, 1, 3, 0, 4, 3, 1, 4, 1, 1, 0, 4, 2, 1, 1, 1, 1, 1, 3, 1, 1, 1, 1, 4, 1, 2, 1, 2, 1, 1, 2, 1, 2, 2, 4, 1, 1]|[0, 2, 1, 1, 3, 0, 1, 0, 0, 0, 0, 0, 1, 0, 1, 0, 0, 3, 1, 0, 0, 0, 3, 1, 0, 2, 0, 0, 0, 1, 0, 0, 0, 0, 3, 0, 0, 0, 0, 2, 1, 1, 1, 0, 0, 0, 0, 2, 1, 0, 0, 0, 1, 3, 0, 0, 1, 0, 0, 1, 0, 2, 0, 1, 0, 2, 1, 0, 0, 1, 1, 3, 1, 1, 3, 1, 0, 0, 0, 2, 0, 0, 0, 0, 1, 0, 0, 0, 1, 1, 1, 0, 0, 0, 1, 0, 0, 2, 0, 1],758.863641245108,56323.8828778441,93552.32614179025,false
13,G2_TEC,G2_TEC,[31, 22, 82, 15, 26, 9, 95, 42, 77, 68, 47, 5, 93, 78, 86, 54, 85, 63, 18, 44, 20, 49, 36, 14, 74, 50, 53, 17, 21, 28, 71, 64, 3, 23, 30, 83, 24, 41, 60, 52, 65, 27, 90, 70, 39, 87, 48, 69, 99, 4, 46, 1, 13, 58, 97, 59, 33, 8, 73, 37, 35, 79, 11, 66, 76, 32, 40, 80, 96, 6, 16, 61, 45, 7, 57, 34, 12, 67, 10, 98, 56, 88, 29, 19, 91, 38, 75, 92, 43, 84, 51, 62, 89, 25, 81, 55, 0, 94, 2, 72]|[2, 1, 2, 1, 1, 2, 1, 1, 1, 1, 1, 0, 2, 2, 1, 2, 0, 0, 0, 2, 2, 1, 0, 2, 0, 2, 2, 1, 0, 1, 1, 1, 0, 0, 1, 0, 2, 1, 2, 2, 0, 0, 1, 1, 0, 2, 0, 2, 1, 0, 0, 2, 0, 0, 2, 0, 1, 1, 0, 0, 1, 1, 0, 2, 2, 0, 2, 2, 0, 1, 2, 1, 1, 2, 0, 1, 1, 1, 1, 0, 2, 1, 1, 1, 1, 0, 0, 0, 1, 0, 1, 1, 1, 1, 1, 0, 0, 1, 2, 1]|[0, 3, 0, 2, 4, 1, 4, 4, 2, 4, 3, 2, 1, 0, 2, 1, 1, 1, 2, 1, 1, 3, 0, 1, 0, 1, 1, 4, 1, 4, 3, 2, 2, 0, 4, 1, 1, 4, 0, 1, 2, 1, 4, 4, 1, 1, 0, 2, 3, 1, 2, 1, 2, 1, 1, 2, 4, 3, 0, 2, 3, 3, 1, 0, 1, 2, 0, 1, 2, 4, 1, 3, 4, 1, 2, 4, 3, 3, 3, 2, 1, 4, 3, 4, 3, 2, 2, 2, 4, 2, 3, 3, 4, 4, 1, 2, 2, 4, 1, 4]|[0, 2, 0, 1, 3, 0, 1, 3, 0, 0, 2, 0, 1, 0, 1, 0, 0, 0, 1, 0, 0, 2, 0, 0, 1, 0, 0, 3, 0, 1, 0, 2, 0, 0, 3, 0, 1, 3, 1, 0, 0, 0, 1, 3, 0, 0, 1, 0, 2, 0, 0, 0, 0, 0, 1, 0, 1, 0, 1, 1, 2, 2, 0, 0, 0, 0, 0, 0, 0, 2, 0, 0, 1, 0, 0, 1, 0, 0, 3, 0, 0, 1, 0, 3, 0, 0, 0, 0, 2, 0, 0, 0, 1, 3, 1, 0, 0, 2, 0, 2],918.5349760917882,51468.548061908,110087.41095170133,false
13,G3_TWC,G3_TWC,[31, 22, 82, 15, 26, 9, 95, 42, 77, 12, 47, 5, 93, 78, 86, 54, 85, 63, 18, 44, 20, 35, 43, 97, 91, 76, 10, 30, 21, 45, 71, 64, 1, 23, 17, 83, 24, 14, 60, 36, 41, 57, 40, 88, 65, 56, 79, 94, 67, 68, 46, 75, 38, 58, 19, 32, 81, 6, 27, 62, 87, 90, 99, 59, 11, 16, 72, 73, 69, 39, 37, 84, 3, 92, 25, 55, 28, 29, 51, 7, 66, 61, 98, 48, 89, 8, 33, 96, 53, 80, 50, 4, 34, 2, 52, 13, 0, 70, 74, 49]|[1, 1, 0, 1, 1, 0, 1, 2, 2, 1, 2, 2, 2, 1, 1, 0, 0, 1, 0, 2, 2, 0, 1, 2, 0, 1, 2, 2, 0, 0, 1, 2, 1, 2, 1, 0, 2, 0, 1, 1, 0, 1, 1, 1, 0, 2, 1, 1, 0, 0, 0, 0, 1, 1, 2, 1, 2, 0, 0, 0, 2, 1, 0, 1, 2, 1, 2, 1, 1, 1, 1, 1, 1, 0, 1, 1, 0, 0, 0, 1, 2, 1, 2, 0, 1, 0, 2, 0, 0, 0, 0, 0, 2, 0, 1, 0, 0, 1, 2, 0]|[4, 3, 2, 2, 4, 1, 2, 2, 2, 4, 1, 1, 2, 4, 4, 1, 2, 4, 2, 1, 1, 1, 1, 2, 1, 2, 1, 1, 1, 1, 3, 2, 3, 0, 4, 0, 1, 1, 0, 3, 2, 2, 2, 0, 1, 1, 0, 4, 0, 1, 2, 2, 1, 4, 0, 3, 2, 1, 1, 2, 1, 3, 1, 1, 1, 3, 0, 4, 3, 1, 4, 1, 1, 0, 4, 4, 2, 1, 1, 1, 1, 3, 1, 1, 1, 1, 1, 1, 2, 1, 1, 2, 1, 2, 1, 2, 2, 4, 1, 1]|[0, 2, 1, 1, 3, 0, 1, 0, 0, 0, 0, 0, 1, 0, 1, 0, 0, 3, 1, 0, 0, 0, 3, 1, 0, 2, 0, 0, 0, 1, 0, 0, 0, 0, 3, 0, 1, 0, 0, 2, 1, 1, 1, 0, 0, 0, 0, 2, 1, 0, 0, 0, 1, 3, 0, 0, 1, 0, 0, 1, 0, 2, 0, 1, 0, 2, 1, 0, 0, 1, 1, 3, 1, 1, 3, 3, 1, 0, 0, 2, 0, 0, 0, 0, 1, 0, 0, 0, 1, 0, 0, 1, 0, 0, 1, 0, 0, 2, 0, 1],828.6150361188287,57498.909092636255,92558.71763620913,false
13,G1_CMAX,G1_CMAX,[31, 22, 82, 15, 26, 9, 95, 42, 77, 12, 47, 5, 93, 78, 86, 54, 6, 63, 18, 44, 20, 35, 43, 97, 91, 76, 10, 30, 21, 45, 71, 64, 1, 23, 17, 83, 24, 14, 60, 36, 85, 57, 40, 88, 65, 56, 79, 94, 67, 68, 46, 75, 38, 58, 19, 32, 81, 41, 62, 87, 28, 90, 99, 59, 11, 72, 16, 73, 70, 39, 37, 84, 3, 92, 25, 34, 29, 55, 51, 7, 98, 61, 66, 48, 89, 50, 4, 96, 53, 80, 8, 33, 27, 2, 52, 13, 0, 69, 74, 49]|[1, 1, 0, 1, 1, 0, 1, 2, 2, 1, 2, 2, 2, 1, 1, 0, 0, 1, 0, 2, 2, 0, 1, 2, 2, 1, 2, 2, 0, 0, 1, 1, 1, 2, 1, 0, 2, 0, 1, 1, 0, 1, 1, 1, 0, 2, 1, 1, 0, 0, 0, 0, 1, 1, 2, 1, 2, 0, 0, 2, 2, 1, 0, 1, 2, 2, 1, 1, 1, 1, 1, 1, 1, 0, 1, 2, 0, 2, 0, 1, 2, 1, 0, 0, 1, 0, 1, 2, 0, 0, 1, 2, 0, 0, 1, 0, 0, 1, 2, 0]|[0, 3, 2, 2, 4, 1, 2, 2, 2, 4, 1, 1, 2, 4, 4, 1, 2, 4, 2, 1, 1, 1, 1, 2, 1, 2, 1, 1, 1, 1, 3, 3, 3, 0, 4, 0, 1, 1, 0, 3, 2, 2, 2, 0, 1, 1, 0, 4, 0, 1, 2, 2, 1, 4, 0, 3, 2, 1, 2, 1, 1, 3, 1, 1, 1, 0, 3, 4, 3, 1, 4, 1, 1, 0, 4, 1, 1, 1, 1, 1, 1, 3, 1, 1, 1, 1, 4, 1, 2, 1, 3, 1, 2, 2, 1, 2, 2, 4, 1, 1]|[0, 2, 1, 1, 3, 0, 1, 0, 0, 0, 0, 0, 1, 0, 1, 0, 0, 3, 1, 0, 0, 0, 3, 1, 0, 2, 0, 0, 0, 1, 0, 0, 0, 0, 3, 0, 1, 0, 0, 2, 1, 1, 1, 0, 0, 0, 0, 2, 1, 0, 0, 0, 1, 3, 0, 0, 1, 0, 1, 0, 0, 2, 0, 1, 0, 1, 2, 0, 0, 1, 1, 3, 1, 1, 3, 0, 0, 0, 0, 2, 0, 0, 0, 0, 1, 0, 0, 0, 1, 0, 2, 0, 1, 0, 1, 0, 0, 2, 0, 1],740.1000024547002,57245.26292476342,97017.87740826326,false
13,G4_BALANCED,G4_BALANCED,[31, 22, 82, 15, 26, 58, 95, 42, 77, 12, 47, 5, 93, 78, 86, 54, 85, 63, 18, 44, 20, 35, 43, 97, 66, 76, 10, 30, 21, 45, 71, 1, 23, 64, 17, 83, 80, 14, 60, 36, 6, 57, 40, 88, 65, 56, 79, 94, 67, 68, 46, 75, 38, 9, 19, 32, 81, 41, 53, 62, 87, 90, 99, 59, 11, 16, 72, 73, 70, 39, 37, 84, 3, 92, 25, 28, 29, 55, 51, 7, 98, 61, 91, 48, 89, 50, 4, 96, 27, 24, 8, 33, 34, 2, 52, 13, 0, 69, 74, 49]|[1, 1, 0, 1, 1, 0, 1, 2, 2, 1, 2, 2, 2, 1, 1, 0, 0, 1, 0, 2, 2, 0, 1, 2, 2, 1, 2, 2, 0, 0, 1, 1, 2, 2, 1, 0, 0, 0, 1, 1, 0, 1, 1, 1, 0, 2, 1, 1, 0, 0, 0, 0, 1, 1, 2, 1, 2, 0, 0, 0, 2, 1, 0, 1, 2, 1, 2, 1, 1, 1, 1, 1, 1, 0, 1, 0, 0, 2, 0, 1, 2, 1, 0, 0, 1, 0, 1, 2, 0, 2, 0, 2, 2, 0, 1, 0, 0, 1, 2, 0]|[4, 3, 2, 2, 4, 1, 2, 2, 2, 4, 1, 1, 2, 4, 4, 1, 2, 4, 2, 1, 1, 1, 1, 2, 1, 2, 1, 1, 1, 1, 3, 3, 1, 1, 4, 0, 1, 1, 0, 3, 2, 2, 2, 0, 1, 1, 0, 4, 0, 1, 2, 2, 1, 4, 0, 3, 2, 1, 1, 2, 1, 3, 1, 1, 1, 3, 0, 4, 3, 1, 4, 1, 1, 0, 4, 2, 1, 1, 1, 1, 1, 3, 1, 1, 1, 1, 4, 1, 2, 1, 2, 1, 1, 2, 1, 2, 2, 4, 1, 1]|[0, 2, 1, 1, 3, 0, 1, 0, 0, 0, 0, 0, 1, 0, 1, 0, 0, 3, 1, 0, 0, 0, 3, 1, 0, 2, 0, 0, 0, 1, 0, 0, 0, 0, 3, 0, 0, 0, 0, 2, 1, 1, 1, 0, 0, 0, 0, 2, 1, 0, 0, 0, 1, 3, 0, 0, 1, 0, 0, 1, 0, 2, 0, 1, 0, 2, 1, 0, 0, 1, 1, 3, 1, 1, 3, 1, 0, 0, 0, 2, 0, 0, 0, 0, 1, 0, 0, 0, 1, 1, 1, 0, 0, 0, 1, 0, 0, 2, 0, 1],758.863641245108,56323.8828778441,93552.32614179025,false
13,G2_TEC,G2_TEC,[31, 22, 82, 15, 26, 9, 95, 42, 77, 68, 47, 5, 93, 78, 86, 54, 85, 63, 18, 44, 20, 49, 36, 14, 74, 50, 53, 17, 21, 28, 71, 64, 3, 23, 30, 83, 24, 41, 60, 52, 65, 27, 90, 70, 39, 87, 48, 69, 99, 4, 46, 1, 13, 58, 97, 59, 33, 8, 73, 37, 35, 79, 11, 66, 76, 32, 40, 80, 96, 6, 16, 61, 45, 7, 57, 34, 12, 67, 10, 98, 56, 88, 29, 19, 91, 38, 75, 92, 43, 84, 51, 62, 89, 25, 81, 55, 0, 94, 2, 72]|[2, 1, 2, 1, 1, 2, 1, 1, 1, 1, 1, 0, 2, 2, 1, 2, 0, 0, 0, 2, 2, 1, 0, 2, 0, 2, 2, 1, 0, 1, 1, 1, 0, 0, 1, 0, 2, 1, 2, 2, 0, 0, 1, 1, 0, 2, 0, 2, 1, 0, 0, 2, 0, 0, 2, 0, 1, 1, 0, 0, 1, 1, 0, 2, 2, 0, 2, 2, 0, 1, 2, 1, 1, 2, 0, 1, 1, 1, 1, 0, 2, 1, 1, 1, 1, 0, 0, 0, 1, 0, 1, 1, 1, 1, 1, 0, 0, 1, 2, 1]|[0, 3, 0, 2, 4, 1, 4, 4, 2, 4, 3, 2, 1, 0, 2, 1, 1, 1, 2, 1, 1, 3, 0, 1, 0, 1, 1, 4, 1, 4, 3, 2, 2, 0, 4, 1, 1, 4, 0, 1, 2, 1, 4, 4, 1, 1, 0, 2, 3, 1, 2, 1, 2, 1, 1, 2, 4, 3, 0, 2, 3, 3, 1, 0, 1, 2, 0, 1, 2, 4, 1, 3, 4, 1, 2, 4, 3, 3, 3, 2, 1, 4, 3, 4, 3, 2, 2, 2, 4, 2, 3, 3, 4, 4, 1, 2, 2, 4, 1, 4]|[0, 2, 0, 1, 3, 0, 1, 3, 0, 0, 2, 0, 1, 0, 1, 0, 0, 0, 1, 0, 0, 2, 0, 0, 1, 0, 0, 3, 0, 1, 0, 2, 0, 0, 3, 0, 1, 3, 1, 0, 0, 0, 1, 3, 0, 0, 1, 0, 2, 0, 0, 0, 0, 0, 1, 0, 1, 0, 1, 1, 2, 2, 0, 0, 0, 0, 0, 0, 0, 2, 0, 0, 1, 0, 0, 1, 0, 0, 3, 0, 0, 1, 0, 3, 0, 0, 0, 0, 2, 0, 0, 0, 1, 3, 1, 0, 0, 2, 0, 2],918.5349760917882,51468.548061908,110087.41095170133,false
13,G3_TWC,G3_TWC,[31, 22, 82, 15, 26, 9, 95, 42, 77, 12, 47, 5, 93, 78, 86, 54, 85, 63, 18, 44, 20, 35, 43, 97, 91, 76, 10, 30, 21, 45, 71, 64, 1, 23, 17, 83, 24, 14, 60, 36, 41, 57, 40, 88, 65, 56, 79, 94, 67, 68, 46, 75, 38, 58, 19, 32, 81, 6, 27, 62, 87, 90, 99, 59, 11, 16, 72, 73, 69, 39, 37, 84, 3, 92, 25, 55, 28, 29, 51, 7, 66, 61, 98, 48, 89, 8, 33, 96, 53, 80, 50, 4, 34, 2, 52, 13, 0, 70, 74, 49]|[1, 1, 0, 1, 1, 0, 1, 2, 2, 1, 2, 2, 2, 1, 1, 0, 0, 1, 0, 2, 2, 0, 1, 2, 0, 1, 2, 2, 0, 0, 1, 2, 1, 2, 1, 0, 2, 0, 1, 1, 0, 1, 1, 1, 0, 2, 1, 1, 0, 0, 0, 0, 1, 1, 2, 1, 2, 0, 0, 0, 2, 1, 0, 1, 2, 1, 2, 1, 1, 1, 1, 1, 1, 0, 1, 1, 0, 0, 0, 1, 2, 1, 2, 0, 1, 0, 2, 0, 0, 0, 0, 0, 2, 0, 1, 0, 0, 1, 2, 0]|[4, 3, 2, 2, 4, 1, 2, 2, 2, 4, 1, 1, 2, 4, 4, 1, 2, 4, 2, 1, 1, 1, 1, 2, 1, 2, 1, 1, 1, 1, 3, 2, 3, 0, 4, 0, 1, 1, 0, 3, 2, 2, 2, 0, 1, 1, 0, 4, 0, 1, 2, 2, 1, 4, 0, 3, 2, 1, 1, 2, 1, 3, 1, 1, 1, 3, 0, 4, 3, 1, 4, 1, 1, 0, 4, 4, 2, 1, 1, 1, 1, 3, 1, 1, 1, 1, 1, 1, 2, 1, 1, 2, 1, 2, 1, 2, 2, 4, 1, 1]|[0, 2, 1, 1, 3, 0, 1, 0, 0, 0, 0, 0, 1, 0, 1, 0, 0, 3, 1, 0, 0, 0, 3, 1, 0, 2, 0, 0, 0, 1, 0, 0, 0, 0, 3, 0, 1, 0, 0, 2, 1, 1, 1, 0, 0, 0, 0, 2, 1, 0, 0, 0, 1, 3, 0, 0, 1, 0, 0, 1, 0, 2, 0, 1, 0, 2, 1, 0, 0, 1, 1, 3, 1, 1, 3, 3, 1, 0, 0, 2, 0, 0, 0, 0, 1, 0, 0, 0, 1, 0, 0, 1, 0, 0, 1, 0, 0, 2, 0, 1],828.6150361188287,57498.909092636255,92558.71763620913,false
13,G1_CMAX,G1_CMAX,[31, 22, 82, 15, 26, 9, 95, 42, 77, 12, 47, 5, 93, 78, 86, 54, 6, 63, 18, 44, 20, 35, 43, 97, 91, 76, 10, 30, 21, 45, 71, 64, 1, 23, 17, 83, 24, 14, 60, 36, 85, 57, 40, 88, 65, 56, 79, 94, 67, 68, 46, 75, 38, 58, 19, 32, 81, 41, 62, 87, 28, 90, 99, 59, 11, 72, 16, 73, 70, 39, 37, 84, 3, 92, 25, 34, 29, 55, 51, 7, 98, 61, 66, 48, 89, 50, 4, 96, 53, 80, 8, 33, 27, 2, 52, 13, 0, 69, 74, 49]|[1, 1, 0, 1, 1, 0, 1, 2, 2, 1, 2, 2, 2, 1, 1, 0, 0, 1, 0, 2, 2, 0, 1, 2, 2, 1, 2, 2, 0, 0, 1, 1, 1, 2, 1, 0, 2, 0, 1, 1, 0, 1, 1, 1, 0, 2, 1, 1, 0, 0, 0, 0, 1, 1, 2, 1, 2, 0, 0, 2, 2, 1, 0, 1, 2, 2, 1, 1, 1, 1, 1, 1, 1, 0, 1, 2, 0, 2, 0, 1, 2, 1, 0, 0, 1, 0, 1, 2, 0, 0, 1, 2, 0, 0, 1, 0, 0, 1, 2, 0]|[0, 3, 2, 2, 4, 1, 2, 2, 2, 4, 1, 1, 2, 4, 4, 1, 2, 4, 2, 1, 1, 1, 1, 2, 1, 2, 1, 1, 1, 1, 3, 3, 3, 0, 4, 0, 1, 1, 0, 3, 2, 2, 2, 0, 1, 1, 0, 4, 0, 1, 2, 2, 1, 4, 0, 3, 2, 1, 2, 1, 1, 3, 1, 1, 1, 0, 3, 4, 3, 1, 4, 1, 1, 0, 4, 1, 1, 1, 1, 1, 1, 3, 1, 1, 1, 1, 4, 1, 2, 1, 3, 1, 2, 2, 1, 2, 2, 4, 1, 1]|[0, 2, 1, 1, 3, 0, 1, 0, 0, 0, 0, 0, 1, 0, 1, 0, 0, 3, 1, 0, 0, 0, 3, 1, 0, 2, 0, 0, 0, 1, 0, 0, 0, 0, 3, 0, 1, 0, 0, 2, 1, 1, 1, 0, 0, 0, 0, 2, 1, 0, 0, 0, 1, 3, 0, 0, 1, 0, 1, 0, 0, 2, 0, 1, 0, 1, 2, 0, 0, 1, 1, 3, 1, 1, 3, 0, 0, 0, 0, 2, 0, 0, 0, 0, 1, 0, 0, 0, 1, 0, 2, 0, 1, 0, 1, 0, 0, 2, 0, 1],740.1000024547002,57245.26292476342,97017.87740826326,false
13,G4_BALANCED,G4_BALANCED,[31, 22, 82, 15, 26, 58, 95, 42, 77, 12, 47, 5, 93, 78, 86, 54, 85, 63, 18, 44, 20, 35, 43, 97, 66, 76, 10, 30, 21, 45, 71, 1, 23, 64, 17, 83, 80, 14, 60, 36, 6, 57, 40, 88, 65, 56, 79, 94, 67, 68, 46, 75, 38, 9, 19, 32, 81, 41, 53, 62, 87, 90, 99, 59, 11, 16, 72, 73, 70, 39, 37, 84, 3, 92, 25, 28, 29, 55, 51, 7, 98, 61, 91, 48, 89, 50, 4, 96, 27, 24, 8, 33, 34, 2, 52, 13, 0, 69, 74, 49]|[1, 1, 0, 1, 1, 0, 1, 2, 2, 1, 2, 2, 2, 1, 1, 0, 0, 1, 0, 2, 2, 0, 1, 2, 2, 1, 2, 2, 0, 0, 1, 1, 2, 2, 1, 0, 0, 0, 1, 1, 0, 1, 1, 1, 0, 2, 1, 1, 0, 0, 0, 0, 1, 1, 2, 1, 2, 0, 0, 0, 2, 1, 0, 1, 2, 1, 2, 1, 1, 1, 1, 1, 1, 0, 1, 0, 0, 2, 0, 1, 2, 1, 0, 0, 1, 0, 1, 2, 0, 2, 0, 2, 2, 0, 1, 0, 0, 1, 2, 0]|[4, 3, 2, 2, 4, 1, 2, 2, 2, 4, 1, 1, 2, 4, 4, 1, 2, 4, 2, 1, 1, 1, 1, 2, 1, 2, 1, 1, 1, 1, 3, 3, 1, 1, 4, 0, 1, 1, 0, 3, 2, 2, 2, 0, 1, 1, 0, 4, 0, 1, 2, 2, 1, 4, 0, 3, 2, 1, 1, 2, 1, 3, 1, 1, 1, 3, 0, 4, 3, 1, 4, 1, 1, 0, 4, 2, 1, 1, 1, 1, 1, 3, 1, 1, 1, 1, 4, 1, 2, 1, 2, 1, 1, 2, 1, 2, 2, 4, 1, 1]|[0, 2, 1, 1, 3, 0, 1, 0, 0, 0, 0, 0, 1, 0, 1, 0, 0, 3, 1, 0, 0, 0, 3, 1, 0, 2, 0, 0, 0, 1, 0, 0, 0, 0, 3, 0, 0, 0, 0, 2, 1, 1, 1, 0, 0, 0, 0, 2, 1, 0, 0, 0, 1, 3, 0, 0, 1, 0, 0, 1, 0, 2, 0, 1, 0, 2, 1, 0, 0, 1, 1, 3, 1, 1, 3, 1, 0, 0, 0, 2, 0, 0, 0, 0, 1, 0, 0, 0, 1, 1, 1, 0, 0, 0, 1, 0, 0, 2, 0, 1],758.863641245108,56323.8828778441,93552.32614179025,false
13,G2_TEC,G2_TEC,[31, 22, 82, 15, 26, 9, 95, 42, 77, 68, 47, 5, 93, 78, 86, 54, 85, 63, 18, 44, 20, 49, 36, 14, 74, 50, 53, 17, 21, 45, 71, 64, 3, 23, 30, 83, 24, 41, 60, 52, 65, 27, 90, 70, 39, 87, 48, 69, 99, 4, 46, 1, 13, 58, 38, 59, 28, 8, 73, 37, 35, 79, 11, 66, 76, 57, 40, 80, 96, 6, 16, 61, 33, 98, 32, 81, 62, 67, 10, 7, 56, 88, 51, 19, 91, 97, 75, 92, 25, 84, 2, 55, 12, 43, 34, 0, 89, 94, 29, 72]|[2, 1, 2, 1, 1, 2, 1, 1, 1, 1, 1, 0, 2, 2, 1, 2, 0, 0, 0, 2, 2, 1, 0, 2, 0, 2, 2, 1, 0, 1, 1, 1, 0, 0, 1, 0, 2, 1, 2, 2, 0, 0, 1, 1, 0, 2, 0, 2, 1, 0, 0, 2, 0, 0, 2, 0, 2, 1, 0, 0, 2, 1, 0, 2, 2, 0, 2, 2, 0, 1, 2, 1, 1, 0, 0, 1, 1, 1, 1, 2, 2, 1, 1, 1, 1, 2, 0, 0, 1, 0, 2, 0, 1, 1, 1, 0, 1, 1, 1, 1]|[0, 3, 0, 2, 4, 1, 4, 4, 2, 4, 3, 2, 1, 0, 2, 1, 1, 1, 2, 1, 1, 3, 0, 1, 0, 1, 1, 4, 1, 4, 3, 2, 2, 0, 4, 1, 1, 4, 0, 1, 2, 1, 4, 4, 1, 1, 0, 2, 3, 1, 2, 1, 2, 1, 1, 2, 0, 3, 0, 2, 2, 3, 1, 0, 1, 0, 0, 1, 2, 4, 1, 3, 4, 2, 2, 4, 3, 3, 3, 1, 1, 4, 3, 4, 3, 1, 2, 2, 4, 2, 1, 2, 3, 4, 1, 2, 4, 4, 3, 4]|[0, 2, 0, 1, 3, 0, 1, 3, 0, 0, 2, 0, 1, 0, 1, 0, 0, 0, 1, 0, 0, 2, 0, 0, 1, 0, 0, 3, 0, 1, 0, 2, 0, 0, 3, 0, 1, 3, 1, 0, 0, 0, 1, 3, 0, 0, 1, 0, 2, 0, 0, 0, 0, 0, 1, 0, 0, 0, 1, 1, 0, 2, 0, 0, 0, 1, 0, 0, 0, 2, 0, 0, 1, 0, 0, 2, 0, 0, 3, 0, 0, 1, 0, 3, 0, 1, 0, 0, 3, 0, 0, 0, 0, 2, 1, 0, 1, 2, 0, 2],859.1368810497258,52379.626096635984,111105.82467647488,false
13,G3_TWC,G2_TEC,[31, 22, 82, 15, 26, 9, 95, 42, 77, 68, 47, 5, 93, 78, 86, 54, 85, 63, 18, 44, 20, 49, 36, 14, 74, 50, 53, 17, 21, 45, 71, 64, 3, 23, 30, 83, 24, 41, 60, 52, 65, 27, 90, 70, 39, 87, 48, 69, 99, 4, 46, 1, 13, 58, 97, 59, 28, 8, 73, 37, 35, 79, 11, 66, 76, 57, 40, 80, 96, 6, 16, 61, 89, 98, 32, 81, 62, 67, 10, 7, 56, 88, 51, 19, 91, 38, 75, 92, 25, 84, 2, 55, 12, 43, 34, 0, 33, 94, 29, 72]|[2, 1, 2, 1, 1, 2, 1, 1, 1, 1, 1, 0, 2, 2, 1, 2, 0, 0, 0, 2, 2, 1, 0, 2, 0, 2, 2, 1, 0, 1, 1, 1, 0, 0, 1, 0, 2, 1, 2, 2, 0, 0, 1, 1, 0, 2, 0, 2, 1, 0, 0, 2, 0, 0, 2, 0, 1, 1, 0, 0, 2, 1, 0, 2, 2, 0, 2, 2, 0, 1, 2, 1, 1, 0, 0, 1, 1, 1, 1, 2, 2, 1, 1, 1, 1, 0, 0, 0, 1, 0, 2, 0, 1, 1, 1, 0, 1, 1, 1, 1]|[0, 3, 0, 2, 4, 1, 4, 4, 2, 4, 3, 2, 1, 0, 2, 1, 1, 1, 2, 1, 1, 3, 0, 1, 0, 1, 1, 4, 1, 4, 3, 2, 2, 0, 4, 1, 1, 4, 0, 1, 2, 1, 4, 4, 1, 1, 0, 2, 3, 1, 2, 1, 2, 1, 1, 2, 4, 3, 0, 2, 2, 3, 1, 0, 1, 0, 0, 1, 2, 4, 1, 3, 4, 2, 2, 4, 3, 3, 3, 1, 1, 4, 3, 4, 3, 2, 2, 2, 4, 2, 1, 2, 3, 4, 1, 2, 4, 4, 3, 4]|[0, 2, 0, 1, 3, 0, 1, 3, 0, 0, 2, 0, 1, 0, 1, 0, 0, 0, 1, 0, 0, 2, 0, 0, 1, 0, 0, 3, 0, 1, 0, 2, 0, 0, 3, 0, 1, 3, 1, 0, 0, 0, 1, 3, 0, 0, 1, 0, 2, 0, 0, 0, 0, 0, 1, 0, 1, 0, 1, 1, 0, 2, 0, 0, 0, 1, 0, 0, 0, 2, 0, 0, 1, 0, 0, 2, 0, 0, 3, 0, 0, 1, 0, 3, 0, 0, 0, 0, 3, 0, 0, 0, 0, 2, 1, 0, 1, 2, 0, 2],892.8574486750599,52125.70893924806,110199.71664795247,true
13,G1_CMAX,G1_CMAX,[31, 22, 82, 15, 26, 9, 95, 42, 77, 12, 47, 5, 93, 78, 86, 54, 6, 63, 18, 44, 20, 35, 43, 97, 91, 76, 10, 30, 21, 45, 71, 64, 1, 23, 17, 83, 24, 14, 60, 36, 85, 57, 40, 88, 65, 56, 79, 94, 67, 68, 46, 75, 38, 58, 19, 32, 81, 41, 62, 87, 28, 90, 99, 59, 11, 72, 16, 73, 70, 39, 37, 84, 3, 92, 25, 34, 29, 55, 51, 7, 98, 61, 66, 48, 89, 50, 4, 96, 53, 80, 8, 33, 27, 2, 52, 13, 0, 69, 74, 49]|[1, 1, 0, 1, 1, 0, 1, 2, 2, 1, 2, 2, 2, 1, 1, 0, 0, 1, 0, 2, 2, 0, 1, 2, 2, 1, 2, 2, 0, 0, 1, 1, 1, 2, 1, 0, 2, 0, 1, 1, 0, 1, 1, 1, 0, 2, 1, 1, 0, 0, 0, 0, 1, 1, 2, 1, 2, 0, 0, 2, 2, 1, 0, 1, 2, 2, 1, 1, 1, 1, 1, 1, 1, 0, 1, 2, 0, 2, 0, 1, 2, 1, 0, 0, 1, 0, 1, 2, 0, 0, 1, 2, 0, 0, 1, 0, 0, 1, 2, 0]|[0, 3, 2, 2, 4, 1, 2, 2, 2, 4, 1, 1, 2, 4, 4, 1, 2, 4, 2, 1, 1, 1, 1, 2, 1, 2, 1, 1, 1, 1, 3, 3, 3, 0, 4, 0, 1, 1, 0, 3, 2, 2, 2, 0, 1, 1, 0, 4, 0, 1, 2, 2, 1, 4, 0, 3, 2, 1, 2, 1, 1, 3, 1, 1, 1, 0, 3, 4, 3, 1, 4, 1, 1, 0, 4, 1, 1, 1, 1, 1, 1, 3, 1, 1, 1, 1, 4, 1, 2, 1, 3, 1, 2, 2, 1, 2, 2, 4, 1, 1]|[0, 2, 1, 1, 3, 0, 1, 0, 0, 0, 0, 0, 1, 0, 1, 0, 0, 3, 1, 0, 0, 0, 3, 1, 0, 2, 0, 0, 0, 1, 0, 0, 0, 0, 3, 0, 1, 0, 0, 2, 1, 1, 1, 0, 0, 0, 0, 2, 1, 0, 0, 0, 1, 3, 0, 0, 1, 0, 1, 0, 0, 2, 0, 1, 0, 1, 2, 0, 0, 1, 1, 3, 1, 1, 3, 0, 0, 0, 0, 2, 0, 0, 0, 0, 1, 0, 0, 0, 1, 0, 2, 0, 1, 0, 1, 0, 0, 2, 0, 1],740.1000024547002,57245.26292476342,97017.87740826326,false
13,G4_BALANCED,G4_BALANCED,[31, 11, 82, 15, 26, 9, 95, 42, 77, 68, 47, 5, 93, 78, 86, 54, 85, 63, 18, 44, 20, 49, 36, 14, 74, 50, 53, 17, 21, 45, 71, 64, 3, 23, 30, 83, 24, 41, 60, 52, 65, 27, 90, 70, 39, 87, 48, 69, 99, 4, 46, 1, 13, 58, 97, 59, 28, 8, 73, 37, 35, 79, 22, 66, 76, 57, 40, 80, 96, 6, 16, 61, 33, 98, 32, 81, 62, 67, 10, 7, 56, 88, 29, 38, 91, 19, 75, 92, 25, 84, 2, 12, 55, 43, 34, 0, 89, 94, 51, 72]|[2, 1, 2, 1, 1, 2, 1, 1, 1, 1, 1, 0, 2, 2, 1, 2, 0, 0, 0, 2, 2, 1, 0, 2, 0, 2, 2, 1, 0, 1, 1, 1, 0, 0, 1, 0, 2, 1, 2, 2, 0, 0, 1, 1, 0, 2, 0, 2, 1, 0, 0, 2, 0, 0, 2, 0, 2, 1, 0, 0, 2, 1, 0, 2, 2, 0, 2, 2, 0, 1, 2, 1, 1, 0, 0, 1, 1, 1, 1, 2, 2, 1, 1, 0, 1, 1, 0, 0, 1, 0, 2, 1, 0, 1, 1, 0, 1, 1, 1, 1]|[0, 3, 0, 2, 4, 1, 4, 4, 2, 4, 3, 2, 1, 0, 2, 1, 1, 1, 2, 1, 1, 3, 0, 1, 0, 1, 1, 4, 1, 4, 3, 2, 2, 0, 4, 1, 1, 4, 0, 1, 2, 1, 4, 4, 1, 1, 0, 2, 3, 1, 2, 1, 2, 1, 1, 2, 0, 3, 0, 2, 2, 3, 1, 0, 1, 0, 0, 1, 2, 4, 1, 3, 4, 2, 2, 4, 3, 3, 3, 1, 1, 4, 3, 2, 3, 4, 2, 2, 4, 2, 1, 3, 2, 4, 1, 2, 4, 4, 3, 4]|[0, 2, 0, 1, 3, 0, 1, 3, 0, 0, 2, 0, 1, 0, 1, 0, 0, 0, 1, 0, 0, 2, 0, 0, 1, 0, 0, 3, 0, 1, 0, 2, 0, 1, 3, 0, 1, 3, 1, 0, 0, 0, 1, 3, 0, 0, 1, 0, 2, 0, 0, 0, 0, 0, 1, 0, 0, 0, 1, 1, 0, 2, 0, 0, 0, 1, 0, 0, 0, 2, 0, 0, 1, 0, 0, 2, 0, 0, 3, 0, 0, 1, 0, 0, 0, 3, 0, 0, 3, 1, 0, 0, 0, 2, 1, 0, 1, 2, 0, 2],863.6386072007003,52800.657655588206,108502.71143453874,false
13,G2_TEC,G2_TEC,[31, 22, 82, 15, 26, 9, 95, 42, 77, 68, 47, 5, 93, 78, 86, 54, 85, 63, 18, 44, 20, 49, 36, 14, 74, 50, 53, 17, 21, 45, 71, 64, 3, 23, 30, 83, 24, 41, 60, 52, 65, 27, 90, 70, 39, 87, 48, 69, 99, 4, 46, 1, 13, 58, 38, 59, 28, 8, 73, 37, 35, 79, 11, 66, 76, 57, 40, 80, 96, 6, 16, 61, 33, 98, 32, 81, 62, 67, 10, 7, 56, 88, 51, 19, 91, 97, 75, 92, 25, 84, 2, 55, 12, 43, 34, 0, 89, 94, 29, 72]|[2, 1, 2, 1, 1, 2, 1, 1, 1, 1, 1, 0, 2, 2, 1, 2, 0, 0, 0, 2, 2, 1, 0, 2, 0, 2, 2, 1, 0, 1, 1, 1, 0, 0, 1, 0, 2, 1, 2, 2, 0, 0, 1, 1, 0, 2, 0, 2, 1, 0, 0, 2, 0, 0, 2, 0, 2, 1, 0, 0, 2, 1, 0, 2, 2, 0, 2, 2, 0, 1, 2, 1, 1, 0, 0, 1, 1, 1, 1, 2, 2, 1, 1, 1, 1, 2, 0, 0, 1, 0, 2, 0, 1, 1, 1, 0, 1, 1, 1, 1]|[0, 3, 0, 2, 4, 1, 4, 4, 2, 4, 3, 2, 1, 0, 2, 1, 1, 1, 2, 1, 1, 3, 0, 1, 0, 1, 1, 4, 1, 4, 3, 2, 2, 0, 4, 1, 1, 4, 0, 1, 2, 1, 4, 4, 1, 1, 0, 2, 3, 1, 2, 1, 2, 1, 1, 2, 0, 3, 0, 2, 2, 3, 1, 0, 1, 0, 0, 1, 2, 4, 1, 3, 4, 2, 2, 4, 3, 3, 3, 1, 1, 4, 3, 4, 3, 1, 2, 2, 4, 2, 1, 2, 3, 4, 1, 2, 4, 4, 3, 4]|[0, 2, 0, 1, 3, 0, 1, 3, 0, 0, 2, 0, 1, 0, 1, 0, 0, 0, 1, 0, 0, 2, 0, 0, 1, 0, 0, 3, 0, 1, 0, 2, 0, 0, 3, 0, 1, 3, 1, 0, 0, 0, 1, 3, 0, 0, 1, 0, 2, 0, 0, 0, 0, 0, 1, 0, 0, 0, 1, 1, 0, 2, 0, 0, 0, 1, 0, 0, 0, 2, 0, 0, 1, 0, 0, 2, 0, 0, 3, 0, 0, 1, 0, 3, 0, 1, 0, 0, 3, 0, 0, 0, 0, 2, 1, 0, 1, 2, 0, 2],859.1368810497258,52379.626096635984,111105.82467647488,false
13,G3_TWC,G3_TWC,[31, 22, 82, 15, 26, 9, 95, 42, 77, 12, 47, 5, 93, 78, 86, 54, 85, 63, 18, 44, 20, 35, 43, 97, 91, 76, 10, 30, 21, 45, 71, 64, 1, 23, 17, 83, 24, 14, 60, 36, 41, 57, 40, 88, 65, 56, 79, 94, 67, 68, 46, 75, 38, 58, 19, 32, 81, 6, 27, 62, 87, 90, 99, 59, 11, 16, 72, 73, 69, 39, 37, 84, 3, 92, 25, 55, 28, 29, 51, 7, 66, 61, 98, 48, 89, 8, 33, 96, 53, 80, 50, 4, 34, 2, 52, 13, 0, 70, 74, 49]|[1, 1, 0, 1, 1, 0, 1, 2, 2, 1, 2, 2, 2, 1, 1, 0, 0, 1, 0, 2, 2, 0, 1, 2, 0, 1, 2, 2, 0, 0, 1, 2, 1, 2, 1, 0, 2, 0, 1, 1, 0, 1, 1, 1, 0, 2, 1, 1, 0, 0, 0, 0, 1, 1, 2, 1, 2, 0, 0, 0, 2, 1, 0, 1, 2, 1, 2, 1, 1, 1, 1, 1, 1, 0, 1, 1, 0, 0, 0, 1, 2, 1, 2, 0, 1, 0, 2, 0, 0, 0, 0, 0, 2, 0, 1, 0, 0, 1, 2, 0]|[4, 3, 2, 2, 4, 1, 2, 2, 2, 4, 1, 1, 2, 4, 4, 1, 2, 4, 2, 1, 1, 1, 1, 2, 1, 2, 1, 1, 1, 1, 3, 2, 3, 0, 4, 0, 1, 1, 0, 3, 2, 2, 2, 0, 1, 1, 0, 4, 0, 1, 2, 2, 1, 4, 0, 3, 2, 1, 1, 2, 1, 3, 1, 1, 1, 3, 0, 4, 3, 1, 4, 1, 1, 0, 4, 4, 2, 1, 1, 1, 1, 3, 1, 1, 1, 1, 1, 1, 2, 1, 1, 2, 1, 2, 1, 2, 2, 4, 1, 1]|[0, 2, 1, 1, 3, 0, 1, 0, 0, 0, 0, 0, 1, 0, 1, 0, 0, 3, 1, 0, 0, 0, 3, 1, 0, 2, 0, 0, 0, 1, 0, 0, 0, 0, 3, 0, 1, 0, 0, 2, 1, 1, 1, 0, 0, 0, 0, 2, 1, 0, 0, 0, 1, 3, 0, 0, 1, 0, 0, 1, 0, 2, 0, 1, 0, 2, 1, 0, 0, 1, 1, 3, 1, 1, 3, 3, 1, 0, 0, 2, 0, 0, 0, 0, 1, 0, 0, 0, 1, 0, 0, 1, 0, 0, 1, 0, 0, 2, 0, 1],828.6150361188287,57498.909092636255,92558.71763620913,false
13,G1_CMAX,G1_CMAX,[31, 22, 82, 15, 26, 9, 95, 42, 77, 12, 47, 5, 93, 78, 86, 54, 6, 63, 18, 44, 20, 35, 43, 97, 91, 76, 10, 30, 21, 45, 71, 64, 1, 23, 17, 83, 24, 14, 60, 36, 85, 57, 40, 88, 65, 56, 79, 94, 67, 68, 46, 75, 38, 58, 19, 32, 81, 41, 62, 87, 28, 90, 99, 59, 11, 72, 16, 73, 70, 39, 37, 84, 3, 92, 25, 34, 29, 55, 51, 7, 98, 61, 66, 48, 89, 50, 4, 96, 53, 80, 8, 33, 27, 2, 52, 13, 0, 69, 74, 49]|[1, 1, 0, 1, 1, 0, 1, 2, 2, 1, 2, 2, 2, 1, 1, 0, 0, 1, 0, 2, 2, 0, 1, 2, 2, 1, 2, 2, 0, 0, 1, 1, 1, 2, 1, 0, 2, 0, 1, 1, 0, 1, 1, 1, 0, 2, 1, 1, 0, 0, 0, 0, 1, 1, 2, 1, 2, 0, 0, 2, 2, 1, 0, 1, 2, 2, 1, 1, 1, 1, 1, 1, 1, 0, 1, 2, 0, 2, 0, 1, 2, 1, 0, 0, 1, 0, 1, 2, 0, 0, 1, 2, 0, 0, 1, 0, 0, 1, 2, 0]|[0, 3, 2, 2, 4, 1, 2, 2, 2, 4, 1, 1, 2, 4, 4, 1, 2, 4, 2, 1, 1, 1, 1, 2, 1, 2, 1, 1, 1, 1, 3, 3, 3, 0, 4, 0, 1, 1, 0, 3, 2, 2, 2, 0, 1, 1, 0, 4, 0, 1, 2, 2, 1, 4, 0, 3, 2, 1, 2, 1, 1, 3, 1, 1, 1, 0, 3, 4, 3, 1, 4, 1, 1, 0, 4, 1, 1, 1, 1, 1, 1, 3, 1, 1, 1, 1, 4, 1, 2, 1, 3, 1, 2, 2, 1, 2, 2, 4, 1, 1]|[0, 2, 1, 1, 3, 0, 1, 0, 0, 0, 0, 0, 1, 0, 1, 0, 0, 3, 1, 0, 0, 0, 3, 1, 0, 2, 0, 0, 0, 1, 0, 0, 0, 0, 3, 0, 1, 0, 0, 2, 1, 1, 1, 0, 0, 0, 0, 2, 1, 0, 0, 0, 1, 3, 0, 0, 1, 0, 1, 0, 0, 2, 0, 1, 0, 1, 2, 0, 0, 1, 1, 3, 1, 1, 3, 0, 0, 0, 0, 2, 0, 0, 0, 0, 1, 0, 0, 0, 1, 0, 2, 0, 1, 0, 1, 0, 0, 2, 0, 1],740.1000024547002,57245.26292476342,97017.87740826326,false
13,G4_BALANCED,G4_BALANCED,[31, 11, 82, 15, 26, 9, 95, 42, 77, 68, 47, 5, 93, 78, 86, 54, 85, 63, 18, 44, 20, 49, 36, 14, 74, 50, 53, 17, 21, 45, 71, 64, 3, 23, 30, 83, 24, 41, 60, 52, 65, 27, 90, 70, 39, 87, 48, 69, 99, 4, 46, 1, 13, 58, 97, 59, 28, 8, 73, 37, 35, 79, 22, 66, 76, 57, 40, 80, 96, 6, 16, 61, 33, 98, 32, 81, 62, 67, 10, 7, 56, 88, 29, 38, 91, 19, 75, 92, 25, 84, 2, 12, 55, 43, 34, 0, 89, 94, 51, 72]|[2, 1, 2, 1, 1, 2, 1, 1, 1, 1, 1, 0, 2, 2, 1, 2, 0, 0, 0, 2, 2, 1, 0, 2, 0, 2, 2, 1, 0, 1, 1, 1, 0, 0, 1, 0, 2, 1, 2, 2, 0, 0, 1, 1, 0, 2, 0, 2, 1, 0, 0, 2, 0, 0, 2, 0, 2, 1, 0, 0, 2, 1, 0, 2, 2, 0, 2, 2, 0, 1, 2, 1, 1, 0, 0, 1, 1, 1, 1, 2, 2, 1, 1, 0, 1, 1, 0, 0, 1, 0, 2, 1, 0, 1, 1, 0, 1, 1, 1, 1]|[0, 3, 0, 2, 4, 1, 4, 4, 2, 4, 3, 2, 1, 0, 2, 1, 1, 1, 2, 1, 1, 3, 0, 1, 0, 1, 1, 4, 1, 4, 3, 2, 2, 0, 4, 1, 1, 4, 0, 1, 2, 1, 4, 4, 1, 1, 0, 2, 3, 1, 2, 1, 2, 1, 1, 2, 0, 3, 0, 2, 2, 3, 1, 0, 1, 0, 0, 1, 2, 4, 1, 3, 4, 2, 2, 4, 3, 3, 3, 1, 1, 4, 3, 2, 3, 4, 2, 2, 4, 2, 1, 3, 2, 4, 1, 2, 4, 4, 3, 4]|[0, 2, 0, 1, 3, 0, 1, 3, 0, 0, 2, 0, 1, 0, 1, 0, 0, 0, 1, 0, 0, 2, 0, 0, 1, 0, 0, 3, 0, 1, 0, 2, 0, 1, 3, 0, 1, 3, 1, 0, 0, 0, 1, 3, 0, 0, 1, 0, 2, 0, 0, 0, 0, 0, 1, 0, 0, 0, 1, 1, 0, 2, 0, 0, 0, 1, 0, 0, 0, 2, 0, 0, 1, 0, 0, 2, 0, 0, 3, 0, 0, 1, 0, 0, 0, 3, 0, 0, 3, 1, 0, 0, 0, 2, 1, 0, 1, 2, 0, 2],863.6386072007003,52800.657655588206,108502.71143453874,false
13,G2_TEC,G2_TEC,[31, 22, 82, 15, 26, 9, 95, 42, 77, 68, 47, 5, 93, 78, 86, 54, 85, 63, 18, 44, 20, 49, 36, 14, 74, 50, 53, 17, 21, 28, 71, 64, 3, 23, 30, 83, 24, 41, 60, 52, 65, 27, 90, 70, 39, 87, 48, 69, 99, 4, 46, 1, 13, 58, 97, 59, 33, 8, 73, 37, 35, 79, 11, 66, 76, 32, 40, 80, 96, 6, 16, 61, 45, 7, 57, 34, 12, 67, 10, 98, 56, 88, 29, 19, 91, 38, 75, 92, 43, 84, 51, 62, 89, 25, 81, 55, 0, 94, 2, 72]|[2, 1, 2, 1, 1, 2, 1, 1, 1, 1, 1, 0, 2, 2, 1, 2, 0, 0, 0, 2, 2, 1, 0, 2, 0, 2, 2, 1, 0, 1, 1, 1, 0, 0, 1, 0, 2, 1, 2, 2, 0, 0, 1, 1, 0, 2, 0, 2, 1, 0, 0, 2, 0, 0, 2, 0, 1, 1, 0, 0, 1, 1, 0, 2, 2, 0, 2, 2, 0, 1, 2, 1, 1, 2, 0, 1, 1, 1, 1, 0, 2, 1, 1, 1, 1, 0, 0, 0, 1, 0, 1, 1, 1, 1, 1, 0, 0, 1, 2, 1]|[0, 3, 0, 2, 4, 1, 4, 4, 2, 4, 3, 2, 1, 0, 2, 1, 1, 1, 2, 1, 1, 3, 0, 1, 0, 1, 1, 4, 1, 4, 3, 2, 2, 0, 4, 1, 1, 4, 0, 1, 2, 1, 4, 4, 1, 1, 0, 2, 3, 1, 2, 1, 2, 1, 1, 2, 4, 3, 0, 2, 3, 3, 1, 0, 1, 2, 0, 1, 2, 4, 1, 3, 4, 1, 2, 4, 3, 3, 3, 2, 1, 4, 3, 4, 3, 2, 2, 2, 4, 2, 3, 3, 4, 4, 1, 2, 2, 4, 1, 4]|[0, 2, 0, 1, 3, 0, 1, 3, 0, 0, 2, 0, 1, 0, 1, 0, 0, 0, 1, 0, 0, 2, 0, 0, 1, 0, 0, 3, 0, 1, 0, 2, 0, 0, 3, 0, 1, 3, 1, 0, 0, 0, 1, 3, 0, 0, 1, 0, 2, 0, 0, 0, 0, 0, 1, 0, 1, 0, 1, 1, 2, 2, 0, 0, 0, 0, 0, 0, 0, 2, 0, 0, 1, 0, 0, 1, 0, 0, 3, 0, 0, 1, 0, 3, 0, 0, 0, 0, 2, 0, 0, 0, 1, 3, 1, 0, 0, 2, 0, 2],918.5349760917882,51468.548061908,110087.41095170133,false
13,G3_TWC,G3_TWC,[31, 22, 82, 15, 26, 9, 95, 42, 77, 12, 47, 5, 93, 78, 86, 54, 85, 63, 18, 44, 20, 35, 43, 97, 91, 76, 10, 30, 21, 45, 71, 64, 1, 23, 17, 83, 24, 14, 60, 36, 41, 57, 40, 88, 65, 56, 79, 94, 67, 68, 46, 75, 38, 58, 19, 32, 81, 6, 27, 62, 87, 90, 99, 59, 11, 16, 72, 73, 69, 39, 37, 84, 3, 92, 25, 55, 28, 29, 51, 7, 66, 61, 98, 48, 89, 8, 33, 96, 53, 80, 50, 4, 34, 2, 52, 13, 0, 70, 74, 49]|[1, 1, 0, 1, 1, 0, 1, 2, 2, 1, 2, 2, 2, 1, 1, 0, 0, 1, 0, 2, 2, 0, 1, 2, 0, 1, 2, 2, 0, 0, 1, 2, 1, 2, 1, 0, 2, 0, 1, 1, 0, 1, 1, 1, 0, 2, 1, 1, 0, 0, 0, 0, 1, 1, 2, 1, 2, 0, 0, 0, 2, 1, 0, 1, 2, 1, 2, 1, 1, 1, 1, 1, 1, 0, 1, 1, 0, 0, 0, 1, 2, 1, 2, 0, 1, 0, 2, 0, 0, 0, 0, 0, 2, 0, 1, 0, 0, 1, 2, 0]|[4, 3, 2, 2, 4, 1, 2, 2, 2, 4, 1, 1, 2, 4, 4, 1, 2, 4, 2, 1, 1, 1, 1, 2, 1, 2, 1, 1, 1, 1, 3, 2, 3, 0, 4, 0, 1, 1, 0, 3, 2, 2, 2, 0, 1, 1, 0, 4, 0, 1, 2, 2, 1, 4, 0, 3, 2, 1, 1, 2, 1, 3, 1, 1, 1, 3, 0, 4, 3, 1, 4, 1, 1, 0, 4, 4, 2, 1, 1, 1, 1, 3, 1, 1, 1, 1, 1, 1, 2, 1, 1, 2, 1, 2, 1, 2, 2, 4, 1, 1]|[0, 2, 1, 1, 3, 0, 1, 0, 0, 0, 0, 0, 1, 0, 1, 0, 0, 3, 1, 0, 0, 0, 3, 1, 0, 2, 0, 0, 0, 1, 0, 0, 0, 0, 3, 0, 1, 0, 0, 2, 1, 1, 1, 0, 0, 0, 0, 2, 1, 0, 0, 0, 1, 3, 0, 0, 1, 0, 0, 1, 0, 2, 0, 1, 0, 2, 1, 0, 0, 1, 1, 3, 1, 1, 3, 3, 1, 0, 0, 2, 0, 0, 0, 0, 1, 0, 0, 0, 1, 0, 0, 1, 0, 0, 1, 0, 0, 2, 0, 1],828.6150361188287,57498.909092636255,92558.71763620913,false
13,G1_CMAX,G1_CMAX,[31, 22, 82, 15, 26, 9, 95, 42, 77, 12, 47, 5, 93, 78, 86, 54, 6, 63, 18, 44, 20, 35, 43, 97, 91, 76, 10, 30, 21, 45, 71, 64, 1, 23, 17, 83, 24, 14, 60, 36, 85, 57, 40, 88, 65, 56, 79, 94, 67, 68, 46, 75, 38, 58, 19, 32, 81, 41, 62, 87, 28, 90, 99, 59, 11, 72, 16, 73, 70, 39, 37, 84, 3, 92, 25, 34, 29, 55, 51, 7, 98, 61, 66, 48, 89, 50, 4, 96, 53, 80, 8, 33, 27, 2, 52, 13, 0, 69, 74, 49]|[1, 1, 0, 1, 1, 0, 1, 2, 2, 1, 2, 2, 2, 1, 1, 0, 0, 1, 0, 2, 2, 0, 1, 2, 2, 1, 2, 2, 0, 0, 1, 1, 1, 2, 1, 0, 2, 0, 1, 1, 0, 1, 1, 1, 0, 2, 1, 1, 0, 0, 0, 0, 1, 1, 2, 1, 2, 0, 0, 2, 2, 1, 0, 1, 2, 2, 1, 1, 1, 1, 1, 1, 1, 0, 1, 2, 0, 2, 0, 1, 2, 1, 0, 0, 1, 0, 1, 2, 0, 0, 1, 2, 0, 0, 1, 0, 0, 1, 2, 0]|[0, 3, 2, 2, 4, 1, 2, 2, 2, 4, 1, 1, 2, 4, 4, 1, 2, 4, 2, 1, 1, 1, 1, 2, 1, 2, 1, 1, 1, 1, 3, 3, 3, 0, 4, 0, 1, 1, 0, 3, 2, 2, 2, 0, 1, 1, 0, 4, 0, 1, 2, 2, 1, 4, 0, 3, 2, 1, 2, 1, 1, 3, 1, 1, 1, 0, 3, 4, 3, 1, 4, 1, 1, 0, 4, 1, 1, 1, 1, 1, 1, 3, 1, 1, 1, 1, 4, 1, 2, 1, 3, 1, 2, 2, 1, 2, 2, 4, 1, 1]|[0, 2, 1, 1, 3, 0, 1, 0, 0, 0, 0, 0, 1, 0, 1, 0, 0, 3, 1, 0, 0, 0, 3, 1, 0, 2, 0, 0, 0, 1, 0, 0, 0, 0, 3, 0, 1, 0, 0, 2, 1, 1, 1, 0, 0, 0, 0, 2, 1, 0, 0, 0, 1, 3, 0, 0, 1, 0, 1, 0, 0, 2, 0, 1, 0, 1, 2, 0, 0, 1, 1, 3, 1, 1, 3, 0, 0, 0, 0, 2, 0, 0, 0, 0, 1, 0, 0, 0, 1, 0, 2, 0, 1, 0, 1, 0, 0, 2, 0, 1],740.1000024547002,57245.26292476342,97017.87740826326,false
13,G4_BALANCED,G4_BALANCED,[31, 11, 82, 15, 26, 9, 95, 42, 77, 68, 47, 5, 93, 78, 86, 54, 85, 63, 18, 44, 20, 49, 36, 14, 74, 50, 53, 17, 21, 45, 71, 64, 3, 23, 30, 83, 24, 41, 60, 52, 65, 27, 90, 70, 39, 87, 48, 69, 99, 4, 46, 1, 13, 58, 97, 59, 28, 8, 73, 37, 35, 79, 22, 66, 76, 57, 40, 80, 96, 6, 16, 61, 33, 98, 32, 81, 62, 67, 10, 7, 56, 88, 29, 38, 91, 19, 75, 92, 25, 84, 2, 12, 55, 43, 34, 0, 89, 94, 51, 72]|[2, 1, 2, 1, 1, 2, 1, 1, 1, 1, 1, 0, 2, 2, 1, 2, 0, 0, 0, 2, 2, 1, 0, 2, 0, 2, 2, 1, 0, 1, 1, 1, 0, 0, 1, 0, 2, 1, 2, 2, 0, 0, 1, 1, 0, 2, 0, 2, 1, 0, 0, 2, 0, 0, 2, 0, 2, 1, 0, 0, 2, 1, 0, 2, 2, 0, 2, 2, 0, 1, 2, 1, 1, 0, 0, 1, 1, 1, 1, 2, 2, 1, 1, 0, 1, 1, 0, 0, 1, 0, 2, 1, 0, 1, 1, 0, 1, 1, 1, 1]|[0, 3, 0, 2, 4, 1, 4, 4, 2, 4, 3, 2, 1, 0, 2, 1, 1, 1, 2, 1, 1, 3, 0, 1, 0, 1, 1, 4, 1, 4, 3, 2, 2, 0, 4, 1, 1, 4, 0, 1, 2, 1, 4, 4, 1, 1, 0, 2, 3, 1, 2, 1, 2, 1, 1, 2, 0, 3, 0, 2, 2, 3, 1, 0, 1, 0, 0, 1, 2, 4, 1, 3, 4, 2, 2, 4, 3, 3, 3, 1, 1, 4, 3, 2, 3, 4, 2, 2, 4, 2, 1, 3, 2, 4, 1, 2, 4, 4, 3, 4]|[0, 2, 0, 1, 3, 0, 1, 3, 0, 0, 2, 0, 1, 0, 1, 0, 0, 0, 1, 0, 0, 2, 0, 0, 1, 0, 0, 3, 0, 1, 0, 2, 0, 1, 3, 0, 1, 3, 1, 0, 0, 0, 1, 3, 0, 0, 1, 0, 2, 0, 0, 0, 0, 0, 1, 0, 0, 0, 1, 1, 0, 2, 0, 0, 0, 1, 0, 0, 0, 2, 0, 0, 1, 0, 0, 2, 0, 0, 3, 0, 0, 1, 0, 0, 0, 3, 0, 0, 3, 1, 0, 0, 0, 2, 1, 0, 1, 2, 0, 2],863.6386072007003,52800.657655588206,108502.71143453874,false
13,G2_TEC,G2_TEC,[31, 22, 82, 15, 26, 9, 95, 42, 77, 68, 47, 5, 93, 78, 86, 54, 85, 63, 18, 44, 20, 49, 36, 14, 74, 50, 53, 17, 21, 28, 71, 64, 3, 23, 30, 83, 24, 41, 60, 52, 65, 27, 90, 70, 39, 87, 48, 69, 99, 4, 46, 1, 13, 58, 97, 59, 33, 8, 73, 37, 35, 79, 11, 66, 76, 32, 40, 80, 96, 6, 16, 61, 45, 7, 57, 34, 12, 67, 10, 98, 56, 88, 29, 19, 91, 38, 75, 92, 43, 84, 51, 62, 89, 25, 81, 55, 0, 94, 2, 72]|[2, 1, 2, 1, 1, 2, 1, 1, 1, 1, 1, 0, 2, 2, 1, 2, 0, 0, 0, 2, 2, 1, 0, 2, 0, 2, 2, 1, 0, 1, 1, 1, 0, 0, 1, 0, 2, 1, 2, 2, 0, 0, 1, 1, 0, 2, 0, 2, 1, 0, 0, 2, 0, 0, 2, 0, 1, 1, 0, 0, 1, 1, 0, 2, 2, 0, 2, 2, 0, 1, 2, 1, 1, 2, 0, 1, 1, 1, 1, 0, 2, 1, 1, 1, 1, 0, 0, 0, 1, 0, 1, 1, 1, 1, 1, 0, 0, 1, 2, 1]|[0, 3, 0, 2, 4, 1, 4, 4, 2, 4, 3, 2, 1, 0, 2, 1, 1, 1, 2, 1, 1, 3, 0, 1, 0, 1, 1, 4, 1, 4, 3, 2, 2, 0, 4, 1, 1, 4, 0, 1, 2, 1, 4, 4, 1, 1, 0, 2, 3, 1, 2, 1, 2, 1, 1, 2, 4, 3, 0, 2, 3, 3, 1, 0, 1, 2, 0, 1, 2, 4, 1, 3, 4, 1, 2, 4, 3, 3, 3, 2, 1, 4, 3, 4, 3, 2, 2, 2, 4, 2, 3, 3, 4, 4, 1, 2, 2, 4, 1, 4]|[0, 2, 0, 1, 3, 0, 1, 3, 0, 0, 2, 0, 1, 0, 1, 0, 0, 0, 1, 0, 0, 2, 0, 0, 1, 0, 0, 3, 0, 1, 0, 2, 0, 0, 3, 0, 1, 3, 1, 0, 0, 0, 1, 3, 0, 0, 1, 0, 2, 0, 0, 0, 0, 0, 1, 0, 1, 0, 1, 1, 2, 2, 0, 0, 0, 0, 0, 0, 0, 2, 0, 0, 1, 0, 0, 1, 0, 0, 3, 0, 0, 1, 0, 3, 0, 0, 0, 0, 2, 0, 0, 0, 1, 3, 1, 0, 0, 2, 0, 2],918.5349760917882,51468.548061908,110087.41095170133,false
13,G3_TWC,G3_TWC,[31, 22, 82, 15, 26, 9, 95, 42, 77, 12, 47, 5, 93, 78, 86, 54, 85, 63, 18, 44, 20, 35, 43, 97, 91, 76, 10, 30, 21, 45, 71, 64, 1, 23, 17, 83, 24, 14, 60, 36, 41, 57, 40, 88, 65, 56, 79, 94, 67, 68, 46, 75, 38, 58, 19, 32, 81, 6, 27, 62, 87, 90, 99, 59, 11, 16, 72, 73, 69, 39, 37, 84, 3, 92, 25, 55, 28, 29, 51, 7, 66, 61, 98, 48, 89, 8, 33, 96, 53, 80, 50, 4, 34, 2, 52, 13, 0, 70, 74, 49]|[1, 1, 0, 1, 1, 0, 1, 2, 2, 1, 2, 2, 2, 1, 1, 0, 0, 1, 0, 2, 2, 0, 1, 2, 0, 1, 2, 2, 0, 0, 1, 2, 1, 2, 1, 0, 2, 0, 1, 1, 0, 1, 1, 1, 0, 2, 1, 1, 0, 0, 0, 0, 1, 1, 2, 1, 2, 0, 0, 0, 2, 1, 0, 1, 2, 1, 2, 1, 1, 1, 1, 1, 1, 0, 1, 1, 0, 0, 0, 1, 2, 1, 2, 0, 1, 0, 2, 0, 0, 0, 0, 0, 2, 0, 1, 0, 0, 1, 2, 0]|[4, 3, 2, 2, 4, 1, 2, 2, 2, 4, 1, 1, 2, 4, 4, 1, 2, 4, 2, 1, 1, 1, 1, 2, 1, 2, 1, 1, 1, 1, 3, 2, 3, 0, 4, 0, 1, 1, 0, 3, 2, 2, 2, 0, 1, 1, 0, 4, 0, 1, 2, 2, 1, 4, 0, 3, 2, 1, 1, 2, 1, 3, 1, 1, 1, 3, 0, 4, 3, 1, 4, 1, 1, 0, 4, 4, 2, 1, 1, 1, 1, 3, 1, 1, 1, 1, 1, 1, 2, 1, 1, 2, 1, 2, 1, 2, 2, 4, 1, 1]|[0, 2, 1, 1, 3, 0, 1, 0, 0, 0, 0, 0, 1, 0, 1, 0, 0, 3, 1, 0, 0, 0, 3, 1, 0, 2, 0, 0, 0, 1, 0, 0, 0, 0, 3, 0, 1, 0, 0, 2, 1, 1, 1, 0, 0, 0, 0, 2, 1, 0, 0, 0, 1, 3, 0, 0, 1, 0, 0, 1, 0, 2, 0, 1, 0, 2, 1, 0, 0, 1, 1, 3, 1, 1, 3, 3, 1, 0, 0, 2, 0, 0, 0, 0, 1, 0, 0, 0, 1, 0, 0, 1, 0, 0, 1, 0, 0, 2, 0, 1],828.6150361188287,57498.909092636255,92558.71763620913,false
13,G1_CMAX,G1_CMAX,[31, 22, 82, 15, 26, 9, 95, 42, 77, 12, 47, 5, 93, 78, 86, 54, 6, 63, 18, 44, 20, 35, 43, 97, 91, 76, 10, 30, 21, 45, 71, 64, 1, 23, 17, 83, 24, 14, 60, 36, 85, 57, 40, 88, 65, 56, 79, 94, 67, 68, 46, 75, 38, 58, 19, 32, 81, 41, 62, 87, 28, 90, 99, 59, 11, 72, 16, 73, 70, 39, 37, 84, 3, 92, 25, 34, 29, 55, 51, 7, 98, 61, 66, 48, 89, 50, 4, 96, 53, 80, 8, 33, 27, 2, 52, 13, 0, 69, 74, 49]|[1, 1, 0, 1, 1, 0, 1, 2, 2, 1, 2, 2, 2, 1, 1, 0, 0, 1, 0, 2, 2, 0, 1, 2, 2, 1, 2, 2, 0, 0, 1, 1, 1, 2, 1, 0, 2, 0, 1, 1, 0, 1, 1, 1, 0, 2, 1, 1, 0, 0, 0, 0, 1, 1, 2, 1, 2, 0, 0, 2, 2, 1, 0, 1, 2, 2, 1, 1, 1, 1, 1, 1, 1, 0, 1, 2, 0, 2, 0, 1, 2, 1, 0, 0, 1, 0, 1, 2, 0, 0, 1, 2, 0, 0, 1, 0, 0, 1, 2, 0]|[0, 3, 2, 2, 4, 1, 2, 2, 2, 4, 1, 1, 2, 4, 4, 1, 2, 4, 2, 1, 1, 1, 1, 2, 1, 2, 1, 1, 1, 1, 3, 3, 3, 0, 4, 0, 1, 1, 0, 3, 2, 2, 2, 0, 1, 1, 0, 4, 0, 1, 2, 2, 1, 4, 0, 3, 2, 1, 2, 1, 1, 3, 1, 1, 1, 0, 3, 4, 3, 1, 4, 1, 1, 0, 4, 1, 1, 1, 1, 1, 1, 3, 1, 1, 1, 1, 4, 1, 2, 1, 3, 1, 2, 2, 1, 2, 2, 4, 1, 1]|[0, 2, 1, 1, 3, 0, 1, 0, 0, 0, 0, 0, 1, 0, 1, 0, 0, 3, 1, 0, 0, 0, 3, 1, 0, 2, 0, 0, 0, 1, 0, 0, 0, 0, 3, 0, 1, 0, 0, 2, 1, 1, 1, 0, 0, 0, 0, 2, 1, 0, 0, 0, 1, 3, 0, 0, 1, 0, 1, 0, 0, 2, 0, 1, 0, 1, 2, 0, 0, 1, 1, 3, 1, 1, 3, 0, 0, 0, 0, 2, 0, 0, 0, 0, 1, 0, 0, 0, 1, 0, 2, 0, 1, 0, 1, 0, 0, 2, 0, 1],740.1000024547002,57245.26292476342,97017.87740826326,false
13,G4_BALANCED,G4_BALANCED,[31, 11, 82, 15, 26, 9, 95, 42, 77, 68, 47, 5, 93, 78, 86, 54, 85, 63, 18, 44, 20, 49, 36, 14, 74, 50, 53, 17, 21, 45, 71, 64, 3, 23, 30, 83, 24, 41, 60, 52, 65, 27, 90, 70, 39, 87, 48, 69, 99, 4, 46, 1, 13, 58, 97, 59, 28, 8, 73, 37, 35, 79, 22, 66, 76, 57, 40, 80, 96, 6, 16, 61, 33, 98, 32, 81, 62, 67, 10, 7, 56, 88, 29, 38, 91, 19, 75, 92, 25, 84, 2, 12, 55, 43, 34, 0, 89, 94, 51, 72]|[2, 1, 2, 1, 1, 2, 1, 1, 1, 1, 1, 0, 2, 2, 1, 2, 0, 0, 0, 2, 2, 1, 0, 2, 0, 2, 2, 1, 0, 1, 1, 1, 0, 0, 1, 0, 2, 1, 2, 2, 0, 0, 1, 1, 0, 2, 0, 2, 1, 0, 0, 2, 0, 0, 2, 0, 2, 1, 0, 0, 2, 1, 0, 2, 2, 0, 2, 2, 0, 1, 2, 1, 1, 0, 0, 1, 1, 1, 1, 2, 2, 1, 1, 0, 1, 1, 0, 0, 1, 0, 2, 1, 0, 1, 1, 0, 1, 1, 1, 1]|[0, 3, 0, 2, 4, 1, 4, 4, 2, 4, 3, 2, 1, 0, 2, 1, 1, 1, 2, 1, 1, 3, 0, 1, 0, 1, 1, 4, 1, 4, 3, 2, 2, 0, 4, 1, 1, 4, 0, 1, 2, 1, 4, 4, 1, 1, 0, 2, 3, 1, 2, 1, 2, 1, 1, 2, 0, 3, 0, 2, 2, 3, 1, 0, 1, 0, 0, 1, 2, 4, 1, 3, 4, 2, 2, 4, 3, 3, 3, 1, 1, 4, 3, 2, 3, 4, 2, 2, 4, 2, 1, 3, 2, 4, 1, 2, 4, 4, 3, 4]|[0, 2, 0, 1, 3, 0, 1, 3, 0, 0, 2, 0, 1, 0, 1, 0, 0, 0, 1, 0, 0, 2, 0, 0, 1, 0, 0, 3, 0, 1, 0, 2, 0, 1, 3, 0, 1, 3, 1, 0, 0, 0, 1, 3, 0, 0, 1, 0, 2, 0, 0, 0, 0, 0, 1, 0, 0, 0, 1, 1, 0, 2, 0, 0, 0, 1, 0, 0, 0, 2, 0, 0, 1, 0, 0, 2, 0, 0, 3, 0, 0, 1, 0, 0, 0, 3, 0, 0, 3, 1, 0, 0, 0, 2, 1, 0, 1, 2, 0, 2],863.6386072007003,52800.657655588206,108502.71143453874,false
13,G2_TEC,G2_TEC,[31, 22, 82, 15, 26, 9, 95, 42, 77, 68, 47, 5, 93, 78, 86, 54, 85, 63, 18, 44, 20, 49, 36, 14, 74, 50, 53, 17, 21, 28, 71, 64, 3, 23, 30, 83, 24, 41, 60, 52, 65, 27, 90, 70, 39, 87, 48, 69, 99, 4, 46, 1, 13, 58, 97, 59, 33, 8, 73, 37, 35, 79, 11, 66, 76, 32, 40, 80, 96, 6, 16, 61, 45, 7, 57, 34, 12, 67, 10, 98, 56, 88, 29, 19, 91, 38, 75, 92, 43, 84, 51, 62, 89, 25, 81, 55, 0, 94, 2, 72]|[2, 1, 2, 1, 1, 2, 1, 1, 1, 1, 1, 0, 2, 2, 1, 2, 0, 0, 0, 2, 2, 1, 0, 2, 0, 2, 2, 1, 0, 1, 1, 1, 0, 0, 1, 0, 2, 1, 2, 2, 0, 0, 1, 1, 0, 2, 0, 2, 1, 0, 0, 2, 0, 0, 2, 0, 1, 1, 0, 0, 1, 1, 0, 2, 2, 0, 2, 2, 0, 1, 2, 1, 1, 2, 0, 1, 1, 1, 1, 0, 2, 1, 1, 1, 1, 0, 0, 0, 1, 0, 1, 1, 1, 1, 1, 0, 0, 1, 2, 1]|[0, 3, 0, 2, 4, 1, 4, 4, 2, 4, 3, 2, 1, 0, 2, 1, 1, 1, 2, 1, 1, 3, 0, 1, 0, 1, 1, 4, 1, 4, 3, 2, 2, 0, 4, 1, 1, 4, 0, 1, 2, 1, 4, 4, 1, 1, 0, 2, 3, 1, 2, 1, 2, 1, 1, 2, 4, 3, 0, 2, 3, 3, 1, 0, 1, 2, 0, 1, 2, 4, 1, 3, 4, 1, 2, 4, 3, 3, 3, 2, 1, 4, 3, 4, 3, 2, 2, 2, 4, 2, 3, 3, 4, 4, 1, 2, 2, 4, 1, 4]|[0, 2, 0, 1, 3, 0, 1, 3, 0, 0, 2, 0, 1, 0, 1, 0, 0, 0, 1, 0, 0, 2, 0, 0, 1, 0, 0, 3, 0, 1, 0, 2, 0, 0, 3, 0, 1, 3, 1, 0, 0, 0, 1, 3, 0, 0, 1, 0, 2, 0, 0, 0, 0, 0, 1, 0, 1, 0, 1, 1, 2, 2, 0, 0, 0, 0, 0, 0, 0, 2, 0, 0, 1, 0, 0, 1, 0, 0, 3, 0, 0, 1, 0, 3, 0, 0, 0, 0, 2, 0, 0, 0, 1, 3, 1, 0, 0, 2, 0, 2],918.5349760917882,51468.548061908,110087.41095170133,false
13,G3_TWC,G3_TWC,[31, 22, 82, 15, 26, 9, 95, 42, 77, 12, 47, 5, 93, 78, 86, 54, 85, 63, 18, 44, 20, 35, 43, 97, 91, 76, 10, 30, 21, 45, 71, 64, 1, 23, 17, 83, 24, 14, 60, 36, 41, 57, 40, 88, 65, 56, 79, 94, 67, 68, 46, 75, 38, 58, 19, 32, 81, 6, 27, 62, 87, 90, 99, 59, 11, 16, 72, 73, 69, 39, 37, 84, 3, 92, 25, 55, 28, 29, 51, 7, 66, 61, 98, 48, 89, 8, 33, 96, 53, 80, 50, 4, 34, 2, 52, 13, 0, 70, 74, 49]|[1, 1, 0, 1, 1, 0, 1, 2, 2, 1, 2, 2, 2, 1, 1, 0, 0, 1, 0, 2, 2, 0, 1, 2, 0, 1, 2, 2, 0, 0, 1, 2, 1, 2, 1, 0, 2, 0, 1, 1, 0, 1, 1, 1, 0, 2, 1, 1, 0, 0, 0, 0, 1, 1, 2, 1, 2, 0, 0, 0, 2, 1, 0, 1, 2, 1, 2, 1, 1, 1, 1, 1, 1, 0, 1, 1, 0, 0, 0, 1, 2, 1, 2, 0, 1, 0, 2, 0, 0, 0, 0, 0, 2, 0, 1, 0, 0, 1, 2, 0]|[4, 3, 2, 2, 4, 1, 2, 2, 2, 4, 1, 1, 2, 4, 4, 1, 2, 4, 2, 1, 1, 1, 1, 2, 1, 2, 1, 1, 1, 1, 3, 2, 3, 0, 4, 0, 1, 1, 0, 3, 2, 2, 2, 0, 1, 1, 0, 4, 0, 1, 2, 2, 1, 4, 0, 3, 2, 1, 1, 2, 1, 3, 1, 1, 1, 3, 0, 4, 3, 1, 4, 1, 1, 0, 4, 4, 2, 1, 1, 1, 1, 3, 1, 1, 1, 1, 1, 1, 2, 1, 1, 2, 1, 2, 1, 2, 2, 4, 1, 1]|[0, 2, 1, 1, 3, 0, 1, 0, 0, 0, 0, 0, 1, 0, 1, 0, 0, 3, 1, 0, 0, 0, 3, 1, 0, 2, 0, 0, 0, 1, 0, 0, 0, 0, 3, 0, 1, 0, 0, 2, 1, 1, 1, 0, 0, 0, 0, 2, 1, 0, 0, 0, 1, 3, 0, 0, 1, 0, 0, 1, 0, 2, 0, 1, 0, 2, 1, 0, 0, 1, 1, 3, 1, 1, 3, 3, 1, 0, 0, 2, 0, 0, 0, 0, 1, 0, 0, 0, 1, 0, 0, 1, 0, 0, 1, 0, 0, 2, 0, 1],828.6150361188287,57498.909092636255,92558.71763620913,false
13,G1_CMAX,G1_CMAX,[31, 22, 82, 15, 26, 9, 95, 42, 77, 12, 47, 5, 93, 78, 86, 54, 6, 63, 18, 44, 20, 35, 43, 97, 91, 76, 10, 30, 21, 45, 71, 64, 1, 23, 17, 83, 24, 14, 60, 36, 85, 57, 40, 88, 65, 56, 79, 94, 67, 68, 46, 75, 38, 58, 19, 32, 81, 41, 62, 87, 28, 90, 99, 59, 11, 72, 16, 73, 70, 39, 37, 84, 3, 92, 25, 34, 29, 55, 51, 7, 98, 61, 66, 48, 89, 50, 4, 96, 53, 80, 8, 33, 27, 2, 52, 13, 0, 69, 74, 49]|[1, 1, 0, 1, 1, 0, 1, 2, 2, 1, 2, 2, 2, 1, 1, 0, 0, 1, 0, 2, 2, 0, 1, 2, 2, 1, 2, 2, 0, 0, 1, 1, 1, 2, 1, 0, 2, 0, 1, 1, 0, 1, 1, 1, 0, 2, 1, 1, 0, 0, 0, 0, 1, 1, 2, 1, 2, 0, 0, 2, 2, 1, 0, 1, 2, 2, 1, 1, 1, 1, 1, 1, 1, 0, 1, 2, 0, 2, 0, 1, 2, 1, 0, 0, 1, 0, 1, 2, 0, 0, 1, 2, 0, 0, 1, 0, 0, 1, 2, 0]|[0, 3, 2, 2, 4, 1, 2, 2, 2, 4, 1, 1, 2, 4, 4, 1, 2, 4, 2, 1, 1, 1, 1, 2, 1, 2, 1, 1, 1, 1, 3, 3, 3, 0, 4, 0, 1, 1, 0, 3, 2, 2, 2, 0, 1, 1, 0, 4, 0, 1, 2, 2, 1, 4, 0, 3, 2, 1, 2, 1, 1, 3, 1, 1, 1, 0, 3, 4, 3, 1, 4, 1, 1, 0, 4, 1, 1, 1, 1, 1, 1, 3, 1, 1, 1, 1, 4, 1, 2, 1, 3, 1, 2, 2, 1, 2, 2, 4, 1, 1]|[0, 2, 1, 1, 3, 0, 1, 0, 0, 0, 0, 0, 1, 0, 1, 0, 0, 3, 1, 0, 0, 0, 3, 1, 0, 2, 0, 0, 0, 1, 0, 0, 0, 0, 3, 0, 1, 0, 0, 2, 1, 1, 1, 0, 0, 0, 0, 2, 1, 0, 0, 0, 1, 3, 0, 0, 1, 0, 1, 0, 0, 2, 0, 1, 0, 1, 2, 0, 0, 1, 1, 3, 1, 1, 3, 0, 0, 0, 0, 2, 0, 0, 0, 0, 1, 0, 0, 0, 1, 0, 2, 0, 1, 0, 1, 0, 0, 2, 0, 1],740.1000024547002,57245.26292476342,97017.87740826326,false
13,G4_BALANCED,G4_BALANCED,[31, 11, 82, 15, 26, 9, 95, 42, 77, 68, 47, 5, 93, 78, 86, 54, 85, 63, 18, 44, 20, 49, 36, 14, 74, 50, 53, 17, 21, 45, 71, 64, 3, 23, 30, 83, 24, 41, 60, 52, 65, 27, 90, 70, 39, 87, 48, 69, 99, 4, 46, 1, 13, 58, 97, 59, 28, 8, 73, 37, 35, 79, 22, 66, 76, 57, 40, 80, 96, 6, 16, 61, 33, 98, 32, 81, 62, 67, 10, 7, 56, 88, 29, 38, 91, 19, 75, 92, 25, 84, 2, 12, 55, 43, 34, 0, 89, 94, 51, 72]|[2, 1, 2, 1, 1, 2, 1, 1, 1, 1, 1, 0, 2, 2, 1, 2, 0, 0, 0, 2, 2, 1, 0, 2, 0, 2, 2, 1, 0, 1, 1, 1, 0, 0, 1, 0, 2, 1, 2, 2, 0, 0, 1, 1, 0, 2, 0, 2, 1, 0, 0, 2, 0, 0, 2, 0, 2, 1, 0, 0, 2, 1, 0, 2, 2, 0, 2, 2, 0, 1, 2, 1, 1, 0, 0, 1, 1, 1, 1, 2, 2, 1, 1, 0, 1, 1, 0, 0, 1, 0, 2, 1, 0, 1, 1, 0, 1, 1, 1, 1]|[0, 3, 0, 2, 4, 1, 4, 4, 2, 4, 3, 2, 1, 0, 2, 1, 1, 1, 2, 1, 1, 3, 0, 1, 0, 1, 1, 4, 1, 4, 3, 2, 2, 0, 4, 1, 1, 4, 0, 1, 2, 1, 4, 4, 1, 1, 0, 2, 3, 1, 2, 1, 2, 1, 1, 2, 0, 3, 0, 2, 2, 3, 1, 0, 1, 0, 0, 1, 2, 4, 1, 3, 4, 2, 2, 4, 3, 3, 3, 1, 1, 4, 3, 2, 3, 4, 2, 2, 4, 2, 1, 3, 2, 4, 1, 2, 4, 4, 3, 4]|[0, 2, 0, 1, 3, 0, 1, 3, 0, 0, 2, 0, 1, 0, 1, 0, 0, 0, 1, 0, 0, 2, 0, 0, 1, 0, 0, 3, 0, 1, 0, 2, 0, 1, 3, 0, 1, 3, 1, 0, 0, 0, 1, 3, 0, 0, 1, 0, 2, 0, 0, 0, 0, 0, 1, 0, 0, 0, 1, 1, 0, 2, 0, 0, 0, 1, 0, 0, 0, 2, 0, 0, 1, 0, 0, 2, 0, 0, 3, 0, 0, 1, 0, 0, 0, 3, 0, 0, 3, 1, 0, 0, 0, 2, 1, 0, 1, 2, 0, 2],863.6386072007003,52800.657655588206,108502.71143453874,false
13,G2_TEC,G2_TEC,[31, 22, 82, 15, 26, 9, 95, 42, 77, 68, 47, 5, 93, 78, 86, 54, 85, 63, 18, 44, 20, 49, 36, 14, 74, 50, 53, 17, 21, 28, 71, 64, 3, 23, 30, 83, 24, 41, 60, 52, 65, 27, 90, 70, 39, 87, 48, 69, 99, 4, 46, 1, 13, 58, 97, 59, 33, 8, 73, 37, 35, 79, 11, 66, 76, 32, 40, 80, 96, 6, 16, 61, 45, 7, 57, 34, 12, 67, 10, 98, 56, 88, 29, 19, 91, 38, 75, 92, 43, 84, 51, 62, 89, 25, 81, 55, 0, 94, 2, 72]|[2, 1, 2, 1, 1, 2, 1, 1, 1, 1, 1, 0, 2, 2, 1, 2, 0, 0, 0, 2, 2, 1, 0, 2, 0, 2, 2, 1, 0, 1, 1, 1, 0, 0, 1, 0, 2, 1, 2, 2, 0, 0, 1, 1, 0, 2, 0, 2, 1, 0, 0, 2, 0, 0, 2, 0, 1, 1, 0, 0, 1, 1, 0, 2, 2, 0, 2, 2, 0, 1, 2, 1, 1, 2, 0, 1, 1, 1, 1, 0, 2, 1, 1, 1, 1, 0, 0, 0, 1, 0, 1, 1, 1, 1, 1, 0, 0, 1, 2, 1]|[0, 3, 0, 2, 4, 1, 4, 4, 2, 4, 3, 2, 1, 0, 2, 1, 1, 1, 2, 1, 1, 3, 0, 1, 0, 1, 1, 4, 1, 4, 3, 2, 2, 0, 4, 1, 1, 4, 0, 1, 2, 1, 4, 4, 1, 1, 0, 2, 3, 1, 2, 1, 2, 1, 1, 2, 4, 3, 0, 2, 3, 3, 1, 0, 1, 2, 0, 1, 2, 4, 1, 3, 4, 1, 2, 4, 3, 3, 3, 2, 1, 4, 3, 4, 3, 2, 2, 2, 4, 2, 3, 3, 4, 4, 1, 2, 2, 4, 1, 4]|[0, 2, 0, 1, 3, 0, 1, 3, 0, 0, 2, 0, 1, 0, 1, 0, 0, 0, 1, 0, 0, 2, 0, 0, 1, 0, 0, 3, 0, 1, 0, 2, 0, 0, 3, 0, 1, 3, 1, 0, 0, 0, 1, 3, 0, 0, 1, 0, 2, 0, 0, 0, 0, 0, 1, 0, 1, 0, 1, 1, 2, 2, 0, 0, 0, 0, 0, 0, 0, 2, 0, 0, 1, 0, 0, 1, 0, 0, 3, 0, 0, 1, 0, 3, 0, 0, 0, 0, 2, 0, 0, 0, 1, 3, 1, 0, 0, 2, 0, 2],918.5349760917882,51468.548061908,110087.41095170133,false
13,G3_TWC,G3_TWC,[31, 22, 82, 15, 26, 9, 95, 42, 77, 12, 47, 5, 93, 78, 86, 54, 85, 63, 18, 44, 20, 35, 43, 97, 91, 76, 10, 30, 21, 45, 71, 64, 1, 23, 17, 83, 24, 14, 60, 36, 41, 57, 40, 88, 65, 56, 79, 94, 67, 68, 46, 75, 38, 58, 19, 32, 81, 6, 27, 62, 87, 90, 99, 59, 11, 16, 72, 73, 69, 39, 37, 84, 3, 92, 25, 55, 28, 29, 51, 7, 66, 61, 98, 48, 89, 8, 33, 96, 53, 80, 50, 4, 34, 2, 52, 13, 0, 70, 74, 49]|[1, 1, 0, 1, 1, 0, 1, 2, 2, 1, 2, 2, 2, 1, 1, 0, 0, 1, 0, 2, 2, 0, 1, 2, 0, 1, 2, 2, 0, 0, 1, 2, 1, 2, 1, 0, 2, 0, 1, 1, 0, 1, 1, 1, 0, 2, 1, 1, 0, 0, 0, 0, 1, 1, 2, 1, 2, 0, 0, 0, 2, 1, 0, 1, 2, 1, 2, 1, 1, 1, 1, 1, 1, 0, 1, 1, 0, 0, 0, 1, 2, 1, 2, 0, 1, 0, 2, 0, 0, 0, 0, 0, 2, 0, 1, 0, 0, 1, 2, 0]|[4, 3, 2, 2, 4, 1, 2, 2, 2, 4, 1, 1, 2, 4, 4, 1, 2, 4, 2, 1, 1, 1, 1, 2, 1, 2, 1, 1, 1, 1, 3, 2, 3, 0, 4, 0, 1, 1, 0, 3, 2, 2, 2, 0, 1, 1, 0, 4, 0, 1, 2, 2, 1, 4, 0, 3, 2, 1, 1, 2, 1, 3, 1, 1, 1, 3, 0, 4, 3, 1, 4, 1, 1, 0, 4, 4, 2, 1, 1, 1, 1, 3, 1, 1, 1, 1, 1, 1, 2, 1, 1, 2, 1, 2, 1, 2, 2, 4, 1, 1]|[0, 2, 1, 1, 3, 0, 1, 0, 0, 0, 0, 0, 1, 0, 1, 0, 0, 3, 1, 0, 0, 0, 3, 1, 0, 2, 0, 0, 0, 1, 0, 0, 0, 0, 3, 0, 1, 0, 0, 2, 1, 1, 1, 0, 0, 0, 0, 2, 1, 0, 0, 0, 1, 3, 0, 0, 1, 0, 0, 1, 0, 2, 0, 1, 0, 2, 1, 0, 0, 1, 1, 3, 1, 1, 3, 3, 1, 0, 0, 2, 0, 0, 0, 0, 1, 0, 0, 0, 1, 0, 0, 1, 0, 0, 1, 0, 0, 2, 0, 1],828.6150361188287,57498.909092636255,92558.71763620913,false
13,G1_CMAX,G1_CMAX,[31, 22, 82, 15, 26, 9, 95, 42, 77, 12, 47, 5, 93, 78, 86, 54, 6, 63, 18, 44, 20, 35, 43, 97, 91, 76, 10, 30, 21, 45, 71, 64, 1, 23, 17, 83, 24, 14, 60, 36, 85, 57, 40, 88, 65, 56, 79, 94, 67, 68, 46, 75, 38, 58, 19, 32, 81, 41, 62, 87, 28, 90, 99, 59, 11, 72, 16, 73, 70, 39, 37, 84, 3, 92, 25, 34, 29, 55, 51, 7, 98, 61, 66, 48, 89, 50, 4, 96, 53, 80, 8, 33, 27, 2, 52, 13, 0, 69, 74, 49]|[1, 1, 0, 1, 1, 0, 1, 2, 2, 1, 2, 2, 2, 1, 1, 0, 0, 1, 0, 2, 2, 0, 1, 2, 2, 1, 2, 2, 0, 0, 1, 1, 1, 2, 1, 0, 2, 0, 1, 1, 0, 1, 1, 1, 0, 2, 1, 1, 0, 0, 0, 0, 1, 1, 2, 1, 2, 0, 0, 2, 2, 1, 0, 1, 2, 2, 1, 1, 1, 1, 1, 1, 1, 0, 1, 2, 0, 2, 0, 1, 2, 1, 0, 0, 1, 0, 1, 2, 0, 0, 1, 2, 0, 0, 1, 0, 0, 1, 2, 0]|[0, 3, 2, 2, 4, 1, 2, 2, 2, 4, 1, 1, 2, 4, 4, 1, 2, 4, 2, 1, 1, 1, 1, 2, 1, 2, 1, 1, 1, 1, 3, 3, 3, 0, 4, 0, 1, 1, 0, 3, 2, 2, 2, 0, 1, 1, 0, 4, 0, 1, 2, 2, 1, 4, 0, 3, 2, 1, 2, 1, 1, 3, 1, 1, 1, 0, 3, 4, 3, 1, 4, 1, 1, 0, 4, 1, 1, 1, 1, 1, 1, 3, 1, 1, 1, 1, 4, 1, 2, 1, 3, 1, 2, 2, 1, 2, 2, 4, 1, 1]|[0, 2, 1, 1, 3, 0, 1, 0, 0, 0, 0, 0, 1, 0, 1, 0, 0, 3, 1, 0, 0, 0, 3, 1, 0, 2, 0, 0, 0, 1, 0, 0, 0, 0, 3, 0, 1, 0, 0, 2, 1, 1, 1, 0, 0, 0, 0, 2, 1, 0, 0, 0, 1, 3, 0, 0, 1, 0, 1, 0, 0, 2, 0, 1, 0, 1, 2, 0, 0, 1, 1, 3, 1, 1, 3, 0, 0, 0, 0, 2, 0, 0, 0, 0, 1, 0, 0, 0, 1, 0, 2, 0, 1, 0, 1, 0, 0, 2, 0, 1],740.1000024547002,57245.26292476342,97017.87740826326,false
13,G4_BALANCED,G4_BALANCED,[31, 11, 82, 15, 26, 9, 95, 42, 77, 68, 47, 5, 93, 78, 86, 54, 85, 63, 18, 44, 20, 49, 36, 14, 74, 50, 53, 17, 21, 45, 71, 64, 3, 23, 30, 83, 24, 41, 60, 52, 65, 27, 90, 70, 39, 87, 48, 69, 99, 4, 46, 1, 13, 58, 97, 59, 28, 8, 73, 37, 35, 79, 22, 66, 76, 57, 40, 80, 96, 6, 16, 61, 33, 98, 32, 81, 62, 67, 10, 7, 56, 88, 29, 38, 91, 19, 75, 92, 25, 84, 2, 12, 55, 43, 34, 0, 89, 94, 51, 72]|[2, 1, 2, 1, 1, 2, 1, 1, 1, 1, 1, 0, 2, 2, 1, 2, 0, 0, 0, 2, 2, 1, 0, 2, 0, 2, 2, 1, 0, 1, 1, 1, 0, 0, 1, 0, 2, 1, 2, 2, 0, 0, 1, 1, 0, 2, 0, 2, 1, 0, 0, 2, 0, 0, 2, 0, 2, 1, 0, 0, 2, 1, 0, 2, 2, 0, 2, 2, 0, 1, 2, 1, 1, 0, 0, 1, 1, 1, 1, 2, 2, 1, 1, 0, 1, 1, 0, 0, 1, 0, 2, 1, 0, 1, 1, 0, 1, 1, 1, 1]|[0, 3, 0, 2, 4, 1, 4, 4, 2, 4, 3, 2, 1, 0, 2, 1, 1, 1, 2, 1, 1, 3, 0, 1, 0, 1, 1, 4, 1, 4, 3, 2, 2, 0, 4, 1, 1, 4, 0, 1, 2, 1, 4, 4, 1, 1, 0, 2, 3, 1, 2, 1, 2, 1, 1, 2, 0, 3, 0, 2, 2, 3, 1, 0, 1, 0, 0, 1, 2, 4, 1, 3, 4, 2, 2, 4, 3, 3, 3, 1, 1, 4, 3, 2, 3, 4, 2, 2, 4, 2, 1, 3, 2, 4, 1, 2, 4, 4, 3, 4]|[0, 2, 0, 1, 3, 0, 1, 3, 0, 0, 2, 0, 1, 0, 1, 0, 0, 0, 1, 0, 0, 2, 0, 0, 1, 0, 0, 3, 0, 1, 0, 2, 0, 1, 3, 0, 1, 3, 1, 0, 0, 0, 1, 3, 0, 0, 1, 0, 2, 0, 0, 0, 0, 0, 1, 0, 0, 0, 1, 1, 0, 2, 0, 0, 0, 1, 0, 0, 0, 2, 0, 0, 1, 0, 0, 2, 0, 0, 3, 0, 0, 1, 0, 0, 0, 3, 0, 0, 3, 1, 0, 0, 0, 2, 1, 0, 1, 2, 0, 2],863.6386072007003,52800.657655588206,108502.71143453874,false
13,G2_TEC,G2_TEC,[31, 22, 82, 15, 26, 9, 95, 42, 77, 68, 47, 5, 93, 78, 86, 54, 85, 63, 18, 44, 20, 49, 36, 14, 74, 50, 53, 17, 21, 28, 71, 64, 3, 23, 30, 83, 24, 41, 60, 52, 65, 27, 90, 70, 39, 87, 48, 69, 99, 4, 46, 1, 13, 58, 97, 59, 33, 8, 73, 37, 35, 79, 11, 66, 76, 32, 40, 80, 96, 6, 16, 61, 45, 7, 57, 34, 12, 67, 10, 98, 56, 88, 29, 19, 91, 38, 75, 92, 43, 84, 51, 62, 89, 25, 81, 55, 0, 94, 2, 72]|[2, 1, 2, 1, 1, 2, 1, 1, 1, 1, 1, 0, 2, 2, 1, 2, 0, 0, 0, 2, 2, 1, 0, 2, 0, 2, 2, 1, 0, 1, 1, 1, 0, 0, 1, 0, 2, 1, 2, 2, 0, 0, 1, 1, 0, 2, 0, 2, 1, 0, 0, 2, 0, 0, 2, 0, 1, 1, 0, 0, 1, 1, 0, 2, 2, 0, 2, 2, 0, 1, 2, 1, 1, 2, 0, 1, 1, 1, 1, 0, 2, 1, 1, 1, 1, 0, 0, 0, 1, 0, 1, 1, 1, 1, 1, 0, 0, 1, 2, 1]|[0, 3, 0, 2, 4, 1, 4, 4, 2, 4, 3, 2, 1, 0, 2, 1, 1, 1, 2, 1, 1, 3, 0, 1, 0, 1, 1, 4, 1, 4, 3, 2, 2, 0, 4, 1, 1, 4, 0, 1, 2, 1, 4, 4, 1, 1, 0, 2, 3, 1, 2, 1, 2, 1, 1, 2, 4, 3, 0, 2, 3, 3, 1, 0, 1, 2, 0, 1, 2, 4, 1, 3, 4, 1, 2, 4, 3, 3, 3, 2, 1, 4, 3, 4, 3, 2, 2, 2, 4, 2, 3, 3, 4, 4, 1, 2, 2, 4, 1, 4]|[0, 2, 0, 1, 3, 0, 1, 3, 0, 0, 2, 0, 1, 0, 1, 0, 0, 0, 1, 0, 0, 2, 0, 0, 1, 0, 0, 3, 0, 1, 0, 2, 0, 0, 3, 0, 1, 3, 1, 0, 0, 0, 1, 3, 0, 0, 1, 0, 2, 0, 0, 0, 0, 0, 1, 0, 1, 0, 1, 1, 2, 2, 0, 0, 0, 0, 0, 0, 0, 2, 0, 0, 1, 0, 0, 1, 0, 0, 3, 0, 0, 1, 0, 3, 0, 0, 0, 0, 2, 0, 0, 0, 1, 3, 1, 0, 0, 2, 0, 2],918.5349760917882,51468.548061908,110087.41095170133,false
13,G3_TWC,G3_TWC,[31, 22, 82, 15, 26, 9, 95, 42, 77, 12, 47, 5, 93, 78, 86, 54, 85, 63, 18, 44, 20, 35, 43, 97, 91, 76, 10, 30, 21, 45, 71, 64, 1, 23, 17, 83, 24, 14, 60, 36, 41, 57, 40, 88, 65, 56, 79, 94, 67, 68, 46, 75, 38, 58, 19, 32, 81, 6, 27, 62, 87, 90, 99, 59, 11, 16, 72, 73, 69, 39, 37, 84, 3, 92, 25, 55, 28, 29, 51, 7, 66, 61, 98, 48, 89, 8, 33, 96, 53, 80, 50, 4, 34, 2, 52, 13, 0, 70, 74, 49]|[1, 1, 0, 1, 1, 0, 1, 2, 2, 1, 2, 2, 2, 1, 1, 0, 0, 1, 0, 2, 2, 0, 1, 2, 0, 1, 2, 2, 0, 0, 1, 2, 1, 2, 1, 0, 2, 0, 1, 1, 0, 1, 1, 1, 0, 2, 1, 1, 0, 0, 0, 0, 1, 1, 2, 1, 2, 0, 0, 0, 2, 1, 0, 1, 2, 1, 2, 1, 1, 1, 1, 1, 1, 0, 1, 1, 0, 0, 0, 1, 2, 1, 2, 0, 1, 0, 2, 0, 0, 0, 0, 0, 2, 0, 1, 0, 0, 1, 2, 0]|[4, 3, 2, 2, 4, 1, 2, 2, 2, 4, 1, 1, 2, 4, 4, 1, 2, 4, 2, 1, 1, 1, 1, 2, 1, 2, 1, 1, 1, 1, 3, 2, 3, 0, 4, 0, 1, 1, 0, 3, 2, 2, 2, 0, 1, 1, 0, 4, 0, 1, 2, 2, 1, 4, 0, 3, 2, 1, 1, 2, 1, 3, 1, 1, 1, 3, 0, 4, 3, 1, 4, 1, 1, 0, 4, 4, 2, 1, 1, 1, 1, 3, 1, 1, 1, 1, 1, 1, 2, 1, 1, 2, 1, 2, 1, 2, 2, 4, 1, 1]|[0, 2, 1, 1, 3, 0, 1, 0, 0, 0, 0, 0, 1, 0, 1, 0, 0, 3, 1, 0, 0, 0, 3, 1, 0, 2, 0, 0, 0, 1, 0, 0, 0, 0, 3, 0, 1, 0, 0, 2, 1, 1, 1, 0, 0, 0, 0, 2, 1, 0, 0, 0, 1, 3, 0, 0, 1, 0, 0, 1, 0, 2, 0, 1, 0, 2, 1, 0, 0, 1, 1, 3, 1, 1, 3, 3, 1, 0, 0, 2, 0, 0, 0, 0, 1, 0, 0, 0, 1, 0, 0, 1, 0, 0, 1, 0, 0, 2, 0, 1],828.6150361188287,57498.909092636255,92558.71763620913,false
13,G1_CMAX,G1_CMAX,[31, 22, 82, 15, 26, 9, 95, 42, 77, 12, 47, 5, 93, 78, 86, 54, 6, 63, 18, 44, 20, 35, 43, 97, 91, 76, 10, 30, 21, 45, 71, 64, 1, 23, 17, 83, 24, 14, 60, 36, 85, 57, 40, 88, 65, 56, 79, 94, 67, 68, 46, 75, 38, 58, 19, 32, 81, 41, 62, 87, 28, 90, 99, 59, 11, 72, 16, 73, 70, 39, 37, 84, 3, 92, 25, 34, 29, 55, 51, 7, 98, 61, 66, 48, 89, 50, 4, 96, 53, 80, 8, 33, 27, 2, 52, 13, 0, 69, 74, 49]|[1, 1, 0, 1, 1, 0, 1, 2, 2, 1, 2, 2, 2, 1, 1, 0, 0, 1, 0, 2, 2, 0, 1, 2, 2, 1, 2, 2, 0, 0, 1, 1, 1, 2, 1, 0, 2, 0, 1, 1, 0, 1, 1, 1, 0, 2, 1, 1, 0, 0, 0, 0, 1, 1, 2, 1, 2, 0, 0, 2, 2, 1, 0, 1, 2, 2, 1, 1, 1, 1, 1, 1, 1, 0, 1, 2, 0, 2, 0, 1, 2, 1, 0, 0, 1, 0, 1, 2, 0, 0, 1, 2, 0, 0, 1, 0, 0, 1, 2, 0]|[0, 3, 2, 2, 4, 1, 2, 2, 2, 4, 1, 1, 2, 4, 4, 1, 2, 4, 2, 1, 1, 1, 1, 2, 1, 2, 1, 1, 1, 1, 3, 3, 3, 0, 4, 0, 1, 1, 0, 3, 2, 2, 2, 0, 1, 1, 0, 4, 0, 1, 2, 2, 1, 4, 0, 3, 2, 1, 2, 1, 1, 3, 1, 1, 1, 0, 3, 4, 3, 1, 4, 1, 1, 0, 4, 1, 1, 1, 1, 1, 1, 3, 1, 1, 1, 1, 4, 1, 2, 1, 3, 1, 2, 2, 1, 2, 2, 4, 1, 1]|[0, 2, 1, 1, 3, 0, 1, 0, 0, 0, 0, 0, 1, 0, 1, 0, 0, 3, 1, 0, 0, 0, 3, 1, 0, 2, 0, 0, 0, 1, 0, 0, 0, 0, 3, 0, 1, 0, 0, 2, 1, 1, 1, 0, 0, 0, 0, 2, 1, 0, 0, 0, 1, 3, 0, 0, 1, 0, 1, 0, 0, 2, 0, 1, 0, 1, 2, 0, 0, 1, 1, 3, 1, 1, 3, 0, 0, 0, 0, 2, 0, 0, 0, 0, 1, 0, 0, 0, 1, 0, 2, 0, 1, 0, 1, 0, 0, 2, 0, 1],740.1000024547002,57245.26292476342,97017.87740826326,false
13,G4_BALANCED,G4_BALANCED,[31, 11, 82, 15, 26, 9, 95, 42, 77, 68, 47, 5, 93, 78, 86, 54, 85, 63, 18, 44, 20, 49, 36, 14, 74, 50, 53, 17, 21, 45, 71, 64, 3, 23, 30, 83, 24, 41, 60, 52, 65, 27, 90, 70, 39, 87, 48, 69, 99, 4, 46, 1, 13, 58, 97, 59, 28, 8, 73, 37, 35, 79, 22, 66, 76, 57, 40, 80, 96, 6, 16, 61, 33, 98, 32, 81, 62, 67, 10, 7, 56, 88, 29, 38, 91, 19, 75, 92, 25, 84, 2, 12, 55, 43, 34, 0, 89, 94, 51, 72]|[2, 1, 2, 1, 1, 2, 1, 1, 1, 1, 1, 0, 2, 2, 1, 2, 0, 0, 0, 2, 2, 1, 0, 2, 0, 2, 2, 1, 0, 1, 1, 1, 0, 0, 1, 0, 2, 1, 2, 2, 0, 0, 1, 1, 0, 2, 0, 2, 1, 0, 0, 2, 0, 0, 2, 0, 2, 1, 0, 0, 2, 1, 0, 2, 2, 0, 2, 2, 0, 1, 2, 1, 1, 0, 0, 1, 1, 1, 1, 2, 2, 1, 1, 0, 1, 1, 0, 0, 1, 0, 2, 1, 0, 1, 1, 0, 1, 1, 1, 1]|[0, 3, 0, 2, 4, 1, 4, 4, 2, 4, 3, 2, 1, 0, 2, 1, 1, 1, 2, 1, 1, 3, 0, 1, 0, 1, 1, 4, 1, 4, 3, 2, 2, 0, 4, 1, 1, 4, 0, 1, 2, 1, 4, 4, 1, 1, 0, 2, 3, 1, 2, 1, 2, 1, 1, 2, 0, 3, 0, 2, 2, 3, 1, 0, 1, 0, 0, 1, 2, 4, 1, 3, 4, 2, 2, 4, 3, 3, 3, 1, 1, 4, 3, 2, 3, 4, 2, 2, 4, 2, 1, 3, 2, 4, 1, 2, 4, 4, 3, 4]|[0, 2, 0, 1, 3, 0, 1, 3, 0, 0, 2, 0, 1, 0, 1, 0, 0, 0, 1, 0, 0, 2, 0, 0, 1, 0, 0, 3, 0, 1, 0, 2, 0, 1, 3, 0, 1, 3, 1, 0, 0, 0, 1, 3, 0, 0, 1, 0, 2, 0, 0, 0, 0, 0, 1, 0, 0, 0, 1, 1, 0, 2, 0, 0, 0, 1, 0, 0, 0, 2, 0, 0, 1, 0, 0, 2, 0, 0, 3, 0, 0, 1, 0, 0, 0, 3, 0, 0, 3, 1, 0, 0, 0, 2, 1, 0, 1, 2, 0, 2],863.6386072007003,52800.657655588206,108502.71143453874,false
13,G2_TEC,G2_TEC,[31, 22, 82, 15, 26, 9, 95, 42, 77, 68, 47, 5, 93, 78, 86, 54, 85, 63, 18, 44, 20, 49, 36, 14, 74, 50, 53, 17, 21, 28, 71, 64, 3, 23, 30, 83, 24, 41, 60, 52, 65, 27, 90, 70, 39, 87, 48, 69, 99, 4, 46, 1, 13, 58, 97, 59, 33, 8, 73, 37, 35, 79, 11, 66, 76, 32, 40, 80, 96, 6, 16, 61, 45, 7, 57, 34, 12, 67, 10, 98, 56, 88, 29, 19, 91, 38, 75, 92, 43, 84, 51, 62, 89, 25, 81, 55, 0, 94, 2, 72]|[2, 1, 2, 1, 1, 2, 1, 1, 1, 1, 1, 0, 2, 2, 1, 2, 0, 0, 0, 2, 2, 1, 0, 2, 0, 2, 2, 1, 0, 1, 1, 1, 0, 0, 1, 0, 2, 1, 2, 2, 0, 0, 1, 1, 0, 2, 0, 2, 1, 0, 0, 2, 0, 0, 2, 0, 1, 1, 0, 0, 1, 1, 0, 2, 2, 0, 2, 2, 0, 1, 2, 1, 1, 2, 0, 1, 1, 1, 1, 0, 2, 1, 1, 1, 1, 0, 0, 0, 1, 0, 1, 1, 1, 1, 1, 0, 0, 1, 2, 1]|[0, 3, 0, 2, 4, 1, 4, 4, 2, 4, 3, 2, 1, 0, 2, 1, 1, 1, 2, 1, 1, 3, 0, 1, 0, 1, 1, 4, 1, 4, 3, 2, 2, 0, 4, 1, 1, 4, 0, 1, 2, 1, 4, 4, 1, 1, 0, 2, 3, 1, 2, 1, 2, 1, 1, 2, 4, 3, 0, 2, 3, 3, 1, 0, 1, 2, 0, 1, 2, 4, 1, 3, 4, 1, 2, 4, 3, 3, 3, 2, 1, 4, 3, 4, 3, 2, 2, 2, 4, 2, 3, 3, 4, 4, 1, 2, 2, 4, 1, 4]|[0, 2, 0, 1, 3, 0, 1, 3, 0, 0, 2, 0, 1, 0, 1, 0, 0, 0, 1, 0, 0, 2, 0, 0, 1, 0, 0, 3, 0, 1, 0, 2, 0, 0, 3, 0, 1, 3, 1, 0, 0, 0, 1, 3, 0, 0, 1, 0, 2, 0, 0, 0, 0, 0, 1, 0, 1, 0, 1, 1, 2, 2, 0, 0, 0, 0, 0, 0, 0, 2, 0, 0, 1, 0, 0, 1, 0, 0, 3, 0, 0, 1, 0, 3, 0, 0, 0, 0, 2, 0, 0, 0, 1, 3, 1, 0, 0, 2, 0, 2],918.5349760917882,51468.548061908,110087.41095170133,false
13,G3_TWC,G3_TWC,[31, 22, 82, 15, 26, 9, 95, 42, 77, 12, 47, 5, 93, 78, 86, 54, 85, 63, 18, 44, 20, 35, 43, 97, 91, 76, 10, 30, 21, 45, 71, 64, 1, 23, 17, 83, 24, 14, 60, 36, 41, 57, 40, 88, 65, 56, 79, 94, 67, 68, 46, 75, 38, 58, 19, 32, 81, 6, 27, 62, 87, 90, 99, 59, 11, 16, 72, 73, 69, 39, 37, 84, 3, 92, 25, 55, 28, 29, 51, 7, 66, 61, 98, 48, 89, 8, 33, 96, 53, 80, 50, 4, 34, 2, 52, 13, 0, 70, 74, 49]|[1, 1, 0, 1, 1, 0, 1, 2, 2, 1, 2, 2, 2, 1, 1, 0, 0, 1, 0, 2, 2, 0, 1, 2, 0, 1, 2, 2, 0, 0, 1, 2, 1, 2, 1, 0, 2, 0, 1, 1, 0, 1, 1, 1, 0, 2, 1, 1, 0, 0, 0, 0, 1, 1, 2, 1, 2, 0, 0, 0, 2, 1, 0, 1, 2, 1, 2, 1, 1, 1, 1, 1, 1, 0, 1, 1, 0, 0, 0, 1, 2, 1, 2, 0, 1, 0, 2, 0, 0, 0, 0, 0, 2, 0, 1, 0, 0, 1, 2, 0]|[4, 3, 2, 2, 4, 1, 2, 2, 2, 4, 1, 1, 2, 4, 4, 1, 2, 4, 2, 1, 1, 1, 1, 2, 1, 2, 1, 1, 1, 1, 3, 2, 3, 0, 4, 0, 1, 1, 0, 3, 2, 2, 2, 0, 1, 1, 0, 4, 0, 1, 2, 2, 1, 4, 0, 3, 2, 1, 1, 2, 1, 3, 1, 1, 1, 3, 0, 4, 3, 1, 4, 1, 1, 0, 4, 4, 2, 1, 1, 1, 1, 3, 1, 1, 1, 1, 1, 1, 2, 1, 1, 2, 1, 2, 1, 2, 2, 4, 1, 1]|[0, 2, 1, 1, 3, 0, 1, 0, 0, 0, 0, 0, 1, 0, 1, 0, 0, 3, 1, 0, 0, 0, 3, 1, 0, 2, 0, 0, 0, 1, 0, 0, 0, 0, 3, 0, 1, 0, 0, 2, 1, 1, 1, 0, 0, 0, 0, 2, 1, 0, 0, 0, 1, 3, 0, 0, 1, 0, 0, 1, 0, 2, 0, 1, 0, 2, 1, 0, 0, 1, 1, 3, 1, 1, 3, 3, 1, 0, 0, 2, 0, 0, 0, 0, 1, 0, 0, 0, 1, 0, 0, 1, 0, 0, 1, 0, 0, 2, 0, 1],828.6150361188287,57498.909092636255,92558.71763620913,false
13,G1_CMAX,G1_CMAX,[31, 22, 82, 15, 26, 9, 95, 42, 77, 12, 47, 5, 93, 78, 86, 54, 6, 63, 18, 44, 20, 35, 43, 97, 91, 76, 10, 30, 21, 45, 71, 64, 1, 23, 17, 83, 24, 14, 60, 36, 85, 57, 40, 88, 65, 56, 79, 94, 67, 68, 46, 75, 38, 58, 19, 32, 81, 41, 62, 87, 28, 90, 99, 59, 11, 72, 16, 73, 70, 39, 37, 84, 3, 92, 25, 34, 29, 55, 51, 7, 98, 61, 66, 48, 89, 50, 4, 96, 53, 80, 8, 33, 27, 2, 52, 13, 0, 69, 74, 49]|[1, 1, 0, 1, 1, 0, 1, 2, 2, 1, 2, 2, 2, 1, 1, 0, 0, 1, 0, 2, 2, 0, 1, 2, 2, 1, 2, 2, 0, 0, 1, 1, 1, 2, 1, 0, 2, 0, 1, 1, 0, 1, 1, 1, 0, 2, 1, 1, 0, 0, 0, 0, 1, 1, 2, 1, 2, 0, 0, 2, 2, 1, 0, 1, 2, 2, 1, 1, 1, 1, 1, 1, 1, 0, 1, 2, 0, 2, 0, 1, 2, 1, 0, 0, 1, 0, 1, 2, 0, 0, 1, 2, 0, 0, 1, 0, 0, 1, 2, 0]|[0, 3, 2, 2, 4, 1, 2, 2, 2, 4, 1, 1, 2, 4, 4, 1, 2, 4, 2, 1, 1, 1, 1, 2, 1, 2, 1, 1, 1, 1, 3, 3, 3, 0, 4, 0, 1, 1, 0, 3, 2, 2, 2, 0, 1, 1, 0, 4, 0, 1, 2, 2, 1, 4, 0, 3, 2, 1, 2, 1, 1, 3, 1, 1, 1, 0, 3, 4, 3, 1, 4, 1, 1, 0, 4, 1, 1, 1, 1, 1, 1, 3, 1, 1, 1, 1, 4, 1, 2, 1, 3, 1, 2, 2, 1, 2, 2, 4, 1, 1]|[0, 2, 1, 1, 3, 0, 1, 0, 0, 0, 0, 0, 1, 0, 1, 0, 0, 3, 1, 0, 0, 0, 3, 1, 0, 2, 0, 0, 0, 1, 0, 0, 0, 0, 3, 0, 1, 0, 0, 2, 1, 1, 1, 0, 0, 0, 0, 2, 1, 0, 0, 0, 1, 3, 0, 0, 1, 0, 1, 0, 0, 2, 0, 1, 0, 1, 2, 0, 0, 1, 1, 3, 1, 1, 3, 0, 0, 0, 0, 2, 0, 0, 0, 0, 1, 0, 0, 0, 1, 0, 2, 0, 1, 0, 1, 0, 0, 2, 0, 1],740.1000024547002,57245.26292476342,97017.87740826326,false
13,G4_BALANCED,G4_BALANCED,[31, 11, 82, 15, 26, 9, 95, 42, 77, 68, 47, 5, 93, 78, 86, 54, 85, 63, 18, 44, 20, 49, 36, 14, 74, 50, 53, 17, 21, 45, 71, 64, 3, 23, 30, 83, 24, 41, 60, 52, 65, 27, 90, 70, 39, 87, 48, 69, 99, 4, 46, 1, 13, 58, 97, 59, 28, 8, 73, 37, 35, 79, 22, 66, 76, 57, 40, 80, 96, 6, 16, 61, 33, 98, 32, 81, 62, 67, 10, 7, 56, 88, 29, 38, 91, 19, 75, 92, 25, 84, 2, 12, 55, 43, 34, 0, 89, 94, 51, 72]|[2, 1, 2, 1, 1, 2, 1, 1, 1, 1, 1, 0, 2, 2, 1, 2, 0, 0, 0, 2, 2, 1, 0, 2, 0, 2, 2, 1, 0, 1, 1, 1, 0, 0, 1, 0, 2, 1, 2, 2, 0, 0, 1, 1, 0, 2, 0, 2, 1, 0, 0, 2, 0, 0, 2, 0, 2, 1, 0, 0, 2, 1, 0, 2, 2, 0, 2, 2, 0, 1, 2, 1, 1, 0, 0, 1, 1, 1, 1, 2, 2, 1, 1, 0, 1, 1, 0, 0, 1, 0, 2, 1, 0, 1, 1, 0, 1, 1, 1, 1]|[0, 3, 0, 2, 4, 1, 4, 4, 2, 4, 3, 2, 1, 0, 2, 1, 1, 1, 2, 1, 1, 3, 0, 1, 0, 1, 1, 4, 1, 4, 3, 2, 2, 0, 4, 1, 1, 4, 0, 1, 2, 1, 4, 4, 1, 1, 0, 2, 3, 1, 2, 1, 2, 1, 1, 2, 0, 3, 0, 2, 2, 3, 1, 0, 1, 0, 0, 1, 2, 4, 1, 3, 4, 2, 2, 4, 3, 3, 3, 1, 1, 4, 3, 2, 3, 4, 2, 2, 4, 2, 1, 3, 2, 4, 1, 2, 4, 4, 3, 4]|[0, 2, 0, 1, 3, 0, 1, 3, 0, 0, 2, 0, 1, 0, 1, 0, 0, 0, 1, 0, 0, 2, 0, 0, 1, 0, 0, 3, 0, 1, 0, 2, 0, 1, 3, 0, 1, 3, 1, 0, 0, 0, 1, 3, 0, 0, 1, 0, 2, 0, 0, 0, 0, 0, 1, 0, 0, 0, 1, 1, 0, 2, 0, 0, 0, 1, 0, 0, 0, 2, 0, 0, 1, 0, 0, 2, 0, 0, 3, 0, 0, 1, 0, 0, 0, 3, 0, 0, 3, 1, 0, 0, 0, 2, 1, 0, 1, 2, 0, 2],863.6386072007003,52800.657655588206,108502.71143453874,false
13,G2_TEC,G2_TEC,[31, 22, 82, 15, 26, 9, 95, 42, 77, 68, 47, 5, 93, 78, 86, 54, 85, 63, 18, 44, 20, 49, 36, 14, 74, 50, 53, 17, 21, 28, 71, 64, 3, 23, 30, 83, 24, 41, 60, 52, 65, 27, 90, 70, 39, 87, 48, 69, 99, 4, 46, 1, 13, 58, 97, 59, 33, 8, 73, 37, 35, 79, 11, 66, 76, 32, 40, 80, 96, 6, 16, 61, 45, 7, 57, 34, 12, 67, 10, 98, 56, 88, 29, 19, 91, 38, 75, 92, 43, 84, 51, 62, 89, 25, 81, 55, 0, 94, 2, 72]|[2, 1, 2, 1, 1, 2, 1, 1, 1, 1, 1, 0, 2, 2, 1, 2, 0, 0, 0, 2, 2, 1, 0, 2, 0, 2, 2, 1, 0, 1, 1, 1, 0, 0, 1, 0, 2, 1, 2, 2, 0, 0, 1, 1, 0, 2, 0, 2, 1, 0, 0, 2, 0, 0, 2, 0, 1, 1, 0, 0, 1, 1, 0, 2, 2, 0, 2, 2, 0, 1, 2, 1, 1, 2, 0, 1, 1, 1, 1, 0, 2, 1, 1, 1, 1, 0, 0, 0, 1, 0, 1, 1, 1, 1, 1, 0, 0, 1, 2, 1]|[0, 3, 0, 2, 4, 1, 4, 4, 2, 4, 3, 2, 1, 0, 2, 1, 1, 1, 2, 1, 1, 3, 0, 1, 0, 1, 1, 4, 1, 4, 3, 2, 2, 0, 4, 1, 1, 4, 0, 1, 2, 1, 4, 4, 1, 1, 0, 2, 3, 1, 2, 1, 2, 1, 1, 2, 4, 3, 0, 2, 3, 3, 1, 0, 1, 2, 0, 1, 2, 4, 1, 3, 4, 1, 2, 4, 3, 3, 3, 2, 1, 4, 3, 4, 3, 2, 2, 2, 4, 2, 3, 3, 4, 4, 1, 2, 2, 4, 1, 4]|[0, 2, 0, 1, 3, 0, 1, 3, 0, 0, 2, 0, 1, 0, 1, 0, 0, 0, 1, 0, 0, 2, 0, 0, 1, 0, 0, 3, 0, 1, 0, 2, 0, 0, 3, 0, 1, 3, 1, 0, 0, 0, 1, 3, 0, 0, 1, 0, 2, 0, 0, 0, 0, 0, 1, 0, 1, 0, 1, 1, 2, 2, 0, 0, 0, 0, 0, 0, 0, 2, 0, 0, 1, 0, 0, 1, 0, 0, 3, 0, 0, 1, 0, 3, 0, 0, 0, 0, 2, 0, 0, 0, 1, 3, 1, 0, 0, 2, 0, 2],918.5349760917882,51468.548061908,110087.41095170133,false
13,G3_TWC,G3_TWC,[31, 22, 82, 15, 26, 9, 95, 42, 77, 12, 47, 5, 93, 78, 86, 54, 85, 63, 18, 44, 20, 35, 43, 97, 91, 76, 10, 30, 21, 45, 71, 64, 1, 23, 17, 83, 24, 14, 60, 36, 41, 57, 40, 88, 65, 56, 79, 94, 67, 68, 46, 75, 38, 58, 19, 32, 81, 6, 27, 62, 87, 90, 99, 59, 11, 16, 72, 73, 69, 39, 37, 84, 3, 92, 25, 55, 28, 29, 51, 7, 66, 61, 98, 48, 89, 8, 33, 96, 53, 80, 50, 4, 34, 2, 52, 13, 0, 70, 74, 49]|[1, 1, 0, 1, 1, 0, 1, 2, 2, 1, 2, 2, 2, 1, 1, 0, 0, 1, 0, 2, 2, 0, 1, 2, 0, 1, 2, 2, 0, 0, 1, 2, 1, 2, 1, 0, 2, 0, 1, 1, 0, 1, 1, 1, 0, 2, 1, 1, 0, 0, 0, 0, 1, 1, 2, 1, 2, 0, 0, 0, 2, 1, 0, 1, 2, 1, 2, 1, 1, 1, 1, 1, 1, 0, 1, 1, 0, 0, 0, 1, 2, 1, 2, 0, 1, 0, 2, 0, 0, 0, 0, 0, 2, 0, 1, 0, 0, 1, 2, 0]|[4, 3, 2, 2, 4, 1, 2, 2, 2, 4, 1, 1, 2, 4, 4, 1, 2, 4, 2, 1, 1, 1, 1, 2, 1, 2, 1, 1, 1, 1, 3, 2, 3, 0, 4, 0, 1, 1, 0, 3, 2, 2, 2, 0, 1, 1, 0, 4, 0, 1, 2, 2, 1, 4, 0, 3, 2, 1, 1, 2, 1, 3, 1, 1, 1, 3, 0, 4, 3, 1, 4, 1, 1, 0, 4, 4, 2, 1, 1, 1, 1, 3, 1, 1, 1, 1, 1, 1, 2, 1, 1, 2, 1, 2, 1, 2, 2, 4, 1, 1]|[0, 2, 1, 1, 3, 0, 1, 0, 0, 0, 0, 0, 1, 0, 1, 0, 0, 3, 1, 0, 0, 0, 3, 1, 0, 2, 0, 0, 0, 1, 0, 0, 0, 0, 3, 0, 1, 0, 0, 2, 1, 1, 1, 0, 0, 0, 0, 2, 1, 0, 0, 0, 1, 3, 0, 0, 1, 0, 0, 1, 0, 2, 0, 1, 0, 2, 1, 0, 0, 1, 1, 3, 1, 1, 3, 3, 1, 0, 0, 2, 0, 0, 0, 0, 1, 0, 0, 0, 1, 0, 0, 1, 0, 0, 1, 0, 0, 2, 0, 1],828.6150361188287,57498.909092636255,92558.71763620913,false
13,G1_CMAX,G1_CMAX,[31, 22, 82, 15, 26, 9, 95, 42, 77, 12, 47, 5, 93, 78, 86, 54, 6, 63, 18, 44, 20, 35, 43, 97, 91, 76, 10, 30, 21, 45, 71, 64, 1, 23, 17, 83, 24, 14, 60, 36, 85, 57, 40, 88, 65, 56, 79, 94, 67, 68, 46, 75, 38, 58, 19, 32, 81, 41, 62, 87, 28, 90, 99, 59, 11, 72, 16, 73, 70, 39, 37, 84, 3, 92, 25, 34, 29, 55, 51, 7, 98, 61, 66, 48, 89, 50, 4, 96, 53, 80, 8, 33, 27, 2, 52, 13, 0, 69, 74, 49]|[1, 1, 0, 1, 1, 0, 1, 2, 2, 1, 2, 2, 2, 1, 1, 0, 0, 1, 0, 2, 2, 0, 1, 2, 2, 1, 2, 2, 0, 0, 1, 1, 1, 2, 1, 0, 2, 0, 1, 1, 0, 1, 1, 1, 0, 2, 1, 1, 0, 0, 0, 0, 1, 1, 2, 1, 2, 0, 0, 2, 2, 1, 0, 1, 2, 2, 1, 1, 1, 1, 1, 1, 1, 0, 1, 2, 0, 2, 0, 1, 2, 1, 0, 0, 1, 0, 1, 2, 0, 0, 1, 2, 0, 0, 1, 0, 0, 1, 2, 0]|[0, 3, 2, 2, 4, 1, 2, 2, 2, 4, 1, 1, 2, 4, 4, 1, 2, 4, 2, 1, 1, 1, 1, 2, 1, 2, 1, 1, 1, 1, 3, 3, 3, 0, 4, 0, 1, 1, 0, 3, 2, 2, 2, 0, 1, 1, 0, 4, 0, 1, 2, 2, 1, 4, 0, 3, 2, 1, 2, 1, 1, 3, 1, 1, 1, 0, 3, 4, 3, 1, 4, 1, 1, 0, 4, 1, 1, 1, 1, 1, 1, 3, 1, 1, 1, 1, 4, 1, 2, 1, 3, 1, 2, 2, 1, 2, 2, 4, 1, 1]|[0, 2, 1, 1, 3, 0, 1, 0, 0, 0, 0, 0, 1, 0, 1, 0, 0, 3, 1, 0, 0, 0, 3, 1, 0, 2, 0, 0, 0, 1, 0, 0, 0, 0, 3, 0, 1, 0, 0, 2, 1, 1, 1, 0, 0, 0, 0, 2, 1, 0, 0, 0, 1, 3, 0, 0, 1, 0, 1, 0, 0, 2, 0, 1, 0, 1, 2, 0, 0, 1, 1, 3, 1, 1, 3, 0, 0, 0, 0, 2, 0, 0, 0, 0, 1, 0, 0, 0, 1, 0, 2, 0, 1, 0, 1, 0, 0, 2, 0, 1],740.1000024547002,57245.26292476342,97017.87740826326,false
13,G4_BALANCED,G4_BALANCED,[31, 11, 82, 15, 26, 9, 95, 42, 77, 68, 47, 5, 93, 78, 86, 54, 85, 63, 18, 44, 20, 49, 36, 14, 74, 50, 53, 17, 21, 45, 71, 64, 3, 23, 30, 83, 24, 41, 60, 52, 65, 27, 90, 70, 39, 87, 48, 69, 99, 4, 46, 1, 13, 58, 97, 59, 28, 8, 73, 37, 35, 79, 22, 66, 76, 57, 40, 80, 96, 6, 16, 61, 33, 98, 32, 81, 62, 67, 10, 7, 56, 88, 29, 38, 91, 19, 75, 92, 25, 84, 2, 12, 55, 43, 34, 0, 89, 94, 51, 72]|[2, 1, 2, 1, 1, 2, 1, 1, 1, 1, 1, 0, 2, 2, 1, 2, 0, 0, 0, 2, 2, 1, 0, 2, 0, 2, 2, 1, 0, 1, 1, 1, 0, 0, 1, 0, 2, 1, 2, 2, 0, 0, 1, 1, 0, 2, 0, 2, 1, 0, 0, 2, 0, 0, 2, 0, 2, 1, 0, 0, 2, 1, 0, 2, 2, 0, 2, 2, 0, 1, 2, 1, 1, 0, 0, 1, 1, 1, 1, 2, 2, 1, 1, 0, 1, 1, 0, 0, 1, 0, 2, 1, 0, 1, 1, 0, 1, 1, 1, 1]|[0, 3, 0, 2, 4, 1, 4, 4, 2, 4, 3, 2, 1, 0, 2, 1, 1, 1, 2, 1, 1, 3, 0, 1, 0, 1, 1, 4, 1, 4, 3, 2, 2, 0, 4, 1, 1, 4, 0, 1, 2, 1, 4, 4, 1, 1, 0, 2, 3, 1, 2, 1, 2, 1, 1, 2, 0, 3, 0, 2, 2, 3, 1, 0, 1, 0, 0, 1, 2, 4, 1, 3, 4, 2, 2, 4, 3, 3, 3, 1, 1, 4, 3, 2, 3, 4, 2, 2, 4, 2, 1, 3, 2, 4, 1, 2, 4, 4, 3, 4]|[0, 2, 0, 1, 3, 0, 1, 3, 0, 0, 2, 0, 1, 0, 1, 0, 0, 0, 1, 0, 0, 2, 0, 0, 1, 0, 0, 3, 0, 1, 0, 2, 0, 1, 3, 0, 1, 3, 1, 0, 0, 0, 1, 3, 0, 0, 1, 0, 2, 0, 0, 0, 0, 0, 1, 0, 0, 0, 1, 1, 0, 2, 0, 0, 0, 1, 0, 0, 0, 2, 0, 0, 1, 0, 0, 2, 0, 0, 3, 0, 0, 1, 0, 0, 0, 3, 0, 0, 3, 1, 0, 0, 0, 2, 1, 0, 1, 2, 0, 2],863.6386072007003,52800.657655588206,108502.71143453874,false
13,G2_TEC,G2_TEC,[31, 22, 82, 15, 26, 9, 95, 42, 77, 68, 47, 5, 93, 78, 86, 54, 85, 63, 18, 44, 20, 49, 36, 14, 74, 50, 53, 17, 21, 28, 71, 64, 3, 23, 30, 83, 24, 41, 60, 52, 65, 27, 90, 70, 39, 87, 48, 69, 99, 4, 46, 1, 13, 58, 97, 59, 33, 8, 73, 37, 35, 79, 11, 66, 76, 32, 40, 80, 96, 6, 16, 61, 45, 7, 57, 34, 12, 67, 10, 98, 56, 88, 29, 19, 91, 38, 75, 92, 43, 84, 51, 62, 89, 25, 81, 55, 0, 94, 2, 72]|[2, 1, 2, 1, 1, 2, 1, 1, 1, 1, 1, 0, 2, 2, 1, 2, 0, 0, 0, 2, 2, 1, 0, 2, 0, 2, 2, 1, 0, 1, 1, 1, 0, 0, 1, 0, 2, 1, 2, 2, 0, 0, 1, 1, 0, 2, 0, 2, 1, 0, 0, 2, 0, 0, 2, 0, 1, 1, 0, 0, 1, 1, 0, 2, 2, 0, 2, 2, 0, 1, 2, 1, 1, 2, 0, 1, 1, 1, 1, 0, 2, 1, 1, 1, 1, 0, 0, 0, 1, 0, 1, 1, 1, 1, 1, 0, 0, 1, 2, 1]|[0, 3, 0, 2, 4, 1, 4, 4, 2, 4, 3, 2, 1, 0, 2, 1, 1, 1, 2, 1, 1, 3, 0, 1, 0, 1, 1, 4, 1, 4, 3, 2, 2, 0, 4, 1, 1, 4, 0, 1, 2, 1, 4, 4, 1, 1, 0, 2, 3, 1, 2, 1, 2, 1, 1, 2, 4, 3, 0, 2, 3, 3, 1, 0, 1, 2, 0, 1, 2, 4, 1, 3, 4, 1, 2, 4, 3, 3, 3, 2, 1, 4, 3, 4, 3, 2, 2, 2, 4, 2, 3, 3, 4, 4, 1, 2, 2, 4, 1, 4]|[0, 2, 0, 1, 3, 0, 1, 3, 0, 0, 2, 0, 1, 0, 1, 0, 0, 0, 1, 0, 0, 2, 0, 0, 1, 0, 0, 3, 0, 1, 0, 2, 0, 0, 3, 0, 1, 3, 1, 0, 0, 0, 1, 3, 0, 0, 1, 0, 2, 0, 0, 0, 0, 0, 1, 0, 1, 0, 1, 1, 2, 2, 0, 0, 0, 0, 0, 0, 0, 2, 0, 0, 1, 0, 0, 1, 0, 0, 3, 0, 0, 1, 0, 3, 0, 0, 0, 0, 2, 0, 0, 0, 1, 3, 1, 0, 0, 2, 0, 2],918.5349760917882,51468.548061908,110087.41095170133,false
13,G3_TWC,G3_TWC,[31, 22, 82, 15, 26, 9, 95, 42, 77, 12, 47, 5, 93, 78, 86, 54, 85, 63, 18, 44, 20, 35, 43, 97, 91, 76, 10, 30, 21, 45, 71, 64, 1, 23, 17, 83, 24, 14, 60, 36, 41, 57, 40, 88, 65, 56, 79, 94, 67, 68, 46, 75, 38, 58, 19, 32, 81, 6, 27, 62, 87, 90, 99, 59, 11, 16, 72, 73, 69, 39, 37, 84, 3, 92, 25, 55, 28, 29, 51, 7, 66, 61, 98, 48, 89, 8, 33, 96, 53, 80, 50, 4, 34, 2, 52, 13, 0, 70, 74, 49]|[1, 1, 0, 1, 1, 0, 1, 2, 2, 1, 2, 2, 2, 1, 1, 0, 0, 1, 0, 2, 2, 0, 1, 2, 0, 1, 2, 2, 0, 0, 1, 2, 1, 2, 1, 0, 2, 0, 1, 1, 0, 1, 1, 1, 0, 2, 1, 1, 0, 0, 0, 0, 1, 1, 2, 1, 2, 0, 0, 0, 2, 1, 0, 1, 2, 1, 2, 1, 1, 1, 1, 1, 1, 0, 1, 1, 0, 0, 0, 1, 2, 1, 2, 0, 1, 0, 2, 0, 0, 0, 0, 0, 2, 0, 1, 0, 0, 1, 2, 0]|[4, 3, 2, 2, 4, 1, 2, 2, 2, 4, 1, 1, 2, 4, 4, 1, 2, 4, 2, 1, 1, 1, 1, 2, 1, 2, 1, 1, 1, 1, 3, 2, 3, 0, 4, 0, 1, 1, 0, 3, 2, 2, 2, 0, 1, 1, 0, 4, 0, 1, 2, 2, 1, 4, 0, 3, 2, 1, 1, 2, 1, 3, 1, 1, 1, 3, 0, 4, 3, 1, 4, 1, 1, 0, 4, 4, 2, 1, 1, 1, 1, 3, 1, 1, 1, 1, 1, 1, 2, 1, 1, 2, 1, 2, 1, 2, 2, 4, 1, 1]|[0, 2, 1, 1, 3, 0, 1, 0, 0, 0, 0, 0, 1, 0, 1, 0, 0, 3, 1, 0, 0, 0, 3, 1, 0, 2, 0, 0, 0, 1, 0, 0, 0, 0, 3, 0, 1, 0, 0, 2, 1, 1, 1, 0, 0, 0, 0, 2, 1, 0, 0, 0, 1, 3, 0, 0, 1, 0, 0, 1, 0, 2, 0, 1, 0, 2, 1, 0, 0, 1, 1, 3, 1, 1, 3, 3, 1, 0, 0, 2, 0, 0, 0, 0, 1, 0, 0, 0, 1, 0, 0, 1, 0, 0, 1, 0, 0, 2, 0, 1],828.6150361188287,57498.909092636255,92558.71763620913,false
13,G1_CMAX,G1_CMAX,[31, 22, 82, 15, 26, 9, 95, 42, 77, 12, 47, 5, 93, 78, 86, 54, 6, 63, 18, 44, 20, 35, 43, 97, 91, 76, 10, 30, 21, 45, 71, 64, 1, 23, 17, 83, 24, 14, 60, 36, 85, 57, 40, 88, 65, 56, 79, 94, 67, 68, 46, 75, 38, 58, 19, 32, 81, 41, 62, 87, 28, 90, 99, 59, 11, 72, 16, 73, 70, 39, 37, 84, 3, 92, 25, 34, 29, 55, 51, 7, 98, 61, 66, 48, 89, 50, 4, 96, 53, 80, 8, 33, 27, 2, 52, 13, 0, 69, 74, 49]|[1, 1, 0, 1, 1, 0, 1, 2, 2, 1, 2, 2, 2, 1, 1, 0, 0, 1, 0, 2, 2, 0, 1, 2, 2, 1, 2, 2, 0, 0, 1, 1, 1, 2, 1, 0, 2, 0, 1, 1, 0, 1, 1, 1, 0, 2, 1, 1, 0, 0, 0, 0, 1, 1, 2, 1, 2, 0, 0, 2, 2, 1, 0, 1, 2, 2, 1, 1, 1, 1, 1, 1, 1, 0, 1, 2, 0, 2, 0, 1, 2, 1, 0, 0, 1, 0, 1, 2, 0, 0, 1, 2, 0, 0, 1, 0, 0, 1, 2, 0]|[0, 3, 2, 2, 4, 1, 2, 2, 2, 4, 1, 1, 2, 4, 4, 1, 2, 4, 2, 1, 1, 1, 1, 2, 1, 2, 1, 1, 1, 1, 3, 3, 3, 0, 4, 0, 1, 1, 0, 3, 2, 2, 2, 0, 1, 1, 0, 4, 0, 1, 2, 2, 1, 4, 0, 3, 2, 1, 2, 1, 1, 3, 1, 1, 1, 0, 3, 4, 3, 1, 4, 1, 1, 0, 4, 1, 1, 1, 1, 1, 1, 3, 1, 1, 1, 1, 4, 1, 2, 1, 3, 1, 2, 2, 1, 2, 2, 4, 1, 1]|[0, 2, 1, 1, 3, 0, 1, 0, 0, 0, 0, 0, 1, 0, 1, 0, 0, 3, 1, 0, 0, 0, 3, 1, 0, 2, 0, 0, 0, 1, 0, 0, 0, 0, 3, 0, 1, 0, 0, 2, 1, 1, 1, 0, 0, 0, 0, 2, 1, 0, 0, 0, 1, 3, 0, 0, 1, 0, 1, 0, 0, 2, 0, 1, 0, 1, 2, 0, 0, 1, 1, 3, 1, 1, 3, 0, 0, 0, 0, 2, 0, 0, 0, 0, 1, 0, 0, 0, 1, 0, 2, 0, 1, 0, 1, 0, 0, 2, 0, 1],740.1000024547002,57245.26292476342,97017.87740826326,false
13,G4_BALANCED,G4_BALANCED,[31, 11, 82, 15, 26, 9, 95, 42, 77, 68, 47, 5, 93, 78, 86, 54, 85, 63, 18, 44, 20, 49, 36, 14, 74, 50, 53, 17, 21, 45, 71, 64, 3, 23, 30, 83, 24, 41, 60, 52, 65, 27, 90, 70, 39, 87, 48, 69, 99, 4, 46, 1, 13, 58, 97, 59, 28, 8, 73, 37, 35, 79, 22, 66, 76, 57, 40, 80, 96, 6, 16, 61, 33, 98, 32, 81, 62, 67, 10, 7, 56, 88, 29, 38, 91, 19, 75, 92, 25, 84, 2, 12, 55, 43, 34, 0, 89, 94, 51, 72]|[2, 1, 2, 1, 1, 2, 1, 1, 1, 1, 1, 0, 2, 2, 1, 2, 0, 0, 0, 2, 2, 1, 0, 2, 0, 2, 2, 1, 0, 1, 1, 1, 0, 0, 1, 0, 2, 1, 2, 2, 0, 0, 1, 1, 0, 2, 0, 2, 1, 0, 0, 2, 0, 0, 2, 0, 2, 1, 0, 0, 2, 1, 0, 2, 2, 0, 2, 2, 0, 1, 2, 1, 1, 0, 0, 1, 1, 1, 1, 2, 2, 1, 1, 0, 1, 1, 0, 0, 1, 0, 2, 1, 0, 1, 1, 0, 1, 1, 1, 1]|[0, 3, 0, 2, 4, 1, 4, 4, 2, 4, 3, 2, 1, 0, 2, 1, 1, 1, 2, 1, 1, 3, 0, 1, 0, 1, 1, 4, 1, 4, 3, 2, 2, 0, 4, 1, 1, 4, 0, 1, 2, 1, 4, 4, 1, 1, 0, 2, 3, 1, 2, 1, 2, 1, 1, 2, 0, 3, 0, 2, 2, 3, 1, 0, 1, 0, 0, 1, 2, 4, 1, 3, 4, 2, 2, 4, 3, 3, 3, 1, 1, 4, 3, 2, 3, 4, 2, 2, 4, 2, 1, 3, 2, 4, 1, 2, 4, 4, 3, 4]|[0, 2, 0, 1, 3, 0, 1, 3, 0, 0, 2, 0, 1, 0, 1, 0, 0, 0, 1, 0, 0, 2, 0, 0, 1, 0, 0, 3, 0, 1, 0, 2, 0, 1, 3, 0, 1, 3, 1, 0, 0, 0, 1, 3, 0, 0, 1, 0, 2, 0, 0, 0, 0, 0, 1, 0, 0, 0, 1, 1, 0, 2, 0, 0, 0, 1, 0, 0, 0, 2, 0, 0, 1, 0, 0, 2, 0, 0, 3, 0, 0, 1, 0, 0, 0, 3, 0, 0, 3, 1, 0, 0, 0, 2, 1, 0, 1, 2, 0, 2],863.6386072007003,52800.657655588206,108502.71143453874,false
13,G2_TEC,G2_TEC,[31, 22, 82, 15, 26, 9, 95, 42, 77, 68, 47, 5, 93, 78, 86, 54, 85, 63, 18, 44, 20, 49, 36, 14, 74, 50, 53, 17, 21, 28, 71, 64, 3, 23, 30, 83, 24, 41, 60, 52, 65, 27, 90, 70, 39, 87, 48, 69, 99, 4, 46, 1, 13, 58, 97, 59, 33, 8, 73, 37, 35, 79, 11, 66, 76, 32, 40, 80, 96, 6, 16, 61, 45, 7, 57, 34, 12, 67, 10, 98, 56, 88, 29, 19, 91, 38, 75, 92, 43, 84, 51, 62, 89, 25, 81, 55, 0, 94, 2, 72]|[2, 1, 2, 1, 1, 2, 1, 1, 1, 1, 1, 0, 2, 2, 1, 2, 0, 0, 0, 2, 2, 1, 0, 2, 0, 2, 2, 1, 0, 1, 1, 1, 0, 0, 1, 0, 2, 1, 2, 2, 0, 0, 1, 1, 0, 2, 0, 2, 1, 0, 0, 2, 0, 0, 2, 0, 1, 1, 0, 0, 1, 1, 0, 2, 2, 0, 2, 2, 0, 1, 2, 1, 1, 2, 0, 1, 1, 1, 1, 0, 2, 1, 1, 1, 1, 0, 0, 0, 1, 0, 1, 1, 1, 1, 1, 0, 0, 1, 2, 1]|[0, 3, 0, 2, 4, 1, 4, 4, 2, 4, 3, 2, 1, 0, 2, 1, 1, 1, 2, 1, 1, 3, 0, 1, 0, 1, 1, 4, 1, 4, 3, 2, 2, 0, 4, 1, 1, 4, 0, 1, 2, 1, 4, 4, 1, 1, 0, 2, 3, 1, 2, 1, 2, 1, 1, 2, 4, 3, 0, 2, 3, 3, 1, 0, 1, 2, 0, 1, 2, 4, 1, 3, 4, 1, 2, 4, 3, 3, 3, 2, 1, 4, 3, 4, 3, 2, 2, 2, 4, 2, 3, 3, 4, 4, 1, 2, 2, 4, 1, 4]|[0, 2, 0, 1, 3, 0, 1, 3, 0, 0, 2, 0, 1, 0, 1, 0, 0, 0, 1, 0, 0, 2, 0, 0, 1, 0, 0, 3, 0, 1, 0, 2, 0, 0, 3, 0, 1, 3, 1, 0, 0, 0, 1, 3, 0, 0, 1, 0, 2, 0, 0, 0, 0, 0, 1, 0, 1, 0, 1, 1, 2, 2, 0, 0, 0, 0, 0, 0, 0, 2, 0, 0, 1, 0, 0, 1, 0, 0, 3, 0, 0, 1, 0, 3, 0, 0, 0, 0, 2, 0, 0, 0, 1, 3, 1, 0, 0, 2, 0, 2],918.5349760917882,51468.548061908,110087.41095170133,false
13,G3_TWC,G3_TWC,[31, 22, 82, 15, 26, 9, 95, 42, 77, 12, 47, 5, 93, 78, 86, 54, 85, 63, 18, 44, 20, 35, 43, 97, 91, 76, 10, 30, 21, 45, 71, 64, 1, 23, 17, 83, 24, 14, 60, 36, 41, 57, 40, 88, 65, 56, 79, 94, 67, 68, 46, 75, 38, 58, 19, 32, 81, 6, 27, 62, 87, 90, 99, 59, 11, 16, 72, 73, 69, 39, 37, 84, 3, 92, 25, 55, 28, 29, 51, 7, 66, 61, 98, 48, 89, 8, 33, 96, 53, 80, 50, 4, 34, 2, 52, 13, 0, 70, 74, 49]|[1, 1, 0, 1, 1, 0, 1, 2, 2, 1, 2, 2, 2, 1, 1, 0, 0, 1, 0, 2, 2, 0, 1, 2, 0, 1, 2, 2, 0, 0, 1, 2, 1, 2, 1, 0, 2, 0, 1, 1, 0, 1, 1, 1, 0, 2, 1, 1, 0, 0, 0, 0, 1, 1, 2, 1, 2, 0, 0, 0, 2, 1, 0, 1, 2, 1, 2, 1, 1, 1, 1, 1, 1, 0, 1, 1, 0, 0, 0, 1, 2, 1, 2, 0, 1, 0, 2, 0, 0, 0, 0, 0, 2, 0, 1, 0, 0, 1, 2, 0]|[4, 3, 2, 2, 4, 1, 2, 2, 2, 4, 1, 1, 2, 4, 4, 1, 2, 4, 2, 1, 1, 1, 1, 2, 1, 2, 1, 1, 1, 1, 3, 2, 3, 0, 4, 0, 1, 1, 0, 3, 2, 2, 2, 0, 1, 1, 0, 4, 0, 1, 2, 2, 1, 4, 0, 3, 2, 1, 1, 2, 1, 3, 1, 1, 1, 3, 0, 4, 3, 1, 4, 1, 1, 0, 4, 4, 2, 1, 1, 1, 1, 3, 1, 1, 1, 1, 1, 1, 2, 1, 1, 2, 1, 2, 1, 2, 2, 4, 1, 1]|[0, 2, 1, 1, 3, 0, 1, 0, 0, 0, 0, 0, 1, 0, 1, 0, 0, 3, 1, 0, 0, 0, 3, 1, 0, 2, 0, 0, 0, 1, 0, 0, 0, 0, 3, 0, 1, 0, 0, 2, 1, 1, 1, 0, 0, 0, 0, 2, 1, 0, 0, 0, 1, 3, 0, 0, 1, 0, 0, 1, 0, 2, 0, 1, 0, 2, 1, 0, 0, 1, 1, 3, 1, 1, 3, 3, 1, 0, 0, 2, 0, 0, 0, 0, 1, 0, 0, 0, 1, 0, 0, 1, 0, 0, 1, 0, 0, 2, 0, 1],828.6150361188287,57498.909092636255,92558.71763620913,false
13,G1_CMAX,G1_CMAX,[31, 22, 82, 15, 26, 9, 95, 42, 77, 12, 47, 5, 93, 78, 86, 54, 6, 63, 18, 44, 20, 35, 43, 97, 91, 76, 10, 30, 21, 45, 71, 64, 1, 23, 17, 83, 24, 14, 60, 36, 85, 57, 40, 88, 65, 56, 79, 94, 67, 68, 46, 75, 38, 58, 19, 32, 81, 41, 62, 87, 28, 90, 99, 59, 11, 72, 16, 73, 70, 39, 37, 84, 3, 92, 25, 34, 29, 55, 51, 7, 98, 61, 66, 48, 89, 50, 4, 96, 53, 80, 8, 33, 27, 2, 52, 13, 0, 69, 74, 49]|[1, 1, 0, 1, 1, 0, 1, 2, 2, 1, 2, 2, 2, 1, 1, 0, 0, 1, 0, 2, 2, 0, 1, 2, 2, 1, 2, 2, 0, 0, 1, 1, 1, 2, 1, 0, 2, 0, 1, 1, 0, 1, 1, 1, 0, 2, 1, 1, 0, 0, 0, 0, 1, 1, 2, 1, 2, 0, 0, 2, 2, 1, 0, 1, 2, 2, 1, 1, 1, 1, 1, 1, 1, 0, 1, 2, 0, 2, 0, 1, 2, 1, 0, 0, 1, 0, 1, 2, 0, 0, 1, 2, 0, 0, 1, 0, 0, 1, 2, 0]|[0, 3, 2, 2, 4, 1, 2, 2, 2, 4, 1, 1, 2, 4, 4, 1, 2, 4, 2, 1, 1, 1, 1, 2, 1, 2, 1, 1, 1, 1, 3, 3, 3, 0, 4, 0, 1, 1, 0, 3, 2, 2, 2, 0, 1, 1, 0, 4, 0, 1, 2, 2, 1, 4, 0, 3, 2, 1, 2, 1, 1, 3, 1, 1, 1, 0, 3, 4, 3, 1, 4, 1, 1, 0, 4, 1, 1, 1, 1, 1, 1, 3, 1, 1, 1, 1, 4, 1, 2, 1, 3, 1, 2, 2, 1, 2, 2, 4, 1, 1]|[0, 2, 1, 1, 3, 0, 1, 0, 0, 0, 0, 0, 1, 0, 1, 0, 0, 3, 1, 0, 0, 0, 3, 1, 0, 2, 0, 0, 0, 1, 0, 0, 0, 0, 3, 0, 1, 0, 0, 2, 1, 1, 1, 0, 0, 0, 0, 2, 1, 0, 0, 0, 1, 3, 0, 0, 1, 0, 1, 0, 0, 2, 0, 1, 0, 1, 2, 0, 0, 1, 1, 3, 1, 1, 3, 0, 0, 0, 0, 2, 0, 0, 0, 0, 1, 0, 0, 0, 1, 0, 2, 0, 1, 0, 1, 0, 0, 2, 0, 1],740.1000024547002,57245.26292476342,97017.87740826326,false
13,G4_BALANCED,G4_BALANCED,[31, 11, 82, 15, 26, 9, 95, 42, 77, 68, 47, 5, 93, 78, 86, 54, 85, 63, 18, 44, 20, 49, 36, 14, 74, 50, 53, 17, 21, 45, 71, 64, 3, 23, 30, 83, 24, 41, 60, 52, 65, 27, 90, 70, 39, 87, 48, 69, 99, 4, 46, 1, 13, 58, 97, 59, 28, 8, 73, 37, 35, 79, 22, 66, 76, 57, 40, 80, 96, 6, 16, 61, 33, 98, 32, 81, 62, 67, 10, 7, 56, 88, 29, 38, 91, 19, 75, 92, 25, 84, 2, 12, 55, 43, 34, 0, 89, 94, 51, 72]|[2, 1, 2, 1, 1, 2, 1, 1, 1, 1, 1, 0, 2, 2, 1, 2, 0, 0, 0, 2, 2, 1, 0, 2, 0, 2, 2, 1, 0, 1, 1, 1, 0, 0, 1, 0, 2, 1, 2, 2, 0, 0, 1, 1, 0, 2, 0, 2, 1, 0, 0, 2, 0, 0, 2, 0, 2, 1, 0, 0, 2, 1, 0, 2, 2, 0, 2, 2, 0, 1, 2, 1, 1, 0, 0, 1, 1, 1, 1, 2, 2, 1, 1, 0, 1, 1, 0, 0, 1, 0, 2, 1, 0, 1, 1, 0, 1, 1, 1, 1]|[0, 3, 0, 2, 4, 1, 4, 4, 2, 4, 3, 2, 1, 0, 2, 1, 1, 1, 2, 1, 1, 3, 0, 1, 0, 1, 1, 4, 1, 4, 3, 2, 2, 0, 4, 1, 1, 4, 0, 1, 2, 1, 4, 4, 1, 1, 0, 2, 3, 1, 2, 1, 2, 1, 1, 2, 0, 3, 0, 2, 2, 3, 1, 0, 1, 0, 0, 1, 2, 4, 1, 3, 4, 2, 2, 4, 3, 3, 3, 1, 1, 4, 3, 2, 3, 4, 2, 2, 4, 2, 1, 3, 2, 4, 1, 2, 4, 4, 3, 4]|[0, 2, 0, 1, 3, 0, 1, 3, 0, 0, 2, 0, 1, 0, 1, 0, 0, 0, 1, 0, 0, 2, 0, 0, 1, 0, 0, 3, 0, 1, 0, 2, 0, 1, 3, 0, 1, 3, 1, 0, 0, 0, 1, 3, 0, 0, 1, 0, 2, 0, 0, 0, 0, 0, 1, 0, 0, 0, 1, 1, 0, 2, 0, 0, 0, 1, 0, 0, 0, 2, 0, 0, 1, 0, 0, 2, 0, 0, 3, 0, 0, 1, 0, 0, 0, 3, 0, 0, 3, 1, 0, 0, 0, 2, 1, 0, 1, 2, 0, 2],863.6386072007003,52800.657655588206,108502.71143453874,false
13,G2_TEC,G2_TEC,[31, 22, 82, 15, 26, 9, 95, 42, 77, 68, 47, 5, 93, 78, 86, 54, 85, 63, 18, 44, 20, 49, 36, 14, 74, 50, 53, 17, 21, 28, 71, 64, 3, 23, 30, 83, 24, 41, 60, 52, 65, 27, 90, 70, 39, 87, 48, 69, 99, 4, 46, 1, 13, 58, 97, 59, 33, 8, 73, 37, 35, 79, 11, 66, 76, 32, 40, 80, 96, 6, 16, 61, 45, 7, 57, 34, 12, 67, 10, 98, 56, 88, 29, 19, 91, 38, 75, 92, 43, 84, 51, 62, 89, 25, 81, 55, 0, 94, 2, 72]|[2, 1, 2, 1, 1, 2, 1, 1, 1, 1, 1, 0, 2, 2, 1, 2, 0, 0, 0, 2, 2, 1, 0, 2, 0, 2, 2, 1, 0, 1, 1, 1, 0, 0, 1, 0, 2, 1, 2, 2, 0, 0, 1, 1, 0, 2, 0, 2, 1, 0, 0, 2, 0, 0, 2, 0, 1, 1, 0, 0, 1, 1, 0, 2, 2, 0, 2, 2, 0, 1, 2, 1, 1, 2, 0, 1, 1, 1, 1, 0, 2, 1, 1, 1, 1, 0, 0, 0, 1, 0, 1, 1, 1, 1, 1, 0, 0, 1, 2, 1]|[0, 3, 0, 2, 4, 1, 4, 4, 2, 4, 3, 2, 1, 0, 2, 1, 1, 1, 2, 1, 1, 3, 0, 1, 0, 1, 1, 4, 1, 4, 3, 2, 2, 0, 4, 1, 1, 4, 0, 1, 2, 1, 4, 4, 1, 1, 0, 2, 3, 1, 2, 1, 2, 1, 1, 2, 4, 3, 0, 2, 3, 3, 1, 0, 1, 2, 0, 1, 2, 4, 1, 3, 4, 1, 2, 4, 3, 3, 3, 2, 1, 4, 3, 4, 3, 2, 2, 2, 4, 2, 3, 3, 4, 4, 1, 2, 2, 4, 1, 4]|[0, 2, 0, 1, 3, 0, 1, 3, 0, 0, 2, 0, 1, 0, 1, 0, 0, 0, 1, 0, 0, 2, 0, 0, 1, 0, 0, 3, 0, 1, 0, 2, 0, 0, 3, 0, 1, 3, 1, 0, 0, 0, 1, 3, 0, 0, 1, 0, 2, 0, 0, 0, 0, 0, 1, 0, 1, 0, 1, 1, 2, 2, 0, 0, 0, 0, 0, 0, 0, 2, 0, 0, 1, 0, 0, 1, 0, 0, 3, 0, 0, 1, 0, 3, 0, 0, 0, 0, 2, 0, 0, 0, 1, 3, 1, 0, 0, 2, 0, 2],918.5349760917882,51468.548061908,110087.41095170133,false
13,G3_TWC,G3_TWC,[31, 22, 82, 15, 26, 9, 95, 42, 77, 12, 47, 5, 93, 78, 86, 54, 85, 63, 18, 44, 20, 35, 43, 97, 91, 76, 10, 30, 21, 45, 71, 64, 1, 23, 17, 83, 24, 14, 60, 36, 41, 57, 40, 88, 65, 56, 79, 94, 67, 68, 46, 75, 38, 58, 19, 32, 81, 6, 27, 62, 87, 90, 99, 59, 11, 16, 72, 73, 69, 39, 37, 84, 3, 92, 25, 55, 28, 29, 51, 7, 66, 61, 98, 48, 89, 8, 33, 96, 53, 80, 50, 4, 34, 2, 52, 13, 0, 70, 74, 49]|[1, 1, 0, 1, 1, 0, 1, 2, 2, 1, 2, 2, 2, 1, 1, 0, 0, 1, 0, 2, 2, 0, 1, 2, 0, 1, 2, 2, 0, 0, 1, 2, 1, 2, 1, 0, 2, 0, 1, 1, 0, 1, 1, 1, 0, 2, 1, 1, 0, 0, 0, 0, 1, 1, 2, 1, 2, 0, 0, 0, 2, 1, 0, 1, 2, 1, 2, 1, 1, 1, 1, 1, 1, 0, 1, 1, 0, 0, 0, 1, 2, 1, 2, 0, 1, 0, 2, 0, 0, 0, 0, 0, 2, 0, 1, 0, 0, 1, 2, 0]|[4, 3, 2, 2, 4, 1, 2, 2, 2, 4, 1, 1, 2, 4, 4, 1, 2, 4, 2, 1, 1, 1, 1, 2, 1, 2, 1, 1, 1, 1, 3, 2, 3, 0, 4, 0, 1, 1, 0, 3, 2, 2, 2, 0, 1, 1, 0, 4, 0, 1, 2, 2, 1, 4, 0, 3, 2, 1, 1, 2, 1, 3, 1, 1, 1, 3, 0, 4, 3, 1, 4, 1, 1, 0, 4, 4, 2, 1, 1, 1, 1, 3, 1, 1, 1, 1, 1, 1, 2, 1, 1, 2, 1, 2, 1, 2, 2, 4, 1, 1]|[0, 2, 1, 1, 3, 0, 1, 0, 0, 0, 0, 0, 1, 0, 1, 0, 0, 3, 1, 0, 0, 0, 3, 1, 0, 2, 0, 0, 0, 1, 0, 0, 0, 0, 3, 0, 1, 0, 0, 2, 1, 1, 1, 0, 0, 0, 0, 2, 1, 0, 0, 0, 1, 3, 0, 0, 1, 0, 0, 1, 0, 2, 0, 1, 0, 2, 1, 0, 0, 1, 1, 3, 1, 1, 3, 3, 1, 0, 0, 2, 0, 0, 0, 0, 1, 0, 0, 0, 1, 0, 0, 1, 0, 0, 1, 0, 0, 2, 0, 1],828.6150361188287,57498.909092636255,92558.71763620913,false
13,G1_CMAX,G1_CMAX,[31, 22, 82, 15, 26, 9, 95, 42, 77, 12, 47, 5, 93, 78, 86, 54, 6, 63, 18, 44, 20, 35, 43, 97, 91, 76, 10, 30, 21, 45, 71, 64, 1, 23, 17, 83, 24, 14, 60, 36, 85, 57, 40, 88, 65, 56, 79, 94, 67, 68, 46, 75, 38, 58, 19, 32, 81, 41, 62, 87, 28, 90, 99, 59, 11, 72, 16, 73, 70, 39, 37, 84, 3, 92, 25, 34, 29, 55, 51, 7, 98, 61, 66, 48, 89, 50, 4, 96, 53, 80, 8, 33, 27, 2, 52, 13, 0, 69, 74, 49]|[1, 1, 0, 1, 1, 0, 1, 2, 2, 1, 2, 2, 2, 1, 1, 0, 0, 1, 0, 2, 2, 0, 1, 2, 2, 1, 2, 2, 0, 0, 1, 1, 1, 2, 1, 0, 2, 0, 1, 1, 0, 1, 1, 1, 0, 2, 1, 1, 0, 0, 0, 0, 1, 1, 2, 1, 2, 0, 0, 2, 2, 1, 0, 1, 2, 2, 1, 1, 1, 1, 1, 1, 1, 0, 1, 2, 0, 2, 0, 1, 2, 1, 0, 0, 1, 0, 1, 2, 0, 0, 1, 2, 0, 0, 1, 0, 0, 1, 2, 0]|[0, 3, 2, 2, 4, 1, 2, 2, 2, 4, 1, 1, 2, 4, 4, 1, 2, 4, 2, 1, 1, 1, 1, 2, 1, 2, 1, 1, 1, 1, 3, 3, 3, 0, 4, 0, 1, 1, 0, 3, 2, 2, 2, 0, 1, 1, 0, 4, 0, 1, 2, 2, 1, 4, 0, 3, 2, 1, 2, 1, 1, 3, 1, 1, 1, 0, 3, 4, 3, 1, 4, 1, 1, 0, 4, 1, 1, 1, 1, 1, 1, 3, 1, 1, 1, 1, 4, 1, 2, 1, 3, 1, 2, 2, 1, 2, 2, 4, 1, 1]|[0, 2, 1, 1, 3, 0, 1, 0, 0, 0, 0, 0, 1, 0, 1, 0, 0, 3, 1, 0, 0, 0, 3, 1, 0, 2, 0, 0, 0, 1, 0, 0, 0, 0, 3, 0, 1, 0, 0, 2, 1, 1, 1, 0, 0, 0, 0, 2, 1, 0, 0, 0, 1, 3, 0, 0, 1, 0, 1, 0, 0, 2, 0, 1, 0, 1, 2, 0, 0, 1, 1, 3, 1, 1, 3, 0, 0, 0, 0, 2, 0, 0, 0, 0, 1, 0, 0, 0, 1, 0, 2, 0, 1, 0, 1, 0, 0, 2, 0, 1],740.1000024547002,57245.26292476342,97017.87740826326,false
13,G4_BALANCED,G4_BALANCED,[31, 11, 82, 15, 26, 9, 95, 42, 77, 68, 47, 5, 93, 78, 86, 54, 85, 63, 18, 44, 20, 49, 36, 14, 74, 50, 53, 17, 21, 45, 71, 64, 3, 23, 30, 83, 24, 41, 60, 52, 65, 27, 90, 70, 39, 87, 48, 69, 99, 4, 46, 1, 13, 58, 97, 59, 28, 8, 73, 37, 35, 79, 22, 66, 76, 57, 40, 80, 96, 6, 16, 61, 33, 98, 32, 81, 62, 67, 10, 7, 56, 88, 29, 38, 91, 19, 75, 92, 25, 84, 2, 12, 55, 43, 34, 0, 89, 94, 51, 72]|[2, 1, 2, 1, 1, 2, 1, 1, 1, 1, 1, 0, 2, 2, 1, 2, 0, 0, 0, 2, 2, 1, 0, 2, 0, 2, 2, 1, 0, 1, 1, 1, 0, 0, 1, 0, 2, 1, 2, 2, 0, 0, 1, 1, 0, 2, 0, 2, 1, 0, 0, 2, 0, 0, 2, 0, 2, 1, 0, 0, 2, 1, 0, 2, 2, 0, 2, 2, 0, 1, 2, 1, 1, 0, 0, 1, 1, 1, 1, 2, 2, 1, 1, 0, 1, 1, 0, 0, 1, 0, 2, 1, 0, 1, 1, 0, 1, 1, 1, 1]|[0, 3, 0, 2, 4, 1, 4, 4, 2, 4, 3, 2, 1, 0, 2, 1, 1, 1, 2, 1, 1, 3, 0, 1, 0, 1, 1, 4, 1, 4, 3, 2, 2, 0, 4, 1, 1, 4, 0, 1, 2, 1, 4, 4, 1, 1, 0, 2, 3, 1, 2, 1, 2, 1, 1, 2, 0, 3, 0, 2, 2, 3, 1, 0, 1, 0, 0, 1, 2, 4, 1, 3, 4, 2, 2, 4, 3, 3, 3, 1, 1, 4, 3, 2, 3, 4, 2, 2, 4, 2, 1, 3, 2, 4, 1, 2, 4, 4, 3, 4]|[0, 2, 0, 1, 3, 0, 1, 3, 0, 0, 2, 0, 1, 0, 1, 0, 0, 0, 1, 0, 0, 2, 0, 0, 1, 0, 0, 3, 0, 1, 0, 2, 0, 1, 3, 0, 1, 3, 1, 0, 0, 0, 1, 3, 0, 0, 1, 0, 2, 0, 0, 0, 0, 0, 1, 0, 0, 0, 1, 1, 0, 2, 0, 0, 0, 1, 0, 0, 0, 2, 0, 0, 1, 0, 0, 2, 0, 0, 3, 0, 0, 1, 0, 0, 0, 3, 0, 0, 3, 1, 0, 0, 0, 2, 1, 0, 1, 2, 0, 2],863.6386072007003,52800.657655588206,108502.71143453874,false
13,G2_TEC,G2_TEC,[31, 22, 82, 15, 26, 9, 95, 42, 77, 68, 47, 5, 93, 78, 86, 54, 85, 63, 18, 44, 20, 49, 36, 14, 74, 50, 53, 17, 21, 28, 71, 64, 3, 23, 30, 83, 24, 41, 60, 52, 65, 27, 90, 70, 39, 87, 48, 69, 99, 4, 46, 1, 13, 58, 97, 59, 33, 8, 73, 37, 35, 79, 11, 66, 76, 32, 40, 80, 96, 6, 16, 61, 45, 7, 57, 34, 12, 67, 10, 98, 56, 88, 29, 19, 91, 38, 75, 92, 43, 84, 51, 62, 89, 25, 81, 55, 0, 94, 2, 72]|[2, 1, 2, 1, 1, 2, 1, 1, 1, 1, 1, 0, 2, 2, 1, 2, 0, 0, 0, 2, 2, 1, 0, 2, 0, 2, 2, 1, 0, 1, 1, 1, 0, 0, 1, 0, 2, 1, 2, 2, 0, 0, 1, 1, 0, 2, 0, 2, 1, 0, 0, 2, 0, 0, 2, 0, 1, 1, 0, 0, 1, 1, 0, 2, 2, 0, 2, 2, 0, 1, 2, 1, 1, 2, 0, 1, 1, 1, 1, 0, 2, 1, 1, 1, 1, 0, 0, 0, 1, 0, 1, 1, 1, 1, 1, 0, 0, 1, 2, 1]|[0, 3, 0, 2, 4, 1, 4, 4, 2, 4, 3, 2, 1, 0, 2, 1, 1, 1, 2, 1, 1, 3, 0, 1, 0, 1, 1, 4, 1, 4, 3, 2, 2, 0, 4, 1, 1, 4, 0, 1, 2, 1, 4, 4, 1, 1, 0, 2, 3, 1, 2, 1, 2, 1, 1, 2, 4, 3, 0, 2, 3, 3, 1, 0, 1, 2, 0, 1, 2, 4, 1, 3, 4, 1, 2, 4, 3, 3, 3, 2, 1, 4, 3, 4, 3, 2, 2, 2, 4, 2, 3, 3, 4, 4, 1, 2, 2, 4, 1, 4]|[0, 2, 0, 1, 3, 0, 1, 3, 0, 0, 2, 0, 1, 0, 1, 0, 0, 0, 1, 0, 0, 2, 0, 0, 1, 0, 0, 3, 0, 1, 0, 2, 0, 0, 3, 0, 1, 3, 1, 0, 0, 0, 1, 3, 0, 0, 1, 0, 2, 0, 0, 0, 0, 0, 1, 0, 1, 0, 1, 1, 2, 2, 0, 0, 0, 0, 0, 0, 0, 2, 0, 0, 1, 0, 0, 1, 0, 0, 3, 0, 0, 1, 0, 3, 0, 0, 0, 0, 2, 0, 0, 0, 1, 3, 1, 0, 0, 2, 0, 2],918.5349760917882,51468.548061908,110087.41095170133,false
13,G3_TWC,G3_TWC,[31, 22, 82, 15, 26, 9, 95, 42, 77, 12, 47, 5, 93, 78, 86, 54, 85, 63, 18, 44, 20, 35, 43, 97, 91, 76, 10, 30, 21, 45, 71, 64, 1, 23, 17, 83, 24, 14, 60, 36, 41, 57, 40, 88, 65, 56, 79, 94, 67, 68, 46, 75, 38, 58, 19, 32, 81, 6, 27, 62, 87, 90, 99, 59, 11, 16, 72, 73, 69, 39, 37, 84, 3, 92, 25, 55, 28, 29, 51, 7, 66, 61, 98, 48, 89, 8, 33, 96, 53, 80, 50, 4, 34, 2, 52, 13, 0, 70, 74, 49]|[1, 1, 0, 1, 1, 0, 1, 2, 2, 1, 2, 2, 2, 1, 1, 0, 0, 1, 0, 2, 2, 0, 1, 2, 0, 1, 2, 2, 0, 0, 1, 2, 1, 2, 1, 0, 2, 0, 1, 1, 0, 1, 1, 1, 0, 2, 1, 1, 0, 0, 0, 0, 1, 1, 2, 1, 2, 0, 0, 0, 2, 1, 0, 1, 2, 1, 2, 1, 1, 1, 1, 1, 1, 0, 1, 1, 0, 0, 0, 1, 2, 1, 2, 0, 1, 0, 2, 0, 0, 0, 0, 0, 2, 0, 1, 0, 0, 1, 2, 0]|[4, 3, 2, 2, 4, 1, 2, 2, 2, 4, 1, 1, 2, 4, 4, 1, 2, 4, 2, 1, 1, 1, 1, 2, 1, 2, 1, 1, 1, 1, 3, 2, 3, 0, 4, 0, 1, 1, 0, 3, 2, 2, 2, 0, 1, 1, 0, 4, 0, 1, 2, 2, 1, 4, 0, 3, 2, 1, 1, 2, 1, 3, 1, 1, 1, 3, 0, 4, 3, 1, 4, 1, 1, 0, 4, 4, 2, 1, 1, 1, 1, 3, 1, 1, 1, 1, 1, 1, 2, 1, 1, 2, 1, 2, 1, 2, 2, 4, 1, 1]|[0, 2, 1, 1, 3, 0, 1, 0, 0, 0, 0, 0, 1, 0, 1, 0, 0, 3, 1, 0, 0, 0, 3, 1, 0, 2, 0, 0, 0, 1, 0, 0, 0, 0, 3, 0, 1, 0, 0, 2, 1, 1, 1, 0, 0, 0, 0, 2, 1, 0, 0, 0, 1, 3, 0, 0, 1, 0, 0, 1, 0, 2, 0, 1, 0, 2, 1, 0, 0, 1, 1, 3, 1, 1, 3, 3, 1, 0, 0, 2, 0, 0, 0, 0, 1, 0, 0, 0, 1, 0, 0, 1, 0, 0, 1, 0, 0, 2, 0, 1],828.6150361188287,57498.909092636255,92558.71763620913,false
13,G1_CMAX,G1_CMAX,[31, 22, 82, 15, 26, 9, 95, 42, 77, 12, 47, 5, 93, 78, 86, 54, 6, 63, 18, 44, 20, 35, 43, 97, 91, 76, 10, 30, 21, 45, 71, 64, 1, 23, 17, 83, 24, 14, 60, 36, 85, 57, 40, 88, 65, 56, 79, 94, 67, 68, 46, 75, 38, 58, 19, 32, 81, 41, 62, 87, 28, 90, 99, 59, 11, 72, 16, 73, 70, 39, 37, 84, 3, 92, 25, 34, 29, 55, 51, 7, 98, 61, 66, 48, 89, 50, 4, 96, 53, 80, 8, 33, 27, 2, 52, 13, 0, 69, 74, 49]|[1, 1, 0, 1, 1, 0, 1, 2, 2, 1, 2, 2, 2, 1, 1, 0, 0, 1, 0, 2, 2, 0, 1, 2, 2, 1, 2, 2, 0, 0, 1, 1, 1, 2, 1, 0, 2, 0, 1, 1, 0, 1, 1, 1, 0, 2, 1, 1, 0, 0, 0, 0, 1, 1, 2, 1, 2, 0, 0, 2, 2, 1, 0, 1, 2, 2, 1, 1, 1, 1, 1, 1, 1, 0, 1, 2, 0, 2, 0, 1, 2, 1, 0, 0, 1, 0, 1, 2, 0, 0, 1, 2, 0, 0, 1, 0, 0, 1, 2, 0]|[0, 3, 2, 2, 4, 1, 2, 2, 2, 4, 1, 1, 2, 4, 4, 1, 2, 4, 2, 1, 1, 1, 1, 2, 1, 2, 1, 1, 1, 1, 3, 3, 3, 0, 4, 0, 1, 1, 0, 3, 2, 2, 2, 0, 1, 1, 0, 4, 0, 1, 2, 2, 1, 4, 0, 3, 2, 1, 2, 1, 1, 3, 1, 1, 1, 0, 3, 4, 3, 1, 4, 1, 1, 0, 4, 1, 1, 1, 1, 1, 1, 3, 1, 1, 1, 1, 4, 1, 2, 1, 3, 1, 2, 2, 1, 2, 2, 4, 1, 1]|[0, 2, 1, 1, 3, 0, 1, 0, 0, 0, 0, 0, 1, 0, 1, 0, 0, 3, 1, 0, 0, 0, 3, 1, 0, 2, 0, 0, 0, 1, 0, 0, 0, 0, 3, 0, 1, 0, 0, 2, 1, 1, 1, 0, 0, 0, 0, 2, 1, 0, 0, 0, 1, 3, 0, 0, 1, 0, 1, 0, 0, 2, 0, 1, 0, 1, 2, 0, 0, 1, 1, 3, 1, 1, 3, 0, 0, 0, 0, 2, 0, 0, 0, 0, 1, 0, 0, 0, 1, 0, 2, 0, 1, 0, 1, 0, 0, 2, 0, 1],740.1000024547002,57245.26292476342,97017.87740826326,false
13,G4_BALANCED,G4_BALANCED,[31, 11, 82, 15, 26, 9, 95, 42, 77, 68, 47, 5, 93, 78, 86, 54, 85, 63, 18, 44, 20, 49, 36, 14, 74, 50, 53, 17, 21, 45, 71, 64, 3, 23, 30, 83, 24, 41, 60, 52, 65, 27, 90, 70, 39, 87, 48, 69, 99, 4, 46, 1, 13, 58, 97, 59, 28, 8, 73, 37, 35, 79, 22, 66, 76, 57, 40, 80, 96, 6, 16, 61, 33, 98, 32, 81, 62, 67, 10, 7, 56, 88, 29, 38, 91, 19, 75, 92, 25, 84, 2, 12, 55, 43, 34, 0, 89, 94, 51, 72]|[2, 1, 2, 1, 1, 2, 1, 1, 1, 1, 1, 0, 2, 2, 1, 2, 0, 0, 0, 2, 2, 1, 0, 2, 0, 2, 2, 1, 0, 1, 1, 1, 0, 0, 1, 0, 2, 1, 2, 2, 0, 0, 1, 1, 0, 2, 0, 2, 1, 0, 0, 2, 0, 0, 2, 0, 2, 1, 0, 0, 2, 1, 0, 2, 2, 0, 2, 2, 0, 1, 2, 1, 1, 0, 0, 1, 1, 1, 1, 2, 2, 1, 1, 0, 1, 1, 0, 0, 1, 0, 2, 1, 0, 1, 1, 0, 1, 1, 1, 1]|[0, 3, 0, 2, 4, 1, 4, 4, 2, 4, 3, 2, 1, 0, 2, 1, 1, 1, 2, 1, 1, 3, 0, 1, 0, 1, 1, 4, 1, 4, 3, 2, 2, 0, 4, 1, 1, 4, 0, 1, 2, 1, 4, 4, 1, 1, 0, 2, 3, 1, 2, 1, 2, 1, 1, 2, 0, 3, 0, 2, 2, 3, 1, 0, 1, 0, 0, 1, 2, 4, 1, 3, 4, 2, 2, 4, 3, 3, 3, 1, 1, 4, 3, 2, 3, 4, 2, 2, 4, 2, 1, 3, 2, 4, 1, 2, 4, 4, 3, 4]|[0, 2, 0, 1, 3, 0, 1, 3, 0, 0, 2, 0, 1, 0, 1, 0, 0, 0, 1, 0, 0, 2, 0, 0, 1, 0, 0, 3, 0, 1, 0, 2, 0, 1, 3, 0, 1, 3, 1, 0, 0, 0, 1, 3, 0, 0, 1, 0, 2, 0, 0, 0, 0, 0, 1, 0, 0, 0, 1, 1, 0, 2, 0, 0, 0, 1, 0, 0, 0, 2, 0, 0, 1, 0, 0, 2, 0, 0, 3, 0, 0, 1, 0, 0, 0, 3, 0, 0, 3, 1, 0, 0, 0, 2, 1, 0, 1, 2, 0, 2],863.6386072007003,52800.657655588206,108502.71143453874,false
13,G2_TEC,G2_TEC,[31, 22, 82, 15, 26, 9, 95, 42, 77, 68, 47, 5, 93, 78, 86, 54, 85, 63, 18, 44, 20, 49, 36, 14, 74, 50, 53, 17, 21, 28, 71, 64, 3, 23, 30, 83, 24, 41, 60, 52, 65, 27, 90, 70, 39, 87, 48, 69, 99, 4, 46, 1, 13, 58, 97, 59, 33, 8, 73, 37, 35, 79, 11, 66, 76, 32, 40, 80, 96, 6, 16, 61, 45, 7, 57, 34, 12, 67, 10, 98, 56, 88, 29, 19, 91, 38, 75, 92, 43, 84, 51, 62, 89, 25, 81, 55, 0, 94, 2, 72]|[2, 1, 2, 1, 1, 2, 1, 1, 1, 1, 1, 0, 2, 2, 1, 2, 0, 0, 0, 2, 2, 1, 0, 2, 0, 2, 2, 1, 0, 1, 1, 1, 0, 0, 1, 0, 2, 1, 2, 2, 0, 0, 1, 1, 0, 2, 0, 2, 1, 0, 0, 2, 0, 0, 2, 0, 1, 1, 0, 0, 1, 1, 0, 2, 2, 0, 2, 2, 0, 1, 2, 1, 1, 2, 0, 1, 1, 1, 1, 0, 2, 1, 1, 1, 1, 0, 0, 0, 1, 0, 1, 1, 1, 1, 1, 0, 0, 1, 2, 1]|[0, 3, 0, 2, 4, 1, 4, 4, 2, 4, 3, 2, 1, 0, 2, 1, 1, 1, 2, 1, 1, 3, 0, 1, 0, 1, 1, 4, 1, 4, 3, 2, 2, 0, 4, 1, 1, 4, 0, 1, 2, 1, 4, 4, 1, 1, 0, 2, 3, 1, 2, 1, 2, 1, 1, 2, 4, 3, 0, 2, 3, 3, 1, 0, 1, 2, 0, 1, 2, 4, 1, 3, 4, 1, 2, 4, 3, 3, 3, 2, 1, 4, 3, 4, 3, 2, 2, 2, 4, 2, 3, 3, 4, 4, 1, 2, 2, 4, 1, 4]|[0, 2, 0, 1, 3, 0, 1, 3, 0, 0, 2, 0, 1, 0, 1, 0, 0, 0, 1, 0, 0, 2, 0, 0, 1, 0, 0, 3, 0, 1, 0, 2, 0, 0, 3, 0, 1, 3, 1, 0, 0, 0, 1, 3, 0, 0, 1, 0, 2, 0, 0, 0, 0, 0, 1, 0, 1, 0, 1, 1, 2, 2, 0, 0, 0, 0, 0, 0, 0, 2, 0, 0, 1, 0, 0, 1, 0, 0, 3, 0, 0, 1, 0, 3, 0, 0, 0, 0, 2, 0, 0, 0, 1, 3, 1, 0, 0, 2, 0, 2],918.5349760917882,51468.548061908,110087.41095170133,false
13,G3_TWC,G3_TWC,[31, 22, 82, 15, 26, 9, 95, 42, 77, 12, 47, 5, 93, 78, 86, 54, 85, 63, 18, 44, 20, 35, 43, 97, 91, 76, 10, 30, 21, 45, 71, 64, 1, 23, 17, 83, 24, 14, 60, 36, 41, 57, 40, 88, 65, 56, 79, 94, 67, 68, 46, 75, 38, 58, 19, 32, 81, 6, 27, 62, 87, 90, 99, 59, 11, 16, 72, 73, 69, 39, 37, 84, 3, 92, 25, 55, 28, 29, 51, 7, 66, 61, 98, 48, 89, 8, 33, 96, 53, 80, 50, 4, 34, 2, 52, 13, 0, 70, 74, 49]|[1, 1, 0, 1, 1, 0, 1, 2, 2, 1, 2, 2, 2, 1, 1, 0, 0, 1, 0, 2, 2, 0, 1, 2, 0, 1, 2, 2, 0, 0, 1, 2, 1, 2, 1, 0, 2, 0, 1, 1, 0, 1, 1, 1, 0, 2, 1, 1, 0, 0, 0, 0, 1, 1, 2, 1, 2, 0, 0, 0, 2, 1, 0, 1, 2, 1, 2, 1, 1, 1, 1, 1, 1, 0, 1, 1, 0, 0, 0, 1, 2, 1, 2, 0, 1, 0, 2, 0, 0, 0, 0, 0, 2, 0, 1, 0, 0, 1, 2, 0]|[4, 3, 2, 2, 4, 1, 2, 2, 2, 4, 1, 1, 2, 4, 4, 1, 2, 4, 2, 1, 1, 1, 1, 2, 1, 2, 1, 1, 1, 1, 3, 2, 3, 0, 4, 0, 1, 1, 0, 3, 2, 2, 2, 0, 1, 1, 0, 4, 0, 1, 2, 2, 1, 4, 0, 3, 2, 1, 1, 2, 1, 3, 1, 1, 1, 3, 0, 4, 3, 1, 4, 1, 1, 0, 4, 4, 2, 1, 1, 1, 1, 3, 1, 1, 1, 1, 1, 1, 2, 1, 1, 2, 1, 2, 1, 2, 2, 4, 1, 1]|[0, 2, 1, 1, 3, 0, 1, 0, 0, 0, 0, 0, 1, 0, 1, 0, 0, 3, 1, 0, 0, 0, 3, 1, 0, 2, 0, 0, 0, 1, 0, 0, 0, 0, 3, 0, 1, 0, 0, 2, 1, 1, 1, 0, 0, 0, 0, 2, 1, 0, 0, 0, 1, 3, 0, 0, 1, 0, 0, 1, 0, 2, 0, 1, 0, 2, 1, 0, 0, 1, 1, 3, 1, 1, 3, 3, 1, 0, 0, 2, 0, 0, 0, 0, 1, 0, 0, 0, 1, 0, 0, 1, 0, 0, 1, 0, 0, 2, 0, 1],828.6150361188287,57498.909092636255,92558.71763620913,false
13,G1_CMAX,G1_CMAX,[31, 22, 82, 15, 26, 9, 95, 42, 77, 12, 47, 5, 93, 78, 86, 54, 6, 63, 18, 44, 20, 35, 43, 97, 91, 76, 10, 30, 21, 45, 71, 64, 1, 23, 17, 83, 24, 14, 60, 36, 85, 57, 40, 88, 65, 56, 79, 94, 67, 68, 46, 75, 38, 58, 19, 32, 81, 41, 62, 87, 28, 90, 99, 59, 11, 72, 16, 73, 70, 39, 37, 84, 3, 92, 25, 34, 29, 55, 51, 7, 98, 61, 66, 48, 89, 50, 4, 96, 53, 80, 8, 33, 27, 2, 52, 13, 0, 69, 74, 49]|[1, 1, 0, 1, 1, 0, 1, 2, 2, 1, 2, 2, 2, 1, 1, 0, 0, 1, 0, 2, 2, 0, 1, 2, 2, 1, 2, 2, 0, 0, 1, 1, 1, 2, 1, 0, 2, 0, 1, 1, 0, 1, 1, 1, 0, 2, 1, 1, 0, 0, 0, 0, 1, 1, 2, 1, 2, 0, 0, 2, 2, 1, 0, 1, 2, 2, 1, 1, 1, 1, 1, 1, 1, 0, 1, 2, 0, 2, 0, 1, 2, 1, 0, 0, 1, 0, 1, 2, 0, 0, 1, 2, 0, 0, 1, 0, 0, 1, 2, 0]|[0, 3, 2, 2, 4, 1, 2, 2, 2, 4, 1, 1, 2, 4, 4, 1, 2, 4, 2, 1, 1, 1, 1, 2, 1, 2, 1, 1, 1, 1, 3, 3, 3, 0, 4, 0, 1, 1, 0, 3, 2, 2, 2, 0, 1, 1, 0, 4, 0, 1, 2, 2, 1, 4, 0, 3, 2, 1, 2, 1, 1, 3, 1, 1, 1, 0, 3, 4, 3, 1, 4, 1, 1, 0, 4, 1, 1, 1, 1, 1, 1, 3, 1, 1, 1, 1, 4, 1, 2, 1, 3, 1, 2, 2, 1, 2, 2, 4, 1, 1]|[0, 2, 1, 1, 3, 0, 1, 0, 0, 0, 0, 0, 1, 0, 1, 0, 0, 3, 1, 0, 0, 0, 3, 1, 0, 2, 0, 0, 0, 1, 0, 0, 0, 0, 3, 0, 1, 0, 0, 2, 1, 1, 1, 0, 0, 0, 0, 2, 1, 0, 0, 0, 1, 3, 0, 0, 1, 0, 1, 0, 0, 2, 0, 1, 0, 1, 2, 0, 0, 1, 1, 3, 1, 1, 3, 0, 0, 0, 0, 2, 0, 0, 0, 0, 1, 0, 0, 0, 1, 0, 2, 0, 1, 0, 1, 0, 0, 2, 0, 1],740.1000024547002,57245.26292476342,97017.87740826326,false
13,G4_BALANCED,G2_TEC,[31, 22, 82, 15, 26, 9, 95, 42, 77, 68, 47, 5, 93, 78, 86, 54, 85, 63, 18, 44, 20, 49, 36, 14, 74, 50, 53, 17, 21, 28, 71, 64, 3, 23, 30, 83, 24, 41, 60, 52, 65, 27, 90, 70, 39, 87, 48, 69, 99, 4, 46, 1, 13, 58, 97, 59, 33, 8, 73, 37, 35, 79, 11, 66, 76, 32, 40, 80, 96, 6, 16, 61, 45, 7, 57, 34, 12, 67, 10, 98, 56, 88, 29, 19, 91, 38, 75, 92, 43, 84, 51, 81, 2, 25, 62, 55, 0, 94, 89, 72]|[2, 1, 2, 1, 1, 2, 1, 1, 1, 1, 1, 0, 2, 2, 1, 2, 0, 0, 0, 2, 2, 1, 0, 2, 0, 2, 2, 1, 0, 1, 1, 1, 0, 0, 1, 0, 2, 1, 2, 2, 0, 0, 1, 1, 0, 2, 0, 2, 1, 0, 0, 2, 0, 0, 2, 0, 1, 1, 0, 0, 1, 1, 0, 2, 2, 0, 2, 2, 0, 0, 2, 1, 1, 2, 0, 1, 1, 1, 1, 0, 2, 1, 1, 1, 1, 0, 0, 0, 1, 0, 1, 1, 2, 1, 1, 0, 0, 1, 1, 1]|[0, 3, 0, 2, 4, 1, 4, 4, 2, 4, 3, 2, 1, 0, 2, 1, 1, 1, 2, 1, 1, 3, 0, 1, 0, 1, 1, 4, 1, 4, 3, 2, 2, 0, 4, 1, 1, 4, 0, 1, 2, 1, 4, 4, 1, 1, 0, 2, 3, 1, 2, 1, 2, 1, 1, 2, 4, 3, 0, 2, 3, 3, 1, 0, 1, 2, 0, 1, 2, 2, 1, 3, 4, 1, 2, 4, 3, 3, 3, 2, 1, 4, 3, 4, 3, 2, 2, 2, 4, 2, 3, 4, 1, 4, 3, 2, 2, 4, 4, 4]|[0, 2, 0, 1, 3, 0, 1, 3, 0, 0, 2, 0, 1, 0, 1, 0, 0, 0, 1, 0, 0, 2, 0, 0, 1, 0, 0, 3, 0, 1, 0, 2, 0, 0, 3, 0, 1, 3, 1, 0, 0, 0, 1, 3, 0, 0, 1, 0, 2, 0, 0, 0, 0, 0, 1, 0, 1, 0, 1, 1, 2, 2, 0, 0, 0, 0, 0, 0, 0, 0, 0, 0, 1, 0, 0, 1, 0, 0, 3, 0, 0, 1, 0, 3, 0, 0, 0, 0, 2, 0, 0, 2, 0, 3, 0, 0, 0, 2, 1, 2],945.2854332591821,51316.07126527943,110609.61477539926,true
13,G2_TEC,G2_TEC,[31, 22, 82, 15, 26, 9, 95, 42, 77, 68, 47, 5, 93, 78, 86, 54, 85, 63, 18, 44, 20, 49, 36, 14, 74, 50, 53, 17, 21, 28, 71, 64, 3, 23, 30, 83, 24, 41, 60, 52, 65, 27, 90, 70, 39, 87, 48, 69, 99, 4, 46, 1, 13, 58, 97, 59, 33, 8, 73, 37, 35, 79, 11, 66, 76, 32, 40, 80, 96, 6, 16, 61, 45, 7, 57, 34, 12, 67, 10, 98, 56, 88, 29, 19, 91, 38, 75, 92, 43, 84, 51, 62, 89, 25, 81, 55, 0, 94, 2, 72]|[2, 1, 2, 1, 1, 2, 1, 1, 1, 1, 1, 0, 2, 2, 1, 2, 0, 0, 0, 2, 2, 1, 0, 2, 0, 2, 2, 1, 0, 1, 1, 1, 0, 0, 1, 0, 2, 1, 2, 2, 0, 0, 1, 1, 0, 2, 0, 2, 1, 0, 0, 2, 0, 0, 2, 0, 1, 1, 0, 0, 1, 1, 0, 2, 2, 0, 2, 2, 0, 1, 2, 1, 1, 2, 0, 1, 1, 1, 1, 0, 2, 1, 1, 1, 1, 0, 0, 0, 1, 0, 1, 1, 1, 1, 1, 0, 0, 1, 2, 1]|[0, 3, 0, 2, 4, 1, 4, 4, 2, 4, 3, 2, 1, 0, 2, 1, 1, 1, 2, 1, 1, 3, 0, 1, 0, 1, 1, 4, 1, 4, 3, 2, 2, 0, 4, 1, 1, 4, 0, 1, 2, 1, 4, 4, 1, 1, 0, 2, 3, 1, 2, 1, 2, 1, 1, 2, 4, 3, 0, 2, 3, 3, 1, 0, 1, 2, 0, 1, 2, 4, 1, 3, 4, 1, 2, 4, 3, 3, 3, 2, 1, 4, 3, 4, 3, 2, 2, 2, 4, 2, 3, 3, 4, 4, 1, 2, 2, 4, 1, 4]|[0, 2, 0, 1, 3, 0, 1, 3, 0, 0, 2, 0, 1, 0, 1, 0, 0, 0, 1, 0, 0, 2, 0, 0, 1, 0, 0, 3, 0, 1, 0, 2, 0, 0, 3, 0, 1, 3, 1, 0, 0, 0, 1, 3, 0, 0, 1, 0, 2, 0, 0, 0, 0, 0, 1, 0, 1, 0, 1, 1, 2, 2, 0, 0, 0, 0, 0, 0, 0, 2, 0, 0, 1, 0, 0, 1, 0, 0, 3, 0, 0, 1, 0, 3, 0, 0, 0, 0, 2, 0, 0, 0, 1, 3, 1, 0, 0, 2, 0, 2],918.5349760917882,51468.548061908,110087.41095170133,false
13,G3_TWC,G3_TWC,[31, 22, 82, 15, 26, 9, 95, 42, 77, 12, 47, 5, 93, 78, 86, 54, 85, 63, 18, 44, 20, 35, 43, 97, 91, 76, 10, 30, 21, 45, 71, 64, 1, 23, 17, 83, 24, 14, 60, 36, 41, 57, 40, 88, 65, 56, 79, 94, 67, 68, 46, 75, 38, 58, 19, 32, 81, 6, 27, 62, 87, 90, 99, 59, 11, 16, 72, 73, 69, 39, 37, 84, 3, 92, 25, 55, 28, 29, 51, 7, 66, 61, 98, 48, 89, 8, 33, 96, 53, 80, 50, 4, 34, 2, 52, 13, 0, 70, 74, 49]|[1, 1, 0, 1, 1, 0, 1, 2, 2, 1, 2, 2, 2, 1, 1, 0, 0, 1, 0, 2, 2, 0, 1, 2, 0, 1, 2, 2, 0, 0, 1, 2, 1, 2, 1, 0, 2, 0, 1, 1, 0, 1, 1, 1, 0, 2, 1, 1, 0, 0, 0, 0, 1, 1, 2, 1, 2, 0, 0, 0, 2, 1, 0, 1, 2, 1, 2, 1, 1, 1, 1, 1, 1, 0, 1, 1, 0, 0, 0, 1, 2, 1, 2, 0, 1, 0, 2, 0, 0, 0, 0, 0, 2, 0, 1, 0, 0, 1, 2, 0]|[4, 3, 2, 2, 4, 1, 2, 2, 2, 4, 1, 1, 2, 4, 4, 1, 2, 4, 2, 1, 1, 1, 1, 2, 1, 2, 1, 1, 1, 1, 3, 2, 3, 0, 4, 0, 1, 1, 0, 3, 2, 2, 2, 0, 1, 1, 0, 4, 0, 1, 2, 2, 1, 4, 0, 3, 2, 1, 1, 2, 1, 3, 1, 1, 1, 3, 0, 4, 3, 1, 4, 1, 1, 0, 4, 4, 2, 1, 1, 1, 1, 3, 1, 1, 1, 1, 1, 1, 2, 1, 1, 2, 1, 2, 1, 2, 2, 4, 1, 1]|[0, 2, 1, 1, 3, 0, 1, 0, 0, 0, 0, 0, 1, 0, 1, 0, 0, 3, 1, 0, 0, 0, 3, 1, 0, 2, 0, 0, 0, 1, 0, 0, 0, 0, 3, 0, 1, 0, 0, 2, 1, 1, 1, 0, 0, 0, 0, 2, 1, 0, 0, 0, 1, 3, 0, 0, 1, 0, 0, 1, 0, 2, 0, 1, 0, 2, 1, 0, 0, 1, 1, 3, 1, 1, 3, 3, 1, 0, 0, 2, 0, 0, 0, 0, 1, 0, 0, 0, 1, 0, 0, 1, 0, 0, 1, 0, 0, 2, 0, 1],828.6150361188287,57498.909092636255,92558.71763620913,false
13,G1_CMAX,G1_CMAX,[31, 22, 82, 15, 26, 9, 95, 42, 77, 12, 47, 5, 93, 78, 86, 54, 6, 63, 18, 44, 20, 35, 43, 97, 91, 76, 10, 30, 21, 45, 71, 64, 1, 23, 17, 83, 24, 14, 60, 36, 85, 57, 40, 88, 65, 56, 79, 94, 67, 68, 46, 75, 38, 58, 19, 32, 81, 41, 62, 87, 28, 90, 99, 59, 11, 72, 16, 73, 70, 39, 37, 84, 3, 92, 25, 34, 29, 55, 51, 7, 98, 61, 66, 48, 89, 50, 4, 96, 53, 80, 8, 33, 27, 2, 52, 13, 0, 69, 74, 49]|[1, 1, 0, 1, 1, 0, 1, 2, 2, 1, 2, 2, 2, 1, 1, 0, 0, 1, 0, 2, 2, 0, 1, 2, 2, 1, 2, 2, 0, 0, 1, 1, 1, 2, 1, 0, 2, 0, 1, 1, 0, 1, 1, 1, 0, 2, 1, 1, 0, 0, 0, 0, 1, 1, 2, 1, 2, 0, 0, 2, 2, 1, 0, 1, 2, 2, 1, 1, 1, 1, 1, 1, 1, 0, 1, 2, 0, 2, 0, 1, 2, 1, 0, 0, 1, 0, 1, 2, 0, 0, 1, 2, 0, 0, 1, 0, 0, 1, 2, 0]|[0, 3, 2, 2, 4, 1, 2, 2, 2, 4, 1, 1, 2, 4, 4, 1, 2, 4, 2, 1, 1, 1, 1, 2, 1, 2, 1, 1, 1, 1, 3, 3, 3, 0, 4, 0, 1, 1, 0, 3, 2, 2, 2, 0, 1, 1, 0, 4, 0, 1, 2, 2, 1, 4, 0, 3, 2, 1, 2, 1, 1, 3, 1, 1, 1, 0, 3, 4, 3, 1, 4, 1, 1, 0, 4, 1, 1, 1, 1, 1, 1, 3, 1, 1, 1, 1, 4, 1, 2, 1, 3, 1, 2, 2, 1, 2, 2, 4, 1, 1]|[0, 2, 1, 1, 3, 0, 1, 0, 0, 0, 0, 0, 1, 0, 1, 0, 0, 3, 1, 0, 0, 0, 3, 1, 0, 2, 0, 0, 0, 1, 0, 0, 0, 0, 3, 0, 1, 0, 0, 2, 1, 1, 1, 0, 0, 0, 0, 2, 1, 0, 0, 0, 1, 3, 0, 0, 1, 0, 1, 0, 0, 2, 0, 1, 0, 1, 2, 0, 0, 1, 1, 3, 1, 1, 3, 0, 0, 0, 0, 2, 0, 0, 0, 0, 1, 0, 0, 0, 1, 0, 2, 0, 1, 0, 1, 0, 0, 2, 0, 1],740.1000024547002,57245.26292476342,97017.87740826326,false
13,G4_BALANCED,G3_TWC,[31, 22, 82, 15, 26, 9, 95, 42, 77, 12, 47, 5, 93, 78, 86, 54, 85, 63, 18, 44, 20, 35, 43, 97, 91, 76, 10, 30, 21, 45, 71, 64, 1, 23, 17, 83, 24, 14, 60, 36, 41, 57, 40, 88, 65, 56, 79, 94, 67, 68, 46, 75, 38, 58, 19, 32, 81, 6, 27, 62, 87, 90, 99, 59, 11, 16, 72, 73, 69, 39, 37, 84, 3, 92, 25, 55, 28, 29, 51, 7, 66, 61, 98, 33, 89, 50, 8, 96, 53, 80, 4, 48, 34, 2, 52, 13, 0, 70, 74, 49]|[1, 1, 0, 1, 1, 0, 1, 2, 2, 1, 2, 2, 2, 1, 1, 0, 0, 1, 0, 2, 2, 0, 1, 2, 0, 1, 2, 2, 0, 0, 1, 2, 1, 2, 1, 0, 2, 0, 1, 1, 0, 1, 1, 1, 0, 2, 1, 1, 0, 0, 0, 0, 1, 1, 2, 1, 2, 0, 0, 0, 2, 1, 0, 1, 2, 1, 2, 1, 1, 1, 1, 1, 1, 0, 1, 1, 0, 0, 0, 1, 2, 1, 2, 2, 1, 0, 0, 0, 0, 0, 0, 0, 2, 0, 1, 0, 0, 1, 2, 0]|[4, 3, 2, 2, 4, 1, 2, 2, 2, 4, 1, 1, 2, 4, 4, 1, 2, 4, 2, 1, 1, 1, 1, 2, 1, 2, 1, 1, 1, 1, 3, 2, 3, 0, 4, 0, 1, 1, 0, 3, 2, 2, 2, 0, 1, 1, 0, 4, 0, 1, 2, 2, 1, 4, 0, 3, 2, 1, 1, 2, 1, 3, 1, 1, 1, 3, 0, 4, 3, 1, 4, 1, 1, 0, 4, 4, 2, 1, 1, 1, 1, 3, 1, 1, 1, 1, 1, 1, 2, 1, 2, 1, 1, 2, 1, 2, 2, 4, 1, 1]|[0, 2, 1, 1, 3, 0, 1, 0, 0, 0, 0, 0, 1, 0, 1, 0, 0, 3, 1, 0, 0, 0, 3, 1, 0, 2, 0, 0, 0, 1, 0, 0, 0, 0, 3, 0, 1, 0, 0, 2, 1, 1, 1, 0, 0, 0, 0, 2, 1, 0, 0, 0, 1, 3, 0, 0, 1, 0, 0, 1, 0, 2, 0, 1, 0, 2, 1, 0, 0, 1, 1, 3, 1, 1, 3, 3, 1, 0, 0, 2, 0, 0, 0, 0, 1, 0, 0, 0, 1, 0, 1, 0, 0, 0, 1, 0, 0, 2, 0, 1],828.154803746455,57493.87417606956,92561.73319856406,true
13,G2_TEC,G2_TEC,[31, 22, 82, 15, 26, 9, 95, 42, 77, 68, 47, 5, 93, 78, 86, 54, 85, 63, 18, 44, 20, 49, 36, 14, 74, 50, 53, 17, 21, 28, 71, 64, 3, 23, 30, 83, 24, 41, 60, 52, 65, 27, 90, 70, 39, 87, 48, 69, 99, 4, 46, 1, 13, 58, 97, 59, 33, 8, 73, 37, 35, 79, 11, 66, 76, 32, 40, 80, 96, 6, 16, 61, 45, 7, 57, 34, 12, 67, 10, 98, 56, 88, 29, 19, 91, 38, 75, 92, 43, 84, 51, 62, 89, 25, 81, 55, 0, 94, 2, 72]|[2, 1, 2, 1, 1, 2, 1, 1, 1, 1, 1, 0, 2, 2, 1, 2, 0, 0, 0, 2, 2, 1, 0, 2, 0, 2, 2, 1, 0, 1, 1, 1, 0, 0, 1, 0, 2, 1, 2, 2, 0, 0, 1, 1, 0, 2, 0, 2, 1, 0, 0, 2, 0, 0, 2, 0, 1, 1, 0, 0, 1, 1, 0, 2, 2, 0, 2, 2, 0, 1, 2, 1, 1, 2, 0, 1, 1, 1, 1, 0, 2, 1, 1, 1, 1, 0, 0, 0, 1, 0, 1, 1, 1, 1, 1, 0, 0, 1, 2, 1]|[0, 3, 0, 2, 4, 1, 4, 4, 2, 4, 3, 2, 1, 0, 2, 1, 1, 1, 2, 1, 1, 3, 0, 1, 0, 1, 1, 4, 1, 4, 3, 2, 2, 0, 4, 1, 1, 4, 0, 1, 2, 1, 4, 4, 1, 1, 0, 2, 3, 1, 2, 1, 2, 1, 1, 2, 4, 3, 0, 2, 3, 3, 1, 0, 1, 2, 0, 1, 2, 4, 1, 3, 4, 1, 2, 4, 3, 3, 3, 2, 1, 4, 3, 4, 3, 2, 2, 2, 4, 2, 3, 3, 4, 4, 1, 2, 2, 4, 1, 4]|[0, 2, 0, 1, 3, 0, 1, 3, 0, 0, 2, 0, 1, 0, 1, 0, 0, 0, 1, 0, 0, 2, 0, 0, 1, 0, 0, 3, 0, 1, 0, 2, 0, 0, 3, 0, 1, 3, 1, 0, 0, 0, 1, 3, 0, 0, 1, 0, 2, 0, 0, 0, 0, 0, 1, 0, 1, 0, 1, 1, 2, 2, 0, 0, 0, 0, 0, 0, 0, 2, 0, 0, 1, 0, 0, 1, 0, 0, 3, 0, 0, 1, 0, 3, 0, 0, 0, 0, 2, 0, 0, 0, 1, 3, 1, 0, 0, 2, 0, 2],918.5349760917882,51468.548061908,110087.41095170133,false
13,G3_TWC,G3_TWC,[31, 22, 82, 15, 26, 9, 95, 42, 77, 12, 47, 5, 93, 78, 86, 54, 85, 63, 18, 44, 20, 35, 43, 97, 91, 76, 10, 30, 21, 45, 71, 64, 1, 23, 17, 83, 24, 14, 60, 36, 41, 57, 40, 88, 65, 56, 79, 94, 67, 68, 46, 75, 38, 58, 19, 32, 81, 6, 27, 62, 87, 90, 99, 59, 11, 16, 72, 73, 69, 39, 37, 84, 3, 92, 25, 55, 28, 29, 51, 7, 66, 61, 98, 48, 89, 8, 33, 96, 53, 80, 50, 4, 34, 2, 52, 13, 0, 70, 74, 49]|[1, 1, 0, 1, 1, 0, 1, 2, 2, 1, 2, 2, 2, 1, 1, 0, 0, 1, 0, 2, 2, 0, 1, 2, 0, 1, 2, 2, 0, 0, 1, 2, 1, 2, 1, 0, 2, 0, 1, 1, 0, 1, 1, 1, 0, 2, 1, 1, 0, 0, 0, 0, 1, 1, 2, 1, 2, 0, 0, 0, 2, 1, 0, 1, 2, 1, 2, 1, 1, 1, 1, 1, 1, 0, 1, 1, 0, 0, 0, 1, 2, 1, 2, 0, 1, 0, 2, 0, 0, 0, 0, 0, 2, 0, 1, 0, 0, 1, 2, 0]|[4, 3, 2, 2, 4, 1, 2, 2, 2, 4, 1, 1, 2, 4, 4, 1, 2, 4, 2, 1, 1, 1, 1, 2, 1, 2, 1, 1, 1, 1, 3, 2, 3, 0, 4, 0, 1, 1, 0, 3, 2, 2, 2, 0, 1, 1, 0, 4, 0, 1, 2, 2, 1, 4, 0, 3, 2, 1, 1, 2, 1, 3, 1, 1, 1, 3, 0, 4, 3, 1, 4, 1, 1, 0, 4, 4, 2, 1, 1, 1, 1, 3, 1, 1, 1, 1, 1, 1, 2, 1, 1, 2, 1, 2, 1, 2, 2, 4, 1, 1]|[0, 2, 1, 1, 3, 0, 1, 0, 0, 0, 0, 0, 1, 0, 1, 0, 0, 3, 1, 0, 0, 0, 3, 1, 0, 2, 0, 0, 0, 1, 0, 0, 0, 0, 3, 0, 1, 0, 0, 2, 1, 1, 1, 0, 0, 0, 0, 2, 1, 0, 0, 0, 1, 3, 0, 0, 1, 0, 0, 1, 0, 2, 0, 1, 0, 2, 1, 0, 0, 1, 1, 3, 1, 1, 3, 3, 1, 0, 0, 2, 0, 0, 0, 0, 1, 0, 0, 0, 1, 0, 0, 1, 0, 0, 1, 0, 0, 2, 0, 1],828.6150361188287,57498.909092636255,92558.71763620913,false
13,G1_CMAX,G1_CMAX,[31, 22, 82, 15, 26, 9, 95, 42, 77, 12, 47, 5, 93, 78, 86, 54, 6, 63, 18, 44, 20, 35, 43, 97, 91, 76, 10, 30, 21, 45, 71, 64, 1, 23, 17, 83, 24, 14, 60, 36, 85, 57, 40, 88, 65, 56, 79, 94, 67, 68, 46, 75, 38, 58, 19, 32, 81, 41, 62, 87, 28, 90, 99, 59, 11, 72, 16, 73, 70, 39, 37, 84, 3, 92, 25, 34, 29, 55, 51, 7, 98, 61, 66, 48, 89, 50, 4, 96, 53, 80, 8, 33, 27, 2, 52, 13, 0, 69, 74, 49]|[1, 1, 0, 1, 1, 0, 1, 2, 2, 1, 2, 2, 2, 1, 1, 0, 0, 1, 0, 2, 2, 0, 1, 2, 2, 1, 2, 2, 0, 0, 1, 1, 1, 2, 1, 0, 2, 0, 1, 1, 0, 1, 1, 1, 0, 2, 1, 1, 0, 0, 0, 0, 1, 1, 2, 1, 2, 0, 0, 2, 2, 1, 0, 1, 2, 2, 1, 1, 1, 1, 1, 1, 1, 0, 1, 2, 0, 2, 0, 1, 2, 1, 0, 0, 1, 0, 1, 2, 0, 0, 1, 2, 0, 0, 1, 0, 0, 1, 2, 0]|[0, 3, 2, 2, 4, 1, 2, 2, 2, 4, 1, 1, 2, 4, 4, 1, 2, 4, 2, 1, 1, 1, 1, 2, 1, 2, 1, 1, 1, 1, 3, 3, 3, 0, 4, 0, 1, 1, 0, 3, 2, 2, 2, 0, 1, 1, 0, 4, 0, 1, 2, 2, 1, 4, 0, 3, 2, 1, 2, 1, 1, 3, 1, 1, 1, 0, 3, 4, 3, 1, 4, 1, 1, 0, 4, 1, 1, 1, 1, 1, 1, 3, 1, 1, 1, 1, 4, 1, 2, 1, 3, 1, 2, 2, 1, 2, 2, 4, 1, 1]|[0, 2, 1, 1, 3, 0, 1, 0, 0, 0, 0, 0, 1, 0, 1, 0, 0, 3, 1, 0, 0, 0, 3, 1, 0, 2, 0, 0, 0, 1, 0, 0, 0, 0, 3, 0, 1, 0, 0, 2, 1, 1, 1, 0, 0, 0, 0, 2, 1, 0, 0, 0, 1, 3, 0, 0, 1, 0, 1, 0, 0, 2, 0, 1, 0, 1, 2, 0, 0, 1, 1, 3, 1, 1, 3, 0, 0, 0, 0, 2, 0, 0, 0, 0, 1, 0, 0, 0, 1, 0, 2, 0, 1, 0, 1, 0, 0, 2, 0, 1],740.1000024547002,57245.26292476342,97017.87740826326,false
13,G4_BALANCED,G4_BALANCED,[31, 22, 82, 15, 26, 58, 95, 42, 77, 12, 47, 5, 93, 78, 86, 54, 85, 63, 18, 72, 20, 35, 43, 97, 91, 76, 10, 30, 21, 45, 71, 64, 1, 23, 17, 83, 24, 14, 60, 36, 6, 57, 40, 88, 65, 56, 79, 94, 67, 68, 46, 75, 38, 9, 19, 32, 81, 48, 27, 62, 87, 90, 99, 59, 11, 16, 44, 73, 70, 39, 37, 84, 3, 92, 25, 55, 28, 29, 51, 7, 33, 61, 8, 41, 89, 50, 4, 96, 53, 80, 98, 66, 34, 2, 52, 13, 0, 69, 74, 49]|[1, 1, 0, 1, 1, 0, 1, 2, 2, 1, 2, 2, 2, 1, 1, 0, 0, 1, 0, 2, 2, 0, 1, 2, 0, 1, 2, 2, 0, 0, 1, 2, 1, 2, 1, 0, 2, 0, 1, 1, 0, 1, 1, 1, 0, 2, 1, 1, 0, 0, 0, 0, 1, 1, 2, 1, 2, 0, 0, 0, 2, 1, 0, 1, 2, 1, 2, 1, 1, 1, 1, 1, 1, 0, 1, 2, 0, 0, 0, 1, 2, 1, 1, 0, 1, 0, 1, 2, 0, 0, 2, 2, 2, 0, 1, 0, 0, 1, 2, 0]|[4, 3, 2, 2, 4, 1, 2, 2, 2, 4, 1, 1, 2, 4, 4, 1, 2, 4, 2, 1, 1, 1, 1, 2, 1, 2, 1, 1, 1, 1, 3, 2, 3, 1, 4, 0, 1, 1, 0, 3, 2, 2, 2, 0, 1, 1, 0, 4, 0, 1, 2, 2, 1, 4, 0, 3, 2, 1, 1, 2, 1, 3, 1, 1, 1, 3, 1, 4, 3, 1, 4, 1, 1, 0, 4, 1, 2, 1, 1, 1, 1, 3, 3, 1, 1, 1, 4, 1, 2, 1, 1, 1, 1, 2, 1, 2, 2, 4, 1, 1]|[0, 2, 1, 1, 3, 0, 1, 0, 0, 0, 0, 0, 1, 0, 1, 0, 0, 3, 1, 0, 0, 0, 3, 1, 0, 2, 0, 0, 0, 1, 0, 0, 0, 0, 3, 0, 1, 0, 0, 2, 1, 1, 1, 0, 0, 0, 0, 2, 1, 0, 0, 0, 1, 3, 0, 0, 1, 0, 0, 1, 0, 2, 0, 1, 0, 2, 0, 0, 0, 1, 1, 3, 1, 1, 3, 0, 1, 0, 0, 2, 0, 0, 2, 0, 1, 0, 0, 0, 1, 0, 0, 0, 0, 0, 1, 0, 0, 2, 0, 1],760.8921659562272,56028.845701609054,95689.98563368633,false
13,G2_TEC,G2_TEC,[31, 22, 82, 15, 26, 9, 95, 42, 77, 68, 47, 5, 93, 78, 86, 54, 85, 63, 18, 44, 20, 49, 36, 14, 74, 50, 53, 17, 21, 28, 71, 64, 3, 23, 30, 83, 24, 41, 60, 52, 65, 27, 90, 70, 39, 87, 48, 69, 99, 4, 46, 1, 13, 58, 97, 59, 33, 8, 73, 37, 35, 79, 11, 66, 76, 32, 40, 80, 96, 6, 16, 61, 45, 7, 57, 34, 12, 67, 10, 98, 56, 88, 29, 19, 91, 38, 75, 92, 43, 84, 51, 62, 89, 25, 81, 55, 0, 94, 2, 72]|[2, 1, 2, 1, 1, 2, 1, 1, 1, 1, 1, 0, 2, 2, 1, 2, 0, 0, 0, 2, 2, 1, 0, 2, 0, 2, 2, 1, 0, 1, 1, 1, 0, 0, 1, 0, 2, 1, 2, 2, 0, 0, 1, 1, 0, 2, 0, 2, 1, 0, 0, 2, 0, 0, 2, 0, 1, 1, 0, 0, 1, 1, 0, 2, 2, 0, 2, 2, 0, 1, 2, 1, 1, 2, 0, 1, 1, 1, 1, 0, 2, 1, 1, 1, 1, 0, 0, 0, 1, 0, 1, 1, 1, 1, 1, 0, 0, 1, 2, 1]|[0, 3, 0, 2, 4, 1, 4, 4, 2, 4, 3, 2, 1, 0, 2, 1, 1, 1, 2, 1, 1, 3, 0, 1, 0, 1, 1, 4, 1, 4, 3, 2, 2, 0, 4, 1, 1, 4, 0, 1, 2, 1, 4, 4, 1, 1, 0, 2, 3, 1, 2, 1, 2, 1, 1, 2, 4, 3, 0, 2, 3, 3, 1, 0, 1, 2, 0, 1, 2, 4, 1, 3, 4, 1, 2, 4, 3, 3, 3, 2, 1, 4, 3, 4, 3, 2, 2, 2, 4, 2, 3, 3, 4, 4, 1, 2, 2, 4, 1, 4]|[0, 2, 0, 1, 3, 0, 1, 3, 0, 0, 2, 0, 1, 0, 1, 0, 0, 0, 1, 0, 0, 2, 0, 0, 1, 0, 0, 3, 0, 1, 0, 2, 0, 0, 3, 0, 1, 3, 1, 0, 0, 0, 1, 3, 0, 0, 1, 0, 2, 0, 0, 0, 0, 0, 1, 0, 1, 0, 1, 1, 2, 2, 0, 0, 0, 0, 0, 0, 0, 2, 0, 0, 1, 0, 0, 1, 0, 0, 3, 0, 0, 1, 0, 3, 0, 0, 0, 0, 2, 0, 0, 0, 1, 3, 1, 0, 0, 2, 0, 2],918.5349760917882,51468.548061908,110087.41095170133,false
13,G3_TWC,G3_TWC,[31, 22, 82, 15, 26, 9, 95, 42, 77, 12, 47, 5, 93, 78, 86, 54, 85, 63, 18, 44, 20, 35, 43, 97, 91, 76, 10, 30, 21, 45, 71, 64, 1, 23, 17, 83, 24, 14, 60, 36, 41, 57, 40, 88, 65, 56, 79, 94, 67, 68, 46, 75, 38, 58, 19, 32, 81, 6, 27, 62, 87, 90, 99, 59, 11, 16, 72, 73, 69, 39, 37, 84, 3, 92, 25, 55, 28, 29, 51, 7, 66, 61, 98, 48, 89, 8, 33, 96, 53, 80, 50, 4, 34, 2, 52, 13, 0, 70, 74, 49]|[1, 1, 0, 1, 1, 0, 1, 2, 2, 1, 2, 2, 2, 1, 1, 0, 0, 1, 0, 2, 2, 0, 1, 2, 0, 1, 2, 2, 0, 0, 1, 2, 1, 2, 1, 0, 2, 0, 1, 1, 0, 1, 1, 1, 0, 2, 1, 1, 0, 0, 0, 0, 1, 1, 2, 1, 2, 0, 0, 0, 2, 1, 0, 1, 2, 1, 2, 1, 1, 1, 1, 1, 1, 0, 1, 1, 0, 0, 0, 1, 2, 1, 2, 0, 1, 0, 2, 0, 0, 0, 0, 0, 2, 0, 1, 0, 0, 1, 2, 0]|[4, 3, 2, 2, 4, 1, 2, 2, 2, 4, 1, 1, 2, 4, 4, 1, 2, 4, 2, 1, 1, 1, 1, 2, 1, 2, 1, 1, 1, 1, 3, 2, 3, 0, 4, 0, 1, 1, 0, 3, 2, 2, 2, 0, 1, 1, 0, 4, 0, 1, 2, 2, 1, 4, 0, 3, 2, 1, 1, 2, 1, 3, 1, 1, 1, 3, 0, 4, 3, 1, 4, 1, 1, 0, 4, 4, 2, 1, 1, 1, 1, 3, 1, 1, 1, 1, 1, 1, 2, 1, 1, 2, 1, 2, 1, 2, 2, 4, 1, 1]|[0, 2, 1, 1, 3, 0, 1, 0, 0, 0, 0, 0, 1, 0, 1, 0, 0, 3, 1, 0, 0, 0, 3, 1, 0, 2, 0, 0, 0, 1, 0, 0, 0, 0, 3, 0, 1, 0, 0, 2, 1, 1, 1, 0, 0, 0, 0, 2, 1, 0, 0, 0, 1, 3, 0, 0, 1, 0, 0, 1, 0, 2, 0, 1, 0, 2, 1, 0, 0, 1, 1, 3, 1, 1, 3, 3, 1, 0, 0, 2, 0, 0, 0, 0, 1, 0, 0, 0, 1, 0, 0, 1, 0, 0, 1, 0, 0, 2, 0, 1],828.6150361188287,57498.909092636255,92558.71763620913,false
13,G1_CMAX,G1_CMAX,[31, 22, 82, 15, 26, 9, 95, 42, 77, 12, 47, 5, 93, 78, 86, 54, 6, 63, 18, 44, 20, 35, 43, 97, 91, 76, 10, 30, 21, 45, 71, 64, 1, 23, 17, 83, 24, 14, 60, 36, 85, 57, 40, 88, 65, 56, 79, 94, 67, 68, 46, 75, 38, 58, 19, 32, 81, 41, 62, 87, 28, 90, 99, 59, 11, 72, 16, 73, 70, 39, 37, 84, 3, 92, 25, 34, 29, 55, 51, 7, 98, 61, 66, 48, 89, 50, 4, 96, 53, 80, 8, 33, 27, 2, 52, 13, 0, 69, 74, 49]|[1, 1, 0, 1, 1, 0, 1, 2, 2, 1, 2, 2, 2, 1, 1, 0, 0, 1, 0, 2, 2, 0, 1, 2, 2, 1, 2, 2, 0, 0, 1, 1, 1, 2, 1, 0, 2, 0, 1, 1, 0, 1, 1, 1, 0, 2, 1, 1, 0, 0, 0, 0, 1, 1, 2, 1, 2, 0, 0, 2, 2, 1, 0, 1, 2, 2, 1, 1, 1, 1, 1, 1, 1, 0, 1, 2, 0, 2, 0, 1, 2, 1, 0, 0, 1, 0, 1, 2, 0, 0, 1, 2, 0, 0, 1, 0, 0, 1, 2, 0]|[0, 3, 2, 2, 4, 1, 2, 2, 2, 4, 1, 1, 2, 4, 4, 1, 2, 4, 2, 1, 1, 1, 1, 2, 1, 2, 1, 1, 1, 1, 3, 3, 3, 0, 4, 0, 1, 1, 0, 3, 2, 2, 2, 0, 1, 1, 0, 4, 0, 1, 2, 2, 1, 4, 0, 3, 2, 1, 2, 1, 1, 3, 1, 1, 1, 0, 3, 4, 3, 1, 4, 1, 1, 0, 4, 1, 1, 1, 1, 1, 1, 3, 1, 1, 1, 1, 4, 1, 2, 1, 3, 1, 2, 2, 1, 2, 2, 4, 1, 1]|[0, 2, 1, 1, 3, 0, 1, 0, 0, 0, 0, 0, 1, 0, 1, 0, 0, 3, 1, 0, 0, 0, 3, 1, 0, 2, 0, 0, 0, 1, 0, 0, 0, 0, 3, 0, 1, 0, 0, 2, 1, 1, 1, 0, 0, 0, 0, 2, 1, 0, 0, 0, 1, 3, 0, 0, 1, 0, 1, 0, 0, 2, 0, 1, 0, 1, 2, 0, 0, 1, 1, 3, 1, 1, 3, 0, 0, 0, 0, 2, 0, 0, 0, 0, 1, 0, 0, 0, 1, 0, 2, 0, 1, 0, 1, 0, 0, 2, 0, 1],740.1000024547002,57245.26292476342,97017.87740826326,false
13,G4_BALANCED,G2_TEC,[31, 22, 82, 15, 26, 9, 95, 42, 77, 68, 47, 5, 93, 78, 86, 54, 85, 63, 18, 44, 20, 49, 36, 14, 74, 50, 53, 17, 21, 45, 71, 64, 3, 23, 30, 83, 24, 41, 60, 52, 65, 27, 90, 70, 39, 87, 48, 69, 99, 4, 46, 1, 13, 58, 97, 59, 28, 8, 73, 37, 35, 79, 11, 66, 76, 57, 40, 80, 96, 6, 16, 61, 33, 98, 32, 81, 62, 67, 10, 7, 56, 88, 51, 19, 91, 38, 75, 92, 25, 84, 2, 55, 12, 43, 34, 0, 89, 94, 29, 72]|[2, 1, 2, 1, 1, 2, 1, 1, 1, 1, 1, 0, 2, 2, 1, 2, 0, 0, 0, 2, 2, 1, 0, 2, 0, 2, 2, 1, 0, 1, 1, 1, 0, 0, 1, 0, 2, 1, 2, 2, 0, 0, 1, 1, 0, 2, 0, 2, 1, 0, 0, 2, 0, 0, 2, 0, 2, 1, 0, 0, 2, 1, 0, 2, 2, 0, 2, 2, 0, 1, 2, 1, 1, 0, 0, 1, 1, 1, 1, 2, 2, 1, 1, 1, 1, 2, 0, 0, 1, 0, 2, 0, 1, 1, 1, 0, 1, 1, 1, 1]|[0, 3, 0, 2, 4, 1, 4, 4, 2, 4, 3, 2, 1, 0, 2, 1, 1, 1, 2, 1, 1, 3, 0, 1, 0, 1, 1, 4, 1, 4, 3, 2, 2, 0, 4, 1, 1, 4, 0, 1, 2, 1, 4, 4, 1, 1, 0, 2, 3, 1, 2, 1, 2, 1, 1, 2, 0, 3, 0, 2, 2, 3, 1, 0, 1, 2, 0, 1, 2, 4, 1, 3, 4, 2, 2, 4, 3, 3, 3, 1, 1, 4, 3, 4, 3, 1, 2, 2, 4, 2, 1, 2, 3, 4, 1, 2, 4, 4, 3, 4]|[0, 2, 0, 1, 3, 0, 1, 3, 0, 0, 2, 0, 1, 0, 1, 0, 0, 0, 1, 0, 0, 2, 0, 0, 1, 0, 0, 3, 0, 1, 0, 2, 0, 0, 3, 0, 1, 3, 1, 0, 0, 0, 1, 3, 0, 0, 1, 0, 2, 0, 0, 0, 0, 0, 1, 0, 0, 0, 1, 1, 0, 2, 0, 0, 0, 0, 0, 0, 0, 2, 0, 0, 1, 0, 0, 2, 0, 0, 3, 0, 0, 1, 0, 3, 0, 0, 0, 0, 3, 0, 0, 0, 0, 2, 1, 0, 1, 2, 0, 2],882.1412263674653,51829.121599180704,111355.98461419833,true
13,G2_TEC,G2_TEC,[31, 22, 82, 15, 26, 9, 95, 42, 77, 68, 47, 5, 93, 78, 86, 54, 85, 63, 18, 44, 20, 49, 36, 14, 74, 50, 53, 17, 21, 28, 71, 64, 3, 23, 30, 83, 24, 41, 60, 52, 65, 27, 90, 70, 39, 87, 48, 69, 99, 4, 46, 1, 13, 58, 97, 59, 33, 8, 73, 37, 35, 79, 11, 66, 76, 32, 40, 80, 96, 6, 16, 61, 45, 7, 57, 34, 12, 67, 10, 98, 56, 88, 29, 19, 91, 38, 75, 92, 43, 84, 51, 62, 89, 25, 81, 55, 0, 94, 2, 72]|[2, 1, 2, 1, 1, 2, 1, 1, 1, 1, 1, 0, 2, 2, 1, 2, 0, 0, 0, 2, 2, 1, 0, 2, 0, 2, 2, 1, 0, 1, 1, 1, 0, 0, 1, 0, 2, 1, 2, 2, 0, 0, 1, 1, 0, 2, 0, 2, 1, 0, 0, 2, 0, 0, 2, 0, 1, 1, 0, 0, 1, 1, 0, 2, 2, 0, 2, 2, 0, 1, 2, 1, 1, 2, 0, 1, 1, 1, 1, 0, 2, 1, 1, 1, 1, 0, 0, 0, 1, 0, 1, 1, 1, 1, 1, 0, 0, 1, 2, 1]|[0, 3, 0, 2, 4, 1, 4, 4, 2, 4, 3, 2, 1, 0, 2, 1, 1, 1, 2, 1, 1, 3, 0, 1, 0, 1, 1, 4, 1, 4, 3, 2, 2, 0, 4, 1, 1, 4, 0, 1, 2, 1, 4, 4, 1, 1, 0, 2, 3, 1, 2, 1, 2, 1, 1, 2, 4, 3, 0, 2, 3, 3, 1, 0, 1, 2, 0, 1, 2, 4, 1, 3, 4, 1, 2, 4, 3, 3, 3, 2, 1, 4, 3, 4, 3, 2, 2, 2, 4, 2, 3, 3, 4, 4, 1, 2, 2, 4, 1, 4]|[0, 2, 0, 1, 3, 0, 1, 3, 0, 0, 2, 0, 1, 0, 1, 0, 0, 0, 1, 0, 0, 2, 0, 0, 1, 0, 0, 3, 0, 1, 0, 2, 0, 0, 3, 0, 1, 3, 1, 0, 0, 0, 1, 3, 0, 0, 1, 0, 2, 0, 0, 0, 0, 0, 1, 0, 1, 0, 1, 1, 2, 2, 0, 0, 0, 0, 0, 0, 0, 2, 0, 0, 1, 0, 0, 1, 0, 0, 3, 0, 0, 1, 0, 3, 0, 0, 0, 0, 2, 0, 0, 0, 1, 3, 1, 0, 0, 2, 0, 2],918.5349760917882,51468.548061908,110087.41095170133,false
13,G3_TWC,G3_TWC,[31, 22, 82, 15, 26, 9, 95, 42, 77, 12, 47, 5, 93, 78, 86, 54, 85, 63, 18, 44, 20, 35, 43, 97, 91, 76, 10, 30, 21, 45, 71, 64, 1, 23, 17, 83, 24, 14, 60, 36, 41, 57, 40, 88, 65, 56, 79, 94, 67, 68, 46, 75, 38, 58, 19, 32, 81, 6, 27, 62, 87, 90, 99, 59, 11, 16, 72, 73, 69, 39, 37, 84, 3, 92, 25, 55, 28, 29, 51, 7, 66, 61, 98, 48, 89, 8, 33, 96, 53, 80, 50, 4, 34, 2, 52, 13, 0, 70, 74, 49]|[1, 1, 0, 1, 1, 0, 1, 2, 2, 1, 2, 2, 2, 1, 1, 0, 0, 1, 0, 2, 2, 0, 1, 2, 0, 1, 2, 2, 0, 0, 1, 2, 1, 2, 1, 0, 2, 0, 1, 1, 0, 1, 1, 1, 0, 2, 1, 1, 0, 0, 0, 0, 1, 1, 2, 1, 2, 0, 0, 0, 2, 1, 0, 1, 2, 1, 2, 1, 1, 1, 1, 1, 1, 0, 1, 1, 0, 0, 0, 1, 2, 1, 2, 0, 1, 0, 2, 0, 0, 0, 0, 0, 2, 0, 1, 0, 0, 1, 2, 0]|[4, 3, 2, 2, 4, 1, 2, 2, 2, 4, 1, 1, 2, 4, 4, 1, 2, 4, 2, 1, 1, 1, 1, 2, 1, 2, 1, 1, 1, 1, 3, 2, 3, 0, 4, 0, 1, 1, 0, 3, 2, 2, 2, 0, 1, 1, 0, 4, 0, 1, 2, 2, 1, 4, 0, 3, 2, 1, 1, 2, 1, 3, 1, 1, 1, 3, 0, 4, 3, 1, 4, 1, 1, 0, 4, 4, 2, 1, 1, 1, 1, 3, 1, 1, 1, 1, 1, 1, 2, 1, 1, 2, 1, 2, 1, 2, 2, 4, 1, 1]|[0, 2, 1, 1, 3, 0, 1, 0, 0, 0, 0, 0, 1, 0, 1, 0, 0, 3, 1, 0, 0, 0, 3, 1, 0, 2, 0, 0, 0, 1, 0, 0, 0, 0, 3, 0, 1, 0, 0, 2, 1, 1, 1, 0, 0, 0, 0, 2, 1, 0, 0, 0, 1, 3, 0, 0, 1, 0, 0, 1, 0, 2, 0, 1, 0, 2, 1, 0, 0, 1, 1, 3, 1, 1, 3, 3, 1, 0, 0, 2, 0, 0, 0, 0, 1, 0, 0, 0, 1, 0, 0, 1, 0, 0, 1, 0, 0, 2, 0, 1],828.6150361188287,57498.909092636255,92558.71763620913,false
13,G1_CMAX,G1_CMAX,[31, 22, 82, 15, 26, 9, 95, 42, 77, 12, 47, 5, 93, 78, 86, 54, 6, 63, 18, 44, 20, 35, 43, 97, 91, 76, 10, 30, 21, 45, 71, 64, 1, 23, 17, 83, 24, 14, 60, 36, 85, 57, 40, 88, 65, 56, 79, 94, 67, 68, 46, 75, 38, 58, 19, 32, 81, 41, 62, 87, 28, 90, 99, 59, 11, 72, 16, 73, 70, 39, 37, 84, 3, 92, 25, 34, 29, 55, 51, 7, 98, 61, 66, 48, 89, 50, 4, 96, 53, 80, 8, 33, 27, 2, 52, 13, 0, 69, 74, 49]|[1, 1, 0, 1, 1, 0, 1, 2, 2, 1, 2, 2, 2, 1, 1, 0, 0, 1, 0, 2, 2, 0, 1, 2, 2, 1, 2, 2, 0, 0, 1, 1, 1, 2, 1, 0, 2, 0, 1, 1, 0, 1, 1, 1, 0, 2, 1, 1, 0, 0, 0, 0, 1, 1, 2, 1, 2, 0, 0, 2, 2, 1, 0, 1, 2, 2, 1, 1, 1, 1, 1, 1, 1, 0, 1, 2, 0, 2, 0, 1, 2, 1, 0, 0, 1, 0, 1, 2, 0, 0, 1, 2, 0, 0, 1, 0, 0, 1, 2, 0]|[0, 3, 2, 2, 4, 1, 2, 2, 2, 4, 1, 1, 2, 4, 4, 1, 2, 4, 2, 1, 1, 1, 1, 2, 1, 2, 1, 1, 1, 1, 3, 3, 3, 0, 4, 0, 1, 1, 0, 3, 2, 2, 2, 0, 1, 1, 0, 4, 0, 1, 2, 2, 1, 4, 0, 3, 2, 1, 2, 1, 1, 3, 1, 1, 1, 0, 3, 4, 3, 1, 4, 1, 1, 0, 4, 1, 1, 1, 1, 1, 1, 3, 1, 1, 1, 1, 4, 1, 2, 1, 3, 1, 2, 2, 1, 2, 2, 4, 1, 1]|[0, 2, 1, 1, 3, 0, 1, 0, 0, 0, 0, 0, 1, 0, 1, 0, 0, 3, 1, 0, 0, 0, 3, 1, 0, 2, 0, 0, 0, 1, 0, 0, 0, 0, 3, 0, 1, 0, 0, 2, 1, 1, 1, 0, 0, 0, 0, 2, 1, 0, 0, 0, 1, 3, 0, 0, 1, 0, 1, 0, 0, 2, 0, 1, 0, 1, 2, 0, 0, 1, 1, 3, 1, 1, 3, 0, 0, 0, 0, 2, 0, 0, 0, 0, 1, 0, 0, 0, 1, 0, 2, 0, 1, 0, 1, 0, 0, 2, 0, 1],740.1000024547002,57245.26292476342,97017.87740826326,false
13,G4_BALANCED,G1_CMAX,[31, 22, 82, 15, 26, 9, 95, 42, 77, 12, 47, 5, 93, 78, 86, 54, 6, 63, 18, 44, 20, 35, 43, 97, 91, 76, 10, 30, 21, 45, 64, 71, 1, 23, 17, 83, 24, 14, 60, 36, 85, 57, 40, 88, 65, 56, 79, 94, 39, 68, 46, 75, 38, 58, 19, 32, 81, 41, 27, 62, 87, 90, 99, 59, 11, 16, 72, 73, 70, 67, 37, 84, 3, 92, 25, 55, 28, 29, 51, 8, 66, 61, 98, 48, 89, 50, 7, 96, 53, 80, 4, 33, 34, 2, 52, 13, 0, 69, 74, 49]|[1, 1, 0, 1, 1, 0, 1, 2, 2, 1, 2, 2, 2, 1, 1, 0, 0, 1, 0, 2, 2, 0, 1, 2, 0, 1, 2, 2, 0, 0, 1, 2, 1, 2, 1, 0, 2, 0, 1, 1, 0, 1, 1, 1, 0, 2, 1, 1, 0, 0, 0, 0, 1, 1, 2, 1, 2, 0, 0, 0, 2, 1, 0, 1, 2, 1, 2, 1, 1, 1, 1, 1, 1, 0, 1, 1, 0, 0, 0, 1, 0, 1, 0, 0, 1, 0, 1, 2, 0, 0, 0, 0, 2, 0, 1, 0, 0, 1, 2, 0]|[4, 3, 2, 2, 4, 1, 2, 2, 2, 4, 1, 1, 2, 4, 4, 1, 2, 4, 2, 1, 1, 1, 1, 2, 1, 2, 1, 1, 1, 1, 3, 2, 3, 0, 4, 0, 1, 1, 0, 3, 2, 2, 2, 0, 1, 1, 0, 4, 0, 1, 2, 2, 1, 4, 0, 3, 2, 1, 1, 2, 1, 3, 1, 1, 1, 3, 0, 4, 3, 1, 4, 1, 1, 0, 4, 4, 2, 1, 1, 3, 1, 3, 1, 1, 1, 1, 1, 1, 2, 1, 2, 2, 1, 2, 1, 2, 2, 3, 1, 1]|[0, 2, 1, 1, 3, 0, 1, 0, 0, 0, 0, 0, 1, 0, 1, 0, 1, 3, 1, 0, 0, 0, 3, 1, 0, 2, 0, 0, 0, 1, 0, 0, 0, 0, 3, 0, 1, 0, 0, 2, 1, 1, 1, 0, 0, 0, 0, 2, 1, 0, 0, 0, 1, 3, 0, 0, 1, 0, 0, 1, 0, 2, 0, 1, 0, 2, 1, 0, 0, 1, 1, 3, 1, 1, 3, 3, 1, 0, 0, 2, 0, 0, 0, 0, 1, 0, 2, 0, 1, 0, 1, 1, 0, 0, 1, 0, 0, 0, 0, 1],824.1531664905515,57504.66170409152,92407.54974943638,true
13,G2_TEC,G2_TEC,[31, 22, 82, 15, 26, 9, 95, 42, 77, 68, 47, 5, 93, 78, 86, 54, 85, 63, 18, 44, 20, 49, 36, 14, 74, 50, 53, 17, 21, 28, 71, 64, 3, 23, 30, 83, 24, 41, 60, 52, 65, 27, 90, 70, 39, 87, 48, 69, 99, 4, 46, 1, 13, 58, 97, 59, 33, 8, 73, 37, 35, 79, 11, 66, 76, 32, 40, 80, 96, 6, 16, 61, 45, 7, 57, 34, 12, 67, 10, 98, 56, 88, 29, 19, 91, 38, 75, 92, 43, 84, 51, 62, 89, 25, 81, 55, 0, 94, 2, 72]|[2, 1, 2, 1, 1, 2, 1, 1, 1, 1, 1, 0, 2, 2, 1, 2, 0, 0, 0, 2, 2, 1, 0, 2, 0, 2, 2, 1, 0, 1, 1, 1, 0, 0, 1, 0, 2, 1, 2, 2, 0, 0, 1, 1, 0, 2, 0, 2, 1, 0, 0, 2, 0, 0, 2, 0, 1, 1, 0, 0, 1, 1, 0, 2, 2, 0, 2, 2, 0, 1, 2, 1, 1, 2, 0, 1, 1, 1, 1, 0, 2, 1, 1, 1, 1, 0, 0, 0, 1, 0, 1, 1, 1, 1, 1, 0, 0, 1, 2, 1]|[0, 3, 0, 2, 4, 1, 4, 4, 2, 4, 3, 2, 1, 0, 2, 1, 1, 1, 2, 1, 1, 3, 0, 1, 0, 1, 1, 4, 1, 4, 3, 2, 2, 0, 4, 1, 1, 4, 0, 1, 2, 1, 4, 4, 1, 1, 0, 2, 3, 1, 2, 1, 2, 1, 1, 2, 4, 3, 0, 2, 3, 3, 1, 0, 1, 2, 0, 1, 2, 4, 1, 3, 4, 1, 2, 4, 3, 3, 3, 2, 1, 4, 3, 4, 3, 2, 2, 2, 4, 2, 3, 3, 4, 4, 1, 2, 2, 4, 1, 4]|[0, 2, 0, 1, 3, 0, 1, 3, 0, 0, 2, 0, 1, 0, 1, 0, 0, 0, 1, 0, 0, 2, 0, 0, 1, 0, 0, 3, 0, 1, 0, 2, 0, 0, 3, 0, 1, 3, 1, 0, 0, 0, 1, 3, 0, 0, 1, 0, 2, 0, 0, 0, 0, 0, 1, 0, 1, 0, 1, 1, 2, 2, 0, 0, 0, 0, 0, 0, 0, 2, 0, 0, 1, 0, 0, 1, 0, 0, 3, 0, 0, 1, 0, 3, 0, 0, 0, 0, 2, 0, 0, 0, 1, 3, 1, 0, 0, 2, 0, 2],918.5349760917882,51468.548061908,110087.41095170133,false
13,G3_TWC,G3_TWC,[31, 22, 82, 15, 26, 9, 95, 42, 77, 12, 47, 5, 93, 78, 86, 54, 85, 63, 18, 44, 20, 35, 43, 97, 91, 76, 10, 30, 21, 45, 71, 64, 1, 23, 17, 83, 24, 14, 60, 36, 41, 57, 40, 88, 65, 56, 79, 94, 67, 68, 46, 75, 38, 58, 19, 32, 81, 6, 27, 62, 87, 90, 99, 59, 11, 16, 72, 73, 69, 39, 37, 84, 3, 92, 25, 55, 28, 29, 51, 7, 66, 61, 98, 48, 89, 8, 33, 96, 53, 80, 50, 4, 34, 2, 52, 13, 0, 70, 74, 49]|[1, 1, 0, 1, 1, 0, 1, 2, 2, 1, 2, 2, 2, 1, 1, 0, 0, 1, 0, 2, 2, 0, 1, 2, 0, 1, 2, 2, 0, 0, 1, 2, 1, 2, 1, 0, 2, 0, 1, 1, 0, 1, 1, 1, 0, 2, 1, 1, 0, 0, 0, 0, 1, 1, 2, 1, 2, 0, 0, 0, 2, 1, 0, 1, 2, 1, 2, 1, 1, 1, 1, 1, 1, 0, 1, 1, 0, 0, 0, 1, 2, 1, 2, 0, 1, 0, 2, 0, 0, 0, 0, 0, 2, 0, 1, 0, 0, 1, 2, 0]|[4, 3, 2, 2, 4, 1, 2, 2, 2, 4, 1, 1, 2, 4, 4, 1, 2, 4, 2, 1, 1, 1, 1, 2, 1, 2, 1, 1, 1, 1, 3, 2, 3, 0, 4, 0, 1, 1, 0, 3, 2, 2, 2, 0, 1, 1, 0, 4, 0, 1, 2, 2, 1, 4, 0, 3, 2, 1, 1, 2, 1, 3, 1, 1, 1, 3, 0, 4, 3, 1, 4, 1, 1, 0, 4, 4, 2, 1, 1, 1, 1, 3, 1, 1, 1, 1, 1, 1, 2, 1, 1, 2, 1, 2, 1, 2, 2, 4, 1, 1]|[0, 2, 1, 1, 3, 0, 1, 0, 0, 0, 0, 0, 1, 0, 1, 0, 0, 3, 1, 0, 0, 0, 3, 1, 0, 2, 0, 0, 0, 1, 0, 0, 0, 0, 3, 0, 1, 0, 0, 2, 1, 1, 1, 0, 0, 0, 0, 2, 1, 0, 0, 0, 1, 3, 0, 0, 1, 0, 0, 1, 0, 2, 0, 1, 0, 2, 1, 0, 0, 1, 1, 3, 1, 1, 3, 3, 1, 0, 0, 2, 0, 0, 0, 0, 1, 0, 0, 0, 1, 0, 0, 1, 0, 0, 1, 0, 0, 2, 0, 1],828.6150361188287,57498.909092636255,92558.71763620913,false
13,G1_CMAX,G1_CMAX,[31, 22, 82, 15, 26, 9, 95, 42, 77, 12, 47, 5, 93, 78, 86, 54, 6, 63, 18, 44, 20, 35, 43, 97, 91, 76, 10, 30, 21, 45, 71, 64, 1, 23, 17, 83, 24, 14, 60, 36, 85, 57, 40, 88, 65, 56, 79, 94, 67, 68, 46, 75, 38, 58, 19, 32, 81, 41, 62, 87, 28, 90, 99, 59, 11, 72, 16, 73, 70, 39, 37, 84, 3, 92, 25, 34, 29, 55, 51, 7, 98, 61, 66, 48, 89, 50, 4, 96, 53, 80, 8, 33, 27, 2, 52, 13, 0, 69, 74, 49]|[1, 1, 0, 1, 1, 0, 1, 2, 2, 1, 2, 2, 2, 1, 1, 0, 0, 1, 0, 2, 2, 0, 1, 2, 2, 1, 2, 2, 0, 0, 1, 1, 1, 2, 1, 0, 2, 0, 1, 1, 0, 1, 1, 1, 0, 2, 1, 1, 0, 0, 0, 0, 1, 1, 2, 1, 2, 0, 0, 2, 2, 1, 0, 1, 2, 2, 1, 1, 1, 1, 1, 1, 1, 0, 1, 2, 0, 2, 0, 1, 2, 1, 0, 0, 1, 0, 1, 2, 0, 0, 1, 2, 0, 0, 1, 0, 0, 1, 2, 0]|[0, 3, 2, 2, 4, 1, 2, 2, 2, 4, 1, 1, 2, 4, 4, 1, 2, 4, 2, 1, 1, 1, 1, 2, 1, 2, 1, 1, 1, 1, 3, 3, 3, 0, 4, 0, 1, 1, 0, 3, 2, 2, 2, 0, 1, 1, 0, 4, 0, 1, 2, 2, 1, 4, 0, 3, 2, 1, 2, 1, 1, 3, 1, 1, 1, 0, 3, 4, 3, 1, 4, 1, 1, 0, 4, 1, 1, 1, 1, 1, 1, 3, 1, 1, 1, 1, 4, 1, 2, 1, 3, 1, 2, 2, 1, 2, 2, 4, 1, 1]|[0, 2, 1, 1, 3, 0, 1, 0, 0, 0, 0, 0, 1, 0, 1, 0, 0, 3, 1, 0, 0, 0, 3, 1, 0, 2, 0, 0, 0, 1, 0, 0, 0, 0, 3, 0, 1, 0, 0, 2, 1, 1, 1, 0, 0, 0, 0, 2, 1, 0, 0, 0, 1, 3, 0, 0, 1, 0, 1, 0, 0, 2, 0, 1, 0, 1, 2, 0, 0, 1, 1, 3, 1, 1, 3, 0, 0, 0, 0, 2, 0, 0, 0, 0, 1, 0, 0, 0, 1, 0, 2, 0, 1, 0, 1, 0, 0, 2, 0, 1],740.1000024547002,57245.26292476342,97017.87740826326,false
13,G4_BALANCED,G4_BALANCED,[31, 22, 82, 15, 26, 58, 95, 42, 77, 12, 47, 5, 93, 78, 86, 54, 85, 63, 18, 44, 20, 35, 43, 97, 66, 76, 10, 30, 21, 45, 71, 1, 23, 64, 17, 83, 80, 14, 60, 36, 6, 57, 40, 88, 65, 56, 79, 94, 67, 68, 46, 75, 38, 9, 19, 32, 81, 41, 53, 62, 87, 90, 99, 59, 11, 16, 72, 73, 70, 39, 37, 84, 3, 92, 25, 28, 29, 55, 51, 7, 98, 61, 91, 48, 89, 50, 4, 96, 27, 24, 8, 33, 34, 2, 52, 13, 0, 69, 74, 49]|[1, 1, 0, 1, 1, 0, 1, 2, 2, 1, 2, 2, 2, 1, 1, 0, 0, 1, 0, 2, 2, 0, 1, 2, 2, 1, 2, 2, 0, 0, 1, 1, 2, 2, 1, 0, 0, 0, 1, 1, 0, 1, 1, 1, 0, 2, 1, 1, 0, 0, 0, 0, 1, 1, 2, 1, 2, 0, 0, 0, 2, 1, 0, 1, 2, 1, 2, 1, 1, 1, 1, 1, 1, 0, 1, 0, 0, 2, 0, 1, 2, 1, 0, 0, 1, 0, 1, 2, 0, 2, 0, 2, 2, 0, 1, 0, 0, 1, 2, 0]|[4, 3, 2, 2, 4, 1, 2, 2, 2, 4, 1, 1, 2, 4, 4, 1, 2, 4, 2, 1, 1, 1, 1, 2, 1, 2, 1, 1, 1, 1, 3, 3, 1, 1, 4, 0, 1, 1, 0, 3, 2, 2, 2, 0, 1, 1, 0, 4, 0, 1, 2, 2, 1, 4, 0, 3, 2, 1, 1, 2, 1, 3, 1, 1, 1, 3, 0, 4, 3, 1, 4, 1, 1, 0, 4, 2, 1, 1, 1, 1, 1, 3, 1, 1, 1, 1, 4, 1, 2, 1, 2, 1, 1, 2, 1, 2, 2, 4, 1, 1]|[0, 2, 1, 1, 3, 0, 1, 0, 0, 0, 0, 0, 1, 0, 1, 0, 0, 3, 1, 0, 0, 0, 3, 1, 0, 2, 0, 0, 0, 1, 0, 0, 0, 0, 3, 0, 0, 0, 0, 2, 1, 1, 1, 0, 0, 0, 0, 2, 1, 0, 0, 0, 1, 3, 0, 0, 1, 0, 0, 1, 0, 2, 0, 1, 0, 2, 1, 0, 0, 1, 1, 3, 1, 1, 3, 1, 0, 0, 0, 2, 0, 0, 0, 0, 1, 0, 0, 0, 1, 1, 1, 0, 0, 0, 1, 0, 0, 2, 0, 1],758.863641245108,56323.8828778441,93552.32614179025,false
13,G2_TEC,G2_TEC,[31, 22, 82, 15, 26, 9, 95, 42, 77, 68, 47, 5, 93, 78, 86, 54, 85, 63, 18, 44, 20, 49, 36, 14, 74, 50, 53, 17, 21, 28, 71, 64, 3, 23, 30, 83, 24, 41, 60, 52, 65, 27, 90, 70, 39, 87, 48, 69, 99, 4, 46, 1, 13, 58, 97, 59, 33, 8, 73, 37, 35, 79, 11, 66, 76, 32, 40, 80, 96, 6, 16, 61, 45, 7, 57, 34, 12, 67, 10, 98, 56, 88, 29, 19, 91, 38, 75, 92, 43, 84, 51, 62, 89, 25, 81, 55, 0, 94, 2, 72]|[2, 1, 2, 1, 1, 2, 1, 1, 1, 1, 1, 0, 2, 2, 1, 2, 0, 0, 0, 2, 2, 1, 0, 2, 0, 2, 2, 1, 0, 1, 1, 1, 0, 0, 1, 0, 2, 1, 2, 2, 0, 0, 1, 1, 0, 2, 0, 2, 1, 0, 0, 2, 0, 0, 2, 0, 1, 1, 0, 0, 1, 1, 0, 2, 2, 0, 2, 2, 0, 1, 2, 1, 1, 2, 0, 1, 1, 1, 1, 0, 2, 1, 1, 1, 1, 0, 0, 0, 1, 0, 1, 1, 1, 1, 1, 0, 0, 1, 2, 1]|[0, 3, 0, 2, 4, 1, 4, 4, 2, 4, 3, 2, 1, 0, 2, 1, 1, 1, 2, 1, 1, 3, 0, 1, 0, 1, 1, 4, 1, 4, 3, 2, 2, 0, 4, 1, 1, 4, 0, 1, 2, 1, 4, 4, 1, 1, 0, 2, 3, 1, 2, 1, 2, 1, 1, 2, 4, 3, 0, 2, 3, 3, 1, 0, 1, 2, 0, 1, 2, 4, 1, 3, 4, 1, 2, 4, 3, 3, 3, 2, 1, 4, 3, 4, 3, 2, 2, 2, 4, 2, 3, 3, 4, 4, 1, 2, 2, 4, 1, 4]|[0, 2, 0, 1, 3, 0, 1, 3, 0, 0, 2, 0, 1, 0, 1, 0, 0, 0, 1, 0, 0, 2, 0, 0, 1, 0, 0, 3, 0, 1, 0, 2, 0, 0, 3, 0, 1, 3, 1, 0, 0, 0, 1, 3, 0, 0, 1, 0, 2, 0, 0, 0, 0, 0, 1, 0, 1, 0, 1, 1, 2, 2, 0, 0, 0, 0, 0, 0, 0, 2, 0, 0, 1, 0, 0, 1, 0, 0, 3, 0, 0, 1, 0, 3, 0, 0, 0, 0, 2, 0, 0, 0, 1, 3, 1, 0, 0, 2, 0, 2],918.5349760917882,51468.548061908,110087.41095170133,false
13,G3_TWC,G3_TWC,[31, 22, 82, 15, 26, 9, 95, 42, 77, 12, 47, 5, 93, 78, 86, 54, 85, 63, 18, 44, 20, 35, 43, 97, 91, 76, 10, 30, 21, 45, 71, 64, 1, 23, 17, 83, 24, 14, 60, 36, 41, 57, 40, 88, 65, 56, 79, 94, 67, 68, 46, 75, 38, 58, 19, 32, 81, 6, 27, 62, 87, 90, 99, 59, 11, 16, 72, 73, 69, 39, 37, 84, 3, 92, 25, 55, 28, 29, 51, 7, 66, 61, 98, 48, 89, 8, 33, 96, 53, 80, 50, 4, 34, 2, 52, 13, 0, 70, 74, 49]|[1, 1, 0, 1, 1, 0, 1, 2, 2, 1, 2, 2, 2, 1, 1, 0, 0, 1, 0, 2, 2, 0, 1, 2, 0, 1, 2, 2, 0, 0, 1, 2, 1, 2, 1, 0, 2, 0, 1, 1, 0, 1, 1, 1, 0, 2, 1, 1, 0, 0, 0, 0, 1, 1, 2, 1, 2, 0, 0, 0, 2, 1, 0, 1, 2, 1, 2, 1, 1, 1, 1, 1, 1, 0, 1, 1, 0, 0, 0, 1, 2, 1, 2, 0, 1, 0, 2, 0, 0, 0, 0, 0, 2, 0, 1, 0, 0, 1, 2, 0]|[4, 3, 2, 2, 4, 1, 2, 2, 2, 4, 1, 1, 2, 4, 4, 1, 2, 4, 2, 1, 1, 1, 1, 2, 1, 2, 1, 1, 1, 1, 3, 2, 3, 0, 4, 0, 1, 1, 0, 3, 2, 2, 2, 0, 1, 1, 0, 4, 0, 1, 2, 2, 1, 4, 0, 3, 2, 1, 1, 2, 1, 3, 1, 1, 1, 3, 0, 4, 3, 1, 4, 1, 1, 0, 4, 4, 2, 1, 1, 1, 1, 3, 1, 1, 1, 1, 1, 1, 2, 1, 1, 2, 1, 2, 1, 2, 2, 4, 1, 1]|[0, 2, 1, 1, 3, 0, 1, 0, 0, 0, 0, 0, 1, 0, 1, 0, 0, 3, 1, 0, 0, 0, 3, 1, 0, 2, 0, 0, 0, 1, 0, 0, 0, 0, 3, 0, 1, 0, 0, 2, 1, 1, 1, 0, 0, 0, 0, 2, 1, 0, 0, 0, 1, 3, 0, 0, 1, 0, 0, 1, 0, 2, 0, 1, 0, 2, 1, 0, 0, 1, 1, 3, 1, 1, 3, 3, 1, 0, 0, 2, 0, 0, 0, 0, 1, 0, 0, 0, 1, 0, 0, 1, 0, 0, 1, 0, 0, 2, 0, 1],828.6150361188287,57498.909092636255,92558.71763620913,false
13,G1_CMAX,G1_CMAX,[31, 22, 82, 15, 26, 9, 95, 42, 77, 12, 47, 5, 93, 78, 86, 54, 6, 63, 18, 44, 20, 35, 43, 97, 91, 76, 10, 30, 21, 45, 71, 64, 1, 23, 17, 83, 24, 14, 60, 36, 85, 57, 40, 88, 65, 56, 79, 94, 67, 68, 46, 75, 38, 58, 19, 32, 81, 41, 62, 87, 28, 90, 99, 59, 11, 72, 16, 73, 70, 39, 37, 84, 3, 92, 25, 34, 29, 55, 51, 7, 98, 61, 66, 48, 89, 50, 4, 96, 53, 80, 8, 33, 27, 2, 52, 13, 0, 69, 74, 49]|[1, 1, 0, 1, 1, 0, 1, 2, 2, 1, 2, 2, 2, 1, 1, 0, 0, 1, 0, 2, 2, 0, 1, 2, 2, 1, 2, 2, 0, 0, 1, 1, 1, 2, 1, 0, 2, 0, 1, 1, 0, 1, 1, 1, 0, 2, 1, 1, 0, 0, 0, 0, 1, 1, 2, 1, 2, 0, 0, 2, 2, 1, 0, 1, 2, 2, 1, 1, 1, 1, 1, 1, 1, 0, 1, 2, 0, 2, 0, 1, 2, 1, 0, 0, 1, 0, 1, 2, 0, 0, 1, 2, 0, 0, 1, 0, 0, 1, 2, 0]|[0, 3, 2, 2, 4, 1, 2, 2, 2, 4, 1, 1, 2, 4, 4, 1, 2, 4, 2, 1, 1, 1, 1, 2, 1, 2, 1, 1, 1, 1, 3, 3, 3, 0, 4, 0, 1, 1, 0, 3, 2, 2, 2, 0, 1, 1, 0, 4, 0, 1, 2, 2, 1, 4, 0, 3, 2, 1, 2, 1, 1, 3, 1, 1, 1, 0, 3, 4, 3, 1, 4, 1, 1, 0, 4, 1, 1, 1, 1, 1, 1, 3, 1, 1, 1, 1, 4, 1, 2, 1, 3, 1, 2, 2, 1, 2, 2, 4, 1, 1]|[0, 2, 1, 1, 3, 0, 1, 0, 0, 0, 0, 0, 1, 0, 1, 0, 0, 3, 1, 0, 0, 0, 3, 1, 0, 2, 0, 0, 0, 1, 0, 0, 0, 0, 3, 0, 1, 0, 0, 2, 1, 1, 1, 0, 0, 0, 0, 2, 1, 0, 0, 0, 1, 3, 0, 0, 1, 0, 1, 0, 0, 2, 0, 1, 0, 1, 2, 0, 0, 1, 1, 3, 1, 1, 3, 0, 0, 0, 0, 2, 0, 0, 0, 0, 1, 0, 0, 0, 1, 0, 2, 0, 1, 0, 1, 0, 0, 2, 0, 1],740.1000024547002,57245.26292476342,97017.87740826326,false
13,G4_BALANCED,G4_BALANCED,[31, 11, 82, 15, 26, 9, 95, 42, 77, 68, 47, 5, 93, 78, 86, 54, 85, 63, 18, 44, 20, 49, 36, 14, 74, 50, 53, 17, 21, 45, 71, 64, 3, 23, 30, 83, 24, 41, 60, 52, 65, 27, 90, 70, 39, 87, 48, 69, 99, 4, 46, 1, 13, 58, 97, 59, 28, 8, 73, 37, 35, 79, 22, 66, 76, 32, 40, 80, 96, 6, 16, 61, 33, 98, 57, 81, 62, 67, 10, 7, 56, 88, 29, 38, 91, 19, 75, 92, 94, 84, 2, 72, 51, 25, 34, 55, 0, 43, 89, 12]|[2, 1, 2, 1, 1, 2, 1, 1, 1, 1, 1, 0, 2, 2, 1, 2, 0, 0, 0, 2, 2, 1, 0, 2, 0, 2, 2, 1, 0, 1, 1, 1, 0, 0, 1, 0, 2, 1, 2, 2, 0, 0, 1, 1, 0, 2, 0, 2, 1, 0, 0, 2, 0, 0, 2, 0, 1, 1, 0, 0, 2, 1, 0, 2, 2, 0, 2, 2, 0, 1, 2, 1, 1, 0, 0, 1, 1, 1, 1, 2, 2, 1, 1, 0, 1, 1, 0, 0, 1, 0, 2, 1, 1, 1, 1, 0, 0, 1, 1, 1]|[0, 3, 0, 2, 4, 1, 4, 4, 2, 4, 3, 2, 1, 0, 2, 1, 1, 1, 2, 1, 1, 3, 0, 1, 0, 1, 1, 4, 1, 4, 3, 2, 2, 0, 4, 1, 1, 4, 0, 1, 2, 1, 4, 4, 1, 1, 0, 2, 3, 1, 2, 1, 2, 1, 1, 2, 4, 3, 0, 2, 2, 3, 1, 0, 1, 2, 0, 1, 2, 4, 1, 3, 4, 2, 2, 4, 3, 3, 3, 1, 1, 4, 3, 2, 3, 4, 2, 2, 4, 2, 1, 4, 3, 4, 1, 2, 2, 4, 4, 3]|[0, 2, 0, 1, 3, 0, 1, 3, 0, 0, 2, 0, 1, 0, 1, 0, 0, 0, 1, 0, 0, 2, 0, 0, 1, 0, 0, 3, 0, 1, 0, 2, 0, 1, 3, 0, 1, 3, 1, 0, 0, 0, 1, 3, 0, 0, 1, 0, 2, 0, 0, 0, 0, 0, 1, 0, 1, 0, 1, 1, 0, 2, 0, 0, 0, 0, 0, 0, 0, 2, 0, 0, 1, 0, 0, 2, 0, 0, 3, 0, 0, 1, 0, 0, 0, 3, 0, 0, 2, 1, 0, 2, 0, 3, 1, 0, 0, 2, 1, 0],882.5467973155922,52205.50067291686,107316.93790310413,false
13,G2_TEC,G2_TEC,[31, 22, 82, 15, 26, 9, 95, 42, 77, 68, 47, 5, 93, 78, 86, 54, 85, 63, 18, 44, 20, 49, 36, 14, 74, 50, 53, 17, 21, 28, 71, 64, 3, 23, 30, 83, 24, 41, 60, 52, 65, 27, 90, 70, 39, 87, 48, 69, 99, 4, 46, 1, 13, 58, 97, 59, 33, 8, 73, 37, 35, 79, 11, 66, 76, 32, 40, 80, 96, 6, 16, 61, 45, 7, 57, 34, 12, 67, 10, 98, 56, 88, 29, 19, 91, 38, 75, 92, 43, 84, 51, 62, 89, 25, 81, 55, 0, 94, 2, 72]|[2, 1, 2, 1, 1, 2, 1, 1, 1, 1, 1, 0, 2, 2, 1, 2, 0, 0, 0, 2, 2, 1, 0, 2, 0, 2, 2, 1, 0, 1, 1, 1, 0, 0, 1, 0, 2, 1, 2, 2, 0, 0, 1, 1, 0, 2, 0, 2, 1, 0, 0, 2, 0, 0, 2, 0, 1, 1, 0, 0, 1, 1, 0, 2, 2, 0, 2, 2, 0, 1, 2, 1, 1, 2, 0, 1, 1, 1, 1, 0, 2, 1, 1, 1, 1, 0, 0, 0, 1, 0, 1, 1, 1, 1, 1, 0, 0, 1, 2, 1]|[0, 3, 0, 2, 4, 1, 4, 4, 2, 4, 3, 2, 1, 0, 2, 1, 1, 1, 2, 1, 1, 3, 0, 1, 0, 1, 1, 4, 1, 4, 3, 2, 2, 0, 4, 1, 1, 4, 0, 1, 2, 1, 4, 4, 1, 1, 0, 2, 3, 1, 2, 1, 2, 1, 1, 2, 4, 3, 0, 2, 3, 3, 1, 0, 1, 2, 0, 1, 2, 4, 1, 3, 4, 1, 2, 4, 3, 3, 3, 2, 1, 4, 3, 4, 3, 2, 2, 2, 4, 2, 3, 3, 4, 4, 1, 2, 2, 4, 1, 4]|[0, 2, 0, 1, 3, 0, 1, 3, 0, 0, 2, 0, 1, 0, 1, 0, 0, 0, 1, 0, 0, 2, 0, 0, 1, 0, 0, 3, 0, 1, 0, 2, 0, 0, 3, 0, 1, 3, 1, 0, 0, 0, 1, 3, 0, 0, 1, 0, 2, 0, 0, 0, 0, 0, 1, 0, 1, 0, 1, 1, 2, 2, 0, 0, 0, 0, 0, 0, 0, 2, 0, 0, 1, 0, 0, 1, 0, 0, 3, 0, 0, 1, 0, 3, 0, 0, 0, 0, 2, 0, 0, 0, 1, 3, 1, 0, 0, 2, 0, 2],918.5349760917882,51468.548061908,110087.41095170133,false
13,G3_TWC,G3_TWC,[31, 22, 82, 15, 26, 9, 95, 42, 77, 12, 47, 5, 93, 78, 86, 54, 85, 63, 18, 44, 20, 35, 43, 97, 91, 76, 10, 30, 21, 45, 71, 64, 1, 23, 17, 83, 24, 14, 60, 36, 41, 57, 40, 88, 65, 56, 79, 94, 67, 68, 46, 75, 38, 58, 19, 32, 81, 6, 27, 62, 87, 90, 99, 59, 11, 16, 72, 73, 69, 39, 37, 84, 3, 92, 25, 55, 28, 29, 51, 7, 66, 61, 98, 48, 89, 8, 33, 96, 53, 80, 50, 4, 34, 2, 52, 13, 0, 70, 74, 49]|[1, 1, 0, 1, 1, 0, 1, 2, 2, 1, 2, 2, 2, 1, 1, 0, 0, 1, 0, 2, 2, 0, 1, 2, 0, 1, 2, 2, 0, 0, 1, 2, 1, 2, 1, 0, 2, 0, 1, 1, 0, 1, 1, 1, 0, 2, 1, 1, 0, 0, 0, 0, 1, 1, 2, 1, 2, 0, 0, 0, 2, 1, 0, 1, 2, 1, 2, 1, 1, 1, 1, 1, 1, 0, 1, 1, 0, 0, 0, 1, 2, 1, 2, 0, 1, 0, 2, 0, 0, 0, 0, 0, 2, 0, 1, 0, 0, 1, 2, 0]|[4, 3, 2, 2, 4, 1, 2, 2, 2, 4, 1, 1, 2, 4, 4, 1, 2, 4, 2, 1, 1, 1, 1, 2, 1, 2, 1, 1, 1, 1, 3, 2, 3, 0, 4, 0, 1, 1, 0, 3, 2, 2, 2, 0, 1, 1, 0, 4, 0, 1, 2, 2, 1, 4, 0, 3, 2, 1, 1, 2, 1, 3, 1, 1, 1, 3, 0, 4, 3, 1, 4, 1, 1, 0, 4, 4, 2, 1, 1, 1, 1, 3, 1, 1, 1, 1, 1, 1, 2, 1, 1, 2, 1, 2, 1, 2, 2, 4, 1, 1]|[0, 2, 1, 1, 3, 0, 1, 0, 0, 0, 0, 0, 1, 0, 1, 0, 0, 3, 1, 0, 0, 0, 3, 1, 0, 2, 0, 0, 0, 1, 0, 0, 0, 0, 3, 0, 1, 0, 0, 2, 1, 1, 1, 0, 0, 0, 0, 2, 1, 0, 0, 0, 1, 3, 0, 0, 1, 0, 0, 1, 0, 2, 0, 1, 0, 2, 1, 0, 0, 1, 1, 3, 1, 1, 3, 3, 1, 0, 0, 2, 0, 0, 0, 0, 1, 0, 0, 0, 1, 0, 0, 1, 0, 0, 1, 0, 0, 2, 0, 1],828.6150361188287,57498.909092636255,92558.71763620913,false
13,G1_CMAX,G1_CMAX,[31, 22, 82, 15, 26, 9, 95, 42, 77, 12, 47, 5, 93, 78, 86, 54, 6, 63, 18, 44, 20, 35, 43, 97, 91, 76, 10, 30, 21, 45, 71, 64, 1, 23, 17, 83, 24, 14, 60, 36, 85, 57, 40, 88, 65, 56, 79, 94, 67, 68, 46, 75, 38, 58, 19, 32, 81, 41, 62, 87, 28, 90, 99, 59, 11, 72, 16, 73, 70, 39, 37, 84, 3, 92, 25, 34, 29, 55, 51, 7, 98, 61, 66, 48, 89, 50, 4, 96, 53, 80, 8, 33, 27, 2, 52, 13, 0, 69, 74, 49]|[1, 1, 0, 1, 1, 0, 1, 2, 2, 1, 2, 2, 2, 1, 1, 0, 0, 1, 0, 2, 2, 0, 1, 2, 2, 1, 2, 2, 0, 0, 1, 1, 1, 2, 1, 0, 2, 0, 1, 1, 0, 1, 1, 1, 0, 2, 1, 1, 0, 0, 0, 0, 1, 1, 2, 1, 2, 0, 0, 2, 2, 1, 0, 1, 2, 2, 1, 1, 1, 1, 1, 1, 1, 0, 1, 2, 0, 2, 0, 1, 2, 1, 0, 0, 1, 0, 1, 2, 0, 0, 1, 2, 0, 0, 1, 0, 0, 1, 2, 0]|[0, 3, 2, 2, 4, 1, 2, 2, 2, 4, 1, 1, 2, 4, 4, 1, 2, 4, 2, 1, 1, 1, 1, 2, 1, 2, 1, 1, 1, 1, 3, 3, 3, 0, 4, 0, 1, 1, 0, 3, 2, 2, 2, 0, 1, 1, 0, 4, 0, 1, 2, 2, 1, 4, 0, 3, 2, 1, 2, 1, 1, 3, 1, 1, 1, 0, 3, 4, 3, 1, 4, 1, 1, 0, 4, 1, 1, 1, 1, 1, 1, 3, 1, 1, 1, 1, 4, 1, 2, 1, 3, 1, 2, 2, 1, 2, 2, 4, 1, 1]|[0, 2, 1, 1, 3, 0, 1, 0, 0, 0, 0, 0, 1, 0, 1, 0, 0, 3, 1, 0, 0, 0, 3, 1, 0, 2, 0, 0, 0, 1, 0, 0, 0, 0, 3, 0, 1, 0, 0, 2, 1, 1, 1, 0, 0, 0, 0, 2, 1, 0, 0, 0, 1, 3, 0, 0, 1, 0, 1, 0, 0, 2, 0, 1, 0, 1, 2, 0, 0, 1, 1, 3, 1, 1, 3, 0, 0, 0, 0, 2, 0, 0, 0, 0, 1, 0, 0, 0, 1, 0, 2, 0, 1, 0, 1, 0, 0, 2, 0, 1],740.1000024547002,57245.26292476342,97017.87740826326,false
13,G4_BALANCED,G4_BALANCED,[31, 11, 82, 15, 26, 9, 95, 42, 77, 68, 47, 5, 93, 78, 86, 54, 85, 63, 18, 44, 20, 49, 36, 14, 74, 50, 53, 17, 21, 45, 71, 64, 3, 23, 30, 83, 24, 41, 60, 52, 65, 27, 90, 70, 39, 87, 48, 69, 99, 4, 46, 1, 13, 58, 97, 59, 28, 8, 73, 37, 35, 79, 22, 66, 76, 32, 40, 80, 96, 6, 16, 61, 33, 98, 57, 81, 62, 67, 10, 7, 56, 88, 29, 38, 91, 19, 75, 92, 94, 84, 2, 72, 51, 25, 34, 55, 0, 43, 89, 12]|[2, 1, 2, 1, 1, 2, 1, 1, 1, 1, 1, 0, 2, 2, 1, 2, 0, 0, 0, 2, 2, 1, 0, 2, 0, 2, 2, 1, 0, 1, 1, 1, 0, 0, 1, 0, 2, 1, 2, 2, 0, 0, 1, 1, 0, 2, 0, 2, 1, 0, 0, 2, 0, 0, 2, 0, 1, 1, 0, 0, 2, 1, 0, 2, 2, 0, 2, 2, 0, 1, 2, 1, 1, 0, 0, 1, 1, 1, 1, 2, 2, 1, 1, 0, 1, 1, 0, 0, 1, 0, 2, 1, 1, 1, 1, 0, 0, 1, 1, 1]|[0, 3, 0, 2, 4, 1, 4, 4, 2, 4, 3, 2, 1, 0, 2, 1, 1, 1, 2, 1, 1, 3, 0, 1, 0, 1, 1, 4, 1, 4, 3, 2, 2, 0, 4, 1, 1, 4, 0, 1, 2, 1, 4, 4, 1, 1, 0, 2, 3, 1, 2, 1, 2, 1, 1, 2, 4, 3, 0, 2, 2, 3, 1, 0, 1, 2, 0, 1, 2, 4, 1, 3, 4, 2, 2, 4, 3, 3, 3, 1, 1, 4, 3, 2, 3, 4, 2, 2, 4, 2, 1, 4, 3, 4, 1, 2, 2, 4, 4, 3]|[0, 2, 0, 1, 3, 0, 1, 3, 0, 0, 2, 0, 1, 0, 1, 0, 0, 0, 1, 0, 0, 2, 0, 0, 1, 0, 0, 3, 0, 1, 0, 2, 0, 1, 3, 0, 1, 3, 1, 0, 0, 0, 1, 3, 0, 0, 1, 0, 2, 0, 0, 0, 0, 0, 1, 0, 1, 0, 1, 1, 0, 2, 0, 0, 0, 0, 0, 0, 0, 2, 0, 0, 1, 0, 0, 2, 0, 0, 3, 0, 0, 1, 0, 0, 0, 3, 0, 0, 2, 1, 0, 2, 0, 3, 1, 0, 0, 2, 1, 0],882.5467973155922,52205.50067291686,107316.93790310413,false
13,G2_TEC,G2_TEC,[31, 22, 82, 15, 26, 9, 95, 42, 77, 68, 47, 5, 93, 78, 86, 54, 85, 63, 18, 44, 20, 49, 36, 14, 74, 50, 53, 17, 21, 28, 71, 64, 3, 23, 30, 83, 24, 41, 60, 52, 65, 27, 90, 70, 39, 87, 48, 69, 99, 4, 46, 1, 13, 58, 97, 59, 33, 8, 73, 37, 35, 79, 11, 66, 76, 32, 40, 80, 96, 6, 16, 61, 45, 7, 57, 34, 12, 67, 10, 98, 56, 88, 29, 19, 91, 38, 75, 92, 43, 84, 51, 62, 89, 25, 81, 55, 0, 94, 2, 72]|[2, 1, 2, 1, 1, 2, 1, 1, 1, 1, 1, 0, 2, 2, 1, 2, 0, 0, 0, 2, 2, 1, 0, 2, 0, 2, 2, 1, 0, 1, 1, 1, 0, 0, 1, 0, 2, 1, 2, 2, 0, 0, 1, 1, 0, 2, 0, 2, 1, 0, 0, 2, 0, 0, 2, 0, 1, 1, 0, 0, 1, 1, 0, 2, 2, 0, 2, 2, 0, 1, 2, 1, 1, 2, 0, 1, 1, 1, 1, 0, 2, 1, 1, 1, 1, 0, 0, 0, 1, 0, 1, 1, 1, 1, 1, 0, 0, 1, 2, 1]|[0, 3, 0, 2, 4, 1, 4, 4, 2, 4, 3, 2, 1, 0, 2, 1, 1, 1, 2, 1, 1, 3, 0, 1, 0, 1, 1, 4, 1, 4, 3, 2, 2, 0, 4, 1, 1, 4, 0, 1, 2, 1, 4, 4, 1, 1, 0, 2, 3, 1, 2, 1, 2, 1, 1, 2, 4, 3, 0, 2, 3, 3, 1, 0, 1, 2, 0, 1, 2, 4, 1, 3, 4, 1, 2, 4, 3, 3, 3, 2, 1, 4, 3, 4, 3, 2, 2, 2, 4, 2, 3, 3, 4, 4, 1, 2, 2, 4, 1, 4]|[0, 2, 0, 1, 3, 0, 1, 3, 0, 0, 2, 0, 1, 0, 1, 0, 0, 0, 1, 0, 0, 2, 0, 0, 1, 0, 0, 3, 0, 1, 0, 2, 0, 0, 3, 0, 1, 3, 1, 0, 0, 0, 1, 3, 0, 0, 1, 0, 2, 0, 0, 0, 0, 0, 1, 0, 1, 0, 1, 1, 2, 2, 0, 0, 0, 0, 0, 0, 0, 2, 0, 0, 1, 0, 0, 1, 0, 0, 3, 0, 0, 1, 0, 3, 0, 0, 0, 0, 2, 0, 0, 0, 1, 3, 1, 0, 0, 2, 0, 2],918.5349760917882,51468.548061908,110087.41095170133,false
13,G3_TWC,G3_TWC,[31, 22, 82, 15, 26, 9, 95, 42, 77, 12, 47, 5, 93, 78, 86, 54, 85, 63, 18, 44, 20, 35, 43, 97, 91, 76, 10, 30, 21, 45, 71, 64, 1, 23, 17, 83, 24, 14, 60, 36, 41, 57, 40, 88, 65, 56, 79, 94, 67, 68, 46, 75, 38, 58, 19, 32, 81, 6, 27, 62, 87, 90, 99, 59, 11, 16, 72, 73, 69, 39, 37, 84, 3, 92, 25, 55, 28, 29, 51, 7, 66, 61, 98, 48, 89, 8, 33, 96, 53, 80, 50, 4, 34, 2, 52, 13, 0, 70, 74, 49]|[1, 1, 0, 1, 1, 0, 1, 2, 2, 1, 2, 2, 2, 1, 1, 0, 0, 1, 0, 2, 2, 0, 1, 2, 0, 1, 2, 2, 0, 0, 1, 2, 1, 2, 1, 0, 2, 0, 1, 1, 0, 1, 1, 1, 0, 2, 1, 1, 0, 0, 0, 0, 1, 1, 2, 1, 2, 0, 0, 0, 2, 1, 0, 1, 2, 1, 2, 1, 1, 1, 1, 1, 1, 0, 1, 1, 0, 0, 0, 1, 2, 1, 2, 0, 1, 0, 2, 0, 0, 0, 0, 0, 2, 0, 1, 0, 0, 1, 2, 0]|[4, 3, 2, 2, 4, 1, 2, 2, 2, 4, 1, 1, 2, 4, 4, 1, 2, 4, 2, 1, 1, 1, 1, 2, 1, 2, 1, 1, 1, 1, 3, 2, 3, 0, 4, 0, 1, 1, 0, 3, 2, 2, 2, 0, 1, 1, 0, 4, 0, 1, 2, 2, 1, 4, 0, 3, 2, 1, 1, 2, 1, 3, 1, 1, 1, 3, 0, 4, 3, 1, 4, 1, 1, 0, 4, 4, 2, 1, 1, 1, 1, 3, 1, 1, 1, 1, 1, 1, 2, 1, 1, 2, 1, 2, 1, 2, 2, 4, 1, 1]|[0, 2, 1, 1, 3, 0, 1, 0, 0, 0, 0, 0, 1, 0, 1, 0, 0, 3, 1, 0, 0, 0, 3, 1, 0, 2, 0, 0, 0, 1, 0, 0, 0, 0, 3, 0, 1, 0, 0, 2, 1, 1, 1, 0, 0, 0, 0, 2, 1, 0, 0, 0, 1, 3, 0, 0, 1, 0, 0, 1, 0, 2, 0, 1, 0, 2, 1, 0, 0, 1, 1, 3, 1, 1, 3, 3, 1, 0, 0, 2, 0, 0, 0, 0, 1, 0, 0, 0, 1, 0, 0, 1, 0, 0, 1, 0, 0, 2, 0, 1],828.6150361188287,57498.909092636255,92558.71763620913,false
13,G1_CMAX,G1_CMAX,[31, 22, 82, 15, 26, 9, 95, 42, 77, 12, 47, 5, 93, 78, 86, 54, 6, 63, 18, 44, 20, 35, 43, 97, 91, 76, 10, 30, 21, 45, 71, 64, 1, 23, 17, 83, 24, 14, 60, 36, 85, 57, 40, 88, 65, 56, 79, 94, 67, 68, 46, 75, 38, 58, 19, 32, 81, 41, 62, 87, 28, 90, 99, 59, 11, 72, 16, 73, 70, 39, 37, 84, 3, 92, 25, 34, 29, 55, 51, 7, 98, 61, 66, 48, 89, 50, 4, 96, 53, 80, 8, 33, 27, 2, 52, 13, 0, 69, 74, 49]|[1, 1, 0, 1, 1, 0, 1, 2, 2, 1, 2, 2, 2, 1, 1, 0, 0, 1, 0, 2, 2, 0, 1, 2, 2, 1, 2, 2, 0, 0, 1, 1, 1, 2, 1, 0, 2, 0, 1, 1, 0, 1, 1, 1, 0, 2, 1, 1, 0, 0, 0, 0, 1, 1, 2, 1, 2, 0, 0, 2, 2, 1, 0, 1, 2, 2, 1, 1, 1, 1, 1, 1, 1, 0, 1, 2, 0, 2, 0, 1, 2, 1, 0, 0, 1, 0, 1, 2, 0, 0, 1, 2, 0, 0, 1, 0, 0, 1, 2, 0]|[0, 3, 2, 2, 4, 1, 2, 2, 2, 4, 1, 1, 2, 4, 4, 1, 2, 4, 2, 1, 1, 1, 1, 2, 1, 2, 1, 1, 1, 1, 3, 3, 3, 0, 4, 0, 1, 1, 0, 3, 2, 2, 2, 0, 1, 1, 0, 4, 0, 1, 2, 2, 1, 4, 0, 3, 2, 1, 2, 1, 1, 3, 1, 1, 1, 0, 3, 4, 3, 1, 4, 1, 1, 0, 4, 1, 1, 1, 1, 1, 1, 3, 1, 1, 1, 1, 4, 1, 2, 1, 3, 1, 2, 2, 1, 2, 2, 4, 1, 1]|[0, 2, 1, 1, 3, 0, 1, 0, 0, 0, 0, 0, 1, 0, 1, 0, 0, 3, 1, 0, 0, 0, 3, 1, 0, 2, 0, 0, 0, 1, 0, 0, 0, 0, 3, 0, 1, 0, 0, 2, 1, 1, 1, 0, 0, 0, 0, 2, 1, 0, 0, 0, 1, 3, 0, 0, 1, 0, 1, 0, 0, 2, 0, 1, 0, 1, 2, 0, 0, 1, 1, 3, 1, 1, 3, 0, 0, 0, 0, 2, 0, 0, 0, 0, 1, 0, 0, 0, 1, 0, 2, 0, 1, 0, 1, 0, 0, 2, 0, 1],740.1000024547002,57245.26292476342,97017.87740826326,false
13,G4_BALANCED,G4_BALANCED,[31, 11, 82, 15, 26, 9, 95, 42, 77, 68, 47, 5, 93, 78, 86, 54, 85, 63, 18, 44, 20, 49, 36, 14, 74, 50, 53, 17, 21, 45, 71, 64, 3, 23, 30, 83, 24, 41, 60, 52, 65, 27, 90, 70, 39, 87, 48, 69, 99, 4, 46, 1, 13, 58, 97, 59, 28, 8, 73, 37, 35, 79, 22, 66, 76, 32, 40, 80, 96, 6, 16, 61, 33, 98, 57, 81, 62, 67, 10, 7, 56, 88, 29, 38, 91, 19, 75, 92, 94, 84, 2, 72, 51, 25, 34, 55, 0, 43, 89, 12]|[2, 1, 2, 1, 1, 2, 1, 1, 1, 1, 1, 0, 2, 2, 1, 2, 0, 0, 0, 2, 2, 1, 0, 2, 0, 2, 2, 1, 0, 1, 1, 1, 0, 0, 1, 0, 2, 1, 2, 2, 0, 0, 1, 1, 0, 2, 0, 2, 1, 0, 0, 2, 0, 0, 2, 0, 1, 1, 0, 0, 2, 1, 0, 2, 2, 0, 2, 2, 0, 1, 2, 1, 1, 0, 0, 1, 1, 1, 1, 2, 2, 1, 1, 0, 1, 1, 0, 0, 1, 0, 2, 1, 1, 1, 1, 0, 0, 1, 1, 1]|[0, 3, 0, 2, 4, 1, 4, 4, 2, 4, 3, 2, 1, 0, 2, 1, 1, 1, 2, 1, 1, 3, 0, 1, 0, 1, 1, 4, 1, 4, 3, 2, 2, 0, 4, 1, 1, 4, 0, 1, 2, 1, 4, 4, 1, 1, 0, 2, 3, 1, 2, 1, 2, 1, 1, 2, 4, 3, 0, 2, 2, 3, 1, 0, 1, 2, 0, 1, 2, 4, 1, 3, 4, 2, 2, 4, 3, 3, 3, 1, 1, 4, 3, 2, 3, 4, 2, 2, 4, 2, 1, 4, 3, 4, 1, 2, 2, 4, 4, 3]|[0, 2, 0, 1, 3, 0, 1, 3, 0, 0, 2, 0, 1, 0, 1, 0, 0, 0, 1, 0, 0, 2, 0, 0, 1, 0, 0, 3, 0, 1, 0, 2, 0, 1, 3, 0, 1, 3, 1, 0, 0, 0, 1, 3, 0, 0, 1, 0, 2, 0, 0, 0, 0, 0, 1, 0, 1, 0, 1, 1, 0, 2, 0, 0, 0, 0, 0, 0, 0, 2, 0, 0, 1, 0, 0, 2, 0, 0, 3, 0, 0, 1, 0, 0, 0, 3, 0, 0, 2, 1, 0, 2, 0, 3, 1, 0, 0, 2, 1, 0],882.5467973155922,52205.50067291686,107316.93790310413,false
13,G2_TEC,G2_TEC,[31, 22, 82, 15, 26, 9, 95, 42, 77, 68, 47, 5, 93, 78, 86, 54, 85, 63, 18, 44, 20, 49, 36, 14, 74, 50, 53, 17, 21, 28, 71, 64, 3, 23, 30, 83, 24, 41, 60, 52, 65, 27, 90, 70, 39, 87, 48, 69, 99, 4, 46, 1, 13, 58, 97, 59, 33, 8, 73, 37, 35, 79, 11, 66, 76, 32, 40, 80, 96, 6, 16, 61, 45, 7, 57, 34, 12, 67, 10, 98, 56, 88, 29, 19, 91, 38, 75, 92, 43, 84, 51, 62, 89, 25, 81, 55, 0, 94, 2, 72]|[2, 1, 2, 1, 1, 2, 1, 1, 1, 1, 1, 0, 2, 2, 1, 2, 0, 0, 0, 2, 2, 1, 0, 2, 0, 2, 2, 1, 0, 1, 1, 1, 0, 0, 1, 0, 2, 1, 2, 2, 0, 0, 1, 1, 0, 2, 0, 2, 1, 0, 0, 2, 0, 0, 2, 0, 1, 1, 0, 0, 1, 1, 0, 2, 2, 0, 2, 2, 0, 1, 2, 1, 1, 2, 0, 1, 1, 1, 1, 0, 2, 1, 1, 1, 1, 0, 0, 0, 1, 0, 1, 1, 1, 1, 1, 0, 0, 1, 2, 1]|[0, 3, 0, 2, 4, 1, 4, 4, 2, 4, 3, 2, 1, 0, 2, 1, 1, 1, 2, 1, 1, 3, 0, 1, 0, 1, 1, 4, 1, 4, 3, 2, 2, 0, 4, 1, 1, 4, 0, 1, 2, 1, 4, 4, 1, 1, 0, 2, 3, 1, 2, 1, 2, 1, 1, 2, 4, 3, 0, 2, 3, 3, 1, 0, 1, 2, 0, 1, 2, 4, 1, 3, 4, 1, 2, 4, 3, 3, 3, 2, 1, 4, 3, 4, 3, 2, 2, 2, 4, 2, 3, 3, 4, 4, 1, 2, 2, 4, 1, 4]|[0, 2, 0, 1, 3, 0, 1, 3, 0, 0, 2, 0, 1, 0, 1, 0, 0, 0, 1, 0, 0, 2, 0, 0, 1, 0, 0, 3, 0, 1, 0, 2, 0, 0, 3, 0, 1, 3, 1, 0, 0, 0, 1, 3, 0, 0, 1, 0, 2, 0, 0, 0, 0, 0, 1, 0, 1, 0, 1, 1, 2, 2, 0, 0, 0, 0, 0, 0, 0, 2, 0, 0, 1, 0, 0, 1, 0, 0, 3, 0, 0, 1, 0, 3, 0, 0, 0, 0, 2, 0, 0, 0, 1, 3, 1, 0, 0, 2, 0, 2],918.5349760917882,51468.548061908,110087.41095170133,false
13,G3_TWC,G3_TWC,[31, 22, 82, 15, 26, 9, 95, 42, 77, 12, 47, 5, 93, 78, 86, 54, 85, 63, 18, 44, 20, 35, 43, 97, 91, 76, 10, 30, 21, 45, 71, 64, 1, 23, 17, 83, 24, 14, 60, 36, 41, 57, 40, 88, 65, 56, 79, 94, 67, 68, 46, 75, 38, 58, 19, 32, 81, 6, 27, 62, 87, 90, 99, 59, 11, 16, 72, 73, 69, 39, 37, 84, 3, 92, 25, 55, 28, 29, 51, 7, 66, 61, 98, 48, 89, 8, 33, 96, 53, 80, 50, 4, 34, 2, 52, 13, 0, 70, 74, 49]|[1, 1, 0, 1, 1, 0, 1, 2, 2, 1, 2, 2, 2, 1, 1, 0, 0, 1, 0, 2, 2, 0, 1, 2, 0, 1, 2, 2, 0, 0, 1, 2, 1, 2, 1, 0, 2, 0, 1, 1, 0, 1, 1, 1, 0, 2, 1, 1, 0, 0, 0, 0, 1, 1, 2, 1, 2, 0, 0, 0, 2, 1, 0, 1, 2, 1, 2, 1, 1, 1, 1, 1, 1, 0, 1, 1, 0, 0, 0, 1, 2, 1, 2, 0, 1, 0, 2, 0, 0, 0, 0, 0, 2, 0, 1, 0, 0, 1, 2, 0]|[4, 3, 2, 2, 4, 1, 2, 2, 2, 4, 1, 1, 2, 4, 4, 1, 2, 4, 2, 1, 1, 1, 1, 2, 1, 2, 1, 1, 1, 1, 3, 2, 3, 0, 4, 0, 1, 1, 0, 3, 2, 2, 2, 0, 1, 1, 0, 4, 0, 1, 2, 2, 1, 4, 0, 3, 2, 1, 1, 2, 1, 3, 1, 1, 1, 3, 0, 4, 3, 1, 4, 1, 1, 0, 4, 4, 2, 1, 1, 1, 1, 3, 1, 1, 1, 1, 1, 1, 2, 1, 1, 2, 1, 2, 1, 2, 2, 4, 1, 1]|[0, 2, 1, 1, 3, 0, 1, 0, 0, 0, 0, 0, 1, 0, 1, 0, 0, 3, 1, 0, 0, 0, 3, 1, 0, 2, 0, 0, 0, 1, 0, 0, 0, 0, 3, 0, 1, 0, 0, 2, 1, 1, 1, 0, 0, 0, 0, 2, 1, 0, 0, 0, 1, 3, 0, 0, 1, 0, 0, 1, 0, 2, 0, 1, 0, 2, 1, 0, 0, 1, 1, 3, 1, 1, 3, 3, 1, 0, 0, 2, 0, 0, 0, 0, 1, 0, 0, 0, 1, 0, 0, 1, 0, 0, 1, 0, 0, 2, 0, 1],828.6150361188287,57498.909092636255,92558.71763620913,false
13,G1_CMAX,G1_CMAX,[31, 22, 82, 15, 26, 9, 95, 42, 77, 12, 47, 5, 93, 78, 86, 54, 6, 63, 18, 44, 20, 35, 43, 97, 91, 76, 10, 30, 21, 45, 71, 64, 1, 23, 17, 83, 24, 14, 60, 36, 85, 57, 40, 88, 65, 56, 79, 94, 67, 68, 46, 75, 38, 58, 19, 32, 81, 41, 62, 87, 28, 90, 99, 59, 11, 72, 16, 73, 70, 39, 37, 84, 3, 92, 25, 34, 29, 55, 51, 7, 98, 61, 66, 48, 89, 50, 4, 96, 53, 80, 8, 33, 27, 2, 52, 13, 0, 69, 74, 49]|[1, 1, 0, 1, 1, 0, 1, 2, 2, 1, 2, 2, 2, 1, 1, 0, 0, 1, 0, 2, 2, 0, 1, 2, 2, 1, 2, 2, 0, 0, 1, 1, 1, 2, 1, 0, 2, 0, 1, 1, 0, 1, 1, 1, 0, 2, 1, 1, 0, 0, 0, 0, 1, 1, 2, 1, 2, 0, 0, 2, 2, 1, 0, 1, 2, 2, 1, 1, 1, 1, 1, 1, 1, 0, 1, 2, 0, 2, 0, 1, 2, 1, 0, 0, 1, 0, 1, 2, 0, 0, 1, 2, 0, 0, 1, 0, 0, 1, 2, 0]|[0, 3, 2, 2, 4, 1, 2, 2, 2, 4, 1, 1, 2, 4, 4, 1, 2, 4, 2, 1, 1, 1, 1, 2, 1, 2, 1, 1, 1, 1, 3, 3, 3, 0, 4, 0, 1, 1, 0, 3, 2, 2, 2, 0, 1, 1, 0, 4, 0, 1, 2, 2, 1, 4, 0, 3, 2, 1, 2, 1, 1, 3, 1, 1, 1, 0, 3, 4, 3, 1, 4, 1, 1, 0, 4, 1, 1, 1, 1, 1, 1, 3, 1, 1, 1, 1, 4, 1, 2, 1, 3, 1, 2, 2, 1, 2, 2, 4, 1, 1]|[0, 2, 1, 1, 3, 0, 1, 0, 0, 0, 0, 0, 1, 0, 1, 0, 0, 3, 1, 0, 0, 0, 3, 1, 0, 2, 0, 0, 0, 1, 0, 0, 0, 0, 3, 0, 1, 0, 0, 2, 1, 1, 1, 0, 0, 0, 0, 2, 1, 0, 0, 0, 1, 3, 0, 0, 1, 0, 1, 0, 0, 2, 0, 1, 0, 1, 2, 0, 0, 1, 1, 3, 1, 1, 3, 0, 0, 0, 0, 2, 0, 0, 0, 0, 1, 0, 0, 0, 1, 0, 2, 0, 1, 0, 1, 0, 0, 2, 0, 1],740.1000024547002,57245.26292476342,97017.87740826326,false
13,G4_BALANCED,G4_BALANCED,[31, 11, 82, 15, 26, 9, 95, 42, 77, 68, 47, 5, 93, 78, 86, 54, 85, 63, 18, 44, 20, 49, 36, 14, 74, 50, 53, 17, 21, 45, 71, 64, 3, 23, 30, 83, 24, 41, 60, 52, 65, 27, 90, 70, 39, 87, 48, 69, 99, 4, 46, 1, 13, 58, 97, 59, 28, 8, 73, 37, 35, 79, 22, 66, 76, 32, 40, 80, 96, 6, 16, 61, 33, 98, 57, 81, 62, 67, 10, 7, 56, 88, 29, 38, 91, 19, 75, 92, 94, 84, 2, 72, 51, 25, 34, 55, 0, 43, 89, 12]|[2, 1, 2, 1, 1, 2, 1, 1, 1, 1, 1, 0, 2, 2, 1, 2, 0, 0, 0, 2, 2, 1, 0, 2, 0, 2, 2, 1, 0, 1, 1, 1, 0, 0, 1, 0, 2, 1, 2, 2, 0, 0, 1, 1, 0, 2, 0, 2, 1, 0, 0, 2, 0, 0, 2, 0, 1, 1, 0, 0, 2, 1, 0, 2, 2, 0, 2, 2, 0, 1, 2, 1, 1, 0, 0, 1, 1, 1, 1, 2, 2, 1, 1, 0, 1, 1, 0, 0, 1, 0, 2, 1, 1, 1, 1, 0, 0, 1, 1, 1]|[0, 3, 0, 2, 4, 1, 4, 4, 2, 4, 3, 2, 1, 0, 2, 1, 1, 1, 2, 1, 1, 3, 0, 1, 0, 1, 1, 4, 1, 4, 3, 2, 2, 0, 4, 1, 1, 4, 0, 1, 2, 1, 4, 4, 1, 1, 0, 2, 3, 1, 2, 1, 2, 1, 1, 2, 4, 3, 0, 2, 2, 3, 1, 0, 1, 2, 0, 1, 2, 4, 1, 3, 4, 2, 2, 4, 3, 3, 3, 1, 1, 4, 3, 2, 3, 4, 2, 2, 4, 2, 1, 4, 3, 4, 1, 2, 2, 4, 4, 3]|[0, 2, 0, 1, 3, 0, 1, 3, 0, 0, 2, 0, 1, 0, 1, 0, 0, 0, 1, 0, 0, 2, 0, 0, 1, 0, 0, 3, 0, 1, 0, 2, 0, 1, 3, 0, 1, 3, 1, 0, 0, 0, 1, 3, 0, 0, 1, 0, 2, 0, 0, 0, 0, 0, 1, 0, 1, 0, 1, 1, 0, 2, 0, 0, 0, 0, 0, 0, 0, 2, 0, 0, 1, 0, 0, 2, 0, 0, 3, 0, 0, 1, 0, 0, 0, 3, 0, 0, 2, 1, 0, 2, 0, 3, 1, 0, 0, 2, 1, 0],882.5467973155922,52205.50067291686,107316.93790310413,false
13,G2_TEC,G2_TEC,[31, 22, 82, 15, 26, 9, 95, 42, 77, 68, 47, 5, 93, 78, 86, 54, 85, 63, 18, 44, 20, 49, 36, 14, 74, 50, 53, 17, 21, 28, 71, 64, 3, 23, 30, 83, 24, 41, 60, 52, 65, 27, 90, 70, 39, 87, 48, 69, 99, 4, 46, 1, 13, 58, 97, 59, 33, 8, 73, 37, 35, 79, 11, 66, 76, 32, 40, 80, 96, 6, 16, 61, 45, 7, 57, 34, 12, 67, 10, 98, 56, 88, 29, 19, 91, 38, 75, 92, 43, 84, 51, 62, 89, 25, 81, 55, 0, 94, 2, 72]|[2, 1, 2, 1, 1, 2, 1, 1, 1, 1, 1, 0, 2, 2, 1, 2, 0, 0, 0, 2, 2, 1, 0, 2, 0, 2, 2, 1, 0, 1, 1, 1, 0, 0, 1, 0, 2, 1, 2, 2, 0, 0, 1, 1, 0, 2, 0, 2, 1, 0, 0, 2, 0, 0, 2, 0, 1, 1, 0, 0, 1, 1, 0, 2, 2, 0, 2, 2, 0, 1, 2, 1, 1, 2, 0, 1, 1, 1, 1, 0, 2, 1, 1, 1, 1, 0, 0, 0, 1, 0, 1, 1, 1, 1, 1, 0, 0, 1, 2, 1]|[0, 3, 0, 2, 4, 1, 4, 4, 2, 4, 3, 2, 1, 0, 2, 1, 1, 1, 2, 1, 1, 3, 0, 1, 0, 1, 1, 4, 1, 4, 3, 2, 2, 0, 4, 1, 1, 4, 0, 1, 2, 1, 4, 4, 1, 1, 0, 2, 3, 1, 2, 1, 2, 1, 1, 2, 4, 3, 0, 2, 3, 3, 1, 0, 1, 2, 0, 1, 2, 4, 1, 3, 4, 1, 2, 4, 3, 3, 3, 2, 1, 4, 3, 4, 3, 2, 2, 2, 4, 2, 3, 3, 4, 4, 1, 2, 2, 4, 1, 4]|[0, 2, 0, 1, 3, 0, 1, 3, 0, 0, 2, 0, 1, 0, 1, 0, 0, 0, 1, 0, 0, 2, 0, 0, 1, 0, 0, 3, 0, 1, 0, 2, 0, 0, 3, 0, 1, 3, 1, 0, 0, 0, 1, 3, 0, 0, 1, 0, 2, 0, 0, 0, 0, 0, 1, 0, 1, 0, 1, 1, 2, 2, 0, 0, 0, 0, 0, 0, 0, 2, 0, 0, 1, 0, 0, 1, 0, 0, 3, 0, 0, 1, 0, 3, 0, 0, 0, 0, 2, 0, 0, 0, 1, 3, 1, 0, 0, 2, 0, 2],918.5349760917882,51468.548061908,110087.41095170133,false
13,G3_TWC,G3_TWC,[31, 22, 82, 15, 26, 9, 95, 42, 77, 12, 47, 5, 93, 78, 86, 54, 85, 63, 18, 44, 20, 35, 43, 97, 91, 76, 10, 30, 21, 45, 71, 64, 1, 23, 17, 83, 24, 14, 60, 36, 41, 57, 40, 88, 65, 56, 79, 94, 67, 68, 46, 75, 38, 58, 19, 32, 81, 6, 27, 62, 87, 90, 99, 59, 11, 16, 72, 73, 69, 39, 37, 84, 3, 92, 25, 55, 28, 29, 51, 7, 66, 61, 98, 48, 89, 8, 33, 96, 53, 80, 50, 4, 34, 2, 52, 13, 0, 70, 74, 49]|[1, 1, 0, 1, 1, 0, 1, 2, 2, 1, 2, 2, 2, 1, 1, 0, 0, 1, 0, 2, 2, 0, 1, 2, 0, 1, 2, 2, 0, 0, 1, 2, 1, 2, 1, 0, 2, 0, 1, 1, 0, 1, 1, 1, 0, 2, 1, 1, 0, 0, 0, 0, 1, 1, 2, 1, 2, 0, 0, 0, 2, 1, 0, 1, 2, 1, 2, 1, 1, 1, 1, 1, 1, 0, 1, 1, 0, 0, 0, 1, 2, 1, 2, 0, 1, 0, 2, 0, 0, 0, 0, 0, 2, 0, 1, 0, 0, 1, 2, 0]|[4, 3, 2, 2, 4, 1, 2, 2, 2, 4, 1, 1, 2, 4, 4, 1, 2, 4, 2, 1, 1, 1, 1, 2, 1, 2, 1, 1, 1, 1, 3, 2, 3, 0, 4, 0, 1, 1, 0, 3, 2, 2, 2, 0, 1, 1, 0, 4, 0, 1, 2, 2, 1, 4, 0, 3, 2, 1, 1, 2, 1, 3, 1, 1, 1, 3, 0, 4, 3, 1, 4, 1, 1, 0, 4, 4, 2, 1, 1, 1, 1, 3, 1, 1, 1, 1, 1, 1, 2, 1, 1, 2, 1, 2, 1, 2, 2, 4, 1, 1]|[0, 2, 1, 1, 3, 0, 1, 0, 0, 0, 0, 0, 1, 0, 1, 0, 0, 3, 1, 0, 0, 0, 3, 1, 0, 2, 0, 0, 0, 1, 0, 0, 0, 0, 3, 0, 1, 0, 0, 2, 1, 1, 1, 0, 0, 0, 0, 2, 1, 0, 0, 0, 1, 3, 0, 0, 1, 0, 0, 1, 0, 2, 0, 1, 0, 2, 1, 0, 0, 1, 1, 3, 1, 1, 3, 3, 1, 0, 0, 2, 0, 0, 0, 0, 1, 0, 0, 0, 1, 0, 0, 1, 0, 0, 1, 0, 0, 2, 0, 1],828.6150361188287,57498.909092636255,92558.71763620913,false
13,G1_CMAX,G1_CMAX,[31, 22, 82, 15, 26, 9, 95, 42, 77, 12, 47, 5, 93, 78, 86, 54, 6, 63, 18, 44, 20, 35, 43, 97, 91, 76, 10, 30, 21, 45, 71, 64, 1, 23, 17, 83, 24, 14, 60, 36, 85, 57, 40, 88, 65, 56, 79, 94, 67, 68, 46, 75, 38, 58, 19, 32, 81, 41, 62, 87, 28, 90, 99, 59, 11, 72, 16, 73, 70, 39, 37, 84, 3, 92, 25, 34, 29, 55, 51, 7, 98, 61, 66, 48, 89, 50, 4, 96, 53, 80, 8, 33, 27, 2, 52, 13, 0, 69, 74, 49]|[1, 1, 0, 1, 1, 0, 1, 2, 2, 1, 2, 2, 2, 1, 1, 0, 0, 1, 0, 2, 2, 0, 1, 2, 2, 1, 2, 2, 0, 0, 1, 1, 1, 2, 1, 0, 2, 0, 1, 1, 0, 1, 1, 1, 0, 2, 1, 1, 0, 0, 0, 0, 1, 1, 2, 1, 2, 0, 0, 2, 2, 1, 0, 1, 2, 2, 1, 1, 1, 1, 1, 1, 1, 0, 1, 2, 0, 2, 0, 1, 2, 1, 0, 0, 1, 0, 1, 2, 0, 0, 1, 2, 0, 0, 1, 0, 0, 1, 2, 0]|[0, 3, 2, 2, 4, 1, 2, 2, 2, 4, 1, 1, 2, 4, 4, 1, 2, 4, 2, 1, 1, 1, 1, 2, 1, 2, 1, 1, 1, 1, 3, 3, 3, 0, 4, 0, 1, 1, 0, 3, 2, 2, 2, 0, 1, 1, 0, 4, 0, 1, 2, 2, 1, 4, 0, 3, 2, 1, 2, 1, 1, 3, 1, 1, 1, 0, 3, 4, 3, 1, 4, 1, 1, 0, 4, 1, 1, 1, 1, 1, 1, 3, 1, 1, 1, 1, 4, 1, 2, 1, 3, 1, 2, 2, 1, 2, 2, 4, 1, 1]|[0, 2, 1, 1, 3, 0, 1, 0, 0, 0, 0, 0, 1, 0, 1, 0, 0, 3, 1, 0, 0, 0, 3, 1, 0, 2, 0, 0, 0, 1, 0, 0, 0, 0, 3, 0, 1, 0, 0, 2, 1, 1, 1, 0, 0, 0, 0, 2, 1, 0, 0, 0, 1, 3, 0, 0, 1, 0, 1, 0, 0, 2, 0, 1, 0, 1, 2, 0, 0, 1, 1, 3, 1, 1, 3, 0, 0, 0, 0, 2, 0, 0, 0, 0, 1, 0, 0, 0, 1, 0, 2, 0, 1, 0, 1, 0, 0, 2, 0, 1],740.1000024547002,57245.26292476342,97017.87740826326,false
13,G4_BALANCED,G4_BALANCED,[31, 11, 82, 15, 26, 9, 95, 42, 77, 68, 47, 5, 93, 78, 86, 54, 85, 63, 18, 44, 20, 49, 36, 14, 74, 50, 53, 17, 21, 45, 71, 64, 3, 23, 30, 83, 24, 41, 60, 52, 65, 27, 90, 70, 39, 87, 48, 69, 99, 4, 46, 1, 13, 58, 97, 59, 28, 8, 73, 37, 35, 79, 22, 66, 76, 32, 40, 80, 96, 6, 16, 61, 33, 98, 57, 81, 62, 67, 10, 7, 56, 88, 29, 38, 91, 19, 75, 92, 94, 84, 2, 72, 51, 25, 34, 55, 0, 43, 89, 12]|[2, 1, 2, 1, 1, 2, 1, 1, 1, 1, 1, 0, 2, 2, 1, 2, 0, 0, 0, 2, 2, 1, 0, 2, 0, 2, 2, 1, 0, 1, 1, 1, 0, 0, 1, 0, 2, 1, 2, 2, 0, 0, 1, 1, 0, 2, 0, 2, 1, 0, 0, 2, 0, 0, 2, 0, 1, 1, 0, 0, 2, 1, 0, 2, 2, 0, 2, 2, 0, 1, 2, 1, 1, 0, 0, 1, 1, 1, 1, 2, 2, 1, 1, 0, 1, 1, 0, 0, 1, 0, 2, 1, 1, 1, 1, 0, 0, 1, 1, 1]|[0, 3, 0, 2, 4, 1, 4, 4, 2, 4, 3, 2, 1, 0, 2, 1, 1, 1, 2, 1, 1, 3, 0, 1, 0, 1, 1, 4, 1, 4, 3, 2, 2, 0, 4, 1, 1, 4, 0, 1, 2, 1, 4, 4, 1, 1, 0, 2, 3, 1, 2, 1, 2, 1, 1, 2, 4, 3, 0, 2, 2, 3, 1, 0, 1, 2, 0, 1, 2, 4, 1, 3, 4, 2, 2, 4, 3, 3, 3, 1, 1, 4, 3, 2, 3, 4, 2, 2, 4, 2, 1, 4, 3, 4, 1, 2, 2, 4, 4, 3]|[0, 2, 0, 1, 3, 0, 1, 3, 0, 0, 2, 0, 1, 0, 1, 0, 0, 0, 1, 0, 0, 2, 0, 0, 1, 0, 0, 3, 0, 1, 0, 2, 0, 1, 3, 0, 1, 3, 1, 0, 0, 0, 1, 3, 0, 0, 1, 0, 2, 0, 0, 0, 0, 0, 1, 0, 1, 0, 1, 1, 0, 2, 0, 0, 0, 0, 0, 0, 0, 2, 0, 0, 1, 0, 0, 2, 0, 0, 3, 0, 0, 1, 0, 0, 0, 3, 0, 0, 2, 1, 0, 2, 0, 3, 1, 0, 0, 2, 1, 0],882.5467973155922,52205.50067291686,107316.93790310413,false
13,G2_TEC,G2_TEC,[31, 22, 82, 15, 26, 9, 95, 42, 77, 68, 47, 5, 93, 78, 86, 54, 85, 63, 18, 44, 20, 49, 36, 14, 74, 50, 53, 17, 21, 28, 71, 64, 3, 23, 30, 83, 24, 41, 60, 52, 65, 27, 90, 70, 39, 87, 48, 69, 99, 4, 46, 1, 13, 58, 97, 59, 33, 8, 73, 37, 35, 79, 11, 66, 76, 32, 40, 80, 96, 6, 16, 61, 45, 7, 57, 34, 12, 67, 10, 98, 56, 88, 29, 19, 91, 38, 75, 92, 43, 84, 51, 62, 89, 25, 81, 55, 0, 94, 2, 72]|[2, 1, 2, 1, 1, 2, 1, 1, 1, 1, 1, 0, 2, 2, 1, 2, 0, 0, 0, 2, 2, 1, 0, 2, 0, 2, 2, 1, 0, 1, 1, 1, 0, 0, 1, 0, 2, 1, 2, 2, 0, 0, 1, 1, 0, 2, 0, 2, 1, 0, 0, 2, 0, 0, 2, 0, 1, 1, 0, 0, 1, 1, 0, 2, 2, 0, 2, 2, 0, 1, 2, 1, 1, 2, 0, 1, 1, 1, 1, 0, 2, 1, 1, 1, 1, 0, 0, 0, 1, 0, 1, 1, 1, 1, 1, 0, 0, 1, 2, 1]|[0, 3, 0, 2, 4, 1, 4, 4, 2, 4, 3, 2, 1, 0, 2, 1, 1, 1, 2, 1, 1, 3, 0, 1, 0, 1, 1, 4, 1, 4, 3, 2, 2, 0, 4, 1, 1, 4, 0, 1, 2, 1, 4, 4, 1, 1, 0, 2, 3, 1, 2, 1, 2, 1, 1, 2, 4, 3, 0, 2, 3, 3, 1, 0, 1, 2, 0, 1, 2, 4, 1, 3, 4, 1, 2, 4, 3, 3, 3, 2, 1, 4, 3, 4, 3, 2, 2, 2, 4, 2, 3, 3, 4, 4, 1, 2, 2, 4, 1, 4]|[0, 2, 0, 1, 3, 0, 1, 3, 0, 0, 2, 0, 1, 0, 1, 0, 0, 0, 1, 0, 0, 2, 0, 0, 1, 0, 0, 3, 0, 1, 0, 2, 0, 0, 3, 0, 1, 3, 1, 0, 0, 0, 1, 3, 0, 0, 1, 0, 2, 0, 0, 0, 0, 0, 1, 0, 1, 0, 1, 1, 2, 2, 0, 0, 0, 0, 0, 0, 0, 2, 0, 0, 1, 0, 0, 1, 0, 0, 3, 0, 0, 1, 0, 3, 0, 0, 0, 0, 2, 0, 0, 0, 1, 3, 1, 0, 0, 2, 0, 2],918.5349760917882,51468.548061908,110087.41095170133,false
13,G3_TWC,G3_TWC,[31, 22, 82, 15, 26, 9, 95, 42, 77, 12, 47, 5, 93, 78, 86, 54, 85, 63, 18, 44, 20, 35, 43, 97, 91, 76, 10, 30, 21, 45, 71, 64, 1, 23, 17, 83, 24, 14, 60, 36, 41, 57, 40, 88, 65, 56, 79, 94, 67, 68, 46, 75, 38, 58, 19, 32, 81, 6, 27, 62, 87, 90, 99, 59, 11, 16, 72, 73, 69, 39, 37, 84, 3, 92, 25, 55, 28, 29, 51, 7, 66, 61, 98, 48, 89, 8, 33, 96, 53, 80, 50, 4, 34, 2, 52, 13, 0, 70, 74, 49]|[1, 1, 0, 1, 1, 0, 1, 2, 2, 1, 2, 2, 2, 1, 1, 0, 0, 1, 0, 2, 2, 0, 1, 2, 0, 1, 2, 2, 0, 0, 1, 2, 1, 2, 1, 0, 2, 0, 1, 1, 0, 1, 1, 1, 0, 2, 1, 1, 0, 0, 0, 0, 1, 1, 2, 1, 2, 0, 0, 0, 2, 1, 0, 1, 2, 1, 2, 1, 1, 1, 1, 1, 1, 0, 1, 1, 0, 0, 0, 1, 2, 1, 2, 0, 1, 0, 2, 0, 0, 0, 0, 0, 2, 0, 1, 0, 0, 1, 2, 0]|[4, 3, 2, 2, 4, 1, 2, 2, 2, 4, 1, 1, 2, 4, 4, 1, 2, 4, 2, 1, 1, 1, 1, 2, 1, 2, 1, 1, 1, 1, 3, 2, 3, 0, 4, 0, 1, 1, 0, 3, 2, 2, 2, 0, 1, 1, 0, 4, 0, 1, 2, 2, 1, 4, 0, 3, 2, 1, 1, 2, 1, 3, 1, 1, 1, 3, 0, 4, 3, 1, 4, 1, 1, 0, 4, 4, 2, 1, 1, 1, 1, 3, 1, 1, 1, 1, 1, 1, 2, 1, 1, 2, 1, 2, 1, 2, 2, 4, 1, 1]|[0, 2, 1, 1, 3, 0, 1, 0, 0, 0, 0, 0, 1, 0, 1, 0, 0, 3, 1, 0, 0, 0, 3, 1, 0, 2, 0, 0, 0, 1, 0, 0, 0, 0, 3, 0, 1, 0, 0, 2, 1, 1, 1, 0, 0, 0, 0, 2, 1, 0, 0, 0, 1, 3, 0, 0, 1, 0, 0, 1, 0, 2, 0, 1, 0, 2, 1, 0, 0, 1, 1, 3, 1, 1, 3, 3, 1, 0, 0, 2, 0, 0, 0, 0, 1, 0, 0, 0, 1, 0, 0, 1, 0, 0, 1, 0, 0, 2, 0, 1],828.6150361188287,57498.909092636255,92558.71763620913,false
13,G1_CMAX,G1_CMAX,[31, 22, 82, 15, 26, 9, 95, 42, 77, 12, 47, 5, 93, 78, 86, 54, 6, 63, 18, 44, 20, 35, 43, 97, 91, 76, 10, 30, 21, 45, 71, 64, 1, 23, 17, 83, 24, 14, 60, 36, 85, 57, 40, 88, 65, 56, 79, 94, 67, 68, 46, 75, 38, 58, 19, 32, 81, 41, 62, 87, 28, 90, 99, 59, 11, 72, 16, 73, 70, 39, 37, 84, 3, 92, 25, 34, 29, 55, 51, 7, 98, 61, 66, 48, 89, 50, 4, 96, 53, 80, 8, 33, 27, 2, 52, 13, 0, 69, 74, 49]|[1, 1, 0, 1, 1, 0, 1, 2, 2, 1, 2, 2, 2, 1, 1, 0, 0, 1, 0, 2, 2, 0, 1, 2, 2, 1, 2, 2, 0, 0, 1, 1, 1, 2, 1, 0, 2, 0, 1, 1, 0, 1, 1, 1, 0, 2, 1, 1, 0, 0, 0, 0, 1, 1, 2, 1, 2, 0, 0, 2, 2, 1, 0, 1, 2, 2, 1, 1, 1, 1, 1, 1, 1, 0, 1, 2, 0, 2, 0, 1, 2, 1, 0, 0, 1, 0, 1, 2, 0, 0, 1, 2, 0, 0, 1, 0, 0, 1, 2, 0]|[0, 3, 2, 2, 4, 1, 2, 2, 2, 4, 1, 1, 2, 4, 4, 1, 2, 4, 2, 1, 1, 1, 1, 2, 1, 2, 1, 1, 1, 1, 3, 3, 3, 0, 4, 0, 1, 1, 0, 3, 2, 2, 2, 0, 1, 1, 0, 4, 0, 1, 2, 2, 1, 4, 0, 3, 2, 1, 2, 1, 1, 3, 1, 1, 1, 0, 3, 4, 3, 1, 4, 1, 1, 0, 4, 1, 1, 1, 1, 1, 1, 3, 1, 1, 1, 1, 4, 1, 2, 1, 3, 1, 2, 2, 1, 2, 2, 4, 1, 1]|[0, 2, 1, 1, 3, 0, 1, 0, 0, 0, 0, 0, 1, 0, 1, 0, 0, 3, 1, 0, 0, 0, 3, 1, 0, 2, 0, 0, 0, 1, 0, 0, 0, 0, 3, 0, 1, 0, 0, 2, 1, 1, 1, 0, 0, 0, 0, 2, 1, 0, 0, 0, 1, 3, 0, 0, 1, 0, 1, 0, 0, 2, 0, 1, 0, 1, 2, 0, 0, 1, 1, 3, 1, 1, 3, 0, 0, 0, 0, 2, 0, 0, 0, 0, 1, 0, 0, 0, 1, 0, 2, 0, 1, 0, 1, 0, 0, 2, 0, 1],740.1000024547002,57245.26292476342,97017.87740826326,false
13,G4_BALANCED,G4_BALANCED,[31, 11, 82, 15, 26, 9, 95, 42, 77, 68, 47, 5, 93, 78, 86, 54, 85, 63, 18, 44, 20, 49, 36, 14, 74, 50, 53, 17, 21, 45, 71, 64, 3, 23, 30, 83, 24, 41, 60, 52, 65, 27, 90, 70, 39, 87, 48, 69, 99, 4, 46, 1, 13, 58, 97, 59, 28, 8, 73, 37, 35, 79, 22, 66, 76, 32, 40, 80, 96, 6, 16, 61, 33, 98, 57, 81, 62, 67, 10, 7, 56, 88, 29, 38, 91, 19, 75, 92, 94, 84, 2, 72, 51, 25, 34, 55, 0, 43, 89, 12]|[2, 1, 2, 1, 1, 2, 1, 1, 1, 1, 1, 0, 2, 2, 1, 2, 0, 0, 0, 2, 2, 1, 0, 2, 0, 2, 2, 1, 0, 1, 1, 1, 0, 0, 1, 0, 2, 1, 2, 2, 0, 0, 1, 1, 0, 2, 0, 2, 1, 0, 0, 2, 0, 0, 2, 0, 1, 1, 0, 0, 2, 1, 0, 2, 2, 0, 2, 2, 0, 1, 2, 1, 1, 0, 0, 1, 1, 1, 1, 2, 2, 1, 1, 0, 1, 1, 0, 0, 1, 0, 2, 1, 1, 1, 1, 0, 0, 1, 1, 1]|[0, 3, 0, 2, 4, 1, 4, 4, 2, 4, 3, 2, 1, 0, 2, 1, 1, 1, 2, 1, 1, 3, 0, 1, 0, 1, 1, 4, 1, 4, 3, 2, 2, 0, 4, 1, 1, 4, 0, 1, 2, 1, 4, 4, 1, 1, 0, 2, 3, 1, 2, 1, 2, 1, 1, 2, 4, 3, 0, 2, 2, 3, 1, 0, 1, 2, 0, 1, 2, 4, 1, 3, 4, 2, 2, 4, 3, 3, 3, 1, 1, 4, 3, 2, 3, 4, 2, 2, 4, 2, 1, 4, 3, 4, 1, 2, 2, 4, 4, 3]|[0, 2, 0, 1, 3, 0, 1, 3, 0, 0, 2, 0, 1, 0, 1, 0, 0, 0, 1, 0, 0, 2, 0, 0, 1, 0, 0, 3, 0, 1, 0, 2, 0, 1, 3, 0, 1, 3, 1, 0, 0, 0, 1, 3, 0, 0, 1, 0, 2, 0, 0, 0, 0, 0, 1, 0, 1, 0, 1, 1, 0, 2, 0, 0, 0, 0, 0, 0, 0, 2, 0, 0, 1, 0, 0, 2, 0, 0, 3, 0, 0, 1, 0, 0, 0, 3, 0, 0, 2, 1, 0, 2, 0, 3, 1, 0, 0, 2, 1, 0],882.5467973155922,52205.50067291686,107316.93790310413,false
13,G2_TEC,G2_TEC,[31, 22, 82, 15, 26, 9, 95, 42, 77, 68, 47, 5, 93, 78, 86, 54, 85, 63, 18, 44, 20, 49, 36, 14, 74, 50, 53, 17, 21, 28, 71, 64, 3, 23, 30, 83, 24, 41, 60, 52, 65, 27, 90, 70, 39, 87, 48, 69, 99, 4, 46, 1, 13, 58, 97, 59, 33, 8, 73, 37, 35, 79, 11, 66, 76, 32, 40, 80, 96, 6, 16, 61, 45, 7, 57, 34, 12, 67, 10, 98, 56, 88, 29, 19, 91, 38, 75, 92, 43, 84, 51, 62, 89, 25, 81, 55, 0, 94, 2, 72]|[2, 1, 2, 1, 1, 2, 1, 1, 1, 1, 1, 0, 2, 2, 1, 2, 0, 0, 0, 2, 2, 1, 0, 2, 0, 2, 2, 1, 0, 1, 1, 1, 0, 0, 1, 0, 2, 1, 2, 2, 0, 0, 1, 1, 0, 2, 0, 2, 1, 0, 0, 2, 0, 0, 2, 0, 1, 1, 0, 0, 1, 1, 0, 2, 2, 0, 2, 2, 0, 1, 2, 1, 1, 2, 0, 1, 1, 1, 1, 0, 2, 1, 1, 1, 1, 0, 0, 0, 1, 0, 1, 1, 1, 1, 1, 0, 0, 1, 2, 1]|[0, 3, 0, 2, 4, 1, 4, 4, 2, 4, 3, 2, 1, 0, 2, 1, 1, 1, 2, 1, 1, 3, 0, 1, 0, 1, 1, 4, 1, 4, 3, 2, 2, 0, 4, 1, 1, 4, 0, 1, 2, 1, 4, 4, 1, 1, 0, 2, 3, 1, 2, 1, 2, 1, 1, 2, 4, 3, 0, 2, 3, 3, 1, 0, 1, 2, 0, 1, 2, 4, 1, 3, 4, 1, 2, 4, 3, 3, 3, 2, 1, 4, 3, 4, 3, 2, 2, 2, 4, 2, 3, 3, 4, 4, 1, 2, 2, 4, 1, 4]|[0, 2, 0, 1, 3, 0, 1, 3, 0, 0, 2, 0, 1, 0, 1, 0, 0, 0, 1, 0, 0, 2, 0, 0, 1, 0, 0, 3, 0, 1, 0, 2, 0, 0, 3, 0, 1, 3, 1, 0, 0, 0, 1, 3, 0, 0, 1, 0, 2, 0, 0, 0, 0, 0, 1, 0, 1, 0, 1, 1, 2, 2, 0, 0, 0, 0, 0, 0, 0, 2, 0, 0, 1, 0, 0, 1, 0, 0, 3, 0, 0, 1, 0, 3, 0, 0, 0, 0, 2, 0, 0, 0, 1, 3, 1, 0, 0, 2, 0, 2],918.5349760917882,51468.548061908,110087.41095170133,false
13,G3_TWC,G3_TWC,[31, 22, 82, 15, 26, 9, 95, 42, 77, 12, 47, 5, 93, 78, 86, 54, 85, 63, 18, 44, 20, 35, 43, 97, 91, 76, 10, 30, 21, 45, 71, 64, 1, 23, 17, 83, 24, 14, 60, 36, 41, 57, 40, 88, 65, 56, 79, 94, 67, 68, 46, 75, 38, 58, 19, 32, 81, 6, 27, 62, 87, 90, 99, 59, 11, 16, 72, 73, 69, 39, 37, 84, 3, 92, 25, 55, 28, 29, 51, 7, 66, 61, 98, 48, 89, 8, 33, 96, 53, 80, 50, 4, 34, 2, 52, 13, 0, 70, 74, 49]|[1, 1, 0, 1, 1, 0, 1, 2, 2, 1, 2, 2, 2, 1, 1, 0, 0, 1, 0, 2, 2, 0, 1, 2, 0, 1, 2, 2, 0, 0, 1, 2, 1, 2, 1, 0, 2, 0, 1, 1, 0, 1, 1, 1, 0, 2, 1, 1, 0, 0, 0, 0, 1, 1, 2, 1, 2, 0, 0, 0, 2, 1, 0, 1, 2, 1, 2, 1, 1, 1, 1, 1, 1, 0, 1, 1, 0, 0, 0, 1, 2, 1, 2, 0, 1, 0, 2, 0, 0, 0, 0, 0, 2, 0, 1, 0, 0, 1, 2, 0]|[4, 3, 2, 2, 4, 1, 2, 2, 2, 4, 1, 1, 2, 4, 4, 1, 2, 4, 2, 1, 1, 1, 1, 2, 1, 2, 1, 1, 1, 1, 3, 2, 3, 0, 4, 0, 1, 1, 0, 3, 2, 2, 2, 0, 1, 1, 0, 4, 0, 1, 2, 2, 1, 4, 0, 3, 2, 1, 1, 2, 1, 3, 1, 1, 1, 3, 0, 4, 3, 1, 4, 1, 1, 0, 4, 4, 2, 1, 1, 1, 1, 3, 1, 1, 1, 1, 1, 1, 2, 1, 1, 2, 1, 2, 1, 2, 2, 4, 1, 1]|[0, 2, 1, 1, 3, 0, 1, 0, 0, 0, 0, 0, 1, 0, 1, 0, 0, 3, 1, 0, 0, 0, 3, 1, 0, 2, 0, 0, 0, 1, 0, 0, 0, 0, 3, 0, 1, 0, 0, 2, 1, 1, 1, 0, 0, 0, 0, 2, 1, 0, 0, 0, 1, 3, 0, 0, 1, 0, 0, 1, 0, 2, 0, 1, 0, 2, 1, 0, 0, 1, 1, 3, 1, 1, 3, 3, 1, 0, 0, 2, 0, 0, 0, 0, 1, 0, 0, 0, 1, 0, 0, 1, 0, 0, 1, 0, 0, 2, 0, 1],828.6150361188287,57498.909092636255,92558.71763620913,false
13,G1_CMAX,G1_CMAX,[31, 22, 82, 15, 26, 9, 95, 42, 77, 12, 47, 5, 93, 78, 86, 54, 6, 63, 18, 44, 20, 35, 43, 97, 91, 76, 10, 30, 21, 45, 71, 64, 1, 23, 17, 83, 24, 14, 60, 36, 85, 57, 40, 88, 65, 56, 79, 94, 67, 68, 46, 75, 38, 58, 19, 32, 81, 41, 62, 87, 28, 90, 99, 59, 11, 72, 16, 73, 70, 39, 37, 84, 3, 92, 25, 34, 29, 55, 51, 7, 98, 61, 66, 48, 89, 50, 4, 96, 53, 80, 8, 33, 27, 2, 52, 13, 0, 69, 74, 49]|[1, 1, 0, 1, 1, 0, 1, 2, 2, 1, 2, 2, 2, 1, 1, 0, 0, 1, 0, 2, 2, 0, 1, 2, 2, 1, 2, 2, 0, 0, 1, 1, 1, 2, 1, 0, 2, 0, 1, 1, 0, 1, 1, 1, 0, 2, 1, 1, 0, 0, 0, 0, 1, 1, 2, 1, 2, 0, 0, 2, 2, 1, 0, 1, 2, 2, 1, 1, 1, 1, 1, 1, 1, 0, 1, 2, 0, 2, 0, 1, 2, 1, 0, 0, 1, 0, 1, 2, 0, 0, 1, 2, 0, 0, 1, 0, 0, 1, 2, 0]|[0, 3, 2, 2, 4, 1, 2, 2, 2, 4, 1, 1, 2, 4, 4, 1, 2, 4, 2, 1, 1, 1, 1, 2, 1, 2, 1, 1, 1, 1, 3, 3, 3, 0, 4, 0, 1, 1, 0, 3, 2, 2, 2, 0, 1, 1, 0, 4, 0, 1, 2, 2, 1, 4, 0, 3, 2, 1, 2, 1, 1, 3, 1, 1, 1, 0, 3, 4, 3, 1, 4, 1, 1, 0, 4, 1, 1, 1, 1, 1, 1, 3, 1, 1, 1, 1, 4, 1, 2, 1, 3, 1, 2, 2, 1, 2, 2, 4, 1, 1]|[0, 2, 1, 1, 3, 0, 1, 0, 0, 0, 0, 0, 1, 0, 1, 0, 0, 3, 1, 0, 0, 0, 3, 1, 0, 2, 0, 0, 0, 1, 0, 0, 0, 0, 3, 0, 1, 0, 0, 2, 1, 1, 1, 0, 0, 0, 0, 2, 1, 0, 0, 0, 1, 3, 0, 0, 1, 0, 1, 0, 0, 2, 0, 1, 0, 1, 2, 0, 0, 1, 1, 3, 1, 1, 3, 0, 0, 0, 0, 2, 0, 0, 0, 0, 1, 0, 0, 0, 1, 0, 2, 0, 1, 0, 1, 0, 0, 2, 0, 1],740.1000024547002,57245.26292476342,97017.87740826326,false
13,G4_BALANCED,G4_BALANCED,[31, 11, 82, 15, 26, 9, 95, 42, 77, 68, 47, 5, 93, 78, 86, 54, 85, 63, 18, 44, 20, 49, 36, 14, 74, 50, 53, 17, 21, 45, 71, 64, 3, 23, 30, 83, 24, 41, 60, 52, 65, 27, 90, 70, 39, 87, 48, 69, 99, 4, 46, 1, 13, 58, 97, 59, 28, 8, 73, 37, 35, 79, 22, 66, 76, 32, 40, 80, 96, 6, 16, 61, 33, 98, 57, 81, 62, 67, 10, 7, 56, 88, 29, 38, 91, 19, 75, 92, 94, 84, 2, 72, 51, 25, 34, 55, 0, 43, 89, 12]|[2, 1, 2, 1, 1, 2, 1, 1, 1, 1, 1, 0, 2, 2, 1, 2, 0, 0, 0, 2, 2, 1, 0, 2, 0, 2, 2, 1, 0, 1, 1, 1, 0, 0, 1, 0, 2, 1, 2, 2, 0, 0, 1, 1, 0, 2, 0, 2, 1, 0, 0, 2, 0, 0, 2, 0, 1, 1, 0, 0, 2, 1, 0, 2, 2, 0, 2, 2, 0, 1, 2, 1, 1, 0, 0, 1, 1, 1, 1, 2, 2, 1, 1, 0, 1, 1, 0, 0, 1, 0, 2, 1, 1, 1, 1, 0, 0, 1, 1, 1]|[0, 3, 0, 2, 4, 1, 4, 4, 2, 4, 3, 2, 1, 0, 2, 1, 1, 1, 2, 1, 1, 3, 0, 1, 0, 1, 1, 4, 1, 4, 3, 2, 2, 0, 4, 1, 1, 4, 0, 1, 2, 1, 4, 4, 1, 1, 0, 2, 3, 1, 2, 1, 2, 1, 1, 2, 4, 3, 0, 2, 2, 3, 1, 0, 1, 2, 0, 1, 2, 4, 1, 3, 4, 2, 2, 4, 3, 3, 3, 1, 1, 4, 3, 2, 3, 4, 2, 2, 4, 2, 1, 4, 3, 4, 1, 2, 2, 4, 4, 3]|[0, 2, 0, 1, 3, 0, 1, 3, 0, 0, 2, 0, 1, 0, 1, 0, 0, 0, 1, 0, 0, 2, 0, 0, 1, 0, 0, 3, 0, 1, 0, 2, 0, 1, 3, 0, 1, 3, 1, 0, 0, 0, 1, 3, 0, 0, 1, 0, 2, 0, 0, 0, 0, 0, 1, 0, 1, 0, 1, 1, 0, 2, 0, 0, 0, 0, 0, 0, 0, 2, 0, 0, 1, 0, 0, 2, 0, 0, 3, 0, 0, 1, 0, 0, 0, 3, 0, 0, 2, 1, 0, 2, 0, 3, 1, 0, 0, 2, 1, 0],882.5467973155922,52205.50067291686,107316.93790310413,false
13,G2_TEC,G2_TEC,[31, 22, 82, 15, 26, 9, 95, 42, 77, 68, 47, 5, 93, 78, 86, 54, 85, 63, 18, 44, 20, 49, 36, 14, 74, 50, 53, 17, 21, 28, 71, 64, 3, 23, 30, 83, 24, 41, 60, 52, 65, 27, 90, 70, 39, 87, 48, 69, 99, 4, 46, 1, 13, 58, 97, 59, 33, 8, 73, 37, 35, 79, 11, 66, 76, 32, 40, 80, 96, 6, 16, 61, 45, 7, 57, 34, 12, 67, 10, 98, 56, 88, 29, 19, 91, 38, 75, 92, 43, 84, 51, 62, 89, 25, 81, 55, 0, 94, 2, 72]|[2, 1, 2, 1, 1, 2, 1, 1, 1, 1, 1, 0, 2, 2, 1, 2, 0, 0, 0, 2, 2, 1, 0, 2, 0, 2, 2, 1, 0, 1, 1, 1, 0, 0, 1, 0, 2, 1, 2, 2, 0, 0, 1, 1, 0, 2, 0, 2, 1, 0, 0, 2, 0, 0, 2, 0, 1, 1, 0, 0, 1, 1, 0, 2, 2, 0, 2, 2, 0, 1, 2, 1, 1, 2, 0, 1, 1, 1, 1, 0, 2, 1, 1, 1, 1, 0, 0, 0, 1, 0, 1, 1, 1, 1, 1, 0, 0, 1, 2, 1]|[0, 3, 0, 2, 4, 1, 4, 4, 2, 4, 3, 2, 1, 0, 2, 1, 1, 1, 2, 1, 1, 3, 0, 1, 0, 1, 1, 4, 1, 4, 3, 2, 2, 0, 4, 1, 1, 4, 0, 1, 2, 1, 4, 4, 1, 1, 0, 2, 3, 1, 2, 1, 2, 1, 1, 2, 4, 3, 0, 2, 3, 3, 1, 0, 1, 2, 0, 1, 2, 4, 1, 3, 4, 1, 2, 4, 3, 3, 3, 2, 1, 4, 3, 4, 3, 2, 2, 2, 4, 2, 3, 3, 4, 4, 1, 2, 2, 4, 1, 4]|[0, 2, 0, 1, 3, 0, 1, 3, 0, 0, 2, 0, 1, 0, 1, 0, 0, 0, 1, 0, 0, 2, 0, 0, 1, 0, 0, 3, 0, 1, 0, 2, 0, 0, 3, 0, 1, 3, 1, 0, 0, 0, 1, 3, 0, 0, 1, 0, 2, 0, 0, 0, 0, 0, 1, 0, 1, 0, 1, 1, 2, 2, 0, 0, 0, 0, 0, 0, 0, 2, 0, 0, 1, 0, 0, 1, 0, 0, 3, 0, 0, 1, 0, 3, 0, 0, 0, 0, 2, 0, 0, 0, 1, 3, 1, 0, 0, 2, 0, 2],918.5349760917882,51468.548061908,110087.41095170133,false
13,G3_TWC,G3_TWC,[31, 22, 82, 15, 26, 9, 95, 42, 77, 12, 47, 5, 93, 78, 86, 54, 85, 63, 18, 44, 20, 35, 43, 97, 91, 76, 10, 30, 21, 45, 71, 64, 1, 23, 17, 83, 24, 14, 60, 36, 41, 57, 40, 88, 65, 56, 79, 94, 67, 68, 46, 75, 38, 58, 19, 32, 81, 6, 27, 62, 87, 90, 99, 59, 11, 16, 72, 73, 69, 39, 37, 84, 3, 92, 25, 55, 28, 29, 51, 7, 66, 61, 98, 48, 89, 8, 33, 96, 53, 80, 50, 4, 34, 2, 52, 13, 0, 70, 74, 49]|[1, 1, 0, 1, 1, 0, 1, 2, 2, 1, 2, 2, 2, 1, 1, 0, 0, 1, 0, 2, 2, 0, 1, 2, 0, 1, 2, 2, 0, 0, 1, 2, 1, 2, 1, 0, 2, 0, 1, 1, 0, 1, 1, 1, 0, 2, 1, 1, 0, 0, 0, 0, 1, 1, 2, 1, 2, 0, 0, 0, 2, 1, 0, 1, 2, 1, 2, 1, 1, 1, 1, 1, 1, 0, 1, 1, 0, 0, 0, 1, 2, 1, 2, 0, 1, 0, 2, 0, 0, 0, 0, 0, 2, 0, 1, 0, 0, 1, 2, 0]|[4, 3, 2, 2, 4, 1, 2, 2, 2, 4, 1, 1, 2, 4, 4, 1, 2, 4, 2, 1, 1, 1, 1, 2, 1, 2, 1, 1, 1, 1, 3, 2, 3, 0, 4, 0, 1, 1, 0, 3, 2, 2, 2, 0, 1, 1, 0, 4, 0, 1, 2, 2, 1, 4, 0, 3, 2, 1, 1, 2, 1, 3, 1, 1, 1, 3, 0, 4, 3, 1, 4, 1, 1, 0, 4, 4, 2, 1, 1, 1, 1, 3, 1, 1, 1, 1, 1, 1, 2, 1, 1, 2, 1, 2, 1, 2, 2, 4, 1, 1]|[0, 2, 1, 1, 3, 0, 1, 0, 0, 0, 0, 0, 1, 0, 1, 0, 0, 3, 1, 0, 0, 0, 3, 1, 0, 2, 0, 0, 0, 1, 0, 0, 0, 0, 3, 0, 1, 0, 0, 2, 1, 1, 1, 0, 0, 0, 0, 2, 1, 0, 0, 0, 1, 3, 0, 0, 1, 0, 0, 1, 0, 2, 0, 1, 0, 2, 1, 0, 0, 1, 1, 3, 1, 1, 3, 3, 1, 0, 0, 2, 0, 0, 0, 0, 1, 0, 0, 0, 1, 0, 0, 1, 0, 0, 1, 0, 0, 2, 0, 1],828.6150361188287,57498.909092636255,92558.71763620913,false
13,G1_CMAX,G1_CMAX,[31, 22, 82, 15, 26, 9, 95, 42, 77, 12, 47, 5, 93, 78, 86, 54, 6, 63, 18, 44, 20, 35, 43, 97, 91, 76, 10, 30, 21, 45, 71, 64, 1, 23, 17, 83, 24, 14, 60, 36, 85, 57, 40, 88, 65, 56, 79, 94, 67, 68, 46, 75, 38, 58, 19, 32, 81, 41, 62, 87, 28, 90, 99, 59, 11, 72, 16, 73, 70, 39, 37, 84, 3, 92, 25, 34, 29, 55, 51, 7, 98, 61, 66, 48, 89, 50, 4, 96, 53, 80, 8, 33, 27, 2, 52, 13, 0, 69, 74, 49]|[1, 1, 0, 1, 1, 0, 1, 2, 2, 1, 2, 2, 2, 1, 1, 0, 0, 1, 0, 2, 2, 0, 1, 2, 2, 1, 2, 2, 0, 0, 1, 1, 1, 2, 1, 0, 2, 0, 1, 1, 0, 1, 1, 1, 0, 2, 1, 1, 0, 0, 0, 0, 1, 1, 2, 1, 2, 0, 0, 2, 2, 1, 0, 1, 2, 2, 1, 1, 1, 1, 1, 1, 1, 0, 1, 2, 0, 2, 0, 1, 2, 1, 0, 0, 1, 0, 1, 2, 0, 0, 1, 2, 0, 0, 1, 0, 0, 1, 2, 0]|[0, 3, 2, 2, 4, 1, 2, 2, 2, 4, 1, 1, 2, 4, 4, 1, 2, 4, 2, 1, 1, 1, 1, 2, 1, 2, 1, 1, 1, 1, 3, 3, 3, 0, 4, 0, 1, 1, 0, 3, 2, 2, 2, 0, 1, 1, 0, 4, 0, 1, 2, 2, 1, 4, 0, 3, 2, 1, 2, 1, 1, 3, 1, 1, 1, 0, 3, 4, 3, 1, 4, 1, 1, 0, 4, 1, 1, 1, 1, 1, 1, 3, 1, 1, 1, 1, 4, 1, 2, 1, 3, 1, 2, 2, 1, 2, 2, 4, 1, 1]|[0, 2, 1, 1, 3, 0, 1, 0, 0, 0, 0, 0, 1, 0, 1, 0, 0, 3, 1, 0, 0, 0, 3, 1, 0, 2, 0, 0, 0, 1, 0, 0, 0, 0, 3, 0, 1, 0, 0, 2, 1, 1, 1, 0, 0, 0, 0, 2, 1, 0, 0, 0, 1, 3, 0, 0, 1, 0, 1, 0, 0, 2, 0, 1, 0, 1, 2, 0, 0, 1, 1, 3, 1, 1, 3, 0, 0, 0, 0, 2, 0, 0, 0, 0, 1, 0, 0, 0, 1, 0, 2, 0, 1, 0, 1, 0, 0, 2, 0, 1],740.1000024547002,57245.26292476342,97017.87740826326,false
13,G4_BALANCED,G4_BALANCED,[31, 11, 82, 15, 26, 9, 95, 42, 77, 68, 47, 5, 93, 78, 86, 54, 85, 63, 18, 44, 20, 49, 36, 14, 74, 50, 53, 17, 21, 45, 71, 64, 3, 23, 30, 83, 24, 41, 60, 52, 65, 27, 90, 70, 39, 87, 48, 69, 99, 4, 46, 1, 13, 58, 97, 59, 28, 8, 73, 37, 35, 79, 22, 66, 76, 32, 40, 80, 96, 6, 16, 61, 33, 98, 57, 81, 62, 67, 10, 7, 56, 88, 29, 38, 91, 19, 75, 92, 94, 84, 2, 72, 51, 25, 34, 55, 0, 43, 89, 12]|[2, 1, 2, 1, 1, 2, 1, 1, 1, 1, 1, 0, 2, 2, 1, 2, 0, 0, 0, 2, 2, 1, 0, 2, 0, 2, 2, 1, 0, 1, 1, 1, 0, 0, 1, 0, 2, 1, 2, 2, 0, 0, 1, 1, 0, 2, 0, 2, 1, 0, 0, 2, 0, 0, 2, 0, 1, 1, 0, 0, 2, 1, 0, 2, 2, 0, 2, 2, 0, 1, 2, 1, 1, 0, 0, 1, 1, 1, 1, 2, 2, 1, 1, 0, 1, 1, 0, 0, 1, 0, 2, 1, 1, 1, 1, 0, 0, 1, 1, 1]|[0, 3, 0, 2, 4, 1, 4, 4, 2, 4, 3, 2, 1, 0, 2, 1, 1, 1, 2, 1, 1, 3, 0, 1, 0, 1, 1, 4, 1, 4, 3, 2, 2, 0, 4, 1, 1, 4, 0, 1, 2, 1, 4, 4, 1, 1, 0, 2, 3, 1, 2, 1, 2, 1, 1, 2, 4, 3, 0, 2, 2, 3, 1, 0, 1, 2, 0, 1, 2, 4, 1, 3, 4, 2, 2, 4, 3, 3, 3, 1, 1, 4, 3, 2, 3, 4, 2, 2, 4, 2, 1, 4, 3, 4, 1, 2, 2, 4, 4, 3]|[0, 2, 0, 1, 3, 0, 1, 3, 0, 0, 2, 0, 1, 0, 1, 0, 0, 0, 1, 0, 0, 2, 0, 0, 1, 0, 0, 3, 0, 1, 0, 2, 0, 1, 3, 0, 1, 3, 1, 0, 0, 0, 1, 3, 0, 0, 1, 0, 2, 0, 0, 0, 0, 0, 1, 0, 1, 0, 1, 1, 0, 2, 0, 0, 0, 0, 0, 0, 0, 2, 0, 0, 1, 0, 0, 2, 0, 0, 3, 0, 0, 1, 0, 0, 0, 3, 0, 0, 2, 1, 0, 2, 0, 3, 1, 0, 0, 2, 1, 0],882.5467973155922,52205.50067291686,107316.93790310413,false
13,G2_TEC,G2_TEC,[31, 22, 82, 15, 26, 9, 95, 42, 77, 68, 47, 5, 93, 78, 86, 54, 85, 63, 18, 44, 20, 49, 36, 14, 74, 50, 53, 17, 21, 28, 71, 64, 3, 23, 30, 83, 24, 41, 60, 52, 65, 27, 90, 70, 39, 87, 48, 69, 99, 4, 46, 1, 13, 58, 97, 59, 33, 8, 73, 37, 35, 79, 11, 66, 76, 32, 40, 80, 96, 6, 16, 61, 45, 7, 57, 34, 12, 67, 10, 98, 56, 88, 29, 19, 91, 38, 75, 92, 43, 84, 51, 62, 89, 25, 81, 55, 0, 94, 2, 72]|[2, 1, 2, 1, 1, 2, 1, 1, 1, 1, 1, 0, 2, 2, 1, 2, 0, 0, 0, 2, 2, 1, 0, 2, 0, 2, 2, 1, 0, 1, 1, 1, 0, 0, 1, 0, 2, 1, 2, 2, 0, 0, 1, 1, 0, 2, 0, 2, 1, 0, 0, 2, 0, 0, 2, 0, 1, 1, 0, 0, 1, 1, 0, 2, 2, 0, 2, 2, 0, 1, 2, 1, 1, 2, 0, 1, 1, 1, 1, 0, 2, 1, 1, 1, 1, 0, 0, 0, 1, 0, 1, 1, 1, 1, 1, 0, 0, 1, 2, 1]|[0, 3, 0, 2, 4, 1, 4, 4, 2, 4, 3, 2, 1, 0, 2, 1, 1, 1, 2, 1, 1, 3, 0, 1, 0, 1, 1, 4, 1, 4, 3, 2, 2, 0, 4, 1, 1, 4, 0, 1, 2, 1, 4, 4, 1, 1, 0, 2, 3, 1, 2, 1, 2, 1, 1, 2, 4, 3, 0, 2, 3, 3, 1, 0, 1, 2, 0, 1, 2, 4, 1, 3, 4, 1, 2, 4, 3, 3, 3, 2, 1, 4, 3, 4, 3, 2, 2, 2, 4, 2, 3, 3, 4, 4, 1, 2, 2, 4, 1, 4]|[0, 2, 0, 1, 3, 0, 1, 3, 0, 0, 2, 0, 1, 0, 1, 0, 0, 0, 1, 0, 0, 2, 0, 0, 1, 0, 0, 3, 0, 1, 0, 2, 0, 0, 3, 0, 1, 3, 1, 0, 0, 0, 1, 3, 0, 0, 1, 0, 2, 0, 0, 0, 0, 0, 1, 0, 1, 0, 1, 1, 2, 2, 0, 0, 0, 0, 0, 0, 0, 2, 0, 0, 1, 0, 0, 1, 0, 0, 3, 0, 0, 1, 0, 3, 0, 0, 0, 0, 2, 0, 0, 0, 1, 3, 1, 0, 0, 2, 0, 2],918.5349760917882,51468.548061908,110087.41095170133,false
13,G3_TWC,G3_TWC,[31, 22, 82, 15, 26, 9, 95, 42, 77, 12, 47, 5, 93, 78, 86, 54, 85, 63, 18, 44, 20, 35, 43, 97, 91, 76, 10, 30, 21, 45, 71, 64, 1, 23, 17, 83, 24, 14, 60, 36, 41, 57, 40, 88, 65, 56, 79, 94, 67, 68, 46, 75, 38, 58, 19, 32, 81, 6, 27, 62, 87, 90, 99, 59, 11, 16, 72, 73, 69, 39, 37, 84, 3, 92, 25, 55, 28, 29, 51, 7, 66, 61, 98, 48, 89, 8, 33, 96, 53, 80, 50, 4, 34, 2, 52, 13, 0, 70, 74, 49]|[1, 1, 0, 1, 1, 0, 1, 2, 2, 1, 2, 2, 2, 1, 1, 0, 0, 1, 0, 2, 2, 0, 1, 2, 0, 1, 2, 2, 0, 0, 1, 2, 1, 2, 1, 0, 2, 0, 1, 1, 0, 1, 1, 1, 0, 2, 1, 1, 0, 0, 0, 0, 1, 1, 2, 1, 2, 0, 0, 0, 2, 1, 0, 1, 2, 1, 2, 1, 1, 1, 1, 1, 1, 0, 1, 1, 0, 0, 0, 1, 2, 1, 2, 0, 1, 0, 2, 0, 0, 0, 0, 0, 2, 0, 1, 0, 0, 1, 2, 0]|[4, 3, 2, 2, 4, 1, 2, 2, 2, 4, 1, 1, 2, 4, 4, 1, 2, 4, 2, 1, 1, 1, 1, 2, 1, 2, 1, 1, 1, 1, 3, 2, 3, 0, 4, 0, 1, 1, 0, 3, 2, 2, 2, 0, 1, 1, 0, 4, 0, 1, 2, 2, 1, 4, 0, 3, 2, 1, 1, 2, 1, 3, 1, 1, 1, 3, 0, 4, 3, 1, 4, 1, 1, 0, 4, 4, 2, 1, 1, 1, 1, 3, 1, 1, 1, 1, 1, 1, 2, 1, 1, 2, 1, 2, 1, 2, 2, 4, 1, 1]|[0, 2, 1, 1, 3, 0, 1, 0, 0, 0, 0, 0, 1, 0, 1, 0, 0, 3, 1, 0, 0, 0, 3, 1, 0, 2, 0, 0, 0, 1, 0, 0, 0, 0, 3, 0, 1, 0, 0, 2, 1, 1, 1, 0, 0, 0, 0, 2, 1, 0, 0, 0, 1, 3, 0, 0, 1, 0, 0, 1, 0, 2, 0, 1, 0, 2, 1, 0, 0, 1, 1, 3, 1, 1, 3, 3, 1, 0, 0, 2, 0, 0, 0, 0, 1, 0, 0, 0, 1, 0, 0, 1, 0, 0, 1, 0, 0, 2, 0, 1],828.6150361188287,57498.909092636255,92558.71763620913,false
13,G1_CMAX,G1_CMAX,[31, 22, 82, 15, 26, 9, 95, 42, 77, 12, 47, 5, 93, 78, 86, 54, 6, 63, 18, 44, 20, 35, 43, 97, 91, 76, 10, 30, 21, 45, 71, 64, 1, 23, 17, 83, 24, 14, 60, 36, 85, 57, 40, 88, 65, 56, 79, 94, 67, 68, 46, 75, 38, 58, 19, 32, 81, 41, 62, 87, 28, 90, 99, 59, 11, 72, 16, 73, 70, 39, 37, 84, 3, 92, 25, 34, 29, 55, 51, 7, 98, 61, 66, 48, 89, 50, 4, 96, 53, 80, 8, 33, 27, 2, 52, 13, 0, 69, 74, 49]|[1, 1, 0, 1, 1, 0, 1, 2, 2, 1, 2, 2, 2, 1, 1, 0, 0, 1, 0, 2, 2, 0, 1, 2, 2, 1, 2, 2, 0, 0, 1, 1, 1, 2, 1, 0, 2, 0, 1, 1, 0, 1, 1, 1, 0, 2, 1, 1, 0, 0, 0, 0, 1, 1, 2, 1, 2, 0, 0, 2, 2, 1, 0, 1, 2, 2, 1, 1, 1, 1, 1, 1, 1, 0, 1, 2, 0, 2, 0, 1, 2, 1, 0, 0, 1, 0, 1, 2, 0, 0, 1, 2, 0, 0, 1, 0, 0, 1, 2, 0]|[0, 3, 2, 2, 4, 1, 2, 2, 2, 4, 1, 1, 2, 4, 4, 1, 2, 4, 2, 1, 1, 1, 1, 2, 1, 2, 1, 1, 1, 1, 3, 3, 3, 0, 4, 0, 1, 1, 0, 3, 2, 2, 2, 0, 1, 1, 0, 4, 0, 1, 2, 2, 1, 4, 0, 3, 2, 1, 2, 1, 1, 3, 1, 1, 1, 0, 3, 4, 3, 1, 4, 1, 1, 0, 4, 1, 1, 1, 1, 1, 1, 3, 1, 1, 1, 1, 4, 1, 2, 1, 3, 1, 2, 2, 1, 2, 2, 4, 1, 1]|[0, 2, 1, 1, 3, 0, 1, 0, 0, 0, 0, 0, 1, 0, 1, 0, 0, 3, 1, 0, 0, 0, 3, 1, 0, 2, 0, 0, 0, 1, 0, 0, 0, 0, 3, 0, 1, 0, 0, 2, 1, 1, 1, 0, 0, 0, 0, 2, 1, 0, 0, 0, 1, 3, 0, 0, 1, 0, 1, 0, 0, 2, 0, 1, 0, 1, 2, 0, 0, 1, 1, 3, 1, 1, 3, 0, 0, 0, 0, 2, 0, 0, 0, 0, 1, 0, 0, 0, 1, 0, 2, 0, 1, 0, 1, 0, 0, 2, 0, 1],740.1000024547002,57245.26292476342,97017.87740826326,false
13,G4_BALANCED,G4_BALANCED,[31, 11, 82, 15, 26, 9, 95, 42, 77, 68, 47, 5, 93, 78, 86, 54, 85, 63, 18, 44, 20, 49, 36, 14, 74, 50, 53, 17, 21, 45, 71, 64, 3, 23, 30, 83, 24, 41, 60, 52, 65, 27, 90, 70, 39, 87, 48, 69, 99, 4, 46, 1, 13, 58, 97, 59, 28, 8, 73, 37, 35, 79, 22, 66, 76, 32, 40, 80, 96, 6, 16, 61, 33, 98, 57, 81, 62, 67, 10, 7, 56, 88, 29, 38, 91, 19, 75, 92, 94, 84, 2, 72, 51, 25, 34, 55, 0, 43, 89, 12]|[2, 1, 2, 1, 1, 2, 1, 1, 1, 1, 1, 0, 2, 2, 1, 2, 0, 0, 0, 2, 2, 1, 0, 2, 0, 2, 2, 1, 0, 1, 1, 1, 0, 0, 1, 0, 2, 1, 2, 2, 0, 0, 1, 1, 0, 2, 0, 2, 1, 0, 0, 2, 0, 0, 2, 0, 1, 1, 0, 0, 2, 1, 0, 2, 2, 0, 2, 2, 0, 1, 2, 1, 1, 0, 0, 1, 1, 1, 1, 2, 2, 1, 1, 0, 1, 1, 0, 0, 1, 0, 2, 1, 1, 1, 1, 0, 0, 1, 1, 1]|[0, 3, 0, 2, 4, 1, 4, 4, 2, 4, 3, 2, 1, 0, 2, 1, 1, 1, 2, 1, 1, 3, 0, 1, 0, 1, 1, 4, 1, 4, 3, 2, 2, 0, 4, 1, 1, 4, 0, 1, 2, 1, 4, 4, 1, 1, 0, 2, 3, 1, 2, 1, 2, 1, 1, 2, 4, 3, 0, 2, 2, 3, 1, 0, 1, 2, 0, 1, 2, 4, 1, 3, 4, 2, 2, 4, 3, 3, 3, 1, 1, 4, 3, 2, 3, 4, 2, 2, 4, 2, 1, 4, 3, 4, 1, 2, 2, 4, 4, 3]|[0, 2, 0, 1, 3, 0, 1, 3, 0, 0, 2, 0, 1, 0, 1, 0, 0, 0, 1, 0, 0, 2, 0, 0, 1, 0, 0, 3, 0, 1, 0, 2, 0, 1, 3, 0, 1, 3, 1, 0, 0, 0, 1, 3, 0, 0, 1, 0, 2, 0, 0, 0, 0, 0, 1, 0, 1, 0, 1, 1, 0, 2, 0, 0, 0, 0, 0, 0, 0, 2, 0, 0, 1, 0, 0, 2, 0, 0, 3, 0, 0, 1, 0, 0, 0, 3, 0, 0, 2, 1, 0, 2, 0, 3, 1, 0, 0, 2, 1, 0],882.5467973155922,52205.50067291686,107316.93790310413,false
13,G2_TEC,G2_TEC,[31, 22, 82, 15, 26, 9, 95, 42, 77, 68, 47, 5, 93, 78, 86, 54, 85, 63, 18, 44, 20, 49, 36, 14, 74, 50, 53, 17, 21, 28, 71, 64, 3, 23, 30, 83, 24, 41, 60, 52, 65, 27, 90, 70, 39, 87, 48, 69, 99, 4, 46, 1, 13, 58, 97, 59, 33, 8, 73, 37, 35, 79, 11, 66, 76, 32, 40, 80, 96, 6, 16, 61, 45, 7, 57, 34, 12, 67, 10, 98, 56, 88, 29, 19, 91, 38, 75, 92, 43, 84, 51, 62, 89, 25, 81, 55, 0, 94, 2, 72]|[2, 1, 2, 1, 1, 2, 1, 1, 1, 1, 1, 0, 2, 2, 1, 2, 0, 0, 0, 2, 2, 1, 0, 2, 0, 2, 2, 1, 0, 1, 1, 1, 0, 0, 1, 0, 2, 1, 2, 2, 0, 0, 1, 1, 0, 2, 0, 2, 1, 0, 0, 2, 0, 0, 2, 0, 1, 1, 0, 0, 1, 1, 0, 2, 2, 0, 2, 2, 0, 1, 2, 1, 1, 2, 0, 1, 1, 1, 1, 0, 2, 1, 1, 1, 1, 0, 0, 0, 1, 0, 1, 1, 1, 1, 1, 0, 0, 1, 2, 1]|[0, 3, 0, 2, 4, 1, 4, 4, 2, 4, 3, 2, 1, 0, 2, 1, 1, 1, 2, 1, 1, 3, 0, 1, 0, 1, 1, 4, 1, 4, 3, 2, 2, 0, 4, 1, 1, 4, 0, 1, 2, 1, 4, 4, 1, 1, 0, 2, 3, 1, 2, 1, 2, 1, 1, 2, 4, 3, 0, 2, 3, 3, 1, 0, 1, 2, 0, 1, 2, 4, 1, 3, 4, 1, 2, 4, 3, 3, 3, 2, 1, 4, 3, 4, 3, 2, 2, 2, 4, 2, 3, 3, 4, 4, 1, 2, 2, 4, 1, 4]|[0, 2, 0, 1, 3, 0, 1, 3, 0, 0, 2, 0, 1, 0, 1, 0, 0, 0, 1, 0, 0, 2, 0, 0, 1, 0, 0, 3, 0, 1, 0, 2, 0, 0, 3, 0, 1, 3, 1, 0, 0, 0, 1, 3, 0, 0, 1, 0, 2, 0, 0, 0, 0, 0, 1, 0, 1, 0, 1, 1, 2, 2, 0, 0, 0, 0, 0, 0, 0, 2, 0, 0, 1, 0, 0, 1, 0, 0, 3, 0, 0, 1, 0, 3, 0, 0, 0, 0, 2, 0, 0, 0, 1, 3, 1, 0, 0, 2, 0, 2],918.5349760917882,51468.548061908,110087.41095170133,false
13,G3_TWC,G4_BALANCED,[31, 22, 82, 15, 26, 58, 95, 42, 77, 12, 47, 5, 93, 78, 86, 54, 85, 63, 18, 72, 20, 35, 43, 97, 91, 76, 10, 30, 21, 45, 71, 64, 1, 23, 17, 83, 24, 14, 60, 36, 6, 57, 40, 88, 65, 56, 79, 94, 67, 68, 46, 75, 38, 9, 19, 32, 81, 48, 27, 62, 87, 90, 99, 59, 11, 16, 44, 73, 70, 39, 37, 84, 3, 92, 25, 55, 28, 29, 51, 7, 33, 61, 8, 41, 89, 50, 4, 96, 53, 80, 98, 66, 34, 2, 52, 13, 0, 69, 74, 49]|[1, 1, 0, 1, 1, 0, 1, 2, 2, 1, 2, 2, 2, 1, 1, 0, 0, 1, 0, 2, 2, 0, 1, 2, 0, 1, 2, 2, 0, 0, 1, 2, 1, 2, 1, 0, 2, 0, 1, 1, 0, 1, 1, 1, 0, 2, 1, 1, 0, 0, 0, 0, 1, 1, 2, 1, 2, 0, 0, 0, 2, 1, 0, 1, 2, 1, 2, 1, 1, 1, 1, 1, 1, 0, 1, 2, 0, 0, 0, 1, 2, 1, 1, 0, 1, 0, 1, 2, 0, 0, 2, 2, 2, 0, 1, 0, 0, 1, 2, 0]|[4, 3, 2, 2, 4, 1, 2, 2, 2, 4, 1, 1, 2, 4, 4, 1, 2, 4, 2, 1, 1, 1, 1, 2, 1, 2, 1, 1, 1, 1, 3, 2, 3, 1, 4, 0, 1, 1, 0, 3, 2, 2, 2, 0, 1, 1, 0, 4, 0, 1, 2, 2, 1, 4, 0, 3, 2, 1, 1, 2, 1, 3, 1, 1, 1, 3, 1, 4, 3, 1, 4, 1, 1, 0, 4, 1, 2, 1, 1, 1, 1, 3, 3, 1, 1, 1, 4, 1, 2, 1, 1, 1, 1, 2, 1, 2, 2, 4, 1, 1]|[0, 2, 1, 1, 3, 0, 1, 0, 0, 0, 0, 0, 1, 0, 1, 0, 0, 3, 1, 0, 0, 0, 3, 1, 0, 2, 0, 0, 0, 1, 0, 0, 0, 0, 3, 0, 1, 0, 0, 2, 1, 1, 1, 0, 0, 0, 0, 2, 1, 0, 0, 0, 1, 3, 0, 0, 1, 0, 0, 1, 0, 2, 0, 1, 0, 2, 0, 0, 0, 1, 1, 3, 1, 1, 3, 0, 1, 0, 0, 2, 0, 0, 2, 0, 1, 0, 0, 0, 1, 0, 0, 0, 0, 0, 1, 0, 0, 2, 0, 1],760.8921659562272,56028.845701609054,95689.98563368633,true
13,G1_CMAX,G1_CMAX,[31, 22, 82, 15, 26, 9, 95, 42, 77, 12, 47, 5, 93, 78, 86, 54, 6, 63, 18, 44, 20, 35, 43, 97, 91, 76, 10, 30, 21, 45, 71, 64, 1, 23, 17, 83, 24, 14, 60, 36, 85, 57, 40, 88, 65, 56, 79, 94, 67, 68, 46, 75, 38, 58, 19, 32, 81, 41, 62, 87, 28, 90, 99, 59, 11, 72, 16, 73, 70, 39, 37, 84, 3, 92, 25, 34, 29, 55, 51, 7, 98, 61, 66, 48, 89, 50, 4, 96, 53, 80, 8, 33, 27, 2, 52, 13, 0, 69, 74, 49]|[1, 1, 0, 1, 1, 0, 1, 2, 2, 1, 2, 2, 2, 1, 1, 0, 0, 1, 0, 2, 2, 0, 1, 2, 2, 1, 2, 2, 0, 0, 1, 1, 1, 2, 1, 0, 2, 0, 1, 1, 0, 1, 1, 1, 0, 2, 1, 1, 0, 0, 0, 0, 1, 1, 2, 1, 2, 0, 0, 2, 2, 1, 0, 1, 2, 2, 1, 1, 1, 1, 1, 1, 1, 0, 1, 2, 0, 2, 0, 1, 2, 1, 0, 0, 1, 0, 1, 2, 0, 0, 1, 2, 0, 0, 1, 0, 0, 1, 2, 0]|[0, 3, 2, 2, 4, 1, 2, 2, 2, 4, 1, 1, 2, 4, 4, 1, 2, 4, 2, 1, 1, 1, 1, 2, 1, 2, 1, 1, 1, 1, 3, 3, 3, 0, 4, 0, 1, 1, 0, 3, 2, 2, 2, 0, 1, 1, 0, 4, 0, 1, 2, 2, 1, 4, 0, 3, 2, 1, 2, 1, 1, 3, 1, 1, 1, 0, 3, 4, 3, 1, 4, 1, 1, 0, 4, 1, 1, 1, 1, 1, 1, 3, 1, 1, 1, 1, 4, 1, 2, 1, 3, 1, 2, 2, 1, 2, 2, 4, 1, 1]|[0, 2, 1, 1, 3, 0, 1, 0, 0, 0, 0, 0, 1, 0, 1, 0, 0, 3, 1, 0, 0, 0, 3, 1, 0, 2, 0, 0, 0, 1, 0, 0, 0, 0, 3, 0, 1, 0, 0, 2, 1, 1, 1, 0, 0, 0, 0, 2, 1, 0, 0, 0, 1, 3, 0, 0, 1, 0, 1, 0, 0, 2, 0, 1, 0, 1, 2, 0, 0, 1, 1, 3, 1, 1, 3, 0, 0, 0, 0, 2, 0, 0, 0, 0, 1, 0, 0, 0, 1, 0, 2, 0, 1, 0, 1, 0, 0, 2, 0, 1],740.1000024547002,57245.26292476342,97017.87740826326,false
13,G4_BALANCED,G4_BALANCED,[31, 11, 82, 15, 26, 9, 95, 42, 77, 68, 47, 5, 93, 78, 86, 54, 85, 63, 18, 44, 20, 49, 36, 14, 74, 50, 53, 17, 21, 45, 71, 64, 3, 23, 30, 83, 24, 41, 60, 52, 65, 27, 90, 70, 39, 87, 48, 69, 99, 4, 46, 1, 13, 58, 97, 59, 28, 8, 73, 37, 35, 79, 22, 66, 76, 32, 40, 80, 96, 6, 16, 61, 33, 98, 57, 81, 62, 67, 10, 7, 56, 88, 29, 38, 91, 19, 75, 92, 94, 84, 2, 72, 51, 25, 34, 55, 0, 43, 89, 12]|[2, 1, 2, 1, 1, 2, 1, 1, 1, 1, 1, 0, 2, 2, 1, 2, 0, 0, 0, 2, 2, 1, 0, 2, 0, 2, 2, 1, 0, 1, 1, 1, 0, 0, 1, 0, 2, 1, 2, 2, 0, 0, 1, 1, 0, 2, 0, 2, 1, 0, 0, 2, 0, 0, 2, 0, 1, 1, 0, 0, 2, 1, 0, 2, 2, 0, 2, 2, 0, 1, 2, 1, 1, 0, 0, 1, 1, 1, 1, 2, 2, 1, 1, 0, 1, 1, 0, 0, 1, 0, 2, 1, 1, 1, 1, 0, 0, 1, 1, 1]|[0, 3, 0, 2, 4, 1, 4, 4, 2, 4, 3, 2, 1, 0, 2, 1, 1, 1, 2, 1, 1, 3, 0, 1, 0, 1, 1, 4, 1, 4, 3, 2, 2, 0, 4, 1, 1, 4, 0, 1, 2, 1, 4, 4, 1, 1, 0, 2, 3, 1, 2, 1, 2, 1, 1, 2, 4, 3, 0, 2, 2, 3, 1, 0, 1, 2, 0, 1, 2, 4, 1, 3, 4, 2, 2, 4, 3, 3, 3, 1, 1, 4, 3, 2, 3, 4, 2, 2, 4, 2, 1, 4, 3, 4, 1, 2, 2, 4, 4, 3]|[0, 2, 0, 1, 3, 0, 1, 3, 0, 0, 2, 0, 1, 0, 1, 0, 0, 0, 1, 0, 0, 2, 0, 0, 1, 0, 0, 3, 0, 1, 0, 2, 0, 1, 3, 0, 1, 3, 1, 0, 0, 0, 1, 3, 0, 0, 1, 0, 2, 0, 0, 0, 0, 0, 1, 0, 1, 0, 1, 1, 0, 2, 0, 0, 0, 0, 0, 0, 0, 2, 0, 0, 1, 0, 0, 2, 0, 0, 3, 0, 0, 1, 0, 0, 0, 3, 0, 0, 2, 1, 0, 2, 0, 3, 1, 0, 0, 2, 1, 0],882.5467973155922,52205.50067291686,107316.93790310413,false
13,G2_TEC,G2_TEC,[31, 22, 82, 15, 26, 9, 95, 42, 77, 68, 47, 5, 93, 78, 86, 54, 85, 63, 18, 44, 20, 49, 36, 14, 74, 50, 53, 17, 21, 28, 71, 64, 3, 23, 30, 83, 24, 41, 60, 52, 65, 27, 90, 70, 39, 87, 48, 69, 99, 4, 46, 1, 13, 58, 97, 59, 33, 8, 73, 37, 35, 79, 11, 66, 76, 32, 40, 80, 96, 6, 16, 61, 45, 7, 57, 34, 12, 67, 10, 98, 56, 88, 29, 19, 91, 38, 75, 92, 43, 84, 51, 62, 89, 25, 81, 55, 0, 94, 2, 72]|[2, 1, 2, 1, 1, 2, 1, 1, 1, 1, 1, 0, 2, 2, 1, 2, 0, 0, 0, 2, 2, 1, 0, 2, 0, 2, 2, 1, 0, 1, 1, 1, 0, 0, 1, 0, 2, 1, 2, 2, 0, 0, 1, 1, 0, 2, 0, 2, 1, 0, 0, 2, 0, 0, 2, 0, 1, 1, 0, 0, 1, 1, 0, 2, 2, 0, 2, 2, 0, 1, 2, 1, 1, 2, 0, 1, 1, 1, 1, 0, 2, 1, 1, 1, 1, 0, 0, 0, 1, 0, 1, 1, 1, 1, 1, 0, 0, 1, 2, 1]|[0, 3, 0, 2, 4, 1, 4, 4, 2, 4, 3, 2, 1, 0, 2, 1, 1, 1, 2, 1, 1, 3, 0, 1, 0, 1, 1, 4, 1, 4, 3, 2, 2, 0, 4, 1, 1, 4, 0, 1, 2, 1, 4, 4, 1, 1, 0, 2, 3, 1, 2, 1, 2, 1, 1, 2, 4, 3, 0, 2, 3, 3, 1, 0, 1, 2, 0, 1, 2, 4, 1, 3, 4, 1, 2, 4, 3, 3, 3, 2, 1, 4, 3, 4, 3, 2, 2, 2, 4, 2, 3, 3, 4, 4, 1, 2, 2, 4, 1, 4]|[0, 2, 0, 1, 3, 0, 1, 3, 0, 0, 2, 0, 1, 0, 1, 0, 0, 0, 1, 0, 0, 2, 0, 0, 1, 0, 0, 3, 0, 1, 0, 2, 0, 0, 3, 0, 1, 3, 1, 0, 0, 0, 1, 3, 0, 0, 1, 0, 2, 0, 0, 0, 0, 0, 1, 0, 1, 0, 1, 1, 2, 2, 0, 0, 0, 0, 0, 0, 0, 2, 0, 0, 1, 0, 0, 1, 0, 0, 3, 0, 0, 1, 0, 3, 0, 0, 0, 0, 2, 0, 0, 0, 1, 3, 1, 0, 0, 2, 0, 2],918.5349760917882,51468.548061908,110087.41095170133,false
13,G3_TWC,G3_TWC,[31, 22, 82, 15, 26, 9, 95, 42, 77, 12, 47, 5, 93, 78, 86, 54, 85, 63, 18, 44, 20, 35, 43, 97, 91, 76, 10, 30, 21, 45, 71, 64, 1, 23, 17, 83, 24, 14, 60, 36, 41, 57, 40, 88, 65, 56, 79, 94, 67, 68, 46, 75, 38, 58, 19, 32, 81, 6, 27, 62, 87, 90, 99, 59, 11, 16, 72, 73, 69, 39, 37, 84, 3, 92, 25, 55, 28, 29, 51, 7, 66, 61, 98, 48, 89, 8, 33, 96, 53, 80, 50, 4, 34, 2, 52, 13, 0, 70, 74, 49]|[1, 1, 0, 1, 1, 0, 1, 2, 2, 1, 2, 2, 2, 1, 1, 0, 0, 1, 0, 2, 2, 0, 1, 2, 0, 1, 2, 2, 0, 0, 1, 2, 1, 2, 1, 0, 2, 0, 1, 1, 0, 1, 1, 1, 0, 2, 1, 1, 0, 0, 0, 0, 1, 1, 2, 1, 2, 0, 0, 0, 2, 1, 0, 1, 2, 1, 2, 1, 1, 1, 1, 1, 1, 0, 1, 1, 0, 0, 0, 1, 2, 1, 2, 0, 1, 0, 2, 0, 0, 0, 0, 0, 2, 0, 1, 0, 0, 1, 2, 0]|[4, 3, 2, 2, 4, 1, 2, 2, 2, 4, 1, 1, 2, 4, 4, 1, 2, 4, 2, 1, 1, 1, 1, 2, 1, 2, 1, 1, 1, 1, 3, 2, 3, 0, 4, 0, 1, 1, 0, 3, 2, 2, 2, 0, 1, 1, 0, 4, 0, 1, 2, 2, 1, 4, 0, 3, 2, 1, 1, 2, 1, 3, 1, 1, 1, 3, 0, 4, 3, 1, 4, 1, 1, 0, 4, 4, 2, 1, 1, 1, 1, 3, 1, 1, 1, 1, 1, 1, 2, 1, 1, 2, 1, 2, 1, 2, 2, 4, 1, 1]|[0, 2, 1, 1, 3, 0, 1, 0, 0, 0, 0, 0, 1, 0, 1, 0, 0, 3, 1, 0, 0, 0, 3, 1, 0, 2, 0, 0, 0, 1, 0, 0, 0, 0, 3, 0, 1, 0, 0, 2, 1, 1, 1, 0, 0, 0, 0, 2, 1, 0, 0, 0, 1, 3, 0, 0, 1, 0, 0, 1, 0, 2, 0, 1, 0, 2, 1, 0, 0, 1, 1, 3, 1, 1, 3, 3, 1, 0, 0, 2, 0, 0, 0, 0, 1, 0, 0, 0, 1, 0, 0, 1, 0, 0, 1, 0, 0, 2, 0, 1],828.6150361188287,57498.909092636255,92558.71763620913,false
13,G1_CMAX,G1_CMAX,[31, 22, 82, 15, 26, 9, 95, 42, 77, 12, 47, 5, 93, 78, 86, 54, 6, 63, 18, 44, 20, 35, 43, 97, 91, 76, 10, 30, 21, 45, 71, 64, 1, 23, 17, 83, 24, 14, 60, 36, 85, 57, 40, 88, 65, 56, 79, 94, 67, 68, 46, 75, 38, 58, 19, 32, 81, 41, 62, 87, 28, 90, 99, 59, 11, 72, 16, 73, 70, 39, 37, 84, 3, 92, 25, 34, 29, 55, 51, 7, 98, 61, 66, 48, 89, 50, 4, 96, 53, 80, 8, 33, 27, 2, 52, 13, 0, 69, 74, 49]|[1, 1, 0, 1, 1, 0, 1, 2, 2, 1, 2, 2, 2, 1, 1, 0, 0, 1, 0, 2, 2, 0, 1, 2, 2, 1, 2, 2, 0, 0, 1, 1, 1, 2, 1, 0, 2, 0, 1, 1, 0, 1, 1, 1, 0, 2, 1, 1, 0, 0, 0, 0, 1, 1, 2, 1, 2, 0, 0, 2, 2, 1, 0, 1, 2, 2, 1, 1, 1, 1, 1, 1, 1, 0, 1, 2, 0, 2, 0, 1, 2, 1, 0, 0, 1, 0, 1, 2, 0, 0, 1, 2, 0, 0, 1, 0, 0, 1, 2, 0]|[0, 3, 2, 2, 4, 1, 2, 2, 2, 4, 1, 1, 2, 4, 4, 1, 2, 4, 2, 1, 1, 1, 1, 2, 1, 2, 1, 1, 1, 1, 3, 3, 3, 0, 4, 0, 1, 1, 0, 3, 2, 2, 2, 0, 1, 1, 0, 4, 0, 1, 2, 2, 1, 4, 0, 3, 2, 1, 2, 1, 1, 3, 1, 1, 1, 0, 3, 4, 3, 1, 4, 1, 1, 0, 4, 1, 1, 1, 1, 1, 1, 3, 1, 1, 1, 1, 4, 1, 2, 1, 3, 1, 2, 2, 1, 2, 2, 4, 1, 1]|[0, 2, 1, 1, 3, 0, 1, 0, 0, 0, 0, 0, 1, 0, 1, 0, 0, 3, 1, 0, 0, 0, 3, 1, 0, 2, 0, 0, 0, 1, 0, 0, 0, 0, 3, 0, 1, 0, 0, 2, 1, 1, 1, 0, 0, 0, 0, 2, 1, 0, 0, 0, 1, 3, 0, 0, 1, 0, 1, 0, 0, 2, 0, 1, 0, 1, 2, 0, 0, 1, 1, 3, 1, 1, 3, 0, 0, 0, 0, 2, 0, 0, 0, 0, 1, 0, 0, 0, 1, 0, 2, 0, 1, 0, 1, 0, 0, 2, 0, 1],740.1000024547002,57245.26292476342,97017.87740826326,false
13,G4_BALANCED,G4_BALANCED,[31, 11, 82, 15, 26, 9, 95, 42, 77, 68, 47, 5, 93, 78, 86, 54, 85, 63, 18, 44, 20, 49, 36, 14, 74, 50, 53, 17, 21, 45, 71, 64, 3, 23, 30, 83, 24, 41, 60, 52, 65, 27, 90, 70, 39, 87, 48, 69, 99, 4, 46, 1, 13, 58, 97, 59, 28, 8, 73, 37, 35, 79, 22, 66, 76, 32, 40, 80, 96, 6, 16, 61, 33, 98, 57, 81, 62, 67, 10, 7, 56, 88, 29, 38, 91, 19, 75, 92, 94, 84, 2, 72, 51, 25, 34, 55, 0, 43, 89, 12]|[2, 1, 2, 1, 1, 2, 1, 1, 1, 1, 1, 0, 2, 2, 1, 2, 0, 0, 0, 2, 2, 1, 0, 2, 0, 2, 2, 1, 0, 1, 1, 1, 0, 0, 1, 0, 2, 1, 2, 2, 0, 0, 1, 1, 0, 2, 0, 2, 1, 0, 0, 2, 0, 0, 2, 0, 1, 1, 0, 0, 2, 1, 0, 2, 2, 0, 2, 2, 0, 1, 2, 1, 1, 0, 0, 1, 1, 1, 1, 2, 2, 1, 1, 0, 1, 1, 0, 0, 1, 0, 2, 1, 1, 1, 1, 0, 0, 1, 1, 1]|[0, 3, 0, 2, 4, 1, 4, 4, 2, 4, 3, 2, 1, 0, 2, 1, 1, 1, 2, 1, 1, 3, 0, 1, 0, 1, 1, 4, 1, 4, 3, 2, 2, 0, 4, 1, 1, 4, 0, 1, 2, 1, 4, 4, 1, 1, 0, 2, 3, 1, 2, 1, 2, 1, 1, 2, 4, 3, 0, 2, 2, 3, 1, 0, 1, 2, 0, 1, 2, 4, 1, 3, 4, 2, 2, 4, 3, 3, 3, 1, 1, 4, 3, 2, 3, 4, 2, 2, 4, 2, 1, 4, 3, 4, 1, 2, 2, 4, 4, 3]|[0, 2, 0, 1, 3, 0, 1, 3, 0, 0, 2, 0, 1, 0, 1, 0, 0, 0, 1, 0, 0, 2, 0, 0, 1, 0, 0, 3, 0, 1, 0, 2, 0, 1, 3, 0, 1, 3, 1, 0, 0, 0, 1, 3, 0, 0, 1, 0, 2, 0, 0, 0, 0, 0, 1, 0, 1, 0, 1, 1, 0, 2, 0, 0, 0, 0, 0, 0, 0, 2, 0, 0, 1, 0, 0, 2, 0, 0, 3, 0, 0, 1, 0, 0, 0, 3, 0, 0, 2, 1, 0, 2, 0, 3, 1, 0, 0, 2, 1, 0],882.5467973155922,52205.50067291686,107316.93790310413,false
13,G2_TEC,G2_TEC,[31, 22, 82, 15, 26, 9, 95, 42, 77, 68, 47, 5, 93, 78, 86, 54, 85, 63, 18, 44, 20, 49, 36, 14, 74, 50, 53, 17, 21, 28, 71, 64, 3, 23, 30, 83, 24, 41, 60, 52, 65, 27, 90, 70, 39, 87, 48, 69, 99, 4, 46, 1, 13, 58, 97, 59, 33, 8, 73, 37, 35, 79, 11, 66, 76, 32, 40, 80, 96, 6, 16, 61, 45, 7, 57, 34, 12, 67, 10, 98, 56, 88, 29, 19, 91, 38, 75, 92, 43, 84, 51, 62, 89, 25, 81, 55, 0, 94, 2, 72]|[2, 1, 2, 1, 1, 2, 1, 1, 1, 1, 1, 0, 2, 2, 1, 2, 0, 0, 0, 2, 2, 1, 0, 2, 0, 2, 2, 1, 0, 1, 1, 1, 0, 0, 1, 0, 2, 1, 2, 2, 0, 0, 1, 1, 0, 2, 0, 2, 1, 0, 0, 2, 0, 0, 2, 0, 1, 1, 0, 0, 1, 1, 0, 2, 2, 0, 2, 2, 0, 1, 2, 1, 1, 2, 0, 1, 1, 1, 1, 0, 2, 1, 1, 1, 1, 0, 0, 0, 1, 0, 1, 1, 1, 1, 1, 0, 0, 1, 2, 1]|[0, 3, 0, 2, 4, 1, 4, 4, 2, 4, 3, 2, 1, 0, 2, 1, 1, 1, 2, 1, 1, 3, 0, 1, 0, 1, 1, 4, 1, 4, 3, 2, 2, 0, 4, 1, 1, 4, 0, 1, 2, 1, 4, 4, 1, 1, 0, 2, 3, 1, 2, 1, 2, 1, 1, 2, 4, 3, 0, 2, 3, 3, 1, 0, 1, 2, 0, 1, 2, 4, 1, 3, 4, 1, 2, 4, 3, 3, 3, 2, 1, 4, 3, 4, 3, 2, 2, 2, 4, 2, 3, 3, 4, 4, 1, 2, 2, 4, 1, 4]|[0, 2, 0, 1, 3, 0, 1, 3, 0, 0, 2, 0, 1, 0, 1, 0, 0, 0, 1, 0, 0, 2, 0, 0, 1, 0, 0, 3, 0, 1, 0, 2, 0, 0, 3, 0, 1, 3, 1, 0, 0, 0, 1, 3, 0, 0, 1, 0, 2, 0, 0, 0, 0, 0, 1, 0, 1, 0, 1, 1, 2, 2, 0, 0, 0, 0, 0, 0, 0, 2, 0, 0, 1, 0, 0, 1, 0, 0, 3, 0, 0, 1, 0, 3, 0, 0, 0, 0, 2, 0, 0, 0, 1, 3, 1, 0, 0, 2, 0, 2],918.5349760917882,51468.548061908,110087.41095170133,false
13,G3_TWC,G3_TWC,[31, 22, 82, 15, 26, 9, 95, 42, 77, 12, 47, 5, 93, 78, 86, 54, 85, 63, 18, 44, 20, 35, 43, 97, 91, 76, 10, 30, 21, 45, 71, 64, 1, 23, 17, 83, 24, 14, 60, 36, 41, 57, 40, 88, 65, 56, 79, 94, 67, 68, 46, 75, 38, 58, 19, 32, 81, 6, 27, 62, 87, 90, 99, 59, 11, 16, 72, 73, 69, 39, 37, 84, 3, 92, 25, 55, 28, 29, 51, 7, 66, 61, 98, 48, 89, 8, 33, 96, 53, 80, 50, 4, 34, 2, 52, 13, 0, 70, 74, 49]|[1, 1, 0, 1, 1, 0, 1, 2, 2, 1, 2, 2, 2, 1, 1, 0, 0, 1, 0, 2, 2, 0, 1, 2, 0, 1, 2, 2, 0, 0, 1, 2, 1, 2, 1, 0, 2, 0, 1, 1, 0, 1, 1, 1, 0, 2, 1, 1, 0, 0, 0, 0, 1, 1, 2, 1, 2, 0, 0, 0, 2, 1, 0, 1, 2, 1, 2, 1, 1, 1, 1, 1, 1, 0, 1, 1, 0, 0, 0, 1, 2, 1, 2, 0, 1, 0, 2, 0, 0, 0, 0, 0, 2, 0, 1, 0, 0, 1, 2, 0]|[4, 3, 2, 2, 4, 1, 2, 2, 2, 4, 1, 1, 2, 4, 4, 1, 2, 4, 2, 1, 1, 1, 1, 2, 1, 2, 1, 1, 1, 1, 3, 2, 3, 0, 4, 0, 1, 1, 0, 3, 2, 2, 2, 0, 1, 1, 0, 4, 0, 1, 2, 2, 1, 4, 0, 3, 2, 1, 1, 2, 1, 3, 1, 1, 1, 3, 0, 4, 3, 1, 4, 1, 1, 0, 4, 4, 2, 1, 1, 1, 1, 3, 1, 1, 1, 1, 1, 1, 2, 1, 1, 2, 1, 2, 1, 2, 2, 4, 1, 1]|[0, 2, 1, 1, 3, 0, 1, 0, 0, 0, 0, 0, 1, 0, 1, 0, 0, 3, 1, 0, 0, 0, 3, 1, 0, 2, 0, 0, 0, 1, 0, 0, 0, 0, 3, 0, 1, 0, 0, 2, 1, 1, 1, 0, 0, 0, 0, 2, 1, 0, 0, 0, 1, 3, 0, 0, 1, 0, 0, 1, 0, 2, 0, 1, 0, 2, 1, 0, 0, 1, 1, 3, 1, 1, 3, 3, 1, 0, 0, 2, 0, 0, 0, 0, 1, 0, 0, 0, 1, 0, 0, 1, 0, 0, 1, 0, 0, 2, 0, 1],828.6150361188287,57498.909092636255,92558.71763620913,false
13,G1_CMAX,G1_CMAX,[31, 22, 82, 15, 26, 9, 95, 42, 77, 12, 47, 5, 93, 78, 86, 54, 6, 63, 18, 44, 20, 35, 43, 97, 91, 76, 10, 30, 21, 45, 71, 64, 1, 23, 17, 83, 24, 14, 60, 36, 85, 57, 40, 88, 65, 56, 79, 94, 67, 68, 46, 75, 38, 58, 19, 32, 81, 41, 62, 87, 28, 90, 99, 59, 11, 72, 16, 73, 70, 39, 37, 84, 3, 92, 25, 34, 29, 55, 51, 7, 98, 61, 66, 48, 89, 50, 4, 96, 53, 80, 8, 33, 27, 2, 52, 13, 0, 69, 74, 49]|[1, 1, 0, 1, 1, 0, 1, 2, 2, 1, 2, 2, 2, 1, 1, 0, 0, 1, 0, 2, 2, 0, 1, 2, 2, 1, 2, 2, 0, 0, 1, 1, 1, 2, 1, 0, 2, 0, 1, 1, 0, 1, 1, 1, 0, 2, 1, 1, 0, 0, 0, 0, 1, 1, 2, 1, 2, 0, 0, 2, 2, 1, 0, 1, 2, 2, 1, 1, 1, 1, 1, 1, 1, 0, 1, 2, 0, 2, 0, 1, 2, 1, 0, 0, 1, 0, 1, 2, 0, 0, 1, 2, 0, 0, 1, 0, 0, 1, 2, 0]|[0, 3, 2, 2, 4, 1, 2, 2, 2, 4, 1, 1, 2, 4, 4, 1, 2, 4, 2, 1, 1, 1, 1, 2, 1, 2, 1, 1, 1, 1, 3, 3, 3, 0, 4, 0, 1, 1, 0, 3, 2, 2, 2, 0, 1, 1, 0, 4, 0, 1, 2, 2, 1, 4, 0, 3, 2, 1, 2, 1, 1, 3, 1, 1, 1, 0, 3, 4, 3, 1, 4, 1, 1, 0, 4, 1, 1, 1, 1, 1, 1, 3, 1, 1, 1, 1, 4, 1, 2, 1, 3, 1, 2, 2, 1, 2, 2, 4, 1, 1]|[0, 2, 1, 1, 3, 0, 1, 0, 0, 0, 0, 0, 1, 0, 1, 0, 0, 3, 1, 0, 0, 0, 3, 1, 0, 2, 0, 0, 0, 1, 0, 0, 0, 0, 3, 0, 1, 0, 0, 2, 1, 1, 1, 0, 0, 0, 0, 2, 1, 0, 0, 0, 1, 3, 0, 0, 1, 0, 1, 0, 0, 2, 0, 1, 0, 1, 2, 0, 0, 1, 1, 3, 1, 1, 3, 0, 0, 0, 0, 2, 0, 0, 0, 0, 1, 0, 0, 0, 1, 0, 2, 0, 1, 0, 1, 0, 0, 2, 0, 1],740.1000024547002,57245.26292476342,97017.87740826326,false
13,G4_BALANCED,G3_TWC,[31, 22, 82, 15, 26, 9, 95, 42, 77, 12, 47, 5, 93, 78, 86, 54, 85, 63, 18, 44, 20, 35, 43, 97, 91, 76, 10, 30, 21, 45, 71, 64, 1, 23, 17, 83, 24, 14, 60, 36, 41, 57, 40, 88, 65, 56, 79, 94, 67, 68, 46, 75, 38, 58, 19, 32, 81, 6, 27, 62, 87, 90, 99, 59, 11, 16, 72, 73, 69, 39, 37, 84, 3, 92, 25, 55, 28, 29, 51, 7, 33, 61, 98, 48, 89, 50, 8, 80, 53, 96, 4, 66, 34, 2, 52, 13, 0, 70, 74, 49]|[1, 1, 0, 1, 1, 0, 1, 2, 2, 1, 2, 2, 2, 1, 1, 0, 0, 1, 0, 2, 2, 0, 1, 2, 0, 1, 2, 2, 0, 0, 1, 2, 1, 2, 1, 0, 2, 0, 1, 1, 0, 1, 1, 1, 0, 2, 1, 1, 0, 0, 0, 0, 1, 1, 2, 1, 2, 0, 0, 0, 2, 1, 0, 1, 2, 1, 2, 1, 1, 1, 1, 1, 1, 0, 1, 1, 0, 0, 0, 1, 2, 1, 2, 0, 1, 0, 0, 0, 0, 0, 0, 2, 2, 0, 1, 0, 0, 1, 2, 0]|[4, 3, 2, 2, 4, 1, 2, 2, 2, 4, 1, 1, 2, 4, 4, 1, 2, 4, 2, 1, 1, 1, 1, 2, 1, 2, 1, 1, 1, 1, 3, 2, 3, 0, 4, 0, 1, 1, 0, 3, 2, 2, 2, 0, 1, 1, 0, 4, 0, 1, 2, 2, 1, 4, 0, 3, 2, 1, 1, 2, 1, 3, 1, 1, 1, 3, 0, 4, 3, 1, 4, 1, 1, 0, 4, 4, 2, 1, 1, 1, 1, 3, 1, 1, 1, 1, 1, 1, 2, 1, 2, 1, 1, 2, 1, 2, 2, 3, 1, 1]|[0, 2, 1, 1, 3, 0, 1, 1, 0, 0, 0, 0, 1, 0, 1, 0, 0, 3, 1, 0, 0, 0, 3, 1, 0, 2, 0, 0, 0, 1, 0, 0, 0, 0, 3, 0, 1, 0, 0, 2, 1, 1, 1, 0, 0, 0, 0, 2, 1, 0, 0, 0, 1, 3, 0, 0, 1, 0, 0, 1, 0, 2, 0, 1, 0, 2, 1, 0, 0, 1, 1, 3, 1, 1, 3, 3, 1, 0, 0, 2, 0, 0, 0, 0, 1, 0, 0, 0, 1, 0, 1, 0, 0, 0, 1, 0, 0, 0, 0, 1],836.3993613437021,57994.712287488255,91971.90519272635,true
13,G2_TEC,G2_TEC,[31, 22, 82, 15, 26, 9, 95, 42, 77, 68, 47, 5, 93, 78, 86, 54, 85, 63, 18, 44, 20, 49, 36, 14, 74, 50, 53, 17, 21, 28, 71, 64, 3, 23, 30, 83, 24, 41, 60, 52, 65, 27, 90, 70, 39, 87, 48, 69, 99, 4, 46, 1, 13, 58, 97, 59, 33, 8, 73, 37, 35, 79, 11, 66, 76, 32, 40, 80, 96, 6, 16, 61, 45, 7, 57, 34, 12, 67, 10, 98, 56, 88, 29, 19, 91, 38, 75, 92, 43, 84, 51, 62, 89, 25, 81, 55, 0, 94, 2, 72]|[2, 1, 2, 1, 1, 2, 1, 1, 1, 1, 1, 0, 2, 2, 1, 2, 0, 0, 0, 2, 2, 1, 0, 2, 0, 2, 2, 1, 0, 1, 1, 1, 0, 0, 1, 0, 2, 1, 2, 2, 0, 0, 1, 1, 0, 2, 0, 2, 1, 0, 0, 2, 0, 0, 2, 0, 1, 1, 0, 0, 1, 1, 0, 2, 2, 0, 2, 2, 0, 1, 2, 1, 1, 2, 0, 1, 1, 1, 1, 0, 2, 1, 1, 1, 1, 0, 0, 0, 1, 0, 1, 1, 1, 1, 1, 0, 0, 1, 2, 1]|[0, 3, 0, 2, 4, 1, 4, 4, 2, 4, 3, 2, 1, 0, 2, 1, 1, 1, 2, 1, 1, 3, 0, 1, 0, 1, 1, 4, 1, 4, 3, 2, 2, 0, 4, 1, 1, 4, 0, 1, 2, 1, 4, 4, 1, 1, 0, 2, 3, 1, 2, 1, 2, 1, 1, 2, 4, 3, 0, 2, 3, 3, 1, 0, 1, 2, 0, 1, 2, 4, 1, 3, 4, 1, 2, 4, 3, 3, 3, 2, 1, 4, 3, 4, 3, 2, 2, 2, 4, 2, 3, 3, 4, 4, 1, 2, 2, 4, 1, 4]|[0, 2, 0, 1, 3, 0, 1, 3, 0, 0, 2, 0, 1, 0, 1, 0, 0, 0, 1, 0, 0, 2, 0, 0, 1, 0, 0, 3, 0, 1, 0, 2, 0, 0, 3, 0, 1, 3, 1, 0, 0, 0, 1, 3, 0, 0, 1, 0, 2, 0, 0, 0, 0, 0, 1, 0, 1, 0, 1, 1, 2, 2, 0, 0, 0, 0, 0, 0, 0, 2, 0, 0, 1, 0, 0, 1, 0, 0, 3, 0, 0, 1, 0, 3, 0, 0, 0, 0, 2, 0, 0, 0, 1, 3, 1, 0, 0, 2, 0, 2],918.5349760917882,51468.548061908,110087.41095170133,false
13,G3_TWC,G3_TWC,[31, 22, 82, 15, 26, 9, 95, 42, 77, 12, 47, 5, 93, 78, 86, 54, 85, 63, 18, 44, 20, 35, 43, 97, 91, 76, 10, 30, 21, 45, 71, 64, 1, 23, 17, 83, 24, 14, 60, 36, 41, 57, 40, 88, 65, 56, 79, 94, 67, 68, 46, 75, 38, 58, 19, 32, 81, 6, 27, 62, 87, 90, 99, 59, 11, 16, 72, 73, 69, 39, 37, 84, 3, 92, 25, 55, 28, 29, 51, 7, 66, 61, 98, 48, 89, 8, 33, 96, 53, 80, 50, 4, 34, 2, 52, 13, 0, 70, 74, 49]|[1, 1, 0, 1, 1, 0, 1, 2, 2, 1, 2, 2, 2, 1, 1, 0, 0, 1, 0, 2, 2, 0, 1, 2, 0, 1, 2, 2, 0, 0, 1, 2, 1, 2, 1, 0, 2, 0, 1, 1, 0, 1, 1, 1, 0, 2, 1, 1, 0, 0, 0, 0, 1, 1, 2, 1, 2, 0, 0, 0, 2, 1, 0, 1, 2, 1, 2, 1, 1, 1, 1, 1, 1, 0, 1, 1, 0, 0, 0, 1, 2, 1, 2, 0, 1, 0, 2, 0, 0, 0, 0, 0, 2, 0, 1, 0, 0, 1, 2, 0]|[4, 3, 2, 2, 4, 1, 2, 2, 2, 4, 1, 1, 2, 4, 4, 1, 2, 4, 2, 1, 1, 1, 1, 2, 1, 2, 1, 1, 1, 1, 3, 2, 3, 0, 4, 0, 1, 1, 0, 3, 2, 2, 2, 0, 1, 1, 0, 4, 0, 1, 2, 2, 1, 4, 0, 3, 2, 1, 1, 2, 1, 3, 1, 1, 1, 3, 0, 4, 3, 1, 4, 1, 1, 0, 4, 4, 2, 1, 1, 1, 1, 3, 1, 1, 1, 1, 1, 1, 2, 1, 1, 2, 1, 2, 1, 2, 2, 4, 1, 1]|[0, 2, 1, 1, 3, 0, 1, 0, 0, 0, 0, 0, 1, 0, 1, 0, 0, 3, 1, 0, 0, 0, 3, 1, 0, 2, 0, 0, 0, 1, 0, 0, 0, 0, 3, 0, 1, 0, 0, 2, 1, 1, 1, 0, 0, 0, 0, 2, 1, 0, 0, 0, 1, 3, 0, 0, 1, 0, 0, 1, 0, 2, 0, 1, 0, 2, 1, 0, 0, 1, 1, 3, 1, 1, 3, 3, 1, 0, 0, 2, 0, 0, 0, 0, 1, 0, 0, 0, 1, 0, 0, 1, 0, 0, 1, 0, 0, 2, 0, 1],828.6150361188287,57498.909092636255,92558.71763620913,false
14,G1_CMAX,G1_CMAX,[31, 22, 82, 15, 26, 9, 95, 42, 77, 12, 47, 5, 93, 78, 86, 54, 6, 63, 18, 44, 20, 35, 43, 97, 91, 76, 10, 30, 21, 45, 71, 64, 1, 23, 17, 83, 24, 14, 60, 36, 85, 57, 40, 88, 65, 56, 79, 94, 67, 68, 46, 75, 38, 58, 19, 32, 81, 41, 62, 87, 28, 90, 99, 59, 11, 72, 16, 73, 70, 39, 37, 84, 3, 92, 25, 34, 29, 55, 51, 7, 98, 61, 66, 48, 89, 50, 4, 96, 53, 80, 8, 33, 27, 2, 52, 13, 0, 69, 74, 49]|[1, 1, 0, 1, 1, 0, 1, 2, 2, 1, 2, 2, 2, 1, 1, 0, 0, 1, 0, 2, 2, 0, 1, 2, 2, 1, 2, 2, 0, 0, 1, 1, 1, 2, 1, 0, 2, 0, 1, 1, 0, 1, 1, 1, 0, 2, 1, 1, 0, 0, 0, 0, 1, 1, 2, 1, 2, 0, 0, 2, 2, 1, 0, 1, 2, 2, 1, 1, 1, 1, 1, 1, 1, 0, 1, 2, 0, 2, 0, 1, 2, 1, 0, 0, 1, 0, 1, 2, 0, 0, 1, 2, 0, 0, 1, 0, 0, 1, 2, 0]|[0, 3, 2, 2, 4, 1, 2, 2, 2, 4, 1, 1, 2, 4, 4, 1, 2, 4, 2, 1, 1, 1, 1, 2, 1, 2, 1, 1, 1, 1, 3, 3, 3, 0, 4, 0, 1, 1, 0, 3, 2, 2, 2, 0, 1, 1, 0, 4, 0, 1, 2, 2, 1, 4, 0, 3, 2, 1, 2, 1, 1, 3, 1, 1, 1, 0, 3, 4, 3, 1, 4, 1, 1, 0, 4, 1, 1, 1, 1, 1, 1, 3, 1, 1, 1, 1, 4, 1, 2, 1, 3, 1, 2, 2, 1, 2, 2, 4, 1, 1]|[0, 2, 1, 1, 3, 0, 1, 0, 0, 0, 0, 0, 1, 0, 1, 0, 0, 3, 1, 0, 0, 0, 3, 1, 0, 2, 0, 0, 0, 1, 0, 0, 0, 0, 3, 0, 1, 0, 0, 2, 1, 1, 1, 0, 0, 0, 0, 2, 1, 0, 0, 0, 1, 3, 0, 0, 1, 0, 1, 0, 0, 2, 0, 1, 0, 1, 2, 0, 0, 1, 1, 3, 1, 1, 3, 0, 0, 0, 0, 2, 0, 0, 0, 0, 1, 0, 0, 0, 1, 0, 2, 0, 1, 0, 1, 0, 0, 2, 0, 1],740.1000024547002,57245.26292476342,97017.87740826326,false
14,G4_BALANCED,G4_BALANCED,[31, 11, 82, 15, 26, 9, 95, 42, 77, 68, 47, 5, 93, 78, 86, 54, 85, 63, 18, 44, 20, 49, 36, 14, 74, 50, 53, 17, 21, 45, 71, 64, 3, 23, 30, 83, 24, 41, 60, 52, 65, 27, 90, 70, 39, 87, 48, 69, 99, 4, 46, 1, 13, 58, 97, 59, 28, 8, 73, 37, 35, 79, 22, 66, 76, 32, 40, 80, 96, 6, 16, 61, 33, 7, 57, 34, 12, 67, 10, 98, 56, 88, 29, 19, 91, 38, 75, 92, 43, 84, 2, 72, 51, 25, 81, 55, 0, 94, 89, 62]|[2, 0, 2, 1, 1, 2, 1, 1, 1, 1, 1, 0, 2, 2, 1, 2, 0, 0, 0, 2, 2, 1, 0, 2, 0, 2, 2, 1, 0, 1, 1, 1, 0, 0, 1, 0, 2, 1, 2, 2, 0, 0, 1, 1, 0, 2, 0, 2, 1, 0, 0, 2, 0, 0, 2, 0, 1, 1, 0, 0, 2, 1, 0, 2, 2, 0, 2, 2, 0, 1, 2, 1, 1, 2, 0, 1, 1, 1, 1, 2, 2, 1, 1, 1, 1, 0, 0, 0, 1, 0, 2, 1, 1, 1, 1, 0, 0, 1, 1, 1]|[0, 1, 0, 2, 4, 1, 4, 4, 2, 4, 3, 2, 1, 0, 2, 1, 1, 1, 2, 1, 1, 3, 0, 1, 0, 1, 1, 4, 1, 4, 3, 2, 2, 0, 4, 1, 1, 4, 0, 1, 2, 1, 4, 4, 1, 1, 0, 2, 3, 1, 2, 1, 2, 1, 1, 2, 4, 3, 0, 2, 2, 3, 1, 0, 1, 2, 0, 1, 2, 4, 1, 3, 4, 1, 2, 4, 3, 3, 3, 1, 1, 4, 3, 4, 3, 2, 2, 2, 4, 2, 1, 4, 3, 4, 1, 2, 2, 4, 4, 3]|[0, 0, 0, 1, 3, 0, 1, 3, 0, 0, 2, 0, 1, 0, 1, 0, 0, 0, 1, 0, 0, 2, 0, 0, 1, 0, 0, 3, 0, 1, 0, 2, 0, 1, 3, 0, 1, 3, 1, 0, 0, 0, 1, 3, 0, 0, 1, 0, 2, 0, 0, 0, 0, 0, 1, 0, 1, 0, 1, 1, 0, 2, 0, 0, 0, 0, 0, 0, 0, 2, 0, 0, 1, 0, 0, 1, 0, 0, 3, 0, 0, 1, 0, 3, 0, 0, 0, 0, 2, 0, 0, 2, 0, 3, 1, 0, 0, 2, 1, 0],890.2108401545523,52069.51962576852,108936.75246953712,false
14,G2_TEC,G2_TEC,[31, 22, 82, 15, 26, 9, 95, 42, 77, 68, 47, 5, 93, 78, 86, 54, 85, 63, 18, 44, 20, 49, 36, 14, 74, 50, 53, 17, 21, 28, 71, 64, 3, 23, 30, 83, 24, 41, 60, 52, 65, 27, 90, 70, 39, 87, 48, 69, 99, 4, 46, 1, 13, 58, 97, 59, 33, 8, 73, 37, 35, 79, 11, 66, 76, 32, 40, 80, 96, 6, 16, 61, 45, 7, 57, 34, 12, 67, 10, 98, 56, 88, 29, 19, 91, 38, 75, 92, 43, 84, 51, 62, 89, 25, 81, 55, 0, 94, 2, 72]|[2, 1, 2, 1, 1, 2, 1, 1, 1, 1, 1, 0, 2, 2, 1, 2, 0, 0, 0, 2, 2, 1, 0, 2, 0, 2, 2, 1, 0, 1, 1, 1, 0, 0, 1, 0, 2, 1, 2, 2, 0, 0, 1, 1, 0, 2, 0, 2, 1, 0, 0, 2, 0, 0, 2, 0, 1, 1, 0, 0, 1, 1, 0, 2, 2, 0, 2, 2, 0, 1, 2, 1, 1, 2, 0, 1, 1, 1, 1, 0, 2, 1, 1, 1, 1, 0, 0, 0, 1, 0, 1, 1, 1, 1, 1, 0, 0, 1, 2, 1]|[0, 3, 0, 2, 4, 1, 4, 4, 2, 4, 3, 2, 1, 0, 2, 1, 1, 1, 2, 1, 1, 3, 0, 1, 0, 1, 1, 4, 1, 4, 3, 2, 2, 0, 4, 1, 1, 4, 0, 1, 2, 1, 4, 4, 1, 1, 0, 2, 3, 1, 2, 1, 2, 1, 1, 2, 4, 3, 0, 2, 3, 3, 1, 0, 1, 2, 0, 1, 2, 4, 1, 3, 4, 1, 2, 4, 3, 3, 3, 2, 1, 4, 3, 4, 3, 2, 2, 2, 4, 2, 3, 3, 4, 4, 1, 2, 2, 4, 1, 4]|[0, 2, 0, 1, 3, 0, 1, 3, 0, 0, 2, 0, 1, 0, 1, 0, 0, 0, 1, 0, 0, 2, 0, 0, 1, 0, 0, 3, 0, 1, 0, 2, 0, 0, 3, 0, 1, 3, 1, 0, 0, 0, 1, 3, 0, 0, 1, 0, 2, 0, 0, 0, 0, 0, 1, 0, 1, 0, 1, 1, 2, 2, 0, 0, 0, 0, 0, 0, 0, 2, 0, 0, 1, 0, 0, 1, 0, 0, 3, 0, 0, 1, 0, 3, 0, 0, 0, 0, 2, 0, 0, 0, 1, 3, 1, 0, 0, 2, 0, 2],918.5349760917882,51468.548061908,110087.41095170133,false
14,G3_TWC,G4_BALANCED,[31, 22, 82, 15, 26, 9, 95, 42, 77, 12, 47, 5, 93, 78, 86, 54, 6, 63, 18, 44, 20, 35, 43, 97, 91, 76, 10, 30, 21, 45, 71, 1, 64, 23, 17, 83, 24, 14, 60, 36, 85, 57, 40, 88, 65, 56, 79, 94, 67, 68, 46, 75, 38, 58, 19, 32, 81, 41, 62, 87, 90, 99, 59, 11, 16, 72, 73, 70, 39, 37, 84, 2, 3, 92, 25, 55, 28, 29, 51, 7, 66, 61, 98, 33, 89, 50, 8, 96, 53, 80, 4, 48, 34, 27, 52, 13, 0, 69, 74, 49]|[1, 1, 0, 1, 1, 0, 1, 2, 2, 1, 2, 2, 2, 1, 1, 0, 0, 1, 0, 2, 2, 0, 1, 2, 0, 1, 2, 2, 0, 0, 2, 1, 2, 2, 1, 0, 2, 0, 1, 1, 0, 1, 1, 1, 0, 2, 1, 1, 1, 0, 0, 0, 1, 1, 2, 1, 2, 0, 0, 2, 1, 0, 0, 2, 1, 1, 2, 1, 1, 1, 1, 0, 1, 0, 1, 2, 0, 0, 0, 1, 2, 1, 2, 2, 1, 0, 1, 2, 0, 0, 1, 0, 2, 0, 1, 0, 0, 1, 2, 0]|[4, 3, 2, 2, 4, 1, 2, 2, 2, 4, 1, 1, 2, 4, 4, 1, 2, 4, 2, 1, 1, 1, 1, 2, 1, 2, 1, 1, 1, 1, 2, 3, 2, 1, 4, 0, 1, 1, 0, 3, 2, 2, 2, 0, 1, 1, 0, 4, 1, 1, 2, 2, 1, 4, 0, 3, 2, 1, 2, 1, 3, 1, 1, 1, 3, 3, 1, 4, 3, 1, 4, 2, 1, 0, 4, 1, 2, 1, 1, 1, 1, 3, 1, 1, 1, 1, 3, 1, 2, 1, 4, 1, 1, 1, 1, 2, 2, 4, 1, 1]|[0, 2, 1, 1, 3, 0, 1, 0, 0, 0, 0, 0, 1, 0, 1, 0, 0, 3, 1, 0, 0, 0, 3, 1, 0, 2, 0, 0, 0, 1, 0, 0, 0, 0, 3, 0, 1, 0, 0, 2, 1, 1, 1, 0, 0, 0, 0, 2, 1, 0, 0, 0, 1, 3, 0, 0, 1, 0, 1, 0, 2, 0, 0, 0, 2, 2, 0, 0, 0, 1, 1, 0, 1, 1, 3, 0, 1, 0, 0, 2, 0, 0, 0, 0, 1, 0, 2, 0, 1, 0, 0, 0, 0, 0, 1, 0, 0, 2, 0, 1],808.3781732679919,55722.61868583377,100632.15673257285,true
14,G1_CMAX,G1_CMAX,[31, 22, 82, 15, 26, 9, 95, 42, 77, 12, 47, 5, 93, 78, 86, 54, 6, 63, 18, 44, 20, 35, 43, 97, 91, 76, 10, 30, 21, 45, 71, 64, 1, 23, 17, 83, 24, 14, 60, 36, 85, 57, 40, 88, 65, 56, 79, 94, 67, 68, 46, 75, 38, 58, 19, 32, 81, 41, 62, 87, 28, 90, 99, 59, 11, 72, 16, 73, 70, 39, 37, 84, 3, 92, 25, 34, 29, 55, 51, 7, 98, 61, 66, 48, 89, 50, 4, 96, 53, 80, 8, 33, 27, 2, 52, 13, 0, 69, 74, 49]|[1, 1, 0, 1, 1, 0, 1, 2, 2, 1, 2, 2, 2, 1, 1, 0, 0, 1, 0, 2, 2, 0, 1, 2, 2, 1, 2, 2, 0, 0, 1, 1, 1, 2, 1, 0, 2, 0, 1, 1, 0, 1, 1, 1, 0, 2, 1, 1, 0, 0, 0, 0, 1, 1, 2, 1, 2, 0, 0, 2, 2, 1, 0, 1, 2, 2, 1, 1, 1, 1, 1, 1, 1, 0, 1, 2, 0, 2, 0, 1, 2, 1, 0, 0, 1, 0, 1, 2, 0, 0, 1, 2, 0, 0, 1, 0, 0, 1, 2, 0]|[0, 3, 2, 2, 4, 1, 2, 2, 2, 4, 1, 1, 2, 4, 4, 1, 2, 4, 2, 1, 1, 1, 1, 2, 1, 2, 1, 1, 1, 1, 3, 3, 3, 0, 4, 0, 1, 1, 0, 3, 2, 2, 2, 0, 1, 1, 0, 4, 0, 1, 2, 2, 1, 4, 0, 3, 2, 1, 2, 1, 1, 3, 1, 1, 1, 0, 3, 4, 3, 1, 4, 1, 1, 0, 4, 1, 1, 1, 1, 1, 1, 3, 1, 1, 1, 1, 4, 1, 2, 1, 3, 1, 2, 2, 1, 2, 2, 4, 1, 1]|[0, 2, 1, 1, 3, 0, 1, 0, 0, 0, 0, 0, 1, 0, 1, 0, 0, 3, 1, 0, 0, 0, 3, 1, 0, 2, 0, 0, 0, 1, 0, 0, 0, 0, 3, 0, 1, 0, 0, 2, 1, 1, 1, 0, 0, 0, 0, 2, 1, 0, 0, 0, 1, 3, 0, 0, 1, 0, 1, 0, 0, 2, 0, 1, 0, 1, 2, 0, 0, 1, 1, 3, 1, 1, 3, 0, 0, 0, 0, 2, 0, 0, 0, 0, 1, 0, 0, 0, 1, 0, 2, 0, 1, 0, 1, 0, 0, 2, 0, 1],740.1000024547002,57245.26292476342,97017.87740826326,false
14,G4_BALANCED,G4_BALANCED,[31, 11, 82, 15, 26, 9, 95, 42, 77, 68, 47, 5, 93, 78, 86, 54, 85, 63, 18, 44, 20, 49, 36, 14, 74, 50, 53, 17, 21, 45, 71, 64, 3, 23, 30, 83, 24, 41, 60, 52, 65, 27, 90, 70, 39, 87, 48, 69, 99, 4, 46, 1, 13, 58, 97, 59, 28, 8, 73, 37, 35, 79, 22, 66, 76, 32, 40, 80, 96, 6, 16, 61, 33, 7, 57, 34, 12, 67, 10, 98, 56, 88, 29, 19, 91, 38, 75, 92, 43, 84, 2, 72, 51, 25, 81, 55, 0, 94, 89, 62]|[2, 0, 2, 1, 1, 2, 1, 1, 1, 1, 1, 0, 2, 2, 1, 2, 0, 0, 0, 2, 2, 1, 0, 2, 0, 2, 2, 1, 0, 1, 1, 1, 0, 0, 1, 0, 2, 1, 2, 2, 0, 0, 1, 1, 0, 2, 0, 2, 1, 0, 0, 2, 0, 0, 2, 0, 1, 1, 0, 0, 2, 1, 0, 2, 2, 0, 2, 2, 0, 1, 2, 1, 1, 2, 0, 1, 1, 1, 1, 2, 2, 1, 1, 1, 1, 0, 0, 0, 1, 0, 2, 1, 1, 1, 1, 0, 0, 1, 1, 1]|[0, 1, 0, 2, 4, 1, 4, 4, 2, 4, 3, 2, 1, 0, 2, 1, 1, 1, 2, 1, 1, 3, 0, 1, 0, 1, 1, 4, 1, 4, 3, 2, 2, 0, 4, 1, 1, 4, 0, 1, 2, 1, 4, 4, 1, 1, 0, 2, 3, 1, 2, 1, 2, 1, 1, 2, 4, 3, 0, 2, 2, 3, 1, 0, 1, 2, 0, 1, 2, 4, 1, 3, 4, 1, 2, 4, 3, 3, 3, 1, 1, 4, 3, 4, 3, 2, 2, 2, 4, 2, 1, 4, 3, 4, 1, 2, 2, 4, 4, 3]|[0, 0, 0, 1, 3, 0, 1, 3, 0, 0, 2, 0, 1, 0, 1, 0, 0, 0, 1, 0, 0, 2, 0, 0, 1, 0, 0, 3, 0, 1, 0, 2, 0, 1, 3, 0, 1, 3, 1, 0, 0, 0, 1, 3, 0, 0, 1, 0, 2, 0, 0, 0, 0, 0, 1, 0, 1, 0, 1, 1, 0, 2, 0, 0, 0, 0, 0, 0, 0, 2, 0, 0, 1, 0, 0, 1, 0, 0, 3, 0, 0, 1, 0, 3, 0, 0, 0, 0, 2, 0, 0, 2, 0, 3, 1, 0, 0, 2, 1, 0],890.2108401545523,52069.51962576852,108936.75246953712,false
14,G2_TEC,G2_TEC,[31, 22, 82, 15, 26, 9, 95, 42, 77, 68, 47, 5, 93, 78, 86, 54, 85, 63, 18, 44, 20, 49, 36, 14, 74, 50, 53, 17, 21, 45, 71, 64, 3, 23, 30, 83, 24, 41, 60, 52, 65, 27, 32, 70, 39, 87, 48, 69, 99, 4, 46, 1, 13, 58, 97, 59, 28, 8, 73, 37, 35, 79, 11, 66, 76, 57, 40, 80, 96, 6, 16, 61, 33, 98, 90, 81, 12, 67, 10, 7, 56, 88, 51, 19, 91, 38, 75, 84, 43, 92, 29, 62, 0, 25, 34, 2, 89, 94, 55, 72]|[2, 1, 2, 1, 1, 2, 1, 1, 1, 1, 1, 0, 2, 2, 1, 2, 0, 0, 0, 2, 2, 1, 0, 2, 0, 2, 2, 1, 0, 1, 1, 1, 0, 0, 1, 0, 2, 1, 2, 2, 0, 0, 1, 1, 0, 2, 0, 2, 1, 0, 0, 2, 0, 0, 2, 0, 1, 1, 0, 0, 1, 1, 0, 2, 2, 0, 2, 2, 0, 1, 2, 1, 1, 0, 0, 1, 1, 1, 1, 0, 2, 1, 1, 1, 1, 0, 0, 0, 1, 0, 1, 1, 0, 1, 1, 2, 1, 1, 0, 1]|[0, 3, 0, 2, 4, 1, 4, 4, 2, 4, 3, 2, 1, 0, 2, 1, 1, 1, 2, 1, 1, 3, 0, 1, 0, 1, 1, 4, 1, 4, 3, 2, 2, 0, 4, 1, 1, 4, 0, 1, 2, 1, 4, 4, 1, 1, 0, 2, 3, 2, 2, 1, 2, 1, 1, 2, 4, 3, 0, 2, 3, 3, 1, 0, 1, 2, 0, 1, 2, 4, 1, 3, 4, 2, 2, 4, 3, 3, 3, 2, 1, 4, 3, 4, 3, 2, 2, 2, 4, 2, 3, 3, 2, 4, 1, 1, 4, 4, 2, 4]|[0, 2, 0, 1, 3, 0, 1, 3, 0, 0, 2, 0, 1, 0, 1, 0, 0, 0, 1, 0, 0, 2, 0, 0, 1, 0, 0, 3, 0, 1, 0, 2, 0, 0, 3, 0, 1, 3, 1, 0, 0, 0, 1, 3, 0, 0, 1, 0, 2, 0, 0, 0, 0, 0, 1, 0, 1, 0, 1, 1, 2, 2, 0, 0, 0, 0, 0, 0, 0, 2, 0, 0, 1, 0, 0, 2, 0, 0, 3, 0, 0, 1, 0, 3, 0, 0, 0, 0, 2, 0, 0, 0, 0, 3, 1, 0, 1, 2, 0, 2],912.4562679092079,51640.178474778455,110080.60506521536,false
14,G3_TWC,G3_TWC,[31, 22, 82, 15, 26, 9, 95, 42, 77, 12, 47, 5, 93, 78, 86, 54, 85, 63, 18, 44, 20, 35, 43, 97, 91, 76, 10, 30, 21, 45, 71, 64, 1, 23, 17, 83, 24, 14, 60, 36, 41, 57, 40, 88, 65, 56, 79, 94, 67, 68, 46, 75, 38, 58, 19, 32, 81, 6, 27, 62, 87, 90, 99, 59, 11, 16, 72, 73, 69, 39, 37, 84, 3, 92, 25, 55, 28, 29, 51, 7, 66, 61, 98, 48, 89, 8, 33, 96, 53, 80, 50, 4, 34, 2, 52, 13, 0, 70, 74, 49]|[1, 1, 0, 1, 1, 0, 1, 2, 2, 1, 2, 2, 2, 1, 1, 0, 0, 1, 0, 2, 2, 0, 1, 2, 0, 1, 2, 2, 0, 0, 1, 2, 1, 2, 1, 0, 2, 0, 1, 1, 0, 1, 1, 1, 0, 2, 1, 1, 0, 0, 0, 0, 1, 1, 2, 1, 2, 0, 0, 0, 2, 1, 0, 1, 2, 1, 2, 1, 1, 1, 1, 1, 1, 0, 1, 1, 0, 0, 0, 1, 2, 1, 2, 0, 1, 0, 2, 0, 0, 0, 0, 0, 2, 0, 1, 0, 0, 1, 2, 0]|[4, 3, 2, 2, 4, 1, 2, 2, 2, 4, 1, 1, 2, 4, 4, 1, 2, 4, 2, 1, 1, 1, 1, 2, 1, 2, 1, 1, 1, 1, 3, 2, 3, 0, 4, 0, 1, 1, 0, 3, 2, 2, 2, 0, 1, 1, 0, 4, 0, 1, 2, 2, 1, 4, 0, 3, 2, 1, 1, 2, 1, 3, 1, 1, 1, 3, 0, 4, 3, 1, 4, 1, 1, 0, 4, 4, 2, 1, 1, 1, 1, 3, 1, 1, 1, 1, 1, 1, 2, 1, 1, 2, 1, 2, 1, 2, 2, 4, 1, 1]|[0, 2, 1, 1, 3, 0, 1, 0, 0, 0, 0, 0, 1, 0, 1, 0, 0, 3, 1, 0, 0, 0, 3, 1, 0, 2, 0, 0, 0, 1, 0, 0, 0, 0, 3, 0, 1, 0, 0, 2, 1, 1, 1, 0, 0, 0, 0, 2, 1, 0, 0, 0, 1, 3, 0, 0, 1, 0, 0, 1, 0, 2, 0, 1, 0, 2, 1, 0, 0, 1, 1, 3, 1, 1, 3, 3, 1, 0, 0, 2, 0, 0, 0, 0, 1, 0, 0, 0, 1, 0, 0, 1, 0, 0, 1, 0, 0, 2, 0, 1],828.6150361188287,57498.909092636255,92558.71763620913,false
14,G1_CMAX,G1_CMAX,[31, 22, 82, 15, 26, 9, 95, 42, 77, 12, 47, 5, 93, 78, 86, 54, 6, 63, 18, 44, 20, 35, 43, 97, 91, 76, 10, 30, 21, 45, 71, 64, 1, 23, 17, 83, 24, 14, 60, 36, 85, 57, 40, 88, 65, 56, 79, 94, 67, 68, 46, 75, 38, 58, 19, 32, 81, 41, 62, 87, 28, 90, 99, 59, 11, 72, 16, 73, 70, 39, 37, 84, 3, 92, 25, 34, 29, 55, 51, 7, 98, 61, 66, 48, 89, 50, 4, 96, 53, 80, 8, 33, 27, 2, 52, 13, 0, 69, 74, 49]|[1, 1, 0, 1, 1, 0, 1, 2, 2, 1, 2, 2, 2, 1, 1, 0, 0, 1, 0, 2, 2, 0, 1, 2, 2, 1, 2, 2, 0, 0, 1, 1, 1, 2, 1, 0, 2, 0, 1, 1, 0, 1, 1, 1, 0, 2, 1, 1, 0, 0, 0, 0, 1, 1, 2, 1, 2, 0, 0, 2, 2, 1, 0, 1, 2, 2, 1, 1, 1, 1, 1, 1, 1, 0, 1, 2, 0, 2, 0, 1, 2, 1, 0, 0, 1, 0, 1, 2, 0, 0, 1, 2, 0, 0, 1, 0, 0, 1, 2, 0]|[0, 3, 2, 2, 4, 1, 2, 2, 2, 4, 1, 1, 2, 4, 4, 1, 2, 4, 2, 1, 1, 1, 1, 2, 1, 2, 1, 1, 1, 1, 3, 3, 3, 0, 4, 0, 1, 1, 0, 3, 2, 2, 2, 0, 1, 1, 0, 4, 0, 1, 2, 2, 1, 4, 0, 3, 2, 1, 2, 1, 1, 3, 1, 1, 1, 0, 3, 4, 3, 1, 4, 1, 1, 0, 4, 1, 1, 1, 1, 1, 1, 3, 1, 1, 1, 1, 4, 1, 2, 1, 3, 1, 2, 2, 1, 2, 2, 4, 1, 1]|[0, 2, 1, 1, 3, 0, 1, 0, 0, 0, 0, 0, 1, 0, 1, 0, 0, 3, 1, 0, 0, 0, 3, 1, 0, 2, 0, 0, 0, 1, 0, 0, 0, 0, 3, 0, 1, 0, 0, 2, 1, 1, 1, 0, 0, 0, 0, 2, 1, 0, 0, 0, 1, 3, 0, 0, 1, 0, 1, 0, 0, 2, 0, 1, 0, 1, 2, 0, 0, 1, 1, 3, 1, 1, 3, 0, 0, 0, 0, 2, 0, 0, 0, 0, 1, 0, 0, 0, 1, 0, 2, 0, 1, 0, 1, 0, 0, 2, 0, 1],740.1000024547002,57245.26292476342,97017.87740826326,false
14,G4_BALANCED,G4_BALANCED,[31, 11, 82, 15, 26, 9, 95, 42, 77, 68, 47, 5, 93, 78, 86, 54, 85, 63, 18, 44, 20, 49, 36, 14, 74, 50, 53, 17, 21, 45, 71, 64, 3, 23, 30, 83, 24, 41, 60, 52, 65, 27, 90, 70, 39, 87, 48, 69, 99, 4, 46, 1, 13, 58, 97, 59, 28, 8, 73, 37, 35, 79, 22, 66, 76, 32, 40, 80, 96, 6, 16, 61, 33, 7, 57, 34, 12, 67, 10, 98, 56, 88, 29, 19, 91, 38, 75, 92, 43, 84, 2, 72, 51, 25, 81, 55, 0, 94, 89, 62]|[2, 0, 2, 1, 1, 2, 1, 1, 1, 1, 1, 0, 2, 2, 1, 2, 0, 0, 0, 2, 2, 1, 0, 2, 0, 2, 2, 1, 0, 1, 1, 1, 0, 0, 1, 0, 2, 1, 2, 2, 0, 0, 1, 1, 0, 2, 0, 2, 1, 0, 0, 2, 0, 0, 2, 0, 1, 1, 0, 0, 2, 1, 0, 2, 2, 0, 2, 2, 0, 1, 2, 1, 1, 2, 0, 1, 1, 1, 1, 2, 2, 1, 1, 1, 1, 0, 0, 0, 1, 0, 2, 1, 1, 1, 1, 0, 0, 1, 1, 1]|[0, 1, 0, 2, 4, 1, 4, 4, 2, 4, 3, 2, 1, 0, 2, 1, 1, 1, 2, 1, 1, 3, 0, 1, 0, 1, 1, 4, 1, 4, 3, 2, 2, 0, 4, 1, 1, 4, 0, 1, 2, 1, 4, 4, 1, 1, 0, 2, 3, 1, 2, 1, 2, 1, 1, 2, 4, 3, 0, 2, 2, 3, 1, 0, 1, 2, 0, 1, 2, 4, 1, 3, 4, 1, 2, 4, 3, 3, 3, 1, 1, 4, 3, 4, 3, 2, 2, 2, 4, 2, 1, 4, 3, 4, 1, 2, 2, 4, 4, 3]|[0, 0, 0, 1, 3, 0, 1, 3, 0, 0, 2, 0, 1, 0, 1, 0, 0, 0, 1, 0, 0, 2, 0, 0, 1, 0, 0, 3, 0, 1, 0, 2, 0, 1, 3, 0, 1, 3, 1, 0, 0, 0, 1, 3, 0, 0, 1, 0, 2, 0, 0, 0, 0, 0, 1, 0, 1, 0, 1, 1, 0, 2, 0, 0, 0, 0, 0, 0, 0, 2, 0, 0, 1, 0, 0, 1, 0, 0, 3, 0, 0, 1, 0, 3, 0, 0, 0, 0, 2, 0, 0, 2, 0, 3, 1, 0, 0, 2, 1, 0],890.2108401545523,52069.51962576852,108936.75246953712,false
14,G2_TEC,G2_TEC,[31, 22, 82, 15, 26, 9, 95, 42, 77, 68, 47, 5, 93, 78, 86, 54, 85, 63, 18, 44, 20, 49, 36, 14, 74, 50, 53, 17, 21, 45, 71, 64, 3, 23, 30, 83, 24, 41, 60, 52, 65, 27, 32, 70, 39, 87, 48, 69, 99, 4, 46, 1, 13, 58, 97, 59, 28, 8, 73, 37, 35, 79, 11, 66, 76, 57, 40, 80, 96, 6, 16, 61, 33, 98, 90, 81, 12, 67, 10, 7, 56, 88, 51, 19, 91, 38, 75, 84, 43, 92, 29, 62, 0, 25, 34, 2, 89, 94, 55, 72]|[2, 1, 2, 1, 1, 2, 1, 1, 1, 1, 1, 0, 2, 2, 1, 2, 0, 0, 0, 2, 2, 1, 0, 2, 0, 2, 2, 1, 0, 1, 1, 1, 0, 0, 1, 0, 2, 1, 2, 2, 0, 0, 1, 1, 0, 2, 0, 2, 1, 0, 0, 2, 0, 0, 2, 0, 1, 1, 0, 0, 1, 1, 0, 2, 2, 0, 2, 2, 0, 1, 2, 1, 1, 0, 0, 1, 1, 1, 1, 0, 2, 1, 1, 1, 1, 0, 0, 0, 1, 0, 1, 1, 0, 1, 1, 2, 1, 1, 0, 1]|[0, 3, 0, 2, 4, 1, 4, 4, 2, 4, 3, 2, 1, 0, 2, 1, 1, 1, 2, 1, 1, 3, 0, 1, 0, 1, 1, 4, 1, 4, 3, 2, 2, 0, 4, 1, 1, 4, 0, 1, 2, 1, 4, 4, 1, 1, 0, 2, 3, 2, 2, 1, 2, 1, 1, 2, 4, 3, 0, 2, 3, 3, 1, 0, 1, 2, 0, 1, 2, 4, 1, 3, 4, 2, 2, 4, 3, 3, 3, 2, 1, 4, 3, 4, 3, 2, 2, 2, 4, 2, 3, 3, 2, 4, 1, 1, 4, 4, 2, 4]|[0, 2, 0, 1, 3, 0, 1, 3, 0, 0, 2, 0, 1, 0, 1, 0, 0, 0, 1, 0, 0, 2, 0, 0, 1, 0, 0, 3, 0, 1, 0, 2, 0, 0, 3, 0, 1, 3, 1, 0, 0, 0, 1, 3, 0, 0, 1, 0, 2, 0, 0, 0, 0, 0, 1, 0, 1, 0, 1, 1, 2, 2, 0, 0, 0, 0, 0, 0, 0, 2, 0, 0, 1, 0, 0, 2, 0, 0, 3, 0, 0, 1, 0, 3, 0, 0, 0, 0, 2, 0, 0, 0, 0, 3, 1, 0, 1, 2, 0, 2],912.4562679092079,51640.178474778455,110080.60506521536,false
14,G3_TWC,G3_TWC,[31, 22, 82, 15, 26, 9, 95, 42, 77, 12, 47, 5, 93, 78, 86, 54, 85, 63, 18, 44, 20, 35, 43, 97, 91, 76, 10, 30, 21, 45, 71, 64, 1, 23, 17, 83, 24, 14, 60, 36, 41, 57, 40, 88, 65, 56, 79, 94, 67, 68, 46, 75, 38, 58, 19, 32, 81, 6, 27, 62, 87, 90, 99, 59, 11, 16, 72, 73, 69, 39, 37, 84, 3, 92, 25, 55, 28, 29, 51, 7, 66, 61, 98, 48, 89, 8, 33, 96, 53, 80, 50, 4, 34, 2, 52, 13, 0, 70, 74, 49]|[1, 1, 0, 1, 1, 0, 1, 2, 2, 1, 2, 2, 2, 1, 1, 0, 0, 1, 0, 2, 2, 0, 1, 2, 0, 1, 2, 2, 0, 0, 1, 2, 1, 2, 1, 0, 2, 0, 1, 1, 0, 1, 1, 1, 0, 2, 1, 1, 0, 0, 0, 0, 1, 1, 2, 1, 2, 0, 0, 0, 2, 1, 0, 1, 2, 1, 2, 1, 1, 1, 1, 1, 1, 0, 1, 1, 0, 0, 0, 1, 2, 1, 2, 0, 1, 0, 2, 0, 0, 0, 0, 0, 2, 0, 1, 0, 0, 1, 2, 0]|[4, 3, 2, 2, 4, 1, 2, 2, 2, 4, 1, 1, 2, 4, 4, 1, 2, 4, 2, 1, 1, 1, 1, 2, 1, 2, 1, 1, 1, 1, 3, 2, 3, 0, 4, 0, 1, 1, 0, 3, 2, 2, 2, 0, 1, 1, 0, 4, 0, 1, 2, 2, 1, 4, 0, 3, 2, 1, 1, 2, 1, 3, 1, 1, 1, 3, 0, 4, 3, 1, 4, 1, 1, 0, 4, 4, 2, 1, 1, 1, 1, 3, 1, 1, 1, 1, 1, 1, 2, 1, 1, 2, 1, 2, 1, 2, 2, 4, 1, 1]|[0, 2, 1, 1, 3, 0, 1, 0, 0, 0, 0, 0, 1, 0, 1, 0, 0, 3, 1, 0, 0, 0, 3, 1, 0, 2, 0, 0, 0, 1, 0, 0, 0, 0, 3, 0, 1, 0, 0, 2, 1, 1, 1, 0, 0, 0, 0, 2, 1, 0, 0, 0, 1, 3, 0, 0, 1, 0, 0, 1, 0, 2, 0, 1, 0, 2, 1, 0, 0, 1, 1, 3, 1, 1, 3, 3, 1, 0, 0, 2, 0, 0, 0, 0, 1, 0, 0, 0, 1, 0, 0, 1, 0, 0, 1, 0, 0, 2, 0, 1],828.6150361188287,57498.909092636255,92558.71763620913,false
14,G1_CMAX,G1_CMAX,[31, 22, 82, 15, 26, 9, 95, 42, 77, 12, 47, 5, 93, 78, 86, 54, 6, 63, 18, 44, 20, 35, 43, 97, 91, 76, 10, 30, 21, 45, 71, 64, 1, 23, 17, 83, 24, 14, 60, 36, 85, 57, 40, 88, 65, 56, 79, 94, 67, 68, 46, 75, 38, 58, 19, 32, 81, 41, 62, 87, 28, 90, 99, 59, 11, 72, 16, 73, 70, 39, 37, 84, 3, 92, 25, 34, 29, 55, 51, 7, 98, 61, 66, 48, 89, 50, 4, 96, 53, 80, 8, 33, 27, 2, 52, 13, 0, 69, 74, 49]|[1, 1, 0, 1, 1, 0, 1, 2, 2, 1, 2, 2, 2, 1, 1, 0, 0, 1, 0, 2, 2, 0, 1, 2, 2, 1, 2, 2, 0, 0, 1, 1, 1, 2, 1, 0, 2, 0, 1, 1, 0, 1, 1, 1, 0, 2, 1, 1, 0, 0, 0, 0, 1, 1, 2, 1, 2, 0, 0, 2, 2, 1, 0, 1, 2, 2, 1, 1, 1, 1, 1, 1, 1, 0, 1, 2, 0, 2, 0, 1, 2, 1, 0, 0, 1, 0, 1, 2, 0, 0, 1, 2, 0, 0, 1, 0, 0, 1, 2, 0]|[0, 3, 2, 2, 4, 1, 2, 2, 2, 4, 1, 1, 2, 4, 4, 1, 2, 4, 2, 1, 1, 1, 1, 2, 1, 2, 1, 1, 1, 1, 3, 3, 3, 0, 4, 0, 1, 1, 0, 3, 2, 2, 2, 0, 1, 1, 0, 4, 0, 1, 2, 2, 1, 4, 0, 3, 2, 1, 2, 1, 1, 3, 1, 1, 1, 0, 3, 4, 3, 1, 4, 1, 1, 0, 4, 1, 1, 1, 1, 1, 1, 3, 1, 1, 1, 1, 4, 1, 2, 1, 3, 1, 2, 2, 1, 2, 2, 4, 1, 1]|[0, 2, 1, 1, 3, 0, 1, 0, 0, 0, 0, 0, 1, 0, 1, 0, 0, 3, 1, 0, 0, 0, 3, 1, 0, 2, 0, 0, 0, 1, 0, 0, 0, 0, 3, 0, 1, 0, 0, 2, 1, 1, 1, 0, 0, 0, 0, 2, 1, 0, 0, 0, 1, 3, 0, 0, 1, 0, 1, 0, 0, 2, 0, 1, 0, 1, 2, 0, 0, 1, 1, 3, 1, 1, 3, 0, 0, 0, 0, 2, 0, 0, 0, 0, 1, 0, 0, 0, 1, 0, 2, 0, 1, 0, 1, 0, 0, 2, 0, 1],740.1000024547002,57245.26292476342,97017.87740826326,false
14,G4_BALANCED,G4_BALANCED,[31, 11, 82, 15, 26, 9, 95, 42, 77, 68, 47, 5, 93, 78, 86, 54, 85, 63, 18, 44, 20, 49, 36, 14, 74, 50, 53, 17, 21, 45, 71, 64, 3, 23, 30, 83, 24, 41, 60, 52, 65, 27, 90, 70, 39, 87, 48, 69, 99, 4, 46, 1, 13, 58, 97, 59, 28, 8, 73, 37, 35, 79, 22, 66, 76, 32, 40, 80, 96, 6, 16, 61, 33, 7, 57, 34, 12, 67, 10, 98, 56, 88, 29, 19, 91, 38, 75, 92, 43, 84, 2, 72, 51, 25, 81, 55, 0, 94, 89, 62]|[2, 0, 2, 1, 1, 2, 1, 1, 1, 1, 1, 0, 2, 2, 1, 2, 0, 0, 0, 2, 2, 1, 0, 2, 0, 2, 2, 1, 0, 1, 1, 1, 0, 0, 1, 0, 2, 1, 2, 2, 0, 0, 1, 1, 0, 2, 0, 2, 1, 0, 0, 2, 0, 0, 2, 0, 1, 1, 0, 0, 2, 1, 0, 2, 2, 0, 2, 2, 0, 1, 2, 1, 1, 2, 0, 1, 1, 1, 1, 2, 2, 1, 1, 1, 1, 0, 0, 0, 1, 0, 2, 1, 1, 1, 1, 0, 0, 1, 1, 1]|[0, 1, 0, 2, 4, 1, 4, 4, 2, 4, 3, 2, 1, 0, 2, 1, 1, 1, 2, 1, 1, 3, 0, 1, 0, 1, 1, 4, 1, 4, 3, 2, 2, 0, 4, 1, 1, 4, 0, 1, 2, 1, 4, 4, 1, 1, 0, 2, 3, 1, 2, 1, 2, 1, 1, 2, 4, 3, 0, 2, 2, 3, 1, 0, 1, 2, 0, 1, 2, 4, 1, 3, 4, 1, 2, 4, 3, 3, 3, 1, 1, 4, 3, 4, 3, 2, 2, 2, 4, 2, 1, 4, 3, 4, 1, 2, 2, 4, 4, 3]|[0, 0, 0, 1, 3, 0, 1, 3, 0, 0, 2, 0, 1, 0, 1, 0, 0, 0, 1, 0, 0, 2, 0, 0, 1, 0, 0, 3, 0, 1, 0, 2, 0, 1, 3, 0, 1, 3, 1, 0, 0, 0, 1, 3, 0, 0, 1, 0, 2, 0, 0, 0, 0, 0, 1, 0, 1, 0, 1, 1, 0, 2, 0, 0, 0, 0, 0, 0, 0, 2, 0, 0, 1, 0, 0, 1, 0, 0, 3, 0, 0, 1, 0, 3, 0, 0, 0, 0, 2, 0, 0, 2, 0, 3, 1, 0, 0, 2, 1, 0],890.2108401545523,52069.51962576852,108936.75246953712,false
14,G2_TEC,G2_TEC,[31, 22, 82, 15, 26, 9, 95, 42, 77, 68, 47, 5, 93, 78, 86, 54, 85, 63, 18, 44, 20, 49, 36, 14, 74, 50, 53, 17, 21, 45, 71, 64, 3, 23, 30, 83, 24, 41, 60, 52, 65, 27, 32, 70, 39, 87, 48, 69, 99, 4, 46, 1, 13, 58, 97, 59, 28, 8, 73, 37, 35, 79, 11, 66, 76, 57, 40, 80, 96, 6, 16, 61, 33, 98, 90, 81, 12, 67, 10, 7, 56, 88, 51, 19, 91, 38, 75, 84, 43, 92, 29, 62, 0, 25, 34, 2, 89, 94, 55, 72]|[2, 1, 2, 1, 1, 2, 1, 1, 1, 1, 1, 0, 2, 2, 1, 2, 0, 0, 0, 2, 2, 1, 0, 2, 0, 2, 2, 1, 0, 1, 1, 1, 0, 0, 1, 0, 2, 1, 2, 2, 0, 0, 1, 1, 0, 2, 0, 2, 1, 0, 0, 2, 0, 0, 2, 0, 1, 1, 0, 0, 1, 1, 0, 2, 2, 0, 2, 2, 0, 1, 2, 1, 1, 0, 0, 1, 1, 1, 1, 0, 2, 1, 1, 1, 1, 0, 0, 0, 1, 0, 1, 1, 0, 1, 1, 2, 1, 1, 0, 1]|[0, 3, 0, 2, 4, 1, 4, 4, 2, 4, 3, 2, 1, 0, 2, 1, 1, 1, 2, 1, 1, 3, 0, 1, 0, 1, 1, 4, 1, 4, 3, 2, 2, 0, 4, 1, 1, 4, 0, 1, 2, 1, 4, 4, 1, 1, 0, 2, 3, 2, 2, 1, 2, 1, 1, 2, 4, 3, 0, 2, 3, 3, 1, 0, 1, 2, 0, 1, 2, 4, 1, 3, 4, 2, 2, 4, 3, 3, 3, 2, 1, 4, 3, 4, 3, 2, 2, 2, 4, 2, 3, 3, 2, 4, 1, 1, 4, 4, 2, 4]|[0, 2, 0, 1, 3, 0, 1, 3, 0, 0, 2, 0, 1, 0, 1, 0, 0, 0, 1, 0, 0, 2, 0, 0, 1, 0, 0, 3, 0, 1, 0, 2, 0, 0, 3, 0, 1, 3, 1, 0, 0, 0, 1, 3, 0, 0, 1, 0, 2, 0, 0, 0, 0, 0, 1, 0, 1, 0, 1, 1, 2, 2, 0, 0, 0, 0, 0, 0, 0, 2, 0, 0, 1, 0, 0, 2, 0, 0, 3, 0, 0, 1, 0, 3, 0, 0, 0, 0, 2, 0, 0, 0, 0, 3, 1, 0, 1, 2, 0, 2],912.4562679092079,51640.178474778455,110080.60506521536,false
14,G3_TWC,G3_TWC,[31, 22, 82, 15, 26, 9, 95, 42, 77, 12, 47, 5, 93, 78, 86, 54, 85, 63, 18, 44, 20, 35, 43, 97, 91, 76, 10, 30, 21, 45, 71, 64, 1, 23, 17, 83, 24, 14, 60, 36, 41, 57, 40, 88, 65, 56, 79, 94, 67, 68, 46, 75, 38, 58, 19, 32, 81, 6, 27, 62, 87, 90, 99, 59, 11, 16, 72, 73, 69, 39, 37, 84, 3, 92, 25, 55, 28, 29, 51, 7, 66, 61, 98, 48, 89, 8, 33, 96, 53, 80, 50, 4, 34, 2, 52, 13, 0, 70, 74, 49]|[1, 1, 0, 1, 1, 0, 1, 2, 2, 1, 2, 2, 2, 1, 1, 0, 0, 1, 0, 2, 2, 0, 1, 2, 0, 1, 2, 2, 0, 0, 1, 2, 1, 2, 1, 0, 2, 0, 1, 1, 0, 1, 1, 1, 0, 2, 1, 1, 0, 0, 0, 0, 1, 1, 2, 1, 2, 0, 0, 0, 2, 1, 0, 1, 2, 1, 2, 1, 1, 1, 1, 1, 1, 0, 1, 1, 0, 0, 0, 1, 2, 1, 2, 0, 1, 0, 2, 0, 0, 0, 0, 0, 2, 0, 1, 0, 0, 1, 2, 0]|[4, 3, 2, 2, 4, 1, 2, 2, 2, 4, 1, 1, 2, 4, 4, 1, 2, 4, 2, 1, 1, 1, 1, 2, 1, 2, 1, 1, 1, 1, 3, 2, 3, 0, 4, 0, 1, 1, 0, 3, 2, 2, 2, 0, 1, 1, 0, 4, 0, 1, 2, 2, 1, 4, 0, 3, 2, 1, 1, 2, 1, 3, 1, 1, 1, 3, 0, 4, 3, 1, 4, 1, 1, 0, 4, 4, 2, 1, 1, 1, 1, 3, 1, 1, 1, 1, 1, 1, 2, 1, 1, 2, 1, 2, 1, 2, 2, 4, 1, 1]|[0, 2, 1, 1, 3, 0, 1, 0, 0, 0, 0, 0, 1, 0, 1, 0, 0, 3, 1, 0, 0, 0, 3, 1, 0, 2, 0, 0, 0, 1, 0, 0, 0, 0, 3, 0, 1, 0, 0, 2, 1, 1, 1, 0, 0, 0, 0, 2, 1, 0, 0, 0, 1, 3, 0, 0, 1, 0, 0, 1, 0, 2, 0, 1, 0, 2, 1, 0, 0, 1, 1, 3, 1, 1, 3, 3, 1, 0, 0, 2, 0, 0, 0, 0, 1, 0, 0, 0, 1, 0, 0, 1, 0, 0, 1, 0, 0, 2, 0, 1],828.6150361188287,57498.909092636255,92558.71763620913,false
14,G1_CMAX,G1_CMAX,[31, 22, 82, 15, 26, 9, 95, 42, 77, 12, 47, 5, 93, 78, 86, 54, 6, 63, 18, 44, 20, 35, 43, 97, 91, 76, 10, 30, 21, 45, 71, 64, 1, 23, 17, 83, 24, 14, 60, 36, 85, 57, 40, 88, 65, 56, 79, 94, 67, 68, 46, 75, 38, 58, 19, 32, 81, 41, 62, 87, 28, 90, 99, 59, 11, 72, 16, 73, 70, 39, 37, 84, 3, 92, 25, 34, 29, 55, 51, 7, 98, 61, 66, 48, 89, 50, 4, 96, 53, 80, 8, 33, 27, 2, 52, 13, 0, 69, 74, 49]|[1, 1, 0, 1, 1, 0, 1, 2, 2, 1, 2, 2, 2, 1, 1, 0, 0, 1, 0, 2, 2, 0, 1, 2, 2, 1, 2, 2, 0, 0, 1, 1, 1, 2, 1, 0, 2, 0, 1, 1, 0, 1, 1, 1, 0, 2, 1, 1, 0, 0, 0, 0, 1, 1, 2, 1, 2, 0, 0, 2, 2, 1, 0, 1, 2, 2, 1, 1, 1, 1, 1, 1, 1, 0, 1, 2, 0, 2, 0, 1, 2, 1, 0, 0, 1, 0, 1, 2, 0, 0, 1, 2, 0, 0, 1, 0, 0, 1, 2, 0]|[0, 3, 2, 2, 4, 1, 2, 2, 2, 4, 1, 1, 2, 4, 4, 1, 2, 4, 2, 1, 1, 1, 1, 2, 1, 2, 1, 1, 1, 1, 3, 3, 3, 0, 4, 0, 1, 1, 0, 3, 2, 2, 2, 0, 1, 1, 0, 4, 0, 1, 2, 2, 1, 4, 0, 3, 2, 1, 2, 1, 1, 3, 1, 1, 1, 0, 3, 4, 3, 1, 4, 1, 1, 0, 4, 1, 1, 1, 1, 1, 1, 3, 1, 1, 1, 1, 4, 1, 2, 1, 3, 1, 2, 2, 1, 2, 2, 4, 1, 1]|[0, 2, 1, 1, 3, 0, 1, 0, 0, 0, 0, 0, 1, 0, 1, 0, 0, 3, 1, 0, 0, 0, 3, 1, 0, 2, 0, 0, 0, 1, 0, 0, 0, 0, 3, 0, 1, 0, 0, 2, 1, 1, 1, 0, 0, 0, 0, 2, 1, 0, 0, 0, 1, 3, 0, 0, 1, 0, 1, 0, 0, 2, 0, 1, 0, 1, 2, 0, 0, 1, 1, 3, 1, 1, 3, 0, 0, 0, 0, 2, 0, 0, 0, 0, 1, 0, 0, 0, 1, 0, 2, 0, 1, 0, 1, 0, 0, 2, 0, 1],740.1000024547002,57245.26292476342,97017.87740826326,false
14,G4_BALANCED,G4_BALANCED,[31, 11, 82, 15, 26, 9, 95, 42, 77, 68, 47, 5, 93, 78, 86, 54, 85, 63, 18, 44, 20, 49, 36, 14, 74, 50, 53, 17, 21, 45, 71, 64, 3, 23, 30, 83, 24, 41, 60, 52, 65, 27, 90, 70, 39, 87, 48, 69, 99, 4, 46, 1, 13, 58, 97, 59, 28, 8, 73, 37, 35, 79, 22, 66, 76, 32, 40, 80, 96, 6, 16, 61, 33, 7, 57, 34, 12, 67, 10, 98, 56, 88, 29, 19, 91, 38, 75, 92, 43, 84, 2, 72, 51, 25, 81, 55, 0, 94, 89, 62]|[2, 0, 2, 1, 1, 2, 1, 1, 1, 1, 1, 0, 2, 2, 1, 2, 0, 0, 0, 2, 2, 1, 0, 2, 0, 2, 2, 1, 0, 1, 1, 1, 0, 0, 1, 0, 2, 1, 2, 2, 0, 0, 1, 1, 0, 2, 0, 2, 1, 0, 0, 2, 0, 0, 2, 0, 1, 1, 0, 0, 2, 1, 0, 2, 2, 0, 2, 2, 0, 1, 2, 1, 1, 2, 0, 1, 1, 1, 1, 2, 2, 1, 1, 1, 1, 0, 0, 0, 1, 0, 2, 1, 1, 1, 1, 0, 0, 1, 1, 1]|[0, 1, 0, 2, 4, 1, 4, 4, 2, 4, 3, 2, 1, 0, 2, 1, 1, 1, 2, 1, 1, 3, 0, 1, 0, 1, 1, 4, 1, 4, 3, 2, 2, 0, 4, 1, 1, 4, 0, 1, 2, 1, 4, 4, 1, 1, 0, 2, 3, 1, 2, 1, 2, 1, 1, 2, 4, 3, 0, 2, 2, 3, 1, 0, 1, 2, 0, 1, 2, 4, 1, 3, 4, 1, 2, 4, 3, 3, 3, 1, 1, 4, 3, 4, 3, 2, 2, 2, 4, 2, 1, 4, 3, 4, 1, 2, 2, 4, 4, 3]|[0, 0, 0, 1, 3, 0, 1, 3, 0, 0, 2, 0, 1, 0, 1, 0, 0, 0, 1, 0, 0, 2, 0, 0, 1, 0, 0, 3, 0, 1, 0, 2, 0, 1, 3, 0, 1, 3, 1, 0, 0, 0, 1, 3, 0, 0, 1, 0, 2, 0, 0, 0, 0, 0, 1, 0, 1, 0, 1, 1, 0, 2, 0, 0, 0, 0, 0, 0, 0, 2, 0, 0, 1, 0, 0, 1, 0, 0, 3, 0, 0, 1, 0, 3, 0, 0, 0, 0, 2, 0, 0, 2, 0, 3, 1, 0, 0, 2, 1, 0],890.2108401545523,52069.51962576852,108936.75246953712,false
14,G2_TEC,G2_TEC,[31, 22, 82, 15, 26, 9, 95, 42, 77, 68, 47, 5, 93, 78, 86, 54, 85, 63, 18, 44, 20, 49, 36, 14, 74, 50, 53, 17, 21, 45, 71, 64, 3, 23, 30, 83, 24, 41, 60, 52, 65, 27, 32, 70, 39, 87, 48, 69, 99, 4, 46, 1, 13, 58, 97, 59, 28, 8, 73, 37, 35, 79, 11, 66, 76, 57, 40, 80, 96, 6, 16, 61, 33, 98, 90, 81, 12, 67, 10, 7, 56, 88, 51, 19, 91, 38, 75, 84, 43, 92, 29, 62, 0, 25, 34, 2, 89, 94, 55, 72]|[2, 1, 2, 1, 1, 2, 1, 1, 1, 1, 1, 0, 2, 2, 1, 2, 0, 0, 0, 2, 2, 1, 0, 2, 0, 2, 2, 1, 0, 1, 1, 1, 0, 0, 1, 0, 2, 1, 2, 2, 0, 0, 1, 1, 0, 2, 0, 2, 1, 0, 0, 2, 0, 0, 2, 0, 1, 1, 0, 0, 1, 1, 0, 2, 2, 0, 2, 2, 0, 1, 2, 1, 1, 0, 0, 1, 1, 1, 1, 0, 2, 1, 1, 1, 1, 0, 0, 0, 1, 0, 1, 1, 0, 1, 1, 2, 1, 1, 0, 1]|[0, 3, 0, 2, 4, 1, 4, 4, 2, 4, 3, 2, 1, 0, 2, 1, 1, 1, 2, 1, 1, 3, 0, 1, 0, 1, 1, 4, 1, 4, 3, 2, 2, 0, 4, 1, 1, 4, 0, 1, 2, 1, 4, 4, 1, 1, 0, 2, 3, 2, 2, 1, 2, 1, 1, 2, 4, 3, 0, 2, 3, 3, 1, 0, 1, 2, 0, 1, 2, 4, 1, 3, 4, 2, 2, 4, 3, 3, 3, 2, 1, 4, 3, 4, 3, 2, 2, 2, 4, 2, 3, 3, 2, 4, 1, 1, 4, 4, 2, 4]|[0, 2, 0, 1, 3, 0, 1, 3, 0, 0, 2, 0, 1, 0, 1, 0, 0, 0, 1, 0, 0, 2, 0, 0, 1, 0, 0, 3, 0, 1, 0, 2, 0, 0, 3, 0, 1, 3, 1, 0, 0, 0, 1, 3, 0, 0, 1, 0, 2, 0, 0, 0, 0, 0, 1, 0, 1, 0, 1, 1, 2, 2, 0, 0, 0, 0, 0, 0, 0, 2, 0, 0, 1, 0, 0, 2, 0, 0, 3, 0, 0, 1, 0, 3, 0, 0, 0, 0, 2, 0, 0, 0, 0, 3, 1, 0, 1, 2, 0, 2],912.4562679092079,51640.178474778455,110080.60506521536,false
14,G3_TWC,G3_TWC,[31, 22, 82, 15, 26, 9, 95, 42, 77, 12, 47, 5, 93, 78, 86, 54, 85, 63, 18, 44, 20, 35, 43, 97, 91, 76, 10, 30, 21, 45, 71, 64, 1, 23, 17, 83, 24, 14, 60, 36, 41, 57, 40, 88, 65, 56, 79, 94, 67, 68, 46, 75, 38, 58, 19, 32, 81, 6, 27, 62, 87, 90, 99, 59, 11, 16, 72, 73, 69, 39, 37, 84, 3, 92, 25, 55, 28, 29, 51, 7, 66, 61, 98, 48, 89, 8, 33, 96, 53, 80, 50, 4, 34, 2, 52, 13, 0, 70, 74, 49]|[1, 1, 0, 1, 1, 0, 1, 2, 2, 1, 2, 2, 2, 1, 1, 0, 0, 1, 0, 2, 2, 0, 1, 2, 0, 1, 2, 2, 0, 0, 1, 2, 1, 2, 1, 0, 2, 0, 1, 1, 0, 1, 1, 1, 0, 2, 1, 1, 0, 0, 0, 0, 1, 1, 2, 1, 2, 0, 0, 0, 2, 1, 0, 1, 2, 1, 2, 1, 1, 1, 1, 1, 1, 0, 1, 1, 0, 0, 0, 1, 2, 1, 2, 0, 1, 0, 2, 0, 0, 0, 0, 0, 2, 0, 1, 0, 0, 1, 2, 0]|[4, 3, 2, 2, 4, 1, 2, 2, 2, 4, 1, 1, 2, 4, 4, 1, 2, 4, 2, 1, 1, 1, 1, 2, 1, 2, 1, 1, 1, 1, 3, 2, 3, 0, 4, 0, 1, 1, 0, 3, 2, 2, 2, 0, 1, 1, 0, 4, 0, 1, 2, 2, 1, 4, 0, 3, 2, 1, 1, 2, 1, 3, 1, 1, 1, 3, 0, 4, 3, 1, 4, 1, 1, 0, 4, 4, 2, 1, 1, 1, 1, 3, 1, 1, 1, 1, 1, 1, 2, 1, 1, 2, 1, 2, 1, 2, 2, 4, 1, 1]|[0, 2, 1, 1, 3, 0, 1, 0, 0, 0, 0, 0, 1, 0, 1, 0, 0, 3, 1, 0, 0, 0, 3, 1, 0, 2, 0, 0, 0, 1, 0, 0, 0, 0, 3, 0, 1, 0, 0, 2, 1, 1, 1, 0, 0, 0, 0, 2, 1, 0, 0, 0, 1, 3, 0, 0, 1, 0, 0, 1, 0, 2, 0, 1, 0, 2, 1, 0, 0, 1, 1, 3, 1, 1, 3, 3, 1, 0, 0, 2, 0, 0, 0, 0, 1, 0, 0, 0, 1, 0, 0, 1, 0, 0, 1, 0, 0, 2, 0, 1],828.6150361188287,57498.909092636255,92558.71763620913,false
14,G1_CMAX,G1_CMAX,[31, 22, 82, 15, 26, 9, 95, 42, 77, 12, 47, 5, 93, 78, 86, 54, 6, 63, 18, 44, 20, 35, 43, 97, 91, 76, 10, 30, 21, 45, 71, 64, 1, 23, 17, 83, 24, 14, 60, 36, 85, 57, 40, 88, 65, 56, 79, 94, 67, 68, 46, 75, 38, 58, 19, 32, 81, 41, 62, 87, 28, 90, 99, 59, 11, 72, 16, 73, 70, 39, 37, 84, 3, 92, 25, 34, 29, 55, 51, 7, 98, 61, 66, 48, 89, 50, 4, 96, 53, 80, 8, 33, 27, 2, 52, 13, 0, 69, 74, 49]|[1, 1, 0, 1, 1, 0, 1, 2, 2, 1, 2, 2, 2, 1, 1, 0, 0, 1, 0, 2, 2, 0, 1, 2, 2, 1, 2, 2, 0, 0, 1, 1, 1, 2, 1, 0, 2, 0, 1, 1, 0, 1, 1, 1, 0, 2, 1, 1, 0, 0, 0, 0, 1, 1, 2, 1, 2, 0, 0, 2, 2, 1, 0, 1, 2, 2, 1, 1, 1, 1, 1, 1, 1, 0, 1, 2, 0, 2, 0, 1, 2, 1, 0, 0, 1, 0, 1, 2, 0, 0, 1, 2, 0, 0, 1, 0, 0, 1, 2, 0]|[0, 3, 2, 2, 4, 1, 2, 2, 2, 4, 1, 1, 2, 4, 4, 1, 2, 4, 2, 1, 1, 1, 1, 2, 1, 2, 1, 1, 1, 1, 3, 3, 3, 0, 4, 0, 1, 1, 0, 3, 2, 2, 2, 0, 1, 1, 0, 4, 0, 1, 2, 2, 1, 4, 0, 3, 2, 1, 2, 1, 1, 3, 1, 1, 1, 0, 3, 4, 3, 1, 4, 1, 1, 0, 4, 1, 1, 1, 1, 1, 1, 3, 1, 1, 1, 1, 4, 1, 2, 1, 3, 1, 2, 2, 1, 2, 2, 4, 1, 1]|[0, 2, 1, 1, 3, 0, 1, 0, 0, 0, 0, 0, 1, 0, 1, 0, 0, 3, 1, 0, 0, 0, 3, 1, 0, 2, 0, 0, 0, 1, 0, 0, 0, 0, 3, 0, 1, 0, 0, 2, 1, 1, 1, 0, 0, 0, 0, 2, 1, 0, 0, 0, 1, 3, 0, 0, 1, 0, 1, 0, 0, 2, 0, 1, 0, 1, 2, 0, 0, 1, 1, 3, 1, 1, 3, 0, 0, 0, 0, 2, 0, 0, 0, 0, 1, 0, 0, 0, 1, 0, 2, 0, 1, 0, 1, 0, 0, 2, 0, 1],740.1000024547002,57245.26292476342,97017.87740826326,false
14,G4_BALANCED,G4_BALANCED,[31, 11, 82, 15, 26, 9, 95, 42, 77, 68, 47, 5, 93, 78, 86, 54, 85, 63, 18, 44, 20, 49, 36, 14, 74, 50, 53, 17, 21, 45, 71, 64, 3, 23, 30, 83, 24, 41, 60, 52, 65, 27, 90, 70, 39, 87, 48, 69, 99, 4, 46, 1, 13, 58, 97, 59, 28, 8, 73, 37, 35, 79, 22, 66, 76, 32, 40, 80, 96, 6, 16, 61, 33, 7, 57, 34, 12, 67, 10, 98, 56, 88, 29, 19, 91, 38, 75, 92, 43, 84, 2, 72, 51, 25, 81, 55, 0, 94, 89, 62]|[2, 0, 2, 1, 1, 2, 1, 1, 1, 1, 1, 0, 2, 2, 1, 2, 0, 0, 0, 2, 2, 1, 0, 2, 0, 2, 2, 1, 0, 1, 1, 1, 0, 0, 1, 0, 2, 1, 2, 2, 0, 0, 1, 1, 0, 2, 0, 2, 1, 0, 0, 2, 0, 0, 2, 0, 1, 1, 0, 0, 2, 1, 0, 2, 2, 0, 2, 2, 0, 1, 2, 1, 1, 2, 0, 1, 1, 1, 1, 2, 2, 1, 1, 1, 1, 0, 0, 0, 1, 0, 2, 1, 1, 1, 1, 0, 0, 1, 1, 1]|[0, 1, 0, 2, 4, 1, 4, 4, 2, 4, 3, 2, 1, 0, 2, 1, 1, 1, 2, 1, 1, 3, 0, 1, 0, 1, 1, 4, 1, 4, 3, 2, 2, 0, 4, 1, 1, 4, 0, 1, 2, 1, 4, 4, 1, 1, 0, 2, 3, 1, 2, 1, 2, 1, 1, 2, 4, 3, 0, 2, 2, 3, 1, 0, 1, 2, 0, 1, 2, 4, 1, 3, 4, 1, 2, 4, 3, 3, 3, 1, 1, 4, 3, 4, 3, 2, 2, 2, 4, 2, 1, 4, 3, 4, 1, 2, 2, 4, 4, 3]|[0, 0, 0, 1, 3, 0, 1, 3, 0, 0, 2, 0, 1, 0, 1, 0, 0, 0, 1, 0, 0, 2, 0, 0, 1, 0, 0, 3, 0, 1, 0, 2, 0, 1, 3, 0, 1, 3, 1, 0, 0, 0, 1, 3, 0, 0, 1, 0, 2, 0, 0, 0, 0, 0, 1, 0, 1, 0, 1, 1, 0, 2, 0, 0, 0, 0, 0, 0, 0, 2, 0, 0, 1, 0, 0, 1, 0, 0, 3, 0, 0, 1, 0, 3, 0, 0, 0, 0, 2, 0, 0, 2, 0, 3, 1, 0, 0, 2, 1, 0],890.2108401545523,52069.51962576852,108936.75246953712,false
14,G2_TEC,G2_TEC,[31, 22, 82, 15, 26, 9, 95, 42, 77, 68, 47, 5, 93, 78, 86, 54, 85, 63, 18, 44, 20, 49, 36, 14, 74, 50, 53, 17, 21, 45, 71, 64, 3, 23, 30, 83, 24, 41, 60, 52, 65, 27, 32, 70, 39, 87, 48, 69, 99, 4, 46, 1, 13, 58, 97, 59, 28, 8, 73, 37, 35, 79, 11, 66, 76, 57, 40, 80, 96, 6, 16, 61, 33, 98, 90, 81, 12, 67, 10, 7, 56, 88, 51, 19, 91, 38, 75, 84, 43, 92, 29, 62, 0, 25, 34, 2, 89, 94, 55, 72]|[2, 1, 2, 1, 1, 2, 1, 1, 1, 1, 1, 0, 2, 2, 1, 2, 0, 0, 0, 2, 2, 1, 0, 2, 0, 2, 2, 1, 0, 1, 1, 1, 0, 0, 1, 0, 2, 1, 2, 2, 0, 0, 1, 1, 0, 2, 0, 2, 1, 0, 0, 2, 0, 0, 2, 0, 1, 1, 0, 0, 1, 1, 0, 2, 2, 0, 2, 2, 0, 1, 2, 1, 1, 0, 0, 1, 1, 1, 1, 0, 2, 1, 1, 1, 1, 0, 0, 0, 1, 0, 1, 1, 0, 1, 1, 2, 1, 1, 0, 1]|[0, 3, 0, 2, 4, 1, 4, 4, 2, 4, 3, 2, 1, 0, 2, 1, 1, 1, 2, 1, 1, 3, 0, 1, 0, 1, 1, 4, 1, 4, 3, 2, 2, 0, 4, 1, 1, 4, 0, 1, 2, 1, 4, 4, 1, 1, 0, 2, 3, 2, 2, 1, 2, 1, 1, 2, 4, 3, 0, 2, 3, 3, 1, 0, 1, 2, 0, 1, 2, 4, 1, 3, 4, 2, 2, 4, 3, 3, 3, 2, 1, 4, 3, 4, 3, 2, 2, 2, 4, 2, 3, 3, 2, 4, 1, 1, 4, 4, 2, 4]|[0, 2, 0, 1, 3, 0, 1, 3, 0, 0, 2, 0, 1, 0, 1, 0, 0, 0, 1, 0, 0, 2, 0, 0, 1, 0, 0, 3, 0, 1, 0, 2, 0, 0, 3, 0, 1, 3, 1, 0, 0, 0, 1, 3, 0, 0, 1, 0, 2, 0, 0, 0, 0, 0, 1, 0, 1, 0, 1, 1, 2, 2, 0, 0, 0, 0, 0, 0, 0, 2, 0, 0, 1, 0, 0, 2, 0, 0, 3, 0, 0, 1, 0, 3, 0, 0, 0, 0, 2, 0, 0, 0, 0, 3, 1, 0, 1, 2, 0, 2],912.4562679092079,51640.178474778455,110080.60506521536,false
14,G3_TWC,G3_TWC,[31, 22, 82, 15, 26, 9, 95, 42, 77, 12, 47, 5, 93, 78, 86, 54, 85, 63, 18, 44, 20, 35, 43, 97, 91, 76, 10, 30, 21, 45, 71, 64, 1, 23, 17, 83, 24, 14, 60, 36, 41, 57, 40, 88, 65, 56, 79, 94, 67, 68, 46, 75, 38, 58, 19, 32, 81, 6, 27, 62, 87, 90, 99, 59, 11, 16, 72, 73, 69, 39, 37, 84, 3, 92, 25, 55, 28, 29, 51, 7, 66, 61, 98, 48, 89, 8, 33, 96, 53, 80, 50, 4, 34, 2, 52, 13, 0, 70, 74, 49]|[1, 1, 0, 1, 1, 0, 1, 2, 2, 1, 2, 2, 2, 1, 1, 0, 0, 1, 0, 2, 2, 0, 1, 2, 0, 1, 2, 2, 0, 0, 1, 2, 1, 2, 1, 0, 2, 0, 1, 1, 0, 1, 1, 1, 0, 2, 1, 1, 0, 0, 0, 0, 1, 1, 2, 1, 2, 0, 0, 0, 2, 1, 0, 1, 2, 1, 2, 1, 1, 1, 1, 1, 1, 0, 1, 1, 0, 0, 0, 1, 2, 1, 2, 0, 1, 0, 2, 0, 0, 0, 0, 0, 2, 0, 1, 0, 0, 1, 2, 0]|[4, 3, 2, 2, 4, 1, 2, 2, 2, 4, 1, 1, 2, 4, 4, 1, 2, 4, 2, 1, 1, 1, 1, 2, 1, 2, 1, 1, 1, 1, 3, 2, 3, 0, 4, 0, 1, 1, 0, 3, 2, 2, 2, 0, 1, 1, 0, 4, 0, 1, 2, 2, 1, 4, 0, 3, 2, 1, 1, 2, 1, 3, 1, 1, 1, 3, 0, 4, 3, 1, 4, 1, 1, 0, 4, 4, 2, 1, 1, 1, 1, 3, 1, 1, 1, 1, 1, 1, 2, 1, 1, 2, 1, 2, 1, 2, 2, 4, 1, 1]|[0, 2, 1, 1, 3, 0, 1, 0, 0, 0, 0, 0, 1, 0, 1, 0, 0, 3, 1, 0, 0, 0, 3, 1, 0, 2, 0, 0, 0, 1, 0, 0, 0, 0, 3, 0, 1, 0, 0, 2, 1, 1, 1, 0, 0, 0, 0, 2, 1, 0, 0, 0, 1, 3, 0, 0, 1, 0, 0, 1, 0, 2, 0, 1, 0, 2, 1, 0, 0, 1, 1, 3, 1, 1, 3, 3, 1, 0, 0, 2, 0, 0, 0, 0, 1, 0, 0, 0, 1, 0, 0, 1, 0, 0, 1, 0, 0, 2, 0, 1],828.6150361188287,57498.909092636255,92558.71763620913,false
14,G1_CMAX,G1_CMAX,[31, 22, 82, 15, 26, 9, 95, 42, 77, 12, 47, 5, 93, 78, 86, 54, 6, 63, 18, 44, 20, 35, 43, 97, 91, 76, 10, 30, 21, 45, 71, 64, 1, 23, 17, 83, 24, 14, 60, 36, 85, 57, 40, 88, 65, 56, 79, 94, 67, 68, 46, 75, 38, 58, 19, 32, 81, 41, 62, 87, 28, 90, 99, 59, 11, 72, 16, 73, 70, 39, 37, 84, 3, 92, 25, 34, 29, 55, 51, 7, 98, 61, 66, 48, 89, 50, 4, 96, 53, 80, 8, 33, 27, 2, 52, 13, 0, 69, 74, 49]|[1, 1, 0, 1, 1, 0, 1, 2, 2, 1, 2, 2, 2, 1, 1, 0, 0, 1, 0, 2, 2, 0, 1, 2, 2, 1, 2, 2, 0, 0, 1, 1, 1, 2, 1, 0, 2, 0, 1, 1, 0, 1, 1, 1, 0, 2, 1, 1, 0, 0, 0, 0, 1, 1, 2, 1, 2, 0, 0, 2, 2, 1, 0, 1, 2, 2, 1, 1, 1, 1, 1, 1, 1, 0, 1, 2, 0, 2, 0, 1, 2, 1, 0, 0, 1, 0, 1, 2, 0, 0, 1, 2, 0, 0, 1, 0, 0, 1, 2, 0]|[0, 3, 2, 2, 4, 1, 2, 2, 2, 4, 1, 1, 2, 4, 4, 1, 2, 4, 2, 1, 1, 1, 1, 2, 1, 2, 1, 1, 1, 1, 3, 3, 3, 0, 4, 0, 1, 1, 0, 3, 2, 2, 2, 0, 1, 1, 0, 4, 0, 1, 2, 2, 1, 4, 0, 3, 2, 1, 2, 1, 1, 3, 1, 1, 1, 0, 3, 4, 3, 1, 4, 1, 1, 0, 4, 1, 1, 1, 1, 1, 1, 3, 1, 1, 1, 1, 4, 1, 2, 1, 3, 1, 2, 2, 1, 2, 2, 4, 1, 1]|[0, 2, 1, 1, 3, 0, 1, 0, 0, 0, 0, 0, 1, 0, 1, 0, 0, 3, 1, 0, 0, 0, 3, 1, 0, 2, 0, 0, 0, 1, 0, 0, 0, 0, 3, 0, 1, 0, 0, 2, 1, 1, 1, 0, 0, 0, 0, 2, 1, 0, 0, 0, 1, 3, 0, 0, 1, 0, 1, 0, 0, 2, 0, 1, 0, 1, 2, 0, 0, 1, 1, 3, 1, 1, 3, 0, 0, 0, 0, 2, 0, 0, 0, 0, 1, 0, 0, 0, 1, 0, 2, 0, 1, 0, 1, 0, 0, 2, 0, 1],740.1000024547002,57245.26292476342,97017.87740826326,false
14,G4_BALANCED,G4_BALANCED,[31, 11, 82, 15, 26, 9, 95, 42, 77, 68, 47, 5, 93, 78, 86, 54, 85, 63, 18, 44, 20, 49, 36, 14, 74, 50, 53, 17, 21, 45, 71, 64, 3, 23, 30, 83, 24, 41, 60, 52, 65, 27, 90, 70, 39, 87, 48, 69, 99, 4, 46, 1, 13, 58, 97, 59, 28, 8, 73, 37, 35, 79, 22, 66, 76, 32, 40, 80, 96, 6, 16, 61, 33, 7, 57, 34, 12, 67, 10, 98, 56, 88, 29, 19, 91, 38, 75, 92, 43, 84, 2, 72, 51, 25, 81, 55, 0, 94, 89, 62]|[2, 0, 2, 1, 1, 2, 1, 1, 1, 1, 1, 0, 2, 2, 1, 2, 0, 0, 0, 2, 2, 1, 0, 2, 0, 2, 2, 1, 0, 1, 1, 1, 0, 0, 1, 0, 2, 1, 2, 2, 0, 0, 1, 1, 0, 2, 0, 2, 1, 0, 0, 2, 0, 0, 2, 0, 1, 1, 0, 0, 2, 1, 0, 2, 2, 0, 2, 2, 0, 1, 2, 1, 1, 2, 0, 1, 1, 1, 1, 2, 2, 1, 1, 1, 1, 0, 0, 0, 1, 0, 2, 1, 1, 1, 1, 0, 0, 1, 1, 1]|[0, 1, 0, 2, 4, 1, 4, 4, 2, 4, 3, 2, 1, 0, 2, 1, 1, 1, 2, 1, 1, 3, 0, 1, 0, 1, 1, 4, 1, 4, 3, 2, 2, 0, 4, 1, 1, 4, 0, 1, 2, 1, 4, 4, 1, 1, 0, 2, 3, 1, 2, 1, 2, 1, 1, 2, 4, 3, 0, 2, 2, 3, 1, 0, 1, 2, 0, 1, 2, 4, 1, 3, 4, 1, 2, 4, 3, 3, 3, 1, 1, 4, 3, 4, 3, 2, 2, 2, 4, 2, 1, 4, 3, 4, 1, 2, 2, 4, 4, 3]|[0, 0, 0, 1, 3, 0, 1, 3, 0, 0, 2, 0, 1, 0, 1, 0, 0, 0, 1, 0, 0, 2, 0, 0, 1, 0, 0, 3, 0, 1, 0, 2, 0, 1, 3, 0, 1, 3, 1, 0, 0, 0, 1, 3, 0, 0, 1, 0, 2, 0, 0, 0, 0, 0, 1, 0, 1, 0, 1, 1, 0, 2, 0, 0, 0, 0, 0, 0, 0, 2, 0, 0, 1, 0, 0, 1, 0, 0, 3, 0, 0, 1, 0, 3, 0, 0, 0, 0, 2, 0, 0, 2, 0, 3, 1, 0, 0, 2, 1, 0],890.2108401545523,52069.51962576852,108936.75246953712,false
14,G2_TEC,G2_TEC,[31, 22, 82, 15, 26, 9, 95, 42, 77, 68, 47, 5, 93, 78, 86, 54, 85, 63, 18, 44, 20, 49, 36, 14, 74, 50, 53, 17, 21, 45, 71, 64, 3, 23, 30, 83, 24, 41, 60, 52, 65, 27, 32, 70, 39, 87, 48, 69, 99, 4, 46, 1, 13, 58, 97, 59, 28, 8, 73, 37, 35, 79, 11, 66, 76, 57, 40, 80, 96, 6, 16, 61, 33, 98, 90, 81, 12, 67, 10, 7, 56, 88, 51, 19, 91, 38, 75, 84, 43, 92, 29, 62, 0, 25, 34, 2, 89, 94, 55, 72]|[2, 1, 2, 1, 1, 2, 1, 1, 1, 1, 1, 0, 2, 2, 1, 2, 0, 0, 0, 2, 2, 1, 0, 2, 0, 2, 2, 1, 0, 1, 1, 1, 0, 0, 1, 0, 2, 1, 2, 2, 0, 0, 1, 1, 0, 2, 0, 2, 1, 0, 0, 2, 0, 0, 2, 0, 1, 1, 0, 0, 1, 1, 0, 2, 2, 0, 2, 2, 0, 1, 2, 1, 1, 0, 0, 1, 1, 1, 1, 0, 2, 1, 1, 1, 1, 0, 0, 0, 1, 0, 1, 1, 0, 1, 1, 2, 1, 1, 0, 1]|[0, 3, 0, 2, 4, 1, 4, 4, 2, 4, 3, 2, 1, 0, 2, 1, 1, 1, 2, 1, 1, 3, 0, 1, 0, 1, 1, 4, 1, 4, 3, 2, 2, 0, 4, 1, 1, 4, 0, 1, 2, 1, 4, 4, 1, 1, 0, 2, 3, 2, 2, 1, 2, 1, 1, 2, 4, 3, 0, 2, 3, 3, 1, 0, 1, 2, 0, 1, 2, 4, 1, 3, 4, 2, 2, 4, 3, 3, 3, 2, 1, 4, 3, 4, 3, 2, 2, 2, 4, 2, 3, 3, 2, 4, 1, 1, 4, 4, 2, 4]|[0, 2, 0, 1, 3, 0, 1, 3, 0, 0, 2, 0, 1, 0, 1, 0, 0, 0, 1, 0, 0, 2, 0, 0, 1, 0, 0, 3, 0, 1, 0, 2, 0, 0, 3, 0, 1, 3, 1, 0, 0, 0, 1, 3, 0, 0, 1, 0, 2, 0, 0, 0, 0, 0, 1, 0, 1, 0, 1, 1, 2, 2, 0, 0, 0, 0, 0, 0, 0, 2, 0, 0, 1, 0, 0, 2, 0, 0, 3, 0, 0, 1, 0, 3, 0, 0, 0, 0, 2, 0, 0, 0, 0, 3, 1, 0, 1, 2, 0, 2],912.4562679092079,51640.178474778455,110080.60506521536,false
14,G3_TWC,G3_TWC,[31, 22, 82, 15, 26, 9, 95, 42, 77, 12, 47, 5, 93, 78, 86, 54, 85, 63, 18, 44, 20, 35, 43, 97, 91, 76, 10, 30, 21, 45, 71, 64, 1, 23, 17, 83, 24, 14, 60, 36, 41, 57, 40, 88, 65, 56, 79, 94, 67, 68, 46, 75, 38, 58, 19, 32, 81, 6, 27, 62, 87, 90, 99, 59, 11, 16, 72, 73, 69, 39, 37, 84, 3, 92, 25, 55, 28, 29, 51, 7, 66, 61, 98, 48, 89, 8, 33, 96, 53, 80, 50, 4, 34, 2, 52, 13, 0, 70, 74, 49]|[1, 1, 0, 1, 1, 0, 1, 2, 2, 1, 2, 2, 2, 1, 1, 0, 0, 1, 0, 2, 2, 0, 1, 2, 0, 1, 2, 2, 0, 0, 1, 2, 1, 2, 1, 0, 2, 0, 1, 1, 0, 1, 1, 1, 0, 2, 1, 1, 0, 0, 0, 0, 1, 1, 2, 1, 2, 0, 0, 0, 2, 1, 0, 1, 2, 1, 2, 1, 1, 1, 1, 1, 1, 0, 1, 1, 0, 0, 0, 1, 2, 1, 2, 0, 1, 0, 2, 0, 0, 0, 0, 0, 2, 0, 1, 0, 0, 1, 2, 0]|[4, 3, 2, 2, 4, 1, 2, 2, 2, 4, 1, 1, 2, 4, 4, 1, 2, 4, 2, 1, 1, 1, 1, 2, 1, 2, 1, 1, 1, 1, 3, 2, 3, 0, 4, 0, 1, 1, 0, 3, 2, 2, 2, 0, 1, 1, 0, 4, 0, 1, 2, 2, 1, 4, 0, 3, 2, 1, 1, 2, 1, 3, 1, 1, 1, 3, 0, 4, 3, 1, 4, 1, 1, 0, 4, 4, 2, 1, 1, 1, 1, 3, 1, 1, 1, 1, 1, 1, 2, 1, 1, 2, 1, 2, 1, 2, 2, 4, 1, 1]|[0, 2, 1, 1, 3, 0, 1, 0, 0, 0, 0, 0, 1, 0, 1, 0, 0, 3, 1, 0, 0, 0, 3, 1, 0, 2, 0, 0, 0, 1, 0, 0, 0, 0, 3, 0, 1, 0, 0, 2, 1, 1, 1, 0, 0, 0, 0, 2, 1, 0, 0, 0, 1, 3, 0, 0, 1, 0, 0, 1, 0, 2, 0, 1, 0, 2, 1, 0, 0, 1, 1, 3, 1, 1, 3, 3, 1, 0, 0, 2, 0, 0, 0, 0, 1, 0, 0, 0, 1, 0, 0, 1, 0, 0, 1, 0, 0, 2, 0, 1],828.6150361188287,57498.909092636255,92558.71763620913,false
14,G1_CMAX,G4_BALANCED,[31, 22, 82, 15, 26, 9, 95, 42, 77, 68, 47, 5, 93, 78, 86, 54, 85, 63, 18, 44, 20, 49, 36, 14, 74, 50, 53, 17, 21, 45, 71, 64, 3, 23, 30, 83, 24, 41, 60, 52, 65, 27, 90, 70, 39, 87, 48, 69, 99, 4, 46, 1, 13, 58, 97, 59, 28, 8, 73, 37, 35, 79, 11, 66, 76, 57, 40, 80, 56, 6, 16, 61, 33, 98, 32, 81, 62, 67, 10, 0, 96, 88, 51, 19, 91, 38, 75, 92, 25, 84, 55, 34, 2, 43, 12, 29, 7, 94, 89, 72]|[2, 1, 2, 1, 1, 2, 1, 1, 1, 1, 1, 0, 2, 2, 1, 2, 0, 0, 0, 2, 2, 1, 0, 2, 0, 2, 2, 1, 0, 1, 1, 1, 0, 0, 1, 0, 2, 1, 2, 2, 0, 0, 1, 1, 0, 2, 0, 2, 1, 0, 0, 2, 0, 0, 2, 0, 1, 1, 0, 0, 2, 1, 0, 2, 2, 0, 2, 2, 2, 1, 2, 1, 1, 2, 0, 1, 1, 1, 1, 0, 0, 1, 1, 1, 1, 0, 0, 0, 2, 0, 0, 1, 2, 1, 1, 1, 2, 1, 1, 1]|[0, 3, 0, 2, 4, 1, 4, 4, 2, 4, 3, 2, 1, 0, 2, 1, 1, 1, 2, 1, 1, 3, 0, 1, 0, 1, 1, 4, 1, 4, 3, 2, 2, 0, 4, 1, 1, 4, 0, 1, 2, 1, 4, 4, 1, 1, 0, 2, 3, 1, 2, 1, 2, 1, 1, 2, 4, 3, 0, 2, 2, 3, 1, 0, 1, 2, 0, 1, 1, 4, 1, 3, 4, 1, 2, 4, 3, 3, 3, 2, 2, 4, 3, 4, 3, 2, 2, 2, 1, 2, 2, 4, 1, 4, 3, 3, 1, 4, 4, 4]|[0, 2, 0, 1, 3, 0, 1, 3, 0, 0, 2, 0, 1, 0, 1, 0, 0, 0, 1, 0, 0, 2, 0, 0, 1, 0, 0, 3, 0, 1, 0, 2, 0, 1, 3, 0, 1, 3, 1, 0, 0, 0, 1, 3, 0, 0, 1, 0, 2, 0, 0, 0, 0, 0, 1, 0, 1, 0, 1, 1, 0, 2, 0, 0, 0, 0, 0, 0, 0, 2, 0, 0, 1, 0, 0, 2, 0, 0, 3, 0, 0, 1, 0, 3, 0, 0, 0, 0, 0, 1, 0, 1, 0, 2, 0, 0, 0, 2, 1, 2],891.8804599885171,51906.98637712715,109770.47883774014,true
14,G4_BALANCED,G4_BALANCED,[31, 11, 82, 15, 26, 9, 95, 42, 77, 68, 47, 5, 93, 78, 86, 54, 85, 63, 18, 44, 20, 49, 36, 14, 74, 50, 53, 17, 21, 45, 71, 64, 3, 23, 30, 83, 24, 41, 60, 52, 65, 27, 90, 70, 39, 87, 48, 69, 99, 4, 46, 1, 13, 58, 97, 59, 28, 8, 73, 37, 35, 79, 22, 66, 76, 32, 40, 80, 96, 6, 16, 61, 33, 7, 57, 34, 12, 67, 10, 98, 56, 88, 29, 19, 91, 38, 75, 92, 43, 84, 2, 72, 51, 25, 81, 55, 0, 94, 89, 62]|[2, 0, 2, 1, 1, 2, 1, 1, 1, 1, 1, 0, 2, 2, 1, 2, 0, 0, 0, 2, 2, 1, 0, 2, 0, 2, 2, 1, 0, 1, 1, 1, 0, 0, 1, 0, 2, 1, 2, 2, 0, 0, 1, 1, 0, 2, 0, 2, 1, 0, 0, 2, 0, 0, 2, 0, 1, 1, 0, 0, 2, 1, 0, 2, 2, 0, 2, 2, 0, 1, 2, 1, 1, 2, 0, 1, 1, 1, 1, 2, 2, 1, 1, 1, 1, 0, 0, 0, 1, 0, 2, 1, 1, 1, 1, 0, 0, 1, 1, 1]|[0, 1, 0, 2, 4, 1, 4, 4, 2, 4, 3, 2, 1, 0, 2, 1, 1, 1, 2, 1, 1, 3, 0, 1, 0, 1, 1, 4, 1, 4, 3, 2, 2, 0, 4, 1, 1, 4, 0, 1, 2, 1, 4, 4, 1, 1, 0, 2, 3, 1, 2, 1, 2, 1, 1, 2, 4, 3, 0, 2, 2, 3, 1, 0, 1, 2, 0, 1, 2, 4, 1, 3, 4, 1, 2, 4, 3, 3, 3, 1, 1, 4, 3, 4, 3, 2, 2, 2, 4, 2, 1, 4, 3, 4, 1, 2, 2, 4, 4, 3]|[0, 0, 0, 1, 3, 0, 1, 3, 0, 0, 2, 0, 1, 0, 1, 0, 0, 0, 1, 0, 0, 2, 0, 0, 1, 0, 0, 3, 0, 1, 0, 2, 0, 1, 3, 0, 1, 3, 1, 0, 0, 0, 1, 3, 0, 0, 1, 0, 2, 0, 0, 0, 0, 0, 1, 0, 1, 0, 1, 1, 0, 2, 0, 0, 0, 0, 0, 0, 0, 2, 0, 0, 1, 0, 0, 1, 0, 0, 3, 0, 0, 1, 0, 3, 0, 0, 0, 0, 2, 0, 0, 2, 0, 3, 1, 0, 0, 2, 1, 0],890.2108401545523,52069.51962576852,108936.75246953712,false
14,G2_TEC,G2_TEC,[31, 22, 82, 15, 26, 9, 95, 42, 77, 68, 47, 5, 93, 78, 86, 54, 85, 63, 18, 44, 20, 49, 36, 14, 74, 50, 53, 17, 21, 45, 71, 64, 3, 23, 30, 83, 24, 41, 60, 52, 65, 27, 32, 70, 39, 87, 48, 69, 99, 4, 46, 1, 13, 58, 97, 59, 28, 8, 73, 37, 35, 79, 11, 66, 76, 57, 40, 80, 96, 6, 16, 61, 33, 98, 90, 81, 12, 67, 10, 7, 56, 88, 51, 19, 91, 38, 75, 84, 43, 92, 29, 62, 0, 25, 34, 2, 89, 94, 55, 72]|[2, 1, 2, 1, 1, 2, 1, 1, 1, 1, 1, 0, 2, 2, 1, 2, 0, 0, 0, 2, 2, 1, 0, 2, 0, 2, 2, 1, 0, 1, 1, 1, 0, 0, 1, 0, 2, 1, 2, 2, 0, 0, 1, 1, 0, 2, 0, 2, 1, 0, 0, 2, 0, 0, 2, 0, 1, 1, 0, 0, 1, 1, 0, 2, 2, 0, 2, 2, 0, 1, 2, 1, 1, 0, 0, 1, 1, 1, 1, 0, 2, 1, 1, 1, 1, 0, 0, 0, 1, 0, 1, 1, 0, 1, 1, 2, 1, 1, 0, 1]|[0, 3, 0, 2, 4, 1, 4, 4, 2, 4, 3, 2, 1, 0, 2, 1, 1, 1, 2, 1, 1, 3, 0, 1, 0, 1, 1, 4, 1, 4, 3, 2, 2, 0, 4, 1, 1, 4, 0, 1, 2, 1, 4, 4, 1, 1, 0, 2, 3, 2, 2, 1, 2, 1, 1, 2, 4, 3, 0, 2, 3, 3, 1, 0, 1, 2, 0, 1, 2, 4, 1, 3, 4, 2, 2, 4, 3, 3, 3, 2, 1, 4, 3, 4, 3, 2, 2, 2, 4, 2, 3, 3, 2, 4, 1, 1, 4, 4, 2, 4]|[0, 2, 0, 1, 3, 0, 1, 3, 0, 0, 2, 0, 1, 0, 1, 0, 0, 0, 1, 0, 0, 2, 0, 0, 1, 0, 0, 3, 0, 1, 0, 2, 0, 0, 3, 0, 1, 3, 1, 0, 0, 0, 1, 3, 0, 0, 1, 0, 2, 0, 0, 0, 0, 0, 1, 0, 1, 0, 1, 1, 2, 2, 0, 0, 0, 0, 0, 0, 0, 2, 0, 0, 1, 0, 0, 2, 0, 0, 3, 0, 0, 1, 0, 3, 0, 0, 0, 0, 2, 0, 0, 0, 0, 3, 1, 0, 1, 2, 0, 2],912.4562679092079,51640.178474778455,110080.60506521536,false
14,G3_TWC,G3_TWC,[31, 22, 82, 15, 26, 9, 95, 42, 77, 12, 47, 5, 93, 78, 86, 54, 85, 63, 18, 44, 20, 35, 43, 97, 91, 76, 10, 30, 21, 45, 71, 64, 1, 23, 17, 83, 24, 14, 60, 36, 41, 57, 40, 88, 65, 56, 79, 94, 67, 68, 46, 75, 38, 58, 19, 32, 81, 6, 27, 62, 87, 90, 99, 59, 11, 16, 72, 73, 69, 39, 37, 84, 3, 92, 25, 55, 28, 29, 51, 7, 66, 61, 98, 48, 89, 8, 33, 96, 53, 80, 50, 4, 34, 2, 52, 13, 0, 70, 74, 49]|[1, 1, 0, 1, 1, 0, 1, 2, 2, 1, 2, 2, 2, 1, 1, 0, 0, 1, 0, 2, 2, 0, 1, 2, 0, 1, 2, 2, 0, 0, 1, 2, 1, 2, 1, 0, 2, 0, 1, 1, 0, 1, 1, 1, 0, 2, 1, 1, 0, 0, 0, 0, 1, 1, 2, 1, 2, 0, 0, 0, 2, 1, 0, 1, 2, 1, 2, 1, 1, 1, 1, 1, 1, 0, 1, 1, 0, 0, 0, 1, 2, 1, 2, 0, 1, 0, 2, 0, 0, 0, 0, 0, 2, 0, 1, 0, 0, 1, 2, 0]|[4, 3, 2, 2, 4, 1, 2, 2, 2, 4, 1, 1, 2, 4, 4, 1, 2, 4, 2, 1, 1, 1, 1, 2, 1, 2, 1, 1, 1, 1, 3, 2, 3, 0, 4, 0, 1, 1, 0, 3, 2, 2, 2, 0, 1, 1, 0, 4, 0, 1, 2, 2, 1, 4, 0, 3, 2, 1, 1, 2, 1, 3, 1, 1, 1, 3, 0, 4, 3, 1, 4, 1, 1, 0, 4, 4, 2, 1, 1, 1, 1, 3, 1, 1, 1, 1, 1, 1, 2, 1, 1, 2, 1, 2, 1, 2, 2, 4, 1, 1]|[0, 2, 1, 1, 3, 0, 1, 0, 0, 0, 0, 0, 1, 0, 1, 0, 0, 3, 1, 0, 0, 0, 3, 1, 0, 2, 0, 0, 0, 1, 0, 0, 0, 0, 3, 0, 1, 0, 0, 2, 1, 1, 1, 0, 0, 0, 0, 2, 1, 0, 0, 0, 1, 3, 0, 0, 1, 0, 0, 1, 0, 2, 0, 1, 0, 2, 1, 0, 0, 1, 1, 3, 1, 1, 3, 3, 1, 0, 0, 2, 0, 0, 0, 0, 1, 0, 0, 0, 1, 0, 0, 1, 0, 0, 1, 0, 0, 2, 0, 1],828.6150361188287,57498.909092636255,92558.71763620913,false
14,G1_CMAX,G4_BALANCED,[31, 22, 82, 15, 26, 9, 95, 42, 77, 68, 47, 5, 93, 78, 86, 54, 85, 63, 18, 44, 20, 49, 36, 14, 74, 50, 53, 17, 21, 45, 71, 64, 3, 23, 30, 83, 24, 41, 60, 52, 65, 27, 90, 70, 39, 87, 48, 69, 99, 4, 46, 1, 13, 58, 97, 59, 28, 8, 73, 37, 35, 79, 11, 66, 76, 57, 40, 80, 56, 6, 16, 61, 33, 98, 32, 81, 62, 67, 10, 0, 96, 88, 51, 19, 91, 38, 75, 92, 25, 84, 55, 34, 2, 43, 12, 29, 7, 94, 89, 72]|[2, 1, 2, 1, 1, 2, 1, 1, 1, 1, 1, 0, 2, 2, 1, 2, 0, 0, 0, 2, 2, 1, 0, 2, 0, 2, 2, 1, 0, 1, 1, 1, 0, 0, 1, 0, 2, 1, 2, 2, 0, 0, 1, 1, 0, 2, 0, 2, 1, 0, 0, 2, 0, 0, 2, 0, 1, 1, 0, 0, 2, 1, 0, 2, 2, 0, 2, 2, 2, 1, 2, 1, 1, 2, 0, 1, 1, 1, 1, 0, 0, 1, 1, 1, 1, 0, 0, 0, 2, 0, 0, 1, 2, 1, 1, 1, 2, 1, 1, 1]|[0, 3, 0, 2, 4, 1, 4, 4, 2, 4, 3, 2, 1, 0, 2, 1, 1, 1, 2, 1, 1, 3, 0, 1, 0, 1, 1, 4, 1, 4, 3, 2, 2, 0, 4, 1, 1, 4, 0, 1, 2, 1, 4, 4, 1, 1, 0, 2, 3, 1, 2, 1, 2, 1, 1, 2, 4, 3, 0, 2, 2, 3, 1, 0, 1, 2, 0, 1, 1, 4, 1, 3, 4, 1, 2, 4, 3, 3, 3, 2, 2, 4, 3, 4, 3, 2, 2, 2, 1, 2, 2, 4, 1, 4, 3, 3, 1, 4, 4, 4]|[0, 2, 0, 1, 3, 0, 1, 3, 0, 0, 2, 0, 1, 0, 1, 0, 0, 0, 1, 0, 0, 2, 0, 0, 1, 0, 0, 3, 0, 1, 0, 2, 0, 1, 3, 0, 1, 3, 1, 0, 0, 0, 1, 3, 0, 0, 1, 0, 2, 0, 0, 0, 0, 0, 1, 0, 1, 0, 1, 1, 0, 2, 0, 0, 0, 0, 0, 0, 0, 2, 0, 0, 1, 0, 0, 2, 0, 0, 3, 0, 0, 1, 0, 3, 0, 0, 0, 0, 0, 1, 0, 1, 0, 2, 0, 0, 0, 2, 1, 2],891.8804599885171,51906.98637712715,109770.47883774014,true
14,G4_BALANCED,G4_BALANCED,[31, 11, 82, 15, 26, 9, 95, 42, 77, 68, 47, 5, 93, 78, 86, 54, 85, 63, 18, 44, 20, 49, 36, 14, 74, 50, 53, 17, 21, 45, 71, 64, 3, 23, 30, 83, 24, 41, 60, 52, 65, 27, 90, 70, 39, 87, 48, 69, 99, 4, 46, 1, 13, 58, 97, 59, 28, 8, 73, 37, 35, 79, 22, 66, 76, 32, 40, 80, 96, 6, 16, 61, 33, 7, 57, 34, 12, 67, 10, 98, 56, 88, 29, 19, 91, 38, 75, 92, 43, 84, 2, 72, 51, 25, 81, 55, 0, 94, 89, 62]|[2, 0, 2, 1, 1, 2, 1, 1, 1, 1, 1, 0, 2, 2, 1, 2, 0, 0, 0, 2, 2, 1, 0, 2, 0, 2, 2, 1, 0, 1, 1, 1, 0, 0, 1, 0, 2, 1, 2, 2, 0, 0, 1, 1, 0, 2, 0, 2, 1, 0, 0, 2, 0, 0, 2, 0, 1, 1, 0, 0, 2, 1, 0, 2, 2, 0, 2, 2, 0, 1, 2, 1, 1, 2, 0, 1, 1, 1, 1, 2, 2, 1, 1, 1, 1, 0, 0, 0, 1, 0, 2, 1, 1, 1, 1, 0, 0, 1, 1, 1]|[0, 1, 0, 2, 4, 1, 4, 4, 2, 4, 3, 2, 1, 0, 2, 1, 1, 1, 2, 1, 1, 3, 0, 1, 0, 1, 1, 4, 1, 4, 3, 2, 2, 0, 4, 1, 1, 4, 0, 1, 2, 1, 4, 4, 1, 1, 0, 2, 3, 1, 2, 1, 2, 1, 1, 2, 4, 3, 0, 2, 2, 3, 1, 0, 1, 2, 0, 1, 2, 4, 1, 3, 4, 1, 2, 4, 3, 3, 3, 1, 1, 4, 3, 4, 3, 2, 2, 2, 4, 2, 1, 4, 3, 4, 1, 2, 2, 4, 4, 3]|[0, 0, 0, 1, 3, 0, 1, 3, 0, 0, 2, 0, 1, 0, 1, 0, 0, 0, 1, 0, 0, 2, 0, 0, 1, 0, 0, 3, 0, 1, 0, 2, 0, 1, 3, 0, 1, 3, 1, 0, 0, 0, 1, 3, 0, 0, 1, 0, 2, 0, 0, 0, 0, 0, 1, 0, 1, 0, 1, 1, 0, 2, 0, 0, 0, 0, 0, 0, 0, 2, 0, 0, 1, 0, 0, 1, 0, 0, 3, 0, 0, 1, 0, 3, 0, 0, 0, 0, 2, 0, 0, 2, 0, 3, 1, 0, 0, 2, 1, 0],890.2108401545523,52069.51962576852,108936.75246953712,false
14,G2_TEC,G2_TEC,[31, 22, 82, 15, 26, 9, 95, 42, 77, 68, 47, 5, 93, 78, 86, 54, 85, 63, 18, 44, 20, 49, 36, 14, 74, 50, 53, 17, 21, 45, 71, 64, 3, 23, 30, 83, 24, 41, 60, 52, 65, 27, 32, 70, 39, 87, 48, 69, 99, 4, 46, 1, 13, 58, 97, 59, 28, 8, 73, 37, 35, 79, 11, 66, 76, 57, 40, 80, 96, 6, 16, 61, 33, 98, 90, 81, 12, 67, 10, 7, 56, 88, 51, 19, 91, 38, 75, 84, 43, 92, 2, 72, 29, 25, 34, 55, 0, 94, 89, 62]|[2, 1, 2, 1, 1, 2, 1, 1, 1, 1, 1, 0, 2, 2, 1, 2, 0, 0, 0, 2, 2, 1, 0, 2, 0, 2, 2, 1, 0, 1, 1, 1, 0, 0, 1, 0, 2, 1, 2, 2, 0, 0, 1, 1, 0, 2, 0, 2, 1, 0, 0, 2, 0, 0, 2, 0, 1, 1, 0, 0, 2, 1, 0, 2, 2, 0, 2, 2, 0, 1, 2, 1, 1, 0, 0, 1, 1, 1, 1, 2, 2, 1, 1, 1, 1, 0, 0, 0, 1, 0, 2, 1, 1, 1, 1, 0, 0, 1, 1, 1]|[0, 3, 0, 2, 4, 1, 4, 4, 2, 4, 3, 2, 1, 0, 2, 1, 1, 1, 2, 1, 1, 3, 0, 1, 0, 1, 1, 4, 1, 4, 3, 2, 2, 0, 4, 1, 1, 4, 0, 1, 2, 1, 4, 4, 1, 1, 0, 2, 3, 2, 2, 1, 2, 1, 1, 2, 4, 3, 0, 2, 2, 3, 1, 0, 1, 2, 0, 1, 2, 4, 1, 3, 4, 2, 2, 4, 3, 3, 3, 1, 1, 4, 3, 4, 3, 2, 2, 2, 4, 2, 1, 4, 3, 4, 1, 2, 2, 4, 4, 3]|[0, 2, 0, 1, 3, 0, 1, 3, 0, 0, 2, 0, 1, 0, 1, 0, 0, 0, 1, 0, 0, 2, 0, 0, 1, 0, 0, 3, 0, 1, 0, 2, 0, 0, 3, 0, 1, 3, 1, 0, 0, 0, 1, 3, 0, 0, 1, 0, 2, 0, 0, 0, 0, 0, 1, 0, 1, 0, 1, 1, 0, 2, 0, 0, 0, 0, 0, 0, 0, 2, 0, 0, 1, 0, 0, 2, 0, 0, 3, 0, 0, 1, 0, 3, 0, 0, 0, 0, 2, 0, 0, 2, 0, 3, 1, 0, 0, 2, 1, 0],904.9849608727153,51585.79119316062,110033.36964980522,false
14,G3_TWC,G3_TWC,[31, 22, 82, 15, 26, 9, 95, 42, 77, 12, 47, 5, 93, 78, 86, 54, 85, 63, 18, 44, 20, 35, 43, 97, 91, 76, 10, 30, 21, 45, 71, 64, 1, 23, 17, 83, 24, 14, 60, 36, 41, 57, 40, 88, 65, 56, 79, 94, 67, 68, 46, 75, 38, 58, 19, 32, 81, 6, 27, 62, 87, 90, 99, 59, 11, 16, 72, 73, 69, 39, 37, 84, 3, 92, 25, 55, 28, 29, 51, 7, 66, 61, 98, 48, 89, 8, 33, 96, 53, 80, 50, 4, 34, 2, 52, 13, 0, 70, 74, 49]|[1, 1, 0, 1, 1, 0, 1, 2, 2, 1, 2, 2, 2, 1, 1, 0, 0, 1, 0, 2, 2, 0, 1, 2, 0, 1, 2, 2, 0, 0, 1, 2, 1, 2, 1, 0, 2, 0, 1, 1, 0, 1, 1, 1, 0, 2, 1, 1, 0, 0, 0, 0, 1, 1, 2, 1, 2, 0, 0, 0, 2, 1, 0, 1, 2, 1, 2, 1, 1, 1, 1, 1, 1, 0, 1, 1, 0, 0, 0, 1, 2, 1, 2, 0, 1, 0, 2, 0, 0, 0, 0, 0, 2, 0, 1, 0, 0, 1, 2, 0]|[4, 3, 2, 2, 4, 1, 2, 2, 2, 4, 1, 1, 2, 4, 4, 1, 2, 4, 2, 1, 1, 1, 1, 2, 1, 2, 1, 1, 1, 1, 3, 2, 3, 0, 4, 0, 1, 1, 0, 3, 2, 2, 2, 0, 1, 1, 0, 4, 0, 1, 2, 2, 1, 4, 0, 3, 2, 1, 1, 2, 1, 3, 1, 1, 1, 3, 0, 4, 3, 1, 4, 1, 1, 0, 4, 4, 2, 1, 1, 1, 1, 3, 1, 1, 1, 1, 1, 1, 2, 1, 1, 2, 1, 2, 1, 2, 2, 4, 1, 1]|[0, 2, 1, 1, 3, 0, 1, 0, 0, 0, 0, 0, 1, 0, 1, 0, 0, 3, 1, 0, 0, 0, 3, 1, 0, 2, 0, 0, 0, 1, 0, 0, 0, 0, 3, 0, 1, 0, 0, 2, 1, 1, 1, 0, 0, 0, 0, 2, 1, 0, 0, 0, 1, 3, 0, 0, 1, 0, 0, 1, 0, 2, 0, 1, 0, 2, 1, 0, 0, 1, 1, 3, 1, 1, 3, 3, 1, 0, 0, 2, 0, 0, 0, 0, 1, 0, 0, 0, 1, 0, 0, 1, 0, 0, 1, 0, 0, 2, 0, 1],828.6150361188287,57498.909092636255,92558.71763620913,false
14,G1_CMAX,G1_CMAX,[31, 22, 82, 15, 26, 9, 95, 42, 77, 12, 47, 5, 93, 78, 86, 54, 6, 63, 18, 44, 20, 35, 43, 97, 91, 76, 10, 30, 21, 45, 71, 64, 1, 23, 17, 83, 24, 14, 60, 36, 85, 57, 40, 88, 65, 56, 79, 94, 67, 68, 46, 75, 38, 58, 19, 32, 81, 41, 62, 87, 28, 90, 99, 59, 11, 72, 16, 73, 70, 39, 37, 84, 3, 92, 25, 34, 29, 55, 51, 7, 98, 61, 66, 48, 89, 50, 4, 96, 53, 80, 8, 33, 27, 2, 52, 13, 0, 69, 74, 49]|[1, 1, 0, 1, 1, 0, 1, 2, 2, 1, 2, 2, 2, 1, 1, 0, 0, 1, 0, 2, 2, 0, 1, 2, 2, 1, 2, 2, 0, 0, 1, 1, 1, 2, 1, 0, 2, 0, 1, 1, 0, 1, 1, 1, 0, 2, 1, 1, 0, 0, 0, 0, 1, 1, 2, 1, 2, 0, 0, 2, 2, 1, 0, 1, 2, 2, 1, 1, 1, 1, 1, 1, 1, 0, 1, 2, 0, 2, 0, 1, 2, 1, 0, 0, 1, 0, 1, 2, 0, 0, 1, 2, 0, 0, 1, 0, 0, 1, 2, 0]|[0, 3, 2, 2, 4, 1, 2, 2, 2, 4, 1, 1, 2, 4, 4, 1, 2, 4, 2, 1, 1, 1, 1, 2, 1, 2, 1, 1, 1, 1, 3, 3, 3, 0, 4, 0, 1, 1, 0, 3, 2, 2, 2, 0, 1, 1, 0, 4, 0, 1, 2, 2, 1, 4, 0, 3, 2, 1, 2, 1, 1, 3, 1, 1, 1, 0, 3, 4, 3, 1, 4, 1, 1, 0, 4, 1, 1, 1, 1, 1, 1, 3, 1, 1, 1, 1, 4, 1, 2, 1, 3, 1, 2, 2, 1, 2, 2, 4, 1, 1]|[0, 2, 1, 1, 3, 0, 1, 0, 0, 0, 0, 0, 1, 0, 1, 0, 0, 3, 1, 0, 0, 0, 3, 1, 0, 2, 0, 0, 0, 1, 0, 0, 0, 0, 3, 0, 1, 0, 0, 2, 1, 1, 1, 0, 0, 0, 0, 2, 1, 0, 0, 0, 1, 3, 0, 0, 1, 0, 1, 0, 0, 2, 0, 1, 0, 1, 2, 0, 0, 1, 1, 3, 1, 1, 3, 0, 0, 0, 0, 2, 0, 0, 0, 0, 1, 0, 0, 0, 1, 0, 2, 0, 1, 0, 1, 0, 0, 2, 0, 1],740.1000024547002,57245.26292476342,97017.87740826326,false
14,G4_BALANCED,G4_BALANCED,[31, 11, 82, 15, 26, 9, 95, 42, 77, 68, 47, 5, 93, 78, 86, 54, 85, 63, 18, 44, 20, 49, 36, 14, 74, 50, 53, 17, 21, 45, 71, 64, 3, 23, 30, 83, 24, 41, 60, 52, 65, 27, 90, 70, 39, 87, 48, 69, 99, 4, 46, 1, 13, 58, 97, 59, 28, 8, 73, 37, 35, 79, 22, 66, 76, 32, 40, 80, 96, 6, 16, 61, 33, 7, 57, 34, 12, 67, 10, 98, 56, 88, 29, 19, 91, 38, 75, 92, 43, 84, 2, 72, 51, 25, 81, 55, 0, 94, 89, 62]|[2, 0, 2, 1, 1, 2, 1, 1, 1, 1, 1, 0, 2, 2, 1, 2, 0, 0, 0, 2, 2, 1, 0, 2, 0, 2, 2, 1, 0, 1, 1, 1, 0, 0, 1, 0, 2, 1, 2, 2, 0, 0, 1, 1, 0, 2, 0, 2, 1, 0, 0, 2, 0, 0, 2, 0, 1, 1, 0, 0, 2, 1, 0, 2, 2, 0, 2, 2, 0, 1, 2, 1, 1, 2, 0, 1, 1, 1, 1, 2, 2, 1, 1, 1, 1, 0, 0, 0, 1, 0, 2, 1, 1, 1, 1, 0, 0, 1, 1, 1]|[0, 1, 0, 2, 4, 1, 4, 4, 2, 4, 3, 2, 1, 0, 2, 1, 1, 1, 2, 1, 1, 3, 0, 1, 0, 1, 1, 4, 1, 4, 3, 2, 2, 0, 4, 1, 1, 4, 0, 1, 2, 1, 4, 4, 1, 1, 0, 2, 3, 1, 2, 1, 2, 1, 1, 2, 4, 3, 0, 2, 2, 3, 1, 0, 1, 2, 0, 1, 2, 4, 1, 3, 4, 1, 2, 4, 3, 3, 3, 1, 1, 4, 3, 4, 3, 2, 2, 2, 4, 2, 1, 4, 3, 4, 1, 2, 2, 4, 4, 3]|[0, 0, 0, 1, 3, 0, 1, 3, 0, 0, 2, 0, 1, 0, 1, 0, 0, 0, 1, 0, 0, 2, 0, 0, 1, 0, 0, 3, 0, 1, 0, 2, 0, 1, 3, 0, 1, 3, 1, 0, 0, 0, 1, 3, 0, 0, 1, 0, 2, 0, 0, 0, 0, 0, 1, 0, 1, 0, 1, 1, 0, 2, 0, 0, 0, 0, 0, 0, 0, 2, 0, 0, 1, 0, 0, 1, 0, 0, 3, 0, 0, 1, 0, 3, 0, 0, 0, 0, 2, 0, 0, 2, 0, 3, 1, 0, 0, 2, 1, 0],890.2108401545523,52069.51962576852,108936.75246953712,false
14,G2_TEC,G2_TEC,[31, 22, 82, 91, 26, 9, 95, 42, 77, 68, 47, 5, 93, 78, 86, 54, 85, 63, 18, 44, 20, 49, 36, 14, 74, 50, 53, 17, 21, 28, 71, 64, 3, 23, 30, 83, 24, 41, 60, 52, 65, 27, 90, 70, 39, 87, 48, 69, 99, 4, 46, 1, 13, 58, 97, 59, 33, 8, 73, 37, 35, 79, 11, 66, 76, 32, 40, 80, 96, 6, 16, 61, 45, 7, 57, 34, 12, 67, 10, 98, 56, 88, 51, 0, 15, 38, 75, 92, 43, 84, 29, 72, 2, 25, 81, 55, 19, 94, 89, 62]|[2, 1, 2, 1, 1, 2, 1, 1, 1, 1, 1, 0, 2, 2, 1, 2, 0, 0, 0, 2, 2, 1, 0, 2, 0, 2, 2, 1, 0, 1, 1, 1, 0, 0, 1, 0, 2, 1, 2, 2, 0, 0, 1, 1, 0, 2, 0, 2, 1, 0, 0, 2, 0, 0, 2, 0, 1, 1, 0, 0, 1, 1, 0, 2, 2, 0, 2, 2, 0, 1, 2, 1, 1, 2, 0, 1, 1, 1, 1, 2, 2, 1, 1, 0, 1, 0, 0, 0, 1, 0, 1, 1, 2, 1, 1, 0, 1, 1, 1, 1]|[0, 3, 0, 3, 4, 1, 4, 4, 2, 4, 3, 2, 1, 0, 2, 1, 1, 1, 2, 1, 1, 3, 0, 1, 0, 1, 1, 4, 1, 4, 3, 2, 2, 0, 4, 1, 1, 4, 0, 1, 2, 1, 4, 4, 1, 1, 0, 2, 3, 1, 2, 1, 2, 1, 1, 2, 4, 3, 0, 2, 3, 3, 1, 0, 1, 2, 0, 1, 2, 4, 1, 3, 4, 1, 2, 4, 3, 3, 3, 1, 1, 4, 3, 2, 3, 2, 2, 2, 4, 2, 3, 4, 1, 4, 1, 2, 4, 4, 4, 3]|[0, 2, 0, 0, 3, 0, 1, 3, 0, 0, 2, 0, 1, 0, 1, 0, 0, 0, 1, 0, 0, 2, 0, 0, 1, 0, 0, 3, 0, 1, 0, 2, 0, 0, 3, 0, 1, 3, 1, 0, 0, 0, 1, 3, 0, 0, 1, 0, 2, 0, 0, 0, 0, 0, 1, 0, 1, 0, 1, 1, 2, 2, 0, 0, 0, 0, 0, 0, 0, 2, 0, 0, 1, 0, 0, 1, 0, 0, 3, 0, 0, 1, 0, 0, 0, 0, 0, 0, 2, 0, 0, 2, 0, 3, 1, 0, 3, 2, 1, 0],905.114357146627,51426.77964121125,110502.95734048431,false
14,G3_TWC,G3_TWC,[31, 22, 82, 15, 26, 9, 95, 42, 77, 12, 47, 5, 93, 78, 86, 54, 85, 63, 18, 44, 20, 35, 43, 97, 91, 76, 10, 30, 21, 45, 71, 64, 1, 23, 17, 83, 24, 14, 60, 36, 41, 57, 40, 88, 65, 56, 79, 94, 67, 68, 46, 75, 38, 58, 19, 32, 81, 6, 27, 62, 87, 90, 99, 59, 11, 16, 72, 73, 69, 39, 37, 84, 3, 92, 25, 55, 28, 29, 51, 7, 66, 61, 98, 48, 89, 8, 33, 96, 53, 80, 50, 4, 34, 2, 52, 13, 0, 70, 74, 49]|[1, 1, 0, 1, 1, 0, 1, 2, 2, 1, 2, 2, 2, 1, 1, 0, 0, 1, 0, 2, 2, 0, 1, 2, 0, 1, 2, 2, 0, 0, 1, 2, 1, 2, 1, 0, 2, 0, 1, 1, 0, 1, 1, 1, 0, 2, 1, 1, 0, 0, 0, 0, 1, 1, 2, 1, 2, 0, 0, 0, 2, 1, 0, 1, 2, 1, 2, 1, 1, 1, 1, 1, 1, 0, 1, 1, 0, 0, 0, 1, 2, 1, 2, 0, 1, 0, 2, 0, 0, 0, 0, 0, 2, 0, 1, 0, 0, 1, 2, 0]|[4, 3, 2, 2, 4, 1, 2, 2, 2, 4, 1, 1, 2, 4, 4, 1, 2, 4, 2, 1, 1, 1, 1, 2, 1, 2, 1, 1, 1, 1, 3, 2, 3, 0, 4, 0, 1, 1, 0, 3, 2, 2, 2, 0, 1, 1, 0, 4, 0, 1, 2, 2, 1, 4, 0, 3, 2, 1, 1, 2, 1, 3, 1, 1, 1, 3, 0, 4, 3, 1, 4, 1, 1, 0, 4, 4, 2, 1, 1, 1, 1, 3, 1, 1, 1, 1, 1, 1, 2, 1, 1, 2, 1, 2, 1, 2, 2, 4, 1, 1]|[0, 2, 1, 1, 3, 0, 1, 0, 0, 0, 0, 0, 1, 0, 1, 0, 0, 3, 1, 0, 0, 0, 3, 1, 0, 2, 0, 0, 0, 1, 0, 0, 0, 0, 3, 0, 1, 0, 0, 2, 1, 1, 1, 0, 0, 0, 0, 2, 1, 0, 0, 0, 1, 3, 0, 0, 1, 0, 0, 1, 0, 2, 0, 1, 0, 2, 1, 0, 0, 1, 1, 3, 1, 1, 3, 3, 1, 0, 0, 2, 0, 0, 0, 0, 1, 0, 0, 0, 1, 0, 0, 1, 0, 0, 1, 0, 0, 2, 0, 1],828.6150361188287,57498.909092636255,92558.71763620913,false
14,G1_CMAX,G1_CMAX,[31, 22, 82, 15, 26, 9, 95, 42, 77, 12, 47, 5, 93, 78, 86, 54, 6, 63, 18, 44, 20, 35, 43, 97, 91, 76, 10, 30, 21, 45, 71, 64, 1, 23, 17, 83, 24, 14, 60, 36, 85, 57, 40, 88, 65, 56, 79, 94, 67, 68, 46, 75, 38, 58, 19, 32, 81, 41, 62, 87, 28, 90, 99, 59, 11, 72, 16, 73, 70, 39, 37, 84, 3, 92, 25, 34, 29, 55, 51, 7, 98, 61, 66, 48, 89, 50, 4, 96, 53, 80, 8, 33, 27, 2, 52, 13, 0, 69, 74, 49]|[1, 1, 0, 1, 1, 0, 1, 2, 2, 1, 2, 2, 2, 1, 1, 0, 0, 1, 0, 2, 2, 0, 1, 2, 2, 1, 2, 2, 0, 0, 1, 1, 1, 2, 1, 0, 2, 0, 1, 1, 0, 1, 1, 1, 0, 2, 1, 1, 0, 0, 0, 0, 1, 1, 2, 1, 2, 0, 0, 2, 2, 1, 0, 1, 2, 2, 1, 1, 1, 1, 1, 1, 1, 0, 1, 2, 0, 2, 0, 1, 2, 1, 0, 0, 1, 0, 1, 2, 0, 0, 1, 2, 0, 0, 1, 0, 0, 1, 2, 0]|[0, 3, 2, 2, 4, 1, 2, 2, 2, 4, 1, 1, 2, 4, 4, 1, 2, 4, 2, 1, 1, 1, 1, 2, 1, 2, 1, 1, 1, 1, 3, 3, 3, 0, 4, 0, 1, 1, 0, 3, 2, 2, 2, 0, 1, 1, 0, 4, 0, 1, 2, 2, 1, 4, 0, 3, 2, 1, 2, 1, 1, 3, 1, 1, 1, 0, 3, 4, 3, 1, 4, 1, 1, 0, 4, 1, 1, 1, 1, 1, 1, 3, 1, 1, 1, 1, 4, 1, 2, 1, 3, 1, 2, 2, 1, 2, 2, 4, 1, 1]|[0, 2, 1, 1, 3, 0, 1, 0, 0, 0, 0, 0, 1, 0, 1, 0, 0, 3, 1, 0, 0, 0, 3, 1, 0, 2, 0, 0, 0, 1, 0, 0, 0, 0, 3, 0, 1, 0, 0, 2, 1, 1, 1, 0, 0, 0, 0, 2, 1, 0, 0, 0, 1, 3, 0, 0, 1, 0, 1, 0, 0, 2, 0, 1, 0, 1, 2, 0, 0, 1, 1, 3, 1, 1, 3, 0, 0, 0, 0, 2, 0, 0, 0, 0, 1, 0, 0, 0, 1, 0, 2, 0, 1, 0, 1, 0, 0, 2, 0, 1],740.1000024547002,57245.26292476342,97017.87740826326,false
14,G4_BALANCED,G4_BALANCED,[31, 11, 82, 15, 26, 9, 95, 42, 77, 68, 47, 5, 93, 78, 86, 54, 85, 63, 18, 44, 20, 49, 36, 14, 74, 50, 53, 17, 21, 45, 71, 64, 3, 23, 30, 83, 24, 41, 60, 52, 65, 27, 90, 70, 39, 87, 48, 69, 99, 4, 46, 1, 13, 58, 97, 59, 28, 8, 73, 37, 35, 79, 22, 66, 76, 32, 40, 80, 96, 6, 16, 61, 33, 7, 57, 34, 12, 67, 10, 98, 56, 88, 29, 19, 91, 38, 75, 92, 43, 84, 2, 72, 51, 25, 81, 55, 0, 94, 89, 62]|[2, 0, 2, 1, 1, 2, 1, 1, 1, 1, 1, 0, 2, 2, 1, 2, 0, 0, 0, 2, 2, 1, 0, 2, 0, 2, 2, 1, 0, 1, 1, 1, 0, 0, 1, 0, 2, 1, 2, 2, 0, 0, 1, 1, 0, 2, 0, 2, 1, 0, 0, 2, 0, 0, 2, 0, 1, 1, 0, 0, 2, 1, 0, 2, 2, 0, 2, 2, 0, 1, 2, 1, 1, 2, 0, 1, 1, 1, 1, 2, 2, 1, 1, 1, 1, 0, 0, 0, 1, 0, 2, 1, 1, 1, 1, 0, 0, 1, 1, 1]|[0, 1, 0, 2, 4, 1, 4, 4, 2, 4, 3, 2, 1, 0, 2, 1, 1, 1, 2, 1, 1, 3, 0, 1, 0, 1, 1, 4, 1, 4, 3, 2, 2, 0, 4, 1, 1, 4, 0, 1, 2, 1, 4, 4, 1, 1, 0, 2, 3, 1, 2, 1, 2, 1, 1, 2, 4, 3, 0, 2, 2, 3, 1, 0, 1, 2, 0, 1, 2, 4, 1, 3, 4, 1, 2, 4, 3, 3, 3, 1, 1, 4, 3, 4, 3, 2, 2, 2, 4, 2, 1, 4, 3, 4, 1, 2, 2, 4, 4, 3]|[0, 0, 0, 1, 3, 0, 1, 3, 0, 0, 2, 0, 1, 0, 1, 0, 0, 0, 1, 0, 0, 2, 0, 0, 1, 0, 0, 3, 0, 1, 0, 2, 0, 1, 3, 0, 1, 3, 1, 0, 0, 0, 1, 3, 0, 0, 1, 0, 2, 0, 0, 0, 0, 0, 1, 0, 1, 0, 1, 1, 0, 2, 0, 0, 0, 0, 0, 0, 0, 2, 0, 0, 1, 0, 0, 1, 0, 0, 3, 0, 0, 1, 0, 3, 0, 0, 0, 0, 2, 0, 0, 2, 0, 3, 1, 0, 0, 2, 1, 0],890.2108401545523,52069.51962576852,108936.75246953712,false
14,G2_TEC,G2_TEC,[31, 22, 82, 91, 26, 9, 95, 42, 77, 68, 47, 5, 93, 78, 86, 54, 85, 63, 18, 44, 20, 49, 36, 14, 74, 50, 53, 17, 21, 28, 71, 64, 3, 23, 30, 83, 24, 41, 60, 52, 65, 27, 90, 70, 39, 87, 48, 69, 99, 4, 46, 1, 13, 58, 97, 59, 33, 8, 73, 37, 35, 79, 11, 66, 76, 32, 40, 80, 96, 6, 16, 61, 45, 7, 57, 34, 12, 67, 10, 98, 56, 88, 51, 0, 15, 38, 75, 92, 43, 84, 29, 72, 2, 25, 81, 55, 19, 94, 89, 62]|[2, 1, 2, 1, 1, 2, 1, 1, 1, 1, 1, 0, 2, 2, 1, 2, 0, 0, 0, 2, 2, 1, 0, 2, 0, 2, 2, 1, 0, 1, 1, 1, 0, 0, 1, 0, 2, 1, 2, 2, 0, 0, 1, 1, 0, 2, 0, 2, 1, 0, 0, 2, 0, 0, 2, 0, 1, 1, 0, 0, 1, 1, 0, 2, 2, 0, 2, 2, 0, 1, 2, 1, 1, 2, 0, 1, 1, 1, 1, 2, 2, 1, 1, 0, 1, 0, 0, 0, 1, 0, 1, 1, 2, 1, 1, 0, 1, 1, 1, 1]|[0, 3, 0, 3, 4, 1, 4, 4, 2, 4, 3, 2, 1, 0, 2, 1, 1, 1, 2, 1, 1, 3, 0, 1, 0, 1, 1, 4, 1, 4, 3, 2, 2, 0, 4, 1, 1, 4, 0, 1, 2, 1, 4, 4, 1, 1, 0, 2, 3, 1, 2, 1, 2, 1, 1, 2, 4, 3, 0, 2, 3, 3, 1, 0, 1, 2, 0, 1, 2, 4, 1, 3, 4, 1, 2, 4, 3, 3, 3, 1, 1, 4, 3, 2, 3, 2, 2, 2, 4, 2, 3, 4, 1, 4, 1, 2, 4, 4, 4, 3]|[0, 2, 0, 0, 3, 0, 1, 3, 0, 0, 2, 0, 1, 0, 1, 0, 0, 0, 1, 0, 0, 2, 0, 0, 1, 0, 0, 3, 0, 1, 0, 2, 0, 0, 3, 0, 1, 3, 1, 0, 0, 0, 1, 3, 0, 0, 1, 0, 2, 0, 0, 0, 0, 0, 1, 0, 1, 0, 1, 1, 2, 2, 0, 0, 0, 0, 0, 0, 0, 2, 0, 0, 1, 0, 0, 1, 0, 0, 3, 0, 0, 1, 0, 0, 0, 0, 0, 0, 2, 0, 0, 2, 0, 3, 1, 0, 3, 2, 1, 0],905.114357146627,51426.77964121125,110502.95734048431,false
14,G3_TWC,G3_TWC,[31, 22, 82, 15, 26, 9, 95, 42, 77, 12, 47, 5, 93, 78, 86, 54, 85, 63, 18, 44, 20, 35, 43, 97, 91, 76, 10, 30, 21, 45, 71, 64, 1, 23, 17, 83, 24, 14, 60, 36, 41, 57, 40, 88, 65, 56, 79, 94, 67, 68, 46, 75, 38, 58, 19, 32, 81, 6, 27, 62, 87, 90, 99, 59, 11, 16, 72, 73, 69, 39, 37, 84, 3, 92, 25, 55, 28, 29, 51, 7, 66, 61, 98, 48, 89, 8, 33, 96, 53, 80, 50, 4, 34, 2, 52, 13, 0, 70, 74, 49]|[1, 1, 0, 1, 1, 0, 1, 2, 2, 1, 2, 2, 2, 1, 1, 0, 0, 1, 0, 2, 2, 0, 1, 2, 0, 1, 2, 2, 0, 0, 1, 2, 1, 2, 1, 0, 2, 0, 1, 1, 0, 1, 1, 1, 0, 2, 1, 1, 0, 0, 0, 0, 1, 1, 2, 1, 2, 0, 0, 0, 2, 1, 0, 1, 2, 1, 2, 1, 1, 1, 1, 1, 1, 0, 1, 1, 0, 0, 0, 1, 2, 1, 2, 0, 1, 0, 2, 0, 0, 0, 0, 0, 2, 0, 1, 0, 0, 1, 2, 0]|[4, 3, 2, 2, 4, 1, 2, 2, 2, 4, 1, 1, 2, 4, 4, 1, 2, 4, 2, 1, 1, 1, 1, 2, 1, 2, 1, 1, 1, 1, 3, 2, 3, 0, 4, 0, 1, 1, 0, 3, 2, 2, 2, 0, 1, 1, 0, 4, 0, 1, 2, 2, 1, 4, 0, 3, 2, 1, 1, 2, 1, 3, 1, 1, 1, 3, 0, 4, 3, 1, 4, 1, 1, 0, 4, 4, 2, 1, 1, 1, 1, 3, 1, 1, 1, 1, 1, 1, 2, 1, 1, 2, 1, 2, 1, 2, 2, 4, 1, 1]|[0, 2, 1, 1, 3, 0, 1, 0, 0, 0, 0, 0, 1, 0, 1, 0, 0, 3, 1, 0, 0, 0, 3, 1, 0, 2, 0, 0, 0, 1, 0, 0, 0, 0, 3, 0, 1, 0, 0, 2, 1, 1, 1, 0, 0, 0, 0, 2, 1, 0, 0, 0, 1, 3, 0, 0, 1, 0, 0, 1, 0, 2, 0, 1, 0, 2, 1, 0, 0, 1, 1, 3, 1, 1, 3, 3, 1, 0, 0, 2, 0, 0, 0, 0, 1, 0, 0, 0, 1, 0, 0, 1, 0, 0, 1, 0, 0, 2, 0, 1],828.6150361188287,57498.909092636255,92558.71763620913,false
14,G1_CMAX,G1_CMAX,[31, 22, 82, 15, 26, 9, 95, 42, 77, 12, 47, 5, 93, 78, 86, 54, 6, 63, 18, 44, 20, 35, 43, 97, 91, 76, 10, 30, 21, 45, 71, 64, 1, 23, 17, 83, 24, 14, 60, 36, 85, 57, 40, 88, 65, 56, 79, 94, 67, 68, 46, 75, 38, 58, 19, 32, 81, 41, 62, 87, 28, 90, 99, 59, 11, 72, 16, 73, 70, 39, 37, 84, 3, 92, 25, 34, 29, 55, 51, 7, 98, 61, 66, 48, 89, 50, 4, 96, 53, 80, 8, 33, 27, 2, 52, 13, 0, 69, 74, 49]|[1, 1, 0, 1, 1, 0, 1, 2, 2, 1, 2, 2, 2, 1, 1, 0, 0, 1, 0, 2, 2, 0, 1, 2, 2, 1, 2, 2, 0, 0, 1, 1, 1, 2, 1, 0, 2, 0, 1, 1, 0, 1, 1, 1, 0, 2, 1, 1, 0, 0, 0, 0, 1, 1, 2, 1, 2, 0, 0, 2, 2, 1, 0, 1, 2, 2, 1, 1, 1, 1, 1, 1, 1, 0, 1, 2, 0, 2, 0, 1, 2, 1, 0, 0, 1, 0, 1, 2, 0, 0, 1, 2, 0, 0, 1, 0, 0, 1, 2, 0]|[0, 3, 2, 2, 4, 1, 2, 2, 2, 4, 1, 1, 2, 4, 4, 1, 2, 4, 2, 1, 1, 1, 1, 2, 1, 2, 1, 1, 1, 1, 3, 3, 3, 0, 4, 0, 1, 1, 0, 3, 2, 2, 2, 0, 1, 1, 0, 4, 0, 1, 2, 2, 1, 4, 0, 3, 2, 1, 2, 1, 1, 3, 1, 1, 1, 0, 3, 4, 3, 1, 4, 1, 1, 0, 4, 1, 1, 1, 1, 1, 1, 3, 1, 1, 1, 1, 4, 1, 2, 1, 3, 1, 2, 2, 1, 2, 2, 4, 1, 1]|[0, 2, 1, 1, 3, 0, 1, 0, 0, 0, 0, 0, 1, 0, 1, 0, 0, 3, 1, 0, 0, 0, 3, 1, 0, 2, 0, 0, 0, 1, 0, 0, 0, 0, 3, 0, 1, 0, 0, 2, 1, 1, 1, 0, 0, 0, 0, 2, 1, 0, 0, 0, 1, 3, 0, 0, 1, 0, 1, 0, 0, 2, 0, 1, 0, 1, 2, 0, 0, 1, 1, 3, 1, 1, 3, 0, 0, 0, 0, 2, 0, 0, 0, 0, 1, 0, 0, 0, 1, 0, 2, 0, 1, 0, 1, 0, 0, 2, 0, 1],740.1000024547002,57245.26292476342,97017.87740826326,false
14,G4_BALANCED,G4_BALANCED,[31, 11, 82, 15, 26, 9, 95, 42, 77, 68, 47, 5, 93, 78, 86, 54, 85, 63, 18, 44, 20, 49, 36, 14, 74, 50, 53, 17, 21, 45, 71, 64, 3, 23, 30, 83, 24, 41, 60, 52, 65, 27, 90, 70, 39, 87, 48, 69, 99, 4, 46, 1, 13, 58, 97, 59, 28, 8, 73, 37, 35, 79, 22, 66, 76, 32, 40, 80, 96, 6, 16, 61, 33, 7, 57, 34, 12, 67, 10, 98, 56, 88, 29, 19, 91, 38, 75, 92, 43, 84, 2, 72, 51, 25, 81, 55, 0, 94, 89, 62]|[2, 0, 2, 1, 1, 2, 1, 1, 1, 1, 1, 0, 2, 2, 1, 2, 0, 0, 0, 2, 2, 1, 0, 2, 0, 2, 2, 1, 0, 1, 1, 1, 0, 0, 1, 0, 2, 1, 2, 2, 0, 0, 1, 1, 0, 2, 0, 2, 1, 0, 0, 2, 0, 0, 2, 0, 1, 1, 0, 0, 2, 1, 0, 2, 2, 0, 2, 2, 0, 1, 2, 1, 1, 2, 0, 1, 1, 1, 1, 2, 2, 1, 1, 1, 1, 0, 0, 0, 1, 0, 2, 1, 1, 1, 1, 0, 0, 1, 1, 1]|[0, 1, 0, 2, 4, 1, 4, 4, 2, 4, 3, 2, 1, 0, 2, 1, 1, 1, 2, 1, 1, 3, 0, 1, 0, 1, 1, 4, 1, 4, 3, 2, 2, 0, 4, 1, 1, 4, 0, 1, 2, 1, 4, 4, 1, 1, 0, 2, 3, 1, 2, 1, 2, 1, 1, 2, 4, 3, 0, 2, 2, 3, 1, 0, 1, 2, 0, 1, 2, 4, 1, 3, 4, 1, 2, 4, 3, 3, 3, 1, 1, 4, 3, 4, 3, 2, 2, 2, 4, 2, 1, 4, 3, 4, 1, 2, 2, 4, 4, 3]|[0, 0, 0, 1, 3, 0, 1, 3, 0, 0, 2, 0, 1, 0, 1, 0, 0, 0, 1, 0, 0, 2, 0, 0, 1, 0, 0, 3, 0, 1, 0, 2, 0, 1, 3, 0, 1, 3, 1, 0, 0, 0, 1, 3, 0, 0, 1, 0, 2, 0, 0, 0, 0, 0, 1, 0, 1, 0, 1, 1, 0, 2, 0, 0, 0, 0, 0, 0, 0, 2, 0, 0, 1, 0, 0, 1, 0, 0, 3, 0, 0, 1, 0, 3, 0, 0, 0, 0, 2, 0, 0, 2, 0, 3, 1, 0, 0, 2, 1, 0],890.2108401545523,52069.51962576852,108936.75246953712,false
14,G2_TEC,G2_TEC,[31, 22, 82, 91, 26, 9, 95, 42, 77, 68, 47, 5, 93, 78, 86, 54, 85, 63, 18, 44, 20, 49, 36, 14, 74, 50, 53, 17, 21, 28, 71, 64, 3, 23, 30, 83, 24, 41, 60, 52, 65, 27, 90, 70, 39, 87, 48, 69, 99, 4, 46, 1, 13, 58, 97, 59, 33, 8, 73, 37, 35, 79, 11, 66, 76, 32, 40, 80, 96, 6, 16, 61, 45, 7, 57, 34, 12, 67, 10, 98, 56, 88, 51, 0, 15, 38, 75, 92, 43, 84, 29, 72, 2, 25, 81, 55, 19, 94, 89, 62]|[2, 1, 2, 1, 1, 2, 1, 1, 1, 1, 1, 0, 2, 2, 1, 2, 0, 0, 0, 2, 2, 1, 0, 2, 0, 2, 2, 1, 0, 1, 1, 1, 0, 0, 1, 0, 2, 1, 2, 2, 0, 0, 1, 1, 0, 2, 0, 2, 1, 0, 0, 2, 0, 0, 2, 0, 1, 1, 0, 0, 1, 1, 0, 2, 2, 0, 2, 2, 0, 1, 2, 1, 1, 2, 0, 1, 1, 1, 1, 2, 2, 1, 1, 0, 1, 0, 0, 0, 1, 0, 1, 1, 2, 1, 1, 0, 1, 1, 1, 1]|[0, 3, 0, 3, 4, 1, 4, 4, 2, 4, 3, 2, 1, 0, 2, 1, 1, 1, 2, 1, 1, 3, 0, 1, 0, 1, 1, 4, 1, 4, 3, 2, 2, 0, 4, 1, 1, 4, 0, 1, 2, 1, 4, 4, 1, 1, 0, 2, 3, 1, 2, 1, 2, 1, 1, 2, 4, 3, 0, 2, 3, 3, 1, 0, 1, 2, 0, 1, 2, 4, 1, 3, 4, 1, 2, 4, 3, 3, 3, 1, 1, 4, 3, 2, 3, 2, 2, 2, 4, 2, 3, 4, 1, 4, 1, 2, 4, 4, 4, 3]|[0, 2, 0, 0, 3, 0, 1, 3, 0, 0, 2, 0, 1, 0, 1, 0, 0, 0, 1, 0, 0, 2, 0, 0, 1, 0, 0, 3, 0, 1, 0, 2, 0, 0, 3, 0, 1, 3, 1, 0, 0, 0, 1, 3, 0, 0, 1, 0, 2, 0, 0, 0, 0, 0, 1, 0, 1, 0, 1, 1, 2, 2, 0, 0, 0, 0, 0, 0, 0, 2, 0, 0, 1, 0, 0, 1, 0, 0, 3, 0, 0, 1, 0, 0, 0, 0, 0, 0, 2, 0, 0, 2, 0, 3, 1, 0, 3, 2, 1, 0],905.114357146627,51426.77964121125,110502.95734048431,false
14,G3_TWC,G1_CMAX,[31, 22, 82, 15, 26, 9, 95, 42, 77, 12, 47, 5, 93, 78, 86, 54, 6, 63, 18, 44, 20, 35, 43, 97, 91, 76, 10, 30, 21, 45, 64, 71, 1, 23, 17, 83, 24, 14, 60, 36, 85, 57, 40, 88, 65, 56, 79, 94, 39, 68, 46, 75, 38, 58, 19, 32, 81, 41, 27, 62, 87, 90, 99, 59, 11, 16, 72, 73, 70, 67, 37, 84, 3, 92, 25, 55, 28, 29, 51, 8, 66, 61, 98, 48, 89, 50, 7, 96, 53, 80, 4, 33, 34, 2, 52, 13, 0, 69, 74, 49]|[1, 1, 0, 1, 1, 0, 1, 2, 2, 1, 2, 2, 2, 1, 1, 0, 0, 1, 0, 2, 2, 0, 1, 2, 0, 1, 2, 2, 0, 0, 1, 2, 1, 2, 1, 0, 2, 0, 1, 1, 0, 1, 1, 1, 0, 2, 1, 1, 0, 0, 0, 0, 1, 1, 2, 1, 2, 0, 0, 0, 2, 1, 0, 1, 2, 1, 2, 1, 1, 1, 1, 1, 1, 0, 1, 1, 0, 0, 0, 1, 0, 1, 0, 0, 1, 0, 1, 2, 0, 0, 0, 0, 2, 0, 1, 0, 0, 1, 2, 0]|[4, 3, 2, 2, 4, 1, 2, 2, 2, 4, 1, 1, 2, 4, 4, 1, 2, 4, 2, 1, 1, 1, 1, 2, 1, 2, 1, 1, 1, 1, 3, 2, 3, 0, 4, 0, 1, 1, 0, 3, 2, 2, 2, 0, 1, 1, 0, 4, 0, 1, 2, 2, 1, 4, 0, 3, 2, 1, 1, 2, 1, 3, 1, 1, 1, 3, 0, 4, 3, 1, 4, 1, 1, 0, 4, 4, 2, 1, 1, 3, 1, 3, 1, 1, 1, 1, 1, 1, 2, 1, 2, 2, 1, 2, 1, 2, 2, 3, 1, 1]|[0, 2, 1, 1, 3, 0, 1, 0, 0, 0, 0, 0, 1, 0, 1, 0, 1, 3, 1, 0, 0, 0, 3, 1, 0, 2, 0, 0, 0, 1, 0, 0, 0, 0, 3, 0, 1, 0, 0, 2, 1, 1, 1, 0, 0, 0, 0, 2, 1, 0, 0, 0, 1, 3, 0, 0, 1, 0, 0, 1, 0, 2, 0, 1, 0, 2, 1, 0, 0, 1, 1, 3, 1, 1, 3, 3, 1, 0, 0, 2, 0, 0, 0, 0, 1, 0, 2, 0, 1, 0, 1, 1, 0, 0, 1, 0, 0, 0, 0, 1],824.1531664905515,57504.66170409152,92407.54974943638,true
14,G1_CMAX,G1_CMAX,[31, 22, 82, 15, 26, 9, 95, 42, 77, 12, 47, 5, 93, 78, 86, 54, 6, 63, 18, 44, 20, 35, 43, 97, 91, 76, 10, 30, 21, 45, 71, 64, 1, 23, 17, 83, 24, 14, 60, 36, 85, 57, 40, 88, 65, 56, 79, 94, 67, 68, 46, 75, 38, 58, 19, 32, 81, 41, 62, 87, 28, 90, 99, 59, 11, 72, 16, 73, 70, 39, 37, 84, 3, 92, 25, 34, 29, 55, 51, 7, 98, 61, 66, 48, 89, 50, 4, 96, 53, 80, 8, 33, 27, 2, 52, 13, 0, 69, 74, 49]|[1, 1, 0, 1, 1, 0, 1, 2, 2, 1, 2, 2, 2, 1, 1, 0, 0, 1, 0, 2, 2, 0, 1, 2, 2, 1, 2, 2, 0, 0, 1, 1, 1, 2, 1, 0, 2, 0, 1, 1, 0, 1, 1, 1, 0, 2, 1, 1, 0, 0, 0, 0, 1, 1, 2, 1, 2, 0, 0, 2, 2, 1, 0, 1, 2, 2, 1, 1, 1, 1, 1, 1, 1, 0, 1, 2, 0, 2, 0, 1, 2, 1, 0, 0, 1, 0, 1, 2, 0, 0, 1, 2, 0, 0, 1, 0, 0, 1, 2, 0]|[0, 3, 2, 2, 4, 1, 2, 2, 2, 4, 1, 1, 2, 4, 4, 1, 2, 4, 2, 1, 1, 1, 1, 2, 1, 2, 1, 1, 1, 1, 3, 3, 3, 0, 4, 0, 1, 1, 0, 3, 2, 2, 2, 0, 1, 1, 0, 4, 0, 1, 2, 2, 1, 4, 0, 3, 2, 1, 2, 1, 1, 3, 1, 1, 1, 0, 3, 4, 3, 1, 4, 1, 1, 0, 4, 1, 1, 1, 1, 1, 1, 3, 1, 1, 1, 1, 4, 1, 2, 1, 3, 1, 2, 2, 1, 2, 2, 4, 1, 1]|[0, 2, 1, 1, 3, 0, 1, 0, 0, 0, 0, 0, 1, 0, 1, 0, 0, 3, 1, 0, 0, 0, 3, 1, 0, 2, 0, 0, 0, 1, 0, 0, 0, 0, 3, 0, 1, 0, 0, 2, 1, 1, 1, 0, 0, 0, 0, 2, 1, 0, 0, 0, 1, 3, 0, 0, 1, 0, 1, 0, 0, 2, 0, 1, 0, 1, 2, 0, 0, 1, 1, 3, 1, 1, 3, 0, 0, 0, 0, 2, 0, 0, 0, 0, 1, 0, 0, 0, 1, 0, 2, 0, 1, 0, 1, 0, 0, 2, 0, 1],740.1000024547002,57245.26292476342,97017.87740826326,false
14,G4_BALANCED,G4_BALANCED,[31, 11, 82, 15, 26, 9, 95, 42, 77, 68, 47, 5, 93, 78, 86, 54, 85, 63, 18, 44, 20, 49, 36, 14, 74, 50, 53, 17, 21, 45, 71, 64, 3, 23, 30, 83, 24, 41, 60, 52, 65, 27, 90, 70, 39, 87, 48, 69, 99, 4, 46, 1, 13, 58, 97, 59, 28, 8, 73, 37, 35, 79, 22, 66, 76, 32, 40, 80, 96, 6, 16, 61, 33, 7, 57, 34, 12, 67, 10, 98, 56, 88, 29, 19, 91, 38, 75, 92, 43, 84, 2, 72, 51, 25, 81, 55, 0, 94, 89, 62]|[2, 0, 2, 1, 1, 2, 1, 1, 1, 1, 1, 0, 2, 2, 1, 2, 0, 0, 0, 2, 2, 1, 0, 2, 0, 2, 2, 1, 0, 1, 1, 1, 0, 0, 1, 0, 2, 1, 2, 2, 0, 0, 1, 1, 0, 2, 0, 2, 1, 0, 0, 2, 0, 0, 2, 0, 1, 1, 0, 0, 2, 1, 0, 2, 2, 0, 2, 2, 0, 1, 2, 1, 1, 2, 0, 1, 1, 1, 1, 2, 2, 1, 1, 1, 1, 0, 0, 0, 1, 0, 2, 1, 1, 1, 1, 0, 0, 1, 1, 1]|[0, 1, 0, 2, 4, 1, 4, 4, 2, 4, 3, 2, 1, 0, 2, 1, 1, 1, 2, 1, 1, 3, 0, 1, 0, 1, 1, 4, 1, 4, 3, 2, 2, 0, 4, 1, 1, 4, 0, 1, 2, 1, 4, 4, 1, 1, 0, 2, 3, 1, 2, 1, 2, 1, 1, 2, 4, 3, 0, 2, 2, 3, 1, 0, 1, 2, 0, 1, 2, 4, 1, 3, 4, 1, 2, 4, 3, 3, 3, 1, 1, 4, 3, 4, 3, 2, 2, 2, 4, 2, 1, 4, 3, 4, 1, 2, 2, 4, 4, 3]|[0, 0, 0, 1, 3, 0, 1, 3, 0, 0, 2, 0, 1, 0, 1, 0, 0, 0, 1, 0, 0, 2, 0, 0, 1, 0, 0, 3, 0, 1, 0, 2, 0, 1, 3, 0, 1, 3, 1, 0, 0, 0, 1, 3, 0, 0, 1, 0, 2, 0, 0, 0, 0, 0, 1, 0, 1, 0, 1, 1, 0, 2, 0, 0, 0, 0, 0, 0, 0, 2, 0, 0, 1, 0, 0, 1, 0, 0, 3, 0, 0, 1, 0, 3, 0, 0, 0, 0, 2, 0, 0, 2, 0, 3, 1, 0, 0, 2, 1, 0],890.2108401545523,52069.51962576852,108936.75246953712,false
14,G2_TEC,G2_TEC,[31, 22, 82, 91, 26, 9, 95, 42, 77, 68, 47, 5, 93, 78, 86, 54, 85, 63, 18, 44, 20, 49, 36, 14, 74, 50, 53, 17, 21, 28, 71, 64, 3, 23, 30, 83, 24, 41, 60, 52, 65, 27, 90, 70, 39, 87, 48, 69, 99, 4, 46, 1, 13, 58, 97, 59, 33, 8, 73, 37, 35, 79, 11, 66, 76, 32, 40, 80, 96, 6, 16, 61, 45, 7, 57, 34, 12, 67, 10, 98, 56, 88, 51, 0, 15, 38, 75, 92, 43, 84, 29, 72, 2, 25, 81, 55, 19, 94, 89, 62]|[2, 1, 2, 1, 1, 2, 1, 1, 1, 1, 1, 0, 2, 2, 1, 2, 0, 0, 0, 2, 2, 1, 0, 2, 0, 2, 2, 1, 0, 1, 1, 1, 0, 0, 1, 0, 2, 1, 2, 2, 0, 0, 1, 1, 0, 2, 0, 2, 1, 0, 0, 2, 0, 0, 2, 0, 1, 1, 0, 0, 1, 1, 0, 2, 2, 0, 2, 2, 0, 1, 2, 1, 1, 2, 0, 1, 1, 1, 1, 2, 2, 1, 1, 0, 1, 0, 0, 0, 1, 0, 1, 1, 2, 1, 1, 0, 1, 1, 1, 1]|[0, 3, 0, 3, 4, 1, 4, 4, 2, 4, 3, 2, 1, 0, 2, 1, 1, 1, 2, 1, 1, 3, 0, 1, 0, 1, 1, 4, 1, 4, 3, 2, 2, 0, 4, 1, 1, 4, 0, 1, 2, 1, 4, 4, 1, 1, 0, 2, 3, 1, 2, 1, 2, 1, 1, 2, 4, 3, 0, 2, 3, 3, 1, 0, 1, 2, 0, 1, 2, 4, 1, 3, 4, 1, 2, 4, 3, 3, 3, 1, 1, 4, 3, 2, 3, 2, 2, 2, 4, 2, 3, 4, 1, 4, 1, 2, 4, 4, 4, 3]|[0, 2, 0, 0, 3, 0, 1, 3, 0, 0, 2, 0, 1, 0, 1, 0, 0, 0, 1, 0, 0, 2, 0, 0, 1, 0, 0, 3, 0, 1, 0, 2, 0, 0, 3, 0, 1, 3, 1, 0, 0, 0, 1, 3, 0, 0, 1, 0, 2, 0, 0, 0, 0, 0, 1, 0, 1, 0, 1, 1, 2, 2, 0, 0, 0, 0, 0, 0, 0, 2, 0, 0, 1, 0, 0, 1, 0, 0, 3, 0, 0, 1, 0, 0, 0, 0, 0, 0, 2, 0, 0, 2, 0, 3, 1, 0, 3, 2, 1, 0],905.114357146627,51426.77964121125,110502.95734048431,false
14,G3_TWC,G1_CMAX,[31, 22, 82, 15, 26, 9, 95, 42, 77, 12, 47, 5, 93, 78, 86, 54, 6, 63, 18, 44, 20, 35, 43, 97, 91, 76, 10, 30, 21, 45, 64, 71, 1, 23, 17, 83, 24, 14, 60, 36, 85, 57, 40, 88, 65, 56, 79, 94, 39, 68, 46, 75, 38, 58, 19, 32, 81, 41, 27, 62, 87, 90, 99, 59, 11, 16, 72, 73, 70, 67, 37, 84, 3, 92, 25, 55, 28, 29, 51, 8, 66, 61, 98, 48, 89, 50, 7, 96, 53, 80, 4, 33, 34, 2, 52, 13, 0, 69, 74, 49]|[1, 1, 0, 1, 1, 0, 1, 2, 2, 1, 2, 2, 2, 1, 1, 0, 0, 1, 0, 2, 2, 0, 1, 2, 0, 1, 2, 2, 0, 0, 1, 2, 1, 2, 1, 0, 2, 0, 1, 1, 0, 1, 1, 1, 0, 2, 1, 1, 0, 0, 0, 0, 1, 1, 2, 1, 2, 0, 0, 0, 2, 1, 0, 1, 2, 1, 2, 1, 1, 1, 1, 1, 1, 0, 1, 1, 0, 0, 0, 1, 0, 1, 0, 0, 1, 0, 1, 2, 0, 0, 0, 0, 2, 0, 1, 0, 0, 1, 2, 0]|[4, 3, 2, 2, 4, 1, 2, 2, 2, 4, 1, 1, 2, 4, 4, 1, 2, 4, 2, 1, 1, 1, 1, 2, 1, 2, 1, 1, 1, 1, 3, 2, 3, 0, 4, 0, 1, 1, 0, 3, 2, 2, 2, 0, 1, 1, 0, 4, 0, 1, 2, 2, 1, 4, 0, 3, 2, 1, 1, 2, 1, 3, 1, 1, 1, 3, 0, 4, 3, 1, 4, 1, 1, 0, 4, 4, 2, 1, 1, 3, 1, 3, 1, 1, 1, 1, 1, 1, 2, 1, 2, 2, 1, 2, 1, 2, 2, 3, 1, 1]|[0, 2, 1, 1, 3, 0, 1, 0, 0, 0, 0, 0, 1, 0, 1, 0, 1, 3, 1, 0, 0, 0, 3, 1, 0, 2, 0, 0, 0, 1, 0, 0, 0, 0, 3, 0, 1, 0, 0, 2, 1, 1, 1, 0, 0, 0, 0, 2, 1, 0, 0, 0, 1, 3, 0, 0, 1, 0, 0, 1, 0, 2, 0, 1, 0, 2, 1, 0, 0, 1, 1, 3, 1, 1, 3, 3, 1, 0, 0, 2, 0, 0, 0, 0, 1, 0, 2, 0, 1, 0, 1, 1, 0, 0, 1, 0, 0, 0, 0, 1],824.1531664905515,57504.66170409152,92407.54974943638,true
14,G1_CMAX,G1_CMAX,[31, 22, 82, 15, 26, 9, 95, 42, 77, 12, 47, 5, 93, 78, 86, 54, 6, 63, 18, 44, 20, 35, 43, 97, 91, 76, 10, 30, 21, 45, 71, 64, 1, 23, 17, 83, 24, 14, 60, 36, 85, 57, 40, 88, 65, 56, 79, 94, 67, 68, 46, 75, 38, 58, 19, 32, 81, 41, 62, 87, 28, 90, 99, 59, 11, 72, 16, 73, 70, 39, 37, 84, 3, 92, 25, 34, 29, 55, 51, 7, 98, 61, 66, 48, 89, 50, 4, 96, 53, 80, 8, 33, 27, 2, 52, 13, 0, 69, 74, 49]|[1, 1, 0, 1, 1, 0, 1, 2, 2, 1, 2, 2, 2, 1, 1, 0, 0, 1, 0, 2, 2, 0, 1, 2, 2, 1, 2, 2, 0, 0, 1, 1, 1, 2, 1, 0, 2, 0, 1, 1, 0, 1, 1, 1, 0, 2, 1, 1, 0, 0, 0, 0, 1, 1, 2, 1, 2, 0, 0, 2, 2, 1, 0, 1, 2, 2, 1, 1, 1, 1, 1, 1, 1, 0, 1, 2, 0, 2, 0, 1, 2, 1, 0, 0, 1, 0, 1, 2, 0, 0, 1, 2, 0, 0, 1, 0, 0, 1, 2, 0]|[0, 3, 2, 2, 4, 1, 2, 2, 2, 4, 1, 1, 2, 4, 4, 1, 2, 4, 2, 1, 1, 1, 1, 2, 1, 2, 1, 1, 1, 1, 3, 3, 3, 0, 4, 0, 1, 1, 0, 3, 2, 2, 2, 0, 1, 1, 0, 4, 0, 1, 2, 2, 1, 4, 0, 3, 2, 1, 2, 1, 1, 3, 1, 1, 1, 0, 3, 4, 3, 1, 4, 1, 1, 0, 4, 1, 1, 1, 1, 1, 1, 3, 1, 1, 1, 1, 4, 1, 2, 1, 3, 1, 2, 2, 1, 2, 2, 4, 1, 1]|[0, 2, 1, 1, 3, 0, 1, 0, 0, 0, 0, 0, 1, 0, 1, 0, 0, 3, 1, 0, 0, 0, 3, 1, 0, 2, 0, 0, 0, 1, 0, 0, 0, 0, 3, 0, 1, 0, 0, 2, 1, 1, 1, 0, 0, 0, 0, 2, 1, 0, 0, 0, 1, 3, 0, 0, 1, 0, 1, 0, 0, 2, 0, 1, 0, 1, 2, 0, 0, 1, 1, 3, 1, 1, 3, 0, 0, 0, 0, 2, 0, 0, 0, 0, 1, 0, 0, 0, 1, 0, 2, 0, 1, 0, 1, 0, 0, 2, 0, 1],740.1000024547002,57245.26292476342,97017.87740826326,false
14,G4_BALANCED,G4_BALANCED,[31, 11, 82, 15, 26, 9, 95, 42, 77, 68, 47, 5, 93, 78, 86, 54, 85, 63, 18, 44, 20, 49, 36, 14, 74, 50, 53, 17, 21, 45, 71, 64, 3, 23, 30, 83, 24, 41, 60, 52, 65, 27, 90, 70, 39, 87, 48, 69, 99, 4, 46, 1, 13, 58, 97, 59, 28, 8, 73, 37, 35, 79, 22, 66, 76, 32, 40, 80, 96, 6, 16, 61, 33, 7, 57, 34, 12, 67, 10, 98, 56, 88, 29, 19, 91, 38, 75, 92, 43, 84, 2, 72, 51, 25, 81, 55, 0, 94, 89, 62]|[2, 0, 2, 1, 1, 2, 1, 1, 1, 1, 1, 0, 2, 2, 1, 2, 0, 0, 0, 2, 2, 1, 0, 2, 0, 2, 2, 1, 0, 1, 1, 1, 0, 0, 1, 0, 2, 1, 2, 2, 0, 0, 1, 1, 0, 2, 0, 2, 1, 0, 0, 2, 0, 0, 2, 0, 1, 1, 0, 0, 2, 1, 0, 2, 2, 0, 2, 2, 0, 1, 2, 1, 1, 2, 0, 1, 1, 1, 1, 2, 2, 1, 1, 1, 1, 0, 0, 0, 1, 0, 2, 1, 1, 1, 1, 0, 0, 1, 1, 1]|[0, 1, 0, 2, 4, 1, 4, 4, 2, 4, 3, 2, 1, 0, 2, 1, 1, 1, 2, 1, 1, 3, 0, 1, 0, 1, 1, 4, 1, 4, 3, 2, 2, 0, 4, 1, 1, 4, 0, 1, 2, 1, 4, 4, 1, 1, 0, 2, 3, 1, 2, 1, 2, 1, 1, 2, 4, 3, 0, 2, 2, 3, 1, 0, 1, 2, 0, 1, 2, 4, 1, 3, 4, 1, 2, 4, 3, 3, 3, 1, 1, 4, 3, 4, 3, 2, 2, 2, 4, 2, 1, 4, 3, 4, 1, 2, 2, 4, 4, 3]|[0, 0, 0, 1, 3, 0, 1, 3, 0, 0, 2, 0, 1, 0, 1, 0, 0, 0, 1, 0, 0, 2, 0, 0, 1, 0, 0, 3, 0, 1, 0, 2, 0, 1, 3, 0, 1, 3, 1, 0, 0, 0, 1, 3, 0, 0, 1, 0, 2, 0, 0, 0, 0, 0, 1, 0, 1, 0, 1, 1, 0, 2, 0, 0, 0, 0, 0, 0, 0, 2, 0, 0, 1, 0, 0, 1, 0, 0, 3, 0, 0, 1, 0, 3, 0, 0, 0, 0, 2, 0, 0, 2, 0, 3, 1, 0, 0, 2, 1, 0],890.2108401545523,52069.51962576852,108936.75246953712,false
14,G2_TEC,G2_TEC,[31, 22, 82, 91, 26, 9, 95, 42, 77, 68, 47, 5, 93, 78, 86, 54, 85, 63, 18, 44, 20, 49, 36, 14, 74, 50, 53, 17, 21, 28, 71, 64, 3, 23, 30, 83, 24, 41, 60, 52, 65, 27, 90, 70, 39, 87, 48, 69, 99, 4, 46, 1, 13, 58, 97, 59, 33, 8, 73, 37, 35, 79, 11, 66, 76, 32, 40, 80, 96, 6, 16, 61, 45, 7, 57, 34, 12, 67, 10, 98, 56, 88, 51, 0, 15, 38, 75, 92, 43, 84, 29, 72, 2, 25, 81, 55, 19, 94, 89, 62]|[2, 1, 2, 1, 1, 2, 1, 1, 1, 1, 1, 0, 2, 2, 1, 2, 0, 0, 0, 2, 2, 1, 0, 2, 0, 2, 2, 1, 0, 1, 1, 1, 0, 0, 1, 0, 2, 1, 2, 2, 0, 0, 1, 1, 0, 2, 0, 2, 1, 0, 0, 2, 0, 0, 2, 0, 1, 1, 0, 0, 1, 1, 0, 2, 2, 0, 2, 2, 0, 1, 2, 1, 1, 2, 0, 1, 1, 1, 1, 2, 2, 1, 1, 0, 1, 0, 0, 0, 1, 0, 1, 1, 2, 1, 1, 0, 1, 1, 1, 1]|[0, 3, 0, 3, 4, 1, 4, 4, 2, 4, 3, 2, 1, 0, 2, 1, 1, 1, 2, 1, 1, 3, 0, 1, 0, 1, 1, 4, 1, 4, 3, 2, 2, 0, 4, 1, 1, 4, 0, 1, 2, 1, 4, 4, 1, 1, 0, 2, 3, 1, 2, 1, 2, 1, 1, 2, 4, 3, 0, 2, 3, 3, 1, 0, 1, 2, 0, 1, 2, 4, 1, 3, 4, 1, 2, 4, 3, 3, 3, 1, 1, 4, 3, 2, 3, 2, 2, 2, 4, 2, 3, 4, 1, 4, 1, 2, 4, 4, 4, 3]|[0, 2, 0, 0, 3, 0, 1, 3, 0, 0, 2, 0, 1, 0, 1, 0, 0, 0, 1, 0, 0, 2, 0, 0, 1, 0, 0, 3, 0, 1, 0, 2, 0, 0, 3, 0, 1, 3, 1, 0, 0, 0, 1, 3, 0, 0, 1, 0, 2, 0, 0, 0, 0, 0, 1, 0, 1, 0, 1, 1, 2, 2, 0, 0, 0, 0, 0, 0, 0, 2, 0, 0, 1, 0, 0, 1, 0, 0, 3, 0, 0, 1, 0, 0, 0, 0, 0, 0, 2, 0, 0, 2, 0, 3, 1, 0, 3, 2, 1, 0],905.114357146627,51426.77964121125,110502.95734048431,false
14,G3_TWC,G1_CMAX,[31, 22, 82, 15, 26, 9, 95, 42, 77, 12, 47, 5, 93, 78, 86, 54, 6, 63, 18, 44, 20, 35, 43, 97, 91, 76, 10, 30, 21, 45, 64, 71, 1, 23, 17, 83, 24, 14, 60, 36, 85, 57, 40, 88, 65, 56, 79, 94, 39, 68, 46, 75, 38, 58, 19, 32, 81, 41, 27, 62, 87, 90, 99, 59, 11, 16, 72, 73, 70, 67, 37, 84, 3, 92, 25, 55, 28, 29, 51, 8, 66, 61, 98, 48, 89, 50, 7, 96, 53, 80, 4, 33, 34, 2, 52, 13, 0, 69, 74, 49]|[1, 1, 0, 1, 1, 0, 1, 2, 2, 1, 2, 2, 2, 1, 1, 0, 0, 1, 0, 2, 2, 0, 1, 2, 0, 1, 2, 2, 0, 0, 1, 2, 1, 2, 1, 0, 2, 0, 1, 1, 0, 1, 1, 1, 0, 2, 1, 1, 0, 0, 0, 0, 1, 1, 2, 1, 2, 0, 0, 0, 2, 1, 0, 1, 2, 1, 2, 1, 1, 1, 1, 1, 1, 0, 1, 1, 0, 0, 0, 1, 0, 1, 0, 0, 1, 0, 1, 2, 0, 0, 0, 0, 2, 0, 1, 0, 0, 1, 2, 0]|[4, 3, 2, 2, 4, 1, 2, 2, 2, 4, 1, 1, 2, 4, 4, 1, 2, 4, 2, 1, 1, 1, 1, 2, 1, 2, 1, 1, 1, 1, 3, 2, 3, 0, 4, 0, 1, 1, 0, 3, 2, 2, 2, 0, 1, 1, 0, 4, 0, 1, 2, 2, 1, 4, 0, 3, 2, 1, 1, 2, 1, 3, 1, 1, 1, 3, 0, 4, 3, 1, 4, 1, 1, 0, 4, 4, 2, 1, 1, 3, 1, 3, 1, 1, 1, 1, 1, 1, 2, 1, 2, 2, 1, 2, 1, 2, 2, 3, 1, 1]|[0, 2, 1, 1, 3, 0, 1, 0, 0, 0, 0, 0, 1, 0, 1, 0, 1, 3, 1, 0, 0, 0, 3, 1, 0, 2, 0, 0, 0, 1, 0, 0, 0, 0, 3, 0, 1, 0, 0, 2, 1, 1, 1, 0, 0, 0, 0, 2, 1, 0, 0, 0, 1, 3, 0, 0, 1, 0, 0, 1, 0, 2, 0, 1, 0, 2, 1, 0, 0, 1, 1, 3, 1, 1, 3, 3, 1, 0, 0, 2, 0, 0, 0, 0, 1, 0, 2, 0, 1, 0, 1, 1, 0, 0, 1, 0, 0, 0, 0, 1],824.1531664905515,57504.66170409152,92407.54974943638,true
14,G1_CMAX,G1_CMAX,[31, 22, 82, 15, 26, 9, 95, 42, 77, 12, 47, 5, 93, 78, 86, 54, 6, 63, 18, 44, 20, 35, 43, 97, 91, 76, 10, 30, 21, 45, 71, 64, 1, 23, 17, 83, 24, 14, 60, 36, 85, 57, 40, 88, 65, 56, 79, 94, 67, 68, 46, 75, 38, 58, 19, 32, 81, 41, 62, 87, 28, 90, 99, 59, 11, 72, 16, 73, 70, 39, 37, 84, 3, 92, 25, 34, 29, 55, 51, 7, 98, 61, 66, 48, 89, 50, 4, 96, 53, 80, 8, 33, 27, 2, 52, 13, 0, 69, 74, 49]|[1, 1, 0, 1, 1, 0, 1, 2, 2, 1, 2, 2, 2, 1, 1, 0, 0, 1, 0, 2, 2, 0, 1, 2, 2, 1, 2, 2, 0, 0, 1, 1, 1, 2, 1, 0, 2, 0, 1, 1, 0, 1, 1, 1, 0, 2, 1, 1, 0, 0, 0, 0, 1, 1, 2, 1, 2, 0, 0, 2, 2, 1, 0, 1, 2, 2, 1, 1, 1, 1, 1, 1, 1, 0, 1, 2, 0, 2, 0, 1, 2, 1, 0, 0, 1, 0, 1, 2, 0, 0, 1, 2, 0, 0, 1, 0, 0, 1, 2, 0]|[0, 3, 2, 2, 4, 1, 2, 2, 2, 4, 1, 1, 2, 4, 4, 1, 2, 4, 2, 1, 1, 1, 1, 2, 1, 2, 1, 1, 1, 1, 3, 3, 3, 0, 4, 0, 1, 1, 0, 3, 2, 2, 2, 0, 1, 1, 0, 4, 0, 1, 2, 2, 1, 4, 0, 3, 2, 1, 2, 1, 1, 3, 1, 1, 1, 0, 3, 4, 3, 1, 4, 1, 1, 0, 4, 1, 1, 1, 1, 1, 1, 3, 1, 1, 1, 1, 4, 1, 2, 1, 3, 1, 2, 2, 1, 2, 2, 4, 1, 1]|[0, 2, 1, 1, 3, 0, 1, 0, 0, 0, 0, 0, 1, 0, 1, 0, 0, 3, 1, 0, 0, 0, 3, 1, 0, 2, 0, 0, 0, 1, 0, 0, 0, 0, 3, 0, 1, 0, 0, 2, 1, 1, 1, 0, 0, 0, 0, 2, 1, 0, 0, 0, 1, 3, 0, 0, 1, 0, 1, 0, 0, 2, 0, 1, 0, 1, 2, 0, 0, 1, 1, 3, 1, 1, 3, 0, 0, 0, 0, 2, 0, 0, 0, 0, 1, 0, 0, 0, 1, 0, 2, 0, 1, 0, 1, 0, 0, 2, 0, 1],740.1000024547002,57245.26292476342,97017.87740826326,false
14,G4_BALANCED,G4_BALANCED,[31, 11, 82, 15, 26, 9, 95, 42, 77, 68, 47, 5, 93, 78, 86, 54, 85, 63, 18, 44, 20, 49, 36, 14, 74, 50, 53, 17, 21, 45, 71, 64, 3, 23, 30, 83, 24, 41, 60, 52, 65, 27, 90, 70, 39, 87, 48, 69, 99, 4, 46, 1, 13, 58, 97, 59, 28, 8, 73, 37, 35, 79, 22, 66, 76, 32, 40, 80, 96, 6, 16, 61, 33, 7, 57, 34, 12, 67, 10, 98, 56, 88, 29, 19, 91, 38, 75, 92, 43, 84, 2, 72, 51, 25, 81, 55, 0, 94, 89, 62]|[2, 0, 2, 1, 1, 2, 1, 1, 1, 1, 1, 0, 2, 2, 1, 2, 0, 0, 0, 2, 2, 1, 0, 2, 0, 2, 2, 1, 0, 1, 1, 1, 0, 0, 1, 0, 2, 1, 2, 2, 0, 0, 1, 1, 0, 2, 0, 2, 1, 0, 0, 2, 0, 0, 2, 0, 1, 1, 0, 0, 2, 1, 0, 2, 2, 0, 2, 2, 0, 1, 2, 1, 1, 2, 0, 1, 1, 1, 1, 2, 2, 1, 1, 1, 1, 0, 0, 0, 1, 0, 2, 1, 1, 1, 1, 0, 0, 1, 1, 1]|[0, 1, 0, 2, 4, 1, 4, 4, 2, 4, 3, 2, 1, 0, 2, 1, 1, 1, 2, 1, 1, 3, 0, 1, 0, 1, 1, 4, 1, 4, 3, 2, 2, 0, 4, 1, 1, 4, 0, 1, 2, 1, 4, 4, 1, 1, 0, 2, 3, 1, 2, 1, 2, 1, 1, 2, 4, 3, 0, 2, 2, 3, 1, 0, 1, 2, 0, 1, 2, 4, 1, 3, 4, 1, 2, 4, 3, 3, 3, 1, 1, 4, 3, 4, 3, 2, 2, 2, 4, 2, 1, 4, 3, 4, 1, 2, 2, 4, 4, 3]|[0, 0, 0, 1, 3, 0, 1, 3, 0, 0, 2, 0, 1, 0, 1, 0, 0, 0, 1, 0, 0, 2, 0, 0, 1, 0, 0, 3, 0, 1, 0, 2, 0, 1, 3, 0, 1, 3, 1, 0, 0, 0, 1, 3, 0, 0, 1, 0, 2, 0, 0, 0, 0, 0, 1, 0, 1, 0, 1, 1, 0, 2, 0, 0, 0, 0, 0, 0, 0, 2, 0, 0, 1, 0, 0, 1, 0, 0, 3, 0, 0, 1, 0, 3, 0, 0, 0, 0, 2, 0, 0, 2, 0, 3, 1, 0, 0, 2, 1, 0],890.2108401545523,52069.51962576852,108936.75246953712,false
14,G2_TEC,G2_TEC,[31, 22, 82, 91, 26, 9, 95, 42, 77, 68, 47, 5, 93, 78, 86, 54, 85, 63, 18, 44, 20, 49, 36, 14, 74, 50, 53, 17, 21, 28, 71, 64, 3, 23, 30, 83, 24, 41, 60, 52, 65, 27, 90, 70, 39, 87, 48, 69, 99, 4, 46, 1, 13, 58, 97, 59, 33, 8, 73, 37, 35, 79, 11, 66, 76, 32, 40, 80, 96, 6, 16, 61, 45, 7, 57, 34, 12, 67, 10, 98, 56, 88, 51, 0, 15, 38, 75, 92, 43, 84, 29, 72, 2, 25, 81, 55, 19, 94, 89, 62]|[2, 1, 2, 1, 1, 2, 1, 1, 1, 1, 1, 0, 2, 2, 1, 2, 0, 0, 0, 2, 2, 1, 0, 2, 0, 2, 2, 1, 0, 1, 1, 1, 0, 0, 1, 0, 2, 1, 2, 2, 0, 0, 1, 1, 0, 2, 0, 2, 1, 0, 0, 2, 0, 0, 2, 0, 1, 1, 0, 0, 1, 1, 0, 2, 2, 0, 2, 2, 0, 1, 2, 1, 1, 2, 0, 1, 1, 1, 1, 2, 2, 1, 1, 0, 1, 0, 0, 0, 1, 0, 1, 1, 2, 1, 1, 0, 1, 1, 1, 1]|[0, 3, 0, 3, 4, 1, 4, 4, 2, 4, 3, 2, 1, 0, 2, 1, 1, 1, 2, 1, 1, 3, 0, 1, 0, 1, 1, 4, 1, 4, 3, 2, 2, 0, 4, 1, 1, 4, 0, 1, 2, 1, 4, 4, 1, 1, 0, 2, 3, 1, 2, 1, 2, 1, 1, 2, 4, 3, 0, 2, 3, 3, 1, 0, 1, 2, 0, 1, 2, 4, 1, 3, 4, 1, 2, 4, 3, 3, 3, 1, 1, 4, 3, 2, 3, 2, 2, 2, 4, 2, 3, 4, 1, 4, 1, 2, 4, 4, 4, 3]|[0, 2, 0, 0, 3, 0, 1, 3, 0, 0, 2, 0, 1, 0, 1, 0, 0, 0, 1, 0, 0, 2, 0, 0, 1, 0, 0, 3, 0, 1, 0, 2, 0, 0, 3, 0, 1, 3, 1, 0, 0, 0, 1, 3, 0, 0, 1, 0, 2, 0, 0, 0, 0, 0, 1, 0, 1, 0, 1, 1, 2, 2, 0, 0, 0, 0, 0, 0, 0, 2, 0, 0, 1, 0, 0, 1, 0, 0, 3, 0, 0, 1, 0, 0, 0, 0, 0, 0, 2, 0, 0, 2, 0, 3, 1, 0, 3, 2, 1, 0],905.114357146627,51426.77964121125,110502.95734048431,false
14,G3_TWC,G1_CMAX,[31, 22, 82, 15, 26, 9, 95, 42, 77, 12, 47, 5, 93, 78, 86, 54, 6, 63, 18, 44, 20, 35, 43, 97, 91, 76, 10, 30, 21, 45, 64, 71, 1, 23, 17, 83, 24, 14, 60, 36, 85, 57, 40, 88, 65, 56, 79, 94, 39, 68, 46, 75, 38, 58, 19, 32, 81, 41, 27, 62, 87, 90, 99, 59, 11, 16, 72, 73, 70, 67, 37, 84, 3, 92, 25, 55, 28, 29, 51, 8, 66, 61, 98, 48, 89, 50, 7, 96, 53, 80, 4, 33, 34, 2, 52, 13, 0, 69, 74, 49]|[1, 1, 0, 1, 1, 0, 1, 2, 2, 1, 2, 2, 2, 1, 1, 0, 0, 1, 0, 2, 2, 0, 1, 2, 0, 1, 2, 2, 0, 0, 1, 2, 1, 2, 1, 0, 2, 0, 1, 1, 0, 1, 1, 1, 0, 2, 1, 1, 0, 0, 0, 0, 1, 1, 2, 1, 2, 0, 0, 0, 2, 1, 0, 1, 2, 1, 2, 1, 1, 1, 1, 1, 1, 0, 1, 1, 0, 0, 0, 1, 0, 1, 0, 0, 1, 0, 1, 2, 0, 0, 0, 0, 2, 0, 1, 0, 0, 1, 2, 0]|[4, 3, 2, 2, 4, 1, 2, 2, 2, 4, 1, 1, 2, 4, 4, 1, 2, 4, 2, 1, 1, 1, 1, 2, 1, 2, 1, 1, 1, 1, 3, 2, 3, 0, 4, 0, 1, 1, 0, 3, 2, 2, 2, 0, 1, 1, 0, 4, 0, 1, 2, 2, 1, 4, 0, 3, 2, 1, 1, 2, 1, 3, 1, 1, 1, 3, 0, 4, 3, 1, 4, 1, 1, 0, 4, 4, 2, 1, 1, 3, 1, 3, 1, 1, 1, 1, 1, 1, 2, 1, 2, 2, 1, 2, 1, 2, 2, 3, 1, 1]|[0, 2, 1, 1, 3, 0, 1, 0, 0, 0, 0, 0, 1, 0, 1, 0, 1, 3, 1, 0, 0, 0, 3, 1, 0, 2, 0, 0, 0, 1, 0, 0, 0, 0, 3, 0, 1, 0, 0, 2, 1, 1, 1, 0, 0, 0, 0, 2, 1, 0, 0, 0, 1, 3, 0, 0, 1, 0, 0, 1, 0, 2, 0, 1, 0, 2, 1, 0, 0, 1, 1, 3, 1, 1, 3, 3, 1, 0, 0, 2, 0, 0, 0, 0, 1, 0, 2, 0, 1, 0, 1, 1, 0, 0, 1, 0, 0, 0, 0, 1],824.1531664905515,57504.66170409152,92407.54974943638,true
14,G1_CMAX,G1_CMAX,[31, 22, 82, 15, 26, 9, 95, 42, 77, 12, 47, 5, 93, 78, 86, 54, 6, 63, 18, 44, 20, 35, 43, 97, 91, 76, 10, 30, 21, 45, 71, 64, 1, 23, 17, 83, 24, 14, 60, 36, 85, 57, 40, 88, 65, 56, 79, 94, 67, 68, 46, 75, 38, 58, 19, 32, 81, 41, 62, 87, 28, 90, 99, 59, 11, 72, 16, 73, 70, 39, 37, 84, 3, 92, 25, 34, 29, 55, 51, 7, 98, 61, 66, 48, 89, 50, 4, 96, 53, 80, 8, 33, 27, 2, 52, 13, 0, 69, 74, 49]|[1, 1, 0, 1, 1, 0, 1, 2, 2, 1, 2, 2, 2, 1, 1, 0, 0, 1, 0, 2, 2, 0, 1, 2, 2, 1, 2, 2, 0, 0, 1, 1, 1, 2, 1, 0, 2, 0, 1, 1, 0, 1, 1, 1, 0, 2, 1, 1, 0, 0, 0, 0, 1, 1, 2, 1, 2, 0, 0, 2, 2, 1, 0, 1, 2, 2, 1, 1, 1, 1, 1, 1, 1, 0, 1, 2, 0, 2, 0, 1, 2, 1, 0, 0, 1, 0, 1, 2, 0, 0, 1, 2, 0, 0, 1, 0, 0, 1, 2, 0]|[0, 3, 2, 2, 4, 1, 2, 2, 2, 4, 1, 1, 2, 4, 4, 1, 2, 4, 2, 1, 1, 1, 1, 2, 1, 2, 1, 1, 1, 1, 3, 3, 3, 0, 4, 0, 1, 1, 0, 3, 2, 2, 2, 0, 1, 1, 0, 4, 0, 1, 2, 2, 1, 4, 0, 3, 2, 1, 2, 1, 1, 3, 1, 1, 1, 0, 3, 4, 3, 1, 4, 1, 1, 0, 4, 1, 1, 1, 1, 1, 1, 3, 1, 1, 1, 1, 4, 1, 2, 1, 3, 1, 2, 2, 1, 2, 2, 4, 1, 1]|[0, 2, 1, 1, 3, 0, 1, 0, 0, 0, 0, 0, 1, 0, 1, 0, 0, 3, 1, 0, 0, 0, 3, 1, 0, 2, 0, 0, 0, 1, 0, 0, 0, 0, 3, 0, 1, 0, 0, 2, 1, 1, 1, 0, 0, 0, 0, 2, 1, 0, 0, 0, 1, 3, 0, 0, 1, 0, 1, 0, 0, 2, 0, 1, 0, 1, 2, 0, 0, 1, 1, 3, 1, 1, 3, 0, 0, 0, 0, 2, 0, 0, 0, 0, 1, 0, 0, 0, 1, 0, 2, 0, 1, 0, 1, 0, 0, 2, 0, 1],740.1000024547002,57245.26292476342,97017.87740826326,false
14,G4_BALANCED,G4_BALANCED,[31, 11, 82, 15, 26, 9, 95, 42, 77, 68, 47, 5, 93, 78, 86, 54, 85, 63, 18, 44, 20, 49, 36, 14, 74, 50, 53, 17, 21, 45, 71, 64, 3, 23, 30, 83, 24, 41, 60, 52, 65, 27, 90, 70, 39, 87, 48, 69, 99, 4, 46, 1, 13, 58, 97, 59, 28, 8, 73, 37, 35, 79, 22, 66, 76, 32, 40, 80, 96, 6, 16, 61, 33, 7, 57, 34, 12, 67, 10, 98, 56, 88, 29, 19, 91, 38, 75, 92, 43, 84, 2, 72, 51, 25, 81, 55, 0, 94, 89, 62]|[2, 0, 2, 1, 1, 2, 1, 1, 1, 1, 1, 0, 2, 2, 1, 2, 0, 0, 0, 2, 2, 1, 0, 2, 0, 2, 2, 1, 0, 1, 1, 1, 0, 0, 1, 0, 2, 1, 2, 2, 0, 0, 1, 1, 0, 2, 0, 2, 1, 0, 0, 2, 0, 0, 2, 0, 1, 1, 0, 0, 2, 1, 0, 2, 2, 0, 2, 2, 0, 1, 2, 1, 1, 2, 0, 1, 1, 1, 1, 2, 2, 1, 1, 1, 1, 0, 0, 0, 1, 0, 2, 1, 1, 1, 1, 0, 0, 1, 1, 1]|[0, 1, 0, 2, 4, 1, 4, 4, 2, 4, 3, 2, 1, 0, 2, 1, 1, 1, 2, 1, 1, 3, 0, 1, 0, 1, 1, 4, 1, 4, 3, 2, 2, 0, 4, 1, 1, 4, 0, 1, 2, 1, 4, 4, 1, 1, 0, 2, 3, 1, 2, 1, 2, 1, 1, 2, 4, 3, 0, 2, 2, 3, 1, 0, 1, 2, 0, 1, 2, 4, 1, 3, 4, 1, 2, 4, 3, 3, 3, 1, 1, 4, 3, 4, 3, 2, 2, 2, 4, 2, 1, 4, 3, 4, 1, 2, 2, 4, 4, 3]|[0, 0, 0, 1, 3, 0, 1, 3, 0, 0, 2, 0, 1, 0, 1, 0, 0, 0, 1, 0, 0, 2, 0, 0, 1, 0, 0, 3, 0, 1, 0, 2, 0, 1, 3, 0, 1, 3, 1, 0, 0, 0, 1, 3, 0, 0, 1, 0, 2, 0, 0, 0, 0, 0, 1, 0, 1, 0, 1, 1, 0, 2, 0, 0, 0, 0, 0, 0, 0, 2, 0, 0, 1, 0, 0, 1, 0, 0, 3, 0, 0, 1, 0, 3, 0, 0, 0, 0, 2, 0, 0, 2, 0, 3, 1, 0, 0, 2, 1, 0],890.2108401545523,52069.51962576852,108936.75246953712,false
14,G2_TEC,G2_TEC,[31, 22, 82, 91, 26, 9, 95, 42, 77, 68, 47, 5, 93, 78, 86, 54, 85, 63, 18, 44, 20, 49, 36, 14, 74, 50, 53, 17, 21, 28, 71, 64, 3, 23, 30, 83, 24, 41, 60, 52, 65, 27, 90, 70, 39, 87, 48, 69, 99, 4, 46, 1, 13, 58, 97, 59, 33, 8, 73, 37, 35, 79, 11, 66, 76, 32, 40, 80, 96, 6, 16, 61, 45, 7, 57, 34, 12, 67, 10, 98, 56, 88, 51, 0, 15, 38, 75, 92, 43, 84, 29, 72, 2, 25, 81, 55, 19, 94, 89, 62]|[2, 1, 2, 1, 1, 2, 1, 1, 1, 1, 1, 0, 2, 2, 1, 2, 0, 0, 0, 2, 2, 1, 0, 2, 0, 2, 2, 1, 0, 1, 1, 1, 0, 0, 1, 0, 2, 1, 2, 2, 0, 0, 1, 1, 0, 2, 0, 2, 1, 0, 0, 2, 0, 0, 2, 0, 1, 1, 0, 0, 1, 1, 0, 2, 2, 0, 2, 2, 0, 1, 2, 1, 1, 2, 0, 1, 1, 1, 1, 2, 2, 1, 1, 0, 1, 0, 0, 0, 1, 0, 1, 1, 2, 1, 1, 0, 1, 1, 1, 1]|[0, 3, 0, 3, 4, 1, 4, 4, 2, 4, 3, 2, 1, 0, 2, 1, 1, 1, 2, 1, 1, 3, 0, 1, 0, 1, 1, 4, 1, 4, 3, 2, 2, 0, 4, 1, 1, 4, 0, 1, 2, 1, 4, 4, 1, 1, 0, 2, 3, 1, 2, 1, 2, 1, 1, 2, 4, 3, 0, 2, 3, 3, 1, 0, 1, 2, 0, 1, 2, 4, 1, 3, 4, 1, 2, 4, 3, 3, 3, 1, 1, 4, 3, 2, 3, 2, 2, 2, 4, 2, 3, 4, 1, 4, 1, 2, 4, 4, 4, 3]|[0, 2, 0, 0, 3, 0, 1, 3, 0, 0, 2, 0, 1, 0, 1, 0, 0, 0, 1, 0, 0, 2, 0, 0, 1, 0, 0, 3, 0, 1, 0, 2, 0, 0, 3, 0, 1, 3, 1, 0, 0, 0, 1, 3, 0, 0, 1, 0, 2, 0, 0, 0, 0, 0, 1, 0, 1, 0, 1, 1, 2, 2, 0, 0, 0, 0, 0, 0, 0, 2, 0, 0, 1, 0, 0, 1, 0, 0, 3, 0, 0, 1, 0, 0, 0, 0, 0, 0, 2, 0, 0, 2, 0, 3, 1, 0, 3, 2, 1, 0],905.114357146627,51426.77964121125,110502.95734048431,false
14,G3_TWC,G1_CMAX,[31, 22, 82, 15, 26, 9, 95, 42, 77, 12, 47, 5, 93, 78, 86, 54, 6, 63, 18, 44, 20, 35, 43, 97, 91, 76, 10, 30, 21, 45, 64, 71, 1, 23, 17, 83, 24, 14, 60, 36, 85, 57, 40, 88, 65, 56, 79, 94, 39, 68, 46, 75, 38, 58, 19, 32, 81, 41, 27, 62, 87, 90, 99, 59, 11, 16, 72, 73, 70, 67, 37, 84, 3, 92, 25, 55, 28, 29, 51, 8, 66, 61, 98, 48, 89, 50, 7, 96, 53, 80, 4, 33, 34, 2, 52, 13, 0, 69, 74, 49]|[1, 1, 0, 1, 1, 0, 1, 2, 2, 1, 2, 2, 2, 1, 1, 0, 0, 1, 0, 2, 2, 0, 1, 2, 0, 1, 2, 2, 0, 0, 1, 2, 1, 2, 1, 0, 2, 0, 1, 1, 0, 1, 1, 1, 0, 2, 1, 1, 0, 0, 0, 0, 1, 1, 2, 1, 2, 0, 0, 0, 2, 1, 0, 1, 2, 1, 2, 1, 1, 1, 1, 1, 1, 0, 1, 1, 0, 0, 0, 1, 0, 1, 0, 0, 1, 0, 1, 2, 0, 0, 0, 0, 2, 0, 1, 0, 0, 1, 2, 0]|[4, 3, 2, 2, 4, 1, 2, 2, 2, 4, 1, 1, 2, 4, 4, 1, 2, 4, 2, 1, 1, 1, 1, 2, 1, 2, 1, 1, 1, 1, 3, 2, 3, 0, 4, 0, 1, 1, 0, 3, 2, 2, 2, 0, 1, 1, 0, 4, 0, 1, 2, 2, 1, 4, 0, 3, 2, 1, 1, 2, 1, 3, 1, 1, 1, 3, 0, 4, 3, 1, 4, 1, 1, 0, 4, 4, 2, 1, 1, 3, 1, 3, 1, 1, 1, 1, 1, 1, 2, 1, 2, 2, 1, 2, 1, 2, 2, 3, 1, 1]|[0, 2, 1, 1, 3, 0, 1, 0, 0, 0, 0, 0, 1, 0, 1, 0, 1, 3, 1, 0, 0, 0, 3, 1, 0, 2, 0, 0, 0, 1, 0, 0, 0, 0, 3, 0, 1, 0, 0, 2, 1, 1, 1, 0, 0, 0, 0, 2, 1, 0, 0, 0, 1, 3, 0, 0, 1, 0, 0, 1, 0, 2, 0, 1, 0, 2, 1, 0, 0, 1, 1, 3, 1, 1, 3, 3, 1, 0, 0, 2, 0, 0, 0, 0, 1, 0, 2, 0, 1, 0, 1, 1, 0, 0, 1, 0, 0, 0, 0, 1],824.1531664905515,57504.66170409152,92407.54974943638,true
14,G1_CMAX,G1_CMAX,[31, 22, 82, 15, 26, 9, 95, 42, 77, 12, 47, 5, 93, 78, 86, 54, 6, 63, 18, 44, 20, 35, 43, 97, 91, 76, 10, 30, 21, 45, 71, 64, 1, 23, 17, 83, 24, 14, 60, 36, 85, 57, 40, 88, 65, 56, 79, 94, 67, 68, 46, 75, 38, 58, 19, 32, 81, 41, 62, 87, 28, 90, 99, 59, 11, 72, 16, 73, 70, 39, 37, 84, 3, 92, 25, 34, 29, 55, 51, 7, 98, 61, 66, 48, 89, 50, 4, 96, 53, 80, 8, 33, 27, 2, 52, 13, 0, 69, 74, 49]|[1, 1, 0, 1, 1, 0, 1, 2, 2, 1, 2, 2, 2, 1, 1, 0, 0, 1, 0, 2, 2, 0, 1, 2, 2, 1, 2, 2, 0, 0, 1, 1, 1, 2, 1, 0, 2, 0, 1, 1, 0, 1, 1, 1, 0, 2, 1, 1, 0, 0, 0, 0, 1, 1, 2, 1, 2, 0, 0, 2, 2, 1, 0, 1, 2, 2, 1, 1, 1, 1, 1, 1, 1, 0, 1, 2, 0, 2, 0, 1, 2, 1, 0, 0, 1, 0, 1, 2, 0, 0, 1, 2, 0, 0, 1, 0, 0, 1, 2, 0]|[0, 3, 2, 2, 4, 1, 2, 2, 2, 4, 1, 1, 2, 4, 4, 1, 2, 4, 2, 1, 1, 1, 1, 2, 1, 2, 1, 1, 1, 1, 3, 3, 3, 0, 4, 0, 1, 1, 0, 3, 2, 2, 2, 0, 1, 1, 0, 4, 0, 1, 2, 2, 1, 4, 0, 3, 2, 1, 2, 1, 1, 3, 1, 1, 1, 0, 3, 4, 3, 1, 4, 1, 1, 0, 4, 1, 1, 1, 1, 1, 1, 3, 1, 1, 1, 1, 4, 1, 2, 1, 3, 1, 2, 2, 1, 2, 2, 4, 1, 1]|[0, 2, 1, 1, 3, 0, 1, 0, 0, 0, 0, 0, 1, 0, 1, 0, 0, 3, 1, 0, 0, 0, 3, 1, 0, 2, 0, 0, 0, 1, 0, 0, 0, 0, 3, 0, 1, 0, 0, 2, 1, 1, 1, 0, 0, 0, 0, 2, 1, 0, 0, 0, 1, 3, 0, 0, 1, 0, 1, 0, 0, 2, 0, 1, 0, 1, 2, 0, 0, 1, 1, 3, 1, 1, 3, 0, 0, 0, 0, 2, 0, 0, 0, 0, 1, 0, 0, 0, 1, 0, 2, 0, 1, 0, 1, 0, 0, 2, 0, 1],740.1000024547002,57245.26292476342,97017.87740826326,false
14,G4_BALANCED,G4_BALANCED,[31, 11, 82, 15, 26, 9, 95, 42, 77, 68, 47, 5, 93, 78, 86, 54, 85, 63, 18, 44, 20, 49, 36, 14, 74, 50, 53, 17, 21, 45, 71, 64, 3, 23, 30, 83, 24, 41, 60, 52, 65, 27, 90, 70, 39, 87, 48, 69, 99, 4, 46, 1, 13, 58, 97, 59, 28, 8, 73, 37, 35, 79, 22, 66, 76, 32, 40, 80, 96, 6, 16, 61, 33, 7, 57, 34, 12, 67, 10, 98, 56, 88, 29, 19, 91, 38, 75, 92, 43, 84, 2, 62, 89, 25, 81, 55, 0, 51, 94, 72]|[2, 0, 2, 1, 1, 2, 1, 1, 1, 1, 1, 0, 2, 2, 1, 2, 0, 0, 0, 2, 2, 1, 0, 2, 0, 2, 2, 1, 0, 1, 1, 1, 0, 0, 1, 0, 2, 1, 2, 2, 0, 0, 1, 1, 0, 2, 0, 2, 1, 0, 0, 2, 0, 0, 2, 0, 1, 1, 0, 0, 2, 1, 0, 2, 2, 0, 2, 2, 0, 1, 2, 1, 1, 2, 0, 1, 1, 1, 1, 2, 2, 1, 1, 1, 1, 0, 0, 0, 1, 0, 2, 1, 1, 1, 1, 0, 0, 1, 2, 1]|[0, 1, 0, 2, 4, 1, 4, 4, 2, 4, 3, 2, 1, 0, 2, 1, 1, 1, 2, 1, 1, 3, 0, 1, 0, 1, 1, 4, 1, 4, 3, 2, 2, 0, 4, 1, 1, 4, 0, 1, 2, 1, 4, 4, 1, 1, 0, 2, 3, 1, 2, 1, 2, 1, 1, 2, 4, 3, 0, 2, 2, 3, 1, 0, 1, 2, 0, 1, 2, 4, 1, 3, 4, 1, 2, 4, 3, 3, 3, 1, 1, 4, 3, 4, 3, 2, 2, 2, 4, 2, 1, 3, 4, 4, 1, 2, 2, 3, 1, 4]|[0, 0, 0, 1, 3, 0, 1, 3, 0, 0, 2, 0, 1, 0, 1, 0, 0, 0, 1, 0, 0, 2, 0, 0, 1, 0, 0, 3, 0, 1, 0, 2, 0, 1, 3, 0, 1, 3, 1, 0, 0, 0, 1, 3, 0, 0, 1, 0, 2, 0, 0, 0, 0, 0, 1, 0, 1, 0, 1, 1, 0, 2, 0, 0, 0, 0, 0, 0, 0, 2, 0, 0, 1, 0, 0, 1, 0, 0, 3, 0, 0, 1, 0, 3, 0, 0, 0, 0, 2, 0, 0, 0, 1, 3, 1, 0, 0, 0, 0, 2],881.405946062522,51976.849772881724,108825.74449297087,false
14,G2_TEC,G2_TEC,[31, 22, 82, 91, 26, 9, 95, 42, 77, 68, 47, 5, 93, 78, 86, 54, 85, 63, 18, 44, 20, 49, 36, 14, 74, 50, 53, 17, 21, 28, 71, 64, 3, 23, 30, 83, 24, 41, 60, 52, 65, 27, 90, 70, 39, 87, 48, 69, 99, 4, 46, 1, 13, 58, 97, 59, 33, 8, 73, 37, 35, 79, 11, 66, 76, 32, 40, 80, 96, 6, 16, 61, 45, 7, 57, 34, 12, 67, 10, 98, 56, 88, 51, 0, 15, 38, 75, 92, 43, 84, 29, 72, 2, 25, 81, 55, 19, 94, 89, 62]|[2, 1, 2, 1, 1, 2, 1, 1, 1, 1, 1, 0, 2, 2, 1, 2, 0, 0, 0, 2, 2, 1, 0, 2, 0, 2, 2, 1, 0, 1, 1, 1, 0, 0, 1, 0, 2, 1, 2, 2, 0, 0, 1, 1, 0, 2, 0, 2, 1, 0, 0, 2, 0, 0, 2, 0, 1, 1, 0, 0, 1, 1, 0, 2, 2, 0, 2, 2, 0, 1, 2, 1, 1, 2, 0, 1, 1, 1, 1, 2, 2, 1, 1, 0, 1, 0, 0, 0, 1, 0, 1, 1, 2, 1, 1, 0, 1, 1, 1, 1]|[0, 3, 0, 3, 4, 1, 4, 4, 2, 4, 3, 2, 1, 0, 2, 1, 1, 1, 2, 1, 1, 3, 0, 1, 0, 1, 1, 4, 1, 4, 3, 2, 2, 0, 4, 1, 1, 4, 0, 1, 2, 1, 4, 4, 1, 1, 0, 2, 3, 1, 2, 1, 2, 1, 1, 2, 4, 3, 0, 2, 3, 3, 1, 0, 1, 2, 0, 1, 2, 4, 1, 3, 4, 1, 2, 4, 3, 3, 3, 1, 1, 4, 3, 2, 3, 2, 2, 2, 4, 2, 3, 4, 1, 4, 1, 2, 4, 4, 4, 3]|[0, 2, 0, 0, 3, 0, 1, 3, 0, 0, 2, 0, 1, 0, 1, 0, 0, 0, 1, 0, 0, 2, 0, 0, 1, 0, 0, 3, 0, 1, 0, 2, 0, 0, 3, 0, 1, 3, 1, 0, 0, 0, 1, 3, 0, 0, 1, 0, 2, 0, 0, 0, 0, 0, 1, 0, 1, 0, 1, 1, 2, 2, 0, 0, 0, 0, 0, 0, 0, 2, 0, 0, 1, 0, 0, 1, 0, 0, 3, 0, 0, 1, 0, 0, 0, 0, 0, 0, 2, 0, 0, 2, 0, 3, 1, 0, 3, 2, 1, 0],905.114357146627,51426.77964121125,110502.95734048431,false
14,G3_TWC,G1_CMAX,[31, 22, 82, 15, 26, 9, 95, 42, 77, 12, 47, 5, 93, 78, 86, 54, 6, 63, 18, 44, 20, 35, 43, 97, 91, 76, 10, 30, 21, 45, 64, 71, 1, 23, 17, 83, 24, 14, 60, 36, 85, 57, 40, 88, 65, 56, 79, 94, 39, 68, 46, 75, 38, 58, 19, 32, 81, 41, 27, 62, 87, 90, 99, 59, 11, 16, 72, 73, 70, 67, 37, 84, 3, 92, 25, 55, 28, 29, 51, 8, 66, 61, 98, 48, 89, 50, 7, 96, 53, 80, 4, 33, 34, 2, 52, 13, 0, 69, 74, 49]|[1, 1, 0, 1, 1, 0, 1, 2, 2, 1, 2, 2, 2, 1, 1, 0, 0, 1, 0, 2, 2, 0, 1, 2, 0, 1, 2, 2, 0, 0, 1, 2, 1, 2, 1, 0, 2, 0, 1, 1, 0, 1, 1, 1, 0, 2, 1, 1, 0, 0, 0, 0, 1, 1, 2, 1, 2, 0, 0, 0, 2, 1, 0, 1, 2, 1, 2, 1, 1, 1, 1, 1, 1, 0, 1, 1, 0, 0, 0, 1, 0, 1, 0, 0, 1, 0, 1, 2, 0, 0, 0, 0, 2, 0, 1, 0, 0, 1, 2, 0]|[4, 3, 2, 2, 4, 1, 2, 2, 2, 4, 1, 1, 2, 4, 4, 1, 2, 4, 2, 1, 1, 1, 1, 2, 1, 2, 1, 1, 1, 1, 3, 2, 3, 0, 4, 0, 1, 1, 0, 3, 2, 2, 2, 0, 1, 1, 0, 4, 0, 1, 2, 2, 1, 4, 0, 3, 2, 1, 1, 2, 1, 3, 1, 1, 1, 3, 0, 4, 3, 1, 4, 1, 1, 0, 4, 4, 2, 1, 1, 3, 1, 3, 1, 1, 1, 1, 1, 1, 2, 1, 2, 2, 1, 2, 1, 2, 2, 3, 1, 1]|[0, 2, 1, 1, 3, 0, 1, 0, 0, 0, 0, 0, 1, 0, 1, 0, 1, 3, 1, 0, 0, 0, 3, 1, 0, 2, 0, 0, 0, 1, 0, 0, 0, 0, 3, 0, 1, 0, 0, 2, 1, 1, 1, 0, 0, 0, 0, 2, 1, 0, 0, 0, 1, 3, 0, 0, 1, 0, 0, 1, 0, 2, 0, 1, 0, 2, 1, 0, 0, 1, 1, 3, 1, 1, 3, 3, 1, 0, 0, 2, 0, 0, 0, 0, 1, 0, 2, 0, 1, 0, 1, 1, 0, 0, 1, 0, 0, 0, 0, 1],824.1531664905515,57504.66170409152,92407.54974943638,true
14,G1_CMAX,G1_CMAX,[31, 22, 82, 15, 26, 9, 95, 42, 77, 12, 47, 5, 93, 78, 86, 54, 6, 63, 18, 44, 20, 35, 43, 97, 91, 76, 10, 30, 21, 45, 71, 64, 1, 23, 17, 83, 24, 14, 60, 36, 85, 57, 40, 88, 65, 56, 79, 94, 67, 68, 46, 75, 38, 58, 19, 32, 81, 41, 62, 87, 28, 90, 99, 59, 11, 72, 16, 73, 70, 39, 37, 84, 3, 92, 25, 34, 29, 55, 51, 7, 98, 61, 66, 48, 89, 50, 4, 96, 53, 80, 8, 33, 27, 2, 52, 13, 0, 69, 74, 49]|[1, 1, 0, 1, 1, 0, 1, 2, 2, 1, 2, 2, 2, 1, 1, 0, 0, 1, 0, 2, 2, 0, 1, 2, 2, 1, 2, 2, 0, 0, 1, 1, 1, 2, 1, 0, 2, 0, 1, 1, 0, 1, 1, 1, 0, 2, 1, 1, 0, 0, 0, 0, 1, 1, 2, 1, 2, 0, 0, 2, 2, 1, 0, 1, 2, 2, 1, 1, 1, 1, 1, 1, 1, 0, 1, 2, 0, 2, 0, 1, 2, 1, 0, 0, 1, 0, 1, 2, 0, 0, 1, 2, 0, 0, 1, 0, 0, 1, 2, 0]|[0, 3, 2, 2, 4, 1, 2, 2, 2, 4, 1, 1, 2, 4, 4, 1, 2, 4, 2, 1, 1, 1, 1, 2, 1, 2, 1, 1, 1, 1, 3, 3, 3, 0, 4, 0, 1, 1, 0, 3, 2, 2, 2, 0, 1, 1, 0, 4, 0, 1, 2, 2, 1, 4, 0, 3, 2, 1, 2, 1, 1, 3, 1, 1, 1, 0, 3, 4, 3, 1, 4, 1, 1, 0, 4, 1, 1, 1, 1, 1, 1, 3, 1, 1, 1, 1, 4, 1, 2, 1, 3, 1, 2, 2, 1, 2, 2, 4, 1, 1]|[0, 2, 1, 1, 3, 0, 1, 0, 0, 0, 0, 0, 1, 0, 1, 0, 0, 3, 1, 0, 0, 0, 3, 1, 0, 2, 0, 0, 0, 1, 0, 0, 0, 0, 3, 0, 1, 0, 0, 2, 1, 1, 1, 0, 0, 0, 0, 2, 1, 0, 0, 0, 1, 3, 0, 0, 1, 0, 1, 0, 0, 2, 0, 1, 0, 1, 2, 0, 0, 1, 1, 3, 1, 1, 3, 0, 0, 0, 0, 2, 0, 0, 0, 0, 1, 0, 0, 0, 1, 0, 2, 0, 1, 0, 1, 0, 0, 2, 0, 1],740.1000024547002,57245.26292476342,97017.87740826326,false
14,G4_BALANCED,G4_BALANCED,[31, 11, 82, 15, 26, 9, 95, 42, 77, 68, 47, 5, 93, 78, 86, 54, 85, 63, 18, 44, 20, 49, 36, 14, 74, 50, 53, 17, 21, 45, 71, 64, 3, 23, 30, 83, 24, 41, 60, 52, 65, 27, 90, 70, 39, 87, 48, 69, 99, 4, 46, 1, 13, 58, 97, 59, 28, 8, 73, 37, 35, 79, 22, 66, 76, 32, 40, 80, 96, 6, 16, 61, 33, 7, 57, 34, 12, 67, 10, 98, 56, 88, 29, 19, 91, 38, 75, 92, 43, 84, 2, 62, 89, 25, 81, 55, 0, 51, 94, 72]|[2, 0, 2, 1, 1, 2, 1, 1, 1, 1, 1, 0, 2, 2, 1, 2, 0, 0, 0, 2, 2, 1, 0, 2, 0, 2, 2, 1, 0, 1, 1, 1, 0, 0, 1, 0, 2, 1, 2, 2, 0, 0, 1, 1, 0, 2, 0, 2, 1, 0, 0, 2, 0, 0, 2, 0, 1, 1, 0, 0, 2, 1, 0, 2, 2, 0, 2, 2, 0, 1, 2, 1, 1, 2, 0, 1, 1, 1, 1, 2, 2, 1, 1, 1, 1, 0, 0, 0, 1, 0, 2, 1, 1, 1, 1, 0, 0, 1, 2, 1]|[0, 1, 0, 2, 4, 1, 4, 4, 2, 4, 3, 2, 1, 0, 2, 1, 1, 1, 2, 1, 1, 3, 0, 1, 0, 1, 1, 4, 1, 4, 3, 2, 2, 0, 4, 1, 1, 4, 0, 1, 2, 1, 4, 4, 1, 1, 0, 2, 3, 1, 2, 1, 2, 1, 1, 2, 4, 3, 0, 2, 2, 3, 1, 0, 1, 2, 0, 1, 2, 4, 1, 3, 4, 1, 2, 4, 3, 3, 3, 1, 1, 4, 3, 4, 3, 2, 2, 2, 4, 2, 1, 3, 4, 4, 1, 2, 2, 3, 1, 4]|[0, 0, 0, 1, 3, 0, 1, 3, 0, 0, 2, 0, 1, 0, 1, 0, 0, 0, 1, 0, 0, 2, 0, 0, 1, 0, 0, 3, 0, 1, 0, 2, 0, 1, 3, 0, 1, 3, 1, 0, 0, 0, 1, 3, 0, 0, 1, 0, 2, 0, 0, 0, 0, 0, 1, 0, 1, 0, 1, 1, 0, 2, 0, 0, 0, 0, 0, 0, 0, 2, 0, 0, 1, 0, 0, 1, 0, 0, 3, 0, 0, 1, 0, 3, 0, 0, 0, 0, 2, 0, 0, 0, 1, 3, 1, 0, 0, 0, 0, 2],881.405946062522,51976.849772881724,108825.74449297087,false
14,G2_TEC,G2_TEC,[31, 22, 82, 91, 26, 9, 95, 42, 77, 68, 47, 5, 93, 78, 86, 54, 85, 63, 18, 44, 20, 49, 36, 14, 74, 50, 53, 17, 21, 28, 71, 64, 3, 23, 30, 83, 24, 41, 60, 52, 65, 27, 90, 70, 39, 87, 48, 69, 99, 4, 46, 1, 13, 58, 97, 59, 33, 8, 73, 37, 35, 79, 11, 66, 76, 32, 40, 80, 96, 6, 16, 61, 45, 7, 57, 34, 12, 67, 10, 98, 56, 88, 51, 0, 15, 38, 75, 92, 43, 84, 29, 72, 2, 25, 81, 55, 19, 94, 89, 62]|[2, 1, 2, 1, 1, 2, 1, 1, 1, 1, 1, 0, 2, 2, 1, 2, 0, 0, 0, 2, 2, 1, 0, 2, 0, 2, 2, 1, 0, 1, 1, 1, 0, 0, 1, 0, 2, 1, 2, 2, 0, 0, 1, 1, 0, 2, 0, 2, 1, 0, 0, 2, 0, 0, 2, 0, 1, 1, 0, 0, 1, 1, 0, 2, 2, 0, 2, 2, 0, 1, 2, 1, 1, 2, 0, 1, 1, 1, 1, 2, 2, 1, 1, 0, 1, 0, 0, 0, 1, 0, 1, 1, 2, 1, 1, 0, 1, 1, 1, 1]|[0, 3, 0, 3, 4, 1, 4, 4, 2, 4, 3, 2, 1, 0, 2, 1, 1, 1, 2, 1, 1, 3, 0, 1, 0, 1, 1, 4, 1, 4, 3, 2, 2, 0, 4, 1, 1, 4, 0, 1, 2, 1, 4, 4, 1, 1, 0, 2, 3, 1, 2, 1, 2, 1, 1, 2, 4, 3, 0, 2, 3, 3, 1, 0, 1, 2, 0, 1, 2, 4, 1, 3, 4, 1, 2, 4, 3, 3, 3, 1, 1, 4, 3, 2, 3, 2, 2, 2, 4, 2, 3, 4, 1, 4, 1, 2, 4, 4, 4, 3]|[0, 2, 0, 0, 3, 0, 1, 3, 0, 0, 2, 0, 1, 0, 1, 0, 0, 0, 1, 0, 0, 2, 0, 0, 1, 0, 0, 3, 0, 1, 0, 2, 0, 0, 3, 0, 1, 3, 1, 0, 0, 0, 1, 3, 0, 0, 1, 0, 2, 0, 0, 0, 0, 0, 1, 0, 1, 0, 1, 1, 2, 2, 0, 0, 0, 0, 0, 0, 0, 2, 0, 0, 1, 0, 0, 1, 0, 0, 3, 0, 0, 1, 0, 0, 0, 0, 0, 0, 2, 0, 0, 2, 0, 3, 1, 0, 3, 2, 1, 0],905.114357146627,51426.77964121125,110502.95734048431,false
14,G3_TWC,G1_CMAX,[31, 22, 82, 15, 26, 9, 95, 42, 77, 12, 47, 5, 93, 78, 86, 54, 6, 63, 18, 44, 20, 35, 43, 97, 91, 76, 10, 30, 21, 45, 64, 71, 1, 23, 17, 83, 24, 14, 60, 36, 85, 57, 40, 88, 65, 56, 79, 94, 39, 68, 46, 75, 38, 58, 19, 32, 81, 41, 27, 62, 87, 90, 99, 59, 11, 16, 72, 73, 70, 67, 37, 84, 3, 92, 25, 55, 28, 29, 51, 8, 66, 61, 98, 48, 89, 50, 7, 96, 53, 80, 4, 33, 34, 2, 52, 13, 0, 69, 74, 49]|[1, 1, 0, 1, 1, 0, 1, 2, 2, 1, 2, 2, 2, 1, 1, 0, 0, 1, 0, 2, 2, 0, 1, 2, 0, 1, 2, 2, 0, 0, 1, 2, 1, 2, 1, 0, 2, 0, 1, 1, 0, 1, 1, 1, 0, 2, 1, 1, 0, 0, 0, 0, 1, 1, 2, 1, 2, 0, 0, 0, 2, 1, 0, 1, 2, 1, 2, 1, 1, 1, 1, 1, 1, 0, 1, 1, 0, 0, 0, 1, 0, 1, 0, 0, 1, 0, 1, 2, 0, 0, 0, 0, 2, 0, 1, 0, 0, 1, 2, 0]|[4, 3, 2, 2, 4, 1, 2, 2, 2, 4, 1, 1, 2, 4, 4, 1, 2, 4, 2, 1, 1, 1, 1, 2, 1, 2, 1, 1, 1, 1, 3, 2, 3, 0, 4, 0, 1, 1, 0, 3, 2, 2, 2, 0, 1, 1, 0, 4, 0, 1, 2, 2, 1, 4, 0, 3, 2, 1, 1, 2, 1, 3, 1, 1, 1, 3, 0, 4, 3, 1, 4, 1, 1, 0, 4, 4, 2, 1, 1, 3, 1, 3, 1, 1, 1, 1, 1, 1, 2, 1, 2, 2, 1, 2, 1, 2, 2, 3, 1, 1]|[0, 2, 1, 1, 3, 0, 1, 0, 0, 0, 0, 0, 1, 0, 1, 0, 1, 3, 1, 0, 0, 0, 3, 1, 0, 2, 0, 0, 0, 1, 0, 0, 0, 0, 3, 0, 1, 0, 0, 2, 1, 1, 1, 0, 0, 0, 0, 2, 1, 0, 0, 0, 1, 3, 0, 0, 1, 0, 0, 1, 0, 2, 0, 1, 0, 2, 1, 0, 0, 1, 1, 3, 1, 1, 3, 3, 1, 0, 0, 2, 0, 0, 0, 0, 1, 0, 2, 0, 1, 0, 1, 1, 0, 0, 1, 0, 0, 0, 0, 1],824.1531664905515,57504.66170409152,92407.54974943638,true
14,G1_CMAX,G1_CMAX,[31, 22, 82, 15, 26, 9, 95, 42, 77, 12, 47, 5, 93, 78, 86, 54, 6, 63, 18, 44, 20, 35, 43, 97, 91, 76, 10, 30, 21, 45, 71, 64, 1, 23, 17, 83, 24, 14, 60, 36, 85, 57, 40, 88, 65, 56, 79, 94, 67, 68, 46, 75, 38, 58, 19, 32, 81, 41, 62, 87, 28, 90, 99, 59, 11, 72, 16, 73, 70, 39, 37, 84, 3, 92, 25, 34, 29, 55, 51, 7, 98, 61, 66, 48, 89, 50, 4, 96, 53, 80, 8, 33, 27, 2, 52, 13, 0, 69, 74, 49]|[1, 1, 0, 1, 1, 0, 1, 2, 2, 1, 2, 2, 2, 1, 1, 0, 0, 1, 0, 2, 2, 0, 1, 2, 2, 1, 2, 2, 0, 0, 1, 1, 1, 2, 1, 0, 2, 0, 1, 1, 0, 1, 1, 1, 0, 2, 1, 1, 0, 0, 0, 0, 1, 1, 2, 1, 2, 0, 0, 2, 2, 1, 0, 1, 2, 2, 1, 1, 1, 1, 1, 1, 1, 0, 1, 2, 0, 2, 0, 1, 2, 1, 0, 0, 1, 0, 1, 2, 0, 0, 1, 2, 0, 0, 1, 0, 0, 1, 2, 0]|[0, 3, 2, 2, 4, 1, 2, 2, 2, 4, 1, 1, 2, 4, 4, 1, 2, 4, 2, 1, 1, 1, 1, 2, 1, 2, 1, 1, 1, 1, 3, 3, 3, 0, 4, 0, 1, 1, 0, 3, 2, 2, 2, 0, 1, 1, 0, 4, 0, 1, 2, 2, 1, 4, 0, 3, 2, 1, 2, 1, 1, 3, 1, 1, 1, 0, 3, 4, 3, 1, 4, 1, 1, 0, 4, 1, 1, 1, 1, 1, 1, 3, 1, 1, 1, 1, 4, 1, 2, 1, 3, 1, 2, 2, 1, 2, 2, 4, 1, 1]|[0, 2, 1, 1, 3, 0, 1, 0, 0, 0, 0, 0, 1, 0, 1, 0, 0, 3, 1, 0, 0, 0, 3, 1, 0, 2, 0, 0, 0, 1, 0, 0, 0, 0, 3, 0, 1, 0, 0, 2, 1, 1, 1, 0, 0, 0, 0, 2, 1, 0, 0, 0, 1, 3, 0, 0, 1, 0, 1, 0, 0, 2, 0, 1, 0, 1, 2, 0, 0, 1, 1, 3, 1, 1, 3, 0, 0, 0, 0, 2, 0, 0, 0, 0, 1, 0, 0, 0, 1, 0, 2, 0, 1, 0, 1, 0, 0, 2, 0, 1],740.1000024547002,57245.26292476342,97017.87740826326,false
14,G4_BALANCED,G4_BALANCED,[31, 11, 82, 15, 26, 9, 95, 42, 77, 68, 47, 5, 93, 78, 86, 54, 85, 63, 18, 44, 20, 49, 36, 14, 74, 50, 53, 17, 21, 45, 71, 64, 3, 23, 30, 83, 24, 41, 60, 52, 65, 27, 90, 70, 39, 87, 48, 69, 99, 4, 46, 1, 13, 58, 97, 59, 28, 8, 73, 37, 35, 79, 22, 66, 76, 32, 40, 80, 96, 6, 16, 61, 33, 7, 57, 34, 12, 67, 10, 98, 56, 88, 29, 19, 91, 38, 75, 92, 43, 84, 2, 62, 89, 25, 81, 55, 0, 51, 94, 72]|[2, 0, 2, 1, 1, 2, 1, 1, 1, 1, 1, 0, 2, 2, 1, 2, 0, 0, 0, 2, 2, 1, 0, 2, 0, 2, 2, 1, 0, 1, 1, 1, 0, 0, 1, 0, 2, 1, 2, 2, 0, 0, 1, 1, 0, 2, 0, 2, 1, 0, 0, 2, 0, 0, 2, 0, 1, 1, 0, 0, 2, 1, 0, 2, 2, 0, 2, 2, 0, 1, 2, 1, 1, 2, 0, 1, 1, 1, 1, 2, 2, 1, 1, 1, 1, 0, 0, 0, 1, 0, 2, 1, 1, 1, 1, 0, 0, 1, 2, 1]|[0, 1, 0, 2, 4, 1, 4, 4, 2, 4, 3, 2, 1, 0, 2, 1, 1, 1, 2, 1, 1, 3, 0, 1, 0, 1, 1, 4, 1, 4, 3, 2, 2, 0, 4, 1, 1, 4, 0, 1, 2, 1, 4, 4, 1, 1, 0, 2, 3, 1, 2, 1, 2, 1, 1, 2, 4, 3, 0, 2, 2, 3, 1, 0, 1, 2, 0, 1, 2, 4, 1, 3, 4, 1, 2, 4, 3, 3, 3, 1, 1, 4, 3, 4, 3, 2, 2, 2, 4, 2, 1, 3, 4, 4, 1, 2, 2, 3, 1, 4]|[0, 0, 0, 1, 3, 0, 1, 3, 0, 0, 2, 0, 1, 0, 1, 0, 0, 0, 1, 0, 0, 2, 0, 0, 1, 0, 0, 3, 0, 1, 0, 2, 0, 1, 3, 0, 1, 3, 1, 0, 0, 0, 1, 3, 0, 0, 1, 0, 2, 0, 0, 0, 0, 0, 1, 0, 1, 0, 1, 1, 0, 2, 0, 0, 0, 0, 0, 0, 0, 2, 0, 0, 1, 0, 0, 1, 0, 0, 3, 0, 0, 1, 0, 3, 0, 0, 0, 0, 2, 0, 0, 0, 1, 3, 1, 0, 0, 0, 0, 2],881.405946062522,51976.849772881724,108825.74449297087,false
14,G2_TEC,G2_TEC,[31, 22, 82, 91, 26, 9, 95, 42, 77, 68, 47, 5, 93, 78, 86, 54, 85, 63, 18, 44, 20, 49, 36, 14, 74, 50, 53, 17, 21, 28, 71, 64, 3, 23, 30, 83, 24, 41, 60, 52, 65, 27, 90, 70, 39, 87, 48, 69, 99, 4, 46, 1, 13, 58, 97, 59, 33, 8, 73, 37, 35, 79, 11, 66, 76, 32, 40, 80, 96, 6, 16, 61, 45, 7, 57, 34, 12, 67, 10, 98, 56, 88, 51, 0, 15, 38, 75, 92, 43, 84, 29, 72, 2, 25, 81, 55, 19, 94, 89, 62]|[2, 1, 2, 1, 1, 2, 1, 1, 1, 1, 1, 0, 2, 2, 1, 2, 0, 0, 0, 2, 2, 1, 0, 2, 0, 2, 2, 1, 0, 1, 1, 1, 0, 0, 1, 0, 2, 1, 2, 2, 0, 0, 1, 1, 0, 2, 0, 2, 1, 0, 0, 2, 0, 0, 2, 0, 1, 1, 0, 0, 1, 1, 0, 2, 2, 0, 2, 2, 0, 1, 2, 1, 1, 2, 0, 1, 1, 1, 1, 2, 2, 1, 1, 0, 1, 0, 0, 0, 1, 0, 1, 1, 2, 1, 1, 0, 1, 1, 1, 1]|[0, 3, 0, 3, 4, 1, 4, 4, 2, 4, 3, 2, 1, 0, 2, 1, 1, 1, 2, 1, 1, 3, 0, 1, 0, 1, 1, 4, 1, 4, 3, 2, 2, 0, 4, 1, 1, 4, 0, 1, 2, 1, 4, 4, 1, 1, 0, 2, 3, 1, 2, 1, 2, 1, 1, 2, 4, 3, 0, 2, 3, 3, 1, 0, 1, 2, 0, 1, 2, 4, 1, 3, 4, 1, 2, 4, 3, 3, 3, 1, 1, 4, 3, 2, 3, 2, 2, 2, 4, 2, 3, 4, 1, 4, 1, 2, 4, 4, 4, 3]|[0, 2, 0, 0, 3, 0, 1, 3, 0, 0, 2, 0, 1, 0, 1, 0, 0, 0, 1, 0, 0, 2, 0, 0, 1, 0, 0, 3, 0, 1, 0, 2, 0, 0, 3, 0, 1, 3, 1, 0, 0, 0, 1, 3, 0, 0, 1, 0, 2, 0, 0, 0, 0, 0, 1, 0, 1, 0, 1, 1, 2, 2, 0, 0, 0, 0, 0, 0, 0, 2, 0, 0, 1, 0, 0, 1, 0, 0, 3, 0, 0, 1, 0, 0, 0, 0, 0, 0, 2, 0, 0, 2, 0, 3, 1, 0, 3, 2, 1, 0],905.114357146627,51426.77964121125,110502.95734048431,false
14,G3_TWC,G1_CMAX,[31, 22, 82, 15, 26, 9, 95, 42, 77, 12, 47, 5, 93, 78, 86, 54, 6, 63, 18, 44, 20, 35, 43, 97, 91, 76, 10, 30, 21, 45, 64, 71, 1, 23, 17, 83, 24, 14, 60, 36, 85, 57, 40, 88, 65, 56, 79, 94, 39, 68, 46, 75, 38, 58, 19, 32, 81, 41, 27, 62, 87, 90, 99, 59, 11, 16, 72, 73, 70, 67, 37, 84, 3, 92, 25, 55, 28, 29, 51, 8, 66, 61, 98, 48, 89, 50, 7, 96, 53, 80, 4, 33, 34, 2, 52, 13, 0, 69, 74, 49]|[1, 1, 0, 1, 1, 0, 1, 2, 2, 1, 2, 2, 2, 1, 1, 0, 0, 1, 0, 2, 2, 0, 1, 2, 0, 1, 2, 2, 0, 0, 1, 2, 1, 2, 1, 0, 2, 0, 1, 1, 0, 1, 1, 1, 0, 2, 1, 1, 0, 0, 0, 0, 1, 1, 2, 1, 2, 0, 0, 0, 2, 1, 0, 1, 2, 1, 2, 1, 1, 1, 1, 1, 1, 0, 1, 1, 0, 0, 0, 1, 0, 1, 0, 0, 1, 0, 1, 2, 0, 0, 0, 0, 2, 0, 1, 0, 0, 1, 2, 0]|[4, 3, 2, 2, 4, 1, 2, 2, 2, 4, 1, 1, 2, 4, 4, 1, 2, 4, 2, 1, 1, 1, 1, 2, 1, 2, 1, 1, 1, 1, 3, 2, 3, 0, 4, 0, 1, 1, 0, 3, 2, 2, 2, 0, 1, 1, 0, 4, 0, 1, 2, 2, 1, 4, 0, 3, 2, 1, 1, 2, 1, 3, 1, 1, 1, 3, 0, 4, 3, 1, 4, 1, 1, 0, 4, 4, 2, 1, 1, 3, 1, 3, 1, 1, 1, 1, 1, 1, 2, 1, 2, 2, 1, 2, 1, 2, 2, 3, 1, 1]|[0, 2, 1, 1, 3, 0, 1, 0, 0, 0, 0, 0, 1, 0, 1, 0, 1, 3, 1, 0, 0, 0, 3, 1, 0, 2, 0, 0, 0, 1, 0, 0, 0, 0, 3, 0, 1, 0, 0, 2, 1, 1, 1, 0, 0, 0, 0, 2, 1, 0, 0, 0, 1, 3, 0, 0, 1, 0, 0, 1, 0, 2, 0, 1, 0, 2, 1, 0, 0, 1, 1, 3, 1, 1, 3, 3, 1, 0, 0, 2, 0, 0, 0, 0, 1, 0, 2, 0, 1, 0, 1, 1, 0, 0, 1, 0, 0, 0, 0, 1],824.1531664905515,57504.66170409152,92407.54974943638,true
14,G1_CMAX,G1_CMAX,[31, 22, 82, 15, 26, 9, 95, 42, 77, 12, 47, 5, 93, 78, 86, 54, 6, 63, 18, 44, 20, 35, 43, 97, 91, 76, 10, 30, 21, 45, 71, 64, 1, 23, 17, 83, 24, 14, 60, 36, 85, 57, 40, 88, 65, 56, 79, 94, 67, 68, 46, 75, 38, 58, 19, 32, 81, 41, 62, 87, 28, 90, 99, 59, 11, 72, 16, 73, 70, 39, 37, 84, 3, 92, 25, 34, 29, 55, 51, 7, 98, 61, 66, 48, 89, 50, 4, 96, 53, 80, 8, 33, 27, 2, 52, 13, 0, 69, 74, 49]|[1, 1, 0, 1, 1, 0, 1, 2, 2, 1, 2, 2, 2, 1, 1, 0, 0, 1, 0, 2, 2, 0, 1, 2, 2, 1, 2, 2, 0, 0, 1, 1, 1, 2, 1, 0, 2, 0, 1, 1, 0, 1, 1, 1, 0, 2, 1, 1, 0, 0, 0, 0, 1, 1, 2, 1, 2, 0, 0, 2, 2, 1, 0, 1, 2, 2, 1, 1, 1, 1, 1, 1, 1, 0, 1, 2, 0, 2, 0, 1, 2, 1, 0, 0, 1, 0, 1, 2, 0, 0, 1, 2, 0, 0, 1, 0, 0, 1, 2, 0]|[0, 3, 2, 2, 4, 1, 2, 2, 2, 4, 1, 1, 2, 4, 4, 1, 2, 4, 2, 1, 1, 1, 1, 2, 1, 2, 1, 1, 1, 1, 3, 3, 3, 0, 4, 0, 1, 1, 0, 3, 2, 2, 2, 0, 1, 1, 0, 4, 0, 1, 2, 2, 1, 4, 0, 3, 2, 1, 2, 1, 1, 3, 1, 1, 1, 0, 3, 4, 3, 1, 4, 1, 1, 0, 4, 1, 1, 1, 1, 1, 1, 3, 1, 1, 1, 1, 4, 1, 2, 1, 3, 1, 2, 2, 1, 2, 2, 4, 1, 1]|[0, 2, 1, 1, 3, 0, 1, 0, 0, 0, 0, 0, 1, 0, 1, 0, 0, 3, 1, 0, 0, 0, 3, 1, 0, 2, 0, 0, 0, 1, 0, 0, 0, 0, 3, 0, 1, 0, 0, 2, 1, 1, 1, 0, 0, 0, 0, 2, 1, 0, 0, 0, 1, 3, 0, 0, 1, 0, 1, 0, 0, 2, 0, 1, 0, 1, 2, 0, 0, 1, 1, 3, 1, 1, 3, 0, 0, 0, 0, 2, 0, 0, 0, 0, 1, 0, 0, 0, 1, 0, 2, 0, 1, 0, 1, 0, 0, 2, 0, 1],740.1000024547002,57245.26292476342,97017.87740826326,false
14,G4_BALANCED,G4_BALANCED,[31, 11, 82, 15, 26, 9, 95, 42, 77, 68, 47, 5, 93, 78, 86, 54, 85, 63, 18, 44, 20, 49, 36, 14, 74, 50, 53, 17, 21, 45, 71, 64, 3, 23, 30, 83, 24, 41, 60, 52, 65, 27, 90, 70, 39, 87, 48, 69, 99, 4, 46, 1, 13, 58, 97, 59, 28, 8, 73, 37, 35, 79, 22, 66, 76, 32, 40, 80, 96, 6, 16, 61, 33, 7, 57, 34, 12, 67, 10, 98, 56, 88, 29, 19, 91, 38, 75, 92, 43, 84, 2, 62, 89, 25, 81, 55, 0, 51, 94, 72]|[2, 0, 2, 1, 1, 2, 1, 1, 1, 1, 1, 0, 2, 2, 1, 2, 0, 0, 0, 2, 2, 1, 0, 2, 0, 2, 2, 1, 0, 1, 1, 1, 0, 0, 1, 0, 2, 1, 2, 2, 0, 0, 1, 1, 0, 2, 0, 2, 1, 0, 0, 2, 0, 0, 2, 0, 1, 1, 0, 0, 2, 1, 0, 2, 2, 0, 2, 2, 0, 1, 2, 1, 1, 2, 0, 1, 1, 1, 1, 2, 2, 1, 1, 1, 1, 0, 0, 0, 1, 0, 2, 1, 1, 1, 1, 0, 0, 1, 2, 1]|[0, 1, 0, 2, 4, 1, 4, 4, 2, 4, 3, 2, 1, 0, 2, 1, 1, 1, 2, 1, 1, 3, 0, 1, 0, 1, 1, 4, 1, 4, 3, 2, 2, 0, 4, 1, 1, 4, 0, 1, 2, 1, 4, 4, 1, 1, 0, 2, 3, 1, 2, 1, 2, 1, 1, 2, 4, 3, 0, 2, 2, 3, 1, 0, 1, 2, 0, 1, 2, 4, 1, 3, 4, 1, 2, 4, 3, 3, 3, 1, 1, 4, 3, 4, 3, 2, 2, 2, 4, 2, 1, 3, 4, 4, 1, 2, 2, 3, 1, 4]|[0, 0, 0, 1, 3, 0, 1, 3, 0, 0, 2, 0, 1, 0, 1, 0, 0, 0, 1, 0, 0, 2, 0, 0, 1, 0, 0, 3, 0, 1, 0, 2, 0, 1, 3, 0, 1, 3, 1, 0, 0, 0, 1, 3, 0, 0, 1, 0, 2, 0, 0, 0, 0, 0, 1, 0, 1, 0, 1, 1, 0, 2, 0, 0, 0, 0, 0, 0, 0, 2, 0, 0, 1, 0, 0, 1, 0, 0, 3, 0, 0, 1, 0, 3, 0, 0, 0, 0, 2, 0, 0, 0, 1, 3, 1, 0, 0, 0, 0, 2],881.405946062522,51976.849772881724,108825.74449297087,false
14,G2_TEC,G2_TEC,[31, 22, 82, 91, 26, 9, 95, 42, 77, 68, 47, 5, 93, 78, 86, 54, 85, 63, 18, 44, 20, 49, 36, 14, 74, 50, 53, 17, 21, 28, 71, 64, 3, 23, 30, 83, 24, 41, 60, 52, 65, 27, 90, 70, 39, 87, 48, 69, 99, 4, 46, 1, 13, 58, 97, 59, 33, 8, 73, 37, 35, 79, 11, 66, 76, 32, 40, 80, 96, 6, 16, 61, 45, 7, 57, 34, 12, 67, 10, 98, 56, 88, 51, 0, 15, 38, 75, 92, 43, 84, 29, 72, 2, 25, 81, 55, 19, 94, 89, 62]|[2, 1, 2, 1, 1, 2, 1, 1, 1, 1, 1, 0, 2, 2, 1, 2, 0, 0, 0, 2, 2, 1, 0, 2, 0, 2, 2, 1, 0, 1, 1, 1, 0, 0, 1, 0, 2, 1, 2, 2, 0, 0, 1, 1, 0, 2, 0, 2, 1, 0, 0, 2, 0, 0, 2, 0, 1, 1, 0, 0, 1, 1, 0, 2, 2, 0, 2, 2, 0, 1, 2, 1, 1, 2, 0, 1, 1, 1, 1, 2, 2, 1, 1, 0, 1, 0, 0, 0, 1, 0, 1, 1, 2, 1, 1, 0, 1, 1, 1, 1]|[0, 3, 0, 3, 4, 1, 4, 4, 2, 4, 3, 2, 1, 0, 2, 1, 1, 1, 2, 1, 1, 3, 0, 1, 0, 1, 1, 4, 1, 4, 3, 2, 2, 0, 4, 1, 1, 4, 0, 1, 2, 1, 4, 4, 1, 1, 0, 2, 3, 1, 2, 1, 2, 1, 1, 2, 4, 3, 0, 2, 3, 3, 1, 0, 1, 2, 0, 1, 2, 4, 1, 3, 4, 1, 2, 4, 3, 3, 3, 1, 1, 4, 3, 2, 3, 2, 2, 2, 4, 2, 3, 4, 1, 4, 1, 2, 4, 4, 4, 3]|[0, 2, 0, 0, 3, 0, 1, 3, 0, 0, 2, 0, 1, 0, 1, 0, 0, 0, 1, 0, 0, 2, 0, 0, 1, 0, 0, 3, 0, 1, 0, 2, 0, 0, 3, 0, 1, 3, 1, 0, 0, 0, 1, 3, 0, 0, 1, 0, 2, 0, 0, 0, 0, 0, 1, 0, 1, 0, 1, 1, 2, 2, 0, 0, 0, 0, 0, 0, 0, 2, 0, 0, 1, 0, 0, 1, 0, 0, 3, 0, 0, 1, 0, 0, 0, 0, 0, 0, 2, 0, 0, 2, 0, 3, 1, 0, 3, 2, 1, 0],905.114357146627,51426.77964121125,110502.95734048431,false
14,G3_TWC,G1_CMAX,[31, 22, 82, 15, 26, 9, 95, 42, 77, 12, 47, 5, 93, 78, 86, 54, 6, 63, 18, 44, 20, 35, 43, 97, 91, 76, 10, 30, 21, 45, 64, 71, 1, 23, 17, 83, 24, 14, 60, 36, 85, 57, 40, 88, 65, 56, 79, 94, 39, 68, 46, 75, 38, 58, 19, 32, 81, 41, 27, 62, 87, 90, 99, 59, 11, 16, 72, 73, 70, 67, 37, 84, 3, 92, 25, 55, 28, 29, 51, 8, 66, 61, 98, 48, 89, 50, 7, 96, 53, 80, 4, 33, 34, 2, 52, 13, 0, 69, 74, 49]|[1, 1, 0, 1, 1, 0, 1, 2, 2, 1, 2, 2, 2, 1, 1, 0, 0, 1, 0, 2, 2, 0, 1, 2, 0, 1, 2, 2, 0, 0, 1, 2, 1, 2, 1, 0, 2, 0, 1, 1, 0, 1, 1, 1, 0, 2, 1, 1, 0, 0, 0, 0, 1, 1, 2, 1, 2, 0, 0, 0, 2, 1, 0, 1, 2, 1, 2, 1, 1, 1, 1, 1, 1, 0, 1, 1, 0, 0, 0, 1, 0, 1, 0, 0, 1, 0, 1, 2, 0, 0, 0, 0, 2, 0, 1, 0, 0, 1, 2, 0]|[4, 3, 2, 2, 4, 1, 2, 2, 2, 4, 1, 1, 2, 4, 4, 1, 2, 4, 2, 1, 1, 1, 1, 2, 1, 2, 1, 1, 1, 1, 3, 2, 3, 0, 4, 0, 1, 1, 0, 3, 2, 2, 2, 0, 1, 1, 0, 4, 0, 1, 2, 2, 1, 4, 0, 3, 2, 1, 1, 2, 1, 3, 1, 1, 1, 3, 0, 4, 3, 1, 4, 1, 1, 0, 4, 4, 2, 1, 1, 3, 1, 3, 1, 1, 1, 1, 1, 1, 2, 1, 2, 2, 1, 2, 1, 2, 2, 3, 1, 1]|[0, 2, 1, 1, 3, 0, 1, 0, 0, 0, 0, 0, 1, 0, 1, 0, 1, 3, 1, 0, 0, 0, 3, 1, 0, 2, 0, 0, 0, 1, 0, 0, 0, 0, 3, 0, 1, 0, 0, 2, 1, 1, 1, 0, 0, 0, 0, 2, 1, 0, 0, 0, 1, 3, 0, 0, 1, 0, 0, 1, 0, 2, 0, 1, 0, 2, 1, 0, 0, 1, 1, 3, 1, 1, 3, 3, 1, 0, 0, 2, 0, 0, 0, 0, 1, 0, 2, 0, 1, 0, 1, 1, 0, 0, 1, 0, 0, 0, 0, 1],824.1531664905515,57504.66170409152,92407.54974943638,true
14,G1_CMAX,G1_CMAX,[31, 22, 82, 15, 26, 9, 95, 42, 77, 12, 47, 5, 93, 78, 86, 54, 6, 63, 18, 44, 20, 35, 43, 97, 91, 76, 10, 30, 21, 45, 71, 64, 1, 23, 17, 83, 24, 14, 60, 36, 85, 57, 40, 88, 65, 56, 79, 94, 67, 68, 46, 75, 38, 58, 19, 32, 81, 41, 62, 87, 28, 90, 99, 59, 11, 72, 16, 73, 70, 39, 37, 84, 3, 92, 25, 34, 29, 55, 51, 7, 98, 61, 66, 48, 89, 50, 4, 96, 53, 80, 8, 33, 27, 2, 52, 13, 0, 69, 74, 49]|[1, 1, 0, 1, 1, 0, 1, 2, 2, 1, 2, 2, 2, 1, 1, 0, 0, 1, 0, 2, 2, 0, 1, 2, 2, 1, 2, 2, 0, 0, 1, 1, 1, 2, 1, 0, 2, 0, 1, 1, 0, 1, 1, 1, 0, 2, 1, 1, 0, 0, 0, 0, 1, 1, 2, 1, 2, 0, 0, 2, 2, 1, 0, 1, 2, 2, 1, 1, 1, 1, 1, 1, 1, 0, 1, 2, 0, 2, 0, 1, 2, 1, 0, 0, 1, 0, 1, 2, 0, 0, 1, 2, 0, 0, 1, 0, 0, 1, 2, 0]|[0, 3, 2, 2, 4, 1, 2, 2, 2, 4, 1, 1, 2, 4, 4, 1, 2, 4, 2, 1, 1, 1, 1, 2, 1, 2, 1, 1, 1, 1, 3, 3, 3, 0, 4, 0, 1, 1, 0, 3, 2, 2, 2, 0, 1, 1, 0, 4, 0, 1, 2, 2, 1, 4, 0, 3, 2, 1, 2, 1, 1, 3, 1, 1, 1, 0, 3, 4, 3, 1, 4, 1, 1, 0, 4, 1, 1, 1, 1, 1, 1, 3, 1, 1, 1, 1, 4, 1, 2, 1, 3, 1, 2, 2, 1, 2, 2, 4, 1, 1]|[0, 2, 1, 1, 3, 0, 1, 0, 0, 0, 0, 0, 1, 0, 1, 0, 0, 3, 1, 0, 0, 0, 3, 1, 0, 2, 0, 0, 0, 1, 0, 0, 0, 0, 3, 0, 1, 0, 0, 2, 1, 1, 1, 0, 0, 0, 0, 2, 1, 0, 0, 0, 1, 3, 0, 0, 1, 0, 1, 0, 0, 2, 0, 1, 0, 1, 2, 0, 0, 1, 1, 3, 1, 1, 3, 0, 0, 0, 0, 2, 0, 0, 0, 0, 1, 0, 0, 0, 1, 0, 2, 0, 1, 0, 1, 0, 0, 2, 0, 1],740.1000024547002,57245.26292476342,97017.87740826326,false
14,G4_BALANCED,G4_BALANCED,[31, 11, 82, 15, 26, 9, 95, 42, 77, 68, 47, 5, 93, 78, 86, 54, 85, 63, 18, 44, 20, 49, 36, 14, 74, 50, 53, 17, 21, 45, 71, 64, 3, 23, 30, 83, 24, 41, 60, 52, 65, 27, 90, 70, 39, 87, 48, 69, 99, 4, 46, 1, 13, 58, 97, 59, 28, 8, 73, 37, 35, 79, 22, 66, 76, 32, 40, 80, 96, 6, 16, 61, 33, 7, 57, 34, 12, 67, 10, 98, 56, 88, 29, 19, 91, 38, 75, 92, 43, 84, 2, 62, 89, 25, 81, 55, 0, 51, 94, 72]|[2, 0, 2, 1, 1, 2, 1, 1, 1, 1, 1, 0, 2, 2, 1, 2, 0, 0, 0, 2, 2, 1, 0, 2, 0, 2, 2, 1, 0, 1, 1, 1, 0, 0, 1, 0, 2, 1, 2, 2, 0, 0, 1, 1, 0, 2, 0, 2, 1, 0, 0, 2, 0, 0, 2, 0, 1, 1, 0, 0, 2, 1, 0, 2, 2, 0, 2, 2, 0, 1, 2, 1, 1, 2, 0, 1, 1, 1, 1, 2, 2, 1, 1, 1, 1, 0, 0, 0, 1, 0, 2, 1, 1, 1, 1, 0, 0, 1, 2, 1]|[0, 1, 0, 2, 4, 1, 4, 4, 2, 4, 3, 2, 1, 0, 2, 1, 1, 1, 2, 1, 1, 3, 0, 1, 0, 1, 1, 4, 1, 4, 3, 2, 2, 0, 4, 1, 1, 4, 0, 1, 2, 1, 4, 4, 1, 1, 0, 2, 3, 1, 2, 1, 2, 1, 1, 2, 4, 3, 0, 2, 2, 3, 1, 0, 1, 2, 0, 1, 2, 4, 1, 3, 4, 1, 2, 4, 3, 3, 3, 1, 1, 4, 3, 4, 3, 2, 2, 2, 4, 2, 1, 3, 4, 4, 1, 2, 2, 3, 1, 4]|[0, 0, 0, 1, 3, 0, 1, 3, 0, 0, 2, 0, 1, 0, 1, 0, 0, 0, 1, 0, 0, 2, 0, 0, 1, 0, 0, 3, 0, 1, 0, 2, 0, 1, 3, 0, 1, 3, 1, 0, 0, 0, 1, 3, 0, 0, 1, 0, 2, 0, 0, 0, 0, 0, 1, 0, 1, 0, 1, 1, 0, 2, 0, 0, 0, 0, 0, 0, 0, 2, 0, 0, 1, 0, 0, 1, 0, 0, 3, 0, 0, 1, 0, 3, 0, 0, 0, 0, 2, 0, 0, 0, 1, 3, 1, 0, 0, 0, 0, 2],881.405946062522,51976.849772881724,108825.74449297087,false
14,G2_TEC,G4_BALANCED,[31, 22, 82, 15, 26, 9, 95, 42, 77, 68, 47, 5, 93, 78, 86, 54, 85, 63, 18, 44, 20, 49, 36, 14, 74, 50, 53, 17, 21, 28, 71, 64, 3, 23, 30, 83, 24, 41, 60, 52, 65, 27, 90, 70, 39, 87, 48, 69, 99, 4, 46, 1, 13, 58, 97, 59, 45, 8, 73, 37, 35, 79, 11, 66, 76, 32, 40, 80, 38, 6, 16, 61, 33, 7, 57, 34, 12, 67, 10, 98, 56, 88, 29, 19, 91, 96, 75, 92, 43, 84, 51, 72, 81, 25, 2, 55, 0, 94, 89, 62]|[2, 1, 2, 1, 1, 2, 1, 1, 1, 1, 1, 0, 2, 2, 1, 2, 0, 0, 0, 2, 2, 1, 0, 2, 0, 2, 2, 1, 0, 1, 1, 1, 0, 0, 1, 0, 2, 1, 2, 2, 0, 0, 1, 1, 0, 2, 0, 2, 1, 0, 0, 2, 0, 0, 2, 0, 1, 1, 0, 0, 2, 1, 0, 2, 2, 0, 2, 2, 0, 1, 2, 1, 1, 2, 0, 1, 1, 1, 1, 2, 2, 1, 1, 1, 1, 0, 0, 0, 1, 0, 1, 1, 1, 1, 2, 0, 0, 1, 1, 1]|[0, 3, 0, 3, 4, 1, 4, 4, 2, 4, 3, 2, 1, 0, 2, 1, 1, 1, 2, 1, 1, 3, 0, 1, 0, 1, 1, 4, 1, 4, 3, 2, 2, 0, 4, 1, 1, 4, 0, 1, 2, 1, 4, 4, 1, 1, 0, 2, 3, 1, 2, 1, 2, 1, 1, 2, 4, 3, 0, 2, 2, 3, 1, 0, 1, 2, 0, 1, 2, 4, 1, 3, 4, 1, 2, 4, 3, 3, 3, 1, 1, 4, 3, 4, 3, 2, 2, 2, 4, 2, 3, 4, 1, 4, 1, 2, 2, 4, 4, 3]|[0, 2, 0, 0, 3, 0, 1, 3, 0, 0, 2, 0, 1, 0, 1, 0, 0, 0, 1, 0, 0, 2, 0, 0, 1, 0, 0, 3, 0, 1, 0, 2, 0, 0, 3, 0, 1, 3, 1, 0, 0, 0, 1, 3, 0, 0, 1, 0, 2, 0, 0, 0, 0, 0, 1, 0, 1, 0, 1, 1, 0, 2, 0, 0, 0, 0, 0, 0, 0, 2, 0, 0, 1, 0, 0, 1, 0, 0, 3, 0, 0, 1, 0, 3, 0, 0, 0, 0, 2, 0, 0, 2, 1, 3, 0, 0, 0, 2, 1, 0],903.2385143846271,51305.864405102795,109729.08374079411,true
14,G3_TWC,G1_CMAX,[31, 22, 82, 15, 26, 9, 95, 42, 77, 12, 47, 5, 93, 78, 86, 54, 6, 63, 18, 44, 20, 35, 43, 97, 91, 76, 10, 30, 21, 45, 64, 71, 1, 23, 17, 83, 24, 14, 60, 36, 85, 57, 40, 88, 65, 56, 79, 94, 39, 68, 46, 75, 38, 58, 19, 32, 81, 41, 27, 62, 87, 90, 99, 59, 11, 16, 72, 73, 70, 67, 37, 84, 3, 92, 25, 55, 28, 29, 51, 8, 66, 61, 98, 48, 89, 50, 7, 96, 53, 80, 4, 33, 34, 2, 52, 13, 0, 69, 74, 49]|[1, 1, 0, 1, 1, 0, 1, 2, 2, 1, 2, 2, 2, 1, 1, 0, 0, 1, 0, 2, 2, 0, 1, 2, 0, 1, 2, 2, 0, 0, 1, 2, 1, 2, 1, 0, 2, 0, 1, 1, 0, 1, 1, 1, 0, 2, 1, 1, 0, 0, 0, 0, 1, 1, 2, 1, 2, 0, 0, 0, 2, 1, 0, 1, 2, 1, 2, 1, 1, 1, 1, 1, 1, 0, 1, 1, 0, 0, 0, 1, 0, 1, 0, 0, 1, 0, 1, 2, 0, 0, 0, 0, 2, 0, 1, 0, 0, 1, 2, 0]|[4, 3, 2, 2, 4, 1, 2, 2, 2, 4, 1, 1, 2, 4, 4, 1, 2, 4, 2, 1, 1, 1, 1, 2, 1, 2, 1, 1, 1, 1, 3, 2, 3, 0, 4, 0, 1, 1, 0, 3, 2, 2, 2, 0, 1, 1, 0, 4, 0, 1, 2, 2, 1, 4, 0, 3, 2, 1, 1, 2, 1, 3, 1, 1, 1, 3, 0, 4, 3, 1, 4, 1, 1, 0, 4, 4, 2, 1, 1, 3, 1, 3, 1, 1, 1, 1, 1, 1, 2, 1, 2, 2, 1, 2, 1, 2, 2, 3, 1, 1]|[0, 2, 1, 1, 3, 0, 1, 0, 0, 0, 0, 0, 1, 0, 1, 0, 1, 3, 1, 0, 0, 0, 3, 1, 0, 2, 0, 0, 0, 1, 0, 0, 0, 0, 3, 0, 1, 0, 0, 2, 1, 1, 1, 0, 0, 0, 0, 2, 1, 0, 0, 0, 1, 3, 0, 0, 1, 0, 0, 1, 0, 2, 0, 1, 0, 2, 1, 0, 0, 1, 1, 3, 1, 1, 3, 3, 1, 0, 0, 2, 0, 0, 0, 0, 1, 0, 2, 0, 1, 0, 1, 1, 0, 0, 1, 0, 0, 0, 0, 1],824.1531664905515,57504.66170409152,92407.54974943638,true
14,G1_CMAX,G1_CMAX,[31, 22, 82, 15, 26, 9, 95, 42, 77, 12, 47, 5, 93, 78, 86, 54, 6, 63, 18, 44, 20, 35, 43, 97, 91, 76, 10, 30, 21, 45, 71, 64, 1, 23, 17, 83, 24, 14, 60, 36, 85, 57, 40, 88, 65, 56, 79, 94, 67, 68, 46, 75, 38, 58, 19, 32, 81, 41, 62, 87, 28, 90, 99, 59, 11, 72, 16, 73, 70, 39, 37, 84, 3, 92, 25, 34, 29, 55, 51, 7, 98, 61, 66, 48, 89, 50, 4, 96, 53, 80, 8, 33, 27, 2, 52, 13, 0, 69, 74, 49]|[1, 1, 0, 1, 1, 0, 1, 2, 2, 1, 2, 2, 2, 1, 1, 0, 0, 1, 0, 2, 2, 0, 1, 2, 2, 1, 2, 2, 0, 0, 1, 1, 1, 2, 1, 0, 2, 0, 1, 1, 0, 1, 1, 1, 0, 2, 1, 1, 0, 0, 0, 0, 1, 1, 2, 1, 2, 0, 0, 2, 2, 1, 0, 1, 2, 2, 1, 1, 1, 1, 1, 1, 1, 0, 1, 2, 0, 2, 0, 1, 2, 1, 0, 0, 1, 0, 1, 2, 0, 0, 1, 2, 0, 0, 1, 0, 0, 1, 2, 0]|[0, 3, 2, 2, 4, 1, 2, 2, 2, 4, 1, 1, 2, 4, 4, 1, 2, 4, 2, 1, 1, 1, 1, 2, 1, 2, 1, 1, 1, 1, 3, 3, 3, 0, 4, 0, 1, 1, 0, 3, 2, 2, 2, 0, 1, 1, 0, 4, 0, 1, 2, 2, 1, 4, 0, 3, 2, 1, 2, 1, 1, 3, 1, 1, 1, 0, 3, 4, 3, 1, 4, 1, 1, 0, 4, 1, 1, 1, 1, 1, 1, 3, 1, 1, 1, 1, 4, 1, 2, 1, 3, 1, 2, 2, 1, 2, 2, 4, 1, 1]|[0, 2, 1, 1, 3, 0, 1, 0, 0, 0, 0, 0, 1, 0, 1, 0, 0, 3, 1, 0, 0, 0, 3, 1, 0, 2, 0, 0, 0, 1, 0, 0, 0, 0, 3, 0, 1, 0, 0, 2, 1, 1, 1, 0, 0, 0, 0, 2, 1, 0, 0, 0, 1, 3, 0, 0, 1, 0, 1, 0, 0, 2, 0, 1, 0, 1, 2, 0, 0, 1, 1, 3, 1, 1, 3, 0, 0, 0, 0, 2, 0, 0, 0, 0, 1, 0, 0, 0, 1, 0, 2, 0, 1, 0, 1, 0, 0, 2, 0, 1],740.1000024547002,57245.26292476342,97017.87740826326,false
14,G4_BALANCED,G4_BALANCED,[31, 11, 82, 15, 26, 9, 95, 42, 77, 68, 47, 5, 93, 78, 86, 54, 85, 63, 18, 44, 20, 49, 36, 14, 74, 50, 53, 17, 21, 45, 71, 64, 3, 23, 30, 83, 24, 41, 60, 52, 65, 27, 90, 70, 39, 87, 48, 69, 99, 4, 46, 1, 13, 58, 97, 59, 28, 8, 73, 37, 35, 79, 22, 66, 76, 32, 40, 80, 96, 6, 16, 61, 33, 7, 57, 34, 12, 67, 10, 98, 56, 88, 51, 0, 91, 38, 75, 84, 43, 92, 29, 62, 81, 25, 2, 55, 19, 94, 89, 72]|[2, 1, 2, 1, 1, 2, 1, 1, 1, 1, 1, 0, 2, 2, 1, 2, 0, 0, 0, 2, 2, 1, 0, 2, 0, 2, 2, 1, 0, 1, 1, 1, 0, 0, 1, 0, 2, 1, 2, 2, 0, 0, 1, 1, 0, 2, 0, 2, 1, 0, 0, 2, 0, 0, 2, 0, 1, 1, 0, 0, 2, 1, 0, 2, 2, 0, 2, 2, 0, 1, 2, 1, 1, 2, 0, 1, 1, 1, 1, 2, 2, 1, 1, 0, 1, 0, 0, 0, 1, 0, 1, 1, 1, 1, 2, 0, 1, 2, 1, 1]|[0, 3, 0, 3, 4, 1, 4, 4, 2, 4, 3, 2, 1, 0, 2, 1, 1, 1, 2, 1, 1, 3, 0, 1, 0, 1, 1, 4, 1, 4, 3, 2, 2, 0, 4, 1, 1, 4, 0, 1, 2, 1, 4, 4, 1, 1, 0, 2, 3, 1, 2, 1, 2, 1, 1, 2, 4, 3, 0, 2, 2, 3, 1, 0, 1, 2, 0, 1, 2, 4, 1, 3, 4, 1, 2, 4, 3, 3, 3, 1, 1, 4, 3, 2, 3, 2, 2, 2, 4, 2, 3, 3, 1, 4, 1, 2, 4, 1, 4, 4]|[0, 2, 0, 0, 3, 0, 1, 3, 0, 0, 2, 0, 1, 0, 1, 0, 0, 0, 1, 0, 0, 2, 0, 0, 1, 0, 0, 3, 0, 1, 0, 2, 0, 1, 3, 0, 1, 3, 1, 0, 0, 0, 1, 3, 0, 0, 1, 0, 2, 0, 0, 0, 0, 0, 1, 0, 1, 0, 1, 1, 0, 2, 0, 0, 0, 0, 0, 0, 0, 2, 0, 0, 1, 0, 0, 1, 0, 0, 3, 0, 0, 1, 0, 0, 0, 0, 0, 0, 2, 0, 0, 0, 1, 3, 0, 0, 3, 0, 1, 2],878.4633786772109,51734.279517614006,107909.26362210623,false
14,G2_TEC,G4_BALANCED,[31, 22, 82, 15, 26, 9, 95, 42, 77, 68, 47, 5, 93, 78, 86, 54, 85, 63, 18, 44, 20, 49, 36, 14, 74, 50, 53, 17, 21, 28, 71, 64, 3, 23, 30, 83, 24, 41, 60, 52, 65, 27, 90, 70, 39, 87, 48, 69, 99, 4, 46, 1, 13, 58, 97, 59, 45, 8, 73, 37, 35, 79, 11, 66, 76, 32, 40, 80, 38, 6, 16, 61, 33, 7, 57, 34, 12, 67, 10, 98, 56, 88, 29, 19, 91, 96, 75, 92, 43, 84, 51, 72, 81, 25, 2, 55, 0, 94, 89, 62]|[2, 1, 2, 1, 1, 2, 1, 1, 1, 1, 1, 0, 2, 2, 1, 2, 0, 0, 0, 2, 2, 1, 0, 2, 0, 2, 2, 1, 0, 1, 1, 1, 0, 0, 1, 0, 2, 1, 2, 2, 0, 0, 1, 1, 0, 2, 0, 2, 1, 0, 0, 2, 0, 0, 2, 0, 1, 1, 0, 0, 2, 1, 0, 2, 2, 0, 2, 2, 0, 1, 2, 1, 1, 2, 0, 1, 1, 1, 1, 2, 2, 1, 1, 1, 1, 0, 0, 0, 1, 0, 1, 1, 1, 1, 2, 0, 0, 1, 1, 1]|[0, 3, 0, 3, 4, 1, 4, 4, 2, 4, 3, 2, 1, 0, 2, 1, 1, 1, 2, 1, 1, 3, 0, 1, 0, 1, 1, 4, 1, 4, 3, 2, 2, 0, 4, 1, 1, 4, 0, 1, 2, 1, 4, 4, 1, 1, 0, 2, 3, 1, 2, 1, 2, 1, 1, 2, 4, 3, 0, 2, 2, 3, 1, 0, 1, 2, 0, 1, 2, 4, 1, 3, 4, 1, 2, 4, 3, 3, 3, 1, 1, 4, 3, 4, 3, 2, 2, 2, 4, 2, 3, 4, 1, 4, 1, 2, 2, 4, 4, 3]|[0, 2, 0, 0, 3, 0, 1, 3, 0, 0, 2, 0, 1, 0, 1, 0, 0, 0, 1, 0, 0, 2, 0, 0, 1, 0, 0, 3, 0, 1, 0, 2, 0, 0, 3, 0, 1, 3, 1, 0, 0, 0, 1, 3, 0, 0, 1, 0, 2, 0, 0, 0, 0, 0, 1, 0, 1, 0, 1, 1, 0, 2, 0, 0, 0, 0, 0, 0, 0, 2, 0, 0, 1, 0, 0, 1, 0, 0, 3, 0, 0, 1, 0, 3, 0, 0, 0, 0, 2, 0, 0, 2, 1, 3, 0, 0, 0, 2, 1, 0],903.2385143846271,51305.864405102795,109729.08374079411,true
14,G3_TWC,G1_CMAX,[31, 22, 82, 15, 26, 9, 95, 42, 77, 12, 47, 5, 93, 78, 86, 54, 6, 63, 18, 44, 20, 35, 43, 97, 91, 76, 10, 30, 21, 45, 64, 71, 1, 23, 17, 83, 24, 14, 60, 36, 85, 57, 40, 88, 65, 56, 79, 94, 39, 68, 46, 75, 38, 58, 19, 32, 81, 41, 27, 62, 87, 90, 99, 59, 11, 16, 72, 73, 70, 67, 37, 84, 3, 92, 25, 55, 28, 29, 51, 8, 66, 61, 98, 48, 89, 50, 7, 96, 53, 80, 4, 33, 34, 2, 52, 13, 0, 69, 74, 49]|[1, 1, 0, 1, 1, 0, 1, 2, 2, 1, 2, 2, 2, 1, 1, 0, 0, 1, 0, 2, 2, 0, 1, 2, 0, 1, 2, 2, 0, 0, 1, 2, 1, 2, 1, 0, 2, 0, 1, 1, 0, 1, 1, 1, 0, 2, 1, 1, 0, 0, 0, 0, 1, 1, 2, 1, 2, 0, 0, 0, 2, 1, 0, 1, 2, 1, 2, 1, 1, 1, 1, 1, 1, 0, 1, 1, 0, 0, 0, 1, 0, 1, 0, 0, 1, 0, 1, 2, 0, 0, 0, 0, 2, 0, 1, 0, 0, 1, 2, 0]|[4, 3, 2, 2, 4, 1, 2, 2, 2, 4, 1, 1, 2, 4, 4, 1, 2, 4, 2, 1, 1, 1, 1, 2, 1, 2, 1, 1, 1, 1, 3, 2, 3, 0, 4, 0, 1, 1, 0, 3, 2, 2, 2, 0, 1, 1, 0, 4, 0, 1, 2, 2, 1, 4, 0, 3, 2, 1, 1, 2, 1, 3, 1, 1, 1, 3, 0, 4, 3, 1, 4, 1, 1, 0, 4, 4, 2, 1, 1, 3, 1, 3, 1, 1, 1, 1, 1, 1, 2, 1, 2, 2, 1, 2, 1, 2, 2, 3, 1, 1]|[0, 2, 1, 1, 3, 0, 1, 0, 0, 0, 0, 0, 1, 0, 1, 0, 1, 3, 1, 0, 0, 0, 3, 1, 0, 2, 0, 0, 0, 1, 0, 0, 0, 0, 3, 0, 1, 0, 0, 2, 1, 1, 1, 0, 0, 0, 0, 2, 1, 0, 0, 0, 1, 3, 0, 0, 1, 0, 0, 1, 0, 2, 0, 1, 0, 2, 1, 0, 0, 1, 1, 3, 1, 1, 3, 3, 1, 0, 0, 2, 0, 0, 0, 0, 1, 0, 2, 0, 1, 0, 1, 1, 0, 0, 1, 0, 0, 0, 0, 1],824.1531664905515,57504.66170409152,92407.54974943638,true
14,G1_CMAX,G1_CMAX,[31, 22, 82, 15, 26, 9, 95, 42, 77, 12, 47, 5, 93, 78, 86, 54, 6, 63, 18, 44, 20, 35, 43, 97, 91, 76, 10, 30, 21, 45, 71, 64, 1, 23, 17, 83, 24, 14, 60, 36, 85, 57, 40, 88, 65, 56, 79, 94, 67, 68, 46, 75, 38, 58, 19, 32, 81, 41, 62, 87, 28, 90, 99, 59, 11, 72, 16, 73, 70, 39, 37, 84, 3, 92, 25, 34, 29, 55, 51, 7, 98, 61, 66, 48, 89, 50, 4, 96, 53, 80, 8, 33, 27, 2, 52, 13, 0, 69, 74, 49]|[1, 1, 0, 1, 1, 0, 1, 2, 2, 1, 2, 2, 2, 1, 1, 0, 0, 1, 0, 2, 2, 0, 1, 2, 2, 1, 2, 2, 0, 0, 1, 1, 1, 2, 1, 0, 2, 0, 1, 1, 0, 1, 1, 1, 0, 2, 1, 1, 0, 0, 0, 0, 1, 1, 2, 1, 2, 0, 0, 2, 2, 1, 0, 1, 2, 2, 1, 1, 1, 1, 1, 1, 1, 0, 1, 2, 0, 2, 0, 1, 2, 1, 0, 0, 1, 0, 1, 2, 0, 0, 1, 2, 0, 0, 1, 0, 0, 1, 2, 0]|[0, 3, 2, 2, 4, 1, 2, 2, 2, 4, 1, 1, 2, 4, 4, 1, 2, 4, 2, 1, 1, 1, 1, 2, 1, 2, 1, 1, 1, 1, 3, 3, 3, 0, 4, 0, 1, 1, 0, 3, 2, 2, 2, 0, 1, 1, 0, 4, 0, 1, 2, 2, 1, 4, 0, 3, 2, 1, 2, 1, 1, 3, 1, 1, 1, 0, 3, 4, 3, 1, 4, 1, 1, 0, 4, 1, 1, 1, 1, 1, 1, 3, 1, 1, 1, 1, 4, 1, 2, 1, 3, 1, 2, 2, 1, 2, 2, 4, 1, 1]|[0, 2, 1, 1, 3, 0, 1, 0, 0, 0, 0, 0, 1, 0, 1, 0, 0, 3, 1, 0, 0, 0, 3, 1, 0, 2, 0, 0, 0, 1, 0, 0, 0, 0, 3, 0, 1, 0, 0, 2, 1, 1, 1, 0, 0, 0, 0, 2, 1, 0, 0, 0, 1, 3, 0, 0, 1, 0, 1, 0, 0, 2, 0, 1, 0, 1, 2, 0, 0, 1, 1, 3, 1, 1, 3, 0, 0, 0, 0, 2, 0, 0, 0, 0, 1, 0, 0, 0, 1, 0, 2, 0, 1, 0, 1, 0, 0, 2, 0, 1],740.1000024547002,57245.26292476342,97017.87740826326,false
14,G4_BALANCED,G4_BALANCED,[31, 11, 82, 15, 26, 9, 95, 42, 77, 68, 47, 5, 93, 78, 86, 54, 85, 63, 18, 44, 20, 49, 36, 14, 74, 50, 53, 17, 21, 45, 71, 64, 3, 23, 30, 83, 24, 41, 60, 52, 65, 27, 90, 70, 39, 87, 48, 69, 99, 4, 46, 1, 13, 58, 97, 59, 28, 8, 73, 37, 35, 79, 22, 66, 76, 32, 40, 80, 96, 6, 16, 61, 33, 7, 57, 34, 12, 67, 10, 98, 56, 88, 51, 0, 91, 38, 75, 84, 43, 92, 29, 62, 81, 25, 2, 55, 19, 94, 89, 72]|[2, 1, 2, 1, 1, 2, 1, 1, 1, 1, 1, 0, 2, 2, 1, 2, 0, 0, 0, 2, 2, 1, 0, 2, 0, 2, 2, 1, 0, 1, 1, 1, 0, 0, 1, 0, 2, 1, 2, 2, 0, 0, 1, 1, 0, 2, 0, 2, 1, 0, 0, 2, 0, 0, 2, 0, 1, 1, 0, 0, 2, 1, 0, 2, 2, 0, 2, 2, 0, 1, 2, 1, 1, 2, 0, 1, 1, 1, 1, 2, 2, 1, 1, 0, 1, 0, 0, 0, 1, 0, 1, 1, 1, 1, 2, 0, 1, 2, 1, 1]|[0, 3, 0, 3, 4, 1, 4, 4, 2, 4, 3, 2, 1, 0, 2, 1, 1, 1, 2, 1, 1, 3, 0, 1, 0, 1, 1, 4, 1, 4, 3, 2, 2, 0, 4, 1, 1, 4, 0, 1, 2, 1, 4, 4, 1, 1, 0, 2, 3, 1, 2, 1, 2, 1, 1, 2, 4, 3, 0, 2, 2, 3, 1, 0, 1, 2, 0, 1, 2, 4, 1, 3, 4, 1, 2, 4, 3, 3, 3, 1, 1, 4, 3, 2, 3, 2, 2, 2, 4, 2, 3, 3, 1, 4, 1, 2, 4, 1, 4, 4]|[0, 2, 0, 0, 3, 0, 1, 3, 0, 0, 2, 0, 1, 0, 1, 0, 0, 0, 1, 0, 0, 2, 0, 0, 1, 0, 0, 3, 0, 1, 0, 2, 0, 1, 3, 0, 1, 3, 1, 0, 0, 0, 1, 3, 0, 0, 1, 0, 2, 0, 0, 0, 0, 0, 1, 0, 1, 0, 1, 1, 0, 2, 0, 0, 0, 0, 0, 0, 0, 2, 0, 0, 1, 0, 0, 1, 0, 0, 3, 0, 0, 1, 0, 0, 0, 0, 0, 0, 2, 0, 0, 0, 1, 3, 0, 0, 3, 0, 1, 2],878.4633786772109,51734.279517614006,107909.26362210623,false
14,G2_TEC,G4_BALANCED,[31, 22, 82, 15, 26, 9, 95, 42, 77, 68, 47, 5, 93, 78, 86, 54, 85, 63, 18, 44, 20, 49, 36, 14, 74, 50, 53, 17, 21, 28, 71, 64, 3, 23, 30, 83, 24, 41, 60, 52, 65, 27, 90, 70, 39, 87, 48, 69, 99, 4, 46, 1, 13, 58, 97, 59, 45, 8, 73, 37, 35, 79, 11, 66, 76, 32, 40, 80, 38, 6, 16, 61, 33, 7, 57, 34, 12, 67, 10, 98, 56, 88, 29, 19, 91, 96, 75, 92, 43, 84, 51, 72, 81, 25, 2, 55, 0, 94, 89, 62]|[2, 1, 2, 1, 1, 2, 1, 1, 1, 1, 1, 0, 2, 2, 1, 2, 0, 0, 0, 2, 2, 1, 0, 2, 0, 2, 2, 1, 0, 1, 1, 1, 0, 0, 1, 0, 2, 1, 2, 2, 0, 0, 1, 1, 0, 2, 0, 2, 1, 0, 0, 2, 0, 0, 2, 0, 1, 1, 0, 0, 2, 1, 0, 2, 2, 0, 2, 2, 0, 1, 2, 1, 1, 2, 0, 1, 1, 1, 1, 2, 2, 1, 1, 1, 1, 0, 0, 0, 1, 0, 1, 1, 1, 1, 2, 0, 0, 1, 1, 1]|[0, 3, 0, 3, 4, 1, 4, 4, 2, 4, 3, 2, 1, 0, 2, 1, 1, 1, 2, 1, 1, 3, 0, 1, 0, 1, 1, 4, 1, 4, 3, 2, 2, 0, 4, 1, 1, 4, 0, 1, 2, 1, 4, 4, 1, 1, 0, 2, 3, 1, 2, 1, 2, 1, 1, 2, 4, 3, 0, 2, 2, 3, 1, 0, 1, 2, 0, 1, 2, 4, 1, 3, 4, 1, 2, 4, 3, 3, 3, 1, 1, 4, 3, 4, 3, 2, 2, 2, 4, 2, 3, 4, 1, 4, 1, 2, 2, 4, 4, 3]|[0, 2, 0, 0, 3, 0, 1, 3, 0, 0, 2, 0, 1, 0, 1, 0, 0, 0, 1, 0, 0, 2, 0, 0, 1, 0, 0, 3, 0, 1, 0, 2, 0, 0, 3, 0, 1, 3, 1, 0, 0, 0, 1, 3, 0, 0, 1, 0, 2, 0, 0, 0, 0, 0, 1, 0, 1, 0, 1, 1, 0, 2, 0, 0, 0, 0, 0, 0, 0, 2, 0, 0, 1, 0, 0, 1, 0, 0, 3, 0, 0, 1, 0, 3, 0, 0, 0, 0, 2, 0, 0, 2, 1, 3, 0, 0, 0, 2, 1, 0],903.2385143846271,51305.864405102795,109729.08374079411,true
14,G3_TWC,G1_CMAX,[31, 22, 82, 15, 26, 9, 95, 42, 77, 12, 47, 5, 93, 78, 86, 54, 6, 63, 18, 44, 20, 35, 43, 97, 91, 76, 10, 30, 21, 45, 64, 71, 1, 23, 17, 83, 24, 14, 60, 36, 85, 57, 40, 88, 65, 56, 79, 94, 39, 68, 46, 75, 38, 58, 19, 32, 81, 41, 27, 62, 87, 90, 99, 59, 11, 16, 72, 73, 70, 67, 37, 84, 3, 92, 25, 55, 28, 29, 51, 8, 66, 61, 98, 48, 89, 50, 7, 96, 53, 80, 4, 33, 34, 2, 52, 13, 0, 69, 74, 49]|[1, 1, 0, 1, 1, 0, 1, 2, 2, 1, 2, 2, 2, 1, 1, 0, 0, 1, 0, 2, 2, 0, 1, 2, 0, 1, 2, 2, 0, 0, 1, 2, 1, 2, 1, 0, 2, 0, 1, 1, 0, 1, 1, 1, 0, 2, 1, 1, 0, 0, 0, 0, 1, 1, 2, 1, 2, 0, 0, 0, 2, 1, 0, 1, 2, 1, 2, 1, 1, 1, 1, 1, 1, 0, 1, 1, 0, 0, 0, 1, 0, 1, 0, 0, 1, 0, 1, 2, 0, 0, 0, 0, 2, 0, 1, 0, 0, 1, 2, 0]|[4, 3, 2, 2, 4, 1, 2, 2, 2, 4, 1, 1, 2, 4, 4, 1, 2, 4, 2, 1, 1, 1, 1, 2, 1, 2, 1, 1, 1, 1, 3, 2, 3, 0, 4, 0, 1, 1, 0, 3, 2, 2, 2, 0, 1, 1, 0, 4, 0, 1, 2, 2, 1, 4, 0, 3, 2, 1, 1, 2, 1, 3, 1, 1, 1, 3, 0, 4, 3, 1, 4, 1, 1, 0, 4, 4, 2, 1, 1, 3, 1, 3, 1, 1, 1, 1, 1, 1, 2, 1, 2, 2, 1, 2, 1, 2, 2, 3, 1, 1]|[0, 2, 1, 1, 3, 0, 1, 0, 0, 0, 0, 0, 1, 0, 1, 0, 1, 3, 1, 0, 0, 0, 3, 1, 0, 2, 0, 0, 0, 1, 0, 0, 0, 0, 3, 0, 1, 0, 0, 2, 1, 1, 1, 0, 0, 0, 0, 2, 1, 0, 0, 0, 1, 3, 0, 0, 1, 0, 0, 1, 0, 2, 0, 1, 0, 2, 1, 0, 0, 1, 1, 3, 1, 1, 3, 3, 1, 0, 0, 2, 0, 0, 0, 0, 1, 0, 2, 0, 1, 0, 1, 1, 0, 0, 1, 0, 0, 0, 0, 1],824.1531664905515,57504.66170409152,92407.54974943638,true
14,G1_CMAX,G1_CMAX,[31, 22, 82, 15, 26, 9, 95, 42, 77, 12, 47, 5, 93, 78, 86, 54, 6, 63, 18, 44, 20, 35, 43, 97, 91, 76, 10, 30, 21, 45, 71, 64, 1, 23, 17, 83, 24, 14, 60, 36, 85, 57, 40, 88, 65, 56, 79, 94, 67, 68, 46, 75, 38, 58, 19, 32, 81, 41, 62, 87, 28, 90, 99, 59, 11, 72, 16, 73, 70, 39, 37, 84, 3, 92, 25, 34, 29, 55, 51, 7, 98, 61, 66, 48, 89, 50, 4, 96, 53, 80, 8, 33, 27, 2, 52, 13, 0, 69, 74, 49]|[1, 1, 0, 1, 1, 0, 1, 2, 2, 1, 2, 2, 2, 1, 1, 0, 0, 1, 0, 2, 2, 0, 1, 2, 2, 1, 2, 2, 0, 0, 1, 1, 1, 2, 1, 0, 2, 0, 1, 1, 0, 1, 1, 1, 0, 2, 1, 1, 0, 0, 0, 0, 1, 1, 2, 1, 2, 0, 0, 2, 2, 1, 0, 1, 2, 2, 1, 1, 1, 1, 1, 1, 1, 0, 1, 2, 0, 2, 0, 1, 2, 1, 0, 0, 1, 0, 1, 2, 0, 0, 1, 2, 0, 0, 1, 0, 0, 1, 2, 0]|[0, 3, 2, 2, 4, 1, 2, 2, 2, 4, 1, 1, 2, 4, 4, 1, 2, 4, 2, 1, 1, 1, 1, 2, 1, 2, 1, 1, 1, 1, 3, 3, 3, 0, 4, 0, 1, 1, 0, 3, 2, 2, 2, 0, 1, 1, 0, 4, 0, 1, 2, 2, 1, 4, 0, 3, 2, 1, 2, 1, 1, 3, 1, 1, 1, 0, 3, 4, 3, 1, 4, 1, 1, 0, 4, 1, 1, 1, 1, 1, 1, 3, 1, 1, 1, 1, 4, 1, 2, 1, 3, 1, 2, 2, 1, 2, 2, 4, 1, 1]|[0, 2, 1, 1, 3, 0, 1, 0, 0, 0, 0, 0, 1, 0, 1, 0, 0, 3, 1, 0, 0, 0, 3, 1, 0, 2, 0, 0, 0, 1, 0, 0, 0, 0, 3, 0, 1, 0, 0, 2, 1, 1, 1, 0, 0, 0, 0, 2, 1, 0, 0, 0, 1, 3, 0, 0, 1, 0, 1, 0, 0, 2, 0, 1, 0, 1, 2, 0, 0, 1, 1, 3, 1, 1, 3, 0, 0, 0, 0, 2, 0, 0, 0, 0, 1, 0, 0, 0, 1, 0, 2, 0, 1, 0, 1, 0, 0, 2, 0, 1],740.1000024547002,57245.26292476342,97017.87740826326,false
14,G4_BALANCED,G4_BALANCED,[31, 11, 82, 15, 26, 9, 95, 42, 77, 68, 47, 5, 93, 78, 86, 54, 85, 63, 18, 44, 20, 49, 36, 14, 74, 50, 53, 17, 21, 45, 71, 64, 3, 23, 30, 83, 24, 41, 60, 52, 65, 27, 90, 70, 39, 87, 48, 69, 99, 4, 46, 1, 13, 58, 97, 59, 28, 8, 73, 37, 35, 79, 22, 66, 76, 32, 40, 80, 96, 6, 16, 61, 33, 7, 57, 34, 12, 67, 10, 98, 56, 88, 51, 0, 91, 38, 75, 84, 43, 92, 29, 62, 81, 25, 2, 55, 19, 94, 89, 72]|[2, 1, 2, 1, 1, 2, 1, 1, 1, 1, 1, 0, 2, 2, 1, 2, 0, 0, 0, 2, 2, 1, 0, 2, 0, 2, 2, 1, 0, 1, 1, 1, 0, 0, 1, 0, 2, 1, 2, 2, 0, 0, 1, 1, 0, 2, 0, 2, 1, 0, 0, 2, 0, 0, 2, 0, 1, 1, 0, 0, 2, 1, 0, 2, 2, 0, 2, 2, 0, 1, 2, 1, 1, 2, 0, 1, 1, 1, 1, 2, 2, 1, 1, 0, 1, 0, 0, 0, 1, 0, 1, 1, 1, 1, 2, 0, 1, 2, 1, 1]|[0, 3, 0, 3, 4, 1, 4, 4, 2, 4, 3, 2, 1, 0, 2, 1, 1, 1, 2, 1, 1, 3, 0, 1, 0, 1, 1, 4, 1, 4, 3, 2, 2, 0, 4, 1, 1, 4, 0, 1, 2, 1, 4, 4, 1, 1, 0, 2, 3, 1, 2, 1, 2, 1, 1, 2, 4, 3, 0, 2, 2, 3, 1, 0, 1, 2, 0, 1, 2, 4, 1, 3, 4, 1, 2, 4, 3, 3, 3, 1, 1, 4, 3, 2, 3, 2, 2, 2, 4, 2, 3, 3, 1, 4, 1, 2, 4, 1, 4, 4]|[0, 2, 0, 0, 3, 0, 1, 3, 0, 0, 2, 0, 1, 0, 1, 0, 0, 0, 1, 0, 0, 2, 0, 0, 1, 0, 0, 3, 0, 1, 0, 2, 0, 1, 3, 0, 1, 3, 1, 0, 0, 0, 1, 3, 0, 0, 1, 0, 2, 0, 0, 0, 0, 0, 1, 0, 1, 0, 1, 1, 0, 2, 0, 0, 0, 0, 0, 0, 0, 2, 0, 0, 1, 0, 0, 1, 0, 0, 3, 0, 0, 1, 0, 0, 0, 0, 0, 0, 2, 0, 0, 0, 1, 3, 0, 0, 3, 0, 1, 2],878.4633786772109,51734.279517614006,107909.26362210623,false
14,G2_TEC,G4_BALANCED,[31, 22, 82, 15, 26, 9, 95, 42, 77, 68, 47, 5, 93, 78, 86, 54, 85, 63, 18, 44, 20, 49, 36, 14, 74, 50, 53, 17, 21, 28, 71, 64, 3, 23, 30, 83, 24, 41, 60, 52, 65, 27, 90, 70, 39, 87, 48, 69, 99, 4, 46, 1, 13, 58, 97, 59, 45, 8, 73, 37, 35, 79, 11, 66, 76, 32, 40, 80, 38, 6, 16, 61, 33, 7, 57, 34, 12, 67, 10, 98, 56, 88, 29, 19, 91, 96, 75, 92, 43, 84, 51, 72, 81, 25, 2, 55, 0, 94, 89, 62]|[2, 1, 2, 1, 1, 2, 1, 1, 1, 1, 1, 0, 2, 2, 1, 2, 0, 0, 0, 2, 2, 1, 0, 2, 0, 2, 2, 1, 0, 1, 1, 1, 0, 0, 1, 0, 2, 1, 2, 2, 0, 0, 1, 1, 0, 2, 0, 2, 1, 0, 0, 2, 0, 0, 2, 0, 1, 1, 0, 0, 2, 1, 0, 2, 2, 0, 2, 2, 0, 1, 2, 1, 1, 2, 0, 1, 1, 1, 1, 2, 2, 1, 1, 1, 1, 0, 0, 0, 1, 0, 1, 1, 1, 1, 2, 0, 0, 1, 1, 1]|[0, 3, 0, 3, 4, 1, 4, 4, 2, 4, 3, 2, 1, 0, 2, 1, 1, 1, 2, 1, 1, 3, 0, 1, 0, 1, 1, 4, 1, 4, 3, 2, 2, 0, 4, 1, 1, 4, 0, 1, 2, 1, 4, 4, 1, 1, 0, 2, 3, 1, 2, 1, 2, 1, 1, 2, 4, 3, 0, 2, 2, 3, 1, 0, 1, 2, 0, 1, 2, 4, 1, 3, 4, 1, 2, 4, 3, 3, 3, 1, 1, 4, 3, 4, 3, 2, 2, 2, 4, 2, 3, 4, 1, 4, 1, 2, 2, 4, 4, 3]|[0, 2, 0, 0, 3, 0, 1, 3, 0, 0, 2, 0, 1, 0, 1, 0, 0, 0, 1, 0, 0, 2, 0, 0, 1, 0, 0, 3, 0, 1, 0, 2, 0, 0, 3, 0, 1, 3, 1, 0, 0, 0, 1, 3, 0, 0, 1, 0, 2, 0, 0, 0, 0, 0, 1, 0, 1, 0, 1, 1, 0, 2, 0, 0, 0, 0, 0, 0, 0, 2, 0, 0, 1, 0, 0, 1, 0, 0, 3, 0, 0, 1, 0, 3, 0, 0, 0, 0, 2, 0, 0, 2, 1, 3, 0, 0, 0, 2, 1, 0],903.2385143846271,51305.864405102795,109729.08374079411,true
14,G3_TWC,G1_CMAX,[31, 22, 82, 15, 26, 9, 95, 42, 77, 12, 47, 5, 93, 78, 86, 54, 6, 63, 18, 44, 20, 35, 43, 97, 91, 76, 10, 30, 21, 45, 64, 71, 1, 23, 17, 83, 24, 14, 60, 36, 85, 57, 40, 88, 65, 56, 79, 94, 39, 68, 46, 75, 38, 58, 19, 32, 81, 41, 27, 62, 87, 90, 99, 59, 11, 16, 72, 73, 70, 67, 37, 84, 3, 92, 25, 55, 28, 29, 51, 8, 66, 61, 98, 48, 89, 50, 7, 96, 53, 80, 4, 33, 34, 2, 52, 13, 0, 69, 74, 49]|[1, 1, 0, 1, 1, 0, 1, 2, 2, 1, 2, 2, 2, 1, 1, 0, 0, 1, 0, 2, 2, 0, 1, 2, 0, 1, 2, 2, 0, 0, 1, 2, 1, 2, 1, 0, 2, 0, 1, 1, 0, 1, 1, 1, 0, 2, 1, 1, 0, 0, 0, 0, 1, 1, 2, 1, 2, 0, 0, 0, 2, 1, 0, 1, 2, 1, 2, 1, 1, 1, 1, 1, 1, 0, 1, 1, 0, 0, 0, 1, 0, 1, 0, 0, 1, 0, 1, 2, 0, 0, 0, 0, 2, 0, 1, 0, 0, 1, 2, 0]|[4, 3, 2, 2, 4, 1, 2, 2, 2, 4, 1, 1, 2, 4, 4, 1, 2, 4, 2, 1, 1, 1, 1, 2, 1, 2, 1, 1, 1, 1, 3, 2, 3, 0, 4, 0, 1, 1, 0, 3, 2, 2, 2, 0, 1, 1, 0, 4, 0, 1, 2, 2, 1, 4, 0, 3, 2, 1, 1, 2, 1, 3, 1, 1, 1, 3, 0, 4, 3, 1, 4, 1, 1, 0, 4, 4, 2, 1, 1, 3, 1, 3, 1, 1, 1, 1, 1, 1, 2, 1, 2, 2, 1, 2, 1, 2, 2, 3, 1, 1]|[0, 2, 1, 1, 3, 0, 1, 0, 0, 0, 0, 0, 1, 0, 1, 0, 1, 3, 1, 0, 0, 0, 3, 1, 0, 2, 0, 0, 0, 1, 0, 0, 0, 0, 3, 0, 1, 0, 0, 2, 1, 1, 1, 0, 0, 0, 0, 2, 1, 0, 0, 0, 1, 3, 0, 0, 1, 0, 0, 1, 0, 2, 0, 1, 0, 2, 1, 0, 0, 1, 1, 3, 1, 1, 3, 3, 1, 0, 0, 2, 0, 0, 0, 0, 1, 0, 2, 0, 1, 0, 1, 1, 0, 0, 1, 0, 0, 0, 0, 1],824.1531664905515,57504.66170409152,92407.54974943638,true
14,G1_CMAX,G1_CMAX,[31, 22, 82, 15, 26, 9, 95, 42, 77, 12, 47, 5, 93, 78, 86, 54, 6, 63, 18, 44, 20, 35, 43, 97, 91, 76, 10, 30, 21, 45, 71, 64, 1, 23, 17, 83, 24, 14, 60, 36, 85, 57, 40, 88, 65, 56, 79, 94, 67, 68, 46, 75, 38, 58, 19, 32, 81, 41, 62, 87, 28, 90, 99, 59, 11, 72, 16, 73, 70, 39, 37, 84, 3, 92, 25, 34, 29, 55, 51, 7, 98, 61, 66, 48, 89, 50, 4, 96, 53, 80, 8, 33, 27, 2, 52, 13, 0, 69, 74, 49]|[1, 1, 0, 1, 1, 0, 1, 2, 2, 1, 2, 2, 2, 1, 1, 0, 0, 1, 0, 2, 2, 0, 1, 2, 2, 1, 2, 2, 0, 0, 1, 1, 1, 2, 1, 0, 2, 0, 1, 1, 0, 1, 1, 1, 0, 2, 1, 1, 0, 0, 0, 0, 1, 1, 2, 1, 2, 0, 0, 2, 2, 1, 0, 1, 2, 2, 1, 1, 1, 1, 1, 1, 1, 0, 1, 2, 0, 2, 0, 1, 2, 1, 0, 0, 1, 0, 1, 2, 0, 0, 1, 2, 0, 0, 1, 0, 0, 1, 2, 0]|[0, 3, 2, 2, 4, 1, 2, 2, 2, 4, 1, 1, 2, 4, 4, 1, 2, 4, 2, 1, 1, 1, 1, 2, 1, 2, 1, 1, 1, 1, 3, 3, 3, 0, 4, 0, 1, 1, 0, 3, 2, 2, 2, 0, 1, 1, 0, 4, 0, 1, 2, 2, 1, 4, 0, 3, 2, 1, 2, 1, 1, 3, 1, 1, 1, 0, 3, 4, 3, 1, 4, 1, 1, 0, 4, 1, 1, 1, 1, 1, 1, 3, 1, 1, 1, 1, 4, 1, 2, 1, 3, 1, 2, 2, 1, 2, 2, 4, 1, 1]|[0, 2, 1, 1, 3, 0, 1, 0, 0, 0, 0, 0, 1, 0, 1, 0, 0, 3, 1, 0, 0, 0, 3, 1, 0, 2, 0, 0, 0, 1, 0, 0, 0, 0, 3, 0, 1, 0, 0, 2, 1, 1, 1, 0, 0, 0, 0, 2, 1, 0, 0, 0, 1, 3, 0, 0, 1, 0, 1, 0, 0, 2, 0, 1, 0, 1, 2, 0, 0, 1, 1, 3, 1, 1, 3, 0, 0, 0, 0, 2, 0, 0, 0, 0, 1, 0, 0, 0, 1, 0, 2, 0, 1, 0, 1, 0, 0, 2, 0, 1],740.1000024547002,57245.26292476342,97017.87740826326,false
14,G4_BALANCED,G4_BALANCED,[31, 11, 82, 15, 26, 9, 95, 42, 77, 68, 47, 5, 93, 78, 86, 54, 85, 63, 18, 44, 20, 49, 36, 14, 74, 50, 53, 17, 21, 45, 71, 64, 3, 23, 30, 83, 24, 41, 60, 52, 65, 27, 90, 70, 39, 87, 48, 69, 99, 4, 46, 1, 13, 58, 97, 59, 28, 8, 73, 37, 35, 79, 22, 66, 76, 32, 40, 80, 96, 6, 16, 61, 33, 7, 57, 34, 12, 67, 10, 98, 56, 88, 51, 0, 91, 38, 75, 84, 43, 92, 29, 62, 81, 25, 2, 55, 19, 94, 89, 72]|[2, 1, 2, 1, 1, 2, 1, 1, 1, 1, 1, 0, 2, 2, 1, 2, 0, 0, 0, 2, 2, 1, 0, 2, 0, 2, 2, 1, 0, 1, 1, 1, 0, 0, 1, 0, 2, 1, 2, 2, 0, 0, 1, 1, 0, 2, 0, 2, 1, 0, 0, 2, 0, 0, 2, 0, 1, 1, 0, 0, 2, 1, 0, 2, 2, 0, 2, 2, 0, 1, 2, 1, 1, 2, 0, 1, 1, 1, 1, 2, 2, 1, 1, 0, 1, 0, 0, 0, 1, 0, 1, 1, 1, 1, 2, 0, 1, 2, 1, 1]|[0, 3, 0, 3, 4, 1, 4, 4, 2, 4, 3, 2, 1, 0, 2, 1, 1, 1, 2, 1, 1, 3, 0, 1, 0, 1, 1, 4, 1, 4, 3, 2, 2, 0, 4, 1, 1, 4, 0, 1, 2, 1, 4, 4, 1, 1, 0, 2, 3, 1, 2, 1, 2, 1, 1, 2, 4, 3, 0, 2, 2, 3, 1, 0, 1, 2, 0, 1, 2, 4, 1, 3, 4, 1, 2, 4, 3, 3, 3, 1, 1, 4, 3, 2, 3, 2, 2, 2, 4, 2, 3, 3, 1, 4, 1, 2, 4, 1, 4, 4]|[0, 2, 0, 0, 3, 0, 1, 3, 0, 0, 2, 0, 1, 0, 1, 0, 0, 0, 1, 0, 0, 2, 0, 0, 1, 0, 0, 3, 0, 1, 0, 2, 0, 1, 3, 0, 1, 3, 1, 0, 0, 0, 1, 3, 0, 0, 1, 0, 2, 0, 0, 0, 0, 0, 1, 0, 1, 0, 1, 1, 0, 2, 0, 0, 0, 0, 0, 0, 0, 2, 0, 0, 1, 0, 0, 1, 0, 0, 3, 0, 0, 1, 0, 0, 0, 0, 0, 0, 2, 0, 0, 0, 1, 3, 0, 0, 3, 0, 1, 2],878.4633786772109,51734.279517614006,107909.26362210623,false
14,G2_TEC,G4_BALANCED,[31, 22, 82, 15, 26, 9, 95, 42, 77, 68, 47, 5, 93, 78, 86, 54, 85, 63, 18, 44, 20, 49, 36, 14, 74, 50, 53, 17, 21, 28, 71, 64, 3, 23, 30, 83, 24, 41, 60, 52, 65, 27, 90, 70, 39, 87, 48, 69, 99, 4, 46, 1, 13, 58, 97, 59, 45, 8, 73, 37, 35, 79, 11, 66, 76, 32, 40, 80, 38, 6, 16, 61, 33, 7, 57, 34, 12, 67, 10, 98, 56, 88, 29, 19, 91, 96, 75, 92, 43, 84, 51, 72, 81, 25, 2, 55, 0, 94, 89, 62]|[2, 1, 2, 1, 1, 2, 1, 1, 1, 1, 1, 0, 2, 2, 1, 2, 0, 0, 0, 2, 2, 1, 0, 2, 0, 2, 2, 1, 0, 1, 1, 1, 0, 0, 1, 0, 2, 1, 2, 2, 0, 0, 1, 1, 0, 2, 0, 2, 1, 0, 0, 2, 0, 0, 2, 0, 1, 1, 0, 0, 2, 1, 0, 2, 2, 0, 2, 2, 0, 1, 2, 1, 1, 2, 0, 1, 1, 1, 1, 2, 2, 1, 1, 1, 1, 0, 0, 0, 1, 0, 1, 1, 1, 1, 2, 0, 0, 1, 1, 1]|[0, 3, 0, 3, 4, 1, 4, 4, 2, 4, 3, 2, 1, 0, 2, 1, 1, 1, 2, 1, 1, 3, 0, 1, 0, 1, 1, 4, 1, 4, 3, 2, 2, 0, 4, 1, 1, 4, 0, 1, 2, 1, 4, 4, 1, 1, 0, 2, 3, 1, 2, 1, 2, 1, 1, 2, 4, 3, 0, 2, 2, 3, 1, 0, 1, 2, 0, 1, 2, 4, 1, 3, 4, 1, 2, 4, 3, 3, 3, 1, 1, 4, 3, 4, 3, 2, 2, 2, 4, 2, 3, 4, 1, 4, 1, 2, 2, 4, 4, 3]|[0, 2, 0, 0, 3, 0, 1, 3, 0, 0, 2, 0, 1, 0, 1, 0, 0, 0, 1, 0, 0, 2, 0, 0, 1, 0, 0, 3, 0, 1, 0, 2, 0, 0, 3, 0, 1, 3, 1, 0, 0, 0, 1, 3, 0, 0, 1, 0, 2, 0, 0, 0, 0, 0, 1, 0, 1, 0, 1, 1, 0, 2, 0, 0, 0, 0, 0, 0, 0, 2, 0, 0, 1, 0, 0, 1, 0, 0, 3, 0, 0, 1, 0, 3, 0, 0, 0, 0, 2, 0, 0, 2, 1, 3, 0, 0, 0, 2, 1, 0],903.2385143846271,51305.864405102795,109729.08374079411,true
14,G3_TWC,G1_CMAX,[31, 22, 82, 15, 26, 9, 95, 42, 77, 12, 47, 5, 93, 78, 86, 54, 6, 63, 18, 44, 20, 35, 43, 97, 91, 76, 10, 30, 21, 45, 64, 71, 1, 23, 17, 83, 24, 14, 60, 36, 85, 57, 40, 88, 65, 56, 79, 94, 39, 68, 46, 75, 38, 58, 19, 32, 81, 41, 27, 62, 87, 90, 99, 59, 11, 16, 72, 73, 70, 67, 37, 84, 3, 92, 25, 55, 28, 29, 51, 8, 66, 61, 98, 48, 89, 50, 7, 96, 53, 80, 4, 33, 34, 2, 52, 13, 0, 69, 74, 49]|[1, 1, 0, 1, 1, 0, 1, 2, 2, 1, 2, 2, 2, 1, 1, 0, 0, 1, 0, 2, 2, 0, 1, 2, 0, 1, 2, 2, 0, 0, 1, 2, 1, 2, 1, 0, 2, 0, 1, 1, 0, 1, 1, 1, 0, 2, 1, 1, 0, 0, 0, 0, 1, 1, 2, 1, 2, 0, 0, 0, 2, 1, 0, 1, 2, 1, 2, 1, 1, 1, 1, 1, 1, 0, 1, 1, 0, 0, 0, 1, 0, 1, 0, 0, 1, 0, 1, 2, 0, 0, 0, 0, 2, 0, 1, 0, 0, 1, 2, 0]|[4, 3, 2, 2, 4, 1, 2, 2, 2, 4, 1, 1, 2, 4, 4, 1, 2, 4, 2, 1, 1, 1, 1, 2, 1, 2, 1, 1, 1, 1, 3, 2, 3, 0, 4, 0, 1, 1, 0, 3, 2, 2, 2, 0, 1, 1, 0, 4, 0, 1, 2, 2, 1, 4, 0, 3, 2, 1, 1, 2, 1, 3, 1, 1, 1, 3, 0, 4, 3, 1, 4, 1, 1, 0, 4, 4, 2, 1, 1, 3, 1, 3, 1, 1, 1, 1, 1, 1, 2, 1, 2, 2, 1, 2, 1, 2, 2, 3, 1, 1]|[0, 2, 1, 1, 3, 0, 1, 0, 0, 0, 0, 0, 1, 0, 1, 0, 1, 3, 1, 0, 0, 0, 3, 1, 0, 2, 0, 0, 0, 1, 0, 0, 0, 0, 3, 0, 1, 0, 0, 2, 1, 1, 1, 0, 0, 0, 0, 2, 1, 0, 0, 0, 1, 3, 0, 0, 1, 0, 0, 1, 0, 2, 0, 1, 0, 2, 1, 0, 0, 1, 1, 3, 1, 1, 3, 3, 1, 0, 0, 2, 0, 0, 0, 0, 1, 0, 2, 0, 1, 0, 1, 1, 0, 0, 1, 0, 0, 0, 0, 1],824.1531664905515,57504.66170409152,92407.54974943638,true
14,G1_CMAX,G1_CMAX,[31, 22, 82, 15, 26, 9, 95, 42, 77, 12, 47, 5, 93, 78, 86, 54, 6, 63, 18, 44, 20, 35, 43, 97, 91, 76, 10, 30, 21, 45, 71, 64, 1, 23, 17, 83, 24, 14, 60, 36, 85, 57, 40, 88, 65, 56, 79, 94, 67, 68, 46, 75, 38, 58, 19, 32, 81, 41, 62, 87, 28, 90, 99, 59, 11, 72, 16, 73, 70, 39, 37, 84, 3, 92, 25, 34, 29, 55, 51, 7, 98, 61, 66, 48, 89, 50, 4, 96, 53, 80, 8, 33, 27, 2, 52, 13, 0, 69, 74, 49]|[1, 1, 0, 1, 1, 0, 1, 2, 2, 1, 2, 2, 2, 1, 1, 0, 0, 1, 0, 2, 2, 0, 1, 2, 2, 1, 2, 2, 0, 0, 1, 1, 1, 2, 1, 0, 2, 0, 1, 1, 0, 1, 1, 1, 0, 2, 1, 1, 0, 0, 0, 0, 1, 1, 2, 1, 2, 0, 0, 2, 2, 1, 0, 1, 2, 2, 1, 1, 1, 1, 1, 1, 1, 0, 1, 2, 0, 2, 0, 1, 2, 1, 0, 0, 1, 0, 1, 2, 0, 0, 1, 2, 0, 0, 1, 0, 0, 1, 2, 0]|[0, 3, 2, 2, 4, 1, 2, 2, 2, 4, 1, 1, 2, 4, 4, 1, 2, 4, 2, 1, 1, 1, 1, 2, 1, 2, 1, 1, 1, 1, 3, 3, 3, 0, 4, 0, 1, 1, 0, 3, 2, 2, 2, 0, 1, 1, 0, 4, 0, 1, 2, 2, 1, 4, 0, 3, 2, 1, 2, 1, 1, 3, 1, 1, 1, 0, 3, 4, 3, 1, 4, 1, 1, 0, 4, 1, 1, 1, 1, 1, 1, 3, 1, 1, 1, 1, 4, 1, 2, 1, 3, 1, 2, 2, 1, 2, 2, 4, 1, 1]|[0, 2, 1, 1, 3, 0, 1, 0, 0, 0, 0, 0, 1, 0, 1, 0, 0, 3, 1, 0, 0, 0, 3, 1, 0, 2, 0, 0, 0, 1, 0, 0, 0, 0, 3, 0, 1, 0, 0, 2, 1, 1, 1, 0, 0, 0, 0, 2, 1, 0, 0, 0, 1, 3, 0, 0, 1, 0, 1, 0, 0, 2, 0, 1, 0, 1, 2, 0, 0, 1, 1, 3, 1, 1, 3, 0, 0, 0, 0, 2, 0, 0, 0, 0, 1, 0, 0, 0, 1, 0, 2, 0, 1, 0, 1, 0, 0, 2, 0, 1],740.1000024547002,57245.26292476342,97017.87740826326,false
14,G4_BALANCED,G4_BALANCED,[31, 11, 82, 15, 26, 9, 95, 42, 77, 68, 47, 5, 93, 78, 86, 54, 85, 63, 18, 44, 20, 49, 36, 14, 74, 50, 53, 17, 21, 45, 71, 64, 3, 23, 30, 83, 24, 41, 60, 52, 65, 27, 90, 70, 39, 87, 48, 69, 99, 4, 46, 1, 13, 58, 97, 59, 28, 8, 73, 37, 35, 79, 22, 66, 76, 32, 40, 80, 96, 6, 16, 61, 33, 7, 57, 34, 12, 67, 10, 98, 56, 88, 51, 0, 91, 38, 75, 84, 43, 92, 29, 62, 81, 25, 2, 55, 19, 94, 89, 72]|[2, 1, 2, 1, 1, 2, 1, 1, 1, 1, 1, 0, 2, 2, 1, 2, 0, 0, 0, 2, 2, 1, 0, 2, 0, 2, 2, 1, 0, 1, 1, 1, 0, 0, 1, 0, 2, 1, 2, 2, 0, 0, 1, 1, 0, 2, 0, 2, 1, 0, 0, 2, 0, 0, 2, 0, 1, 1, 0, 0, 2, 1, 0, 2, 2, 0, 2, 2, 0, 1, 2, 1, 1, 2, 0, 1, 1, 1, 1, 2, 2, 1, 1, 0, 1, 0, 0, 0, 1, 0, 1, 1, 1, 1, 2, 0, 1, 2, 1, 1]|[0, 3, 0, 3, 4, 1, 4, 4, 2, 4, 3, 2, 1, 0, 2, 1, 1, 1, 2, 1, 1, 3, 0, 1, 0, 1, 1, 4, 1, 4, 3, 2, 2, 0, 4, 1, 1, 4, 0, 1, 2, 1, 4, 4, 1, 1, 0, 2, 3, 1, 2, 1, 2, 1, 1, 2, 4, 3, 0, 2, 2, 3, 1, 0, 1, 2, 0, 1, 2, 4, 1, 3, 4, 1, 2, 4, 3, 3, 3, 1, 1, 4, 3, 2, 3, 2, 2, 2, 4, 2, 3, 3, 1, 4, 1, 2, 4, 1, 4, 4]|[0, 2, 0, 0, 3, 0, 1, 3, 0, 0, 2, 0, 1, 0, 1, 0, 0, 0, 1, 0, 0, 2, 0, 0, 1, 0, 0, 3, 0, 1, 0, 2, 0, 1, 3, 0, 1, 3, 1, 0, 0, 0, 1, 3, 0, 0, 1, 0, 2, 0, 0, 0, 0, 0, 1, 0, 1, 0, 1, 1, 0, 2, 0, 0, 0, 0, 0, 0, 0, 2, 0, 0, 1, 0, 0, 1, 0, 0, 3, 0, 0, 1, 0, 0, 0, 0, 0, 0, 2, 0, 0, 0, 1, 3, 0, 0, 3, 0, 1, 2],878.4633786772109,51734.279517614006,107909.26362210623,false
14,G2_TEC,G4_BALANCED,[31, 22, 82, 15, 26, 9, 95, 42, 77, 68, 47, 5, 93, 78, 86, 54, 85, 63, 18, 44, 20, 49, 36, 14, 74, 50, 53, 17, 21, 28, 71, 64, 3, 23, 30, 83, 24, 41, 60, 52, 65, 27, 90, 70, 39, 87, 48, 69, 99, 4, 46, 1, 13, 58, 97, 59, 45, 8, 73, 37, 35, 79, 11, 66, 76, 32, 40, 80, 38, 6, 16, 61, 33, 7, 57, 34, 12, 67, 10, 98, 56, 88, 29, 19, 91, 96, 75, 92, 43, 84, 51, 72, 81, 25, 2, 55, 0, 94, 89, 62]|[2, 1, 2, 1, 1, 2, 1, 1, 1, 1, 1, 0, 2, 2, 1, 2, 0, 0, 0, 2, 2, 1, 0, 2, 0, 2, 2, 1, 0, 1, 1, 1, 0, 0, 1, 0, 2, 1, 2, 2, 0, 0, 1, 1, 0, 2, 0, 2, 1, 0, 0, 2, 0, 0, 2, 0, 1, 1, 0, 0, 2, 1, 0, 2, 2, 0, 2, 2, 0, 1, 2, 1, 1, 2, 0, 1, 1, 1, 1, 2, 2, 1, 1, 1, 1, 0, 0, 0, 1, 0, 1, 1, 1, 1, 2, 0, 0, 1, 1, 1]|[0, 3, 0, 3, 4, 1, 4, 4, 2, 4, 3, 2, 1, 0, 2, 1, 1, 1, 2, 1, 1, 3, 0, 1, 0, 1, 1, 4, 1, 4, 3, 2, 2, 0, 4, 1, 1, 4, 0, 1, 2, 1, 4, 4, 1, 1, 0, 2, 3, 1, 2, 1, 2, 1, 1, 2, 4, 3, 0, 2, 2, 3, 1, 0, 1, 2, 0, 1, 2, 4, 1, 3, 4, 1, 2, 4, 3, 3, 3, 1, 1, 4, 3, 4, 3, 2, 2, 2, 4, 2, 3, 4, 1, 4, 1, 2, 2, 4, 4, 3]|[0, 2, 0, 0, 3, 0, 1, 3, 0, 0, 2, 0, 1, 0, 1, 0, 0, 0, 1, 0, 0, 2, 0, 0, 1, 0, 0, 3, 0, 1, 0, 2, 0, 0, 3, 0, 1, 3, 1, 0, 0, 0, 1, 3, 0, 0, 1, 0, 2, 0, 0, 0, 0, 0, 1, 0, 1, 0, 1, 1, 0, 2, 0, 0, 0, 0, 0, 0, 0, 2, 0, 0, 1, 0, 0, 1, 0, 0, 3, 0, 0, 1, 0, 3, 0, 0, 0, 0, 2, 0, 0, 2, 1, 3, 0, 0, 0, 2, 1, 0],903.2385143846271,51305.864405102795,109729.08374079411,true
14,G3_TWC,G1_CMAX,[31, 22, 82, 15, 26, 9, 95, 42, 77, 12, 47, 5, 93, 78, 86, 54, 6, 63, 18, 44, 20, 35, 43, 97, 91, 76, 10, 30, 21, 45, 64, 71, 1, 23, 17, 83, 24, 14, 60, 36, 85, 57, 40, 88, 65, 56, 79, 94, 39, 68, 46, 75, 38, 58, 19, 32, 81, 41, 27, 62, 87, 90, 99, 59, 11, 16, 72, 73, 70, 67, 37, 84, 3, 92, 25, 55, 28, 29, 51, 8, 66, 61, 98, 48, 89, 50, 7, 96, 53, 80, 4, 33, 34, 2, 52, 13, 0, 69, 74, 49]|[1, 1, 0, 1, 1, 0, 1, 2, 2, 1, 2, 2, 2, 1, 1, 0, 0, 1, 0, 2, 2, 0, 1, 2, 0, 1, 2, 2, 0, 0, 1, 2, 1, 2, 1, 0, 2, 0, 1, 1, 0, 1, 1, 1, 0, 2, 1, 1, 0, 0, 0, 0, 1, 1, 2, 1, 2, 0, 0, 0, 2, 1, 0, 1, 2, 1, 2, 1, 1, 1, 1, 1, 1, 0, 1, 1, 0, 0, 0, 1, 0, 1, 0, 0, 1, 0, 1, 2, 0, 0, 0, 0, 2, 0, 1, 0, 0, 1, 2, 0]|[4, 3, 2, 2, 4, 1, 2, 2, 2, 4, 1, 1, 2, 4, 4, 1, 2, 4, 2, 1, 1, 1, 1, 2, 1, 2, 1, 1, 1, 1, 3, 2, 3, 0, 4, 0, 1, 1, 0, 3, 2, 2, 2, 0, 1, 1, 0, 4, 0, 1, 2, 2, 1, 4, 0, 3, 2, 1, 1, 2, 1, 3, 1, 1, 1, 3, 0, 4, 3, 1, 4, 1, 1, 0, 4, 4, 2, 1, 1, 3, 1, 3, 1, 1, 1, 1, 1, 1, 2, 1, 2, 2, 1, 2, 1, 2, 2, 3, 1, 1]|[0, 2, 1, 1, 3, 0, 1, 0, 0, 0, 0, 0, 1, 0, 1, 0, 1, 3, 1, 0, 0, 0, 3, 1, 0, 2, 0, 0, 0, 1, 0, 0, 0, 0, 3, 0, 1, 0, 0, 2, 1, 1, 1, 0, 0, 0, 0, 2, 1, 0, 0, 0, 1, 3, 0, 0, 1, 0, 0, 1, 0, 2, 0, 1, 0, 2, 1, 0, 0, 1, 1, 3, 1, 1, 3, 3, 1, 0, 0, 2, 0, 0, 0, 0, 1, 0, 2, 0, 1, 0, 1, 1, 0, 0, 1, 0, 0, 0, 0, 1],824.1531664905515,57504.66170409152,92407.54974943638,true
14,G1_CMAX,G1_CMAX,[31, 22, 82, 15, 26, 9, 95, 42, 77, 12, 47, 5, 93, 78, 86, 54, 6, 63, 18, 44, 20, 35, 43, 97, 91, 76, 10, 30, 21, 45, 71, 64, 1, 23, 17, 83, 24, 14, 60, 36, 85, 57, 40, 88, 65, 56, 79, 94, 67, 68, 46, 75, 38, 58, 19, 32, 81, 41, 62, 87, 28, 90, 99, 59, 11, 72, 16, 73, 70, 39, 37, 84, 3, 92, 25, 34, 29, 55, 51, 7, 98, 61, 66, 48, 89, 50, 4, 96, 53, 80, 8, 33, 27, 2, 52, 13, 0, 69, 74, 49]|[1, 1, 0, 1, 1, 0, 1, 2, 2, 1, 2, 2, 2, 1, 1, 0, 0, 1, 0, 2, 2, 0, 1, 2, 2, 1, 2, 2, 0, 0, 1, 1, 1, 2, 1, 0, 2, 0, 1, 1, 0, 1, 1, 1, 0, 2, 1, 1, 0, 0, 0, 0, 1, 1, 2, 1, 2, 0, 0, 2, 2, 1, 0, 1, 2, 2, 1, 1, 1, 1, 1, 1, 1, 0, 1, 2, 0, 2, 0, 1, 2, 1, 0, 0, 1, 0, 1, 2, 0, 0, 1, 2, 0, 0, 1, 0, 0, 1, 2, 0]|[0, 3, 2, 2, 4, 1, 2, 2, 2, 4, 1, 1, 2, 4, 4, 1, 2, 4, 2, 1, 1, 1, 1, 2, 1, 2, 1, 1, 1, 1, 3, 3, 3, 0, 4, 0, 1, 1, 0, 3, 2, 2, 2, 0, 1, 1, 0, 4, 0, 1, 2, 2, 1, 4, 0, 3, 2, 1, 2, 1, 1, 3, 1, 1, 1, 0, 3, 4, 3, 1, 4, 1, 1, 0, 4, 1, 1, 1, 1, 1, 1, 3, 1, 1, 1, 1, 4, 1, 2, 1, 3, 1, 2, 2, 1, 2, 2, 4, 1, 1]|[0, 2, 1, 1, 3, 0, 1, 0, 0, 0, 0, 0, 1, 0, 1, 0, 0, 3, 1, 0, 0, 0, 3, 1, 0, 2, 0, 0, 0, 1, 0, 0, 0, 0, 3, 0, 1, 0, 0, 2, 1, 1, 1, 0, 0, 0, 0, 2, 1, 0, 0, 0, 1, 3, 0, 0, 1, 0, 1, 0, 0, 2, 0, 1, 0, 1, 2, 0, 0, 1, 1, 3, 1, 1, 3, 0, 0, 0, 0, 2, 0, 0, 0, 0, 1, 0, 0, 0, 1, 0, 2, 0, 1, 0, 1, 0, 0, 2, 0, 1],740.1000024547002,57245.26292476342,97017.87740826326,false
14,G4_BALANCED,G4_BALANCED,[31, 11, 82, 15, 26, 9, 95, 42, 77, 68, 47, 5, 93, 78, 86, 54, 85, 63, 18, 44, 20, 49, 36, 14, 74, 50, 53, 17, 21, 45, 71, 64, 3, 23, 30, 83, 24, 41, 60, 52, 65, 27, 90, 70, 39, 87, 48, 69, 99, 4, 46, 1, 13, 58, 97, 59, 28, 8, 73, 37, 35, 79, 22, 66, 76, 32, 40, 80, 96, 6, 16, 61, 33, 7, 57, 34, 12, 67, 10, 98, 56, 88, 51, 0, 91, 38, 75, 84, 43, 92, 29, 62, 81, 25, 2, 55, 19, 94, 89, 72]|[2, 1, 2, 1, 1, 2, 1, 1, 1, 1, 1, 0, 2, 2, 1, 2, 0, 0, 0, 2, 2, 1, 0, 2, 0, 2, 2, 1, 0, 1, 1, 1, 0, 0, 1, 0, 2, 1, 2, 2, 0, 0, 1, 1, 0, 2, 0, 2, 1, 0, 0, 2, 0, 0, 2, 0, 1, 1, 0, 0, 2, 1, 0, 2, 2, 0, 2, 2, 0, 1, 2, 1, 1, 2, 0, 1, 1, 1, 1, 2, 2, 1, 1, 0, 1, 0, 0, 0, 1, 0, 1, 1, 1, 1, 2, 0, 1, 2, 1, 1]|[0, 3, 0, 3, 4, 1, 4, 4, 2, 4, 3, 2, 1, 0, 2, 1, 1, 1, 2, 1, 1, 3, 0, 1, 0, 1, 1, 4, 1, 4, 3, 2, 2, 0, 4, 1, 1, 4, 0, 1, 2, 1, 4, 4, 1, 1, 0, 2, 3, 1, 2, 1, 2, 1, 1, 2, 4, 3, 0, 2, 2, 3, 1, 0, 1, 2, 0, 1, 2, 4, 1, 3, 4, 1, 2, 4, 3, 3, 3, 1, 1, 4, 3, 2, 3, 2, 2, 2, 4, 2, 3, 3, 1, 4, 1, 2, 4, 1, 4, 4]|[0, 2, 0, 0, 3, 0, 1, 3, 0, 0, 2, 0, 1, 0, 1, 0, 0, 0, 1, 0, 0, 2, 0, 0, 1, 0, 0, 3, 0, 1, 0, 2, 0, 1, 3, 0, 1, 3, 1, 0, 0, 0, 1, 3, 0, 0, 1, 0, 2, 0, 0, 0, 0, 0, 1, 0, 1, 0, 1, 1, 0, 2, 0, 0, 0, 0, 0, 0, 0, 2, 0, 0, 1, 0, 0, 1, 0, 0, 3, 0, 0, 1, 0, 0, 0, 0, 0, 0, 2, 0, 0, 0, 1, 3, 0, 0, 3, 0, 1, 2],878.4633786772109,51734.279517614006,107909.26362210623,false
14,G2_TEC,G4_BALANCED,[31, 22, 82, 15, 26, 9, 95, 42, 77, 68, 47, 5, 93, 78, 86, 54, 85, 63, 18, 44, 20, 49, 36, 14, 74, 50, 53, 17, 21, 28, 71, 64, 3, 23, 30, 83, 24, 41, 60, 52, 65, 27, 90, 70, 39, 87, 48, 69, 99, 4, 46, 1, 13, 58, 97, 59, 45, 8, 73, 37, 35, 79, 11, 66, 76, 32, 40, 80, 38, 6, 16, 61, 33, 7, 57, 34, 12, 67, 10, 98, 56, 88, 29, 19, 91, 96, 75, 92, 43, 84, 51, 72, 81, 25, 2, 55, 0, 94, 89, 62]|[2, 1, 2, 1, 1, 2, 1, 1, 1, 1, 1, 0, 2, 2, 1, 2, 0, 0, 0, 2, 2, 1, 0, 2, 0, 2, 2, 1, 0, 1, 1, 1, 0, 0, 1, 0, 2, 1, 2, 2, 0, 0, 1, 1, 0, 2, 0, 2, 1, 0, 0, 2, 0, 0, 2, 0, 1, 1, 0, 0, 2, 1, 0, 2, 2, 0, 2, 2, 0, 1, 2, 1, 1, 2, 0, 1, 1, 1, 1, 2, 2, 1, 1, 1, 1, 0, 0, 0, 1, 0, 1, 1, 1, 1, 2, 0, 0, 1, 1, 1]|[0, 3, 0, 3, 4, 1, 4, 4, 2, 4, 3, 2, 1, 0, 2, 1, 1, 1, 2, 1, 1, 3, 0, 1, 0, 1, 1, 4, 1, 4, 3, 2, 2, 0, 4, 1, 1, 4, 0, 1, 2, 1, 4, 4, 1, 1, 0, 2, 3, 1, 2, 1, 2, 1, 1, 2, 4, 3, 0, 2, 2, 3, 1, 0, 1, 2, 0, 1, 2, 4, 1, 3, 4, 1, 2, 4, 3, 3, 3, 1, 1, 4, 3, 4, 3, 2, 2, 2, 4, 2, 3, 4, 1, 4, 1, 2, 2, 4, 4, 3]|[0, 2, 0, 0, 3, 0, 1, 3, 0, 0, 2, 0, 1, 0, 1, 0, 0, 0, 1, 0, 0, 2, 0, 0, 1, 0, 0, 3, 0, 1, 0, 2, 0, 0, 3, 0, 1, 3, 1, 0, 0, 0, 1, 3, 0, 0, 1, 0, 2, 0, 0, 0, 0, 0, 1, 0, 1, 0, 1, 1, 0, 2, 0, 0, 0, 0, 0, 0, 0, 2, 0, 0, 1, 0, 0, 1, 0, 0, 3, 0, 0, 1, 0, 3, 0, 0, 0, 0, 2, 0, 0, 2, 1, 3, 0, 0, 0, 2, 1, 0],903.2385143846271,51305.864405102795,109729.08374079411,true
14,G3_TWC,G1_CMAX,[31, 22, 82, 15, 26, 9, 95, 42, 77, 12, 47, 5, 93, 78, 86, 54, 6, 63, 18, 44, 20, 35, 43, 97, 91, 76, 10, 30, 21, 45, 64, 71, 1, 23, 17, 83, 24, 14, 60, 36, 85, 57, 40, 88, 65, 56, 79, 94, 39, 68, 46, 75, 38, 58, 19, 32, 81, 41, 27, 62, 87, 90, 99, 59, 11, 16, 72, 73, 70, 67, 37, 84, 3, 92, 25, 55, 28, 29, 51, 8, 66, 61, 98, 48, 89, 50, 7, 96, 53, 80, 4, 33, 34, 2, 52, 13, 0, 69, 74, 49]|[1, 1, 0, 1, 1, 0, 1, 2, 2, 1, 2, 2, 2, 1, 1, 0, 0, 1, 0, 2, 2, 0, 1, 2, 0, 1, 2, 2, 0, 0, 1, 2, 1, 2, 1, 0, 2, 0, 1, 1, 0, 1, 1, 1, 0, 2, 1, 1, 0, 0, 0, 0, 1, 1, 2, 1, 2, 0, 0, 0, 2, 1, 0, 1, 2, 1, 2, 1, 1, 1, 1, 1, 1, 0, 1, 1, 0, 0, 0, 1, 0, 1, 0, 0, 1, 0, 1, 2, 0, 0, 0, 0, 2, 0, 1, 0, 0, 1, 2, 0]|[4, 3, 2, 2, 4, 1, 2, 2, 2, 4, 1, 1, 2, 4, 4, 1, 2, 4, 2, 1, 1, 1, 1, 2, 1, 2, 1, 1, 1, 1, 3, 2, 3, 0, 4, 0, 1, 1, 0, 3, 2, 2, 2, 0, 1, 1, 0, 4, 0, 1, 2, 2, 1, 4, 0, 3, 2, 1, 1, 2, 1, 3, 1, 1, 1, 3, 0, 4, 3, 1, 4, 1, 1, 0, 4, 4, 2, 1, 1, 3, 1, 3, 1, 1, 1, 1, 1, 1, 2, 1, 2, 2, 1, 2, 1, 2, 2, 3, 1, 1]|[0, 2, 1, 1, 3, 0, 1, 0, 0, 0, 0, 0, 1, 0, 1, 0, 1, 3, 1, 0, 0, 0, 3, 1, 0, 2, 0, 0, 0, 1, 0, 0, 0, 0, 3, 0, 1, 0, 0, 2, 1, 1, 1, 0, 0, 0, 0, 2, 1, 0, 0, 0, 1, 3, 0, 0, 1, 0, 0, 1, 0, 2, 0, 1, 0, 2, 1, 0, 0, 1, 1, 3, 1, 1, 3, 3, 1, 0, 0, 2, 0, 0, 0, 0, 1, 0, 2, 0, 1, 0, 1, 1, 0, 0, 1, 0, 0, 0, 0, 1],824.1531664905515,57504.66170409152,92407.54974943638,true
14,G1_CMAX,G1_CMAX,[31, 22, 82, 15, 26, 9, 95, 42, 77, 12, 47, 5, 93, 78, 86, 54, 6, 63, 18, 44, 20, 35, 43, 97, 91, 76, 10, 30, 21, 45, 71, 64, 1, 23, 17, 83, 24, 14, 60, 36, 85, 57, 40, 88, 65, 56, 79, 94, 67, 68, 46, 75, 38, 58, 19, 32, 81, 41, 62, 87, 28, 90, 99, 59, 11, 72, 16, 73, 70, 39, 37, 84, 3, 92, 25, 34, 29, 55, 51, 7, 98, 61, 66, 48, 89, 50, 4, 96, 53, 80, 8, 33, 27, 2, 52, 13, 0, 69, 74, 49]|[1, 1, 0, 1, 1, 0, 1, 2, 2, 1, 2, 2, 2, 1, 1, 0, 0, 1, 0, 2, 2, 0, 1, 2, 2, 1, 2, 2, 0, 0, 1, 1, 1, 2, 1, 0, 2, 0, 1, 1, 0, 1, 1, 1, 0, 2, 1, 1, 0, 0, 0, 0, 1, 1, 2, 1, 2, 0, 0, 2, 2, 1, 0, 1, 2, 2, 1, 1, 1, 1, 1, 1, 1, 0, 1, 2, 0, 2, 0, 1, 2, 1, 0, 0, 1, 0, 1, 2, 0, 0, 1, 2, 0, 0, 1, 0, 0, 1, 2, 0]|[0, 3, 2, 2, 4, 1, 2, 2, 2, 4, 1, 1, 2, 4, 4, 1, 2, 4, 2, 1, 1, 1, 1, 2, 1, 2, 1, 1, 1, 1, 3, 3, 3, 0, 4, 0, 1, 1, 0, 3, 2, 2, 2, 0, 1, 1, 0, 4, 0, 1, 2, 2, 1, 4, 0, 3, 2, 1, 2, 1, 1, 3, 1, 1, 1, 0, 3, 4, 3, 1, 4, 1, 1, 0, 4, 1, 1, 1, 1, 1, 1, 3, 1, 1, 1, 1, 4, 1, 2, 1, 3, 1, 2, 2, 1, 2, 2, 4, 1, 1]|[0, 2, 1, 1, 3, 0, 1, 0, 0, 0, 0, 0, 1, 0, 1, 0, 0, 3, 1, 0, 0, 0, 3, 1, 0, 2, 0, 0, 0, 1, 0, 0, 0, 0, 3, 0, 1, 0, 0, 2, 1, 1, 1, 0, 0, 0, 0, 2, 1, 0, 0, 0, 1, 3, 0, 0, 1, 0, 1, 0, 0, 2, 0, 1, 0, 1, 2, 0, 0, 1, 1, 3, 1, 1, 3, 0, 0, 0, 0, 2, 0, 0, 0, 0, 1, 0, 0, 0, 1, 0, 2, 0, 1, 0, 1, 0, 0, 2, 0, 1],740.1000024547002,57245.26292476342,97017.87740826326,false
14,G4_BALANCED,G4_BALANCED,[31, 22, 82, 15, 26, 9, 95, 42, 77, 68, 47, 5, 93, 78, 86, 54, 85, 63, 18, 44, 20, 49, 36, 14, 74, 50, 53, 17, 21, 28, 71, 64, 3, 23, 30, 83, 24, 41, 60, 52, 65, 27, 90, 70, 39, 87, 48, 69, 99, 4, 46, 1, 13, 58, 97, 59, 45, 8, 73, 37, 35, 79, 11, 66, 76, 32, 40, 80, 96, 6, 16, 61, 33, 7, 57, 34, 12, 67, 10, 98, 56, 88, 29, 19, 91, 38, 75, 92, 43, 84, 51, 62, 81, 25, 2, 55, 0, 94, 89, 72]|[2, 1, 2, 1, 1, 2, 1, 1, 1, 1, 1, 0, 2, 2, 1, 2, 0, 0, 0, 2, 2, 1, 0, 2, 0, 2, 2, 1, 0, 1, 1, 1, 0, 0, 1, 0, 2, 1, 2, 2, 0, 0, 1, 1, 0, 2, 0, 2, 1, 0, 0, 2, 0, 0, 2, 0, 1, 1, 0, 0, 2, 1, 0, 2, 2, 0, 2, 2, 0, 1, 2, 1, 1, 2, 0, 1, 1, 1, 1, 2, 2, 1, 1, 1, 1, 0, 0, 0, 1, 0, 1, 1, 1, 1, 2, 0, 0, 2, 1, 1]|[0, 3, 0, 3, 4, 1, 4, 4, 2, 4, 3, 2, 1, 0, 2, 1, 1, 1, 2, 1, 1, 3, 0, 1, 0, 1, 1, 4, 1, 4, 3, 2, 2, 0, 4, 1, 1, 4, 0, 1, 2, 1, 4, 4, 1, 1, 0, 2, 3, 1, 2, 1, 2, 1, 1, 2, 4, 3, 0, 2, 2, 3, 1, 0, 1, 2, 0, 1, 2, 4, 1, 3, 4, 1, 2, 4, 3, 3, 3, 1, 1, 4, 3, 4, 3, 2, 2, 2, 4, 2, 3, 3, 1, 4, 1, 2, 2, 1, 4, 4]|[0, 2, 0, 0, 3, 0, 1, 3, 0, 0, 2, 0, 1, 0, 1, 0, 0, 0, 1, 0, 0, 2, 0, 0, 1, 0, 0, 3, 0, 1, 0, 2, 0, 1, 3, 0, 1, 3, 1, 0, 0, 0, 1, 3, 0, 0, 1, 0, 2, 0, 0, 0, 0, 0, 1, 0, 1, 0, 1, 1, 0, 2, 0, 0, 0, 0, 0, 0, 0, 2, 0, 0, 1, 0, 0, 1, 0, 0, 3, 0, 0, 1, 0, 3, 0, 0, 0, 0, 2, 0, 0, 0, 1, 3, 0, 0, 0, 0, 1, 2],865.1415734391886,51684.89064757124,107227.383897728,false
14,G2_TEC,G4_BALANCED,[31, 22, 82, 15, 26, 9, 95, 42, 77, 68, 47, 5, 93, 78, 86, 54, 85, 63, 18, 44, 20, 49, 36, 14, 74, 50, 53, 17, 21, 28, 71, 64, 3, 23, 30, 83, 24, 41, 60, 52, 65, 27, 90, 70, 39, 87, 48, 69, 99, 4, 46, 1, 13, 58, 97, 59, 45, 8, 73, 37, 35, 79, 11, 66, 76, 32, 40, 80, 38, 6, 16, 61, 33, 7, 57, 34, 12, 67, 10, 98, 56, 88, 29, 19, 91, 96, 75, 92, 43, 84, 51, 72, 81, 25, 2, 55, 0, 94, 89, 62]|[2, 1, 2, 1, 1, 2, 1, 1, 1, 1, 1, 0, 2, 2, 1, 2, 0, 0, 0, 2, 2, 1, 0, 2, 0, 2, 2, 1, 0, 1, 1, 1, 0, 0, 1, 0, 2, 1, 2, 2, 0, 0, 1, 1, 0, 2, 0, 2, 1, 0, 0, 2, 0, 0, 2, 0, 1, 1, 0, 0, 2, 1, 0, 2, 2, 0, 2, 2, 0, 1, 2, 1, 1, 2, 0, 1, 1, 1, 1, 2, 2, 1, 1, 1, 1, 0, 0, 0, 1, 0, 1, 1, 1, 1, 2, 0, 0, 1, 1, 1]|[0, 3, 0, 3, 4, 1, 4, 4, 2, 4, 3, 2, 1, 0, 2, 1, 1, 1, 2, 1, 1, 3, 0, 1, 0, 1, 1, 4, 1, 4, 3, 2, 2, 0, 4, 1, 1, 4, 0, 1, 2, 1, 4, 4, 1, 1, 0, 2, 3, 1, 2, 1, 2, 1, 1, 2, 4, 3, 0, 2, 2, 3, 1, 0, 1, 2, 0, 1, 2, 4, 1, 3, 4, 1, 2, 4, 3, 3, 3, 1, 1, 4, 3, 4, 3, 2, 2, 2, 4, 2, 3, 4, 1, 4, 1, 2, 2, 4, 4, 3]|[0, 2, 0, 0, 3, 0, 1, 3, 0, 0, 2, 0, 1, 0, 1, 0, 0, 0, 1, 0, 0, 2, 0, 0, 1, 0, 0, 3, 0, 1, 0, 2, 0, 0, 3, 0, 1, 3, 1, 0, 0, 0, 1, 3, 0, 0, 1, 0, 2, 0, 0, 0, 0, 0, 1, 0, 1, 0, 1, 1, 0, 2, 0, 0, 0, 0, 0, 0, 0, 2, 0, 0, 1, 0, 0, 1, 0, 0, 3, 0, 0, 1, 0, 3, 0, 0, 0, 0, 2, 0, 0, 2, 1, 3, 0, 0, 0, 2, 1, 0],903.2385143846271,51305.864405102795,109729.08374079411,true
14,G3_TWC,G1_CMAX,[31, 22, 82, 15, 26, 9, 95, 42, 77, 12, 47, 5, 93, 78, 86, 54, 6, 63, 18, 44, 20, 35, 43, 97, 91, 76, 10, 30, 21, 45, 64, 71, 1, 23, 17, 83, 24, 14, 60, 36, 85, 57, 40, 88, 65, 56, 79, 94, 39, 68, 46, 75, 38, 58, 19, 32, 81, 41, 27, 62, 87, 90, 99, 59, 11, 16, 72, 73, 70, 67, 37, 84, 3, 92, 25, 55, 28, 29, 51, 8, 66, 61, 98, 48, 89, 50, 7, 96, 53, 80, 4, 33, 34, 2, 52, 13, 0, 69, 74, 49]|[1, 1, 0, 1, 1, 0, 1, 2, 2, 1, 2, 2, 2, 1, 1, 0, 0, 1, 0, 2, 2, 0, 1, 2, 0, 1, 2, 2, 0, 0, 1, 2, 1, 2, 1, 0, 2, 0, 1, 1, 0, 1, 1, 1, 0, 2, 1, 1, 0, 0, 0, 0, 1, 1, 2, 1, 2, 0, 0, 0, 2, 1, 0, 1, 2, 1, 2, 1, 1, 1, 1, 1, 1, 0, 1, 1, 0, 0, 0, 1, 0, 1, 0, 0, 1, 0, 1, 2, 0, 0, 0, 0, 2, 0, 1, 0, 0, 1, 2, 0]|[4, 3, 2, 2, 4, 1, 2, 2, 2, 4, 1, 1, 2, 4, 4, 1, 2, 4, 2, 1, 1, 1, 1, 2, 1, 2, 1, 1, 1, 1, 3, 2, 3, 0, 4, 0, 1, 1, 0, 3, 2, 2, 2, 0, 1, 1, 0, 4, 0, 1, 2, 2, 1, 4, 0, 3, 2, 1, 1, 2, 1, 3, 1, 1, 1, 3, 0, 4, 3, 1, 4, 1, 1, 0, 4, 4, 2, 1, 1, 3, 1, 3, 1, 1, 1, 1, 1, 1, 2, 1, 2, 2, 1, 2, 1, 2, 2, 3, 1, 1]|[0, 2, 1, 1, 3, 0, 1, 0, 0, 0, 0, 0, 1, 0, 1, 0, 1, 3, 1, 0, 0, 0, 3, 1, 0, 2, 0, 0, 0, 1, 0, 0, 0, 0, 3, 0, 1, 0, 0, 2, 1, 1, 1, 0, 0, 0, 0, 2, 1, 0, 0, 0, 1, 3, 0, 0, 1, 0, 0, 1, 0, 2, 0, 1, 0, 2, 1, 0, 0, 1, 1, 3, 1, 1, 3, 3, 1, 0, 0, 2, 0, 0, 0, 0, 1, 0, 2, 0, 1, 0, 1, 1, 0, 0, 1, 0, 0, 0, 0, 1],824.1531664905515,57504.66170409152,92407.54974943638,true
14,G1_CMAX,G1_CMAX,[31, 22, 82, 15, 26, 9, 95, 42, 77, 12, 47, 5, 93, 78, 86, 54, 6, 63, 18, 44, 20, 35, 43, 97, 91, 76, 10, 30, 21, 45, 71, 64, 1, 23, 17, 83, 24, 14, 60, 36, 85, 57, 40, 88, 65, 56, 79, 94, 67, 68, 46, 75, 38, 58, 19, 32, 81, 41, 62, 87, 28, 90, 99, 59, 11, 72, 16, 73, 70, 39, 37, 84, 3, 92, 25, 34, 29, 55, 51, 7, 98, 61, 66, 48, 89, 50, 4, 96, 53, 80, 8, 33, 27, 2, 52, 13, 0, 69, 74, 49]|[1, 1, 0, 1, 1, 0, 1, 2, 2, 1, 2, 2, 2, 1, 1, 0, 0, 1, 0, 2, 2, 0, 1, 2, 2, 1, 2, 2, 0, 0, 1, 1, 1, 2, 1, 0, 2, 0, 1, 1, 0, 1, 1, 1, 0, 2, 1, 1, 0, 0, 0, 0, 1, 1, 2, 1, 2, 0, 0, 2, 2, 1, 0, 1, 2, 2, 1, 1, 1, 1, 1, 1, 1, 0, 1, 2, 0, 2, 0, 1, 2, 1, 0, 0, 1, 0, 1, 2, 0, 0, 1, 2, 0, 0, 1, 0, 0, 1, 2, 0]|[0, 3, 2, 2, 4, 1, 2, 2, 2, 4, 1, 1, 2, 4, 4, 1, 2, 4, 2, 1, 1, 1, 1, 2, 1, 2, 1, 1, 1, 1, 3, 3, 3, 0, 4, 0, 1, 1, 0, 3, 2, 2, 2, 0, 1, 1, 0, 4, 0, 1, 2, 2, 1, 4, 0, 3, 2, 1, 2, 1, 1, 3, 1, 1, 1, 0, 3, 4, 3, 1, 4, 1, 1, 0, 4, 1, 1, 1, 1, 1, 1, 3, 1, 1, 1, 1, 4, 1, 2, 1, 3, 1, 2, 2, 1, 2, 2, 4, 1, 1]|[0, 2, 1, 1, 3, 0, 1, 0, 0, 0, 0, 0, 1, 0, 1, 0, 0, 3, 1, 0, 0, 0, 3, 1, 0, 2, 0, 0, 0, 1, 0, 0, 0, 0, 3, 0, 1, 0, 0, 2, 1, 1, 1, 0, 0, 0, 0, 2, 1, 0, 0, 0, 1, 3, 0, 0, 1, 0, 1, 0, 0, 2, 0, 1, 0, 1, 2, 0, 0, 1, 1, 3, 1, 1, 3, 0, 0, 0, 0, 2, 0, 0, 0, 0, 1, 0, 0, 0, 1, 0, 2, 0, 1, 0, 1, 0, 0, 2, 0, 1],740.1000024547002,57245.26292476342,97017.87740826326,false
14,G4_BALANCED,G4_BALANCED,[31, 22, 82, 15, 26, 9, 95, 42, 77, 68, 47, 5, 93, 78, 86, 54, 85, 63, 18, 44, 20, 49, 36, 14, 74, 50, 53, 17, 21, 28, 71, 64, 3, 23, 30, 83, 24, 41, 60, 52, 65, 27, 90, 70, 39, 87, 48, 69, 99, 4, 46, 1, 13, 58, 97, 59, 45, 8, 73, 37, 35, 79, 11, 66, 76, 32, 40, 80, 96, 6, 16, 61, 33, 7, 57, 34, 12, 67, 10, 98, 56, 88, 29, 19, 91, 38, 75, 92, 43, 84, 51, 62, 81, 25, 2, 55, 0, 94, 89, 72]|[2, 1, 2, 1, 1, 2, 1, 1, 1, 1, 1, 0, 2, 2, 1, 2, 0, 0, 0, 2, 2, 1, 0, 2, 0, 2, 2, 1, 0, 1, 1, 1, 0, 0, 1, 0, 2, 1, 2, 2, 0, 0, 1, 1, 0, 2, 0, 2, 1, 0, 0, 2, 0, 0, 2, 0, 1, 1, 0, 0, 2, 1, 0, 2, 2, 0, 2, 2, 0, 1, 2, 1, 1, 2, 0, 1, 1, 1, 1, 2, 2, 1, 1, 1, 1, 0, 0, 0, 1, 0, 1, 1, 1, 1, 2, 0, 0, 2, 1, 1]|[0, 3, 0, 3, 4, 1, 4, 4, 2, 4, 3, 2, 1, 0, 2, 1, 1, 1, 2, 1, 1, 3, 0, 1, 0, 1, 1, 4, 1, 4, 3, 2, 2, 0, 4, 1, 1, 4, 0, 1, 2, 1, 4, 4, 1, 1, 0, 2, 3, 1, 2, 1, 2, 1, 1, 2, 4, 3, 0, 2, 2, 3, 1, 0, 1, 2, 0, 1, 2, 4, 1, 3, 4, 1, 2, 4, 3, 3, 3, 1, 1, 4, 3, 4, 3, 2, 2, 2, 4, 2, 3, 3, 1, 4, 1, 2, 2, 1, 4, 4]|[0, 2, 0, 0, 3, 0, 1, 3, 0, 0, 2, 0, 1, 0, 1, 0, 0, 0, 1, 0, 0, 2, 0, 0, 1, 0, 0, 3, 0, 1, 0, 2, 0, 1, 3, 0, 1, 3, 1, 0, 0, 0, 1, 3, 0, 0, 1, 0, 2, 0, 0, 0, 0, 0, 1, 0, 1, 0, 1, 1, 0, 2, 0, 0, 0, 0, 0, 0, 0, 2, 0, 0, 1, 0, 0, 1, 0, 0, 3, 0, 0, 1, 0, 3, 0, 0, 0, 0, 2, 0, 0, 0, 1, 3, 0, 0, 0, 0, 1, 2],865.1415734391886,51684.89064757124,107227.383897728,false
14,G2_TEC,G4_BALANCED,[31, 22, 82, 15, 26, 9, 95, 42, 77, 68, 47, 5, 93, 78, 86, 54, 85, 63, 18, 44, 20, 49, 36, 14, 74, 50, 53, 17, 21, 28, 71, 64, 3, 23, 30, 83, 24, 41, 60, 52, 65, 27, 90, 70, 39, 87, 48, 69, 99, 4, 46, 1, 13, 58, 97, 59, 45, 8, 73, 37, 35, 79, 11, 66, 76, 32, 40, 80, 38, 6, 16, 61, 33, 7, 57, 34, 12, 67, 10, 98, 56, 88, 29, 19, 91, 96, 75, 92, 43, 84, 51, 72, 81, 25, 2, 55, 0, 94, 89, 62]|[2, 1, 2, 1, 1, 2, 1, 1, 1, 1, 1, 0, 2, 2, 1, 2, 0, 0, 0, 2, 2, 1, 0, 2, 0, 2, 2, 1, 0, 1, 1, 1, 0, 0, 1, 0, 2, 1, 2, 2, 0, 0, 1, 1, 0, 2, 0, 2, 1, 0, 0, 2, 0, 0, 2, 0, 1, 1, 0, 0, 2, 1, 0, 2, 2, 0, 2, 2, 0, 1, 2, 1, 1, 2, 0, 1, 1, 1, 1, 2, 2, 1, 1, 1, 1, 0, 0, 0, 1, 0, 1, 1, 1, 1, 2, 0, 0, 1, 1, 1]|[0, 3, 0, 3, 4, 1, 4, 4, 2, 4, 3, 2, 1, 0, 2, 1, 1, 1, 2, 1, 1, 3, 0, 1, 0, 1, 1, 4, 1, 4, 3, 2, 2, 0, 4, 1, 1, 4, 0, 1, 2, 1, 4, 4, 1, 1, 0, 2, 3, 1, 2, 1, 2, 1, 1, 2, 4, 3, 0, 2, 2, 3, 1, 0, 1, 2, 0, 1, 2, 4, 1, 3, 4, 1, 2, 4, 3, 3, 3, 1, 1, 4, 3, 4, 3, 2, 2, 2, 4, 2, 3, 4, 1, 4, 1, 2, 2, 4, 4, 3]|[0, 2, 0, 0, 3, 0, 1, 3, 0, 0, 2, 0, 1, 0, 1, 0, 0, 0, 1, 0, 0, 2, 0, 0, 1, 0, 0, 3, 0, 1, 0, 2, 0, 0, 3, 0, 1, 3, 1, 0, 0, 0, 1, 3, 0, 0, 1, 0, 2, 0, 0, 0, 0, 0, 1, 0, 1, 0, 1, 1, 0, 2, 0, 0, 0, 0, 0, 0, 0, 2, 0, 0, 1, 0, 0, 1, 0, 0, 3, 0, 0, 1, 0, 3, 0, 0, 0, 0, 2, 0, 0, 2, 1, 3, 0, 0, 0, 2, 1, 0],903.2385143846271,51305.864405102795,109729.08374079411,true
14,G3_TWC,G1_CMAX,[31, 22, 82, 15, 26, 9, 95, 42, 77, 12, 47, 5, 93, 78, 86, 54, 6, 63, 18, 44, 20, 35, 43, 97, 91, 76, 10, 30, 21, 45, 64, 71, 1, 23, 17, 83, 24, 14, 60, 36, 85, 57, 40, 88, 65, 56, 79, 94, 39, 68, 46, 75, 38, 58, 19, 32, 81, 41, 27, 62, 87, 90, 99, 59, 11, 16, 72, 73, 70, 67, 37, 84, 3, 92, 25, 55, 28, 29, 51, 8, 66, 61, 98, 48, 89, 50, 7, 96, 53, 80, 4, 33, 34, 2, 52, 13, 0, 69, 74, 49]|[1, 1, 0, 1, 1, 0, 1, 2, 2, 1, 2, 2, 2, 1, 1, 0, 0, 1, 0, 2, 2, 0, 1, 2, 0, 1, 2, 2, 0, 0, 1, 2, 1, 2, 1, 0, 2, 0, 1, 1, 0, 1, 1, 1, 0, 2, 1, 1, 0, 0, 0, 0, 1, 1, 2, 1, 2, 0, 0, 0, 2, 1, 0, 1, 2, 1, 2, 1, 1, 1, 1, 1, 1, 0, 1, 1, 0, 0, 0, 1, 0, 1, 0, 0, 1, 0, 1, 2, 0, 0, 0, 0, 2, 0, 1, 0, 0, 1, 2, 0]|[4, 3, 2, 2, 4, 1, 2, 2, 2, 4, 1, 1, 2, 4, 4, 1, 2, 4, 2, 1, 1, 1, 1, 2, 1, 2, 1, 1, 1, 1, 3, 2, 3, 0, 4, 0, 1, 1, 0, 3, 2, 2, 2, 0, 1, 1, 0, 4, 0, 1, 2, 2, 1, 4, 0, 3, 2, 1, 1, 2, 1, 3, 1, 1, 1, 3, 0, 4, 3, 1, 4, 1, 1, 0, 4, 4, 2, 1, 1, 3, 1, 3, 1, 1, 1, 1, 1, 1, 2, 1, 2, 2, 1, 2, 1, 2, 2, 3, 1, 1]|[0, 2, 1, 1, 3, 0, 1, 0, 0, 0, 0, 0, 1, 0, 1, 0, 1, 3, 1, 0, 0, 0, 3, 1, 0, 2, 0, 0, 0, 1, 0, 0, 0, 0, 3, 0, 1, 0, 0, 2, 1, 1, 1, 0, 0, 0, 0, 2, 1, 0, 0, 0, 1, 3, 0, 0, 1, 0, 0, 1, 0, 2, 0, 1, 0, 2, 1, 0, 0, 1, 1, 3, 1, 1, 3, 3, 1, 0, 0, 2, 0, 0, 0, 0, 1, 0, 2, 0, 1, 0, 1, 1, 0, 0, 1, 0, 0, 0, 0, 1],824.1531664905515,57504.66170409152,92407.54974943638,true
14,G1_CMAX,G1_CMAX,[31, 22, 82, 15, 26, 9, 95, 42, 77, 12, 47, 5, 93, 78, 86, 54, 6, 63, 18, 44, 20, 35, 43, 97, 91, 76, 10, 30, 21, 45, 71, 64, 1, 23, 17, 83, 24, 14, 60, 36, 85, 57, 40, 88, 65, 56, 79, 94, 67, 68, 46, 75, 38, 58, 19, 32, 81, 41, 62, 87, 28, 90, 99, 59, 11, 72, 16, 73, 70, 39, 37, 84, 3, 92, 25, 34, 29, 55, 51, 7, 98, 61, 66, 48, 89, 50, 4, 96, 53, 80, 8, 33, 27, 2, 52, 13, 0, 69, 74, 49]|[1, 1, 0, 1, 1, 0, 1, 2, 2, 1, 2, 2, 2, 1, 1, 0, 0, 1, 0, 2, 2, 0, 1, 2, 2, 1, 2, 2, 0, 0, 1, 1, 1, 2, 1, 0, 2, 0, 1, 1, 0, 1, 1, 1, 0, 2, 1, 1, 0, 0, 0, 0, 1, 1, 2, 1, 2, 0, 0, 2, 2, 1, 0, 1, 2, 2, 1, 1, 1, 1, 1, 1, 1, 0, 1, 2, 0, 2, 0, 1, 2, 1, 0, 0, 1, 0, 1, 2, 0, 0, 1, 2, 0, 0, 1, 0, 0, 1, 2, 0]|[0, 3, 2, 2, 4, 1, 2, 2, 2, 4, 1, 1, 2, 4, 4, 1, 2, 4, 2, 1, 1, 1, 1, 2, 1, 2, 1, 1, 1, 1, 3, 3, 3, 0, 4, 0, 1, 1, 0, 3, 2, 2, 2, 0, 1, 1, 0, 4, 0, 1, 2, 2, 1, 4, 0, 3, 2, 1, 2, 1, 1, 3, 1, 1, 1, 0, 3, 4, 3, 1, 4, 1, 1, 0, 4, 1, 1, 1, 1, 1, 1, 3, 1, 1, 1, 1, 4, 1, 2, 1, 3, 1, 2, 2, 1, 2, 2, 4, 1, 1]|[0, 2, 1, 1, 3, 0, 1, 0, 0, 0, 0, 0, 1, 0, 1, 0, 0, 3, 1, 0, 0, 0, 3, 1, 0, 2, 0, 0, 0, 1, 0, 0, 0, 0, 3, 0, 1, 0, 0, 2, 1, 1, 1, 0, 0, 0, 0, 2, 1, 0, 0, 0, 1, 3, 0, 0, 1, 0, 1, 0, 0, 2, 0, 1, 0, 1, 2, 0, 0, 1, 1, 3, 1, 1, 3, 0, 0, 0, 0, 2, 0, 0, 0, 0, 1, 0, 0, 0, 1, 0, 2, 0, 1, 0, 1, 0, 0, 2, 0, 1],740.1000024547002,57245.26292476342,97017.87740826326,false
14,G4_BALANCED,G4_BALANCED,[31, 22, 82, 15, 26, 9, 95, 42, 77, 68, 47, 5, 93, 78, 86, 54, 85, 63, 18, 44, 20, 49, 36, 14, 74, 50, 53, 17, 21, 28, 71, 64, 3, 23, 30, 83, 24, 41, 60, 52, 65, 27, 90, 70, 39, 87, 48, 69, 99, 4, 46, 1, 13, 58, 97, 59, 45, 8, 73, 37, 35, 79, 11, 66, 76, 32, 40, 80, 96, 6, 16, 61, 33, 7, 57, 34, 12, 67, 10, 98, 56, 88, 29, 19, 91, 38, 75, 92, 43, 84, 51, 62, 81, 25, 2, 55, 0, 94, 89, 72]|[2, 1, 2, 1, 1, 2, 1, 1, 1, 1, 1, 0, 2, 2, 1, 2, 0, 0, 0, 2, 2, 1, 0, 2, 0, 2, 2, 1, 0, 1, 1, 1, 0, 0, 1, 0, 2, 1, 2, 2, 0, 0, 1, 1, 0, 2, 0, 2, 1, 0, 0, 2, 0, 0, 2, 0, 1, 1, 0, 0, 2, 1, 0, 2, 2, 0, 2, 2, 0, 1, 2, 1, 1, 2, 0, 1, 1, 1, 1, 2, 2, 1, 1, 1, 1, 0, 0, 0, 1, 0, 1, 1, 1, 1, 2, 0, 0, 2, 1, 1]|[0, 3, 0, 3, 4, 1, 4, 4, 2, 4, 3, 2, 1, 0, 2, 1, 1, 1, 2, 1, 1, 3, 0, 1, 0, 1, 1, 4, 1, 4, 3, 2, 2, 0, 4, 1, 1, 4, 0, 1, 2, 1, 4, 4, 1, 1, 0, 2, 3, 1, 2, 1, 2, 1, 1, 2, 4, 3, 0, 2, 2, 3, 1, 0, 1, 2, 0, 1, 2, 4, 1, 3, 4, 1, 2, 4, 3, 3, 3, 1, 1, 4, 3, 4, 3, 2, 2, 2, 4, 2, 3, 3, 1, 4, 1, 2, 2, 1, 4, 4]|[0, 2, 0, 0, 3, 0, 1, 3, 0, 0, 2, 0, 1, 0, 1, 0, 0, 0, 1, 0, 0, 2, 0, 0, 1, 0, 0, 3, 0, 1, 0, 2, 0, 1, 3, 0, 1, 3, 1, 0, 0, 0, 1, 3, 0, 0, 1, 0, 2, 0, 0, 0, 0, 0, 1, 0, 1, 0, 1, 1, 0, 2, 0, 0, 0, 0, 0, 0, 0, 2, 0, 0, 1, 0, 0, 1, 0, 0, 3, 0, 0, 1, 0, 3, 0, 0, 0, 0, 2, 0, 0, 0, 1, 3, 0, 0, 0, 0, 1, 2],865.1415734391886,51684.89064757124,107227.383897728,false
14,G2_TEC,G4_BALANCED,[31, 22, 82, 15, 26, 9, 95, 42, 77, 68, 47, 5, 93, 78, 86, 54, 85, 63, 18, 44, 20, 49, 36, 14, 74, 50, 53, 17, 21, 28, 71, 64, 3, 23, 30, 83, 24, 41, 60, 52, 65, 27, 90, 70, 39, 87, 48, 69, 99, 4, 46, 1, 13, 58, 97, 59, 45, 8, 73, 37, 35, 79, 11, 66, 76, 32, 40, 80, 38, 6, 16, 61, 33, 7, 57, 34, 12, 67, 10, 98, 56, 88, 29, 19, 91, 96, 75, 92, 43, 84, 51, 72, 81, 25, 2, 55, 0, 94, 89, 62]|[2, 1, 2, 1, 1, 2, 1, 1, 1, 1, 1, 0, 2, 2, 1, 2, 0, 0, 0, 2, 2, 1, 0, 2, 0, 2, 2, 1, 0, 1, 1, 1, 0, 0, 1, 0, 2, 1, 2, 2, 0, 0, 1, 1, 0, 2, 0, 2, 1, 0, 0, 2, 0, 0, 2, 0, 1, 1, 0, 0, 2, 1, 0, 2, 2, 0, 2, 2, 0, 1, 2, 1, 1, 2, 0, 1, 1, 1, 1, 2, 2, 1, 1, 1, 1, 0, 0, 0, 1, 0, 1, 1, 1, 1, 2, 0, 0, 1, 1, 1]|[0, 3, 0, 3, 4, 1, 4, 4, 2, 4, 3, 2, 1, 0, 2, 1, 1, 1, 2, 1, 1, 3, 0, 1, 0, 1, 1, 4, 1, 4, 3, 2, 2, 0, 4, 1, 1, 4, 0, 1, 2, 1, 4, 4, 1, 1, 0, 2, 3, 1, 2, 1, 2, 1, 1, 2, 4, 3, 0, 2, 2, 3, 1, 0, 1, 2, 0, 1, 2, 4, 1, 3, 4, 1, 2, 4, 3, 3, 3, 1, 1, 4, 3, 4, 3, 2, 2, 2, 4, 2, 3, 4, 1, 4, 1, 2, 2, 4, 4, 3]|[0, 2, 0, 0, 3, 0, 1, 3, 0, 0, 2, 0, 1, 0, 1, 0, 0, 0, 1, 0, 0, 2, 0, 0, 1, 0, 0, 3, 0, 1, 0, 2, 0, 0, 3, 0, 1, 3, 1, 0, 0, 0, 1, 3, 0, 0, 1, 0, 2, 0, 0, 0, 0, 0, 1, 0, 1, 0, 1, 1, 0, 2, 0, 0, 0, 0, 0, 0, 0, 2, 0, 0, 1, 0, 0, 1, 0, 0, 3, 0, 0, 1, 0, 3, 0, 0, 0, 0, 2, 0, 0, 2, 1, 3, 0, 0, 0, 2, 1, 0],903.2385143846271,51305.864405102795,109729.08374079411,true
14,G3_TWC,G1_CMAX,[31, 22, 82, 15, 26, 9, 95, 42, 77, 12, 47, 5, 93, 78, 86, 54, 6, 63, 18, 44, 20, 35, 43, 97, 91, 76, 10, 30, 21, 45, 64, 71, 1, 23, 17, 83, 24, 14, 60, 36, 85, 57, 40, 88, 65, 56, 79, 94, 39, 68, 46, 75, 38, 58, 19, 32, 81, 41, 27, 62, 87, 90, 99, 59, 11, 16, 72, 73, 70, 67, 37, 84, 3, 92, 25, 55, 28, 29, 51, 8, 66, 61, 98, 48, 89, 50, 7, 96, 53, 80, 4, 33, 34, 2, 52, 13, 0, 69, 74, 49]|[1, 1, 0, 1, 1, 0, 1, 2, 2, 1, 2, 2, 2, 1, 1, 0, 0, 1, 0, 2, 2, 0, 1, 2, 0, 1, 2, 2, 0, 0, 1, 2, 1, 2, 1, 0, 2, 0, 1, 1, 0, 1, 1, 1, 0, 2, 1, 1, 0, 0, 0, 0, 1, 1, 2, 1, 2, 0, 0, 0, 2, 1, 0, 1, 2, 1, 2, 1, 1, 1, 1, 1, 1, 0, 1, 1, 0, 0, 0, 1, 0, 1, 0, 0, 1, 0, 1, 2, 0, 0, 0, 0, 2, 0, 1, 0, 0, 1, 2, 0]|[4, 3, 2, 2, 4, 1, 2, 2, 2, 4, 1, 1, 2, 4, 4, 1, 2, 4, 2, 1, 1, 1, 1, 2, 1, 2, 1, 1, 1, 1, 3, 2, 3, 0, 4, 0, 1, 1, 0, 3, 2, 2, 2, 0, 1, 1, 0, 4, 0, 1, 2, 2, 1, 4, 0, 3, 2, 1, 1, 2, 1, 3, 1, 1, 1, 3, 0, 4, 3, 1, 4, 1, 1, 0, 4, 4, 2, 1, 1, 3, 1, 3, 1, 1, 1, 1, 1, 1, 2, 1, 2, 2, 1, 2, 1, 2, 2, 3, 1, 1]|[0, 2, 1, 1, 3, 0, 1, 0, 0, 0, 0, 0, 1, 0, 1, 0, 1, 3, 1, 0, 0, 0, 3, 1, 0, 2, 0, 0, 0, 1, 0, 0, 0, 0, 3, 0, 1, 0, 0, 2, 1, 1, 1, 0, 0, 0, 0, 2, 1, 0, 0, 0, 1, 3, 0, 0, 1, 0, 0, 1, 0, 2, 0, 1, 0, 2, 1, 0, 0, 1, 1, 3, 1, 1, 3, 3, 1, 0, 0, 2, 0, 0, 0, 0, 1, 0, 2, 0, 1, 0, 1, 1, 0, 0, 1, 0, 0, 0, 0, 1],824.1531664905515,57504.66170409152,92407.54974943638,true
14,G1_CMAX,G1_CMAX,[31, 22, 82, 15, 26, 9, 95, 42, 77, 12, 47, 5, 93, 78, 86, 54, 6, 63, 18, 44, 20, 35, 43, 97, 91, 76, 10, 30, 21, 45, 71, 64, 1, 23, 17, 83, 24, 14, 60, 36, 85, 57, 40, 88, 65, 56, 79, 94, 67, 68, 46, 75, 38, 58, 19, 32, 81, 41, 62, 87, 28, 90, 99, 59, 11, 72, 16, 73, 70, 39, 37, 84, 3, 92, 25, 34, 29, 55, 51, 7, 98, 61, 66, 48, 89, 50, 4, 96, 53, 80, 8, 33, 27, 2, 52, 13, 0, 69, 74, 49]|[1, 1, 0, 1, 1, 0, 1, 2, 2, 1, 2, 2, 2, 1, 1, 0, 0, 1, 0, 2, 2, 0, 1, 2, 2, 1, 2, 2, 0, 0, 1, 1, 1, 2, 1, 0, 2, 0, 1, 1, 0, 1, 1, 1, 0, 2, 1, 1, 0, 0, 0, 0, 1, 1, 2, 1, 2, 0, 0, 2, 2, 1, 0, 1, 2, 2, 1, 1, 1, 1, 1, 1, 1, 0, 1, 2, 0, 2, 0, 1, 2, 1, 0, 0, 1, 0, 1, 2, 0, 0, 1, 2, 0, 0, 1, 0, 0, 1, 2, 0]|[0, 3, 2, 2, 4, 1, 2, 2, 2, 4, 1, 1, 2, 4, 4, 1, 2, 4, 2, 1, 1, 1, 1, 2, 1, 2, 1, 1, 1, 1, 3, 3, 3, 0, 4, 0, 1, 1, 0, 3, 2, 2, 2, 0, 1, 1, 0, 4, 0, 1, 2, 2, 1, 4, 0, 3, 2, 1, 2, 1, 1, 3, 1, 1, 1, 0, 3, 4, 3, 1, 4, 1, 1, 0, 4, 1, 1, 1, 1, 1, 1, 3, 1, 1, 1, 1, 4, 1, 2, 1, 3, 1, 2, 2, 1, 2, 2, 4, 1, 1]|[0, 2, 1, 1, 3, 0, 1, 0, 0, 0, 0, 0, 1, 0, 1, 0, 0, 3, 1, 0, 0, 0, 3, 1, 0, 2, 0, 0, 0, 1, 0, 0, 0, 0, 3, 0, 1, 0, 0, 2, 1, 1, 1, 0, 0, 0, 0, 2, 1, 0, 0, 0, 1, 3, 0, 0, 1, 0, 1, 0, 0, 2, 0, 1, 0, 1, 2, 0, 0, 1, 1, 3, 1, 1, 3, 0, 0, 0, 0, 2, 0, 0, 0, 0, 1, 0, 0, 0, 1, 0, 2, 0, 1, 0, 1, 0, 0, 2, 0, 1],740.1000024547002,57245.26292476342,97017.87740826326,false
14,G4_BALANCED,G4_BALANCED,[31, 22, 82, 15, 26, 9, 95, 42, 77, 68, 47, 5, 93, 78, 86, 54, 85, 63, 18, 44, 20, 49, 36, 14, 74, 50, 53, 17, 21, 28, 71, 64, 3, 23, 30, 83, 24, 41, 60, 52, 65, 27, 90, 70, 39, 87, 48, 69, 99, 4, 46, 1, 13, 58, 97, 59, 45, 8, 73, 37, 35, 79, 11, 66, 76, 32, 40, 80, 96, 6, 16, 61, 33, 7, 57, 34, 12, 67, 10, 98, 56, 88, 29, 19, 91, 38, 75, 92, 43, 84, 51, 62, 81, 25, 2, 55, 0, 94, 89, 72]|[2, 1, 2, 1, 1, 2, 1, 1, 1, 1, 1, 0, 2, 2, 1, 2, 0, 0, 0, 2, 2, 1, 0, 2, 0, 2, 2, 1, 0, 1, 1, 1, 0, 0, 1, 0, 2, 1, 2, 2, 0, 0, 1, 1, 0, 2, 0, 2, 1, 0, 0, 2, 0, 0, 2, 0, 1, 1, 0, 0, 2, 1, 0, 2, 2, 0, 2, 2, 0, 1, 2, 1, 1, 2, 0, 1, 1, 1, 1, 2, 2, 1, 1, 1, 1, 0, 0, 0, 1, 0, 1, 1, 1, 1, 2, 0, 0, 2, 1, 1]|[0, 3, 0, 3, 4, 1, 4, 4, 2, 4, 3, 2, 1, 0, 2, 1, 1, 1, 2, 1, 1, 3, 0, 1, 0, 1, 1, 4, 1, 4, 3, 2, 2, 0, 4, 1, 1, 4, 0, 1, 2, 1, 4, 4, 1, 1, 0, 2, 3, 1, 2, 1, 2, 1, 1, 2, 4, 3, 0, 2, 2, 3, 1, 0, 1, 2, 0, 1, 2, 4, 1, 3, 4, 1, 2, 4, 3, 3, 3, 1, 1, 4, 3, 4, 3, 2, 2, 2, 4, 2, 3, 3, 1, 4, 1, 2, 2, 1, 4, 4]|[0, 2, 0, 0, 3, 0, 1, 3, 0, 0, 2, 0, 1, 0, 1, 0, 0, 0, 1, 0, 0, 2, 0, 0, 1, 0, 0, 3, 0, 1, 0, 2, 0, 1, 3, 0, 1, 3, 1, 0, 0, 0, 1, 3, 0, 0, 1, 0, 2, 0, 0, 0, 0, 0, 1, 0, 1, 0, 1, 1, 0, 2, 0, 0, 0, 0, 0, 0, 0, 2, 0, 0, 1, 0, 0, 1, 0, 0, 3, 0, 0, 1, 0, 3, 0, 0, 0, 0, 2, 0, 0, 0, 1, 3, 0, 0, 0, 0, 1, 2],865.1415734391886,51684.89064757124,107227.383897728,false
14,G2_TEC,G2_TEC,[31, 22, 82, 15, 26, 9, 95, 42, 77, 68, 47, 5, 93, 78, 86, 54, 85, 63, 18, 44, 20, 49, 36, 14, 74, 50, 53, 17, 21, 28, 71, 64, 3, 23, 30, 83, 24, 41, 60, 52, 65, 27, 90, 70, 39, 87, 48, 69, 99, 4, 46, 1, 13, 58, 97, 59, 33, 8, 73, 37, 35, 79, 11, 66, 76, 32, 40, 80, 96, 6, 16, 61, 45, 7, 57, 34, 12, 67, 10, 98, 56, 88, 29, 75, 91, 38, 19, 92, 43, 84, 51, 72, 81, 25, 2, 55, 0, 94, 89, 62]|[2, 1, 2, 1, 1, 2, 1, 1, 1, 1, 1, 0, 2, 2, 1, 2, 0, 0, 0, 2, 2, 1, 0, 2, 0, 2, 2, 1, 0, 1, 1, 1, 0, 0, 1, 0, 2, 1, 2, 2, 0, 0, 1, 1, 0, 2, 0, 2, 1, 0, 0, 2, 0, 0, 2, 0, 1, 1, 0, 0, 2, 1, 0, 2, 2, 0, 2, 2, 0, 1, 2, 1, 1, 2, 0, 1, 1, 1, 1, 2, 2, 1, 1, 0, 1, 0, 1, 0, 0, 0, 1, 1, 1, 1, 2, 0, 0, 2, 1, 1]|[0, 3, 0, 3, 4, 1, 4, 4, 2, 4, 3, 2, 1, 0, 2, 1, 1, 1, 2, 1, 1, 3, 0, 1, 0, 1, 1, 4, 1, 4, 3, 2, 2, 0, 4, 1, 1, 4, 0, 1, 2, 1, 4, 4, 1, 1, 0, 2, 3, 1, 2, 1, 2, 1, 1, 2, 4, 3, 0, 2, 2, 3, 1, 0, 1, 2, 0, 1, 2, 4, 1, 3, 4, 1, 2, 4, 3, 3, 3, 1, 1, 4, 3, 2, 3, 2, 4, 2, 2, 2, 3, 4, 1, 4, 1, 2, 2, 1, 4, 3]|[0, 2, 0, 0, 3, 0, 1, 3, 0, 0, 2, 0, 1, 0, 1, 0, 0, 0, 1, 0, 0, 2, 0, 0, 1, 0, 0, 3, 0, 1, 0, 2, 0, 0, 3, 0, 1, 3, 1, 0, 0, 0, 1, 3, 0, 0, 1, 0, 2, 0, 0, 0, 0, 0, 1, 0, 1, 0, 1, 1, 0, 2, 0, 0, 0, 0, 0, 0, 0, 2, 0, 0, 1, 0, 0, 1, 0, 0, 3, 0, 0, 1, 0, 0, 0, 0, 3, 0, 0, 0, 0, 2, 1, 3, 0, 0, 0, 0, 1, 0],902.8269005695743,51238.851114999576,109596.60734971298,false
14,G3_TWC,G1_CMAX,[31, 22, 82, 15, 26, 9, 95, 42, 77, 12, 47, 5, 93, 78, 86, 54, 6, 63, 18, 44, 20, 35, 43, 97, 91, 76, 10, 30, 21, 45, 64, 71, 1, 23, 17, 83, 24, 14, 60, 36, 85, 57, 40, 88, 65, 56, 79, 94, 39, 68, 46, 75, 38, 58, 19, 32, 81, 41, 27, 62, 87, 90, 99, 59, 11, 16, 72, 73, 70, 67, 37, 84, 3, 92, 25, 55, 28, 29, 51, 8, 66, 61, 98, 48, 89, 50, 7, 96, 53, 80, 4, 33, 34, 2, 52, 13, 0, 69, 74, 49]|[1, 1, 0, 1, 1, 0, 1, 2, 2, 1, 2, 2, 2, 1, 1, 0, 0, 1, 0, 2, 2, 0, 1, 2, 0, 1, 2, 2, 0, 0, 1, 2, 1, 2, 1, 0, 2, 0, 1, 1, 0, 1, 1, 1, 0, 2, 1, 1, 0, 0, 0, 0, 1, 1, 2, 1, 2, 0, 0, 0, 2, 1, 0, 1, 2, 1, 2, 1, 1, 1, 1, 1, 1, 0, 1, 1, 0, 0, 0, 1, 0, 1, 0, 0, 1, 0, 1, 2, 0, 0, 0, 0, 2, 0, 1, 0, 0, 1, 2, 0]|[4, 3, 2, 2, 4, 1, 2, 2, 2, 4, 1, 1, 2, 4, 4, 1, 2, 4, 2, 1, 1, 1, 1, 2, 1, 2, 1, 1, 1, 1, 3, 2, 3, 0, 4, 0, 1, 1, 0, 3, 2, 2, 2, 0, 1, 1, 0, 4, 0, 1, 2, 2, 1, 4, 0, 3, 2, 1, 1, 2, 1, 3, 1, 1, 1, 3, 0, 4, 3, 1, 4, 1, 1, 0, 4, 4, 2, 1, 1, 3, 1, 3, 1, 1, 1, 1, 1, 1, 2, 1, 2, 2, 1, 2, 1, 2, 2, 3, 1, 1]|[0, 2, 1, 1, 3, 0, 1, 0, 0, 0, 0, 0, 1, 0, 1, 0, 1, 3, 1, 0, 0, 0, 3, 1, 0, 2, 0, 0, 0, 1, 0, 0, 0, 0, 3, 0, 1, 0, 0, 2, 1, 1, 1, 0, 0, 0, 0, 2, 1, 0, 0, 0, 1, 3, 0, 0, 1, 0, 0, 1, 0, 2, 0, 1, 0, 2, 1, 0, 0, 1, 1, 3, 1, 1, 3, 3, 1, 0, 0, 2, 0, 0, 0, 0, 1, 0, 2, 0, 1, 0, 1, 1, 0, 0, 1, 0, 0, 0, 0, 1],824.1531664905515,57504.66170409152,92407.54974943638,true
14,G1_CMAX,G1_CMAX,[31, 22, 82, 15, 26, 9, 95, 42, 77, 12, 47, 5, 93, 78, 86, 54, 6, 63, 18, 44, 20, 35, 43, 97, 91, 76, 10, 30, 21, 45, 71, 64, 1, 23, 17, 83, 24, 14, 60, 36, 85, 57, 40, 88, 65, 56, 79, 94, 67, 68, 46, 75, 38, 58, 19, 32, 81, 41, 62, 87, 28, 90, 99, 59, 11, 72, 16, 73, 70, 39, 37, 84, 3, 92, 25, 34, 29, 55, 51, 7, 98, 61, 66, 48, 89, 50, 4, 96, 53, 80, 8, 33, 27, 2, 52, 13, 0, 69, 74, 49]|[1, 1, 0, 1, 1, 0, 1, 2, 2, 1, 2, 2, 2, 1, 1, 0, 0, 1, 0, 2, 2, 0, 1, 2, 2, 1, 2, 2, 0, 0, 1, 1, 1, 2, 1, 0, 2, 0, 1, 1, 0, 1, 1, 1, 0, 2, 1, 1, 0, 0, 0, 0, 1, 1, 2, 1, 2, 0, 0, 2, 2, 1, 0, 1, 2, 2, 1, 1, 1, 1, 1, 1, 1, 0, 1, 2, 0, 2, 0, 1, 2, 1, 0, 0, 1, 0, 1, 2, 0, 0, 1, 2, 0, 0, 1, 0, 0, 1, 2, 0]|[0, 3, 2, 2, 4, 1, 2, 2, 2, 4, 1, 1, 2, 4, 4, 1, 2, 4, 2, 1, 1, 1, 1, 2, 1, 2, 1, 1, 1, 1, 3, 3, 3, 0, 4, 0, 1, 1, 0, 3, 2, 2, 2, 0, 1, 1, 0, 4, 0, 1, 2, 2, 1, 4, 0, 3, 2, 1, 2, 1, 1, 3, 1, 1, 1, 0, 3, 4, 3, 1, 4, 1, 1, 0, 4, 1, 1, 1, 1, 1, 1, 3, 1, 1, 1, 1, 4, 1, 2, 1, 3, 1, 2, 2, 1, 2, 2, 4, 1, 1]|[0, 2, 1, 1, 3, 0, 1, 0, 0, 0, 0, 0, 1, 0, 1, 0, 0, 3, 1, 0, 0, 0, 3, 1, 0, 2, 0, 0, 0, 1, 0, 0, 0, 0, 3, 0, 1, 0, 0, 2, 1, 1, 1, 0, 0, 0, 0, 2, 1, 0, 0, 0, 1, 3, 0, 0, 1, 0, 1, 0, 0, 2, 0, 1, 0, 1, 2, 0, 0, 1, 1, 3, 1, 1, 3, 0, 0, 0, 0, 2, 0, 0, 0, 0, 1, 0, 0, 0, 1, 0, 2, 0, 1, 0, 1, 0, 0, 2, 0, 1],740.1000024547002,57245.26292476342,97017.87740826326,false
14,G4_BALANCED,G4_BALANCED,[31, 22, 82, 15, 26, 9, 95, 42, 77, 68, 47, 5, 93, 78, 86, 54, 85, 63, 18, 44, 20, 49, 36, 14, 74, 50, 53, 17, 21, 28, 71, 64, 3, 23, 30, 83, 24, 41, 60, 52, 65, 27, 90, 70, 39, 87, 48, 69, 99, 4, 46, 1, 13, 58, 97, 59, 45, 8, 73, 37, 35, 79, 11, 66, 76, 32, 40, 80, 96, 6, 16, 61, 33, 7, 57, 34, 12, 67, 10, 98, 56, 88, 29, 19, 91, 38, 75, 92, 43, 84, 51, 62, 81, 25, 2, 55, 0, 94, 89, 72]|[2, 1, 2, 1, 1, 2, 1, 1, 1, 1, 1, 0, 2, 2, 1, 2, 0, 0, 0, 2, 2, 1, 0, 2, 0, 2, 2, 1, 0, 1, 1, 1, 0, 0, 1, 0, 2, 1, 2, 2, 0, 0, 1, 1, 0, 2, 0, 2, 1, 0, 0, 2, 0, 0, 2, 0, 1, 1, 0, 0, 2, 1, 0, 2, 2, 0, 2, 2, 0, 1, 2, 1, 1, 2, 0, 1, 1, 1, 1, 2, 2, 1, 1, 1, 1, 0, 0, 0, 1, 0, 1, 1, 1, 1, 2, 0, 0, 2, 1, 1]|[0, 3, 0, 3, 4, 1, 4, 4, 2, 4, 3, 2, 1, 0, 2, 1, 1, 1, 2, 1, 1, 3, 0, 1, 0, 1, 1, 4, 1, 4, 3, 2, 2, 0, 4, 1, 1, 4, 0, 1, 2, 1, 4, 4, 1, 1, 0, 2, 3, 1, 2, 1, 2, 1, 1, 2, 4, 3, 0, 2, 2, 3, 1, 0, 1, 2, 0, 1, 2, 4, 1, 3, 4, 1, 2, 4, 3, 3, 3, 1, 1, 4, 3, 4, 3, 2, 2, 2, 4, 2, 3, 3, 1, 4, 1, 2, 2, 1, 4, 4]|[0, 2, 0, 0, 3, 0, 1, 3, 0, 0, 2, 0, 1, 0, 1, 0, 0, 0, 1, 0, 0, 2, 0, 0, 1, 0, 0, 3, 0, 1, 0, 2, 0, 1, 3, 0, 1, 3, 1, 0, 0, 0, 1, 3, 0, 0, 1, 0, 2, 0, 0, 0, 0, 0, 1, 0, 1, 0, 1, 1, 0, 2, 0, 0, 0, 0, 0, 0, 0, 2, 0, 0, 1, 0, 0, 1, 0, 0, 3, 0, 0, 1, 0, 3, 0, 0, 0, 0, 2, 0, 0, 0, 1, 3, 0, 0, 0, 0, 1, 2],865.1415734391886,51684.89064757124,107227.383897728,false
14,G2_TEC,G2_TEC,[31, 22, 82, 15, 26, 9, 95, 42, 77, 68, 47, 5, 93, 78, 86, 54, 85, 63, 18, 44, 20, 49, 36, 14, 74, 50, 53, 17, 21, 28, 71, 64, 3, 23, 30, 83, 24, 41, 60, 52, 65, 27, 90, 70, 39, 87, 48, 69, 99, 4, 46, 1, 13, 58, 97, 59, 33, 8, 73, 37, 35, 79, 11, 66, 76, 32, 40, 80, 96, 6, 16, 61, 45, 7, 57, 34, 12, 67, 10, 98, 56, 88, 29, 75, 91, 38, 19, 92, 43, 84, 51, 72, 81, 25, 2, 55, 0, 94, 89, 62]|[2, 1, 2, 1, 1, 2, 1, 1, 1, 1, 1, 0, 2, 2, 1, 2, 0, 0, 0, 2, 2, 1, 0, 2, 0, 2, 2, 1, 0, 1, 1, 1, 0, 0, 1, 0, 2, 1, 2, 2, 0, 0, 1, 1, 0, 2, 0, 2, 1, 0, 0, 2, 0, 0, 2, 0, 1, 1, 0, 0, 2, 1, 0, 2, 2, 0, 2, 2, 0, 1, 2, 1, 1, 2, 0, 1, 1, 1, 1, 2, 2, 1, 1, 0, 1, 0, 1, 0, 0, 0, 1, 1, 1, 1, 2, 0, 0, 2, 1, 1]|[0, 3, 0, 3, 4, 1, 4, 4, 2, 4, 3, 2, 1, 0, 2, 1, 1, 1, 2, 1, 1, 3, 0, 1, 0, 1, 1, 4, 1, 4, 3, 2, 2, 0, 4, 1, 1, 4, 0, 1, 2, 1, 4, 4, 1, 1, 0, 2, 3, 1, 2, 1, 2, 1, 1, 2, 4, 3, 0, 2, 2, 3, 1, 0, 1, 2, 0, 1, 2, 4, 1, 3, 4, 1, 2, 4, 3, 3, 3, 1, 1, 4, 3, 2, 3, 2, 4, 2, 2, 2, 3, 4, 1, 4, 1, 2, 2, 1, 4, 3]|[0, 2, 0, 0, 3, 0, 1, 3, 0, 0, 2, 0, 1, 0, 1, 0, 0, 0, 1, 0, 0, 2, 0, 0, 1, 0, 0, 3, 0, 1, 0, 2, 0, 0, 3, 0, 1, 3, 1, 0, 0, 0, 1, 3, 0, 0, 1, 0, 2, 0, 0, 0, 0, 0, 1, 0, 1, 0, 1, 1, 0, 2, 0, 0, 0, 0, 0, 0, 0, 2, 0, 0, 1, 0, 0, 1, 0, 0, 3, 0, 0, 1, 0, 0, 0, 0, 3, 0, 0, 0, 0, 2, 1, 3, 0, 0, 0, 0, 1, 0],902.8269005695743,51238.851114999576,109596.60734971298,false
14,G3_TWC,G1_CMAX,[31, 22, 82, 15, 26, 9, 95, 42, 77, 12, 47, 5, 93, 78, 86, 54, 6, 63, 18, 44, 20, 35, 43, 97, 91, 76, 10, 30, 21, 45, 64, 71, 1, 23, 17, 83, 24, 14, 60, 36, 85, 57, 40, 88, 65, 56, 79, 94, 39, 68, 46, 75, 38, 58, 19, 32, 81, 41, 27, 62, 87, 90, 99, 59, 11, 16, 72, 73, 70, 67, 37, 84, 3, 92, 25, 55, 28, 29, 51, 8, 66, 61, 98, 48, 89, 50, 7, 96, 53, 80, 4, 33, 34, 2, 52, 13, 0, 69, 74, 49]|[1, 1, 0, 1, 1, 0, 1, 2, 2, 1, 2, 2, 2, 1, 1, 0, 0, 1, 0, 2, 2, 0, 1, 2, 0, 1, 2, 2, 0, 0, 1, 2, 1, 2, 1, 0, 2, 0, 1, 1, 0, 1, 1, 1, 0, 2, 1, 1, 0, 0, 0, 0, 1, 1, 2, 1, 2, 0, 0, 0, 2, 1, 0, 1, 2, 1, 2, 1, 1, 1, 1, 1, 1, 0, 1, 1, 0, 0, 0, 1, 0, 1, 0, 0, 1, 0, 1, 2, 0, 0, 0, 0, 2, 0, 1, 0, 0, 1, 2, 0]|[4, 3, 2, 2, 4, 1, 2, 2, 2, 4, 1, 1, 2, 4, 4, 1, 2, 4, 2, 1, 1, 1, 1, 2, 1, 2, 1, 1, 1, 1, 3, 2, 3, 0, 4, 0, 1, 1, 0, 3, 2, 2, 2, 0, 1, 1, 0, 4, 0, 1, 2, 2, 1, 4, 0, 3, 2, 1, 1, 2, 1, 3, 1, 1, 1, 3, 0, 4, 3, 1, 4, 1, 1, 0, 4, 4, 2, 1, 1, 3, 1, 3, 1, 1, 1, 1, 1, 1, 2, 1, 2, 2, 1, 2, 1, 2, 2, 3, 1, 1]|[0, 2, 1, 1, 3, 0, 1, 0, 0, 0, 0, 0, 1, 0, 1, 0, 1, 3, 1, 0, 0, 0, 3, 1, 0, 2, 0, 0, 0, 1, 0, 0, 0, 0, 3, 0, 1, 0, 0, 2, 1, 1, 1, 0, 0, 0, 0, 2, 1, 0, 0, 0, 1, 3, 0, 0, 1, 0, 0, 1, 0, 2, 0, 1, 0, 2, 1, 0, 0, 1, 1, 3, 1, 1, 3, 3, 1, 0, 0, 2, 0, 0, 0, 0, 1, 0, 2, 0, 1, 0, 1, 1, 0, 0, 1, 0, 0, 0, 0, 1],824.1531664905515,57504.66170409152,92407.54974943638,true
14,G1_CMAX,G1_CMAX,[31, 22, 82, 15, 26, 9, 95, 42, 77, 12, 47, 5, 93, 78, 86, 54, 6, 63, 18, 44, 20, 35, 43, 97, 91, 76, 10, 30, 21, 45, 71, 64, 1, 23, 17, 83, 24, 14, 60, 36, 85, 57, 40, 88, 65, 56, 79, 94, 67, 68, 46, 75, 38, 58, 19, 32, 81, 41, 62, 87, 28, 90, 99, 59, 11, 72, 16, 73, 70, 39, 37, 84, 3, 92, 25, 34, 29, 55, 51, 7, 98, 61, 66, 48, 89, 50, 4, 96, 53, 80, 8, 33, 27, 2, 52, 13, 0, 69, 74, 49]|[1, 1, 0, 1, 1, 0, 1, 2, 2, 1, 2, 2, 2, 1, 1, 0, 0, 1, 0, 2, 2, 0, 1, 2, 2, 1, 2, 2, 0, 0, 1, 1, 1, 2, 1, 0, 2, 0, 1, 1, 0, 1, 1, 1, 0, 2, 1, 1, 0, 0, 0, 0, 1, 1, 2, 1, 2, 0, 0, 2, 2, 1, 0, 1, 2, 2, 1, 1, 1, 1, 1, 1, 1, 0, 1, 2, 0, 2, 0, 1, 2, 1, 0, 0, 1, 0, 1, 2, 0, 0, 1, 2, 0, 0, 1, 0, 0, 1, 2, 0]|[0, 3, 2, 2, 4, 1, 2, 2, 2, 4, 1, 1, 2, 4, 4, 1, 2, 4, 2, 1, 1, 1, 1, 2, 1, 2, 1, 1, 1, 1, 3, 3, 3, 0, 4, 0, 1, 1, 0, 3, 2, 2, 2, 0, 1, 1, 0, 4, 0, 1, 2, 2, 1, 4, 0, 3, 2, 1, 2, 1, 1, 3, 1, 1, 1, 0, 3, 4, 3, 1, 4, 1, 1, 0, 4, 1, 1, 1, 1, 1, 1, 3, 1, 1, 1, 1, 4, 1, 2, 1, 3, 1, 2, 2, 1, 2, 2, 4, 1, 1]|[0, 2, 1, 1, 3, 0, 1, 0, 0, 0, 0, 0, 1, 0, 1, 0, 0, 3, 1, 0, 0, 0, 3, 1, 0, 2, 0, 0, 0, 1, 0, 0, 0, 0, 3, 0, 1, 0, 0, 2, 1, 1, 1, 0, 0, 0, 0, 2, 1, 0, 0, 0, 1, 3, 0, 0, 1, 0, 1, 0, 0, 2, 0, 1, 0, 1, 2, 0, 0, 1, 1, 3, 1, 1, 3, 0, 0, 0, 0, 2, 0, 0, 0, 0, 1, 0, 0, 0, 1, 0, 2, 0, 1, 0, 1, 0, 0, 2, 0, 1],740.1000024547002,57245.26292476342,97017.87740826326,false
14,G4_BALANCED,G4_BALANCED,[31, 22, 82, 15, 26, 9, 95, 42, 77, 68, 47, 5, 93, 78, 86, 54, 85, 63, 18, 44, 20, 49, 36, 14, 74, 50, 53, 17, 21, 28, 71, 64, 3, 23, 30, 83, 24, 41, 60, 52, 65, 27, 90, 70, 39, 87, 48, 69, 99, 4, 46, 1, 13, 58, 97, 59, 45, 8, 73, 37, 35, 79, 11, 66, 76, 32, 40, 80, 96, 6, 16, 61, 33, 7, 57, 34, 12, 67, 10, 98, 56, 88, 29, 19, 91, 38, 75, 92, 43, 84, 51, 62, 81, 25, 2, 55, 0, 94, 89, 72]|[2, 1, 2, 1, 1, 2, 1, 1, 1, 1, 1, 0, 2, 2, 1, 2, 0, 0, 0, 2, 2, 1, 0, 2, 0, 2, 2, 1, 0, 1, 1, 1, 0, 0, 1, 0, 2, 1, 2, 2, 0, 0, 1, 1, 0, 2, 0, 2, 1, 0, 0, 2, 0, 0, 2, 0, 1, 1, 0, 0, 2, 1, 0, 2, 2, 0, 2, 2, 0, 1, 2, 1, 1, 2, 0, 1, 1, 1, 1, 2, 2, 1, 1, 1, 1, 0, 0, 0, 1, 0, 1, 1, 1, 1, 2, 0, 0, 2, 1, 1]|[0, 3, 0, 3, 4, 1, 4, 4, 2, 4, 3, 2, 1, 0, 2, 1, 1, 1, 2, 1, 1, 3, 0, 1, 0, 1, 1, 4, 1, 4, 3, 2, 2, 0, 4, 1, 1, 4, 0, 1, 2, 1, 4, 4, 1, 1, 0, 2, 3, 1, 2, 1, 2, 1, 1, 2, 4, 3, 0, 2, 2, 3, 1, 0, 1, 2, 0, 1, 2, 4, 1, 3, 4, 1, 2, 4, 3, 3, 3, 1, 1, 4, 3, 4, 3, 2, 2, 2, 4, 2, 3, 3, 1, 4, 1, 2, 2, 1, 4, 4]|[0, 2, 0, 0, 3, 0, 1, 3, 0, 0, 2, 0, 1, 0, 1, 0, 0, 0, 1, 0, 0, 2, 0, 0, 1, 0, 0, 3, 0, 1, 0, 2, 0, 1, 3, 0, 1, 3, 1, 0, 0, 0, 1, 3, 0, 0, 1, 0, 2, 0, 0, 0, 0, 0, 1, 0, 1, 0, 1, 1, 0, 2, 0, 0, 0, 0, 0, 0, 0, 2, 0, 0, 1, 0, 0, 1, 0, 0, 3, 0, 0, 1, 0, 3, 0, 0, 0, 0, 2, 0, 0, 0, 1, 3, 0, 0, 0, 0, 1, 2],865.1415734391886,51684.89064757124,107227.383897728,false
14,G2_TEC,G2_TEC,[31, 22, 82, 15, 26, 9, 95, 42, 77, 68, 47, 5, 93, 78, 86, 54, 85, 63, 18, 44, 20, 49, 36, 14, 74, 50, 53, 17, 21, 28, 71, 64, 3, 23, 30, 83, 24, 41, 60, 52, 65, 27, 90, 70, 39, 87, 48, 69, 99, 4, 46, 1, 13, 58, 97, 59, 33, 8, 73, 37, 35, 79, 11, 66, 76, 32, 40, 80, 96, 6, 16, 61, 45, 7, 57, 34, 12, 67, 10, 98, 56, 88, 29, 75, 91, 38, 19, 92, 43, 84, 51, 72, 81, 25, 2, 55, 0, 94, 89, 62]|[2, 1, 2, 1, 1, 2, 1, 1, 1, 1, 1, 0, 2, 2, 1, 2, 0, 0, 0, 2, 2, 1, 0, 2, 0, 2, 2, 1, 0, 1, 1, 1, 0, 0, 1, 0, 2, 1, 2, 2, 0, 0, 1, 1, 0, 2, 0, 2, 1, 0, 0, 2, 0, 0, 2, 0, 1, 1, 0, 0, 2, 1, 0, 2, 2, 0, 2, 2, 0, 1, 2, 1, 1, 2, 0, 1, 1, 1, 1, 2, 2, 1, 1, 0, 1, 0, 1, 0, 0, 0, 1, 1, 1, 1, 2, 0, 0, 2, 1, 1]|[0, 3, 0, 3, 4, 1, 4, 4, 2, 4, 3, 2, 1, 0, 2, 1, 1, 1, 2, 1, 1, 3, 0, 1, 0, 1, 1, 4, 1, 4, 3, 2, 2, 0, 4, 1, 1, 4, 0, 1, 2, 1, 4, 4, 1, 1, 0, 2, 3, 1, 2, 1, 2, 1, 1, 2, 4, 3, 0, 2, 2, 3, 1, 0, 1, 2, 0, 1, 2, 4, 1, 3, 4, 1, 2, 4, 3, 3, 3, 1, 1, 4, 3, 2, 3, 2, 4, 2, 2, 2, 3, 4, 1, 4, 1, 2, 2, 1, 4, 3]|[0, 2, 0, 0, 3, 0, 1, 3, 0, 0, 2, 0, 1, 0, 1, 0, 0, 0, 1, 0, 0, 2, 0, 0, 1, 0, 0, 3, 0, 1, 0, 2, 0, 0, 3, 0, 1, 3, 1, 0, 0, 0, 1, 3, 0, 0, 1, 0, 2, 0, 0, 0, 0, 0, 1, 0, 1, 0, 1, 1, 0, 2, 0, 0, 0, 0, 0, 0, 0, 2, 0, 0, 1, 0, 0, 1, 0, 0, 3, 0, 0, 1, 0, 0, 0, 0, 3, 0, 0, 0, 0, 2, 1, 3, 0, 0, 0, 0, 1, 0],902.8269005695743,51238.851114999576,109596.60734971298,false
14,G3_TWC,G1_CMAX,[31, 22, 82, 15, 26, 9, 95, 42, 77, 12, 47, 5, 93, 78, 86, 54, 6, 63, 18, 44, 20, 35, 43, 97, 91, 76, 10, 30, 21, 45, 64, 71, 1, 23, 17, 83, 24, 14, 60, 36, 85, 57, 40, 88, 65, 56, 79, 94, 39, 68, 46, 75, 38, 58, 19, 32, 81, 41, 27, 62, 87, 90, 99, 59, 11, 16, 72, 73, 70, 67, 37, 84, 3, 92, 25, 55, 28, 29, 51, 8, 66, 61, 98, 48, 89, 50, 7, 96, 53, 80, 4, 33, 34, 2, 52, 13, 0, 69, 74, 49]|[1, 1, 0, 1, 1, 0, 1, 2, 2, 1, 2, 2, 2, 1, 1, 0, 0, 1, 0, 2, 2, 0, 1, 2, 0, 1, 2, 2, 0, 0, 1, 2, 1, 2, 1, 0, 2, 0, 1, 1, 0, 1, 1, 1, 0, 2, 1, 1, 0, 0, 0, 0, 1, 1, 2, 1, 2, 0, 0, 0, 2, 1, 0, 1, 2, 1, 2, 1, 1, 1, 1, 1, 1, 0, 1, 1, 0, 0, 0, 1, 0, 1, 0, 0, 1, 0, 1, 2, 0, 0, 0, 0, 2, 0, 1, 0, 0, 1, 2, 0]|[4, 3, 2, 2, 4, 1, 2, 2, 2, 4, 1, 1, 2, 4, 4, 1, 2, 4, 2, 1, 1, 1, 1, 2, 1, 2, 1, 1, 1, 1, 3, 2, 3, 0, 4, 0, 1, 1, 0, 3, 2, 2, 2, 0, 1, 1, 0, 4, 0, 1, 2, 2, 1, 4, 0, 3, 2, 1, 1, 2, 1, 3, 1, 1, 1, 3, 0, 4, 3, 1, 4, 1, 1, 0, 4, 4, 2, 1, 1, 3, 1, 3, 1, 1, 1, 1, 1, 1, 2, 1, 2, 2, 1, 2, 1, 2, 2, 3, 1, 1]|[0, 2, 1, 1, 3, 0, 1, 0, 0, 0, 0, 0, 1, 0, 1, 0, 1, 3, 1, 0, 0, 0, 3, 1, 0, 2, 0, 0, 0, 1, 0, 0, 0, 0, 3, 0, 1, 0, 0, 2, 1, 1, 1, 0, 0, 0, 0, 2, 1, 0, 0, 0, 1, 3, 0, 0, 1, 0, 0, 1, 0, 2, 0, 1, 0, 2, 1, 0, 0, 1, 1, 3, 1, 1, 3, 3, 1, 0, 0, 2, 0, 0, 0, 0, 1, 0, 2, 0, 1, 0, 1, 1, 0, 0, 1, 0, 0, 0, 0, 1],824.1531664905515,57504.66170409152,92407.54974943638,true
14,G1_CMAX,G1_CMAX,[31, 22, 82, 15, 26, 9, 95, 42, 77, 12, 47, 5, 93, 78, 86, 54, 6, 63, 18, 44, 20, 35, 43, 97, 91, 76, 10, 30, 21, 45, 71, 64, 1, 23, 17, 83, 24, 14, 60, 36, 85, 57, 40, 88, 65, 56, 79, 94, 67, 68, 46, 75, 38, 58, 19, 32, 81, 41, 62, 87, 28, 90, 99, 59, 11, 72, 16, 73, 70, 39, 37, 84, 3, 92, 25, 34, 29, 55, 51, 7, 98, 61, 66, 48, 89, 50, 4, 96, 53, 80, 8, 33, 27, 2, 52, 13, 0, 69, 74, 49]|[1, 1, 0, 1, 1, 0, 1, 2, 2, 1, 2, 2, 2, 1, 1, 0, 0, 1, 0, 2, 2, 0, 1, 2, 2, 1, 2, 2, 0, 0, 1, 1, 1, 2, 1, 0, 2, 0, 1, 1, 0, 1, 1, 1, 0, 2, 1, 1, 0, 0, 0, 0, 1, 1, 2, 1, 2, 0, 0, 2, 2, 1, 0, 1, 2, 2, 1, 1, 1, 1, 1, 1, 1, 0, 1, 2, 0, 2, 0, 1, 2, 1, 0, 0, 1, 0, 1, 2, 0, 0, 1, 2, 0, 0, 1, 0, 0, 1, 2, 0]|[0, 3, 2, 2, 4, 1, 2, 2, 2, 4, 1, 1, 2, 4, 4, 1, 2, 4, 2, 1, 1, 1, 1, 2, 1, 2, 1, 1, 1, 1, 3, 3, 3, 0, 4, 0, 1, 1, 0, 3, 2, 2, 2, 0, 1, 1, 0, 4, 0, 1, 2, 2, 1, 4, 0, 3, 2, 1, 2, 1, 1, 3, 1, 1, 1, 0, 3, 4, 3, 1, 4, 1, 1, 0, 4, 1, 1, 1, 1, 1, 1, 3, 1, 1, 1, 1, 4, 1, 2, 1, 3, 1, 2, 2, 1, 2, 2, 4, 1, 1]|[0, 2, 1, 1, 3, 0, 1, 0, 0, 0, 0, 0, 1, 0, 1, 0, 0, 3, 1, 0, 0, 0, 3, 1, 0, 2, 0, 0, 0, 1, 0, 0, 0, 0, 3, 0, 1, 0, 0, 2, 1, 1, 1, 0, 0, 0, 0, 2, 1, 0, 0, 0, 1, 3, 0, 0, 1, 0, 1, 0, 0, 2, 0, 1, 0, 1, 2, 0, 0, 1, 1, 3, 1, 1, 3, 0, 0, 0, 0, 2, 0, 0, 0, 0, 1, 0, 0, 0, 1, 0, 2, 0, 1, 0, 1, 0, 0, 2, 0, 1],740.1000024547002,57245.26292476342,97017.87740826326,false
14,G4_BALANCED,G4_BALANCED,[31, 22, 82, 15, 26, 9, 95, 42, 77, 68, 47, 5, 93, 78, 86, 54, 85, 63, 18, 44, 20, 49, 36, 14, 74, 50, 53, 17, 21, 28, 71, 64, 3, 23, 30, 83, 24, 41, 60, 52, 65, 27, 90, 70, 39, 87, 48, 69, 99, 4, 46, 1, 13, 58, 97, 59, 45, 8, 73, 37, 35, 79, 11, 66, 76, 32, 40, 80, 96, 6, 16, 61, 33, 7, 57, 34, 12, 67, 10, 98, 56, 88, 29, 19, 91, 38, 75, 92, 43, 84, 51, 62, 81, 25, 2, 55, 0, 94, 89, 72]|[2, 1, 2, 1, 1, 2, 1, 1, 1, 1, 1, 0, 2, 2, 1, 2, 0, 0, 0, 2, 2, 1, 0, 2, 0, 2, 2, 1, 0, 1, 1, 1, 0, 0, 1, 0, 2, 1, 2, 2, 0, 0, 1, 1, 0, 2, 0, 2, 1, 0, 0, 2, 0, 0, 2, 0, 1, 1, 0, 0, 2, 1, 0, 2, 2, 0, 2, 2, 0, 1, 2, 1, 1, 2, 0, 1, 1, 1, 1, 2, 2, 1, 1, 1, 1, 0, 0, 0, 1, 0, 1, 1, 1, 1, 2, 0, 0, 2, 1, 1]|[0, 3, 0, 3, 4, 1, 4, 4, 2, 4, 3, 2, 1, 0, 2, 1, 1, 1, 2, 1, 1, 3, 0, 1, 0, 1, 1, 4, 1, 4, 3, 2, 2, 0, 4, 1, 1, 4, 0, 1, 2, 1, 4, 4, 1, 1, 0, 2, 3, 1, 2, 1, 2, 1, 1, 2, 4, 3, 0, 2, 2, 3, 1, 0, 1, 2, 0, 1, 2, 4, 1, 3, 4, 1, 2, 4, 3, 3, 3, 1, 1, 4, 3, 4, 3, 2, 2, 2, 4, 2, 3, 3, 1, 4, 1, 2, 2, 1, 4, 4]|[0, 2, 0, 0, 3, 0, 1, 3, 0, 0, 2, 0, 1, 0, 1, 0, 0, 0, 1, 0, 0, 2, 0, 0, 1, 0, 0, 3, 0, 1, 0, 2, 0, 1, 3, 0, 1, 3, 1, 0, 0, 0, 1, 3, 0, 0, 1, 0, 2, 0, 0, 0, 0, 0, 1, 0, 1, 0, 1, 1, 0, 2, 0, 0, 0, 0, 0, 0, 0, 2, 0, 0, 1, 0, 0, 1, 0, 0, 3, 0, 0, 1, 0, 3, 0, 0, 0, 0, 2, 0, 0, 0, 1, 3, 0, 0, 0, 0, 1, 2],865.1415734391886,51684.89064757124,107227.383897728,false
14,G2_TEC,G2_TEC,[31, 22, 82, 15, 26, 9, 95, 42, 77, 68, 47, 5, 93, 78, 86, 54, 85, 63, 18, 44, 20, 49, 36, 14, 74, 50, 53, 17, 21, 28, 71, 64, 3, 23, 30, 83, 24, 41, 60, 52, 65, 27, 90, 70, 39, 87, 48, 69, 99, 4, 46, 1, 13, 58, 97, 59, 33, 8, 73, 37, 35, 79, 11, 66, 76, 32, 40, 80, 96, 6, 16, 61, 45, 7, 57, 34, 12, 67, 10, 98, 56, 88, 29, 75, 91, 38, 19, 92, 43, 84, 51, 72, 81, 25, 2, 55, 0, 94, 89, 62]|[2, 1, 2, 1, 1, 2, 1, 1, 1, 1, 1, 0, 2, 2, 1, 2, 0, 0, 0, 2, 2, 1, 0, 2, 0, 2, 2, 1, 0, 1, 1, 1, 0, 0, 1, 0, 2, 1, 2, 2, 0, 0, 1, 1, 0, 2, 0, 2, 1, 0, 0, 2, 0, 0, 2, 0, 1, 1, 0, 0, 2, 1, 0, 2, 2, 0, 2, 2, 0, 1, 2, 1, 1, 2, 0, 1, 1, 1, 1, 2, 2, 1, 1, 0, 1, 0, 1, 0, 0, 0, 1, 1, 1, 1, 2, 0, 0, 2, 1, 1]|[0, 3, 0, 3, 4, 1, 4, 4, 2, 4, 3, 2, 1, 0, 2, 1, 1, 1, 2, 1, 1, 3, 0, 1, 0, 1, 1, 4, 1, 4, 3, 2, 2, 0, 4, 1, 1, 4, 0, 1, 2, 1, 4, 4, 1, 1, 0, 2, 3, 1, 2, 1, 2, 1, 1, 2, 4, 3, 0, 2, 2, 3, 1, 0, 1, 2, 0, 1, 2, 4, 1, 3, 4, 1, 2, 4, 3, 3, 3, 1, 1, 4, 3, 2, 3, 2, 4, 2, 2, 2, 3, 4, 1, 4, 1, 2, 2, 1, 4, 3]|[0, 2, 0, 0, 3, 0, 1, 3, 0, 0, 2, 0, 1, 0, 1, 0, 0, 0, 1, 0, 0, 2, 0, 0, 1, 0, 0, 3, 0, 1, 0, 2, 0, 0, 3, 0, 1, 3, 1, 0, 0, 0, 1, 3, 0, 0, 1, 0, 2, 0, 0, 0, 0, 0, 1, 0, 1, 0, 1, 1, 0, 2, 0, 0, 0, 0, 0, 0, 0, 2, 0, 0, 1, 0, 0, 1, 0, 0, 3, 0, 0, 1, 0, 0, 0, 0, 3, 0, 0, 0, 0, 2, 1, 3, 0, 0, 0, 0, 1, 0],902.8269005695743,51238.851114999576,109596.60734971298,false
14,G3_TWC,G4_BALANCED,[31, 22, 82, 15, 26, 58, 95, 42, 77, 12, 47, 5, 93, 78, 86, 54, 85, 63, 18, 44, 20, 35, 43, 97, 91, 76, 10, 30, 21, 45, 71, 64, 1, 23, 17, 83, 24, 14, 60, 36, 6, 57, 40, 88, 65, 56, 79, 94, 67, 68, 46, 75, 38, 9, 19, 32, 81, 41, 27, 62, 87, 90, 99, 59, 11, 16, 72, 73, 70, 39, 37, 84, 3, 53, 25, 55, 28, 29, 51, 7, 33, 61, 98, 48, 89, 50, 66, 96, 92, 80, 8, 4, 34, 2, 52, 13, 0, 69, 74, 49]|[1, 1, 0, 1, 1, 0, 1, 2, 2, 1, 2, 2, 2, 1, 1, 0, 0, 1, 0, 2, 2, 0, 1, 2, 0, 1, 2, 2, 0, 0, 1, 2, 1, 2, 1, 0, 2, 0, 1, 1, 0, 1, 1, 1, 0, 2, 1, 1, 0, 0, 0, 0, 1, 1, 2, 1, 2, 0, 0, 0, 2, 1, 0, 1, 2, 1, 2, 1, 1, 1, 1, 1, 1, 0, 1, 1, 0, 0, 0, 1, 2, 1, 2, 0, 1, 0, 2, 0, 0, 0, 1, 0, 2, 0, 1, 0, 0, 1, 2, 0]|[4, 3, 2, 2, 4, 1, 2, 2, 2, 4, 1, 1, 2, 4, 4, 1, 2, 4, 2, 1, 1, 1, 1, 2, 1, 2, 1, 1, 1, 1, 3, 2, 3, 1, 4, 0, 1, 1, 0, 3, 2, 2, 2, 0, 1, 1, 0, 4, 0, 1, 2, 2, 1, 4, 0, 3, 2, 1, 1, 2, 1, 3, 1, 1, 1, 3, 0, 4, 3, 1, 4, 1, 1, 2, 4, 4, 2, 1, 1, 1, 1, 3, 1, 1, 1, 1, 1, 1, 2, 1, 3, 2, 1, 2, 1, 2, 2, 3, 1, 1]|[0, 2, 1, 1, 3, 0, 1, 0, 0, 0, 0, 0, 1, 0, 1, 0, 0, 3, 1, 0, 0, 0, 3, 1, 0, 2, 0, 0, 0, 1, 0, 0, 0, 0, 3, 0, 1, 0, 0, 2, 1, 1, 1, 0, 0, 0, 0, 2, 1, 0, 0, 0, 1, 3, 0, 0, 1, 0, 0, 1, 0, 2, 0, 1, 0, 2, 1, 0, 0, 1, 1, 3, 1, 1, 3, 3, 1, 0, 0, 2, 0, 0, 0, 0, 1, 0, 0, 0, 1, 0, 2, 1, 0, 0, 1, 0, 0, 0, 0, 1],799.0546721216066,57038.19937020626,92843.33792604652,true
14,G1_CMAX,G1_CMAX,[31, 22, 82, 15, 26, 9, 95, 42, 77, 12, 47, 5, 93, 78, 86, 54, 6, 63, 18, 44, 20, 35, 43, 97, 91, 76, 10, 30, 21, 45, 71, 64, 1, 23, 17, 83, 24, 14, 60, 36, 85, 57, 40, 88, 65, 56, 79, 94, 67, 68, 46, 75, 38, 58, 19, 32, 81, 41, 62, 87, 28, 90, 99, 59, 11, 72, 16, 73, 70, 39, 37, 84, 3, 92, 25, 34, 29, 55, 51, 7, 98, 61, 66, 48, 89, 50, 4, 96, 53, 80, 8, 33, 27, 2, 52, 13, 0, 69, 74, 49]|[1, 1, 0, 1, 1, 0, 1, 2, 2, 1, 2, 2, 2, 1, 1, 0, 0, 1, 0, 2, 2, 0, 1, 2, 2, 1, 2, 2, 0, 0, 1, 1, 1, 2, 1, 0, 2, 0, 1, 1, 0, 1, 1, 1, 0, 2, 1, 1, 0, 0, 0, 0, 1, 1, 2, 1, 2, 0, 0, 2, 2, 1, 0, 1, 2, 2, 1, 1, 1, 1, 1, 1, 1, 0, 1, 2, 0, 2, 0, 1, 2, 1, 0, 0, 1, 0, 1, 2, 0, 0, 1, 2, 0, 0, 1, 0, 0, 1, 2, 0]|[0, 3, 2, 2, 4, 1, 2, 2, 2, 4, 1, 1, 2, 4, 4, 1, 2, 4, 2, 1, 1, 1, 1, 2, 1, 2, 1, 1, 1, 1, 3, 3, 3, 0, 4, 0, 1, 1, 0, 3, 2, 2, 2, 0, 1, 1, 0, 4, 0, 1, 2, 2, 1, 4, 0, 3, 2, 1, 2, 1, 1, 3, 1, 1, 1, 0, 3, 4, 3, 1, 4, 1, 1, 0, 4, 1, 1, 1, 1, 1, 1, 3, 1, 1, 1, 1, 4, 1, 2, 1, 3, 1, 2, 2, 1, 2, 2, 4, 1, 1]|[0, 2, 1, 1, 3, 0, 1, 0, 0, 0, 0, 0, 1, 0, 1, 0, 0, 3, 1, 0, 0, 0, 3, 1, 0, 2, 0, 0, 0, 1, 0, 0, 0, 0, 3, 0, 1, 0, 0, 2, 1, 1, 1, 0, 0, 0, 0, 2, 1, 0, 0, 0, 1, 3, 0, 0, 1, 0, 1, 0, 0, 2, 0, 1, 0, 1, 2, 0, 0, 1, 1, 3, 1, 1, 3, 0, 0, 0, 0, 2, 0, 0, 0, 0, 1, 0, 0, 0, 1, 0, 2, 0, 1, 0, 1, 0, 0, 2, 0, 1],740.1000024547002,57245.26292476342,97017.87740826326,false
14,G4_BALANCED,G4_BALANCED,[31, 22, 82, 15, 26, 9, 95, 42, 77, 68, 47, 5, 93, 78, 86, 54, 85, 63, 18, 44, 20, 49, 36, 14, 74, 50, 53, 17, 21, 28, 71, 64, 3, 23, 30, 83, 24, 41, 60, 52, 65, 27, 90, 70, 39, 87, 48, 69, 99, 4, 46, 1, 13, 58, 97, 59, 45, 8, 73, 37, 35, 79, 11, 66, 76, 32, 40, 80, 96, 6, 16, 61, 33, 7, 57, 34, 12, 67, 10, 98, 56, 88, 29, 19, 91, 38, 75, 92, 43, 84, 51, 62, 81, 25, 2, 55, 0, 94, 89, 72]|[2, 1, 2, 1, 1, 2, 1, 1, 1, 1, 1, 0, 2, 2, 1, 2, 0, 0, 0, 2, 2, 1, 0, 2, 0, 2, 2, 1, 0, 1, 1, 1, 0, 0, 1, 0, 2, 1, 2, 2, 0, 0, 1, 1, 0, 2, 0, 2, 1, 0, 0, 2, 0, 0, 2, 0, 1, 1, 0, 0, 2, 1, 0, 2, 2, 0, 2, 2, 0, 1, 2, 1, 1, 2, 0, 1, 1, 1, 1, 2, 2, 1, 1, 1, 1, 0, 0, 0, 1, 0, 1, 1, 1, 1, 2, 0, 0, 2, 1, 1]|[0, 3, 0, 3, 4, 1, 4, 4, 2, 4, 3, 2, 1, 0, 2, 1, 1, 1, 2, 1, 1, 3, 0, 1, 0, 1, 1, 4, 1, 4, 3, 2, 2, 0, 4, 1, 1, 4, 0, 1, 2, 1, 4, 4, 1, 1, 0, 2, 3, 1, 2, 1, 2, 1, 1, 2, 4, 3, 0, 2, 2, 3, 1, 0, 1, 2, 0, 1, 2, 4, 1, 3, 4, 1, 2, 4, 3, 3, 3, 1, 1, 4, 3, 4, 3, 2, 2, 2, 4, 2, 3, 3, 1, 4, 1, 2, 2, 1, 4, 4]|[0, 2, 0, 0, 3, 0, 1, 3, 0, 0, 2, 0, 1, 0, 1, 0, 0, 0, 1, 0, 0, 2, 0, 0, 1, 0, 0, 3, 0, 1, 0, 2, 0, 1, 3, 0, 1, 3, 1, 0, 0, 0, 1, 3, 0, 0, 1, 0, 2, 0, 0, 0, 0, 0, 1, 0, 1, 0, 1, 1, 0, 2, 0, 0, 0, 0, 0, 0, 0, 2, 0, 0, 1, 0, 0, 1, 0, 0, 3, 0, 0, 1, 0, 3, 0, 0, 0, 0, 2, 0, 0, 0, 1, 3, 0, 0, 0, 0, 1, 2],865.1415734391886,51684.89064757124,107227.383897728,false
14,G2_TEC,G2_TEC,[31, 22, 82, 15, 26, 9, 95, 42, 77, 68, 47, 5, 93, 78, 86, 54, 85, 63, 18, 44, 20, 49, 36, 14, 74, 50, 53, 17, 21, 28, 71, 64, 3, 23, 30, 83, 24, 41, 60, 52, 65, 27, 90, 70, 39, 87, 48, 69, 99, 4, 46, 1, 13, 58, 97, 59, 33, 8, 73, 37, 35, 79, 11, 66, 76, 32, 40, 80, 96, 6, 16, 61, 45, 7, 57, 34, 12, 67, 10, 98, 56, 88, 29, 75, 91, 38, 19, 92, 43, 84, 51, 72, 81, 25, 2, 55, 0, 94, 89, 62]|[2, 1, 2, 1, 1, 2, 1, 1, 1, 1, 1, 0, 2, 2, 1, 2, 0, 0, 0, 2, 2, 1, 0, 2, 0, 2, 2, 1, 0, 1, 1, 1, 0, 0, 1, 0, 2, 1, 2, 2, 0, 0, 1, 1, 0, 2, 0, 2, 1, 0, 0, 2, 0, 0, 2, 0, 1, 1, 0, 0, 2, 1, 0, 2, 2, 0, 2, 2, 0, 1, 2, 1, 1, 2, 0, 1, 1, 1, 1, 2, 2, 1, 1, 0, 1, 0, 1, 0, 0, 0, 1, 1, 1, 1, 2, 0, 0, 2, 1, 1]|[0, 3, 0, 3, 4, 1, 4, 4, 2, 4, 3, 2, 1, 0, 2, 1, 1, 1, 2, 1, 1, 3, 0, 1, 0, 1, 1, 4, 1, 4, 3, 2, 2, 0, 4, 1, 1, 4, 0, 1, 2, 1, 4, 4, 1, 1, 0, 2, 3, 1, 2, 1, 2, 1, 1, 2, 4, 3, 0, 2, 2, 3, 1, 0, 1, 2, 0, 1, 2, 4, 1, 3, 4, 1, 2, 4, 3, 3, 3, 1, 1, 4, 3, 2, 3, 2, 4, 2, 2, 2, 3, 4, 1, 4, 1, 2, 2, 1, 4, 3]|[0, 2, 0, 0, 3, 0, 1, 3, 0, 0, 2, 0, 1, 0, 1, 0, 0, 0, 1, 0, 0, 2, 0, 0, 1, 0, 0, 3, 0, 1, 0, 2, 0, 0, 3, 0, 1, 3, 1, 0, 0, 0, 1, 3, 0, 0, 1, 0, 2, 0, 0, 0, 0, 0, 1, 0, 1, 0, 1, 1, 0, 2, 0, 0, 0, 0, 0, 0, 0, 2, 0, 0, 1, 0, 0, 1, 0, 0, 3, 0, 0, 1, 0, 0, 0, 0, 3, 0, 0, 0, 0, 2, 1, 3, 0, 0, 0, 0, 1, 0],902.8269005695743,51238.851114999576,109596.60734971298,false
14,G3_TWC,G1_CMAX,[31, 22, 82, 15, 26, 9, 95, 42, 77, 12, 47, 5, 93, 78, 86, 54, 6, 63, 18, 44, 20, 35, 43, 97, 91, 76, 10, 30, 21, 45, 64, 71, 1, 23, 17, 83, 24, 14, 60, 36, 85, 57, 40, 88, 65, 56, 79, 94, 39, 68, 46, 75, 38, 58, 19, 32, 81, 41, 27, 62, 87, 90, 99, 59, 11, 16, 72, 73, 70, 67, 37, 84, 3, 92, 25, 55, 28, 29, 51, 8, 66, 61, 98, 48, 89, 50, 7, 96, 53, 80, 4, 33, 34, 2, 52, 13, 0, 69, 74, 49]|[1, 1, 0, 1, 1, 0, 1, 2, 2, 1, 2, 2, 2, 1, 1, 0, 0, 1, 0, 2, 2, 0, 1, 2, 0, 1, 2, 2, 0, 0, 1, 2, 1, 2, 1, 0, 2, 0, 1, 1, 0, 1, 1, 1, 0, 2, 1, 1, 0, 0, 0, 0, 1, 1, 2, 1, 2, 0, 0, 0, 2, 1, 0, 1, 2, 1, 2, 1, 1, 1, 1, 1, 1, 0, 1, 1, 0, 0, 0, 1, 0, 1, 0, 0, 1, 0, 1, 2, 0, 0, 0, 0, 2, 0, 1, 0, 0, 1, 2, 0]|[4, 3, 2, 2, 4, 1, 2, 2, 2, 4, 1, 1, 2, 4, 4, 1, 2, 4, 2, 1, 1, 1, 1, 2, 1, 2, 1, 1, 1, 1, 3, 2, 3, 0, 4, 0, 1, 1, 0, 3, 2, 2, 2, 0, 1, 1, 0, 4, 0, 1, 2, 2, 1, 4, 0, 3, 2, 1, 1, 2, 1, 3, 1, 1, 1, 3, 0, 4, 3, 1, 4, 1, 1, 0, 4, 4, 2, 1, 1, 3, 1, 3, 1, 1, 1, 1, 1, 1, 2, 1, 2, 2, 1, 2, 1, 2, 2, 3, 1, 1]|[0, 2, 1, 1, 3, 0, 1, 0, 0, 0, 0, 0, 1, 0, 1, 0, 1, 3, 1, 0, 0, 0, 3, 1, 0, 2, 0, 0, 0, 1, 0, 0, 0, 0, 3, 0, 1, 0, 0, 2, 1, 1, 1, 0, 0, 0, 0, 2, 1, 0, 0, 0, 1, 3, 0, 0, 1, 0, 0, 1, 0, 2, 0, 1, 0, 2, 1, 0, 0, 1, 1, 3, 1, 1, 3, 3, 1, 0, 0, 2, 0, 0, 0, 0, 1, 0, 2, 0, 1, 0, 1, 1, 0, 0, 1, 0, 0, 0, 0, 1],824.1531664905515,57504.66170409152,92407.54974943638,true
14,G1_CMAX,G1_CMAX,[31, 22, 82, 15, 26, 9, 95, 42, 77, 12, 47, 5, 93, 78, 86, 54, 6, 63, 18, 44, 20, 35, 43, 97, 91, 76, 10, 30, 21, 45, 71, 64, 1, 23, 17, 83, 24, 14, 60, 36, 85, 57, 40, 88, 65, 56, 79, 94, 67, 68, 46, 75, 38, 58, 19, 32, 81, 41, 62, 87, 28, 90, 99, 59, 11, 72, 16, 73, 70, 39, 37, 84, 3, 92, 25, 34, 29, 55, 51, 7, 98, 61, 66, 48, 89, 50, 4, 96, 53, 80, 8, 33, 27, 2, 52, 13, 0, 69, 74, 49]|[1, 1, 0, 1, 1, 0, 1, 2, 2, 1, 2, 2, 2, 1, 1, 0, 0, 1, 0, 2, 2, 0, 1, 2, 2, 1, 2, 2, 0, 0, 1, 1, 1, 2, 1, 0, 2, 0, 1, 1, 0, 1, 1, 1, 0, 2, 1, 1, 0, 0, 0, 0, 1, 1, 2, 1, 2, 0, 0, 2, 2, 1, 0, 1, 2, 2, 1, 1, 1, 1, 1, 1, 1, 0, 1, 2, 0, 2, 0, 1, 2, 1, 0, 0, 1, 0, 1, 2, 0, 0, 1, 2, 0, 0, 1, 0, 0, 1, 2, 0]|[0, 3, 2, 2, 4, 1, 2, 2, 2, 4, 1, 1, 2, 4, 4, 1, 2, 4, 2, 1, 1, 1, 1, 2, 1, 2, 1, 1, 1, 1, 3, 3, 3, 0, 4, 0, 1, 1, 0, 3, 2, 2, 2, 0, 1, 1, 0, 4, 0, 1, 2, 2, 1, 4, 0, 3, 2, 1, 2, 1, 1, 3, 1, 1, 1, 0, 3, 4, 3, 1, 4, 1, 1, 0, 4, 1, 1, 1, 1, 1, 1, 3, 1, 1, 1, 1, 4, 1, 2, 1, 3, 1, 2, 2, 1, 2, 2, 4, 1, 1]|[0, 2, 1, 1, 3, 0, 1, 0, 0, 0, 0, 0, 1, 0, 1, 0, 0, 3, 1, 0, 0, 0, 3, 1, 0, 2, 0, 0, 0, 1, 0, 0, 0, 0, 3, 0, 1, 0, 0, 2, 1, 1, 1, 0, 0, 0, 0, 2, 1, 0, 0, 0, 1, 3, 0, 0, 1, 0, 1, 0, 0, 2, 0, 1, 0, 1, 2, 0, 0, 1, 1, 3, 1, 1, 3, 0, 0, 0, 0, 2, 0, 0, 0, 0, 1, 0, 0, 0, 1, 0, 2, 0, 1, 0, 1, 0, 0, 2, 0, 1],740.1000024547002,57245.26292476342,97017.87740826326,false
14,G4_BALANCED,G4_BALANCED,[31, 22, 82, 15, 26, 9, 95, 42, 77, 68, 47, 5, 93, 78, 86, 54, 85, 63, 18, 44, 20, 49, 36, 14, 74, 50, 53, 17, 21, 28, 71, 64, 3, 23, 30, 83, 24, 41, 60, 52, 65, 27, 90, 70, 39, 87, 48, 69, 99, 4, 46, 1, 13, 58, 97, 59, 45, 8, 73, 37, 35, 79, 11, 66, 76, 32, 40, 80, 96, 6, 16, 61, 33, 7, 57, 34, 12, 67, 10, 98, 56, 88, 29, 19, 91, 38, 75, 92, 43, 84, 51, 62, 81, 25, 2, 55, 0, 94, 89, 72]|[2, 1, 2, 1, 1, 2, 1, 1, 1, 1, 1, 0, 2, 2, 1, 2, 0, 0, 0, 2, 2, 1, 0, 2, 0, 2, 2, 1, 0, 1, 1, 1, 0, 0, 1, 0, 2, 1, 2, 2, 0, 0, 1, 1, 0, 2, 0, 2, 1, 0, 0, 2, 0, 0, 2, 0, 1, 1, 0, 0, 2, 1, 0, 2, 2, 0, 2, 2, 0, 1, 2, 1, 1, 2, 0, 1, 1, 1, 1, 2, 2, 1, 1, 1, 1, 0, 0, 0, 1, 0, 1, 1, 1, 1, 2, 0, 0, 2, 1, 1]|[0, 3, 0, 3, 4, 1, 4, 4, 2, 4, 3, 2, 1, 0, 2, 1, 1, 1, 2, 1, 1, 3, 0, 1, 0, 1, 1, 4, 1, 4, 3, 2, 2, 0, 4, 1, 1, 4, 0, 1, 2, 1, 4, 4, 1, 1, 0, 2, 3, 1, 2, 1, 2, 1, 1, 2, 4, 3, 0, 2, 2, 3, 1, 0, 1, 2, 0, 1, 2, 4, 1, 3, 4, 1, 2, 4, 3, 3, 3, 1, 1, 4, 3, 4, 3, 2, 2, 2, 4, 2, 3, 3, 1, 4, 1, 2, 2, 1, 4, 4]|[0, 2, 0, 0, 3, 0, 1, 3, 0, 0, 2, 0, 1, 0, 1, 0, 0, 0, 1, 0, 0, 2, 0, 0, 1, 0, 0, 3, 0, 1, 0, 2, 0, 1, 3, 0, 1, 3, 1, 0, 0, 0, 1, 3, 0, 0, 1, 0, 2, 0, 0, 0, 0, 0, 1, 0, 1, 0, 1, 1, 0, 2, 0, 0, 0, 0, 0, 0, 0, 2, 0, 0, 1, 0, 0, 1, 0, 0, 3, 0, 0, 1, 0, 3, 0, 0, 0, 0, 2, 0, 0, 0, 1, 3, 0, 0, 0, 0, 1, 2],865.1415734391886,51684.89064757124,107227.383897728,false
14,G2_TEC,G2_TEC,[31, 22, 82, 15, 26, 9, 95, 42, 77, 68, 47, 5, 93, 78, 86, 54, 85, 63, 18, 44, 20, 49, 36, 14, 74, 50, 53, 17, 21, 28, 71, 64, 3, 23, 30, 83, 24, 41, 60, 52, 65, 27, 90, 70, 39, 87, 48, 69, 99, 4, 46, 1, 13, 58, 97, 59, 33, 8, 73, 37, 35, 79, 11, 66, 76, 32, 40, 80, 96, 6, 16, 61, 45, 7, 57, 34, 12, 67, 10, 98, 56, 88, 29, 75, 91, 38, 19, 92, 43, 84, 51, 72, 81, 25, 2, 55, 0, 94, 89, 62]|[2, 1, 2, 1, 1, 2, 1, 1, 1, 1, 1, 0, 2, 2, 1, 2, 0, 0, 0, 2, 2, 1, 0, 2, 0, 2, 2, 1, 0, 1, 1, 1, 0, 0, 1, 0, 2, 1, 2, 2, 0, 0, 1, 1, 0, 2, 0, 2, 1, 0, 0, 2, 0, 0, 2, 0, 1, 1, 0, 0, 2, 1, 0, 2, 2, 0, 2, 2, 0, 1, 2, 1, 1, 2, 0, 1, 1, 1, 1, 2, 2, 1, 1, 0, 1, 0, 1, 0, 0, 0, 1, 1, 1, 1, 2, 0, 0, 2, 1, 1]|[0, 3, 0, 3, 4, 1, 4, 4, 2, 4, 3, 2, 1, 0, 2, 1, 1, 1, 2, 1, 1, 3, 0, 1, 0, 1, 1, 4, 1, 4, 3, 2, 2, 0, 4, 1, 1, 4, 0, 1, 2, 1, 4, 4, 1, 1, 0, 2, 3, 1, 2, 1, 2, 1, 1, 2, 4, 3, 0, 2, 2, 3, 1, 0, 1, 2, 0, 1, 2, 4, 1, 3, 4, 1, 2, 4, 3, 3, 3, 1, 1, 4, 3, 2, 3, 2, 4, 2, 2, 2, 3, 4, 1, 4, 1, 2, 2, 1, 4, 3]|[0, 2, 0, 0, 3, 0, 1, 3, 0, 0, 2, 0, 1, 0, 1, 0, 0, 0, 1, 0, 0, 2, 0, 0, 1, 0, 0, 3, 0, 1, 0, 2, 0, 0, 3, 0, 1, 3, 1, 0, 0, 0, 1, 3, 0, 0, 1, 0, 2, 0, 0, 0, 0, 0, 1, 0, 1, 0, 1, 1, 0, 2, 0, 0, 0, 0, 0, 0, 0, 2, 0, 0, 1, 0, 0, 1, 0, 0, 3, 0, 0, 1, 0, 0, 0, 0, 3, 0, 0, 0, 0, 2, 1, 3, 0, 0, 0, 0, 1, 0],902.8269005695743,51238.851114999576,109596.60734971298,false
14,G3_TWC,G1_CMAX,[31, 22, 82, 15, 26, 9, 95, 42, 77, 12, 47, 5, 93, 78, 86, 54, 6, 63, 18, 44, 20, 35, 43, 97, 91, 76, 10, 30, 21, 45, 64, 71, 1, 23, 17, 83, 24, 14, 60, 36, 85, 57, 40, 88, 65, 56, 79, 94, 39, 68, 46, 75, 38, 58, 19, 32, 81, 41, 27, 62, 87, 90, 99, 59, 11, 16, 72, 73, 70, 67, 37, 84, 3, 92, 25, 55, 28, 29, 51, 8, 66, 61, 98, 48, 89, 50, 7, 96, 53, 80, 4, 33, 34, 2, 52, 13, 0, 69, 74, 49]|[1, 1, 0, 1, 1, 0, 1, 2, 2, 1, 2, 2, 2, 1, 1, 0, 0, 1, 0, 2, 2, 0, 1, 2, 0, 1, 2, 2, 0, 0, 1, 2, 1, 2, 1, 0, 2, 0, 1, 1, 0, 1, 1, 1, 0, 2, 1, 1, 0, 0, 0, 0, 1, 1, 2, 1, 2, 0, 0, 0, 2, 1, 0, 1, 2, 1, 2, 1, 1, 1, 1, 1, 1, 0, 1, 1, 0, 0, 0, 1, 0, 1, 0, 0, 1, 0, 1, 2, 0, 0, 0, 0, 2, 0, 1, 0, 0, 1, 2, 0]|[4, 3, 2, 2, 4, 1, 2, 2, 2, 4, 1, 1, 2, 4, 4, 1, 2, 4, 2, 1, 1, 1, 1, 2, 1, 2, 1, 1, 1, 1, 3, 2, 3, 0, 4, 0, 1, 1, 0, 3, 2, 2, 2, 0, 1, 1, 0, 4, 0, 1, 2, 2, 1, 4, 0, 3, 2, 1, 1, 2, 1, 3, 1, 1, 1, 3, 0, 4, 3, 1, 4, 1, 1, 0, 4, 4, 2, 1, 1, 3, 1, 3, 1, 1, 1, 1, 1, 1, 2, 1, 2, 2, 1, 2, 1, 2, 2, 3, 1, 1]|[0, 2, 1, 1, 3, 0, 1, 0, 0, 0, 0, 0, 1, 0, 1, 0, 1, 3, 1, 0, 0, 0, 3, 1, 0, 2, 0, 0, 0, 1, 0, 0, 0, 0, 3, 0, 1, 0, 0, 2, 1, 1, 1, 0, 0, 0, 0, 2, 1, 0, 0, 0, 1, 3, 0, 0, 1, 0, 0, 1, 0, 2, 0, 1, 0, 2, 1, 0, 0, 1, 1, 3, 1, 1, 3, 3, 1, 0, 0, 2, 0, 0, 0, 0, 1, 0, 2, 0, 1, 0, 1, 1, 0, 0, 1, 0, 0, 0, 0, 1],824.1531664905515,57504.66170409152,92407.54974943638,true
14,G1_CMAX,G1_CMAX,[31, 22, 82, 15, 26, 9, 95, 42, 77, 12, 47, 5, 93, 78, 86, 54, 6, 63, 18, 44, 20, 35, 43, 97, 91, 76, 10, 30, 21, 45, 71, 64, 1, 23, 17, 83, 24, 14, 60, 36, 85, 57, 40, 88, 65, 56, 79, 94, 67, 68, 46, 75, 38, 58, 19, 32, 81, 41, 62, 87, 28, 90, 99, 59, 11, 72, 16, 73, 70, 39, 37, 84, 3, 92, 25, 34, 29, 55, 51, 7, 98, 61, 66, 48, 89, 50, 4, 96, 53, 80, 8, 33, 27, 2, 52, 13, 0, 69, 74, 49]|[1, 1, 0, 1, 1, 0, 1, 2, 2, 1, 2, 2, 2, 1, 1, 0, 0, 1, 0, 2, 2, 0, 1, 2, 2, 1, 2, 2, 0, 0, 1, 1, 1, 2, 1, 0, 2, 0, 1, 1, 0, 1, 1, 1, 0, 2, 1, 1, 0, 0, 0, 0, 1, 1, 2, 1, 2, 0, 0, 2, 2, 1, 0, 1, 2, 2, 1, 1, 1, 1, 1, 1, 1, 0, 1, 2, 0, 2, 0, 1, 2, 1, 0, 0, 1, 0, 1, 2, 0, 0, 1, 2, 0, 0, 1, 0, 0, 1, 2, 0]|[0, 3, 2, 2, 4, 1, 2, 2, 2, 4, 1, 1, 2, 4, 4, 1, 2, 4, 2, 1, 1, 1, 1, 2, 1, 2, 1, 1, 1, 1, 3, 3, 3, 0, 4, 0, 1, 1, 0, 3, 2, 2, 2, 0, 1, 1, 0, 4, 0, 1, 2, 2, 1, 4, 0, 3, 2, 1, 2, 1, 1, 3, 1, 1, 1, 0, 3, 4, 3, 1, 4, 1, 1, 0, 4, 1, 1, 1, 1, 1, 1, 3, 1, 1, 1, 1, 4, 1, 2, 1, 3, 1, 2, 2, 1, 2, 2, 4, 1, 1]|[0, 2, 1, 1, 3, 0, 1, 0, 0, 0, 0, 0, 1, 0, 1, 0, 0, 3, 1, 0, 0, 0, 3, 1, 0, 2, 0, 0, 0, 1, 0, 0, 0, 0, 3, 0, 1, 0, 0, 2, 1, 1, 1, 0, 0, 0, 0, 2, 1, 0, 0, 0, 1, 3, 0, 0, 1, 0, 1, 0, 0, 2, 0, 1, 0, 1, 2, 0, 0, 1, 1, 3, 1, 1, 3, 0, 0, 0, 0, 2, 0, 0, 0, 0, 1, 0, 0, 0, 1, 0, 2, 0, 1, 0, 1, 0, 0, 2, 0, 1],740.1000024547002,57245.26292476342,97017.87740826326,false
14,G4_BALANCED,G4_BALANCED,[31, 22, 82, 15, 26, 9, 95, 42, 77, 68, 47, 5, 93, 78, 86, 54, 85, 63, 18, 44, 20, 49, 36, 14, 74, 50, 53, 17, 21, 28, 71, 64, 3, 23, 30, 83, 24, 41, 60, 52, 65, 27, 90, 70, 39, 87, 48, 69, 99, 4, 46, 1, 13, 58, 97, 59, 45, 8, 73, 37, 35, 79, 11, 66, 76, 32, 40, 80, 96, 6, 16, 61, 33, 7, 57, 34, 12, 67, 10, 98, 56, 88, 29, 19, 91, 38, 75, 92, 43, 84, 51, 62, 81, 25, 2, 55, 0, 94, 89, 72]|[2, 1, 2, 1, 1, 2, 1, 1, 1, 1, 1, 0, 2, 2, 1, 2, 0, 0, 0, 2, 2, 1, 0, 2, 0, 2, 2, 1, 0, 1, 1, 1, 0, 0, 1, 0, 2, 1, 2, 2, 0, 0, 1, 1, 0, 2, 0, 2, 1, 0, 0, 2, 0, 0, 2, 0, 1, 1, 0, 0, 2, 1, 0, 2, 2, 0, 2, 2, 0, 1, 2, 1, 1, 2, 0, 1, 1, 1, 1, 2, 2, 1, 1, 1, 1, 0, 0, 0, 1, 0, 1, 1, 1, 1, 2, 0, 0, 2, 1, 1]|[0, 3, 0, 3, 4, 1, 4, 4, 2, 4, 3, 2, 1, 0, 2, 1, 1, 1, 2, 1, 1, 3, 0, 1, 0, 1, 1, 4, 1, 4, 3, 2, 2, 0, 4, 1, 1, 4, 0, 1, 2, 1, 4, 4, 1, 1, 0, 2, 3, 1, 2, 1, 2, 1, 1, 2, 4, 3, 0, 2, 2, 3, 1, 0, 1, 2, 0, 1, 2, 4, 1, 3, 4, 1, 2, 4, 3, 3, 3, 1, 1, 4, 3, 4, 3, 2, 2, 2, 4, 2, 3, 3, 1, 4, 1, 2, 2, 1, 4, 4]|[0, 2, 0, 0, 3, 0, 1, 3, 0, 0, 2, 0, 1, 0, 1, 0, 0, 0, 1, 0, 0, 2, 0, 0, 1, 0, 0, 3, 0, 1, 0, 2, 0, 1, 3, 0, 1, 3, 1, 0, 0, 0, 1, 3, 0, 0, 1, 0, 2, 0, 0, 0, 0, 0, 1, 0, 1, 0, 1, 1, 0, 2, 0, 0, 0, 0, 0, 0, 0, 2, 0, 0, 1, 0, 0, 1, 0, 0, 3, 0, 0, 1, 0, 3, 0, 0, 0, 0, 2, 0, 0, 0, 1, 3, 0, 0, 0, 0, 1, 2],865.1415734391886,51684.89064757124,107227.383897728,false
14,G2_TEC,G4_BALANCED,[31, 22, 82, 15, 26, 9, 95, 42, 77, 68, 47, 5, 93, 78, 86, 54, 85, 63, 18, 44, 20, 49, 36, 14, 74, 50, 53, 17, 21, 28, 71, 64, 3, 23, 30, 83, 24, 41, 60, 52, 65, 27, 90, 70, 39, 87, 48, 69, 99, 4, 46, 1, 13, 58, 97, 59, 45, 8, 73, 37, 35, 79, 11, 66, 76, 32, 40, 80, 96, 6, 16, 61, 33, 7, 57, 34, 12, 67, 10, 98, 56, 88, 29, 25, 91, 38, 19, 92, 43, 84, 51, 72, 81, 75, 2, 89, 0, 94, 55, 62]|[2, 1, 2, 1, 1, 2, 1, 1, 1, 1, 1, 0, 2, 2, 1, 2, 0, 0, 0, 2, 2, 1, 0, 2, 0, 2, 2, 1, 0, 1, 1, 1, 0, 0, 1, 0, 2, 1, 2, 2, 0, 0, 1, 1, 0, 2, 0, 2, 1, 0, 0, 2, 0, 0, 2, 0, 1, 1, 0, 0, 2, 1, 0, 2, 2, 0, 2, 2, 0, 1, 2, 1, 1, 2, 0, 1, 1, 1, 1, 2, 2, 1, 1, 1, 1, 0, 1, 0, 0, 0, 1, 1, 1, 0, 2, 1, 0, 1, 0, 1]|[0, 3, 0, 3, 4, 1, 4, 4, 2, 4, 3, 2, 1, 0, 2, 1, 1, 1, 2, 1, 1, 3, 0, 1, 0, 1, 1, 4, 1, 4, 3, 2, 2, 0, 4, 1, 1, 4, 0, 1, 2, 1, 4, 4, 1, 1, 0, 2, 3, 1, 2, 1, 2, 1, 1, 2, 4, 3, 0, 2, 2, 3, 1, 0, 1, 2, 0, 1, 2, 4, 1, 3, 4, 1, 2, 4, 3, 3, 3, 1, 1, 4, 3, 4, 3, 2, 4, 2, 2, 2, 3, 4, 1, 2, 1, 4, 2, 4, 2, 3]|[0, 2, 0, 0, 3, 0, 1, 3, 0, 0, 2, 0, 1, 0, 1, 0, 0, 0, 1, 0, 0, 2, 0, 0, 1, 0, 0, 3, 0, 1, 0, 2, 0, 0, 3, 0, 1, 3, 1, 0, 0, 0, 1, 3, 0, 0, 1, 0, 2, 0, 0, 0, 0, 0, 1, 0, 1, 0, 1, 1, 0, 2, 0, 0, 0, 0, 0, 0, 0, 2, 0, 0, 1, 0, 0, 1, 0, 0, 3, 0, 0, 1, 0, 3, 0, 0, 3, 0, 0, 0, 0, 2, 1, 0, 0, 1, 0, 2, 0, 0],899.58947830753,51186.06775193036,109567.87718231812,true
14,G3_TWC,G1_CMAX,[31, 22, 82, 15, 26, 9, 95, 42, 77, 12, 47, 5, 93, 78, 86, 54, 6, 63, 18, 44, 20, 35, 43, 97, 91, 76, 10, 30, 21, 45, 64, 71, 1, 23, 17, 83, 24, 14, 60, 36, 85, 57, 40, 88, 65, 56, 79, 94, 39, 68, 46, 75, 38, 58, 19, 32, 81, 41, 27, 62, 87, 90, 99, 59, 11, 16, 72, 73, 70, 67, 37, 84, 3, 92, 25, 55, 28, 29, 51, 8, 66, 61, 98, 48, 89, 50, 7, 96, 53, 80, 4, 33, 34, 2, 52, 13, 0, 69, 74, 49]|[1, 1, 0, 1, 1, 0, 1, 2, 2, 1, 2, 2, 2, 1, 1, 0, 0, 1, 0, 2, 2, 0, 1, 2, 0, 1, 2, 2, 0, 0, 1, 2, 1, 2, 1, 0, 2, 0, 1, 1, 0, 1, 1, 1, 0, 2, 1, 1, 0, 0, 0, 0, 1, 1, 2, 1, 2, 0, 0, 0, 2, 1, 0, 1, 2, 1, 2, 1, 1, 1, 1, 1, 1, 0, 1, 1, 0, 0, 0, 1, 0, 1, 0, 0, 1, 0, 1, 2, 0, 0, 0, 0, 2, 0, 1, 0, 0, 1, 2, 0]|[4, 3, 2, 2, 4, 1, 2, 2, 2, 4, 1, 1, 2, 4, 4, 1, 2, 4, 2, 1, 1, 1, 1, 2, 1, 2, 1, 1, 1, 1, 3, 2, 3, 0, 4, 0, 1, 1, 0, 3, 2, 2, 2, 0, 1, 1, 0, 4, 0, 1, 2, 2, 1, 4, 0, 3, 2, 1, 1, 2, 1, 3, 1, 1, 1, 3, 0, 4, 3, 1, 4, 1, 1, 0, 4, 4, 2, 1, 1, 3, 1, 3, 1, 1, 1, 1, 1, 1, 2, 1, 2, 2, 1, 2, 1, 2, 2, 3, 1, 1]|[0, 2, 1, 1, 3, 0, 1, 0, 0, 0, 0, 0, 1, 0, 1, 0, 1, 3, 1, 0, 0, 0, 3, 1, 0, 2, 0, 0, 0, 1, 0, 0, 0, 0, 3, 0, 1, 0, 0, 2, 1, 1, 1, 0, 0, 0, 0, 2, 1, 0, 0, 0, 1, 3, 0, 0, 1, 0, 0, 1, 0, 2, 0, 1, 0, 2, 1, 0, 0, 1, 1, 3, 1, 1, 3, 3, 1, 0, 0, 2, 0, 0, 0, 0, 1, 0, 2, 0, 1, 0, 1, 1, 0, 0, 1, 0, 0, 0, 0, 1],824.1531664905515,57504.66170409152,92407.54974943638,true
14,G1_CMAX,G1_CMAX,[31, 22, 82, 15, 26, 9, 95, 42, 77, 12, 47, 5, 93, 78, 86, 54, 6, 63, 18, 44, 20, 35, 43, 97, 91, 76, 10, 30, 21, 45, 71, 64, 1, 23, 17, 83, 24, 14, 60, 36, 85, 57, 40, 88, 65, 56, 79, 94, 67, 68, 46, 75, 38, 58, 19, 32, 81, 41, 62, 87, 28, 90, 99, 59, 11, 72, 16, 73, 70, 39, 37, 84, 3, 92, 25, 34, 29, 55, 51, 7, 98, 61, 66, 48, 89, 50, 4, 96, 53, 80, 8, 33, 27, 2, 52, 13, 0, 69, 74, 49]|[1, 1, 0, 1, 1, 0, 1, 2, 2, 1, 2, 2, 2, 1, 1, 0, 0, 1, 0, 2, 2, 0, 1, 2, 2, 1, 2, 2, 0, 0, 1, 1, 1, 2, 1, 0, 2, 0, 1, 1, 0, 1, 1, 1, 0, 2, 1, 1, 0, 0, 0, 0, 1, 1, 2, 1, 2, 0, 0, 2, 2, 1, 0, 1, 2, 2, 1, 1, 1, 1, 1, 1, 1, 0, 1, 2, 0, 2, 0, 1, 2, 1, 0, 0, 1, 0, 1, 2, 0, 0, 1, 2, 0, 0, 1, 0, 0, 1, 2, 0]|[0, 3, 2, 2, 4, 1, 2, 2, 2, 4, 1, 1, 2, 4, 4, 1, 2, 4, 2, 1, 1, 1, 1, 2, 1, 2, 1, 1, 1, 1, 3, 3, 3, 0, 4, 0, 1, 1, 0, 3, 2, 2, 2, 0, 1, 1, 0, 4, 0, 1, 2, 2, 1, 4, 0, 3, 2, 1, 2, 1, 1, 3, 1, 1, 1, 0, 3, 4, 3, 1, 4, 1, 1, 0, 4, 1, 1, 1, 1, 1, 1, 3, 1, 1, 1, 1, 4, 1, 2, 1, 3, 1, 2, 2, 1, 2, 2, 4, 1, 1]|[0, 2, 1, 1, 3, 0, 1, 0, 0, 0, 0, 0, 1, 0, 1, 0, 0, 3, 1, 0, 0, 0, 3, 1, 0, 2, 0, 0, 0, 1, 0, 0, 0, 0, 3, 0, 1, 0, 0, 2, 1, 1, 1, 0, 0, 0, 0, 2, 1, 0, 0, 0, 1, 3, 0, 0, 1, 0, 1, 0, 0, 2, 0, 1, 0, 1, 2, 0, 0, 1, 1, 3, 1, 1, 3, 0, 0, 0, 0, 2, 0, 0, 0, 0, 1, 0, 0, 0, 1, 0, 2, 0, 1, 0, 1, 0, 0, 2, 0, 1],740.1000024547002,57245.26292476342,97017.87740826326,false
14,G4_BALANCED,G4_BALANCED,[31, 22, 82, 15, 26, 9, 95, 42, 77, 68, 47, 5, 93, 78, 86, 54, 85, 63, 18, 44, 20, 49, 36, 14, 74, 50, 53, 17, 21, 28, 71, 64, 3, 23, 30, 83, 24, 41, 60, 52, 65, 27, 90, 70, 39, 87, 48, 69, 99, 4, 46, 1, 13, 58, 97, 59, 45, 8, 73, 37, 35, 79, 11, 66, 76, 32, 40, 80, 96, 6, 16, 61, 33, 7, 57, 34, 12, 67, 10, 98, 56, 88, 29, 19, 91, 38, 75, 92, 43, 84, 51, 62, 81, 25, 2, 55, 0, 94, 89, 72]|[2, 1, 2, 1, 1, 2, 1, 1, 1, 1, 1, 0, 2, 2, 1, 2, 0, 0, 0, 2, 2, 1, 0, 2, 0, 2, 2, 1, 0, 1, 1, 1, 0, 0, 1, 0, 2, 1, 2, 2, 0, 0, 1, 1, 0, 2, 0, 2, 1, 0, 0, 2, 0, 0, 2, 0, 1, 1, 0, 0, 2, 1, 0, 2, 2, 0, 2, 2, 0, 1, 2, 1, 1, 2, 0, 1, 1, 1, 1, 2, 2, 1, 1, 1, 1, 0, 0, 0, 1, 0, 1, 1, 1, 1, 2, 0, 0, 2, 1, 1]|[0, 3, 0, 3, 4, 1, 4, 4, 2, 4, 3, 2, 1, 0, 2, 1, 1, 1, 2, 1, 1, 3, 0, 1, 0, 1, 1, 4, 1, 4, 3, 2, 2, 0, 4, 1, 1, 4, 0, 1, 2, 1, 4, 4, 1, 1, 0, 2, 3, 1, 2, 1, 2, 1, 1, 2, 4, 3, 0, 2, 2, 3, 1, 0, 1, 2, 0, 1, 2, 4, 1, 3, 4, 1, 2, 4, 3, 3, 3, 1, 1, 4, 3, 4, 3, 2, 2, 2, 4, 2, 3, 3, 1, 4, 1, 2, 2, 1, 4, 4]|[0, 2, 0, 0, 3, 0, 1, 3, 0, 0, 2, 0, 1, 0, 1, 0, 0, 0, 1, 0, 0, 2, 0, 0, 1, 0, 0, 3, 0, 1, 0, 2, 0, 1, 3, 0, 1, 3, 1, 0, 0, 0, 1, 3, 0, 0, 1, 0, 2, 0, 0, 0, 0, 0, 1, 0, 1, 0, 1, 1, 0, 2, 0, 0, 0, 0, 0, 0, 0, 2, 0, 0, 1, 0, 0, 1, 0, 0, 3, 0, 0, 1, 0, 3, 0, 0, 0, 0, 2, 0, 0, 0, 1, 3, 0, 0, 0, 0, 1, 2],865.1415734391886,51684.89064757124,107227.383897728,false
14,G2_TEC,G4_BALANCED,[31, 22, 82, 15, 26, 9, 95, 42, 77, 68, 47, 5, 93, 78, 86, 54, 85, 63, 18, 44, 20, 49, 36, 14, 74, 50, 53, 17, 21, 28, 71, 64, 3, 23, 30, 83, 24, 41, 60, 52, 65, 27, 90, 70, 39, 87, 48, 69, 99, 4, 46, 1, 13, 58, 97, 59, 45, 8, 73, 37, 35, 79, 11, 66, 76, 32, 40, 80, 96, 6, 16, 61, 33, 7, 57, 34, 12, 67, 10, 98, 56, 88, 29, 25, 91, 38, 19, 92, 43, 84, 51, 72, 81, 75, 2, 89, 0, 94, 55, 62]|[2, 1, 2, 1, 1, 2, 1, 1, 1, 1, 1, 0, 2, 2, 1, 2, 0, 0, 0, 2, 2, 1, 0, 2, 0, 2, 2, 1, 0, 1, 1, 1, 0, 0, 1, 0, 2, 1, 2, 2, 0, 0, 1, 1, 0, 2, 0, 2, 1, 0, 0, 2, 0, 0, 2, 0, 1, 1, 0, 0, 2, 1, 0, 2, 2, 0, 2, 2, 0, 1, 2, 1, 1, 2, 0, 1, 1, 1, 1, 2, 2, 1, 1, 1, 1, 0, 1, 0, 0, 0, 1, 1, 1, 0, 2, 1, 0, 1, 0, 1]|[0, 3, 0, 3, 4, 1, 4, 4, 2, 4, 3, 2, 1, 0, 2, 1, 1, 1, 2, 1, 1, 3, 0, 1, 0, 1, 1, 4, 1, 4, 3, 2, 2, 0, 4, 1, 1, 4, 0, 1, 2, 1, 4, 4, 1, 1, 0, 2, 3, 1, 2, 1, 2, 1, 1, 2, 4, 3, 0, 2, 2, 3, 1, 0, 1, 2, 0, 1, 2, 4, 1, 3, 4, 1, 2, 4, 3, 3, 3, 1, 1, 4, 3, 4, 3, 2, 4, 2, 2, 2, 3, 4, 1, 2, 1, 4, 2, 4, 2, 3]|[0, 2, 0, 0, 3, 0, 1, 3, 0, 0, 2, 0, 1, 0, 1, 0, 0, 0, 1, 0, 0, 2, 0, 0, 1, 0, 0, 3, 0, 1, 0, 2, 0, 0, 3, 0, 1, 3, 1, 0, 0, 0, 1, 3, 0, 0, 1, 0, 2, 0, 0, 0, 0, 0, 1, 0, 1, 0, 1, 1, 0, 2, 0, 0, 0, 0, 0, 0, 0, 2, 0, 0, 1, 0, 0, 1, 0, 0, 3, 0, 0, 1, 0, 3, 0, 0, 3, 0, 0, 0, 0, 2, 1, 0, 0, 1, 0, 2, 0, 0],899.58947830753,51186.06775193036,109567.87718231812,true
14,G3_TWC,G1_CMAX,[31, 22, 82, 15, 26, 9, 95, 42, 77, 12, 47, 5, 93, 78, 86, 54, 6, 63, 18, 44, 20, 35, 43, 97, 91, 76, 10, 30, 21, 45, 64, 71, 1, 23, 17, 83, 24, 14, 60, 36, 85, 57, 40, 88, 65, 56, 79, 94, 39, 68, 46, 75, 38, 58, 19, 32, 81, 41, 27, 62, 87, 90, 99, 59, 11, 16, 72, 73, 70, 67, 37, 84, 3, 92, 25, 55, 28, 29, 51, 8, 66, 61, 98, 48, 89, 50, 7, 96, 53, 80, 4, 33, 34, 2, 52, 13, 0, 69, 74, 49]|[1, 1, 0, 1, 1, 0, 1, 2, 2, 1, 2, 2, 2, 1, 1, 0, 0, 1, 0, 2, 2, 0, 1, 2, 0, 1, 2, 2, 0, 0, 1, 2, 1, 2, 1, 0, 2, 0, 1, 1, 0, 1, 1, 1, 0, 2, 1, 1, 0, 0, 0, 0, 1, 1, 2, 1, 2, 0, 0, 0, 2, 1, 0, 1, 2, 1, 2, 1, 1, 1, 1, 1, 1, 0, 1, 1, 0, 0, 0, 1, 0, 1, 0, 0, 1, 0, 1, 2, 0, 0, 0, 0, 2, 0, 1, 0, 0, 1, 2, 0]|[4, 3, 2, 2, 4, 1, 2, 2, 2, 4, 1, 1, 2, 4, 4, 1, 2, 4, 2, 1, 1, 1, 1, 2, 1, 2, 1, 1, 1, 1, 3, 2, 3, 0, 4, 0, 1, 1, 0, 3, 2, 2, 2, 0, 1, 1, 0, 4, 0, 1, 2, 2, 1, 4, 0, 3, 2, 1, 1, 2, 1, 3, 1, 1, 1, 3, 0, 4, 3, 1, 4, 1, 1, 0, 4, 4, 2, 1, 1, 3, 1, 3, 1, 1, 1, 1, 1, 1, 2, 1, 2, 2, 1, 2, 1, 2, 2, 3, 1, 1]|[0, 2, 1, 1, 3, 0, 1, 0, 0, 0, 0, 0, 1, 0, 1, 0, 1, 3, 1, 0, 0, 0, 3, 1, 0, 2, 0, 0, 0, 1, 0, 0, 0, 0, 3, 0, 1, 0, 0, 2, 1, 1, 1, 0, 0, 0, 0, 2, 1, 0, 0, 0, 1, 3, 0, 0, 1, 0, 0, 1, 0, 2, 0, 1, 0, 2, 1, 0, 0, 1, 1, 3, 1, 1, 3, 3, 1, 0, 0, 2, 0, 0, 0, 0, 1, 0, 2, 0, 1, 0, 1, 1, 0, 0, 1, 0, 0, 0, 0, 1],824.1531664905515,57504.66170409152,92407.54974943638,true
14,G1_CMAX,G1_CMAX,[31, 22, 82, 15, 26, 9, 95, 42, 77, 12, 47, 5, 93, 78, 86, 54, 6, 63, 18, 44, 20, 35, 43, 97, 91, 76, 10, 30, 21, 45, 71, 64, 1, 23, 17, 83, 24, 14, 60, 36, 85, 57, 40, 88, 65, 56, 79, 94, 67, 68, 46, 75, 38, 58, 19, 32, 81, 41, 62, 87, 28, 90, 99, 59, 11, 72, 16, 73, 70, 39, 37, 84, 3, 92, 25, 34, 29, 55, 51, 7, 98, 61, 66, 48, 89, 50, 4, 96, 53, 80, 8, 33, 27, 2, 52, 13, 0, 69, 74, 49]|[1, 1, 0, 1, 1, 0, 1, 2, 2, 1, 2, 2, 2, 1, 1, 0, 0, 1, 0, 2, 2, 0, 1, 2, 2, 1, 2, 2, 0, 0, 1, 1, 1, 2, 1, 0, 2, 0, 1, 1, 0, 1, 1, 1, 0, 2, 1, 1, 0, 0, 0, 0, 1, 1, 2, 1, 2, 0, 0, 2, 2, 1, 0, 1, 2, 2, 1, 1, 1, 1, 1, 1, 1, 0, 1, 2, 0, 2, 0, 1, 2, 1, 0, 0, 1, 0, 1, 2, 0, 0, 1, 2, 0, 0, 1, 0, 0, 1, 2, 0]|[0, 3, 2, 2, 4, 1, 2, 2, 2, 4, 1, 1, 2, 4, 4, 1, 2, 4, 2, 1, 1, 1, 1, 2, 1, 2, 1, 1, 1, 1, 3, 3, 3, 0, 4, 0, 1, 1, 0, 3, 2, 2, 2, 0, 1, 1, 0, 4, 0, 1, 2, 2, 1, 4, 0, 3, 2, 1, 2, 1, 1, 3, 1, 1, 1, 0, 3, 4, 3, 1, 4, 1, 1, 0, 4, 1, 1, 1, 1, 1, 1, 3, 1, 1, 1, 1, 4, 1, 2, 1, 3, 1, 2, 2, 1, 2, 2, 4, 1, 1]|[0, 2, 1, 1, 3, 0, 1, 0, 0, 0, 0, 0, 1, 0, 1, 0, 0, 3, 1, 0, 0, 0, 3, 1, 0, 2, 0, 0, 0, 1, 0, 0, 0, 0, 3, 0, 1, 0, 0, 2, 1, 1, 1, 0, 0, 0, 0, 2, 1, 0, 0, 0, 1, 3, 0, 0, 1, 0, 1, 0, 0, 2, 0, 1, 0, 1, 2, 0, 0, 1, 1, 3, 1, 1, 3, 0, 0, 0, 0, 2, 0, 0, 0, 0, 1, 0, 0, 0, 1, 0, 2, 0, 1, 0, 1, 0, 0, 2, 0, 1],740.1000024547002,57245.26292476342,97017.87740826326,false
14,G4_BALANCED,G4_BALANCED,[31, 22, 82, 15, 26, 9, 95, 42, 77, 68, 47, 5, 93, 78, 86, 54, 85, 63, 18, 44, 20, 49, 36, 14, 74, 50, 53, 17, 21, 28, 71, 64, 3, 23, 30, 83, 24, 41, 60, 52, 65, 27, 90, 70, 39, 87, 48, 69, 99, 4, 46, 1, 13, 58, 97, 59, 45, 8, 73, 37, 35, 79, 11, 66, 76, 32, 40, 80, 96, 6, 16, 61, 33, 7, 57, 34, 12, 67, 10, 98, 56, 88, 29, 19, 91, 38, 75, 92, 43, 84, 51, 62, 81, 25, 2, 55, 0, 94, 89, 72]|[2, 1, 2, 1, 1, 2, 1, 1, 1, 1, 1, 0, 2, 2, 1, 2, 0, 0, 0, 2, 2, 1, 0, 2, 0, 2, 2, 1, 0, 1, 1, 1, 0, 0, 1, 0, 2, 1, 2, 2, 0, 0, 1, 1, 0, 2, 0, 2, 1, 0, 0, 2, 0, 0, 2, 0, 1, 1, 0, 0, 2, 1, 0, 2, 2, 0, 2, 2, 0, 1, 2, 1, 1, 2, 0, 1, 1, 1, 1, 2, 2, 1, 1, 1, 1, 0, 0, 0, 1, 0, 1, 1, 1, 1, 2, 0, 0, 2, 1, 1]|[0, 3, 0, 3, 4, 1, 4, 4, 2, 4, 3, 2, 1, 0, 2, 1, 1, 1, 2, 1, 1, 3, 0, 1, 0, 1, 1, 4, 1, 4, 3, 2, 2, 0, 4, 1, 1, 4, 0, 1, 2, 1, 4, 4, 1, 1, 0, 2, 3, 1, 2, 1, 2, 1, 1, 2, 4, 3, 0, 2, 2, 3, 1, 0, 1, 2, 0, 1, 2, 4, 1, 3, 4, 1, 2, 4, 3, 3, 3, 1, 1, 4, 3, 4, 3, 2, 2, 2, 4, 2, 3, 3, 1, 4, 1, 2, 2, 1, 4, 4]|[0, 2, 0, 0, 3, 0, 1, 3, 0, 0, 2, 0, 1, 0, 1, 0, 0, 0, 1, 0, 0, 2, 0, 0, 1, 0, 0, 3, 0, 1, 0, 2, 0, 1, 3, 0, 1, 3, 1, 0, 0, 0, 1, 3, 0, 0, 1, 0, 2, 0, 0, 0, 0, 0, 1, 0, 1, 0, 1, 1, 0, 2, 0, 0, 0, 0, 0, 0, 0, 2, 0, 0, 1, 0, 0, 1, 0, 0, 3, 0, 0, 1, 0, 3, 0, 0, 0, 0, 2, 0, 0, 0, 1, 3, 0, 0, 0, 0, 1, 2],865.1415734391886,51684.89064757124,107227.383897728,false
14,G2_TEC,G4_BALANCED,[31, 22, 82, 15, 26, 9, 95, 42, 77, 68, 47, 5, 93, 78, 86, 54, 85, 63, 18, 44, 20, 49, 36, 14, 74, 50, 53, 17, 21, 28, 71, 64, 3, 23, 30, 83, 24, 41, 60, 52, 65, 27, 90, 70, 39, 87, 48, 69, 99, 4, 46, 1, 13, 58, 97, 59, 11, 8, 73, 37, 35, 79, 33, 66, 76, 32, 40, 80, 96, 6, 16, 61, 45, 7, 57, 34, 12, 67, 10, 98, 56, 88, 29, 75, 91, 38, 19, 92, 43, 84, 51, 72, 81, 25, 2, 55, 0, 94, 89, 62]|[2, 1, 2, 1, 1, 2, 1, 1, 1, 2, 1, 0, 2, 2, 1, 2, 0, 0, 0, 2, 2, 1, 0, 2, 0, 2, 2, 1, 0, 1, 1, 1, 0, 0, 1, 0, 2, 1, 2, 2, 0, 0, 1, 1, 0, 2, 0, 2, 1, 0, 0, 2, 0, 0, 2, 0, 0, 1, 0, 0, 2, 1, 1, 2, 2, 0, 2, 2, 0, 1, 2, 1, 1, 2, 0, 1, 1, 1, 1, 2, 2, 1, 1, 0, 1, 0, 1, 0, 1, 0, 1, 1, 1, 1, 2, 0, 0, 2, 1, 1]|[0, 3, 0, 3, 4, 1, 4, 4, 2, 0, 3, 2, 1, 0, 2, 1, 1, 1, 2, 1, 1, 3, 0, 1, 0, 1, 1, 4, 1, 4, 3, 2, 2, 0, 4, 1, 1, 4, 0, 1, 2, 1, 4, 4, 1, 1, 0, 2, 3, 1, 2, 1, 2, 1, 1, 2, 1, 3, 0, 2, 2, 3, 4, 0, 1, 2, 0, 1, 2, 4, 1, 3, 4, 1, 2, 4, 3, 3, 3, 1, 1, 4, 3, 2, 3, 2, 4, 2, 4, 2, 3, 4, 1, 4, 1, 2, 2, 1, 4, 3]|[0, 2, 0, 0, 3, 0, 1, 3, 0, 0, 2, 0, 1, 0, 1, 0, 0, 0, 1, 0, 0, 2, 0, 0, 1, 0, 0, 3, 0, 1, 0, 2, 0, 1, 3, 0, 1, 3, 1, 0, 0, 0, 1, 3, 0, 0, 1, 0, 2, 0, 0, 0, 0, 0, 1, 0, 0, 0, 1, 1, 0, 2, 1, 0, 0, 0, 0, 0, 0, 2, 0, 0, 1, 0, 0, 1, 0, 0, 3, 0, 0, 1, 0, 0, 0, 0, 3, 0, 2, 0, 0, 2, 1, 3, 0, 0, 0, 0, 1, 0],848.7210464257236,52158.68351753062,106381.76141901733,true
14,G3_TWC,G1_CMAX,[31, 22, 82, 15, 26, 9, 95, 42, 77, 12, 47, 5, 93, 78, 86, 54, 6, 63, 18, 44, 20, 35, 43, 97, 91, 76, 10, 30, 21, 45, 64, 71, 1, 23, 17, 83, 24, 14, 60, 36, 85, 57, 40, 88, 65, 56, 79, 94, 39, 68, 46, 75, 38, 58, 19, 32, 81, 41, 27, 62, 87, 90, 99, 59, 11, 16, 72, 73, 70, 67, 37, 84, 3, 92, 25, 55, 28, 29, 51, 8, 66, 61, 98, 48, 89, 50, 7, 96, 53, 80, 4, 33, 34, 2, 52, 13, 0, 69, 74, 49]|[1, 1, 0, 1, 1, 0, 1, 2, 2, 1, 2, 2, 2, 1, 1, 0, 0, 1, 0, 2, 2, 0, 1, 2, 0, 1, 2, 2, 0, 0, 1, 2, 1, 2, 1, 0, 2, 0, 1, 1, 0, 1, 1, 1, 0, 2, 1, 1, 0, 0, 0, 0, 1, 1, 2, 1, 2, 0, 0, 0, 2, 1, 0, 1, 2, 1, 2, 1, 1, 1, 1, 1, 1, 0, 1, 1, 0, 0, 0, 1, 0, 1, 0, 0, 1, 0, 1, 2, 0, 0, 0, 0, 2, 0, 1, 0, 0, 1, 2, 0]|[4, 3, 2, 2, 4, 1, 2, 2, 2, 4, 1, 1, 2, 4, 4, 1, 2, 4, 2, 1, 1, 1, 1, 2, 1, 2, 1, 1, 1, 1, 3, 2, 3, 0, 4, 0, 1, 1, 0, 3, 2, 2, 2, 0, 1, 1, 0, 4, 0, 1, 2, 2, 1, 4, 0, 3, 2, 1, 1, 2, 1, 3, 1, 1, 1, 3, 0, 4, 3, 1, 4, 1, 1, 0, 4, 4, 2, 1, 1, 3, 1, 3, 1, 1, 1, 1, 1, 1, 2, 1, 2, 2, 1, 2, 1, 2, 2, 3, 1, 1]|[0, 2, 1, 1, 3, 0, 1, 0, 0, 0, 0, 0, 1, 0, 1, 0, 1, 3, 1, 0, 0, 0, 3, 1, 0, 2, 0, 0, 0, 1, 0, 0, 0, 0, 3, 0, 1, 0, 0, 2, 1, 1, 1, 0, 0, 0, 0, 2, 1, 0, 0, 0, 1, 3, 0, 0, 1, 0, 0, 1, 0, 2, 0, 1, 0, 2, 1, 0, 0, 1, 1, 3, 1, 1, 3, 3, 1, 0, 0, 2, 0, 0, 0, 0, 1, 0, 2, 0, 1, 0, 1, 1, 0, 0, 1, 0, 0, 0, 0, 1],824.1531664905515,57504.66170409152,92407.54974943638,true
14,G1_CMAX,G1_CMAX,[31, 22, 82, 15, 26, 9, 95, 42, 77, 12, 47, 5, 93, 78, 86, 54, 6, 63, 18, 44, 20, 35, 43, 97, 91, 76, 10, 30, 21, 45, 71, 64, 1, 23, 17, 83, 24, 14, 60, 36, 85, 57, 40, 88, 65, 56, 79, 94, 67, 68, 46, 75, 38, 58, 19, 32, 81, 41, 62, 87, 28, 90, 99, 59, 11, 72, 16, 73, 70, 39, 37, 84, 3, 92, 25, 34, 29, 55, 51, 7, 98, 61, 66, 48, 89, 50, 4, 96, 53, 80, 8, 33, 27, 2, 52, 13, 0, 69, 74, 49]|[1, 1, 0, 1, 1, 0, 1, 2, 2, 1, 2, 2, 2, 1, 1, 0, 0, 1, 0, 2, 2, 0, 1, 2, 2, 1, 2, 2, 0, 0, 1, 1, 1, 2, 1, 0, 2, 0, 1, 1, 0, 1, 1, 1, 0, 2, 1, 1, 0, 0, 0, 0, 1, 1, 2, 1, 2, 0, 0, 2, 2, 1, 0, 1, 2, 2, 1, 1, 1, 1, 1, 1, 1, 0, 1, 2, 0, 2, 0, 1, 2, 1, 0, 0, 1, 0, 1, 2, 0, 0, 1, 2, 0, 0, 1, 0, 0, 1, 2, 0]|[0, 3, 2, 2, 4, 1, 2, 2, 2, 4, 1, 1, 2, 4, 4, 1, 2, 4, 2, 1, 1, 1, 1, 2, 1, 2, 1, 1, 1, 1, 3, 3, 3, 0, 4, 0, 1, 1, 0, 3, 2, 2, 2, 0, 1, 1, 0, 4, 0, 1, 2, 2, 1, 4, 0, 3, 2, 1, 2, 1, 1, 3, 1, 1, 1, 0, 3, 4, 3, 1, 4, 1, 1, 0, 4, 1, 1, 1, 1, 1, 1, 3, 1, 1, 1, 1, 4, 1, 2, 1, 3, 1, 2, 2, 1, 2, 2, 4, 1, 1]|[0, 2, 1, 1, 3, 0, 1, 0, 0, 0, 0, 0, 1, 0, 1, 0, 0, 3, 1, 0, 0, 0, 3, 1, 0, 2, 0, 0, 0, 1, 0, 0, 0, 0, 3, 0, 1, 0, 0, 2, 1, 1, 1, 0, 0, 0, 0, 2, 1, 0, 0, 0, 1, 3, 0, 0, 1, 0, 1, 0, 0, 2, 0, 1, 0, 1, 2, 0, 0, 1, 1, 3, 1, 1, 3, 0, 0, 0, 0, 2, 0, 0, 0, 0, 1, 0, 0, 0, 1, 0, 2, 0, 1, 0, 1, 0, 0, 2, 0, 1],740.1000024547002,57245.26292476342,97017.87740826326,false
14,G4_BALANCED,G4_BALANCED,[31, 22, 82, 15, 26, 9, 95, 42, 77, 68, 47, 5, 93, 78, 86, 54, 85, 63, 18, 44, 20, 49, 36, 14, 74, 50, 53, 17, 21, 28, 71, 64, 3, 23, 30, 83, 24, 41, 60, 52, 65, 27, 90, 70, 39, 87, 48, 69, 99, 4, 46, 1, 13, 58, 97, 59, 45, 8, 73, 37, 35, 79, 11, 66, 76, 32, 40, 80, 96, 6, 16, 61, 33, 7, 57, 34, 12, 67, 72, 98, 56, 84, 29, 75, 91, 38, 19, 92, 43, 88, 51, 10, 81, 25, 2, 55, 0, 94, 89, 62]|[2, 1, 2, 1, 1, 2, 1, 1, 1, 1, 1, 0, 2, 2, 1, 2, 0, 0, 0, 2, 2, 1, 0, 2, 0, 2, 2, 1, 0, 1, 1, 1, 0, 0, 1, 0, 2, 1, 2, 2, 0, 0, 1, 1, 0, 2, 0, 2, 1, 0, 0, 2, 0, 0, 2, 0, 1, 1, 0, 0, 2, 1, 0, 2, 2, 0, 2, 2, 0, 1, 2, 1, 1, 2, 0, 1, 1, 1, 1, 2, 2, 0, 1, 0, 1, 0, 1, 0, 0, 1, 1, 1, 1, 1, 2, 0, 0, 2, 1, 1]|[0, 3, 0, 3, 4, 1, 4, 4, 2, 4, 3, 2, 1, 0, 2, 1, 1, 1, 2, 1, 1, 3, 0, 1, 0, 1, 1, 4, 1, 4, 3, 2, 2, 0, 4, 1, 1, 4, 0, 1, 2, 1, 4, 4, 1, 1, 0, 2, 3, 1, 2, 1, 2, 1, 1, 2, 4, 3, 0, 2, 2, 3, 1, 0, 1, 2, 0, 1, 2, 4, 1, 3, 4, 1, 2, 4, 3, 3, 3, 1, 1, 2, 3, 2, 3, 2, 4, 2, 2, 4, 3, 4, 1, 4, 1, 2, 2, 1, 4, 3]|[0, 2, 0, 0, 3, 0, 1, 3, 0, 0, 2, 0, 1, 0, 1, 0, 0, 0, 1, 0, 0, 2, 0, 0, 1, 0, 0, 3, 0, 1, 0, 2, 0, 1, 3, 0, 1, 3, 1, 0, 0, 0, 1, 3, 0, 0, 1, 0, 2, 0, 0, 0, 0, 0, 1, 0, 1, 0, 1, 1, 0, 2, 0, 0, 0, 0, 0, 0, 0, 2, 0, 0, 1, 0, 0, 1, 0, 0, 3, 0, 0, 0, 0, 0, 0, 0, 3, 0, 0, 1, 0, 2, 1, 3, 0, 0, 0, 0, 1, 0],858.852868558333,51640.656144170964,106985.50848652382,false
14,G2_TEC,G4_BALANCED,[31, 22, 82, 15, 26, 9, 95, 42, 77, 68, 47, 5, 93, 78, 86, 54, 85, 63, 18, 44, 20, 49, 36, 14, 74, 50, 53, 17, 21, 28, 71, 64, 3, 23, 30, 83, 24, 41, 60, 52, 65, 27, 90, 70, 39, 87, 48, 69, 99, 4, 46, 1, 13, 58, 97, 59, 45, 8, 73, 37, 35, 79, 11, 66, 76, 32, 40, 80, 96, 6, 16, 61, 33, 7, 57, 34, 12, 67, 10, 98, 56, 88, 29, 25, 91, 38, 19, 92, 43, 84, 51, 72, 81, 75, 2, 89, 0, 94, 55, 62]|[2, 1, 2, 1, 1, 2, 1, 1, 1, 1, 1, 0, 2, 2, 1, 2, 0, 0, 0, 2, 2, 1, 0, 2, 0, 2, 2, 1, 0, 1, 1, 1, 0, 0, 1, 0, 2, 1, 2, 2, 0, 0, 1, 1, 0, 2, 0, 2, 1, 0, 0, 2, 0, 0, 2, 0, 1, 1, 0, 0, 2, 1, 0, 2, 2, 0, 2, 2, 0, 1, 2, 1, 1, 2, 0, 1, 1, 1, 1, 2, 2, 1, 1, 1, 1, 0, 1, 0, 0, 0, 1, 1, 1, 0, 2, 1, 0, 1, 0, 1]|[0, 3, 0, 3, 4, 1, 4, 4, 2, 4, 3, 2, 1, 0, 2, 1, 1, 1, 2, 1, 1, 3, 0, 1, 0, 1, 1, 4, 1, 4, 3, 2, 2, 0, 4, 1, 1, 4, 0, 1, 2, 1, 4, 4, 1, 1, 0, 2, 3, 1, 2, 1, 2, 1, 1, 2, 4, 3, 0, 2, 2, 3, 1, 0, 1, 2, 0, 1, 2, 4, 1, 3, 4, 1, 2, 4, 3, 3, 3, 1, 1, 4, 3, 4, 3, 2, 4, 2, 2, 2, 3, 4, 1, 2, 1, 4, 2, 4, 2, 3]|[0, 2, 0, 0, 3, 0, 1, 3, 0, 0, 2, 0, 1, 0, 1, 0, 0, 0, 1, 0, 0, 2, 0, 0, 1, 0, 0, 3, 0, 1, 0, 2, 0, 0, 3, 0, 1, 3, 1, 0, 0, 0, 1, 3, 0, 0, 1, 0, 2, 0, 0, 0, 0, 0, 1, 0, 1, 0, 1, 1, 0, 2, 0, 0, 0, 0, 0, 0, 0, 2, 0, 0, 1, 0, 0, 1, 0, 0, 3, 0, 0, 1, 0, 3, 0, 0, 3, 0, 0, 0, 0, 2, 1, 0, 0, 1, 0, 2, 0, 0],899.58947830753,51186.06775193036,109567.87718231812,true
14,G3_TWC,G1_CMAX,[31, 22, 82, 15, 26, 9, 95, 42, 77, 12, 47, 5, 93, 78, 86, 54, 6, 63, 18, 44, 20, 35, 43, 97, 91, 76, 10, 30, 21, 45, 64, 71, 1, 23, 17, 83, 24, 14, 60, 36, 85, 57, 40, 88, 65, 56, 79, 94, 39, 68, 46, 75, 38, 58, 19, 32, 81, 41, 27, 62, 87, 90, 99, 59, 11, 16, 72, 73, 70, 67, 37, 84, 3, 92, 25, 55, 28, 29, 51, 8, 66, 61, 98, 48, 89, 50, 7, 96, 53, 80, 4, 33, 34, 2, 52, 13, 0, 69, 74, 49]|[1, 1, 0, 1, 1, 0, 1, 2, 2, 1, 2, 2, 2, 1, 1, 0, 0, 1, 0, 2, 2, 0, 1, 2, 0, 1, 2, 2, 0, 0, 1, 2, 1, 2, 1, 0, 2, 0, 1, 1, 0, 1, 1, 1, 0, 2, 1, 1, 0, 0, 0, 0, 1, 1, 2, 1, 2, 0, 0, 0, 2, 1, 0, 1, 2, 1, 2, 1, 1, 1, 1, 1, 1, 0, 1, 1, 0, 0, 0, 1, 0, 1, 0, 0, 1, 0, 1, 2, 0, 0, 0, 0, 2, 0, 1, 0, 0, 1, 2, 0]|[4, 3, 2, 2, 4, 1, 2, 2, 2, 4, 1, 1, 2, 4, 4, 1, 2, 4, 2, 1, 1, 1, 1, 2, 1, 2, 1, 1, 1, 1, 3, 2, 3, 0, 4, 0, 1, 1, 0, 3, 2, 2, 2, 0, 1, 1, 0, 4, 0, 1, 2, 2, 1, 4, 0, 3, 2, 1, 1, 2, 1, 3, 1, 1, 1, 3, 0, 4, 3, 1, 4, 1, 1, 0, 4, 4, 2, 1, 1, 3, 1, 3, 1, 1, 1, 1, 1, 1, 2, 1, 2, 2, 1, 2, 1, 2, 2, 3, 1, 1]|[0, 2, 1, 1, 3, 0, 1, 0, 0, 0, 0, 0, 1, 0, 1, 0, 1, 3, 1, 0, 0, 0, 3, 1, 0, 2, 0, 0, 0, 1, 0, 0, 0, 0, 3, 0, 1, 0, 0, 2, 1, 1, 1, 0, 0, 0, 0, 2, 1, 0, 0, 0, 1, 3, 0, 0, 1, 0, 0, 1, 0, 2, 0, 1, 0, 2, 1, 0, 0, 1, 1, 3, 1, 1, 3, 3, 1, 0, 0, 2, 0, 0, 0, 0, 1, 0, 2, 0, 1, 0, 1, 1, 0, 0, 1, 0, 0, 0, 0, 1],824.1531664905515,57504.66170409152,92407.54974943638,true
14,G1_CMAX,G1_CMAX,[31, 22, 82, 15, 26, 54, 95, 42, 77, 12, 47, 5, 93, 78, 86, 58, 85, 63, 18, 44, 20, 35, 43, 97, 91, 76, 10, 30, 41, 45, 71, 1, 64, 23, 17, 83, 24, 14, 60, 36, 6, 57, 40, 88, 65, 56, 79, 94, 67, 68, 46, 75, 38, 9, 19, 32, 81, 21, 62, 87, 27, 90, 99, 59, 11, 72, 16, 73, 70, 39, 37, 84, 3, 92, 25, 34, 29, 55, 51, 7, 98, 61, 66, 48, 89, 50, 4, 96, 53, 80, 8, 33, 28, 2, 52, 13, 0, 69, 74, 49]|[1, 1, 0, 1, 1, 0, 1, 2, 2, 1, 2, 2, 2, 1, 1, 0, 0, 1, 0, 2, 2, 0, 1, 2, 0, 1, 2, 2, 0, 0, 1, 1, 2, 2, 1, 0, 2, 0, 1, 1, 0, 1, 1, 1, 0, 2, 1, 1, 0, 0, 0, 0, 1, 1, 2, 1, 2, 0, 0, 2, 2, 1, 0, 1, 2, 1, 1, 1, 1, 1, 1, 1, 1, 0, 1, 2, 0, 2, 0, 1, 2, 1, 0, 0, 1, 0, 1, 2, 0, 0, 1, 2, 0, 0, 1, 0, 0, 1, 2, 0]|[4, 3, 2, 2, 4, 1, 2, 2, 2, 4, 1, 1, 2, 4, 4, 1, 2, 4, 2, 1, 1, 1, 1, 2, 1, 2, 1, 1, 1, 1, 3, 3, 2, 1, 4, 0, 1, 1, 0, 3, 2, 2, 2, 0, 1, 1, 0, 4, 0, 1, 2, 2, 1, 4, 0, 3, 2, 1, 2, 1, 1, 3, 1, 1, 1, 3, 3, 4, 3, 1, 4, 1, 1, 0, 4, 1, 1, 1, 1, 1, 1, 3, 1, 1, 1, 1, 4, 1, 2, 1, 3, 1, 2, 2, 1, 2, 2, 4, 1, 1]|[0, 2, 1, 1, 3, 0, 1, 0, 0, 0, 0, 0, 1, 0, 1, 0, 0, 3, 1, 0, 0, 0, 3, 1, 0, 2, 0, 0, 0, 1, 0, 0, 0, 0, 3, 0, 1, 0, 0, 2, 1, 1, 1, 0, 0, 0, 0, 2, 1, 0, 0, 0, 1, 3, 0, 0, 1, 0, 1, 0, 0, 2, 0, 1, 0, 2, 2, 0, 0, 1, 1, 3, 1, 1, 3, 0, 0, 0, 0, 2, 0, 0, 0, 0, 1, 0, 0, 0, 1, 0, 2, 0, 1, 0, 1, 0, 0, 2, 0, 1],760.3065291037643,56266.47575797865,96719.15307544428,false
14,G4_BALANCED,G4_BALANCED,[31, 22, 82, 15, 26, 9, 95, 42, 77, 68, 47, 5, 93, 78, 86, 54, 85, 63, 18, 44, 20, 49, 36, 14, 74, 50, 53, 17, 21, 28, 71, 64, 3, 23, 30, 83, 24, 41, 60, 52, 65, 27, 90, 70, 39, 87, 48, 69, 99, 4, 46, 1, 13, 58, 97, 59, 45, 8, 73, 37, 35, 79, 11, 66, 76, 32, 40, 80, 96, 6, 16, 61, 33, 7, 57, 34, 12, 67, 72, 98, 56, 84, 29, 75, 91, 38, 19, 92, 43, 88, 51, 10, 81, 25, 2, 55, 0, 94, 89, 62]|[2, 1, 2, 1, 1, 2, 1, 1, 1, 1, 1, 0, 2, 2, 1, 2, 0, 0, 0, 2, 2, 1, 0, 2, 0, 2, 2, 1, 0, 1, 1, 1, 0, 0, 1, 0, 2, 1, 2, 2, 0, 0, 1, 1, 0, 2, 0, 2, 1, 0, 0, 2, 0, 0, 2, 0, 1, 1, 0, 0, 2, 1, 0, 2, 2, 0, 2, 2, 0, 1, 2, 1, 1, 2, 0, 1, 1, 1, 1, 2, 2, 0, 1, 0, 1, 0, 1, 0, 0, 1, 1, 1, 1, 1, 2, 0, 0, 2, 1, 1]|[0, 3, 0, 3, 4, 1, 4, 4, 2, 4, 3, 2, 1, 0, 2, 1, 1, 1, 2, 1, 1, 3, 0, 1, 0, 1, 1, 4, 1, 4, 3, 2, 2, 0, 4, 1, 1, 4, 0, 1, 2, 1, 4, 4, 1, 1, 0, 2, 3, 1, 2, 1, 2, 1, 1, 2, 4, 3, 0, 2, 2, 3, 1, 0, 1, 2, 0, 1, 2, 4, 1, 3, 4, 1, 2, 4, 3, 3, 3, 1, 1, 2, 3, 2, 3, 2, 4, 2, 2, 4, 3, 4, 1, 4, 1, 2, 2, 1, 4, 3]|[0, 2, 0, 0, 3, 0, 1, 3, 0, 0, 2, 0, 1, 0, 1, 0, 0, 0, 1, 0, 0, 2, 0, 0, 1, 0, 0, 3, 0, 1, 0, 2, 0, 1, 3, 0, 1, 3, 1, 0, 0, 0, 1, 3, 0, 0, 1, 0, 2, 0, 0, 0, 0, 0, 1, 0, 1, 0, 1, 1, 0, 2, 0, 0, 0, 0, 0, 0, 0, 2, 0, 0, 1, 0, 0, 1, 0, 0, 3, 0, 0, 0, 0, 0, 0, 0, 3, 0, 0, 1, 0, 2, 1, 3, 0, 0, 0, 0, 1, 0],858.852868558333,51640.656144170964,106985.50848652382,false
14,G2_TEC,G4_BALANCED,[31, 22, 82, 15, 26, 9, 95, 42, 77, 68, 47, 5, 93, 78, 86, 54, 85, 63, 18, 44, 20, 49, 36, 14, 74, 50, 53, 17, 21, 28, 71, 64, 3, 23, 30, 83, 24, 41, 60, 52, 65, 27, 90, 70, 39, 87, 48, 69, 99, 4, 46, 1, 13, 58, 97, 59, 45, 8, 73, 37, 35, 79, 11, 66, 76, 32, 40, 80, 96, 6, 16, 61, 33, 7, 57, 34, 12, 67, 10, 98, 56, 88, 29, 25, 91, 38, 19, 92, 43, 84, 51, 72, 81, 75, 2, 89, 0, 94, 55, 62]|[2, 1, 2, 1, 1, 2, 1, 1, 1, 1, 1, 0, 2, 2, 1, 2, 0, 0, 0, 2, 2, 1, 0, 2, 0, 2, 2, 1, 0, 1, 1, 1, 0, 0, 1, 0, 2, 1, 2, 2, 0, 0, 1, 1, 0, 2, 0, 2, 1, 0, 0, 2, 0, 0, 2, 0, 1, 1, 0, 0, 2, 1, 0, 2, 2, 0, 2, 2, 0, 1, 2, 1, 1, 2, 0, 1, 1, 1, 1, 2, 2, 1, 1, 1, 1, 0, 1, 0, 0, 0, 1, 1, 1, 0, 2, 1, 0, 1, 0, 1]|[0, 3, 0, 3, 4, 1, 4, 4, 2, 4, 3, 2, 1, 0, 2, 1, 1, 1, 2, 1, 1, 3, 0, 1, 0, 1, 1, 4, 1, 4, 3, 2, 2, 0, 4, 1, 1, 4, 0, 1, 2, 1, 4, 4, 1, 1, 0, 2, 3, 1, 2, 1, 2, 1, 1, 2, 4, 3, 0, 2, 2, 3, 1, 0, 1, 2, 0, 1, 2, 4, 1, 3, 4, 1, 2, 4, 3, 3, 3, 1, 1, 4, 3, 4, 3, 2, 4, 2, 2, 2, 3, 4, 1, 2, 1, 4, 2, 4, 2, 3]|[0, 2, 0, 0, 3, 0, 1, 3, 0, 0, 2, 0, 1, 0, 1, 0, 0, 0, 1, 0, 0, 2, 0, 0, 1, 0, 0, 3, 0, 1, 0, 2, 0, 0, 3, 0, 1, 3, 1, 0, 0, 0, 1, 3, 0, 0, 1, 0, 2, 0, 0, 0, 0, 0, 1, 0, 1, 0, 1, 1, 0, 2, 0, 0, 0, 0, 0, 0, 0, 2, 0, 0, 1, 0, 0, 1, 0, 0, 3, 0, 0, 1, 0, 3, 0, 0, 3, 0, 0, 0, 0, 2, 1, 0, 0, 1, 0, 2, 0, 0],899.58947830753,51186.06775193036,109567.87718231812,true
14,G3_TWC,G1_CMAX,[31, 22, 82, 15, 26, 9, 95, 42, 77, 12, 47, 5, 93, 78, 86, 54, 6, 63, 18, 44, 20, 35, 43, 97, 91, 76, 10, 30, 21, 45, 64, 71, 1, 23, 17, 83, 24, 14, 60, 36, 85, 57, 40, 88, 65, 56, 79, 94, 39, 68, 46, 75, 38, 58, 19, 32, 81, 41, 27, 62, 87, 90, 99, 59, 11, 16, 72, 73, 70, 67, 37, 84, 3, 92, 25, 55, 28, 29, 51, 8, 66, 61, 98, 48, 89, 50, 7, 96, 53, 80, 4, 33, 34, 2, 52, 13, 0, 69, 74, 49]|[1, 1, 0, 1, 1, 0, 1, 2, 2, 1, 2, 2, 2, 1, 1, 0, 0, 1, 0, 2, 2, 0, 1, 2, 0, 1, 2, 2, 0, 0, 1, 2, 1, 2, 1, 0, 2, 0, 1, 1, 0, 1, 1, 1, 0, 2, 1, 1, 0, 0, 0, 0, 1, 1, 2, 1, 2, 0, 0, 0, 2, 1, 0, 1, 2, 1, 2, 1, 1, 1, 1, 1, 1, 0, 1, 1, 0, 0, 0, 1, 0, 1, 0, 0, 1, 0, 1, 2, 0, 0, 0, 0, 2, 0, 1, 0, 0, 1, 2, 0]|[4, 3, 2, 2, 4, 1, 2, 2, 2, 4, 1, 1, 2, 4, 4, 1, 2, 4, 2, 1, 1, 1, 1, 2, 1, 2, 1, 1, 1, 1, 3, 2, 3, 0, 4, 0, 1, 1, 0, 3, 2, 2, 2, 0, 1, 1, 0, 4, 0, 1, 2, 2, 1, 4, 0, 3, 2, 1, 1, 2, 1, 3, 1, 1, 1, 3, 0, 4, 3, 1, 4, 1, 1, 0, 4, 4, 2, 1, 1, 3, 1, 3, 1, 1, 1, 1, 1, 1, 2, 1, 2, 2, 1, 2, 1, 2, 2, 3, 1, 1]|[0, 2, 1, 1, 3, 0, 1, 0, 0, 0, 0, 0, 1, 0, 1, 0, 1, 3, 1, 0, 0, 0, 3, 1, 0, 2, 0, 0, 0, 1, 0, 0, 0, 0, 3, 0, 1, 0, 0, 2, 1, 1, 1, 0, 0, 0, 0, 2, 1, 0, 0, 0, 1, 3, 0, 0, 1, 0, 0, 1, 0, 2, 0, 1, 0, 2, 1, 0, 0, 1, 1, 3, 1, 1, 3, 3, 1, 0, 0, 2, 0, 0, 0, 0, 1, 0, 2, 0, 1, 0, 1, 1, 0, 0, 1, 0, 0, 0, 0, 1],824.1531664905515,57504.66170409152,92407.54974943638,true
14,G1_CMAX,G1_CMAX,[31, 22, 82, 15, 26, 54, 95, 42, 77, 12, 47, 5, 93, 78, 86, 58, 85, 63, 18, 44, 20, 35, 43, 97, 91, 76, 10, 30, 41, 45, 71, 1, 64, 23, 17, 83, 24, 14, 60, 36, 6, 57, 40, 88, 65, 56, 79, 94, 67, 68, 46, 75, 38, 9, 19, 32, 81, 21, 62, 87, 27, 90, 99, 59, 11, 72, 16, 73, 70, 39, 37, 84, 3, 92, 25, 34, 29, 55, 51, 7, 98, 61, 66, 48, 89, 50, 4, 96, 53, 80, 8, 33, 28, 2, 52, 13, 0, 69, 74, 49]|[1, 1, 0, 1, 1, 0, 1, 2, 2, 1, 2, 2, 2, 1, 1, 0, 0, 1, 0, 2, 2, 0, 1, 2, 0, 1, 2, 2, 0, 0, 1, 1, 2, 2, 1, 0, 2, 0, 1, 1, 0, 1, 1, 1, 0, 2, 1, 1, 0, 0, 0, 0, 1, 1, 2, 1, 2, 0, 0, 2, 2, 1, 0, 1, 2, 1, 1, 1, 1, 1, 1, 1, 1, 0, 1, 2, 0, 2, 0, 1, 2, 1, 0, 0, 1, 0, 1, 2, 0, 0, 1, 2, 0, 0, 1, 0, 0, 1, 2, 0]|[4, 3, 2, 2, 4, 1, 2, 2, 2, 4, 1, 1, 2, 4, 4, 1, 2, 4, 2, 1, 1, 1, 1, 2, 1, 2, 1, 1, 1, 1, 3, 3, 2, 1, 4, 0, 1, 1, 0, 3, 2, 2, 2, 0, 1, 1, 0, 4, 0, 1, 2, 2, 1, 4, 0, 3, 2, 1, 2, 1, 1, 3, 1, 1, 1, 3, 3, 4, 3, 1, 4, 1, 1, 0, 4, 1, 1, 1, 1, 1, 1, 3, 1, 1, 1, 1, 4, 1, 2, 1, 3, 1, 2, 2, 1, 2, 2, 4, 1, 1]|[0, 2, 1, 1, 3, 0, 1, 0, 0, 0, 0, 0, 1, 0, 1, 0, 0, 3, 1, 0, 0, 0, 3, 1, 0, 2, 0, 0, 0, 1, 0, 0, 0, 0, 3, 0, 1, 0, 0, 2, 1, 1, 1, 0, 0, 0, 0, 2, 1, 0, 0, 0, 1, 3, 0, 0, 1, 0, 1, 0, 0, 2, 0, 1, 0, 2, 2, 0, 0, 1, 1, 3, 1, 1, 3, 0, 0, 0, 0, 2, 0, 0, 0, 0, 1, 0, 0, 0, 1, 0, 2, 0, 1, 0, 1, 0, 0, 2, 0, 1],760.3065291037643,56266.47575797865,96719.15307544428,false
14,G4_BALANCED,G3_TWC,[31, 22, 82, 15, 26, 9, 95, 42, 77, 12, 47, 5, 93, 78, 86, 54, 85, 63, 18, 44, 20, 35, 43, 97, 91, 76, 10, 30, 21, 45, 71, 64, 1, 23, 17, 83, 24, 14, 60, 36, 41, 57, 40, 88, 65, 56, 6, 79, 94, 67, 68, 46, 75, 38, 58, 19, 32, 81, 96, 27, 62, 90, 99, 59, 11, 16, 72, 73, 69, 28, 37, 84, 3, 92, 25, 55, 39, 29, 51, 7, 66, 70, 98, 33, 89, 50, 48, 87, 80, 53, 8, 4, 34, 2, 52, 49, 0, 61, 74, 13]|[1, 1, 0, 1, 1, 0, 1, 2, 2, 2, 2, 2, 2, 2, 2, 0, 0, 0, 1, 2, 2, 0, 0, 2, 0, 0, 2, 2, 2, 0, 1, 2, 1, 1, 1, 0, 0, 0, 1, 1, 0, 1, 1, 1, 0, 2, 0, 1, 1, 0, 0, 0, 0, 1, 1, 2, 1, 2, 0, 0, 0, 1, 0, 1, 2, 1, 2, 1, 1, 1, 1, 1, 1, 0, 1, 1, 0, 0, 0, 1, 2, 1, 2, 0, 1, 0, 0, 0, 0, 0, 1, 0, 2, 0, 1, 0, 0, 1, 2, 0]|[4, 3, 2, 2, 4, 1, 2, 2, 2, 2, 1, 1, 2, 2, 1, 1, 2, 2, 4, 1, 1, 1, 1, 2, 1, 1, 1, 1, 1, 1, 3, 2, 3, 3, 4, 0, 0, 1, 0, 3, 2, 2, 2, 2, 1, 1, 1, 0, 4, 0, 1, 2, 2, 1, 4, 0, 3, 2, 1, 1, 2, 3, 1, 1, 1, 3, 0, 4, 3, 1, 4, 1, 1, 0, 4, 4, 2, 1, 1, 1, 1, 3, 1, 2, 1, 1, 1, 1, 1, 2, 3, 2, 1, 2, 1, 1, 2, 3, 1, 2]|[0, 2, 1, 1, 3, 0, 1, 0, 0, 0, 0, 0, 1, 1, 0, 0, 0, 0, 3, 0, 0, 0, 0, 1, 0, 0, 0, 0, 0, 1, 0, 0, 0, 0, 3, 0, 0, 0, 0, 2, 1, 1, 1, 1, 0, 0, 0, 0, 2, 1, 0, 0, 0, 1, 3, 0, 0, 1, 0, 0, 1, 2, 0, 1, 0, 2, 1, 0, 0, 1, 1, 3, 1, 1, 3, 3, 1, 0, 0, 2, 0, 0, 0, 1, 1, 0, 0, 0, 0, 1, 2, 1, 0, 0, 1, 1, 0, 0, 0, 0],890.4143580255544,56989.99065408122,91884.80029046525,true
14,G2_TEC,G4_BALANCED,[31, 22, 82, 15, 26, 9, 95, 42, 77, 68, 47, 5, 93, 78, 86, 54, 85, 63, 18, 44, 20, 49, 36, 14, 74, 50, 53, 17, 21, 28, 71, 64, 3, 23, 30, 83, 24, 41, 60, 52, 65, 27, 90, 70, 39, 87, 48, 69, 99, 4, 46, 1, 13, 58, 97, 59, 45, 8, 73, 37, 35, 79, 11, 66, 76, 32, 40, 80, 96, 6, 16, 61, 33, 7, 57, 34, 12, 67, 10, 98, 56, 88, 29, 25, 91, 38, 19, 92, 43, 84, 51, 72, 81, 75, 2, 89, 0, 94, 55, 62]|[2, 1, 2, 1, 1, 2, 1, 1, 1, 1, 1, 0, 2, 2, 1, 2, 0, 0, 0, 2, 2, 1, 0, 2, 0, 2, 2, 1, 0, 1, 1, 1, 0, 0, 1, 0, 2, 1, 2, 2, 0, 0, 1, 1, 0, 2, 0, 2, 1, 0, 0, 2, 0, 0, 2, 0, 1, 1, 0, 0, 2, 1, 0, 2, 2, 0, 2, 2, 0, 1, 2, 1, 1, 2, 0, 1, 1, 1, 1, 2, 2, 1, 1, 1, 1, 0, 1, 0, 0, 0, 1, 1, 1, 0, 2, 1, 0, 1, 0, 1]|[0, 3, 0, 3, 4, 1, 4, 4, 2, 4, 3, 2, 1, 0, 2, 1, 1, 1, 2, 1, 1, 3, 0, 1, 0, 1, 1, 4, 1, 4, 3, 2, 2, 0, 4, 1, 1, 4, 0, 1, 2, 1, 4, 4, 1, 1, 0, 2, 3, 1, 2, 1, 2, 1, 1, 2, 4, 3, 0, 2, 2, 3, 1, 0, 1, 2, 0, 1, 2, 4, 1, 3, 4, 1, 2, 4, 3, 3, 3, 1, 1, 4, 3, 4, 3, 2, 4, 2, 2, 2, 3, 4, 1, 2, 1, 4, 2, 4, 2, 3]|[0, 2, 0, 0, 3, 0, 1, 3, 0, 0, 2, 0, 1, 0, 1, 0, 0, 0, 1, 0, 0, 2, 0, 0, 1, 0, 0, 3, 0, 1, 0, 2, 0, 0, 3, 0, 1, 3, 1, 0, 0, 0, 1, 3, 0, 0, 1, 0, 2, 0, 0, 0, 0, 0, 1, 0, 1, 0, 1, 1, 0, 2, 0, 0, 0, 0, 0, 0, 0, 2, 0, 0, 1, 0, 0, 1, 0, 0, 3, 0, 0, 1, 0, 3, 0, 0, 3, 0, 0, 0, 0, 2, 1, 0, 0, 1, 0, 2, 0, 0],899.58947830753,51186.06775193036,109567.87718231812,true
14,G3_TWC,G1_CMAX,[31, 22, 82, 15, 26, 9, 95, 42, 77, 12, 47, 5, 93, 78, 86, 54, 6, 63, 18, 44, 20, 35, 43, 97, 91, 76, 10, 30, 21, 45, 64, 71, 1, 23, 17, 83, 24, 14, 60, 36, 85, 57, 40, 88, 65, 56, 79, 94, 39, 68, 46, 75, 38, 58, 19, 32, 81, 41, 27, 62, 87, 90, 99, 59, 11, 16, 72, 73, 70, 67, 37, 84, 3, 92, 25, 55, 28, 29, 51, 8, 66, 61, 98, 48, 89, 50, 7, 96, 53, 80, 4, 33, 34, 2, 52, 13, 0, 69, 74, 49]|[1, 1, 0, 1, 1, 0, 1, 2, 2, 1, 2, 2, 2, 1, 1, 0, 0, 1, 0, 2, 2, 0, 1, 2, 0, 1, 2, 2, 0, 0, 1, 2, 1, 2, 1, 0, 2, 0, 1, 1, 0, 1, 1, 1, 0, 2, 1, 1, 0, 0, 0, 0, 1, 1, 2, 1, 2, 0, 0, 0, 2, 1, 0, 1, 2, 1, 2, 1, 1, 1, 1, 1, 1, 0, 1, 1, 0, 0, 0, 1, 0, 1, 0, 0, 1, 0, 1, 2, 0, 0, 0, 0, 2, 0, 1, 0, 0, 1, 2, 0]|[4, 3, 2, 2, 4, 1, 2, 2, 2, 4, 1, 1, 2, 4, 4, 1, 2, 4, 2, 1, 1, 1, 1, 2, 1, 2, 1, 1, 1, 1, 3, 2, 3, 0, 4, 0, 1, 1, 0, 3, 2, 2, 2, 0, 1, 1, 0, 4, 0, 1, 2, 2, 1, 4, 0, 3, 2, 1, 1, 2, 1, 3, 1, 1, 1, 3, 0, 4, 3, 1, 4, 1, 1, 0, 4, 4, 2, 1, 1, 3, 1, 3, 1, 1, 1, 1, 1, 1, 2, 1, 2, 2, 1, 2, 1, 2, 2, 3, 1, 1]|[0, 2, 1, 1, 3, 0, 1, 0, 0, 0, 0, 0, 1, 0, 1, 0, 1, 3, 1, 0, 0, 0, 3, 1, 0, 2, 0, 0, 0, 1, 0, 0, 0, 0, 3, 0, 1, 0, 0, 2, 1, 1, 1, 0, 0, 0, 0, 2, 1, 0, 0, 0, 1, 3, 0, 0, 1, 0, 0, 1, 0, 2, 0, 1, 0, 2, 1, 0, 0, 1, 1, 3, 1, 1, 3, 3, 1, 0, 0, 2, 0, 0, 0, 0, 1, 0, 2, 0, 1, 0, 1, 1, 0, 0, 1, 0, 0, 0, 0, 1],824.1531664905515,57504.66170409152,92407.54974943638,true
14,G1_CMAX,G3_TWC,[31, 22, 82, 15, 26, 9, 95, 42, 77, 12, 47, 5, 93, 78, 86, 54, 85, 63, 18, 44, 20, 35, 43, 97, 91, 76, 10, 30, 21, 45, 71, 64, 1, 23, 17, 83, 24, 14, 60, 36, 6, 57, 40, 88, 65, 56, 79, 94, 67, 68, 46, 75, 38, 58, 19, 32, 81, 41, 27, 62, 87, 90, 99, 59, 11, 16, 72, 73, 69, 39, 37, 84, 3, 92, 25, 55, 28, 29, 51, 7, 66, 61, 98, 48, 89, 50, 4, 96, 53, 80, 8, 33, 34, 2, 52, 13, 0, 70, 74, 49]|[1, 1, 0, 1, 1, 0, 1, 2, 2, 1, 2, 2, 2, 1, 1, 0, 0, 1, 0, 2, 2, 0, 1, 2, 0, 1, 2, 2, 0, 0, 1, 2, 1, 2, 1, 0, 2, 0, 1, 1, 0, 1, 1, 1, 0, 2, 1, 1, 0, 0, 0, 0, 1, 1, 2, 1, 2, 0, 0, 0, 2, 1, 0, 1, 2, 1, 2, 1, 1, 1, 1, 1, 1, 0, 1, 1, 0, 0, 0, 1, 2, 1, 2, 0, 1, 0, 0, 0, 0, 0, 0, 2, 2, 0, 1, 0, 0, 1, 2, 0]|[4, 3, 2, 2, 4, 1, 2, 2, 2, 4, 1, 1, 2, 4, 4, 1, 2, 4, 2, 1, 1, 1, 1, 2, 1, 2, 1, 1, 1, 1, 3, 2, 3, 0, 4, 0, 1, 1, 0, 3, 2, 2, 2, 0, 1, 1, 0, 4, 0, 1, 2, 2, 1, 4, 0, 3, 2, 1, 1, 2, 1, 3, 1, 1, 1, 3, 0, 4, 3, 1, 4, 1, 1, 0, 4, 4, 2, 1, 1, 1, 1, 3, 1, 1, 1, 1, 2, 1, 2, 1, 1, 1, 1, 2, 1, 2, 2, 4, 1, 1]|[0, 2, 1, 1, 3, 0, 1, 0, 0, 0, 0, 0, 1, 0, 1, 0, 0, 3, 1, 0, 0, 0, 3, 1, 0, 2, 0, 0, 0, 1, 0, 0, 0, 0, 3, 0, 1, 0, 0, 2, 1, 1, 1, 0, 0, 0, 0, 2, 1, 0, 0, 0, 1, 3, 0, 0, 1, 0, 0, 1, 0, 2, 0, 1, 0, 2, 1, 0, 0, 1, 1, 3, 1, 1, 3, 3, 1, 0, 0, 2, 0, 0, 0, 0, 1, 0, 1, 0, 1, 0, 0, 0, 0, 0, 1, 0, 0, 2, 0, 1],840.8431132443527,57407.350903609346,92738.25784435248,true
14,G4_BALANCED,G3_TWC,[31, 22, 82, 15, 26, 9, 95, 42, 77, 12, 47, 5, 93, 78, 86, 54, 85, 63, 18, 44, 20, 35, 43, 97, 91, 76, 10, 30, 21, 45, 71, 64, 1, 23, 17, 83, 24, 14, 60, 36, 41, 57, 40, 88, 65, 56, 6, 79, 94, 67, 68, 46, 75, 38, 58, 19, 32, 81, 96, 27, 62, 90, 99, 59, 11, 16, 72, 73, 69, 28, 37, 84, 3, 92, 25, 55, 39, 29, 51, 7, 66, 70, 98, 33, 89, 50, 48, 87, 80, 53, 8, 4, 34, 2, 52, 49, 0, 61, 74, 13]|[1, 1, 0, 1, 1, 0, 1, 2, 2, 2, 2, 2, 2, 2, 2, 0, 0, 0, 1, 2, 2, 0, 0, 2, 0, 0, 2, 2, 2, 0, 1, 2, 1, 1, 1, 0, 0, 0, 1, 1, 0, 1, 1, 1, 0, 2, 0, 1, 1, 0, 0, 0, 0, 1, 1, 2, 1, 2, 0, 0, 0, 1, 0, 1, 2, 1, 2, 1, 1, 1, 1, 1, 1, 0, 1, 1, 0, 0, 0, 1, 2, 1, 2, 0, 1, 0, 0, 0, 0, 0, 1, 0, 2, 0, 1, 0, 0, 1, 2, 0]|[4, 3, 2, 2, 4, 1, 2, 2, 2, 2, 1, 1, 2, 2, 1, 1, 2, 2, 4, 1, 1, 1, 1, 2, 1, 1, 1, 1, 1, 1, 3, 2, 3, 3, 4, 0, 0, 1, 0, 3, 2, 2, 2, 2, 1, 1, 1, 0, 4, 0, 1, 2, 2, 1, 4, 0, 3, 2, 1, 1, 2, 3, 1, 1, 1, 3, 0, 4, 3, 1, 4, 1, 1, 0, 4, 4, 2, 1, 1, 1, 1, 3, 1, 2, 1, 1, 1, 1, 1, 2, 3, 2, 1, 2, 1, 1, 2, 3, 1, 2]|[0, 2, 1, 1, 3, 0, 1, 0, 0, 0, 0, 0, 1, 1, 0, 0, 0, 0, 3, 0, 0, 0, 0, 1, 0, 0, 0, 0, 0, 1, 0, 0, 0, 0, 3, 0, 0, 0, 0, 2, 1, 1, 1, 1, 0, 0, 0, 0, 2, 1, 0, 0, 0, 1, 3, 0, 0, 1, 0, 0, 1, 2, 0, 1, 0, 2, 1, 0, 0, 1, 1, 3, 1, 1, 3, 3, 1, 0, 0, 2, 0, 0, 0, 1, 1, 0, 0, 0, 0, 1, 2, 1, 0, 0, 1, 1, 0, 0, 0, 0],890.4143580255544,56989.99065408122,91884.80029046525,true
14,G2_TEC,G4_BALANCED,[31, 22, 82, 15, 26, 9, 95, 42, 77, 68, 47, 5, 93, 78, 86, 54, 85, 63, 18, 44, 20, 49, 36, 14, 74, 50, 53, 17, 21, 28, 71, 64, 3, 23, 30, 83, 24, 41, 60, 52, 65, 27, 90, 70, 39, 87, 48, 69, 99, 4, 46, 1, 13, 58, 97, 59, 45, 8, 73, 37, 35, 79, 11, 66, 76, 32, 40, 80, 96, 6, 16, 61, 33, 7, 57, 34, 12, 67, 10, 98, 56, 88, 29, 25, 91, 38, 19, 92, 43, 84, 51, 72, 81, 75, 2, 89, 0, 94, 55, 62]|[2, 1, 2, 1, 1, 2, 1, 1, 1, 1, 1, 0, 2, 2, 1, 2, 0, 0, 0, 2, 2, 1, 0, 2, 0, 2, 2, 1, 0, 1, 1, 1, 0, 0, 1, 0, 2, 1, 2, 2, 0, 0, 1, 1, 0, 2, 0, 2, 1, 0, 0, 2, 0, 0, 2, 0, 1, 1, 0, 0, 2, 1, 0, 2, 2, 0, 2, 2, 0, 1, 2, 1, 1, 2, 0, 1, 1, 1, 1, 2, 2, 1, 1, 1, 1, 0, 1, 0, 0, 0, 1, 1, 1, 0, 2, 1, 0, 1, 0, 1]|[0, 3, 0, 3, 4, 1, 4, 4, 2, 4, 3, 2, 1, 0, 2, 1, 1, 1, 2, 1, 1, 3, 0, 1, 0, 1, 1, 4, 1, 4, 3, 2, 2, 0, 4, 1, 1, 4, 0, 1, 2, 1, 4, 4, 1, 1, 0, 2, 3, 1, 2, 1, 2, 1, 1, 2, 4, 3, 0, 2, 2, 3, 1, 0, 1, 2, 0, 1, 2, 4, 1, 3, 4, 1, 2, 4, 3, 3, 3, 1, 1, 4, 3, 4, 3, 2, 4, 2, 2, 2, 3, 4, 1, 2, 1, 4, 2, 4, 2, 3]|[0, 2, 0, 0, 3, 0, 1, 3, 0, 0, 2, 0, 1, 0, 1, 0, 0, 0, 1, 0, 0, 2, 0, 0, 1, 0, 0, 3, 0, 1, 0, 2, 0, 0, 3, 0, 1, 3, 1, 0, 0, 0, 1, 3, 0, 0, 1, 0, 2, 0, 0, 0, 0, 0, 1, 0, 1, 0, 1, 1, 0, 2, 0, 0, 0, 0, 0, 0, 0, 2, 0, 0, 1, 0, 0, 1, 0, 0, 3, 0, 0, 1, 0, 3, 0, 0, 3, 0, 0, 0, 0, 2, 1, 0, 0, 1, 0, 2, 0, 0],899.58947830753,51186.06775193036,109567.87718231812,true
14,G3_TWC,G1_CMAX,[31, 22, 82, 15, 26, 9, 95, 42, 77, 12, 47, 5, 93, 78, 86, 54, 6, 63, 18, 44, 20, 35, 43, 97, 91, 76, 10, 30, 21, 45, 64, 71, 1, 23, 17, 83, 24, 14, 60, 36, 85, 57, 40, 88, 65, 56, 79, 94, 39, 68, 46, 75, 38, 58, 19, 32, 81, 41, 27, 62, 87, 90, 99, 59, 11, 16, 72, 73, 70, 67, 37, 84, 3, 92, 25, 55, 28, 29, 51, 8, 66, 61, 98, 48, 89, 50, 7, 96, 53, 80, 4, 33, 34, 2, 52, 13, 0, 69, 74, 49]|[1, 1, 0, 1, 1, 0, 1, 2, 2, 1, 2, 2, 2, 1, 1, 0, 0, 1, 0, 2, 2, 0, 1, 2, 0, 1, 2, 2, 0, 0, 1, 2, 1, 2, 1, 0, 2, 0, 1, 1, 0, 1, 1, 1, 0, 2, 1, 1, 0, 0, 0, 0, 1, 1, 2, 1, 2, 0, 0, 0, 2, 1, 0, 1, 2, 1, 2, 1, 1, 1, 1, 1, 1, 0, 1, 1, 0, 0, 0, 1, 0, 1, 0, 0, 1, 0, 1, 2, 0, 0, 0, 0, 2, 0, 1, 0, 0, 1, 2, 0]|[4, 3, 2, 2, 4, 1, 2, 2, 2, 4, 1, 1, 2, 4, 4, 1, 2, 4, 2, 1, 1, 1, 1, 2, 1, 2, 1, 1, 1, 1, 3, 2, 3, 0, 4, 0, 1, 1, 0, 3, 2, 2, 2, 0, 1, 1, 0, 4, 0, 1, 2, 2, 1, 4, 0, 3, 2, 1, 1, 2, 1, 3, 1, 1, 1, 3, 0, 4, 3, 1, 4, 1, 1, 0, 4, 4, 2, 1, 1, 3, 1, 3, 1, 1, 1, 1, 1, 1, 2, 1, 2, 2, 1, 2, 1, 2, 2, 3, 1, 1]|[0, 2, 1, 1, 3, 0, 1, 0, 0, 0, 0, 0, 1, 0, 1, 0, 1, 3, 1, 0, 0, 0, 3, 1, 0, 2, 0, 0, 0, 1, 0, 0, 0, 0, 3, 0, 1, 0, 0, 2, 1, 1, 1, 0, 0, 0, 0, 2, 1, 0, 0, 0, 1, 3, 0, 0, 1, 0, 0, 1, 0, 2, 0, 1, 0, 2, 1, 0, 0, 1, 1, 3, 1, 1, 3, 3, 1, 0, 0, 2, 0, 0, 0, 0, 1, 0, 2, 0, 1, 0, 1, 1, 0, 0, 1, 0, 0, 0, 0, 1],824.1531664905515,57504.66170409152,92407.54974943638,true
14,G1_CMAX,G2_TEC,[31, 22, 82, 15, 26, 9, 95, 42, 77, 68, 47, 5, 93, 78, 86, 54, 85, 63, 18, 44, 20, 49, 36, 14, 74, 50, 53, 17, 21, 28, 71, 64, 3, 23, 30, 83, 24, 41, 60, 52, 65, 27, 90, 70, 39, 87, 48, 69, 99, 4, 46, 1, 13, 58, 97, 59, 45, 8, 73, 37, 35, 79, 11, 66, 76, 32, 40, 80, 96, 6, 16, 61, 33, 7, 57, 34, 12, 67, 10, 98, 56, 88, 29, 75, 91, 38, 19, 92, 43, 84, 51, 72, 81, 25, 2, 55, 0, 94, 89, 62]|[2, 1, 2, 1, 1, 2, 1, 1, 1, 2, 1, 0, 2, 2, 1, 2, 0, 0, 0, 2, 2, 1, 0, 2, 0, 2, 2, 1, 0, 1, 1, 1, 0, 0, 1, 0, 2, 1, 2, 2, 0, 0, 1, 1, 0, 2, 0, 2, 1, 0, 0, 2, 0, 0, 2, 0, 1, 1, 0, 0, 2, 1, 0, 2, 2, 0, 2, 2, 0, 1, 2, 1, 1, 2, 0, 1, 1, 1, 1, 2, 2, 1, 1, 0, 1, 0, 1, 0, 1, 0, 1, 1, 1, 1, 2, 0, 0, 2, 1, 1]|[0, 3, 0, 3, 4, 1, 4, 4, 2, 0, 3, 2, 1, 0, 2, 1, 1, 1, 2, 1, 1, 3, 0, 1, 0, 1, 1, 4, 1, 4, 3, 2, 2, 0, 4, 1, 1, 4, 0, 1, 2, 1, 4, 4, 1, 1, 0, 2, 3, 1, 2, 1, 2, 1, 1, 2, 4, 3, 0, 2, 2, 3, 1, 0, 1, 2, 0, 1, 2, 4, 1, 3, 4, 1, 2, 4, 3, 3, 3, 1, 1, 4, 3, 2, 3, 2, 4, 2, 4, 2, 3, 4, 4, 4, 1, 2, 2, 1, 4, 3]|[0, 2, 0, 0, 3, 0, 1, 3, 0, 0, 2, 0, 1, 0, 1, 0, 0, 0, 1, 0, 0, 2, 0, 0, 1, 0, 0, 3, 0, 1, 0, 2, 0, 1, 3, 0, 1, 3, 1, 0, 0, 0, 1, 3, 0, 0, 1, 0, 2, 0, 0, 0, 0, 0, 1, 0, 1, 0, 1, 1, 0, 2, 0, 0, 0, 0, 0, 0, 0, 2, 0, 0, 1, 0, 0, 1, 0, 0, 3, 0, 0, 1, 0, 0, 0, 0, 3, 0, 2, 0, 0, 2, 1, 3, 0, 0, 0, 0, 1, 0],848.7210464257236,51873.96370052903,107003.66788360782,true
14,G4_BALANCED,G3_TWC,[31, 22, 82, 15, 26, 9, 95, 42, 77, 12, 47, 5, 93, 78, 86, 54, 85, 63, 18, 44, 20, 35, 43, 97, 91, 76, 10, 30, 21, 45, 71, 64, 1, 23, 17, 83, 24, 14, 60, 36, 41, 57, 40, 88, 65, 56, 6, 79, 94, 67, 68, 46, 75, 38, 58, 19, 32, 81, 96, 27, 62, 90, 99, 59, 11, 16, 72, 73, 69, 28, 37, 84, 3, 92, 25, 55, 39, 29, 51, 7, 66, 70, 98, 33, 89, 50, 48, 87, 80, 53, 8, 4, 34, 2, 52, 49, 0, 61, 74, 13]|[1, 1, 0, 1, 1, 0, 1, 2, 2, 2, 2, 2, 2, 2, 2, 0, 0, 0, 1, 2, 2, 0, 0, 2, 0, 0, 2, 2, 2, 0, 1, 2, 1, 1, 1, 0, 0, 0, 1, 1, 0, 1, 1, 1, 0, 2, 0, 1, 1, 0, 0, 0, 0, 1, 1, 2, 1, 2, 0, 0, 0, 1, 0, 1, 2, 1, 2, 1, 1, 1, 1, 1, 1, 0, 1, 1, 0, 0, 0, 1, 2, 1, 2, 0, 1, 0, 0, 0, 0, 0, 1, 0, 2, 0, 1, 0, 0, 1, 2, 0]|[4, 3, 2, 2, 4, 1, 2, 2, 2, 2, 1, 1, 2, 2, 1, 1, 2, 2, 4, 1, 1, 1, 1, 2, 1, 1, 1, 1, 1, 1, 3, 2, 3, 3, 4, 0, 0, 1, 0, 3, 2, 2, 2, 2, 1, 1, 1, 0, 4, 0, 1, 2, 2, 1, 4, 0, 3, 2, 1, 1, 2, 3, 1, 1, 1, 3, 0, 4, 3, 1, 4, 1, 1, 0, 4, 4, 2, 1, 1, 1, 1, 3, 1, 2, 1, 1, 1, 1, 1, 2, 3, 2, 1, 2, 1, 1, 2, 3, 1, 2]|[0, 2, 1, 1, 3, 0, 1, 0, 0, 0, 0, 0, 1, 1, 0, 0, 0, 0, 3, 0, 0, 0, 0, 1, 0, 0, 0, 0, 0, 1, 0, 0, 0, 0, 3, 0, 0, 0, 0, 2, 1, 1, 1, 1, 0, 0, 0, 0, 2, 1, 0, 0, 0, 1, 3, 0, 0, 1, 0, 0, 1, 2, 0, 1, 0, 2, 1, 0, 0, 1, 1, 3, 1, 1, 3, 3, 1, 0, 0, 2, 0, 0, 0, 1, 1, 0, 0, 0, 0, 1, 2, 1, 0, 0, 1, 1, 0, 0, 0, 0],890.4143580255544,56989.99065408122,91884.80029046525,true
14,G2_TEC,G4_BALANCED,[31, 22, 82, 15, 26, 9, 95, 42, 77, 68, 47, 5, 93, 78, 86, 54, 85, 63, 18, 44, 20, 49, 36, 14, 74, 50, 53, 17, 21, 28, 71, 64, 3, 23, 30, 83, 24, 41, 60, 52, 65, 27, 90, 70, 39, 87, 48, 69, 99, 4, 46, 1, 13, 58, 97, 59, 45, 8, 73, 37, 35, 79, 11, 66, 76, 32, 40, 80, 96, 6, 16, 61, 33, 7, 57, 34, 12, 67, 10, 98, 56, 88, 29, 25, 91, 38, 19, 92, 43, 84, 51, 72, 81, 75, 2, 89, 0, 94, 55, 62]|[2, 1, 2, 1, 1, 2, 1, 1, 1, 1, 1, 0, 2, 2, 1, 2, 0, 0, 0, 2, 2, 1, 0, 2, 0, 2, 2, 1, 0, 1, 1, 1, 0, 0, 1, 0, 2, 1, 2, 2, 0, 0, 1, 1, 0, 2, 0, 2, 1, 0, 0, 2, 0, 0, 2, 0, 1, 1, 0, 0, 2, 1, 0, 2, 2, 0, 2, 2, 0, 1, 2, 1, 1, 2, 0, 1, 1, 1, 1, 2, 2, 1, 1, 1, 1, 0, 1, 0, 0, 0, 1, 1, 1, 0, 2, 1, 0, 1, 0, 1]|[0, 3, 0, 3, 4, 1, 4, 4, 2, 4, 3, 2, 1, 0, 2, 1, 1, 1, 2, 1, 1, 3, 0, 1, 0, 1, 1, 4, 1, 4, 3, 2, 2, 0, 4, 1, 1, 4, 0, 1, 2, 1, 4, 4, 1, 1, 0, 2, 3, 1, 2, 1, 2, 1, 1, 2, 4, 3, 0, 2, 2, 3, 1, 0, 1, 2, 0, 1, 2, 4, 1, 3, 4, 1, 2, 4, 3, 3, 3, 1, 1, 4, 3, 4, 3, 2, 4, 2, 2, 2, 3, 4, 1, 2, 1, 4, 2, 4, 2, 3]|[0, 2, 0, 0, 3, 0, 1, 3, 0, 0, 2, 0, 1, 0, 1, 0, 0, 0, 1, 0, 0, 2, 0, 0, 1, 0, 0, 3, 0, 1, 0, 2, 0, 0, 3, 0, 1, 3, 1, 0, 0, 0, 1, 3, 0, 0, 1, 0, 2, 0, 0, 0, 0, 0, 1, 0, 1, 0, 1, 1, 0, 2, 0, 0, 0, 0, 0, 0, 0, 2, 0, 0, 1, 0, 0, 1, 0, 0, 3, 0, 0, 1, 0, 3, 0, 0, 3, 0, 0, 0, 0, 2, 1, 0, 0, 1, 0, 2, 0, 0],899.58947830753,51186.06775193036,109567.87718231812,true
14,G3_TWC,G1_CMAX,[31, 22, 82, 15, 26, 9, 95, 42, 77, 12, 47, 5, 93, 78, 86, 54, 6, 63, 18, 44, 20, 35, 43, 97, 91, 76, 10, 30, 21, 45, 64, 71, 1, 23, 17, 83, 24, 14, 60, 36, 85, 57, 40, 88, 65, 56, 79, 94, 39, 68, 46, 75, 38, 58, 19, 32, 81, 41, 27, 62, 87, 90, 99, 59, 11, 16, 72, 73, 70, 67, 37, 84, 3, 92, 25, 55, 28, 29, 51, 8, 66, 61, 98, 48, 89, 50, 7, 96, 53, 80, 4, 33, 34, 2, 52, 13, 0, 69, 74, 49]|[1, 1, 0, 1, 1, 0, 1, 2, 2, 1, 2, 2, 2, 1, 1, 0, 0, 1, 0, 2, 2, 0, 1, 2, 0, 1, 2, 2, 0, 0, 1, 2, 1, 2, 1, 0, 2, 0, 1, 1, 0, 1, 1, 1, 0, 2, 1, 1, 0, 0, 0, 0, 1, 1, 2, 1, 2, 0, 0, 0, 2, 1, 0, 1, 2, 1, 2, 1, 1, 1, 1, 1, 1, 0, 1, 1, 0, 0, 0, 1, 0, 1, 0, 0, 1, 0, 1, 2, 0, 0, 0, 0, 2, 0, 1, 0, 0, 1, 2, 0]|[4, 3, 2, 2, 4, 1, 2, 2, 2, 4, 1, 1, 2, 4, 4, 1, 2, 4, 2, 1, 1, 1, 1, 2, 1, 2, 1, 1, 1, 1, 3, 2, 3, 0, 4, 0, 1, 1, 0, 3, 2, 2, 2, 0, 1, 1, 0, 4, 0, 1, 2, 2, 1, 4, 0, 3, 2, 1, 1, 2, 1, 3, 1, 1, 1, 3, 0, 4, 3, 1, 4, 1, 1, 0, 4, 4, 2, 1, 1, 3, 1, 3, 1, 1, 1, 1, 1, 1, 2, 1, 2, 2, 1, 2, 1, 2, 2, 3, 1, 1]|[0, 2, 1, 1, 3, 0, 1, 0, 0, 0, 0, 0, 1, 0, 1, 0, 1, 3, 1, 0, 0, 0, 3, 1, 0, 2, 0, 0, 0, 1, 0, 0, 0, 0, 3, 0, 1, 0, 0, 2, 1, 1, 1, 0, 0, 0, 0, 2, 1, 0, 0, 0, 1, 3, 0, 0, 1, 0, 0, 1, 0, 2, 0, 1, 0, 2, 1, 0, 0, 1, 1, 3, 1, 1, 3, 3, 1, 0, 0, 2, 0, 0, 0, 0, 1, 0, 2, 0, 1, 0, 1, 1, 0, 0, 1, 0, 0, 0, 0, 1],824.1531664905515,57504.66170409152,92407.54974943638,true
14,G1_CMAX,G1_CMAX,[31, 22, 82, 15, 26, 9, 95, 42, 77, 12, 47, 5, 93, 78, 86, 58, 85, 63, 18, 44, 20, 35, 43, 97, 91, 76, 10, 30, 41, 45, 71, 64, 1, 23, 17, 83, 24, 14, 60, 36, 6, 57, 40, 88, 65, 56, 79, 94, 67, 68, 46, 75, 38, 54, 19, 32, 81, 21, 27, 62, 87, 90, 99, 59, 11, 16, 72, 73, 70, 39, 37, 84, 3, 92, 25, 28, 29, 55, 51, 7, 98, 61, 66, 48, 89, 50, 4, 96, 53, 80, 8, 33, 34, 2, 52, 13, 0, 69, 74, 49]|[1, 1, 0, 1, 1, 0, 1, 2, 2, 1, 2, 2, 2, 1, 1, 0, 0, 1, 0, 2, 2, 0, 1, 2, 2, 1, 2, 2, 0, 0, 1, 2, 2, 2, 1, 0, 2, 0, 1, 1, 0, 1, 1, 1, 0, 2, 1, 1, 0, 0, 0, 0, 1, 1, 2, 1, 2, 0, 0, 0, 2, 1, 0, 1, 2, 1, 2, 1, 1, 1, 1, 1, 1, 0, 1, 0, 0, 2, 0, 1, 2, 1, 2, 0, 1, 0, 1, 2, 0, 0, 1, 2, 2, 0, 1, 0, 0, 1, 2, 0]|[4, 3, 2, 2, 4, 1, 2, 2, 2, 4, 1, 1, 2, 4, 4, 1, 2, 4, 2, 1, 1, 1, 1, 2, 1, 2, 1, 1, 1, 1, 3, 2, 1, 1, 4, 0, 1, 1, 0, 3, 2, 2, 2, 0, 1, 1, 0, 4, 0, 1, 2, 2, 1, 4, 0, 3, 2, 1, 1, 2, 1, 3, 1, 1, 1, 3, 0, 4, 3, 1, 4, 1, 1, 0, 4, 2, 1, 0, 1, 1, 1, 3, 1, 1, 1, 1, 4, 1, 2, 1, 3, 1, 1, 2, 1, 2, 2, 4, 1, 1]|[0, 2, 1, 1, 3, 0, 1, 0, 0, 0, 0, 0, 1, 0, 1, 0, 0, 3, 1, 0, 0, 0, 3, 1, 0, 2, 0, 0, 0, 1, 0, 0, 0, 0, 3, 0, 1, 0, 0, 2, 1, 1, 1, 0, 0, 0, 0, 2, 1, 0, 0, 0, 1, 3, 0, 0, 1, 0, 0, 1, 0, 2, 0, 1, 0, 2, 1, 0, 0, 1, 1, 3, 1, 1, 3, 1, 0, 1, 0, 2, 0, 0, 0, 0, 1, 0, 0, 0, 1, 0, 2, 0, 0, 0, 1, 0, 0, 2, 0, 1],747.4637665207188,57107.57603429562,94678.13700741595,false
14,G4_BALANCED,G3_TWC,[31, 22, 82, 15, 26, 9, 95, 42, 77, 12, 47, 5, 93, 78, 86, 54, 85, 63, 18, 44, 20, 35, 43, 97, 91, 76, 10, 30, 21, 45, 71, 64, 1, 23, 17, 83, 24, 14, 60, 36, 41, 57, 40, 88, 65, 56, 6, 79, 94, 67, 68, 46, 75, 38, 58, 19, 32, 81, 96, 27, 62, 90, 99, 59, 11, 16, 72, 73, 69, 28, 37, 84, 3, 92, 25, 55, 39, 29, 51, 7, 66, 70, 98, 33, 89, 50, 48, 87, 80, 53, 8, 4, 34, 2, 52, 49, 0, 61, 74, 13]|[1, 1, 0, 1, 1, 0, 1, 2, 2, 2, 2, 2, 2, 2, 2, 0, 0, 0, 1, 2, 2, 0, 0, 2, 0, 0, 2, 2, 2, 0, 1, 2, 1, 1, 1, 0, 0, 0, 1, 1, 0, 1, 1, 1, 0, 2, 0, 1, 1, 0, 0, 0, 0, 1, 1, 2, 1, 2, 0, 0, 0, 1, 0, 1, 2, 1, 2, 1, 1, 1, 1, 1, 1, 0, 1, 1, 0, 0, 0, 1, 2, 1, 2, 0, 1, 0, 0, 0, 0, 0, 1, 0, 2, 0, 1, 0, 0, 1, 2, 0]|[4, 3, 2, 2, 4, 1, 2, 2, 2, 2, 1, 1, 2, 2, 1, 1, 2, 2, 4, 1, 1, 1, 1, 2, 1, 1, 1, 1, 1, 1, 3, 2, 3, 3, 4, 0, 0, 1, 0, 3, 2, 2, 2, 2, 1, 1, 1, 0, 4, 0, 1, 2, 2, 1, 4, 0, 3, 2, 1, 1, 2, 3, 1, 1, 1, 3, 0, 4, 3, 1, 4, 1, 1, 0, 4, 4, 2, 1, 1, 1, 1, 3, 1, 2, 1, 1, 1, 1, 1, 2, 3, 2, 1, 2, 1, 1, 2, 3, 1, 2]|[0, 2, 1, 1, 3, 0, 1, 0, 0, 0, 0, 0, 1, 1, 0, 0, 0, 0, 3, 0, 0, 0, 0, 1, 0, 0, 0, 0, 0, 1, 0, 0, 0, 0, 3, 0, 0, 0, 0, 2, 1, 1, 1, 1, 0, 0, 0, 0, 2, 1, 0, 0, 0, 1, 3, 0, 0, 1, 0, 0, 1, 2, 0, 1, 0, 2, 1, 0, 0, 1, 1, 3, 1, 1, 3, 3, 1, 0, 0, 2, 0, 0, 0, 1, 1, 0, 0, 0, 0, 1, 2, 1, 0, 0, 1, 1, 0, 0, 0, 0],890.4143580255544,56989.99065408122,91884.80029046525,true
14,G2_TEC,G4_BALANCED,[31, 22, 82, 15, 26, 9, 95, 42, 77, 68, 47, 5, 93, 78, 86, 54, 85, 63, 18, 44, 20, 49, 36, 14, 74, 50, 53, 17, 21, 28, 71, 64, 3, 23, 30, 83, 24, 41, 60, 52, 65, 27, 90, 70, 39, 87, 48, 69, 99, 4, 46, 1, 13, 58, 97, 59, 45, 8, 73, 37, 35, 79, 11, 66, 76, 32, 40, 80, 96, 6, 16, 61, 33, 7, 57, 34, 12, 67, 10, 98, 56, 88, 29, 25, 91, 38, 19, 92, 43, 84, 51, 72, 81, 75, 2, 89, 0, 94, 55, 62]|[2, 1, 2, 1, 1, 2, 1, 1, 1, 1, 1, 0, 2, 2, 1, 2, 0, 0, 0, 2, 2, 1, 0, 2, 0, 2, 2, 1, 0, 1, 1, 1, 0, 0, 1, 0, 2, 1, 2, 2, 0, 0, 1, 1, 0, 2, 0, 2, 1, 0, 0, 2, 0, 0, 2, 0, 1, 1, 0, 0, 2, 1, 0, 2, 2, 0, 2, 2, 0, 1, 2, 1, 1, 2, 0, 1, 1, 1, 1, 2, 2, 1, 1, 1, 1, 0, 1, 0, 0, 0, 1, 1, 1, 0, 2, 1, 0, 1, 0, 1]|[0, 3, 0, 3, 4, 1, 4, 4, 2, 4, 3, 2, 1, 0, 2, 1, 1, 1, 2, 1, 1, 3, 0, 1, 0, 1, 1, 4, 1, 4, 3, 2, 2, 0, 4, 1, 1, 4, 0, 1, 2, 1, 4, 4, 1, 1, 0, 2, 3, 1, 2, 1, 2, 1, 1, 2, 4, 3, 0, 2, 2, 3, 1, 0, 1, 2, 0, 1, 2, 4, 1, 3, 4, 1, 2, 4, 3, 3, 3, 1, 1, 4, 3, 4, 3, 2, 4, 2, 2, 2, 3, 4, 1, 2, 1, 4, 2, 4, 2, 3]|[0, 2, 0, 0, 3, 0, 1, 3, 0, 0, 2, 0, 1, 0, 1, 0, 0, 0, 1, 0, 0, 2, 0, 0, 1, 0, 0, 3, 0, 1, 0, 2, 0, 0, 3, 0, 1, 3, 1, 0, 0, 0, 1, 3, 0, 0, 1, 0, 2, 0, 0, 0, 0, 0, 1, 0, 1, 0, 1, 1, 0, 2, 0, 0, 0, 0, 0, 0, 0, 2, 0, 0, 1, 0, 0, 1, 0, 0, 3, 0, 0, 1, 0, 3, 0, 0, 3, 0, 0, 0, 0, 2, 1, 0, 0, 1, 0, 2, 0, 0],899.58947830753,51186.06775193036,109567.87718231812,true
14,G3_TWC,G1_CMAX,[31, 22, 82, 15, 26, 9, 95, 42, 77, 12, 47, 5, 93, 78, 86, 54, 6, 63, 18, 44, 20, 35, 43, 97, 91, 76, 10, 30, 21, 45, 64, 71, 1, 23, 17, 83, 24, 14, 60, 36, 85, 57, 40, 88, 65, 56, 79, 94, 39, 68, 46, 75, 38, 58, 19, 32, 81, 41, 27, 62, 87, 90, 99, 59, 11, 16, 72, 73, 70, 67, 37, 84, 3, 92, 25, 55, 28, 29, 51, 8, 66, 61, 98, 48, 89, 50, 7, 96, 53, 80, 4, 33, 34, 2, 52, 13, 0, 69, 74, 49]|[1, 1, 0, 1, 1, 0, 1, 2, 2, 1, 2, 2, 2, 1, 1, 0, 0, 1, 0, 2, 2, 0, 1, 2, 0, 1, 2, 2, 0, 0, 1, 2, 1, 2, 1, 0, 2, 0, 1, 1, 0, 1, 1, 1, 0, 2, 1, 1, 0, 0, 0, 0, 1, 1, 2, 1, 2, 0, 0, 0, 2, 1, 0, 1, 2, 1, 2, 1, 1, 1, 1, 1, 1, 0, 1, 1, 0, 0, 0, 1, 0, 1, 0, 0, 1, 0, 1, 2, 0, 0, 0, 0, 2, 0, 1, 0, 0, 1, 2, 0]|[4, 3, 2, 2, 4, 1, 2, 2, 2, 4, 1, 1, 2, 4, 4, 1, 2, 4, 2, 1, 1, 1, 1, 2, 1, 2, 1, 1, 1, 1, 3, 2, 3, 0, 4, 0, 1, 1, 0, 3, 2, 2, 2, 0, 1, 1, 0, 4, 0, 1, 2, 2, 1, 4, 0, 3, 2, 1, 1, 2, 1, 3, 1, 1, 1, 3, 0, 4, 3, 1, 4, 1, 1, 0, 4, 4, 2, 1, 1, 3, 1, 3, 1, 1, 1, 1, 1, 1, 2, 1, 2, 2, 1, 2, 1, 2, 2, 3, 1, 1]|[0, 2, 1, 1, 3, 0, 1, 0, 0, 0, 0, 0, 1, 0, 1, 0, 1, 3, 1, 0, 0, 0, 3, 1, 0, 2, 0, 0, 0, 1, 0, 0, 0, 0, 3, 0, 1, 0, 0, 2, 1, 1, 1, 0, 0, 0, 0, 2, 1, 0, 0, 0, 1, 3, 0, 0, 1, 0, 0, 1, 0, 2, 0, 1, 0, 2, 1, 0, 0, 1, 1, 3, 1, 1, 3, 3, 1, 0, 0, 2, 0, 0, 0, 0, 1, 0, 2, 0, 1, 0, 1, 1, 0, 0, 1, 0, 0, 0, 0, 1],824.1531664905515,57504.66170409152,92407.54974943638,true
14,G1_CMAX,G1_CMAX,[31, 22, 82, 15, 26, 54, 95, 42, 77, 12, 47, 5, 93, 78, 86, 58, 85, 63, 18, 44, 20, 35, 43, 97, 91, 76, 10, 30, 41, 45, 71, 1, 64, 23, 17, 83, 24, 14, 60, 36, 6, 57, 40, 88, 65, 56, 79, 94, 67, 68, 46, 75, 38, 9, 19, 32, 81, 21, 62, 87, 27, 90, 99, 59, 11, 72, 16, 73, 70, 39, 37, 84, 3, 92, 25, 34, 29, 55, 51, 7, 98, 61, 66, 48, 89, 50, 4, 96, 53, 80, 8, 33, 28, 2, 52, 13, 0, 69, 74, 49]|[1, 1, 0, 1, 1, 0, 1, 2, 2, 1, 2, 2, 2, 1, 1, 0, 0, 1, 0, 2, 2, 0, 1, 2, 0, 1, 2, 2, 0, 0, 1, 1, 2, 2, 1, 0, 2, 0, 1, 1, 0, 1, 1, 1, 0, 2, 1, 1, 0, 0, 0, 0, 1, 1, 2, 1, 2, 0, 0, 2, 2, 1, 0, 1, 2, 1, 1, 1, 1, 1, 1, 1, 1, 0, 1, 2, 0, 2, 0, 1, 2, 1, 0, 0, 1, 0, 1, 2, 0, 0, 1, 2, 0, 0, 1, 0, 0, 1, 2, 0]|[4, 3, 2, 2, 4, 1, 2, 2, 2, 4, 1, 1, 2, 4, 4, 1, 2, 4, 2, 1, 1, 1, 1, 2, 1, 2, 1, 1, 1, 1, 3, 3, 2, 1, 4, 0, 1, 1, 0, 3, 2, 2, 2, 0, 1, 1, 0, 4, 0, 1, 2, 2, 1, 4, 0, 3, 2, 1, 2, 1, 1, 3, 1, 1, 1, 3, 3, 4, 3, 1, 4, 1, 1, 0, 4, 1, 1, 1, 1, 1, 1, 3, 1, 1, 1, 1, 4, 1, 2, 1, 3, 1, 2, 2, 1, 2, 2, 4, 1, 1]|[0, 2, 1, 1, 3, 0, 1, 0, 0, 0, 0, 0, 1, 0, 1, 0, 0, 3, 1, 0, 0, 0, 3, 1, 0, 2, 0, 0, 0, 1, 0, 0, 0, 0, 3, 0, 1, 0, 0, 2, 1, 1, 1, 0, 0, 0, 0, 2, 1, 0, 0, 0, 1, 3, 0, 0, 1, 0, 1, 0, 0, 2, 0, 1, 0, 2, 2, 0, 0, 1, 1, 3, 1, 1, 3, 0, 0, 0, 0, 2, 0, 0, 0, 0, 1, 0, 0, 0, 1, 0, 2, 0, 1, 0, 1, 0, 0, 2, 0, 1],760.3065291037643,56266.47575797865,96719.15307544428,false
14,G4_BALANCED,G3_TWC,[31, 22, 82, 15, 26, 9, 95, 42, 77, 12, 47, 5, 93, 78, 86, 54, 85, 63, 18, 44, 20, 35, 43, 97, 91, 76, 10, 30, 21, 45, 71, 64, 1, 23, 17, 83, 24, 14, 60, 36, 41, 57, 40, 88, 65, 56, 6, 79, 94, 67, 68, 46, 75, 38, 58, 19, 32, 81, 96, 27, 62, 90, 99, 59, 11, 16, 72, 73, 69, 28, 37, 84, 3, 92, 25, 55, 39, 29, 51, 7, 66, 70, 98, 33, 89, 50, 48, 87, 80, 53, 8, 4, 34, 2, 52, 49, 0, 61, 74, 13]|[1, 1, 0, 1, 1, 0, 1, 2, 2, 2, 2, 2, 2, 2, 2, 0, 0, 0, 1, 2, 2, 0, 0, 2, 0, 0, 2, 2, 2, 0, 1, 2, 1, 1, 1, 0, 0, 0, 1, 1, 0, 1, 1, 1, 0, 2, 0, 1, 1, 0, 0, 0, 0, 1, 1, 2, 1, 2, 0, 0, 0, 1, 0, 1, 2, 1, 2, 1, 1, 1, 1, 1, 1, 0, 1, 1, 0, 0, 0, 1, 2, 1, 2, 0, 1, 0, 0, 0, 0, 0, 1, 0, 2, 0, 1, 0, 0, 1, 2, 0]|[4, 3, 2, 2, 4, 1, 2, 2, 2, 2, 1, 1, 2, 2, 1, 1, 2, 2, 4, 1, 1, 1, 1, 2, 1, 1, 1, 1, 1, 1, 3, 2, 3, 3, 4, 0, 0, 1, 0, 3, 2, 2, 2, 2, 1, 1, 1, 0, 4, 0, 1, 2, 2, 1, 4, 0, 3, 2, 1, 1, 2, 3, 1, 1, 1, 3, 0, 4, 3, 1, 4, 1, 1, 0, 4, 4, 2, 1, 1, 1, 1, 3, 1, 2, 1, 1, 1, 1, 1, 2, 3, 2, 1, 2, 1, 1, 2, 3, 1, 2]|[0, 2, 1, 1, 3, 0, 1, 0, 0, 0, 0, 0, 1, 1, 0, 0, 0, 0, 3, 0, 0, 0, 0, 1, 0, 0, 0, 0, 0, 1, 0, 0, 0, 0, 3, 0, 0, 0, 0, 2, 1, 1, 1, 1, 0, 0, 0, 0, 2, 1, 0, 0, 0, 1, 3, 0, 0, 1, 0, 0, 1, 2, 0, 1, 0, 2, 1, 0, 0, 1, 1, 3, 1, 1, 3, 3, 1, 0, 0, 2, 0, 0, 0, 1, 1, 0, 0, 0, 0, 1, 2, 1, 0, 0, 1, 1, 0, 0, 0, 0],890.4143580255544,56989.99065408122,91884.80029046525,true
14,G2_TEC,G4_BALANCED,[31, 22, 82, 15, 26, 9, 95, 42, 77, 68, 47, 5, 93, 78, 86, 54, 85, 63, 18, 44, 20, 49, 36, 14, 74, 50, 53, 17, 21, 28, 71, 64, 3, 23, 30, 83, 24, 41, 60, 52, 65, 27, 90, 70, 39, 87, 48, 69, 99, 4, 46, 1, 13, 58, 97, 59, 45, 8, 73, 37, 35, 79, 11, 66, 76, 32, 40, 80, 96, 6, 16, 61, 33, 7, 57, 34, 12, 67, 10, 98, 56, 88, 29, 25, 91, 38, 19, 92, 43, 84, 51, 72, 81, 75, 2, 89, 0, 94, 55, 62]|[2, 1, 2, 1, 1, 2, 1, 1, 1, 1, 1, 0, 2, 2, 1, 2, 0, 0, 0, 2, 2, 1, 0, 2, 0, 2, 2, 1, 0, 1, 1, 1, 0, 0, 1, 0, 2, 1, 2, 2, 0, 0, 1, 1, 0, 2, 0, 2, 1, 0, 0, 2, 0, 0, 2, 0, 1, 1, 0, 0, 2, 1, 0, 2, 2, 0, 2, 2, 0, 1, 2, 1, 1, 2, 0, 1, 1, 1, 1, 2, 2, 1, 1, 1, 1, 0, 1, 0, 0, 0, 1, 1, 1, 0, 2, 1, 0, 1, 0, 1]|[0, 3, 0, 3, 4, 1, 4, 4, 2, 4, 3, 2, 1, 0, 2, 1, 1, 1, 2, 1, 1, 3, 0, 1, 0, 1, 1, 4, 1, 4, 3, 2, 2, 0, 4, 1, 1, 4, 0, 1, 2, 1, 4, 4, 1, 1, 0, 2, 3, 1, 2, 1, 2, 1, 1, 2, 4, 3, 0, 2, 2, 3, 1, 0, 1, 2, 0, 1, 2, 4, 1, 3, 4, 1, 2, 4, 3, 3, 3, 1, 1, 4, 3, 4, 3, 2, 4, 2, 2, 2, 3, 4, 1, 2, 1, 4, 2, 4, 2, 3]|[0, 2, 0, 0, 3, 0, 1, 3, 0, 0, 2, 0, 1, 0, 1, 0, 0, 0, 1, 0, 0, 2, 0, 0, 1, 0, 0, 3, 0, 1, 0, 2, 0, 0, 3, 0, 1, 3, 1, 0, 0, 0, 1, 3, 0, 0, 1, 0, 2, 0, 0, 0, 0, 0, 1, 0, 1, 0, 1, 1, 0, 2, 0, 0, 0, 0, 0, 0, 0, 2, 0, 0, 1, 0, 0, 1, 0, 0, 3, 0, 0, 1, 0, 3, 0, 0, 3, 0, 0, 0, 0, 2, 1, 0, 0, 1, 0, 2, 0, 0],899.58947830753,51186.06775193036,109567.87718231812,true
14,G3_TWC,G1_CMAX,[31, 22, 82, 15, 26, 9, 95, 42, 77, 12, 47, 5, 93, 78, 86, 54, 6, 63, 18, 44, 20, 35, 43, 97, 91, 76, 10, 30, 21, 45, 64, 71, 1, 23, 17, 83, 24, 14, 60, 36, 85, 57, 40, 88, 65, 56, 79, 94, 39, 68, 46, 75, 38, 58, 19, 32, 81, 41, 27, 62, 87, 90, 99, 59, 11, 16, 72, 73, 70, 67, 37, 84, 3, 92, 25, 55, 28, 29, 51, 8, 66, 61, 98, 48, 89, 50, 7, 96, 53, 80, 4, 33, 34, 2, 52, 13, 0, 69, 74, 49]|[1, 1, 0, 1, 1, 0, 1, 2, 2, 1, 2, 2, 2, 1, 1, 0, 0, 1, 0, 2, 2, 0, 1, 2, 0, 1, 2, 2, 0, 0, 1, 2, 1, 2, 1, 0, 2, 0, 1, 1, 0, 1, 1, 1, 0, 2, 1, 1, 0, 0, 0, 0, 1, 1, 2, 1, 2, 0, 0, 0, 2, 1, 0, 1, 2, 1, 2, 1, 1, 1, 1, 1, 1, 0, 1, 1, 0, 0, 0, 1, 0, 1, 0, 0, 1, 0, 1, 2, 0, 0, 0, 0, 2, 0, 1, 0, 0, 1, 2, 0]|[4, 3, 2, 2, 4, 1, 2, 2, 2, 4, 1, 1, 2, 4, 4, 1, 2, 4, 2, 1, 1, 1, 1, 2, 1, 2, 1, 1, 1, 1, 3, 2, 3, 0, 4, 0, 1, 1, 0, 3, 2, 2, 2, 0, 1, 1, 0, 4, 0, 1, 2, 2, 1, 4, 0, 3, 2, 1, 1, 2, 1, 3, 1, 1, 1, 3, 0, 4, 3, 1, 4, 1, 1, 0, 4, 4, 2, 1, 1, 3, 1, 3, 1, 1, 1, 1, 1, 1, 2, 1, 2, 2, 1, 2, 1, 2, 2, 3, 1, 1]|[0, 2, 1, 1, 3, 0, 1, 0, 0, 0, 0, 0, 1, 0, 1, 0, 1, 3, 1, 0, 0, 0, 3, 1, 0, 2, 0, 0, 0, 1, 0, 0, 0, 0, 3, 0, 1, 0, 0, 2, 1, 1, 1, 0, 0, 0, 0, 2, 1, 0, 0, 0, 1, 3, 0, 0, 1, 0, 0, 1, 0, 2, 0, 1, 0, 2, 1, 0, 0, 1, 1, 3, 1, 1, 3, 3, 1, 0, 0, 2, 0, 0, 0, 0, 1, 0, 2, 0, 1, 0, 1, 1, 0, 0, 1, 0, 0, 0, 0, 1],824.1531664905515,57504.66170409152,92407.54974943638,true
14,G1_CMAX,G3_TWC,[31, 22, 82, 15, 26, 9, 95, 42, 77, 12, 47, 5, 93, 78, 86, 54, 85, 63, 18, 44, 20, 35, 43, 97, 91, 76, 10, 30, 21, 45, 71, 64, 1, 23, 17, 83, 24, 14, 60, 36, 41, 57, 40, 88, 65, 56, 79, 94, 67, 68, 46, 75, 38, 58, 19, 32, 81, 6, 27, 62, 87, 90, 99, 59, 11, 16, 72, 73, 69, 39, 37, 84, 3, 92, 25, 34, 28, 29, 51, 7, 66, 61, 98, 48, 89, 50, 33, 96, 53, 80, 4, 8, 55, 2, 52, 13, 0, 70, 74, 49]|[1, 1, 0, 1, 1, 0, 1, 2, 2, 1, 2, 2, 2, 1, 1, 0, 0, 1, 0, 2, 2, 0, 1, 2, 0, 1, 2, 2, 0, 0, 1, 2, 1, 2, 1, 0, 2, 0, 1, 1, 0, 1, 1, 1, 0, 2, 1, 1, 0, 0, 0, 0, 1, 1, 2, 1, 2, 0, 0, 0, 2, 1, 0, 1, 2, 1, 2, 1, 1, 1, 1, 1, 1, 1, 1, 2, 0, 0, 0, 1, 2, 1, 2, 0, 1, 0, 2, 0, 0, 0, 0, 0, 2, 0, 1, 0, 0, 1, 2, 0]|[4, 3, 2, 2, 4, 1, 2, 2, 2, 4, 1, 1, 2, 4, 4, 1, 2, 4, 2, 1, 1, 1, 1, 2, 1, 2, 1, 1, 1, 1, 3, 1, 3, 0, 4, 0, 1, 1, 0, 3, 2, 2, 2, 0, 1, 1, 0, 4, 0, 1, 2, 2, 1, 4, 0, 3, 2, 2, 1, 2, 1, 3, 1, 1, 1, 3, 0, 4, 3, 1, 4, 1, 1, 3, 4, 1, 2, 1, 1, 1, 1, 3, 1, 1, 1, 1, 1, 1, 2, 1, 2, 1, 1, 2, 1, 2, 2, 4, 1, 1]|[0, 2, 1, 1, 3, 0, 1, 0, 0, 0, 0, 0, 1, 0, 1, 0, 0, 3, 1, 0, 0, 0, 3, 1, 0, 2, 0, 0, 0, 1, 0, 0, 0, 0, 3, 0, 1, 0, 0, 2, 1, 1, 1, 0, 0, 0, 0, 2, 1, 0, 0, 0, 1, 3, 0, 0, 1, 1, 0, 1, 0, 2, 0, 1, 0, 2, 1, 0, 0, 1, 1, 3, 1, 0, 3, 0, 1, 0, 0, 2, 0, 0, 0, 0, 1, 0, 0, 0, 1, 0, 1, 0, 0, 0, 1, 0, 0, 2, 0, 1],820.4831989416904,57457.48069083397,92646.38509429291,true
14,G4_BALANCED,G3_TWC,[31, 22, 82, 15, 26, 9, 95, 42, 77, 12, 47, 5, 93, 78, 86, 54, 85, 63, 18, 44, 20, 35, 43, 97, 91, 76, 10, 30, 21, 45, 71, 64, 1, 23, 17, 83, 24, 14, 60, 36, 41, 57, 40, 88, 65, 56, 6, 79, 94, 67, 68, 46, 75, 38, 58, 19, 32, 81, 96, 27, 62, 90, 99, 59, 11, 16, 72, 73, 69, 28, 37, 84, 3, 92, 25, 55, 39, 29, 51, 7, 66, 70, 98, 33, 89, 50, 48, 87, 80, 53, 8, 4, 34, 2, 52, 49, 0, 61, 74, 13]|[1, 1, 0, 1, 1, 0, 1, 2, 2, 2, 2, 2, 2, 2, 2, 0, 0, 0, 1, 2, 2, 0, 0, 2, 0, 0, 2, 2, 2, 0, 1, 2, 1, 1, 1, 0, 0, 0, 1, 1, 0, 1, 1, 1, 0, 2, 0, 1, 1, 0, 0, 0, 0, 1, 1, 2, 1, 2, 0, 0, 0, 1, 0, 1, 2, 1, 2, 1, 1, 1, 1, 1, 1, 0, 1, 1, 0, 0, 0, 1, 2, 1, 2, 0, 1, 0, 0, 0, 0, 0, 1, 0, 2, 0, 1, 0, 0, 1, 2, 0]|[4, 3, 2, 2, 4, 1, 2, 2, 2, 2, 1, 1, 2, 2, 1, 1, 2, 2, 4, 1, 1, 1, 1, 2, 1, 1, 1, 1, 1, 1, 3, 2, 3, 3, 4, 0, 0, 1, 0, 3, 2, 2, 2, 2, 1, 1, 1, 0, 4, 0, 1, 2, 2, 1, 4, 0, 3, 2, 1, 1, 2, 3, 1, 1, 1, 3, 0, 4, 3, 1, 4, 1, 1, 0, 4, 4, 2, 1, 1, 1, 1, 3, 1, 2, 1, 1, 1, 1, 1, 2, 3, 2, 1, 2, 1, 1, 2, 3, 1, 2]|[0, 2, 1, 1, 3, 0, 1, 0, 0, 0, 0, 0, 1, 1, 0, 0, 0, 0, 3, 0, 0, 0, 0, 1, 0, 0, 0, 0, 0, 1, 0, 0, 0, 0, 3, 0, 0, 0, 0, 2, 1, 1, 1, 1, 0, 0, 0, 0, 2, 1, 0, 0, 0, 1, 3, 0, 0, 1, 0, 0, 1, 2, 0, 1, 0, 2, 1, 0, 0, 1, 1, 3, 1, 1, 3, 3, 1, 0, 0, 2, 0, 0, 0, 1, 1, 0, 0, 0, 0, 1, 2, 1, 0, 0, 1, 1, 0, 0, 0, 0],890.4143580255544,56989.99065408122,91884.80029046525,true
14,G2_TEC,G4_BALANCED,[31, 22, 82, 15, 26, 9, 95, 42, 77, 68, 47, 5, 93, 78, 86, 54, 85, 63, 18, 44, 20, 49, 36, 14, 74, 50, 53, 17, 21, 28, 71, 64, 3, 23, 30, 83, 24, 41, 60, 52, 65, 27, 90, 70, 39, 87, 48, 69, 99, 4, 46, 1, 13, 58, 97, 59, 45, 8, 73, 37, 35, 79, 11, 66, 76, 32, 40, 80, 96, 6, 16, 61, 33, 7, 57, 34, 12, 67, 10, 98, 56, 88, 29, 25, 91, 38, 19, 92, 43, 84, 51, 72, 81, 75, 2, 89, 0, 94, 55, 62]|[2, 1, 2, 1, 1, 2, 1, 1, 1, 1, 1, 0, 2, 2, 1, 2, 0, 0, 0, 2, 2, 1, 0, 2, 0, 2, 2, 1, 0, 1, 1, 1, 0, 0, 1, 0, 2, 1, 2, 2, 0, 0, 1, 1, 0, 2, 0, 2, 1, 0, 0, 2, 0, 0, 2, 0, 1, 1, 0, 0, 2, 1, 0, 2, 2, 0, 2, 2, 0, 1, 2, 1, 1, 2, 0, 1, 1, 1, 1, 2, 2, 1, 1, 1, 1, 0, 1, 0, 0, 0, 1, 1, 1, 0, 2, 1, 0, 1, 0, 1]|[0, 3, 0, 3, 4, 1, 4, 4, 2, 4, 3, 2, 1, 0, 2, 1, 1, 1, 2, 1, 1, 3, 0, 1, 0, 1, 1, 4, 1, 4, 3, 2, 2, 0, 4, 1, 1, 4, 0, 1, 2, 1, 4, 4, 1, 1, 0, 2, 3, 1, 2, 1, 2, 1, 1, 2, 4, 3, 0, 2, 2, 3, 1, 0, 1, 2, 0, 1, 2, 4, 1, 3, 4, 1, 2, 4, 3, 3, 3, 1, 1, 4, 3, 4, 3, 2, 4, 2, 2, 2, 3, 4, 1, 2, 1, 4, 2, 4, 2, 3]|[0, 2, 0, 0, 3, 0, 1, 3, 0, 0, 2, 0, 1, 0, 1, 0, 0, 0, 1, 0, 0, 2, 0, 0, 1, 0, 0, 3, 0, 1, 0, 2, 0, 0, 3, 0, 1, 3, 1, 0, 0, 0, 1, 3, 0, 0, 1, 0, 2, 0, 0, 0, 0, 0, 1, 0, 1, 0, 1, 1, 0, 2, 0, 0, 0, 0, 0, 0, 0, 2, 0, 0, 1, 0, 0, 1, 0, 0, 3, 0, 0, 1, 0, 3, 0, 0, 3, 0, 0, 0, 0, 2, 1, 0, 0, 1, 0, 2, 0, 0],899.58947830753,51186.06775193036,109567.87718231812,true
14,G3_TWC,G1_CMAX,[31, 22, 82, 15, 26, 9, 95, 42, 77, 12, 47, 5, 93, 78, 86, 54, 6, 63, 18, 44, 20, 35, 43, 97, 91, 76, 10, 30, 21, 45, 64, 71, 1, 23, 17, 83, 24, 14, 60, 36, 85, 57, 40, 88, 65, 56, 79, 94, 39, 68, 46, 75, 38, 58, 19, 32, 81, 41, 27, 62, 87, 90, 99, 59, 11, 16, 72, 73, 70, 67, 37, 84, 3, 92, 25, 55, 28, 29, 51, 8, 66, 61, 98, 48, 89, 50, 7, 96, 53, 80, 4, 33, 34, 2, 52, 13, 0, 69, 74, 49]|[1, 1, 0, 1, 1, 0, 1, 2, 2, 1, 2, 2, 2, 1, 1, 0, 0, 1, 0, 2, 2, 0, 1, 2, 0, 1, 2, 2, 0, 0, 1, 2, 1, 2, 1, 0, 2, 0, 1, 1, 0, 1, 1, 1, 0, 2, 1, 1, 0, 0, 0, 0, 1, 1, 2, 1, 2, 0, 0, 0, 2, 1, 0, 1, 2, 1, 2, 1, 1, 1, 1, 1, 1, 0, 1, 1, 0, 0, 0, 1, 0, 1, 0, 0, 1, 0, 1, 2, 0, 0, 0, 0, 2, 0, 1, 0, 0, 1, 2, 0]|[4, 3, 2, 2, 4, 1, 2, 2, 2, 4, 1, 1, 2, 4, 4, 1, 2, 4, 2, 1, 1, 1, 1, 2, 1, 2, 1, 1, 1, 1, 3, 2, 3, 0, 4, 0, 1, 1, 0, 3, 2, 2, 2, 0, 1, 1, 0, 4, 0, 1, 2, 2, 1, 4, 0, 3, 2, 1, 1, 2, 1, 3, 1, 1, 1, 3, 0, 4, 3, 1, 4, 1, 1, 0, 4, 4, 2, 1, 1, 3, 1, 3, 1, 1, 1, 1, 1, 1, 2, 1, 2, 2, 1, 2, 1, 2, 2, 3, 1, 1]|[0, 2, 1, 1, 3, 0, 1, 0, 0, 0, 0, 0, 1, 0, 1, 0, 1, 3, 1, 0, 0, 0, 3, 1, 0, 2, 0, 0, 0, 1, 0, 0, 0, 0, 3, 0, 1, 0, 0, 2, 1, 1, 1, 0, 0, 0, 0, 2, 1, 0, 0, 0, 1, 3, 0, 0, 1, 0, 0, 1, 0, 2, 0, 1, 0, 2, 1, 0, 0, 1, 1, 3, 1, 1, 3, 3, 1, 0, 0, 2, 0, 0, 0, 0, 1, 0, 2, 0, 1, 0, 1, 1, 0, 0, 1, 0, 0, 0, 0, 1],824.1531664905515,57504.66170409152,92407.54974943638,true
14,G1_CMAX,G4_BALANCED,[31, 22, 82, 15, 26, 58, 95, 42, 77, 12, 47, 5, 93, 78, 86, 54, 85, 63, 18, 72, 20, 35, 43, 97, 91, 76, 10, 30, 21, 45, 71, 64, 1, 23, 17, 83, 24, 14, 60, 36, 6, 57, 40, 88, 65, 56, 79, 94, 67, 68, 46, 75, 38, 9, 19, 32, 81, 48, 27, 62, 87, 90, 99, 59, 11, 16, 44, 73, 70, 39, 37, 84, 3, 92, 25, 55, 28, 29, 51, 7, 33, 61, 8, 41, 89, 50, 4, 96, 53, 80, 98, 66, 34, 2, 52, 13, 0, 69, 74, 49]|[1, 1, 0, 1, 1, 0, 1, 2, 2, 1, 2, 2, 2, 1, 1, 0, 0, 1, 0, 2, 2, 0, 1, 2, 0, 1, 2, 2, 0, 0, 1, 2, 1, 2, 1, 0, 2, 0, 1, 1, 0, 1, 1, 1, 0, 2, 1, 1, 0, 0, 0, 0, 1, 1, 2, 1, 2, 0, 0, 0, 2, 1, 0, 1, 2, 1, 2, 1, 1, 1, 1, 1, 1, 0, 1, 2, 0, 0, 0, 1, 2, 1, 1, 0, 1, 0, 1, 2, 0, 0, 2, 2, 2, 0, 1, 0, 0, 1, 2, 0]|[4, 3, 2, 2, 4, 1, 2, 2, 2, 4, 1, 1, 2, 4, 4, 1, 2, 4, 2, 1, 1, 1, 1, 2, 1, 2, 1, 1, 1, 1, 3, 2, 3, 1, 4, 0, 1, 1, 0, 3, 2, 2, 2, 0, 1, 1, 0, 4, 0, 1, 2, 2, 1, 4, 0, 3, 2, 1, 1, 2, 1, 3, 1, 1, 1, 3, 1, 4, 3, 1, 4, 1, 1, 0, 4, 1, 2, 1, 1, 1, 1, 3, 3, 1, 1, 1, 4, 1, 2, 1, 1, 1, 1, 2, 1, 2, 2, 4, 1, 1]|[0, 2, 1, 1, 3, 0, 1, 0, 0, 0, 0, 0, 1, 0, 1, 0, 0, 3, 1, 0, 0, 0, 3, 1, 0, 2, 0, 0, 0, 1, 0, 0, 0, 0, 3, 0, 1, 0, 0, 2, 1, 1, 1, 0, 0, 0, 0, 2, 1, 0, 0, 0, 1, 3, 0, 0, 1, 0, 0, 1, 0, 2, 0, 1, 0, 2, 0, 0, 0, 1, 1, 3, 1, 1, 3, 0, 1, 0, 0, 2, 0, 0, 2, 0, 1, 0, 0, 0, 1, 0, 0, 0, 0, 0, 1, 0, 0, 2, 0, 1],760.8921659562272,56028.845701609054,95689.98563368633,true
14,G4_BALANCED,G3_TWC,[31, 22, 82, 15, 26, 9, 95, 42, 77, 12, 47, 5, 93, 78, 86, 54, 85, 63, 18, 44, 20, 35, 43, 97, 91, 76, 10, 30, 21, 45, 71, 64, 1, 23, 17, 83, 24, 14, 60, 36, 41, 57, 40, 88, 65, 56, 6, 79, 94, 67, 68, 46, 75, 38, 58, 19, 32, 81, 96, 27, 62, 90, 99, 59, 11, 16, 72, 73, 69, 28, 37, 84, 3, 92, 25, 55, 39, 29, 51, 7, 66, 70, 98, 33, 89, 50, 48, 87, 80, 53, 8, 4, 34, 2, 52, 49, 0, 61, 74, 13]|[1, 1, 0, 1, 1, 0, 1, 2, 2, 2, 2, 2, 2, 2, 2, 0, 0, 0, 1, 2, 2, 0, 0, 2, 0, 0, 2, 2, 2, 0, 1, 2, 1, 1, 1, 0, 0, 0, 1, 1, 0, 1, 1, 1, 0, 2, 0, 1, 1, 0, 0, 0, 0, 1, 1, 2, 1, 2, 0, 0, 0, 1, 0, 1, 2, 1, 2, 1, 1, 1, 1, 1, 1, 0, 1, 1, 0, 0, 0, 1, 2, 1, 2, 0, 1, 0, 0, 0, 0, 0, 1, 0, 2, 0, 1, 0, 0, 1, 2, 0]|[4, 3, 2, 2, 4, 1, 2, 2, 2, 2, 1, 1, 2, 2, 1, 1, 2, 2, 4, 1, 1, 1, 1, 2, 1, 1, 1, 1, 1, 1, 3, 2, 3, 3, 4, 0, 0, 1, 0, 3, 2, 2, 2, 2, 1, 1, 1, 0, 4, 0, 1, 2, 2, 1, 4, 0, 3, 2, 1, 1, 2, 3, 1, 1, 1, 3, 0, 4, 3, 1, 4, 1, 1, 0, 4, 4, 2, 1, 1, 1, 1, 3, 1, 2, 1, 1, 1, 1, 1, 2, 3, 2, 1, 2, 1, 1, 2, 3, 1, 2]|[0, 2, 1, 1, 3, 0, 1, 0, 0, 0, 0, 0, 1, 1, 0, 0, 0, 0, 3, 0, 0, 0, 0, 1, 0, 0, 0, 0, 0, 1, 0, 0, 0, 0, 3, 0, 0, 0, 0, 2, 1, 1, 1, 1, 0, 0, 0, 0, 2, 1, 0, 0, 0, 1, 3, 0, 0, 1, 0, 0, 1, 2, 0, 1, 0, 2, 1, 0, 0, 1, 1, 3, 1, 1, 3, 3, 1, 0, 0, 2, 0, 0, 0, 1, 1, 0, 0, 0, 0, 1, 2, 1, 0, 0, 1, 1, 0, 0, 0, 0],890.4143580255544,56989.99065408122,91884.80029046525,true
14,G2_TEC,G4_BALANCED,[31, 22, 82, 15, 26, 9, 95, 42, 77, 68, 47, 5, 93, 78, 86, 54, 85, 63, 18, 44, 20, 49, 36, 14, 74, 50, 53, 17, 21, 28, 71, 64, 3, 23, 30, 83, 24, 41, 60, 52, 65, 27, 90, 70, 39, 87, 48, 69, 99, 4, 46, 1, 13, 58, 97, 59, 45, 8, 73, 37, 35, 79, 11, 66, 76, 32, 40, 80, 96, 6, 16, 61, 33, 7, 57, 34, 12, 67, 10, 98, 56, 88, 29, 25, 91, 38, 19, 92, 43, 84, 51, 72, 81, 75, 2, 89, 0, 94, 55, 62]|[2, 1, 2, 1, 1, 2, 1, 1, 1, 1, 1, 0, 2, 2, 1, 2, 0, 0, 0, 2, 2, 1, 0, 2, 0, 2, 2, 1, 0, 1, 1, 1, 0, 0, 1, 0, 2, 1, 2, 2, 0, 0, 1, 1, 0, 2, 0, 2, 1, 0, 0, 2, 0, 0, 2, 0, 1, 1, 0, 0, 2, 1, 0, 2, 2, 0, 2, 2, 0, 1, 2, 1, 1, 2, 0, 1, 1, 1, 1, 2, 2, 1, 1, 1, 1, 0, 1, 0, 0, 0, 1, 1, 1, 0, 2, 1, 0, 1, 0, 1]|[0, 3, 0, 3, 4, 1, 4, 4, 2, 4, 3, 2, 1, 0, 2, 1, 1, 1, 2, 1, 1, 3, 0, 1, 0, 1, 1, 4, 1, 4, 3, 2, 2, 0, 4, 1, 1, 4, 0, 1, 2, 1, 4, 4, 1, 1, 0, 2, 3, 1, 2, 1, 2, 1, 1, 2, 4, 3, 0, 2, 2, 3, 1, 0, 1, 2, 0, 1, 2, 4, 1, 3, 4, 1, 2, 4, 3, 3, 3, 1, 1, 4, 3, 4, 3, 2, 4, 2, 2, 2, 3, 4, 1, 2, 1, 4, 2, 4, 2, 3]|[0, 2, 0, 0, 3, 0, 1, 3, 0, 0, 2, 0, 1, 0, 1, 0, 0, 0, 1, 0, 0, 2, 0, 0, 1, 0, 0, 3, 0, 1, 0, 2, 0, 0, 3, 0, 1, 3, 1, 0, 0, 0, 1, 3, 0, 0, 1, 0, 2, 0, 0, 0, 0, 0, 1, 0, 1, 0, 1, 1, 0, 2, 0, 0, 0, 0, 0, 0, 0, 2, 0, 0, 1, 0, 0, 1, 0, 0, 3, 0, 0, 1, 0, 3, 0, 0, 3, 0, 0, 0, 0, 2, 1, 0, 0, 1, 0, 2, 0, 0],899.58947830753,51186.06775193036,109567.87718231812,true
14,G3_TWC,G1_CMAX,[31, 22, 82, 15, 26, 9, 95, 42, 77, 12, 47, 5, 93, 78, 86, 54, 6, 63, 18, 44, 20, 35, 43, 97, 91, 76, 10, 30, 21, 45, 64, 71, 1, 23, 17, 83, 24, 14, 60, 36, 85, 57, 40, 88, 65, 56, 79, 94, 39, 68, 46, 75, 38, 58, 19, 32, 81, 41, 27, 62, 87, 90, 99, 59, 11, 16, 72, 73, 70, 67, 37, 84, 3, 92, 25, 55, 28, 29, 51, 8, 66, 61, 98, 48, 89, 50, 7, 96, 53, 80, 4, 33, 34, 2, 52, 13, 0, 69, 74, 49]|[1, 1, 0, 1, 1, 0, 1, 2, 2, 1, 2, 2, 2, 1, 1, 0, 0, 1, 0, 2, 2, 0, 1, 2, 0, 1, 2, 2, 0, 0, 1, 2, 1, 2, 1, 0, 2, 0, 1, 1, 0, 1, 1, 1, 0, 2, 1, 1, 0, 0, 0, 0, 1, 1, 2, 1, 2, 0, 0, 0, 2, 1, 0, 1, 2, 1, 2, 1, 1, 1, 1, 1, 1, 0, 1, 1, 0, 0, 0, 1, 0, 1, 0, 0, 1, 0, 1, 2, 0, 0, 0, 0, 2, 0, 1, 0, 0, 1, 2, 0]|[4, 3, 2, 2, 4, 1, 2, 2, 2, 4, 1, 1, 2, 4, 4, 1, 2, 4, 2, 1, 1, 1, 1, 2, 1, 2, 1, 1, 1, 1, 3, 2, 3, 0, 4, 0, 1, 1, 0, 3, 2, 2, 2, 0, 1, 1, 0, 4, 0, 1, 2, 2, 1, 4, 0, 3, 2, 1, 1, 2, 1, 3, 1, 1, 1, 3, 0, 4, 3, 1, 4, 1, 1, 0, 4, 4, 2, 1, 1, 3, 1, 3, 1, 1, 1, 1, 1, 1, 2, 1, 2, 2, 1, 2, 1, 2, 2, 3, 1, 1]|[0, 2, 1, 1, 3, 0, 1, 0, 0, 0, 0, 0, 1, 0, 1, 0, 1, 3, 1, 0, 0, 0, 3, 1, 0, 2, 0, 0, 0, 1, 0, 0, 0, 0, 3, 0, 1, 0, 0, 2, 1, 1, 1, 0, 0, 0, 0, 2, 1, 0, 0, 0, 1, 3, 0, 0, 1, 0, 0, 1, 0, 2, 0, 1, 0, 2, 1, 0, 0, 1, 1, 3, 1, 1, 3, 3, 1, 0, 0, 2, 0, 0, 0, 0, 1, 0, 2, 0, 1, 0, 1, 1, 0, 0, 1, 0, 0, 0, 0, 1],824.1531664905515,57504.66170409152,92407.54974943638,true
14,G1_CMAX,G4_BALANCED,[31, 22, 82, 15, 26, 58, 95, 42, 77, 12, 47, 5, 93, 78, 86, 54, 85, 63, 18, 44, 20, 35, 43, 97, 91, 76, 10, 30, 21, 45, 71, 64, 1, 23, 17, 83, 24, 14, 60, 36, 41, 57, 40, 88, 65, 56, 79, 94, 67, 68, 46, 75, 38, 9, 19, 32, 81, 6, 27, 62, 87, 90, 99, 59, 11, 16, 72, 73, 69, 39, 37, 84, 3, 48, 25, 55, 28, 29, 51, 7, 66, 61, 98, 92, 89, 8, 33, 96, 53, 80, 50, 4, 34, 2, 52, 13, 0, 70, 74, 49]|[1, 1, 0, 1, 1, 0, 1, 2, 2, 1, 2, 2, 2, 1, 1, 0, 0, 1, 0, 2, 2, 0, 1, 2, 0, 1, 2, 2, 0, 0, 1, 2, 1, 2, 1, 0, 2, 0, 1, 1, 0, 1, 1, 1, 0, 2, 1, 1, 0, 0, 0, 0, 1, 1, 2, 1, 2, 0, 0, 0, 2, 1, 0, 1, 2, 1, 2, 1, 1, 1, 1, 1, 1, 0, 1, 1, 0, 0, 0, 1, 2, 1, 2, 0, 1, 0, 2, 0, 0, 0, 0, 0, 2, 0, 1, 0, 0, 1, 2, 0]|[4, 3, 2, 2, 4, 1, 2, 2, 2, 4, 1, 1, 2, 4, 4, 1, 2, 4, 2, 1, 1, 1, 1, 2, 1, 2, 1, 1, 1, 1, 3, 2, 3, 0, 4, 0, 1, 1, 0, 3, 2, 2, 2, 0, 1, 1, 0, 4, 0, 1, 2, 2, 1, 4, 0, 3, 2, 2, 1, 2, 1, 3, 1, 1, 1, 3, 0, 4, 3, 1, 4, 1, 1, 1, 4, 4, 2, 1, 1, 1, 1, 3, 1, 1, 1, 1, 1, 1, 2, 1, 1, 2, 1, 2, 1, 2, 2, 4, 1, 1]|[0, 2, 1, 1, 3, 0, 1, 0, 0, 0, 0, 0, 1, 0, 1, 0, 0, 3, 1, 0, 0, 0, 3, 1, 0, 2, 0, 0, 0, 1, 0, 0, 0, 0, 3, 0, 1, 0, 0, 2, 1, 1, 1, 0, 0, 0, 0, 2, 1, 0, 0, 0, 1, 3, 0, 0, 1, 1, 0, 1, 0, 2, 0, 1, 0, 2, 1, 0, 0, 1, 1, 3, 1, 0, 3, 3, 1, 0, 0, 2, 0, 0, 0, 0, 1, 0, 0, 0, 1, 0, 0, 1, 0, 0, 1, 0, 0, 2, 0, 1],830.8147630854018,57443.905708792314,92136.20279689421,true
14,G4_BALANCED,G3_TWC,[31, 22, 82, 15, 26, 9, 95, 42, 77, 12, 47, 5, 93, 78, 86, 54, 85, 63, 18, 44, 20, 35, 43, 97, 91, 76, 10, 30, 21, 45, 71, 64, 1, 23, 17, 83, 24, 14, 60, 36, 41, 57, 40, 88, 65, 56, 6, 79, 94, 67, 68, 46, 75, 38, 58, 19, 32, 81, 96, 27, 62, 90, 99, 59, 11, 16, 72, 73, 69, 28, 37, 84, 3, 92, 25, 55, 39, 29, 51, 7, 66, 70, 98, 33, 89, 50, 48, 87, 80, 53, 8, 4, 34, 2, 52, 49, 0, 61, 74, 13]|[1, 1, 0, 1, 1, 0, 1, 2, 2, 2, 2, 2, 2, 2, 2, 0, 0, 0, 1, 2, 2, 0, 0, 2, 0, 0, 2, 2, 2, 0, 1, 2, 1, 1, 1, 0, 0, 0, 1, 1, 0, 1, 1, 1, 0, 2, 0, 1, 1, 0, 0, 0, 0, 1, 1, 2, 1, 2, 0, 0, 0, 1, 0, 1, 2, 1, 2, 1, 1, 1, 1, 1, 1, 0, 1, 1, 0, 0, 0, 1, 2, 1, 2, 0, 1, 0, 0, 0, 0, 0, 1, 0, 2, 0, 1, 0, 0, 1, 2, 0]|[4, 3, 2, 2, 4, 1, 2, 2, 2, 2, 1, 1, 2, 2, 1, 1, 2, 2, 4, 1, 1, 1, 1, 2, 1, 1, 1, 1, 1, 1, 3, 2, 3, 3, 4, 0, 0, 1, 0, 3, 2, 2, 2, 2, 1, 1, 1, 0, 4, 0, 1, 2, 2, 1, 4, 0, 3, 2, 1, 1, 2, 3, 1, 1, 1, 3, 0, 4, 3, 1, 4, 1, 1, 0, 4, 4, 2, 1, 1, 1, 1, 3, 1, 2, 1, 1, 1, 1, 1, 2, 3, 2, 1, 2, 1, 1, 2, 3, 1, 2]|[0, 2, 1, 1, 3, 0, 1, 0, 0, 0, 0, 0, 1, 1, 0, 0, 0, 0, 3, 0, 0, 0, 0, 1, 0, 0, 0, 0, 0, 1, 0, 0, 0, 0, 3, 0, 0, 0, 0, 2, 1, 1, 1, 1, 0, 0, 0, 0, 2, 1, 0, 0, 0, 1, 3, 0, 0, 1, 0, 0, 1, 2, 0, 1, 0, 2, 1, 0, 0, 1, 1, 3, 1, 1, 3, 3, 1, 0, 0, 2, 0, 0, 0, 1, 1, 0, 0, 0, 0, 1, 2, 1, 0, 0, 1, 1, 0, 0, 0, 0],890.4143580255544,56989.99065408122,91884.80029046525,true
14,G2_TEC,G4_BALANCED,[31, 22, 82, 15, 26, 9, 95, 42, 77, 68, 47, 5, 93, 78, 86, 54, 85, 63, 18, 44, 20, 49, 36, 14, 74, 50, 53, 17, 21, 28, 71, 64, 3, 23, 30, 83, 24, 41, 60, 52, 65, 27, 90, 70, 39, 87, 48, 69, 99, 4, 46, 1, 13, 58, 97, 59, 45, 8, 73, 37, 35, 79, 11, 66, 76, 32, 40, 80, 96, 6, 16, 61, 33, 7, 57, 34, 12, 67, 10, 98, 56, 88, 29, 25, 91, 38, 19, 92, 43, 84, 51, 72, 81, 75, 2, 89, 0, 94, 55, 62]|[2, 1, 2, 1, 1, 2, 1, 1, 1, 1, 1, 0, 2, 2, 1, 2, 0, 0, 0, 2, 2, 1, 0, 2, 0, 2, 2, 1, 0, 1, 1, 1, 0, 0, 1, 0, 2, 1, 2, 2, 0, 0, 1, 1, 0, 2, 0, 2, 1, 0, 0, 2, 0, 0, 2, 0, 1, 1, 0, 0, 2, 1, 0, 2, 2, 0, 2, 2, 0, 1, 2, 1, 1, 2, 0, 1, 1, 1, 1, 2, 2, 1, 1, 1, 1, 0, 1, 0, 0, 0, 1, 1, 1, 0, 2, 1, 0, 1, 0, 1]|[0, 3, 0, 3, 4, 1, 4, 4, 2, 4, 3, 2, 1, 0, 2, 1, 1, 1, 2, 1, 1, 3, 0, 1, 0, 1, 1, 4, 1, 4, 3, 2, 2, 0, 4, 1, 1, 4, 0, 1, 2, 1, 4, 4, 1, 1, 0, 2, 3, 1, 2, 1, 2, 1, 1, 2, 4, 3, 0, 2, 2, 3, 1, 0, 1, 2, 0, 1, 2, 4, 1, 3, 4, 1, 2, 4, 3, 3, 3, 1, 1, 4, 3, 4, 3, 2, 4, 2, 2, 2, 3, 4, 1, 2, 1, 4, 2, 4, 2, 3]|[0, 2, 0, 0, 3, 0, 1, 3, 0, 0, 2, 0, 1, 0, 1, 0, 0, 0, 1, 0, 0, 2, 0, 0, 1, 0, 0, 3, 0, 1, 0, 2, 0, 0, 3, 0, 1, 3, 1, 0, 0, 0, 1, 3, 0, 0, 1, 0, 2, 0, 0, 0, 0, 0, 1, 0, 1, 0, 1, 1, 0, 2, 0, 0, 0, 0, 0, 0, 0, 2, 0, 0, 1, 0, 0, 1, 0, 0, 3, 0, 0, 1, 0, 3, 0, 0, 3, 0, 0, 0, 0, 2, 1, 0, 0, 1, 0, 2, 0, 0],899.58947830753,51186.06775193036,109567.87718231812,true
14,G3_TWC,G1_CMAX,[31, 22, 82, 15, 26, 9, 95, 42, 77, 12, 47, 5, 93, 78, 86, 54, 6, 63, 18, 44, 20, 35, 43, 97, 91, 76, 10, 30, 21, 45, 64, 71, 1, 23, 17, 83, 24, 14, 60, 36, 85, 57, 40, 88, 65, 56, 79, 94, 39, 68, 46, 75, 38, 58, 19, 32, 81, 41, 27, 62, 87, 90, 99, 59, 11, 16, 72, 73, 70, 67, 37, 84, 3, 92, 25, 55, 28, 29, 51, 8, 66, 61, 98, 48, 89, 50, 7, 96, 53, 80, 4, 33, 34, 2, 52, 13, 0, 69, 74, 49]|[1, 1, 0, 1, 1, 0, 1, 2, 2, 1, 2, 2, 2, 1, 1, 0, 0, 1, 0, 2, 2, 0, 1, 2, 0, 1, 2, 2, 0, 0, 1, 2, 1, 2, 1, 0, 2, 0, 1, 1, 0, 1, 1, 1, 0, 2, 1, 1, 0, 0, 0, 0, 1, 1, 2, 1, 2, 0, 0, 0, 2, 1, 0, 1, 2, 1, 2, 1, 1, 1, 1, 1, 1, 0, 1, 1, 0, 0, 0, 1, 0, 1, 0, 0, 1, 0, 1, 2, 0, 0, 0, 0, 2, 0, 1, 0, 0, 1, 2, 0]|[4, 3, 2, 2, 4, 1, 2, 2, 2, 4, 1, 1, 2, 4, 4, 1, 2, 4, 2, 1, 1, 1, 1, 2, 1, 2, 1, 1, 1, 1, 3, 2, 3, 0, 4, 0, 1, 1, 0, 3, 2, 2, 2, 0, 1, 1, 0, 4, 0, 1, 2, 2, 1, 4, 0, 3, 2, 1, 1, 2, 1, 3, 1, 1, 1, 3, 0, 4, 3, 1, 4, 1, 1, 0, 4, 4, 2, 1, 1, 3, 1, 3, 1, 1, 1, 1, 1, 1, 2, 1, 2, 2, 1, 2, 1, 2, 2, 3, 1, 1]|[0, 2, 1, 1, 3, 0, 1, 0, 0, 0, 0, 0, 1, 0, 1, 0, 1, 3, 1, 0, 0, 0, 3, 1, 0, 2, 0, 0, 0, 1, 0, 0, 0, 0, 3, 0, 1, 0, 0, 2, 1, 1, 1, 0, 0, 0, 0, 2, 1, 0, 0, 0, 1, 3, 0, 0, 1, 0, 0, 1, 0, 2, 0, 1, 0, 2, 1, 0, 0, 1, 1, 3, 1, 1, 3, 3, 1, 0, 0, 2, 0, 0, 0, 0, 1, 0, 2, 0, 1, 0, 1, 1, 0, 0, 1, 0, 0, 0, 0, 1],824.1531664905515,57504.66170409152,92407.54974943638,true
14,G1_CMAX,G1_CMAX,[31, 22, 82, 15, 26, 9, 95, 42, 77, 12, 47, 5, 93, 78, 86, 54, 6, 63, 18, 44, 20, 35, 43, 97, 91, 76, 10, 30, 21, 45, 71, 64, 1, 23, 17, 83, 24, 14, 60, 36, 85, 57, 40, 88, 65, 56, 79, 94, 67, 68, 46, 75, 38, 58, 19, 32, 81, 41, 62, 87, 28, 90, 99, 59, 11, 72, 16, 73, 70, 39, 37, 84, 3, 92, 25, 34, 29, 55, 51, 7, 98, 61, 66, 48, 89, 50, 4, 96, 53, 80, 8, 33, 27, 2, 52, 13, 0, 69, 74, 49]|[1, 1, 0, 1, 1, 0, 1, 2, 2, 1, 2, 2, 2, 1, 1, 0, 0, 1, 0, 2, 2, 0, 1, 2, 2, 1, 2, 2, 0, 0, 1, 1, 1, 2, 1, 0, 2, 0, 1, 1, 0, 1, 1, 1, 0, 2, 1, 1, 0, 0, 0, 0, 1, 1, 2, 1, 2, 0, 0, 2, 2, 1, 0, 1, 2, 2, 1, 1, 1, 1, 1, 1, 1, 0, 1, 2, 0, 2, 0, 1, 2, 1, 0, 0, 1, 0, 1, 2, 0, 0, 1, 2, 0, 0, 1, 0, 0, 1, 2, 0]|[0, 3, 2, 2, 4, 1, 2, 2, 2, 4, 1, 1, 2, 4, 4, 1, 2, 4, 2, 1, 1, 1, 1, 2, 1, 2, 1, 1, 1, 1, 3, 3, 3, 0, 4, 0, 1, 1, 0, 3, 2, 2, 2, 0, 1, 1, 0, 4, 0, 1, 2, 2, 1, 4, 0, 3, 2, 1, 2, 1, 1, 3, 1, 1, 1, 0, 3, 4, 3, 1, 4, 1, 1, 0, 4, 1, 1, 1, 1, 1, 1, 3, 1, 1, 1, 1, 4, 1, 2, 1, 3, 1, 2, 2, 1, 2, 2, 4, 1, 1]|[0, 2, 1, 1, 3, 0, 1, 0, 0, 0, 0, 0, 1, 0, 1, 0, 0, 3, 1, 0, 0, 0, 3, 1, 0, 2, 0, 0, 0, 1, 0, 0, 0, 0, 3, 0, 1, 0, 0, 2, 1, 1, 1, 0, 0, 0, 0, 2, 1, 0, 0, 0, 1, 3, 0, 0, 1, 0, 1, 0, 0, 2, 0, 1, 0, 1, 2, 0, 0, 1, 1, 3, 1, 1, 3, 0, 0, 0, 0, 2, 0, 0, 0, 0, 1, 0, 0, 0, 1, 0, 2, 0, 1, 0, 1, 0, 0, 2, 0, 1],740.1000024547002,57245.26292476342,97017.87740826326,false
14,G4_BALANCED,G3_TWC,[31, 22, 82, 15, 26, 9, 95, 42, 77, 12, 47, 5, 93, 78, 86, 54, 85, 63, 18, 44, 20, 35, 43, 97, 91, 76, 10, 30, 21, 45, 71, 64, 1, 23, 17, 83, 24, 14, 60, 36, 41, 57, 40, 88, 65, 56, 6, 79, 94, 67, 68, 46, 75, 38, 58, 19, 32, 81, 96, 27, 62, 90, 99, 59, 11, 16, 72, 73, 69, 28, 37, 84, 3, 92, 25, 55, 39, 29, 51, 7, 66, 70, 98, 33, 89, 50, 48, 87, 80, 53, 8, 4, 34, 2, 52, 49, 0, 61, 74, 13]|[1, 1, 0, 1, 1, 0, 1, 2, 2, 2, 2, 2, 2, 2, 2, 0, 0, 0, 1, 2, 2, 0, 0, 2, 0, 0, 2, 2, 2, 0, 1, 2, 1, 1, 1, 0, 0, 0, 1, 1, 0, 1, 1, 1, 0, 2, 0, 1, 1, 0, 0, 0, 0, 1, 1, 2, 1, 2, 0, 0, 0, 1, 0, 1, 2, 1, 2, 1, 1, 1, 1, 1, 1, 0, 1, 1, 0, 0, 0, 1, 2, 1, 2, 0, 1, 0, 0, 0, 0, 0, 1, 0, 2, 0, 1, 0, 0, 1, 2, 0]|[4, 3, 2, 2, 4, 1, 2, 2, 2, 2, 1, 1, 2, 2, 1, 1, 2, 2, 4, 1, 1, 1, 1, 2, 1, 1, 1, 1, 1, 1, 3, 2, 3, 3, 4, 0, 0, 1, 0, 3, 2, 2, 2, 2, 1, 1, 1, 0, 4, 0, 1, 2, 2, 1, 4, 0, 3, 2, 1, 1, 2, 3, 1, 1, 1, 3, 0, 4, 3, 1, 4, 1, 1, 0, 4, 4, 2, 1, 1, 1, 1, 3, 1, 2, 1, 1, 1, 1, 1, 2, 3, 2, 1, 2, 1, 1, 2, 3, 1, 2]|[0, 2, 1, 1, 3, 0, 1, 0, 0, 0, 0, 0, 1, 1, 0, 0, 0, 0, 3, 0, 0, 0, 0, 1, 0, 0, 0, 0, 0, 1, 0, 0, 0, 0, 3, 0, 0, 0, 0, 2, 1, 1, 1, 1, 0, 0, 0, 0, 2, 1, 0, 0, 0, 1, 3, 0, 0, 1, 0, 0, 1, 2, 0, 1, 0, 2, 1, 0, 0, 1, 1, 3, 1, 1, 3, 3, 1, 0, 0, 2, 0, 0, 0, 1, 1, 0, 0, 0, 0, 1, 2, 1, 0, 0, 1, 1, 0, 0, 0, 0],890.4143580255544,56989.99065408122,91884.80029046525,true
14,G2_TEC,G4_BALANCED,[31, 22, 82, 15, 26, 9, 95, 42, 77, 68, 47, 5, 93, 78, 86, 54, 85, 63, 18, 44, 20, 49, 36, 14, 74, 50, 53, 17, 21, 28, 71, 64, 3, 23, 30, 83, 24, 41, 60, 52, 65, 27, 90, 70, 39, 87, 48, 69, 99, 4, 46, 1, 13, 58, 97, 59, 45, 8, 73, 37, 35, 79, 11, 66, 76, 32, 40, 80, 96, 6, 16, 61, 33, 7, 57, 34, 12, 67, 10, 98, 56, 88, 29, 25, 91, 38, 19, 92, 43, 84, 51, 72, 81, 75, 2, 89, 0, 94, 55, 62]|[2, 1, 2, 1, 1, 2, 1, 1, 1, 1, 1, 0, 2, 2, 1, 2, 0, 0, 0, 2, 2, 1, 0, 2, 0, 2, 2, 1, 0, 1, 1, 1, 0, 0, 1, 0, 2, 1, 2, 2, 0, 0, 1, 1, 0, 2, 0, 2, 1, 0, 0, 2, 0, 0, 2, 0, 1, 1, 0, 0, 2, 1, 0, 2, 2, 0, 2, 2, 0, 1, 2, 1, 1, 2, 0, 1, 1, 1, 1, 2, 2, 1, 1, 1, 1, 0, 1, 0, 0, 0, 1, 1, 1, 0, 2, 1, 0, 1, 0, 1]|[0, 3, 0, 3, 4, 1, 4, 4, 2, 4, 3, 2, 1, 0, 2, 1, 1, 1, 2, 1, 1, 3, 0, 1, 0, 1, 1, 4, 1, 4, 3, 2, 2, 0, 4, 1, 1, 4, 0, 1, 2, 1, 4, 4, 1, 1, 0, 2, 3, 1, 2, 1, 2, 1, 1, 2, 4, 3, 0, 2, 2, 3, 1, 0, 1, 2, 0, 1, 2, 4, 1, 3, 4, 1, 2, 4, 3, 3, 3, 1, 1, 4, 3, 4, 3, 2, 4, 2, 2, 2, 3, 4, 1, 2, 1, 4, 2, 4, 2, 3]|[0, 2, 0, 0, 3, 0, 1, 3, 0, 0, 2, 0, 1, 0, 1, 0, 0, 0, 1, 0, 0, 2, 0, 0, 1, 0, 0, 3, 0, 1, 0, 2, 0, 0, 3, 0, 1, 3, 1, 0, 0, 0, 1, 3, 0, 0, 1, 0, 2, 0, 0, 0, 0, 0, 1, 0, 1, 0, 1, 1, 0, 2, 0, 0, 0, 0, 0, 0, 0, 2, 0, 0, 1, 0, 0, 1, 0, 0, 3, 0, 0, 1, 0, 3, 0, 0, 3, 0, 0, 0, 0, 2, 1, 0, 0, 1, 0, 2, 0, 0],899.58947830753,51186.06775193036,109567.87718231812,true
14,G3_TWC,G1_CMAX,[31, 22, 82, 15, 26, 9, 95, 42, 77, 12, 47, 5, 93, 78, 86, 54, 6, 63, 18, 44, 20, 35, 43, 97, 91, 76, 10, 30, 21, 45, 64, 71, 1, 23, 17, 83, 24, 14, 60, 36, 85, 57, 40, 88, 65, 56, 79, 94, 39, 68, 46, 75, 38, 58, 19, 32, 81, 41, 27, 62, 87, 90, 99, 59, 11, 16, 72, 73, 70, 67, 37, 84, 3, 92, 25, 55, 28, 29, 51, 8, 66, 61, 98, 48, 89, 50, 7, 96, 53, 80, 4, 33, 34, 2, 52, 13, 0, 69, 74, 49]|[1, 1, 0, 1, 1, 0, 1, 2, 2, 1, 2, 2, 2, 1, 1, 0, 0, 1, 0, 2, 2, 0, 1, 2, 0, 1, 2, 2, 0, 0, 1, 2, 1, 2, 1, 0, 2, 0, 1, 1, 0, 1, 1, 1, 0, 2, 1, 1, 0, 0, 0, 0, 1, 1, 2, 1, 2, 0, 0, 0, 2, 1, 0, 1, 2, 1, 2, 1, 1, 1, 1, 1, 1, 0, 1, 1, 0, 0, 0, 1, 0, 1, 0, 0, 1, 0, 1, 2, 0, 0, 0, 0, 2, 0, 1, 0, 0, 1, 2, 0]|[4, 3, 2, 2, 4, 1, 2, 2, 2, 4, 1, 1, 2, 4, 4, 1, 2, 4, 2, 1, 1, 1, 1, 2, 1, 2, 1, 1, 1, 1, 3, 2, 3, 0, 4, 0, 1, 1, 0, 3, 2, 2, 2, 0, 1, 1, 0, 4, 0, 1, 2, 2, 1, 4, 0, 3, 2, 1, 1, 2, 1, 3, 1, 1, 1, 3, 0, 4, 3, 1, 4, 1, 1, 0, 4, 4, 2, 1, 1, 3, 1, 3, 1, 1, 1, 1, 1, 1, 2, 1, 2, 2, 1, 2, 1, 2, 2, 3, 1, 1]|[0, 2, 1, 1, 3, 0, 1, 0, 0, 0, 0, 0, 1, 0, 1, 0, 1, 3, 1, 0, 0, 0, 3, 1, 0, 2, 0, 0, 0, 1, 0, 0, 0, 0, 3, 0, 1, 0, 0, 2, 1, 1, 1, 0, 0, 0, 0, 2, 1, 0, 0, 0, 1, 3, 0, 0, 1, 0, 0, 1, 0, 2, 0, 1, 0, 2, 1, 0, 0, 1, 1, 3, 1, 1, 3, 3, 1, 0, 0, 2, 0, 0, 0, 0, 1, 0, 2, 0, 1, 0, 1, 1, 0, 0, 1, 0, 0, 0, 0, 1],824.1531664905515,57504.66170409152,92407.54974943638,true
15,G1_CMAX,G3_TWC,[31, 22, 82, 15, 26, 9, 95, 42, 77, 12, 47, 5, 93, 78, 86, 54, 85, 63, 18, 44, 20, 35, 43, 97, 91, 76, 10, 30, 21, 45, 71, 64, 1, 23, 17, 83, 24, 14, 60, 36, 6, 57, 40, 88, 65, 56, 79, 94, 67, 68, 46, 75, 38, 58, 19, 32, 81, 41, 27, 62, 87, 90, 99, 59, 11, 16, 72, 73, 69, 39, 37, 84, 3, 92, 25, 55, 28, 29, 51, 7, 66, 61, 98, 48, 89, 50, 4, 96, 53, 80, 8, 33, 34, 2, 52, 13, 0, 70, 74, 49]|[1, 1, 0, 1, 1, 0, 1, 2, 2, 1, 2, 2, 2, 1, 1, 0, 0, 1, 0, 2, 2, 0, 1, 2, 0, 1, 2, 2, 0, 0, 1, 2, 1, 2, 1, 0, 2, 0, 1, 1, 0, 1, 1, 1, 0, 2, 1, 1, 0, 0, 0, 0, 1, 1, 2, 1, 2, 0, 0, 0, 2, 1, 0, 1, 2, 1, 2, 1, 1, 1, 1, 1, 1, 0, 1, 1, 0, 0, 0, 1, 2, 1, 2, 0, 1, 0, 0, 0, 0, 0, 0, 2, 2, 0, 1, 0, 0, 1, 2, 0]|[4, 3, 2, 2, 4, 1, 2, 2, 2, 4, 1, 1, 2, 4, 4, 1, 2, 4, 2, 1, 1, 1, 1, 2, 1, 2, 1, 1, 1, 1, 3, 2, 3, 0, 4, 0, 1, 1, 0, 3, 2, 2, 2, 0, 1, 1, 0, 4, 0, 1, 2, 2, 1, 4, 0, 3, 2, 1, 1, 2, 1, 3, 1, 1, 1, 3, 0, 4, 3, 1, 4, 1, 1, 0, 4, 4, 2, 1, 1, 1, 1, 3, 1, 1, 1, 1, 2, 1, 2, 1, 1, 1, 1, 2, 1, 2, 2, 4, 1, 1]|[0, 2, 1, 1, 3, 0, 1, 0, 0, 0, 0, 0, 1, 0, 1, 0, 0, 3, 1, 0, 0, 0, 3, 1, 0, 2, 0, 0, 0, 1, 0, 0, 0, 0, 3, 0, 1, 0, 0, 2, 1, 1, 1, 0, 0, 0, 0, 2, 1, 0, 0, 0, 1, 3, 0, 0, 1, 0, 0, 1, 0, 2, 0, 1, 0, 2, 1, 0, 0, 1, 1, 3, 1, 1, 3, 3, 1, 0, 0, 2, 0, 0, 0, 0, 1, 0, 1, 0, 1, 0, 0, 0, 0, 0, 1, 0, 0, 2, 0, 1],840.8431132443527,57407.350903609346,92738.25784435248,true
15,G4_BALANCED,G3_TWC,[31, 22, 82, 15, 26, 9, 95, 42, 77, 12, 47, 5, 93, 78, 86, 54, 85, 63, 18, 44, 20, 35, 43, 97, 91, 76, 10, 30, 21, 45, 71, 64, 1, 23, 17, 83, 24, 14, 60, 36, 41, 57, 40, 88, 65, 56, 6, 79, 94, 67, 68, 46, 75, 38, 58, 19, 32, 81, 96, 27, 62, 90, 99, 59, 11, 16, 72, 73, 69, 28, 37, 84, 3, 92, 25, 55, 39, 29, 51, 7, 66, 70, 98, 33, 89, 50, 48, 87, 80, 53, 8, 4, 34, 2, 52, 49, 0, 61, 74, 13]|[1, 1, 0, 1, 1, 0, 1, 2, 2, 2, 2, 2, 2, 2, 2, 0, 0, 0, 1, 2, 2, 0, 0, 2, 0, 0, 2, 2, 2, 0, 1, 2, 1, 1, 1, 0, 0, 0, 1, 1, 0, 1, 1, 1, 0, 2, 0, 1, 1, 0, 0, 0, 0, 1, 1, 2, 1, 2, 0, 0, 0, 1, 0, 1, 2, 1, 2, 1, 1, 1, 1, 1, 1, 0, 1, 1, 0, 0, 0, 1, 2, 1, 2, 0, 1, 0, 0, 0, 0, 0, 1, 0, 2, 0, 1, 0, 0, 1, 2, 0]|[4, 3, 2, 2, 4, 1, 2, 2, 2, 2, 1, 1, 2, 2, 1, 1, 2, 2, 4, 1, 1, 1, 1, 2, 1, 1, 1, 1, 1, 1, 3, 2, 3, 3, 4, 0, 0, 1, 0, 3, 2, 2, 2, 2, 1, 1, 1, 0, 4, 0, 1, 2, 2, 1, 4, 0, 3, 2, 1, 1, 2, 3, 1, 1, 1, 3, 0, 4, 3, 1, 4, 1, 1, 0, 4, 4, 2, 1, 1, 1, 1, 3, 1, 2, 1, 1, 1, 1, 1, 2, 3, 2, 1, 2, 1, 1, 2, 3, 1, 2]|[0, 2, 1, 1, 3, 0, 1, 0, 0, 0, 0, 0, 1, 1, 0, 0, 0, 0, 3, 0, 0, 0, 0, 1, 0, 0, 0, 0, 0, 1, 0, 0, 0, 0, 3, 0, 0, 0, 0, 2, 1, 1, 1, 1, 0, 0, 0, 0, 2, 1, 0, 0, 0, 1, 3, 0, 0, 1, 0, 0, 1, 2, 0, 1, 0, 2, 1, 0, 0, 1, 1, 3, 1, 1, 3, 3, 1, 0, 0, 2, 0, 0, 0, 1, 1, 0, 0, 0, 0, 1, 2, 1, 0, 0, 1, 1, 0, 0, 0, 0],890.4143580255544,56989.99065408122,91884.80029046525,true
15,G2_TEC,G4_BALANCED,[31, 22, 82, 15, 26, 9, 95, 42, 77, 68, 47, 5, 93, 78, 86, 54, 85, 63, 18, 44, 20, 49, 36, 14, 74, 50, 53, 17, 21, 28, 71, 64, 3, 23, 30, 83, 24, 41, 60, 52, 65, 27, 90, 70, 39, 87, 48, 69, 99, 4, 46, 1, 13, 58, 97, 59, 45, 8, 73, 37, 35, 79, 11, 66, 76, 32, 40, 80, 96, 6, 16, 61, 33, 7, 57, 34, 12, 67, 10, 98, 56, 88, 29, 25, 91, 38, 19, 92, 43, 84, 51, 72, 81, 75, 2, 89, 0, 94, 55, 62]|[2, 1, 2, 1, 1, 2, 1, 1, 1, 1, 1, 0, 2, 2, 1, 2, 0, 0, 0, 2, 2, 1, 0, 2, 0, 2, 2, 1, 0, 1, 1, 1, 0, 0, 1, 0, 2, 1, 2, 2, 0, 0, 1, 1, 0, 2, 0, 2, 1, 0, 0, 2, 0, 0, 2, 0, 1, 1, 0, 0, 2, 1, 0, 2, 2, 0, 2, 2, 0, 1, 2, 1, 1, 2, 0, 1, 1, 1, 1, 2, 2, 1, 1, 1, 1, 0, 1, 0, 0, 0, 1, 1, 1, 0, 2, 1, 0, 1, 0, 1]|[0, 3, 0, 3, 4, 1, 4, 4, 2, 4, 3, 2, 1, 0, 2, 1, 1, 1, 2, 1, 1, 3, 0, 1, 0, 1, 1, 4, 1, 4, 3, 2, 2, 0, 4, 1, 1, 4, 0, 1, 2, 1, 4, 4, 1, 1, 0, 2, 3, 1, 2, 1, 2, 1, 1, 2, 4, 3, 0, 2, 2, 3, 1, 0, 1, 2, 0, 1, 2, 4, 1, 3, 4, 1, 2, 4, 3, 3, 3, 1, 1, 4, 3, 4, 3, 2, 4, 2, 2, 2, 3, 4, 1, 2, 1, 4, 2, 4, 2, 3]|[0, 2, 0, 0, 3, 0, 1, 3, 0, 0, 2, 0, 1, 0, 1, 0, 0, 0, 1, 0, 0, 2, 0, 0, 1, 0, 0, 3, 0, 1, 0, 2, 0, 0, 3, 0, 1, 3, 1, 0, 0, 0, 1, 3, 0, 0, 1, 0, 2, 0, 0, 0, 0, 0, 1, 0, 1, 0, 1, 1, 0, 2, 0, 0, 0, 0, 0, 0, 0, 2, 0, 0, 1, 0, 0, 1, 0, 0, 3, 0, 0, 1, 0, 3, 0, 0, 3, 0, 0, 0, 0, 2, 1, 0, 0, 1, 0, 2, 0, 0],899.58947830753,51186.06775193036,109567.87718231812,true
15,G3_TWC,G1_CMAX,[31, 22, 82, 15, 26, 9, 95, 42, 77, 12, 47, 5, 93, 78, 86, 54, 6, 63, 18, 44, 20, 35, 43, 97, 91, 76, 10, 30, 21, 45, 64, 71, 1, 23, 17, 83, 24, 14, 60, 36, 85, 57, 40, 88, 65, 56, 79, 94, 39, 68, 46, 75, 38, 58, 19, 32, 81, 41, 27, 62, 87, 90, 99, 59, 11, 16, 72, 73, 70, 67, 37, 84, 3, 92, 25, 55, 28, 29, 51, 8, 66, 61, 98, 48, 89, 50, 7, 96, 53, 80, 4, 33, 34, 2, 52, 13, 0, 69, 74, 49]|[1, 1, 0, 1, 1, 0, 1, 2, 2, 1, 2, 2, 2, 1, 1, 0, 0, 1, 0, 2, 2, 0, 1, 2, 0, 1, 2, 2, 0, 0, 1, 2, 1, 2, 1, 0, 2, 0, 1, 1, 0, 1, 1, 1, 0, 2, 1, 1, 0, 0, 0, 0, 1, 1, 2, 1, 2, 0, 0, 0, 2, 1, 0, 1, 2, 1, 2, 1, 1, 1, 1, 1, 1, 0, 1, 1, 0, 0, 0, 1, 0, 1, 0, 0, 1, 0, 1, 2, 0, 0, 0, 0, 2, 0, 1, 0, 0, 1, 2, 0]|[4, 3, 2, 2, 4, 1, 2, 2, 2, 4, 1, 1, 2, 4, 4, 1, 2, 4, 2, 1, 1, 1, 1, 2, 1, 2, 1, 1, 1, 1, 3, 2, 3, 0, 4, 0, 1, 1, 0, 3, 2, 2, 2, 0, 1, 1, 0, 4, 0, 1, 2, 2, 1, 4, 0, 3, 2, 1, 1, 2, 1, 3, 1, 1, 1, 3, 0, 4, 3, 1, 4, 1, 1, 0, 4, 4, 2, 1, 1, 3, 1, 3, 1, 1, 1, 1, 1, 1, 2, 1, 2, 2, 1, 2, 1, 2, 2, 3, 1, 1]|[0, 2, 1, 1, 3, 0, 1, 0, 0, 0, 0, 0, 1, 0, 1, 0, 1, 3, 1, 0, 0, 0, 3, 1, 0, 2, 0, 0, 0, 1, 0, 0, 0, 0, 3, 0, 1, 0, 0, 2, 1, 1, 1, 0, 0, 0, 0, 2, 1, 0, 0, 0, 1, 3, 0, 0, 1, 0, 0, 1, 0, 2, 0, 1, 0, 2, 1, 0, 0, 1, 1, 3, 1, 1, 3, 3, 1, 0, 0, 2, 0, 0, 0, 0, 1, 0, 2, 0, 1, 0, 1, 1, 0, 0, 1, 0, 0, 0, 0, 1],824.1531664905515,57504.66170409152,92407.54974943638,true
15,G1_CMAX,G1_CMAX,[31, 22, 82, 15, 26, 9, 95, 42, 77, 12, 47, 5, 93, 78, 86, 54, 6, 63, 18, 44, 20, 35, 43, 97, 91, 76, 10, 30, 21, 45, 71, 64, 1, 23, 17, 83, 24, 14, 60, 36, 85, 57, 40, 88, 65, 56, 79, 94, 67, 68, 46, 75, 38, 58, 19, 32, 81, 41, 62, 87, 28, 90, 99, 59, 11, 72, 16, 73, 70, 39, 37, 84, 3, 92, 25, 34, 29, 55, 51, 7, 98, 61, 66, 48, 89, 50, 4, 96, 53, 80, 8, 33, 27, 2, 52, 13, 0, 69, 74, 49]|[1, 1, 0, 1, 1, 0, 1, 2, 2, 1, 2, 2, 2, 1, 1, 0, 0, 1, 0, 2, 2, 0, 1, 2, 2, 1, 2, 2, 0, 0, 1, 1, 1, 2, 1, 0, 2, 0, 1, 1, 0, 1, 1, 1, 0, 2, 1, 1, 0, 0, 0, 0, 1, 1, 2, 1, 2, 0, 0, 2, 2, 1, 0, 1, 2, 2, 1, 1, 1, 1, 1, 1, 1, 0, 1, 2, 0, 2, 0, 1, 2, 1, 0, 0, 1, 0, 1, 2, 0, 0, 1, 2, 0, 0, 1, 0, 0, 1, 2, 0]|[0, 3, 2, 2, 4, 1, 2, 2, 2, 4, 1, 1, 2, 4, 4, 1, 2, 4, 2, 1, 1, 1, 1, 2, 1, 2, 1, 1, 1, 1, 3, 3, 3, 0, 4, 0, 1, 1, 0, 3, 2, 2, 2, 0, 1, 1, 0, 4, 0, 1, 2, 2, 1, 4, 0, 3, 2, 1, 2, 1, 1, 3, 1, 1, 1, 0, 3, 4, 3, 1, 4, 1, 1, 0, 4, 1, 1, 1, 1, 1, 1, 3, 1, 1, 1, 1, 4, 1, 2, 1, 3, 1, 2, 2, 1, 2, 2, 4, 1, 1]|[0, 2, 1, 1, 3, 0, 1, 0, 0, 0, 0, 0, 1, 0, 1, 0, 0, 3, 1, 0, 0, 0, 3, 1, 0, 2, 0, 0, 0, 1, 0, 0, 0, 0, 3, 0, 1, 0, 0, 2, 1, 1, 1, 0, 0, 0, 0, 2, 1, 0, 0, 0, 1, 3, 0, 0, 1, 0, 1, 0, 0, 2, 0, 1, 0, 1, 2, 0, 0, 1, 1, 3, 1, 1, 3, 0, 0, 0, 0, 2, 0, 0, 0, 0, 1, 0, 0, 0, 1, 0, 2, 0, 1, 0, 1, 0, 0, 2, 0, 1],740.1000024547002,57245.26292476342,97017.87740826326,false
15,G4_BALANCED,G3_TWC,[31, 22, 82, 15, 26, 9, 95, 42, 77, 12, 47, 5, 93, 78, 86, 54, 85, 63, 18, 44, 20, 35, 43, 97, 91, 76, 10, 30, 21, 45, 71, 64, 1, 23, 17, 83, 24, 14, 60, 36, 41, 57, 40, 88, 65, 56, 6, 79, 94, 67, 68, 46, 75, 38, 58, 19, 32, 81, 96, 27, 62, 90, 99, 59, 11, 16, 72, 73, 69, 28, 37, 84, 3, 92, 25, 55, 39, 29, 51, 7, 66, 70, 98, 33, 89, 50, 48, 87, 80, 53, 8, 4, 34, 2, 52, 49, 0, 61, 74, 13]|[1, 1, 0, 1, 1, 0, 1, 2, 2, 2, 2, 2, 2, 2, 2, 0, 0, 0, 1, 2, 2, 0, 0, 2, 0, 0, 2, 2, 2, 0, 1, 2, 1, 1, 1, 0, 0, 0, 1, 1, 0, 1, 1, 1, 0, 2, 0, 1, 1, 0, 0, 0, 0, 1, 1, 2, 1, 2, 0, 0, 0, 1, 0, 1, 2, 1, 2, 1, 1, 1, 1, 1, 1, 0, 1, 1, 0, 0, 0, 1, 2, 1, 2, 0, 1, 0, 0, 0, 0, 0, 1, 0, 2, 0, 1, 0, 0, 1, 2, 0]|[4, 3, 2, 2, 4, 1, 2, 2, 2, 2, 1, 1, 2, 2, 1, 1, 2, 2, 4, 1, 1, 1, 1, 2, 1, 1, 1, 1, 1, 1, 3, 2, 3, 3, 4, 0, 0, 1, 0, 3, 2, 2, 2, 2, 1, 1, 1, 0, 4, 0, 1, 2, 2, 1, 4, 0, 3, 2, 1, 1, 2, 3, 1, 1, 1, 3, 0, 4, 3, 1, 4, 1, 1, 0, 4, 4, 2, 1, 1, 1, 1, 3, 1, 2, 1, 1, 1, 1, 1, 2, 3, 2, 1, 2, 1, 1, 2, 3, 1, 2]|[0, 2, 1, 1, 3, 0, 1, 0, 0, 0, 0, 0, 1, 1, 0, 0, 0, 0, 3, 0, 0, 0, 0, 1, 0, 0, 0, 0, 0, 1, 0, 0, 0, 0, 3, 0, 0, 0, 0, 2, 1, 1, 1, 1, 0, 0, 0, 0, 2, 1, 0, 0, 0, 1, 3, 0, 0, 1, 0, 0, 1, 2, 0, 1, 0, 2, 1, 0, 0, 1, 1, 3, 1, 1, 3, 3, 1, 0, 0, 2, 0, 0, 0, 1, 1, 0, 0, 0, 0, 1, 2, 1, 0, 0, 1, 1, 0, 0, 0, 0],890.4143580255544,56989.99065408122,91884.80029046525,true
15,G2_TEC,G4_BALANCED,[31, 22, 82, 15, 26, 9, 95, 42, 77, 68, 47, 5, 93, 78, 86, 54, 85, 63, 18, 44, 20, 49, 36, 14, 74, 50, 53, 17, 21, 28, 71, 64, 3, 23, 30, 83, 24, 41, 60, 52, 65, 27, 90, 70, 39, 87, 48, 69, 99, 4, 46, 1, 13, 58, 97, 59, 45, 8, 73, 37, 35, 79, 11, 66, 76, 32, 40, 80, 96, 6, 16, 61, 33, 7, 57, 34, 12, 67, 10, 98, 56, 88, 29, 25, 91, 38, 19, 92, 43, 84, 51, 72, 81, 75, 2, 89, 0, 94, 55, 62]|[2, 1, 2, 1, 1, 2, 1, 1, 1, 1, 1, 0, 2, 2, 1, 2, 0, 0, 0, 2, 2, 1, 0, 2, 0, 2, 2, 1, 0, 1, 1, 1, 0, 0, 1, 0, 2, 1, 2, 2, 0, 0, 1, 1, 0, 2, 0, 2, 1, 0, 0, 2, 0, 0, 2, 0, 1, 1, 0, 0, 2, 1, 0, 2, 2, 0, 2, 2, 0, 1, 2, 1, 1, 2, 0, 1, 1, 1, 1, 2, 2, 1, 1, 1, 1, 0, 1, 0, 0, 0, 1, 1, 1, 0, 2, 1, 0, 1, 0, 1]|[0, 3, 0, 3, 4, 1, 4, 4, 2, 4, 3, 2, 1, 0, 2, 1, 1, 1, 2, 1, 1, 3, 0, 1, 0, 1, 1, 4, 1, 4, 3, 2, 2, 0, 4, 1, 1, 4, 0, 1, 2, 1, 4, 4, 1, 1, 0, 2, 3, 1, 2, 1, 2, 1, 1, 2, 4, 3, 0, 2, 2, 3, 1, 0, 1, 2, 0, 1, 2, 4, 1, 3, 4, 1, 2, 4, 3, 3, 3, 1, 1, 4, 3, 4, 3, 2, 4, 2, 2, 2, 3, 4, 1, 2, 1, 4, 2, 4, 2, 3]|[0, 2, 0, 0, 3, 0, 1, 3, 0, 0, 2, 0, 1, 0, 1, 0, 0, 0, 1, 0, 0, 2, 0, 0, 1, 0, 0, 3, 0, 1, 0, 2, 0, 0, 3, 0, 1, 3, 1, 0, 0, 0, 1, 3, 0, 0, 1, 0, 2, 0, 0, 0, 0, 0, 1, 0, 1, 0, 1, 1, 0, 2, 0, 0, 0, 0, 0, 0, 0, 2, 0, 0, 1, 0, 0, 1, 0, 0, 3, 0, 0, 1, 0, 3, 0, 0, 3, 0, 0, 0, 0, 2, 1, 0, 0, 1, 0, 2, 0, 0],899.58947830753,51186.06775193036,109567.87718231812,true
15,G3_TWC,G1_CMAX,[31, 22, 82, 15, 26, 9, 95, 42, 77, 12, 47, 5, 93, 78, 86, 54, 6, 63, 18, 44, 20, 35, 43, 97, 91, 76, 10, 30, 21, 45, 64, 71, 1, 23, 17, 83, 24, 14, 60, 36, 85, 57, 40, 88, 65, 56, 79, 94, 39, 68, 46, 75, 38, 58, 19, 32, 81, 41, 27, 62, 87, 90, 99, 59, 11, 16, 72, 73, 70, 67, 37, 84, 3, 92, 25, 55, 28, 29, 51, 8, 66, 61, 98, 48, 89, 50, 7, 96, 53, 80, 4, 33, 34, 2, 52, 13, 0, 69, 74, 49]|[1, 1, 0, 1, 1, 0, 1, 2, 2, 1, 2, 2, 2, 1, 1, 0, 0, 1, 0, 2, 2, 0, 1, 2, 0, 1, 2, 2, 0, 0, 1, 2, 1, 2, 1, 0, 2, 0, 1, 1, 0, 1, 1, 1, 0, 2, 1, 1, 0, 0, 0, 0, 1, 1, 2, 1, 2, 0, 0, 0, 2, 1, 0, 1, 2, 1, 2, 1, 1, 1, 1, 1, 1, 0, 1, 1, 0, 0, 0, 1, 0, 1, 0, 0, 1, 0, 1, 2, 0, 0, 0, 0, 2, 0, 1, 0, 0, 1, 2, 0]|[4, 3, 2, 2, 4, 1, 2, 2, 2, 4, 1, 1, 2, 4, 4, 1, 2, 4, 2, 1, 1, 1, 1, 2, 1, 2, 1, 1, 1, 1, 3, 2, 3, 0, 4, 0, 1, 1, 0, 3, 2, 2, 2, 0, 1, 1, 0, 4, 0, 1, 2, 2, 1, 4, 0, 3, 2, 1, 1, 2, 1, 3, 1, 1, 1, 3, 0, 4, 3, 1, 4, 1, 1, 0, 4, 4, 2, 1, 1, 3, 1, 3, 1, 1, 1, 1, 1, 1, 2, 1, 2, 2, 1, 2, 1, 2, 2, 3, 1, 1]|[0, 2, 1, 1, 3, 0, 1, 0, 0, 0, 0, 0, 1, 0, 1, 0, 1, 3, 1, 0, 0, 0, 3, 1, 0, 2, 0, 0, 0, 1, 0, 0, 0, 0, 3, 0, 1, 0, 0, 2, 1, 1, 1, 0, 0, 0, 0, 2, 1, 0, 0, 0, 1, 3, 0, 0, 1, 0, 0, 1, 0, 2, 0, 1, 0, 2, 1, 0, 0, 1, 1, 3, 1, 1, 3, 3, 1, 0, 0, 2, 0, 0, 0, 0, 1, 0, 2, 0, 1, 0, 1, 1, 0, 0, 1, 0, 0, 0, 0, 1],824.1531664905515,57504.66170409152,92407.54974943638,true
15,G1_CMAX,G1_CMAX,[31, 22, 82, 15, 26, 9, 95, 42, 77, 12, 47, 5, 93, 78, 86, 54, 6, 63, 18, 44, 20, 35, 43, 97, 91, 76, 10, 30, 21, 45, 71, 64, 1, 23, 17, 83, 24, 14, 60, 36, 85, 57, 40, 88, 65, 56, 79, 94, 67, 68, 46, 75, 38, 58, 19, 32, 81, 41, 62, 87, 28, 90, 99, 59, 11, 72, 16, 73, 70, 39, 37, 84, 3, 92, 25, 34, 29, 55, 51, 7, 98, 61, 66, 48, 89, 50, 4, 96, 53, 80, 8, 33, 27, 2, 52, 13, 0, 69, 74, 49]|[1, 1, 0, 1, 1, 0, 1, 2, 2, 1, 2, 2, 2, 1, 1, 0, 0, 1, 0, 2, 2, 0, 1, 2, 2, 1, 2, 2, 0, 0, 1, 1, 1, 2, 1, 0, 2, 0, 1, 1, 0, 1, 1, 1, 0, 2, 1, 1, 0, 0, 0, 0, 1, 1, 2, 1, 2, 0, 0, 2, 2, 1, 0, 1, 2, 2, 1, 1, 1, 1, 1, 1, 1, 0, 1, 2, 0, 2, 0, 1, 2, 1, 0, 0, 1, 0, 1, 2, 0, 0, 1, 2, 0, 0, 1, 0, 0, 1, 2, 0]|[0, 3, 2, 2, 4, 1, 2, 2, 2, 4, 1, 1, 2, 4, 4, 1, 2, 4, 2, 1, 1, 1, 1, 2, 1, 2, 1, 1, 1, 1, 3, 3, 3, 0, 4, 0, 1, 1, 0, 3, 2, 2, 2, 0, 1, 1, 0, 4, 0, 1, 2, 2, 1, 4, 0, 3, 2, 1, 2, 1, 1, 3, 1, 1, 1, 0, 3, 4, 3, 1, 4, 1, 1, 0, 4, 1, 1, 1, 1, 1, 1, 3, 1, 1, 1, 1, 4, 1, 2, 1, 3, 1, 2, 2, 1, 2, 2, 4, 1, 1]|[0, 2, 1, 1, 3, 0, 1, 0, 0, 0, 0, 0, 1, 0, 1, 0, 0, 3, 1, 0, 0, 0, 3, 1, 0, 2, 0, 0, 0, 1, 0, 0, 0, 0, 3, 0, 1, 0, 0, 2, 1, 1, 1, 0, 0, 0, 0, 2, 1, 0, 0, 0, 1, 3, 0, 0, 1, 0, 1, 0, 0, 2, 0, 1, 0, 1, 2, 0, 0, 1, 1, 3, 1, 1, 3, 0, 0, 0, 0, 2, 0, 0, 0, 0, 1, 0, 0, 0, 1, 0, 2, 0, 1, 0, 1, 0, 0, 2, 0, 1],740.1000024547002,57245.26292476342,97017.87740826326,false
15,G4_BALANCED,G3_TWC,[31, 22, 82, 15, 26, 9, 95, 42, 77, 12, 47, 5, 93, 78, 86, 54, 85, 63, 18, 44, 20, 35, 43, 97, 91, 76, 10, 30, 21, 45, 71, 64, 1, 23, 17, 83, 24, 14, 60, 36, 41, 57, 40, 88, 65, 56, 6, 79, 94, 67, 68, 46, 75, 38, 58, 19, 32, 81, 96, 27, 62, 90, 99, 59, 11, 16, 72, 73, 69, 28, 37, 84, 3, 92, 25, 55, 39, 29, 51, 7, 66, 70, 98, 33, 89, 50, 48, 87, 80, 53, 8, 4, 34, 2, 52, 49, 0, 61, 74, 13]|[1, 1, 0, 1, 1, 0, 1, 2, 2, 2, 2, 2, 2, 2, 2, 0, 0, 0, 1, 2, 2, 0, 0, 2, 0, 0, 2, 2, 2, 0, 1, 2, 1, 1, 1, 0, 0, 0, 1, 1, 0, 1, 1, 1, 0, 2, 0, 1, 1, 0, 0, 0, 0, 1, 1, 2, 1, 2, 0, 0, 0, 1, 0, 1, 2, 1, 2, 1, 1, 1, 1, 1, 1, 0, 1, 1, 0, 0, 0, 1, 2, 1, 2, 0, 1, 0, 0, 0, 0, 0, 1, 0, 2, 0, 1, 0, 0, 1, 2, 0]|[4, 3, 2, 2, 4, 1, 2, 2, 2, 2, 1, 1, 2, 2, 1, 1, 2, 2, 4, 1, 1, 1, 1, 2, 1, 1, 1, 1, 1, 1, 3, 2, 3, 3, 4, 0, 0, 1, 0, 3, 2, 2, 2, 2, 1, 1, 1, 0, 4, 0, 1, 2, 2, 1, 4, 0, 3, 2, 1, 1, 2, 3, 1, 1, 1, 3, 0, 4, 3, 1, 4, 1, 1, 0, 4, 4, 2, 1, 1, 1, 1, 3, 1, 2, 1, 1, 1, 1, 1, 2, 3, 2, 1, 2, 1, 1, 2, 3, 1, 2]|[0, 2, 1, 1, 3, 0, 1, 0, 0, 0, 0, 0, 1, 1, 0, 0, 0, 0, 3, 0, 0, 0, 0, 1, 0, 0, 0, 0, 0, 1, 0, 0, 0, 0, 3, 0, 0, 0, 0, 2, 1, 1, 1, 1, 0, 0, 0, 0, 2, 1, 0, 0, 0, 1, 3, 0, 0, 1, 0, 0, 1, 2, 0, 1, 0, 2, 1, 0, 0, 1, 1, 3, 1, 1, 3, 3, 1, 0, 0, 2, 0, 0, 0, 1, 1, 0, 0, 0, 0, 1, 2, 1, 0, 0, 1, 1, 0, 0, 0, 0],890.4143580255544,56989.99065408122,91884.80029046525,true
15,G2_TEC,G4_BALANCED,[31, 22, 82, 15, 26, 9, 95, 42, 77, 68, 47, 5, 93, 78, 86, 54, 85, 63, 18, 44, 20, 49, 36, 14, 74, 50, 53, 17, 21, 28, 71, 64, 3, 23, 30, 83, 24, 41, 60, 52, 65, 27, 90, 70, 39, 87, 48, 69, 99, 4, 46, 1, 13, 58, 97, 59, 45, 8, 73, 37, 35, 79, 11, 66, 76, 32, 40, 80, 96, 6, 16, 61, 33, 7, 57, 34, 12, 67, 10, 98, 56, 88, 29, 25, 91, 38, 19, 92, 43, 84, 51, 72, 81, 75, 2, 89, 0, 94, 55, 62]|[2, 1, 2, 1, 1, 2, 1, 1, 1, 1, 1, 0, 2, 2, 1, 2, 0, 0, 0, 2, 2, 1, 0, 2, 0, 2, 2, 1, 0, 1, 1, 1, 0, 0, 1, 0, 2, 1, 2, 2, 0, 0, 1, 1, 0, 2, 0, 2, 1, 0, 0, 2, 0, 0, 2, 0, 1, 1, 0, 0, 2, 1, 0, 2, 2, 0, 2, 2, 0, 1, 2, 1, 1, 2, 0, 1, 1, 1, 1, 2, 2, 1, 1, 1, 1, 0, 1, 0, 0, 0, 1, 1, 1, 0, 2, 1, 0, 1, 0, 1]|[0, 3, 0, 3, 4, 1, 4, 4, 2, 4, 3, 2, 1, 0, 2, 1, 1, 1, 2, 1, 1, 3, 0, 1, 0, 1, 1, 4, 1, 4, 3, 2, 2, 0, 4, 1, 1, 4, 0, 1, 2, 1, 4, 4, 1, 1, 0, 2, 3, 1, 2, 1, 2, 1, 1, 2, 4, 3, 0, 2, 2, 3, 1, 0, 1, 2, 0, 1, 2, 4, 1, 3, 4, 1, 2, 4, 3, 3, 3, 1, 1, 4, 3, 4, 3, 2, 4, 2, 2, 2, 3, 4, 1, 2, 1, 4, 2, 4, 2, 3]|[0, 2, 0, 0, 3, 0, 1, 3, 0, 0, 2, 0, 1, 0, 1, 0, 0, 0, 1, 0, 0, 2, 0, 0, 1, 0, 0, 3, 0, 1, 0, 2, 0, 0, 3, 0, 1, 3, 1, 0, 0, 0, 1, 3, 0, 0, 1, 0, 2, 0, 0, 0, 0, 0, 1, 0, 1, 0, 1, 1, 0, 2, 0, 0, 0, 0, 0, 0, 0, 2, 0, 0, 1, 0, 0, 1, 0, 0, 3, 0, 0, 1, 0, 3, 0, 0, 3, 0, 0, 0, 0, 2, 1, 0, 0, 1, 0, 2, 0, 0],899.58947830753,51186.06775193036,109567.87718231812,true
15,G3_TWC,G1_CMAX,[31, 22, 82, 15, 26, 9, 95, 42, 77, 12, 47, 5, 93, 78, 86, 54, 6, 63, 18, 44, 20, 35, 43, 97, 91, 76, 10, 30, 21, 45, 64, 71, 1, 23, 17, 83, 24, 14, 60, 36, 85, 57, 40, 88, 65, 56, 79, 94, 39, 68, 46, 75, 38, 58, 19, 32, 81, 41, 27, 62, 87, 90, 99, 59, 11, 16, 72, 73, 70, 67, 37, 84, 3, 92, 25, 55, 28, 29, 51, 8, 66, 61, 98, 48, 89, 50, 7, 96, 53, 80, 4, 33, 34, 2, 52, 13, 0, 69, 74, 49]|[1, 1, 0, 1, 1, 0, 1, 2, 2, 1, 2, 2, 2, 1, 1, 0, 0, 1, 0, 2, 2, 0, 1, 2, 0, 1, 2, 2, 0, 0, 1, 2, 1, 2, 1, 0, 2, 0, 1, 1, 0, 1, 1, 1, 0, 2, 1, 1, 0, 0, 0, 0, 1, 1, 2, 1, 2, 0, 0, 0, 2, 1, 0, 1, 2, 1, 2, 1, 1, 1, 1, 1, 1, 0, 1, 1, 0, 0, 0, 1, 0, 1, 0, 0, 1, 0, 1, 2, 0, 0, 0, 0, 2, 0, 1, 0, 0, 1, 2, 0]|[4, 3, 2, 2, 4, 1, 2, 2, 2, 4, 1, 1, 2, 4, 4, 1, 2, 4, 2, 1, 1, 1, 1, 2, 1, 2, 1, 1, 1, 1, 3, 2, 3, 0, 4, 0, 1, 1, 0, 3, 2, 2, 2, 0, 1, 1, 0, 4, 0, 1, 2, 2, 1, 4, 0, 3, 2, 1, 1, 2, 1, 3, 1, 1, 1, 3, 0, 4, 3, 1, 4, 1, 1, 0, 4, 4, 2, 1, 1, 3, 1, 3, 1, 1, 1, 1, 1, 1, 2, 1, 2, 2, 1, 2, 1, 2, 2, 3, 1, 1]|[0, 2, 1, 1, 3, 0, 1, 0, 0, 0, 0, 0, 1, 0, 1, 0, 1, 3, 1, 0, 0, 0, 3, 1, 0, 2, 0, 0, 0, 1, 0, 0, 0, 0, 3, 0, 1, 0, 0, 2, 1, 1, 1, 0, 0, 0, 0, 2, 1, 0, 0, 0, 1, 3, 0, 0, 1, 0, 0, 1, 0, 2, 0, 1, 0, 2, 1, 0, 0, 1, 1, 3, 1, 1, 3, 3, 1, 0, 0, 2, 0, 0, 0, 0, 1, 0, 2, 0, 1, 0, 1, 1, 0, 0, 1, 0, 0, 0, 0, 1],824.1531664905515,57504.66170409152,92407.54974943638,true
15,G1_CMAX,G1_CMAX,[31, 22, 82, 15, 26, 9, 95, 42, 77, 12, 47, 5, 93, 78, 86, 54, 6, 63, 18, 44, 20, 35, 43, 97, 91, 76, 10, 30, 21, 45, 71, 64, 1, 23, 17, 83, 24, 14, 60, 36, 85, 57, 40, 88, 65, 56, 79, 94, 67, 68, 46, 75, 38, 58, 19, 32, 81, 41, 62, 87, 28, 90, 99, 59, 11, 72, 16, 73, 70, 39, 37, 84, 3, 92, 25, 34, 29, 55, 51, 7, 98, 61, 66, 48, 89, 50, 4, 96, 53, 80, 8, 33, 27, 2, 52, 13, 0, 69, 74, 49]|[1, 1, 0, 1, 1, 0, 1, 2, 2, 1, 2, 2, 2, 1, 1, 0, 0, 1, 0, 2, 2, 0, 1, 2, 2, 1, 2, 2, 0, 0, 1, 1, 1, 2, 1, 0, 2, 0, 1, 1, 0, 1, 1, 1, 0, 2, 1, 1, 0, 0, 0, 0, 1, 1, 2, 1, 2, 0, 0, 2, 2, 1, 0, 1, 2, 2, 1, 1, 1, 1, 1, 1, 1, 0, 1, 2, 0, 2, 0, 1, 2, 1, 0, 0, 1, 0, 1, 2, 0, 0, 1, 2, 0, 0, 1, 0, 0, 1, 2, 0]|[0, 3, 2, 2, 4, 1, 2, 2, 2, 4, 1, 1, 2, 4, 4, 1, 2, 4, 2, 1, 1, 1, 1, 2, 1, 2, 1, 1, 1, 1, 3, 3, 3, 0, 4, 0, 1, 1, 0, 3, 2, 2, 2, 0, 1, 1, 0, 4, 0, 1, 2, 2, 1, 4, 0, 3, 2, 1, 2, 1, 1, 3, 1, 1, 1, 0, 3, 4, 3, 1, 4, 1, 1, 0, 4, 1, 1, 1, 1, 1, 1, 3, 1, 1, 1, 1, 4, 1, 2, 1, 3, 1, 2, 2, 1, 2, 2, 4, 1, 1]|[0, 2, 1, 1, 3, 0, 1, 0, 0, 0, 0, 0, 1, 0, 1, 0, 0, 3, 1, 0, 0, 0, 3, 1, 0, 2, 0, 0, 0, 1, 0, 0, 0, 0, 3, 0, 1, 0, 0, 2, 1, 1, 1, 0, 0, 0, 0, 2, 1, 0, 0, 0, 1, 3, 0, 0, 1, 0, 1, 0, 0, 2, 0, 1, 0, 1, 2, 0, 0, 1, 1, 3, 1, 1, 3, 0, 0, 0, 0, 2, 0, 0, 0, 0, 1, 0, 0, 0, 1, 0, 2, 0, 1, 0, 1, 0, 0, 2, 0, 1],740.1000024547002,57245.26292476342,97017.87740826326,false
15,G4_BALANCED,G3_TWC,[31, 22, 82, 15, 26, 9, 95, 42, 77, 12, 47, 5, 93, 78, 86, 54, 85, 63, 18, 44, 20, 35, 43, 97, 91, 76, 10, 30, 21, 45, 71, 64, 1, 23, 17, 83, 24, 14, 60, 36, 41, 57, 40, 88, 65, 56, 6, 79, 94, 67, 68, 46, 75, 38, 58, 19, 32, 81, 96, 27, 62, 90, 99, 59, 11, 16, 72, 73, 69, 28, 37, 84, 3, 92, 25, 55, 39, 29, 51, 7, 66, 70, 98, 33, 89, 50, 48, 87, 80, 53, 8, 4, 34, 2, 52, 49, 0, 61, 74, 13]|[1, 1, 0, 1, 1, 0, 1, 2, 2, 2, 2, 2, 2, 2, 2, 0, 0, 0, 1, 2, 2, 0, 0, 2, 0, 0, 2, 2, 2, 0, 1, 2, 1, 1, 1, 0, 0, 0, 1, 1, 0, 1, 1, 1, 0, 2, 0, 1, 1, 0, 0, 0, 0, 1, 1, 2, 1, 2, 0, 0, 0, 1, 0, 1, 2, 1, 2, 1, 1, 1, 1, 1, 1, 0, 1, 1, 0, 0, 0, 1, 2, 1, 2, 0, 1, 0, 0, 0, 0, 0, 1, 0, 2, 0, 1, 0, 0, 1, 2, 0]|[4, 3, 2, 2, 4, 1, 2, 2, 2, 2, 1, 1, 2, 2, 1, 1, 2, 2, 4, 1, 1, 1, 1, 2, 1, 1, 1, 1, 1, 1, 3, 2, 3, 3, 4, 0, 0, 1, 0, 3, 2, 2, 2, 2, 1, 1, 1, 0, 4, 0, 1, 2, 2, 1, 4, 0, 3, 2, 1, 1, 2, 3, 1, 1, 1, 3, 0, 4, 3, 1, 4, 1, 1, 0, 4, 4, 2, 1, 1, 1, 1, 3, 1, 2, 1, 1, 1, 1, 1, 2, 3, 2, 1, 2, 1, 1, 2, 3, 1, 2]|[0, 2, 1, 1, 3, 0, 1, 0, 0, 0, 0, 0, 1, 1, 0, 0, 0, 0, 3, 0, 0, 0, 0, 1, 0, 0, 0, 0, 0, 1, 0, 0, 0, 0, 3, 0, 0, 0, 0, 2, 1, 1, 1, 1, 0, 0, 0, 0, 2, 1, 0, 0, 0, 1, 3, 0, 0, 1, 0, 0, 1, 2, 0, 1, 0, 2, 1, 0, 0, 1, 1, 3, 1, 1, 3, 3, 1, 0, 0, 2, 0, 0, 0, 1, 1, 0, 0, 0, 0, 1, 2, 1, 0, 0, 1, 1, 0, 0, 0, 0],890.4143580255544,56989.99065408122,91884.80029046525,true
15,G2_TEC,G2_TEC,[31, 22, 82, 15, 26, 9, 95, 42, 77, 68, 47, 5, 93, 78, 86, 54, 85, 63, 18, 44, 20, 49, 36, 14, 74, 50, 53, 17, 21, 28, 71, 64, 3, 23, 30, 65, 24, 41, 60, 52, 83, 27, 90, 70, 39, 87, 48, 69, 99, 4, 46, 1, 13, 58, 97, 59, 33, 8, 73, 37, 35, 79, 11, 66, 76, 32, 40, 80, 96, 6, 16, 61, 45, 7, 57, 34, 12, 67, 10, 98, 56, 88, 29, 75, 91, 38, 19, 92, 43, 84, 51, 72, 81, 25, 2, 55, 0, 94, 89, 62]|[2, 1, 2, 1, 1, 2, 1, 1, 1, 1, 1, 0, 2, 2, 1, 2, 0, 0, 0, 2, 2, 1, 0, 2, 0, 2, 2, 1, 0, 1, 1, 1, 0, 0, 1, 0, 2, 1, 2, 2, 0, 0, 1, 1, 0, 2, 0, 2, 1, 0, 0, 2, 0, 0, 2, 0, 1, 1, 0, 0, 2, 1, 0, 2, 2, 0, 2, 2, 0, 1, 2, 1, 1, 2, 0, 1, 1, 1, 1, 2, 2, 1, 1, 0, 1, 0, 1, 0, 0, 0, 1, 1, 1, 1, 2, 0, 0, 2, 1, 1]|[0, 3, 0, 3, 4, 1, 4, 4, 2, 4, 3, 2, 1, 0, 2, 1, 1, 1, 2, 1, 1, 3, 0, 1, 0, 1, 1, 4, 1, 4, 3, 2, 2, 0, 4, 1, 1, 4, 0, 1, 1, 1, 4, 4, 1, 1, 0, 2, 3, 1, 2, 1, 2, 1, 1, 2, 4, 3, 0, 2, 2, 3, 1, 0, 1, 2, 0, 1, 2, 4, 1, 3, 4, 1, 2, 4, 3, 3, 3, 1, 1, 4, 3, 2, 3, 2, 4, 2, 2, 2, 3, 4, 4, 4, 1, 2, 2, 1, 4, 3]|[0, 2, 0, 0, 3, 0, 1, 3, 0, 0, 2, 0, 1, 0, 1, 0, 0, 0, 1, 0, 0, 2, 0, 0, 1, 0, 0, 3, 0, 1, 0, 2, 0, 0, 3, 0, 1, 3, 1, 0, 0, 0, 1, 3, 0, 0, 1, 0, 2, 0, 0, 0, 0, 0, 1, 0, 1, 0, 1, 1, 0, 2, 0, 0, 0, 0, 0, 0, 0, 2, 0, 0, 1, 0, 0, 1, 0, 0, 3, 0, 0, 1, 0, 0, 0, 0, 3, 0, 0, 0, 0, 2, 1, 3, 0, 0, 0, 0, 1, 0],902.8712877936726,51087.19018051997,110270.31031064852,false
15,G3_TWC,G1_CMAX,[31, 22, 82, 15, 26, 9, 95, 42, 77, 12, 47, 5, 93, 78, 86, 54, 6, 63, 18, 44, 20, 35, 43, 97, 91, 76, 10, 30, 21, 45, 64, 71, 1, 23, 17, 83, 24, 14, 60, 36, 85, 57, 40, 88, 65, 56, 79, 94, 39, 68, 46, 75, 38, 58, 19, 32, 81, 41, 27, 62, 87, 90, 99, 59, 11, 16, 72, 73, 70, 67, 37, 84, 3, 92, 25, 55, 28, 29, 51, 8, 66, 61, 98, 48, 89, 50, 7, 96, 53, 80, 4, 33, 34, 2, 52, 13, 0, 69, 74, 49]|[1, 1, 0, 1, 1, 0, 1, 2, 2, 1, 2, 2, 2, 1, 1, 0, 0, 1, 0, 2, 2, 0, 1, 2, 0, 1, 2, 2, 0, 0, 1, 2, 1, 2, 1, 0, 2, 0, 1, 1, 0, 1, 1, 1, 0, 2, 1, 1, 0, 0, 0, 0, 1, 1, 2, 1, 2, 0, 0, 0, 2, 1, 0, 1, 2, 1, 2, 1, 1, 1, 1, 1, 1, 0, 1, 1, 0, 0, 0, 1, 0, 1, 0, 0, 1, 0, 1, 2, 0, 0, 0, 0, 2, 0, 1, 0, 0, 1, 2, 0]|[4, 3, 2, 2, 4, 1, 2, 2, 2, 4, 1, 1, 2, 4, 4, 1, 2, 4, 2, 1, 1, 1, 1, 2, 1, 2, 1, 1, 1, 1, 3, 2, 3, 0, 4, 0, 1, 1, 0, 3, 2, 2, 2, 0, 1, 1, 0, 4, 0, 1, 2, 2, 1, 4, 0, 3, 2, 1, 1, 2, 1, 3, 1, 1, 1, 3, 0, 4, 3, 1, 4, 1, 1, 0, 4, 4, 2, 1, 1, 3, 1, 3, 1, 1, 1, 1, 1, 1, 2, 1, 2, 2, 1, 2, 1, 2, 2, 3, 1, 1]|[0, 2, 1, 1, 3, 0, 1, 0, 0, 0, 0, 0, 1, 0, 1, 0, 1, 3, 1, 0, 0, 0, 3, 1, 0, 2, 0, 0, 0, 1, 0, 0, 0, 0, 3, 0, 1, 0, 0, 2, 1, 1, 1, 0, 0, 0, 0, 2, 1, 0, 0, 0, 1, 3, 0, 0, 1, 0, 0, 1, 0, 2, 0, 1, 0, 2, 1, 0, 0, 1, 1, 3, 1, 1, 3, 3, 1, 0, 0, 2, 0, 0, 0, 0, 1, 0, 2, 0, 1, 0, 1, 1, 0, 0, 1, 0, 0, 0, 0, 1],824.1531664905515,57504.66170409152,92407.54974943638,true
15,G1_CMAX,G1_CMAX,[31, 22, 82, 15, 26, 9, 95, 42, 77, 12, 47, 5, 93, 78, 86, 54, 6, 63, 18, 44, 20, 35, 43, 97, 91, 76, 10, 30, 21, 45, 71, 64, 1, 23, 17, 83, 24, 14, 60, 36, 85, 57, 40, 88, 65, 56, 79, 94, 67, 68, 46, 75, 38, 58, 19, 32, 81, 41, 62, 87, 28, 90, 99, 59, 11, 72, 16, 73, 70, 39, 37, 84, 3, 92, 25, 34, 29, 55, 51, 7, 98, 61, 66, 48, 89, 50, 4, 96, 53, 80, 8, 33, 27, 2, 52, 13, 0, 69, 74, 49]|[1, 1, 0, 1, 1, 0, 1, 2, 2, 1, 2, 2, 2, 1, 1, 0, 0, 1, 0, 2, 2, 0, 1, 2, 2, 1, 2, 2, 0, 0, 1, 1, 1, 2, 1, 0, 2, 0, 1, 1, 0, 1, 1, 1, 0, 2, 1, 1, 0, 0, 0, 0, 1, 1, 2, 1, 2, 0, 0, 2, 2, 1, 0, 1, 2, 2, 1, 1, 1, 1, 1, 1, 1, 0, 1, 2, 0, 2, 0, 1, 2, 1, 0, 0, 1, 0, 1, 2, 0, 0, 1, 2, 0, 0, 1, 0, 0, 1, 2, 0]|[0, 3, 2, 2, 4, 1, 2, 2, 2, 4, 1, 1, 2, 4, 4, 1, 2, 4, 2, 1, 1, 1, 1, 2, 1, 2, 1, 1, 1, 1, 3, 3, 3, 0, 4, 0, 1, 1, 0, 3, 2, 2, 2, 0, 1, 1, 0, 4, 0, 1, 2, 2, 1, 4, 0, 3, 2, 1, 2, 1, 1, 3, 1, 1, 1, 0, 3, 4, 3, 1, 4, 1, 1, 0, 4, 1, 1, 1, 1, 1, 1, 3, 1, 1, 1, 1, 4, 1, 2, 1, 3, 1, 2, 2, 1, 2, 2, 4, 1, 1]|[0, 2, 1, 1, 3, 0, 1, 0, 0, 0, 0, 0, 1, 0, 1, 0, 0, 3, 1, 0, 0, 0, 3, 1, 0, 2, 0, 0, 0, 1, 0, 0, 0, 0, 3, 0, 1, 0, 0, 2, 1, 1, 1, 0, 0, 0, 0, 2, 1, 0, 0, 0, 1, 3, 0, 0, 1, 0, 1, 0, 0, 2, 0, 1, 0, 1, 2, 0, 0, 1, 1, 3, 1, 1, 3, 0, 0, 0, 0, 2, 0, 0, 0, 0, 1, 0, 0, 0, 1, 0, 2, 0, 1, 0, 1, 0, 0, 2, 0, 1],740.1000024547002,57245.26292476342,97017.87740826326,false
15,G4_BALANCED,G3_TWC,[31, 22, 82, 15, 26, 9, 95, 42, 77, 12, 47, 5, 93, 78, 86, 54, 85, 63, 18, 44, 20, 35, 43, 97, 91, 76, 10, 30, 21, 45, 71, 64, 1, 23, 17, 83, 24, 14, 60, 36, 41, 57, 40, 88, 65, 56, 6, 79, 94, 67, 68, 46, 75, 38, 58, 19, 32, 81, 96, 27, 62, 90, 99, 59, 11, 16, 72, 73, 69, 28, 37, 84, 3, 92, 25, 55, 39, 29, 51, 7, 66, 70, 98, 33, 89, 50, 48, 87, 80, 53, 8, 4, 34, 2, 52, 49, 0, 61, 74, 13]|[1, 1, 0, 1, 1, 0, 1, 2, 2, 2, 2, 2, 2, 2, 2, 0, 0, 0, 1, 2, 2, 0, 0, 2, 0, 0, 2, 2, 2, 0, 1, 2, 1, 1, 1, 0, 0, 0, 1, 1, 0, 1, 1, 1, 0, 2, 0, 1, 1, 0, 0, 0, 0, 1, 1, 2, 1, 2, 0, 0, 0, 1, 0, 1, 2, 1, 2, 1, 1, 1, 1, 1, 1, 0, 1, 1, 0, 0, 0, 1, 2, 1, 2, 0, 1, 0, 0, 0, 0, 0, 1, 0, 2, 0, 1, 0, 0, 1, 2, 0]|[4, 3, 2, 2, 4, 1, 2, 2, 2, 2, 1, 1, 2, 2, 1, 1, 2, 2, 4, 1, 1, 1, 1, 2, 1, 1, 1, 1, 1, 1, 3, 2, 3, 3, 4, 0, 0, 1, 0, 3, 2, 2, 2, 2, 1, 1, 1, 0, 4, 0, 1, 2, 2, 1, 4, 0, 3, 2, 1, 1, 2, 3, 1, 1, 1, 3, 0, 4, 3, 1, 4, 1, 1, 0, 4, 4, 2, 1, 1, 1, 1, 3, 1, 2, 1, 1, 1, 1, 1, 2, 3, 2, 1, 2, 1, 1, 2, 3, 1, 2]|[0, 2, 1, 1, 3, 0, 1, 0, 0, 0, 0, 0, 1, 1, 0, 0, 0, 0, 3, 0, 0, 0, 0, 1, 0, 0, 0, 0, 0, 1, 0, 0, 0, 0, 3, 0, 0, 0, 0, 2, 1, 1, 1, 1, 0, 0, 0, 0, 2, 1, 0, 0, 0, 1, 3, 0, 0, 1, 0, 0, 1, 2, 0, 1, 0, 2, 1, 0, 0, 1, 1, 3, 1, 1, 3, 3, 1, 0, 0, 2, 0, 0, 0, 1, 1, 0, 0, 0, 0, 1, 2, 1, 0, 0, 1, 1, 0, 0, 0, 0],890.4143580255544,56989.99065408122,91884.80029046525,true
15,G2_TEC,G2_TEC,[31, 22, 82, 15, 26, 9, 95, 42, 77, 68, 47, 5, 93, 78, 86, 54, 85, 63, 18, 44, 20, 49, 36, 14, 74, 50, 53, 17, 21, 28, 71, 64, 3, 23, 30, 65, 24, 41, 60, 52, 83, 27, 90, 70, 39, 87, 48, 69, 99, 4, 46, 1, 13, 58, 97, 59, 33, 8, 73, 37, 35, 79, 11, 66, 76, 32, 40, 80, 96, 6, 16, 61, 45, 7, 57, 34, 12, 67, 10, 98, 56, 88, 29, 75, 91, 38, 19, 92, 43, 84, 51, 72, 81, 25, 2, 55, 0, 94, 89, 62]|[2, 1, 2, 1, 1, 2, 1, 1, 1, 1, 1, 0, 2, 2, 1, 2, 0, 0, 0, 2, 2, 1, 0, 2, 0, 2, 2, 1, 0, 1, 1, 1, 0, 0, 1, 0, 2, 1, 2, 2, 0, 0, 1, 1, 0, 2, 0, 2, 1, 0, 0, 2, 0, 0, 2, 0, 1, 1, 0, 0, 2, 1, 0, 2, 2, 0, 2, 2, 0, 1, 2, 1, 1, 2, 0, 1, 1, 1, 1, 2, 2, 1, 1, 0, 1, 0, 1, 0, 0, 0, 1, 1, 1, 1, 2, 0, 0, 2, 1, 1]|[0, 3, 0, 3, 4, 1, 4, 4, 2, 4, 3, 2, 1, 0, 2, 1, 1, 1, 2, 1, 1, 3, 0, 1, 0, 1, 1, 4, 1, 4, 3, 2, 2, 0, 4, 1, 1, 4, 0, 1, 1, 1, 4, 4, 1, 1, 0, 2, 3, 1, 2, 1, 2, 1, 1, 2, 4, 3, 0, 2, 2, 3, 1, 0, 1, 2, 0, 1, 2, 4, 1, 3, 4, 1, 2, 4, 3, 3, 3, 1, 1, 4, 3, 2, 3, 2, 4, 2, 2, 2, 3, 4, 4, 4, 1, 2, 2, 1, 4, 3]|[0, 2, 0, 0, 3, 0, 1, 3, 0, 0, 2, 0, 1, 0, 1, 0, 0, 0, 1, 0, 0, 2, 0, 0, 1, 0, 0, 3, 0, 1, 0, 2, 0, 0, 3, 0, 1, 3, 1, 0, 0, 0, 1, 3, 0, 0, 1, 0, 2, 0, 0, 0, 0, 0, 1, 0, 1, 0, 1, 1, 0, 2, 0, 0, 0, 0, 0, 0, 0, 2, 0, 0, 1, 0, 0, 1, 0, 0, 3, 0, 0, 1, 0, 0, 0, 0, 3, 0, 0, 0, 0, 2, 1, 3, 0, 0, 0, 0, 1, 0],902.8712877936726,51087.19018051997,110270.31031064852,false
15,G3_TWC,G1_CMAX,[31, 22, 82, 15, 26, 9, 95, 42, 77, 12, 47, 5, 93, 78, 86, 54, 6, 63, 18, 44, 20, 35, 43, 97, 91, 76, 10, 30, 21, 45, 64, 71, 1, 23, 17, 83, 24, 14, 60, 36, 85, 57, 40, 88, 65, 56, 79, 94, 39, 68, 46, 75, 38, 58, 19, 32, 81, 41, 27, 62, 87, 90, 99, 59, 11, 16, 72, 73, 70, 67, 37, 84, 3, 92, 25, 55, 28, 29, 51, 8, 66, 61, 98, 48, 89, 50, 7, 96, 53, 80, 4, 33, 34, 2, 52, 13, 0, 69, 74, 49]|[1, 1, 0, 1, 1, 0, 1, 2, 2, 1, 2, 2, 2, 1, 1, 0, 0, 1, 0, 2, 2, 0, 1, 2, 0, 1, 2, 2, 0, 0, 1, 2, 1, 2, 1, 0, 2, 0, 1, 1, 0, 1, 1, 1, 0, 2, 1, 1, 0, 0, 0, 0, 1, 1, 2, 1, 2, 0, 0, 0, 2, 1, 0, 1, 2, 1, 2, 1, 1, 1, 1, 1, 1, 0, 1, 1, 0, 0, 0, 1, 0, 1, 0, 0, 1, 0, 1, 2, 0, 0, 0, 0, 2, 0, 1, 0, 0, 1, 2, 0]|[4, 3, 2, 2, 4, 1, 2, 2, 2, 4, 1, 1, 2, 4, 4, 1, 2, 4, 2, 1, 1, 1, 1, 2, 1, 2, 1, 1, 1, 1, 3, 2, 3, 0, 4, 0, 1, 1, 0, 3, 2, 2, 2, 0, 1, 1, 0, 4, 0, 1, 2, 2, 1, 4, 0, 3, 2, 1, 1, 2, 1, 3, 1, 1, 1, 3, 0, 4, 3, 1, 4, 1, 1, 0, 4, 4, 2, 1, 1, 3, 1, 3, 1, 1, 1, 1, 1, 1, 2, 1, 2, 2, 1, 2, 1, 2, 2, 3, 1, 1]|[0, 2, 1, 1, 3, 0, 1, 0, 0, 0, 0, 0, 1, 0, 1, 0, 1, 3, 1, 0, 0, 0, 3, 1, 0, 2, 0, 0, 0, 1, 0, 0, 0, 0, 3, 0, 1, 0, 0, 2, 1, 1, 1, 0, 0, 0, 0, 2, 1, 0, 0, 0, 1, 3, 0, 0, 1, 0, 0, 1, 0, 2, 0, 1, 0, 2, 1, 0, 0, 1, 1, 3, 1, 1, 3, 3, 1, 0, 0, 2, 0, 0, 0, 0, 1, 0, 2, 0, 1, 0, 1, 1, 0, 0, 1, 0, 0, 0, 0, 1],824.1531664905515,57504.66170409152,92407.54974943638,true
15,G1_CMAX,G1_CMAX,[31, 22, 82, 15, 26, 9, 95, 42, 77, 12, 47, 5, 93, 78, 86, 54, 6, 63, 18, 44, 20, 35, 43, 97, 91, 76, 10, 30, 21, 45, 71, 64, 1, 23, 17, 83, 24, 14, 60, 36, 85, 57, 40, 88, 65, 56, 79, 94, 67, 68, 46, 75, 38, 58, 19, 32, 81, 41, 62, 87, 28, 90, 99, 59, 11, 72, 16, 73, 70, 39, 37, 84, 3, 92, 25, 34, 29, 55, 51, 7, 98, 61, 66, 48, 89, 50, 4, 96, 53, 80, 8, 33, 27, 2, 52, 13, 0, 69, 74, 49]|[1, 1, 0, 1, 1, 0, 1, 2, 2, 1, 2, 2, 2, 1, 1, 0, 0, 1, 0, 2, 2, 0, 1, 2, 2, 1, 2, 2, 0, 0, 1, 1, 1, 2, 1, 0, 2, 0, 1, 1, 0, 1, 1, 1, 0, 2, 1, 1, 0, 0, 0, 0, 1, 1, 2, 1, 2, 0, 0, 2, 2, 1, 0, 1, 2, 2, 1, 1, 1, 1, 1, 1, 1, 0, 1, 2, 0, 2, 0, 1, 2, 1, 0, 0, 1, 0, 1, 2, 0, 0, 1, 2, 0, 0, 1, 0, 0, 1, 2, 0]|[0, 3, 2, 2, 4, 1, 2, 2, 2, 4, 1, 1, 2, 4, 4, 1, 2, 4, 2, 1, 1, 1, 1, 2, 1, 2, 1, 1, 1, 1, 3, 3, 3, 0, 4, 0, 1, 1, 0, 3, 2, 2, 2, 0, 1, 1, 0, 4, 0, 1, 2, 2, 1, 4, 0, 3, 2, 1, 2, 1, 1, 3, 1, 1, 1, 0, 3, 4, 3, 1, 4, 1, 1, 0, 4, 1, 1, 1, 1, 1, 1, 3, 1, 1, 1, 1, 4, 1, 2, 1, 3, 1, 2, 2, 1, 2, 2, 4, 1, 1]|[0, 2, 1, 1, 3, 0, 1, 0, 0, 0, 0, 0, 1, 0, 1, 0, 0, 3, 1, 0, 0, 0, 3, 1, 0, 2, 0, 0, 0, 1, 0, 0, 0, 0, 3, 0, 1, 0, 0, 2, 1, 1, 1, 0, 0, 0, 0, 2, 1, 0, 0, 0, 1, 3, 0, 0, 1, 0, 1, 0, 0, 2, 0, 1, 0, 1, 2, 0, 0, 1, 1, 3, 1, 1, 3, 0, 0, 0, 0, 2, 0, 0, 0, 0, 1, 0, 0, 0, 1, 0, 2, 0, 1, 0, 1, 0, 0, 2, 0, 1],740.1000024547002,57245.26292476342,97017.87740826326,false
15,G4_BALANCED,G3_TWC,[31, 22, 82, 15, 26, 9, 95, 42, 77, 12, 47, 5, 93, 78, 86, 54, 85, 63, 18, 44, 20, 35, 43, 97, 91, 76, 10, 30, 21, 45, 71, 64, 1, 23, 17, 83, 24, 14, 60, 36, 41, 57, 40, 88, 65, 56, 6, 79, 94, 67, 68, 46, 75, 38, 58, 19, 32, 81, 96, 27, 62, 90, 99, 59, 11, 16, 72, 73, 69, 28, 37, 84, 3, 92, 25, 55, 39, 29, 51, 7, 66, 70, 98, 33, 89, 50, 48, 87, 80, 53, 8, 4, 34, 2, 52, 49, 0, 61, 74, 13]|[1, 1, 0, 1, 1, 0, 1, 2, 2, 2, 2, 2, 2, 2, 2, 0, 0, 0, 1, 2, 2, 0, 0, 2, 0, 0, 2, 2, 2, 0, 1, 2, 1, 1, 1, 0, 0, 0, 1, 1, 0, 1, 1, 1, 0, 2, 0, 1, 1, 0, 0, 0, 0, 1, 1, 2, 1, 2, 0, 0, 0, 1, 0, 1, 2, 1, 2, 1, 1, 1, 1, 1, 1, 0, 1, 1, 0, 0, 0, 1, 2, 1, 2, 0, 1, 0, 0, 0, 0, 0, 1, 0, 2, 0, 1, 0, 0, 1, 2, 0]|[4, 3, 2, 2, 4, 1, 2, 2, 2, 2, 1, 1, 2, 2, 1, 1, 2, 2, 4, 1, 1, 1, 1, 2, 1, 1, 1, 1, 1, 1, 3, 2, 3, 3, 4, 0, 0, 1, 0, 3, 2, 2, 2, 2, 1, 1, 1, 0, 4, 0, 1, 2, 2, 1, 4, 0, 3, 2, 1, 1, 2, 3, 1, 1, 1, 3, 0, 4, 3, 1, 4, 1, 1, 0, 4, 4, 2, 1, 1, 1, 1, 3, 1, 2, 1, 1, 1, 1, 1, 2, 3, 2, 1, 2, 1, 1, 2, 3, 1, 2]|[0, 2, 1, 1, 3, 0, 1, 0, 0, 0, 0, 0, 1, 1, 0, 0, 0, 0, 3, 0, 0, 0, 0, 1, 0, 0, 0, 0, 0, 1, 0, 0, 0, 0, 3, 0, 0, 0, 0, 2, 1, 1, 1, 1, 0, 0, 0, 0, 2, 1, 0, 0, 0, 1, 3, 0, 0, 1, 0, 0, 1, 2, 0, 1, 0, 2, 1, 0, 0, 1, 1, 3, 1, 1, 3, 3, 1, 0, 0, 2, 0, 0, 0, 1, 1, 0, 0, 0, 0, 1, 2, 1, 0, 0, 1, 1, 0, 0, 0, 0],890.4143580255544,56989.99065408122,91884.80029046525,true
15,G2_TEC,G4_BALANCED,[31, 22, 82, 15, 26, 9, 95, 42, 77, 68, 47, 5, 93, 78, 86, 54, 85, 63, 18, 44, 20, 49, 36, 14, 74, 50, 53, 17, 21, 28, 71, 64, 3, 23, 30, 83, 24, 41, 60, 52, 65, 27, 90, 70, 39, 87, 48, 69, 99, 4, 46, 1, 13, 58, 97, 59, 45, 8, 73, 37, 35, 79, 11, 66, 76, 32, 40, 80, 96, 6, 16, 61, 33, 7, 57, 34, 12, 67, 10, 98, 56, 88, 29, 75, 91, 38, 19, 92, 43, 84, 2, 72, 81, 25, 51, 55, 0, 94, 89, 62]|[2, 1, 2, 1, 1, 2, 1, 1, 1, 1, 1, 0, 2, 2, 1, 2, 0, 0, 0, 2, 2, 1, 0, 2, 0, 2, 2, 1, 0, 1, 1, 1, 0, 0, 1, 0, 2, 1, 2, 2, 0, 0, 1, 1, 0, 2, 0, 2, 1, 0, 0, 2, 0, 0, 2, 0, 1, 1, 0, 0, 2, 1, 0, 2, 2, 0, 2, 2, 0, 1, 2, 1, 1, 2, 0, 1, 1, 1, 1, 0, 2, 1, 1, 0, 1, 0, 1, 0, 0, 0, 2, 1, 1, 1, 1, 0, 0, 1, 1, 1]|[0, 3, 0, 3, 4, 1, 4, 4, 2, 4, 3, 2, 1, 0, 2, 1, 1, 1, 2, 1, 1, 3, 0, 1, 0, 1, 1, 4, 1, 4, 3, 2, 2, 0, 4, 1, 1, 4, 0, 1, 2, 1, 4, 4, 1, 1, 0, 2, 3, 1, 2, 1, 2, 1, 1, 2, 4, 3, 0, 2, 2, 3, 1, 0, 1, 2, 0, 1, 2, 4, 1, 3, 4, 1, 2, 4, 3, 3, 3, 2, 1, 4, 3, 2, 3, 2, 4, 2, 2, 2, 1, 4, 1, 4, 3, 2, 2, 4, 4, 3]|[0, 2, 0, 0, 3, 0, 1, 3, 0, 0, 2, 0, 1, 0, 1, 0, 0, 0, 1, 0, 0, 2, 0, 0, 1, 0, 0, 3, 0, 1, 0, 2, 0, 1, 3, 0, 1, 3, 1, 0, 0, 0, 1, 3, 0, 0, 1, 0, 2, 0, 0, 0, 0, 0, 1, 0, 1, 0, 1, 1, 0, 2, 0, 0, 0, 0, 0, 0, 0, 2, 0, 0, 1, 0, 0, 1, 0, 0, 3, 0, 0, 1, 0, 0, 0, 0, 3, 0, 0, 0, 0, 2, 1, 3, 0, 0, 0, 2, 1, 0],887.6628383534644,51653.816930563575,106786.31819042479,true
15,G3_TWC,G1_CMAX,[31, 22, 82, 15, 26, 9, 95, 42, 77, 12, 47, 5, 93, 78, 86, 54, 6, 63, 18, 44, 20, 35, 43, 97, 91, 76, 10, 30, 21, 45, 64, 71, 1, 23, 17, 83, 24, 14, 60, 36, 85, 57, 40, 88, 65, 56, 79, 94, 39, 68, 46, 75, 38, 58, 19, 32, 81, 41, 27, 62, 87, 90, 99, 59, 11, 16, 72, 73, 70, 67, 37, 84, 3, 92, 25, 55, 28, 29, 51, 8, 66, 61, 98, 48, 89, 50, 7, 96, 53, 80, 4, 33, 34, 2, 52, 13, 0, 69, 74, 49]|[1, 1, 0, 1, 1, 0, 1, 2, 2, 1, 2, 2, 2, 1, 1, 0, 0, 1, 0, 2, 2, 0, 1, 2, 0, 1, 2, 2, 0, 0, 1, 2, 1, 2, 1, 0, 2, 0, 1, 1, 0, 1, 1, 1, 0, 2, 1, 1, 0, 0, 0, 0, 1, 1, 2, 1, 2, 0, 0, 0, 2, 1, 0, 1, 2, 1, 2, 1, 1, 1, 1, 1, 1, 0, 1, 1, 0, 0, 0, 1, 0, 1, 0, 0, 1, 0, 1, 2, 0, 0, 0, 0, 2, 0, 1, 0, 0, 1, 2, 0]|[4, 3, 2, 2, 4, 1, 2, 2, 2, 4, 1, 1, 2, 4, 4, 1, 2, 4, 2, 1, 1, 1, 1, 2, 1, 2, 1, 1, 1, 1, 3, 2, 3, 0, 4, 0, 1, 1, 0, 3, 2, 2, 2, 0, 1, 1, 0, 4, 0, 1, 2, 2, 1, 4, 0, 3, 2, 1, 1, 2, 1, 3, 1, 1, 1, 3, 0, 4, 3, 1, 4, 1, 1, 0, 4, 4, 2, 1, 1, 3, 1, 3, 1, 1, 1, 1, 1, 1, 2, 1, 2, 2, 1, 2, 1, 2, 2, 3, 1, 1]|[0, 2, 1, 1, 3, 0, 1, 0, 0, 0, 0, 0, 1, 0, 1, 0, 1, 3, 1, 0, 0, 0, 3, 1, 0, 2, 0, 0, 0, 1, 0, 0, 0, 0, 3, 0, 1, 0, 0, 2, 1, 1, 1, 0, 0, 0, 0, 2, 1, 0, 0, 0, 1, 3, 0, 0, 1, 0, 0, 1, 0, 2, 0, 1, 0, 2, 1, 0, 0, 1, 1, 3, 1, 1, 3, 3, 1, 0, 0, 2, 0, 0, 0, 0, 1, 0, 2, 0, 1, 0, 1, 1, 0, 0, 1, 0, 0, 0, 0, 1],824.1531664905515,57504.66170409152,92407.54974943638,true
15,G1_CMAX,G1_CMAX,[31, 22, 82, 15, 26, 9, 95, 42, 77, 12, 47, 5, 93, 78, 86, 54, 6, 63, 18, 44, 20, 35, 43, 97, 91, 76, 10, 30, 21, 45, 71, 64, 1, 23, 17, 83, 24, 14, 60, 36, 85, 57, 40, 88, 65, 56, 79, 94, 67, 68, 46, 75, 38, 58, 19, 32, 81, 41, 62, 87, 28, 90, 99, 59, 11, 72, 16, 73, 70, 39, 37, 84, 3, 92, 25, 34, 29, 55, 51, 7, 98, 61, 66, 48, 89, 50, 4, 96, 53, 80, 8, 33, 27, 2, 52, 13, 0, 69, 74, 49]|[1, 1, 0, 1, 1, 0, 1, 2, 2, 1, 2, 2, 2, 1, 1, 0, 0, 1, 0, 2, 2, 0, 1, 2, 2, 1, 2, 2, 0, 0, 1, 1, 1, 2, 1, 0, 2, 0, 1, 1, 0, 1, 1, 1, 0, 2, 1, 1, 0, 0, 0, 0, 1, 1, 2, 1, 2, 0, 0, 2, 2, 1, 0, 1, 2, 2, 1, 1, 1, 1, 1, 1, 1, 0, 1, 2, 0, 2, 0, 1, 2, 1, 0, 0, 1, 0, 1, 2, 0, 0, 1, 2, 0, 0, 1, 0, 0, 1, 2, 0]|[0, 3, 2, 2, 4, 1, 2, 2, 2, 4, 1, 1, 2, 4, 4, 1, 2, 4, 2, 1, 1, 1, 1, 2, 1, 2, 1, 1, 1, 1, 3, 3, 3, 0, 4, 0, 1, 1, 0, 3, 2, 2, 2, 0, 1, 1, 0, 4, 0, 1, 2, 2, 1, 4, 0, 3, 2, 1, 2, 1, 1, 3, 1, 1, 1, 0, 3, 4, 3, 1, 4, 1, 1, 0, 4, 1, 1, 1, 1, 1, 1, 3, 1, 1, 1, 1, 4, 1, 2, 1, 3, 1, 2, 2, 1, 2, 2, 4, 1, 1]|[0, 2, 1, 1, 3, 0, 1, 0, 0, 0, 0, 0, 1, 0, 1, 0, 0, 3, 1, 0, 0, 0, 3, 1, 0, 2, 0, 0, 0, 1, 0, 0, 0, 0, 3, 0, 1, 0, 0, 2, 1, 1, 1, 0, 0, 0, 0, 2, 1, 0, 0, 0, 1, 3, 0, 0, 1, 0, 1, 0, 0, 2, 0, 1, 0, 1, 2, 0, 0, 1, 1, 3, 1, 1, 3, 0, 0, 0, 0, 2, 0, 0, 0, 0, 1, 0, 0, 0, 1, 0, 2, 0, 1, 0, 1, 0, 0, 2, 0, 1],740.1000024547002,57245.26292476342,97017.87740826326,false
15,G4_BALANCED,G3_TWC,[31, 22, 82, 15, 26, 9, 95, 42, 77, 12, 47, 5, 93, 78, 86, 54, 85, 63, 18, 44, 20, 35, 43, 97, 91, 76, 10, 30, 21, 45, 71, 64, 1, 23, 17, 83, 24, 14, 60, 36, 41, 57, 40, 88, 65, 56, 6, 79, 94, 67, 68, 46, 75, 38, 58, 19, 32, 81, 96, 27, 62, 90, 99, 59, 11, 16, 72, 73, 69, 28, 37, 84, 3, 92, 25, 55, 39, 29, 51, 7, 66, 70, 98, 33, 89, 50, 48, 87, 80, 53, 8, 4, 34, 2, 52, 49, 0, 61, 74, 13]|[1, 1, 0, 1, 1, 0, 1, 2, 2, 2, 2, 2, 2, 2, 2, 0, 0, 0, 1, 2, 2, 0, 0, 2, 0, 0, 2, 2, 2, 0, 1, 2, 1, 1, 1, 0, 0, 0, 1, 1, 0, 1, 1, 1, 0, 2, 0, 1, 1, 0, 0, 0, 0, 1, 1, 2, 1, 2, 0, 0, 0, 1, 0, 1, 2, 1, 2, 1, 1, 1, 1, 1, 1, 0, 1, 1, 0, 0, 0, 1, 2, 1, 2, 0, 1, 0, 0, 0, 0, 0, 1, 0, 2, 0, 1, 0, 0, 1, 2, 0]|[4, 3, 2, 2, 4, 1, 2, 2, 2, 2, 1, 1, 2, 2, 1, 1, 2, 2, 4, 1, 1, 1, 1, 2, 1, 1, 1, 1, 1, 1, 3, 2, 3, 3, 4, 0, 0, 1, 0, 3, 2, 2, 2, 2, 1, 1, 1, 0, 4, 0, 1, 2, 2, 1, 4, 0, 3, 2, 1, 1, 2, 3, 1, 1, 1, 3, 0, 4, 3, 1, 4, 1, 1, 0, 4, 4, 2, 1, 1, 1, 1, 3, 1, 2, 1, 1, 1, 1, 1, 2, 3, 2, 1, 2, 1, 1, 2, 3, 1, 2]|[0, 2, 1, 1, 3, 0, 1, 0, 0, 0, 0, 0, 1, 1, 0, 0, 0, 0, 3, 0, 0, 0, 0, 1, 0, 0, 0, 0, 0, 1, 0, 0, 0, 0, 3, 0, 0, 0, 0, 2, 1, 1, 1, 1, 0, 0, 0, 0, 2, 1, 0, 0, 0, 1, 3, 0, 0, 1, 0, 0, 1, 2, 0, 1, 0, 2, 1, 0, 0, 1, 1, 3, 1, 1, 3, 3, 1, 0, 0, 2, 0, 0, 0, 1, 1, 0, 0, 0, 0, 1, 2, 1, 0, 0, 1, 1, 0, 0, 0, 0],890.4143580255544,56989.99065408122,91884.80029046525,true
15,G2_TEC,G4_BALANCED,[31, 22, 82, 15, 26, 9, 95, 42, 77, 68, 47, 5, 93, 78, 86, 54, 85, 63, 18, 44, 20, 49, 36, 14, 74, 50, 53, 17, 21, 28, 71, 64, 3, 23, 30, 83, 24, 41, 60, 52, 65, 27, 90, 70, 39, 87, 48, 69, 99, 4, 46, 1, 13, 58, 97, 59, 45, 8, 73, 37, 35, 79, 11, 66, 76, 32, 40, 80, 96, 6, 16, 61, 33, 7, 57, 34, 12, 67, 10, 98, 56, 88, 29, 75, 91, 38, 19, 92, 43, 84, 2, 72, 81, 25, 51, 55, 0, 94, 89, 62]|[2, 1, 2, 1, 1, 2, 1, 1, 1, 1, 1, 0, 2, 2, 1, 2, 0, 0, 0, 2, 2, 1, 0, 2, 0, 2, 2, 1, 0, 1, 1, 1, 0, 0, 1, 0, 2, 1, 2, 2, 0, 0, 1, 1, 0, 2, 0, 2, 1, 0, 0, 2, 0, 0, 2, 0, 1, 1, 0, 0, 2, 1, 0, 2, 2, 0, 2, 2, 0, 1, 2, 1, 1, 2, 0, 1, 1, 1, 1, 0, 2, 1, 1, 0, 1, 0, 1, 0, 0, 0, 2, 1, 1, 1, 1, 0, 0, 1, 1, 1]|[0, 3, 0, 3, 4, 1, 4, 4, 2, 4, 3, 2, 1, 0, 2, 1, 1, 1, 2, 1, 1, 3, 0, 1, 0, 1, 1, 4, 1, 4, 3, 2, 2, 0, 4, 1, 1, 4, 0, 1, 2, 1, 4, 4, 1, 1, 0, 2, 3, 1, 2, 1, 2, 1, 1, 2, 4, 3, 0, 2, 2, 3, 1, 0, 1, 2, 0, 1, 2, 4, 1, 3, 4, 1, 2, 4, 3, 3, 3, 2, 1, 4, 3, 2, 3, 2, 4, 2, 2, 2, 1, 4, 1, 4, 3, 2, 2, 4, 4, 3]|[0, 2, 0, 0, 3, 0, 1, 3, 0, 0, 2, 0, 1, 0, 1, 0, 0, 0, 1, 0, 0, 2, 0, 0, 1, 0, 0, 3, 0, 1, 0, 2, 0, 1, 3, 0, 1, 3, 1, 0, 0, 0, 1, 3, 0, 0, 1, 0, 2, 0, 0, 0, 0, 0, 1, 0, 1, 0, 1, 1, 0, 2, 0, 0, 0, 0, 0, 0, 0, 2, 0, 0, 1, 0, 0, 1, 0, 0, 3, 0, 0, 1, 0, 0, 0, 0, 3, 0, 0, 0, 0, 2, 1, 3, 0, 0, 0, 2, 1, 0],887.6628383534644,51653.816930563575,106786.31819042479,true
15,G3_TWC,G1_CMAX,[31, 22, 82, 15, 26, 9, 95, 42, 77, 12, 47, 5, 93, 78, 86, 54, 6, 63, 18, 44, 20, 35, 43, 97, 91, 76, 10, 30, 21, 45, 64, 71, 1, 23, 17, 83, 24, 14, 60, 36, 85, 57, 40, 88, 65, 56, 79, 94, 39, 68, 46, 75, 38, 58, 19, 32, 81, 41, 27, 62, 87, 90, 99, 59, 11, 16, 72, 73, 70, 67, 37, 84, 3, 92, 25, 55, 28, 29, 51, 8, 66, 61, 98, 48, 89, 50, 7, 96, 53, 80, 4, 33, 34, 2, 52, 13, 0, 69, 74, 49]|[1, 1, 0, 1, 1, 0, 1, 2, 2, 1, 2, 2, 2, 1, 1, 0, 0, 1, 0, 2, 2, 0, 1, 2, 0, 1, 2, 2, 0, 0, 1, 2, 1, 2, 1, 0, 2, 0, 1, 1, 0, 1, 1, 1, 0, 2, 1, 1, 0, 0, 0, 0, 1, 1, 2, 1, 2, 0, 0, 0, 2, 1, 0, 1, 2, 1, 2, 1, 1, 1, 1, 1, 1, 0, 1, 1, 0, 0, 0, 1, 0, 1, 0, 0, 1, 0, 1, 2, 0, 0, 0, 0, 2, 0, 1, 0, 0, 1, 2, 0]|[4, 3, 2, 2, 4, 1, 2, 2, 2, 4, 1, 1, 2, 4, 4, 1, 2, 4, 2, 1, 1, 1, 1, 2, 1, 2, 1, 1, 1, 1, 3, 2, 3, 0, 4, 0, 1, 1, 0, 3, 2, 2, 2, 0, 1, 1, 0, 4, 0, 1, 2, 2, 1, 4, 0, 3, 2, 1, 1, 2, 1, 3, 1, 1, 1, 3, 0, 4, 3, 1, 4, 1, 1, 0, 4, 4, 2, 1, 1, 3, 1, 3, 1, 1, 1, 1, 1, 1, 2, 1, 2, 2, 1, 2, 1, 2, 2, 3, 1, 1]|[0, 2, 1, 1, 3, 0, 1, 0, 0, 0, 0, 0, 1, 0, 1, 0, 1, 3, 1, 0, 0, 0, 3, 1, 0, 2, 0, 0, 0, 1, 0, 0, 0, 0, 3, 0, 1, 0, 0, 2, 1, 1, 1, 0, 0, 0, 0, 2, 1, 0, 0, 0, 1, 3, 0, 0, 1, 0, 0, 1, 0, 2, 0, 1, 0, 2, 1, 0, 0, 1, 1, 3, 1, 1, 3, 3, 1, 0, 0, 2, 0, 0, 0, 0, 1, 0, 2, 0, 1, 0, 1, 1, 0, 0, 1, 0, 0, 0, 0, 1],824.1531664905515,57504.66170409152,92407.54974943638,true
15,G1_CMAX,G1_CMAX,[31, 22, 82, 15, 26, 9, 95, 42, 77, 12, 47, 5, 93, 78, 86, 54, 6, 63, 18, 44, 20, 35, 43, 97, 91, 76, 10, 30, 21, 45, 71, 64, 1, 23, 17, 83, 24, 14, 60, 36, 85, 57, 40, 88, 65, 56, 79, 94, 67, 68, 46, 75, 38, 58, 19, 32, 81, 41, 62, 87, 28, 90, 99, 59, 11, 72, 16, 73, 70, 39, 37, 84, 3, 92, 25, 34, 29, 55, 51, 7, 98, 61, 66, 48, 89, 50, 4, 96, 53, 80, 8, 33, 27, 2, 52, 13, 0, 69, 74, 49]|[1, 1, 0, 1, 1, 0, 1, 2, 2, 1, 2, 2, 2, 1, 1, 0, 0, 1, 0, 2, 2, 0, 1, 2, 2, 1, 2, 2, 0, 0, 1, 1, 1, 2, 1, 0, 2, 0, 1, 1, 0, 1, 1, 1, 0, 2, 1, 1, 0, 0, 0, 0, 1, 1, 2, 1, 2, 0, 0, 2, 2, 1, 0, 1, 2, 2, 1, 1, 1, 1, 1, 1, 1, 0, 1, 2, 0, 2, 0, 1, 2, 1, 0, 0, 1, 0, 1, 2, 0, 0, 1, 2, 0, 0, 1, 0, 0, 1, 2, 0]|[0, 3, 2, 2, 4, 1, 2, 2, 2, 4, 1, 1, 2, 4, 4, 1, 2, 4, 2, 1, 1, 1, 1, 2, 1, 2, 1, 1, 1, 1, 3, 3, 3, 0, 4, 0, 1, 1, 0, 3, 2, 2, 2, 0, 1, 1, 0, 4, 0, 1, 2, 2, 1, 4, 0, 3, 2, 1, 2, 1, 1, 3, 1, 1, 1, 0, 3, 4, 3, 1, 4, 1, 1, 0, 4, 1, 1, 1, 1, 1, 1, 3, 1, 1, 1, 1, 4, 1, 2, 1, 3, 1, 2, 2, 1, 2, 2, 4, 1, 1]|[0, 2, 1, 1, 3, 0, 1, 0, 0, 0, 0, 0, 1, 0, 1, 0, 0, 3, 1, 0, 0, 0, 3, 1, 0, 2, 0, 0, 0, 1, 0, 0, 0, 0, 3, 0, 1, 0, 0, 2, 1, 1, 1, 0, 0, 0, 0, 2, 1, 0, 0, 0, 1, 3, 0, 0, 1, 0, 1, 0, 0, 2, 0, 1, 0, 1, 2, 0, 0, 1, 1, 3, 1, 1, 3, 0, 0, 0, 0, 2, 0, 0, 0, 0, 1, 0, 0, 0, 1, 0, 2, 0, 1, 0, 1, 0, 0, 2, 0, 1],740.1000024547002,57245.26292476342,97017.87740826326,false
15,G4_BALANCED,G3_TWC,[31, 22, 82, 15, 26, 9, 95, 42, 77, 12, 47, 5, 93, 78, 86, 54, 85, 63, 18, 44, 20, 35, 43, 97, 91, 76, 10, 30, 21, 45, 71, 64, 1, 23, 17, 83, 24, 14, 60, 36, 41, 57, 40, 88, 65, 56, 6, 79, 94, 67, 68, 46, 75, 38, 58, 19, 32, 81, 96, 27, 62, 90, 99, 59, 11, 16, 72, 73, 69, 28, 37, 84, 3, 92, 25, 55, 39, 29, 51, 7, 66, 70, 98, 33, 89, 50, 48, 87, 80, 53, 8, 4, 34, 2, 52, 49, 0, 61, 74, 13]|[1, 1, 0, 1, 1, 0, 1, 2, 2, 2, 2, 2, 2, 2, 2, 0, 0, 0, 1, 2, 2, 0, 0, 2, 0, 0, 2, 2, 2, 0, 1, 2, 1, 1, 1, 0, 0, 0, 1, 1, 0, 1, 1, 1, 0, 2, 0, 1, 1, 0, 0, 0, 0, 1, 1, 2, 1, 2, 0, 0, 0, 1, 0, 1, 2, 1, 2, 1, 1, 1, 1, 1, 1, 0, 1, 1, 0, 0, 0, 1, 2, 1, 2, 0, 1, 0, 0, 0, 0, 0, 1, 0, 2, 0, 1, 0, 0, 1, 2, 0]|[4, 3, 2, 2, 4, 1, 2, 2, 2, 2, 1, 1, 2, 2, 1, 1, 2, 2, 4, 1, 1, 1, 1, 2, 1, 1, 1, 1, 1, 1, 3, 2, 3, 3, 4, 0, 0, 1, 0, 3, 2, 2, 2, 2, 1, 1, 1, 0, 4, 0, 1, 2, 2, 1, 4, 0, 3, 2, 1, 1, 2, 3, 1, 1, 1, 3, 0, 4, 3, 1, 4, 1, 1, 0, 4, 4, 2, 1, 1, 1, 1, 3, 1, 2, 1, 1, 1, 1, 1, 2, 3, 2, 1, 2, 1, 1, 2, 3, 1, 2]|[0, 2, 1, 1, 3, 0, 1, 0, 0, 0, 0, 0, 1, 1, 0, 0, 0, 0, 3, 0, 0, 0, 0, 1, 0, 0, 0, 0, 0, 1, 0, 0, 0, 0, 3, 0, 0, 0, 0, 2, 1, 1, 1, 1, 0, 0, 0, 0, 2, 1, 0, 0, 0, 1, 3, 0, 0, 1, 0, 0, 1, 2, 0, 1, 0, 2, 1, 0, 0, 1, 1, 3, 1, 1, 3, 3, 1, 0, 0, 2, 0, 0, 0, 1, 1, 0, 0, 0, 0, 1, 2, 1, 0, 0, 1, 1, 0, 0, 0, 0],890.4143580255544,56989.99065408122,91884.80029046525,true
15,G2_TEC,G2_TEC,[31, 22, 82, 91, 26, 9, 95, 42, 77, 68, 47, 5, 93, 78, 86, 54, 85, 63, 18, 44, 20, 49, 36, 14, 74, 50, 53, 17, 21, 28, 71, 64, 3, 23, 30, 83, 24, 41, 60, 52, 65, 27, 90, 70, 39, 87, 48, 69, 99, 4, 46, 1, 13, 58, 97, 59, 33, 8, 73, 37, 35, 79, 11, 66, 76, 32, 40, 80, 96, 6, 16, 61, 45, 7, 57, 34, 12, 67, 10, 98, 56, 88, 51, 75, 15, 43, 19, 92, 38, 84, 29, 72, 81, 25, 2, 55, 0, 94, 89, 62]|[2, 1, 2, 1, 1, 2, 1, 1, 1, 1, 1, 0, 2, 2, 1, 2, 0, 0, 0, 2, 2, 1, 0, 2, 0, 2, 2, 1, 0, 1, 1, 1, 0, 0, 1, 0, 2, 1, 2, 2, 0, 0, 1, 1, 0, 2, 0, 2, 1, 0, 0, 2, 0, 0, 2, 0, 1, 1, 0, 0, 1, 1, 0, 2, 2, 0, 2, 2, 0, 1, 2, 1, 1, 2, 0, 1, 1, 1, 1, 0, 2, 1, 1, 0, 1, 1, 1, 0, 0, 0, 1, 1, 1, 1, 2, 0, 0, 2, 1, 1]|[0, 3, 0, 3, 4, 1, 4, 4, 2, 4, 3, 2, 1, 0, 2, 1, 1, 1, 2, 1, 1, 3, 0, 1, 0, 1, 1, 4, 1, 4, 3, 2, 2, 0, 4, 1, 1, 4, 0, 1, 2, 1, 4, 4, 1, 1, 0, 2, 3, 1, 2, 1, 2, 1, 1, 2, 4, 3, 0, 2, 3, 3, 1, 0, 1, 2, 0, 1, 2, 4, 1, 3, 4, 1, 2, 4, 3, 3, 3, 2, 1, 4, 3, 2, 3, 4, 4, 2, 2, 2, 3, 4, 4, 4, 1, 2, 2, 1, 4, 3]|[0, 2, 0, 0, 3, 0, 1, 3, 0, 0, 2, 0, 1, 0, 1, 0, 0, 0, 1, 0, 0, 2, 0, 0, 1, 0, 0, 3, 0, 1, 0, 2, 0, 0, 3, 0, 1, 3, 1, 0, 0, 0, 1, 3, 0, 0, 1, 0, 2, 0, 0, 0, 0, 0, 1, 0, 1, 0, 1, 1, 2, 2, 0, 0, 0, 0, 0, 0, 0, 2, 0, 0, 1, 0, 0, 1, 0, 0, 3, 0, 0, 1, 0, 0, 0, 2, 3, 0, 0, 0, 0, 2, 1, 3, 0, 0, 0, 0, 1, 0],915.3672840843223,51111.580244675715,110062.653857154,false
15,G3_TWC,G1_CMAX,[31, 22, 82, 15, 26, 9, 95, 42, 77, 12, 47, 5, 93, 78, 86, 54, 6, 63, 18, 44, 20, 35, 43, 97, 91, 76, 10, 30, 21, 45, 64, 71, 1, 23, 17, 83, 24, 14, 60, 36, 85, 57, 40, 88, 65, 56, 79, 94, 39, 68, 46, 75, 38, 58, 19, 32, 81, 41, 27, 62, 87, 90, 99, 59, 11, 16, 72, 73, 70, 67, 37, 84, 3, 92, 25, 55, 28, 29, 51, 8, 66, 61, 98, 48, 89, 50, 7, 96, 53, 80, 4, 33, 34, 2, 52, 13, 0, 69, 74, 49]|[1, 1, 0, 1, 1, 0, 1, 2, 2, 1, 2, 2, 2, 1, 1, 0, 0, 1, 0, 2, 2, 0, 1, 2, 0, 1, 2, 2, 0, 0, 1, 2, 1, 2, 1, 0, 2, 0, 1, 1, 0, 1, 1, 1, 0, 2, 1, 1, 0, 0, 0, 0, 1, 1, 2, 1, 2, 0, 0, 0, 2, 1, 0, 1, 2, 1, 2, 1, 1, 1, 1, 1, 1, 0, 1, 1, 0, 0, 0, 1, 0, 1, 0, 0, 1, 0, 1, 2, 0, 0, 0, 0, 2, 0, 1, 0, 0, 1, 2, 0]|[4, 3, 2, 2, 4, 1, 2, 2, 2, 4, 1, 1, 2, 4, 4, 1, 2, 4, 2, 1, 1, 1, 1, 2, 1, 2, 1, 1, 1, 1, 3, 2, 3, 0, 4, 0, 1, 1, 0, 3, 2, 2, 2, 0, 1, 1, 0, 4, 0, 1, 2, 2, 1, 4, 0, 3, 2, 1, 1, 2, 1, 3, 1, 1, 1, 3, 0, 4, 3, 1, 4, 1, 1, 0, 4, 4, 2, 1, 1, 3, 1, 3, 1, 1, 1, 1, 1, 1, 2, 1, 2, 2, 1, 2, 1, 2, 2, 3, 1, 1]|[0, 2, 1, 1, 3, 0, 1, 0, 0, 0, 0, 0, 1, 0, 1, 0, 1, 3, 1, 0, 0, 0, 3, 1, 0, 2, 0, 0, 0, 1, 0, 0, 0, 0, 3, 0, 1, 0, 0, 2, 1, 1, 1, 0, 0, 0, 0, 2, 1, 0, 0, 0, 1, 3, 0, 0, 1, 0, 0, 1, 0, 2, 0, 1, 0, 2, 1, 0, 0, 1, 1, 3, 1, 1, 3, 3, 1, 0, 0, 2, 0, 0, 0, 0, 1, 0, 2, 0, 1, 0, 1, 1, 0, 0, 1, 0, 0, 0, 0, 1],824.1531664905515,57504.66170409152,92407.54974943638,true
15,G1_CMAX,G1_CMAX,[31, 22, 82, 15, 26, 9, 95, 42, 77, 12, 47, 5, 93, 78, 86, 54, 6, 63, 18, 44, 20, 35, 43, 97, 91, 76, 10, 30, 21, 45, 71, 64, 1, 23, 17, 83, 24, 14, 60, 36, 85, 57, 40, 88, 65, 56, 79, 94, 67, 68, 46, 75, 38, 58, 19, 32, 81, 41, 62, 87, 28, 90, 99, 59, 11, 72, 16, 73, 70, 39, 37, 84, 3, 92, 25, 34, 29, 55, 51, 7, 98, 61, 66, 48, 89, 50, 4, 96, 53, 80, 8, 33, 27, 2, 52, 13, 0, 69, 74, 49]|[1, 1, 0, 1, 1, 0, 1, 2, 2, 1, 2, 2, 2, 1, 1, 0, 0, 1, 0, 2, 2, 0, 1, 2, 2, 1, 2, 2, 0, 0, 1, 1, 1, 2, 1, 0, 2, 0, 1, 1, 0, 1, 1, 1, 0, 2, 1, 1, 0, 0, 0, 0, 1, 1, 2, 1, 2, 0, 0, 2, 2, 1, 0, 1, 2, 2, 1, 1, 1, 1, 1, 1, 1, 0, 1, 2, 0, 2, 0, 1, 2, 1, 0, 0, 1, 0, 1, 2, 0, 0, 1, 2, 0, 0, 1, 0, 0, 1, 2, 0]|[0, 3, 2, 2, 4, 1, 2, 2, 2, 4, 1, 1, 2, 4, 4, 1, 2, 4, 2, 1, 1, 1, 1, 2, 1, 2, 1, 1, 1, 1, 3, 3, 3, 0, 4, 0, 1, 1, 0, 3, 2, 2, 2, 0, 1, 1, 0, 4, 0, 1, 2, 2, 1, 4, 0, 3, 2, 1, 2, 1, 1, 3, 1, 1, 1, 0, 3, 4, 3, 1, 4, 1, 1, 0, 4, 1, 1, 1, 1, 1, 1, 3, 1, 1, 1, 1, 4, 1, 2, 1, 3, 1, 2, 2, 1, 2, 2, 4, 1, 1]|[0, 2, 1, 1, 3, 0, 1, 0, 0, 0, 0, 0, 1, 0, 1, 0, 0, 3, 1, 0, 0, 0, 3, 1, 0, 2, 0, 0, 0, 1, 0, 0, 0, 0, 3, 0, 1, 0, 0, 2, 1, 1, 1, 0, 0, 0, 0, 2, 1, 0, 0, 0, 1, 3, 0, 0, 1, 0, 1, 0, 0, 2, 0, 1, 0, 1, 2, 0, 0, 1, 1, 3, 1, 1, 3, 0, 0, 0, 0, 2, 0, 0, 0, 0, 1, 0, 0, 0, 1, 0, 2, 0, 1, 0, 1, 0, 0, 2, 0, 1],740.1000024547002,57245.26292476342,97017.87740826326,false
15,G4_BALANCED,G3_TWC,[31, 22, 82, 15, 26, 9, 95, 42, 77, 12, 47, 5, 93, 78, 86, 54, 85, 63, 18, 44, 20, 35, 43, 97, 91, 76, 10, 30, 21, 45, 71, 64, 1, 23, 17, 83, 24, 14, 60, 36, 41, 57, 40, 88, 65, 56, 6, 79, 94, 67, 68, 46, 75, 38, 58, 19, 32, 81, 96, 27, 62, 90, 99, 59, 11, 16, 72, 73, 69, 28, 37, 84, 3, 92, 25, 55, 39, 29, 51, 7, 66, 70, 98, 33, 89, 50, 48, 87, 80, 53, 8, 4, 34, 2, 52, 49, 0, 61, 74, 13]|[1, 1, 0, 1, 1, 0, 1, 2, 2, 2, 2, 2, 2, 2, 2, 0, 0, 0, 1, 2, 2, 0, 0, 2, 0, 0, 2, 2, 2, 0, 1, 2, 1, 1, 1, 0, 0, 0, 1, 1, 0, 1, 1, 1, 0, 2, 0, 1, 1, 0, 0, 0, 0, 1, 1, 2, 1, 2, 0, 0, 0, 1, 0, 1, 2, 1, 2, 1, 1, 1, 1, 1, 1, 0, 1, 1, 0, 0, 0, 1, 2, 1, 2, 0, 1, 0, 0, 0, 0, 0, 1, 0, 2, 0, 1, 0, 0, 1, 2, 0]|[4, 3, 2, 2, 4, 1, 2, 2, 2, 2, 1, 1, 2, 2, 1, 1, 2, 2, 4, 1, 1, 1, 1, 2, 1, 1, 1, 1, 1, 1, 3, 2, 3, 3, 4, 0, 0, 1, 0, 3, 2, 2, 2, 2, 1, 1, 1, 0, 4, 0, 1, 2, 2, 1, 4, 0, 3, 2, 1, 1, 2, 3, 1, 1, 1, 3, 0, 4, 3, 1, 4, 1, 1, 0, 4, 4, 2, 1, 1, 1, 1, 3, 1, 2, 1, 1, 1, 1, 1, 2, 3, 2, 1, 2, 1, 1, 2, 3, 1, 2]|[0, 2, 1, 1, 3, 0, 1, 0, 0, 0, 0, 0, 1, 1, 0, 0, 0, 0, 3, 0, 0, 0, 0, 1, 0, 0, 0, 0, 0, 1, 0, 0, 0, 0, 3, 0, 0, 0, 0, 2, 1, 1, 1, 1, 0, 0, 0, 0, 2, 1, 0, 0, 0, 1, 3, 0, 0, 1, 0, 0, 1, 2, 0, 1, 0, 2, 1, 0, 0, 1, 1, 3, 1, 1, 3, 3, 1, 0, 0, 2, 0, 0, 0, 1, 1, 0, 0, 0, 0, 1, 2, 1, 0, 0, 1, 1, 0, 0, 0, 0],890.4143580255544,56989.99065408122,91884.80029046525,true
15,G2_TEC,G2_TEC,[31, 22, 82, 91, 26, 9, 95, 42, 77, 68, 47, 5, 93, 78, 86, 54, 85, 63, 18, 44, 20, 49, 36, 14, 74, 50, 53, 17, 21, 28, 71, 64, 3, 23, 30, 83, 24, 41, 60, 52, 65, 27, 90, 70, 39, 87, 48, 69, 99, 4, 46, 1, 13, 58, 97, 59, 33, 8, 73, 37, 35, 79, 11, 66, 76, 32, 40, 80, 96, 6, 16, 61, 45, 7, 57, 34, 12, 67, 10, 98, 56, 88, 51, 75, 15, 43, 19, 92, 38, 84, 29, 72, 81, 25, 2, 55, 0, 94, 89, 62]|[2, 1, 2, 1, 1, 2, 1, 1, 1, 1, 1, 0, 2, 2, 1, 2, 0, 0, 0, 2, 2, 1, 0, 2, 0, 2, 2, 1, 0, 1, 1, 1, 0, 0, 1, 0, 2, 1, 2, 2, 0, 0, 1, 1, 0, 2, 0, 2, 1, 0, 0, 2, 0, 0, 2, 0, 1, 1, 0, 0, 1, 1, 0, 2, 2, 0, 2, 2, 0, 1, 2, 1, 1, 2, 0, 1, 1, 1, 1, 0, 2, 1, 1, 0, 1, 1, 1, 0, 0, 0, 1, 1, 1, 1, 2, 0, 0, 2, 1, 1]|[0, 3, 0, 3, 4, 1, 4, 4, 2, 4, 3, 2, 1, 0, 2, 1, 1, 1, 2, 1, 1, 3, 0, 1, 0, 1, 1, 4, 1, 4, 3, 2, 2, 0, 4, 1, 1, 4, 0, 1, 2, 1, 4, 4, 1, 1, 0, 2, 3, 1, 2, 1, 2, 1, 1, 2, 4, 3, 0, 2, 3, 3, 1, 0, 1, 2, 0, 1, 2, 4, 1, 3, 4, 1, 2, 4, 3, 3, 3, 2, 1, 4, 3, 2, 3, 4, 4, 2, 2, 2, 3, 4, 4, 4, 1, 2, 2, 1, 4, 3]|[0, 2, 0, 0, 3, 0, 1, 3, 0, 0, 2, 0, 1, 0, 1, 0, 0, 0, 1, 0, 0, 2, 0, 0, 1, 0, 0, 3, 0, 1, 0, 2, 0, 0, 3, 0, 1, 3, 1, 0, 0, 0, 1, 3, 0, 0, 1, 0, 2, 0, 0, 0, 0, 0, 1, 0, 1, 0, 1, 1, 2, 2, 0, 0, 0, 0, 0, 0, 0, 2, 0, 0, 1, 0, 0, 1, 0, 0, 3, 0, 0, 1, 0, 0, 0, 2, 3, 0, 0, 0, 0, 2, 1, 3, 0, 0, 0, 0, 1, 0],915.3672840843223,51111.580244675715,110062.653857154,false
15,G3_TWC,G4_BALANCED,[31, 22, 82, 15, 26, 9, 95, 42, 77, 12, 47, 5, 93, 78, 86, 54, 85, 63, 18, 44, 20, 35, 43, 97, 91, 76, 10, 30, 21, 45, 71, 64, 1, 23, 17, 83, 24, 14, 60, 36, 41, 57, 40, 88, 65, 56, 6, 94, 67, 68, 46, 79, 75, 38, 58, 32, 81, 53, 27, 62, 87, 90, 99, 59, 11, 16, 72, 73, 70, 39, 37, 84, 3, 92, 25, 55, 28, 29, 51, 98, 7, 61, 66, 48, 89, 50, 4, 96, 19, 80, 8, 33, 34, 2, 52, 13, 0, 69, 74, 49]|[1, 1, 0, 1, 1, 1, 1, 2, 2, 1, 2, 2, 2, 1, 1, 0, 0, 1, 1, 2, 2, 0, 0, 2, 0, 0, 2, 2, 0, 0, 1, 2, 1, 2, 1, 0, 2, 0, 1, 1, 0, 1, 1, 1, 0, 2, 0, 1, 1, 0, 0, 1, 0, 1, 1, 1, 2, 0, 0, 0, 2, 1, 0, 1, 2, 1, 2, 1, 1, 1, 1, 1, 1, 0, 1, 1, 0, 0, 0, 2, 1, 1, 2, 0, 1, 0, 1, 2, 2, 0, 1, 2, 2, 0, 1, 0, 0, 1, 2, 0]|[4, 3, 2, 2, 4, 4, 2, 2, 2, 4, 1, 1, 2, 4, 4, 1, 2, 4, 4, 1, 1, 1, 1, 2, 1, 1, 1, 1, 1, 1, 3, 2, 3, 1, 4, 0, 1, 1, 0, 3, 1, 2, 2, 2, 1, 1, 2, 4, 4, 1, 2, 0, 2, 1, 4, 3, 2, 2, 1, 2, 1, 3, 1, 1, 1, 3, 1, 4, 3, 1, 4, 1, 1, 1, 4, 4, 2, 1, 1, 1, 1, 3, 1, 1, 1, 1, 4, 1, 0, 1, 3, 1, 1, 2, 1, 2, 2, 4, 1, 1]|[0, 2, 1, 1, 3, 3, 1, 0, 0, 0, 0, 0, 1, 0, 1, 0, 0, 3, 3, 0, 0, 0, 0, 1, 0, 0, 0, 0, 0, 1, 0, 0, 0, 0, 3, 0, 1, 0, 0, 2, 0, 1, 1, 1, 0, 0, 1, 2, 2, 0, 0, 0, 0, 1, 3, 0, 1, 1, 0, 1, 0, 2, 0, 1, 0, 2, 0, 0, 0, 1, 1, 3, 1, 0, 3, 3, 1, 0, 0, 0, 2, 0, 0, 0, 1, 0, 0, 0, 0, 0, 2, 0, 0, 0, 1, 0, 0, 2, 0, 1],906.3266491353144,55159.908782456725,105135.37307620374,true
15,G1_CMAX,G1_CMAX,[31, 22, 82, 15, 26, 9, 95, 42, 77, 12, 47, 5, 93, 78, 86, 54, 6, 63, 18, 44, 20, 35, 43, 97, 91, 76, 10, 30, 21, 45, 71, 64, 1, 23, 17, 83, 24, 14, 60, 36, 85, 57, 40, 88, 65, 56, 79, 94, 67, 68, 46, 75, 38, 58, 19, 32, 81, 41, 62, 87, 28, 90, 99, 59, 11, 72, 16, 73, 70, 39, 37, 84, 3, 92, 25, 34, 29, 55, 51, 7, 98, 61, 66, 48, 89, 50, 4, 96, 53, 80, 8, 33, 27, 2, 52, 13, 0, 69, 74, 49]|[1, 1, 0, 1, 1, 0, 1, 2, 2, 1, 2, 2, 2, 1, 1, 0, 0, 1, 0, 2, 2, 0, 1, 2, 2, 1, 2, 2, 0, 0, 1, 1, 1, 2, 1, 0, 2, 0, 1, 1, 0, 1, 1, 1, 0, 2, 1, 1, 0, 0, 0, 0, 1, 1, 2, 1, 2, 0, 0, 2, 2, 1, 0, 1, 2, 2, 1, 1, 1, 1, 1, 1, 1, 0, 1, 2, 0, 2, 0, 1, 2, 1, 0, 0, 1, 0, 1, 2, 0, 0, 1, 2, 0, 0, 1, 0, 0, 1, 2, 0]|[0, 3, 2, 2, 4, 1, 2, 2, 2, 4, 1, 1, 2, 4, 4, 1, 2, 4, 2, 1, 1, 1, 1, 2, 1, 2, 1, 1, 1, 1, 3, 3, 3, 0, 4, 0, 1, 1, 0, 3, 2, 2, 2, 0, 1, 1, 0, 4, 0, 1, 2, 2, 1, 4, 0, 3, 2, 1, 2, 1, 1, 3, 1, 1, 1, 0, 3, 4, 3, 1, 4, 1, 1, 0, 4, 1, 1, 1, 1, 1, 1, 3, 1, 1, 1, 1, 4, 1, 2, 1, 3, 1, 2, 2, 1, 2, 2, 4, 1, 1]|[0, 2, 1, 1, 3, 0, 1, 0, 0, 0, 0, 0, 1, 0, 1, 0, 0, 3, 1, 0, 0, 0, 3, 1, 0, 2, 0, 0, 0, 1, 0, 0, 0, 0, 3, 0, 1, 0, 0, 2, 1, 1, 1, 0, 0, 0, 0, 2, 1, 0, 0, 0, 1, 3, 0, 0, 1, 0, 1, 0, 0, 2, 0, 1, 0, 1, 2, 0, 0, 1, 1, 3, 1, 1, 3, 0, 0, 0, 0, 2, 0, 0, 0, 0, 1, 0, 0, 0, 1, 0, 2, 0, 1, 0, 1, 0, 0, 2, 0, 1],740.1000024547002,57245.26292476342,97017.87740826326,false
15,G4_BALANCED,G3_TWC,[31, 22, 82, 15, 26, 9, 95, 42, 77, 12, 47, 5, 93, 78, 86, 54, 85, 63, 18, 44, 20, 35, 43, 97, 91, 76, 10, 30, 21, 45, 71, 64, 1, 23, 17, 83, 24, 14, 60, 36, 41, 57, 40, 88, 65, 56, 6, 79, 94, 67, 68, 46, 75, 38, 58, 19, 32, 81, 96, 27, 62, 90, 99, 59, 11, 16, 72, 73, 69, 28, 37, 84, 3, 92, 25, 55, 39, 29, 51, 7, 66, 70, 98, 33, 89, 50, 48, 87, 80, 53, 8, 4, 34, 2, 52, 49, 0, 61, 74, 13]|[1, 1, 0, 1, 1, 0, 1, 2, 2, 2, 2, 2, 2, 2, 2, 0, 0, 0, 1, 2, 2, 0, 0, 2, 0, 0, 2, 2, 2, 0, 1, 2, 1, 1, 1, 0, 0, 0, 1, 1, 0, 1, 1, 1, 0, 2, 0, 1, 1, 0, 0, 0, 0, 1, 1, 2, 1, 2, 0, 0, 0, 1, 0, 1, 2, 1, 2, 1, 1, 1, 1, 1, 1, 0, 1, 1, 0, 0, 0, 1, 2, 1, 2, 0, 1, 0, 0, 0, 0, 0, 1, 0, 2, 0, 1, 0, 0, 1, 2, 0]|[4, 3, 2, 2, 4, 1, 2, 2, 2, 2, 1, 1, 2, 2, 1, 1, 2, 2, 4, 1, 1, 1, 1, 2, 1, 1, 1, 1, 1, 1, 3, 2, 3, 3, 4, 0, 0, 1, 0, 3, 2, 2, 2, 2, 1, 1, 1, 0, 4, 0, 1, 2, 2, 1, 4, 0, 3, 2, 1, 1, 2, 3, 1, 1, 1, 3, 0, 4, 3, 1, 4, 1, 1, 0, 4, 4, 2, 1, 1, 1, 1, 3, 1, 2, 1, 1, 1, 1, 1, 2, 3, 2, 1, 2, 1, 1, 2, 3, 1, 2]|[0, 2, 1, 1, 3, 0, 1, 0, 0, 0, 0, 0, 1, 1, 0, 0, 0, 0, 3, 0, 0, 0, 0, 1, 0, 0, 0, 0, 0, 1, 0, 0, 0, 0, 3, 0, 0, 0, 0, 2, 1, 1, 1, 1, 0, 0, 0, 0, 2, 1, 0, 0, 0, 1, 3, 0, 0, 1, 0, 0, 1, 2, 0, 1, 0, 2, 1, 0, 0, 1, 1, 3, 1, 1, 3, 3, 1, 0, 0, 2, 0, 0, 0, 1, 1, 0, 0, 0, 0, 1, 2, 1, 0, 0, 1, 1, 0, 0, 0, 0],890.4143580255544,56989.99065408122,91884.80029046525,true
15,G2_TEC,G2_TEC,[31, 22, 82, 91, 26, 9, 95, 42, 77, 68, 47, 5, 93, 78, 86, 54, 85, 63, 18, 44, 20, 49, 36, 14, 74, 50, 53, 17, 21, 28, 71, 64, 3, 23, 30, 83, 24, 41, 60, 52, 65, 27, 90, 70, 39, 87, 48, 69, 99, 4, 46, 1, 13, 58, 97, 59, 33, 8, 73, 37, 35, 79, 11, 66, 76, 32, 40, 80, 96, 6, 16, 61, 45, 7, 57, 34, 12, 67, 10, 98, 56, 88, 51, 75, 15, 43, 19, 92, 38, 84, 29, 72, 81, 25, 2, 55, 0, 94, 89, 62]|[2, 1, 2, 1, 1, 2, 1, 1, 1, 1, 1, 0, 2, 2, 1, 2, 0, 0, 0, 2, 2, 1, 0, 2, 0, 2, 2, 1, 0, 1, 1, 1, 0, 0, 1, 0, 2, 1, 2, 2, 0, 0, 1, 1, 0, 2, 0, 2, 1, 0, 0, 2, 0, 0, 2, 0, 1, 1, 0, 0, 1, 1, 0, 2, 2, 0, 2, 2, 0, 1, 2, 1, 1, 2, 0, 1, 1, 1, 1, 0, 2, 1, 1, 0, 1, 1, 1, 0, 0, 0, 1, 1, 1, 1, 2, 0, 0, 2, 1, 1]|[0, 3, 0, 3, 4, 1, 4, 4, 2, 4, 3, 2, 1, 0, 2, 1, 1, 1, 2, 1, 1, 3, 0, 1, 0, 1, 1, 4, 1, 4, 3, 2, 2, 0, 4, 1, 1, 4, 0, 1, 2, 1, 4, 4, 1, 1, 0, 2, 3, 1, 2, 1, 2, 1, 1, 2, 4, 3, 0, 2, 3, 3, 1, 0, 1, 2, 0, 1, 2, 4, 1, 3, 4, 1, 2, 4, 3, 3, 3, 2, 1, 4, 3, 2, 3, 4, 4, 2, 2, 2, 3, 4, 4, 4, 1, 2, 2, 1, 4, 3]|[0, 2, 0, 0, 3, 0, 1, 3, 0, 0, 2, 0, 1, 0, 1, 0, 0, 0, 1, 0, 0, 2, 0, 0, 1, 0, 0, 3, 0, 1, 0, 2, 0, 0, 3, 0, 1, 3, 1, 0, 0, 0, 1, 3, 0, 0, 1, 0, 2, 0, 0, 0, 0, 0, 1, 0, 1, 0, 1, 1, 2, 2, 0, 0, 0, 0, 0, 0, 0, 2, 0, 0, 1, 0, 0, 1, 0, 0, 3, 0, 0, 1, 0, 0, 0, 2, 3, 0, 0, 0, 0, 2, 1, 3, 0, 0, 0, 0, 1, 0],915.3672840843223,51111.580244675715,110062.653857154,false
15,G3_TWC,G1_CMAX,[31, 22, 82, 15, 26, 9, 95, 42, 77, 12, 47, 5, 93, 78, 86, 54, 6, 63, 18, 44, 20, 35, 43, 97, 91, 76, 10, 30, 21, 45, 64, 71, 1, 23, 17, 83, 24, 14, 60, 36, 85, 57, 40, 88, 65, 56, 79, 94, 39, 68, 46, 75, 38, 58, 19, 32, 81, 41, 27, 62, 87, 90, 99, 59, 11, 16, 72, 73, 70, 67, 37, 84, 3, 92, 25, 55, 28, 29, 51, 8, 66, 61, 98, 48, 89, 50, 7, 96, 53, 80, 4, 33, 34, 2, 52, 13, 0, 69, 74, 49]|[1, 1, 0, 1, 1, 0, 1, 2, 2, 1, 2, 2, 2, 1, 1, 0, 0, 1, 0, 2, 2, 0, 1, 2, 0, 1, 2, 2, 0, 0, 1, 2, 1, 2, 1, 0, 2, 0, 1, 1, 0, 1, 1, 1, 0, 2, 1, 1, 0, 0, 0, 0, 1, 1, 2, 1, 2, 0, 0, 0, 2, 1, 0, 1, 2, 1, 2, 1, 1, 1, 1, 1, 1, 0, 1, 1, 0, 0, 0, 1, 0, 1, 0, 0, 1, 0, 1, 2, 0, 0, 0, 0, 2, 0, 1, 0, 0, 1, 2, 0]|[4, 3, 2, 2, 4, 1, 2, 2, 2, 4, 1, 1, 2, 4, 4, 1, 2, 4, 2, 1, 1, 1, 1, 2, 1, 2, 1, 1, 1, 1, 3, 2, 3, 0, 4, 0, 1, 1, 0, 3, 2, 2, 2, 0, 1, 1, 0, 4, 0, 1, 2, 2, 1, 4, 0, 3, 2, 1, 1, 2, 1, 3, 1, 1, 1, 3, 0, 4, 3, 1, 4, 1, 1, 0, 4, 4, 2, 1, 1, 3, 1, 3, 1, 1, 1, 1, 1, 1, 2, 1, 2, 2, 1, 2, 1, 2, 2, 3, 1, 1]|[0, 2, 1, 1, 3, 0, 1, 0, 0, 0, 0, 0, 1, 0, 1, 0, 1, 3, 1, 0, 0, 0, 3, 1, 0, 2, 0, 0, 0, 1, 0, 0, 0, 0, 3, 0, 1, 0, 0, 2, 1, 1, 1, 0, 0, 0, 0, 2, 1, 0, 0, 0, 1, 3, 0, 0, 1, 0, 0, 1, 0, 2, 0, 1, 0, 2, 1, 0, 0, 1, 1, 3, 1, 1, 3, 3, 1, 0, 0, 2, 0, 0, 0, 0, 1, 0, 2, 0, 1, 0, 1, 1, 0, 0, 1, 0, 0, 0, 0, 1],824.1531664905515,57504.66170409152,92407.54974943638,true
15,G1_CMAX,G1_CMAX,[31, 22, 82, 15, 26, 9, 95, 42, 77, 12, 47, 5, 93, 78, 86, 54, 6, 63, 18, 44, 20, 35, 43, 97, 91, 76, 10, 30, 21, 45, 71, 64, 1, 23, 17, 83, 24, 14, 60, 36, 85, 57, 40, 88, 65, 56, 79, 94, 67, 68, 46, 75, 38, 58, 19, 32, 81, 41, 62, 87, 28, 90, 99, 59, 11, 72, 16, 73, 70, 39, 37, 84, 3, 92, 25, 34, 29, 55, 51, 7, 98, 61, 66, 48, 89, 50, 4, 96, 53, 80, 8, 33, 27, 2, 52, 13, 0, 69, 74, 49]|[1, 1, 0, 1, 1, 0, 1, 2, 2, 1, 2, 2, 2, 1, 1, 0, 0, 1, 0, 2, 2, 0, 1, 2, 2, 1, 2, 2, 0, 0, 1, 1, 1, 2, 1, 0, 2, 0, 1, 1, 0, 1, 1, 1, 0, 2, 1, 1, 0, 0, 0, 0, 1, 1, 2, 1, 2, 0, 0, 2, 2, 1, 0, 1, 2, 2, 1, 1, 1, 1, 1, 1, 1, 0, 1, 2, 0, 2, 0, 1, 2, 1, 0, 0, 1, 0, 1, 2, 0, 0, 1, 2, 0, 0, 1, 0, 0, 1, 2, 0]|[0, 3, 2, 2, 4, 1, 2, 2, 2, 4, 1, 1, 2, 4, 4, 1, 2, 4, 2, 1, 1, 1, 1, 2, 1, 2, 1, 1, 1, 1, 3, 3, 3, 0, 4, 0, 1, 1, 0, 3, 2, 2, 2, 0, 1, 1, 0, 4, 0, 1, 2, 2, 1, 4, 0, 3, 2, 1, 2, 1, 1, 3, 1, 1, 1, 0, 3, 4, 3, 1, 4, 1, 1, 0, 4, 1, 1, 1, 1, 1, 1, 3, 1, 1, 1, 1, 4, 1, 2, 1, 3, 1, 2, 2, 1, 2, 2, 4, 1, 1]|[0, 2, 1, 1, 3, 0, 1, 0, 0, 0, 0, 0, 1, 0, 1, 0, 0, 3, 1, 0, 0, 0, 3, 1, 0, 2, 0, 0, 0, 1, 0, 0, 0, 0, 3, 0, 1, 0, 0, 2, 1, 1, 1, 0, 0, 0, 0, 2, 1, 0, 0, 0, 1, 3, 0, 0, 1, 0, 1, 0, 0, 2, 0, 1, 0, 1, 2, 0, 0, 1, 1, 3, 1, 1, 3, 0, 0, 0, 0, 2, 0, 0, 0, 0, 1, 0, 0, 0, 1, 0, 2, 0, 1, 0, 1, 0, 0, 2, 0, 1],740.1000024547002,57245.26292476342,97017.87740826326,false
15,G4_BALANCED,G4_BALANCED,[31, 22, 82, 15, 26, 58, 95, 42, 77, 12, 47, 5, 93, 78, 86, 54, 85, 63, 18, 44, 20, 35, 43, 97, 66, 76, 10, 30, 21, 45, 71, 1, 23, 64, 17, 83, 80, 14, 60, 36, 6, 57, 40, 88, 65, 56, 79, 94, 67, 68, 46, 75, 38, 9, 19, 32, 81, 41, 53, 62, 87, 90, 99, 59, 11, 16, 72, 73, 70, 39, 37, 84, 3, 92, 25, 28, 29, 55, 51, 7, 98, 61, 91, 48, 89, 50, 4, 96, 27, 24, 8, 33, 34, 2, 52, 13, 0, 69, 74, 49]|[1, 1, 0, 1, 1, 0, 1, 2, 2, 1, 2, 2, 2, 1, 1, 0, 0, 1, 0, 2, 2, 0, 1, 2, 2, 1, 2, 2, 0, 0, 1, 1, 2, 2, 1, 0, 0, 0, 1, 1, 0, 1, 1, 1, 0, 2, 1, 1, 0, 0, 0, 0, 1, 1, 2, 1, 2, 0, 0, 0, 2, 1, 0, 1, 2, 1, 2, 1, 1, 1, 1, 1, 1, 0, 1, 0, 0, 2, 0, 1, 2, 1, 0, 0, 1, 0, 1, 2, 0, 2, 0, 2, 2, 0, 1, 0, 0, 1, 2, 0]|[4, 3, 2, 2, 4, 1, 2, 2, 2, 4, 1, 1, 2, 4, 4, 1, 2, 4, 2, 1, 1, 1, 1, 2, 1, 2, 1, 1, 1, 1, 3, 3, 1, 1, 4, 0, 1, 1, 0, 3, 2, 2, 2, 0, 1, 1, 0, 4, 0, 1, 2, 2, 1, 4, 0, 3, 2, 1, 1, 2, 1, 3, 1, 1, 1, 3, 0, 4, 3, 1, 4, 1, 1, 0, 4, 2, 1, 1, 1, 1, 1, 3, 1, 1, 1, 1, 4, 1, 2, 1, 2, 1, 1, 2, 1, 2, 2, 4, 1, 1]|[0, 2, 1, 1, 3, 0, 1, 0, 0, 0, 0, 0, 1, 0, 1, 0, 0, 3, 1, 0, 0, 0, 3, 1, 0, 2, 0, 0, 0, 1, 0, 0, 0, 0, 3, 0, 0, 0, 0, 2, 1, 1, 1, 0, 0, 0, 0, 2, 1, 0, 0, 0, 1, 3, 0, 0, 1, 0, 0, 1, 0, 2, 0, 1, 0, 2, 1, 0, 0, 1, 1, 3, 1, 1, 3, 1, 0, 0, 0, 2, 0, 0, 0, 0, 1, 0, 0, 0, 1, 1, 1, 0, 0, 0, 1, 0, 0, 2, 0, 1],758.863641245108,56323.8828778441,93552.32614179025,false
15,G2_TEC,G2_TEC,[31, 22, 82, 91, 26, 9, 95, 42, 77, 68, 47, 5, 93, 78, 86, 54, 85, 63, 18, 44, 20, 49, 36, 14, 74, 50, 53, 17, 21, 28, 71, 64, 3, 23, 30, 83, 24, 41, 60, 52, 65, 27, 90, 70, 39, 87, 48, 69, 99, 4, 46, 1, 13, 58, 97, 59, 33, 8, 73, 37, 35, 79, 11, 66, 76, 32, 40, 80, 96, 6, 16, 61, 45, 7, 57, 34, 12, 67, 10, 98, 56, 88, 51, 75, 15, 43, 19, 92, 38, 84, 29, 72, 81, 25, 2, 55, 0, 94, 89, 62]|[2, 1, 2, 1, 1, 2, 1, 1, 1, 1, 1, 0, 2, 2, 1, 2, 0, 0, 0, 2, 2, 1, 0, 2, 0, 2, 2, 1, 0, 1, 1, 1, 0, 0, 1, 0, 2, 1, 2, 2, 0, 0, 1, 1, 0, 2, 0, 2, 1, 0, 0, 2, 0, 0, 2, 0, 1, 1, 0, 0, 1, 1, 0, 2, 2, 0, 2, 2, 0, 1, 2, 1, 1, 2, 0, 1, 1, 1, 1, 0, 2, 1, 1, 0, 1, 1, 1, 0, 0, 0, 1, 1, 1, 1, 2, 0, 0, 2, 1, 1]|[0, 3, 0, 3, 4, 1, 4, 4, 2, 4, 3, 2, 1, 0, 2, 1, 1, 1, 2, 1, 1, 3, 0, 1, 0, 1, 1, 4, 1, 4, 3, 2, 2, 0, 4, 1, 1, 4, 0, 1, 2, 1, 4, 4, 1, 1, 0, 2, 3, 1, 2, 1, 2, 1, 1, 2, 4, 3, 0, 2, 3, 3, 1, 0, 1, 2, 0, 1, 2, 4, 1, 3, 4, 1, 2, 4, 3, 3, 3, 2, 1, 4, 3, 2, 3, 4, 4, 2, 2, 2, 3, 4, 4, 4, 1, 2, 2, 1, 4, 3]|[0, 2, 0, 0, 3, 0, 1, 3, 0, 0, 2, 0, 1, 0, 1, 0, 0, 0, 1, 0, 0, 2, 0, 0, 1, 0, 0, 3, 0, 1, 0, 2, 0, 0, 3, 0, 1, 3, 1, 0, 0, 0, 1, 3, 0, 0, 1, 0, 2, 0, 0, 0, 0, 0, 1, 0, 1, 0, 1, 1, 2, 2, 0, 0, 0, 0, 0, 0, 0, 2, 0, 0, 1, 0, 0, 1, 0, 0, 3, 0, 0, 1, 0, 0, 0, 2, 3, 0, 0, 0, 0, 2, 1, 3, 0, 0, 0, 0, 1, 0],915.3672840843223,51111.580244675715,110062.653857154,false
15,G3_TWC,G1_CMAX,[31, 22, 82, 15, 26, 9, 95, 42, 77, 12, 47, 5, 93, 78, 86, 54, 6, 63, 18, 44, 20, 35, 43, 97, 91, 76, 10, 30, 21, 45, 64, 71, 1, 23, 17, 83, 24, 14, 60, 36, 85, 57, 40, 88, 65, 56, 79, 94, 39, 68, 46, 75, 38, 58, 19, 32, 81, 41, 27, 62, 87, 90, 99, 59, 11, 16, 72, 73, 70, 67, 37, 84, 3, 92, 25, 55, 28, 29, 51, 8, 66, 61, 98, 48, 89, 50, 7, 96, 53, 80, 4, 33, 34, 2, 52, 13, 0, 69, 74, 49]|[1, 1, 0, 1, 1, 0, 1, 2, 2, 1, 2, 2, 2, 1, 1, 0, 0, 1, 0, 2, 2, 0, 1, 2, 0, 1, 2, 2, 0, 0, 1, 2, 1, 2, 1, 0, 2, 0, 1, 1, 0, 1, 1, 1, 0, 2, 1, 1, 0, 0, 0, 0, 1, 1, 2, 1, 2, 0, 0, 0, 2, 1, 0, 1, 2, 1, 2, 1, 1, 1, 1, 1, 1, 0, 1, 1, 0, 0, 0, 1, 0, 1, 0, 0, 1, 0, 1, 2, 0, 0, 0, 0, 2, 0, 1, 0, 0, 1, 2, 0]|[4, 3, 2, 2, 4, 1, 2, 2, 2, 4, 1, 1, 2, 4, 4, 1, 2, 4, 2, 1, 1, 1, 1, 2, 1, 2, 1, 1, 1, 1, 3, 2, 3, 0, 4, 0, 1, 1, 0, 3, 2, 2, 2, 0, 1, 1, 0, 4, 0, 1, 2, 2, 1, 4, 0, 3, 2, 1, 1, 2, 1, 3, 1, 1, 1, 3, 0, 4, 3, 1, 4, 1, 1, 0, 4, 4, 2, 1, 1, 3, 1, 3, 1, 1, 1, 1, 1, 1, 2, 1, 2, 2, 1, 2, 1, 2, 2, 3, 1, 1]|[0, 2, 1, 1, 3, 0, 1, 0, 0, 0, 0, 0, 1, 0, 1, 0, 1, 3, 1, 0, 0, 0, 3, 1, 0, 2, 0, 0, 0, 1, 0, 0, 0, 0, 3, 0, 1, 0, 0, 2, 1, 1, 1, 0, 0, 0, 0, 2, 1, 0, 0, 0, 1, 3, 0, 0, 1, 0, 0, 1, 0, 2, 0, 1, 0, 2, 1, 0, 0, 1, 1, 3, 1, 1, 3, 3, 1, 0, 0, 2, 0, 0, 0, 0, 1, 0, 2, 0, 1, 0, 1, 1, 0, 0, 1, 0, 0, 0, 0, 1],824.1531664905515,57504.66170409152,92407.54974943638,true
15,G1_CMAX,G1_CMAX,[31, 22, 82, 15, 26, 9, 95, 42, 77, 12, 47, 5, 93, 78, 86, 54, 6, 63, 18, 44, 20, 35, 43, 97, 91, 76, 10, 30, 21, 45, 71, 64, 1, 23, 17, 83, 24, 14, 60, 36, 85, 57, 40, 88, 65, 56, 79, 94, 67, 68, 46, 75, 38, 58, 19, 32, 81, 41, 62, 87, 28, 90, 99, 59, 11, 72, 16, 73, 70, 39, 37, 84, 3, 92, 25, 34, 29, 55, 51, 7, 98, 61, 66, 48, 89, 50, 4, 96, 53, 80, 8, 33, 27, 2, 52, 13, 0, 69, 74, 49]|[1, 1, 0, 1, 1, 0, 1, 2, 2, 1, 2, 2, 2, 1, 1, 0, 0, 1, 0, 2, 2, 0, 1, 2, 2, 1, 2, 2, 0, 0, 1, 1, 1, 2, 1, 0, 2, 0, 1, 1, 0, 1, 1, 1, 0, 2, 1, 1, 0, 0, 0, 0, 1, 1, 2, 1, 2, 0, 0, 2, 2, 1, 0, 1, 2, 2, 1, 1, 1, 1, 1, 1, 1, 0, 1, 2, 0, 2, 0, 1, 2, 1, 0, 0, 1, 0, 1, 2, 0, 0, 1, 2, 0, 0, 1, 0, 0, 1, 2, 0]|[0, 3, 2, 2, 4, 1, 2, 2, 2, 4, 1, 1, 2, 4, 4, 1, 2, 4, 2, 1, 1, 1, 1, 2, 1, 2, 1, 1, 1, 1, 3, 3, 3, 0, 4, 0, 1, 1, 0, 3, 2, 2, 2, 0, 1, 1, 0, 4, 0, 1, 2, 2, 1, 4, 0, 3, 2, 1, 2, 1, 1, 3, 1, 1, 1, 0, 3, 4, 3, 1, 4, 1, 1, 0, 4, 1, 1, 1, 1, 1, 1, 3, 1, 1, 1, 1, 4, 1, 2, 1, 3, 1, 2, 2, 1, 2, 2, 4, 1, 1]|[0, 2, 1, 1, 3, 0, 1, 0, 0, 0, 0, 0, 1, 0, 1, 0, 0, 3, 1, 0, 0, 0, 3, 1, 0, 2, 0, 0, 0, 1, 0, 0, 0, 0, 3, 0, 1, 0, 0, 2, 1, 1, 1, 0, 0, 0, 0, 2, 1, 0, 0, 0, 1, 3, 0, 0, 1, 0, 1, 0, 0, 2, 0, 1, 0, 1, 2, 0, 0, 1, 1, 3, 1, 1, 3, 0, 0, 0, 0, 2, 0, 0, 0, 0, 1, 0, 0, 0, 1, 0, 2, 0, 1, 0, 1, 0, 0, 2, 0, 1],740.1000024547002,57245.26292476342,97017.87740826326,false
15,G4_BALANCED,G4_BALANCED,[31, 22, 82, 15, 26, 58, 95, 42, 77, 12, 47, 5, 93, 78, 86, 54, 85, 63, 18, 44, 20, 35, 43, 97, 66, 76, 10, 30, 21, 45, 71, 64, 1, 23, 17, 83, 24, 14, 60, 36, 6, 57, 40, 88, 65, 56, 79, 94, 67, 68, 46, 75, 38, 9, 19, 32, 81, 41, 27, 62, 87, 90, 99, 59, 11, 16, 72, 73, 70, 39, 37, 84, 3, 92, 25, 34, 28, 29, 51, 8, 91, 61, 98, 48, 89, 50, 7, 96, 53, 80, 4, 33, 55, 2, 52, 13, 0, 69, 74, 49]|[1, 1, 0, 1, 1, 0, 1, 2, 2, 1, 2, 2, 2, 1, 1, 0, 0, 1, 0, 2, 2, 0, 1, 2, 0, 1, 2, 2, 0, 0, 1, 2, 1, 2, 1, 0, 2, 0, 1, 1, 0, 1, 1, 1, 0, 2, 1, 1, 0, 0, 0, 0, 1, 1, 2, 1, 2, 0, 0, 0, 2, 1, 0, 1, 2, 1, 2, 1, 1, 1, 1, 1, 1, 0, 1, 2, 0, 0, 0, 1, 2, 1, 2, 0, 1, 0, 1, 0, 0, 0, 0, 0, 1, 0, 1, 0, 0, 1, 2, 0]|[4, 3, 2, 2, 4, 1, 2, 2, 2, 4, 1, 1, 2, 4, 4, 1, 2, 4, 2, 1, 1, 1, 1, 2, 1, 2, 1, 1, 1, 1, 3, 2, 3, 1, 4, 0, 1, 1, 0, 3, 2, 2, 2, 0, 1, 1, 0, 4, 0, 1, 2, 2, 1, 4, 0, 3, 1, 1, 1, 2, 1, 3, 1, 1, 1, 3, 0, 4, 3, 1, 4, 1, 1, 0, 4, 1, 2, 1, 1, 3, 1, 3, 1, 1, 1, 1, 1, 1, 2, 1, 2, 2, 4, 2, 1, 2, 2, 4, 1, 1]|[0, 2, 1, 1, 3, 0, 1, 0, 0, 0, 0, 0, 1, 0, 1, 0, 0, 3, 1, 0, 0, 0, 3, 1, 0, 2, 0, 0, 0, 1, 0, 0, 0, 0, 3, 0, 1, 0, 0, 2, 1, 1, 1, 0, 0, 0, 0, 2, 1, 0, 0, 0, 1, 3, 0, 0, 1, 0, 0, 1, 0, 2, 0, 1, 0, 2, 1, 0, 0, 1, 1, 3, 1, 1, 3, 0, 1, 0, 0, 2, 0, 0, 0, 0, 1, 0, 2, 0, 1, 0, 1, 1, 3, 0, 1, 0, 0, 2, 0, 1],822.1676221672585,56904.13452071896,93266.67327743256,false
15,G2_TEC,G4_BALANCED,[31, 22, 82, 15, 26, 9, 95, 42, 77, 68, 47, 5, 93, 78, 86, 54, 85, 63, 18, 44, 20, 49, 36, 14, 74, 50, 53, 17, 21, 28, 71, 64, 3, 23, 30, 83, 24, 41, 60, 52, 65, 27, 90, 70, 39, 87, 48, 69, 99, 4, 46, 1, 13, 58, 97, 59, 45, 8, 73, 37, 35, 79, 11, 66, 76, 32, 40, 80, 96, 6, 16, 61, 33, 7, 57, 34, 12, 67, 10, 98, 56, 84, 29, 75, 91, 38, 19, 92, 43, 88, 51, 72, 81, 25, 2, 55, 0, 94, 89, 62]|[2, 1, 2, 1, 1, 2, 1, 1, 1, 1, 1, 0, 2, 2, 1, 2, 0, 0, 0, 2, 2, 1, 0, 2, 0, 2, 2, 1, 0, 1, 1, 1, 0, 0, 1, 0, 2, 1, 2, 2, 0, 0, 1, 1, 0, 2, 0, 2, 1, 0, 0, 2, 0, 0, 2, 0, 1, 1, 0, 0, 2, 1, 0, 2, 2, 0, 2, 2, 0, 1, 2, 1, 1, 2, 0, 1, 1, 1, 1, 2, 2, 0, 1, 0, 1, 0, 1, 0, 1, 1, 1, 1, 1, 1, 2, 0, 0, 2, 1, 1]|[0, 3, 0, 3, 4, 1, 4, 4, 2, 4, 3, 2, 1, 0, 2, 1, 1, 1, 2, 1, 1, 3, 0, 1, 0, 1, 1, 4, 1, 4, 3, 2, 2, 0, 4, 1, 1, 4, 0, 1, 2, 1, 4, 4, 1, 1, 0, 2, 3, 1, 2, 1, 2, 1, 1, 2, 4, 3, 0, 2, 2, 3, 1, 0, 1, 2, 0, 1, 2, 4, 1, 3, 4, 1, 2, 4, 3, 3, 3, 1, 1, 2, 3, 2, 3, 2, 4, 2, 4, 4, 3, 4, 4, 4, 1, 2, 2, 1, 4, 3]|[0, 2, 0, 0, 3, 0, 1, 3, 0, 0, 2, 0, 1, 0, 1, 0, 0, 0, 1, 0, 0, 2, 0, 0, 1, 0, 0, 3, 0, 1, 0, 2, 0, 0, 3, 0, 1, 3, 1, 0, 0, 0, 1, 3, 0, 0, 1, 0, 2, 0, 0, 0, 0, 0, 1, 0, 1, 0, 1, 1, 0, 2, 0, 0, 0, 0, 0, 0, 0, 2, 0, 0, 1, 0, 0, 1, 0, 0, 3, 0, 0, 0, 0, 0, 0, 0, 3, 0, 2, 1, 0, 2, 1, 3, 0, 0, 0, 0, 1, 0],892.2298054767533,51159.22112785075,110402.53114682279,true
15,G3_TWC,G1_CMAX,[31, 22, 82, 15, 26, 9, 95, 42, 77, 12, 47, 5, 93, 78, 86, 54, 6, 63, 18, 44, 20, 35, 43, 97, 91, 76, 10, 30, 21, 45, 64, 71, 1, 23, 17, 83, 24, 14, 60, 36, 85, 57, 40, 88, 65, 56, 79, 94, 39, 68, 46, 75, 38, 58, 19, 32, 81, 41, 27, 62, 87, 90, 99, 59, 11, 16, 72, 73, 70, 67, 37, 84, 3, 92, 25, 55, 28, 29, 51, 8, 66, 61, 98, 48, 89, 50, 7, 96, 53, 80, 4, 33, 34, 2, 52, 13, 0, 69, 74, 49]|[1, 1, 0, 1, 1, 0, 1, 2, 2, 1, 2, 2, 2, 1, 1, 0, 0, 1, 0, 2, 2, 0, 1, 2, 0, 1, 2, 2, 0, 0, 1, 2, 1, 2, 1, 0, 2, 0, 1, 1, 0, 1, 1, 1, 0, 2, 1, 1, 0, 0, 0, 0, 1, 1, 2, 1, 2, 0, 0, 0, 2, 1, 0, 1, 2, 1, 2, 1, 1, 1, 1, 1, 1, 0, 1, 1, 0, 0, 0, 1, 0, 1, 0, 0, 1, 0, 1, 2, 0, 0, 0, 0, 2, 0, 1, 0, 0, 1, 2, 0]|[4, 3, 2, 2, 4, 1, 2, 2, 2, 4, 1, 1, 2, 4, 4, 1, 2, 4, 2, 1, 1, 1, 1, 2, 1, 2, 1, 1, 1, 1, 3, 2, 3, 0, 4, 0, 1, 1, 0, 3, 2, 2, 2, 0, 1, 1, 0, 4, 0, 1, 2, 2, 1, 4, 0, 3, 2, 1, 1, 2, 1, 3, 1, 1, 1, 3, 0, 4, 3, 1, 4, 1, 1, 0, 4, 4, 2, 1, 1, 3, 1, 3, 1, 1, 1, 1, 1, 1, 2, 1, 2, 2, 1, 2, 1, 2, 2, 3, 1, 1]|[0, 2, 1, 1, 3, 0, 1, 0, 0, 0, 0, 0, 1, 0, 1, 0, 1, 3, 1, 0, 0, 0, 3, 1, 0, 2, 0, 0, 0, 1, 0, 0, 0, 0, 3, 0, 1, 0, 0, 2, 1, 1, 1, 0, 0, 0, 0, 2, 1, 0, 0, 0, 1, 3, 0, 0, 1, 0, 0, 1, 0, 2, 0, 1, 0, 2, 1, 0, 0, 1, 1, 3, 1, 1, 3, 3, 1, 0, 0, 2, 0, 0, 0, 0, 1, 0, 2, 0, 1, 0, 1, 1, 0, 0, 1, 0, 0, 0, 0, 1],824.1531664905515,57504.66170409152,92407.54974943638,true
15,G1_CMAX,G1_CMAX,[31, 22, 82, 15, 26, 9, 95, 42, 77, 12, 47, 5, 93, 78, 86, 54, 6, 63, 18, 44, 20, 35, 43, 97, 91, 76, 10, 30, 21, 45, 71, 64, 1, 23, 17, 83, 24, 14, 60, 36, 85, 57, 40, 88, 65, 56, 79, 94, 67, 68, 46, 75, 38, 58, 19, 32, 81, 41, 62, 87, 28, 90, 99, 59, 11, 72, 16, 73, 70, 39, 37, 84, 3, 92, 25, 34, 29, 55, 51, 7, 98, 61, 66, 48, 89, 50, 4, 96, 53, 80, 8, 33, 27, 2, 52, 13, 0, 69, 74, 49]|[1, 1, 0, 1, 1, 0, 1, 2, 2, 1, 2, 2, 2, 1, 1, 0, 0, 1, 0, 2, 2, 0, 1, 2, 2, 1, 2, 2, 0, 0, 1, 1, 1, 2, 1, 0, 2, 0, 1, 1, 0, 1, 1, 1, 0, 2, 1, 1, 0, 0, 0, 0, 1, 1, 2, 1, 2, 0, 0, 2, 2, 1, 0, 1, 2, 2, 1, 1, 1, 1, 1, 1, 1, 0, 1, 2, 0, 2, 0, 1, 2, 1, 0, 0, 1, 0, 1, 2, 0, 0, 1, 2, 0, 0, 1, 0, 0, 1, 2, 0]|[0, 3, 2, 2, 4, 1, 2, 2, 2, 4, 1, 1, 2, 4, 4, 1, 2, 4, 2, 1, 1, 1, 1, 2, 1, 2, 1, 1, 1, 1, 3, 3, 3, 0, 4, 0, 1, 1, 0, 3, 2, 2, 2, 0, 1, 1, 0, 4, 0, 1, 2, 2, 1, 4, 0, 3, 2, 1, 2, 1, 1, 3, 1, 1, 1, 0, 3, 4, 3, 1, 4, 1, 1, 0, 4, 1, 1, 1, 1, 1, 1, 3, 1, 1, 1, 1, 4, 1, 2, 1, 3, 1, 2, 2, 1, 2, 2, 4, 1, 1]|[0, 2, 1, 1, 3, 0, 1, 0, 0, 0, 0, 0, 1, 0, 1, 0, 0, 3, 1, 0, 0, 0, 3, 1, 0, 2, 0, 0, 0, 1, 0, 0, 0, 0, 3, 0, 1, 0, 0, 2, 1, 1, 1, 0, 0, 0, 0, 2, 1, 0, 0, 0, 1, 3, 0, 0, 1, 0, 1, 0, 0, 2, 0, 1, 0, 1, 2, 0, 0, 1, 1, 3, 1, 1, 3, 0, 0, 0, 0, 2, 0, 0, 0, 0, 1, 0, 0, 0, 1, 0, 2, 0, 1, 0, 1, 0, 0, 2, 0, 1],740.1000024547002,57245.26292476342,97017.87740826326,false
15,G4_BALANCED,G2_TEC,[31, 22, 82, 15, 26, 9, 95, 42, 77, 68, 47, 5, 93, 78, 86, 54, 85, 63, 18, 44, 20, 49, 36, 14, 74, 50, 53, 17, 21, 28, 71, 64, 3, 23, 30, 83, 24, 41, 40, 52, 65, 27, 90, 70, 39, 87, 48, 69, 99, 4, 46, 1, 13, 58, 97, 59, 45, 8, 73, 37, 35, 79, 11, 66, 76, 32, 60, 80, 96, 6, 16, 61, 33, 7, 57, 34, 12, 67, 10, 98, 56, 88, 29, 25, 91, 38, 19, 92, 43, 84, 51, 72, 81, 75, 2, 89, 0, 94, 55, 62]|[2, 1, 2, 1, 1, 2, 1, 1, 1, 1, 1, 0, 2, 2, 1, 2, 0, 0, 0, 2, 2, 1, 0, 2, 0, 2, 2, 1, 0, 1, 1, 1, 0, 0, 1, 0, 2, 1, 2, 2, 0, 0, 1, 1, 0, 2, 0, 2, 1, 0, 0, 2, 0, 0, 2, 0, 1, 1, 0, 0, 2, 1, 0, 2, 2, 0, 2, 2, 0, 1, 2, 1, 1, 2, 0, 1, 1, 1, 1, 2, 2, 1, 1, 1, 1, 0, 1, 0, 1, 0, 1, 1, 1, 0, 2, 1, 0, 2, 0, 1]|[0, 3, 0, 3, 4, 1, 4, 4, 2, 4, 3, 2, 1, 0, 2, 1, 1, 1, 2, 1, 1, 3, 0, 1, 0, 1, 1, 4, 1, 4, 3, 2, 2, 0, 4, 1, 1, 4, 0, 1, 2, 1, 4, 4, 1, 1, 0, 2, 3, 1, 2, 1, 2, 1, 1, 2, 4, 3, 0, 2, 2, 3, 1, 0, 1, 2, 0, 1, 2, 4, 1, 3, 4, 1, 2, 4, 3, 3, 3, 1, 1, 4, 3, 4, 3, 2, 4, 2, 4, 2, 3, 4, 1, 2, 1, 4, 2, 1, 2, 3]|[0, 2, 0, 0, 3, 0, 1, 3, 0, 0, 2, 0, 1, 0, 1, 0, 0, 0, 1, 0, 0, 2, 0, 0, 1, 0, 0, 3, 0, 1, 0, 2, 0, 0, 3, 0, 1, 3, 0, 0, 0, 0, 1, 3, 0, 0, 1, 0, 2, 0, 0, 0, 0, 0, 1, 0, 1, 0, 1, 1, 0, 2, 0, 0, 0, 0, 0, 0, 0, 2, 0, 0, 1, 0, 0, 1, 0, 0, 3, 0, 0, 1, 0, 3, 0, 0, 3, 0, 2, 0, 0, 2, 1, 0, 0, 1, 0, 0, 0, 0],889.0053545036524,50920.37616528636,113453.88510595518,true
15,G2_TEC,G4_BALANCED,[31, 22, 82, 15, 26, 9, 95, 42, 77, 68, 47, 5, 93, 78, 86, 54, 85, 63, 18, 44, 20, 49, 36, 14, 74, 50, 53, 17, 21, 28, 71, 64, 3, 23, 30, 83, 24, 41, 60, 52, 65, 27, 90, 70, 39, 87, 48, 69, 99, 4, 46, 1, 13, 58, 97, 59, 45, 8, 73, 37, 35, 79, 11, 66, 76, 32, 40, 80, 96, 6, 16, 61, 33, 7, 57, 34, 12, 67, 10, 98, 56, 84, 29, 75, 91, 38, 19, 92, 43, 88, 51, 72, 81, 25, 2, 55, 0, 94, 89, 62]|[2, 1, 2, 1, 1, 2, 1, 1, 1, 1, 1, 0, 2, 2, 1, 2, 0, 0, 0, 2, 2, 1, 0, 2, 0, 2, 2, 1, 0, 1, 1, 1, 0, 0, 1, 0, 2, 1, 2, 2, 0, 0, 1, 1, 0, 2, 0, 2, 1, 0, 0, 2, 0, 0, 2, 0, 1, 1, 0, 0, 2, 1, 0, 2, 2, 0, 2, 2, 0, 1, 2, 1, 1, 2, 0, 1, 1, 1, 1, 2, 2, 0, 1, 0, 1, 0, 1, 0, 1, 1, 1, 1, 1, 1, 2, 0, 0, 2, 1, 1]|[0, 3, 0, 3, 4, 1, 4, 4, 2, 4, 3, 2, 1, 0, 2, 1, 1, 1, 2, 1, 1, 3, 0, 1, 0, 1, 1, 4, 1, 4, 3, 2, 2, 0, 4, 1, 1, 4, 0, 1, 2, 1, 4, 4, 1, 1, 0, 2, 3, 1, 2, 1, 2, 1, 1, 2, 4, 3, 0, 2, 2, 3, 1, 0, 1, 2, 0, 1, 2, 4, 1, 3, 4, 1, 2, 4, 3, 3, 3, 1, 1, 2, 3, 2, 3, 2, 4, 2, 4, 4, 3, 4, 4, 4, 1, 2, 2, 1, 4, 3]|[0, 2, 0, 0, 3, 0, 1, 3, 0, 0, 2, 0, 1, 0, 1, 0, 0, 0, 1, 0, 0, 2, 0, 0, 1, 0, 0, 3, 0, 1, 0, 2, 0, 0, 3, 0, 1, 3, 1, 0, 0, 0, 1, 3, 0, 0, 1, 0, 2, 0, 0, 0, 0, 0, 1, 0, 1, 0, 1, 1, 0, 2, 0, 0, 0, 0, 0, 0, 0, 2, 0, 0, 1, 0, 0, 1, 0, 0, 3, 0, 0, 0, 0, 0, 0, 0, 3, 0, 2, 1, 0, 2, 1, 3, 0, 0, 0, 0, 1, 0],892.2298054767533,51159.22112785075,110402.53114682279,true
15,G3_TWC,G1_CMAX,[31, 22, 82, 15, 26, 9, 95, 42, 77, 12, 47, 5, 93, 78, 86, 54, 6, 63, 18, 44, 20, 35, 43, 97, 91, 76, 10, 30, 21, 45, 64, 71, 1, 23, 17, 83, 24, 14, 60, 36, 85, 57, 40, 88, 65, 56, 79, 94, 39, 68, 46, 75, 38, 58, 19, 32, 81, 41, 27, 62, 87, 90, 99, 59, 11, 16, 72, 73, 70, 67, 37, 84, 3, 92, 25, 55, 28, 29, 51, 8, 66, 61, 98, 48, 89, 50, 7, 96, 53, 80, 4, 33, 34, 2, 52, 13, 0, 69, 74, 49]|[1, 1, 0, 1, 1, 0, 1, 2, 2, 1, 2, 2, 2, 1, 1, 0, 0, 1, 0, 2, 2, 0, 1, 2, 0, 1, 2, 2, 0, 0, 1, 2, 1, 2, 1, 0, 2, 0, 1, 1, 0, 1, 1, 1, 0, 2, 1, 1, 0, 0, 0, 0, 1, 1, 2, 1, 2, 0, 0, 0, 2, 1, 0, 1, 2, 1, 2, 1, 1, 1, 1, 1, 1, 0, 1, 1, 0, 0, 0, 1, 0, 1, 0, 0, 1, 0, 1, 2, 0, 0, 0, 0, 2, 0, 1, 0, 0, 1, 2, 0]|[4, 3, 2, 2, 4, 1, 2, 2, 2, 4, 1, 1, 2, 4, 4, 1, 2, 4, 2, 1, 1, 1, 1, 2, 1, 2, 1, 1, 1, 1, 3, 2, 3, 0, 4, 0, 1, 1, 0, 3, 2, 2, 2, 0, 1, 1, 0, 4, 0, 1, 2, 2, 1, 4, 0, 3, 2, 1, 1, 2, 1, 3, 1, 1, 1, 3, 0, 4, 3, 1, 4, 1, 1, 0, 4, 4, 2, 1, 1, 3, 1, 3, 1, 1, 1, 1, 1, 1, 2, 1, 2, 2, 1, 2, 1, 2, 2, 3, 1, 1]|[0, 2, 1, 1, 3, 0, 1, 0, 0, 0, 0, 0, 1, 0, 1, 0, 1, 3, 1, 0, 0, 0, 3, 1, 0, 2, 0, 0, 0, 1, 0, 0, 0, 0, 3, 0, 1, 0, 0, 2, 1, 1, 1, 0, 0, 0, 0, 2, 1, 0, 0, 0, 1, 3, 0, 0, 1, 0, 0, 1, 0, 2, 0, 1, 0, 2, 1, 0, 0, 1, 1, 3, 1, 1, 3, 3, 1, 0, 0, 2, 0, 0, 0, 0, 1, 0, 2, 0, 1, 0, 1, 1, 0, 0, 1, 0, 0, 0, 0, 1],824.1531664905515,57504.66170409152,92407.54974943638,true
15,G1_CMAX,G1_CMAX,[31, 22, 82, 15, 26, 9, 95, 42, 77, 12, 47, 5, 93, 78, 86, 54, 6, 63, 18, 44, 20, 35, 43, 97, 91, 76, 10, 30, 21, 45, 71, 64, 1, 23, 17, 83, 24, 14, 60, 36, 85, 57, 40, 88, 65, 56, 79, 94, 67, 68, 46, 75, 38, 58, 19, 32, 81, 41, 62, 87, 28, 90, 99, 59, 11, 72, 16, 73, 70, 39, 37, 84, 3, 92, 25, 34, 29, 55, 51, 7, 98, 61, 66, 48, 89, 50, 4, 96, 53, 80, 8, 33, 27, 2, 52, 13, 0, 69, 74, 49]|[1, 1, 0, 1, 1, 0, 1, 2, 2, 1, 2, 2, 2, 1, 1, 0, 0, 1, 0, 2, 2, 0, 1, 2, 2, 1, 2, 2, 0, 0, 1, 1, 1, 2, 1, 0, 2, 0, 1, 1, 0, 1, 1, 1, 0, 2, 1, 1, 0, 0, 0, 0, 1, 1, 2, 1, 2, 0, 0, 2, 2, 1, 0, 1, 2, 2, 1, 1, 1, 1, 1, 1, 1, 0, 1, 2, 0, 2, 0, 1, 2, 1, 0, 0, 1, 0, 1, 2, 0, 0, 1, 2, 0, 0, 1, 0, 0, 1, 2, 0]|[0, 3, 2, 2, 4, 1, 2, 2, 2, 4, 1, 1, 2, 4, 4, 1, 2, 4, 2, 1, 1, 1, 1, 2, 1, 2, 1, 1, 1, 1, 3, 3, 3, 0, 4, 0, 1, 1, 0, 3, 2, 2, 2, 0, 1, 1, 0, 4, 0, 1, 2, 2, 1, 4, 0, 3, 2, 1, 2, 1, 1, 3, 1, 1, 1, 0, 3, 4, 3, 1, 4, 1, 1, 0, 4, 1, 1, 1, 1, 1, 1, 3, 1, 1, 1, 1, 4, 1, 2, 1, 3, 1, 2, 2, 1, 2, 2, 4, 1, 1]|[0, 2, 1, 1, 3, 0, 1, 0, 0, 0, 0, 0, 1, 0, 1, 0, 0, 3, 1, 0, 0, 0, 3, 1, 0, 2, 0, 0, 0, 1, 0, 0, 0, 0, 3, 0, 1, 0, 0, 2, 1, 1, 1, 0, 0, 0, 0, 2, 1, 0, 0, 0, 1, 3, 0, 0, 1, 0, 1, 0, 0, 2, 0, 1, 0, 1, 2, 0, 0, 1, 1, 3, 1, 1, 3, 0, 0, 0, 0, 2, 0, 0, 0, 0, 1, 0, 0, 0, 1, 0, 2, 0, 1, 0, 1, 0, 0, 2, 0, 1],740.1000024547002,57245.26292476342,97017.87740826326,false
15,G4_BALANCED,G1_CMAX,[31, 22, 82, 15, 26, 58, 95, 42, 77, 12, 47, 5, 93, 78, 86, 54, 85, 63, 18, 72, 20, 35, 43, 97, 91, 76, 10, 30, 21, 45, 71, 64, 1, 23, 17, 83, 24, 14, 60, 36, 6, 57, 40, 88, 65, 56, 79, 94, 67, 41, 68, 75, 38, 9, 19, 32, 81, 55, 62, 87, 27, 90, 99, 59, 11, 16, 44, 73, 70, 39, 37, 84, 3, 92, 25, 46, 28, 29, 51, 7, 66, 61, 98, 48, 89, 50, 4, 96, 53, 80, 8, 33, 34, 2, 52, 13, 0, 69, 74, 49]|[1, 1, 0, 1, 1, 0, 1, 2, 2, 1, 2, 2, 2, 1, 1, 0, 0, 1, 0, 2, 2, 0, 0, 2, 0, 1, 2, 2, 0, 0, 1, 2, 1, 2, 1, 0, 2, 0, 1, 1, 0, 1, 1, 1, 0, 2, 1, 1, 0, 0, 0, 0, 1, 1, 2, 1, 2, 2, 0, 2, 0, 1, 0, 1, 2, 1, 2, 1, 1, 1, 1, 1, 1, 0, 1, 0, 0, 0, 0, 1, 2, 1, 2, 0, 1, 0, 1, 2, 0, 0, 1, 2, 2, 0, 1, 0, 0, 1, 2, 0]|[4, 3, 2, 2, 4, 1, 2, 2, 2, 4, 1, 1, 2, 4, 4, 1, 2, 4, 2, 1, 1, 1, 1, 2, 1, 2, 1, 1, 1, 1, 3, 2, 3, 1, 4, 0, 1, 1, 0, 3, 2, 2, 2, 0, 1, 1, 0, 4, 0, 1, 1, 2, 1, 4, 0, 3, 2, 1, 2, 1, 1, 3, 1, 1, 1, 3, 1, 4, 3, 1, 4, 1, 1, 0, 4, 2, 2, 1, 1, 1, 1, 3, 1, 1, 1, 1, 4, 1, 2, 1, 3, 1, 1, 2, 1, 2, 2, 4, 1, 1]|[0, 2, 1, 1, 3, 0, 1, 0, 0, 0, 0, 0, 1, 0, 1, 0, 0, 3, 1, 0, 0, 0, 0, 1, 0, 2, 0, 0, 0, 1, 0, 0, 0, 0, 3, 0, 1, 0, 0, 2, 1, 1, 1, 0, 0, 0, 0, 2, 1, 0, 0, 0, 1, 3, 0, 0, 1, 0, 1, 0, 0, 2, 0, 1, 0, 2, 0, 0, 0, 1, 1, 3, 1, 1, 3, 0, 1, 0, 0, 2, 0, 0, 0, 0, 1, 0, 0, 0, 1, 0, 2, 0, 0, 0, 1, 0, 0, 2, 0, 1],772.5169263527459,55992.15611869475,95323.98996115685,true
15,G2_TEC,G2_TEC,[31, 22, 82, 15, 26, 9, 95, 42, 77, 68, 47, 5, 93, 78, 86, 54, 85, 63, 18, 44, 20, 49, 36, 14, 74, 50, 53, 17, 21, 28, 71, 64, 3, 23, 30, 65, 24, 41, 60, 52, 83, 27, 90, 70, 39, 87, 48, 69, 99, 4, 46, 1, 13, 58, 97, 59, 33, 8, 73, 37, 35, 79, 11, 66, 76, 32, 40, 80, 96, 6, 16, 61, 45, 7, 57, 34, 12, 67, 10, 98, 56, 88, 29, 75, 91, 92, 19, 38, 43, 84, 51, 72, 81, 25, 2, 55, 0, 94, 89, 62]|[2, 1, 2, 1, 1, 2, 1, 1, 1, 1, 1, 0, 2, 2, 1, 2, 0, 0, 0, 2, 2, 1, 0, 2, 0, 2, 2, 1, 0, 1, 1, 1, 0, 0, 1, 0, 2, 1, 2, 2, 0, 0, 1, 1, 0, 2, 0, 2, 1, 0, 0, 2, 0, 0, 2, 0, 1, 1, 0, 0, 2, 1, 0, 2, 2, 0, 2, 2, 0, 1, 2, 1, 1, 2, 0, 1, 1, 1, 1, 2, 2, 1, 1, 0, 1, 0, 1, 0, 0, 0, 1, 1, 1, 1, 2, 0, 0, 2, 1, 1]|[0, 3, 0, 3, 4, 1, 4, 4, 2, 4, 3, 2, 1, 0, 2, 1, 1, 1, 2, 1, 1, 3, 0, 1, 0, 1, 1, 4, 1, 4, 3, 2, 2, 0, 4, 1, 1, 4, 0, 1, 1, 1, 4, 4, 1, 1, 0, 2, 3, 1, 2, 1, 2, 1, 1, 2, 4, 3, 0, 2, 2, 3, 1, 0, 1, 2, 0, 1, 2, 4, 1, 3, 4, 1, 2, 4, 3, 3, 3, 1, 1, 4, 3, 2, 3, 2, 4, 2, 2, 2, 3, 4, 4, 4, 1, 2, 2, 1, 4, 3]|[0, 2, 0, 0, 3, 0, 1, 3, 0, 0, 2, 0, 1, 0, 1, 0, 0, 0, 1, 0, 0, 2, 0, 0, 1, 0, 0, 3, 0, 1, 0, 2, 0, 0, 3, 0, 1, 3, 1, 0, 0, 0, 1, 3, 0, 0, 1, 0, 2, 0, 0, 0, 0, 0, 1, 0, 1, 0, 1, 1, 0, 2, 0, 0, 0, 0, 0, 0, 0, 2, 0, 0, 1, 0, 0, 1, 0, 0, 3, 0, 0, 1, 0, 0, 0, 0, 3, 0, 0, 0, 0, 2, 1, 3, 0, 0, 0, 0, 1, 0],903.1276932266319,51081.509993378844,110364.37065442372,false
15,G3_TWC,G1_CMAX,[31, 22, 82, 15, 26, 9, 95, 42, 77, 12, 47, 5, 93, 78, 86, 54, 6, 63, 18, 44, 20, 35, 43, 97, 91, 76, 10, 30, 21, 45, 64, 71, 1, 23, 17, 83, 24, 14, 60, 36, 85, 57, 40, 88, 65, 56, 79, 94, 39, 68, 46, 75, 38, 58, 19, 32, 81, 41, 27, 62, 87, 90, 99, 59, 11, 16, 72, 73, 70, 67, 37, 84, 3, 92, 25, 55, 28, 29, 51, 8, 66, 61, 98, 48, 89, 50, 7, 96, 53, 80, 4, 33, 34, 2, 52, 13, 0, 69, 74, 49]|[1, 1, 0, 1, 1, 0, 1, 2, 2, 1, 2, 2, 2, 1, 1, 0, 0, 1, 0, 2, 2, 0, 1, 2, 0, 1, 2, 2, 0, 0, 1, 2, 1, 2, 1, 0, 2, 0, 1, 1, 0, 1, 1, 1, 0, 2, 1, 1, 0, 0, 0, 0, 1, 1, 2, 1, 2, 0, 0, 0, 2, 1, 0, 1, 2, 1, 2, 1, 1, 1, 1, 1, 1, 0, 1, 1, 0, 0, 0, 1, 0, 1, 0, 0, 1, 0, 1, 2, 0, 0, 0, 0, 2, 0, 1, 0, 0, 1, 2, 0]|[4, 3, 2, 2, 4, 1, 2, 2, 2, 4, 1, 1, 2, 4, 4, 1, 2, 4, 2, 1, 1, 1, 1, 2, 1, 2, 1, 1, 1, 1, 3, 2, 3, 0, 4, 0, 1, 1, 0, 3, 2, 2, 2, 0, 1, 1, 0, 4, 0, 1, 2, 2, 1, 4, 0, 3, 2, 1, 1, 2, 1, 3, 1, 1, 1, 3, 0, 4, 3, 1, 4, 1, 1, 0, 4, 4, 2, 1, 1, 3, 1, 3, 1, 1, 1, 1, 1, 1, 2, 1, 2, 2, 1, 2, 1, 2, 2, 3, 1, 1]|[0, 2, 1, 1, 3, 0, 1, 0, 0, 0, 0, 0, 1, 0, 1, 0, 1, 3, 1, 0, 0, 0, 3, 1, 0, 2, 0, 0, 0, 1, 0, 0, 0, 0, 3, 0, 1, 0, 0, 2, 1, 1, 1, 0, 0, 0, 0, 2, 1, 0, 0, 0, 1, 3, 0, 0, 1, 0, 0, 1, 0, 2, 0, 1, 0, 2, 1, 0, 0, 1, 1, 3, 1, 1, 3, 3, 1, 0, 0, 2, 0, 0, 0, 0, 1, 0, 2, 0, 1, 0, 1, 1, 0, 0, 1, 0, 0, 0, 0, 1],824.1531664905515,57504.66170409152,92407.54974943638,true
15,G1_CMAX,G1_CMAX,[31, 22, 82, 15, 26, 9, 95, 42, 77, 12, 47, 5, 93, 78, 86, 54, 6, 63, 18, 44, 20, 35, 43, 97, 91, 76, 10, 30, 21, 45, 71, 64, 1, 23, 17, 83, 24, 14, 60, 36, 85, 57, 40, 88, 65, 56, 79, 94, 67, 68, 46, 75, 38, 58, 19, 32, 81, 41, 62, 87, 28, 90, 99, 59, 11, 72, 16, 73, 70, 39, 37, 84, 3, 92, 25, 34, 29, 55, 51, 7, 98, 61, 66, 48, 89, 50, 4, 96, 53, 80, 8, 33, 27, 2, 52, 13, 0, 69, 74, 49]|[1, 1, 0, 1, 1, 0, 1, 2, 2, 1, 2, 2, 2, 1, 1, 0, 0, 1, 0, 2, 2, 0, 1, 2, 2, 1, 2, 2, 0, 0, 1, 1, 1, 2, 1, 0, 2, 0, 1, 1, 0, 1, 1, 1, 0, 2, 1, 1, 0, 0, 0, 0, 1, 1, 2, 1, 2, 0, 0, 2, 2, 1, 0, 1, 2, 2, 1, 1, 1, 1, 1, 1, 1, 0, 1, 2, 0, 2, 0, 1, 2, 1, 0, 0, 1, 0, 1, 2, 0, 0, 1, 2, 0, 0, 1, 0, 0, 1, 2, 0]|[0, 3, 2, 2, 4, 1, 2, 2, 2, 4, 1, 1, 2, 4, 4, 1, 2, 4, 2, 1, 1, 1, 1, 2, 1, 2, 1, 1, 1, 1, 3, 3, 3, 0, 4, 0, 1, 1, 0, 3, 2, 2, 2, 0, 1, 1, 0, 4, 0, 1, 2, 2, 1, 4, 0, 3, 2, 1, 2, 1, 1, 3, 1, 1, 1, 0, 3, 4, 3, 1, 4, 1, 1, 0, 4, 1, 1, 1, 1, 1, 1, 3, 1, 1, 1, 1, 4, 1, 2, 1, 3, 1, 2, 2, 1, 2, 2, 4, 1, 1]|[0, 2, 1, 1, 3, 0, 1, 0, 0, 0, 0, 0, 1, 0, 1, 0, 0, 3, 1, 0, 0, 0, 3, 1, 0, 2, 0, 0, 0, 1, 0, 0, 0, 0, 3, 0, 1, 0, 0, 2, 1, 1, 1, 0, 0, 0, 0, 2, 1, 0, 0, 0, 1, 3, 0, 0, 1, 0, 1, 0, 0, 2, 0, 1, 0, 1, 2, 0, 0, 1, 1, 3, 1, 1, 3, 0, 0, 0, 0, 2, 0, 0, 0, 0, 1, 0, 0, 0, 1, 0, 2, 0, 1, 0, 1, 0, 0, 2, 0, 1],740.1000024547002,57245.26292476342,97017.87740826326,false
15,G4_BALANCED,G4_BALANCED,[31, 22, 82, 15, 26, 9, 95, 42, 77, 68, 47, 5, 93, 78, 86, 54, 85, 63, 18, 44, 20, 49, 36, 14, 74, 50, 53, 17, 21, 28, 71, 64, 3, 23, 30, 83, 24, 41, 60, 52, 65, 27, 90, 70, 39, 87, 48, 69, 99, 4, 46, 1, 13, 58, 97, 59, 45, 8, 73, 37, 35, 40, 11, 66, 76, 32, 79, 80, 96, 6, 16, 61, 33, 7, 57, 34, 12, 67, 10, 98, 56, 88, 29, 75, 91, 38, 19, 92, 43, 84, 51, 72, 81, 25, 2, 55, 0, 94, 89, 62]|[2, 1, 2, 1, 1, 2, 1, 1, 1, 1, 1, 0, 2, 2, 1, 2, 0, 0, 0, 2, 2, 1, 0, 2, 0, 2, 2, 1, 0, 1, 1, 1, 0, 0, 1, 0, 2, 1, 2, 2, 0, 0, 1, 1, 0, 2, 0, 2, 1, 0, 0, 2, 0, 0, 2, 0, 1, 1, 0, 0, 2, 2, 0, 2, 2, 0, 1, 2, 0, 1, 2, 1, 1, 2, 0, 1, 1, 1, 1, 2, 2, 1, 1, 0, 1, 0, 1, 0, 1, 0, 1, 1, 1, 1, 2, 0, 0, 1, 1, 1]|[0, 3, 0, 3, 4, 1, 4, 4, 2, 4, 3, 2, 1, 0, 2, 1, 1, 1, 2, 1, 1, 3, 0, 1, 0, 1, 1, 4, 1, 4, 3, 2, 2, 0, 4, 1, 1, 4, 0, 1, 2, 1, 4, 4, 1, 1, 0, 2, 3, 1, 2, 1, 2, 1, 1, 2, 4, 3, 0, 2, 2, 0, 1, 0, 1, 2, 3, 1, 2, 4, 1, 3, 4, 1, 2, 4, 3, 3, 3, 1, 1, 4, 3, 2, 3, 2, 4, 2, 4, 2, 3, 4, 1, 4, 1, 2, 2, 4, 4, 3]|[0, 2, 0, 0, 3, 0, 1, 3, 0, 0, 2, 0, 1, 0, 1, 0, 0, 0, 1, 0, 0, 2, 0, 0, 1, 0, 0, 3, 0, 1, 0, 2, 0, 1, 3, 0, 1, 3, 1, 0, 0, 0, 1, 3, 0, 0, 1, 0, 2, 0, 0, 0, 0, 0, 1, 0, 1, 0, 1, 1, 0, 0, 0, 0, 0, 0, 2, 0, 0, 2, 0, 0, 1, 0, 0, 1, 0, 0, 3, 0, 0, 1, 0, 0, 0, 0, 3, 0, 2, 0, 0, 2, 1, 3, 0, 0, 0, 2, 1, 0],903.2385143846271,51678.49137726576,106717.24315810326,false
15,G2_TEC,G2_TEC,[31, 22, 82, 15, 26, 9, 95, 42, 77, 68, 47, 5, 93, 78, 86, 54, 85, 63, 18, 44, 20, 49, 36, 14, 74, 50, 53, 17, 21, 28, 71, 64, 3, 23, 30, 65, 24, 41, 60, 52, 83, 27, 90, 70, 39, 87, 48, 69, 99, 4, 46, 1, 13, 58, 97, 59, 33, 8, 73, 37, 35, 79, 11, 66, 76, 32, 40, 80, 96, 6, 16, 61, 45, 7, 57, 34, 12, 67, 10, 98, 56, 88, 29, 75, 91, 92, 19, 38, 43, 84, 51, 72, 81, 25, 2, 55, 0, 94, 89, 62]|[2, 1, 2, 1, 1, 2, 1, 1, 1, 1, 1, 0, 2, 2, 1, 2, 0, 0, 0, 2, 2, 1, 0, 2, 0, 2, 2, 1, 0, 1, 1, 1, 0, 0, 1, 0, 2, 1, 2, 2, 0, 0, 1, 1, 0, 2, 0, 2, 1, 0, 0, 2, 0, 0, 2, 0, 1, 1, 0, 0, 2, 1, 0, 2, 2, 0, 2, 2, 0, 1, 2, 1, 1, 2, 0, 1, 1, 1, 1, 2, 2, 1, 1, 0, 1, 0, 1, 0, 0, 0, 1, 1, 1, 1, 2, 0, 0, 2, 1, 1]|[0, 3, 0, 3, 4, 1, 4, 4, 2, 4, 3, 2, 1, 0, 2, 1, 1, 1, 2, 1, 1, 3, 0, 1, 0, 1, 1, 4, 1, 4, 3, 2, 2, 0, 4, 1, 1, 4, 0, 1, 1, 1, 4, 4, 1, 1, 0, 2, 3, 1, 2, 1, 2, 1, 1, 2, 4, 3, 0, 2, 2, 3, 1, 0, 1, 2, 0, 1, 2, 4, 1, 3, 4, 1, 2, 4, 3, 3, 3, 1, 1, 4, 3, 2, 3, 2, 4, 2, 2, 2, 3, 4, 4, 4, 1, 2, 2, 1, 4, 3]|[0, 2, 0, 0, 3, 0, 1, 3, 0, 0, 2, 0, 1, 0, 1, 0, 0, 0, 1, 0, 0, 2, 0, 0, 1, 0, 0, 3, 0, 1, 0, 2, 0, 0, 3, 0, 1, 3, 1, 0, 0, 0, 1, 3, 0, 0, 1, 0, 2, 0, 0, 0, 0, 0, 1, 0, 1, 0, 1, 1, 0, 2, 0, 0, 0, 0, 0, 0, 0, 2, 0, 0, 1, 0, 0, 1, 0, 0, 3, 0, 0, 1, 0, 0, 0, 0, 3, 0, 0, 0, 0, 2, 1, 3, 0, 0, 0, 0, 1, 0],903.1276932266319,51081.509993378844,110364.37065442372,false
15,G3_TWC,G1_CMAX,[31, 22, 82, 15, 26, 9, 95, 42, 77, 12, 47, 5, 93, 78, 86, 54, 6, 63, 18, 44, 20, 35, 43, 97, 91, 76, 10, 30, 21, 45, 64, 71, 1, 23, 17, 83, 24, 14, 60, 36, 85, 57, 40, 88, 65, 56, 79, 94, 39, 68, 46, 75, 38, 58, 19, 32, 81, 41, 27, 62, 87, 90, 99, 59, 11, 16, 72, 73, 70, 67, 37, 84, 3, 92, 25, 55, 28, 29, 51, 8, 66, 61, 98, 48, 89, 50, 7, 96, 53, 80, 4, 33, 34, 2, 52, 13, 0, 69, 74, 49]|[1, 1, 0, 1, 1, 0, 1, 2, 2, 1, 2, 2, 2, 1, 1, 0, 0, 1, 0, 2, 2, 0, 1, 2, 0, 1, 2, 2, 0, 0, 1, 2, 1, 2, 1, 0, 2, 0, 1, 1, 0, 1, 1, 1, 0, 2, 1, 1, 0, 0, 0, 0, 1, 1, 2, 1, 2, 0, 0, 0, 2, 1, 0, 1, 2, 1, 2, 1, 1, 1, 1, 1, 1, 0, 1, 1, 0, 0, 0, 1, 0, 1, 0, 0, 1, 0, 1, 2, 0, 0, 0, 0, 2, 0, 1, 0, 0, 1, 2, 0]|[4, 3, 2, 2, 4, 1, 2, 2, 2, 4, 1, 1, 2, 4, 4, 1, 2, 4, 2, 1, 1, 1, 1, 2, 1, 2, 1, 1, 1, 1, 3, 2, 3, 0, 4, 0, 1, 1, 0, 3, 2, 2, 2, 0, 1, 1, 0, 4, 0, 1, 2, 2, 1, 4, 0, 3, 2, 1, 1, 2, 1, 3, 1, 1, 1, 3, 0, 4, 3, 1, 4, 1, 1, 0, 4, 4, 2, 1, 1, 3, 1, 3, 1, 1, 1, 1, 1, 1, 2, 1, 2, 2, 1, 2, 1, 2, 2, 3, 1, 1]|[0, 2, 1, 1, 3, 0, 1, 0, 0, 0, 0, 0, 1, 0, 1, 0, 1, 3, 1, 0, 0, 0, 3, 1, 0, 2, 0, 0, 0, 1, 0, 0, 0, 0, 3, 0, 1, 0, 0, 2, 1, 1, 1, 0, 0, 0, 0, 2, 1, 0, 0, 0, 1, 3, 0, 0, 1, 0, 0, 1, 0, 2, 0, 1, 0, 2, 1, 0, 0, 1, 1, 3, 1, 1, 3, 3, 1, 0, 0, 2, 0, 0, 0, 0, 1, 0, 2, 0, 1, 0, 1, 1, 0, 0, 1, 0, 0, 0, 0, 1],824.1531664905515,57504.66170409152,92407.54974943638,true
15,G1_CMAX,G1_CMAX,[31, 22, 82, 15, 26, 9, 95, 42, 77, 12, 47, 5, 93, 78, 86, 54, 6, 63, 18, 44, 20, 35, 43, 97, 91, 76, 10, 30, 21, 45, 71, 64, 1, 23, 17, 83, 24, 14, 60, 36, 85, 57, 40, 88, 65, 56, 79, 94, 67, 68, 46, 75, 38, 58, 19, 32, 81, 41, 62, 87, 28, 90, 99, 59, 11, 72, 16, 73, 70, 39, 37, 84, 3, 92, 25, 34, 29, 55, 51, 7, 98, 61, 66, 48, 89, 50, 4, 96, 53, 80, 8, 33, 27, 2, 52, 13, 0, 69, 74, 49]|[1, 1, 0, 1, 1, 0, 1, 2, 2, 1, 2, 2, 2, 1, 1, 0, 0, 1, 0, 2, 2, 0, 1, 2, 2, 1, 2, 2, 0, 0, 1, 1, 1, 2, 1, 0, 2, 0, 1, 1, 0, 1, 1, 1, 0, 2, 1, 1, 0, 0, 0, 0, 1, 1, 2, 1, 2, 0, 0, 2, 2, 1, 0, 1, 2, 2, 1, 1, 1, 1, 1, 1, 1, 0, 1, 2, 0, 2, 0, 1, 2, 1, 0, 0, 1, 0, 1, 2, 0, 0, 1, 2, 0, 0, 1, 0, 0, 1, 2, 0]|[0, 3, 2, 2, 4, 1, 2, 2, 2, 4, 1, 1, 2, 4, 4, 1, 2, 4, 2, 1, 1, 1, 1, 2, 1, 2, 1, 1, 1, 1, 3, 3, 3, 0, 4, 0, 1, 1, 0, 3, 2, 2, 2, 0, 1, 1, 0, 4, 0, 1, 2, 2, 1, 4, 0, 3, 2, 1, 2, 1, 1, 3, 1, 1, 1, 0, 3, 4, 3, 1, 4, 1, 1, 0, 4, 1, 1, 1, 1, 1, 1, 3, 1, 1, 1, 1, 4, 1, 2, 1, 3, 1, 2, 2, 1, 2, 2, 4, 1, 1]|[0, 2, 1, 1, 3, 0, 1, 0, 0, 0, 0, 0, 1, 0, 1, 0, 0, 3, 1, 0, 0, 0, 3, 1, 0, 2, 0, 0, 0, 1, 0, 0, 0, 0, 3, 0, 1, 0, 0, 2, 1, 1, 1, 0, 0, 0, 0, 2, 1, 0, 0, 0, 1, 3, 0, 0, 1, 0, 1, 0, 0, 2, 0, 1, 0, 1, 2, 0, 0, 1, 1, 3, 1, 1, 3, 0, 0, 0, 0, 2, 0, 0, 0, 0, 1, 0, 0, 0, 1, 0, 2, 0, 1, 0, 1, 0, 0, 2, 0, 1],740.1000024547002,57245.26292476342,97017.87740826326,false
15,G4_BALANCED,G4_BALANCED,[31, 22, 82, 15, 26, 58, 95, 42, 77, 12, 47, 5, 93, 78, 86, 54, 85, 63, 18, 44, 20, 35, 43, 97, 66, 76, 79, 30, 21, 45, 71, 64, 1, 23, 17, 83, 24, 14, 60, 36, 6, 57, 40, 88, 65, 56, 10, 94, 51, 68, 46, 75, 38, 9, 19, 32, 81, 41, 27, 62, 87, 90, 99, 59, 11, 16, 72, 73, 70, 39, 37, 84, 3, 92, 25, 34, 28, 29, 67, 7, 33, 61, 98, 48, 89, 50, 4, 96, 53, 80, 8, 91, 55, 2, 52, 13, 0, 69, 74, 49]|[1, 1, 0, 1, 1, 0, 1, 2, 2, 1, 2, 2, 2, 1, 1, 0, 0, 1, 0, 2, 2, 0, 1, 2, 0, 1, 2, 2, 0, 0, 1, 2, 1, 2, 1, 0, 2, 0, 1, 1, 0, 1, 1, 1, 0, 2, 2, 1, 0, 0, 0, 0, 1, 1, 2, 1, 2, 0, 0, 0, 2, 1, 0, 1, 2, 1, 2, 1, 1, 1, 1, 1, 1, 0, 1, 2, 0, 0, 0, 1, 2, 1, 2, 0, 1, 0, 1, 2, 0, 0, 0, 2, 2, 0, 1, 0, 0, 1, 2, 0]|[4, 3, 2, 2, 4, 1, 2, 2, 2, 4, 1, 1, 2, 4, 4, 1, 2, 4, 2, 1, 1, 1, 1, 2, 1, 2, 1, 1, 1, 1, 3, 2, 3, 1, 4, 0, 1, 1, 0, 3, 2, 2, 2, 0, 1, 1, 1, 4, 0, 1, 2, 2, 1, 4, 0, 3, 2, 1, 1, 2, 1, 3, 1, 1, 1, 3, 0, 4, 3, 1, 4, 1, 1, 0, 4, 1, 2, 1, 1, 1, 1, 3, 1, 1, 1, 1, 4, 1, 2, 1, 1, 1, 1, 2, 1, 2, 2, 4, 1, 1]|[0, 2, 1, 1, 3, 0, 1, 0, 0, 0, 0, 0, 1, 0, 1, 0, 0, 3, 1, 0, 0, 0, 3, 1, 0, 2, 0, 0, 0, 1, 0, 0, 0, 0, 3, 0, 1, 0, 0, 2, 1, 1, 1, 0, 0, 0, 0, 2, 1, 0, 0, 0, 1, 3, 0, 0, 1, 0, 0, 1, 0, 2, 0, 1, 0, 2, 1, 0, 0, 1, 1, 3, 1, 1, 3, 0, 1, 0, 0, 2, 0, 0, 0, 0, 1, 0, 0, 0, 1, 0, 0, 0, 0, 0, 1, 0, 0, 2, 0, 1],777.1078796202921,56064.70272036895,94627.71072912935,false
15,G2_TEC,G4_BALANCED,[31, 22, 82, 15, 26, 9, 95, 42, 77, 68, 47, 5, 93, 78, 86, 54, 85, 63, 18, 44, 20, 49, 36, 14, 74, 50, 53, 17, 21, 28, 71, 64, 3, 23, 30, 83, 24, 41, 60, 52, 65, 27, 90, 70, 39, 87, 48, 69, 99, 4, 46, 1, 13, 58, 97, 59, 45, 8, 73, 37, 35, 40, 11, 66, 76, 32, 79, 80, 96, 6, 16, 61, 33, 7, 57, 34, 12, 67, 10, 98, 56, 88, 29, 75, 91, 43, 19, 92, 38, 84, 2, 72, 89, 25, 55, 81, 0, 51, 94, 62]|[2, 1, 2, 1, 1, 2, 1, 1, 1, 1, 1, 0, 2, 2, 1, 2, 0, 0, 0, 2, 2, 1, 0, 2, 0, 2, 2, 1, 0, 1, 1, 1, 0, 0, 1, 0, 2, 1, 2, 2, 0, 0, 1, 1, 0, 2, 0, 2, 1, 0, 0, 2, 0, 0, 2, 0, 1, 1, 0, 0, 2, 2, 0, 2, 2, 0, 1, 2, 0, 1, 2, 1, 1, 2, 0, 1, 1, 1, 1, 2, 2, 1, 1, 0, 1, 1, 1, 0, 0, 0, 2, 1, 1, 1, 0, 1, 0, 1, 2, 1]|[0, 3, 0, 3, 4, 1, 4, 4, 2, 4, 3, 2, 1, 0, 2, 1, 1, 1, 2, 1, 1, 3, 0, 1, 0, 1, 1, 4, 1, 4, 3, 2, 2, 0, 4, 1, 1, 4, 0, 1, 2, 1, 4, 4, 1, 1, 0, 2, 3, 1, 2, 1, 2, 1, 1, 2, 4, 3, 0, 2, 2, 0, 1, 0, 1, 2, 3, 1, 2, 4, 1, 3, 4, 1, 2, 4, 3, 3, 3, 1, 1, 4, 3, 2, 3, 4, 4, 2, 2, 2, 1, 4, 4, 4, 2, 4, 2, 3, 1, 3]|[0, 2, 0, 0, 3, 0, 1, 3, 0, 0, 2, 0, 1, 0, 1, 0, 0, 0, 1, 0, 0, 2, 0, 0, 1, 0, 0, 3, 0, 1, 0, 2, 0, 0, 3, 0, 1, 3, 1, 0, 0, 0, 1, 3, 0, 0, 1, 0, 2, 0, 0, 0, 0, 0, 1, 0, 1, 0, 1, 1, 0, 0, 0, 0, 0, 0, 2, 0, 0, 2, 0, 0, 1, 0, 0, 1, 0, 0, 3, 0, 0, 1, 0, 0, 0, 2, 3, 0, 0, 0, 0, 2, 1, 3, 0, 2, 0, 0, 0, 0],892.3664504836805,51074.007208202966,109836.55104633381,true
15,G3_TWC,G1_CMAX,[31, 22, 82, 15, 26, 9, 95, 42, 77, 12, 47, 5, 93, 78, 86, 54, 6, 63, 18, 44, 20, 35, 43, 97, 91, 76, 10, 30, 21, 45, 64, 71, 1, 23, 17, 83, 24, 14, 60, 36, 85, 57, 40, 88, 65, 56, 79, 94, 39, 68, 46, 75, 38, 58, 19, 32, 81, 41, 27, 62, 87, 90, 99, 59, 11, 16, 72, 73, 70, 67, 37, 84, 3, 92, 25, 55, 28, 29, 51, 8, 66, 61, 98, 48, 89, 50, 7, 96, 53, 80, 4, 33, 34, 2, 52, 13, 0, 69, 74, 49]|[1, 1, 0, 1, 1, 0, 1, 2, 2, 1, 2, 2, 2, 1, 1, 0, 0, 1, 0, 2, 2, 0, 1, 2, 0, 1, 2, 2, 0, 0, 1, 2, 1, 2, 1, 0, 2, 0, 1, 1, 0, 1, 1, 1, 0, 2, 1, 1, 0, 0, 0, 0, 1, 1, 2, 1, 2, 0, 0, 0, 2, 1, 0, 1, 2, 1, 2, 1, 1, 1, 1, 1, 1, 0, 1, 1, 0, 0, 0, 1, 0, 1, 0, 0, 1, 0, 1, 2, 0, 0, 0, 0, 2, 0, 1, 0, 0, 1, 2, 0]|[4, 3, 2, 2, 4, 1, 2, 2, 2, 4, 1, 1, 2, 4, 4, 1, 2, 4, 2, 1, 1, 1, 1, 2, 1, 2, 1, 1, 1, 1, 3, 2, 3, 0, 4, 0, 1, 1, 0, 3, 2, 2, 2, 0, 1, 1, 0, 4, 0, 1, 2, 2, 1, 4, 0, 3, 2, 1, 1, 2, 1, 3, 1, 1, 1, 3, 0, 4, 3, 1, 4, 1, 1, 0, 4, 4, 2, 1, 1, 3, 1, 3, 1, 1, 1, 1, 1, 1, 2, 1, 2, 2, 1, 2, 1, 2, 2, 3, 1, 1]|[0, 2, 1, 1, 3, 0, 1, 0, 0, 0, 0, 0, 1, 0, 1, 0, 1, 3, 1, 0, 0, 0, 3, 1, 0, 2, 0, 0, 0, 1, 0, 0, 0, 0, 3, 0, 1, 0, 0, 2, 1, 1, 1, 0, 0, 0, 0, 2, 1, 0, 0, 0, 1, 3, 0, 0, 1, 0, 0, 1, 0, 2, 0, 1, 0, 2, 1, 0, 0, 1, 1, 3, 1, 1, 3, 3, 1, 0, 0, 2, 0, 0, 0, 0, 1, 0, 2, 0, 1, 0, 1, 1, 0, 0, 1, 0, 0, 0, 0, 1],824.1531664905515,57504.66170409152,92407.54974943638,true
15,G1_CMAX,G1_CMAX,[31, 22, 82, 15, 26, 9, 95, 42, 77, 12, 47, 5, 93, 78, 86, 54, 6, 63, 18, 44, 20, 35, 43, 97, 91, 76, 10, 30, 21, 45, 71, 64, 1, 23, 17, 83, 24, 14, 60, 36, 85, 57, 40, 88, 65, 56, 79, 94, 67, 68, 46, 75, 38, 58, 19, 32, 81, 41, 62, 87, 28, 90, 99, 59, 11, 72, 16, 73, 70, 39, 37, 84, 3, 92, 25, 34, 29, 55, 51, 7, 98, 61, 66, 48, 89, 50, 4, 96, 53, 80, 8, 33, 27, 2, 52, 13, 0, 69, 74, 49]|[1, 1, 0, 1, 1, 0, 1, 2, 2, 1, 2, 2, 2, 1, 1, 0, 0, 1, 0, 2, 2, 0, 1, 2, 2, 1, 2, 2, 0, 0, 1, 1, 1, 2, 1, 0, 2, 0, 1, 1, 0, 1, 1, 1, 0, 2, 1, 1, 0, 0, 0, 0, 1, 1, 2, 1, 2, 0, 0, 2, 2, 1, 0, 1, 2, 2, 1, 1, 1, 1, 1, 1, 1, 0, 1, 2, 0, 2, 0, 1, 2, 1, 0, 0, 1, 0, 1, 2, 0, 0, 1, 2, 0, 0, 1, 0, 0, 1, 2, 0]|[0, 3, 2, 2, 4, 1, 2, 2, 2, 4, 1, 1, 2, 4, 4, 1, 2, 4, 2, 1, 1, 1, 1, 2, 1, 2, 1, 1, 1, 1, 3, 3, 3, 0, 4, 0, 1, 1, 0, 3, 2, 2, 2, 0, 1, 1, 0, 4, 0, 1, 2, 2, 1, 4, 0, 3, 2, 1, 2, 1, 1, 3, 1, 1, 1, 0, 3, 4, 3, 1, 4, 1, 1, 0, 4, 1, 1, 1, 1, 1, 1, 3, 1, 1, 1, 1, 4, 1, 2, 1, 3, 1, 2, 2, 1, 2, 2, 4, 1, 1]|[0, 2, 1, 1, 3, 0, 1, 0, 0, 0, 0, 0, 1, 0, 1, 0, 0, 3, 1, 0, 0, 0, 3, 1, 0, 2, 0, 0, 0, 1, 0, 0, 0, 0, 3, 0, 1, 0, 0, 2, 1, 1, 1, 0, 0, 0, 0, 2, 1, 0, 0, 0, 1, 3, 0, 0, 1, 0, 1, 0, 0, 2, 0, 1, 0, 1, 2, 0, 0, 1, 1, 3, 1, 1, 3, 0, 0, 0, 0, 2, 0, 0, 0, 0, 1, 0, 0, 0, 1, 0, 2, 0, 1, 0, 1, 0, 0, 2, 0, 1],740.1000024547002,57245.26292476342,97017.87740826326,false
15,G4_BALANCED,G4_BALANCED,[31, 22, 82, 15, 26, 58, 95, 42, 77, 12, 47, 5, 93, 78, 86, 54, 85, 63, 18, 44, 20, 35, 43, 97, 91, 76, 10, 30, 21, 45, 71, 64, 1, 23, 17, 83, 24, 14, 60, 36, 6, 57, 40, 88, 65, 56, 79, 94, 67, 68, 46, 75, 38, 9, 19, 32, 81, 41, 27, 62, 87, 90, 99, 59, 11, 16, 72, 73, 70, 39, 37, 84, 69, 92, 25, 55, 28, 29, 51, 7, 66, 61, 98, 48, 89, 50, 4, 96, 8, 80, 53, 33, 34, 2, 52, 13, 0, 3, 74, 49]|[1, 1, 0, 1, 1, 0, 1, 2, 2, 1, 2, 2, 2, 1, 1, 0, 0, 1, 0, 2, 2, 0, 1, 2, 2, 1, 2, 2, 0, 0, 1, 2, 1, 2, 1, 0, 2, 0, 1, 1, 0, 1, 1, 1, 0, 2, 1, 1, 0, 0, 0, 0, 1, 1, 2, 1, 2, 0, 0, 0, 2, 1, 0, 1, 2, 1, 2, 1, 1, 1, 1, 1, 1, 0, 1, 2, 0, 0, 0, 1, 2, 1, 2, 0, 1, 0, 1, 2, 1, 0, 0, 2, 2, 0, 2, 0, 0, 1, 2, 0]|[4, 3, 2, 2, 4, 1, 2, 2, 2, 4, 1, 1, 2, 4, 4, 1, 2, 4, 2, 1, 1, 1, 1, 2, 1, 2, 1, 1, 1, 1, 3, 2, 3, 1, 4, 0, 1, 1, 0, 3, 1, 2, 2, 0, 1, 1, 0, 4, 0, 1, 2, 2, 1, 4, 0, 3, 2, 1, 1, 2, 1, 3, 1, 1, 1, 3, 0, 4, 3, 1, 4, 1, 4, 0, 4, 1, 2, 1, 1, 1, 1, 3, 1, 1, 1, 1, 4, 1, 3, 1, 2, 1, 1, 2, 1, 2, 2, 4, 1, 1]|[0, 2, 1, 1, 3, 0, 1, 0, 0, 0, 0, 0, 1, 0, 1, 0, 0, 3, 1, 0, 0, 0, 3, 1, 0, 2, 0, 0, 0, 1, 0, 0, 0, 0, 3, 0, 1, 0, 0, 2, 0, 1, 1, 0, 0, 0, 0, 2, 1, 0, 0, 0, 1, 3, 0, 0, 1, 0, 0, 1, 0, 2, 0, 1, 0, 2, 1, 0, 0, 1, 1, 3, 2, 1, 3, 0, 1, 0, 0, 2, 0, 0, 0, 0, 1, 0, 0, 0, 2, 0, 1, 0, 0, 0, 0, 0, 0, 2, 0, 1],811.3764980153643,55716.396979443074,99038.49678480547,false
15,G2_TEC,G4_BALANCED,[31, 22, 82, 15, 26, 9, 95, 42, 77, 68, 47, 5, 93, 78, 86, 54, 85, 63, 18, 44, 20, 49, 36, 14, 74, 50, 53, 17, 21, 28, 71, 64, 3, 23, 30, 83, 24, 41, 60, 52, 65, 27, 90, 70, 39, 87, 48, 69, 99, 4, 46, 1, 13, 58, 97, 59, 45, 8, 73, 37, 35, 40, 11, 66, 76, 32, 79, 80, 96, 6, 16, 61, 33, 7, 57, 34, 12, 67, 10, 98, 56, 88, 29, 75, 91, 43, 19, 92, 38, 84, 2, 72, 89, 25, 55, 81, 0, 51, 94, 62]|[2, 1, 2, 1, 1, 2, 1, 1, 1, 1, 1, 0, 2, 2, 1, 2, 0, 0, 0, 2, 2, 1, 0, 2, 0, 2, 2, 1, 0, 1, 1, 1, 0, 0, 1, 0, 2, 1, 2, 2, 0, 0, 1, 1, 0, 2, 0, 2, 1, 0, 0, 2, 0, 0, 2, 0, 1, 1, 0, 0, 2, 2, 0, 2, 2, 0, 1, 2, 0, 1, 2, 1, 1, 2, 0, 1, 1, 1, 1, 2, 2, 1, 1, 0, 1, 1, 1, 0, 0, 0, 2, 1, 1, 1, 0, 1, 0, 1, 2, 1]|[0, 3, 0, 3, 4, 1, 4, 4, 2, 4, 3, 2, 1, 0, 2, 1, 1, 1, 2, 1, 1, 3, 0, 1, 0, 1, 1, 4, 1, 4, 3, 2, 2, 0, 4, 1, 1, 4, 0, 1, 2, 1, 4, 4, 1, 1, 0, 2, 3, 1, 2, 1, 2, 1, 1, 2, 4, 3, 0, 2, 2, 0, 1, 0, 1, 2, 3, 1, 2, 4, 1, 3, 4, 1, 2, 4, 3, 3, 3, 1, 1, 4, 3, 2, 3, 4, 4, 2, 2, 2, 1, 4, 4, 4, 2, 4, 2, 3, 1, 3]|[0, 2, 0, 0, 3, 0, 1, 3, 0, 0, 2, 0, 1, 0, 1, 0, 0, 0, 1, 0, 0, 2, 0, 0, 1, 0, 0, 3, 0, 1, 0, 2, 0, 0, 3, 0, 1, 3, 1, 0, 0, 0, 1, 3, 0, 0, 1, 0, 2, 0, 0, 0, 0, 0, 1, 0, 1, 0, 1, 1, 0, 0, 0, 0, 0, 0, 2, 0, 0, 2, 0, 0, 1, 0, 0, 1, 0, 0, 3, 0, 0, 1, 0, 0, 0, 2, 3, 0, 0, 0, 0, 2, 1, 3, 0, 2, 0, 0, 0, 0],892.3664504836805,51074.007208202966,109836.55104633381,true
15,G3_TWC,G1_CMAX,[31, 22, 82, 15, 26, 9, 95, 42, 77, 12, 47, 5, 93, 78, 86, 54, 6, 63, 18, 44, 20, 35, 43, 97, 91, 76, 10, 30, 21, 45, 64, 71, 1, 23, 17, 83, 24, 14, 60, 36, 85, 57, 40, 88, 65, 56, 79, 94, 39, 68, 46, 75, 38, 58, 19, 32, 81, 41, 27, 62, 87, 90, 99, 59, 11, 16, 72, 73, 70, 67, 37, 84, 3, 92, 25, 55, 28, 29, 51, 8, 66, 61, 98, 48, 89, 50, 7, 96, 53, 80, 4, 33, 34, 2, 52, 13, 0, 69, 74, 49]|[1, 1, 0, 1, 1, 0, 1, 2, 2, 1, 2, 2, 2, 1, 1, 0, 0, 1, 0, 2, 2, 0, 1, 2, 0, 1, 2, 2, 0, 0, 1, 2, 1, 2, 1, 0, 2, 0, 1, 1, 0, 1, 1, 1, 0, 2, 1, 1, 0, 0, 0, 0, 1, 1, 2, 1, 2, 0, 0, 0, 2, 1, 0, 1, 2, 1, 2, 1, 1, 1, 1, 1, 1, 0, 1, 1, 0, 0, 0, 1, 0, 1, 0, 0, 1, 0, 1, 2, 0, 0, 0, 0, 2, 0, 1, 0, 0, 1, 2, 0]|[4, 3, 2, 2, 4, 1, 2, 2, 2, 4, 1, 1, 2, 4, 4, 1, 2, 4, 2, 1, 1, 1, 1, 2, 1, 2, 1, 1, 1, 1, 3, 2, 3, 0, 4, 0, 1, 1, 0, 3, 2, 2, 2, 0, 1, 1, 0, 4, 0, 1, 2, 2, 1, 4, 0, 3, 2, 1, 1, 2, 1, 3, 1, 1, 1, 3, 0, 4, 3, 1, 4, 1, 1, 0, 4, 4, 2, 1, 1, 3, 1, 3, 1, 1, 1, 1, 1, 1, 2, 1, 2, 2, 1, 2, 1, 2, 2, 3, 1, 1]|[0, 2, 1, 1, 3, 0, 1, 0, 0, 0, 0, 0, 1, 0, 1, 0, 1, 3, 1, 0, 0, 0, 3, 1, 0, 2, 0, 0, 0, 1, 0, 0, 0, 0, 3, 0, 1, 0, 0, 2, 1, 1, 1, 0, 0, 0, 0, 2, 1, 0, 0, 0, 1, 3, 0, 0, 1, 0, 0, 1, 0, 2, 0, 1, 0, 2, 1, 0, 0, 1, 1, 3, 1, 1, 3, 3, 1, 0, 0, 2, 0, 0, 0, 0, 1, 0, 2, 0, 1, 0, 1, 1, 0, 0, 1, 0, 0, 0, 0, 1],824.1531664905515,57504.66170409152,92407.54974943638,true
15,G1_CMAX,G1_CMAX,[31, 22, 82, 15, 26, 9, 95, 42, 77, 12, 47, 5, 93, 78, 86, 54, 6, 63, 18, 44, 20, 35, 43, 97, 91, 76, 10, 30, 21, 45, 71, 64, 1, 23, 17, 83, 24, 14, 60, 36, 85, 57, 40, 88, 65, 56, 79, 94, 67, 68, 46, 75, 38, 58, 19, 32, 81, 41, 62, 87, 28, 90, 99, 59, 11, 72, 16, 73, 70, 39, 37, 84, 3, 92, 25, 34, 29, 55, 51, 7, 98, 61, 66, 48, 89, 50, 4, 96, 53, 80, 8, 33, 27, 2, 52, 13, 0, 69, 74, 49]|[1, 1, 0, 1, 1, 0, 1, 2, 2, 1, 2, 2, 2, 1, 1, 0, 0, 1, 0, 2, 2, 0, 1, 2, 2, 1, 2, 2, 0, 0, 1, 1, 1, 2, 1, 0, 2, 0, 1, 1, 0, 1, 1, 1, 0, 2, 1, 1, 0, 0, 0, 0, 1, 1, 2, 1, 2, 0, 0, 2, 2, 1, 0, 1, 2, 2, 1, 1, 1, 1, 1, 1, 1, 0, 1, 2, 0, 2, 0, 1, 2, 1, 0, 0, 1, 0, 1, 2, 0, 0, 1, 2, 0, 0, 1, 0, 0, 1, 2, 0]|[0, 3, 2, 2, 4, 1, 2, 2, 2, 4, 1, 1, 2, 4, 4, 1, 2, 4, 2, 1, 1, 1, 1, 2, 1, 2, 1, 1, 1, 1, 3, 3, 3, 0, 4, 0, 1, 1, 0, 3, 2, 2, 2, 0, 1, 1, 0, 4, 0, 1, 2, 2, 1, 4, 0, 3, 2, 1, 2, 1, 1, 3, 1, 1, 1, 0, 3, 4, 3, 1, 4, 1, 1, 0, 4, 1, 1, 1, 1, 1, 1, 3, 1, 1, 1, 1, 4, 1, 2, 1, 3, 1, 2, 2, 1, 2, 2, 4, 1, 1]|[0, 2, 1, 1, 3, 0, 1, 0, 0, 0, 0, 0, 1, 0, 1, 0, 0, 3, 1, 0, 0, 0, 3, 1, 0, 2, 0, 0, 0, 1, 0, 0, 0, 0, 3, 0, 1, 0, 0, 2, 1, 1, 1, 0, 0, 0, 0, 2, 1, 0, 0, 0, 1, 3, 0, 0, 1, 0, 1, 0, 0, 2, 0, 1, 0, 1, 2, 0, 0, 1, 1, 3, 1, 1, 3, 0, 0, 0, 0, 2, 0, 0, 0, 0, 1, 0, 0, 0, 1, 0, 2, 0, 1, 0, 1, 0, 0, 2, 0, 1],740.1000024547002,57245.26292476342,97017.87740826326,false
15,G4_BALANCED,G4_BALANCED,[31, 22, 82, 15, 26, 58, 95, 42, 77, 12, 47, 5, 93, 78, 86, 54, 85, 63, 18, 44, 20, 35, 43, 97, 91, 76, 10, 30, 21, 45, 71, 64, 1, 23, 17, 83, 24, 14, 60, 36, 6, 57, 40, 88, 65, 56, 79, 94, 67, 68, 46, 75, 38, 9, 19, 32, 81, 41, 27, 62, 87, 90, 99, 59, 11, 16, 72, 73, 69, 39, 37, 84, 3, 53, 25, 55, 28, 29, 51, 7, 33, 61, 98, 48, 89, 50, 66, 96, 92, 80, 8, 4, 34, 2, 52, 13, 0, 70, 74, 49]|[1, 1, 0, 1, 1, 0, 1, 2, 2, 1, 2, 2, 2, 1, 1, 0, 0, 1, 0, 2, 2, 0, 1, 2, 0, 1, 2, 2, 0, 0, 1, 2, 1, 2, 1, 0, 2, 0, 1, 1, 0, 1, 1, 1, 0, 2, 1, 1, 0, 0, 0, 0, 1, 1, 2, 1, 2, 0, 0, 0, 2, 1, 0, 1, 2, 1, 2, 1, 1, 1, 1, 1, 1, 0, 1, 2, 0, 0, 0, 1, 2, 1, 2, 0, 1, 0, 2, 2, 0, 0, 1, 1, 2, 0, 1, 0, 0, 1, 2, 0]|[4, 3, 2, 2, 4, 1, 2, 2, 2, 4, 1, 1, 2, 4, 4, 1, 2, 4, 2, 1, 1, 1, 1, 2, 1, 2, 1, 1, 1, 1, 3, 2, 3, 0, 4, 0, 1, 1, 0, 3, 2, 2, 2, 0, 1, 1, 0, 4, 0, 1, 2, 2, 1, 4, 0, 3, 2, 1, 1, 2, 1, 3, 1, 1, 1, 3, 0, 4, 3, 1, 4, 1, 1, 2, 4, 1, 2, 1, 1, 1, 1, 3, 1, 1, 1, 1, 1, 1, 2, 1, 3, 4, 1, 2, 1, 2, 2, 4, 1, 1]|[0, 2, 1, 1, 3, 0, 1, 0, 0, 0, 0, 0, 1, 0, 1, 0, 0, 3, 1, 0, 0, 0, 3, 1, 0, 2, 0, 0, 0, 1, 0, 0, 0, 0, 3, 0, 1, 0, 0, 2, 1, 1, 1, 0, 0, 0, 0, 2, 1, 0, 0, 0, 1, 3, 0, 0, 1, 0, 0, 1, 0, 2, 0, 1, 0, 2, 1, 0, 0, 1, 1, 3, 1, 1, 3, 0, 1, 0, 0, 2, 0, 0, 0, 0, 1, 0, 0, 0, 1, 0, 2, 0, 0, 0, 1, 0, 0, 2, 0, 1],758.1759973467765,56829.515333113224,94278.62215254652,false
15,G2_TEC,G4_BALANCED,[31, 22, 82, 15, 26, 9, 95, 42, 77, 68, 47, 5, 93, 78, 86, 54, 85, 63, 18, 44, 20, 49, 36, 14, 74, 50, 53, 17, 21, 28, 71, 64, 3, 23, 30, 83, 24, 41, 60, 52, 65, 27, 90, 70, 39, 87, 48, 69, 99, 4, 46, 1, 13, 58, 97, 59, 45, 8, 73, 37, 35, 40, 11, 66, 76, 32, 79, 80, 96, 6, 16, 61, 33, 7, 57, 34, 12, 67, 10, 98, 56, 88, 29, 75, 91, 43, 19, 92, 38, 84, 2, 72, 89, 25, 55, 81, 0, 51, 94, 62]|[2, 1, 2, 1, 1, 2, 1, 1, 1, 1, 1, 0, 2, 2, 1, 2, 0, 0, 0, 2, 2, 1, 0, 2, 0, 2, 2, 1, 0, 1, 1, 1, 0, 0, 1, 0, 2, 1, 2, 2, 0, 0, 1, 1, 0, 2, 0, 2, 1, 0, 0, 2, 0, 0, 2, 0, 1, 1, 0, 0, 2, 2, 0, 2, 2, 0, 1, 2, 0, 1, 2, 1, 1, 2, 0, 1, 1, 1, 1, 2, 2, 1, 1, 0, 1, 1, 1, 0, 0, 0, 2, 1, 1, 1, 0, 1, 0, 1, 2, 1]|[0, 3, 0, 3, 4, 1, 4, 4, 2, 4, 3, 2, 1, 0, 2, 1, 1, 1, 2, 1, 1, 3, 0, 1, 0, 1, 1, 4, 1, 4, 3, 2, 2, 0, 4, 1, 1, 4, 0, 1, 2, 1, 4, 4, 1, 1, 0, 2, 3, 1, 2, 1, 2, 1, 1, 2, 4, 3, 0, 2, 2, 0, 1, 0, 1, 2, 3, 1, 2, 4, 1, 3, 4, 1, 2, 4, 3, 3, 3, 1, 1, 4, 3, 2, 3, 4, 4, 2, 2, 2, 1, 4, 4, 4, 2, 4, 2, 3, 1, 3]|[0, 2, 0, 0, 3, 0, 1, 3, 0, 0, 2, 0, 1, 0, 1, 0, 0, 0, 1, 0, 0, 2, 0, 0, 1, 0, 0, 3, 0, 1, 0, 2, 0, 0, 3, 0, 1, 3, 1, 0, 0, 0, 1, 3, 0, 0, 1, 0, 2, 0, 0, 0, 0, 0, 1, 0, 1, 0, 1, 1, 0, 0, 0, 0, 0, 0, 2, 0, 0, 2, 0, 0, 1, 0, 0, 1, 0, 0, 3, 0, 0, 1, 0, 0, 0, 2, 3, 0, 0, 0, 0, 2, 1, 3, 0, 2, 0, 0, 0, 0],892.3664504836805,51074.007208202966,109836.55104633381,true
15,G3_TWC,G1_CMAX,[31, 22, 82, 15, 26, 9, 95, 42, 77, 12, 47, 5, 93, 78, 86, 54, 6, 63, 18, 44, 20, 35, 43, 97, 91, 76, 10, 30, 21, 45, 64, 71, 1, 23, 17, 83, 24, 14, 60, 36, 85, 57, 40, 88, 65, 56, 79, 94, 39, 68, 46, 75, 38, 58, 19, 32, 81, 41, 27, 62, 87, 90, 99, 59, 11, 16, 72, 73, 70, 67, 37, 84, 3, 92, 25, 55, 28, 29, 51, 8, 66, 61, 98, 48, 89, 50, 7, 96, 53, 80, 4, 33, 34, 2, 52, 13, 0, 69, 74, 49]|[1, 1, 0, 1, 1, 0, 1, 2, 2, 1, 2, 2, 2, 1, 1, 0, 0, 1, 0, 2, 2, 0, 1, 2, 0, 1, 2, 2, 0, 0, 1, 2, 1, 2, 1, 0, 2, 0, 1, 1, 0, 1, 1, 1, 0, 2, 1, 1, 0, 0, 0, 0, 1, 1, 2, 1, 2, 0, 0, 0, 2, 1, 0, 1, 2, 1, 2, 1, 1, 1, 1, 1, 1, 0, 1, 1, 0, 0, 0, 1, 0, 1, 0, 0, 1, 0, 1, 2, 0, 0, 0, 0, 2, 0, 1, 0, 0, 1, 2, 0]|[4, 3, 2, 2, 4, 1, 2, 2, 2, 4, 1, 1, 2, 4, 4, 1, 2, 4, 2, 1, 1, 1, 1, 2, 1, 2, 1, 1, 1, 1, 3, 2, 3, 0, 4, 0, 1, 1, 0, 3, 2, 2, 2, 0, 1, 1, 0, 4, 0, 1, 2, 2, 1, 4, 0, 3, 2, 1, 1, 2, 1, 3, 1, 1, 1, 3, 0, 4, 3, 1, 4, 1, 1, 0, 4, 4, 2, 1, 1, 3, 1, 3, 1, 1, 1, 1, 1, 1, 2, 1, 2, 2, 1, 2, 1, 2, 2, 3, 1, 1]|[0, 2, 1, 1, 3, 0, 1, 0, 0, 0, 0, 0, 1, 0, 1, 0, 1, 3, 1, 0, 0, 0, 3, 1, 0, 2, 0, 0, 0, 1, 0, 0, 0, 0, 3, 0, 1, 0, 0, 2, 1, 1, 1, 0, 0, 0, 0, 2, 1, 0, 0, 0, 1, 3, 0, 0, 1, 0, 0, 1, 0, 2, 0, 1, 0, 2, 1, 0, 0, 1, 1, 3, 1, 1, 3, 3, 1, 0, 0, 2, 0, 0, 0, 0, 1, 0, 2, 0, 1, 0, 1, 1, 0, 0, 1, 0, 0, 0, 0, 1],824.1531664905515,57504.66170409152,92407.54974943638,true
15,G1_CMAX,G1_CMAX,[31, 22, 82, 15, 26, 9, 95, 42, 77, 12, 47, 5, 93, 78, 86, 54, 6, 63, 18, 44, 20, 35, 43, 97, 91, 76, 10, 30, 21, 45, 71, 64, 1, 23, 17, 83, 24, 14, 60, 36, 85, 57, 40, 88, 65, 56, 79, 94, 67, 68, 46, 75, 38, 58, 19, 32, 81, 41, 62, 87, 28, 90, 99, 59, 11, 72, 16, 73, 70, 39, 37, 84, 3, 92, 25, 34, 29, 55, 51, 7, 98, 61, 66, 48, 89, 50, 4, 96, 53, 80, 8, 33, 27, 2, 52, 13, 0, 69, 74, 49]|[1, 1, 0, 1, 1, 0, 1, 2, 2, 1, 2, 2, 2, 1, 1, 0, 0, 1, 0, 2, 2, 0, 1, 2, 2, 1, 2, 2, 0, 0, 1, 1, 1, 2, 1, 0, 2, 0, 1, 1, 0, 1, 1, 1, 0, 2, 1, 1, 0, 0, 0, 0, 1, 1, 2, 1, 2, 0, 0, 2, 2, 1, 0, 1, 2, 2, 1, 1, 1, 1, 1, 1, 1, 0, 1, 2, 0, 2, 0, 1, 2, 1, 0, 0, 1, 0, 1, 2, 0, 0, 1, 2, 0, 0, 1, 0, 0, 1, 2, 0]|[0, 3, 2, 2, 4, 1, 2, 2, 2, 4, 1, 1, 2, 4, 4, 1, 2, 4, 2, 1, 1, 1, 1, 2, 1, 2, 1, 1, 1, 1, 3, 3, 3, 0, 4, 0, 1, 1, 0, 3, 2, 2, 2, 0, 1, 1, 0, 4, 0, 1, 2, 2, 1, 4, 0, 3, 2, 1, 2, 1, 1, 3, 1, 1, 1, 0, 3, 4, 3, 1, 4, 1, 1, 0, 4, 1, 1, 1, 1, 1, 1, 3, 1, 1, 1, 1, 4, 1, 2, 1, 3, 1, 2, 2, 1, 2, 2, 4, 1, 1]|[0, 2, 1, 1, 3, 0, 1, 0, 0, 0, 0, 0, 1, 0, 1, 0, 0, 3, 1, 0, 0, 0, 3, 1, 0, 2, 0, 0, 0, 1, 0, 0, 0, 0, 3, 0, 1, 0, 0, 2, 1, 1, 1, 0, 0, 0, 0, 2, 1, 0, 0, 0, 1, 3, 0, 0, 1, 0, 1, 0, 0, 2, 0, 1, 0, 1, 2, 0, 0, 1, 1, 3, 1, 1, 3, 0, 0, 0, 0, 2, 0, 0, 0, 0, 1, 0, 0, 0, 1, 0, 2, 0, 1, 0, 1, 0, 0, 2, 0, 1],740.1000024547002,57245.26292476342,97017.87740826326,false
15,G4_BALANCED,G3_TWC,[31, 22, 82, 15, 26, 9, 95, 42, 77, 12, 47, 5, 93, 78, 86, 54, 85, 63, 18, 44, 20, 35, 43, 97, 91, 76, 10, 30, 21, 45, 71, 64, 1, 23, 17, 83, 24, 14, 60, 36, 41, 57, 40, 88, 65, 56, 79, 94, 67, 68, 46, 75, 38, 58, 19, 32, 81, 6, 27, 62, 87, 90, 99, 59, 11, 16, 72, 73, 69, 39, 37, 84, 3, 92, 25, 34, 28, 29, 51, 7, 66, 61, 98, 48, 89, 50, 33, 96, 53, 80, 4, 8, 55, 2, 52, 13, 0, 70, 74, 49]|[1, 1, 0, 1, 1, 0, 1, 2, 2, 1, 2, 2, 2, 1, 1, 0, 0, 1, 0, 2, 2, 0, 1, 2, 0, 1, 2, 2, 0, 0, 1, 2, 1, 2, 1, 0, 2, 0, 1, 1, 0, 1, 1, 1, 0, 2, 1, 1, 0, 0, 0, 0, 1, 1, 2, 1, 2, 0, 0, 0, 2, 1, 0, 1, 2, 1, 2, 1, 1, 1, 1, 1, 1, 1, 1, 2, 0, 0, 0, 1, 2, 1, 2, 0, 1, 0, 2, 0, 0, 0, 0, 0, 2, 0, 1, 0, 0, 1, 2, 0]|[4, 3, 2, 2, 4, 1, 2, 2, 2, 4, 1, 1, 2, 4, 4, 1, 2, 4, 2, 1, 1, 1, 1, 2, 1, 2, 1, 1, 1, 1, 3, 1, 3, 0, 4, 0, 1, 1, 0, 3, 2, 2, 2, 0, 1, 1, 0, 4, 0, 1, 2, 2, 1, 4, 0, 3, 2, 2, 1, 2, 1, 3, 1, 1, 1, 3, 0, 4, 3, 1, 4, 1, 1, 3, 4, 1, 2, 1, 1, 1, 1, 3, 1, 1, 1, 1, 1, 1, 2, 1, 2, 1, 1, 2, 1, 2, 2, 4, 1, 1]|[0, 2, 1, 1, 3, 0, 1, 0, 0, 0, 0, 0, 1, 0, 1, 0, 0, 3, 1, 0, 0, 0, 3, 1, 0, 2, 0, 0, 0, 1, 0, 0, 0, 0, 3, 0, 1, 0, 0, 2, 1, 1, 1, 0, 0, 0, 0, 2, 1, 0, 0, 0, 1, 3, 0, 0, 1, 1, 0, 1, 0, 2, 0, 1, 0, 2, 1, 0, 0, 1, 1, 3, 1, 0, 3, 0, 1, 0, 0, 2, 0, 0, 0, 0, 1, 0, 0, 0, 1, 0, 1, 0, 0, 0, 1, 0, 0, 2, 0, 1],820.4831989416904,57457.48069083397,92646.38509429291,true
15,G2_TEC,G4_BALANCED,[31, 22, 82, 15, 26, 9, 95, 42, 77, 68, 47, 5, 93, 78, 86, 54, 85, 63, 18, 44, 20, 49, 36, 14, 74, 50, 53, 17, 21, 28, 71, 64, 3, 23, 30, 83, 24, 41, 60, 52, 65, 27, 90, 70, 39, 87, 48, 69, 99, 4, 46, 1, 13, 58, 97, 59, 45, 8, 73, 37, 35, 40, 11, 66, 76, 32, 79, 80, 96, 6, 16, 61, 33, 7, 57, 34, 12, 67, 10, 98, 56, 88, 29, 75, 91, 43, 19, 92, 38, 84, 2, 72, 89, 25, 55, 81, 0, 51, 94, 62]|[2, 1, 2, 1, 1, 2, 1, 1, 1, 1, 1, 0, 2, 2, 1, 2, 0, 0, 0, 2, 2, 1, 0, 2, 0, 2, 2, 1, 0, 1, 1, 1, 0, 0, 1, 0, 2, 1, 2, 2, 0, 0, 1, 1, 0, 2, 0, 2, 1, 0, 0, 2, 0, 0, 2, 0, 1, 1, 0, 0, 2, 2, 0, 2, 2, 0, 1, 2, 0, 1, 2, 1, 1, 2, 0, 1, 1, 1, 1, 2, 2, 1, 1, 0, 1, 1, 1, 0, 0, 0, 2, 1, 1, 1, 0, 1, 0, 1, 2, 1]|[0, 3, 0, 3, 4, 1, 4, 4, 2, 4, 3, 2, 1, 0, 2, 1, 1, 1, 2, 1, 1, 3, 0, 1, 0, 1, 1, 4, 1, 4, 3, 2, 2, 0, 4, 1, 1, 4, 0, 1, 2, 1, 4, 4, 1, 1, 0, 2, 3, 1, 2, 1, 2, 1, 1, 2, 4, 3, 0, 2, 2, 0, 1, 0, 1, 2, 3, 1, 2, 4, 1, 3, 4, 1, 2, 4, 3, 3, 3, 1, 1, 4, 3, 2, 3, 4, 4, 2, 2, 2, 1, 4, 4, 4, 2, 4, 2, 3, 1, 3]|[0, 2, 0, 0, 3, 0, 1, 3, 0, 0, 2, 0, 1, 0, 1, 0, 0, 0, 1, 0, 0, 2, 0, 0, 1, 0, 0, 3, 0, 1, 0, 2, 0, 0, 3, 0, 1, 3, 1, 0, 0, 0, 1, 3, 0, 0, 1, 0, 2, 0, 0, 0, 0, 0, 1, 0, 1, 0, 1, 1, 0, 0, 0, 0, 0, 0, 2, 0, 0, 2, 0, 0, 1, 0, 0, 1, 0, 0, 3, 0, 0, 1, 0, 0, 0, 2, 3, 0, 0, 0, 0, 2, 1, 3, 0, 2, 0, 0, 0, 0],892.3664504836805,51074.007208202966,109836.55104633381,true
15,G3_TWC,G1_CMAX,[31, 22, 82, 15, 26, 9, 95, 42, 77, 12, 47, 5, 93, 78, 86, 54, 6, 63, 18, 44, 20, 35, 43, 97, 91, 76, 10, 30, 21, 45, 64, 71, 1, 23, 17, 83, 24, 14, 60, 36, 85, 57, 40, 88, 65, 56, 79, 94, 39, 68, 46, 75, 38, 58, 19, 32, 81, 41, 27, 62, 87, 90, 99, 59, 11, 16, 72, 73, 70, 67, 37, 84, 3, 92, 25, 55, 28, 29, 51, 8, 66, 61, 98, 48, 89, 50, 7, 96, 53, 80, 4, 33, 34, 2, 52, 13, 0, 69, 74, 49]|[1, 1, 0, 1, 1, 0, 1, 2, 2, 1, 2, 2, 2, 1, 1, 0, 0, 1, 0, 2, 2, 0, 1, 2, 0, 1, 2, 2, 0, 0, 1, 2, 1, 2, 1, 0, 2, 0, 1, 1, 0, 1, 1, 1, 0, 2, 1, 1, 0, 0, 0, 0, 1, 1, 2, 1, 2, 0, 0, 0, 2, 1, 0, 1, 2, 1, 2, 1, 1, 1, 1, 1, 1, 0, 1, 1, 0, 0, 0, 1, 0, 1, 0, 0, 1, 0, 1, 2, 0, 0, 0, 0, 2, 0, 1, 0, 0, 1, 2, 0]|[4, 3, 2, 2, 4, 1, 2, 2, 2, 4, 1, 1, 2, 4, 4, 1, 2, 4, 2, 1, 1, 1, 1, 2, 1, 2, 1, 1, 1, 1, 3, 2, 3, 0, 4, 0, 1, 1, 0, 3, 2, 2, 2, 0, 1, 1, 0, 4, 0, 1, 2, 2, 1, 4, 0, 3, 2, 1, 1, 2, 1, 3, 1, 1, 1, 3, 0, 4, 3, 1, 4, 1, 1, 0, 4, 4, 2, 1, 1, 3, 1, 3, 1, 1, 1, 1, 1, 1, 2, 1, 2, 2, 1, 2, 1, 2, 2, 3, 1, 1]|[0, 2, 1, 1, 3, 0, 1, 0, 0, 0, 0, 0, 1, 0, 1, 0, 1, 3, 1, 0, 0, 0, 3, 1, 0, 2, 0, 0, 0, 1, 0, 0, 0, 0, 3, 0, 1, 0, 0, 2, 1, 1, 1, 0, 0, 0, 0, 2, 1, 0, 0, 0, 1, 3, 0, 0, 1, 0, 0, 1, 0, 2, 0, 1, 0, 2, 1, 0, 0, 1, 1, 3, 1, 1, 3, 3, 1, 0, 0, 2, 0, 0, 0, 0, 1, 0, 2, 0, 1, 0, 1, 1, 0, 0, 1, 0, 0, 0, 0, 1],824.1531664905515,57504.66170409152,92407.54974943638,true
15,G1_CMAX,G4_BALANCED,[31, 22, 82, 15, 26, 9, 95, 42, 77, 4, 47, 5, 93, 78, 86, 54, 85, 63, 18, 44, 20, 49, 36, 14, 74, 50, 53, 17, 21, 45, 71, 64, 3, 23, 30, 83, 24, 41, 60, 52, 65, 27, 90, 70, 39, 87, 48, 69, 99, 68, 46, 1, 38, 58, 97, 59, 28, 8, 73, 37, 35, 79, 11, 66, 76, 57, 40, 16, 92, 6, 80, 61, 33, 98, 32, 34, 29, 67, 10, 7, 56, 43, 62, 19, 91, 13, 75, 96, 0, 81, 2, 55, 88, 72, 51, 25, 12, 94, 89, 84]|[2, 1, 2, 1, 1, 2, 1, 1, 1, 1, 1, 0, 2, 2, 1, 2, 0, 0, 0, 2, 2, 1, 0, 2, 0, 2, 2, 1, 0, 1, 1, 1, 0, 0, 1, 0, 2, 1, 2, 2, 0, 1, 1, 1, 0, 1, 0, 2, 1, 0, 0, 2, 2, 0, 2, 0, 2, 1, 0, 0, 2, 1, 0, 2, 2, 0, 2, 1, 0, 1, 2, 1, 1, 0, 0, 1, 1, 0, 1, 2, 2, 1, 0, 2, 1, 0, 2, 0, 0, 1, 2, 0, 1, 1, 1, 1, 1, 1, 1, 0]|[0, 3, 0, 2, 4, 1, 4, 4, 2, 4, 3, 2, 1, 0, 2, 1, 1, 1, 2, 1, 2, 3, 0, 1, 0, 1, 1, 4, 1, 0, 3, 2, 2, 0, 4, 1, 1, 4, 0, 1, 2, 2, 4, 4, 1, 0, 0, 2, 3, 1, 2, 1, 2, 1, 1, 2, 1, 3, 0, 2, 2, 3, 1, 0, 1, 0, 0, 0, 2, 4, 1, 3, 4, 1, 2, 4, 3, 1, 3, 1, 0, 4, 2, 0, 3, 2, 2, 2, 2, 1, 1, 2, 4, 4, 3, 4, 3, 4, 4, 1]|[0, 2, 0, 1, 3, 0, 1, 3, 0, 0, 2, 0, 1, 0, 1, 0, 0, 0, 1, 0, 0, 2, 0, 0, 1, 0, 0, 3, 0, 1, 0, 2, 0, 0, 3, 0, 1, 3, 1, 0, 0, 1, 1, 3, 0, 0, 1, 0, 2, 0, 0, 0, 0, 0, 1, 0, 0, 0, 1, 1, 0, 2, 0, 0, 0, 1, 0, 1, 0, 2, 0, 0, 1, 0, 0, 2, 0, 0, 3, 0, 0, 2, 1, 0, 0, 0, 1, 0, 0, 1, 0, 0, 1, 2, 0, 3, 0, 2, 1, 0],840.3261725523291,54627.2116117652,117516.5213693454,true
15,G4_BALANCED,G4_BALANCED,[31, 22, 82, 15, 26, 58, 95, 42, 77, 12, 47, 5, 93, 78, 86, 54, 85, 63, 18, 44, 20, 35, 43, 97, 66, 76, 10, 30, 21, 45, 71, 1, 23, 64, 17, 83, 80, 14, 60, 36, 6, 57, 40, 88, 65, 56, 79, 94, 67, 68, 46, 75, 38, 9, 19, 32, 81, 41, 53, 62, 87, 90, 99, 59, 11, 16, 72, 73, 70, 39, 37, 84, 3, 92, 25, 28, 29, 55, 51, 7, 98, 61, 91, 48, 89, 50, 4, 96, 27, 24, 8, 33, 34, 2, 52, 13, 0, 69, 74, 49]|[1, 1, 0, 1, 1, 0, 1, 2, 2, 1, 2, 2, 2, 1, 1, 0, 0, 1, 0, 2, 2, 0, 1, 2, 2, 1, 2, 2, 0, 0, 1, 1, 2, 2, 1, 0, 0, 0, 1, 1, 0, 1, 1, 1, 0, 2, 1, 1, 0, 0, 0, 0, 1, 1, 2, 1, 2, 0, 0, 0, 2, 1, 0, 1, 2, 1, 2, 1, 1, 1, 1, 1, 1, 0, 1, 0, 0, 2, 0, 1, 2, 1, 0, 0, 1, 0, 1, 2, 0, 2, 0, 2, 2, 0, 1, 0, 0, 1, 2, 0]|[4, 3, 2, 2, 4, 1, 2, 2, 2, 4, 1, 1, 2, 4, 4, 1, 2, 4, 2, 1, 1, 1, 1, 2, 1, 2, 1, 1, 1, 1, 3, 3, 1, 1, 4, 0, 1, 1, 0, 3, 2, 2, 2, 0, 1, 1, 0, 4, 0, 1, 2, 2, 1, 4, 0, 3, 2, 1, 1, 2, 1, 3, 1, 1, 1, 3, 0, 4, 3, 1, 4, 1, 1, 0, 4, 2, 1, 1, 1, 1, 1, 3, 1, 1, 1, 1, 4, 1, 2, 1, 2, 1, 1, 2, 1, 2, 2, 4, 1, 1]|[0, 2, 1, 1, 3, 0, 1, 0, 0, 0, 0, 0, 1, 0, 1, 0, 0, 3, 1, 0, 0, 0, 3, 1, 0, 2, 0, 0, 0, 1, 0, 0, 0, 0, 3, 0, 0, 0, 0, 2, 1, 1, 1, 0, 0, 0, 0, 2, 1, 0, 0, 0, 1, 3, 0, 0, 1, 0, 0, 1, 0, 2, 0, 1, 0, 2, 1, 0, 0, 1, 1, 3, 1, 1, 3, 1, 0, 0, 0, 2, 0, 0, 0, 0, 1, 0, 0, 0, 1, 1, 1, 0, 0, 0, 1, 0, 0, 2, 0, 1],758.863641245108,56323.8828778441,93552.32614179025,false
15,G2_TEC,G4_BALANCED,[31, 22, 82, 15, 26, 9, 95, 42, 77, 68, 47, 5, 93, 78, 86, 54, 85, 63, 18, 44, 20, 49, 36, 14, 74, 50, 53, 17, 21, 28, 71, 64, 3, 23, 30, 83, 24, 41, 60, 52, 65, 27, 90, 70, 39, 87, 48, 69, 99, 4, 46, 1, 13, 58, 97, 59, 45, 8, 73, 37, 35, 79, 11, 66, 76, 32, 40, 80, 96, 6, 16, 61, 33, 7, 57, 34, 12, 67, 72, 98, 56, 84, 29, 75, 91, 38, 19, 92, 43, 88, 51, 10, 81, 25, 2, 55, 0, 94, 89, 62]|[2, 1, 2, 1, 1, 2, 1, 1, 1, 1, 1, 0, 2, 2, 1, 2, 0, 0, 0, 2, 2, 1, 0, 2, 0, 2, 2, 1, 0, 1, 1, 1, 0, 0, 1, 0, 2, 1, 2, 2, 0, 0, 1, 1, 0, 2, 0, 2, 1, 0, 0, 2, 0, 0, 2, 0, 1, 1, 0, 0, 2, 1, 0, 2, 2, 0, 2, 2, 0, 1, 2, 1, 1, 2, 0, 1, 1, 1, 1, 2, 2, 0, 1, 0, 1, 0, 1, 0, 0, 1, 1, 1, 1, 1, 2, 0, 0, 2, 1, 1]|[0, 3, 0, 3, 4, 1, 4, 4, 2, 4, 3, 2, 1, 0, 2, 1, 1, 1, 2, 1, 1, 3, 0, 1, 0, 1, 1, 4, 1, 4, 3, 2, 2, 0, 4, 1, 1, 4, 0, 1, 2, 1, 4, 4, 1, 1, 0, 2, 3, 1, 2, 1, 2, 1, 1, 2, 4, 3, 0, 2, 2, 3, 1, 0, 1, 2, 0, 1, 2, 4, 1, 3, 4, 1, 2, 4, 3, 3, 3, 1, 1, 2, 3, 2, 3, 2, 4, 2, 2, 4, 3, 4, 1, 4, 1, 2, 2, 1, 4, 3]|[0, 2, 0, 0, 3, 0, 1, 3, 0, 0, 2, 0, 1, 0, 1, 0, 0, 0, 1, 0, 0, 2, 0, 0, 1, 0, 0, 3, 0, 1, 0, 2, 0, 0, 3, 0, 1, 3, 1, 0, 0, 0, 1, 3, 0, 0, 1, 0, 2, 0, 0, 0, 0, 0, 1, 0, 1, 0, 1, 1, 0, 2, 0, 0, 0, 0, 0, 0, 0, 2, 0, 0, 1, 0, 0, 1, 0, 0, 3, 0, 0, 0, 0, 0, 0, 0, 3, 0, 0, 1, 0, 2, 1, 3, 0, 0, 0, 0, 1, 0],901.339142579143,51257.05875179595,109366.08084885901,true
15,G3_TWC,G1_CMAX,[31, 22, 82, 15, 26, 9, 95, 42, 77, 12, 47, 5, 93, 78, 86, 54, 6, 63, 18, 44, 20, 35, 43, 97, 91, 76, 10, 30, 21, 45, 64, 71, 1, 23, 17, 83, 24, 14, 60, 36, 85, 57, 40, 88, 65, 56, 79, 94, 39, 68, 46, 75, 38, 58, 19, 32, 81, 41, 27, 62, 87, 90, 99, 59, 11, 16, 72, 73, 70, 67, 37, 84, 3, 92, 25, 55, 28, 29, 51, 8, 66, 61, 98, 48, 89, 50, 7, 96, 53, 80, 4, 33, 34, 2, 52, 13, 0, 69, 74, 49]|[1, 1, 0, 1, 1, 0, 1, 2, 2, 1, 2, 2, 2, 1, 1, 0, 0, 1, 0, 2, 2, 0, 1, 2, 0, 1, 2, 2, 0, 0, 1, 2, 1, 2, 1, 0, 2, 0, 1, 1, 0, 1, 1, 1, 0, 2, 1, 1, 0, 0, 0, 0, 1, 1, 2, 1, 2, 0, 0, 0, 2, 1, 0, 1, 2, 1, 2, 1, 1, 1, 1, 1, 1, 0, 1, 1, 0, 0, 0, 1, 0, 1, 0, 0, 1, 0, 1, 2, 0, 0, 0, 0, 2, 0, 1, 0, 0, 1, 2, 0]|[4, 3, 2, 2, 4, 1, 2, 2, 2, 4, 1, 1, 2, 4, 4, 1, 2, 4, 2, 1, 1, 1, 1, 2, 1, 2, 1, 1, 1, 1, 3, 2, 3, 0, 4, 0, 1, 1, 0, 3, 2, 2, 2, 0, 1, 1, 0, 4, 0, 1, 2, 2, 1, 4, 0, 3, 2, 1, 1, 2, 1, 3, 1, 1, 1, 3, 0, 4, 3, 1, 4, 1, 1, 0, 4, 4, 2, 1, 1, 3, 1, 3, 1, 1, 1, 1, 1, 1, 2, 1, 2, 2, 1, 2, 1, 2, 2, 3, 1, 1]|[0, 2, 1, 1, 3, 0, 1, 0, 0, 0, 0, 0, 1, 0, 1, 0, 1, 3, 1, 0, 0, 0, 3, 1, 0, 2, 0, 0, 0, 1, 0, 0, 0, 0, 3, 0, 1, 0, 0, 2, 1, 1, 1, 0, 0, 0, 0, 2, 1, 0, 0, 0, 1, 3, 0, 0, 1, 0, 0, 1, 0, 2, 0, 1, 0, 2, 1, 0, 0, 1, 1, 3, 1, 1, 3, 3, 1, 0, 0, 2, 0, 0, 0, 0, 1, 0, 2, 0, 1, 0, 1, 1, 0, 0, 1, 0, 0, 0, 0, 1],824.1531664905515,57504.66170409152,92407.54974943638,true
15,G1_CMAX,G4_BALANCED,[31, 22, 82, 15, 26, 9, 95, 42, 77, 68, 47, 5, 93, 78, 86, 54, 85, 63, 18, 44, 20, 49, 36, 14, 74, 50, 53, 17, 21, 28, 71, 64, 38, 23, 30, 83, 24, 41, 60, 52, 65, 27, 90, 70, 39, 87, 48, 69, 99, 4, 46, 1, 13, 58, 97, 59, 33, 8, 3, 37, 35, 79, 11, 66, 76, 32, 40, 80, 96, 6, 16, 61, 45, 7, 57, 34, 12, 67, 10, 98, 56, 88, 29, 19, 91, 73, 75, 84, 43, 92, 51, 62, 81, 25, 2, 55, 0, 94, 89, 72]|[2, 1, 2, 1, 1, 2, 1, 1, 1, 1, 1, 0, 2, 2, 1, 2, 0, 0, 0, 2, 2, 1, 0, 2, 0, 2, 2, 1, 0, 1, 1, 1, 0, 0, 1, 0, 2, 1, 2, 2, 0, 0, 1, 1, 0, 2, 0, 2, 1, 0, 0, 2, 0, 0, 2, 0, 1, 1, 0, 0, 2, 1, 0, 2, 2, 0, 2, 2, 0, 1, 2, 1, 1, 2, 0, 1, 1, 1, 1, 2, 2, 1, 1, 1, 1, 0, 0, 0, 1, 0, 1, 1, 1, 1, 2, 0, 0, 2, 1, 1]|[0, 3, 0, 3, 4, 1, 4, 4, 2, 4, 3, 2, 1, 0, 2, 1, 1, 1, 2, 1, 1, 3, 0, 1, 0, 1, 1, 4, 1, 4, 3, 2, 2, 0, 4, 1, 1, 4, 0, 1, 2, 1, 4, 4, 1, 1, 0, 2, 3, 1, 2, 1, 2, 1, 1, 2, 4, 3, 0, 2, 2, 3, 1, 0, 1, 2, 0, 1, 2, 4, 1, 3, 4, 1, 2, 4, 3, 3, 3, 1, 1, 4, 3, 4, 3, 2, 2, 2, 4, 2, 3, 3, 1, 4, 1, 2, 2, 1, 4, 4]|[0, 2, 0, 0, 3, 0, 1, 3, 0, 0, 2, 0, 1, 0, 1, 0, 0, 0, 1, 0, 0, 2, 0, 0, 1, 0, 0, 3, 0, 1, 0, 2, 0, 1, 3, 0, 1, 3, 1, 0, 0, 0, 1, 3, 0, 0, 1, 0, 2, 0, 0, 0, 0, 0, 1, 0, 1, 0, 1, 1, 0, 2, 0, 0, 0, 0, 0, 0, 0, 2, 0, 0, 1, 0, 0, 1, 0, 0, 3, 0, 0, 1, 0, 3, 0, 0, 0, 0, 2, 0, 0, 0, 1, 3, 0, 0, 0, 0, 1, 2],867.202554533771,51632.91494653509,107326.68380223046,true
15,G4_BALANCED,G4_BALANCED,[31, 22, 82, 15, 26, 58, 95, 42, 77, 12, 47, 5, 93, 78, 86, 54, 85, 63, 18, 44, 20, 35, 43, 97, 66, 76, 10, 30, 21, 45, 71, 1, 23, 64, 17, 83, 80, 14, 60, 36, 6, 57, 40, 88, 65, 56, 79, 94, 67, 68, 46, 75, 38, 9, 19, 32, 81, 41, 53, 62, 87, 90, 99, 59, 11, 16, 72, 73, 70, 39, 37, 84, 3, 92, 25, 28, 29, 55, 51, 7, 98, 61, 91, 48, 89, 50, 4, 96, 27, 24, 8, 33, 34, 2, 52, 13, 0, 69, 74, 49]|[1, 1, 0, 1, 1, 0, 1, 2, 2, 1, 2, 2, 2, 1, 1, 0, 0, 1, 0, 2, 2, 0, 1, 2, 2, 1, 2, 2, 0, 0, 1, 1, 2, 2, 1, 0, 0, 0, 1, 1, 0, 1, 1, 1, 0, 2, 1, 1, 0, 0, 0, 0, 1, 1, 2, 1, 2, 0, 0, 0, 2, 1, 0, 1, 2, 1, 2, 1, 1, 1, 1, 1, 1, 0, 1, 0, 0, 2, 0, 1, 2, 1, 0, 0, 1, 0, 1, 2, 0, 2, 0, 2, 2, 0, 1, 0, 0, 1, 2, 0]|[4, 3, 2, 2, 4, 1, 2, 2, 2, 4, 1, 1, 2, 4, 4, 1, 2, 4, 2, 1, 1, 1, 1, 2, 1, 2, 1, 1, 1, 1, 3, 3, 1, 1, 4, 0, 1, 1, 0, 3, 2, 2, 2, 0, 1, 1, 0, 4, 0, 1, 2, 2, 1, 4, 0, 3, 2, 1, 1, 2, 1, 3, 1, 1, 1, 3, 0, 4, 3, 1, 4, 1, 1, 0, 4, 2, 1, 1, 1, 1, 1, 3, 1, 1, 1, 1, 4, 1, 2, 1, 2, 1, 1, 2, 1, 2, 2, 4, 1, 1]|[0, 2, 1, 1, 3, 0, 1, 0, 0, 0, 0, 0, 1, 0, 1, 0, 0, 3, 1, 0, 0, 0, 3, 1, 0, 2, 0, 0, 0, 1, 0, 0, 0, 0, 3, 0, 0, 0, 0, 2, 1, 1, 1, 0, 0, 0, 0, 2, 1, 0, 0, 0, 1, 3, 0, 0, 1, 0, 0, 1, 0, 2, 0, 1, 0, 2, 1, 0, 0, 1, 1, 3, 1, 1, 3, 1, 0, 0, 0, 2, 0, 0, 0, 0, 1, 0, 0, 0, 1, 1, 1, 0, 0, 0, 1, 0, 0, 2, 0, 1],758.863641245108,56323.8828778441,93552.32614179025,false
15,G2_TEC,G4_BALANCED,[31, 22, 82, 15, 26, 9, 95, 42, 77, 68, 47, 5, 93, 78, 86, 54, 85, 63, 18, 44, 20, 49, 36, 14, 74, 50, 53, 17, 21, 28, 71, 64, 3, 23, 30, 83, 24, 41, 60, 52, 65, 27, 90, 70, 39, 87, 48, 69, 99, 4, 46, 1, 13, 58, 97, 59, 45, 8, 73, 37, 35, 79, 11, 66, 76, 32, 40, 80, 96, 6, 16, 61, 33, 7, 57, 34, 12, 67, 72, 98, 56, 84, 29, 75, 91, 38, 19, 92, 43, 88, 51, 10, 81, 25, 2, 55, 0, 94, 89, 62]|[2, 1, 2, 1, 1, 2, 1, 1, 1, 1, 1, 0, 2, 2, 1, 2, 0, 0, 0, 2, 2, 1, 0, 2, 0, 2, 2, 1, 0, 1, 1, 1, 0, 0, 1, 0, 2, 1, 2, 2, 0, 0, 1, 1, 0, 2, 0, 2, 1, 0, 0, 2, 0, 0, 2, 0, 1, 1, 0, 0, 2, 1, 0, 2, 2, 0, 2, 2, 0, 1, 2, 1, 1, 2, 0, 1, 1, 1, 1, 2, 2, 0, 1, 0, 1, 0, 1, 0, 0, 1, 1, 1, 1, 1, 2, 0, 0, 2, 1, 1]|[0, 3, 0, 3, 4, 1, 4, 4, 2, 4, 3, 2, 1, 0, 2, 1, 1, 1, 2, 1, 1, 3, 0, 1, 0, 1, 1, 4, 1, 4, 3, 2, 2, 0, 4, 1, 1, 4, 0, 1, 2, 1, 4, 4, 1, 1, 0, 2, 3, 1, 2, 1, 2, 1, 1, 2, 4, 3, 0, 2, 2, 3, 1, 0, 1, 2, 0, 1, 2, 4, 1, 3, 4, 1, 2, 4, 3, 3, 3, 1, 1, 2, 3, 2, 3, 2, 4, 2, 2, 4, 3, 4, 1, 4, 1, 2, 2, 1, 4, 3]|[0, 2, 0, 0, 3, 0, 1, 3, 0, 0, 2, 0, 1, 0, 1, 0, 0, 0, 1, 0, 0, 2, 0, 0, 1, 0, 0, 3, 0, 1, 0, 2, 0, 0, 3, 0, 1, 3, 1, 0, 0, 0, 1, 3, 0, 0, 1, 0, 2, 0, 0, 0, 0, 0, 1, 0, 1, 0, 1, 1, 0, 2, 0, 0, 0, 0, 0, 0, 0, 2, 0, 0, 1, 0, 0, 1, 0, 0, 3, 0, 0, 0, 0, 0, 0, 0, 3, 0, 0, 1, 0, 2, 1, 3, 0, 0, 0, 0, 1, 0],901.339142579143,51257.05875179595,109366.08084885901,true
15,G3_TWC,G2_TEC,[31, 22, 82, 15, 26, 9, 95, 42, 77, 68, 47, 5, 93, 78, 86, 54, 85, 63, 18, 44, 20, 49, 89, 14, 74, 50, 53, 17, 21, 28, 71, 64, 3, 23, 30, 83, 24, 41, 60, 52, 65, 27, 90, 70, 39, 87, 48, 69, 99, 4, 46, 1, 13, 58, 97, 59, 45, 8, 73, 37, 35, 79, 11, 66, 76, 32, 40, 80, 96, 6, 16, 61, 33, 7, 57, 34, 12, 67, 10, 98, 56, 88, 29, 75, 91, 38, 19, 92, 43, 84, 2, 72, 81, 25, 51, 55, 0, 94, 36, 62]|[2, 1, 2, 1, 1, 2, 1, 1, 1, 1, 1, 0, 2, 2, 1, 2, 0, 0, 0, 2, 2, 1, 0, 2, 0, 2, 2, 1, 0, 1, 1, 1, 0, 0, 1, 0, 2, 1, 2, 2, 0, 0, 1, 1, 0, 2, 0, 2, 1, 0, 0, 2, 0, 0, 2, 0, 1, 1, 0, 0, 2, 1, 0, 2, 2, 0, 2, 2, 0, 1, 2, 1, 1, 2, 0, 1, 1, 1, 1, 2, 2, 1, 1, 0, 1, 0, 1, 0, 0, 0, 2, 1, 1, 1, 2, 0, 0, 1, 1, 1]|[0, 3, 0, 3, 4, 1, 4, 4, 2, 4, 3, 2, 1, 0, 2, 1, 1, 1, 2, 1, 1, 3, 0, 1, 0, 1, 1, 4, 1, 4, 3, 2, 2, 0, 4, 1, 1, 4, 0, 1, 2, 1, 4, 4, 1, 1, 0, 2, 3, 1, 2, 1, 2, 1, 1, 2, 4, 3, 0, 2, 2, 3, 1, 0, 1, 2, 0, 1, 2, 4, 1, 3, 4, 1, 2, 4, 3, 3, 3, 1, 1, 4, 3, 2, 3, 2, 4, 2, 2, 2, 1, 4, 1, 4, 1, 2, 2, 4, 4, 3]|[0, 2, 0, 0, 3, 0, 1, 3, 0, 0, 2, 0, 1, 0, 1, 0, 0, 0, 1, 0, 0, 2, 0, 0, 1, 0, 0, 3, 0, 1, 0, 2, 0, 0, 3, 0, 1, 3, 1, 0, 0, 0, 1, 3, 0, 0, 1, 0, 2, 0, 0, 0, 0, 0, 1, 0, 1, 0, 1, 1, 0, 2, 0, 0, 0, 0, 0, 0, 0, 2, 0, 0, 1, 0, 0, 1, 0, 0, 3, 0, 0, 1, 0, 0, 0, 0, 3, 0, 0, 0, 0, 2, 1, 3, 0, 0, 0, 2, 1, 0],890.8890922469877,51301.14753877936,109090.26249204243,true
15,G1_CMAX,G4_BALANCED,[31, 22, 82, 15, 26, 9, 95, 42, 77, 68, 47, 5, 93, 78, 86, 54, 85, 63, 18, 44, 20, 49, 36, 14, 74, 50, 53, 17, 21, 28, 71, 64, 38, 23, 30, 83, 24, 41, 60, 52, 65, 27, 90, 70, 39, 87, 48, 69, 99, 4, 46, 1, 13, 58, 97, 59, 33, 8, 3, 37, 35, 79, 11, 66, 76, 32, 40, 80, 96, 6, 16, 61, 45, 7, 57, 34, 12, 67, 10, 98, 56, 88, 29, 19, 91, 73, 75, 84, 43, 92, 51, 62, 81, 25, 2, 55, 0, 94, 89, 72]|[2, 1, 2, 1, 1, 2, 1, 1, 1, 1, 1, 0, 2, 2, 1, 2, 0, 0, 0, 2, 2, 1, 0, 2, 0, 2, 2, 1, 0, 1, 1, 1, 0, 0, 1, 0, 2, 1, 2, 2, 0, 0, 1, 1, 0, 2, 0, 2, 1, 0, 0, 2, 0, 0, 2, 0, 1, 1, 0, 0, 2, 1, 0, 2, 2, 0, 2, 2, 0, 1, 2, 1, 1, 2, 0, 1, 1, 1, 1, 2, 2, 1, 1, 1, 1, 0, 0, 0, 1, 0, 1, 1, 1, 1, 2, 0, 0, 2, 1, 1]|[0, 3, 0, 3, 4, 1, 4, 4, 2, 4, 3, 2, 1, 0, 2, 1, 1, 1, 2, 1, 1, 3, 0, 1, 0, 1, 1, 4, 1, 4, 3, 2, 2, 0, 4, 1, 1, 4, 0, 1, 2, 1, 4, 4, 1, 1, 0, 2, 3, 1, 2, 1, 2, 1, 1, 2, 4, 3, 0, 2, 2, 3, 1, 0, 1, 2, 0, 1, 2, 4, 1, 3, 4, 1, 2, 4, 3, 3, 3, 1, 1, 4, 3, 4, 3, 2, 2, 2, 4, 2, 3, 3, 1, 4, 1, 2, 2, 1, 4, 4]|[0, 2, 0, 0, 3, 0, 1, 3, 0, 0, 2, 0, 1, 0, 1, 0, 0, 0, 1, 0, 0, 2, 0, 0, 1, 0, 0, 3, 0, 1, 0, 2, 0, 1, 3, 0, 1, 3, 1, 0, 0, 0, 1, 3, 0, 0, 1, 0, 2, 0, 0, 0, 0, 0, 1, 0, 1, 0, 1, 1, 0, 2, 0, 0, 0, 0, 0, 0, 0, 2, 0, 0, 1, 0, 0, 1, 0, 0, 3, 0, 0, 1, 0, 3, 0, 0, 0, 0, 2, 0, 0, 0, 1, 3, 0, 0, 0, 0, 1, 2],867.202554533771,51632.91494653509,107326.68380223046,true
15,G4_BALANCED,G4_BALANCED,[31, 22, 82, 15, 26, 58, 95, 42, 77, 12, 47, 5, 93, 78, 86, 54, 85, 63, 18, 44, 20, 35, 43, 97, 66, 76, 10, 30, 21, 45, 71, 1, 23, 64, 17, 83, 80, 14, 60, 36, 6, 57, 40, 88, 65, 56, 79, 94, 67, 68, 46, 75, 38, 9, 19, 32, 81, 41, 53, 62, 87, 90, 99, 59, 11, 16, 72, 73, 70, 39, 37, 84, 3, 92, 25, 28, 29, 55, 51, 7, 98, 61, 91, 48, 89, 50, 4, 96, 27, 24, 8, 33, 34, 2, 52, 13, 0, 69, 74, 49]|[1, 1, 0, 1, 1, 0, 1, 2, 2, 1, 2, 2, 2, 1, 1, 0, 0, 1, 0, 2, 2, 0, 1, 2, 2, 1, 2, 2, 0, 0, 1, 1, 2, 2, 1, 0, 0, 0, 1, 1, 0, 1, 1, 1, 0, 2, 1, 1, 0, 0, 0, 0, 1, 1, 2, 1, 2, 0, 0, 0, 2, 1, 0, 1, 2, 1, 2, 1, 1, 1, 1, 1, 1, 0, 1, 0, 0, 2, 0, 1, 2, 1, 0, 0, 1, 0, 1, 2, 0, 2, 0, 2, 2, 0, 1, 0, 0, 1, 2, 0]|[4, 3, 2, 2, 4, 1, 2, 2, 2, 4, 1, 1, 2, 4, 4, 1, 2, 4, 2, 1, 1, 1, 1, 2, 1, 2, 1, 1, 1, 1, 3, 3, 1, 1, 4, 0, 1, 1, 0, 3, 2, 2, 2, 0, 1, 1, 0, 4, 0, 1, 2, 2, 1, 4, 0, 3, 2, 1, 1, 2, 1, 3, 1, 1, 1, 3, 0, 4, 3, 1, 4, 1, 1, 0, 4, 2, 1, 1, 1, 1, 1, 3, 1, 1, 1, 1, 4, 1, 2, 1, 2, 1, 1, 2, 1, 2, 2, 4, 1, 1]|[0, 2, 1, 1, 3, 0, 1, 0, 0, 0, 0, 0, 1, 0, 1, 0, 0, 3, 1, 0, 0, 0, 3, 1, 0, 2, 0, 0, 0, 1, 0, 0, 0, 0, 3, 0, 0, 0, 0, 2, 1, 1, 1, 0, 0, 0, 0, 2, 1, 0, 0, 0, 1, 3, 0, 0, 1, 0, 0, 1, 0, 2, 0, 1, 0, 2, 1, 0, 0, 1, 1, 3, 1, 1, 3, 1, 0, 0, 0, 2, 0, 0, 0, 0, 1, 0, 0, 0, 1, 1, 1, 0, 0, 0, 1, 0, 0, 2, 0, 1],758.863641245108,56323.8828778441,93552.32614179025,false
15,G2_TEC,G4_BALANCED,[31, 22, 82, 15, 26, 9, 95, 42, 77, 68, 47, 5, 93, 78, 86, 54, 85, 63, 18, 44, 20, 49, 36, 14, 74, 50, 53, 17, 21, 28, 71, 64, 3, 23, 30, 83, 24, 41, 60, 52, 65, 27, 90, 70, 39, 87, 48, 69, 99, 4, 46, 1, 13, 58, 97, 59, 45, 8, 73, 37, 35, 79, 11, 66, 76, 32, 40, 80, 96, 6, 16, 61, 33, 7, 57, 34, 12, 67, 72, 98, 56, 84, 29, 75, 91, 38, 19, 92, 43, 88, 51, 10, 81, 25, 2, 55, 0, 94, 89, 62]|[2, 1, 2, 1, 1, 2, 1, 1, 1, 1, 1, 0, 2, 2, 1, 2, 0, 0, 0, 2, 2, 1, 0, 2, 0, 2, 2, 1, 0, 1, 1, 1, 0, 0, 1, 0, 2, 1, 2, 2, 0, 0, 1, 1, 0, 2, 0, 2, 1, 0, 0, 2, 0, 0, 2, 0, 1, 1, 0, 0, 2, 1, 0, 2, 2, 0, 2, 2, 0, 1, 2, 1, 1, 2, 0, 1, 1, 1, 1, 2, 2, 0, 1, 0, 1, 0, 1, 0, 0, 1, 1, 1, 1, 1, 2, 0, 0, 2, 1, 1]|[0, 3, 0, 3, 4, 1, 4, 4, 2, 4, 3, 2, 1, 0, 2, 1, 1, 1, 2, 1, 1, 3, 0, 1, 0, 1, 1, 4, 1, 4, 3, 2, 2, 0, 4, 1, 1, 4, 0, 1, 2, 1, 4, 4, 1, 1, 0, 2, 3, 1, 2, 1, 2, 1, 1, 2, 4, 3, 0, 2, 2, 3, 1, 0, 1, 2, 0, 1, 2, 4, 1, 3, 4, 1, 2, 4, 3, 3, 3, 1, 1, 2, 3, 2, 3, 2, 4, 2, 2, 4, 3, 4, 1, 4, 1, 2, 2, 1, 4, 3]|[0, 2, 0, 0, 3, 0, 1, 3, 0, 0, 2, 0, 1, 0, 1, 0, 0, 0, 1, 0, 0, 2, 0, 0, 1, 0, 0, 3, 0, 1, 0, 2, 0, 0, 3, 0, 1, 3, 1, 0, 0, 0, 1, 3, 0, 0, 1, 0, 2, 0, 0, 0, 0, 0, 1, 0, 1, 0, 1, 1, 0, 2, 0, 0, 0, 0, 0, 0, 0, 2, 0, 0, 1, 0, 0, 1, 0, 0, 3, 0, 0, 0, 0, 0, 0, 0, 3, 0, 0, 1, 0, 2, 1, 3, 0, 0, 0, 0, 1, 0],901.339142579143,51257.05875179595,109366.08084885901,true
15,G3_TWC,G1_CMAX,[31, 22, 82, 15, 26, 9, 95, 42, 77, 12, 47, 5, 93, 78, 86, 54, 6, 63, 18, 44, 20, 35, 43, 97, 91, 76, 10, 30, 21, 45, 64, 71, 1, 23, 17, 83, 24, 14, 60, 36, 85, 57, 40, 88, 65, 56, 79, 94, 39, 68, 46, 75, 38, 58, 19, 32, 81, 41, 27, 62, 87, 90, 99, 59, 11, 16, 72, 73, 70, 67, 37, 84, 3, 92, 25, 55, 28, 29, 51, 8, 66, 61, 98, 48, 89, 50, 7, 96, 53, 80, 4, 33, 34, 2, 52, 13, 0, 69, 74, 49]|[1, 1, 0, 1, 1, 0, 1, 2, 2, 1, 2, 2, 2, 1, 1, 0, 0, 1, 0, 2, 2, 0, 1, 2, 0, 1, 2, 2, 0, 0, 1, 2, 1, 2, 1, 0, 2, 0, 1, 1, 0, 1, 1, 1, 0, 2, 1, 1, 0, 0, 0, 0, 1, 1, 2, 1, 2, 0, 0, 0, 2, 1, 0, 1, 2, 1, 2, 1, 1, 1, 1, 1, 1, 0, 1, 1, 0, 0, 0, 1, 0, 1, 0, 0, 1, 0, 1, 2, 0, 0, 0, 0, 2, 0, 1, 0, 0, 1, 2, 0]|[4, 3, 2, 2, 4, 1, 2, 2, 2, 4, 1, 1, 2, 4, 4, 1, 2, 4, 2, 1, 1, 1, 1, 2, 1, 2, 1, 1, 1, 1, 3, 2, 3, 0, 4, 0, 1, 1, 0, 3, 2, 2, 2, 0, 1, 1, 0, 4, 0, 1, 2, 2, 1, 4, 0, 3, 2, 1, 1, 2, 1, 3, 1, 1, 1, 3, 0, 4, 3, 1, 4, 1, 1, 0, 4, 4, 2, 1, 1, 3, 1, 3, 1, 1, 1, 1, 1, 1, 2, 1, 2, 2, 1, 2, 1, 2, 2, 3, 1, 1]|[0, 2, 1, 1, 3, 0, 1, 0, 0, 0, 0, 0, 1, 0, 1, 0, 1, 3, 1, 0, 0, 0, 3, 1, 0, 2, 0, 0, 0, 1, 0, 0, 0, 0, 3, 0, 1, 0, 0, 2, 1, 1, 1, 0, 0, 0, 0, 2, 1, 0, 0, 0, 1, 3, 0, 0, 1, 0, 0, 1, 0, 2, 0, 1, 0, 2, 1, 0, 0, 1, 1, 3, 1, 1, 3, 3, 1, 0, 0, 2, 0, 0, 0, 0, 1, 0, 2, 0, 1, 0, 1, 1, 0, 0, 1, 0, 0, 0, 0, 1],824.1531664905515,57504.66170409152,92407.54974943638,true
15,G1_CMAX,G1_CMAX,[31, 22, 82, 15, 26, 9, 95, 42, 77, 12, 47, 5, 93, 78, 86, 54, 6, 63, 18, 44, 20, 35, 43, 97, 91, 76, 10, 30, 21, 45, 71, 64, 1, 23, 17, 83, 24, 14, 60, 36, 85, 57, 40, 88, 65, 56, 79, 94, 67, 68, 46, 75, 38, 58, 19, 32, 81, 41, 62, 87, 28, 90, 99, 59, 11, 72, 16, 73, 70, 39, 37, 84, 3, 92, 25, 34, 29, 55, 51, 7, 98, 61, 66, 48, 89, 50, 4, 96, 53, 80, 8, 33, 27, 2, 52, 13, 0, 69, 74, 49]|[1, 1, 0, 1, 1, 0, 1, 2, 2, 1, 2, 2, 2, 1, 1, 0, 0, 1, 0, 2, 2, 0, 1, 2, 2, 1, 2, 2, 0, 0, 1, 1, 1, 2, 1, 0, 2, 0, 1, 1, 0, 1, 1, 1, 0, 2, 1, 1, 0, 0, 0, 0, 1, 1, 2, 1, 2, 0, 0, 2, 2, 1, 0, 1, 2, 2, 1, 1, 1, 1, 1, 1, 1, 0, 1, 2, 0, 2, 0, 1, 2, 1, 0, 0, 1, 0, 1, 2, 0, 0, 1, 2, 0, 0, 1, 0, 0, 1, 2, 0]|[0, 3, 2, 2, 4, 1, 2, 2, 2, 4, 1, 1, 2, 4, 4, 1, 2, 4, 2, 1, 1, 1, 1, 2, 1, 2, 1, 1, 1, 1, 3, 3, 3, 0, 4, 0, 1, 1, 0, 3, 2, 2, 2, 0, 1, 1, 0, 4, 0, 1, 2, 2, 1, 4, 0, 3, 2, 1, 2, 1, 1, 3, 1, 1, 1, 0, 3, 4, 3, 1, 4, 1, 1, 0, 4, 1, 1, 1, 1, 1, 1, 3, 1, 1, 1, 1, 4, 1, 2, 1, 3, 1, 2, 2, 1, 2, 2, 4, 1, 1]|[0, 2, 1, 1, 3, 0, 1, 0, 0, 0, 0, 0, 1, 0, 1, 0, 0, 3, 1, 0, 0, 0, 3, 1, 0, 2, 0, 0, 0, 1, 0, 0, 0, 0, 3, 0, 1, 0, 0, 2, 1, 1, 1, 0, 0, 0, 0, 2, 1, 0, 0, 0, 1, 3, 0, 0, 1, 0, 1, 0, 0, 2, 0, 1, 0, 1, 2, 0, 0, 1, 1, 3, 1, 1, 3, 0, 0, 0, 0, 2, 0, 0, 0, 0, 1, 0, 0, 0, 1, 0, 2, 0, 1, 0, 1, 0, 0, 2, 0, 1],740.1000024547002,57245.26292476342,97017.87740826326,false
15,G4_BALANCED,G4_BALANCED,[31, 22, 82, 15, 26, 58, 95, 42, 77, 12, 47, 5, 93, 78, 86, 54, 85, 63, 18, 44, 20, 35, 43, 97, 66, 76, 10, 30, 21, 45, 71, 1, 23, 64, 17, 83, 80, 14, 60, 36, 6, 57, 40, 88, 65, 56, 79, 94, 67, 68, 46, 75, 38, 9, 19, 32, 81, 41, 53, 62, 87, 90, 99, 59, 11, 16, 72, 73, 70, 39, 37, 84, 3, 92, 25, 28, 29, 55, 51, 7, 98, 61, 91, 48, 89, 50, 4, 96, 27, 24, 8, 33, 34, 2, 52, 13, 0, 69, 74, 49]|[1, 1, 0, 1, 1, 0, 1, 2, 2, 1, 2, 2, 2, 1, 1, 0, 0, 1, 0, 2, 2, 0, 1, 2, 2, 1, 2, 2, 0, 0, 1, 1, 2, 2, 1, 0, 0, 0, 1, 1, 0, 1, 1, 1, 0, 2, 1, 1, 0, 0, 0, 0, 1, 1, 2, 1, 2, 0, 0, 0, 2, 1, 0, 1, 2, 1, 2, 1, 1, 1, 1, 1, 1, 0, 1, 0, 0, 2, 0, 1, 2, 1, 0, 0, 1, 0, 1, 2, 0, 2, 0, 2, 2, 0, 1, 0, 0, 1, 2, 0]|[4, 3, 2, 2, 4, 1, 2, 2, 2, 4, 1, 1, 2, 4, 4, 1, 2, 4, 2, 1, 1, 1, 1, 2, 1, 2, 1, 1, 1, 1, 3, 3, 1, 1, 4, 0, 1, 1, 0, 3, 2, 2, 2, 0, 1, 1, 0, 4, 0, 1, 2, 2, 1, 4, 0, 3, 2, 1, 1, 2, 1, 3, 1, 1, 1, 3, 0, 4, 3, 1, 4, 1, 1, 0, 4, 2, 1, 1, 1, 1, 1, 3, 1, 1, 1, 1, 4, 1, 2, 1, 2, 1, 1, 2, 1, 2, 2, 4, 1, 1]|[0, 2, 1, 1, 3, 0, 1, 0, 0, 0, 0, 0, 1, 0, 1, 0, 0, 3, 1, 0, 0, 0, 3, 1, 0, 2, 0, 0, 0, 1, 0, 0, 0, 0, 3, 0, 0, 0, 0, 2, 1, 1, 1, 0, 0, 0, 0, 2, 1, 0, 0, 0, 1, 3, 0, 0, 1, 0, 0, 1, 0, 2, 0, 1, 0, 2, 1, 0, 0, 1, 1, 3, 1, 1, 3, 1, 0, 0, 0, 2, 0, 0, 0, 0, 1, 0, 0, 0, 1, 1, 1, 0, 0, 0, 1, 0, 0, 2, 0, 1],758.863641245108,56323.8828778441,93552.32614179025,false
15,G2_TEC,G4_BALANCED,[31, 22, 82, 15, 26, 9, 95, 42, 77, 68, 47, 5, 93, 78, 86, 54, 85, 63, 18, 44, 20, 49, 36, 14, 74, 50, 53, 17, 21, 28, 71, 64, 3, 23, 30, 83, 24, 41, 60, 52, 65, 27, 90, 70, 39, 87, 48, 69, 99, 4, 46, 1, 13, 58, 97, 59, 45, 8, 73, 37, 35, 79, 11, 66, 76, 32, 40, 80, 96, 6, 16, 61, 33, 7, 57, 34, 12, 67, 72, 98, 56, 84, 29, 75, 91, 38, 19, 92, 43, 88, 51, 10, 81, 25, 2, 55, 0, 94, 89, 62]|[2, 1, 2, 1, 1, 2, 1, 1, 1, 1, 1, 0, 2, 2, 1, 2, 0, 0, 0, 2, 2, 1, 0, 2, 0, 2, 2, 1, 0, 1, 1, 1, 0, 0, 1, 0, 2, 1, 2, 2, 0, 0, 1, 1, 0, 2, 0, 2, 1, 0, 0, 2, 0, 0, 2, 0, 1, 1, 0, 0, 2, 1, 0, 2, 2, 0, 2, 2, 0, 1, 2, 1, 1, 2, 0, 1, 1, 1, 1, 2, 2, 0, 1, 0, 1, 0, 1, 0, 0, 1, 1, 1, 1, 1, 2, 0, 0, 2, 1, 1]|[0, 3, 0, 3, 4, 1, 4, 4, 2, 4, 3, 2, 1, 0, 2, 1, 1, 1, 2, 1, 1, 3, 0, 1, 0, 1, 1, 4, 1, 4, 3, 2, 2, 0, 4, 1, 1, 4, 0, 1, 2, 1, 4, 4, 1, 1, 0, 2, 3, 1, 2, 1, 2, 1, 1, 2, 4, 3, 0, 2, 2, 3, 1, 0, 1, 2, 0, 1, 2, 4, 1, 3, 4, 1, 2, 4, 3, 3, 3, 1, 1, 2, 3, 2, 3, 2, 4, 2, 2, 4, 3, 4, 1, 4, 1, 2, 2, 1, 4, 3]|[0, 2, 0, 0, 3, 0, 1, 3, 0, 0, 2, 0, 1, 0, 1, 0, 0, 0, 1, 0, 0, 2, 0, 0, 1, 0, 0, 3, 0, 1, 0, 2, 0, 0, 3, 0, 1, 3, 1, 0, 0, 0, 1, 3, 0, 0, 1, 0, 2, 0, 0, 0, 0, 0, 1, 0, 1, 0, 1, 1, 0, 2, 0, 0, 0, 0, 0, 0, 0, 2, 0, 0, 1, 0, 0, 1, 0, 0, 3, 0, 0, 0, 0, 0, 0, 0, 3, 0, 0, 1, 0, 2, 1, 3, 0, 0, 0, 0, 1, 0],901.339142579143,51257.05875179595,109366.08084885901,true
15,G3_TWC,G1_CMAX,[31, 22, 82, 15, 26, 9, 95, 42, 77, 12, 47, 5, 93, 78, 86, 54, 6, 63, 18, 44, 20, 35, 43, 97, 91, 76, 10, 30, 21, 45, 64, 71, 1, 23, 17, 83, 24, 14, 60, 36, 85, 57, 40, 88, 65, 56, 79, 94, 39, 68, 46, 75, 38, 58, 19, 32, 81, 41, 27, 62, 87, 90, 99, 59, 11, 16, 72, 73, 70, 67, 37, 84, 3, 92, 25, 55, 28, 29, 51, 8, 66, 61, 98, 48, 89, 50, 7, 96, 53, 80, 4, 33, 34, 2, 52, 13, 0, 69, 74, 49]|[1, 1, 0, 1, 1, 0, 1, 2, 2, 1, 2, 2, 2, 1, 1, 0, 0, 1, 0, 2, 2, 0, 1, 2, 0, 1, 2, 2, 0, 0, 1, 2, 1, 2, 1, 0, 2, 0, 1, 1, 0, 1, 1, 1, 0, 2, 1, 1, 0, 0, 0, 0, 1, 1, 2, 1, 2, 0, 0, 0, 2, 1, 0, 1, 2, 1, 2, 1, 1, 1, 1, 1, 1, 0, 1, 1, 0, 0, 0, 1, 0, 1, 0, 0, 1, 0, 1, 2, 0, 0, 0, 0, 2, 0, 1, 0, 0, 1, 2, 0]|[4, 3, 2, 2, 4, 1, 2, 2, 2, 4, 1, 1, 2, 4, 4, 1, 2, 4, 2, 1, 1, 1, 1, 2, 1, 2, 1, 1, 1, 1, 3, 2, 3, 0, 4, 0, 1, 1, 0, 3, 2, 2, 2, 0, 1, 1, 0, 4, 0, 1, 2, 2, 1, 4, 0, 3, 2, 1, 1, 2, 1, 3, 1, 1, 1, 3, 0, 4, 3, 1, 4, 1, 1, 0, 4, 4, 2, 1, 1, 3, 1, 3, 1, 1, 1, 1, 1, 1, 2, 1, 2, 2, 1, 2, 1, 2, 2, 3, 1, 1]|[0, 2, 1, 1, 3, 0, 1, 0, 0, 0, 0, 0, 1, 0, 1, 0, 1, 3, 1, 0, 0, 0, 3, 1, 0, 2, 0, 0, 0, 1, 0, 0, 0, 0, 3, 0, 1, 0, 0, 2, 1, 1, 1, 0, 0, 0, 0, 2, 1, 0, 0, 0, 1, 3, 0, 0, 1, 0, 0, 1, 0, 2, 0, 1, 0, 2, 1, 0, 0, 1, 1, 3, 1, 1, 3, 3, 1, 0, 0, 2, 0, 0, 0, 0, 1, 0, 2, 0, 1, 0, 1, 1, 0, 0, 1, 0, 0, 0, 0, 1],824.1531664905515,57504.66170409152,92407.54974943638,true
15,G1_CMAX,G1_CMAX,[31, 22, 82, 15, 26, 9, 95, 42, 77, 12, 47, 5, 93, 78, 86, 54, 6, 63, 18, 44, 20, 35, 43, 97, 91, 76, 10, 30, 21, 45, 71, 64, 1, 23, 17, 83, 24, 14, 60, 36, 85, 57, 40, 88, 65, 56, 79, 94, 67, 68, 46, 75, 38, 58, 19, 32, 81, 41, 62, 87, 28, 90, 99, 59, 11, 72, 16, 73, 70, 39, 37, 84, 3, 92, 25, 34, 29, 55, 51, 7, 98, 61, 66, 48, 89, 50, 4, 96, 53, 80, 8, 33, 27, 2, 52, 13, 0, 69, 74, 49]|[1, 1, 0, 1, 1, 0, 1, 2, 2, 1, 2, 2, 2, 1, 1, 0, 0, 1, 0, 2, 2, 0, 1, 2, 2, 1, 2, 2, 0, 0, 1, 1, 1, 2, 1, 0, 2, 0, 1, 1, 0, 1, 1, 1, 0, 2, 1, 1, 0, 0, 0, 0, 1, 1, 2, 1, 2, 0, 0, 2, 2, 1, 0, 1, 2, 2, 1, 1, 1, 1, 1, 1, 1, 0, 1, 2, 0, 2, 0, 1, 2, 1, 0, 0, 1, 0, 1, 2, 0, 0, 1, 2, 0, 0, 1, 0, 0, 1, 2, 0]|[0, 3, 2, 2, 4, 1, 2, 2, 2, 4, 1, 1, 2, 4, 4, 1, 2, 4, 2, 1, 1, 1, 1, 2, 1, 2, 1, 1, 1, 1, 3, 3, 3, 0, 4, 0, 1, 1, 0, 3, 2, 2, 2, 0, 1, 1, 0, 4, 0, 1, 2, 2, 1, 4, 0, 3, 2, 1, 2, 1, 1, 3, 1, 1, 1, 0, 3, 4, 3, 1, 4, 1, 1, 0, 4, 1, 1, 1, 1, 1, 1, 3, 1, 1, 1, 1, 4, 1, 2, 1, 3, 1, 2, 2, 1, 2, 2, 4, 1, 1]|[0, 2, 1, 1, 3, 0, 1, 0, 0, 0, 0, 0, 1, 0, 1, 0, 0, 3, 1, 0, 0, 0, 3, 1, 0, 2, 0, 0, 0, 1, 0, 0, 0, 0, 3, 0, 1, 0, 0, 2, 1, 1, 1, 0, 0, 0, 0, 2, 1, 0, 0, 0, 1, 3, 0, 0, 1, 0, 1, 0, 0, 2, 0, 1, 0, 1, 2, 0, 0, 1, 1, 3, 1, 1, 3, 0, 0, 0, 0, 2, 0, 0, 0, 0, 1, 0, 0, 0, 1, 0, 2, 0, 1, 0, 1, 0, 0, 2, 0, 1],740.1000024547002,57245.26292476342,97017.87740826326,false
15,G4_BALANCED,G4_BALANCED,[31, 22, 82, 15, 26, 58, 95, 42, 77, 12, 47, 5, 93, 78, 86, 54, 85, 63, 18, 44, 20, 35, 43, 97, 66, 76, 10, 30, 21, 45, 71, 1, 23, 64, 17, 83, 80, 14, 60, 36, 6, 57, 40, 88, 65, 56, 79, 94, 67, 68, 46, 75, 38, 9, 19, 32, 81, 41, 53, 62, 87, 90, 99, 59, 11, 16, 72, 73, 70, 39, 37, 84, 3, 92, 25, 28, 29, 55, 51, 7, 98, 61, 91, 48, 89, 50, 4, 96, 27, 24, 8, 33, 34, 2, 52, 13, 0, 69, 74, 49]|[1, 1, 0, 1, 1, 0, 1, 2, 2, 1, 2, 2, 2, 1, 1, 0, 0, 1, 0, 2, 2, 0, 1, 2, 2, 1, 2, 2, 0, 0, 1, 1, 2, 2, 1, 0, 0, 0, 1, 1, 0, 1, 1, 1, 0, 2, 1, 1, 0, 0, 0, 0, 1, 1, 2, 1, 2, 0, 0, 0, 2, 1, 0, 1, 2, 1, 2, 1, 1, 1, 1, 1, 1, 0, 1, 0, 0, 2, 0, 1, 2, 1, 0, 0, 1, 0, 1, 2, 0, 2, 0, 2, 2, 0, 1, 0, 0, 1, 2, 0]|[4, 3, 2, 2, 4, 1, 2, 2, 2, 4, 1, 1, 2, 4, 4, 1, 2, 4, 2, 1, 1, 1, 1, 2, 1, 2, 1, 1, 1, 1, 3, 3, 1, 1, 4, 0, 1, 1, 0, 3, 2, 2, 2, 0, 1, 1, 0, 4, 0, 1, 2, 2, 1, 4, 0, 3, 2, 1, 1, 2, 1, 3, 1, 1, 1, 3, 0, 4, 3, 1, 4, 1, 1, 0, 4, 2, 1, 1, 1, 1, 1, 3, 1, 1, 1, 1, 4, 1, 2, 1, 2, 1, 1, 2, 1, 2, 2, 4, 1, 1]|[0, 2, 1, 1, 3, 0, 1, 0, 0, 0, 0, 0, 1, 0, 1, 0, 0, 3, 1, 0, 0, 0, 3, 1, 0, 2, 0, 0, 0, 1, 0, 0, 0, 0, 3, 0, 0, 0, 0, 2, 1, 1, 1, 0, 0, 0, 0, 2, 1, 0, 0, 0, 1, 3, 0, 0, 1, 0, 0, 1, 0, 2, 0, 1, 0, 2, 1, 0, 0, 1, 1, 3, 1, 1, 3, 1, 0, 0, 0, 2, 0, 0, 0, 0, 1, 0, 0, 0, 1, 1, 1, 0, 0, 0, 1, 0, 0, 2, 0, 1],758.863641245108,56323.8828778441,93552.32614179025,false
15,G2_TEC,G2_TEC,[31, 22, 82, 15, 26, 9, 95, 42, 77, 68, 47, 5, 93, 78, 86, 54, 85, 63, 18, 44, 20, 49, 36, 14, 74, 50, 53, 17, 21, 28, 71, 64, 3, 23, 30, 83, 24, 41, 40, 52, 65, 27, 90, 70, 39, 87, 48, 69, 99, 4, 46, 1, 13, 58, 97, 59, 45, 8, 73, 37, 35, 79, 11, 66, 76, 32, 60, 80, 96, 6, 16, 61, 33, 7, 57, 34, 12, 67, 10, 98, 56, 88, 29, 25, 91, 38, 19, 92, 43, 84, 51, 72, 81, 75, 2, 89, 0, 94, 55, 62]|[2, 1, 2, 1, 1, 2, 1, 1, 1, 1, 1, 0, 2, 2, 1, 2, 0, 0, 0, 2, 2, 1, 0, 2, 0, 2, 2, 1, 0, 1, 1, 1, 0, 0, 1, 0, 2, 1, 2, 2, 0, 0, 1, 1, 0, 2, 0, 2, 1, 0, 0, 2, 0, 0, 2, 0, 1, 1, 0, 0, 2, 1, 0, 2, 2, 0, 2, 2, 0, 1, 2, 1, 1, 2, 0, 1, 1, 1, 1, 2, 2, 1, 1, 1, 1, 0, 1, 0, 1, 0, 1, 1, 1, 0, 2, 1, 0, 2, 0, 1]|[0, 3, 0, 3, 4, 1, 4, 4, 2, 4, 3, 2, 1, 0, 2, 1, 1, 1, 2, 1, 1, 3, 0, 1, 0, 1, 1, 4, 1, 4, 3, 2, 2, 0, 4, 1, 1, 4, 0, 1, 2, 1, 4, 4, 1, 1, 0, 2, 3, 1, 2, 1, 2, 1, 1, 2, 4, 3, 0, 2, 2, 3, 1, 0, 1, 2, 0, 1, 2, 4, 1, 3, 4, 1, 2, 4, 3, 3, 3, 1, 1, 4, 3, 4, 3, 2, 4, 2, 4, 2, 3, 4, 1, 2, 1, 4, 2, 1, 2, 3]|[0, 2, 0, 0, 3, 0, 1, 3, 0, 0, 2, 0, 1, 0, 1, 0, 0, 0, 1, 0, 0, 2, 0, 0, 1, 0, 0, 3, 0, 1, 0, 2, 0, 0, 3, 0, 1, 3, 0, 0, 0, 0, 1, 3, 0, 0, 1, 0, 2, 0, 0, 0, 0, 0, 1, 0, 1, 0, 1, 1, 0, 2, 0, 0, 0, 0, 0, 0, 0, 2, 0, 0, 1, 0, 0, 1, 0, 0, 3, 0, 0, 1, 0, 3, 0, 0, 3, 0, 2, 0, 0, 2, 1, 0, 0, 1, 0, 0, 0, 0],889.0053545036524,50920.37616528636,113453.88510595518,false
15,G3_TWC,G1_CMAX,[31, 22, 82, 15, 26, 9, 95, 42, 77, 12, 47, 5, 93, 78, 86, 54, 6, 63, 18, 44, 20, 35, 43, 97, 91, 76, 10, 30, 21, 45, 64, 71, 1, 23, 17, 83, 24, 14, 60, 36, 85, 57, 40, 88, 65, 56, 79, 94, 39, 68, 46, 75, 38, 58, 19, 32, 81, 41, 27, 62, 87, 90, 99, 59, 11, 16, 72, 73, 70, 67, 37, 84, 3, 92, 25, 55, 28, 29, 51, 8, 66, 61, 98, 48, 89, 50, 7, 96, 53, 80, 4, 33, 34, 2, 52, 13, 0, 69, 74, 49]|[1, 1, 0, 1, 1, 0, 1, 2, 2, 1, 2, 2, 2, 1, 1, 0, 0, 1, 0, 2, 2, 0, 1, 2, 0, 1, 2, 2, 0, 0, 1, 2, 1, 2, 1, 0, 2, 0, 1, 1, 0, 1, 1, 1, 0, 2, 1, 1, 0, 0, 0, 0, 1, 1, 2, 1, 2, 0, 0, 0, 2, 1, 0, 1, 2, 1, 2, 1, 1, 1, 1, 1, 1, 0, 1, 1, 0, 0, 0, 1, 0, 1, 0, 0, 1, 0, 1, 2, 0, 0, 0, 0, 2, 0, 1, 0, 0, 1, 2, 0]|[4, 3, 2, 2, 4, 1, 2, 2, 2, 4, 1, 1, 2, 4, 4, 1, 2, 4, 2, 1, 1, 1, 1, 2, 1, 2, 1, 1, 1, 1, 3, 2, 3, 0, 4, 0, 1, 1, 0, 3, 2, 2, 2, 0, 1, 1, 0, 4, 0, 1, 2, 2, 1, 4, 0, 3, 2, 1, 1, 2, 1, 3, 1, 1, 1, 3, 0, 4, 3, 1, 4, 1, 1, 0, 4, 4, 2, 1, 1, 3, 1, 3, 1, 1, 1, 1, 1, 1, 2, 1, 2, 2, 1, 2, 1, 2, 2, 3, 1, 1]|[0, 2, 1, 1, 3, 0, 1, 0, 0, 0, 0, 0, 1, 0, 1, 0, 1, 3, 1, 0, 0, 0, 3, 1, 0, 2, 0, 0, 0, 1, 0, 0, 0, 0, 3, 0, 1, 0, 0, 2, 1, 1, 1, 0, 0, 0, 0, 2, 1, 0, 0, 0, 1, 3, 0, 0, 1, 0, 0, 1, 0, 2, 0, 1, 0, 2, 1, 0, 0, 1, 1, 3, 1, 1, 3, 3, 1, 0, 0, 2, 0, 0, 0, 0, 1, 0, 2, 0, 1, 0, 1, 1, 0, 0, 1, 0, 0, 0, 0, 1],824.1531664905515,57504.66170409152,92407.54974943638,true
15,G1_CMAX,G1_CMAX,[31, 22, 82, 15, 26, 9, 95, 42, 77, 12, 47, 5, 93, 78, 86, 54, 6, 63, 18, 44, 20, 35, 43, 97, 91, 76, 10, 30, 21, 45, 71, 64, 1, 23, 17, 83, 24, 14, 60, 36, 85, 57, 40, 88, 65, 56, 79, 94, 67, 68, 46, 75, 38, 58, 19, 32, 81, 41, 62, 87, 28, 90, 99, 59, 11, 72, 16, 73, 70, 39, 37, 84, 3, 92, 25, 34, 29, 55, 51, 7, 98, 61, 66, 48, 89, 50, 4, 96, 53, 80, 8, 33, 27, 2, 52, 13, 0, 69, 74, 49]|[1, 1, 0, 1, 1, 0, 1, 2, 2, 1, 2, 2, 2, 1, 1, 0, 0, 1, 0, 2, 2, 0, 1, 2, 2, 1, 2, 2, 0, 0, 1, 1, 1, 2, 1, 0, 2, 0, 1, 1, 0, 1, 1, 1, 0, 2, 1, 1, 0, 0, 0, 0, 1, 1, 2, 1, 2, 0, 0, 2, 2, 1, 0, 1, 2, 2, 1, 1, 1, 1, 1, 1, 1, 0, 1, 2, 0, 2, 0, 1, 2, 1, 0, 0, 1, 0, 1, 2, 0, 0, 1, 2, 0, 0, 1, 0, 0, 1, 2, 0]|[0, 3, 2, 2, 4, 1, 2, 2, 2, 4, 1, 1, 2, 4, 4, 1, 2, 4, 2, 1, 1, 1, 1, 2, 1, 2, 1, 1, 1, 1, 3, 3, 3, 0, 4, 0, 1, 1, 0, 3, 2, 2, 2, 0, 1, 1, 0, 4, 0, 1, 2, 2, 1, 4, 0, 3, 2, 1, 2, 1, 1, 3, 1, 1, 1, 0, 3, 4, 3, 1, 4, 1, 1, 0, 4, 1, 1, 1, 1, 1, 1, 3, 1, 1, 1, 1, 4, 1, 2, 1, 3, 1, 2, 2, 1, 2, 2, 4, 1, 1]|[0, 2, 1, 1, 3, 0, 1, 0, 0, 0, 0, 0, 1, 0, 1, 0, 0, 3, 1, 0, 0, 0, 3, 1, 0, 2, 0, 0, 0, 1, 0, 0, 0, 0, 3, 0, 1, 0, 0, 2, 1, 1, 1, 0, 0, 0, 0, 2, 1, 0, 0, 0, 1, 3, 0, 0, 1, 0, 1, 0, 0, 2, 0, 1, 0, 1, 2, 0, 0, 1, 1, 3, 1, 1, 3, 0, 0, 0, 0, 2, 0, 0, 0, 0, 1, 0, 0, 0, 1, 0, 2, 0, 1, 0, 1, 0, 0, 2, 0, 1],740.1000024547002,57245.26292476342,97017.87740826326,false
15,G4_BALANCED,G4_BALANCED,[31, 22, 82, 15, 26, 58, 95, 42, 77, 12, 47, 5, 93, 78, 86, 54, 85, 63, 18, 44, 20, 35, 43, 97, 66, 76, 10, 30, 21, 45, 71, 1, 23, 64, 17, 83, 80, 14, 60, 36, 6, 57, 40, 88, 65, 56, 79, 94, 67, 68, 46, 75, 38, 9, 19, 32, 81, 41, 53, 62, 87, 90, 99, 59, 11, 16, 72, 73, 70, 39, 37, 84, 3, 92, 25, 28, 29, 55, 51, 7, 98, 61, 91, 48, 89, 50, 4, 96, 27, 24, 8, 33, 34, 2, 52, 13, 0, 69, 74, 49]|[1, 1, 0, 1, 1, 0, 1, 2, 2, 1, 2, 2, 2, 1, 1, 0, 0, 1, 0, 2, 2, 0, 1, 2, 2, 1, 2, 2, 0, 0, 1, 1, 2, 2, 1, 0, 0, 0, 1, 1, 0, 1, 1, 1, 0, 2, 1, 1, 0, 0, 0, 0, 1, 1, 2, 1, 2, 0, 0, 0, 2, 1, 0, 1, 2, 1, 2, 1, 1, 1, 1, 1, 1, 0, 1, 0, 0, 2, 0, 1, 2, 1, 0, 0, 1, 0, 1, 2, 0, 2, 0, 2, 2, 0, 1, 0, 0, 1, 2, 0]|[4, 3, 2, 2, 4, 1, 2, 2, 2, 4, 1, 1, 2, 4, 4, 1, 2, 4, 2, 1, 1, 1, 1, 2, 1, 2, 1, 1, 1, 1, 3, 3, 1, 1, 4, 0, 1, 1, 0, 3, 2, 2, 2, 0, 1, 1, 0, 4, 0, 1, 2, 2, 1, 4, 0, 3, 2, 1, 1, 2, 1, 3, 1, 1, 1, 3, 0, 4, 3, 1, 4, 1, 1, 0, 4, 2, 1, 1, 1, 1, 1, 3, 1, 1, 1, 1, 4, 1, 2, 1, 2, 1, 1, 2, 1, 2, 2, 4, 1, 1]|[0, 2, 1, 1, 3, 0, 1, 0, 0, 0, 0, 0, 1, 0, 1, 0, 0, 3, 1, 0, 0, 0, 3, 1, 0, 2, 0, 0, 0, 1, 0, 0, 0, 0, 3, 0, 0, 0, 0, 2, 1, 1, 1, 0, 0, 0, 0, 2, 1, 0, 0, 0, 1, 3, 0, 0, 1, 0, 0, 1, 0, 2, 0, 1, 0, 2, 1, 0, 0, 1, 1, 3, 1, 1, 3, 1, 0, 0, 0, 2, 0, 0, 0, 0, 1, 0, 0, 0, 1, 1, 1, 0, 0, 0, 1, 0, 0, 2, 0, 1],758.863641245108,56323.8828778441,93552.32614179025,false
15,G2_TEC,G4_BALANCED,[31, 22, 82, 15, 26, 9, 95, 42, 77, 68, 47, 5, 93, 78, 86, 54, 85, 63, 18, 44, 20, 49, 36, 14, 74, 50, 53, 17, 21, 28, 71, 64, 3, 23, 30, 73, 24, 41, 60, 52, 65, 27, 90, 70, 39, 87, 48, 69, 99, 4, 46, 1, 13, 58, 97, 59, 45, 8, 83, 37, 35, 79, 11, 66, 76, 32, 40, 80, 96, 6, 16, 61, 33, 7, 57, 34, 12, 67, 10, 98, 56, 88, 29, 75, 91, 38, 19, 92, 43, 84, 51, 72, 81, 25, 2, 55, 0, 94, 89, 62]|[2, 1, 2, 1, 1, 2, 1, 1, 1, 1, 1, 0, 2, 2, 1, 2, 0, 0, 0, 2, 2, 1, 0, 2, 0, 2, 2, 1, 0, 1, 1, 1, 0, 0, 1, 0, 2, 1, 2, 2, 0, 0, 1, 1, 0, 2, 0, 2, 1, 0, 0, 2, 0, 0, 2, 0, 1, 1, 0, 0, 1, 1, 0, 2, 2, 0, 2, 2, 0, 1, 2, 1, 1, 2, 0, 1, 1, 1, 1, 2, 2, 1, 1, 0, 1, 0, 1, 0, 1, 0, 1, 1, 1, 1, 2, 0, 0, 2, 1, 1]|[0, 3, 0, 3, 4, 1, 4, 4, 2, 4, 3, 2, 1, 0, 2, 1, 1, 1, 2, 1, 1, 3, 0, 1, 0, 1, 1, 4, 1, 4, 3, 2, 2, 0, 4, 1, 1, 4, 0, 1, 2, 1, 4, 4, 1, 1, 0, 2, 3, 1, 2, 1, 2, 1, 1, 2, 4, 3, 0, 2, 3, 3, 1, 0, 1, 2, 0, 1, 2, 4, 1, 3, 4, 1, 2, 4, 3, 3, 3, 1, 1, 4, 3, 2, 3, 2, 4, 2, 4, 2, 3, 4, 1, 4, 1, 2, 2, 1, 4, 3]|[0, 2, 0, 0, 3, 0, 1, 3, 0, 0, 2, 0, 1, 0, 1, 0, 0, 0, 1, 0, 0, 2, 0, 0, 1, 0, 0, 3, 0, 1, 0, 2, 0, 0, 3, 0, 1, 3, 1, 0, 0, 0, 1, 3, 0, 0, 1, 0, 2, 0, 0, 0, 0, 0, 1, 0, 1, 0, 1, 1, 2, 2, 0, 0, 0, 0, 0, 0, 0, 2, 0, 0, 1, 0, 0, 1, 0, 0, 3, 0, 0, 1, 0, 0, 0, 0, 3, 0, 2, 0, 0, 2, 1, 3, 0, 0, 0, 0, 1, 0],883.5516596221806,51263.722083961344,110121.25452883443,true
15,G3_TWC,G1_CMAX,[31, 22, 82, 15, 26, 9, 95, 42, 77, 12, 47, 5, 93, 78, 86, 54, 6, 63, 18, 44, 20, 35, 43, 97, 91, 76, 10, 30, 21, 45, 64, 71, 1, 23, 17, 83, 24, 14, 60, 36, 85, 57, 40, 88, 65, 56, 79, 94, 39, 68, 46, 75, 38, 58, 19, 32, 81, 41, 27, 62, 87, 90, 99, 59, 11, 16, 72, 73, 70, 67, 37, 84, 3, 92, 25, 55, 28, 29, 51, 8, 66, 61, 98, 48, 89, 50, 7, 96, 53, 80, 4, 33, 34, 2, 52, 13, 0, 69, 74, 49]|[1, 1, 0, 1, 1, 0, 1, 2, 2, 1, 2, 2, 2, 1, 1, 0, 0, 1, 0, 2, 2, 0, 1, 2, 0, 1, 2, 2, 0, 0, 1, 2, 1, 2, 1, 0, 2, 0, 1, 1, 0, 1, 1, 1, 0, 2, 1, 1, 0, 0, 0, 0, 1, 1, 2, 1, 2, 0, 0, 0, 2, 1, 0, 1, 2, 1, 2, 1, 1, 1, 1, 1, 1, 0, 1, 1, 0, 0, 0, 1, 0, 1, 0, 0, 1, 0, 1, 2, 0, 0, 0, 0, 2, 0, 1, 0, 0, 1, 2, 0]|[4, 3, 2, 2, 4, 1, 2, 2, 2, 4, 1, 1, 2, 4, 4, 1, 2, 4, 2, 1, 1, 1, 1, 2, 1, 2, 1, 1, 1, 1, 3, 2, 3, 0, 4, 0, 1, 1, 0, 3, 2, 2, 2, 0, 1, 1, 0, 4, 0, 1, 2, 2, 1, 4, 0, 3, 2, 1, 1, 2, 1, 3, 1, 1, 1, 3, 0, 4, 3, 1, 4, 1, 1, 0, 4, 4, 2, 1, 1, 3, 1, 3, 1, 1, 1, 1, 1, 1, 2, 1, 2, 2, 1, 2, 1, 2, 2, 3, 1, 1]|[0, 2, 1, 1, 3, 0, 1, 0, 0, 0, 0, 0, 1, 0, 1, 0, 1, 3, 1, 0, 0, 0, 3, 1, 0, 2, 0, 0, 0, 1, 0, 0, 0, 0, 3, 0, 1, 0, 0, 2, 1, 1, 1, 0, 0, 0, 0, 2, 1, 0, 0, 0, 1, 3, 0, 0, 1, 0, 0, 1, 0, 2, 0, 1, 0, 2, 1, 0, 0, 1, 1, 3, 1, 1, 3, 3, 1, 0, 0, 2, 0, 0, 0, 0, 1, 0, 2, 0, 1, 0, 1, 1, 0, 0, 1, 0, 0, 0, 0, 1],824.1531664905515,57504.66170409152,92407.54974943638,true
15,G1_CMAX,G1_CMAX,[31, 22, 82, 15, 26, 9, 95, 42, 77, 12, 47, 5, 93, 78, 86, 54, 6, 63, 18, 44, 20, 35, 43, 97, 91, 76, 10, 30, 21, 45, 71, 64, 1, 23, 17, 83, 24, 14, 60, 36, 85, 57, 40, 88, 65, 56, 79, 94, 67, 68, 46, 75, 38, 58, 19, 32, 81, 41, 62, 87, 28, 90, 99, 59, 11, 72, 16, 73, 70, 39, 37, 84, 3, 92, 25, 34, 29, 55, 51, 7, 98, 61, 66, 48, 89, 50, 4, 96, 53, 80, 8, 33, 27, 2, 52, 13, 0, 69, 74, 49]|[1, 1, 0, 1, 1, 0, 1, 2, 2, 1, 2, 2, 2, 1, 1, 0, 0, 1, 0, 2, 2, 0, 1, 2, 2, 1, 2, 2, 0, 0, 1, 1, 1, 2, 1, 0, 2, 0, 1, 1, 0, 1, 1, 1, 0, 2, 1, 1, 0, 0, 0, 0, 1, 1, 2, 1, 2, 0, 0, 2, 2, 1, 0, 1, 2, 2, 1, 1, 1, 1, 1, 1, 1, 0, 1, 2, 0, 2, 0, 1, 2, 1, 0, 0, 1, 0, 1, 2, 0, 0, 1, 2, 0, 0, 1, 0, 0, 1, 2, 0]|[0, 3, 2, 2, 4, 1, 2, 2, 2, 4, 1, 1, 2, 4, 4, 1, 2, 4, 2, 1, 1, 1, 1, 2, 1, 2, 1, 1, 1, 1, 3, 3, 3, 0, 4, 0, 1, 1, 0, 3, 2, 2, 2, 0, 1, 1, 0, 4, 0, 1, 2, 2, 1, 4, 0, 3, 2, 1, 2, 1, 1, 3, 1, 1, 1, 0, 3, 4, 3, 1, 4, 1, 1, 0, 4, 1, 1, 1, 1, 1, 1, 3, 1, 1, 1, 1, 4, 1, 2, 1, 3, 1, 2, 2, 1, 2, 2, 4, 1, 1]|[0, 2, 1, 1, 3, 0, 1, 0, 0, 0, 0, 0, 1, 0, 1, 0, 0, 3, 1, 0, 0, 0, 3, 1, 0, 2, 0, 0, 0, 1, 0, 0, 0, 0, 3, 0, 1, 0, 0, 2, 1, 1, 1, 0, 0, 0, 0, 2, 1, 0, 0, 0, 1, 3, 0, 0, 1, 0, 1, 0, 0, 2, 0, 1, 0, 1, 2, 0, 0, 1, 1, 3, 1, 1, 3, 0, 0, 0, 0, 2, 0, 0, 0, 0, 1, 0, 0, 0, 1, 0, 2, 0, 1, 0, 1, 0, 0, 2, 0, 1],740.1000024547002,57245.26292476342,97017.87740826326,false
15,G4_BALANCED,G4_BALANCED,[31, 22, 82, 15, 26, 58, 95, 42, 77, 12, 47, 5, 93, 78, 86, 54, 85, 63, 18, 44, 20, 35, 43, 97, 66, 76, 10, 30, 21, 45, 71, 1, 23, 64, 17, 83, 80, 14, 60, 36, 6, 57, 40, 88, 65, 56, 79, 94, 67, 68, 46, 75, 38, 9, 19, 32, 81, 41, 53, 62, 87, 90, 99, 59, 11, 16, 72, 73, 70, 39, 37, 84, 3, 92, 25, 28, 29, 55, 51, 7, 98, 61, 91, 48, 89, 50, 4, 96, 27, 24, 8, 33, 34, 2, 52, 13, 0, 69, 74, 49]|[1, 1, 0, 1, 1, 0, 1, 2, 2, 1, 2, 2, 2, 1, 1, 0, 0, 1, 0, 2, 2, 0, 1, 2, 2, 1, 2, 2, 0, 0, 1, 1, 2, 2, 1, 0, 0, 0, 1, 1, 0, 1, 1, 1, 0, 2, 1, 1, 0, 0, 0, 0, 1, 1, 2, 1, 2, 0, 0, 0, 2, 1, 0, 1, 2, 1, 2, 1, 1, 1, 1, 1, 1, 0, 1, 0, 0, 2, 0, 1, 2, 1, 0, 0, 1, 0, 1, 2, 0, 2, 0, 2, 2, 0, 1, 0, 0, 1, 2, 0]|[4, 3, 2, 2, 4, 1, 2, 2, 2, 4, 1, 1, 2, 4, 4, 1, 2, 4, 2, 1, 1, 1, 1, 2, 1, 2, 1, 1, 1, 1, 3, 3, 1, 1, 4, 0, 1, 1, 0, 3, 2, 2, 2, 0, 1, 1, 0, 4, 0, 1, 2, 2, 1, 4, 0, 3, 2, 1, 1, 2, 1, 3, 1, 1, 1, 3, 0, 4, 3, 1, 4, 1, 1, 0, 4, 2, 1, 1, 1, 1, 1, 3, 1, 1, 1, 1, 4, 1, 2, 1, 2, 1, 1, 2, 1, 2, 2, 4, 1, 1]|[0, 2, 1, 1, 3, 0, 1, 0, 0, 0, 0, 0, 1, 0, 1, 0, 0, 3, 1, 0, 0, 0, 3, 1, 0, 2, 0, 0, 0, 1, 0, 0, 0, 0, 3, 0, 0, 0, 0, 2, 1, 1, 1, 0, 0, 0, 0, 2, 1, 0, 0, 0, 1, 3, 0, 0, 1, 0, 0, 1, 0, 2, 0, 1, 0, 2, 1, 0, 0, 1, 1, 3, 1, 1, 3, 1, 0, 0, 0, 2, 0, 0, 0, 0, 1, 0, 0, 0, 1, 1, 1, 0, 0, 0, 1, 0, 0, 2, 0, 1],758.863641245108,56323.8828778441,93552.32614179025,false
15,G2_TEC,G4_BALANCED,[31, 22, 82, 15, 26, 9, 95, 42, 77, 68, 47, 5, 93, 78, 86, 54, 85, 63, 18, 44, 20, 49, 36, 14, 74, 50, 53, 17, 21, 28, 71, 64, 3, 23, 30, 73, 24, 41, 60, 52, 65, 27, 90, 70, 39, 87, 48, 69, 99, 4, 46, 1, 13, 58, 97, 59, 45, 8, 83, 37, 35, 79, 11, 66, 76, 32, 40, 80, 96, 6, 16, 61, 33, 7, 57, 34, 12, 67, 10, 98, 56, 88, 29, 75, 91, 38, 19, 92, 43, 84, 51, 72, 81, 25, 2, 55, 0, 94, 89, 62]|[2, 1, 2, 1, 1, 2, 1, 1, 1, 1, 1, 0, 2, 2, 1, 2, 0, 0, 0, 2, 2, 1, 0, 2, 0, 2, 2, 1, 0, 1, 1, 1, 0, 0, 1, 0, 2, 1, 2, 2, 0, 0, 1, 1, 0, 2, 0, 2, 1, 0, 0, 2, 0, 0, 2, 0, 1, 1, 0, 0, 1, 1, 0, 2, 2, 0, 2, 2, 0, 1, 2, 1, 1, 2, 0, 1, 1, 1, 1, 2, 2, 1, 1, 0, 1, 0, 1, 0, 1, 0, 1, 1, 1, 1, 2, 0, 0, 2, 1, 1]|[0, 3, 0, 3, 4, 1, 4, 4, 2, 4, 3, 2, 1, 0, 2, 1, 1, 1, 2, 1, 1, 3, 0, 1, 0, 1, 1, 4, 1, 4, 3, 2, 2, 0, 4, 1, 1, 4, 0, 1, 2, 1, 4, 4, 1, 1, 0, 2, 3, 1, 2, 1, 2, 1, 1, 2, 4, 3, 0, 2, 3, 3, 1, 0, 1, 2, 0, 1, 2, 4, 1, 3, 4, 1, 2, 4, 3, 3, 3, 1, 1, 4, 3, 2, 3, 2, 4, 2, 4, 2, 3, 4, 1, 4, 1, 2, 2, 1, 4, 3]|[0, 2, 0, 0, 3, 0, 1, 3, 0, 0, 2, 0, 1, 0, 1, 0, 0, 0, 1, 0, 0, 2, 0, 0, 1, 0, 0, 3, 0, 1, 0, 2, 0, 0, 3, 0, 1, 3, 1, 0, 0, 0, 1, 3, 0, 0, 1, 0, 2, 0, 0, 0, 0, 0, 1, 0, 1, 0, 1, 1, 2, 2, 0, 0, 0, 0, 0, 0, 0, 2, 0, 0, 1, 0, 0, 1, 0, 0, 3, 0, 0, 1, 0, 0, 0, 0, 3, 0, 2, 0, 0, 2, 1, 3, 0, 0, 0, 0, 1, 0],883.5516596221806,51263.722083961344,110121.25452883443,true
15,G3_TWC,G1_CMAX,[31, 22, 82, 15, 26, 9, 95, 42, 77, 12, 47, 5, 93, 78, 86, 54, 6, 63, 18, 44, 20, 35, 43, 97, 91, 76, 10, 30, 21, 45, 64, 71, 1, 23, 17, 83, 24, 14, 60, 36, 85, 57, 40, 88, 65, 56, 79, 94, 39, 68, 46, 75, 38, 58, 19, 32, 81, 41, 27, 62, 87, 90, 99, 59, 11, 16, 72, 73, 70, 67, 37, 84, 3, 92, 25, 55, 28, 29, 51, 8, 66, 61, 98, 48, 89, 50, 7, 96, 53, 80, 4, 33, 34, 2, 52, 13, 0, 69, 74, 49]|[1, 1, 0, 1, 1, 0, 1, 2, 2, 1, 2, 2, 2, 1, 1, 0, 0, 1, 0, 2, 2, 0, 1, 2, 0, 1, 2, 2, 0, 0, 1, 2, 1, 2, 1, 0, 2, 0, 1, 1, 0, 1, 1, 1, 0, 2, 1, 1, 0, 0, 0, 0, 1, 1, 2, 1, 2, 0, 0, 0, 2, 1, 0, 1, 2, 1, 2, 1, 1, 1, 1, 1, 1, 0, 1, 1, 0, 0, 0, 1, 0, 1, 0, 0, 1, 0, 1, 2, 0, 0, 0, 0, 2, 0, 1, 0, 0, 1, 2, 0]|[4, 3, 2, 2, 4, 1, 2, 2, 2, 4, 1, 1, 2, 4, 4, 1, 2, 4, 2, 1, 1, 1, 1, 2, 1, 2, 1, 1, 1, 1, 3, 2, 3, 0, 4, 0, 1, 1, 0, 3, 2, 2, 2, 0, 1, 1, 0, 4, 0, 1, 2, 2, 1, 4, 0, 3, 2, 1, 1, 2, 1, 3, 1, 1, 1, 3, 0, 4, 3, 1, 4, 1, 1, 0, 4, 4, 2, 1, 1, 3, 1, 3, 1, 1, 1, 1, 1, 1, 2, 1, 2, 2, 1, 2, 1, 2, 2, 3, 1, 1]|[0, 2, 1, 1, 3, 0, 1, 0, 0, 0, 0, 0, 1, 0, 1, 0, 1, 3, 1, 0, 0, 0, 3, 1, 0, 2, 0, 0, 0, 1, 0, 0, 0, 0, 3, 0, 1, 0, 0, 2, 1, 1, 1, 0, 0, 0, 0, 2, 1, 0, 0, 0, 1, 3, 0, 0, 1, 0, 0, 1, 0, 2, 0, 1, 0, 2, 1, 0, 0, 1, 1, 3, 1, 1, 3, 3, 1, 0, 0, 2, 0, 0, 0, 0, 1, 0, 2, 0, 1, 0, 1, 1, 0, 0, 1, 0, 0, 0, 0, 1],824.1531664905515,57504.66170409152,92407.54974943638,true
15,G1_CMAX,G1_CMAX,[31, 22, 82, 15, 26, 9, 95, 42, 77, 12, 47, 5, 93, 78, 86, 54, 6, 63, 18, 44, 20, 35, 43, 97, 91, 76, 10, 30, 21, 45, 71, 64, 1, 23, 17, 83, 24, 14, 60, 36, 85, 57, 40, 88, 65, 56, 79, 94, 67, 68, 46, 75, 38, 58, 19, 32, 81, 41, 62, 87, 28, 90, 99, 59, 11, 72, 16, 73, 70, 39, 37, 84, 3, 92, 25, 34, 29, 55, 51, 7, 98, 61, 66, 48, 89, 50, 4, 96, 53, 80, 8, 33, 27, 2, 52, 13, 0, 69, 74, 49]|[1, 1, 0, 1, 1, 0, 1, 2, 2, 1, 2, 2, 2, 1, 1, 0, 0, 1, 0, 2, 2, 0, 1, 2, 2, 1, 2, 2, 0, 0, 1, 1, 1, 2, 1, 0, 2, 0, 1, 1, 0, 1, 1, 1, 0, 2, 1, 1, 0, 0, 0, 0, 1, 1, 2, 1, 2, 0, 0, 2, 2, 1, 0, 1, 2, 2, 1, 1, 1, 1, 1, 1, 1, 0, 1, 2, 0, 2, 0, 1, 2, 1, 0, 0, 1, 0, 1, 2, 0, 0, 1, 2, 0, 0, 1, 0, 0, 1, 2, 0]|[0, 3, 2, 2, 4, 1, 2, 2, 2, 4, 1, 1, 2, 4, 4, 1, 2, 4, 2, 1, 1, 1, 1, 2, 1, 2, 1, 1, 1, 1, 3, 3, 3, 0, 4, 0, 1, 1, 0, 3, 2, 2, 2, 0, 1, 1, 0, 4, 0, 1, 2, 2, 1, 4, 0, 3, 2, 1, 2, 1, 1, 3, 1, 1, 1, 0, 3, 4, 3, 1, 4, 1, 1, 0, 4, 1, 1, 1, 1, 1, 1, 3, 1, 1, 1, 1, 4, 1, 2, 1, 3, 1, 2, 2, 1, 2, 2, 4, 1, 1]|[0, 2, 1, 1, 3, 0, 1, 0, 0, 0, 0, 0, 1, 0, 1, 0, 0, 3, 1, 0, 0, 0, 3, 1, 0, 2, 0, 0, 0, 1, 0, 0, 0, 0, 3, 0, 1, 0, 0, 2, 1, 1, 1, 0, 0, 0, 0, 2, 1, 0, 0, 0, 1, 3, 0, 0, 1, 0, 1, 0, 0, 2, 0, 1, 0, 1, 2, 0, 0, 1, 1, 3, 1, 1, 3, 0, 0, 0, 0, 2, 0, 0, 0, 0, 1, 0, 0, 0, 1, 0, 2, 0, 1, 0, 1, 0, 0, 2, 0, 1],740.1000024547002,57245.26292476342,97017.87740826326,false
15,G4_BALANCED,G4_BALANCED,[31, 22, 82, 15, 26, 58, 95, 42, 77, 12, 47, 5, 93, 78, 86, 54, 85, 63, 18, 44, 20, 35, 43, 97, 66, 76, 10, 30, 21, 45, 71, 1, 23, 64, 17, 83, 80, 14, 60, 36, 6, 57, 40, 88, 65, 56, 79, 94, 67, 68, 46, 75, 38, 9, 19, 32, 81, 41, 53, 62, 87, 90, 99, 59, 11, 16, 72, 73, 70, 39, 37, 84, 3, 92, 25, 28, 29, 55, 51, 7, 98, 61, 91, 48, 89, 50, 4, 96, 27, 24, 8, 33, 34, 2, 52, 13, 0, 69, 74, 49]|[1, 1, 0, 1, 1, 0, 1, 2, 2, 1, 2, 2, 2, 1, 1, 0, 0, 1, 0, 2, 2, 0, 1, 2, 2, 1, 2, 2, 0, 0, 1, 1, 2, 2, 1, 0, 0, 0, 1, 1, 0, 1, 1, 1, 0, 2, 1, 1, 0, 0, 0, 0, 1, 1, 2, 1, 2, 0, 0, 0, 2, 1, 0, 1, 2, 1, 2, 1, 1, 1, 1, 1, 1, 0, 1, 0, 0, 2, 0, 1, 2, 1, 0, 0, 1, 0, 1, 2, 0, 2, 0, 2, 2, 0, 1, 0, 0, 1, 2, 0]|[4, 3, 2, 2, 4, 1, 2, 2, 2, 4, 1, 1, 2, 4, 4, 1, 2, 4, 2, 1, 1, 1, 1, 2, 1, 2, 1, 1, 1, 1, 3, 3, 1, 1, 4, 0, 1, 1, 0, 3, 2, 2, 2, 0, 1, 1, 0, 4, 0, 1, 2, 2, 1, 4, 0, 3, 2, 1, 1, 2, 1, 3, 1, 1, 1, 3, 0, 4, 3, 1, 4, 1, 1, 0, 4, 2, 1, 1, 1, 1, 1, 3, 1, 1, 1, 1, 4, 1, 2, 1, 2, 1, 1, 2, 1, 2, 2, 4, 1, 1]|[0, 2, 1, 1, 3, 0, 1, 0, 0, 0, 0, 0, 1, 0, 1, 0, 0, 3, 1, 0, 0, 0, 3, 1, 0, 2, 0, 0, 0, 1, 0, 0, 0, 0, 3, 0, 0, 0, 0, 2, 1, 1, 1, 0, 0, 0, 0, 2, 1, 0, 0, 0, 1, 3, 0, 0, 1, 0, 0, 1, 0, 2, 0, 1, 0, 2, 1, 0, 0, 1, 1, 3, 1, 1, 3, 1, 0, 0, 0, 2, 0, 0, 0, 0, 1, 0, 0, 0, 1, 1, 1, 0, 0, 0, 1, 0, 0, 2, 0, 1],758.863641245108,56323.8828778441,93552.32614179025,false
15,G2_TEC,G4_BALANCED,[31, 22, 82, 15, 26, 9, 95, 42, 77, 68, 47, 5, 93, 78, 86, 54, 85, 63, 18, 44, 20, 49, 36, 14, 74, 50, 53, 17, 21, 28, 71, 64, 3, 23, 30, 73, 24, 41, 60, 52, 65, 27, 90, 70, 39, 87, 48, 69, 99, 4, 46, 1, 13, 58, 97, 59, 45, 8, 83, 37, 35, 79, 11, 66, 76, 32, 40, 80, 96, 6, 16, 61, 33, 7, 57, 34, 12, 67, 10, 98, 56, 88, 29, 75, 91, 38, 19, 92, 43, 84, 51, 72, 81, 25, 2, 55, 0, 94, 89, 62]|[2, 1, 2, 1, 1, 2, 1, 1, 1, 1, 1, 0, 2, 2, 1, 2, 0, 0, 0, 2, 2, 1, 0, 2, 0, 2, 2, 1, 0, 1, 1, 1, 0, 0, 1, 0, 2, 1, 2, 2, 0, 0, 1, 1, 0, 2, 0, 2, 1, 0, 0, 2, 0, 0, 2, 0, 1, 1, 0, 0, 1, 1, 0, 2, 2, 0, 2, 2, 0, 1, 2, 1, 1, 2, 0, 1, 1, 1, 1, 2, 2, 1, 1, 0, 1, 0, 1, 0, 1, 0, 1, 1, 1, 1, 2, 0, 0, 2, 1, 1]|[0, 3, 0, 3, 4, 1, 4, 4, 2, 4, 3, 2, 1, 0, 2, 1, 1, 1, 2, 1, 1, 3, 0, 1, 0, 1, 1, 4, 1, 4, 3, 2, 2, 0, 4, 1, 1, 4, 0, 1, 2, 1, 4, 4, 1, 1, 0, 2, 3, 1, 2, 1, 2, 1, 1, 2, 4, 3, 0, 2, 3, 3, 1, 0, 1, 2, 0, 1, 2, 4, 1, 3, 4, 1, 2, 4, 3, 3, 3, 1, 1, 4, 3, 2, 3, 2, 4, 2, 4, 2, 3, 4, 1, 4, 1, 2, 2, 1, 4, 3]|[0, 2, 0, 0, 3, 0, 1, 3, 0, 0, 2, 0, 1, 0, 1, 0, 0, 0, 1, 0, 0, 2, 0, 0, 1, 0, 0, 3, 0, 1, 0, 2, 0, 0, 3, 0, 1, 3, 1, 0, 0, 0, 1, 3, 0, 0, 1, 0, 2, 0, 0, 0, 0, 0, 1, 0, 1, 0, 1, 1, 2, 2, 0, 0, 0, 0, 0, 0, 0, 2, 0, 0, 1, 0, 0, 1, 0, 0, 3, 0, 0, 1, 0, 0, 0, 0, 3, 0, 2, 0, 0, 2, 1, 3, 0, 0, 0, 0, 1, 0],883.5516596221806,51263.722083961344,110121.25452883443,true
15,G3_TWC,G1_CMAX,[31, 22, 82, 15, 26, 9, 95, 42, 77, 12, 47, 5, 93, 78, 86, 54, 6, 63, 18, 44, 20, 35, 43, 97, 91, 76, 10, 30, 21, 45, 64, 71, 1, 23, 17, 83, 24, 14, 60, 36, 85, 57, 40, 88, 65, 56, 79, 94, 39, 68, 46, 75, 38, 58, 19, 32, 81, 41, 27, 62, 87, 90, 99, 59, 11, 16, 72, 73, 70, 67, 37, 84, 3, 92, 25, 55, 28, 29, 51, 8, 66, 61, 98, 48, 89, 50, 7, 96, 53, 80, 4, 33, 34, 2, 52, 13, 0, 69, 74, 49]|[1, 1, 0, 1, 1, 0, 1, 2, 2, 1, 2, 2, 2, 1, 1, 0, 0, 1, 0, 2, 2, 0, 1, 2, 0, 1, 2, 2, 0, 0, 1, 2, 1, 2, 1, 0, 2, 0, 1, 1, 0, 1, 1, 1, 0, 2, 1, 1, 0, 0, 0, 0, 1, 1, 2, 1, 2, 0, 0, 0, 2, 1, 0, 1, 2, 1, 2, 1, 1, 1, 1, 1, 1, 0, 1, 1, 0, 0, 0, 1, 0, 1, 0, 0, 1, 0, 1, 2, 0, 0, 0, 0, 2, 0, 1, 0, 0, 1, 2, 0]|[4, 3, 2, 2, 4, 1, 2, 2, 2, 4, 1, 1, 2, 4, 4, 1, 2, 4, 2, 1, 1, 1, 1, 2, 1, 2, 1, 1, 1, 1, 3, 2, 3, 0, 4, 0, 1, 1, 0, 3, 2, 2, 2, 0, 1, 1, 0, 4, 0, 1, 2, 2, 1, 4, 0, 3, 2, 1, 1, 2, 1, 3, 1, 1, 1, 3, 0, 4, 3, 1, 4, 1, 1, 0, 4, 4, 2, 1, 1, 3, 1, 3, 1, 1, 1, 1, 1, 1, 2, 1, 2, 2, 1, 2, 1, 2, 2, 3, 1, 1]|[0, 2, 1, 1, 3, 0, 1, 0, 0, 0, 0, 0, 1, 0, 1, 0, 1, 3, 1, 0, 0, 0, 3, 1, 0, 2, 0, 0, 0, 1, 0, 0, 0, 0, 3, 0, 1, 0, 0, 2, 1, 1, 1, 0, 0, 0, 0, 2, 1, 0, 0, 0, 1, 3, 0, 0, 1, 0, 0, 1, 0, 2, 0, 1, 0, 2, 1, 0, 0, 1, 1, 3, 1, 1, 3, 3, 1, 0, 0, 2, 0, 0, 0, 0, 1, 0, 2, 0, 1, 0, 1, 1, 0, 0, 1, 0, 0, 0, 0, 1],824.1531664905515,57504.66170409152,92407.54974943638,true
15,G1_CMAX,G1_CMAX,[31, 22, 82, 15, 26, 9, 95, 42, 77, 12, 47, 5, 93, 78, 86, 54, 6, 63, 18, 44, 20, 35, 43, 97, 91, 76, 10, 30, 21, 45, 71, 64, 1, 23, 17, 83, 24, 14, 60, 36, 85, 57, 40, 88, 65, 56, 79, 94, 67, 68, 46, 75, 38, 58, 19, 32, 81, 41, 62, 87, 28, 90, 99, 59, 11, 72, 16, 73, 70, 39, 37, 84, 3, 92, 25, 34, 29, 55, 51, 7, 98, 61, 66, 48, 89, 50, 4, 96, 53, 80, 8, 33, 27, 2, 52, 13, 0, 69, 74, 49]|[1, 1, 0, 1, 1, 0, 1, 2, 2, 1, 2, 2, 2, 1, 1, 0, 0, 1, 0, 2, 2, 0, 1, 2, 2, 1, 2, 2, 0, 0, 1, 1, 1, 2, 1, 0, 2, 0, 1, 1, 0, 1, 1, 1, 0, 2, 1, 1, 0, 0, 0, 0, 1, 1, 2, 1, 2, 0, 0, 2, 2, 1, 0, 1, 2, 2, 1, 1, 1, 1, 1, 1, 1, 0, 1, 2, 0, 2, 0, 1, 2, 1, 0, 0, 1, 0, 1, 2, 0, 0, 1, 2, 0, 0, 1, 0, 0, 1, 2, 0]|[0, 3, 2, 2, 4, 1, 2, 2, 2, 4, 1, 1, 2, 4, 4, 1, 2, 4, 2, 1, 1, 1, 1, 2, 1, 2, 1, 1, 1, 1, 3, 3, 3, 0, 4, 0, 1, 1, 0, 3, 2, 2, 2, 0, 1, 1, 0, 4, 0, 1, 2, 2, 1, 4, 0, 3, 2, 1, 2, 1, 1, 3, 1, 1, 1, 0, 3, 4, 3, 1, 4, 1, 1, 0, 4, 1, 1, 1, 1, 1, 1, 3, 1, 1, 1, 1, 4, 1, 2, 1, 3, 1, 2, 2, 1, 2, 2, 4, 1, 1]|[0, 2, 1, 1, 3, 0, 1, 0, 0, 0, 0, 0, 1, 0, 1, 0, 0, 3, 1, 0, 0, 0, 3, 1, 0, 2, 0, 0, 0, 1, 0, 0, 0, 0, 3, 0, 1, 0, 0, 2, 1, 1, 1, 0, 0, 0, 0, 2, 1, 0, 0, 0, 1, 3, 0, 0, 1, 0, 1, 0, 0, 2, 0, 1, 0, 1, 2, 0, 0, 1, 1, 3, 1, 1, 3, 0, 0, 0, 0, 2, 0, 0, 0, 0, 1, 0, 0, 0, 1, 0, 2, 0, 1, 0, 1, 0, 0, 2, 0, 1],740.1000024547002,57245.26292476342,97017.87740826326,false
15,G4_BALANCED,G4_BALANCED,[31, 22, 82, 15, 26, 58, 95, 42, 77, 12, 47, 5, 93, 78, 86, 54, 85, 63, 18, 44, 20, 35, 43, 97, 66, 76, 10, 30, 21, 45, 71, 1, 23, 64, 17, 83, 80, 14, 60, 36, 6, 57, 40, 88, 65, 56, 79, 94, 67, 68, 46, 75, 38, 9, 19, 32, 81, 41, 53, 62, 87, 90, 99, 59, 11, 16, 72, 73, 70, 39, 37, 84, 3, 92, 25, 28, 29, 55, 51, 7, 98, 61, 91, 48, 89, 50, 4, 96, 27, 24, 8, 33, 34, 2, 52, 13, 0, 69, 74, 49]|[1, 1, 0, 1, 1, 0, 1, 2, 2, 1, 2, 2, 2, 1, 1, 0, 0, 1, 0, 2, 2, 0, 1, 2, 2, 1, 2, 2, 0, 0, 1, 1, 2, 2, 1, 0, 0, 0, 1, 1, 0, 1, 1, 1, 0, 2, 1, 1, 0, 0, 0, 0, 1, 1, 2, 1, 2, 0, 0, 0, 2, 1, 0, 1, 2, 1, 2, 1, 1, 1, 1, 1, 1, 0, 1, 0, 0, 2, 0, 1, 2, 1, 0, 0, 1, 0, 1, 2, 0, 2, 0, 2, 2, 0, 1, 0, 0, 1, 2, 0]|[4, 3, 2, 2, 4, 1, 2, 2, 2, 4, 1, 1, 2, 4, 4, 1, 2, 4, 2, 1, 1, 1, 1, 2, 1, 2, 1, 1, 1, 1, 3, 3, 1, 1, 4, 0, 1, 1, 0, 3, 2, 2, 2, 0, 1, 1, 0, 4, 0, 1, 2, 2, 1, 4, 0, 3, 2, 1, 1, 2, 1, 3, 1, 1, 1, 3, 0, 4, 3, 1, 4, 1, 1, 0, 4, 2, 1, 1, 1, 1, 1, 3, 1, 1, 1, 1, 4, 1, 2, 1, 2, 1, 1, 2, 1, 2, 2, 4, 1, 1]|[0, 2, 1, 1, 3, 0, 1, 0, 0, 0, 0, 0, 1, 0, 1, 0, 0, 3, 1, 0, 0, 0, 3, 1, 0, 2, 0, 0, 0, 1, 0, 0, 0, 0, 3, 0, 0, 0, 0, 2, 1, 1, 1, 0, 0, 0, 0, 2, 1, 0, 0, 0, 1, 3, 0, 0, 1, 0, 0, 1, 0, 2, 0, 1, 0, 2, 1, 0, 0, 1, 1, 3, 1, 1, 3, 1, 0, 0, 0, 2, 0, 0, 0, 0, 1, 0, 0, 0, 1, 1, 1, 0, 0, 0, 1, 0, 0, 2, 0, 1],758.863641245108,56323.8828778441,93552.32614179025,false
15,G2_TEC,G2_TEC,[31, 22, 82, 15, 26, 9, 95, 42, 77, 68, 47, 5, 93, 78, 86, 54, 85, 63, 18, 44, 20, 49, 36, 14, 74, 50, 53, 17, 21, 28, 71, 64, 3, 23, 30, 83, 24, 41, 60, 52, 65, 27, 90, 70, 39, 87, 48, 69, 99, 4, 46, 1, 13, 58, 97, 59, 33, 8, 73, 37, 35, 79, 11, 66, 76, 32, 40, 80, 96, 6, 16, 61, 45, 7, 57, 34, 12, 67, 10, 98, 56, 84, 29, 75, 91, 38, 19, 92, 43, 88, 51, 72, 81, 25, 2, 55, 0, 94, 89, 62]|[2, 1, 2, 1, 1, 2, 1, 1, 1, 1, 1, 0, 2, 2, 1, 2, 0, 0, 0, 2, 2, 1, 0, 2, 0, 2, 2, 1, 0, 1, 1, 1, 0, 0, 1, 0, 2, 1, 2, 2, 0, 0, 1, 1, 0, 2, 0, 2, 1, 0, 0, 2, 0, 0, 2, 0, 1, 1, 0, 0, 2, 1, 0, 2, 2, 0, 2, 2, 0, 1, 2, 1, 1, 2, 0, 1, 1, 1, 1, 2, 2, 0, 1, 0, 1, 0, 1, 0, 0, 1, 1, 1, 1, 1, 2, 0, 0, 1, 1, 1]|[0, 3, 0, 3, 4, 1, 4, 4, 2, 4, 3, 2, 1, 0, 2, 1, 1, 1, 2, 1, 1, 3, 0, 1, 0, 1, 1, 4, 1, 4, 3, 2, 2, 0, 4, 1, 1, 4, 0, 1, 2, 1, 4, 4, 1, 1, 0, 2, 3, 1, 2, 1, 2, 1, 1, 2, 4, 3, 0, 2, 2, 3, 1, 0, 1, 2, 0, 1, 2, 4, 1, 3, 4, 1, 2, 4, 3, 3, 3, 1, 1, 2, 3, 2, 3, 2, 4, 2, 2, 4, 3, 4, 4, 4, 1, 2, 2, 4, 4, 3]|[0, 2, 0, 0, 3, 0, 1, 3, 0, 0, 2, 0, 1, 0, 1, 0, 0, 0, 1, 0, 0, 2, 0, 0, 1, 0, 0, 3, 0, 1, 0, 2, 0, 0, 3, 0, 1, 3, 1, 0, 0, 0, 1, 3, 0, 0, 1, 0, 2, 0, 0, 0, 0, 0, 1, 0, 1, 0, 1, 1, 0, 2, 0, 0, 0, 0, 0, 0, 0, 2, 0, 0, 1, 0, 0, 1, 0, 0, 3, 0, 0, 0, 0, 0, 0, 0, 3, 0, 0, 1, 0, 2, 1, 3, 0, 0, 0, 2, 1, 0],908.5002424322811,51028.208067723506,110213.84965355544,false
15,G3_TWC,G1_CMAX,[31, 22, 82, 15, 26, 9, 95, 42, 77, 12, 47, 5, 93, 78, 86, 54, 6, 63, 18, 44, 20, 35, 43, 97, 91, 76, 10, 30, 21, 45, 64, 71, 1, 23, 17, 83, 24, 14, 60, 36, 85, 57, 40, 88, 65, 56, 79, 94, 39, 68, 46, 75, 38, 58, 19, 32, 81, 41, 27, 62, 87, 90, 99, 59, 11, 16, 72, 73, 70, 67, 37, 84, 3, 92, 25, 55, 28, 29, 51, 8, 66, 61, 98, 48, 89, 50, 7, 96, 53, 80, 4, 33, 34, 2, 52, 13, 0, 69, 74, 49]|[1, 1, 0, 1, 1, 0, 1, 2, 2, 1, 2, 2, 2, 1, 1, 0, 0, 1, 0, 2, 2, 0, 1, 2, 0, 1, 2, 2, 0, 0, 1, 2, 1, 2, 1, 0, 2, 0, 1, 1, 0, 1, 1, 1, 0, 2, 1, 1, 0, 0, 0, 0, 1, 1, 2, 1, 2, 0, 0, 0, 2, 1, 0, 1, 2, 1, 2, 1, 1, 1, 1, 1, 1, 0, 1, 1, 0, 0, 0, 1, 0, 1, 0, 0, 1, 0, 1, 2, 0, 0, 0, 0, 2, 0, 1, 0, 0, 1, 2, 0]|[4, 3, 2, 2, 4, 1, 2, 2, 2, 4, 1, 1, 2, 4, 4, 1, 2, 4, 2, 1, 1, 1, 1, 2, 1, 2, 1, 1, 1, 1, 3, 2, 3, 0, 4, 0, 1, 1, 0, 3, 2, 2, 2, 0, 1, 1, 0, 4, 0, 1, 2, 2, 1, 4, 0, 3, 2, 1, 1, 2, 1, 3, 1, 1, 1, 3, 0, 4, 3, 1, 4, 1, 1, 0, 4, 4, 2, 1, 1, 3, 1, 3, 1, 1, 1, 1, 1, 1, 2, 1, 2, 2, 1, 2, 1, 2, 2, 3, 1, 1]|[0, 2, 1, 1, 3, 0, 1, 0, 0, 0, 0, 0, 1, 0, 1, 0, 1, 3, 1, 0, 0, 0, 3, 1, 0, 2, 0, 0, 0, 1, 0, 0, 0, 0, 3, 0, 1, 0, 0, 2, 1, 1, 1, 0, 0, 0, 0, 2, 1, 0, 0, 0, 1, 3, 0, 0, 1, 0, 0, 1, 0, 2, 0, 1, 0, 2, 1, 0, 0, 1, 1, 3, 1, 1, 3, 3, 1, 0, 0, 2, 0, 0, 0, 0, 1, 0, 2, 0, 1, 0, 1, 1, 0, 0, 1, 0, 0, 0, 0, 1],824.1531664905515,57504.66170409152,92407.54974943638,true
15,G1_CMAX,G1_CMAX,[31, 22, 82, 15, 26, 9, 95, 42, 77, 12, 47, 5, 93, 78, 86, 54, 6, 63, 18, 44, 20, 35, 43, 97, 91, 76, 10, 30, 21, 45, 71, 64, 1, 23, 17, 83, 24, 14, 60, 36, 85, 57, 40, 88, 65, 56, 79, 94, 67, 68, 46, 75, 38, 58, 19, 32, 81, 41, 62, 87, 28, 90, 99, 59, 11, 72, 16, 73, 70, 39, 37, 84, 3, 92, 25, 34, 29, 55, 51, 7, 98, 61, 66, 48, 89, 50, 4, 96, 53, 80, 8, 33, 27, 2, 52, 13, 0, 69, 74, 49]|[1, 1, 0, 1, 1, 0, 1, 2, 2, 1, 2, 2, 2, 1, 1, 0, 0, 1, 0, 2, 2, 0, 1, 2, 2, 1, 2, 2, 0, 0, 1, 1, 1, 2, 1, 0, 2, 0, 1, 1, 0, 1, 1, 1, 0, 2, 1, 1, 0, 0, 0, 0, 1, 1, 2, 1, 2, 0, 0, 2, 2, 1, 0, 1, 2, 2, 1, 1, 1, 1, 1, 1, 1, 0, 1, 2, 0, 2, 0, 1, 2, 1, 0, 0, 1, 0, 1, 2, 0, 0, 1, 2, 0, 0, 1, 0, 0, 1, 2, 0]|[0, 3, 2, 2, 4, 1, 2, 2, 2, 4, 1, 1, 2, 4, 4, 1, 2, 4, 2, 1, 1, 1, 1, 2, 1, 2, 1, 1, 1, 1, 3, 3, 3, 0, 4, 0, 1, 1, 0, 3, 2, 2, 2, 0, 1, 1, 0, 4, 0, 1, 2, 2, 1, 4, 0, 3, 2, 1, 2, 1, 1, 3, 1, 1, 1, 0, 3, 4, 3, 1, 4, 1, 1, 0, 4, 1, 1, 1, 1, 1, 1, 3, 1, 1, 1, 1, 4, 1, 2, 1, 3, 1, 2, 2, 1, 2, 2, 4, 1, 1]|[0, 2, 1, 1, 3, 0, 1, 0, 0, 0, 0, 0, 1, 0, 1, 0, 0, 3, 1, 0, 0, 0, 3, 1, 0, 2, 0, 0, 0, 1, 0, 0, 0, 0, 3, 0, 1, 0, 0, 2, 1, 1, 1, 0, 0, 0, 0, 2, 1, 0, 0, 0, 1, 3, 0, 0, 1, 0, 1, 0, 0, 2, 0, 1, 0, 1, 2, 0, 0, 1, 1, 3, 1, 1, 3, 0, 0, 0, 0, 2, 0, 0, 0, 0, 1, 0, 0, 0, 1, 0, 2, 0, 1, 0, 1, 0, 0, 2, 0, 1],740.1000024547002,57245.26292476342,97017.87740826326,false
15,G4_BALANCED,G4_BALANCED,[31, 22, 82, 15, 26, 58, 95, 42, 77, 12, 47, 5, 93, 78, 86, 54, 85, 63, 18, 44, 20, 35, 43, 97, 66, 76, 10, 30, 21, 45, 71, 1, 23, 64, 17, 83, 80, 14, 60, 36, 6, 57, 40, 88, 65, 56, 79, 94, 67, 68, 46, 75, 38, 9, 19, 32, 81, 41, 53, 62, 87, 90, 99, 59, 11, 16, 72, 73, 70, 39, 37, 84, 3, 92, 25, 28, 29, 55, 51, 7, 98, 61, 91, 48, 89, 50, 4, 96, 27, 24, 8, 33, 34, 2, 52, 13, 0, 69, 74, 49]|[1, 1, 0, 1, 1, 0, 1, 2, 2, 1, 2, 2, 2, 1, 1, 0, 0, 1, 0, 2, 2, 0, 1, 2, 2, 1, 2, 2, 0, 0, 1, 1, 2, 2, 1, 0, 0, 0, 1, 1, 0, 1, 1, 1, 0, 2, 1, 1, 0, 0, 0, 0, 1, 1, 2, 1, 2, 0, 0, 0, 2, 1, 0, 1, 2, 1, 2, 1, 1, 1, 1, 1, 1, 0, 1, 0, 0, 2, 0, 1, 2, 1, 0, 0, 1, 0, 1, 2, 0, 2, 0, 2, 2, 0, 1, 0, 0, 1, 2, 0]|[4, 3, 2, 2, 4, 1, 2, 2, 2, 4, 1, 1, 2, 4, 4, 1, 2, 4, 2, 1, 1, 1, 1, 2, 1, 2, 1, 1, 1, 1, 3, 3, 1, 1, 4, 0, 1, 1, 0, 3, 2, 2, 2, 0, 1, 1, 0, 4, 0, 1, 2, 2, 1, 4, 0, 3, 2, 1, 1, 2, 1, 3, 1, 1, 1, 3, 0, 4, 3, 1, 4, 1, 1, 0, 4, 2, 1, 1, 1, 1, 1, 3, 1, 1, 1, 1, 4, 1, 2, 1, 2, 1, 1, 2, 1, 2, 2, 4, 1, 1]|[0, 2, 1, 1, 3, 0, 1, 0, 0, 0, 0, 0, 1, 0, 1, 0, 0, 3, 1, 0, 0, 0, 3, 1, 0, 2, 0, 0, 0, 1, 0, 0, 0, 0, 3, 0, 0, 0, 0, 2, 1, 1, 1, 0, 0, 0, 0, 2, 1, 0, 0, 0, 1, 3, 0, 0, 1, 0, 0, 1, 0, 2, 0, 1, 0, 2, 1, 0, 0, 1, 1, 3, 1, 1, 3, 1, 0, 0, 0, 2, 0, 0, 0, 0, 1, 0, 0, 0, 1, 1, 1, 0, 0, 0, 1, 0, 0, 2, 0, 1],758.863641245108,56323.8828778441,93552.32614179025,false
15,G2_TEC,G4_BALANCED,[31, 22, 82, 15, 26, 9, 95, 42, 77, 12, 47, 5, 93, 78, 86, 54, 85, 63, 18, 44, 20, 35, 43, 97, 91, 76, 10, 30, 21, 45, 71, 64, 1, 23, 17, 83, 24, 14, 60, 36, 41, 57, 40, 88, 65, 56, 6, 94, 67, 68, 46, 79, 75, 38, 58, 32, 81, 53, 27, 62, 87, 90, 99, 59, 11, 16, 72, 73, 70, 39, 37, 84, 3, 92, 25, 55, 28, 29, 51, 98, 7, 61, 66, 48, 89, 50, 4, 96, 19, 80, 8, 33, 34, 2, 52, 13, 0, 69, 74, 49]|[1, 1, 0, 1, 1, 1, 1, 2, 2, 1, 2, 2, 2, 1, 1, 0, 0, 1, 1, 2, 2, 0, 0, 2, 0, 0, 2, 2, 0, 0, 1, 2, 1, 2, 1, 0, 2, 0, 1, 1, 0, 1, 1, 1, 0, 2, 0, 1, 1, 0, 0, 1, 0, 1, 1, 1, 2, 0, 0, 0, 2, 1, 0, 1, 2, 1, 2, 1, 1, 1, 1, 1, 1, 0, 1, 1, 0, 0, 0, 2, 1, 1, 2, 0, 1, 0, 1, 2, 2, 0, 1, 2, 2, 0, 1, 0, 0, 1, 2, 0]|[4, 3, 2, 2, 4, 4, 2, 2, 2, 4, 1, 1, 2, 4, 4, 1, 2, 4, 4, 1, 1, 1, 1, 2, 1, 1, 1, 1, 1, 1, 3, 2, 3, 1, 4, 0, 1, 1, 0, 3, 1, 2, 2, 2, 1, 1, 2, 4, 4, 1, 2, 0, 2, 1, 4, 3, 2, 2, 1, 2, 1, 3, 1, 1, 1, 3, 1, 4, 3, 1, 4, 1, 1, 1, 4, 4, 2, 1, 1, 1, 1, 3, 1, 1, 1, 1, 4, 1, 0, 1, 3, 1, 1, 2, 1, 2, 2, 4, 1, 1]|[0, 2, 1, 1, 3, 3, 1, 0, 0, 0, 0, 0, 1, 0, 1, 0, 0, 3, 3, 0, 0, 0, 0, 1, 0, 0, 0, 0, 0, 1, 0, 0, 0, 0, 3, 0, 1, 0, 0, 2, 0, 1, 1, 1, 0, 0, 1, 2, 2, 0, 0, 0, 0, 1, 3, 0, 1, 1, 0, 1, 0, 2, 0, 1, 0, 2, 0, 0, 0, 1, 1, 3, 1, 0, 3, 3, 1, 0, 0, 0, 2, 0, 0, 0, 1, 0, 0, 0, 0, 0, 2, 0, 0, 0, 1, 0, 0, 2, 0, 1],906.3266491353144,55159.908782456725,105135.37307620374,true
15,G3_TWC,G1_CMAX,[31, 22, 82, 15, 26, 9, 95, 42, 77, 12, 47, 5, 93, 78, 86, 54, 6, 63, 18, 44, 20, 35, 43, 97, 91, 76, 10, 30, 21, 45, 64, 71, 1, 23, 17, 83, 24, 14, 60, 36, 85, 57, 40, 88, 65, 56, 79, 94, 39, 68, 46, 75, 38, 58, 19, 32, 81, 41, 27, 62, 87, 90, 99, 59, 11, 16, 72, 73, 70, 67, 37, 84, 3, 92, 25, 55, 28, 29, 51, 8, 66, 61, 98, 48, 89, 50, 7, 96, 53, 80, 4, 33, 34, 2, 52, 13, 0, 69, 74, 49]|[1, 1, 0, 1, 1, 0, 1, 2, 2, 1, 2, 2, 2, 1, 1, 0, 0, 1, 0, 2, 2, 0, 1, 2, 0, 1, 2, 2, 0, 0, 1, 2, 1, 2, 1, 0, 2, 0, 1, 1, 0, 1, 1, 1, 0, 2, 1, 1, 0, 0, 0, 0, 1, 1, 2, 1, 2, 0, 0, 0, 2, 1, 0, 1, 2, 1, 2, 1, 1, 1, 1, 1, 1, 0, 1, 1, 0, 0, 0, 1, 0, 1, 0, 0, 1, 0, 1, 2, 0, 0, 0, 0, 2, 0, 1, 0, 0, 1, 2, 0]|[4, 3, 2, 2, 4, 1, 2, 2, 2, 4, 1, 1, 2, 4, 4, 1, 2, 4, 2, 1, 1, 1, 1, 2, 1, 2, 1, 1, 1, 1, 3, 2, 3, 0, 4, 0, 1, 1, 0, 3, 2, 2, 2, 0, 1, 1, 0, 4, 0, 1, 2, 2, 1, 4, 0, 3, 2, 1, 1, 2, 1, 3, 1, 1, 1, 3, 0, 4, 3, 1, 4, 1, 1, 0, 4, 4, 2, 1, 1, 3, 1, 3, 1, 1, 1, 1, 1, 1, 2, 1, 2, 2, 1, 2, 1, 2, 2, 3, 1, 1]|[0, 2, 1, 1, 3, 0, 1, 0, 0, 0, 0, 0, 1, 0, 1, 0, 1, 3, 1, 0, 0, 0, 3, 1, 0, 2, 0, 0, 0, 1, 0, 0, 0, 0, 3, 0, 1, 0, 0, 2, 1, 1, 1, 0, 0, 0, 0, 2, 1, 0, 0, 0, 1, 3, 0, 0, 1, 0, 0, 1, 0, 2, 0, 1, 0, 2, 1, 0, 0, 1, 1, 3, 1, 1, 3, 3, 1, 0, 0, 2, 0, 0, 0, 0, 1, 0, 2, 0, 1, 0, 1, 1, 0, 0, 1, 0, 0, 0, 0, 1],824.1531664905515,57504.66170409152,92407.54974943638,true
15,G1_CMAX,G1_CMAX,[31, 22, 82, 15, 26, 9, 95, 42, 77, 12, 47, 5, 93, 78, 86, 54, 6, 63, 18, 44, 20, 35, 43, 97, 91, 76, 10, 30, 21, 45, 71, 64, 1, 23, 17, 83, 24, 14, 60, 36, 85, 57, 40, 88, 65, 56, 79, 94, 67, 68, 46, 75, 38, 58, 19, 32, 81, 41, 62, 87, 28, 90, 99, 59, 11, 72, 16, 73, 70, 39, 37, 84, 3, 92, 25, 34, 29, 55, 51, 7, 98, 61, 66, 48, 89, 50, 4, 96, 53, 80, 8, 33, 27, 2, 52, 13, 0, 69, 74, 49]|[1, 1, 0, 1, 1, 0, 1, 2, 2, 1, 2, 2, 2, 1, 1, 0, 0, 1, 0, 2, 2, 0, 1, 2, 2, 1, 2, 2, 0, 0, 1, 1, 1, 2, 1, 0, 2, 0, 1, 1, 0, 1, 1, 1, 0, 2, 1, 1, 0, 0, 0, 0, 1, 1, 2, 1, 2, 0, 0, 2, 2, 1, 0, 1, 2, 2, 1, 1, 1, 1, 1, 1, 1, 0, 1, 2, 0, 2, 0, 1, 2, 1, 0, 0, 1, 0, 1, 2, 0, 0, 1, 2, 0, 0, 1, 0, 0, 1, 2, 0]|[0, 3, 2, 2, 4, 1, 2, 2, 2, 4, 1, 1, 2, 4, 4, 1, 2, 4, 2, 1, 1, 1, 1, 2, 1, 2, 1, 1, 1, 1, 3, 3, 3, 0, 4, 0, 1, 1, 0, 3, 2, 2, 2, 0, 1, 1, 0, 4, 0, 1, 2, 2, 1, 4, 0, 3, 2, 1, 2, 1, 1, 3, 1, 1, 1, 0, 3, 4, 3, 1, 4, 1, 1, 0, 4, 1, 1, 1, 1, 1, 1, 3, 1, 1, 1, 1, 4, 1, 2, 1, 3, 1, 2, 2, 1, 2, 2, 4, 1, 1]|[0, 2, 1, 1, 3, 0, 1, 0, 0, 0, 0, 0, 1, 0, 1, 0, 0, 3, 1, 0, 0, 0, 3, 1, 0, 2, 0, 0, 0, 1, 0, 0, 0, 0, 3, 0, 1, 0, 0, 2, 1, 1, 1, 0, 0, 0, 0, 2, 1, 0, 0, 0, 1, 3, 0, 0, 1, 0, 1, 0, 0, 2, 0, 1, 0, 1, 2, 0, 0, 1, 1, 3, 1, 1, 3, 0, 0, 0, 0, 2, 0, 0, 0, 0, 1, 0, 0, 0, 1, 0, 2, 0, 1, 0, 1, 0, 0, 2, 0, 1],740.1000024547002,57245.26292476342,97017.87740826326,false
15,G4_BALANCED,G1_CMAX,[31, 22, 82, 15, 26, 9, 95, 42, 77, 12, 47, 5, 93, 78, 86, 54, 6, 63, 18, 44, 20, 35, 43, 97, 91, 76, 10, 30, 21, 45, 64, 71, 1, 23, 17, 83, 24, 14, 60, 36, 85, 57, 40, 88, 65, 56, 79, 94, 39, 68, 46, 75, 38, 58, 19, 32, 81, 41, 27, 62, 87, 90, 99, 59, 11, 16, 72, 73, 70, 67, 37, 84, 3, 92, 25, 55, 28, 29, 51, 8, 66, 61, 98, 48, 89, 50, 7, 96, 53, 80, 4, 33, 34, 2, 52, 13, 0, 69, 74, 49]|[1, 1, 0, 1, 1, 0, 1, 2, 2, 1, 2, 2, 2, 1, 1, 0, 0, 1, 0, 2, 2, 0, 1, 2, 0, 1, 2, 2, 0, 0, 1, 2, 1, 2, 1, 0, 2, 0, 1, 1, 0, 1, 1, 1, 0, 2, 1, 1, 0, 0, 0, 0, 1, 1, 2, 1, 2, 0, 0, 0, 2, 1, 0, 1, 2, 1, 2, 1, 1, 1, 1, 1, 1, 0, 1, 1, 0, 0, 0, 1, 0, 1, 0, 0, 1, 0, 1, 2, 0, 0, 0, 0, 2, 0, 1, 0, 0, 1, 2, 0]|[4, 3, 2, 2, 4, 1, 2, 2, 2, 4, 1, 1, 2, 4, 4, 1, 2, 4, 2, 1, 1, 1, 1, 2, 1, 2, 1, 1, 1, 1, 3, 2, 3, 0, 4, 0, 1, 1, 0, 3, 2, 2, 2, 0, 1, 1, 0, 4, 0, 1, 2, 2, 1, 4, 0, 3, 2, 1, 1, 2, 1, 3, 1, 1, 1, 3, 0, 4, 3, 1, 4, 1, 1, 0, 4, 4, 2, 1, 1, 3, 1, 3, 1, 1, 1, 1, 1, 1, 2, 1, 2, 2, 1, 2, 1, 2, 2, 3, 1, 1]|[0, 2, 1, 1, 3, 0, 1, 0, 0, 0, 0, 0, 1, 0, 1, 0, 1, 3, 1, 0, 0, 0, 3, 1, 0, 2, 0, 0, 0, 1, 0, 0, 0, 0, 3, 0, 1, 0, 0, 2, 1, 1, 1, 0, 0, 0, 0, 2, 1, 0, 0, 0, 1, 3, 0, 0, 1, 0, 0, 1, 0, 2, 0, 1, 0, 2, 1, 0, 0, 1, 1, 3, 1, 1, 3, 3, 1, 0, 0, 2, 0, 0, 0, 0, 1, 0, 2, 0, 1, 0, 1, 1, 0, 0, 1, 0, 0, 0, 0, 1],824.1531664905515,57504.66170409152,92407.54974943638,true
15,G2_TEC,G4_BALANCED,[31, 22, 82, 15, 26, 9, 95, 42, 77, 12, 47, 5, 93, 78, 86, 54, 85, 63, 18, 44, 20, 35, 43, 97, 91, 76, 10, 30, 21, 45, 71, 64, 1, 23, 17, 83, 24, 14, 60, 36, 41, 57, 40, 88, 65, 56, 6, 94, 67, 68, 46, 79, 75, 38, 58, 32, 81, 53, 27, 62, 87, 90, 99, 59, 11, 16, 72, 73, 70, 39, 37, 84, 3, 92, 25, 55, 28, 29, 51, 98, 7, 61, 66, 48, 89, 50, 4, 96, 19, 80, 8, 33, 34, 2, 52, 13, 0, 69, 74, 49]|[1, 1, 0, 1, 1, 1, 1, 2, 2, 1, 2, 2, 2, 1, 1, 0, 0, 1, 1, 2, 2, 0, 0, 2, 0, 0, 2, 2, 0, 0, 1, 2, 1, 2, 1, 0, 2, 0, 1, 1, 0, 1, 1, 1, 0, 2, 0, 1, 1, 0, 0, 1, 0, 1, 1, 1, 2, 0, 0, 0, 2, 1, 0, 1, 2, 1, 2, 1, 1, 1, 1, 1, 1, 0, 1, 1, 0, 0, 0, 2, 1, 1, 2, 0, 1, 0, 1, 2, 2, 0, 1, 2, 2, 0, 1, 0, 0, 1, 2, 0]|[4, 3, 2, 2, 4, 4, 2, 2, 2, 4, 1, 1, 2, 4, 4, 1, 2, 4, 4, 1, 1, 1, 1, 2, 1, 1, 1, 1, 1, 1, 3, 2, 3, 1, 4, 0, 1, 1, 0, 3, 1, 2, 2, 2, 1, 1, 2, 4, 4, 1, 2, 0, 2, 1, 4, 3, 2, 2, 1, 2, 1, 3, 1, 1, 1, 3, 1, 4, 3, 1, 4, 1, 1, 1, 4, 4, 2, 1, 1, 1, 1, 3, 1, 1, 1, 1, 4, 1, 0, 1, 3, 1, 1, 2, 1, 2, 2, 4, 1, 1]|[0, 2, 1, 1, 3, 3, 1, 0, 0, 0, 0, 0, 1, 0, 1, 0, 0, 3, 3, 0, 0, 0, 0, 1, 0, 0, 0, 0, 0, 1, 0, 0, 0, 0, 3, 0, 1, 0, 0, 2, 0, 1, 1, 1, 0, 0, 1, 2, 2, 0, 0, 0, 0, 1, 3, 0, 1, 1, 0, 1, 0, 2, 0, 1, 0, 2, 0, 0, 0, 1, 1, 3, 1, 0, 3, 3, 1, 0, 0, 0, 2, 0, 0, 0, 1, 0, 0, 0, 0, 0, 2, 0, 0, 0, 1, 0, 0, 2, 0, 1],906.3266491353144,55159.908782456725,105135.37307620374,true
15,G3_TWC,G1_CMAX,[31, 22, 82, 15, 26, 9, 95, 42, 77, 12, 47, 5, 93, 78, 86, 54, 6, 63, 18, 44, 20, 35, 43, 97, 91, 76, 10, 30, 21, 45, 64, 71, 1, 23, 17, 83, 24, 14, 60, 36, 85, 57, 40, 88, 65, 56, 79, 94, 39, 68, 46, 75, 38, 58, 19, 32, 81, 41, 27, 62, 87, 90, 99, 59, 11, 16, 72, 73, 70, 67, 37, 84, 3, 92, 25, 55, 28, 29, 51, 8, 66, 61, 98, 48, 89, 50, 7, 96, 53, 80, 4, 33, 34, 2, 52, 13, 0, 69, 74, 49]|[1, 1, 0, 1, 1, 0, 1, 2, 2, 1, 2, 2, 2, 1, 1, 0, 0, 1, 0, 2, 2, 0, 1, 2, 0, 1, 2, 2, 0, 0, 1, 2, 1, 2, 1, 0, 2, 0, 1, 1, 0, 1, 1, 1, 0, 2, 1, 1, 0, 0, 0, 0, 1, 1, 2, 1, 2, 0, 0, 0, 2, 1, 0, 1, 2, 1, 2, 1, 1, 1, 1, 1, 1, 0, 1, 1, 0, 0, 0, 1, 0, 1, 0, 0, 1, 0, 1, 2, 0, 0, 0, 0, 2, 0, 1, 0, 0, 1, 2, 0]|[4, 3, 2, 2, 4, 1, 2, 2, 2, 4, 1, 1, 2, 4, 4, 1, 2, 4, 2, 1, 1, 1, 1, 2, 1, 2, 1, 1, 1, 1, 3, 2, 3, 0, 4, 0, 1, 1, 0, 3, 2, 2, 2, 0, 1, 1, 0, 4, 0, 1, 2, 2, 1, 4, 0, 3, 2, 1, 1, 2, 1, 3, 1, 1, 1, 3, 0, 4, 3, 1, 4, 1, 1, 0, 4, 4, 2, 1, 1, 3, 1, 3, 1, 1, 1, 1, 1, 1, 2, 1, 2, 2, 1, 2, 1, 2, 2, 3, 1, 1]|[0, 2, 1, 1, 3, 0, 1, 0, 0, 0, 0, 0, 1, 0, 1, 0, 1, 3, 1, 0, 0, 0, 3, 1, 0, 2, 0, 0, 0, 1, 0, 0, 0, 0, 3, 0, 1, 0, 0, 2, 1, 1, 1, 0, 0, 0, 0, 2, 1, 0, 0, 0, 1, 3, 0, 0, 1, 0, 0, 1, 0, 2, 0, 1, 0, 2, 1, 0, 0, 1, 1, 3, 1, 1, 3, 3, 1, 0, 0, 2, 0, 0, 0, 0, 1, 0, 2, 0, 1, 0, 1, 1, 0, 0, 1, 0, 0, 0, 0, 1],824.1531664905515,57504.66170409152,92407.54974943638,true
15,G1_CMAX,G1_CMAX,[31, 22, 82, 15, 26, 9, 95, 42, 77, 12, 47, 5, 93, 78, 86, 54, 6, 63, 18, 44, 20, 35, 43, 97, 91, 76, 10, 30, 21, 45, 71, 64, 1, 23, 17, 83, 24, 14, 60, 36, 85, 57, 40, 88, 65, 56, 79, 94, 67, 68, 46, 75, 38, 58, 19, 32, 81, 41, 62, 87, 28, 90, 99, 59, 11, 72, 16, 73, 70, 39, 37, 84, 3, 92, 25, 34, 29, 55, 51, 7, 98, 61, 66, 48, 89, 50, 4, 96, 53, 80, 8, 33, 27, 2, 52, 13, 0, 69, 74, 49]|[1, 1, 0, 1, 1, 0, 1, 2, 2, 1, 2, 2, 2, 1, 1, 0, 0, 1, 0, 2, 2, 0, 1, 2, 2, 1, 2, 2, 0, 0, 1, 1, 1, 2, 1, 0, 2, 0, 1, 1, 0, 1, 1, 1, 0, 2, 1, 1, 0, 0, 0, 0, 1, 1, 2, 1, 2, 0, 0, 2, 2, 1, 0, 1, 2, 2, 1, 1, 1, 1, 1, 1, 1, 0, 1, 2, 0, 2, 0, 1, 2, 1, 0, 0, 1, 0, 1, 2, 0, 0, 1, 2, 0, 0, 1, 0, 0, 1, 2, 0]|[0, 3, 2, 2, 4, 1, 2, 2, 2, 4, 1, 1, 2, 4, 4, 1, 2, 4, 2, 1, 1, 1, 1, 2, 1, 2, 1, 1, 1, 1, 3, 3, 3, 0, 4, 0, 1, 1, 0, 3, 2, 2, 2, 0, 1, 1, 0, 4, 0, 1, 2, 2, 1, 4, 0, 3, 2, 1, 2, 1, 1, 3, 1, 1, 1, 0, 3, 4, 3, 1, 4, 1, 1, 0, 4, 1, 1, 1, 1, 1, 1, 3, 1, 1, 1, 1, 4, 1, 2, 1, 3, 1, 2, 2, 1, 2, 2, 4, 1, 1]|[0, 2, 1, 1, 3, 0, 1, 0, 0, 0, 0, 0, 1, 0, 1, 0, 0, 3, 1, 0, 0, 0, 3, 1, 0, 2, 0, 0, 0, 1, 0, 0, 0, 0, 3, 0, 1, 0, 0, 2, 1, 1, 1, 0, 0, 0, 0, 2, 1, 0, 0, 0, 1, 3, 0, 0, 1, 0, 1, 0, 0, 2, 0, 1, 0, 1, 2, 0, 0, 1, 1, 3, 1, 1, 3, 0, 0, 0, 0, 2, 0, 0, 0, 0, 1, 0, 0, 0, 1, 0, 2, 0, 1, 0, 1, 0, 0, 2, 0, 1],740.1000024547002,57245.26292476342,97017.87740826326,false
15,G4_BALANCED,G1_CMAX,[31, 22, 82, 15, 26, 58, 95, 42, 77, 12, 47, 5, 93, 78, 86, 54, 85, 63, 18, 72, 20, 35, 43, 97, 91, 76, 10, 30, 21, 45, 71, 64, 1, 23, 17, 83, 24, 14, 60, 36, 6, 57, 40, 88, 65, 56, 79, 94, 67, 41, 68, 75, 38, 9, 19, 32, 81, 55, 62, 87, 27, 90, 99, 59, 11, 16, 44, 73, 70, 39, 37, 84, 3, 92, 25, 46, 28, 29, 51, 7, 66, 61, 98, 48, 89, 50, 4, 96, 53, 80, 8, 33, 34, 2, 52, 13, 0, 69, 74, 49]|[1, 1, 0, 1, 1, 0, 1, 2, 2, 1, 2, 2, 2, 1, 1, 0, 0, 1, 0, 2, 2, 0, 0, 2, 0, 1, 2, 2, 0, 0, 1, 2, 1, 2, 1, 0, 2, 0, 1, 1, 0, 1, 1, 1, 0, 2, 1, 1, 0, 0, 0, 0, 1, 1, 2, 1, 2, 2, 0, 2, 0, 1, 0, 1, 2, 1, 2, 1, 1, 1, 1, 1, 1, 0, 1, 0, 0, 0, 0, 1, 2, 1, 2, 0, 1, 0, 1, 2, 0, 0, 1, 2, 2, 0, 1, 0, 0, 1, 2, 0]|[4, 3, 2, 2, 4, 1, 2, 2, 2, 4, 1, 1, 2, 4, 4, 1, 2, 4, 2, 1, 1, 1, 1, 2, 1, 2, 1, 1, 1, 1, 3, 2, 3, 1, 4, 0, 1, 1, 0, 3, 2, 2, 2, 0, 1, 1, 0, 4, 0, 1, 1, 2, 1, 4, 0, 3, 2, 1, 2, 1, 1, 3, 1, 1, 1, 3, 1, 4, 3, 1, 4, 1, 1, 0, 4, 2, 2, 1, 1, 1, 1, 3, 1, 1, 1, 1, 4, 1, 2, 1, 3, 1, 1, 2, 1, 2, 2, 4, 1, 1]|[0, 2, 1, 1, 3, 0, 1, 0, 0, 0, 0, 0, 1, 0, 1, 0, 0, 3, 1, 0, 0, 0, 0, 1, 0, 2, 0, 0, 0, 1, 0, 0, 0, 0, 3, 0, 1, 0, 0, 2, 1, 1, 1, 0, 0, 0, 0, 2, 1, 0, 0, 0, 1, 3, 0, 0, 1, 0, 1, 0, 0, 2, 0, 1, 0, 2, 0, 0, 0, 1, 1, 3, 1, 1, 3, 0, 1, 0, 0, 2, 0, 0, 0, 0, 1, 0, 0, 0, 1, 0, 2, 0, 0, 0, 1, 0, 0, 2, 0, 1],772.5169263527459,55992.15611869475,95323.98996115685,true
15,G2_TEC,G2_TEC,[31, 22, 82, 15, 26, 9, 95, 42, 77, 68, 47, 5, 93, 78, 86, 54, 85, 63, 18, 44, 20, 49, 36, 14, 74, 50, 53, 17, 21, 28, 71, 64, 3, 23, 30, 83, 24, 41, 40, 52, 65, 27, 90, 70, 39, 87, 48, 69, 99, 4, 46, 1, 13, 58, 97, 59, 45, 8, 73, 37, 35, 79, 11, 66, 76, 32, 60, 80, 96, 6, 16, 61, 33, 7, 57, 34, 12, 67, 10, 98, 56, 88, 29, 25, 91, 38, 19, 92, 43, 84, 51, 72, 81, 75, 2, 89, 0, 94, 55, 62]|[2, 1, 2, 1, 1, 2, 1, 1, 1, 1, 1, 0, 2, 2, 1, 2, 0, 0, 0, 2, 2, 1, 0, 2, 0, 2, 2, 1, 0, 1, 1, 1, 0, 0, 1, 0, 2, 1, 2, 2, 0, 0, 1, 1, 0, 2, 0, 2, 1, 0, 0, 2, 0, 0, 2, 0, 1, 1, 0, 0, 2, 1, 0, 2, 2, 0, 2, 2, 0, 1, 2, 1, 1, 2, 0, 1, 1, 1, 1, 2, 2, 1, 1, 1, 1, 0, 1, 0, 1, 0, 1, 1, 1, 0, 2, 1, 0, 2, 0, 1]|[0, 3, 0, 3, 4, 1, 4, 4, 2, 4, 3, 2, 1, 0, 2, 1, 1, 1, 2, 1, 1, 3, 0, 1, 0, 1, 1, 4, 1, 4, 3, 2, 2, 0, 4, 1, 1, 4, 0, 1, 2, 1, 4, 4, 1, 1, 0, 2, 3, 1, 2, 1, 2, 1, 1, 2, 4, 3, 0, 2, 2, 3, 1, 0, 1, 2, 0, 1, 2, 4, 1, 3, 4, 1, 2, 4, 3, 3, 3, 1, 1, 4, 3, 4, 3, 2, 4, 2, 4, 2, 3, 4, 1, 2, 1, 4, 2, 1, 2, 3]|[0, 2, 0, 0, 3, 0, 1, 3, 0, 0, 2, 0, 1, 0, 1, 0, 0, 0, 1, 0, 0, 2, 0, 0, 1, 0, 0, 3, 0, 1, 0, 2, 0, 0, 3, 0, 1, 3, 0, 0, 0, 0, 1, 3, 0, 0, 1, 0, 2, 0, 0, 0, 0, 0, 1, 0, 1, 0, 1, 1, 0, 2, 0, 0, 0, 0, 0, 0, 0, 2, 0, 0, 1, 0, 0, 1, 0, 0, 3, 0, 0, 1, 0, 3, 0, 0, 3, 0, 2, 0, 0, 2, 1, 0, 0, 1, 0, 0, 0, 0],889.0053545036524,50920.37616528636,113453.88510595518,false
15,G3_TWC,G1_CMAX,[31, 22, 82, 15, 26, 9, 95, 42, 77, 12, 47, 5, 93, 78, 86, 54, 6, 63, 18, 44, 20, 35, 43, 97, 91, 76, 10, 30, 21, 45, 64, 71, 1, 23, 17, 83, 24, 14, 60, 36, 85, 57, 40, 88, 65, 56, 79, 94, 39, 68, 46, 75, 38, 58, 19, 32, 81, 41, 27, 62, 87, 90, 99, 59, 11, 16, 72, 73, 70, 67, 37, 84, 3, 92, 25, 55, 28, 29, 51, 8, 66, 61, 98, 48, 89, 50, 7, 96, 53, 80, 4, 33, 34, 2, 52, 13, 0, 69, 74, 49]|[1, 1, 0, 1, 1, 0, 1, 2, 2, 1, 2, 2, 2, 1, 1, 0, 0, 1, 0, 2, 2, 0, 1, 2, 0, 1, 2, 2, 0, 0, 1, 2, 1, 2, 1, 0, 2, 0, 1, 1, 0, 1, 1, 1, 0, 2, 1, 1, 0, 0, 0, 0, 1, 1, 2, 1, 2, 0, 0, 0, 2, 1, 0, 1, 2, 1, 2, 1, 1, 1, 1, 1, 1, 0, 1, 1, 0, 0, 0, 1, 0, 1, 0, 0, 1, 0, 1, 2, 0, 0, 0, 0, 2, 0, 1, 0, 0, 1, 2, 0]|[4, 3, 2, 2, 4, 1, 2, 2, 2, 4, 1, 1, 2, 4, 4, 1, 2, 4, 2, 1, 1, 1, 1, 2, 1, 2, 1, 1, 1, 1, 3, 2, 3, 0, 4, 0, 1, 1, 0, 3, 2, 2, 2, 0, 1, 1, 0, 4, 0, 1, 2, 2, 1, 4, 0, 3, 2, 1, 1, 2, 1, 3, 1, 1, 1, 3, 0, 4, 3, 1, 4, 1, 1, 0, 4, 4, 2, 1, 1, 3, 1, 3, 1, 1, 1, 1, 1, 1, 2, 1, 2, 2, 1, 2, 1, 2, 2, 3, 1, 1]|[0, 2, 1, 1, 3, 0, 1, 0, 0, 0, 0, 0, 1, 0, 1, 0, 1, 3, 1, 0, 0, 0, 3, 1, 0, 2, 0, 0, 0, 1, 0, 0, 0, 0, 3, 0, 1, 0, 0, 2, 1, 1, 1, 0, 0, 0, 0, 2, 1, 0, 0, 0, 1, 3, 0, 0, 1, 0, 0, 1, 0, 2, 0, 1, 0, 2, 1, 0, 0, 1, 1, 3, 1, 1, 3, 3, 1, 0, 0, 2, 0, 0, 0, 0, 1, 0, 2, 0, 1, 0, 1, 1, 0, 0, 1, 0, 0, 0, 0, 1],824.1531664905515,57504.66170409152,92407.54974943638,true
15,G1_CMAX,G1_CMAX,[31, 22, 82, 15, 26, 9, 95, 42, 77, 12, 47, 5, 93, 78, 86, 54, 6, 63, 18, 44, 20, 35, 43, 97, 91, 76, 10, 30, 21, 45, 71, 64, 1, 23, 17, 83, 24, 14, 60, 36, 85, 57, 40, 88, 65, 56, 79, 94, 67, 68, 46, 75, 38, 58, 19, 32, 81, 41, 62, 87, 28, 90, 99, 59, 11, 72, 16, 73, 70, 39, 37, 84, 3, 92, 25, 34, 29, 55, 51, 7, 98, 61, 66, 48, 89, 50, 4, 96, 53, 80, 8, 33, 27, 2, 52, 13, 0, 69, 74, 49]|[1, 1, 0, 1, 1, 0, 1, 2, 2, 1, 2, 2, 2, 1, 1, 0, 0, 1, 0, 2, 2, 0, 1, 2, 2, 1, 2, 2, 0, 0, 1, 1, 1, 2, 1, 0, 2, 0, 1, 1, 0, 1, 1, 1, 0, 2, 1, 1, 0, 0, 0, 0, 1, 1, 2, 1, 2, 0, 0, 2, 2, 1, 0, 1, 2, 2, 1, 1, 1, 1, 1, 1, 1, 0, 1, 2, 0, 2, 0, 1, 2, 1, 0, 0, 1, 0, 1, 2, 0, 0, 1, 2, 0, 0, 1, 0, 0, 1, 2, 0]|[0, 3, 2, 2, 4, 1, 2, 2, 2, 4, 1, 1, 2, 4, 4, 1, 2, 4, 2, 1, 1, 1, 1, 2, 1, 2, 1, 1, 1, 1, 3, 3, 3, 0, 4, 0, 1, 1, 0, 3, 2, 2, 2, 0, 1, 1, 0, 4, 0, 1, 2, 2, 1, 4, 0, 3, 2, 1, 2, 1, 1, 3, 1, 1, 1, 0, 3, 4, 3, 1, 4, 1, 1, 0, 4, 1, 1, 1, 1, 1, 1, 3, 1, 1, 1, 1, 4, 1, 2, 1, 3, 1, 2, 2, 1, 2, 2, 4, 1, 1]|[0, 2, 1, 1, 3, 0, 1, 0, 0, 0, 0, 0, 1, 0, 1, 0, 0, 3, 1, 0, 0, 0, 3, 1, 0, 2, 0, 0, 0, 1, 0, 0, 0, 0, 3, 0, 1, 0, 0, 2, 1, 1, 1, 0, 0, 0, 0, 2, 1, 0, 0, 0, 1, 3, 0, 0, 1, 0, 1, 0, 0, 2, 0, 1, 0, 1, 2, 0, 0, 1, 1, 3, 1, 1, 3, 0, 0, 0, 0, 2, 0, 0, 0, 0, 1, 0, 0, 0, 1, 0, 2, 0, 1, 0, 1, 0, 0, 2, 0, 1],740.1000024547002,57245.26292476342,97017.87740826326,false
15,G4_BALANCED,G1_CMAX,[31, 22, 82, 15, 26, 58, 95, 42, 77, 12, 47, 5, 93, 78, 86, 54, 85, 63, 18, 44, 20, 35, 43, 97, 91, 76, 10, 30, 21, 45, 71, 64, 1, 23, 17, 83, 24, 14, 60, 36, 6, 57, 40, 88, 65, 56, 79, 94, 67, 68, 46, 75, 38, 9, 19, 32, 81, 41, 27, 62, 87, 90, 99, 59, 11, 16, 72, 73, 70, 39, 37, 84, 3, 92, 25, 34, 28, 29, 51, 7, 66, 61, 8, 48, 89, 50, 4, 96, 53, 80, 98, 33, 55, 2, 52, 13, 0, 69, 74, 49]|[1, 1, 0, 1, 1, 0, 1, 2, 2, 1, 2, 2, 2, 1, 1, 0, 0, 1, 0, 2, 2, 0, 1, 2, 0, 1, 2, 2, 0, 0, 1, 2, 1, 2, 1, 0, 2, 0, 1, 1, 0, 1, 1, 1, 0, 2, 1, 1, 0, 0, 0, 0, 1, 1, 2, 1, 2, 0, 0, 0, 2, 1, 0, 1, 2, 1, 2, 1, 1, 1, 1, 1, 1, 0, 1, 2, 0, 0, 0, 1, 2, 1, 1, 0, 1, 0, 1, 2, 0, 0, 2, 2, 2, 0, 1, 0, 0, 1, 2, 0]|[4, 3, 2, 2, 4, 1, 2, 2, 2, 4, 1, 1, 2, 4, 4, 1, 2, 4, 2, 1, 1, 1, 1, 2, 1, 2, 1, 1, 1, 1, 3, 2, 3, 1, 4, 0, 1, 1, 0, 3, 2, 2, 2, 0, 1, 1, 3, 4, 0, 1, 2, 2, 1, 4, 0, 3, 2, 1, 1, 2, 1, 3, 1, 1, 1, 3, 0, 4, 3, 1, 4, 1, 1, 0, 4, 1, 2, 1, 1, 3, 1, 3, 3, 1, 1, 1, 4, 1, 2, 1, 1, 1, 1, 2, 1, 2, 2, 4, 1, 1]|[0, 2, 1, 1, 3, 0, 1, 0, 0, 0, 0, 0, 1, 0, 1, 0, 0, 3, 1, 0, 0, 0, 3, 1, 0, 2, 0, 0, 0, 1, 0, 0, 0, 0, 3, 0, 1, 0, 0, 2, 1, 1, 1, 0, 0, 0, 2, 2, 1, 0, 0, 0, 1, 3, 0, 0, 1, 0, 0, 1, 0, 2, 0, 1, 0, 2, 1, 0, 0, 1, 1, 3, 1, 1, 3, 0, 1, 0, 0, 2, 0, 0, 2, 0, 1, 0, 0, 0, 1, 0, 0, 0, 0, 0, 1, 0, 0, 2, 0, 1],748.9199420531638,56461.69212372792,94710.90850254946,true
15,G2_TEC,G2_TEC,[31, 22, 82, 15, 26, 9, 95, 42, 77, 68, 47, 5, 93, 78, 86, 54, 85, 63, 18, 44, 20, 49, 36, 14, 74, 50, 53, 17, 21, 28, 71, 64, 3, 23, 30, 83, 24, 41, 40, 52, 65, 27, 90, 70, 39, 87, 48, 69, 99, 4, 46, 1, 13, 58, 97, 59, 45, 8, 73, 37, 35, 79, 11, 66, 76, 32, 60, 80, 96, 6, 16, 61, 33, 7, 57, 34, 12, 67, 10, 98, 56, 88, 29, 25, 91, 38, 19, 92, 43, 84, 51, 72, 81, 75, 2, 89, 0, 94, 55, 62]|[2, 1, 2, 1, 1, 2, 1, 1, 1, 1, 1, 0, 2, 2, 1, 2, 0, 0, 0, 2, 2, 1, 0, 2, 0, 2, 2, 1, 0, 1, 1, 1, 0, 0, 1, 0, 2, 1, 2, 2, 0, 0, 1, 1, 0, 2, 0, 2, 1, 0, 0, 2, 0, 0, 2, 0, 1, 1, 0, 0, 2, 1, 0, 2, 2, 0, 2, 2, 0, 1, 2, 1, 1, 2, 0, 1, 1, 1, 1, 2, 2, 1, 1, 1, 1, 0, 1, 0, 1, 0, 1, 1, 1, 0, 2, 1, 0, 2, 0, 1]|[0, 3, 0, 3, 4, 1, 4, 4, 2, 4, 3, 2, 1, 0, 2, 1, 1, 1, 2, 1, 1, 3, 0, 1, 0, 1, 1, 4, 1, 4, 3, 2, 2, 0, 4, 1, 1, 4, 0, 1, 2, 1, 4, 4, 1, 1, 0, 2, 3, 1, 2, 1, 2, 1, 1, 2, 4, 3, 0, 2, 2, 3, 1, 0, 1, 2, 0, 1, 2, 4, 1, 3, 4, 1, 2, 4, 3, 3, 3, 1, 1, 4, 3, 4, 3, 2, 4, 2, 4, 2, 3, 4, 1, 2, 1, 4, 2, 1, 2, 3]|[0, 2, 0, 0, 3, 0, 1, 3, 0, 0, 2, 0, 1, 0, 1, 0, 0, 0, 1, 0, 0, 2, 0, 0, 1, 0, 0, 3, 0, 1, 0, 2, 0, 0, 3, 0, 1, 3, 0, 0, 0, 0, 1, 3, 0, 0, 1, 0, 2, 0, 0, 0, 0, 0, 1, 0, 1, 0, 1, 1, 0, 2, 0, 0, 0, 0, 0, 0, 0, 2, 0, 0, 1, 0, 0, 1, 0, 0, 3, 0, 0, 1, 0, 3, 0, 0, 3, 0, 2, 0, 0, 2, 1, 0, 0, 1, 0, 0, 0, 0],889.0053545036524,50920.37616528636,113453.88510595518,false
15,G3_TWC,G1_CMAX,[31, 22, 82, 15, 26, 9, 95, 42, 77, 12, 47, 5, 93, 78, 86, 54, 6, 63, 18, 44, 20, 35, 43, 97, 91, 76, 10, 30, 21, 45, 64, 71, 1, 23, 17, 83, 24, 14, 60, 36, 85, 57, 40, 88, 65, 56, 79, 94, 39, 68, 46, 75, 38, 58, 19, 32, 81, 41, 27, 62, 87, 90, 99, 59, 11, 16, 72, 73, 70, 67, 37, 84, 3, 92, 25, 55, 28, 29, 51, 8, 66, 61, 98, 48, 89, 50, 7, 96, 53, 80, 4, 33, 34, 2, 52, 13, 0, 69, 74, 49]|[1, 1, 0, 1, 1, 0, 1, 2, 2, 1, 2, 2, 2, 1, 1, 0, 0, 1, 0, 2, 2, 0, 1, 2, 0, 1, 2, 2, 0, 0, 1, 2, 1, 2, 1, 0, 2, 0, 1, 1, 0, 1, 1, 1, 0, 2, 1, 1, 0, 0, 0, 0, 1, 1, 2, 1, 2, 0, 0, 0, 2, 1, 0, 1, 2, 1, 2, 1, 1, 1, 1, 1, 1, 0, 1, 1, 0, 0, 0, 1, 0, 1, 0, 0, 1, 0, 1, 2, 0, 0, 0, 0, 2, 0, 1, 0, 0, 1, 2, 0]|[4, 3, 2, 2, 4, 1, 2, 2, 2, 4, 1, 1, 2, 4, 4, 1, 2, 4, 2, 1, 1, 1, 1, 2, 1, 2, 1, 1, 1, 1, 3, 2, 3, 0, 4, 0, 1, 1, 0, 3, 2, 2, 2, 0, 1, 1, 0, 4, 0, 1, 2, 2, 1, 4, 0, 3, 2, 1, 1, 2, 1, 3, 1, 1, 1, 3, 0, 4, 3, 1, 4, 1, 1, 0, 4, 4, 2, 1, 1, 3, 1, 3, 1, 1, 1, 1, 1, 1, 2, 1, 2, 2, 1, 2, 1, 2, 2, 3, 1, 1]|[0, 2, 1, 1, 3, 0, 1, 0, 0, 0, 0, 0, 1, 0, 1, 0, 1, 3, 1, 0, 0, 0, 3, 1, 0, 2, 0, 0, 0, 1, 0, 0, 0, 0, 3, 0, 1, 0, 0, 2, 1, 1, 1, 0, 0, 0, 0, 2, 1, 0, 0, 0, 1, 3, 0, 0, 1, 0, 0, 1, 0, 2, 0, 1, 0, 2, 1, 0, 0, 1, 1, 3, 1, 1, 3, 3, 1, 0, 0, 2, 0, 0, 0, 0, 1, 0, 2, 0, 1, 0, 1, 1, 0, 0, 1, 0, 0, 0, 0, 1],824.1531664905515,57504.66170409152,92407.54974943638,true
15,G1_CMAX,G1_CMAX,[31, 22, 82, 15, 26, 9, 95, 42, 77, 12, 47, 5, 93, 78, 86, 54, 6, 63, 18, 44, 20, 35, 43, 97, 91, 76, 10, 30, 21, 45, 71, 64, 1, 23, 17, 83, 24, 14, 60, 36, 85, 57, 40, 88, 65, 56, 79, 94, 67, 68, 46, 75, 38, 58, 19, 32, 81, 41, 62, 87, 28, 90, 99, 59, 11, 72, 16, 73, 70, 39, 37, 84, 3, 92, 25, 34, 29, 55, 51, 7, 98, 61, 66, 48, 89, 50, 4, 96, 53, 80, 8, 33, 27, 2, 52, 13, 0, 69, 74, 49]|[1, 1, 0, 1, 1, 0, 1, 2, 2, 1, 2, 2, 2, 1, 1, 0, 0, 1, 0, 2, 2, 0, 1, 2, 2, 1, 2, 2, 0, 0, 1, 1, 1, 2, 1, 0, 2, 0, 1, 1, 0, 1, 1, 1, 0, 2, 1, 1, 0, 0, 0, 0, 1, 1, 2, 1, 2, 0, 0, 2, 2, 1, 0, 1, 2, 2, 1, 1, 1, 1, 1, 1, 1, 0, 1, 2, 0, 2, 0, 1, 2, 1, 0, 0, 1, 0, 1, 2, 0, 0, 1, 2, 0, 0, 1, 0, 0, 1, 2, 0]|[0, 3, 2, 2, 4, 1, 2, 2, 2, 4, 1, 1, 2, 4, 4, 1, 2, 4, 2, 1, 1, 1, 1, 2, 1, 2, 1, 1, 1, 1, 3, 3, 3, 0, 4, 0, 1, 1, 0, 3, 2, 2, 2, 0, 1, 1, 0, 4, 0, 1, 2, 2, 1, 4, 0, 3, 2, 1, 2, 1, 1, 3, 1, 1, 1, 0, 3, 4, 3, 1, 4, 1, 1, 0, 4, 1, 1, 1, 1, 1, 1, 3, 1, 1, 1, 1, 4, 1, 2, 1, 3, 1, 2, 2, 1, 2, 2, 4, 1, 1]|[0, 2, 1, 1, 3, 0, 1, 0, 0, 0, 0, 0, 1, 0, 1, 0, 0, 3, 1, 0, 0, 0, 3, 1, 0, 2, 0, 0, 0, 1, 0, 0, 0, 0, 3, 0, 1, 0, 0, 2, 1, 1, 1, 0, 0, 0, 0, 2, 1, 0, 0, 0, 1, 3, 0, 0, 1, 0, 1, 0, 0, 2, 0, 1, 0, 1, 2, 0, 0, 1, 1, 3, 1, 1, 3, 0, 0, 0, 0, 2, 0, 0, 0, 0, 1, 0, 0, 0, 1, 0, 2, 0, 1, 0, 1, 0, 0, 2, 0, 1],740.1000024547002,57245.26292476342,97017.87740826326,false
15,G4_BALANCED,G3_TWC,[31, 22, 82, 15, 26, 9, 95, 42, 77, 12, 47, 5, 93, 78, 86, 54, 85, 63, 18, 44, 20, 35, 43, 97, 91, 76, 10, 30, 21, 45, 71, 64, 1, 23, 17, 83, 24, 14, 60, 36, 41, 57, 40, 88, 65, 56, 79, 94, 67, 68, 46, 89, 38, 58, 19, 32, 81, 6, 27, 62, 87, 90, 99, 59, 11, 16, 72, 73, 70, 39, 37, 84, 3, 92, 25, 55, 28, 29, 51, 7, 33, 61, 98, 48, 75, 50, 8, 96, 53, 80, 4, 66, 34, 2, 52, 13, 0, 69, 74, 49]|[1, 1, 0, 1, 1, 0, 1, 2, 2, 1, 2, 2, 2, 1, 1, 0, 0, 1, 0, 2, 2, 0, 1, 2, 0, 1, 2, 2, 0, 0, 1, 2, 1, 1, 1, 0, 2, 0, 1, 1, 0, 1, 1, 1, 0, 2, 1, 1, 0, 0, 0, 1, 1, 0, 2, 1, 2, 0, 0, 0, 2, 1, 0, 1, 2, 1, 2, 1, 1, 1, 1, 1, 1, 0, 1, 1, 0, 0, 0, 1, 2, 1, 2, 0, 0, 0, 0, 0, 0, 0, 0, 2, 2, 0, 1, 0, 0, 1, 2, 0]|[4, 3, 2, 2, 4, 1, 2, 2, 2, 4, 1, 1, 2, 4, 4, 1, 2, 4, 2, 1, 1, 1, 1, 2, 1, 2, 1, 1, 1, 1, 3, 2, 3, 4, 4, 0, 1, 1, 0, 3, 2, 2, 2, 0, 1, 1, 0, 4, 0, 1, 2, 1, 1, 1, 0, 3, 2, 1, 1, 2, 1, 3, 1, 1, 1, 3, 0, 4, 3, 1, 4, 1, 1, 0, 4, 4, 2, 1, 1, 1, 1, 3, 1, 1, 2, 1, 1, 1, 2, 1, 2, 1, 1, 2, 1, 2, 2, 3, 1, 1]|[0, 2, 1, 1, 3, 0, 1, 1, 0, 0, 0, 0, 1, 0, 1, 0, 0, 3, 1, 0, 0, 0, 3, 1, 0, 2, 0, 0, 0, 1, 0, 0, 0, 3, 3, 0, 1, 0, 0, 2, 1, 1, 1, 0, 0, 0, 0, 2, 1, 0, 0, 1, 1, 0, 0, 0, 1, 0, 0, 1, 0, 2, 0, 1, 0, 2, 1, 0, 0, 1, 1, 3, 1, 1, 3, 3, 1, 0, 0, 2, 0, 0, 0, 0, 0, 0, 0, 0, 1, 0, 1, 0, 0, 0, 1, 0, 0, 0, 0, 1],868.0755710409927,58004.028093668894,91501.13854076371,true
15,G2_TEC,G2_TEC,[31, 22, 82, 15, 26, 9, 95, 42, 77, 68, 47, 5, 93, 78, 86, 54, 85, 63, 18, 44, 20, 49, 36, 14, 74, 50, 53, 17, 21, 28, 71, 64, 3, 23, 30, 83, 24, 41, 40, 52, 65, 27, 90, 70, 39, 87, 48, 69, 99, 4, 46, 1, 13, 58, 97, 59, 45, 8, 73, 37, 35, 79, 11, 66, 76, 32, 60, 80, 96, 6, 16, 61, 33, 7, 57, 34, 12, 67, 10, 98, 56, 88, 29, 25, 91, 38, 19, 92, 43, 84, 51, 72, 81, 75, 2, 89, 0, 94, 55, 62]|[2, 1, 2, 1, 1, 2, 1, 1, 1, 1, 1, 0, 2, 2, 1, 2, 0, 0, 0, 2, 2, 1, 0, 2, 0, 2, 2, 1, 0, 1, 1, 1, 0, 0, 1, 0, 2, 1, 2, 2, 0, 0, 1, 1, 0, 2, 0, 2, 1, 0, 0, 2, 0, 0, 2, 0, 1, 1, 0, 0, 2, 1, 0, 2, 2, 0, 2, 2, 0, 1, 2, 1, 1, 2, 0, 1, 1, 1, 1, 2, 2, 1, 1, 1, 1, 0, 1, 0, 1, 0, 1, 1, 1, 0, 2, 1, 0, 2, 0, 1]|[0, 3, 0, 3, 4, 1, 4, 4, 2, 4, 3, 2, 1, 0, 2, 1, 1, 1, 2, 1, 1, 3, 0, 1, 0, 1, 1, 4, 1, 4, 3, 2, 2, 0, 4, 1, 1, 4, 0, 1, 2, 1, 4, 4, 1, 1, 0, 2, 3, 1, 2, 1, 2, 1, 1, 2, 4, 3, 0, 2, 2, 3, 1, 0, 1, 2, 0, 1, 2, 4, 1, 3, 4, 1, 2, 4, 3, 3, 3, 1, 1, 4, 3, 4, 3, 2, 4, 2, 4, 2, 3, 4, 1, 2, 1, 4, 2, 1, 2, 3]|[0, 2, 0, 0, 3, 0, 1, 3, 0, 0, 2, 0, 1, 0, 1, 0, 0, 0, 1, 0, 0, 2, 0, 0, 1, 0, 0, 3, 0, 1, 0, 2, 0, 0, 3, 0, 1, 3, 0, 0, 0, 0, 1, 3, 0, 0, 1, 0, 2, 0, 0, 0, 0, 0, 1, 0, 1, 0, 1, 1, 0, 2, 0, 0, 0, 0, 0, 0, 0, 2, 0, 0, 1, 0, 0, 1, 0, 0, 3, 0, 0, 1, 0, 3, 0, 0, 3, 0, 2, 0, 0, 2, 1, 0, 0, 1, 0, 0, 0, 0],889.0053545036524,50920.37616528636,113453.88510595518,false
15,G3_TWC,G1_CMAX,[31, 22, 82, 15, 26, 9, 95, 42, 77, 12, 47, 5, 93, 78, 86, 54, 6, 63, 18, 44, 20, 35, 43, 97, 91, 76, 10, 30, 21, 45, 64, 71, 1, 23, 17, 83, 24, 14, 60, 36, 85, 57, 40, 88, 65, 56, 79, 94, 39, 68, 46, 75, 38, 58, 19, 32, 81, 41, 27, 62, 87, 90, 99, 59, 11, 16, 72, 73, 70, 67, 37, 84, 3, 92, 25, 55, 28, 29, 51, 8, 66, 61, 98, 48, 89, 50, 7, 96, 53, 80, 4, 33, 34, 2, 52, 13, 0, 69, 74, 49]|[1, 1, 0, 1, 1, 0, 1, 2, 2, 1, 2, 2, 2, 1, 1, 0, 0, 1, 0, 2, 2, 0, 1, 2, 0, 1, 2, 2, 0, 0, 1, 2, 1, 2, 1, 0, 2, 0, 1, 1, 0, 1, 1, 1, 0, 2, 1, 1, 0, 0, 0, 0, 1, 1, 2, 1, 2, 0, 0, 0, 2, 1, 0, 1, 2, 1, 2, 1, 1, 1, 1, 1, 1, 0, 1, 1, 0, 0, 0, 1, 0, 1, 0, 0, 1, 0, 1, 2, 0, 0, 0, 0, 2, 0, 1, 0, 0, 1, 2, 0]|[4, 3, 2, 2, 4, 1, 2, 2, 2, 4, 1, 1, 2, 4, 4, 1, 2, 4, 2, 1, 1, 1, 1, 2, 1, 2, 1, 1, 1, 1, 3, 2, 3, 0, 4, 0, 1, 1, 0, 3, 2, 2, 2, 0, 1, 1, 0, 4, 0, 1, 2, 2, 1, 4, 0, 3, 2, 1, 1, 2, 1, 3, 1, 1, 1, 3, 0, 4, 3, 1, 4, 1, 1, 0, 4, 4, 2, 1, 1, 3, 1, 3, 1, 1, 1, 1, 1, 1, 2, 1, 2, 2, 1, 2, 1, 2, 2, 3, 1, 1]|[0, 2, 1, 1, 3, 0, 1, 0, 0, 0, 0, 0, 1, 0, 1, 0, 1, 3, 1, 0, 0, 0, 3, 1, 0, 2, 0, 0, 0, 1, 0, 0, 0, 0, 3, 0, 1, 0, 0, 2, 1, 1, 1, 0, 0, 0, 0, 2, 1, 0, 0, 0, 1, 3, 0, 0, 1, 0, 0, 1, 0, 2, 0, 1, 0, 2, 1, 0, 0, 1, 1, 3, 1, 1, 3, 3, 1, 0, 0, 2, 0, 0, 0, 0, 1, 0, 2, 0, 1, 0, 1, 1, 0, 0, 1, 0, 0, 0, 0, 1],824.1531664905515,57504.66170409152,92407.54974943638,true
15,G1_CMAX,G1_CMAX,[31, 22, 82, 15, 26, 9, 95, 42, 77, 12, 47, 5, 93, 78, 86, 54, 6, 63, 18, 44, 20, 35, 43, 97, 91, 76, 10, 30, 21, 45, 71, 64, 1, 23, 17, 83, 24, 14, 60, 36, 85, 57, 40, 88, 65, 56, 79, 94, 67, 68, 46, 75, 38, 58, 19, 32, 81, 41, 62, 87, 28, 90, 99, 59, 11, 72, 16, 73, 70, 39, 37, 84, 3, 92, 25, 34, 29, 55, 51, 7, 98, 61, 66, 48, 89, 50, 4, 96, 53, 80, 8, 33, 27, 2, 52, 13, 0, 69, 74, 49]|[1, 1, 0, 1, 1, 0, 1, 2, 2, 1, 2, 2, 2, 1, 1, 0, 0, 1, 0, 2, 2, 0, 1, 2, 2, 1, 2, 2, 0, 0, 1, 1, 1, 2, 1, 0, 2, 0, 1, 1, 0, 1, 1, 1, 0, 2, 1, 1, 0, 0, 0, 0, 1, 1, 2, 1, 2, 0, 0, 2, 2, 1, 0, 1, 2, 2, 1, 1, 1, 1, 1, 1, 1, 0, 1, 2, 0, 2, 0, 1, 2, 1, 0, 0, 1, 0, 1, 2, 0, 0, 1, 2, 0, 0, 1, 0, 0, 1, 2, 0]|[0, 3, 2, 2, 4, 1, 2, 2, 2, 4, 1, 1, 2, 4, 4, 1, 2, 4, 2, 1, 1, 1, 1, 2, 1, 2, 1, 1, 1, 1, 3, 3, 3, 0, 4, 0, 1, 1, 0, 3, 2, 2, 2, 0, 1, 1, 0, 4, 0, 1, 2, 2, 1, 4, 0, 3, 2, 1, 2, 1, 1, 3, 1, 1, 1, 0, 3, 4, 3, 1, 4, 1, 1, 0, 4, 1, 1, 1, 1, 1, 1, 3, 1, 1, 1, 1, 4, 1, 2, 1, 3, 1, 2, 2, 1, 2, 2, 4, 1, 1]|[0, 2, 1, 1, 3, 0, 1, 0, 0, 0, 0, 0, 1, 0, 1, 0, 0, 3, 1, 0, 0, 0, 3, 1, 0, 2, 0, 0, 0, 1, 0, 0, 0, 0, 3, 0, 1, 0, 0, 2, 1, 1, 1, 0, 0, 0, 0, 2, 1, 0, 0, 0, 1, 3, 0, 0, 1, 0, 1, 0, 0, 2, 0, 1, 0, 1, 2, 0, 0, 1, 1, 3, 1, 1, 3, 0, 0, 0, 0, 2, 0, 0, 0, 0, 1, 0, 0, 0, 1, 0, 2, 0, 1, 0, 1, 0, 0, 2, 0, 1],740.1000024547002,57245.26292476342,97017.87740826326,false
15,G4_BALANCED,G4_BALANCED,[31, 22, 82, 15, 26, 58, 95, 42, 77, 12, 47, 5, 93, 78, 86, 54, 85, 63, 18, 44, 20, 35, 43, 97, 66, 76, 79, 30, 21, 45, 71, 64, 1, 23, 17, 83, 24, 14, 60, 36, 6, 57, 40, 88, 65, 56, 10, 94, 51, 68, 46, 75, 38, 9, 19, 32, 81, 41, 27, 62, 87, 90, 99, 59, 11, 16, 72, 73, 70, 39, 37, 84, 3, 92, 25, 34, 28, 29, 67, 7, 33, 61, 98, 48, 89, 50, 4, 96, 53, 80, 8, 91, 55, 2, 52, 13, 0, 69, 74, 49]|[1, 1, 0, 1, 1, 0, 1, 2, 2, 1, 2, 2, 2, 1, 1, 0, 0, 1, 0, 2, 2, 0, 1, 2, 0, 1, 2, 2, 0, 0, 1, 2, 1, 2, 1, 0, 2, 0, 1, 1, 0, 1, 1, 1, 0, 2, 2, 1, 0, 0, 0, 0, 1, 1, 2, 1, 2, 0, 0, 0, 2, 1, 0, 1, 2, 1, 2, 1, 1, 1, 1, 1, 1, 0, 1, 2, 0, 0, 0, 1, 2, 1, 2, 0, 1, 0, 1, 2, 0, 0, 0, 2, 2, 0, 1, 0, 0, 1, 2, 0]|[4, 3, 2, 2, 4, 1, 2, 2, 2, 4, 1, 1, 2, 4, 4, 1, 2, 4, 2, 1, 1, 1, 1, 2, 1, 2, 1, 1, 1, 1, 3, 2, 3, 1, 4, 0, 1, 1, 0, 3, 2, 2, 2, 0, 1, 1, 1, 4, 0, 1, 2, 2, 1, 4, 0, 3, 2, 1, 1, 2, 1, 3, 1, 1, 1, 3, 0, 4, 3, 1, 4, 1, 1, 0, 4, 1, 2, 1, 1, 1, 1, 3, 1, 1, 1, 1, 4, 1, 2, 1, 1, 1, 1, 2, 1, 2, 2, 4, 1, 1]|[0, 2, 1, 1, 3, 0, 1, 0, 0, 0, 0, 0, 1, 0, 1, 0, 0, 3, 1, 0, 0, 0, 3, 1, 0, 2, 0, 0, 0, 1, 0, 0, 0, 0, 3, 0, 1, 0, 0, 2, 1, 1, 1, 0, 0, 0, 0, 2, 1, 0, 0, 0, 1, 3, 0, 0, 1, 0, 0, 1, 0, 2, 0, 1, 0, 2, 1, 0, 0, 1, 1, 3, 1, 1, 3, 0, 1, 0, 0, 2, 0, 0, 0, 0, 1, 0, 0, 0, 1, 0, 0, 0, 0, 0, 1, 0, 0, 2, 0, 1],777.1078796202921,56064.70272036895,94627.71072912935,false
15,G2_TEC,G2_TEC,[31, 22, 82, 15, 26, 9, 95, 42, 77, 68, 47, 5, 93, 78, 86, 54, 85, 63, 18, 44, 20, 49, 36, 14, 74, 50, 53, 17, 21, 28, 71, 64, 3, 23, 30, 83, 24, 41, 40, 52, 65, 27, 90, 70, 39, 87, 48, 69, 99, 4, 46, 1, 13, 58, 97, 59, 45, 8, 73, 37, 35, 79, 11, 66, 76, 32, 60, 80, 96, 6, 16, 61, 33, 7, 57, 34, 12, 67, 10, 98, 56, 88, 29, 25, 91, 38, 19, 92, 43, 84, 51, 72, 81, 75, 2, 89, 0, 94, 55, 62]|[2, 1, 2, 1, 1, 2, 1, 1, 1, 1, 1, 0, 2, 2, 1, 2, 0, 0, 0, 2, 2, 1, 0, 2, 0, 2, 2, 1, 0, 1, 1, 1, 0, 0, 1, 0, 2, 1, 2, 2, 0, 0, 1, 1, 0, 2, 0, 2, 1, 0, 0, 2, 0, 0, 2, 0, 1, 1, 0, 0, 2, 1, 0, 2, 2, 0, 2, 2, 0, 1, 2, 1, 1, 2, 0, 1, 1, 1, 1, 2, 2, 1, 1, 1, 1, 0, 1, 0, 1, 0, 1, 1, 1, 0, 2, 1, 0, 2, 0, 1]|[0, 3, 0, 3, 4, 1, 4, 4, 2, 4, 3, 2, 1, 0, 2, 1, 1, 1, 2, 1, 1, 3, 0, 1, 0, 1, 1, 4, 1, 4, 3, 2, 2, 0, 4, 1, 1, 4, 0, 1, 2, 1, 4, 4, 1, 1, 0, 2, 3, 1, 2, 1, 2, 1, 1, 2, 4, 3, 0, 2, 2, 3, 1, 0, 1, 2, 0, 1, 2, 4, 1, 3, 4, 1, 2, 4, 3, 3, 3, 1, 1, 4, 3, 4, 3, 2, 4, 2, 4, 2, 3, 4, 1, 2, 1, 4, 2, 1, 2, 3]|[0, 2, 0, 0, 3, 0, 1, 3, 0, 0, 2, 0, 1, 0, 1, 0, 0, 0, 1, 0, 0, 2, 0, 0, 1, 0, 0, 3, 0, 1, 0, 2, 0, 0, 3, 0, 1, 3, 0, 0, 0, 0, 1, 3, 0, 0, 1, 0, 2, 0, 0, 0, 0, 0, 1, 0, 1, 0, 1, 1, 0, 2, 0, 0, 0, 0, 0, 0, 0, 2, 0, 0, 1, 0, 0, 1, 0, 0, 3, 0, 0, 1, 0, 3, 0, 0, 3, 0, 2, 0, 0, 2, 1, 0, 0, 1, 0, 0, 0, 0],889.0053545036524,50920.37616528636,113453.88510595518,false
15,G3_TWC,G1_CMAX,[31, 22, 82, 15, 26, 9, 95, 42, 77, 12, 47, 5, 93, 78, 86, 54, 6, 63, 18, 44, 20, 35, 43, 97, 91, 76, 10, 30, 21, 45, 64, 71, 1, 23, 17, 83, 24, 14, 60, 36, 85, 57, 40, 88, 65, 56, 79, 94, 39, 68, 46, 75, 38, 58, 19, 32, 81, 41, 27, 62, 87, 90, 99, 59, 11, 16, 72, 73, 70, 67, 37, 84, 3, 92, 25, 55, 28, 29, 51, 8, 66, 61, 98, 48, 89, 50, 7, 96, 53, 80, 4, 33, 34, 2, 52, 13, 0, 69, 74, 49]|[1, 1, 0, 1, 1, 0, 1, 2, 2, 1, 2, 2, 2, 1, 1, 0, 0, 1, 0, 2, 2, 0, 1, 2, 0, 1, 2, 2, 0, 0, 1, 2, 1, 2, 1, 0, 2, 0, 1, 1, 0, 1, 1, 1, 0, 2, 1, 1, 0, 0, 0, 0, 1, 1, 2, 1, 2, 0, 0, 0, 2, 1, 0, 1, 2, 1, 2, 1, 1, 1, 1, 1, 1, 0, 1, 1, 0, 0, 0, 1, 0, 1, 0, 0, 1, 0, 1, 2, 0, 0, 0, 0, 2, 0, 1, 0, 0, 1, 2, 0]|[4, 3, 2, 2, 4, 1, 2, 2, 2, 4, 1, 1, 2, 4, 4, 1, 2, 4, 2, 1, 1, 1, 1, 2, 1, 2, 1, 1, 1, 1, 3, 2, 3, 0, 4, 0, 1, 1, 0, 3, 2, 2, 2, 0, 1, 1, 0, 4, 0, 1, 2, 2, 1, 4, 0, 3, 2, 1, 1, 2, 1, 3, 1, 1, 1, 3, 0, 4, 3, 1, 4, 1, 1, 0, 4, 4, 2, 1, 1, 3, 1, 3, 1, 1, 1, 1, 1, 1, 2, 1, 2, 2, 1, 2, 1, 2, 2, 3, 1, 1]|[0, 2, 1, 1, 3, 0, 1, 0, 0, 0, 0, 0, 1, 0, 1, 0, 1, 3, 1, 0, 0, 0, 3, 1, 0, 2, 0, 0, 0, 1, 0, 0, 0, 0, 3, 0, 1, 0, 0, 2, 1, 1, 1, 0, 0, 0, 0, 2, 1, 0, 0, 0, 1, 3, 0, 0, 1, 0, 0, 1, 0, 2, 0, 1, 0, 2, 1, 0, 0, 1, 1, 3, 1, 1, 3, 3, 1, 0, 0, 2, 0, 0, 0, 0, 1, 0, 2, 0, 1, 0, 1, 1, 0, 0, 1, 0, 0, 0, 0, 1],824.1531664905515,57504.66170409152,92407.54974943638,true
15,G1_CMAX,G1_CMAX,[31, 22, 82, 15, 26, 9, 95, 42, 77, 12, 47, 5, 93, 78, 86, 54, 6, 63, 18, 44, 20, 35, 43, 97, 91, 76, 10, 30, 21, 45, 71, 64, 1, 23, 17, 83, 24, 14, 60, 36, 85, 57, 40, 88, 65, 56, 79, 94, 67, 68, 46, 75, 38, 58, 19, 32, 81, 41, 62, 87, 28, 90, 99, 59, 11, 72, 16, 73, 70, 39, 37, 84, 3, 92, 25, 34, 29, 55, 51, 7, 98, 61, 66, 48, 89, 50, 4, 96, 53, 80, 8, 33, 27, 2, 52, 13, 0, 69, 74, 49]|[1, 1, 0, 1, 1, 0, 1, 2, 2, 1, 2, 2, 2, 1, 1, 0, 0, 1, 0, 2, 2, 0, 1, 2, 2, 1, 2, 2, 0, 0, 1, 1, 1, 2, 1, 0, 2, 0, 1, 1, 0, 1, 1, 1, 0, 2, 1, 1, 0, 0, 0, 0, 1, 1, 2, 1, 2, 0, 0, 2, 2, 1, 0, 1, 2, 2, 1, 1, 1, 1, 1, 1, 1, 0, 1, 2, 0, 2, 0, 1, 2, 1, 0, 0, 1, 0, 1, 2, 0, 0, 1, 2, 0, 0, 1, 0, 0, 1, 2, 0]|[0, 3, 2, 2, 4, 1, 2, 2, 2, 4, 1, 1, 2, 4, 4, 1, 2, 4, 2, 1, 1, 1, 1, 2, 1, 2, 1, 1, 1, 1, 3, 3, 3, 0, 4, 0, 1, 1, 0, 3, 2, 2, 2, 0, 1, 1, 0, 4, 0, 1, 2, 2, 1, 4, 0, 3, 2, 1, 2, 1, 1, 3, 1, 1, 1, 0, 3, 4, 3, 1, 4, 1, 1, 0, 4, 1, 1, 1, 1, 1, 1, 3, 1, 1, 1, 1, 4, 1, 2, 1, 3, 1, 2, 2, 1, 2, 2, 4, 1, 1]|[0, 2, 1, 1, 3, 0, 1, 0, 0, 0, 0, 0, 1, 0, 1, 0, 0, 3, 1, 0, 0, 0, 3, 1, 0, 2, 0, 0, 0, 1, 0, 0, 0, 0, 3, 0, 1, 0, 0, 2, 1, 1, 1, 0, 0, 0, 0, 2, 1, 0, 0, 0, 1, 3, 0, 0, 1, 0, 1, 0, 0, 2, 0, 1, 0, 1, 2, 0, 0, 1, 1, 3, 1, 1, 3, 0, 0, 0, 0, 2, 0, 0, 0, 0, 1, 0, 0, 0, 1, 0, 2, 0, 1, 0, 1, 0, 0, 2, 0, 1],740.1000024547002,57245.26292476342,97017.87740826326,false
15,G4_BALANCED,G4_BALANCED,[31, 22, 82, 15, 26, 58, 95, 42, 77, 12, 47, 5, 93, 78, 86, 54, 85, 63, 18, 44, 20, 35, 43, 97, 66, 76, 10, 30, 21, 45, 71, 1, 23, 64, 17, 83, 24, 14, 60, 36, 6, 57, 40, 88, 65, 56, 79, 94, 67, 68, 46, 75, 38, 9, 19, 32, 81, 41, 62, 87, 90, 99, 59, 27, 11, 16, 72, 73, 70, 39, 37, 84, 3, 92, 25, 28, 29, 8, 51, 7, 98, 61, 91, 48, 89, 50, 4, 96, 53, 80, 55, 33, 34, 2, 52, 13, 0, 69, 74, 49]|[1, 1, 0, 1, 1, 0, 1, 2, 2, 1, 2, 2, 2, 1, 1, 0, 0, 1, 2, 2, 2, 0, 1, 2, 2, 1, 2, 2, 0, 0, 1, 1, 2, 2, 1, 0, 2, 0, 1, 1, 0, 1, 1, 1, 0, 2, 1, 1, 0, 0, 0, 0, 1, 1, 2, 1, 2, 0, 0, 2, 1, 0, 1, 0, 2, 1, 2, 1, 1, 1, 1, 1, 1, 0, 1, 2, 0, 0, 0, 1, 2, 1, 0, 0, 1, 0, 1, 2, 0, 0, 2, 2, 2, 0, 1, 0, 0, 1, 2, 0]|[4, 3, 2, 2, 4, 1, 2, 2, 2, 4, 1, 1, 2, 4, 4, 1, 2, 4, 2, 1, 1, 1, 1, 2, 1, 2, 1, 1, 1, 1, 3, 3, 1, 1, 4, 0, 1, 1, 0, 3, 2, 2, 2, 0, 1, 1, 0, 4, 0, 1, 2, 2, 1, 4, 0, 3, 2, 1, 2, 1, 3, 1, 1, 1, 1, 3, 0, 4, 3, 1, 4, 1, 1, 0, 4, 1, 1, 2, 1, 1, 1, 3, 1, 1, 1, 1, 4, 1, 1, 1, 1, 1, 1, 2, 1, 2, 2, 4, 1, 1]|[0, 2, 1, 1, 3, 0, 1, 0, 0, 0, 0, 0, 1, 0, 1, 0, 0, 3, 0, 0, 0, 0, 3, 1, 0, 2, 0, 0, 0, 1, 0, 0, 0, 0, 3, 0, 1, 0, 0, 2, 0, 1, 1, 0, 0, 0, 0, 2, 1, 0, 0, 0, 1, 3, 0, 0, 1, 0, 1, 0, 2, 0, 1, 0, 0, 2, 1, 0, 0, 1, 1, 3, 1, 1, 3, 0, 0, 1, 0, 2, 0, 0, 0, 0, 1, 0, 0, 0, 0, 0, 0, 0, 0, 0, 1, 0, 0, 2, 0, 1],837.9598591539541,55346.943893178395,103312.81288424127,false
15,G2_TEC,G2_TEC,[31, 22, 82, 15, 26, 9, 95, 42, 77, 68, 47, 5, 93, 78, 86, 54, 85, 63, 18, 44, 20, 49, 36, 14, 74, 50, 53, 17, 21, 28, 71, 64, 3, 23, 30, 83, 24, 41, 40, 52, 65, 27, 90, 70, 39, 87, 48, 69, 99, 4, 46, 1, 13, 58, 97, 59, 45, 8, 73, 37, 35, 79, 11, 66, 76, 32, 60, 80, 96, 6, 16, 61, 33, 7, 57, 34, 12, 67, 10, 98, 56, 88, 29, 25, 91, 38, 19, 92, 43, 84, 51, 72, 81, 75, 2, 89, 0, 94, 55, 62]|[2, 1, 2, 1, 1, 2, 1, 1, 1, 1, 1, 0, 2, 2, 1, 2, 0, 0, 0, 2, 2, 1, 0, 2, 0, 2, 2, 1, 0, 1, 1, 1, 0, 0, 1, 0, 2, 1, 2, 2, 0, 0, 1, 1, 0, 2, 0, 2, 1, 0, 0, 2, 0, 0, 2, 0, 1, 1, 0, 0, 2, 1, 0, 2, 2, 0, 2, 2, 0, 1, 2, 1, 1, 2, 0, 1, 1, 1, 1, 2, 2, 1, 1, 1, 1, 0, 1, 0, 1, 0, 1, 1, 1, 0, 2, 1, 0, 2, 0, 1]|[0, 3, 0, 3, 4, 1, 4, 4, 2, 4, 3, 2, 1, 0, 2, 1, 1, 1, 2, 1, 1, 3, 0, 1, 0, 1, 1, 4, 1, 4, 3, 2, 2, 0, 4, 1, 1, 4, 0, 1, 2, 1, 4, 4, 1, 1, 0, 2, 3, 1, 2, 1, 2, 1, 1, 2, 4, 3, 0, 2, 2, 3, 1, 0, 1, 2, 0, 1, 2, 4, 1, 3, 4, 1, 2, 4, 3, 3, 3, 1, 1, 4, 3, 4, 3, 2, 4, 2, 4, 2, 3, 4, 1, 2, 1, 4, 2, 1, 2, 3]|[0, 2, 0, 0, 3, 0, 1, 3, 0, 0, 2, 0, 1, 0, 1, 0, 0, 0, 1, 0, 0, 2, 0, 0, 1, 0, 0, 3, 0, 1, 0, 2, 0, 0, 3, 0, 1, 3, 0, 0, 0, 0, 1, 3, 0, 0, 1, 0, 2, 0, 0, 0, 0, 0, 1, 0, 1, 0, 1, 1, 0, 2, 0, 0, 0, 0, 0, 0, 0, 2, 0, 0, 1, 0, 0, 1, 0, 0, 3, 0, 0, 1, 0, 3, 0, 0, 3, 0, 2, 0, 0, 2, 1, 0, 0, 1, 0, 0, 0, 0],889.0053545036524,50920.37616528636,113453.88510595518,false
15,G3_TWC,G1_CMAX,[31, 22, 82, 15, 26, 9, 95, 42, 77, 12, 47, 5, 93, 78, 86, 54, 6, 63, 18, 44, 20, 35, 43, 97, 91, 76, 10, 30, 21, 45, 64, 71, 1, 23, 17, 83, 24, 14, 60, 36, 85, 57, 40, 88, 65, 56, 79, 94, 39, 68, 46, 75, 38, 58, 19, 32, 81, 41, 27, 62, 87, 90, 99, 59, 11, 16, 72, 73, 70, 67, 37, 84, 3, 92, 25, 55, 28, 29, 51, 8, 66, 61, 98, 48, 89, 50, 7, 96, 53, 80, 4, 33, 34, 2, 52, 13, 0, 69, 74, 49]|[1, 1, 0, 1, 1, 0, 1, 2, 2, 1, 2, 2, 2, 1, 1, 0, 0, 1, 0, 2, 2, 0, 1, 2, 0, 1, 2, 2, 0, 0, 1, 2, 1, 2, 1, 0, 2, 0, 1, 1, 0, 1, 1, 1, 0, 2, 1, 1, 0, 0, 0, 0, 1, 1, 2, 1, 2, 0, 0, 0, 2, 1, 0, 1, 2, 1, 2, 1, 1, 1, 1, 1, 1, 0, 1, 1, 0, 0, 0, 1, 0, 1, 0, 0, 1, 0, 1, 2, 0, 0, 0, 0, 2, 0, 1, 0, 0, 1, 2, 0]|[4, 3, 2, 2, 4, 1, 2, 2, 2, 4, 1, 1, 2, 4, 4, 1, 2, 4, 2, 1, 1, 1, 1, 2, 1, 2, 1, 1, 1, 1, 3, 2, 3, 0, 4, 0, 1, 1, 0, 3, 2, 2, 2, 0, 1, 1, 0, 4, 0, 1, 2, 2, 1, 4, 0, 3, 2, 1, 1, 2, 1, 3, 1, 1, 1, 3, 0, 4, 3, 1, 4, 1, 1, 0, 4, 4, 2, 1, 1, 3, 1, 3, 1, 1, 1, 1, 1, 1, 2, 1, 2, 2, 1, 2, 1, 2, 2, 3, 1, 1]|[0, 2, 1, 1, 3, 0, 1, 0, 0, 0, 0, 0, 1, 0, 1, 0, 1, 3, 1, 0, 0, 0, 3, 1, 0, 2, 0, 0, 0, 1, 0, 0, 0, 0, 3, 0, 1, 0, 0, 2, 1, 1, 1, 0, 0, 0, 0, 2, 1, 0, 0, 0, 1, 3, 0, 0, 1, 0, 0, 1, 0, 2, 0, 1, 0, 2, 1, 0, 0, 1, 1, 3, 1, 1, 3, 3, 1, 0, 0, 2, 0, 0, 0, 0, 1, 0, 2, 0, 1, 0, 1, 1, 0, 0, 1, 0, 0, 0, 0, 1],824.1531664905515,57504.66170409152,92407.54974943638,true
15,G1_CMAX,G1_CMAX,[31, 22, 82, 15, 26, 9, 95, 42, 77, 12, 47, 5, 93, 78, 86, 54, 6, 63, 18, 44, 20, 35, 43, 97, 91, 76, 10, 30, 21, 45, 71, 64, 1, 23, 17, 83, 24, 14, 60, 36, 85, 57, 40, 88, 65, 56, 79, 94, 67, 68, 46, 75, 38, 58, 19, 32, 81, 41, 62, 87, 28, 90, 99, 59, 11, 72, 16, 73, 70, 39, 37, 84, 3, 92, 25, 34, 29, 55, 51, 7, 98, 61, 66, 48, 89, 50, 4, 96, 53, 80, 8, 33, 27, 2, 52, 13, 0, 69, 74, 49]|[1, 1, 0, 1, 1, 0, 1, 2, 2, 1, 2, 2, 2, 1, 1, 0, 0, 1, 0, 2, 2, 0, 1, 2, 2, 1, 2, 2, 0, 0, 1, 1, 1, 2, 1, 0, 2, 0, 1, 1, 0, 1, 1, 1, 0, 2, 1, 1, 0, 0, 0, 0, 1, 1, 2, 1, 2, 0, 0, 2, 2, 1, 0, 1, 2, 2, 1, 1, 1, 1, 1, 1, 1, 0, 1, 2, 0, 2, 0, 1, 2, 1, 0, 0, 1, 0, 1, 2, 0, 0, 1, 2, 0, 0, 1, 0, 0, 1, 2, 0]|[0, 3, 2, 2, 4, 1, 2, 2, 2, 4, 1, 1, 2, 4, 4, 1, 2, 4, 2, 1, 1, 1, 1, 2, 1, 2, 1, 1, 1, 1, 3, 3, 3, 0, 4, 0, 1, 1, 0, 3, 2, 2, 2, 0, 1, 1, 0, 4, 0, 1, 2, 2, 1, 4, 0, 3, 2, 1, 2, 1, 1, 3, 1, 1, 1, 0, 3, 4, 3, 1, 4, 1, 1, 0, 4, 1, 1, 1, 1, 1, 1, 3, 1, 1, 1, 1, 4, 1, 2, 1, 3, 1, 2, 2, 1, 2, 2, 4, 1, 1]|[0, 2, 1, 1, 3, 0, 1, 0, 0, 0, 0, 0, 1, 0, 1, 0, 0, 3, 1, 0, 0, 0, 3, 1, 0, 2, 0, 0, 0, 1, 0, 0, 0, 0, 3, 0, 1, 0, 0, 2, 1, 1, 1, 0, 0, 0, 0, 2, 1, 0, 0, 0, 1, 3, 0, 0, 1, 0, 1, 0, 0, 2, 0, 1, 0, 1, 2, 0, 0, 1, 1, 3, 1, 1, 3, 0, 0, 0, 0, 2, 0, 0, 0, 0, 1, 0, 0, 0, 1, 0, 2, 0, 1, 0, 1, 0, 0, 2, 0, 1],740.1000024547002,57245.26292476342,97017.87740826326,false
15,G4_BALANCED,G4_BALANCED,[31, 11, 82, 15, 26, 9, 95, 42, 77, 68, 47, 5, 93, 78, 86, 54, 85, 63, 18, 44, 20, 49, 36, 14, 74, 50, 53, 17, 21, 45, 71, 64, 3, 23, 30, 83, 24, 41, 60, 52, 65, 27, 90, 70, 39, 87, 48, 69, 99, 4, 46, 1, 13, 58, 97, 59, 28, 75, 73, 37, 35, 79, 22, 66, 76, 32, 40, 80, 96, 6, 16, 61, 33, 7, 57, 34, 12, 67, 10, 98, 56, 88, 29, 8, 91, 43, 19, 92, 38, 84, 51, 72, 81, 25, 2, 55, 0, 94, 89, 62]|[2, 1, 2, 1, 1, 2, 1, 1, 1, 1, 1, 0, 2, 2, 1, 2, 0, 0, 0, 2, 2, 1, 0, 2, 0, 2, 2, 1, 0, 1, 1, 1, 0, 0, 1, 0, 2, 1, 2, 2, 0, 0, 1, 1, 0, 2, 0, 2, 1, 0, 0, 2, 0, 0, 2, 0, 1, 0, 0, 0, 2, 1, 0, 2, 2, 0, 2, 2, 0, 1, 2, 1, 1, 2, 0, 1, 1, 1, 1, 2, 2, 1, 1, 1, 1, 1, 1, 0, 0, 0, 1, 1, 1, 1, 2, 0, 0, 2, 1, 1]|[0, 3, 0, 2, 4, 1, 4, 4, 2, 4, 3, 2, 1, 0, 2, 1, 1, 1, 2, 1, 1, 3, 0, 1, 0, 1, 1, 4, 1, 4, 3, 2, 2, 0, 4, 1, 1, 4, 0, 1, 2, 1, 4, 4, 1, 1, 0, 2, 3, 1, 2, 1, 2, 1, 1, 2, 4, 2, 0, 2, 2, 3, 1, 0, 1, 2, 0, 1, 2, 4, 1, 3, 4, 1, 2, 4, 3, 3, 3, 1, 1, 4, 3, 3, 3, 4, 4, 2, 2, 2, 3, 4, 1, 4, 1, 2, 2, 1, 4, 3]|[0, 2, 0, 1, 3, 0, 1, 3, 0, 0, 2, 0, 1, 0, 1, 0, 0, 0, 1, 0, 0, 2, 0, 0, 1, 0, 0, 3, 0, 1, 0, 2, 0, 1, 3, 0, 1, 3, 1, 0, 0, 0, 1, 3, 0, 0, 1, 0, 2, 0, 0, 0, 0, 0, 1, 0, 1, 0, 1, 1, 0, 2, 0, 0, 0, 0, 0, 0, 0, 2, 0, 0, 1, 0, 0, 1, 0, 0, 3, 0, 0, 1, 0, 0, 0, 2, 3, 0, 0, 0, 0, 2, 1, 3, 0, 0, 0, 0, 1, 0],841.059703557273,52360.47579375201,108166.55869875997,false
15,G2_TEC,G2_TEC,[31, 22, 82, 15, 26, 9, 95, 42, 77, 68, 47, 5, 93, 78, 86, 54, 85, 63, 18, 44, 20, 49, 36, 14, 74, 50, 53, 17, 21, 28, 71, 64, 3, 23, 30, 83, 24, 41, 40, 52, 65, 27, 90, 70, 39, 87, 48, 69, 99, 4, 46, 1, 13, 58, 97, 59, 45, 8, 73, 37, 35, 79, 11, 66, 76, 32, 60, 80, 96, 6, 16, 61, 33, 7, 57, 34, 12, 67, 10, 98, 56, 88, 29, 25, 91, 38, 19, 92, 43, 84, 51, 72, 81, 75, 2, 89, 0, 94, 55, 62]|[2, 1, 2, 1, 1, 2, 1, 1, 1, 1, 1, 0, 2, 2, 1, 2, 0, 0, 0, 2, 2, 1, 0, 2, 0, 2, 2, 1, 0, 1, 1, 1, 0, 0, 1, 0, 2, 1, 2, 2, 0, 0, 1, 1, 0, 2, 0, 2, 1, 0, 0, 2, 0, 0, 2, 0, 1, 1, 0, 0, 2, 1, 0, 2, 2, 0, 2, 2, 0, 1, 2, 1, 1, 2, 0, 1, 1, 1, 1, 2, 2, 1, 1, 1, 1, 0, 1, 0, 1, 0, 1, 1, 1, 0, 2, 1, 0, 2, 0, 1]|[0, 3, 0, 3, 4, 1, 4, 4, 2, 4, 3, 2, 1, 0, 2, 1, 1, 1, 2, 1, 1, 3, 0, 1, 0, 1, 1, 4, 1, 4, 3, 2, 2, 0, 4, 1, 1, 4, 0, 1, 2, 1, 4, 4, 1, 1, 0, 2, 3, 1, 2, 1, 2, 1, 1, 2, 4, 3, 0, 2, 2, 3, 1, 0, 1, 2, 0, 1, 2, 4, 1, 3, 4, 1, 2, 4, 3, 3, 3, 1, 1, 4, 3, 4, 3, 2, 4, 2, 4, 2, 3, 4, 1, 2, 1, 4, 2, 1, 2, 3]|[0, 2, 0, 0, 3, 0, 1, 3, 0, 0, 2, 0, 1, 0, 1, 0, 0, 0, 1, 0, 0, 2, 0, 0, 1, 0, 0, 3, 0, 1, 0, 2, 0, 0, 3, 0, 1, 3, 0, 0, 0, 0, 1, 3, 0, 0, 1, 0, 2, 0, 0, 0, 0, 0, 1, 0, 1, 0, 1, 1, 0, 2, 0, 0, 0, 0, 0, 0, 0, 2, 0, 0, 1, 0, 0, 1, 0, 0, 3, 0, 0, 1, 0, 3, 0, 0, 3, 0, 2, 0, 0, 2, 1, 0, 0, 1, 0, 0, 0, 0],889.0053545036524,50920.37616528636,113453.88510595518,false
15,G3_TWC,G1_CMAX,[31, 22, 82, 15, 26, 9, 95, 42, 77, 12, 47, 5, 93, 78, 86, 54, 6, 63, 18, 44, 20, 35, 43, 97, 91, 76, 10, 30, 21, 45, 64, 71, 1, 23, 17, 83, 24, 14, 60, 36, 85, 57, 40, 88, 65, 56, 79, 94, 39, 68, 46, 75, 38, 58, 19, 32, 81, 41, 27, 62, 87, 90, 99, 59, 11, 16, 72, 73, 70, 67, 37, 84, 3, 92, 25, 55, 28, 29, 51, 8, 66, 61, 98, 48, 89, 50, 7, 96, 53, 80, 4, 33, 34, 2, 52, 13, 0, 69, 74, 49]|[1, 1, 0, 1, 1, 0, 1, 2, 2, 1, 2, 2, 2, 1, 1, 0, 0, 1, 0, 2, 2, 0, 1, 2, 0, 1, 2, 2, 0, 0, 1, 2, 1, 2, 1, 0, 2, 0, 1, 1, 0, 1, 1, 1, 0, 2, 1, 1, 0, 0, 0, 0, 1, 1, 2, 1, 2, 0, 0, 0, 2, 1, 0, 1, 2, 1, 2, 1, 1, 1, 1, 1, 1, 0, 1, 1, 0, 0, 0, 1, 0, 1, 0, 0, 1, 0, 1, 2, 0, 0, 0, 0, 2, 0, 1, 0, 0, 1, 2, 0]|[4, 3, 2, 2, 4, 1, 2, 2, 2, 4, 1, 1, 2, 4, 4, 1, 2, 4, 2, 1, 1, 1, 1, 2, 1, 2, 1, 1, 1, 1, 3, 2, 3, 0, 4, 0, 1, 1, 0, 3, 2, 2, 2, 0, 1, 1, 0, 4, 0, 1, 2, 2, 1, 4, 0, 3, 2, 1, 1, 2, 1, 3, 1, 1, 1, 3, 0, 4, 3, 1, 4, 1, 1, 0, 4, 4, 2, 1, 1, 3, 1, 3, 1, 1, 1, 1, 1, 1, 2, 1, 2, 2, 1, 2, 1, 2, 2, 3, 1, 1]|[0, 2, 1, 1, 3, 0, 1, 0, 0, 0, 0, 0, 1, 0, 1, 0, 1, 3, 1, 0, 0, 0, 3, 1, 0, 2, 0, 0, 0, 1, 0, 0, 0, 0, 3, 0, 1, 0, 0, 2, 1, 1, 1, 0, 0, 0, 0, 2, 1, 0, 0, 0, 1, 3, 0, 0, 1, 0, 0, 1, 0, 2, 0, 1, 0, 2, 1, 0, 0, 1, 1, 3, 1, 1, 3, 3, 1, 0, 0, 2, 0, 0, 0, 0, 1, 0, 2, 0, 1, 0, 1, 1, 0, 0, 1, 0, 0, 0, 0, 1],824.1531664905515,57504.66170409152,92407.54974943638,true
15,G1_CMAX,G1_CMAX,[31, 22, 82, 15, 26, 9, 95, 42, 77, 12, 47, 5, 93, 78, 86, 54, 6, 63, 18, 44, 20, 35, 43, 97, 91, 76, 10, 30, 21, 45, 71, 64, 1, 23, 17, 83, 24, 14, 60, 36, 85, 57, 40, 88, 65, 56, 79, 94, 67, 68, 46, 75, 38, 58, 19, 32, 81, 41, 62, 87, 28, 90, 99, 59, 11, 72, 16, 73, 70, 39, 37, 84, 3, 92, 25, 34, 29, 55, 51, 7, 98, 61, 66, 48, 89, 50, 4, 96, 53, 80, 8, 33, 27, 2, 52, 13, 0, 69, 74, 49]|[1, 1, 0, 1, 1, 0, 1, 2, 2, 1, 2, 2, 2, 1, 1, 0, 0, 1, 0, 2, 2, 0, 1, 2, 2, 1, 2, 2, 0, 0, 1, 1, 1, 2, 1, 0, 2, 0, 1, 1, 0, 1, 1, 1, 0, 2, 1, 1, 0, 0, 0, 0, 1, 1, 2, 1, 2, 0, 0, 2, 2, 1, 0, 1, 2, 2, 1, 1, 1, 1, 1, 1, 1, 0, 1, 2, 0, 2, 0, 1, 2, 1, 0, 0, 1, 0, 1, 2, 0, 0, 1, 2, 0, 0, 1, 0, 0, 1, 2, 0]|[0, 3, 2, 2, 4, 1, 2, 2, 2, 4, 1, 1, 2, 4, 4, 1, 2, 4, 2, 1, 1, 1, 1, 2, 1, 2, 1, 1, 1, 1, 3, 3, 3, 0, 4, 0, 1, 1, 0, 3, 2, 2, 2, 0, 1, 1, 0, 4, 0, 1, 2, 2, 1, 4, 0, 3, 2, 1, 2, 1, 1, 3, 1, 1, 1, 0, 3, 4, 3, 1, 4, 1, 1, 0, 4, 1, 1, 1, 1, 1, 1, 3, 1, 1, 1, 1, 4, 1, 2, 1, 3, 1, 2, 2, 1, 2, 2, 4, 1, 1]|[0, 2, 1, 1, 3, 0, 1, 0, 0, 0, 0, 0, 1, 0, 1, 0, 0, 3, 1, 0, 0, 0, 3, 1, 0, 2, 0, 0, 0, 1, 0, 0, 0, 0, 3, 0, 1, 0, 0, 2, 1, 1, 1, 0, 0, 0, 0, 2, 1, 0, 0, 0, 1, 3, 0, 0, 1, 0, 1, 0, 0, 2, 0, 1, 0, 1, 2, 0, 0, 1, 1, 3, 1, 1, 3, 0, 0, 0, 0, 2, 0, 0, 0, 0, 1, 0, 0, 0, 1, 0, 2, 0, 1, 0, 1, 0, 0, 2, 0, 1],740.1000024547002,57245.26292476342,97017.87740826326,false
15,G4_BALANCED,G3_TWC,[31, 22, 82, 15, 26, 9, 95, 42, 77, 12, 47, 5, 93, 78, 86, 54, 85, 63, 18, 44, 20, 35, 43, 97, 91, 76, 10, 30, 21, 45, 71, 64, 1, 23, 17, 83, 24, 14, 60, 36, 41, 57, 40, 88, 65, 56, 79, 94, 67, 68, 46, 89, 38, 58, 19, 32, 81, 6, 27, 62, 87, 90, 99, 59, 11, 16, 72, 73, 70, 39, 37, 84, 3, 92, 25, 55, 28, 29, 51, 7, 33, 61, 98, 48, 75, 50, 8, 96, 53, 80, 4, 66, 34, 2, 52, 13, 0, 69, 74, 49]|[1, 1, 0, 1, 1, 0, 1, 2, 2, 1, 2, 2, 2, 1, 1, 0, 0, 1, 0, 2, 2, 0, 1, 2, 0, 1, 2, 2, 0, 0, 1, 2, 1, 1, 1, 0, 2, 0, 1, 1, 0, 1, 1, 1, 0, 2, 1, 1, 0, 0, 0, 1, 1, 0, 2, 1, 2, 0, 0, 0, 2, 1, 0, 1, 2, 1, 2, 1, 1, 1, 1, 1, 1, 0, 1, 1, 0, 0, 0, 1, 2, 1, 2, 0, 0, 0, 0, 0, 0, 0, 0, 2, 2, 0, 1, 0, 0, 1, 2, 0]|[4, 3, 2, 2, 4, 1, 2, 2, 2, 4, 1, 1, 2, 4, 4, 1, 2, 4, 2, 1, 1, 1, 1, 2, 1, 2, 1, 1, 1, 1, 3, 2, 3, 4, 4, 0, 1, 1, 0, 3, 2, 2, 2, 0, 1, 1, 0, 4, 0, 1, 2, 1, 1, 1, 0, 3, 2, 1, 1, 2, 1, 3, 1, 1, 1, 3, 0, 4, 3, 1, 4, 1, 1, 0, 4, 4, 2, 1, 1, 1, 1, 3, 1, 1, 2, 1, 1, 1, 2, 1, 2, 1, 1, 2, 1, 2, 2, 3, 1, 1]|[0, 2, 1, 1, 3, 0, 1, 1, 0, 0, 0, 0, 1, 0, 1, 0, 0, 3, 1, 0, 0, 0, 3, 1, 0, 2, 0, 0, 0, 1, 0, 0, 0, 3, 3, 0, 1, 0, 0, 2, 1, 1, 1, 0, 0, 0, 0, 2, 1, 0, 0, 1, 1, 0, 0, 0, 1, 0, 0, 1, 0, 2, 0, 1, 0, 2, 1, 0, 0, 1, 1, 3, 1, 1, 3, 3, 1, 0, 0, 2, 0, 0, 0, 0, 0, 0, 0, 0, 1, 0, 1, 0, 0, 0, 1, 0, 0, 0, 0, 1],868.0755710409927,58004.028093668894,91501.13854076371,true
15,G2_TEC,G2_TEC,[31, 22, 82, 15, 26, 9, 95, 42, 77, 68, 47, 5, 93, 78, 86, 54, 85, 63, 18, 44, 20, 49, 36, 14, 74, 50, 53, 17, 21, 28, 71, 64, 3, 23, 30, 83, 24, 41, 40, 52, 65, 27, 90, 70, 39, 87, 48, 69, 99, 4, 46, 1, 13, 58, 97, 59, 45, 8, 73, 37, 35, 79, 11, 66, 76, 32, 60, 80, 96, 6, 16, 61, 33, 7, 57, 34, 12, 67, 10, 98, 56, 88, 29, 25, 91, 38, 19, 92, 43, 84, 51, 72, 81, 75, 2, 89, 0, 94, 55, 62]|[2, 1, 2, 1, 1, 2, 1, 1, 1, 1, 1, 0, 2, 2, 1, 2, 0, 0, 0, 2, 2, 1, 0, 2, 0, 2, 2, 1, 0, 1, 1, 1, 0, 0, 1, 0, 2, 1, 2, 2, 0, 0, 1, 1, 0, 2, 0, 2, 1, 0, 0, 2, 0, 0, 2, 0, 1, 1, 0, 0, 2, 1, 0, 2, 2, 0, 2, 2, 0, 1, 2, 1, 1, 2, 0, 1, 1, 1, 1, 2, 2, 1, 1, 1, 1, 0, 1, 0, 1, 0, 1, 1, 1, 0, 2, 1, 0, 2, 0, 1]|[0, 3, 0, 3, 4, 1, 4, 4, 2, 4, 3, 2, 1, 0, 2, 1, 1, 1, 2, 1, 1, 3, 0, 1, 0, 1, 1, 4, 1, 4, 3, 2, 2, 0, 4, 1, 1, 4, 0, 1, 2, 1, 4, 4, 1, 1, 0, 2, 3, 1, 2, 1, 2, 1, 1, 2, 4, 3, 0, 2, 2, 3, 1, 0, 1, 2, 0, 1, 2, 4, 1, 3, 4, 1, 2, 4, 3, 3, 3, 1, 1, 4, 3, 4, 3, 2, 4, 2, 4, 2, 3, 4, 1, 2, 1, 4, 2, 1, 2, 3]|[0, 2, 0, 0, 3, 0, 1, 3, 0, 0, 2, 0, 1, 0, 1, 0, 0, 0, 1, 0, 0, 2, 0, 0, 1, 0, 0, 3, 0, 1, 0, 2, 0, 0, 3, 0, 1, 3, 0, 0, 0, 0, 1, 3, 0, 0, 1, 0, 2, 0, 0, 0, 0, 0, 1, 0, 1, 0, 1, 1, 0, 2, 0, 0, 0, 0, 0, 0, 0, 2, 0, 0, 1, 0, 0, 1, 0, 0, 3, 0, 0, 1, 0, 3, 0, 0, 3, 0, 2, 0, 0, 2, 1, 0, 0, 1, 0, 0, 0, 0],889.0053545036524,50920.37616528636,113453.88510595518,false
15,G3_TWC,G1_CMAX,[31, 22, 82, 15, 26, 9, 95, 42, 77, 12, 47, 5, 93, 78, 86, 54, 6, 63, 18, 44, 20, 35, 43, 97, 91, 76, 10, 30, 21, 45, 64, 71, 1, 23, 17, 83, 24, 14, 60, 36, 85, 57, 40, 88, 65, 56, 79, 94, 39, 68, 46, 75, 38, 58, 19, 32, 81, 41, 27, 62, 87, 90, 99, 59, 11, 16, 72, 73, 70, 67, 37, 84, 3, 92, 25, 55, 28, 29, 51, 8, 66, 61, 98, 48, 89, 50, 7, 96, 53, 80, 4, 33, 34, 2, 52, 13, 0, 69, 74, 49]|[1, 1, 0, 1, 1, 0, 1, 2, 2, 1, 2, 2, 2, 1, 1, 0, 0, 1, 0, 2, 2, 0, 1, 2, 0, 1, 2, 2, 0, 0, 1, 2, 1, 2, 1, 0, 2, 0, 1, 1, 0, 1, 1, 1, 0, 2, 1, 1, 0, 0, 0, 0, 1, 1, 2, 1, 2, 0, 0, 0, 2, 1, 0, 1, 2, 1, 2, 1, 1, 1, 1, 1, 1, 0, 1, 1, 0, 0, 0, 1, 0, 1, 0, 0, 1, 0, 1, 2, 0, 0, 0, 0, 2, 0, 1, 0, 0, 1, 2, 0]|[4, 3, 2, 2, 4, 1, 2, 2, 2, 4, 1, 1, 2, 4, 4, 1, 2, 4, 2, 1, 1, 1, 1, 2, 1, 2, 1, 1, 1, 1, 3, 2, 3, 0, 4, 0, 1, 1, 0, 3, 2, 2, 2, 0, 1, 1, 0, 4, 0, 1, 2, 2, 1, 4, 0, 3, 2, 1, 1, 2, 1, 3, 1, 1, 1, 3, 0, 4, 3, 1, 4, 1, 1, 0, 4, 4, 2, 1, 1, 3, 1, 3, 1, 1, 1, 1, 1, 1, 2, 1, 2, 2, 1, 2, 1, 2, 2, 3, 1, 1]|[0, 2, 1, 1, 3, 0, 1, 0, 0, 0, 0, 0, 1, 0, 1, 0, 1, 3, 1, 0, 0, 0, 3, 1, 0, 2, 0, 0, 0, 1, 0, 0, 0, 0, 3, 0, 1, 0, 0, 2, 1, 1, 1, 0, 0, 0, 0, 2, 1, 0, 0, 0, 1, 3, 0, 0, 1, 0, 0, 1, 0, 2, 0, 1, 0, 2, 1, 0, 0, 1, 1, 3, 1, 1, 3, 3, 1, 0, 0, 2, 0, 0, 0, 0, 1, 0, 2, 0, 1, 0, 1, 1, 0, 0, 1, 0, 0, 0, 0, 1],824.1531664905515,57504.66170409152,92407.54974943638,true
15,G1_CMAX,G1_CMAX,[31, 22, 82, 15, 26, 9, 95, 42, 77, 12, 47, 5, 93, 78, 86, 54, 6, 63, 18, 44, 20, 35, 43, 97, 91, 76, 10, 30, 21, 45, 71, 64, 1, 23, 17, 83, 24, 14, 60, 36, 85, 57, 40, 88, 65, 56, 79, 94, 67, 68, 46, 75, 38, 58, 19, 32, 81, 41, 62, 87, 28, 90, 99, 59, 11, 72, 16, 73, 70, 39, 37, 84, 3, 92, 25, 34, 29, 55, 51, 7, 98, 61, 66, 48, 89, 50, 4, 96, 53, 80, 8, 33, 27, 2, 52, 13, 0, 69, 74, 49]|[1, 1, 0, 1, 1, 0, 1, 2, 2, 1, 2, 2, 2, 1, 1, 0, 0, 1, 0, 2, 2, 0, 1, 2, 2, 1, 2, 2, 0, 0, 1, 1, 1, 2, 1, 0, 2, 0, 1, 1, 0, 1, 1, 1, 0, 2, 1, 1, 0, 0, 0, 0, 1, 1, 2, 1, 2, 0, 0, 2, 2, 1, 0, 1, 2, 2, 1, 1, 1, 1, 1, 1, 1, 0, 1, 2, 0, 2, 0, 1, 2, 1, 0, 0, 1, 0, 1, 2, 0, 0, 1, 2, 0, 0, 1, 0, 0, 1, 2, 0]|[0, 3, 2, 2, 4, 1, 2, 2, 2, 4, 1, 1, 2, 4, 4, 1, 2, 4, 2, 1, 1, 1, 1, 2, 1, 2, 1, 1, 1, 1, 3, 3, 3, 0, 4, 0, 1, 1, 0, 3, 2, 2, 2, 0, 1, 1, 0, 4, 0, 1, 2, 2, 1, 4, 0, 3, 2, 1, 2, 1, 1, 3, 1, 1, 1, 0, 3, 4, 3, 1, 4, 1, 1, 0, 4, 1, 1, 1, 1, 1, 1, 3, 1, 1, 1, 1, 4, 1, 2, 1, 3, 1, 2, 2, 1, 2, 2, 4, 1, 1]|[0, 2, 1, 1, 3, 0, 1, 0, 0, 0, 0, 0, 1, 0, 1, 0, 0, 3, 1, 0, 0, 0, 3, 1, 0, 2, 0, 0, 0, 1, 0, 0, 0, 0, 3, 0, 1, 0, 0, 2, 1, 1, 1, 0, 0, 0, 0, 2, 1, 0, 0, 0, 1, 3, 0, 0, 1, 0, 1, 0, 0, 2, 0, 1, 0, 1, 2, 0, 0, 1, 1, 3, 1, 1, 3, 0, 0, 0, 0, 2, 0, 0, 0, 0, 1, 0, 0, 0, 1, 0, 2, 0, 1, 0, 1, 0, 0, 2, 0, 1],740.1000024547002,57245.26292476342,97017.87740826326,false
15,G4_BALANCED,G4_BALANCED,[31, 22, 82, 15, 26, 58, 95, 42, 77, 12, 47, 5, 93, 78, 86, 54, 85, 63, 18, 44, 20, 35, 43, 97, 66, 76, 10, 30, 21, 45, 71, 1, 23, 64, 17, 83, 80, 14, 60, 36, 6, 57, 40, 88, 65, 56, 79, 94, 67, 68, 46, 75, 38, 9, 19, 32, 81, 41, 53, 62, 87, 90, 99, 59, 11, 16, 72, 73, 70, 39, 37, 84, 3, 92, 25, 28, 29, 55, 51, 7, 98, 61, 91, 48, 89, 50, 4, 96, 27, 24, 8, 33, 34, 2, 52, 13, 0, 69, 74, 49]|[1, 1, 0, 1, 1, 0, 1, 2, 2, 1, 2, 2, 2, 1, 1, 0, 0, 1, 0, 2, 2, 0, 1, 2, 2, 1, 2, 2, 0, 0, 1, 1, 2, 2, 1, 0, 0, 0, 1, 1, 0, 1, 1, 1, 0, 2, 1, 1, 0, 0, 0, 0, 1, 1, 2, 1, 2, 0, 0, 0, 2, 1, 0, 1, 2, 1, 2, 1, 1, 1, 1, 1, 1, 0, 1, 0, 0, 2, 0, 1, 2, 1, 0, 0, 1, 0, 1, 2, 0, 2, 0, 2, 2, 0, 1, 0, 0, 1, 2, 0]|[4, 3, 2, 2, 4, 1, 2, 2, 2, 4, 1, 1, 2, 4, 4, 1, 2, 4, 2, 1, 1, 1, 1, 2, 1, 2, 1, 1, 1, 1, 3, 3, 1, 1, 4, 0, 1, 1, 0, 3, 2, 2, 2, 0, 1, 1, 0, 4, 0, 1, 2, 2, 1, 4, 0, 3, 2, 1, 1, 2, 1, 3, 1, 1, 1, 3, 0, 4, 3, 1, 4, 1, 1, 0, 4, 2, 1, 1, 1, 1, 1, 3, 1, 1, 1, 1, 4, 1, 2, 1, 2, 1, 1, 2, 1, 2, 2, 4, 1, 1]|[0, 2, 1, 1, 3, 0, 1, 0, 0, 0, 0, 0, 1, 0, 1, 0, 0, 3, 1, 0, 0, 0, 3, 1, 0, 2, 0, 0, 0, 1, 0, 0, 0, 0, 3, 0, 0, 0, 0, 2, 1, 1, 1, 0, 0, 0, 0, 2, 1, 0, 0, 0, 1, 3, 0, 0, 1, 0, 0, 1, 0, 2, 0, 1, 0, 2, 1, 0, 0, 1, 1, 3, 1, 1, 3, 1, 0, 0, 0, 2, 0, 0, 0, 0, 1, 0, 0, 0, 1, 1, 1, 0, 0, 0, 1, 0, 0, 2, 0, 1],758.863641245108,56323.8828778441,93552.32614179025,false
15,G2_TEC,G2_TEC,[31, 22, 82, 15, 26, 9, 95, 42, 77, 68, 47, 5, 93, 78, 86, 54, 85, 63, 18, 44, 20, 49, 36, 14, 74, 50, 53, 17, 21, 28, 71, 64, 3, 23, 30, 83, 24, 41, 40, 52, 65, 27, 90, 70, 39, 87, 48, 69, 99, 4, 46, 1, 13, 58, 97, 59, 45, 8, 73, 37, 35, 79, 11, 66, 76, 32, 60, 80, 96, 6, 16, 61, 33, 7, 57, 34, 12, 67, 10, 98, 56, 88, 29, 25, 91, 38, 19, 92, 43, 84, 51, 72, 81, 75, 2, 89, 0, 94, 55, 62]|[2, 1, 2, 1, 1, 2, 1, 1, 1, 1, 1, 0, 2, 2, 1, 2, 0, 0, 0, 2, 2, 1, 0, 2, 0, 2, 2, 1, 0, 1, 1, 1, 0, 0, 1, 0, 2, 1, 2, 2, 0, 0, 1, 1, 0, 2, 0, 2, 1, 0, 0, 2, 0, 0, 2, 0, 1, 1, 0, 0, 2, 1, 0, 2, 2, 0, 2, 2, 0, 1, 2, 1, 1, 2, 0, 1, 1, 1, 1, 2, 2, 1, 1, 1, 1, 0, 1, 0, 1, 0, 1, 1, 1, 0, 2, 1, 0, 2, 0, 1]|[0, 3, 0, 3, 4, 1, 4, 4, 2, 4, 3, 2, 1, 0, 2, 1, 1, 1, 2, 1, 1, 3, 0, 1, 0, 1, 1, 4, 1, 4, 3, 2, 2, 0, 4, 1, 1, 4, 0, 1, 2, 1, 4, 4, 1, 1, 0, 2, 3, 1, 2, 1, 2, 1, 1, 2, 4, 3, 0, 2, 2, 3, 1, 0, 1, 2, 0, 1, 2, 4, 1, 3, 4, 1, 2, 4, 3, 3, 3, 1, 1, 4, 3, 4, 3, 2, 4, 2, 4, 2, 3, 4, 1, 2, 1, 4, 2, 1, 2, 3]|[0, 2, 0, 0, 3, 0, 1, 3, 0, 0, 2, 0, 1, 0, 1, 0, 0, 0, 1, 0, 0, 2, 0, 0, 1, 0, 0, 3, 0, 1, 0, 2, 0, 0, 3, 0, 1, 3, 0, 0, 0, 0, 1, 3, 0, 0, 1, 0, 2, 0, 0, 0, 0, 0, 1, 0, 1, 0, 1, 1, 0, 2, 0, 0, 0, 0, 0, 0, 0, 2, 0, 0, 1, 0, 0, 1, 0, 0, 3, 0, 0, 1, 0, 3, 0, 0, 3, 0, 2, 0, 0, 2, 1, 0, 0, 1, 0, 0, 0, 0],889.0053545036524,50920.37616528636,113453.88510595518,false
15,G3_TWC,G1_CMAX,[31, 22, 82, 15, 26, 9, 95, 42, 77, 12, 47, 5, 93, 78, 86, 54, 6, 63, 18, 44, 20, 35, 43, 97, 91, 76, 10, 30, 21, 45, 64, 71, 1, 23, 17, 83, 24, 14, 60, 36, 85, 57, 40, 88, 65, 56, 79, 94, 39, 68, 46, 75, 38, 58, 19, 32, 81, 41, 27, 62, 87, 90, 99, 59, 11, 16, 72, 73, 70, 67, 37, 84, 3, 92, 25, 55, 28, 29, 51, 8, 66, 61, 98, 48, 89, 50, 7, 96, 53, 80, 4, 33, 34, 2, 52, 13, 0, 69, 74, 49]|[1, 1, 0, 1, 1, 0, 1, 2, 2, 1, 2, 2, 2, 1, 1, 0, 0, 1, 0, 2, 2, 0, 1, 2, 0, 1, 2, 2, 0, 0, 1, 2, 1, 2, 1, 0, 2, 0, 1, 1, 0, 1, 1, 1, 0, 2, 1, 1, 0, 0, 0, 0, 1, 1, 2, 1, 2, 0, 0, 0, 2, 1, 0, 1, 2, 1, 2, 1, 1, 1, 1, 1, 1, 0, 1, 1, 0, 0, 0, 1, 0, 1, 0, 0, 1, 0, 1, 2, 0, 0, 0, 0, 2, 0, 1, 0, 0, 1, 2, 0]|[4, 3, 2, 2, 4, 1, 2, 2, 2, 4, 1, 1, 2, 4, 4, 1, 2, 4, 2, 1, 1, 1, 1, 2, 1, 2, 1, 1, 1, 1, 3, 2, 3, 0, 4, 0, 1, 1, 0, 3, 2, 2, 2, 0, 1, 1, 0, 4, 0, 1, 2, 2, 1, 4, 0, 3, 2, 1, 1, 2, 1, 3, 1, 1, 1, 3, 0, 4, 3, 1, 4, 1, 1, 0, 4, 4, 2, 1, 1, 3, 1, 3, 1, 1, 1, 1, 1, 1, 2, 1, 2, 2, 1, 2, 1, 2, 2, 3, 1, 1]|[0, 2, 1, 1, 3, 0, 1, 0, 0, 0, 0, 0, 1, 0, 1, 0, 1, 3, 1, 0, 0, 0, 3, 1, 0, 2, 0, 0, 0, 1, 0, 0, 0, 0, 3, 0, 1, 0, 0, 2, 1, 1, 1, 0, 0, 0, 0, 2, 1, 0, 0, 0, 1, 3, 0, 0, 1, 0, 0, 1, 0, 2, 0, 1, 0, 2, 1, 0, 0, 1, 1, 3, 1, 1, 3, 3, 1, 0, 0, 2, 0, 0, 0, 0, 1, 0, 2, 0, 1, 0, 1, 1, 0, 0, 1, 0, 0, 0, 0, 1],824.1531664905515,57504.66170409152,92407.54974943638,true
15,G1_CMAX,G1_CMAX,[31, 22, 82, 15, 26, 9, 95, 42, 77, 12, 47, 5, 93, 78, 86, 54, 6, 63, 18, 44, 20, 35, 43, 97, 91, 76, 10, 30, 21, 45, 71, 64, 1, 23, 17, 83, 24, 14, 60, 36, 85, 57, 40, 88, 65, 56, 79, 94, 67, 68, 46, 75, 38, 58, 19, 32, 81, 41, 62, 87, 28, 90, 99, 59, 11, 72, 16, 73, 70, 39, 37, 84, 3, 92, 25, 34, 29, 55, 51, 7, 98, 61, 66, 48, 89, 50, 4, 96, 53, 80, 8, 33, 27, 2, 52, 13, 0, 69, 74, 49]|[1, 1, 0, 1, 1, 0, 1, 2, 2, 1, 2, 2, 2, 1, 1, 0, 0, 1, 0, 2, 2, 0, 1, 2, 2, 1, 2, 2, 0, 0, 1, 1, 1, 2, 1, 0, 2, 0, 1, 1, 0, 1, 1, 1, 0, 2, 1, 1, 0, 0, 0, 0, 1, 1, 2, 1, 2, 0, 0, 2, 2, 1, 0, 1, 2, 2, 1, 1, 1, 1, 1, 1, 1, 0, 1, 2, 0, 2, 0, 1, 2, 1, 0, 0, 1, 0, 1, 2, 0, 0, 1, 2, 0, 0, 1, 0, 0, 1, 2, 0]|[0, 3, 2, 2, 4, 1, 2, 2, 2, 4, 1, 1, 2, 4, 4, 1, 2, 4, 2, 1, 1, 1, 1, 2, 1, 2, 1, 1, 1, 1, 3, 3, 3, 0, 4, 0, 1, 1, 0, 3, 2, 2, 2, 0, 1, 1, 0, 4, 0, 1, 2, 2, 1, 4, 0, 3, 2, 1, 2, 1, 1, 3, 1, 1, 1, 0, 3, 4, 3, 1, 4, 1, 1, 0, 4, 1, 1, 1, 1, 1, 1, 3, 1, 1, 1, 1, 4, 1, 2, 1, 3, 1, 2, 2, 1, 2, 2, 4, 1, 1]|[0, 2, 1, 1, 3, 0, 1, 0, 0, 0, 0, 0, 1, 0, 1, 0, 0, 3, 1, 0, 0, 0, 3, 1, 0, 2, 0, 0, 0, 1, 0, 0, 0, 0, 3, 0, 1, 0, 0, 2, 1, 1, 1, 0, 0, 0, 0, 2, 1, 0, 0, 0, 1, 3, 0, 0, 1, 0, 1, 0, 0, 2, 0, 1, 0, 1, 2, 0, 0, 1, 1, 3, 1, 1, 3, 0, 0, 0, 0, 2, 0, 0, 0, 0, 1, 0, 0, 0, 1, 0, 2, 0, 1, 0, 1, 0, 0, 2, 0, 1],740.1000024547002,57245.26292476342,97017.87740826326,false
15,G4_BALANCED,G3_TWC,[31, 22, 82, 15, 26, 9, 95, 42, 77, 12, 47, 5, 93, 78, 86, 54, 85, 63, 18, 44, 20, 35, 43, 97, 91, 76, 10, 30, 21, 45, 71, 64, 1, 23, 17, 83, 24, 14, 60, 36, 41, 57, 40, 88, 65, 56, 79, 94, 67, 68, 46, 75, 38, 58, 19, 32, 81, 6, 27, 62, 87, 90, 99, 59, 11, 16, 72, 73, 69, 39, 37, 84, 3, 92, 25, 55, 28, 29, 51, 8, 66, 61, 98, 48, 89, 50, 7, 96, 53, 80, 4, 33, 34, 2, 52, 13, 0, 70, 74, 49]|[1, 1, 0, 1, 1, 0, 1, 2, 2, 1, 2, 2, 2, 1, 1, 0, 0, 1, 0, 2, 2, 0, 1, 2, 0, 1, 2, 2, 0, 0, 1, 2, 1, 2, 1, 0, 2, 0, 1, 1, 0, 1, 1, 1, 0, 2, 1, 1, 0, 0, 0, 0, 1, 1, 2, 1, 2, 0, 0, 0, 2, 1, 0, 1, 2, 1, 2, 1, 1, 1, 1, 1, 1, 0, 1, 1, 0, 0, 0, 0, 2, 1, 0, 0, 1, 0, 1, 0, 0, 0, 0, 2, 2, 0, 1, 0, 0, 1, 2, 0]|[4, 3, 2, 2, 4, 1, 2, 2, 2, 4, 1, 1, 2, 4, 4, 1, 2, 4, 2, 1, 1, 1, 1, 2, 1, 2, 1, 1, 1, 1, 3, 2, 3, 0, 4, 0, 1, 1, 0, 3, 2, 2, 2, 0, 1, 1, 0, 4, 0, 1, 2, 2, 1, 4, 0, 3, 2, 1, 1, 2, 1, 3, 1, 1, 1, 3, 0, 4, 3, 1, 4, 1, 1, 0, 4, 4, 2, 1, 1, 1, 1, 3, 1, 1, 1, 1, 1, 1, 2, 1, 2, 1, 1, 2, 1, 2, 2, 4, 1, 1]|[0, 2, 1, 1, 3, 0, 1, 0, 0, 0, 0, 0, 1, 0, 1, 0, 0, 3, 1, 0, 0, 0, 3, 1, 0, 2, 0, 0, 0, 1, 0, 0, 0, 0, 3, 0, 1, 0, 0, 2, 1, 1, 1, 0, 0, 0, 0, 2, 1, 0, 0, 0, 1, 3, 0, 0, 1, 0, 0, 1, 0, 2, 0, 1, 0, 2, 1, 0, 0, 1, 1, 3, 1, 1, 3, 3, 1, 0, 0, 0, 0, 0, 0, 0, 1, 0, 2, 0, 1, 0, 1, 0, 0, 0, 1, 0, 0, 2, 0, 1],843.9704960399636,57331.166555785385,92670.69733401276,true
15,G2_TEC,G2_TEC,[31, 22, 82, 15, 26, 9, 95, 42, 77, 68, 47, 5, 93, 78, 86, 54, 85, 63, 18, 44, 20, 49, 36, 14, 74, 50, 53, 17, 21, 28, 71, 64, 3, 23, 30, 83, 24, 41, 40, 52, 65, 27, 90, 70, 39, 87, 48, 69, 99, 4, 46, 1, 13, 58, 97, 59, 45, 8, 73, 37, 35, 79, 11, 66, 76, 32, 60, 80, 96, 6, 16, 61, 33, 7, 57, 34, 12, 67, 10, 98, 56, 88, 29, 25, 91, 38, 19, 92, 43, 84, 51, 72, 81, 75, 2, 89, 0, 94, 55, 62]|[2, 1, 2, 1, 1, 2, 1, 1, 1, 1, 1, 0, 2, 2, 1, 2, 0, 0, 0, 2, 2, 1, 0, 2, 0, 2, 2, 1, 0, 1, 1, 1, 0, 0, 1, 0, 2, 1, 2, 2, 0, 0, 1, 1, 0, 2, 0, 2, 1, 0, 0, 2, 0, 0, 2, 0, 1, 1, 0, 0, 2, 1, 0, 2, 2, 0, 2, 2, 0, 1, 2, 1, 1, 2, 0, 1, 1, 1, 1, 2, 2, 1, 1, 1, 1, 0, 1, 0, 1, 0, 1, 1, 1, 0, 2, 1, 0, 2, 0, 1]|[0, 3, 0, 3, 4, 1, 4, 4, 2, 4, 3, 2, 1, 0, 2, 1, 1, 1, 2, 1, 1, 3, 0, 1, 0, 1, 1, 4, 1, 4, 3, 2, 2, 0, 4, 1, 1, 4, 0, 1, 2, 1, 4, 4, 1, 1, 0, 2, 3, 1, 2, 1, 2, 1, 1, 2, 4, 3, 0, 2, 2, 3, 1, 0, 1, 2, 0, 1, 2, 4, 1, 3, 4, 1, 2, 4, 3, 3, 3, 1, 1, 4, 3, 4, 3, 2, 4, 2, 4, 2, 3, 4, 1, 2, 1, 4, 2, 1, 2, 3]|[0, 2, 0, 0, 3, 0, 1, 3, 0, 0, 2, 0, 1, 0, 1, 0, 0, 0, 1, 0, 0, 2, 0, 0, 1, 0, 0, 3, 0, 1, 0, 2, 0, 0, 3, 0, 1, 3, 0, 0, 0, 0, 1, 3, 0, 0, 1, 0, 2, 0, 0, 0, 0, 0, 1, 0, 1, 0, 1, 1, 0, 2, 0, 0, 0, 0, 0, 0, 0, 2, 0, 0, 1, 0, 0, 1, 0, 0, 3, 0, 0, 1, 0, 3, 0, 0, 3, 0, 2, 0, 0, 2, 1, 0, 0, 1, 0, 0, 0, 0],889.0053545036524,50920.37616528636,113453.88510595518,false
15,G3_TWC,G1_CMAX,[31, 22, 82, 15, 26, 9, 95, 42, 77, 12, 47, 5, 93, 78, 86, 54, 6, 63, 18, 44, 20, 35, 43, 97, 91, 76, 10, 30, 21, 45, 64, 71, 1, 23, 17, 83, 24, 14, 60, 36, 85, 57, 40, 88, 65, 56, 79, 94, 39, 68, 46, 75, 38, 58, 19, 32, 81, 41, 27, 62, 87, 90, 99, 59, 11, 16, 72, 73, 70, 67, 37, 84, 3, 92, 25, 55, 28, 29, 51, 8, 66, 61, 98, 48, 89, 50, 7, 96, 53, 80, 4, 33, 34, 2, 52, 13, 0, 69, 74, 49]|[1, 1, 0, 1, 1, 0, 1, 2, 2, 1, 2, 2, 2, 1, 1, 0, 0, 1, 0, 2, 2, 0, 1, 2, 0, 1, 2, 2, 0, 0, 1, 2, 1, 2, 1, 0, 2, 0, 1, 1, 0, 1, 1, 1, 0, 2, 1, 1, 0, 0, 0, 0, 1, 1, 2, 1, 2, 0, 0, 0, 2, 1, 0, 1, 2, 1, 2, 1, 1, 1, 1, 1, 1, 0, 1, 1, 0, 0, 0, 1, 0, 1, 0, 0, 1, 0, 1, 2, 0, 0, 0, 0, 2, 0, 1, 0, 0, 1, 2, 0]|[4, 3, 2, 2, 4, 1, 2, 2, 2, 4, 1, 1, 2, 4, 4, 1, 2, 4, 2, 1, 1, 1, 1, 2, 1, 2, 1, 1, 1, 1, 3, 2, 3, 0, 4, 0, 1, 1, 0, 3, 2, 2, 2, 0, 1, 1, 0, 4, 0, 1, 2, 2, 1, 4, 0, 3, 2, 1, 1, 2, 1, 3, 1, 1, 1, 3, 0, 4, 3, 1, 4, 1, 1, 0, 4, 4, 2, 1, 1, 3, 1, 3, 1, 1, 1, 1, 1, 1, 2, 1, 2, 2, 1, 2, 1, 2, 2, 3, 1, 1]|[0, 2, 1, 1, 3, 0, 1, 0, 0, 0, 0, 0, 1, 0, 1, 0, 1, 3, 1, 0, 0, 0, 3, 1, 0, 2, 0, 0, 0, 1, 0, 0, 0, 0, 3, 0, 1, 0, 0, 2, 1, 1, 1, 0, 0, 0, 0, 2, 1, 0, 0, 0, 1, 3, 0, 0, 1, 0, 0, 1, 0, 2, 0, 1, 0, 2, 1, 0, 0, 1, 1, 3, 1, 1, 3, 3, 1, 0, 0, 2, 0, 0, 0, 0, 1, 0, 2, 0, 1, 0, 1, 1, 0, 0, 1, 0, 0, 0, 0, 1],824.1531664905515,57504.66170409152,92407.54974943638,true
15,G1_CMAX,G1_CMAX,[31, 22, 82, 15, 26, 9, 95, 42, 77, 12, 47, 5, 93, 78, 86, 54, 6, 63, 18, 44, 20, 35, 43, 97, 91, 76, 10, 30, 21, 45, 71, 64, 1, 23, 17, 83, 24, 14, 60, 36, 85, 57, 40, 88, 65, 56, 79, 94, 67, 68, 46, 75, 38, 58, 19, 32, 81, 41, 62, 87, 28, 90, 99, 59, 11, 72, 16, 73, 70, 39, 37, 84, 3, 92, 25, 34, 29, 55, 51, 7, 98, 61, 66, 48, 89, 50, 4, 96, 53, 80, 8, 33, 27, 2, 52, 13, 0, 69, 74, 49]|[1, 1, 0, 1, 1, 0, 1, 2, 2, 1, 2, 2, 2, 1, 1, 0, 0, 1, 0, 2, 2, 0, 1, 2, 2, 1, 2, 2, 0, 0, 1, 1, 1, 2, 1, 0, 2, 0, 1, 1, 0, 1, 1, 1, 0, 2, 1, 1, 0, 0, 0, 0, 1, 1, 2, 1, 2, 0, 0, 2, 2, 1, 0, 1, 2, 2, 1, 1, 1, 1, 1, 1, 1, 0, 1, 2, 0, 2, 0, 1, 2, 1, 0, 0, 1, 0, 1, 2, 0, 0, 1, 2, 0, 0, 1, 0, 0, 1, 2, 0]|[0, 3, 2, 2, 4, 1, 2, 2, 2, 4, 1, 1, 2, 4, 4, 1, 2, 4, 2, 1, 1, 1, 1, 2, 1, 2, 1, 1, 1, 1, 3, 3, 3, 0, 4, 0, 1, 1, 0, 3, 2, 2, 2, 0, 1, 1, 0, 4, 0, 1, 2, 2, 1, 4, 0, 3, 2, 1, 2, 1, 1, 3, 1, 1, 1, 0, 3, 4, 3, 1, 4, 1, 1, 0, 4, 1, 1, 1, 1, 1, 1, 3, 1, 1, 1, 1, 4, 1, 2, 1, 3, 1, 2, 2, 1, 2, 2, 4, 1, 1]|[0, 2, 1, 1, 3, 0, 1, 0, 0, 0, 0, 0, 1, 0, 1, 0, 0, 3, 1, 0, 0, 0, 3, 1, 0, 2, 0, 0, 0, 1, 0, 0, 0, 0, 3, 0, 1, 0, 0, 2, 1, 1, 1, 0, 0, 0, 0, 2, 1, 0, 0, 0, 1, 3, 0, 0, 1, 0, 1, 0, 0, 2, 0, 1, 0, 1, 2, 0, 0, 1, 1, 3, 1, 1, 3, 0, 0, 0, 0, 2, 0, 0, 0, 0, 1, 0, 0, 0, 1, 0, 2, 0, 1, 0, 1, 0, 0, 2, 0, 1],740.1000024547002,57245.26292476342,97017.87740826326,false
15,G4_BALANCED,G1_CMAX,[31, 22, 82, 15, 26, 9, 95, 42, 77, 12, 47, 5, 93, 78, 86, 54, 6, 63, 18, 44, 20, 35, 43, 97, 91, 76, 10, 30, 21, 45, 71, 64, 1, 23, 17, 83, 24, 14, 60, 36, 85, 57, 40, 88, 65, 56, 79, 94, 67, 68, 46, 75, 38, 58, 19, 32, 81, 41, 62, 27, 87, 90, 99, 59, 11, 16, 72, 73, 70, 39, 37, 84, 3, 92, 25, 55, 28, 29, 51, 98, 7, 61, 66, 48, 89, 50, 4, 96, 53, 80, 8, 33, 34, 2, 52, 13, 0, 69, 74, 49]|[1, 1, 0, 1, 1, 0, 1, 2, 2, 1, 2, 2, 2, 1, 1, 0, 0, 1, 0, 2, 2, 0, 1, 2, 2, 1, 2, 2, 0, 0, 1, 2, 1, 2, 1, 0, 2, 0, 1, 1, 0, 1, 1, 1, 0, 2, 1, 1, 0, 0, 0, 0, 1, 1, 2, 1, 2, 0, 0, 0, 2, 1, 0, 1, 2, 1, 2, 1, 1, 1, 1, 1, 1, 0, 1, 1, 2, 0, 0, 2, 1, 1, 2, 0, 1, 0, 1, 2, 0, 0, 1, 2, 2, 0, 1, 0, 0, 1, 2, 0]|[4, 3, 2, 2, 4, 1, 2, 2, 2, 4, 1, 1, 2, 4, 4, 1, 2, 4, 2, 1, 1, 1, 1, 2, 1, 2, 1, 1, 1, 1, 3, 2, 3, 1, 4, 0, 1, 1, 0, 3, 2, 2, 2, 0, 1, 1, 0, 4, 0, 1, 2, 2, 1, 4, 0, 3, 2, 1, 2, 1, 1, 3, 1, 1, 1, 3, 0, 4, 3, 1, 4, 1, 1, 0, 4, 4, 1, 1, 1, 1, 1, 3, 1, 1, 1, 1, 4, 1, 2, 1, 3, 1, 1, 2, 1, 2, 2, 4, 1, 1]|[0, 2, 1, 1, 3, 0, 1, 0, 0, 0, 0, 0, 1, 0, 1, 0, 0, 3, 1, 0, 0, 0, 3, 1, 0, 2, 0, 0, 0, 1, 0, 0, 0, 0, 3, 0, 1, 0, 0, 2, 1, 1, 1, 0, 0, 0, 0, 2, 1, 0, 0, 0, 1, 3, 0, 0, 1, 0, 1, 0, 0, 2, 0, 1, 0, 2, 1, 0, 0, 1, 1, 3, 1, 1, 3, 3, 0, 0, 0, 0, 2, 0, 0, 0, 1, 0, 0, 0, 1, 0, 2, 0, 0, 0, 1, 0, 0, 2, 0, 1],757.3774542144943,56290.6011132307,96418.97844390207,true
15,G2_TEC,G2_TEC,[31, 22, 82, 15, 26, 9, 95, 42, 77, 68, 47, 5, 93, 78, 86, 54, 85, 63, 18, 44, 20, 49, 36, 14, 74, 50, 53, 17, 21, 28, 71, 64, 3, 23, 30, 83, 24, 41, 40, 52, 65, 27, 90, 70, 39, 87, 48, 69, 99, 4, 46, 1, 13, 58, 97, 59, 45, 8, 73, 37, 35, 79, 11, 66, 76, 32, 60, 80, 96, 6, 16, 61, 33, 7, 57, 34, 12, 67, 10, 98, 56, 88, 29, 25, 91, 38, 19, 92, 43, 84, 51, 72, 81, 75, 2, 89, 0, 94, 55, 62]|[2, 1, 2, 1, 1, 2, 1, 1, 1, 1, 1, 0, 2, 2, 1, 2, 0, 0, 0, 2, 2, 1, 0, 2, 0, 2, 2, 1, 0, 1, 1, 1, 0, 0, 1, 0, 2, 1, 2, 2, 0, 0, 1, 1, 0, 2, 0, 2, 1, 0, 0, 2, 0, 0, 2, 0, 1, 1, 0, 0, 2, 1, 0, 2, 2, 0, 2, 2, 0, 1, 2, 1, 1, 2, 0, 1, 1, 1, 1, 2, 2, 1, 1, 1, 1, 0, 1, 0, 1, 0, 1, 1, 1, 0, 2, 1, 0, 2, 0, 1]|[0, 3, 0, 3, 4, 1, 4, 4, 2, 4, 3, 2, 1, 0, 2, 1, 1, 1, 2, 1, 1, 3, 0, 1, 0, 1, 1, 4, 1, 4, 3, 2, 2, 0, 4, 1, 1, 4, 0, 1, 2, 1, 4, 4, 1, 1, 0, 2, 3, 1, 2, 1, 2, 1, 1, 2, 4, 3, 0, 2, 2, 3, 1, 0, 1, 2, 0, 1, 2, 4, 1, 3, 4, 1, 2, 4, 3, 3, 3, 1, 1, 4, 3, 4, 3, 2, 4, 2, 4, 2, 3, 4, 1, 2, 1, 4, 2, 1, 2, 3]|[0, 2, 0, 0, 3, 0, 1, 3, 0, 0, 2, 0, 1, 0, 1, 0, 0, 0, 1, 0, 0, 2, 0, 0, 1, 0, 0, 3, 0, 1, 0, 2, 0, 0, 3, 0, 1, 3, 0, 0, 0, 0, 1, 3, 0, 0, 1, 0, 2, 0, 0, 0, 0, 0, 1, 0, 1, 0, 1, 1, 0, 2, 0, 0, 0, 0, 0, 0, 0, 2, 0, 0, 1, 0, 0, 1, 0, 0, 3, 0, 0, 1, 0, 3, 0, 0, 3, 0, 2, 0, 0, 2, 1, 0, 0, 1, 0, 0, 0, 0],889.0053545036524,50920.37616528636,113453.88510595518,false
15,G3_TWC,G1_CMAX,[31, 22, 82, 15, 26, 9, 95, 42, 77, 12, 47, 5, 93, 78, 86, 54, 6, 63, 18, 44, 20, 35, 43, 97, 91, 76, 10, 30, 21, 45, 64, 71, 1, 23, 17, 83, 24, 14, 60, 36, 85, 57, 40, 88, 65, 56, 79, 94, 39, 68, 46, 75, 38, 58, 19, 32, 81, 41, 27, 62, 87, 90, 99, 59, 11, 16, 72, 73, 70, 67, 37, 84, 3, 92, 25, 55, 28, 29, 51, 8, 66, 61, 98, 48, 89, 50, 7, 96, 53, 80, 4, 33, 34, 2, 52, 13, 0, 69, 74, 49]|[1, 1, 0, 1, 1, 0, 1, 2, 2, 1, 2, 2, 2, 1, 1, 0, 0, 1, 0, 2, 2, 0, 1, 2, 0, 1, 2, 2, 0, 0, 1, 2, 1, 2, 1, 0, 2, 0, 1, 1, 0, 1, 1, 1, 0, 2, 1, 1, 0, 0, 0, 0, 1, 1, 2, 1, 2, 0, 0, 0, 2, 1, 0, 1, 2, 1, 2, 1, 1, 1, 1, 1, 1, 0, 1, 1, 0, 0, 0, 1, 0, 1, 0, 0, 1, 0, 1, 2, 0, 0, 0, 0, 2, 0, 1, 0, 0, 1, 2, 0]|[4, 3, 2, 2, 4, 1, 2, 2, 2, 4, 1, 1, 2, 4, 4, 1, 2, 4, 2, 1, 1, 1, 1, 2, 1, 2, 1, 1, 1, 1, 3, 2, 3, 0, 4, 0, 1, 1, 0, 3, 2, 2, 2, 0, 1, 1, 0, 4, 0, 1, 2, 2, 1, 4, 0, 3, 2, 1, 1, 2, 1, 3, 1, 1, 1, 3, 0, 4, 3, 1, 4, 1, 1, 0, 4, 4, 2, 1, 1, 3, 1, 3, 1, 1, 1, 1, 1, 1, 2, 1, 2, 2, 1, 2, 1, 2, 2, 3, 1, 1]|[0, 2, 1, 1, 3, 0, 1, 0, 0, 0, 0, 0, 1, 0, 1, 0, 1, 3, 1, 0, 0, 0, 3, 1, 0, 2, 0, 0, 0, 1, 0, 0, 0, 0, 3, 0, 1, 0, 0, 2, 1, 1, 1, 0, 0, 0, 0, 2, 1, 0, 0, 0, 1, 3, 0, 0, 1, 0, 0, 1, 0, 2, 0, 1, 0, 2, 1, 0, 0, 1, 1, 3, 1, 1, 3, 3, 1, 0, 0, 2, 0, 0, 0, 0, 1, 0, 2, 0, 1, 0, 1, 1, 0, 0, 1, 0, 0, 0, 0, 1],824.1531664905515,57504.66170409152,92407.54974943638,true
15,G1_CMAX,G1_CMAX,[31, 22, 82, 15, 26, 9, 95, 42, 77, 12, 47, 5, 93, 78, 86, 54, 6, 63, 18, 44, 20, 35, 43, 97, 91, 76, 10, 30, 21, 45, 71, 64, 1, 23, 17, 83, 24, 14, 60, 36, 85, 57, 40, 88, 65, 56, 79, 94, 67, 68, 46, 75, 38, 58, 19, 32, 81, 41, 62, 87, 28, 90, 99, 59, 11, 72, 16, 73, 70, 39, 37, 84, 3, 92, 25, 34, 29, 55, 51, 7, 98, 61, 66, 48, 89, 50, 4, 96, 53, 80, 8, 33, 27, 2, 52, 13, 0, 69, 74, 49]|[1, 1, 0, 1, 1, 0, 1, 2, 2, 1, 2, 2, 2, 1, 1, 0, 0, 1, 0, 2, 2, 0, 1, 2, 2, 1, 2, 2, 0, 0, 1, 1, 1, 2, 1, 0, 2, 0, 1, 1, 0, 1, 1, 1, 0, 2, 1, 1, 0, 0, 0, 0, 1, 1, 2, 1, 2, 0, 0, 2, 2, 1, 0, 1, 2, 2, 1, 1, 1, 1, 1, 1, 1, 0, 1, 2, 0, 2, 0, 1, 2, 1, 0, 0, 1, 0, 1, 2, 0, 0, 1, 2, 0, 0, 1, 0, 0, 1, 2, 0]|[0, 3, 2, 2, 4, 1, 2, 2, 2, 4, 1, 1, 2, 4, 4, 1, 2, 4, 2, 1, 1, 1, 1, 2, 1, 2, 1, 1, 1, 1, 3, 3, 3, 0, 4, 0, 1, 1, 0, 3, 2, 2, 2, 0, 1, 1, 0, 4, 0, 1, 2, 2, 1, 4, 0, 3, 2, 1, 2, 1, 1, 3, 1, 1, 1, 0, 3, 4, 3, 1, 4, 1, 1, 0, 4, 1, 1, 1, 1, 1, 1, 3, 1, 1, 1, 1, 4, 1, 2, 1, 3, 1, 2, 2, 1, 2, 2, 4, 1, 1]|[0, 2, 1, 1, 3, 0, 1, 0, 0, 0, 0, 0, 1, 0, 1, 0, 0, 3, 1, 0, 0, 0, 3, 1, 0, 2, 0, 0, 0, 1, 0, 0, 0, 0, 3, 0, 1, 0, 0, 2, 1, 1, 1, 0, 0, 0, 0, 2, 1, 0, 0, 0, 1, 3, 0, 0, 1, 0, 1, 0, 0, 2, 0, 1, 0, 1, 2, 0, 0, 1, 1, 3, 1, 1, 3, 0, 0, 0, 0, 2, 0, 0, 0, 0, 1, 0, 0, 0, 1, 0, 2, 0, 1, 0, 1, 0, 0, 2, 0, 1],740.1000024547002,57245.26292476342,97017.87740826326,false
15,G4_BALANCED,G4_BALANCED,[31, 22, 82, 15, 26, 9, 95, 42, 77, 12, 47, 5, 93, 78, 86, 54, 6, 63, 18, 13, 20, 35, 43, 97, 91, 76, 10, 30, 21, 45, 64, 71, 1, 23, 17, 83, 24, 14, 60, 36, 85, 57, 40, 88, 65, 56, 79, 94, 67, 68, 46, 75, 38, 58, 19, 32, 81, 48, 27, 28, 87, 90, 99, 59, 11, 16, 72, 73, 69, 39, 37, 84, 3, 92, 25, 55, 62, 29, 51, 7, 66, 61, 98, 41, 89, 50, 8, 96, 53, 80, 4, 33, 34, 2, 52, 44, 0, 49, 74, 70]|[1, 1, 0, 1, 1, 0, 1, 2, 2, 1, 2, 2, 2, 1, 1, 0, 0, 1, 0, 2, 2, 0, 1, 2, 0, 1, 2, 2, 0, 0, 1, 2, 1, 2, 1, 0, 2, 0, 1, 1, 0, 1, 1, 1, 0, 2, 1, 1, 0, 0, 0, 0, 1, 1, 2, 1, 2, 0, 0, 0, 2, 1, 0, 1, 2, 1, 2, 1, 1, 1, 1, 1, 1, 0, 1, 1, 0, 0, 0, 1, 2, 1, 0, 0, 1, 0, 0, 2, 0, 0, 0, 2, 2, 0, 1, 0, 0, 0, 2, 1]|[4, 3, 2, 2, 4, 1, 2, 2, 2, 4, 1, 1, 2, 4, 4, 1, 2, 4, 2, 1, 1, 1, 1, 2, 1, 2, 1, 1, 1, 1, 3, 2, 3, 0, 4, 0, 1, 1, 0, 3, 2, 2, 2, 0, 1, 1, 0, 4, 0, 1, 2, 2, 1, 4, 0, 3, 2, 1, 1, 2, 1, 3, 1, 1, 1, 3, 0, 4, 3, 1, 4, 1, 1, 0, 4, 4, 2, 1, 1, 1, 1, 3, 1, 1, 1, 1, 1, 1, 2, 1, 2, 1, 1, 2, 1, 2, 2, 1, 1, 3]|[0, 2, 1, 1, 3, 0, 1, 0, 0, 0, 0, 0, 1, 0, 1, 0, 1, 3, 1, 0, 0, 0, 3, 1, 0, 2, 0, 0, 0, 1, 0, 0, 0, 0, 3, 0, 1, 0, 0, 2, 1, 1, 1, 0, 0, 0, 0, 2, 1, 0, 0, 0, 1, 3, 0, 0, 1, 0, 0, 1, 0, 2, 0, 1, 0, 2, 1, 0, 0, 1, 1, 3, 1, 1, 3, 3, 1, 0, 0, 2, 0, 0, 0, 0, 1, 0, 0, 0, 1, 0, 1, 0, 0, 0, 1, 0, 0, 1, 0, 0],806.8306926156305,57645.15660939416,92557.17793802361,false
15,G2_TEC,G2_TEC,[31, 22, 82, 15, 26, 9, 95, 42, 77, 68, 47, 5, 93, 78, 86, 54, 85, 63, 18, 44, 20, 49, 36, 14, 74, 50, 53, 17, 21, 28, 71, 64, 3, 23, 30, 83, 24, 41, 40, 52, 65, 27, 90, 70, 39, 87, 48, 69, 99, 4, 46, 1, 13, 58, 97, 59, 45, 8, 73, 37, 35, 79, 11, 66, 76, 32, 60, 80, 96, 6, 16, 61, 33, 7, 57, 34, 12, 67, 10, 98, 56, 88, 29, 25, 91, 38, 19, 92, 43, 84, 51, 72, 81, 75, 2, 89, 0, 94, 55, 62]|[2, 1, 2, 1, 1, 2, 1, 1, 1, 1, 1, 0, 2, 2, 1, 2, 0, 0, 0, 2, 2, 1, 0, 2, 0, 2, 2, 1, 0, 1, 1, 1, 0, 0, 1, 0, 2, 1, 2, 2, 0, 0, 1, 1, 0, 2, 0, 2, 1, 0, 0, 2, 0, 0, 2, 0, 1, 1, 0, 0, 2, 1, 0, 2, 2, 0, 2, 2, 0, 1, 2, 1, 1, 2, 0, 1, 1, 1, 1, 2, 2, 1, 1, 1, 1, 0, 1, 0, 1, 0, 1, 1, 1, 0, 2, 1, 0, 2, 0, 1]|[0, 3, 0, 3, 4, 1, 4, 4, 2, 4, 3, 2, 1, 0, 2, 1, 1, 1, 2, 1, 1, 3, 0, 1, 0, 1, 1, 4, 1, 4, 3, 2, 2, 0, 4, 1, 1, 4, 0, 1, 2, 1, 4, 4, 1, 1, 0, 2, 3, 1, 2, 1, 2, 1, 1, 2, 4, 3, 0, 2, 2, 3, 1, 0, 1, 2, 0, 1, 2, 4, 1, 3, 4, 1, 2, 4, 3, 3, 3, 1, 1, 4, 3, 4, 3, 2, 4, 2, 4, 2, 3, 4, 1, 2, 1, 4, 2, 1, 2, 3]|[0, 2, 0, 0, 3, 0, 1, 3, 0, 0, 2, 0, 1, 0, 1, 0, 0, 0, 1, 0, 0, 2, 0, 0, 1, 0, 0, 3, 0, 1, 0, 2, 0, 0, 3, 0, 1, 3, 0, 0, 0, 0, 1, 3, 0, 0, 1, 0, 2, 0, 0, 0, 0, 0, 1, 0, 1, 0, 1, 1, 0, 2, 0, 0, 0, 0, 0, 0, 0, 2, 0, 0, 1, 0, 0, 1, 0, 0, 3, 0, 0, 1, 0, 3, 0, 0, 3, 0, 2, 0, 0, 2, 1, 0, 0, 1, 0, 0, 0, 0],889.0053545036524,50920.37616528636,113453.88510595518,false
15,G3_TWC,G1_CMAX,[31, 22, 82, 15, 26, 9, 95, 42, 77, 12, 47, 5, 93, 78, 86, 54, 6, 63, 18, 44, 20, 35, 43, 97, 91, 76, 10, 30, 21, 45, 64, 71, 1, 23, 17, 83, 24, 14, 60, 36, 85, 57, 40, 88, 65, 56, 79, 94, 39, 68, 46, 75, 38, 58, 19, 32, 81, 41, 27, 62, 87, 90, 99, 59, 11, 16, 72, 73, 70, 67, 37, 84, 3, 92, 25, 55, 28, 29, 51, 8, 66, 61, 98, 48, 89, 50, 7, 96, 53, 80, 4, 33, 34, 2, 52, 13, 0, 69, 74, 49]|[1, 1, 0, 1, 1, 0, 1, 2, 2, 1, 2, 2, 2, 1, 1, 0, 0, 1, 0, 2, 2, 0, 1, 2, 0, 1, 2, 2, 0, 0, 1, 2, 1, 2, 1, 0, 2, 0, 1, 1, 0, 1, 1, 1, 0, 2, 1, 1, 0, 0, 0, 0, 1, 1, 2, 1, 2, 0, 0, 0, 2, 1, 0, 1, 2, 1, 2, 1, 1, 1, 1, 1, 1, 0, 1, 1, 0, 0, 0, 1, 0, 1, 0, 0, 1, 0, 1, 2, 0, 0, 0, 0, 2, 0, 1, 0, 0, 1, 2, 0]|[4, 3, 2, 2, 4, 1, 2, 2, 2, 4, 1, 1, 2, 4, 4, 1, 2, 4, 2, 1, 1, 1, 1, 2, 1, 2, 1, 1, 1, 1, 3, 2, 3, 0, 4, 0, 1, 1, 0, 3, 2, 2, 2, 0, 1, 1, 0, 4, 0, 1, 2, 2, 1, 4, 0, 3, 2, 1, 1, 2, 1, 3, 1, 1, 1, 3, 0, 4, 3, 1, 4, 1, 1, 0, 4, 4, 2, 1, 1, 3, 1, 3, 1, 1, 1, 1, 1, 1, 2, 1, 2, 2, 1, 2, 1, 2, 2, 3, 1, 1]|[0, 2, 1, 1, 3, 0, 1, 0, 0, 0, 0, 0, 1, 0, 1, 0, 1, 3, 1, 0, 0, 0, 3, 1, 0, 2, 0, 0, 0, 1, 0, 0, 0, 0, 3, 0, 1, 0, 0, 2, 1, 1, 1, 0, 0, 0, 0, 2, 1, 0, 0, 0, 1, 3, 0, 0, 1, 0, 0, 1, 0, 2, 0, 1, 0, 2, 1, 0, 0, 1, 1, 3, 1, 1, 3, 3, 1, 0, 0, 2, 0, 0, 0, 0, 1, 0, 2, 0, 1, 0, 1, 1, 0, 0, 1, 0, 0, 0, 0, 1],824.1531664905515,57504.66170409152,92407.54974943638,true
15,G1_CMAX,G1_CMAX,[31, 22, 82, 15, 26, 9, 42, 77, 12, 5, 47, 93, 78, 86, 54, 6, 63, 18, 44, 20, 35, 43, 97, 91, 76, 10, 30, 21, 45, 17, 23, 1, 71, 83, 24, 14, 60, 36, 85, 57, 40, 95, 88, 65, 56, 79, 94, 67, 68, 46, 75, 38, 58, 19, 32, 81, 41, 62, 87, 28, 90, 59, 11, 16, 72, 73, 69, 52, 37, 64, 84, 3, 25, 29, 55, 51, 7, 98, 61, 66, 99, 33, 89, 48, 50, 96, 53, 80, 4, 8, 27, 2, 39, 13, 0, 92, 49, 74, 34, 70]|[1, 1, 0, 1, 1, 1, 2, 2, 1, 2, 2, 1, 1, 1, 0, 0, 1, 0, 2, 2, 0, 1, 2, 2, 1, 2, 2, 0, 0, 1, 2, 1, 1, 0, 2, 0, 1, 1, 0, 1, 1, 1, 1, 0, 2, 1, 1, 0, 0, 0, 0, 1, 1, 2, 1, 2, 0, 0, 2, 0, 1, 2, 2, 1, 2, 1, 1, 1, 1, 1, 1, 2, 1, 0, 2, 0, 1, 2, 1, 0, 0, 2, 1, 0, 0, 2, 0, 0, 1, 1, 0, 0, 1, 0, 0, 0, 0, 2, 2, 1]|[0, 3, 1, 2, 0, 0, 1, 1, 4, 1, 1, 4, 4, 4, 2, 2, 4, 2, 1, 1, 1, 1, 2, 1, 2, 1, 1, 1, 1, 4, 0, 3, 3, 0, 1, 1, 0, 3, 2, 2, 2, 2, 0, 1, 1, 0, 4, 0, 1, 2, 2, 1, 4, 0, 3, 2, 1, 2, 1, 2, 3, 1, 1, 3, 0, 4, 4, 1, 4, 3, 1, 2, 4, 1, 1, 1, 1, 1, 3, 1, 1, 1, 1, 1, 1, 1, 2, 1, 4, 3, 2, 2, 1, 2, 2, 0, 1, 1, 1, 4]|[1, 1, 1, 1, 3, 3, 0, 0, 0, 0, 0, 2, 0, 1, 0, 0, 3, 1, 0, 0, 0, 3, 1, 0, 2, 0, 0, 0, 1, 3, 0, 0, 0, 0, 1, 0, 0, 2, 1, 1, 1, 1, 0, 0, 0, 0, 2, 1, 0, 0, 0, 1, 3, 0, 0, 1, 0, 1, 0, 1, 2, 0, 0, 2, 1, 0, 2, 1, 1, 0, 3, 1, 3, 0, 0, 0, 2, 0, 0, 0, 0, 0, 1, 0, 0, 0, 1, 0, 0, 2, 1, 0, 1, 0, 0, 1, 1, 0, 0, 2],733.3116759547878,58140.55643565909,96674.14109675489,false
15,G4_BALANCED,G4_BALANCED,[31, 22, 82, 15, 26, 58, 95, 42, 77, 12, 47, 5, 93, 78, 86, 54, 85, 63, 18, 44, 20, 35, 43, 97, 66, 76, 10, 30, 21, 45, 71, 1, 64, 23, 17, 83, 24, 14, 60, 36, 6, 57, 40, 88, 65, 56, 79, 94, 67, 68, 46, 75, 38, 9, 19, 32, 81, 41, 27, 62, 87, 90, 99, 59, 11, 16, 72, 73, 55, 39, 37, 84, 3, 92, 25, 34, 28, 29, 51, 7, 98, 61, 91, 48, 89, 50, 4, 96, 53, 80, 8, 33, 70, 2, 52, 13, 0, 69, 74, 49]|[1, 1, 0, 1, 1, 0, 1, 2, 2, 1, 2, 2, 2, 1, 1, 0, 0, 1, 0, 2, 2, 0, 1, 2, 2, 1, 2, 2, 0, 0, 1, 1, 2, 2, 1, 0, 2, 0, 1, 1, 0, 1, 1, 1, 0, 2, 1, 1, 0, 0, 0, 0, 1, 1, 2, 1, 2, 0, 0, 0, 2, 1, 0, 1, 2, 1, 2, 1, 1, 1, 1, 1, 1, 0, 1, 2, 0, 0, 0, 1, 2, 1, 2, 0, 1, 0, 1, 2, 0, 0, 1, 2, 2, 0, 1, 0, 0, 1, 2, 0]|[4, 3, 2, 2, 4, 1, 2, 2, 2, 4, 1, 1, 2, 4, 4, 1, 2, 4, 2, 1, 1, 1, 1, 2, 1, 2, 1, 1, 1, 1, 3, 3, 1, 1, 4, 0, 1, 1, 0, 3, 2, 2, 2, 0, 1, 1, 0, 4, 0, 1, 2, 2, 1, 4, 0, 3, 2, 1, 1, 2, 1, 3, 1, 1, 1, 3, 0, 4, 3, 1, 4, 1, 1, 0, 4, 1, 2, 1, 1, 1, 1, 3, 1, 1, 1, 1, 4, 1, 2, 1, 3, 1, 1, 2, 1, 2, 2, 4, 1, 1]|[0, 2, 1, 1, 3, 0, 1, 0, 0, 0, 0, 0, 1, 0, 1, 0, 0, 3, 1, 0, 0, 0, 3, 1, 0, 2, 0, 0, 0, 1, 0, 0, 0, 0, 3, 0, 1, 0, 0, 2, 1, 1, 1, 0, 0, 0, 0, 2, 1, 0, 0, 0, 1, 3, 0, 0, 1, 0, 0, 1, 0, 2, 0, 1, 0, 2, 1, 0, 0, 1, 1, 3, 1, 1, 3, 0, 1, 0, 0, 2, 0, 0, 0, 0, 1, 0, 0, 0, 1, 0, 2, 0, 0, 0, 1, 0, 0, 2, 0, 1],747.2290380381017,56529.27441893626,94764.81220058475,false
15,G2_TEC,G2_TEC,[31, 22, 82, 15, 26, 9, 95, 42, 77, 68, 47, 5, 93, 78, 86, 54, 85, 63, 18, 44, 20, 49, 36, 14, 74, 50, 53, 17, 21, 28, 71, 64, 3, 23, 30, 83, 24, 41, 40, 52, 65, 27, 90, 70, 39, 87, 48, 69, 99, 4, 46, 1, 13, 58, 97, 59, 45, 8, 73, 37, 35, 79, 11, 66, 76, 32, 60, 80, 96, 6, 16, 61, 33, 7, 57, 34, 12, 67, 10, 98, 56, 88, 29, 25, 91, 38, 19, 92, 43, 84, 51, 72, 81, 75, 2, 89, 0, 94, 55, 62]|[2, 1, 2, 1, 1, 2, 1, 1, 1, 1, 1, 0, 2, 2, 1, 2, 0, 0, 0, 2, 2, 1, 0, 2, 0, 2, 2, 1, 0, 1, 1, 1, 0, 0, 1, 0, 2, 1, 2, 2, 0, 0, 1, 1, 0, 2, 0, 2, 1, 0, 0, 2, 0, 0, 2, 0, 1, 1, 0, 0, 2, 1, 0, 2, 2, 0, 2, 2, 0, 1, 2, 1, 1, 2, 0, 1, 1, 1, 1, 2, 2, 1, 1, 1, 1, 0, 1, 0, 1, 0, 1, 1, 1, 0, 2, 1, 0, 2, 0, 1]|[0, 3, 0, 3, 4, 1, 4, 4, 2, 4, 3, 2, 1, 0, 2, 1, 1, 1, 2, 1, 1, 3, 0, 1, 0, 1, 1, 4, 1, 4, 3, 2, 2, 0, 4, 1, 1, 4, 0, 1, 2, 1, 4, 4, 1, 1, 0, 2, 3, 1, 2, 1, 2, 1, 1, 2, 4, 3, 0, 2, 2, 3, 1, 0, 1, 2, 0, 1, 2, 4, 1, 3, 4, 1, 2, 4, 3, 3, 3, 1, 1, 4, 3, 4, 3, 2, 4, 2, 4, 2, 3, 4, 1, 2, 1, 4, 2, 1, 2, 3]|[0, 2, 0, 0, 3, 0, 1, 3, 0, 0, 2, 0, 1, 0, 1, 0, 0, 0, 1, 0, 0, 2, 0, 0, 1, 0, 0, 3, 0, 1, 0, 2, 0, 0, 3, 0, 1, 3, 0, 0, 0, 0, 1, 3, 0, 0, 1, 0, 2, 0, 0, 0, 0, 0, 1, 0, 1, 0, 1, 1, 0, 2, 0, 0, 0, 0, 0, 0, 0, 2, 0, 0, 1, 0, 0, 1, 0, 0, 3, 0, 0, 1, 0, 3, 0, 0, 3, 0, 2, 0, 0, 2, 1, 0, 0, 1, 0, 0, 0, 0],889.0053545036524,50920.37616528636,113453.88510595518,false
15,G3_TWC,G1_CMAX,[31, 22, 82, 15, 26, 9, 95, 42, 77, 12, 47, 5, 93, 78, 86, 54, 6, 63, 18, 44, 20, 35, 43, 97, 91, 76, 10, 30, 21, 45, 64, 71, 1, 23, 17, 83, 24, 14, 60, 36, 85, 57, 40, 88, 65, 56, 79, 94, 39, 68, 46, 75, 38, 58, 19, 32, 81, 41, 27, 62, 87, 90, 99, 59, 11, 16, 72, 73, 70, 67, 37, 84, 3, 92, 25, 55, 28, 29, 51, 8, 66, 61, 98, 48, 89, 50, 7, 96, 53, 80, 4, 33, 34, 2, 52, 13, 0, 69, 74, 49]|[1, 1, 0, 1, 1, 0, 1, 2, 2, 1, 2, 2, 2, 1, 1, 0, 0, 1, 0, 2, 2, 0, 1, 2, 0, 1, 2, 2, 0, 0, 1, 2, 1, 2, 1, 0, 2, 0, 1, 1, 0, 1, 1, 1, 0, 2, 1, 1, 0, 0, 0, 0, 1, 1, 2, 1, 2, 0, 0, 0, 2, 1, 0, 1, 2, 1, 2, 1, 1, 1, 1, 1, 1, 0, 1, 1, 0, 0, 0, 1, 0, 1, 0, 0, 1, 0, 1, 2, 0, 0, 0, 0, 2, 0, 1, 0, 0, 1, 2, 0]|[4, 3, 2, 2, 4, 1, 2, 2, 2, 4, 1, 1, 2, 4, 4, 1, 2, 4, 2, 1, 1, 1, 1, 2, 1, 2, 1, 1, 1, 1, 3, 2, 3, 0, 4, 0, 1, 1, 0, 3, 2, 2, 2, 0, 1, 1, 0, 4, 0, 1, 2, 2, 1, 4, 0, 3, 2, 1, 1, 2, 1, 3, 1, 1, 1, 3, 0, 4, 3, 1, 4, 1, 1, 0, 4, 4, 2, 1, 1, 3, 1, 3, 1, 1, 1, 1, 1, 1, 2, 1, 2, 2, 1, 2, 1, 2, 2, 3, 1, 1]|[0, 2, 1, 1, 3, 0, 1, 0, 0, 0, 0, 0, 1, 0, 1, 0, 1, 3, 1, 0, 0, 0, 3, 1, 0, 2, 0, 0, 0, 1, 0, 0, 0, 0, 3, 0, 1, 0, 0, 2, 1, 1, 1, 0, 0, 0, 0, 2, 1, 0, 0, 0, 1, 3, 0, 0, 1, 0, 0, 1, 0, 2, 0, 1, 0, 2, 1, 0, 0, 1, 1, 3, 1, 1, 3, 3, 1, 0, 0, 2, 0, 0, 0, 0, 1, 0, 2, 0, 1, 0, 1, 1, 0, 0, 1, 0, 0, 0, 0, 1],824.1531664905515,57504.66170409152,92407.54974943638,true
15,G1_CMAX,G1_CMAX,[31, 22, 82, 15, 26, 9, 42, 77, 12, 5, 47, 93, 78, 86, 54, 6, 63, 18, 44, 20, 35, 43, 97, 91, 76, 10, 30, 21, 45, 17, 23, 1, 71, 83, 24, 14, 60, 36, 85, 57, 40, 95, 88, 65, 56, 79, 94, 67, 68, 46, 75, 38, 58, 19, 32, 81, 41, 62, 87, 28, 90, 59, 11, 16, 72, 73, 69, 52, 37, 64, 84, 3, 25, 29, 55, 51, 7, 98, 61, 66, 99, 33, 89, 48, 50, 96, 53, 80, 4, 8, 27, 2, 39, 13, 0, 92, 49, 74, 34, 70]|[1, 1, 0, 1, 1, 1, 2, 2, 1, 2, 2, 1, 1, 1, 0, 0, 1, 0, 2, 2, 0, 1, 2, 2, 1, 2, 2, 0, 0, 1, 2, 1, 1, 0, 2, 0, 1, 1, 0, 1, 1, 1, 1, 0, 2, 1, 1, 0, 0, 0, 0, 1, 1, 2, 1, 2, 0, 0, 2, 0, 1, 2, 2, 1, 2, 1, 1, 1, 1, 1, 1, 2, 1, 0, 2, 0, 1, 2, 1, 0, 0, 2, 1, 0, 0, 2, 0, 0, 1, 1, 0, 0, 1, 0, 0, 0, 0, 2, 2, 1]|[0, 3, 1, 2, 0, 0, 1, 1, 4, 1, 1, 4, 4, 4, 2, 2, 4, 2, 1, 1, 1, 1, 2, 1, 2, 1, 1, 1, 1, 4, 0, 3, 3, 0, 1, 1, 0, 3, 2, 2, 2, 2, 0, 1, 1, 0, 4, 0, 1, 2, 2, 1, 4, 0, 3, 2, 1, 2, 1, 2, 3, 1, 1, 3, 0, 4, 4, 1, 4, 3, 1, 2, 4, 1, 1, 1, 1, 1, 3, 1, 1, 1, 1, 1, 1, 1, 2, 1, 4, 3, 2, 2, 1, 2, 2, 0, 1, 1, 1, 4]|[1, 1, 1, 1, 3, 3, 0, 0, 0, 0, 0, 2, 0, 1, 0, 0, 3, 1, 0, 0, 0, 3, 1, 0, 2, 0, 0, 0, 1, 3, 0, 0, 0, 0, 1, 0, 0, 2, 1, 1, 1, 1, 0, 0, 0, 0, 2, 1, 0, 0, 0, 1, 3, 0, 0, 1, 0, 1, 0, 1, 2, 0, 0, 2, 1, 0, 2, 1, 1, 0, 3, 1, 3, 0, 0, 0, 2, 0, 0, 0, 0, 0, 1, 0, 0, 0, 1, 0, 0, 2, 1, 0, 1, 0, 0, 1, 1, 0, 0, 2],733.3116759547878,58140.55643565909,96674.14109675489,false
15,G4_BALANCED,G4_BALANCED,[31, 22, 82, 15, 26, 9, 95, 42, 77, 68, 47, 5, 93, 78, 86, 54, 85, 63, 18, 44, 20, 49, 36, 14, 74, 50, 53, 17, 21, 28, 71, 64, 3, 23, 30, 83, 24, 41, 60, 52, 37, 27, 90, 70, 39, 87, 48, 69, 99, 4, 46, 1, 13, 58, 97, 59, 45, 8, 73, 65, 35, 79, 11, 66, 76, 32, 40, 80, 96, 6, 16, 61, 33, 7, 57, 34, 12, 67, 72, 98, 56, 84, 29, 75, 91, 38, 19, 92, 43, 88, 51, 10, 81, 25, 2, 55, 0, 94, 89, 62]|[2, 1, 2, 1, 1, 2, 1, 1, 1, 1, 1, 0, 2, 2, 1, 2, 0, 0, 0, 2, 2, 1, 0, 2, 0, 2, 2, 1, 0, 1, 1, 1, 0, 0, 1, 0, 2, 1, 2, 2, 0, 0, 1, 1, 0, 2, 0, 2, 1, 0, 0, 2, 0, 0, 2, 0, 1, 1, 0, 0, 2, 1, 0, 2, 2, 0, 2, 2, 0, 1, 2, 1, 1, 2, 0, 1, 1, 1, 1, 2, 2, 0, 1, 0, 1, 0, 1, 0, 1, 1, 1, 1, 1, 1, 2, 0, 0, 2, 1, 1]|[0, 3, 0, 3, 4, 1, 4, 4, 2, 4, 3, 2, 1, 0, 2, 1, 1, 1, 2, 1, 1, 3, 0, 1, 0, 1, 1, 4, 1, 4, 3, 2, 2, 0, 4, 1, 1, 4, 0, 1, 2, 1, 4, 4, 1, 1, 0, 2, 3, 1, 2, 1, 2, 1, 1, 2, 4, 3, 0, 2, 2, 3, 1, 0, 1, 2, 0, 1, 2, 4, 1, 3, 4, 1, 2, 4, 3, 3, 3, 1, 1, 2, 3, 2, 3, 2, 4, 2, 4, 4, 3, 4, 1, 4, 1, 2, 2, 1, 4, 3]|[0, 2, 0, 0, 3, 0, 1, 3, 0, 0, 2, 0, 1, 0, 1, 0, 0, 0, 1, 0, 0, 2, 0, 0, 1, 0, 0, 3, 0, 1, 0, 2, 0, 1, 3, 0, 1, 3, 1, 0, 1, 0, 1, 3, 0, 0, 1, 0, 2, 0, 0, 0, 0, 0, 1, 0, 1, 0, 1, 0, 0, 2, 0, 0, 0, 0, 0, 0, 0, 2, 0, 0, 1, 0, 0, 1, 0, 0, 3, 0, 0, 0, 0, 0, 0, 0, 3, 0, 2, 1, 0, 2, 1, 3, 0, 0, 0, 0, 1, 0],855.8226160314526,51698.16337880508,107786.10273826527,false
15,G2_TEC,G2_TEC,[31, 22, 82, 15, 26, 9, 95, 42, 77, 68, 47, 5, 93, 78, 86, 54, 85, 63, 18, 44, 20, 49, 36, 14, 74, 50, 53, 17, 21, 28, 71, 64, 3, 23, 30, 83, 24, 41, 40, 52, 65, 27, 90, 70, 39, 87, 48, 69, 99, 4, 46, 1, 13, 58, 97, 59, 45, 8, 73, 37, 35, 79, 11, 66, 76, 32, 60, 80, 96, 6, 16, 61, 33, 7, 57, 34, 12, 67, 10, 98, 56, 88, 29, 25, 91, 38, 19, 92, 43, 84, 51, 72, 81, 75, 2, 89, 0, 94, 55, 62]|[2, 1, 2, 1, 1, 2, 1, 1, 1, 1, 1, 0, 2, 2, 1, 2, 0, 0, 0, 2, 2, 1, 0, 2, 0, 2, 2, 1, 0, 1, 1, 1, 0, 0, 1, 0, 2, 1, 2, 2, 0, 0, 1, 1, 0, 2, 0, 2, 1, 0, 0, 2, 0, 0, 2, 0, 1, 1, 0, 0, 2, 1, 0, 2, 2, 0, 2, 2, 0, 1, 2, 1, 1, 2, 0, 1, 1, 1, 1, 2, 2, 1, 1, 1, 1, 0, 1, 0, 1, 0, 1, 1, 1, 0, 2, 1, 0, 2, 0, 1]|[0, 3, 0, 3, 4, 1, 4, 4, 2, 4, 3, 2, 1, 0, 2, 1, 1, 1, 2, 1, 1, 3, 0, 1, 0, 1, 1, 4, 1, 4, 3, 2, 2, 0, 4, 1, 1, 4, 0, 1, 2, 1, 4, 4, 1, 1, 0, 2, 3, 1, 2, 1, 2, 1, 1, 2, 4, 3, 0, 2, 2, 3, 1, 0, 1, 2, 0, 1, 2, 4, 1, 3, 4, 1, 2, 4, 3, 3, 3, 1, 1, 4, 3, 4, 3, 2, 4, 2, 4, 2, 3, 4, 1, 2, 1, 4, 2, 1, 2, 3]|[0, 2, 0, 0, 3, 0, 1, 3, 0, 0, 2, 0, 1, 0, 1, 0, 0, 0, 1, 0, 0, 2, 0, 0, 1, 0, 0, 3, 0, 1, 0, 2, 0, 0, 3, 0, 1, 3, 0, 0, 0, 0, 1, 3, 0, 0, 1, 0, 2, 0, 0, 0, 0, 0, 1, 0, 1, 0, 1, 1, 0, 2, 0, 0, 0, 0, 0, 0, 0, 2, 0, 0, 1, 0, 0, 1, 0, 0, 3, 0, 0, 1, 0, 3, 0, 0, 3, 0, 2, 0, 0, 2, 1, 0, 0, 1, 0, 0, 0, 0],889.0053545036524,50920.37616528636,113453.88510595518,false
15,G3_TWC,G1_CMAX,[31, 22, 82, 15, 26, 9, 95, 42, 77, 12, 47, 5, 93, 78, 86, 54, 6, 63, 18, 44, 20, 35, 43, 97, 91, 76, 10, 30, 21, 45, 64, 71, 1, 23, 17, 83, 24, 14, 60, 36, 85, 57, 40, 88, 65, 56, 79, 94, 39, 68, 46, 75, 38, 58, 19, 32, 81, 41, 27, 62, 87, 90, 99, 59, 11, 16, 72, 73, 70, 67, 37, 84, 3, 92, 25, 55, 28, 29, 51, 8, 66, 61, 98, 48, 89, 50, 7, 96, 53, 80, 4, 33, 34, 2, 52, 13, 0, 69, 74, 49]|[1, 1, 0, 1, 1, 0, 1, 2, 2, 1, 2, 2, 2, 1, 1, 0, 0, 1, 0, 2, 2, 0, 1, 2, 0, 1, 2, 2, 0, 0, 1, 2, 1, 2, 1, 0, 2, 0, 1, 1, 0, 1, 1, 1, 0, 2, 1, 1, 0, 0, 0, 0, 1, 1, 2, 1, 2, 0, 0, 0, 2, 1, 0, 1, 2, 1, 2, 1, 1, 1, 1, 1, 1, 0, 1, 1, 0, 0, 0, 1, 0, 1, 0, 0, 1, 0, 1, 2, 0, 0, 0, 0, 2, 0, 1, 0, 0, 1, 2, 0]|[4, 3, 2, 2, 4, 1, 2, 2, 2, 4, 1, 1, 2, 4, 4, 1, 2, 4, 2, 1, 1, 1, 1, 2, 1, 2, 1, 1, 1, 1, 3, 2, 3, 0, 4, 0, 1, 1, 0, 3, 2, 2, 2, 0, 1, 1, 0, 4, 0, 1, 2, 2, 1, 4, 0, 3, 2, 1, 1, 2, 1, 3, 1, 1, 1, 3, 0, 4, 3, 1, 4, 1, 1, 0, 4, 4, 2, 1, 1, 3, 1, 3, 1, 1, 1, 1, 1, 1, 2, 1, 2, 2, 1, 2, 1, 2, 2, 3, 1, 1]|[0, 2, 1, 1, 3, 0, 1, 0, 0, 0, 0, 0, 1, 0, 1, 0, 1, 3, 1, 0, 0, 0, 3, 1, 0, 2, 0, 0, 0, 1, 0, 0, 0, 0, 3, 0, 1, 0, 0, 2, 1, 1, 1, 0, 0, 0, 0, 2, 1, 0, 0, 0, 1, 3, 0, 0, 1, 0, 0, 1, 0, 2, 0, 1, 0, 2, 1, 0, 0, 1, 1, 3, 1, 1, 3, 3, 1, 0, 0, 2, 0, 0, 0, 0, 1, 0, 2, 0, 1, 0, 1, 1, 0, 0, 1, 0, 0, 0, 0, 1],824.1531664905515,57504.66170409152,92407.54974943638,true
15,G1_CMAX,G1_CMAX,[31, 22, 82, 15, 26, 9, 42, 77, 12, 5, 47, 93, 78, 86, 54, 6, 63, 18, 44, 20, 35, 43, 97, 91, 76, 10, 30, 21, 45, 17, 23, 1, 71, 83, 24, 14, 60, 36, 85, 57, 40, 95, 88, 65, 56, 79, 94, 67, 68, 46, 75, 38, 58, 19, 32, 81, 41, 62, 87, 28, 90, 59, 11, 16, 72, 73, 69, 52, 37, 64, 84, 3, 25, 29, 55, 51, 7, 98, 61, 66, 99, 33, 89, 48, 50, 96, 53, 80, 4, 8, 27, 2, 39, 13, 0, 92, 49, 74, 34, 70]|[1, 1, 0, 1, 1, 1, 2, 2, 1, 2, 2, 1, 1, 1, 0, 0, 1, 0, 2, 2, 0, 1, 2, 2, 1, 2, 2, 0, 0, 1, 2, 1, 1, 0, 2, 0, 1, 1, 0, 1, 1, 1, 1, 0, 2, 1, 1, 0, 0, 0, 0, 1, 1, 2, 1, 2, 0, 0, 2, 0, 1, 2, 2, 1, 2, 1, 1, 1, 1, 1, 1, 2, 1, 0, 2, 0, 1, 2, 1, 0, 0, 2, 1, 0, 0, 2, 0, 0, 1, 1, 0, 0, 1, 0, 0, 0, 0, 2, 2, 1]|[0, 3, 1, 2, 0, 0, 1, 1, 4, 1, 1, 4, 4, 4, 2, 2, 4, 2, 1, 1, 1, 1, 2, 1, 2, 1, 1, 1, 1, 4, 0, 3, 3, 0, 1, 1, 0, 3, 2, 2, 2, 2, 0, 1, 1, 0, 4, 0, 1, 2, 2, 1, 4, 0, 3, 2, 1, 2, 1, 2, 3, 1, 1, 3, 0, 4, 4, 1, 4, 3, 1, 2, 4, 1, 1, 1, 1, 1, 3, 1, 1, 1, 1, 1, 1, 1, 2, 1, 4, 3, 2, 2, 1, 2, 2, 0, 1, 1, 1, 4]|[1, 1, 1, 1, 3, 3, 0, 0, 0, 0, 0, 2, 0, 1, 0, 0, 3, 1, 0, 0, 0, 3, 1, 0, 2, 0, 0, 0, 1, 3, 0, 0, 0, 0, 1, 0, 0, 2, 1, 1, 1, 1, 0, 0, 0, 0, 2, 1, 0, 0, 0, 1, 3, 0, 0, 1, 0, 1, 0, 1, 2, 0, 0, 2, 1, 0, 2, 1, 1, 0, 3, 1, 3, 0, 0, 0, 2, 0, 0, 0, 0, 0, 1, 0, 0, 0, 1, 0, 0, 2, 1, 0, 1, 0, 0, 1, 1, 0, 0, 2],733.3116759547878,58140.55643565909,96674.14109675489,false
15,G4_BALANCED,G1_CMAX,[31, 22, 82, 15, 26, 9, 95, 42, 77, 12, 47, 5, 93, 78, 86, 54, 6, 63, 18, 44, 20, 35, 43, 97, 91, 76, 10, 30, 21, 45, 71, 64, 1, 23, 17, 83, 24, 14, 60, 36, 85, 57, 40, 88, 65, 56, 79, 94, 67, 68, 46, 75, 38, 58, 19, 32, 81, 41, 62, 87, 28, 90, 99, 59, 11, 72, 16, 73, 70, 39, 37, 84, 3, 92, 25, 34, 53, 29, 51, 7, 33, 61, 98, 48, 89, 50, 8, 96, 27, 80, 4, 66, 55, 2, 52, 13, 0, 69, 74, 49]|[1, 1, 0, 1, 1, 0, 1, 2, 2, 1, 2, 2, 2, 1, 1, 0, 0, 1, 0, 2, 2, 0, 1, 2, 2, 1, 2, 2, 0, 0, 1, 1, 1, 2, 1, 0, 2, 0, 1, 1, 0, 1, 1, 1, 0, 2, 1, 1, 0, 0, 0, 0, 1, 1, 2, 1, 2, 0, 0, 2, 2, 1, 0, 1, 2, 2, 1, 1, 1, 1, 1, 1, 1, 0, 1, 2, 0, 0, 0, 1, 2, 1, 2, 0, 1, 0, 1, 2, 0, 0, 1, 0, 2, 0, 1, 0, 0, 1, 2, 0]|[0, 3, 2, 2, 4, 1, 2, 2, 2, 4, 1, 1, 2, 4, 4, 1, 2, 4, 2, 1, 1, 1, 1, 2, 1, 2, 1, 1, 1, 1, 3, 3, 3, 1, 4, 0, 1, 1, 0, 3, 2, 2, 2, 0, 1, 1, 0, 4, 0, 1, 2, 2, 1, 4, 0, 3, 2, 1, 2, 1, 1, 3, 1, 1, 1, 1, 3, 4, 3, 1, 4, 1, 1, 0, 4, 1, 2, 1, 1, 1, 1, 3, 1, 1, 1, 1, 3, 1, 2, 1, 4, 1, 1, 2, 1, 2, 2, 4, 0, 1]|[0, 2, 1, 1, 3, 0, 1, 0, 0, 0, 0, 0, 1, 0, 1, 0, 0, 3, 1, 0, 0, 0, 3, 1, 0, 2, 0, 0, 0, 1, 0, 0, 0, 0, 3, 0, 1, 0, 0, 2, 1, 1, 1, 0, 0, 0, 0, 2, 1, 0, 0, 0, 1, 3, 0, 0, 1, 0, 1, 0, 0, 2, 0, 1, 0, 0, 2, 0, 0, 1, 1, 3, 1, 1, 3, 0, 1, 0, 0, 2, 0, 0, 0, 0, 1, 0, 2, 0, 1, 0, 0, 0, 0, 0, 1, 0, 0, 2, 1, 1],738.2938125421163,57446.237463418445,96379.0254777628,true
15,G2_TEC,G2_TEC,[31, 22, 82, 15, 26, 9, 95, 42, 77, 68, 47, 5, 93, 78, 86, 54, 85, 63, 18, 44, 20, 49, 36, 14, 74, 50, 53, 17, 21, 28, 71, 64, 3, 23, 30, 83, 24, 41, 40, 52, 65, 27, 90, 70, 39, 87, 48, 69, 99, 4, 46, 1, 13, 58, 97, 59, 45, 8, 73, 37, 35, 79, 11, 66, 76, 32, 60, 80, 96, 6, 16, 61, 33, 7, 57, 34, 12, 67, 10, 98, 56, 88, 29, 25, 91, 38, 19, 92, 43, 84, 51, 72, 81, 75, 2, 89, 0, 94, 55, 62]|[2, 1, 2, 1, 1, 2, 1, 1, 1, 1, 1, 0, 2, 2, 1, 2, 0, 0, 0, 2, 2, 1, 0, 2, 0, 2, 2, 1, 0, 1, 1, 1, 0, 0, 1, 0, 2, 1, 2, 2, 0, 0, 1, 1, 0, 2, 0, 2, 1, 0, 0, 2, 0, 0, 2, 0, 1, 1, 0, 0, 2, 1, 0, 2, 2, 0, 2, 2, 0, 1, 2, 1, 1, 2, 0, 1, 1, 1, 1, 2, 2, 1, 1, 1, 1, 0, 1, 0, 1, 0, 1, 1, 1, 0, 2, 1, 0, 2, 0, 1]|[0, 3, 0, 3, 4, 1, 4, 4, 2, 4, 3, 2, 1, 0, 2, 1, 1, 1, 2, 1, 1, 3, 0, 1, 0, 1, 1, 4, 1, 4, 3, 2, 2, 0, 4, 1, 1, 4, 0, 1, 2, 1, 4, 4, 1, 1, 0, 2, 3, 1, 2, 1, 2, 1, 1, 2, 4, 3, 0, 2, 2, 3, 1, 0, 1, 2, 0, 1, 2, 4, 1, 3, 4, 1, 2, 4, 3, 3, 3, 1, 1, 4, 3, 4, 3, 2, 4, 2, 4, 2, 3, 4, 1, 2, 1, 4, 2, 1, 2, 3]|[0, 2, 0, 0, 3, 0, 1, 3, 0, 0, 2, 0, 1, 0, 1, 0, 0, 0, 1, 0, 0, 2, 0, 0, 1, 0, 0, 3, 0, 1, 0, 2, 0, 0, 3, 0, 1, 3, 0, 0, 0, 0, 1, 3, 0, 0, 1, 0, 2, 0, 0, 0, 0, 0, 1, 0, 1, 0, 1, 1, 0, 2, 0, 0, 0, 0, 0, 0, 0, 2, 0, 0, 1, 0, 0, 1, 0, 0, 3, 0, 0, 1, 0, 3, 0, 0, 3, 0, 2, 0, 0, 2, 1, 0, 0, 1, 0, 0, 0, 0],889.0053545036524,50920.37616528636,113453.88510595518,false
15,G3_TWC,G1_CMAX,[31, 22, 82, 15, 26, 9, 95, 42, 77, 12, 47, 5, 93, 78, 86, 54, 6, 63, 18, 44, 20, 35, 43, 97, 91, 76, 10, 30, 21, 45, 64, 71, 1, 23, 17, 83, 24, 14, 60, 36, 85, 57, 40, 88, 65, 56, 79, 94, 39, 68, 46, 75, 38, 58, 19, 32, 81, 41, 27, 62, 87, 90, 99, 59, 11, 16, 72, 73, 70, 67, 37, 84, 3, 92, 25, 55, 28, 29, 51, 8, 66, 61, 98, 48, 89, 50, 7, 96, 53, 80, 4, 33, 34, 2, 52, 13, 0, 69, 74, 49]|[1, 1, 0, 1, 1, 0, 1, 2, 2, 1, 2, 2, 2, 1, 1, 0, 0, 1, 0, 2, 2, 0, 1, 2, 0, 1, 2, 2, 0, 0, 1, 2, 1, 2, 1, 0, 2, 0, 1, 1, 0, 1, 1, 1, 0, 2, 1, 1, 0, 0, 0, 0, 1, 1, 2, 1, 2, 0, 0, 0, 2, 1, 0, 1, 2, 1, 2, 1, 1, 1, 1, 1, 1, 0, 1, 1, 0, 0, 0, 1, 0, 1, 0, 0, 1, 0, 1, 2, 0, 0, 0, 0, 2, 0, 1, 0, 0, 1, 2, 0]|[4, 3, 2, 2, 4, 1, 2, 2, 2, 4, 1, 1, 2, 4, 4, 1, 2, 4, 2, 1, 1, 1, 1, 2, 1, 2, 1, 1, 1, 1, 3, 2, 3, 0, 4, 0, 1, 1, 0, 3, 2, 2, 2, 0, 1, 1, 0, 4, 0, 1, 2, 2, 1, 4, 0, 3, 2, 1, 1, 2, 1, 3, 1, 1, 1, 3, 0, 4, 3, 1, 4, 1, 1, 0, 4, 4, 2, 1, 1, 3, 1, 3, 1, 1, 1, 1, 1, 1, 2, 1, 2, 2, 1, 2, 1, 2, 2, 3, 1, 1]|[0, 2, 1, 1, 3, 0, 1, 0, 0, 0, 0, 0, 1, 0, 1, 0, 1, 3, 1, 0, 0, 0, 3, 1, 0, 2, 0, 0, 0, 1, 0, 0, 0, 0, 3, 0, 1, 0, 0, 2, 1, 1, 1, 0, 0, 0, 0, 2, 1, 0, 0, 0, 1, 3, 0, 0, 1, 0, 0, 1, 0, 2, 0, 1, 0, 2, 1, 0, 0, 1, 1, 3, 1, 1, 3, 3, 1, 0, 0, 2, 0, 0, 0, 0, 1, 0, 2, 0, 1, 0, 1, 1, 0, 0, 1, 0, 0, 0, 0, 1],824.1531664905515,57504.66170409152,92407.54974943638,true
15,G1_CMAX,G1_CMAX,[31, 22, 82, 15, 26, 9, 42, 77, 12, 5, 47, 93, 78, 86, 54, 6, 63, 18, 44, 20, 35, 43, 97, 91, 76, 10, 30, 21, 45, 17, 23, 1, 71, 83, 24, 14, 60, 36, 85, 57, 40, 95, 88, 65, 56, 79, 94, 67, 68, 46, 75, 38, 58, 19, 32, 81, 41, 62, 87, 28, 90, 59, 11, 16, 72, 73, 69, 52, 37, 64, 84, 3, 25, 29, 55, 51, 7, 98, 61, 66, 99, 33, 89, 48, 50, 96, 53, 80, 4, 8, 27, 2, 39, 13, 0, 92, 49, 74, 34, 70]|[1, 1, 0, 1, 1, 1, 2, 2, 1, 2, 2, 1, 1, 1, 0, 0, 1, 0, 2, 2, 0, 1, 2, 2, 1, 2, 2, 0, 0, 1, 2, 1, 1, 0, 2, 0, 1, 1, 0, 1, 1, 1, 1, 0, 2, 1, 1, 0, 0, 0, 0, 1, 1, 2, 1, 2, 0, 0, 2, 0, 1, 2, 2, 1, 2, 1, 1, 1, 1, 1, 1, 2, 1, 0, 2, 0, 1, 2, 1, 0, 0, 2, 1, 0, 0, 2, 0, 0, 1, 1, 0, 0, 1, 0, 0, 0, 0, 2, 2, 1]|[0, 3, 1, 2, 0, 0, 1, 1, 4, 1, 1, 4, 4, 4, 2, 2, 4, 2, 1, 1, 1, 1, 2, 1, 2, 1, 1, 1, 1, 4, 0, 3, 3, 0, 1, 1, 0, 3, 2, 2, 2, 2, 0, 1, 1, 0, 4, 0, 1, 2, 2, 1, 4, 0, 3, 2, 1, 2, 1, 2, 3, 1, 1, 3, 0, 4, 4, 1, 4, 3, 1, 2, 4, 1, 1, 1, 1, 1, 3, 1, 1, 1, 1, 1, 1, 1, 2, 1, 4, 3, 2, 2, 1, 2, 2, 0, 1, 1, 1, 4]|[1, 1, 1, 1, 3, 3, 0, 0, 0, 0, 0, 2, 0, 1, 0, 0, 3, 1, 0, 0, 0, 3, 1, 0, 2, 0, 0, 0, 1, 3, 0, 0, 0, 0, 1, 0, 0, 2, 1, 1, 1, 1, 0, 0, 0, 0, 2, 1, 0, 0, 0, 1, 3, 0, 0, 1, 0, 1, 0, 1, 2, 0, 0, 2, 1, 0, 2, 1, 1, 0, 3, 1, 3, 0, 0, 0, 2, 0, 0, 0, 0, 0, 1, 0, 0, 0, 1, 0, 0, 2, 1, 0, 1, 0, 0, 1, 1, 0, 0, 2],733.3116759547878,58140.55643565909,96674.14109675489,false
15,G4_BALANCED,G3_TWC,[31, 22, 82, 15, 26, 9, 95, 42, 77, 12, 47, 5, 93, 78, 86, 54, 85, 63, 18, 44, 20, 35, 43, 97, 91, 76, 10, 30, 21, 45, 71, 64, 1, 23, 17, 83, 24, 14, 60, 36, 41, 57, 40, 88, 65, 56, 6, 79, 94, 67, 68, 46, 75, 38, 58, 19, 32, 81, 96, 27, 62, 90, 99, 59, 11, 16, 72, 73, 69, 28, 37, 84, 3, 92, 25, 55, 39, 29, 51, 7, 66, 70, 98, 33, 89, 50, 48, 87, 80, 53, 8, 4, 34, 2, 52, 49, 0, 61, 74, 13]|[1, 1, 0, 1, 1, 0, 1, 2, 2, 2, 2, 2, 2, 2, 2, 0, 0, 0, 1, 2, 2, 0, 0, 2, 0, 0, 2, 2, 2, 0, 1, 2, 1, 1, 1, 0, 0, 0, 1, 1, 0, 1, 1, 1, 0, 2, 0, 1, 1, 0, 0, 0, 0, 1, 1, 2, 1, 2, 0, 0, 0, 1, 0, 1, 2, 1, 2, 1, 1, 1, 1, 1, 1, 0, 1, 1, 0, 0, 0, 1, 2, 1, 2, 0, 1, 0, 0, 0, 0, 0, 1, 0, 2, 0, 1, 0, 0, 1, 2, 0]|[4, 3, 2, 2, 4, 1, 2, 2, 2, 2, 1, 1, 2, 2, 1, 1, 2, 2, 4, 1, 1, 1, 1, 2, 1, 1, 1, 1, 1, 1, 3, 2, 3, 3, 4, 0, 0, 1, 0, 3, 2, 2, 2, 2, 1, 1, 1, 0, 4, 0, 1, 2, 2, 1, 4, 0, 3, 2, 1, 1, 2, 3, 1, 1, 1, 3, 0, 4, 3, 1, 4, 1, 1, 0, 4, 4, 2, 1, 1, 1, 1, 3, 1, 2, 1, 1, 1, 1, 1, 2, 3, 2, 1, 2, 1, 1, 2, 3, 1, 2]|[0, 2, 1, 1, 3, 0, 1, 0, 0, 0, 0, 0, 1, 1, 0, 0, 0, 0, 3, 0, 0, 0, 0, 1, 0, 0, 0, 0, 0, 1, 0, 0, 0, 0, 3, 0, 0, 0, 0, 2, 1, 1, 1, 1, 0, 0, 0, 0, 2, 1, 0, 0, 0, 1, 3, 0, 0, 1, 0, 0, 1, 2, 0, 1, 0, 2, 1, 0, 0, 1, 1, 3, 1, 1, 3, 3, 1, 0, 0, 2, 0, 0, 0, 1, 1, 0, 0, 0, 0, 1, 2, 1, 0, 0, 1, 1, 0, 0, 0, 0],890.4143580255544,56989.99065408122,91884.80029046525,true
15,G2_TEC,G2_TEC,[31, 22, 82, 15, 26, 9, 95, 42, 77, 68, 47, 5, 93, 78, 86, 54, 85, 63, 18, 44, 20, 49, 36, 14, 74, 50, 53, 17, 21, 28, 71, 64, 3, 23, 30, 83, 24, 41, 40, 52, 65, 27, 90, 70, 39, 87, 48, 69, 99, 4, 46, 1, 13, 58, 97, 59, 45, 8, 73, 37, 35, 79, 11, 66, 76, 32, 60, 80, 96, 6, 16, 61, 33, 7, 57, 34, 12, 67, 10, 98, 56, 88, 29, 25, 91, 38, 19, 92, 43, 84, 51, 72, 81, 75, 2, 89, 0, 94, 55, 62]|[2, 1, 2, 1, 1, 2, 1, 1, 1, 1, 1, 0, 2, 2, 1, 2, 0, 0, 0, 2, 2, 1, 0, 2, 0, 2, 2, 1, 0, 1, 1, 1, 0, 0, 1, 0, 2, 1, 2, 2, 0, 0, 1, 1, 0, 2, 0, 2, 1, 0, 0, 2, 0, 0, 2, 0, 1, 1, 0, 0, 2, 1, 0, 2, 2, 0, 2, 2, 0, 1, 2, 1, 1, 2, 0, 1, 1, 1, 1, 2, 2, 1, 1, 1, 1, 0, 1, 0, 1, 0, 1, 1, 1, 0, 2, 1, 0, 2, 0, 1]|[0, 3, 0, 3, 4, 1, 4, 4, 2, 4, 3, 2, 1, 0, 2, 1, 1, 1, 2, 1, 1, 3, 0, 1, 0, 1, 1, 4, 1, 4, 3, 2, 2, 0, 4, 1, 1, 4, 0, 1, 2, 1, 4, 4, 1, 1, 0, 2, 3, 1, 2, 1, 2, 1, 1, 2, 4, 3, 0, 2, 2, 3, 1, 0, 1, 2, 0, 1, 2, 4, 1, 3, 4, 1, 2, 4, 3, 3, 3, 1, 1, 4, 3, 4, 3, 2, 4, 2, 4, 2, 3, 4, 1, 2, 1, 4, 2, 1, 2, 3]|[0, 2, 0, 0, 3, 0, 1, 3, 0, 0, 2, 0, 1, 0, 1, 0, 0, 0, 1, 0, 0, 2, 0, 0, 1, 0, 0, 3, 0, 1, 0, 2, 0, 0, 3, 0, 1, 3, 0, 0, 0, 0, 1, 3, 0, 0, 1, 0, 2, 0, 0, 0, 0, 0, 1, 0, 1, 0, 1, 1, 0, 2, 0, 0, 0, 0, 0, 0, 0, 2, 0, 0, 1, 0, 0, 1, 0, 0, 3, 0, 0, 1, 0, 3, 0, 0, 3, 0, 2, 0, 0, 2, 1, 0, 0, 1, 0, 0, 0, 0],889.0053545036524,50920.37616528636,113453.88510595518,false
15,G3_TWC,G1_CMAX,[31, 22, 82, 15, 26, 9, 95, 42, 77, 12, 47, 5, 93, 78, 86, 54, 6, 63, 18, 44, 20, 35, 43, 97, 91, 76, 10, 30, 21, 45, 64, 71, 1, 23, 17, 83, 24, 14, 60, 36, 85, 57, 40, 88, 65, 56, 79, 94, 39, 68, 46, 75, 38, 58, 19, 32, 81, 41, 27, 62, 87, 90, 99, 59, 11, 16, 72, 73, 70, 67, 37, 84, 3, 92, 25, 55, 28, 29, 51, 8, 66, 61, 98, 48, 89, 50, 7, 96, 53, 80, 4, 33, 34, 2, 52, 13, 0, 69, 74, 49]|[1, 1, 0, 1, 1, 0, 1, 2, 2, 1, 2, 2, 2, 1, 1, 0, 0, 1, 0, 2, 2, 0, 1, 2, 0, 1, 2, 2, 0, 0, 1, 2, 1, 2, 1, 0, 2, 0, 1, 1, 0, 1, 1, 1, 0, 2, 1, 1, 0, 0, 0, 0, 1, 1, 2, 1, 2, 0, 0, 0, 2, 1, 0, 1, 2, 1, 2, 1, 1, 1, 1, 1, 1, 0, 1, 1, 0, 0, 0, 1, 0, 1, 0, 0, 1, 0, 1, 2, 0, 0, 0, 0, 2, 0, 1, 0, 0, 1, 2, 0]|[4, 3, 2, 2, 4, 1, 2, 2, 2, 4, 1, 1, 2, 4, 4, 1, 2, 4, 2, 1, 1, 1, 1, 2, 1, 2, 1, 1, 1, 1, 3, 2, 3, 0, 4, 0, 1, 1, 0, 3, 2, 2, 2, 0, 1, 1, 0, 4, 0, 1, 2, 2, 1, 4, 0, 3, 2, 1, 1, 2, 1, 3, 1, 1, 1, 3, 0, 4, 3, 1, 4, 1, 1, 0, 4, 4, 2, 1, 1, 3, 1, 3, 1, 1, 1, 1, 1, 1, 2, 1, 2, 2, 1, 2, 1, 2, 2, 3, 1, 1]|[0, 2, 1, 1, 3, 0, 1, 0, 0, 0, 0, 0, 1, 0, 1, 0, 1, 3, 1, 0, 0, 0, 3, 1, 0, 2, 0, 0, 0, 1, 0, 0, 0, 0, 3, 0, 1, 0, 0, 2, 1, 1, 1, 0, 0, 0, 0, 2, 1, 0, 0, 0, 1, 3, 0, 0, 1, 0, 0, 1, 0, 2, 0, 1, 0, 2, 1, 0, 0, 1, 1, 3, 1, 1, 3, 3, 1, 0, 0, 2, 0, 0, 0, 0, 1, 0, 2, 0, 1, 0, 1, 1, 0, 0, 1, 0, 0, 0, 0, 1],824.1531664905515,57504.66170409152,92407.54974943638,true
15,G1_CMAX,G1_CMAX,[31, 22, 82, 15, 26, 9, 42, 77, 12, 5, 47, 93, 78, 86, 54, 6, 63, 18, 44, 20, 35, 43, 97, 91, 76, 10, 30, 21, 45, 17, 23, 1, 71, 83, 24, 14, 60, 36, 85, 57, 40, 95, 88, 65, 56, 79, 94, 67, 68, 46, 75, 38, 58, 19, 32, 81, 41, 62, 87, 28, 90, 59, 11, 16, 72, 73, 69, 52, 37, 64, 84, 3, 25, 29, 55, 51, 7, 98, 61, 66, 99, 33, 89, 48, 50, 96, 53, 80, 4, 8, 27, 2, 39, 13, 0, 92, 49, 74, 34, 70]|[1, 1, 0, 1, 1, 1, 2, 2, 1, 2, 2, 1, 1, 1, 0, 0, 1, 0, 2, 2, 0, 1, 2, 2, 1, 2, 2, 0, 0, 1, 2, 1, 1, 0, 2, 0, 1, 1, 0, 1, 1, 1, 1, 0, 2, 1, 1, 0, 0, 0, 0, 1, 1, 2, 1, 2, 0, 0, 2, 0, 1, 2, 2, 1, 2, 1, 1, 1, 1, 1, 1, 2, 1, 0, 2, 0, 1, 2, 1, 0, 0, 2, 1, 0, 0, 2, 0, 0, 1, 1, 0, 0, 1, 0, 0, 0, 0, 2, 2, 1]|[0, 3, 1, 2, 0, 0, 1, 1, 4, 1, 1, 4, 4, 4, 2, 2, 4, 2, 1, 1, 1, 1, 2, 1, 2, 1, 1, 1, 1, 4, 0, 3, 3, 0, 1, 1, 0, 3, 2, 2, 2, 2, 0, 1, 1, 0, 4, 0, 1, 2, 2, 1, 4, 0, 3, 2, 1, 2, 1, 2, 3, 1, 1, 3, 0, 4, 4, 1, 4, 3, 1, 2, 4, 1, 1, 1, 1, 1, 3, 1, 1, 1, 1, 1, 1, 1, 2, 1, 4, 3, 2, 2, 1, 2, 2, 0, 1, 1, 1, 4]|[1, 1, 1, 1, 3, 3, 0, 0, 0, 0, 0, 2, 0, 1, 0, 0, 3, 1, 0, 0, 0, 3, 1, 0, 2, 0, 0, 0, 1, 3, 0, 0, 0, 0, 1, 0, 0, 2, 1, 1, 1, 1, 0, 0, 0, 0, 2, 1, 0, 0, 0, 1, 3, 0, 0, 1, 0, 1, 0, 1, 2, 0, 0, 2, 1, 0, 2, 1, 1, 0, 3, 1, 3, 0, 0, 0, 2, 0, 0, 0, 0, 0, 1, 0, 0, 0, 1, 0, 0, 2, 1, 0, 1, 0, 0, 1, 1, 0, 0, 2],733.3116759547878,58140.55643565909,96674.14109675489,false
15,G4_BALANCED,G2_TEC,[31, 22, 82, 15, 26, 9, 95, 42, 77, 68, 47, 5, 93, 78, 86, 54, 85, 63, 18, 44, 20, 49, 36, 14, 74, 50, 53, 17, 21, 28, 71, 64, 3, 23, 30, 83, 24, 41, 40, 52, 65, 27, 90, 70, 94, 87, 48, 69, 99, 4, 46, 1, 13, 58, 97, 59, 45, 8, 73, 37, 35, 79, 11, 66, 76, 32, 60, 80, 96, 6, 16, 61, 33, 7, 57, 34, 12, 67, 10, 98, 56, 88, 29, 25, 91, 38, 19, 92, 43, 84, 2, 72, 81, 75, 51, 55, 0, 89, 39, 62]|[2, 1, 2, 1, 1, 2, 1, 1, 1, 1, 1, 0, 2, 2, 1, 2, 0, 0, 0, 2, 2, 1, 0, 2, 0, 2, 2, 1, 0, 1, 1, 1, 0, 0, 1, 0, 2, 1, 2, 2, 0, 0, 1, 1, 2, 2, 0, 2, 1, 0, 0, 2, 0, 0, 2, 0, 1, 1, 0, 0, 2, 1, 0, 2, 2, 0, 2, 2, 0, 1, 2, 1, 1, 2, 0, 1, 1, 1, 1, 2, 2, 1, 1, 1, 1, 0, 1, 0, 1, 0, 2, 1, 1, 0, 1, 0, 0, 1, 2, 1]|[0, 3, 0, 3, 4, 1, 4, 4, 2, 4, 3, 2, 1, 0, 2, 1, 1, 1, 2, 1, 1, 3, 0, 1, 0, 1, 1, 4, 1, 4, 3, 2, 2, 0, 4, 1, 1, 4, 0, 1, 2, 1, 4, 4, 1, 1, 0, 2, 3, 1, 2, 1, 2, 1, 1, 2, 4, 3, 0, 2, 2, 3, 1, 0, 1, 2, 0, 1, 2, 4, 1, 3, 4, 1, 2, 4, 3, 3, 3, 1, 1, 4, 3, 4, 3, 2, 4, 2, 4, 2, 1, 4, 1, 2, 3, 2, 2, 4, 1, 3]|[0, 2, 0, 0, 3, 0, 1, 3, 0, 0, 2, 0, 1, 0, 1, 0, 0, 0, 1, 0, 0, 2, 0, 0, 1, 0, 0, 3, 0, 1, 0, 2, 0, 0, 3, 0, 1, 3, 0, 0, 0, 0, 1, 3, 0, 0, 1, 0, 2, 0, 0, 0, 0, 0, 1, 0, 1, 0, 1, 1, 0, 2, 0, 0, 0, 0, 0, 0, 0, 2, 0, 0, 1, 0, 0, 1, 0, 0, 3, 0, 0, 1, 0, 3, 0, 0, 3, 0, 2, 0, 0, 2, 1, 0, 0, 0, 0, 1, 0, 0],867.7607855588188,50967.088221775004,113560.76219892871,true
15,G2_TEC,G2_TEC,[31, 22, 82, 15, 26, 9, 95, 42, 77, 68, 47, 5, 93, 78, 86, 54, 85, 63, 18, 44, 20, 49, 36, 14, 74, 50, 53, 17, 21, 28, 71, 64, 3, 23, 30, 83, 24, 41, 40, 52, 65, 27, 90, 70, 39, 87, 48, 69, 99, 4, 46, 1, 13, 58, 97, 59, 45, 8, 73, 37, 35, 79, 11, 66, 76, 32, 60, 80, 96, 6, 16, 61, 33, 7, 57, 34, 12, 67, 10, 98, 56, 88, 29, 25, 91, 38, 19, 92, 43, 84, 51, 72, 81, 75, 2, 89, 0, 94, 55, 62]|[2, 1, 2, 1, 1, 2, 1, 1, 1, 1, 1, 0, 2, 2, 1, 2, 0, 0, 0, 2, 2, 1, 0, 2, 0, 2, 2, 1, 0, 1, 1, 1, 0, 0, 1, 0, 2, 1, 2, 2, 0, 0, 1, 1, 0, 2, 0, 2, 1, 0, 0, 2, 0, 0, 2, 0, 1, 1, 0, 0, 2, 1, 0, 2, 2, 0, 2, 2, 0, 1, 2, 1, 1, 2, 0, 1, 1, 1, 1, 2, 2, 1, 1, 1, 1, 0, 1, 0, 1, 0, 1, 1, 1, 0, 2, 1, 0, 2, 0, 1]|[0, 3, 0, 3, 4, 1, 4, 4, 2, 4, 3, 2, 1, 0, 2, 1, 1, 1, 2, 1, 1, 3, 0, 1, 0, 1, 1, 4, 1, 4, 3, 2, 2, 0, 4, 1, 1, 4, 0, 1, 2, 1, 4, 4, 1, 1, 0, 2, 3, 1, 2, 1, 2, 1, 1, 2, 4, 3, 0, 2, 2, 3, 1, 0, 1, 2, 0, 1, 2, 4, 1, 3, 4, 1, 2, 4, 3, 3, 3, 1, 1, 4, 3, 4, 3, 2, 4, 2, 4, 2, 3, 4, 1, 2, 1, 4, 2, 1, 2, 3]|[0, 2, 0, 0, 3, 0, 1, 3, 0, 0, 2, 0, 1, 0, 1, 0, 0, 0, 1, 0, 0, 2, 0, 0, 1, 0, 0, 3, 0, 1, 0, 2, 0, 0, 3, 0, 1, 3, 0, 0, 0, 0, 1, 3, 0, 0, 1, 0, 2, 0, 0, 0, 0, 0, 1, 0, 1, 0, 1, 1, 0, 2, 0, 0, 0, 0, 0, 0, 0, 2, 0, 0, 1, 0, 0, 1, 0, 0, 3, 0, 0, 1, 0, 3, 0, 0, 3, 0, 2, 0, 0, 2, 1, 0, 0, 1, 0, 0, 0, 0],889.0053545036524,50920.37616528636,113453.88510595518,false
15,G3_TWC,G1_CMAX,[31, 22, 82, 15, 26, 9, 95, 42, 77, 12, 47, 5, 93, 78, 86, 54, 6, 63, 18, 44, 20, 35, 43, 97, 91, 76, 10, 30, 21, 45, 64, 71, 1, 23, 17, 83, 24, 14, 60, 36, 85, 57, 40, 88, 65, 56, 79, 94, 39, 68, 46, 75, 38, 58, 19, 32, 81, 41, 27, 62, 87, 90, 99, 59, 11, 16, 72, 73, 70, 67, 37, 84, 3, 92, 25, 55, 28, 29, 51, 8, 66, 61, 98, 48, 89, 50, 7, 96, 53, 80, 4, 33, 34, 2, 52, 13, 0, 69, 74, 49]|[1, 1, 0, 1, 1, 0, 1, 2, 2, 1, 2, 2, 2, 1, 1, 0, 0, 1, 0, 2, 2, 0, 1, 2, 0, 1, 2, 2, 0, 0, 1, 2, 1, 2, 1, 0, 2, 0, 1, 1, 0, 1, 1, 1, 0, 2, 1, 1, 0, 0, 0, 0, 1, 1, 2, 1, 2, 0, 0, 0, 2, 1, 0, 1, 2, 1, 2, 1, 1, 1, 1, 1, 1, 0, 1, 1, 0, 0, 0, 1, 0, 1, 0, 0, 1, 0, 1, 2, 0, 0, 0, 0, 2, 0, 1, 0, 0, 1, 2, 0]|[4, 3, 2, 2, 4, 1, 2, 2, 2, 4, 1, 1, 2, 4, 4, 1, 2, 4, 2, 1, 1, 1, 1, 2, 1, 2, 1, 1, 1, 1, 3, 2, 3, 0, 4, 0, 1, 1, 0, 3, 2, 2, 2, 0, 1, 1, 0, 4, 0, 1, 2, 2, 1, 4, 0, 3, 2, 1, 1, 2, 1, 3, 1, 1, 1, 3, 0, 4, 3, 1, 4, 1, 1, 0, 4, 4, 2, 1, 1, 3, 1, 3, 1, 1, 1, 1, 1, 1, 2, 1, 2, 2, 1, 2, 1, 2, 2, 3, 1, 1]|[0, 2, 1, 1, 3, 0, 1, 0, 0, 0, 0, 0, 1, 0, 1, 0, 1, 3, 1, 0, 0, 0, 3, 1, 0, 2, 0, 0, 0, 1, 0, 0, 0, 0, 3, 0, 1, 0, 0, 2, 1, 1, 1, 0, 0, 0, 0, 2, 1, 0, 0, 0, 1, 3, 0, 0, 1, 0, 0, 1, 0, 2, 0, 1, 0, 2, 1, 0, 0, 1, 1, 3, 1, 1, 3, 3, 1, 0, 0, 2, 0, 0, 0, 0, 1, 0, 2, 0, 1, 0, 1, 1, 0, 0, 1, 0, 0, 0, 0, 1],824.1531664905515,57504.66170409152,92407.54974943638,true
15,G1_CMAX,G1_CMAX,[31, 22, 82, 15, 26, 9, 42, 77, 12, 5, 47, 93, 78, 86, 54, 6, 63, 18, 44, 20, 35, 43, 97, 91, 76, 10, 30, 21, 45, 17, 23, 1, 71, 83, 24, 14, 60, 36, 85, 57, 40, 95, 88, 65, 56, 79, 94, 67, 68, 46, 75, 38, 58, 19, 32, 81, 41, 62, 87, 28, 90, 59, 11, 16, 72, 73, 69, 52, 37, 64, 84, 3, 25, 29, 55, 51, 7, 98, 61, 66, 99, 33, 89, 48, 50, 96, 53, 80, 4, 8, 27, 2, 39, 13, 0, 92, 49, 74, 34, 70]|[1, 1, 0, 1, 1, 1, 2, 2, 1, 2, 2, 1, 1, 1, 0, 0, 1, 0, 2, 2, 0, 1, 2, 2, 1, 2, 2, 0, 0, 1, 2, 1, 1, 0, 2, 0, 1, 1, 0, 1, 1, 1, 1, 0, 2, 1, 1, 0, 0, 0, 0, 1, 1, 2, 1, 2, 0, 0, 2, 0, 1, 2, 2, 1, 2, 1, 1, 1, 1, 1, 1, 2, 1, 0, 2, 0, 1, 2, 1, 0, 0, 2, 1, 0, 0, 2, 0, 0, 1, 1, 0, 0, 1, 0, 0, 0, 0, 2, 2, 1]|[0, 3, 1, 2, 0, 0, 1, 1, 4, 1, 1, 4, 4, 4, 2, 2, 4, 2, 1, 1, 1, 1, 2, 1, 2, 1, 1, 1, 1, 4, 0, 3, 3, 0, 1, 1, 0, 3, 2, 2, 2, 2, 0, 1, 1, 0, 4, 0, 1, 2, 2, 1, 4, 0, 3, 2, 1, 2, 1, 2, 3, 1, 1, 3, 0, 4, 4, 1, 4, 3, 1, 2, 4, 1, 1, 1, 1, 1, 3, 1, 1, 1, 1, 1, 1, 1, 2, 1, 4, 3, 2, 2, 1, 2, 2, 0, 1, 1, 1, 4]|[1, 1, 1, 1, 3, 3, 0, 0, 0, 0, 0, 2, 0, 1, 0, 0, 3, 1, 0, 0, 0, 3, 1, 0, 2, 0, 0, 0, 1, 3, 0, 0, 0, 0, 1, 0, 0, 2, 1, 1, 1, 1, 0, 0, 0, 0, 2, 1, 0, 0, 0, 1, 3, 0, 0, 1, 0, 1, 0, 1, 2, 0, 0, 2, 1, 0, 2, 1, 1, 0, 3, 1, 3, 0, 0, 0, 2, 0, 0, 0, 0, 0, 1, 0, 0, 0, 1, 0, 0, 2, 1, 0, 1, 0, 0, 1, 1, 0, 0, 2],733.3116759547878,58140.55643565909,96674.14109675489,false
15,G4_BALANCED,G4_BALANCED,[31, 22, 82, 15, 26, 58, 95, 42, 77, 12, 47, 5, 93, 78, 86, 54, 85, 63, 18, 44, 20, 35, 43, 97, 66, 76, 79, 30, 21, 45, 71, 64, 1, 23, 17, 83, 24, 14, 60, 36, 6, 57, 40, 88, 65, 56, 10, 94, 67, 68, 46, 75, 38, 9, 19, 32, 41, 81, 27, 87, 28, 90, 99, 59, 11, 16, 72, 73, 70, 39, 37, 84, 3, 92, 25, 55, 62, 29, 51, 7, 33, 61, 98, 48, 89, 50, 4, 96, 53, 80, 8, 91, 34, 69, 52, 13, 0, 2, 74, 49]|[1, 1, 0, 1, 1, 0, 1, 2, 2, 1, 2, 2, 2, 1, 1, 0, 0, 1, 0, 2, 2, 0, 1, 2, 2, 1, 2, 2, 0, 0, 1, 2, 1, 2, 1, 0, 2, 0, 1, 1, 0, 1, 1, 1, 0, 2, 2, 1, 0, 0, 0, 0, 1, 1, 2, 1, 0, 0, 0, 2, 0, 1, 0, 1, 2, 1, 2, 1, 1, 1, 1, 1, 1, 0, 1, 2, 0, 0, 0, 1, 2, 1, 2, 0, 1, 0, 1, 2, 0, 0, 1, 2, 2, 1, 1, 0, 0, 0, 2, 0]|[4, 3, 2, 2, 4, 1, 2, 2, 2, 4, 1, 1, 2, 4, 4, 1, 2, 4, 2, 1, 1, 1, 1, 2, 1, 2, 1, 1, 1, 1, 3, 2, 3, 1, 4, 0, 1, 1, 0, 3, 2, 2, 2, 0, 1, 1, 1, 4, 0, 1, 2, 2, 1, 4, 0, 3, 1, 1, 1, 1, 2, 3, 1, 1, 1, 3, 0, 4, 3, 1, 4, 1, 1, 0, 4, 1, 2, 1, 1, 1, 1, 3, 1, 1, 1, 1, 4, 1, 2, 1, 3, 1, 1, 4, 1, 2, 2, 2, 1, 1]|[0, 2, 1, 1, 3, 0, 1, 0, 0, 0, 0, 0, 1, 0, 1, 0, 0, 3, 1, 0, 0, 0, 3, 1, 0, 2, 0, 0, 0, 1, 0, 0, 0, 0, 3, 0, 1, 0, 0, 2, 1, 1, 1, 0, 0, 0, 0, 2, 1, 0, 0, 0, 1, 3, 0, 0, 0, 0, 0, 0, 1, 2, 0, 1, 0, 2, 1, 0, 0, 1, 1, 3, 1, 1, 3, 0, 1, 0, 0, 2, 0, 0, 0, 0, 1, 0, 0, 0, 1, 0, 2, 0, 0, 2, 1, 0, 0, 0, 0, 1],779.4157875228544,55773.95482290022,95868.19405613806,false
15,G2_TEC,G2_TEC,[31, 22, 82, 15, 26, 9, 95, 42, 77, 68, 47, 5, 93, 78, 86, 54, 85, 63, 18, 44, 20, 49, 36, 14, 74, 50, 53, 17, 21, 28, 71, 64, 3, 23, 30, 83, 24, 41, 40, 52, 65, 27, 90, 70, 39, 87, 48, 69, 99, 4, 46, 1, 13, 58, 97, 59, 45, 8, 73, 37, 35, 79, 11, 66, 76, 32, 60, 80, 96, 6, 16, 61, 33, 7, 57, 34, 12, 67, 10, 98, 56, 88, 29, 25, 91, 38, 19, 92, 43, 84, 51, 72, 81, 75, 2, 89, 0, 94, 55, 62]|[2, 1, 2, 1, 1, 2, 1, 1, 1, 1, 1, 0, 2, 2, 1, 2, 0, 0, 0, 2, 2, 1, 0, 2, 0, 2, 2, 1, 0, 1, 1, 1, 0, 0, 1, 0, 2, 1, 2, 2, 0, 0, 1, 1, 0, 2, 0, 2, 1, 0, 0, 2, 0, 0, 2, 0, 1, 1, 0, 0, 2, 1, 0, 2, 2, 0, 2, 2, 0, 1, 2, 1, 1, 2, 0, 1, 1, 1, 1, 2, 2, 1, 1, 1, 1, 0, 1, 0, 1, 0, 1, 1, 1, 0, 2, 1, 0, 2, 0, 1]|[0, 3, 0, 3, 4, 1, 4, 4, 2, 4, 3, 2, 1, 0, 2, 1, 1, 1, 2, 1, 1, 3, 0, 1, 0, 1, 1, 4, 1, 4, 3, 2, 2, 0, 4, 1, 1, 4, 0, 1, 2, 1, 4, 4, 1, 1, 0, 2, 3, 1, 2, 1, 2, 1, 1, 2, 4, 3, 0, 2, 2, 3, 1, 0, 1, 2, 0, 1, 2, 4, 1, 3, 4, 1, 2, 4, 3, 3, 3, 1, 1, 4, 3, 4, 3, 2, 4, 2, 4, 2, 3, 4, 1, 2, 1, 4, 2, 1, 2, 3]|[0, 2, 0, 0, 3, 0, 1, 3, 0, 0, 2, 0, 1, 0, 1, 0, 0, 0, 1, 0, 0, 2, 0, 0, 1, 0, 0, 3, 0, 1, 0, 2, 0, 0, 3, 0, 1, 3, 0, 0, 0, 0, 1, 3, 0, 0, 1, 0, 2, 0, 0, 0, 0, 0, 1, 0, 1, 0, 1, 1, 0, 2, 0, 0, 0, 0, 0, 0, 0, 2, 0, 0, 1, 0, 0, 1, 0, 0, 3, 0, 0, 1, 0, 3, 0, 0, 3, 0, 2, 0, 0, 2, 1, 0, 0, 1, 0, 0, 0, 0],889.0053545036524,50920.37616528636,113453.88510595518,false
15,G3_TWC,G1_CMAX,[31, 22, 82, 15, 26, 9, 95, 42, 77, 12, 47, 5, 93, 78, 86, 54, 6, 63, 18, 44, 20, 35, 43, 97, 91, 76, 10, 30, 21, 45, 64, 71, 1, 23, 17, 83, 24, 14, 60, 36, 85, 57, 40, 88, 65, 56, 79, 94, 39, 68, 46, 75, 38, 58, 19, 32, 81, 41, 27, 62, 87, 90, 99, 59, 11, 16, 72, 73, 70, 67, 37, 84, 3, 92, 25, 55, 28, 29, 51, 8, 66, 61, 98, 48, 89, 50, 7, 96, 53, 80, 4, 33, 34, 2, 52, 13, 0, 69, 74, 49]|[1, 1, 0, 1, 1, 0, 1, 2, 2, 1, 2, 2, 2, 1, 1, 0, 0, 1, 0, 2, 2, 0, 1, 2, 0, 1, 2, 2, 0, 0, 1, 2, 1, 2, 1, 0, 2, 0, 1, 1, 0, 1, 1, 1, 0, 2, 1, 1, 0, 0, 0, 0, 1, 1, 2, 1, 2, 0, 0, 0, 2, 1, 0, 1, 2, 1, 2, 1, 1, 1, 1, 1, 1, 0, 1, 1, 0, 0, 0, 1, 0, 1, 0, 0, 1, 0, 1, 2, 0, 0, 0, 0, 2, 0, 1, 0, 0, 1, 2, 0]|[4, 3, 2, 2, 4, 1, 2, 2, 2, 4, 1, 1, 2, 4, 4, 1, 2, 4, 2, 1, 1, 1, 1, 2, 1, 2, 1, 1, 1, 1, 3, 2, 3, 0, 4, 0, 1, 1, 0, 3, 2, 2, 2, 0, 1, 1, 0, 4, 0, 1, 2, 2, 1, 4, 0, 3, 2, 1, 1, 2, 1, 3, 1, 1, 1, 3, 0, 4, 3, 1, 4, 1, 1, 0, 4, 4, 2, 1, 1, 3, 1, 3, 1, 1, 1, 1, 1, 1, 2, 1, 2, 2, 1, 2, 1, 2, 2, 3, 1, 1]|[0, 2, 1, 1, 3, 0, 1, 0, 0, 0, 0, 0, 1, 0, 1, 0, 1, 3, 1, 0, 0, 0, 3, 1, 0, 2, 0, 0, 0, 1, 0, 0, 0, 0, 3, 0, 1, 0, 0, 2, 1, 1, 1, 0, 0, 0, 0, 2, 1, 0, 0, 0, 1, 3, 0, 0, 1, 0, 0, 1, 0, 2, 0, 1, 0, 2, 1, 0, 0, 1, 1, 3, 1, 1, 3, 3, 1, 0, 0, 2, 0, 0, 0, 0, 1, 0, 2, 0, 1, 0, 1, 1, 0, 0, 1, 0, 0, 0, 0, 1],824.1531664905515,57504.66170409152,92407.54974943638,true
15,G1_CMAX,G1_CMAX,[31, 22, 82, 15, 26, 9, 42, 77, 12, 5, 47, 93, 78, 86, 54, 6, 63, 18, 44, 20, 35, 43, 97, 91, 76, 10, 30, 21, 45, 17, 23, 1, 71, 83, 24, 14, 60, 36, 85, 57, 40, 95, 88, 65, 56, 79, 94, 67, 68, 46, 75, 38, 58, 19, 32, 81, 41, 62, 87, 28, 90, 59, 11, 16, 72, 73, 69, 52, 37, 64, 84, 3, 25, 29, 55, 51, 7, 98, 61, 66, 99, 33, 89, 48, 50, 96, 53, 80, 4, 8, 27, 2, 39, 13, 0, 92, 49, 74, 34, 70]|[1, 1, 0, 1, 1, 1, 2, 2, 1, 2, 2, 1, 1, 1, 0, 0, 1, 0, 2, 2, 0, 1, 2, 2, 1, 2, 2, 0, 0, 1, 2, 1, 1, 0, 2, 0, 1, 1, 0, 1, 1, 1, 1, 0, 2, 1, 1, 0, 0, 0, 0, 1, 1, 2, 1, 2, 0, 0, 2, 0, 1, 2, 2, 1, 2, 1, 1, 1, 1, 1, 1, 2, 1, 0, 2, 0, 1, 2, 1, 0, 0, 2, 1, 0, 0, 2, 0, 0, 1, 1, 0, 0, 1, 0, 0, 0, 0, 2, 2, 1]|[0, 3, 1, 2, 0, 0, 1, 1, 4, 1, 1, 4, 4, 4, 2, 2, 4, 2, 1, 1, 1, 1, 2, 1, 2, 1, 1, 1, 1, 4, 0, 3, 3, 0, 1, 1, 0, 3, 2, 2, 2, 2, 0, 1, 1, 0, 4, 0, 1, 2, 2, 1, 4, 0, 3, 2, 1, 2, 1, 2, 3, 1, 1, 3, 0, 4, 4, 1, 4, 3, 1, 2, 4, 1, 1, 1, 1, 1, 3, 1, 1, 1, 1, 1, 1, 1, 2, 1, 4, 3, 2, 2, 1, 2, 2, 0, 1, 1, 1, 4]|[1, 1, 1, 1, 3, 3, 0, 0, 0, 0, 0, 2, 0, 1, 0, 0, 3, 1, 0, 0, 0, 3, 1, 0, 2, 0, 0, 0, 1, 3, 0, 0, 0, 0, 1, 0, 0, 2, 1, 1, 1, 1, 0, 0, 0, 0, 2, 1, 0, 0, 0, 1, 3, 0, 0, 1, 0, 1, 0, 1, 2, 0, 0, 2, 1, 0, 2, 1, 1, 0, 3, 1, 3, 0, 0, 0, 2, 0, 0, 0, 0, 0, 1, 0, 0, 0, 1, 0, 0, 2, 1, 0, 1, 0, 0, 1, 1, 0, 0, 2],733.3116759547878,58140.55643565909,96674.14109675489,false
15,G4_BALANCED,G4_BALANCED,[31, 22, 82, 15, 26, 9, 95, 42, 77, 12, 47, 5, 93, 78, 86, 54, 6, 63, 18, 44, 20, 35, 43, 97, 91, 76, 10, 30, 21, 45, 71, 1, 64, 23, 17, 83, 24, 14, 60, 36, 85, 57, 40, 88, 65, 56, 79, 94, 67, 68, 46, 75, 38, 58, 19, 32, 81, 41, 62, 87, 90, 99, 59, 11, 16, 72, 73, 70, 39, 37, 84, 2, 3, 92, 25, 55, 28, 29, 51, 7, 66, 61, 98, 33, 89, 50, 8, 96, 53, 80, 4, 48, 34, 27, 52, 13, 0, 69, 74, 49]|[1, 1, 0, 1, 1, 0, 1, 2, 2, 1, 2, 2, 2, 1, 1, 0, 0, 1, 0, 2, 2, 0, 1, 2, 0, 1, 2, 2, 0, 0, 2, 1, 2, 2, 1, 0, 2, 0, 1, 1, 0, 1, 1, 1, 0, 2, 1, 1, 1, 0, 0, 0, 1, 1, 2, 1, 2, 0, 0, 2, 1, 0, 0, 2, 1, 1, 2, 1, 1, 1, 1, 0, 1, 0, 1, 2, 0, 0, 0, 1, 2, 1, 2, 2, 1, 0, 1, 2, 0, 0, 1, 0, 2, 0, 1, 0, 0, 1, 2, 0]|[4, 3, 2, 2, 4, 1, 2, 2, 2, 4, 1, 1, 2, 4, 4, 1, 2, 4, 2, 1, 1, 1, 1, 2, 1, 2, 1, 1, 1, 1, 2, 3, 2, 1, 4, 0, 1, 1, 0, 3, 2, 2, 2, 0, 1, 1, 0, 4, 1, 1, 2, 2, 1, 4, 0, 3, 2, 1, 2, 1, 3, 1, 1, 1, 3, 3, 1, 4, 3, 1, 4, 2, 1, 0, 4, 1, 2, 1, 1, 1, 1, 3, 1, 1, 1, 1, 3, 1, 2, 1, 4, 1, 1, 1, 1, 2, 2, 4, 1, 1]|[0, 2, 1, 1, 3, 0, 1, 0, 0, 0, 0, 0, 1, 0, 1, 0, 0, 3, 1, 0, 0, 0, 3, 1, 0, 2, 0, 0, 0, 1, 0, 0, 0, 0, 3, 0, 1, 0, 0, 2, 1, 1, 1, 0, 0, 0, 0, 2, 1, 0, 0, 0, 1, 3, 0, 0, 1, 0, 1, 0, 2, 0, 0, 0, 2, 2, 0, 0, 0, 1, 1, 0, 1, 1, 3, 0, 1, 0, 0, 2, 0, 0, 0, 0, 1, 0, 2, 0, 1, 0, 0, 0, 0, 0, 1, 0, 0, 2, 0, 1],808.3781732679919,55722.61868583377,100632.15673257285,false
15,G2_TEC,G2_TEC,[31, 22, 82, 15, 26, 9, 95, 42, 77, 68, 47, 5, 93, 78, 86, 54, 85, 63, 18, 44, 20, 49, 36, 14, 74, 50, 53, 17, 21, 28, 71, 64, 3, 23, 30, 83, 24, 41, 40, 52, 65, 27, 90, 70, 39, 87, 48, 69, 99, 4, 46, 1, 13, 58, 97, 59, 45, 8, 73, 37, 35, 79, 11, 66, 76, 32, 60, 80, 96, 6, 16, 61, 33, 7, 57, 34, 12, 67, 10, 98, 56, 88, 29, 25, 91, 38, 19, 92, 43, 84, 51, 72, 81, 75, 2, 89, 0, 94, 55, 62]|[2, 1, 2, 1, 1, 2, 1, 1, 1, 1, 1, 0, 2, 2, 1, 2, 0, 0, 0, 2, 2, 1, 0, 2, 0, 2, 2, 1, 0, 1, 1, 1, 0, 0, 1, 0, 2, 1, 2, 2, 0, 0, 1, 1, 0, 2, 0, 2, 1, 0, 0, 2, 0, 0, 2, 0, 1, 1, 0, 0, 2, 1, 0, 2, 2, 0, 2, 2, 0, 1, 2, 1, 1, 2, 0, 1, 1, 1, 1, 2, 2, 1, 1, 1, 1, 0, 1, 0, 1, 0, 1, 1, 1, 0, 2, 1, 0, 2, 0, 1]|[0, 3, 0, 3, 4, 1, 4, 4, 2, 4, 3, 2, 1, 0, 2, 1, 1, 1, 2, 1, 1, 3, 0, 1, 0, 1, 1, 4, 1, 4, 3, 2, 2, 0, 4, 1, 1, 4, 0, 1, 2, 1, 4, 4, 1, 1, 0, 2, 3, 1, 2, 1, 2, 1, 1, 2, 4, 3, 0, 2, 2, 3, 1, 0, 1, 2, 0, 1, 2, 4, 1, 3, 4, 1, 2, 4, 3, 3, 3, 1, 1, 4, 3, 4, 3, 2, 4, 2, 4, 2, 3, 4, 1, 2, 1, 4, 2, 1, 2, 3]|[0, 2, 0, 0, 3, 0, 1, 3, 0, 0, 2, 0, 1, 0, 1, 0, 0, 0, 1, 0, 0, 2, 0, 0, 1, 0, 0, 3, 0, 1, 0, 2, 0, 0, 3, 0, 1, 3, 0, 0, 0, 0, 1, 3, 0, 0, 1, 0, 2, 0, 0, 0, 0, 0, 1, 0, 1, 0, 1, 1, 0, 2, 0, 0, 0, 0, 0, 0, 0, 2, 0, 0, 1, 0, 0, 1, 0, 0, 3, 0, 0, 1, 0, 3, 0, 0, 3, 0, 2, 0, 0, 2, 1, 0, 0, 1, 0, 0, 0, 0],889.0053545036524,50920.37616528636,113453.88510595518,false
15,G3_TWC,G1_CMAX,[31, 22, 82, 15, 26, 9, 95, 42, 77, 12, 47, 5, 93, 78, 86, 54, 6, 63, 18, 44, 20, 35, 43, 97, 91, 76, 10, 30, 21, 45, 64, 71, 1, 23, 17, 83, 24, 14, 60, 36, 85, 57, 40, 88, 65, 56, 79, 94, 39, 68, 46, 75, 38, 58, 19, 32, 81, 41, 27, 62, 87, 90, 99, 59, 11, 16, 72, 73, 70, 67, 37, 84, 3, 92, 25, 55, 28, 29, 51, 8, 66, 61, 98, 48, 89, 50, 7, 96, 53, 80, 4, 33, 34, 2, 52, 13, 0, 69, 74, 49]|[1, 1, 0, 1, 1, 0, 1, 2, 2, 1, 2, 2, 2, 1, 1, 0, 0, 1, 0, 2, 2, 0, 1, 2, 0, 1, 2, 2, 0, 0, 1, 2, 1, 2, 1, 0, 2, 0, 1, 1, 0, 1, 1, 1, 0, 2, 1, 1, 0, 0, 0, 0, 1, 1, 2, 1, 2, 0, 0, 0, 2, 1, 0, 1, 2, 1, 2, 1, 1, 1, 1, 1, 1, 0, 1, 1, 0, 0, 0, 1, 0, 1, 0, 0, 1, 0, 1, 2, 0, 0, 0, 0, 2, 0, 1, 0, 0, 1, 2, 0]|[4, 3, 2, 2, 4, 1, 2, 2, 2, 4, 1, 1, 2, 4, 4, 1, 2, 4, 2, 1, 1, 1, 1, 2, 1, 2, 1, 1, 1, 1, 3, 2, 3, 0, 4, 0, 1, 1, 0, 3, 2, 2, 2, 0, 1, 1, 0, 4, 0, 1, 2, 2, 1, 4, 0, 3, 2, 1, 1, 2, 1, 3, 1, 1, 1, 3, 0, 4, 3, 1, 4, 1, 1, 0, 4, 4, 2, 1, 1, 3, 1, 3, 1, 1, 1, 1, 1, 1, 2, 1, 2, 2, 1, 2, 1, 2, 2, 3, 1, 1]|[0, 2, 1, 1, 3, 0, 1, 0, 0, 0, 0, 0, 1, 0, 1, 0, 1, 3, 1, 0, 0, 0, 3, 1, 0, 2, 0, 0, 0, 1, 0, 0, 0, 0, 3, 0, 1, 0, 0, 2, 1, 1, 1, 0, 0, 0, 0, 2, 1, 0, 0, 0, 1, 3, 0, 0, 1, 0, 0, 1, 0, 2, 0, 1, 0, 2, 1, 0, 0, 1, 1, 3, 1, 1, 3, 3, 1, 0, 0, 2, 0, 0, 0, 0, 1, 0, 2, 0, 1, 0, 1, 1, 0, 0, 1, 0, 0, 0, 0, 1],824.1531664905515,57504.66170409152,92407.54974943638,true
15,G1_CMAX,G1_CMAX,[31, 22, 82, 15, 26, 9, 42, 77, 12, 5, 47, 93, 78, 86, 54, 6, 63, 18, 44, 20, 35, 43, 97, 91, 76, 10, 30, 21, 45, 17, 23, 1, 71, 83, 24, 14, 60, 36, 85, 57, 40, 95, 88, 65, 56, 79, 94, 67, 68, 46, 75, 38, 58, 19, 32, 81, 41, 62, 87, 28, 90, 59, 11, 16, 72, 73, 69, 52, 37, 64, 84, 3, 25, 29, 55, 51, 7, 98, 61, 66, 99, 33, 89, 48, 50, 96, 53, 80, 4, 8, 27, 2, 39, 13, 0, 92, 49, 74, 34, 70]|[1, 1, 0, 1, 1, 1, 2, 2, 1, 2, 2, 1, 1, 1, 0, 0, 1, 0, 2, 2, 0, 1, 2, 2, 1, 2, 2, 0, 0, 1, 2, 1, 1, 0, 2, 0, 1, 1, 0, 1, 1, 1, 1, 0, 2, 1, 1, 0, 0, 0, 0, 1, 1, 2, 1, 2, 0, 0, 2, 0, 1, 2, 2, 1, 2, 1, 1, 1, 1, 1, 1, 2, 1, 0, 2, 0, 1, 2, 1, 0, 0, 2, 1, 0, 0, 2, 0, 0, 1, 1, 0, 0, 1, 0, 0, 0, 0, 2, 2, 1]|[0, 3, 1, 2, 0, 0, 1, 1, 4, 1, 1, 4, 4, 4, 2, 2, 4, 2, 1, 1, 1, 1, 2, 1, 2, 1, 1, 1, 1, 4, 0, 3, 3, 0, 1, 1, 0, 3, 2, 2, 2, 2, 0, 1, 1, 0, 4, 0, 1, 2, 2, 1, 4, 0, 3, 2, 1, 2, 1, 2, 3, 1, 1, 3, 0, 4, 4, 1, 4, 3, 1, 2, 4, 1, 1, 1, 1, 1, 3, 1, 1, 1, 1, 1, 1, 1, 2, 1, 4, 3, 2, 2, 1, 2, 2, 0, 1, 1, 1, 4]|[1, 1, 1, 1, 3, 3, 0, 0, 0, 0, 0, 2, 0, 1, 0, 0, 3, 1, 0, 0, 0, 3, 1, 0, 2, 0, 0, 0, 1, 3, 0, 0, 0, 0, 1, 0, 0, 2, 1, 1, 1, 1, 0, 0, 0, 0, 2, 1, 0, 0, 0, 1, 3, 0, 0, 1, 0, 1, 0, 1, 2, 0, 0, 2, 1, 0, 2, 1, 1, 0, 3, 1, 3, 0, 0, 0, 2, 0, 0, 0, 0, 0, 1, 0, 0, 0, 1, 0, 0, 2, 1, 0, 1, 0, 0, 1, 1, 0, 0, 2],733.3116759547878,58140.55643565909,96674.14109675489,false
15,G4_BALANCED,G1_CMAX,[31, 22, 82, 15, 26, 58, 95, 42, 77, 12, 47, 5, 93, 78, 86, 54, 85, 63, 18, 44, 20, 35, 43, 97, 91, 76, 10, 30, 21, 45, 71, 64, 1, 23, 17, 83, 24, 14, 60, 36, 41, 57, 40, 88, 65, 56, 79, 94, 67, 68, 46, 75, 38, 9, 19, 32, 81, 6, 27, 62, 87, 90, 99, 59, 11, 16, 72, 73, 69, 39, 37, 84, 3, 48, 25, 55, 28, 29, 51, 7, 98, 61, 66, 92, 89, 50, 4, 96, 53, 80, 8, 33, 34, 2, 52, 13, 74, 70, 0, 49]|[1, 1, 0, 1, 1, 0, 1, 2, 2, 1, 2, 2, 2, 1, 1, 0, 0, 1, 0, 2, 2, 0, 1, 2, 0, 1, 2, 2, 0, 0, 1, 2, 1, 2, 1, 0, 2, 0, 1, 1, 0, 1, 1, 1, 0, 2, 1, 1, 0, 0, 0, 0, 1, 1, 2, 1, 2, 0, 0, 0, 2, 1, 0, 1, 2, 1, 2, 1, 1, 1, 1, 1, 1, 0, 1, 1, 0, 0, 0, 1, 2, 1, 0, 0, 1, 0, 0, 2, 0, 0, 1, 2, 2, 0, 1, 0, 2, 1, 0, 0]|[4, 3, 2, 2, 4, 1, 2, 2, 2, 4, 1, 1, 2, 4, 4, 1, 2, 4, 2, 1, 1, 1, 1, 2, 1, 2, 1, 1, 1, 1, 3, 2, 3, 1, 4, 0, 1, 1, 0, 3, 2, 2, 2, 0, 1, 1, 0, 4, 0, 1, 2, 2, 1, 4, 0, 3, 2, 1, 1, 2, 1, 3, 1, 1, 1, 3, 0, 4, 3, 1, 4, 1, 1, 1, 4, 4, 2, 1, 1, 1, 1, 3, 1, 1, 1, 1, 2, 1, 2, 1, 3, 1, 1, 2, 1, 2, 1, 4, 2, 1]|[0, 2, 1, 1, 3, 0, 1, 0, 0, 0, 0, 0, 1, 0, 1, 0, 0, 3, 1, 0, 0, 0, 3, 1, 0, 2, 0, 0, 0, 1, 0, 0, 0, 0, 3, 0, 1, 0, 0, 2, 1, 1, 1, 0, 0, 0, 0, 2, 1, 0, 0, 0, 1, 3, 0, 0, 1, 0, 0, 1, 0, 2, 0, 1, 0, 2, 1, 0, 0, 1, 1, 3, 1, 0, 3, 3, 1, 0, 0, 2, 0, 0, 0, 0, 1, 0, 1, 0, 1, 0, 2, 0, 0, 0, 1, 0, 0, 2, 0, 1],791.3134159191948,57015.92405046703,93164.14496711646,true
15,G2_TEC,G2_TEC,[31, 22, 82, 15, 26, 9, 95, 42, 77, 68, 47, 5, 93, 78, 86, 54, 85, 63, 18, 44, 20, 49, 36, 14, 74, 50, 53, 17, 21, 28, 71, 64, 3, 23, 30, 83, 24, 41, 40, 52, 65, 27, 90, 70, 39, 87, 48, 69, 99, 4, 46, 1, 13, 58, 97, 59, 45, 8, 73, 37, 35, 79, 11, 66, 76, 32, 60, 80, 96, 6, 16, 61, 33, 7, 57, 34, 12, 67, 10, 98, 56, 88, 29, 25, 91, 38, 19, 92, 43, 84, 51, 72, 81, 75, 2, 89, 0, 94, 55, 62]|[2, 1, 2, 1, 1, 2, 1, 1, 1, 1, 1, 0, 2, 2, 1, 2, 0, 0, 0, 2, 2, 1, 0, 2, 0, 2, 2, 1, 0, 1, 1, 1, 0, 0, 1, 0, 2, 1, 2, 2, 0, 0, 1, 1, 0, 2, 0, 2, 1, 0, 0, 2, 0, 0, 2, 0, 1, 1, 0, 0, 2, 1, 0, 2, 2, 0, 2, 2, 0, 1, 2, 1, 1, 2, 0, 1, 1, 1, 1, 2, 2, 1, 1, 1, 1, 0, 1, 0, 1, 0, 1, 1, 1, 0, 2, 1, 0, 2, 0, 1]|[0, 3, 0, 3, 4, 1, 4, 4, 2, 4, 3, 2, 1, 0, 2, 1, 1, 1, 2, 1, 1, 3, 0, 1, 0, 1, 1, 4, 1, 4, 3, 2, 2, 0, 4, 1, 1, 4, 0, 1, 2, 1, 4, 4, 1, 1, 0, 2, 3, 1, 2, 1, 2, 1, 1, 2, 4, 3, 0, 2, 2, 3, 1, 0, 1, 2, 0, 1, 2, 4, 1, 3, 4, 1, 2, 4, 3, 3, 3, 1, 1, 4, 3, 4, 3, 2, 4, 2, 4, 2, 3, 4, 1, 2, 1, 4, 2, 1, 2, 3]|[0, 2, 0, 0, 3, 0, 1, 3, 0, 0, 2, 0, 1, 0, 1, 0, 0, 0, 1, 0, 0, 2, 0, 0, 1, 0, 0, 3, 0, 1, 0, 2, 0, 0, 3, 0, 1, 3, 0, 0, 0, 0, 1, 3, 0, 0, 1, 0, 2, 0, 0, 0, 0, 0, 1, 0, 1, 0, 1, 1, 0, 2, 0, 0, 0, 0, 0, 0, 0, 2, 0, 0, 1, 0, 0, 1, 0, 0, 3, 0, 0, 1, 0, 3, 0, 0, 3, 0, 2, 0, 0, 2, 1, 0, 0, 1, 0, 0, 0, 0],889.0053545036524,50920.37616528636,113453.88510595518,false
15,G3_TWC,G1_CMAX,[31, 22, 82, 15, 26, 9, 95, 42, 77, 12, 47, 5, 93, 78, 86, 54, 6, 63, 18, 44, 20, 35, 43, 97, 91, 76, 10, 30, 21, 45, 64, 71, 1, 23, 17, 83, 24, 14, 60, 36, 85, 57, 40, 88, 65, 56, 79, 94, 39, 68, 46, 75, 38, 58, 19, 32, 81, 41, 27, 62, 87, 90, 99, 59, 11, 16, 72, 73, 70, 67, 37, 84, 3, 92, 25, 55, 28, 29, 51, 8, 66, 61, 98, 48, 89, 50, 7, 96, 53, 80, 4, 33, 34, 2, 52, 13, 0, 69, 74, 49]|[1, 1, 0, 1, 1, 0, 1, 2, 2, 1, 2, 2, 2, 1, 1, 0, 0, 1, 0, 2, 2, 0, 1, 2, 0, 1, 2, 2, 0, 0, 1, 2, 1, 2, 1, 0, 2, 0, 1, 1, 0, 1, 1, 1, 0, 2, 1, 1, 0, 0, 0, 0, 1, 1, 2, 1, 2, 0, 0, 0, 2, 1, 0, 1, 2, 1, 2, 1, 1, 1, 1, 1, 1, 0, 1, 1, 0, 0, 0, 1, 0, 1, 0, 0, 1, 0, 1, 2, 0, 0, 0, 0, 2, 0, 1, 0, 0, 1, 2, 0]|[4, 3, 2, 2, 4, 1, 2, 2, 2, 4, 1, 1, 2, 4, 4, 1, 2, 4, 2, 1, 1, 1, 1, 2, 1, 2, 1, 1, 1, 1, 3, 2, 3, 0, 4, 0, 1, 1, 0, 3, 2, 2, 2, 0, 1, 1, 0, 4, 0, 1, 2, 2, 1, 4, 0, 3, 2, 1, 1, 2, 1, 3, 1, 1, 1, 3, 0, 4, 3, 1, 4, 1, 1, 0, 4, 4, 2, 1, 1, 3, 1, 3, 1, 1, 1, 1, 1, 1, 2, 1, 2, 2, 1, 2, 1, 2, 2, 3, 1, 1]|[0, 2, 1, 1, 3, 0, 1, 0, 0, 0, 0, 0, 1, 0, 1, 0, 1, 3, 1, 0, 0, 0, 3, 1, 0, 2, 0, 0, 0, 1, 0, 0, 0, 0, 3, 0, 1, 0, 0, 2, 1, 1, 1, 0, 0, 0, 0, 2, 1, 0, 0, 0, 1, 3, 0, 0, 1, 0, 0, 1, 0, 2, 0, 1, 0, 2, 1, 0, 0, 1, 1, 3, 1, 1, 3, 3, 1, 0, 0, 2, 0, 0, 0, 0, 1, 0, 2, 0, 1, 0, 1, 1, 0, 0, 1, 0, 0, 0, 0, 1],824.1531664905515,57504.66170409152,92407.54974943638,true
15,G1_CMAX,G1_CMAX,[31, 22, 82, 15, 26, 9, 42, 77, 12, 5, 47, 93, 78, 86, 54, 6, 63, 18, 44, 20, 35, 43, 97, 91, 76, 10, 30, 21, 45, 17, 23, 1, 71, 83, 24, 14, 60, 36, 85, 57, 40, 95, 88, 65, 56, 79, 94, 67, 68, 46, 75, 38, 58, 19, 32, 81, 41, 62, 87, 28, 90, 59, 11, 16, 72, 73, 69, 52, 37, 64, 84, 3, 25, 29, 55, 51, 7, 98, 61, 66, 99, 33, 89, 48, 50, 96, 53, 80, 4, 8, 27, 2, 39, 13, 0, 92, 49, 74, 34, 70]|[1, 1, 0, 1, 1, 1, 2, 2, 1, 2, 2, 1, 1, 1, 0, 0, 1, 0, 2, 2, 0, 1, 2, 2, 1, 2, 2, 0, 0, 1, 2, 1, 1, 0, 2, 0, 1, 1, 0, 1, 1, 1, 1, 0, 2, 1, 1, 0, 0, 0, 0, 1, 1, 2, 1, 2, 0, 0, 2, 0, 1, 2, 2, 1, 2, 1, 1, 1, 1, 1, 1, 2, 1, 0, 2, 0, 1, 2, 1, 0, 0, 2, 1, 0, 0, 2, 0, 0, 1, 1, 0, 0, 1, 0, 0, 0, 0, 2, 2, 1]|[0, 3, 1, 2, 0, 0, 1, 1, 4, 1, 1, 4, 4, 4, 2, 2, 4, 2, 1, 1, 1, 1, 2, 1, 2, 1, 1, 1, 1, 4, 0, 3, 3, 0, 1, 1, 0, 3, 2, 2, 2, 2, 0, 1, 1, 0, 4, 0, 1, 2, 2, 1, 4, 0, 3, 2, 1, 2, 1, 2, 3, 1, 1, 3, 0, 4, 4, 1, 4, 3, 1, 2, 4, 1, 1, 1, 1, 1, 3, 1, 1, 1, 1, 1, 1, 1, 2, 1, 4, 3, 2, 2, 1, 2, 2, 0, 1, 1, 1, 4]|[1, 1, 1, 1, 3, 3, 0, 0, 0, 0, 0, 2, 0, 1, 0, 0, 3, 1, 0, 0, 0, 3, 1, 0, 2, 0, 0, 0, 1, 3, 0, 0, 0, 0, 1, 0, 0, 2, 1, 1, 1, 1, 0, 0, 0, 0, 2, 1, 0, 0, 0, 1, 3, 0, 0, 1, 0, 1, 0, 1, 2, 0, 0, 2, 1, 0, 2, 1, 1, 0, 3, 1, 3, 0, 0, 0, 2, 0, 0, 0, 0, 0, 1, 0, 0, 0, 1, 0, 0, 2, 1, 0, 1, 0, 0, 1, 1, 0, 0, 2],733.3116759547878,58140.55643565909,96674.14109675489,false
15,G4_BALANCED,G4_BALANCED,[31, 22, 82, 15, 26, 9, 95, 42, 77, 12, 47, 5, 93, 78, 86, 54, 85, 63, 18, 44, 20, 35, 43, 97, 91, 76, 10, 30, 21, 45, 71, 64, 1, 23, 17, 83, 24, 14, 60, 36, 41, 57, 40, 88, 65, 56, 6, 94, 67, 68, 46, 79, 75, 38, 58, 32, 81, 53, 27, 62, 87, 90, 99, 59, 11, 16, 72, 73, 70, 39, 37, 84, 3, 92, 25, 55, 28, 29, 51, 98, 7, 61, 66, 48, 89, 50, 4, 96, 19, 80, 8, 33, 34, 2, 52, 13, 0, 69, 74, 49]|[1, 1, 0, 1, 1, 1, 1, 2, 2, 1, 2, 2, 2, 1, 1, 0, 0, 1, 1, 2, 2, 0, 0, 2, 0, 0, 2, 2, 0, 0, 1, 2, 1, 2, 1, 0, 2, 0, 1, 1, 0, 1, 1, 1, 0, 2, 0, 1, 1, 0, 0, 1, 0, 1, 1, 1, 2, 0, 0, 0, 2, 1, 0, 1, 2, 1, 2, 1, 1, 1, 1, 1, 1, 0, 1, 1, 0, 0, 0, 2, 1, 1, 2, 0, 1, 0, 1, 2, 2, 0, 1, 2, 2, 0, 1, 0, 0, 1, 2, 0]|[4, 3, 2, 2, 4, 4, 2, 2, 2, 4, 1, 1, 2, 4, 4, 1, 2, 4, 4, 1, 1, 1, 1, 2, 1, 1, 1, 1, 1, 1, 3, 2, 3, 1, 4, 0, 1, 1, 0, 3, 1, 2, 2, 2, 1, 1, 2, 4, 4, 1, 2, 0, 2, 1, 4, 3, 2, 2, 1, 2, 1, 3, 1, 1, 1, 3, 1, 4, 3, 1, 4, 1, 1, 1, 4, 4, 2, 1, 1, 1, 1, 3, 1, 1, 1, 1, 4, 1, 0, 1, 3, 1, 1, 2, 1, 2, 2, 4, 1, 1]|[0, 2, 1, 1, 3, 3, 1, 0, 0, 0, 0, 0, 1, 0, 1, 0, 0, 3, 3, 0, 0, 0, 0, 1, 0, 0, 0, 0, 0, 1, 0, 0, 0, 0, 3, 0, 1, 0, 0, 2, 0, 1, 1, 1, 0, 0, 1, 2, 2, 0, 0, 0, 0, 1, 3, 0, 1, 1, 0, 1, 0, 2, 0, 1, 0, 2, 0, 0, 0, 1, 1, 3, 1, 0, 3, 3, 1, 0, 0, 0, 2, 0, 0, 0, 1, 0, 0, 0, 0, 0, 2, 0, 0, 0, 1, 0, 0, 2, 0, 1],906.3266491353144,55159.908782456725,105135.37307620374,false
15,G2_TEC,G2_TEC,[31, 22, 82, 15, 26, 9, 95, 42, 77, 68, 47, 5, 93, 78, 86, 54, 85, 63, 18, 44, 20, 49, 36, 14, 74, 50, 53, 17, 21, 28, 71, 64, 3, 23, 30, 83, 24, 41, 40, 52, 65, 27, 90, 70, 39, 87, 48, 69, 99, 4, 46, 1, 13, 58, 97, 59, 45, 8, 73, 37, 35, 79, 11, 66, 76, 32, 60, 80, 96, 6, 16, 61, 33, 7, 57, 34, 12, 67, 10, 98, 56, 88, 29, 25, 91, 38, 19, 92, 43, 84, 51, 72, 81, 75, 2, 89, 0, 94, 55, 62]|[2, 1, 2, 1, 1, 2, 1, 1, 1, 1, 1, 0, 2, 2, 1, 2, 0, 0, 0, 2, 2, 1, 0, 2, 0, 2, 2, 1, 0, 1, 1, 1, 0, 0, 1, 0, 2, 1, 2, 2, 0, 0, 1, 1, 0, 2, 0, 2, 1, 0, 0, 2, 0, 0, 2, 0, 1, 1, 0, 0, 2, 1, 0, 2, 2, 0, 2, 2, 0, 1, 2, 1, 1, 2, 0, 1, 1, 1, 1, 2, 2, 1, 1, 1, 1, 0, 1, 0, 1, 0, 1, 1, 1, 0, 2, 1, 0, 2, 0, 1]|[0, 3, 0, 3, 4, 1, 4, 4, 2, 4, 3, 2, 1, 0, 2, 1, 1, 1, 2, 1, 1, 3, 0, 1, 0, 1, 1, 4, 1, 4, 3, 2, 2, 0, 4, 1, 1, 4, 0, 1, 2, 1, 4, 4, 1, 1, 0, 2, 3, 1, 2, 1, 2, 1, 1, 2, 4, 3, 0, 2, 2, 3, 1, 0, 1, 2, 0, 1, 2, 4, 1, 3, 4, 1, 2, 4, 3, 3, 3, 1, 1, 4, 3, 4, 3, 2, 4, 2, 4, 2, 3, 4, 1, 2, 1, 4, 2, 1, 2, 3]|[0, 2, 0, 0, 3, 0, 1, 3, 0, 0, 2, 0, 1, 0, 1, 0, 0, 0, 1, 0, 0, 2, 0, 0, 1, 0, 0, 3, 0, 1, 0, 2, 0, 0, 3, 0, 1, 3, 0, 0, 0, 0, 1, 3, 0, 0, 1, 0, 2, 0, 0, 0, 0, 0, 1, 0, 1, 0, 1, 1, 0, 2, 0, 0, 0, 0, 0, 0, 0, 2, 0, 0, 1, 0, 0, 1, 0, 0, 3, 0, 0, 1, 0, 3, 0, 0, 3, 0, 2, 0, 0, 2, 1, 0, 0, 1, 0, 0, 0, 0],889.0053545036524,50920.37616528636,113453.88510595518,false
15,G3_TWC,G1_CMAX,[31, 22, 82, 15, 26, 9, 95, 42, 77, 12, 47, 5, 93, 78, 86, 54, 6, 63, 18, 44, 20, 35, 43, 97, 91, 76, 10, 30, 21, 45, 64, 71, 1, 23, 17, 83, 24, 14, 60, 36, 85, 57, 40, 88, 65, 56, 79, 94, 39, 68, 46, 75, 38, 58, 19, 32, 81, 41, 27, 62, 87, 90, 99, 59, 11, 16, 72, 73, 70, 67, 37, 84, 3, 92, 25, 55, 28, 29, 51, 8, 66, 61, 98, 48, 89, 50, 7, 96, 53, 80, 4, 33, 34, 2, 52, 13, 0, 69, 74, 49]|[1, 1, 0, 1, 1, 0, 1, 2, 2, 1, 2, 2, 2, 1, 1, 0, 0, 1, 0, 2, 2, 0, 1, 2, 0, 1, 2, 2, 0, 0, 1, 2, 1, 2, 1, 0, 2, 0, 1, 1, 0, 1, 1, 1, 0, 2, 1, 1, 0, 0, 0, 0, 1, 1, 2, 1, 2, 0, 0, 0, 2, 1, 0, 1, 2, 1, 2, 1, 1, 1, 1, 1, 1, 0, 1, 1, 0, 0, 0, 1, 0, 1, 0, 0, 1, 0, 1, 2, 0, 0, 0, 0, 2, 0, 1, 0, 0, 1, 2, 0]|[4, 3, 2, 2, 4, 1, 2, 2, 2, 4, 1, 1, 2, 4, 4, 1, 2, 4, 2, 1, 1, 1, 1, 2, 1, 2, 1, 1, 1, 1, 3, 2, 3, 0, 4, 0, 1, 1, 0, 3, 2, 2, 2, 0, 1, 1, 0, 4, 0, 1, 2, 2, 1, 4, 0, 3, 2, 1, 1, 2, 1, 3, 1, 1, 1, 3, 0, 4, 3, 1, 4, 1, 1, 0, 4, 4, 2, 1, 1, 3, 1, 3, 1, 1, 1, 1, 1, 1, 2, 1, 2, 2, 1, 2, 1, 2, 2, 3, 1, 1]|[0, 2, 1, 1, 3, 0, 1, 0, 0, 0, 0, 0, 1, 0, 1, 0, 1, 3, 1, 0, 0, 0, 3, 1, 0, 2, 0, 0, 0, 1, 0, 0, 0, 0, 3, 0, 1, 0, 0, 2, 1, 1, 1, 0, 0, 0, 0, 2, 1, 0, 0, 0, 1, 3, 0, 0, 1, 0, 0, 1, 0, 2, 0, 1, 0, 2, 1, 0, 0, 1, 1, 3, 1, 1, 3, 3, 1, 0, 0, 2, 0, 0, 0, 0, 1, 0, 2, 0, 1, 0, 1, 1, 0, 0, 1, 0, 0, 0, 0, 1],824.1531664905515,57504.66170409152,92407.54974943638,true
16,G1_CMAX,G1_CMAX,[31, 22, 82, 15, 26, 9, 42, 77, 12, 5, 47, 93, 78, 86, 54, 6, 63, 18, 44, 20, 35, 43, 97, 91, 76, 10, 30, 21, 45, 17, 23, 1, 71, 83, 24, 14, 60, 36, 85, 57, 40, 95, 88, 65, 56, 79, 94, 67, 68, 46, 75, 38, 58, 19, 32, 81, 41, 62, 87, 28, 90, 59, 11, 16, 72, 73, 69, 52, 37, 64, 84, 3, 25, 29, 55, 51, 7, 98, 61, 66, 99, 33, 89, 48, 50, 96, 53, 80, 4, 8, 27, 2, 39, 13, 0, 92, 49, 74, 34, 70]|[1, 1, 0, 1, 1, 1, 2, 2, 1, 2, 2, 1, 1, 1, 0, 0, 1, 0, 2, 2, 0, 1, 2, 2, 1, 2, 2, 0, 0, 1, 2, 1, 1, 0, 2, 0, 1, 1, 0, 1, 1, 1, 1, 0, 2, 1, 1, 0, 0, 0, 0, 1, 1, 2, 1, 2, 0, 0, 2, 0, 1, 2, 2, 1, 2, 1, 1, 1, 1, 1, 1, 2, 1, 0, 2, 0, 1, 2, 1, 0, 0, 2, 1, 0, 0, 2, 0, 0, 1, 1, 0, 0, 1, 0, 0, 0, 0, 2, 2, 1]|[0, 3, 1, 2, 0, 0, 1, 1, 4, 1, 1, 4, 4, 4, 2, 2, 4, 2, 1, 1, 1, 1, 2, 1, 2, 1, 1, 1, 1, 4, 0, 3, 3, 0, 1, 1, 0, 3, 2, 2, 2, 2, 0, 1, 1, 0, 4, 0, 1, 2, 2, 1, 4, 0, 3, 2, 1, 2, 1, 2, 3, 1, 1, 3, 0, 4, 4, 1, 4, 3, 1, 2, 4, 1, 1, 1, 1, 1, 3, 1, 1, 1, 1, 1, 1, 1, 2, 1, 4, 3, 2, 2, 1, 2, 2, 0, 1, 1, 1, 4]|[1, 1, 1, 1, 3, 3, 0, 0, 0, 0, 0, 2, 0, 1, 0, 0, 3, 1, 0, 0, 0, 3, 1, 0, 2, 0, 0, 0, 1, 3, 0, 0, 0, 0, 1, 0, 0, 2, 1, 1, 1, 1, 0, 0, 0, 0, 2, 1, 0, 0, 0, 1, 3, 0, 0, 1, 0, 1, 0, 1, 2, 0, 0, 2, 1, 0, 2, 1, 1, 0, 3, 1, 3, 0, 0, 0, 2, 0, 0, 0, 0, 0, 1, 0, 0, 0, 1, 0, 0, 2, 1, 0, 1, 0, 0, 1, 1, 0, 0, 2],733.3116759547878,58140.55643565909,96674.14109675489,false
16,G4_BALANCED,G4_BALANCED,[31, 22, 82, 15, 26, 9, 95, 42, 77, 12, 47, 5, 93, 78, 86, 54, 85, 63, 18, 44, 20, 35, 43, 97, 91, 76, 10, 30, 21, 45, 71, 64, 1, 23, 17, 83, 24, 14, 60, 36, 41, 57, 40, 88, 65, 56, 6, 94, 67, 68, 46, 79, 75, 38, 58, 32, 81, 53, 27, 62, 87, 90, 99, 59, 11, 16, 72, 73, 70, 39, 37, 84, 3, 92, 25, 55, 28, 29, 51, 98, 7, 61, 66, 48, 89, 50, 4, 96, 19, 80, 8, 33, 34, 2, 52, 13, 0, 69, 74, 49]|[1, 1, 0, 1, 1, 1, 1, 2, 2, 1, 2, 2, 2, 1, 1, 0, 0, 1, 1, 2, 2, 0, 0, 2, 0, 0, 2, 2, 0, 0, 1, 2, 1, 2, 1, 0, 2, 0, 1, 1, 0, 1, 1, 1, 0, 2, 0, 1, 1, 0, 0, 1, 0, 1, 1, 1, 2, 0, 0, 0, 2, 1, 0, 1, 2, 1, 2, 1, 1, 1, 1, 1, 1, 0, 1, 1, 0, 0, 0, 2, 1, 1, 2, 0, 1, 0, 1, 2, 2, 0, 1, 2, 2, 0, 1, 0, 0, 1, 2, 0]|[4, 3, 2, 2, 4, 4, 2, 2, 2, 4, 1, 1, 2, 4, 4, 1, 2, 4, 4, 1, 1, 1, 1, 2, 1, 1, 1, 1, 1, 1, 3, 2, 3, 1, 4, 0, 1, 1, 0, 3, 1, 2, 2, 2, 1, 1, 2, 4, 4, 1, 2, 0, 2, 1, 4, 3, 2, 2, 1, 2, 1, 3, 1, 1, 1, 3, 1, 4, 3, 1, 4, 1, 1, 1, 4, 4, 2, 1, 1, 1, 1, 3, 1, 1, 1, 1, 4, 1, 0, 1, 3, 1, 1, 2, 1, 2, 2, 4, 1, 1]|[0, 2, 1, 1, 3, 3, 1, 0, 0, 0, 0, 0, 1, 0, 1, 0, 0, 3, 3, 0, 0, 0, 0, 1, 0, 0, 0, 0, 0, 1, 0, 0, 0, 0, 3, 0, 1, 0, 0, 2, 0, 1, 1, 1, 0, 0, 1, 2, 2, 0, 0, 0, 0, 1, 3, 0, 1, 1, 0, 1, 0, 2, 0, 1, 0, 2, 0, 0, 0, 1, 1, 3, 1, 0, 3, 3, 1, 0, 0, 0, 2, 0, 0, 0, 1, 0, 0, 0, 0, 0, 2, 0, 0, 0, 1, 0, 0, 2, 0, 1],906.3266491353144,55159.908782456725,105135.37307620374,false
16,G2_TEC,G2_TEC,[31, 22, 82, 15, 26, 9, 95, 42, 77, 68, 47, 5, 93, 78, 86, 54, 85, 63, 18, 44, 20, 49, 36, 14, 74, 50, 53, 17, 21, 28, 71, 64, 3, 23, 30, 83, 24, 41, 40, 52, 65, 27, 90, 70, 39, 87, 48, 69, 99, 4, 46, 1, 13, 58, 97, 59, 45, 8, 73, 37, 35, 79, 11, 66, 76, 32, 60, 80, 96, 6, 16, 61, 33, 7, 57, 34, 12, 67, 10, 98, 56, 88, 29, 25, 91, 38, 19, 92, 43, 84, 51, 72, 81, 75, 2, 89, 0, 94, 55, 62]|[2, 1, 2, 1, 1, 2, 1, 1, 1, 1, 1, 0, 2, 2, 1, 2, 0, 0, 0, 2, 2, 1, 0, 2, 0, 2, 2, 1, 0, 1, 1, 1, 0, 0, 1, 0, 2, 1, 2, 2, 0, 0, 1, 1, 0, 2, 0, 2, 1, 0, 0, 2, 0, 0, 2, 0, 1, 1, 0, 0, 2, 1, 0, 2, 2, 0, 2, 2, 0, 1, 2, 1, 1, 2, 0, 1, 1, 1, 1, 2, 2, 1, 1, 1, 1, 0, 1, 0, 1, 0, 1, 1, 1, 0, 2, 1, 0, 2, 0, 1]|[0, 3, 0, 3, 4, 1, 4, 4, 2, 4, 3, 2, 1, 0, 2, 1, 1, 1, 2, 1, 1, 3, 0, 1, 0, 1, 1, 4, 1, 4, 3, 2, 2, 0, 4, 1, 1, 4, 0, 1, 2, 1, 4, 4, 1, 1, 0, 2, 3, 1, 2, 1, 2, 1, 1, 2, 4, 3, 0, 2, 2, 3, 1, 0, 1, 2, 0, 1, 2, 4, 1, 3, 4, 1, 2, 4, 3, 3, 3, 1, 1, 4, 3, 4, 3, 2, 4, 2, 4, 2, 3, 4, 1, 2, 1, 4, 2, 1, 2, 3]|[0, 2, 0, 0, 3, 0, 1, 3, 0, 0, 2, 0, 1, 0, 1, 0, 0, 0, 1, 0, 0, 2, 0, 0, 1, 0, 0, 3, 0, 1, 0, 2, 0, 0, 3, 0, 1, 3, 0, 0, 0, 0, 1, 3, 0, 0, 1, 0, 2, 0, 0, 0, 0, 0, 1, 0, 1, 0, 1, 1, 0, 2, 0, 0, 0, 0, 0, 0, 0, 2, 0, 0, 1, 0, 0, 1, 0, 0, 3, 0, 0, 1, 0, 3, 0, 0, 3, 0, 2, 0, 0, 2, 1, 0, 0, 1, 0, 0, 0, 0],889.0053545036524,50920.37616528636,113453.88510595518,false
16,G3_TWC,G1_CMAX,[31, 22, 82, 15, 26, 9, 95, 42, 77, 12, 47, 5, 93, 78, 86, 54, 6, 63, 18, 44, 20, 35, 43, 97, 91, 76, 10, 30, 21, 45, 64, 71, 1, 23, 17, 83, 24, 14, 60, 36, 85, 57, 40, 88, 65, 56, 79, 94, 39, 68, 46, 75, 38, 58, 19, 32, 81, 41, 27, 62, 87, 90, 99, 59, 11, 16, 72, 73, 70, 67, 37, 84, 3, 92, 25, 55, 28, 29, 51, 8, 66, 61, 98, 48, 89, 50, 7, 96, 53, 80, 4, 33, 34, 2, 52, 13, 0, 69, 74, 49]|[1, 1, 0, 1, 1, 0, 1, 2, 2, 1, 2, 2, 2, 1, 1, 0, 0, 1, 0, 2, 2, 0, 1, 2, 0, 1, 2, 2, 0, 0, 1, 2, 1, 2, 1, 0, 2, 0, 1, 1, 0, 1, 1, 1, 0, 2, 1, 1, 0, 0, 0, 0, 1, 1, 2, 1, 2, 0, 0, 0, 2, 1, 0, 1, 2, 1, 2, 1, 1, 1, 1, 1, 1, 0, 1, 1, 0, 0, 0, 1, 0, 1, 0, 0, 1, 0, 1, 2, 0, 0, 0, 0, 2, 0, 1, 0, 0, 1, 2, 0]|[4, 3, 2, 2, 4, 1, 2, 2, 2, 4, 1, 1, 2, 4, 4, 1, 2, 4, 2, 1, 1, 1, 1, 2, 1, 2, 1, 1, 1, 1, 3, 2, 3, 0, 4, 0, 1, 1, 0, 3, 2, 2, 2, 0, 1, 1, 0, 4, 0, 1, 2, 2, 1, 4, 0, 3, 2, 1, 1, 2, 1, 3, 1, 1, 1, 3, 0, 4, 3, 1, 4, 1, 1, 0, 4, 4, 2, 1, 1, 3, 1, 3, 1, 1, 1, 1, 1, 1, 2, 1, 2, 2, 1, 2, 1, 2, 2, 3, 1, 1]|[0, 2, 1, 1, 3, 0, 1, 0, 0, 0, 0, 0, 1, 0, 1, 0, 1, 3, 1, 0, 0, 0, 3, 1, 0, 2, 0, 0, 0, 1, 0, 0, 0, 0, 3, 0, 1, 0, 0, 2, 1, 1, 1, 0, 0, 0, 0, 2, 1, 0, 0, 0, 1, 3, 0, 0, 1, 0, 0, 1, 0, 2, 0, 1, 0, 2, 1, 0, 0, 1, 1, 3, 1, 1, 3, 3, 1, 0, 0, 2, 0, 0, 0, 0, 1, 0, 2, 0, 1, 0, 1, 1, 0, 0, 1, 0, 0, 0, 0, 1],824.1531664905515,57504.66170409152,92407.54974943638,true
16,G1_CMAX,G4_BALANCED,[31, 22, 82, 15, 26, 58, 95, 42, 77, 12, 47, 5, 93, 78, 86, 54, 85, 63, 18, 44, 20, 35, 43, 97, 66, 76, 10, 30, 21, 45, 71, 1, 64, 23, 17, 83, 24, 14, 60, 36, 6, 57, 40, 88, 65, 56, 79, 94, 67, 68, 46, 75, 38, 9, 19, 32, 81, 41, 27, 62, 87, 90, 99, 59, 11, 16, 72, 73, 55, 39, 37, 84, 3, 92, 25, 34, 28, 29, 51, 7, 98, 61, 91, 48, 89, 50, 4, 96, 53, 80, 8, 33, 70, 2, 52, 13, 0, 69, 74, 49]|[1, 1, 0, 1, 1, 0, 1, 2, 2, 1, 2, 2, 2, 1, 1, 0, 0, 1, 0, 2, 2, 0, 1, 2, 2, 1, 2, 2, 0, 0, 1, 1, 2, 2, 1, 0, 2, 0, 1, 1, 0, 1, 1, 1, 0, 2, 1, 1, 0, 0, 0, 0, 1, 1, 2, 1, 2, 0, 0, 0, 2, 1, 0, 1, 2, 1, 2, 1, 1, 1, 1, 1, 1, 0, 1, 2, 0, 0, 0, 1, 2, 1, 2, 0, 1, 0, 1, 2, 0, 0, 1, 2, 2, 0, 1, 0, 0, 1, 2, 0]|[4, 3, 2, 2, 4, 1, 2, 2, 2, 4, 1, 1, 2, 4, 4, 1, 2, 4, 2, 1, 1, 1, 1, 2, 1, 2, 1, 1, 1, 1, 3, 3, 1, 1, 4, 0, 1, 1, 0, 3, 2, 2, 2, 0, 1, 1, 0, 4, 0, 1, 2, 2, 1, 4, 0, 3, 2, 1, 1, 2, 1, 3, 1, 1, 1, 3, 0, 4, 3, 1, 4, 1, 1, 0, 4, 1, 2, 1, 1, 1, 1, 3, 1, 1, 1, 1, 4, 1, 2, 1, 3, 1, 1, 2, 1, 2, 2, 4, 1, 1]|[0, 2, 1, 1, 3, 0, 1, 0, 0, 0, 0, 0, 1, 0, 1, 0, 0, 3, 1, 0, 0, 0, 3, 1, 0, 2, 0, 0, 0, 1, 0, 0, 0, 0, 3, 0, 1, 0, 0, 2, 1, 1, 1, 0, 0, 0, 0, 2, 1, 0, 0, 0, 1, 3, 0, 0, 1, 0, 0, 1, 0, 2, 0, 1, 0, 2, 1, 0, 0, 1, 1, 3, 1, 1, 3, 0, 1, 0, 0, 2, 0, 0, 0, 0, 1, 0, 0, 0, 1, 0, 2, 0, 0, 0, 1, 0, 0, 2, 0, 1],747.2290380381017,56529.27441893626,94764.81220058475,true
16,G4_BALANCED,G4_BALANCED,[31, 11, 82, 15, 26, 9, 95, 42, 77, 68, 47, 5, 93, 78, 86, 54, 85, 63, 18, 44, 20, 49, 36, 14, 74, 50, 53, 17, 21, 45, 71, 64, 3, 23, 30, 83, 24, 41, 60, 52, 65, 27, 90, 70, 39, 87, 48, 69, 99, 4, 46, 1, 13, 58, 97, 59, 28, 75, 73, 37, 35, 79, 22, 66, 76, 32, 40, 80, 96, 6, 16, 61, 33, 7, 57, 34, 12, 67, 10, 98, 56, 88, 29, 8, 91, 43, 19, 92, 38, 84, 51, 72, 81, 25, 2, 55, 0, 94, 89, 62]|[2, 1, 2, 1, 1, 2, 1, 1, 1, 1, 1, 0, 2, 2, 1, 2, 0, 0, 0, 2, 2, 1, 0, 2, 0, 2, 2, 1, 0, 1, 1, 1, 0, 0, 1, 0, 2, 1, 2, 2, 0, 0, 1, 1, 0, 2, 0, 2, 1, 0, 0, 2, 0, 0, 2, 0, 1, 0, 0, 0, 2, 1, 0, 2, 2, 0, 2, 2, 0, 1, 2, 1, 1, 2, 0, 1, 1, 1, 1, 2, 2, 1, 1, 1, 1, 1, 1, 0, 0, 0, 1, 1, 1, 1, 2, 0, 0, 2, 1, 1]|[0, 3, 0, 2, 4, 1, 4, 4, 2, 4, 3, 2, 1, 0, 2, 1, 1, 1, 2, 1, 1, 3, 0, 1, 0, 1, 1, 4, 1, 4, 3, 2, 2, 0, 4, 1, 1, 4, 0, 1, 2, 1, 4, 4, 1, 1, 0, 2, 3, 1, 2, 1, 2, 1, 1, 2, 4, 2, 0, 2, 2, 3, 1, 0, 1, 2, 0, 1, 2, 4, 1, 3, 4, 1, 2, 4, 3, 3, 3, 1, 1, 4, 3, 3, 3, 4, 4, 2, 2, 2, 3, 4, 1, 4, 1, 2, 2, 1, 4, 3]|[0, 2, 0, 1, 3, 0, 1, 3, 0, 0, 2, 0, 1, 0, 1, 0, 0, 0, 1, 0, 0, 2, 0, 0, 1, 0, 0, 3, 0, 1, 0, 2, 0, 1, 3, 0, 1, 3, 1, 0, 0, 0, 1, 3, 0, 0, 1, 0, 2, 0, 0, 0, 0, 0, 1, 0, 1, 0, 1, 1, 0, 2, 0, 0, 0, 0, 0, 0, 0, 2, 0, 0, 1, 0, 0, 1, 0, 0, 3, 0, 0, 1, 0, 0, 0, 2, 3, 0, 0, 0, 0, 2, 1, 3, 0, 0, 0, 0, 1, 0],841.059703557273,52360.47579375201,108166.55869875997,false
16,G2_TEC,G2_TEC,[31, 22, 82, 15, 26, 9, 95, 42, 77, 68, 47, 5, 93, 78, 86, 54, 85, 63, 18, 44, 20, 49, 36, 14, 74, 50, 53, 17, 21, 28, 71, 64, 3, 23, 30, 83, 24, 41, 40, 52, 65, 27, 90, 70, 39, 87, 48, 69, 99, 4, 46, 1, 13, 58, 97, 59, 45, 8, 73, 37, 35, 79, 11, 66, 76, 32, 60, 80, 96, 6, 16, 61, 33, 7, 57, 34, 12, 67, 10, 98, 56, 88, 29, 25, 91, 38, 19, 92, 43, 84, 51, 72, 81, 75, 2, 89, 0, 94, 55, 62]|[2, 1, 2, 1, 1, 2, 1, 1, 1, 1, 1, 0, 2, 2, 1, 2, 0, 0, 0, 2, 2, 1, 0, 2, 0, 2, 2, 1, 0, 1, 1, 1, 0, 0, 1, 0, 2, 1, 2, 2, 0, 0, 1, 1, 0, 2, 0, 2, 1, 0, 0, 2, 0, 0, 2, 0, 1, 1, 0, 0, 2, 1, 0, 2, 2, 0, 2, 2, 0, 1, 2, 1, 1, 2, 0, 1, 1, 1, 1, 2, 2, 1, 1, 1, 1, 0, 1, 0, 1, 0, 1, 1, 1, 0, 2, 1, 0, 2, 0, 1]|[0, 3, 0, 3, 4, 1, 4, 4, 2, 4, 3, 2, 1, 0, 2, 1, 1, 1, 2, 1, 1, 3, 0, 1, 0, 1, 1, 4, 1, 4, 3, 2, 2, 0, 4, 1, 1, 4, 0, 1, 2, 1, 4, 4, 1, 1, 0, 2, 3, 1, 2, 1, 2, 1, 1, 2, 4, 3, 0, 2, 2, 3, 1, 0, 1, 2, 0, 1, 2, 4, 1, 3, 4, 1, 2, 4, 3, 3, 3, 1, 1, 4, 3, 4, 3, 2, 4, 2, 4, 2, 3, 4, 1, 2, 1, 4, 2, 1, 2, 3]|[0, 2, 0, 0, 3, 0, 1, 3, 0, 0, 2, 0, 1, 0, 1, 0, 0, 0, 1, 0, 0, 2, 0, 0, 1, 0, 0, 3, 0, 1, 0, 2, 0, 0, 3, 0, 1, 3, 0, 0, 0, 0, 1, 3, 0, 0, 1, 0, 2, 0, 0, 0, 0, 0, 1, 0, 1, 0, 1, 1, 0, 2, 0, 0, 0, 0, 0, 0, 0, 2, 0, 0, 1, 0, 0, 1, 0, 0, 3, 0, 0, 1, 0, 3, 0, 0, 3, 0, 2, 0, 0, 2, 1, 0, 0, 1, 0, 0, 0, 0],889.0053545036524,50920.37616528636,113453.88510595518,false
16,G3_TWC,G1_CMAX,[31, 22, 82, 15, 26, 9, 95, 42, 77, 12, 47, 5, 93, 78, 86, 54, 6, 63, 18, 44, 20, 35, 43, 97, 91, 76, 10, 30, 21, 45, 64, 71, 1, 23, 17, 83, 24, 14, 60, 36, 85, 57, 40, 88, 65, 56, 79, 94, 39, 68, 46, 75, 38, 58, 19, 32, 81, 41, 27, 62, 87, 90, 99, 59, 11, 16, 72, 73, 70, 67, 37, 84, 3, 92, 25, 55, 28, 29, 51, 8, 66, 61, 98, 48, 89, 50, 7, 96, 53, 80, 4, 33, 34, 2, 52, 13, 0, 69, 74, 49]|[1, 1, 0, 1, 1, 0, 1, 2, 2, 1, 2, 2, 2, 1, 1, 0, 0, 1, 0, 2, 2, 0, 1, 2, 0, 1, 2, 2, 0, 0, 1, 2, 1, 2, 1, 0, 2, 0, 1, 1, 0, 1, 1, 1, 0, 2, 1, 1, 0, 0, 0, 0, 1, 1, 2, 1, 2, 0, 0, 0, 2, 1, 0, 1, 2, 1, 2, 1, 1, 1, 1, 1, 1, 0, 1, 1, 0, 0, 0, 1, 0, 1, 0, 0, 1, 0, 1, 2, 0, 0, 0, 0, 2, 0, 1, 0, 0, 1, 2, 0]|[4, 3, 2, 2, 4, 1, 2, 2, 2, 4, 1, 1, 2, 4, 4, 1, 2, 4, 2, 1, 1, 1, 1, 2, 1, 2, 1, 1, 1, 1, 3, 2, 3, 0, 4, 0, 1, 1, 0, 3, 2, 2, 2, 0, 1, 1, 0, 4, 0, 1, 2, 2, 1, 4, 0, 3, 2, 1, 1, 2, 1, 3, 1, 1, 1, 3, 0, 4, 3, 1, 4, 1, 1, 0, 4, 4, 2, 1, 1, 3, 1, 3, 1, 1, 1, 1, 1, 1, 2, 1, 2, 2, 1, 2, 1, 2, 2, 3, 1, 1]|[0, 2, 1, 1, 3, 0, 1, 0, 0, 0, 0, 0, 1, 0, 1, 0, 1, 3, 1, 0, 0, 0, 3, 1, 0, 2, 0, 0, 0, 1, 0, 0, 0, 0, 3, 0, 1, 0, 0, 2, 1, 1, 1, 0, 0, 0, 0, 2, 1, 0, 0, 0, 1, 3, 0, 0, 1, 0, 0, 1, 0, 2, 0, 1, 0, 2, 1, 0, 0, 1, 1, 3, 1, 1, 3, 3, 1, 0, 0, 2, 0, 0, 0, 0, 1, 0, 2, 0, 1, 0, 1, 1, 0, 0, 1, 0, 0, 0, 0, 1],824.1531664905515,57504.66170409152,92407.54974943638,true
16,G1_CMAX,G1_CMAX,[31, 22, 82, 15, 26, 9, 95, 42, 77, 12, 47, 5, 93, 78, 86, 54, 6, 63, 18, 44, 20, 35, 43, 97, 91, 76, 10, 30, 21, 45, 71, 64, 1, 23, 17, 83, 24, 14, 60, 36, 85, 57, 40, 88, 65, 56, 79, 94, 67, 68, 46, 75, 38, 58, 19, 32, 81, 41, 27, 62, 87, 90, 99, 59, 11, 16, 72, 73, 69, 39, 37, 84, 3, 92, 50, 55, 28, 29, 51, 7, 66, 61, 98, 48, 89, 8, 25, 96, 53, 80, 4, 33, 34, 2, 52, 13, 0, 70, 74, 49]|[1, 1, 0, 1, 1, 1, 1, 2, 2, 1, 2, 2, 2, 1, 1, 0, 0, 1, 0, 2, 2, 0, 1, 2, 0, 1, 2, 2, 0, 0, 1, 2, 1, 2, 1, 0, 2, 0, 1, 1, 0, 1, 1, 1, 0, 2, 1, 1, 0, 0, 0, 0, 1, 1, 2, 1, 2, 0, 0, 0, 2, 1, 0, 1, 2, 1, 2, 1, 1, 1, 1, 1, 1, 0, 1, 2, 0, 0, 0, 1, 2, 1, 2, 0, 1, 1, 0, 2, 0, 0, 1, 2, 2, 0, 1, 0, 0, 1, 2, 0]|[0, 3, 2, 2, 4, 0, 2, 2, 2, 4, 1, 1, 2, 4, 4, 1, 2, 4, 2, 1, 1, 1, 1, 2, 1, 2, 1, 1, 1, 1, 3, 2, 3, 0, 4, 0, 1, 1, 0, 3, 2, 2, 2, 0, 1, 1, 0, 4, 0, 1, 2, 2, 1, 4, 0, 3, 2, 1, 1, 2, 1, 3, 1, 1, 1, 3, 0, 4, 3, 1, 4, 1, 1, 0, 4, 1, 2, 1, 1, 1, 1, 3, 1, 1, 1, 3, 1, 1, 2, 1, 4, 1, 1, 2, 1, 2, 2, 3, 1, 1]|[0, 2, 1, 1, 3, 3, 1, 0, 0, 0, 0, 0, 1, 0, 1, 0, 0, 3, 1, 0, 0, 0, 3, 1, 0, 2, 0, 0, 0, 1, 0, 0, 0, 0, 3, 0, 1, 0, 0, 2, 1, 1, 1, 0, 0, 0, 0, 2, 1, 0, 0, 0, 1, 3, 0, 0, 1, 0, 0, 1, 0, 2, 0, 1, 0, 2, 1, 0, 0, 1, 1, 3, 1, 1, 3, 0, 1, 0, 0, 2, 0, 0, 0, 0, 1, 2, 0, 0, 1, 0, 0, 0, 0, 0, 1, 0, 0, 0, 0, 1],740.9169176528521,57364.07158063585,94063.71944433026,false
16,G4_BALANCED,G4_BALANCED,[31, 22, 82, 15, 26, 58, 95, 42, 77, 12, 47, 5, 93, 78, 86, 54, 85, 63, 18, 72, 20, 35, 43, 97, 91, 76, 10, 30, 21, 45, 71, 64, 1, 23, 17, 83, 24, 14, 60, 36, 6, 57, 40, 88, 65, 56, 79, 94, 67, 41, 68, 75, 38, 9, 19, 32, 81, 55, 27, 62, 87, 90, 99, 59, 11, 16, 44, 73, 70, 39, 37, 84, 3, 92, 25, 34, 28, 29, 51, 7, 66, 61, 98, 48, 89, 50, 4, 96, 53, 80, 8, 33, 46, 2, 52, 49, 0, 69, 74, 13]|[1, 1, 0, 1, 1, 0, 1, 2, 2, 1, 2, 2, 2, 1, 1, 0, 0, 1, 0, 2, 2, 0, 0, 2, 0, 1, 2, 2, 0, 0, 1, 2, 1, 2, 1, 0, 2, 0, 1, 1, 0, 1, 1, 1, 0, 2, 1, 1, 0, 0, 0, 0, 1, 1, 2, 1, 2, 0, 0, 0, 2, 1, 0, 1, 2, 1, 2, 1, 1, 1, 1, 1, 1, 0, 1, 2, 2, 0, 0, 1, 2, 1, 2, 0, 1, 0, 1, 2, 0, 0, 1, 2, 0, 0, 1, 0, 0, 1, 2, 0]|[4, 3, 2, 2, 4, 1, 2, 2, 2, 4, 1, 1, 2, 4, 4, 1, 2, 4, 2, 1, 1, 1, 1, 2, 1, 2, 1, 1, 1, 1, 3, 2, 3, 1, 4, 0, 1, 1, 0, 3, 2, 2, 2, 0, 1, 1, 0, 4, 0, 1, 1, 2, 1, 4, 0, 3, 2, 1, 1, 2, 1, 3, 1, 1, 1, 3, 1, 4, 3, 1, 4, 1, 1, 0, 4, 1, 1, 1, 1, 1, 1, 3, 1, 1, 1, 1, 4, 1, 2, 1, 3, 1, 2, 2, 1, 1, 2, 4, 1, 2]|[0, 2, 1, 1, 3, 0, 1, 0, 0, 0, 0, 0, 1, 0, 1, 0, 0, 3, 1, 0, 0, 0, 0, 1, 0, 2, 0, 0, 0, 1, 0, 0, 0, 0, 3, 0, 1, 0, 0, 2, 1, 1, 1, 0, 0, 0, 0, 2, 1, 0, 0, 0, 1, 3, 0, 0, 1, 0, 0, 1, 0, 2, 0, 1, 0, 2, 0, 0, 0, 1, 1, 3, 1, 1, 3, 0, 0, 0, 0, 2, 0, 0, 0, 0, 1, 0, 0, 0, 1, 0, 2, 0, 0, 0, 1, 1, 0, 2, 0, 0],784.1481185900863,55756.271812642575,96112.54558848144,false
16,G2_TEC,G2_TEC,[31, 22, 82, 15, 26, 9, 95, 42, 77, 68, 47, 5, 93, 78, 86, 54, 85, 63, 18, 44, 20, 49, 36, 14, 74, 50, 53, 17, 21, 28, 71, 64, 3, 23, 30, 83, 24, 41, 40, 52, 65, 27, 90, 70, 39, 87, 48, 69, 99, 4, 46, 1, 13, 58, 97, 59, 45, 8, 73, 37, 35, 79, 11, 66, 76, 32, 60, 80, 96, 6, 16, 61, 33, 7, 57, 34, 12, 67, 10, 98, 56, 88, 29, 25, 91, 38, 19, 92, 43, 84, 51, 72, 81, 75, 2, 89, 0, 94, 55, 62]|[2, 1, 2, 1, 1, 2, 1, 1, 1, 1, 1, 0, 2, 2, 1, 2, 0, 0, 0, 2, 2, 1, 0, 2, 0, 2, 2, 1, 0, 1, 1, 1, 0, 0, 1, 0, 2, 1, 2, 2, 0, 0, 1, 1, 0, 2, 0, 2, 1, 0, 0, 2, 0, 0, 2, 0, 1, 1, 0, 0, 2, 1, 0, 2, 2, 0, 2, 2, 0, 1, 2, 1, 1, 2, 0, 1, 1, 1, 1, 2, 2, 1, 1, 1, 1, 0, 1, 0, 1, 0, 1, 1, 1, 0, 2, 1, 0, 2, 0, 1]|[0, 3, 0, 3, 4, 1, 4, 4, 2, 4, 3, 2, 1, 0, 2, 1, 1, 1, 2, 1, 1, 3, 0, 1, 0, 1, 1, 4, 1, 4, 3, 2, 2, 0, 4, 1, 1, 4, 0, 1, 2, 1, 4, 4, 1, 1, 0, 2, 3, 1, 2, 1, 2, 1, 1, 2, 4, 3, 0, 2, 2, 3, 1, 0, 1, 2, 0, 1, 2, 4, 1, 3, 4, 1, 2, 4, 3, 3, 3, 1, 1, 4, 3, 4, 3, 2, 4, 2, 4, 2, 3, 4, 1, 2, 1, 4, 2, 1, 2, 3]|[0, 2, 0, 0, 3, 0, 1, 3, 0, 0, 2, 0, 1, 0, 1, 0, 0, 0, 1, 0, 0, 2, 0, 0, 1, 0, 0, 3, 0, 1, 0, 2, 0, 0, 3, 0, 1, 3, 0, 0, 0, 0, 1, 3, 0, 0, 1, 0, 2, 0, 0, 0, 0, 0, 1, 0, 1, 0, 1, 1, 0, 2, 0, 0, 0, 0, 0, 0, 0, 2, 0, 0, 1, 0, 0, 1, 0, 0, 3, 0, 0, 1, 0, 3, 0, 0, 3, 0, 2, 0, 0, 2, 1, 0, 0, 1, 0, 0, 0, 0],889.0053545036524,50920.37616528636,113453.88510595518,false
16,G3_TWC,G1_CMAX,[31, 22, 82, 15, 26, 9, 95, 42, 77, 12, 47, 5, 93, 78, 86, 54, 6, 63, 18, 44, 20, 35, 43, 97, 91, 76, 10, 30, 21, 45, 64, 71, 1, 23, 17, 83, 24, 14, 60, 36, 85, 57, 40, 88, 65, 56, 79, 94, 39, 68, 46, 75, 38, 58, 19, 32, 81, 41, 27, 62, 87, 90, 99, 59, 11, 16, 72, 73, 70, 67, 37, 84, 3, 92, 25, 55, 28, 29, 51, 8, 66, 61, 98, 48, 89, 50, 7, 96, 53, 80, 4, 33, 34, 2, 52, 13, 0, 69, 74, 49]|[1, 1, 0, 1, 1, 0, 1, 2, 2, 1, 2, 2, 2, 1, 1, 0, 0, 1, 0, 2, 2, 0, 1, 2, 0, 1, 2, 2, 0, 0, 1, 2, 1, 2, 1, 0, 2, 0, 1, 1, 0, 1, 1, 1, 0, 2, 1, 1, 0, 0, 0, 0, 1, 1, 2, 1, 2, 0, 0, 0, 2, 1, 0, 1, 2, 1, 2, 1, 1, 1, 1, 1, 1, 0, 1, 1, 0, 0, 0, 1, 0, 1, 0, 0, 1, 0, 1, 2, 0, 0, 0, 0, 2, 0, 1, 0, 0, 1, 2, 0]|[4, 3, 2, 2, 4, 1, 2, 2, 2, 4, 1, 1, 2, 4, 4, 1, 2, 4, 2, 1, 1, 1, 1, 2, 1, 2, 1, 1, 1, 1, 3, 2, 3, 0, 4, 0, 1, 1, 0, 3, 2, 2, 2, 0, 1, 1, 0, 4, 0, 1, 2, 2, 1, 4, 0, 3, 2, 1, 1, 2, 1, 3, 1, 1, 1, 3, 0, 4, 3, 1, 4, 1, 1, 0, 4, 4, 2, 1, 1, 3, 1, 3, 1, 1, 1, 1, 1, 1, 2, 1, 2, 2, 1, 2, 1, 2, 2, 3, 1, 1]|[0, 2, 1, 1, 3, 0, 1, 0, 0, 0, 0, 0, 1, 0, 1, 0, 1, 3, 1, 0, 0, 0, 3, 1, 0, 2, 0, 0, 0, 1, 0, 0, 0, 0, 3, 0, 1, 0, 0, 2, 1, 1, 1, 0, 0, 0, 0, 2, 1, 0, 0, 0, 1, 3, 0, 0, 1, 0, 0, 1, 0, 2, 0, 1, 0, 2, 1, 0, 0, 1, 1, 3, 1, 1, 3, 3, 1, 0, 0, 2, 0, 0, 0, 0, 1, 0, 2, 0, 1, 0, 1, 1, 0, 0, 1, 0, 0, 0, 0, 1],824.1531664905515,57504.66170409152,92407.54974943638,true
16,G1_CMAX,G4_BALANCED,[31, 11, 82, 15, 26, 9, 95, 42, 77, 68, 47, 5, 93, 78, 86, 54, 85, 63, 18, 44, 20, 49, 36, 14, 74, 50, 53, 17, 21, 45, 71, 64, 3, 23, 30, 83, 24, 41, 60, 52, 65, 27, 90, 70, 39, 87, 48, 69, 99, 4, 46, 1, 13, 58, 97, 59, 28, 75, 73, 37, 35, 79, 22, 66, 76, 32, 40, 80, 96, 6, 16, 61, 33, 7, 57, 34, 12, 67, 10, 98, 56, 88, 29, 8, 91, 43, 19, 92, 38, 84, 51, 72, 81, 25, 2, 55, 0, 94, 89, 62]|[2, 1, 2, 1, 1, 2, 1, 1, 1, 1, 1, 0, 2, 2, 1, 2, 0, 0, 0, 2, 2, 1, 0, 2, 0, 2, 2, 1, 0, 1, 1, 1, 0, 0, 1, 0, 2, 1, 2, 2, 0, 0, 1, 1, 0, 2, 0, 2, 1, 0, 0, 2, 0, 0, 2, 0, 1, 0, 0, 0, 2, 1, 0, 2, 2, 0, 2, 2, 0, 1, 2, 1, 1, 2, 0, 1, 1, 1, 1, 2, 2, 1, 1, 1, 1, 1, 1, 0, 0, 0, 1, 1, 1, 1, 2, 0, 0, 2, 1, 1]|[0, 3, 0, 2, 4, 1, 4, 4, 2, 4, 3, 2, 1, 0, 2, 1, 1, 1, 2, 1, 1, 3, 0, 1, 0, 1, 1, 4, 1, 4, 3, 2, 2, 0, 4, 1, 1, 4, 0, 1, 2, 1, 4, 4, 1, 1, 0, 2, 3, 1, 2, 1, 2, 1, 1, 2, 4, 2, 0, 2, 2, 3, 1, 0, 1, 2, 0, 1, 2, 4, 1, 3, 4, 1, 2, 4, 3, 3, 3, 1, 1, 4, 3, 3, 3, 4, 4, 2, 2, 2, 3, 4, 1, 4, 1, 2, 2, 1, 4, 3]|[0, 2, 0, 1, 3, 0, 1, 3, 0, 0, 2, 0, 1, 0, 1, 0, 0, 0, 1, 0, 0, 2, 0, 0, 1, 0, 0, 3, 0, 1, 0, 2, 0, 1, 3, 0, 1, 3, 1, 0, 0, 0, 1, 3, 0, 0, 1, 0, 2, 0, 0, 0, 0, 0, 1, 0, 1, 0, 1, 1, 0, 2, 0, 0, 0, 0, 0, 0, 0, 2, 0, 0, 1, 0, 0, 1, 0, 0, 3, 0, 0, 1, 0, 0, 0, 2, 3, 0, 0, 0, 0, 2, 1, 3, 0, 0, 0, 0, 1, 0],841.059703557273,52360.47579375201,108166.55869875997,true
16,G4_BALANCED,G4_BALANCED,[31, 22, 82, 15, 26, 58, 95, 42, 77, 12, 47, 5, 93, 78, 86, 54, 85, 63, 18, 44, 20, 35, 43, 97, 91, 76, 10, 30, 21, 45, 71, 64, 1, 23, 17, 83, 24, 14, 60, 36, 6, 57, 40, 88, 65, 56, 79, 94, 67, 68, 46, 75, 38, 9, 19, 32, 81, 41, 27, 62, 87, 90, 99, 52, 11, 16, 72, 73, 70, 39, 37, 84, 3, 92, 25, 55, 28, 29, 51, 7, 33, 61, 98, 48, 89, 8, 4, 96, 53, 80, 50, 66, 34, 2, 59, 13, 0, 69, 74, 49]|[1, 1, 0, 1, 1, 0, 1, 2, 2, 1, 2, 2, 2, 1, 1, 0, 0, 1, 0, 2, 2, 0, 1, 2, 2, 1, 2, 2, 0, 0, 1, 2, 1, 2, 1, 0, 2, 0, 1, 1, 0, 1, 1, 1, 0, 2, 1, 1, 0, 0, 0, 0, 1, 1, 2, 1, 2, 0, 0, 0, 2, 1, 0, 2, 2, 1, 2, 1, 1, 1, 1, 1, 1, 0, 1, 2, 0, 0, 0, 1, 2, 1, 2, 0, 1, 1, 1, 2, 0, 0, 0, 2, 2, 0, 2, 0, 0, 1, 2, 0]|[4, 3, 2, 2, 4, 2, 2, 2, 2, 4, 1, 1, 2, 4, 4, 1, 2, 4, 2, 1, 1, 1, 1, 2, 1, 2, 1, 1, 1, 1, 3, 2, 3, 1, 4, 0, 1, 1, 0, 3, 2, 2, 2, 0, 1, 1, 0, 4, 0, 1, 2, 2, 1, 4, 0, 3, 2, 1, 1, 2, 1, 3, 1, 1, 1, 3, 0, 4, 3, 1, 4, 1, 1, 0, 4, 1, 2, 1, 1, 3, 1, 3, 1, 1, 1, 3, 4, 1, 2, 1, 1, 1, 1, 2, 1, 2, 2, 4, 1, 1]|[0, 2, 1, 1, 3, 0, 1, 0, 0, 0, 0, 0, 1, 0, 1, 0, 0, 3, 1, 0, 0, 0, 3, 1, 0, 2, 0, 0, 0, 1, 0, 0, 0, 0, 3, 0, 1, 0, 0, 2, 1, 1, 1, 0, 0, 0, 0, 2, 1, 0, 0, 0, 1, 3, 0, 0, 1, 0, 0, 1, 0, 2, 0, 0, 0, 2, 1, 0, 0, 1, 1, 3, 1, 1, 3, 0, 1, 0, 0, 2, 0, 0, 0, 0, 1, 2, 0, 0, 1, 0, 0, 0, 0, 0, 0, 0, 0, 2, 0, 1],854.6370053911567,55591.10347255162,98397.58133066772,false
16,G2_TEC,G2_TEC,[31, 22, 82, 15, 26, 9, 95, 42, 77, 68, 47, 5, 93, 78, 86, 54, 85, 63, 18, 44, 20, 49, 36, 14, 74, 50, 53, 17, 21, 28, 71, 64, 3, 23, 30, 83, 24, 41, 40, 52, 65, 27, 90, 70, 39, 87, 48, 69, 99, 4, 46, 1, 13, 58, 97, 59, 45, 8, 73, 37, 35, 79, 11, 66, 76, 32, 60, 80, 96, 6, 16, 61, 33, 7, 57, 34, 12, 67, 10, 98, 56, 88, 29, 25, 91, 38, 19, 92, 43, 84, 51, 72, 81, 75, 2, 89, 0, 94, 55, 62]|[2, 1, 2, 1, 1, 2, 1, 1, 1, 1, 1, 0, 2, 2, 1, 2, 0, 0, 0, 2, 2, 1, 0, 2, 0, 2, 2, 1, 0, 1, 1, 1, 0, 0, 1, 0, 2, 1, 2, 2, 0, 0, 1, 1, 0, 2, 0, 2, 1, 0, 0, 2, 0, 0, 2, 0, 1, 1, 0, 0, 2, 1, 0, 2, 2, 0, 2, 2, 0, 1, 2, 1, 1, 2, 0, 1, 1, 1, 1, 2, 2, 1, 1, 1, 1, 0, 1, 0, 1, 0, 1, 1, 1, 0, 2, 1, 0, 2, 0, 1]|[0, 3, 0, 3, 4, 1, 4, 4, 2, 4, 3, 2, 1, 0, 2, 1, 1, 1, 2, 1, 1, 3, 0, 1, 0, 1, 1, 4, 1, 4, 3, 2, 2, 0, 4, 1, 1, 4, 0, 1, 2, 1, 4, 4, 1, 1, 0, 2, 3, 1, 2, 1, 2, 1, 1, 2, 4, 3, 0, 2, 2, 3, 1, 0, 1, 2, 0, 1, 2, 4, 1, 3, 4, 1, 2, 4, 3, 3, 3, 1, 1, 4, 3, 4, 3, 2, 4, 2, 4, 2, 3, 4, 1, 2, 1, 4, 2, 1, 2, 3]|[0, 2, 0, 0, 3, 0, 1, 3, 0, 0, 2, 0, 1, 0, 1, 0, 0, 0, 1, 0, 0, 2, 0, 0, 1, 0, 0, 3, 0, 1, 0, 2, 0, 0, 3, 0, 1, 3, 0, 0, 0, 0, 1, 3, 0, 0, 1, 0, 2, 0, 0, 0, 0, 0, 1, 0, 1, 0, 1, 1, 0, 2, 0, 0, 0, 0, 0, 0, 0, 2, 0, 0, 1, 0, 0, 1, 0, 0, 3, 0, 0, 1, 0, 3, 0, 0, 3, 0, 2, 0, 0, 2, 1, 0, 0, 1, 0, 0, 0, 0],889.0053545036524,50920.37616528636,113453.88510595518,false
16,G3_TWC,G1_CMAX,[31, 22, 82, 15, 26, 9, 95, 42, 77, 12, 47, 5, 93, 78, 86, 54, 6, 63, 18, 44, 20, 35, 43, 97, 91, 76, 10, 30, 21, 45, 64, 71, 1, 23, 17, 83, 24, 14, 60, 36, 85, 57, 40, 88, 65, 56, 79, 94, 39, 68, 46, 75, 38, 58, 19, 32, 81, 41, 27, 62, 87, 90, 99, 59, 11, 16, 72, 73, 70, 67, 37, 84, 3, 92, 25, 55, 28, 29, 51, 8, 66, 61, 98, 48, 89, 50, 7, 96, 53, 80, 4, 33, 34, 2, 52, 13, 0, 69, 74, 49]|[1, 1, 0, 1, 1, 0, 1, 2, 2, 1, 2, 2, 2, 1, 1, 0, 0, 1, 0, 2, 2, 0, 1, 2, 0, 1, 2, 2, 0, 0, 1, 2, 1, 2, 1, 0, 2, 0, 1, 1, 0, 1, 1, 1, 0, 2, 1, 1, 0, 0, 0, 0, 1, 1, 2, 1, 2, 0, 0, 0, 2, 1, 0, 1, 2, 1, 2, 1, 1, 1, 1, 1, 1, 0, 1, 1, 0, 0, 0, 1, 0, 1, 0, 0, 1, 0, 1, 2, 0, 0, 0, 0, 2, 0, 1, 0, 0, 1, 2, 0]|[4, 3, 2, 2, 4, 1, 2, 2, 2, 4, 1, 1, 2, 4, 4, 1, 2, 4, 2, 1, 1, 1, 1, 2, 1, 2, 1, 1, 1, 1, 3, 2, 3, 0, 4, 0, 1, 1, 0, 3, 2, 2, 2, 0, 1, 1, 0, 4, 0, 1, 2, 2, 1, 4, 0, 3, 2, 1, 1, 2, 1, 3, 1, 1, 1, 3, 0, 4, 3, 1, 4, 1, 1, 0, 4, 4, 2, 1, 1, 3, 1, 3, 1, 1, 1, 1, 1, 1, 2, 1, 2, 2, 1, 2, 1, 2, 2, 3, 1, 1]|[0, 2, 1, 1, 3, 0, 1, 0, 0, 0, 0, 0, 1, 0, 1, 0, 1, 3, 1, 0, 0, 0, 3, 1, 0, 2, 0, 0, 0, 1, 0, 0, 0, 0, 3, 0, 1, 0, 0, 2, 1, 1, 1, 0, 0, 0, 0, 2, 1, 0, 0, 0, 1, 3, 0, 0, 1, 0, 0, 1, 0, 2, 0, 1, 0, 2, 1, 0, 0, 1, 1, 3, 1, 1, 3, 3, 1, 0, 0, 2, 0, 0, 0, 0, 1, 0, 2, 0, 1, 0, 1, 1, 0, 0, 1, 0, 0, 0, 0, 1],824.1531664905515,57504.66170409152,92407.54974943638,true
16,G1_CMAX,G1_CMAX,[8, 22, 82, 15, 26, 58, 95, 42, 77, 12, 47, 5, 93, 78, 86, 54, 85, 63, 18, 44, 20, 35, 43, 97, 91, 76, 10, 30, 21, 45, 71, 64, 1, 23, 17, 83, 24, 14, 60, 36, 6, 57, 40, 88, 65, 56, 79, 94, 67, 68, 46, 75, 38, 9, 19, 32, 81, 41, 27, 62, 87, 90, 99, 59, 11, 16, 72, 73, 70, 39, 37, 84, 3, 92, 25, 55, 28, 29, 51, 7, 33, 61, 98, 48, 89, 50, 4, 96, 53, 80, 31, 66, 34, 2, 52, 13, 0, 69, 74, 49]|[1, 1, 0, 1, 1, 0, 1, 2, 2, 1, 2, 2, 2, 1, 1, 0, 0, 1, 0, 2, 2, 0, 1, 2, 0, 1, 2, 2, 0, 0, 1, 2, 1, 2, 1, 0, 2, 0, 1, 1, 0, 1, 1, 1, 0, 2, 1, 1, 0, 0, 0, 0, 1, 1, 2, 1, 2, 0, 0, 0, 2, 1, 0, 1, 2, 1, 2, 1, 1, 1, 1, 1, 1, 0, 1, 2, 0, 0, 0, 1, 2, 1, 2, 0, 1, 0, 1, 2, 0, 0, 1, 2, 2, 0, 1, 0, 0, 1, 2, 0]|[3, 3, 2, 2, 4, 1, 2, 2, 2, 4, 1, 1, 2, 4, 4, 1, 2, 4, 2, 1, 1, 1, 1, 2, 1, 2, 1, 1, 1, 1, 3, 2, 3, 1, 4, 0, 1, 1, 0, 3, 2, 2, 2, 0, 1, 1, 0, 4, 0, 1, 2, 2, 1, 4, 0, 3, 2, 1, 1, 2, 1, 3, 1, 1, 1, 3, 0, 4, 3, 1, 4, 1, 1, 0, 4, 1, 2, 1, 1, 1, 1, 3, 1, 1, 1, 1, 4, 1, 2, 1, 3, 1, 1, 2, 1, 2, 2, 4, 1, 1]|[2, 2, 1, 1, 3, 0, 1, 0, 0, 0, 0, 0, 1, 0, 1, 0, 0, 3, 1, 0, 0, 0, 3, 1, 0, 2, 0, 0, 0, 1, 0, 0, 0, 0, 3, 0, 1, 0, 0, 2, 1, 1, 1, 0, 0, 0, 0, 2, 1, 0, 0, 0, 1, 3, 0, 0, 1, 0, 0, 1, 0, 2, 0, 1, 0, 2, 1, 0, 0, 1, 1, 3, 1, 1, 3, 0, 1, 0, 0, 2, 0, 0, 0, 0, 1, 0, 0, 0, 1, 0, 2, 0, 0, 0, 1, 0, 0, 2, 0, 1],748.9199420531638,56948.5802465312,93294.44135872874,false
16,G4_BALANCED,G3_TWC,[31, 22, 82, 15, 26, 58, 95, 42, 77, 12, 47, 5, 93, 78, 86, 54, 85, 63, 18, 44, 20, 35, 43, 97, 91, 76, 10, 30, 21, 45, 71, 64, 1, 23, 17, 83, 24, 14, 60, 36, 6, 57, 40, 88, 65, 56, 79, 94, 67, 68, 46, 75, 38, 9, 19, 32, 81, 41, 27, 62, 87, 90, 99, 59, 11, 72, 16, 73, 70, 39, 37, 84, 3, 92, 69, 55, 28, 29, 51, 7, 66, 61, 98, 48, 89, 50, 4, 96, 53, 80, 8, 33, 34, 2, 52, 13, 0, 25, 74, 49]|[1, 1, 0, 1, 1, 0, 1, 2, 2, 1, 2, 2, 2, 1, 1, 0, 0, 1, 0, 2, 2, 0, 1, 2, 0, 1, 2, 2, 0, 0, 1, 2, 1, 2, 1, 0, 2, 0, 1, 1, 0, 1, 1, 1, 0, 2, 1, 1, 0, 0, 0, 0, 1, 1, 2, 1, 2, 0, 0, 0, 2, 1, 0, 1, 2, 2, 1, 1, 1, 1, 1, 1, 1, 0, 1, 2, 0, 0, 0, 1, 2, 1, 2, 0, 1, 0, 1, 2, 0, 0, 1, 2, 2, 0, 1, 0, 0, 1, 2, 0]|[4, 3, 2, 2, 4, 1, 2, 2, 2, 4, 1, 1, 2, 4, 4, 1, 2, 4, 2, 1, 1, 1, 1, 2, 1, 2, 1, 1, 1, 1, 3, 2, 3, 1, 4, 0, 1, 1, 0, 3, 2, 2, 2, 0, 1, 1, 0, 4, 0, 1, 2, 2, 1, 4, 0, 3, 2, 1, 1, 2, 1, 3, 1, 1, 1, 0, 3, 4, 3, 1, 4, 1, 1, 2, 4, 1, 2, 1, 1, 1, 1, 3, 1, 1, 1, 1, 4, 1, 2, 1, 3, 1, 1, 2, 1, 2, 2, 4, 1, 1]|[0, 2, 1, 1, 3, 0, 1, 0, 0, 0, 0, 0, 1, 0, 1, 0, 0, 3, 1, 0, 0, 0, 3, 1, 0, 2, 0, 0, 0, 1, 0, 0, 0, 0, 3, 0, 1, 0, 0, 2, 1, 1, 1, 0, 0, 0, 0, 2, 1, 0, 0, 0, 1, 3, 0, 0, 1, 0, 0, 1, 0, 2, 0, 1, 0, 1, 2, 0, 0, 1, 1, 3, 1, 1, 2, 0, 1, 0, 0, 2, 0, 0, 0, 0, 1, 0, 0, 0, 1, 0, 2, 0, 0, 0, 1, 0, 0, 3, 0, 1],757.944961018293,56560.435348548875,94462.06391062208,true
16,G2_TEC,G2_TEC,[31, 22, 82, 15, 26, 9, 95, 42, 77, 68, 47, 5, 93, 78, 86, 54, 85, 63, 18, 44, 20, 49, 36, 14, 74, 50, 53, 17, 21, 28, 71, 64, 3, 23, 30, 83, 24, 41, 40, 52, 65, 27, 90, 70, 39, 87, 48, 69, 99, 4, 46, 1, 13, 58, 97, 59, 45, 8, 73, 37, 35, 79, 11, 66, 76, 32, 60, 80, 96, 6, 16, 61, 33, 7, 57, 34, 12, 67, 10, 98, 56, 88, 29, 25, 91, 38, 19, 92, 43, 84, 51, 72, 81, 75, 2, 89, 0, 94, 55, 62]|[2, 1, 2, 1, 1, 2, 1, 1, 1, 1, 1, 0, 2, 2, 1, 2, 0, 0, 0, 2, 2, 1, 0, 2, 0, 2, 2, 1, 0, 1, 1, 1, 0, 0, 1, 0, 2, 1, 2, 2, 0, 0, 1, 1, 0, 2, 0, 2, 1, 0, 0, 2, 0, 0, 2, 0, 1, 1, 0, 0, 2, 1, 0, 2, 2, 0, 2, 2, 0, 1, 2, 1, 1, 2, 0, 1, 1, 1, 1, 2, 2, 1, 1, 1, 1, 0, 1, 0, 1, 0, 1, 1, 1, 0, 2, 1, 0, 2, 0, 1]|[0, 3, 0, 3, 4, 1, 4, 4, 2, 4, 3, 2, 1, 0, 2, 1, 1, 1, 2, 1, 1, 3, 0, 1, 0, 1, 1, 4, 1, 4, 3, 2, 2, 0, 4, 1, 1, 4, 0, 1, 2, 1, 4, 4, 1, 1, 0, 2, 3, 1, 2, 1, 2, 1, 1, 2, 4, 3, 0, 2, 2, 3, 1, 0, 1, 2, 0, 1, 2, 4, 1, 3, 4, 1, 2, 4, 3, 3, 3, 1, 1, 4, 3, 4, 3, 2, 4, 2, 4, 2, 3, 4, 1, 2, 1, 4, 2, 1, 2, 3]|[0, 2, 0, 0, 3, 0, 1, 3, 0, 0, 2, 0, 1, 0, 1, 0, 0, 0, 1, 0, 0, 2, 0, 0, 1, 0, 0, 3, 0, 1, 0, 2, 0, 0, 3, 0, 1, 3, 0, 0, 0, 0, 1, 3, 0, 0, 1, 0, 2, 0, 0, 0, 0, 0, 1, 0, 1, 0, 1, 1, 0, 2, 0, 0, 0, 0, 0, 0, 0, 2, 0, 0, 1, 0, 0, 1, 0, 0, 3, 0, 0, 1, 0, 3, 0, 0, 3, 0, 2, 0, 0, 2, 1, 0, 0, 1, 0, 0, 0, 0],889.0053545036524,50920.37616528636,113453.88510595518,false
16,G3_TWC,G1_CMAX,[31, 22, 82, 15, 26, 9, 95, 42, 77, 12, 47, 5, 93, 78, 86, 54, 6, 63, 18, 44, 20, 35, 43, 97, 91, 76, 10, 30, 21, 45, 64, 71, 1, 23, 17, 83, 24, 14, 60, 36, 85, 57, 40, 88, 65, 56, 79, 94, 39, 68, 46, 75, 38, 58, 19, 32, 81, 41, 27, 62, 87, 90, 99, 59, 11, 16, 72, 73, 70, 67, 37, 84, 3, 92, 25, 55, 28, 29, 51, 8, 66, 61, 98, 48, 89, 50, 7, 96, 53, 80, 4, 33, 34, 2, 52, 13, 0, 69, 74, 49]|[1, 1, 0, 1, 1, 0, 1, 2, 2, 1, 2, 2, 2, 1, 1, 0, 0, 1, 0, 2, 2, 0, 1, 2, 0, 1, 2, 2, 0, 0, 1, 2, 1, 2, 1, 0, 2, 0, 1, 1, 0, 1, 1, 1, 0, 2, 1, 1, 0, 0, 0, 0, 1, 1, 2, 1, 2, 0, 0, 0, 2, 1, 0, 1, 2, 1, 2, 1, 1, 1, 1, 1, 1, 0, 1, 1, 0, 0, 0, 1, 0, 1, 0, 0, 1, 0, 1, 2, 0, 0, 0, 0, 2, 0, 1, 0, 0, 1, 2, 0]|[4, 3, 2, 2, 4, 1, 2, 2, 2, 4, 1, 1, 2, 4, 4, 1, 2, 4, 2, 1, 1, 1, 1, 2, 1, 2, 1, 1, 1, 1, 3, 2, 3, 0, 4, 0, 1, 1, 0, 3, 2, 2, 2, 0, 1, 1, 0, 4, 0, 1, 2, 2, 1, 4, 0, 3, 2, 1, 1, 2, 1, 3, 1, 1, 1, 3, 0, 4, 3, 1, 4, 1, 1, 0, 4, 4, 2, 1, 1, 3, 1, 3, 1, 1, 1, 1, 1, 1, 2, 1, 2, 2, 1, 2, 1, 2, 2, 3, 1, 1]|[0, 2, 1, 1, 3, 0, 1, 0, 0, 0, 0, 0, 1, 0, 1, 0, 1, 3, 1, 0, 0, 0, 3, 1, 0, 2, 0, 0, 0, 1, 0, 0, 0, 0, 3, 0, 1, 0, 0, 2, 1, 1, 1, 0, 0, 0, 0, 2, 1, 0, 0, 0, 1, 3, 0, 0, 1, 0, 0, 1, 0, 2, 0, 1, 0, 2, 1, 0, 0, 1, 1, 3, 1, 1, 3, 3, 1, 0, 0, 2, 0, 0, 0, 0, 1, 0, 2, 0, 1, 0, 1, 1, 0, 0, 1, 0, 0, 0, 0, 1],824.1531664905515,57504.66170409152,92407.54974943638,true
16,G1_CMAX,G4_BALANCED,[31, 22, 82, 15, 26, 9, 95, 42, 77, 68, 47, 5, 93, 78, 86, 54, 85, 63, 18, 44, 20, 49, 36, 14, 74, 50, 53, 17, 21, 28, 71, 64, 3, 23, 30, 83, 24, 41, 60, 52, 65, 27, 90, 70, 39, 87, 48, 69, 99, 4, 46, 1, 13, 58, 97, 59, 45, 8, 73, 37, 35, 79, 11, 66, 76, 32, 40, 80, 96, 6, 16, 61, 33, 7, 57, 34, 12, 67, 10, 98, 56, 88, 29, 75, 91, 38, 19, 92, 43, 84, 2, 72, 81, 25, 51, 55, 0, 94, 89, 62]|[2, 1, 2, 1, 1, 2, 1, 1, 1, 1, 1, 0, 2, 2, 1, 2, 0, 0, 0, 2, 2, 1, 0, 2, 0, 2, 2, 1, 0, 1, 1, 1, 0, 0, 1, 0, 2, 1, 2, 2, 0, 0, 1, 1, 0, 2, 0, 2, 1, 0, 0, 2, 0, 0, 2, 0, 1, 1, 0, 0, 2, 1, 0, 2, 2, 0, 2, 2, 0, 1, 2, 1, 1, 2, 0, 1, 1, 1, 1, 0, 2, 1, 1, 0, 1, 0, 1, 0, 0, 0, 2, 1, 1, 1, 1, 0, 0, 1, 1, 1]|[0, 3, 0, 3, 4, 1, 4, 4, 2, 4, 3, 2, 1, 0, 2, 1, 1, 1, 2, 1, 1, 3, 0, 1, 0, 1, 1, 4, 1, 4, 3, 2, 2, 0, 4, 1, 1, 4, 0, 1, 2, 1, 4, 4, 1, 1, 0, 2, 3, 1, 2, 1, 2, 1, 1, 2, 4, 3, 0, 2, 2, 3, 1, 0, 1, 2, 0, 1, 2, 4, 1, 3, 4, 1, 2, 4, 3, 3, 3, 2, 1, 4, 3, 2, 3, 2, 4, 2, 2, 2, 1, 4, 1, 4, 3, 2, 2, 4, 4, 3]|[0, 2, 0, 0, 3, 0, 1, 3, 0, 0, 2, 0, 1, 0, 1, 0, 0, 0, 1, 0, 0, 2, 0, 0, 1, 0, 0, 3, 0, 1, 0, 2, 0, 1, 3, 0, 1, 3, 1, 0, 0, 0, 1, 3, 0, 0, 1, 0, 2, 0, 0, 0, 0, 0, 1, 0, 1, 0, 1, 1, 0, 2, 0, 0, 0, 0, 0, 0, 0, 2, 0, 0, 1, 0, 0, 1, 0, 0, 3, 0, 0, 1, 0, 0, 0, 0, 3, 0, 0, 0, 0, 2, 1, 3, 0, 0, 0, 2, 1, 0],887.6628383534644,51653.816930563575,106786.31819042479,true
16,G4_BALANCED,G4_BALANCED,[31, 22, 82, 15, 26, 58, 95, 42, 77, 12, 47, 5, 93, 78, 86, 54, 85, 63, 18, 44, 20, 35, 43, 97, 66, 76, 79, 30, 21, 45, 71, 64, 1, 23, 17, 83, 24, 14, 60, 36, 6, 57, 40, 88, 65, 56, 10, 94, 67, 68, 46, 75, 38, 9, 19, 32, 41, 81, 27, 87, 28, 90, 99, 59, 11, 16, 72, 73, 70, 39, 37, 84, 3, 92, 25, 55, 62, 29, 51, 7, 33, 61, 98, 48, 89, 50, 4, 96, 53, 80, 8, 91, 34, 69, 52, 13, 0, 2, 74, 49]|[1, 1, 0, 1, 1, 0, 1, 2, 2, 1, 2, 2, 2, 1, 1, 0, 0, 1, 0, 2, 2, 0, 1, 2, 2, 1, 2, 2, 0, 0, 1, 2, 1, 2, 1, 0, 2, 0, 1, 1, 0, 1, 1, 1, 0, 2, 2, 1, 0, 0, 0, 0, 1, 1, 2, 1, 0, 0, 0, 2, 0, 1, 0, 1, 2, 1, 2, 1, 1, 1, 1, 1, 1, 0, 1, 2, 0, 0, 0, 1, 2, 1, 2, 0, 1, 0, 1, 2, 0, 0, 1, 2, 2, 1, 1, 0, 0, 0, 2, 0]|[4, 3, 2, 2, 4, 1, 2, 2, 2, 4, 1, 1, 2, 4, 4, 1, 2, 4, 2, 1, 1, 1, 1, 2, 1, 2, 1, 1, 1, 1, 3, 2, 3, 1, 4, 0, 1, 1, 0, 3, 2, 2, 2, 0, 1, 1, 1, 4, 0, 1, 2, 2, 1, 4, 0, 3, 1, 1, 1, 1, 2, 3, 1, 1, 1, 3, 0, 4, 3, 1, 4, 1, 1, 0, 4, 1, 2, 1, 1, 1, 1, 3, 1, 1, 1, 1, 4, 1, 2, 1, 3, 1, 1, 4, 1, 2, 2, 2, 1, 1]|[0, 2, 1, 1, 3, 0, 1, 0, 0, 0, 0, 0, 1, 0, 1, 0, 0, 3, 1, 0, 0, 0, 3, 1, 0, 2, 0, 0, 0, 1, 0, 0, 0, 0, 3, 0, 1, 0, 0, 2, 1, 1, 1, 0, 0, 0, 0, 2, 1, 0, 0, 0, 1, 3, 0, 0, 0, 0, 0, 0, 1, 2, 0, 1, 0, 2, 1, 0, 0, 1, 1, 3, 1, 1, 3, 0, 1, 0, 0, 2, 0, 0, 0, 0, 1, 0, 0, 0, 1, 0, 2, 0, 0, 2, 1, 0, 0, 0, 0, 1],779.4157875228544,55773.95482290022,95868.19405613806,false
16,G2_TEC,G2_TEC,[31, 22, 82, 15, 26, 9, 95, 42, 77, 68, 47, 5, 93, 78, 86, 54, 85, 63, 18, 44, 20, 49, 36, 14, 74, 50, 53, 17, 21, 28, 71, 64, 3, 23, 30, 83, 24, 41, 40, 52, 65, 27, 90, 70, 39, 87, 48, 69, 99, 4, 46, 1, 13, 58, 97, 59, 45, 8, 73, 37, 35, 79, 11, 66, 76, 32, 60, 80, 96, 6, 16, 61, 33, 7, 57, 34, 12, 67, 10, 98, 56, 88, 29, 25, 91, 38, 19, 92, 43, 84, 51, 72, 81, 75, 2, 89, 0, 94, 55, 62]|[2, 1, 2, 1, 1, 2, 1, 1, 1, 1, 1, 0, 2, 2, 1, 2, 0, 0, 0, 2, 2, 1, 0, 2, 0, 2, 2, 1, 0, 1, 1, 1, 0, 0, 1, 0, 2, 1, 2, 2, 0, 0, 1, 1, 0, 2, 0, 2, 1, 0, 0, 2, 0, 0, 2, 0, 1, 1, 0, 0, 2, 1, 0, 2, 2, 0, 2, 2, 0, 1, 2, 1, 1, 2, 0, 1, 1, 1, 1, 2, 2, 1, 1, 1, 1, 0, 1, 0, 1, 0, 1, 1, 1, 0, 2, 1, 0, 2, 0, 1]|[0, 3, 0, 3, 4, 1, 4, 4, 2, 4, 3, 2, 1, 0, 2, 1, 1, 1, 2, 1, 1, 3, 0, 1, 0, 1, 1, 4, 1, 4, 3, 2, 2, 0, 4, 1, 1, 4, 0, 1, 2, 1, 4, 4, 1, 1, 0, 2, 3, 1, 2, 1, 2, 1, 1, 2, 4, 3, 0, 2, 2, 3, 1, 0, 1, 2, 0, 1, 2, 4, 1, 3, 4, 1, 2, 4, 3, 3, 3, 1, 1, 4, 3, 4, 3, 2, 4, 2, 4, 2, 3, 4, 1, 2, 1, 4, 2, 1, 2, 3]|[0, 2, 0, 0, 3, 0, 1, 3, 0, 0, 2, 0, 1, 0, 1, 0, 0, 0, 1, 0, 0, 2, 0, 0, 1, 0, 0, 3, 0, 1, 0, 2, 0, 0, 3, 0, 1, 3, 0, 0, 0, 0, 1, 3, 0, 0, 1, 0, 2, 0, 0, 0, 0, 0, 1, 0, 1, 0, 1, 1, 0, 2, 0, 0, 0, 0, 0, 0, 0, 2, 0, 0, 1, 0, 0, 1, 0, 0, 3, 0, 0, 1, 0, 3, 0, 0, 3, 0, 2, 0, 0, 2, 1, 0, 0, 1, 0, 0, 0, 0],889.0053545036524,50920.37616528636,113453.88510595518,false
16,G3_TWC,G1_CMAX,[31, 22, 82, 15, 26, 9, 95, 42, 77, 12, 47, 5, 93, 78, 86, 54, 6, 63, 18, 44, 20, 35, 43, 97, 91, 76, 10, 30, 21, 45, 64, 71, 1, 23, 17, 83, 24, 14, 60, 36, 85, 57, 40, 88, 65, 56, 79, 94, 39, 68, 46, 75, 38, 58, 19, 32, 81, 41, 27, 62, 87, 90, 99, 59, 11, 16, 72, 73, 70, 67, 37, 84, 3, 92, 25, 55, 28, 29, 51, 8, 66, 61, 98, 48, 89, 50, 7, 96, 53, 80, 4, 33, 34, 2, 52, 13, 0, 69, 74, 49]|[1, 1, 0, 1, 1, 0, 1, 2, 2, 1, 2, 2, 2, 1, 1, 0, 0, 1, 0, 2, 2, 0, 1, 2, 0, 1, 2, 2, 0, 0, 1, 2, 1, 2, 1, 0, 2, 0, 1, 1, 0, 1, 1, 1, 0, 2, 1, 1, 0, 0, 0, 0, 1, 1, 2, 1, 2, 0, 0, 0, 2, 1, 0, 1, 2, 1, 2, 1, 1, 1, 1, 1, 1, 0, 1, 1, 0, 0, 0, 1, 0, 1, 0, 0, 1, 0, 1, 2, 0, 0, 0, 0, 2, 0, 1, 0, 0, 1, 2, 0]|[4, 3, 2, 2, 4, 1, 2, 2, 2, 4, 1, 1, 2, 4, 4, 1, 2, 4, 2, 1, 1, 1, 1, 2, 1, 2, 1, 1, 1, 1, 3, 2, 3, 0, 4, 0, 1, 1, 0, 3, 2, 2, 2, 0, 1, 1, 0, 4, 0, 1, 2, 2, 1, 4, 0, 3, 2, 1, 1, 2, 1, 3, 1, 1, 1, 3, 0, 4, 3, 1, 4, 1, 1, 0, 4, 4, 2, 1, 1, 3, 1, 3, 1, 1, 1, 1, 1, 1, 2, 1, 2, 2, 1, 2, 1, 2, 2, 3, 1, 1]|[0, 2, 1, 1, 3, 0, 1, 0, 0, 0, 0, 0, 1, 0, 1, 0, 1, 3, 1, 0, 0, 0, 3, 1, 0, 2, 0, 0, 0, 1, 0, 0, 0, 0, 3, 0, 1, 0, 0, 2, 1, 1, 1, 0, 0, 0, 0, 2, 1, 0, 0, 0, 1, 3, 0, 0, 1, 0, 0, 1, 0, 2, 0, 1, 0, 2, 1, 0, 0, 1, 1, 3, 1, 1, 3, 3, 1, 0, 0, 2, 0, 0, 0, 0, 1, 0, 2, 0, 1, 0, 1, 1, 0, 0, 1, 0, 0, 0, 0, 1],824.1531664905515,57504.66170409152,92407.54974943638,true
16,G1_CMAX,G3_TWC,[31, 22, 82, 15, 26, 9, 95, 42, 77, 12, 47, 5, 93, 78, 86, 54, 85, 63, 18, 44, 20, 35, 43, 97, 91, 76, 10, 30, 21, 45, 71, 64, 1, 23, 17, 83, 24, 14, 60, 36, 41, 57, 40, 88, 65, 56, 79, 94, 67, 68, 46, 75, 38, 58, 19, 32, 81, 6, 27, 62, 87, 90, 99, 59, 11, 16, 72, 73, 69, 39, 37, 84, 3, 92, 25, 55, 28, 29, 51, 7, 66, 61, 98, 48, 89, 8, 33, 96, 80, 50, 53, 4, 34, 2, 52, 49, 0, 70, 74, 13]|[1, 1, 0, 1, 1, 0, 1, 2, 2, 1, 2, 2, 2, 1, 1, 0, 0, 1, 0, 2, 2, 0, 1, 2, 0, 1, 2, 2, 0, 0, 1, 2, 1, 2, 1, 0, 2, 0, 1, 1, 0, 1, 1, 1, 0, 2, 1, 1, 0, 0, 0, 0, 1, 1, 2, 1, 2, 0, 0, 0, 2, 1, 0, 1, 2, 1, 2, 1, 1, 1, 1, 1, 1, 0, 1, 1, 0, 0, 0, 1, 2, 1, 2, 0, 1, 0, 2, 0, 0, 0, 0, 0, 2, 0, 1, 0, 0, 1, 2, 0]|[4, 3, 2, 2, 4, 1, 2, 2, 2, 4, 1, 1, 2, 4, 4, 1, 2, 4, 2, 1, 1, 1, 1, 2, 1, 2, 1, 1, 1, 1, 3, 2, 3, 0, 4, 0, 1, 1, 0, 3, 2, 2, 2, 0, 1, 1, 0, 4, 0, 1, 2, 2, 1, 4, 0, 3, 2, 1, 1, 2, 1, 3, 1, 1, 1, 3, 0, 4, 3, 1, 4, 1, 1, 0, 4, 4, 2, 1, 1, 1, 1, 3, 1, 1, 1, 1, 1, 1, 1, 1, 2, 2, 1, 2, 1, 1, 2, 4, 1, 2]|[0, 2, 1, 1, 3, 0, 1, 0, 0, 0, 0, 0, 1, 0, 1, 0, 0, 3, 1, 0, 0, 0, 3, 1, 0, 2, 0, 0, 0, 1, 0, 0, 0, 0, 3, 0, 1, 0, 0, 2, 1, 1, 1, 0, 0, 0, 0, 2, 1, 0, 0, 0, 1, 3, 0, 0, 1, 0, 0, 1, 0, 2, 0, 1, 0, 2, 1, 0, 0, 1, 1, 3, 1, 1, 3, 3, 1, 0, 0, 2, 0, 0, 0, 0, 1, 0, 0, 0, 0, 0, 1, 1, 0, 0, 1, 1, 0, 2, 0, 0],828.6150361188287,57499.60594722106,92552.78457897078,true
16,G4_BALANCED,G1_CMAX,[31, 22, 82, 15, 26, 9, 95, 42, 77, 12, 47, 5, 93, 78, 86, 54, 6, 63, 18, 44, 20, 35, 43, 97, 91, 76, 10, 30, 21, 45, 71, 64, 1, 23, 17, 83, 24, 14, 60, 36, 85, 57, 40, 88, 65, 56, 79, 94, 67, 68, 46, 75, 38, 58, 19, 32, 81, 41, 27, 62, 87, 90, 99, 59, 11, 16, 72, 73, 69, 39, 37, 84, 3, 92, 50, 55, 28, 29, 51, 7, 66, 61, 98, 48, 89, 8, 25, 96, 53, 80, 4, 33, 34, 2, 52, 13, 0, 70, 74, 49]|[1, 1, 0, 1, 1, 1, 1, 2, 2, 1, 2, 2, 2, 1, 1, 0, 0, 1, 0, 2, 2, 0, 1, 2, 0, 1, 2, 2, 0, 0, 1, 2, 1, 2, 1, 0, 2, 0, 1, 1, 0, 1, 1, 1, 0, 2, 1, 1, 0, 0, 0, 0, 1, 1, 2, 1, 2, 0, 0, 0, 2, 1, 0, 1, 2, 1, 2, 1, 1, 1, 1, 1, 1, 0, 1, 2, 0, 0, 0, 1, 2, 1, 2, 0, 1, 1, 0, 2, 0, 0, 1, 2, 2, 0, 1, 0, 0, 1, 2, 0]|[0, 3, 2, 2, 4, 0, 2, 2, 2, 4, 1, 1, 2, 4, 4, 1, 2, 4, 2, 1, 1, 1, 1, 2, 1, 2, 1, 1, 1, 1, 3, 2, 3, 0, 4, 0, 1, 1, 0, 3, 2, 2, 2, 0, 1, 1, 0, 4, 0, 1, 2, 2, 1, 4, 0, 3, 2, 1, 1, 2, 1, 3, 1, 1, 1, 3, 0, 4, 3, 1, 4, 1, 1, 0, 4, 1, 2, 1, 1, 1, 1, 3, 1, 1, 1, 3, 1, 1, 2, 1, 4, 1, 1, 2, 1, 2, 2, 3, 1, 1]|[0, 2, 1, 1, 3, 3, 1, 0, 0, 0, 0, 0, 1, 0, 1, 0, 0, 3, 1, 0, 0, 0, 3, 1, 0, 2, 0, 0, 0, 1, 0, 0, 0, 0, 3, 0, 1, 0, 0, 2, 1, 1, 1, 0, 0, 0, 0, 2, 1, 0, 0, 0, 1, 3, 0, 0, 1, 0, 0, 1, 0, 2, 0, 1, 0, 2, 1, 0, 0, 1, 1, 3, 1, 1, 3, 0, 1, 0, 0, 2, 0, 0, 0, 0, 1, 2, 0, 0, 1, 0, 0, 0, 0, 0, 1, 0, 0, 0, 0, 1],740.9169176528521,57364.07158063585,94063.71944433026,true
16,G2_TEC,G2_TEC,[31, 22, 82, 15, 26, 9, 95, 42, 77, 68, 47, 5, 93, 78, 86, 54, 85, 63, 18, 44, 20, 49, 36, 14, 74, 50, 53, 17, 21, 28, 71, 64, 3, 23, 30, 83, 24, 41, 40, 52, 65, 27, 90, 70, 39, 87, 48, 69, 99, 4, 46, 1, 13, 58, 97, 59, 45, 8, 73, 37, 35, 79, 11, 66, 76, 32, 60, 80, 96, 6, 16, 61, 33, 7, 57, 34, 12, 67, 10, 98, 56, 88, 29, 25, 91, 38, 19, 92, 43, 84, 51, 72, 81, 75, 2, 89, 0, 94, 55, 62]|[2, 1, 2, 1, 1, 2, 1, 1, 1, 1, 1, 0, 2, 2, 1, 2, 0, 0, 0, 2, 2, 1, 0, 2, 0, 2, 2, 1, 0, 1, 1, 1, 0, 0, 1, 0, 2, 1, 2, 2, 0, 0, 1, 1, 0, 2, 0, 2, 1, 0, 0, 2, 0, 0, 2, 0, 1, 1, 0, 0, 2, 1, 0, 2, 2, 0, 2, 2, 0, 1, 2, 1, 1, 2, 0, 1, 1, 1, 1, 2, 2, 1, 1, 1, 1, 0, 1, 0, 1, 0, 1, 1, 1, 0, 2, 1, 0, 2, 0, 1]|[0, 3, 0, 3, 4, 1, 4, 4, 2, 4, 3, 2, 1, 0, 2, 1, 1, 1, 2, 1, 1, 3, 0, 1, 0, 1, 1, 4, 1, 4, 3, 2, 2, 0, 4, 1, 1, 4, 0, 1, 2, 1, 4, 4, 1, 1, 0, 2, 3, 1, 2, 1, 2, 1, 1, 2, 4, 3, 0, 2, 2, 3, 1, 0, 1, 2, 0, 1, 2, 4, 1, 3, 4, 1, 2, 4, 3, 3, 3, 1, 1, 4, 3, 4, 3, 2, 4, 2, 4, 2, 3, 4, 1, 2, 1, 4, 2, 1, 2, 3]|[0, 2, 0, 0, 3, 0, 1, 3, 0, 0, 2, 0, 1, 0, 1, 0, 0, 0, 1, 0, 0, 2, 0, 0, 1, 0, 0, 3, 0, 1, 0, 2, 0, 0, 3, 0, 1, 3, 0, 0, 0, 0, 1, 3, 0, 0, 1, 0, 2, 0, 0, 0, 0, 0, 1, 0, 1, 0, 1, 1, 0, 2, 0, 0, 0, 0, 0, 0, 0, 2, 0, 0, 1, 0, 0, 1, 0, 0, 3, 0, 0, 1, 0, 3, 0, 0, 3, 0, 2, 0, 0, 2, 1, 0, 0, 1, 0, 0, 0, 0],889.0053545036524,50920.37616528636,113453.88510595518,false
16,G3_TWC,G1_CMAX,[31, 22, 82, 15, 26, 9, 95, 42, 77, 12, 47, 5, 93, 78, 86, 54, 6, 63, 18, 44, 20, 35, 43, 97, 91, 76, 10, 30, 21, 45, 64, 71, 1, 23, 17, 83, 24, 14, 60, 36, 85, 57, 40, 88, 65, 56, 79, 94, 39, 68, 46, 75, 38, 58, 19, 32, 81, 41, 27, 62, 87, 90, 99, 59, 11, 16, 72, 73, 70, 67, 37, 84, 3, 92, 25, 55, 28, 29, 51, 8, 66, 61, 98, 48, 89, 50, 7, 96, 53, 80, 4, 33, 34, 2, 52, 13, 0, 69, 74, 49]|[1, 1, 0, 1, 1, 0, 1, 2, 2, 1, 2, 2, 2, 1, 1, 0, 0, 1, 0, 2, 2, 0, 1, 2, 0, 1, 2, 2, 0, 0, 1, 2, 1, 2, 1, 0, 2, 0, 1, 1, 0, 1, 1, 1, 0, 2, 1, 1, 0, 0, 0, 0, 1, 1, 2, 1, 2, 0, 0, 0, 2, 1, 0, 1, 2, 1, 2, 1, 1, 1, 1, 1, 1, 0, 1, 1, 0, 0, 0, 1, 0, 1, 0, 0, 1, 0, 1, 2, 0, 0, 0, 0, 2, 0, 1, 0, 0, 1, 2, 0]|[4, 3, 2, 2, 4, 1, 2, 2, 2, 4, 1, 1, 2, 4, 4, 1, 2, 4, 2, 1, 1, 1, 1, 2, 1, 2, 1, 1, 1, 1, 3, 2, 3, 0, 4, 0, 1, 1, 0, 3, 2, 2, 2, 0, 1, 1, 0, 4, 0, 1, 2, 2, 1, 4, 0, 3, 2, 1, 1, 2, 1, 3, 1, 1, 1, 3, 0, 4, 3, 1, 4, 1, 1, 0, 4, 4, 2, 1, 1, 3, 1, 3, 1, 1, 1, 1, 1, 1, 2, 1, 2, 2, 1, 2, 1, 2, 2, 3, 1, 1]|[0, 2, 1, 1, 3, 0, 1, 0, 0, 0, 0, 0, 1, 0, 1, 0, 1, 3, 1, 0, 0, 0, 3, 1, 0, 2, 0, 0, 0, 1, 0, 0, 0, 0, 3, 0, 1, 0, 0, 2, 1, 1, 1, 0, 0, 0, 0, 2, 1, 0, 0, 0, 1, 3, 0, 0, 1, 0, 0, 1, 0, 2, 0, 1, 0, 2, 1, 0, 0, 1, 1, 3, 1, 1, 3, 3, 1, 0, 0, 2, 0, 0, 0, 0, 1, 0, 2, 0, 1, 0, 1, 1, 0, 0, 1, 0, 0, 0, 0, 1],824.1531664905515,57504.66170409152,92407.54974943638,true
16,G1_CMAX,G4_BALANCED,[31, 22, 82, 15, 26, 9, 95, 42, 77, 12, 47, 5, 93, 78, 86, 54, 6, 63, 18, 13, 20, 35, 43, 97, 91, 76, 10, 30, 21, 45, 64, 71, 1, 23, 17, 83, 24, 14, 60, 36, 85, 57, 40, 88, 65, 56, 79, 94, 67, 68, 46, 75, 38, 58, 19, 32, 81, 48, 27, 28, 87, 90, 99, 59, 11, 16, 72, 73, 69, 39, 37, 84, 3, 92, 25, 55, 62, 29, 51, 7, 66, 61, 98, 41, 89, 50, 8, 96, 53, 80, 4, 33, 34, 2, 52, 44, 0, 49, 74, 70]|[1, 1, 0, 1, 1, 0, 1, 2, 2, 1, 2, 2, 2, 1, 1, 0, 0, 1, 0, 2, 2, 0, 1, 2, 0, 1, 2, 2, 0, 0, 1, 2, 1, 2, 1, 0, 2, 0, 1, 1, 0, 1, 1, 1, 0, 2, 1, 1, 0, 0, 0, 0, 1, 1, 2, 1, 2, 0, 0, 0, 2, 1, 0, 1, 2, 1, 2, 1, 1, 1, 1, 1, 1, 0, 1, 1, 0, 0, 0, 1, 2, 1, 0, 0, 1, 0, 0, 2, 0, 0, 0, 2, 2, 0, 1, 0, 0, 0, 2, 1]|[4, 3, 2, 2, 4, 1, 2, 2, 2, 4, 1, 1, 2, 4, 4, 1, 2, 4, 2, 1, 1, 1, 1, 2, 1, 2, 1, 1, 1, 1, 3, 2, 3, 0, 4, 0, 1, 1, 0, 3, 2, 2, 2, 0, 1, 1, 0, 4, 0, 1, 2, 2, 1, 4, 0, 3, 2, 1, 1, 2, 1, 3, 1, 1, 1, 3, 0, 4, 3, 1, 4, 1, 1, 0, 4, 4, 2, 1, 1, 1, 1, 3, 1, 1, 1, 1, 1, 1, 2, 1, 2, 1, 1, 2, 1, 2, 2, 1, 1, 3]|[0, 2, 1, 1, 3, 0, 1, 0, 0, 0, 0, 0, 1, 0, 1, 0, 1, 3, 1, 0, 0, 0, 3, 1, 0, 2, 0, 0, 0, 1, 0, 0, 0, 0, 3, 0, 1, 0, 0, 2, 1, 1, 1, 0, 0, 0, 0, 2, 1, 0, 0, 0, 1, 3, 0, 0, 1, 0, 0, 1, 0, 2, 0, 1, 0, 2, 1, 0, 0, 1, 1, 3, 1, 1, 3, 3, 1, 0, 0, 2, 0, 0, 0, 0, 1, 0, 0, 0, 1, 0, 1, 0, 0, 0, 1, 0, 0, 1, 0, 0],806.8306926156305,57645.15660939416,92557.17793802361,true
16,G4_BALANCED,G4_BALANCED,[31, 22, 82, 15, 26, 9, 95, 42, 77, 68, 47, 5, 93, 78, 86, 54, 85, 63, 18, 44, 20, 49, 36, 14, 74, 50, 53, 17, 21, 28, 71, 64, 3, 23, 30, 83, 24, 41, 60, 52, 65, 27, 90, 70, 39, 87, 48, 69, 99, 4, 46, 1, 13, 58, 97, 59, 45, 8, 73, 37, 35, 40, 11, 66, 76, 32, 79, 80, 96, 6, 16, 61, 33, 7, 57, 34, 12, 67, 10, 98, 56, 88, 29, 75, 91, 38, 19, 92, 43, 84, 51, 72, 81, 25, 2, 55, 0, 94, 89, 62]|[2, 1, 2, 1, 1, 2, 1, 1, 1, 1, 1, 0, 2, 2, 1, 2, 0, 0, 0, 2, 2, 1, 0, 2, 0, 2, 2, 1, 0, 1, 1, 1, 0, 0, 1, 0, 2, 1, 2, 2, 0, 0, 1, 1, 0, 2, 0, 2, 1, 0, 0, 2, 0, 0, 2, 0, 1, 1, 0, 0, 2, 2, 0, 2, 2, 0, 1, 2, 0, 1, 2, 1, 1, 2, 0, 1, 1, 1, 1, 2, 2, 1, 1, 0, 1, 0, 1, 0, 1, 0, 1, 1, 1, 1, 2, 0, 0, 1, 1, 1]|[0, 3, 0, 3, 4, 1, 4, 4, 2, 4, 3, 2, 1, 0, 2, 1, 1, 1, 2, 1, 1, 3, 0, 1, 0, 1, 1, 4, 1, 4, 3, 2, 2, 0, 4, 1, 1, 4, 0, 1, 2, 1, 4, 4, 1, 1, 0, 2, 3, 1, 2, 1, 2, 1, 1, 2, 4, 3, 0, 2, 2, 0, 1, 0, 1, 2, 3, 1, 2, 4, 1, 3, 4, 1, 2, 4, 3, 3, 3, 1, 1, 4, 3, 2, 3, 2, 4, 2, 4, 2, 3, 4, 1, 4, 1, 2, 2, 4, 4, 3]|[0, 2, 0, 0, 3, 0, 1, 3, 0, 0, 2, 0, 1, 0, 1, 0, 0, 0, 1, 0, 0, 2, 0, 0, 1, 0, 0, 3, 0, 1, 0, 2, 0, 1, 3, 0, 1, 3, 1, 0, 0, 0, 1, 3, 0, 0, 1, 0, 2, 0, 0, 0, 0, 0, 1, 0, 1, 0, 1, 1, 0, 0, 0, 0, 0, 0, 2, 0, 0, 2, 0, 0, 1, 0, 0, 1, 0, 0, 3, 0, 0, 1, 0, 0, 0, 0, 3, 0, 2, 0, 0, 2, 1, 3, 0, 0, 0, 2, 1, 0],903.2385143846271,51678.49137726576,106717.24315810326,false
16,G2_TEC,G2_TEC,[31, 22, 82, 15, 26, 9, 95, 42, 77, 68, 47, 5, 93, 78, 86, 54, 85, 63, 18, 44, 20, 49, 36, 14, 74, 50, 53, 17, 21, 28, 71, 64, 3, 23, 30, 83, 24, 41, 40, 52, 65, 27, 90, 70, 39, 87, 48, 69, 99, 4, 46, 1, 13, 58, 97, 59, 45, 8, 73, 37, 35, 79, 11, 66, 76, 32, 60, 80, 96, 6, 16, 61, 33, 7, 57, 34, 12, 67, 10, 98, 56, 88, 29, 25, 91, 38, 19, 92, 43, 84, 51, 72, 81, 75, 2, 89, 0, 94, 55, 62]|[2, 1, 2, 1, 1, 2, 1, 1, 1, 1, 1, 0, 2, 2, 1, 2, 0, 0, 0, 2, 2, 1, 0, 2, 0, 2, 2, 1, 0, 1, 1, 1, 0, 0, 1, 0, 2, 1, 2, 2, 0, 0, 1, 1, 0, 2, 0, 2, 1, 0, 0, 2, 0, 0, 2, 0, 1, 1, 0, 0, 2, 1, 0, 2, 2, 0, 2, 2, 0, 1, 2, 1, 1, 2, 0, 1, 1, 1, 1, 2, 2, 1, 1, 1, 1, 0, 1, 0, 1, 0, 1, 1, 1, 0, 2, 1, 0, 2, 0, 1]|[0, 3, 0, 3, 4, 1, 4, 4, 2, 4, 3, 2, 1, 0, 2, 1, 1, 1, 2, 1, 1, 3, 0, 1, 0, 1, 1, 4, 1, 4, 3, 2, 2, 0, 4, 1, 1, 4, 0, 1, 2, 1, 4, 4, 1, 1, 0, 2, 3, 1, 2, 1, 2, 1, 1, 2, 4, 3, 0, 2, 2, 3, 1, 0, 1, 2, 0, 1, 2, 4, 1, 3, 4, 1, 2, 4, 3, 3, 3, 1, 1, 4, 3, 4, 3, 2, 4, 2, 4, 2, 3, 4, 1, 2, 1, 4, 2, 1, 2, 3]|[0, 2, 0, 0, 3, 0, 1, 3, 0, 0, 2, 0, 1, 0, 1, 0, 0, 0, 1, 0, 0, 2, 0, 0, 1, 0, 0, 3, 0, 1, 0, 2, 0, 0, 3, 0, 1, 3, 0, 0, 0, 0, 1, 3, 0, 0, 1, 0, 2, 0, 0, 0, 0, 0, 1, 0, 1, 0, 1, 1, 0, 2, 0, 0, 0, 0, 0, 0, 0, 2, 0, 0, 1, 0, 0, 1, 0, 0, 3, 0, 0, 1, 0, 3, 0, 0, 3, 0, 2, 0, 0, 2, 1, 0, 0, 1, 0, 0, 0, 0],889.0053545036524,50920.37616528636,113453.88510595518,false
16,G3_TWC,G4_BALANCED,[31, 22, 82, 15, 26, 9, 95, 42, 77, 68, 47, 5, 93, 78, 86, 54, 85, 63, 18, 44, 20, 49, 36, 14, 74, 50, 53, 17, 21, 28, 71, 64, 3, 23, 30, 83, 24, 41, 60, 52, 65, 27, 90, 70, 39, 87, 48, 69, 99, 4, 46, 1, 13, 58, 97, 59, 45, 8, 73, 37, 35, 79, 11, 66, 76, 32, 40, 80, 96, 6, 16, 61, 33, 7, 57, 34, 12, 67, 10, 98, 56, 84, 29, 75, 91, 38, 19, 92, 43, 88, 51, 72, 81, 25, 2, 55, 0, 94, 89, 62]|[2, 1, 2, 1, 1, 2, 1, 1, 1, 1, 1, 0, 2, 2, 1, 2, 0, 0, 0, 2, 2, 1, 0, 2, 0, 2, 2, 1, 0, 1, 1, 1, 0, 0, 1, 0, 2, 1, 2, 2, 0, 0, 1, 1, 0, 2, 0, 2, 1, 0, 0, 2, 0, 0, 2, 0, 1, 1, 0, 0, 2, 1, 0, 2, 2, 0, 2, 2, 0, 1, 2, 1, 1, 2, 0, 1, 1, 1, 1, 0, 2, 0, 1, 0, 1, 0, 1, 0, 1, 1, 1, 1, 1, 1, 2, 0, 0, 2, 1, 1]|[0, 3, 0, 3, 4, 1, 4, 4, 2, 4, 3, 2, 1, 0, 2, 1, 1, 1, 2, 1, 1, 3, 0, 1, 0, 1, 1, 4, 1, 4, 3, 2, 2, 0, 4, 1, 1, 4, 0, 1, 2, 1, 4, 4, 1, 1, 0, 2, 3, 1, 2, 1, 2, 1, 1, 2, 4, 3, 0, 2, 2, 3, 1, 0, 1, 2, 0, 1, 2, 4, 1, 3, 4, 1, 2, 4, 3, 3, 3, 2, 1, 2, 3, 2, 3, 2, 4, 2, 4, 4, 3, 4, 1, 4, 1, 2, 2, 1, 4, 3]|[0, 2, 0, 0, 3, 0, 1, 3, 0, 0, 2, 0, 1, 0, 1, 0, 0, 0, 1, 0, 0, 2, 0, 0, 1, 0, 0, 3, 0, 1, 0, 2, 0, 1, 3, 0, 1, 3, 1, 0, 0, 0, 1, 3, 0, 0, 1, 0, 2, 0, 0, 1, 0, 0, 1, 0, 1, 0, 1, 1, 0, 2, 0, 0, 0, 0, 0, 0, 0, 2, 0, 0, 1, 0, 0, 1, 0, 0, 3, 0, 0, 0, 0, 0, 0, 0, 3, 0, 2, 1, 0, 2, 1, 3, 0, 0, 0, 0, 1, 0],873.4710150502689,51883.33098711703,106061.4617437824,true
16,G1_CMAX,G4_BALANCED,[31, 22, 82, 15, 26, 9, 95, 42, 77, 12, 47, 5, 93, 78, 86, 54, 6, 63, 18, 13, 20, 35, 43, 97, 91, 76, 10, 30, 21, 45, 64, 71, 1, 23, 17, 83, 24, 14, 60, 36, 85, 57, 40, 88, 65, 56, 79, 94, 67, 68, 46, 75, 38, 58, 19, 32, 81, 48, 27, 28, 87, 90, 99, 59, 11, 16, 72, 73, 69, 39, 37, 84, 3, 92, 25, 55, 62, 29, 51, 7, 66, 61, 98, 41, 89, 50, 8, 96, 53, 80, 4, 33, 34, 2, 52, 44, 0, 49, 74, 70]|[1, 1, 0, 1, 1, 0, 1, 2, 2, 1, 2, 2, 2, 1, 1, 0, 0, 1, 0, 2, 2, 0, 1, 2, 0, 1, 2, 2, 0, 0, 1, 2, 1, 2, 1, 0, 2, 0, 1, 1, 0, 1, 1, 1, 0, 2, 1, 1, 0, 0, 0, 0, 1, 1, 2, 1, 2, 0, 0, 0, 2, 1, 0, 1, 2, 1, 2, 1, 1, 1, 1, 1, 1, 0, 1, 1, 0, 0, 0, 1, 2, 1, 0, 0, 1, 0, 0, 2, 0, 0, 0, 2, 2, 0, 1, 0, 0, 0, 2, 1]|[4, 3, 2, 2, 4, 1, 2, 2, 2, 4, 1, 1, 2, 4, 4, 1, 2, 4, 2, 1, 1, 1, 1, 2, 1, 2, 1, 1, 1, 1, 3, 2, 3, 0, 4, 0, 1, 1, 0, 3, 2, 2, 2, 0, 1, 1, 0, 4, 0, 1, 2, 2, 1, 4, 0, 3, 2, 1, 1, 2, 1, 3, 1, 1, 1, 3, 0, 4, 3, 1, 4, 1, 1, 0, 4, 4, 2, 1, 1, 1, 1, 3, 1, 1, 1, 1, 1, 1, 2, 1, 2, 1, 1, 2, 1, 2, 2, 1, 1, 3]|[0, 2, 1, 1, 3, 0, 1, 0, 0, 0, 0, 0, 1, 0, 1, 0, 1, 3, 1, 0, 0, 0, 3, 1, 0, 2, 0, 0, 0, 1, 0, 0, 0, 0, 3, 0, 1, 0, 0, 2, 1, 1, 1, 0, 0, 0, 0, 2, 1, 0, 0, 0, 1, 3, 0, 0, 1, 0, 0, 1, 0, 2, 0, 1, 0, 2, 1, 0, 0, 1, 1, 3, 1, 1, 3, 3, 1, 0, 0, 2, 0, 0, 0, 0, 1, 0, 0, 0, 1, 0, 1, 0, 0, 0, 1, 0, 0, 1, 0, 0],806.8306926156305,57645.15660939416,92557.17793802361,true
16,G4_BALANCED,G4_BALANCED,[31, 22, 82, 15, 26, 9, 95, 42, 77, 68, 47, 5, 93, 78, 86, 54, 85, 63, 18, 44, 20, 49, 36, 14, 74, 50, 53, 17, 21, 28, 71, 64, 3, 23, 30, 83, 24, 41, 60, 52, 65, 27, 90, 70, 39, 87, 48, 69, 99, 4, 46, 1, 13, 58, 97, 59, 45, 8, 73, 37, 35, 40, 11, 66, 76, 32, 79, 80, 96, 6, 16, 61, 33, 7, 57, 34, 12, 67, 10, 98, 56, 88, 29, 75, 91, 38, 19, 92, 43, 84, 51, 72, 81, 25, 2, 55, 0, 94, 89, 62]|[2, 1, 2, 1, 1, 2, 1, 1, 1, 1, 1, 0, 2, 2, 1, 2, 0, 0, 0, 2, 2, 1, 0, 2, 0, 2, 2, 1, 0, 1, 1, 1, 0, 0, 1, 0, 2, 1, 2, 2, 0, 0, 1, 1, 0, 2, 0, 2, 1, 0, 0, 2, 0, 0, 2, 0, 1, 1, 0, 0, 2, 2, 0, 2, 2, 0, 1, 2, 0, 1, 2, 1, 1, 2, 0, 1, 1, 1, 1, 2, 2, 1, 1, 0, 1, 0, 1, 0, 1, 0, 1, 1, 1, 1, 2, 0, 0, 1, 1, 1]|[0, 3, 0, 3, 4, 1, 4, 4, 2, 4, 3, 2, 1, 0, 2, 1, 1, 1, 2, 1, 1, 3, 0, 1, 0, 1, 1, 4, 1, 4, 3, 2, 2, 0, 4, 1, 1, 4, 0, 1, 2, 1, 4, 4, 1, 1, 0, 2, 3, 1, 2, 1, 2, 1, 1, 2, 4, 3, 0, 2, 2, 0, 1, 0, 1, 2, 3, 1, 2, 4, 1, 3, 4, 1, 2, 4, 3, 3, 3, 1, 1, 4, 3, 2, 3, 2, 4, 2, 4, 2, 3, 4, 1, 4, 1, 2, 2, 4, 4, 3]|[0, 2, 0, 0, 3, 0, 1, 3, 0, 0, 2, 0, 1, 0, 1, 0, 0, 0, 1, 0, 0, 2, 0, 0, 1, 0, 0, 3, 0, 1, 0, 2, 0, 1, 3, 0, 1, 3, 1, 0, 0, 0, 1, 3, 0, 0, 1, 0, 2, 0, 0, 0, 0, 0, 1, 0, 1, 0, 1, 1, 0, 0, 0, 0, 0, 0, 2, 0, 0, 2, 0, 0, 1, 0, 0, 1, 0, 0, 3, 0, 0, 1, 0, 0, 0, 0, 3, 0, 2, 0, 0, 2, 1, 3, 0, 0, 0, 2, 1, 0],903.2385143846271,51678.49137726576,106717.24315810326,false
16,G2_TEC,G2_TEC,[31, 22, 82, 15, 26, 9, 95, 42, 77, 68, 47, 5, 93, 78, 86, 54, 85, 63, 18, 44, 20, 49, 36, 14, 74, 50, 53, 17, 21, 28, 71, 64, 3, 23, 30, 83, 24, 41, 40, 52, 65, 27, 90, 70, 39, 87, 48, 69, 99, 4, 46, 1, 13, 58, 97, 59, 45, 8, 73, 37, 35, 79, 11, 66, 76, 32, 60, 80, 96, 6, 16, 61, 33, 7, 57, 34, 12, 67, 10, 98, 56, 88, 29, 25, 91, 38, 19, 92, 43, 84, 51, 72, 81, 75, 2, 89, 0, 94, 55, 62]|[2, 1, 2, 1, 1, 2, 1, 1, 1, 1, 1, 0, 2, 2, 1, 2, 0, 0, 0, 2, 2, 1, 0, 2, 0, 2, 2, 1, 0, 1, 1, 1, 0, 0, 1, 0, 2, 1, 2, 2, 0, 0, 1, 1, 0, 2, 0, 2, 1, 0, 0, 2, 0, 0, 2, 0, 1, 1, 0, 0, 2, 1, 0, 2, 2, 0, 2, 2, 0, 1, 2, 1, 1, 2, 0, 1, 1, 1, 1, 2, 2, 1, 1, 1, 1, 0, 1, 0, 1, 0, 1, 1, 1, 0, 2, 1, 0, 2, 0, 1]|[0, 3, 0, 3, 4, 1, 4, 4, 2, 4, 3, 2, 1, 0, 2, 1, 1, 1, 2, 1, 1, 3, 0, 1, 0, 1, 1, 4, 1, 4, 3, 2, 2, 0, 4, 1, 1, 4, 0, 1, 2, 1, 4, 4, 1, 1, 0, 2, 3, 1, 2, 1, 2, 1, 1, 2, 4, 3, 0, 2, 2, 3, 1, 0, 1, 2, 0, 1, 2, 4, 1, 3, 4, 1, 2, 4, 3, 3, 3, 1, 1, 4, 3, 4, 3, 2, 4, 2, 4, 2, 3, 4, 1, 2, 1, 4, 2, 1, 2, 3]|[0, 2, 0, 0, 3, 0, 1, 3, 0, 0, 2, 0, 1, 0, 1, 0, 0, 0, 1, 0, 0, 2, 0, 0, 1, 0, 0, 3, 0, 1, 0, 2, 0, 0, 3, 0, 1, 3, 0, 0, 0, 0, 1, 3, 0, 0, 1, 0, 2, 0, 0, 0, 0, 0, 1, 0, 1, 0, 1, 1, 0, 2, 0, 0, 0, 0, 0, 0, 0, 2, 0, 0, 1, 0, 0, 1, 0, 0, 3, 0, 0, 1, 0, 3, 0, 0, 3, 0, 2, 0, 0, 2, 1, 0, 0, 1, 0, 0, 0, 0],889.0053545036524,50920.37616528636,113453.88510595518,false
16,G3_TWC,G4_BALANCED,[31, 22, 82, 15, 26, 9, 95, 42, 77, 68, 47, 5, 93, 78, 86, 54, 85, 63, 18, 44, 20, 49, 36, 14, 74, 50, 53, 17, 21, 28, 71, 64, 3, 23, 30, 83, 24, 41, 60, 52, 65, 27, 90, 70, 39, 87, 48, 69, 99, 4, 46, 1, 13, 58, 97, 59, 45, 8, 73, 37, 35, 79, 11, 66, 76, 32, 40, 80, 96, 6, 16, 61, 33, 7, 57, 34, 12, 67, 10, 98, 56, 84, 29, 75, 91, 38, 19, 92, 43, 88, 51, 72, 81, 25, 2, 55, 0, 94, 89, 62]|[2, 1, 2, 1, 1, 2, 1, 1, 1, 1, 1, 0, 2, 2, 1, 2, 0, 0, 0, 2, 2, 1, 0, 2, 0, 2, 2, 1, 0, 1, 1, 1, 0, 0, 1, 0, 2, 1, 2, 2, 0, 0, 1, 1, 0, 2, 0, 2, 1, 0, 0, 2, 0, 0, 2, 0, 1, 1, 0, 0, 2, 1, 0, 2, 2, 0, 2, 2, 0, 1, 2, 1, 1, 2, 0, 1, 1, 1, 1, 0, 2, 0, 1, 0, 1, 0, 1, 0, 1, 1, 1, 1, 1, 1, 2, 0, 0, 2, 1, 1]|[0, 3, 0, 3, 4, 1, 4, 4, 2, 4, 3, 2, 1, 0, 2, 1, 1, 1, 2, 1, 1, 3, 0, 1, 0, 1, 1, 4, 1, 4, 3, 2, 2, 0, 4, 1, 1, 4, 0, 1, 2, 1, 4, 4, 1, 1, 0, 2, 3, 1, 2, 1, 2, 1, 1, 2, 4, 3, 0, 2, 2, 3, 1, 0, 1, 2, 0, 1, 2, 4, 1, 3, 4, 1, 2, 4, 3, 3, 3, 2, 1, 2, 3, 2, 3, 2, 4, 2, 4, 4, 3, 4, 1, 4, 1, 2, 2, 1, 4, 3]|[0, 2, 0, 0, 3, 0, 1, 3, 0, 0, 2, 0, 1, 0, 1, 0, 0, 0, 1, 0, 0, 2, 0, 0, 1, 0, 0, 3, 0, 1, 0, 2, 0, 1, 3, 0, 1, 3, 1, 0, 0, 0, 1, 3, 0, 0, 1, 0, 2, 0, 0, 1, 0, 0, 1, 0, 1, 0, 1, 1, 0, 2, 0, 0, 0, 0, 0, 0, 0, 2, 0, 0, 1, 0, 0, 1, 0, 0, 3, 0, 0, 0, 0, 0, 0, 0, 3, 0, 2, 1, 0, 2, 1, 3, 0, 0, 0, 0, 1, 0],873.4710150502689,51883.33098711703,106061.4617437824,true
16,G1_CMAX,G3_TWC,[31, 22, 82, 15, 26, 9, 95, 42, 77, 12, 47, 5, 93, 78, 86, 54, 85, 63, 18, 44, 20, 35, 43, 97, 91, 76, 10, 30, 21, 45, 71, 64, 1, 23, 17, 83, 24, 14, 60, 36, 41, 57, 40, 88, 65, 56, 79, 94, 67, 68, 46, 75, 38, 58, 19, 32, 81, 6, 27, 62, 87, 90, 99, 59, 11, 16, 72, 73, 69, 39, 37, 84, 3, 92, 25, 55, 28, 29, 51, 7, 66, 61, 98, 33, 89, 50, 8, 96, 53, 80, 4, 48, 34, 2, 52, 13, 0, 70, 74, 49]|[1, 1, 0, 1, 1, 0, 1, 2, 2, 1, 2, 2, 2, 1, 1, 0, 0, 1, 0, 2, 2, 0, 1, 2, 0, 1, 2, 2, 0, 0, 1, 2, 1, 2, 1, 0, 2, 0, 1, 1, 0, 1, 1, 1, 0, 2, 1, 1, 0, 0, 0, 0, 1, 1, 2, 1, 2, 0, 0, 0, 2, 1, 0, 1, 2, 1, 2, 1, 1, 1, 1, 1, 1, 0, 1, 1, 0, 0, 0, 1, 2, 1, 2, 2, 1, 0, 0, 0, 0, 0, 0, 0, 2, 0, 1, 0, 0, 1, 2, 0]|[4, 3, 2, 2, 4, 1, 2, 2, 2, 4, 1, 1, 2, 4, 4, 1, 2, 4, 2, 1, 1, 1, 1, 2, 1, 2, 1, 1, 1, 1, 3, 2, 3, 0, 4, 0, 1, 1, 0, 3, 2, 2, 2, 0, 1, 1, 0, 4, 0, 1, 2, 2, 1, 4, 0, 3, 2, 1, 1, 2, 1, 3, 1, 1, 1, 3, 0, 4, 3, 1, 4, 1, 1, 0, 4, 4, 2, 1, 1, 1, 1, 3, 1, 1, 1, 1, 1, 1, 2, 1, 2, 1, 1, 2, 1, 2, 2, 4, 1, 1]|[0, 2, 1, 1, 3, 0, 1, 0, 0, 0, 0, 0, 1, 0, 1, 0, 0, 3, 1, 0, 0, 0, 3, 1, 0, 2, 0, 0, 0, 1, 0, 0, 0, 0, 3, 0, 1, 0, 0, 2, 1, 1, 1, 0, 0, 0, 0, 2, 1, 0, 0, 0, 1, 3, 0, 0, 1, 0, 0, 1, 0, 2, 0, 1, 0, 2, 1, 0, 0, 1, 1, 3, 1, 1, 3, 3, 1, 0, 0, 2, 0, 0, 0, 0, 1, 0, 0, 0, 1, 0, 1, 0, 0, 0, 1, 0, 0, 2, 0, 1],828.154803746455,57493.87417606956,92561.73319856406,true
16,G4_BALANCED,G4_BALANCED,[31, 22, 82, 15, 26, 9, 95, 42, 77, 68, 47, 5, 93, 78, 86, 54, 85, 63, 18, 44, 20, 49, 36, 14, 74, 50, 53, 17, 21, 28, 71, 64, 3, 23, 30, 83, 24, 41, 60, 52, 65, 27, 90, 70, 39, 87, 48, 69, 99, 4, 46, 1, 13, 58, 97, 59, 45, 8, 73, 37, 35, 40, 11, 66, 76, 32, 79, 80, 96, 6, 16, 61, 33, 7, 57, 34, 12, 67, 10, 98, 56, 88, 29, 75, 91, 38, 19, 92, 43, 84, 51, 72, 81, 25, 2, 55, 0, 94, 89, 62]|[2, 1, 2, 1, 1, 2, 1, 1, 1, 1, 1, 0, 2, 2, 1, 2, 0, 0, 0, 2, 2, 1, 0, 2, 0, 2, 2, 1, 0, 1, 1, 1, 0, 0, 1, 0, 2, 1, 2, 2, 0, 0, 1, 1, 0, 2, 0, 2, 1, 0, 0, 2, 0, 0, 2, 0, 1, 1, 0, 0, 2, 2, 0, 2, 2, 0, 1, 2, 0, 1, 2, 1, 1, 2, 0, 1, 1, 1, 1, 2, 2, 1, 1, 0, 1, 0, 1, 0, 1, 0, 1, 1, 1, 1, 2, 0, 0, 1, 1, 1]|[0, 3, 0, 3, 4, 1, 4, 4, 2, 4, 3, 2, 1, 0, 2, 1, 1, 1, 2, 1, 1, 3, 0, 1, 0, 1, 1, 4, 1, 4, 3, 2, 2, 0, 4, 1, 1, 4, 0, 1, 2, 1, 4, 4, 1, 1, 0, 2, 3, 1, 2, 1, 2, 1, 1, 2, 4, 3, 0, 2, 2, 0, 1, 0, 1, 2, 3, 1, 2, 4, 1, 3, 4, 1, 2, 4, 3, 3, 3, 1, 1, 4, 3, 2, 3, 2, 4, 2, 4, 2, 3, 4, 1, 4, 1, 2, 2, 4, 4, 3]|[0, 2, 0, 0, 3, 0, 1, 3, 0, 0, 2, 0, 1, 0, 1, 0, 0, 0, 1, 0, 0, 2, 0, 0, 1, 0, 0, 3, 0, 1, 0, 2, 0, 1, 3, 0, 1, 3, 1, 0, 0, 0, 1, 3, 0, 0, 1, 0, 2, 0, 0, 0, 0, 0, 1, 0, 1, 0, 1, 1, 0, 0, 0, 0, 0, 0, 2, 0, 0, 2, 0, 0, 1, 0, 0, 1, 0, 0, 3, 0, 0, 1, 0, 0, 0, 0, 3, 0, 2, 0, 0, 2, 1, 3, 0, 0, 0, 2, 1, 0],903.2385143846271,51678.49137726576,106717.24315810326,false
16,G2_TEC,G2_TEC,[31, 22, 82, 15, 26, 9, 95, 42, 77, 68, 47, 5, 93, 78, 86, 54, 85, 63, 18, 44, 20, 49, 36, 14, 74, 50, 53, 17, 21, 28, 71, 64, 3, 23, 30, 83, 24, 41, 40, 52, 65, 27, 90, 70, 39, 87, 48, 69, 99, 4, 46, 1, 13, 58, 97, 59, 45, 8, 73, 37, 35, 79, 11, 66, 76, 32, 60, 80, 96, 6, 16, 61, 33, 7, 57, 34, 12, 67, 10, 98, 56, 88, 29, 25, 91, 38, 19, 92, 43, 84, 51, 72, 81, 75, 2, 89, 0, 94, 55, 62]|[2, 1, 2, 1, 1, 2, 1, 1, 1, 1, 1, 0, 2, 2, 1, 2, 0, 0, 0, 2, 2, 1, 0, 2, 0, 2, 2, 1, 0, 1, 1, 1, 0, 0, 1, 0, 2, 1, 2, 2, 0, 0, 1, 1, 0, 2, 0, 2, 1, 0, 0, 2, 0, 0, 2, 0, 1, 1, 0, 0, 2, 1, 0, 2, 2, 0, 2, 2, 0, 1, 2, 1, 1, 2, 0, 1, 1, 1, 1, 2, 2, 1, 1, 1, 1, 0, 1, 0, 1, 0, 1, 1, 1, 0, 2, 1, 0, 2, 0, 1]|[0, 3, 0, 3, 4, 1, 4, 4, 2, 4, 3, 2, 1, 0, 2, 1, 1, 1, 2, 1, 1, 3, 0, 1, 0, 1, 1, 4, 1, 4, 3, 2, 2, 0, 4, 1, 1, 4, 0, 1, 2, 1, 4, 4, 1, 1, 0, 2, 3, 1, 2, 1, 2, 1, 1, 2, 4, 3, 0, 2, 2, 3, 1, 0, 1, 2, 0, 1, 2, 4, 1, 3, 4, 1, 2, 4, 3, 3, 3, 1, 1, 4, 3, 4, 3, 2, 4, 2, 4, 2, 3, 4, 1, 2, 1, 4, 2, 1, 2, 3]|[0, 2, 0, 0, 3, 0, 1, 3, 0, 0, 2, 0, 1, 0, 1, 0, 0, 0, 1, 0, 0, 2, 0, 0, 1, 0, 0, 3, 0, 1, 0, 2, 0, 0, 3, 0, 1, 3, 0, 0, 0, 0, 1, 3, 0, 0, 1, 0, 2, 0, 0, 0, 0, 0, 1, 0, 1, 0, 1, 1, 0, 2, 0, 0, 0, 0, 0, 0, 0, 2, 0, 0, 1, 0, 0, 1, 0, 0, 3, 0, 0, 1, 0, 3, 0, 0, 3, 0, 2, 0, 0, 2, 1, 0, 0, 1, 0, 0, 0, 0],889.0053545036524,50920.37616528636,113453.88510595518,false
16,G3_TWC,G1_CMAX,[31, 22, 82, 15, 26, 9, 95, 42, 77, 12, 47, 5, 93, 78, 86, 54, 6, 63, 18, 44, 20, 35, 43, 97, 91, 76, 10, 30, 21, 45, 64, 71, 1, 23, 17, 83, 24, 14, 60, 36, 85, 57, 40, 88, 65, 56, 79, 94, 39, 68, 46, 75, 38, 58, 19, 32, 81, 41, 27, 62, 87, 90, 99, 59, 11, 16, 72, 73, 70, 67, 37, 84, 3, 92, 25, 55, 28, 29, 51, 8, 66, 61, 98, 48, 89, 50, 7, 96, 53, 80, 4, 33, 34, 2, 52, 13, 0, 69, 74, 49]|[1, 1, 0, 1, 1, 0, 1, 2, 2, 1, 2, 2, 2, 1, 1, 0, 0, 1, 0, 2, 2, 0, 1, 2, 0, 1, 2, 2, 0, 0, 1, 2, 1, 2, 1, 0, 2, 0, 1, 1, 0, 1, 1, 1, 0, 2, 1, 1, 0, 0, 0, 0, 1, 1, 2, 1, 2, 0, 0, 0, 2, 1, 0, 1, 2, 1, 2, 1, 1, 1, 1, 1, 1, 0, 1, 1, 0, 0, 0, 1, 0, 1, 0, 0, 1, 0, 1, 2, 0, 0, 0, 0, 2, 0, 1, 0, 0, 1, 2, 0]|[4, 3, 2, 2, 4, 1, 2, 2, 2, 4, 1, 1, 2, 4, 4, 1, 2, 4, 2, 1, 1, 1, 1, 2, 1, 2, 1, 1, 1, 1, 3, 2, 3, 0, 4, 0, 1, 1, 0, 3, 2, 2, 2, 0, 1, 1, 0, 4, 0, 1, 2, 2, 1, 4, 0, 3, 2, 1, 1, 2, 1, 3, 1, 1, 1, 3, 0, 4, 3, 1, 4, 1, 1, 0, 4, 4, 2, 1, 1, 3, 1, 3, 1, 1, 1, 1, 1, 1, 2, 1, 2, 2, 1, 2, 1, 2, 2, 3, 1, 1]|[0, 2, 1, 1, 3, 0, 1, 0, 0, 0, 0, 0, 1, 0, 1, 0, 1, 3, 1, 0, 0, 0, 3, 1, 0, 2, 0, 0, 0, 1, 0, 0, 0, 0, 3, 0, 1, 0, 0, 2, 1, 1, 1, 0, 0, 0, 0, 2, 1, 0, 0, 0, 1, 3, 0, 0, 1, 0, 0, 1, 0, 2, 0, 1, 0, 2, 1, 0, 0, 1, 1, 3, 1, 1, 3, 3, 1, 0, 0, 2, 0, 0, 0, 0, 1, 0, 2, 0, 1, 0, 1, 1, 0, 0, 1, 0, 0, 0, 0, 1],824.1531664905515,57504.66170409152,92407.54974943638,true
16,G1_CMAX,G4_BALANCED,[31, 22, 82, 15, 26, 9, 95, 42, 77, 68, 47, 5, 93, 78, 86, 54, 85, 63, 18, 44, 20, 49, 36, 14, 74, 50, 53, 17, 21, 28, 71, 64, 3, 23, 30, 83, 24, 41, 60, 52, 65, 27, 90, 70, 39, 87, 48, 69, 99, 4, 46, 1, 13, 58, 97, 59, 45, 8, 73, 37, 35, 79, 11, 66, 76, 32, 40, 80, 96, 6, 16, 61, 33, 7, 57, 34, 12, 67, 10, 98, 56, 88, 29, 75, 91, 43, 19, 92, 38, 84, 51, 72, 81, 25, 2, 55, 0, 94, 89, 62]|[2, 1, 2, 1, 1, 2, 1, 1, 1, 1, 1, 0, 2, 2, 1, 2, 0, 0, 0, 2, 2, 1, 0, 2, 0, 2, 2, 1, 0, 1, 1, 1, 0, 0, 1, 0, 2, 1, 2, 2, 0, 0, 1, 1, 0, 2, 0, 2, 1, 0, 0, 2, 0, 0, 2, 0, 1, 1, 0, 0, 2, 1, 0, 2, 2, 0, 2, 2, 0, 1, 2, 1, 1, 2, 0, 1, 1, 1, 1, 2, 2, 1, 1, 0, 1, 1, 1, 0, 0, 0, 1, 1, 1, 1, 2, 0, 0, 2, 1, 1]|[0, 3, 0, 3, 4, 1, 4, 4, 2, 4, 3, 2, 1, 0, 2, 1, 1, 1, 2, 1, 1, 3, 0, 1, 0, 1, 1, 4, 1, 4, 3, 2, 2, 0, 4, 1, 1, 4, 0, 1, 2, 1, 4, 4, 1, 1, 0, 2, 3, 1, 2, 1, 2, 1, 1, 2, 4, 3, 0, 2, 2, 3, 1, 0, 1, 2, 0, 1, 2, 4, 1, 3, 4, 1, 2, 4, 3, 3, 3, 1, 1, 4, 3, 2, 3, 4, 4, 2, 2, 2, 3, 4, 1, 4, 1, 2, 2, 1, 4, 3]|[0, 2, 0, 0, 3, 0, 1, 3, 0, 0, 2, 0, 1, 0, 1, 0, 0, 0, 1, 0, 0, 2, 0, 0, 1, 0, 0, 3, 0, 1, 0, 2, 0, 1, 3, 0, 1, 3, 1, 0, 0, 0, 1, 3, 0, 0, 1, 0, 2, 0, 0, 0, 0, 0, 1, 0, 1, 0, 1, 1, 0, 2, 0, 0, 0, 0, 0, 0, 0, 2, 0, 0, 1, 0, 0, 1, 0, 0, 3, 0, 0, 1, 0, 0, 0, 2, 3, 0, 0, 0, 0, 2, 1, 3, 0, 0, 0, 0, 1, 0],853.5199538967528,51721.11456561794,107525.10110327002,true
16,G4_BALANCED,G4_BALANCED,[31, 22, 82, 15, 26, 9, 95, 42, 77, 68, 47, 5, 93, 78, 86, 54, 85, 63, 18, 44, 20, 49, 36, 14, 74, 50, 53, 17, 21, 28, 71, 64, 3, 23, 30, 83, 24, 41, 60, 52, 65, 27, 90, 70, 39, 87, 48, 69, 99, 4, 46, 1, 13, 58, 97, 59, 45, 8, 73, 37, 35, 40, 11, 66, 76, 32, 79, 80, 96, 6, 16, 61, 33, 7, 57, 34, 12, 67, 10, 98, 56, 88, 29, 75, 91, 38, 19, 92, 43, 84, 51, 72, 81, 25, 2, 55, 0, 94, 89, 62]|[2, 1, 2, 1, 1, 2, 1, 1, 1, 1, 1, 0, 2, 2, 1, 2, 0, 0, 0, 2, 2, 1, 0, 2, 0, 2, 2, 1, 0, 1, 1, 1, 0, 0, 1, 0, 2, 1, 2, 2, 0, 0, 1, 1, 0, 2, 0, 2, 1, 0, 0, 2, 0, 0, 2, 0, 1, 1, 0, 0, 2, 2, 0, 2, 2, 0, 1, 2, 0, 1, 2, 1, 1, 2, 0, 1, 1, 1, 1, 2, 2, 1, 1, 0, 1, 0, 1, 0, 1, 0, 1, 1, 1, 1, 2, 0, 0, 1, 1, 1]|[0, 3, 0, 3, 4, 1, 4, 4, 2, 4, 3, 2, 1, 0, 2, 1, 1, 1, 2, 1, 1, 3, 0, 1, 0, 1, 1, 4, 1, 4, 3, 2, 2, 0, 4, 1, 1, 4, 0, 1, 2, 1, 4, 4, 1, 1, 0, 2, 3, 1, 2, 1, 2, 1, 1, 2, 4, 3, 0, 2, 2, 0, 1, 0, 1, 2, 3, 1, 2, 4, 1, 3, 4, 1, 2, 4, 3, 3, 3, 1, 1, 4, 3, 2, 3, 2, 4, 2, 4, 2, 3, 4, 1, 4, 1, 2, 2, 4, 4, 3]|[0, 2, 0, 0, 3, 0, 1, 3, 0, 0, 2, 0, 1, 0, 1, 0, 0, 0, 1, 0, 0, 2, 0, 0, 1, 0, 0, 3, 0, 1, 0, 2, 0, 1, 3, 0, 1, 3, 1, 0, 0, 0, 1, 3, 0, 0, 1, 0, 2, 0, 0, 0, 0, 0, 1, 0, 1, 0, 1, 1, 0, 0, 0, 0, 0, 0, 2, 0, 0, 2, 0, 0, 1, 0, 0, 1, 0, 0, 3, 0, 0, 1, 0, 0, 0, 0, 3, 0, 2, 0, 0, 2, 1, 3, 0, 0, 0, 2, 1, 0],903.2385143846271,51678.49137726576,106717.24315810326,false
16,G2_TEC,G2_TEC,[31, 22, 82, 15, 26, 9, 95, 42, 77, 68, 47, 5, 93, 78, 86, 54, 85, 63, 18, 44, 20, 49, 36, 14, 74, 50, 53, 17, 21, 28, 71, 64, 3, 23, 30, 83, 24, 41, 40, 52, 65, 27, 90, 70, 39, 87, 48, 69, 99, 4, 46, 1, 13, 58, 97, 59, 45, 8, 73, 37, 35, 79, 11, 66, 76, 32, 60, 80, 96, 6, 16, 61, 33, 7, 57, 34, 12, 67, 10, 98, 56, 88, 29, 25, 91, 38, 19, 92, 43, 84, 51, 72, 81, 75, 2, 89, 0, 94, 55, 62]|[2, 1, 2, 1, 1, 2, 1, 1, 1, 1, 1, 0, 2, 2, 1, 2, 0, 0, 0, 2, 2, 1, 0, 2, 0, 2, 2, 1, 0, 1, 1, 1, 0, 0, 1, 0, 2, 1, 2, 2, 0, 0, 1, 1, 0, 2, 0, 2, 1, 0, 0, 2, 0, 0, 2, 0, 1, 1, 0, 0, 2, 1, 0, 2, 2, 0, 2, 2, 0, 1, 2, 1, 1, 2, 0, 1, 1, 1, 1, 2, 2, 1, 1, 1, 1, 0, 1, 0, 1, 0, 1, 1, 1, 0, 2, 1, 0, 2, 0, 1]|[0, 3, 0, 3, 4, 1, 4, 4, 2, 4, 3, 2, 1, 0, 2, 1, 1, 1, 2, 1, 1, 3, 0, 1, 0, 1, 1, 4, 1, 4, 3, 2, 2, 0, 4, 1, 1, 4, 0, 1, 2, 1, 4, 4, 1, 1, 0, 2, 3, 1, 2, 1, 2, 1, 1, 2, 4, 3, 0, 2, 2, 3, 1, 0, 1, 2, 0, 1, 2, 4, 1, 3, 4, 1, 2, 4, 3, 3, 3, 1, 1, 4, 3, 4, 3, 2, 4, 2, 4, 2, 3, 4, 1, 2, 1, 4, 2, 1, 2, 3]|[0, 2, 0, 0, 3, 0, 1, 3, 0, 0, 2, 0, 1, 0, 1, 0, 0, 0, 1, 0, 0, 2, 0, 0, 1, 0, 0, 3, 0, 1, 0, 2, 0, 0, 3, 0, 1, 3, 0, 0, 0, 0, 1, 3, 0, 0, 1, 0, 2, 0, 0, 0, 0, 0, 1, 0, 1, 0, 1, 1, 0, 2, 0, 0, 0, 0, 0, 0, 0, 2, 0, 0, 1, 0, 0, 1, 0, 0, 3, 0, 0, 1, 0, 3, 0, 0, 3, 0, 2, 0, 0, 2, 1, 0, 0, 1, 0, 0, 0, 0],889.0053545036524,50920.37616528636,113453.88510595518,false
16,G3_TWC,G1_CMAX,[31, 22, 82, 15, 26, 9, 95, 42, 77, 12, 47, 5, 93, 78, 86, 54, 6, 63, 18, 44, 20, 35, 43, 97, 91, 76, 10, 30, 21, 45, 71, 64, 1, 23, 17, 83, 24, 14, 60, 36, 85, 57, 40, 88, 65, 56, 79, 94, 67, 68, 46, 75, 38, 58, 19, 32, 81, 41, 62, 87, 28, 90, 99, 59, 11, 72, 16, 73, 70, 39, 37, 84, 3, 92, 25, 34, 29, 55, 51, 7, 98, 61, 66, 48, 89, 50, 4, 96, 53, 80, 8, 33, 27, 2, 52, 13, 0, 69, 74, 49]|[1, 1, 0, 1, 1, 0, 1, 2, 2, 1, 2, 2, 2, 1, 1, 0, 0, 1, 0, 2, 2, 0, 1, 2, 2, 1, 2, 2, 0, 0, 1, 1, 1, 2, 1, 0, 2, 0, 1, 1, 0, 1, 1, 1, 0, 2, 1, 1, 0, 0, 0, 0, 1, 1, 2, 1, 2, 0, 0, 2, 2, 1, 0, 1, 2, 2, 1, 1, 1, 1, 1, 1, 1, 0, 1, 2, 0, 2, 0, 1, 2, 1, 0, 0, 1, 0, 1, 2, 0, 0, 1, 2, 0, 0, 1, 0, 0, 1, 2, 0]|[0, 3, 2, 2, 4, 1, 2, 2, 2, 4, 1, 1, 2, 4, 4, 1, 2, 4, 2, 1, 1, 1, 1, 2, 1, 2, 1, 1, 1, 1, 3, 3, 3, 0, 4, 0, 1, 1, 0, 3, 2, 2, 2, 0, 1, 1, 0, 4, 0, 1, 2, 2, 1, 4, 0, 3, 2, 1, 2, 1, 1, 3, 1, 1, 1, 0, 3, 4, 3, 1, 4, 1, 1, 0, 4, 1, 1, 1, 1, 1, 1, 3, 1, 1, 1, 1, 4, 1, 2, 1, 3, 1, 2, 2, 1, 2, 2, 4, 1, 1]|[0, 2, 1, 1, 3, 0, 1, 0, 0, 0, 0, 0, 1, 0, 1, 0, 0, 3, 1, 0, 0, 0, 3, 1, 0, 2, 0, 0, 0, 1, 0, 0, 0, 0, 3, 0, 1, 0, 0, 2, 1, 1, 1, 0, 0, 0, 0, 2, 1, 0, 0, 0, 1, 3, 0, 0, 1, 0, 1, 0, 0, 2, 0, 1, 0, 1, 2, 0, 0, 1, 1, 3, 1, 1, 3, 0, 0, 0, 0, 2, 0, 0, 0, 0, 1, 0, 0, 0, 1, 0, 2, 0, 1, 0, 1, 0, 0, 2, 0, 1],740.1000024547002,57245.26292476342,97017.87740826326,true
16,G1_CMAX,G4_BALANCED,[31, 22, 82, 15, 26, 9, 95, 42, 77, 68, 47, 5, 93, 78, 86, 54, 85, 63, 18, 44, 20, 49, 36, 14, 74, 50, 53, 17, 21, 28, 71, 64, 3, 23, 30, 83, 24, 41, 60, 52, 65, 27, 90, 70, 39, 87, 48, 69, 99, 4, 46, 1, 13, 58, 97, 59, 45, 8, 73, 37, 35, 79, 11, 66, 76, 32, 40, 80, 96, 6, 16, 61, 33, 7, 57, 34, 12, 67, 10, 98, 56, 88, 29, 75, 91, 43, 19, 92, 38, 84, 51, 72, 81, 25, 2, 55, 0, 94, 89, 62]|[2, 1, 2, 1, 1, 2, 1, 1, 1, 1, 1, 0, 2, 2, 1, 2, 0, 0, 0, 2, 2, 1, 0, 2, 0, 2, 2, 1, 0, 1, 1, 1, 0, 0, 1, 0, 2, 1, 2, 2, 0, 0, 1, 1, 0, 2, 0, 2, 1, 0, 0, 2, 0, 0, 2, 0, 1, 1, 0, 0, 2, 1, 0, 2, 2, 0, 2, 2, 0, 1, 2, 1, 1, 2, 0, 1, 1, 1, 1, 2, 2, 1, 1, 0, 1, 1, 1, 0, 0, 0, 1, 1, 1, 1, 2, 0, 0, 2, 1, 1]|[0, 3, 0, 3, 4, 1, 4, 4, 2, 4, 3, 2, 1, 0, 2, 1, 1, 1, 2, 1, 1, 3, 0, 1, 0, 1, 1, 4, 1, 4, 3, 2, 2, 0, 4, 1, 1, 4, 0, 1, 2, 1, 4, 4, 1, 1, 0, 2, 3, 1, 2, 1, 2, 1, 1, 2, 4, 3, 0, 2, 2, 3, 1, 0, 1, 2, 0, 1, 2, 4, 1, 3, 4, 1, 2, 4, 3, 3, 3, 1, 1, 4, 3, 2, 3, 4, 4, 2, 2, 2, 3, 4, 1, 4, 1, 2, 2, 1, 4, 3]|[0, 2, 0, 0, 3, 0, 1, 3, 0, 0, 2, 0, 1, 0, 1, 0, 0, 0, 1, 0, 0, 2, 0, 0, 1, 0, 0, 3, 0, 1, 0, 2, 0, 1, 3, 0, 1, 3, 1, 0, 0, 0, 1, 3, 0, 0, 1, 0, 2, 0, 0, 0, 0, 0, 1, 0, 1, 0, 1, 1, 0, 2, 0, 0, 0, 0, 0, 0, 0, 2, 0, 0, 1, 0, 0, 1, 0, 0, 3, 0, 0, 1, 0, 0, 0, 2, 3, 0, 0, 0, 0, 2, 1, 3, 0, 0, 0, 0, 1, 0],853.5199538967528,51721.11456561794,107525.10110327002,true
16,G4_BALANCED,G4_BALANCED,[31, 22, 82, 15, 26, 9, 95, 42, 77, 68, 47, 5, 93, 78, 86, 54, 85, 63, 18, 44, 20, 49, 36, 14, 74, 50, 53, 17, 21, 28, 71, 64, 3, 23, 30, 83, 24, 41, 60, 52, 65, 27, 90, 70, 39, 87, 48, 69, 99, 4, 46, 1, 13, 58, 97, 59, 45, 8, 73, 37, 35, 40, 11, 66, 76, 32, 79, 80, 96, 6, 16, 61, 33, 7, 57, 34, 12, 67, 10, 98, 56, 88, 29, 75, 91, 38, 19, 92, 43, 84, 51, 72, 81, 25, 2, 55, 0, 89, 94, 62]|[2, 1, 2, 1, 1, 2, 1, 1, 1, 1, 1, 0, 2, 2, 1, 2, 0, 0, 0, 2, 2, 1, 0, 2, 0, 2, 2, 1, 0, 1, 1, 1, 0, 0, 1, 0, 2, 1, 2, 2, 0, 0, 1, 1, 0, 2, 0, 2, 1, 0, 0, 2, 0, 0, 2, 0, 1, 1, 0, 0, 2, 2, 0, 2, 2, 0, 1, 2, 0, 1, 2, 1, 1, 2, 0, 1, 1, 1, 1, 0, 2, 1, 1, 0, 1, 0, 1, 0, 1, 0, 1, 1, 1, 1, 2, 0, 0, 1, 1, 1]|[0, 3, 0, 3, 4, 1, 4, 4, 2, 4, 3, 2, 1, 0, 2, 1, 1, 1, 2, 1, 1, 3, 0, 1, 0, 1, 1, 4, 1, 4, 3, 2, 2, 0, 4, 1, 1, 4, 0, 1, 2, 1, 4, 4, 1, 1, 0, 2, 3, 1, 2, 1, 2, 1, 1, 2, 4, 3, 0, 2, 2, 0, 1, 0, 1, 2, 3, 1, 2, 4, 1, 3, 4, 1, 2, 4, 3, 3, 3, 2, 1, 4, 3, 2, 3, 2, 4, 2, 4, 2, 3, 4, 1, 4, 1, 2, 2, 4, 4, 3]|[0, 2, 0, 0, 3, 0, 1, 3, 0, 0, 2, 0, 1, 0, 1, 0, 0, 0, 1, 0, 0, 2, 0, 0, 1, 0, 0, 3, 0, 1, 0, 2, 0, 1, 3, 0, 1, 3, 1, 0, 0, 0, 1, 3, 0, 0, 1, 0, 2, 0, 0, 0, 0, 0, 1, 0, 1, 0, 1, 1, 0, 0, 0, 0, 0, 0, 2, 0, 0, 2, 0, 0, 1, 0, 0, 1, 0, 0, 3, 0, 0, 1, 0, 0, 0, 0, 3, 0, 2, 0, 0, 2, 1, 3, 0, 0, 0, 1, 2, 0],892.7401490794913,51648.15640149474,106449.34518021956,false
16,G2_TEC,G2_TEC,[31, 22, 82, 15, 26, 9, 95, 42, 77, 68, 47, 5, 93, 78, 86, 54, 85, 63, 18, 44, 20, 49, 36, 14, 74, 50, 53, 17, 21, 28, 71, 64, 3, 23, 30, 83, 24, 41, 40, 52, 65, 27, 90, 70, 39, 87, 48, 69, 99, 4, 46, 1, 13, 58, 97, 59, 45, 8, 73, 37, 35, 79, 11, 66, 76, 32, 60, 80, 96, 6, 16, 61, 33, 7, 57, 34, 12, 67, 10, 98, 56, 88, 29, 25, 91, 38, 19, 92, 43, 84, 51, 72, 81, 75, 2, 89, 0, 94, 55, 62]|[2, 1, 2, 1, 1, 2, 1, 1, 1, 1, 1, 0, 2, 2, 1, 2, 0, 0, 0, 2, 2, 1, 0, 2, 0, 2, 2, 1, 0, 1, 1, 1, 0, 0, 1, 0, 2, 1, 2, 2, 0, 0, 1, 1, 0, 2, 0, 2, 1, 0, 0, 2, 0, 0, 2, 0, 1, 1, 0, 0, 2, 1, 0, 2, 2, 0, 2, 2, 0, 1, 2, 1, 1, 2, 0, 1, 1, 1, 1, 2, 2, 1, 1, 1, 1, 0, 1, 0, 1, 0, 1, 1, 1, 0, 2, 1, 0, 2, 0, 1]|[0, 3, 0, 3, 4, 1, 4, 4, 2, 4, 3, 2, 1, 0, 2, 1, 1, 1, 2, 1, 1, 3, 0, 1, 0, 1, 1, 4, 1, 4, 3, 2, 2, 0, 4, 1, 1, 4, 0, 1, 2, 1, 4, 4, 1, 1, 0, 2, 3, 1, 2, 1, 2, 1, 1, 2, 4, 3, 0, 2, 2, 3, 1, 0, 1, 2, 0, 1, 2, 4, 1, 3, 4, 1, 2, 4, 3, 3, 3, 1, 1, 4, 3, 4, 3, 2, 4, 2, 4, 2, 3, 4, 1, 2, 1, 4, 2, 1, 2, 3]|[0, 2, 0, 0, 3, 0, 1, 3, 0, 0, 2, 0, 1, 0, 1, 0, 0, 0, 1, 0, 0, 2, 0, 0, 1, 0, 0, 3, 0, 1, 0, 2, 0, 0, 3, 0, 1, 3, 0, 0, 0, 0, 1, 3, 0, 0, 1, 0, 2, 0, 0, 0, 0, 0, 1, 0, 1, 0, 1, 1, 0, 2, 0, 0, 0, 0, 0, 0, 0, 2, 0, 0, 1, 0, 0, 1, 0, 0, 3, 0, 0, 1, 0, 3, 0, 0, 3, 0, 2, 0, 0, 2, 1, 0, 0, 1, 0, 0, 0, 0],889.0053545036524,50920.37616528636,113453.88510595518,false
16,G3_TWC,G1_CMAX,[31, 22, 82, 15, 26, 9, 95, 42, 77, 12, 47, 5, 93, 78, 86, 54, 6, 63, 18, 44, 20, 35, 43, 97, 91, 76, 10, 30, 21, 45, 64, 71, 1, 23, 17, 83, 24, 14, 60, 36, 85, 57, 40, 88, 65, 56, 79, 94, 39, 68, 46, 75, 38, 58, 19, 32, 81, 41, 27, 62, 87, 90, 99, 59, 11, 16, 72, 73, 70, 67, 37, 84, 3, 92, 25, 55, 28, 29, 51, 8, 66, 61, 98, 48, 89, 50, 7, 96, 53, 80, 4, 33, 34, 2, 52, 13, 0, 69, 74, 49]|[1, 1, 0, 1, 1, 0, 1, 2, 2, 1, 2, 2, 2, 1, 1, 0, 0, 1, 0, 2, 2, 0, 1, 2, 0, 1, 2, 2, 0, 0, 1, 2, 1, 2, 1, 0, 2, 0, 1, 1, 0, 1, 1, 1, 0, 2, 1, 1, 0, 0, 0, 0, 1, 1, 2, 1, 2, 0, 0, 0, 2, 1, 0, 1, 2, 1, 2, 1, 1, 1, 1, 1, 1, 0, 1, 1, 0, 0, 0, 1, 0, 1, 0, 0, 1, 0, 1, 2, 0, 0, 0, 0, 2, 0, 1, 0, 0, 1, 2, 0]|[4, 3, 2, 2, 4, 1, 2, 2, 2, 4, 1, 1, 2, 4, 4, 1, 2, 4, 2, 1, 1, 1, 1, 2, 1, 2, 1, 1, 1, 1, 3, 2, 3, 0, 4, 0, 1, 1, 0, 3, 2, 2, 2, 0, 1, 1, 0, 4, 0, 1, 2, 2, 1, 4, 0, 3, 2, 1, 1, 2, 1, 3, 1, 1, 1, 3, 0, 4, 3, 1, 4, 1, 1, 0, 4, 4, 2, 1, 1, 3, 1, 3, 1, 1, 1, 1, 1, 1, 2, 1, 2, 2, 1, 2, 1, 2, 2, 3, 1, 1]|[0, 2, 1, 1, 3, 0, 1, 0, 0, 0, 0, 0, 1, 0, 1, 0, 1, 3, 1, 0, 0, 0, 3, 1, 0, 2, 0, 0, 0, 1, 0, 0, 0, 0, 3, 0, 1, 0, 0, 2, 1, 1, 1, 0, 0, 0, 0, 2, 1, 0, 0, 0, 1, 3, 0, 0, 1, 0, 0, 1, 0, 2, 0, 1, 0, 2, 1, 0, 0, 1, 1, 3, 1, 1, 3, 3, 1, 0, 0, 2, 0, 0, 0, 0, 1, 0, 2, 0, 1, 0, 1, 1, 0, 0, 1, 0, 0, 0, 0, 1],824.1531664905515,57504.66170409152,92407.54974943638,true
16,G1_CMAX,G1_CMAX,[31, 22, 82, 15, 26, 9, 42, 77, 12, 5, 47, 93, 78, 86, 54, 6, 63, 18, 44, 20, 35, 43, 97, 91, 76, 10, 30, 21, 45, 17, 23, 1, 71, 83, 24, 14, 60, 36, 85, 57, 40, 95, 88, 65, 56, 79, 94, 67, 68, 46, 75, 38, 58, 19, 32, 81, 41, 62, 87, 28, 90, 59, 11, 16, 72, 73, 69, 52, 37, 64, 84, 3, 25, 29, 55, 51, 7, 98, 61, 66, 99, 33, 89, 48, 50, 96, 53, 80, 4, 8, 27, 2, 39, 13, 0, 92, 49, 74, 34, 70]|[1, 1, 0, 1, 1, 1, 2, 2, 1, 2, 2, 1, 1, 1, 0, 0, 1, 0, 2, 2, 0, 1, 2, 2, 1, 2, 2, 0, 0, 1, 2, 1, 1, 0, 2, 0, 1, 1, 0, 1, 1, 1, 1, 0, 2, 1, 1, 0, 0, 0, 0, 1, 1, 2, 1, 2, 0, 0, 2, 0, 1, 2, 2, 1, 2, 1, 1, 1, 1, 1, 1, 2, 1, 0, 2, 0, 1, 2, 1, 0, 0, 2, 1, 0, 0, 2, 0, 0, 1, 1, 0, 0, 1, 0, 0, 0, 0, 2, 2, 1]|[0, 3, 1, 2, 0, 0, 1, 1, 4, 1, 1, 4, 4, 4, 2, 2, 4, 2, 1, 1, 1, 1, 2, 1, 2, 1, 1, 1, 1, 4, 0, 3, 3, 0, 1, 1, 0, 3, 2, 2, 2, 2, 0, 1, 1, 0, 4, 0, 1, 2, 2, 1, 4, 0, 3, 2, 1, 2, 1, 2, 3, 1, 1, 3, 0, 4, 4, 1, 4, 3, 1, 2, 4, 1, 1, 1, 1, 1, 3, 1, 1, 1, 1, 1, 1, 1, 2, 1, 4, 3, 2, 2, 1, 2, 2, 0, 1, 1, 1, 4]|[1, 1, 1, 1, 3, 3, 0, 0, 0, 0, 0, 2, 0, 1, 0, 0, 3, 1, 0, 0, 0, 3, 1, 0, 2, 0, 0, 0, 1, 3, 0, 0, 0, 0, 1, 0, 0, 2, 1, 1, 1, 1, 0, 0, 0, 0, 2, 1, 0, 0, 0, 1, 3, 0, 0, 1, 0, 1, 0, 1, 2, 0, 0, 2, 1, 0, 2, 1, 1, 0, 3, 1, 3, 0, 0, 0, 2, 0, 0, 0, 0, 0, 1, 0, 0, 0, 1, 0, 0, 2, 1, 0, 1, 0, 0, 1, 1, 0, 0, 2],733.3116759547878,58140.55643565909,96674.14109675489,false
16,G4_BALANCED,G4_BALANCED,[31, 22, 82, 15, 26, 9, 95, 42, 77, 68, 47, 5, 93, 78, 86, 54, 85, 63, 18, 44, 20, 49, 36, 14, 74, 50, 53, 17, 21, 28, 71, 64, 3, 23, 30, 83, 24, 41, 60, 52, 65, 27, 90, 70, 39, 87, 48, 69, 99, 4, 46, 1, 13, 58, 97, 59, 45, 8, 73, 37, 35, 40, 11, 66, 76, 32, 79, 80, 96, 6, 16, 61, 33, 7, 57, 34, 12, 67, 10, 98, 56, 88, 29, 75, 91, 38, 19, 92, 43, 84, 51, 72, 81, 25, 2, 55, 0, 89, 94, 62]|[2, 1, 2, 1, 1, 2, 1, 1, 1, 1, 1, 0, 2, 2, 1, 2, 0, 0, 0, 2, 2, 1, 0, 2, 0, 2, 2, 1, 0, 1, 1, 1, 0, 0, 1, 0, 2, 1, 2, 2, 0, 0, 1, 1, 0, 2, 0, 2, 1, 0, 0, 2, 0, 0, 2, 0, 1, 1, 0, 0, 2, 2, 0, 2, 2, 0, 1, 2, 0, 1, 2, 1, 1, 2, 0, 1, 1, 1, 1, 0, 2, 1, 1, 0, 1, 0, 1, 0, 1, 0, 1, 1, 1, 1, 2, 0, 0, 1, 1, 1]|[0, 3, 0, 3, 4, 1, 4, 4, 2, 4, 3, 2, 1, 0, 2, 1, 1, 1, 2, 1, 1, 3, 0, 1, 0, 1, 1, 4, 1, 4, 3, 2, 2, 0, 4, 1, 1, 4, 0, 1, 2, 1, 4, 4, 1, 1, 0, 2, 3, 1, 2, 1, 2, 1, 1, 2, 4, 3, 0, 2, 2, 0, 1, 0, 1, 2, 3, 1, 2, 4, 1, 3, 4, 1, 2, 4, 3, 3, 3, 2, 1, 4, 3, 2, 3, 2, 4, 2, 4, 2, 3, 4, 1, 4, 1, 2, 2, 4, 4, 3]|[0, 2, 0, 0, 3, 0, 1, 3, 0, 0, 2, 0, 1, 0, 1, 0, 0, 0, 1, 0, 0, 2, 0, 0, 1, 0, 0, 3, 0, 1, 0, 2, 0, 1, 3, 0, 1, 3, 1, 0, 0, 0, 1, 3, 0, 0, 1, 0, 2, 0, 0, 0, 0, 0, 1, 0, 1, 0, 1, 1, 0, 0, 0, 0, 0, 0, 2, 0, 0, 2, 0, 0, 1, 0, 0, 1, 0, 0, 3, 0, 0, 1, 0, 0, 0, 0, 3, 0, 2, 0, 0, 2, 1, 3, 0, 0, 0, 1, 2, 0],892.7401490794913,51648.15640149474,106449.34518021956,false
16,G2_TEC,G2_TEC,[31, 22, 82, 15, 26, 9, 95, 42, 77, 68, 47, 5, 93, 78, 86, 54, 85, 63, 18, 44, 20, 49, 36, 14, 74, 50, 53, 17, 21, 28, 71, 64, 3, 23, 30, 83, 24, 41, 40, 52, 65, 27, 90, 70, 39, 87, 48, 69, 99, 4, 46, 1, 13, 58, 97, 59, 45, 8, 73, 37, 35, 79, 11, 66, 76, 32, 60, 80, 96, 6, 16, 61, 33, 7, 57, 34, 12, 67, 10, 98, 56, 88, 29, 25, 91, 38, 19, 92, 43, 84, 51, 72, 81, 75, 2, 89, 0, 94, 55, 62]|[2, 1, 2, 1, 1, 2, 1, 1, 1, 1, 1, 0, 2, 2, 1, 2, 0, 0, 0, 2, 2, 1, 0, 2, 0, 2, 2, 1, 0, 1, 1, 1, 0, 0, 1, 0, 2, 1, 2, 2, 0, 0, 1, 1, 0, 2, 0, 2, 1, 0, 0, 2, 0, 0, 2, 0, 1, 1, 0, 0, 2, 1, 0, 2, 2, 0, 2, 2, 0, 1, 2, 1, 1, 2, 0, 1, 1, 1, 1, 2, 2, 1, 1, 1, 1, 0, 1, 0, 1, 0, 1, 1, 1, 0, 2, 1, 0, 2, 0, 1]|[0, 3, 0, 3, 4, 1, 4, 4, 2, 4, 3, 2, 1, 0, 2, 1, 1, 1, 2, 1, 1, 3, 0, 1, 0, 1, 1, 4, 1, 4, 3, 2, 2, 0, 4, 1, 1, 4, 0, 1, 2, 1, 4, 4, 1, 1, 0, 2, 3, 1, 2, 1, 2, 1, 1, 2, 4, 3, 0, 2, 2, 3, 1, 0, 1, 2, 0, 1, 2, 4, 1, 3, 4, 1, 2, 4, 3, 3, 3, 1, 1, 4, 3, 4, 3, 2, 4, 2, 4, 2, 3, 4, 1, 2, 1, 4, 2, 1, 2, 3]|[0, 2, 0, 0, 3, 0, 1, 3, 0, 0, 2, 0, 1, 0, 1, 0, 0, 0, 1, 0, 0, 2, 0, 0, 1, 0, 0, 3, 0, 1, 0, 2, 0, 0, 3, 0, 1, 3, 0, 0, 0, 0, 1, 3, 0, 0, 1, 0, 2, 0, 0, 0, 0, 0, 1, 0, 1, 0, 1, 1, 0, 2, 0, 0, 0, 0, 0, 0, 0, 2, 0, 0, 1, 0, 0, 1, 0, 0, 3, 0, 0, 1, 0, 3, 0, 0, 3, 0, 2, 0, 0, 2, 1, 0, 0, 1, 0, 0, 0, 0],889.0053545036524,50920.37616528636,113453.88510595518,false
16,G3_TWC,G1_CMAX,[31, 22, 82, 15, 26, 9, 95, 42, 77, 12, 47, 5, 93, 78, 86, 54, 6, 63, 18, 44, 20, 35, 43, 97, 91, 76, 10, 30, 21, 45, 64, 71, 1, 23, 17, 83, 24, 14, 60, 36, 85, 57, 40, 88, 65, 56, 79, 94, 39, 68, 46, 75, 38, 58, 19, 32, 81, 41, 27, 62, 87, 90, 99, 59, 11, 16, 72, 73, 70, 67, 37, 84, 3, 92, 25, 55, 28, 29, 51, 8, 66, 61, 98, 48, 89, 50, 7, 96, 53, 80, 4, 33, 34, 2, 52, 13, 0, 69, 74, 49]|[1, 1, 0, 1, 1, 0, 1, 2, 2, 1, 2, 2, 2, 1, 1, 0, 0, 1, 0, 2, 2, 0, 1, 2, 0, 1, 2, 2, 0, 0, 1, 2, 1, 2, 1, 0, 2, 0, 1, 1, 0, 1, 1, 1, 0, 2, 1, 1, 0, 0, 0, 0, 1, 1, 2, 1, 2, 0, 0, 0, 2, 1, 0, 1, 2, 1, 2, 1, 1, 1, 1, 1, 1, 0, 1, 1, 0, 0, 0, 1, 0, 1, 0, 0, 1, 0, 1, 2, 0, 0, 0, 0, 2, 0, 1, 0, 0, 1, 2, 0]|[4, 3, 2, 2, 4, 1, 2, 2, 2, 4, 1, 1, 2, 4, 4, 1, 2, 4, 2, 1, 1, 1, 1, 2, 1, 2, 1, 1, 1, 1, 3, 2, 3, 0, 4, 0, 1, 1, 0, 3, 2, 2, 2, 0, 1, 1, 0, 4, 0, 1, 2, 2, 1, 4, 0, 3, 2, 1, 1, 2, 1, 3, 1, 1, 1, 3, 0, 4, 3, 1, 4, 1, 1, 0, 4, 4, 2, 1, 1, 3, 1, 3, 1, 1, 1, 1, 1, 1, 2, 1, 2, 2, 1, 2, 1, 2, 2, 3, 1, 1]|[0, 2, 1, 1, 3, 0, 1, 0, 0, 0, 0, 0, 1, 0, 1, 0, 1, 3, 1, 0, 0, 0, 3, 1, 0, 2, 0, 0, 0, 1, 0, 0, 0, 0, 3, 0, 1, 0, 0, 2, 1, 1, 1, 0, 0, 0, 0, 2, 1, 0, 0, 0, 1, 3, 0, 0, 1, 0, 0, 1, 0, 2, 0, 1, 0, 2, 1, 0, 0, 1, 1, 3, 1, 1, 3, 3, 1, 0, 0, 2, 0, 0, 0, 0, 1, 0, 2, 0, 1, 0, 1, 1, 0, 0, 1, 0, 0, 0, 0, 1],824.1531664905515,57504.66170409152,92407.54974943638,true
16,G1_CMAX,G1_CMAX,[31, 22, 82, 15, 26, 9, 42, 77, 12, 5, 47, 93, 78, 86, 54, 6, 63, 18, 44, 20, 35, 43, 97, 91, 76, 10, 30, 21, 45, 17, 23, 1, 71, 83, 24, 14, 60, 36, 85, 57, 40, 95, 88, 65, 56, 79, 94, 67, 68, 46, 75, 38, 58, 19, 32, 81, 41, 62, 87, 28, 90, 59, 11, 16, 72, 73, 69, 52, 37, 64, 84, 3, 25, 29, 55, 51, 7, 98, 61, 66, 99, 33, 89, 48, 50, 96, 53, 80, 4, 8, 27, 2, 39, 13, 0, 92, 49, 74, 34, 70]|[1, 1, 0, 1, 1, 1, 2, 2, 1, 2, 2, 1, 1, 1, 0, 0, 1, 0, 2, 2, 0, 1, 2, 2, 1, 2, 2, 0, 0, 1, 2, 1, 1, 0, 2, 0, 1, 1, 0, 1, 1, 1, 1, 0, 2, 1, 1, 0, 0, 0, 0, 1, 1, 2, 1, 2, 0, 0, 2, 0, 1, 2, 2, 1, 2, 1, 1, 1, 1, 1, 1, 2, 1, 0, 2, 0, 1, 2, 1, 0, 0, 2, 1, 0, 0, 2, 0, 0, 1, 1, 0, 0, 1, 0, 0, 0, 0, 2, 2, 1]|[0, 3, 1, 2, 0, 0, 1, 1, 4, 1, 1, 4, 4, 4, 2, 2, 4, 2, 1, 1, 1, 1, 2, 1, 2, 1, 1, 1, 1, 4, 0, 3, 3, 0, 1, 1, 0, 3, 2, 2, 2, 2, 0, 1, 1, 0, 4, 0, 1, 2, 2, 1, 4, 0, 3, 2, 1, 2, 1, 2, 3, 1, 1, 3, 0, 4, 4, 1, 4, 3, 1, 2, 4, 1, 1, 1, 1, 1, 3, 1, 1, 1, 1, 1, 1, 1, 2, 1, 4, 3, 2, 2, 1, 2, 2, 0, 1, 1, 1, 4]|[1, 1, 1, 1, 3, 3, 0, 0, 0, 0, 0, 2, 0, 1, 0, 0, 3, 1, 0, 0, 0, 3, 1, 0, 2, 0, 0, 0, 1, 3, 0, 0, 0, 0, 1, 0, 0, 2, 1, 1, 1, 1, 0, 0, 0, 0, 2, 1, 0, 0, 0, 1, 3, 0, 0, 1, 0, 1, 0, 1, 2, 0, 0, 2, 1, 0, 2, 1, 1, 0, 3, 1, 3, 0, 0, 0, 2, 0, 0, 0, 0, 0, 1, 0, 0, 0, 1, 0, 0, 2, 1, 0, 1, 0, 0, 1, 1, 0, 0, 2],733.3116759547878,58140.55643565909,96674.14109675489,false
16,G4_BALANCED,G4_BALANCED,[31, 22, 82, 15, 26, 9, 95, 42, 77, 68, 47, 5, 93, 78, 86, 54, 85, 63, 18, 44, 20, 49, 36, 14, 74, 50, 53, 17, 21, 28, 71, 64, 3, 23, 30, 83, 24, 41, 60, 52, 65, 27, 90, 70, 39, 87, 48, 69, 99, 4, 46, 1, 13, 58, 97, 59, 45, 8, 73, 37, 35, 40, 11, 66, 76, 32, 79, 80, 96, 6, 16, 61, 33, 7, 57, 34, 12, 67, 10, 98, 56, 88, 29, 75, 91, 38, 19, 92, 43, 84, 51, 72, 81, 25, 2, 55, 0, 89, 94, 62]|[2, 1, 2, 1, 1, 2, 1, 1, 1, 1, 1, 0, 2, 2, 1, 2, 0, 0, 0, 2, 2, 1, 0, 2, 0, 2, 2, 1, 0, 1, 1, 1, 0, 0, 1, 0, 2, 1, 2, 2, 0, 0, 1, 1, 0, 2, 0, 2, 1, 0, 0, 2, 0, 0, 2, 0, 1, 1, 0, 0, 2, 2, 0, 2, 2, 0, 1, 2, 0, 1, 2, 1, 1, 2, 0, 1, 1, 1, 1, 0, 2, 1, 1, 0, 1, 0, 1, 0, 1, 0, 1, 1, 1, 1, 2, 0, 0, 1, 1, 1]|[0, 3, 0, 3, 4, 1, 4, 4, 2, 4, 3, 2, 1, 0, 2, 1, 1, 1, 2, 1, 1, 3, 0, 1, 0, 1, 1, 4, 1, 4, 3, 2, 2, 0, 4, 1, 1, 4, 0, 1, 2, 1, 4, 4, 1, 1, 0, 2, 3, 1, 2, 1, 2, 1, 1, 2, 4, 3, 0, 2, 2, 0, 1, 0, 1, 2, 3, 1, 2, 4, 1, 3, 4, 1, 2, 4, 3, 3, 3, 2, 1, 4, 3, 2, 3, 2, 4, 2, 4, 2, 3, 4, 1, 4, 1, 2, 2, 4, 4, 3]|[0, 2, 0, 0, 3, 0, 1, 3, 0, 0, 2, 0, 1, 0, 1, 0, 0, 0, 1, 0, 0, 2, 0, 0, 1, 0, 0, 3, 0, 1, 0, 2, 0, 1, 3, 0, 1, 3, 1, 0, 0, 0, 1, 3, 0, 0, 1, 0, 2, 0, 0, 0, 0, 0, 1, 0, 1, 0, 1, 1, 0, 0, 0, 0, 0, 0, 2, 0, 0, 2, 0, 0, 1, 0, 0, 1, 0, 0, 3, 0, 0, 1, 0, 0, 0, 0, 3, 0, 2, 0, 0, 2, 1, 3, 0, 0, 0, 1, 2, 0],892.7401490794913,51648.15640149474,106449.34518021956,false
16,G2_TEC,G2_TEC,[31, 22, 82, 15, 26, 9, 95, 42, 77, 68, 47, 5, 93, 78, 86, 54, 85, 63, 18, 44, 20, 49, 36, 14, 74, 50, 53, 17, 21, 28, 71, 64, 3, 23, 30, 83, 24, 41, 40, 52, 65, 27, 90, 70, 39, 87, 48, 69, 99, 4, 46, 1, 13, 58, 97, 59, 45, 8, 73, 37, 35, 79, 11, 66, 76, 32, 60, 80, 96, 6, 16, 61, 33, 7, 57, 34, 12, 67, 10, 98, 56, 88, 29, 25, 91, 38, 19, 92, 43, 84, 51, 72, 81, 75, 2, 89, 0, 94, 55, 62]|[2, 1, 2, 1, 1, 2, 1, 1, 1, 1, 1, 0, 2, 2, 1, 2, 0, 0, 0, 2, 2, 1, 0, 2, 0, 2, 2, 1, 0, 1, 1, 1, 0, 0, 1, 0, 2, 1, 2, 2, 0, 0, 1, 1, 0, 2, 0, 2, 1, 0, 0, 2, 0, 0, 2, 0, 1, 1, 0, 0, 2, 1, 0, 2, 2, 0, 2, 2, 0, 1, 2, 1, 1, 2, 0, 1, 1, 1, 1, 2, 2, 1, 1, 1, 1, 0, 1, 0, 1, 0, 1, 1, 1, 0, 2, 1, 0, 2, 0, 1]|[0, 3, 0, 3, 4, 1, 4, 4, 2, 4, 3, 2, 1, 0, 2, 1, 1, 1, 2, 1, 1, 3, 0, 1, 0, 1, 1, 4, 1, 4, 3, 2, 2, 0, 4, 1, 1, 4, 0, 1, 2, 1, 4, 4, 1, 1, 0, 2, 3, 1, 2, 1, 2, 1, 1, 2, 4, 3, 0, 2, 2, 3, 1, 0, 1, 2, 0, 1, 2, 4, 1, 3, 4, 1, 2, 4, 3, 3, 3, 1, 1, 4, 3, 4, 3, 2, 4, 2, 4, 2, 3, 4, 1, 2, 1, 4, 2, 1, 2, 3]|[0, 2, 0, 0, 3, 0, 1, 3, 0, 0, 2, 0, 1, 0, 1, 0, 0, 0, 1, 0, 0, 2, 0, 0, 1, 0, 0, 3, 0, 1, 0, 2, 0, 0, 3, 0, 1, 3, 0, 0, 0, 0, 1, 3, 0, 0, 1, 0, 2, 0, 0, 0, 0, 0, 1, 0, 1, 0, 1, 1, 0, 2, 0, 0, 0, 0, 0, 0, 0, 2, 0, 0, 1, 0, 0, 1, 0, 0, 3, 0, 0, 1, 0, 3, 0, 0, 3, 0, 2, 0, 0, 2, 1, 0, 0, 1, 0, 0, 0, 0],889.0053545036524,50920.37616528636,113453.88510595518,false
16,G3_TWC,G1_CMAX,[31, 22, 82, 15, 26, 9, 95, 42, 77, 12, 47, 5, 93, 78, 86, 54, 6, 63, 18, 44, 20, 35, 43, 97, 91, 76, 10, 30, 21, 45, 64, 71, 1, 23, 17, 83, 24, 14, 60, 36, 85, 57, 40, 88, 65, 56, 79, 94, 39, 68, 46, 75, 38, 58, 19, 32, 81, 41, 27, 62, 87, 90, 99, 59, 11, 16, 72, 73, 70, 67, 37, 84, 3, 92, 25, 55, 28, 29, 51, 8, 66, 61, 98, 48, 89, 50, 7, 96, 53, 80, 4, 33, 34, 2, 52, 13, 0, 69, 74, 49]|[1, 1, 0, 1, 1, 0, 1, 2, 2, 1, 2, 2, 2, 1, 1, 0, 0, 1, 0, 2, 2, 0, 1, 2, 0, 1, 2, 2, 0, 0, 1, 2, 1, 2, 1, 0, 2, 0, 1, 1, 0, 1, 1, 1, 0, 2, 1, 1, 0, 0, 0, 0, 1, 1, 2, 1, 2, 0, 0, 0, 2, 1, 0, 1, 2, 1, 2, 1, 1, 1, 1, 1, 1, 0, 1, 1, 0, 0, 0, 1, 0, 1, 0, 0, 1, 0, 1, 2, 0, 0, 0, 0, 2, 0, 1, 0, 0, 1, 2, 0]|[4, 3, 2, 2, 4, 1, 2, 2, 2, 4, 1, 1, 2, 4, 4, 1, 2, 4, 2, 1, 1, 1, 1, 2, 1, 2, 1, 1, 1, 1, 3, 2, 3, 0, 4, 0, 1, 1, 0, 3, 2, 2, 2, 0, 1, 1, 0, 4, 0, 1, 2, 2, 1, 4, 0, 3, 2, 1, 1, 2, 1, 3, 1, 1, 1, 3, 0, 4, 3, 1, 4, 1, 1, 0, 4, 4, 2, 1, 1, 3, 1, 3, 1, 1, 1, 1, 1, 1, 2, 1, 2, 2, 1, 2, 1, 2, 2, 3, 1, 1]|[0, 2, 1, 1, 3, 0, 1, 0, 0, 0, 0, 0, 1, 0, 1, 0, 1, 3, 1, 0, 0, 0, 3, 1, 0, 2, 0, 0, 0, 1, 0, 0, 0, 0, 3, 0, 1, 0, 0, 2, 1, 1, 1, 0, 0, 0, 0, 2, 1, 0, 0, 0, 1, 3, 0, 0, 1, 0, 0, 1, 0, 2, 0, 1, 0, 2, 1, 0, 0, 1, 1, 3, 1, 1, 3, 3, 1, 0, 0, 2, 0, 0, 0, 0, 1, 0, 2, 0, 1, 0, 1, 1, 0, 0, 1, 0, 0, 0, 0, 1],824.1531664905515,57504.66170409152,92407.54974943638,true
16,G1_CMAX,G1_CMAX,[31, 22, 82, 15, 26, 9, 42, 77, 12, 5, 47, 93, 78, 86, 54, 6, 63, 18, 44, 20, 35, 43, 97, 91, 76, 10, 30, 21, 45, 17, 23, 1, 71, 83, 24, 14, 60, 36, 85, 57, 40, 95, 88, 65, 56, 79, 94, 67, 68, 46, 75, 38, 58, 19, 32, 81, 41, 62, 87, 28, 90, 59, 11, 16, 72, 73, 69, 52, 37, 64, 84, 3, 25, 29, 55, 51, 7, 98, 61, 66, 99, 33, 89, 48, 50, 96, 53, 80, 4, 8, 27, 2, 39, 13, 0, 92, 49, 74, 34, 70]|[1, 1, 0, 1, 1, 1, 2, 2, 1, 2, 2, 1, 1, 1, 0, 0, 1, 0, 2, 2, 0, 1, 2, 2, 1, 2, 2, 0, 0, 1, 2, 1, 1, 0, 2, 0, 1, 1, 0, 1, 1, 1, 1, 0, 2, 1, 1, 0, 0, 0, 0, 1, 1, 2, 1, 2, 0, 0, 2, 0, 1, 2, 2, 1, 2, 1, 1, 1, 1, 1, 1, 2, 1, 0, 2, 0, 1, 2, 1, 0, 0, 2, 1, 0, 0, 2, 0, 0, 1, 1, 0, 0, 1, 0, 0, 0, 0, 2, 2, 1]|[0, 3, 1, 2, 0, 0, 1, 1, 4, 1, 1, 4, 4, 4, 2, 2, 4, 2, 1, 1, 1, 1, 2, 1, 2, 1, 1, 1, 1, 4, 0, 3, 3, 0, 1, 1, 0, 3, 2, 2, 2, 2, 0, 1, 1, 0, 4, 0, 1, 2, 2, 1, 4, 0, 3, 2, 1, 2, 1, 2, 3, 1, 1, 3, 0, 4, 4, 1, 4, 3, 1, 2, 4, 1, 1, 1, 1, 1, 3, 1, 1, 1, 1, 1, 1, 1, 2, 1, 4, 3, 2, 2, 1, 2, 2, 0, 1, 1, 1, 4]|[1, 1, 1, 1, 3, 3, 0, 0, 0, 0, 0, 2, 0, 1, 0, 0, 3, 1, 0, 0, 0, 3, 1, 0, 2, 0, 0, 0, 1, 3, 0, 0, 0, 0, 1, 0, 0, 2, 1, 1, 1, 1, 0, 0, 0, 0, 2, 1, 0, 0, 0, 1, 3, 0, 0, 1, 0, 1, 0, 1, 2, 0, 0, 2, 1, 0, 2, 1, 1, 0, 3, 1, 3, 0, 0, 0, 2, 0, 0, 0, 0, 0, 1, 0, 0, 0, 1, 0, 0, 2, 1, 0, 1, 0, 0, 1, 1, 0, 0, 2],733.3116759547878,58140.55643565909,96674.14109675489,false
16,G4_BALANCED,G4_BALANCED,[31, 22, 82, 15, 26, 9, 95, 42, 77, 68, 47, 5, 93, 78, 86, 54, 85, 63, 18, 44, 20, 49, 36, 14, 74, 50, 53, 17, 21, 28, 71, 64, 3, 23, 30, 83, 24, 41, 60, 52, 65, 27, 90, 70, 39, 87, 48, 69, 99, 4, 46, 1, 13, 58, 97, 59, 45, 8, 73, 37, 35, 40, 11, 66, 76, 32, 79, 80, 96, 6, 16, 61, 33, 7, 57, 34, 12, 67, 10, 98, 56, 88, 29, 75, 91, 38, 19, 92, 43, 84, 51, 72, 81, 25, 2, 55, 0, 89, 94, 62]|[2, 1, 2, 1, 1, 2, 1, 1, 1, 1, 1, 0, 2, 2, 1, 2, 0, 0, 0, 2, 2, 1, 0, 2, 0, 2, 2, 1, 0, 1, 1, 1, 0, 0, 1, 0, 2, 1, 2, 2, 0, 0, 1, 1, 0, 2, 0, 2, 1, 0, 0, 2, 0, 0, 2, 0, 1, 1, 0, 0, 2, 2, 0, 2, 2, 0, 1, 2, 0, 1, 2, 1, 1, 2, 0, 1, 1, 1, 1, 0, 2, 1, 1, 0, 1, 0, 1, 0, 1, 0, 1, 1, 1, 1, 2, 0, 0, 1, 1, 1]|[0, 3, 0, 3, 4, 1, 4, 4, 2, 4, 3, 2, 1, 0, 2, 1, 1, 1, 2, 1, 1, 3, 0, 1, 0, 1, 1, 4, 1, 4, 3, 2, 2, 0, 4, 1, 1, 4, 0, 1, 2, 1, 4, 4, 1, 1, 0, 2, 3, 1, 2, 1, 2, 1, 1, 2, 4, 3, 0, 2, 2, 0, 1, 0, 1, 2, 3, 1, 2, 4, 1, 3, 4, 1, 2, 4, 3, 3, 3, 2, 1, 4, 3, 2, 3, 2, 4, 2, 4, 2, 3, 4, 1, 4, 1, 2, 2, 4, 4, 3]|[0, 2, 0, 0, 3, 0, 1, 3, 0, 0, 2, 0, 1, 0, 1, 0, 0, 0, 1, 0, 0, 2, 0, 0, 1, 0, 0, 3, 0, 1, 0, 2, 0, 1, 3, 0, 1, 3, 1, 0, 0, 0, 1, 3, 0, 0, 1, 0, 2, 0, 0, 0, 0, 0, 1, 0, 1, 0, 1, 1, 0, 0, 0, 0, 0, 0, 2, 0, 0, 2, 0, 0, 1, 0, 0, 1, 0, 0, 3, 0, 0, 1, 0, 0, 0, 0, 3, 0, 2, 0, 0, 2, 1, 3, 0, 0, 0, 1, 2, 0],892.7401490794913,51648.15640149474,106449.34518021956,false
16,G2_TEC,G2_TEC,[31, 22, 82, 15, 26, 9, 95, 42, 77, 68, 47, 5, 93, 78, 86, 54, 85, 63, 18, 44, 20, 49, 36, 14, 74, 50, 53, 17, 21, 28, 71, 64, 3, 23, 30, 83, 24, 41, 40, 52, 65, 27, 90, 70, 39, 87, 48, 69, 99, 4, 46, 1, 13, 58, 97, 59, 45, 8, 73, 37, 35, 79, 11, 66, 76, 32, 60, 80, 96, 6, 16, 61, 33, 7, 57, 34, 12, 67, 10, 98, 56, 88, 29, 25, 91, 38, 19, 92, 43, 84, 51, 72, 81, 75, 2, 89, 0, 94, 55, 62]|[2, 1, 2, 1, 1, 2, 1, 1, 1, 1, 1, 0, 2, 2, 1, 2, 0, 0, 0, 2, 2, 1, 0, 2, 0, 2, 2, 1, 0, 1, 1, 1, 0, 0, 1, 0, 2, 1, 2, 2, 0, 0, 1, 1, 0, 2, 0, 2, 1, 0, 0, 2, 0, 0, 2, 0, 1, 1, 0, 0, 2, 1, 0, 2, 2, 0, 2, 2, 0, 1, 2, 1, 1, 2, 0, 1, 1, 1, 1, 2, 2, 1, 1, 1, 1, 0, 1, 0, 1, 0, 1, 1, 1, 0, 2, 1, 0, 2, 0, 1]|[0, 3, 0, 3, 4, 1, 4, 4, 2, 4, 3, 2, 1, 0, 2, 1, 1, 1, 2, 1, 1, 3, 0, 1, 0, 1, 1, 4, 1, 4, 3, 2, 2, 0, 4, 1, 1, 4, 0, 1, 2, 1, 4, 4, 1, 1, 0, 2, 3, 1, 2, 1, 2, 1, 1, 2, 4, 3, 0, 2, 2, 3, 1, 0, 1, 2, 0, 1, 2, 4, 1, 3, 4, 1, 2, 4, 3, 3, 3, 1, 1, 4, 3, 4, 3, 2, 4, 2, 4, 2, 3, 4, 1, 2, 1, 4, 2, 1, 2, 3]|[0, 2, 0, 0, 3, 0, 1, 3, 0, 0, 2, 0, 1, 0, 1, 0, 0, 0, 1, 0, 0, 2, 0, 0, 1, 0, 0, 3, 0, 1, 0, 2, 0, 0, 3, 0, 1, 3, 0, 0, 0, 0, 1, 3, 0, 0, 1, 0, 2, 0, 0, 0, 0, 0, 1, 0, 1, 0, 1, 1, 0, 2, 0, 0, 0, 0, 0, 0, 0, 2, 0, 0, 1, 0, 0, 1, 0, 0, 3, 0, 0, 1, 0, 3, 0, 0, 3, 0, 2, 0, 0, 2, 1, 0, 0, 1, 0, 0, 0, 0],889.0053545036524,50920.37616528636,113453.88510595518,false
16,G3_TWC,G1_CMAX,[31, 22, 82, 15, 26, 9, 95, 42, 77, 12, 47, 5, 93, 78, 86, 54, 6, 63, 18, 44, 20, 35, 43, 97, 91, 76, 10, 30, 21, 45, 64, 71, 1, 23, 17, 83, 24, 14, 60, 36, 85, 57, 40, 88, 65, 56, 79, 94, 39, 68, 46, 75, 38, 58, 19, 32, 81, 41, 27, 62, 87, 90, 99, 59, 11, 16, 72, 73, 70, 67, 37, 84, 3, 92, 25, 55, 28, 29, 51, 8, 66, 61, 98, 48, 89, 50, 7, 96, 53, 80, 4, 33, 34, 2, 52, 13, 0, 69, 74, 49]|[1, 1, 0, 1, 1, 0, 1, 2, 2, 1, 2, 2, 2, 1, 1, 0, 0, 1, 0, 2, 2, 0, 1, 2, 0, 1, 2, 2, 0, 0, 1, 2, 1, 2, 1, 0, 2, 0, 1, 1, 0, 1, 1, 1, 0, 2, 1, 1, 0, 0, 0, 0, 1, 1, 2, 1, 2, 0, 0, 0, 2, 1, 0, 1, 2, 1, 2, 1, 1, 1, 1, 1, 1, 0, 1, 1, 0, 0, 0, 1, 0, 1, 0, 0, 1, 0, 1, 2, 0, 0, 0, 0, 2, 0, 1, 0, 0, 1, 2, 0]|[4, 3, 2, 2, 4, 1, 2, 2, 2, 4, 1, 1, 2, 4, 4, 1, 2, 4, 2, 1, 1, 1, 1, 2, 1, 2, 1, 1, 1, 1, 3, 2, 3, 0, 4, 0, 1, 1, 0, 3, 2, 2, 2, 0, 1, 1, 0, 4, 0, 1, 2, 2, 1, 4, 0, 3, 2, 1, 1, 2, 1, 3, 1, 1, 1, 3, 0, 4, 3, 1, 4, 1, 1, 0, 4, 4, 2, 1, 1, 3, 1, 3, 1, 1, 1, 1, 1, 1, 2, 1, 2, 2, 1, 2, 1, 2, 2, 3, 1, 1]|[0, 2, 1, 1, 3, 0, 1, 0, 0, 0, 0, 0, 1, 0, 1, 0, 1, 3, 1, 0, 0, 0, 3, 1, 0, 2, 0, 0, 0, 1, 0, 0, 0, 0, 3, 0, 1, 0, 0, 2, 1, 1, 1, 0, 0, 0, 0, 2, 1, 0, 0, 0, 1, 3, 0, 0, 1, 0, 0, 1, 0, 2, 0, 1, 0, 2, 1, 0, 0, 1, 1, 3, 1, 1, 3, 3, 1, 0, 0, 2, 0, 0, 0, 0, 1, 0, 2, 0, 1, 0, 1, 1, 0, 0, 1, 0, 0, 0, 0, 1],824.1531664905515,57504.66170409152,92407.54974943638,true
16,G1_CMAX,G1_CMAX,[31, 22, 82, 15, 26, 9, 42, 77, 12, 5, 47, 93, 78, 86, 54, 6, 63, 18, 44, 20, 35, 43, 97, 91, 76, 10, 30, 21, 45, 17, 23, 1, 71, 83, 24, 14, 60, 36, 85, 57, 40, 95, 88, 65, 56, 79, 94, 67, 68, 46, 75, 38, 58, 19, 32, 81, 41, 62, 87, 28, 90, 59, 11, 16, 72, 73, 69, 52, 37, 64, 84, 3, 25, 29, 55, 51, 7, 98, 61, 66, 99, 33, 89, 48, 50, 96, 53, 80, 4, 8, 27, 2, 39, 13, 0, 92, 49, 74, 34, 70]|[1, 1, 0, 1, 1, 1, 2, 2, 1, 2, 2, 1, 1, 1, 0, 0, 1, 0, 2, 2, 0, 1, 2, 2, 1, 2, 2, 0, 0, 1, 2, 1, 1, 0, 2, 0, 1, 1, 0, 1, 1, 1, 1, 0, 2, 1, 1, 0, 0, 0, 0, 1, 1, 2, 1, 2, 0, 0, 2, 0, 1, 2, 2, 1, 2, 1, 1, 1, 1, 1, 1, 2, 1, 0, 2, 0, 1, 2, 1, 0, 0, 2, 1, 0, 0, 2, 0, 0, 1, 1, 0, 0, 1, 0, 0, 0, 0, 2, 2, 1]|[0, 3, 1, 2, 0, 0, 1, 1, 4, 1, 1, 4, 4, 4, 2, 2, 4, 2, 1, 1, 1, 1, 2, 1, 2, 1, 1, 1, 1, 4, 0, 3, 3, 0, 1, 1, 0, 3, 2, 2, 2, 2, 0, 1, 1, 0, 4, 0, 1, 2, 2, 1, 4, 0, 3, 2, 1, 2, 1, 2, 3, 1, 1, 3, 0, 4, 4, 1, 4, 3, 1, 2, 4, 1, 1, 1, 1, 1, 3, 1, 1, 1, 1, 1, 1, 1, 2, 1, 4, 3, 2, 2, 1, 2, 2, 0, 1, 1, 1, 4]|[1, 1, 1, 1, 3, 3, 0, 0, 0, 0, 0, 2, 0, 1, 0, 0, 3, 1, 0, 0, 0, 3, 1, 0, 2, 0, 0, 0, 1, 3, 0, 0, 0, 0, 1, 0, 0, 2, 1, 1, 1, 1, 0, 0, 0, 0, 2, 1, 0, 0, 0, 1, 3, 0, 0, 1, 0, 1, 0, 1, 2, 0, 0, 2, 1, 0, 2, 1, 1, 0, 3, 1, 3, 0, 0, 0, 2, 0, 0, 0, 0, 0, 1, 0, 0, 0, 1, 0, 0, 2, 1, 0, 1, 0, 0, 1, 1, 0, 0, 2],733.3116759547878,58140.55643565909,96674.14109675489,false
16,G4_BALANCED,G4_BALANCED,[31, 22, 82, 15, 26, 9, 95, 42, 77, 68, 47, 5, 93, 78, 86, 54, 85, 63, 18, 44, 20, 49, 36, 14, 74, 50, 53, 17, 21, 28, 71, 64, 3, 23, 30, 83, 24, 41, 60, 52, 65, 27, 90, 70, 39, 87, 48, 69, 99, 4, 46, 1, 13, 58, 97, 59, 45, 8, 73, 37, 35, 40, 11, 66, 76, 32, 79, 80, 96, 6, 16, 61, 33, 7, 57, 34, 12, 67, 10, 98, 56, 88, 29, 75, 91, 38, 19, 92, 43, 84, 51, 72, 81, 25, 2, 55, 0, 89, 94, 62]|[2, 1, 2, 1, 1, 2, 1, 1, 1, 1, 1, 0, 2, 2, 1, 2, 0, 0, 0, 2, 2, 1, 0, 2, 0, 2, 2, 1, 0, 1, 1, 1, 0, 0, 1, 0, 2, 1, 2, 2, 0, 0, 1, 1, 0, 2, 0, 2, 1, 0, 0, 2, 0, 0, 2, 0, 1, 1, 0, 0, 2, 2, 0, 2, 2, 0, 1, 2, 0, 1, 2, 1, 1, 2, 0, 1, 1, 1, 1, 0, 2, 1, 1, 0, 1, 0, 1, 0, 1, 0, 1, 1, 1, 1, 2, 0, 0, 1, 1, 1]|[0, 3, 0, 3, 4, 1, 4, 4, 2, 4, 3, 2, 1, 0, 2, 1, 1, 1, 2, 1, 1, 3, 0, 1, 0, 1, 1, 4, 1, 4, 3, 2, 2, 0, 4, 1, 1, 4, 0, 1, 2, 1, 4, 4, 1, 1, 0, 2, 3, 1, 2, 1, 2, 1, 1, 2, 4, 3, 0, 2, 2, 0, 1, 0, 1, 2, 3, 1, 2, 4, 1, 3, 4, 1, 2, 4, 3, 3, 3, 2, 1, 4, 3, 2, 3, 2, 4, 2, 4, 2, 3, 4, 1, 4, 1, 2, 2, 4, 4, 3]|[0, 2, 0, 0, 3, 0, 1, 3, 0, 0, 2, 0, 1, 0, 1, 0, 0, 0, 1, 0, 0, 2, 0, 0, 1, 0, 0, 3, 0, 1, 0, 2, 0, 1, 3, 0, 1, 3, 1, 0, 0, 0, 1, 3, 0, 0, 1, 0, 2, 0, 0, 0, 0, 0, 1, 0, 1, 0, 1, 1, 0, 0, 0, 0, 0, 0, 2, 0, 0, 2, 0, 0, 1, 0, 0, 1, 0, 0, 3, 0, 0, 1, 0, 0, 0, 0, 3, 0, 2, 0, 0, 2, 1, 3, 0, 0, 0, 1, 2, 0],892.7401490794913,51648.15640149474,106449.34518021956,false
16,G2_TEC,G2_TEC,[31, 22, 82, 15, 26, 9, 95, 42, 77, 68, 47, 5, 93, 78, 86, 54, 85, 63, 18, 44, 20, 49, 36, 14, 74, 50, 53, 17, 21, 28, 71, 64, 3, 23, 30, 83, 24, 41, 40, 52, 65, 27, 90, 70, 39, 87, 48, 69, 99, 4, 46, 1, 13, 58, 97, 59, 45, 8, 73, 37, 35, 79, 11, 66, 76, 32, 60, 80, 96, 6, 16, 61, 33, 7, 57, 34, 12, 67, 10, 98, 56, 88, 29, 25, 91, 38, 19, 92, 43, 84, 51, 72, 81, 75, 2, 89, 0, 94, 55, 62]|[2, 1, 2, 1, 1, 2, 1, 1, 1, 1, 1, 0, 2, 2, 1, 2, 0, 0, 0, 2, 2, 1, 0, 2, 0, 2, 2, 1, 0, 1, 1, 1, 0, 0, 1, 0, 2, 1, 2, 2, 0, 0, 1, 1, 0, 2, 0, 2, 1, 0, 0, 2, 0, 0, 2, 0, 1, 1, 0, 0, 2, 1, 0, 2, 2, 0, 2, 2, 0, 1, 2, 1, 1, 2, 0, 1, 1, 1, 1, 2, 2, 1, 1, 1, 1, 0, 1, 0, 1, 0, 1, 1, 1, 0, 2, 1, 0, 2, 0, 1]|[0, 3, 0, 3, 4, 1, 4, 4, 2, 4, 3, 2, 1, 0, 2, 1, 1, 1, 2, 1, 1, 3, 0, 1, 0, 1, 1, 4, 1, 4, 3, 2, 2, 0, 4, 1, 1, 4, 0, 1, 2, 1, 4, 4, 1, 1, 0, 2, 3, 1, 2, 1, 2, 1, 1, 2, 4, 3, 0, 2, 2, 3, 1, 0, 1, 2, 0, 1, 2, 4, 1, 3, 4, 1, 2, 4, 3, 3, 3, 1, 1, 4, 3, 4, 3, 2, 4, 2, 4, 2, 3, 4, 1, 2, 1, 4, 2, 1, 2, 3]|[0, 2, 0, 0, 3, 0, 1, 3, 0, 0, 2, 0, 1, 0, 1, 0, 0, 0, 1, 0, 0, 2, 0, 0, 1, 0, 0, 3, 0, 1, 0, 2, 0, 0, 3, 0, 1, 3, 0, 0, 0, 0, 1, 3, 0, 0, 1, 0, 2, 0, 0, 0, 0, 0, 1, 0, 1, 0, 1, 1, 0, 2, 0, 0, 0, 0, 0, 0, 0, 2, 0, 0, 1, 0, 0, 1, 0, 0, 3, 0, 0, 1, 0, 3, 0, 0, 3, 0, 2, 0, 0, 2, 1, 0, 0, 1, 0, 0, 0, 0],889.0053545036524,50920.37616528636,113453.88510595518,false
16,G3_TWC,G4_BALANCED,[31, 22, 82, 15, 26, 58, 95, 42, 77, 12, 47, 5, 93, 78, 86, 54, 85, 63, 18, 72, 20, 35, 43, 97, 91, 76, 10, 30, 21, 45, 71, 64, 1, 23, 17, 83, 24, 14, 60, 36, 6, 57, 40, 88, 65, 56, 79, 94, 67, 41, 68, 75, 38, 9, 61, 32, 81, 46, 27, 87, 28, 90, 99, 59, 11, 44, 16, 73, 70, 39, 37, 84, 3, 92, 25, 34, 62, 29, 51, 7, 33, 19, 98, 48, 89, 50, 8, 96, 53, 80, 4, 66, 55, 2, 52, 13, 0, 69, 74, 49]|[1, 1, 0, 1, 1, 0, 1, 2, 2, 1, 2, 2, 2, 1, 1, 0, 0, 1, 0, 2, 2, 0, 1, 2, 2, 1, 2, 2, 0, 0, 1, 2, 2, 2, 1, 0, 2, 0, 1, 1, 0, 1, 1, 1, 0, 2, 1, 1, 0, 0, 0, 0, 1, 1, 1, 1, 2, 0, 0, 2, 0, 1, 0, 1, 2, 2, 1, 1, 1, 1, 1, 1, 1, 0, 1, 2, 0, 0, 0, 1, 2, 1, 2, 0, 1, 0, 1, 2, 0, 0, 1, 2, 2, 0, 1, 0, 0, 1, 2, 0]|[4, 3, 2, 2, 4, 1, 2, 2, 2, 4, 1, 1, 2, 4, 4, 1, 2, 4, 2, 1, 1, 1, 1, 2, 1, 2, 1, 1, 1, 1, 3, 2, 1, 2, 4, 0, 1, 1, 0, 3, 2, 2, 2, 0, 1, 1, 0, 4, 0, 1, 1, 2, 1, 4, 3, 3, 2, 2, 1, 1, 2, 3, 1, 1, 1, 1, 3, 4, 3, 1, 4, 1, 1, 0, 4, 1, 2, 1, 1, 1, 1, 3, 1, 1, 1, 1, 3, 1, 2, 1, 4, 1, 1, 2, 1, 2, 2, 4, 1, 1]|[0, 2, 1, 1, 3, 0, 1, 0, 0, 0, 0, 0, 1, 0, 1, 0, 0, 3, 1, 0, 0, 0, 3, 1, 0, 2, 0, 0, 0, 1, 0, 0, 0, 0, 3, 0, 1, 0, 0, 2, 1, 1, 1, 0, 0, 0, 0, 2, 1, 0, 0, 0, 1, 3, 0, 0, 1, 0, 0, 0, 1, 2, 0, 1, 0, 0, 2, 0, 0, 1, 1, 3, 1, 1, 3, 0, 1, 0, 0, 2, 0, 0, 0, 0, 1, 0, 2, 0, 1, 0, 0, 0, 0, 0, 1, 0, 0, 2, 0, 1],765.1111247913757,55901.77289778841,95727.39763465595,true
16,G1_CMAX,G1_CMAX,[31, 22, 82, 15, 26, 9, 42, 77, 12, 5, 47, 93, 78, 86, 54, 6, 63, 18, 44, 20, 35, 43, 97, 91, 76, 10, 30, 21, 45, 17, 23, 1, 71, 83, 24, 14, 60, 36, 85, 57, 40, 95, 88, 65, 56, 79, 94, 67, 68, 46, 75, 38, 58, 19, 32, 81, 41, 62, 87, 28, 90, 59, 11, 16, 72, 73, 69, 52, 37, 64, 84, 3, 25, 29, 55, 51, 7, 98, 61, 66, 99, 33, 89, 48, 50, 96, 53, 80, 4, 8, 27, 2, 39, 13, 0, 92, 49, 74, 34, 70]|[1, 1, 0, 1, 1, 1, 2, 2, 1, 2, 2, 1, 1, 1, 0, 0, 1, 0, 2, 2, 0, 1, 2, 2, 1, 2, 2, 0, 0, 1, 2, 1, 1, 0, 2, 0, 1, 1, 0, 1, 1, 1, 1, 0, 2, 1, 1, 0, 0, 0, 0, 1, 1, 2, 1, 2, 0, 0, 2, 0, 1, 2, 2, 1, 2, 1, 1, 1, 1, 1, 1, 2, 1, 0, 2, 0, 1, 2, 1, 0, 0, 2, 1, 0, 0, 2, 0, 0, 1, 1, 0, 0, 1, 0, 0, 0, 0, 2, 2, 1]|[0, 3, 1, 2, 0, 0, 1, 1, 4, 1, 1, 4, 4, 4, 2, 2, 4, 2, 1, 1, 1, 1, 2, 1, 2, 1, 1, 1, 1, 4, 0, 3, 3, 0, 1, 1, 0, 3, 2, 2, 2, 2, 0, 1, 1, 0, 4, 0, 1, 2, 2, 1, 4, 0, 3, 2, 1, 2, 1, 2, 3, 1, 1, 3, 0, 4, 4, 1, 4, 3, 1, 2, 4, 1, 1, 1, 1, 1, 3, 1, 1, 1, 1, 1, 1, 1, 2, 1, 4, 3, 2, 2, 1, 2, 2, 0, 1, 1, 1, 4]|[1, 1, 1, 1, 3, 3, 0, 0, 0, 0, 0, 2, 0, 1, 0, 0, 3, 1, 0, 0, 0, 3, 1, 0, 2, 0, 0, 0, 1, 3, 0, 0, 0, 0, 1, 0, 0, 2, 1, 1, 1, 1, 0, 0, 0, 0, 2, 1, 0, 0, 0, 1, 3, 0, 0, 1, 0, 1, 0, 1, 2, 0, 0, 2, 1, 0, 2, 1, 1, 0, 3, 1, 3, 0, 0, 0, 2, 0, 0, 0, 0, 0, 1, 0, 0, 0, 1, 0, 0, 2, 1, 0, 1, 0, 0, 1, 1, 0, 0, 2],733.3116759547878,58140.55643565909,96674.14109675489,false
16,G4_BALANCED,G4_BALANCED,[31, 22, 82, 15, 26, 9, 95, 42, 77, 68, 47, 5, 93, 78, 86, 54, 85, 63, 18, 44, 20, 49, 36, 14, 74, 50, 53, 17, 21, 28, 71, 64, 3, 23, 30, 83, 24, 41, 60, 52, 65, 27, 90, 70, 39, 87, 48, 69, 99, 4, 46, 1, 13, 58, 97, 59, 45, 8, 73, 37, 35, 40, 11, 66, 76, 32, 79, 80, 96, 6, 16, 61, 33, 7, 57, 34, 12, 67, 10, 98, 56, 88, 29, 75, 91, 38, 19, 92, 43, 84, 51, 72, 81, 25, 2, 55, 0, 89, 94, 62]|[2, 1, 2, 1, 1, 2, 1, 1, 1, 1, 1, 0, 2, 2, 1, 2, 0, 0, 0, 2, 2, 1, 0, 2, 0, 2, 2, 1, 0, 1, 1, 1, 0, 0, 1, 0, 2, 1, 2, 2, 0, 0, 1, 1, 0, 2, 0, 2, 1, 0, 0, 2, 0, 0, 2, 0, 1, 1, 0, 0, 2, 2, 0, 2, 2, 0, 1, 2, 0, 1, 2, 1, 1, 2, 0, 1, 1, 1, 1, 0, 2, 1, 1, 0, 1, 0, 1, 0, 1, 0, 1, 1, 1, 1, 2, 0, 0, 1, 1, 1]|[0, 3, 0, 3, 4, 1, 4, 4, 2, 4, 3, 2, 1, 0, 2, 1, 1, 1, 2, 1, 1, 3, 0, 1, 0, 1, 1, 4, 1, 4, 3, 2, 2, 0, 4, 1, 1, 4, 0, 1, 2, 1, 4, 4, 1, 1, 0, 2, 3, 1, 2, 1, 2, 1, 1, 2, 4, 3, 0, 2, 2, 0, 1, 0, 1, 2, 3, 1, 2, 4, 1, 3, 4, 1, 2, 4, 3, 3, 3, 2, 1, 4, 3, 2, 3, 2, 4, 2, 4, 2, 3, 4, 1, 4, 1, 2, 2, 4, 4, 3]|[0, 2, 0, 0, 3, 0, 1, 3, 0, 0, 2, 0, 1, 0, 1, 0, 0, 0, 1, 0, 0, 2, 0, 0, 1, 0, 0, 3, 0, 1, 0, 2, 0, 1, 3, 0, 1, 3, 1, 0, 0, 0, 1, 3, 0, 0, 1, 0, 2, 0, 0, 0, 0, 0, 1, 0, 1, 0, 1, 1, 0, 0, 0, 0, 0, 0, 2, 0, 0, 2, 0, 0, 1, 0, 0, 1, 0, 0, 3, 0, 0, 1, 0, 0, 0, 0, 3, 0, 2, 0, 0, 2, 1, 3, 0, 0, 0, 1, 2, 0],892.7401490794913,51648.15640149474,106449.34518021956,false
16,G2_TEC,G2_TEC,[31, 22, 82, 15, 26, 9, 95, 42, 77, 68, 47, 5, 93, 78, 86, 54, 85, 63, 18, 44, 20, 49, 36, 14, 74, 50, 53, 17, 21, 28, 71, 64, 3, 23, 30, 83, 24, 41, 40, 52, 65, 27, 90, 70, 39, 87, 48, 69, 99, 4, 46, 1, 13, 58, 97, 59, 45, 8, 73, 37, 35, 79, 11, 66, 76, 32, 60, 80, 96, 6, 16, 61, 33, 7, 57, 34, 12, 67, 10, 98, 56, 88, 29, 25, 91, 38, 19, 92, 43, 84, 51, 72, 81, 75, 2, 89, 0, 94, 55, 62]|[2, 1, 2, 1, 1, 2, 1, 1, 1, 1, 1, 0, 2, 2, 1, 2, 0, 0, 0, 2, 2, 1, 0, 2, 0, 2, 2, 1, 0, 1, 1, 1, 0, 0, 1, 0, 2, 1, 2, 2, 0, 0, 1, 1, 0, 2, 0, 2, 1, 0, 0, 2, 0, 0, 2, 0, 1, 1, 0, 0, 2, 1, 0, 2, 2, 0, 2, 2, 0, 1, 2, 1, 1, 2, 0, 1, 1, 1, 1, 2, 2, 1, 1, 1, 1, 0, 1, 0, 1, 0, 1, 1, 1, 0, 2, 1, 0, 2, 0, 1]|[0, 3, 0, 3, 4, 1, 4, 4, 2, 4, 3, 2, 1, 0, 2, 1, 1, 1, 2, 1, 1, 3, 0, 1, 0, 1, 1, 4, 1, 4, 3, 2, 2, 0, 4, 1, 1, 4, 0, 1, 2, 1, 4, 4, 1, 1, 0, 2, 3, 1, 2, 1, 2, 1, 1, 2, 4, 3, 0, 2, 2, 3, 1, 0, 1, 2, 0, 1, 2, 4, 1, 3, 4, 1, 2, 4, 3, 3, 3, 1, 1, 4, 3, 4, 3, 2, 4, 2, 4, 2, 3, 4, 1, 2, 1, 4, 2, 1, 2, 3]|[0, 2, 0, 0, 3, 0, 1, 3, 0, 0, 2, 0, 1, 0, 1, 0, 0, 0, 1, 0, 0, 2, 0, 0, 1, 0, 0, 3, 0, 1, 0, 2, 0, 0, 3, 0, 1, 3, 0, 0, 0, 0, 1, 3, 0, 0, 1, 0, 2, 0, 0, 0, 0, 0, 1, 0, 1, 0, 1, 1, 0, 2, 0, 0, 0, 0, 0, 0, 0, 2, 0, 0, 1, 0, 0, 1, 0, 0, 3, 0, 0, 1, 0, 3, 0, 0, 3, 0, 2, 0, 0, 2, 1, 0, 0, 1, 0, 0, 0, 0],889.0053545036524,50920.37616528636,113453.88510595518,false
16,G3_TWC,G1_CMAX,[31, 22, 82, 15, 26, 9, 95, 42, 77, 12, 47, 5, 93, 78, 86, 54, 6, 63, 18, 44, 20, 35, 43, 97, 91, 76, 10, 30, 21, 45, 64, 71, 1, 23, 17, 83, 24, 14, 60, 36, 85, 57, 40, 88, 65, 56, 79, 94, 39, 68, 46, 75, 38, 58, 19, 32, 81, 41, 27, 62, 87, 90, 99, 59, 11, 16, 72, 73, 70, 67, 37, 84, 3, 92, 25, 55, 28, 29, 51, 8, 66, 61, 98, 48, 89, 50, 7, 96, 53, 80, 4, 33, 34, 2, 52, 13, 0, 69, 74, 49]|[1, 1, 0, 1, 1, 0, 1, 2, 2, 1, 2, 2, 2, 1, 1, 0, 0, 1, 0, 2, 2, 0, 1, 2, 0, 1, 2, 2, 0, 0, 1, 2, 1, 2, 1, 0, 2, 0, 1, 1, 0, 1, 1, 1, 0, 2, 1, 1, 0, 0, 0, 0, 1, 1, 2, 1, 2, 0, 0, 0, 2, 1, 0, 1, 2, 1, 2, 1, 1, 1, 1, 1, 1, 0, 1, 1, 0, 0, 0, 1, 0, 1, 0, 0, 1, 0, 1, 2, 0, 0, 0, 0, 2, 0, 1, 0, 0, 1, 2, 0]|[4, 3, 2, 2, 4, 1, 2, 2, 2, 4, 1, 1, 2, 4, 4, 1, 2, 4, 2, 1, 1, 1, 1, 2, 1, 2, 1, 1, 1, 1, 3, 2, 3, 0, 4, 0, 1, 1, 0, 3, 2, 2, 2, 0, 1, 1, 0, 4, 0, 1, 2, 2, 1, 4, 0, 3, 2, 1, 1, 2, 1, 3, 1, 1, 1, 3, 0, 4, 3, 1, 4, 1, 1, 0, 4, 4, 2, 1, 1, 3, 1, 3, 1, 1, 1, 1, 1, 1, 2, 1, 2, 2, 1, 2, 1, 2, 2, 3, 1, 1]|[0, 2, 1, 1, 3, 0, 1, 0, 0, 0, 0, 0, 1, 0, 1, 0, 1, 3, 1, 0, 0, 0, 3, 1, 0, 2, 0, 0, 0, 1, 0, 0, 0, 0, 3, 0, 1, 0, 0, 2, 1, 1, 1, 0, 0, 0, 0, 2, 1, 0, 0, 0, 1, 3, 0, 0, 1, 0, 0, 1, 0, 2, 0, 1, 0, 2, 1, 0, 0, 1, 1, 3, 1, 1, 3, 3, 1, 0, 0, 2, 0, 0, 0, 0, 1, 0, 2, 0, 1, 0, 1, 1, 0, 0, 1, 0, 0, 0, 0, 1],824.1531664905515,57504.66170409152,92407.54974943638,true
16,G1_CMAX,G1_CMAX,[31, 22, 82, 15, 26, 9, 42, 77, 12, 5, 47, 93, 78, 86, 54, 6, 63, 18, 44, 20, 35, 43, 97, 91, 76, 10, 30, 21, 45, 17, 23, 1, 71, 83, 24, 14, 60, 36, 85, 57, 40, 95, 88, 65, 56, 79, 94, 67, 68, 46, 75, 38, 58, 19, 32, 81, 41, 62, 87, 28, 90, 59, 11, 16, 72, 73, 69, 52, 37, 64, 84, 3, 25, 29, 55, 51, 7, 98, 61, 66, 99, 33, 89, 48, 50, 96, 53, 80, 4, 8, 27, 2, 39, 13, 0, 92, 49, 74, 34, 70]|[1, 1, 0, 1, 1, 1, 2, 2, 1, 2, 2, 1, 1, 1, 0, 0, 1, 0, 2, 2, 0, 1, 2, 2, 1, 2, 2, 0, 0, 1, 2, 1, 1, 0, 2, 0, 1, 1, 0, 1, 1, 1, 1, 0, 2, 1, 1, 0, 0, 0, 0, 1, 1, 2, 1, 2, 0, 0, 2, 0, 1, 2, 2, 1, 2, 1, 1, 1, 1, 1, 1, 2, 1, 0, 2, 0, 1, 2, 1, 0, 0, 2, 1, 0, 0, 2, 0, 0, 1, 1, 0, 0, 1, 0, 0, 0, 0, 2, 2, 1]|[0, 3, 1, 2, 0, 0, 1, 1, 4, 1, 1, 4, 4, 4, 2, 2, 4, 2, 1, 1, 1, 1, 2, 1, 2, 1, 1, 1, 1, 4, 0, 3, 3, 0, 1, 1, 0, 3, 2, 2, 2, 2, 0, 1, 1, 0, 4, 0, 1, 2, 2, 1, 4, 0, 3, 2, 1, 2, 1, 2, 3, 1, 1, 3, 0, 4, 4, 1, 4, 3, 1, 2, 4, 1, 1, 1, 1, 1, 3, 1, 1, 1, 1, 1, 1, 1, 2, 1, 4, 3, 2, 2, 1, 2, 2, 0, 1, 1, 1, 4]|[1, 1, 1, 1, 3, 3, 0, 0, 0, 0, 0, 2, 0, 1, 0, 0, 3, 1, 0, 0, 0, 3, 1, 0, 2, 0, 0, 0, 1, 3, 0, 0, 0, 0, 1, 0, 0, 2, 1, 1, 1, 1, 0, 0, 0, 0, 2, 1, 0, 0, 0, 1, 3, 0, 0, 1, 0, 1, 0, 1, 2, 0, 0, 2, 1, 0, 2, 1, 1, 0, 3, 1, 3, 0, 0, 0, 2, 0, 0, 0, 0, 0, 1, 0, 0, 0, 1, 0, 0, 2, 1, 0, 1, 0, 0, 1, 1, 0, 0, 2],733.3116759547878,58140.55643565909,96674.14109675489,false
16,G4_BALANCED,G4_BALANCED,[31, 22, 82, 15, 26, 9, 95, 42, 77, 68, 47, 5, 93, 78, 86, 54, 85, 63, 18, 44, 20, 49, 36, 14, 74, 50, 53, 17, 21, 28, 71, 64, 3, 23, 30, 83, 24, 41, 60, 52, 65, 27, 90, 70, 39, 87, 48, 69, 99, 4, 46, 1, 13, 58, 97, 59, 45, 8, 73, 37, 35, 40, 11, 66, 76, 32, 79, 80, 96, 6, 16, 61, 33, 7, 57, 34, 12, 67, 10, 98, 56, 88, 29, 75, 91, 38, 19, 92, 43, 84, 51, 72, 81, 25, 2, 55, 0, 89, 94, 62]|[2, 1, 2, 1, 1, 2, 1, 1, 1, 1, 1, 0, 2, 2, 1, 2, 0, 0, 0, 2, 2, 1, 0, 2, 0, 2, 2, 1, 0, 1, 1, 1, 0, 0, 1, 0, 2, 1, 2, 2, 0, 0, 1, 1, 0, 2, 0, 2, 1, 0, 0, 2, 0, 0, 2, 0, 1, 1, 0, 0, 2, 2, 0, 2, 2, 0, 1, 2, 0, 1, 2, 1, 1, 2, 0, 1, 1, 1, 1, 0, 2, 1, 1, 0, 1, 0, 1, 0, 1, 0, 1, 1, 1, 1, 2, 0, 0, 1, 1, 1]|[0, 3, 0, 3, 4, 1, 4, 4, 2, 4, 3, 2, 1, 0, 2, 1, 1, 1, 2, 1, 1, 3, 0, 1, 0, 1, 1, 4, 1, 4, 3, 2, 2, 0, 4, 1, 1, 4, 0, 1, 2, 1, 4, 4, 1, 1, 0, 2, 3, 1, 2, 1, 2, 1, 1, 2, 4, 3, 0, 2, 2, 0, 1, 0, 1, 2, 3, 1, 2, 4, 1, 3, 4, 1, 2, 4, 3, 3, 3, 2, 1, 4, 3, 2, 3, 2, 4, 2, 4, 2, 3, 4, 1, 4, 1, 2, 2, 4, 4, 3]|[0, 2, 0, 0, 3, 0, 1, 3, 0, 0, 2, 0, 1, 0, 1, 0, 0, 0, 1, 0, 0, 2, 0, 0, 1, 0, 0, 3, 0, 1, 0, 2, 0, 1, 3, 0, 1, 3, 1, 0, 0, 0, 1, 3, 0, 0, 1, 0, 2, 0, 0, 0, 0, 0, 1, 0, 1, 0, 1, 1, 0, 0, 0, 0, 0, 0, 2, 0, 0, 2, 0, 0, 1, 0, 0, 1, 0, 0, 3, 0, 0, 1, 0, 0, 0, 0, 3, 0, 2, 0, 0, 2, 1, 3, 0, 0, 0, 1, 2, 0],892.7401490794913,51648.15640149474,106449.34518021956,false
16,G2_TEC,G2_TEC,[31, 22, 82, 15, 26, 9, 95, 42, 77, 68, 47, 5, 93, 78, 86, 54, 85, 63, 18, 44, 20, 49, 36, 14, 74, 50, 53, 17, 21, 28, 71, 64, 3, 23, 30, 83, 24, 41, 40, 52, 65, 27, 90, 70, 39, 87, 48, 69, 99, 4, 46, 1, 13, 58, 97, 59, 45, 8, 73, 37, 35, 79, 11, 66, 76, 32, 60, 80, 96, 6, 16, 61, 33, 7, 57, 34, 12, 67, 10, 98, 56, 88, 29, 25, 91, 38, 19, 92, 43, 84, 51, 72, 81, 75, 2, 89, 0, 94, 55, 62]|[2, 1, 2, 1, 1, 2, 1, 1, 1, 1, 1, 0, 2, 2, 1, 2, 0, 0, 0, 2, 2, 1, 0, 2, 0, 2, 2, 1, 0, 1, 1, 1, 0, 0, 1, 0, 2, 1, 2, 2, 0, 0, 1, 1, 0, 2, 0, 2, 1, 0, 0, 2, 0, 0, 2, 0, 1, 1, 0, 0, 2, 1, 0, 2, 2, 0, 2, 2, 0, 1, 2, 1, 1, 2, 0, 1, 1, 1, 1, 2, 2, 1, 1, 1, 1, 0, 1, 0, 1, 0, 1, 1, 1, 0, 2, 1, 0, 2, 0, 1]|[0, 3, 0, 3, 4, 1, 4, 4, 2, 4, 3, 2, 1, 0, 2, 1, 1, 1, 2, 1, 1, 3, 0, 1, 0, 1, 1, 4, 1, 4, 3, 2, 2, 0, 4, 1, 1, 4, 0, 1, 2, 1, 4, 4, 1, 1, 0, 2, 3, 1, 2, 1, 2, 1, 1, 2, 4, 3, 0, 2, 2, 3, 1, 0, 1, 2, 0, 1, 2, 4, 1, 3, 4, 1, 2, 4, 3, 3, 3, 1, 1, 4, 3, 4, 3, 2, 4, 2, 4, 2, 3, 4, 1, 2, 1, 4, 2, 1, 2, 3]|[0, 2, 0, 0, 3, 0, 1, 3, 0, 0, 2, 0, 1, 0, 1, 0, 0, 0, 1, 0, 0, 2, 0, 0, 1, 0, 0, 3, 0, 1, 0, 2, 0, 0, 3, 0, 1, 3, 0, 0, 0, 0, 1, 3, 0, 0, 1, 0, 2, 0, 0, 0, 0, 0, 1, 0, 1, 0, 1, 1, 0, 2, 0, 0, 0, 0, 0, 0, 0, 2, 0, 0, 1, 0, 0, 1, 0, 0, 3, 0, 0, 1, 0, 3, 0, 0, 3, 0, 2, 0, 0, 2, 1, 0, 0, 1, 0, 0, 0, 0],889.0053545036524,50920.37616528636,113453.88510595518,false
16,G3_TWC,G1_CMAX,[31, 22, 82, 15, 26, 9, 95, 42, 77, 12, 47, 5, 93, 78, 86, 54, 6, 63, 18, 44, 20, 35, 43, 97, 91, 76, 10, 30, 21, 45, 64, 71, 1, 23, 17, 83, 24, 14, 60, 36, 85, 57, 40, 88, 65, 56, 79, 94, 39, 68, 46, 75, 38, 58, 19, 32, 81, 41, 27, 62, 87, 90, 99, 59, 11, 16, 72, 73, 70, 67, 37, 84, 3, 92, 25, 55, 28, 29, 51, 8, 66, 61, 98, 48, 89, 50, 7, 96, 53, 80, 4, 33, 34, 2, 52, 13, 0, 69, 74, 49]|[1, 1, 0, 1, 1, 0, 1, 2, 2, 1, 2, 2, 2, 1, 1, 0, 0, 1, 0, 2, 2, 0, 1, 2, 0, 1, 2, 2, 0, 0, 1, 2, 1, 2, 1, 0, 2, 0, 1, 1, 0, 1, 1, 1, 0, 2, 1, 1, 0, 0, 0, 0, 1, 1, 2, 1, 2, 0, 0, 0, 2, 1, 0, 1, 2, 1, 2, 1, 1, 1, 1, 1, 1, 0, 1, 1, 0, 0, 0, 1, 0, 1, 0, 0, 1, 0, 1, 2, 0, 0, 0, 0, 2, 0, 1, 0, 0, 1, 2, 0]|[4, 3, 2, 2, 4, 1, 2, 2, 2, 4, 1, 1, 2, 4, 4, 1, 2, 4, 2, 1, 1, 1, 1, 2, 1, 2, 1, 1, 1, 1, 3, 2, 3, 0, 4, 0, 1, 1, 0, 3, 2, 2, 2, 0, 1, 1, 0, 4, 0, 1, 2, 2, 1, 4, 0, 3, 2, 1, 1, 2, 1, 3, 1, 1, 1, 3, 0, 4, 3, 1, 4, 1, 1, 0, 4, 4, 2, 1, 1, 3, 1, 3, 1, 1, 1, 1, 1, 1, 2, 1, 2, 2, 1, 2, 1, 2, 2, 3, 1, 1]|[0, 2, 1, 1, 3, 0, 1, 0, 0, 0, 0, 0, 1, 0, 1, 0, 1, 3, 1, 0, 0, 0, 3, 1, 0, 2, 0, 0, 0, 1, 0, 0, 0, 0, 3, 0, 1, 0, 0, 2, 1, 1, 1, 0, 0, 0, 0, 2, 1, 0, 0, 0, 1, 3, 0, 0, 1, 0, 0, 1, 0, 2, 0, 1, 0, 2, 1, 0, 0, 1, 1, 3, 1, 1, 3, 3, 1, 0, 0, 2, 0, 0, 0, 0, 1, 0, 2, 0, 1, 0, 1, 1, 0, 0, 1, 0, 0, 0, 0, 1],824.1531664905515,57504.66170409152,92407.54974943638,true
16,G1_CMAX,G1_CMAX,[31, 22, 82, 15, 26, 9, 42, 77, 12, 5, 47, 93, 78, 86, 54, 6, 63, 18, 44, 20, 35, 43, 97, 91, 76, 10, 30, 21, 45, 17, 23, 1, 71, 83, 24, 14, 60, 36, 85, 57, 40, 95, 88, 65, 56, 79, 94, 67, 68, 46, 75, 38, 58, 19, 32, 81, 41, 62, 87, 28, 90, 59, 11, 16, 72, 73, 69, 52, 37, 64, 84, 3, 25, 29, 55, 51, 7, 98, 61, 66, 99, 33, 89, 48, 50, 96, 53, 80, 4, 8, 27, 2, 39, 13, 0, 92, 49, 74, 34, 70]|[1, 1, 0, 1, 1, 1, 2, 2, 1, 2, 2, 1, 1, 1, 0, 0, 1, 0, 2, 2, 0, 1, 2, 2, 1, 2, 2, 0, 0, 1, 2, 1, 1, 0, 2, 0, 1, 1, 0, 1, 1, 1, 1, 0, 2, 1, 1, 0, 0, 0, 0, 1, 1, 2, 1, 2, 0, 0, 2, 0, 1, 2, 2, 1, 2, 1, 1, 1, 1, 1, 1, 2, 1, 0, 2, 0, 1, 2, 1, 0, 0, 2, 1, 0, 0, 2, 0, 0, 1, 1, 0, 0, 1, 0, 0, 0, 0, 2, 2, 1]|[0, 3, 1, 2, 0, 0, 1, 1, 4, 1, 1, 4, 4, 4, 2, 2, 4, 2, 1, 1, 1, 1, 2, 1, 2, 1, 1, 1, 1, 4, 0, 3, 3, 0, 1, 1, 0, 3, 2, 2, 2, 2, 0, 1, 1, 0, 4, 0, 1, 2, 2, 1, 4, 0, 3, 2, 1, 2, 1, 2, 3, 1, 1, 3, 0, 4, 4, 1, 4, 3, 1, 2, 4, 1, 1, 1, 1, 1, 3, 1, 1, 1, 1, 1, 1, 1, 2, 1, 4, 3, 2, 2, 1, 2, 2, 0, 1, 1, 1, 4]|[1, 1, 1, 1, 3, 3, 0, 0, 0, 0, 0, 2, 0, 1, 0, 0, 3, 1, 0, 0, 0, 3, 1, 0, 2, 0, 0, 0, 1, 3, 0, 0, 0, 0, 1, 0, 0, 2, 1, 1, 1, 1, 0, 0, 0, 0, 2, 1, 0, 0, 0, 1, 3, 0, 0, 1, 0, 1, 0, 1, 2, 0, 0, 2, 1, 0, 2, 1, 1, 0, 3, 1, 3, 0, 0, 0, 2, 0, 0, 0, 0, 0, 1, 0, 0, 0, 1, 0, 0, 2, 1, 0, 1, 0, 0, 1, 1, 0, 0, 2],733.3116759547878,58140.55643565909,96674.14109675489,false
16,G4_BALANCED,G4_BALANCED,[31, 22, 82, 15, 26, 9, 95, 42, 77, 68, 47, 5, 93, 78, 86, 54, 85, 63, 18, 44, 20, 49, 36, 14, 74, 50, 53, 17, 21, 28, 71, 64, 3, 23, 30, 83, 24, 41, 60, 52, 65, 27, 90, 70, 39, 87, 48, 69, 99, 4, 46, 1, 13, 58, 97, 59, 45, 8, 73, 37, 35, 40, 11, 66, 76, 32, 79, 80, 96, 6, 16, 61, 33, 7, 57, 34, 12, 67, 10, 98, 56, 88, 29, 75, 91, 38, 19, 92, 43, 84, 51, 72, 81, 25, 2, 55, 0, 89, 94, 62]|[2, 1, 2, 1, 1, 2, 1, 1, 1, 1, 1, 0, 2, 2, 1, 2, 0, 0, 0, 2, 2, 1, 0, 2, 0, 2, 2, 1, 0, 1, 1, 1, 0, 0, 1, 0, 2, 1, 2, 2, 0, 0, 1, 1, 0, 2, 0, 2, 1, 0, 0, 2, 0, 0, 2, 0, 1, 1, 0, 0, 2, 2, 0, 2, 2, 0, 1, 2, 0, 1, 2, 1, 1, 2, 0, 1, 1, 1, 1, 0, 2, 1, 1, 0, 1, 0, 1, 0, 1, 0, 1, 1, 1, 1, 2, 0, 0, 1, 1, 1]|[0, 3, 0, 3, 4, 1, 4, 4, 2, 4, 3, 2, 1, 0, 2, 1, 1, 1, 2, 1, 1, 3, 0, 1, 0, 1, 1, 4, 1, 4, 3, 2, 2, 0, 4, 1, 1, 4, 0, 1, 2, 1, 4, 4, 1, 1, 0, 2, 3, 1, 2, 1, 2, 1, 1, 2, 4, 3, 0, 2, 2, 0, 1, 0, 1, 2, 3, 1, 2, 4, 1, 3, 4, 1, 2, 4, 3, 3, 3, 2, 1, 4, 3, 2, 3, 2, 4, 2, 4, 2, 3, 4, 1, 4, 1, 2, 2, 4, 4, 3]|[0, 2, 0, 0, 3, 0, 1, 3, 0, 0, 2, 0, 1, 0, 1, 0, 0, 0, 1, 0, 0, 2, 0, 0, 1, 0, 0, 3, 0, 1, 0, 2, 0, 1, 3, 0, 1, 3, 1, 0, 0, 0, 1, 3, 0, 0, 1, 0, 2, 0, 0, 0, 0, 0, 1, 0, 1, 0, 1, 1, 0, 0, 0, 0, 0, 0, 2, 0, 0, 2, 0, 0, 1, 0, 0, 1, 0, 0, 3, 0, 0, 1, 0, 0, 0, 0, 3, 0, 2, 0, 0, 2, 1, 3, 0, 0, 0, 1, 2, 0],892.7401490794913,51648.15640149474,106449.34518021956,false
16,G2_TEC,G2_TEC,[31, 22, 82, 15, 26, 9, 95, 42, 77, 68, 47, 5, 93, 78, 86, 54, 85, 63, 18, 44, 20, 49, 36, 14, 74, 50, 53, 17, 21, 28, 71, 64, 3, 23, 30, 83, 24, 41, 40, 52, 65, 27, 90, 70, 39, 87, 48, 69, 99, 4, 46, 1, 13, 58, 97, 59, 45, 8, 73, 37, 35, 79, 11, 66, 76, 32, 60, 80, 96, 6, 16, 61, 33, 7, 57, 34, 12, 67, 10, 98, 56, 88, 29, 25, 91, 38, 19, 92, 43, 84, 51, 72, 81, 75, 2, 89, 0, 94, 55, 62]|[2, 1, 2, 1, 1, 2, 1, 1, 1, 1, 1, 0, 2, 2, 1, 2, 0, 0, 0, 2, 2, 1, 0, 2, 0, 2, 2, 1, 0, 1, 1, 1, 0, 0, 1, 0, 2, 1, 2, 2, 0, 0, 1, 1, 0, 2, 0, 2, 1, 0, 0, 2, 0, 0, 2, 0, 1, 1, 0, 0, 2, 1, 0, 2, 2, 0, 2, 2, 0, 1, 2, 1, 1, 2, 0, 1, 1, 1, 1, 2, 2, 1, 1, 1, 1, 0, 1, 0, 1, 0, 1, 1, 1, 0, 2, 1, 0, 2, 0, 1]|[0, 3, 0, 3, 4, 1, 4, 4, 2, 4, 3, 2, 1, 0, 2, 1, 1, 1, 2, 1, 1, 3, 0, 1, 0, 1, 1, 4, 1, 4, 3, 2, 2, 0, 4, 1, 1, 4, 0, 1, 2, 1, 4, 4, 1, 1, 0, 2, 3, 1, 2, 1, 2, 1, 1, 2, 4, 3, 0, 2, 2, 3, 1, 0, 1, 2, 0, 1, 2, 4, 1, 3, 4, 1, 2, 4, 3, 3, 3, 1, 1, 4, 3, 4, 3, 2, 4, 2, 4, 2, 3, 4, 1, 2, 1, 4, 2, 1, 2, 3]|[0, 2, 0, 0, 3, 0, 1, 3, 0, 0, 2, 0, 1, 0, 1, 0, 0, 0, 1, 0, 0, 2, 0, 0, 1, 0, 0, 3, 0, 1, 0, 2, 0, 0, 3, 0, 1, 3, 0, 0, 0, 0, 1, 3, 0, 0, 1, 0, 2, 0, 0, 0, 0, 0, 1, 0, 1, 0, 1, 1, 0, 2, 0, 0, 0, 0, 0, 0, 0, 2, 0, 0, 1, 0, 0, 1, 0, 0, 3, 0, 0, 1, 0, 3, 0, 0, 3, 0, 2, 0, 0, 2, 1, 0, 0, 1, 0, 0, 0, 0],889.0053545036524,50920.37616528636,113453.88510595518,false
16,G3_TWC,G1_CMAX,[31, 22, 82, 15, 26, 9, 95, 42, 77, 12, 47, 5, 93, 78, 86, 54, 6, 63, 18, 44, 20, 35, 43, 97, 91, 76, 10, 30, 21, 45, 64, 71, 1, 23, 17, 83, 24, 14, 60, 36, 85, 57, 40, 88, 65, 56, 79, 94, 39, 68, 46, 75, 38, 58, 19, 32, 81, 41, 27, 62, 87, 90, 99, 59, 11, 16, 72, 73, 70, 67, 37, 84, 3, 92, 25, 55, 28, 29, 51, 8, 66, 61, 98, 48, 89, 50, 7, 96, 53, 80, 4, 33, 34, 2, 52, 13, 0, 69, 74, 49]|[1, 1, 0, 1, 1, 0, 1, 2, 2, 1, 2, 2, 2, 1, 1, 0, 0, 1, 0, 2, 2, 0, 1, 2, 0, 1, 2, 2, 0, 0, 1, 2, 1, 2, 1, 0, 2, 0, 1, 1, 0, 1, 1, 1, 0, 2, 1, 1, 0, 0, 0, 0, 1, 1, 2, 1, 2, 0, 0, 0, 2, 1, 0, 1, 2, 1, 2, 1, 1, 1, 1, 1, 1, 0, 1, 1, 0, 0, 0, 1, 0, 1, 0, 0, 1, 0, 1, 2, 0, 0, 0, 0, 2, 0, 1, 0, 0, 1, 2, 0]|[4, 3, 2, 2, 4, 1, 2, 2, 2, 4, 1, 1, 2, 4, 4, 1, 2, 4, 2, 1, 1, 1, 1, 2, 1, 2, 1, 1, 1, 1, 3, 2, 3, 0, 4, 0, 1, 1, 0, 3, 2, 2, 2, 0, 1, 1, 0, 4, 0, 1, 2, 2, 1, 4, 0, 3, 2, 1, 1, 2, 1, 3, 1, 1, 1, 3, 0, 4, 3, 1, 4, 1, 1, 0, 4, 4, 2, 1, 1, 3, 1, 3, 1, 1, 1, 1, 1, 1, 2, 1, 2, 2, 1, 2, 1, 2, 2, 3, 1, 1]|[0, 2, 1, 1, 3, 0, 1, 0, 0, 0, 0, 0, 1, 0, 1, 0, 1, 3, 1, 0, 0, 0, 3, 1, 0, 2, 0, 0, 0, 1, 0, 0, 0, 0, 3, 0, 1, 0, 0, 2, 1, 1, 1, 0, 0, 0, 0, 2, 1, 0, 0, 0, 1, 3, 0, 0, 1, 0, 0, 1, 0, 2, 0, 1, 0, 2, 1, 0, 0, 1, 1, 3, 1, 1, 3, 3, 1, 0, 0, 2, 0, 0, 0, 0, 1, 0, 2, 0, 1, 0, 1, 1, 0, 0, 1, 0, 0, 0, 0, 1],824.1531664905515,57504.66170409152,92407.54974943638,true
16,G1_CMAX,G1_CMAX,[31, 22, 82, 15, 26, 9, 42, 77, 12, 5, 47, 93, 78, 86, 54, 6, 63, 18, 44, 20, 35, 43, 97, 91, 76, 10, 30, 21, 45, 17, 23, 1, 71, 83, 24, 14, 60, 36, 85, 57, 40, 95, 88, 65, 56, 79, 94, 67, 68, 46, 75, 38, 58, 19, 32, 81, 41, 62, 87, 28, 90, 59, 11, 16, 72, 73, 69, 52, 37, 64, 84, 3, 25, 29, 55, 51, 7, 98, 61, 66, 99, 33, 89, 48, 50, 96, 53, 80, 4, 8, 27, 2, 39, 13, 0, 92, 49, 74, 34, 70]|[1, 1, 0, 1, 1, 1, 2, 2, 1, 2, 2, 1, 1, 1, 0, 0, 1, 0, 2, 2, 0, 1, 2, 2, 1, 2, 2, 0, 0, 1, 2, 1, 1, 0, 2, 0, 1, 1, 0, 1, 1, 1, 1, 0, 2, 1, 1, 0, 0, 0, 0, 1, 1, 2, 1, 2, 0, 0, 2, 0, 1, 2, 2, 1, 2, 1, 1, 1, 1, 1, 1, 2, 1, 0, 2, 0, 1, 2, 1, 0, 0, 2, 1, 0, 0, 2, 0, 0, 1, 1, 0, 0, 1, 0, 0, 0, 0, 2, 2, 1]|[0, 3, 1, 2, 0, 0, 1, 1, 4, 1, 1, 4, 4, 4, 2, 2, 4, 2, 1, 1, 1, 1, 2, 1, 2, 1, 1, 1, 1, 4, 0, 3, 3, 0, 1, 1, 0, 3, 2, 2, 2, 2, 0, 1, 1, 0, 4, 0, 1, 2, 2, 1, 4, 0, 3, 2, 1, 2, 1, 2, 3, 1, 1, 3, 0, 4, 4, 1, 4, 3, 1, 2, 4, 1, 1, 1, 1, 1, 3, 1, 1, 1, 1, 1, 1, 1, 2, 1, 4, 3, 2, 2, 1, 2, 2, 0, 1, 1, 1, 4]|[1, 1, 1, 1, 3, 3, 0, 0, 0, 0, 0, 2, 0, 1, 0, 0, 3, 1, 0, 0, 0, 3, 1, 0, 2, 0, 0, 0, 1, 3, 0, 0, 0, 0, 1, 0, 0, 2, 1, 1, 1, 1, 0, 0, 0, 0, 2, 1, 0, 0, 0, 1, 3, 0, 0, 1, 0, 1, 0, 1, 2, 0, 0, 2, 1, 0, 2, 1, 1, 0, 3, 1, 3, 0, 0, 0, 2, 0, 0, 0, 0, 0, 1, 0, 0, 0, 1, 0, 0, 2, 1, 0, 1, 0, 0, 1, 1, 0, 0, 2],733.3116759547878,58140.55643565909,96674.14109675489,false
16,G4_BALANCED,G4_BALANCED,[31, 22, 82, 15, 26, 9, 95, 42, 77, 68, 47, 5, 93, 78, 86, 54, 85, 63, 18, 44, 20, 49, 36, 14, 74, 50, 53, 17, 21, 28, 71, 64, 3, 23, 30, 83, 24, 41, 60, 52, 65, 27, 90, 70, 39, 87, 48, 69, 99, 4, 46, 1, 13, 58, 97, 59, 45, 8, 73, 37, 35, 40, 11, 66, 76, 32, 79, 80, 96, 6, 16, 61, 33, 7, 57, 34, 12, 67, 10, 98, 56, 88, 29, 75, 91, 38, 19, 92, 43, 84, 51, 72, 81, 25, 2, 55, 0, 89, 94, 62]|[2, 1, 2, 1, 1, 2, 1, 1, 1, 1, 1, 0, 2, 2, 1, 2, 0, 0, 0, 2, 2, 1, 0, 2, 0, 2, 2, 1, 0, 1, 1, 1, 0, 0, 1, 0, 2, 1, 2, 2, 0, 0, 1, 1, 0, 2, 0, 2, 1, 0, 0, 2, 0, 0, 2, 0, 1, 1, 0, 0, 2, 2, 0, 2, 2, 0, 1, 2, 0, 1, 2, 1, 1, 2, 0, 1, 1, 1, 1, 0, 2, 1, 1, 0, 1, 0, 1, 0, 1, 0, 1, 1, 1, 1, 2, 0, 0, 1, 1, 1]|[0, 3, 0, 3, 4, 1, 4, 4, 2, 4, 3, 2, 1, 0, 2, 1, 1, 1, 2, 1, 1, 3, 0, 1, 0, 1, 1, 4, 1, 4, 3, 2, 2, 0, 4, 1, 1, 4, 0, 1, 2, 1, 4, 4, 1, 1, 0, 2, 3, 1, 2, 1, 2, 1, 1, 2, 4, 3, 0, 2, 2, 0, 1, 0, 1, 2, 3, 1, 2, 4, 1, 3, 4, 1, 2, 4, 3, 3, 3, 2, 1, 4, 3, 2, 3, 2, 4, 2, 4, 2, 3, 4, 1, 4, 1, 2, 2, 4, 4, 3]|[0, 2, 0, 0, 3, 0, 1, 3, 0, 0, 2, 0, 1, 0, 1, 0, 0, 0, 1, 0, 0, 2, 0, 0, 1, 0, 0, 3, 0, 1, 0, 2, 0, 1, 3, 0, 1, 3, 1, 0, 0, 0, 1, 3, 0, 0, 1, 0, 2, 0, 0, 0, 0, 0, 1, 0, 1, 0, 1, 1, 0, 0, 0, 0, 0, 0, 2, 0, 0, 2, 0, 0, 1, 0, 0, 1, 0, 0, 3, 0, 0, 1, 0, 0, 0, 0, 3, 0, 2, 0, 0, 2, 1, 3, 0, 0, 0, 1, 2, 0],892.7401490794913,51648.15640149474,106449.34518021956,false
16,G2_TEC,G2_TEC,[31, 22, 82, 15, 26, 9, 95, 42, 77, 68, 47, 5, 93, 78, 86, 54, 85, 63, 18, 44, 20, 49, 36, 14, 74, 50, 53, 17, 21, 28, 71, 64, 3, 23, 30, 83, 24, 41, 40, 52, 65, 27, 90, 70, 39, 87, 48, 69, 99, 4, 46, 1, 13, 58, 97, 59, 45, 8, 73, 37, 35, 79, 11, 66, 76, 32, 60, 80, 96, 6, 16, 61, 33, 7, 57, 34, 12, 67, 10, 98, 56, 88, 29, 25, 91, 38, 19, 92, 43, 84, 51, 72, 81, 75, 2, 89, 0, 94, 55, 62]|[2, 1, 2, 1, 1, 2, 1, 1, 1, 1, 1, 0, 2, 2, 1, 2, 0, 0, 0, 2, 2, 1, 0, 2, 0, 2, 2, 1, 0, 1, 1, 1, 0, 0, 1, 0, 2, 1, 2, 2, 0, 0, 1, 1, 0, 2, 0, 2, 1, 0, 0, 2, 0, 0, 2, 0, 1, 1, 0, 0, 2, 1, 0, 2, 2, 0, 2, 2, 0, 1, 2, 1, 1, 2, 0, 1, 1, 1, 1, 2, 2, 1, 1, 1, 1, 0, 1, 0, 1, 0, 1, 1, 1, 0, 2, 1, 0, 2, 0, 1]|[0, 3, 0, 3, 4, 1, 4, 4, 2, 4, 3, 2, 1, 0, 2, 1, 1, 1, 2, 1, 1, 3, 0, 1, 0, 1, 1, 4, 1, 4, 3, 2, 2, 0, 4, 1, 1, 4, 0, 1, 2, 1, 4, 4, 1, 1, 0, 2, 3, 1, 2, 1, 2, 1, 1, 2, 4, 3, 0, 2, 2, 3, 1, 0, 1, 2, 0, 1, 2, 4, 1, 3, 4, 1, 2, 4, 3, 3, 3, 1, 1, 4, 3, 4, 3, 2, 4, 2, 4, 2, 3, 4, 1, 2, 1, 4, 2, 1, 2, 3]|[0, 2, 0, 0, 3, 0, 1, 3, 0, 0, 2, 0, 1, 0, 1, 0, 0, 0, 1, 0, 0, 2, 0, 0, 1, 0, 0, 3, 0, 1, 0, 2, 0, 0, 3, 0, 1, 3, 0, 0, 0, 0, 1, 3, 0, 0, 1, 0, 2, 0, 0, 0, 0, 0, 1, 0, 1, 0, 1, 1, 0, 2, 0, 0, 0, 0, 0, 0, 0, 2, 0, 0, 1, 0, 0, 1, 0, 0, 3, 0, 0, 1, 0, 3, 0, 0, 3, 0, 2, 0, 0, 2, 1, 0, 0, 1, 0, 0, 0, 0],889.0053545036524,50920.37616528636,113453.88510595518,false
16,G3_TWC,G1_CMAX,[31, 22, 82, 15, 26, 9, 95, 42, 77, 12, 47, 5, 93, 78, 86, 54, 6, 63, 18, 44, 20, 35, 43, 97, 91, 76, 10, 30, 21, 45, 64, 71, 1, 23, 17, 83, 24, 14, 60, 36, 85, 57, 40, 88, 65, 56, 79, 94, 39, 68, 46, 75, 38, 58, 19, 32, 81, 41, 27, 62, 87, 90, 99, 59, 11, 16, 72, 73, 70, 67, 37, 84, 3, 92, 25, 55, 28, 29, 51, 8, 66, 61, 98, 48, 89, 50, 7, 96, 53, 80, 4, 33, 34, 2, 52, 13, 0, 69, 74, 49]|[1, 1, 0, 1, 1, 0, 1, 2, 2, 1, 2, 2, 2, 1, 1, 0, 0, 1, 0, 2, 2, 0, 1, 2, 0, 1, 2, 2, 0, 0, 1, 2, 1, 2, 1, 0, 2, 0, 1, 1, 0, 1, 1, 1, 0, 2, 1, 1, 0, 0, 0, 0, 1, 1, 2, 1, 2, 0, 0, 0, 2, 1, 0, 1, 2, 1, 2, 1, 1, 1, 1, 1, 1, 0, 1, 1, 0, 0, 0, 1, 0, 1, 0, 0, 1, 0, 1, 2, 0, 0, 0, 0, 2, 0, 1, 0, 0, 1, 2, 0]|[4, 3, 2, 2, 4, 1, 2, 2, 2, 4, 1, 1, 2, 4, 4, 1, 2, 4, 2, 1, 1, 1, 1, 2, 1, 2, 1, 1, 1, 1, 3, 2, 3, 0, 4, 0, 1, 1, 0, 3, 2, 2, 2, 0, 1, 1, 0, 4, 0, 1, 2, 2, 1, 4, 0, 3, 2, 1, 1, 2, 1, 3, 1, 1, 1, 3, 0, 4, 3, 1, 4, 1, 1, 0, 4, 4, 2, 1, 1, 3, 1, 3, 1, 1, 1, 1, 1, 1, 2, 1, 2, 2, 1, 2, 1, 2, 2, 3, 1, 1]|[0, 2, 1, 1, 3, 0, 1, 0, 0, 0, 0, 0, 1, 0, 1, 0, 1, 3, 1, 0, 0, 0, 3, 1, 0, 2, 0, 0, 0, 1, 0, 0, 0, 0, 3, 0, 1, 0, 0, 2, 1, 1, 1, 0, 0, 0, 0, 2, 1, 0, 0, 0, 1, 3, 0, 0, 1, 0, 0, 1, 0, 2, 0, 1, 0, 2, 1, 0, 0, 1, 1, 3, 1, 1, 3, 3, 1, 0, 0, 2, 0, 0, 0, 0, 1, 0, 2, 0, 1, 0, 1, 1, 0, 0, 1, 0, 0, 0, 0, 1],824.1531664905515,57504.66170409152,92407.54974943638,true
16,G1_CMAX,G1_CMAX,[31, 22, 82, 15, 26, 9, 42, 77, 12, 5, 47, 93, 78, 86, 54, 6, 63, 18, 44, 20, 35, 43, 97, 91, 76, 10, 30, 21, 45, 17, 23, 1, 71, 83, 24, 14, 60, 36, 85, 57, 40, 95, 88, 65, 56, 79, 94, 67, 68, 46, 75, 38, 58, 19, 32, 81, 41, 62, 87, 28, 90, 59, 11, 16, 72, 73, 69, 52, 37, 64, 84, 3, 25, 29, 55, 51, 7, 98, 61, 66, 99, 33, 89, 48, 50, 96, 53, 80, 4, 8, 27, 2, 39, 13, 0, 92, 49, 74, 34, 70]|[1, 1, 0, 1, 1, 1, 2, 2, 1, 2, 2, 1, 1, 1, 0, 0, 1, 0, 2, 2, 0, 1, 2, 2, 1, 2, 2, 0, 0, 1, 2, 1, 1, 0, 2, 0, 1, 1, 0, 1, 1, 1, 1, 0, 2, 1, 1, 0, 0, 0, 0, 1, 1, 2, 1, 2, 0, 0, 2, 0, 1, 2, 2, 1, 2, 1, 1, 1, 1, 1, 1, 2, 1, 0, 2, 0, 1, 2, 1, 0, 0, 2, 1, 0, 0, 2, 0, 0, 1, 1, 0, 0, 1, 0, 0, 0, 0, 2, 2, 1]|[0, 3, 1, 2, 0, 0, 1, 1, 4, 1, 1, 4, 4, 4, 2, 2, 4, 2, 1, 1, 1, 1, 2, 1, 2, 1, 1, 1, 1, 4, 0, 3, 3, 0, 1, 1, 0, 3, 2, 2, 2, 2, 0, 1, 1, 0, 4, 0, 1, 2, 2, 1, 4, 0, 3, 2, 1, 2, 1, 2, 3, 1, 1, 3, 0, 4, 4, 1, 4, 3, 1, 2, 4, 1, 1, 1, 1, 1, 3, 1, 1, 1, 1, 1, 1, 1, 2, 1, 4, 3, 2, 2, 1, 2, 2, 0, 1, 1, 1, 4]|[1, 1, 1, 1, 3, 3, 0, 0, 0, 0, 0, 2, 0, 1, 0, 0, 3, 1, 0, 0, 0, 3, 1, 0, 2, 0, 0, 0, 1, 3, 0, 0, 0, 0, 1, 0, 0, 2, 1, 1, 1, 1, 0, 0, 0, 0, 2, 1, 0, 0, 0, 1, 3, 0, 0, 1, 0, 1, 0, 1, 2, 0, 0, 2, 1, 0, 2, 1, 1, 0, 3, 1, 3, 0, 0, 0, 2, 0, 0, 0, 0, 0, 1, 0, 0, 0, 1, 0, 0, 2, 1, 0, 1, 0, 0, 1, 1, 0, 0, 2],733.3116759547878,58140.55643565909,96674.14109675489,false
16,G4_BALANCED,G4_BALANCED,[31, 22, 82, 15, 26, 9, 95, 42, 77, 68, 47, 5, 93, 78, 86, 54, 85, 63, 18, 44, 20, 49, 36, 14, 74, 50, 53, 17, 21, 28, 71, 64, 3, 23, 30, 83, 24, 41, 60, 52, 65, 27, 90, 70, 39, 87, 48, 69, 99, 4, 46, 1, 13, 58, 97, 59, 45, 8, 73, 37, 35, 40, 11, 66, 76, 32, 79, 80, 96, 6, 16, 61, 33, 7, 57, 34, 12, 67, 10, 98, 56, 88, 29, 75, 91, 38, 19, 92, 43, 84, 51, 72, 81, 25, 2, 55, 0, 89, 94, 62]|[2, 1, 2, 1, 1, 2, 1, 1, 1, 1, 1, 0, 2, 2, 1, 2, 0, 0, 0, 2, 2, 1, 0, 2, 0, 2, 2, 1, 0, 1, 1, 1, 0, 0, 1, 0, 2, 1, 2, 2, 0, 0, 1, 1, 0, 2, 0, 2, 1, 0, 0, 2, 0, 0, 2, 0, 1, 1, 0, 0, 2, 2, 0, 2, 2, 0, 1, 2, 0, 1, 2, 1, 1, 2, 0, 1, 1, 1, 1, 0, 2, 1, 1, 0, 1, 0, 1, 0, 1, 0, 1, 1, 1, 1, 2, 0, 0, 1, 1, 1]|[0, 3, 0, 3, 4, 1, 4, 4, 2, 4, 3, 2, 1, 0, 2, 1, 1, 1, 2, 1, 1, 3, 0, 1, 0, 1, 1, 4, 1, 4, 3, 2, 2, 0, 4, 1, 1, 4, 0, 1, 2, 1, 4, 4, 1, 1, 0, 2, 3, 1, 2, 1, 2, 1, 1, 2, 4, 3, 0, 2, 2, 0, 1, 0, 1, 2, 3, 1, 2, 4, 1, 3, 4, 1, 2, 4, 3, 3, 3, 2, 1, 4, 3, 2, 3, 2, 4, 2, 4, 2, 3, 4, 1, 4, 1, 2, 2, 4, 4, 3]|[0, 2, 0, 0, 3, 0, 1, 3, 0, 0, 2, 0, 1, 0, 1, 0, 0, 0, 1, 0, 0, 2, 0, 0, 1, 0, 0, 3, 0, 1, 0, 2, 0, 1, 3, 0, 1, 3, 1, 0, 0, 0, 1, 3, 0, 0, 1, 0, 2, 0, 0, 0, 0, 0, 1, 0, 1, 0, 1, 1, 0, 0, 0, 0, 0, 0, 2, 0, 0, 2, 0, 0, 1, 0, 0, 1, 0, 0, 3, 0, 0, 1, 0, 0, 0, 0, 3, 0, 2, 0, 0, 2, 1, 3, 0, 0, 0, 1, 2, 0],892.7401490794913,51648.15640149474,106449.34518021956,false
16,G2_TEC,G2_TEC,[31, 22, 82, 15, 26, 9, 95, 42, 77, 68, 47, 5, 93, 78, 86, 54, 85, 63, 18, 44, 20, 49, 36, 14, 74, 50, 53, 17, 21, 28, 71, 64, 3, 23, 30, 83, 24, 41, 40, 52, 65, 27, 90, 70, 39, 87, 48, 69, 99, 4, 46, 1, 13, 58, 97, 59, 45, 8, 73, 37, 35, 79, 11, 66, 76, 32, 60, 80, 96, 6, 16, 61, 33, 7, 57, 34, 12, 67, 10, 98, 56, 88, 29, 25, 91, 38, 19, 92, 43, 84, 51, 72, 81, 75, 2, 89, 0, 94, 55, 62]|[2, 1, 2, 1, 1, 2, 1, 1, 1, 1, 1, 0, 2, 2, 1, 2, 0, 0, 0, 2, 2, 1, 0, 2, 0, 2, 2, 1, 0, 1, 1, 1, 0, 0, 1, 0, 2, 1, 2, 2, 0, 0, 1, 1, 0, 2, 0, 2, 1, 0, 0, 2, 0, 0, 2, 0, 1, 1, 0, 0, 2, 1, 0, 2, 2, 0, 2, 2, 0, 1, 2, 1, 1, 2, 0, 1, 1, 1, 1, 2, 2, 1, 1, 1, 1, 0, 1, 0, 1, 0, 1, 1, 1, 0, 2, 1, 0, 2, 0, 1]|[0, 3, 0, 3, 4, 1, 4, 4, 2, 4, 3, 2, 1, 0, 2, 1, 1, 1, 2, 1, 1, 3, 0, 1, 0, 1, 1, 4, 1, 4, 3, 2, 2, 0, 4, 1, 1, 4, 0, 1, 2, 1, 4, 4, 1, 1, 0, 2, 3, 1, 2, 1, 2, 1, 1, 2, 4, 3, 0, 2, 2, 3, 1, 0, 1, 2, 0, 1, 2, 4, 1, 3, 4, 1, 2, 4, 3, 3, 3, 1, 1, 4, 3, 4, 3, 2, 4, 2, 4, 2, 3, 4, 1, 2, 1, 4, 2, 1, 2, 3]|[0, 2, 0, 0, 3, 0, 1, 3, 0, 0, 2, 0, 1, 0, 1, 0, 0, 0, 1, 0, 0, 2, 0, 0, 1, 0, 0, 3, 0, 1, 0, 2, 0, 0, 3, 0, 1, 3, 0, 0, 0, 0, 1, 3, 0, 0, 1, 0, 2, 0, 0, 0, 0, 0, 1, 0, 1, 0, 1, 1, 0, 2, 0, 0, 0, 0, 0, 0, 0, 2, 0, 0, 1, 0, 0, 1, 0, 0, 3, 0, 0, 1, 0, 3, 0, 0, 3, 0, 2, 0, 0, 2, 1, 0, 0, 1, 0, 0, 0, 0],889.0053545036524,50920.37616528636,113453.88510595518,false
16,G3_TWC,G1_CMAX,[31, 22, 82, 15, 26, 9, 95, 42, 77, 12, 47, 5, 93, 78, 86, 54, 6, 63, 18, 44, 20, 35, 43, 97, 91, 76, 10, 30, 21, 45, 64, 71, 1, 23, 17, 83, 24, 14, 60, 36, 85, 57, 40, 88, 65, 56, 79, 94, 39, 68, 46, 75, 38, 58, 19, 32, 81, 41, 27, 62, 87, 90, 99, 59, 11, 16, 72, 73, 70, 67, 37, 84, 3, 92, 25, 55, 28, 29, 51, 8, 66, 61, 98, 48, 89, 50, 7, 96, 53, 80, 4, 33, 34, 2, 52, 13, 0, 69, 74, 49]|[1, 1, 0, 1, 1, 0, 1, 2, 2, 1, 2, 2, 2, 1, 1, 0, 0, 1, 0, 2, 2, 0, 1, 2, 0, 1, 2, 2, 0, 0, 1, 2, 1, 2, 1, 0, 2, 0, 1, 1, 0, 1, 1, 1, 0, 2, 1, 1, 0, 0, 0, 0, 1, 1, 2, 1, 2, 0, 0, 0, 2, 1, 0, 1, 2, 1, 2, 1, 1, 1, 1, 1, 1, 0, 1, 1, 0, 0, 0, 1, 0, 1, 0, 0, 1, 0, 1, 2, 0, 0, 0, 0, 2, 0, 1, 0, 0, 1, 2, 0]|[4, 3, 2, 2, 4, 1, 2, 2, 2, 4, 1, 1, 2, 4, 4, 1, 2, 4, 2, 1, 1, 1, 1, 2, 1, 2, 1, 1, 1, 1, 3, 2, 3, 0, 4, 0, 1, 1, 0, 3, 2, 2, 2, 0, 1, 1, 0, 4, 0, 1, 2, 2, 1, 4, 0, 3, 2, 1, 1, 2, 1, 3, 1, 1, 1, 3, 0, 4, 3, 1, 4, 1, 1, 0, 4, 4, 2, 1, 1, 3, 1, 3, 1, 1, 1, 1, 1, 1, 2, 1, 2, 2, 1, 2, 1, 2, 2, 3, 1, 1]|[0, 2, 1, 1, 3, 0, 1, 0, 0, 0, 0, 0, 1, 0, 1, 0, 1, 3, 1, 0, 0, 0, 3, 1, 0, 2, 0, 0, 0, 1, 0, 0, 0, 0, 3, 0, 1, 0, 0, 2, 1, 1, 1, 0, 0, 0, 0, 2, 1, 0, 0, 0, 1, 3, 0, 0, 1, 0, 0, 1, 0, 2, 0, 1, 0, 2, 1, 0, 0, 1, 1, 3, 1, 1, 3, 3, 1, 0, 0, 2, 0, 0, 0, 0, 1, 0, 2, 0, 1, 0, 1, 1, 0, 0, 1, 0, 0, 0, 0, 1],824.1531664905515,57504.66170409152,92407.54974943638,true
16,G1_CMAX,G1_CMAX,[31, 22, 82, 15, 26, 9, 42, 77, 12, 5, 47, 93, 78, 86, 54, 6, 63, 18, 44, 20, 35, 43, 97, 91, 76, 10, 30, 21, 45, 17, 23, 1, 71, 83, 24, 14, 60, 36, 85, 57, 40, 95, 88, 65, 56, 79, 94, 67, 68, 46, 75, 38, 58, 19, 32, 81, 41, 62, 87, 28, 90, 59, 11, 16, 72, 73, 69, 52, 37, 64, 84, 3, 25, 29, 55, 51, 7, 98, 61, 66, 99, 33, 89, 48, 50, 96, 53, 80, 4, 8, 27, 2, 39, 13, 0, 92, 49, 74, 34, 70]|[1, 1, 0, 1, 1, 1, 2, 2, 1, 2, 2, 1, 1, 1, 0, 0, 1, 0, 2, 2, 0, 1, 2, 2, 1, 2, 2, 0, 0, 1, 2, 1, 1, 0, 2, 0, 1, 1, 0, 1, 1, 1, 1, 0, 2, 1, 1, 0, 0, 0, 0, 1, 1, 2, 1, 2, 0, 0, 2, 0, 1, 2, 2, 1, 2, 1, 1, 1, 1, 1, 1, 2, 1, 0, 2, 0, 1, 2, 1, 0, 0, 2, 1, 0, 0, 2, 0, 0, 1, 1, 0, 0, 1, 0, 0, 0, 0, 2, 2, 1]|[0, 3, 1, 2, 0, 0, 1, 1, 4, 1, 1, 4, 4, 4, 2, 2, 4, 2, 1, 1, 1, 1, 2, 1, 2, 1, 1, 1, 1, 4, 0, 3, 3, 0, 1, 1, 0, 3, 2, 2, 2, 2, 0, 1, 1, 0, 4, 0, 1, 2, 2, 1, 4, 0, 3, 2, 1, 2, 1, 2, 3, 1, 1, 3, 0, 4, 4, 1, 4, 3, 1, 2, 4, 1, 1, 1, 1, 1, 3, 1, 1, 1, 1, 1, 1, 1, 2, 1, 4, 3, 2, 2, 1, 2, 2, 0, 1, 1, 1, 4]|[1, 1, 1, 1, 3, 3, 0, 0, 0, 0, 0, 2, 0, 1, 0, 0, 3, 1, 0, 0, 0, 3, 1, 0, 2, 0, 0, 0, 1, 3, 0, 0, 0, 0, 1, 0, 0, 2, 1, 1, 1, 1, 0, 0, 0, 0, 2, 1, 0, 0, 0, 1, 3, 0, 0, 1, 0, 1, 0, 1, 2, 0, 0, 2, 1, 0, 2, 1, 1, 0, 3, 1, 3, 0, 0, 0, 2, 0, 0, 0, 0, 0, 1, 0, 0, 0, 1, 0, 0, 2, 1, 0, 1, 0, 0, 1, 1, 0, 0, 2],733.3116759547878,58140.55643565909,96674.14109675489,false
16,G4_BALANCED,G4_BALANCED,[31, 22, 82, 15, 26, 9, 95, 42, 77, 68, 47, 5, 93, 78, 86, 54, 85, 63, 18, 44, 20, 49, 36, 14, 74, 50, 53, 17, 21, 28, 71, 64, 3, 23, 30, 83, 24, 41, 60, 52, 65, 27, 90, 70, 39, 87, 48, 69, 99, 4, 46, 1, 13, 58, 97, 59, 45, 8, 73, 37, 35, 40, 11, 66, 76, 32, 79, 80, 96, 6, 16, 61, 33, 7, 57, 34, 12, 67, 10, 98, 56, 88, 29, 75, 91, 38, 19, 92, 43, 84, 51, 72, 81, 25, 2, 55, 0, 89, 94, 62]|[2, 1, 2, 1, 1, 2, 1, 1, 1, 1, 1, 0, 2, 2, 1, 2, 0, 0, 0, 2, 2, 1, 0, 2, 0, 2, 2, 1, 0, 1, 1, 1, 0, 0, 1, 0, 2, 1, 2, 2, 0, 0, 1, 1, 0, 2, 0, 2, 1, 0, 0, 2, 0, 0, 2, 0, 1, 1, 0, 0, 2, 2, 0, 2, 2, 0, 1, 2, 0, 1, 2, 1, 1, 2, 0, 1, 1, 1, 1, 0, 2, 1, 1, 0, 1, 0, 1, 0, 1, 0, 1, 1, 1, 1, 2, 0, 0, 1, 1, 1]|[0, 3, 0, 3, 4, 1, 4, 4, 2, 4, 3, 2, 1, 0, 2, 1, 1, 1, 2, 1, 1, 3, 0, 1, 0, 1, 1, 4, 1, 4, 3, 2, 2, 0, 4, 1, 1, 4, 0, 1, 2, 1, 4, 4, 1, 1, 0, 2, 3, 1, 2, 1, 2, 1, 1, 2, 4, 3, 0, 2, 2, 0, 1, 0, 1, 2, 3, 1, 2, 4, 1, 3, 4, 1, 2, 4, 3, 3, 3, 2, 1, 4, 3, 2, 3, 2, 4, 2, 4, 2, 3, 4, 1, 4, 1, 2, 2, 4, 4, 3]|[0, 2, 0, 0, 3, 0, 1, 3, 0, 0, 2, 0, 1, 0, 1, 0, 0, 0, 1, 0, 0, 2, 0, 0, 1, 0, 0, 3, 0, 1, 0, 2, 0, 1, 3, 0, 1, 3, 1, 0, 0, 0, 1, 3, 0, 0, 1, 0, 2, 0, 0, 0, 0, 0, 1, 0, 1, 0, 1, 1, 0, 0, 0, 0, 0, 0, 2, 0, 0, 2, 0, 0, 1, 0, 0, 1, 0, 0, 3, 0, 0, 1, 0, 0, 0, 0, 3, 0, 2, 0, 0, 2, 1, 3, 0, 0, 0, 1, 2, 0],892.7401490794913,51648.15640149474,106449.34518021956,false
16,G2_TEC,G1_CMAX,[31, 22, 82, 15, 26, 58, 95, 42, 77, 12, 47, 5, 93, 78, 86, 54, 85, 63, 18, 44, 20, 35, 43, 97, 66, 76, 10, 30, 21, 45, 71, 1, 64, 23, 17, 83, 24, 14, 60, 36, 41, 57, 40, 88, 65, 74, 79, 94, 67, 6, 91, 75, 38, 9, 19, 32, 81, 68, 11, 62, 87, 90, 99, 59, 27, 16, 72, 28, 70, 39, 37, 84, 3, 92, 25, 55, 73, 29, 51, 98, 7, 61, 46, 48, 89, 50, 4, 96, 53, 80, 8, 33, 34, 2, 52, 13, 0, 69, 56, 49]|[1, 1, 0, 1, 1, 0, 1, 2, 2, 1, 2, 2, 2, 1, 1, 0, 0, 1, 0, 2, 2, 0, 1, 2, 0, 1, 2, 2, 0, 0, 1, 1, 2, 2, 1, 0, 2, 0, 1, 1, 0, 1, 1, 1, 0, 2, 1, 1, 0, 0, 2, 0, 1, 1, 2, 1, 2, 0, 2, 0, 2, 1, 0, 1, 2, 1, 2, 1, 1, 1, 1, 1, 1, 0, 1, 2, 1, 0, 0, 2, 1, 1, 0, 0, 1, 0, 1, 2, 0, 0, 1, 2, 2, 0, 1, 0, 0, 1, 2, 0]|[4, 3, 2, 2, 4, 1, 2, 2, 2, 4, 1, 1, 2, 4, 4, 1, 2, 4, 2, 1, 1, 1, 1, 2, 1, 2, 1, 1, 1, 1, 3, 3, 1, 1, 4, 0, 1, 1, 0, 3, 2, 2, 2, 0, 1, 1, 0, 4, 1, 1, 1, 2, 1, 4, 0, 3, 2, 1, 1, 2, 1, 3, 1, 1, 1, 3, 1, 4, 3, 1, 4, 1, 1, 0, 4, 1, 4, 1, 1, 1, 1, 3, 2, 1, 1, 1, 4, 1, 2, 1, 3, 1, 1, 2, 1, 2, 2, 4, 1, 1]|[0, 2, 1, 1, 3, 0, 1, 0, 0, 0, 0, 0, 1, 0, 1, 0, 0, 3, 1, 0, 0, 0, 3, 1, 0, 2, 0, 0, 0, 1, 0, 0, 0, 0, 3, 0, 1, 0, 0, 2, 1, 1, 1, 0, 0, 0, 0, 2, 0, 0, 0, 0, 1, 3, 0, 0, 1, 0, 0, 1, 0, 2, 0, 1, 0, 2, 0, 0, 0, 1, 1, 3, 1, 1, 3, 0, 0, 0, 0, 0, 2, 0, 0, 0, 1, 0, 0, 0, 1, 0, 2, 0, 0, 0, 1, 0, 0, 2, 0, 1],799.19564022266,55312.25109993016,100248.57140366064,true
16,G3_TWC,G4_BALANCED,[31, 22, 82, 15, 26, 58, 95, 42, 77, 12, 47, 5, 93, 78, 86, 54, 85, 63, 18, 44, 20, 35, 43, 97, 91, 76, 10, 30, 21, 45, 71, 64, 1, 23, 17, 83, 24, 14, 60, 36, 6, 57, 40, 88, 65, 56, 79, 94, 67, 68, 46, 75, 38, 9, 19, 32, 81, 41, 27, 62, 87, 90, 99, 59, 11, 16, 72, 73, 70, 39, 37, 84, 3, 53, 25, 55, 28, 29, 51, 7, 33, 61, 98, 48, 89, 50, 66, 96, 92, 80, 8, 4, 34, 2, 52, 13, 0, 69, 74, 49]|[1, 1, 0, 1, 1, 0, 1, 2, 2, 1, 2, 2, 2, 1, 1, 0, 0, 1, 0, 2, 2, 0, 1, 2, 0, 1, 2, 2, 0, 0, 1, 2, 1, 2, 1, 0, 2, 0, 1, 1, 0, 1, 1, 1, 0, 2, 1, 1, 0, 0, 0, 0, 1, 1, 2, 1, 2, 0, 0, 0, 2, 1, 0, 1, 2, 1, 2, 1, 1, 1, 1, 1, 1, 0, 1, 1, 0, 0, 0, 1, 2, 1, 2, 0, 1, 0, 2, 0, 0, 0, 1, 0, 2, 0, 1, 0, 0, 1, 2, 0]|[4, 3, 2, 2, 4, 1, 2, 2, 2, 4, 1, 1, 2, 4, 4, 1, 2, 4, 2, 1, 1, 1, 1, 2, 1, 2, 1, 1, 1, 1, 3, 2, 3, 1, 4, 0, 1, 1, 0, 3, 2, 2, 2, 0, 1, 1, 0, 4, 0, 1, 2, 2, 1, 4, 0, 3, 2, 1, 1, 2, 1, 3, 1, 1, 1, 3, 0, 4, 3, 1, 4, 1, 1, 2, 4, 4, 2, 1, 1, 1, 1, 3, 1, 1, 1, 1, 1, 1, 2, 1, 3, 2, 1, 2, 1, 2, 2, 3, 1, 1]|[0, 2, 1, 1, 3, 0, 1, 0, 0, 0, 0, 0, 1, 0, 1, 0, 0, 3, 1, 0, 0, 0, 3, 1, 0, 2, 0, 0, 0, 1, 0, 0, 0, 0, 3, 0, 1, 0, 0, 2, 1, 1, 1, 0, 0, 0, 0, 2, 1, 0, 0, 0, 1, 3, 0, 0, 1, 0, 0, 1, 0, 2, 0, 1, 0, 2, 1, 0, 0, 1, 1, 3, 1, 1, 3, 3, 1, 0, 0, 2, 0, 0, 0, 0, 1, 0, 0, 0, 1, 0, 2, 1, 0, 0, 1, 0, 0, 0, 0, 1],799.0546721216066,57038.19937020626,92843.33792604652,true
16,G1_CMAX,G1_CMAX,[31, 22, 82, 15, 26, 9, 42, 77, 12, 5, 47, 93, 78, 86, 54, 6, 63, 18, 44, 20, 35, 43, 97, 91, 76, 10, 30, 21, 45, 17, 23, 1, 71, 83, 24, 14, 60, 36, 85, 57, 40, 95, 88, 65, 56, 79, 94, 67, 68, 46, 75, 38, 58, 19, 32, 81, 41, 62, 87, 28, 90, 59, 11, 16, 72, 73, 69, 52, 37, 64, 84, 3, 25, 29, 55, 51, 7, 98, 61, 66, 99, 33, 89, 48, 50, 96, 53, 80, 4, 8, 27, 2, 39, 13, 0, 92, 49, 74, 34, 70]|[1, 1, 0, 1, 1, 1, 2, 2, 1, 2, 2, 1, 1, 1, 0, 0, 1, 0, 2, 2, 0, 1, 2, 2, 1, 2, 2, 0, 0, 1, 2, 1, 1, 0, 2, 0, 1, 1, 0, 1, 1, 1, 1, 0, 2, 1, 1, 0, 0, 0, 0, 1, 1, 2, 1, 2, 0, 0, 2, 0, 1, 2, 2, 1, 2, 1, 1, 1, 1, 1, 1, 2, 1, 0, 2, 0, 1, 2, 1, 0, 0, 2, 1, 0, 0, 2, 0, 0, 1, 1, 0, 0, 1, 0, 0, 0, 0, 2, 2, 1]|[0, 3, 1, 2, 0, 0, 1, 1, 4, 1, 1, 4, 4, 4, 2, 2, 4, 2, 1, 1, 1, 1, 2, 1, 2, 1, 1, 1, 1, 4, 0, 3, 3, 0, 1, 1, 0, 3, 2, 2, 2, 2, 0, 1, 1, 0, 4, 0, 1, 2, 2, 1, 4, 0, 3, 2, 1, 2, 1, 2, 3, 1, 1, 3, 0, 4, 4, 1, 4, 3, 1, 2, 4, 1, 1, 1, 1, 1, 3, 1, 1, 1, 1, 1, 1, 1, 2, 1, 4, 3, 2, 2, 1, 2, 2, 0, 1, 1, 1, 4]|[1, 1, 1, 1, 3, 3, 0, 0, 0, 0, 0, 2, 0, 1, 0, 0, 3, 1, 0, 0, 0, 3, 1, 0, 2, 0, 0, 0, 1, 3, 0, 0, 0, 0, 1, 0, 0, 2, 1, 1, 1, 1, 0, 0, 0, 0, 2, 1, 0, 0, 0, 1, 3, 0, 0, 1, 0, 1, 0, 1, 2, 0, 0, 2, 1, 0, 2, 1, 1, 0, 3, 1, 3, 0, 0, 0, 2, 0, 0, 0, 0, 0, 1, 0, 0, 0, 1, 0, 0, 2, 1, 0, 1, 0, 0, 1, 1, 0, 0, 2],733.3116759547878,58140.55643565909,96674.14109675489,false
16,G4_BALANCED,G4_BALANCED,[31, 22, 82, 15, 26, 9, 95, 42, 77, 68, 47, 5, 93, 78, 86, 54, 85, 63, 18, 44, 20, 49, 36, 14, 74, 50, 53, 17, 21, 28, 71, 64, 3, 23, 30, 83, 24, 41, 60, 52, 65, 27, 90, 70, 39, 87, 48, 69, 99, 4, 46, 1, 13, 58, 97, 59, 45, 8, 73, 37, 35, 40, 11, 66, 76, 32, 79, 80, 96, 6, 16, 61, 33, 7, 57, 34, 12, 67, 10, 98, 56, 88, 29, 75, 91, 38, 19, 92, 43, 84, 51, 72, 81, 25, 2, 55, 0, 89, 94, 62]|[2, 1, 2, 1, 1, 2, 1, 1, 1, 1, 1, 0, 2, 2, 1, 2, 0, 0, 0, 2, 2, 1, 0, 2, 0, 2, 2, 1, 0, 1, 1, 1, 0, 0, 1, 0, 2, 1, 2, 2, 0, 0, 1, 1, 0, 2, 0, 2, 1, 0, 0, 2, 0, 0, 2, 0, 1, 1, 0, 0, 2, 2, 0, 2, 2, 0, 1, 2, 0, 1, 2, 1, 1, 2, 0, 1, 1, 1, 1, 0, 2, 1, 1, 0, 1, 0, 1, 0, 1, 0, 1, 1, 1, 1, 2, 0, 0, 1, 1, 1]|[0, 3, 0, 3, 4, 1, 4, 4, 2, 4, 3, 2, 1, 0, 2, 1, 1, 1, 2, 1, 1, 3, 0, 1, 0, 1, 1, 4, 1, 4, 3, 2, 2, 0, 4, 1, 1, 4, 0, 1, 2, 1, 4, 4, 1, 1, 0, 2, 3, 1, 2, 1, 2, 1, 1, 2, 4, 3, 0, 2, 2, 0, 1, 0, 1, 2, 3, 1, 2, 4, 1, 3, 4, 1, 2, 4, 3, 3, 3, 2, 1, 4, 3, 2, 3, 2, 4, 2, 4, 2, 3, 4, 1, 4, 1, 2, 2, 4, 4, 3]|[0, 2, 0, 0, 3, 0, 1, 3, 0, 0, 2, 0, 1, 0, 1, 0, 0, 0, 1, 0, 0, 2, 0, 0, 1, 0, 0, 3, 0, 1, 0, 2, 0, 1, 3, 0, 1, 3, 1, 0, 0, 0, 1, 3, 0, 0, 1, 0, 2, 0, 0, 0, 0, 0, 1, 0, 1, 0, 1, 1, 0, 0, 0, 0, 0, 0, 2, 0, 0, 2, 0, 0, 1, 0, 0, 1, 0, 0, 3, 0, 0, 1, 0, 0, 0, 0, 3, 0, 2, 0, 0, 2, 1, 3, 0, 0, 0, 1, 2, 0],892.7401490794913,51648.15640149474,106449.34518021956,false
16,G2_TEC,G2_TEC,[31, 22, 82, 15, 26, 9, 95, 42, 77, 68, 47, 5, 93, 78, 86, 54, 85, 63, 18, 44, 20, 49, 36, 14, 74, 50, 53, 17, 21, 28, 71, 64, 3, 23, 30, 83, 24, 41, 40, 52, 65, 27, 90, 70, 39, 87, 48, 69, 99, 4, 46, 1, 13, 58, 97, 59, 45, 8, 73, 37, 35, 79, 11, 66, 76, 32, 60, 80, 96, 6, 16, 61, 33, 7, 57, 34, 12, 67, 10, 98, 56, 88, 29, 25, 91, 38, 19, 92, 43, 84, 51, 72, 81, 75, 2, 89, 0, 94, 55, 62]|[2, 1, 2, 1, 1, 2, 1, 1, 1, 1, 1, 0, 2, 2, 1, 2, 0, 0, 0, 2, 2, 1, 0, 2, 0, 2, 2, 1, 0, 1, 1, 1, 0, 0, 1, 0, 2, 1, 2, 2, 0, 0, 1, 1, 0, 2, 0, 2, 1, 0, 0, 2, 0, 0, 2, 0, 1, 1, 0, 0, 2, 1, 0, 2, 2, 0, 2, 2, 0, 1, 2, 1, 1, 2, 0, 1, 1, 1, 1, 2, 2, 1, 1, 1, 1, 0, 1, 0, 1, 0, 1, 1, 1, 0, 2, 1, 0, 2, 0, 1]|[0, 3, 0, 3, 4, 1, 4, 4, 2, 4, 3, 2, 1, 0, 2, 1, 1, 1, 2, 1, 1, 3, 0, 1, 0, 1, 1, 4, 1, 4, 3, 2, 2, 0, 4, 1, 1, 4, 0, 1, 2, 1, 4, 4, 1, 1, 0, 2, 3, 1, 2, 1, 2, 1, 1, 2, 4, 3, 0, 2, 2, 3, 1, 0, 1, 2, 0, 1, 2, 4, 1, 3, 4, 1, 2, 4, 3, 3, 3, 1, 1, 4, 3, 4, 3, 2, 4, 2, 4, 2, 3, 4, 1, 2, 1, 4, 2, 1, 2, 3]|[0, 2, 0, 0, 3, 0, 1, 3, 0, 0, 2, 0, 1, 0, 1, 0, 0, 0, 1, 0, 0, 2, 0, 0, 1, 0, 0, 3, 0, 1, 0, 2, 0, 0, 3, 0, 1, 3, 0, 0, 0, 0, 1, 3, 0, 0, 1, 0, 2, 0, 0, 0, 0, 0, 1, 0, 1, 0, 1, 1, 0, 2, 0, 0, 0, 0, 0, 0, 0, 2, 0, 0, 1, 0, 0, 1, 0, 0, 3, 0, 0, 1, 0, 3, 0, 0, 3, 0, 2, 0, 0, 2, 1, 0, 0, 1, 0, 0, 0, 0],889.0053545036524,50920.37616528636,113453.88510595518,false
16,G3_TWC,G1_CMAX,[31, 22, 82, 15, 26, 9, 95, 42, 77, 12, 47, 5, 93, 78, 86, 54, 6, 63, 18, 44, 20, 35, 43, 97, 91, 76, 10, 30, 21, 45, 71, 64, 1, 23, 17, 83, 24, 14, 60, 36, 85, 57, 40, 88, 65, 56, 79, 94, 67, 68, 46, 75, 38, 58, 19, 32, 81, 41, 62, 87, 28, 90, 99, 59, 11, 72, 16, 73, 70, 39, 37, 84, 3, 92, 25, 34, 53, 29, 51, 7, 33, 61, 98, 48, 89, 50, 8, 96, 27, 80, 4, 66, 55, 2, 52, 13, 0, 69, 74, 49]|[1, 1, 0, 1, 1, 0, 1, 2, 2, 1, 2, 2, 2, 1, 1, 0, 0, 1, 0, 2, 2, 0, 1, 2, 2, 1, 2, 2, 0, 0, 1, 1, 1, 2, 1, 0, 2, 0, 1, 1, 0, 1, 1, 1, 0, 2, 1, 1, 0, 0, 0, 0, 1, 1, 2, 1, 2, 0, 0, 2, 2, 1, 0, 1, 2, 2, 1, 1, 1, 1, 1, 1, 1, 0, 1, 2, 0, 0, 0, 1, 2, 1, 2, 0, 1, 0, 1, 2, 0, 0, 1, 0, 2, 0, 1, 0, 0, 1, 2, 0]|[0, 3, 2, 2, 4, 1, 2, 2, 2, 4, 1, 1, 2, 4, 4, 1, 2, 4, 2, 1, 1, 1, 1, 2, 1, 2, 1, 1, 1, 1, 3, 3, 3, 1, 4, 0, 1, 1, 0, 3, 2, 2, 2, 0, 1, 1, 0, 4, 0, 1, 2, 2, 1, 4, 0, 3, 2, 1, 2, 1, 1, 3, 1, 1, 1, 1, 3, 4, 3, 1, 4, 1, 1, 0, 4, 1, 2, 1, 1, 1, 1, 3, 1, 1, 1, 1, 3, 1, 2, 1, 4, 1, 1, 2, 1, 2, 2, 4, 0, 1]|[0, 2, 1, 1, 3, 0, 1, 0, 0, 0, 0, 0, 1, 0, 1, 0, 0, 3, 1, 0, 0, 0, 3, 1, 0, 2, 0, 0, 0, 1, 0, 0, 0, 0, 3, 0, 1, 0, 0, 2, 1, 1, 1, 0, 0, 0, 0, 2, 1, 0, 0, 0, 1, 3, 0, 0, 1, 0, 1, 0, 0, 2, 0, 1, 0, 0, 2, 0, 0, 1, 1, 3, 1, 1, 3, 0, 1, 0, 0, 2, 0, 0, 0, 0, 1, 0, 2, 0, 1, 0, 0, 0, 0, 0, 1, 0, 0, 2, 1, 1],738.2938125421163,57446.237463418445,96379.0254777628,true
16,G1_CMAX,G1_CMAX,[31, 22, 82, 15, 26, 9, 42, 77, 12, 5, 47, 93, 78, 86, 54, 6, 63, 18, 44, 20, 35, 43, 97, 91, 76, 10, 30, 21, 45, 17, 23, 1, 71, 83, 24, 14, 60, 36, 85, 57, 40, 95, 88, 65, 56, 79, 94, 67, 68, 46, 75, 38, 58, 19, 32, 81, 41, 62, 87, 28, 90, 59, 11, 16, 72, 73, 69, 52, 37, 64, 84, 3, 25, 29, 55, 51, 7, 98, 61, 66, 99, 33, 89, 48, 50, 96, 53, 80, 4, 8, 27, 2, 39, 13, 0, 92, 49, 74, 34, 70]|[1, 1, 0, 1, 1, 1, 2, 2, 1, 2, 2, 1, 1, 1, 0, 0, 1, 0, 2, 2, 0, 1, 2, 2, 1, 2, 2, 0, 0, 1, 2, 1, 1, 0, 2, 0, 1, 1, 0, 1, 1, 1, 1, 0, 2, 1, 1, 0, 0, 0, 0, 1, 1, 2, 1, 2, 0, 0, 2, 0, 1, 2, 2, 1, 2, 1, 1, 1, 1, 1, 1, 2, 1, 0, 2, 0, 1, 2, 1, 0, 0, 2, 1, 0, 0, 2, 0, 0, 1, 1, 0, 0, 1, 0, 0, 0, 0, 2, 2, 1]|[0, 3, 1, 2, 0, 0, 1, 1, 4, 1, 1, 4, 4, 4, 2, 2, 4, 2, 1, 1, 1, 1, 2, 1, 2, 1, 1, 1, 1, 4, 0, 3, 3, 0, 1, 1, 0, 3, 2, 2, 2, 2, 0, 1, 1, 0, 4, 0, 1, 2, 2, 1, 4, 0, 3, 2, 1, 2, 1, 2, 3, 1, 1, 3, 0, 4, 4, 1, 4, 3, 1, 2, 4, 1, 1, 1, 1, 1, 3, 1, 1, 1, 1, 1, 1, 1, 2, 1, 4, 3, 2, 2, 1, 2, 2, 0, 1, 1, 1, 4]|[1, 1, 1, 1, 3, 3, 0, 0, 0, 0, 0, 2, 0, 1, 0, 0, 3, 1, 0, 0, 0, 3, 1, 0, 2, 0, 0, 0, 1, 3, 0, 0, 0, 0, 1, 0, 0, 2, 1, 1, 1, 1, 0, 0, 0, 0, 2, 1, 0, 0, 0, 1, 3, 0, 0, 1, 0, 1, 0, 1, 2, 0, 0, 2, 1, 0, 2, 1, 1, 0, 3, 1, 3, 0, 0, 0, 2, 0, 0, 0, 0, 0, 1, 0, 0, 0, 1, 0, 0, 2, 1, 0, 1, 0, 0, 1, 1, 0, 0, 2],733.3116759547878,58140.55643565909,96674.14109675489,false
16,G4_BALANCED,G4_BALANCED,[31, 22, 82, 15, 26, 9, 95, 42, 77, 68, 47, 5, 93, 78, 86, 54, 85, 63, 18, 44, 20, 49, 36, 14, 74, 50, 53, 17, 21, 28, 71, 64, 3, 23, 30, 83, 24, 41, 60, 52, 65, 27, 90, 70, 39, 87, 48, 69, 99, 4, 46, 1, 13, 58, 97, 59, 45, 8, 73, 37, 35, 40, 11, 66, 76, 32, 79, 80, 96, 6, 16, 61, 33, 7, 57, 34, 12, 67, 10, 98, 56, 88, 29, 75, 91, 38, 19, 92, 43, 84, 51, 72, 81, 25, 2, 55, 0, 89, 94, 62]|[2, 1, 2, 1, 1, 2, 1, 1, 1, 1, 1, 0, 2, 2, 1, 2, 0, 0, 0, 2, 2, 1, 0, 2, 0, 2, 2, 1, 0, 1, 1, 1, 0, 0, 1, 0, 2, 1, 2, 2, 0, 0, 1, 1, 0, 2, 0, 2, 1, 0, 0, 2, 0, 0, 2, 0, 1, 1, 0, 0, 2, 2, 0, 2, 2, 0, 1, 2, 0, 1, 2, 1, 1, 2, 0, 1, 1, 1, 1, 0, 2, 1, 1, 0, 1, 0, 1, 0, 1, 0, 1, 1, 1, 1, 2, 0, 0, 1, 1, 1]|[0, 3, 0, 3, 4, 1, 4, 4, 2, 4, 3, 2, 1, 0, 2, 1, 1, 1, 2, 1, 1, 3, 0, 1, 0, 1, 1, 4, 1, 4, 3, 2, 2, 0, 4, 1, 1, 4, 0, 1, 2, 1, 4, 4, 1, 1, 0, 2, 3, 1, 2, 1, 2, 1, 1, 2, 4, 3, 0, 2, 2, 0, 1, 0, 1, 2, 3, 1, 2, 4, 1, 3, 4, 1, 2, 4, 3, 3, 3, 2, 1, 4, 3, 2, 3, 2, 4, 2, 4, 2, 3, 4, 1, 4, 1, 2, 2, 4, 4, 3]|[0, 2, 0, 0, 3, 0, 1, 3, 0, 0, 2, 0, 1, 0, 1, 0, 0, 0, 1, 0, 0, 2, 0, 0, 1, 0, 0, 3, 0, 1, 0, 2, 0, 1, 3, 0, 1, 3, 1, 0, 0, 0, 1, 3, 0, 0, 1, 0, 2, 0, 0, 0, 0, 0, 1, 0, 1, 0, 1, 1, 0, 0, 0, 0, 0, 0, 2, 0, 0, 2, 0, 0, 1, 0, 0, 1, 0, 0, 3, 0, 0, 1, 0, 0, 0, 0, 3, 0, 2, 0, 0, 2, 1, 3, 0, 0, 0, 1, 2, 0],892.7401490794913,51648.15640149474,106449.34518021956,false
16,G2_TEC,G2_TEC,[31, 22, 82, 15, 26, 9, 95, 42, 77, 68, 47, 5, 93, 78, 86, 54, 85, 63, 18, 44, 20, 49, 36, 14, 74, 50, 53, 17, 21, 28, 71, 64, 3, 23, 30, 83, 24, 41, 40, 52, 65, 27, 90, 70, 39, 87, 48, 69, 99, 4, 46, 1, 13, 58, 97, 59, 45, 8, 73, 37, 35, 79, 11, 66, 76, 32, 60, 80, 96, 6, 16, 61, 33, 7, 57, 34, 12, 67, 10, 98, 56, 88, 29, 25, 91, 38, 19, 92, 43, 84, 51, 72, 81, 75, 2, 89, 0, 94, 55, 62]|[2, 1, 2, 1, 1, 2, 1, 1, 1, 1, 1, 0, 2, 2, 1, 2, 0, 0, 0, 2, 2, 1, 0, 2, 0, 2, 2, 1, 0, 1, 1, 1, 0, 0, 1, 0, 2, 1, 2, 2, 0, 0, 1, 1, 0, 2, 0, 2, 1, 0, 0, 2, 0, 0, 2, 0, 1, 1, 0, 0, 2, 1, 0, 2, 2, 0, 2, 2, 0, 1, 2, 1, 1, 2, 0, 1, 1, 1, 1, 2, 2, 1, 1, 1, 1, 0, 1, 0, 1, 0, 1, 1, 1, 0, 2, 1, 0, 2, 0, 1]|[0, 3, 0, 3, 4, 1, 4, 4, 2, 4, 3, 2, 1, 0, 2, 1, 1, 1, 2, 1, 1, 3, 0, 1, 0, 1, 1, 4, 1, 4, 3, 2, 2, 0, 4, 1, 1, 4, 0, 1, 2, 1, 4, 4, 1, 1, 0, 2, 3, 1, 2, 1, 2, 1, 1, 2, 4, 3, 0, 2, 2, 3, 1, 0, 1, 2, 0, 1, 2, 4, 1, 3, 4, 1, 2, 4, 3, 3, 3, 1, 1, 4, 3, 4, 3, 2, 4, 2, 4, 2, 3, 4, 1, 2, 1, 4, 2, 1, 2, 3]|[0, 2, 0, 0, 3, 0, 1, 3, 0, 0, 2, 0, 1, 0, 1, 0, 0, 0, 1, 0, 0, 2, 0, 0, 1, 0, 0, 3, 0, 1, 0, 2, 0, 0, 3, 0, 1, 3, 0, 0, 0, 0, 1, 3, 0, 0, 1, 0, 2, 0, 0, 0, 0, 0, 1, 0, 1, 0, 1, 1, 0, 2, 0, 0, 0, 0, 0, 0, 0, 2, 0, 0, 1, 0, 0, 1, 0, 0, 3, 0, 0, 1, 0, 3, 0, 0, 3, 0, 2, 0, 0, 2, 1, 0, 0, 1, 0, 0, 0, 0],889.0053545036524,50920.37616528636,113453.88510595518,false
16,G3_TWC,G4_BALANCED,[31, 22, 82, 15, 26, 58, 95, 42, 77, 12, 47, 5, 93, 78, 86, 54, 85, 63, 18, 44, 20, 35, 43, 97, 66, 76, 79, 30, 21, 45, 71, 64, 1, 23, 17, 83, 24, 14, 60, 36, 6, 57, 40, 88, 65, 56, 10, 94, 67, 68, 46, 75, 38, 9, 19, 32, 41, 81, 27, 62, 87, 90, 99, 59, 11, 16, 72, 73, 69, 39, 37, 84, 3, 92, 98, 55, 28, 29, 51, 7, 91, 61, 25, 48, 89, 50, 4, 52, 53, 80, 8, 33, 34, 2, 96, 13, 0, 70, 74, 49]|[1, 1, 0, 1, 1, 0, 1, 2, 2, 1, 2, 2, 2, 1, 1, 0, 0, 1, 0, 2, 2, 0, 1, 2, 2, 1, 2, 2, 0, 0, 1, 2, 1, 2, 1, 0, 2, 0, 1, 1, 0, 1, 1, 1, 0, 2, 2, 1, 0, 0, 0, 0, 1, 1, 2, 1, 0, 2, 0, 0, 2, 1, 0, 1, 2, 1, 2, 1, 1, 1, 1, 1, 1, 0, 2, 2, 0, 0, 0, 1, 0, 1, 1, 0, 1, 0, 1, 1, 0, 0, 1, 2, 2, 0, 2, 0, 0, 1, 2, 0]|[4, 3, 2, 2, 4, 1, 2, 2, 2, 4, 1, 1, 2, 4, 4, 1, 2, 4, 2, 1, 1, 1, 1, 2, 1, 2, 1, 1, 1, 1, 3, 1, 3, 1, 4, 0, 1, 1, 0, 3, 2, 2, 2, 0, 1, 1, 1, 4, 0, 1, 2, 2, 1, 4, 0, 3, 1, 2, 1, 2, 1, 3, 1, 1, 1, 3, 0, 4, 3, 1, 4, 1, 1, 0, 1, 1, 2, 1, 1, 1, 1, 3, 4, 1, 1, 1, 4, 1, 2, 1, 3, 1, 1, 2, 1, 2, 2, 3, 1, 1]|[0, 2, 1, 1, 3, 0, 1, 0, 0, 0, 0, 0, 1, 0, 1, 0, 0, 3, 1, 0, 0, 0, 3, 1, 0, 2, 0, 0, 0, 1, 0, 0, 0, 0, 3, 0, 1, 0, 0, 2, 1, 1, 1, 0, 0, 0, 0, 2, 1, 0, 0, 0, 1, 3, 0, 0, 0, 1, 0, 1, 0, 2, 0, 1, 0, 2, 1, 0, 0, 1, 1, 3, 1, 1, 0, 0, 1, 0, 0, 2, 0, 0, 3, 0, 1, 0, 0, 1, 1, 0, 2, 0, 0, 0, 0, 0, 0, 0, 0, 1],749.836682488049,56554.129371230425,94435.12543297782,true
16,G1_CMAX,G1_CMAX,[31, 22, 82, 15, 26, 9, 42, 77, 12, 5, 47, 93, 78, 86, 54, 6, 63, 18, 44, 20, 35, 43, 97, 91, 76, 10, 30, 21, 45, 17, 23, 1, 71, 83, 24, 14, 60, 36, 85, 57, 40, 95, 88, 65, 56, 79, 94, 67, 68, 46, 75, 38, 58, 19, 32, 81, 41, 62, 87, 28, 90, 59, 11, 16, 72, 73, 69, 52, 37, 64, 84, 3, 25, 29, 55, 51, 7, 98, 61, 66, 99, 33, 89, 48, 50, 96, 53, 80, 4, 8, 27, 2, 39, 13, 0, 92, 49, 74, 34, 70]|[1, 1, 0, 1, 1, 1, 2, 2, 1, 2, 2, 1, 1, 1, 0, 0, 1, 0, 2, 2, 0, 1, 2, 2, 1, 2, 2, 0, 0, 1, 2, 1, 1, 0, 2, 0, 1, 1, 0, 1, 1, 1, 1, 0, 2, 1, 1, 0, 0, 0, 0, 1, 1, 2, 1, 2, 0, 0, 2, 0, 1, 2, 2, 1, 2, 1, 1, 1, 1, 1, 1, 2, 1, 0, 2, 0, 1, 2, 1, 0, 0, 2, 1, 0, 0, 2, 0, 0, 1, 1, 0, 0, 1, 0, 0, 0, 0, 2, 2, 1]|[0, 3, 1, 2, 0, 0, 1, 1, 4, 1, 1, 4, 4, 4, 2, 2, 4, 2, 1, 1, 1, 1, 2, 1, 2, 1, 1, 1, 1, 4, 0, 3, 3, 0, 1, 1, 0, 3, 2, 2, 2, 2, 0, 1, 1, 0, 4, 0, 1, 2, 2, 1, 4, 0, 3, 2, 1, 2, 1, 2, 3, 1, 1, 3, 0, 4, 4, 1, 4, 3, 1, 2, 4, 1, 1, 1, 1, 1, 3, 1, 1, 1, 1, 1, 1, 1, 2, 1, 4, 3, 2, 2, 1, 2, 2, 0, 1, 1, 1, 4]|[1, 1, 1, 1, 3, 3, 0, 0, 0, 0, 0, 2, 0, 1, 0, 0, 3, 1, 0, 0, 0, 3, 1, 0, 2, 0, 0, 0, 1, 3, 0, 0, 0, 0, 1, 0, 0, 2, 1, 1, 1, 1, 0, 0, 0, 0, 2, 1, 0, 0, 0, 1, 3, 0, 0, 1, 0, 1, 0, 1, 2, 0, 0, 2, 1, 0, 2, 1, 1, 0, 3, 1, 3, 0, 0, 0, 2, 0, 0, 0, 0, 0, 1, 0, 0, 0, 1, 0, 0, 2, 1, 0, 1, 0, 0, 1, 1, 0, 0, 2],733.3116759547878,58140.55643565909,96674.14109675489,false
16,G4_BALANCED,G4_BALANCED,[31, 22, 82, 15, 26, 9, 95, 42, 77, 68, 47, 5, 93, 78, 86, 54, 85, 63, 18, 44, 20, 49, 36, 14, 74, 50, 53, 17, 21, 28, 71, 64, 3, 23, 30, 83, 24, 41, 60, 52, 65, 27, 90, 70, 39, 87, 48, 69, 99, 4, 46, 1, 13, 58, 97, 59, 45, 8, 73, 37, 35, 40, 11, 66, 76, 32, 79, 80, 96, 6, 16, 61, 33, 7, 57, 34, 12, 67, 10, 98, 56, 88, 29, 75, 91, 38, 19, 92, 43, 84, 51, 72, 81, 25, 2, 55, 0, 89, 94, 62]|[2, 1, 2, 1, 1, 2, 1, 1, 1, 1, 1, 0, 2, 2, 1, 2, 0, 0, 0, 2, 2, 1, 0, 2, 0, 2, 2, 1, 0, 1, 1, 1, 0, 0, 1, 0, 2, 1, 2, 2, 0, 0, 1, 1, 0, 2, 0, 2, 1, 0, 0, 2, 0, 0, 2, 0, 1, 1, 0, 0, 2, 2, 0, 2, 2, 0, 1, 2, 0, 1, 2, 1, 1, 2, 0, 1, 1, 1, 1, 0, 2, 1, 1, 0, 1, 0, 1, 0, 1, 0, 1, 1, 1, 1, 2, 0, 0, 1, 1, 1]|[0, 3, 0, 3, 4, 1, 4, 4, 2, 4, 3, 2, 1, 0, 2, 1, 1, 1, 2, 1, 1, 3, 0, 1, 0, 1, 1, 4, 1, 4, 3, 2, 2, 0, 4, 1, 1, 4, 0, 1, 2, 1, 4, 4, 1, 1, 0, 2, 3, 1, 2, 1, 2, 1, 1, 2, 4, 3, 0, 2, 2, 0, 1, 0, 1, 2, 3, 1, 2, 4, 1, 3, 4, 1, 2, 4, 3, 3, 3, 2, 1, 4, 3, 2, 3, 2, 4, 2, 4, 2, 3, 4, 1, 4, 1, 2, 2, 4, 4, 3]|[0, 2, 0, 0, 3, 0, 1, 3, 0, 0, 2, 0, 1, 0, 1, 0, 0, 0, 1, 0, 0, 2, 0, 0, 1, 0, 0, 3, 0, 1, 0, 2, 0, 1, 3, 0, 1, 3, 1, 0, 0, 0, 1, 3, 0, 0, 1, 0, 2, 0, 0, 0, 0, 0, 1, 0, 1, 0, 1, 1, 0, 0, 0, 0, 0, 0, 2, 0, 0, 2, 0, 0, 1, 0, 0, 1, 0, 0, 3, 0, 0, 1, 0, 0, 0, 0, 3, 0, 2, 0, 0, 2, 1, 3, 0, 0, 0, 1, 2, 0],892.7401490794913,51648.15640149474,106449.34518021956,false
16,G2_TEC,G2_TEC,[31, 22, 82, 15, 26, 9, 95, 42, 77, 68, 47, 5, 93, 78, 86, 54, 85, 63, 18, 44, 20, 49, 36, 14, 74, 50, 53, 17, 21, 28, 71, 64, 3, 23, 30, 83, 24, 41, 40, 52, 65, 27, 90, 70, 39, 87, 48, 69, 99, 4, 46, 1, 13, 58, 97, 59, 45, 8, 73, 37, 35, 79, 11, 66, 76, 32, 60, 80, 96, 6, 16, 61, 33, 7, 57, 34, 12, 67, 10, 98, 56, 88, 29, 25, 91, 38, 19, 92, 43, 84, 51, 72, 81, 75, 2, 89, 0, 94, 55, 62]|[2, 1, 2, 1, 1, 2, 1, 1, 1, 1, 1, 0, 2, 2, 1, 2, 0, 0, 0, 2, 2, 1, 0, 2, 0, 2, 2, 1, 0, 1, 1, 1, 0, 0, 1, 0, 2, 1, 2, 2, 0, 0, 1, 1, 0, 2, 0, 2, 1, 0, 0, 2, 0, 0, 2, 0, 1, 1, 0, 0, 2, 1, 0, 2, 2, 0, 2, 2, 0, 1, 2, 1, 1, 2, 0, 1, 1, 1, 1, 2, 2, 1, 1, 1, 1, 0, 1, 0, 1, 0, 1, 1, 1, 0, 2, 1, 0, 2, 0, 1]|[0, 3, 0, 3, 4, 1, 4, 4, 2, 4, 3, 2, 1, 0, 2, 1, 1, 1, 2, 1, 1, 3, 0, 1, 0, 1, 1, 4, 1, 4, 3, 2, 2, 0, 4, 1, 1, 4, 0, 1, 2, 1, 4, 4, 1, 1, 0, 2, 3, 1, 2, 1, 2, 1, 1, 2, 4, 3, 0, 2, 2, 3, 1, 0, 1, 2, 0, 1, 2, 4, 1, 3, 4, 1, 2, 4, 3, 3, 3, 1, 1, 4, 3, 4, 3, 2, 4, 2, 4, 2, 3, 4, 1, 2, 1, 4, 2, 1, 2, 3]|[0, 2, 0, 0, 3, 0, 1, 3, 0, 0, 2, 0, 1, 0, 1, 0, 0, 0, 1, 0, 0, 2, 0, 0, 1, 0, 0, 3, 0, 1, 0, 2, 0, 0, 3, 0, 1, 3, 0, 0, 0, 0, 1, 3, 0, 0, 1, 0, 2, 0, 0, 0, 0, 0, 1, 0, 1, 0, 1, 1, 0, 2, 0, 0, 0, 0, 0, 0, 0, 2, 0, 0, 1, 0, 0, 1, 0, 0, 3, 0, 0, 1, 0, 3, 0, 0, 3, 0, 2, 0, 0, 2, 1, 0, 0, 1, 0, 0, 0, 0],889.0053545036524,50920.37616528636,113453.88510595518,false
16,G3_TWC,G3_TWC,[31, 22, 82, 15, 26, 9, 95, 42, 77, 12, 47, 5, 93, 78, 86, 54, 85, 63, 18, 44, 20, 35, 43, 97, 91, 76, 10, 30, 21, 45, 71, 64, 1, 23, 17, 83, 24, 14, 60, 36, 41, 57, 40, 88, 65, 56, 79, 94, 67, 68, 46, 75, 38, 58, 19, 32, 81, 6, 27, 62, 87, 90, 99, 59, 11, 16, 72, 73, 69, 39, 37, 84, 3, 92, 25, 34, 28, 29, 51, 7, 66, 61, 98, 48, 89, 50, 33, 96, 53, 80, 4, 8, 55, 2, 52, 13, 0, 70, 74, 49]|[1, 1, 0, 1, 1, 0, 1, 2, 2, 1, 2, 2, 2, 1, 1, 0, 0, 1, 0, 2, 2, 0, 1, 2, 0, 1, 2, 2, 0, 0, 1, 2, 1, 2, 1, 0, 2, 0, 1, 1, 0, 1, 1, 1, 0, 2, 1, 1, 0, 0, 0, 0, 1, 1, 2, 1, 2, 0, 0, 0, 2, 1, 0, 1, 2, 1, 2, 1, 1, 1, 1, 1, 1, 1, 1, 2, 0, 0, 0, 1, 2, 1, 2, 0, 1, 0, 2, 0, 0, 0, 0, 0, 2, 0, 1, 0, 0, 1, 2, 0]|[4, 3, 2, 2, 4, 1, 2, 2, 2, 4, 1, 1, 2, 4, 4, 1, 2, 4, 2, 1, 1, 1, 1, 2, 1, 2, 1, 1, 1, 1, 3, 1, 3, 0, 4, 0, 1, 1, 0, 3, 2, 2, 2, 0, 1, 1, 0, 4, 0, 1, 2, 2, 1, 4, 0, 3, 2, 2, 1, 2, 1, 3, 1, 1, 1, 3, 0, 4, 3, 1, 4, 1, 1, 3, 4, 1, 2, 1, 1, 1, 1, 3, 1, 1, 1, 1, 1, 1, 2, 1, 2, 1, 1, 2, 1, 2, 2, 4, 1, 1]|[0, 2, 1, 1, 3, 0, 1, 0, 0, 0, 0, 0, 1, 0, 1, 0, 0, 3, 1, 0, 0, 0, 3, 1, 0, 2, 0, 0, 0, 1, 0, 0, 0, 0, 3, 0, 1, 0, 0, 2, 1, 1, 1, 0, 0, 0, 0, 2, 1, 0, 0, 0, 1, 3, 0, 0, 1, 1, 0, 1, 0, 2, 0, 1, 0, 2, 1, 0, 0, 1, 1, 3, 1, 0, 3, 0, 1, 0, 0, 2, 0, 0, 0, 0, 1, 0, 0, 0, 1, 0, 1, 0, 0, 0, 1, 0, 0, 2, 0, 1],820.4831989416904,57457.48069083397,92646.38509429291,false
16,G1_CMAX,G1_CMAX,[31, 22, 82, 15, 26, 9, 42, 77, 12, 5, 47, 93, 78, 86, 54, 6, 63, 18, 44, 20, 35, 43, 97, 91, 76, 10, 30, 21, 45, 17, 23, 1, 71, 83, 24, 14, 60, 36, 85, 57, 40, 95, 88, 65, 56, 79, 94, 67, 68, 46, 75, 38, 58, 19, 32, 81, 41, 62, 87, 28, 90, 59, 11, 16, 72, 73, 69, 52, 37, 64, 84, 3, 25, 29, 55, 51, 7, 98, 61, 66, 99, 33, 89, 48, 50, 96, 53, 80, 4, 8, 27, 2, 39, 13, 0, 92, 49, 74, 34, 70]|[1, 1, 0, 1, 1, 1, 2, 2, 1, 2, 2, 1, 1, 1, 0, 0, 1, 0, 2, 2, 0, 1, 2, 2, 1, 2, 2, 0, 0, 1, 2, 1, 1, 0, 2, 0, 1, 1, 0, 1, 1, 1, 1, 0, 2, 1, 1, 0, 0, 0, 0, 1, 1, 2, 1, 2, 0, 0, 2, 0, 1, 2, 2, 1, 2, 1, 1, 1, 1, 1, 1, 2, 1, 0, 2, 0, 1, 2, 1, 0, 0, 2, 1, 0, 0, 2, 0, 0, 1, 1, 0, 0, 1, 0, 0, 0, 0, 2, 2, 1]|[0, 3, 1, 2, 0, 0, 1, 1, 4, 1, 1, 4, 4, 4, 2, 2, 4, 2, 1, 1, 1, 1, 2, 1, 2, 1, 1, 1, 1, 4, 0, 3, 3, 0, 1, 1, 0, 3, 2, 2, 2, 2, 0, 1, 1, 0, 4, 0, 1, 2, 2, 1, 4, 0, 3, 2, 1, 2, 1, 2, 3, 1, 1, 3, 0, 4, 4, 1, 4, 3, 1, 2, 4, 1, 1, 1, 1, 1, 3, 1, 1, 1, 1, 1, 1, 1, 2, 1, 4, 3, 2, 2, 1, 2, 2, 0, 1, 1, 1, 4]|[1, 1, 1, 1, 3, 3, 0, 0, 0, 0, 0, 2, 0, 1, 0, 0, 3, 1, 0, 0, 0, 3, 1, 0, 2, 0, 0, 0, 1, 3, 0, 0, 0, 0, 1, 0, 0, 2, 1, 1, 1, 1, 0, 0, 0, 0, 2, 1, 0, 0, 0, 1, 3, 0, 0, 1, 0, 1, 0, 1, 2, 0, 0, 2, 1, 0, 2, 1, 1, 0, 3, 1, 3, 0, 0, 0, 2, 0, 0, 0, 0, 0, 1, 0, 0, 0, 1, 0, 0, 2, 1, 0, 1, 0, 0, 1, 1, 0, 0, 2],733.3116759547878,58140.55643565909,96674.14109675489,false
16,G4_BALANCED,G4_BALANCED,[31, 22, 82, 15, 26, 9, 95, 42, 77, 68, 47, 5, 93, 78, 86, 54, 85, 63, 18, 44, 20, 49, 36, 14, 74, 50, 53, 17, 21, 28, 71, 64, 3, 23, 30, 83, 24, 41, 60, 52, 65, 27, 90, 70, 39, 87, 48, 69, 99, 4, 46, 1, 13, 58, 97, 59, 45, 8, 73, 37, 35, 40, 11, 66, 76, 32, 79, 80, 96, 6, 16, 61, 33, 7, 57, 34, 12, 67, 10, 98, 56, 88, 29, 75, 91, 38, 19, 92, 43, 84, 51, 72, 81, 25, 2, 55, 0, 89, 94, 62]|[2, 1, 2, 1, 1, 2, 1, 1, 1, 1, 1, 0, 2, 2, 1, 2, 0, 0, 0, 2, 2, 1, 0, 2, 0, 2, 2, 1, 0, 1, 1, 1, 0, 0, 1, 0, 2, 1, 2, 2, 0, 0, 1, 1, 0, 2, 0, 2, 1, 0, 0, 2, 0, 0, 2, 0, 1, 1, 0, 0, 2, 2, 0, 2, 2, 0, 1, 2, 0, 1, 2, 1, 1, 2, 0, 1, 1, 1, 1, 0, 2, 1, 1, 0, 1, 0, 1, 0, 1, 0, 1, 1, 1, 1, 2, 0, 0, 1, 1, 1]|[0, 3, 0, 3, 4, 1, 4, 4, 2, 4, 3, 2, 1, 0, 2, 1, 1, 1, 2, 1, 1, 3, 0, 1, 0, 1, 1, 4, 1, 4, 3, 2, 2, 0, 4, 1, 1, 4, 0, 1, 2, 1, 4, 4, 1, 1, 0, 2, 3, 1, 2, 1, 2, 1, 1, 2, 4, 3, 0, 2, 2, 0, 1, 0, 1, 2, 3, 1, 2, 4, 1, 3, 4, 1, 2, 4, 3, 3, 3, 2, 1, 4, 3, 2, 3, 2, 4, 2, 4, 2, 3, 4, 1, 4, 1, 2, 2, 4, 4, 3]|[0, 2, 0, 0, 3, 0, 1, 3, 0, 0, 2, 0, 1, 0, 1, 0, 0, 0, 1, 0, 0, 2, 0, 0, 1, 0, 0, 3, 0, 1, 0, 2, 0, 1, 3, 0, 1, 3, 1, 0, 0, 0, 1, 3, 0, 0, 1, 0, 2, 0, 0, 0, 0, 0, 1, 0, 1, 0, 1, 1, 0, 0, 0, 0, 0, 0, 2, 0, 0, 2, 0, 0, 1, 0, 0, 1, 0, 0, 3, 0, 0, 1, 0, 0, 0, 0, 3, 0, 2, 0, 0, 2, 1, 3, 0, 0, 0, 1, 2, 0],892.7401490794913,51648.15640149474,106449.34518021956,false
16,G2_TEC,G2_TEC,[31, 22, 82, 15, 26, 9, 95, 42, 77, 68, 47, 5, 93, 78, 86, 54, 85, 63, 18, 44, 20, 49, 36, 14, 74, 50, 53, 17, 21, 28, 71, 64, 3, 23, 30, 83, 24, 41, 40, 52, 65, 27, 90, 70, 39, 87, 48, 69, 99, 4, 46, 1, 13, 58, 97, 59, 45, 8, 73, 37, 35, 79, 11, 66, 76, 32, 60, 80, 96, 6, 16, 61, 33, 7, 57, 34, 12, 67, 10, 98, 56, 88, 29, 25, 91, 38, 19, 92, 43, 84, 51, 72, 81, 75, 2, 89, 0, 94, 55, 62]|[2, 1, 2, 1, 1, 2, 1, 1, 1, 1, 1, 0, 2, 2, 1, 2, 0, 0, 0, 2, 2, 1, 0, 2, 0, 2, 2, 1, 0, 1, 1, 1, 0, 0, 1, 0, 2, 1, 2, 2, 0, 0, 1, 1, 0, 2, 0, 2, 1, 0, 0, 2, 0, 0, 2, 0, 1, 1, 0, 0, 2, 1, 0, 2, 2, 0, 2, 2, 0, 1, 2, 1, 1, 2, 0, 1, 1, 1, 1, 2, 2, 1, 1, 1, 1, 0, 1, 0, 1, 0, 1, 1, 1, 0, 2, 1, 0, 2, 0, 1]|[0, 3, 0, 3, 4, 1, 4, 4, 2, 4, 3, 2, 1, 0, 2, 1, 1, 1, 2, 1, 1, 3, 0, 1, 0, 1, 1, 4, 1, 4, 3, 2, 2, 0, 4, 1, 1, 4, 0, 1, 2, 1, 4, 4, 1, 1, 0, 2, 3, 1, 2, 1, 2, 1, 1, 2, 4, 3, 0, 2, 2, 3, 1, 0, 1, 2, 0, 1, 2, 4, 1, 3, 4, 1, 2, 4, 3, 3, 3, 1, 1, 4, 3, 4, 3, 2, 4, 2, 4, 2, 3, 4, 1, 2, 1, 4, 2, 1, 2, 3]|[0, 2, 0, 0, 3, 0, 1, 3, 0, 0, 2, 0, 1, 0, 1, 0, 0, 0, 1, 0, 0, 2, 0, 0, 1, 0, 0, 3, 0, 1, 0, 2, 0, 0, 3, 0, 1, 3, 0, 0, 0, 0, 1, 3, 0, 0, 1, 0, 2, 0, 0, 0, 0, 0, 1, 0, 1, 0, 1, 1, 0, 2, 0, 0, 0, 0, 0, 0, 0, 2, 0, 0, 1, 0, 0, 1, 0, 0, 3, 0, 0, 1, 0, 3, 0, 0, 3, 0, 2, 0, 0, 2, 1, 0, 0, 1, 0, 0, 0, 0],889.0053545036524,50920.37616528636,113453.88510595518,false
16,G3_TWC,G3_TWC,[31, 22, 82, 15, 26, 9, 95, 42, 77, 12, 47, 5, 93, 78, 86, 54, 85, 63, 18, 44, 20, 35, 43, 97, 91, 76, 10, 30, 21, 45, 71, 64, 1, 23, 17, 83, 24, 14, 60, 36, 41, 57, 40, 88, 65, 56, 79, 94, 67, 68, 46, 75, 38, 58, 19, 32, 81, 6, 27, 62, 87, 90, 99, 59, 11, 16, 72, 73, 69, 39, 37, 84, 3, 92, 25, 55, 28, 29, 51, 7, 66, 61, 98, 33, 89, 50, 8, 96, 53, 80, 4, 48, 34, 2, 52, 13, 0, 70, 74, 49]|[1, 1, 0, 1, 1, 0, 1, 2, 2, 1, 2, 2, 2, 1, 1, 0, 0, 1, 0, 2, 2, 0, 1, 2, 0, 1, 2, 2, 0, 0, 1, 2, 1, 2, 1, 0, 2, 0, 1, 1, 0, 1, 1, 1, 0, 2, 1, 1, 0, 0, 0, 0, 1, 1, 2, 1, 2, 0, 0, 0, 2, 1, 0, 1, 2, 1, 2, 1, 1, 1, 1, 1, 1, 0, 1, 1, 0, 0, 0, 1, 2, 1, 2, 2, 1, 0, 0, 0, 0, 0, 0, 0, 2, 0, 1, 0, 0, 1, 2, 0]|[4, 3, 2, 2, 4, 1, 2, 2, 2, 4, 1, 1, 2, 4, 4, 1, 2, 4, 2, 1, 1, 1, 1, 2, 1, 2, 1, 1, 1, 1, 3, 2, 3, 0, 4, 0, 1, 1, 0, 3, 2, 2, 2, 0, 1, 1, 0, 4, 0, 1, 2, 2, 1, 4, 0, 3, 2, 1, 1, 2, 1, 3, 1, 1, 1, 3, 0, 4, 3, 1, 4, 1, 1, 0, 4, 4, 2, 1, 1, 1, 1, 3, 1, 1, 1, 1, 1, 1, 2, 1, 2, 1, 1, 2, 1, 2, 2, 4, 1, 1]|[0, 2, 1, 1, 3, 0, 1, 0, 0, 0, 0, 0, 1, 0, 1, 0, 0, 3, 1, 0, 0, 0, 3, 1, 0, 2, 0, 0, 0, 1, 0, 0, 0, 0, 3, 0, 1, 0, 0, 2, 1, 1, 1, 0, 0, 0, 0, 2, 1, 0, 0, 0, 1, 3, 0, 0, 1, 0, 0, 1, 0, 2, 0, 1, 0, 2, 1, 0, 0, 1, 1, 3, 1, 1, 3, 3, 1, 0, 0, 2, 0, 0, 0, 0, 1, 0, 0, 0, 1, 0, 1, 0, 0, 0, 1, 0, 0, 2, 0, 1],828.154803746455,57493.87417606956,92561.73319856406,false
16,G1_CMAX,G1_CMAX,[31, 22, 82, 15, 26, 9, 42, 77, 12, 5, 47, 93, 78, 86, 54, 6, 63, 18, 44, 20, 35, 43, 97, 91, 76, 10, 30, 21, 45, 17, 23, 1, 71, 83, 24, 14, 60, 36, 85, 57, 40, 95, 88, 65, 56, 79, 94, 67, 68, 46, 75, 38, 58, 19, 32, 81, 41, 62, 87, 28, 90, 59, 11, 16, 72, 73, 69, 52, 37, 64, 84, 3, 25, 29, 55, 51, 7, 98, 61, 66, 99, 33, 89, 48, 50, 96, 53, 80, 4, 8, 27, 2, 39, 13, 0, 92, 49, 74, 34, 70]|[1, 1, 0, 1, 1, 1, 2, 2, 1, 2, 2, 1, 1, 1, 0, 0, 1, 0, 2, 2, 0, 1, 2, 2, 1, 2, 2, 0, 0, 1, 2, 1, 1, 0, 2, 0, 1, 1, 0, 1, 1, 1, 1, 0, 2, 1, 1, 0, 0, 0, 0, 1, 1, 2, 1, 2, 0, 0, 2, 0, 1, 2, 2, 1, 2, 1, 1, 1, 1, 1, 1, 2, 1, 0, 2, 0, 1, 2, 1, 0, 0, 2, 1, 0, 0, 2, 0, 0, 1, 1, 0, 0, 1, 0, 0, 0, 0, 2, 2, 1]|[0, 3, 1, 2, 0, 0, 1, 1, 4, 1, 1, 4, 4, 4, 2, 2, 4, 2, 1, 1, 1, 1, 2, 1, 2, 1, 1, 1, 1, 4, 0, 3, 3, 0, 1, 1, 0, 3, 2, 2, 2, 2, 0, 1, 1, 0, 4, 0, 1, 2, 2, 1, 4, 0, 3, 2, 1, 2, 1, 2, 3, 1, 1, 3, 0, 4, 4, 1, 4, 3, 1, 2, 4, 1, 1, 1, 1, 1, 3, 1, 1, 1, 1, 1, 1, 1, 2, 1, 4, 3, 2, 2, 1, 2, 2, 0, 1, 1, 1, 4]|[1, 1, 1, 1, 3, 3, 0, 0, 0, 0, 0, 2, 0, 1, 0, 0, 3, 1, 0, 0, 0, 3, 1, 0, 2, 0, 0, 0, 1, 3, 0, 0, 0, 0, 1, 0, 0, 2, 1, 1, 1, 1, 0, 0, 0, 0, 2, 1, 0, 0, 0, 1, 3, 0, 0, 1, 0, 1, 0, 1, 2, 0, 0, 2, 1, 0, 2, 1, 1, 0, 3, 1, 3, 0, 0, 0, 2, 0, 0, 0, 0, 0, 1, 0, 0, 0, 1, 0, 0, 2, 1, 0, 1, 0, 0, 1, 1, 0, 0, 2],733.3116759547878,58140.55643565909,96674.14109675489,false
16,G4_BALANCED,G4_BALANCED,[31, 22, 82, 15, 26, 9, 95, 42, 77, 68, 47, 5, 93, 78, 86, 54, 85, 63, 18, 44, 20, 49, 36, 14, 74, 50, 53, 17, 21, 28, 71, 64, 3, 23, 30, 83, 24, 41, 60, 52, 65, 27, 90, 70, 39, 87, 48, 69, 99, 4, 46, 1, 13, 58, 97, 59, 45, 8, 73, 37, 35, 40, 11, 66, 76, 32, 79, 80, 96, 6, 16, 61, 33, 7, 57, 34, 12, 67, 10, 98, 56, 88, 29, 75, 91, 38, 19, 92, 43, 84, 51, 72, 81, 25, 2, 55, 0, 89, 94, 62]|[2, 1, 2, 1, 1, 2, 1, 1, 1, 1, 1, 0, 2, 2, 1, 2, 0, 0, 0, 2, 2, 1, 0, 2, 0, 2, 2, 1, 0, 1, 1, 1, 0, 0, 1, 0, 2, 1, 2, 2, 0, 0, 1, 1, 0, 2, 0, 2, 1, 0, 0, 2, 0, 0, 2, 0, 1, 1, 0, 0, 2, 2, 0, 2, 2, 0, 1, 2, 0, 1, 2, 1, 1, 2, 0, 1, 1, 1, 1, 0, 2, 1, 1, 0, 1, 0, 1, 0, 1, 0, 1, 1, 1, 1, 2, 0, 0, 1, 1, 1]|[0, 3, 0, 3, 4, 1, 4, 4, 2, 4, 3, 2, 1, 0, 2, 1, 1, 1, 2, 1, 1, 3, 0, 1, 0, 1, 1, 4, 1, 4, 3, 2, 2, 0, 4, 1, 1, 4, 0, 1, 2, 1, 4, 4, 1, 1, 0, 2, 3, 1, 2, 1, 2, 1, 1, 2, 4, 3, 0, 2, 2, 0, 1, 0, 1, 2, 3, 1, 2, 4, 1, 3, 4, 1, 2, 4, 3, 3, 3, 2, 1, 4, 3, 2, 3, 2, 4, 2, 4, 2, 3, 4, 1, 4, 1, 2, 2, 4, 4, 3]|[0, 2, 0, 0, 3, 0, 1, 3, 0, 0, 2, 0, 1, 0, 1, 0, 0, 0, 1, 0, 0, 2, 0, 0, 1, 0, 0, 3, 0, 1, 0, 2, 0, 1, 3, 0, 1, 3, 1, 0, 0, 0, 1, 3, 0, 0, 1, 0, 2, 0, 0, 0, 0, 0, 1, 0, 1, 0, 1, 1, 0, 0, 0, 0, 0, 0, 2, 0, 0, 2, 0, 0, 1, 0, 0, 1, 0, 0, 3, 0, 0, 1, 0, 0, 0, 0, 3, 0, 2, 0, 0, 2, 1, 3, 0, 0, 0, 1, 2, 0],892.7401490794913,51648.15640149474,106449.34518021956,false
16,G2_TEC,G2_TEC,[31, 22, 82, 15, 26, 9, 95, 42, 77, 68, 47, 5, 93, 78, 86, 54, 85, 63, 18, 44, 20, 49, 36, 14, 74, 50, 53, 17, 21, 28, 71, 64, 3, 23, 30, 83, 24, 41, 40, 52, 65, 27, 90, 70, 39, 87, 48, 69, 99, 4, 46, 1, 13, 58, 97, 59, 45, 8, 73, 37, 35, 79, 11, 66, 76, 32, 60, 80, 96, 6, 16, 61, 33, 7, 57, 34, 12, 67, 10, 98, 56, 88, 29, 25, 91, 38, 19, 92, 43, 84, 51, 72, 81, 75, 2, 89, 0, 94, 55, 62]|[2, 1, 2, 1, 1, 2, 1, 1, 1, 1, 1, 0, 2, 2, 1, 2, 0, 0, 0, 2, 2, 1, 0, 2, 0, 2, 2, 1, 0, 1, 1, 1, 0, 0, 1, 0, 2, 1, 2, 2, 0, 0, 1, 1, 0, 2, 0, 2, 1, 0, 0, 2, 0, 0, 2, 0, 1, 1, 0, 0, 2, 1, 0, 2, 2, 0, 2, 2, 0, 1, 2, 1, 1, 2, 0, 1, 1, 1, 1, 2, 2, 1, 1, 1, 1, 0, 1, 0, 1, 0, 1, 1, 1, 0, 2, 1, 0, 2, 0, 1]|[0, 3, 0, 3, 4, 1, 4, 4, 2, 4, 3, 2, 1, 0, 2, 1, 1, 1, 2, 1, 1, 3, 0, 1, 0, 1, 1, 4, 1, 4, 3, 2, 2, 0, 4, 1, 1, 4, 0, 1, 2, 1, 4, 4, 1, 1, 0, 2, 3, 1, 2, 1, 2, 1, 1, 2, 4, 3, 0, 2, 2, 3, 1, 0, 1, 2, 0, 1, 2, 4, 1, 3, 4, 1, 2, 4, 3, 3, 3, 1, 1, 4, 3, 4, 3, 2, 4, 2, 4, 2, 3, 4, 1, 2, 1, 4, 2, 1, 2, 3]|[0, 2, 0, 0, 3, 0, 1, 3, 0, 0, 2, 0, 1, 0, 1, 0, 0, 0, 1, 0, 0, 2, 0, 0, 1, 0, 0, 3, 0, 1, 0, 2, 0, 0, 3, 0, 1, 3, 0, 0, 0, 0, 1, 3, 0, 0, 1, 0, 2, 0, 0, 0, 0, 0, 1, 0, 1, 0, 1, 1, 0, 2, 0, 0, 0, 0, 0, 0, 0, 2, 0, 0, 1, 0, 0, 1, 0, 0, 3, 0, 0, 1, 0, 3, 0, 0, 3, 0, 2, 0, 0, 2, 1, 0, 0, 1, 0, 0, 0, 0],889.0053545036524,50920.37616528636,113453.88510595518,false
16,G3_TWC,G4_BALANCED,[31, 22, 82, 15, 26, 58, 95, 42, 77, 12, 47, 5, 93, 78, 86, 54, 85, 63, 18, 44, 20, 35, 43, 97, 66, 76, 79, 30, 21, 45, 71, 64, 1, 23, 17, 83, 24, 14, 60, 36, 6, 57, 40, 88, 65, 56, 10, 94, 67, 68, 46, 75, 38, 9, 19, 32, 41, 81, 27, 87, 28, 90, 99, 59, 11, 16, 72, 73, 70, 39, 37, 84, 3, 92, 25, 55, 62, 29, 51, 7, 33, 61, 98, 48, 89, 50, 4, 96, 53, 80, 8, 91, 34, 69, 52, 13, 0, 2, 74, 49]|[1, 1, 0, 1, 1, 0, 1, 2, 2, 1, 2, 2, 2, 1, 1, 0, 0, 1, 0, 2, 2, 0, 1, 2, 2, 1, 2, 2, 0, 0, 1, 2, 1, 2, 1, 0, 2, 0, 1, 1, 0, 1, 1, 1, 0, 2, 2, 1, 0, 0, 0, 0, 1, 1, 2, 1, 0, 0, 0, 2, 0, 1, 0, 1, 2, 1, 2, 1, 1, 1, 1, 1, 1, 0, 1, 2, 0, 0, 0, 1, 2, 1, 2, 0, 1, 0, 1, 2, 0, 0, 1, 2, 2, 1, 1, 0, 0, 0, 2, 0]|[4, 3, 2, 2, 4, 1, 2, 2, 2, 4, 1, 1, 2, 4, 4, 1, 2, 4, 2, 1, 1, 1, 1, 2, 1, 2, 1, 1, 1, 1, 3, 2, 3, 1, 4, 0, 1, 1, 0, 3, 2, 2, 2, 0, 1, 1, 1, 4, 0, 1, 2, 2, 1, 4, 0, 3, 1, 1, 1, 1, 2, 3, 1, 1, 1, 3, 0, 4, 3, 1, 4, 1, 1, 0, 4, 1, 2, 1, 1, 1, 1, 3, 1, 1, 1, 1, 4, 1, 2, 1, 3, 1, 1, 4, 1, 2, 2, 2, 1, 1]|[0, 2, 1, 1, 3, 0, 1, 0, 0, 0, 0, 0, 1, 0, 1, 0, 0, 3, 1, 0, 0, 0, 3, 1, 0, 2, 0, 0, 0, 1, 0, 0, 0, 0, 3, 0, 1, 0, 0, 2, 1, 1, 1, 0, 0, 0, 0, 2, 1, 0, 0, 0, 1, 3, 0, 0, 0, 0, 0, 0, 1, 2, 0, 1, 0, 2, 1, 0, 0, 1, 1, 3, 1, 1, 3, 0, 1, 0, 0, 2, 0, 0, 0, 0, 1, 0, 0, 0, 1, 0, 2, 0, 0, 2, 1, 0, 0, 0, 0, 1],779.4157875228544,55773.95482290022,95868.19405613806,true
16,G1_CMAX,G1_CMAX,[31, 22, 82, 15, 26, 9, 42, 77, 12, 5, 47, 93, 78, 86, 54, 6, 63, 18, 44, 20, 35, 43, 97, 91, 76, 10, 30, 21, 45, 17, 23, 1, 71, 83, 24, 14, 60, 36, 85, 57, 40, 95, 88, 65, 56, 79, 94, 67, 68, 46, 75, 38, 58, 19, 32, 81, 41, 62, 87, 28, 90, 59, 11, 16, 72, 73, 69, 52, 37, 64, 84, 3, 25, 29, 55, 51, 7, 98, 61, 66, 99, 33, 89, 48, 50, 96, 53, 80, 4, 8, 27, 2, 39, 13, 0, 92, 49, 74, 34, 70]|[1, 1, 0, 1, 1, 1, 2, 2, 1, 2, 2, 1, 1, 1, 0, 0, 1, 0, 2, 2, 0, 1, 2, 2, 1, 2, 2, 0, 0, 1, 2, 1, 1, 0, 2, 0, 1, 1, 0, 1, 1, 1, 1, 0, 2, 1, 1, 0, 0, 0, 0, 1, 1, 2, 1, 2, 0, 0, 2, 0, 1, 2, 2, 1, 2, 1, 1, 1, 1, 1, 1, 2, 1, 0, 2, 0, 1, 2, 1, 0, 0, 2, 1, 0, 0, 2, 0, 0, 1, 1, 0, 0, 1, 0, 0, 0, 0, 2, 2, 1]|[0, 3, 1, 2, 0, 0, 1, 1, 4, 1, 1, 4, 4, 4, 2, 2, 4, 2, 1, 1, 1, 1, 2, 1, 2, 1, 1, 1, 1, 4, 0, 3, 3, 0, 1, 1, 0, 3, 2, 2, 2, 2, 0, 1, 1, 0, 4, 0, 1, 2, 2, 1, 4, 0, 3, 2, 1, 2, 1, 2, 3, 1, 1, 3, 0, 4, 4, 1, 4, 3, 1, 2, 4, 1, 1, 1, 1, 1, 3, 1, 1, 1, 1, 1, 1, 1, 2, 1, 4, 3, 2, 2, 1, 2, 2, 0, 1, 1, 1, 4]|[1, 1, 1, 1, 3, 3, 0, 0, 0, 0, 0, 2, 0, 1, 0, 0, 3, 1, 0, 0, 0, 3, 1, 0, 2, 0, 0, 0, 1, 3, 0, 0, 0, 0, 1, 0, 0, 2, 1, 1, 1, 1, 0, 0, 0, 0, 2, 1, 0, 0, 0, 1, 3, 0, 0, 1, 0, 1, 0, 1, 2, 0, 0, 2, 1, 0, 2, 1, 1, 0, 3, 1, 3, 0, 0, 0, 2, 0, 0, 0, 0, 0, 1, 0, 0, 0, 1, 0, 0, 2, 1, 0, 1, 0, 0, 1, 1, 0, 0, 2],733.3116759547878,58140.55643565909,96674.14109675489,false
16,G4_BALANCED,G4_BALANCED,[31, 22, 82, 15, 26, 9, 95, 42, 77, 68, 47, 5, 93, 78, 86, 54, 85, 63, 18, 44, 20, 49, 36, 14, 74, 50, 53, 17, 21, 28, 71, 64, 3, 23, 30, 83, 24, 41, 60, 52, 65, 27, 90, 70, 39, 87, 48, 69, 99, 4, 46, 1, 13, 58, 97, 59, 45, 8, 73, 37, 35, 40, 11, 66, 76, 32, 79, 80, 96, 6, 16, 61, 33, 7, 57, 34, 12, 67, 10, 98, 56, 88, 29, 75, 91, 38, 19, 92, 43, 84, 51, 72, 81, 25, 2, 55, 0, 89, 94, 62]|[2, 1, 2, 1, 1, 2, 1, 1, 1, 1, 1, 0, 2, 2, 1, 2, 0, 0, 0, 2, 2, 1, 0, 2, 0, 2, 2, 1, 0, 1, 1, 1, 0, 0, 1, 0, 2, 1, 2, 2, 0, 0, 1, 1, 0, 2, 0, 2, 1, 0, 0, 2, 0, 0, 2, 0, 1, 1, 0, 0, 2, 2, 0, 2, 2, 0, 1, 2, 0, 1, 2, 1, 1, 2, 0, 1, 1, 1, 1, 0, 2, 1, 1, 0, 1, 0, 1, 0, 1, 0, 1, 1, 1, 1, 2, 0, 0, 1, 1, 1]|[0, 3, 0, 3, 4, 1, 4, 4, 2, 4, 3, 2, 1, 0, 2, 1, 1, 1, 2, 1, 1, 3, 0, 1, 0, 1, 1, 4, 1, 4, 3, 2, 2, 0, 4, 1, 1, 4, 0, 1, 2, 1, 4, 4, 1, 1, 0, 2, 3, 1, 2, 1, 2, 1, 1, 2, 4, 3, 0, 2, 2, 0, 1, 0, 1, 2, 3, 1, 2, 4, 1, 3, 4, 1, 2, 4, 3, 3, 3, 2, 1, 4, 3, 2, 3, 2, 4, 2, 4, 2, 3, 4, 1, 4, 1, 2, 2, 4, 4, 3]|[0, 2, 0, 0, 3, 0, 1, 3, 0, 0, 2, 0, 1, 0, 1, 0, 0, 0, 1, 0, 0, 2, 0, 0, 1, 0, 0, 3, 0, 1, 0, 2, 0, 1, 3, 0, 1, 3, 1, 0, 0, 0, 1, 3, 0, 0, 1, 0, 2, 0, 0, 0, 0, 0, 1, 0, 1, 0, 1, 1, 0, 0, 0, 0, 0, 0, 2, 0, 0, 2, 0, 0, 1, 0, 0, 1, 0, 0, 3, 0, 0, 1, 0, 0, 0, 0, 3, 0, 2, 0, 0, 2, 1, 3, 0, 0, 0, 1, 2, 0],892.7401490794913,51648.15640149474,106449.34518021956,false
16,G2_TEC,G2_TEC,[31, 22, 82, 15, 26, 9, 95, 42, 77, 68, 47, 5, 93, 78, 86, 54, 85, 63, 18, 44, 20, 49, 36, 14, 74, 50, 53, 17, 21, 28, 71, 64, 3, 23, 30, 83, 24, 41, 40, 52, 65, 27, 90, 70, 39, 87, 48, 69, 99, 4, 46, 1, 13, 58, 97, 59, 45, 8, 73, 37, 35, 79, 11, 66, 76, 32, 60, 80, 96, 6, 16, 61, 33, 7, 57, 34, 12, 67, 10, 98, 56, 88, 29, 25, 91, 38, 19, 92, 43, 84, 51, 72, 81, 75, 2, 89, 0, 94, 55, 62]|[2, 1, 2, 1, 1, 2, 1, 1, 1, 1, 1, 0, 2, 2, 1, 2, 0, 0, 0, 2, 2, 1, 0, 2, 0, 2, 2, 1, 0, 1, 1, 1, 0, 0, 1, 0, 2, 1, 2, 2, 0, 0, 1, 1, 0, 2, 0, 2, 1, 0, 0, 2, 0, 0, 2, 0, 1, 1, 0, 0, 2, 1, 0, 2, 2, 0, 2, 2, 0, 1, 2, 1, 1, 2, 0, 1, 1, 1, 1, 2, 2, 1, 1, 1, 1, 0, 1, 0, 1, 0, 1, 1, 1, 0, 2, 1, 0, 2, 0, 1]|[0, 3, 0, 3, 4, 1, 4, 4, 2, 4, 3, 2, 1, 0, 2, 1, 1, 1, 2, 1, 1, 3, 0, 1, 0, 1, 1, 4, 1, 4, 3, 2, 2, 0, 4, 1, 1, 4, 0, 1, 2, 1, 4, 4, 1, 1, 0, 2, 3, 1, 2, 1, 2, 1, 1, 2, 4, 3, 0, 2, 2, 3, 1, 0, 1, 2, 0, 1, 2, 4, 1, 3, 4, 1, 2, 4, 3, 3, 3, 1, 1, 4, 3, 4, 3, 2, 4, 2, 4, 2, 3, 4, 1, 2, 1, 4, 2, 1, 2, 3]|[0, 2, 0, 0, 3, 0, 1, 3, 0, 0, 2, 0, 1, 0, 1, 0, 0, 0, 1, 0, 0, 2, 0, 0, 1, 0, 0, 3, 0, 1, 0, 2, 0, 0, 3, 0, 1, 3, 0, 0, 0, 0, 1, 3, 0, 0, 1, 0, 2, 0, 0, 0, 0, 0, 1, 0, 1, 0, 1, 1, 0, 2, 0, 0, 0, 0, 0, 0, 0, 2, 0, 0, 1, 0, 0, 1, 0, 0, 3, 0, 0, 1, 0, 3, 0, 0, 3, 0, 2, 0, 0, 2, 1, 0, 0, 1, 0, 0, 0, 0],889.0053545036524,50920.37616528636,113453.88510595518,false
16,G3_TWC,G4_BALANCED,[31, 11, 82, 15, 26, 9, 95, 42, 77, 68, 47, 5, 93, 78, 86, 54, 85, 63, 18, 44, 20, 49, 36, 14, 74, 50, 53, 17, 21, 45, 71, 64, 3, 23, 30, 83, 24, 41, 60, 52, 65, 27, 90, 70, 39, 87, 48, 69, 99, 4, 46, 1, 13, 58, 97, 59, 28, 75, 73, 37, 35, 79, 22, 66, 76, 32, 40, 80, 96, 6, 16, 61, 33, 7, 57, 34, 12, 67, 10, 98, 56, 88, 29, 8, 91, 43, 19, 92, 38, 84, 51, 72, 81, 25, 2, 55, 0, 94, 89, 62]|[2, 1, 2, 1, 1, 2, 1, 1, 1, 1, 1, 0, 2, 2, 1, 2, 0, 0, 0, 2, 2, 1, 0, 2, 0, 2, 2, 1, 0, 1, 1, 1, 0, 0, 1, 0, 2, 1, 2, 2, 0, 0, 1, 1, 0, 2, 0, 2, 1, 0, 0, 2, 0, 0, 2, 0, 1, 0, 0, 0, 2, 1, 0, 2, 2, 0, 2, 2, 0, 1, 2, 1, 1, 2, 0, 1, 1, 1, 1, 2, 2, 1, 1, 1, 1, 1, 1, 0, 0, 0, 1, 1, 1, 1, 2, 0, 0, 2, 1, 1]|[0, 3, 0, 2, 4, 1, 4, 4, 2, 4, 3, 2, 1, 0, 2, 1, 1, 1, 2, 1, 1, 3, 0, 1, 0, 1, 1, 4, 1, 4, 3, 2, 2, 0, 4, 1, 1, 4, 0, 1, 2, 1, 4, 4, 1, 1, 0, 2, 3, 1, 2, 1, 2, 1, 1, 2, 4, 2, 0, 2, 2, 3, 1, 0, 1, 2, 0, 1, 2, 4, 1, 3, 4, 1, 2, 4, 3, 3, 3, 1, 1, 4, 3, 3, 3, 4, 4, 2, 2, 2, 3, 4, 1, 4, 1, 2, 2, 1, 4, 3]|[0, 2, 0, 1, 3, 0, 1, 3, 0, 0, 2, 0, 1, 0, 1, 0, 0, 0, 1, 0, 0, 2, 0, 0, 1, 0, 0, 3, 0, 1, 0, 2, 0, 1, 3, 0, 1, 3, 1, 0, 0, 0, 1, 3, 0, 0, 1, 0, 2, 0, 0, 0, 0, 0, 1, 0, 1, 0, 1, 1, 0, 2, 0, 0, 0, 0, 0, 0, 0, 2, 0, 0, 1, 0, 0, 1, 0, 0, 3, 0, 0, 1, 0, 0, 0, 2, 3, 0, 0, 0, 0, 2, 1, 3, 0, 0, 0, 0, 1, 0],841.059703557273,52360.47579375201,108166.55869875997,true
16,G1_CMAX,G4_BALANCED,[31, 22, 82, 15, 26, 58, 95, 42, 77, 12, 47, 5, 93, 78, 86, 54, 85, 63, 18, 44, 20, 35, 43, 97, 66, 76, 79, 30, 21, 45, 71, 64, 1, 23, 17, 83, 24, 14, 60, 36, 6, 57, 40, 88, 65, 56, 10, 94, 67, 68, 46, 75, 38, 9, 19, 32, 41, 81, 27, 87, 28, 90, 99, 59, 11, 16, 72, 73, 70, 39, 37, 84, 3, 92, 25, 55, 62, 29, 51, 7, 33, 61, 98, 48, 89, 50, 4, 96, 53, 80, 8, 91, 34, 69, 52, 13, 0, 2, 74, 49]|[1, 1, 0, 1, 1, 0, 1, 2, 2, 1, 2, 2, 2, 1, 1, 0, 0, 1, 0, 2, 2, 0, 1, 2, 2, 1, 2, 2, 0, 0, 1, 2, 1, 2, 1, 0, 2, 0, 1, 1, 0, 1, 1, 1, 0, 2, 2, 1, 0, 0, 0, 0, 1, 1, 2, 1, 0, 0, 0, 2, 0, 1, 0, 1, 2, 1, 2, 1, 1, 1, 1, 1, 1, 0, 1, 2, 0, 0, 0, 1, 2, 1, 2, 0, 1, 0, 1, 2, 0, 0, 1, 2, 2, 1, 1, 0, 0, 0, 2, 0]|[4, 3, 2, 2, 4, 1, 2, 2, 2, 4, 1, 1, 2, 4, 4, 1, 2, 4, 2, 1, 1, 1, 1, 2, 1, 2, 1, 1, 1, 1, 3, 2, 3, 1, 4, 0, 1, 1, 0, 3, 2, 2, 2, 0, 1, 1, 1, 4, 0, 1, 2, 2, 1, 4, 0, 3, 1, 1, 1, 1, 2, 3, 1, 1, 1, 3, 0, 4, 3, 1, 4, 1, 1, 0, 4, 1, 2, 1, 1, 1, 1, 3, 1, 1, 1, 1, 4, 1, 2, 1, 3, 1, 1, 4, 1, 2, 2, 2, 1, 1]|[0, 2, 1, 1, 3, 0, 1, 0, 0, 0, 0, 0, 1, 0, 1, 0, 0, 3, 1, 0, 0, 0, 3, 1, 0, 2, 0, 0, 0, 1, 0, 0, 0, 0, 3, 0, 1, 0, 0, 2, 1, 1, 1, 0, 0, 0, 0, 2, 1, 0, 0, 0, 1, 3, 0, 0, 0, 0, 0, 0, 1, 2, 0, 1, 0, 2, 1, 0, 0, 1, 1, 3, 1, 1, 3, 0, 1, 0, 0, 2, 0, 0, 0, 0, 1, 0, 0, 0, 1, 0, 2, 0, 0, 2, 1, 0, 0, 0, 0, 1],779.4157875228544,55773.95482290022,95868.19405613806,true
16,G4_BALANCED,G4_BALANCED,[31, 22, 82, 15, 26, 9, 95, 42, 77, 68, 47, 5, 93, 78, 86, 54, 85, 63, 18, 44, 20, 49, 36, 14, 74, 50, 53, 17, 21, 28, 71, 64, 3, 23, 30, 83, 24, 41, 60, 52, 65, 27, 90, 70, 39, 87, 48, 69, 99, 4, 46, 1, 13, 58, 97, 59, 45, 8, 73, 37, 35, 40, 11, 66, 76, 32, 79, 80, 96, 6, 16, 61, 33, 7, 57, 34, 12, 67, 10, 98, 56, 88, 29, 75, 91, 38, 19, 92, 43, 84, 51, 72, 81, 25, 2, 55, 0, 89, 94, 62]|[2, 1, 2, 1, 1, 2, 1, 1, 1, 1, 1, 0, 2, 2, 1, 2, 0, 0, 0, 2, 2, 1, 0, 2, 0, 2, 2, 1, 0, 1, 1, 1, 0, 0, 1, 0, 2, 1, 2, 2, 0, 0, 1, 1, 0, 2, 0, 2, 1, 0, 0, 2, 0, 0, 2, 0, 1, 1, 0, 0, 2, 2, 0, 2, 2, 0, 1, 2, 0, 1, 2, 1, 1, 2, 0, 1, 1, 1, 1, 0, 2, 1, 1, 0, 1, 0, 1, 0, 1, 0, 1, 1, 1, 1, 2, 0, 0, 1, 1, 1]|[0, 3, 0, 3, 4, 1, 4, 4, 2, 4, 3, 2, 1, 0, 2, 1, 1, 1, 2, 1, 1, 3, 0, 1, 0, 1, 1, 4, 1, 4, 3, 2, 2, 0, 4, 1, 1, 4, 0, 1, 2, 1, 4, 4, 1, 1, 0, 2, 3, 1, 2, 1, 2, 1, 1, 2, 4, 3, 0, 2, 2, 0, 1, 0, 1, 2, 3, 1, 2, 4, 1, 3, 4, 1, 2, 4, 3, 3, 3, 2, 1, 4, 3, 2, 3, 2, 4, 2, 4, 2, 3, 4, 1, 4, 1, 2, 2, 4, 4, 3]|[0, 2, 0, 0, 3, 0, 1, 3, 0, 0, 2, 0, 1, 0, 1, 0, 0, 0, 1, 0, 0, 2, 0, 0, 1, 0, 0, 3, 0, 1, 0, 2, 0, 1, 3, 0, 1, 3, 1, 0, 0, 0, 1, 3, 0, 0, 1, 0, 2, 0, 0, 0, 0, 0, 1, 0, 1, 0, 1, 1, 0, 0, 0, 0, 0, 0, 2, 0, 0, 2, 0, 0, 1, 0, 0, 1, 0, 0, 3, 0, 0, 1, 0, 0, 0, 0, 3, 0, 2, 0, 0, 2, 1, 3, 0, 0, 0, 1, 2, 0],892.7401490794913,51648.15640149474,106449.34518021956,false
16,G2_TEC,G2_TEC,[31, 22, 82, 15, 26, 9, 95, 42, 77, 68, 47, 5, 93, 78, 86, 54, 85, 63, 18, 44, 20, 49, 36, 14, 74, 50, 53, 17, 21, 28, 71, 64, 3, 23, 30, 83, 24, 41, 40, 52, 65, 27, 90, 70, 39, 87, 48, 69, 99, 4, 46, 1, 13, 58, 97, 59, 45, 8, 73, 37, 35, 79, 11, 66, 76, 32, 60, 80, 96, 6, 16, 61, 33, 7, 57, 34, 12, 67, 10, 98, 56, 88, 29, 25, 91, 38, 19, 92, 43, 84, 51, 72, 81, 75, 2, 89, 0, 94, 55, 62]|[2, 1, 2, 1, 1, 2, 1, 1, 1, 1, 1, 0, 2, 2, 1, 2, 0, 0, 0, 2, 2, 1, 0, 2, 0, 2, 2, 1, 0, 1, 1, 1, 0, 0, 1, 0, 2, 1, 2, 2, 0, 0, 1, 1, 0, 2, 0, 2, 1, 0, 0, 2, 0, 0, 2, 0, 1, 1, 0, 0, 2, 1, 0, 2, 2, 0, 2, 2, 0, 1, 2, 1, 1, 2, 0, 1, 1, 1, 1, 2, 2, 1, 1, 1, 1, 0, 1, 0, 1, 0, 1, 1, 1, 0, 2, 1, 0, 2, 0, 1]|[0, 3, 0, 3, 4, 1, 4, 4, 2, 4, 3, 2, 1, 0, 2, 1, 1, 1, 2, 1, 1, 3, 0, 1, 0, 1, 1, 4, 1, 4, 3, 2, 2, 0, 4, 1, 1, 4, 0, 1, 2, 1, 4, 4, 1, 1, 0, 2, 3, 1, 2, 1, 2, 1, 1, 2, 4, 3, 0, 2, 2, 3, 1, 0, 1, 2, 0, 1, 2, 4, 1, 3, 4, 1, 2, 4, 3, 3, 3, 1, 1, 4, 3, 4, 3, 2, 4, 2, 4, 2, 3, 4, 1, 2, 1, 4, 2, 1, 2, 3]|[0, 2, 0, 0, 3, 0, 1, 3, 0, 0, 2, 0, 1, 0, 1, 0, 0, 0, 1, 0, 0, 2, 0, 0, 1, 0, 0, 3, 0, 1, 0, 2, 0, 0, 3, 0, 1, 3, 0, 0, 0, 0, 1, 3, 0, 0, 1, 0, 2, 0, 0, 0, 0, 0, 1, 0, 1, 0, 1, 1, 0, 2, 0, 0, 0, 0, 0, 0, 0, 2, 0, 0, 1, 0, 0, 1, 0, 0, 3, 0, 0, 1, 0, 3, 0, 0, 3, 0, 2, 0, 0, 2, 1, 0, 0, 1, 0, 0, 0, 0],889.0053545036524,50920.37616528636,113453.88510595518,false
16,G3_TWC,G1_CMAX,[31, 22, 82, 15, 26, 9, 95, 42, 77, 12, 47, 5, 93, 78, 86, 54, 6, 63, 18, 44, 20, 35, 43, 97, 91, 76, 10, 30, 21, 45, 64, 71, 1, 23, 17, 83, 24, 14, 60, 36, 85, 57, 40, 88, 65, 56, 79, 94, 39, 68, 46, 75, 38, 58, 19, 32, 81, 41, 27, 62, 87, 90, 99, 59, 11, 16, 72, 73, 70, 67, 37, 84, 3, 92, 25, 55, 28, 29, 51, 8, 66, 61, 98, 48, 89, 50, 7, 96, 53, 80, 4, 33, 34, 2, 52, 13, 0, 69, 74, 49]|[1, 1, 0, 1, 1, 0, 1, 2, 2, 1, 2, 2, 2, 1, 1, 0, 0, 1, 0, 2, 2, 0, 1, 2, 0, 1, 2, 2, 0, 0, 1, 2, 1, 2, 1, 0, 2, 0, 1, 1, 0, 1, 1, 1, 0, 2, 1, 1, 0, 0, 0, 0, 1, 1, 2, 1, 2, 0, 0, 0, 2, 1, 0, 1, 2, 1, 2, 1, 1, 1, 1, 1, 1, 0, 1, 1, 0, 0, 0, 1, 0, 1, 0, 0, 1, 0, 1, 2, 0, 0, 0, 0, 2, 0, 1, 0, 0, 1, 2, 0]|[4, 3, 2, 2, 4, 1, 2, 2, 2, 4, 1, 1, 2, 4, 4, 1, 2, 4, 2, 1, 1, 1, 1, 2, 1, 2, 1, 1, 1, 1, 3, 2, 3, 0, 4, 0, 1, 1, 0, 3, 2, 2, 2, 0, 1, 1, 0, 4, 0, 1, 2, 2, 1, 4, 0, 3, 2, 1, 1, 2, 1, 3, 1, 1, 1, 3, 0, 4, 3, 1, 4, 1, 1, 0, 4, 4, 2, 1, 1, 3, 1, 3, 1, 1, 1, 1, 1, 1, 2, 1, 2, 2, 1, 2, 1, 2, 2, 3, 1, 1]|[0, 2, 1, 1, 3, 0, 1, 0, 0, 0, 0, 0, 1, 0, 1, 0, 1, 3, 1, 0, 0, 0, 3, 1, 0, 2, 0, 0, 0, 1, 0, 0, 0, 0, 3, 0, 1, 0, 0, 2, 1, 1, 1, 0, 0, 0, 0, 2, 1, 0, 0, 0, 1, 3, 0, 0, 1, 0, 0, 1, 0, 2, 0, 1, 0, 2, 1, 0, 0, 1, 1, 3, 1, 1, 3, 3, 1, 0, 0, 2, 0, 0, 0, 0, 1, 0, 2, 0, 1, 0, 1, 1, 0, 0, 1, 0, 0, 0, 0, 1],824.1531664905515,57504.66170409152,92407.54974943638,true
16,G1_CMAX,G4_BALANCED,[31, 22, 82, 15, 26, 58, 95, 42, 77, 12, 47, 5, 93, 78, 86, 54, 85, 63, 18, 72, 20, 35, 43, 97, 91, 76, 10, 30, 21, 45, 71, 64, 1, 23, 17, 83, 24, 14, 60, 36, 6, 57, 40, 88, 65, 56, 79, 94, 67, 68, 46, 75, 38, 9, 19, 32, 81, 41, 27, 62, 87, 90, 99, 59, 11, 16, 44, 73, 70, 39, 37, 84, 3, 53, 25, 34, 28, 29, 51, 7, 98, 61, 66, 48, 89, 50, 4, 96, 92, 80, 8, 33, 55, 2, 52, 13, 0, 69, 74, 49]|[1, 1, 0, 1, 1, 0, 1, 2, 2, 1, 2, 2, 2, 1, 1, 0, 0, 1, 0, 2, 2, 0, 1, 2, 0, 1, 2, 2, 0, 0, 1, 2, 1, 2, 1, 0, 2, 0, 1, 1, 0, 1, 1, 1, 0, 2, 1, 1, 0, 0, 0, 0, 1, 1, 2, 1, 2, 0, 0, 0, 2, 1, 0, 1, 2, 1, 2, 1, 1, 1, 1, 1, 1, 0, 1, 2, 2, 0, 0, 1, 2, 1, 2, 0, 1, 0, 1, 2, 0, 0, 1, 2, 1, 0, 1, 0, 0, 1, 2, 0]|[4, 3, 2, 2, 4, 1, 2, 2, 2, 4, 1, 1, 2, 4, 4, 1, 2, 4, 2, 1, 1, 1, 1, 2, 1, 2, 1, 1, 1, 1, 3, 2, 3, 1, 4, 0, 1, 1, 0, 3, 2, 2, 2, 0, 1, 1, 0, 4, 0, 1, 2, 2, 1, 4, 0, 3, 2, 1, 1, 2, 1, 3, 1, 1, 1, 3, 1, 4, 3, 1, 4, 1, 1, 2, 4, 1, 2, 1, 1, 1, 1, 3, 1, 1, 1, 1, 4, 1, 0, 1, 3, 1, 3, 2, 1, 2, 2, 4, 1, 1]|[0, 2, 1, 1, 3, 0, 1, 0, 0, 0, 0, 0, 1, 0, 1, 0, 0, 3, 1, 0, 0, 0, 3, 1, 0, 2, 0, 0, 0, 1, 0, 0, 0, 0, 3, 0, 1, 0, 0, 2, 1, 1, 1, 0, 0, 0, 0, 2, 1, 0, 0, 0, 1, 3, 0, 0, 1, 0, 0, 1, 0, 2, 0, 1, 0, 2, 0, 0, 0, 1, 1, 3, 1, 1, 3, 0, 1, 0, 0, 2, 0, 0, 0, 0, 1, 0, 0, 0, 1, 0, 2, 0, 0, 0, 1, 0, 0, 2, 0, 1],754.7044242578055,56428.620226615225,96878.11076790716,true
16,G4_BALANCED,G4_BALANCED,[31, 22, 82, 15, 26, 9, 95, 42, 77, 68, 47, 5, 93, 78, 86, 54, 85, 63, 18, 44, 20, 49, 36, 14, 74, 50, 53, 17, 21, 28, 71, 64, 3, 23, 30, 83, 24, 41, 60, 52, 65, 27, 90, 70, 39, 87, 48, 69, 99, 4, 46, 1, 13, 58, 97, 59, 45, 8, 73, 37, 35, 40, 11, 66, 76, 32, 79, 80, 96, 6, 16, 61, 33, 7, 57, 34, 12, 67, 10, 98, 56, 88, 29, 75, 91, 38, 19, 92, 43, 84, 51, 72, 81, 25, 2, 55, 0, 89, 94, 62]|[2, 1, 2, 1, 1, 2, 1, 1, 1, 1, 1, 0, 2, 2, 1, 2, 0, 0, 0, 2, 2, 1, 0, 2, 0, 2, 2, 1, 0, 1, 1, 1, 0, 0, 1, 0, 2, 1, 2, 2, 0, 0, 1, 1, 0, 2, 0, 2, 1, 0, 0, 2, 0, 0, 2, 0, 1, 1, 0, 0, 2, 2, 0, 2, 2, 0, 1, 2, 0, 1, 2, 1, 1, 2, 0, 1, 1, 1, 1, 0, 2, 1, 1, 0, 1, 0, 1, 0, 1, 0, 1, 1, 1, 1, 2, 0, 0, 1, 1, 1]|[0, 3, 0, 3, 4, 1, 4, 4, 2, 4, 3, 2, 1, 0, 2, 1, 1, 1, 2, 1, 1, 3, 0, 1, 0, 1, 1, 4, 1, 4, 3, 2, 2, 0, 4, 1, 1, 4, 0, 1, 2, 1, 4, 4, 1, 1, 0, 2, 3, 1, 2, 1, 2, 1, 1, 2, 4, 3, 0, 2, 2, 0, 1, 0, 1, 2, 3, 1, 2, 4, 1, 3, 4, 1, 2, 4, 3, 3, 3, 2, 1, 4, 3, 2, 3, 2, 4, 2, 4, 2, 3, 4, 1, 4, 1, 2, 2, 4, 4, 3]|[0, 2, 0, 0, 3, 0, 1, 3, 0, 0, 2, 0, 1, 0, 1, 0, 0, 0, 1, 0, 0, 2, 0, 0, 1, 0, 0, 3, 0, 1, 0, 2, 0, 1, 3, 0, 1, 3, 1, 0, 0, 0, 1, 3, 0, 0, 1, 0, 2, 0, 0, 0, 0, 0, 1, 0, 1, 0, 1, 1, 0, 0, 0, 0, 0, 0, 2, 0, 0, 2, 0, 0, 1, 0, 0, 1, 0, 0, 3, 0, 0, 1, 0, 0, 0, 0, 3, 0, 2, 0, 0, 2, 1, 3, 0, 0, 0, 1, 2, 0],892.7401490794913,51648.15640149474,106449.34518021956,false
16,G2_TEC,G2_TEC,[31, 22, 82, 15, 26, 9, 95, 42, 77, 68, 47, 5, 93, 78, 86, 54, 85, 63, 18, 44, 20, 49, 36, 14, 74, 50, 53, 17, 21, 28, 71, 64, 3, 23, 30, 83, 24, 41, 40, 52, 65, 27, 90, 70, 39, 87, 48, 69, 99, 4, 46, 1, 13, 58, 97, 59, 45, 8, 73, 37, 35, 79, 11, 66, 76, 32, 60, 80, 96, 6, 16, 61, 33, 7, 57, 34, 12, 67, 10, 98, 56, 88, 29, 25, 91, 38, 19, 92, 43, 84, 51, 72, 81, 75, 2, 89, 0, 94, 55, 62]|[2, 1, 2, 1, 1, 2, 1, 1, 1, 1, 1, 0, 2, 2, 1, 2, 0, 0, 0, 2, 2, 1, 0, 2, 0, 2, 2, 1, 0, 1, 1, 1, 0, 0, 1, 0, 2, 1, 2, 2, 0, 0, 1, 1, 0, 2, 0, 2, 1, 0, 0, 2, 0, 0, 2, 0, 1, 1, 0, 0, 2, 1, 0, 2, 2, 0, 2, 2, 0, 1, 2, 1, 1, 2, 0, 1, 1, 1, 1, 2, 2, 1, 1, 1, 1, 0, 1, 0, 1, 0, 1, 1, 1, 0, 2, 1, 0, 2, 0, 1]|[0, 3, 0, 3, 4, 1, 4, 4, 2, 4, 3, 2, 1, 0, 2, 1, 1, 1, 2, 1, 1, 3, 0, 1, 0, 1, 1, 4, 1, 4, 3, 2, 2, 0, 4, 1, 1, 4, 0, 1, 2, 1, 4, 4, 1, 1, 0, 2, 3, 1, 2, 1, 2, 1, 1, 2, 4, 3, 0, 2, 2, 3, 1, 0, 1, 2, 0, 1, 2, 4, 1, 3, 4, 1, 2, 4, 3, 3, 3, 1, 1, 4, 3, 4, 3, 2, 4, 2, 4, 2, 3, 4, 1, 2, 1, 4, 2, 1, 2, 3]|[0, 2, 0, 0, 3, 0, 1, 3, 0, 0, 2, 0, 1, 0, 1, 0, 0, 0, 1, 0, 0, 2, 0, 0, 1, 0, 0, 3, 0, 1, 0, 2, 0, 0, 3, 0, 1, 3, 0, 0, 0, 0, 1, 3, 0, 0, 1, 0, 2, 0, 0, 0, 0, 0, 1, 0, 1, 0, 1, 1, 0, 2, 0, 0, 0, 0, 0, 0, 0, 2, 0, 0, 1, 0, 0, 1, 0, 0, 3, 0, 0, 1, 0, 3, 0, 0, 3, 0, 2, 0, 0, 2, 1, 0, 0, 1, 0, 0, 0, 0],889.0053545036524,50920.37616528636,113453.88510595518,false
16,G3_TWC,G1_CMAX,[31, 22, 82, 15, 26, 9, 95, 42, 77, 12, 47, 5, 93, 78, 86, 54, 6, 63, 18, 44, 20, 35, 43, 97, 91, 76, 10, 30, 21, 45, 64, 71, 1, 23, 17, 83, 24, 14, 60, 36, 85, 57, 40, 88, 65, 56, 79, 94, 39, 68, 46, 75, 38, 58, 19, 32, 81, 41, 27, 62, 87, 90, 99, 59, 11, 16, 72, 73, 70, 67, 37, 84, 3, 92, 25, 55, 28, 29, 51, 8, 66, 61, 98, 48, 89, 50, 7, 96, 53, 80, 4, 33, 34, 2, 52, 13, 0, 69, 74, 49]|[1, 1, 0, 1, 1, 0, 1, 2, 2, 1, 2, 2, 2, 1, 1, 0, 0, 1, 0, 2, 2, 0, 1, 2, 0, 1, 2, 2, 0, 0, 1, 2, 1, 2, 1, 0, 2, 0, 1, 1, 0, 1, 1, 1, 0, 2, 1, 1, 0, 0, 0, 0, 1, 1, 2, 1, 2, 0, 0, 0, 2, 1, 0, 1, 2, 1, 2, 1, 1, 1, 1, 1, 1, 0, 1, 1, 0, 0, 0, 1, 0, 1, 0, 0, 1, 0, 1, 2, 0, 0, 0, 0, 2, 0, 1, 0, 0, 1, 2, 0]|[4, 3, 2, 2, 4, 1, 2, 2, 2, 4, 1, 1, 2, 4, 4, 1, 2, 4, 2, 1, 1, 1, 1, 2, 1, 2, 1, 1, 1, 1, 3, 2, 3, 0, 4, 0, 1, 1, 0, 3, 2, 2, 2, 0, 1, 1, 0, 4, 0, 1, 2, 2, 1, 4, 0, 3, 2, 1, 1, 2, 1, 3, 1, 1, 1, 3, 0, 4, 3, 1, 4, 1, 1, 0, 4, 4, 2, 1, 1, 3, 1, 3, 1, 1, 1, 1, 1, 1, 2, 1, 2, 2, 1, 2, 1, 2, 2, 3, 1, 1]|[0, 2, 1, 1, 3, 0, 1, 0, 0, 0, 0, 0, 1, 0, 1, 0, 1, 3, 1, 0, 0, 0, 3, 1, 0, 2, 0, 0, 0, 1, 0, 0, 0, 0, 3, 0, 1, 0, 0, 2, 1, 1, 1, 0, 0, 0, 0, 2, 1, 0, 0, 0, 1, 3, 0, 0, 1, 0, 0, 1, 0, 2, 0, 1, 0, 2, 1, 0, 0, 1, 1, 3, 1, 1, 3, 3, 1, 0, 0, 2, 0, 0, 0, 0, 1, 0, 2, 0, 1, 0, 1, 1, 0, 0, 1, 0, 0, 0, 0, 1],824.1531664905515,57504.66170409152,92407.54974943638,true
16,G1_CMAX,G3_TWC,[31, 22, 82, 15, 26, 9, 95, 42, 77, 12, 47, 5, 93, 78, 86, 54, 6, 63, 18, 44, 20, 35, 43, 97, 91, 76, 10, 30, 21, 45, 64, 71, 1, 23, 17, 83, 24, 14, 60, 36, 85, 57, 40, 88, 65, 56, 79, 94, 39, 68, 46, 75, 38, 58, 19, 32, 81, 41, 27, 62, 87, 90, 99, 59, 11, 16, 72, 73, 70, 67, 37, 84, 3, 92, 25, 55, 28, 29, 51, 7, 33, 61, 98, 48, 89, 50, 8, 96, 53, 80, 4, 66, 34, 69, 52, 13, 0, 2, 74, 49]|[1, 1, 0, 1, 1, 0, 1, 2, 2, 1, 2, 2, 2, 1, 1, 0, 0, 1, 0, 2, 2, 0, 1, 2, 0, 1, 2, 2, 0, 0, 1, 2, 1, 2, 1, 0, 2, 0, 1, 1, 0, 1, 1, 1, 0, 2, 1, 1, 0, 0, 0, 0, 1, 1, 2, 1, 2, 0, 0, 0, 2, 1, 0, 1, 2, 1, 2, 1, 1, 1, 1, 1, 1, 0, 1, 1, 0, 0, 0, 1, 0, 1, 0, 0, 1, 0, 0, 0, 0, 0, 0, 2, 2, 1, 1, 0, 0, 0, 2, 0]|[4, 3, 2, 2, 4, 1, 2, 2, 2, 4, 1, 1, 2, 4, 4, 1, 2, 4, 2, 1, 1, 1, 1, 2, 1, 2, 1, 1, 1, 1, 3, 2, 3, 0, 4, 0, 1, 1, 0, 3, 2, 2, 2, 0, 1, 1, 0, 4, 0, 1, 2, 2, 1, 4, 0, 3, 2, 1, 1, 2, 1, 3, 1, 1, 1, 3, 0, 4, 3, 1, 4, 1, 1, 0, 4, 4, 2, 1, 1, 1, 2, 3, 1, 1, 1, 1, 1, 1, 2, 1, 2, 1, 1, 3, 1, 2, 2, 2, 1, 1]|[0, 2, 1, 1, 3, 0, 1, 0, 0, 0, 0, 0, 1, 0, 1, 0, 1, 3, 1, 0, 0, 0, 3, 1, 0, 2, 0, 0, 0, 1, 0, 0, 0, 0, 3, 0, 1, 0, 0, 2, 1, 1, 1, 0, 0, 0, 0, 2, 1, 0, 0, 0, 1, 3, 0, 0, 1, 0, 0, 1, 0, 2, 0, 1, 0, 2, 1, 0, 0, 1, 1, 3, 1, 1, 3, 3, 1, 0, 0, 2, 1, 0, 0, 0, 1, 0, 0, 0, 1, 0, 1, 0, 0, 0, 1, 0, 0, 0, 0, 1],848.9974039044085,57710.25601141716,91952.23192850739,true
16,G4_BALANCED,G4_BALANCED,[31, 11, 82, 15, 26, 9, 95, 42, 77, 68, 47, 5, 93, 78, 86, 54, 85, 63, 18, 44, 20, 49, 36, 14, 74, 50, 53, 17, 21, 45, 71, 64, 3, 23, 30, 83, 24, 41, 60, 52, 65, 27, 90, 70, 39, 87, 48, 69, 99, 4, 46, 1, 13, 58, 97, 59, 28, 75, 73, 37, 35, 79, 22, 66, 76, 32, 40, 80, 96, 6, 16, 61, 33, 7, 57, 34, 12, 67, 10, 98, 56, 88, 29, 8, 91, 43, 19, 92, 38, 84, 51, 72, 81, 25, 2, 55, 0, 94, 89, 62]|[2, 1, 2, 1, 1, 2, 1, 1, 1, 1, 1, 0, 2, 2, 1, 2, 0, 0, 0, 2, 2, 1, 0, 2, 0, 2, 2, 1, 0, 1, 1, 1, 0, 0, 1, 0, 2, 1, 2, 2, 0, 0, 1, 1, 0, 2, 0, 2, 1, 0, 0, 2, 0, 0, 2, 0, 1, 0, 0, 0, 2, 1, 0, 2, 2, 0, 2, 2, 0, 1, 2, 1, 1, 2, 0, 1, 1, 1, 1, 2, 2, 1, 1, 1, 1, 1, 1, 0, 0, 0, 1, 1, 1, 1, 2, 0, 0, 2, 1, 1]|[0, 3, 0, 2, 4, 1, 4, 4, 2, 4, 3, 2, 1, 0, 2, 1, 1, 1, 2, 1, 1, 3, 0, 1, 0, 1, 1, 4, 1, 4, 3, 2, 2, 0, 4, 1, 1, 4, 0, 1, 2, 1, 4, 4, 1, 1, 0, 2, 3, 1, 2, 1, 2, 1, 1, 2, 4, 2, 0, 2, 2, 3, 1, 0, 1, 2, 0, 1, 2, 4, 1, 3, 4, 1, 2, 4, 3, 3, 3, 1, 1, 4, 3, 3, 3, 4, 4, 2, 2, 2, 3, 4, 1, 4, 1, 2, 2, 1, 4, 3]|[0, 2, 0, 1, 3, 0, 1, 3, 0, 0, 2, 0, 1, 0, 1, 0, 0, 0, 1, 0, 0, 2, 0, 0, 1, 0, 0, 3, 0, 1, 0, 2, 0, 1, 3, 0, 1, 3, 1, 0, 0, 0, 1, 3, 0, 0, 1, 0, 2, 0, 0, 0, 0, 0, 1, 0, 1, 0, 1, 1, 0, 2, 0, 0, 0, 0, 0, 0, 0, 2, 0, 0, 1, 0, 0, 1, 0, 0, 3, 0, 0, 1, 0, 0, 0, 2, 3, 0, 0, 0, 0, 2, 1, 3, 0, 0, 0, 0, 1, 0],841.059703557273,52360.47579375201,108166.55869875997,false
16,G2_TEC,G2_TEC,[31, 22, 82, 15, 26, 9, 95, 42, 77, 68, 47, 5, 93, 78, 86, 54, 85, 63, 18, 44, 20, 49, 36, 14, 74, 50, 53, 17, 21, 28, 71, 64, 3, 23, 30, 83, 24, 41, 40, 52, 65, 27, 90, 70, 39, 87, 48, 69, 99, 4, 46, 1, 13, 58, 97, 59, 45, 8, 73, 37, 35, 79, 11, 66, 76, 32, 60, 80, 96, 6, 16, 61, 33, 7, 57, 34, 12, 67, 10, 98, 56, 88, 29, 25, 91, 38, 19, 92, 43, 84, 51, 72, 81, 75, 2, 89, 0, 94, 55, 62]|[2, 1, 2, 1, 1, 2, 1, 1, 1, 1, 1, 0, 2, 2, 1, 2, 0, 0, 0, 2, 2, 1, 0, 2, 0, 2, 2, 1, 0, 1, 1, 1, 0, 0, 1, 0, 2, 1, 2, 2, 0, 0, 1, 1, 0, 2, 0, 2, 1, 0, 0, 2, 0, 0, 2, 0, 1, 1, 0, 0, 2, 1, 0, 2, 2, 0, 2, 2, 0, 1, 2, 1, 1, 2, 0, 1, 1, 1, 1, 2, 2, 1, 1, 1, 1, 0, 1, 0, 1, 0, 1, 1, 1, 0, 2, 1, 0, 2, 0, 1]|[0, 3, 0, 3, 4, 1, 4, 4, 2, 4, 3, 2, 1, 0, 2, 1, 1, 1, 2, 1, 1, 3, 0, 1, 0, 1, 1, 4, 1, 4, 3, 2, 2, 0, 4, 1, 1, 4, 0, 1, 2, 1, 4, 4, 1, 1, 0, 2, 3, 1, 2, 1, 2, 1, 1, 2, 4, 3, 0, 2, 2, 3, 1, 0, 1, 2, 0, 1, 2, 4, 1, 3, 4, 1, 2, 4, 3, 3, 3, 1, 1, 4, 3, 4, 3, 2, 4, 2, 4, 2, 3, 4, 1, 2, 1, 4, 2, 1, 2, 3]|[0, 2, 0, 0, 3, 0, 1, 3, 0, 0, 2, 0, 1, 0, 1, 0, 0, 0, 1, 0, 0, 2, 0, 0, 1, 0, 0, 3, 0, 1, 0, 2, 0, 0, 3, 0, 1, 3, 0, 0, 0, 0, 1, 3, 0, 0, 1, 0, 2, 0, 0, 0, 0, 0, 1, 0, 1, 0, 1, 1, 0, 2, 0, 0, 0, 0, 0, 0, 0, 2, 0, 0, 1, 0, 0, 1, 0, 0, 3, 0, 0, 1, 0, 3, 0, 0, 3, 0, 2, 0, 0, 2, 1, 0, 0, 1, 0, 0, 0, 0],889.0053545036524,50920.37616528636,113453.88510595518,false
16,G3_TWC,G1_CMAX,[31, 22, 82, 15, 26, 9, 42, 95, 77, 12, 47, 5, 93, 78, 86, 54, 85, 63, 18, 44, 20, 35, 43, 97, 91, 76, 10, 30, 21, 45, 71, 64, 1, 23, 17, 83, 24, 14, 60, 36, 6, 57, 94, 88, 65, 56, 79, 40, 67, 68, 46, 75, 38, 58, 19, 32, 81, 41, 27, 62, 87, 90, 99, 59, 11, 16, 72, 73, 69, 39, 37, 84, 3, 92, 25, 55, 28, 29, 51, 7, 33, 61, 98, 66, 89, 50, 8, 96, 53, 80, 4, 48, 34, 2, 52, 13, 0, 70, 49, 74]|[1, 1, 0, 1, 1, 1, 2, 1, 2, 1, 2, 2, 2, 1, 1, 0, 0, 1, 0, 2, 2, 0, 1, 2, 0, 1, 2, 2, 0, 0, 1, 2, 1, 2, 1, 0, 2, 0, 1, 1, 0, 1, 1, 1, 0, 2, 1, 1, 0, 0, 0, 0, 1, 1, 2, 1, 2, 0, 0, 0, 2, 1, 0, 1, 2, 1, 2, 1, 1, 1, 1, 1, 1, 0, 1, 2, 0, 0, 0, 1, 2, 1, 0, 2, 1, 0, 1, 0, 0, 0, 0, 0, 2, 0, 1, 0, 0, 1, 0, 2]|[4, 3, 2, 2, 0, 0, 2, 2, 2, 4, 1, 1, 2, 4, 4, 1, 2, 4, 2, 1, 1, 1, 1, 2, 1, 2, 1, 1, 1, 1, 3, 2, 3, 0, 4, 0, 1, 1, 0, 3, 2, 2, 2, 0, 1, 1, 0, 4, 0, 1, 2, 2, 1, 4, 0, 3, 2, 1, 1, 2, 1, 3, 1, 1, 1, 3, 0, 4, 3, 1, 4, 1, 1, 0, 4, 1, 2, 1, 1, 3, 1, 3, 1, 1, 1, 1, 3, 1, 2, 1, 2, 1, 1, 2, 1, 2, 2, 3, 1, 1]|[0, 2, 1, 1, 3, 3, 0, 1, 0, 0, 0, 0, 1, 0, 1, 0, 0, 3, 1, 0, 0, 0, 3, 1, 0, 2, 0, 0, 0, 1, 0, 0, 0, 0, 3, 0, 1, 0, 0, 2, 1, 1, 1, 0, 0, 0, 0, 2, 1, 0, 0, 0, 1, 3, 0, 0, 1, 0, 0, 1, 0, 2, 0, 1, 0, 2, 1, 0, 0, 1, 1, 3, 1, 1, 3, 0, 1, 0, 0, 2, 0, 0, 0, 0, 1, 0, 2, 0, 1, 0, 1, 0, 0, 0, 1, 0, 0, 0, 1, 0],801.427594812029,57868.49349465401,91455.85780813712,true
16,G1_CMAX,G2_TEC,[31, 22, 82, 15, 26, 9, 95, 42, 77, 68, 47, 5, 93, 78, 86, 54, 85, 63, 18, 44, 20, 49, 36, 14, 74, 50, 53, 17, 21, 28, 71, 64, 3, 23, 30, 83, 24, 41, 60, 52, 65, 27, 90, 70, 39, 87, 48, 69, 99, 4, 46, 1, 13, 58, 97, 59, 33, 8, 73, 37, 35, 79, 11, 66, 76, 32, 40, 80, 96, 6, 16, 61, 45, 7, 57, 34, 12, 67, 10, 98, 56, 88, 29, 25, 91, 38, 19, 92, 43, 84, 51, 75, 81, 72, 2, 55, 0, 94, 89, 62]|[2, 1, 2, 1, 1, 2, 1, 1, 1, 1, 1, 0, 2, 2, 1, 2, 0, 0, 0, 2, 2, 1, 0, 2, 0, 2, 2, 1, 0, 1, 1, 1, 0, 0, 1, 0, 2, 1, 2, 2, 0, 0, 1, 1, 0, 2, 0, 2, 1, 0, 0, 2, 0, 0, 2, 0, 1, 1, 0, 0, 2, 1, 0, 2, 2, 0, 2, 2, 0, 1, 2, 1, 1, 2, 0, 1, 1, 1, 1, 2, 2, 1, 1, 1, 1, 0, 1, 0, 1, 0, 1, 0, 1, 1, 2, 0, 0, 2, 1, 1]|[0, 3, 0, 3, 4, 1, 4, 4, 2, 4, 3, 2, 1, 0, 2, 1, 1, 1, 2, 1, 1, 3, 0, 1, 0, 1, 1, 4, 1, 4, 3, 2, 2, 0, 4, 1, 1, 4, 0, 1, 2, 1, 4, 4, 1, 1, 0, 2, 3, 1, 2, 1, 2, 1, 1, 2, 4, 3, 0, 2, 2, 3, 1, 0, 1, 2, 0, 1, 2, 4, 1, 3, 4, 1, 2, 4, 3, 3, 3, 1, 1, 4, 3, 4, 3, 2, 4, 2, 4, 2, 3, 2, 1, 4, 1, 2, 2, 1, 4, 3]|[0, 2, 0, 0, 3, 0, 1, 3, 0, 0, 2, 0, 1, 0, 1, 0, 0, 0, 1, 0, 0, 2, 0, 0, 1, 0, 0, 3, 0, 1, 0, 2, 0, 0, 3, 0, 1, 3, 1, 0, 0, 0, 1, 3, 0, 0, 1, 0, 2, 0, 0, 0, 0, 0, 1, 0, 1, 0, 1, 1, 0, 2, 0, 0, 0, 0, 0, 0, 0, 2, 0, 0, 1, 0, 0, 1, 0, 0, 3, 0, 0, 1, 0, 3, 0, 0, 3, 0, 2, 0, 0, 0, 1, 2, 0, 0, 0, 0, 1, 0],891.6145215420967,51166.67785763704,109981.85210075043,true
16,G4_BALANCED,G4_BALANCED,[31, 11, 82, 15, 26, 9, 95, 42, 77, 68, 47, 5, 93, 78, 86, 54, 85, 63, 18, 44, 20, 49, 36, 14, 74, 50, 53, 17, 21, 45, 71, 64, 3, 23, 30, 83, 24, 41, 60, 52, 65, 27, 90, 70, 39, 87, 48, 69, 99, 4, 46, 1, 13, 58, 97, 59, 28, 75, 73, 37, 35, 79, 22, 66, 76, 32, 40, 80, 96, 6, 16, 61, 33, 7, 57, 34, 12, 67, 10, 98, 56, 88, 29, 8, 91, 43, 19, 92, 38, 84, 51, 72, 81, 25, 2, 55, 0, 94, 89, 62]|[2, 1, 2, 1, 1, 2, 1, 1, 1, 1, 1, 0, 2, 2, 1, 2, 0, 0, 0, 2, 2, 1, 0, 2, 0, 2, 2, 1, 0, 1, 1, 1, 0, 0, 1, 0, 2, 1, 2, 2, 0, 0, 1, 1, 0, 2, 0, 2, 1, 0, 0, 2, 0, 0, 2, 0, 1, 0, 0, 0, 2, 1, 0, 2, 2, 0, 2, 2, 0, 1, 2, 1, 1, 2, 0, 1, 1, 1, 1, 2, 2, 1, 1, 1, 1, 1, 1, 0, 0, 0, 1, 1, 1, 1, 2, 0, 0, 2, 1, 1]|[0, 3, 0, 2, 4, 1, 4, 4, 2, 4, 3, 2, 1, 0, 2, 1, 1, 1, 2, 1, 1, 3, 0, 1, 0, 1, 1, 4, 1, 4, 3, 2, 2, 0, 4, 1, 1, 4, 0, 1, 2, 1, 4, 4, 1, 1, 0, 2, 3, 1, 2, 1, 2, 1, 1, 2, 4, 2, 0, 2, 2, 3, 1, 0, 1, 2, 0, 1, 2, 4, 1, 3, 4, 1, 2, 4, 3, 3, 3, 1, 1, 4, 3, 3, 3, 4, 4, 2, 2, 2, 3, 4, 1, 4, 1, 2, 2, 1, 4, 3]|[0, 2, 0, 1, 3, 0, 1, 3, 0, 0, 2, 0, 1, 0, 1, 0, 0, 0, 1, 0, 0, 2, 0, 0, 1, 0, 0, 3, 0, 1, 0, 2, 0, 1, 3, 0, 1, 3, 1, 0, 0, 0, 1, 3, 0, 0, 1, 0, 2, 0, 0, 0, 0, 0, 1, 0, 1, 0, 1, 1, 0, 2, 0, 0, 0, 0, 0, 0, 0, 2, 0, 0, 1, 0, 0, 1, 0, 0, 3, 0, 0, 1, 0, 0, 0, 2, 3, 0, 0, 0, 0, 2, 1, 3, 0, 0, 0, 0, 1, 0],841.059703557273,52360.47579375201,108166.55869875997,false
16,G2_TEC,G2_TEC,[31, 22, 82, 15, 26, 9, 95, 42, 77, 68, 47, 5, 93, 78, 86, 54, 85, 63, 18, 44, 20, 49, 36, 14, 74, 50, 53, 17, 21, 28, 71, 64, 3, 23, 30, 83, 24, 41, 40, 52, 65, 27, 90, 70, 39, 87, 48, 69, 99, 4, 46, 1, 13, 58, 97, 59, 45, 8, 73, 37, 35, 79, 11, 66, 76, 32, 60, 80, 96, 6, 16, 61, 33, 7, 57, 34, 12, 67, 10, 98, 56, 88, 29, 25, 91, 38, 19, 92, 43, 84, 51, 72, 81, 75, 2, 89, 0, 94, 55, 62]|[2, 1, 2, 1, 1, 2, 1, 1, 1, 1, 1, 0, 2, 2, 1, 2, 0, 0, 0, 2, 2, 1, 0, 2, 0, 2, 2, 1, 0, 1, 1, 1, 0, 0, 1, 0, 2, 1, 2, 2, 0, 0, 1, 1, 0, 2, 0, 2, 1, 0, 0, 2, 0, 0, 2, 0, 1, 1, 0, 0, 2, 1, 0, 2, 2, 0, 2, 2, 0, 1, 2, 1, 1, 2, 0, 1, 1, 1, 1, 2, 2, 1, 1, 1, 1, 0, 1, 0, 1, 0, 1, 1, 1, 0, 2, 1, 0, 2, 0, 1]|[0, 3, 0, 3, 4, 1, 4, 4, 2, 4, 3, 2, 1, 0, 2, 1, 1, 1, 2, 1, 1, 3, 0, 1, 0, 1, 1, 4, 1, 4, 3, 2, 2, 0, 4, 1, 1, 4, 0, 1, 2, 1, 4, 4, 1, 1, 0, 2, 3, 1, 2, 1, 2, 1, 1, 2, 4, 3, 0, 2, 2, 3, 1, 0, 1, 2, 0, 1, 2, 4, 1, 3, 4, 1, 2, 4, 3, 3, 3, 1, 1, 4, 3, 4, 3, 2, 4, 2, 4, 2, 3, 4, 1, 2, 1, 4, 2, 1, 2, 3]|[0, 2, 0, 0, 3, 0, 1, 3, 0, 0, 2, 0, 1, 0, 1, 0, 0, 0, 1, 0, 0, 2, 0, 0, 1, 0, 0, 3, 0, 1, 0, 2, 0, 0, 3, 0, 1, 3, 0, 0, 0, 0, 1, 3, 0, 0, 1, 0, 2, 0, 0, 0, 0, 0, 1, 0, 1, 0, 1, 1, 0, 2, 0, 0, 0, 0, 0, 0, 0, 2, 0, 0, 1, 0, 0, 1, 0, 0, 3, 0, 0, 1, 0, 3, 0, 0, 3, 0, 2, 0, 0, 2, 1, 0, 0, 1, 0, 0, 0, 0],889.0053545036524,50920.37616528636,113453.88510595518,false
16,G3_TWC,G1_CMAX,[31, 22, 82, 15, 26, 9, 42, 95, 77, 12, 47, 5, 93, 78, 86, 54, 85, 63, 18, 44, 20, 35, 43, 97, 91, 76, 10, 30, 21, 45, 71, 64, 1, 23, 17, 83, 24, 14, 60, 36, 6, 57, 94, 88, 65, 56, 79, 40, 67, 68, 46, 75, 38, 58, 19, 32, 81, 41, 27, 62, 87, 90, 99, 59, 11, 16, 72, 73, 69, 39, 37, 84, 3, 92, 25, 55, 28, 29, 51, 7, 33, 61, 98, 66, 89, 50, 8, 96, 53, 80, 4, 48, 34, 2, 52, 13, 0, 70, 49, 74]|[1, 1, 0, 1, 1, 1, 2, 1, 2, 1, 2, 2, 2, 1, 1, 0, 0, 1, 0, 2, 2, 0, 1, 2, 0, 1, 2, 2, 0, 0, 1, 2, 1, 2, 1, 0, 2, 0, 1, 1, 0, 1, 1, 1, 0, 2, 1, 1, 0, 0, 0, 0, 1, 1, 2, 1, 2, 0, 0, 0, 2, 1, 0, 1, 2, 1, 2, 1, 1, 1, 1, 1, 1, 0, 1, 2, 0, 0, 0, 1, 2, 1, 0, 2, 1, 0, 1, 0, 0, 0, 0, 0, 2, 0, 1, 0, 0, 1, 0, 2]|[4, 3, 2, 2, 0, 0, 2, 2, 2, 4, 1, 1, 2, 4, 4, 1, 2, 4, 2, 1, 1, 1, 1, 2, 1, 2, 1, 1, 1, 1, 3, 2, 3, 0, 4, 0, 1, 1, 0, 3, 2, 2, 2, 0, 1, 1, 0, 4, 0, 1, 2, 2, 1, 4, 0, 3, 2, 1, 1, 2, 1, 3, 1, 1, 1, 3, 0, 4, 3, 1, 4, 1, 1, 0, 4, 1, 2, 1, 1, 3, 1, 3, 1, 1, 1, 1, 3, 1, 2, 1, 2, 1, 1, 2, 1, 2, 2, 3, 1, 1]|[0, 2, 1, 1, 3, 3, 0, 1, 0, 0, 0, 0, 1, 0, 1, 0, 0, 3, 1, 0, 0, 0, 3, 1, 0, 2, 0, 0, 0, 1, 0, 0, 0, 0, 3, 0, 1, 0, 0, 2, 1, 1, 1, 0, 0, 0, 0, 2, 1, 0, 0, 0, 1, 3, 0, 0, 1, 0, 0, 1, 0, 2, 0, 1, 0, 2, 1, 0, 0, 1, 1, 3, 1, 1, 3, 0, 1, 0, 0, 2, 0, 0, 0, 0, 1, 0, 2, 0, 1, 0, 1, 0, 0, 0, 1, 0, 0, 0, 1, 0],801.427594812029,57868.49349465401,91455.85780813712,true
16,G1_CMAX,G2_TEC,[31, 22, 82, 15, 26, 9, 95, 42, 77, 68, 47, 5, 93, 78, 86, 54, 85, 63, 18, 44, 20, 49, 36, 14, 74, 50, 53, 17, 21, 28, 71, 64, 3, 23, 30, 83, 24, 41, 60, 52, 65, 27, 90, 70, 39, 87, 48, 69, 99, 4, 46, 1, 13, 58, 97, 59, 33, 8, 73, 37, 35, 79, 11, 66, 76, 32, 40, 80, 96, 6, 16, 61, 45, 7, 57, 34, 12, 67, 10, 98, 56, 88, 29, 25, 91, 38, 19, 92, 43, 84, 51, 75, 81, 72, 2, 55, 0, 94, 89, 62]|[2, 1, 2, 1, 1, 2, 1, 1, 1, 1, 1, 0, 2, 2, 1, 2, 0, 0, 0, 2, 2, 1, 0, 2, 0, 2, 2, 1, 0, 1, 1, 1, 0, 0, 1, 0, 2, 1, 2, 2, 0, 0, 1, 1, 0, 2, 0, 2, 1, 0, 0, 2, 0, 0, 2, 0, 1, 1, 0, 0, 2, 1, 0, 2, 2, 0, 2, 2, 0, 1, 2, 1, 1, 2, 0, 1, 1, 1, 1, 2, 2, 1, 1, 1, 1, 0, 1, 0, 1, 0, 1, 0, 1, 1, 2, 0, 0, 2, 1, 1]|[0, 3, 0, 3, 4, 1, 4, 4, 2, 4, 3, 2, 1, 0, 2, 1, 1, 1, 2, 1, 1, 3, 0, 1, 0, 1, 1, 4, 1, 4, 3, 2, 2, 0, 4, 1, 1, 4, 0, 1, 2, 1, 4, 4, 1, 1, 0, 2, 3, 1, 2, 1, 2, 1, 1, 2, 4, 3, 0, 2, 2, 3, 1, 0, 1, 2, 0, 1, 2, 4, 1, 3, 4, 1, 2, 4, 3, 3, 3, 1, 1, 4, 3, 4, 3, 2, 4, 2, 4, 2, 3, 2, 1, 4, 1, 2, 2, 1, 4, 3]|[0, 2, 0, 0, 3, 0, 1, 3, 0, 0, 2, 0, 1, 0, 1, 0, 0, 0, 1, 0, 0, 2, 0, 0, 1, 0, 0, 3, 0, 1, 0, 2, 0, 0, 3, 0, 1, 3, 1, 0, 0, 0, 1, 3, 0, 0, 1, 0, 2, 0, 0, 0, 0, 0, 1, 0, 1, 0, 1, 1, 0, 2, 0, 0, 0, 0, 0, 0, 0, 2, 0, 0, 1, 0, 0, 1, 0, 0, 3, 0, 0, 1, 0, 3, 0, 0, 3, 0, 2, 0, 0, 0, 1, 2, 0, 0, 0, 0, 1, 0],891.6145215420967,51166.67785763704,109981.85210075043,true
16,G4_BALANCED,G4_BALANCED,[31, 11, 82, 15, 26, 9, 95, 42, 77, 68, 47, 5, 93, 78, 86, 54, 85, 63, 18, 44, 20, 49, 36, 14, 74, 50, 53, 17, 21, 45, 71, 64, 3, 23, 30, 83, 24, 41, 60, 52, 65, 27, 90, 70, 39, 87, 48, 69, 99, 4, 46, 1, 13, 58, 97, 59, 28, 75, 73, 37, 35, 79, 22, 66, 76, 32, 40, 80, 96, 6, 16, 61, 33, 7, 57, 34, 12, 67, 10, 98, 56, 88, 29, 8, 91, 43, 19, 92, 38, 84, 51, 72, 81, 25, 2, 55, 0, 94, 89, 62]|[2, 1, 2, 1, 1, 2, 1, 1, 1, 1, 1, 0, 2, 2, 1, 2, 0, 0, 0, 2, 2, 1, 0, 2, 0, 2, 2, 1, 0, 1, 1, 1, 0, 0, 1, 0, 2, 1, 2, 2, 0, 0, 1, 1, 0, 2, 0, 2, 1, 0, 0, 2, 0, 0, 2, 0, 1, 0, 0, 0, 2, 1, 0, 2, 2, 0, 2, 2, 0, 1, 2, 1, 1, 2, 0, 1, 1, 1, 1, 2, 2, 1, 1, 1, 1, 1, 1, 0, 0, 0, 1, 1, 1, 1, 2, 0, 0, 2, 1, 1]|[0, 3, 0, 2, 4, 1, 4, 4, 2, 4, 3, 2, 1, 0, 2, 1, 1, 1, 2, 1, 1, 3, 0, 1, 0, 1, 1, 4, 1, 4, 3, 2, 2, 0, 4, 1, 1, 4, 0, 1, 2, 1, 4, 4, 1, 1, 0, 2, 3, 1, 2, 1, 2, 1, 1, 2, 4, 2, 0, 2, 2, 3, 1, 0, 1, 2, 0, 1, 2, 4, 1, 3, 4, 1, 2, 4, 3, 3, 3, 1, 1, 4, 3, 3, 3, 4, 4, 2, 2, 2, 3, 4, 1, 4, 1, 2, 2, 1, 4, 3]|[0, 2, 0, 1, 3, 0, 1, 3, 0, 0, 2, 0, 1, 0, 1, 0, 0, 0, 1, 0, 0, 2, 0, 0, 1, 0, 0, 3, 0, 1, 0, 2, 0, 1, 3, 0, 1, 3, 1, 0, 0, 0, 1, 3, 0, 0, 1, 0, 2, 0, 0, 0, 0, 0, 1, 0, 1, 0, 1, 1, 0, 2, 0, 0, 0, 0, 0, 0, 0, 2, 0, 0, 1, 0, 0, 1, 0, 0, 3, 0, 0, 1, 0, 0, 0, 2, 3, 0, 0, 0, 0, 2, 1, 3, 0, 0, 0, 0, 1, 0],841.059703557273,52360.47579375201,108166.55869875997,false
16,G2_TEC,G2_TEC,[31, 22, 82, 15, 26, 9, 95, 42, 77, 68, 47, 5, 93, 78, 86, 54, 85, 63, 18, 44, 20, 49, 36, 14, 74, 50, 53, 17, 21, 28, 71, 64, 3, 23, 30, 83, 24, 41, 40, 52, 65, 27, 90, 70, 39, 87, 48, 69, 99, 4, 46, 1, 13, 58, 97, 59, 45, 8, 73, 37, 35, 79, 11, 66, 76, 32, 60, 80, 96, 6, 16, 61, 33, 7, 57, 34, 12, 67, 10, 98, 56, 88, 29, 25, 91, 38, 19, 92, 43, 84, 51, 72, 81, 75, 2, 89, 0, 94, 55, 62]|[2, 1, 2, 1, 1, 2, 1, 1, 1, 1, 1, 0, 2, 2, 1, 2, 0, 0, 0, 2, 2, 1, 0, 2, 0, 2, 2, 1, 0, 1, 1, 1, 0, 0, 1, 0, 2, 1, 2, 2, 0, 0, 1, 1, 0, 2, 0, 2, 1, 0, 0, 2, 0, 0, 2, 0, 1, 1, 0, 0, 2, 1, 0, 2, 2, 0, 2, 2, 0, 1, 2, 1, 1, 2, 0, 1, 1, 1, 1, 2, 2, 1, 1, 1, 1, 0, 1, 0, 1, 0, 1, 1, 1, 0, 2, 1, 0, 2, 0, 1]|[0, 3, 0, 3, 4, 1, 4, 4, 2, 4, 3, 2, 1, 0, 2, 1, 1, 1, 2, 1, 1, 3, 0, 1, 0, 1, 1, 4, 1, 4, 3, 2, 2, 0, 4, 1, 1, 4, 0, 1, 2, 1, 4, 4, 1, 1, 0, 2, 3, 1, 2, 1, 2, 1, 1, 2, 4, 3, 0, 2, 2, 3, 1, 0, 1, 2, 0, 1, 2, 4, 1, 3, 4, 1, 2, 4, 3, 3, 3, 1, 1, 4, 3, 4, 3, 2, 4, 2, 4, 2, 3, 4, 1, 2, 1, 4, 2, 1, 2, 3]|[0, 2, 0, 0, 3, 0, 1, 3, 0, 0, 2, 0, 1, 0, 1, 0, 0, 0, 1, 0, 0, 2, 0, 0, 1, 0, 0, 3, 0, 1, 0, 2, 0, 0, 3, 0, 1, 3, 0, 0, 0, 0, 1, 3, 0, 0, 1, 0, 2, 0, 0, 0, 0, 0, 1, 0, 1, 0, 1, 1, 0, 2, 0, 0, 0, 0, 0, 0, 0, 2, 0, 0, 1, 0, 0, 1, 0, 0, 3, 0, 0, 1, 0, 3, 0, 0, 3, 0, 2, 0, 0, 2, 1, 0, 0, 1, 0, 0, 0, 0],889.0053545036524,50920.37616528636,113453.88510595518,false
16,G3_TWC,G1_CMAX,[31, 22, 82, 15, 26, 9, 42, 95, 77, 12, 47, 5, 93, 78, 86, 54, 85, 63, 18, 44, 20, 35, 43, 97, 91, 76, 10, 30, 21, 45, 71, 64, 1, 23, 17, 83, 24, 14, 60, 36, 6, 57, 94, 88, 65, 56, 79, 40, 67, 68, 46, 75, 38, 58, 19, 32, 81, 41, 27, 62, 87, 90, 99, 59, 11, 16, 72, 73, 69, 39, 37, 84, 3, 92, 25, 55, 28, 29, 51, 7, 33, 61, 98, 66, 89, 50, 8, 96, 53, 80, 4, 48, 34, 2, 52, 13, 0, 70, 49, 74]|[1, 1, 0, 1, 1, 1, 2, 1, 2, 1, 2, 2, 2, 1, 1, 0, 0, 1, 0, 2, 2, 0, 1, 2, 0, 1, 2, 2, 0, 0, 1, 2, 1, 2, 1, 0, 2, 0, 1, 1, 0, 1, 1, 1, 0, 2, 1, 1, 0, 0, 0, 0, 1, 1, 2, 1, 2, 0, 0, 0, 2, 1, 0, 1, 2, 1, 2, 1, 1, 1, 1, 1, 1, 0, 1, 2, 0, 0, 0, 1, 2, 1, 0, 2, 1, 0, 1, 0, 0, 0, 0, 0, 2, 0, 1, 0, 0, 1, 0, 2]|[4, 3, 2, 2, 0, 0, 2, 2, 2, 4, 1, 1, 2, 4, 4, 1, 2, 4, 2, 1, 1, 1, 1, 2, 1, 2, 1, 1, 1, 1, 3, 2, 3, 0, 4, 0, 1, 1, 0, 3, 2, 2, 2, 0, 1, 1, 0, 4, 0, 1, 2, 2, 1, 4, 0, 3, 2, 1, 1, 2, 1, 3, 1, 1, 1, 3, 0, 4, 3, 1, 4, 1, 1, 0, 4, 1, 2, 1, 1, 3, 1, 3, 1, 1, 1, 1, 3, 1, 2, 1, 2, 1, 1, 2, 1, 2, 2, 3, 1, 1]|[0, 2, 1, 1, 3, 3, 0, 1, 0, 0, 0, 0, 1, 0, 1, 0, 0, 3, 1, 0, 0, 0, 3, 1, 0, 2, 0, 0, 0, 1, 0, 0, 0, 0, 3, 0, 1, 0, 0, 2, 1, 1, 1, 0, 0, 0, 0, 2, 1, 0, 0, 0, 1, 3, 0, 0, 1, 0, 0, 1, 0, 2, 0, 1, 0, 2, 1, 0, 0, 1, 1, 3, 1, 1, 3, 0, 1, 0, 0, 2, 0, 0, 0, 0, 1, 0, 2, 0, 1, 0, 1, 0, 0, 0, 1, 0, 0, 0, 1, 0],801.427594812029,57868.49349465401,91455.85780813712,true
16,G1_CMAX,G2_TEC,[31, 22, 82, 15, 26, 9, 95, 42, 77, 68, 47, 5, 93, 78, 86, 54, 85, 63, 18, 44, 20, 49, 36, 14, 74, 50, 53, 17, 21, 28, 71, 64, 3, 23, 30, 83, 24, 41, 60, 52, 65, 27, 90, 70, 39, 87, 48, 69, 99, 4, 46, 1, 13, 58, 97, 59, 33, 8, 73, 37, 35, 79, 11, 66, 76, 32, 40, 80, 96, 6, 16, 61, 45, 7, 57, 34, 12, 67, 10, 98, 56, 88, 29, 25, 91, 38, 19, 92, 43, 84, 51, 75, 81, 72, 2, 55, 0, 94, 89, 62]|[2, 1, 2, 1, 1, 2, 1, 1, 1, 1, 1, 0, 2, 2, 1, 2, 0, 0, 0, 2, 2, 1, 0, 2, 0, 2, 2, 1, 0, 1, 1, 1, 0, 0, 1, 0, 2, 1, 2, 2, 0, 0, 1, 1, 0, 2, 0, 2, 1, 0, 0, 2, 0, 0, 2, 0, 1, 1, 0, 0, 2, 1, 0, 2, 2, 0, 2, 2, 0, 1, 2, 1, 1, 2, 0, 1, 1, 1, 1, 2, 2, 1, 1, 1, 1, 0, 1, 0, 1, 0, 1, 0, 1, 1, 2, 0, 0, 2, 1, 1]|[0, 3, 0, 3, 4, 1, 4, 4, 2, 4, 3, 2, 1, 0, 2, 1, 1, 1, 2, 1, 1, 3, 0, 1, 0, 1, 1, 4, 1, 4, 3, 2, 2, 0, 4, 1, 1, 4, 0, 1, 2, 1, 4, 4, 1, 1, 0, 2, 3, 1, 2, 1, 2, 1, 1, 2, 4, 3, 0, 2, 2, 3, 1, 0, 1, 2, 0, 1, 2, 4, 1, 3, 4, 1, 2, 4, 3, 3, 3, 1, 1, 4, 3, 4, 3, 2, 4, 2, 4, 2, 3, 2, 1, 4, 1, 2, 2, 1, 4, 3]|[0, 2, 0, 0, 3, 0, 1, 3, 0, 0, 2, 0, 1, 0, 1, 0, 0, 0, 1, 0, 0, 2, 0, 0, 1, 0, 0, 3, 0, 1, 0, 2, 0, 0, 3, 0, 1, 3, 1, 0, 0, 0, 1, 3, 0, 0, 1, 0, 2, 0, 0, 0, 0, 0, 1, 0, 1, 0, 1, 1, 0, 2, 0, 0, 0, 0, 0, 0, 0, 2, 0, 0, 1, 0, 0, 1, 0, 0, 3, 0, 0, 1, 0, 3, 0, 0, 3, 0, 2, 0, 0, 0, 1, 2, 0, 0, 0, 0, 1, 0],891.6145215420967,51166.67785763704,109981.85210075043,true
16,G4_BALANCED,G4_BALANCED,[31, 11, 82, 15, 26, 9, 95, 42, 77, 68, 47, 5, 93, 78, 86, 54, 85, 63, 18, 44, 20, 49, 36, 14, 74, 50, 53, 17, 21, 45, 71, 64, 3, 23, 30, 83, 24, 41, 60, 52, 65, 27, 90, 70, 39, 87, 48, 69, 99, 4, 46, 1, 13, 58, 97, 59, 28, 75, 73, 37, 35, 79, 22, 66, 76, 32, 40, 80, 96, 6, 16, 61, 33, 7, 57, 34, 12, 67, 10, 98, 56, 88, 29, 8, 91, 43, 19, 92, 38, 84, 51, 72, 81, 25, 2, 55, 0, 94, 89, 62]|[2, 1, 2, 1, 1, 2, 1, 1, 1, 1, 1, 0, 2, 2, 1, 2, 0, 0, 0, 2, 2, 1, 0, 2, 0, 2, 2, 1, 0, 1, 1, 1, 0, 0, 1, 0, 2, 1, 2, 2, 0, 0, 1, 1, 0, 2, 0, 2, 1, 0, 0, 2, 0, 0, 2, 0, 1, 0, 0, 0, 2, 1, 0, 2, 2, 0, 2, 2, 0, 1, 2, 1, 1, 2, 0, 1, 1, 1, 1, 2, 2, 1, 1, 1, 1, 1, 1, 0, 0, 0, 1, 1, 1, 1, 2, 0, 0, 2, 1, 1]|[0, 3, 0, 2, 4, 1, 4, 4, 2, 4, 3, 2, 1, 0, 2, 1, 1, 1, 2, 1, 1, 3, 0, 1, 0, 1, 1, 4, 1, 4, 3, 2, 2, 0, 4, 1, 1, 4, 0, 1, 2, 1, 4, 4, 1, 1, 0, 2, 3, 1, 2, 1, 2, 1, 1, 2, 4, 2, 0, 2, 2, 3, 1, 0, 1, 2, 0, 1, 2, 4, 1, 3, 4, 1, 2, 4, 3, 3, 3, 1, 1, 4, 3, 3, 3, 4, 4, 2, 2, 2, 3, 4, 1, 4, 1, 2, 2, 1, 4, 3]|[0, 2, 0, 1, 3, 0, 1, 3, 0, 0, 2, 0, 1, 0, 1, 0, 0, 0, 1, 0, 0, 2, 0, 0, 1, 0, 0, 3, 0, 1, 0, 2, 0, 1, 3, 0, 1, 3, 1, 0, 0, 0, 1, 3, 0, 0, 1, 0, 2, 0, 0, 0, 0, 0, 1, 0, 1, 0, 1, 1, 0, 2, 0, 0, 0, 0, 0, 0, 0, 2, 0, 0, 1, 0, 0, 1, 0, 0, 3, 0, 0, 1, 0, 0, 0, 2, 3, 0, 0, 0, 0, 2, 1, 3, 0, 0, 0, 0, 1, 0],841.059703557273,52360.47579375201,108166.55869875997,false
16,G2_TEC,G2_TEC,[31, 22, 82, 15, 26, 9, 95, 42, 77, 68, 47, 5, 93, 78, 86, 54, 85, 63, 18, 44, 20, 49, 36, 14, 74, 50, 53, 17, 21, 28, 71, 64, 3, 23, 30, 83, 24, 41, 40, 52, 65, 27, 90, 70, 39, 87, 48, 69, 99, 4, 46, 1, 13, 58, 97, 59, 45, 8, 73, 37, 35, 79, 11, 66, 76, 32, 60, 80, 96, 6, 16, 61, 33, 7, 57, 34, 12, 67, 10, 98, 56, 88, 29, 25, 91, 38, 19, 92, 43, 84, 51, 72, 81, 75, 2, 89, 0, 94, 55, 62]|[2, 1, 2, 1, 1, 2, 1, 1, 1, 1, 1, 0, 2, 2, 1, 2, 0, 0, 0, 2, 2, 1, 0, 2, 0, 2, 2, 1, 0, 1, 1, 1, 0, 0, 1, 0, 2, 1, 2, 2, 0, 0, 1, 1, 0, 2, 0, 2, 1, 0, 0, 2, 0, 0, 2, 0, 1, 1, 0, 0, 2, 1, 0, 2, 2, 0, 2, 2, 0, 1, 2, 1, 1, 2, 0, 1, 1, 1, 1, 2, 2, 1, 1, 1, 1, 0, 1, 0, 1, 0, 1, 1, 1, 0, 2, 1, 0, 2, 0, 1]|[0, 3, 0, 3, 4, 1, 4, 4, 2, 4, 3, 2, 1, 0, 2, 1, 1, 1, 2, 1, 1, 3, 0, 1, 0, 1, 1, 4, 1, 4, 3, 2, 2, 0, 4, 1, 1, 4, 0, 1, 2, 1, 4, 4, 1, 1, 0, 2, 3, 1, 2, 1, 2, 1, 1, 2, 4, 3, 0, 2, 2, 3, 1, 0, 1, 2, 0, 1, 2, 4, 1, 3, 4, 1, 2, 4, 3, 3, 3, 1, 1, 4, 3, 4, 3, 2, 4, 2, 4, 2, 3, 4, 1, 2, 1, 4, 2, 1, 2, 3]|[0, 2, 0, 0, 3, 0, 1, 3, 0, 0, 2, 0, 1, 0, 1, 0, 0, 0, 1, 0, 0, 2, 0, 0, 1, 0, 0, 3, 0, 1, 0, 2, 0, 0, 3, 0, 1, 3, 0, 0, 0, 0, 1, 3, 0, 0, 1, 0, 2, 0, 0, 0, 0, 0, 1, 0, 1, 0, 1, 1, 0, 2, 0, 0, 0, 0, 0, 0, 0, 2, 0, 0, 1, 0, 0, 1, 0, 0, 3, 0, 0, 1, 0, 3, 0, 0, 3, 0, 2, 0, 0, 2, 1, 0, 0, 1, 0, 0, 0, 0],889.0053545036524,50920.37616528636,113453.88510595518,false
16,G3_TWC,G1_CMAX,[31, 22, 82, 15, 26, 9, 95, 42, 77, 12, 47, 5, 93, 78, 86, 54, 6, 63, 18, 44, 20, 35, 43, 97, 91, 76, 10, 30, 21, 45, 71, 64, 1, 23, 17, 83, 24, 14, 60, 36, 85, 57, 40, 88, 65, 56, 79, 94, 67, 68, 46, 75, 38, 58, 19, 32, 81, 41, 62, 87, 28, 90, 99, 59, 11, 72, 16, 73, 70, 39, 37, 84, 3, 92, 25, 34, 53, 29, 51, 7, 33, 61, 98, 48, 89, 50, 8, 96, 27, 80, 4, 66, 55, 2, 52, 13, 0, 69, 74, 49]|[1, 1, 0, 1, 1, 0, 1, 2, 2, 1, 2, 2, 2, 1, 1, 0, 0, 1, 0, 2, 2, 0, 1, 2, 2, 1, 2, 2, 0, 0, 1, 1, 1, 2, 1, 0, 2, 0, 1, 1, 0, 1, 1, 1, 0, 2, 1, 1, 0, 0, 0, 0, 1, 1, 2, 1, 2, 0, 0, 2, 2, 1, 0, 1, 2, 2, 1, 1, 1, 1, 1, 1, 1, 0, 1, 2, 0, 0, 0, 1, 2, 1, 2, 0, 1, 0, 1, 2, 0, 0, 1, 0, 2, 0, 1, 0, 0, 1, 2, 0]|[0, 3, 2, 2, 4, 1, 2, 2, 2, 4, 1, 1, 2, 4, 4, 1, 2, 4, 2, 1, 1, 1, 1, 2, 1, 2, 1, 1, 1, 1, 3, 3, 3, 1, 4, 0, 1, 1, 0, 3, 2, 2, 2, 0, 1, 1, 0, 4, 0, 1, 2, 2, 1, 4, 0, 3, 2, 1, 2, 1, 1, 3, 1, 1, 1, 1, 3, 4, 3, 1, 4, 1, 1, 0, 4, 1, 2, 1, 1, 1, 1, 3, 1, 1, 1, 1, 3, 1, 2, 1, 4, 1, 1, 2, 1, 2, 2, 4, 0, 1]|[0, 2, 1, 1, 3, 0, 1, 0, 0, 0, 0, 0, 1, 0, 1, 0, 0, 3, 1, 0, 0, 0, 3, 1, 0, 2, 0, 0, 0, 1, 0, 0, 0, 0, 3, 0, 1, 0, 0, 2, 1, 1, 1, 0, 0, 0, 0, 2, 1, 0, 0, 0, 1, 3, 0, 0, 1, 0, 1, 0, 0, 2, 0, 1, 0, 0, 2, 0, 0, 1, 1, 3, 1, 1, 3, 0, 1, 0, 0, 2, 0, 0, 0, 0, 1, 0, 2, 0, 1, 0, 0, 0, 0, 0, 1, 0, 0, 2, 1, 1],738.2938125421163,57446.237463418445,96379.0254777628,true
16,G1_CMAX,G2_TEC,[31, 22, 82, 15, 26, 9, 95, 42, 77, 68, 47, 5, 93, 78, 86, 54, 85, 63, 18, 44, 20, 49, 36, 14, 74, 50, 53, 17, 21, 28, 71, 64, 3, 23, 30, 83, 24, 41, 60, 52, 65, 27, 90, 70, 39, 87, 48, 69, 99, 4, 46, 1, 13, 58, 97, 59, 33, 8, 73, 37, 35, 79, 11, 66, 76, 32, 40, 80, 96, 6, 16, 61, 45, 7, 57, 34, 12, 67, 10, 98, 56, 88, 29, 25, 91, 38, 19, 92, 43, 84, 51, 75, 81, 72, 2, 55, 0, 94, 89, 62]|[2, 1, 2, 1, 1, 2, 1, 1, 1, 1, 1, 0, 2, 2, 1, 2, 0, 0, 0, 2, 2, 1, 0, 2, 0, 2, 2, 1, 0, 1, 1, 1, 0, 0, 1, 0, 2, 1, 2, 2, 0, 0, 1, 1, 0, 2, 0, 2, 1, 0, 0, 2, 0, 0, 2, 0, 1, 1, 0, 0, 2, 1, 0, 2, 2, 0, 2, 2, 0, 1, 2, 1, 1, 2, 0, 1, 1, 1, 1, 2, 2, 1, 1, 1, 1, 0, 1, 0, 1, 0, 1, 0, 1, 1, 2, 0, 0, 2, 1, 1]|[0, 3, 0, 3, 4, 1, 4, 4, 2, 4, 3, 2, 1, 0, 2, 1, 1, 1, 2, 1, 1, 3, 0, 1, 0, 1, 1, 4, 1, 4, 3, 2, 2, 0, 4, 1, 1, 4, 0, 1, 2, 1, 4, 4, 1, 1, 0, 2, 3, 1, 2, 1, 2, 1, 1, 2, 4, 3, 0, 2, 2, 3, 1, 0, 1, 2, 0, 1, 2, 4, 1, 3, 4, 1, 2, 4, 3, 3, 3, 1, 1, 4, 3, 4, 3, 2, 4, 2, 4, 2, 3, 2, 1, 4, 1, 2, 2, 1, 4, 3]|[0, 2, 0, 0, 3, 0, 1, 3, 0, 0, 2, 0, 1, 0, 1, 0, 0, 0, 1, 0, 0, 2, 0, 0, 1, 0, 0, 3, 0, 1, 0, 2, 0, 0, 3, 0, 1, 3, 1, 0, 0, 0, 1, 3, 0, 0, 1, 0, 2, 0, 0, 0, 0, 0, 1, 0, 1, 0, 1, 1, 0, 2, 0, 0, 0, 0, 0, 0, 0, 2, 0, 0, 1, 0, 0, 1, 0, 0, 3, 0, 0, 1, 0, 3, 0, 0, 3, 0, 2, 0, 0, 0, 1, 2, 0, 0, 0, 0, 1, 0],891.6145215420967,51166.67785763704,109981.85210075043,true
16,G4_BALANCED,G4_BALANCED,[31, 11, 82, 15, 26, 9, 95, 42, 77, 68, 47, 5, 93, 78, 86, 54, 85, 63, 18, 44, 20, 49, 36, 14, 74, 50, 53, 17, 21, 45, 71, 64, 3, 23, 30, 83, 24, 41, 60, 52, 65, 27, 90, 70, 39, 87, 48, 69, 99, 4, 46, 1, 13, 58, 97, 59, 28, 75, 73, 37, 35, 79, 22, 66, 76, 32, 40, 80, 96, 6, 16, 61, 33, 7, 57, 34, 12, 67, 10, 98, 56, 88, 29, 8, 91, 43, 19, 92, 38, 84, 51, 72, 81, 25, 2, 55, 0, 94, 89, 62]|[2, 1, 2, 1, 1, 2, 1, 1, 1, 1, 1, 0, 2, 2, 1, 2, 0, 0, 0, 2, 2, 1, 0, 2, 0, 2, 2, 1, 0, 1, 1, 1, 0, 0, 1, 0, 2, 1, 2, 2, 0, 0, 1, 1, 0, 2, 0, 2, 1, 0, 0, 2, 0, 0, 2, 0, 1, 0, 0, 0, 2, 1, 0, 2, 2, 0, 2, 2, 0, 1, 2, 1, 1, 2, 0, 1, 1, 1, 1, 2, 2, 1, 1, 1, 1, 1, 1, 0, 0, 0, 1, 1, 1, 1, 2, 0, 0, 2, 1, 1]|[0, 3, 0, 2, 4, 1, 4, 4, 2, 4, 3, 2, 1, 0, 2, 1, 1, 1, 2, 1, 1, 3, 0, 1, 0, 1, 1, 4, 1, 4, 3, 2, 2, 0, 4, 1, 1, 4, 0, 1, 2, 1, 4, 4, 1, 1, 0, 2, 3, 1, 2, 1, 2, 1, 1, 2, 4, 2, 0, 2, 2, 3, 1, 0, 1, 2, 0, 1, 2, 4, 1, 3, 4, 1, 2, 4, 3, 3, 3, 1, 1, 4, 3, 3, 3, 4, 4, 2, 2, 2, 3, 4, 1, 4, 1, 2, 2, 1, 4, 3]|[0, 2, 0, 1, 3, 0, 1, 3, 0, 0, 2, 0, 1, 0, 1, 0, 0, 0, 1, 0, 0, 2, 0, 0, 1, 0, 0, 3, 0, 1, 0, 2, 0, 1, 3, 0, 1, 3, 1, 0, 0, 0, 1, 3, 0, 0, 1, 0, 2, 0, 0, 0, 0, 0, 1, 0, 1, 0, 1, 1, 0, 2, 0, 0, 0, 0, 0, 0, 0, 2, 0, 0, 1, 0, 0, 1, 0, 0, 3, 0, 0, 1, 0, 0, 0, 2, 3, 0, 0, 0, 0, 2, 1, 3, 0, 0, 0, 0, 1, 0],841.059703557273,52360.47579375201,108166.55869875997,false
16,G2_TEC,G2_TEC,[31, 22, 82, 15, 26, 9, 95, 42, 77, 68, 47, 5, 93, 78, 86, 54, 85, 63, 18, 44, 20, 49, 36, 14, 74, 50, 53, 17, 21, 28, 71, 64, 3, 23, 30, 83, 24, 41, 40, 52, 65, 27, 90, 70, 39, 87, 48, 69, 99, 4, 46, 1, 13, 58, 97, 59, 45, 8, 73, 37, 35, 79, 11, 66, 76, 32, 60, 80, 96, 6, 16, 61, 33, 7, 57, 34, 12, 67, 10, 98, 56, 88, 29, 25, 91, 38, 19, 92, 43, 84, 51, 72, 81, 75, 2, 89, 0, 94, 55, 62]|[2, 1, 2, 1, 1, 2, 1, 1, 1, 1, 1, 0, 2, 2, 1, 2, 0, 0, 0, 2, 2, 1, 0, 2, 0, 2, 2, 1, 0, 1, 1, 1, 0, 0, 1, 0, 2, 1, 2, 2, 0, 0, 1, 1, 0, 2, 0, 2, 1, 0, 0, 2, 0, 0, 2, 0, 1, 1, 0, 0, 2, 1, 0, 2, 2, 0, 2, 2, 0, 1, 2, 1, 1, 2, 0, 1, 1, 1, 1, 2, 2, 1, 1, 1, 1, 0, 1, 0, 1, 0, 1, 1, 1, 0, 2, 1, 0, 2, 0, 1]|[0, 3, 0, 3, 4, 1, 4, 4, 2, 4, 3, 2, 1, 0, 2, 1, 1, 1, 2, 1, 1, 3, 0, 1, 0, 1, 1, 4, 1, 4, 3, 2, 2, 0, 4, 1, 1, 4, 0, 1, 2, 1, 4, 4, 1, 1, 0, 2, 3, 1, 2, 1, 2, 1, 1, 2, 4, 3, 0, 2, 2, 3, 1, 0, 1, 2, 0, 1, 2, 4, 1, 3, 4, 1, 2, 4, 3, 3, 3, 1, 1, 4, 3, 4, 3, 2, 4, 2, 4, 2, 3, 4, 1, 2, 1, 4, 2, 1, 2, 3]|[0, 2, 0, 0, 3, 0, 1, 3, 0, 0, 2, 0, 1, 0, 1, 0, 0, 0, 1, 0, 0, 2, 0, 0, 1, 0, 0, 3, 0, 1, 0, 2, 0, 0, 3, 0, 1, 3, 0, 0, 0, 0, 1, 3, 0, 0, 1, 0, 2, 0, 0, 0, 0, 0, 1, 0, 1, 0, 1, 1, 0, 2, 0, 0, 0, 0, 0, 0, 0, 2, 0, 0, 1, 0, 0, 1, 0, 0, 3, 0, 0, 1, 0, 3, 0, 0, 3, 0, 2, 0, 0, 2, 1, 0, 0, 1, 0, 0, 0, 0],889.0053545036524,50920.37616528636,113453.88510595518,false
16,G3_TWC,G1_CMAX,[31, 22, 82, 15, 26, 9, 42, 95, 77, 12, 47, 5, 93, 78, 86, 54, 85, 63, 18, 44, 20, 35, 43, 97, 91, 76, 10, 30, 21, 45, 71, 64, 1, 23, 17, 83, 24, 14, 60, 36, 6, 57, 94, 88, 65, 56, 79, 40, 67, 68, 46, 75, 38, 58, 19, 32, 81, 41, 27, 62, 87, 90, 99, 59, 11, 16, 72, 73, 69, 39, 37, 84, 3, 92, 25, 55, 28, 29, 51, 7, 33, 61, 98, 66, 89, 50, 8, 96, 53, 80, 4, 48, 34, 2, 52, 13, 0, 70, 49, 74]|[1, 1, 0, 1, 1, 1, 2, 1, 2, 1, 2, 2, 2, 1, 1, 0, 0, 1, 0, 2, 2, 0, 1, 2, 0, 1, 2, 2, 0, 0, 1, 2, 1, 2, 1, 0, 2, 0, 1, 1, 0, 1, 1, 1, 0, 2, 1, 1, 0, 0, 0, 0, 1, 1, 2, 1, 2, 0, 0, 0, 2, 1, 0, 1, 2, 1, 2, 1, 1, 1, 1, 1, 1, 0, 1, 2, 0, 0, 0, 1, 2, 1, 0, 2, 1, 0, 1, 0, 0, 0, 0, 0, 2, 0, 1, 0, 0, 1, 0, 2]|[4, 3, 2, 2, 0, 0, 2, 2, 2, 4, 1, 1, 2, 4, 4, 1, 2, 4, 2, 1, 1, 1, 1, 2, 1, 2, 1, 1, 1, 1, 3, 2, 3, 0, 4, 0, 1, 1, 0, 3, 2, 2, 2, 0, 1, 1, 0, 4, 0, 1, 2, 2, 1, 4, 0, 3, 2, 1, 1, 2, 1, 3, 1, 1, 1, 3, 0, 4, 3, 1, 4, 1, 1, 0, 4, 1, 2, 1, 1, 3, 1, 3, 1, 1, 1, 1, 3, 1, 2, 1, 2, 1, 1, 2, 1, 2, 2, 3, 1, 1]|[0, 2, 1, 1, 3, 3, 0, 1, 0, 0, 0, 0, 1, 0, 1, 0, 0, 3, 1, 0, 0, 0, 3, 1, 0, 2, 0, 0, 0, 1, 0, 0, 0, 0, 3, 0, 1, 0, 0, 2, 1, 1, 1, 0, 0, 0, 0, 2, 1, 0, 0, 0, 1, 3, 0, 0, 1, 0, 0, 1, 0, 2, 0, 1, 0, 2, 1, 0, 0, 1, 1, 3, 1, 1, 3, 0, 1, 0, 0, 2, 0, 0, 0, 0, 1, 0, 2, 0, 1, 0, 1, 0, 0, 0, 1, 0, 0, 0, 1, 0],801.427594812029,57868.49349465401,91455.85780813712,true
16,G1_CMAX,G2_TEC,[31, 22, 82, 15, 26, 9, 95, 42, 77, 68, 47, 5, 93, 78, 86, 54, 85, 63, 18, 44, 20, 49, 36, 14, 74, 50, 53, 17, 21, 28, 71, 64, 3, 23, 30, 83, 24, 41, 60, 52, 65, 27, 90, 70, 39, 87, 48, 69, 99, 4, 46, 1, 13, 58, 97, 59, 33, 8, 73, 37, 35, 79, 11, 66, 76, 32, 40, 80, 96, 6, 16, 61, 45, 7, 57, 34, 12, 67, 10, 98, 56, 88, 29, 25, 91, 38, 19, 92, 43, 84, 51, 75, 81, 72, 2, 55, 0, 94, 89, 62]|[2, 1, 2, 1, 1, 2, 1, 1, 1, 1, 1, 0, 2, 2, 1, 2, 0, 0, 0, 2, 2, 1, 0, 2, 0, 2, 2, 1, 0, 1, 1, 1, 0, 0, 1, 0, 2, 1, 2, 2, 0, 0, 1, 1, 0, 2, 0, 2, 1, 0, 0, 2, 0, 0, 2, 0, 1, 1, 0, 0, 2, 1, 0, 2, 2, 0, 2, 2, 0, 1, 2, 1, 1, 2, 0, 1, 1, 1, 1, 2, 2, 1, 1, 1, 1, 0, 1, 0, 1, 0, 1, 0, 1, 1, 2, 0, 0, 2, 1, 1]|[0, 3, 0, 3, 4, 1, 4, 4, 2, 4, 3, 2, 1, 0, 2, 1, 1, 1, 2, 1, 1, 3, 0, 1, 0, 1, 1, 4, 1, 4, 3, 2, 2, 0, 4, 1, 1, 4, 0, 1, 2, 1, 4, 4, 1, 1, 0, 2, 3, 1, 2, 1, 2, 1, 1, 2, 4, 3, 0, 2, 2, 3, 1, 0, 1, 2, 0, 1, 2, 4, 1, 3, 4, 1, 2, 4, 3, 3, 3, 1, 1, 4, 3, 4, 3, 2, 4, 2, 4, 2, 3, 2, 1, 4, 1, 2, 2, 1, 4, 3]|[0, 2, 0, 0, 3, 0, 1, 3, 0, 0, 2, 0, 1, 0, 1, 0, 0, 0, 1, 0, 0, 2, 0, 0, 1, 0, 0, 3, 0, 1, 0, 2, 0, 0, 3, 0, 1, 3, 1, 0, 0, 0, 1, 3, 0, 0, 1, 0, 2, 0, 0, 0, 0, 0, 1, 0, 1, 0, 1, 1, 0, 2, 0, 0, 0, 0, 0, 0, 0, 2, 0, 0, 1, 0, 0, 1, 0, 0, 3, 0, 0, 1, 0, 3, 0, 0, 3, 0, 2, 0, 0, 0, 1, 2, 0, 0, 0, 0, 1, 0],891.6145215420967,51166.67785763704,109981.85210075043,true
16,G4_BALANCED,G4_BALANCED,[31, 11, 82, 15, 26, 9, 95, 42, 77, 68, 47, 5, 93, 78, 86, 54, 85, 63, 18, 44, 20, 49, 36, 14, 74, 50, 53, 17, 21, 45, 71, 64, 3, 23, 30, 83, 24, 41, 60, 52, 65, 27, 90, 70, 39, 87, 48, 69, 99, 4, 46, 1, 13, 58, 97, 59, 28, 75, 73, 37, 35, 79, 22, 66, 76, 32, 40, 80, 96, 6, 16, 61, 33, 7, 57, 34, 12, 67, 10, 98, 56, 88, 29, 8, 91, 43, 19, 92, 38, 84, 51, 72, 81, 25, 2, 55, 0, 94, 89, 62]|[2, 1, 2, 1, 1, 2, 1, 1, 1, 1, 1, 0, 2, 2, 1, 2, 0, 0, 0, 2, 2, 1, 0, 2, 0, 2, 2, 1, 0, 1, 1, 1, 0, 0, 1, 0, 2, 1, 2, 2, 0, 0, 1, 1, 0, 2, 0, 2, 1, 0, 0, 2, 0, 0, 2, 0, 1, 0, 0, 0, 2, 1, 0, 2, 2, 0, 2, 2, 0, 1, 2, 1, 1, 2, 0, 1, 1, 1, 1, 2, 2, 1, 1, 1, 1, 1, 1, 0, 0, 0, 1, 1, 1, 1, 2, 0, 0, 2, 1, 1]|[0, 3, 0, 2, 4, 1, 4, 4, 2, 4, 3, 2, 1, 0, 2, 1, 1, 1, 2, 1, 1, 3, 0, 1, 0, 1, 1, 4, 1, 4, 3, 2, 2, 0, 4, 1, 1, 4, 0, 1, 2, 1, 4, 4, 1, 1, 0, 2, 3, 1, 2, 1, 2, 1, 1, 2, 4, 2, 0, 2, 2, 3, 1, 0, 1, 2, 0, 1, 2, 4, 1, 3, 4, 1, 2, 4, 3, 3, 3, 1, 1, 4, 3, 3, 3, 4, 4, 2, 2, 2, 3, 4, 1, 4, 1, 2, 2, 1, 4, 3]|[0, 2, 0, 1, 3, 0, 1, 3, 0, 0, 2, 0, 1, 0, 1, 0, 0, 0, 1, 0, 0, 2, 0, 0, 1, 0, 0, 3, 0, 1, 0, 2, 0, 1, 3, 0, 1, 3, 1, 0, 0, 0, 1, 3, 0, 0, 1, 0, 2, 0, 0, 0, 0, 0, 1, 0, 1, 0, 1, 1, 0, 2, 0, 0, 0, 0, 0, 0, 0, 2, 0, 0, 1, 0, 0, 1, 0, 0, 3, 0, 0, 1, 0, 0, 0, 2, 3, 0, 0, 0, 0, 2, 1, 3, 0, 0, 0, 0, 1, 0],841.059703557273,52360.47579375201,108166.55869875997,false
16,G2_TEC,G2_TEC,[31, 22, 82, 15, 26, 9, 95, 42, 77, 68, 47, 5, 93, 78, 86, 54, 85, 63, 18, 44, 20, 49, 36, 14, 74, 50, 53, 17, 21, 28, 71, 64, 3, 23, 30, 83, 24, 41, 40, 52, 65, 27, 90, 70, 39, 87, 48, 69, 99, 4, 46, 1, 13, 58, 97, 59, 45, 8, 73, 37, 35, 79, 11, 66, 76, 32, 60, 80, 96, 6, 16, 61, 33, 7, 57, 34, 12, 67, 10, 98, 56, 88, 29, 25, 91, 38, 19, 92, 43, 84, 51, 72, 81, 75, 2, 89, 0, 94, 55, 62]|[2, 1, 2, 1, 1, 2, 1, 1, 1, 1, 1, 0, 2, 2, 1, 2, 0, 0, 0, 2, 2, 1, 0, 2, 0, 2, 2, 1, 0, 1, 1, 1, 0, 0, 1, 0, 2, 1, 2, 2, 0, 0, 1, 1, 0, 2, 0, 2, 1, 0, 0, 2, 0, 0, 2, 0, 1, 1, 0, 0, 2, 1, 0, 2, 2, 0, 2, 2, 0, 1, 2, 1, 1, 2, 0, 1, 1, 1, 1, 2, 2, 1, 1, 1, 1, 0, 1, 0, 1, 0, 1, 1, 1, 0, 2, 1, 0, 2, 0, 1]|[0, 3, 0, 3, 4, 1, 4, 4, 2, 4, 3, 2, 1, 0, 2, 1, 1, 1, 2, 1, 1, 3, 0, 1, 0, 1, 1, 4, 1, 4, 3, 2, 2, 0, 4, 1, 1, 4, 0, 1, 2, 1, 4, 4, 1, 1, 0, 2, 3, 1, 2, 1, 2, 1, 1, 2, 4, 3, 0, 2, 2, 3, 1, 0, 1, 2, 0, 1, 2, 4, 1, 3, 4, 1, 2, 4, 3, 3, 3, 1, 1, 4, 3, 4, 3, 2, 4, 2, 4, 2, 3, 4, 1, 2, 1, 4, 2, 1, 2, 3]|[0, 2, 0, 0, 3, 0, 1, 3, 0, 0, 2, 0, 1, 0, 1, 0, 0, 0, 1, 0, 0, 2, 0, 0, 1, 0, 0, 3, 0, 1, 0, 2, 0, 0, 3, 0, 1, 3, 0, 0, 0, 0, 1, 3, 0, 0, 1, 0, 2, 0, 0, 0, 0, 0, 1, 0, 1, 0, 1, 1, 0, 2, 0, 0, 0, 0, 0, 0, 0, 2, 0, 0, 1, 0, 0, 1, 0, 0, 3, 0, 0, 1, 0, 3, 0, 0, 3, 0, 2, 0, 0, 2, 1, 0, 0, 1, 0, 0, 0, 0],889.0053545036524,50920.37616528636,113453.88510595518,false
16,G3_TWC,G1_CMAX,[31, 22, 82, 15, 26, 9, 42, 95, 77, 12, 47, 5, 93, 78, 86, 54, 85, 63, 18, 44, 20, 35, 43, 97, 91, 76, 10, 30, 21, 45, 71, 64, 1, 23, 17, 83, 24, 14, 60, 36, 6, 57, 94, 88, 65, 56, 79, 40, 67, 68, 46, 75, 38, 58, 19, 32, 81, 41, 27, 62, 87, 90, 99, 59, 11, 16, 72, 73, 69, 39, 37, 84, 3, 92, 25, 55, 28, 29, 51, 7, 33, 61, 98, 66, 89, 50, 8, 96, 53, 80, 4, 48, 34, 2, 52, 13, 0, 70, 49, 74]|[1, 1, 0, 1, 1, 1, 2, 1, 2, 1, 2, 2, 2, 1, 1, 0, 0, 1, 0, 2, 2, 0, 1, 2, 0, 1, 2, 2, 0, 0, 1, 2, 1, 2, 1, 0, 2, 0, 1, 1, 0, 1, 1, 1, 0, 2, 1, 1, 0, 0, 0, 0, 1, 1, 2, 1, 2, 0, 0, 0, 2, 1, 0, 1, 2, 1, 2, 1, 1, 1, 1, 1, 1, 0, 1, 2, 0, 0, 0, 1, 2, 1, 0, 2, 1, 0, 1, 0, 0, 0, 0, 0, 2, 0, 1, 0, 0, 1, 0, 2]|[4, 3, 2, 2, 0, 0, 2, 2, 2, 4, 1, 1, 2, 4, 4, 1, 2, 4, 2, 1, 1, 1, 1, 2, 1, 2, 1, 1, 1, 1, 3, 2, 3, 0, 4, 0, 1, 1, 0, 3, 2, 2, 2, 0, 1, 1, 0, 4, 0, 1, 2, 2, 1, 4, 0, 3, 2, 1, 1, 2, 1, 3, 1, 1, 1, 3, 0, 4, 3, 1, 4, 1, 1, 0, 4, 1, 2, 1, 1, 3, 1, 3, 1, 1, 1, 1, 3, 1, 2, 1, 2, 1, 1, 2, 1, 2, 2, 3, 1, 1]|[0, 2, 1, 1, 3, 3, 0, 1, 0, 0, 0, 0, 1, 0, 1, 0, 0, 3, 1, 0, 0, 0, 3, 1, 0, 2, 0, 0, 0, 1, 0, 0, 0, 0, 3, 0, 1, 0, 0, 2, 1, 1, 1, 0, 0, 0, 0, 2, 1, 0, 0, 0, 1, 3, 0, 0, 1, 0, 0, 1, 0, 2, 0, 1, 0, 2, 1, 0, 0, 1, 1, 3, 1, 1, 3, 0, 1, 0, 0, 2, 0, 0, 0, 0, 1, 0, 2, 0, 1, 0, 1, 0, 0, 0, 1, 0, 0, 0, 1, 0],801.427594812029,57868.49349465401,91455.85780813712,true
16,G1_CMAX,G2_TEC,[31, 22, 82, 15, 26, 9, 95, 42, 77, 68, 47, 5, 93, 78, 86, 54, 85, 63, 18, 44, 20, 49, 36, 14, 74, 50, 53, 17, 21, 28, 71, 64, 3, 23, 30, 83, 24, 41, 60, 52, 65, 27, 90, 70, 39, 87, 48, 69, 99, 4, 46, 1, 13, 58, 97, 59, 33, 8, 73, 37, 35, 79, 11, 66, 76, 32, 40, 80, 96, 6, 16, 61, 45, 7, 57, 34, 12, 67, 10, 98, 56, 88, 29, 25, 91, 38, 19, 92, 43, 84, 51, 75, 81, 72, 2, 55, 0, 94, 89, 62]|[2, 1, 2, 1, 1, 2, 1, 1, 1, 1, 1, 0, 2, 2, 1, 2, 0, 0, 0, 2, 2, 1, 0, 2, 0, 2, 2, 1, 0, 1, 1, 1, 0, 0, 1, 0, 2, 1, 2, 2, 0, 0, 1, 1, 0, 2, 0, 2, 1, 0, 0, 2, 0, 0, 2, 0, 1, 1, 0, 0, 2, 1, 0, 2, 2, 0, 2, 2, 0, 1, 2, 1, 1, 2, 0, 1, 1, 1, 1, 2, 2, 1, 1, 1, 1, 0, 1, 0, 1, 0, 1, 0, 1, 1, 2, 0, 0, 2, 1, 1]|[0, 3, 0, 3, 4, 1, 4, 4, 2, 4, 3, 2, 1, 0, 2, 1, 1, 1, 2, 1, 1, 3, 0, 1, 0, 1, 1, 4, 1, 4, 3, 2, 2, 0, 4, 1, 1, 4, 0, 1, 2, 1, 4, 4, 1, 1, 0, 2, 3, 1, 2, 1, 2, 1, 1, 2, 4, 3, 0, 2, 2, 3, 1, 0, 1, 2, 0, 1, 2, 4, 1, 3, 4, 1, 2, 4, 3, 3, 3, 1, 1, 4, 3, 4, 3, 2, 4, 2, 4, 2, 3, 2, 1, 4, 1, 2, 2, 1, 4, 3]|[0, 2, 0, 0, 3, 0, 1, 3, 0, 0, 2, 0, 1, 0, 1, 0, 0, 0, 1, 0, 0, 2, 0, 0, 1, 0, 0, 3, 0, 1, 0, 2, 0, 0, 3, 0, 1, 3, 1, 0, 0, 0, 1, 3, 0, 0, 1, 0, 2, 0, 0, 0, 0, 0, 1, 0, 1, 0, 1, 1, 0, 2, 0, 0, 0, 0, 0, 0, 0, 2, 0, 0, 1, 0, 0, 1, 0, 0, 3, 0, 0, 1, 0, 3, 0, 0, 3, 0, 2, 0, 0, 0, 1, 2, 0, 0, 0, 0, 1, 0],891.6145215420967,51166.67785763704,109981.85210075043,true
16,G4_BALANCED,G4_BALANCED,[31, 11, 82, 15, 26, 9, 95, 42, 77, 68, 47, 5, 93, 78, 86, 54, 85, 63, 18, 44, 20, 49, 36, 14, 74, 50, 53, 17, 21, 45, 71, 64, 3, 23, 30, 83, 24, 41, 60, 52, 65, 27, 90, 70, 39, 87, 48, 69, 99, 4, 46, 1, 13, 58, 97, 59, 28, 75, 73, 37, 35, 79, 22, 66, 76, 32, 40, 80, 96, 6, 16, 61, 33, 7, 57, 34, 12, 67, 10, 98, 56, 88, 29, 8, 91, 43, 19, 92, 38, 84, 51, 72, 81, 25, 2, 55, 0, 94, 89, 62]|[2, 1, 2, 1, 1, 2, 1, 1, 1, 1, 1, 0, 2, 2, 1, 2, 0, 0, 0, 2, 2, 1, 0, 2, 0, 2, 2, 1, 0, 1, 1, 1, 0, 0, 1, 0, 2, 1, 2, 2, 0, 0, 1, 1, 0, 2, 0, 2, 1, 0, 0, 2, 0, 0, 2, 0, 1, 0, 0, 0, 2, 1, 0, 2, 2, 0, 2, 2, 0, 1, 2, 1, 1, 2, 0, 1, 1, 1, 1, 2, 2, 1, 1, 1, 1, 1, 1, 0, 0, 0, 1, 1, 1, 1, 2, 0, 0, 2, 1, 1]|[0, 3, 0, 2, 4, 1, 4, 4, 2, 4, 3, 2, 1, 0, 2, 1, 1, 1, 2, 1, 1, 3, 0, 1, 0, 1, 1, 4, 1, 4, 3, 2, 2, 0, 4, 1, 1, 4, 0, 1, 2, 1, 4, 4, 1, 1, 0, 2, 3, 1, 2, 1, 2, 1, 1, 2, 4, 2, 0, 2, 2, 3, 1, 0, 1, 2, 0, 1, 2, 4, 1, 3, 4, 1, 2, 4, 3, 3, 3, 1, 1, 4, 3, 3, 3, 4, 4, 2, 2, 2, 3, 4, 1, 4, 1, 2, 2, 1, 4, 3]|[0, 2, 0, 1, 3, 0, 1, 3, 0, 0, 2, 0, 1, 0, 1, 0, 0, 0, 1, 0, 0, 2, 0, 0, 1, 0, 0, 3, 0, 1, 0, 2, 0, 1, 3, 0, 1, 3, 1, 0, 0, 0, 1, 3, 0, 0, 1, 0, 2, 0, 0, 0, 0, 0, 1, 0, 1, 0, 1, 1, 0, 2, 0, 0, 0, 0, 0, 0, 0, 2, 0, 0, 1, 0, 0, 1, 0, 0, 3, 0, 0, 1, 0, 0, 0, 2, 3, 0, 0, 0, 0, 2, 1, 3, 0, 0, 0, 0, 1, 0],841.059703557273,52360.47579375201,108166.55869875997,false
16,G2_TEC,G2_TEC,[31, 22, 82, 15, 26, 9, 95, 42, 77, 68, 47, 5, 93, 78, 86, 54, 85, 63, 18, 44, 20, 49, 36, 14, 74, 50, 53, 17, 21, 28, 71, 64, 3, 23, 30, 83, 24, 41, 40, 52, 65, 27, 90, 70, 39, 87, 48, 69, 99, 4, 46, 1, 13, 58, 97, 59, 45, 8, 73, 37, 35, 79, 11, 66, 76, 32, 60, 80, 96, 6, 16, 61, 33, 7, 57, 34, 12, 67, 10, 98, 56, 88, 29, 25, 91, 38, 19, 92, 43, 84, 51, 72, 81, 75, 2, 89, 0, 94, 55, 62]|[2, 1, 2, 1, 1, 2, 1, 1, 1, 1, 1, 0, 2, 2, 1, 2, 0, 0, 0, 2, 2, 1, 0, 2, 0, 2, 2, 1, 0, 1, 1, 1, 0, 0, 1, 0, 2, 1, 2, 2, 0, 0, 1, 1, 0, 2, 0, 2, 1, 0, 0, 2, 0, 0, 2, 0, 1, 1, 0, 0, 2, 1, 0, 2, 2, 0, 2, 2, 0, 1, 2, 1, 1, 2, 0, 1, 1, 1, 1, 2, 2, 1, 1, 1, 1, 0, 1, 0, 1, 0, 1, 1, 1, 0, 2, 1, 0, 2, 0, 1]|[0, 3, 0, 3, 4, 1, 4, 4, 2, 4, 3, 2, 1, 0, 2, 1, 1, 1, 2, 1, 1, 3, 0, 1, 0, 1, 1, 4, 1, 4, 3, 2, 2, 0, 4, 1, 1, 4, 0, 1, 2, 1, 4, 4, 1, 1, 0, 2, 3, 1, 2, 1, 2, 1, 1, 2, 4, 3, 0, 2, 2, 3, 1, 0, 1, 2, 0, 1, 2, 4, 1, 3, 4, 1, 2, 4, 3, 3, 3, 1, 1, 4, 3, 4, 3, 2, 4, 2, 4, 2, 3, 4, 1, 2, 1, 4, 2, 1, 2, 3]|[0, 2, 0, 0, 3, 0, 1, 3, 0, 0, 2, 0, 1, 0, 1, 0, 0, 0, 1, 0, 0, 2, 0, 0, 1, 0, 0, 3, 0, 1, 0, 2, 0, 0, 3, 0, 1, 3, 0, 0, 0, 0, 1, 3, 0, 0, 1, 0, 2, 0, 0, 0, 0, 0, 1, 0, 1, 0, 1, 1, 0, 2, 0, 0, 0, 0, 0, 0, 0, 2, 0, 0, 1, 0, 0, 1, 0, 0, 3, 0, 0, 1, 0, 3, 0, 0, 3, 0, 2, 0, 0, 2, 1, 0, 0, 1, 0, 0, 0, 0],889.0053545036524,50920.37616528636,113453.88510595518,false
16,G3_TWC,G1_CMAX,[31, 22, 82, 15, 26, 9, 42, 95, 77, 12, 47, 5, 93, 78, 86, 54, 85, 63, 18, 44, 20, 35, 43, 97, 91, 76, 10, 30, 21, 45, 71, 64, 1, 23, 17, 83, 24, 14, 60, 36, 6, 57, 94, 88, 65, 56, 79, 40, 67, 68, 46, 75, 38, 58, 19, 32, 81, 41, 27, 62, 87, 90, 99, 59, 11, 16, 72, 73, 69, 39, 37, 84, 3, 92, 25, 55, 28, 29, 51, 7, 33, 61, 98, 66, 89, 50, 8, 96, 53, 80, 4, 48, 34, 2, 52, 13, 0, 70, 49, 74]|[1, 1, 0, 1, 1, 1, 2, 1, 2, 1, 2, 2, 2, 1, 1, 0, 0, 1, 0, 2, 2, 0, 1, 2, 0, 1, 2, 2, 0, 0, 1, 2, 1, 2, 1, 0, 2, 0, 1, 1, 0, 1, 1, 1, 0, 2, 1, 1, 0, 0, 0, 0, 1, 1, 2, 1, 2, 0, 0, 0, 2, 1, 0, 1, 2, 1, 2, 1, 1, 1, 1, 1, 1, 0, 1, 2, 0, 0, 0, 1, 2, 1, 0, 2, 1, 0, 1, 0, 0, 0, 0, 0, 2, 0, 1, 0, 0, 1, 0, 2]|[4, 3, 2, 2, 0, 0, 2, 2, 2, 4, 1, 1, 2, 4, 4, 1, 2, 4, 2, 1, 1, 1, 1, 2, 1, 2, 1, 1, 1, 1, 3, 2, 3, 0, 4, 0, 1, 1, 0, 3, 2, 2, 2, 0, 1, 1, 0, 4, 0, 1, 2, 2, 1, 4, 0, 3, 2, 1, 1, 2, 1, 3, 1, 1, 1, 3, 0, 4, 3, 1, 4, 1, 1, 0, 4, 1, 2, 1, 1, 3, 1, 3, 1, 1, 1, 1, 3, 1, 2, 1, 2, 1, 1, 2, 1, 2, 2, 3, 1, 1]|[0, 2, 1, 1, 3, 3, 0, 1, 0, 0, 0, 0, 1, 0, 1, 0, 0, 3, 1, 0, 0, 0, 3, 1, 0, 2, 0, 0, 0, 1, 0, 0, 0, 0, 3, 0, 1, 0, 0, 2, 1, 1, 1, 0, 0, 0, 0, 2, 1, 0, 0, 0, 1, 3, 0, 0, 1, 0, 0, 1, 0, 2, 0, 1, 0, 2, 1, 0, 0, 1, 1, 3, 1, 1, 3, 0, 1, 0, 0, 2, 0, 0, 0, 0, 1, 0, 2, 0, 1, 0, 1, 0, 0, 0, 1, 0, 0, 0, 1, 0],801.427594812029,57868.49349465401,91455.85780813712,true
16,G1_CMAX,G4_BALANCED,[31, 22, 82, 15, 26, 58, 95, 42, 77, 12, 47, 5, 93, 78, 86, 54, 85, 63, 18, 44, 20, 35, 43, 97, 91, 76, 10, 30, 21, 45, 71, 64, 1, 23, 17, 83, 24, 14, 60, 36, 6, 57, 40, 88, 65, 56, 79, 94, 67, 68, 46, 75, 38, 9, 19, 32, 81, 41, 27, 62, 87, 90, 99, 59, 11, 16, 72, 73, 70, 39, 37, 84, 69, 92, 25, 55, 28, 29, 51, 7, 66, 61, 98, 48, 89, 50, 4, 96, 8, 80, 53, 33, 34, 2, 52, 13, 0, 3, 74, 49]|[1, 1, 0, 1, 1, 0, 1, 2, 2, 1, 2, 2, 2, 1, 1, 0, 0, 1, 0, 2, 2, 0, 1, 2, 2, 1, 2, 2, 0, 0, 1, 2, 1, 2, 1, 0, 2, 0, 1, 1, 0, 1, 1, 1, 0, 2, 1, 1, 0, 0, 0, 0, 1, 1, 2, 1, 2, 0, 0, 0, 2, 1, 0, 1, 2, 1, 2, 1, 1, 1, 1, 1, 1, 0, 1, 2, 0, 0, 0, 1, 2, 1, 2, 0, 1, 0, 1, 2, 1, 0, 0, 2, 2, 0, 2, 0, 0, 1, 2, 0]|[4, 3, 2, 2, 4, 1, 2, 2, 2, 4, 1, 1, 2, 4, 4, 1, 2, 4, 2, 1, 1, 1, 1, 2, 1, 2, 1, 1, 1, 1, 3, 2, 3, 1, 4, 0, 1, 1, 0, 3, 1, 2, 2, 0, 1, 1, 0, 4, 0, 1, 2, 2, 1, 4, 0, 3, 2, 1, 1, 2, 1, 3, 1, 1, 1, 3, 0, 4, 3, 1, 4, 1, 4, 0, 4, 1, 2, 1, 1, 1, 1, 3, 1, 1, 1, 1, 4, 1, 3, 1, 2, 1, 1, 2, 1, 2, 2, 4, 1, 1]|[0, 2, 1, 1, 3, 0, 1, 0, 0, 0, 0, 0, 1, 0, 1, 0, 0, 3, 1, 0, 0, 0, 3, 1, 0, 2, 0, 0, 0, 1, 0, 0, 0, 0, 3, 0, 1, 0, 0, 2, 0, 1, 1, 0, 0, 0, 0, 2, 1, 0, 0, 0, 1, 3, 0, 0, 1, 0, 0, 1, 0, 2, 0, 1, 0, 2, 1, 0, 0, 1, 1, 3, 2, 1, 3, 0, 1, 0, 0, 2, 0, 0, 0, 0, 1, 0, 0, 0, 2, 0, 1, 0, 0, 0, 0, 0, 0, 2, 0, 1],811.3764980153643,55716.396979443074,99038.49678480547,true
16,G4_BALANCED,G4_BALANCED,[31, 11, 82, 15, 26, 9, 95, 42, 77, 68, 47, 5, 93, 78, 86, 54, 85, 63, 18, 44, 20, 49, 36, 14, 74, 50, 53, 17, 21, 45, 71, 64, 3, 23, 30, 83, 24, 41, 60, 52, 65, 27, 90, 70, 39, 87, 48, 69, 99, 4, 46, 1, 13, 58, 97, 59, 28, 75, 73, 37, 35, 79, 22, 66, 76, 32, 40, 80, 96, 6, 16, 61, 33, 7, 57, 34, 12, 67, 10, 98, 56, 88, 29, 8, 91, 43, 19, 92, 38, 84, 51, 72, 81, 25, 2, 55, 0, 94, 89, 62]|[2, 1, 2, 1, 1, 2, 1, 1, 1, 1, 1, 0, 2, 2, 1, 2, 0, 0, 0, 2, 2, 1, 0, 2, 0, 2, 2, 1, 0, 1, 1, 1, 0, 0, 1, 0, 2, 1, 2, 2, 0, 0, 1, 1, 0, 2, 0, 2, 1, 0, 0, 2, 0, 0, 2, 0, 1, 0, 0, 0, 2, 1, 0, 2, 2, 0, 2, 2, 0, 1, 2, 1, 1, 2, 0, 1, 1, 1, 1, 2, 2, 1, 1, 1, 1, 1, 1, 0, 0, 0, 1, 1, 1, 1, 2, 0, 0, 2, 1, 1]|[0, 3, 0, 2, 4, 1, 4, 4, 2, 4, 3, 2, 1, 0, 2, 1, 1, 1, 2, 1, 1, 3, 0, 1, 0, 1, 1, 4, 1, 4, 3, 2, 2, 0, 4, 1, 1, 4, 0, 1, 2, 1, 4, 4, 1, 1, 0, 2, 3, 1, 2, 1, 2, 1, 1, 2, 4, 2, 0, 2, 2, 3, 1, 0, 1, 2, 0, 1, 2, 4, 1, 3, 4, 1, 2, 4, 3, 3, 3, 1, 1, 4, 3, 3, 3, 4, 4, 2, 2, 2, 3, 4, 1, 4, 1, 2, 2, 1, 4, 3]|[0, 2, 0, 1, 3, 0, 1, 3, 0, 0, 2, 0, 1, 0, 1, 0, 0, 0, 1, 0, 0, 2, 0, 0, 1, 0, 0, 3, 0, 1, 0, 2, 0, 1, 3, 0, 1, 3, 1, 0, 0, 0, 1, 3, 0, 0, 1, 0, 2, 0, 0, 0, 0, 0, 1, 0, 1, 0, 1, 1, 0, 2, 0, 0, 0, 0, 0, 0, 0, 2, 0, 0, 1, 0, 0, 1, 0, 0, 3, 0, 0, 1, 0, 0, 0, 2, 3, 0, 0, 0, 0, 2, 1, 3, 0, 0, 0, 0, 1, 0],841.059703557273,52360.47579375201,108166.55869875997,false
16,G2_TEC,G2_TEC,[31, 22, 82, 15, 26, 9, 95, 42, 77, 68, 47, 5, 93, 78, 86, 54, 85, 63, 18, 44, 20, 49, 36, 14, 74, 50, 53, 17, 21, 28, 71, 64, 3, 23, 30, 83, 24, 41, 40, 52, 65, 27, 90, 70, 39, 87, 48, 69, 99, 4, 46, 1, 13, 58, 97, 59, 45, 8, 73, 37, 35, 79, 11, 66, 76, 32, 60, 80, 96, 6, 16, 61, 33, 7, 57, 34, 12, 67, 10, 98, 56, 88, 29, 25, 91, 38, 19, 92, 43, 84, 51, 72, 81, 75, 2, 89, 0, 94, 55, 62]|[2, 1, 2, 1, 1, 2, 1, 1, 1, 1, 1, 0, 2, 2, 1, 2, 0, 0, 0, 2, 2, 1, 0, 2, 0, 2, 2, 1, 0, 1, 1, 1, 0, 0, 1, 0, 2, 1, 2, 2, 0, 0, 1, 1, 0, 2, 0, 2, 1, 0, 0, 2, 0, 0, 2, 0, 1, 1, 0, 0, 2, 1, 0, 2, 2, 0, 2, 2, 0, 1, 2, 1, 1, 2, 0, 1, 1, 1, 1, 2, 2, 1, 1, 1, 1, 0, 1, 0, 1, 0, 1, 1, 1, 0, 2, 1, 0, 2, 0, 1]|[0, 3, 0, 3, 4, 1, 4, 4, 2, 4, 3, 2, 1, 0, 2, 1, 1, 1, 2, 1, 1, 3, 0, 1, 0, 1, 1, 4, 1, 4, 3, 2, 2, 0, 4, 1, 1, 4, 0, 1, 2, 1, 4, 4, 1, 1, 0, 2, 3, 1, 2, 1, 2, 1, 1, 2, 4, 3, 0, 2, 2, 3, 1, 0, 1, 2, 0, 1, 2, 4, 1, 3, 4, 1, 2, 4, 3, 3, 3, 1, 1, 4, 3, 4, 3, 2, 4, 2, 4, 2, 3, 4, 1, 2, 1, 4, 2, 1, 2, 3]|[0, 2, 0, 0, 3, 0, 1, 3, 0, 0, 2, 0, 1, 0, 1, 0, 0, 0, 1, 0, 0, 2, 0, 0, 1, 0, 0, 3, 0, 1, 0, 2, 0, 0, 3, 0, 1, 3, 0, 0, 0, 0, 1, 3, 0, 0, 1, 0, 2, 0, 0, 0, 0, 0, 1, 0, 1, 0, 1, 1, 0, 2, 0, 0, 0, 0, 0, 0, 0, 2, 0, 0, 1, 0, 0, 1, 0, 0, 3, 0, 0, 1, 0, 3, 0, 0, 3, 0, 2, 0, 0, 2, 1, 0, 0, 1, 0, 0, 0, 0],889.0053545036524,50920.37616528636,113453.88510595518,false
16,G3_TWC,G2_TEC,[31, 22, 82, 15, 26, 9, 95, 42, 77, 68, 47, 5, 93, 78, 86, 54, 85, 63, 18, 44, 20, 49, 36, 14, 74, 50, 53, 17, 21, 28, 71, 64, 3, 23, 30, 83, 24, 41, 60, 52, 65, 27, 90, 70, 39, 87, 48, 69, 99, 4, 46, 1, 13, 58, 97, 59, 45, 8, 73, 37, 35, 79, 11, 66, 76, 32, 40, 80, 96, 6, 16, 61, 33, 7, 57, 34, 12, 67, 10, 98, 56, 88, 29, 75, 91, 38, 19, 92, 43, 84, 51, 72, 81, 25, 2, 55, 0, 94, 89, 62]|[2, 1, 2, 1, 1, 2, 1, 1, 1, 1, 1, 0, 2, 2, 1, 2, 0, 0, 0, 2, 2, 1, 0, 2, 0, 2, 2, 1, 0, 1, 1, 1, 0, 0, 1, 0, 2, 1, 2, 2, 0, 0, 1, 1, 0, 2, 0, 2, 1, 0, 0, 2, 0, 0, 2, 0, 1, 1, 0, 0, 2, 1, 0, 2, 2, 0, 2, 2, 0, 1, 2, 1, 1, 2, 0, 1, 1, 1, 1, 2, 2, 1, 1, 0, 1, 0, 1, 2, 0, 0, 1, 1, 1, 1, 2, 0, 0, 1, 1, 1]|[0, 3, 0, 3, 4, 1, 4, 4, 2, 4, 3, 2, 1, 0, 2, 1, 1, 1, 2, 1, 1, 3, 0, 1, 0, 1, 1, 4, 1, 4, 3, 2, 2, 0, 4, 1, 1, 4, 0, 1, 2, 1, 4, 4, 1, 1, 0, 2, 3, 1, 2, 1, 2, 1, 1, 2, 4, 3, 0, 2, 2, 3, 1, 0, 1, 2, 0, 1, 2, 4, 1, 3, 4, 1, 2, 4, 3, 3, 3, 1, 1, 4, 3, 2, 3, 2, 4, 1, 2, 2, 3, 4, 4, 4, 1, 2, 2, 4, 4, 3]|[0, 2, 0, 0, 3, 0, 1, 3, 0, 0, 2, 0, 1, 0, 1, 0, 0, 0, 1, 0, 0, 2, 0, 0, 1, 0, 0, 3, 0, 1, 0, 2, 0, 0, 3, 0, 1, 3, 1, 0, 0, 0, 1, 3, 0, 0, 1, 0, 2, 0, 0, 0, 0, 0, 1, 0, 1, 0, 1, 1, 0, 2, 0, 0, 0, 0, 0, 0, 0, 2, 0, 0, 1, 0, 0, 1, 0, 0, 3, 0, 0, 1, 0, 0, 0, 0, 3, 0, 0, 0, 0, 2, 1, 3, 0, 0, 0, 2, 1, 0],907.8893493713917,50984.042931843265,110243.83722226342,true
16,G1_CMAX,G2_TEC,[31, 22, 82, 15, 26, 9, 95, 42, 77, 68, 47, 5, 93, 78, 86, 54, 85, 63, 18, 44, 20, 49, 36, 14, 74, 50, 53, 17, 21, 28, 71, 64, 3, 23, 30, 83, 24, 41, 40, 52, 65, 27, 90, 70, 39, 87, 94, 69, 99, 4, 32, 1, 13, 58, 97, 59, 45, 8, 73, 37, 35, 79, 11, 66, 76, 46, 60, 80, 96, 6, 16, 61, 33, 7, 57, 34, 12, 67, 10, 98, 56, 88, 29, 75, 91, 38, 19, 92, 43, 84, 51, 72, 81, 25, 2, 55, 0, 62, 89, 48]|[2, 1, 2, 1, 1, 2, 1, 1, 1, 1, 1, 0, 2, 2, 1, 2, 0, 0, 0, 2, 2, 1, 0, 2, 0, 2, 2, 1, 0, 1, 1, 1, 0, 0, 1, 0, 2, 1, 2, 2, 0, 0, 1, 1, 0, 2, 2, 2, 1, 0, 0, 2, 0, 0, 2, 0, 1, 1, 0, 0, 2, 1, 0, 2, 2, 0, 2, 2, 0, 1, 2, 1, 1, 2, 0, 1, 1, 1, 1, 2, 2, 1, 1, 0, 1, 0, 1, 0, 1, 0, 1, 1, 1, 1, 2, 0, 0, 1, 1, 0]|[0, 3, 0, 3, 4, 1, 4, 4, 2, 4, 3, 2, 1, 0, 2, 1, 1, 1, 2, 1, 1, 3, 0, 1, 0, 1, 1, 4, 1, 4, 3, 2, 2, 0, 4, 1, 1, 4, 0, 1, 2, 1, 4, 4, 1, 1, 1, 2, 3, 1, 2, 1, 2, 1, 1, 2, 4, 3, 0, 2, 2, 3, 1, 0, 1, 2, 0, 1, 2, 4, 1, 3, 4, 1, 2, 4, 3, 3, 3, 1, 1, 4, 3, 2, 3, 2, 4, 2, 4, 2, 3, 4, 1, 4, 1, 2, 2, 3, 4, 0]|[0, 2, 0, 0, 3, 0, 1, 3, 0, 0, 2, 0, 1, 0, 1, 0, 0, 0, 1, 0, 0, 2, 0, 0, 1, 0, 0, 3, 0, 1, 0, 2, 0, 1, 3, 0, 1, 3, 0, 0, 0, 0, 1, 3, 0, 0, 0, 0, 2, 0, 0, 0, 0, 0, 1, 0, 1, 0, 1, 1, 0, 2, 0, 0, 0, 0, 0, 0, 0, 2, 0, 0, 1, 0, 0, 1, 0, 0, 3, 0, 0, 1, 0, 0, 0, 0, 3, 0, 2, 0, 0, 2, 1, 3, 0, 0, 0, 0, 1, 1],856.549241947346,51507.03619371419,111894.7251863185,true
16,G4_BALANCED,G4_BALANCED,[31, 11, 82, 15, 26, 9, 95, 42, 77, 68, 47, 5, 93, 78, 86, 54, 85, 63, 18, 44, 20, 49, 36, 14, 74, 50, 53, 17, 21, 45, 71, 64, 3, 23, 30, 83, 24, 41, 60, 52, 65, 27, 90, 70, 39, 87, 48, 69, 99, 4, 46, 1, 13, 58, 97, 59, 28, 75, 73, 37, 35, 79, 22, 66, 76, 32, 40, 80, 96, 6, 16, 61, 33, 7, 57, 34, 12, 67, 10, 98, 56, 88, 29, 8, 91, 43, 19, 92, 38, 84, 51, 72, 81, 25, 2, 55, 0, 94, 89, 62]|[2, 1, 2, 1, 1, 2, 1, 1, 1, 1, 1, 0, 2, 2, 1, 2, 0, 0, 0, 2, 2, 1, 0, 2, 0, 2, 2, 1, 0, 1, 1, 1, 0, 0, 1, 0, 2, 1, 2, 2, 0, 0, 1, 1, 0, 2, 0, 2, 1, 0, 0, 2, 0, 0, 2, 0, 1, 0, 0, 0, 2, 1, 0, 2, 2, 0, 2, 2, 0, 1, 2, 1, 1, 2, 0, 1, 1, 1, 1, 2, 2, 1, 1, 1, 1, 1, 1, 0, 0, 0, 1, 1, 1, 1, 2, 0, 0, 2, 1, 1]|[0, 3, 0, 2, 4, 1, 4, 4, 2, 4, 3, 2, 1, 0, 2, 1, 1, 1, 2, 1, 1, 3, 0, 1, 0, 1, 1, 4, 1, 4, 3, 2, 2, 0, 4, 1, 1, 4, 0, 1, 2, 1, 4, 4, 1, 1, 0, 2, 3, 1, 2, 1, 2, 1, 1, 2, 4, 2, 0, 2, 2, 3, 1, 0, 1, 2, 0, 1, 2, 4, 1, 3, 4, 1, 2, 4, 3, 3, 3, 1, 1, 4, 3, 3, 3, 4, 4, 2, 2, 2, 3, 4, 1, 4, 1, 2, 2, 1, 4, 3]|[0, 2, 0, 1, 3, 0, 1, 3, 0, 0, 2, 0, 1, 0, 1, 0, 0, 0, 1, 0, 0, 2, 0, 0, 1, 0, 0, 3, 0, 1, 0, 2, 0, 1, 3, 0, 1, 3, 1, 0, 0, 0, 1, 3, 0, 0, 1, 0, 2, 0, 0, 0, 0, 0, 1, 0, 1, 0, 1, 1, 0, 2, 0, 0, 0, 0, 0, 0, 0, 2, 0, 0, 1, 0, 0, 1, 0, 0, 3, 0, 0, 1, 0, 0, 0, 2, 3, 0, 0, 0, 0, 2, 1, 3, 0, 0, 0, 0, 1, 0],841.059703557273,52360.47579375201,108166.55869875997,false
16,G2_TEC,G2_TEC,[31, 22, 82, 15, 26, 9, 95, 42, 77, 68, 47, 5, 93, 78, 86, 54, 85, 63, 18, 44, 20, 49, 36, 14, 74, 50, 53, 17, 21, 28, 71, 64, 3, 23, 30, 83, 24, 41, 40, 52, 65, 27, 90, 70, 39, 87, 48, 69, 99, 4, 46, 1, 13, 58, 97, 59, 45, 8, 73, 37, 35, 79, 11, 66, 76, 32, 60, 80, 96, 6, 16, 61, 33, 7, 57, 34, 12, 67, 10, 98, 56, 88, 29, 25, 91, 38, 19, 92, 43, 84, 51, 72, 81, 75, 2, 89, 0, 94, 55, 62]|[2, 1, 2, 1, 1, 2, 1, 1, 1, 1, 1, 0, 2, 2, 1, 2, 0, 0, 0, 2, 2, 1, 0, 2, 0, 2, 2, 1, 0, 1, 1, 1, 0, 0, 1, 0, 2, 1, 2, 2, 0, 0, 1, 1, 0, 2, 0, 2, 1, 0, 0, 2, 0, 0, 2, 0, 1, 1, 0, 0, 2, 1, 0, 2, 2, 0, 2, 2, 0, 1, 2, 1, 1, 2, 0, 1, 1, 1, 1, 2, 2, 1, 1, 1, 1, 0, 1, 0, 1, 0, 1, 1, 1, 0, 2, 1, 0, 2, 0, 1]|[0, 3, 0, 3, 4, 1, 4, 4, 2, 4, 3, 2, 1, 0, 2, 1, 1, 1, 2, 1, 1, 3, 0, 1, 0, 1, 1, 4, 1, 4, 3, 2, 2, 0, 4, 1, 1, 4, 0, 1, 2, 1, 4, 4, 1, 1, 0, 2, 3, 1, 2, 1, 2, 1, 1, 2, 4, 3, 0, 2, 2, 3, 1, 0, 1, 2, 0, 1, 2, 4, 1, 3, 4, 1, 2, 4, 3, 3, 3, 1, 1, 4, 3, 4, 3, 2, 4, 2, 4, 2, 3, 4, 1, 2, 1, 4, 2, 1, 2, 3]|[0, 2, 0, 0, 3, 0, 1, 3, 0, 0, 2, 0, 1, 0, 1, 0, 0, 0, 1, 0, 0, 2, 0, 0, 1, 0, 0, 3, 0, 1, 0, 2, 0, 0, 3, 0, 1, 3, 0, 0, 0, 0, 1, 3, 0, 0, 1, 0, 2, 0, 0, 0, 0, 0, 1, 0, 1, 0, 1, 1, 0, 2, 0, 0, 0, 0, 0, 0, 0, 2, 0, 0, 1, 0, 0, 1, 0, 0, 3, 0, 0, 1, 0, 3, 0, 0, 3, 0, 2, 0, 0, 2, 1, 0, 0, 1, 0, 0, 0, 0],889.0053545036524,50920.37616528636,113453.88510595518,false
16,G3_TWC,G1_CMAX,[31, 22, 82, 15, 26, 9, 42, 95, 77, 12, 47, 5, 93, 78, 86, 54, 85, 63, 18, 44, 20, 35, 43, 97, 91, 76, 10, 30, 21, 45, 71, 64, 1, 23, 17, 83, 24, 14, 60, 36, 6, 57, 94, 88, 65, 56, 79, 40, 67, 68, 46, 75, 38, 58, 19, 32, 81, 41, 27, 62, 87, 90, 99, 59, 11, 16, 72, 73, 69, 39, 37, 84, 3, 92, 25, 55, 28, 29, 51, 7, 33, 61, 98, 66, 89, 50, 8, 96, 53, 80, 4, 48, 34, 2, 52, 13, 0, 70, 49, 74]|[1, 1, 0, 1, 1, 1, 2, 1, 2, 1, 2, 2, 2, 1, 1, 0, 0, 1, 0, 2, 2, 0, 1, 2, 0, 1, 2, 2, 0, 0, 1, 2, 1, 2, 1, 0, 2, 0, 1, 1, 0, 1, 1, 1, 0, 2, 1, 1, 0, 0, 0, 0, 1, 1, 2, 1, 2, 0, 0, 0, 2, 1, 0, 1, 2, 1, 2, 1, 1, 1, 1, 1, 1, 0, 1, 2, 0, 0, 0, 1, 2, 1, 0, 2, 1, 0, 1, 0, 0, 0, 0, 0, 2, 0, 1, 0, 0, 1, 0, 2]|[4, 3, 2, 2, 0, 0, 2, 2, 2, 4, 1, 1, 2, 4, 4, 1, 2, 4, 2, 1, 1, 1, 1, 2, 1, 2, 1, 1, 1, 1, 3, 2, 3, 0, 4, 0, 1, 1, 0, 3, 2, 2, 2, 0, 1, 1, 0, 4, 0, 1, 2, 2, 1, 4, 0, 3, 2, 1, 1, 2, 1, 3, 1, 1, 1, 3, 0, 4, 3, 1, 4, 1, 1, 0, 4, 1, 2, 1, 1, 3, 1, 3, 1, 1, 1, 1, 3, 1, 2, 1, 2, 1, 1, 2, 1, 2, 2, 3, 1, 1]|[0, 2, 1, 1, 3, 3, 0, 1, 0, 0, 0, 0, 1, 0, 1, 0, 0, 3, 1, 0, 0, 0, 3, 1, 0, 2, 0, 0, 0, 1, 0, 0, 0, 0, 3, 0, 1, 0, 0, 2, 1, 1, 1, 0, 0, 0, 0, 2, 1, 0, 0, 0, 1, 3, 0, 0, 1, 0, 0, 1, 0, 2, 0, 1, 0, 2, 1, 0, 0, 1, 1, 3, 1, 1, 3, 0, 1, 0, 0, 2, 0, 0, 0, 0, 1, 0, 2, 0, 1, 0, 1, 0, 0, 0, 1, 0, 0, 0, 1, 0],801.427594812029,57868.49349465401,91455.85780813712,true
16,G1_CMAX,G2_TEC,[31, 22, 82, 15, 26, 9, 95, 42, 77, 68, 47, 5, 93, 78, 86, 54, 85, 63, 18, 44, 20, 49, 36, 14, 74, 50, 53, 17, 21, 28, 71, 64, 3, 23, 30, 83, 24, 41, 40, 52, 65, 27, 90, 70, 39, 87, 94, 69, 99, 4, 32, 1, 13, 58, 97, 59, 45, 8, 73, 37, 35, 79, 11, 66, 76, 46, 60, 80, 96, 6, 16, 61, 33, 7, 57, 34, 12, 67, 10, 98, 56, 88, 29, 75, 91, 38, 19, 92, 43, 84, 51, 72, 81, 25, 2, 55, 0, 62, 89, 48]|[2, 1, 2, 1, 1, 2, 1, 1, 1, 1, 1, 0, 2, 2, 1, 2, 0, 0, 0, 2, 2, 1, 0, 2, 0, 2, 2, 1, 0, 1, 1, 1, 0, 0, 1, 0, 2, 1, 2, 2, 0, 0, 1, 1, 0, 2, 2, 2, 1, 0, 0, 2, 0, 0, 2, 0, 1, 1, 0, 0, 2, 1, 0, 2, 2, 0, 2, 2, 0, 1, 2, 1, 1, 2, 0, 1, 1, 1, 1, 2, 2, 1, 1, 0, 1, 0, 1, 0, 1, 0, 1, 1, 1, 1, 2, 0, 0, 1, 1, 0]|[0, 3, 0, 3, 4, 1, 4, 4, 2, 4, 3, 2, 1, 0, 2, 1, 1, 1, 2, 1, 1, 3, 0, 1, 0, 1, 1, 4, 1, 4, 3, 2, 2, 0, 4, 1, 1, 4, 0, 1, 2, 1, 4, 4, 1, 1, 1, 2, 3, 1, 2, 1, 2, 1, 1, 2, 4, 3, 0, 2, 2, 3, 1, 0, 1, 2, 0, 1, 2, 4, 1, 3, 4, 1, 2, 4, 3, 3, 3, 1, 1, 4, 3, 2, 3, 2, 4, 2, 4, 2, 3, 4, 1, 4, 1, 2, 2, 3, 4, 0]|[0, 2, 0, 0, 3, 0, 1, 3, 0, 0, 2, 0, 1, 0, 1, 0, 0, 0, 1, 0, 0, 2, 0, 0, 1, 0, 0, 3, 0, 1, 0, 2, 0, 1, 3, 0, 1, 3, 0, 0, 0, 0, 1, 3, 0, 0, 0, 0, 2, 0, 0, 0, 0, 0, 1, 0, 1, 0, 1, 1, 0, 2, 0, 0, 0, 0, 0, 0, 0, 2, 0, 0, 1, 0, 0, 1, 0, 0, 3, 0, 0, 1, 0, 0, 0, 0, 3, 0, 2, 0, 0, 2, 1, 3, 0, 0, 0, 0, 1, 1],856.549241947346,51507.03619371419,111894.7251863185,true
16,G4_BALANCED,G4_BALANCED,[31, 11, 82, 15, 26, 9, 95, 42, 77, 68, 47, 5, 93, 78, 86, 54, 85, 63, 18, 44, 20, 49, 36, 14, 74, 50, 53, 17, 21, 45, 71, 64, 3, 23, 30, 83, 24, 41, 60, 52, 65, 27, 90, 70, 39, 87, 48, 69, 99, 4, 46, 1, 13, 58, 97, 59, 28, 75, 73, 37, 35, 79, 22, 66, 76, 32, 40, 80, 96, 6, 16, 61, 33, 7, 57, 34, 12, 67, 10, 98, 56, 88, 29, 8, 91, 43, 19, 92, 38, 84, 51, 72, 81, 25, 2, 55, 0, 94, 89, 62]|[2, 1, 2, 1, 1, 2, 1, 1, 1, 1, 1, 0, 2, 2, 1, 2, 0, 0, 0, 2, 2, 1, 0, 2, 0, 2, 2, 1, 0, 1, 1, 1, 0, 0, 1, 0, 2, 1, 2, 2, 0, 0, 1, 1, 0, 2, 0, 2, 1, 0, 0, 2, 0, 0, 2, 0, 1, 0, 0, 0, 2, 1, 0, 2, 2, 0, 2, 2, 0, 1, 2, 1, 1, 2, 0, 1, 1, 1, 1, 2, 2, 1, 1, 1, 1, 1, 1, 0, 0, 0, 1, 1, 1, 1, 2, 0, 0, 2, 1, 1]|[0, 3, 0, 2, 4, 1, 4, 4, 2, 4, 3, 2, 1, 0, 2, 1, 1, 1, 2, 1, 1, 3, 0, 1, 0, 1, 1, 4, 1, 4, 3, 2, 2, 0, 4, 1, 1, 4, 0, 1, 2, 1, 4, 4, 1, 1, 0, 2, 3, 1, 2, 1, 2, 1, 1, 2, 4, 2, 0, 2, 2, 3, 1, 0, 1, 2, 0, 1, 2, 4, 1, 3, 4, 1, 2, 4, 3, 3, 3, 1, 1, 4, 3, 3, 3, 4, 4, 2, 2, 2, 3, 4, 1, 4, 1, 2, 2, 1, 4, 3]|[0, 2, 0, 1, 3, 0, 1, 3, 0, 0, 2, 0, 1, 0, 1, 0, 0, 0, 1, 0, 0, 2, 0, 0, 1, 0, 0, 3, 0, 1, 0, 2, 0, 1, 3, 0, 1, 3, 1, 0, 0, 0, 1, 3, 0, 0, 1, 0, 2, 0, 0, 0, 0, 0, 1, 0, 1, 0, 1, 1, 0, 2, 0, 0, 0, 0, 0, 0, 0, 2, 0, 0, 1, 0, 0, 1, 0, 0, 3, 0, 0, 1, 0, 0, 0, 2, 3, 0, 0, 0, 0, 2, 1, 3, 0, 0, 0, 0, 1, 0],841.059703557273,52360.47579375201,108166.55869875997,false
16,G2_TEC,G2_TEC,[31, 22, 82, 15, 26, 9, 95, 42, 77, 68, 47, 5, 93, 78, 86, 54, 85, 63, 18, 44, 20, 49, 36, 14, 74, 50, 53, 17, 21, 28, 71, 64, 3, 23, 30, 83, 24, 41, 40, 52, 65, 27, 90, 70, 39, 87, 48, 69, 99, 4, 46, 1, 13, 58, 97, 59, 45, 8, 73, 37, 35, 79, 11, 66, 76, 32, 60, 80, 96, 6, 16, 61, 33, 7, 57, 34, 12, 67, 10, 98, 56, 88, 29, 25, 91, 38, 19, 92, 43, 84, 51, 72, 81, 75, 2, 89, 0, 94, 55, 62]|[2, 1, 2, 1, 1, 2, 1, 1, 1, 1, 1, 0, 2, 2, 1, 2, 0, 0, 0, 2, 2, 1, 0, 2, 0, 2, 2, 1, 0, 1, 1, 1, 0, 0, 1, 0, 2, 1, 2, 2, 0, 0, 1, 1, 0, 2, 0, 2, 1, 0, 0, 2, 0, 0, 2, 0, 1, 1, 0, 0, 2, 1, 0, 2, 2, 0, 2, 2, 0, 1, 2, 1, 1, 2, 0, 1, 1, 1, 1, 2, 2, 1, 1, 1, 1, 0, 1, 0, 1, 0, 1, 1, 1, 0, 2, 1, 0, 2, 0, 1]|[0, 3, 0, 3, 4, 1, 4, 4, 2, 4, 3, 2, 1, 0, 2, 1, 1, 1, 2, 1, 1, 3, 0, 1, 0, 1, 1, 4, 1, 4, 3, 2, 2, 0, 4, 1, 1, 4, 0, 1, 2, 1, 4, 4, 1, 1, 0, 2, 3, 1, 2, 1, 2, 1, 1, 2, 4, 3, 0, 2, 2, 3, 1, 0, 1, 2, 0, 1, 2, 4, 1, 3, 4, 1, 2, 4, 3, 3, 3, 1, 1, 4, 3, 4, 3, 2, 4, 2, 4, 2, 3, 4, 1, 2, 1, 4, 2, 1, 2, 3]|[0, 2, 0, 0, 3, 0, 1, 3, 0, 0, 2, 0, 1, 0, 1, 0, 0, 0, 1, 0, 0, 2, 0, 0, 1, 0, 0, 3, 0, 1, 0, 2, 0, 0, 3, 0, 1, 3, 0, 0, 0, 0, 1, 3, 0, 0, 1, 0, 2, 0, 0, 0, 0, 0, 1, 0, 1, 0, 1, 1, 0, 2, 0, 0, 0, 0, 0, 0, 0, 2, 0, 0, 1, 0, 0, 1, 0, 0, 3, 0, 0, 1, 0, 3, 0, 0, 3, 0, 2, 0, 0, 2, 1, 0, 0, 1, 0, 0, 0, 0],889.0053545036524,50920.37616528636,113453.88510595518,false
16,G3_TWC,G1_CMAX,[31, 22, 82, 15, 26, 9, 42, 95, 77, 12, 47, 5, 93, 78, 86, 54, 85, 63, 18, 44, 20, 35, 43, 97, 91, 76, 10, 30, 21, 45, 71, 64, 1, 23, 17, 83, 24, 14, 60, 36, 6, 57, 94, 88, 65, 56, 79, 40, 67, 68, 46, 75, 38, 58, 19, 32, 81, 41, 27, 62, 87, 90, 99, 59, 11, 16, 72, 73, 69, 39, 37, 84, 3, 92, 25, 55, 28, 29, 51, 7, 33, 61, 98, 66, 89, 50, 8, 96, 53, 80, 4, 48, 34, 2, 52, 13, 0, 70, 49, 74]|[1, 1, 0, 1, 1, 1, 2, 1, 2, 1, 2, 2, 2, 1, 1, 0, 0, 1, 0, 2, 2, 0, 1, 2, 0, 1, 2, 2, 0, 0, 1, 2, 1, 2, 1, 0, 2, 0, 1, 1, 0, 1, 1, 1, 0, 2, 1, 1, 0, 0, 0, 0, 1, 1, 2, 1, 2, 0, 0, 0, 2, 1, 0, 1, 2, 1, 2, 1, 1, 1, 1, 1, 1, 0, 1, 2, 0, 0, 0, 1, 2, 1, 0, 2, 1, 0, 1, 0, 0, 0, 0, 0, 2, 0, 1, 0, 0, 1, 0, 2]|[4, 3, 2, 2, 0, 0, 2, 2, 2, 4, 1, 1, 2, 4, 4, 1, 2, 4, 2, 1, 1, 1, 1, 2, 1, 2, 1, 1, 1, 1, 3, 2, 3, 0, 4, 0, 1, 1, 0, 3, 2, 2, 2, 0, 1, 1, 0, 4, 0, 1, 2, 2, 1, 4, 0, 3, 2, 1, 1, 2, 1, 3, 1, 1, 1, 3, 0, 4, 3, 1, 4, 1, 1, 0, 4, 1, 2, 1, 1, 3, 1, 3, 1, 1, 1, 1, 3, 1, 2, 1, 2, 1, 1, 2, 1, 2, 2, 3, 1, 1]|[0, 2, 1, 1, 3, 3, 0, 1, 0, 0, 0, 0, 1, 0, 1, 0, 0, 3, 1, 0, 0, 0, 3, 1, 0, 2, 0, 0, 0, 1, 0, 0, 0, 0, 3, 0, 1, 0, 0, 2, 1, 1, 1, 0, 0, 0, 0, 2, 1, 0, 0, 0, 1, 3, 0, 0, 1, 0, 0, 1, 0, 2, 0, 1, 0, 2, 1, 0, 0, 1, 1, 3, 1, 1, 3, 0, 1, 0, 0, 2, 0, 0, 0, 0, 1, 0, 2, 0, 1, 0, 1, 0, 0, 0, 1, 0, 0, 0, 1, 0],801.427594812029,57868.49349465401,91455.85780813712,true
16,G1_CMAX,G2_TEC,[31, 22, 82, 15, 26, 9, 95, 42, 77, 68, 47, 5, 93, 78, 86, 54, 85, 63, 18, 44, 20, 49, 36, 14, 74, 50, 53, 17, 21, 28, 71, 64, 3, 23, 30, 83, 24, 41, 40, 52, 65, 27, 90, 70, 39, 87, 94, 69, 99, 4, 32, 1, 13, 58, 97, 59, 45, 8, 73, 37, 35, 79, 11, 66, 76, 46, 60, 80, 96, 6, 16, 61, 33, 7, 57, 34, 12, 67, 10, 98, 56, 88, 29, 75, 91, 38, 19, 92, 43, 84, 51, 72, 81, 25, 2, 55, 0, 62, 89, 48]|[2, 1, 2, 1, 1, 2, 1, 1, 1, 1, 1, 0, 2, 2, 1, 2, 0, 0, 0, 2, 2, 1, 0, 2, 0, 2, 2, 1, 0, 1, 1, 1, 0, 0, 1, 0, 2, 1, 2, 2, 0, 0, 1, 1, 0, 2, 2, 2, 1, 0, 0, 2, 0, 0, 2, 0, 1, 1, 0, 0, 2, 1, 0, 2, 2, 0, 2, 2, 0, 1, 2, 1, 1, 2, 0, 1, 1, 1, 1, 2, 2, 1, 1, 0, 1, 0, 1, 0, 1, 0, 1, 1, 1, 1, 2, 0, 0, 1, 1, 0]|[0, 3, 0, 3, 4, 1, 4, 4, 2, 4, 3, 2, 1, 0, 2, 1, 1, 1, 2, 1, 1, 3, 0, 1, 0, 1, 1, 4, 1, 4, 3, 2, 2, 0, 4, 1, 1, 4, 0, 1, 2, 1, 4, 4, 1, 1, 1, 2, 3, 1, 2, 1, 2, 1, 1, 2, 4, 3, 0, 2, 2, 3, 1, 0, 1, 2, 0, 1, 2, 4, 1, 3, 4, 1, 2, 4, 3, 3, 3, 1, 1, 4, 3, 2, 3, 2, 4, 2, 4, 2, 3, 4, 1, 4, 1, 2, 2, 3, 4, 0]|[0, 2, 0, 0, 3, 0, 1, 3, 0, 0, 2, 0, 1, 0, 1, 0, 0, 0, 1, 0, 0, 2, 0, 0, 1, 0, 0, 3, 0, 1, 0, 2, 0, 1, 3, 0, 1, 3, 0, 0, 0, 0, 1, 3, 0, 0, 0, 0, 2, 0, 0, 0, 0, 0, 1, 0, 1, 0, 1, 1, 0, 2, 0, 0, 0, 0, 0, 0, 0, 2, 0, 0, 1, 0, 0, 1, 0, 0, 3, 0, 0, 1, 0, 0, 0, 0, 3, 0, 2, 0, 0, 2, 1, 3, 0, 0, 0, 0, 1, 1],856.549241947346,51507.03619371419,111894.7251863185,true
16,G4_BALANCED,G4_BALANCED,[31, 11, 82, 15, 26, 9, 95, 42, 77, 68, 47, 5, 93, 78, 86, 54, 85, 63, 18, 44, 20, 49, 36, 14, 74, 50, 53, 17, 21, 45, 71, 64, 3, 23, 30, 83, 24, 41, 60, 52, 65, 27, 90, 70, 39, 87, 48, 69, 99, 4, 46, 1, 13, 58, 97, 59, 28, 75, 73, 37, 35, 79, 22, 66, 76, 32, 40, 80, 96, 6, 16, 61, 33, 7, 57, 34, 12, 67, 10, 98, 56, 88, 29, 8, 91, 43, 19, 92, 38, 84, 51, 72, 81, 25, 2, 55, 0, 94, 89, 62]|[2, 1, 2, 1, 1, 2, 1, 1, 1, 1, 1, 0, 2, 2, 1, 2, 0, 0, 0, 2, 2, 1, 0, 2, 0, 2, 2, 1, 0, 1, 1, 1, 0, 0, 1, 0, 2, 1, 2, 2, 0, 0, 1, 1, 0, 2, 0, 2, 1, 0, 0, 2, 0, 0, 2, 0, 1, 0, 0, 0, 2, 1, 0, 2, 2, 0, 2, 2, 0, 1, 2, 1, 1, 2, 0, 1, 1, 1, 1, 2, 2, 1, 1, 1, 1, 1, 1, 0, 0, 0, 1, 1, 1, 1, 2, 0, 0, 2, 1, 1]|[0, 3, 0, 2, 4, 1, 4, 4, 2, 4, 3, 2, 1, 0, 2, 1, 1, 1, 2, 1, 1, 3, 0, 1, 0, 1, 1, 4, 1, 4, 3, 2, 2, 0, 4, 1, 1, 4, 0, 1, 2, 1, 4, 4, 1, 1, 0, 2, 3, 1, 2, 1, 2, 1, 1, 2, 4, 2, 0, 2, 2, 3, 1, 0, 1, 2, 0, 1, 2, 4, 1, 3, 4, 1, 2, 4, 3, 3, 3, 1, 1, 4, 3, 3, 3, 4, 4, 2, 2, 2, 3, 4, 1, 4, 1, 2, 2, 1, 4, 3]|[0, 2, 0, 1, 3, 0, 1, 3, 0, 0, 2, 0, 1, 0, 1, 0, 0, 0, 1, 0, 0, 2, 0, 0, 1, 0, 0, 3, 0, 1, 0, 2, 0, 1, 3, 0, 1, 3, 1, 0, 0, 0, 1, 3, 0, 0, 1, 0, 2, 0, 0, 0, 0, 0, 1, 0, 1, 0, 1, 1, 0, 2, 0, 0, 0, 0, 0, 0, 0, 2, 0, 0, 1, 0, 0, 1, 0, 0, 3, 0, 0, 1, 0, 0, 0, 2, 3, 0, 0, 0, 0, 2, 1, 3, 0, 0, 0, 0, 1, 0],841.059703557273,52360.47579375201,108166.55869875997,false
16,G2_TEC,G2_TEC,[31, 22, 82, 15, 26, 9, 95, 42, 77, 68, 47, 5, 93, 78, 86, 54, 85, 63, 18, 44, 20, 49, 36, 14, 74, 50, 53, 17, 21, 28, 71, 64, 3, 23, 30, 83, 24, 41, 40, 52, 65, 27, 90, 70, 39, 87, 48, 69, 99, 4, 46, 1, 13, 58, 97, 59, 45, 8, 73, 37, 35, 79, 11, 66, 76, 32, 60, 80, 96, 6, 16, 61, 33, 7, 57, 34, 12, 67, 10, 98, 56, 88, 29, 25, 91, 38, 19, 92, 43, 84, 51, 72, 81, 75, 2, 89, 0, 94, 55, 62]|[2, 1, 2, 1, 1, 2, 1, 1, 1, 1, 1, 0, 2, 2, 1, 2, 0, 0, 0, 2, 2, 1, 0, 2, 0, 2, 2, 1, 0, 1, 1, 1, 0, 0, 1, 0, 2, 1, 2, 2, 0, 0, 1, 1, 0, 2, 0, 2, 1, 0, 0, 2, 0, 0, 2, 0, 1, 1, 0, 0, 2, 1, 0, 2, 2, 0, 2, 2, 0, 1, 2, 1, 1, 2, 0, 1, 1, 1, 1, 2, 2, 1, 1, 1, 1, 0, 1, 0, 1, 0, 1, 1, 1, 0, 2, 1, 0, 2, 0, 1]|[0, 3, 0, 3, 4, 1, 4, 4, 2, 4, 3, 2, 1, 0, 2, 1, 1, 1, 2, 1, 1, 3, 0, 1, 0, 1, 1, 4, 1, 4, 3, 2, 2, 0, 4, 1, 1, 4, 0, 1, 2, 1, 4, 4, 1, 1, 0, 2, 3, 1, 2, 1, 2, 1, 1, 2, 4, 3, 0, 2, 2, 3, 1, 0, 1, 2, 0, 1, 2, 4, 1, 3, 4, 1, 2, 4, 3, 3, 3, 1, 1, 4, 3, 4, 3, 2, 4, 2, 4, 2, 3, 4, 1, 2, 1, 4, 2, 1, 2, 3]|[0, 2, 0, 0, 3, 0, 1, 3, 0, 0, 2, 0, 1, 0, 1, 0, 0, 0, 1, 0, 0, 2, 0, 0, 1, 0, 0, 3, 0, 1, 0, 2, 0, 0, 3, 0, 1, 3, 0, 0, 0, 0, 1, 3, 0, 0, 1, 0, 2, 0, 0, 0, 0, 0, 1, 0, 1, 0, 1, 1, 0, 2, 0, 0, 0, 0, 0, 0, 0, 2, 0, 0, 1, 0, 0, 1, 0, 0, 3, 0, 0, 1, 0, 3, 0, 0, 3, 0, 2, 0, 0, 2, 1, 0, 0, 1, 0, 0, 0, 0],889.0053545036524,50920.37616528636,113453.88510595518,false
16,G3_TWC,G1_CMAX,[31, 22, 82, 15, 26, 9, 42, 95, 77, 12, 47, 5, 93, 78, 86, 54, 85, 63, 18, 44, 20, 35, 43, 97, 91, 76, 10, 30, 21, 45, 71, 64, 1, 23, 17, 83, 24, 14, 60, 36, 6, 57, 94, 88, 65, 56, 79, 40, 67, 68, 46, 75, 38, 58, 19, 32, 81, 41, 27, 62, 87, 90, 99, 59, 11, 16, 72, 73, 69, 39, 37, 84, 3, 92, 25, 55, 28, 29, 51, 7, 33, 61, 98, 66, 89, 50, 8, 96, 53, 80, 4, 48, 34, 2, 52, 13, 0, 70, 49, 74]|[1, 1, 0, 1, 1, 1, 2, 1, 2, 1, 2, 2, 2, 1, 1, 0, 0, 1, 0, 2, 2, 0, 1, 2, 0, 1, 2, 2, 0, 0, 1, 2, 1, 2, 1, 0, 2, 0, 1, 1, 0, 1, 1, 1, 0, 2, 1, 1, 0, 0, 0, 0, 1, 1, 2, 1, 2, 0, 0, 0, 2, 1, 0, 1, 2, 1, 2, 1, 1, 1, 1, 1, 1, 0, 1, 2, 0, 0, 0, 1, 2, 1, 0, 2, 1, 0, 1, 0, 0, 0, 0, 0, 2, 0, 1, 0, 0, 1, 0, 2]|[4, 3, 2, 2, 0, 0, 2, 2, 2, 4, 1, 1, 2, 4, 4, 1, 2, 4, 2, 1, 1, 1, 1, 2, 1, 2, 1, 1, 1, 1, 3, 2, 3, 0, 4, 0, 1, 1, 0, 3, 2, 2, 2, 0, 1, 1, 0, 4, 0, 1, 2, 2, 1, 4, 0, 3, 2, 1, 1, 2, 1, 3, 1, 1, 1, 3, 0, 4, 3, 1, 4, 1, 1, 0, 4, 1, 2, 1, 1, 3, 1, 3, 1, 1, 1, 1, 3, 1, 2, 1, 2, 1, 1, 2, 1, 2, 2, 3, 1, 1]|[0, 2, 1, 1, 3, 3, 0, 1, 0, 0, 0, 0, 1, 0, 1, 0, 0, 3, 1, 0, 0, 0, 3, 1, 0, 2, 0, 0, 0, 1, 0, 0, 0, 0, 3, 0, 1, 0, 0, 2, 1, 1, 1, 0, 0, 0, 0, 2, 1, 0, 0, 0, 1, 3, 0, 0, 1, 0, 0, 1, 0, 2, 0, 1, 0, 2, 1, 0, 0, 1, 1, 3, 1, 1, 3, 0, 1, 0, 0, 2, 0, 0, 0, 0, 1, 0, 2, 0, 1, 0, 1, 0, 0, 0, 1, 0, 0, 0, 1, 0],801.427594812029,57868.49349465401,91455.85780813712,true
16,G1_CMAX,G2_TEC,[31, 22, 82, 15, 26, 9, 95, 42, 77, 68, 47, 5, 93, 78, 86, 54, 85, 63, 18, 44, 20, 49, 36, 14, 74, 50, 53, 17, 21, 28, 71, 64, 3, 23, 30, 83, 24, 41, 40, 52, 65, 27, 90, 70, 39, 87, 94, 69, 99, 4, 32, 1, 13, 58, 97, 59, 45, 8, 73, 37, 35, 79, 11, 66, 76, 46, 60, 80, 96, 6, 16, 61, 33, 7, 57, 34, 12, 67, 10, 98, 56, 88, 29, 75, 91, 38, 19, 92, 43, 84, 51, 72, 81, 25, 2, 55, 0, 62, 89, 48]|[2, 1, 2, 1, 1, 2, 1, 1, 1, 1, 1, 0, 2, 2, 1, 2, 0, 0, 0, 2, 2, 1, 0, 2, 0, 2, 2, 1, 0, 1, 1, 1, 0, 0, 1, 0, 2, 1, 2, 2, 0, 0, 1, 1, 0, 2, 2, 2, 1, 0, 0, 2, 0, 0, 2, 0, 1, 1, 0, 0, 2, 1, 0, 2, 2, 0, 2, 2, 0, 1, 2, 1, 1, 2, 0, 1, 1, 1, 1, 2, 2, 1, 1, 0, 1, 0, 1, 0, 1, 0, 1, 1, 1, 1, 2, 0, 0, 1, 1, 0]|[0, 3, 0, 3, 4, 1, 4, 4, 2, 4, 3, 2, 1, 0, 2, 1, 1, 1, 2, 1, 1, 3, 0, 1, 0, 1, 1, 4, 1, 4, 3, 2, 2, 0, 4, 1, 1, 4, 0, 1, 2, 1, 4, 4, 1, 1, 1, 2, 3, 1, 2, 1, 2, 1, 1, 2, 4, 3, 0, 2, 2, 3, 1, 0, 1, 2, 0, 1, 2, 4, 1, 3, 4, 1, 2, 4, 3, 3, 3, 1, 1, 4, 3, 2, 3, 2, 4, 2, 4, 2, 3, 4, 1, 4, 1, 2, 2, 3, 4, 0]|[0, 2, 0, 0, 3, 0, 1, 3, 0, 0, 2, 0, 1, 0, 1, 0, 0, 0, 1, 0, 0, 2, 0, 0, 1, 0, 0, 3, 0, 1, 0, 2, 0, 1, 3, 0, 1, 3, 0, 0, 0, 0, 1, 3, 0, 0, 0, 0, 2, 0, 0, 0, 0, 0, 1, 0, 1, 0, 1, 1, 0, 2, 0, 0, 0, 0, 0, 0, 0, 2, 0, 0, 1, 0, 0, 1, 0, 0, 3, 0, 0, 1, 0, 0, 0, 0, 3, 0, 2, 0, 0, 2, 1, 3, 0, 0, 0, 0, 1, 1],856.549241947346,51507.03619371419,111894.7251863185,true
16,G4_BALANCED,G4_BALANCED,[31, 11, 82, 15, 26, 9, 95, 42, 77, 68, 47, 5, 93, 78, 86, 54, 85, 63, 18, 44, 20, 49, 36, 14, 74, 50, 53, 17, 21, 45, 71, 64, 3, 23, 30, 83, 24, 41, 60, 52, 65, 27, 90, 70, 39, 87, 48, 69, 99, 4, 46, 1, 13, 58, 97, 59, 28, 75, 73, 37, 35, 79, 22, 66, 76, 32, 40, 80, 96, 6, 16, 61, 33, 7, 57, 34, 12, 67, 10, 98, 56, 88, 29, 8, 91, 43, 19, 92, 38, 84, 51, 72, 81, 25, 2, 55, 0, 94, 89, 62]|[2, 1, 2, 1, 1, 2, 1, 1, 1, 1, 1, 0, 2, 2, 1, 2, 0, 0, 0, 2, 2, 1, 0, 2, 0, 2, 2, 1, 0, 1, 1, 1, 0, 0, 1, 0, 2, 1, 2, 2, 0, 0, 1, 1, 0, 2, 0, 2, 1, 0, 0, 2, 0, 0, 2, 0, 1, 0, 0, 0, 2, 1, 0, 2, 2, 0, 2, 2, 0, 1, 2, 1, 1, 2, 0, 1, 1, 1, 1, 2, 2, 1, 1, 1, 1, 1, 1, 0, 0, 0, 1, 1, 1, 1, 2, 0, 0, 2, 1, 1]|[0, 3, 0, 2, 4, 1, 4, 4, 2, 4, 3, 2, 1, 0, 2, 1, 1, 1, 2, 1, 1, 3, 0, 1, 0, 1, 1, 4, 1, 4, 3, 2, 2, 0, 4, 1, 1, 4, 0, 1, 2, 1, 4, 4, 1, 1, 0, 2, 3, 1, 2, 1, 2, 1, 1, 2, 4, 2, 0, 2, 2, 3, 1, 0, 1, 2, 0, 1, 2, 4, 1, 3, 4, 1, 2, 4, 3, 3, 3, 1, 1, 4, 3, 3, 3, 4, 4, 2, 2, 2, 3, 4, 1, 4, 1, 2, 2, 1, 4, 3]|[0, 2, 0, 1, 3, 0, 1, 3, 0, 0, 2, 0, 1, 0, 1, 0, 0, 0, 1, 0, 0, 2, 0, 0, 1, 0, 0, 3, 0, 1, 0, 2, 0, 1, 3, 0, 1, 3, 1, 0, 0, 0, 1, 3, 0, 0, 1, 0, 2, 0, 0, 0, 0, 0, 1, 0, 1, 0, 1, 1, 0, 2, 0, 0, 0, 0, 0, 0, 0, 2, 0, 0, 1, 0, 0, 1, 0, 0, 3, 0, 0, 1, 0, 0, 0, 2, 3, 0, 0, 0, 0, 2, 1, 3, 0, 0, 0, 0, 1, 0],841.059703557273,52360.47579375201,108166.55869875997,false
16,G2_TEC,G2_TEC,[31, 22, 82, 15, 26, 9, 95, 42, 77, 68, 47, 5, 93, 78, 86, 54, 85, 63, 18, 44, 20, 49, 36, 14, 74, 50, 53, 17, 21, 28, 71, 64, 3, 23, 30, 83, 24, 41, 60, 52, 65, 27, 90, 70, 39, 87, 48, 69, 99, 4, 46, 1, 13, 58, 97, 59, 45, 8, 73, 37, 35, 79, 11, 66, 76, 32, 40, 80, 96, 6, 16, 61, 33, 7, 57, 34, 12, 67, 10, 98, 56, 84, 29, 75, 91, 38, 19, 92, 43, 88, 51, 72, 81, 25, 2, 55, 0, 94, 89, 62]|[2, 1, 2, 1, 1, 2, 1, 1, 1, 1, 1, 0, 2, 2, 1, 2, 0, 0, 0, 2, 2, 1, 0, 2, 0, 2, 2, 1, 0, 1, 1, 1, 0, 0, 1, 0, 2, 1, 2, 2, 0, 0, 1, 1, 0, 2, 0, 2, 1, 0, 0, 2, 0, 0, 2, 0, 1, 1, 0, 0, 1, 1, 0, 2, 2, 0, 2, 2, 0, 1, 2, 1, 1, 2, 0, 1, 1, 1, 1, 2, 2, 0, 1, 0, 1, 0, 1, 0, 0, 1, 1, 1, 1, 1, 2, 0, 0, 1, 1, 1]|[0, 3, 0, 3, 4, 1, 4, 4, 2, 4, 3, 2, 1, 0, 2, 1, 1, 1, 2, 1, 1, 3, 0, 1, 0, 1, 1, 4, 1, 4, 3, 2, 2, 0, 4, 1, 1, 4, 0, 1, 2, 1, 4, 4, 1, 1, 0, 2, 3, 1, 2, 1, 2, 1, 1, 2, 4, 3, 0, 2, 3, 3, 1, 0, 1, 2, 0, 1, 2, 4, 1, 3, 4, 1, 2, 4, 3, 3, 3, 1, 1, 2, 3, 2, 3, 2, 4, 2, 2, 4, 3, 4, 4, 4, 1, 2, 2, 4, 4, 3]|[0, 2, 0, 0, 3, 0, 1, 3, 0, 0, 2, 0, 1, 0, 1, 0, 0, 0, 1, 0, 0, 2, 0, 0, 1, 0, 0, 3, 0, 1, 0, 2, 0, 0, 3, 0, 1, 3, 1, 0, 0, 0, 1, 3, 0, 0, 1, 0, 2, 0, 0, 0, 0, 0, 1, 0, 1, 0, 1, 1, 2, 2, 0, 0, 0, 0, 0, 0, 0, 2, 0, 0, 1, 0, 0, 1, 0, 0, 3, 0, 0, 0, 0, 0, 0, 0, 3, 0, 0, 1, 0, 2, 1, 3, 0, 0, 0, 2, 1, 0],910.7836613936767,50972.02203301419,110261.35342666096,false
16,G3_TWC,G1_CMAX,[31, 22, 82, 15, 26, 9, 42, 95, 77, 12, 47, 5, 93, 78, 86, 54, 85, 63, 18, 44, 20, 35, 43, 97, 91, 76, 10, 30, 21, 45, 71, 64, 1, 23, 17, 83, 24, 14, 60, 36, 6, 57, 94, 88, 65, 56, 79, 40, 67, 68, 46, 75, 38, 58, 19, 32, 81, 41, 27, 62, 87, 90, 99, 59, 11, 16, 72, 73, 69, 39, 37, 84, 3, 92, 25, 55, 28, 29, 51, 7, 33, 61, 98, 66, 89, 50, 8, 96, 53, 80, 4, 48, 34, 2, 52, 13, 0, 70, 49, 74]|[1, 1, 0, 1, 1, 1, 2, 1, 2, 1, 2, 2, 2, 1, 1, 0, 0, 1, 0, 2, 2, 0, 1, 2, 0, 1, 2, 2, 0, 0, 1, 2, 1, 2, 1, 0, 2, 0, 1, 1, 0, 1, 1, 1, 0, 2, 1, 1, 0, 0, 0, 0, 1, 1, 2, 1, 2, 0, 0, 0, 2, 1, 0, 1, 2, 1, 2, 1, 1, 1, 1, 1, 1, 0, 1, 2, 0, 0, 0, 1, 2, 1, 0, 2, 1, 0, 1, 0, 0, 0, 0, 0, 2, 0, 1, 0, 0, 1, 0, 2]|[4, 3, 2, 2, 0, 0, 2, 2, 2, 4, 1, 1, 2, 4, 4, 1, 2, 4, 2, 1, 1, 1, 1, 2, 1, 2, 1, 1, 1, 1, 3, 2, 3, 0, 4, 0, 1, 1, 0, 3, 2, 2, 2, 0, 1, 1, 0, 4, 0, 1, 2, 2, 1, 4, 0, 3, 2, 1, 1, 2, 1, 3, 1, 1, 1, 3, 0, 4, 3, 1, 4, 1, 1, 0, 4, 1, 2, 1, 1, 3, 1, 3, 1, 1, 1, 1, 3, 1, 2, 1, 2, 1, 1, 2, 1, 2, 2, 3, 1, 1]|[0, 2, 1, 1, 3, 3, 0, 1, 0, 0, 0, 0, 1, 0, 1, 0, 0, 3, 1, 0, 0, 0, 3, 1, 0, 2, 0, 0, 0, 1, 0, 0, 0, 0, 3, 0, 1, 0, 0, 2, 1, 1, 1, 0, 0, 0, 0, 2, 1, 0, 0, 0, 1, 3, 0, 0, 1, 0, 0, 1, 0, 2, 0, 1, 0, 2, 1, 0, 0, 1, 1, 3, 1, 1, 3, 0, 1, 0, 0, 2, 0, 0, 0, 0, 1, 0, 2, 0, 1, 0, 1, 0, 0, 0, 1, 0, 0, 0, 1, 0],801.427594812029,57868.49349465401,91455.85780813712,true
16,G1_CMAX,G1_CMAX,[31, 22, 82, 15, 26, 9, 42, 77, 12, 5, 47, 93, 78, 86, 54, 6, 63, 18, 44, 20, 35, 43, 97, 91, 76, 10, 30, 21, 45, 17, 23, 1, 71, 83, 24, 14, 60, 36, 85, 57, 40, 95, 88, 65, 56, 79, 94, 67, 68, 46, 75, 38, 58, 19, 32, 81, 41, 62, 87, 28, 90, 59, 11, 16, 72, 73, 69, 52, 37, 64, 84, 3, 25, 29, 55, 51, 7, 98, 61, 66, 99, 33, 89, 48, 50, 96, 53, 80, 4, 8, 27, 2, 39, 13, 0, 92, 49, 74, 34, 70]|[1, 1, 0, 1, 1, 1, 2, 2, 1, 2, 2, 1, 1, 1, 0, 0, 1, 0, 2, 2, 0, 1, 2, 2, 1, 2, 2, 0, 0, 1, 2, 1, 1, 0, 2, 0, 1, 1, 0, 1, 1, 1, 1, 0, 2, 1, 1, 0, 0, 0, 0, 1, 1, 2, 1, 2, 0, 0, 2, 0, 1, 2, 2, 1, 2, 1, 1, 1, 1, 1, 1, 2, 1, 0, 2, 0, 1, 2, 1, 0, 0, 2, 1, 0, 0, 2, 0, 0, 1, 1, 0, 0, 1, 0, 0, 0, 0, 2, 2, 1]|[0, 3, 1, 2, 0, 0, 1, 1, 4, 1, 1, 4, 4, 4, 2, 2, 4, 2, 1, 1, 1, 1, 2, 1, 2, 1, 1, 1, 1, 4, 0, 3, 3, 0, 1, 1, 0, 3, 2, 2, 2, 2, 0, 1, 1, 0, 4, 0, 1, 2, 2, 1, 4, 0, 3, 2, 1, 2, 1, 2, 3, 1, 1, 3, 0, 4, 4, 1, 4, 3, 1, 2, 4, 1, 1, 1, 1, 1, 3, 1, 1, 1, 1, 1, 1, 1, 2, 1, 4, 3, 2, 2, 1, 2, 2, 0, 1, 1, 1, 4]|[1, 1, 1, 1, 3, 3, 0, 0, 0, 0, 0, 2, 0, 1, 0, 0, 3, 1, 0, 0, 0, 3, 1, 0, 2, 0, 0, 0, 1, 3, 0, 0, 0, 0, 1, 0, 0, 2, 1, 1, 1, 1, 0, 0, 0, 0, 2, 1, 0, 0, 0, 1, 3, 0, 0, 1, 0, 1, 0, 1, 2, 0, 0, 2, 1, 0, 2, 1, 1, 0, 3, 1, 3, 0, 0, 0, 2, 0, 0, 0, 0, 0, 1, 0, 0, 0, 1, 0, 0, 2, 1, 0, 1, 0, 0, 1, 1, 0, 0, 2],733.3116759547878,58140.55643565909,96674.14109675489,false
16,G4_BALANCED,G4_BALANCED,[31, 11, 82, 15, 26, 9, 95, 42, 77, 68, 47, 5, 93, 78, 86, 54, 85, 63, 18, 44, 20, 49, 36, 14, 74, 50, 53, 17, 21, 45, 71, 64, 3, 23, 30, 83, 24, 41, 60, 52, 65, 27, 90, 70, 39, 87, 48, 69, 99, 4, 46, 1, 13, 58, 97, 59, 28, 75, 73, 37, 35, 79, 22, 66, 76, 32, 40, 80, 96, 6, 16, 61, 33, 7, 57, 34, 12, 67, 10, 98, 56, 88, 29, 8, 91, 43, 19, 92, 38, 84, 51, 72, 81, 25, 2, 55, 0, 94, 89, 62]|[2, 1, 2, 1, 1, 2, 1, 1, 1, 1, 1, 0, 2, 2, 1, 2, 0, 0, 0, 2, 2, 1, 0, 2, 0, 2, 2, 1, 0, 1, 1, 1, 0, 0, 1, 0, 2, 1, 2, 2, 0, 0, 1, 1, 0, 2, 0, 2, 1, 0, 0, 2, 0, 0, 2, 0, 1, 0, 0, 0, 2, 1, 0, 2, 2, 0, 2, 2, 0, 1, 2, 1, 1, 2, 0, 1, 1, 1, 1, 2, 2, 1, 1, 1, 1, 1, 1, 0, 0, 0, 1, 1, 1, 1, 2, 0, 0, 2, 1, 1]|[0, 3, 0, 2, 4, 1, 4, 4, 2, 4, 3, 2, 1, 0, 2, 1, 1, 1, 2, 1, 1, 3, 0, 1, 0, 1, 1, 4, 1, 4, 3, 2, 2, 0, 4, 1, 1, 4, 0, 1, 2, 1, 4, 4, 1, 1, 0, 2, 3, 1, 2, 1, 2, 1, 1, 2, 4, 2, 0, 2, 2, 3, 1, 0, 1, 2, 0, 1, 2, 4, 1, 3, 4, 1, 2, 4, 3, 3, 3, 1, 1, 4, 3, 3, 3, 4, 4, 2, 2, 2, 3, 4, 1, 4, 1, 2, 2, 1, 4, 3]|[0, 2, 0, 1, 3, 0, 1, 3, 0, 0, 2, 0, 1, 0, 1, 0, 0, 0, 1, 0, 0, 2, 0, 0, 1, 0, 0, 3, 0, 1, 0, 2, 0, 1, 3, 0, 1, 3, 1, 0, 0, 0, 1, 3, 0, 0, 1, 0, 2, 0, 0, 0, 0, 0, 1, 0, 1, 0, 1, 1, 0, 2, 0, 0, 0, 0, 0, 0, 0, 2, 0, 0, 1, 0, 0, 1, 0, 0, 3, 0, 0, 1, 0, 0, 0, 2, 3, 0, 0, 0, 0, 2, 1, 3, 0, 0, 0, 0, 1, 0],841.059703557273,52360.47579375201,108166.55869875997,false
16,G2_TEC,G2_TEC,[31, 22, 82, 15, 26, 9, 95, 42, 77, 68, 47, 5, 93, 78, 86, 54, 85, 63, 18, 44, 20, 49, 36, 14, 74, 50, 53, 17, 21, 28, 71, 64, 3, 23, 30, 83, 24, 41, 60, 52, 65, 27, 90, 70, 39, 87, 48, 69, 99, 4, 46, 1, 13, 58, 97, 59, 45, 8, 73, 37, 35, 79, 11, 66, 76, 32, 40, 80, 96, 6, 16, 61, 33, 7, 57, 34, 12, 67, 10, 98, 56, 84, 29, 75, 91, 38, 19, 92, 43, 88, 51, 72, 81, 25, 2, 55, 0, 94, 89, 62]|[2, 1, 2, 1, 1, 2, 1, 1, 1, 1, 1, 0, 2, 2, 1, 2, 0, 0, 0, 2, 2, 1, 0, 2, 0, 2, 2, 1, 0, 1, 1, 1, 0, 0, 1, 0, 2, 1, 2, 2, 0, 0, 1, 1, 0, 2, 0, 2, 1, 0, 0, 2, 0, 0, 2, 0, 1, 1, 0, 0, 1, 1, 0, 2, 2, 0, 2, 2, 0, 1, 2, 1, 1, 2, 0, 1, 1, 1, 1, 2, 2, 0, 1, 0, 1, 0, 1, 0, 0, 1, 1, 1, 1, 1, 2, 0, 0, 1, 1, 1]|[0, 3, 0, 3, 4, 1, 4, 4, 2, 4, 3, 2, 1, 0, 2, 1, 1, 1, 2, 1, 1, 3, 0, 1, 0, 1, 1, 4, 1, 4, 3, 2, 2, 0, 4, 1, 1, 4, 0, 1, 2, 1, 4, 4, 1, 1, 0, 2, 3, 1, 2, 1, 2, 1, 1, 2, 4, 3, 0, 2, 3, 3, 1, 0, 1, 2, 0, 1, 2, 4, 1, 3, 4, 1, 2, 4, 3, 3, 3, 1, 1, 2, 3, 2, 3, 2, 4, 2, 2, 4, 3, 4, 4, 4, 1, 2, 2, 4, 4, 3]|[0, 2, 0, 0, 3, 0, 1, 3, 0, 0, 2, 0, 1, 0, 1, 0, 0, 0, 1, 0, 0, 2, 0, 0, 1, 0, 0, 3, 0, 1, 0, 2, 0, 0, 3, 0, 1, 3, 1, 0, 0, 0, 1, 3, 0, 0, 1, 0, 2, 0, 0, 0, 0, 0, 1, 0, 1, 0, 1, 1, 2, 2, 0, 0, 0, 0, 0, 0, 0, 2, 0, 0, 1, 0, 0, 1, 0, 0, 3, 0, 0, 0, 0, 0, 0, 0, 3, 0, 0, 1, 0, 2, 1, 3, 0, 0, 0, 2, 1, 0],910.7836613936767,50972.02203301419,110261.35342666096,false
16,G3_TWC,G1_CMAX,[31, 22, 82, 15, 26, 9, 42, 95, 77, 12, 47, 5, 93, 78, 86, 54, 85, 63, 18, 44, 20, 35, 43, 97, 91, 76, 10, 30, 21, 45, 71, 64, 1, 23, 17, 83, 24, 14, 60, 36, 6, 57, 94, 88, 65, 56, 79, 40, 67, 68, 46, 75, 38, 58, 19, 32, 81, 41, 27, 62, 87, 90, 99, 59, 11, 16, 72, 73, 69, 39, 37, 84, 3, 92, 25, 55, 28, 29, 51, 7, 33, 61, 98, 66, 89, 50, 8, 96, 53, 80, 4, 48, 34, 2, 52, 13, 0, 70, 49, 74]|[1, 1, 0, 1, 1, 1, 2, 1, 2, 1, 2, 2, 2, 1, 1, 0, 0, 1, 0, 2, 2, 0, 1, 2, 0, 1, 2, 2, 0, 0, 1, 2, 1, 2, 1, 0, 2, 0, 1, 1, 0, 1, 1, 1, 0, 2, 1, 1, 0, 0, 0, 0, 1, 1, 2, 1, 2, 0, 0, 0, 2, 1, 0, 1, 2, 1, 2, 1, 1, 1, 1, 1, 1, 0, 1, 2, 0, 0, 0, 1, 2, 1, 0, 2, 1, 0, 1, 0, 0, 0, 0, 0, 2, 0, 1, 0, 0, 1, 0, 2]|[4, 3, 2, 2, 0, 0, 2, 2, 2, 4, 1, 1, 2, 4, 4, 1, 2, 4, 2, 1, 1, 1, 1, 2, 1, 2, 1, 1, 1, 1, 3, 2, 3, 0, 4, 0, 1, 1, 0, 3, 2, 2, 2, 0, 1, 1, 0, 4, 0, 1, 2, 2, 1, 4, 0, 3, 2, 1, 1, 2, 1, 3, 1, 1, 1, 3, 0, 4, 3, 1, 4, 1, 1, 0, 4, 1, 2, 1, 1, 3, 1, 3, 1, 1, 1, 1, 3, 1, 2, 1, 2, 1, 1, 2, 1, 2, 2, 3, 1, 1]|[0, 2, 1, 1, 3, 3, 0, 1, 0, 0, 0, 0, 1, 0, 1, 0, 0, 3, 1, 0, 0, 0, 3, 1, 0, 2, 0, 0, 0, 1, 0, 0, 0, 0, 3, 0, 1, 0, 0, 2, 1, 1, 1, 0, 0, 0, 0, 2, 1, 0, 0, 0, 1, 3, 0, 0, 1, 0, 0, 1, 0, 2, 0, 1, 0, 2, 1, 0, 0, 1, 1, 3, 1, 1, 3, 0, 1, 0, 0, 2, 0, 0, 0, 0, 1, 0, 2, 0, 1, 0, 1, 0, 0, 0, 1, 0, 0, 0, 1, 0],801.427594812029,57868.49349465401,91455.85780813712,true
16,G1_CMAX,G1_CMAX,[31, 22, 82, 15, 26, 9, 42, 77, 12, 5, 47, 93, 78, 86, 54, 6, 63, 18, 44, 20, 35, 43, 97, 91, 76, 10, 30, 21, 45, 17, 23, 1, 71, 83, 24, 14, 60, 36, 85, 57, 40, 95, 88, 65, 56, 79, 94, 67, 68, 46, 75, 38, 58, 19, 32, 81, 41, 62, 87, 28, 90, 59, 11, 16, 72, 73, 69, 52, 37, 64, 84, 3, 25, 29, 55, 51, 7, 98, 61, 66, 99, 33, 89, 48, 50, 96, 53, 80, 4, 8, 27, 2, 39, 13, 0, 92, 49, 74, 34, 70]|[1, 1, 0, 1, 1, 1, 2, 2, 1, 2, 2, 1, 1, 1, 0, 0, 1, 0, 2, 2, 0, 1, 2, 2, 1, 2, 2, 0, 0, 1, 2, 1, 1, 0, 2, 0, 1, 1, 0, 1, 1, 1, 1, 0, 2, 1, 1, 0, 0, 0, 0, 1, 1, 2, 1, 2, 0, 0, 2, 0, 1, 2, 2, 1, 2, 1, 1, 1, 1, 1, 1, 2, 1, 0, 2, 0, 1, 2, 1, 0, 0, 2, 1, 0, 0, 2, 0, 0, 1, 1, 0, 0, 1, 0, 0, 0, 0, 2, 2, 1]|[0, 3, 1, 2, 0, 0, 1, 1, 4, 1, 1, 4, 4, 4, 2, 2, 4, 2, 1, 1, 1, 1, 2, 1, 2, 1, 1, 1, 1, 4, 0, 3, 3, 0, 1, 1, 0, 3, 2, 2, 2, 2, 0, 1, 1, 0, 4, 0, 1, 2, 2, 1, 4, 0, 3, 2, 1, 2, 1, 2, 3, 1, 1, 3, 0, 4, 4, 1, 4, 3, 1, 2, 4, 1, 1, 1, 1, 1, 3, 1, 1, 1, 1, 1, 1, 1, 2, 1, 4, 3, 2, 2, 1, 2, 2, 0, 1, 1, 1, 4]|[1, 1, 1, 1, 3, 3, 0, 0, 0, 0, 0, 2, 0, 1, 0, 0, 3, 1, 0, 0, 0, 3, 1, 0, 2, 0, 0, 0, 1, 3, 0, 0, 0, 0, 1, 0, 0, 2, 1, 1, 1, 1, 0, 0, 0, 0, 2, 1, 0, 0, 0, 1, 3, 0, 0, 1, 0, 1, 0, 1, 2, 0, 0, 2, 1, 0, 2, 1, 1, 0, 3, 1, 3, 0, 0, 0, 2, 0, 0, 0, 0, 0, 1, 0, 0, 0, 1, 0, 0, 2, 1, 0, 1, 0, 0, 1, 1, 0, 0, 2],733.3116759547878,58140.55643565909,96674.14109675489,false
16,G4_BALANCED,G4_BALANCED,[31, 11, 82, 15, 26, 9, 95, 42, 77, 68, 47, 5, 93, 78, 86, 54, 85, 63, 18, 44, 20, 49, 36, 14, 74, 50, 53, 17, 21, 45, 71, 64, 3, 23, 30, 83, 24, 41, 60, 52, 65, 27, 90, 70, 39, 87, 48, 69, 99, 4, 46, 1, 13, 58, 97, 59, 28, 75, 73, 37, 35, 79, 22, 66, 76, 32, 40, 80, 96, 6, 16, 61, 33, 7, 57, 34, 12, 67, 10, 98, 56, 88, 29, 8, 91, 43, 19, 92, 38, 84, 51, 72, 81, 25, 2, 55, 0, 94, 89, 62]|[2, 1, 2, 1, 1, 2, 1, 1, 1, 1, 1, 0, 2, 2, 1, 2, 0, 0, 0, 2, 2, 1, 0, 2, 0, 2, 2, 1, 0, 1, 1, 1, 0, 0, 1, 0, 2, 1, 2, 2, 0, 0, 1, 1, 0, 2, 0, 2, 1, 0, 0, 2, 0, 0, 2, 0, 1, 0, 0, 0, 2, 1, 0, 2, 2, 0, 2, 2, 0, 1, 2, 1, 1, 2, 0, 1, 1, 1, 1, 2, 2, 1, 1, 1, 1, 1, 1, 0, 0, 0, 1, 1, 1, 1, 2, 0, 0, 2, 1, 1]|[0, 3, 0, 2, 4, 1, 4, 4, 2, 4, 3, 2, 1, 0, 2, 1, 1, 1, 2, 1, 1, 3, 0, 1, 0, 1, 1, 4, 1, 4, 3, 2, 2, 0, 4, 1, 1, 4, 0, 1, 2, 1, 4, 4, 1, 1, 0, 2, 3, 1, 2, 1, 2, 1, 1, 2, 4, 2, 0, 2, 2, 3, 1, 0, 1, 2, 0, 1, 2, 4, 1, 3, 4, 1, 2, 4, 3, 3, 3, 1, 1, 4, 3, 3, 3, 4, 4, 2, 2, 2, 3, 4, 1, 4, 1, 2, 2, 1, 4, 3]|[0, 2, 0, 1, 3, 0, 1, 3, 0, 0, 2, 0, 1, 0, 1, 0, 0, 0, 1, 0, 0, 2, 0, 0, 1, 0, 0, 3, 0, 1, 0, 2, 0, 1, 3, 0, 1, 3, 1, 0, 0, 0, 1, 3, 0, 0, 1, 0, 2, 0, 0, 0, 0, 0, 1, 0, 1, 0, 1, 1, 0, 2, 0, 0, 0, 0, 0, 0, 0, 2, 0, 0, 1, 0, 0, 1, 0, 0, 3, 0, 0, 1, 0, 0, 0, 2, 3, 0, 0, 0, 0, 2, 1, 3, 0, 0, 0, 0, 1, 0],841.059703557273,52360.47579375201,108166.55869875997,false
16,G2_TEC,G2_TEC,[31, 22, 82, 15, 26, 9, 95, 42, 77, 68, 47, 5, 93, 78, 86, 54, 85, 63, 18, 44, 20, 49, 36, 14, 74, 50, 53, 17, 21, 28, 71, 64, 3, 23, 30, 83, 24, 41, 60, 52, 65, 27, 90, 70, 39, 87, 48, 69, 99, 4, 46, 1, 13, 58, 97, 59, 45, 8, 73, 37, 35, 79, 11, 66, 76, 32, 40, 80, 96, 6, 16, 61, 33, 7, 57, 34, 12, 67, 10, 98, 56, 84, 29, 75, 91, 38, 19, 92, 43, 88, 51, 72, 81, 25, 2, 55, 0, 94, 89, 62]|[2, 1, 2, 1, 1, 2, 1, 1, 1, 1, 1, 0, 2, 2, 1, 2, 0, 0, 0, 2, 2, 1, 0, 2, 0, 2, 2, 1, 0, 1, 1, 1, 0, 0, 1, 0, 2, 1, 2, 2, 0, 0, 1, 1, 0, 2, 0, 2, 1, 0, 0, 2, 0, 0, 2, 0, 1, 1, 0, 0, 1, 1, 0, 2, 2, 0, 2, 2, 0, 1, 2, 1, 1, 2, 0, 1, 1, 1, 1, 2, 2, 0, 1, 0, 1, 0, 1, 0, 0, 1, 1, 1, 1, 1, 2, 0, 0, 1, 1, 1]|[0, 3, 0, 3, 4, 1, 4, 4, 2, 4, 3, 2, 1, 0, 2, 1, 1, 1, 2, 1, 1, 3, 0, 1, 0, 1, 1, 4, 1, 4, 3, 2, 2, 0, 4, 1, 1, 4, 0, 1, 2, 1, 4, 4, 1, 1, 0, 2, 3, 1, 2, 1, 2, 1, 1, 2, 4, 3, 0, 2, 3, 3, 1, 0, 1, 2, 0, 1, 2, 4, 1, 3, 4, 1, 2, 4, 3, 3, 3, 1, 1, 2, 3, 2, 3, 2, 4, 2, 2, 4, 3, 4, 4, 4, 1, 2, 2, 4, 4, 3]|[0, 2, 0, 0, 3, 0, 1, 3, 0, 0, 2, 0, 1, 0, 1, 0, 0, 0, 1, 0, 0, 2, 0, 0, 1, 0, 0, 3, 0, 1, 0, 2, 0, 0, 3, 0, 1, 3, 1, 0, 0, 0, 1, 3, 0, 0, 1, 0, 2, 0, 0, 0, 0, 0, 1, 0, 1, 0, 1, 1, 2, 2, 0, 0, 0, 0, 0, 0, 0, 2, 0, 0, 1, 0, 0, 1, 0, 0, 3, 0, 0, 0, 0, 0, 0, 0, 3, 0, 0, 1, 0, 2, 1, 3, 0, 0, 0, 2, 1, 0],910.7836613936767,50972.02203301419,110261.35342666096,false
16,G3_TWC,G1_CMAX,[31, 22, 82, 15, 26, 9, 42, 95, 77, 12, 47, 5, 93, 78, 86, 54, 85, 63, 18, 44, 20, 35, 43, 97, 91, 76, 10, 30, 21, 45, 71, 64, 1, 23, 17, 83, 24, 14, 60, 36, 6, 57, 94, 88, 65, 56, 79, 40, 67, 68, 46, 75, 38, 58, 19, 32, 81, 41, 27, 62, 87, 90, 99, 59, 11, 16, 72, 73, 69, 39, 37, 84, 3, 92, 25, 55, 28, 29, 51, 7, 33, 61, 98, 66, 89, 50, 8, 96, 53, 80, 4, 48, 34, 2, 52, 13, 0, 70, 49, 74]|[1, 1, 0, 1, 1, 1, 2, 1, 2, 1, 2, 2, 2, 1, 1, 0, 0, 1, 0, 2, 2, 0, 1, 2, 0, 1, 2, 2, 0, 0, 1, 2, 1, 2, 1, 0, 2, 0, 1, 1, 0, 1, 1, 1, 0, 2, 1, 1, 0, 0, 0, 0, 1, 1, 2, 1, 2, 0, 0, 0, 2, 1, 0, 1, 2, 1, 2, 1, 1, 1, 1, 1, 1, 0, 1, 2, 0, 0, 0, 1, 2, 1, 0, 2, 1, 0, 1, 0, 0, 0, 0, 0, 2, 0, 1, 0, 0, 1, 0, 2]|[4, 3, 2, 2, 0, 0, 2, 2, 2, 4, 1, 1, 2, 4, 4, 1, 2, 4, 2, 1, 1, 1, 1, 2, 1, 2, 1, 1, 1, 1, 3, 2, 3, 0, 4, 0, 1, 1, 0, 3, 2, 2, 2, 0, 1, 1, 0, 4, 0, 1, 2, 2, 1, 4, 0, 3, 2, 1, 1, 2, 1, 3, 1, 1, 1, 3, 0, 4, 3, 1, 4, 1, 1, 0, 4, 1, 2, 1, 1, 3, 1, 3, 1, 1, 1, 1, 3, 1, 2, 1, 2, 1, 1, 2, 1, 2, 2, 3, 1, 1]|[0, 2, 1, 1, 3, 3, 0, 1, 0, 0, 0, 0, 1, 0, 1, 0, 0, 3, 1, 0, 0, 0, 3, 1, 0, 2, 0, 0, 0, 1, 0, 0, 0, 0, 3, 0, 1, 0, 0, 2, 1, 1, 1, 0, 0, 0, 0, 2, 1, 0, 0, 0, 1, 3, 0, 0, 1, 0, 0, 1, 0, 2, 0, 1, 0, 2, 1, 0, 0, 1, 1, 3, 1, 1, 3, 0, 1, 0, 0, 2, 0, 0, 0, 0, 1, 0, 2, 0, 1, 0, 1, 0, 0, 0, 1, 0, 0, 0, 1, 0],801.427594812029,57868.49349465401,91455.85780813712,true
16,G1_CMAX,G1_CMAX,[31, 22, 82, 15, 26, 9, 42, 77, 12, 5, 47, 93, 78, 86, 54, 6, 63, 18, 44, 20, 35, 43, 97, 91, 76, 10, 30, 21, 45, 17, 23, 1, 71, 83, 24, 14, 60, 36, 85, 57, 40, 95, 88, 65, 56, 79, 94, 67, 68, 46, 75, 38, 58, 19, 32, 81, 41, 62, 87, 28, 90, 59, 11, 16, 72, 73, 69, 52, 37, 64, 84, 3, 25, 29, 55, 51, 7, 98, 61, 66, 99, 33, 89, 48, 50, 96, 53, 80, 4, 8, 27, 2, 39, 13, 0, 92, 49, 74, 34, 70]|[1, 1, 0, 1, 1, 1, 2, 2, 1, 2, 2, 1, 1, 1, 0, 0, 1, 0, 2, 2, 0, 1, 2, 2, 1, 2, 2, 0, 0, 1, 2, 1, 1, 0, 2, 0, 1, 1, 0, 1, 1, 1, 1, 0, 2, 1, 1, 0, 0, 0, 0, 1, 1, 2, 1, 2, 0, 0, 2, 0, 1, 2, 2, 1, 2, 1, 1, 1, 1, 1, 1, 2, 1, 0, 2, 0, 1, 2, 1, 0, 0, 2, 1, 0, 0, 2, 0, 0, 1, 1, 0, 0, 1, 0, 0, 0, 0, 2, 2, 1]|[0, 3, 1, 2, 0, 0, 1, 1, 4, 1, 1, 4, 4, 4, 2, 2, 4, 2, 1, 1, 1, 1, 2, 1, 2, 1, 1, 1, 1, 4, 0, 3, 3, 0, 1, 1, 0, 3, 2, 2, 2, 2, 0, 1, 1, 0, 4, 0, 1, 2, 2, 1, 4, 0, 3, 2, 1, 2, 1, 2, 3, 1, 1, 3, 0, 4, 4, 1, 4, 3, 1, 2, 4, 1, 1, 1, 1, 1, 3, 1, 1, 1, 1, 1, 1, 1, 2, 1, 4, 3, 2, 2, 1, 2, 2, 0, 1, 1, 1, 4]|[1, 1, 1, 1, 3, 3, 0, 0, 0, 0, 0, 2, 0, 1, 0, 0, 3, 1, 0, 0, 0, 3, 1, 0, 2, 0, 0, 0, 1, 3, 0, 0, 0, 0, 1, 0, 0, 2, 1, 1, 1, 1, 0, 0, 0, 0, 2, 1, 0, 0, 0, 1, 3, 0, 0, 1, 0, 1, 0, 1, 2, 0, 0, 2, 1, 0, 2, 1, 1, 0, 3, 1, 3, 0, 0, 0, 2, 0, 0, 0, 0, 0, 1, 0, 0, 0, 1, 0, 0, 2, 1, 0, 1, 0, 0, 1, 1, 0, 0, 2],733.3116759547878,58140.55643565909,96674.14109675489,false
16,G4_BALANCED,G4_BALANCED,[31, 11, 82, 15, 26, 9, 95, 42, 77, 68, 47, 5, 93, 78, 86, 54, 85, 63, 18, 44, 20, 49, 36, 14, 74, 50, 53, 17, 21, 45, 71, 64, 3, 23, 30, 83, 24, 41, 60, 52, 65, 27, 90, 70, 39, 87, 48, 69, 99, 4, 46, 1, 13, 58, 97, 59, 28, 75, 73, 37, 35, 79, 22, 66, 76, 32, 40, 80, 96, 6, 16, 61, 33, 7, 57, 34, 12, 67, 10, 98, 56, 88, 29, 8, 91, 43, 19, 92, 38, 84, 51, 72, 81, 25, 2, 55, 0, 94, 89, 62]|[2, 1, 2, 1, 1, 2, 1, 1, 1, 1, 1, 0, 2, 2, 1, 2, 0, 0, 0, 2, 2, 1, 0, 2, 0, 2, 2, 1, 0, 1, 1, 1, 0, 0, 1, 0, 2, 1, 2, 2, 0, 0, 1, 1, 0, 2, 0, 2, 1, 0, 0, 2, 0, 0, 2, 0, 1, 0, 0, 0, 2, 1, 0, 2, 2, 0, 2, 2, 0, 1, 2, 1, 1, 2, 0, 1, 1, 1, 1, 2, 2, 1, 1, 1, 1, 1, 1, 0, 0, 0, 1, 1, 1, 1, 2, 0, 0, 2, 1, 1]|[0, 3, 0, 2, 4, 1, 4, 4, 2, 4, 3, 2, 1, 0, 2, 1, 1, 1, 2, 1, 1, 3, 0, 1, 0, 1, 1, 4, 1, 4, 3, 2, 2, 0, 4, 1, 1, 4, 0, 1, 2, 1, 4, 4, 1, 1, 0, 2, 3, 1, 2, 1, 2, 1, 1, 2, 4, 2, 0, 2, 2, 3, 1, 0, 1, 2, 0, 1, 2, 4, 1, 3, 4, 1, 2, 4, 3, 3, 3, 1, 1, 4, 3, 3, 3, 4, 4, 2, 2, 2, 3, 4, 1, 4, 1, 2, 2, 1, 4, 3]|[0, 2, 0, 1, 3, 0, 1, 3, 0, 0, 2, 0, 1, 0, 1, 0, 0, 0, 1, 0, 0, 2, 0, 0, 1, 0, 0, 3, 0, 1, 0, 2, 0, 1, 3, 0, 1, 3, 1, 0, 0, 0, 1, 3, 0, 0, 1, 0, 2, 0, 0, 0, 0, 0, 1, 0, 1, 0, 1, 1, 0, 2, 0, 0, 0, 0, 0, 0, 0, 2, 0, 0, 1, 0, 0, 1, 0, 0, 3, 0, 0, 1, 0, 0, 0, 2, 3, 0, 0, 0, 0, 2, 1, 3, 0, 0, 0, 0, 1, 0],841.059703557273,52360.47579375201,108166.55869875997,false
16,G2_TEC,G2_TEC,[31, 22, 82, 15, 26, 9, 95, 42, 77, 68, 47, 5, 93, 78, 86, 54, 85, 63, 18, 44, 20, 49, 36, 14, 74, 50, 53, 17, 21, 28, 71, 64, 3, 23, 30, 83, 24, 41, 60, 52, 65, 27, 90, 70, 39, 87, 48, 69, 99, 4, 46, 1, 13, 58, 97, 59, 45, 8, 73, 37, 35, 79, 11, 66, 76, 32, 40, 80, 96, 6, 16, 61, 33, 7, 57, 34, 12, 67, 10, 98, 56, 84, 29, 75, 91, 38, 19, 92, 43, 88, 51, 72, 81, 25, 2, 55, 0, 94, 89, 62]|[2, 1, 2, 1, 1, 2, 1, 1, 1, 1, 1, 0, 2, 2, 1, 2, 0, 0, 0, 2, 2, 1, 0, 2, 0, 2, 2, 1, 0, 1, 1, 1, 0, 0, 1, 0, 2, 1, 2, 2, 0, 0, 1, 1, 0, 2, 0, 2, 1, 0, 0, 2, 0, 0, 2, 0, 1, 1, 0, 0, 1, 1, 0, 2, 2, 0, 2, 2, 0, 1, 2, 1, 1, 2, 0, 1, 1, 1, 1, 2, 2, 0, 1, 0, 1, 0, 1, 0, 0, 1, 1, 1, 1, 1, 2, 0, 0, 1, 1, 1]|[0, 3, 0, 3, 4, 1, 4, 4, 2, 4, 3, 2, 1, 0, 2, 1, 1, 1, 2, 1, 1, 3, 0, 1, 0, 1, 1, 4, 1, 4, 3, 2, 2, 0, 4, 1, 1, 4, 0, 1, 2, 1, 4, 4, 1, 1, 0, 2, 3, 1, 2, 1, 2, 1, 1, 2, 4, 3, 0, 2, 3, 3, 1, 0, 1, 2, 0, 1, 2, 4, 1, 3, 4, 1, 2, 4, 3, 3, 3, 1, 1, 2, 3, 2, 3, 2, 4, 2, 2, 4, 3, 4, 4, 4, 1, 2, 2, 4, 4, 3]|[0, 2, 0, 0, 3, 0, 1, 3, 0, 0, 2, 0, 1, 0, 1, 0, 0, 0, 1, 0, 0, 2, 0, 0, 1, 0, 0, 3, 0, 1, 0, 2, 0, 0, 3, 0, 1, 3, 1, 0, 0, 0, 1, 3, 0, 0, 1, 0, 2, 0, 0, 0, 0, 0, 1, 0, 1, 0, 1, 1, 2, 2, 0, 0, 0, 0, 0, 0, 0, 2, 0, 0, 1, 0, 0, 1, 0, 0, 3, 0, 0, 0, 0, 0, 0, 0, 3, 0, 0, 1, 0, 2, 1, 3, 0, 0, 0, 2, 1, 0],910.7836613936767,50972.02203301419,110261.35342666096,false
16,G3_TWC,G1_CMAX,[31, 22, 82, 15, 26, 9, 42, 95, 77, 12, 47, 5, 93, 78, 86, 54, 85, 63, 18, 44, 20, 35, 43, 97, 91, 76, 10, 30, 21, 45, 71, 64, 1, 23, 17, 83, 24, 14, 60, 36, 6, 57, 94, 88, 65, 56, 79, 40, 67, 68, 46, 75, 38, 58, 19, 32, 81, 41, 27, 62, 87, 90, 99, 59, 11, 16, 72, 73, 69, 39, 37, 84, 3, 92, 25, 55, 28, 29, 51, 7, 33, 61, 98, 66, 89, 50, 8, 96, 53, 80, 4, 48, 34, 2, 52, 13, 0, 70, 49, 74]|[1, 1, 0, 1, 1, 1, 2, 1, 2, 1, 2, 2, 2, 1, 1, 0, 0, 1, 0, 2, 2, 0, 1, 2, 0, 1, 2, 2, 0, 0, 1, 2, 1, 2, 1, 0, 2, 0, 1, 1, 0, 1, 1, 1, 0, 2, 1, 1, 0, 0, 0, 0, 1, 1, 2, 1, 2, 0, 0, 0, 2, 1, 0, 1, 2, 1, 2, 1, 1, 1, 1, 1, 1, 0, 1, 2, 0, 0, 0, 1, 2, 1, 0, 2, 1, 0, 1, 0, 0, 0, 0, 0, 2, 0, 1, 0, 0, 1, 0, 2]|[4, 3, 2, 2, 0, 0, 2, 2, 2, 4, 1, 1, 2, 4, 4, 1, 2, 4, 2, 1, 1, 1, 1, 2, 1, 2, 1, 1, 1, 1, 3, 2, 3, 0, 4, 0, 1, 1, 0, 3, 2, 2, 2, 0, 1, 1, 0, 4, 0, 1, 2, 2, 1, 4, 0, 3, 2, 1, 1, 2, 1, 3, 1, 1, 1, 3, 0, 4, 3, 1, 4, 1, 1, 0, 4, 1, 2, 1, 1, 3, 1, 3, 1, 1, 1, 1, 3, 1, 2, 1, 2, 1, 1, 2, 1, 2, 2, 3, 1, 1]|[0, 2, 1, 1, 3, 3, 0, 1, 0, 0, 0, 0, 1, 0, 1, 0, 0, 3, 1, 0, 0, 0, 3, 1, 0, 2, 0, 0, 0, 1, 0, 0, 0, 0, 3, 0, 1, 0, 0, 2, 1, 1, 1, 0, 0, 0, 0, 2, 1, 0, 0, 0, 1, 3, 0, 0, 1, 0, 0, 1, 0, 2, 0, 1, 0, 2, 1, 0, 0, 1, 1, 3, 1, 1, 3, 0, 1, 0, 0, 2, 0, 0, 0, 0, 1, 0, 2, 0, 1, 0, 1, 0, 0, 0, 1, 0, 0, 0, 1, 0],801.427594812029,57868.49349465401,91455.85780813712,true
16,G1_CMAX,G1_CMAX,[31, 22, 82, 15, 26, 9, 42, 77, 12, 5, 47, 93, 78, 86, 54, 6, 63, 18, 44, 20, 35, 43, 97, 91, 76, 10, 30, 21, 45, 17, 23, 1, 71, 83, 24, 14, 60, 36, 85, 57, 40, 95, 88, 65, 56, 79, 94, 67, 68, 46, 75, 38, 58, 19, 32, 81, 41, 62, 87, 28, 90, 59, 11, 16, 72, 73, 69, 52, 37, 64, 84, 3, 25, 29, 55, 51, 7, 98, 61, 66, 99, 33, 89, 48, 50, 96, 53, 80, 4, 8, 27, 2, 39, 13, 0, 92, 49, 74, 34, 70]|[1, 1, 0, 1, 1, 1, 2, 2, 1, 2, 2, 1, 1, 1, 0, 0, 1, 0, 2, 2, 0, 1, 2, 2, 1, 2, 2, 0, 0, 1, 2, 1, 1, 0, 2, 0, 1, 1, 0, 1, 1, 1, 1, 0, 2, 1, 1, 0, 0, 0, 0, 1, 1, 2, 1, 2, 0, 0, 2, 0, 1, 2, 2, 1, 2, 1, 1, 1, 1, 1, 1, 2, 1, 0, 2, 0, 1, 2, 1, 0, 0, 2, 1, 0, 0, 2, 0, 0, 1, 1, 0, 0, 1, 0, 0, 0, 0, 2, 2, 1]|[0, 3, 1, 2, 0, 0, 1, 1, 4, 1, 1, 4, 4, 4, 2, 2, 4, 2, 1, 1, 1, 1, 2, 1, 2, 1, 1, 1, 1, 4, 0, 3, 3, 0, 1, 1, 0, 3, 2, 2, 2, 2, 0, 1, 1, 0, 4, 0, 1, 2, 2, 1, 4, 0, 3, 2, 1, 2, 1, 2, 3, 1, 1, 3, 0, 4, 4, 1, 4, 3, 1, 2, 4, 1, 1, 1, 1, 1, 3, 1, 1, 1, 1, 1, 1, 1, 2, 1, 4, 3, 2, 2, 1, 2, 2, 0, 1, 1, 1, 4]|[1, 1, 1, 1, 3, 3, 0, 0, 0, 0, 0, 2, 0, 1, 0, 0, 3, 1, 0, 0, 0, 3, 1, 0, 2, 0, 0, 0, 1, 3, 0, 0, 0, 0, 1, 0, 0, 2, 1, 1, 1, 1, 0, 0, 0, 0, 2, 1, 0, 0, 0, 1, 3, 0, 0, 1, 0, 1, 0, 1, 2, 0, 0, 2, 1, 0, 2, 1, 1, 0, 3, 1, 3, 0, 0, 0, 2, 0, 0, 0, 0, 0, 1, 0, 0, 0, 1, 0, 0, 2, 1, 0, 1, 0, 0, 1, 1, 0, 0, 2],733.3116759547878,58140.55643565909,96674.14109675489,false
16,G4_BALANCED,G4_BALANCED,[31, 11, 82, 15, 26, 9, 95, 42, 77, 68, 47, 5, 93, 78, 86, 54, 85, 63, 18, 44, 20, 49, 36, 14, 74, 50, 53, 17, 21, 45, 71, 64, 3, 23, 30, 83, 24, 41, 60, 52, 65, 27, 90, 70, 39, 87, 48, 69, 99, 4, 46, 1, 13, 58, 97, 59, 28, 75, 73, 37, 35, 79, 22, 66, 76, 32, 40, 80, 96, 6, 16, 61, 33, 7, 57, 34, 12, 67, 10, 98, 56, 88, 29, 8, 91, 43, 19, 92, 38, 84, 51, 72, 81, 25, 2, 55, 0, 94, 89, 62]|[2, 1, 2, 1, 1, 2, 1, 1, 1, 1, 1, 0, 2, 2, 1, 2, 0, 0, 0, 2, 2, 1, 0, 2, 0, 2, 2, 1, 0, 1, 1, 1, 0, 0, 1, 0, 2, 1, 2, 2, 0, 0, 1, 1, 0, 2, 0, 2, 1, 0, 0, 2, 0, 0, 2, 0, 1, 0, 0, 0, 2, 1, 0, 2, 2, 0, 2, 2, 0, 1, 2, 1, 1, 2, 0, 1, 1, 1, 1, 2, 2, 1, 1, 1, 1, 1, 1, 0, 0, 0, 1, 1, 1, 1, 2, 0, 0, 2, 1, 1]|[0, 3, 0, 2, 4, 1, 4, 4, 2, 4, 3, 2, 1, 0, 2, 1, 1, 1, 2, 1, 1, 3, 0, 1, 0, 1, 1, 4, 1, 4, 3, 2, 2, 0, 4, 1, 1, 4, 0, 1, 2, 1, 4, 4, 1, 1, 0, 2, 3, 1, 2, 1, 2, 1, 1, 2, 4, 2, 0, 2, 2, 3, 1, 0, 1, 2, 0, 1, 2, 4, 1, 3, 4, 1, 2, 4, 3, 3, 3, 1, 1, 4, 3, 3, 3, 4, 4, 2, 2, 2, 3, 4, 1, 4, 1, 2, 2, 1, 4, 3]|[0, 2, 0, 1, 3, 0, 1, 3, 0, 0, 2, 0, 1, 0, 1, 0, 0, 0, 1, 0, 0, 2, 0, 0, 1, 0, 0, 3, 0, 1, 0, 2, 0, 1, 3, 0, 1, 3, 1, 0, 0, 0, 1, 3, 0, 0, 1, 0, 2, 0, 0, 0, 0, 0, 1, 0, 1, 0, 1, 1, 0, 2, 0, 0, 0, 0, 0, 0, 0, 2, 0, 0, 1, 0, 0, 1, 0, 0, 3, 0, 0, 1, 0, 0, 0, 2, 3, 0, 0, 0, 0, 2, 1, 3, 0, 0, 0, 0, 1, 0],841.059703557273,52360.47579375201,108166.55869875997,false
16,G2_TEC,G2_TEC,[31, 22, 82, 15, 26, 9, 95, 42, 77, 68, 47, 5, 93, 78, 86, 54, 85, 63, 18, 44, 20, 49, 36, 14, 74, 50, 53, 17, 21, 28, 71, 64, 3, 23, 30, 83, 24, 41, 60, 52, 65, 27, 90, 70, 39, 87, 48, 69, 99, 4, 46, 1, 13, 58, 97, 59, 45, 8, 73, 37, 35, 79, 11, 66, 76, 32, 40, 80, 96, 6, 16, 61, 33, 7, 57, 34, 12, 67, 10, 98, 56, 84, 29, 75, 91, 38, 19, 92, 43, 88, 51, 72, 81, 25, 2, 55, 0, 94, 89, 62]|[2, 1, 2, 1, 1, 2, 1, 1, 1, 1, 1, 0, 2, 2, 1, 2, 0, 0, 0, 2, 2, 1, 0, 2, 0, 2, 2, 1, 0, 1, 1, 1, 0, 0, 1, 0, 2, 1, 2, 2, 0, 0, 1, 1, 0, 2, 0, 2, 1, 0, 0, 2, 0, 0, 2, 0, 1, 1, 0, 0, 1, 1, 0, 2, 2, 0, 2, 2, 0, 1, 2, 1, 1, 2, 0, 1, 1, 1, 1, 2, 2, 0, 1, 0, 1, 0, 1, 0, 0, 1, 1, 1, 1, 1, 2, 0, 0, 1, 1, 1]|[0, 3, 0, 3, 4, 1, 4, 4, 2, 4, 3, 2, 1, 0, 2, 1, 1, 1, 2, 1, 1, 3, 0, 1, 0, 1, 1, 4, 1, 4, 3, 2, 2, 0, 4, 1, 1, 4, 0, 1, 2, 1, 4, 4, 1, 1, 0, 2, 3, 1, 2, 1, 2, 1, 1, 2, 4, 3, 0, 2, 3, 3, 1, 0, 1, 2, 0, 1, 2, 4, 1, 3, 4, 1, 2, 4, 3, 3, 3, 1, 1, 2, 3, 2, 3, 2, 4, 2, 2, 4, 3, 4, 4, 4, 1, 2, 2, 4, 4, 3]|[0, 2, 0, 0, 3, 0, 1, 3, 0, 0, 2, 0, 1, 0, 1, 0, 0, 0, 1, 0, 0, 2, 0, 0, 1, 0, 0, 3, 0, 1, 0, 2, 0, 0, 3, 0, 1, 3, 1, 0, 0, 0, 1, 3, 0, 0, 1, 0, 2, 0, 0, 0, 0, 0, 1, 0, 1, 0, 1, 1, 2, 2, 0, 0, 0, 0, 0, 0, 0, 2, 0, 0, 1, 0, 0, 1, 0, 0, 3, 0, 0, 0, 0, 0, 0, 0, 3, 0, 0, 1, 0, 2, 1, 3, 0, 0, 0, 2, 1, 0],910.7836613936767,50972.02203301419,110261.35342666096,false
16,G3_TWC,G1_CMAX,[31, 22, 82, 15, 26, 9, 42, 95, 77, 12, 47, 5, 93, 78, 86, 54, 85, 63, 18, 44, 20, 35, 43, 97, 91, 76, 10, 30, 21, 45, 71, 64, 1, 23, 17, 83, 24, 14, 60, 36, 6, 57, 94, 88, 65, 56, 79, 40, 67, 68, 46, 75, 38, 58, 19, 32, 81, 41, 27, 62, 87, 90, 99, 59, 11, 16, 72, 73, 69, 39, 37, 84, 3, 92, 25, 55, 28, 29, 51, 7, 33, 61, 98, 66, 89, 50, 8, 96, 53, 80, 4, 48, 34, 2, 52, 13, 0, 70, 49, 74]|[1, 1, 0, 1, 1, 1, 2, 1, 2, 1, 2, 2, 2, 1, 1, 0, 0, 1, 0, 2, 2, 0, 1, 2, 0, 1, 2, 2, 0, 0, 1, 2, 1, 2, 1, 0, 2, 0, 1, 1, 0, 1, 1, 1, 0, 2, 1, 1, 0, 0, 0, 0, 1, 1, 2, 1, 2, 0, 0, 0, 2, 1, 0, 1, 2, 1, 2, 1, 1, 1, 1, 1, 1, 0, 1, 2, 0, 0, 0, 1, 2, 1, 0, 2, 1, 0, 1, 0, 0, 0, 0, 0, 2, 0, 1, 0, 0, 1, 0, 2]|[4, 3, 2, 2, 0, 0, 2, 2, 2, 4, 1, 1, 2, 4, 4, 1, 2, 4, 2, 1, 1, 1, 1, 2, 1, 2, 1, 1, 1, 1, 3, 2, 3, 0, 4, 0, 1, 1, 0, 3, 2, 2, 2, 0, 1, 1, 0, 4, 0, 1, 2, 2, 1, 4, 0, 3, 2, 1, 1, 2, 1, 3, 1, 1, 1, 3, 0, 4, 3, 1, 4, 1, 1, 0, 4, 1, 2, 1, 1, 3, 1, 3, 1, 1, 1, 1, 3, 1, 2, 1, 2, 1, 1, 2, 1, 2, 2, 3, 1, 1]|[0, 2, 1, 1, 3, 3, 0, 1, 0, 0, 0, 0, 1, 0, 1, 0, 0, 3, 1, 0, 0, 0, 3, 1, 0, 2, 0, 0, 0, 1, 0, 0, 0, 0, 3, 0, 1, 0, 0, 2, 1, 1, 1, 0, 0, 0, 0, 2, 1, 0, 0, 0, 1, 3, 0, 0, 1, 0, 0, 1, 0, 2, 0, 1, 0, 2, 1, 0, 0, 1, 1, 3, 1, 1, 3, 0, 1, 0, 0, 2, 0, 0, 0, 0, 1, 0, 2, 0, 1, 0, 1, 0, 0, 0, 1, 0, 0, 0, 1, 0],801.427594812029,57868.49349465401,91455.85780813712,true
16,G1_CMAX,G1_CMAX,[31, 22, 82, 15, 26, 9, 42, 77, 12, 5, 47, 93, 78, 86, 54, 6, 63, 18, 44, 20, 35, 43, 97, 91, 76, 10, 30, 21, 45, 17, 23, 1, 71, 83, 24, 14, 60, 36, 85, 57, 40, 95, 88, 65, 56, 79, 94, 67, 68, 46, 75, 38, 58, 19, 32, 81, 41, 62, 87, 28, 90, 59, 11, 16, 72, 73, 69, 52, 37, 64, 84, 3, 25, 29, 55, 51, 7, 98, 61, 66, 99, 33, 89, 48, 50, 96, 53, 80, 4, 8, 27, 2, 39, 13, 0, 92, 49, 74, 34, 70]|[1, 1, 0, 1, 1, 1, 2, 2, 1, 2, 2, 1, 1, 1, 0, 0, 1, 0, 2, 2, 0, 1, 2, 2, 1, 2, 2, 0, 0, 1, 2, 1, 1, 0, 2, 0, 1, 1, 0, 1, 1, 1, 1, 0, 2, 1, 1, 0, 0, 0, 0, 1, 1, 2, 1, 2, 0, 0, 2, 0, 1, 2, 2, 1, 2, 1, 1, 1, 1, 1, 1, 2, 1, 0, 2, 0, 1, 2, 1, 0, 0, 2, 1, 0, 0, 2, 0, 0, 1, 1, 0, 0, 1, 0, 0, 0, 0, 2, 2, 1]|[0, 3, 1, 2, 0, 0, 1, 1, 4, 1, 1, 4, 4, 4, 2, 2, 4, 2, 1, 1, 1, 1, 2, 1, 2, 1, 1, 1, 1, 4, 0, 3, 3, 0, 1, 1, 0, 3, 2, 2, 2, 2, 0, 1, 1, 0, 4, 0, 1, 2, 2, 1, 4, 0, 3, 2, 1, 2, 1, 2, 3, 1, 1, 3, 0, 4, 4, 1, 4, 3, 1, 2, 4, 1, 1, 1, 1, 1, 3, 1, 1, 1, 1, 1, 1, 1, 2, 1, 4, 3, 2, 2, 1, 2, 2, 0, 1, 1, 1, 4]|[1, 1, 1, 1, 3, 3, 0, 0, 0, 0, 0, 2, 0, 1, 0, 0, 3, 1, 0, 0, 0, 3, 1, 0, 2, 0, 0, 0, 1, 3, 0, 0, 0, 0, 1, 0, 0, 2, 1, 1, 1, 1, 0, 0, 0, 0, 2, 1, 0, 0, 0, 1, 3, 0, 0, 1, 0, 1, 0, 1, 2, 0, 0, 2, 1, 0, 2, 1, 1, 0, 3, 1, 3, 0, 0, 0, 2, 0, 0, 0, 0, 0, 1, 0, 0, 0, 1, 0, 0, 2, 1, 0, 1, 0, 0, 1, 1, 0, 0, 2],733.3116759547878,58140.55643565909,96674.14109675489,false
16,G4_BALANCED,G4_BALANCED,[31, 11, 82, 15, 26, 9, 95, 42, 77, 68, 47, 5, 93, 78, 86, 54, 85, 63, 18, 44, 20, 49, 36, 14, 74, 50, 53, 17, 21, 45, 71, 64, 3, 23, 30, 83, 24, 41, 60, 52, 65, 27, 90, 70, 39, 87, 48, 69, 99, 4, 46, 1, 13, 58, 97, 59, 28, 75, 73, 37, 35, 79, 22, 66, 76, 32, 40, 80, 96, 6, 16, 61, 33, 7, 57, 34, 12, 67, 10, 98, 56, 88, 29, 8, 91, 43, 19, 92, 38, 84, 51, 72, 81, 25, 2, 55, 0, 94, 89, 62]|[2, 1, 2, 1, 1, 2, 1, 1, 1, 1, 1, 0, 2, 2, 1, 2, 0, 0, 0, 2, 2, 1, 0, 2, 0, 2, 2, 1, 0, 1, 1, 1, 0, 0, 1, 0, 2, 1, 2, 2, 0, 0, 1, 1, 0, 2, 0, 2, 1, 0, 0, 2, 0, 0, 2, 0, 1, 0, 0, 0, 2, 1, 0, 2, 2, 0, 2, 2, 0, 1, 2, 1, 1, 2, 0, 1, 1, 1, 1, 2, 2, 1, 1, 1, 1, 1, 1, 0, 0, 0, 1, 1, 1, 1, 2, 0, 0, 2, 1, 1]|[0, 3, 0, 2, 4, 1, 4, 4, 2, 4, 3, 2, 1, 0, 2, 1, 1, 1, 2, 1, 1, 3, 0, 1, 0, 1, 1, 4, 1, 4, 3, 2, 2, 0, 4, 1, 1, 4, 0, 1, 2, 1, 4, 4, 1, 1, 0, 2, 3, 1, 2, 1, 2, 1, 1, 2, 4, 2, 0, 2, 2, 3, 1, 0, 1, 2, 0, 1, 2, 4, 1, 3, 4, 1, 2, 4, 3, 3, 3, 1, 1, 4, 3, 3, 3, 4, 4, 2, 2, 2, 3, 4, 1, 4, 1, 2, 2, 1, 4, 3]|[0, 2, 0, 1, 3, 0, 1, 3, 0, 0, 2, 0, 1, 0, 1, 0, 0, 0, 1, 0, 0, 2, 0, 0, 1, 0, 0, 3, 0, 1, 0, 2, 0, 1, 3, 0, 1, 3, 1, 0, 0, 0, 1, 3, 0, 0, 1, 0, 2, 0, 0, 0, 0, 0, 1, 0, 1, 0, 1, 1, 0, 2, 0, 0, 0, 0, 0, 0, 0, 2, 0, 0, 1, 0, 0, 1, 0, 0, 3, 0, 0, 1, 0, 0, 0, 2, 3, 0, 0, 0, 0, 2, 1, 3, 0, 0, 0, 0, 1, 0],841.059703557273,52360.47579375201,108166.55869875997,false
16,G2_TEC,G2_TEC,[31, 22, 82, 15, 26, 9, 95, 42, 77, 68, 47, 5, 93, 78, 86, 54, 85, 63, 18, 44, 20, 49, 36, 14, 74, 50, 53, 17, 21, 28, 71, 64, 3, 23, 30, 83, 24, 41, 60, 52, 65, 27, 90, 70, 39, 87, 48, 69, 99, 4, 46, 1, 13, 58, 97, 59, 45, 8, 73, 37, 35, 79, 11, 66, 76, 32, 40, 80, 96, 6, 16, 61, 33, 7, 57, 34, 12, 67, 10, 98, 56, 84, 29, 75, 91, 38, 19, 92, 43, 88, 51, 72, 81, 25, 2, 55, 0, 94, 89, 62]|[2, 1, 2, 1, 1, 2, 1, 1, 1, 1, 1, 0, 2, 2, 1, 2, 0, 0, 0, 2, 2, 1, 0, 2, 0, 2, 2, 1, 0, 1, 1, 1, 0, 0, 1, 0, 2, 1, 2, 2, 0, 0, 1, 1, 0, 2, 0, 2, 1, 0, 0, 2, 0, 0, 2, 0, 1, 1, 0, 0, 1, 1, 0, 2, 2, 0, 2, 2, 0, 1, 2, 1, 1, 2, 0, 1, 1, 1, 1, 2, 2, 0, 1, 0, 1, 0, 1, 0, 0, 1, 1, 1, 1, 1, 2, 0, 0, 1, 1, 1]|[0, 3, 0, 3, 4, 1, 4, 4, 2, 4, 3, 2, 1, 0, 2, 1, 1, 1, 2, 1, 1, 3, 0, 1, 0, 1, 1, 4, 1, 4, 3, 2, 2, 0, 4, 1, 1, 4, 0, 1, 2, 1, 4, 4, 1, 1, 0, 2, 3, 1, 2, 1, 2, 1, 1, 2, 4, 3, 0, 2, 3, 3, 1, 0, 1, 2, 0, 1, 2, 4, 1, 3, 4, 1, 2, 4, 3, 3, 3, 1, 1, 2, 3, 2, 3, 2, 4, 2, 2, 4, 3, 4, 4, 4, 1, 2, 2, 4, 4, 3]|[0, 2, 0, 0, 3, 0, 1, 3, 0, 0, 2, 0, 1, 0, 1, 0, 0, 0, 1, 0, 0, 2, 0, 0, 1, 0, 0, 3, 0, 1, 0, 2, 0, 0, 3, 0, 1, 3, 1, 0, 0, 0, 1, 3, 0, 0, 1, 0, 2, 0, 0, 0, 0, 0, 1, 0, 1, 0, 1, 1, 2, 2, 0, 0, 0, 0, 0, 0, 0, 2, 0, 0, 1, 0, 0, 1, 0, 0, 3, 0, 0, 0, 0, 0, 0, 0, 3, 0, 0, 1, 0, 2, 1, 3, 0, 0, 0, 2, 1, 0],910.7836613936767,50972.02203301419,110261.35342666096,false
16,G3_TWC,G1_CMAX,[31, 22, 82, 15, 26, 9, 42, 95, 77, 12, 47, 5, 93, 78, 86, 54, 85, 63, 18, 44, 20, 35, 43, 97, 91, 76, 10, 30, 21, 45, 71, 64, 1, 23, 17, 83, 24, 14, 60, 36, 6, 57, 94, 88, 65, 56, 79, 40, 67, 68, 46, 75, 38, 58, 19, 32, 81, 41, 27, 62, 87, 90, 99, 59, 11, 16, 72, 73, 69, 39, 37, 84, 3, 92, 25, 55, 28, 29, 51, 7, 33, 61, 98, 66, 89, 50, 8, 96, 53, 80, 4, 48, 34, 2, 52, 13, 0, 70, 49, 74]|[1, 1, 0, 1, 1, 1, 2, 1, 2, 1, 2, 2, 2, 1, 1, 0, 0, 1, 0, 2, 2, 0, 1, 2, 0, 1, 2, 2, 0, 0, 1, 2, 1, 2, 1, 0, 2, 0, 1, 1, 0, 1, 1, 1, 0, 2, 1, 1, 0, 0, 0, 0, 1, 1, 2, 1, 2, 0, 0, 0, 2, 1, 0, 1, 2, 1, 2, 1, 1, 1, 1, 1, 1, 0, 1, 2, 0, 0, 0, 1, 2, 1, 0, 2, 1, 0, 1, 0, 0, 0, 0, 0, 2, 0, 1, 0, 0, 1, 0, 2]|[4, 3, 2, 2, 0, 0, 2, 2, 2, 4, 1, 1, 2, 4, 4, 1, 2, 4, 2, 1, 1, 1, 1, 2, 1, 2, 1, 1, 1, 1, 3, 2, 3, 0, 4, 0, 1, 1, 0, 3, 2, 2, 2, 0, 1, 1, 0, 4, 0, 1, 2, 2, 1, 4, 0, 3, 2, 1, 1, 2, 1, 3, 1, 1, 1, 3, 0, 4, 3, 1, 4, 1, 1, 0, 4, 1, 2, 1, 1, 3, 1, 3, 1, 1, 1, 1, 3, 1, 2, 1, 2, 1, 1, 2, 1, 2, 2, 3, 1, 1]|[0, 2, 1, 1, 3, 3, 0, 1, 0, 0, 0, 0, 1, 0, 1, 0, 0, 3, 1, 0, 0, 0, 3, 1, 0, 2, 0, 0, 0, 1, 0, 0, 0, 0, 3, 0, 1, 0, 0, 2, 1, 1, 1, 0, 0, 0, 0, 2, 1, 0, 0, 0, 1, 3, 0, 0, 1, 0, 0, 1, 0, 2, 0, 1, 0, 2, 1, 0, 0, 1, 1, 3, 1, 1, 3, 0, 1, 0, 0, 2, 0, 0, 0, 0, 1, 0, 2, 0, 1, 0, 1, 0, 0, 0, 1, 0, 0, 0, 1, 0],801.427594812029,57868.49349465401,91455.85780813712,true
16,G1_CMAX,G1_CMAX,[31, 22, 82, 15, 26, 9, 42, 77, 12, 5, 47, 93, 78, 86, 54, 6, 63, 18, 44, 20, 35, 43, 97, 91, 76, 10, 30, 21, 45, 17, 23, 1, 71, 83, 24, 14, 60, 36, 85, 57, 40, 95, 88, 65, 56, 79, 94, 67, 68, 46, 75, 38, 58, 19, 32, 81, 41, 62, 87, 28, 90, 59, 11, 16, 72, 73, 69, 52, 37, 64, 84, 3, 25, 29, 55, 51, 7, 98, 61, 66, 99, 33, 89, 48, 50, 96, 53, 80, 4, 8, 27, 2, 39, 13, 0, 92, 49, 74, 34, 70]|[1, 1, 0, 1, 1, 1, 2, 2, 1, 2, 2, 1, 1, 1, 0, 0, 1, 0, 2, 2, 0, 1, 2, 2, 1, 2, 2, 0, 0, 1, 2, 1, 1, 0, 2, 0, 1, 1, 0, 1, 1, 1, 1, 0, 2, 1, 1, 0, 0, 0, 0, 1, 1, 2, 1, 2, 0, 0, 2, 0, 1, 2, 2, 1, 2, 1, 1, 1, 1, 1, 1, 2, 1, 0, 2, 0, 1, 2, 1, 0, 0, 2, 1, 0, 0, 2, 0, 0, 1, 1, 0, 0, 1, 0, 0, 0, 0, 2, 2, 1]|[0, 3, 1, 2, 0, 0, 1, 1, 4, 1, 1, 4, 4, 4, 2, 2, 4, 2, 1, 1, 1, 1, 2, 1, 2, 1, 1, 1, 1, 4, 0, 3, 3, 0, 1, 1, 0, 3, 2, 2, 2, 2, 0, 1, 1, 0, 4, 0, 1, 2, 2, 1, 4, 0, 3, 2, 1, 2, 1, 2, 3, 1, 1, 3, 0, 4, 4, 1, 4, 3, 1, 2, 4, 1, 1, 1, 1, 1, 3, 1, 1, 1, 1, 1, 1, 1, 2, 1, 4, 3, 2, 2, 1, 2, 2, 0, 1, 1, 1, 4]|[1, 1, 1, 1, 3, 3, 0, 0, 0, 0, 0, 2, 0, 1, 0, 0, 3, 1, 0, 0, 0, 3, 1, 0, 2, 0, 0, 0, 1, 3, 0, 0, 0, 0, 1, 0, 0, 2, 1, 1, 1, 1, 0, 0, 0, 0, 2, 1, 0, 0, 0, 1, 3, 0, 0, 1, 0, 1, 0, 1, 2, 0, 0, 2, 1, 0, 2, 1, 1, 0, 3, 1, 3, 0, 0, 0, 2, 0, 0, 0, 0, 0, 1, 0, 0, 0, 1, 0, 0, 2, 1, 0, 1, 0, 0, 1, 1, 0, 0, 2],733.3116759547878,58140.55643565909,96674.14109675489,false
16,G4_BALANCED,G4_BALANCED,[31, 11, 82, 15, 26, 9, 95, 42, 77, 68, 47, 5, 93, 78, 86, 54, 85, 63, 18, 44, 20, 49, 36, 14, 74, 50, 53, 17, 21, 45, 71, 64, 3, 23, 30, 83, 24, 41, 60, 52, 65, 27, 90, 70, 39, 87, 48, 69, 99, 4, 46, 1, 13, 58, 97, 59, 28, 75, 73, 37, 35, 79, 22, 66, 76, 32, 40, 80, 96, 6, 16, 61, 33, 7, 57, 34, 12, 67, 10, 98, 56, 88, 29, 8, 91, 43, 19, 92, 38, 84, 51, 72, 81, 25, 2, 55, 0, 94, 89, 62]|[2, 1, 2, 1, 1, 2, 1, 1, 1, 1, 1, 0, 2, 2, 1, 2, 0, 0, 0, 2, 2, 1, 0, 2, 0, 2, 2, 1, 0, 1, 1, 1, 0, 0, 1, 0, 2, 1, 2, 2, 0, 0, 1, 1, 0, 2, 0, 2, 1, 0, 0, 2, 0, 0, 2, 0, 1, 0, 0, 0, 2, 1, 0, 2, 2, 0, 2, 2, 0, 1, 2, 1, 1, 2, 0, 1, 1, 1, 1, 2, 2, 1, 1, 1, 1, 1, 1, 0, 0, 0, 1, 1, 1, 1, 2, 0, 0, 2, 1, 1]|[0, 3, 0, 2, 4, 1, 4, 4, 2, 4, 3, 2, 1, 0, 2, 1, 1, 1, 2, 1, 1, 3, 0, 1, 0, 1, 1, 4, 1, 4, 3, 2, 2, 0, 4, 1, 1, 4, 0, 1, 2, 1, 4, 4, 1, 1, 0, 2, 3, 1, 2, 1, 2, 1, 1, 2, 4, 2, 0, 2, 2, 3, 1, 0, 1, 2, 0, 1, 2, 4, 1, 3, 4, 1, 2, 4, 3, 3, 3, 1, 1, 4, 3, 3, 3, 4, 4, 2, 2, 2, 3, 4, 1, 4, 1, 2, 2, 1, 4, 3]|[0, 2, 0, 1, 3, 0, 1, 3, 0, 0, 2, 0, 1, 0, 1, 0, 0, 0, 1, 0, 0, 2, 0, 0, 1, 0, 0, 3, 0, 1, 0, 2, 0, 1, 3, 0, 1, 3, 1, 0, 0, 0, 1, 3, 0, 0, 1, 0, 2, 0, 0, 0, 0, 0, 1, 0, 1, 0, 1, 1, 0, 2, 0, 0, 0, 0, 0, 0, 0, 2, 0, 0, 1, 0, 0, 1, 0, 0, 3, 0, 0, 1, 0, 0, 0, 2, 3, 0, 0, 0, 0, 2, 1, 3, 0, 0, 0, 0, 1, 0],841.059703557273,52360.47579375201,108166.55869875997,false
16,G2_TEC,G2_TEC,[31, 22, 82, 15, 26, 9, 95, 42, 77, 68, 47, 5, 93, 78, 86, 54, 85, 63, 18, 44, 20, 49, 36, 14, 74, 50, 53, 17, 21, 28, 71, 64, 3, 23, 30, 83, 24, 41, 40, 52, 65, 27, 90, 70, 39, 87, 48, 69, 99, 4, 46, 1, 13, 58, 97, 59, 45, 8, 73, 37, 35, 79, 11, 66, 76, 32, 60, 80, 96, 6, 16, 61, 33, 7, 57, 34, 12, 67, 10, 98, 56, 88, 29, 25, 91, 38, 19, 92, 43, 84, 51, 72, 81, 75, 2, 89, 0, 94, 55, 62]|[2, 1, 2, 1, 1, 2, 1, 1, 1, 1, 1, 0, 2, 2, 1, 2, 0, 0, 0, 2, 2, 1, 0, 2, 0, 2, 2, 1, 0, 1, 1, 1, 0, 0, 1, 0, 2, 1, 2, 2, 0, 0, 1, 1, 0, 2, 0, 2, 1, 0, 0, 2, 0, 0, 2, 0, 1, 1, 0, 0, 2, 1, 0, 2, 2, 0, 2, 2, 0, 1, 2, 1, 1, 2, 0, 1, 1, 1, 1, 2, 2, 1, 1, 1, 1, 0, 1, 0, 1, 0, 1, 1, 1, 0, 2, 1, 0, 2, 0, 1]|[0, 3, 0, 3, 4, 1, 4, 4, 2, 4, 3, 2, 1, 0, 2, 1, 1, 1, 2, 1, 1, 3, 0, 1, 0, 1, 1, 4, 1, 4, 3, 2, 2, 0, 4, 1, 1, 4, 0, 1, 2, 1, 4, 4, 1, 1, 0, 2, 3, 1, 2, 1, 2, 1, 1, 2, 4, 3, 0, 2, 2, 3, 1, 0, 1, 2, 0, 1, 2, 4, 1, 3, 4, 1, 2, 4, 3, 3, 3, 1, 1, 4, 3, 4, 3, 2, 4, 2, 4, 2, 3, 4, 1, 2, 1, 4, 2, 1, 2, 3]|[0, 2, 0, 0, 3, 0, 1, 3, 0, 0, 2, 0, 1, 0, 1, 0, 0, 0, 1, 0, 0, 2, 0, 0, 1, 0, 0, 3, 0, 1, 0, 2, 0, 0, 3, 0, 1, 3, 0, 0, 0, 0, 1, 3, 0, 0, 1, 0, 2, 0, 0, 0, 0, 0, 1, 0, 1, 0, 1, 1, 0, 2, 0, 0, 0, 0, 0, 0, 0, 2, 0, 0, 1, 0, 0, 1, 0, 0, 3, 0, 0, 1, 0, 3, 0, 0, 3, 0, 2, 0, 0, 2, 1, 0, 0, 1, 0, 0, 0, 0],889.0053545036524,50920.37616528636,113453.88510595518,false
16,G3_TWC,G1_CMAX,[31, 22, 82, 15, 26, 9, 42, 95, 77, 12, 47, 5, 93, 78, 86, 54, 85, 63, 18, 44, 20, 35, 43, 97, 91, 76, 10, 30, 21, 45, 71, 64, 1, 23, 17, 83, 24, 14, 60, 36, 6, 57, 94, 88, 65, 56, 79, 40, 67, 68, 46, 75, 38, 58, 19, 32, 81, 41, 27, 62, 87, 90, 99, 59, 11, 16, 72, 73, 69, 39, 37, 84, 3, 92, 25, 55, 28, 29, 51, 7, 33, 61, 98, 66, 89, 50, 8, 96, 53, 80, 4, 48, 34, 2, 52, 13, 0, 70, 49, 74]|[1, 1, 0, 1, 1, 1, 2, 1, 2, 1, 2, 2, 2, 1, 1, 0, 0, 1, 0, 2, 2, 0, 1, 2, 0, 1, 2, 2, 0, 0, 1, 2, 1, 2, 1, 0, 2, 0, 1, 1, 0, 1, 1, 1, 0, 2, 1, 1, 0, 0, 0, 0, 1, 1, 2, 1, 2, 0, 0, 0, 2, 1, 0, 1, 2, 1, 2, 1, 1, 1, 1, 1, 1, 0, 1, 2, 0, 0, 0, 1, 2, 1, 0, 2, 1, 0, 1, 0, 0, 0, 0, 0, 2, 0, 1, 0, 0, 1, 0, 2]|[4, 3, 2, 2, 0, 0, 2, 2, 2, 4, 1, 1, 2, 4, 4, 1, 2, 4, 2, 1, 1, 1, 1, 2, 1, 2, 1, 1, 1, 1, 3, 2, 3, 0, 4, 0, 1, 1, 0, 3, 2, 2, 2, 0, 1, 1, 0, 4, 0, 1, 2, 2, 1, 4, 0, 3, 2, 1, 1, 2, 1, 3, 1, 1, 1, 3, 0, 4, 3, 1, 4, 1, 1, 0, 4, 1, 2, 1, 1, 3, 1, 3, 1, 1, 1, 1, 3, 1, 2, 1, 2, 1, 1, 2, 1, 2, 2, 3, 1, 1]|[0, 2, 1, 1, 3, 3, 0, 1, 0, 0, 0, 0, 1, 0, 1, 0, 0, 3, 1, 0, 0, 0, 3, 1, 0, 2, 0, 0, 0, 1, 0, 0, 0, 0, 3, 0, 1, 0, 0, 2, 1, 1, 1, 0, 0, 0, 0, 2, 1, 0, 0, 0, 1, 3, 0, 0, 1, 0, 0, 1, 0, 2, 0, 1, 0, 2, 1, 0, 0, 1, 1, 3, 1, 1, 3, 0, 1, 0, 0, 2, 0, 0, 0, 0, 1, 0, 2, 0, 1, 0, 1, 0, 0, 0, 1, 0, 0, 0, 1, 0],801.427594812029,57868.49349465401,91455.85780813712,true
16,G1_CMAX,G1_CMAX,[31, 22, 82, 15, 26, 9, 42, 77, 12, 5, 47, 93, 78, 86, 54, 6, 63, 18, 44, 20, 35, 43, 97, 91, 76, 10, 30, 21, 45, 17, 23, 1, 71, 83, 24, 14, 60, 36, 85, 57, 40, 95, 88, 65, 56, 79, 94, 67, 68, 46, 75, 38, 58, 19, 32, 81, 41, 62, 87, 28, 90, 59, 11, 16, 72, 73, 69, 52, 37, 64, 84, 3, 25, 29, 55, 51, 7, 98, 61, 66, 99, 33, 89, 48, 50, 96, 53, 80, 4, 8, 27, 2, 39, 13, 0, 92, 49, 74, 34, 70]|[1, 1, 0, 1, 1, 1, 2, 2, 1, 2, 2, 1, 1, 1, 0, 0, 1, 0, 2, 2, 0, 1, 2, 2, 1, 2, 2, 0, 0, 1, 2, 1, 1, 0, 2, 0, 1, 1, 0, 1, 1, 1, 1, 0, 2, 1, 1, 0, 0, 0, 0, 1, 1, 2, 1, 2, 0, 0, 2, 0, 1, 2, 2, 1, 2, 1, 1, 1, 1, 1, 1, 2, 1, 0, 2, 0, 1, 2, 1, 0, 0, 2, 1, 0, 0, 2, 0, 0, 1, 1, 0, 0, 1, 0, 0, 0, 0, 2, 2, 1]|[0, 3, 1, 2, 0, 0, 1, 1, 4, 1, 1, 4, 4, 4, 2, 2, 4, 2, 1, 1, 1, 1, 2, 1, 2, 1, 1, 1, 1, 4, 0, 3, 3, 0, 1, 1, 0, 3, 2, 2, 2, 2, 0, 1, 1, 0, 4, 0, 1, 2, 2, 1, 4, 0, 3, 2, 1, 2, 1, 2, 3, 1, 1, 3, 0, 4, 4, 1, 4, 3, 1, 2, 4, 1, 1, 1, 1, 1, 3, 1, 1, 1, 1, 1, 1, 1, 2, 1, 4, 3, 2, 2, 1, 2, 2, 0, 1, 1, 1, 4]|[1, 1, 1, 1, 3, 3, 0, 0, 0, 0, 0, 2, 0, 1, 0, 0, 3, 1, 0, 0, 0, 3, 1, 0, 2, 0, 0, 0, 1, 3, 0, 0, 0, 0, 1, 0, 0, 2, 1, 1, 1, 1, 0, 0, 0, 0, 2, 1, 0, 0, 0, 1, 3, 0, 0, 1, 0, 1, 0, 1, 2, 0, 0, 2, 1, 0, 2, 1, 1, 0, 3, 1, 3, 0, 0, 0, 2, 0, 0, 0, 0, 0, 1, 0, 0, 0, 1, 0, 0, 2, 1, 0, 1, 0, 0, 1, 1, 0, 0, 2],733.3116759547878,58140.55643565909,96674.14109675489,false
16,G4_BALANCED,G4_BALANCED,[31, 11, 82, 15, 26, 9, 95, 42, 77, 68, 47, 5, 93, 78, 86, 54, 85, 63, 18, 44, 20, 49, 36, 14, 74, 50, 53, 17, 21, 45, 71, 64, 3, 23, 30, 83, 24, 41, 60, 52, 65, 27, 90, 70, 39, 87, 48, 69, 99, 4, 46, 1, 13, 58, 97, 59, 28, 75, 73, 37, 35, 79, 22, 66, 76, 32, 40, 80, 96, 6, 16, 61, 33, 7, 57, 34, 12, 67, 10, 98, 56, 88, 29, 8, 91, 43, 19, 92, 38, 84, 51, 72, 81, 25, 2, 55, 0, 94, 89, 62]|[2, 1, 2, 1, 1, 2, 1, 1, 1, 1, 1, 0, 2, 2, 1, 2, 0, 0, 0, 2, 2, 1, 0, 2, 0, 2, 2, 1, 0, 1, 1, 1, 0, 0, 1, 0, 2, 1, 2, 2, 0, 0, 1, 1, 0, 2, 0, 2, 1, 0, 0, 2, 0, 0, 2, 0, 1, 0, 0, 0, 2, 1, 0, 2, 2, 0, 2, 2, 0, 1, 2, 1, 1, 2, 0, 1, 1, 1, 1, 2, 2, 1, 1, 1, 1, 1, 1, 0, 0, 0, 1, 1, 1, 1, 2, 0, 0, 2, 1, 1]|[0, 3, 0, 2, 4, 1, 4, 4, 2, 4, 3, 2, 1, 0, 2, 1, 1, 1, 2, 1, 1, 3, 0, 1, 0, 1, 1, 4, 1, 4, 3, 2, 2, 0, 4, 1, 1, 4, 0, 1, 2, 1, 4, 4, 1, 1, 0, 2, 3, 1, 2, 1, 2, 1, 1, 2, 4, 2, 0, 2, 2, 3, 1, 0, 1, 2, 0, 1, 2, 4, 1, 3, 4, 1, 2, 4, 3, 3, 3, 1, 1, 4, 3, 3, 3, 4, 4, 2, 2, 2, 3, 4, 1, 4, 1, 2, 2, 1, 4, 3]|[0, 2, 0, 1, 3, 0, 1, 3, 0, 0, 2, 0, 1, 0, 1, 0, 0, 0, 1, 0, 0, 2, 0, 0, 1, 0, 0, 3, 0, 1, 0, 2, 0, 1, 3, 0, 1, 3, 1, 0, 0, 0, 1, 3, 0, 0, 1, 0, 2, 0, 0, 0, 0, 0, 1, 0, 1, 0, 1, 1, 0, 2, 0, 0, 0, 0, 0, 0, 0, 2, 0, 0, 1, 0, 0, 1, 0, 0, 3, 0, 0, 1, 0, 0, 0, 2, 3, 0, 0, 0, 0, 2, 1, 3, 0, 0, 0, 0, 1, 0],841.059703557273,52360.47579375201,108166.55869875997,false
16,G2_TEC,G2_TEC,[31, 22, 82, 15, 26, 9, 95, 42, 77, 68, 47, 5, 93, 78, 86, 54, 85, 63, 18, 44, 20, 49, 36, 14, 74, 50, 53, 17, 21, 28, 71, 64, 3, 23, 30, 83, 24, 41, 40, 52, 65, 27, 90, 70, 39, 87, 48, 69, 99, 4, 46, 1, 13, 58, 97, 59, 45, 8, 73, 37, 35, 79, 11, 66, 76, 32, 60, 80, 96, 6, 16, 61, 33, 7, 57, 34, 12, 67, 10, 98, 56, 88, 29, 25, 91, 38, 19, 92, 43, 84, 51, 72, 81, 75, 2, 89, 0, 94, 55, 62]|[2, 1, 2, 1, 1, 2, 1, 1, 1, 1, 1, 0, 2, 2, 1, 2, 0, 0, 0, 2, 2, 1, 0, 2, 0, 2, 2, 1, 0, 1, 1, 1, 0, 0, 1, 0, 2, 1, 2, 2, 0, 0, 1, 1, 0, 2, 0, 2, 1, 0, 0, 2, 0, 0, 2, 0, 1, 1, 0, 0, 2, 1, 0, 2, 2, 0, 2, 2, 0, 1, 2, 1, 1, 2, 0, 1, 1, 1, 1, 2, 2, 1, 1, 1, 1, 0, 1, 0, 1, 0, 1, 1, 1, 0, 2, 1, 0, 2, 0, 1]|[0, 3, 0, 3, 4, 1, 4, 4, 2, 4, 3, 2, 1, 0, 2, 1, 1, 1, 2, 1, 1, 3, 0, 1, 0, 1, 1, 4, 1, 4, 3, 2, 2, 0, 4, 1, 1, 4, 0, 1, 2, 1, 4, 4, 1, 1, 0, 2, 3, 1, 2, 1, 2, 1, 1, 2, 4, 3, 0, 2, 2, 3, 1, 0, 1, 2, 0, 1, 2, 4, 1, 3, 4, 1, 2, 4, 3, 3, 3, 1, 1, 4, 3, 4, 3, 2, 4, 2, 4, 2, 3, 4, 1, 2, 1, 4, 2, 1, 2, 3]|[0, 2, 0, 0, 3, 0, 1, 3, 0, 0, 2, 0, 1, 0, 1, 0, 0, 0, 1, 0, 0, 2, 0, 0, 1, 0, 0, 3, 0, 1, 0, 2, 0, 0, 3, 0, 1, 3, 0, 0, 0, 0, 1, 3, 0, 0, 1, 0, 2, 0, 0, 0, 0, 0, 1, 0, 1, 0, 1, 1, 0, 2, 0, 0, 0, 0, 0, 0, 0, 2, 0, 0, 1, 0, 0, 1, 0, 0, 3, 0, 0, 1, 0, 3, 0, 0, 3, 0, 2, 0, 0, 2, 1, 0, 0, 1, 0, 0, 0, 0],889.0053545036524,50920.37616528636,113453.88510595518,false
16,G3_TWC,G1_CMAX,[31, 22, 82, 15, 26, 9, 42, 95, 77, 12, 47, 5, 93, 78, 86, 54, 85, 63, 18, 44, 20, 35, 43, 97, 91, 76, 10, 30, 21, 45, 71, 64, 1, 23, 17, 83, 24, 14, 60, 36, 6, 57, 94, 88, 65, 56, 79, 40, 67, 68, 46, 75, 38, 58, 19, 32, 81, 41, 27, 62, 87, 90, 99, 59, 11, 16, 72, 73, 69, 39, 37, 84, 3, 92, 25, 55, 28, 29, 51, 7, 33, 61, 98, 66, 89, 50, 8, 96, 53, 80, 4, 48, 34, 2, 52, 13, 0, 70, 49, 74]|[1, 1, 0, 1, 1, 1, 2, 1, 2, 1, 2, 2, 2, 1, 1, 0, 0, 1, 0, 2, 2, 0, 1, 2, 0, 1, 2, 2, 0, 0, 1, 2, 1, 2, 1, 0, 2, 0, 1, 1, 0, 1, 1, 1, 0, 2, 1, 1, 0, 0, 0, 0, 1, 1, 2, 1, 2, 0, 0, 0, 2, 1, 0, 1, 2, 1, 2, 1, 1, 1, 1, 1, 1, 0, 1, 2, 0, 0, 0, 1, 2, 1, 0, 2, 1, 0, 1, 0, 0, 0, 0, 0, 2, 0, 1, 0, 0, 1, 0, 2]|[4, 3, 2, 2, 0, 0, 2, 2, 2, 4, 1, 1, 2, 4, 4, 1, 2, 4, 2, 1, 1, 1, 1, 2, 1, 2, 1, 1, 1, 1, 3, 2, 3, 0, 4, 0, 1, 1, 0, 3, 2, 2, 2, 0, 1, 1, 0, 4, 0, 1, 2, 2, 1, 4, 0, 3, 2, 1, 1, 2, 1, 3, 1, 1, 1, 3, 0, 4, 3, 1, 4, 1, 1, 0, 4, 1, 2, 1, 1, 3, 1, 3, 1, 1, 1, 1, 3, 1, 2, 1, 2, 1, 1, 2, 1, 2, 2, 3, 1, 1]|[0, 2, 1, 1, 3, 3, 0, 1, 0, 0, 0, 0, 1, 0, 1, 0, 0, 3, 1, 0, 0, 0, 3, 1, 0, 2, 0, 0, 0, 1, 0, 0, 0, 0, 3, 0, 1, 0, 0, 2, 1, 1, 1, 0, 0, 0, 0, 2, 1, 0, 0, 0, 1, 3, 0, 0, 1, 0, 0, 1, 0, 2, 0, 1, 0, 2, 1, 0, 0, 1, 1, 3, 1, 1, 3, 0, 1, 0, 0, 2, 0, 0, 0, 0, 1, 0, 2, 0, 1, 0, 1, 0, 0, 0, 1, 0, 0, 0, 1, 0],801.427594812029,57868.49349465401,91455.85780813712,true
16,G1_CMAX,G1_CMAX,[31, 22, 82, 15, 26, 9, 42, 77, 12, 5, 47, 93, 78, 86, 54, 6, 63, 18, 44, 20, 35, 43, 97, 91, 76, 10, 30, 21, 45, 17, 23, 1, 71, 83, 24, 14, 60, 36, 85, 57, 40, 95, 88, 65, 56, 79, 94, 67, 68, 46, 75, 38, 58, 19, 32, 81, 41, 62, 87, 28, 90, 59, 11, 16, 72, 73, 69, 52, 37, 64, 84, 3, 25, 29, 55, 51, 7, 98, 61, 66, 99, 33, 89, 48, 50, 96, 53, 80, 4, 8, 27, 2, 39, 13, 0, 92, 49, 74, 34, 70]|[1, 1, 0, 1, 1, 1, 2, 2, 1, 2, 2, 1, 1, 1, 0, 0, 1, 0, 2, 2, 0, 1, 2, 2, 1, 2, 2, 0, 0, 1, 2, 1, 1, 0, 2, 0, 1, 1, 0, 1, 1, 1, 1, 0, 2, 1, 1, 0, 0, 0, 0, 1, 1, 2, 1, 2, 0, 0, 2, 0, 1, 2, 2, 1, 2, 1, 1, 1, 1, 1, 1, 2, 1, 0, 2, 0, 1, 2, 1, 0, 0, 2, 1, 0, 0, 2, 0, 0, 1, 1, 0, 0, 1, 0, 0, 0, 0, 2, 2, 1]|[0, 3, 1, 2, 0, 0, 1, 1, 4, 1, 1, 4, 4, 4, 2, 2, 4, 2, 1, 1, 1, 1, 2, 1, 2, 1, 1, 1, 1, 4, 0, 3, 3, 0, 1, 1, 0, 3, 2, 2, 2, 2, 0, 1, 1, 0, 4, 0, 1, 2, 2, 1, 4, 0, 3, 2, 1, 2, 1, 2, 3, 1, 1, 3, 0, 4, 4, 1, 4, 3, 1, 2, 4, 1, 1, 1, 1, 1, 3, 1, 1, 1, 1, 1, 1, 1, 2, 1, 4, 3, 2, 2, 1, 2, 2, 0, 1, 1, 1, 4]|[1, 1, 1, 1, 3, 3, 0, 0, 0, 0, 0, 2, 0, 1, 0, 0, 3, 1, 0, 0, 0, 3, 1, 0, 2, 0, 0, 0, 1, 3, 0, 0, 0, 0, 1, 0, 0, 2, 1, 1, 1, 1, 0, 0, 0, 0, 2, 1, 0, 0, 0, 1, 3, 0, 0, 1, 0, 1, 0, 1, 2, 0, 0, 2, 1, 0, 2, 1, 1, 0, 3, 1, 3, 0, 0, 0, 2, 0, 0, 0, 0, 0, 1, 0, 0, 0, 1, 0, 0, 2, 1, 0, 1, 0, 0, 1, 1, 0, 0, 2],733.3116759547878,58140.55643565909,96674.14109675489,false
16,G4_BALANCED,G4_BALANCED,[31, 11, 82, 15, 26, 9, 95, 42, 77, 68, 47, 5, 93, 78, 86, 54, 85, 63, 18, 44, 20, 49, 36, 14, 74, 50, 53, 17, 21, 45, 71, 64, 3, 23, 30, 83, 24, 41, 60, 52, 65, 27, 90, 70, 39, 87, 48, 69, 99, 4, 46, 1, 13, 58, 97, 59, 28, 75, 73, 37, 35, 79, 22, 66, 76, 32, 40, 80, 96, 6, 16, 61, 33, 7, 57, 34, 12, 67, 10, 98, 56, 88, 29, 8, 91, 43, 19, 92, 38, 84, 51, 72, 81, 25, 2, 55, 0, 94, 89, 62]|[2, 1, 2, 1, 1, 2, 1, 1, 1, 1, 1, 0, 2, 2, 1, 2, 0, 0, 0, 2, 2, 1, 0, 2, 0, 2, 2, 1, 0, 1, 1, 1, 0, 0, 1, 0, 2, 1, 2, 2, 0, 0, 1, 1, 0, 2, 0, 2, 1, 0, 0, 2, 0, 0, 2, 0, 1, 0, 0, 0, 2, 1, 0, 2, 2, 0, 2, 2, 0, 1, 2, 1, 1, 2, 0, 1, 1, 1, 1, 2, 2, 1, 1, 1, 1, 1, 1, 0, 0, 0, 1, 1, 1, 1, 2, 0, 0, 2, 1, 1]|[0, 3, 0, 2, 4, 1, 4, 4, 2, 4, 3, 2, 1, 0, 2, 1, 1, 1, 2, 1, 1, 3, 0, 1, 0, 1, 1, 4, 1, 4, 3, 2, 2, 0, 4, 1, 1, 4, 0, 1, 2, 1, 4, 4, 1, 1, 0, 2, 3, 1, 2, 1, 2, 1, 1, 2, 4, 2, 0, 2, 2, 3, 1, 0, 1, 2, 0, 1, 2, 4, 1, 3, 4, 1, 2, 4, 3, 3, 3, 1, 1, 4, 3, 3, 3, 4, 4, 2, 2, 2, 3, 4, 1, 4, 1, 2, 2, 1, 4, 3]|[0, 2, 0, 1, 3, 0, 1, 3, 0, 0, 2, 0, 1, 0, 1, 0, 0, 0, 1, 0, 0, 2, 0, 0, 1, 0, 0, 3, 0, 1, 0, 2, 0, 1, 3, 0, 1, 3, 1, 0, 0, 0, 1, 3, 0, 0, 1, 0, 2, 0, 0, 0, 0, 0, 1, 0, 1, 0, 1, 1, 0, 2, 0, 0, 0, 0, 0, 0, 0, 2, 0, 0, 1, 0, 0, 1, 0, 0, 3, 0, 0, 1, 0, 0, 0, 2, 3, 0, 0, 0, 0, 2, 1, 3, 0, 0, 0, 0, 1, 0],841.059703557273,52360.47579375201,108166.55869875997,false
16,G2_TEC,G2_TEC,[31, 22, 82, 15, 26, 9, 95, 42, 77, 68, 47, 5, 93, 78, 86, 54, 85, 63, 18, 44, 20, 49, 36, 14, 74, 50, 53, 17, 21, 28, 71, 64, 3, 23, 30, 83, 24, 41, 40, 52, 65, 27, 90, 70, 39, 87, 48, 69, 99, 4, 46, 1, 13, 58, 97, 59, 45, 8, 73, 37, 35, 79, 11, 66, 76, 32, 60, 80, 96, 6, 16, 61, 33, 7, 57, 34, 12, 67, 10, 98, 56, 88, 29, 25, 91, 38, 19, 92, 43, 84, 51, 72, 81, 75, 2, 89, 0, 94, 55, 62]|[2, 1, 2, 1, 1, 2, 1, 1, 1, 1, 1, 0, 2, 2, 1, 2, 0, 0, 0, 2, 2, 1, 0, 2, 0, 2, 2, 1, 0, 1, 1, 1, 0, 0, 1, 0, 2, 1, 2, 2, 0, 0, 1, 1, 0, 2, 0, 2, 1, 0, 0, 2, 0, 0, 2, 0, 1, 1, 0, 0, 2, 1, 0, 2, 2, 0, 2, 2, 0, 1, 2, 1, 1, 2, 0, 1, 1, 1, 1, 2, 2, 1, 1, 1, 1, 0, 1, 0, 1, 0, 1, 1, 1, 0, 2, 1, 0, 2, 0, 1]|[0, 3, 0, 3, 4, 1, 4, 4, 2, 4, 3, 2, 1, 0, 2, 1, 1, 1, 2, 1, 1, 3, 0, 1, 0, 1, 1, 4, 1, 4, 3, 2, 2, 0, 4, 1, 1, 4, 0, 1, 2, 1, 4, 4, 1, 1, 0, 2, 3, 1, 2, 1, 2, 1, 1, 2, 4, 3, 0, 2, 2, 3, 1, 0, 1, 2, 0, 1, 2, 4, 1, 3, 4, 1, 2, 4, 3, 3, 3, 1, 1, 4, 3, 4, 3, 2, 4, 2, 4, 2, 3, 4, 1, 2, 1, 4, 2, 1, 2, 3]|[0, 2, 0, 0, 3, 0, 1, 3, 0, 0, 2, 0, 1, 0, 1, 0, 0, 0, 1, 0, 0, 2, 0, 0, 1, 0, 0, 3, 0, 1, 0, 2, 0, 0, 3, 0, 1, 3, 0, 0, 0, 0, 1, 3, 0, 0, 1, 0, 2, 0, 0, 0, 0, 0, 1, 0, 1, 0, 1, 1, 0, 2, 0, 0, 0, 0, 0, 0, 0, 2, 0, 0, 1, 0, 0, 1, 0, 0, 3, 0, 0, 1, 0, 3, 0, 0, 3, 0, 2, 0, 0, 2, 1, 0, 0, 1, 0, 0, 0, 0],889.0053545036524,50920.37616528636,113453.88510595518,false
16,G3_TWC,G1_CMAX,[31, 22, 82, 15, 26, 9, 42, 95, 77, 12, 47, 5, 93, 78, 86, 54, 85, 63, 18, 44, 20, 35, 43, 97, 91, 76, 10, 30, 21, 45, 71, 64, 1, 23, 17, 83, 24, 14, 60, 36, 6, 57, 94, 88, 65, 56, 79, 40, 67, 68, 46, 75, 38, 58, 19, 32, 81, 41, 27, 62, 87, 90, 99, 59, 11, 16, 72, 73, 69, 39, 37, 84, 3, 92, 25, 55, 28, 29, 51, 7, 33, 61, 98, 66, 89, 50, 8, 96, 53, 80, 4, 48, 34, 2, 52, 13, 0, 70, 49, 74]|[1, 1, 0, 1, 1, 1, 2, 1, 2, 1, 2, 2, 2, 1, 1, 0, 0, 1, 0, 2, 2, 0, 1, 2, 0, 1, 2, 2, 0, 0, 1, 2, 1, 2, 1, 0, 2, 0, 1, 1, 0, 1, 1, 1, 0, 2, 1, 1, 0, 0, 0, 0, 1, 1, 2, 1, 2, 0, 0, 0, 2, 1, 0, 1, 2, 1, 2, 1, 1, 1, 1, 1, 1, 0, 1, 2, 0, 0, 0, 1, 2, 1, 0, 2, 1, 0, 1, 0, 0, 0, 0, 0, 2, 0, 1, 0, 0, 1, 0, 2]|[4, 3, 2, 2, 0, 0, 2, 2, 2, 4, 1, 1, 2, 4, 4, 1, 2, 4, 2, 1, 1, 1, 1, 2, 1, 2, 1, 1, 1, 1, 3, 2, 3, 0, 4, 0, 1, 1, 0, 3, 2, 2, 2, 0, 1, 1, 0, 4, 0, 1, 2, 2, 1, 4, 0, 3, 2, 1, 1, 2, 1, 3, 1, 1, 1, 3, 0, 4, 3, 1, 4, 1, 1, 0, 4, 1, 2, 1, 1, 3, 1, 3, 1, 1, 1, 1, 3, 1, 2, 1, 2, 1, 1, 2, 1, 2, 2, 3, 1, 1]|[0, 2, 1, 1, 3, 3, 0, 1, 0, 0, 0, 0, 1, 0, 1, 0, 0, 3, 1, 0, 0, 0, 3, 1, 0, 2, 0, 0, 0, 1, 0, 0, 0, 0, 3, 0, 1, 0, 0, 2, 1, 1, 1, 0, 0, 0, 0, 2, 1, 0, 0, 0, 1, 3, 0, 0, 1, 0, 0, 1, 0, 2, 0, 1, 0, 2, 1, 0, 0, 1, 1, 3, 1, 1, 3, 0, 1, 0, 0, 2, 0, 0, 0, 0, 1, 0, 2, 0, 1, 0, 1, 0, 0, 0, 1, 0, 0, 0, 1, 0],801.427594812029,57868.49349465401,91455.85780813712,true
17,G1_CMAX,G1_CMAX,[31, 22, 82, 15, 26, 9, 42, 77, 12, 5, 47, 93, 78, 86, 54, 6, 63, 18, 44, 20, 35, 43, 97, 91, 76, 10, 30, 21, 45, 17, 23, 1, 71, 83, 24, 14, 60, 36, 85, 57, 40, 95, 88, 65, 56, 79, 94, 67, 68, 46, 75, 38, 58, 19, 32, 81, 41, 62, 87, 28, 90, 59, 11, 16, 72, 73, 69, 52, 37, 64, 84, 3, 25, 29, 55, 51, 7, 98, 61, 66, 99, 33, 89, 48, 50, 96, 53, 80, 4, 8, 27, 2, 39, 13, 0, 92, 49, 74, 34, 70]|[1, 1, 0, 1, 1, 1, 2, 2, 1, 2, 2, 1, 1, 1, 0, 0, 1, 0, 2, 2, 0, 1, 2, 2, 1, 2, 2, 0, 0, 1, 2, 1, 1, 0, 2, 0, 1, 1, 0, 1, 1, 1, 1, 0, 2, 1, 1, 0, 0, 0, 0, 1, 1, 2, 1, 2, 0, 0, 2, 0, 1, 2, 2, 1, 2, 1, 1, 1, 1, 1, 1, 2, 1, 0, 2, 0, 1, 2, 1, 0, 0, 2, 1, 0, 0, 2, 0, 0, 1, 1, 0, 0, 1, 0, 0, 0, 0, 2, 2, 1]|[0, 3, 1, 2, 0, 0, 1, 1, 4, 1, 1, 4, 4, 4, 2, 2, 4, 2, 1, 1, 1, 1, 2, 1, 2, 1, 1, 1, 1, 4, 0, 3, 3, 0, 1, 1, 0, 3, 2, 2, 2, 2, 0, 1, 1, 0, 4, 0, 1, 2, 2, 1, 4, 0, 3, 2, 1, 2, 1, 2, 3, 1, 1, 3, 0, 4, 4, 1, 4, 3, 1, 2, 4, 1, 1, 1, 1, 1, 3, 1, 1, 1, 1, 1, 1, 1, 2, 1, 4, 3, 2, 2, 1, 2, 2, 0, 1, 1, 1, 4]|[1, 1, 1, 1, 3, 3, 0, 0, 0, 0, 0, 2, 0, 1, 0, 0, 3, 1, 0, 0, 0, 3, 1, 0, 2, 0, 0, 0, 1, 3, 0, 0, 0, 0, 1, 0, 0, 2, 1, 1, 1, 1, 0, 0, 0, 0, 2, 1, 0, 0, 0, 1, 3, 0, 0, 1, 0, 1, 0, 1, 2, 0, 0, 2, 1, 0, 2, 1, 1, 0, 3, 1, 3, 0, 0, 0, 2, 0, 0, 0, 0, 0, 1, 0, 0, 0, 1, 0, 0, 2, 1, 0, 1, 0, 0, 1, 1, 0, 0, 2],733.3116759547878,58140.55643565909,96674.14109675489,false
17,G4_BALANCED,G4_BALANCED,[31, 11, 82, 15, 26, 9, 95, 42, 77, 68, 47, 5, 93, 78, 86, 54, 85, 63, 18, 44, 20, 49, 36, 14, 74, 50, 53, 17, 21, 45, 71, 64, 3, 23, 30, 83, 24, 41, 60, 52, 65, 27, 90, 70, 39, 87, 48, 69, 99, 4, 46, 1, 13, 58, 97, 59, 28, 75, 73, 37, 35, 79, 22, 66, 76, 32, 40, 80, 96, 6, 16, 61, 33, 7, 57, 34, 12, 67, 10, 98, 56, 88, 29, 8, 91, 43, 19, 92, 38, 84, 51, 72, 81, 25, 2, 55, 0, 94, 89, 62]|[2, 1, 2, 1, 1, 2, 1, 1, 1, 1, 1, 0, 2, 2, 1, 2, 0, 0, 0, 2, 2, 1, 0, 2, 0, 2, 2, 1, 0, 1, 1, 1, 0, 0, 1, 0, 2, 1, 2, 2, 0, 0, 1, 1, 0, 2, 0, 2, 1, 0, 0, 2, 0, 0, 2, 0, 1, 0, 0, 0, 2, 1, 0, 2, 2, 0, 2, 2, 0, 1, 2, 1, 1, 2, 0, 1, 1, 1, 1, 2, 2, 1, 1, 1, 1, 1, 1, 0, 0, 0, 1, 1, 1, 1, 2, 0, 0, 2, 1, 1]|[0, 3, 0, 2, 4, 1, 4, 4, 2, 4, 3, 2, 1, 0, 2, 1, 1, 1, 2, 1, 1, 3, 0, 1, 0, 1, 1, 4, 1, 4, 3, 2, 2, 0, 4, 1, 1, 4, 0, 1, 2, 1, 4, 4, 1, 1, 0, 2, 3, 1, 2, 1, 2, 1, 1, 2, 4, 2, 0, 2, 2, 3, 1, 0, 1, 2, 0, 1, 2, 4, 1, 3, 4, 1, 2, 4, 3, 3, 3, 1, 1, 4, 3, 3, 3, 4, 4, 2, 2, 2, 3, 4, 1, 4, 1, 2, 2, 1, 4, 3]|[0, 2, 0, 1, 3, 0, 1, 3, 0, 0, 2, 0, 1, 0, 1, 0, 0, 0, 1, 0, 0, 2, 0, 0, 1, 0, 0, 3, 0, 1, 0, 2, 0, 1, 3, 0, 1, 3, 1, 0, 0, 0, 1, 3, 0, 0, 1, 0, 2, 0, 0, 0, 0, 0, 1, 0, 1, 0, 1, 1, 0, 2, 0, 0, 0, 0, 0, 0, 0, 2, 0, 0, 1, 0, 0, 1, 0, 0, 3, 0, 0, 1, 0, 0, 0, 2, 3, 0, 0, 0, 0, 2, 1, 3, 0, 0, 0, 0, 1, 0],841.059703557273,52360.47579375201,108166.55869875997,false
17,G2_TEC,G2_TEC,[31, 22, 82, 15, 26, 9, 95, 42, 77, 68, 47, 5, 93, 78, 86, 54, 85, 63, 18, 44, 20, 49, 36, 14, 74, 50, 53, 17, 21, 28, 71, 64, 3, 23, 30, 83, 24, 41, 40, 52, 65, 27, 90, 70, 39, 87, 48, 69, 99, 4, 46, 1, 13, 58, 97, 59, 45, 8, 73, 37, 35, 79, 11, 66, 76, 32, 60, 80, 96, 6, 16, 61, 33, 7, 57, 34, 12, 67, 10, 98, 56, 88, 29, 25, 91, 38, 19, 92, 43, 84, 51, 72, 81, 75, 2, 89, 0, 94, 55, 62]|[2, 1, 2, 1, 1, 2, 1, 1, 1, 1, 1, 0, 2, 2, 1, 2, 0, 0, 0, 2, 2, 1, 0, 2, 0, 2, 2, 1, 0, 1, 1, 1, 0, 0, 1, 0, 2, 1, 2, 2, 0, 0, 1, 1, 0, 2, 0, 2, 1, 0, 0, 2, 0, 0, 2, 0, 1, 1, 0, 0, 2, 1, 0, 2, 2, 0, 2, 2, 0, 1, 2, 1, 1, 2, 0, 1, 1, 1, 1, 2, 2, 1, 1, 1, 1, 0, 1, 0, 1, 0, 1, 1, 1, 0, 2, 1, 0, 2, 0, 1]|[0, 3, 0, 3, 4, 1, 4, 4, 2, 4, 3, 2, 1, 0, 2, 1, 1, 1, 2, 1, 1, 3, 0, 1, 0, 1, 1, 4, 1, 4, 3, 2, 2, 0, 4, 1, 1, 4, 0, 1, 2, 1, 4, 4, 1, 1, 0, 2, 3, 1, 2, 1, 2, 1, 1, 2, 4, 3, 0, 2, 2, 3, 1, 0, 1, 2, 0, 1, 2, 4, 1, 3, 4, 1, 2, 4, 3, 3, 3, 1, 1, 4, 3, 4, 3, 2, 4, 2, 4, 2, 3, 4, 1, 2, 1, 4, 2, 1, 2, 3]|[0, 2, 0, 0, 3, 0, 1, 3, 0, 0, 2, 0, 1, 0, 1, 0, 0, 0, 1, 0, 0, 2, 0, 0, 1, 0, 0, 3, 0, 1, 0, 2, 0, 0, 3, 0, 1, 3, 0, 0, 0, 0, 1, 3, 0, 0, 1, 0, 2, 0, 0, 0, 0, 0, 1, 0, 1, 0, 1, 1, 0, 2, 0, 0, 0, 0, 0, 0, 0, 2, 0, 0, 1, 0, 0, 1, 0, 0, 3, 0, 0, 1, 0, 3, 0, 0, 3, 0, 2, 0, 0, 2, 1, 0, 0, 1, 0, 0, 0, 0],889.0053545036524,50920.37616528636,113453.88510595518,false
17,G3_TWC,G1_CMAX,[31, 22, 82, 15, 26, 9, 42, 95, 77, 12, 47, 5, 93, 78, 86, 54, 85, 63, 18, 44, 20, 35, 43, 97, 91, 76, 10, 30, 21, 45, 71, 64, 1, 23, 17, 83, 24, 14, 60, 36, 6, 57, 94, 88, 65, 56, 79, 40, 67, 68, 46, 75, 38, 58, 19, 32, 81, 41, 27, 62, 87, 90, 99, 59, 11, 16, 72, 73, 69, 39, 37, 84, 3, 92, 25, 55, 28, 29, 51, 7, 33, 61, 98, 66, 89, 50, 8, 96, 53, 80, 4, 48, 34, 2, 52, 13, 0, 70, 49, 74]|[1, 1, 0, 1, 1, 1, 2, 1, 2, 1, 2, 2, 2, 1, 1, 0, 0, 1, 0, 2, 2, 0, 1, 2, 0, 1, 2, 2, 0, 0, 1, 2, 1, 2, 1, 0, 2, 0, 1, 1, 0, 1, 1, 1, 0, 2, 1, 1, 0, 0, 0, 0, 1, 1, 2, 1, 2, 0, 0, 0, 2, 1, 0, 1, 2, 1, 2, 1, 1, 1, 1, 1, 1, 0, 1, 2, 0, 0, 0, 1, 2, 1, 0, 2, 1, 0, 1, 0, 0, 0, 0, 0, 2, 0, 1, 0, 0, 1, 0, 2]|[4, 3, 2, 2, 0, 0, 2, 2, 2, 4, 1, 1, 2, 4, 4, 1, 2, 4, 2, 1, 1, 1, 1, 2, 1, 2, 1, 1, 1, 1, 3, 2, 3, 0, 4, 0, 1, 1, 0, 3, 2, 2, 2, 0, 1, 1, 0, 4, 0, 1, 2, 2, 1, 4, 0, 3, 2, 1, 1, 2, 1, 3, 1, 1, 1, 3, 0, 4, 3, 1, 4, 1, 1, 0, 4, 1, 2, 1, 1, 3, 1, 3, 1, 1, 1, 1, 3, 1, 2, 1, 2, 1, 1, 2, 1, 2, 2, 3, 1, 1]|[0, 2, 1, 1, 3, 3, 0, 1, 0, 0, 0, 0, 1, 0, 1, 0, 0, 3, 1, 0, 0, 0, 3, 1, 0, 2, 0, 0, 0, 1, 0, 0, 0, 0, 3, 0, 1, 0, 0, 2, 1, 1, 1, 0, 0, 0, 0, 2, 1, 0, 0, 0, 1, 3, 0, 0, 1, 0, 0, 1, 0, 2, 0, 1, 0, 2, 1, 0, 0, 1, 1, 3, 1, 1, 3, 0, 1, 0, 0, 2, 0, 0, 0, 0, 1, 0, 2, 0, 1, 0, 1, 0, 0, 0, 1, 0, 0, 0, 1, 0],801.427594812029,57868.49349465401,91455.85780813712,true
17,G1_CMAX,G1_CMAX,[31, 22, 82, 84, 26, 58, 95, 42, 77, 12, 47, 5, 93, 78, 86, 54, 85, 63, 18, 44, 20, 35, 43, 97, 91, 76, 10, 30, 21, 45, 71, 64, 1, 23, 17, 83, 24, 14, 60, 36, 6, 57, 40, 88, 65, 56, 79, 94, 67, 68, 46, 75, 38, 9, 19, 32, 81, 41, 27, 62, 87, 90, 99, 59, 11, 16, 72, 73, 70, 39, 37, 15, 3, 92, 25, 34, 28, 29, 51, 7, 33, 61, 98, 48, 89, 50, 4, 96, 53, 80, 8, 66, 55, 2, 52, 13, 0, 69, 74, 49]|[1, 1, 0, 1, 1, 0, 1, 2, 2, 1, 2, 2, 2, 1, 1, 0, 0, 1, 0, 2, 2, 0, 1, 2, 0, 1, 2, 2, 0, 0, 1, 2, 1, 2, 1, 0, 2, 0, 1, 1, 0, 1, 1, 1, 0, 2, 1, 1, 0, 0, 0, 0, 1, 1, 2, 1, 2, 0, 0, 0, 2, 1, 0, 1, 2, 1, 2, 1, 1, 1, 0, 1, 1, 0, 1, 2, 0, 0, 0, 1, 2, 1, 2, 0, 1, 0, 0, 0, 0, 0, 1, 2, 1, 0, 1, 0, 0, 1, 2, 0]|[4, 3, 2, 2, 4, 1, 2, 2, 2, 4, 1, 1, 2, 4, 4, 1, 2, 4, 2, 1, 1, 1, 1, 2, 1, 2, 1, 1, 1, 1, 3, 2, 3, 1, 4, 0, 1, 1, 0, 3, 2, 2, 2, 0, 1, 1, 0, 4, 0, 1, 2, 2, 1, 4, 0, 3, 2, 1, 1, 2, 1, 3, 1, 1, 1, 3, 0, 4, 3, 1, 1, 1, 1, 0, 4, 1, 2, 1, 1, 1, 1, 3, 1, 1, 1, 1, 2, 1, 2, 1, 3, 1, 4, 2, 1, 2, 2, 4, 1, 1]|[0, 2, 1, 1, 3, 0, 1, 0, 0, 0, 0, 0, 1, 0, 1, 0, 0, 3, 1, 0, 0, 0, 3, 1, 0, 2, 0, 0, 0, 1, 0, 0, 0, 0, 3, 0, 1, 0, 0, 2, 1, 1, 1, 0, 0, 0, 0, 2, 1, 0, 0, 0, 1, 3, 0, 0, 1, 0, 0, 1, 0, 2, 0, 1, 0, 2, 1, 0, 0, 1, 0, 3, 1, 1, 3, 0, 1, 0, 0, 2, 0, 0, 0, 0, 1, 0, 1, 0, 1, 0, 2, 0, 3, 0, 1, 0, 0, 2, 0, 1],826.8821263778887,56983.2916005289,93013.40574320812,false
17,G4_BALANCED,G4_BALANCED,[31, 11, 82, 15, 26, 9, 95, 42, 77, 68, 47, 5, 93, 78, 86, 54, 85, 63, 18, 44, 20, 49, 36, 14, 74, 50, 53, 17, 21, 45, 71, 64, 3, 23, 30, 83, 24, 41, 60, 52, 65, 27, 90, 70, 39, 87, 48, 69, 99, 4, 46, 1, 13, 58, 97, 59, 28, 75, 73, 37, 35, 79, 22, 66, 76, 32, 40, 80, 96, 6, 16, 61, 33, 7, 57, 34, 12, 67, 10, 98, 56, 88, 29, 8, 91, 43, 19, 92, 38, 84, 51, 72, 81, 25, 2, 55, 0, 94, 89, 62]|[2, 1, 2, 1, 1, 2, 1, 1, 1, 1, 1, 0, 2, 2, 1, 2, 0, 0, 0, 2, 2, 1, 0, 2, 0, 2, 2, 1, 0, 1, 1, 1, 0, 0, 1, 0, 2, 1, 2, 2, 0, 0, 1, 1, 0, 2, 0, 2, 1, 0, 0, 2, 0, 0, 2, 0, 1, 0, 0, 0, 2, 1, 0, 2, 2, 0, 2, 2, 0, 1, 2, 1, 1, 2, 0, 1, 1, 1, 1, 2, 2, 1, 1, 1, 1, 1, 1, 0, 0, 0, 1, 1, 1, 1, 2, 0, 0, 2, 1, 1]|[0, 3, 0, 2, 4, 1, 4, 4, 2, 4, 3, 2, 1, 0, 2, 1, 1, 1, 2, 1, 1, 3, 0, 1, 0, 1, 1, 4, 1, 4, 3, 2, 2, 0, 4, 1, 1, 4, 0, 1, 2, 1, 4, 4, 1, 1, 0, 2, 3, 1, 2, 1, 2, 1, 1, 2, 4, 2, 0, 2, 2, 3, 1, 0, 1, 2, 0, 1, 2, 4, 1, 3, 4, 1, 2, 4, 3, 3, 3, 1, 1, 4, 3, 3, 3, 4, 4, 2, 2, 2, 3, 4, 1, 4, 1, 2, 2, 1, 4, 3]|[0, 2, 0, 1, 3, 0, 1, 3, 0, 0, 2, 0, 1, 0, 1, 0, 0, 0, 1, 0, 0, 2, 0, 0, 1, 0, 0, 3, 0, 1, 0, 2, 0, 1, 3, 0, 1, 3, 1, 0, 0, 0, 1, 3, 0, 0, 1, 0, 2, 0, 0, 0, 0, 0, 1, 0, 1, 0, 1, 1, 0, 2, 0, 0, 0, 0, 0, 0, 0, 2, 0, 0, 1, 0, 0, 1, 0, 0, 3, 0, 0, 1, 0, 0, 0, 2, 3, 0, 0, 0, 0, 2, 1, 3, 0, 0, 0, 0, 1, 0],841.059703557273,52360.47579375201,108166.55869875997,false
17,G2_TEC,G4_BALANCED,[31, 22, 82, 15, 26, 9, 95, 42, 77, 68, 47, 5, 93, 78, 86, 54, 85, 63, 18, 44, 20, 49, 36, 14, 74, 50, 53, 17, 21, 28, 71, 64, 3, 23, 30, 83, 24, 41, 60, 52, 65, 27, 90, 70, 39, 87, 48, 69, 99, 4, 46, 1, 13, 58, 97, 59, 45, 8, 73, 37, 35, 79, 11, 66, 76, 32, 40, 80, 96, 6, 16, 61, 33, 7, 57, 34, 12, 67, 10, 98, 56, 88, 29, 19, 91, 38, 89, 92, 43, 84, 51, 72, 81, 25, 2, 55, 0, 94, 75, 62]|[2, 1, 2, 1, 1, 2, 1, 1, 1, 1, 1, 0, 2, 2, 1, 2, 0, 0, 0, 2, 2, 1, 0, 2, 0, 2, 2, 1, 0, 1, 1, 1, 0, 0, 1, 0, 2, 1, 2, 2, 0, 0, 1, 1, 0, 2, 0, 2, 1, 0, 0, 2, 0, 0, 2, 0, 1, 1, 0, 0, 2, 1, 0, 2, 2, 0, 2, 2, 0, 1, 2, 1, 1, 2, 0, 1, 1, 1, 1, 2, 2, 1, 1, 1, 1, 0, 1, 0, 1, 0, 1, 1, 1, 1, 2, 0, 0, 2, 0, 2]|[0, 3, 0, 3, 4, 1, 4, 4, 2, 4, 3, 2, 1, 0, 2, 1, 1, 1, 2, 1, 1, 3, 0, 1, 0, 1, 1, 4, 1, 4, 3, 2, 2, 0, 4, 1, 1, 4, 0, 1, 2, 1, 4, 4, 1, 1, 0, 2, 3, 1, 2, 1, 2, 1, 1, 2, 4, 3, 0, 2, 2, 3, 1, 0, 1, 2, 0, 1, 2, 4, 1, 3, 4, 1, 2, 4, 3, 3, 3, 1, 1, 4, 3, 4, 3, 2, 4, 2, 4, 2, 3, 4, 1, 4, 1, 2, 2, 1, 2, 1]|[0, 2, 0, 0, 3, 0, 1, 3, 0, 0, 2, 0, 1, 0, 1, 0, 0, 0, 1, 0, 0, 2, 0, 0, 1, 0, 0, 3, 0, 1, 0, 2, 0, 1, 3, 0, 1, 3, 1, 0, 0, 0, 1, 3, 0, 0, 1, 0, 2, 0, 0, 0, 0, 0, 1, 0, 1, 0, 1, 1, 0, 2, 0, 0, 0, 0, 0, 0, 0, 2, 0, 0, 1, 0, 0, 1, 0, 0, 3, 0, 0, 1, 0, 3, 0, 0, 1, 0, 2, 0, 0, 2, 1, 3, 0, 0, 0, 0, 0, 0],855.914293686131,51554.69873354884,107973.3799724812,true
17,G3_TWC,G1_CMAX,[31, 22, 82, 15, 26, 9, 42, 95, 77, 12, 47, 5, 93, 78, 86, 54, 85, 63, 18, 44, 20, 35, 43, 97, 91, 76, 10, 30, 21, 45, 71, 64, 1, 23, 17, 83, 24, 14, 60, 36, 6, 57, 94, 88, 65, 56, 79, 40, 67, 68, 46, 75, 38, 58, 19, 32, 81, 41, 27, 62, 87, 90, 99, 59, 11, 16, 72, 73, 69, 39, 37, 84, 3, 92, 25, 55, 28, 29, 51, 7, 33, 61, 98, 66, 89, 50, 8, 96, 53, 80, 4, 48, 34, 2, 52, 13, 0, 70, 49, 74]|[1, 1, 0, 1, 1, 1, 2, 1, 2, 1, 2, 2, 2, 1, 1, 0, 0, 1, 0, 2, 2, 0, 1, 2, 0, 1, 2, 2, 0, 0, 1, 2, 1, 2, 1, 0, 2, 0, 1, 1, 0, 1, 1, 1, 0, 2, 1, 1, 0, 0, 0, 0, 1, 1, 2, 1, 2, 0, 0, 0, 2, 1, 0, 1, 2, 1, 2, 1, 1, 1, 1, 1, 1, 0, 1, 2, 0, 0, 0, 1, 2, 1, 0, 2, 1, 0, 1, 0, 0, 0, 0, 0, 2, 0, 1, 0, 0, 1, 0, 2]|[4, 3, 2, 2, 0, 0, 2, 2, 2, 4, 1, 1, 2, 4, 4, 1, 2, 4, 2, 1, 1, 1, 1, 2, 1, 2, 1, 1, 1, 1, 3, 2, 3, 0, 4, 0, 1, 1, 0, 3, 2, 2, 2, 0, 1, 1, 0, 4, 0, 1, 2, 2, 1, 4, 0, 3, 2, 1, 1, 2, 1, 3, 1, 1, 1, 3, 0, 4, 3, 1, 4, 1, 1, 0, 4, 1, 2, 1, 1, 3, 1, 3, 1, 1, 1, 1, 3, 1, 2, 1, 2, 1, 1, 2, 1, 2, 2, 3, 1, 1]|[0, 2, 1, 1, 3, 3, 0, 1, 0, 0, 0, 0, 1, 0, 1, 0, 0, 3, 1, 0, 0, 0, 3, 1, 0, 2, 0, 0, 0, 1, 0, 0, 0, 0, 3, 0, 1, 0, 0, 2, 1, 1, 1, 0, 0, 0, 0, 2, 1, 0, 0, 0, 1, 3, 0, 0, 1, 0, 0, 1, 0, 2, 0, 1, 0, 2, 1, 0, 0, 1, 1, 3, 1, 1, 3, 0, 1, 0, 0, 2, 0, 0, 0, 0, 1, 0, 2, 0, 1, 0, 1, 0, 0, 0, 1, 0, 0, 0, 1, 0],801.427594812029,57868.49349465401,91455.85780813712,true
17,G1_CMAX,G4_BALANCED,[31, 22, 82, 15, 26, 9, 95, 42, 77, 68, 47, 5, 93, 78, 86, 54, 85, 63, 18, 44, 20, 49, 36, 14, 74, 50, 53, 17, 21, 28, 71, 64, 3, 23, 30, 83, 24, 41, 60, 52, 65, 27, 90, 70, 39, 87, 48, 69, 99, 4, 46, 1, 13, 58, 97, 59, 45, 8, 73, 37, 35, 40, 11, 66, 76, 32, 79, 80, 96, 6, 16, 61, 33, 7, 57, 34, 12, 67, 10, 98, 56, 88, 29, 75, 91, 38, 19, 92, 43, 84, 51, 72, 81, 25, 2, 55, 0, 62, 89, 94]|[2, 1, 2, 1, 1, 2, 1, 1, 1, 1, 1, 0, 2, 2, 1, 2, 0, 0, 0, 2, 2, 1, 0, 2, 0, 2, 2, 1, 0, 1, 1, 1, 0, 0, 1, 0, 2, 1, 2, 2, 0, 0, 1, 1, 0, 2, 0, 2, 1, 0, 0, 2, 0, 0, 2, 0, 1, 1, 0, 0, 2, 2, 0, 2, 2, 0, 1, 2, 0, 1, 2, 1, 1, 2, 0, 1, 1, 1, 1, 2, 2, 1, 1, 0, 1, 0, 1, 0, 1, 0, 1, 1, 1, 1, 2, 0, 0, 1, 1, 1]|[0, 3, 0, 3, 4, 1, 4, 4, 2, 4, 3, 2, 1, 0, 2, 1, 1, 1, 2, 1, 1, 3, 0, 1, 0, 1, 1, 4, 1, 4, 3, 2, 2, 0, 4, 1, 1, 4, 0, 1, 2, 1, 4, 4, 1, 1, 0, 2, 3, 1, 2, 1, 2, 1, 1, 2, 4, 3, 0, 2, 2, 0, 1, 0, 1, 2, 3, 1, 2, 4, 1, 3, 4, 1, 2, 4, 3, 3, 3, 1, 1, 4, 3, 2, 3, 2, 4, 2, 4, 2, 3, 4, 1, 4, 1, 2, 2, 3, 4, 4]|[0, 2, 0, 0, 3, 0, 1, 3, 0, 0, 2, 0, 1, 0, 1, 0, 0, 0, 1, 0, 0, 2, 0, 0, 1, 0, 0, 3, 0, 1, 0, 2, 0, 0, 3, 0, 1, 3, 1, 0, 0, 0, 1, 3, 0, 0, 1, 0, 2, 0, 0, 0, 0, 0, 1, 0, 1, 0, 1, 1, 0, 0, 0, 0, 0, 0, 2, 0, 0, 2, 0, 0, 1, 0, 0, 1, 0, 0, 3, 0, 0, 1, 0, 0, 0, 0, 3, 0, 2, 0, 0, 2, 1, 3, 0, 0, 0, 0, 1, 2],892.7401490794913,51299.15930948922,108816.93252312683,true
17,G4_BALANCED,G4_BALANCED,[31, 11, 82, 15, 26, 9, 95, 42, 77, 68, 47, 5, 93, 78, 86, 54, 85, 63, 18, 44, 20, 49, 36, 14, 74, 50, 53, 17, 21, 45, 71, 64, 3, 23, 30, 83, 24, 41, 60, 52, 65, 27, 90, 70, 39, 87, 48, 69, 99, 4, 46, 1, 13, 58, 97, 59, 28, 75, 73, 37, 35, 79, 22, 66, 76, 32, 40, 80, 96, 6, 16, 61, 33, 7, 57, 34, 12, 67, 10, 98, 56, 88, 29, 8, 91, 43, 19, 92, 38, 84, 51, 72, 81, 25, 2, 55, 0, 94, 89, 62]|[2, 1, 2, 1, 1, 2, 1, 1, 1, 1, 1, 0, 2, 2, 1, 2, 0, 0, 0, 2, 2, 1, 0, 2, 0, 2, 2, 1, 0, 1, 1, 1, 0, 0, 1, 0, 2, 1, 2, 2, 0, 0, 1, 1, 0, 2, 0, 2, 1, 0, 0, 2, 0, 0, 2, 0, 1, 0, 0, 0, 2, 1, 0, 2, 2, 0, 2, 2, 0, 1, 2, 1, 1, 2, 0, 1, 1, 1, 1, 2, 2, 1, 1, 1, 1, 1, 1, 0, 0, 0, 1, 1, 1, 1, 2, 0, 0, 2, 1, 1]|[0, 3, 0, 2, 4, 1, 4, 4, 2, 4, 3, 2, 1, 0, 2, 1, 1, 1, 2, 1, 1, 3, 0, 1, 0, 1, 1, 4, 1, 4, 3, 2, 2, 0, 4, 1, 1, 4, 0, 1, 2, 1, 4, 4, 1, 1, 0, 2, 3, 1, 2, 1, 2, 1, 1, 2, 4, 2, 0, 2, 2, 3, 1, 0, 1, 2, 0, 1, 2, 4, 1, 3, 4, 1, 2, 4, 3, 3, 3, 1, 1, 4, 3, 3, 3, 4, 4, 2, 2, 2, 3, 4, 1, 4, 1, 2, 2, 1, 4, 3]|[0, 2, 0, 1, 3, 0, 1, 3, 0, 0, 2, 0, 1, 0, 1, 0, 0, 0, 1, 0, 0, 2, 0, 0, 1, 0, 0, 3, 0, 1, 0, 2, 0, 1, 3, 0, 1, 3, 1, 0, 0, 0, 1, 3, 0, 0, 1, 0, 2, 0, 0, 0, 0, 0, 1, 0, 1, 0, 1, 1, 0, 2, 0, 0, 0, 0, 0, 0, 0, 2, 0, 0, 1, 0, 0, 1, 0, 0, 3, 0, 0, 1, 0, 0, 0, 2, 3, 0, 0, 0, 0, 2, 1, 3, 0, 0, 0, 0, 1, 0],841.059703557273,52360.47579375201,108166.55869875997,false
17,G2_TEC,G2_TEC,[31, 22, 82, 15, 26, 9, 95, 42, 77, 68, 47, 5, 93, 78, 86, 54, 85, 63, 18, 44, 20, 49, 36, 14, 74, 50, 53, 17, 21, 28, 71, 64, 3, 23, 30, 83, 24, 41, 40, 52, 65, 27, 90, 70, 39, 87, 48, 69, 99, 4, 46, 1, 13, 58, 97, 59, 45, 8, 73, 37, 35, 79, 11, 66, 76, 32, 60, 80, 96, 6, 16, 61, 33, 7, 57, 34, 12, 67, 10, 98, 56, 88, 29, 25, 91, 38, 19, 92, 43, 84, 51, 72, 81, 75, 2, 89, 0, 94, 55, 62]|[2, 1, 2, 1, 1, 2, 1, 1, 1, 1, 1, 0, 2, 2, 1, 2, 0, 0, 0, 2, 2, 1, 0, 2, 0, 2, 2, 1, 0, 1, 1, 1, 0, 0, 1, 0, 2, 1, 2, 2, 0, 0, 1, 1, 0, 2, 0, 2, 1, 0, 0, 2, 0, 0, 2, 0, 1, 1, 0, 0, 2, 1, 0, 2, 2, 0, 2, 2, 0, 1, 2, 1, 1, 2, 0, 1, 1, 1, 1, 2, 2, 1, 1, 1, 1, 0, 1, 0, 1, 0, 1, 1, 1, 0, 2, 1, 0, 2, 0, 1]|[0, 3, 0, 3, 4, 1, 4, 4, 2, 4, 3, 2, 1, 0, 2, 1, 1, 1, 2, 1, 1, 3, 0, 1, 0, 1, 1, 4, 1, 4, 3, 2, 2, 0, 4, 1, 1, 4, 0, 1, 2, 1, 4, 4, 1, 1, 0, 2, 3, 1, 2, 1, 2, 1, 1, 2, 4, 3, 0, 2, 2, 3, 1, 0, 1, 2, 0, 1, 2, 4, 1, 3, 4, 1, 2, 4, 3, 3, 3, 1, 1, 4, 3, 4, 3, 2, 4, 2, 4, 2, 3, 4, 1, 2, 1, 4, 2, 1, 2, 3]|[0, 2, 0, 0, 3, 0, 1, 3, 0, 0, 2, 0, 1, 0, 1, 0, 0, 0, 1, 0, 0, 2, 0, 0, 1, 0, 0, 3, 0, 1, 0, 2, 0, 0, 3, 0, 1, 3, 0, 0, 0, 0, 1, 3, 0, 0, 1, 0, 2, 0, 0, 0, 0, 0, 1, 0, 1, 0, 1, 1, 0, 2, 0, 0, 0, 0, 0, 0, 0, 2, 0, 0, 1, 0, 0, 1, 0, 0, 3, 0, 0, 1, 0, 3, 0, 0, 3, 0, 2, 0, 0, 2, 1, 0, 0, 1, 0, 0, 0, 0],889.0053545036524,50920.37616528636,113453.88510595518,false
17,G3_TWC,G1_CMAX,[31, 22, 82, 15, 26, 9, 42, 95, 77, 12, 47, 5, 93, 78, 86, 54, 85, 63, 18, 44, 20, 35, 43, 97, 91, 76, 10, 30, 21, 45, 71, 64, 1, 23, 17, 83, 24, 14, 60, 36, 6, 57, 94, 88, 65, 56, 79, 40, 67, 68, 46, 75, 38, 58, 19, 32, 81, 41, 27, 62, 87, 90, 99, 59, 11, 16, 72, 73, 69, 39, 37, 84, 3, 92, 25, 55, 28, 29, 51, 7, 33, 61, 98, 66, 89, 50, 8, 96, 53, 80, 4, 48, 34, 2, 52, 13, 0, 70, 49, 74]|[1, 1, 0, 1, 1, 1, 2, 1, 2, 1, 2, 2, 2, 1, 1, 0, 0, 1, 0, 2, 2, 0, 1, 2, 0, 1, 2, 2, 0, 0, 1, 2, 1, 2, 1, 0, 2, 0, 1, 1, 0, 1, 1, 1, 0, 2, 1, 1, 0, 0, 0, 0, 1, 1, 2, 1, 2, 0, 0, 0, 2, 1, 0, 1, 2, 1, 2, 1, 1, 1, 1, 1, 1, 0, 1, 2, 0, 0, 0, 1, 2, 1, 0, 2, 1, 0, 1, 0, 0, 0, 0, 0, 2, 0, 1, 0, 0, 1, 0, 2]|[4, 3, 2, 2, 0, 0, 2, 2, 2, 4, 1, 1, 2, 4, 4, 1, 2, 4, 2, 1, 1, 1, 1, 2, 1, 2, 1, 1, 1, 1, 3, 2, 3, 0, 4, 0, 1, 1, 0, 3, 2, 2, 2, 0, 1, 1, 0, 4, 0, 1, 2, 2, 1, 4, 0, 3, 2, 1, 1, 2, 1, 3, 1, 1, 1, 3, 0, 4, 3, 1, 4, 1, 1, 0, 4, 1, 2, 1, 1, 3, 1, 3, 1, 1, 1, 1, 3, 1, 2, 1, 2, 1, 1, 2, 1, 2, 2, 3, 1, 1]|[0, 2, 1, 1, 3, 3, 0, 1, 0, 0, 0, 0, 1, 0, 1, 0, 0, 3, 1, 0, 0, 0, 3, 1, 0, 2, 0, 0, 0, 1, 0, 0, 0, 0, 3, 0, 1, 0, 0, 2, 1, 1, 1, 0, 0, 0, 0, 2, 1, 0, 0, 0, 1, 3, 0, 0, 1, 0, 0, 1, 0, 2, 0, 1, 0, 2, 1, 0, 0, 1, 1, 3, 1, 1, 3, 0, 1, 0, 0, 2, 0, 0, 0, 0, 1, 0, 2, 0, 1, 0, 1, 0, 0, 0, 1, 0, 0, 0, 1, 0],801.427594812029,57868.49349465401,91455.85780813712,true
17,G1_CMAX,G4_BALANCED,[31, 22, 82, 15, 26, 58, 95, 42, 77, 12, 47, 5, 93, 78, 86, 54, 85, 63, 18, 44, 20, 35, 43, 97, 91, 76, 10, 30, 21, 45, 71, 64, 1, 23, 17, 83, 24, 14, 60, 36, 6, 57, 40, 88, 65, 56, 79, 94, 67, 68, 46, 75, 38, 9, 19, 32, 81, 41, 27, 62, 87, 90, 99, 59, 11, 16, 72, 73, 70, 39, 37, 84, 69, 92, 25, 55, 28, 29, 51, 7, 66, 61, 98, 48, 89, 50, 4, 96, 8, 80, 53, 33, 34, 2, 52, 13, 0, 3, 74, 49]|[1, 1, 0, 1, 1, 0, 1, 2, 2, 1, 2, 2, 2, 1, 1, 0, 0, 1, 0, 2, 2, 0, 1, 2, 2, 1, 2, 2, 0, 0, 1, 2, 1, 2, 1, 0, 2, 0, 1, 1, 0, 1, 1, 1, 0, 2, 1, 1, 0, 0, 0, 0, 1, 1, 2, 1, 2, 0, 0, 0, 2, 1, 0, 1, 2, 1, 2, 1, 1, 1, 1, 1, 1, 0, 1, 2, 0, 0, 0, 1, 2, 1, 2, 0, 1, 0, 1, 2, 1, 0, 0, 2, 2, 0, 2, 0, 0, 1, 2, 0]|[4, 3, 2, 2, 4, 1, 2, 2, 2, 4, 1, 1, 2, 4, 4, 1, 2, 4, 2, 1, 1, 1, 1, 2, 1, 2, 1, 1, 1, 1, 3, 2, 3, 1, 4, 0, 1, 1, 0, 3, 1, 2, 2, 0, 1, 1, 0, 4, 0, 1, 2, 2, 1, 4, 0, 3, 2, 1, 1, 2, 1, 3, 1, 1, 1, 3, 0, 4, 3, 1, 4, 1, 4, 0, 4, 1, 2, 1, 1, 1, 1, 3, 1, 1, 1, 1, 4, 1, 3, 1, 2, 1, 1, 2, 1, 2, 2, 4, 1, 1]|[0, 2, 1, 1, 3, 0, 1, 0, 0, 0, 0, 0, 1, 0, 1, 0, 0, 3, 1, 0, 0, 0, 3, 1, 0, 2, 0, 0, 0, 1, 0, 0, 0, 0, 3, 0, 1, 0, 0, 2, 0, 1, 1, 0, 0, 0, 0, 2, 1, 0, 0, 0, 1, 3, 0, 0, 1, 0, 0, 1, 0, 2, 0, 1, 0, 2, 1, 0, 0, 1, 1, 3, 2, 1, 3, 0, 1, 0, 0, 2, 0, 0, 0, 0, 1, 0, 0, 0, 2, 0, 1, 0, 0, 0, 0, 0, 0, 2, 0, 1],811.3764980153643,55716.396979443074,99038.49678480547,true
17,G4_BALANCED,G4_BALANCED,[31, 11, 82, 15, 26, 9, 95, 42, 77, 68, 47, 5, 93, 78, 86, 54, 85, 63, 18, 44, 20, 49, 36, 14, 74, 50, 53, 17, 21, 45, 71, 64, 3, 23, 30, 83, 24, 41, 60, 52, 65, 27, 90, 70, 39, 87, 48, 69, 99, 4, 46, 1, 13, 58, 97, 59, 28, 75, 73, 37, 35, 79, 22, 66, 76, 32, 40, 80, 96, 6, 16, 61, 33, 7, 57, 34, 12, 67, 10, 98, 56, 88, 29, 8, 91, 43, 19, 92, 38, 84, 51, 72, 81, 25, 2, 55, 0, 94, 89, 62]|[2, 1, 2, 1, 1, 2, 1, 1, 1, 1, 1, 0, 2, 2, 1, 2, 0, 0, 0, 2, 2, 1, 0, 2, 0, 2, 2, 1, 0, 1, 1, 1, 0, 0, 1, 0, 2, 1, 2, 2, 0, 0, 1, 1, 0, 2, 0, 2, 1, 0, 0, 2, 0, 0, 2, 0, 1, 0, 0, 0, 2, 1, 0, 2, 2, 0, 2, 2, 0, 1, 2, 1, 1, 2, 0, 1, 1, 1, 1, 2, 2, 1, 1, 1, 1, 1, 1, 0, 0, 0, 1, 1, 1, 1, 2, 0, 0, 2, 1, 1]|[0, 3, 0, 2, 4, 1, 4, 4, 2, 4, 3, 2, 1, 0, 2, 1, 1, 1, 2, 1, 1, 3, 0, 1, 0, 1, 1, 4, 1, 4, 3, 2, 2, 0, 4, 1, 1, 4, 0, 1, 2, 1, 4, 4, 1, 1, 0, 2, 3, 1, 2, 1, 2, 1, 1, 2, 4, 2, 0, 2, 2, 3, 1, 0, 1, 2, 0, 1, 2, 4, 1, 3, 4, 1, 2, 4, 3, 3, 3, 1, 1, 4, 3, 3, 3, 4, 4, 2, 2, 2, 3, 4, 1, 4, 1, 2, 2, 1, 4, 3]|[0, 2, 0, 1, 3, 0, 1, 3, 0, 0, 2, 0, 1, 0, 1, 0, 0, 0, 1, 0, 0, 2, 0, 0, 1, 0, 0, 3, 0, 1, 0, 2, 0, 1, 3, 0, 1, 3, 1, 0, 0, 0, 1, 3, 0, 0, 1, 0, 2, 0, 0, 0, 0, 0, 1, 0, 1, 0, 1, 1, 0, 2, 0, 0, 0, 0, 0, 0, 0, 2, 0, 0, 1, 0, 0, 1, 0, 0, 3, 0, 0, 1, 0, 0, 0, 2, 3, 0, 0, 0, 0, 2, 1, 3, 0, 0, 0, 0, 1, 0],841.059703557273,52360.47579375201,108166.55869875997,false
17,G2_TEC,G2_TEC,[31, 22, 82, 15, 26, 9, 95, 42, 77, 68, 47, 5, 93, 78, 86, 54, 85, 63, 18, 44, 20, 49, 36, 14, 74, 50, 53, 17, 21, 28, 71, 64, 3, 23, 30, 83, 24, 41, 40, 52, 65, 27, 90, 70, 39, 87, 48, 69, 99, 4, 46, 1, 13, 58, 97, 59, 45, 8, 73, 37, 35, 79, 11, 66, 76, 32, 60, 80, 96, 6, 16, 61, 33, 7, 57, 34, 12, 67, 10, 98, 56, 88, 29, 25, 91, 38, 19, 92, 43, 84, 51, 72, 81, 75, 2, 89, 0, 94, 55, 62]|[2, 1, 2, 1, 1, 2, 1, 1, 1, 1, 1, 0, 2, 2, 1, 2, 0, 0, 0, 2, 2, 1, 0, 2, 0, 2, 2, 1, 0, 1, 1, 1, 0, 0, 1, 0, 2, 1, 2, 2, 0, 0, 1, 1, 0, 2, 0, 2, 1, 0, 0, 2, 0, 0, 2, 0, 1, 1, 0, 0, 2, 1, 0, 2, 2, 0, 2, 2, 0, 1, 2, 1, 1, 2, 0, 1, 1, 1, 1, 2, 2, 1, 1, 1, 1, 0, 1, 0, 1, 0, 1, 1, 1, 0, 2, 1, 0, 2, 0, 1]|[0, 3, 0, 3, 4, 1, 4, 4, 2, 4, 3, 2, 1, 0, 2, 1, 1, 1, 2, 1, 1, 3, 0, 1, 0, 1, 1, 4, 1, 4, 3, 2, 2, 0, 4, 1, 1, 4, 0, 1, 2, 1, 4, 4, 1, 1, 0, 2, 3, 1, 2, 1, 2, 1, 1, 2, 4, 3, 0, 2, 2, 3, 1, 0, 1, 2, 0, 1, 2, 4, 1, 3, 4, 1, 2, 4, 3, 3, 3, 1, 1, 4, 3, 4, 3, 2, 4, 2, 4, 2, 3, 4, 1, 2, 1, 4, 2, 1, 2, 3]|[0, 2, 0, 0, 3, 0, 1, 3, 0, 0, 2, 0, 1, 0, 1, 0, 0, 0, 1, 0, 0, 2, 0, 0, 1, 0, 0, 3, 0, 1, 0, 2, 0, 0, 3, 0, 1, 3, 0, 0, 0, 0, 1, 3, 0, 0, 1, 0, 2, 0, 0, 0, 0, 0, 1, 0, 1, 0, 1, 1, 0, 2, 0, 0, 0, 0, 0, 0, 0, 2, 0, 0, 1, 0, 0, 1, 0, 0, 3, 0, 0, 1, 0, 3, 0, 0, 3, 0, 2, 0, 0, 2, 1, 0, 0, 1, 0, 0, 0, 0],889.0053545036524,50920.37616528636,113453.88510595518,false
17,G3_TWC,G1_CMAX,[31, 22, 82, 15, 26, 9, 42, 95, 77, 12, 47, 5, 93, 78, 86, 54, 85, 63, 18, 44, 20, 35, 43, 97, 91, 76, 10, 30, 21, 45, 71, 64, 1, 23, 17, 83, 24, 14, 60, 36, 6, 57, 94, 88, 65, 56, 79, 40, 67, 68, 46, 75, 38, 58, 19, 32, 81, 41, 27, 62, 87, 90, 99, 59, 11, 16, 72, 73, 69, 39, 37, 84, 3, 92, 25, 55, 28, 29, 51, 7, 33, 61, 98, 66, 89, 50, 8, 96, 53, 80, 4, 48, 34, 2, 52, 13, 0, 70, 49, 74]|[1, 1, 0, 1, 1, 1, 2, 1, 2, 1, 2, 2, 2, 1, 1, 0, 0, 1, 0, 2, 2, 0, 1, 2, 0, 1, 2, 2, 0, 0, 1, 2, 1, 2, 1, 0, 2, 0, 1, 1, 0, 1, 1, 1, 0, 2, 1, 1, 0, 0, 0, 0, 1, 1, 2, 1, 2, 0, 0, 0, 2, 1, 0, 1, 2, 1, 2, 1, 1, 1, 1, 1, 1, 0, 1, 2, 0, 0, 0, 1, 2, 1, 0, 2, 1, 0, 1, 0, 0, 0, 0, 0, 2, 0, 1, 0, 0, 1, 0, 2]|[4, 3, 2, 2, 0, 0, 2, 2, 2, 4, 1, 1, 2, 4, 4, 1, 2, 4, 2, 1, 1, 1, 1, 2, 1, 2, 1, 1, 1, 1, 3, 2, 3, 0, 4, 0, 1, 1, 0, 3, 2, 2, 2, 0, 1, 1, 0, 4, 0, 1, 2, 2, 1, 4, 0, 3, 2, 1, 1, 2, 1, 3, 1, 1, 1, 3, 0, 4, 3, 1, 4, 1, 1, 0, 4, 1, 2, 1, 1, 3, 1, 3, 1, 1, 1, 1, 3, 1, 2, 1, 2, 1, 1, 2, 1, 2, 2, 3, 1, 1]|[0, 2, 1, 1, 3, 3, 0, 1, 0, 0, 0, 0, 1, 0, 1, 0, 0, 3, 1, 0, 0, 0, 3, 1, 0, 2, 0, 0, 0, 1, 0, 0, 0, 0, 3, 0, 1, 0, 0, 2, 1, 1, 1, 0, 0, 0, 0, 2, 1, 0, 0, 0, 1, 3, 0, 0, 1, 0, 0, 1, 0, 2, 0, 1, 0, 2, 1, 0, 0, 1, 1, 3, 1, 1, 3, 0, 1, 0, 0, 2, 0, 0, 0, 0, 1, 0, 2, 0, 1, 0, 1, 0, 0, 0, 1, 0, 0, 0, 1, 0],801.427594812029,57868.49349465401,91455.85780813712,true
17,G1_CMAX,G1_CMAX,[31, 22, 82, 15, 26, 54, 95, 42, 77, 12, 47, 5, 93, 78, 86, 58, 85, 63, 18, 44, 20, 35, 43, 97, 91, 76, 10, 30, 41, 45, 71, 1, 64, 23, 17, 83, 24, 14, 60, 36, 6, 57, 40, 88, 65, 56, 79, 94, 67, 68, 46, 75, 38, 9, 19, 32, 81, 21, 62, 87, 90, 99, 59, 11, 16, 72, 73, 70, 39, 37, 84, 3, 92, 25, 55, 28, 29, 27, 51, 7, 98, 61, 66, 48, 89, 50, 4, 96, 53, 80, 8, 33, 34, 2, 52, 13, 0, 69, 74, 49]|[1, 1, 0, 1, 1, 0, 1, 2, 2, 1, 2, 2, 2, 1, 1, 0, 0, 1, 0, 2, 2, 0, 1, 2, 0, 1, 2, 2, 0, 0, 1, 1, 2, 2, 1, 0, 2, 0, 1, 1, 0, 1, 1, 1, 0, 2, 1, 1, 0, 0, 0, 0, 1, 1, 2, 1, 2, 0, 0, 2, 1, 0, 1, 2, 1, 2, 1, 1, 1, 1, 1, 1, 0, 1, 2, 0, 0, 0, 0, 1, 2, 1, 2, 0, 1, 0, 1, 2, 0, 0, 1, 2, 2, 0, 1, 0, 0, 1, 2, 0]|[4, 3, 2, 2, 4, 1, 2, 2, 2, 4, 1, 1, 2, 4, 4, 1, 2, 4, 2, 1, 1, 1, 1, 2, 1, 2, 1, 1, 1, 1, 3, 3, 2, 1, 4, 0, 1, 1, 0, 3, 2, 2, 2, 0, 1, 1, 0, 4, 0, 1, 2, 2, 1, 4, 0, 3, 2, 1, 2, 1, 3, 1, 1, 1, 3, 0, 4, 3, 1, 4, 1, 1, 0, 4, 1, 2, 1, 1, 1, 1, 1, 3, 1, 1, 1, 1, 4, 1, 2, 1, 3, 1, 1, 2, 1, 2, 2, 4, 1, 1]|[0, 2, 1, 1, 3, 0, 1, 0, 0, 0, 0, 0, 1, 0, 1, 0, 0, 3, 1, 0, 0, 0, 3, 1, 0, 2, 0, 0, 0, 1, 0, 0, 0, 0, 3, 0, 1, 0, 0, 2, 1, 1, 1, 0, 0, 0, 0, 2, 1, 0, 0, 0, 1, 3, 0, 0, 1, 0, 1, 0, 2, 0, 1, 0, 2, 1, 0, 0, 1, 1, 3, 1, 1, 3, 0, 1, 0, 0, 0, 2, 0, 0, 0, 0, 1, 0, 0, 0, 1, 0, 2, 0, 0, 0, 1, 0, 0, 2, 0, 1],747.7462242608124,56554.12265434285,94640.72771652095,false
17,G4_BALANCED,G4_BALANCED,[31, 11, 82, 15, 26, 9, 95, 42, 77, 68, 47, 5, 93, 78, 86, 54, 85, 63, 18, 44, 20, 49, 36, 14, 74, 50, 53, 17, 21, 45, 71, 64, 3, 23, 30, 83, 24, 41, 60, 52, 65, 27, 90, 70, 39, 87, 48, 69, 99, 4, 46, 1, 13, 58, 97, 59, 28, 75, 73, 37, 35, 79, 22, 66, 76, 32, 40, 80, 96, 6, 16, 61, 33, 7, 57, 34, 12, 67, 10, 98, 56, 88, 29, 8, 91, 43, 19, 92, 38, 84, 51, 72, 81, 25, 2, 55, 0, 94, 89, 62]|[2, 1, 2, 1, 1, 2, 1, 1, 1, 1, 1, 0, 2, 2, 1, 2, 0, 0, 0, 2, 2, 1, 0, 2, 0, 2, 2, 1, 0, 1, 1, 1, 0, 0, 1, 0, 2, 1, 2, 2, 0, 0, 1, 1, 0, 2, 0, 2, 1, 0, 0, 2, 0, 0, 2, 0, 1, 0, 0, 0, 2, 1, 0, 2, 2, 0, 2, 2, 0, 1, 2, 1, 1, 2, 0, 1, 1, 1, 1, 2, 2, 1, 1, 1, 1, 1, 1, 0, 0, 0, 1, 1, 1, 1, 2, 0, 0, 2, 1, 1]|[0, 3, 0, 2, 4, 1, 4, 4, 2, 4, 3, 2, 1, 0, 2, 1, 1, 1, 2, 1, 1, 3, 0, 1, 0, 1, 1, 4, 1, 4, 3, 2, 2, 0, 4, 1, 1, 4, 0, 1, 2, 1, 4, 4, 1, 1, 0, 2, 3, 1, 2, 1, 2, 1, 1, 2, 4, 2, 0, 2, 2, 3, 1, 0, 1, 2, 0, 1, 2, 4, 1, 3, 4, 1, 2, 4, 3, 3, 3, 1, 1, 4, 3, 3, 3, 4, 4, 2, 2, 2, 3, 4, 1, 4, 1, 2, 2, 1, 4, 3]|[0, 2, 0, 1, 3, 0, 1, 3, 0, 0, 2, 0, 1, 0, 1, 0, 0, 0, 1, 0, 0, 2, 0, 0, 1, 0, 0, 3, 0, 1, 0, 2, 0, 1, 3, 0, 1, 3, 1, 0, 0, 0, 1, 3, 0, 0, 1, 0, 2, 0, 0, 0, 0, 0, 1, 0, 1, 0, 1, 1, 0, 2, 0, 0, 0, 0, 0, 0, 0, 2, 0, 0, 1, 0, 0, 1, 0, 0, 3, 0, 0, 1, 0, 0, 0, 2, 3, 0, 0, 0, 0, 2, 1, 3, 0, 0, 0, 0, 1, 0],841.059703557273,52360.47579375201,108166.55869875997,false
17,G2_TEC,G2_TEC,[31, 22, 82, 15, 26, 9, 95, 42, 77, 68, 47, 5, 93, 78, 86, 54, 85, 63, 18, 44, 20, 49, 36, 14, 74, 50, 53, 17, 21, 28, 71, 64, 3, 23, 30, 83, 24, 41, 40, 52, 65, 27, 90, 70, 39, 87, 48, 69, 99, 4, 46, 1, 13, 58, 97, 59, 45, 8, 73, 37, 35, 79, 11, 66, 76, 32, 60, 80, 96, 6, 16, 61, 33, 7, 57, 34, 12, 67, 10, 98, 56, 88, 29, 25, 91, 38, 19, 92, 43, 84, 51, 72, 81, 75, 2, 89, 0, 94, 55, 62]|[2, 1, 2, 1, 1, 2, 1, 1, 1, 1, 1, 0, 2, 2, 1, 2, 0, 0, 0, 2, 2, 1, 0, 2, 0, 2, 2, 1, 0, 1, 1, 1, 0, 0, 1, 0, 2, 1, 2, 2, 0, 0, 1, 1, 0, 2, 0, 2, 1, 0, 0, 2, 0, 0, 2, 0, 1, 1, 0, 0, 2, 1, 0, 2, 2, 0, 2, 2, 0, 1, 2, 1, 1, 2, 0, 1, 1, 1, 1, 2, 2, 1, 1, 1, 1, 0, 1, 0, 1, 0, 1, 1, 1, 0, 2, 1, 0, 2, 0, 1]|[0, 3, 0, 3, 4, 1, 4, 4, 2, 4, 3, 2, 1, 0, 2, 1, 1, 1, 2, 1, 1, 3, 0, 1, 0, 1, 1, 4, 1, 4, 3, 2, 2, 0, 4, 1, 1, 4, 0, 1, 2, 1, 4, 4, 1, 1, 0, 2, 3, 1, 2, 1, 2, 1, 1, 2, 4, 3, 0, 2, 2, 3, 1, 0, 1, 2, 0, 1, 2, 4, 1, 3, 4, 1, 2, 4, 3, 3, 3, 1, 1, 4, 3, 4, 3, 2, 4, 2, 4, 2, 3, 4, 1, 2, 1, 4, 2, 1, 2, 3]|[0, 2, 0, 0, 3, 0, 1, 3, 0, 0, 2, 0, 1, 0, 1, 0, 0, 0, 1, 0, 0, 2, 0, 0, 1, 0, 0, 3, 0, 1, 0, 2, 0, 0, 3, 0, 1, 3, 0, 0, 0, 0, 1, 3, 0, 0, 1, 0, 2, 0, 0, 0, 0, 0, 1, 0, 1, 0, 1, 1, 0, 2, 0, 0, 0, 0, 0, 0, 0, 2, 0, 0, 1, 0, 0, 1, 0, 0, 3, 0, 0, 1, 0, 3, 0, 0, 3, 0, 2, 0, 0, 2, 1, 0, 0, 1, 0, 0, 0, 0],889.0053545036524,50920.37616528636,113453.88510595518,false
17,G3_TWC,G1_CMAX,[31, 22, 82, 15, 26, 9, 42, 95, 77, 12, 47, 5, 93, 78, 86, 54, 85, 63, 18, 44, 20, 35, 43, 97, 91, 76, 10, 30, 21, 45, 71, 64, 1, 23, 17, 83, 24, 14, 60, 36, 6, 57, 94, 88, 65, 56, 79, 40, 67, 68, 46, 75, 38, 58, 19, 32, 81, 41, 27, 62, 87, 90, 99, 59, 11, 16, 72, 73, 69, 39, 37, 84, 3, 92, 25, 55, 28, 29, 51, 7, 33, 61, 98, 66, 89, 50, 8, 96, 53, 80, 4, 48, 34, 2, 52, 13, 0, 70, 49, 74]|[1, 1, 0, 1, 1, 1, 2, 1, 2, 1, 2, 2, 2, 1, 1, 0, 0, 1, 0, 2, 2, 0, 1, 2, 0, 1, 2, 2, 0, 0, 1, 2, 1, 2, 1, 0, 2, 0, 1, 1, 0, 1, 1, 1, 0, 2, 1, 1, 0, 0, 0, 0, 1, 1, 2, 1, 2, 0, 0, 0, 2, 1, 0, 1, 2, 1, 2, 1, 1, 1, 1, 1, 1, 0, 1, 2, 0, 0, 0, 1, 2, 1, 0, 2, 1, 0, 1, 0, 0, 0, 0, 0, 2, 0, 1, 0, 0, 1, 0, 2]|[4, 3, 2, 2, 0, 0, 2, 2, 2, 4, 1, 1, 2, 4, 4, 1, 2, 4, 2, 1, 1, 1, 1, 2, 1, 2, 1, 1, 1, 1, 3, 2, 3, 0, 4, 0, 1, 1, 0, 3, 2, 2, 2, 0, 1, 1, 0, 4, 0, 1, 2, 2, 1, 4, 0, 3, 2, 1, 1, 2, 1, 3, 1, 1, 1, 3, 0, 4, 3, 1, 4, 1, 1, 0, 4, 1, 2, 1, 1, 3, 1, 3, 1, 1, 1, 1, 3, 1, 2, 1, 2, 1, 1, 2, 1, 2, 2, 3, 1, 1]|[0, 2, 1, 1, 3, 3, 0, 1, 0, 0, 0, 0, 1, 0, 1, 0, 0, 3, 1, 0, 0, 0, 3, 1, 0, 2, 0, 0, 0, 1, 0, 0, 0, 0, 3, 0, 1, 0, 0, 2, 1, 1, 1, 0, 0, 0, 0, 2, 1, 0, 0, 0, 1, 3, 0, 0, 1, 0, 0, 1, 0, 2, 0, 1, 0, 2, 1, 0, 0, 1, 1, 3, 1, 1, 3, 0, 1, 0, 0, 2, 0, 0, 0, 0, 1, 0, 2, 0, 1, 0, 1, 0, 0, 0, 1, 0, 0, 0, 1, 0],801.427594812029,57868.49349465401,91455.85780813712,true
17,G1_CMAX,G2_TEC,[31, 22, 82, 15, 26, 9, 95, 42, 77, 68, 47, 5, 93, 78, 86, 54, 85, 63, 18, 44, 20, 49, 36, 14, 74, 50, 53, 17, 21, 28, 71, 64, 3, 23, 30, 83, 24, 41, 40, 52, 65, 27, 90, 70, 39, 87, 48, 69, 99, 4, 46, 1, 13, 58, 97, 59, 45, 8, 73, 37, 35, 79, 11, 66, 76, 32, 60, 80, 96, 6, 16, 61, 33, 7, 57, 34, 12, 67, 10, 98, 56, 88, 29, 75, 91, 38, 19, 92, 43, 84, 62, 72, 81, 25, 94, 55, 0, 89, 2, 51]|[2, 1, 2, 1, 1, 2, 1, 1, 1, 1, 1, 0, 2, 2, 1, 2, 0, 0, 0, 2, 2, 1, 0, 2, 0, 2, 2, 1, 0, 1, 1, 1, 0, 0, 1, 0, 2, 1, 2, 2, 0, 0, 1, 1, 0, 2, 0, 2, 1, 0, 0, 2, 0, 0, 2, 0, 1, 1, 0, 0, 2, 1, 0, 2, 2, 0, 2, 2, 0, 1, 2, 1, 1, 2, 0, 1, 1, 1, 1, 2, 2, 1, 1, 0, 1, 0, 1, 0, 1, 0, 1, 1, 1, 1, 2, 0, 0, 1, 2, 1]|[0, 3, 0, 3, 4, 1, 4, 4, 2, 4, 3, 2, 1, 0, 2, 1, 1, 1, 2, 1, 1, 3, 0, 1, 0, 1, 1, 4, 1, 4, 3, 2, 2, 0, 4, 1, 1, 4, 0, 1, 2, 1, 4, 4, 1, 1, 0, 2, 3, 1, 2, 1, 2, 1, 1, 2, 4, 3, 0, 2, 2, 3, 1, 0, 1, 2, 0, 1, 2, 4, 1, 3, 4, 1, 2, 4, 3, 3, 3, 1, 1, 4, 3, 2, 3, 2, 4, 2, 4, 2, 3, 4, 4, 4, 1, 2, 2, 4, 1, 3]|[0, 2, 0, 0, 3, 0, 1, 3, 0, 0, 2, 0, 1, 0, 1, 0, 0, 0, 1, 0, 0, 2, 0, 0, 1, 0, 0, 3, 0, 1, 0, 2, 0, 0, 3, 0, 1, 3, 1, 0, 0, 0, 1, 3, 0, 0, 1, 0, 2, 0, 0, 0, 0, 0, 1, 0, 1, 0, 1, 1, 0, 2, 0, 0, 0, 0, 0, 0, 0, 2, 0, 0, 1, 0, 0, 1, 0, 0, 3, 0, 0, 1, 0, 0, 0, 0, 3, 0, 2, 0, 0, 2, 1, 3, 0, 0, 0, 1, 0, 0],890.9074744783937,51031.603060352616,110797.65173238856,true
17,G4_BALANCED,G4_BALANCED,[31, 11, 82, 15, 26, 9, 95, 42, 77, 68, 47, 5, 93, 78, 86, 54, 85, 63, 18, 44, 20, 49, 36, 14, 74, 50, 53, 17, 21, 45, 71, 64, 3, 23, 30, 83, 24, 41, 60, 52, 65, 27, 90, 70, 39, 87, 48, 69, 99, 4, 46, 1, 13, 58, 97, 59, 28, 75, 73, 37, 35, 79, 22, 66, 76, 32, 40, 80, 96, 6, 16, 61, 33, 7, 57, 34, 12, 67, 10, 98, 56, 88, 29, 8, 91, 43, 19, 92, 38, 84, 51, 72, 81, 25, 2, 55, 0, 94, 89, 62]|[2, 1, 2, 1, 1, 2, 1, 1, 1, 1, 1, 0, 2, 2, 1, 2, 0, 0, 0, 2, 2, 1, 0, 2, 0, 2, 2, 1, 0, 1, 1, 1, 0, 0, 1, 0, 2, 1, 2, 2, 0, 0, 1, 1, 0, 2, 0, 2, 1, 0, 0, 2, 0, 0, 2, 0, 1, 0, 0, 0, 2, 1, 0, 2, 2, 0, 2, 2, 0, 1, 2, 1, 1, 2, 0, 1, 1, 1, 1, 2, 2, 1, 1, 1, 1, 1, 1, 0, 0, 0, 1, 1, 1, 1, 2, 0, 0, 2, 1, 1]|[0, 3, 0, 2, 4, 1, 4, 4, 2, 4, 3, 2, 1, 0, 2, 1, 1, 1, 2, 1, 1, 3, 0, 1, 0, 1, 1, 4, 1, 4, 3, 2, 2, 0, 4, 1, 1, 4, 0, 1, 2, 1, 4, 4, 1, 1, 0, 2, 3, 1, 2, 1, 2, 1, 1, 2, 4, 2, 0, 2, 2, 3, 1, 0, 1, 2, 0, 1, 2, 4, 1, 3, 4, 1, 2, 4, 3, 3, 3, 1, 1, 4, 3, 3, 3, 4, 4, 2, 2, 2, 3, 4, 1, 4, 1, 2, 2, 1, 4, 3]|[0, 2, 0, 1, 3, 0, 1, 3, 0, 0, 2, 0, 1, 0, 1, 0, 0, 0, 1, 0, 0, 2, 0, 0, 1, 0, 0, 3, 0, 1, 0, 2, 0, 1, 3, 0, 1, 3, 1, 0, 0, 0, 1, 3, 0, 0, 1, 0, 2, 0, 0, 0, 0, 0, 1, 0, 1, 0, 1, 1, 0, 2, 0, 0, 0, 0, 0, 0, 0, 2, 0, 0, 1, 0, 0, 1, 0, 0, 3, 0, 0, 1, 0, 0, 0, 2, 3, 0, 0, 0, 0, 2, 1, 3, 0, 0, 0, 0, 1, 0],841.059703557273,52360.47579375201,108166.55869875997,false
17,G2_TEC,G2_TEC,[31, 22, 82, 15, 26, 9, 95, 42, 77, 68, 47, 5, 93, 78, 86, 54, 85, 63, 18, 44, 20, 49, 36, 14, 74, 50, 53, 17, 21, 28, 71, 64, 3, 23, 30, 83, 24, 41, 40, 52, 65, 27, 90, 70, 39, 87, 48, 69, 99, 4, 46, 1, 13, 58, 97, 59, 45, 8, 73, 37, 35, 79, 11, 66, 76, 32, 60, 80, 96, 6, 16, 61, 33, 7, 57, 34, 12, 67, 10, 98, 56, 88, 29, 25, 91, 38, 19, 92, 43, 84, 51, 72, 81, 75, 2, 89, 0, 94, 55, 62]|[2, 1, 2, 1, 1, 2, 1, 1, 1, 1, 1, 0, 2, 2, 1, 2, 0, 0, 0, 2, 2, 1, 0, 2, 0, 2, 2, 1, 0, 1, 1, 1, 0, 0, 1, 0, 2, 1, 2, 2, 0, 0, 1, 1, 0, 2, 0, 2, 1, 0, 0, 2, 0, 0, 2, 0, 1, 1, 0, 0, 2, 1, 0, 2, 2, 0, 2, 2, 0, 1, 2, 1, 1, 2, 0, 1, 1, 1, 1, 2, 2, 1, 1, 1, 1, 0, 1, 0, 1, 0, 1, 1, 1, 0, 2, 1, 0, 2, 0, 1]|[0, 3, 0, 3, 4, 1, 4, 4, 2, 4, 3, 2, 1, 0, 2, 1, 1, 1, 2, 1, 1, 3, 0, 1, 0, 1, 1, 4, 1, 4, 3, 2, 2, 0, 4, 1, 1, 4, 0, 1, 2, 1, 4, 4, 1, 1, 0, 2, 3, 1, 2, 1, 2, 1, 1, 2, 4, 3, 0, 2, 2, 3, 1, 0, 1, 2, 0, 1, 2, 4, 1, 3, 4, 1, 2, 4, 3, 3, 3, 1, 1, 4, 3, 4, 3, 2, 4, 2, 4, 2, 3, 4, 1, 2, 1, 4, 2, 1, 2, 3]|[0, 2, 0, 0, 3, 0, 1, 3, 0, 0, 2, 0, 1, 0, 1, 0, 0, 0, 1, 0, 0, 2, 0, 0, 1, 0, 0, 3, 0, 1, 0, 2, 0, 0, 3, 0, 1, 3, 0, 0, 0, 0, 1, 3, 0, 0, 1, 0, 2, 0, 0, 0, 0, 0, 1, 0, 1, 0, 1, 1, 0, 2, 0, 0, 0, 0, 0, 0, 0, 2, 0, 0, 1, 0, 0, 1, 0, 0, 3, 0, 0, 1, 0, 3, 0, 0, 3, 0, 2, 0, 0, 2, 1, 0, 0, 1, 0, 0, 0, 0],889.0053545036524,50920.37616528636,113453.88510595518,false
17,G3_TWC,G1_CMAX,[31, 22, 82, 15, 26, 9, 42, 95, 77, 12, 47, 5, 93, 78, 86, 54, 85, 63, 18, 44, 20, 35, 43, 97, 91, 76, 10, 30, 21, 45, 71, 64, 1, 23, 17, 83, 24, 14, 60, 36, 6, 57, 94, 88, 65, 56, 79, 40, 67, 68, 46, 75, 38, 58, 19, 32, 81, 41, 27, 62, 87, 90, 99, 59, 11, 16, 72, 73, 69, 39, 37, 84, 3, 92, 25, 55, 28, 29, 51, 7, 33, 61, 98, 66, 89, 50, 8, 96, 53, 80, 4, 48, 34, 2, 52, 13, 0, 70, 49, 74]|[1, 1, 0, 1, 1, 1, 2, 1, 2, 1, 2, 2, 2, 1, 1, 0, 0, 1, 0, 2, 2, 0, 1, 2, 0, 1, 2, 2, 0, 0, 1, 2, 1, 2, 1, 0, 2, 0, 1, 1, 0, 1, 1, 1, 0, 2, 1, 1, 0, 0, 0, 0, 1, 1, 2, 1, 2, 0, 0, 0, 2, 1, 0, 1, 2, 1, 2, 1, 1, 1, 1, 1, 1, 0, 1, 2, 0, 0, 0, 1, 2, 1, 0, 2, 1, 0, 1, 0, 0, 0, 0, 0, 2, 0, 1, 0, 0, 1, 0, 2]|[4, 3, 2, 2, 0, 0, 2, 2, 2, 4, 1, 1, 2, 4, 4, 1, 2, 4, 2, 1, 1, 1, 1, 2, 1, 2, 1, 1, 1, 1, 3, 2, 3, 0, 4, 0, 1, 1, 0, 3, 2, 2, 2, 0, 1, 1, 0, 4, 0, 1, 2, 2, 1, 4, 0, 3, 2, 1, 1, 2, 1, 3, 1, 1, 1, 3, 0, 4, 3, 1, 4, 1, 1, 0, 4, 1, 2, 1, 1, 3, 1, 3, 1, 1, 1, 1, 3, 1, 2, 1, 2, 1, 1, 2, 1, 2, 2, 3, 1, 1]|[0, 2, 1, 1, 3, 3, 0, 1, 0, 0, 0, 0, 1, 0, 1, 0, 0, 3, 1, 0, 0, 0, 3, 1, 0, 2, 0, 0, 0, 1, 0, 0, 0, 0, 3, 0, 1, 0, 0, 2, 1, 1, 1, 0, 0, 0, 0, 2, 1, 0, 0, 0, 1, 3, 0, 0, 1, 0, 0, 1, 0, 2, 0, 1, 0, 2, 1, 0, 0, 1, 1, 3, 1, 1, 3, 0, 1, 0, 0, 2, 0, 0, 0, 0, 1, 0, 2, 0, 1, 0, 1, 0, 0, 0, 1, 0, 0, 0, 1, 0],801.427594812029,57868.49349465401,91455.85780813712,true
17,G1_CMAX,G3_TWC,[31, 22, 82, 15, 26, 9, 42, 95, 77, 12, 47, 5, 93, 78, 86, 54, 85, 63, 18, 44, 20, 35, 43, 97, 91, 76, 10, 30, 21, 45, 71, 64, 1, 23, 17, 83, 24, 14, 60, 36, 6, 57, 94, 88, 65, 56, 79, 40, 67, 68, 46, 75, 38, 58, 19, 32, 81, 41, 27, 62, 87, 90, 99, 59, 11, 16, 72, 73, 69, 39, 37, 84, 3, 92, 25, 55, 28, 29, 51, 7, 33, 61, 98, 48, 89, 50, 66, 96, 53, 80, 8, 4, 34, 2, 52, 13, 0, 70, 74, 49]|[1, 1, 0, 1, 1, 1, 2, 1, 2, 1, 2, 2, 2, 1, 1, 0, 0, 1, 0, 2, 2, 0, 1, 2, 0, 1, 2, 2, 0, 0, 1, 2, 1, 2, 1, 0, 2, 0, 1, 1, 0, 1, 1, 1, 0, 2, 1, 1, 0, 0, 0, 0, 1, 1, 2, 1, 2, 0, 0, 0, 2, 1, 0, 1, 2, 1, 2, 1, 1, 1, 1, 1, 1, 0, 1, 2, 0, 0, 0, 1, 0, 1, 0, 0, 1, 0, 2, 0, 0, 0, 0, 0, 2, 0, 1, 0, 0, 1, 2, 0]|[4, 3, 2, 2, 0, 0, 2, 2, 2, 4, 1, 1, 2, 4, 4, 1, 2, 4, 2, 1, 1, 1, 1, 2, 1, 2, 1, 1, 1, 1, 3, 2, 3, 0, 4, 0, 1, 1, 0, 3, 2, 2, 4, 0, 1, 1, 0, 2, 0, 1, 2, 2, 1, 4, 0, 3, 2, 1, 1, 2, 1, 3, 1, 1, 1, 3, 0, 4, 3, 1, 4, 1, 1, 0, 4, 1, 2, 1, 1, 3, 2, 3, 1, 1, 1, 1, 1, 1, 2, 1, 1, 2, 1, 2, 1, 2, 2, 3, 1, 1]|[0, 2, 1, 1, 3, 3, 0, 1, 0, 0, 0, 0, 1, 0, 1, 0, 0, 3, 1, 0, 0, 0, 3, 1, 0, 2, 0, 0, 0, 1, 0, 0, 0, 0, 3, 0, 1, 0, 0, 2, 1, 1, 2, 0, 0, 0, 0, 1, 1, 0, 0, 0, 1, 3, 0, 0, 1, 0, 0, 1, 0, 2, 0, 1, 0, 2, 1, 0, 0, 1, 1, 3, 1, 1, 3, 0, 1, 0, 0, 2, 1, 0, 0, 0, 1, 0, 0, 0, 1, 0, 0, 1, 0, 0, 1, 0, 0, 0, 0, 1],826.4645687798477,58372.65779266397,90919.99659955758,true
17,G4_BALANCED,G4_BALANCED,[31, 11, 82, 15, 26, 9, 95, 42, 77, 68, 47, 5, 93, 78, 86, 54, 85, 63, 18, 44, 20, 49, 36, 14, 74, 50, 53, 17, 21, 45, 71, 64, 3, 23, 30, 83, 24, 41, 60, 52, 65, 27, 90, 70, 39, 87, 48, 69, 99, 4, 46, 1, 13, 58, 97, 59, 28, 75, 73, 37, 35, 79, 22, 66, 76, 32, 40, 80, 96, 6, 16, 61, 33, 7, 57, 34, 12, 67, 10, 98, 56, 88, 29, 8, 91, 43, 19, 92, 38, 84, 51, 72, 81, 25, 2, 55, 0, 94, 89, 62]|[2, 1, 2, 1, 1, 2, 1, 1, 1, 1, 1, 0, 2, 2, 1, 2, 0, 0, 0, 2, 2, 1, 0, 2, 0, 2, 2, 1, 0, 1, 1, 1, 0, 0, 1, 0, 2, 1, 2, 2, 0, 0, 1, 1, 0, 2, 0, 2, 1, 0, 0, 2, 0, 0, 2, 0, 1, 0, 0, 0, 2, 1, 0, 2, 2, 0, 2, 2, 0, 1, 2, 1, 1, 2, 0, 1, 1, 1, 1, 2, 2, 1, 1, 1, 1, 1, 1, 0, 0, 0, 1, 1, 1, 1, 2, 0, 0, 2, 1, 1]|[0, 3, 0, 2, 4, 1, 4, 4, 2, 4, 3, 2, 1, 0, 2, 1, 1, 1, 2, 1, 1, 3, 0, 1, 0, 1, 1, 4, 1, 4, 3, 2, 2, 0, 4, 1, 1, 4, 0, 1, 2, 1, 4, 4, 1, 1, 0, 2, 3, 1, 2, 1, 2, 1, 1, 2, 4, 2, 0, 2, 2, 3, 1, 0, 1, 2, 0, 1, 2, 4, 1, 3, 4, 1, 2, 4, 3, 3, 3, 1, 1, 4, 3, 3, 3, 4, 4, 2, 2, 2, 3, 4, 1, 4, 1, 2, 2, 1, 4, 3]|[0, 2, 0, 1, 3, 0, 1, 3, 0, 0, 2, 0, 1, 0, 1, 0, 0, 0, 1, 0, 0, 2, 0, 0, 1, 0, 0, 3, 0, 1, 0, 2, 0, 1, 3, 0, 1, 3, 1, 0, 0, 0, 1, 3, 0, 0, 1, 0, 2, 0, 0, 0, 0, 0, 1, 0, 1, 0, 1, 1, 0, 2, 0, 0, 0, 0, 0, 0, 0, 2, 0, 0, 1, 0, 0, 1, 0, 0, 3, 0, 0, 1, 0, 0, 0, 2, 3, 0, 0, 0, 0, 2, 1, 3, 0, 0, 0, 0, 1, 0],841.059703557273,52360.47579375201,108166.55869875997,false
17,G2_TEC,G2_TEC,[31, 22, 82, 15, 26, 9, 95, 42, 77, 68, 47, 5, 93, 78, 86, 54, 85, 63, 18, 44, 20, 49, 36, 14, 74, 50, 53, 17, 21, 28, 71, 64, 3, 23, 30, 83, 24, 41, 40, 52, 65, 27, 90, 70, 39, 87, 48, 69, 99, 4, 46, 1, 13, 58, 97, 59, 45, 8, 73, 37, 35, 79, 11, 66, 76, 32, 60, 80, 96, 6, 16, 61, 33, 7, 57, 34, 12, 67, 10, 98, 56, 88, 29, 25, 91, 38, 19, 92, 43, 84, 51, 72, 81, 75, 2, 89, 0, 94, 55, 62]|[2, 1, 2, 1, 1, 2, 1, 1, 1, 1, 1, 0, 2, 2, 1, 2, 0, 0, 0, 2, 2, 1, 0, 2, 0, 2, 2, 1, 0, 1, 1, 1, 0, 0, 1, 0, 2, 1, 2, 2, 0, 0, 1, 1, 0, 2, 0, 2, 1, 0, 0, 2, 0, 0, 2, 0, 1, 1, 0, 0, 2, 1, 0, 2, 2, 0, 2, 2, 0, 1, 2, 1, 1, 2, 0, 1, 1, 1, 1, 2, 2, 1, 1, 1, 1, 0, 1, 0, 1, 0, 1, 1, 1, 0, 2, 1, 0, 2, 0, 1]|[0, 3, 0, 3, 4, 1, 4, 4, 2, 4, 3, 2, 1, 0, 2, 1, 1, 1, 2, 1, 1, 3, 0, 1, 0, 1, 1, 4, 1, 4, 3, 2, 2, 0, 4, 1, 1, 4, 0, 1, 2, 1, 4, 4, 1, 1, 0, 2, 3, 1, 2, 1, 2, 1, 1, 2, 4, 3, 0, 2, 2, 3, 1, 0, 1, 2, 0, 1, 2, 4, 1, 3, 4, 1, 2, 4, 3, 3, 3, 1, 1, 4, 3, 4, 3, 2, 4, 2, 4, 2, 3, 4, 1, 2, 1, 4, 2, 1, 2, 3]|[0, 2, 0, 0, 3, 0, 1, 3, 0, 0, 2, 0, 1, 0, 1, 0, 0, 0, 1, 0, 0, 2, 0, 0, 1, 0, 0, 3, 0, 1, 0, 2, 0, 0, 3, 0, 1, 3, 0, 0, 0, 0, 1, 3, 0, 0, 1, 0, 2, 0, 0, 0, 0, 0, 1, 0, 1, 0, 1, 1, 0, 2, 0, 0, 0, 0, 0, 0, 0, 2, 0, 0, 1, 0, 0, 1, 0, 0, 3, 0, 0, 1, 0, 3, 0, 0, 3, 0, 2, 0, 0, 2, 1, 0, 0, 1, 0, 0, 0, 0],889.0053545036524,50920.37616528636,113453.88510595518,false
17,G3_TWC,G1_CMAX,[31, 22, 82, 15, 26, 9, 42, 95, 77, 12, 47, 5, 93, 78, 86, 54, 85, 63, 18, 44, 20, 35, 43, 97, 91, 76, 10, 30, 21, 45, 71, 64, 1, 23, 17, 83, 24, 14, 60, 36, 6, 57, 94, 88, 65, 56, 79, 40, 67, 68, 46, 75, 38, 58, 19, 32, 81, 41, 27, 62, 87, 90, 99, 59, 11, 16, 72, 73, 69, 39, 37, 84, 3, 92, 25, 55, 28, 29, 51, 7, 33, 61, 98, 66, 89, 50, 8, 96, 53, 80, 4, 48, 34, 2, 52, 13, 0, 70, 49, 74]|[1, 1, 0, 1, 1, 1, 2, 1, 2, 1, 2, 2, 2, 1, 1, 0, 0, 1, 0, 2, 2, 0, 1, 2, 0, 1, 2, 2, 0, 0, 1, 2, 1, 2, 1, 0, 2, 0, 1, 1, 0, 1, 1, 1, 0, 2, 1, 1, 0, 0, 0, 0, 1, 1, 2, 1, 2, 0, 0, 0, 2, 1, 0, 1, 2, 1, 2, 1, 1, 1, 1, 1, 1, 0, 1, 2, 0, 0, 0, 1, 2, 1, 0, 2, 1, 0, 1, 0, 0, 0, 0, 0, 2, 0, 1, 0, 0, 1, 0, 2]|[4, 3, 2, 2, 0, 0, 2, 2, 2, 4, 1, 1, 2, 4, 4, 1, 2, 4, 2, 1, 1, 1, 1, 2, 1, 2, 1, 1, 1, 1, 3, 2, 3, 0, 4, 0, 1, 1, 0, 3, 2, 2, 2, 0, 1, 1, 0, 4, 0, 1, 2, 2, 1, 4, 0, 3, 2, 1, 1, 2, 1, 3, 1, 1, 1, 3, 0, 4, 3, 1, 4, 1, 1, 0, 4, 1, 2, 1, 1, 3, 1, 3, 1, 1, 1, 1, 3, 1, 2, 1, 2, 1, 1, 2, 1, 2, 2, 3, 1, 1]|[0, 2, 1, 1, 3, 3, 0, 1, 0, 0, 0, 0, 1, 0, 1, 0, 0, 3, 1, 0, 0, 0, 3, 1, 0, 2, 0, 0, 0, 1, 0, 0, 0, 0, 3, 0, 1, 0, 0, 2, 1, 1, 1, 0, 0, 0, 0, 2, 1, 0, 0, 0, 1, 3, 0, 0, 1, 0, 0, 1, 0, 2, 0, 1, 0, 2, 1, 0, 0, 1, 1, 3, 1, 1, 3, 0, 1, 0, 0, 2, 0, 0, 0, 0, 1, 0, 2, 0, 1, 0, 1, 0, 0, 0, 1, 0, 0, 0, 1, 0],801.427594812029,57868.49349465401,91455.85780813712,true
17,G1_CMAX,G4_BALANCED,[31, 22, 82, 15, 26, 9, 95, 42, 77, 68, 47, 5, 93, 78, 86, 54, 85, 63, 18, 44, 20, 49, 36, 14, 74, 50, 53, 17, 21, 28, 71, 64, 3, 23, 30, 83, 24, 41, 60, 52, 65, 27, 90, 70, 39, 87, 48, 69, 99, 4, 46, 1, 13, 58, 97, 59, 45, 8, 73, 37, 35, 79, 11, 66, 76, 32, 40, 80, 96, 6, 16, 61, 33, 7, 57, 34, 12, 67, 10, 98, 56, 88, 29, 19, 91, 38, 25, 92, 43, 84, 51, 72, 81, 75, 2, 89, 0, 94, 55, 62]|[2, 1, 2, 1, 1, 2, 1, 1, 1, 1, 1, 0, 2, 2, 1, 2, 0, 0, 0, 2, 2, 1, 0, 2, 0, 2, 2, 1, 0, 1, 1, 1, 0, 0, 1, 0, 2, 1, 2, 2, 0, 0, 1, 1, 0, 2, 0, 2, 1, 0, 0, 2, 0, 0, 2, 0, 1, 1, 0, 0, 2, 1, 0, 2, 2, 0, 2, 2, 0, 1, 2, 1, 1, 2, 0, 1, 1, 1, 1, 2, 2, 1, 1, 1, 1, 0, 1, 0, 1, 0, 1, 1, 1, 0, 2, 1, 0, 2, 0, 1]|[0, 3, 0, 2, 4, 1, 4, 4, 2, 4, 3, 2, 1, 0, 2, 1, 1, 1, 2, 1, 1, 3, 0, 1, 0, 1, 1, 4, 1, 4, 3, 2, 2, 0, 4, 1, 1, 4, 0, 1, 2, 1, 4, 4, 1, 1, 0, 2, 3, 1, 2, 1, 2, 1, 1, 2, 4, 3, 0, 2, 2, 3, 1, 0, 1, 2, 0, 1, 2, 4, 1, 3, 4, 1, 2, 4, 3, 3, 3, 1, 1, 4, 3, 4, 3, 2, 4, 2, 4, 2, 3, 4, 1, 2, 1, 4, 2, 1, 2, 3]|[0, 2, 0, 1, 3, 0, 1, 3, 0, 0, 2, 0, 1, 0, 1, 0, 0, 0, 1, 0, 0, 2, 0, 0, 1, 0, 0, 3, 0, 1, 0, 2, 0, 1, 3, 0, 1, 3, 1, 0, 0, 0, 1, 3, 0, 0, 1, 0, 2, 0, 0, 0, 0, 0, 1, 0, 1, 0, 1, 1, 0, 2, 0, 0, 0, 0, 0, 0, 0, 2, 0, 0, 1, 0, 0, 1, 0, 0, 3, 0, 0, 1, 0, 3, 0, 0, 3, 0, 2, 0, 0, 2, 1, 0, 0, 1, 0, 0, 0, 0],846.8144750940005,51920.29225482712,108304.49156813318,true
17,G4_BALANCED,G4_BALANCED,[31, 11, 82, 15, 26, 9, 95, 42, 77, 68, 47, 5, 93, 78, 86, 54, 85, 63, 76, 44, 20, 49, 36, 14, 74, 50, 53, 17, 21, 45, 71, 64, 3, 23, 30, 83, 24, 41, 60, 52, 65, 27, 90, 70, 39, 87, 48, 69, 99, 4, 46, 1, 13, 58, 97, 59, 28, 75, 73, 37, 35, 79, 22, 66, 18, 32, 40, 80, 96, 6, 56, 61, 33, 7, 57, 34, 12, 67, 10, 98, 16, 88, 29, 8, 91, 38, 19, 92, 72, 84, 51, 43, 81, 25, 2, 55, 0, 94, 89, 62]|[2, 1, 2, 1, 1, 2, 1, 1, 1, 1, 1, 0, 2, 2, 1, 2, 0, 0, 0, 2, 2, 1, 0, 2, 0, 2, 2, 1, 0, 1, 1, 1, 0, 0, 1, 0, 2, 1, 2, 2, 0, 0, 1, 1, 0, 2, 0, 2, 1, 0, 0, 2, 0, 0, 2, 0, 1, 0, 0, 0, 2, 1, 0, 2, 2, 0, 2, 2, 0, 1, 2, 1, 1, 2, 0, 1, 1, 1, 1, 2, 2, 1, 1, 1, 1, 0, 1, 0, 1, 0, 1, 1, 1, 1, 2, 0, 0, 2, 1, 1]|[0, 3, 0, 2, 4, 1, 4, 4, 2, 4, 3, 2, 1, 0, 2, 1, 1, 1, 2, 1, 1, 3, 0, 1, 0, 1, 1, 4, 1, 4, 3, 2, 2, 0, 4, 1, 1, 4, 0, 1, 2, 1, 4, 4, 1, 1, 0, 2, 3, 1, 2, 1, 2, 1, 1, 2, 4, 2, 0, 2, 2, 3, 1, 0, 1, 2, 0, 1, 2, 4, 1, 3, 4, 1, 2, 4, 3, 3, 3, 1, 1, 4, 3, 3, 3, 2, 4, 2, 4, 2, 3, 4, 1, 4, 1, 2, 2, 1, 4, 3]|[0, 2, 0, 1, 3, 0, 1, 3, 0, 0, 2, 0, 1, 0, 1, 0, 0, 0, 1, 0, 0, 2, 0, 0, 1, 0, 0, 3, 0, 1, 0, 2, 0, 1, 3, 0, 1, 3, 1, 0, 0, 0, 1, 3, 0, 0, 1, 0, 2, 0, 0, 0, 0, 0, 1, 0, 1, 0, 1, 1, 0, 2, 0, 0, 0, 0, 0, 0, 0, 2, 0, 0, 1, 0, 0, 1, 0, 0, 3, 0, 0, 1, 0, 0, 0, 0, 3, 0, 2, 0, 0, 2, 1, 3, 0, 0, 0, 0, 1, 0],839.7308016558047,52103.26715956506,108081.52425448055,false
17,G2_TEC,G2_TEC,[31, 22, 82, 15, 26, 9, 95, 42, 77, 68, 47, 5, 93, 78, 86, 54, 85, 63, 18, 44, 20, 49, 36, 14, 74, 50, 53, 17, 21, 28, 71, 64, 3, 23, 30, 83, 24, 41, 40, 52, 65, 27, 90, 70, 39, 87, 48, 69, 99, 4, 46, 1, 13, 58, 97, 59, 45, 8, 73, 37, 35, 79, 11, 66, 76, 32, 60, 80, 96, 6, 16, 61, 33, 7, 57, 34, 12, 67, 10, 98, 56, 88, 29, 25, 91, 38, 19, 92, 43, 84, 51, 72, 81, 75, 2, 89, 0, 94, 55, 62]|[2, 1, 2, 1, 1, 2, 1, 1, 1, 1, 1, 0, 2, 2, 1, 2, 0, 0, 0, 2, 2, 1, 0, 2, 0, 2, 2, 1, 0, 1, 1, 1, 0, 0, 1, 0, 2, 1, 2, 2, 0, 0, 1, 1, 0, 2, 0, 2, 1, 0, 0, 2, 0, 0, 2, 0, 1, 1, 0, 0, 2, 1, 0, 2, 2, 0, 2, 2, 0, 1, 2, 1, 1, 2, 0, 1, 1, 1, 1, 2, 2, 1, 1, 1, 1, 0, 1, 0, 1, 0, 1, 1, 1, 0, 2, 1, 0, 2, 0, 1]|[0, 3, 0, 3, 4, 1, 4, 4, 2, 4, 3, 2, 1, 0, 2, 1, 1, 1, 2, 1, 1, 3, 0, 1, 0, 1, 1, 4, 1, 4, 3, 2, 2, 0, 4, 1, 1, 4, 0, 1, 2, 1, 4, 4, 1, 1, 0, 2, 3, 1, 2, 1, 2, 1, 1, 2, 4, 3, 0, 2, 2, 3, 1, 0, 1, 2, 0, 1, 2, 4, 1, 3, 4, 1, 2, 4, 3, 3, 3, 1, 1, 4, 3, 4, 3, 2, 4, 2, 4, 2, 3, 4, 1, 2, 1, 4, 2, 1, 2, 3]|[0, 2, 0, 0, 3, 0, 1, 3, 0, 0, 2, 0, 1, 0, 1, 0, 0, 0, 1, 0, 0, 2, 0, 0, 1, 0, 0, 3, 0, 1, 0, 2, 0, 0, 3, 0, 1, 3, 0, 0, 0, 0, 1, 3, 0, 0, 1, 0, 2, 0, 0, 0, 0, 0, 1, 0, 1, 0, 1, 1, 0, 2, 0, 0, 0, 0, 0, 0, 0, 2, 0, 0, 1, 0, 0, 1, 0, 0, 3, 0, 0, 1, 0, 3, 0, 0, 3, 0, 2, 0, 0, 2, 1, 0, 0, 1, 0, 0, 0, 0],889.0053545036524,50920.37616528636,113453.88510595518,false
17,G3_TWC,G1_CMAX,[31, 22, 82, 15, 26, 9, 42, 95, 77, 12, 47, 5, 93, 78, 86, 54, 85, 63, 18, 44, 20, 35, 43, 97, 91, 76, 10, 30, 21, 45, 71, 64, 1, 23, 17, 83, 24, 14, 60, 36, 6, 57, 94, 88, 65, 56, 79, 40, 67, 68, 46, 75, 38, 58, 19, 32, 81, 41, 27, 62, 87, 90, 99, 59, 11, 16, 72, 73, 69, 39, 37, 84, 3, 92, 25, 55, 28, 29, 51, 7, 33, 61, 98, 66, 89, 50, 8, 96, 53, 80, 4, 48, 34, 2, 52, 13, 0, 70, 49, 74]|[1, 1, 0, 1, 1, 1, 2, 1, 2, 1, 2, 2, 2, 1, 1, 0, 0, 1, 0, 2, 2, 0, 1, 2, 0, 1, 2, 2, 0, 0, 1, 2, 1, 2, 1, 0, 2, 0, 1, 1, 0, 1, 1, 1, 0, 2, 1, 1, 0, 0, 0, 0, 1, 1, 2, 1, 2, 0, 0, 0, 2, 1, 0, 1, 2, 1, 2, 1, 1, 1, 1, 1, 1, 0, 1, 2, 0, 0, 0, 1, 2, 1, 0, 2, 1, 0, 1, 0, 0, 0, 0, 0, 2, 0, 1, 0, 0, 1, 0, 2]|[4, 3, 2, 2, 0, 0, 2, 2, 2, 4, 1, 1, 2, 4, 4, 1, 2, 4, 2, 1, 1, 1, 1, 2, 1, 2, 1, 1, 1, 1, 3, 2, 3, 0, 4, 0, 1, 1, 0, 3, 2, 2, 2, 0, 1, 1, 0, 4, 0, 1, 2, 2, 1, 4, 0, 3, 2, 1, 1, 2, 1, 3, 1, 1, 1, 3, 0, 4, 3, 1, 4, 1, 1, 0, 4, 1, 2, 1, 1, 3, 1, 3, 1, 1, 1, 1, 3, 1, 2, 1, 2, 1, 1, 2, 1, 2, 2, 3, 1, 1]|[0, 2, 1, 1, 3, 3, 0, 1, 0, 0, 0, 0, 1, 0, 1, 0, 0, 3, 1, 0, 0, 0, 3, 1, 0, 2, 0, 0, 0, 1, 0, 0, 0, 0, 3, 0, 1, 0, 0, 2, 1, 1, 1, 0, 0, 0, 0, 2, 1, 0, 0, 0, 1, 3, 0, 0, 1, 0, 0, 1, 0, 2, 0, 1, 0, 2, 1, 0, 0, 1, 1, 3, 1, 1, 3, 0, 1, 0, 0, 2, 0, 0, 0, 0, 1, 0, 2, 0, 1, 0, 1, 0, 0, 0, 1, 0, 0, 0, 1, 0],801.427594812029,57868.49349465401,91455.85780813712,true
17,G1_CMAX,G1_CMAX,[31, 22, 82, 15, 26, 9, 42, 77, 12, 5, 47, 93, 78, 86, 54, 6, 63, 18, 44, 20, 35, 43, 97, 91, 76, 10, 30, 21, 45, 17, 23, 1, 71, 83, 24, 14, 60, 36, 85, 57, 40, 95, 88, 65, 56, 79, 94, 67, 68, 46, 75, 38, 58, 19, 32, 81, 41, 62, 87, 28, 90, 59, 11, 16, 72, 73, 69, 52, 37, 64, 84, 3, 25, 29, 55, 51, 7, 98, 61, 66, 99, 33, 89, 48, 50, 96, 53, 80, 4, 8, 27, 2, 39, 13, 0, 92, 49, 74, 34, 70]|[1, 1, 0, 1, 1, 1, 2, 2, 1, 2, 2, 1, 1, 1, 0, 0, 1, 0, 2, 2, 0, 1, 2, 2, 1, 2, 2, 0, 0, 1, 2, 1, 1, 0, 2, 0, 1, 1, 0, 1, 1, 1, 1, 0, 2, 1, 1, 0, 0, 0, 0, 1, 1, 2, 1, 2, 0, 0, 2, 0, 1, 2, 2, 1, 2, 1, 1, 1, 1, 1, 1, 2, 1, 0, 2, 0, 1, 2, 1, 0, 0, 2, 1, 0, 0, 2, 0, 0, 1, 1, 0, 0, 1, 0, 0, 0, 0, 2, 2, 1]|[0, 3, 1, 2, 0, 0, 1, 1, 4, 1, 1, 4, 4, 4, 2, 2, 4, 2, 1, 1, 1, 1, 2, 1, 2, 1, 1, 1, 1, 4, 0, 3, 3, 0, 1, 1, 0, 3, 2, 2, 2, 2, 0, 1, 1, 0, 4, 0, 1, 2, 2, 1, 4, 0, 3, 2, 1, 2, 1, 2, 3, 1, 1, 3, 0, 4, 4, 1, 4, 3, 1, 2, 4, 1, 1, 1, 1, 1, 3, 1, 1, 1, 1, 1, 1, 1, 2, 1, 4, 3, 2, 2, 1, 2, 2, 0, 1, 1, 1, 4]|[1, 1, 1, 1, 3, 3, 0, 0, 0, 0, 0, 2, 0, 1, 0, 0, 3, 1, 0, 0, 0, 3, 1, 0, 2, 0, 0, 0, 1, 3, 0, 0, 0, 0, 1, 0, 0, 2, 1, 1, 1, 1, 0, 0, 0, 0, 2, 1, 0, 0, 0, 1, 3, 0, 0, 1, 0, 1, 0, 1, 2, 0, 0, 2, 1, 0, 2, 1, 1, 0, 3, 1, 3, 0, 0, 0, 2, 0, 0, 0, 0, 0, 1, 0, 0, 0, 1, 0, 0, 2, 1, 0, 1, 0, 0, 1, 1, 0, 0, 2],733.3116759547878,58140.55643565909,96674.14109675489,false
17,G4_BALANCED,G4_BALANCED,[31, 11, 82, 15, 26, 9, 95, 42, 77, 68, 47, 5, 93, 78, 86, 54, 85, 63, 76, 44, 20, 49, 36, 14, 74, 50, 53, 17, 21, 45, 71, 64, 3, 23, 30, 83, 24, 41, 60, 52, 65, 27, 90, 70, 39, 87, 48, 69, 99, 4, 46, 1, 13, 58, 97, 59, 28, 75, 73, 37, 35, 79, 22, 66, 18, 32, 40, 80, 96, 6, 56, 61, 33, 7, 57, 34, 12, 67, 10, 98, 16, 88, 29, 8, 91, 38, 19, 92, 72, 84, 51, 43, 81, 25, 2, 55, 0, 94, 89, 62]|[2, 1, 2, 1, 1, 2, 1, 1, 1, 1, 1, 0, 2, 2, 1, 2, 0, 0, 0, 2, 2, 1, 0, 2, 0, 2, 2, 1, 0, 1, 1, 1, 0, 0, 1, 0, 2, 1, 2, 2, 0, 0, 1, 1, 0, 2, 0, 2, 1, 0, 0, 2, 0, 0, 2, 0, 1, 0, 0, 0, 2, 1, 0, 2, 2, 0, 2, 2, 0, 1, 2, 1, 1, 2, 0, 1, 1, 1, 1, 2, 2, 1, 1, 1, 1, 0, 1, 0, 1, 0, 1, 1, 1, 1, 2, 0, 0, 2, 1, 1]|[0, 3, 0, 2, 4, 1, 4, 4, 2, 4, 3, 2, 1, 0, 2, 1, 1, 1, 2, 1, 1, 3, 0, 1, 0, 1, 1, 4, 1, 4, 3, 2, 2, 0, 4, 1, 1, 4, 0, 1, 2, 1, 4, 4, 1, 1, 0, 2, 3, 1, 2, 1, 2, 1, 1, 2, 4, 2, 0, 2, 2, 3, 1, 0, 1, 2, 0, 1, 2, 4, 1, 3, 4, 1, 2, 4, 3, 3, 3, 1, 1, 4, 3, 3, 3, 2, 4, 2, 4, 2, 3, 4, 1, 4, 1, 2, 2, 1, 4, 3]|[0, 2, 0, 1, 3, 0, 1, 3, 0, 0, 2, 0, 1, 0, 1, 0, 0, 0, 1, 0, 0, 2, 0, 0, 1, 0, 0, 3, 0, 1, 0, 2, 0, 1, 3, 0, 1, 3, 1, 0, 0, 0, 1, 3, 0, 0, 1, 0, 2, 0, 0, 0, 0, 0, 1, 0, 1, 0, 1, 1, 0, 2, 0, 0, 0, 0, 0, 0, 0, 2, 0, 0, 1, 0, 0, 1, 0, 0, 3, 0, 0, 1, 0, 0, 0, 0, 3, 0, 2, 0, 0, 2, 1, 3, 0, 0, 0, 0, 1, 0],839.7308016558047,52103.26715956506,108081.52425448055,false
17,G2_TEC,G2_TEC,[31, 22, 82, 15, 26, 9, 95, 42, 77, 68, 47, 5, 93, 78, 86, 54, 85, 63, 18, 44, 20, 49, 36, 14, 74, 50, 53, 17, 21, 28, 71, 64, 3, 23, 30, 83, 24, 41, 40, 52, 65, 27, 90, 70, 39, 87, 48, 69, 99, 4, 46, 1, 13, 58, 97, 59, 33, 8, 73, 37, 35, 79, 11, 66, 76, 32, 60, 80, 96, 6, 16, 61, 45, 7, 57, 34, 12, 67, 10, 98, 56, 88, 29, 25, 91, 38, 19, 92, 43, 84, 51, 72, 81, 62, 75, 55, 0, 94, 89, 2]|[2, 1, 2, 1, 1, 2, 1, 1, 1, 1, 1, 0, 2, 2, 1, 2, 0, 0, 0, 2, 2, 1, 0, 2, 0, 2, 2, 1, 0, 1, 1, 1, 0, 0, 1, 0, 2, 1, 2, 2, 0, 0, 1, 1, 0, 2, 0, 2, 1, 0, 0, 2, 0, 0, 2, 0, 1, 1, 0, 0, 2, 1, 0, 2, 2, 0, 2, 2, 0, 1, 2, 1, 1, 2, 0, 1, 1, 1, 1, 2, 2, 1, 1, 1, 1, 0, 1, 0, 1, 0, 1, 1, 1, 1, 0, 0, 0, 2, 1, 2]|[0, 3, 0, 3, 4, 1, 4, 4, 2, 4, 3, 2, 1, 0, 2, 1, 1, 1, 2, 1, 1, 3, 0, 1, 0, 1, 1, 4, 1, 4, 3, 2, 2, 0, 4, 1, 1, 4, 0, 1, 2, 1, 4, 4, 1, 1, 0, 2, 3, 1, 2, 1, 2, 1, 1, 2, 4, 3, 0, 2, 2, 3, 1, 0, 1, 2, 0, 1, 2, 4, 1, 3, 4, 1, 2, 4, 3, 3, 3, 1, 1, 4, 3, 4, 3, 2, 4, 2, 4, 2, 3, 4, 1, 3, 2, 2, 2, 1, 4, 1]|[0, 2, 0, 0, 3, 0, 1, 3, 0, 0, 2, 0, 1, 0, 1, 0, 0, 0, 1, 0, 0, 2, 0, 0, 1, 0, 0, 3, 0, 1, 0, 2, 0, 0, 3, 0, 1, 3, 0, 0, 0, 0, 1, 3, 0, 0, 1, 0, 2, 0, 0, 0, 0, 0, 1, 0, 1, 0, 1, 1, 0, 2, 0, 0, 0, 0, 0, 0, 0, 2, 0, 0, 1, 0, 0, 1, 0, 0, 3, 0, 0, 1, 0, 3, 0, 0, 3, 0, 2, 0, 0, 2, 1, 0, 0, 0, 0, 0, 1, 0],891.6145215420967,50894.864215332236,113139.7903882913,false
17,G3_TWC,G1_CMAX,[31, 22, 82, 15, 26, 9, 42, 95, 77, 12, 47, 5, 93, 78, 86, 54, 85, 63, 18, 44, 20, 35, 43, 97, 91, 76, 10, 30, 21, 45, 71, 64, 1, 23, 17, 83, 24, 14, 60, 36, 6, 57, 94, 88, 65, 56, 79, 40, 67, 68, 46, 75, 38, 58, 19, 32, 81, 41, 27, 62, 87, 90, 99, 59, 11, 16, 72, 73, 69, 39, 37, 84, 3, 92, 25, 55, 28, 29, 51, 7, 33, 61, 98, 66, 89, 50, 8, 96, 53, 80, 4, 48, 34, 2, 52, 13, 0, 70, 49, 74]|[1, 1, 0, 1, 1, 1, 2, 1, 2, 1, 2, 2, 2, 1, 1, 0, 0, 1, 0, 2, 2, 0, 1, 2, 0, 1, 2, 2, 0, 0, 1, 2, 1, 2, 1, 0, 2, 0, 1, 1, 0, 1, 1, 1, 0, 2, 1, 1, 0, 0, 0, 0, 1, 1, 2, 1, 2, 0, 0, 0, 2, 1, 0, 1, 2, 1, 2, 1, 1, 1, 1, 1, 1, 0, 1, 2, 0, 0, 0, 1, 2, 1, 0, 2, 1, 0, 1, 0, 0, 0, 0, 0, 2, 0, 1, 0, 0, 1, 0, 2]|[4, 3, 2, 2, 0, 0, 2, 2, 2, 4, 1, 1, 2, 4, 4, 1, 2, 4, 2, 1, 1, 1, 1, 2, 1, 2, 1, 1, 1, 1, 3, 2, 3, 0, 4, 0, 1, 1, 0, 3, 2, 2, 2, 0, 1, 1, 0, 4, 0, 1, 2, 2, 1, 4, 0, 3, 2, 1, 1, 2, 1, 3, 1, 1, 1, 3, 0, 4, 3, 1, 4, 1, 1, 0, 4, 1, 2, 1, 1, 3, 1, 3, 1, 1, 1, 1, 3, 1, 2, 1, 2, 1, 1, 2, 1, 2, 2, 3, 1, 1]|[0, 2, 1, 1, 3, 3, 0, 1, 0, 0, 0, 0, 1, 0, 1, 0, 0, 3, 1, 0, 0, 0, 3, 1, 0, 2, 0, 0, 0, 1, 0, 0, 0, 0, 3, 0, 1, 0, 0, 2, 1, 1, 1, 0, 0, 0, 0, 2, 1, 0, 0, 0, 1, 3, 0, 0, 1, 0, 0, 1, 0, 2, 0, 1, 0, 2, 1, 0, 0, 1, 1, 3, 1, 1, 3, 0, 1, 0, 0, 2, 0, 0, 0, 0, 1, 0, 2, 0, 1, 0, 1, 0, 0, 0, 1, 0, 0, 0, 1, 0],801.427594812029,57868.49349465401,91455.85780813712,true
17,G1_CMAX,G1_CMAX,[31, 22, 82, 15, 26, 9, 42, 77, 12, 5, 47, 93, 78, 86, 54, 6, 63, 18, 44, 20, 35, 43, 97, 91, 76, 10, 30, 21, 45, 17, 23, 1, 71, 83, 24, 14, 60, 36, 85, 57, 40, 95, 88, 65, 56, 79, 94, 67, 68, 46, 75, 38, 58, 19, 32, 81, 41, 62, 87, 28, 90, 59, 11, 16, 72, 73, 69, 52, 37, 64, 84, 3, 25, 29, 55, 51, 7, 98, 61, 66, 99, 33, 89, 48, 50, 96, 53, 80, 4, 8, 27, 2, 39, 13, 0, 92, 49, 74, 34, 70]|[1, 1, 0, 1, 1, 1, 2, 2, 1, 2, 2, 1, 1, 1, 0, 0, 1, 0, 2, 2, 0, 1, 2, 2, 1, 2, 2, 0, 0, 1, 2, 1, 1, 0, 2, 0, 1, 1, 0, 1, 1, 1, 1, 0, 2, 1, 1, 0, 0, 0, 0, 1, 1, 2, 1, 2, 0, 0, 2, 0, 1, 2, 2, 1, 2, 1, 1, 1, 1, 1, 1, 2, 1, 0, 2, 0, 1, 2, 1, 0, 0, 2, 1, 0, 0, 2, 0, 0, 1, 1, 0, 0, 1, 0, 0, 0, 0, 2, 2, 1]|[0, 3, 1, 2, 0, 0, 1, 1, 4, 1, 1, 4, 4, 4, 2, 2, 4, 2, 1, 1, 1, 1, 2, 1, 2, 1, 1, 1, 1, 4, 0, 3, 3, 0, 1, 1, 0, 3, 2, 2, 2, 2, 0, 1, 1, 0, 4, 0, 1, 2, 2, 1, 4, 0, 3, 2, 1, 2, 1, 2, 3, 1, 1, 3, 0, 4, 4, 1, 4, 3, 1, 2, 4, 1, 1, 1, 1, 1, 3, 1, 1, 1, 1, 1, 1, 1, 2, 1, 4, 3, 2, 2, 1, 2, 2, 0, 1, 1, 1, 4]|[1, 1, 1, 1, 3, 3, 0, 0, 0, 0, 0, 2, 0, 1, 0, 0, 3, 1, 0, 0, 0, 3, 1, 0, 2, 0, 0, 0, 1, 3, 0, 0, 0, 0, 1, 0, 0, 2, 1, 1, 1, 1, 0, 0, 0, 0, 2, 1, 0, 0, 0, 1, 3, 0, 0, 1, 0, 1, 0, 1, 2, 0, 0, 2, 1, 0, 2, 1, 1, 0, 3, 1, 3, 0, 0, 0, 2, 0, 0, 0, 0, 0, 1, 0, 0, 0, 1, 0, 0, 2, 1, 0, 1, 0, 0, 1, 1, 0, 0, 2],733.3116759547878,58140.55643565909,96674.14109675489,false
17,G4_BALANCED,G4_BALANCED,[31, 11, 82, 15, 26, 9, 95, 42, 77, 68, 47, 5, 93, 78, 86, 54, 85, 63, 76, 44, 20, 49, 36, 14, 74, 50, 53, 17, 21, 45, 71, 64, 3, 23, 30, 83, 24, 41, 60, 52, 65, 27, 90, 70, 39, 87, 48, 69, 99, 4, 46, 1, 13, 58, 97, 59, 28, 75, 73, 37, 35, 79, 22, 66, 18, 32, 40, 80, 96, 6, 56, 61, 33, 7, 57, 34, 12, 67, 10, 98, 16, 88, 29, 8, 91, 38, 19, 92, 72, 84, 51, 43, 81, 25, 2, 55, 0, 94, 89, 62]|[2, 1, 2, 1, 1, 2, 1, 1, 1, 1, 1, 0, 2, 2, 1, 2, 0, 0, 0, 2, 2, 1, 0, 2, 0, 2, 2, 1, 0, 1, 1, 1, 0, 0, 1, 0, 2, 1, 2, 2, 0, 0, 1, 1, 0, 2, 0, 2, 1, 0, 0, 2, 0, 0, 2, 0, 1, 0, 0, 0, 2, 1, 0, 2, 2, 0, 2, 2, 0, 1, 2, 1, 1, 2, 0, 1, 1, 1, 1, 2, 2, 1, 1, 1, 1, 0, 1, 0, 1, 0, 1, 1, 1, 1, 2, 0, 0, 2, 1, 1]|[0, 3, 0, 2, 4, 1, 4, 4, 2, 4, 3, 2, 1, 0, 2, 1, 1, 1, 2, 1, 1, 3, 0, 1, 0, 1, 1, 4, 1, 4, 3, 2, 2, 0, 4, 1, 1, 4, 0, 1, 2, 1, 4, 4, 1, 1, 0, 2, 3, 1, 2, 1, 2, 1, 1, 2, 4, 2, 0, 2, 2, 3, 1, 0, 1, 2, 0, 1, 2, 4, 1, 3, 4, 1, 2, 4, 3, 3, 3, 1, 1, 4, 3, 3, 3, 2, 4, 2, 4, 2, 3, 4, 1, 4, 1, 2, 2, 1, 4, 3]|[0, 2, 0, 1, 3, 0, 1, 3, 0, 0, 2, 0, 1, 0, 1, 0, 0, 0, 1, 0, 0, 2, 0, 0, 1, 0, 0, 3, 0, 1, 0, 2, 0, 1, 3, 0, 1, 3, 1, 0, 0, 0, 1, 3, 0, 0, 1, 0, 2, 0, 0, 0, 0, 0, 1, 0, 1, 0, 1, 1, 0, 2, 0, 0, 0, 0, 0, 0, 0, 2, 0, 0, 1, 0, 0, 1, 0, 0, 3, 0, 0, 1, 0, 0, 0, 0, 3, 0, 2, 0, 0, 2, 1, 3, 0, 0, 0, 0, 1, 0],839.7308016558047,52103.26715956506,108081.52425448055,false
17,G2_TEC,G2_TEC,[31, 22, 82, 15, 26, 9, 95, 42, 77, 68, 47, 5, 93, 78, 86, 54, 85, 63, 18, 44, 20, 49, 36, 14, 74, 50, 53, 17, 21, 28, 71, 64, 3, 23, 30, 83, 24, 41, 40, 52, 65, 27, 90, 70, 39, 87, 48, 69, 99, 4, 46, 1, 13, 58, 97, 59, 33, 8, 73, 37, 35, 79, 11, 66, 76, 32, 60, 80, 96, 6, 16, 61, 45, 7, 57, 34, 12, 67, 10, 98, 56, 88, 29, 25, 91, 38, 19, 92, 43, 84, 51, 72, 81, 62, 75, 55, 0, 94, 89, 2]|[2, 1, 2, 1, 1, 2, 1, 1, 1, 1, 1, 0, 2, 2, 1, 2, 0, 0, 0, 2, 2, 1, 0, 2, 0, 2, 2, 1, 0, 1, 1, 1, 0, 0, 1, 0, 2, 1, 2, 2, 0, 0, 1, 1, 0, 2, 0, 2, 1, 0, 0, 2, 0, 0, 2, 0, 1, 1, 0, 0, 2, 1, 0, 2, 2, 0, 2, 2, 0, 1, 2, 1, 1, 2, 0, 1, 1, 1, 1, 2, 2, 1, 1, 1, 1, 0, 1, 0, 1, 0, 1, 1, 1, 1, 0, 0, 0, 2, 1, 2]|[0, 3, 0, 3, 4, 1, 4, 4, 2, 4, 3, 2, 1, 0, 2, 1, 1, 1, 2, 1, 1, 3, 0, 1, 0, 1, 1, 4, 1, 4, 3, 2, 2, 0, 4, 1, 1, 4, 0, 1, 2, 1, 4, 4, 1, 1, 0, 2, 3, 1, 2, 1, 2, 1, 1, 2, 4, 3, 0, 2, 2, 3, 1, 0, 1, 2, 0, 1, 2, 4, 1, 3, 4, 1, 2, 4, 3, 3, 3, 1, 1, 4, 3, 4, 3, 2, 4, 2, 4, 2, 3, 4, 1, 3, 2, 2, 2, 1, 4, 1]|[0, 2, 0, 0, 3, 0, 1, 3, 0, 0, 2, 0, 1, 0, 1, 0, 0, 0, 1, 0, 0, 2, 0, 0, 1, 0, 0, 3, 0, 1, 0, 2, 0, 0, 3, 0, 1, 3, 0, 0, 0, 0, 1, 3, 0, 0, 1, 0, 2, 0, 0, 0, 0, 0, 1, 0, 1, 0, 1, 1, 0, 2, 0, 0, 0, 0, 0, 0, 0, 2, 0, 0, 1, 0, 0, 1, 0, 0, 3, 0, 0, 1, 0, 3, 0, 0, 3, 0, 2, 0, 0, 2, 1, 0, 0, 0, 0, 0, 1, 0],891.6145215420967,50894.864215332236,113139.7903882913,false
17,G3_TWC,G1_CMAX,[31, 22, 82, 15, 26, 9, 42, 95, 77, 12, 47, 5, 93, 78, 86, 54, 85, 63, 18, 44, 20, 35, 43, 97, 91, 76, 10, 30, 21, 45, 71, 64, 1, 23, 17, 83, 24, 14, 60, 36, 6, 57, 94, 88, 65, 56, 79, 40, 67, 68, 46, 75, 38, 58, 19, 32, 81, 41, 27, 62, 87, 90, 99, 59, 11, 16, 72, 73, 69, 39, 37, 84, 3, 92, 25, 55, 28, 29, 51, 7, 33, 61, 98, 66, 89, 50, 8, 96, 53, 80, 4, 48, 34, 2, 52, 13, 0, 70, 49, 74]|[1, 1, 0, 1, 1, 1, 2, 1, 2, 1, 2, 2, 2, 1, 1, 0, 0, 1, 0, 2, 2, 0, 1, 2, 0, 1, 2, 2, 0, 0, 1, 2, 1, 2, 1, 0, 2, 0, 1, 1, 0, 1, 1, 1, 0, 2, 1, 1, 0, 0, 0, 0, 1, 1, 2, 1, 2, 0, 0, 0, 2, 1, 0, 1, 2, 1, 2, 1, 1, 1, 1, 1, 1, 0, 1, 2, 0, 0, 0, 1, 2, 1, 0, 2, 1, 0, 1, 0, 0, 0, 0, 0, 2, 0, 1, 0, 0, 1, 0, 2]|[4, 3, 2, 2, 0, 0, 2, 2, 2, 4, 1, 1, 2, 4, 4, 1, 2, 4, 2, 1, 1, 1, 1, 2, 1, 2, 1, 1, 1, 1, 3, 2, 3, 0, 4, 0, 1, 1, 0, 3, 2, 2, 2, 0, 1, 1, 0, 4, 0, 1, 2, 2, 1, 4, 0, 3, 2, 1, 1, 2, 1, 3, 1, 1, 1, 3, 0, 4, 3, 1, 4, 1, 1, 0, 4, 1, 2, 1, 1, 3, 1, 3, 1, 1, 1, 1, 3, 1, 2, 1, 2, 1, 1, 2, 1, 2, 2, 3, 1, 1]|[0, 2, 1, 1, 3, 3, 0, 1, 0, 0, 0, 0, 1, 0, 1, 0, 0, 3, 1, 0, 0, 0, 3, 1, 0, 2, 0, 0, 0, 1, 0, 0, 0, 0, 3, 0, 1, 0, 0, 2, 1, 1, 1, 0, 0, 0, 0, 2, 1, 0, 0, 0, 1, 3, 0, 0, 1, 0, 0, 1, 0, 2, 0, 1, 0, 2, 1, 0, 0, 1, 1, 3, 1, 1, 3, 0, 1, 0, 0, 2, 0, 0, 0, 0, 1, 0, 2, 0, 1, 0, 1, 0, 0, 0, 1, 0, 0, 0, 1, 0],801.427594812029,57868.49349465401,91455.85780813712,true
17,G1_CMAX,G1_CMAX,[31, 22, 82, 15, 26, 9, 42, 77, 12, 5, 47, 93, 78, 86, 54, 6, 63, 18, 44, 20, 35, 43, 97, 91, 76, 10, 30, 21, 45, 17, 23, 1, 71, 83, 24, 14, 60, 36, 85, 57, 40, 95, 88, 65, 56, 79, 94, 67, 68, 46, 75, 38, 58, 19, 32, 81, 41, 62, 87, 28, 90, 59, 11, 16, 72, 73, 69, 52, 37, 64, 84, 3, 25, 29, 55, 51, 7, 98, 61, 66, 99, 33, 89, 48, 50, 96, 53, 80, 4, 8, 27, 2, 39, 13, 0, 92, 49, 74, 34, 70]|[1, 1, 0, 1, 1, 1, 2, 2, 1, 2, 2, 1, 1, 1, 0, 0, 1, 0, 2, 2, 0, 1, 2, 2, 1, 2, 2, 0, 0, 1, 2, 1, 1, 0, 2, 0, 1, 1, 0, 1, 1, 1, 1, 0, 2, 1, 1, 0, 0, 0, 0, 1, 1, 2, 1, 2, 0, 0, 2, 0, 1, 2, 2, 1, 2, 1, 1, 1, 1, 1, 1, 2, 1, 0, 2, 0, 1, 2, 1, 0, 0, 2, 1, 0, 0, 2, 0, 0, 1, 1, 0, 0, 1, 0, 0, 0, 0, 2, 2, 1]|[0, 3, 1, 2, 0, 0, 1, 1, 4, 1, 1, 4, 4, 4, 2, 2, 4, 2, 1, 1, 1, 1, 2, 1, 2, 1, 1, 1, 1, 4, 0, 3, 3, 0, 1, 1, 0, 3, 2, 2, 2, 2, 0, 1, 1, 0, 4, 0, 1, 2, 2, 1, 4, 0, 3, 2, 1, 2, 1, 2, 3, 1, 1, 3, 0, 4, 4, 1, 4, 3, 1, 2, 4, 1, 1, 1, 1, 1, 3, 1, 1, 1, 1, 1, 1, 1, 2, 1, 4, 3, 2, 2, 1, 2, 2, 0, 1, 1, 1, 4]|[1, 1, 1, 1, 3, 3, 0, 0, 0, 0, 0, 2, 0, 1, 0, 0, 3, 1, 0, 0, 0, 3, 1, 0, 2, 0, 0, 0, 1, 3, 0, 0, 0, 0, 1, 0, 0, 2, 1, 1, 1, 1, 0, 0, 0, 0, 2, 1, 0, 0, 0, 1, 3, 0, 0, 1, 0, 1, 0, 1, 2, 0, 0, 2, 1, 0, 2, 1, 1, 0, 3, 1, 3, 0, 0, 0, 2, 0, 0, 0, 0, 0, 1, 0, 0, 0, 1, 0, 0, 2, 1, 0, 1, 0, 0, 1, 1, 0, 0, 2],733.3116759547878,58140.55643565909,96674.14109675489,false
17,G4_BALANCED,G4_BALANCED,[31, 11, 82, 15, 26, 9, 95, 42, 77, 68, 47, 5, 93, 78, 86, 54, 85, 63, 76, 44, 20, 49, 36, 14, 74, 50, 53, 17, 21, 45, 71, 64, 3, 23, 30, 83, 24, 41, 60, 52, 65, 27, 90, 70, 39, 87, 48, 69, 99, 4, 46, 1, 13, 58, 97, 59, 28, 75, 73, 37, 35, 79, 22, 66, 18, 32, 40, 80, 96, 6, 56, 61, 33, 7, 57, 34, 12, 67, 10, 98, 16, 88, 29, 8, 91, 38, 19, 92, 72, 84, 51, 43, 81, 25, 2, 55, 0, 94, 89, 62]|[2, 1, 2, 1, 1, 2, 1, 1, 1, 1, 1, 0, 2, 2, 1, 2, 0, 0, 0, 2, 2, 1, 0, 2, 0, 2, 2, 1, 0, 1, 1, 1, 0, 0, 1, 0, 2, 1, 2, 2, 0, 0, 1, 1, 0, 2, 0, 2, 1, 0, 0, 2, 0, 0, 2, 0, 1, 0, 0, 0, 2, 1, 0, 2, 2, 0, 2, 2, 0, 1, 2, 1, 1, 2, 0, 1, 1, 1, 1, 2, 2, 1, 1, 1, 1, 0, 1, 0, 1, 0, 1, 1, 1, 1, 2, 0, 0, 2, 1, 1]|[0, 3, 0, 2, 4, 1, 4, 4, 2, 4, 3, 2, 1, 0, 2, 1, 1, 1, 2, 1, 1, 3, 0, 1, 0, 1, 1, 4, 1, 4, 3, 2, 2, 0, 4, 1, 1, 4, 0, 1, 2, 1, 4, 4, 1, 1, 0, 2, 3, 1, 2, 1, 2, 1, 1, 2, 4, 2, 0, 2, 2, 3, 1, 0, 1, 2, 0, 1, 2, 4, 1, 3, 4, 1, 2, 4, 3, 3, 3, 1, 1, 4, 3, 3, 3, 2, 4, 2, 4, 2, 3, 4, 1, 4, 1, 2, 2, 1, 4, 3]|[0, 2, 0, 1, 3, 0, 1, 3, 0, 0, 2, 0, 1, 0, 1, 0, 0, 0, 1, 0, 0, 2, 0, 0, 1, 0, 0, 3, 0, 1, 0, 2, 0, 1, 3, 0, 1, 3, 1, 0, 0, 0, 1, 3, 0, 0, 1, 0, 2, 0, 0, 0, 0, 0, 1, 0, 1, 0, 1, 1, 0, 2, 0, 0, 0, 0, 0, 0, 0, 2, 0, 0, 1, 0, 0, 1, 0, 0, 3, 0, 0, 1, 0, 0, 0, 0, 3, 0, 2, 0, 0, 2, 1, 3, 0, 0, 0, 0, 1, 0],839.7308016558047,52103.26715956506,108081.52425448055,false
17,G2_TEC,G2_TEC,[31, 22, 82, 15, 26, 9, 95, 42, 77, 68, 47, 5, 93, 78, 86, 54, 85, 63, 18, 44, 20, 49, 36, 14, 74, 50, 53, 17, 21, 28, 71, 64, 3, 23, 30, 83, 24, 41, 40, 52, 65, 27, 90, 70, 39, 87, 48, 69, 99, 4, 46, 1, 13, 58, 97, 59, 33, 8, 73, 37, 35, 79, 11, 66, 76, 32, 60, 80, 96, 6, 16, 61, 45, 7, 57, 34, 12, 67, 10, 98, 56, 88, 29, 25, 91, 38, 19, 92, 43, 84, 51, 72, 81, 62, 75, 55, 0, 94, 89, 2]|[2, 1, 2, 1, 1, 2, 1, 1, 1, 1, 1, 0, 2, 2, 1, 2, 0, 0, 0, 2, 2, 1, 0, 2, 0, 2, 2, 1, 0, 1, 1, 1, 0, 0, 1, 0, 2, 1, 2, 2, 0, 0, 1, 1, 0, 2, 0, 2, 1, 0, 0, 2, 0, 0, 2, 0, 1, 1, 0, 0, 2, 1, 0, 2, 2, 0, 2, 2, 0, 1, 2, 1, 1, 2, 0, 1, 1, 1, 1, 2, 2, 1, 1, 1, 1, 0, 1, 0, 1, 0, 1, 1, 1, 1, 0, 0, 0, 2, 1, 2]|[0, 3, 0, 3, 4, 1, 4, 4, 2, 4, 3, 2, 1, 0, 2, 1, 1, 1, 2, 1, 1, 3, 0, 1, 0, 1, 1, 4, 1, 4, 3, 2, 2, 0, 4, 1, 1, 4, 0, 1, 2, 1, 4, 4, 1, 1, 0, 2, 3, 1, 2, 1, 2, 1, 1, 2, 4, 3, 0, 2, 2, 3, 1, 0, 1, 2, 0, 1, 2, 4, 1, 3, 4, 1, 2, 4, 3, 3, 3, 1, 1, 4, 3, 4, 3, 2, 4, 2, 4, 2, 3, 4, 1, 3, 2, 2, 2, 1, 4, 1]|[0, 2, 0, 0, 3, 0, 1, 3, 0, 0, 2, 0, 1, 0, 1, 0, 0, 0, 1, 0, 0, 2, 0, 0, 1, 0, 0, 3, 0, 1, 0, 2, 0, 0, 3, 0, 1, 3, 0, 0, 0, 0, 1, 3, 0, 0, 1, 0, 2, 0, 0, 0, 0, 0, 1, 0, 1, 0, 1, 1, 0, 2, 0, 0, 0, 0, 0, 0, 0, 2, 0, 0, 1, 0, 0, 1, 0, 0, 3, 0, 0, 1, 0, 3, 0, 0, 3, 0, 2, 0, 0, 2, 1, 0, 0, 0, 0, 0, 1, 0],891.6145215420967,50894.864215332236,113139.7903882913,false
17,G3_TWC,G1_CMAX,[31, 22, 82, 15, 26, 9, 42, 95, 77, 12, 47, 5, 93, 78, 86, 54, 85, 63, 18, 44, 20, 35, 43, 97, 91, 76, 10, 30, 21, 45, 71, 64, 1, 23, 17, 83, 24, 14, 60, 36, 6, 57, 94, 88, 65, 56, 79, 40, 67, 68, 46, 75, 38, 58, 19, 32, 81, 41, 27, 62, 87, 90, 99, 59, 11, 16, 72, 73, 69, 39, 37, 84, 3, 92, 25, 55, 28, 29, 51, 7, 33, 61, 98, 66, 89, 50, 8, 96, 53, 80, 4, 48, 34, 2, 52, 13, 0, 70, 49, 74]|[1, 1, 0, 1, 1, 1, 2, 1, 2, 1, 2, 2, 2, 1, 1, 0, 0, 1, 0, 2, 2, 0, 1, 2, 0, 1, 2, 2, 0, 0, 1, 2, 1, 2, 1, 0, 2, 0, 1, 1, 0, 1, 1, 1, 0, 2, 1, 1, 0, 0, 0, 0, 1, 1, 2, 1, 2, 0, 0, 0, 2, 1, 0, 1, 2, 1, 2, 1, 1, 1, 1, 1, 1, 0, 1, 2, 0, 0, 0, 1, 2, 1, 0, 2, 1, 0, 1, 0, 0, 0, 0, 0, 2, 0, 1, 0, 0, 1, 0, 2]|[4, 3, 2, 2, 0, 0, 2, 2, 2, 4, 1, 1, 2, 4, 4, 1, 2, 4, 2, 1, 1, 1, 1, 2, 1, 2, 1, 1, 1, 1, 3, 2, 3, 0, 4, 0, 1, 1, 0, 3, 2, 2, 2, 0, 1, 1, 0, 4, 0, 1, 2, 2, 1, 4, 0, 3, 2, 1, 1, 2, 1, 3, 1, 1, 1, 3, 0, 4, 3, 1, 4, 1, 1, 0, 4, 1, 2, 1, 1, 3, 1, 3, 1, 1, 1, 1, 3, 1, 2, 1, 2, 1, 1, 2, 1, 2, 2, 3, 1, 1]|[0, 2, 1, 1, 3, 3, 0, 1, 0, 0, 0, 0, 1, 0, 1, 0, 0, 3, 1, 0, 0, 0, 3, 1, 0, 2, 0, 0, 0, 1, 0, 0, 0, 0, 3, 0, 1, 0, 0, 2, 1, 1, 1, 0, 0, 0, 0, 2, 1, 0, 0, 0, 1, 3, 0, 0, 1, 0, 0, 1, 0, 2, 0, 1, 0, 2, 1, 0, 0, 1, 1, 3, 1, 1, 3, 0, 1, 0, 0, 2, 0, 0, 0, 0, 1, 0, 2, 0, 1, 0, 1, 0, 0, 0, 1, 0, 0, 0, 1, 0],801.427594812029,57868.49349465401,91455.85780813712,true
17,G1_CMAX,G1_CMAX,[31, 22, 82, 15, 26, 9, 42, 77, 12, 5, 47, 93, 78, 86, 54, 6, 63, 18, 44, 20, 35, 43, 97, 91, 76, 10, 30, 21, 45, 17, 23, 1, 71, 83, 24, 14, 60, 36, 85, 57, 40, 95, 88, 65, 56, 79, 94, 67, 68, 46, 75, 38, 58, 19, 32, 81, 41, 62, 87, 28, 90, 59, 11, 16, 72, 73, 69, 52, 37, 64, 84, 3, 25, 29, 55, 51, 7, 98, 61, 66, 99, 33, 89, 48, 50, 96, 53, 80, 4, 8, 27, 2, 39, 13, 0, 92, 49, 74, 34, 70]|[1, 1, 0, 1, 1, 1, 2, 2, 1, 2, 2, 1, 1, 1, 0, 0, 1, 0, 2, 2, 0, 1, 2, 2, 1, 2, 2, 0, 0, 1, 2, 1, 1, 0, 2, 0, 1, 1, 0, 1, 1, 1, 1, 0, 2, 1, 1, 0, 0, 0, 0, 1, 1, 2, 1, 2, 0, 0, 2, 0, 1, 2, 2, 1, 2, 1, 1, 1, 1, 1, 1, 2, 1, 0, 2, 0, 1, 2, 1, 0, 0, 2, 1, 0, 0, 2, 0, 0, 1, 1, 0, 0, 1, 0, 0, 0, 0, 2, 2, 1]|[0, 3, 1, 2, 0, 0, 1, 1, 4, 1, 1, 4, 4, 4, 2, 2, 4, 2, 1, 1, 1, 1, 2, 1, 2, 1, 1, 1, 1, 4, 0, 3, 3, 0, 1, 1, 0, 3, 2, 2, 2, 2, 0, 1, 1, 0, 4, 0, 1, 2, 2, 1, 4, 0, 3, 2, 1, 2, 1, 2, 3, 1, 1, 3, 0, 4, 4, 1, 4, 3, 1, 2, 4, 1, 1, 1, 1, 1, 3, 1, 1, 1, 1, 1, 1, 1, 2, 1, 4, 3, 2, 2, 1, 2, 2, 0, 1, 1, 1, 4]|[1, 1, 1, 1, 3, 3, 0, 0, 0, 0, 0, 2, 0, 1, 0, 0, 3, 1, 0, 0, 0, 3, 1, 0, 2, 0, 0, 0, 1, 3, 0, 0, 0, 0, 1, 0, 0, 2, 1, 1, 1, 1, 0, 0, 0, 0, 2, 1, 0, 0, 0, 1, 3, 0, 0, 1, 0, 1, 0, 1, 2, 0, 0, 2, 1, 0, 2, 1, 1, 0, 3, 1, 3, 0, 0, 0, 2, 0, 0, 0, 0, 0, 1, 0, 0, 0, 1, 0, 0, 2, 1, 0, 1, 0, 0, 1, 1, 0, 0, 2],733.3116759547878,58140.55643565909,96674.14109675489,false
17,G4_BALANCED,G4_BALANCED,[31, 11, 82, 15, 26, 9, 95, 42, 77, 68, 47, 5, 93, 78, 86, 54, 85, 63, 76, 44, 20, 49, 36, 14, 74, 50, 53, 17, 21, 45, 71, 64, 3, 23, 30, 83, 24, 41, 60, 52, 65, 27, 90, 70, 39, 87, 48, 69, 99, 4, 46, 1, 13, 58, 97, 59, 28, 75, 73, 37, 35, 79, 22, 66, 18, 32, 40, 80, 96, 6, 56, 61, 33, 7, 57, 34, 12, 67, 10, 98, 16, 88, 29, 8, 91, 38, 19, 92, 72, 84, 51, 43, 81, 25, 2, 55, 0, 94, 89, 62]|[2, 1, 2, 1, 1, 2, 1, 1, 1, 1, 1, 0, 2, 2, 1, 2, 0, 0, 0, 2, 2, 1, 0, 2, 0, 2, 2, 1, 0, 1, 1, 1, 0, 0, 1, 0, 2, 1, 2, 2, 0, 0, 1, 1, 0, 2, 0, 2, 1, 0, 0, 2, 0, 0, 2, 0, 1, 0, 0, 0, 2, 1, 0, 2, 2, 0, 2, 2, 0, 1, 2, 1, 1, 2, 0, 1, 1, 1, 1, 2, 2, 1, 1, 1, 1, 0, 1, 0, 1, 0, 1, 1, 1, 1, 2, 0, 0, 2, 1, 1]|[0, 3, 0, 2, 4, 1, 4, 4, 2, 4, 3, 2, 1, 0, 2, 1, 1, 1, 2, 1, 1, 3, 0, 1, 0, 1, 1, 4, 1, 4, 3, 2, 2, 0, 4, 1, 1, 4, 0, 1, 2, 1, 4, 4, 1, 1, 0, 2, 3, 1, 2, 1, 2, 1, 1, 2, 4, 2, 0, 2, 2, 3, 1, 0, 1, 2, 0, 1, 2, 4, 1, 3, 4, 1, 2, 4, 3, 3, 3, 1, 1, 4, 3, 3, 3, 2, 4, 2, 4, 2, 3, 4, 1, 4, 1, 2, 2, 1, 4, 3]|[0, 2, 0, 1, 3, 0, 1, 3, 0, 0, 2, 0, 1, 0, 1, 0, 0, 0, 1, 0, 0, 2, 0, 0, 1, 0, 0, 3, 0, 1, 0, 2, 0, 1, 3, 0, 1, 3, 1, 0, 0, 0, 1, 3, 0, 0, 1, 0, 2, 0, 0, 0, 0, 0, 1, 0, 1, 0, 1, 1, 0, 2, 0, 0, 0, 0, 0, 0, 0, 2, 0, 0, 1, 0, 0, 1, 0, 0, 3, 0, 0, 1, 0, 0, 0, 0, 3, 0, 2, 0, 0, 2, 1, 3, 0, 0, 0, 0, 1, 0],839.7308016558047,52103.26715956506,108081.52425448055,false
17,G2_TEC,G4_BALANCED,[31, 22, 82, 15, 26, 9, 95, 42, 77, 68, 47, 5, 93, 78, 86, 54, 85, 63, 18, 52, 20, 49, 36, 14, 74, 50, 53, 17, 21, 28, 71, 64, 3, 23, 30, 83, 24, 41, 60, 44, 65, 27, 90, 70, 39, 87, 48, 69, 99, 4, 46, 1, 13, 58, 97, 59, 45, 8, 73, 37, 35, 79, 11, 66, 76, 32, 40, 80, 96, 6, 16, 61, 33, 7, 57, 75, 12, 67, 10, 98, 56, 88, 29, 34, 91, 38, 19, 92, 43, 84, 51, 72, 81, 25, 2, 55, 0, 89, 94, 62]|[2, 1, 2, 1, 1, 2, 1, 1, 1, 1, 1, 0, 2, 2, 1, 2, 0, 0, 0, 2, 2, 1, 0, 2, 0, 2, 2, 1, 0, 1, 1, 1, 0, 0, 1, 0, 2, 1, 2, 2, 0, 0, 1, 1, 0, 2, 0, 2, 1, 0, 0, 2, 0, 0, 2, 0, 1, 1, 0, 0, 2, 1, 0, 2, 2, 0, 2, 2, 0, 1, 2, 1, 1, 2, 0, 0, 1, 1, 1, 0, 2, 1, 1, 0, 1, 0, 1, 0, 1, 0, 1, 1, 1, 1, 2, 0, 0, 1, 1, 1]|[0, 3, 0, 3, 4, 1, 4, 4, 2, 4, 3, 2, 1, 0, 2, 1, 1, 1, 2, 1, 1, 3, 0, 1, 0, 1, 1, 4, 1, 4, 3, 2, 2, 0, 4, 1, 1, 4, 0, 1, 2, 1, 4, 4, 1, 1, 0, 2, 3, 1, 2, 1, 2, 1, 1, 2, 4, 3, 0, 2, 2, 3, 1, 0, 1, 2, 0, 1, 2, 4, 1, 3, 4, 1, 2, 2, 3, 3, 3, 2, 1, 4, 3, 2, 3, 2, 4, 2, 4, 2, 3, 4, 4, 4, 1, 2, 2, 4, 4, 3]|[0, 2, 0, 0, 3, 0, 1, 3, 0, 0, 2, 0, 1, 0, 1, 0, 0, 0, 1, 0, 0, 2, 0, 0, 1, 0, 0, 3, 0, 1, 0, 2, 0, 0, 3, 0, 1, 3, 1, 0, 0, 0, 1, 3, 0, 0, 1, 0, 2, 0, 0, 0, 0, 0, 1, 0, 1, 0, 1, 1, 0, 2, 0, 0, 0, 0, 0, 0, 0, 2, 0, 0, 1, 0, 0, 0, 0, 0, 3, 0, 0, 1, 0, 0, 0, 0, 3, 0, 2, 0, 0, 2, 1, 3, 0, 0, 0, 1, 2, 0],951.69537712092,51173.69988282795,108916.87226768048,true
17,G3_TWC,G1_CMAX,[31, 22, 82, 15, 26, 9, 42, 95, 77, 12, 47, 5, 93, 78, 86, 54, 85, 63, 18, 44, 20, 35, 43, 97, 91, 76, 10, 30, 21, 45, 71, 64, 1, 23, 17, 83, 24, 14, 60, 36, 6, 57, 94, 88, 65, 56, 79, 40, 67, 68, 46, 75, 38, 58, 19, 32, 81, 41, 27, 62, 87, 90, 99, 59, 11, 16, 72, 73, 69, 39, 37, 84, 3, 92, 25, 55, 28, 29, 51, 7, 33, 61, 98, 66, 89, 50, 8, 96, 53, 80, 4, 48, 34, 2, 52, 13, 0, 70, 49, 74]|[1, 1, 0, 1, 1, 1, 2, 1, 2, 1, 2, 2, 2, 1, 1, 0, 0, 1, 0, 2, 2, 0, 1, 2, 0, 1, 2, 2, 0, 0, 1, 2, 1, 2, 1, 0, 2, 0, 1, 1, 0, 1, 1, 1, 0, 2, 1, 1, 0, 0, 0, 0, 1, 1, 2, 1, 2, 0, 0, 0, 2, 1, 0, 1, 2, 1, 2, 1, 1, 1, 1, 1, 1, 0, 1, 2, 0, 0, 0, 1, 2, 1, 0, 2, 1, 0, 1, 0, 0, 0, 0, 0, 2, 0, 1, 0, 0, 1, 0, 2]|[4, 3, 2, 2, 0, 0, 2, 2, 2, 4, 1, 1, 2, 4, 4, 1, 2, 4, 2, 1, 1, 1, 1, 2, 1, 2, 1, 1, 1, 1, 3, 2, 3, 0, 4, 0, 1, 1, 0, 3, 2, 2, 2, 0, 1, 1, 0, 4, 0, 1, 2, 2, 1, 4, 0, 3, 2, 1, 1, 2, 1, 3, 1, 1, 1, 3, 0, 4, 3, 1, 4, 1, 1, 0, 4, 1, 2, 1, 1, 3, 1, 3, 1, 1, 1, 1, 3, 1, 2, 1, 2, 1, 1, 2, 1, 2, 2, 3, 1, 1]|[0, 2, 1, 1, 3, 3, 0, 1, 0, 0, 0, 0, 1, 0, 1, 0, 0, 3, 1, 0, 0, 0, 3, 1, 0, 2, 0, 0, 0, 1, 0, 0, 0, 0, 3, 0, 1, 0, 0, 2, 1, 1, 1, 0, 0, 0, 0, 2, 1, 0, 0, 0, 1, 3, 0, 0, 1, 0, 0, 1, 0, 2, 0, 1, 0, 2, 1, 0, 0, 1, 1, 3, 1, 1, 3, 0, 1, 0, 0, 2, 0, 0, 0, 0, 1, 0, 2, 0, 1, 0, 1, 0, 0, 0, 1, 0, 0, 0, 1, 0],801.427594812029,57868.49349465401,91455.85780813712,true
17,G1_CMAX,G1_CMAX,[31, 22, 82, 15, 26, 9, 42, 77, 12, 5, 47, 93, 78, 86, 54, 6, 63, 18, 44, 20, 35, 43, 97, 91, 76, 10, 30, 21, 45, 17, 23, 1, 71, 83, 24, 14, 60, 36, 85, 57, 40, 95, 88, 65, 56, 79, 94, 67, 68, 46, 75, 38, 58, 19, 32, 81, 41, 62, 87, 28, 90, 59, 11, 16, 72, 73, 69, 52, 37, 64, 84, 3, 25, 29, 55, 51, 7, 98, 61, 66, 99, 33, 89, 48, 50, 96, 53, 80, 4, 8, 27, 2, 39, 13, 0, 92, 49, 74, 34, 70]|[1, 1, 0, 1, 1, 1, 2, 2, 1, 2, 2, 1, 1, 1, 0, 0, 1, 0, 2, 2, 0, 1, 2, 2, 1, 2, 2, 0, 0, 1, 2, 1, 1, 0, 2, 0, 1, 1, 0, 1, 1, 1, 1, 0, 2, 1, 1, 0, 0, 0, 0, 1, 1, 2, 1, 2, 0, 0, 2, 0, 1, 2, 2, 1, 2, 1, 1, 1, 1, 1, 1, 2, 1, 0, 2, 0, 1, 2, 1, 0, 0, 2, 1, 0, 0, 2, 0, 0, 1, 1, 0, 0, 1, 0, 0, 0, 0, 2, 2, 1]|[0, 3, 1, 2, 0, 0, 1, 1, 4, 1, 1, 4, 4, 4, 2, 2, 4, 2, 1, 1, 1, 1, 2, 1, 2, 1, 1, 1, 1, 4, 0, 3, 3, 0, 1, 1, 0, 3, 2, 2, 2, 2, 0, 1, 1, 0, 4, 0, 1, 2, 2, 1, 4, 0, 3, 2, 1, 2, 1, 2, 3, 1, 1, 3, 0, 4, 4, 1, 4, 3, 1, 2, 4, 1, 1, 1, 1, 1, 3, 1, 1, 1, 1, 1, 1, 1, 2, 1, 4, 3, 2, 2, 1, 2, 2, 0, 1, 1, 1, 4]|[1, 1, 1, 1, 3, 3, 0, 0, 0, 0, 0, 2, 0, 1, 0, 0, 3, 1, 0, 0, 0, 3, 1, 0, 2, 0, 0, 0, 1, 3, 0, 0, 0, 0, 1, 0, 0, 2, 1, 1, 1, 1, 0, 0, 0, 0, 2, 1, 0, 0, 0, 1, 3, 0, 0, 1, 0, 1, 0, 1, 2, 0, 0, 2, 1, 0, 2, 1, 1, 0, 3, 1, 3, 0, 0, 0, 2, 0, 0, 0, 0, 0, 1, 0, 0, 0, 1, 0, 0, 2, 1, 0, 1, 0, 0, 1, 1, 0, 0, 2],733.3116759547878,58140.55643565909,96674.14109675489,false
17,G4_BALANCED,G4_BALANCED,[31, 11, 82, 15, 26, 9, 95, 42, 77, 68, 47, 5, 93, 78, 86, 54, 85, 63, 76, 44, 20, 49, 36, 14, 74, 50, 53, 17, 21, 45, 71, 64, 3, 23, 30, 83, 24, 41, 60, 52, 65, 27, 90, 70, 39, 87, 48, 69, 99, 4, 46, 1, 13, 58, 97, 59, 28, 75, 73, 37, 35, 79, 22, 66, 18, 32, 40, 80, 96, 6, 56, 61, 33, 7, 57, 34, 12, 67, 10, 98, 16, 88, 29, 8, 91, 38, 19, 92, 72, 84, 51, 43, 81, 25, 2, 55, 0, 94, 89, 62]|[2, 1, 2, 1, 1, 2, 1, 1, 1, 1, 1, 0, 2, 2, 1, 2, 0, 0, 0, 2, 2, 1, 0, 2, 0, 2, 2, 1, 0, 1, 1, 1, 0, 0, 1, 0, 2, 1, 2, 2, 0, 0, 1, 1, 0, 2, 0, 2, 1, 0, 0, 2, 0, 0, 2, 0, 1, 0, 0, 0, 2, 1, 0, 2, 2, 0, 2, 2, 0, 1, 2, 1, 1, 2, 0, 1, 1, 1, 1, 2, 2, 1, 1, 1, 1, 0, 1, 0, 1, 0, 1, 1, 1, 1, 2, 0, 0, 2, 1, 1]|[0, 3, 0, 2, 4, 1, 4, 4, 2, 4, 3, 2, 1, 0, 2, 1, 1, 1, 2, 1, 1, 3, 0, 1, 0, 1, 1, 4, 1, 4, 3, 2, 2, 0, 4, 1, 1, 4, 0, 1, 2, 1, 4, 4, 1, 1, 0, 2, 3, 1, 2, 1, 2, 1, 1, 2, 4, 2, 0, 2, 2, 3, 1, 0, 1, 2, 0, 1, 2, 4, 1, 3, 4, 1, 2, 4, 3, 3, 3, 1, 1, 4, 3, 3, 3, 2, 4, 2, 4, 2, 3, 4, 1, 4, 1, 2, 2, 1, 4, 3]|[0, 2, 0, 1, 3, 0, 1, 3, 0, 0, 2, 0, 1, 0, 1, 0, 0, 0, 1, 0, 0, 2, 0, 0, 1, 0, 0, 3, 0, 1, 0, 2, 0, 1, 3, 0, 1, 3, 1, 0, 0, 0, 1, 3, 0, 0, 1, 0, 2, 0, 0, 0, 0, 0, 1, 0, 1, 0, 1, 1, 0, 2, 0, 0, 0, 0, 0, 0, 0, 2, 0, 0, 1, 0, 0, 1, 0, 0, 3, 0, 0, 1, 0, 0, 0, 0, 3, 0, 2, 0, 0, 2, 1, 3, 0, 0, 0, 0, 1, 0],839.7308016558047,52103.26715956506,108081.52425448055,false
17,G2_TEC,G2_TEC,[31, 22, 82, 15, 26, 9, 95, 42, 77, 68, 47, 5, 93, 78, 86, 54, 85, 63, 18, 44, 20, 49, 36, 14, 74, 50, 53, 17, 21, 28, 71, 64, 3, 23, 30, 83, 24, 41, 40, 52, 65, 27, 90, 70, 39, 87, 48, 69, 99, 4, 46, 1, 13, 58, 97, 59, 33, 8, 73, 37, 35, 79, 11, 66, 76, 32, 60, 80, 96, 6, 16, 61, 45, 7, 57, 34, 12, 67, 10, 98, 56, 88, 29, 25, 91, 38, 19, 92, 43, 84, 51, 72, 81, 62, 75, 55, 0, 94, 89, 2]|[2, 1, 2, 1, 1, 2, 1, 1, 1, 1, 1, 0, 2, 2, 1, 2, 0, 0, 0, 2, 2, 1, 0, 2, 0, 2, 2, 1, 0, 1, 1, 1, 0, 0, 1, 0, 2, 1, 2, 2, 0, 0, 1, 1, 0, 2, 0, 2, 1, 0, 0, 2, 0, 0, 2, 0, 1, 1, 0, 0, 2, 1, 0, 2, 2, 0, 2, 2, 0, 1, 2, 1, 1, 2, 0, 1, 1, 1, 1, 2, 2, 1, 1, 1, 1, 0, 1, 0, 1, 0, 1, 1, 1, 1, 0, 0, 0, 2, 1, 2]|[0, 3, 0, 3, 4, 1, 4, 4, 2, 4, 3, 2, 1, 0, 2, 1, 1, 1, 2, 1, 1, 3, 0, 1, 0, 1, 1, 4, 1, 4, 3, 2, 2, 0, 4, 1, 1, 4, 0, 1, 2, 1, 4, 4, 1, 1, 0, 2, 3, 1, 2, 1, 2, 1, 1, 2, 4, 3, 0, 2, 2, 3, 1, 0, 1, 2, 0, 1, 2, 4, 1, 3, 4, 1, 2, 4, 3, 3, 3, 1, 1, 4, 3, 4, 3, 2, 4, 2, 4, 2, 3, 4, 1, 3, 2, 2, 2, 1, 4, 1]|[0, 2, 0, 0, 3, 0, 1, 3, 0, 0, 2, 0, 1, 0, 1, 0, 0, 0, 1, 0, 0, 2, 0, 0, 1, 0, 0, 3, 0, 1, 0, 2, 0, 0, 3, 0, 1, 3, 0, 0, 0, 0, 1, 3, 0, 0, 1, 0, 2, 0, 0, 0, 0, 0, 1, 0, 1, 0, 1, 1, 0, 2, 0, 0, 0, 0, 0, 0, 0, 2, 0, 0, 1, 0, 0, 1, 0, 0, 3, 0, 0, 1, 0, 3, 0, 0, 3, 0, 2, 0, 0, 2, 1, 0, 0, 0, 0, 0, 1, 0],891.6145215420967,50894.864215332236,113139.7903882913,false
17,G3_TWC,G1_CMAX,[31, 22, 82, 15, 26, 9, 42, 95, 77, 12, 47, 5, 93, 78, 86, 54, 85, 63, 18, 44, 20, 35, 43, 97, 91, 76, 10, 30, 21, 45, 71, 64, 1, 23, 17, 83, 24, 14, 60, 36, 6, 57, 94, 88, 65, 56, 79, 40, 67, 68, 46, 75, 38, 58, 19, 32, 81, 41, 27, 62, 87, 90, 99, 59, 11, 16, 72, 73, 69, 39, 37, 84, 3, 92, 25, 55, 28, 29, 51, 7, 33, 61, 98, 66, 89, 50, 8, 96, 53, 80, 4, 48, 34, 2, 52, 13, 0, 70, 49, 74]|[1, 1, 0, 1, 1, 1, 2, 1, 2, 1, 2, 2, 2, 1, 1, 0, 0, 1, 0, 2, 2, 0, 1, 2, 0, 1, 2, 2, 0, 0, 1, 2, 1, 2, 1, 0, 2, 0, 1, 1, 0, 1, 1, 1, 0, 2, 1, 1, 0, 0, 0, 0, 1, 1, 2, 1, 2, 0, 0, 0, 2, 1, 0, 1, 2, 1, 2, 1, 1, 1, 1, 1, 1, 0, 1, 2, 0, 0, 0, 1, 2, 1, 0, 2, 1, 0, 1, 0, 0, 0, 0, 0, 2, 0, 1, 0, 0, 1, 0, 2]|[4, 3, 2, 2, 0, 0, 2, 2, 2, 4, 1, 1, 2, 4, 4, 1, 2, 4, 2, 1, 1, 1, 1, 2, 1, 2, 1, 1, 1, 1, 3, 2, 3, 0, 4, 0, 1, 1, 0, 3, 2, 2, 2, 0, 1, 1, 0, 4, 0, 1, 2, 2, 1, 4, 0, 3, 2, 1, 1, 2, 1, 3, 1, 1, 1, 3, 0, 4, 3, 1, 4, 1, 1, 0, 4, 1, 2, 1, 1, 3, 1, 3, 1, 1, 1, 1, 3, 1, 2, 1, 2, 1, 1, 2, 1, 2, 2, 3, 1, 1]|[0, 2, 1, 1, 3, 3, 0, 1, 0, 0, 0, 0, 1, 0, 1, 0, 0, 3, 1, 0, 0, 0, 3, 1, 0, 2, 0, 0, 0, 1, 0, 0, 0, 0, 3, 0, 1, 0, 0, 2, 1, 1, 1, 0, 0, 0, 0, 2, 1, 0, 0, 0, 1, 3, 0, 0, 1, 0, 0, 1, 0, 2, 0, 1, 0, 2, 1, 0, 0, 1, 1, 3, 1, 1, 3, 0, 1, 0, 0, 2, 0, 0, 0, 0, 1, 0, 2, 0, 1, 0, 1, 0, 0, 0, 1, 0, 0, 0, 1, 0],801.427594812029,57868.49349465401,91455.85780813712,true
17,G1_CMAX,G1_CMAX,[31, 22, 82, 15, 26, 9, 42, 77, 12, 5, 47, 93, 78, 86, 54, 6, 63, 18, 44, 20, 35, 43, 97, 91, 76, 10, 30, 21, 45, 17, 23, 1, 71, 83, 24, 14, 60, 36, 85, 57, 40, 95, 88, 65, 56, 79, 94, 67, 68, 46, 75, 38, 58, 19, 32, 81, 41, 62, 87, 28, 90, 59, 11, 16, 72, 73, 69, 52, 37, 64, 84, 3, 25, 29, 55, 51, 7, 98, 61, 66, 99, 33, 89, 48, 50, 96, 53, 80, 4, 8, 27, 2, 39, 13, 0, 92, 49, 74, 34, 70]|[1, 1, 0, 1, 1, 1, 2, 2, 1, 2, 2, 1, 1, 1, 0, 0, 1, 0, 2, 2, 0, 1, 2, 2, 1, 2, 2, 0, 0, 1, 2, 1, 1, 0, 2, 0, 1, 1, 0, 1, 1, 1, 1, 0, 2, 1, 1, 0, 0, 0, 0, 1, 1, 2, 1, 2, 0, 0, 2, 0, 1, 2, 2, 1, 2, 1, 1, 1, 1, 1, 1, 2, 1, 0, 2, 0, 1, 2, 1, 0, 0, 2, 1, 0, 0, 2, 0, 0, 1, 1, 0, 0, 1, 0, 0, 0, 0, 2, 2, 1]|[0, 3, 1, 2, 0, 0, 1, 1, 4, 1, 1, 4, 4, 4, 2, 2, 4, 2, 1, 1, 1, 1, 2, 1, 2, 1, 1, 1, 1, 4, 0, 3, 3, 0, 1, 1, 0, 3, 2, 2, 2, 2, 0, 1, 1, 0, 4, 0, 1, 2, 2, 1, 4, 0, 3, 2, 1, 2, 1, 2, 3, 1, 1, 3, 0, 4, 4, 1, 4, 3, 1, 2, 4, 1, 1, 1, 1, 1, 3, 1, 1, 1, 1, 1, 1, 1, 2, 1, 4, 3, 2, 2, 1, 2, 2, 0, 1, 1, 1, 4]|[1, 1, 1, 1, 3, 3, 0, 0, 0, 0, 0, 2, 0, 1, 0, 0, 3, 1, 0, 0, 0, 3, 1, 0, 2, 0, 0, 0, 1, 3, 0, 0, 0, 0, 1, 0, 0, 2, 1, 1, 1, 1, 0, 0, 0, 0, 2, 1, 0, 0, 0, 1, 3, 0, 0, 1, 0, 1, 0, 1, 2, 0, 0, 2, 1, 0, 2, 1, 1, 0, 3, 1, 3, 0, 0, 0, 2, 0, 0, 0, 0, 0, 1, 0, 0, 0, 1, 0, 0, 2, 1, 0, 1, 0, 0, 1, 1, 0, 0, 2],733.3116759547878,58140.55643565909,96674.14109675489,false
17,G4_BALANCED,G4_BALANCED,[31, 11, 82, 15, 26, 9, 95, 42, 77, 68, 47, 5, 93, 78, 86, 54, 85, 63, 76, 44, 20, 49, 36, 14, 74, 50, 53, 17, 21, 45, 71, 64, 3, 23, 30, 83, 24, 41, 60, 52, 65, 27, 90, 70, 39, 87, 48, 69, 99, 4, 46, 1, 13, 58, 97, 59, 28, 75, 73, 37, 35, 79, 22, 66, 18, 32, 40, 80, 96, 6, 56, 61, 33, 7, 57, 34, 12, 67, 10, 98, 16, 88, 29, 8, 91, 38, 19, 92, 72, 84, 51, 43, 81, 25, 2, 55, 0, 94, 89, 62]|[2, 1, 2, 1, 1, 2, 1, 1, 1, 1, 1, 0, 2, 2, 1, 2, 0, 0, 0, 2, 2, 1, 0, 2, 0, 2, 2, 1, 0, 1, 1, 1, 0, 0, 1, 0, 2, 1, 2, 2, 0, 0, 1, 1, 0, 2, 0, 2, 1, 0, 0, 2, 0, 0, 2, 0, 1, 0, 0, 0, 2, 1, 0, 2, 2, 0, 2, 2, 0, 1, 2, 1, 1, 2, 0, 1, 1, 1, 1, 2, 2, 1, 1, 1, 1, 0, 1, 0, 1, 0, 1, 1, 1, 1, 2, 0, 0, 2, 1, 1]|[0, 3, 0, 2, 4, 1, 4, 4, 2, 4, 3, 2, 1, 0, 2, 1, 1, 1, 2, 1, 1, 3, 0, 1, 0, 1, 1, 4, 1, 4, 3, 2, 2, 0, 4, 1, 1, 4, 0, 1, 2, 1, 4, 4, 1, 1, 0, 2, 3, 1, 2, 1, 2, 1, 1, 2, 4, 2, 0, 2, 2, 3, 1, 0, 1, 2, 0, 1, 2, 4, 1, 3, 4, 1, 2, 4, 3, 3, 3, 1, 1, 4, 3, 3, 3, 2, 4, 2, 4, 2, 3, 4, 1, 4, 1, 2, 2, 1, 4, 3]|[0, 2, 0, 1, 3, 0, 1, 3, 0, 0, 2, 0, 1, 0, 1, 0, 0, 0, 1, 0, 0, 2, 0, 0, 1, 0, 0, 3, 0, 1, 0, 2, 0, 1, 3, 0, 1, 3, 1, 0, 0, 0, 1, 3, 0, 0, 1, 0, 2, 0, 0, 0, 0, 0, 1, 0, 1, 0, 1, 1, 0, 2, 0, 0, 0, 0, 0, 0, 0, 2, 0, 0, 1, 0, 0, 1, 0, 0, 3, 0, 0, 1, 0, 0, 0, 0, 3, 0, 2, 0, 0, 2, 1, 3, 0, 0, 0, 0, 1, 0],839.7308016558047,52103.26715956506,108081.52425448055,false
17,G2_TEC,G2_TEC,[31, 22, 82, 15, 26, 9, 95, 42, 77, 68, 47, 5, 93, 78, 86, 54, 85, 63, 18, 44, 20, 49, 36, 14, 74, 50, 53, 17, 21, 28, 71, 64, 3, 23, 30, 83, 24, 41, 40, 52, 65, 27, 90, 70, 39, 87, 48, 69, 99, 4, 46, 1, 13, 58, 97, 59, 33, 8, 73, 37, 35, 79, 11, 66, 76, 32, 60, 80, 96, 6, 16, 61, 45, 7, 57, 34, 12, 67, 10, 98, 56, 88, 29, 25, 91, 38, 19, 92, 43, 84, 51, 72, 81, 62, 75, 55, 0, 94, 89, 2]|[2, 1, 2, 1, 1, 2, 1, 1, 1, 1, 1, 0, 2, 2, 1, 2, 0, 0, 0, 2, 2, 1, 0, 2, 0, 2, 2, 1, 0, 1, 1, 1, 0, 0, 1, 0, 2, 1, 2, 2, 0, 0, 1, 1, 0, 2, 0, 2, 1, 0, 0, 2, 0, 0, 2, 0, 1, 1, 0, 0, 2, 1, 0, 2, 2, 0, 2, 2, 0, 1, 2, 1, 1, 2, 0, 1, 1, 1, 1, 2, 2, 1, 1, 1, 1, 0, 1, 0, 1, 0, 1, 1, 1, 1, 0, 0, 0, 2, 1, 2]|[0, 3, 0, 3, 4, 1, 4, 4, 2, 4, 3, 2, 1, 0, 2, 1, 1, 1, 2, 1, 1, 3, 0, 1, 0, 1, 1, 4, 1, 4, 3, 2, 2, 0, 4, 1, 1, 4, 0, 1, 2, 1, 4, 4, 1, 1, 0, 2, 3, 1, 2, 1, 2, 1, 1, 2, 4, 3, 0, 2, 2, 3, 1, 0, 1, 2, 0, 1, 2, 4, 1, 3, 4, 1, 2, 4, 3, 3, 3, 1, 1, 4, 3, 4, 3, 2, 4, 2, 4, 2, 3, 4, 1, 3, 2, 2, 2, 1, 4, 1]|[0, 2, 0, 0, 3, 0, 1, 3, 0, 0, 2, 0, 1, 0, 1, 0, 0, 0, 1, 0, 0, 2, 0, 0, 1, 0, 0, 3, 0, 1, 0, 2, 0, 0, 3, 0, 1, 3, 0, 0, 0, 0, 1, 3, 0, 0, 1, 0, 2, 0, 0, 0, 0, 0, 1, 0, 1, 0, 1, 1, 0, 2, 0, 0, 0, 0, 0, 0, 0, 2, 0, 0, 1, 0, 0, 1, 0, 0, 3, 0, 0, 1, 0, 3, 0, 0, 3, 0, 2, 0, 0, 2, 1, 0, 0, 0, 0, 0, 1, 0],891.6145215420967,50894.864215332236,113139.7903882913,false
17,G3_TWC,G1_CMAX,[31, 22, 82, 15, 26, 9, 42, 95, 77, 12, 47, 5, 93, 78, 86, 54, 85, 63, 18, 44, 20, 35, 43, 97, 91, 76, 10, 30, 21, 45, 71, 64, 1, 23, 17, 83, 24, 14, 60, 36, 6, 57, 94, 88, 65, 56, 79, 40, 67, 68, 46, 75, 38, 58, 19, 32, 81, 41, 27, 62, 87, 90, 99, 59, 11, 16, 72, 73, 69, 39, 37, 84, 3, 92, 25, 55, 28, 29, 51, 7, 33, 61, 98, 66, 89, 50, 8, 96, 53, 80, 4, 48, 34, 2, 52, 13, 0, 70, 49, 74]|[1, 1, 0, 1, 1, 1, 2, 1, 2, 1, 2, 2, 2, 1, 1, 0, 0, 1, 0, 2, 2, 0, 1, 2, 0, 1, 2, 2, 0, 0, 1, 2, 1, 2, 1, 0, 2, 0, 1, 1, 0, 1, 1, 1, 0, 2, 1, 1, 0, 0, 0, 0, 1, 1, 2, 1, 2, 0, 0, 0, 2, 1, 0, 1, 2, 1, 2, 1, 1, 1, 1, 1, 1, 0, 1, 2, 0, 0, 0, 1, 2, 1, 0, 2, 1, 0, 1, 0, 0, 0, 0, 0, 2, 0, 1, 0, 0, 1, 0, 2]|[4, 3, 2, 2, 0, 0, 2, 2, 2, 4, 1, 1, 2, 4, 4, 1, 2, 4, 2, 1, 1, 1, 1, 2, 1, 2, 1, 1, 1, 1, 3, 2, 3, 0, 4, 0, 1, 1, 0, 3, 2, 2, 2, 0, 1, 1, 0, 4, 0, 1, 2, 2, 1, 4, 0, 3, 2, 1, 1, 2, 1, 3, 1, 1, 1, 3, 0, 4, 3, 1, 4, 1, 1, 0, 4, 1, 2, 1, 1, 3, 1, 3, 1, 1, 1, 1, 3, 1, 2, 1, 2, 1, 1, 2, 1, 2, 2, 3, 1, 1]|[0, 2, 1, 1, 3, 3, 0, 1, 0, 0, 0, 0, 1, 0, 1, 0, 0, 3, 1, 0, 0, 0, 3, 1, 0, 2, 0, 0, 0, 1, 0, 0, 0, 0, 3, 0, 1, 0, 0, 2, 1, 1, 1, 0, 0, 0, 0, 2, 1, 0, 0, 0, 1, 3, 0, 0, 1, 0, 0, 1, 0, 2, 0, 1, 0, 2, 1, 0, 0, 1, 1, 3, 1, 1, 3, 0, 1, 0, 0, 2, 0, 0, 0, 0, 1, 0, 2, 0, 1, 0, 1, 0, 0, 0, 1, 0, 0, 0, 1, 0],801.427594812029,57868.49349465401,91455.85780813712,true
17,G1_CMAX,G1_CMAX,[31, 22, 82, 15, 26, 9, 42, 77, 12, 5, 47, 93, 78, 86, 54, 6, 63, 18, 44, 20, 35, 43, 97, 91, 76, 10, 30, 21, 45, 17, 23, 1, 71, 83, 24, 14, 60, 36, 85, 57, 40, 95, 88, 65, 56, 79, 94, 67, 68, 46, 75, 38, 58, 19, 32, 81, 41, 62, 87, 28, 90, 59, 11, 16, 72, 73, 69, 52, 37, 64, 84, 3, 25, 29, 55, 51, 7, 98, 61, 66, 99, 33, 89, 48, 50, 96, 53, 80, 4, 8, 27, 2, 39, 13, 0, 92, 49, 74, 34, 70]|[1, 1, 0, 1, 1, 1, 2, 2, 1, 2, 2, 1, 1, 1, 0, 0, 1, 0, 2, 2, 0, 1, 2, 2, 1, 2, 2, 0, 0, 1, 2, 1, 1, 0, 2, 0, 1, 1, 0, 1, 1, 1, 1, 0, 2, 1, 1, 0, 0, 0, 0, 1, 1, 2, 1, 2, 0, 0, 2, 0, 1, 2, 2, 1, 2, 1, 1, 1, 1, 1, 1, 2, 1, 0, 2, 0, 1, 2, 1, 0, 0, 2, 1, 0, 0, 2, 0, 0, 1, 1, 0, 0, 1, 0, 0, 0, 0, 2, 2, 1]|[0, 3, 1, 2, 0, 0, 1, 1, 4, 1, 1, 4, 4, 4, 2, 2, 4, 2, 1, 1, 1, 1, 2, 1, 2, 1, 1, 1, 1, 4, 0, 3, 3, 0, 1, 1, 0, 3, 2, 2, 2, 2, 0, 1, 1, 0, 4, 0, 1, 2, 2, 1, 4, 0, 3, 2, 1, 2, 1, 2, 3, 1, 1, 3, 0, 4, 4, 1, 4, 3, 1, 2, 4, 1, 1, 1, 1, 1, 3, 1, 1, 1, 1, 1, 1, 1, 2, 1, 4, 3, 2, 2, 1, 2, 2, 0, 1, 1, 1, 4]|[1, 1, 1, 1, 3, 3, 0, 0, 0, 0, 0, 2, 0, 1, 0, 0, 3, 1, 0, 0, 0, 3, 1, 0, 2, 0, 0, 0, 1, 3, 0, 0, 0, 0, 1, 0, 0, 2, 1, 1, 1, 1, 0, 0, 0, 0, 2, 1, 0, 0, 0, 1, 3, 0, 0, 1, 0, 1, 0, 1, 2, 0, 0, 2, 1, 0, 2, 1, 1, 0, 3, 1, 3, 0, 0, 0, 2, 0, 0, 0, 0, 0, 1, 0, 0, 0, 1, 0, 0, 2, 1, 0, 1, 0, 0, 1, 1, 0, 0, 2],733.3116759547878,58140.55643565909,96674.14109675489,false
17,G4_BALANCED,G4_BALANCED,[31, 11, 82, 15, 26, 9, 95, 42, 77, 68, 47, 5, 93, 78, 86, 54, 85, 63, 76, 44, 20, 49, 36, 14, 74, 50, 53, 17, 21, 45, 71, 64, 3, 23, 30, 83, 24, 41, 60, 52, 65, 27, 90, 70, 39, 87, 48, 69, 99, 4, 46, 1, 13, 58, 97, 59, 28, 75, 73, 37, 35, 79, 22, 66, 18, 32, 40, 80, 96, 6, 56, 61, 33, 7, 57, 34, 12, 67, 10, 98, 16, 88, 29, 8, 91, 38, 19, 92, 72, 84, 51, 43, 81, 25, 2, 55, 0, 94, 89, 62]|[2, 1, 2, 1, 1, 2, 1, 1, 1, 1, 1, 0, 2, 2, 1, 2, 0, 0, 0, 2, 2, 1, 0, 2, 0, 2, 2, 1, 0, 1, 1, 1, 0, 0, 1, 0, 2, 1, 2, 2, 0, 0, 1, 1, 0, 2, 0, 2, 1, 0, 0, 2, 0, 0, 2, 0, 1, 0, 0, 0, 2, 1, 0, 2, 2, 0, 2, 2, 0, 1, 2, 1, 1, 2, 0, 1, 1, 1, 1, 2, 2, 1, 1, 1, 1, 0, 1, 0, 1, 0, 1, 1, 1, 1, 2, 0, 0, 2, 1, 1]|[0, 3, 0, 2, 4, 1, 4, 4, 2, 4, 3, 2, 1, 0, 2, 1, 1, 1, 2, 1, 1, 3, 0, 1, 0, 1, 1, 4, 1, 4, 3, 2, 2, 0, 4, 1, 1, 4, 0, 1, 2, 1, 4, 4, 1, 1, 0, 2, 3, 1, 2, 1, 2, 1, 1, 2, 4, 2, 0, 2, 2, 3, 1, 0, 1, 2, 0, 1, 2, 4, 1, 3, 4, 1, 2, 4, 3, 3, 3, 1, 1, 4, 3, 3, 3, 2, 4, 2, 4, 2, 3, 4, 1, 4, 1, 2, 2, 1, 4, 3]|[0, 2, 0, 1, 3, 0, 1, 3, 0, 0, 2, 0, 1, 0, 1, 0, 0, 0, 1, 0, 0, 2, 0, 0, 1, 0, 0, 3, 0, 1, 0, 2, 0, 1, 3, 0, 1, 3, 1, 0, 0, 0, 1, 3, 0, 0, 1, 0, 2, 0, 0, 0, 0, 0, 1, 0, 1, 0, 1, 1, 0, 2, 0, 0, 0, 0, 0, 0, 0, 2, 0, 0, 1, 0, 0, 1, 0, 0, 3, 0, 0, 1, 0, 0, 0, 0, 3, 0, 2, 0, 0, 2, 1, 3, 0, 0, 0, 0, 1, 0],839.7308016558047,52103.26715956506,108081.52425448055,false
17,G2_TEC,G2_TEC,[31, 22, 82, 15, 26, 9, 95, 42, 77, 68, 47, 5, 93, 78, 86, 54, 85, 63, 18, 44, 20, 49, 36, 14, 74, 50, 53, 17, 21, 28, 71, 64, 3, 23, 30, 83, 24, 41, 40, 52, 65, 27, 90, 70, 39, 87, 48, 69, 99, 4, 46, 1, 13, 58, 97, 59, 33, 8, 73, 37, 35, 79, 11, 66, 76, 32, 60, 80, 96, 6, 16, 61, 45, 7, 57, 34, 12, 67, 10, 98, 56, 88, 29, 25, 91, 38, 19, 92, 43, 84, 51, 72, 81, 62, 75, 55, 0, 94, 89, 2]|[2, 1, 2, 1, 1, 2, 1, 1, 1, 1, 1, 0, 2, 2, 1, 2, 0, 0, 0, 2, 2, 1, 0, 2, 0, 2, 2, 1, 0, 1, 1, 1, 0, 0, 1, 0, 2, 1, 2, 2, 0, 0, 1, 1, 0, 2, 0, 2, 1, 0, 0, 2, 0, 0, 2, 0, 1, 1, 0, 0, 2, 1, 0, 2, 2, 0, 2, 2, 0, 1, 2, 1, 1, 2, 0, 1, 1, 1, 1, 2, 2, 1, 1, 1, 1, 0, 1, 0, 1, 0, 1, 1, 1, 1, 0, 0, 0, 2, 1, 2]|[0, 3, 0, 3, 4, 1, 4, 4, 2, 4, 3, 2, 1, 0, 2, 1, 1, 1, 2, 1, 1, 3, 0, 1, 0, 1, 1, 4, 1, 4, 3, 2, 2, 0, 4, 1, 1, 4, 0, 1, 2, 1, 4, 4, 1, 1, 0, 2, 3, 1, 2, 1, 2, 1, 1, 2, 4, 3, 0, 2, 2, 3, 1, 0, 1, 2, 0, 1, 2, 4, 1, 3, 4, 1, 2, 4, 3, 3, 3, 1, 1, 4, 3, 4, 3, 2, 4, 2, 4, 2, 3, 4, 1, 3, 2, 2, 2, 1, 4, 1]|[0, 2, 0, 0, 3, 0, 1, 3, 0, 0, 2, 0, 1, 0, 1, 0, 0, 0, 1, 0, 0, 2, 0, 0, 1, 0, 0, 3, 0, 1, 0, 2, 0, 0, 3, 0, 1, 3, 0, 0, 0, 0, 1, 3, 0, 0, 1, 0, 2, 0, 0, 0, 0, 0, 1, 0, 1, 0, 1, 1, 0, 2, 0, 0, 0, 0, 0, 0, 0, 2, 0, 0, 1, 0, 0, 1, 0, 0, 3, 0, 0, 1, 0, 3, 0, 0, 3, 0, 2, 0, 0, 2, 1, 0, 0, 0, 0, 0, 1, 0],891.6145215420967,50894.864215332236,113139.7903882913,false
17,G3_TWC,G1_CMAX,[31, 22, 82, 15, 26, 9, 42, 95, 77, 12, 47, 5, 93, 78, 86, 54, 85, 63, 18, 44, 20, 35, 43, 97, 91, 76, 10, 30, 21, 45, 71, 64, 1, 23, 17, 83, 24, 14, 60, 36, 6, 57, 94, 88, 65, 56, 79, 40, 67, 68, 46, 75, 38, 58, 19, 32, 81, 41, 27, 62, 87, 90, 99, 59, 11, 16, 72, 73, 69, 39, 37, 84, 3, 92, 25, 55, 28, 29, 51, 7, 33, 61, 98, 66, 89, 50, 8, 96, 53, 80, 4, 48, 34, 2, 52, 13, 0, 70, 49, 74]|[1, 1, 0, 1, 1, 1, 2, 1, 2, 1, 2, 2, 2, 1, 1, 0, 0, 1, 0, 2, 2, 0, 1, 2, 0, 1, 2, 2, 0, 0, 1, 2, 1, 2, 1, 0, 2, 0, 1, 1, 0, 1, 1, 1, 0, 2, 1, 1, 0, 0, 0, 0, 1, 1, 2, 1, 2, 0, 0, 0, 2, 1, 0, 1, 2, 1, 2, 1, 1, 1, 1, 1, 1, 0, 1, 2, 0, 0, 0, 1, 2, 1, 0, 2, 1, 0, 1, 0, 0, 0, 0, 0, 2, 0, 1, 0, 0, 1, 0, 2]|[4, 3, 2, 2, 0, 0, 2, 2, 2, 4, 1, 1, 2, 4, 4, 1, 2, 4, 2, 1, 1, 1, 1, 2, 1, 2, 1, 1, 1, 1, 3, 2, 3, 0, 4, 0, 1, 1, 0, 3, 2, 2, 2, 0, 1, 1, 0, 4, 0, 1, 2, 2, 1, 4, 0, 3, 2, 1, 1, 2, 1, 3, 1, 1, 1, 3, 0, 4, 3, 1, 4, 1, 1, 0, 4, 1, 2, 1, 1, 3, 1, 3, 1, 1, 1, 1, 3, 1, 2, 1, 2, 1, 1, 2, 1, 2, 2, 3, 1, 1]|[0, 2, 1, 1, 3, 3, 0, 1, 0, 0, 0, 0, 1, 0, 1, 0, 0, 3, 1, 0, 0, 0, 3, 1, 0, 2, 0, 0, 0, 1, 0, 0, 0, 0, 3, 0, 1, 0, 0, 2, 1, 1, 1, 0, 0, 0, 0, 2, 1, 0, 0, 0, 1, 3, 0, 0, 1, 0, 0, 1, 0, 2, 0, 1, 0, 2, 1, 0, 0, 1, 1, 3, 1, 1, 3, 0, 1, 0, 0, 2, 0, 0, 0, 0, 1, 0, 2, 0, 1, 0, 1, 0, 0, 0, 1, 0, 0, 0, 1, 0],801.427594812029,57868.49349465401,91455.85780813712,true
17,G1_CMAX,G1_CMAX,[31, 22, 82, 15, 26, 9, 42, 77, 12, 5, 47, 93, 78, 86, 54, 6, 63, 18, 44, 20, 35, 43, 97, 91, 76, 10, 30, 21, 45, 17, 23, 1, 71, 83, 24, 14, 60, 36, 85, 57, 40, 95, 88, 65, 56, 79, 94, 67, 68, 46, 75, 38, 58, 19, 32, 81, 41, 62, 87, 28, 90, 59, 11, 16, 72, 73, 69, 52, 37, 64, 84, 3, 25, 29, 55, 51, 7, 98, 61, 66, 99, 33, 89, 48, 50, 96, 53, 80, 4, 8, 27, 2, 39, 13, 0, 92, 49, 74, 34, 70]|[1, 1, 0, 1, 1, 1, 2, 2, 1, 2, 2, 1, 1, 1, 0, 0, 1, 0, 2, 2, 0, 1, 2, 2, 1, 2, 2, 0, 0, 1, 2, 1, 1, 0, 2, 0, 1, 1, 0, 1, 1, 1, 1, 0, 2, 1, 1, 0, 0, 0, 0, 1, 1, 2, 1, 2, 0, 0, 2, 0, 1, 2, 2, 1, 2, 1, 1, 1, 1, 1, 1, 2, 1, 0, 2, 0, 1, 2, 1, 0, 0, 2, 1, 0, 0, 2, 0, 0, 1, 1, 0, 0, 1, 0, 0, 0, 0, 2, 2, 1]|[0, 3, 1, 2, 0, 0, 1, 1, 4, 1, 1, 4, 4, 4, 2, 2, 4, 2, 1, 1, 1, 1, 2, 1, 2, 1, 1, 1, 1, 4, 0, 3, 3, 0, 1, 1, 0, 3, 2, 2, 2, 2, 0, 1, 1, 0, 4, 0, 1, 2, 2, 1, 4, 0, 3, 2, 1, 2, 1, 2, 3, 1, 1, 3, 0, 4, 4, 1, 4, 3, 1, 2, 4, 1, 1, 1, 1, 1, 3, 1, 1, 1, 1, 1, 1, 1, 2, 1, 4, 3, 2, 2, 1, 2, 2, 0, 1, 1, 1, 4]|[1, 1, 1, 1, 3, 3, 0, 0, 0, 0, 0, 2, 0, 1, 0, 0, 3, 1, 0, 0, 0, 3, 1, 0, 2, 0, 0, 0, 1, 3, 0, 0, 0, 0, 1, 0, 0, 2, 1, 1, 1, 1, 0, 0, 0, 0, 2, 1, 0, 0, 0, 1, 3, 0, 0, 1, 0, 1, 0, 1, 2, 0, 0, 2, 1, 0, 2, 1, 1, 0, 3, 1, 3, 0, 0, 0, 2, 0, 0, 0, 0, 0, 1, 0, 0, 0, 1, 0, 0, 2, 1, 0, 1, 0, 0, 1, 1, 0, 0, 2],733.3116759547878,58140.55643565909,96674.14109675489,false
17,G4_BALANCED,G4_BALANCED,[31, 11, 82, 15, 26, 9, 95, 42, 77, 68, 47, 5, 93, 78, 86, 54, 85, 63, 76, 44, 20, 49, 36, 14, 74, 50, 53, 17, 21, 45, 71, 64, 3, 23, 30, 83, 24, 41, 60, 52, 65, 27, 90, 70, 39, 87, 48, 69, 99, 4, 46, 1, 13, 58, 97, 59, 28, 75, 73, 37, 35, 79, 22, 66, 18, 32, 40, 80, 96, 6, 56, 61, 33, 7, 57, 34, 12, 67, 10, 98, 16, 88, 29, 8, 91, 38, 19, 92, 72, 84, 51, 43, 81, 25, 2, 55, 0, 94, 89, 62]|[2, 1, 2, 1, 1, 2, 1, 1, 1, 1, 1, 0, 2, 2, 1, 2, 0, 0, 0, 2, 2, 1, 0, 2, 0, 2, 2, 1, 0, 1, 1, 1, 0, 0, 1, 0, 2, 1, 2, 2, 0, 0, 1, 1, 0, 2, 0, 2, 1, 0, 0, 2, 0, 0, 2, 0, 1, 0, 0, 0, 2, 1, 0, 2, 2, 0, 2, 2, 0, 1, 2, 1, 1, 2, 0, 1, 1, 1, 1, 2, 2, 1, 1, 1, 1, 0, 1, 0, 1, 0, 1, 1, 1, 1, 2, 0, 0, 2, 1, 1]|[0, 3, 0, 2, 4, 1, 4, 4, 2, 4, 3, 2, 1, 0, 2, 1, 1, 1, 2, 1, 1, 3, 0, 1, 0, 1, 1, 4, 1, 4, 3, 2, 2, 0, 4, 1, 1, 4, 0, 1, 2, 1, 4, 4, 1, 1, 0, 2, 3, 1, 2, 1, 2, 1, 1, 2, 4, 2, 0, 2, 2, 3, 1, 0, 1, 2, 0, 1, 2, 4, 1, 3, 4, 1, 2, 4, 3, 3, 3, 1, 1, 4, 3, 3, 3, 2, 4, 2, 4, 2, 3, 4, 1, 4, 1, 2, 2, 1, 4, 3]|[0, 2, 0, 1, 3, 0, 1, 3, 0, 0, 2, 0, 1, 0, 1, 0, 0, 0, 1, 0, 0, 2, 0, 0, 1, 0, 0, 3, 0, 1, 0, 2, 0, 1, 3, 0, 1, 3, 1, 0, 0, 0, 1, 3, 0, 0, 1, 0, 2, 0, 0, 0, 0, 0, 1, 0, 1, 0, 1, 1, 0, 2, 0, 0, 0, 0, 0, 0, 0, 2, 0, 0, 1, 0, 0, 1, 0, 0, 3, 0, 0, 1, 0, 0, 0, 0, 3, 0, 2, 0, 0, 2, 1, 3, 0, 0, 0, 0, 1, 0],839.7308016558047,52103.26715956506,108081.52425448055,false
17,G2_TEC,G2_TEC,[31, 22, 82, 15, 26, 9, 95, 42, 77, 68, 47, 5, 93, 78, 86, 54, 85, 63, 18, 44, 20, 49, 36, 14, 74, 50, 53, 17, 21, 28, 71, 64, 3, 23, 30, 83, 24, 41, 40, 52, 65, 27, 90, 70, 39, 87, 48, 69, 99, 4, 46, 1, 13, 58, 97, 59, 33, 8, 73, 37, 35, 79, 11, 66, 76, 32, 60, 80, 96, 6, 16, 61, 45, 7, 57, 34, 12, 67, 10, 98, 56, 88, 29, 25, 91, 38, 19, 92, 43, 84, 51, 72, 81, 62, 75, 55, 0, 94, 89, 2]|[2, 1, 2, 1, 1, 2, 1, 1, 1, 1, 1, 0, 2, 2, 1, 2, 0, 0, 0, 2, 2, 1, 0, 2, 0, 2, 2, 1, 0, 1, 1, 1, 0, 0, 1, 0, 2, 1, 2, 2, 0, 0, 1, 1, 0, 2, 0, 2, 1, 0, 0, 2, 0, 0, 2, 0, 1, 1, 0, 0, 2, 1, 0, 2, 2, 0, 2, 2, 0, 1, 2, 1, 1, 2, 0, 1, 1, 1, 1, 2, 2, 1, 1, 1, 1, 0, 1, 0, 1, 0, 1, 1, 1, 1, 0, 0, 0, 2, 1, 2]|[0, 3, 0, 3, 4, 1, 4, 4, 2, 4, 3, 2, 1, 0, 2, 1, 1, 1, 2, 1, 1, 3, 0, 1, 0, 1, 1, 4, 1, 4, 3, 2, 2, 0, 4, 1, 1, 4, 0, 1, 2, 1, 4, 4, 1, 1, 0, 2, 3, 1, 2, 1, 2, 1, 1, 2, 4, 3, 0, 2, 2, 3, 1, 0, 1, 2, 0, 1, 2, 4, 1, 3, 4, 1, 2, 4, 3, 3, 3, 1, 1, 4, 3, 4, 3, 2, 4, 2, 4, 2, 3, 4, 1, 3, 2, 2, 2, 1, 4, 1]|[0, 2, 0, 0, 3, 0, 1, 3, 0, 0, 2, 0, 1, 0, 1, 0, 0, 0, 1, 0, 0, 2, 0, 0, 1, 0, 0, 3, 0, 1, 0, 2, 0, 0, 3, 0, 1, 3, 0, 0, 0, 0, 1, 3, 0, 0, 1, 0, 2, 0, 0, 0, 0, 0, 1, 0, 1, 0, 1, 1, 0, 2, 0, 0, 0, 0, 0, 0, 0, 2, 0, 0, 1, 0, 0, 1, 0, 0, 3, 0, 0, 1, 0, 3, 0, 0, 3, 0, 2, 0, 0, 2, 1, 0, 0, 0, 0, 0, 1, 0],891.6145215420967,50894.864215332236,113139.7903882913,false
17,G3_TWC,G1_CMAX,[31, 22, 82, 15, 26, 9, 42, 95, 77, 12, 47, 5, 93, 78, 86, 54, 85, 63, 18, 44, 20, 35, 43, 97, 91, 76, 10, 30, 21, 45, 71, 64, 1, 23, 17, 83, 24, 14, 60, 36, 6, 57, 94, 88, 65, 56, 79, 40, 67, 68, 46, 75, 38, 58, 19, 32, 81, 41, 27, 62, 87, 90, 99, 59, 11, 16, 72, 73, 69, 39, 37, 84, 3, 92, 25, 55, 28, 29, 51, 7, 33, 61, 98, 66, 89, 50, 8, 96, 53, 80, 4, 48, 34, 2, 52, 13, 0, 70, 49, 74]|[1, 1, 0, 1, 1, 1, 2, 1, 2, 1, 2, 2, 2, 1, 1, 0, 0, 1, 0, 2, 2, 0, 1, 2, 0, 1, 2, 2, 0, 0, 1, 2, 1, 2, 1, 0, 2, 0, 1, 1, 0, 1, 1, 1, 0, 2, 1, 1, 0, 0, 0, 0, 1, 1, 2, 1, 2, 0, 0, 0, 2, 1, 0, 1, 2, 1, 2, 1, 1, 1, 1, 1, 1, 0, 1, 2, 0, 0, 0, 1, 2, 1, 0, 2, 1, 0, 1, 0, 0, 0, 0, 0, 2, 0, 1, 0, 0, 1, 0, 2]|[4, 3, 2, 2, 0, 0, 2, 2, 2, 4, 1, 1, 2, 4, 4, 1, 2, 4, 2, 1, 1, 1, 1, 2, 1, 2, 1, 1, 1, 1, 3, 2, 3, 0, 4, 0, 1, 1, 0, 3, 2, 2, 2, 0, 1, 1, 0, 4, 0, 1, 2, 2, 1, 4, 0, 3, 2, 1, 1, 2, 1, 3, 1, 1, 1, 3, 0, 4, 3, 1, 4, 1, 1, 0, 4, 1, 2, 1, 1, 3, 1, 3, 1, 1, 1, 1, 3, 1, 2, 1, 2, 1, 1, 2, 1, 2, 2, 3, 1, 1]|[0, 2, 1, 1, 3, 3, 0, 1, 0, 0, 0, 0, 1, 0, 1, 0, 0, 3, 1, 0, 0, 0, 3, 1, 0, 2, 0, 0, 0, 1, 0, 0, 0, 0, 3, 0, 1, 0, 0, 2, 1, 1, 1, 0, 0, 0, 0, 2, 1, 0, 0, 0, 1, 3, 0, 0, 1, 0, 0, 1, 0, 2, 0, 1, 0, 2, 1, 0, 0, 1, 1, 3, 1, 1, 3, 0, 1, 0, 0, 2, 0, 0, 0, 0, 1, 0, 2, 0, 1, 0, 1, 0, 0, 0, 1, 0, 0, 0, 1, 0],801.427594812029,57868.49349465401,91455.85780813712,true
17,G1_CMAX,G1_CMAX,[31, 22, 82, 15, 26, 9, 42, 77, 12, 5, 47, 93, 78, 86, 54, 6, 63, 18, 44, 20, 35, 43, 97, 91, 76, 10, 30, 21, 45, 17, 23, 1, 71, 83, 24, 14, 60, 36, 85, 57, 40, 95, 88, 65, 56, 79, 94, 67, 68, 46, 75, 38, 58, 19, 32, 81, 41, 62, 87, 28, 90, 59, 11, 16, 72, 73, 69, 52, 37, 64, 84, 3, 25, 29, 55, 51, 7, 98, 61, 66, 99, 33, 89, 48, 50, 96, 53, 80, 4, 8, 27, 2, 39, 13, 0, 92, 49, 74, 34, 70]|[1, 1, 0, 1, 1, 1, 2, 2, 1, 2, 2, 1, 1, 1, 0, 0, 1, 0, 2, 2, 0, 1, 2, 2, 1, 2, 2, 0, 0, 1, 2, 1, 1, 0, 2, 0, 1, 1, 0, 1, 1, 1, 1, 0, 2, 1, 1, 0, 0, 0, 0, 1, 1, 2, 1, 2, 0, 0, 2, 0, 1, 2, 2, 1, 2, 1, 1, 1, 1, 1, 1, 2, 1, 0, 2, 0, 1, 2, 1, 0, 0, 2, 1, 0, 0, 2, 0, 0, 1, 1, 0, 0, 1, 0, 0, 0, 0, 2, 2, 1]|[0, 3, 1, 2, 0, 0, 1, 1, 4, 1, 1, 4, 4, 4, 2, 2, 4, 2, 1, 1, 1, 1, 2, 1, 2, 1, 1, 1, 1, 4, 0, 3, 3, 0, 1, 1, 0, 3, 2, 2, 2, 2, 0, 1, 1, 0, 4, 0, 1, 2, 2, 1, 4, 0, 3, 2, 1, 2, 1, 2, 3, 1, 1, 3, 0, 4, 4, 1, 4, 3, 1, 2, 4, 1, 1, 1, 1, 1, 3, 1, 1, 1, 1, 1, 1, 1, 2, 1, 4, 3, 2, 2, 1, 2, 2, 0, 1, 1, 1, 4]|[1, 1, 1, 1, 3, 3, 0, 0, 0, 0, 0, 2, 0, 1, 0, 0, 3, 1, 0, 0, 0, 3, 1, 0, 2, 0, 0, 0, 1, 3, 0, 0, 0, 0, 1, 0, 0, 2, 1, 1, 1, 1, 0, 0, 0, 0, 2, 1, 0, 0, 0, 1, 3, 0, 0, 1, 0, 1, 0, 1, 2, 0, 0, 2, 1, 0, 2, 1, 1, 0, 3, 1, 3, 0, 0, 0, 2, 0, 0, 0, 0, 0, 1, 0, 0, 0, 1, 0, 0, 2, 1, 0, 1, 0, 0, 1, 1, 0, 0, 2],733.3116759547878,58140.55643565909,96674.14109675489,false
17,G4_BALANCED,G4_BALANCED,[31, 11, 82, 15, 26, 9, 95, 42, 77, 68, 47, 5, 93, 78, 86, 54, 85, 63, 76, 44, 20, 49, 36, 14, 74, 50, 53, 17, 21, 45, 71, 64, 3, 23, 30, 83, 24, 41, 60, 52, 65, 27, 90, 70, 39, 87, 48, 69, 99, 4, 46, 1, 13, 58, 97, 59, 28, 75, 73, 37, 35, 79, 22, 66, 18, 32, 40, 80, 96, 6, 56, 61, 33, 7, 57, 34, 12, 67, 10, 98, 16, 88, 29, 8, 91, 38, 19, 92, 72, 84, 51, 43, 81, 25, 2, 55, 0, 94, 89, 62]|[2, 1, 2, 1, 1, 2, 1, 1, 1, 1, 1, 0, 2, 2, 1, 2, 0, 0, 0, 2, 2, 1, 0, 2, 0, 2, 2, 1, 0, 1, 1, 1, 0, 0, 1, 0, 2, 1, 2, 2, 0, 0, 1, 1, 0, 2, 0, 2, 1, 0, 0, 2, 0, 0, 2, 0, 1, 0, 0, 0, 2, 1, 0, 2, 2, 0, 2, 2, 0, 1, 2, 1, 1, 2, 0, 1, 1, 1, 1, 2, 2, 1, 1, 1, 1, 0, 1, 0, 1, 0, 1, 1, 1, 1, 2, 0, 0, 2, 1, 1]|[0, 3, 0, 2, 4, 1, 4, 4, 2, 4, 3, 2, 1, 0, 2, 1, 1, 1, 2, 1, 1, 3, 0, 1, 0, 1, 1, 4, 1, 4, 3, 2, 2, 0, 4, 1, 1, 4, 0, 1, 2, 1, 4, 4, 1, 1, 0, 2, 3, 1, 2, 1, 2, 1, 1, 2, 4, 2, 0, 2, 2, 3, 1, 0, 1, 2, 0, 1, 2, 4, 1, 3, 4, 1, 2, 4, 3, 3, 3, 1, 1, 4, 3, 3, 3, 2, 4, 2, 4, 2, 3, 4, 1, 4, 1, 2, 2, 1, 4, 3]|[0, 2, 0, 1, 3, 0, 1, 3, 0, 0, 2, 0, 1, 0, 1, 0, 0, 0, 1, 0, 0, 2, 0, 0, 1, 0, 0, 3, 0, 1, 0, 2, 0, 1, 3, 0, 1, 3, 1, 0, 0, 0, 1, 3, 0, 0, 1, 0, 2, 0, 0, 0, 0, 0, 1, 0, 1, 0, 1, 1, 0, 2, 0, 0, 0, 0, 0, 0, 0, 2, 0, 0, 1, 0, 0, 1, 0, 0, 3, 0, 0, 1, 0, 0, 0, 0, 3, 0, 2, 0, 0, 2, 1, 3, 0, 0, 0, 0, 1, 0],839.7308016558047,52103.26715956506,108081.52425448055,false
17,G2_TEC,G2_TEC,[31, 22, 82, 15, 26, 9, 95, 42, 77, 68, 47, 5, 93, 78, 86, 54, 85, 63, 18, 44, 20, 49, 36, 14, 74, 50, 53, 17, 21, 28, 71, 64, 3, 23, 30, 83, 24, 41, 40, 52, 65, 27, 90, 70, 39, 87, 48, 69, 99, 4, 46, 1, 13, 58, 97, 59, 33, 8, 73, 37, 35, 79, 11, 66, 76, 32, 60, 80, 96, 6, 16, 61, 45, 7, 57, 34, 12, 67, 10, 98, 56, 88, 29, 25, 91, 38, 19, 92, 43, 84, 51, 72, 81, 62, 75, 55, 0, 94, 89, 2]|[2, 1, 2, 1, 1, 2, 1, 1, 1, 1, 1, 0, 2, 2, 1, 2, 0, 0, 0, 2, 2, 1, 0, 2, 0, 2, 2, 1, 0, 1, 1, 1, 0, 0, 1, 0, 2, 1, 2, 2, 0, 0, 1, 1, 0, 2, 0, 2, 1, 0, 0, 2, 0, 0, 2, 0, 1, 1, 0, 0, 2, 1, 0, 2, 2, 0, 2, 2, 0, 1, 2, 1, 1, 2, 0, 1, 1, 1, 1, 2, 2, 1, 1, 1, 1, 0, 1, 0, 1, 0, 1, 1, 1, 1, 0, 0, 0, 2, 1, 2]|[0, 3, 0, 3, 4, 1, 4, 4, 2, 4, 3, 2, 1, 0, 2, 1, 1, 1, 2, 1, 1, 3, 0, 1, 0, 1, 1, 4, 1, 4, 3, 2, 2, 0, 4, 1, 1, 4, 0, 1, 2, 1, 4, 4, 1, 1, 0, 2, 3, 1, 2, 1, 2, 1, 1, 2, 4, 3, 0, 2, 2, 3, 1, 0, 1, 2, 0, 1, 2, 4, 1, 3, 4, 1, 2, 4, 3, 3, 3, 1, 1, 4, 3, 4, 3, 2, 4, 2, 4, 2, 3, 4, 1, 3, 2, 2, 2, 1, 4, 1]|[0, 2, 0, 0, 3, 0, 1, 3, 0, 0, 2, 0, 1, 0, 1, 0, 0, 0, 1, 0, 0, 2, 0, 0, 1, 0, 0, 3, 0, 1, 0, 2, 0, 0, 3, 0, 1, 3, 0, 0, 0, 0, 1, 3, 0, 0, 1, 0, 2, 0, 0, 0, 0, 0, 1, 0, 1, 0, 1, 1, 0, 2, 0, 0, 0, 0, 0, 0, 0, 2, 0, 0, 1, 0, 0, 1, 0, 0, 3, 0, 0, 1, 0, 3, 0, 0, 3, 0, 2, 0, 0, 2, 1, 0, 0, 0, 0, 0, 1, 0],891.6145215420967,50894.864215332236,113139.7903882913,false
17,G3_TWC,G1_CMAX,[31, 22, 82, 15, 26, 9, 42, 95, 77, 12, 47, 5, 93, 78, 86, 54, 85, 63, 18, 44, 20, 35, 43, 97, 91, 76, 10, 30, 21, 45, 71, 64, 1, 23, 17, 83, 24, 14, 60, 36, 6, 57, 94, 88, 65, 56, 79, 40, 67, 68, 46, 75, 38, 58, 19, 32, 81, 41, 27, 62, 87, 90, 99, 59, 11, 16, 72, 73, 69, 39, 37, 84, 3, 92, 25, 55, 28, 29, 51, 7, 33, 61, 98, 66, 89, 50, 8, 96, 53, 80, 4, 48, 34, 2, 52, 13, 0, 70, 49, 74]|[1, 1, 0, 1, 1, 1, 2, 1, 2, 1, 2, 2, 2, 1, 1, 0, 0, 1, 0, 2, 2, 0, 1, 2, 0, 1, 2, 2, 0, 0, 1, 2, 1, 2, 1, 0, 2, 0, 1, 1, 0, 1, 1, 1, 0, 2, 1, 1, 0, 0, 0, 0, 1, 1, 2, 1, 2, 0, 0, 0, 2, 1, 0, 1, 2, 1, 2, 1, 1, 1, 1, 1, 1, 0, 1, 2, 0, 0, 0, 1, 2, 1, 0, 2, 1, 0, 1, 0, 0, 0, 0, 0, 2, 0, 1, 0, 0, 1, 0, 2]|[4, 3, 2, 2, 0, 0, 2, 2, 2, 4, 1, 1, 2, 4, 4, 1, 2, 4, 2, 1, 1, 1, 1, 2, 1, 2, 1, 1, 1, 1, 3, 2, 3, 0, 4, 0, 1, 1, 0, 3, 2, 2, 2, 0, 1, 1, 0, 4, 0, 1, 2, 2, 1, 4, 0, 3, 2, 1, 1, 2, 1, 3, 1, 1, 1, 3, 0, 4, 3, 1, 4, 1, 1, 0, 4, 1, 2, 1, 1, 3, 1, 3, 1, 1, 1, 1, 3, 1, 2, 1, 2, 1, 1, 2, 1, 2, 2, 3, 1, 1]|[0, 2, 1, 1, 3, 3, 0, 1, 0, 0, 0, 0, 1, 0, 1, 0, 0, 3, 1, 0, 0, 0, 3, 1, 0, 2, 0, 0, 0, 1, 0, 0, 0, 0, 3, 0, 1, 0, 0, 2, 1, 1, 1, 0, 0, 0, 0, 2, 1, 0, 0, 0, 1, 3, 0, 0, 1, 0, 0, 1, 0, 2, 0, 1, 0, 2, 1, 0, 0, 1, 1, 3, 1, 1, 3, 0, 1, 0, 0, 2, 0, 0, 0, 0, 1, 0, 2, 0, 1, 0, 1, 0, 0, 0, 1, 0, 0, 0, 1, 0],801.427594812029,57868.49349465401,91455.85780813712,true
17,G1_CMAX,G1_CMAX,[31, 22, 82, 15, 26, 9, 42, 77, 12, 5, 47, 93, 78, 86, 54, 6, 63, 18, 44, 20, 35, 43, 97, 91, 76, 10, 30, 21, 45, 17, 23, 1, 71, 83, 24, 14, 60, 36, 85, 57, 40, 95, 88, 65, 56, 79, 94, 67, 68, 46, 75, 38, 58, 19, 32, 81, 41, 62, 87, 28, 90, 59, 11, 16, 72, 73, 69, 52, 37, 64, 84, 3, 25, 29, 55, 51, 7, 98, 61, 66, 99, 33, 89, 48, 50, 96, 53, 80, 4, 8, 27, 2, 39, 13, 0, 92, 49, 74, 34, 70]|[1, 1, 0, 1, 1, 1, 2, 2, 1, 2, 2, 1, 1, 1, 0, 0, 1, 0, 2, 2, 0, 1, 2, 2, 1, 2, 2, 0, 0, 1, 2, 1, 1, 0, 2, 0, 1, 1, 0, 1, 1, 1, 1, 0, 2, 1, 1, 0, 0, 0, 0, 1, 1, 2, 1, 2, 0, 0, 2, 0, 1, 2, 2, 1, 2, 1, 1, 1, 1, 1, 1, 2, 1, 0, 2, 0, 1, 2, 1, 0, 0, 2, 1, 0, 0, 2, 0, 0, 1, 1, 0, 0, 1, 0, 0, 0, 0, 2, 2, 1]|[0, 3, 1, 2, 0, 0, 1, 1, 4, 1, 1, 4, 4, 4, 2, 2, 4, 2, 1, 1, 1, 1, 2, 1, 2, 1, 1, 1, 1, 4, 0, 3, 3, 0, 1, 1, 0, 3, 2, 2, 2, 2, 0, 1, 1, 0, 4, 0, 1, 2, 2, 1, 4, 0, 3, 2, 1, 2, 1, 2, 3, 1, 1, 3, 0, 4, 4, 1, 4, 3, 1, 2, 4, 1, 1, 1, 1, 1, 3, 1, 1, 1, 1, 1, 1, 1, 2, 1, 4, 3, 2, 2, 1, 2, 2, 0, 1, 1, 1, 4]|[1, 1, 1, 1, 3, 3, 0, 0, 0, 0, 0, 2, 0, 1, 0, 0, 3, 1, 0, 0, 0, 3, 1, 0, 2, 0, 0, 0, 1, 3, 0, 0, 0, 0, 1, 0, 0, 2, 1, 1, 1, 1, 0, 0, 0, 0, 2, 1, 0, 0, 0, 1, 3, 0, 0, 1, 0, 1, 0, 1, 2, 0, 0, 2, 1, 0, 2, 1, 1, 0, 3, 1, 3, 0, 0, 0, 2, 0, 0, 0, 0, 0, 1, 0, 0, 0, 1, 0, 0, 2, 1, 0, 1, 0, 0, 1, 1, 0, 0, 2],733.3116759547878,58140.55643565909,96674.14109675489,false
17,G4_BALANCED,G4_BALANCED,[31, 11, 82, 15, 26, 9, 95, 42, 77, 68, 47, 5, 93, 78, 86, 54, 85, 63, 76, 44, 20, 49, 36, 14, 74, 50, 53, 17, 21, 45, 71, 64, 3, 23, 30, 83, 24, 41, 60, 52, 65, 27, 90, 70, 39, 87, 48, 69, 99, 4, 46, 1, 13, 58, 97, 59, 28, 75, 73, 37, 35, 79, 22, 66, 18, 32, 40, 80, 96, 6, 56, 61, 33, 7, 57, 34, 12, 67, 10, 98, 16, 88, 29, 8, 91, 38, 19, 92, 72, 84, 51, 43, 81, 25, 2, 55, 0, 94, 89, 62]|[2, 1, 2, 1, 1, 2, 1, 1, 1, 1, 1, 0, 2, 2, 1, 2, 0, 0, 0, 2, 2, 1, 0, 2, 0, 2, 2, 1, 0, 1, 1, 1, 0, 0, 1, 0, 2, 1, 2, 2, 0, 0, 1, 1, 0, 2, 0, 2, 1, 0, 0, 2, 0, 0, 2, 0, 1, 0, 0, 0, 2, 1, 0, 2, 2, 0, 2, 2, 0, 1, 2, 1, 1, 2, 0, 1, 1, 1, 1, 2, 2, 1, 1, 1, 1, 0, 1, 0, 1, 0, 1, 1, 1, 1, 2, 0, 0, 2, 1, 1]|[0, 3, 0, 2, 4, 1, 4, 4, 2, 4, 3, 2, 1, 0, 2, 1, 1, 1, 2, 1, 1, 3, 0, 1, 0, 1, 1, 4, 1, 4, 3, 2, 2, 0, 4, 1, 1, 4, 0, 1, 2, 1, 4, 4, 1, 1, 0, 2, 3, 1, 2, 1, 2, 1, 1, 2, 4, 2, 0, 2, 2, 3, 1, 0, 1, 2, 0, 1, 2, 4, 1, 3, 4, 1, 2, 4, 3, 3, 3, 1, 1, 4, 3, 3, 3, 2, 4, 2, 4, 2, 3, 4, 1, 4, 1, 2, 2, 1, 4, 3]|[0, 2, 0, 1, 3, 0, 1, 3, 0, 0, 2, 0, 1, 0, 1, 0, 0, 0, 1, 0, 0, 2, 0, 0, 1, 0, 0, 3, 0, 1, 0, 2, 0, 1, 3, 0, 1, 3, 1, 0, 0, 0, 1, 3, 0, 0, 1, 0, 2, 0, 0, 0, 0, 0, 1, 0, 1, 0, 1, 1, 0, 2, 0, 0, 0, 0, 0, 0, 0, 2, 0, 0, 1, 0, 0, 1, 0, 0, 3, 0, 0, 1, 0, 0, 0, 0, 3, 0, 2, 0, 0, 2, 1, 3, 0, 0, 0, 0, 1, 0],839.7308016558047,52103.26715956506,108081.52425448055,false
17,G2_TEC,G2_TEC,[31, 22, 82, 15, 26, 9, 95, 42, 77, 68, 47, 5, 93, 78, 86, 54, 85, 63, 18, 44, 20, 49, 36, 14, 74, 50, 53, 17, 21, 28, 71, 64, 3, 23, 30, 83, 24, 41, 40, 52, 65, 27, 90, 70, 39, 87, 48, 69, 99, 4, 46, 1, 13, 58, 97, 59, 33, 8, 73, 37, 35, 79, 11, 66, 76, 32, 60, 80, 96, 6, 16, 61, 45, 7, 57, 34, 12, 67, 10, 98, 56, 88, 29, 25, 91, 38, 19, 92, 43, 84, 51, 72, 81, 62, 75, 55, 0, 94, 89, 2]|[2, 1, 2, 1, 1, 2, 1, 1, 1, 1, 1, 0, 2, 2, 1, 2, 0, 0, 0, 2, 2, 1, 0, 2, 0, 2, 2, 1, 0, 1, 1, 1, 0, 0, 1, 0, 2, 1, 2, 2, 0, 0, 1, 1, 0, 2, 0, 2, 1, 0, 0, 2, 0, 0, 2, 0, 1, 1, 0, 0, 2, 1, 0, 2, 2, 0, 2, 2, 0, 1, 2, 1, 1, 2, 0, 1, 1, 1, 1, 2, 2, 1, 1, 1, 1, 0, 1, 0, 1, 0, 1, 1, 1, 1, 0, 0, 0, 2, 1, 2]|[0, 3, 0, 3, 4, 1, 4, 4, 2, 4, 3, 2, 1, 0, 2, 1, 1, 1, 2, 1, 1, 3, 0, 1, 0, 1, 1, 4, 1, 4, 3, 2, 2, 0, 4, 1, 1, 4, 0, 1, 2, 1, 4, 4, 1, 1, 0, 2, 3, 1, 2, 1, 2, 1, 1, 2, 4, 3, 0, 2, 2, 3, 1, 0, 1, 2, 0, 1, 2, 4, 1, 3, 4, 1, 2, 4, 3, 3, 3, 1, 1, 4, 3, 4, 3, 2, 4, 2, 4, 2, 3, 4, 1, 3, 2, 2, 2, 1, 4, 1]|[0, 2, 0, 0, 3, 0, 1, 3, 0, 0, 2, 0, 1, 0, 1, 0, 0, 0, 1, 0, 0, 2, 0, 0, 1, 0, 0, 3, 0, 1, 0, 2, 0, 0, 3, 0, 1, 3, 0, 0, 0, 0, 1, 3, 0, 0, 1, 0, 2, 0, 0, 0, 0, 0, 1, 0, 1, 0, 1, 1, 0, 2, 0, 0, 0, 0, 0, 0, 0, 2, 0, 0, 1, 0, 0, 1, 0, 0, 3, 0, 0, 1, 0, 3, 0, 0, 3, 0, 2, 0, 0, 2, 1, 0, 0, 0, 0, 0, 1, 0],891.6145215420967,50894.864215332236,113139.7903882913,false
17,G3_TWC,G1_CMAX,[31, 22, 82, 15, 26, 9, 42, 95, 77, 12, 47, 5, 93, 78, 86, 54, 85, 63, 18, 44, 20, 35, 43, 97, 91, 76, 10, 30, 21, 45, 71, 64, 1, 23, 17, 83, 24, 14, 60, 36, 6, 57, 94, 88, 65, 56, 79, 40, 67, 68, 46, 75, 38, 58, 19, 32, 81, 41, 27, 62, 87, 90, 99, 59, 11, 16, 72, 73, 69, 39, 37, 84, 3, 92, 25, 55, 28, 29, 51, 7, 33, 61, 98, 66, 89, 50, 8, 96, 53, 80, 4, 48, 34, 2, 52, 13, 0, 70, 49, 74]|[1, 1, 0, 1, 1, 1, 2, 1, 2, 1, 2, 2, 2, 1, 1, 0, 0, 1, 0, 2, 2, 0, 1, 2, 0, 1, 2, 2, 0, 0, 1, 2, 1, 2, 1, 0, 2, 0, 1, 1, 0, 1, 1, 1, 0, 2, 1, 1, 0, 0, 0, 0, 1, 1, 2, 1, 2, 0, 0, 0, 2, 1, 0, 1, 2, 1, 2, 1, 1, 1, 1, 1, 1, 0, 1, 2, 0, 0, 0, 1, 2, 1, 0, 2, 1, 0, 1, 0, 0, 0, 0, 0, 2, 0, 1, 0, 0, 1, 0, 2]|[4, 3, 2, 2, 0, 0, 2, 2, 2, 4, 1, 1, 2, 4, 4, 1, 2, 4, 2, 1, 1, 1, 1, 2, 1, 2, 1, 1, 1, 1, 3, 2, 3, 0, 4, 0, 1, 1, 0, 3, 2, 2, 2, 0, 1, 1, 0, 4, 0, 1, 2, 2, 1, 4, 0, 3, 2, 1, 1, 2, 1, 3, 1, 1, 1, 3, 0, 4, 3, 1, 4, 1, 1, 0, 4, 1, 2, 1, 1, 3, 1, 3, 1, 1, 1, 1, 3, 1, 2, 1, 2, 1, 1, 2, 1, 2, 2, 3, 1, 1]|[0, 2, 1, 1, 3, 3, 0, 1, 0, 0, 0, 0, 1, 0, 1, 0, 0, 3, 1, 0, 0, 0, 3, 1, 0, 2, 0, 0, 0, 1, 0, 0, 0, 0, 3, 0, 1, 0, 0, 2, 1, 1, 1, 0, 0, 0, 0, 2, 1, 0, 0, 0, 1, 3, 0, 0, 1, 0, 0, 1, 0, 2, 0, 1, 0, 2, 1, 0, 0, 1, 1, 3, 1, 1, 3, 0, 1, 0, 0, 2, 0, 0, 0, 0, 1, 0, 2, 0, 1, 0, 1, 0, 0, 0, 1, 0, 0, 0, 1, 0],801.427594812029,57868.49349465401,91455.85780813712,true
17,G1_CMAX,G1_CMAX,[31, 22, 82, 15, 26, 9, 42, 77, 12, 5, 47, 93, 78, 86, 54, 6, 63, 18, 44, 20, 35, 43, 97, 91, 76, 10, 30, 21, 45, 17, 23, 1, 71, 83, 24, 14, 60, 36, 85, 57, 40, 95, 88, 65, 56, 79, 94, 67, 68, 46, 75, 38, 58, 19, 32, 81, 41, 62, 87, 28, 90, 59, 11, 16, 72, 73, 69, 52, 37, 64, 84, 3, 25, 29, 55, 51, 7, 98, 61, 66, 99, 33, 89, 48, 50, 96, 53, 80, 4, 8, 27, 2, 39, 13, 0, 92, 49, 74, 34, 70]|[1, 1, 0, 1, 1, 1, 2, 2, 1, 2, 2, 1, 1, 1, 0, 0, 1, 0, 2, 2, 0, 1, 2, 2, 1, 2, 2, 0, 0, 1, 2, 1, 1, 0, 2, 0, 1, 1, 0, 1, 1, 1, 1, 0, 2, 1, 1, 0, 0, 0, 0, 1, 1, 2, 1, 2, 0, 0, 2, 0, 1, 2, 2, 1, 2, 1, 1, 1, 1, 1, 1, 2, 1, 0, 2, 0, 1, 2, 1, 0, 0, 2, 1, 0, 0, 2, 0, 0, 1, 1, 0, 0, 1, 0, 0, 0, 0, 2, 2, 1]|[0, 3, 1, 2, 0, 0, 1, 1, 4, 1, 1, 4, 4, 4, 2, 2, 4, 2, 1, 1, 1, 1, 2, 1, 2, 1, 1, 1, 1, 4, 0, 3, 3, 0, 1, 1, 0, 3, 2, 2, 2, 2, 0, 1, 1, 0, 4, 0, 1, 2, 2, 1, 4, 0, 3, 2, 1, 2, 1, 2, 3, 1, 1, 3, 0, 4, 4, 1, 4, 3, 1, 2, 4, 1, 1, 1, 1, 1, 3, 1, 1, 1, 1, 1, 1, 1, 2, 1, 4, 3, 2, 2, 1, 2, 2, 0, 1, 1, 1, 4]|[1, 1, 1, 1, 3, 3, 0, 0, 0, 0, 0, 2, 0, 1, 0, 0, 3, 1, 0, 0, 0, 3, 1, 0, 2, 0, 0, 0, 1, 3, 0, 0, 0, 0, 1, 0, 0, 2, 1, 1, 1, 1, 0, 0, 0, 0, 2, 1, 0, 0, 0, 1, 3, 0, 0, 1, 0, 1, 0, 1, 2, 0, 0, 2, 1, 0, 2, 1, 1, 0, 3, 1, 3, 0, 0, 0, 2, 0, 0, 0, 0, 0, 1, 0, 0, 0, 1, 0, 0, 2, 1, 0, 1, 0, 0, 1, 1, 0, 0, 2],733.3116759547878,58140.55643565909,96674.14109675489,false
17,G4_BALANCED,G4_BALANCED,[31, 11, 82, 15, 26, 9, 95, 42, 77, 68, 47, 5, 93, 78, 86, 54, 85, 63, 76, 44, 20, 49, 36, 14, 74, 50, 53, 17, 21, 45, 71, 64, 3, 23, 30, 83, 24, 41, 60, 52, 65, 27, 90, 70, 39, 87, 48, 69, 99, 4, 46, 1, 13, 58, 97, 59, 28, 75, 73, 37, 35, 79, 22, 66, 18, 32, 40, 80, 96, 6, 56, 61, 33, 7, 57, 34, 12, 67, 10, 98, 16, 88, 29, 8, 91, 38, 19, 92, 72, 84, 51, 43, 81, 25, 2, 55, 0, 94, 89, 62]|[2, 1, 2, 1, 1, 2, 1, 1, 1, 1, 1, 0, 2, 2, 1, 2, 0, 0, 0, 2, 2, 1, 0, 2, 0, 2, 2, 1, 0, 1, 1, 1, 0, 0, 1, 0, 2, 1, 2, 2, 0, 0, 1, 1, 0, 2, 0, 2, 1, 0, 0, 2, 0, 0, 2, 0, 1, 0, 0, 0, 2, 1, 0, 2, 2, 0, 2, 2, 0, 1, 2, 1, 1, 2, 0, 1, 1, 1, 1, 2, 2, 1, 1, 1, 1, 0, 1, 0, 1, 0, 1, 1, 1, 1, 2, 0, 0, 2, 1, 1]|[0, 3, 0, 2, 4, 1, 4, 4, 2, 4, 3, 2, 1, 0, 2, 1, 1, 1, 2, 1, 1, 3, 0, 1, 0, 1, 1, 4, 1, 4, 3, 2, 2, 0, 4, 1, 1, 4, 0, 1, 2, 1, 4, 4, 1, 1, 0, 2, 3, 1, 2, 1, 2, 1, 1, 2, 4, 2, 0, 2, 2, 3, 1, 0, 1, 2, 0, 1, 2, 4, 1, 3, 4, 1, 2, 4, 3, 3, 3, 1, 1, 4, 3, 3, 3, 2, 4, 2, 4, 2, 3, 4, 1, 4, 1, 2, 2, 1, 4, 3]|[0, 2, 0, 1, 3, 0, 1, 3, 0, 0, 2, 0, 1, 0, 1, 0, 0, 0, 1, 0, 0, 2, 0, 0, 1, 0, 0, 3, 0, 1, 0, 2, 0, 1, 3, 0, 1, 3, 1, 0, 0, 0, 1, 3, 0, 0, 1, 0, 2, 0, 0, 0, 0, 0, 1, 0, 1, 0, 1, 1, 0, 2, 0, 0, 0, 0, 0, 0, 0, 2, 0, 0, 1, 0, 0, 1, 0, 0, 3, 0, 0, 1, 0, 0, 0, 0, 3, 0, 2, 0, 0, 2, 1, 3, 0, 0, 0, 0, 1, 0],839.7308016558047,52103.26715956506,108081.52425448055,false
17,G2_TEC,G2_TEC,[31, 22, 82, 15, 26, 9, 95, 42, 77, 68, 47, 5, 93, 78, 86, 54, 85, 63, 18, 44, 20, 49, 36, 14, 74, 50, 53, 17, 21, 28, 71, 64, 3, 23, 30, 83, 24, 41, 40, 52, 65, 27, 90, 70, 39, 87, 48, 69, 99, 4, 46, 1, 13, 58, 97, 59, 33, 8, 73, 37, 35, 79, 11, 66, 76, 32, 60, 80, 96, 6, 16, 61, 45, 7, 57, 34, 12, 67, 10, 98, 56, 88, 29, 25, 91, 38, 19, 92, 43, 84, 51, 72, 81, 75, 2, 55, 0, 89, 94, 62]|[2, 1, 2, 1, 1, 2, 1, 1, 1, 1, 1, 0, 2, 2, 1, 2, 0, 0, 0, 2, 2, 1, 0, 2, 0, 2, 2, 1, 0, 1, 1, 1, 0, 0, 1, 0, 2, 1, 2, 2, 0, 0, 1, 1, 0, 2, 0, 2, 1, 0, 0, 2, 0, 0, 2, 0, 1, 1, 0, 0, 2, 1, 0, 2, 2, 0, 2, 2, 0, 1, 2, 1, 1, 2, 0, 1, 1, 1, 1, 2, 2, 1, 1, 1, 1, 0, 1, 0, 2, 0, 1, 1, 1, 0, 2, 0, 0, 1, 1, 1]|[0, 3, 0, 3, 4, 1, 4, 4, 2, 4, 3, 2, 1, 0, 2, 1, 1, 1, 2, 1, 1, 3, 0, 1, 0, 1, 1, 4, 1, 4, 3, 2, 2, 0, 4, 1, 1, 4, 0, 1, 2, 1, 4, 4, 1, 1, 0, 2, 3, 1, 2, 1, 2, 1, 1, 2, 4, 3, 0, 2, 2, 3, 1, 0, 1, 2, 0, 1, 2, 4, 1, 3, 4, 1, 2, 4, 3, 3, 3, 1, 1, 4, 3, 4, 3, 2, 4, 2, 1, 2, 3, 4, 1, 2, 1, 2, 2, 4, 4, 3]|[0, 2, 0, 0, 3, 0, 1, 3, 0, 0, 2, 0, 1, 0, 1, 0, 0, 0, 1, 0, 0, 2, 0, 0, 1, 0, 0, 3, 0, 1, 0, 2, 0, 0, 3, 0, 1, 3, 0, 0, 0, 0, 1, 3, 0, 0, 1, 0, 2, 0, 0, 0, 0, 0, 1, 0, 1, 0, 1, 1, 0, 2, 0, 0, 0, 0, 0, 0, 0, 2, 0, 0, 1, 0, 0, 1, 0, 0, 3, 0, 0, 1, 0, 3, 0, 0, 3, 0, 1, 0, 0, 2, 1, 0, 0, 0, 0, 1, 2, 0],891.6145215420967,50889.187812381075,112925.79037782483,false
17,G3_TWC,G1_CMAX,[31, 22, 82, 15, 26, 9, 42, 95, 77, 12, 47, 5, 93, 78, 86, 54, 85, 63, 18, 44, 20, 35, 43, 97, 91, 76, 10, 30, 21, 45, 71, 64, 1, 23, 17, 83, 24, 14, 60, 36, 6, 57, 94, 88, 65, 56, 79, 40, 67, 68, 46, 75, 38, 58, 19, 32, 81, 41, 27, 62, 87, 90, 99, 59, 11, 16, 72, 73, 69, 39, 37, 84, 3, 92, 25, 55, 28, 29, 51, 7, 33, 61, 98, 66, 89, 50, 8, 96, 53, 80, 4, 48, 34, 2, 52, 13, 0, 70, 49, 74]|[1, 1, 0, 1, 1, 1, 2, 1, 2, 1, 2, 2, 2, 1, 1, 0, 0, 1, 0, 2, 2, 0, 1, 2, 0, 1, 2, 2, 0, 0, 1, 2, 1, 2, 1, 0, 2, 0, 1, 1, 0, 1, 1, 1, 0, 2, 1, 1, 0, 0, 0, 0, 1, 1, 2, 1, 2, 0, 0, 0, 2, 1, 0, 1, 2, 1, 2, 1, 1, 1, 1, 1, 1, 0, 1, 2, 0, 0, 0, 1, 2, 1, 0, 2, 1, 0, 1, 0, 0, 0, 0, 0, 2, 0, 1, 0, 0, 1, 0, 2]|[4, 3, 2, 2, 0, 0, 2, 2, 2, 4, 1, 1, 2, 4, 4, 1, 2, 4, 2, 1, 1, 1, 1, 2, 1, 2, 1, 1, 1, 1, 3, 2, 3, 0, 4, 0, 1, 1, 0, 3, 2, 2, 2, 0, 1, 1, 0, 4, 0, 1, 2, 2, 1, 4, 0, 3, 2, 1, 1, 2, 1, 3, 1, 1, 1, 3, 0, 4, 3, 1, 4, 1, 1, 0, 4, 1, 2, 1, 1, 3, 1, 3, 1, 1, 1, 1, 3, 1, 2, 1, 2, 1, 1, 2, 1, 2, 2, 3, 1, 1]|[0, 2, 1, 1, 3, 3, 0, 1, 0, 0, 0, 0, 1, 0, 1, 0, 0, 3, 1, 0, 0, 0, 3, 1, 0, 2, 0, 0, 0, 1, 0, 0, 0, 0, 3, 0, 1, 0, 0, 2, 1, 1, 1, 0, 0, 0, 0, 2, 1, 0, 0, 0, 1, 3, 0, 0, 1, 0, 0, 1, 0, 2, 0, 1, 0, 2, 1, 0, 0, 1, 1, 3, 1, 1, 3, 0, 1, 0, 0, 2, 0, 0, 0, 0, 1, 0, 2, 0, 1, 0, 1, 0, 0, 0, 1, 0, 0, 0, 1, 0],801.427594812029,57868.49349465401,91455.85780813712,true
17,G1_CMAX,G4_BALANCED,[31, 22, 82, 15, 26, 9, 95, 42, 77, 68, 47, 5, 93, 78, 86, 54, 85, 63, 18, 44, 20, 49, 36, 14, 74, 50, 53, 17, 21, 28, 71, 64, 3, 23, 30, 83, 24, 41, 60, 52, 65, 27, 90, 70, 39, 87, 48, 69, 99, 4, 46, 1, 13, 58, 97, 59, 45, 8, 73, 37, 35, 79, 11, 66, 76, 32, 40, 80, 96, 6, 16, 61, 33, 7, 57, 34, 12, 67, 72, 98, 56, 84, 29, 75, 91, 38, 19, 92, 43, 88, 51, 10, 81, 25, 2, 55, 0, 94, 89, 62]|[2, 1, 2, 1, 1, 2, 1, 1, 1, 1, 1, 0, 2, 2, 1, 2, 0, 0, 0, 2, 2, 1, 0, 2, 0, 2, 2, 1, 0, 1, 1, 1, 0, 0, 1, 0, 2, 1, 2, 2, 0, 0, 1, 1, 0, 2, 0, 2, 1, 0, 0, 2, 0, 0, 2, 0, 1, 1, 0, 0, 2, 1, 0, 2, 2, 0, 2, 2, 0, 1, 2, 1, 1, 2, 0, 1, 1, 1, 1, 2, 2, 0, 1, 0, 1, 0, 1, 0, 0, 1, 1, 1, 1, 1, 2, 0, 0, 2, 1, 1]|[0, 3, 0, 3, 4, 1, 4, 4, 2, 4, 3, 2, 1, 0, 2, 1, 1, 1, 2, 1, 1, 3, 0, 1, 0, 1, 1, 4, 1, 4, 3, 2, 2, 0, 4, 1, 1, 4, 0, 1, 2, 1, 4, 4, 1, 1, 0, 2, 3, 1, 2, 1, 2, 1, 1, 2, 4, 3, 0, 2, 2, 3, 1, 0, 1, 2, 0, 1, 2, 4, 1, 3, 4, 1, 2, 4, 3, 3, 3, 1, 1, 2, 3, 2, 3, 2, 4, 2, 2, 4, 3, 4, 1, 4, 1, 2, 2, 1, 4, 3]|[0, 2, 0, 0, 3, 0, 1, 3, 0, 0, 2, 0, 1, 0, 1, 0, 0, 0, 1, 0, 0, 2, 0, 0, 1, 0, 0, 3, 0, 1, 0, 2, 0, 1, 3, 0, 1, 3, 1, 0, 0, 0, 1, 3, 0, 0, 1, 0, 2, 0, 0, 0, 0, 0, 1, 0, 1, 0, 1, 1, 0, 2, 0, 0, 0, 0, 0, 0, 0, 2, 0, 0, 1, 0, 0, 1, 0, 0, 3, 0, 0, 0, 0, 0, 0, 0, 3, 0, 0, 1, 0, 2, 1, 3, 0, 0, 0, 0, 1, 0],858.852868558333,51640.656144170964,106985.50848652382,true
17,G4_BALANCED,G4_BALANCED,[31, 11, 82, 15, 26, 9, 95, 42, 77, 68, 47, 5, 93, 78, 86, 54, 85, 63, 76, 44, 20, 49, 36, 14, 74, 50, 53, 17, 21, 45, 71, 64, 3, 23, 30, 83, 24, 41, 60, 52, 65, 27, 90, 70, 39, 87, 48, 69, 99, 4, 46, 1, 13, 58, 97, 59, 28, 75, 73, 37, 35, 79, 22, 66, 18, 32, 40, 80, 96, 6, 56, 61, 33, 7, 57, 34, 12, 67, 10, 98, 16, 88, 29, 8, 91, 38, 19, 92, 72, 84, 51, 43, 81, 25, 2, 55, 0, 94, 89, 62]|[2, 1, 2, 1, 1, 2, 1, 1, 1, 1, 1, 0, 2, 2, 1, 2, 0, 0, 0, 2, 2, 1, 0, 2, 0, 2, 2, 1, 0, 1, 1, 1, 0, 0, 1, 0, 2, 1, 2, 2, 0, 0, 1, 1, 0, 2, 0, 2, 1, 0, 0, 2, 0, 0, 2, 0, 1, 0, 0, 0, 2, 1, 0, 2, 2, 0, 2, 2, 0, 1, 2, 1, 1, 2, 0, 1, 1, 1, 1, 2, 2, 1, 1, 1, 1, 0, 1, 0, 1, 0, 1, 1, 1, 1, 2, 0, 0, 2, 1, 1]|[0, 3, 0, 2, 4, 1, 4, 4, 2, 4, 3, 2, 1, 0, 2, 1, 1, 1, 2, 1, 1, 3, 0, 1, 0, 1, 1, 4, 1, 4, 3, 2, 2, 0, 4, 1, 1, 4, 0, 1, 2, 1, 4, 4, 1, 1, 0, 2, 3, 1, 2, 1, 2, 1, 1, 2, 4, 2, 0, 2, 2, 3, 1, 0, 1, 2, 0, 1, 2, 4, 1, 3, 4, 1, 2, 4, 3, 3, 3, 1, 1, 4, 3, 3, 3, 2, 4, 2, 4, 2, 3, 4, 1, 4, 1, 2, 2, 1, 4, 3]|[0, 2, 0, 1, 3, 0, 1, 3, 0, 0, 2, 0, 1, 0, 1, 0, 0, 0, 1, 0, 0, 2, 0, 0, 1, 0, 0, 3, 0, 1, 0, 2, 0, 1, 3, 0, 1, 3, 1, 0, 0, 0, 1, 3, 0, 0, 1, 0, 2, 0, 0, 0, 0, 0, 1, 0, 1, 0, 1, 1, 0, 2, 0, 0, 0, 0, 0, 0, 0, 2, 0, 0, 1, 0, 0, 1, 0, 0, 3, 0, 0, 1, 0, 0, 0, 0, 3, 0, 2, 0, 0, 2, 1, 3, 0, 0, 0, 0, 1, 0],839.7308016558047,52103.26715956506,108081.52425448055,false
17,G2_TEC,G2_TEC,[31, 22, 82, 15, 26, 9, 95, 42, 77, 68, 47, 5, 93, 78, 86, 54, 85, 63, 18, 44, 20, 49, 36, 14, 74, 50, 53, 17, 21, 28, 71, 64, 3, 23, 30, 83, 24, 41, 40, 52, 65, 27, 90, 70, 39, 87, 48, 69, 99, 4, 46, 1, 13, 58, 97, 59, 33, 8, 73, 37, 35, 79, 11, 66, 76, 32, 60, 80, 96, 6, 16, 61, 45, 7, 57, 34, 12, 67, 10, 98, 56, 88, 29, 25, 91, 38, 19, 92, 43, 84, 51, 72, 81, 75, 2, 55, 0, 89, 94, 62]|[2, 1, 2, 1, 1, 2, 1, 1, 1, 1, 1, 0, 2, 2, 1, 2, 0, 0, 0, 2, 2, 1, 0, 2, 0, 2, 2, 1, 0, 1, 1, 1, 0, 0, 1, 0, 2, 1, 2, 2, 0, 0, 1, 1, 0, 2, 0, 2, 1, 0, 0, 2, 0, 0, 2, 0, 1, 1, 0, 0, 2, 1, 0, 2, 2, 0, 2, 2, 0, 1, 2, 1, 1, 2, 0, 1, 1, 1, 1, 2, 2, 1, 1, 1, 1, 0, 1, 0, 2, 0, 1, 1, 1, 0, 2, 0, 0, 1, 1, 1]|[0, 3, 0, 3, 4, 1, 4, 4, 2, 4, 3, 2, 1, 0, 2, 1, 1, 1, 2, 1, 1, 3, 0, 1, 0, 1, 1, 4, 1, 4, 3, 2, 2, 0, 4, 1, 1, 4, 0, 1, 2, 1, 4, 4, 1, 1, 0, 2, 3, 1, 2, 1, 2, 1, 1, 2, 4, 3, 0, 2, 2, 3, 1, 0, 1, 2, 0, 1, 2, 4, 1, 3, 4, 1, 2, 4, 3, 3, 3, 1, 1, 4, 3, 4, 3, 2, 4, 2, 1, 2, 3, 4, 1, 2, 1, 2, 2, 4, 4, 3]|[0, 2, 0, 0, 3, 0, 1, 3, 0, 0, 2, 0, 1, 0, 1, 0, 0, 0, 1, 0, 0, 2, 0, 0, 1, 0, 0, 3, 0, 1, 0, 2, 0, 0, 3, 0, 1, 3, 0, 0, 0, 0, 1, 3, 0, 0, 1, 0, 2, 0, 0, 0, 0, 0, 1, 0, 1, 0, 1, 1, 0, 2, 0, 0, 0, 0, 0, 0, 0, 2, 0, 0, 1, 0, 0, 1, 0, 0, 3, 0, 0, 1, 0, 3, 0, 0, 3, 0, 1, 0, 0, 2, 1, 0, 0, 0, 0, 1, 2, 0],891.6145215420967,50889.187812381075,112925.79037782483,false
17,G3_TWC,G1_CMAX,[31, 22, 82, 15, 26, 9, 42, 95, 77, 12, 47, 5, 93, 78, 86, 54, 85, 63, 18, 44, 20, 35, 43, 97, 91, 76, 10, 30, 21, 45, 71, 64, 1, 23, 17, 83, 24, 14, 60, 36, 6, 57, 94, 88, 65, 56, 79, 40, 67, 68, 46, 75, 38, 58, 19, 32, 81, 41, 27, 62, 87, 90, 99, 59, 11, 16, 72, 73, 69, 39, 37, 84, 3, 92, 25, 55, 28, 29, 51, 7, 33, 61, 98, 66, 89, 50, 8, 96, 53, 80, 4, 48, 34, 2, 52, 13, 0, 70, 49, 74]|[1, 1, 0, 1, 1, 1, 2, 1, 2, 1, 2, 2, 2, 1, 1, 0, 0, 1, 0, 2, 2, 0, 1, 2, 0, 1, 2, 2, 0, 0, 1, 2, 1, 2, 1, 0, 2, 0, 1, 1, 0, 1, 1, 1, 0, 2, 1, 1, 0, 0, 0, 0, 1, 1, 2, 1, 2, 0, 0, 0, 2, 1, 0, 1, 2, 1, 2, 1, 1, 1, 1, 1, 1, 0, 1, 2, 0, 0, 0, 1, 2, 1, 0, 2, 1, 0, 1, 0, 0, 0, 0, 0, 2, 0, 1, 0, 0, 1, 0, 2]|[4, 3, 2, 2, 0, 0, 2, 2, 2, 4, 1, 1, 2, 4, 4, 1, 2, 4, 2, 1, 1, 1, 1, 2, 1, 2, 1, 1, 1, 1, 3, 2, 3, 0, 4, 0, 1, 1, 0, 3, 2, 2, 2, 0, 1, 1, 0, 4, 0, 1, 2, 2, 1, 4, 0, 3, 2, 1, 1, 2, 1, 3, 1, 1, 1, 3, 0, 4, 3, 1, 4, 1, 1, 0, 4, 1, 2, 1, 1, 3, 1, 3, 1, 1, 1, 1, 3, 1, 2, 1, 2, 1, 1, 2, 1, 2, 2, 3, 1, 1]|[0, 2, 1, 1, 3, 3, 0, 1, 0, 0, 0, 0, 1, 0, 1, 0, 0, 3, 1, 0, 0, 0, 3, 1, 0, 2, 0, 0, 0, 1, 0, 0, 0, 0, 3, 0, 1, 0, 0, 2, 1, 1, 1, 0, 0, 0, 0, 2, 1, 0, 0, 0, 1, 3, 0, 0, 1, 0, 0, 1, 0, 2, 0, 1, 0, 2, 1, 0, 0, 1, 1, 3, 1, 1, 3, 0, 1, 0, 0, 2, 0, 0, 0, 0, 1, 0, 2, 0, 1, 0, 1, 0, 0, 0, 1, 0, 0, 0, 1, 0],801.427594812029,57868.49349465401,91455.85780813712,true
17,G1_CMAX,G3_TWC,[31, 22, 82, 15, 26, 9, 42, 95, 77, 12, 47, 5, 93, 78, 86, 54, 85, 63, 18, 44, 20, 35, 43, 97, 91, 76, 10, 30, 21, 45, 71, 64, 1, 23, 17, 83, 24, 14, 60, 36, 6, 57, 94, 88, 65, 56, 79, 40, 67, 68, 46, 75, 38, 58, 19, 32, 81, 41, 27, 62, 87, 90, 99, 59, 11, 16, 72, 73, 69, 39, 37, 84, 3, 92, 25, 55, 28, 29, 51, 7, 33, 61, 98, 48, 89, 50, 66, 80, 53, 96, 4, 8, 34, 2, 52, 13, 0, 70, 49, 74]|[1, 1, 0, 1, 1, 1, 2, 1, 2, 1, 2, 2, 2, 1, 1, 0, 0, 1, 0, 2, 2, 0, 1, 2, 0, 1, 2, 2, 0, 0, 1, 2, 1, 2, 1, 0, 2, 0, 1, 1, 0, 1, 1, 1, 0, 2, 1, 1, 0, 0, 0, 0, 1, 1, 2, 1, 2, 0, 0, 0, 2, 1, 0, 1, 2, 1, 2, 1, 1, 1, 1, 1, 1, 0, 1, 2, 0, 0, 0, 1, 2, 1, 0, 0, 1, 0, 2, 0, 0, 0, 0, 1, 2, 0, 1, 0, 0, 1, 0, 2]|[4, 3, 2, 2, 0, 0, 2, 2, 2, 4, 1, 1, 2, 4, 4, 1, 2, 4, 2, 1, 1, 1, 1, 2, 1, 2, 1, 1, 1, 1, 3, 2, 3, 0, 4, 0, 1, 1, 0, 3, 2, 2, 2, 0, 1, 1, 0, 4, 0, 1, 2, 2, 1, 4, 0, 3, 2, 1, 1, 2, 1, 3, 1, 1, 1, 3, 0, 4, 3, 1, 4, 1, 1, 0, 4, 1, 2, 1, 1, 3, 1, 3, 1, 1, 1, 1, 1, 1, 2, 1, 2, 3, 1, 2, 1, 2, 2, 3, 1, 1]|[0, 2, 1, 1, 3, 3, 0, 1, 0, 0, 0, 0, 1, 0, 1, 0, 0, 3, 1, 0, 0, 0, 3, 1, 0, 2, 0, 0, 0, 1, 0, 0, 0, 0, 3, 0, 1, 0, 0, 2, 1, 1, 1, 0, 0, 0, 0, 2, 1, 0, 0, 0, 1, 3, 0, 0, 1, 0, 0, 1, 0, 2, 0, 1, 0, 2, 1, 0, 0, 1, 1, 3, 1, 1, 3, 0, 1, 0, 0, 2, 0, 0, 0, 0, 1, 0, 0, 0, 1, 0, 1, 2, 0, 0, 1, 0, 0, 0, 1, 0],803.6608139707632,57865.486640629686,91564.24455842278,true
17,G4_BALANCED,G4_BALANCED,[31, 11, 82, 15, 26, 9, 95, 42, 77, 68, 47, 5, 93, 78, 86, 54, 85, 63, 76, 44, 20, 49, 36, 14, 74, 50, 53, 17, 21, 45, 71, 64, 3, 23, 30, 83, 24, 41, 60, 52, 65, 27, 90, 70, 39, 87, 48, 69, 99, 4, 46, 1, 13, 58, 97, 59, 28, 75, 73, 37, 35, 79, 22, 66, 18, 32, 40, 80, 96, 6, 56, 61, 33, 7, 57, 34, 12, 67, 10, 98, 16, 88, 29, 8, 91, 38, 19, 92, 72, 84, 51, 43, 81, 25, 2, 55, 0, 94, 89, 62]|[2, 1, 2, 1, 1, 2, 1, 1, 1, 1, 1, 0, 2, 2, 1, 2, 0, 0, 0, 2, 2, 1, 0, 2, 0, 2, 2, 1, 0, 1, 1, 1, 0, 0, 1, 0, 2, 1, 2, 2, 0, 0, 1, 1, 0, 2, 0, 2, 1, 0, 0, 2, 0, 0, 2, 0, 1, 0, 0, 0, 2, 1, 0, 2, 2, 0, 2, 2, 0, 1, 2, 1, 1, 2, 0, 1, 1, 1, 1, 2, 2, 1, 1, 1, 1, 0, 1, 0, 1, 0, 1, 1, 1, 1, 2, 0, 0, 2, 1, 1]|[0, 3, 0, 2, 4, 1, 4, 4, 2, 4, 3, 2, 1, 0, 2, 1, 1, 1, 2, 1, 1, 3, 0, 1, 0, 1, 1, 4, 1, 4, 3, 2, 2, 0, 4, 1, 1, 4, 0, 1, 2, 1, 4, 4, 1, 1, 0, 2, 3, 1, 2, 1, 2, 1, 1, 2, 4, 2, 0, 2, 2, 3, 1, 0, 1, 2, 0, 1, 2, 4, 1, 3, 4, 1, 2, 4, 3, 3, 3, 1, 1, 4, 3, 3, 3, 2, 4, 2, 4, 2, 3, 4, 1, 4, 1, 2, 2, 1, 4, 3]|[0, 2, 0, 1, 3, 0, 1, 3, 0, 0, 2, 0, 1, 0, 1, 0, 0, 0, 1, 0, 0, 2, 0, 0, 1, 0, 0, 3, 0, 1, 0, 2, 0, 1, 3, 0, 1, 3, 1, 0, 0, 0, 1, 3, 0, 0, 1, 0, 2, 0, 0, 0, 0, 0, 1, 0, 1, 0, 1, 1, 0, 2, 0, 0, 0, 0, 0, 0, 0, 2, 0, 0, 1, 0, 0, 1, 0, 0, 3, 0, 0, 1, 0, 0, 0, 0, 3, 0, 2, 0, 0, 2, 1, 3, 0, 0, 0, 0, 1, 0],839.7308016558047,52103.26715956506,108081.52425448055,false
17,G2_TEC,G2_TEC,[31, 22, 82, 15, 26, 9, 95, 42, 77, 68, 47, 5, 93, 78, 86, 54, 85, 63, 18, 44, 20, 49, 36, 14, 74, 50, 53, 25, 21, 28, 71, 64, 3, 23, 30, 83, 24, 41, 40, 52, 65, 27, 90, 70, 39, 87, 48, 69, 99, 4, 46, 1, 13, 58, 97, 59, 45, 8, 73, 37, 35, 79, 11, 66, 76, 32, 60, 80, 96, 6, 16, 61, 33, 7, 57, 34, 12, 67, 10, 98, 56, 88, 29, 75, 91, 38, 19, 92, 43, 84, 51, 72, 81, 17, 2, 55, 0, 62, 89, 94]|[2, 1, 2, 1, 1, 2, 1, 1, 1, 1, 1, 0, 2, 2, 1, 2, 0, 0, 0, 2, 2, 1, 0, 2, 0, 2, 2, 1, 0, 1, 1, 1, 0, 0, 1, 0, 2, 1, 2, 2, 0, 0, 1, 1, 0, 2, 0, 2, 1, 0, 0, 2, 0, 0, 2, 0, 1, 1, 0, 0, 2, 1, 0, 2, 2, 0, 2, 2, 0, 1, 2, 1, 1, 2, 0, 1, 1, 1, 1, 2, 2, 1, 1, 0, 1, 0, 1, 0, 1, 0, 1, 1, 1, 1, 2, 0, 0, 1, 1, 2]|[0, 3, 0, 3, 4, 1, 4, 4, 2, 4, 3, 2, 1, 0, 2, 1, 1, 1, 2, 1, 1, 3, 0, 1, 0, 1, 1, 4, 1, 4, 3, 2, 2, 0, 4, 1, 1, 4, 0, 1, 2, 1, 4, 4, 1, 1, 0, 2, 3, 1, 2, 1, 2, 1, 1, 2, 4, 3, 0, 2, 2, 3, 1, 0, 1, 2, 0, 1, 2, 4, 1, 3, 4, 1, 2, 4, 3, 3, 3, 1, 1, 4, 3, 2, 3, 2, 4, 2, 4, 2, 3, 4, 4, 4, 1, 2, 2, 3, 4, 1]|[0, 2, 0, 0, 3, 0, 1, 3, 0, 0, 2, 0, 1, 0, 1, 0, 0, 0, 1, 0, 0, 2, 0, 0, 1, 0, 0, 3, 0, 1, 0, 2, 0, 0, 3, 0, 1, 3, 0, 0, 0, 0, 1, 3, 0, 0, 1, 0, 2, 0, 0, 0, 0, 0, 1, 0, 1, 0, 1, 1, 0, 2, 0, 0, 0, 0, 0, 0, 0, 2, 0, 0, 1, 0, 0, 1, 0, 0, 3, 0, 0, 1, 0, 0, 0, 0, 3, 0, 2, 0, 0, 2, 1, 3, 0, 0, 0, 0, 1, 0],890.9074744783937,50765.917855663734,113588.58833646381,false
17,G3_TWC,G1_CMAX,[31, 22, 82, 15, 26, 9, 42, 95, 77, 12, 47, 5, 93, 78, 86, 54, 85, 63, 18, 44, 20, 35, 43, 97, 91, 76, 10, 30, 21, 45, 71, 64, 1, 23, 17, 83, 24, 14, 60, 36, 6, 57, 94, 88, 65, 56, 79, 40, 67, 68, 46, 75, 38, 58, 19, 32, 81, 41, 27, 62, 87, 90, 99, 59, 11, 16, 72, 73, 69, 39, 37, 84, 3, 92, 25, 55, 28, 29, 51, 7, 33, 61, 98, 66, 89, 50, 8, 96, 53, 80, 4, 48, 34, 2, 52, 13, 0, 70, 49, 74]|[1, 1, 0, 1, 1, 1, 2, 1, 2, 1, 2, 2, 2, 1, 1, 0, 0, 1, 0, 2, 2, 0, 1, 2, 0, 1, 2, 2, 0, 0, 1, 2, 1, 2, 1, 0, 2, 0, 1, 1, 0, 1, 1, 1, 0, 2, 1, 1, 0, 0, 0, 0, 1, 1, 2, 1, 2, 0, 0, 0, 2, 1, 0, 1, 2, 1, 2, 1, 1, 1, 1, 1, 1, 0, 1, 2, 0, 0, 0, 1, 2, 1, 0, 2, 1, 0, 1, 0, 0, 0, 0, 0, 2, 0, 1, 0, 0, 1, 0, 2]|[4, 3, 2, 2, 0, 0, 2, 2, 2, 4, 1, 1, 2, 4, 4, 1, 2, 4, 2, 1, 1, 1, 1, 2, 1, 2, 1, 1, 1, 1, 3, 2, 3, 0, 4, 0, 1, 1, 0, 3, 2, 2, 2, 0, 1, 1, 0, 4, 0, 1, 2, 2, 1, 4, 0, 3, 2, 1, 1, 2, 1, 3, 1, 1, 1, 3, 0, 4, 3, 1, 4, 1, 1, 0, 4, 1, 2, 1, 1, 3, 1, 3, 1, 1, 1, 1, 3, 1, 2, 1, 2, 1, 1, 2, 1, 2, 2, 3, 1, 1]|[0, 2, 1, 1, 3, 3, 0, 1, 0, 0, 0, 0, 1, 0, 1, 0, 0, 3, 1, 0, 0, 0, 3, 1, 0, 2, 0, 0, 0, 1, 0, 0, 0, 0, 3, 0, 1, 0, 0, 2, 1, 1, 1, 0, 0, 0, 0, 2, 1, 0, 0, 0, 1, 3, 0, 0, 1, 0, 0, 1, 0, 2, 0, 1, 0, 2, 1, 0, 0, 1, 1, 3, 1, 1, 3, 0, 1, 0, 0, 2, 0, 0, 0, 0, 1, 0, 2, 0, 1, 0, 1, 0, 0, 0, 1, 0, 0, 0, 1, 0],801.427594812029,57868.49349465401,91455.85780813712,true
17,G1_CMAX,G1_CMAX,[31, 22, 82, 15, 26, 9, 42, 77, 12, 5, 47, 93, 78, 86, 54, 6, 63, 18, 44, 20, 35, 43, 97, 91, 76, 10, 30, 21, 45, 17, 23, 1, 71, 83, 24, 14, 60, 36, 85, 57, 40, 95, 88, 65, 56, 79, 94, 67, 68, 46, 75, 38, 58, 19, 32, 81, 41, 62, 87, 28, 90, 59, 11, 16, 72, 73, 69, 52, 37, 64, 84, 3, 25, 29, 55, 51, 7, 98, 61, 66, 99, 33, 89, 48, 50, 96, 53, 80, 4, 8, 27, 2, 39, 13, 0, 92, 49, 74, 34, 70]|[1, 1, 0, 1, 1, 1, 2, 2, 1, 2, 2, 1, 1, 1, 0, 0, 1, 0, 2, 2, 0, 1, 2, 2, 1, 2, 2, 0, 0, 1, 2, 1, 1, 0, 2, 0, 1, 1, 0, 1, 1, 1, 1, 0, 2, 1, 1, 0, 0, 0, 0, 1, 1, 2, 1, 2, 0, 0, 2, 0, 1, 2, 2, 1, 2, 1, 1, 1, 1, 1, 1, 2, 1, 0, 2, 0, 1, 2, 1, 0, 0, 2, 1, 0, 0, 2, 0, 0, 1, 1, 0, 0, 1, 0, 0, 0, 0, 2, 2, 1]|[0, 3, 1, 2, 0, 0, 1, 1, 4, 1, 1, 4, 4, 4, 2, 2, 4, 2, 1, 1, 1, 1, 2, 1, 2, 1, 1, 1, 1, 4, 0, 3, 3, 0, 1, 1, 0, 3, 2, 2, 2, 2, 0, 1, 1, 0, 4, 0, 1, 2, 2, 1, 4, 0, 3, 2, 1, 2, 1, 2, 3, 1, 1, 3, 0, 4, 4, 1, 4, 3, 1, 2, 4, 1, 1, 1, 1, 1, 3, 1, 1, 1, 1, 1, 1, 1, 2, 1, 4, 3, 2, 2, 1, 2, 2, 0, 1, 1, 1, 4]|[1, 1, 1, 1, 3, 3, 0, 0, 0, 0, 0, 2, 0, 1, 0, 0, 3, 1, 0, 0, 0, 3, 1, 0, 2, 0, 0, 0, 1, 3, 0, 0, 0, 0, 1, 0, 0, 2, 1, 1, 1, 1, 0, 0, 0, 0, 2, 1, 0, 0, 0, 1, 3, 0, 0, 1, 0, 1, 0, 1, 2, 0, 0, 2, 1, 0, 2, 1, 1, 0, 3, 1, 3, 0, 0, 0, 2, 0, 0, 0, 0, 0, 1, 0, 0, 0, 1, 0, 0, 2, 1, 0, 1, 0, 0, 1, 1, 0, 0, 2],733.3116759547878,58140.55643565909,96674.14109675489,false
17,G4_BALANCED,G4_BALANCED,[31, 11, 82, 15, 26, 9, 95, 42, 77, 68, 47, 5, 93, 78, 86, 54, 85, 63, 76, 44, 20, 49, 36, 14, 74, 50, 53, 17, 21, 45, 71, 64, 3, 23, 30, 83, 24, 41, 60, 52, 65, 27, 90, 70, 39, 87, 48, 69, 99, 4, 46, 1, 13, 58, 97, 59, 28, 75, 73, 37, 35, 79, 22, 66, 18, 32, 40, 80, 96, 6, 56, 61, 33, 7, 57, 34, 12, 67, 10, 98, 16, 88, 29, 8, 91, 38, 19, 92, 72, 84, 51, 43, 81, 25, 2, 55, 0, 94, 89, 62]|[2, 1, 2, 1, 1, 2, 1, 1, 1, 1, 1, 0, 2, 2, 1, 2, 0, 0, 0, 2, 2, 1, 0, 2, 0, 2, 2, 1, 0, 1, 1, 1, 0, 0, 1, 0, 2, 1, 2, 2, 0, 0, 1, 1, 0, 2, 0, 2, 1, 0, 0, 2, 0, 0, 2, 0, 1, 0, 0, 0, 2, 1, 0, 2, 2, 0, 2, 2, 0, 1, 2, 1, 1, 2, 0, 1, 1, 1, 1, 2, 2, 1, 1, 1, 1, 0, 1, 0, 1, 0, 1, 1, 1, 1, 2, 0, 0, 2, 1, 1]|[0, 3, 0, 2, 4, 1, 4, 4, 2, 4, 3, 2, 1, 0, 2, 1, 1, 1, 2, 1, 1, 3, 0, 1, 0, 1, 1, 4, 1, 4, 3, 2, 2, 0, 4, 1, 1, 4, 0, 1, 2, 1, 4, 4, 1, 1, 0, 2, 3, 1, 2, 1, 2, 1, 1, 2, 4, 2, 0, 2, 2, 3, 1, 0, 1, 2, 0, 1, 2, 4, 1, 3, 4, 1, 2, 4, 3, 3, 3, 1, 1, 4, 3, 3, 3, 2, 4, 2, 4, 2, 3, 4, 1, 4, 1, 2, 2, 1, 4, 3]|[0, 2, 0, 1, 3, 0, 1, 3, 0, 0, 2, 0, 1, 0, 1, 0, 0, 0, 1, 0, 0, 2, 0, 0, 1, 0, 0, 3, 0, 1, 0, 2, 0, 1, 3, 0, 1, 3, 1, 0, 0, 0, 1, 3, 0, 0, 1, 0, 2, 0, 0, 0, 0, 0, 1, 0, 1, 0, 1, 1, 0, 2, 0, 0, 0, 0, 0, 0, 0, 2, 0, 0, 1, 0, 0, 1, 0, 0, 3, 0, 0, 1, 0, 0, 0, 0, 3, 0, 2, 0, 0, 2, 1, 3, 0, 0, 0, 0, 1, 0],839.7308016558047,52103.26715956506,108081.52425448055,false
17,G2_TEC,G2_TEC,[31, 22, 82, 15, 26, 9, 95, 42, 77, 68, 47, 5, 93, 78, 86, 54, 85, 63, 18, 44, 20, 49, 36, 14, 74, 50, 53, 25, 21, 28, 71, 64, 3, 23, 30, 83, 24, 41, 40, 52, 65, 27, 90, 70, 39, 87, 48, 69, 99, 4, 46, 1, 13, 58, 97, 59, 45, 8, 73, 37, 35, 79, 11, 66, 76, 32, 60, 80, 96, 6, 16, 61, 33, 7, 57, 34, 12, 67, 10, 98, 56, 88, 29, 75, 91, 38, 19, 92, 43, 84, 51, 72, 81, 17, 2, 55, 0, 62, 89, 94]|[2, 1, 2, 1, 1, 2, 1, 1, 1, 1, 1, 0, 2, 2, 1, 2, 0, 0, 0, 2, 2, 1, 0, 2, 0, 2, 2, 1, 0, 1, 1, 1, 0, 0, 1, 0, 2, 1, 2, 2, 0, 0, 1, 1, 0, 2, 0, 2, 1, 0, 0, 2, 0, 0, 2, 0, 1, 1, 0, 0, 2, 1, 0, 2, 2, 0, 2, 2, 0, 1, 2, 1, 1, 2, 0, 1, 1, 1, 1, 2, 2, 1, 1, 0, 1, 0, 1, 0, 1, 0, 1, 1, 1, 1, 2, 0, 0, 1, 1, 2]|[0, 3, 0, 3, 4, 1, 4, 4, 2, 4, 3, 2, 1, 0, 2, 1, 1, 1, 2, 1, 1, 3, 0, 1, 0, 1, 1, 4, 1, 4, 3, 2, 2, 0, 4, 1, 1, 4, 0, 1, 2, 1, 4, 4, 1, 1, 0, 2, 3, 1, 2, 1, 2, 1, 1, 2, 4, 3, 0, 2, 2, 3, 1, 0, 1, 2, 0, 1, 2, 4, 1, 3, 4, 1, 2, 4, 3, 3, 3, 1, 1, 4, 3, 2, 3, 2, 4, 2, 4, 2, 3, 4, 4, 4, 1, 2, 2, 3, 4, 1]|[0, 2, 0, 0, 3, 0, 1, 3, 0, 0, 2, 0, 1, 0, 1, 0, 0, 0, 1, 0, 0, 2, 0, 0, 1, 0, 0, 3, 0, 1, 0, 2, 0, 0, 3, 0, 1, 3, 0, 0, 0, 0, 1, 3, 0, 0, 1, 0, 2, 0, 0, 0, 0, 0, 1, 0, 1, 0, 1, 1, 0, 2, 0, 0, 0, 0, 0, 0, 0, 2, 0, 0, 1, 0, 0, 1, 0, 0, 3, 0, 0, 1, 0, 0, 0, 0, 3, 0, 2, 0, 0, 2, 1, 3, 0, 0, 0, 0, 1, 0],890.9074744783937,50765.917855663734,113588.58833646381,false
17,G3_TWC,G1_CMAX,[31, 22, 82, 15, 26, 9, 42, 95, 77, 12, 47, 5, 93, 78, 86, 54, 85, 63, 18, 44, 20, 35, 43, 97, 91, 76, 10, 30, 21, 45, 71, 64, 1, 23, 17, 83, 24, 14, 60, 36, 6, 57, 94, 88, 65, 56, 79, 40, 67, 68, 46, 75, 38, 58, 19, 32, 81, 41, 27, 62, 87, 90, 99, 59, 11, 16, 72, 73, 69, 39, 37, 84, 3, 92, 25, 55, 28, 29, 51, 7, 33, 61, 98, 66, 89, 50, 8, 96, 53, 80, 4, 48, 34, 2, 52, 13, 0, 70, 49, 74]|[1, 1, 0, 1, 1, 1, 2, 1, 2, 1, 2, 2, 2, 1, 1, 0, 0, 1, 0, 2, 2, 0, 1, 2, 0, 1, 2, 2, 0, 0, 1, 2, 1, 2, 1, 0, 2, 0, 1, 1, 0, 1, 1, 1, 0, 2, 1, 1, 0, 0, 0, 0, 1, 1, 2, 1, 2, 0, 0, 0, 2, 1, 0, 1, 2, 1, 2, 1, 1, 1, 1, 1, 1, 0, 1, 2, 0, 0, 0, 1, 2, 1, 0, 2, 1, 0, 1, 0, 0, 0, 0, 0, 2, 0, 1, 0, 0, 1, 0, 2]|[4, 3, 2, 2, 0, 0, 2, 2, 2, 4, 1, 1, 2, 4, 4, 1, 2, 4, 2, 1, 1, 1, 1, 2, 1, 2, 1, 1, 1, 1, 3, 2, 3, 0, 4, 0, 1, 1, 0, 3, 2, 2, 2, 0, 1, 1, 0, 4, 0, 1, 2, 2, 1, 4, 0, 3, 2, 1, 1, 2, 1, 3, 1, 1, 1, 3, 0, 4, 3, 1, 4, 1, 1, 0, 4, 1, 2, 1, 1, 3, 1, 3, 1, 1, 1, 1, 3, 1, 2, 1, 2, 1, 1, 2, 1, 2, 2, 3, 1, 1]|[0, 2, 1, 1, 3, 3, 0, 1, 0, 0, 0, 0, 1, 0, 1, 0, 0, 3, 1, 0, 0, 0, 3, 1, 0, 2, 0, 0, 0, 1, 0, 0, 0, 0, 3, 0, 1, 0, 0, 2, 1, 1, 1, 0, 0, 0, 0, 2, 1, 0, 0, 0, 1, 3, 0, 0, 1, 0, 0, 1, 0, 2, 0, 1, 0, 2, 1, 0, 0, 1, 1, 3, 1, 1, 3, 0, 1, 0, 0, 2, 0, 0, 0, 0, 1, 0, 2, 0, 1, 0, 1, 0, 0, 0, 1, 0, 0, 0, 1, 0],801.427594812029,57868.49349465401,91455.85780813712,true
17,G1_CMAX,G4_BALANCED,[31, 22, 82, 15, 26, 58, 95, 42, 77, 12, 47, 5, 93, 78, 86, 54, 85, 63, 18, 72, 20, 35, 43, 97, 91, 76, 10, 30, 21, 45, 71, 64, 1, 23, 17, 83, 24, 14, 60, 36, 6, 57, 40, 88, 65, 56, 79, 94, 67, 41, 68, 75, 38, 9, 61, 32, 81, 46, 27, 87, 28, 90, 99, 59, 11, 44, 16, 73, 70, 39, 37, 84, 3, 92, 25, 34, 62, 29, 51, 7, 33, 19, 98, 48, 89, 50, 8, 96, 53, 80, 4, 66, 55, 2, 52, 13, 0, 69, 74, 49]|[1, 1, 0, 1, 1, 0, 1, 2, 2, 1, 2, 2, 2, 1, 1, 0, 0, 1, 0, 2, 2, 0, 1, 2, 2, 1, 2, 2, 0, 0, 1, 2, 2, 2, 1, 0, 2, 0, 1, 1, 0, 1, 1, 1, 0, 2, 1, 1, 0, 0, 0, 0, 1, 1, 1, 1, 2, 0, 0, 2, 0, 1, 0, 1, 2, 2, 1, 1, 1, 1, 1, 1, 1, 0, 1, 2, 0, 0, 0, 1, 2, 1, 2, 0, 1, 0, 1, 2, 0, 0, 1, 2, 2, 0, 1, 0, 0, 1, 2, 0]|[4, 3, 2, 2, 4, 1, 2, 2, 2, 4, 1, 1, 2, 4, 4, 1, 2, 4, 2, 1, 1, 1, 1, 2, 1, 2, 1, 1, 1, 1, 3, 2, 1, 2, 4, 0, 1, 1, 0, 3, 2, 2, 2, 0, 1, 1, 0, 4, 0, 1, 1, 2, 1, 4, 3, 3, 2, 2, 1, 1, 2, 3, 1, 1, 1, 1, 3, 4, 3, 1, 4, 1, 1, 0, 4, 1, 2, 1, 1, 1, 1, 3, 1, 1, 1, 1, 3, 1, 2, 1, 4, 1, 1, 2, 1, 2, 2, 4, 1, 1]|[0, 2, 1, 1, 3, 0, 1, 0, 0, 0, 0, 0, 1, 0, 1, 0, 0, 3, 1, 0, 0, 0, 3, 1, 0, 2, 0, 0, 0, 1, 0, 0, 0, 0, 3, 0, 1, 0, 0, 2, 1, 1, 1, 0, 0, 0, 0, 2, 1, 0, 0, 0, 1, 3, 0, 0, 1, 0, 0, 0, 1, 2, 0, 1, 0, 0, 2, 0, 0, 1, 1, 3, 1, 1, 3, 0, 1, 0, 0, 2, 0, 0, 0, 0, 1, 0, 2, 0, 1, 0, 0, 0, 0, 0, 1, 0, 0, 2, 0, 1],765.1111247913757,55901.77289778841,95727.39763465595,true
17,G4_BALANCED,G4_BALANCED,[31, 11, 82, 15, 26, 9, 95, 42, 77, 68, 47, 5, 93, 78, 86, 54, 85, 63, 76, 44, 20, 49, 36, 14, 74, 50, 53, 17, 21, 45, 71, 64, 3, 23, 30, 83, 24, 41, 60, 52, 65, 27, 90, 70, 39, 87, 48, 69, 99, 4, 46, 1, 13, 58, 97, 59, 28, 75, 73, 37, 35, 79, 22, 66, 18, 32, 40, 80, 96, 6, 56, 61, 33, 7, 57, 34, 12, 67, 10, 98, 16, 88, 29, 8, 91, 38, 19, 92, 72, 84, 51, 43, 81, 25, 2, 55, 0, 94, 89, 62]|[2, 1, 2, 1, 1, 2, 1, 1, 1, 1, 1, 0, 2, 2, 1, 2, 0, 0, 0, 2, 2, 1, 0, 2, 0, 2, 2, 1, 0, 1, 1, 1, 0, 0, 1, 0, 2, 1, 2, 2, 0, 0, 1, 1, 0, 2, 0, 2, 1, 0, 0, 2, 0, 0, 2, 0, 1, 0, 0, 0, 2, 1, 0, 2, 2, 0, 2, 2, 0, 1, 2, 1, 1, 2, 0, 1, 1, 1, 1, 2, 2, 1, 1, 1, 1, 0, 1, 0, 1, 0, 1, 1, 1, 1, 2, 0, 0, 2, 1, 1]|[0, 3, 0, 2, 4, 1, 4, 4, 2, 4, 3, 2, 1, 0, 2, 1, 1, 1, 2, 1, 1, 3, 0, 1, 0, 1, 1, 4, 1, 4, 3, 2, 2, 0, 4, 1, 1, 4, 0, 1, 2, 1, 4, 4, 1, 1, 0, 2, 3, 1, 2, 1, 2, 1, 1, 2, 4, 2, 0, 2, 2, 3, 1, 0, 1, 2, 0, 1, 2, 4, 1, 3, 4, 1, 2, 4, 3, 3, 3, 1, 1, 4, 3, 3, 3, 2, 4, 2, 4, 2, 3, 4, 1, 4, 1, 2, 2, 1, 4, 3]|[0, 2, 0, 1, 3, 0, 1, 3, 0, 0, 2, 0, 1, 0, 1, 0, 0, 0, 1, 0, 0, 2, 0, 0, 1, 0, 0, 3, 0, 1, 0, 2, 0, 1, 3, 0, 1, 3, 1, 0, 0, 0, 1, 3, 0, 0, 1, 0, 2, 0, 0, 0, 0, 0, 1, 0, 1, 0, 1, 1, 0, 2, 0, 0, 0, 0, 0, 0, 0, 2, 0, 0, 1, 0, 0, 1, 0, 0, 3, 0, 0, 1, 0, 0, 0, 0, 3, 0, 2, 0, 0, 2, 1, 3, 0, 0, 0, 0, 1, 0],839.7308016558047,52103.26715956506,108081.52425448055,false
17,G2_TEC,G4_BALANCED,[31, 22, 82, 15, 26, 9, 95, 42, 77, 68, 47, 5, 93, 78, 86, 54, 85, 63, 18, 44, 20, 49, 36, 14, 74, 50, 53, 17, 21, 28, 71, 64, 3, 23, 30, 83, 24, 41, 60, 52, 65, 27, 90, 70, 39, 87, 48, 69, 99, 4, 46, 1, 13, 58, 97, 59, 45, 8, 73, 37, 35, 79, 11, 66, 76, 32, 40, 80, 96, 6, 16, 61, 33, 7, 57, 34, 12, 67, 10, 98, 56, 88, 29, 75, 91, 43, 19, 92, 38, 84, 51, 72, 81, 25, 2, 55, 0, 94, 89, 62]|[2, 1, 2, 1, 1, 2, 1, 1, 1, 1, 1, 0, 2, 2, 1, 2, 0, 0, 0, 2, 2, 1, 0, 2, 0, 2, 2, 1, 0, 1, 1, 1, 0, 0, 1, 0, 2, 1, 2, 2, 0, 0, 1, 1, 0, 2, 0, 2, 1, 0, 0, 2, 0, 0, 2, 0, 1, 1, 0, 0, 2, 1, 0, 2, 2, 0, 2, 2, 0, 1, 2, 1, 1, 2, 0, 1, 1, 1, 1, 2, 2, 1, 1, 0, 1, 1, 1, 0, 0, 0, 1, 1, 1, 1, 2, 0, 0, 2, 1, 1]|[0, 3, 0, 3, 4, 1, 4, 4, 2, 4, 3, 2, 1, 0, 2, 1, 1, 1, 2, 1, 1, 3, 0, 1, 0, 1, 1, 4, 1, 4, 3, 2, 2, 0, 4, 1, 1, 4, 0, 1, 2, 1, 4, 4, 1, 1, 0, 2, 3, 1, 2, 1, 2, 1, 1, 2, 4, 3, 0, 2, 2, 3, 1, 0, 1, 2, 0, 1, 2, 4, 1, 3, 4, 1, 2, 4, 3, 3, 3, 1, 1, 4, 3, 2, 3, 4, 4, 2, 2, 2, 3, 4, 1, 4, 1, 2, 2, 1, 4, 3]|[0, 2, 0, 0, 3, 0, 1, 3, 0, 0, 2, 0, 1, 0, 1, 0, 0, 0, 1, 0, 0, 2, 0, 0, 1, 0, 0, 3, 0, 1, 0, 2, 0, 1, 3, 0, 1, 3, 1, 0, 0, 0, 1, 3, 0, 0, 1, 0, 2, 0, 0, 0, 0, 0, 1, 0, 1, 0, 1, 1, 0, 2, 0, 0, 0, 0, 0, 0, 0, 2, 0, 0, 1, 0, 0, 1, 0, 0, 3, 0, 0, 1, 0, 0, 0, 2, 3, 0, 0, 0, 0, 2, 1, 3, 0, 0, 0, 0, 1, 0],853.5199538967528,51721.11456561794,107525.10110327002,true
17,G3_TWC,G1_CMAX,[31, 22, 82, 15, 26, 9, 42, 95, 77, 12, 47, 5, 93, 78, 86, 54, 85, 63, 18, 44, 20, 35, 43, 97, 91, 76, 10, 30, 21, 45, 71, 64, 1, 23, 17, 83, 24, 14, 60, 36, 6, 57, 94, 88, 65, 56, 79, 40, 67, 68, 46, 75, 38, 58, 19, 32, 81, 41, 27, 62, 87, 90, 99, 59, 11, 16, 72, 73, 69, 39, 37, 84, 3, 92, 25, 55, 28, 29, 51, 7, 33, 61, 98, 66, 89, 50, 8, 96, 53, 80, 4, 48, 34, 2, 52, 13, 0, 70, 49, 74]|[1, 1, 0, 1, 1, 1, 2, 1, 2, 1, 2, 2, 2, 1, 1, 0, 0, 1, 0, 2, 2, 0, 1, 2, 0, 1, 2, 2, 0, 0, 1, 2, 1, 2, 1, 0, 2, 0, 1, 1, 0, 1, 1, 1, 0, 2, 1, 1, 0, 0, 0, 0, 1, 1, 2, 1, 2, 0, 0, 0, 2, 1, 0, 1, 2, 1, 2, 1, 1, 1, 1, 1, 1, 0, 1, 2, 0, 0, 0, 1, 2, 1, 0, 2, 1, 0, 1, 0, 0, 0, 0, 0, 2, 0, 1, 0, 0, 1, 0, 2]|[4, 3, 2, 2, 0, 0, 2, 2, 2, 4, 1, 1, 2, 4, 4, 1, 2, 4, 2, 1, 1, 1, 1, 2, 1, 2, 1, 1, 1, 1, 3, 2, 3, 0, 4, 0, 1, 1, 0, 3, 2, 2, 2, 0, 1, 1, 0, 4, 0, 1, 2, 2, 1, 4, 0, 3, 2, 1, 1, 2, 1, 3, 1, 1, 1, 3, 0, 4, 3, 1, 4, 1, 1, 0, 4, 1, 2, 1, 1, 3, 1, 3, 1, 1, 1, 1, 3, 1, 2, 1, 2, 1, 1, 2, 1, 2, 2, 3, 1, 1]|[0, 2, 1, 1, 3, 3, 0, 1, 0, 0, 0, 0, 1, 0, 1, 0, 0, 3, 1, 0, 0, 0, 3, 1, 0, 2, 0, 0, 0, 1, 0, 0, 0, 0, 3, 0, 1, 0, 0, 2, 1, 1, 1, 0, 0, 0, 0, 2, 1, 0, 0, 0, 1, 3, 0, 0, 1, 0, 0, 1, 0, 2, 0, 1, 0, 2, 1, 0, 0, 1, 1, 3, 1, 1, 3, 0, 1, 0, 0, 2, 0, 0, 0, 0, 1, 0, 2, 0, 1, 0, 1, 0, 0, 0, 1, 0, 0, 0, 1, 0],801.427594812029,57868.49349465401,91455.85780813712,true
17,G1_CMAX,G2_TEC,[31, 22, 82, 15, 26, 9, 95, 42, 77, 68, 47, 5, 93, 78, 86, 54, 85, 63, 18, 44, 20, 49, 36, 14, 74, 50, 53, 17, 21, 28, 71, 64, 3, 23, 30, 83, 24, 41, 60, 52, 65, 27, 90, 70, 39, 87, 48, 69, 99, 4, 46, 1, 13, 58, 97, 59, 45, 8, 73, 37, 35, 79, 11, 66, 76, 32, 40, 80, 96, 6, 16, 61, 33, 7, 57, 34, 12, 67, 10, 98, 56, 88, 29, 75, 91, 38, 19, 92, 43, 84, 51, 72, 81, 25, 2, 55, 0, 94, 89, 62]|[2, 1, 2, 1, 1, 2, 1, 1, 1, 2, 1, 0, 2, 2, 1, 2, 0, 0, 0, 2, 2, 1, 0, 2, 0, 2, 2, 1, 0, 1, 1, 1, 0, 0, 1, 0, 2, 1, 2, 2, 0, 0, 1, 1, 0, 2, 0, 2, 1, 0, 0, 2, 0, 0, 2, 0, 1, 1, 0, 0, 2, 1, 0, 2, 2, 0, 2, 2, 0, 1, 2, 1, 1, 2, 0, 1, 1, 1, 1, 2, 2, 1, 1, 0, 1, 0, 1, 0, 1, 0, 1, 1, 1, 1, 2, 0, 0, 2, 1, 1]|[0, 3, 0, 3, 4, 1, 4, 4, 2, 0, 3, 2, 1, 0, 2, 1, 1, 1, 2, 1, 1, 3, 0, 1, 0, 1, 1, 4, 1, 4, 3, 2, 2, 0, 4, 1, 1, 4, 0, 1, 2, 1, 4, 4, 1, 1, 0, 2, 3, 1, 2, 1, 2, 1, 1, 2, 4, 3, 0, 2, 2, 3, 1, 0, 1, 2, 0, 1, 2, 4, 1, 3, 4, 1, 2, 4, 3, 3, 3, 1, 1, 4, 3, 2, 3, 2, 4, 2, 4, 2, 3, 4, 4, 4, 1, 2, 2, 1, 4, 3]|[0, 2, 0, 0, 3, 0, 1, 3, 0, 0, 2, 0, 1, 0, 1, 0, 0, 0, 1, 0, 0, 2, 0, 0, 1, 0, 0, 3, 0, 1, 0, 2, 0, 1, 3, 0, 1, 3, 1, 0, 0, 0, 1, 3, 0, 0, 1, 0, 2, 0, 0, 0, 0, 0, 1, 0, 1, 0, 1, 1, 0, 2, 0, 0, 0, 0, 0, 0, 0, 2, 0, 0, 1, 0, 0, 1, 0, 0, 3, 0, 0, 1, 0, 0, 0, 0, 3, 0, 2, 0, 0, 2, 1, 3, 0, 0, 0, 0, 1, 0],848.7210464257236,51873.96370052903,107003.66788360782,true
17,G4_BALANCED,G4_BALANCED,[31, 11, 82, 15, 26, 9, 95, 42, 77, 68, 47, 5, 93, 78, 86, 54, 85, 63, 76, 44, 20, 49, 36, 14, 74, 50, 53, 17, 21, 45, 71, 64, 3, 23, 30, 83, 24, 41, 60, 52, 65, 27, 90, 70, 39, 87, 48, 69, 99, 4, 46, 1, 13, 58, 97, 59, 28, 75, 73, 37, 35, 79, 22, 66, 18, 32, 40, 80, 96, 6, 56, 61, 33, 7, 57, 34, 12, 67, 10, 98, 16, 88, 29, 8, 91, 38, 19, 92, 72, 84, 51, 43, 81, 25, 2, 55, 0, 94, 89, 62]|[2, 1, 2, 1, 1, 2, 1, 1, 1, 1, 1, 0, 2, 2, 1, 2, 0, 0, 0, 2, 2, 1, 0, 2, 0, 2, 2, 1, 0, 1, 1, 1, 0, 0, 1, 0, 2, 1, 2, 2, 0, 0, 1, 1, 0, 2, 0, 2, 1, 0, 0, 2, 0, 0, 2, 0, 1, 0, 0, 0, 2, 1, 0, 2, 2, 0, 2, 2, 0, 1, 2, 1, 1, 2, 0, 1, 1, 1, 1, 2, 2, 1, 1, 1, 1, 0, 1, 0, 1, 0, 1, 1, 1, 1, 2, 0, 0, 2, 1, 1]|[0, 3, 0, 2, 4, 1, 4, 4, 2, 4, 3, 2, 1, 0, 2, 1, 1, 1, 2, 1, 1, 3, 0, 1, 0, 1, 1, 4, 1, 4, 3, 2, 2, 0, 4, 1, 1, 4, 0, 1, 2, 1, 4, 4, 1, 1, 0, 2, 3, 1, 2, 1, 2, 1, 1, 2, 4, 2, 0, 2, 2, 3, 1, 0, 1, 2, 0, 1, 2, 4, 1, 3, 4, 1, 2, 4, 3, 3, 3, 1, 1, 4, 3, 3, 3, 2, 4, 2, 4, 2, 3, 4, 1, 4, 1, 2, 2, 1, 4, 3]|[0, 2, 0, 1, 3, 0, 1, 3, 0, 0, 2, 0, 1, 0, 1, 0, 0, 0, 1, 0, 0, 2, 0, 0, 1, 0, 0, 3, 0, 1, 0, 2, 0, 1, 3, 0, 1, 3, 1, 0, 0, 0, 1, 3, 0, 0, 1, 0, 2, 0, 0, 0, 0, 0, 1, 0, 1, 0, 1, 1, 0, 2, 0, 0, 0, 0, 0, 0, 0, 2, 0, 0, 1, 0, 0, 1, 0, 0, 3, 0, 0, 1, 0, 0, 0, 0, 3, 0, 2, 0, 0, 2, 1, 3, 0, 0, 0, 0, 1, 0],839.7308016558047,52103.26715956506,108081.52425448055,false
17,G2_TEC,G2_TEC,[31, 22, 82, 15, 26, 9, 95, 42, 77, 68, 47, 5, 93, 78, 86, 54, 85, 63, 18, 44, 20, 49, 36, 14, 74, 50, 53, 17, 21, 28, 71, 64, 3, 23, 30, 83, 24, 41, 40, 52, 65, 27, 90, 70, 39, 87, 48, 69, 99, 4, 46, 1, 13, 58, 97, 59, 45, 8, 73, 37, 35, 79, 11, 66, 76, 32, 60, 80, 96, 6, 16, 61, 33, 7, 57, 34, 12, 67, 10, 98, 56, 88, 29, 25, 91, 38, 19, 92, 43, 84, 62, 72, 81, 75, 94, 55, 0, 89, 2, 51]|[2, 1, 2, 1, 1, 2, 1, 1, 1, 1, 1, 0, 2, 2, 1, 2, 0, 0, 0, 2, 2, 1, 0, 2, 0, 2, 2, 1, 0, 1, 1, 1, 0, 0, 1, 0, 2, 1, 2, 2, 0, 0, 1, 1, 0, 2, 0, 2, 1, 0, 0, 2, 0, 0, 2, 0, 1, 1, 0, 0, 2, 1, 0, 2, 2, 0, 2, 2, 0, 1, 2, 1, 1, 2, 0, 1, 1, 1, 1, 2, 2, 1, 1, 0, 1, 0, 1, 0, 1, 0, 1, 1, 1, 1, 2, 0, 0, 1, 2, 1]|[0, 3, 0, 3, 4, 1, 4, 4, 2, 4, 3, 2, 1, 0, 2, 1, 1, 1, 2, 1, 1, 3, 0, 1, 0, 1, 1, 4, 1, 4, 3, 2, 2, 0, 4, 1, 1, 4, 0, 1, 2, 1, 4, 4, 1, 1, 0, 2, 3, 1, 2, 1, 2, 1, 1, 2, 4, 3, 0, 2, 2, 3, 1, 0, 1, 2, 0, 1, 2, 4, 1, 3, 4, 1, 2, 4, 3, 3, 3, 1, 1, 4, 3, 2, 3, 2, 4, 2, 4, 2, 3, 4, 4, 4, 1, 2, 2, 4, 1, 3]|[0, 2, 0, 0, 3, 0, 1, 3, 0, 0, 2, 0, 1, 0, 1, 0, 0, 0, 1, 0, 0, 2, 0, 0, 1, 0, 0, 3, 0, 1, 0, 2, 0, 0, 3, 0, 1, 3, 0, 0, 0, 0, 1, 3, 0, 0, 1, 0, 2, 0, 0, 0, 0, 0, 1, 0, 1, 0, 1, 1, 0, 2, 0, 0, 0, 0, 0, 0, 0, 2, 0, 0, 1, 0, 0, 1, 0, 0, 3, 0, 0, 1, 0, 0, 0, 0, 3, 0, 2, 0, 0, 2, 1, 3, 0, 0, 0, 1, 0, 0],890.0254318650213,50792.87348696476,113633.55523656611,false
17,G3_TWC,G1_CMAX,[31, 22, 82, 15, 26, 9, 42, 95, 77, 12, 47, 5, 93, 78, 86, 54, 85, 63, 18, 44, 20, 35, 43, 97, 91, 76, 10, 30, 21, 45, 71, 64, 1, 23, 17, 83, 24, 14, 60, 36, 6, 57, 94, 88, 65, 56, 79, 40, 67, 68, 46, 75, 38, 58, 19, 32, 81, 41, 27, 62, 87, 90, 99, 59, 11, 16, 72, 73, 69, 39, 37, 84, 3, 92, 25, 55, 28, 29, 51, 7, 33, 61, 98, 66, 89, 50, 8, 96, 53, 80, 4, 48, 34, 2, 52, 13, 0, 70, 49, 74]|[1, 1, 0, 1, 1, 1, 2, 1, 2, 1, 2, 2, 2, 1, 1, 0, 0, 1, 0, 2, 2, 0, 1, 2, 0, 1, 2, 2, 0, 0, 1, 2, 1, 2, 1, 0, 2, 0, 1, 1, 0, 1, 1, 1, 0, 2, 1, 1, 0, 0, 0, 0, 1, 1, 2, 1, 2, 0, 0, 0, 2, 1, 0, 1, 2, 1, 2, 1, 1, 1, 1, 1, 1, 0, 1, 2, 0, 0, 0, 1, 2, 1, 0, 2, 1, 0, 1, 0, 0, 0, 0, 0, 2, 0, 1, 0, 0, 1, 0, 2]|[4, 3, 2, 2, 0, 0, 2, 2, 2, 4, 1, 1, 2, 4, 4, 1, 2, 4, 2, 1, 1, 1, 1, 2, 1, 2, 1, 1, 1, 1, 3, 2, 3, 0, 4, 0, 1, 1, 0, 3, 2, 2, 2, 0, 1, 1, 0, 4, 0, 1, 2, 2, 1, 4, 0, 3, 2, 1, 1, 2, 1, 3, 1, 1, 1, 3, 0, 4, 3, 1, 4, 1, 1, 0, 4, 1, 2, 1, 1, 3, 1, 3, 1, 1, 1, 1, 3, 1, 2, 1, 2, 1, 1, 2, 1, 2, 2, 3, 1, 1]|[0, 2, 1, 1, 3, 3, 0, 1, 0, 0, 0, 0, 1, 0, 1, 0, 0, 3, 1, 0, 0, 0, 3, 1, 0, 2, 0, 0, 0, 1, 0, 0, 0, 0, 3, 0, 1, 0, 0, 2, 1, 1, 1, 0, 0, 0, 0, 2, 1, 0, 0, 0, 1, 3, 0, 0, 1, 0, 0, 1, 0, 2, 0, 1, 0, 2, 1, 0, 0, 1, 1, 3, 1, 1, 3, 0, 1, 0, 0, 2, 0, 0, 0, 0, 1, 0, 2, 0, 1, 0, 1, 0, 0, 0, 1, 0, 0, 0, 1, 0],801.427594812029,57868.49349465401,91455.85780813712,true
17,G1_CMAX,G2_TEC,[31, 22, 82, 15, 26, 9, 95, 42, 77, 68, 47, 5, 93, 78, 86, 54, 85, 63, 18, 44, 20, 49, 36, 14, 74, 50, 53, 17, 21, 28, 71, 64, 3, 23, 30, 83, 24, 41, 60, 52, 65, 27, 90, 70, 39, 87, 48, 69, 99, 4, 46, 1, 13, 58, 97, 59, 45, 8, 73, 37, 35, 79, 11, 66, 76, 32, 40, 80, 96, 6, 16, 61, 33, 7, 57, 34, 12, 67, 10, 98, 56, 88, 29, 19, 91, 38, 25, 92, 43, 84, 51, 72, 81, 75, 94, 55, 0, 89, 2, 62]|[2, 1, 2, 1, 1, 2, 1, 1, 1, 1, 1, 0, 2, 2, 1, 2, 0, 0, 0, 2, 2, 1, 0, 2, 0, 2, 2, 1, 0, 1, 1, 1, 0, 0, 1, 0, 2, 1, 2, 2, 0, 0, 1, 1, 0, 2, 0, 2, 1, 0, 0, 2, 0, 0, 2, 0, 1, 1, 0, 0, 2, 1, 0, 2, 2, 0, 2, 2, 0, 1, 2, 1, 1, 2, 0, 1, 1, 1, 1, 2, 2, 1, 1, 1, 1, 0, 1, 0, 1, 0, 1, 1, 1, 0, 2, 0, 0, 1, 2, 1]|[0, 3, 0, 3, 4, 1, 4, 4, 2, 4, 3, 2, 1, 0, 2, 1, 1, 1, 2, 1, 1, 3, 0, 1, 0, 1, 1, 4, 1, 4, 3, 2, 2, 0, 4, 1, 1, 4, 0, 1, 2, 1, 4, 4, 1, 1, 0, 2, 3, 1, 2, 1, 2, 1, 1, 2, 4, 3, 0, 2, 2, 3, 1, 0, 1, 2, 0, 1, 2, 4, 1, 3, 4, 1, 2, 4, 3, 3, 3, 1, 1, 4, 3, 4, 3, 2, 4, 2, 4, 2, 3, 4, 1, 2, 1, 2, 2, 4, 1, 3]|[0, 2, 0, 0, 3, 0, 1, 3, 0, 0, 2, 0, 1, 0, 1, 0, 0, 0, 1, 0, 0, 2, 0, 0, 1, 0, 0, 3, 0, 1, 0, 2, 0, 1, 3, 0, 1, 3, 0, 0, 0, 0, 1, 3, 0, 0, 1, 0, 2, 0, 0, 0, 0, 0, 1, 0, 1, 0, 1, 1, 0, 2, 0, 0, 0, 0, 0, 0, 0, 2, 0, 0, 1, 0, 0, 1, 0, 0, 3, 0, 0, 1, 0, 3, 0, 0, 3, 0, 2, 0, 0, 2, 1, 0, 0, 0, 0, 1, 0, 0],865.1682911866744,51393.0556444126,111095.80638892911,true
17,G4_BALANCED,G4_BALANCED,[31, 11, 82, 15, 26, 9, 95, 42, 77, 68, 47, 5, 93, 78, 86, 54, 85, 63, 76, 44, 20, 49, 36, 14, 74, 50, 53, 17, 21, 45, 71, 64, 3, 23, 30, 83, 24, 41, 60, 52, 65, 27, 90, 70, 39, 87, 48, 69, 99, 4, 46, 1, 13, 58, 97, 59, 28, 75, 73, 37, 35, 79, 22, 66, 18, 32, 40, 80, 96, 6, 56, 61, 33, 7, 57, 34, 12, 67, 10, 98, 16, 88, 29, 8, 91, 38, 19, 92, 72, 84, 51, 43, 81, 25, 2, 55, 0, 94, 89, 62]|[2, 1, 2, 1, 1, 2, 1, 1, 1, 1, 1, 0, 2, 2, 1, 2, 0, 0, 0, 2, 2, 1, 0, 2, 0, 2, 2, 1, 0, 1, 1, 1, 0, 0, 1, 0, 2, 1, 2, 2, 0, 0, 1, 1, 0, 2, 0, 2, 1, 0, 0, 2, 0, 0, 2, 0, 1, 0, 0, 0, 2, 1, 0, 2, 2, 0, 2, 2, 0, 1, 2, 1, 1, 2, 0, 1, 1, 1, 1, 2, 2, 1, 1, 1, 1, 0, 1, 0, 1, 0, 1, 1, 1, 1, 2, 0, 0, 2, 1, 1]|[0, 3, 0, 2, 4, 1, 4, 4, 2, 4, 3, 2, 1, 0, 2, 1, 1, 1, 2, 1, 1, 3, 0, 1, 0, 1, 1, 4, 1, 4, 3, 2, 2, 0, 4, 1, 1, 4, 0, 1, 2, 1, 4, 4, 1, 1, 0, 2, 3, 1, 2, 1, 2, 1, 1, 2, 4, 2, 0, 2, 2, 3, 1, 0, 1, 2, 0, 1, 2, 4, 1, 3, 4, 1, 2, 4, 3, 3, 3, 1, 1, 4, 3, 3, 3, 2, 4, 2, 4, 2, 3, 4, 1, 4, 1, 2, 2, 1, 4, 3]|[0, 2, 0, 1, 3, 0, 1, 3, 0, 0, 2, 0, 1, 0, 1, 0, 0, 0, 1, 0, 0, 2, 0, 0, 1, 0, 0, 3, 0, 1, 0, 2, 0, 1, 3, 0, 1, 3, 1, 0, 0, 0, 1, 3, 0, 0, 1, 0, 2, 0, 0, 0, 0, 0, 1, 0, 1, 0, 1, 1, 0, 2, 0, 0, 0, 0, 0, 0, 0, 2, 0, 0, 1, 0, 0, 1, 0, 0, 3, 0, 0, 1, 0, 0, 0, 0, 3, 0, 2, 0, 0, 2, 1, 3, 0, 0, 0, 0, 1, 0],839.7308016558047,52103.26715956506,108081.52425448055,false
17,G2_TEC,G4_BALANCED,[31, 22, 82, 15, 26, 58, 95, 42, 77, 12, 47, 5, 93, 78, 86, 54, 85, 63, 18, 72, 20, 35, 43, 97, 91, 76, 10, 30, 21, 45, 71, 64, 1, 23, 17, 83, 24, 14, 60, 36, 6, 57, 40, 88, 65, 56, 79, 94, 67, 41, 68, 75, 38, 9, 19, 32, 81, 55, 27, 62, 87, 90, 99, 59, 11, 16, 44, 73, 70, 39, 37, 84, 3, 92, 25, 34, 28, 29, 51, 7, 66, 61, 98, 48, 89, 50, 4, 96, 53, 80, 8, 33, 46, 2, 52, 49, 0, 69, 74, 13]|[1, 1, 0, 1, 1, 0, 1, 2, 2, 1, 2, 2, 2, 1, 1, 0, 0, 1, 0, 2, 2, 0, 0, 2, 0, 1, 2, 2, 0, 0, 1, 2, 1, 2, 1, 0, 2, 0, 1, 1, 0, 1, 1, 1, 0, 2, 1, 1, 0, 0, 0, 0, 1, 1, 2, 1, 2, 0, 0, 0, 2, 1, 0, 1, 2, 1, 2, 1, 1, 1, 1, 1, 1, 0, 1, 2, 2, 0, 0, 1, 2, 1, 2, 0, 1, 0, 1, 2, 0, 0, 1, 2, 0, 0, 1, 0, 0, 1, 2, 0]|[4, 3, 2, 2, 4, 1, 2, 2, 2, 4, 1, 1, 2, 4, 4, 1, 2, 4, 2, 1, 1, 1, 1, 2, 1, 2, 1, 1, 1, 1, 3, 2, 3, 1, 4, 0, 1, 1, 0, 3, 2, 2, 2, 0, 1, 1, 0, 4, 0, 1, 1, 2, 1, 4, 0, 3, 2, 1, 1, 2, 1, 3, 1, 1, 1, 3, 1, 4, 3, 1, 4, 1, 1, 0, 4, 1, 1, 1, 1, 1, 1, 3, 1, 1, 1, 1, 4, 1, 2, 1, 3, 1, 2, 2, 1, 1, 2, 4, 1, 2]|[0, 2, 1, 1, 3, 0, 1, 0, 0, 0, 0, 0, 1, 0, 1, 0, 0, 3, 1, 0, 0, 0, 0, 1, 0, 2, 0, 0, 0, 1, 0, 0, 0, 0, 3, 0, 1, 0, 0, 2, 1, 1, 1, 0, 0, 0, 0, 2, 1, 0, 0, 0, 1, 3, 0, 0, 1, 0, 0, 1, 0, 2, 0, 1, 0, 2, 0, 0, 0, 1, 1, 3, 1, 1, 3, 0, 0, 0, 0, 2, 0, 0, 0, 0, 1, 0, 0, 0, 1, 0, 2, 0, 0, 0, 1, 1, 0, 2, 0, 0],784.1481185900863,55756.271812642575,96112.54558848144,true
17,G3_TWC,G1_CMAX,[31, 22, 82, 15, 26, 9, 42, 95, 77, 12, 47, 5, 93, 78, 86, 54, 85, 63, 18, 44, 20, 35, 43, 97, 91, 76, 10, 30, 21, 45, 71, 64, 1, 23, 17, 83, 24, 14, 60, 36, 6, 57, 94, 88, 65, 56, 79, 40, 67, 68, 46, 75, 38, 58, 19, 32, 81, 41, 27, 62, 87, 90, 99, 59, 11, 16, 72, 73, 69, 39, 37, 84, 3, 92, 25, 55, 28, 29, 51, 7, 33, 61, 98, 66, 89, 50, 8, 96, 53, 80, 4, 48, 34, 2, 52, 13, 0, 70, 49, 74]|[1, 1, 0, 1, 1, 1, 2, 1, 2, 1, 2, 2, 2, 1, 1, 0, 0, 1, 0, 2, 2, 0, 1, 2, 0, 1, 2, 2, 0, 0, 1, 2, 1, 2, 1, 0, 2, 0, 1, 1, 0, 1, 1, 1, 0, 2, 1, 1, 0, 0, 0, 0, 1, 1, 2, 1, 2, 0, 0, 0, 2, 1, 0, 1, 2, 1, 2, 1, 1, 1, 1, 1, 1, 0, 1, 2, 0, 0, 0, 1, 2, 1, 0, 2, 1, 0, 1, 0, 0, 0, 0, 0, 2, 0, 1, 0, 0, 1, 0, 2]|[4, 3, 2, 2, 0, 0, 2, 2, 2, 4, 1, 1, 2, 4, 4, 1, 2, 4, 2, 1, 1, 1, 1, 2, 1, 2, 1, 1, 1, 1, 3, 2, 3, 0, 4, 0, 1, 1, 0, 3, 2, 2, 2, 0, 1, 1, 0, 4, 0, 1, 2, 2, 1, 4, 0, 3, 2, 1, 1, 2, 1, 3, 1, 1, 1, 3, 0, 4, 3, 1, 4, 1, 1, 0, 4, 1, 2, 1, 1, 3, 1, 3, 1, 1, 1, 1, 3, 1, 2, 1, 2, 1, 1, 2, 1, 2, 2, 3, 1, 1]|[0, 2, 1, 1, 3, 3, 0, 1, 0, 0, 0, 0, 1, 0, 1, 0, 0, 3, 1, 0, 0, 0, 3, 1, 0, 2, 0, 0, 0, 1, 0, 0, 0, 0, 3, 0, 1, 0, 0, 2, 1, 1, 1, 0, 0, 0, 0, 2, 1, 0, 0, 0, 1, 3, 0, 0, 1, 0, 0, 1, 0, 2, 0, 1, 0, 2, 1, 0, 0, 1, 1, 3, 1, 1, 3, 0, 1, 0, 0, 2, 0, 0, 0, 0, 1, 0, 2, 0, 1, 0, 1, 0, 0, 0, 1, 0, 0, 0, 1, 0],801.427594812029,57868.49349465401,91455.85780813712,true
17,G1_CMAX,G1_CMAX,[31, 22, 82, 15, 26, 9, 95, 42, 77, 68, 47, 5, 93, 78, 86, 54, 85, 63, 18, 44, 20, 49, 36, 14, 74, 50, 53, 17, 21, 45, 71, 64, 3, 23, 30, 83, 24, 41, 60, 52, 65, 27, 90, 70, 39, 87, 48, 69, 99, 4, 46, 1, 38, 58, 97, 59, 28, 8, 73, 37, 35, 79, 11, 66, 76, 32, 40, 80, 96, 6, 16, 61, 33, 7, 57, 34, 12, 67, 10, 98, 56, 88, 29, 75, 91, 13, 19, 92, 43, 84, 51, 72, 81, 25, 2, 55, 0, 62, 89, 94]|[2, 1, 2, 1, 1, 2, 1, 1, 1, 1, 1, 0, 2, 2, 1, 2, 0, 0, 0, 2, 2, 1, 0, 2, 0, 2, 2, 1, 0, 1, 1, 1, 0, 0, 1, 0, 2, 1, 2, 2, 0, 0, 1, 1, 0, 2, 0, 2, 1, 0, 0, 2, 0, 0, 2, 0, 1, 1, 0, 0, 2, 1, 0, 2, 2, 0, 2, 2, 0, 1, 2, 1, 1, 2, 0, 1, 1, 1, 1, 2, 2, 1, 1, 0, 1, 0, 1, 0, 1, 0, 1, 1, 1, 1, 2, 0, 0, 1, 1, 2]|[0, 3, 0, 2, 4, 1, 4, 4, 2, 4, 3, 2, 1, 0, 2, 1, 1, 1, 2, 1, 1, 3, 0, 1, 0, 1, 1, 4, 1, 4, 3, 2, 2, 0, 4, 1, 1, 4, 0, 1, 2, 1, 4, 4, 1, 1, 0, 2, 3, 1, 2, 1, 2, 1, 1, 2, 4, 3, 0, 2, 2, 3, 1, 0, 1, 2, 0, 1, 2, 4, 1, 3, 4, 1, 2, 4, 3, 3, 3, 1, 1, 4, 3, 2, 3, 2, 4, 2, 4, 2, 3, 4, 1, 4, 1, 2, 2, 3, 4, 1]|[0, 2, 0, 1, 3, 0, 1, 3, 0, 0, 2, 0, 1, 0, 1, 0, 0, 0, 1, 0, 0, 2, 0, 0, 1, 0, 0, 3, 0, 1, 0, 2, 0, 1, 3, 0, 1, 3, 1, 0, 0, 0, 1, 3, 0, 0, 1, 0, 2, 0, 0, 0, 0, 0, 1, 0, 1, 0, 1, 1, 0, 2, 0, 0, 0, 0, 0, 0, 0, 2, 0, 0, 1, 0, 0, 1, 0, 0, 3, 0, 0, 1, 0, 0, 0, 0, 3, 0, 2, 0, 0, 2, 1, 3, 0, 0, 0, 0, 1, 0],845.7222180328207,52081.144706174884,107731.97813196207,false
17,G4_BALANCED,G4_BALANCED,[31, 11, 82, 15, 26, 9, 95, 42, 77, 68, 47, 5, 93, 78, 86, 54, 85, 63, 76, 44, 20, 49, 36, 14, 74, 50, 53, 17, 21, 45, 71, 64, 3, 23, 30, 83, 24, 41, 60, 52, 65, 27, 90, 70, 39, 87, 48, 69, 99, 4, 46, 1, 13, 58, 97, 59, 28, 75, 73, 37, 35, 79, 22, 66, 18, 32, 40, 80, 96, 6, 56, 61, 33, 7, 57, 34, 12, 67, 10, 98, 16, 88, 29, 8, 91, 38, 19, 92, 72, 84, 51, 43, 81, 25, 2, 55, 0, 94, 89, 62]|[2, 1, 2, 1, 1, 2, 1, 1, 1, 1, 1, 0, 2, 2, 1, 2, 0, 0, 0, 2, 2, 1, 0, 2, 0, 2, 2, 1, 0, 1, 1, 1, 0, 0, 1, 0, 2, 1, 2, 2, 0, 0, 1, 1, 0, 2, 0, 2, 1, 0, 0, 2, 0, 0, 2, 0, 1, 0, 0, 0, 2, 1, 0, 2, 2, 0, 2, 2, 0, 1, 2, 1, 1, 2, 0, 1, 1, 1, 1, 2, 2, 1, 1, 1, 1, 0, 1, 0, 1, 0, 1, 1, 1, 1, 2, 0, 0, 2, 1, 1]|[0, 3, 0, 2, 4, 1, 4, 4, 2, 4, 3, 2, 1, 0, 2, 1, 1, 1, 2, 1, 1, 3, 0, 1, 0, 1, 1, 4, 1, 4, 3, 2, 2, 0, 4, 1, 1, 4, 0, 1, 2, 1, 4, 4, 1, 1, 0, 2, 3, 1, 2, 1, 2, 1, 1, 2, 4, 2, 0, 2, 2, 3, 1, 0, 1, 2, 0, 1, 2, 4, 1, 3, 4, 1, 2, 4, 3, 3, 3, 1, 1, 4, 3, 3, 3, 2, 4, 2, 4, 2, 3, 4, 1, 4, 1, 2, 2, 1, 4, 3]|[0, 2, 0, 1, 3, 0, 1, 3, 0, 0, 2, 0, 1, 0, 1, 0, 0, 0, 1, 0, 0, 2, 0, 0, 1, 0, 0, 3, 0, 1, 0, 2, 0, 1, 3, 0, 1, 3, 1, 0, 0, 0, 1, 3, 0, 0, 1, 0, 2, 0, 0, 0, 0, 0, 1, 0, 1, 0, 1, 1, 0, 2, 0, 0, 0, 0, 0, 0, 0, 2, 0, 0, 1, 0, 0, 1, 0, 0, 3, 0, 0, 1, 0, 0, 0, 0, 3, 0, 2, 0, 0, 2, 1, 3, 0, 0, 0, 0, 1, 0],839.7308016558047,52103.26715956506,108081.52425448055,false
17,G2_TEC,G1_CMAX,[31, 22, 82, 15, 26, 9, 95, 42, 77, 12, 47, 5, 93, 78, 86, 54, 6, 63, 18, 44, 20, 35, 43, 97, 91, 76, 10, 30, 21, 45, 71, 64, 1, 23, 17, 83, 24, 14, 60, 36, 85, 57, 40, 88, 65, 56, 79, 94, 67, 68, 46, 75, 38, 58, 19, 32, 81, 41, 27, 62, 87, 90, 99, 59, 11, 16, 72, 73, 69, 39, 37, 84, 3, 92, 50, 55, 28, 29, 51, 7, 66, 61, 98, 48, 89, 8, 25, 96, 53, 80, 4, 33, 34, 2, 52, 13, 0, 70, 74, 49]|[1, 1, 0, 1, 1, 1, 1, 2, 2, 1, 2, 2, 2, 1, 1, 0, 0, 1, 0, 2, 2, 0, 1, 2, 0, 1, 2, 2, 0, 0, 1, 2, 1, 2, 1, 0, 2, 0, 1, 1, 0, 1, 1, 1, 0, 2, 1, 1, 0, 0, 0, 0, 1, 1, 2, 1, 2, 0, 0, 0, 2, 1, 0, 1, 2, 1, 2, 1, 1, 1, 1, 1, 1, 0, 1, 2, 0, 0, 0, 1, 2, 1, 2, 0, 1, 1, 0, 2, 0, 0, 1, 2, 2, 0, 1, 0, 0, 1, 2, 0]|[0, 3, 2, 2, 4, 0, 2, 2, 2, 4, 1, 1, 2, 4, 4, 1, 2, 4, 2, 1, 1, 1, 1, 2, 1, 2, 1, 1, 1, 1, 3, 2, 3, 0, 4, 0, 1, 1, 0, 3, 2, 2, 2, 0, 1, 1, 0, 4, 0, 1, 2, 2, 1, 4, 0, 3, 2, 1, 1, 2, 1, 3, 1, 1, 1, 3, 0, 4, 3, 1, 4, 1, 1, 0, 4, 1, 2, 1, 1, 1, 1, 3, 1, 1, 1, 3, 1, 1, 2, 1, 4, 1, 1, 2, 1, 2, 2, 3, 1, 1]|[0, 2, 1, 1, 3, 3, 1, 0, 0, 0, 0, 0, 1, 0, 1, 0, 0, 3, 1, 0, 0, 0, 3, 1, 0, 2, 0, 0, 0, 1, 0, 0, 0, 0, 3, 0, 1, 0, 0, 2, 1, 1, 1, 0, 0, 0, 0, 2, 1, 0, 0, 0, 1, 3, 0, 0, 1, 0, 0, 1, 0, 2, 0, 1, 0, 2, 1, 0, 0, 1, 1, 3, 1, 1, 3, 0, 1, 0, 0, 2, 0, 0, 0, 0, 1, 2, 0, 0, 1, 0, 0, 0, 0, 0, 1, 0, 0, 0, 0, 1],740.9169176528521,57364.07158063585,94063.71944433026,true
17,G3_TWC,G1_CMAX,[31, 22, 82, 15, 26, 9, 42, 95, 77, 12, 47, 5, 93, 78, 86, 54, 85, 63, 18, 44, 20, 35, 43, 97, 91, 76, 10, 30, 21, 45, 71, 64, 1, 23, 17, 83, 24, 14, 60, 36, 6, 57, 94, 88, 65, 56, 79, 40, 67, 68, 46, 75, 38, 58, 19, 32, 81, 41, 27, 62, 87, 90, 99, 59, 11, 16, 72, 73, 69, 39, 37, 84, 3, 92, 25, 55, 28, 29, 51, 7, 33, 61, 98, 66, 89, 50, 8, 96, 53, 80, 4, 48, 34, 2, 52, 13, 0, 70, 49, 74]|[1, 1, 0, 1, 1, 1, 2, 1, 2, 1, 2, 2, 2, 1, 1, 0, 0, 1, 0, 2, 2, 0, 1, 2, 0, 1, 2, 2, 0, 0, 1, 2, 1, 2, 1, 0, 2, 0, 1, 1, 0, 1, 1, 1, 0, 2, 1, 1, 0, 0, 0, 0, 1, 1, 2, 1, 2, 0, 0, 0, 2, 1, 0, 1, 2, 1, 2, 1, 1, 1, 1, 1, 1, 0, 1, 2, 0, 0, 0, 1, 2, 1, 0, 2, 1, 0, 1, 0, 0, 0, 0, 0, 2, 0, 1, 0, 0, 1, 0, 2]|[4, 3, 2, 2, 0, 0, 2, 2, 2, 4, 1, 1, 2, 4, 4, 1, 2, 4, 2, 1, 1, 1, 1, 2, 1, 2, 1, 1, 1, 1, 3, 2, 3, 0, 4, 0, 1, 1, 0, 3, 2, 2, 2, 0, 1, 1, 0, 4, 0, 1, 2, 2, 1, 4, 0, 3, 2, 1, 1, 2, 1, 3, 1, 1, 1, 3, 0, 4, 3, 1, 4, 1, 1, 0, 4, 1, 2, 1, 1, 3, 1, 3, 1, 1, 1, 1, 3, 1, 2, 1, 2, 1, 1, 2, 1, 2, 2, 3, 1, 1]|[0, 2, 1, 1, 3, 3, 0, 1, 0, 0, 0, 0, 1, 0, 1, 0, 0, 3, 1, 0, 0, 0, 3, 1, 0, 2, 0, 0, 0, 1, 0, 0, 0, 0, 3, 0, 1, 0, 0, 2, 1, 1, 1, 0, 0, 0, 0, 2, 1, 0, 0, 0, 1, 3, 0, 0, 1, 0, 0, 1, 0, 2, 0, 1, 0, 2, 1, 0, 0, 1, 1, 3, 1, 1, 3, 0, 1, 0, 0, 2, 0, 0, 0, 0, 1, 0, 2, 0, 1, 0, 1, 0, 0, 0, 1, 0, 0, 0, 1, 0],801.427594812029,57868.49349465401,91455.85780813712,true
17,G1_CMAX,G2_TEC,[31, 22, 82, 15, 26, 9, 95, 42, 77, 68, 47, 5, 93, 78, 86, 54, 85, 63, 18, 44, 20, 49, 36, 14, 74, 50, 53, 17, 21, 28, 71, 64, 3, 23, 30, 83, 24, 41, 60, 52, 65, 27, 90, 70, 39, 87, 48, 69, 99, 4, 46, 1, 13, 58, 97, 59, 33, 8, 73, 37, 35, 79, 11, 66, 76, 32, 40, 80, 96, 6, 16, 61, 45, 7, 57, 34, 12, 67, 10, 98, 56, 84, 29, 75, 91, 38, 19, 92, 43, 88, 51, 72, 81, 25, 2, 55, 0, 94, 89, 62]|[2, 1, 2, 1, 1, 2, 1, 1, 1, 1, 1, 0, 2, 2, 1, 2, 0, 0, 0, 2, 2, 1, 0, 2, 0, 2, 2, 1, 0, 1, 1, 1, 0, 0, 1, 0, 2, 1, 2, 2, 0, 0, 1, 1, 0, 2, 0, 2, 1, 0, 0, 2, 0, 0, 2, 0, 1, 1, 0, 0, 2, 1, 0, 2, 2, 0, 2, 2, 0, 1, 2, 1, 1, 2, 0, 1, 1, 1, 1, 2, 2, 0, 1, 0, 1, 0, 1, 0, 1, 1, 1, 1, 1, 1, 2, 0, 0, 2, 1, 1]|[0, 3, 0, 3, 4, 1, 4, 4, 2, 4, 3, 2, 1, 0, 2, 1, 1, 1, 2, 1, 1, 3, 0, 1, 0, 1, 1, 4, 1, 4, 3, 2, 2, 0, 4, 1, 1, 4, 0, 1, 2, 1, 4, 4, 1, 1, 0, 2, 3, 1, 2, 1, 2, 1, 1, 2, 4, 3, 0, 2, 2, 3, 1, 0, 1, 2, 0, 1, 2, 4, 1, 3, 4, 1, 2, 4, 3, 3, 3, 1, 1, 2, 3, 2, 3, 2, 4, 2, 4, 4, 3, 4, 1, 4, 1, 2, 2, 1, 4, 3]|[0, 2, 0, 0, 3, 0, 1, 3, 0, 0, 2, 0, 1, 0, 1, 0, 0, 0, 1, 0, 0, 2, 0, 0, 1, 0, 0, 3, 0, 1, 0, 2, 0, 0, 3, 0, 1, 3, 1, 0, 0, 0, 1, 3, 0, 0, 1, 0, 2, 0, 0, 0, 0, 0, 1, 0, 1, 0, 1, 1, 0, 2, 0, 0, 0, 0, 0, 0, 0, 2, 0, 0, 1, 0, 0, 1, 0, 0, 3, 0, 0, 0, 0, 0, 0, 0, 3, 0, 2, 1, 0, 2, 1, 3, 0, 0, 0, 0, 1, 0],892.2298054767533,51183.7864668114,109961.09923915204,true
17,G4_BALANCED,G4_BALANCED,[31, 11, 82, 15, 26, 9, 95, 42, 77, 68, 47, 5, 93, 78, 86, 54, 85, 63, 76, 44, 20, 49, 36, 14, 74, 50, 53, 17, 21, 45, 71, 64, 3, 23, 30, 83, 24, 41, 60, 52, 65, 27, 90, 70, 39, 87, 48, 69, 99, 4, 46, 1, 13, 58, 97, 59, 28, 75, 73, 37, 35, 79, 22, 66, 18, 32, 40, 80, 96, 6, 56, 61, 33, 7, 57, 34, 12, 67, 10, 98, 16, 88, 29, 8, 91, 38, 19, 92, 72, 84, 51, 43, 81, 25, 2, 55, 0, 94, 89, 62]|[2, 1, 2, 1, 1, 2, 1, 1, 1, 1, 1, 0, 2, 2, 1, 2, 0, 0, 0, 2, 2, 1, 0, 2, 0, 2, 2, 1, 0, 1, 1, 1, 0, 0, 1, 0, 2, 1, 2, 2, 0, 0, 1, 1, 0, 2, 0, 2, 1, 0, 0, 2, 0, 0, 2, 0, 1, 0, 0, 0, 2, 1, 0, 2, 2, 0, 2, 2, 0, 1, 2, 1, 1, 2, 0, 1, 1, 1, 1, 2, 2, 1, 1, 1, 1, 0, 1, 0, 1, 0, 1, 1, 1, 1, 2, 0, 0, 2, 1, 1]|[0, 3, 0, 2, 4, 1, 4, 4, 2, 4, 3, 2, 1, 0, 2, 1, 1, 1, 2, 1, 1, 3, 0, 1, 0, 1, 1, 4, 1, 4, 3, 2, 2, 0, 4, 1, 1, 4, 0, 1, 2, 1, 4, 4, 1, 1, 0, 2, 3, 1, 2, 1, 2, 1, 1, 2, 4, 2, 0, 2, 2, 3, 1, 0, 1, 2, 0, 1, 2, 4, 1, 3, 4, 1, 2, 4, 3, 3, 3, 1, 1, 4, 3, 3, 3, 2, 4, 2, 4, 2, 3, 4, 1, 4, 1, 2, 2, 1, 4, 3]|[0, 2, 0, 1, 3, 0, 1, 3, 0, 0, 2, 0, 1, 0, 1, 0, 0, 0, 1, 0, 0, 2, 0, 0, 1, 0, 0, 3, 0, 1, 0, 2, 0, 1, 3, 0, 1, 3, 1, 0, 0, 0, 1, 3, 0, 0, 1, 0, 2, 0, 0, 0, 0, 0, 1, 0, 1, 0, 1, 1, 0, 2, 0, 0, 0, 0, 0, 0, 0, 2, 0, 0, 1, 0, 0, 1, 0, 0, 3, 0, 0, 1, 0, 0, 0, 0, 3, 0, 2, 0, 0, 2, 1, 3, 0, 0, 0, 0, 1, 0],839.7308016558047,52103.26715956506,108081.52425448055,false
17,G2_TEC,G2_TEC,[31, 22, 82, 15, 26, 9, 95, 42, 77, 68, 47, 5, 93, 78, 86, 54, 85, 63, 18, 44, 20, 49, 36, 14, 74, 50, 53, 17, 21, 28, 71, 64, 3, 23, 30, 83, 24, 41, 40, 52, 65, 27, 90, 70, 39, 87, 48, 69, 99, 4, 46, 1, 13, 58, 97, 59, 45, 8, 73, 37, 35, 79, 11, 66, 76, 32, 60, 80, 96, 6, 16, 61, 33, 7, 57, 34, 12, 67, 10, 98, 19, 88, 29, 25, 91, 38, 56, 92, 43, 84, 51, 72, 81, 75, 2, 55, 0, 94, 89, 62]|[2, 1, 2, 1, 1, 2, 1, 1, 1, 1, 1, 0, 2, 2, 1, 2, 0, 0, 0, 2, 2, 1, 0, 2, 0, 2, 2, 1, 0, 1, 1, 1, 0, 0, 1, 0, 2, 1, 2, 2, 0, 0, 1, 1, 0, 2, 0, 2, 1, 0, 0, 2, 0, 0, 2, 0, 1, 1, 0, 0, 1, 1, 0, 2, 2, 0, 2, 2, 0, 1, 2, 1, 1, 2, 0, 1, 1, 1, 1, 2, 1, 1, 1, 1, 1, 0, 2, 0, 1, 0, 1, 1, 1, 0, 2, 0, 0, 2, 1, 1]|[0, 3, 0, 3, 4, 1, 4, 4, 2, 4, 3, 2, 1, 0, 2, 1, 1, 1, 2, 1, 1, 3, 0, 1, 0, 1, 1, 4, 1, 4, 3, 2, 2, 0, 4, 1, 1, 4, 0, 1, 2, 1, 4, 4, 1, 1, 0, 2, 3, 1, 2, 1, 2, 1, 1, 2, 4, 3, 0, 2, 3, 3, 1, 0, 1, 2, 0, 1, 2, 4, 1, 3, 4, 1, 2, 4, 3, 3, 3, 1, 4, 4, 3, 4, 3, 2, 1, 2, 4, 2, 3, 4, 4, 2, 1, 2, 2, 1, 4, 3]|[0, 2, 0, 0, 3, 0, 1, 3, 0, 0, 2, 0, 1, 0, 1, 0, 0, 0, 1, 0, 0, 2, 0, 0, 1, 0, 0, 3, 0, 1, 0, 2, 0, 0, 3, 0, 1, 3, 1, 0, 0, 0, 1, 3, 0, 0, 1, 0, 2, 0, 0, 0, 0, 0, 1, 0, 1, 0, 1, 1, 2, 2, 0, 0, 0, 0, 0, 0, 0, 2, 0, 0, 1, 0, 0, 1, 0, 0, 3, 0, 3, 1, 0, 3, 0, 0, 0, 0, 2, 0, 0, 2, 1, 0, 0, 0, 0, 0, 1, 0],891.6145215420967,51016.78477942506,111598.5988359027,false
17,G3_TWC,G1_CMAX,[31, 22, 82, 15, 26, 9, 42, 95, 77, 12, 47, 5, 93, 78, 86, 54, 85, 63, 18, 44, 20, 35, 43, 97, 91, 76, 10, 30, 21, 45, 71, 64, 1, 23, 17, 83, 24, 14, 60, 36, 6, 57, 94, 88, 65, 56, 79, 40, 67, 68, 46, 75, 38, 58, 19, 32, 81, 41, 27, 62, 87, 90, 99, 59, 11, 16, 72, 73, 69, 39, 37, 84, 3, 92, 25, 55, 28, 29, 51, 7, 33, 61, 98, 66, 89, 50, 8, 96, 53, 80, 4, 48, 34, 2, 52, 13, 0, 70, 49, 74]|[1, 1, 0, 1, 1, 1, 2, 1, 2, 1, 2, 2, 2, 1, 1, 0, 0, 1, 0, 2, 2, 0, 1, 2, 0, 1, 2, 2, 0, 0, 1, 2, 1, 2, 1, 0, 2, 0, 1, 1, 0, 1, 1, 1, 0, 2, 1, 1, 0, 0, 0, 0, 1, 1, 2, 1, 2, 0, 0, 0, 2, 1, 0, 1, 2, 1, 2, 1, 1, 1, 1, 1, 1, 0, 1, 2, 0, 0, 0, 1, 2, 1, 0, 2, 1, 0, 1, 0, 0, 0, 0, 0, 2, 0, 1, 0, 0, 1, 0, 2]|[4, 3, 2, 2, 0, 0, 2, 2, 2, 4, 1, 1, 2, 4, 4, 1, 2, 4, 2, 1, 1, 1, 1, 2, 1, 2, 1, 1, 1, 1, 3, 2, 3, 0, 4, 0, 1, 1, 0, 3, 2, 2, 2, 0, 1, 1, 0, 4, 0, 1, 2, 2, 1, 4, 0, 3, 2, 1, 1, 2, 1, 3, 1, 1, 1, 3, 0, 4, 3, 1, 4, 1, 1, 0, 4, 1, 2, 1, 1, 3, 1, 3, 1, 1, 1, 1, 3, 1, 2, 1, 2, 1, 1, 2, 1, 2, 2, 3, 1, 1]|[0, 2, 1, 1, 3, 3, 0, 1, 0, 0, 0, 0, 1, 0, 1, 0, 0, 3, 1, 0, 0, 0, 3, 1, 0, 2, 0, 0, 0, 1, 0, 0, 0, 0, 3, 0, 1, 0, 0, 2, 1, 1, 1, 0, 0, 0, 0, 2, 1, 0, 0, 0, 1, 3, 0, 0, 1, 0, 0, 1, 0, 2, 0, 1, 0, 2, 1, 0, 0, 1, 1, 3, 1, 1, 3, 0, 1, 0, 0, 2, 0, 0, 0, 0, 1, 0, 2, 0, 1, 0, 1, 0, 0, 0, 1, 0, 0, 0, 1, 0],801.427594812029,57868.49349465401,91455.85780813712,true
17,G1_CMAX,G3_TWC,[31, 22, 82, 15, 26, 9, 95, 42, 77, 12, 47, 5, 93, 78, 86, 54, 85, 63, 18, 44, 20, 35, 43, 97, 91, 76, 10, 30, 21, 45, 71, 64, 1, 23, 17, 83, 24, 14, 60, 36, 41, 57, 40, 88, 65, 56, 79, 94, 67, 68, 46, 75, 38, 58, 19, 32, 81, 6, 27, 62, 87, 90, 99, 59, 11, 16, 72, 73, 69, 39, 37, 84, 3, 92, 25, 34, 28, 29, 51, 7, 66, 61, 98, 48, 89, 50, 33, 96, 53, 80, 4, 8, 55, 2, 52, 13, 0, 70, 74, 49]|[1, 1, 0, 1, 1, 0, 1, 2, 2, 1, 2, 2, 2, 1, 1, 0, 0, 1, 0, 2, 2, 0, 1, 2, 0, 1, 2, 2, 0, 0, 1, 2, 1, 2, 1, 0, 2, 0, 1, 1, 0, 1, 1, 1, 0, 2, 1, 1, 0, 0, 0, 0, 1, 1, 2, 1, 2, 0, 0, 0, 2, 1, 0, 1, 2, 1, 2, 1, 1, 1, 1, 1, 1, 1, 1, 2, 0, 0, 0, 1, 2, 1, 2, 0, 1, 0, 2, 0, 0, 0, 0, 0, 2, 0, 1, 0, 0, 1, 2, 0]|[4, 3, 2, 2, 4, 1, 2, 2, 2, 4, 1, 1, 2, 4, 4, 1, 2, 4, 2, 1, 1, 1, 1, 2, 1, 2, 1, 1, 1, 1, 3, 1, 3, 0, 4, 0, 1, 1, 0, 3, 2, 2, 2, 0, 1, 1, 0, 4, 0, 1, 2, 2, 1, 4, 0, 3, 2, 2, 1, 2, 1, 3, 1, 1, 1, 3, 0, 4, 3, 1, 4, 1, 1, 3, 4, 1, 2, 1, 1, 1, 1, 3, 1, 1, 1, 1, 1, 1, 2, 1, 2, 1, 1, 2, 1, 2, 2, 4, 1, 1]|[0, 2, 1, 1, 3, 0, 1, 0, 0, 0, 0, 0, 1, 0, 1, 0, 0, 3, 1, 0, 0, 0, 3, 1, 0, 2, 0, 0, 0, 1, 0, 0, 0, 0, 3, 0, 1, 0, 0, 2, 1, 1, 1, 0, 0, 0, 0, 2, 1, 0, 0, 0, 1, 3, 0, 0, 1, 1, 0, 1, 0, 2, 0, 1, 0, 2, 1, 0, 0, 1, 1, 3, 1, 0, 3, 0, 1, 0, 0, 2, 0, 0, 0, 0, 1, 0, 0, 0, 1, 0, 1, 0, 0, 0, 1, 0, 0, 2, 0, 1],820.4831989416904,57457.48069083397,92646.38509429291,true
17,G4_BALANCED,G4_BALANCED,[31, 11, 82, 15, 26, 9, 95, 42, 77, 68, 47, 5, 93, 78, 86, 54, 85, 63, 76, 44, 20, 49, 36, 14, 74, 50, 53, 17, 21, 45, 71, 64, 3, 23, 30, 83, 24, 41, 60, 52, 65, 27, 90, 70, 39, 87, 48, 69, 99, 4, 46, 1, 13, 58, 97, 59, 28, 75, 73, 37, 35, 79, 22, 66, 18, 32, 40, 80, 96, 6, 56, 61, 33, 7, 57, 34, 12, 67, 10, 98, 16, 88, 29, 8, 91, 38, 19, 92, 72, 84, 51, 43, 81, 25, 2, 55, 0, 94, 89, 62]|[2, 1, 2, 1, 1, 2, 1, 1, 1, 1, 1, 0, 2, 2, 1, 2, 0, 0, 0, 2, 2, 1, 0, 2, 0, 2, 2, 1, 0, 1, 1, 1, 0, 0, 1, 0, 2, 1, 2, 2, 0, 0, 1, 1, 0, 2, 0, 2, 1, 0, 0, 2, 0, 0, 2, 0, 1, 0, 0, 0, 2, 1, 0, 2, 2, 0, 2, 2, 0, 1, 2, 1, 1, 2, 0, 1, 1, 1, 1, 2, 2, 1, 1, 1, 1, 0, 1, 0, 1, 0, 1, 1, 1, 1, 2, 0, 0, 2, 1, 1]|[0, 3, 0, 2, 4, 1, 4, 4, 2, 4, 3, 2, 1, 0, 2, 1, 1, 1, 2, 1, 1, 3, 0, 1, 0, 1, 1, 4, 1, 4, 3, 2, 2, 0, 4, 1, 1, 4, 0, 1, 2, 1, 4, 4, 1, 1, 0, 2, 3, 1, 2, 1, 2, 1, 1, 2, 4, 2, 0, 2, 2, 3, 1, 0, 1, 2, 0, 1, 2, 4, 1, 3, 4, 1, 2, 4, 3, 3, 3, 1, 1, 4, 3, 3, 3, 2, 4, 2, 4, 2, 3, 4, 1, 4, 1, 2, 2, 1, 4, 3]|[0, 2, 0, 1, 3, 0, 1, 3, 0, 0, 2, 0, 1, 0, 1, 0, 0, 0, 1, 0, 0, 2, 0, 0, 1, 0, 0, 3, 0, 1, 0, 2, 0, 1, 3, 0, 1, 3, 1, 0, 0, 0, 1, 3, 0, 0, 1, 0, 2, 0, 0, 0, 0, 0, 1, 0, 1, 0, 1, 1, 0, 2, 0, 0, 0, 0, 0, 0, 0, 2, 0, 0, 1, 0, 0, 1, 0, 0, 3, 0, 0, 1, 0, 0, 0, 0, 3, 0, 2, 0, 0, 2, 1, 3, 0, 0, 0, 0, 1, 0],839.7308016558047,52103.26715956506,108081.52425448055,false
17,G2_TEC,G2_TEC,[31, 22, 82, 15, 26, 9, 95, 42, 77, 68, 47, 5, 93, 78, 86, 54, 85, 63, 18, 44, 20, 49, 36, 14, 74, 50, 53, 17, 21, 28, 71, 64, 3, 23, 30, 83, 24, 41, 40, 52, 65, 27, 90, 70, 39, 87, 48, 69, 99, 4, 46, 1, 13, 58, 97, 59, 45, 8, 73, 37, 35, 79, 11, 66, 76, 32, 60, 80, 96, 6, 16, 61, 33, 7, 57, 34, 12, 67, 10, 98, 56, 84, 29, 75, 91, 38, 19, 92, 43, 88, 51, 72, 81, 25, 94, 55, 0, 89, 2, 62]|[2, 1, 2, 1, 1, 2, 1, 1, 1, 1, 1, 0, 2, 2, 1, 2, 0, 0, 0, 2, 2, 1, 0, 2, 0, 2, 2, 1, 0, 1, 1, 1, 0, 0, 1, 0, 2, 1, 2, 2, 0, 0, 1, 1, 0, 2, 0, 2, 1, 0, 0, 2, 0, 0, 2, 0, 1, 1, 0, 0, 2, 1, 0, 2, 2, 0, 2, 2, 0, 1, 2, 1, 1, 2, 0, 1, 1, 1, 1, 2, 2, 0, 1, 0, 1, 0, 1, 0, 1, 1, 1, 1, 1, 1, 2, 0, 0, 1, 2, 1]|[0, 3, 0, 3, 4, 1, 4, 4, 2, 4, 3, 2, 1, 0, 2, 1, 1, 1, 2, 1, 1, 3, 0, 1, 0, 1, 1, 4, 1, 4, 3, 2, 2, 0, 4, 1, 1, 4, 0, 1, 2, 1, 4, 4, 1, 1, 0, 2, 3, 1, 2, 1, 2, 1, 1, 2, 4, 3, 0, 2, 2, 3, 1, 0, 1, 2, 0, 1, 2, 4, 1, 3, 4, 1, 2, 4, 3, 3, 3, 1, 1, 2, 3, 2, 3, 2, 4, 2, 4, 4, 3, 4, 4, 4, 1, 2, 2, 4, 1, 3]|[0, 2, 0, 0, 3, 0, 1, 3, 0, 0, 2, 0, 1, 0, 1, 0, 0, 0, 1, 0, 0, 2, 0, 0, 1, 0, 0, 3, 0, 1, 0, 2, 0, 0, 3, 0, 1, 3, 1, 0, 0, 0, 1, 3, 0, 0, 1, 0, 2, 0, 0, 0, 0, 0, 1, 0, 1, 0, 1, 1, 0, 2, 0, 0, 0, 0, 0, 0, 0, 2, 0, 0, 1, 0, 0, 1, 0, 0, 3, 0, 0, 0, 0, 0, 0, 0, 3, 0, 2, 1, 0, 2, 1, 3, 0, 0, 0, 1, 0, 0],892.2298054767533,51127.53368008591,110771.24493057179,false
17,G3_TWC,G1_CMAX,[31, 22, 82, 15, 26, 9, 42, 95, 77, 12, 47, 5, 93, 78, 86, 54, 85, 63, 18, 44, 20, 35, 43, 97, 91, 76, 10, 30, 21, 45, 71, 64, 1, 23, 17, 83, 24, 14, 60, 36, 6, 57, 94, 88, 65, 56, 79, 40, 67, 68, 46, 75, 38, 58, 19, 32, 81, 41, 27, 62, 87, 90, 99, 59, 11, 16, 72, 73, 69, 39, 37, 84, 3, 92, 25, 55, 28, 29, 51, 7, 33, 61, 98, 66, 89, 50, 8, 96, 53, 80, 4, 48, 34, 2, 52, 13, 0, 70, 49, 74]|[1, 1, 0, 1, 1, 1, 2, 1, 2, 1, 2, 2, 2, 1, 1, 0, 0, 1, 0, 2, 2, 0, 1, 2, 0, 1, 2, 2, 0, 0, 1, 2, 1, 2, 1, 0, 2, 0, 1, 1, 0, 1, 1, 1, 0, 2, 1, 1, 0, 0, 0, 0, 1, 1, 2, 1, 2, 0, 0, 0, 2, 1, 0, 1, 2, 1, 2, 1, 1, 1, 1, 1, 1, 0, 1, 2, 0, 0, 0, 1, 2, 1, 0, 2, 1, 0, 1, 0, 0, 0, 0, 0, 2, 0, 1, 0, 0, 1, 0, 2]|[4, 3, 2, 2, 0, 0, 2, 2, 2, 4, 1, 1, 2, 4, 4, 1, 2, 4, 2, 1, 1, 1, 1, 2, 1, 2, 1, 1, 1, 1, 3, 2, 3, 0, 4, 0, 1, 1, 0, 3, 2, 2, 2, 0, 1, 1, 0, 4, 0, 1, 2, 2, 1, 4, 0, 3, 2, 1, 1, 2, 1, 3, 1, 1, 1, 3, 0, 4, 3, 1, 4, 1, 1, 0, 4, 1, 2, 1, 1, 3, 1, 3, 1, 1, 1, 1, 3, 1, 2, 1, 2, 1, 1, 2, 1, 2, 2, 3, 1, 1]|[0, 2, 1, 1, 3, 3, 0, 1, 0, 0, 0, 0, 1, 0, 1, 0, 0, 3, 1, 0, 0, 0, 3, 1, 0, 2, 0, 0, 0, 1, 0, 0, 0, 0, 3, 0, 1, 0, 0, 2, 1, 1, 1, 0, 0, 0, 0, 2, 1, 0, 0, 0, 1, 3, 0, 0, 1, 0, 0, 1, 0, 2, 0, 1, 0, 2, 1, 0, 0, 1, 1, 3, 1, 1, 3, 0, 1, 0, 0, 2, 0, 0, 0, 0, 1, 0, 2, 0, 1, 0, 1, 0, 0, 0, 1, 0, 0, 0, 1, 0],801.427594812029,57868.49349465401,91455.85780813712,true
17,G1_CMAX,G4_BALANCED,[31, 22, 82, 15, 26, 9, 95, 42, 77, 68, 47, 5, 93, 78, 86, 54, 85, 63, 18, 44, 20, 49, 36, 14, 74, 50, 53, 17, 21, 45, 71, 64, 3, 23, 30, 83, 24, 41, 60, 52, 65, 27, 90, 70, 39, 87, 48, 69, 99, 4, 46, 1, 13, 58, 97, 59, 33, 8, 73, 37, 35, 79, 11, 66, 76, 32, 40, 80, 96, 6, 16, 61, 28, 7, 57, 34, 12, 67, 10, 98, 56, 88, 29, 19, 91, 38, 75, 84, 43, 92, 51, 62, 81, 25, 2, 55, 0, 94, 89, 72]|[2, 1, 2, 1, 1, 2, 1, 1, 1, 1, 1, 0, 2, 2, 1, 2, 0, 0, 0, 2, 2, 1, 0, 2, 0, 2, 2, 1, 0, 1, 1, 1, 0, 0, 1, 0, 2, 1, 2, 2, 0, 0, 1, 1, 0, 2, 0, 2, 1, 0, 0, 2, 0, 0, 2, 0, 1, 1, 0, 0, 2, 1, 0, 2, 2, 0, 2, 2, 0, 1, 2, 1, 1, 2, 0, 1, 1, 1, 1, 0, 2, 1, 1, 1, 1, 0, 0, 0, 1, 0, 1, 1, 1, 1, 2, 0, 0, 2, 1, 1]|[0, 3, 0, 3, 4, 1, 4, 4, 2, 4, 3, 2, 1, 0, 2, 1, 1, 1, 2, 1, 1, 3, 0, 1, 0, 1, 1, 4, 1, 4, 3, 2, 2, 0, 4, 1, 1, 4, 0, 1, 2, 1, 4, 4, 1, 1, 0, 2, 3, 1, 2, 1, 2, 1, 1, 2, 4, 3, 0, 2, 2, 3, 1, 0, 1, 2, 0, 1, 2, 4, 1, 3, 4, 1, 2, 4, 3, 3, 3, 2, 1, 4, 3, 4, 3, 2, 2, 2, 4, 2, 3, 3, 4, 4, 1, 2, 2, 1, 4, 4]|[0, 2, 0, 0, 3, 0, 1, 3, 0, 0, 2, 0, 1, 0, 1, 0, 0, 0, 1, 0, 0, 2, 0, 0, 1, 0, 0, 3, 0, 1, 0, 2, 0, 1, 3, 0, 1, 3, 1, 0, 0, 0, 1, 3, 0, 0, 1, 0, 2, 0, 0, 0, 0, 0, 1, 0, 1, 0, 1, 1, 0, 2, 0, 0, 0, 0, 0, 0, 0, 2, 0, 0, 1, 0, 0, 1, 0, 0, 3, 0, 0, 1, 0, 3, 0, 0, 0, 0, 2, 0, 0, 0, 1, 3, 0, 0, 0, 0, 1, 2],886.8810247255285,51483.011269602,107501.97151127312,true
17,G4_BALANCED,G4_BALANCED,[31, 11, 82, 15, 26, 9, 95, 42, 77, 68, 47, 5, 93, 78, 86, 54, 85, 63, 76, 44, 20, 49, 36, 14, 74, 50, 53, 17, 21, 45, 71, 64, 3, 23, 30, 83, 24, 41, 60, 52, 65, 27, 90, 70, 39, 87, 48, 69, 99, 4, 46, 1, 13, 58, 97, 59, 28, 75, 73, 37, 35, 79, 22, 66, 18, 32, 40, 80, 96, 6, 56, 61, 33, 7, 57, 34, 12, 67, 10, 98, 16, 88, 29, 8, 91, 38, 19, 92, 72, 84, 51, 43, 81, 25, 2, 55, 0, 94, 89, 62]|[2, 1, 2, 1, 1, 2, 1, 1, 1, 1, 1, 0, 2, 2, 1, 2, 0, 0, 0, 2, 2, 1, 0, 2, 0, 2, 2, 1, 0, 1, 1, 1, 0, 0, 1, 0, 2, 1, 2, 2, 0, 0, 1, 1, 0, 2, 0, 2, 1, 0, 0, 2, 0, 0, 2, 0, 1, 0, 0, 0, 2, 1, 0, 2, 2, 0, 2, 2, 0, 1, 2, 1, 1, 2, 0, 1, 1, 1, 1, 2, 2, 1, 1, 1, 1, 0, 1, 0, 1, 0, 1, 1, 1, 1, 2, 0, 0, 2, 1, 1]|[0, 3, 0, 2, 4, 1, 4, 4, 2, 4, 3, 2, 1, 0, 2, 1, 1, 1, 2, 1, 1, 3, 0, 1, 0, 1, 1, 4, 1, 4, 3, 2, 2, 0, 4, 1, 1, 4, 0, 1, 2, 1, 4, 4, 1, 1, 0, 2, 3, 1, 2, 1, 2, 1, 1, 2, 4, 2, 0, 2, 2, 3, 1, 0, 1, 2, 0, 1, 2, 4, 1, 3, 4, 1, 2, 4, 3, 3, 3, 1, 1, 4, 3, 3, 3, 2, 4, 2, 4, 2, 3, 4, 1, 4, 1, 2, 2, 1, 4, 3]|[0, 2, 0, 1, 3, 0, 1, 3, 0, 0, 2, 0, 1, 0, 1, 0, 0, 0, 1, 0, 0, 2, 0, 0, 1, 0, 0, 3, 0, 1, 0, 2, 0, 1, 3, 0, 1, 3, 1, 0, 0, 0, 1, 3, 0, 0, 1, 0, 2, 0, 0, 0, 0, 0, 1, 0, 1, 0, 1, 1, 0, 2, 0, 0, 0, 0, 0, 0, 0, 2, 0, 0, 1, 0, 0, 1, 0, 0, 3, 0, 0, 1, 0, 0, 0, 0, 3, 0, 2, 0, 0, 2, 1, 3, 0, 0, 0, 0, 1, 0],839.7308016558047,52103.26715956506,108081.52425448055,false
17,G2_TEC,G2_TEC,[31, 22, 82, 15, 26, 9, 95, 42, 77, 68, 47, 5, 93, 78, 86, 54, 85, 63, 18, 44, 20, 49, 36, 14, 74, 50, 53, 25, 21, 28, 71, 64, 3, 23, 30, 83, 24, 41, 40, 52, 65, 27, 90, 70, 39, 87, 48, 69, 99, 4, 46, 1, 13, 58, 97, 59, 45, 8, 73, 37, 35, 79, 11, 66, 76, 32, 60, 80, 96, 6, 16, 61, 33, 7, 57, 34, 12, 67, 10, 98, 56, 88, 29, 75, 91, 38, 19, 92, 43, 84, 51, 72, 81, 17, 2, 55, 0, 62, 89, 94]|[2, 1, 2, 1, 1, 2, 1, 1, 1, 1, 1, 0, 2, 2, 1, 2, 0, 0, 0, 2, 2, 1, 0, 2, 0, 2, 2, 1, 0, 1, 1, 1, 0, 0, 1, 0, 2, 1, 2, 2, 0, 0, 1, 1, 0, 2, 0, 2, 1, 0, 0, 2, 0, 0, 2, 0, 1, 1, 0, 0, 2, 1, 0, 2, 2, 0, 2, 2, 0, 1, 2, 1, 1, 2, 0, 1, 1, 1, 1, 2, 2, 1, 1, 0, 1, 0, 1, 0, 1, 0, 1, 1, 1, 1, 2, 0, 0, 1, 1, 2]|[0, 3, 0, 3, 4, 1, 4, 4, 2, 4, 3, 2, 1, 0, 2, 1, 1, 1, 2, 1, 1, 3, 0, 1, 0, 1, 1, 4, 1, 4, 3, 2, 2, 0, 4, 1, 1, 4, 0, 1, 2, 1, 4, 4, 1, 1, 0, 2, 3, 1, 2, 1, 2, 1, 1, 2, 4, 3, 0, 2, 2, 3, 1, 0, 1, 2, 0, 1, 2, 4, 1, 3, 4, 1, 2, 4, 3, 3, 3, 1, 1, 4, 3, 2, 3, 2, 4, 2, 4, 2, 3, 4, 4, 4, 1, 2, 2, 3, 4, 1]|[0, 2, 0, 0, 3, 0, 1, 3, 0, 0, 2, 0, 1, 0, 1, 0, 0, 0, 1, 0, 0, 2, 0, 0, 1, 0, 0, 3, 0, 1, 0, 2, 0, 0, 3, 0, 1, 3, 0, 0, 0, 0, 1, 3, 0, 0, 1, 0, 2, 0, 0, 0, 0, 0, 1, 0, 1, 0, 1, 1, 0, 2, 0, 0, 0, 0, 0, 0, 0, 2, 0, 0, 1, 0, 0, 1, 0, 0, 3, 0, 0, 1, 0, 0, 0, 0, 3, 0, 2, 0, 0, 2, 1, 3, 0, 0, 0, 0, 1, 0],890.9074744783937,50765.917855663734,113588.58833646381,false
17,G3_TWC,G1_CMAX,[31, 22, 82, 15, 26, 9, 42, 95, 77, 12, 47, 5, 93, 78, 86, 54, 85, 63, 18, 44, 20, 35, 43, 97, 91, 76, 10, 30, 21, 45, 71, 64, 1, 23, 17, 83, 24, 14, 60, 36, 6, 57, 94, 88, 65, 56, 79, 40, 67, 68, 46, 75, 38, 58, 19, 32, 81, 41, 27, 62, 87, 90, 99, 59, 11, 16, 72, 73, 69, 39, 37, 84, 3, 92, 25, 55, 28, 29, 51, 7, 33, 61, 98, 66, 89, 50, 8, 96, 53, 80, 4, 48, 34, 2, 52, 13, 0, 70, 49, 74]|[1, 1, 0, 1, 1, 1, 2, 1, 2, 1, 2, 2, 2, 1, 1, 0, 0, 1, 0, 2, 2, 0, 1, 2, 0, 1, 2, 2, 0, 0, 1, 2, 1, 2, 1, 0, 2, 0, 1, 1, 0, 1, 1, 1, 0, 2, 1, 1, 0, 0, 0, 0, 1, 1, 2, 1, 2, 0, 0, 0, 2, 1, 0, 1, 2, 1, 2, 1, 1, 1, 1, 1, 1, 0, 1, 2, 0, 0, 0, 1, 2, 1, 0, 2, 1, 0, 1, 0, 0, 0, 0, 0, 2, 0, 1, 0, 0, 1, 0, 2]|[4, 3, 2, 2, 0, 0, 2, 2, 2, 4, 1, 1, 2, 4, 4, 1, 2, 4, 2, 1, 1, 1, 1, 2, 1, 2, 1, 1, 1, 1, 3, 2, 3, 0, 4, 0, 1, 1, 0, 3, 2, 2, 2, 0, 1, 1, 0, 4, 0, 1, 2, 2, 1, 4, 0, 3, 2, 1, 1, 2, 1, 3, 1, 1, 1, 3, 0, 4, 3, 1, 4, 1, 1, 0, 4, 1, 2, 1, 1, 3, 1, 3, 1, 1, 1, 1, 3, 1, 2, 1, 2, 1, 1, 2, 1, 2, 2, 3, 1, 1]|[0, 2, 1, 1, 3, 3, 0, 1, 0, 0, 0, 0, 1, 0, 1, 0, 0, 3, 1, 0, 0, 0, 3, 1, 0, 2, 0, 0, 0, 1, 0, 0, 0, 0, 3, 0, 1, 0, 0, 2, 1, 1, 1, 0, 0, 0, 0, 2, 1, 0, 0, 0, 1, 3, 0, 0, 1, 0, 0, 1, 0, 2, 0, 1, 0, 2, 1, 0, 0, 1, 1, 3, 1, 1, 3, 0, 1, 0, 0, 2, 0, 0, 0, 0, 1, 0, 2, 0, 1, 0, 1, 0, 0, 0, 1, 0, 0, 0, 1, 0],801.427594812029,57868.49349465401,91455.85780813712,true
17,G1_CMAX,G1_CMAX,[31, 22, 82, 15, 26, 9, 42, 77, 12, 5, 47, 93, 78, 86, 54, 6, 63, 18, 44, 20, 35, 43, 97, 91, 76, 10, 30, 21, 45, 17, 23, 1, 71, 83, 24, 14, 60, 36, 85, 57, 40, 95, 88, 65, 56, 79, 94, 67, 68, 46, 75, 38, 58, 19, 32, 81, 41, 62, 87, 28, 90, 59, 11, 16, 72, 73, 69, 52, 37, 64, 84, 3, 25, 29, 55, 51, 7, 98, 61, 66, 99, 33, 89, 48, 50, 96, 53, 80, 4, 8, 27, 2, 39, 13, 0, 92, 49, 74, 34, 70]|[1, 1, 0, 1, 1, 1, 2, 2, 1, 2, 2, 1, 1, 1, 0, 0, 1, 0, 2, 2, 0, 1, 2, 2, 1, 2, 2, 0, 0, 1, 2, 1, 1, 0, 2, 0, 1, 1, 0, 1, 1, 1, 1, 0, 2, 1, 1, 0, 0, 0, 0, 1, 1, 2, 1, 2, 0, 0, 2, 0, 1, 2, 2, 1, 2, 1, 1, 1, 1, 1, 1, 2, 1, 0, 2, 0, 1, 2, 1, 0, 0, 2, 1, 0, 0, 2, 0, 0, 1, 1, 0, 0, 1, 0, 0, 0, 0, 2, 2, 1]|[0, 3, 1, 2, 0, 0, 1, 1, 4, 1, 1, 4, 4, 4, 2, 2, 4, 2, 1, 1, 1, 1, 2, 1, 2, 1, 1, 1, 1, 4, 0, 3, 3, 0, 1, 1, 0, 3, 2, 2, 2, 2, 0, 1, 1, 0, 4, 0, 1, 2, 2, 1, 4, 0, 3, 2, 1, 2, 1, 2, 3, 1, 1, 3, 0, 4, 4, 1, 4, 3, 1, 2, 4, 1, 1, 1, 1, 1, 3, 1, 1, 1, 1, 1, 1, 1, 2, 1, 4, 3, 2, 2, 1, 2, 2, 0, 1, 1, 1, 4]|[1, 1, 1, 1, 3, 3, 0, 0, 0, 0, 0, 2, 0, 1, 0, 0, 3, 1, 0, 0, 0, 3, 1, 0, 2, 0, 0, 0, 1, 3, 0, 0, 0, 0, 1, 0, 0, 2, 1, 1, 1, 1, 0, 0, 0, 0, 2, 1, 0, 0, 0, 1, 3, 0, 0, 1, 0, 1, 0, 1, 2, 0, 0, 2, 1, 0, 2, 1, 1, 0, 3, 1, 3, 0, 0, 0, 2, 0, 0, 0, 0, 0, 1, 0, 0, 0, 1, 0, 0, 2, 1, 0, 1, 0, 0, 1, 1, 0, 0, 2],733.3116759547878,58140.55643565909,96674.14109675489,false
17,G4_BALANCED,G4_BALANCED,[31, 11, 82, 15, 26, 9, 95, 42, 77, 68, 47, 5, 93, 78, 86, 54, 85, 63, 76, 44, 20, 49, 36, 14, 74, 50, 53, 17, 21, 45, 71, 64, 3, 23, 30, 83, 24, 41, 60, 52, 65, 27, 90, 70, 39, 87, 48, 69, 99, 4, 46, 1, 13, 58, 97, 59, 28, 75, 73, 37, 35, 79, 22, 66, 18, 32, 40, 80, 96, 6, 56, 61, 33, 7, 57, 34, 12, 67, 10, 98, 16, 88, 29, 8, 91, 38, 19, 92, 72, 84, 51, 43, 81, 25, 2, 55, 0, 94, 89, 62]|[2, 1, 2, 1, 1, 2, 1, 1, 1, 1, 1, 0, 2, 2, 1, 2, 0, 0, 0, 2, 2, 1, 0, 2, 0, 2, 2, 1, 0, 1, 1, 1, 0, 0, 1, 0, 2, 1, 2, 2, 0, 0, 1, 1, 0, 2, 0, 2, 1, 0, 0, 2, 0, 0, 2, 0, 1, 0, 0, 0, 2, 1, 0, 2, 2, 0, 2, 2, 0, 1, 2, 1, 1, 2, 0, 1, 1, 1, 1, 2, 2, 1, 1, 1, 1, 0, 1, 0, 1, 0, 1, 1, 1, 1, 2, 0, 0, 2, 1, 1]|[0, 3, 0, 2, 4, 1, 4, 4, 2, 4, 3, 2, 1, 0, 2, 1, 1, 1, 2, 1, 1, 3, 0, 1, 0, 1, 1, 4, 1, 4, 3, 2, 2, 0, 4, 1, 1, 4, 0, 1, 2, 1, 4, 4, 1, 1, 0, 2, 3, 1, 2, 1, 2, 1, 1, 2, 4, 2, 0, 2, 2, 3, 1, 0, 1, 2, 0, 1, 2, 4, 1, 3, 4, 1, 2, 4, 3, 3, 3, 1, 1, 4, 3, 3, 3, 2, 4, 2, 4, 2, 3, 4, 1, 4, 1, 2, 2, 1, 4, 3]|[0, 2, 0, 1, 3, 0, 1, 3, 0, 0, 2, 0, 1, 0, 1, 0, 0, 0, 1, 0, 0, 2, 0, 0, 1, 0, 0, 3, 0, 1, 0, 2, 0, 1, 3, 0, 1, 3, 1, 0, 0, 0, 1, 3, 0, 0, 1, 0, 2, 0, 0, 0, 0, 0, 1, 0, 1, 0, 1, 1, 0, 2, 0, 0, 0, 0, 0, 0, 0, 2, 0, 0, 1, 0, 0, 1, 0, 0, 3, 0, 0, 1, 0, 0, 0, 0, 3, 0, 2, 0, 0, 2, 1, 3, 0, 0, 0, 0, 1, 0],839.7308016558047,52103.26715956506,108081.52425448055,false
17,G2_TEC,G2_TEC,[31, 22, 82, 15, 26, 9, 95, 42, 77, 68, 47, 5, 93, 78, 86, 54, 85, 63, 18, 44, 20, 49, 36, 14, 74, 50, 53, 25, 21, 28, 71, 64, 3, 23, 30, 83, 24, 41, 40, 52, 65, 27, 90, 70, 39, 87, 48, 69, 99, 4, 46, 1, 13, 58, 97, 59, 45, 8, 73, 37, 35, 79, 11, 66, 76, 32, 60, 80, 96, 6, 16, 61, 33, 7, 57, 34, 12, 67, 10, 98, 56, 88, 29, 75, 91, 38, 19, 92, 43, 84, 51, 72, 81, 17, 2, 55, 0, 62, 89, 94]|[2, 1, 2, 1, 1, 2, 1, 1, 1, 1, 1, 0, 2, 2, 1, 2, 0, 0, 0, 2, 2, 1, 0, 2, 0, 2, 2, 1, 0, 1, 1, 1, 0, 0, 1, 0, 2, 1, 2, 2, 0, 0, 1, 1, 0, 2, 0, 2, 1, 0, 0, 2, 0, 0, 2, 0, 1, 1, 0, 0, 2, 1, 0, 2, 2, 0, 2, 2, 0, 1, 2, 1, 1, 2, 0, 1, 1, 1, 1, 2, 2, 1, 1, 0, 1, 0, 1, 0, 1, 0, 1, 1, 1, 1, 2, 0, 0, 1, 1, 2]|[0, 3, 0, 3, 4, 1, 4, 4, 2, 4, 3, 2, 1, 0, 2, 1, 1, 1, 2, 1, 1, 3, 0, 1, 0, 1, 1, 4, 1, 4, 3, 2, 2, 0, 4, 1, 1, 4, 0, 1, 2, 1, 4, 4, 1, 1, 0, 2, 3, 1, 2, 1, 2, 1, 1, 2, 4, 3, 0, 2, 2, 3, 1, 0, 1, 2, 0, 1, 2, 4, 1, 3, 4, 1, 2, 4, 3, 3, 3, 1, 1, 4, 3, 2, 3, 2, 4, 2, 4, 2, 3, 4, 4, 4, 1, 2, 2, 3, 4, 1]|[0, 2, 0, 0, 3, 0, 1, 3, 0, 0, 2, 0, 1, 0, 1, 0, 0, 0, 1, 0, 0, 2, 0, 0, 1, 0, 0, 3, 0, 1, 0, 2, 0, 0, 3, 0, 1, 3, 0, 0, 0, 0, 1, 3, 0, 0, 1, 0, 2, 0, 0, 0, 0, 0, 1, 0, 1, 0, 1, 1, 0, 2, 0, 0, 0, 0, 0, 0, 0, 2, 0, 0, 1, 0, 0, 1, 0, 0, 3, 0, 0, 1, 0, 0, 0, 0, 3, 0, 2, 0, 0, 2, 1, 3, 0, 0, 0, 0, 1, 0],890.9074744783937,50765.917855663734,113588.58833646381,false
17,G3_TWC,G1_CMAX,[31, 22, 82, 15, 26, 9, 42, 95, 77, 12, 47, 5, 93, 78, 86, 54, 85, 63, 18, 44, 20, 35, 43, 97, 91, 76, 10, 30, 21, 45, 71, 64, 1, 23, 17, 83, 24, 14, 60, 36, 6, 57, 94, 88, 65, 56, 79, 40, 67, 68, 46, 75, 38, 58, 19, 32, 81, 41, 27, 62, 87, 90, 99, 59, 11, 16, 72, 73, 69, 39, 37, 84, 3, 92, 25, 55, 28, 29, 51, 7, 33, 61, 98, 66, 89, 50, 8, 96, 53, 80, 4, 48, 34, 2, 52, 13, 0, 70, 49, 74]|[1, 1, 0, 1, 1, 1, 2, 1, 2, 1, 2, 2, 2, 1, 1, 0, 0, 1, 0, 2, 2, 0, 1, 2, 0, 1, 2, 2, 0, 0, 1, 2, 1, 2, 1, 0, 2, 0, 1, 1, 0, 1, 1, 1, 0, 2, 1, 1, 0, 0, 0, 0, 1, 1, 2, 1, 2, 0, 0, 0, 2, 1, 0, 1, 2, 1, 2, 1, 1, 1, 1, 1, 1, 0, 1, 2, 0, 0, 0, 1, 2, 1, 0, 2, 1, 0, 1, 0, 0, 0, 0, 0, 2, 0, 1, 0, 0, 1, 0, 2]|[4, 3, 2, 2, 0, 0, 2, 2, 2, 4, 1, 1, 2, 4, 4, 1, 2, 4, 2, 1, 1, 1, 1, 2, 1, 2, 1, 1, 1, 1, 3, 2, 3, 0, 4, 0, 1, 1, 0, 3, 2, 2, 2, 0, 1, 1, 0, 4, 0, 1, 2, 2, 1, 4, 0, 3, 2, 1, 1, 2, 1, 3, 1, 1, 1, 3, 0, 4, 3, 1, 4, 1, 1, 0, 4, 1, 2, 1, 1, 3, 1, 3, 1, 1, 1, 1, 3, 1, 2, 1, 2, 1, 1, 2, 1, 2, 2, 3, 1, 1]|[0, 2, 1, 1, 3, 3, 0, 1, 0, 0, 0, 0, 1, 0, 1, 0, 0, 3, 1, 0, 0, 0, 3, 1, 0, 2, 0, 0, 0, 1, 0, 0, 0, 0, 3, 0, 1, 0, 0, 2, 1, 1, 1, 0, 0, 0, 0, 2, 1, 0, 0, 0, 1, 3, 0, 0, 1, 0, 0, 1, 0, 2, 0, 1, 0, 2, 1, 0, 0, 1, 1, 3, 1, 1, 3, 0, 1, 0, 0, 2, 0, 0, 0, 0, 1, 0, 2, 0, 1, 0, 1, 0, 0, 0, 1, 0, 0, 0, 1, 0],801.427594812029,57868.49349465401,91455.85780813712,true
17,G1_CMAX,G1_CMAX,[31, 22, 82, 15, 26, 9, 42, 77, 12, 5, 47, 93, 78, 86, 54, 6, 63, 18, 44, 20, 35, 43, 97, 91, 76, 10, 30, 21, 45, 17, 23, 1, 71, 83, 24, 14, 60, 36, 85, 57, 40, 95, 88, 65, 56, 79, 94, 67, 68, 46, 75, 38, 58, 19, 32, 81, 41, 62, 87, 28, 90, 59, 11, 16, 72, 73, 69, 52, 37, 64, 84, 3, 25, 29, 55, 51, 7, 98, 61, 66, 99, 33, 89, 48, 50, 96, 53, 80, 4, 8, 27, 2, 39, 13, 0, 92, 49, 74, 34, 70]|[1, 1, 0, 1, 1, 1, 2, 2, 1, 2, 2, 1, 1, 1, 0, 0, 1, 0, 2, 2, 0, 1, 2, 2, 1, 2, 2, 0, 0, 1, 2, 1, 1, 0, 2, 0, 1, 1, 0, 1, 1, 1, 1, 0, 2, 1, 1, 0, 0, 0, 0, 1, 1, 2, 1, 2, 0, 0, 2, 0, 1, 2, 2, 1, 2, 1, 1, 1, 1, 1, 1, 2, 1, 0, 2, 0, 1, 2, 1, 0, 0, 2, 1, 0, 0, 2, 0, 0, 1, 1, 0, 0, 1, 0, 0, 0, 0, 2, 2, 1]|[0, 3, 1, 2, 0, 0, 1, 1, 4, 1, 1, 4, 4, 4, 2, 2, 4, 2, 1, 1, 1, 1, 2, 1, 2, 1, 1, 1, 1, 4, 0, 3, 3, 0, 1, 1, 0, 3, 2, 2, 2, 2, 0, 1, 1, 0, 4, 0, 1, 2, 2, 1, 4, 0, 3, 2, 1, 2, 1, 2, 3, 1, 1, 3, 0, 4, 4, 1, 4, 3, 1, 2, 4, 1, 1, 1, 1, 1, 3, 1, 1, 1, 1, 1, 1, 1, 2, 1, 4, 3, 2, 2, 1, 2, 2, 0, 1, 1, 1, 4]|[1, 1, 1, 1, 3, 3, 0, 0, 0, 0, 0, 2, 0, 1, 0, 0, 3, 1, 0, 0, 0, 3, 1, 0, 2, 0, 0, 0, 1, 3, 0, 0, 0, 0, 1, 0, 0, 2, 1, 1, 1, 1, 0, 0, 0, 0, 2, 1, 0, 0, 0, 1, 3, 0, 0, 1, 0, 1, 0, 1, 2, 0, 0, 2, 1, 0, 2, 1, 1, 0, 3, 1, 3, 0, 0, 0, 2, 0, 0, 0, 0, 0, 1, 0, 0, 0, 1, 0, 0, 2, 1, 0, 1, 0, 0, 1, 1, 0, 0, 2],733.3116759547878,58140.55643565909,96674.14109675489,false
17,G4_BALANCED,G4_BALANCED,[31, 11, 82, 15, 26, 9, 95, 42, 77, 68, 47, 5, 93, 78, 86, 54, 85, 63, 18, 44, 20, 49, 36, 14, 74, 50, 53, 17, 21, 45, 71, 64, 3, 23, 30, 83, 24, 41, 60, 52, 65, 27, 90, 70, 39, 87, 48, 69, 99, 4, 46, 1, 13, 58, 97, 59, 28, 75, 73, 37, 35, 79, 22, 66, 76, 32, 40, 80, 96, 6, 61, 16, 33, 7, 57, 34, 12, 67, 10, 98, 56, 88, 29, 25, 91, 38, 19, 92, 43, 84, 51, 72, 81, 8, 2, 55, 0, 62, 89, 94]|[2, 1, 2, 1, 1, 2, 1, 1, 1, 1, 1, 0, 2, 2, 1, 2, 0, 0, 0, 2, 2, 1, 0, 2, 0, 2, 2, 1, 0, 1, 1, 1, 0, 0, 1, 0, 2, 1, 2, 2, 0, 0, 1, 1, 0, 2, 0, 2, 1, 0, 0, 2, 0, 0, 2, 0, 1, 1, 0, 0, 2, 1, 0, 2, 2, 0, 2, 2, 0, 1, 1, 2, 1, 2, 0, 1, 1, 1, 1, 2, 2, 1, 1, 1, 1, 0, 1, 0, 1, 0, 1, 1, 1, 0, 2, 0, 0, 1, 1, 2]|[0, 3, 0, 2, 4, 1, 4, 4, 2, 4, 3, 2, 1, 0, 2, 1, 1, 1, 2, 1, 1, 3, 0, 1, 0, 1, 1, 4, 1, 4, 3, 2, 2, 0, 4, 1, 1, 4, 0, 1, 2, 1, 4, 4, 1, 1, 0, 2, 3, 1, 2, 1, 2, 1, 1, 2, 4, 3, 0, 2, 2, 3, 1, 0, 1, 2, 0, 1, 2, 4, 3, 1, 4, 1, 2, 4, 3, 3, 3, 1, 1, 4, 3, 4, 3, 2, 4, 2, 4, 2, 3, 4, 1, 2, 1, 2, 2, 3, 4, 1]|[0, 2, 0, 1, 3, 0, 1, 3, 0, 0, 2, 0, 1, 0, 1, 0, 0, 0, 1, 0, 0, 2, 0, 0, 1, 0, 0, 3, 0, 1, 0, 2, 0, 1, 3, 0, 1, 3, 0, 0, 0, 0, 1, 3, 0, 0, 1, 0, 2, 0, 0, 0, 0, 0, 1, 0, 1, 0, 1, 1, 0, 2, 0, 0, 0, 0, 0, 0, 0, 2, 0, 0, 1, 0, 0, 1, 0, 0, 3, 0, 0, 1, 0, 3, 0, 0, 3, 0, 2, 0, 0, 2, 1, 0, 0, 0, 0, 0, 1, 0],855.0393744413956,51684.66824914086,111484.00316030454,false
17,G2_TEC,G2_TEC,[31, 22, 82, 15, 26, 9, 95, 42, 77, 68, 47, 5, 93, 78, 86, 54, 85, 63, 18, 44, 20, 49, 36, 14, 74, 50, 53, 25, 21, 28, 71, 64, 3, 23, 30, 83, 24, 41, 40, 52, 65, 27, 90, 70, 39, 87, 48, 69, 99, 4, 46, 1, 13, 58, 97, 59, 45, 8, 73, 37, 35, 79, 11, 66, 76, 32, 60, 80, 96, 6, 16, 61, 33, 7, 57, 34, 12, 67, 10, 98, 56, 88, 29, 75, 91, 38, 19, 92, 43, 84, 51, 72, 81, 17, 2, 55, 0, 62, 89, 94]|[2, 1, 2, 1, 1, 2, 1, 1, 1, 1, 1, 0, 2, 2, 1, 2, 0, 0, 0, 2, 2, 1, 0, 2, 0, 2, 2, 1, 0, 1, 1, 1, 0, 0, 1, 0, 2, 1, 2, 2, 0, 0, 1, 1, 0, 2, 0, 2, 1, 0, 0, 2, 0, 0, 2, 0, 1, 1, 0, 0, 2, 1, 0, 2, 2, 0, 2, 2, 0, 1, 2, 1, 1, 2, 0, 1, 1, 1, 1, 2, 2, 1, 1, 0, 1, 0, 1, 0, 1, 0, 1, 1, 1, 1, 2, 0, 0, 1, 1, 2]|[0, 3, 0, 3, 4, 1, 4, 4, 2, 4, 3, 2, 1, 0, 2, 1, 1, 1, 2, 1, 1, 3, 0, 1, 0, 1, 1, 4, 1, 4, 3, 2, 2, 0, 4, 1, 1, 4, 0, 1, 2, 1, 4, 4, 1, 1, 0, 2, 3, 1, 2, 1, 2, 1, 1, 2, 4, 3, 0, 2, 2, 3, 1, 0, 1, 2, 0, 1, 2, 4, 1, 3, 4, 1, 2, 4, 3, 3, 3, 1, 1, 4, 3, 2, 3, 2, 4, 2, 4, 2, 3, 4, 4, 4, 1, 2, 2, 3, 4, 1]|[0, 2, 0, 0, 3, 0, 1, 3, 0, 0, 2, 0, 1, 0, 1, 0, 0, 0, 1, 0, 0, 2, 0, 0, 1, 0, 0, 3, 0, 1, 0, 2, 0, 0, 3, 0, 1, 3, 0, 0, 0, 0, 1, 3, 0, 0, 1, 0, 2, 0, 0, 0, 0, 0, 1, 0, 1, 0, 1, 1, 0, 2, 0, 0, 0, 0, 0, 0, 0, 2, 0, 0, 1, 0, 0, 1, 0, 0, 3, 0, 0, 1, 0, 0, 0, 0, 3, 0, 2, 0, 0, 2, 1, 3, 0, 0, 0, 0, 1, 0],890.9074744783937,50765.917855663734,113588.58833646381,false
17,G3_TWC,G1_CMAX,[31, 22, 82, 15, 26, 9, 42, 95, 77, 12, 47, 5, 93, 78, 86, 54, 85, 63, 18, 44, 20, 35, 43, 97, 91, 76, 10, 30, 21, 45, 71, 64, 1, 23, 17, 83, 24, 14, 60, 36, 6, 57, 94, 88, 65, 56, 79, 40, 67, 68, 46, 75, 38, 58, 19, 32, 81, 41, 27, 62, 87, 90, 99, 59, 11, 16, 72, 73, 69, 39, 37, 84, 3, 92, 25, 55, 28, 29, 51, 7, 33, 61, 98, 66, 89, 50, 8, 96, 53, 80, 4, 48, 34, 2, 52, 13, 0, 70, 49, 74]|[1, 1, 0, 1, 1, 1, 2, 1, 2, 1, 2, 2, 2, 1, 1, 0, 0, 1, 0, 2, 2, 0, 1, 2, 0, 1, 2, 2, 0, 0, 1, 2, 1, 2, 1, 0, 2, 0, 1, 1, 0, 1, 1, 1, 0, 2, 1, 1, 0, 0, 0, 0, 1, 1, 2, 1, 2, 0, 0, 0, 2, 1, 0, 1, 2, 1, 2, 1, 1, 1, 1, 1, 1, 0, 1, 2, 0, 0, 0, 1, 2, 1, 0, 2, 1, 0, 1, 0, 0, 0, 0, 0, 2, 0, 1, 0, 0, 1, 0, 2]|[4, 3, 2, 2, 0, 0, 2, 2, 2, 4, 1, 1, 2, 4, 4, 1, 2, 4, 2, 1, 1, 1, 1, 2, 1, 2, 1, 1, 1, 1, 3, 2, 3, 0, 4, 0, 1, 1, 0, 3, 2, 2, 2, 0, 1, 1, 0, 4, 0, 1, 2, 2, 1, 4, 0, 3, 2, 1, 1, 2, 1, 3, 1, 1, 1, 3, 0, 4, 3, 1, 4, 1, 1, 0, 4, 1, 2, 1, 1, 3, 1, 3, 1, 1, 1, 1, 3, 1, 2, 1, 2, 1, 1, 2, 1, 2, 2, 3, 1, 1]|[0, 2, 1, 1, 3, 3, 0, 1, 0, 0, 0, 0, 1, 0, 1, 0, 0, 3, 1, 0, 0, 0, 3, 1, 0, 2, 0, 0, 0, 1, 0, 0, 0, 0, 3, 0, 1, 0, 0, 2, 1, 1, 1, 0, 0, 0, 0, 2, 1, 0, 0, 0, 1, 3, 0, 0, 1, 0, 0, 1, 0, 2, 0, 1, 0, 2, 1, 0, 0, 1, 1, 3, 1, 1, 3, 0, 1, 0, 0, 2, 0, 0, 0, 0, 1, 0, 2, 0, 1, 0, 1, 0, 0, 0, 1, 0, 0, 0, 1, 0],801.427594812029,57868.49349465401,91455.85780813712,true
17,G1_CMAX,G1_CMAX,[31, 22, 82, 15, 26, 9, 42, 77, 12, 5, 47, 93, 78, 86, 54, 6, 63, 18, 44, 20, 35, 43, 97, 91, 76, 10, 30, 21, 45, 17, 23, 1, 71, 83, 24, 14, 60, 36, 85, 57, 40, 95, 88, 65, 56, 79, 94, 67, 68, 46, 75, 38, 58, 19, 32, 81, 41, 62, 87, 28, 90, 59, 11, 16, 72, 73, 69, 52, 37, 64, 84, 3, 25, 29, 55, 51, 7, 98, 61, 66, 99, 33, 89, 48, 50, 96, 53, 80, 4, 8, 27, 2, 39, 13, 0, 92, 49, 74, 34, 70]|[1, 1, 0, 1, 1, 1, 2, 2, 1, 2, 2, 1, 1, 1, 0, 0, 1, 0, 2, 2, 0, 1, 2, 2, 1, 2, 2, 0, 0, 1, 2, 1, 1, 0, 2, 0, 1, 1, 0, 1, 1, 1, 1, 0, 2, 1, 1, 0, 0, 0, 0, 1, 1, 2, 1, 2, 0, 0, 2, 0, 1, 2, 2, 1, 2, 1, 1, 1, 1, 1, 1, 2, 1, 0, 2, 0, 1, 2, 1, 0, 0, 2, 1, 0, 0, 2, 0, 0, 1, 1, 0, 0, 1, 0, 0, 0, 0, 2, 2, 1]|[0, 3, 1, 2, 0, 0, 1, 1, 4, 1, 1, 4, 4, 4, 2, 2, 4, 2, 1, 1, 1, 1, 2, 1, 2, 1, 1, 1, 1, 4, 0, 3, 3, 0, 1, 1, 0, 3, 2, 2, 2, 2, 0, 1, 1, 0, 4, 0, 1, 2, 2, 1, 4, 0, 3, 2, 1, 2, 1, 2, 3, 1, 1, 3, 0, 4, 4, 1, 4, 3, 1, 2, 4, 1, 1, 1, 1, 1, 3, 1, 1, 1, 1, 1, 1, 1, 2, 1, 4, 3, 2, 2, 1, 2, 2, 0, 1, 1, 1, 4]|[1, 1, 1, 1, 3, 3, 0, 0, 0, 0, 0, 2, 0, 1, 0, 0, 3, 1, 0, 0, 0, 3, 1, 0, 2, 0, 0, 0, 1, 3, 0, 0, 0, 0, 1, 0, 0, 2, 1, 1, 1, 1, 0, 0, 0, 0, 2, 1, 0, 0, 0, 1, 3, 0, 0, 1, 0, 1, 0, 1, 2, 0, 0, 2, 1, 0, 2, 1, 1, 0, 3, 1, 3, 0, 0, 0, 2, 0, 0, 0, 0, 0, 1, 0, 0, 0, 1, 0, 0, 2, 1, 0, 1, 0, 0, 1, 1, 0, 0, 2],733.3116759547878,58140.55643565909,96674.14109675489,false
17,G4_BALANCED,G4_BALANCED,[31, 11, 82, 15, 26, 9, 95, 42, 77, 68, 47, 5, 93, 78, 86, 54, 85, 63, 18, 44, 20, 49, 36, 14, 74, 50, 53, 17, 21, 45, 71, 64, 3, 23, 30, 83, 24, 41, 60, 52, 65, 27, 90, 70, 39, 87, 48, 69, 99, 4, 46, 1, 13, 58, 97, 59, 28, 75, 73, 37, 35, 79, 22, 66, 76, 32, 40, 80, 96, 6, 61, 16, 33, 7, 57, 34, 12, 67, 10, 98, 56, 88, 29, 25, 91, 38, 19, 92, 43, 84, 51, 72, 81, 8, 2, 55, 0, 62, 89, 94]|[2, 1, 2, 1, 1, 2, 1, 1, 1, 1, 1, 0, 2, 2, 1, 2, 0, 0, 0, 2, 2, 1, 0, 2, 0, 2, 2, 1, 0, 1, 1, 1, 0, 0, 1, 0, 2, 1, 2, 2, 0, 0, 1, 1, 0, 2, 0, 2, 1, 0, 0, 2, 0, 0, 2, 0, 1, 1, 0, 0, 2, 1, 0, 2, 2, 0, 2, 2, 0, 1, 1, 2, 1, 2, 0, 1, 1, 1, 1, 2, 2, 1, 1, 1, 1, 0, 1, 0, 1, 0, 1, 1, 1, 0, 2, 0, 0, 1, 1, 2]|[0, 3, 0, 2, 4, 1, 4, 4, 2, 4, 3, 2, 1, 0, 2, 1, 1, 1, 2, 1, 1, 3, 0, 1, 0, 1, 1, 4, 1, 4, 3, 2, 2, 0, 4, 1, 1, 4, 0, 1, 2, 1, 4, 4, 1, 1, 0, 2, 3, 1, 2, 1, 2, 1, 1, 2, 4, 3, 0, 2, 2, 3, 1, 0, 1, 2, 0, 1, 2, 4, 3, 1, 4, 1, 2, 4, 3, 3, 3, 1, 1, 4, 3, 4, 3, 2, 4, 2, 4, 2, 3, 4, 1, 2, 1, 2, 2, 3, 4, 1]|[0, 2, 0, 1, 3, 0, 1, 3, 0, 0, 2, 0, 1, 0, 1, 0, 0, 0, 1, 0, 0, 2, 0, 0, 1, 0, 0, 3, 0, 1, 0, 2, 0, 1, 3, 0, 1, 3, 0, 0, 0, 0, 1, 3, 0, 0, 1, 0, 2, 0, 0, 0, 0, 0, 1, 0, 1, 0, 1, 1, 0, 2, 0, 0, 0, 0, 0, 0, 0, 2, 0, 0, 1, 0, 0, 1, 0, 0, 3, 0, 0, 1, 0, 3, 0, 0, 3, 0, 2, 0, 0, 2, 1, 0, 0, 0, 0, 0, 1, 0],855.0393744413956,51684.66824914086,111484.00316030454,false
17,G2_TEC,G4_BALANCED,[31, 22, 82, 15, 26, 9, 95, 42, 77, 68, 47, 5, 93, 78, 86, 54, 85, 63, 18, 44, 20, 49, 36, 14, 74, 50, 53, 17, 21, 28, 71, 64, 3, 23, 30, 83, 24, 41, 60, 52, 65, 27, 90, 70, 39, 87, 48, 69, 99, 4, 46, 1, 13, 58, 97, 59, 45, 8, 73, 37, 35, 40, 11, 66, 76, 32, 79, 80, 96, 6, 16, 61, 33, 7, 57, 34, 12, 67, 10, 98, 56, 88, 29, 75, 91, 43, 19, 92, 38, 84, 2, 72, 89, 25, 55, 81, 0, 51, 94, 62]|[2, 1, 2, 1, 1, 2, 1, 1, 1, 1, 1, 0, 2, 2, 1, 2, 0, 0, 0, 2, 2, 1, 0, 2, 0, 2, 2, 1, 0, 1, 1, 1, 0, 0, 1, 0, 2, 1, 2, 2, 0, 0, 1, 1, 0, 2, 0, 2, 1, 0, 0, 2, 0, 0, 2, 0, 1, 1, 0, 0, 2, 2, 0, 2, 2, 0, 1, 2, 0, 1, 2, 1, 1, 2, 0, 1, 1, 1, 1, 2, 2, 1, 1, 0, 1, 1, 1, 0, 0, 0, 2, 1, 1, 1, 0, 1, 0, 1, 2, 1]|[0, 3, 0, 3, 4, 1, 4, 4, 2, 4, 3, 2, 1, 0, 2, 1, 1, 1, 2, 1, 1, 3, 0, 1, 0, 1, 1, 4, 1, 4, 3, 2, 2, 0, 4, 1, 1, 4, 0, 1, 2, 1, 4, 4, 1, 1, 0, 2, 3, 1, 2, 1, 2, 1, 1, 2, 4, 3, 0, 2, 2, 0, 1, 0, 1, 2, 3, 1, 2, 4, 1, 3, 4, 1, 2, 4, 3, 3, 3, 1, 1, 4, 3, 2, 3, 4, 4, 2, 2, 2, 1, 4, 4, 4, 2, 4, 2, 3, 1, 3]|[0, 2, 0, 0, 3, 0, 1, 3, 0, 0, 2, 0, 1, 0, 1, 0, 0, 0, 1, 0, 0, 2, 0, 0, 1, 0, 0, 3, 0, 1, 0, 2, 0, 0, 3, 0, 1, 3, 1, 0, 0, 0, 1, 3, 0, 0, 1, 0, 2, 0, 0, 0, 0, 0, 1, 0, 1, 0, 1, 1, 0, 0, 0, 0, 0, 0, 2, 0, 0, 2, 0, 0, 1, 0, 0, 1, 0, 0, 3, 0, 0, 1, 0, 0, 0, 2, 3, 0, 0, 0, 0, 2, 1, 3, 0, 2, 0, 0, 0, 0],892.3664504836805,51074.007208202966,109836.55104633381,true
17,G3_TWC,G1_CMAX,[31, 22, 82, 15, 26, 9, 42, 95, 77, 12, 47, 5, 93, 78, 86, 54, 85, 63, 18, 44, 20, 35, 43, 97, 91, 76, 10, 30, 21, 45, 71, 64, 1, 23, 17, 83, 24, 14, 60, 36, 6, 57, 94, 88, 65, 56, 79, 40, 67, 68, 46, 75, 38, 58, 19, 32, 81, 41, 27, 62, 87, 90, 99, 59, 11, 16, 72, 73, 69, 39, 37, 84, 3, 92, 25, 55, 28, 29, 51, 7, 33, 61, 98, 66, 89, 50, 8, 96, 53, 80, 4, 48, 34, 2, 52, 13, 0, 70, 49, 74]|[1, 1, 0, 1, 1, 1, 2, 1, 2, 1, 2, 2, 2, 1, 1, 0, 0, 1, 0, 2, 2, 0, 1, 2, 0, 1, 2, 2, 0, 0, 1, 2, 1, 2, 1, 0, 2, 0, 1, 1, 0, 1, 1, 1, 0, 2, 1, 1, 0, 0, 0, 0, 1, 1, 2, 1, 2, 0, 0, 0, 2, 1, 0, 1, 2, 1, 2, 1, 1, 1, 1, 1, 1, 0, 1, 2, 0, 0, 0, 1, 2, 1, 0, 2, 1, 0, 1, 0, 0, 0, 0, 0, 2, 0, 1, 0, 0, 1, 0, 2]|[4, 3, 2, 2, 0, 0, 2, 2, 2, 4, 1, 1, 2, 4, 4, 1, 2, 4, 2, 1, 1, 1, 1, 2, 1, 2, 1, 1, 1, 1, 3, 2, 3, 0, 4, 0, 1, 1, 0, 3, 2, 2, 2, 0, 1, 1, 0, 4, 0, 1, 2, 2, 1, 4, 0, 3, 2, 1, 1, 2, 1, 3, 1, 1, 1, 3, 0, 4, 3, 1, 4, 1, 1, 0, 4, 1, 2, 1, 1, 3, 1, 3, 1, 1, 1, 1, 3, 1, 2, 1, 2, 1, 1, 2, 1, 2, 2, 3, 1, 1]|[0, 2, 1, 1, 3, 3, 0, 1, 0, 0, 0, 0, 1, 0, 1, 0, 0, 3, 1, 0, 0, 0, 3, 1, 0, 2, 0, 0, 0, 1, 0, 0, 0, 0, 3, 0, 1, 0, 0, 2, 1, 1, 1, 0, 0, 0, 0, 2, 1, 0, 0, 0, 1, 3, 0, 0, 1, 0, 0, 1, 0, 2, 0, 1, 0, 2, 1, 0, 0, 1, 1, 3, 1, 1, 3, 0, 1, 0, 0, 2, 0, 0, 0, 0, 1, 0, 2, 0, 1, 0, 1, 0, 0, 0, 1, 0, 0, 0, 1, 0],801.427594812029,57868.49349465401,91455.85780813712,true
17,G1_CMAX,G1_CMAX,[31, 22, 82, 15, 26, 9, 42, 77, 12, 5, 47, 93, 78, 86, 54, 6, 63, 18, 44, 20, 35, 43, 97, 91, 76, 10, 30, 21, 45, 17, 23, 1, 71, 83, 24, 14, 60, 36, 85, 57, 40, 95, 88, 65, 56, 79, 94, 67, 68, 46, 75, 38, 58, 19, 32, 81, 41, 62, 87, 28, 90, 59, 11, 16, 72, 73, 69, 52, 37, 64, 84, 3, 25, 29, 55, 51, 7, 98, 61, 66, 99, 33, 89, 48, 50, 96, 53, 80, 4, 8, 27, 2, 39, 13, 0, 92, 49, 74, 34, 70]|[1, 1, 0, 1, 1, 1, 2, 2, 1, 2, 2, 1, 1, 1, 0, 0, 1, 0, 2, 2, 0, 1, 2, 2, 1, 2, 2, 0, 0, 1, 2, 1, 1, 0, 2, 0, 1, 1, 0, 1, 1, 1, 1, 0, 2, 1, 1, 0, 0, 0, 0, 1, 1, 2, 1, 2, 0, 0, 2, 0, 1, 2, 2, 1, 2, 1, 1, 1, 1, 1, 1, 2, 1, 0, 2, 0, 1, 2, 1, 0, 0, 2, 1, 0, 0, 2, 0, 0, 1, 1, 0, 0, 1, 0, 0, 0, 0, 2, 2, 1]|[0, 3, 1, 2, 0, 0, 1, 1, 4, 1, 1, 4, 4, 4, 2, 2, 4, 2, 1, 1, 1, 1, 2, 1, 2, 1, 1, 1, 1, 4, 0, 3, 3, 0, 1, 1, 0, 3, 2, 2, 2, 2, 0, 1, 1, 0, 4, 0, 1, 2, 2, 1, 4, 0, 3, 2, 1, 2, 1, 2, 3, 1, 1, 3, 0, 4, 4, 1, 4, 3, 1, 2, 4, 1, 1, 1, 1, 1, 3, 1, 1, 1, 1, 1, 1, 1, 2, 1, 4, 3, 2, 2, 1, 2, 2, 0, 1, 1, 1, 4]|[1, 1, 1, 1, 3, 3, 0, 0, 0, 0, 0, 2, 0, 1, 0, 0, 3, 1, 0, 0, 0, 3, 1, 0, 2, 0, 0, 0, 1, 3, 0, 0, 0, 0, 1, 0, 0, 2, 1, 1, 1, 1, 0, 0, 0, 0, 2, 1, 0, 0, 0, 1, 3, 0, 0, 1, 0, 1, 0, 1, 2, 0, 0, 2, 1, 0, 2, 1, 1, 0, 3, 1, 3, 0, 0, 0, 2, 0, 0, 0, 0, 0, 1, 0, 0, 0, 1, 0, 0, 2, 1, 0, 1, 0, 0, 1, 1, 0, 0, 2],733.3116759547878,58140.55643565909,96674.14109675489,false
17,G4_BALANCED,G3_TWC,[31, 22, 82, 15, 26, 9, 95, 42, 77, 12, 47, 5, 93, 78, 86, 54, 85, 63, 18, 44, 20, 35, 43, 97, 91, 76, 10, 30, 21, 45, 71, 64, 1, 23, 17, 83, 24, 14, 60, 36, 41, 57, 40, 88, 65, 56, 6, 79, 94, 67, 68, 46, 75, 38, 58, 19, 32, 81, 96, 27, 62, 90, 99, 59, 11, 16, 72, 73, 69, 28, 37, 84, 3, 92, 25, 55, 39, 29, 51, 7, 66, 70, 98, 33, 89, 50, 48, 87, 80, 53, 8, 4, 34, 2, 52, 49, 0, 61, 74, 13]|[1, 1, 0, 1, 1, 0, 1, 2, 2, 2, 2, 2, 2, 2, 2, 0, 0, 0, 1, 2, 2, 0, 0, 2, 0, 0, 2, 2, 2, 0, 1, 2, 1, 1, 1, 0, 0, 0, 1, 1, 0, 1, 1, 1, 0, 2, 0, 1, 1, 0, 0, 0, 0, 1, 1, 2, 1, 2, 0, 0, 0, 1, 0, 1, 2, 1, 2, 1, 1, 1, 1, 1, 1, 0, 1, 1, 0, 0, 0, 1, 2, 1, 2, 0, 1, 0, 0, 0, 0, 0, 1, 0, 2, 0, 1, 0, 0, 1, 2, 0]|[4, 3, 2, 2, 4, 1, 2, 2, 2, 2, 1, 1, 2, 2, 1, 1, 2, 2, 4, 1, 1, 1, 1, 2, 1, 1, 1, 1, 1, 1, 3, 2, 3, 3, 4, 0, 0, 1, 0, 3, 2, 2, 2, 2, 1, 1, 1, 0, 4, 0, 1, 2, 2, 1, 4, 0, 3, 2, 1, 1, 2, 3, 1, 1, 1, 3, 0, 4, 3, 1, 4, 1, 1, 0, 4, 4, 2, 1, 1, 1, 1, 3, 1, 2, 1, 1, 1, 1, 1, 2, 3, 2, 1, 2, 1, 1, 2, 3, 1, 2]|[0, 2, 1, 1, 3, 0, 1, 0, 0, 0, 0, 0, 1, 1, 0, 0, 0, 0, 3, 0, 0, 0, 0, 1, 0, 0, 0, 0, 0, 1, 0, 0, 0, 0, 3, 0, 0, 0, 0, 2, 1, 1, 1, 1, 0, 0, 0, 0, 2, 1, 0, 0, 0, 1, 3, 0, 0, 1, 0, 0, 1, 2, 0, 1, 0, 2, 1, 0, 0, 1, 1, 3, 1, 1, 3, 3, 1, 0, 0, 2, 0, 0, 0, 1, 1, 0, 0, 0, 0, 1, 2, 1, 0, 0, 1, 1, 0, 0, 0, 0],890.4143580255544,56989.99065408122,91884.80029046525,true
17,G2_TEC,G2_TEC,[31, 22, 82, 15, 26, 9, 95, 42, 77, 68, 47, 5, 93, 78, 86, 54, 85, 63, 18, 44, 20, 49, 36, 14, 74, 50, 53, 25, 21, 28, 71, 64, 3, 23, 30, 83, 24, 41, 40, 52, 65, 27, 90, 70, 39, 87, 48, 69, 99, 4, 46, 1, 13, 58, 97, 59, 45, 8, 73, 37, 35, 79, 11, 66, 76, 32, 60, 80, 96, 6, 16, 61, 33, 7, 57, 34, 12, 67, 10, 98, 56, 88, 29, 75, 91, 38, 19, 92, 43, 84, 51, 72, 81, 17, 2, 55, 0, 62, 89, 94]|[2, 1, 2, 1, 1, 2, 1, 1, 1, 1, 1, 0, 2, 2, 1, 2, 0, 0, 0, 2, 2, 1, 0, 2, 0, 2, 2, 1, 0, 1, 1, 1, 0, 0, 1, 0, 2, 1, 2, 2, 0, 0, 1, 1, 0, 2, 0, 2, 1, 0, 0, 2, 0, 0, 2, 0, 1, 1, 0, 0, 2, 1, 0, 2, 2, 0, 2, 2, 0, 1, 2, 1, 1, 2, 0, 1, 1, 1, 1, 2, 2, 1, 1, 0, 1, 0, 1, 0, 1, 0, 1, 1, 1, 1, 2, 0, 0, 1, 1, 2]|[0, 3, 0, 3, 4, 1, 4, 4, 2, 4, 3, 2, 1, 0, 2, 1, 1, 1, 2, 1, 1, 3, 0, 1, 0, 1, 1, 4, 1, 4, 3, 2, 2, 0, 4, 1, 1, 4, 0, 1, 2, 1, 4, 4, 1, 1, 0, 2, 3, 1, 2, 1, 2, 1, 1, 2, 4, 3, 0, 2, 2, 3, 1, 0, 1, 2, 0, 1, 2, 4, 1, 3, 4, 1, 2, 4, 3, 3, 3, 1, 1, 4, 3, 2, 3, 2, 4, 2, 4, 2, 3, 4, 4, 4, 1, 2, 2, 3, 4, 1]|[0, 2, 0, 0, 3, 0, 1, 3, 0, 0, 2, 0, 1, 0, 1, 0, 0, 0, 1, 0, 0, 2, 0, 0, 1, 0, 0, 3, 0, 1, 0, 2, 0, 0, 3, 0, 1, 3, 0, 0, 0, 0, 1, 3, 0, 0, 1, 0, 2, 0, 0, 0, 0, 0, 1, 0, 1, 0, 1, 1, 0, 2, 0, 0, 0, 0, 0, 0, 0, 2, 0, 0, 1, 0, 0, 1, 0, 0, 3, 0, 0, 1, 0, 0, 0, 0, 3, 0, 2, 0, 0, 2, 1, 3, 0, 0, 0, 0, 1, 0],890.9074744783937,50765.917855663734,113588.58833646381,false
17,G3_TWC,G1_CMAX,[31, 22, 82, 15, 26, 9, 42, 95, 77, 12, 47, 5, 93, 78, 86, 54, 85, 63, 18, 44, 20, 35, 43, 97, 91, 76, 10, 30, 21, 45, 71, 64, 1, 23, 17, 83, 24, 14, 60, 36, 6, 57, 94, 88, 65, 56, 79, 40, 67, 68, 46, 75, 38, 58, 19, 32, 81, 41, 27, 62, 87, 90, 99, 59, 11, 16, 72, 73, 69, 39, 37, 84, 3, 92, 25, 55, 28, 29, 51, 7, 33, 61, 98, 66, 89, 50, 8, 96, 53, 80, 4, 48, 34, 2, 52, 13, 0, 70, 49, 74]|[1, 1, 0, 1, 1, 1, 2, 1, 2, 1, 2, 2, 2, 1, 1, 0, 0, 1, 0, 2, 2, 0, 1, 2, 0, 1, 2, 2, 0, 0, 1, 2, 1, 2, 1, 0, 2, 0, 1, 1, 0, 1, 1, 1, 0, 2, 1, 1, 0, 0, 0, 0, 1, 1, 2, 1, 2, 0, 0, 0, 2, 1, 0, 1, 2, 1, 2, 1, 1, 1, 1, 1, 1, 0, 1, 2, 0, 0, 0, 1, 2, 1, 0, 2, 1, 0, 1, 0, 0, 0, 0, 0, 2, 0, 1, 0, 0, 1, 0, 2]|[4, 3, 2, 2, 0, 0, 2, 2, 2, 4, 1, 1, 2, 4, 4, 1, 2, 4, 2, 1, 1, 1, 1, 2, 1, 2, 1, 1, 1, 1, 3, 2, 3, 0, 4, 0, 1, 1, 0, 3, 2, 2, 2, 0, 1, 1, 0, 4, 0, 1, 2, 2, 1, 4, 0, 3, 2, 1, 1, 2, 1, 3, 1, 1, 1, 3, 0, 4, 3, 1, 4, 1, 1, 0, 4, 1, 2, 1, 1, 3, 1, 3, 1, 1, 1, 1, 3, 1, 2, 1, 2, 1, 1, 2, 1, 2, 2, 3, 1, 1]|[0, 2, 1, 1, 3, 3, 0, 1, 0, 0, 0, 0, 1, 0, 1, 0, 0, 3, 1, 0, 0, 0, 3, 1, 0, 2, 0, 0, 0, 1, 0, 0, 0, 0, 3, 0, 1, 0, 0, 2, 1, 1, 1, 0, 0, 0, 0, 2, 1, 0, 0, 0, 1, 3, 0, 0, 1, 0, 0, 1, 0, 2, 0, 1, 0, 2, 1, 0, 0, 1, 1, 3, 1, 1, 3, 0, 1, 0, 0, 2, 0, 0, 0, 0, 1, 0, 2, 0, 1, 0, 1, 0, 0, 0, 1, 0, 0, 0, 1, 0],801.427594812029,57868.49349465401,91455.85780813712,true
17,G1_CMAX,G1_CMAX,[31, 22, 82, 15, 26, 9, 42, 77, 12, 5, 47, 93, 78, 86, 54, 6, 63, 18, 44, 20, 35, 43, 97, 91, 76, 10, 30, 21, 45, 17, 23, 1, 71, 83, 24, 14, 60, 36, 85, 57, 40, 95, 88, 65, 56, 79, 94, 67, 68, 46, 75, 38, 58, 19, 32, 81, 41, 62, 87, 28, 90, 59, 11, 16, 72, 73, 69, 52, 37, 64, 84, 3, 25, 29, 55, 51, 7, 98, 61, 66, 99, 33, 89, 48, 50, 96, 53, 80, 4, 8, 27, 2, 39, 13, 0, 92, 49, 74, 34, 70]|[1, 1, 0, 1, 1, 1, 2, 2, 1, 2, 2, 1, 1, 1, 0, 0, 1, 0, 2, 2, 0, 1, 2, 2, 1, 2, 2, 0, 0, 1, 2, 1, 1, 0, 2, 0, 1, 1, 0, 1, 1, 1, 1, 0, 2, 1, 1, 0, 0, 0, 0, 1, 1, 2, 1, 2, 0, 0, 2, 0, 1, 2, 2, 1, 2, 1, 1, 1, 1, 1, 1, 2, 1, 0, 2, 0, 1, 2, 1, 0, 0, 2, 1, 0, 0, 2, 0, 0, 1, 1, 0, 0, 1, 0, 0, 0, 0, 2, 2, 1]|[0, 3, 1, 2, 0, 0, 1, 1, 4, 1, 1, 4, 4, 4, 2, 2, 4, 2, 1, 1, 1, 1, 2, 1, 2, 1, 1, 1, 1, 4, 0, 3, 3, 0, 1, 1, 0, 3, 2, 2, 2, 2, 0, 1, 1, 0, 4, 0, 1, 2, 2, 1, 4, 0, 3, 2, 1, 2, 1, 2, 3, 1, 1, 3, 0, 4, 4, 1, 4, 3, 1, 2, 4, 1, 1, 1, 1, 1, 3, 1, 1, 1, 1, 1, 1, 1, 2, 1, 4, 3, 2, 2, 1, 2, 2, 0, 1, 1, 1, 4]|[1, 1, 1, 1, 3, 3, 0, 0, 0, 0, 0, 2, 0, 1, 0, 0, 3, 1, 0, 0, 0, 3, 1, 0, 2, 0, 0, 0, 1, 3, 0, 0, 0, 0, 1, 0, 0, 2, 1, 1, 1, 1, 0, 0, 0, 0, 2, 1, 0, 0, 0, 1, 3, 0, 0, 1, 0, 1, 0, 1, 2, 0, 0, 2, 1, 0, 2, 1, 1, 0, 3, 1, 3, 0, 0, 0, 2, 0, 0, 0, 0, 0, 1, 0, 0, 0, 1, 0, 0, 2, 1, 0, 1, 0, 0, 1, 1, 0, 0, 2],733.3116759547878,58140.55643565909,96674.14109675489,false
17,G4_BALANCED,G2_TEC,[31, 22, 82, 15, 26, 9, 95, 42, 77, 68, 47, 5, 93, 78, 86, 54, 85, 63, 18, 44, 20, 49, 36, 14, 74, 50, 53, 17, 21, 28, 71, 64, 3, 23, 30, 83, 24, 41, 40, 52, 65, 27, 90, 70, 39, 87, 48, 69, 99, 4, 46, 1, 13, 58, 97, 59, 33, 8, 73, 37, 35, 79, 11, 66, 76, 32, 60, 80, 96, 6, 16, 61, 45, 7, 57, 34, 12, 67, 10, 98, 56, 88, 29, 25, 91, 38, 19, 92, 43, 84, 51, 72, 81, 75, 94, 55, 0, 89, 2, 62]|[2, 1, 2, 1, 1, 2, 1, 1, 1, 1, 1, 0, 2, 2, 1, 2, 0, 0, 0, 2, 2, 1, 0, 2, 0, 2, 2, 1, 0, 1, 1, 1, 0, 0, 1, 0, 2, 1, 2, 2, 0, 0, 1, 1, 0, 2, 0, 2, 1, 0, 0, 2, 0, 0, 2, 0, 1, 1, 0, 0, 2, 1, 0, 2, 2, 0, 2, 2, 0, 1, 2, 1, 1, 2, 0, 1, 1, 1, 1, 2, 2, 1, 1, 1, 1, 0, 1, 0, 1, 0, 1, 1, 1, 0, 2, 0, 0, 1, 2, 1]|[0, 3, 0, 3, 4, 1, 4, 4, 2, 4, 3, 2, 1, 0, 2, 1, 1, 1, 2, 1, 1, 3, 0, 1, 0, 1, 1, 4, 1, 4, 3, 2, 2, 0, 4, 1, 1, 4, 0, 1, 2, 1, 4, 4, 1, 1, 0, 2, 3, 1, 2, 1, 2, 1, 1, 2, 4, 3, 0, 2, 2, 3, 1, 0, 1, 2, 0, 1, 2, 4, 1, 3, 4, 1, 2, 4, 3, 3, 3, 1, 1, 4, 3, 4, 3, 2, 4, 2, 4, 2, 3, 4, 1, 2, 1, 2, 2, 4, 1, 3]|[0, 2, 0, 0, 3, 0, 1, 3, 0, 0, 2, 0, 1, 0, 1, 0, 0, 0, 1, 0, 0, 2, 0, 0, 1, 0, 0, 3, 0, 1, 0, 2, 0, 0, 3, 0, 1, 3, 1, 0, 0, 0, 1, 3, 0, 0, 1, 0, 2, 0, 0, 0, 0, 0, 1, 0, 1, 0, 1, 1, 0, 2, 0, 0, 0, 0, 0, 0, 0, 2, 0, 0, 1, 0, 0, 1, 0, 0, 3, 0, 0, 1, 0, 3, 0, 0, 3, 0, 2, 0, 0, 2, 1, 0, 0, 0, 0, 1, 0, 0],891.6145215420967,51134.990409872196,110350.56588449943,true
17,G2_TEC,G2_TEC,[31, 22, 82, 15, 26, 9, 95, 42, 77, 68, 47, 5, 93, 78, 86, 54, 85, 63, 18, 44, 20, 49, 36, 14, 74, 50, 53, 25, 21, 28, 71, 64, 3, 23, 30, 83, 24, 41, 40, 52, 65, 27, 90, 70, 39, 87, 48, 69, 99, 4, 46, 1, 13, 58, 97, 59, 45, 8, 73, 37, 35, 79, 11, 66, 76, 32, 60, 80, 96, 6, 16, 61, 33, 7, 57, 34, 12, 67, 10, 98, 56, 88, 29, 75, 91, 38, 19, 92, 43, 84, 51, 72, 81, 17, 2, 55, 0, 62, 89, 94]|[2, 1, 2, 1, 1, 2, 1, 1, 1, 1, 1, 0, 2, 2, 1, 2, 0, 0, 0, 2, 2, 1, 0, 2, 0, 2, 2, 1, 0, 1, 1, 1, 0, 0, 1, 0, 2, 1, 2, 2, 0, 0, 1, 1, 0, 2, 0, 2, 1, 0, 0, 2, 0, 0, 2, 0, 1, 1, 0, 0, 2, 1, 0, 2, 2, 0, 2, 2, 0, 1, 2, 1, 1, 2, 0, 1, 1, 1, 1, 2, 2, 1, 1, 0, 1, 0, 1, 0, 1, 0, 1, 1, 1, 1, 2, 0, 0, 1, 1, 2]|[0, 3, 0, 3, 4, 1, 4, 4, 2, 4, 3, 2, 1, 0, 2, 1, 1, 1, 2, 1, 1, 3, 0, 1, 0, 1, 1, 4, 1, 4, 3, 2, 2, 0, 4, 1, 1, 4, 0, 1, 2, 1, 4, 4, 1, 1, 0, 2, 3, 1, 2, 1, 2, 1, 1, 2, 4, 3, 0, 2, 2, 3, 1, 0, 1, 2, 0, 1, 2, 4, 1, 3, 4, 1, 2, 4, 3, 3, 3, 1, 1, 4, 3, 2, 3, 2, 4, 2, 4, 2, 3, 4, 4, 4, 1, 2, 2, 3, 4, 1]|[0, 2, 0, 0, 3, 0, 1, 3, 0, 0, 2, 0, 1, 0, 1, 0, 0, 0, 1, 0, 0, 2, 0, 0, 1, 0, 0, 3, 0, 1, 0, 2, 0, 0, 3, 0, 1, 3, 0, 0, 0, 0, 1, 3, 0, 0, 1, 0, 2, 0, 0, 0, 0, 0, 1, 0, 1, 0, 1, 1, 0, 2, 0, 0, 0, 0, 0, 0, 0, 2, 0, 0, 1, 0, 0, 1, 0, 0, 3, 0, 0, 1, 0, 0, 0, 0, 3, 0, 2, 0, 0, 2, 1, 3, 0, 0, 0, 0, 1, 0],890.9074744783937,50765.917855663734,113588.58833646381,false
17,G3_TWC,G1_CMAX,[31, 22, 82, 15, 26, 9, 42, 95, 77, 12, 47, 5, 93, 78, 86, 54, 85, 63, 18, 44, 20, 35, 43, 97, 91, 76, 10, 30, 21, 45, 71, 64, 1, 23, 17, 83, 24, 14, 60, 36, 6, 57, 94, 88, 65, 56, 79, 40, 67, 68, 46, 75, 38, 58, 19, 32, 81, 41, 27, 62, 87, 90, 99, 59, 11, 16, 72, 73, 69, 39, 37, 84, 3, 92, 25, 55, 28, 29, 51, 7, 33, 61, 98, 66, 89, 50, 8, 96, 53, 80, 4, 48, 34, 2, 52, 13, 0, 70, 49, 74]|[1, 1, 0, 1, 1, 1, 2, 1, 2, 1, 2, 2, 2, 1, 1, 0, 0, 1, 0, 2, 2, 0, 1, 2, 0, 1, 2, 2, 0, 0, 1, 2, 1, 2, 1, 0, 2, 0, 1, 1, 0, 1, 1, 1, 0, 2, 1, 1, 0, 0, 0, 0, 1, 1, 2, 1, 2, 0, 0, 0, 2, 1, 0, 1, 2, 1, 2, 1, 1, 1, 1, 1, 1, 0, 1, 2, 0, 0, 0, 1, 2, 1, 0, 2, 1, 0, 1, 0, 0, 0, 0, 0, 2, 0, 1, 0, 0, 1, 0, 2]|[4, 3, 2, 2, 0, 0, 2, 2, 2, 4, 1, 1, 2, 4, 4, 1, 2, 4, 2, 1, 1, 1, 1, 2, 1, 2, 1, 1, 1, 1, 3, 2, 3, 0, 4, 0, 1, 1, 0, 3, 2, 2, 2, 0, 1, 1, 0, 4, 0, 1, 2, 2, 1, 4, 0, 3, 2, 1, 1, 2, 1, 3, 1, 1, 1, 3, 0, 4, 3, 1, 4, 1, 1, 0, 4, 1, 2, 1, 1, 3, 1, 3, 1, 1, 1, 1, 3, 1, 2, 1, 2, 1, 1, 2, 1, 2, 2, 3, 1, 1]|[0, 2, 1, 1, 3, 3, 0, 1, 0, 0, 0, 0, 1, 0, 1, 0, 0, 3, 1, 0, 0, 0, 3, 1, 0, 2, 0, 0, 0, 1, 0, 0, 0, 0, 3, 0, 1, 0, 0, 2, 1, 1, 1, 0, 0, 0, 0, 2, 1, 0, 0, 0, 1, 3, 0, 0, 1, 0, 0, 1, 0, 2, 0, 1, 0, 2, 1, 0, 0, 1, 1, 3, 1, 1, 3, 0, 1, 0, 0, 2, 0, 0, 0, 0, 1, 0, 2, 0, 1, 0, 1, 0, 0, 0, 1, 0, 0, 0, 1, 0],801.427594812029,57868.49349465401,91455.85780813712,true
17,G1_CMAX,G1_CMAX,[31, 22, 82, 15, 26, 9, 42, 77, 12, 5, 47, 93, 78, 86, 54, 6, 63, 18, 44, 20, 35, 43, 97, 91, 76, 10, 30, 21, 45, 17, 23, 1, 71, 83, 24, 14, 60, 36, 85, 57, 40, 95, 88, 65, 56, 79, 94, 67, 68, 46, 75, 38, 58, 19, 32, 81, 41, 62, 87, 28, 90, 59, 11, 16, 72, 73, 69, 52, 37, 64, 84, 3, 25, 29, 55, 51, 7, 98, 61, 66, 99, 33, 89, 48, 50, 96, 53, 80, 4, 8, 27, 2, 39, 13, 0, 92, 49, 74, 34, 70]|[1, 1, 0, 1, 1, 1, 2, 2, 1, 2, 2, 1, 1, 1, 0, 0, 1, 0, 2, 2, 0, 1, 2, 2, 1, 2, 2, 0, 0, 1, 2, 1, 1, 0, 2, 0, 1, 1, 0, 1, 1, 1, 1, 0, 2, 1, 1, 0, 0, 0, 0, 1, 1, 2, 1, 2, 0, 0, 2, 0, 1, 2, 2, 1, 2, 1, 1, 1, 1, 1, 1, 2, 1, 0, 2, 0, 1, 2, 1, 0, 0, 2, 1, 0, 0, 2, 0, 0, 1, 1, 0, 0, 1, 0, 0, 0, 0, 2, 2, 1]|[0, 3, 1, 2, 0, 0, 1, 1, 4, 1, 1, 4, 4, 4, 2, 2, 4, 2, 1, 1, 1, 1, 2, 1, 2, 1, 1, 1, 1, 4, 0, 3, 3, 0, 1, 1, 0, 3, 2, 2, 2, 2, 0, 1, 1, 0, 4, 0, 1, 2, 2, 1, 4, 0, 3, 2, 1, 2, 1, 2, 3, 1, 1, 3, 0, 4, 4, 1, 4, 3, 1, 2, 4, 1, 1, 1, 1, 1, 3, 1, 1, 1, 1, 1, 1, 1, 2, 1, 4, 3, 2, 2, 1, 2, 2, 0, 1, 1, 1, 4]|[1, 1, 1, 1, 3, 3, 0, 0, 0, 0, 0, 2, 0, 1, 0, 0, 3, 1, 0, 0, 0, 3, 1, 0, 2, 0, 0, 0, 1, 3, 0, 0, 0, 0, 1, 0, 0, 2, 1, 1, 1, 1, 0, 0, 0, 0, 2, 1, 0, 0, 0, 1, 3, 0, 0, 1, 0, 1, 0, 1, 2, 0, 0, 2, 1, 0, 2, 1, 1, 0, 3, 1, 3, 0, 0, 0, 2, 0, 0, 0, 0, 0, 1, 0, 0, 0, 1, 0, 0, 2, 1, 0, 1, 0, 0, 1, 1, 0, 0, 2],733.3116759547878,58140.55643565909,96674.14109675489,false
17,G4_BALANCED,G3_TWC,[31, 22, 82, 15, 26, 9, 95, 42, 77, 12, 47, 5, 93, 78, 86, 54, 6, 63, 18, 44, 20, 35, 43, 97, 91, 76, 10, 30, 21, 45, 64, 71, 1, 23, 17, 83, 24, 14, 60, 36, 85, 57, 40, 88, 65, 56, 79, 94, 39, 68, 46, 75, 38, 58, 19, 32, 81, 41, 27, 62, 87, 90, 99, 59, 11, 16, 72, 73, 70, 67, 37, 84, 3, 92, 25, 55, 28, 29, 51, 7, 33, 61, 98, 48, 89, 50, 8, 96, 53, 80, 4, 66, 34, 69, 74, 13, 0, 2, 52, 49]|[1, 1, 0, 1, 1, 0, 1, 2, 2, 1, 2, 2, 2, 1, 1, 0, 0, 1, 0, 2, 2, 0, 1, 2, 0, 1, 2, 2, 0, 0, 1, 2, 1, 2, 1, 0, 2, 0, 1, 1, 0, 1, 1, 1, 0, 2, 1, 1, 0, 0, 0, 0, 1, 1, 2, 1, 2, 0, 0, 0, 2, 1, 0, 1, 2, 1, 2, 1, 1, 1, 1, 1, 1, 0, 1, 2, 0, 0, 0, 1, 0, 1, 0, 0, 1, 0, 1, 0, 0, 0, 0, 2, 2, 1, 2, 0, 0, 0, 1, 0]|[4, 3, 2, 2, 4, 1, 2, 2, 2, 4, 1, 1, 2, 4, 4, 1, 2, 4, 2, 1, 1, 1, 1, 2, 1, 2, 1, 1, 1, 1, 3, 2, 3, 1, 4, 0, 1, 1, 0, 3, 2, 2, 2, 0, 1, 1, 0, 4, 0, 1, 2, 2, 1, 4, 0, 3, 2, 1, 1, 2, 1, 3, 1, 1, 1, 3, 0, 4, 3, 1, 4, 1, 1, 0, 4, 1, 2, 1, 1, 3, 2, 3, 1, 1, 1, 1, 3, 1, 2, 1, 2, 1, 1, 3, 1, 2, 2, 2, 1, 1]|[0, 2, 1, 1, 3, 0, 1, 0, 0, 0, 0, 0, 1, 0, 1, 0, 1, 3, 1, 0, 0, 0, 3, 1, 0, 2, 0, 0, 0, 1, 0, 0, 0, 0, 3, 0, 1, 0, 0, 2, 1, 1, 1, 0, 0, 0, 0, 2, 1, 0, 0, 0, 1, 3, 0, 0, 1, 0, 0, 1, 0, 2, 0, 1, 0, 2, 1, 0, 0, 1, 1, 3, 1, 1, 3, 0, 1, 0, 0, 2, 1, 0, 0, 0, 1, 0, 2, 0, 1, 0, 1, 0, 0, 0, 0, 0, 0, 0, 1, 1],829.8354893202677,57415.59181221164,92337.75463001049,true
17,G2_TEC,G2_TEC,[31, 22, 82, 15, 26, 9, 95, 42, 77, 68, 47, 5, 93, 78, 86, 54, 85, 63, 18, 44, 20, 49, 36, 14, 74, 50, 53, 25, 21, 28, 71, 64, 3, 23, 30, 83, 24, 41, 40, 52, 65, 27, 90, 70, 39, 87, 48, 69, 99, 4, 46, 1, 13, 58, 97, 59, 45, 8, 73, 37, 35, 79, 11, 66, 76, 32, 60, 80, 96, 6, 16, 61, 33, 7, 57, 34, 12, 67, 10, 98, 56, 88, 29, 75, 91, 38, 19, 92, 43, 84, 51, 72, 81, 17, 2, 55, 0, 62, 89, 94]|[2, 1, 2, 1, 1, 2, 1, 1, 1, 1, 1, 0, 2, 2, 1, 2, 0, 0, 0, 2, 2, 1, 0, 2, 0, 2, 2, 1, 0, 1, 1, 1, 0, 0, 1, 0, 2, 1, 2, 2, 0, 0, 1, 1, 0, 2, 0, 2, 1, 0, 0, 2, 0, 0, 2, 0, 1, 1, 0, 0, 2, 1, 0, 2, 2, 0, 2, 2, 0, 1, 2, 1, 1, 2, 0, 1, 1, 1, 1, 2, 2, 1, 1, 0, 1, 0, 1, 0, 1, 0, 1, 1, 1, 1, 2, 0, 0, 1, 1, 2]|[0, 3, 0, 3, 4, 1, 4, 4, 2, 4, 3, 2, 1, 0, 2, 1, 1, 1, 2, 1, 1, 3, 0, 1, 0, 1, 1, 4, 1, 4, 3, 2, 2, 0, 4, 1, 1, 4, 0, 1, 2, 1, 4, 4, 1, 1, 0, 2, 3, 1, 2, 1, 2, 1, 1, 2, 4, 3, 0, 2, 2, 3, 1, 0, 1, 2, 0, 1, 2, 4, 1, 3, 4, 1, 2, 4, 3, 3, 3, 1, 1, 4, 3, 2, 3, 2, 4, 2, 4, 2, 3, 4, 4, 4, 1, 2, 2, 3, 4, 1]|[0, 2, 0, 0, 3, 0, 1, 3, 0, 0, 2, 0, 1, 0, 1, 0, 0, 0, 1, 0, 0, 2, 0, 0, 1, 0, 0, 3, 0, 1, 0, 2, 0, 0, 3, 0, 1, 3, 0, 0, 0, 0, 1, 3, 0, 0, 1, 0, 2, 0, 0, 0, 0, 0, 1, 0, 1, 0, 1, 1, 0, 2, 0, 0, 0, 0, 0, 0, 0, 2, 0, 0, 1, 0, 0, 1, 0, 0, 3, 0, 0, 1, 0, 0, 0, 0, 3, 0, 2, 0, 0, 2, 1, 3, 0, 0, 0, 0, 1, 0],890.9074744783937,50765.917855663734,113588.58833646381,false
17,G3_TWC,G1_CMAX,[31, 22, 82, 15, 26, 9, 42, 95, 77, 12, 47, 5, 93, 78, 86, 54, 85, 63, 18, 44, 20, 35, 43, 97, 91, 76, 10, 30, 21, 45, 71, 64, 1, 23, 17, 83, 24, 14, 60, 36, 6, 57, 94, 88, 65, 56, 79, 40, 67, 68, 46, 75, 38, 58, 19, 32, 81, 41, 27, 62, 87, 90, 99, 59, 11, 16, 72, 73, 69, 39, 37, 84, 3, 92, 25, 55, 28, 29, 51, 7, 33, 61, 98, 66, 89, 50, 8, 96, 53, 80, 4, 48, 34, 2, 52, 13, 0, 70, 49, 74]|[1, 1, 0, 1, 1, 1, 2, 1, 2, 1, 2, 2, 2, 1, 1, 0, 0, 1, 0, 2, 2, 0, 1, 2, 0, 1, 2, 2, 0, 0, 1, 2, 1, 2, 1, 0, 2, 0, 1, 1, 0, 1, 1, 1, 0, 2, 1, 1, 0, 0, 0, 0, 1, 1, 2, 1, 2, 0, 0, 0, 2, 1, 0, 1, 2, 1, 2, 1, 1, 1, 1, 1, 1, 0, 1, 2, 0, 0, 0, 1, 2, 1, 0, 2, 1, 0, 1, 0, 0, 0, 0, 0, 2, 0, 1, 0, 0, 1, 0, 2]|[4, 3, 2, 2, 0, 0, 2, 2, 2, 4, 1, 1, 2, 4, 4, 1, 2, 4, 2, 1, 1, 1, 1, 2, 1, 2, 1, 1, 1, 1, 3, 2, 3, 0, 4, 0, 1, 1, 0, 3, 2, 2, 2, 0, 1, 1, 0, 4, 0, 1, 2, 2, 1, 4, 0, 3, 2, 1, 1, 2, 1, 3, 1, 1, 1, 3, 0, 4, 3, 1, 4, 1, 1, 0, 4, 1, 2, 1, 1, 3, 1, 3, 1, 1, 1, 1, 3, 1, 2, 1, 2, 1, 1, 2, 1, 2, 2, 3, 1, 1]|[0, 2, 1, 1, 3, 3, 0, 1, 0, 0, 0, 0, 1, 0, 1, 0, 0, 3, 1, 0, 0, 0, 3, 1, 0, 2, 0, 0, 0, 1, 0, 0, 0, 0, 3, 0, 1, 0, 0, 2, 1, 1, 1, 0, 0, 0, 0, 2, 1, 0, 0, 0, 1, 3, 0, 0, 1, 0, 0, 1, 0, 2, 0, 1, 0, 2, 1, 0, 0, 1, 1, 3, 1, 1, 3, 0, 1, 0, 0, 2, 0, 0, 0, 0, 1, 0, 2, 0, 1, 0, 1, 0, 0, 0, 1, 0, 0, 0, 1, 0],801.427594812029,57868.49349465401,91455.85780813712,true
17,G1_CMAX,G1_CMAX,[31, 22, 82, 15, 26, 9, 42, 77, 12, 5, 47, 93, 78, 86, 54, 6, 63, 18, 44, 20, 35, 43, 97, 91, 76, 10, 30, 21, 45, 17, 23, 1, 71, 83, 24, 14, 60, 36, 85, 57, 40, 95, 88, 65, 56, 79, 94, 67, 68, 46, 75, 38, 58, 19, 32, 81, 41, 62, 87, 28, 90, 59, 11, 16, 72, 73, 69, 52, 37, 64, 84, 3, 25, 29, 55, 51, 7, 98, 61, 66, 99, 33, 89, 48, 50, 96, 53, 80, 4, 8, 27, 2, 39, 13, 0, 92, 49, 74, 34, 70]|[1, 1, 0, 1, 1, 1, 2, 2, 1, 2, 2, 1, 1, 1, 0, 0, 1, 0, 2, 2, 0, 1, 2, 2, 1, 2, 2, 0, 0, 1, 2, 1, 1, 0, 2, 0, 1, 1, 0, 1, 1, 1, 1, 0, 2, 1, 1, 0, 0, 0, 0, 1, 1, 2, 1, 2, 0, 0, 2, 0, 1, 2, 2, 1, 2, 1, 1, 1, 1, 1, 1, 2, 1, 0, 2, 0, 1, 2, 1, 0, 0, 2, 1, 0, 0, 2, 0, 0, 1, 1, 0, 0, 1, 0, 0, 0, 0, 2, 2, 1]|[0, 3, 1, 2, 0, 0, 1, 1, 4, 1, 1, 4, 4, 4, 2, 2, 4, 2, 1, 1, 1, 1, 2, 1, 2, 1, 1, 1, 1, 4, 0, 3, 3, 0, 1, 1, 0, 3, 2, 2, 2, 2, 0, 1, 1, 0, 4, 0, 1, 2, 2, 1, 4, 0, 3, 2, 1, 2, 1, 2, 3, 1, 1, 3, 0, 4, 4, 1, 4, 3, 1, 2, 4, 1, 1, 1, 1, 1, 3, 1, 1, 1, 1, 1, 1, 1, 2, 1, 4, 3, 2, 2, 1, 2, 2, 0, 1, 1, 1, 4]|[1, 1, 1, 1, 3, 3, 0, 0, 0, 0, 0, 2, 0, 1, 0, 0, 3, 1, 0, 0, 0, 3, 1, 0, 2, 0, 0, 0, 1, 3, 0, 0, 0, 0, 1, 0, 0, 2, 1, 1, 1, 1, 0, 0, 0, 0, 2, 1, 0, 0, 0, 1, 3, 0, 0, 1, 0, 1, 0, 1, 2, 0, 0, 2, 1, 0, 2, 1, 1, 0, 3, 1, 3, 0, 0, 0, 2, 0, 0, 0, 0, 0, 1, 0, 0, 0, 1, 0, 0, 2, 1, 0, 1, 0, 0, 1, 1, 0, 0, 2],733.3116759547878,58140.55643565909,96674.14109675489,false
17,G4_BALANCED,G2_TEC,[31, 22, 82, 15, 26, 9, 95, 42, 77, 68, 47, 5, 93, 78, 86, 54, 85, 63, 18, 44, 20, 49, 36, 14, 74, 50, 53, 17, 21, 28, 71, 64, 3, 23, 30, 83, 24, 41, 40, 52, 65, 27, 90, 70, 39, 87, 48, 69, 99, 4, 46, 1, 13, 58, 97, 59, 33, 8, 73, 37, 35, 79, 11, 66, 76, 32, 60, 80, 96, 6, 16, 61, 45, 7, 57, 34, 12, 67, 10, 98, 56, 88, 29, 25, 91, 38, 19, 92, 43, 84, 51, 72, 81, 75, 2, 55, 0, 89, 94, 62]|[2, 1, 2, 1, 1, 2, 1, 1, 1, 1, 1, 0, 2, 2, 1, 2, 0, 0, 0, 2, 2, 1, 0, 2, 0, 2, 2, 1, 0, 1, 1, 1, 0, 0, 1, 0, 2, 1, 2, 2, 0, 0, 1, 1, 0, 2, 0, 2, 1, 0, 0, 2, 0, 0, 2, 0, 1, 1, 0, 0, 2, 1, 0, 2, 2, 0, 2, 2, 0, 1, 2, 1, 1, 2, 0, 1, 1, 1, 1, 2, 2, 1, 1, 1, 1, 0, 1, 0, 2, 0, 1, 1, 1, 0, 2, 0, 0, 1, 1, 1]|[0, 3, 0, 3, 4, 1, 4, 4, 2, 4, 3, 2, 1, 0, 2, 1, 1, 1, 2, 1, 1, 3, 0, 1, 0, 1, 1, 4, 1, 4, 3, 2, 2, 0, 4, 1, 1, 4, 0, 1, 2, 1, 4, 4, 1, 1, 0, 2, 3, 1, 2, 1, 2, 1, 1, 2, 4, 3, 0, 2, 2, 3, 1, 0, 1, 2, 0, 1, 2, 4, 1, 3, 4, 1, 2, 4, 3, 3, 3, 1, 1, 4, 3, 4, 3, 2, 4, 2, 1, 2, 3, 4, 1, 2, 1, 2, 2, 4, 4, 3]|[0, 2, 0, 0, 3, 0, 1, 3, 0, 0, 2, 0, 1, 0, 1, 0, 0, 0, 1, 0, 0, 2, 0, 0, 1, 0, 0, 3, 0, 1, 0, 2, 0, 0, 3, 0, 1, 3, 0, 0, 0, 0, 1, 3, 0, 0, 1, 0, 2, 0, 0, 0, 0, 0, 1, 0, 1, 0, 1, 1, 0, 2, 0, 0, 0, 0, 0, 0, 0, 2, 0, 0, 1, 0, 0, 1, 0, 0, 3, 0, 0, 1, 0, 3, 0, 0, 3, 0, 1, 0, 0, 2, 1, 0, 0, 0, 0, 1, 2, 0],891.6145215420967,50889.187812381075,112925.79037782483,true
17,G2_TEC,G2_TEC,[31, 22, 82, 15, 26, 9, 95, 42, 77, 68, 47, 5, 93, 78, 86, 54, 85, 63, 18, 44, 20, 49, 36, 14, 74, 50, 53, 25, 21, 28, 71, 64, 3, 23, 30, 83, 24, 41, 40, 52, 65, 27, 90, 70, 39, 87, 48, 69, 99, 4, 46, 1, 13, 58, 97, 59, 45, 8, 73, 37, 35, 79, 11, 66, 76, 32, 60, 80, 96, 6, 16, 61, 33, 7, 57, 34, 12, 67, 10, 98, 56, 88, 29, 75, 91, 38, 19, 92, 43, 84, 51, 72, 81, 17, 2, 55, 0, 62, 89, 94]|[2, 1, 2, 1, 1, 2, 1, 1, 1, 1, 1, 0, 2, 2, 1, 2, 0, 0, 0, 2, 2, 1, 0, 2, 0, 2, 2, 1, 0, 1, 1, 1, 0, 0, 1, 0, 2, 1, 2, 2, 0, 0, 1, 1, 0, 2, 0, 2, 1, 0, 0, 2, 0, 0, 2, 0, 1, 1, 0, 0, 2, 1, 0, 2, 2, 0, 2, 2, 0, 1, 2, 1, 1, 2, 0, 1, 1, 1, 1, 2, 2, 1, 1, 0, 1, 0, 1, 0, 1, 0, 1, 1, 1, 1, 2, 0, 0, 1, 1, 2]|[0, 3, 0, 3, 4, 1, 4, 4, 2, 4, 3, 2, 1, 0, 2, 1, 1, 1, 2, 1, 1, 3, 0, 1, 0, 1, 1, 4, 1, 4, 3, 2, 2, 0, 4, 1, 1, 4, 0, 1, 2, 1, 4, 4, 1, 1, 0, 2, 3, 1, 2, 1, 2, 1, 1, 2, 4, 3, 0, 2, 2, 3, 1, 0, 1, 2, 0, 1, 2, 4, 1, 3, 4, 1, 2, 4, 3, 3, 3, 1, 1, 4, 3, 2, 3, 2, 4, 2, 4, 2, 3, 4, 4, 4, 1, 2, 2, 3, 4, 1]|[0, 2, 0, 0, 3, 0, 1, 3, 0, 0, 2, 0, 1, 0, 1, 0, 0, 0, 1, 0, 0, 2, 0, 0, 1, 0, 0, 3, 0, 1, 0, 2, 0, 0, 3, 0, 1, 3, 0, 0, 0, 0, 1, 3, 0, 0, 1, 0, 2, 0, 0, 0, 0, 0, 1, 0, 1, 0, 1, 1, 0, 2, 0, 0, 0, 0, 0, 0, 0, 2, 0, 0, 1, 0, 0, 1, 0, 0, 3, 0, 0, 1, 0, 0, 0, 0, 3, 0, 2, 0, 0, 2, 1, 3, 0, 0, 0, 0, 1, 0],890.9074744783937,50765.917855663734,113588.58833646381,false
17,G3_TWC,G1_CMAX,[31, 22, 82, 15, 26, 9, 42, 95, 77, 12, 47, 5, 93, 78, 86, 54, 85, 63, 18, 44, 20, 35, 43, 97, 91, 76, 10, 30, 21, 45, 71, 64, 1, 23, 17, 83, 24, 14, 60, 36, 6, 57, 94, 88, 65, 56, 79, 40, 67, 68, 46, 75, 38, 58, 19, 32, 81, 41, 27, 62, 87, 90, 99, 59, 11, 16, 72, 73, 69, 39, 37, 84, 3, 92, 25, 55, 28, 29, 51, 7, 33, 61, 98, 66, 89, 50, 8, 96, 53, 80, 4, 48, 34, 2, 52, 13, 0, 70, 49, 74]|[1, 1, 0, 1, 1, 1, 2, 1, 2, 1, 2, 2, 2, 1, 1, 0, 0, 1, 0, 2, 2, 0, 1, 2, 0, 1, 2, 2, 0, 0, 1, 2, 1, 2, 1, 0, 2, 0, 1, 1, 0, 1, 1, 1, 0, 2, 1, 1, 0, 0, 0, 0, 1, 1, 2, 1, 2, 0, 0, 0, 2, 1, 0, 1, 2, 1, 2, 1, 1, 1, 1, 1, 1, 0, 1, 2, 0, 0, 0, 1, 2, 1, 0, 2, 1, 0, 1, 0, 0, 0, 0, 0, 2, 0, 1, 0, 0, 1, 0, 2]|[4, 3, 2, 2, 0, 0, 2, 2, 2, 4, 1, 1, 2, 4, 4, 1, 2, 4, 2, 1, 1, 1, 1, 2, 1, 2, 1, 1, 1, 1, 3, 2, 3, 0, 4, 0, 1, 1, 0, 3, 2, 2, 2, 0, 1, 1, 0, 4, 0, 1, 2, 2, 1, 4, 0, 3, 2, 1, 1, 2, 1, 3, 1, 1, 1, 3, 0, 4, 3, 1, 4, 1, 1, 0, 4, 1, 2, 1, 1, 3, 1, 3, 1, 1, 1, 1, 3, 1, 2, 1, 2, 1, 1, 2, 1, 2, 2, 3, 1, 1]|[0, 2, 1, 1, 3, 3, 0, 1, 0, 0, 0, 0, 1, 0, 1, 0, 0, 3, 1, 0, 0, 0, 3, 1, 0, 2, 0, 0, 0, 1, 0, 0, 0, 0, 3, 0, 1, 0, 0, 2, 1, 1, 1, 0, 0, 0, 0, 2, 1, 0, 0, 0, 1, 3, 0, 0, 1, 0, 0, 1, 0, 2, 0, 1, 0, 2, 1, 0, 0, 1, 1, 3, 1, 1, 3, 0, 1, 0, 0, 2, 0, 0, 0, 0, 1, 0, 2, 0, 1, 0, 1, 0, 0, 0, 1, 0, 0, 0, 1, 0],801.427594812029,57868.49349465401,91455.85780813712,true
17,G1_CMAX,G1_CMAX,[31, 22, 82, 15, 26, 9, 42, 77, 12, 5, 47, 93, 78, 86, 54, 6, 63, 18, 44, 20, 35, 43, 97, 91, 76, 10, 30, 21, 45, 17, 23, 1, 71, 83, 24, 14, 60, 36, 85, 57, 40, 95, 88, 65, 56, 79, 94, 67, 68, 46, 75, 38, 58, 19, 32, 81, 41, 62, 87, 28, 90, 59, 11, 16, 72, 73, 69, 52, 37, 64, 84, 3, 25, 29, 55, 51, 7, 98, 61, 66, 99, 33, 89, 48, 50, 96, 53, 80, 4, 8, 27, 2, 39, 13, 0, 92, 49, 74, 34, 70]|[1, 1, 0, 1, 1, 1, 2, 2, 1, 2, 2, 1, 1, 1, 0, 0, 1, 0, 2, 2, 0, 1, 2, 2, 1, 2, 2, 0, 0, 1, 2, 1, 1, 0, 2, 0, 1, 1, 0, 1, 1, 1, 1, 0, 2, 1, 1, 0, 0, 0, 0, 1, 1, 2, 1, 2, 0, 0, 2, 0, 1, 2, 2, 1, 2, 1, 1, 1, 1, 1, 1, 2, 1, 0, 2, 0, 1, 2, 1, 0, 0, 2, 1, 0, 0, 2, 0, 0, 1, 1, 0, 0, 1, 0, 0, 0, 0, 2, 2, 1]|[0, 3, 1, 2, 0, 0, 1, 1, 4, 1, 1, 4, 4, 4, 2, 2, 4, 2, 1, 1, 1, 1, 2, 1, 2, 1, 1, 1, 1, 4, 0, 3, 3, 0, 1, 1, 0, 3, 2, 2, 2, 2, 0, 1, 1, 0, 4, 0, 1, 2, 2, 1, 4, 0, 3, 2, 1, 2, 1, 2, 3, 1, 1, 3, 0, 4, 4, 1, 4, 3, 1, 2, 4, 1, 1, 1, 1, 1, 3, 1, 1, 1, 1, 1, 1, 1, 2, 1, 4, 3, 2, 2, 1, 2, 2, 0, 1, 1, 1, 4]|[1, 1, 1, 1, 3, 3, 0, 0, 0, 0, 0, 2, 0, 1, 0, 0, 3, 1, 0, 0, 0, 3, 1, 0, 2, 0, 0, 0, 1, 3, 0, 0, 0, 0, 1, 0, 0, 2, 1, 1, 1, 1, 0, 0, 0, 0, 2, 1, 0, 0, 0, 1, 3, 0, 0, 1, 0, 1, 0, 1, 2, 0, 0, 2, 1, 0, 2, 1, 1, 0, 3, 1, 3, 0, 0, 0, 2, 0, 0, 0, 0, 0, 1, 0, 0, 0, 1, 0, 0, 2, 1, 0, 1, 0, 0, 1, 1, 0, 0, 2],733.3116759547878,58140.55643565909,96674.14109675489,false
17,G4_BALANCED,G1_CMAX,[31, 22, 82, 15, 26, 58, 95, 42, 77, 12, 47, 5, 93, 78, 86, 54, 85, 63, 18, 44, 20, 35, 43, 97, 91, 76, 10, 30, 21, 45, 71, 64, 1, 23, 17, 83, 24, 14, 60, 36, 41, 57, 40, 88, 65, 56, 79, 94, 67, 68, 46, 75, 38, 9, 19, 32, 81, 6, 27, 62, 87, 90, 99, 59, 11, 16, 72, 73, 69, 39, 37, 84, 3, 48, 25, 55, 28, 29, 51, 7, 98, 61, 66, 92, 89, 50, 4, 96, 53, 80, 8, 33, 34, 2, 52, 13, 74, 70, 0, 49]|[1, 1, 0, 1, 1, 0, 1, 2, 2, 1, 2, 2, 2, 1, 1, 0, 0, 1, 0, 2, 2, 0, 1, 2, 0, 1, 2, 2, 0, 0, 1, 2, 1, 2, 1, 0, 2, 0, 1, 1, 0, 1, 1, 1, 0, 2, 1, 1, 0, 0, 0, 0, 1, 1, 2, 1, 2, 0, 0, 0, 2, 1, 0, 1, 2, 1, 2, 1, 1, 1, 1, 1, 1, 0, 1, 1, 0, 0, 0, 1, 2, 1, 0, 0, 1, 0, 0, 2, 0, 0, 1, 2, 2, 0, 1, 0, 2, 1, 0, 0]|[4, 3, 2, 2, 4, 1, 2, 2, 2, 4, 1, 1, 2, 4, 4, 1, 2, 4, 2, 1, 1, 1, 1, 2, 1, 2, 1, 1, 1, 1, 3, 2, 3, 1, 4, 0, 1, 1, 0, 3, 2, 2, 2, 0, 1, 1, 0, 4, 0, 1, 2, 2, 1, 4, 0, 3, 2, 1, 1, 2, 1, 3, 1, 1, 1, 3, 0, 4, 3, 1, 4, 1, 1, 1, 4, 4, 2, 1, 1, 1, 1, 3, 1, 1, 1, 1, 2, 1, 2, 1, 3, 1, 1, 2, 1, 2, 1, 4, 2, 1]|[0, 2, 1, 1, 3, 0, 1, 0, 0, 0, 0, 0, 1, 0, 1, 0, 0, 3, 1, 0, 0, 0, 3, 1, 0, 2, 0, 0, 0, 1, 0, 0, 0, 0, 3, 0, 1, 0, 0, 2, 1, 1, 1, 0, 0, 0, 0, 2, 1, 0, 0, 0, 1, 3, 0, 0, 1, 0, 0, 1, 0, 2, 0, 1, 0, 2, 1, 0, 0, 1, 1, 3, 1, 0, 3, 3, 1, 0, 0, 2, 0, 0, 0, 0, 1, 0, 1, 0, 1, 0, 2, 0, 0, 0, 1, 0, 0, 2, 0, 1],791.3134159191948,57015.92405046703,93164.14496711646,true
17,G2_TEC,G2_TEC,[31, 22, 82, 15, 26, 9, 95, 42, 77, 68, 47, 5, 93, 78, 86, 54, 85, 63, 18, 44, 20, 49, 36, 14, 74, 50, 53, 25, 21, 28, 71, 64, 3, 23, 30, 83, 24, 41, 40, 52, 65, 27, 90, 70, 39, 87, 48, 69, 99, 4, 46, 1, 13, 58, 97, 59, 45, 8, 73, 37, 35, 79, 11, 66, 76, 32, 60, 80, 96, 6, 16, 61, 33, 7, 57, 34, 12, 67, 10, 98, 56, 88, 29, 75, 91, 38, 19, 92, 43, 84, 51, 72, 81, 17, 2, 55, 0, 62, 89, 94]|[2, 1, 2, 1, 1, 2, 1, 1, 1, 1, 1, 0, 2, 2, 1, 2, 0, 0, 0, 2, 2, 1, 0, 2, 0, 2, 2, 1, 0, 1, 1, 1, 0, 0, 1, 0, 2, 1, 2, 2, 0, 0, 1, 1, 0, 2, 0, 2, 1, 0, 0, 2, 0, 0, 2, 0, 1, 1, 0, 0, 2, 1, 0, 2, 2, 0, 2, 2, 0, 1, 2, 1, 1, 2, 0, 1, 1, 1, 1, 2, 2, 1, 1, 0, 1, 0, 1, 0, 1, 0, 1, 1, 1, 1, 2, 0, 0, 1, 1, 2]|[0, 3, 0, 3, 4, 1, 4, 4, 2, 4, 3, 2, 1, 0, 2, 1, 1, 1, 2, 1, 1, 3, 0, 1, 0, 1, 1, 4, 1, 4, 3, 2, 2, 0, 4, 1, 1, 4, 0, 1, 2, 1, 4, 4, 1, 1, 0, 2, 3, 1, 2, 1, 2, 1, 1, 2, 4, 3, 0, 2, 2, 3, 1, 0, 1, 2, 0, 1, 2, 4, 1, 3, 4, 1, 2, 4, 3, 3, 3, 1, 1, 4, 3, 2, 3, 2, 4, 2, 4, 2, 3, 4, 4, 4, 1, 2, 2, 3, 4, 1]|[0, 2, 0, 0, 3, 0, 1, 3, 0, 0, 2, 0, 1, 0, 1, 0, 0, 0, 1, 0, 0, 2, 0, 0, 1, 0, 0, 3, 0, 1, 0, 2, 0, 0, 3, 0, 1, 3, 0, 0, 0, 0, 1, 3, 0, 0, 1, 0, 2, 0, 0, 0, 0, 0, 1, 0, 1, 0, 1, 1, 0, 2, 0, 0, 0, 0, 0, 0, 0, 2, 0, 0, 1, 0, 0, 1, 0, 0, 3, 0, 0, 1, 0, 0, 0, 0, 3, 0, 2, 0, 0, 2, 1, 3, 0, 0, 0, 0, 1, 0],890.9074744783937,50765.917855663734,113588.58833646381,false
17,G3_TWC,G1_CMAX,[31, 22, 82, 15, 26, 9, 42, 95, 77, 12, 47, 5, 93, 78, 86, 54, 85, 63, 18, 44, 20, 35, 43, 97, 91, 76, 10, 30, 21, 45, 71, 64, 1, 23, 17, 83, 24, 14, 60, 36, 6, 57, 94, 88, 65, 56, 79, 40, 67, 68, 46, 75, 38, 58, 19, 32, 81, 41, 27, 62, 87, 90, 99, 59, 11, 16, 72, 73, 69, 39, 37, 84, 3, 92, 25, 55, 28, 29, 51, 7, 33, 61, 98, 66, 89, 50, 8, 96, 53, 80, 4, 48, 34, 2, 52, 13, 0, 70, 49, 74]|[1, 1, 0, 1, 1, 1, 2, 1, 2, 1, 2, 2, 2, 1, 1, 0, 0, 1, 0, 2, 2, 0, 1, 2, 0, 1, 2, 2, 0, 0, 1, 2, 1, 2, 1, 0, 2, 0, 1, 1, 0, 1, 1, 1, 0, 2, 1, 1, 0, 0, 0, 0, 1, 1, 2, 1, 2, 0, 0, 0, 2, 1, 0, 1, 2, 1, 2, 1, 1, 1, 1, 1, 1, 0, 1, 2, 0, 0, 0, 1, 2, 1, 0, 2, 1, 0, 1, 0, 0, 0, 0, 0, 2, 0, 1, 0, 0, 1, 0, 2]|[4, 3, 2, 2, 0, 0, 2, 2, 2, 4, 1, 1, 2, 4, 4, 1, 2, 4, 2, 1, 1, 1, 1, 2, 1, 2, 1, 1, 1, 1, 3, 2, 3, 0, 4, 0, 1, 1, 0, 3, 2, 2, 2, 0, 1, 1, 0, 4, 0, 1, 2, 2, 1, 4, 0, 3, 2, 1, 1, 2, 1, 3, 1, 1, 1, 3, 0, 4, 3, 1, 4, 1, 1, 0, 4, 1, 2, 1, 1, 3, 1, 3, 1, 1, 1, 1, 3, 1, 2, 1, 2, 1, 1, 2, 1, 2, 2, 3, 1, 1]|[0, 2, 1, 1, 3, 3, 0, 1, 0, 0, 0, 0, 1, 0, 1, 0, 0, 3, 1, 0, 0, 0, 3, 1, 0, 2, 0, 0, 0, 1, 0, 0, 0, 0, 3, 0, 1, 0, 0, 2, 1, 1, 1, 0, 0, 0, 0, 2, 1, 0, 0, 0, 1, 3, 0, 0, 1, 0, 0, 1, 0, 2, 0, 1, 0, 2, 1, 0, 0, 1, 1, 3, 1, 1, 3, 0, 1, 0, 0, 2, 0, 0, 0, 0, 1, 0, 2, 0, 1, 0, 1, 0, 0, 0, 1, 0, 0, 0, 1, 0],801.427594812029,57868.49349465401,91455.85780813712,true
17,G1_CMAX,G1_CMAX,[31, 22, 82, 15, 26, 9, 42, 77, 12, 5, 47, 93, 78, 86, 54, 6, 63, 18, 44, 20, 35, 43, 97, 91, 76, 10, 30, 21, 45, 17, 23, 1, 71, 83, 24, 14, 60, 36, 85, 57, 40, 95, 88, 65, 56, 79, 94, 67, 68, 46, 75, 38, 58, 19, 32, 81, 41, 62, 87, 28, 90, 59, 11, 16, 72, 73, 69, 52, 37, 64, 84, 3, 25, 29, 55, 51, 7, 98, 61, 66, 99, 33, 89, 48, 50, 96, 53, 80, 4, 8, 27, 2, 39, 13, 0, 92, 49, 74, 34, 70]|[1, 1, 0, 1, 1, 1, 2, 2, 1, 2, 2, 1, 1, 1, 0, 0, 1, 0, 2, 2, 0, 1, 2, 2, 1, 2, 2, 0, 0, 1, 2, 1, 1, 0, 2, 0, 1, 1, 0, 1, 1, 1, 1, 0, 2, 1, 1, 0, 0, 0, 0, 1, 1, 2, 1, 2, 0, 0, 2, 0, 1, 2, 2, 1, 2, 1, 1, 1, 1, 1, 1, 2, 1, 0, 2, 0, 1, 2, 1, 0, 0, 2, 1, 0, 0, 2, 0, 0, 1, 1, 0, 0, 1, 0, 0, 0, 0, 2, 2, 1]|[0, 3, 1, 2, 0, 0, 1, 1, 4, 1, 1, 4, 4, 4, 2, 2, 4, 2, 1, 1, 1, 1, 2, 1, 2, 1, 1, 1, 1, 4, 0, 3, 3, 0, 1, 1, 0, 3, 2, 2, 2, 2, 0, 1, 1, 0, 4, 0, 1, 2, 2, 1, 4, 0, 3, 2, 1, 2, 1, 2, 3, 1, 1, 3, 0, 4, 4, 1, 4, 3, 1, 2, 4, 1, 1, 1, 1, 1, 3, 1, 1, 1, 1, 1, 1, 1, 2, 1, 4, 3, 2, 2, 1, 2, 2, 0, 1, 1, 1, 4]|[1, 1, 1, 1, 3, 3, 0, 0, 0, 0, 0, 2, 0, 1, 0, 0, 3, 1, 0, 0, 0, 3, 1, 0, 2, 0, 0, 0, 1, 3, 0, 0, 0, 0, 1, 0, 0, 2, 1, 1, 1, 1, 0, 0, 0, 0, 2, 1, 0, 0, 0, 1, 3, 0, 0, 1, 0, 1, 0, 1, 2, 0, 0, 2, 1, 0, 2, 1, 1, 0, 3, 1, 3, 0, 0, 0, 2, 0, 0, 0, 0, 0, 1, 0, 0, 0, 1, 0, 0, 2, 1, 0, 1, 0, 0, 1, 1, 0, 0, 2],733.3116759547878,58140.55643565909,96674.14109675489,false
17,G4_BALANCED,G4_BALANCED,[31, 22, 82, 15, 26, 58, 95, 42, 77, 12, 47, 5, 93, 78, 86, 54, 85, 63, 18, 44, 20, 35, 43, 97, 66, 76, 10, 30, 21, 45, 71, 1, 23, 64, 17, 83, 80, 14, 60, 36, 6, 57, 40, 88, 65, 56, 79, 94, 67, 68, 46, 75, 38, 9, 19, 32, 81, 41, 27, 87, 28, 90, 99, 59, 11, 72, 16, 73, 70, 39, 37, 84, 3, 92, 25, 34, 62, 29, 51, 7, 33, 61, 98, 48, 89, 50, 8, 96, 53, 24, 4, 91, 55, 2, 52, 13, 0, 69, 74, 49]|[1, 1, 0, 1, 1, 0, 1, 2, 2, 1, 2, 2, 2, 1, 1, 0, 0, 1, 0, 2, 2, 0, 1, 2, 2, 1, 2, 2, 0, 0, 1, 1, 2, 2, 1, 0, 0, 0, 1, 1, 0, 1, 1, 1, 0, 2, 1, 1, 0, 0, 0, 0, 1, 1, 2, 1, 2, 0, 0, 2, 0, 1, 0, 1, 2, 2, 1, 1, 1, 1, 1, 1, 1, 0, 1, 2, 0, 0, 0, 1, 2, 1, 2, 0, 1, 0, 1, 2, 0, 2, 1, 0, 2, 0, 1, 0, 0, 1, 2, 0]|[4, 3, 2, 2, 4, 1, 2, 2, 2, 4, 1, 1, 2, 4, 4, 1, 2, 4, 2, 1, 1, 1, 1, 2, 1, 2, 1, 1, 1, 1, 3, 3, 1, 2, 4, 0, 1, 1, 0, 3, 2, 2, 2, 0, 1, 1, 0, 4, 0, 1, 2, 2, 1, 4, 0, 3, 2, 1, 2, 1, 2, 3, 1, 1, 1, 0, 3, 4, 3, 1, 4, 1, 1, 0, 4, 1, 1, 1, 1, 1, 1, 3, 1, 1, 1, 1, 3, 1, 2, 1, 4, 1, 1, 2, 1, 2, 2, 4, 1, 1]|[0, 2, 1, 1, 3, 0, 1, 0, 0, 0, 0, 0, 1, 0, 1, 0, 0, 3, 1, 0, 0, 0, 3, 1, 0, 2, 0, 0, 0, 1, 0, 0, 0, 0, 3, 0, 0, 0, 0, 2, 1, 1, 1, 0, 0, 0, 0, 2, 1, 0, 0, 0, 1, 3, 0, 0, 1, 0, 1, 0, 1, 2, 0, 1, 0, 1, 2, 0, 0, 1, 1, 3, 1, 1, 3, 0, 0, 0, 0, 2, 0, 0, 0, 0, 1, 0, 2, 0, 1, 1, 0, 0, 0, 0, 1, 0, 0, 2, 0, 1],744.4779966161886,56642.47080315968,95938.98434845981,false
17,G2_TEC,G2_TEC,[31, 22, 82, 15, 26, 9, 95, 42, 77, 68, 47, 5, 93, 78, 86, 54, 85, 63, 18, 44, 20, 49, 36, 14, 74, 50, 53, 25, 21, 28, 71, 64, 3, 23, 30, 83, 24, 41, 40, 52, 65, 27, 90, 70, 39, 87, 48, 69, 99, 4, 46, 1, 13, 58, 97, 59, 45, 8, 73, 37, 35, 79, 11, 66, 76, 32, 60, 80, 96, 6, 16, 61, 33, 7, 57, 34, 12, 67, 10, 98, 56, 88, 29, 75, 91, 38, 19, 92, 43, 84, 51, 72, 81, 17, 2, 55, 0, 62, 89, 94]|[2, 1, 2, 1, 1, 2, 1, 1, 1, 1, 1, 0, 2, 2, 1, 2, 0, 0, 0, 2, 2, 1, 0, 2, 0, 2, 2, 1, 0, 1, 1, 1, 0, 0, 1, 0, 2, 1, 2, 2, 0, 0, 1, 1, 0, 2, 0, 2, 1, 0, 0, 2, 0, 0, 2, 0, 1, 1, 0, 0, 2, 1, 0, 2, 2, 0, 2, 2, 0, 1, 2, 1, 1, 2, 0, 1, 1, 1, 1, 2, 2, 1, 1, 0, 1, 0, 1, 0, 1, 0, 1, 1, 1, 1, 2, 0, 0, 1, 1, 2]|[0, 3, 0, 3, 4, 1, 4, 4, 2, 4, 3, 2, 1, 0, 2, 1, 1, 1, 2, 1, 1, 3, 0, 1, 0, 1, 1, 4, 1, 4, 3, 2, 2, 0, 4, 1, 1, 4, 0, 1, 2, 1, 4, 4, 1, 1, 0, 2, 3, 1, 2, 1, 2, 1, 1, 2, 4, 3, 0, 2, 2, 3, 1, 0, 1, 2, 0, 1, 2, 4, 1, 3, 4, 1, 2, 4, 3, 3, 3, 1, 1, 4, 3, 2, 3, 2, 4, 2, 4, 2, 3, 4, 4, 4, 1, 2, 2, 3, 4, 1]|[0, 2, 0, 0, 3, 0, 1, 3, 0, 0, 2, 0, 1, 0, 1, 0, 0, 0, 1, 0, 0, 2, 0, 0, 1, 0, 0, 3, 0, 1, 0, 2, 0, 0, 3, 0, 1, 3, 0, 0, 0, 0, 1, 3, 0, 0, 1, 0, 2, 0, 0, 0, 0, 0, 1, 0, 1, 0, 1, 1, 0, 2, 0, 0, 0, 0, 0, 0, 0, 2, 0, 0, 1, 0, 0, 1, 0, 0, 3, 0, 0, 1, 0, 0, 0, 0, 3, 0, 2, 0, 0, 2, 1, 3, 0, 0, 0, 0, 1, 0],890.9074744783937,50765.917855663734,113588.58833646381,false
17,G3_TWC,G1_CMAX,[31, 22, 82, 15, 26, 9, 42, 95, 77, 12, 47, 5, 93, 78, 86, 54, 85, 63, 18, 44, 20, 35, 43, 97, 91, 76, 10, 30, 21, 45, 71, 64, 1, 23, 17, 83, 24, 14, 60, 36, 6, 57, 94, 88, 65, 56, 79, 40, 67, 68, 46, 75, 38, 58, 19, 32, 81, 41, 27, 62, 87, 90, 99, 59, 11, 16, 72, 73, 69, 39, 37, 84, 3, 92, 25, 55, 28, 29, 51, 7, 33, 61, 98, 66, 89, 50, 8, 96, 53, 80, 4, 48, 34, 2, 52, 13, 0, 70, 49, 74]|[1, 1, 0, 1, 1, 1, 2, 1, 2, 1, 2, 2, 2, 1, 1, 0, 0, 1, 0, 2, 2, 0, 1, 2, 0, 1, 2, 2, 0, 0, 1, 2, 1, 2, 1, 0, 2, 0, 1, 1, 0, 1, 1, 1, 0, 2, 1, 1, 0, 0, 0, 0, 1, 1, 2, 1, 2, 0, 0, 0, 2, 1, 0, 1, 2, 1, 2, 1, 1, 1, 1, 1, 1, 0, 1, 2, 0, 0, 0, 1, 2, 1, 0, 2, 1, 0, 1, 0, 0, 0, 0, 0, 2, 0, 1, 0, 0, 1, 0, 2]|[4, 3, 2, 2, 0, 0, 2, 2, 2, 4, 1, 1, 2, 4, 4, 1, 2, 4, 2, 1, 1, 1, 1, 2, 1, 2, 1, 1, 1, 1, 3, 2, 3, 0, 4, 0, 1, 1, 0, 3, 2, 2, 2, 0, 1, 1, 0, 4, 0, 1, 2, 2, 1, 4, 0, 3, 2, 1, 1, 2, 1, 3, 1, 1, 1, 3, 0, 4, 3, 1, 4, 1, 1, 0, 4, 1, 2, 1, 1, 3, 1, 3, 1, 1, 1, 1, 3, 1, 2, 1, 2, 1, 1, 2, 1, 2, 2, 3, 1, 1]|[0, 2, 1, 1, 3, 3, 0, 1, 0, 0, 0, 0, 1, 0, 1, 0, 0, 3, 1, 0, 0, 0, 3, 1, 0, 2, 0, 0, 0, 1, 0, 0, 0, 0, 3, 0, 1, 0, 0, 2, 1, 1, 1, 0, 0, 0, 0, 2, 1, 0, 0, 0, 1, 3, 0, 0, 1, 0, 0, 1, 0, 2, 0, 1, 0, 2, 1, 0, 0, 1, 1, 3, 1, 1, 3, 0, 1, 0, 0, 2, 0, 0, 0, 0, 1, 0, 2, 0, 1, 0, 1, 0, 0, 0, 1, 0, 0, 0, 1, 0],801.427594812029,57868.49349465401,91455.85780813712,true
17,G1_CMAX,G1_CMAX,[31, 22, 82, 15, 26, 9, 42, 77, 12, 5, 47, 93, 78, 86, 54, 6, 63, 18, 44, 20, 35, 43, 97, 91, 76, 10, 30, 21, 45, 17, 23, 1, 71, 83, 24, 14, 60, 36, 85, 57, 40, 95, 88, 65, 56, 79, 94, 67, 68, 46, 75, 38, 58, 19, 32, 81, 41, 62, 87, 28, 90, 59, 11, 16, 72, 73, 69, 52, 37, 64, 84, 3, 25, 29, 55, 51, 7, 98, 61, 66, 99, 33, 89, 48, 50, 96, 53, 80, 4, 8, 27, 2, 39, 13, 0, 92, 49, 74, 34, 70]|[1, 1, 0, 1, 1, 1, 2, 2, 1, 2, 2, 1, 1, 1, 0, 0, 1, 0, 2, 2, 0, 1, 2, 2, 1, 2, 2, 0, 0, 1, 2, 1, 1, 0, 2, 0, 1, 1, 0, 1, 1, 1, 1, 0, 2, 1, 1, 0, 0, 0, 0, 1, 1, 2, 1, 2, 0, 0, 2, 0, 1, 2, 2, 1, 2, 1, 1, 1, 1, 1, 1, 2, 1, 0, 2, 0, 1, 2, 1, 0, 0, 2, 1, 0, 0, 2, 0, 0, 1, 1, 0, 0, 1, 0, 0, 0, 0, 2, 2, 1]|[0, 3, 1, 2, 0, 0, 1, 1, 4, 1, 1, 4, 4, 4, 2, 2, 4, 2, 1, 1, 1, 1, 2, 1, 2, 1, 1, 1, 1, 4, 0, 3, 3, 0, 1, 1, 0, 3, 2, 2, 2, 2, 0, 1, 1, 0, 4, 0, 1, 2, 2, 1, 4, 0, 3, 2, 1, 2, 1, 2, 3, 1, 1, 3, 0, 4, 4, 1, 4, 3, 1, 2, 4, 1, 1, 1, 1, 1, 3, 1, 1, 1, 1, 1, 1, 1, 2, 1, 4, 3, 2, 2, 1, 2, 2, 0, 1, 1, 1, 4]|[1, 1, 1, 1, 3, 3, 0, 0, 0, 0, 0, 2, 0, 1, 0, 0, 3, 1, 0, 0, 0, 3, 1, 0, 2, 0, 0, 0, 1, 3, 0, 0, 0, 0, 1, 0, 0, 2, 1, 1, 1, 1, 0, 0, 0, 0, 2, 1, 0, 0, 0, 1, 3, 0, 0, 1, 0, 1, 0, 1, 2, 0, 0, 2, 1, 0, 2, 1, 1, 0, 3, 1, 3, 0, 0, 0, 2, 0, 0, 0, 0, 0, 1, 0, 0, 0, 1, 0, 0, 2, 1, 0, 1, 0, 0, 1, 1, 0, 0, 2],733.3116759547878,58140.55643565909,96674.14109675489,false
17,G4_BALANCED,G4_BALANCED,[31, 11, 82, 15, 26, 9, 95, 42, 77, 68, 47, 5, 93, 78, 86, 54, 85, 63, 18, 44, 20, 49, 36, 14, 74, 50, 53, 17, 21, 45, 71, 64, 3, 23, 30, 83, 24, 41, 60, 52, 65, 27, 90, 70, 39, 87, 48, 69, 99, 4, 46, 1, 13, 58, 97, 59, 28, 75, 73, 37, 35, 79, 22, 66, 76, 32, 40, 80, 96, 6, 61, 16, 33, 7, 57, 34, 12, 67, 10, 98, 56, 88, 29, 25, 91, 38, 19, 92, 43, 84, 51, 72, 81, 8, 2, 55, 0, 62, 89, 94]|[2, 1, 2, 1, 1, 2, 1, 1, 1, 1, 1, 0, 2, 2, 1, 2, 0, 0, 0, 2, 2, 1, 0, 2, 0, 2, 2, 1, 0, 1, 1, 1, 0, 0, 1, 0, 2, 1, 2, 2, 0, 0, 1, 1, 0, 2, 0, 2, 1, 0, 0, 2, 0, 0, 2, 0, 1, 1, 0, 0, 2, 1, 0, 2, 2, 0, 2, 2, 0, 1, 1, 2, 1, 2, 0, 1, 1, 1, 1, 2, 2, 1, 1, 1, 1, 0, 1, 0, 1, 0, 1, 1, 1, 0, 2, 0, 0, 1, 1, 2]|[0, 3, 0, 2, 4, 1, 4, 4, 2, 4, 3, 2, 1, 0, 2, 1, 1, 1, 2, 1, 1, 3, 0, 1, 0, 1, 1, 4, 1, 4, 3, 2, 2, 0, 4, 1, 1, 4, 0, 1, 2, 1, 4, 4, 1, 1, 0, 2, 3, 1, 2, 1, 2, 1, 1, 2, 4, 3, 0, 2, 2, 3, 1, 0, 1, 2, 0, 1, 2, 4, 3, 1, 4, 1, 2, 4, 3, 3, 3, 1, 1, 4, 3, 4, 3, 2, 4, 2, 4, 2, 3, 4, 1, 2, 1, 2, 2, 3, 4, 1]|[0, 2, 0, 1, 3, 0, 1, 3, 0, 0, 2, 0, 1, 0, 1, 0, 0, 0, 1, 0, 0, 2, 0, 0, 1, 0, 0, 3, 0, 1, 0, 2, 0, 1, 3, 0, 1, 3, 0, 0, 0, 0, 1, 3, 0, 0, 1, 0, 2, 0, 0, 0, 0, 0, 1, 0, 1, 0, 1, 1, 0, 2, 0, 0, 0, 0, 0, 0, 0, 2, 0, 0, 1, 0, 0, 1, 0, 0, 3, 0, 0, 1, 0, 3, 0, 0, 3, 0, 2, 0, 0, 2, 1, 0, 0, 0, 0, 0, 1, 0],855.0393744413956,51684.66824914086,111484.00316030454,false
17,G2_TEC,G2_TEC,[31, 22, 82, 15, 26, 9, 95, 42, 77, 68, 47, 5, 93, 78, 86, 54, 85, 63, 18, 44, 20, 49, 36, 14, 74, 50, 53, 25, 21, 28, 71, 64, 3, 23, 30, 83, 24, 41, 40, 52, 65, 27, 90, 70, 39, 87, 48, 69, 99, 4, 46, 1, 13, 58, 97, 59, 45, 8, 73, 37, 35, 79, 11, 66, 76, 32, 60, 80, 96, 6, 16, 61, 33, 7, 57, 34, 12, 67, 10, 98, 56, 88, 29, 75, 91, 38, 19, 92, 43, 84, 51, 72, 81, 17, 2, 55, 0, 62, 89, 94]|[2, 1, 2, 1, 1, 2, 1, 1, 1, 1, 1, 0, 2, 2, 1, 2, 0, 0, 0, 2, 2, 1, 0, 2, 0, 2, 2, 1, 0, 1, 1, 1, 0, 0, 1, 0, 2, 1, 2, 2, 0, 0, 1, 1, 0, 2, 0, 2, 1, 0, 0, 2, 0, 0, 2, 0, 1, 1, 0, 0, 2, 1, 0, 2, 2, 0, 2, 2, 0, 1, 2, 1, 1, 2, 0, 1, 1, 1, 1, 2, 2, 1, 1, 0, 1, 0, 1, 0, 1, 0, 1, 1, 1, 1, 2, 0, 0, 1, 1, 2]|[0, 3, 0, 3, 4, 1, 4, 4, 2, 4, 3, 2, 1, 0, 2, 1, 1, 1, 2, 1, 1, 3, 0, 1, 0, 1, 1, 4, 1, 4, 3, 2, 2, 0, 4, 1, 1, 4, 0, 1, 2, 1, 4, 4, 1, 1, 0, 2, 3, 1, 2, 1, 2, 1, 1, 2, 4, 3, 0, 2, 2, 3, 1, 0, 1, 2, 0, 1, 2, 4, 1, 3, 4, 1, 2, 4, 3, 3, 3, 1, 1, 4, 3, 2, 3, 2, 4, 2, 4, 2, 3, 4, 4, 4, 1, 2, 2, 3, 4, 1]|[0, 2, 0, 0, 3, 0, 1, 3, 0, 0, 2, 0, 1, 0, 1, 0, 0, 0, 1, 0, 0, 2, 0, 0, 1, 0, 0, 3, 0, 1, 0, 2, 0, 0, 3, 0, 1, 3, 0, 0, 0, 0, 1, 3, 0, 0, 1, 0, 2, 0, 0, 0, 0, 0, 1, 0, 1, 0, 1, 1, 0, 2, 0, 0, 0, 0, 0, 0, 0, 2, 0, 0, 1, 0, 0, 1, 0, 0, 3, 0, 0, 1, 0, 0, 0, 0, 3, 0, 2, 0, 0, 2, 1, 3, 0, 0, 0, 0, 1, 0],890.9074744783937,50765.917855663734,113588.58833646381,false
17,G3_TWC,G1_CMAX,[31, 22, 82, 15, 26, 9, 42, 95, 77, 12, 47, 5, 93, 78, 86, 54, 85, 63, 18, 44, 20, 35, 43, 97, 91, 76, 10, 30, 21, 45, 71, 64, 1, 23, 17, 83, 24, 14, 60, 36, 6, 57, 94, 88, 65, 56, 79, 40, 67, 68, 46, 75, 38, 58, 19, 32, 81, 41, 27, 62, 87, 90, 99, 59, 11, 16, 72, 73, 69, 39, 37, 84, 3, 92, 25, 55, 28, 29, 51, 7, 33, 61, 98, 66, 89, 50, 8, 96, 53, 80, 4, 48, 34, 2, 52, 13, 0, 70, 49, 74]|[1, 1, 0, 1, 1, 1, 2, 1, 2, 1, 2, 2, 2, 1, 1, 0, 0, 1, 0, 2, 2, 0, 1, 2, 0, 1, 2, 2, 0, 0, 1, 2, 1, 2, 1, 0, 2, 0, 1, 1, 0, 1, 1, 1, 0, 2, 1, 1, 0, 0, 0, 0, 1, 1, 2, 1, 2, 0, 0, 0, 2, 1, 0, 1, 2, 1, 2, 1, 1, 1, 1, 1, 1, 0, 1, 2, 0, 0, 0, 1, 2, 1, 0, 2, 1, 0, 1, 0, 0, 0, 0, 0, 2, 0, 1, 0, 0, 1, 0, 2]|[4, 3, 2, 2, 0, 0, 2, 2, 2, 4, 1, 1, 2, 4, 4, 1, 2, 4, 2, 1, 1, 1, 1, 2, 1, 2, 1, 1, 1, 1, 3, 2, 3, 0, 4, 0, 1, 1, 0, 3, 2, 2, 2, 0, 1, 1, 0, 4, 0, 1, 2, 2, 1, 4, 0, 3, 2, 1, 1, 2, 1, 3, 1, 1, 1, 3, 0, 4, 3, 1, 4, 1, 1, 0, 4, 1, 2, 1, 1, 3, 1, 3, 1, 1, 1, 1, 3, 1, 2, 1, 2, 1, 1, 2, 1, 2, 2, 3, 1, 1]|[0, 2, 1, 1, 3, 3, 0, 1, 0, 0, 0, 0, 1, 0, 1, 0, 0, 3, 1, 0, 0, 0, 3, 1, 0, 2, 0, 0, 0, 1, 0, 0, 0, 0, 3, 0, 1, 0, 0, 2, 1, 1, 1, 0, 0, 0, 0, 2, 1, 0, 0, 0, 1, 3, 0, 0, 1, 0, 0, 1, 0, 2, 0, 1, 0, 2, 1, 0, 0, 1, 1, 3, 1, 1, 3, 0, 1, 0, 0, 2, 0, 0, 0, 0, 1, 0, 2, 0, 1, 0, 1, 0, 0, 0, 1, 0, 0, 0, 1, 0],801.427594812029,57868.49349465401,91455.85780813712,true
17,G1_CMAX,G1_CMAX,[31, 22, 82, 15, 26, 9, 42, 77, 12, 5, 47, 93, 78, 86, 54, 6, 63, 18, 44, 20, 35, 43, 97, 91, 76, 10, 30, 21, 45, 17, 23, 1, 71, 83, 24, 14, 60, 36, 85, 57, 40, 95, 88, 65, 56, 79, 94, 67, 68, 46, 75, 38, 58, 19, 32, 81, 41, 62, 87, 28, 90, 59, 11, 16, 72, 73, 69, 52, 37, 64, 84, 3, 25, 29, 55, 51, 7, 98, 61, 66, 99, 33, 89, 48, 50, 96, 53, 80, 4, 8, 27, 2, 39, 13, 0, 92, 49, 74, 34, 70]|[1, 1, 0, 1, 1, 1, 2, 2, 1, 2, 2, 1, 1, 1, 0, 0, 1, 0, 2, 2, 0, 1, 2, 2, 1, 2, 2, 0, 0, 1, 2, 1, 1, 0, 2, 0, 1, 1, 0, 1, 1, 1, 1, 0, 2, 1, 1, 0, 0, 0, 0, 1, 1, 2, 1, 2, 0, 0, 2, 0, 1, 2, 2, 1, 2, 1, 1, 1, 1, 1, 1, 2, 1, 0, 2, 0, 1, 2, 1, 0, 0, 2, 1, 0, 0, 2, 0, 0, 1, 1, 0, 0, 1, 0, 0, 0, 0, 2, 2, 1]|[0, 3, 1, 2, 0, 0, 1, 1, 4, 1, 1, 4, 4, 4, 2, 2, 4, 2, 1, 1, 1, 1, 2, 1, 2, 1, 1, 1, 1, 4, 0, 3, 3, 0, 1, 1, 0, 3, 2, 2, 2, 2, 0, 1, 1, 0, 4, 0, 1, 2, 2, 1, 4, 0, 3, 2, 1, 2, 1, 2, 3, 1, 1, 3, 0, 4, 4, 1, 4, 3, 1, 2, 4, 1, 1, 1, 1, 1, 3, 1, 1, 1, 1, 1, 1, 1, 2, 1, 4, 3, 2, 2, 1, 2, 2, 0, 1, 1, 1, 4]|[1, 1, 1, 1, 3, 3, 0, 0, 0, 0, 0, 2, 0, 1, 0, 0, 3, 1, 0, 0, 0, 3, 1, 0, 2, 0, 0, 0, 1, 3, 0, 0, 0, 0, 1, 0, 0, 2, 1, 1, 1, 1, 0, 0, 0, 0, 2, 1, 0, 0, 0, 1, 3, 0, 0, 1, 0, 1, 0, 1, 2, 0, 0, 2, 1, 0, 2, 1, 1, 0, 3, 1, 3, 0, 0, 0, 2, 0, 0, 0, 0, 0, 1, 0, 0, 0, 1, 0, 0, 2, 1, 0, 1, 0, 0, 1, 1, 0, 0, 2],733.3116759547878,58140.55643565909,96674.14109675489,false
17,G4_BALANCED,G4_BALANCED,[31, 11, 82, 15, 26, 9, 95, 42, 77, 68, 47, 5, 93, 78, 86, 54, 85, 63, 18, 44, 20, 49, 36, 14, 74, 50, 53, 17, 21, 45, 71, 64, 3, 23, 30, 83, 24, 41, 60, 52, 65, 27, 90, 70, 39, 87, 48, 69, 99, 4, 46, 1, 13, 58, 97, 59, 28, 75, 73, 37, 35, 79, 22, 66, 76, 32, 40, 80, 96, 6, 61, 16, 33, 7, 57, 34, 12, 67, 10, 98, 56, 88, 29, 25, 91, 38, 19, 92, 43, 84, 51, 72, 81, 8, 2, 55, 0, 62, 89, 94]|[2, 1, 2, 1, 1, 2, 1, 1, 1, 1, 1, 0, 2, 2, 1, 2, 0, 0, 0, 2, 2, 1, 0, 2, 0, 2, 2, 1, 0, 1, 1, 1, 0, 0, 1, 0, 2, 1, 2, 2, 0, 0, 1, 1, 0, 2, 0, 2, 1, 0, 0, 2, 0, 0, 2, 0, 1, 1, 0, 0, 2, 1, 0, 2, 2, 0, 2, 2, 0, 1, 1, 2, 1, 2, 0, 1, 1, 1, 1, 2, 2, 1, 1, 1, 1, 0, 1, 0, 1, 0, 1, 1, 1, 0, 2, 0, 0, 1, 1, 2]|[0, 3, 0, 2, 4, 1, 4, 4, 2, 4, 3, 2, 1, 0, 2, 1, 1, 1, 2, 1, 1, 3, 0, 1, 0, 1, 1, 4, 1, 4, 3, 2, 2, 0, 4, 1, 1, 4, 0, 1, 2, 1, 4, 4, 1, 1, 0, 2, 3, 1, 2, 1, 2, 1, 1, 2, 4, 3, 0, 2, 2, 3, 1, 0, 1, 2, 0, 1, 2, 4, 3, 1, 4, 1, 2, 4, 3, 3, 3, 1, 1, 4, 3, 4, 3, 2, 4, 2, 4, 2, 3, 4, 1, 2, 1, 2, 2, 3, 4, 1]|[0, 2, 0, 1, 3, 0, 1, 3, 0, 0, 2, 0, 1, 0, 1, 0, 0, 0, 1, 0, 0, 2, 0, 0, 1, 0, 0, 3, 0, 1, 0, 2, 0, 1, 3, 0, 1, 3, 0, 0, 0, 0, 1, 3, 0, 0, 1, 0, 2, 0, 0, 0, 0, 0, 1, 0, 1, 0, 1, 1, 0, 2, 0, 0, 0, 0, 0, 0, 0, 2, 0, 0, 1, 0, 0, 1, 0, 0, 3, 0, 0, 1, 0, 3, 0, 0, 3, 0, 2, 0, 0, 2, 1, 0, 0, 0, 0, 0, 1, 0],855.0393744413956,51684.66824914086,111484.00316030454,false
17,G2_TEC,G2_TEC,[31, 22, 82, 15, 26, 9, 95, 42, 77, 68, 47, 5, 93, 78, 86, 54, 85, 63, 18, 44, 20, 49, 36, 14, 74, 50, 53, 25, 21, 28, 71, 64, 3, 23, 30, 83, 24, 41, 40, 52, 65, 27, 90, 70, 39, 87, 48, 69, 99, 4, 46, 1, 13, 58, 97, 59, 45, 8, 73, 37, 35, 79, 11, 66, 76, 32, 60, 80, 96, 6, 16, 61, 33, 7, 57, 34, 12, 67, 10, 98, 56, 88, 29, 75, 91, 38, 19, 92, 43, 84, 51, 72, 81, 17, 2, 55, 0, 62, 89, 94]|[2, 1, 2, 1, 1, 2, 1, 1, 1, 1, 1, 0, 2, 2, 1, 2, 0, 0, 0, 2, 2, 1, 0, 2, 0, 2, 2, 1, 0, 1, 1, 1, 0, 0, 1, 0, 2, 1, 2, 2, 0, 0, 1, 1, 0, 2, 0, 2, 1, 0, 0, 2, 0, 0, 2, 0, 1, 1, 0, 0, 2, 1, 0, 2, 2, 0, 2, 2, 0, 1, 2, 1, 1, 2, 0, 1, 1, 1, 1, 2, 2, 1, 1, 0, 1, 0, 1, 0, 1, 0, 1, 1, 1, 1, 2, 0, 0, 1, 1, 2]|[0, 3, 0, 3, 4, 1, 4, 4, 2, 4, 3, 2, 1, 0, 2, 1, 1, 1, 2, 1, 1, 3, 0, 1, 0, 1, 1, 4, 1, 4, 3, 2, 2, 0, 4, 1, 1, 4, 0, 1, 2, 1, 4, 4, 1, 1, 0, 2, 3, 1, 2, 1, 2, 1, 1, 2, 4, 3, 0, 2, 2, 3, 1, 0, 1, 2, 0, 1, 2, 4, 1, 3, 4, 1, 2, 4, 3, 3, 3, 1, 1, 4, 3, 2, 3, 2, 4, 2, 4, 2, 3, 4, 4, 4, 1, 2, 2, 3, 4, 1]|[0, 2, 0, 0, 3, 0, 1, 3, 0, 0, 2, 0, 1, 0, 1, 0, 0, 0, 1, 0, 0, 2, 0, 0, 1, 0, 0, 3, 0, 1, 0, 2, 0, 0, 3, 0, 1, 3, 0, 0, 0, 0, 1, 3, 0, 0, 1, 0, 2, 0, 0, 0, 0, 0, 1, 0, 1, 0, 1, 1, 0, 2, 0, 0, 0, 0, 0, 0, 0, 2, 0, 0, 1, 0, 0, 1, 0, 0, 3, 0, 0, 1, 0, 0, 0, 0, 3, 0, 2, 0, 0, 2, 1, 3, 0, 0, 0, 0, 1, 0],890.9074744783937,50765.917855663734,113588.58833646381,false
17,G3_TWC,G1_CMAX,[31, 22, 82, 15, 26, 9, 42, 95, 77, 12, 47, 5, 93, 78, 86, 54, 85, 63, 18, 44, 20, 35, 43, 97, 91, 76, 10, 30, 21, 45, 71, 64, 1, 23, 17, 83, 24, 14, 60, 36, 6, 57, 94, 88, 65, 56, 79, 40, 67, 68, 46, 75, 38, 58, 19, 32, 81, 41, 27, 62, 87, 90, 99, 59, 11, 16, 72, 73, 69, 39, 37, 84, 3, 92, 25, 55, 28, 29, 51, 7, 33, 61, 98, 66, 89, 50, 8, 96, 53, 80, 4, 48, 34, 2, 52, 13, 0, 70, 49, 74]|[1, 1, 0, 1, 1, 1, 2, 1, 2, 1, 2, 2, 2, 1, 1, 0, 0, 1, 0, 2, 2, 0, 1, 2, 0, 1, 2, 2, 0, 0, 1, 2, 1, 2, 1, 0, 2, 0, 1, 1, 0, 1, 1, 1, 0, 2, 1, 1, 0, 0, 0, 0, 1, 1, 2, 1, 2, 0, 0, 0, 2, 1, 0, 1, 2, 1, 2, 1, 1, 1, 1, 1, 1, 0, 1, 2, 0, 0, 0, 1, 2, 1, 0, 2, 1, 0, 1, 0, 0, 0, 0, 0, 2, 0, 1, 0, 0, 1, 0, 2]|[4, 3, 2, 2, 0, 0, 2, 2, 2, 4, 1, 1, 2, 4, 4, 1, 2, 4, 2, 1, 1, 1, 1, 2, 1, 2, 1, 1, 1, 1, 3, 2, 3, 0, 4, 0, 1, 1, 0, 3, 2, 2, 2, 0, 1, 1, 0, 4, 0, 1, 2, 2, 1, 4, 0, 3, 2, 1, 1, 2, 1, 3, 1, 1, 1, 3, 0, 4, 3, 1, 4, 1, 1, 0, 4, 1, 2, 1, 1, 3, 1, 3, 1, 1, 1, 1, 3, 1, 2, 1, 2, 1, 1, 2, 1, 2, 2, 3, 1, 1]|[0, 2, 1, 1, 3, 3, 0, 1, 0, 0, 0, 0, 1, 0, 1, 0, 0, 3, 1, 0, 0, 0, 3, 1, 0, 2, 0, 0, 0, 1, 0, 0, 0, 0, 3, 0, 1, 0, 0, 2, 1, 1, 1, 0, 0, 0, 0, 2, 1, 0, 0, 0, 1, 3, 0, 0, 1, 0, 0, 1, 0, 2, 0, 1, 0, 2, 1, 0, 0, 1, 1, 3, 1, 1, 3, 0, 1, 0, 0, 2, 0, 0, 0, 0, 1, 0, 2, 0, 1, 0, 1, 0, 0, 0, 1, 0, 0, 0, 1, 0],801.427594812029,57868.49349465401,91455.85780813712,true
17,G1_CMAX,G1_CMAX,[31, 22, 82, 15, 26, 9, 42, 77, 12, 5, 47, 93, 78, 86, 54, 6, 63, 18, 44, 20, 35, 43, 97, 91, 76, 10, 30, 21, 45, 17, 23, 1, 71, 83, 24, 14, 60, 36, 85, 57, 40, 95, 88, 65, 56, 79, 94, 67, 68, 46, 75, 38, 58, 19, 32, 81, 41, 62, 87, 28, 90, 59, 11, 16, 72, 73, 69, 52, 37, 64, 84, 3, 25, 29, 55, 51, 7, 98, 61, 66, 99, 33, 89, 48, 50, 96, 53, 80, 4, 8, 27, 2, 39, 13, 0, 92, 49, 74, 34, 70]|[1, 1, 0, 1, 1, 1, 2, 2, 1, 2, 2, 1, 1, 1, 0, 0, 1, 0, 2, 2, 0, 1, 2, 2, 1, 2, 2, 0, 0, 1, 2, 1, 1, 0, 2, 0, 1, 1, 0, 1, 1, 1, 1, 0, 2, 1, 1, 0, 0, 0, 0, 1, 1, 2, 1, 2, 0, 0, 2, 0, 1, 2, 2, 1, 2, 1, 1, 1, 1, 1, 1, 2, 1, 0, 2, 0, 1, 2, 1, 0, 0, 2, 1, 0, 0, 2, 0, 0, 1, 1, 0, 0, 1, 0, 0, 0, 0, 2, 2, 1]|[0, 3, 1, 2, 0, 0, 1, 1, 4, 1, 1, 4, 4, 4, 2, 2, 4, 2, 1, 1, 1, 1, 2, 1, 2, 1, 1, 1, 1, 4, 0, 3, 3, 0, 1, 1, 0, 3, 2, 2, 2, 2, 0, 1, 1, 0, 4, 0, 1, 2, 2, 1, 4, 0, 3, 2, 1, 2, 1, 2, 3, 1, 1, 3, 0, 4, 4, 1, 4, 3, 1, 2, 4, 1, 1, 1, 1, 1, 3, 1, 1, 1, 1, 1, 1, 1, 2, 1, 4, 3, 2, 2, 1, 2, 2, 0, 1, 1, 1, 4]|[1, 1, 1, 1, 3, 3, 0, 0, 0, 0, 0, 2, 0, 1, 0, 0, 3, 1, 0, 0, 0, 3, 1, 0, 2, 0, 0, 0, 1, 3, 0, 0, 0, 0, 1, 0, 0, 2, 1, 1, 1, 1, 0, 0, 0, 0, 2, 1, 0, 0, 0, 1, 3, 0, 0, 1, 0, 1, 0, 1, 2, 0, 0, 2, 1, 0, 2, 1, 1, 0, 3, 1, 3, 0, 0, 0, 2, 0, 0, 0, 0, 0, 1, 0, 0, 0, 1, 0, 0, 2, 1, 0, 1, 0, 0, 1, 1, 0, 0, 2],733.3116759547878,58140.55643565909,96674.14109675489,false
17,G4_BALANCED,G4_BALANCED,[31, 11, 82, 15, 26, 9, 95, 42, 77, 68, 47, 5, 93, 78, 86, 54, 85, 63, 18, 44, 20, 49, 36, 14, 74, 50, 53, 17, 21, 45, 71, 64, 3, 23, 30, 83, 24, 41, 60, 52, 65, 27, 90, 70, 39, 87, 48, 69, 99, 4, 46, 1, 13, 58, 97, 59, 28, 75, 73, 37, 35, 79, 22, 66, 76, 32, 40, 80, 96, 6, 61, 16, 33, 7, 57, 34, 12, 67, 10, 98, 56, 88, 29, 25, 91, 38, 19, 92, 43, 84, 51, 72, 81, 8, 2, 55, 0, 62, 89, 94]|[2, 1, 2, 1, 1, 2, 1, 1, 1, 1, 1, 0, 2, 2, 1, 2, 0, 0, 0, 2, 2, 1, 0, 2, 0, 2, 2, 1, 0, 1, 1, 1, 0, 0, 1, 0, 2, 1, 2, 2, 0, 0, 1, 1, 0, 2, 0, 2, 1, 0, 0, 2, 0, 0, 2, 0, 1, 1, 0, 0, 2, 1, 0, 2, 2, 0, 2, 2, 0, 1, 1, 2, 1, 2, 0, 1, 1, 1, 1, 2, 2, 1, 1, 1, 1, 0, 1, 0, 1, 0, 1, 1, 1, 0, 2, 0, 0, 1, 1, 2]|[0, 3, 0, 2, 4, 1, 4, 4, 2, 4, 3, 2, 1, 0, 2, 1, 1, 1, 2, 1, 1, 3, 0, 1, 0, 1, 1, 4, 1, 4, 3, 2, 2, 0, 4, 1, 1, 4, 0, 1, 2, 1, 4, 4, 1, 1, 0, 2, 3, 1, 2, 1, 2, 1, 1, 2, 4, 3, 0, 2, 2, 3, 1, 0, 1, 2, 0, 1, 2, 4, 3, 1, 4, 1, 2, 4, 3, 3, 3, 1, 1, 4, 3, 4, 3, 2, 4, 2, 4, 2, 3, 4, 1, 2, 1, 2, 2, 3, 4, 1]|[0, 2, 0, 1, 3, 0, 1, 3, 0, 0, 2, 0, 1, 0, 1, 0, 0, 0, 1, 0, 0, 2, 0, 0, 1, 0, 0, 3, 0, 1, 0, 2, 0, 1, 3, 0, 1, 3, 0, 0, 0, 0, 1, 3, 0, 0, 1, 0, 2, 0, 0, 0, 0, 0, 1, 0, 1, 0, 1, 1, 0, 2, 0, 0, 0, 0, 0, 0, 0, 2, 0, 0, 1, 0, 0, 1, 0, 0, 3, 0, 0, 1, 0, 3, 0, 0, 3, 0, 2, 0, 0, 2, 1, 0, 0, 0, 0, 0, 1, 0],855.0393744413956,51684.66824914086,111484.00316030454,false
17,G2_TEC,G2_TEC,[31, 22, 82, 15, 26, 9, 95, 42, 77, 68, 47, 5, 93, 78, 86, 54, 85, 63, 18, 44, 20, 49, 36, 14, 74, 50, 53, 25, 21, 28, 71, 64, 3, 23, 30, 83, 24, 41, 40, 52, 65, 27, 90, 70, 39, 87, 48, 69, 99, 4, 46, 1, 13, 58, 97, 59, 45, 8, 73, 37, 35, 79, 11, 66, 76, 32, 60, 80, 96, 6, 16, 61, 33, 7, 57, 34, 12, 67, 10, 98, 56, 88, 29, 75, 91, 38, 19, 92, 43, 84, 51, 72, 81, 17, 2, 55, 0, 62, 89, 94]|[2, 1, 2, 1, 1, 2, 1, 1, 1, 1, 1, 0, 2, 2, 1, 2, 0, 0, 0, 2, 2, 1, 0, 2, 0, 2, 2, 1, 0, 1, 1, 1, 0, 0, 1, 0, 2, 1, 2, 2, 0, 0, 1, 1, 0, 2, 0, 2, 1, 0, 0, 2, 0, 0, 2, 0, 1, 1, 0, 0, 2, 1, 0, 2, 2, 0, 2, 2, 0, 1, 2, 1, 1, 2, 0, 1, 1, 1, 1, 2, 2, 1, 1, 0, 1, 0, 1, 0, 1, 0, 1, 1, 1, 1, 2, 0, 0, 1, 1, 2]|[0, 3, 0, 3, 4, 1, 4, 4, 2, 4, 3, 2, 1, 0, 2, 1, 1, 1, 2, 1, 1, 3, 0, 1, 0, 1, 1, 4, 1, 4, 3, 2, 2, 0, 4, 1, 1, 4, 0, 1, 2, 1, 4, 4, 1, 1, 0, 2, 3, 1, 2, 1, 2, 1, 1, 2, 4, 3, 0, 2, 2, 3, 1, 0, 1, 2, 0, 1, 2, 4, 1, 3, 4, 1, 2, 4, 3, 3, 3, 1, 1, 4, 3, 2, 3, 2, 4, 2, 4, 2, 3, 4, 4, 4, 1, 2, 2, 3, 4, 1]|[0, 2, 0, 0, 3, 0, 1, 3, 0, 0, 2, 0, 1, 0, 1, 0, 0, 0, 1, 0, 0, 2, 0, 0, 1, 0, 0, 3, 0, 1, 0, 2, 0, 0, 3, 0, 1, 3, 0, 0, 0, 0, 1, 3, 0, 0, 1, 0, 2, 0, 0, 0, 0, 0, 1, 0, 1, 0, 1, 1, 0, 2, 0, 0, 0, 0, 0, 0, 0, 2, 0, 0, 1, 0, 0, 1, 0, 0, 3, 0, 0, 1, 0, 0, 0, 0, 3, 0, 2, 0, 0, 2, 1, 3, 0, 0, 0, 0, 1, 0],890.9074744783937,50765.917855663734,113588.58833646381,false
17,G3_TWC,G1_CMAX,[31, 22, 82, 15, 26, 9, 42, 95, 77, 12, 47, 5, 93, 78, 86, 54, 85, 63, 18, 44, 20, 35, 43, 97, 91, 76, 10, 30, 21, 45, 71, 64, 1, 23, 17, 83, 24, 14, 60, 36, 6, 57, 94, 88, 65, 56, 79, 40, 67, 68, 46, 75, 38, 58, 19, 32, 81, 41, 27, 62, 87, 90, 99, 59, 11, 16, 72, 73, 69, 39, 37, 84, 3, 92, 25, 55, 28, 29, 51, 7, 33, 61, 98, 66, 89, 50, 8, 96, 53, 80, 4, 48, 34, 2, 52, 13, 0, 70, 49, 74]|[1, 1, 0, 1, 1, 1, 2, 1, 2, 1, 2, 2, 2, 1, 1, 0, 0, 1, 0, 2, 2, 0, 1, 2, 0, 1, 2, 2, 0, 0, 1, 2, 1, 2, 1, 0, 2, 0, 1, 1, 0, 1, 1, 1, 0, 2, 1, 1, 0, 0, 0, 0, 1, 1, 2, 1, 2, 0, 0, 0, 2, 1, 0, 1, 2, 1, 2, 1, 1, 1, 1, 1, 1, 0, 1, 2, 0, 0, 0, 1, 2, 1, 0, 2, 1, 0, 1, 0, 0, 0, 0, 0, 2, 0, 1, 0, 0, 1, 0, 2]|[4, 3, 2, 2, 0, 0, 2, 2, 2, 4, 1, 1, 2, 4, 4, 1, 2, 4, 2, 1, 1, 1, 1, 2, 1, 2, 1, 1, 1, 1, 3, 2, 3, 0, 4, 0, 1, 1, 0, 3, 2, 2, 2, 0, 1, 1, 0, 4, 0, 1, 2, 2, 1, 4, 0, 3, 2, 1, 1, 2, 1, 3, 1, 1, 1, 3, 0, 4, 3, 1, 4, 1, 1, 0, 4, 1, 2, 1, 1, 3, 1, 3, 1, 1, 1, 1, 3, 1, 2, 1, 2, 1, 1, 2, 1, 2, 2, 3, 1, 1]|[0, 2, 1, 1, 3, 3, 0, 1, 0, 0, 0, 0, 1, 0, 1, 0, 0, 3, 1, 0, 0, 0, 3, 1, 0, 2, 0, 0, 0, 1, 0, 0, 0, 0, 3, 0, 1, 0, 0, 2, 1, 1, 1, 0, 0, 0, 0, 2, 1, 0, 0, 0, 1, 3, 0, 0, 1, 0, 0, 1, 0, 2, 0, 1, 0, 2, 1, 0, 0, 1, 1, 3, 1, 1, 3, 0, 1, 0, 0, 2, 0, 0, 0, 0, 1, 0, 2, 0, 1, 0, 1, 0, 0, 0, 1, 0, 0, 0, 1, 0],801.427594812029,57868.49349465401,91455.85780813712,true
17,G1_CMAX,G1_CMAX,[31, 22, 82, 15, 26, 9, 42, 77, 12, 5, 47, 93, 78, 86, 54, 6, 63, 18, 44, 20, 35, 43, 97, 91, 76, 10, 30, 21, 45, 17, 23, 1, 71, 83, 24, 14, 60, 36, 85, 57, 40, 95, 88, 65, 56, 79, 94, 67, 68, 46, 75, 38, 58, 19, 32, 81, 41, 62, 87, 28, 90, 59, 11, 16, 72, 73, 69, 52, 37, 64, 84, 3, 25, 29, 55, 51, 7, 98, 61, 66, 99, 33, 89, 48, 50, 96, 53, 80, 4, 8, 27, 2, 39, 13, 0, 92, 49, 74, 34, 70]|[1, 1, 0, 1, 1, 1, 2, 2, 1, 2, 2, 1, 1, 1, 0, 0, 1, 0, 2, 2, 0, 1, 2, 2, 1, 2, 2, 0, 0, 1, 2, 1, 1, 0, 2, 0, 1, 1, 0, 1, 1, 1, 1, 0, 2, 1, 1, 0, 0, 0, 0, 1, 1, 2, 1, 2, 0, 0, 2, 0, 1, 2, 2, 1, 2, 1, 1, 1, 1, 1, 1, 2, 1, 0, 2, 0, 1, 2, 1, 0, 0, 2, 1, 0, 0, 2, 0, 0, 1, 1, 0, 0, 1, 0, 0, 0, 0, 2, 2, 1]|[0, 3, 1, 2, 0, 0, 1, 1, 4, 1, 1, 4, 4, 4, 2, 2, 4, 2, 1, 1, 1, 1, 2, 1, 2, 1, 1, 1, 1, 4, 0, 3, 3, 0, 1, 1, 0, 3, 2, 2, 2, 2, 0, 1, 1, 0, 4, 0, 1, 2, 2, 1, 4, 0, 3, 2, 1, 2, 1, 2, 3, 1, 1, 3, 0, 4, 4, 1, 4, 3, 1, 2, 4, 1, 1, 1, 1, 1, 3, 1, 1, 1, 1, 1, 1, 1, 2, 1, 4, 3, 2, 2, 1, 2, 2, 0, 1, 1, 1, 4]|[1, 1, 1, 1, 3, 3, 0, 0, 0, 0, 0, 2, 0, 1, 0, 0, 3, 1, 0, 0, 0, 3, 1, 0, 2, 0, 0, 0, 1, 3, 0, 0, 0, 0, 1, 0, 0, 2, 1, 1, 1, 1, 0, 0, 0, 0, 2, 1, 0, 0, 0, 1, 3, 0, 0, 1, 0, 1, 0, 1, 2, 0, 0, 2, 1, 0, 2, 1, 1, 0, 3, 1, 3, 0, 0, 0, 2, 0, 0, 0, 0, 0, 1, 0, 0, 0, 1, 0, 0, 2, 1, 0, 1, 0, 0, 1, 1, 0, 0, 2],733.3116759547878,58140.55643565909,96674.14109675489,false
17,G4_BALANCED,G4_BALANCED,[31, 11, 82, 15, 26, 9, 95, 42, 77, 68, 47, 5, 93, 78, 86, 54, 85, 63, 18, 44, 20, 49, 36, 14, 74, 50, 53, 17, 21, 45, 71, 64, 3, 23, 30, 83, 24, 41, 60, 52, 65, 27, 90, 70, 39, 87, 48, 69, 99, 4, 46, 1, 13, 58, 97, 59, 28, 75, 73, 37, 35, 79, 22, 66, 76, 32, 40, 80, 96, 6, 61, 16, 33, 7, 57, 34, 12, 67, 10, 98, 56, 88, 29, 25, 91, 38, 19, 92, 43, 84, 51, 72, 81, 8, 2, 55, 0, 62, 89, 94]|[2, 1, 2, 1, 1, 2, 1, 1, 1, 1, 1, 0, 2, 2, 1, 2, 0, 0, 0, 2, 2, 1, 0, 2, 0, 2, 2, 1, 0, 1, 1, 1, 0, 0, 1, 0, 2, 1, 2, 2, 0, 0, 1, 1, 0, 2, 0, 2, 1, 0, 0, 2, 0, 0, 2, 0, 1, 1, 0, 0, 2, 1, 0, 2, 2, 0, 2, 2, 0, 1, 1, 2, 1, 2, 0, 1, 1, 1, 1, 2, 2, 1, 1, 1, 1, 0, 1, 0, 1, 0, 1, 1, 1, 0, 2, 0, 0, 1, 1, 2]|[0, 3, 0, 2, 4, 1, 4, 4, 2, 4, 3, 2, 1, 0, 2, 1, 1, 1, 2, 1, 1, 3, 0, 1, 0, 1, 1, 4, 1, 4, 3, 2, 2, 0, 4, 1, 1, 4, 0, 1, 2, 1, 4, 4, 1, 1, 0, 2, 3, 1, 2, 1, 2, 1, 1, 2, 4, 3, 0, 2, 2, 3, 1, 0, 1, 2, 0, 1, 2, 4, 3, 1, 4, 1, 2, 4, 3, 3, 3, 1, 1, 4, 3, 4, 3, 2, 4, 2, 4, 2, 3, 4, 1, 2, 1, 2, 2, 3, 4, 1]|[0, 2, 0, 1, 3, 0, 1, 3, 0, 0, 2, 0, 1, 0, 1, 0, 0, 0, 1, 0, 0, 2, 0, 0, 1, 0, 0, 3, 0, 1, 0, 2, 0, 1, 3, 0, 1, 3, 0, 0, 0, 0, 1, 3, 0, 0, 1, 0, 2, 0, 0, 0, 0, 0, 1, 0, 1, 0, 1, 1, 0, 2, 0, 0, 0, 0, 0, 0, 0, 2, 0, 0, 1, 0, 0, 1, 0, 0, 3, 0, 0, 1, 0, 3, 0, 0, 3, 0, 2, 0, 0, 2, 1, 0, 0, 0, 0, 0, 1, 0],855.0393744413956,51684.66824914086,111484.00316030454,false
17,G2_TEC,G2_TEC,[31, 22, 82, 15, 26, 9, 95, 42, 77, 68, 47, 5, 93, 78, 86, 54, 85, 63, 18, 44, 20, 49, 36, 14, 74, 50, 53, 25, 21, 28, 71, 64, 3, 23, 30, 83, 24, 41, 40, 52, 65, 27, 90, 70, 39, 87, 48, 69, 99, 4, 46, 1, 13, 58, 97, 59, 45, 8, 73, 37, 35, 79, 11, 66, 76, 32, 60, 80, 96, 6, 16, 61, 33, 7, 57, 34, 12, 67, 10, 98, 56, 88, 29, 75, 91, 38, 19, 92, 43, 84, 51, 72, 81, 17, 2, 55, 0, 62, 89, 94]|[2, 1, 2, 1, 1, 2, 1, 1, 1, 1, 1, 0, 2, 2, 1, 2, 0, 0, 0, 2, 2, 1, 0, 2, 0, 2, 2, 1, 0, 1, 1, 1, 0, 0, 1, 0, 2, 1, 2, 2, 0, 0, 1, 1, 0, 2, 0, 2, 1, 0, 0, 2, 0, 0, 2, 0, 1, 1, 0, 0, 2, 1, 0, 2, 2, 0, 2, 2, 0, 1, 2, 1, 1, 2, 0, 1, 1, 1, 1, 2, 2, 1, 1, 0, 1, 0, 1, 0, 1, 0, 1, 1, 1, 1, 2, 0, 0, 1, 1, 2]|[0, 3, 0, 3, 4, 1, 4, 4, 2, 4, 3, 2, 1, 0, 2, 1, 1, 1, 2, 1, 1, 3, 0, 1, 0, 1, 1, 4, 1, 4, 3, 2, 2, 0, 4, 1, 1, 4, 0, 1, 2, 1, 4, 4, 1, 1, 0, 2, 3, 1, 2, 1, 2, 1, 1, 2, 4, 3, 0, 2, 2, 3, 1, 0, 1, 2, 0, 1, 2, 4, 1, 3, 4, 1, 2, 4, 3, 3, 3, 1, 1, 4, 3, 2, 3, 2, 4, 2, 4, 2, 3, 4, 4, 4, 1, 2, 2, 3, 4, 1]|[0, 2, 0, 0, 3, 0, 1, 3, 0, 0, 2, 0, 1, 0, 1, 0, 0, 0, 1, 0, 0, 2, 0, 0, 1, 0, 0, 3, 0, 1, 0, 2, 0, 0, 3, 0, 1, 3, 0, 0, 0, 0, 1, 3, 0, 0, 1, 0, 2, 0, 0, 0, 0, 0, 1, 0, 1, 0, 1, 1, 0, 2, 0, 0, 0, 0, 0, 0, 0, 2, 0, 0, 1, 0, 0, 1, 0, 0, 3, 0, 0, 1, 0, 0, 0, 0, 3, 0, 2, 0, 0, 2, 1, 3, 0, 0, 0, 0, 1, 0],890.9074744783937,50765.917855663734,113588.58833646381,false
17,G3_TWC,G1_CMAX,[31, 22, 82, 15, 26, 9, 42, 95, 77, 12, 47, 5, 93, 78, 86, 54, 85, 63, 18, 44, 20, 35, 43, 97, 91, 76, 10, 30, 21, 45, 71, 64, 1, 23, 17, 83, 24, 14, 60, 36, 6, 57, 94, 88, 65, 56, 79, 40, 67, 68, 46, 75, 38, 58, 19, 32, 81, 41, 27, 62, 87, 90, 99, 59, 11, 16, 72, 73, 69, 39, 37, 84, 3, 92, 25, 55, 28, 29, 51, 7, 33, 61, 98, 66, 89, 50, 8, 96, 53, 80, 4, 48, 34, 2, 52, 13, 0, 70, 49, 74]|[1, 1, 0, 1, 1, 1, 2, 1, 2, 1, 2, 2, 2, 1, 1, 0, 0, 1, 0, 2, 2, 0, 1, 2, 0, 1, 2, 2, 0, 0, 1, 2, 1, 2, 1, 0, 2, 0, 1, 1, 0, 1, 1, 1, 0, 2, 1, 1, 0, 0, 0, 0, 1, 1, 2, 1, 2, 0, 0, 0, 2, 1, 0, 1, 2, 1, 2, 1, 1, 1, 1, 1, 1, 0, 1, 2, 0, 0, 0, 1, 2, 1, 0, 2, 1, 0, 1, 0, 0, 0, 0, 0, 2, 0, 1, 0, 0, 1, 0, 2]|[4, 3, 2, 2, 0, 0, 2, 2, 2, 4, 1, 1, 2, 4, 4, 1, 2, 4, 2, 1, 1, 1, 1, 2, 1, 2, 1, 1, 1, 1, 3, 2, 3, 0, 4, 0, 1, 1, 0, 3, 2, 2, 2, 0, 1, 1, 0, 4, 0, 1, 2, 2, 1, 4, 0, 3, 2, 1, 1, 2, 1, 3, 1, 1, 1, 3, 0, 4, 3, 1, 4, 1, 1, 0, 4, 1, 2, 1, 1, 3, 1, 3, 1, 1, 1, 1, 3, 1, 2, 1, 2, 1, 1, 2, 1, 2, 2, 3, 1, 1]|[0, 2, 1, 1, 3, 3, 0, 1, 0, 0, 0, 0, 1, 0, 1, 0, 0, 3, 1, 0, 0, 0, 3, 1, 0, 2, 0, 0, 0, 1, 0, 0, 0, 0, 3, 0, 1, 0, 0, 2, 1, 1, 1, 0, 0, 0, 0, 2, 1, 0, 0, 0, 1, 3, 0, 0, 1, 0, 0, 1, 0, 2, 0, 1, 0, 2, 1, 0, 0, 1, 1, 3, 1, 1, 3, 0, 1, 0, 0, 2, 0, 0, 0, 0, 1, 0, 2, 0, 1, 0, 1, 0, 0, 0, 1, 0, 0, 0, 1, 0],801.427594812029,57868.49349465401,91455.85780813712,true
17,G1_CMAX,G1_CMAX,[31, 22, 82, 15, 26, 9, 42, 77, 12, 5, 47, 93, 78, 86, 54, 6, 63, 18, 44, 20, 35, 43, 97, 91, 76, 10, 30, 21, 45, 17, 23, 1, 71, 83, 24, 14, 60, 36, 85, 57, 40, 95, 88, 65, 56, 79, 94, 67, 68, 46, 75, 38, 58, 19, 32, 81, 41, 62, 87, 28, 90, 59, 11, 16, 72, 73, 69, 52, 37, 64, 84, 3, 25, 29, 55, 51, 7, 98, 61, 66, 99, 33, 89, 48, 50, 96, 53, 80, 4, 8, 27, 2, 39, 13, 0, 92, 49, 74, 34, 70]|[1, 1, 0, 1, 1, 1, 2, 2, 1, 2, 2, 1, 1, 1, 0, 0, 1, 0, 2, 2, 0, 1, 2, 2, 1, 2, 2, 0, 0, 1, 2, 1, 1, 0, 2, 0, 1, 1, 0, 1, 1, 1, 1, 0, 2, 1, 1, 0, 0, 0, 0, 1, 1, 2, 1, 2, 0, 0, 2, 0, 1, 2, 2, 1, 2, 1, 1, 1, 1, 1, 1, 2, 1, 0, 2, 0, 1, 2, 1, 0, 0, 2, 1, 0, 0, 2, 0, 0, 1, 1, 0, 0, 1, 0, 0, 0, 0, 2, 2, 1]|[0, 3, 1, 2, 0, 0, 1, 1, 4, 1, 1, 4, 4, 4, 2, 2, 4, 2, 1, 1, 1, 1, 2, 1, 2, 1, 1, 1, 1, 4, 0, 3, 3, 0, 1, 1, 0, 3, 2, 2, 2, 2, 0, 1, 1, 0, 4, 0, 1, 2, 2, 1, 4, 0, 3, 2, 1, 2, 1, 2, 3, 1, 1, 3, 0, 4, 4, 1, 4, 3, 1, 2, 4, 1, 1, 1, 1, 1, 3, 1, 1, 1, 1, 1, 1, 1, 2, 1, 4, 3, 2, 2, 1, 2, 2, 0, 1, 1, 1, 4]|[1, 1, 1, 1, 3, 3, 0, 0, 0, 0, 0, 2, 0, 1, 0, 0, 3, 1, 0, 0, 0, 3, 1, 0, 2, 0, 0, 0, 1, 3, 0, 0, 0, 0, 1, 0, 0, 2, 1, 1, 1, 1, 0, 0, 0, 0, 2, 1, 0, 0, 0, 1, 3, 0, 0, 1, 0, 1, 0, 1, 2, 0, 0, 2, 1, 0, 2, 1, 1, 0, 3, 1, 3, 0, 0, 0, 2, 0, 0, 0, 0, 0, 1, 0, 0, 0, 1, 0, 0, 2, 1, 0, 1, 0, 0, 1, 1, 0, 0, 2],733.3116759547878,58140.55643565909,96674.14109675489,false
17,G4_BALANCED,G4_BALANCED,[31, 11, 82, 15, 26, 9, 95, 42, 77, 68, 47, 5, 93, 78, 86, 54, 85, 63, 18, 44, 20, 49, 36, 14, 74, 50, 53, 17, 21, 45, 71, 64, 3, 23, 30, 83, 24, 41, 60, 52, 65, 27, 90, 70, 39, 87, 48, 69, 99, 4, 46, 1, 13, 58, 97, 59, 28, 75, 73, 37, 35, 79, 22, 66, 76, 32, 40, 80, 96, 6, 61, 16, 33, 7, 57, 34, 12, 67, 10, 98, 56, 88, 29, 25, 91, 38, 19, 92, 43, 84, 51, 72, 81, 8, 2, 55, 0, 62, 89, 94]|[2, 1, 2, 1, 1, 2, 1, 1, 1, 1, 1, 0, 2, 2, 1, 2, 0, 0, 0, 2, 2, 1, 0, 2, 0, 2, 2, 1, 0, 1, 1, 1, 0, 0, 1, 0, 2, 1, 2, 2, 0, 0, 1, 1, 0, 2, 0, 2, 1, 0, 0, 2, 0, 0, 2, 0, 1, 1, 0, 0, 2, 1, 0, 2, 2, 0, 2, 2, 0, 1, 1, 2, 1, 2, 0, 1, 1, 1, 1, 2, 2, 1, 1, 1, 1, 0, 1, 0, 1, 0, 1, 1, 1, 0, 2, 0, 0, 1, 1, 2]|[0, 3, 0, 2, 4, 1, 4, 4, 2, 4, 3, 2, 1, 0, 2, 1, 1, 1, 2, 1, 1, 3, 0, 1, 0, 1, 1, 4, 1, 4, 3, 2, 2, 0, 4, 1, 1, 4, 0, 1, 2, 1, 4, 4, 1, 1, 0, 2, 3, 1, 2, 1, 2, 1, 1, 2, 4, 3, 0, 2, 2, 3, 1, 0, 1, 2, 0, 1, 2, 4, 3, 1, 4, 1, 2, 4, 3, 3, 3, 1, 1, 4, 3, 4, 3, 2, 4, 2, 4, 2, 3, 4, 1, 2, 1, 2, 2, 3, 4, 1]|[0, 2, 0, 1, 3, 0, 1, 3, 0, 0, 2, 0, 1, 0, 1, 0, 0, 0, 1, 0, 0, 2, 0, 0, 1, 0, 0, 3, 0, 1, 0, 2, 0, 1, 3, 0, 1, 3, 0, 0, 0, 0, 1, 3, 0, 0, 1, 0, 2, 0, 0, 0, 0, 0, 1, 0, 1, 0, 1, 1, 0, 2, 0, 0, 0, 0, 0, 0, 0, 2, 0, 0, 1, 0, 0, 1, 0, 0, 3, 0, 0, 1, 0, 3, 0, 0, 3, 0, 2, 0, 0, 2, 1, 0, 0, 0, 0, 0, 1, 0],855.0393744413956,51684.66824914086,111484.00316030454,false
17,G2_TEC,G2_TEC,[31, 22, 82, 15, 26, 9, 95, 42, 77, 68, 47, 5, 93, 78, 86, 54, 85, 63, 18, 44, 20, 49, 36, 14, 74, 50, 53, 25, 21, 28, 71, 64, 3, 23, 30, 83, 24, 41, 40, 52, 65, 27, 90, 70, 39, 87, 48, 69, 99, 4, 46, 1, 13, 58, 97, 59, 45, 8, 73, 37, 35, 79, 11, 66, 76, 32, 60, 80, 96, 6, 16, 61, 33, 7, 57, 34, 12, 67, 10, 98, 56, 88, 29, 75, 91, 38, 19, 92, 43, 84, 51, 72, 81, 17, 2, 55, 0, 62, 89, 94]|[2, 1, 2, 1, 1, 2, 1, 1, 1, 1, 1, 0, 2, 2, 1, 2, 0, 0, 0, 2, 2, 1, 0, 2, 0, 2, 2, 1, 0, 1, 1, 1, 0, 0, 1, 0, 2, 1, 2, 2, 0, 0, 1, 1, 0, 2, 0, 2, 1, 0, 0, 2, 0, 0, 2, 0, 1, 1, 0, 0, 2, 1, 0, 2, 2, 0, 2, 2, 0, 1, 2, 1, 1, 2, 0, 1, 1, 1, 1, 2, 2, 1, 1, 0, 1, 0, 1, 0, 1, 0, 1, 1, 1, 1, 2, 0, 0, 1, 1, 2]|[0, 3, 0, 3, 4, 1, 4, 4, 2, 4, 3, 2, 1, 0, 2, 1, 1, 1, 2, 1, 1, 3, 0, 1, 0, 1, 1, 4, 1, 4, 3, 2, 2, 0, 4, 1, 1, 4, 0, 1, 2, 1, 4, 4, 1, 1, 0, 2, 3, 1, 2, 1, 2, 1, 1, 2, 4, 3, 0, 2, 2, 3, 1, 0, 1, 2, 0, 1, 2, 4, 1, 3, 4, 1, 2, 4, 3, 3, 3, 1, 1, 4, 3, 2, 3, 2, 4, 2, 4, 2, 3, 4, 4, 4, 1, 2, 2, 3, 4, 1]|[0, 2, 0, 0, 3, 0, 1, 3, 0, 0, 2, 0, 1, 0, 1, 0, 0, 0, 1, 0, 0, 2, 0, 0, 1, 0, 0, 3, 0, 1, 0, 2, 0, 0, 3, 0, 1, 3, 0, 0, 0, 0, 1, 3, 0, 0, 1, 0, 2, 0, 0, 0, 0, 0, 1, 0, 1, 0, 1, 1, 0, 2, 0, 0, 0, 0, 0, 0, 0, 2, 0, 0, 1, 0, 0, 1, 0, 0, 3, 0, 0, 1, 0, 0, 0, 0, 3, 0, 2, 0, 0, 2, 1, 3, 0, 0, 0, 0, 1, 0],890.9074744783937,50765.917855663734,113588.58833646381,false
17,G3_TWC,G1_CMAX,[31, 22, 82, 15, 26, 9, 42, 95, 77, 12, 47, 5, 93, 78, 86, 54, 85, 63, 18, 44, 20, 35, 43, 97, 91, 76, 10, 30, 21, 45, 71, 64, 1, 23, 17, 83, 24, 14, 60, 36, 6, 57, 94, 88, 65, 56, 79, 40, 67, 68, 46, 75, 38, 58, 19, 32, 81, 41, 27, 62, 87, 90, 99, 59, 11, 16, 72, 73, 69, 39, 37, 84, 3, 92, 25, 55, 28, 29, 51, 7, 33, 61, 98, 66, 89, 50, 8, 96, 53, 80, 4, 48, 34, 2, 52, 13, 0, 70, 49, 74]|[1, 1, 0, 1, 1, 1, 2, 1, 2, 1, 2, 2, 2, 1, 1, 0, 0, 1, 0, 2, 2, 0, 1, 2, 0, 1, 2, 2, 0, 0, 1, 2, 1, 2, 1, 0, 2, 0, 1, 1, 0, 1, 1, 1, 0, 2, 1, 1, 0, 0, 0, 0, 1, 1, 2, 1, 2, 0, 0, 0, 2, 1, 0, 1, 2, 1, 2, 1, 1, 1, 1, 1, 1, 0, 1, 2, 0, 0, 0, 1, 2, 1, 0, 2, 1, 0, 1, 0, 0, 0, 0, 0, 2, 0, 1, 0, 0, 1, 0, 2]|[4, 3, 2, 2, 0, 0, 2, 2, 2, 4, 1, 1, 2, 4, 4, 1, 2, 4, 2, 1, 1, 1, 1, 2, 1, 2, 1, 1, 1, 1, 3, 2, 3, 0, 4, 0, 1, 1, 0, 3, 2, 2, 2, 0, 1, 1, 0, 4, 0, 1, 2, 2, 1, 4, 0, 3, 2, 1, 1, 2, 1, 3, 1, 1, 1, 3, 0, 4, 3, 1, 4, 1, 1, 0, 4, 1, 2, 1, 1, 3, 1, 3, 1, 1, 1, 1, 3, 1, 2, 1, 2, 1, 1, 2, 1, 2, 2, 3, 1, 1]|[0, 2, 1, 1, 3, 3, 0, 1, 0, 0, 0, 0, 1, 0, 1, 0, 0, 3, 1, 0, 0, 0, 3, 1, 0, 2, 0, 0, 0, 1, 0, 0, 0, 0, 3, 0, 1, 0, 0, 2, 1, 1, 1, 0, 0, 0, 0, 2, 1, 0, 0, 0, 1, 3, 0, 0, 1, 0, 0, 1, 0, 2, 0, 1, 0, 2, 1, 0, 0, 1, 1, 3, 1, 1, 3, 0, 1, 0, 0, 2, 0, 0, 0, 0, 1, 0, 2, 0, 1, 0, 1, 0, 0, 0, 1, 0, 0, 0, 1, 0],801.427594812029,57868.49349465401,91455.85780813712,true
17,G1_CMAX,G1_CMAX,[31, 22, 82, 15, 26, 9, 42, 77, 12, 5, 47, 93, 78, 86, 54, 6, 63, 18, 44, 20, 35, 43, 97, 91, 76, 10, 30, 21, 45, 17, 23, 1, 71, 83, 24, 14, 60, 36, 85, 57, 40, 95, 88, 65, 56, 79, 94, 67, 68, 46, 75, 38, 58, 19, 32, 81, 41, 62, 87, 28, 90, 59, 11, 16, 72, 73, 69, 52, 37, 64, 84, 3, 25, 29, 55, 51, 7, 98, 61, 66, 99, 33, 89, 48, 50, 96, 53, 80, 4, 8, 27, 2, 39, 13, 0, 92, 49, 74, 34, 70]|[1, 1, 0, 1, 1, 1, 2, 2, 1, 2, 2, 1, 1, 1, 0, 0, 1, 0, 2, 2, 0, 1, 2, 2, 1, 2, 2, 0, 0, 1, 2, 1, 1, 0, 2, 0, 1, 1, 0, 1, 1, 1, 1, 0, 2, 1, 1, 0, 0, 0, 0, 1, 1, 2, 1, 2, 0, 0, 2, 0, 1, 2, 2, 1, 2, 1, 1, 1, 1, 1, 1, 2, 1, 0, 2, 0, 1, 2, 1, 0, 0, 2, 1, 0, 0, 2, 0, 0, 1, 1, 0, 0, 1, 0, 0, 0, 0, 2, 2, 1]|[0, 3, 1, 2, 0, 0, 1, 1, 4, 1, 1, 4, 4, 4, 2, 2, 4, 2, 1, 1, 1, 1, 2, 1, 2, 1, 1, 1, 1, 4, 0, 3, 3, 0, 1, 1, 0, 3, 2, 2, 2, 2, 0, 1, 1, 0, 4, 0, 1, 2, 2, 1, 4, 0, 3, 2, 1, 2, 1, 2, 3, 1, 1, 3, 0, 4, 4, 1, 4, 3, 1, 2, 4, 1, 1, 1, 1, 1, 3, 1, 1, 1, 1, 1, 1, 1, 2, 1, 4, 3, 2, 2, 1, 2, 2, 0, 1, 1, 1, 4]|[1, 1, 1, 1, 3, 3, 0, 0, 0, 0, 0, 2, 0, 1, 0, 0, 3, 1, 0, 0, 0, 3, 1, 0, 2, 0, 0, 0, 1, 3, 0, 0, 0, 0, 1, 0, 0, 2, 1, 1, 1, 1, 0, 0, 0, 0, 2, 1, 0, 0, 0, 1, 3, 0, 0, 1, 0, 1, 0, 1, 2, 0, 0, 2, 1, 0, 2, 1, 1, 0, 3, 1, 3, 0, 0, 0, 2, 0, 0, 0, 0, 0, 1, 0, 0, 0, 1, 0, 0, 2, 1, 0, 1, 0, 0, 1, 1, 0, 0, 2],733.3116759547878,58140.55643565909,96674.14109675489,false
17,G4_BALANCED,G4_BALANCED,[31, 11, 82, 15, 26, 9, 95, 42, 77, 68, 47, 5, 93, 78, 86, 54, 85, 63, 18, 44, 20, 49, 36, 14, 74, 50, 53, 17, 21, 45, 71, 64, 3, 23, 30, 83, 24, 41, 60, 52, 65, 27, 90, 70, 39, 87, 48, 69, 99, 4, 46, 1, 13, 58, 97, 59, 28, 75, 73, 37, 35, 79, 22, 66, 76, 32, 40, 80, 96, 6, 61, 16, 33, 7, 57, 34, 12, 67, 10, 98, 56, 88, 29, 25, 91, 38, 19, 92, 43, 84, 51, 72, 81, 8, 2, 55, 0, 62, 89, 94]|[2, 1, 2, 1, 1, 2, 1, 1, 1, 1, 1, 0, 2, 2, 1, 2, 0, 0, 0, 2, 2, 1, 0, 2, 0, 2, 2, 1, 0, 1, 1, 1, 0, 0, 1, 0, 2, 1, 2, 2, 0, 0, 1, 1, 0, 2, 0, 2, 1, 0, 0, 2, 0, 0, 2, 0, 1, 1, 0, 0, 2, 1, 0, 2, 2, 0, 2, 2, 0, 1, 1, 2, 1, 2, 0, 1, 1, 1, 1, 2, 2, 1, 1, 1, 1, 0, 1, 0, 1, 0, 1, 1, 1, 0, 2, 0, 0, 1, 1, 2]|[0, 3, 0, 2, 4, 1, 4, 4, 2, 4, 3, 2, 1, 0, 2, 1, 1, 1, 2, 1, 1, 3, 0, 1, 0, 1, 1, 4, 1, 4, 3, 2, 2, 0, 4, 1, 1, 4, 0, 1, 2, 1, 4, 4, 1, 1, 0, 2, 3, 1, 2, 1, 2, 1, 1, 2, 4, 3, 0, 2, 2, 3, 1, 0, 1, 2, 0, 1, 2, 4, 3, 1, 4, 1, 2, 4, 3, 3, 3, 1, 1, 4, 3, 4, 3, 2, 4, 2, 4, 2, 3, 4, 1, 2, 1, 2, 2, 3, 4, 1]|[0, 2, 0, 1, 3, 0, 1, 3, 0, 0, 2, 0, 1, 0, 1, 0, 0, 0, 1, 0, 0, 2, 0, 0, 1, 0, 0, 3, 0, 1, 0, 2, 0, 1, 3, 0, 1, 3, 0, 0, 0, 0, 1, 3, 0, 0, 1, 0, 2, 0, 0, 0, 0, 0, 1, 0, 1, 0, 1, 1, 0, 2, 0, 0, 0, 0, 0, 0, 0, 2, 0, 0, 1, 0, 0, 1, 0, 0, 3, 0, 0, 1, 0, 3, 0, 0, 3, 0, 2, 0, 0, 2, 1, 0, 0, 0, 0, 0, 1, 0],855.0393744413956,51684.66824914086,111484.00316030454,false
17,G2_TEC,G2_TEC,[31, 22, 82, 15, 26, 9, 95, 42, 77, 68, 47, 5, 93, 78, 86, 54, 85, 63, 18, 44, 20, 49, 36, 14, 74, 50, 53, 25, 21, 28, 71, 64, 3, 23, 30, 83, 24, 41, 40, 52, 65, 27, 90, 70, 39, 87, 48, 69, 99, 4, 46, 1, 13, 58, 97, 59, 45, 8, 73, 37, 35, 79, 11, 66, 76, 32, 60, 80, 96, 6, 16, 61, 33, 7, 57, 34, 12, 67, 10, 98, 56, 88, 29, 75, 91, 38, 19, 92, 43, 84, 51, 72, 81, 17, 2, 55, 0, 62, 89, 94]|[2, 1, 2, 1, 1, 2, 1, 1, 1, 1, 1, 0, 2, 2, 1, 2, 0, 0, 0, 2, 2, 1, 0, 2, 0, 2, 2, 1, 0, 1, 1, 1, 0, 0, 1, 0, 2, 1, 2, 2, 0, 0, 1, 1, 0, 2, 0, 2, 1, 0, 0, 2, 0, 0, 2, 0, 1, 1, 0, 0, 2, 1, 0, 2, 2, 0, 2, 2, 0, 1, 2, 1, 1, 2, 0, 1, 1, 1, 1, 2, 2, 1, 1, 0, 1, 0, 1, 0, 1, 0, 1, 1, 1, 1, 2, 0, 0, 1, 1, 2]|[0, 3, 0, 3, 4, 1, 4, 4, 2, 4, 3, 2, 1, 0, 2, 1, 1, 1, 2, 1, 1, 3, 0, 1, 0, 1, 1, 4, 1, 4, 3, 2, 2, 0, 4, 1, 1, 4, 0, 1, 2, 1, 4, 4, 1, 1, 0, 2, 3, 1, 2, 1, 2, 1, 1, 2, 4, 3, 0, 2, 2, 3, 1, 0, 1, 2, 0, 1, 2, 4, 1, 3, 4, 1, 2, 4, 3, 3, 3, 1, 1, 4, 3, 2, 3, 2, 4, 2, 4, 2, 3, 4, 4, 4, 1, 2, 2, 3, 4, 1]|[0, 2, 0, 0, 3, 0, 1, 3, 0, 0, 2, 0, 1, 0, 1, 0, 0, 0, 1, 0, 0, 2, 0, 0, 1, 0, 0, 3, 0, 1, 0, 2, 0, 0, 3, 0, 1, 3, 0, 0, 0, 0, 1, 3, 0, 0, 1, 0, 2, 0, 0, 0, 0, 0, 1, 0, 1, 0, 1, 1, 0, 2, 0, 0, 0, 0, 0, 0, 0, 2, 0, 0, 1, 0, 0, 1, 0, 0, 3, 0, 0, 1, 0, 0, 0, 0, 3, 0, 2, 0, 0, 2, 1, 3, 0, 0, 0, 0, 1, 0],890.9074744783937,50765.917855663734,113588.58833646381,false
17,G3_TWC,G1_CMAX,[31, 22, 82, 15, 26, 9, 42, 95, 77, 12, 47, 5, 93, 78, 86, 54, 85, 63, 18, 44, 20, 35, 43, 97, 91, 76, 10, 30, 21, 45, 71, 64, 1, 23, 17, 83, 24, 14, 60, 36, 6, 57, 94, 88, 65, 56, 79, 40, 67, 68, 46, 75, 38, 58, 19, 32, 81, 41, 27, 62, 87, 90, 99, 59, 11, 16, 72, 73, 69, 39, 37, 84, 3, 92, 25, 55, 28, 29, 51, 7, 33, 61, 98, 66, 89, 50, 8, 96, 53, 80, 4, 48, 34, 2, 52, 13, 0, 70, 49, 74]|[1, 1, 0, 1, 1, 1, 2, 1, 2, 1, 2, 2, 2, 1, 1, 0, 0, 1, 0, 2, 2, 0, 1, 2, 0, 1, 2, 2, 0, 0, 1, 2, 1, 2, 1, 0, 2, 0, 1, 1, 0, 1, 1, 1, 0, 2, 1, 1, 0, 0, 0, 0, 1, 1, 2, 1, 2, 0, 0, 0, 2, 1, 0, 1, 2, 1, 2, 1, 1, 1, 1, 1, 1, 0, 1, 2, 0, 0, 0, 1, 2, 1, 0, 2, 1, 0, 1, 0, 0, 0, 0, 0, 2, 0, 1, 0, 0, 1, 0, 2]|[4, 3, 2, 2, 0, 0, 2, 2, 2, 4, 1, 1, 2, 4, 4, 1, 2, 4, 2, 1, 1, 1, 1, 2, 1, 2, 1, 1, 1, 1, 3, 2, 3, 0, 4, 0, 1, 1, 0, 3, 2, 2, 2, 0, 1, 1, 0, 4, 0, 1, 2, 2, 1, 4, 0, 3, 2, 1, 1, 2, 1, 3, 1, 1, 1, 3, 0, 4, 3, 1, 4, 1, 1, 0, 4, 1, 2, 1, 1, 3, 1, 3, 1, 1, 1, 1, 3, 1, 2, 1, 2, 1, 1, 2, 1, 2, 2, 3, 1, 1]|[0, 2, 1, 1, 3, 3, 0, 1, 0, 0, 0, 0, 1, 0, 1, 0, 0, 3, 1, 0, 0, 0, 3, 1, 0, 2, 0, 0, 0, 1, 0, 0, 0, 0, 3, 0, 1, 0, 0, 2, 1, 1, 1, 0, 0, 0, 0, 2, 1, 0, 0, 0, 1, 3, 0, 0, 1, 0, 0, 1, 0, 2, 0, 1, 0, 2, 1, 0, 0, 1, 1, 3, 1, 1, 3, 0, 1, 0, 0, 2, 0, 0, 0, 0, 1, 0, 2, 0, 1, 0, 1, 0, 0, 0, 1, 0, 0, 0, 1, 0],801.427594812029,57868.49349465401,91455.85780813712,true
17,G1_CMAX,G1_CMAX,[31, 22, 82, 15, 26, 9, 42, 77, 12, 5, 47, 93, 78, 86, 54, 6, 63, 18, 44, 20, 35, 43, 97, 91, 76, 10, 30, 21, 45, 17, 23, 1, 71, 83, 24, 14, 60, 36, 85, 57, 40, 95, 88, 65, 56, 79, 94, 67, 68, 46, 75, 38, 58, 19, 32, 81, 41, 62, 87, 28, 90, 59, 11, 16, 72, 73, 69, 52, 37, 64, 84, 3, 25, 29, 55, 51, 7, 98, 61, 66, 99, 33, 89, 48, 50, 96, 53, 80, 4, 8, 27, 2, 39, 13, 0, 92, 49, 74, 34, 70]|[1, 1, 0, 1, 1, 1, 2, 2, 1, 2, 2, 1, 1, 1, 0, 0, 1, 0, 2, 2, 0, 1, 2, 2, 1, 2, 2, 0, 0, 1, 2, 1, 1, 0, 2, 0, 1, 1, 0, 1, 1, 1, 1, 0, 2, 1, 1, 0, 0, 0, 0, 1, 1, 2, 1, 2, 0, 0, 2, 0, 1, 2, 2, 1, 2, 1, 1, 1, 1, 1, 1, 2, 1, 0, 2, 0, 1, 2, 1, 0, 0, 2, 1, 0, 0, 2, 0, 0, 1, 1, 0, 0, 1, 0, 0, 0, 0, 2, 2, 1]|[0, 3, 1, 2, 0, 0, 1, 1, 4, 1, 1, 4, 4, 4, 2, 2, 4, 2, 1, 1, 1, 1, 2, 1, 2, 1, 1, 1, 1, 4, 0, 3, 3, 0, 1, 1, 0, 3, 2, 2, 2, 2, 0, 1, 1, 0, 4, 0, 1, 2, 2, 1, 4, 0, 3, 2, 1, 2, 1, 2, 3, 1, 1, 3, 0, 4, 4, 1, 4, 3, 1, 2, 4, 1, 1, 1, 1, 1, 3, 1, 1, 1, 1, 1, 1, 1, 2, 1, 4, 3, 2, 2, 1, 2, 2, 0, 1, 1, 1, 4]|[1, 1, 1, 1, 3, 3, 0, 0, 0, 0, 0, 2, 0, 1, 0, 0, 3, 1, 0, 0, 0, 3, 1, 0, 2, 0, 0, 0, 1, 3, 0, 0, 0, 0, 1, 0, 0, 2, 1, 1, 1, 1, 0, 0, 0, 0, 2, 1, 0, 0, 0, 1, 3, 0, 0, 1, 0, 1, 0, 1, 2, 0, 0, 2, 1, 0, 2, 1, 1, 0, 3, 1, 3, 0, 0, 0, 2, 0, 0, 0, 0, 0, 1, 0, 0, 0, 1, 0, 0, 2, 1, 0, 1, 0, 0, 1, 1, 0, 0, 2],733.3116759547878,58140.55643565909,96674.14109675489,false
17,G4_BALANCED,G4_BALANCED,[31, 11, 82, 15, 26, 9, 95, 42, 77, 68, 47, 5, 93, 78, 86, 54, 85, 63, 18, 44, 20, 49, 36, 14, 74, 50, 53, 17, 21, 45, 71, 64, 3, 23, 30, 83, 24, 41, 60, 52, 65, 27, 90, 70, 39, 87, 48, 69, 99, 4, 46, 1, 13, 58, 97, 59, 28, 75, 73, 37, 35, 79, 22, 66, 76, 32, 40, 80, 96, 6, 61, 16, 33, 7, 57, 34, 12, 67, 10, 98, 56, 88, 29, 25, 91, 38, 19, 92, 43, 84, 51, 72, 81, 8, 2, 55, 0, 62, 89, 94]|[2, 1, 2, 1, 1, 2, 1, 1, 1, 1, 1, 0, 2, 2, 1, 2, 0, 0, 0, 2, 2, 1, 0, 2, 0, 2, 2, 1, 0, 1, 1, 1, 0, 0, 1, 0, 2, 1, 2, 2, 0, 0, 1, 1, 0, 2, 0, 2, 1, 0, 0, 2, 0, 0, 2, 0, 1, 1, 0, 0, 2, 1, 0, 2, 2, 0, 2, 2, 0, 1, 1, 2, 1, 2, 0, 1, 1, 1, 1, 2, 2, 1, 1, 1, 1, 0, 1, 0, 1, 0, 1, 1, 1, 0, 2, 0, 0, 1, 1, 2]|[0, 3, 0, 2, 4, 1, 4, 4, 2, 4, 3, 2, 1, 0, 2, 1, 1, 1, 2, 1, 1, 3, 0, 1, 0, 1, 1, 4, 1, 4, 3, 2, 2, 0, 4, 1, 1, 4, 0, 1, 2, 1, 4, 4, 1, 1, 0, 2, 3, 1, 2, 1, 2, 1, 1, 2, 4, 3, 0, 2, 2, 3, 1, 0, 1, 2, 0, 1, 2, 4, 3, 1, 4, 1, 2, 4, 3, 3, 3, 1, 1, 4, 3, 4, 3, 2, 4, 2, 4, 2, 3, 4, 1, 2, 1, 2, 2, 3, 4, 1]|[0, 2, 0, 1, 3, 0, 1, 3, 0, 0, 2, 0, 1, 0, 1, 0, 0, 0, 1, 0, 0, 2, 0, 0, 1, 0, 0, 3, 0, 1, 0, 2, 0, 1, 3, 0, 1, 3, 0, 0, 0, 0, 1, 3, 0, 0, 1, 0, 2, 0, 0, 0, 0, 0, 1, 0, 1, 0, 1, 1, 0, 2, 0, 0, 0, 0, 0, 0, 0, 2, 0, 0, 1, 0, 0, 1, 0, 0, 3, 0, 0, 1, 0, 3, 0, 0, 3, 0, 2, 0, 0, 2, 1, 0, 0, 0, 0, 0, 1, 0],855.0393744413956,51684.66824914086,111484.00316030454,false
17,G2_TEC,G2_TEC,[31, 22, 82, 15, 26, 9, 95, 42, 77, 68, 47, 5, 93, 78, 86, 54, 85, 63, 18, 44, 20, 49, 36, 14, 74, 50, 53, 25, 21, 28, 71, 64, 3, 23, 30, 83, 24, 41, 40, 52, 65, 27, 90, 70, 39, 87, 48, 69, 99, 4, 46, 1, 13, 58, 97, 59, 45, 8, 73, 37, 35, 79, 11, 66, 76, 32, 60, 80, 96, 6, 16, 61, 33, 7, 57, 34, 12, 67, 10, 98, 56, 88, 29, 75, 91, 38, 19, 92, 43, 84, 51, 72, 81, 17, 2, 55, 0, 62, 89, 94]|[2, 1, 2, 1, 1, 2, 1, 1, 1, 1, 1, 0, 2, 2, 1, 2, 0, 0, 0, 2, 2, 1, 0, 2, 0, 2, 2, 1, 0, 1, 1, 1, 0, 0, 1, 0, 2, 1, 2, 2, 0, 0, 1, 1, 0, 2, 0, 2, 1, 0, 0, 2, 0, 0, 2, 0, 1, 1, 0, 0, 2, 1, 0, 2, 2, 0, 2, 2, 0, 1, 2, 1, 1, 2, 0, 1, 1, 1, 1, 2, 2, 1, 1, 0, 1, 0, 1, 0, 1, 0, 1, 1, 1, 1, 2, 0, 0, 1, 1, 2]|[0, 3, 0, 3, 4, 1, 4, 4, 2, 4, 3, 2, 1, 0, 2, 1, 1, 1, 2, 1, 1, 3, 0, 1, 0, 1, 1, 4, 1, 4, 3, 2, 2, 0, 4, 1, 1, 4, 0, 1, 2, 1, 4, 4, 1, 1, 0, 2, 3, 1, 2, 1, 2, 1, 1, 2, 4, 3, 0, 2, 2, 3, 1, 0, 1, 2, 0, 1, 2, 4, 1, 3, 4, 1, 2, 4, 3, 3, 3, 1, 1, 4, 3, 2, 3, 2, 4, 2, 4, 2, 3, 4, 4, 4, 1, 2, 2, 3, 4, 1]|[0, 2, 0, 0, 3, 0, 1, 3, 0, 0, 2, 0, 1, 0, 1, 0, 0, 0, 1, 0, 0, 2, 0, 0, 1, 0, 0, 3, 0, 1, 0, 2, 0, 0, 3, 0, 1, 3, 0, 0, 0, 0, 1, 3, 0, 0, 1, 0, 2, 0, 0, 0, 0, 0, 1, 0, 1, 0, 1, 1, 0, 2, 0, 0, 0, 0, 0, 0, 0, 2, 0, 0, 1, 0, 0, 1, 0, 0, 3, 0, 0, 1, 0, 0, 0, 0, 3, 0, 2, 0, 0, 2, 1, 3, 0, 0, 0, 0, 1, 0],890.9074744783937,50765.917855663734,113588.58833646381,false
17,G3_TWC,G1_CMAX,[31, 22, 82, 15, 26, 9, 42, 95, 77, 12, 47, 5, 93, 78, 86, 54, 85, 63, 18, 44, 20, 35, 43, 97, 91, 76, 10, 30, 21, 45, 71, 64, 1, 23, 17, 83, 24, 14, 60, 36, 6, 57, 94, 88, 65, 56, 79, 40, 67, 68, 46, 75, 38, 58, 19, 32, 81, 41, 27, 62, 87, 90, 99, 59, 11, 16, 72, 73, 69, 39, 37, 84, 3, 92, 25, 55, 28, 29, 51, 7, 33, 61, 98, 66, 89, 50, 8, 96, 53, 80, 4, 48, 34, 2, 52, 13, 0, 70, 49, 74]|[1, 1, 0, 1, 1, 1, 2, 1, 2, 1, 2, 2, 2, 1, 1, 0, 0, 1, 0, 2, 2, 0, 1, 2, 0, 1, 2, 2, 0, 0, 1, 2, 1, 2, 1, 0, 2, 0, 1, 1, 0, 1, 1, 1, 0, 2, 1, 1, 0, 0, 0, 0, 1, 1, 2, 1, 2, 0, 0, 0, 2, 1, 0, 1, 2, 1, 2, 1, 1, 1, 1, 1, 1, 0, 1, 2, 0, 0, 0, 1, 2, 1, 0, 2, 1, 0, 1, 0, 0, 0, 0, 0, 2, 0, 1, 0, 0, 1, 0, 2]|[4, 3, 2, 2, 0, 0, 2, 2, 2, 4, 1, 1, 2, 4, 4, 1, 2, 4, 2, 1, 1, 1, 1, 2, 1, 2, 1, 1, 1, 1, 3, 2, 3, 0, 4, 0, 1, 1, 0, 3, 2, 2, 2, 0, 1, 1, 0, 4, 0, 1, 2, 2, 1, 4, 0, 3, 2, 1, 1, 2, 1, 3, 1, 1, 1, 3, 0, 4, 3, 1, 4, 1, 1, 0, 4, 1, 2, 1, 1, 3, 1, 3, 1, 1, 1, 1, 3, 1, 2, 1, 2, 1, 1, 2, 1, 2, 2, 3, 1, 1]|[0, 2, 1, 1, 3, 3, 0, 1, 0, 0, 0, 0, 1, 0, 1, 0, 0, 3, 1, 0, 0, 0, 3, 1, 0, 2, 0, 0, 0, 1, 0, 0, 0, 0, 3, 0, 1, 0, 0, 2, 1, 1, 1, 0, 0, 0, 0, 2, 1, 0, 0, 0, 1, 3, 0, 0, 1, 0, 0, 1, 0, 2, 0, 1, 0, 2, 1, 0, 0, 1, 1, 3, 1, 1, 3, 0, 1, 0, 0, 2, 0, 0, 0, 0, 1, 0, 2, 0, 1, 0, 1, 0, 0, 0, 1, 0, 0, 0, 1, 0],801.427594812029,57868.49349465401,91455.85780813712,true
17,G1_CMAX,G1_CMAX,[31, 22, 82, 15, 26, 9, 42, 77, 12, 5, 47, 93, 78, 86, 54, 6, 63, 18, 44, 20, 35, 43, 97, 91, 76, 10, 30, 21, 45, 17, 23, 1, 71, 83, 24, 14, 60, 36, 85, 57, 40, 95, 88, 65, 56, 79, 94, 67, 68, 46, 75, 38, 58, 19, 32, 81, 41, 62, 87, 28, 90, 59, 11, 16, 72, 73, 69, 52, 37, 64, 84, 3, 25, 29, 55, 51, 7, 98, 61, 66, 99, 33, 89, 48, 50, 96, 53, 80, 4, 8, 27, 2, 39, 13, 0, 92, 49, 74, 34, 70]|[1, 1, 0, 1, 1, 1, 2, 2, 1, 2, 2, 1, 1, 1, 0, 0, 1, 0, 2, 2, 0, 1, 2, 2, 1, 2, 2, 0, 0, 1, 2, 1, 1, 0, 2, 0, 1, 1, 0, 1, 1, 1, 1, 0, 2, 1, 1, 0, 0, 0, 0, 1, 1, 2, 1, 2, 0, 0, 2, 0, 1, 2, 2, 1, 2, 1, 1, 1, 1, 1, 1, 2, 1, 0, 2, 0, 1, 2, 1, 0, 0, 2, 1, 0, 0, 2, 0, 0, 1, 1, 0, 0, 1, 0, 0, 0, 0, 2, 2, 1]|[0, 3, 1, 2, 0, 0, 1, 1, 4, 1, 1, 4, 4, 4, 2, 2, 4, 2, 1, 1, 1, 1, 2, 1, 2, 1, 1, 1, 1, 4, 0, 3, 3, 0, 1, 1, 0, 3, 2, 2, 2, 2, 0, 1, 1, 0, 4, 0, 1, 2, 2, 1, 4, 0, 3, 2, 1, 2, 1, 2, 3, 1, 1, 3, 0, 4, 4, 1, 4, 3, 1, 2, 4, 1, 1, 1, 1, 1, 3, 1, 1, 1, 1, 1, 1, 1, 2, 1, 4, 3, 2, 2, 1, 2, 2, 0, 1, 1, 1, 4]|[1, 1, 1, 1, 3, 3, 0, 0, 0, 0, 0, 2, 0, 1, 0, 0, 3, 1, 0, 0, 0, 3, 1, 0, 2, 0, 0, 0, 1, 3, 0, 0, 0, 0, 1, 0, 0, 2, 1, 1, 1, 1, 0, 0, 0, 0, 2, 1, 0, 0, 0, 1, 3, 0, 0, 1, 0, 1, 0, 1, 2, 0, 0, 2, 1, 0, 2, 1, 1, 0, 3, 1, 3, 0, 0, 0, 2, 0, 0, 0, 0, 0, 1, 0, 0, 0, 1, 0, 0, 2, 1, 0, 1, 0, 0, 1, 1, 0, 0, 2],733.3116759547878,58140.55643565909,96674.14109675489,false
17,G4_BALANCED,G4_BALANCED,[31, 11, 82, 15, 26, 9, 95, 42, 77, 68, 47, 5, 93, 78, 86, 54, 85, 63, 18, 44, 20, 49, 36, 14, 74, 50, 53, 17, 21, 45, 71, 64, 3, 23, 30, 83, 24, 41, 60, 52, 65, 27, 90, 70, 39, 87, 48, 69, 99, 4, 46, 1, 13, 58, 97, 59, 28, 75, 73, 37, 35, 79, 22, 66, 76, 32, 40, 80, 96, 6, 61, 16, 33, 7, 57, 34, 12, 67, 10, 98, 56, 88, 29, 25, 91, 38, 19, 92, 43, 84, 51, 72, 81, 8, 2, 55, 0, 62, 89, 94]|[2, 1, 2, 1, 1, 2, 1, 1, 1, 1, 1, 0, 2, 2, 1, 2, 0, 0, 0, 2, 2, 1, 0, 2, 0, 2, 2, 1, 0, 1, 1, 1, 0, 0, 1, 0, 2, 1, 2, 2, 0, 0, 1, 1, 0, 2, 0, 2, 1, 0, 0, 2, 0, 0, 2, 0, 1, 1, 0, 0, 2, 1, 0, 2, 2, 0, 2, 2, 0, 1, 1, 2, 1, 2, 0, 1, 1, 1, 1, 2, 2, 1, 1, 1, 1, 0, 1, 0, 1, 0, 1, 1, 1, 0, 2, 0, 0, 1, 1, 2]|[0, 3, 0, 2, 4, 1, 4, 4, 2, 4, 3, 2, 1, 0, 2, 1, 1, 1, 2, 1, 1, 3, 0, 1, 0, 1, 1, 4, 1, 4, 3, 2, 2, 0, 4, 1, 1, 4, 0, 1, 2, 1, 4, 4, 1, 1, 0, 2, 3, 1, 2, 1, 2, 1, 1, 2, 4, 3, 0, 2, 2, 3, 1, 0, 1, 2, 0, 1, 2, 4, 3, 1, 4, 1, 2, 4, 3, 3, 3, 1, 1, 4, 3, 4, 3, 2, 4, 2, 4, 2, 3, 4, 1, 2, 1, 2, 2, 3, 4, 1]|[0, 2, 0, 1, 3, 0, 1, 3, 0, 0, 2, 0, 1, 0, 1, 0, 0, 0, 1, 0, 0, 2, 0, 0, 1, 0, 0, 3, 0, 1, 0, 2, 0, 1, 3, 0, 1, 3, 0, 0, 0, 0, 1, 3, 0, 0, 1, 0, 2, 0, 0, 0, 0, 0, 1, 0, 1, 0, 1, 1, 0, 2, 0, 0, 0, 0, 0, 0, 0, 2, 0, 0, 1, 0, 0, 1, 0, 0, 3, 0, 0, 1, 0, 3, 0, 0, 3, 0, 2, 0, 0, 2, 1, 0, 0, 0, 0, 0, 1, 0],855.0393744413956,51684.66824914086,111484.00316030454,false
17,G2_TEC,G2_TEC,[31, 22, 82, 15, 26, 9, 95, 42, 77, 68, 47, 5, 93, 78, 86, 54, 85, 63, 18, 44, 20, 49, 36, 14, 74, 50, 53, 25, 21, 28, 71, 64, 3, 23, 30, 83, 24, 41, 40, 52, 65, 27, 90, 70, 39, 87, 48, 69, 99, 4, 46, 1, 13, 58, 97, 59, 45, 8, 73, 37, 35, 79, 11, 66, 76, 32, 60, 80, 96, 6, 16, 61, 33, 7, 57, 34, 12, 67, 10, 98, 56, 88, 29, 75, 91, 38, 19, 92, 43, 84, 51, 72, 81, 17, 2, 55, 0, 62, 89, 94]|[2, 1, 2, 1, 1, 2, 1, 1, 1, 1, 1, 0, 2, 2, 1, 2, 0, 0, 0, 2, 2, 1, 0, 2, 0, 2, 2, 1, 0, 1, 1, 1, 0, 0, 1, 0, 2, 1, 2, 2, 0, 0, 1, 1, 0, 2, 0, 2, 1, 0, 0, 2, 0, 0, 2, 0, 1, 1, 0, 0, 2, 1, 0, 2, 2, 0, 2, 2, 0, 1, 2, 1, 1, 2, 0, 1, 1, 1, 1, 2, 2, 1, 1, 0, 1, 0, 1, 0, 1, 0, 1, 1, 1, 1, 2, 0, 0, 1, 1, 2]|[0, 3, 0, 3, 4, 1, 4, 4, 2, 4, 3, 2, 1, 0, 2, 1, 1, 1, 2, 1, 1, 3, 0, 1, 0, 1, 1, 4, 1, 4, 3, 2, 2, 0, 4, 1, 1, 4, 0, 1, 2, 1, 4, 4, 1, 1, 0, 2, 3, 1, 2, 1, 2, 1, 1, 2, 4, 3, 0, 2, 2, 3, 1, 0, 1, 2, 0, 1, 2, 4, 1, 3, 4, 1, 2, 4, 3, 3, 3, 1, 1, 4, 3, 2, 3, 2, 4, 2, 4, 2, 3, 4, 4, 4, 1, 2, 2, 3, 4, 1]|[0, 2, 0, 0, 3, 0, 1, 3, 0, 0, 2, 0, 1, 0, 1, 0, 0, 0, 1, 0, 0, 2, 0, 0, 1, 0, 0, 3, 0, 1, 0, 2, 0, 0, 3, 0, 1, 3, 0, 0, 0, 0, 1, 3, 0, 0, 1, 0, 2, 0, 0, 0, 0, 0, 1, 0, 1, 0, 1, 1, 0, 2, 0, 0, 0, 0, 0, 0, 0, 2, 0, 0, 1, 0, 0, 1, 0, 0, 3, 0, 0, 1, 0, 0, 0, 0, 3, 0, 2, 0, 0, 2, 1, 3, 0, 0, 0, 0, 1, 0],890.9074744783937,50765.917855663734,113588.58833646381,false
17,G3_TWC,G1_CMAX,[31, 22, 82, 15, 26, 9, 42, 95, 77, 12, 47, 5, 93, 78, 86, 54, 85, 63, 18, 44, 20, 35, 43, 97, 91, 76, 10, 30, 21, 45, 71, 64, 1, 23, 17, 83, 24, 14, 60, 36, 6, 57, 94, 88, 65, 56, 79, 40, 67, 68, 46, 75, 38, 58, 19, 32, 81, 41, 27, 62, 87, 90, 99, 59, 11, 16, 72, 73, 69, 39, 37, 84, 3, 92, 25, 55, 28, 29, 51, 7, 33, 61, 98, 66, 89, 50, 8, 96, 53, 80, 4, 48, 34, 2, 52, 13, 0, 70, 49, 74]|[1, 1, 0, 1, 1, 1, 2, 1, 2, 1, 2, 2, 2, 1, 1, 0, 0, 1, 0, 2, 2, 0, 1, 2, 0, 1, 2, 2, 0, 0, 1, 2, 1, 2, 1, 0, 2, 0, 1, 1, 0, 1, 1, 1, 0, 2, 1, 1, 0, 0, 0, 0, 1, 1, 2, 1, 2, 0, 0, 0, 2, 1, 0, 1, 2, 1, 2, 1, 1, 1, 1, 1, 1, 0, 1, 2, 0, 0, 0, 1, 2, 1, 0, 2, 1, 0, 1, 0, 0, 0, 0, 0, 2, 0, 1, 0, 0, 1, 0, 2]|[4, 3, 2, 2, 0, 0, 2, 2, 2, 4, 1, 1, 2, 4, 4, 1, 2, 4, 2, 1, 1, 1, 1, 2, 1, 2, 1, 1, 1, 1, 3, 2, 3, 0, 4, 0, 1, 1, 0, 3, 2, 2, 2, 0, 1, 1, 0, 4, 0, 1, 2, 2, 1, 4, 0, 3, 2, 1, 1, 2, 1, 3, 1, 1, 1, 3, 0, 4, 3, 1, 4, 1, 1, 0, 4, 1, 2, 1, 1, 3, 1, 3, 1, 1, 1, 1, 3, 1, 2, 1, 2, 1, 1, 2, 1, 2, 2, 3, 1, 1]|[0, 2, 1, 1, 3, 3, 0, 1, 0, 0, 0, 0, 1, 0, 1, 0, 0, 3, 1, 0, 0, 0, 3, 1, 0, 2, 0, 0, 0, 1, 0, 0, 0, 0, 3, 0, 1, 0, 0, 2, 1, 1, 1, 0, 0, 0, 0, 2, 1, 0, 0, 0, 1, 3, 0, 0, 1, 0, 0, 1, 0, 2, 0, 1, 0, 2, 1, 0, 0, 1, 1, 3, 1, 1, 3, 0, 1, 0, 0, 2, 0, 0, 0, 0, 1, 0, 2, 0, 1, 0, 1, 0, 0, 0, 1, 0, 0, 0, 1, 0],801.427594812029,57868.49349465401,91455.85780813712,true
17,G1_CMAX,G1_CMAX,[31, 22, 82, 15, 26, 9, 42, 77, 12, 5, 47, 93, 78, 86, 54, 6, 63, 18, 44, 20, 35, 43, 97, 91, 76, 10, 30, 21, 45, 17, 23, 1, 71, 83, 24, 14, 60, 36, 85, 57, 40, 95, 88, 65, 56, 79, 94, 67, 68, 46, 75, 38, 58, 19, 32, 81, 41, 62, 87, 28, 90, 59, 11, 16, 72, 73, 69, 52, 37, 64, 84, 3, 25, 29, 55, 51, 7, 98, 61, 66, 99, 33, 89, 48, 50, 96, 53, 80, 4, 8, 27, 2, 39, 13, 0, 92, 49, 74, 34, 70]|[1, 1, 0, 1, 1, 1, 2, 2, 1, 2, 2, 1, 1, 1, 0, 0, 1, 0, 2, 2, 0, 1, 2, 2, 1, 2, 2, 0, 0, 1, 2, 1, 1, 0, 2, 0, 1, 1, 0, 1, 1, 1, 1, 0, 2, 1, 1, 0, 0, 0, 0, 1, 1, 2, 1, 2, 0, 0, 2, 0, 1, 2, 2, 1, 2, 1, 1, 1, 1, 1, 1, 2, 1, 0, 2, 0, 1, 2, 1, 0, 0, 2, 1, 0, 0, 2, 0, 0, 1, 1, 0, 0, 1, 0, 0, 0, 0, 2, 2, 1]|[0, 3, 1, 2, 0, 0, 1, 1, 4, 1, 1, 4, 4, 4, 2, 2, 4, 2, 1, 1, 1, 1, 2, 1, 2, 1, 1, 1, 1, 4, 0, 3, 3, 0, 1, 1, 0, 3, 2, 2, 2, 2, 0, 1, 1, 0, 4, 0, 1, 2, 2, 1, 4, 0, 3, 2, 1, 2, 1, 2, 3, 1, 1, 3, 0, 4, 4, 1, 4, 3, 1, 2, 4, 1, 1, 1, 1, 1, 3, 1, 1, 1, 1, 1, 1, 1, 2, 1, 4, 3, 2, 2, 1, 2, 2, 0, 1, 1, 1, 4]|[1, 1, 1, 1, 3, 3, 0, 0, 0, 0, 0, 2, 0, 1, 0, 0, 3, 1, 0, 0, 0, 3, 1, 0, 2, 0, 0, 0, 1, 3, 0, 0, 0, 0, 1, 0, 0, 2, 1, 1, 1, 1, 0, 0, 0, 0, 2, 1, 0, 0, 0, 1, 3, 0, 0, 1, 0, 1, 0, 1, 2, 0, 0, 2, 1, 0, 2, 1, 1, 0, 3, 1, 3, 0, 0, 0, 2, 0, 0, 0, 0, 0, 1, 0, 0, 0, 1, 0, 0, 2, 1, 0, 1, 0, 0, 1, 1, 0, 0, 2],733.3116759547878,58140.55643565909,96674.14109675489,false
17,G4_BALANCED,G4_BALANCED,[31, 11, 82, 15, 26, 9, 95, 42, 77, 68, 47, 5, 93, 78, 86, 54, 85, 63, 18, 44, 20, 49, 36, 14, 74, 50, 53, 17, 21, 45, 71, 64, 3, 23, 30, 83, 24, 41, 60, 52, 65, 27, 90, 70, 39, 87, 48, 69, 99, 4, 46, 1, 13, 58, 97, 59, 28, 75, 73, 37, 35, 79, 22, 66, 76, 32, 40, 80, 96, 6, 61, 16, 33, 7, 57, 34, 12, 67, 10, 98, 56, 88, 29, 25, 91, 38, 19, 92, 43, 84, 51, 72, 81, 8, 2, 55, 0, 62, 89, 94]|[2, 1, 2, 1, 1, 2, 1, 1, 1, 1, 1, 0, 2, 2, 1, 2, 0, 0, 0, 2, 2, 1, 0, 2, 0, 2, 2, 1, 0, 1, 1, 1, 0, 0, 1, 0, 2, 1, 2, 2, 0, 0, 1, 1, 0, 2, 0, 2, 1, 0, 0, 2, 0, 0, 2, 0, 1, 1, 0, 0, 2, 1, 0, 2, 2, 0, 2, 2, 0, 1, 1, 2, 1, 2, 0, 1, 1, 1, 1, 2, 2, 1, 1, 1, 1, 0, 1, 0, 1, 0, 1, 1, 1, 0, 2, 0, 0, 1, 1, 2]|[0, 3, 0, 2, 4, 1, 4, 4, 2, 4, 3, 2, 1, 0, 2, 1, 1, 1, 2, 1, 1, 3, 0, 1, 0, 1, 1, 4, 1, 4, 3, 2, 2, 0, 4, 1, 1, 4, 0, 1, 2, 1, 4, 4, 1, 1, 0, 2, 3, 1, 2, 1, 2, 1, 1, 2, 4, 3, 0, 2, 2, 3, 1, 0, 1, 2, 0, 1, 2, 4, 3, 1, 4, 1, 2, 4, 3, 3, 3, 1, 1, 4, 3, 4, 3, 2, 4, 2, 4, 2, 3, 4, 1, 2, 1, 2, 2, 3, 4, 1]|[0, 2, 0, 1, 3, 0, 1, 3, 0, 0, 2, 0, 1, 0, 1, 0, 0, 0, 1, 0, 0, 2, 0, 0, 1, 0, 0, 3, 0, 1, 0, 2, 0, 1, 3, 0, 1, 3, 0, 0, 0, 0, 1, 3, 0, 0, 1, 0, 2, 0, 0, 0, 0, 0, 1, 0, 1, 0, 1, 1, 0, 2, 0, 0, 0, 0, 0, 0, 0, 2, 0, 0, 1, 0, 0, 1, 0, 0, 3, 0, 0, 1, 0, 3, 0, 0, 3, 0, 2, 0, 0, 2, 1, 0, 0, 0, 0, 0, 1, 0],855.0393744413956,51684.66824914086,111484.00316030454,false
17,G2_TEC,G2_TEC,[31, 22, 82, 15, 26, 9, 95, 42, 77, 68, 47, 5, 93, 78, 86, 54, 85, 63, 18, 44, 20, 49, 36, 14, 74, 50, 53, 25, 21, 28, 71, 64, 3, 23, 30, 83, 24, 41, 40, 52, 65, 27, 90, 70, 39, 87, 48, 69, 99, 4, 46, 1, 13, 58, 97, 59, 45, 8, 73, 37, 35, 79, 11, 66, 76, 32, 60, 80, 96, 6, 16, 61, 33, 7, 57, 34, 12, 67, 10, 98, 56, 88, 29, 75, 91, 38, 19, 92, 43, 84, 51, 72, 81, 17, 2, 55, 0, 62, 89, 94]|[2, 1, 2, 1, 1, 2, 1, 1, 1, 1, 1, 0, 2, 2, 1, 2, 0, 0, 0, 2, 2, 1, 0, 2, 0, 2, 2, 1, 0, 1, 1, 1, 0, 0, 1, 0, 2, 1, 2, 2, 0, 0, 1, 1, 0, 2, 0, 2, 1, 0, 0, 2, 0, 0, 2, 0, 1, 1, 0, 0, 2, 1, 0, 2, 2, 0, 2, 2, 0, 1, 2, 1, 1, 2, 0, 1, 1, 1, 1, 2, 2, 1, 1, 0, 1, 0, 1, 0, 1, 0, 1, 1, 1, 1, 2, 0, 0, 1, 1, 2]|[0, 3, 0, 3, 4, 1, 4, 4, 2, 4, 3, 2, 1, 0, 2, 1, 1, 1, 2, 1, 1, 3, 0, 1, 0, 1, 1, 4, 1, 4, 3, 2, 2, 0, 4, 1, 1, 4, 0, 1, 2, 1, 4, 4, 1, 1, 0, 2, 3, 1, 2, 1, 2, 1, 1, 2, 4, 3, 0, 2, 2, 3, 1, 0, 1, 2, 0, 1, 2, 4, 1, 3, 4, 1, 2, 4, 3, 3, 3, 1, 1, 4, 3, 2, 3, 2, 4, 2, 4, 2, 3, 4, 4, 4, 1, 2, 2, 3, 4, 1]|[0, 2, 0, 0, 3, 0, 1, 3, 0, 0, 2, 0, 1, 0, 1, 0, 0, 0, 1, 0, 0, 2, 0, 0, 1, 0, 0, 3, 0, 1, 0, 2, 0, 0, 3, 0, 1, 3, 0, 0, 0, 0, 1, 3, 0, 0, 1, 0, 2, 0, 0, 0, 0, 0, 1, 0, 1, 0, 1, 1, 0, 2, 0, 0, 0, 0, 0, 0, 0, 2, 0, 0, 1, 0, 0, 1, 0, 0, 3, 0, 0, 1, 0, 0, 0, 0, 3, 0, 2, 0, 0, 2, 1, 3, 0, 0, 0, 0, 1, 0],890.9074744783937,50765.917855663734,113588.58833646381,false
17,G3_TWC,G1_CMAX,[31, 22, 82, 15, 26, 9, 42, 95, 77, 12, 47, 5, 93, 78, 86, 54, 85, 63, 18, 44, 20, 35, 43, 97, 91, 76, 10, 30, 21, 45, 71, 64, 1, 23, 17, 83, 24, 14, 60, 36, 6, 57, 94, 88, 65, 56, 79, 40, 67, 68, 46, 75, 38, 58, 19, 32, 81, 41, 27, 62, 87, 90, 99, 59, 11, 16, 72, 73, 69, 39, 37, 84, 3, 92, 25, 55, 28, 29, 51, 7, 33, 61, 98, 66, 89, 50, 8, 96, 53, 80, 4, 48, 34, 2, 52, 13, 0, 70, 49, 74]|[1, 1, 0, 1, 1, 1, 2, 1, 2, 1, 2, 2, 2, 1, 1, 0, 0, 1, 0, 2, 2, 0, 1, 2, 0, 1, 2, 2, 0, 0, 1, 2, 1, 2, 1, 0, 2, 0, 1, 1, 0, 1, 1, 1, 0, 2, 1, 1, 0, 0, 0, 0, 1, 1, 2, 1, 2, 0, 0, 0, 2, 1, 0, 1, 2, 1, 2, 1, 1, 1, 1, 1, 1, 0, 1, 2, 0, 0, 0, 1, 2, 1, 0, 2, 1, 0, 1, 0, 0, 0, 0, 0, 2, 0, 1, 0, 0, 1, 0, 2]|[4, 3, 2, 2, 0, 0, 2, 2, 2, 4, 1, 1, 2, 4, 4, 1, 2, 4, 2, 1, 1, 1, 1, 2, 1, 2, 1, 1, 1, 1, 3, 2, 3, 0, 4, 0, 1, 1, 0, 3, 2, 2, 2, 0, 1, 1, 0, 4, 0, 1, 2, 2, 1, 4, 0, 3, 2, 1, 1, 2, 1, 3, 1, 1, 1, 3, 0, 4, 3, 1, 4, 1, 1, 0, 4, 1, 2, 1, 1, 3, 1, 3, 1, 1, 1, 1, 3, 1, 2, 1, 2, 1, 1, 2, 1, 2, 2, 3, 1, 1]|[0, 2, 1, 1, 3, 3, 0, 1, 0, 0, 0, 0, 1, 0, 1, 0, 0, 3, 1, 0, 0, 0, 3, 1, 0, 2, 0, 0, 0, 1, 0, 0, 0, 0, 3, 0, 1, 0, 0, 2, 1, 1, 1, 0, 0, 0, 0, 2, 1, 0, 0, 0, 1, 3, 0, 0, 1, 0, 0, 1, 0, 2, 0, 1, 0, 2, 1, 0, 0, 1, 1, 3, 1, 1, 3, 0, 1, 0, 0, 2, 0, 0, 0, 0, 1, 0, 2, 0, 1, 0, 1, 0, 0, 0, 1, 0, 0, 0, 1, 0],801.427594812029,57868.49349465401,91455.85780813712,true
17,G1_CMAX,G4_BALANCED,[31, 22, 82, 15, 26, 9, 95, 42, 77, 68, 47, 5, 93, 78, 86, 54, 85, 63, 18, 44, 20, 49, 36, 14, 74, 89, 53, 17, 21, 45, 71, 64, 3, 23, 30, 83, 24, 41, 60, 52, 65, 27, 90, 70, 39, 87, 48, 69, 99, 4, 46, 1, 13, 58, 97, 59, 28, 8, 73, 37, 35, 79, 11, 66, 76, 32, 40, 80, 96, 6, 16, 61, 33, 7, 57, 34, 12, 67, 10, 98, 56, 88, 29, 75, 91, 38, 19, 92, 43, 84, 51, 72, 81, 25, 2, 55, 0, 62, 50, 94]|[2, 1, 2, 1, 1, 2, 1, 1, 1, 1, 1, 0, 2, 2, 1, 2, 0, 0, 0, 2, 2, 1, 0, 2, 0, 2, 2, 1, 0, 1, 1, 1, 0, 0, 1, 0, 2, 1, 2, 2, 0, 0, 1, 1, 0, 2, 0, 2, 1, 0, 0, 2, 0, 0, 2, 0, 1, 1, 0, 0, 2, 1, 0, 2, 2, 0, 2, 2, 0, 1, 2, 1, 1, 2, 0, 1, 1, 1, 1, 2, 2, 1, 1, 0, 1, 0, 1, 0, 1, 0, 1, 1, 1, 1, 2, 0, 0, 1, 1, 2]|[0, 3, 0, 2, 4, 1, 4, 4, 2, 4, 3, 2, 1, 0, 2, 1, 1, 1, 2, 1, 1, 3, 0, 1, 0, 1, 1, 4, 1, 4, 3, 2, 2, 0, 4, 1, 1, 4, 0, 1, 2, 1, 4, 4, 1, 1, 0, 2, 3, 1, 2, 1, 2, 1, 1, 2, 4, 3, 0, 2, 2, 3, 1, 0, 1, 2, 0, 1, 2, 4, 1, 3, 4, 1, 2, 4, 3, 3, 3, 1, 1, 4, 3, 2, 3, 2, 4, 2, 4, 2, 3, 4, 1, 4, 1, 2, 2, 3, 4, 1]|[0, 2, 0, 1, 3, 0, 1, 3, 0, 0, 2, 0, 1, 0, 1, 0, 0, 0, 1, 0, 0, 2, 0, 0, 1, 0, 0, 3, 0, 1, 0, 2, 0, 1, 3, 0, 1, 3, 0, 0, 0, 0, 1, 3, 0, 0, 1, 0, 2, 0, 0, 0, 0, 0, 1, 0, 1, 0, 1, 1, 0, 2, 0, 0, 0, 0, 0, 0, 0, 2, 0, 0, 1, 0, 0, 1, 0, 0, 3, 0, 0, 1, 0, 0, 0, 0, 3, 0, 2, 0, 0, 2, 1, 3, 0, 0, 0, 0, 1, 0],848.7210464257236,51852.78829288572,110511.95315601578,true
17,G4_BALANCED,G4_BALANCED,[31, 11, 82, 15, 26, 9, 95, 42, 77, 68, 47, 5, 93, 78, 86, 54, 85, 63, 18, 44, 20, 49, 36, 14, 74, 50, 53, 17, 21, 45, 71, 64, 3, 23, 30, 83, 24, 41, 60, 52, 65, 27, 90, 70, 39, 87, 48, 69, 99, 4, 46, 1, 13, 58, 97, 59, 28, 75, 73, 37, 35, 79, 22, 66, 76, 32, 40, 80, 96, 6, 61, 16, 33, 7, 57, 34, 12, 67, 10, 98, 56, 88, 29, 25, 91, 38, 19, 92, 43, 84, 51, 72, 81, 8, 2, 55, 0, 62, 89, 94]|[2, 1, 2, 1, 1, 2, 1, 1, 1, 1, 1, 0, 2, 2, 1, 2, 0, 0, 0, 2, 2, 1, 0, 2, 0, 2, 2, 1, 0, 1, 1, 1, 0, 0, 1, 0, 2, 1, 2, 2, 0, 0, 1, 1, 0, 2, 0, 2, 1, 0, 0, 2, 0, 0, 2, 0, 1, 1, 0, 0, 2, 1, 0, 2, 2, 0, 2, 2, 0, 1, 1, 2, 1, 2, 0, 1, 1, 1, 1, 2, 2, 1, 1, 1, 1, 0, 1, 0, 1, 0, 1, 1, 1, 0, 2, 0, 0, 1, 1, 2]|[0, 3, 0, 2, 4, 1, 4, 4, 2, 4, 3, 2, 1, 0, 2, 1, 1, 1, 2, 1, 1, 3, 0, 1, 0, 1, 1, 4, 1, 4, 3, 2, 2, 0, 4, 1, 1, 4, 0, 1, 2, 1, 4, 4, 1, 1, 0, 2, 3, 1, 2, 1, 2, 1, 1, 2, 4, 3, 0, 2, 2, 3, 1, 0, 1, 2, 0, 1, 2, 4, 3, 1, 4, 1, 2, 4, 3, 3, 3, 1, 1, 4, 3, 4, 3, 2, 4, 2, 4, 2, 3, 4, 1, 2, 1, 2, 2, 3, 4, 1]|[0, 2, 0, 1, 3, 0, 1, 3, 0, 0, 2, 0, 1, 0, 1, 0, 0, 0, 1, 0, 0, 2, 0, 0, 1, 0, 0, 3, 0, 1, 0, 2, 0, 1, 3, 0, 1, 3, 0, 0, 0, 0, 1, 3, 0, 0, 1, 0, 2, 0, 0, 0, 0, 0, 1, 0, 1, 0, 1, 1, 0, 2, 0, 0, 0, 0, 0, 0, 0, 2, 0, 0, 1, 0, 0, 1, 0, 0, 3, 0, 0, 1, 0, 3, 0, 0, 3, 0, 2, 0, 0, 2, 1, 0, 0, 0, 0, 0, 1, 0],855.0393744413956,51684.66824914086,111484.00316030454,false
17,G2_TEC,G2_TEC,[31, 22, 82, 15, 26, 9, 95, 42, 77, 68, 47, 5, 93, 78, 86, 54, 85, 63, 18, 44, 20, 49, 36, 14, 74, 50, 53, 25, 21, 28, 71, 64, 3, 23, 30, 83, 24, 41, 40, 52, 65, 27, 90, 70, 39, 87, 48, 69, 99, 4, 46, 1, 13, 58, 97, 59, 45, 8, 73, 37, 35, 79, 11, 66, 76, 32, 60, 80, 96, 6, 16, 61, 33, 7, 57, 34, 12, 67, 10, 98, 56, 88, 29, 75, 91, 38, 19, 92, 43, 84, 51, 72, 81, 17, 2, 55, 0, 62, 89, 94]|[2, 1, 2, 1, 1, 2, 1, 1, 1, 1, 1, 0, 2, 2, 1, 2, 0, 0, 0, 2, 2, 1, 0, 2, 0, 2, 2, 1, 0, 1, 1, 1, 0, 0, 1, 0, 2, 1, 2, 2, 0, 0, 1, 1, 0, 2, 0, 2, 1, 0, 0, 2, 0, 0, 2, 0, 1, 1, 0, 0, 2, 1, 0, 2, 2, 0, 2, 2, 0, 1, 2, 1, 1, 2, 0, 1, 1, 1, 1, 2, 2, 1, 1, 0, 1, 0, 1, 0, 1, 0, 1, 1, 1, 1, 2, 0, 0, 1, 1, 2]|[0, 3, 0, 3, 4, 1, 4, 4, 2, 4, 3, 2, 1, 0, 2, 1, 1, 1, 2, 1, 1, 3, 0, 1, 0, 1, 1, 4, 1, 4, 3, 2, 2, 0, 4, 1, 1, 4, 0, 1, 2, 1, 4, 4, 1, 1, 0, 2, 3, 1, 2, 1, 2, 1, 1, 2, 4, 3, 0, 2, 2, 3, 1, 0, 1, 2, 0, 1, 2, 4, 1, 3, 4, 1, 2, 4, 3, 3, 3, 1, 1, 4, 3, 2, 3, 2, 4, 2, 4, 2, 3, 4, 4, 4, 1, 2, 2, 3, 4, 1]|[0, 2, 0, 0, 3, 0, 1, 3, 0, 0, 2, 0, 1, 0, 1, 0, 0, 0, 1, 0, 0, 2, 0, 0, 1, 0, 0, 3, 0, 1, 0, 2, 0, 0, 3, 0, 1, 3, 0, 0, 0, 0, 1, 3, 0, 0, 1, 0, 2, 0, 0, 0, 0, 0, 1, 0, 1, 0, 1, 1, 0, 2, 0, 0, 0, 0, 0, 0, 0, 2, 0, 0, 1, 0, 0, 1, 0, 0, 3, 0, 0, 1, 0, 0, 0, 0, 3, 0, 2, 0, 0, 2, 1, 3, 0, 0, 0, 0, 1, 0],890.9074744783937,50765.917855663734,113588.58833646381,false
17,G3_TWC,G1_CMAX,[31, 22, 82, 15, 26, 9, 42, 95, 77, 12, 47, 5, 93, 78, 86, 54, 85, 63, 18, 44, 20, 35, 43, 97, 91, 76, 10, 30, 21, 45, 71, 64, 1, 23, 17, 83, 24, 14, 60, 36, 6, 57, 94, 88, 65, 56, 79, 40, 67, 68, 46, 75, 38, 58, 19, 32, 81, 41, 27, 62, 87, 90, 99, 59, 11, 16, 72, 73, 69, 39, 37, 84, 3, 92, 25, 55, 28, 29, 51, 7, 33, 61, 98, 66, 89, 50, 8, 96, 53, 80, 4, 48, 34, 2, 52, 13, 0, 70, 49, 74]|[1, 1, 0, 1, 1, 1, 2, 1, 2, 1, 2, 2, 2, 1, 1, 0, 0, 1, 0, 2, 2, 0, 1, 2, 0, 1, 2, 2, 0, 0, 1, 2, 1, 2, 1, 0, 2, 0, 1, 1, 0, 1, 1, 1, 0, 2, 1, 1, 0, 0, 0, 0, 1, 1, 2, 1, 2, 0, 0, 0, 2, 1, 0, 1, 2, 1, 2, 1, 1, 1, 1, 1, 1, 0, 1, 2, 0, 0, 0, 1, 2, 1, 0, 2, 1, 0, 1, 0, 0, 0, 0, 0, 2, 0, 1, 0, 0, 1, 0, 2]|[4, 3, 2, 2, 0, 0, 2, 2, 2, 4, 1, 1, 2, 4, 4, 1, 2, 4, 2, 1, 1, 1, 1, 2, 1, 2, 1, 1, 1, 1, 3, 2, 3, 0, 4, 0, 1, 1, 0, 3, 2, 2, 2, 0, 1, 1, 0, 4, 0, 1, 2, 2, 1, 4, 0, 3, 2, 1, 1, 2, 1, 3, 1, 1, 1, 3, 0, 4, 3, 1, 4, 1, 1, 0, 4, 1, 2, 1, 1, 3, 1, 3, 1, 1, 1, 1, 3, 1, 2, 1, 2, 1, 1, 2, 1, 2, 2, 3, 1, 1]|[0, 2, 1, 1, 3, 3, 0, 1, 0, 0, 0, 0, 1, 0, 1, 0, 0, 3, 1, 0, 0, 0, 3, 1, 0, 2, 0, 0, 0, 1, 0, 0, 0, 0, 3, 0, 1, 0, 0, 2, 1, 1, 1, 0, 0, 0, 0, 2, 1, 0, 0, 0, 1, 3, 0, 0, 1, 0, 0, 1, 0, 2, 0, 1, 0, 2, 1, 0, 0, 1, 1, 3, 1, 1, 3, 0, 1, 0, 0, 2, 0, 0, 0, 0, 1, 0, 2, 0, 1, 0, 1, 0, 0, 0, 1, 0, 0, 0, 1, 0],801.427594812029,57868.49349465401,91455.85780813712,true
17,G1_CMAX,G1_CMAX,[31, 22, 82, 15, 26, 9, 42, 77, 12, 5, 47, 93, 78, 86, 54, 6, 63, 18, 44, 20, 35, 43, 97, 91, 76, 10, 30, 21, 45, 17, 23, 1, 71, 83, 24, 14, 60, 36, 85, 57, 40, 95, 88, 65, 56, 79, 94, 67, 68, 46, 75, 38, 58, 19, 32, 81, 41, 62, 87, 28, 90, 59, 11, 16, 72, 73, 69, 52, 37, 64, 84, 3, 25, 29, 55, 51, 7, 98, 61, 66, 99, 33, 89, 48, 50, 96, 53, 80, 4, 8, 27, 2, 39, 13, 0, 92, 49, 74, 34, 70]|[1, 1, 0, 1, 1, 1, 2, 2, 1, 2, 2, 1, 1, 1, 0, 0, 1, 0, 2, 2, 0, 1, 2, 2, 1, 2, 2, 0, 0, 1, 2, 1, 1, 0, 2, 0, 1, 1, 0, 1, 1, 1, 1, 0, 2, 1, 1, 0, 0, 0, 0, 1, 1, 2, 1, 2, 0, 0, 2, 0, 1, 2, 2, 1, 2, 1, 1, 1, 1, 1, 1, 2, 1, 0, 2, 0, 1, 2, 1, 0, 0, 2, 1, 0, 0, 2, 0, 0, 1, 1, 0, 0, 1, 0, 0, 0, 0, 2, 2, 1]|[0, 3, 1, 2, 0, 0, 1, 1, 4, 1, 1, 4, 4, 4, 2, 2, 4, 2, 1, 1, 1, 1, 2, 1, 2, 1, 1, 1, 1, 4, 0, 3, 3, 0, 1, 1, 0, 3, 2, 2, 2, 2, 0, 1, 1, 0, 4, 0, 1, 2, 2, 1, 4, 0, 3, 2, 1, 2, 1, 2, 3, 1, 1, 3, 0, 4, 4, 1, 4, 3, 1, 2, 4, 1, 1, 1, 1, 1, 3, 1, 1, 1, 1, 1, 1, 1, 2, 1, 4, 3, 2, 2, 1, 2, 2, 0, 1, 1, 1, 4]|[1, 1, 1, 1, 3, 3, 0, 0, 0, 0, 0, 2, 0, 1, 0, 0, 3, 1, 0, 0, 0, 3, 1, 0, 2, 0, 0, 0, 1, 3, 0, 0, 0, 0, 1, 0, 0, 2, 1, 1, 1, 1, 0, 0, 0, 0, 2, 1, 0, 0, 0, 1, 3, 0, 0, 1, 0, 1, 0, 1, 2, 0, 0, 2, 1, 0, 2, 1, 1, 0, 3, 1, 3, 0, 0, 0, 2, 0, 0, 0, 0, 0, 1, 0, 0, 0, 1, 0, 0, 2, 1, 0, 1, 0, 0, 1, 1, 0, 0, 2],733.3116759547878,58140.55643565909,96674.14109675489,false
17,G4_BALANCED,G2_TEC,[31, 22, 82, 15, 26, 9, 95, 42, 77, 68, 47, 5, 93, 78, 86, 54, 85, 63, 18, 44, 20, 49, 36, 14, 74, 50, 53, 17, 21, 28, 71, 64, 3, 23, 30, 83, 24, 41, 40, 52, 65, 27, 90, 70, 39, 87, 48, 69, 99, 4, 46, 1, 13, 58, 97, 59, 45, 8, 73, 37, 35, 60, 11, 66, 76, 32, 79, 80, 96, 6, 16, 61, 33, 7, 57, 34, 12, 67, 10, 98, 56, 88, 29, 75, 91, 38, 19, 92, 43, 84, 51, 72, 81, 25, 2, 55, 0, 62, 89, 94]|[2, 1, 2, 1, 1, 2, 1, 1, 1, 1, 1, 0, 2, 2, 1, 2, 0, 0, 0, 2, 2, 1, 0, 2, 0, 2, 2, 1, 0, 1, 1, 1, 0, 0, 1, 0, 2, 1, 2, 2, 0, 0, 1, 1, 0, 2, 0, 2, 1, 0, 0, 2, 0, 0, 2, 0, 1, 1, 0, 0, 2, 2, 0, 2, 2, 0, 1, 2, 0, 1, 2, 1, 1, 2, 0, 1, 1, 1, 1, 2, 2, 1, 1, 0, 1, 0, 1, 0, 1, 0, 1, 1, 1, 1, 2, 0, 0, 1, 1, 1]|[0, 3, 0, 3, 4, 1, 4, 4, 2, 4, 3, 2, 1, 0, 2, 1, 1, 1, 2, 1, 1, 3, 0, 1, 0, 1, 1, 4, 1, 4, 3, 2, 2, 0, 4, 1, 1, 4, 0, 1, 2, 1, 4, 4, 1, 1, 0, 2, 3, 1, 2, 1, 2, 1, 1, 2, 4, 3, 0, 2, 2, 0, 1, 0, 1, 2, 3, 1, 2, 4, 1, 3, 4, 1, 2, 4, 3, 3, 3, 1, 1, 4, 3, 2, 3, 2, 4, 2, 4, 2, 3, 4, 1, 4, 1, 2, 2, 3, 4, 4]|[0, 2, 0, 0, 3, 0, 1, 3, 0, 0, 2, 0, 1, 0, 1, 0, 0, 0, 1, 0, 0, 2, 0, 0, 1, 0, 0, 3, 0, 1, 0, 2, 0, 0, 3, 0, 1, 3, 1, 0, 0, 0, 1, 3, 0, 0, 1, 0, 2, 0, 0, 0, 0, 0, 1, 0, 1, 0, 1, 1, 0, 0, 0, 0, 0, 0, 2, 0, 0, 2, 0, 0, 1, 0, 0, 1, 0, 0, 3, 0, 0, 1, 0, 0, 0, 0, 3, 0, 2, 0, 0, 2, 1, 3, 0, 0, 0, 0, 1, 2],892.7401490794913,51281.32958573768,109301.63739857412,true
17,G2_TEC,G4_BALANCED,[31, 22, 82, 15, 26, 58, 95, 42, 77, 12, 47, 5, 93, 78, 86, 54, 85, 63, 18, 44, 20, 35, 43, 97, 91, 76, 10, 30, 21, 45, 71, 64, 1, 23, 17, 83, 24, 14, 60, 36, 6, 57, 40, 88, 65, 56, 79, 94, 67, 68, 46, 75, 38, 9, 19, 32, 81, 41, 27, 62, 87, 90, 99, 52, 11, 16, 72, 73, 70, 39, 37, 84, 3, 92, 25, 55, 28, 29, 51, 7, 33, 61, 98, 48, 89, 8, 4, 96, 53, 80, 50, 66, 34, 2, 59, 13, 0, 69, 74, 49]|[1, 1, 0, 1, 1, 0, 1, 2, 2, 1, 2, 2, 2, 1, 1, 0, 0, 1, 0, 2, 2, 0, 1, 2, 2, 1, 2, 2, 0, 0, 1, 2, 1, 2, 1, 0, 2, 0, 1, 1, 0, 1, 1, 1, 0, 2, 1, 1, 0, 0, 0, 0, 1, 1, 2, 1, 2, 0, 0, 0, 2, 1, 0, 2, 2, 1, 2, 1, 1, 1, 1, 1, 1, 0, 1, 2, 0, 0, 0, 1, 2, 1, 2, 0, 1, 1, 1, 2, 0, 0, 0, 2, 2, 0, 2, 0, 0, 1, 2, 0]|[4, 3, 2, 2, 4, 2, 2, 2, 2, 4, 1, 1, 2, 4, 4, 1, 2, 4, 2, 1, 1, 1, 1, 2, 1, 2, 1, 1, 1, 1, 3, 2, 3, 1, 4, 0, 1, 1, 0, 3, 2, 2, 2, 0, 1, 1, 0, 4, 0, 1, 2, 2, 1, 4, 0, 3, 2, 1, 1, 2, 1, 3, 1, 1, 1, 3, 0, 4, 3, 1, 4, 1, 1, 0, 4, 1, 2, 1, 1, 3, 1, 3, 1, 1, 1, 3, 4, 1, 2, 1, 1, 1, 1, 2, 1, 2, 2, 4, 1, 1]|[0, 2, 1, 1, 3, 0, 1, 0, 0, 0, 0, 0, 1, 0, 1, 0, 0, 3, 1, 0, 0, 0, 3, 1, 0, 2, 0, 0, 0, 1, 0, 0, 0, 0, 3, 0, 1, 0, 0, 2, 1, 1, 1, 0, 0, 0, 0, 2, 1, 0, 0, 0, 1, 3, 0, 0, 1, 0, 0, 1, 0, 2, 0, 0, 0, 2, 1, 0, 0, 1, 1, 3, 1, 1, 3, 0, 1, 0, 0, 2, 0, 0, 0, 0, 1, 2, 0, 0, 1, 0, 0, 0, 0, 0, 0, 0, 0, 2, 0, 1],854.6370053911567,55591.10347255162,98397.58133066772,true
17,G3_TWC,G1_CMAX,[31, 22, 82, 15, 26, 9, 42, 95, 77, 12, 47, 5, 93, 78, 86, 54, 85, 63, 18, 44, 20, 35, 43, 97, 91, 76, 10, 30, 21, 45, 71, 64, 1, 23, 17, 83, 24, 14, 60, 36, 6, 57, 94, 88, 65, 56, 79, 40, 67, 68, 46, 75, 38, 58, 19, 32, 81, 41, 27, 62, 87, 90, 99, 59, 11, 16, 72, 73, 69, 39, 37, 84, 3, 92, 25, 55, 28, 29, 51, 7, 33, 61, 98, 66, 89, 50, 8, 96, 53, 80, 4, 48, 34, 2, 52, 13, 0, 70, 49, 74]|[1, 1, 0, 1, 1, 1, 2, 1, 2, 1, 2, 2, 2, 1, 1, 0, 0, 1, 0, 2, 2, 0, 1, 2, 0, 1, 2, 2, 0, 0, 1, 2, 1, 2, 1, 0, 2, 0, 1, 1, 0, 1, 1, 1, 0, 2, 1, 1, 0, 0, 0, 0, 1, 1, 2, 1, 2, 0, 0, 0, 2, 1, 0, 1, 2, 1, 2, 1, 1, 1, 1, 1, 1, 0, 1, 2, 0, 0, 0, 1, 2, 1, 0, 2, 1, 0, 1, 0, 0, 0, 0, 0, 2, 0, 1, 0, 0, 1, 0, 2]|[4, 3, 2, 2, 0, 0, 2, 2, 2, 4, 1, 1, 2, 4, 4, 1, 2, 4, 2, 1, 1, 1, 1, 2, 1, 2, 1, 1, 1, 1, 3, 2, 3, 0, 4, 0, 1, 1, 0, 3, 2, 2, 2, 0, 1, 1, 0, 4, 0, 1, 2, 2, 1, 4, 0, 3, 2, 1, 1, 2, 1, 3, 1, 1, 1, 3, 0, 4, 3, 1, 4, 1, 1, 0, 4, 1, 2, 1, 1, 3, 1, 3, 1, 1, 1, 1, 3, 1, 2, 1, 2, 1, 1, 2, 1, 2, 2, 3, 1, 1]|[0, 2, 1, 1, 3, 3, 0, 1, 0, 0, 0, 0, 1, 0, 1, 0, 0, 3, 1, 0, 0, 0, 3, 1, 0, 2, 0, 0, 0, 1, 0, 0, 0, 0, 3, 0, 1, 0, 0, 2, 1, 1, 1, 0, 0, 0, 0, 2, 1, 0, 0, 0, 1, 3, 0, 0, 1, 0, 0, 1, 0, 2, 0, 1, 0, 2, 1, 0, 0, 1, 1, 3, 1, 1, 3, 0, 1, 0, 0, 2, 0, 0, 0, 0, 1, 0, 2, 0, 1, 0, 1, 0, 0, 0, 1, 0, 0, 0, 1, 0],801.427594812029,57868.49349465401,91455.85780813712,true
17,G1_CMAX,G1_CMAX,[31, 22, 82, 15, 26, 9, 42, 77, 12, 5, 47, 93, 78, 86, 54, 6, 63, 18, 44, 20, 35, 43, 97, 91, 76, 10, 30, 21, 45, 17, 23, 1, 71, 83, 24, 14, 60, 36, 85, 57, 40, 95, 88, 65, 56, 79, 94, 67, 68, 46, 75, 38, 58, 19, 32, 81, 41, 62, 87, 28, 90, 59, 11, 16, 72, 73, 69, 52, 37, 64, 84, 3, 25, 29, 55, 51, 7, 98, 61, 66, 99, 33, 89, 48, 50, 96, 53, 80, 4, 8, 27, 2, 39, 13, 0, 92, 49, 74, 34, 70]|[1, 1, 0, 1, 1, 1, 2, 2, 1, 2, 2, 1, 1, 1, 0, 0, 1, 0, 2, 2, 0, 1, 2, 2, 1, 2, 2, 0, 0, 1, 2, 1, 1, 0, 2, 0, 1, 1, 0, 1, 1, 1, 1, 0, 2, 1, 1, 0, 0, 0, 0, 1, 1, 2, 1, 2, 0, 0, 2, 0, 1, 2, 2, 1, 2, 1, 1, 1, 1, 1, 1, 2, 1, 0, 2, 0, 1, 2, 1, 0, 0, 2, 1, 0, 0, 2, 0, 0, 1, 1, 0, 0, 1, 0, 0, 0, 0, 2, 2, 1]|[0, 3, 1, 2, 0, 0, 1, 1, 4, 1, 1, 4, 4, 4, 2, 2, 4, 2, 1, 1, 1, 1, 2, 1, 2, 1, 1, 1, 1, 4, 0, 3, 3, 0, 1, 1, 0, 3, 2, 2, 2, 2, 0, 1, 1, 0, 4, 0, 1, 2, 2, 1, 4, 0, 3, 2, 1, 2, 1, 2, 3, 1, 1, 3, 0, 4, 4, 1, 4, 3, 1, 2, 4, 1, 1, 1, 1, 1, 3, 1, 1, 1, 1, 1, 1, 1, 2, 1, 4, 3, 2, 2, 1, 2, 2, 0, 1, 1, 1, 4]|[1, 1, 1, 1, 3, 3, 0, 0, 0, 0, 0, 2, 0, 1, 0, 0, 3, 1, 0, 0, 0, 3, 1, 0, 2, 0, 0, 0, 1, 3, 0, 0, 0, 0, 1, 0, 0, 2, 1, 1, 1, 1, 0, 0, 0, 0, 2, 1, 0, 0, 0, 1, 3, 0, 0, 1, 0, 1, 0, 1, 2, 0, 0, 2, 1, 0, 2, 1, 1, 0, 3, 1, 3, 0, 0, 0, 2, 0, 0, 0, 0, 0, 1, 0, 0, 0, 1, 0, 0, 2, 1, 0, 1, 0, 0, 1, 1, 0, 0, 2],733.3116759547878,58140.55643565909,96674.14109675489,false
17,G4_BALANCED,G4_BALANCED,[31, 22, 82, 15, 26, 58, 95, 42, 77, 12, 47, 5, 93, 78, 86, 54, 85, 63, 18, 44, 20, 35, 43, 97, 91, 76, 10, 30, 21, 45, 71, 64, 1, 23, 17, 83, 24, 14, 60, 36, 6, 57, 40, 88, 65, 56, 79, 94, 67, 68, 46, 75, 38, 9, 19, 32, 81, 41, 27, 62, 87, 90, 99, 59, 11, 16, 72, 73, 70, 39, 37, 84, 3, 53, 25, 55, 28, 29, 51, 7, 33, 61, 98, 48, 89, 50, 66, 96, 92, 80, 8, 4, 34, 2, 52, 13, 0, 69, 74, 49]|[1, 1, 0, 1, 1, 0, 1, 2, 2, 1, 2, 2, 2, 1, 1, 0, 0, 1, 0, 2, 2, 0, 1, 2, 0, 1, 2, 2, 0, 0, 1, 2, 1, 2, 1, 0, 2, 0, 1, 1, 0, 1, 1, 1, 0, 2, 1, 1, 0, 0, 0, 0, 1, 1, 2, 1, 2, 0, 0, 0, 2, 1, 0, 1, 2, 1, 2, 1, 1, 1, 1, 1, 1, 0, 1, 1, 0, 0, 0, 1, 2, 1, 2, 0, 1, 0, 2, 0, 0, 0, 1, 0, 2, 0, 1, 0, 0, 1, 2, 0]|[4, 3, 2, 2, 4, 1, 2, 2, 2, 4, 1, 1, 2, 4, 4, 1, 2, 4, 2, 1, 1, 1, 1, 2, 1, 2, 1, 1, 1, 1, 3, 2, 3, 1, 4, 0, 1, 1, 0, 3, 2, 2, 2, 0, 1, 1, 0, 4, 0, 1, 2, 2, 1, 4, 0, 3, 2, 1, 1, 2, 1, 3, 1, 1, 1, 3, 0, 4, 3, 1, 4, 1, 1, 2, 4, 4, 2, 1, 1, 1, 1, 3, 1, 1, 1, 1, 1, 1, 2, 1, 3, 2, 1, 2, 1, 2, 2, 3, 1, 1]|[0, 2, 1, 1, 3, 0, 1, 0, 0, 0, 0, 0, 1, 0, 1, 0, 0, 3, 1, 0, 0, 0, 3, 1, 0, 2, 0, 0, 0, 1, 0, 0, 0, 0, 3, 0, 1, 0, 0, 2, 1, 1, 1, 0, 0, 0, 0, 2, 1, 0, 0, 0, 1, 3, 0, 0, 1, 0, 0, 1, 0, 2, 0, 1, 0, 2, 1, 0, 0, 1, 1, 3, 1, 1, 3, 3, 1, 0, 0, 2, 0, 0, 0, 0, 1, 0, 0, 0, 1, 0, 2, 1, 0, 0, 1, 0, 0, 0, 0, 1],799.0546721216066,57038.19937020626,92843.33792604652,false
17,G2_TEC,G2_TEC,[31, 22, 82, 15, 26, 9, 95, 42, 77, 68, 47, 5, 93, 78, 86, 54, 85, 63, 18, 44, 20, 49, 36, 14, 74, 50, 53, 25, 21, 28, 71, 64, 3, 23, 30, 83, 24, 41, 40, 52, 65, 27, 90, 70, 39, 87, 48, 69, 99, 4, 46, 1, 13, 58, 97, 59, 45, 8, 73, 37, 35, 79, 11, 66, 76, 32, 60, 80, 96, 6, 16, 61, 33, 7, 57, 34, 12, 67, 10, 98, 56, 88, 29, 75, 91, 38, 19, 92, 43, 84, 51, 72, 81, 17, 2, 55, 0, 62, 89, 94]|[2, 1, 2, 1, 1, 2, 1, 1, 1, 1, 1, 0, 2, 2, 1, 2, 0, 0, 0, 2, 2, 1, 0, 2, 0, 2, 2, 1, 0, 1, 1, 1, 0, 0, 1, 0, 2, 1, 2, 2, 0, 0, 1, 1, 0, 2, 0, 2, 1, 0, 0, 2, 0, 0, 2, 0, 1, 1, 0, 0, 2, 1, 0, 2, 2, 0, 2, 2, 0, 1, 2, 1, 1, 2, 0, 1, 1, 1, 1, 2, 2, 1, 1, 0, 1, 0, 1, 0, 1, 0, 1, 1, 1, 1, 2, 0, 0, 1, 1, 2]|[0, 3, 0, 3, 4, 1, 4, 4, 2, 4, 3, 2, 1, 0, 2, 1, 1, 1, 2, 1, 1, 3, 0, 1, 0, 1, 1, 4, 1, 4, 3, 2, 2, 0, 4, 1, 1, 4, 0, 1, 2, 1, 4, 4, 1, 1, 0, 2, 3, 1, 2, 1, 2, 1, 1, 2, 4, 3, 0, 2, 2, 3, 1, 0, 1, 2, 0, 1, 2, 4, 1, 3, 4, 1, 2, 4, 3, 3, 3, 1, 1, 4, 3, 2, 3, 2, 4, 2, 4, 2, 3, 4, 4, 4, 1, 2, 2, 3, 4, 1]|[0, 2, 0, 0, 3, 0, 1, 3, 0, 0, 2, 0, 1, 0, 1, 0, 0, 0, 1, 0, 0, 2, 0, 0, 1, 0, 0, 3, 0, 1, 0, 2, 0, 0, 3, 0, 1, 3, 0, 0, 0, 0, 1, 3, 0, 0, 1, 0, 2, 0, 0, 0, 0, 0, 1, 0, 1, 0, 1, 1, 0, 2, 0, 0, 0, 0, 0, 0, 0, 2, 0, 0, 1, 0, 0, 1, 0, 0, 3, 0, 0, 1, 0, 0, 0, 0, 3, 0, 2, 0, 0, 2, 1, 3, 0, 0, 0, 0, 1, 0],890.9074744783937,50765.917855663734,113588.58833646381,false
17,G3_TWC,G1_CMAX,[31, 22, 82, 15, 26, 9, 42, 95, 77, 12, 47, 5, 93, 78, 86, 54, 85, 63, 18, 44, 20, 35, 43, 97, 91, 76, 10, 30, 21, 45, 71, 64, 1, 23, 17, 83, 24, 14, 60, 36, 6, 57, 94, 88, 65, 56, 79, 40, 67, 68, 46, 75, 38, 58, 19, 32, 81, 41, 27, 62, 87, 90, 99, 59, 11, 16, 72, 73, 69, 39, 37, 84, 3, 92, 25, 55, 28, 29, 51, 7, 33, 61, 98, 66, 89, 50, 8, 96, 53, 80, 4, 48, 34, 2, 52, 13, 0, 70, 49, 74]|[1, 1, 0, 1, 1, 1, 2, 1, 2, 1, 2, 2, 2, 1, 1, 0, 0, 1, 0, 2, 2, 0, 1, 2, 0, 1, 2, 2, 0, 0, 1, 2, 1, 2, 1, 0, 2, 0, 1, 1, 0, 1, 1, 1, 0, 2, 1, 1, 0, 0, 0, 0, 1, 1, 2, 1, 2, 0, 0, 0, 2, 1, 0, 1, 2, 1, 2, 1, 1, 1, 1, 1, 1, 0, 1, 2, 0, 0, 0, 1, 2, 1, 0, 2, 1, 0, 1, 0, 0, 0, 0, 0, 2, 0, 1, 0, 0, 1, 0, 2]|[4, 3, 2, 2, 0, 0, 2, 2, 2, 4, 1, 1, 2, 4, 4, 1, 2, 4, 2, 1, 1, 1, 1, 2, 1, 2, 1, 1, 1, 1, 3, 2, 3, 0, 4, 0, 1, 1, 0, 3, 2, 2, 2, 0, 1, 1, 0, 4, 0, 1, 2, 2, 1, 4, 0, 3, 2, 1, 1, 2, 1, 3, 1, 1, 1, 3, 0, 4, 3, 1, 4, 1, 1, 0, 4, 1, 2, 1, 1, 3, 1, 3, 1, 1, 1, 1, 3, 1, 2, 1, 2, 1, 1, 2, 1, 2, 2, 3, 1, 1]|[0, 2, 1, 1, 3, 3, 0, 1, 0, 0, 0, 0, 1, 0, 1, 0, 0, 3, 1, 0, 0, 0, 3, 1, 0, 2, 0, 0, 0, 1, 0, 0, 0, 0, 3, 0, 1, 0, 0, 2, 1, 1, 1, 0, 0, 0, 0, 2, 1, 0, 0, 0, 1, 3, 0, 0, 1, 0, 0, 1, 0, 2, 0, 1, 0, 2, 1, 0, 0, 1, 1, 3, 1, 1, 3, 0, 1, 0, 0, 2, 0, 0, 0, 0, 1, 0, 2, 0, 1, 0, 1, 0, 0, 0, 1, 0, 0, 0, 1, 0],801.427594812029,57868.49349465401,91455.85780813712,true
18,G1_CMAX,G1_CMAX,[31, 22, 82, 15, 26, 9, 42, 77, 12, 5, 47, 93, 78, 86, 54, 6, 63, 18, 44, 20, 35, 43, 97, 91, 76, 10, 30, 21, 45, 17, 23, 1, 71, 83, 24, 14, 60, 36, 85, 57, 40, 95, 88, 65, 56, 79, 94, 67, 68, 46, 75, 38, 58, 19, 32, 81, 41, 62, 87, 28, 90, 59, 11, 16, 72, 73, 69, 52, 37, 64, 84, 3, 25, 29, 55, 51, 7, 98, 61, 66, 99, 33, 89, 48, 50, 96, 53, 80, 4, 8, 27, 2, 39, 13, 0, 92, 49, 74, 34, 70]|[1, 1, 0, 1, 1, 1, 2, 2, 1, 2, 2, 1, 1, 1, 0, 0, 1, 0, 2, 2, 0, 1, 2, 2, 1, 2, 2, 0, 0, 1, 2, 1, 1, 0, 2, 0, 1, 1, 0, 1, 1, 1, 1, 0, 2, 1, 1, 0, 0, 0, 0, 1, 1, 2, 1, 2, 0, 0, 2, 0, 1, 2, 2, 1, 2, 1, 1, 1, 1, 1, 1, 2, 1, 0, 2, 0, 1, 2, 1, 0, 0, 2, 1, 0, 0, 2, 0, 0, 1, 1, 0, 0, 1, 0, 0, 0, 0, 2, 2, 1]|[0, 3, 1, 2, 0, 0, 1, 1, 4, 1, 1, 4, 4, 4, 2, 2, 4, 2, 1, 1, 1, 1, 2, 1, 2, 1, 1, 1, 1, 4, 0, 3, 3, 0, 1, 1, 0, 3, 2, 2, 2, 2, 0, 1, 1, 0, 4, 0, 1, 2, 2, 1, 4, 0, 3, 2, 1, 2, 1, 2, 3, 1, 1, 3, 0, 4, 4, 1, 4, 3, 1, 2, 4, 1, 1, 1, 1, 1, 3, 1, 1, 1, 1, 1, 1, 1, 2, 1, 4, 3, 2, 2, 1, 2, 2, 0, 1, 1, 1, 4]|[1, 1, 1, 1, 3, 3, 0, 0, 0, 0, 0, 2, 0, 1, 0, 0, 3, 1, 0, 0, 0, 3, 1, 0, 2, 0, 0, 0, 1, 3, 0, 0, 0, 0, 1, 0, 0, 2, 1, 1, 1, 1, 0, 0, 0, 0, 2, 1, 0, 0, 0, 1, 3, 0, 0, 1, 0, 1, 0, 1, 2, 0, 0, 2, 1, 0, 2, 1, 1, 0, 3, 1, 3, 0, 0, 0, 2, 0, 0, 0, 0, 0, 1, 0, 0, 0, 1, 0, 0, 2, 1, 0, 1, 0, 0, 1, 1, 0, 0, 2],733.3116759547878,58140.55643565909,96674.14109675489,false
18,G4_BALANCED,G4_BALANCED,[31, 22, 82, 15, 26, 58, 95, 42, 77, 12, 47, 5, 93, 78, 86, 54, 85, 63, 18, 44, 20, 35, 43, 97, 91, 76, 10, 30, 21, 45, 71, 64, 1, 23, 17, 83, 24, 14, 60, 36, 6, 57, 40, 88, 65, 56, 79, 94, 67, 68, 46, 75, 38, 9, 19, 32, 81, 41, 27, 59, 87, 90, 99, 62, 11, 16, 72, 73, 70, 39, 37, 84, 3, 92, 25, 55, 28, 29, 51, 7, 33, 61, 98, 66, 89, 50, 48, 96, 53, 80, 4, 34, 8, 2, 52, 0, 13, 69, 49, 74]|[1, 1, 0, 1, 1, 1, 2, 1, 2, 1, 2, 2, 2, 1, 1, 0, 0, 1, 0, 2, 0, 0, 1, 2, 0, 1, 2, 2, 0, 0, 1, 2, 1, 2, 1, 0, 2, 0, 1, 1, 0, 1, 1, 1, 0, 2, 1, 1, 0, 0, 0, 0, 1, 1, 2, 1, 2, 0, 0, 1, 2, 1, 0, 0, 2, 1, 2, 1, 1, 1, 1, 1, 1, 0, 1, 1, 0, 0, 0, 1, 2, 1, 0, 2, 1, 0, 0, 0, 0, 0, 0, 2, 1, 0, 1, 0, 0, 1, 0, 2]|[4, 3, 2, 2, 0, 0, 2, 2, 2, 4, 1, 1, 2, 4, 4, 1, 2, 4, 2, 1, 2, 1, 1, 2, 1, 2, 1, 1, 1, 1, 3, 2, 3, 1, 4, 0, 1, 1, 0, 3, 2, 2, 2, 0, 1, 1, 0, 4, 0, 1, 2, 2, 1, 4, 0, 3, 2, 1, 1, 1, 1, 3, 1, 2, 1, 3, 0, 4, 3, 1, 4, 1, 1, 2, 4, 4, 2, 1, 1, 3, 1, 3, 1, 1, 1, 1, 1, 1, 2, 1, 2, 1, 3, 2, 1, 2, 2, 3, 1, 1]|[0, 2, 1, 1, 3, 3, 0, 1, 0, 0, 0, 0, 1, 0, 1, 0, 0, 3, 1, 0, 1, 0, 3, 1, 0, 2, 0, 0, 0, 1, 0, 0, 0, 0, 3, 0, 1, 0, 0, 2, 1, 1, 1, 0, 0, 0, 0, 2, 1, 0, 0, 0, 1, 3, 0, 0, 1, 0, 0, 1, 0, 2, 0, 1, 0, 2, 1, 0, 0, 1, 1, 3, 1, 1, 3, 3, 1, 0, 0, 2, 0, 0, 0, 0, 1, 0, 0, 0, 1, 0, 1, 0, 2, 0, 1, 0, 0, 0, 1, 0],865.2315791101727,57947.21558416007,91094.6464775244,false
18,G2_TEC,G2_TEC,[31, 22, 82, 15, 26, 9, 95, 42, 77, 68, 47, 5, 93, 78, 86, 54, 85, 63, 18, 44, 20, 49, 36, 14, 74, 50, 53, 25, 21, 28, 71, 64, 3, 23, 30, 83, 24, 41, 40, 52, 65, 27, 90, 70, 39, 87, 48, 69, 99, 4, 46, 1, 13, 58, 97, 59, 45, 8, 73, 37, 35, 79, 11, 66, 76, 32, 60, 80, 96, 6, 16, 61, 33, 7, 57, 34, 12, 67, 10, 98, 56, 88, 29, 75, 91, 38, 19, 92, 43, 84, 51, 72, 81, 17, 2, 55, 0, 62, 89, 94]|[2, 1, 2, 1, 1, 2, 1, 1, 1, 1, 1, 0, 2, 2, 1, 2, 0, 0, 0, 2, 2, 1, 0, 2, 0, 2, 2, 1, 0, 1, 1, 1, 0, 0, 1, 0, 2, 1, 2, 2, 0, 0, 1, 1, 0, 2, 0, 2, 1, 0, 0, 2, 0, 0, 2, 0, 1, 1, 0, 0, 2, 1, 0, 2, 2, 0, 2, 2, 0, 1, 2, 1, 1, 2, 0, 1, 1, 1, 1, 2, 2, 1, 1, 0, 1, 0, 1, 0, 1, 0, 1, 1, 1, 1, 2, 0, 0, 1, 1, 2]|[0, 3, 0, 3, 4, 1, 4, 4, 2, 4, 3, 2, 1, 0, 2, 1, 1, 1, 2, 1, 1, 3, 0, 1, 0, 1, 1, 4, 1, 4, 3, 2, 2, 0, 4, 1, 1, 4, 0, 1, 2, 1, 4, 4, 1, 1, 0, 2, 3, 1, 2, 1, 2, 1, 1, 2, 4, 3, 0, 2, 2, 3, 1, 0, 1, 2, 0, 1, 2, 4, 1, 3, 4, 1, 2, 4, 3, 3, 3, 1, 1, 4, 3, 2, 3, 2, 4, 2, 4, 2, 3, 4, 4, 4, 1, 2, 2, 3, 4, 1]|[0, 2, 0, 0, 3, 0, 1, 3, 0, 0, 2, 0, 1, 0, 1, 0, 0, 0, 1, 0, 0, 2, 0, 0, 1, 0, 0, 3, 0, 1, 0, 2, 0, 0, 3, 0, 1, 3, 0, 0, 0, 0, 1, 3, 0, 0, 1, 0, 2, 0, 0, 0, 0, 0, 1, 0, 1, 0, 1, 1, 0, 2, 0, 0, 0, 0, 0, 0, 0, 2, 0, 0, 1, 0, 0, 1, 0, 0, 3, 0, 0, 1, 0, 0, 0, 0, 3, 0, 2, 0, 0, 2, 1, 3, 0, 0, 0, 0, 1, 0],890.9074744783937,50765.917855663734,113588.58833646381,false
18,G3_TWC,G1_CMAX,[31, 22, 82, 15, 26, 9, 42, 95, 77, 12, 47, 5, 93, 78, 86, 54, 85, 63, 18, 44, 20, 35, 43, 97, 91, 76, 10, 30, 21, 45, 71, 64, 1, 23, 17, 83, 24, 14, 60, 36, 6, 57, 94, 88, 65, 56, 79, 40, 67, 68, 46, 75, 38, 58, 19, 32, 81, 41, 27, 62, 87, 90, 99, 59, 11, 16, 72, 73, 69, 39, 37, 84, 3, 92, 25, 55, 28, 29, 51, 7, 33, 61, 98, 66, 89, 50, 8, 96, 53, 80, 4, 48, 34, 2, 52, 13, 0, 70, 49, 74]|[1, 1, 0, 1, 1, 1, 2, 1, 2, 1, 2, 2, 2, 1, 1, 0, 0, 1, 0, 2, 2, 0, 1, 2, 0, 1, 2, 2, 0, 0, 1, 2, 1, 2, 1, 0, 2, 0, 1, 1, 0, 1, 1, 1, 0, 2, 1, 1, 0, 0, 0, 0, 1, 1, 2, 1, 2, 0, 0, 0, 2, 1, 0, 1, 2, 1, 2, 1, 1, 1, 1, 1, 1, 0, 1, 2, 0, 0, 0, 1, 2, 1, 0, 2, 1, 0, 1, 0, 0, 0, 0, 0, 2, 0, 1, 0, 0, 1, 0, 2]|[4, 3, 2, 2, 0, 0, 2, 2, 2, 4, 1, 1, 2, 4, 4, 1, 2, 4, 2, 1, 1, 1, 1, 2, 1, 2, 1, 1, 1, 1, 3, 2, 3, 0, 4, 0, 1, 1, 0, 3, 2, 2, 2, 0, 1, 1, 0, 4, 0, 1, 2, 2, 1, 4, 0, 3, 2, 1, 1, 2, 1, 3, 1, 1, 1, 3, 0, 4, 3, 1, 4, 1, 1, 0, 4, 1, 2, 1, 1, 3, 1, 3, 1, 1, 1, 1, 3, 1, 2, 1, 2, 1, 1, 2, 1, 2, 2, 3, 1, 1]|[0, 2, 1, 1, 3, 3, 0, 1, 0, 0, 0, 0, 1, 0, 1, 0, 0, 3, 1, 0, 0, 0, 3, 1, 0, 2, 0, 0, 0, 1, 0, 0, 0, 0, 3, 0, 1, 0, 0, 2, 1, 1, 1, 0, 0, 0, 0, 2, 1, 0, 0, 0, 1, 3, 0, 0, 1, 0, 0, 1, 0, 2, 0, 1, 0, 2, 1, 0, 0, 1, 1, 3, 1, 1, 3, 0, 1, 0, 0, 2, 0, 0, 0, 0, 1, 0, 2, 0, 1, 0, 1, 0, 0, 0, 1, 0, 0, 0, 1, 0],801.427594812029,57868.49349465401,91455.85780813712,true
18,G1_CMAX,G3_TWC,[31, 22, 82, 15, 26, 9, 42, 95, 77, 12, 47, 5, 93, 78, 86, 54, 85, 63, 18, 44, 20, 35, 43, 97, 91, 76, 10, 30, 21, 45, 71, 64, 1, 23, 17, 83, 24, 14, 60, 36, 6, 57, 94, 88, 65, 56, 79, 40, 67, 68, 46, 75, 38, 58, 19, 32, 81, 48, 27, 62, 87, 90, 99, 59, 11, 16, 72, 73, 70, 39, 37, 84, 3, 92, 25, 55, 28, 29, 51, 7, 33, 61, 98, 66, 89, 50, 8, 80, 53, 96, 4, 41, 34, 2, 52, 13, 0, 69, 49, 74]|[1, 1, 0, 1, 1, 1, 2, 1, 2, 1, 2, 2, 2, 1, 1, 0, 0, 1, 0, 2, 2, 0, 1, 2, 0, 1, 2, 2, 0, 0, 1, 2, 1, 2, 1, 0, 2, 0, 1, 1, 0, 1, 1, 1, 0, 2, 1, 1, 0, 0, 0, 0, 1, 1, 2, 1, 2, 0, 0, 0, 2, 1, 0, 1, 2, 1, 2, 1, 1, 1, 1, 1, 1, 0, 1, 1, 0, 0, 0, 1, 2, 1, 0, 2, 1, 0, 1, 0, 0, 0, 0, 0, 2, 0, 1, 0, 0, 1, 0, 2]|[4, 3, 2, 2, 0, 0, 2, 2, 2, 4, 1, 1, 2, 4, 4, 1, 2, 4, 2, 1, 1, 1, 1, 2, 1, 2, 1, 1, 1, 1, 3, 2, 3, 0, 4, 0, 1, 1, 0, 3, 2, 2, 4, 0, 1, 1, 0, 2, 0, 1, 2, 2, 1, 4, 0, 3, 2, 1, 1, 2, 1, 3, 1, 1, 1, 3, 0, 4, 3, 1, 4, 1, 1, 0, 4, 4, 2, 1, 1, 3, 1, 3, 1, 1, 1, 1, 3, 1, 2, 1, 2, 1, 1, 2, 1, 2, 2, 4, 1, 1]|[0, 2, 1, 1, 3, 3, 0, 1, 0, 0, 0, 0, 1, 0, 1, 0, 0, 3, 1, 0, 0, 0, 3, 1, 0, 2, 0, 0, 0, 1, 0, 0, 0, 0, 3, 0, 1, 0, 0, 2, 1, 1, 2, 0, 0, 0, 0, 1, 1, 0, 0, 0, 1, 3, 0, 0, 1, 0, 0, 1, 0, 2, 0, 1, 0, 2, 1, 0, 0, 1, 1, 3, 1, 1, 3, 3, 1, 0, 0, 2, 0, 0, 0, 0, 1, 0, 2, 0, 1, 0, 1, 0, 0, 0, 1, 0, 0, 2, 1, 0],816.4899176390397,58049.21584356698,91006.96733133896,true
18,G4_BALANCED,G4_BALANCED,[31, 11, 82, 15, 26, 9, 95, 42, 77, 68, 47, 5, 93, 78, 86, 54, 85, 63, 18, 44, 20, 49, 36, 14, 74, 50, 53, 17, 21, 45, 71, 64, 3, 23, 30, 83, 24, 41, 60, 52, 65, 27, 90, 70, 39, 87, 48, 69, 99, 4, 46, 1, 13, 58, 97, 59, 28, 75, 73, 37, 35, 79, 22, 66, 76, 32, 40, 80, 96, 6, 61, 16, 33, 7, 57, 34, 12, 67, 10, 98, 56, 88, 29, 25, 91, 38, 19, 92, 43, 84, 51, 72, 81, 8, 2, 55, 0, 62, 89, 94]|[2, 1, 2, 1, 1, 2, 1, 1, 1, 1, 1, 0, 2, 2, 1, 2, 0, 0, 0, 2, 2, 1, 0, 2, 0, 2, 2, 1, 0, 1, 1, 1, 0, 0, 1, 0, 2, 1, 2, 2, 0, 0, 1, 1, 0, 2, 0, 2, 1, 0, 0, 2, 0, 0, 2, 0, 1, 1, 0, 0, 2, 1, 0, 2, 2, 0, 2, 2, 0, 1, 1, 2, 1, 2, 0, 1, 1, 1, 1, 2, 2, 1, 1, 1, 1, 0, 1, 0, 1, 0, 1, 1, 1, 0, 2, 0, 0, 1, 1, 2]|[0, 3, 0, 2, 4, 1, 4, 4, 2, 4, 3, 2, 1, 0, 2, 1, 1, 1, 2, 1, 1, 3, 0, 1, 0, 1, 1, 4, 1, 4, 3, 2, 2, 0, 4, 1, 1, 4, 0, 1, 2, 1, 4, 4, 1, 1, 0, 2, 3, 1, 2, 1, 2, 1, 1, 2, 4, 3, 0, 2, 2, 3, 1, 0, 1, 2, 0, 1, 2, 4, 3, 1, 4, 1, 2, 4, 3, 3, 3, 1, 1, 4, 3, 4, 3, 2, 4, 2, 4, 2, 3, 4, 1, 2, 1, 2, 2, 3, 4, 1]|[0, 2, 0, 1, 3, 0, 1, 3, 0, 0, 2, 0, 1, 0, 1, 0, 0, 0, 1, 0, 0, 2, 0, 0, 1, 0, 0, 3, 0, 1, 0, 2, 0, 1, 3, 0, 1, 3, 0, 0, 0, 0, 1, 3, 0, 0, 1, 0, 2, 0, 0, 0, 0, 0, 1, 0, 1, 0, 1, 1, 0, 2, 0, 0, 0, 0, 0, 0, 0, 2, 0, 0, 1, 0, 0, 1, 0, 0, 3, 0, 0, 1, 0, 3, 0, 0, 3, 0, 2, 0, 0, 2, 1, 0, 0, 0, 0, 0, 1, 0],855.0393744413956,51684.66824914086,111484.00316030454,false
18,G2_TEC,G2_TEC,[31, 22, 82, 15, 26, 9, 95, 42, 77, 68, 47, 5, 93, 78, 86, 54, 85, 63, 18, 44, 20, 49, 36, 14, 74, 50, 53, 25, 21, 28, 71, 64, 3, 23, 30, 83, 24, 41, 40, 52, 65, 27, 90, 70, 39, 87, 48, 69, 99, 4, 46, 1, 13, 58, 97, 59, 45, 8, 73, 37, 35, 79, 11, 66, 76, 32, 60, 80, 96, 6, 16, 61, 33, 7, 57, 34, 12, 67, 10, 98, 56, 88, 29, 75, 91, 38, 19, 92, 43, 84, 51, 72, 81, 17, 2, 55, 0, 62, 89, 94]|[2, 1, 2, 1, 1, 2, 1, 1, 1, 1, 1, 0, 2, 2, 1, 2, 0, 0, 0, 2, 2, 1, 0, 2, 0, 2, 2, 1, 0, 1, 1, 1, 0, 0, 1, 0, 2, 1, 2, 2, 0, 0, 1, 1, 0, 2, 0, 2, 1, 0, 0, 2, 0, 0, 2, 0, 1, 1, 0, 0, 2, 1, 0, 2, 2, 0, 2, 2, 0, 1, 2, 1, 1, 2, 0, 1, 1, 1, 1, 2, 2, 1, 1, 0, 1, 0, 1, 0, 1, 0, 1, 1, 1, 1, 2, 0, 0, 1, 1, 2]|[0, 3, 0, 3, 4, 1, 4, 4, 2, 4, 3, 2, 1, 0, 2, 1, 1, 1, 2, 1, 1, 3, 0, 1, 0, 1, 1, 4, 1, 4, 3, 2, 2, 0, 4, 1, 1, 4, 0, 1, 2, 1, 4, 4, 1, 1, 0, 2, 3, 1, 2, 1, 2, 1, 1, 2, 4, 3, 0, 2, 2, 3, 1, 0, 1, 2, 0, 1, 2, 4, 1, 3, 4, 1, 2, 4, 3, 3, 3, 1, 1, 4, 3, 2, 3, 2, 4, 2, 4, 2, 3, 4, 4, 4, 1, 2, 2, 3, 4, 1]|[0, 2, 0, 0, 3, 0, 1, 3, 0, 0, 2, 0, 1, 0, 1, 0, 0, 0, 1, 0, 0, 2, 0, 0, 1, 0, 0, 3, 0, 1, 0, 2, 0, 0, 3, 0, 1, 3, 0, 0, 0, 0, 1, 3, 0, 0, 1, 0, 2, 0, 0, 0, 0, 0, 1, 0, 1, 0, 1, 1, 0, 2, 0, 0, 0, 0, 0, 0, 0, 2, 0, 0, 1, 0, 0, 1, 0, 0, 3, 0, 0, 1, 0, 0, 0, 0, 3, 0, 2, 0, 0, 2, 1, 3, 0, 0, 0, 0, 1, 0],890.9074744783937,50765.917855663734,113588.58833646381,false
18,G3_TWC,G1_CMAX,[31, 22, 82, 15, 26, 9, 42, 95, 77, 12, 47, 5, 93, 78, 86, 54, 85, 63, 18, 44, 20, 35, 43, 97, 91, 76, 10, 30, 21, 45, 71, 64, 1, 23, 17, 83, 24, 14, 60, 36, 6, 57, 94, 88, 65, 56, 79, 40, 67, 68, 46, 75, 38, 58, 19, 32, 81, 41, 27, 62, 87, 90, 99, 59, 11, 16, 72, 73, 69, 39, 37, 84, 3, 92, 25, 55, 28, 29, 51, 7, 33, 61, 98, 66, 89, 50, 8, 96, 53, 80, 4, 48, 34, 2, 52, 13, 0, 70, 49, 74]|[1, 1, 0, 1, 1, 1, 2, 1, 2, 1, 2, 2, 2, 1, 1, 0, 0, 1, 0, 2, 2, 0, 1, 2, 0, 1, 2, 2, 0, 0, 1, 2, 1, 2, 1, 0, 2, 0, 1, 1, 0, 1, 1, 1, 0, 2, 1, 1, 0, 0, 0, 0, 1, 1, 2, 1, 2, 0, 0, 0, 2, 1, 0, 1, 2, 1, 2, 1, 1, 1, 1, 1, 1, 0, 1, 2, 0, 0, 0, 1, 2, 1, 0, 2, 1, 0, 1, 0, 0, 0, 0, 0, 2, 0, 1, 0, 0, 1, 0, 2]|[4, 3, 2, 2, 0, 0, 2, 2, 2, 4, 1, 1, 2, 4, 4, 1, 2, 4, 2, 1, 1, 1, 1, 2, 1, 2, 1, 1, 1, 1, 3, 2, 3, 0, 4, 0, 1, 1, 0, 3, 2, 2, 2, 0, 1, 1, 0, 4, 0, 1, 2, 2, 1, 4, 0, 3, 2, 1, 1, 2, 1, 3, 1, 1, 1, 3, 0, 4, 3, 1, 4, 1, 1, 0, 4, 1, 2, 1, 1, 3, 1, 3, 1, 1, 1, 1, 3, 1, 2, 1, 2, 1, 1, 2, 1, 2, 2, 3, 1, 1]|[0, 2, 1, 1, 3, 3, 0, 1, 0, 0, 0, 0, 1, 0, 1, 0, 0, 3, 1, 0, 0, 0, 3, 1, 0, 2, 0, 0, 0, 1, 0, 0, 0, 0, 3, 0, 1, 0, 0, 2, 1, 1, 1, 0, 0, 0, 0, 2, 1, 0, 0, 0, 1, 3, 0, 0, 1, 0, 0, 1, 0, 2, 0, 1, 0, 2, 1, 0, 0, 1, 1, 3, 1, 1, 3, 0, 1, 0, 0, 2, 0, 0, 0, 0, 1, 0, 2, 0, 1, 0, 1, 0, 0, 0, 1, 0, 0, 0, 1, 0],801.427594812029,57868.49349465401,91455.85780813712,true
18,G1_CMAX,G3_TWC,[31, 22, 82, 15, 26, 58, 95, 42, 77, 12, 47, 5, 93, 78, 86, 54, 85, 63, 18, 44, 20, 35, 43, 97, 91, 76, 10, 30, 21, 45, 71, 64, 1, 23, 17, 83, 24, 14, 60, 36, 6, 57, 81, 88, 65, 56, 79, 94, 67, 68, 46, 75, 38, 9, 19, 32, 40, 41, 27, 59, 87, 90, 99, 62, 11, 16, 72, 73, 70, 39, 37, 84, 3, 92, 25, 55, 28, 29, 51, 7, 33, 61, 98, 48, 89, 50, 4, 96, 53, 80, 8, 66, 34, 2, 52, 13, 0, 69, 74, 49]|[1, 1, 0, 1, 1, 1, 2, 2, 2, 1, 2, 2, 2, 1, 1, 0, 0, 1, 0, 2, 2, 0, 1, 2, 0, 1, 2, 2, 0, 0, 1, 2, 1, 2, 1, 0, 2, 0, 1, 1, 0, 1, 1, 1, 0, 2, 1, 1, 0, 0, 0, 0, 1, 1, 2, 1, 2, 0, 0, 1, 2, 1, 0, 0, 2, 1, 2, 1, 1, 1, 1, 1, 1, 0, 1, 2, 0, 0, 1, 1, 2, 1, 0, 0, 1, 0, 0, 0, 0, 0, 1, 2, 2, 0, 1, 0, 0, 1, 2, 0]|[4, 3, 2, 2, 0, 0, 2, 2, 2, 4, 1, 1, 2, 4, 4, 1, 2, 4, 2, 1, 1, 1, 1, 2, 1, 2, 1, 1, 1, 1, 3, 2, 3, 1, 4, 0, 1, 1, 0, 3, 2, 2, 2, 0, 1, 1, 0, 4, 0, 1, 2, 2, 1, 4, 0, 3, 2, 1, 1, 1, 1, 3, 1, 2, 1, 3, 0, 4, 3, 1, 4, 1, 1, 2, 4, 1, 2, 1, 3, 1, 1, 3, 1, 1, 1, 1, 2, 1, 2, 1, 3, 1, 1, 2, 1, 2, 2, 3, 1, 1]|[0, 2, 1, 1, 3, 3, 0, 0, 0, 0, 0, 0, 1, 0, 1, 0, 0, 3, 1, 0, 0, 0, 3, 1, 0, 2, 0, 0, 0, 1, 0, 0, 0, 0, 3, 0, 1, 0, 0, 2, 1, 1, 1, 0, 0, 0, 0, 2, 1, 0, 0, 0, 1, 3, 0, 0, 1, 0, 0, 1, 0, 2, 0, 1, 0, 2, 1, 0, 0, 1, 1, 3, 1, 1, 3, 0, 1, 0, 0, 2, 0, 0, 0, 0, 1, 0, 1, 0, 1, 0, 2, 0, 0, 0, 1, 0, 0, 0, 0, 1],785.5999884358733,57613.31767493535,93202.08074346892,true
18,G4_BALANCED,G4_BALANCED,[31, 11, 82, 15, 26, 9, 95, 42, 77, 68, 47, 5, 93, 78, 86, 54, 85, 63, 18, 44, 20, 49, 36, 14, 74, 50, 53, 17, 21, 45, 71, 64, 3, 23, 30, 83, 24, 41, 60, 52, 65, 27, 90, 70, 39, 87, 48, 69, 99, 4, 46, 1, 13, 58, 97, 59, 28, 75, 73, 37, 35, 79, 22, 66, 76, 32, 40, 80, 96, 6, 61, 16, 33, 7, 57, 34, 12, 67, 10, 98, 56, 88, 29, 25, 91, 38, 19, 92, 43, 84, 51, 72, 81, 8, 2, 55, 0, 62, 89, 94]|[2, 1, 2, 1, 1, 2, 1, 1, 1, 1, 1, 0, 2, 2, 1, 2, 0, 0, 0, 2, 2, 1, 0, 2, 0, 2, 2, 1, 0, 1, 1, 1, 0, 0, 1, 0, 2, 1, 2, 2, 0, 0, 1, 1, 0, 2, 0, 2, 1, 0, 0, 2, 0, 0, 2, 0, 1, 1, 0, 0, 2, 1, 0, 2, 2, 0, 2, 2, 0, 1, 1, 2, 1, 2, 0, 1, 1, 1, 1, 2, 2, 1, 1, 1, 1, 0, 1, 0, 1, 0, 1, 1, 1, 0, 2, 0, 0, 1, 1, 2]|[0, 3, 0, 2, 4, 1, 4, 4, 2, 4, 3, 2, 1, 0, 2, 1, 1, 1, 2, 1, 1, 3, 0, 1, 0, 1, 1, 4, 1, 4, 3, 2, 2, 0, 4, 1, 1, 4, 0, 1, 2, 1, 4, 4, 1, 1, 0, 2, 3, 1, 2, 1, 2, 1, 1, 2, 4, 3, 0, 2, 2, 3, 1, 0, 1, 2, 0, 1, 2, 4, 3, 1, 4, 1, 2, 4, 3, 3, 3, 1, 1, 4, 3, 4, 3, 2, 4, 2, 4, 2, 3, 4, 1, 2, 1, 2, 2, 3, 4, 1]|[0, 2, 0, 1, 3, 0, 1, 3, 0, 0, 2, 0, 1, 0, 1, 0, 0, 0, 1, 0, 0, 2, 0, 0, 1, 0, 0, 3, 0, 1, 0, 2, 0, 1, 3, 0, 1, 3, 0, 0, 0, 0, 1, 3, 0, 0, 1, 0, 2, 0, 0, 0, 0, 0, 1, 0, 1, 0, 1, 1, 0, 2, 0, 0, 0, 0, 0, 0, 0, 2, 0, 0, 1, 0, 0, 1, 0, 0, 3, 0, 0, 1, 0, 3, 0, 0, 3, 0, 2, 0, 0, 2, 1, 0, 0, 0, 0, 0, 1, 0],855.0393744413956,51684.66824914086,111484.00316030454,false
18,G2_TEC,G2_TEC,[31, 22, 82, 15, 26, 9, 95, 42, 77, 68, 47, 5, 93, 78, 86, 54, 85, 63, 18, 44, 20, 49, 36, 14, 74, 50, 53, 25, 21, 28, 71, 64, 3, 23, 30, 83, 24, 41, 40, 52, 65, 27, 90, 70, 39, 87, 48, 69, 99, 4, 46, 1, 13, 58, 97, 59, 45, 8, 73, 37, 35, 79, 11, 66, 76, 32, 60, 80, 96, 6, 16, 61, 33, 7, 57, 34, 12, 67, 10, 98, 56, 88, 29, 75, 91, 38, 19, 92, 43, 84, 51, 72, 81, 17, 2, 55, 0, 62, 89, 94]|[2, 1, 2, 1, 1, 2, 1, 1, 1, 1, 1, 0, 2, 2, 1, 2, 0, 0, 0, 2, 2, 1, 0, 2, 0, 2, 2, 1, 0, 1, 1, 1, 0, 0, 1, 0, 2, 1, 2, 2, 0, 0, 1, 1, 0, 2, 0, 2, 1, 0, 0, 2, 0, 0, 2, 0, 1, 1, 0, 0, 2, 1, 0, 2, 2, 0, 2, 2, 0, 1, 2, 1, 1, 2, 0, 1, 1, 1, 1, 2, 2, 1, 1, 0, 1, 0, 1, 0, 1, 0, 1, 1, 1, 1, 2, 0, 0, 1, 1, 2]|[0, 3, 0, 3, 4, 1, 4, 4, 2, 4, 3, 2, 1, 0, 2, 1, 1, 1, 2, 1, 1, 3, 0, 1, 0, 1, 1, 4, 1, 4, 3, 2, 2, 0, 4, 1, 1, 4, 0, 1, 2, 1, 4, 4, 1, 1, 0, 2, 3, 1, 2, 1, 2, 1, 1, 2, 4, 3, 0, 2, 2, 3, 1, 0, 1, 2, 0, 1, 2, 4, 1, 3, 4, 1, 2, 4, 3, 3, 3, 1, 1, 4, 3, 2, 3, 2, 4, 2, 4, 2, 3, 4, 4, 4, 1, 2, 2, 3, 4, 1]|[0, 2, 0, 0, 3, 0, 1, 3, 0, 0, 2, 0, 1, 0, 1, 0, 0, 0, 1, 0, 0, 2, 0, 0, 1, 0, 0, 3, 0, 1, 0, 2, 0, 0, 3, 0, 1, 3, 0, 0, 0, 0, 1, 3, 0, 0, 1, 0, 2, 0, 0, 0, 0, 0, 1, 0, 1, 0, 1, 1, 0, 2, 0, 0, 0, 0, 0, 0, 0, 2, 0, 0, 1, 0, 0, 1, 0, 0, 3, 0, 0, 1, 0, 0, 0, 0, 3, 0, 2, 0, 0, 2, 1, 3, 0, 0, 0, 0, 1, 0],890.9074744783937,50765.917855663734,113588.58833646381,false
18,G3_TWC,G1_CMAX,[31, 22, 82, 15, 26, 9, 42, 95, 77, 12, 47, 5, 93, 78, 86, 54, 85, 63, 18, 44, 20, 35, 43, 97, 91, 76, 10, 30, 21, 45, 71, 64, 1, 23, 17, 83, 24, 14, 60, 36, 6, 57, 94, 88, 65, 56, 79, 40, 67, 68, 46, 75, 38, 58, 19, 32, 81, 41, 27, 62, 87, 90, 99, 59, 11, 16, 72, 73, 69, 39, 37, 84, 3, 92, 25, 55, 28, 29, 51, 7, 33, 61, 98, 66, 89, 50, 8, 96, 53, 80, 4, 48, 34, 2, 52, 13, 0, 70, 49, 74]|[1, 1, 0, 1, 1, 1, 2, 1, 2, 1, 2, 2, 2, 1, 1, 0, 0, 1, 0, 2, 2, 0, 1, 2, 0, 1, 2, 2, 0, 0, 1, 2, 1, 2, 1, 0, 2, 0, 1, 1, 0, 1, 1, 1, 0, 2, 1, 1, 0, 0, 0, 0, 1, 1, 2, 1, 2, 0, 0, 0, 2, 1, 0, 1, 2, 1, 2, 1, 1, 1, 1, 1, 1, 0, 1, 2, 0, 0, 0, 1, 2, 1, 0, 2, 1, 0, 1, 0, 0, 0, 0, 0, 2, 0, 1, 0, 0, 1, 0, 2]|[4, 3, 2, 2, 0, 0, 2, 2, 2, 4, 1, 1, 2, 4, 4, 1, 2, 4, 2, 1, 1, 1, 1, 2, 1, 2, 1, 1, 1, 1, 3, 2, 3, 0, 4, 0, 1, 1, 0, 3, 2, 2, 2, 0, 1, 1, 0, 4, 0, 1, 2, 2, 1, 4, 0, 3, 2, 1, 1, 2, 1, 3, 1, 1, 1, 3, 0, 4, 3, 1, 4, 1, 1, 0, 4, 1, 2, 1, 1, 3, 1, 3, 1, 1, 1, 1, 3, 1, 2, 1, 2, 1, 1, 2, 1, 2, 2, 3, 1, 1]|[0, 2, 1, 1, 3, 3, 0, 1, 0, 0, 0, 0, 1, 0, 1, 0, 0, 3, 1, 0, 0, 0, 3, 1, 0, 2, 0, 0, 0, 1, 0, 0, 0, 0, 3, 0, 1, 0, 0, 2, 1, 1, 1, 0, 0, 0, 0, 2, 1, 0, 0, 0, 1, 3, 0, 0, 1, 0, 0, 1, 0, 2, 0, 1, 0, 2, 1, 0, 0, 1, 1, 3, 1, 1, 3, 0, 1, 0, 0, 2, 0, 0, 0, 0, 1, 0, 2, 0, 1, 0, 1, 0, 0, 0, 1, 0, 0, 0, 1, 0],801.427594812029,57868.49349465401,91455.85780813712,true
18,G1_CMAX,G4_BALANCED,[31, 22, 82, 15, 26, 58, 95, 42, 77, 12, 47, 5, 93, 78, 86, 54, 85, 63, 18, 72, 20, 35, 43, 97, 91, 76, 10, 30, 21, 45, 71, 64, 1, 23, 17, 83, 24, 14, 60, 36, 6, 57, 40, 88, 65, 56, 79, 94, 67, 68, 46, 75, 38, 9, 19, 32, 81, 48, 27, 62, 87, 90, 99, 59, 11, 16, 44, 73, 70, 39, 37, 84, 3, 92, 25, 55, 28, 29, 51, 7, 33, 61, 8, 41, 89, 50, 4, 96, 53, 80, 98, 66, 34, 2, 52, 13, 0, 69, 74, 49]|[1, 1, 0, 1, 1, 0, 1, 2, 2, 1, 2, 2, 2, 1, 1, 0, 0, 1, 0, 2, 2, 0, 1, 2, 0, 1, 2, 2, 0, 0, 1, 2, 1, 2, 1, 0, 2, 0, 1, 1, 0, 1, 1, 1, 0, 2, 1, 1, 0, 0, 0, 0, 1, 1, 2, 1, 2, 0, 0, 0, 2, 1, 0, 1, 2, 1, 2, 1, 1, 1, 1, 1, 1, 0, 1, 2, 0, 0, 0, 1, 2, 1, 1, 0, 1, 0, 1, 2, 0, 0, 2, 2, 2, 0, 1, 0, 0, 1, 2, 0]|[4, 3, 2, 2, 4, 1, 2, 2, 2, 4, 1, 1, 2, 4, 4, 1, 2, 4, 2, 1, 1, 1, 1, 2, 1, 2, 1, 1, 1, 1, 3, 2, 3, 1, 4, 0, 1, 1, 0, 3, 2, 2, 2, 0, 1, 1, 0, 4, 0, 1, 2, 2, 1, 4, 0, 3, 2, 1, 1, 2, 1, 3, 1, 1, 1, 3, 1, 4, 3, 1, 4, 1, 1, 0, 4, 1, 2, 1, 1, 1, 1, 3, 3, 1, 1, 1, 4, 1, 2, 1, 1, 1, 1, 2, 1, 2, 2, 4, 1, 1]|[0, 2, 1, 1, 3, 0, 1, 0, 0, 0, 0, 0, 1, 0, 1, 0, 0, 3, 1, 0, 0, 0, 3, 1, 0, 2, 0, 0, 0, 1, 0, 0, 0, 0, 3, 0, 1, 0, 0, 2, 1, 1, 1, 0, 0, 0, 0, 2, 1, 0, 0, 0, 1, 3, 0, 0, 1, 0, 0, 1, 0, 2, 0, 1, 0, 2, 0, 0, 0, 1, 1, 3, 1, 1, 3, 0, 1, 0, 0, 2, 0, 0, 2, 0, 1, 0, 0, 0, 1, 0, 0, 0, 0, 0, 1, 0, 0, 2, 0, 1],760.8921659562272,56028.845701609054,95689.98563368633,true
18,G4_BALANCED,G4_BALANCED,[31, 11, 82, 15, 26, 9, 95, 42, 77, 68, 47, 5, 93, 78, 86, 54, 85, 63, 18, 44, 20, 49, 36, 14, 74, 50, 53, 17, 21, 45, 71, 64, 3, 23, 30, 83, 24, 41, 60, 52, 65, 27, 90, 70, 39, 87, 48, 69, 99, 4, 46, 1, 13, 58, 97, 59, 28, 75, 73, 37, 35, 79, 22, 66, 76, 32, 40, 80, 96, 6, 61, 16, 33, 7, 57, 34, 12, 67, 10, 98, 56, 88, 29, 25, 91, 38, 19, 92, 43, 84, 51, 72, 81, 8, 2, 55, 0, 62, 89, 94]|[2, 1, 2, 1, 1, 2, 1, 1, 1, 1, 1, 0, 2, 2, 1, 2, 0, 0, 0, 2, 2, 1, 0, 2, 0, 2, 2, 1, 0, 1, 1, 1, 0, 0, 1, 0, 2, 1, 2, 2, 0, 0, 1, 1, 0, 2, 0, 2, 1, 0, 0, 2, 0, 0, 2, 0, 1, 1, 0, 0, 2, 1, 0, 2, 2, 0, 2, 2, 0, 1, 1, 2, 1, 2, 0, 1, 1, 1, 1, 2, 2, 1, 1, 1, 1, 0, 1, 0, 1, 0, 1, 1, 1, 0, 2, 0, 0, 1, 1, 2]|[0, 3, 0, 2, 4, 1, 4, 4, 2, 4, 3, 2, 1, 0, 2, 1, 1, 1, 2, 1, 1, 3, 0, 1, 0, 1, 1, 4, 1, 4, 3, 2, 2, 0, 4, 1, 1, 4, 0, 1, 2, 1, 4, 4, 1, 1, 0, 2, 3, 1, 2, 1, 2, 1, 1, 2, 4, 3, 0, 2, 2, 3, 1, 0, 1, 2, 0, 1, 2, 4, 3, 1, 4, 1, 2, 4, 3, 3, 3, 1, 1, 4, 3, 4, 3, 2, 4, 2, 4, 2, 3, 4, 1, 2, 1, 2, 2, 3, 4, 1]|[0, 2, 0, 1, 3, 0, 1, 3, 0, 0, 2, 0, 1, 0, 1, 0, 0, 0, 1, 0, 0, 2, 0, 0, 1, 0, 0, 3, 0, 1, 0, 2, 0, 1, 3, 0, 1, 3, 0, 0, 0, 0, 1, 3, 0, 0, 1, 0, 2, 0, 0, 0, 0, 0, 1, 0, 1, 0, 1, 1, 0, 2, 0, 0, 0, 0, 0, 0, 0, 2, 0, 0, 1, 0, 0, 1, 0, 0, 3, 0, 0, 1, 0, 3, 0, 0, 3, 0, 2, 0, 0, 2, 1, 0, 0, 0, 0, 0, 1, 0],855.0393744413956,51684.66824914086,111484.00316030454,false
18,G2_TEC,G2_TEC,[31, 22, 82, 15, 26, 9, 95, 42, 77, 68, 47, 5, 93, 78, 86, 54, 85, 63, 18, 44, 20, 49, 36, 14, 74, 50, 53, 25, 21, 28, 71, 64, 3, 23, 30, 83, 24, 41, 40, 52, 65, 27, 90, 70, 39, 87, 48, 69, 99, 4, 46, 1, 13, 58, 97, 59, 45, 8, 73, 37, 35, 79, 11, 66, 76, 32, 60, 80, 96, 6, 16, 61, 33, 7, 57, 34, 12, 67, 10, 98, 56, 88, 29, 75, 91, 38, 19, 92, 43, 84, 51, 72, 81, 17, 2, 55, 0, 62, 89, 94]|[2, 1, 2, 1, 1, 2, 1, 1, 1, 1, 1, 0, 2, 2, 1, 2, 0, 0, 0, 2, 2, 1, 0, 2, 0, 2, 2, 1, 0, 1, 1, 1, 0, 0, 1, 0, 2, 1, 2, 2, 0, 0, 1, 1, 0, 2, 0, 2, 1, 0, 0, 2, 0, 0, 2, 0, 1, 1, 0, 0, 2, 1, 0, 2, 2, 0, 2, 2, 0, 1, 2, 1, 1, 2, 0, 1, 1, 1, 1, 2, 2, 1, 1, 0, 1, 0, 1, 0, 1, 0, 1, 1, 1, 1, 2, 0, 0, 1, 1, 2]|[0, 3, 0, 3, 4, 1, 4, 4, 2, 4, 3, 2, 1, 0, 2, 1, 1, 1, 2, 1, 1, 3, 0, 1, 0, 1, 1, 4, 1, 4, 3, 2, 2, 0, 4, 1, 1, 4, 0, 1, 2, 1, 4, 4, 1, 1, 0, 2, 3, 1, 2, 1, 2, 1, 1, 2, 4, 3, 0, 2, 2, 3, 1, 0, 1, 2, 0, 1, 2, 4, 1, 3, 4, 1, 2, 4, 3, 3, 3, 1, 1, 4, 3, 2, 3, 2, 4, 2, 4, 2, 3, 4, 4, 4, 1, 2, 2, 3, 4, 1]|[0, 2, 0, 0, 3, 0, 1, 3, 0, 0, 2, 0, 1, 0, 1, 0, 0, 0, 1, 0, 0, 2, 0, 0, 1, 0, 0, 3, 0, 1, 0, 2, 0, 0, 3, 0, 1, 3, 0, 0, 0, 0, 1, 3, 0, 0, 1, 0, 2, 0, 0, 0, 0, 0, 1, 0, 1, 0, 1, 1, 0, 2, 0, 0, 0, 0, 0, 0, 0, 2, 0, 0, 1, 0, 0, 1, 0, 0, 3, 0, 0, 1, 0, 0, 0, 0, 3, 0, 2, 0, 0, 2, 1, 3, 0, 0, 0, 0, 1, 0],890.9074744783937,50765.917855663734,113588.58833646381,false
18,G3_TWC,G1_CMAX,[31, 22, 82, 15, 26, 9, 42, 95, 77, 12, 47, 5, 93, 78, 86, 54, 85, 63, 18, 44, 20, 35, 43, 97, 91, 76, 10, 30, 21, 45, 71, 64, 1, 23, 17, 83, 24, 14, 60, 36, 6, 57, 94, 88, 65, 56, 79, 40, 67, 68, 46, 75, 38, 58, 19, 32, 81, 41, 27, 62, 87, 90, 99, 59, 11, 16, 72, 73, 69, 39, 37, 84, 3, 92, 25, 55, 28, 29, 51, 7, 33, 61, 98, 66, 89, 50, 8, 96, 53, 80, 4, 48, 34, 2, 52, 13, 0, 70, 49, 74]|[1, 1, 0, 1, 1, 1, 2, 1, 2, 1, 2, 2, 2, 1, 1, 0, 0, 1, 0, 2, 2, 0, 1, 2, 0, 1, 2, 2, 0, 0, 1, 2, 1, 2, 1, 0, 2, 0, 1, 1, 0, 1, 1, 1, 0, 2, 1, 1, 0, 0, 0, 0, 1, 1, 2, 1, 2, 0, 0, 0, 2, 1, 0, 1, 2, 1, 2, 1, 1, 1, 1, 1, 1, 0, 1, 2, 0, 0, 0, 1, 2, 1, 0, 2, 1, 0, 1, 0, 0, 0, 0, 0, 2, 0, 1, 0, 0, 1, 0, 2]|[4, 3, 2, 2, 0, 0, 2, 2, 2, 4, 1, 1, 2, 4, 4, 1, 2, 4, 2, 1, 1, 1, 1, 2, 1, 2, 1, 1, 1, 1, 3, 2, 3, 0, 4, 0, 1, 1, 0, 3, 2, 2, 2, 0, 1, 1, 0, 4, 0, 1, 2, 2, 1, 4, 0, 3, 2, 1, 1, 2, 1, 3, 1, 1, 1, 3, 0, 4, 3, 1, 4, 1, 1, 0, 4, 1, 2, 1, 1, 3, 1, 3, 1, 1, 1, 1, 3, 1, 2, 1, 2, 1, 1, 2, 1, 2, 2, 3, 1, 1]|[0, 2, 1, 1, 3, 3, 0, 1, 0, 0, 0, 0, 1, 0, 1, 0, 0, 3, 1, 0, 0, 0, 3, 1, 0, 2, 0, 0, 0, 1, 0, 0, 0, 0, 3, 0, 1, 0, 0, 2, 1, 1, 1, 0, 0, 0, 0, 2, 1, 0, 0, 0, 1, 3, 0, 0, 1, 0, 0, 1, 0, 2, 0, 1, 0, 2, 1, 0, 0, 1, 1, 3, 1, 1, 3, 0, 1, 0, 0, 2, 0, 0, 0, 0, 1, 0, 2, 0, 1, 0, 1, 0, 0, 0, 1, 0, 0, 0, 1, 0],801.427594812029,57868.49349465401,91455.85780813712,true
18,G1_CMAX,G2_TEC,[31, 22, 82, 15, 26, 9, 95, 42, 77, 68, 47, 5, 93, 78, 86, 54, 85, 63, 18, 44, 20, 49, 36, 14, 74, 50, 53, 17, 21, 28, 71, 64, 3, 23, 30, 83, 24, 41, 60, 52, 65, 27, 90, 70, 39, 87, 48, 69, 99, 4, 46, 1, 13, 58, 97, 59, 45, 8, 73, 37, 35, 79, 11, 66, 76, 32, 40, 80, 96, 6, 16, 61, 33, 7, 57, 34, 12, 67, 10, 98, 19, 88, 29, 75, 91, 38, 56, 92, 43, 84, 51, 25, 81, 62, 2, 55, 0, 89, 94, 72]|[2, 1, 2, 1, 1, 2, 1, 1, 1, 1, 1, 0, 2, 2, 1, 2, 0, 0, 2, 2, 2, 1, 0, 2, 0, 2, 2, 1, 0, 1, 1, 1, 0, 0, 1, 0, 2, 1, 2, 2, 0, 0, 1, 1, 0, 2, 0, 2, 1, 0, 0, 2, 0, 0, 2, 0, 1, 1, 0, 0, 2, 1, 0, 2, 2, 0, 2, 2, 0, 1, 2, 1, 1, 2, 0, 1, 1, 1, 1, 2, 1, 1, 1, 0, 1, 0, 2, 0, 1, 0, 1, 1, 1, 1, 2, 0, 0, 1, 2, 1]|[0, 3, 0, 3, 4, 1, 4, 4, 2, 4, 3, 2, 1, 0, 2, 1, 1, 1, 1, 1, 1, 3, 0, 1, 0, 1, 1, 4, 1, 4, 3, 2, 2, 0, 4, 1, 1, 4, 0, 1, 2, 1, 4, 4, 1, 1, 0, 2, 3, 1, 2, 1, 2, 1, 1, 2, 4, 3, 0, 2, 2, 3, 1, 0, 1, 2, 0, 1, 2, 4, 1, 3, 4, 1, 2, 4, 3, 3, 3, 1, 4, 4, 3, 2, 3, 2, 1, 2, 4, 2, 3, 4, 4, 3, 1, 2, 2, 4, 1, 4]|[0, 2, 0, 0, 3, 0, 1, 3, 0, 0, 2, 0, 1, 0, 1, 0, 0, 0, 0, 0, 0, 2, 0, 0, 1, 0, 0, 3, 0, 1, 0, 2, 0, 0, 3, 0, 1, 3, 1, 0, 0, 0, 1, 3, 0, 0, 1, 0, 2, 0, 0, 0, 0, 0, 1, 0, 1, 0, 1, 1, 0, 2, 0, 0, 0, 0, 0, 0, 0, 2, 0, 0, 1, 0, 0, 1, 0, 0, 3, 0, 3, 1, 0, 0, 0, 0, 0, 0, 2, 0, 0, 2, 1, 0, 0, 0, 0, 1, 0, 2],893.930635610478,50973.086192041286,112467.87507939116,true
18,G4_BALANCED,G4_BALANCED,[31, 11, 82, 15, 26, 9, 95, 42, 77, 68, 47, 5, 93, 78, 86, 54, 85, 63, 18, 44, 20, 49, 36, 14, 74, 50, 53, 17, 21, 45, 71, 64, 3, 23, 30, 83, 24, 41, 60, 52, 65, 27, 90, 70, 39, 87, 48, 69, 99, 4, 46, 1, 13, 58, 97, 59, 28, 75, 73, 37, 35, 79, 22, 66, 76, 32, 40, 80, 96, 6, 61, 16, 33, 7, 57, 34, 12, 67, 10, 98, 56, 88, 29, 25, 91, 38, 19, 92, 43, 84, 51, 72, 81, 8, 2, 55, 0, 62, 89, 94]|[2, 1, 2, 1, 1, 2, 1, 1, 1, 1, 1, 0, 2, 2, 1, 2, 0, 0, 0, 2, 2, 1, 0, 2, 0, 2, 2, 1, 0, 1, 1, 1, 0, 0, 1, 0, 2, 1, 2, 2, 0, 0, 1, 1, 0, 2, 0, 2, 1, 0, 0, 2, 0, 0, 2, 0, 1, 1, 0, 0, 2, 1, 0, 2, 2, 0, 2, 2, 0, 1, 1, 2, 1, 2, 0, 1, 1, 1, 1, 2, 2, 1, 1, 1, 1, 0, 1, 0, 1, 0, 1, 1, 1, 0, 2, 0, 0, 1, 1, 2]|[0, 3, 0, 2, 4, 1, 4, 4, 2, 4, 3, 2, 1, 0, 2, 1, 1, 1, 2, 1, 1, 3, 0, 1, 0, 1, 1, 4, 1, 4, 3, 2, 2, 0, 4, 1, 1, 4, 0, 1, 2, 1, 4, 4, 1, 1, 0, 2, 3, 1, 2, 1, 2, 1, 1, 2, 4, 3, 0, 2, 2, 3, 1, 0, 1, 2, 0, 1, 2, 4, 3, 1, 4, 1, 2, 4, 3, 3, 3, 1, 1, 4, 3, 4, 3, 2, 4, 2, 4, 2, 3, 4, 1, 2, 1, 2, 2, 3, 4, 1]|[0, 2, 0, 1, 3, 0, 1, 3, 0, 0, 2, 0, 1, 0, 1, 0, 0, 0, 1, 0, 0, 2, 0, 0, 1, 0, 0, 3, 0, 1, 0, 2, 0, 1, 3, 0, 1, 3, 0, 0, 0, 0, 1, 3, 0, 0, 1, 0, 2, 0, 0, 0, 0, 0, 1, 0, 1, 0, 1, 1, 0, 2, 0, 0, 0, 0, 0, 0, 0, 2, 0, 0, 1, 0, 0, 1, 0, 0, 3, 0, 0, 1, 0, 3, 0, 0, 3, 0, 2, 0, 0, 2, 1, 0, 0, 0, 0, 0, 1, 0],855.0393744413956,51684.66824914086,111484.00316030454,false
18,G2_TEC,G2_TEC,[31, 22, 82, 15, 26, 9, 95, 42, 77, 68, 47, 5, 93, 78, 86, 54, 85, 63, 18, 44, 20, 49, 36, 14, 74, 50, 53, 25, 21, 28, 71, 64, 3, 23, 30, 83, 24, 41, 40, 52, 65, 27, 90, 70, 39, 87, 48, 69, 99, 4, 46, 1, 13, 58, 97, 59, 45, 8, 73, 37, 35, 79, 11, 66, 76, 32, 60, 80, 96, 6, 16, 61, 33, 7, 57, 34, 12, 67, 10, 98, 56, 88, 29, 75, 91, 38, 19, 92, 43, 84, 51, 72, 81, 17, 2, 55, 0, 62, 89, 94]|[2, 1, 2, 1, 1, 2, 1, 1, 1, 1, 1, 0, 2, 2, 1, 2, 0, 0, 0, 2, 2, 1, 0, 2, 0, 2, 2, 1, 0, 1, 1, 1, 0, 0, 1, 0, 2, 1, 2, 2, 0, 0, 1, 1, 0, 2, 0, 2, 1, 0, 0, 2, 0, 0, 2, 0, 1, 1, 0, 0, 2, 1, 0, 2, 2, 0, 2, 2, 0, 1, 2, 1, 1, 2, 0, 1, 1, 1, 1, 2, 2, 1, 1, 0, 1, 0, 1, 0, 1, 0, 1, 1, 1, 1, 2, 0, 0, 1, 1, 2]|[0, 3, 0, 3, 4, 1, 4, 4, 2, 4, 3, 2, 1, 0, 2, 1, 1, 1, 2, 1, 1, 3, 0, 1, 0, 1, 1, 4, 1, 4, 3, 2, 2, 0, 4, 1, 1, 4, 0, 1, 2, 1, 4, 4, 1, 1, 0, 2, 3, 1, 2, 1, 2, 1, 1, 2, 4, 3, 0, 2, 2, 3, 1, 0, 1, 2, 0, 1, 2, 4, 1, 3, 4, 1, 2, 4, 3, 3, 3, 1, 1, 4, 3, 2, 3, 2, 4, 2, 4, 2, 3, 4, 4, 4, 1, 2, 2, 3, 4, 1]|[0, 2, 0, 0, 3, 0, 1, 3, 0, 0, 2, 0, 1, 0, 1, 0, 0, 0, 1, 0, 0, 2, 0, 0, 1, 0, 0, 3, 0, 1, 0, 2, 0, 0, 3, 0, 1, 3, 0, 0, 0, 0, 1, 3, 0, 0, 1, 0, 2, 0, 0, 0, 0, 0, 1, 0, 1, 0, 1, 1, 0, 2, 0, 0, 0, 0, 0, 0, 0, 2, 0, 0, 1, 0, 0, 1, 0, 0, 3, 0, 0, 1, 0, 0, 0, 0, 3, 0, 2, 0, 0, 2, 1, 3, 0, 0, 0, 0, 1, 0],890.9074744783937,50765.917855663734,113588.58833646381,false
18,G3_TWC,G1_CMAX,[31, 22, 82, 15, 26, 9, 42, 95, 77, 12, 47, 5, 93, 78, 86, 54, 85, 63, 18, 44, 20, 35, 43, 97, 91, 76, 10, 30, 21, 45, 71, 64, 1, 23, 17, 83, 24, 14, 60, 36, 6, 57, 94, 88, 65, 56, 79, 40, 67, 68, 46, 75, 38, 58, 19, 32, 81, 41, 27, 62, 87, 90, 99, 59, 11, 16, 72, 73, 69, 39, 37, 84, 3, 92, 25, 55, 28, 29, 51, 7, 33, 61, 98, 66, 89, 50, 8, 96, 53, 80, 4, 48, 34, 2, 52, 13, 0, 70, 49, 74]|[1, 1, 0, 1, 1, 1, 2, 1, 2, 1, 2, 2, 2, 1, 1, 0, 0, 1, 0, 2, 2, 0, 1, 2, 0, 1, 2, 2, 0, 0, 1, 2, 1, 2, 1, 0, 2, 0, 1, 1, 0, 1, 1, 1, 0, 2, 1, 1, 0, 0, 0, 0, 1, 1, 2, 1, 2, 0, 0, 0, 2, 1, 0, 1, 2, 1, 2, 1, 1, 1, 1, 1, 1, 0, 1, 2, 0, 0, 0, 1, 2, 1, 0, 2, 1, 0, 1, 0, 0, 0, 0, 0, 2, 0, 1, 0, 0, 1, 0, 2]|[4, 3, 2, 2, 0, 0, 2, 2, 2, 4, 1, 1, 2, 4, 4, 1, 2, 4, 2, 1, 1, 1, 1, 2, 1, 2, 1, 1, 1, 1, 3, 2, 3, 0, 4, 0, 1, 1, 0, 3, 2, 2, 2, 0, 1, 1, 0, 4, 0, 1, 2, 2, 1, 4, 0, 3, 2, 1, 1, 2, 1, 3, 1, 1, 1, 3, 0, 4, 3, 1, 4, 1, 1, 0, 4, 1, 2, 1, 1, 3, 1, 3, 1, 1, 1, 1, 3, 1, 2, 1, 2, 1, 1, 2, 1, 2, 2, 3, 1, 1]|[0, 2, 1, 1, 3, 3, 0, 1, 0, 0, 0, 0, 1, 0, 1, 0, 0, 3, 1, 0, 0, 0, 3, 1, 0, 2, 0, 0, 0, 1, 0, 0, 0, 0, 3, 0, 1, 0, 0, 2, 1, 1, 1, 0, 0, 0, 0, 2, 1, 0, 0, 0, 1, 3, 0, 0, 1, 0, 0, 1, 0, 2, 0, 1, 0, 2, 1, 0, 0, 1, 1, 3, 1, 1, 3, 0, 1, 0, 0, 2, 0, 0, 0, 0, 1, 0, 2, 0, 1, 0, 1, 0, 0, 0, 1, 0, 0, 0, 1, 0],801.427594812029,57868.49349465401,91455.85780813712,true
18,G1_CMAX,G2_TEC,[31, 22, 82, 15, 26, 9, 95, 42, 77, 4, 47, 5, 93, 78, 86, 54, 85, 63, 18, 44, 20, 49, 36, 14, 74, 50, 53, 17, 21, 45, 71, 64, 3, 23, 30, 83, 24, 41, 60, 52, 65, 27, 90, 70, 89, 87, 48, 69, 99, 68, 46, 1, 39, 32, 97, 59, 28, 8, 73, 37, 35, 79, 11, 66, 76, 57, 72, 16, 92, 6, 80, 61, 33, 98, 58, 34, 51, 67, 10, 7, 56, 88, 29, 19, 91, 13, 12, 96, 0, 81, 2, 55, 43, 84, 75, 25, 62, 94, 38, 40]|[2, 1, 2, 1, 1, 2, 1, 1, 1, 1, 1, 0, 2, 2, 1, 2, 0, 0, 0, 2, 2, 1, 0, 2, 0, 2, 2, 1, 0, 1, 1, 1, 0, 0, 1, 0, 2, 1, 2, 2, 0, 1, 1, 1, 1, 1, 0, 2, 1, 0, 0, 2, 2, 0, 2, 0, 2, 1, 0, 0, 2, 1, 0, 2, 2, 0, 0, 2, 0, 0, 2, 1, 1, 0, 0, 1, 1, 0, 1, 2, 2, 1, 1, 2, 1, 0, 1, 0, 0, 1, 2, 0, 1, 0, 2, 1, 0, 1, 1, 2]|[0, 3, 0, 2, 4, 1, 4, 4, 2, 4, 3, 2, 1, 0, 2, 1, 1, 1, 2, 1, 2, 3, 0, 1, 0, 1, 1, 4, 1, 0, 3, 2, 2, 0, 4, 1, 1, 4, 0, 1, 2, 2, 4, 4, 4, 0, 0, 2, 3, 1, 2, 1, 2, 2, 1, 2, 0, 3, 0, 2, 2, 3, 1, 0, 1, 0, 2, 1, 0, 1, 1, 3, 4, 1, 1, 4, 3, 1, 3, 1, 0, 4, 3, 0, 3, 2, 3, 2, 2, 1, 1, 2, 4, 2, 2, 4, 2, 4, 4, 0]|[0, 2, 0, 1, 3, 0, 1, 3, 0, 0, 2, 0, 1, 0, 1, 0, 0, 0, 1, 0, 0, 2, 0, 0, 1, 0, 0, 3, 0, 1, 0, 2, 0, 0, 3, 0, 1, 3, 1, 0, 0, 1, 1, 3, 1, 0, 1, 0, 2, 0, 0, 0, 0, 0, 1, 0, 0, 0, 1, 1, 0, 2, 0, 0, 0, 1, 1, 0, 1, 0, 0, 0, 1, 0, 0, 2, 0, 0, 3, 0, 0, 1, 0, 0, 0, 0, 0, 0, 0, 1, 0, 0, 2, 1, 1, 3, 1, 2, 1, 0],839.6890277062986,54681.99845469262,112904.53001143686,true
18,G4_BALANCED,G4_BALANCED,[31, 11, 82, 15, 26, 9, 95, 42, 77, 68, 47, 5, 93, 78, 86, 54, 85, 63, 18, 44, 20, 49, 36, 14, 74, 50, 53, 17, 21, 45, 71, 64, 3, 23, 30, 83, 24, 41, 60, 52, 65, 27, 90, 70, 39, 87, 48, 69, 99, 4, 46, 1, 13, 58, 97, 59, 28, 75, 73, 37, 35, 79, 22, 66, 76, 32, 40, 80, 96, 6, 61, 16, 33, 7, 57, 34, 12, 67, 10, 98, 56, 88, 29, 25, 91, 38, 19, 92, 43, 84, 51, 72, 81, 8, 2, 55, 0, 62, 89, 94]|[2, 1, 2, 1, 1, 2, 1, 1, 1, 1, 1, 0, 2, 2, 1, 2, 0, 0, 0, 2, 2, 1, 0, 2, 0, 2, 2, 1, 0, 1, 1, 1, 0, 0, 1, 0, 2, 1, 2, 2, 0, 0, 1, 1, 0, 2, 0, 2, 1, 0, 0, 2, 0, 0, 2, 0, 1, 1, 0, 0, 2, 1, 0, 2, 2, 0, 2, 2, 0, 1, 1, 2, 1, 2, 0, 1, 1, 1, 1, 2, 2, 1, 1, 1, 1, 0, 1, 0, 1, 0, 1, 1, 1, 0, 2, 0, 0, 1, 1, 2]|[0, 3, 0, 2, 4, 1, 4, 4, 2, 4, 3, 2, 1, 0, 2, 1, 1, 1, 2, 1, 1, 3, 0, 1, 0, 1, 1, 4, 1, 4, 3, 2, 2, 0, 4, 1, 1, 4, 0, 1, 2, 1, 4, 4, 1, 1, 0, 2, 3, 1, 2, 1, 2, 1, 1, 2, 4, 3, 0, 2, 2, 3, 1, 0, 1, 2, 0, 1, 2, 4, 3, 1, 4, 1, 2, 4, 3, 3, 3, 1, 1, 4, 3, 4, 3, 2, 4, 2, 4, 2, 3, 4, 1, 2, 1, 2, 2, 3, 4, 1]|[0, 2, 0, 1, 3, 0, 1, 3, 0, 0, 2, 0, 1, 0, 1, 0, 0, 0, 1, 0, 0, 2, 0, 0, 1, 0, 0, 3, 0, 1, 0, 2, 0, 1, 3, 0, 1, 3, 0, 0, 0, 0, 1, 3, 0, 0, 1, 0, 2, 0, 0, 0, 0, 0, 1, 0, 1, 0, 1, 1, 0, 2, 0, 0, 0, 0, 0, 0, 0, 2, 0, 0, 1, 0, 0, 1, 0, 0, 3, 0, 0, 1, 0, 3, 0, 0, 3, 0, 2, 0, 0, 2, 1, 0, 0, 0, 0, 0, 1, 0],855.0393744413956,51684.66824914086,111484.00316030454,false
18,G2_TEC,G2_TEC,[31, 22, 82, 15, 26, 9, 95, 42, 77, 68, 47, 5, 93, 78, 86, 54, 85, 63, 18, 44, 20, 49, 36, 14, 74, 50, 53, 25, 21, 28, 71, 64, 3, 23, 30, 83, 24, 41, 40, 52, 65, 27, 90, 70, 39, 87, 48, 69, 99, 4, 46, 1, 13, 58, 97, 59, 45, 8, 73, 37, 35, 79, 11, 66, 76, 32, 60, 80, 96, 6, 16, 61, 33, 7, 57, 34, 12, 67, 10, 98, 56, 88, 29, 75, 91, 38, 19, 92, 43, 84, 51, 72, 81, 17, 2, 55, 0, 62, 89, 94]|[2, 1, 2, 1, 1, 2, 1, 1, 1, 1, 1, 0, 2, 2, 1, 2, 0, 0, 0, 2, 2, 1, 0, 2, 0, 2, 2, 1, 0, 1, 1, 1, 0, 0, 1, 0, 2, 1, 2, 2, 0, 0, 1, 1, 0, 2, 0, 2, 1, 0, 0, 2, 0, 0, 2, 0, 1, 1, 0, 0, 2, 1, 0, 2, 2, 0, 2, 2, 0, 1, 2, 1, 1, 2, 0, 1, 1, 1, 1, 2, 2, 1, 1, 0, 1, 0, 1, 0, 1, 0, 1, 1, 1, 1, 2, 0, 0, 1, 1, 2]|[0, 3, 0, 3, 4, 1, 4, 4, 2, 4, 3, 2, 1, 0, 2, 1, 1, 1, 2, 1, 1, 3, 0, 1, 0, 1, 1, 4, 1, 4, 3, 2, 2, 0, 4, 1, 1, 4, 0, 1, 2, 1, 4, 4, 1, 1, 0, 2, 3, 1, 2, 1, 2, 1, 1, 2, 4, 3, 0, 2, 2, 3, 1, 0, 1, 2, 0, 1, 2, 4, 1, 3, 4, 1, 2, 4, 3, 3, 3, 1, 1, 4, 3, 2, 3, 2, 4, 2, 4, 2, 3, 4, 4, 4, 1, 2, 2, 3, 4, 1]|[0, 2, 0, 0, 3, 0, 1, 3, 0, 0, 2, 0, 1, 0, 1, 0, 0, 0, 1, 0, 0, 2, 0, 0, 1, 0, 0, 3, 0, 1, 0, 2, 0, 0, 3, 0, 1, 3, 0, 0, 0, 0, 1, 3, 0, 0, 1, 0, 2, 0, 0, 0, 0, 0, 1, 0, 1, 0, 1, 1, 0, 2, 0, 0, 0, 0, 0, 0, 0, 2, 0, 0, 1, 0, 0, 1, 0, 0, 3, 0, 0, 1, 0, 0, 0, 0, 3, 0, 2, 0, 0, 2, 1, 3, 0, 0, 0, 0, 1, 0],890.9074744783937,50765.917855663734,113588.58833646381,false
18,G3_TWC,G1_CMAX,[31, 22, 82, 15, 26, 9, 42, 95, 77, 12, 47, 5, 93, 78, 86, 54, 85, 63, 18, 44, 20, 35, 43, 97, 91, 76, 10, 30, 21, 45, 71, 64, 1, 23, 17, 83, 24, 14, 60, 36, 6, 57, 94, 88, 65, 56, 79, 40, 67, 68, 46, 75, 38, 58, 19, 32, 81, 41, 27, 62, 87, 90, 99, 59, 11, 16, 72, 73, 69, 39, 37, 84, 3, 92, 25, 55, 28, 29, 51, 7, 33, 61, 98, 66, 89, 50, 8, 96, 53, 80, 4, 48, 34, 2, 52, 13, 0, 70, 49, 74]|[1, 1, 0, 1, 1, 1, 2, 1, 2, 1, 2, 2, 2, 1, 1, 0, 0, 1, 0, 2, 2, 0, 1, 2, 0, 1, 2, 2, 0, 0, 1, 2, 1, 2, 1, 0, 2, 0, 1, 1, 0, 1, 1, 1, 0, 2, 1, 1, 0, 0, 0, 0, 1, 1, 2, 1, 2, 0, 0, 0, 2, 1, 0, 1, 2, 1, 2, 1, 1, 1, 1, 1, 1, 0, 1, 2, 0, 0, 0, 1, 2, 1, 0, 2, 1, 0, 1, 0, 0, 0, 0, 0, 2, 0, 1, 0, 0, 1, 0, 2]|[4, 3, 2, 2, 0, 0, 2, 2, 2, 4, 1, 1, 2, 4, 4, 1, 2, 4, 2, 1, 1, 1, 1, 2, 1, 2, 1, 1, 1, 1, 3, 2, 3, 0, 4, 0, 1, 1, 0, 3, 2, 2, 2, 0, 1, 1, 0, 4, 0, 1, 2, 2, 1, 4, 0, 3, 2, 1, 1, 2, 1, 3, 1, 1, 1, 3, 0, 4, 3, 1, 4, 1, 1, 0, 4, 1, 2, 1, 1, 3, 1, 3, 1, 1, 1, 1, 3, 1, 2, 1, 2, 1, 1, 2, 1, 2, 2, 3, 1, 1]|[0, 2, 1, 1, 3, 3, 0, 1, 0, 0, 0, 0, 1, 0, 1, 0, 0, 3, 1, 0, 0, 0, 3, 1, 0, 2, 0, 0, 0, 1, 0, 0, 0, 0, 3, 0, 1, 0, 0, 2, 1, 1, 1, 0, 0, 0, 0, 2, 1, 0, 0, 0, 1, 3, 0, 0, 1, 0, 0, 1, 0, 2, 0, 1, 0, 2, 1, 0, 0, 1, 1, 3, 1, 1, 3, 0, 1, 0, 0, 2, 0, 0, 0, 0, 1, 0, 2, 0, 1, 0, 1, 0, 0, 0, 1, 0, 0, 0, 1, 0],801.427594812029,57868.49349465401,91455.85780813712,true
18,G1_CMAX,G4_BALANCED,[31, 22, 82, 15, 26, 58, 95, 42, 77, 12, 47, 5, 93, 78, 86, 54, 85, 63, 18, 44, 20, 35, 43, 97, 91, 76, 10, 30, 21, 45, 71, 64, 1, 23, 17, 83, 24, 14, 60, 36, 6, 57, 40, 88, 65, 56, 79, 94, 67, 68, 46, 75, 38, 9, 19, 32, 81, 41, 27, 62, 87, 90, 99, 59, 11, 16, 72, 73, 70, 39, 37, 84, 3, 53, 25, 55, 28, 29, 51, 7, 33, 61, 98, 48, 89, 50, 66, 96, 92, 80, 8, 4, 34, 2, 52, 13, 0, 69, 74, 49]|[1, 1, 0, 1, 1, 0, 1, 2, 2, 1, 2, 2, 2, 1, 1, 0, 0, 1, 0, 2, 2, 0, 1, 2, 0, 1, 2, 2, 0, 0, 1, 2, 1, 2, 1, 0, 2, 0, 1, 1, 0, 1, 1, 1, 0, 2, 1, 1, 0, 0, 0, 0, 1, 1, 2, 1, 2, 0, 0, 0, 2, 1, 0, 1, 2, 1, 2, 1, 1, 1, 1, 1, 1, 0, 1, 1, 0, 0, 0, 1, 2, 1, 2, 0, 1, 0, 2, 0, 0, 0, 1, 0, 2, 0, 1, 0, 0, 1, 2, 0]|[4, 3, 2, 2, 4, 1, 2, 2, 2, 4, 1, 1, 2, 4, 4, 1, 2, 4, 2, 1, 1, 1, 1, 2, 1, 2, 1, 1, 1, 1, 3, 2, 3, 1, 4, 0, 1, 1, 0, 3, 2, 2, 2, 0, 1, 1, 0, 4, 0, 1, 2, 2, 1, 4, 0, 3, 2, 1, 1, 2, 1, 3, 1, 1, 1, 3, 0, 4, 3, 1, 4, 1, 1, 2, 4, 4, 2, 1, 1, 1, 1, 3, 1, 1, 1, 1, 1, 1, 2, 1, 3, 2, 1, 2, 1, 2, 2, 3, 1, 1]|[0, 2, 1, 1, 3, 0, 1, 0, 0, 0, 0, 0, 1, 0, 1, 0, 0, 3, 1, 0, 0, 0, 3, 1, 0, 2, 0, 0, 0, 1, 0, 0, 0, 0, 3, 0, 1, 0, 0, 2, 1, 1, 1, 0, 0, 0, 0, 2, 1, 0, 0, 0, 1, 3, 0, 0, 1, 0, 0, 1, 0, 2, 0, 1, 0, 2, 1, 0, 0, 1, 1, 3, 1, 1, 3, 3, 1, 0, 0, 2, 0, 0, 0, 0, 1, 0, 0, 0, 1, 0, 2, 1, 0, 0, 1, 0, 0, 0, 0, 1],799.0546721216066,57038.19937020626,92843.33792604652,true
18,G4_BALANCED,G4_BALANCED,[31, 11, 82, 15, 26, 9, 95, 42, 77, 68, 47, 5, 93, 78, 86, 54, 85, 63, 18, 44, 20, 49, 36, 14, 74, 50, 53, 17, 21, 45, 71, 64, 3, 23, 30, 83, 24, 41, 60, 52, 65, 27, 90, 70, 39, 87, 48, 69, 99, 4, 46, 1, 13, 58, 97, 59, 28, 75, 73, 37, 35, 79, 22, 66, 76, 32, 40, 80, 96, 6, 61, 16, 33, 7, 57, 34, 12, 67, 10, 98, 56, 88, 29, 25, 91, 38, 19, 92, 43, 84, 51, 72, 81, 8, 2, 55, 0, 62, 89, 94]|[2, 1, 2, 1, 1, 2, 1, 1, 1, 1, 1, 0, 2, 2, 1, 2, 0, 0, 0, 2, 2, 1, 0, 2, 0, 2, 2, 1, 0, 1, 1, 1, 0, 0, 1, 0, 2, 1, 2, 2, 0, 0, 1, 1, 0, 2, 0, 2, 1, 0, 0, 2, 0, 0, 2, 0, 1, 1, 0, 0, 2, 1, 0, 2, 2, 0, 2, 2, 0, 1, 1, 2, 1, 2, 0, 1, 1, 1, 1, 2, 2, 1, 1, 1, 1, 0, 1, 0, 1, 0, 1, 1, 1, 0, 2, 0, 0, 1, 1, 2]|[0, 3, 0, 2, 4, 1, 4, 4, 2, 4, 3, 2, 1, 0, 2, 1, 1, 1, 2, 1, 1, 3, 0, 1, 0, 1, 1, 4, 1, 4, 3, 2, 2, 0, 4, 1, 1, 4, 0, 1, 2, 1, 4, 4, 1, 1, 0, 2, 3, 1, 2, 1, 2, 1, 1, 2, 4, 3, 0, 2, 2, 3, 1, 0, 1, 2, 0, 1, 2, 4, 3, 1, 4, 1, 2, 4, 3, 3, 3, 1, 1, 4, 3, 4, 3, 2, 4, 2, 4, 2, 3, 4, 1, 2, 1, 2, 2, 3, 4, 1]|[0, 2, 0, 1, 3, 0, 1, 3, 0, 0, 2, 0, 1, 0, 1, 0, 0, 0, 1, 0, 0, 2, 0, 0, 1, 0, 0, 3, 0, 1, 0, 2, 0, 1, 3, 0, 1, 3, 0, 0, 0, 0, 1, 3, 0, 0, 1, 0, 2, 0, 0, 0, 0, 0, 1, 0, 1, 0, 1, 1, 0, 2, 0, 0, 0, 0, 0, 0, 0, 2, 0, 0, 1, 0, 0, 1, 0, 0, 3, 0, 0, 1, 0, 3, 0, 0, 3, 0, 2, 0, 0, 2, 1, 0, 0, 0, 0, 0, 1, 0],855.0393744413956,51684.66824914086,111484.00316030454,false
18,G2_TEC,G2_TEC,[31, 22, 82, 15, 26, 9, 95, 42, 77, 68, 47, 5, 93, 78, 86, 54, 85, 63, 18, 44, 20, 49, 36, 14, 74, 50, 53, 25, 21, 28, 71, 64, 3, 23, 30, 83, 24, 41, 40, 52, 65, 27, 90, 70, 39, 87, 48, 69, 99, 4, 46, 1, 13, 58, 97, 59, 45, 8, 73, 37, 35, 79, 11, 66, 76, 32, 60, 80, 96, 6, 16, 61, 33, 7, 57, 34, 12, 67, 10, 98, 56, 88, 29, 75, 91, 38, 19, 92, 43, 84, 51, 72, 81, 17, 2, 55, 0, 62, 89, 94]|[2, 1, 2, 1, 1, 2, 1, 1, 1, 1, 1, 0, 2, 2, 1, 2, 0, 0, 0, 2, 2, 1, 0, 2, 0, 2, 2, 1, 0, 1, 1, 1, 0, 0, 1, 0, 2, 1, 2, 2, 0, 0, 1, 1, 0, 2, 0, 2, 1, 0, 0, 2, 0, 0, 2, 0, 1, 1, 0, 0, 2, 1, 0, 2, 2, 0, 2, 2, 0, 1, 2, 1, 1, 2, 0, 1, 1, 1, 1, 2, 2, 1, 1, 0, 1, 0, 1, 0, 1, 0, 1, 1, 1, 1, 2, 0, 0, 1, 1, 2]|[0, 3, 0, 3, 4, 1, 4, 4, 2, 4, 3, 2, 1, 0, 2, 1, 1, 1, 2, 1, 1, 3, 0, 1, 0, 1, 1, 4, 1, 4, 3, 2, 2, 0, 4, 1, 1, 4, 0, 1, 2, 1, 4, 4, 1, 1, 0, 2, 3, 1, 2, 1, 2, 1, 1, 2, 4, 3, 0, 2, 2, 3, 1, 0, 1, 2, 0, 1, 2, 4, 1, 3, 4, 1, 2, 4, 3, 3, 3, 1, 1, 4, 3, 2, 3, 2, 4, 2, 4, 2, 3, 4, 4, 4, 1, 2, 2, 3, 4, 1]|[0, 2, 0, 0, 3, 0, 1, 3, 0, 0, 2, 0, 1, 0, 1, 0, 0, 0, 1, 0, 0, 2, 0, 0, 1, 0, 0, 3, 0, 1, 0, 2, 0, 0, 3, 0, 1, 3, 0, 0, 0, 0, 1, 3, 0, 0, 1, 0, 2, 0, 0, 0, 0, 0, 1, 0, 1, 0, 1, 1, 0, 2, 0, 0, 0, 0, 0, 0, 0, 2, 0, 0, 1, 0, 0, 1, 0, 0, 3, 0, 0, 1, 0, 0, 0, 0, 3, 0, 2, 0, 0, 2, 1, 3, 0, 0, 0, 0, 1, 0],890.9074744783937,50765.917855663734,113588.58833646381,false
18,G3_TWC,G1_CMAX,[31, 22, 82, 15, 26, 9, 42, 95, 77, 12, 47, 5, 93, 78, 86, 54, 85, 63, 18, 44, 20, 35, 43, 97, 91, 76, 10, 30, 21, 45, 71, 64, 1, 23, 17, 83, 24, 14, 60, 36, 6, 57, 94, 88, 65, 56, 79, 40, 67, 68, 46, 75, 38, 58, 19, 32, 81, 41, 27, 62, 87, 90, 99, 59, 11, 16, 72, 73, 69, 39, 37, 84, 3, 92, 25, 55, 28, 29, 51, 7, 33, 61, 98, 66, 89, 50, 8, 96, 53, 80, 4, 48, 34, 2, 52, 13, 0, 70, 49, 74]|[1, 1, 0, 1, 1, 1, 2, 1, 2, 1, 2, 2, 2, 1, 1, 0, 0, 1, 0, 2, 2, 0, 1, 2, 0, 1, 2, 2, 0, 0, 1, 2, 1, 2, 1, 0, 2, 0, 1, 1, 0, 1, 1, 1, 0, 2, 1, 1, 0, 0, 0, 0, 1, 1, 2, 1, 2, 0, 0, 0, 2, 1, 0, 1, 2, 1, 2, 1, 1, 1, 1, 1, 1, 0, 1, 2, 0, 0, 0, 1, 2, 1, 0, 2, 1, 0, 1, 0, 0, 0, 0, 0, 2, 0, 1, 0, 0, 1, 0, 2]|[4, 3, 2, 2, 0, 0, 2, 2, 2, 4, 1, 1, 2, 4, 4, 1, 2, 4, 2, 1, 1, 1, 1, 2, 1, 2, 1, 1, 1, 1, 3, 2, 3, 0, 4, 0, 1, 1, 0, 3, 2, 2, 2, 0, 1, 1, 0, 4, 0, 1, 2, 2, 1, 4, 0, 3, 2, 1, 1, 2, 1, 3, 1, 1, 1, 3, 0, 4, 3, 1, 4, 1, 1, 0, 4, 1, 2, 1, 1, 3, 1, 3, 1, 1, 1, 1, 3, 1, 2, 1, 2, 1, 1, 2, 1, 2, 2, 3, 1, 1]|[0, 2, 1, 1, 3, 3, 0, 1, 0, 0, 0, 0, 1, 0, 1, 0, 0, 3, 1, 0, 0, 0, 3, 1, 0, 2, 0, 0, 0, 1, 0, 0, 0, 0, 3, 0, 1, 0, 0, 2, 1, 1, 1, 0, 0, 0, 0, 2, 1, 0, 0, 0, 1, 3, 0, 0, 1, 0, 0, 1, 0, 2, 0, 1, 0, 2, 1, 0, 0, 1, 1, 3, 1, 1, 3, 0, 1, 0, 0, 2, 0, 0, 0, 0, 1, 0, 2, 0, 1, 0, 1, 0, 0, 0, 1, 0, 0, 0, 1, 0],801.427594812029,57868.49349465401,91455.85780813712,true
18,G1_CMAX,G4_BALANCED,[31, 22, 82, 15, 26, 58, 95, 42, 77, 12, 47, 5, 93, 78, 86, 54, 85, 63, 18, 44, 20, 35, 43, 97, 91, 76, 10, 30, 21, 45, 71, 64, 1, 23, 17, 83, 24, 14, 60, 36, 6, 57, 40, 88, 65, 56, 79, 94, 67, 68, 46, 75, 38, 9, 19, 32, 81, 41, 27, 62, 87, 90, 99, 59, 11, 16, 72, 73, 70, 39, 37, 84, 3, 53, 25, 55, 28, 29, 51, 7, 33, 61, 98, 48, 89, 50, 66, 96, 92, 80, 8, 4, 34, 2, 52, 13, 0, 69, 74, 49]|[1, 1, 0, 1, 1, 0, 1, 2, 2, 1, 2, 2, 2, 1, 1, 0, 0, 1, 0, 2, 2, 0, 1, 2, 0, 1, 2, 2, 0, 0, 1, 2, 1, 2, 1, 0, 2, 0, 1, 1, 0, 1, 1, 1, 0, 2, 1, 1, 0, 0, 0, 0, 1, 1, 2, 1, 2, 0, 0, 0, 2, 1, 0, 1, 2, 1, 2, 1, 1, 1, 1, 1, 1, 0, 1, 1, 0, 0, 0, 1, 2, 1, 2, 0, 1, 0, 2, 0, 0, 0, 1, 0, 2, 0, 1, 0, 0, 1, 2, 0]|[4, 3, 2, 2, 4, 1, 2, 2, 2, 4, 1, 1, 2, 4, 4, 1, 2, 4, 2, 1, 1, 1, 1, 2, 1, 2, 1, 1, 1, 1, 3, 2, 3, 1, 4, 0, 1, 1, 0, 3, 2, 2, 2, 0, 1, 1, 0, 4, 0, 1, 2, 2, 1, 4, 0, 3, 2, 1, 1, 2, 1, 3, 1, 1, 1, 3, 0, 4, 3, 1, 4, 1, 1, 2, 4, 4, 2, 1, 1, 1, 1, 3, 1, 1, 1, 1, 1, 1, 2, 1, 3, 2, 1, 2, 1, 2, 2, 3, 1, 1]|[0, 2, 1, 1, 3, 0, 1, 0, 0, 0, 0, 0, 1, 0, 1, 0, 0, 3, 1, 0, 0, 0, 3, 1, 0, 2, 0, 0, 0, 1, 0, 0, 0, 0, 3, 0, 1, 0, 0, 2, 1, 1, 1, 0, 0, 0, 0, 2, 1, 0, 0, 0, 1, 3, 0, 0, 1, 0, 0, 1, 0, 2, 0, 1, 0, 2, 1, 0, 0, 1, 1, 3, 1, 1, 3, 3, 1, 0, 0, 2, 0, 0, 0, 0, 1, 0, 0, 0, 1, 0, 2, 1, 0, 0, 1, 0, 0, 0, 0, 1],799.0546721216066,57038.19937020626,92843.33792604652,true
18,G4_BALANCED,G4_BALANCED,[31, 11, 82, 15, 26, 9, 95, 42, 77, 68, 47, 5, 93, 78, 86, 54, 85, 63, 18, 44, 20, 49, 36, 14, 74, 50, 53, 17, 21, 45, 71, 64, 3, 23, 30, 83, 24, 41, 60, 52, 65, 27, 90, 70, 39, 87, 48, 69, 99, 4, 46, 1, 13, 58, 97, 59, 28, 75, 73, 37, 35, 79, 22, 66, 76, 32, 40, 80, 96, 6, 61, 16, 33, 7, 57, 34, 12, 67, 10, 98, 56, 88, 29, 25, 91, 38, 19, 92, 43, 84, 51, 72, 81, 8, 2, 55, 0, 62, 89, 94]|[2, 1, 2, 1, 1, 2, 1, 1, 1, 1, 1, 0, 2, 2, 1, 2, 0, 0, 0, 2, 2, 1, 0, 2, 0, 2, 2, 1, 0, 1, 1, 1, 0, 0, 1, 0, 2, 1, 2, 2, 0, 0, 1, 1, 0, 2, 0, 2, 1, 0, 0, 2, 0, 0, 2, 0, 1, 1, 0, 0, 2, 1, 0, 2, 2, 0, 2, 2, 0, 1, 1, 2, 1, 2, 0, 1, 1, 1, 1, 2, 2, 1, 1, 1, 1, 0, 1, 0, 1, 0, 1, 1, 1, 0, 2, 0, 0, 1, 1, 2]|[0, 3, 0, 2, 4, 1, 4, 4, 2, 4, 3, 2, 1, 0, 2, 1, 1, 1, 2, 1, 1, 3, 0, 1, 0, 1, 1, 4, 1, 4, 3, 2, 2, 0, 4, 1, 1, 4, 0, 1, 2, 1, 4, 4, 1, 1, 0, 2, 3, 1, 2, 1, 2, 1, 1, 2, 4, 3, 0, 2, 2, 3, 1, 0, 1, 2, 0, 1, 2, 4, 3, 1, 4, 1, 2, 4, 3, 3, 3, 1, 1, 4, 3, 4, 3, 2, 4, 2, 4, 2, 3, 4, 1, 2, 1, 2, 2, 3, 4, 1]|[0, 2, 0, 1, 3, 0, 1, 3, 0, 0, 2, 0, 1, 0, 1, 0, 0, 0, 1, 0, 0, 2, 0, 0, 1, 0, 0, 3, 0, 1, 0, 2, 0, 1, 3, 0, 1, 3, 0, 0, 0, 0, 1, 3, 0, 0, 1, 0, 2, 0, 0, 0, 0, 0, 1, 0, 1, 0, 1, 1, 0, 2, 0, 0, 0, 0, 0, 0, 0, 2, 0, 0, 1, 0, 0, 1, 0, 0, 3, 0, 0, 1, 0, 3, 0, 0, 3, 0, 2, 0, 0, 2, 1, 0, 0, 0, 0, 0, 1, 0],855.0393744413956,51684.66824914086,111484.00316030454,false
18,G2_TEC,G2_TEC,[31, 22, 82, 15, 26, 9, 95, 42, 77, 68, 47, 5, 93, 78, 86, 54, 85, 63, 18, 44, 20, 49, 36, 14, 74, 50, 53, 17, 21, 28, 71, 64, 3, 23, 30, 83, 24, 41, 60, 52, 65, 27, 90, 70, 39, 87, 48, 69, 99, 4, 46, 1, 13, 58, 97, 59, 45, 8, 73, 37, 35, 79, 11, 66, 76, 32, 40, 80, 96, 6, 16, 61, 33, 7, 57, 34, 12, 67, 10, 98, 56, 84, 29, 75, 91, 38, 19, 92, 43, 88, 51, 72, 81, 25, 2, 55, 0, 94, 89, 62]|[2, 1, 2, 1, 1, 2, 1, 1, 1, 1, 1, 0, 2, 2, 1, 2, 0, 0, 0, 2, 2, 1, 0, 2, 0, 2, 2, 1, 0, 1, 1, 1, 0, 0, 1, 0, 2, 1, 2, 2, 0, 0, 1, 1, 0, 2, 0, 2, 1, 0, 0, 2, 0, 0, 2, 0, 1, 1, 0, 0, 1, 1, 0, 2, 2, 0, 2, 2, 0, 1, 2, 1, 1, 2, 0, 1, 1, 1, 1, 2, 2, 0, 1, 0, 1, 0, 1, 0, 0, 1, 1, 1, 1, 1, 2, 0, 0, 1, 1, 1]|[0, 3, 0, 3, 4, 1, 4, 4, 2, 4, 3, 2, 1, 0, 2, 1, 1, 1, 2, 1, 1, 3, 0, 1, 0, 1, 1, 4, 1, 4, 3, 2, 2, 0, 4, 1, 1, 4, 0, 1, 2, 1, 4, 4, 1, 1, 0, 2, 3, 1, 2, 1, 2, 1, 1, 2, 4, 3, 0, 2, 3, 3, 1, 0, 1, 2, 0, 1, 2, 4, 1, 3, 4, 1, 2, 4, 3, 3, 3, 1, 1, 2, 3, 2, 3, 2, 4, 2, 2, 4, 3, 4, 4, 4, 1, 2, 2, 4, 4, 3]|[0, 2, 0, 0, 3, 0, 1, 3, 0, 0, 2, 0, 1, 0, 1, 0, 0, 0, 1, 0, 0, 2, 0, 0, 1, 0, 0, 3, 0, 1, 0, 2, 0, 0, 3, 0, 1, 3, 1, 0, 0, 0, 1, 3, 0, 0, 1, 0, 2, 0, 0, 0, 0, 0, 1, 0, 1, 0, 1, 1, 2, 2, 0, 0, 0, 0, 0, 0, 0, 2, 0, 0, 1, 0, 0, 1, 0, 0, 3, 0, 0, 0, 0, 0, 0, 0, 3, 0, 0, 1, 0, 2, 1, 3, 0, 0, 0, 2, 1, 0],910.7836613936767,50972.02203301419,110261.35342666096,false
18,G3_TWC,G1_CMAX,[31, 22, 82, 15, 26, 9, 42, 95, 77, 12, 47, 5, 93, 78, 86, 54, 85, 63, 18, 44, 20, 35, 43, 97, 91, 76, 10, 30, 21, 45, 71, 64, 1, 23, 17, 83, 24, 14, 60, 36, 6, 57, 94, 88, 65, 56, 79, 40, 67, 68, 46, 75, 38, 58, 19, 32, 81, 41, 27, 62, 87, 90, 99, 59, 11, 16, 72, 73, 69, 39, 37, 84, 3, 92, 25, 55, 28, 29, 51, 7, 33, 61, 98, 66, 89, 50, 8, 96, 53, 80, 4, 48, 34, 2, 52, 13, 0, 70, 49, 74]|[1, 1, 0, 1, 1, 1, 2, 1, 2, 1, 2, 2, 2, 1, 1, 0, 0, 1, 0, 2, 2, 0, 1, 2, 0, 1, 2, 2, 0, 0, 1, 2, 1, 2, 1, 0, 2, 0, 1, 1, 0, 1, 1, 1, 0, 2, 1, 1, 0, 0, 0, 0, 1, 1, 2, 1, 2, 0, 0, 0, 2, 1, 0, 1, 2, 1, 2, 1, 1, 1, 1, 1, 1, 0, 1, 2, 0, 0, 0, 1, 2, 1, 0, 2, 1, 0, 1, 0, 0, 0, 0, 0, 2, 0, 1, 0, 0, 1, 0, 2]|[4, 3, 2, 2, 0, 0, 2, 2, 2, 4, 1, 1, 2, 4, 4, 1, 2, 4, 2, 1, 1, 1, 1, 2, 1, 2, 1, 1, 1, 1, 3, 2, 3, 0, 4, 0, 1, 1, 0, 3, 2, 2, 2, 0, 1, 1, 0, 4, 0, 1, 2, 2, 1, 4, 0, 3, 2, 1, 1, 2, 1, 3, 1, 1, 1, 3, 0, 4, 3, 1, 4, 1, 1, 0, 4, 1, 2, 1, 1, 3, 1, 3, 1, 1, 1, 1, 3, 1, 2, 1, 2, 1, 1, 2, 1, 2, 2, 3, 1, 1]|[0, 2, 1, 1, 3, 3, 0, 1, 0, 0, 0, 0, 1, 0, 1, 0, 0, 3, 1, 0, 0, 0, 3, 1, 0, 2, 0, 0, 0, 1, 0, 0, 0, 0, 3, 0, 1, 0, 0, 2, 1, 1, 1, 0, 0, 0, 0, 2, 1, 0, 0, 0, 1, 3, 0, 0, 1, 0, 0, 1, 0, 2, 0, 1, 0, 2, 1, 0, 0, 1, 1, 3, 1, 1, 3, 0, 1, 0, 0, 2, 0, 0, 0, 0, 1, 0, 2, 0, 1, 0, 1, 0, 0, 0, 1, 0, 0, 0, 1, 0],801.427594812029,57868.49349465401,91455.85780813712,true
18,G1_CMAX,G4_BALANCED,[31, 22, 82, 15, 26, 9, 95, 42, 77, 68, 47, 5, 93, 78, 86, 54, 85, 63, 18, 44, 20, 49, 36, 14, 74, 50, 53, 17, 21, 28, 71, 64, 3, 23, 30, 83, 24, 41, 60, 52, 65, 27, 90, 70, 39, 87, 48, 69, 99, 4, 46, 1, 13, 58, 97, 59, 45, 8, 73, 37, 35, 40, 11, 66, 76, 32, 79, 80, 96, 6, 16, 61, 33, 7, 57, 34, 12, 67, 10, 98, 56, 88, 29, 25, 91, 38, 19, 92, 43, 84, 51, 72, 81, 75, 2, 55, 0, 62, 89, 94]|[2, 1, 2, 1, 1, 2, 1, 1, 1, 1, 1, 0, 2, 2, 1, 2, 0, 0, 0, 2, 2, 1, 0, 2, 0, 2, 2, 1, 0, 1, 1, 1, 0, 0, 1, 0, 2, 1, 2, 2, 0, 0, 1, 1, 0, 2, 0, 2, 1, 0, 0, 2, 0, 0, 2, 0, 1, 1, 0, 0, 2, 2, 0, 2, 2, 0, 1, 2, 0, 1, 2, 1, 1, 2, 0, 1, 1, 1, 1, 2, 2, 1, 1, 1, 1, 0, 1, 0, 1, 0, 1, 1, 1, 0, 2, 0, 0, 1, 1, 2]|[0, 3, 0, 3, 4, 1, 4, 4, 2, 4, 3, 2, 1, 0, 2, 1, 1, 1, 2, 1, 1, 3, 0, 1, 0, 1, 1, 4, 1, 4, 3, 2, 2, 0, 4, 1, 1, 4, 0, 1, 2, 1, 4, 4, 1, 1, 0, 2, 3, 1, 2, 1, 2, 1, 1, 2, 4, 3, 0, 2, 2, 0, 1, 0, 1, 2, 3, 1, 2, 4, 1, 3, 4, 1, 2, 4, 3, 3, 3, 1, 1, 4, 3, 4, 3, 2, 4, 2, 4, 2, 3, 4, 1, 2, 1, 2, 2, 3, 4, 1]|[0, 2, 0, 0, 3, 0, 1, 3, 0, 0, 2, 0, 1, 0, 1, 0, 0, 0, 1, 0, 0, 2, 0, 0, 1, 0, 0, 3, 0, 1, 0, 2, 0, 1, 3, 0, 1, 3, 1, 0, 0, 0, 1, 3, 0, 0, 1, 0, 2, 0, 0, 0, 0, 0, 1, 0, 1, 0, 1, 1, 0, 0, 0, 0, 0, 0, 2, 0, 0, 2, 0, 0, 1, 0, 0, 1, 0, 0, 3, 0, 0, 1, 0, 3, 0, 0, 3, 0, 2, 0, 0, 2, 1, 0, 0, 0, 0, 0, 1, 0],865.1682911866744,51566.998767914876,107163.30301675062,true
18,G4_BALANCED,G4_BALANCED,[31, 11, 82, 15, 26, 9, 95, 42, 77, 68, 47, 5, 93, 78, 86, 54, 85, 63, 18, 44, 20, 49, 36, 14, 74, 50, 53, 17, 21, 45, 71, 64, 3, 23, 30, 83, 24, 41, 60, 52, 65, 27, 90, 70, 39, 87, 48, 69, 99, 4, 46, 1, 13, 58, 97, 59, 28, 75, 73, 37, 35, 79, 22, 66, 76, 32, 40, 80, 96, 6, 61, 16, 33, 7, 57, 34, 12, 67, 10, 98, 56, 88, 29, 25, 91, 38, 19, 92, 43, 84, 51, 72, 81, 8, 2, 55, 0, 62, 89, 94]|[2, 1, 2, 1, 1, 2, 1, 1, 1, 1, 1, 0, 2, 2, 1, 2, 0, 0, 0, 2, 2, 1, 0, 2, 0, 2, 2, 1, 0, 1, 1, 1, 0, 0, 1, 0, 2, 1, 2, 2, 0, 0, 1, 1, 0, 2, 0, 2, 1, 0, 0, 2, 0, 0, 2, 0, 1, 1, 0, 0, 2, 1, 0, 2, 2, 0, 2, 2, 0, 1, 1, 2, 1, 2, 0, 1, 1, 1, 1, 2, 2, 1, 1, 1, 1, 0, 1, 0, 1, 0, 1, 1, 1, 0, 2, 0, 0, 1, 1, 2]|[0, 3, 0, 2, 4, 1, 4, 4, 2, 4, 3, 2, 1, 0, 2, 1, 1, 1, 2, 1, 1, 3, 0, 1, 0, 1, 1, 4, 1, 4, 3, 2, 2, 0, 4, 1, 1, 4, 0, 1, 2, 1, 4, 4, 1, 1, 0, 2, 3, 1, 2, 1, 2, 1, 1, 2, 4, 3, 0, 2, 2, 3, 1, 0, 1, 2, 0, 1, 2, 4, 3, 1, 4, 1, 2, 4, 3, 3, 3, 1, 1, 4, 3, 4, 3, 2, 4, 2, 4, 2, 3, 4, 1, 2, 1, 2, 2, 3, 4, 1]|[0, 2, 0, 1, 3, 0, 1, 3, 0, 0, 2, 0, 1, 0, 1, 0, 0, 0, 1, 0, 0, 2, 0, 0, 1, 0, 0, 3, 0, 1, 0, 2, 0, 1, 3, 0, 1, 3, 0, 0, 0, 0, 1, 3, 0, 0, 1, 0, 2, 0, 0, 0, 0, 0, 1, 0, 1, 0, 1, 1, 0, 2, 0, 0, 0, 0, 0, 0, 0, 2, 0, 0, 1, 0, 0, 1, 0, 0, 3, 0, 0, 1, 0, 3, 0, 0, 3, 0, 2, 0, 0, 2, 1, 0, 0, 0, 0, 0, 1, 0],855.0393744413956,51684.66824914086,111484.00316030454,false
18,G2_TEC,G4_BALANCED,[31, 22, 82, 15, 26, 58, 95, 42, 77, 12, 47, 5, 93, 78, 86, 54, 85, 63, 18, 44, 20, 35, 43, 97, 91, 76, 10, 30, 21, 45, 71, 64, 1, 23, 17, 83, 24, 14, 60, 36, 6, 57, 40, 88, 65, 56, 79, 94, 67, 68, 46, 75, 38, 9, 19, 32, 81, 41, 27, 62, 87, 90, 99, 59, 11, 16, 0, 73, 70, 39, 37, 84, 3, 92, 25, 55, 28, 29, 51, 7, 66, 61, 98, 48, 89, 80, 4, 96, 53, 50, 8, 33, 34, 2, 52, 13, 72, 69, 74, 49]|[1, 1, 0, 1, 1, 0, 1, 2, 2, 1, 2, 2, 2, 1, 1, 0, 0, 1, 0, 2, 2, 0, 1, 2, 0, 1, 2, 2, 0, 0, 1, 2, 1, 2, 1, 0, 2, 0, 1, 1, 0, 1, 1, 1, 0, 2, 1, 1, 0, 0, 0, 0, 1, 1, 2, 1, 2, 2, 0, 2, 2, 1, 0, 1, 2, 1, 0, 1, 1, 1, 1, 1, 1, 0, 1, 2, 0, 0, 0, 1, 0, 1, 2, 0, 1, 0, 1, 2, 0, 0, 1, 0, 2, 0, 2, 0, 2, 1, 2, 0]|[4, 3, 2, 2, 4, 1, 2, 2, 2, 4, 1, 1, 2, 4, 4, 1, 2, 4, 2, 1, 1, 1, 1, 2, 1, 2, 1, 1, 1, 1, 3, 2, 3, 1, 4, 0, 1, 1, 0, 3, 2, 2, 2, 0, 1, 1, 0, 4, 0, 1, 2, 1, 1, 4, 0, 3, 2, 1, 2, 1, 1, 3, 1, 1, 1, 3, 2, 4, 3, 1, 4, 1, 1, 0, 4, 1, 2, 1, 1, 3, 1, 3, 1, 1, 1, 1, 4, 1, 2, 2, 3, 2, 1, 2, 1, 2, 1, 4, 1, 1]|[0, 2, 1, 1, 3, 0, 1, 0, 0, 0, 0, 0, 1, 0, 1, 0, 0, 3, 1, 0, 0, 0, 3, 1, 0, 2, 0, 0, 0, 1, 0, 0, 0, 0, 3, 0, 1, 0, 0, 2, 1, 1, 1, 0, 0, 0, 0, 2, 1, 0, 0, 0, 1, 3, 0, 0, 1, 0, 1, 0, 0, 2, 0, 1, 0, 2, 0, 0, 0, 1, 1, 3, 1, 1, 3, 0, 1, 0, 0, 2, 0, 0, 0, 0, 1, 0, 0, 0, 1, 0, 2, 1, 0, 0, 0, 0, 0, 2, 0, 0],851.8335363109354,55353.9634671171,100216.85097072976,true
18,G3_TWC,G1_CMAX,[31, 22, 82, 15, 26, 9, 42, 95, 77, 12, 47, 5, 93, 78, 86, 54, 85, 63, 18, 44, 20, 35, 43, 97, 91, 76, 10, 30, 21, 45, 71, 64, 1, 23, 17, 83, 24, 14, 60, 36, 6, 57, 94, 88, 65, 56, 79, 40, 67, 68, 46, 75, 38, 58, 19, 32, 81, 41, 27, 62, 87, 90, 99, 59, 11, 16, 72, 73, 69, 39, 37, 84, 3, 92, 25, 55, 28, 29, 51, 7, 33, 61, 98, 66, 89, 50, 8, 96, 53, 80, 4, 48, 34, 2, 52, 13, 0, 70, 49, 74]|[1, 1, 0, 1, 1, 1, 2, 1, 2, 1, 2, 2, 2, 1, 1, 0, 0, 1, 0, 2, 2, 0, 1, 2, 0, 1, 2, 2, 0, 0, 1, 2, 1, 2, 1, 0, 2, 0, 1, 1, 0, 1, 1, 1, 0, 2, 1, 1, 0, 0, 0, 0, 1, 1, 2, 1, 2, 0, 0, 0, 2, 1, 0, 1, 2, 1, 2, 1, 1, 1, 1, 1, 1, 0, 1, 2, 0, 0, 0, 1, 2, 1, 0, 2, 1, 0, 1, 0, 0, 0, 0, 0, 2, 0, 1, 0, 0, 1, 0, 2]|[4, 3, 2, 2, 0, 0, 2, 2, 2, 4, 1, 1, 2, 4, 4, 1, 2, 4, 2, 1, 1, 1, 1, 2, 1, 2, 1, 1, 1, 1, 3, 2, 3, 0, 4, 0, 1, 1, 0, 3, 2, 2, 2, 0, 1, 1, 0, 4, 0, 1, 2, 2, 1, 4, 0, 3, 2, 1, 1, 2, 1, 3, 1, 1, 1, 3, 0, 4, 3, 1, 4, 1, 1, 0, 4, 1, 2, 1, 1, 3, 1, 3, 1, 1, 1, 1, 3, 1, 2, 1, 2, 1, 1, 2, 1, 2, 2, 3, 1, 1]|[0, 2, 1, 1, 3, 3, 0, 1, 0, 0, 0, 0, 1, 0, 1, 0, 0, 3, 1, 0, 0, 0, 3, 1, 0, 2, 0, 0, 0, 1, 0, 0, 0, 0, 3, 0, 1, 0, 0, 2, 1, 1, 1, 0, 0, 0, 0, 2, 1, 0, 0, 0, 1, 3, 0, 0, 1, 0, 0, 1, 0, 2, 0, 1, 0, 2, 1, 0, 0, 1, 1, 3, 1, 1, 3, 0, 1, 0, 0, 2, 0, 0, 0, 0, 1, 0, 2, 0, 1, 0, 1, 0, 0, 0, 1, 0, 0, 0, 1, 0],801.427594812029,57868.49349465401,91455.85780813712,true
18,G1_CMAX,G1_CMAX,[31, 22, 82, 15, 26, 9, 42, 77, 12, 5, 47, 93, 78, 86, 54, 6, 63, 18, 44, 20, 35, 43, 97, 91, 76, 10, 30, 21, 45, 17, 23, 1, 71, 83, 24, 14, 60, 36, 85, 57, 40, 95, 88, 65, 56, 79, 94, 67, 68, 46, 75, 38, 58, 19, 32, 81, 41, 62, 87, 28, 90, 59, 11, 16, 72, 73, 69, 52, 37, 64, 84, 3, 25, 29, 55, 51, 7, 98, 61, 66, 99, 33, 89, 48, 50, 96, 53, 80, 4, 8, 27, 2, 39, 13, 0, 92, 49, 74, 34, 70]|[1, 1, 0, 1, 1, 1, 2, 2, 1, 2, 2, 1, 1, 1, 0, 0, 1, 0, 2, 2, 0, 1, 2, 2, 1, 2, 2, 0, 0, 1, 2, 1, 1, 0, 2, 0, 1, 1, 0, 1, 1, 1, 1, 0, 2, 1, 1, 0, 0, 0, 0, 1, 1, 2, 1, 2, 0, 0, 2, 0, 1, 2, 2, 1, 2, 1, 1, 1, 1, 1, 1, 2, 1, 0, 2, 0, 1, 2, 1, 0, 0, 2, 1, 0, 0, 2, 0, 0, 1, 1, 0, 0, 1, 0, 0, 0, 0, 2, 2, 1]|[0, 3, 1, 2, 0, 0, 1, 1, 4, 1, 1, 4, 4, 4, 2, 2, 4, 2, 1, 1, 1, 1, 2, 1, 2, 1, 1, 1, 1, 4, 0, 3, 3, 0, 1, 1, 0, 3, 2, 2, 2, 2, 0, 1, 1, 0, 4, 0, 1, 2, 2, 1, 4, 0, 3, 2, 1, 2, 1, 2, 3, 1, 1, 3, 0, 4, 4, 1, 4, 3, 1, 2, 4, 1, 1, 1, 1, 1, 3, 1, 1, 1, 1, 1, 1, 1, 2, 1, 4, 3, 2, 2, 1, 2, 2, 0, 1, 1, 1, 4]|[1, 1, 1, 1, 3, 3, 0, 0, 0, 0, 0, 2, 0, 1, 0, 0, 3, 1, 0, 0, 0, 3, 1, 0, 2, 0, 0, 0, 1, 3, 0, 0, 0, 0, 1, 0, 0, 2, 1, 1, 1, 1, 0, 0, 0, 0, 2, 1, 0, 0, 0, 1, 3, 0, 0, 1, 0, 1, 0, 1, 2, 0, 0, 2, 1, 0, 2, 1, 1, 0, 3, 1, 3, 0, 0, 0, 2, 0, 0, 0, 0, 0, 1, 0, 0, 0, 1, 0, 0, 2, 1, 0, 1, 0, 0, 1, 1, 0, 0, 2],733.3116759547878,58140.55643565909,96674.14109675489,false
18,G4_BALANCED,G4_BALANCED,[31, 11, 82, 15, 26, 9, 95, 42, 77, 68, 47, 5, 93, 78, 86, 54, 85, 63, 18, 44, 20, 49, 36, 14, 74, 50, 53, 17, 21, 45, 71, 64, 3, 23, 30, 83, 24, 41, 60, 52, 65, 27, 90, 70, 39, 87, 48, 69, 99, 4, 46, 1, 13, 58, 97, 59, 28, 75, 73, 37, 35, 79, 22, 66, 76, 32, 40, 80, 96, 6, 61, 16, 33, 7, 57, 34, 12, 67, 10, 98, 56, 88, 29, 25, 91, 38, 19, 92, 43, 84, 51, 72, 81, 8, 2, 55, 0, 62, 89, 94]|[2, 1, 2, 1, 1, 2, 1, 1, 1, 1, 1, 0, 2, 2, 1, 2, 0, 0, 0, 2, 2, 1, 0, 2, 0, 2, 2, 1, 0, 1, 1, 1, 0, 0, 1, 0, 2, 1, 2, 2, 0, 0, 1, 1, 0, 2, 0, 2, 1, 0, 0, 2, 0, 0, 2, 0, 1, 1, 0, 0, 2, 1, 0, 2, 2, 0, 2, 2, 0, 1, 1, 2, 1, 2, 0, 1, 1, 1, 1, 2, 2, 1, 1, 1, 1, 0, 1, 0, 1, 0, 1, 1, 1, 0, 2, 0, 0, 1, 1, 2]|[0, 3, 0, 2, 4, 1, 4, 4, 2, 4, 3, 2, 1, 0, 2, 1, 1, 1, 2, 1, 1, 3, 0, 1, 0, 1, 1, 4, 1, 4, 3, 2, 2, 0, 4, 1, 1, 4, 0, 1, 2, 1, 4, 4, 1, 1, 0, 2, 3, 1, 2, 1, 2, 1, 1, 2, 4, 3, 0, 2, 2, 3, 1, 0, 1, 2, 0, 1, 2, 4, 3, 1, 4, 1, 2, 4, 3, 3, 3, 1, 1, 4, 3, 4, 3, 2, 4, 2, 4, 2, 3, 4, 1, 2, 1, 2, 2, 3, 4, 1]|[0, 2, 0, 1, 3, 0, 1, 3, 0, 0, 2, 0, 1, 0, 1, 0, 0, 0, 1, 0, 0, 2, 0, 0, 1, 0, 0, 3, 0, 1, 0, 2, 0, 1, 3, 0, 1, 3, 0, 0, 0, 0, 1, 3, 0, 0, 1, 0, 2, 0, 0, 0, 0, 0, 1, 0, 1, 0, 1, 1, 0, 2, 0, 0, 0, 0, 0, 0, 0, 2, 0, 0, 1, 0, 0, 1, 0, 0, 3, 0, 0, 1, 0, 3, 0, 0, 3, 0, 2, 0, 0, 2, 1, 0, 0, 0, 0, 0, 1, 0],855.0393744413956,51684.66824914086,111484.00316030454,false
18,G2_TEC,G4_BALANCED,[31, 22, 82, 15, 26, 58, 95, 42, 77, 12, 47, 5, 93, 78, 86, 54, 85, 63, 18, 44, 20, 35, 43, 97, 91, 76, 10, 30, 21, 45, 71, 64, 1, 23, 17, 83, 24, 14, 60, 36, 6, 57, 40, 88, 65, 56, 79, 94, 67, 68, 46, 75, 38, 9, 19, 32, 81, 41, 27, 62, 87, 90, 99, 59, 11, 16, 0, 73, 70, 39, 37, 84, 3, 92, 25, 55, 28, 29, 51, 7, 66, 61, 98, 48, 89, 80, 4, 96, 53, 50, 8, 33, 34, 2, 52, 13, 72, 69, 74, 49]|[1, 1, 0, 1, 1, 0, 1, 2, 2, 1, 2, 2, 2, 1, 1, 0, 0, 1, 0, 2, 2, 0, 1, 2, 0, 1, 2, 2, 0, 0, 1, 2, 1, 2, 1, 0, 2, 0, 1, 1, 0, 1, 1, 1, 0, 2, 1, 1, 0, 0, 0, 0, 1, 1, 2, 1, 2, 2, 0, 2, 2, 1, 0, 1, 2, 1, 0, 1, 1, 1, 1, 1, 1, 0, 1, 2, 0, 0, 0, 1, 0, 1, 2, 0, 1, 0, 1, 2, 0, 0, 1, 0, 2, 0, 2, 0, 2, 1, 2, 0]|[4, 3, 2, 2, 4, 1, 2, 2, 2, 4, 1, 1, 2, 4, 4, 1, 2, 4, 2, 1, 1, 1, 1, 2, 1, 2, 1, 1, 1, 1, 3, 2, 3, 1, 4, 0, 1, 1, 0, 3, 2, 2, 2, 0, 1, 1, 0, 4, 0, 1, 2, 1, 1, 4, 0, 3, 2, 1, 2, 1, 1, 3, 1, 1, 1, 3, 2, 4, 3, 1, 4, 1, 1, 0, 4, 1, 2, 1, 1, 3, 1, 3, 1, 1, 1, 1, 4, 1, 2, 2, 3, 2, 1, 2, 1, 2, 1, 4, 1, 1]|[0, 2, 1, 1, 3, 0, 1, 0, 0, 0, 0, 0, 1, 0, 1, 0, 0, 3, 1, 0, 0, 0, 3, 1, 0, 2, 0, 0, 0, 1, 0, 0, 0, 0, 3, 0, 1, 0, 0, 2, 1, 1, 1, 0, 0, 0, 0, 2, 1, 0, 0, 0, 1, 3, 0, 0, 1, 0, 1, 0, 0, 2, 0, 1, 0, 2, 0, 0, 0, 1, 1, 3, 1, 1, 3, 0, 1, 0, 0, 2, 0, 0, 0, 0, 1, 0, 0, 0, 1, 0, 2, 1, 0, 0, 0, 0, 0, 2, 0, 0],851.8335363109354,55353.9634671171,100216.85097072976,true
18,G3_TWC,G1_CMAX,[31, 22, 82, 15, 26, 9, 42, 95, 77, 12, 47, 5, 93, 78, 86, 54, 85, 63, 18, 44, 20, 35, 43, 97, 91, 76, 10, 30, 21, 45, 71, 64, 1, 23, 17, 83, 24, 14, 60, 36, 6, 57, 94, 88, 65, 56, 79, 40, 67, 68, 46, 75, 38, 58, 19, 32, 81, 41, 27, 62, 87, 90, 99, 59, 11, 16, 72, 73, 69, 39, 37, 84, 3, 92, 25, 55, 28, 29, 51, 7, 33, 61, 98, 66, 89, 50, 8, 96, 53, 80, 4, 48, 34, 2, 52, 13, 0, 70, 49, 74]|[1, 1, 0, 1, 1, 1, 2, 1, 2, 1, 2, 2, 2, 1, 1, 0, 0, 1, 0, 2, 2, 0, 1, 2, 0, 1, 2, 2, 0, 0, 1, 2, 1, 2, 1, 0, 2, 0, 1, 1, 0, 1, 1, 1, 0, 2, 1, 1, 0, 0, 0, 0, 1, 1, 2, 1, 2, 0, 0, 0, 2, 1, 0, 1, 2, 1, 2, 1, 1, 1, 1, 1, 1, 0, 1, 2, 0, 0, 0, 1, 2, 1, 0, 2, 1, 0, 1, 0, 0, 0, 0, 0, 2, 0, 1, 0, 0, 1, 0, 2]|[4, 3, 2, 2, 0, 0, 2, 2, 2, 4, 1, 1, 2, 4, 4, 1, 2, 4, 2, 1, 1, 1, 1, 2, 1, 2, 1, 1, 1, 1, 3, 2, 3, 0, 4, 0, 1, 1, 0, 3, 2, 2, 2, 0, 1, 1, 0, 4, 0, 1, 2, 2, 1, 4, 0, 3, 2, 1, 1, 2, 1, 3, 1, 1, 1, 3, 0, 4, 3, 1, 4, 1, 1, 0, 4, 1, 2, 1, 1, 3, 1, 3, 1, 1, 1, 1, 3, 1, 2, 1, 2, 1, 1, 2, 1, 2, 2, 3, 1, 1]|[0, 2, 1, 1, 3, 3, 0, 1, 0, 0, 0, 0, 1, 0, 1, 0, 0, 3, 1, 0, 0, 0, 3, 1, 0, 2, 0, 0, 0, 1, 0, 0, 0, 0, 3, 0, 1, 0, 0, 2, 1, 1, 1, 0, 0, 0, 0, 2, 1, 0, 0, 0, 1, 3, 0, 0, 1, 0, 0, 1, 0, 2, 0, 1, 0, 2, 1, 0, 0, 1, 1, 3, 1, 1, 3, 0, 1, 0, 0, 2, 0, 0, 0, 0, 1, 0, 2, 0, 1, 0, 1, 0, 0, 0, 1, 0, 0, 0, 1, 0],801.427594812029,57868.49349465401,91455.85780813712,true
18,G1_CMAX,G1_CMAX,[31, 22, 82, 15, 26, 9, 42, 77, 12, 5, 47, 93, 78, 86, 54, 6, 63, 18, 44, 20, 35, 43, 97, 91, 76, 10, 30, 21, 45, 17, 23, 1, 71, 83, 24, 14, 60, 36, 85, 57, 40, 95, 88, 65, 56, 79, 94, 67, 68, 46, 75, 38, 58, 19, 32, 81, 41, 62, 87, 28, 90, 59, 11, 16, 72, 73, 69, 52, 37, 64, 84, 3, 25, 29, 55, 51, 7, 98, 61, 66, 99, 33, 89, 48, 50, 96, 53, 80, 4, 8, 27, 2, 39, 13, 0, 92, 49, 74, 34, 70]|[1, 1, 0, 1, 1, 1, 2, 2, 1, 2, 2, 1, 1, 1, 0, 0, 1, 0, 2, 2, 0, 1, 2, 2, 1, 2, 2, 0, 0, 1, 2, 1, 1, 0, 2, 0, 1, 1, 0, 1, 1, 1, 1, 0, 2, 1, 1, 0, 0, 0, 0, 1, 1, 2, 1, 2, 0, 0, 2, 0, 1, 2, 2, 1, 2, 1, 1, 1, 1, 1, 1, 2, 1, 0, 2, 0, 1, 2, 1, 0, 0, 2, 1, 0, 0, 2, 0, 0, 1, 1, 0, 0, 1, 0, 0, 0, 0, 2, 2, 1]|[0, 3, 1, 2, 0, 0, 1, 1, 4, 1, 1, 4, 4, 4, 2, 2, 4, 2, 1, 1, 1, 1, 2, 1, 2, 1, 1, 1, 1, 4, 0, 3, 3, 0, 1, 1, 0, 3, 2, 2, 2, 2, 0, 1, 1, 0, 4, 0, 1, 2, 2, 1, 4, 0, 3, 2, 1, 2, 1, 2, 3, 1, 1, 3, 0, 4, 4, 1, 4, 3, 1, 2, 4, 1, 1, 1, 1, 1, 3, 1, 1, 1, 1, 1, 1, 1, 2, 1, 4, 3, 2, 2, 1, 2, 2, 0, 1, 1, 1, 4]|[1, 1, 1, 1, 3, 3, 0, 0, 0, 0, 0, 2, 0, 1, 0, 0, 3, 1, 0, 0, 0, 3, 1, 0, 2, 0, 0, 0, 1, 3, 0, 0, 0, 0, 1, 0, 0, 2, 1, 1, 1, 1, 0, 0, 0, 0, 2, 1, 0, 0, 0, 1, 3, 0, 0, 1, 0, 1, 0, 1, 2, 0, 0, 2, 1, 0, 2, 1, 1, 0, 3, 1, 3, 0, 0, 0, 2, 0, 0, 0, 0, 0, 1, 0, 0, 0, 1, 0, 0, 2, 1, 0, 1, 0, 0, 1, 1, 0, 0, 2],733.3116759547878,58140.55643565909,96674.14109675489,false
18,G4_BALANCED,G4_BALANCED,[31, 11, 82, 15, 26, 9, 95, 42, 77, 68, 47, 5, 93, 78, 86, 54, 85, 63, 18, 44, 20, 49, 36, 14, 74, 50, 53, 17, 21, 45, 71, 64, 3, 23, 30, 83, 24, 41, 60, 52, 65, 27, 90, 70, 39, 87, 48, 69, 99, 4, 46, 1, 13, 58, 97, 59, 28, 75, 73, 37, 35, 79, 22, 66, 76, 32, 40, 80, 96, 6, 61, 16, 33, 7, 57, 34, 12, 67, 10, 98, 56, 88, 29, 25, 91, 38, 19, 92, 43, 84, 51, 72, 81, 8, 2, 55, 0, 62, 89, 94]|[2, 1, 2, 1, 1, 2, 1, 1, 1, 1, 1, 0, 2, 2, 1, 2, 0, 0, 0, 2, 2, 1, 0, 2, 0, 2, 2, 1, 0, 1, 1, 1, 0, 0, 1, 0, 2, 1, 2, 2, 0, 0, 1, 1, 0, 2, 0, 2, 1, 0, 0, 2, 0, 0, 2, 0, 1, 1, 0, 0, 2, 1, 0, 2, 2, 0, 2, 2, 0, 1, 1, 2, 1, 2, 0, 1, 1, 1, 1, 2, 2, 1, 1, 1, 1, 0, 1, 0, 1, 0, 1, 1, 1, 0, 2, 0, 0, 1, 1, 2]|[0, 3, 0, 2, 4, 1, 4, 4, 2, 4, 3, 2, 1, 0, 2, 1, 1, 1, 2, 1, 1, 3, 0, 1, 0, 1, 1, 4, 1, 4, 3, 2, 2, 0, 4, 1, 1, 4, 0, 1, 2, 1, 4, 4, 1, 1, 0, 2, 3, 1, 2, 1, 2, 1, 1, 2, 4, 3, 0, 2, 2, 3, 1, 0, 1, 2, 0, 1, 2, 4, 3, 1, 4, 1, 2, 4, 3, 3, 3, 1, 1, 4, 3, 4, 3, 2, 4, 2, 4, 2, 3, 4, 1, 2, 1, 2, 2, 3, 4, 1]|[0, 2, 0, 1, 3, 0, 1, 3, 0, 0, 2, 0, 1, 0, 1, 0, 0, 0, 1, 0, 0, 2, 0, 0, 1, 0, 0, 3, 0, 1, 0, 2, 0, 1, 3, 0, 1, 3, 0, 0, 0, 0, 1, 3, 0, 0, 1, 0, 2, 0, 0, 0, 0, 0, 1, 0, 1, 0, 1, 1, 0, 2, 0, 0, 0, 0, 0, 0, 0, 2, 0, 0, 1, 0, 0, 1, 0, 0, 3, 0, 0, 1, 0, 3, 0, 0, 3, 0, 2, 0, 0, 2, 1, 0, 0, 0, 0, 0, 1, 0],855.0393744413956,51684.66824914086,111484.00316030454,false
18,G2_TEC,G2_TEC,[31, 22, 82, 15, 26, 9, 95, 42, 77, 68, 47, 5, 93, 78, 86, 54, 85, 63, 18, 44, 20, 49, 36, 14, 74, 50, 53, 25, 21, 28, 71, 64, 3, 23, 30, 83, 24, 41, 40, 52, 65, 27, 90, 70, 39, 87, 48, 69, 99, 4, 46, 1, 13, 58, 97, 59, 45, 8, 73, 37, 35, 79, 11, 66, 76, 32, 60, 80, 96, 6, 16, 61, 33, 7, 57, 34, 12, 67, 10, 98, 56, 88, 29, 75, 91, 38, 19, 92, 43, 84, 51, 72, 81, 17, 2, 55, 0, 62, 89, 94]|[2, 1, 2, 1, 1, 2, 1, 1, 1, 1, 1, 0, 2, 2, 1, 2, 0, 0, 0, 2, 2, 1, 0, 2, 0, 2, 2, 1, 0, 1, 1, 1, 0, 0, 1, 0, 2, 1, 2, 2, 0, 0, 1, 1, 0, 2, 0, 2, 1, 0, 0, 2, 0, 0, 2, 0, 1, 1, 0, 0, 2, 1, 0, 2, 2, 0, 2, 2, 0, 1, 2, 1, 1, 2, 0, 1, 1, 1, 1, 2, 2, 1, 1, 0, 1, 0, 1, 0, 1, 0, 1, 1, 1, 1, 2, 0, 0, 1, 1, 2]|[0, 3, 0, 3, 4, 1, 4, 4, 2, 4, 3, 2, 1, 0, 2, 1, 1, 1, 2, 1, 1, 3, 0, 1, 0, 1, 1, 4, 1, 4, 3, 2, 2, 0, 4, 1, 1, 4, 0, 1, 2, 1, 4, 4, 1, 1, 0, 2, 3, 1, 2, 1, 2, 1, 1, 2, 4, 3, 0, 2, 2, 3, 1, 0, 1, 2, 0, 1, 2, 4, 1, 3, 4, 1, 2, 4, 3, 3, 3, 1, 1, 4, 3, 2, 3, 2, 4, 2, 4, 2, 3, 4, 4, 4, 1, 2, 2, 3, 4, 1]|[0, 2, 0, 0, 3, 0, 1, 3, 0, 0, 2, 0, 1, 0, 1, 0, 0, 0, 1, 0, 0, 2, 0, 0, 1, 0, 0, 3, 0, 1, 0, 2, 0, 0, 3, 0, 1, 3, 0, 0, 0, 0, 1, 3, 0, 0, 1, 0, 2, 0, 0, 0, 0, 0, 1, 0, 1, 0, 1, 1, 0, 2, 0, 0, 0, 0, 0, 0, 0, 2, 0, 0, 1, 0, 0, 1, 0, 0, 3, 0, 0, 1, 0, 0, 0, 0, 3, 0, 2, 0, 0, 2, 1, 3, 0, 0, 0, 0, 1, 0],890.9074744783937,50765.917855663734,113588.58833646381,false
18,G3_TWC,G1_CMAX,[31, 22, 82, 15, 26, 9, 42, 95, 77, 12, 47, 5, 93, 78, 86, 54, 85, 63, 18, 44, 20, 35, 43, 97, 91, 76, 10, 30, 21, 45, 71, 64, 1, 23, 17, 83, 24, 14, 60, 36, 6, 57, 94, 88, 65, 56, 79, 40, 67, 68, 46, 75, 38, 58, 19, 32, 81, 41, 27, 62, 87, 90, 99, 59, 11, 16, 72, 73, 69, 39, 37, 84, 3, 92, 25, 55, 28, 29, 51, 7, 33, 61, 98, 66, 89, 50, 8, 96, 53, 80, 4, 48, 34, 2, 52, 13, 0, 70, 49, 74]|[1, 1, 0, 1, 1, 1, 2, 1, 2, 1, 2, 2, 2, 1, 1, 0, 0, 1, 0, 2, 2, 0, 1, 2, 0, 1, 2, 2, 0, 0, 1, 2, 1, 2, 1, 0, 2, 0, 1, 1, 0, 1, 1, 1, 0, 2, 1, 1, 0, 0, 0, 0, 1, 1, 2, 1, 2, 0, 0, 0, 2, 1, 0, 1, 2, 1, 2, 1, 1, 1, 1, 1, 1, 0, 1, 2, 0, 0, 0, 1, 2, 1, 0, 2, 1, 0, 1, 0, 0, 0, 0, 0, 2, 0, 1, 0, 0, 1, 0, 2]|[4, 3, 2, 2, 0, 0, 2, 2, 2, 4, 1, 1, 2, 4, 4, 1, 2, 4, 2, 1, 1, 1, 1, 2, 1, 2, 1, 1, 1, 1, 3, 2, 3, 0, 4, 0, 1, 1, 0, 3, 2, 2, 2, 0, 1, 1, 0, 4, 0, 1, 2, 2, 1, 4, 0, 3, 2, 1, 1, 2, 1, 3, 1, 1, 1, 3, 0, 4, 3, 1, 4, 1, 1, 0, 4, 1, 2, 1, 1, 3, 1, 3, 1, 1, 1, 1, 3, 1, 2, 1, 2, 1, 1, 2, 1, 2, 2, 3, 1, 1]|[0, 2, 1, 1, 3, 3, 0, 1, 0, 0, 0, 0, 1, 0, 1, 0, 0, 3, 1, 0, 0, 0, 3, 1, 0, 2, 0, 0, 0, 1, 0, 0, 0, 0, 3, 0, 1, 0, 0, 2, 1, 1, 1, 0, 0, 0, 0, 2, 1, 0, 0, 0, 1, 3, 0, 0, 1, 0, 0, 1, 0, 2, 0, 1, 0, 2, 1, 0, 0, 1, 1, 3, 1, 1, 3, 0, 1, 0, 0, 2, 0, 0, 0, 0, 1, 0, 2, 0, 1, 0, 1, 0, 0, 0, 1, 0, 0, 0, 1, 0],801.427594812029,57868.49349465401,91455.85780813712,true
18,G1_CMAX,G1_CMAX,[31, 22, 82, 15, 26, 9, 42, 77, 12, 5, 47, 93, 78, 86, 54, 6, 63, 18, 44, 20, 35, 43, 97, 91, 76, 10, 30, 21, 45, 17, 23, 1, 71, 83, 24, 14, 60, 36, 85, 57, 40, 95, 88, 65, 56, 79, 94, 67, 68, 46, 75, 38, 58, 19, 32, 81, 41, 62, 87, 28, 90, 59, 11, 16, 72, 73, 69, 52, 37, 64, 84, 3, 25, 29, 55, 51, 7, 98, 61, 66, 99, 33, 89, 48, 50, 96, 53, 80, 4, 8, 27, 2, 39, 13, 0, 92, 49, 74, 34, 70]|[1, 1, 0, 1, 1, 1, 2, 2, 1, 2, 2, 1, 1, 1, 0, 0, 1, 0, 2, 2, 0, 1, 2, 2, 1, 2, 2, 0, 0, 1, 2, 1, 1, 0, 2, 0, 1, 1, 0, 1, 1, 1, 1, 0, 2, 1, 1, 0, 0, 0, 0, 1, 1, 2, 1, 2, 0, 0, 2, 0, 1, 2, 2, 1, 2, 1, 1, 1, 1, 1, 1, 2, 1, 0, 2, 0, 1, 2, 1, 0, 0, 2, 1, 0, 0, 2, 0, 0, 1, 1, 0, 0, 1, 0, 0, 0, 0, 2, 2, 1]|[0, 3, 1, 2, 0, 0, 1, 1, 4, 1, 1, 4, 4, 4, 2, 2, 4, 2, 1, 1, 1, 1, 2, 1, 2, 1, 1, 1, 1, 4, 0, 3, 3, 0, 1, 1, 0, 3, 2, 2, 2, 2, 0, 1, 1, 0, 4, 0, 1, 2, 2, 1, 4, 0, 3, 2, 1, 2, 1, 2, 3, 1, 1, 3, 0, 4, 4, 1, 4, 3, 1, 2, 4, 1, 1, 1, 1, 1, 3, 1, 1, 1, 1, 1, 1, 1, 2, 1, 4, 3, 2, 2, 1, 2, 2, 0, 1, 1, 1, 4]|[1, 1, 1, 1, 3, 3, 0, 0, 0, 0, 0, 2, 0, 1, 0, 0, 3, 1, 0, 0, 0, 3, 1, 0, 2, 0, 0, 0, 1, 3, 0, 0, 0, 0, 1, 0, 0, 2, 1, 1, 1, 1, 0, 0, 0, 0, 2, 1, 0, 0, 0, 1, 3, 0, 0, 1, 0, 1, 0, 1, 2, 0, 0, 2, 1, 0, 2, 1, 1, 0, 3, 1, 3, 0, 0, 0, 2, 0, 0, 0, 0, 0, 1, 0, 0, 0, 1, 0, 0, 2, 1, 0, 1, 0, 0, 1, 1, 0, 0, 2],733.3116759547878,58140.55643565909,96674.14109675489,false
18,G4_BALANCED,G4_BALANCED,[31, 11, 82, 15, 26, 9, 95, 42, 77, 68, 47, 5, 93, 78, 86, 54, 85, 63, 18, 44, 20, 49, 36, 14, 74, 50, 53, 17, 21, 45, 71, 64, 3, 23, 30, 83, 24, 41, 60, 52, 65, 27, 90, 70, 39, 87, 48, 69, 99, 4, 46, 1, 13, 58, 97, 59, 28, 75, 73, 37, 35, 79, 22, 66, 76, 32, 40, 80, 96, 6, 61, 16, 33, 7, 57, 34, 12, 67, 10, 98, 56, 88, 29, 25, 91, 38, 19, 92, 43, 84, 51, 72, 81, 8, 2, 55, 0, 62, 89, 94]|[2, 1, 2, 1, 1, 2, 1, 1, 1, 1, 1, 0, 2, 2, 1, 2, 0, 0, 0, 2, 2, 1, 0, 2, 0, 2, 2, 1, 0, 1, 1, 1, 0, 0, 1, 0, 2, 1, 2, 2, 0, 0, 1, 1, 0, 2, 0, 2, 1, 0, 0, 2, 0, 0, 2, 0, 1, 1, 0, 0, 2, 1, 0, 2, 2, 0, 2, 2, 0, 1, 1, 2, 1, 2, 0, 1, 1, 1, 1, 2, 2, 1, 1, 1, 1, 0, 1, 0, 1, 0, 1, 1, 1, 0, 2, 0, 0, 1, 1, 2]|[0, 3, 0, 2, 4, 1, 4, 4, 2, 4, 3, 2, 1, 0, 2, 1, 1, 1, 2, 1, 1, 3, 0, 1, 0, 1, 1, 4, 1, 4, 3, 2, 2, 0, 4, 1, 1, 4, 0, 1, 2, 1, 4, 4, 1, 1, 0, 2, 3, 1, 2, 1, 2, 1, 1, 2, 4, 3, 0, 2, 2, 3, 1, 0, 1, 2, 0, 1, 2, 4, 3, 1, 4, 1, 2, 4, 3, 3, 3, 1, 1, 4, 3, 4, 3, 2, 4, 2, 4, 2, 3, 4, 1, 2, 1, 2, 2, 3, 4, 1]|[0, 2, 0, 1, 3, 0, 1, 3, 0, 0, 2, 0, 1, 0, 1, 0, 0, 0, 1, 0, 0, 2, 0, 0, 1, 0, 0, 3, 0, 1, 0, 2, 0, 1, 3, 0, 1, 3, 0, 0, 0, 0, 1, 3, 0, 0, 1, 0, 2, 0, 0, 0, 0, 0, 1, 0, 1, 0, 1, 1, 0, 2, 0, 0, 0, 0, 0, 0, 0, 2, 0, 0, 1, 0, 0, 1, 0, 0, 3, 0, 0, 1, 0, 3, 0, 0, 3, 0, 2, 0, 0, 2, 1, 0, 0, 0, 0, 0, 1, 0],855.0393744413956,51684.66824914086,111484.00316030454,false
18,G2_TEC,G2_TEC,[31, 22, 82, 15, 26, 9, 95, 42, 77, 68, 47, 5, 93, 78, 86, 54, 85, 63, 18, 44, 20, 49, 36, 14, 74, 50, 53, 25, 21, 28, 71, 64, 3, 23, 30, 83, 24, 41, 40, 52, 65, 27, 90, 70, 39, 87, 48, 69, 99, 4, 46, 1, 13, 58, 97, 59, 45, 8, 73, 37, 35, 79, 11, 66, 76, 32, 60, 80, 96, 6, 16, 61, 33, 7, 57, 34, 12, 67, 10, 98, 56, 88, 29, 75, 91, 38, 19, 92, 43, 84, 51, 72, 81, 17, 2, 55, 0, 62, 89, 94]|[2, 1, 2, 1, 1, 2, 1, 1, 1, 1, 1, 0, 2, 2, 1, 2, 0, 0, 0, 2, 2, 1, 0, 2, 0, 2, 2, 1, 0, 1, 1, 1, 0, 0, 1, 0, 2, 1, 2, 2, 0, 0, 1, 1, 0, 2, 0, 2, 1, 0, 0, 2, 0, 0, 2, 0, 1, 1, 0, 0, 2, 1, 0, 2, 2, 0, 2, 2, 0, 1, 2, 1, 1, 2, 0, 1, 1, 1, 1, 2, 2, 1, 1, 0, 1, 0, 1, 0, 1, 0, 1, 1, 1, 1, 2, 0, 0, 1, 1, 2]|[0, 3, 0, 3, 4, 1, 4, 4, 2, 4, 3, 2, 1, 0, 2, 1, 1, 1, 2, 1, 1, 3, 0, 1, 0, 1, 1, 4, 1, 4, 3, 2, 2, 0, 4, 1, 1, 4, 0, 1, 2, 1, 4, 4, 1, 1, 0, 2, 3, 1, 2, 1, 2, 1, 1, 2, 4, 3, 0, 2, 2, 3, 1, 0, 1, 2, 0, 1, 2, 4, 1, 3, 4, 1, 2, 4, 3, 3, 3, 1, 1, 4, 3, 2, 3, 2, 4, 2, 4, 2, 3, 4, 4, 4, 1, 2, 2, 3, 4, 1]|[0, 2, 0, 0, 3, 0, 1, 3, 0, 0, 2, 0, 1, 0, 1, 0, 0, 0, 1, 0, 0, 2, 0, 0, 1, 0, 0, 3, 0, 1, 0, 2, 0, 0, 3, 0, 1, 3, 0, 0, 0, 0, 1, 3, 0, 0, 1, 0, 2, 0, 0, 0, 0, 0, 1, 0, 1, 0, 1, 1, 0, 2, 0, 0, 0, 0, 0, 0, 0, 2, 0, 0, 1, 0, 0, 1, 0, 0, 3, 0, 0, 1, 0, 0, 0, 0, 3, 0, 2, 0, 0, 2, 1, 3, 0, 0, 0, 0, 1, 0],890.9074744783937,50765.917855663734,113588.58833646381,false
18,G3_TWC,G1_CMAX,[31, 22, 82, 15, 26, 9, 42, 95, 77, 12, 47, 5, 93, 78, 86, 54, 85, 63, 18, 44, 20, 35, 43, 97, 91, 76, 10, 30, 21, 45, 71, 64, 1, 23, 17, 83, 24, 14, 60, 36, 6, 57, 94, 88, 65, 56, 79, 40, 67, 68, 46, 75, 38, 58, 19, 32, 81, 41, 27, 62, 87, 90, 99, 59, 11, 16, 72, 73, 69, 39, 37, 84, 3, 92, 25, 55, 28, 29, 51, 7, 33, 61, 98, 66, 89, 50, 8, 96, 53, 80, 4, 48, 34, 2, 52, 13, 0, 70, 49, 74]|[1, 1, 0, 1, 1, 1, 2, 1, 2, 1, 2, 2, 2, 1, 1, 0, 0, 1, 0, 2, 2, 0, 1, 2, 0, 1, 2, 2, 0, 0, 1, 2, 1, 2, 1, 0, 2, 0, 1, 1, 0, 1, 1, 1, 0, 2, 1, 1, 0, 0, 0, 0, 1, 1, 2, 1, 2, 0, 0, 0, 2, 1, 0, 1, 2, 1, 2, 1, 1, 1, 1, 1, 1, 0, 1, 2, 0, 0, 0, 1, 2, 1, 0, 2, 1, 0, 1, 0, 0, 0, 0, 0, 2, 0, 1, 0, 0, 1, 0, 2]|[4, 3, 2, 2, 0, 0, 2, 2, 2, 4, 1, 1, 2, 4, 4, 1, 2, 4, 2, 1, 1, 1, 1, 2, 1, 2, 1, 1, 1, 1, 3, 2, 3, 0, 4, 0, 1, 1, 0, 3, 2, 2, 2, 0, 1, 1, 0, 4, 0, 1, 2, 2, 1, 4, 0, 3, 2, 1, 1, 2, 1, 3, 1, 1, 1, 3, 0, 4, 3, 1, 4, 1, 1, 0, 4, 1, 2, 1, 1, 3, 1, 3, 1, 1, 1, 1, 3, 1, 2, 1, 2, 1, 1, 2, 1, 2, 2, 3, 1, 1]|[0, 2, 1, 1, 3, 3, 0, 1, 0, 0, 0, 0, 1, 0, 1, 0, 0, 3, 1, 0, 0, 0, 3, 1, 0, 2, 0, 0, 0, 1, 0, 0, 0, 0, 3, 0, 1, 0, 0, 2, 1, 1, 1, 0, 0, 0, 0, 2, 1, 0, 0, 0, 1, 3, 0, 0, 1, 0, 0, 1, 0, 2, 0, 1, 0, 2, 1, 0, 0, 1, 1, 3, 1, 1, 3, 0, 1, 0, 0, 2, 0, 0, 0, 0, 1, 0, 2, 0, 1, 0, 1, 0, 0, 0, 1, 0, 0, 0, 1, 0],801.427594812029,57868.49349465401,91455.85780813712,true
18,G1_CMAX,G1_CMAX,[31, 22, 82, 15, 26, 9, 42, 77, 12, 5, 47, 93, 78, 86, 54, 6, 63, 18, 44, 20, 35, 43, 97, 91, 76, 10, 30, 21, 45, 17, 23, 1, 71, 83, 24, 14, 60, 36, 85, 57, 40, 95, 88, 65, 56, 79, 94, 67, 68, 46, 75, 38, 58, 19, 32, 81, 41, 62, 87, 28, 90, 59, 11, 16, 72, 73, 69, 52, 37, 64, 84, 3, 25, 29, 55, 51, 7, 98, 61, 66, 99, 33, 89, 48, 50, 96, 53, 80, 4, 8, 27, 2, 39, 13, 0, 92, 49, 74, 34, 70]|[1, 1, 0, 1, 1, 1, 2, 2, 1, 2, 2, 1, 1, 1, 0, 0, 1, 0, 2, 2, 0, 1, 2, 2, 1, 2, 2, 0, 0, 1, 2, 1, 1, 0, 2, 0, 1, 1, 0, 1, 1, 1, 1, 0, 2, 1, 1, 0, 0, 0, 0, 1, 1, 2, 1, 2, 0, 0, 2, 0, 1, 2, 2, 1, 2, 1, 1, 1, 1, 1, 1, 2, 1, 0, 2, 0, 1, 2, 1, 0, 0, 2, 1, 0, 0, 2, 0, 0, 1, 1, 0, 0, 1, 0, 0, 0, 0, 2, 2, 1]|[0, 3, 1, 2, 0, 0, 1, 1, 4, 1, 1, 4, 4, 4, 2, 2, 4, 2, 1, 1, 1, 1, 2, 1, 2, 1, 1, 1, 1, 4, 0, 3, 3, 0, 1, 1, 0, 3, 2, 2, 2, 2, 0, 1, 1, 0, 4, 0, 1, 2, 2, 1, 4, 0, 3, 2, 1, 2, 1, 2, 3, 1, 1, 3, 0, 4, 4, 1, 4, 3, 1, 2, 4, 1, 1, 1, 1, 1, 3, 1, 1, 1, 1, 1, 1, 1, 2, 1, 4, 3, 2, 2, 1, 2, 2, 0, 1, 1, 1, 4]|[1, 1, 1, 1, 3, 3, 0, 0, 0, 0, 0, 2, 0, 1, 0, 0, 3, 1, 0, 0, 0, 3, 1, 0, 2, 0, 0, 0, 1, 3, 0, 0, 0, 0, 1, 0, 0, 2, 1, 1, 1, 1, 0, 0, 0, 0, 2, 1, 0, 0, 0, 1, 3, 0, 0, 1, 0, 1, 0, 1, 2, 0, 0, 2, 1, 0, 2, 1, 1, 0, 3, 1, 3, 0, 0, 0, 2, 0, 0, 0, 0, 0, 1, 0, 0, 0, 1, 0, 0, 2, 1, 0, 1, 0, 0, 1, 1, 0, 0, 2],733.3116759547878,58140.55643565909,96674.14109675489,false
18,G4_BALANCED,G4_BALANCED,[31, 11, 82, 15, 26, 9, 95, 42, 77, 68, 47, 5, 93, 78, 86, 54, 85, 63, 18, 44, 20, 49, 36, 14, 74, 50, 53, 17, 21, 45, 71, 64, 3, 23, 30, 83, 24, 41, 60, 52, 65, 27, 90, 70, 39, 87, 48, 69, 99, 4, 46, 1, 13, 58, 97, 59, 28, 75, 73, 37, 35, 79, 22, 66, 76, 32, 40, 80, 96, 6, 61, 16, 33, 7, 57, 34, 12, 67, 10, 98, 56, 88, 29, 25, 91, 38, 19, 92, 43, 84, 51, 72, 81, 8, 2, 55, 0, 62, 89, 94]|[2, 1, 2, 1, 1, 2, 1, 1, 1, 1, 1, 0, 2, 2, 1, 2, 0, 0, 0, 2, 2, 1, 0, 2, 0, 2, 2, 1, 0, 1, 1, 1, 0, 0, 1, 0, 2, 1, 2, 2, 0, 0, 1, 1, 0, 2, 0, 2, 1, 0, 0, 2, 0, 0, 2, 0, 1, 1, 0, 0, 2, 1, 0, 2, 2, 0, 2, 2, 0, 1, 1, 2, 1, 2, 0, 1, 1, 1, 1, 2, 2, 1, 1, 1, 1, 0, 1, 0, 1, 0, 1, 1, 1, 0, 2, 0, 0, 1, 1, 2]|[0, 3, 0, 2, 4, 1, 4, 4, 2, 4, 3, 2, 1, 0, 2, 1, 1, 1, 2, 1, 1, 3, 0, 1, 0, 1, 1, 4, 1, 4, 3, 2, 2, 0, 4, 1, 1, 4, 0, 1, 2, 1, 4, 4, 1, 1, 0, 2, 3, 1, 2, 1, 2, 1, 1, 2, 4, 3, 0, 2, 2, 3, 1, 0, 1, 2, 0, 1, 2, 4, 3, 1, 4, 1, 2, 4, 3, 3, 3, 1, 1, 4, 3, 4, 3, 2, 4, 2, 4, 2, 3, 4, 1, 2, 1, 2, 2, 3, 4, 1]|[0, 2, 0, 1, 3, 0, 1, 3, 0, 0, 2, 0, 1, 0, 1, 0, 0, 0, 1, 0, 0, 2, 0, 0, 1, 0, 0, 3, 0, 1, 0, 2, 0, 1, 3, 0, 1, 3, 0, 0, 0, 0, 1, 3, 0, 0, 1, 0, 2, 0, 0, 0, 0, 0, 1, 0, 1, 0, 1, 1, 0, 2, 0, 0, 0, 0, 0, 0, 0, 2, 0, 0, 1, 0, 0, 1, 0, 0, 3, 0, 0, 1, 0, 3, 0, 0, 3, 0, 2, 0, 0, 2, 1, 0, 0, 0, 0, 0, 1, 0],855.0393744413956,51684.66824914086,111484.00316030454,false
18,G2_TEC,G2_TEC,[31, 22, 82, 15, 26, 9, 95, 42, 77, 68, 47, 5, 93, 78, 86, 54, 85, 63, 18, 44, 20, 49, 36, 14, 74, 50, 53, 25, 21, 28, 71, 64, 3, 23, 30, 83, 24, 41, 40, 52, 65, 27, 90, 70, 39, 87, 48, 69, 99, 4, 46, 1, 13, 58, 97, 59, 45, 8, 73, 37, 35, 79, 11, 66, 76, 32, 60, 80, 96, 6, 16, 61, 33, 7, 57, 34, 12, 67, 10, 98, 56, 88, 29, 75, 91, 38, 19, 92, 43, 84, 51, 72, 81, 17, 2, 55, 0, 62, 89, 94]|[2, 1, 2, 1, 1, 2, 1, 1, 1, 1, 1, 0, 2, 2, 1, 2, 0, 0, 0, 2, 2, 1, 0, 2, 0, 2, 2, 1, 0, 1, 1, 1, 0, 0, 1, 0, 2, 1, 2, 2, 0, 0, 1, 1, 0, 2, 0, 2, 1, 0, 0, 2, 0, 0, 2, 0, 1, 1, 0, 0, 2, 1, 0, 2, 2, 0, 2, 2, 0, 1, 2, 1, 1, 2, 0, 1, 1, 1, 1, 2, 2, 1, 1, 0, 1, 0, 1, 0, 1, 0, 1, 1, 1, 1, 2, 0, 0, 1, 1, 2]|[0, 3, 0, 3, 4, 1, 4, 4, 2, 4, 3, 2, 1, 0, 2, 1, 1, 1, 2, 1, 1, 3, 0, 1, 0, 1, 1, 4, 1, 4, 3, 2, 2, 0, 4, 1, 1, 4, 0, 1, 2, 1, 4, 4, 1, 1, 0, 2, 3, 1, 2, 1, 2, 1, 1, 2, 4, 3, 0, 2, 2, 3, 1, 0, 1, 2, 0, 1, 2, 4, 1, 3, 4, 1, 2, 4, 3, 3, 3, 1, 1, 4, 3, 2, 3, 2, 4, 2, 4, 2, 3, 4, 4, 4, 1, 2, 2, 3, 4, 1]|[0, 2, 0, 0, 3, 0, 1, 3, 0, 0, 2, 0, 1, 0, 1, 0, 0, 0, 1, 0, 0, 2, 0, 0, 1, 0, 0, 3, 0, 1, 0, 2, 0, 0, 3, 0, 1, 3, 0, 0, 0, 0, 1, 3, 0, 0, 1, 0, 2, 0, 0, 0, 0, 0, 1, 0, 1, 0, 1, 1, 0, 2, 0, 0, 0, 0, 0, 0, 0, 2, 0, 0, 1, 0, 0, 1, 0, 0, 3, 0, 0, 1, 0, 0, 0, 0, 3, 0, 2, 0, 0, 2, 1, 3, 0, 0, 0, 0, 1, 0],890.9074744783937,50765.917855663734,113588.58833646381,false
18,G3_TWC,G1_CMAX,[31, 22, 82, 15, 26, 9, 42, 95, 77, 12, 47, 5, 93, 78, 86, 54, 85, 63, 18, 44, 20, 35, 43, 97, 91, 76, 10, 30, 21, 45, 71, 64, 1, 23, 17, 83, 24, 14, 60, 36, 6, 57, 94, 88, 65, 56, 79, 40, 67, 68, 46, 75, 38, 58, 19, 32, 81, 41, 27, 62, 87, 90, 99, 59, 11, 16, 72, 73, 69, 39, 37, 84, 3, 92, 25, 55, 28, 29, 51, 7, 33, 61, 98, 66, 89, 50, 8, 96, 53, 80, 4, 48, 34, 2, 52, 13, 0, 70, 49, 74]|[1, 1, 0, 1, 1, 1, 2, 1, 2, 1, 2, 2, 2, 1, 1, 0, 0, 1, 0, 2, 2, 0, 1, 2, 0, 1, 2, 2, 0, 0, 1, 2, 1, 2, 1, 0, 2, 0, 1, 1, 0, 1, 1, 1, 0, 2, 1, 1, 0, 0, 0, 0, 1, 1, 2, 1, 2, 0, 0, 0, 2, 1, 0, 1, 2, 1, 2, 1, 1, 1, 1, 1, 1, 0, 1, 2, 0, 0, 0, 1, 2, 1, 0, 2, 1, 0, 1, 0, 0, 0, 0, 0, 2, 0, 1, 0, 0, 1, 0, 2]|[4, 3, 2, 2, 0, 0, 2, 2, 2, 4, 1, 1, 2, 4, 4, 1, 2, 4, 2, 1, 1, 1, 1, 2, 1, 2, 1, 1, 1, 1, 3, 2, 3, 0, 4, 0, 1, 1, 0, 3, 2, 2, 2, 0, 1, 1, 0, 4, 0, 1, 2, 2, 1, 4, 0, 3, 2, 1, 1, 2, 1, 3, 1, 1, 1, 3, 0, 4, 3, 1, 4, 1, 1, 0, 4, 1, 2, 1, 1, 3, 1, 3, 1, 1, 1, 1, 3, 1, 2, 1, 2, 1, 1, 2, 1, 2, 2, 3, 1, 1]|[0, 2, 1, 1, 3, 3, 0, 1, 0, 0, 0, 0, 1, 0, 1, 0, 0, 3, 1, 0, 0, 0, 3, 1, 0, 2, 0, 0, 0, 1, 0, 0, 0, 0, 3, 0, 1, 0, 0, 2, 1, 1, 1, 0, 0, 0, 0, 2, 1, 0, 0, 0, 1, 3, 0, 0, 1, 0, 0, 1, 0, 2, 0, 1, 0, 2, 1, 0, 0, 1, 1, 3, 1, 1, 3, 0, 1, 0, 0, 2, 0, 0, 0, 0, 1, 0, 2, 0, 1, 0, 1, 0, 0, 0, 1, 0, 0, 0, 1, 0],801.427594812029,57868.49349465401,91455.85780813712,true
18,G1_CMAX,G1_CMAX,[31, 22, 82, 15, 26, 9, 42, 77, 12, 5, 47, 93, 78, 86, 54, 6, 63, 18, 44, 20, 35, 43, 97, 91, 76, 10, 30, 21, 45, 17, 23, 1, 71, 83, 24, 14, 60, 36, 85, 57, 40, 95, 88, 65, 56, 79, 94, 67, 68, 46, 75, 38, 58, 19, 32, 81, 41, 62, 87, 28, 90, 59, 11, 16, 72, 73, 69, 52, 37, 64, 84, 3, 25, 29, 55, 51, 7, 98, 61, 66, 99, 33, 89, 48, 50, 96, 53, 80, 4, 8, 27, 2, 39, 13, 0, 92, 49, 74, 34, 70]|[1, 1, 0, 1, 1, 1, 2, 2, 1, 2, 2, 1, 1, 1, 0, 0, 1, 0, 2, 2, 0, 1, 2, 2, 1, 2, 2, 0, 0, 1, 2, 1, 1, 0, 2, 0, 1, 1, 0, 1, 1, 1, 1, 0, 2, 1, 1, 0, 0, 0, 0, 1, 1, 2, 1, 2, 0, 0, 2, 0, 1, 2, 2, 1, 2, 1, 1, 1, 1, 1, 1, 2, 1, 0, 2, 0, 1, 2, 1, 0, 0, 2, 1, 0, 0, 2, 0, 0, 1, 1, 0, 0, 1, 0, 0, 0, 0, 2, 2, 1]|[0, 3, 1, 2, 0, 0, 1, 1, 4, 1, 1, 4, 4, 4, 2, 2, 4, 2, 1, 1, 1, 1, 2, 1, 2, 1, 1, 1, 1, 4, 0, 3, 3, 0, 1, 1, 0, 3, 2, 2, 2, 2, 0, 1, 1, 0, 4, 0, 1, 2, 2, 1, 4, 0, 3, 2, 1, 2, 1, 2, 3, 1, 1, 3, 0, 4, 4, 1, 4, 3, 1, 2, 4, 1, 1, 1, 1, 1, 3, 1, 1, 1, 1, 1, 1, 1, 2, 1, 4, 3, 2, 2, 1, 2, 2, 0, 1, 1, 1, 4]|[1, 1, 1, 1, 3, 3, 0, 0, 0, 0, 0, 2, 0, 1, 0, 0, 3, 1, 0, 0, 0, 3, 1, 0, 2, 0, 0, 0, 1, 3, 0, 0, 0, 0, 1, 0, 0, 2, 1, 1, 1, 1, 0, 0, 0, 0, 2, 1, 0, 0, 0, 1, 3, 0, 0, 1, 0, 1, 0, 1, 2, 0, 0, 2, 1, 0, 2, 1, 1, 0, 3, 1, 3, 0, 0, 0, 2, 0, 0, 0, 0, 0, 1, 0, 0, 0, 1, 0, 0, 2, 1, 0, 1, 0, 0, 1, 1, 0, 0, 2],733.3116759547878,58140.55643565909,96674.14109675489,false
18,G4_BALANCED,G4_BALANCED,[31, 11, 82, 15, 26, 9, 95, 42, 77, 68, 47, 5, 93, 78, 86, 54, 85, 63, 18, 44, 20, 49, 36, 14, 74, 50, 53, 17, 21, 45, 71, 64, 3, 23, 30, 83, 24, 41, 60, 52, 65, 27, 90, 70, 39, 87, 48, 69, 99, 4, 46, 1, 13, 58, 97, 59, 28, 75, 73, 37, 35, 79, 22, 66, 76, 32, 40, 80, 96, 6, 61, 16, 33, 7, 57, 34, 12, 67, 10, 98, 56, 88, 29, 25, 91, 38, 19, 92, 43, 84, 51, 72, 81, 8, 2, 55, 0, 62, 89, 94]|[2, 1, 2, 1, 1, 2, 1, 1, 1, 1, 1, 0, 2, 2, 1, 2, 0, 0, 0, 2, 2, 1, 0, 2, 0, 2, 2, 1, 0, 1, 1, 1, 0, 0, 1, 0, 2, 1, 2, 2, 0, 0, 1, 1, 0, 2, 0, 2, 1, 0, 0, 2, 0, 0, 2, 0, 1, 1, 0, 0, 2, 1, 0, 2, 2, 0, 2, 2, 0, 1, 1, 2, 1, 2, 0, 1, 1, 1, 1, 2, 2, 1, 1, 1, 1, 0, 1, 0, 1, 0, 1, 1, 1, 0, 2, 0, 0, 1, 1, 2]|[0, 3, 0, 2, 4, 1, 4, 4, 2, 4, 3, 2, 1, 0, 2, 1, 1, 1, 2, 1, 1, 3, 0, 1, 0, 1, 1, 4, 1, 4, 3, 2, 2, 0, 4, 1, 1, 4, 0, 1, 2, 1, 4, 4, 1, 1, 0, 2, 3, 1, 2, 1, 2, 1, 1, 2, 4, 3, 0, 2, 2, 3, 1, 0, 1, 2, 0, 1, 2, 4, 3, 1, 4, 1, 2, 4, 3, 3, 3, 1, 1, 4, 3, 4, 3, 2, 4, 2, 4, 2, 3, 4, 1, 2, 1, 2, 2, 3, 4, 1]|[0, 2, 0, 1, 3, 0, 1, 3, 0, 0, 2, 0, 1, 0, 1, 0, 0, 0, 1, 0, 0, 2, 0, 0, 1, 0, 0, 3, 0, 1, 0, 2, 0, 1, 3, 0, 1, 3, 0, 0, 0, 0, 1, 3, 0, 0, 1, 0, 2, 0, 0, 0, 0, 0, 1, 0, 1, 0, 1, 1, 0, 2, 0, 0, 0, 0, 0, 0, 0, 2, 0, 0, 1, 0, 0, 1, 0, 0, 3, 0, 0, 1, 0, 3, 0, 0, 3, 0, 2, 0, 0, 2, 1, 0, 0, 0, 0, 0, 1, 0],855.0393744413956,51684.66824914086,111484.00316030454,false
18,G2_TEC,G2_TEC,[31, 22, 82, 15, 26, 9, 95, 42, 77, 68, 47, 5, 93, 78, 86, 54, 85, 63, 18, 44, 20, 49, 36, 14, 74, 50, 53, 25, 21, 28, 71, 64, 3, 23, 30, 83, 24, 41, 40, 52, 65, 27, 90, 70, 39, 87, 48, 69, 99, 4, 46, 1, 13, 58, 97, 59, 45, 8, 73, 37, 35, 79, 11, 66, 76, 32, 60, 80, 96, 6, 16, 61, 33, 7, 57, 34, 12, 67, 10, 98, 56, 88, 29, 75, 91, 38, 19, 92, 43, 84, 51, 72, 81, 17, 2, 55, 0, 62, 89, 94]|[2, 1, 2, 1, 1, 2, 1, 1, 1, 1, 1, 0, 2, 2, 1, 2, 0, 0, 0, 2, 2, 1, 0, 2, 0, 2, 2, 1, 0, 1, 1, 1, 0, 0, 1, 0, 2, 1, 2, 2, 0, 0, 1, 1, 0, 2, 0, 2, 1, 0, 0, 2, 0, 0, 2, 0, 1, 1, 0, 0, 2, 1, 0, 2, 2, 0, 2, 2, 0, 1, 2, 1, 1, 2, 0, 1, 1, 1, 1, 2, 2, 1, 1, 0, 1, 0, 1, 0, 1, 0, 1, 1, 1, 1, 2, 0, 0, 1, 1, 2]|[0, 3, 0, 3, 4, 1, 4, 4, 2, 4, 3, 2, 1, 0, 2, 1, 1, 1, 2, 1, 1, 3, 0, 1, 0, 1, 1, 4, 1, 4, 3, 2, 2, 0, 4, 1, 1, 4, 0, 1, 2, 1, 4, 4, 1, 1, 0, 2, 3, 1, 2, 1, 2, 1, 1, 2, 4, 3, 0, 2, 2, 3, 1, 0, 1, 2, 0, 1, 2, 4, 1, 3, 4, 1, 2, 4, 3, 3, 3, 1, 1, 4, 3, 2, 3, 2, 4, 2, 4, 2, 3, 4, 4, 4, 1, 2, 2, 3, 4, 1]|[0, 2, 0, 0, 3, 0, 1, 3, 0, 0, 2, 0, 1, 0, 1, 0, 0, 0, 1, 0, 0, 2, 0, 0, 1, 0, 0, 3, 0, 1, 0, 2, 0, 0, 3, 0, 1, 3, 0, 0, 0, 0, 1, 3, 0, 0, 1, 0, 2, 0, 0, 0, 0, 0, 1, 0, 1, 0, 1, 1, 0, 2, 0, 0, 0, 0, 0, 0, 0, 2, 0, 0, 1, 0, 0, 1, 0, 0, 3, 0, 0, 1, 0, 0, 0, 0, 3, 0, 2, 0, 0, 2, 1, 3, 0, 0, 0, 0, 1, 0],890.9074744783937,50765.917855663734,113588.58833646381,false
18,G3_TWC,G1_CMAX,[31, 22, 82, 15, 26, 9, 42, 95, 77, 12, 47, 5, 93, 78, 86, 54, 85, 63, 18, 44, 20, 35, 43, 97, 91, 76, 10, 30, 21, 45, 71, 64, 1, 23, 17, 83, 24, 14, 60, 36, 6, 57, 94, 88, 65, 56, 79, 40, 67, 68, 46, 75, 38, 58, 19, 32, 81, 41, 27, 62, 87, 90, 99, 59, 11, 16, 72, 73, 69, 39, 37, 84, 3, 92, 25, 55, 28, 29, 51, 7, 33, 61, 98, 66, 89, 50, 8, 96, 53, 80, 4, 48, 34, 2, 52, 13, 0, 70, 49, 74]|[1, 1, 0, 1, 1, 1, 2, 1, 2, 1, 2, 2, 2, 1, 1, 0, 0, 1, 0, 2, 2, 0, 1, 2, 0, 1, 2, 2, 0, 0, 1, 2, 1, 2, 1, 0, 2, 0, 1, 1, 0, 1, 1, 1, 0, 2, 1, 1, 0, 0, 0, 0, 1, 1, 2, 1, 2, 0, 0, 0, 2, 1, 0, 1, 2, 1, 2, 1, 1, 1, 1, 1, 1, 0, 1, 2, 0, 0, 0, 1, 2, 1, 0, 2, 1, 0, 1, 0, 0, 0, 0, 0, 2, 0, 1, 0, 0, 1, 0, 2]|[4, 3, 2, 2, 0, 0, 2, 2, 2, 4, 1, 1, 2, 4, 4, 1, 2, 4, 2, 1, 1, 1, 1, 2, 1, 2, 1, 1, 1, 1, 3, 2, 3, 0, 4, 0, 1, 1, 0, 3, 2, 2, 2, 0, 1, 1, 0, 4, 0, 1, 2, 2, 1, 4, 0, 3, 2, 1, 1, 2, 1, 3, 1, 1, 1, 3, 0, 4, 3, 1, 4, 1, 1, 0, 4, 1, 2, 1, 1, 3, 1, 3, 1, 1, 1, 1, 3, 1, 2, 1, 2, 1, 1, 2, 1, 2, 2, 3, 1, 1]|[0, 2, 1, 1, 3, 3, 0, 1, 0, 0, 0, 0, 1, 0, 1, 0, 0, 3, 1, 0, 0, 0, 3, 1, 0, 2, 0, 0, 0, 1, 0, 0, 0, 0, 3, 0, 1, 0, 0, 2, 1, 1, 1, 0, 0, 0, 0, 2, 1, 0, 0, 0, 1, 3, 0, 0, 1, 0, 0, 1, 0, 2, 0, 1, 0, 2, 1, 0, 0, 1, 1, 3, 1, 1, 3, 0, 1, 0, 0, 2, 0, 0, 0, 0, 1, 0, 2, 0, 1, 0, 1, 0, 0, 0, 1, 0, 0, 0, 1, 0],801.427594812029,57868.49349465401,91455.85780813712,true
18,G1_CMAX,G1_CMAX,[31, 22, 82, 15, 26, 9, 42, 77, 12, 5, 47, 93, 78, 86, 54, 6, 63, 18, 44, 20, 35, 43, 97, 91, 76, 10, 30, 21, 45, 17, 23, 1, 71, 83, 24, 14, 60, 36, 85, 57, 40, 95, 88, 65, 56, 79, 94, 67, 68, 46, 75, 38, 58, 19, 32, 81, 41, 62, 87, 28, 90, 59, 11, 16, 72, 73, 69, 52, 37, 64, 84, 3, 25, 29, 55, 51, 7, 98, 61, 66, 99, 33, 89, 48, 50, 96, 53, 80, 4, 8, 27, 2, 39, 13, 0, 92, 49, 74, 34, 70]|[1, 1, 0, 1, 1, 1, 2, 2, 1, 2, 2, 1, 1, 1, 0, 0, 1, 0, 2, 2, 0, 1, 2, 2, 1, 2, 2, 0, 0, 1, 2, 1, 1, 0, 2, 0, 1, 1, 0, 1, 1, 1, 1, 0, 2, 1, 1, 0, 0, 0, 0, 1, 1, 2, 1, 2, 0, 0, 2, 0, 1, 2, 2, 1, 2, 1, 1, 1, 1, 1, 1, 2, 1, 0, 2, 0, 1, 2, 1, 0, 0, 2, 1, 0, 0, 2, 0, 0, 1, 1, 0, 0, 1, 0, 0, 0, 0, 2, 2, 1]|[0, 3, 1, 2, 0, 0, 1, 1, 4, 1, 1, 4, 4, 4, 2, 2, 4, 2, 1, 1, 1, 1, 2, 1, 2, 1, 1, 1, 1, 4, 0, 3, 3, 0, 1, 1, 0, 3, 2, 2, 2, 2, 0, 1, 1, 0, 4, 0, 1, 2, 2, 1, 4, 0, 3, 2, 1, 2, 1, 2, 3, 1, 1, 3, 0, 4, 4, 1, 4, 3, 1, 2, 4, 1, 1, 1, 1, 1, 3, 1, 1, 1, 1, 1, 1, 1, 2, 1, 4, 3, 2, 2, 1, 2, 2, 0, 1, 1, 1, 4]|[1, 1, 1, 1, 3, 3, 0, 0, 0, 0, 0, 2, 0, 1, 0, 0, 3, 1, 0, 0, 0, 3, 1, 0, 2, 0, 0, 0, 1, 3, 0, 0, 0, 0, 1, 0, 0, 2, 1, 1, 1, 1, 0, 0, 0, 0, 2, 1, 0, 0, 0, 1, 3, 0, 0, 1, 0, 1, 0, 1, 2, 0, 0, 2, 1, 0, 2, 1, 1, 0, 3, 1, 3, 0, 0, 0, 2, 0, 0, 0, 0, 0, 1, 0, 0, 0, 1, 0, 0, 2, 1, 0, 1, 0, 0, 1, 1, 0, 0, 2],733.3116759547878,58140.55643565909,96674.14109675489,false
18,G4_BALANCED,G4_BALANCED,[31, 11, 82, 15, 26, 9, 95, 42, 77, 68, 47, 5, 93, 78, 86, 54, 85, 63, 18, 44, 20, 49, 36, 14, 74, 50, 53, 17, 21, 45, 71, 64, 3, 23, 30, 83, 24, 41, 60, 52, 65, 27, 90, 70, 39, 87, 48, 69, 99, 4, 46, 1, 13, 58, 97, 59, 28, 75, 73, 37, 35, 79, 22, 66, 76, 32, 40, 80, 96, 6, 61, 16, 33, 7, 57, 34, 12, 67, 10, 98, 56, 88, 29, 25, 91, 38, 19, 92, 43, 84, 51, 72, 81, 8, 2, 55, 0, 62, 89, 94]|[2, 1, 2, 1, 1, 2, 1, 1, 1, 1, 1, 0, 2, 2, 1, 2, 0, 0, 0, 2, 2, 1, 0, 2, 0, 2, 2, 1, 0, 1, 1, 1, 0, 0, 1, 0, 2, 1, 2, 2, 0, 0, 1, 1, 0, 2, 0, 2, 1, 0, 0, 2, 0, 0, 2, 0, 1, 1, 0, 0, 2, 1, 0, 2, 2, 0, 2, 2, 0, 1, 1, 2, 1, 2, 0, 1, 1, 1, 1, 2, 2, 1, 1, 1, 1, 0, 1, 0, 1, 0, 1, 1, 1, 0, 2, 0, 0, 1, 1, 2]|[0, 3, 0, 2, 4, 1, 4, 4, 2, 4, 3, 2, 1, 0, 2, 1, 1, 1, 2, 1, 1, 3, 0, 1, 0, 1, 1, 4, 1, 4, 3, 2, 2, 0, 4, 1, 1, 4, 0, 1, 2, 1, 4, 4, 1, 1, 0, 2, 3, 1, 2, 1, 2, 1, 1, 2, 4, 3, 0, 2, 2, 3, 1, 0, 1, 2, 0, 1, 2, 4, 3, 1, 4, 1, 2, 4, 3, 3, 3, 1, 1, 4, 3, 4, 3, 2, 4, 2, 4, 2, 3, 4, 1, 2, 1, 2, 2, 3, 4, 1]|[0, 2, 0, 1, 3, 0, 1, 3, 0, 0, 2, 0, 1, 0, 1, 0, 0, 0, 1, 0, 0, 2, 0, 0, 1, 0, 0, 3, 0, 1, 0, 2, 0, 1, 3, 0, 1, 3, 0, 0, 0, 0, 1, 3, 0, 0, 1, 0, 2, 0, 0, 0, 0, 0, 1, 0, 1, 0, 1, 1, 0, 2, 0, 0, 0, 0, 0, 0, 0, 2, 0, 0, 1, 0, 0, 1, 0, 0, 3, 0, 0, 1, 0, 3, 0, 0, 3, 0, 2, 0, 0, 2, 1, 0, 0, 0, 0, 0, 1, 0],855.0393744413956,51684.66824914086,111484.00316030454,false
18,G2_TEC,G2_TEC,[31, 22, 82, 15, 26, 9, 95, 42, 77, 68, 47, 5, 93, 78, 86, 54, 85, 63, 18, 44, 20, 49, 36, 14, 74, 50, 53, 25, 21, 28, 71, 64, 3, 23, 30, 83, 24, 41, 40, 52, 65, 27, 90, 70, 39, 87, 48, 69, 99, 4, 46, 1, 13, 58, 97, 59, 45, 8, 73, 37, 35, 79, 11, 66, 76, 32, 60, 80, 96, 6, 16, 61, 33, 7, 57, 34, 12, 67, 10, 98, 56, 88, 29, 75, 91, 38, 19, 92, 43, 84, 51, 72, 81, 17, 2, 55, 0, 62, 89, 94]|[2, 1, 2, 1, 1, 2, 1, 1, 1, 1, 1, 0, 2, 2, 1, 2, 0, 0, 0, 2, 2, 1, 0, 2, 0, 2, 2, 1, 0, 1, 1, 1, 0, 0, 1, 0, 2, 1, 2, 2, 0, 0, 1, 1, 0, 2, 0, 2, 1, 0, 0, 2, 0, 0, 2, 0, 1, 1, 0, 0, 2, 1, 0, 2, 2, 0, 2, 2, 0, 1, 2, 1, 1, 2, 0, 1, 1, 1, 1, 2, 2, 1, 1, 0, 1, 0, 1, 0, 1, 0, 1, 1, 1, 1, 2, 0, 0, 1, 1, 2]|[0, 3, 0, 3, 4, 1, 4, 4, 2, 4, 3, 2, 1, 0, 2, 1, 1, 1, 2, 1, 1, 3, 0, 1, 0, 1, 1, 4, 1, 4, 3, 2, 2, 0, 4, 1, 1, 4, 0, 1, 2, 1, 4, 4, 1, 1, 0, 2, 3, 1, 2, 1, 2, 1, 1, 2, 4, 3, 0, 2, 2, 3, 1, 0, 1, 2, 0, 1, 2, 4, 1, 3, 4, 1, 2, 4, 3, 3, 3, 1, 1, 4, 3, 2, 3, 2, 4, 2, 4, 2, 3, 4, 4, 4, 1, 2, 2, 3, 4, 1]|[0, 2, 0, 0, 3, 0, 1, 3, 0, 0, 2, 0, 1, 0, 1, 0, 0, 0, 1, 0, 0, 2, 0, 0, 1, 0, 0, 3, 0, 1, 0, 2, 0, 0, 3, 0, 1, 3, 0, 0, 0, 0, 1, 3, 0, 0, 1, 0, 2, 0, 0, 0, 0, 0, 1, 0, 1, 0, 1, 1, 0, 2, 0, 0, 0, 0, 0, 0, 0, 2, 0, 0, 1, 0, 0, 1, 0, 0, 3, 0, 0, 1, 0, 0, 0, 0, 3, 0, 2, 0, 0, 2, 1, 3, 0, 0, 0, 0, 1, 0],890.9074744783937,50765.917855663734,113588.58833646381,false
18,G3_TWC,G1_CMAX,[31, 22, 82, 15, 26, 9, 42, 95, 77, 12, 47, 5, 93, 78, 86, 54, 85, 63, 18, 44, 20, 35, 43, 97, 91, 76, 10, 30, 21, 45, 71, 64, 1, 23, 17, 83, 24, 14, 60, 36, 6, 57, 94, 88, 65, 56, 79, 40, 67, 68, 46, 75, 38, 58, 19, 32, 81, 41, 27, 62, 87, 90, 99, 59, 11, 16, 72, 73, 69, 39, 37, 84, 3, 92, 25, 55, 28, 29, 51, 7, 33, 61, 98, 66, 89, 50, 8, 96, 53, 80, 4, 48, 34, 2, 52, 13, 0, 70, 49, 74]|[1, 1, 0, 1, 1, 1, 2, 1, 2, 1, 2, 2, 2, 1, 1, 0, 0, 1, 0, 2, 2, 0, 1, 2, 0, 1, 2, 2, 0, 0, 1, 2, 1, 2, 1, 0, 2, 0, 1, 1, 0, 1, 1, 1, 0, 2, 1, 1, 0, 0, 0, 0, 1, 1, 2, 1, 2, 0, 0, 0, 2, 1, 0, 1, 2, 1, 2, 1, 1, 1, 1, 1, 1, 0, 1, 2, 0, 0, 0, 1, 2, 1, 0, 2, 1, 0, 1, 0, 0, 0, 0, 0, 2, 0, 1, 0, 0, 1, 0, 2]|[4, 3, 2, 2, 0, 0, 2, 2, 2, 4, 1, 1, 2, 4, 4, 1, 2, 4, 2, 1, 1, 1, 1, 2, 1, 2, 1, 1, 1, 1, 3, 2, 3, 0, 4, 0, 1, 1, 0, 3, 2, 2, 2, 0, 1, 1, 0, 4, 0, 1, 2, 2, 1, 4, 0, 3, 2, 1, 1, 2, 1, 3, 1, 1, 1, 3, 0, 4, 3, 1, 4, 1, 1, 0, 4, 1, 2, 1, 1, 3, 1, 3, 1, 1, 1, 1, 3, 1, 2, 1, 2, 1, 1, 2, 1, 2, 2, 3, 1, 1]|[0, 2, 1, 1, 3, 3, 0, 1, 0, 0, 0, 0, 1, 0, 1, 0, 0, 3, 1, 0, 0, 0, 3, 1, 0, 2, 0, 0, 0, 1, 0, 0, 0, 0, 3, 0, 1, 0, 0, 2, 1, 1, 1, 0, 0, 0, 0, 2, 1, 0, 0, 0, 1, 3, 0, 0, 1, 0, 0, 1, 0, 2, 0, 1, 0, 2, 1, 0, 0, 1, 1, 3, 1, 1, 3, 0, 1, 0, 0, 2, 0, 0, 0, 0, 1, 0, 2, 0, 1, 0, 1, 0, 0, 0, 1, 0, 0, 0, 1, 0],801.427594812029,57868.49349465401,91455.85780813712,true
18,G1_CMAX,G1_CMAX,[31, 22, 82, 15, 26, 9, 42, 77, 12, 5, 47, 93, 78, 86, 54, 6, 63, 18, 44, 20, 35, 43, 97, 91, 76, 10, 30, 21, 45, 17, 23, 1, 71, 83, 24, 14, 60, 36, 85, 57, 40, 95, 88, 65, 56, 79, 94, 67, 68, 46, 75, 38, 58, 19, 32, 81, 41, 62, 87, 28, 90, 59, 11, 16, 72, 73, 69, 52, 37, 64, 84, 3, 25, 29, 55, 51, 7, 98, 61, 66, 99, 33, 89, 48, 50, 96, 53, 80, 4, 8, 27, 2, 39, 13, 0, 92, 49, 74, 34, 70]|[1, 1, 0, 1, 1, 1, 2, 2, 1, 2, 2, 1, 1, 1, 0, 0, 1, 0, 2, 2, 0, 1, 2, 2, 1, 2, 2, 0, 0, 1, 2, 1, 1, 0, 2, 0, 1, 1, 0, 1, 1, 1, 1, 0, 2, 1, 1, 0, 0, 0, 0, 1, 1, 2, 1, 2, 0, 0, 2, 0, 1, 2, 2, 1, 2, 1, 1, 1, 1, 1, 1, 2, 1, 0, 2, 0, 1, 2, 1, 0, 0, 2, 1, 0, 0, 2, 0, 0, 1, 1, 0, 0, 1, 0, 0, 0, 0, 2, 2, 1]|[0, 3, 1, 2, 0, 0, 1, 1, 4, 1, 1, 4, 4, 4, 2, 2, 4, 2, 1, 1, 1, 1, 2, 1, 2, 1, 1, 1, 1, 4, 0, 3, 3, 0, 1, 1, 0, 3, 2, 2, 2, 2, 0, 1, 1, 0, 4, 0, 1, 2, 2, 1, 4, 0, 3, 2, 1, 2, 1, 2, 3, 1, 1, 3, 0, 4, 4, 1, 4, 3, 1, 2, 4, 1, 1, 1, 1, 1, 3, 1, 1, 1, 1, 1, 1, 1, 2, 1, 4, 3, 2, 2, 1, 2, 2, 0, 1, 1, 1, 4]|[1, 1, 1, 1, 3, 3, 0, 0, 0, 0, 0, 2, 0, 1, 0, 0, 3, 1, 0, 0, 0, 3, 1, 0, 2, 0, 0, 0, 1, 3, 0, 0, 0, 0, 1, 0, 0, 2, 1, 1, 1, 1, 0, 0, 0, 0, 2, 1, 0, 0, 0, 1, 3, 0, 0, 1, 0, 1, 0, 1, 2, 0, 0, 2, 1, 0, 2, 1, 1, 0, 3, 1, 3, 0, 0, 0, 2, 0, 0, 0, 0, 0, 1, 0, 0, 0, 1, 0, 0, 2, 1, 0, 1, 0, 0, 1, 1, 0, 0, 2],733.3116759547878,58140.55643565909,96674.14109675489,false
18,G4_BALANCED,G4_BALANCED,[31, 11, 82, 15, 26, 9, 95, 42, 77, 68, 47, 5, 93, 78, 86, 54, 85, 63, 18, 44, 20, 49, 36, 14, 74, 50, 53, 17, 21, 45, 71, 64, 3, 23, 30, 83, 24, 41, 60, 52, 65, 27, 90, 70, 39, 87, 48, 69, 99, 4, 46, 1, 13, 58, 97, 59, 28, 75, 73, 37, 35, 79, 22, 66, 76, 32, 40, 80, 96, 6, 61, 16, 33, 7, 57, 34, 12, 67, 10, 98, 56, 88, 29, 25, 91, 38, 19, 92, 43, 84, 51, 72, 81, 8, 2, 55, 0, 62, 89, 94]|[2, 1, 2, 1, 1, 2, 1, 1, 1, 1, 1, 0, 2, 2, 1, 2, 0, 0, 0, 2, 2, 1, 0, 2, 0, 2, 2, 1, 0, 1, 1, 1, 0, 0, 1, 0, 2, 1, 2, 2, 0, 0, 1, 1, 0, 2, 0, 2, 1, 0, 0, 2, 0, 0, 2, 0, 1, 1, 0, 0, 2, 1, 0, 2, 2, 0, 2, 2, 0, 1, 1, 2, 1, 2, 0, 1, 1, 1, 1, 2, 2, 1, 1, 1, 1, 0, 1, 0, 1, 0, 1, 1, 1, 0, 2, 0, 0, 1, 1, 2]|[0, 3, 0, 2, 4, 1, 4, 4, 2, 4, 3, 2, 1, 0, 2, 1, 1, 1, 2, 1, 1, 3, 0, 1, 0, 1, 1, 4, 1, 4, 3, 2, 2, 0, 4, 1, 1, 4, 0, 1, 2, 1, 4, 4, 1, 1, 0, 2, 3, 1, 2, 1, 2, 1, 1, 2, 4, 3, 0, 2, 2, 3, 1, 0, 1, 2, 0, 1, 2, 4, 3, 1, 4, 1, 2, 4, 3, 3, 3, 1, 1, 4, 3, 4, 3, 2, 4, 2, 4, 2, 3, 4, 1, 2, 1, 2, 2, 3, 4, 1]|[0, 2, 0, 1, 3, 0, 1, 3, 0, 0, 2, 0, 1, 0, 1, 0, 0, 0, 1, 0, 0, 2, 0, 0, 1, 0, 0, 3, 0, 1, 0, 2, 0, 1, 3, 0, 1, 3, 0, 0, 0, 0, 1, 3, 0, 0, 1, 0, 2, 0, 0, 0, 0, 0, 1, 0, 1, 0, 1, 1, 0, 2, 0, 0, 0, 0, 0, 0, 0, 2, 0, 0, 1, 0, 0, 1, 0, 0, 3, 0, 0, 1, 0, 3, 0, 0, 3, 0, 2, 0, 0, 2, 1, 0, 0, 0, 0, 0, 1, 0],855.0393744413956,51684.66824914086,111484.00316030454,false
18,G2_TEC,G2_TEC,[31, 22, 82, 15, 26, 9, 95, 42, 77, 68, 47, 5, 93, 78, 86, 54, 85, 63, 18, 44, 20, 49, 36, 14, 74, 50, 53, 25, 21, 28, 71, 64, 3, 23, 30, 83, 24, 41, 40, 52, 65, 27, 90, 70, 39, 87, 48, 69, 99, 4, 46, 1, 13, 58, 97, 59, 45, 8, 73, 37, 35, 79, 11, 66, 76, 32, 60, 80, 96, 6, 16, 61, 33, 7, 57, 34, 12, 67, 10, 98, 56, 88, 29, 75, 91, 38, 19, 92, 43, 84, 51, 72, 81, 17, 2, 55, 0, 62, 89, 94]|[2, 1, 2, 1, 1, 2, 1, 1, 1, 1, 1, 0, 2, 2, 1, 2, 0, 0, 0, 2, 2, 1, 0, 2, 0, 2, 2, 1, 0, 1, 1, 1, 0, 0, 1, 0, 2, 1, 2, 2, 0, 0, 1, 1, 0, 2, 0, 2, 1, 0, 0, 2, 0, 0, 2, 0, 1, 1, 0, 0, 2, 1, 0, 2, 2, 0, 2, 2, 0, 1, 2, 1, 1, 2, 0, 1, 1, 1, 1, 2, 2, 1, 1, 0, 1, 0, 1, 0, 1, 0, 1, 1, 1, 1, 2, 0, 0, 1, 1, 2]|[0, 3, 0, 3, 4, 1, 4, 4, 2, 4, 3, 2, 1, 0, 2, 1, 1, 1, 2, 1, 1, 3, 0, 1, 0, 1, 1, 4, 1, 4, 3, 2, 2, 0, 4, 1, 1, 4, 0, 1, 2, 1, 4, 4, 1, 1, 0, 2, 3, 1, 2, 1, 2, 1, 1, 2, 4, 3, 0, 2, 2, 3, 1, 0, 1, 2, 0, 1, 2, 4, 1, 3, 4, 1, 2, 4, 3, 3, 3, 1, 1, 4, 3, 2, 3, 2, 4, 2, 4, 2, 3, 4, 4, 4, 1, 2, 2, 3, 4, 1]|[0, 2, 0, 0, 3, 0, 1, 3, 0, 0, 2, 0, 1, 0, 1, 0, 0, 0, 1, 0, 0, 2, 0, 0, 1, 0, 0, 3, 0, 1, 0, 2, 0, 0, 3, 0, 1, 3, 0, 0, 0, 0, 1, 3, 0, 0, 1, 0, 2, 0, 0, 0, 0, 0, 1, 0, 1, 0, 1, 1, 0, 2, 0, 0, 0, 0, 0, 0, 0, 2, 0, 0, 1, 0, 0, 1, 0, 0, 3, 0, 0, 1, 0, 0, 0, 0, 3, 0, 2, 0, 0, 2, 1, 3, 0, 0, 0, 0, 1, 0],890.9074744783937,50765.917855663734,113588.58833646381,false
18,G3_TWC,G1_CMAX,[31, 22, 82, 15, 26, 9, 42, 95, 77, 12, 47, 5, 93, 78, 86, 54, 85, 63, 18, 44, 20, 35, 43, 97, 91, 76, 10, 30, 21, 45, 71, 64, 1, 23, 17, 83, 24, 14, 60, 36, 6, 57, 94, 88, 65, 56, 79, 40, 67, 68, 46, 75, 38, 58, 19, 32, 81, 41, 27, 62, 87, 90, 99, 59, 11, 16, 72, 73, 69, 39, 37, 84, 3, 92, 25, 55, 28, 29, 51, 7, 33, 61, 98, 66, 89, 50, 8, 96, 53, 80, 4, 48, 34, 2, 52, 13, 0, 70, 49, 74]|[1, 1, 0, 1, 1, 1, 2, 1, 2, 1, 2, 2, 2, 1, 1, 0, 0, 1, 0, 2, 2, 0, 1, 2, 0, 1, 2, 2, 0, 0, 1, 2, 1, 2, 1, 0, 2, 0, 1, 1, 0, 1, 1, 1, 0, 2, 1, 1, 0, 0, 0, 0, 1, 1, 2, 1, 2, 0, 0, 0, 2, 1, 0, 1, 2, 1, 2, 1, 1, 1, 1, 1, 1, 0, 1, 2, 0, 0, 0, 1, 2, 1, 0, 2, 1, 0, 1, 0, 0, 0, 0, 0, 2, 0, 1, 0, 0, 1, 0, 2]|[4, 3, 2, 2, 0, 0, 2, 2, 2, 4, 1, 1, 2, 4, 4, 1, 2, 4, 2, 1, 1, 1, 1, 2, 1, 2, 1, 1, 1, 1, 3, 2, 3, 0, 4, 0, 1, 1, 0, 3, 2, 2, 2, 0, 1, 1, 0, 4, 0, 1, 2, 2, 1, 4, 0, 3, 2, 1, 1, 2, 1, 3, 1, 1, 1, 3, 0, 4, 3, 1, 4, 1, 1, 0, 4, 1, 2, 1, 1, 3, 1, 3, 1, 1, 1, 1, 3, 1, 2, 1, 2, 1, 1, 2, 1, 2, 2, 3, 1, 1]|[0, 2, 1, 1, 3, 3, 0, 1, 0, 0, 0, 0, 1, 0, 1, 0, 0, 3, 1, 0, 0, 0, 3, 1, 0, 2, 0, 0, 0, 1, 0, 0, 0, 0, 3, 0, 1, 0, 0, 2, 1, 1, 1, 0, 0, 0, 0, 2, 1, 0, 0, 0, 1, 3, 0, 0, 1, 0, 0, 1, 0, 2, 0, 1, 0, 2, 1, 0, 0, 1, 1, 3, 1, 1, 3, 0, 1, 0, 0, 2, 0, 0, 0, 0, 1, 0, 2, 0, 1, 0, 1, 0, 0, 0, 1, 0, 0, 0, 1, 0],801.427594812029,57868.49349465401,91455.85780813712,true
18,G1_CMAX,G1_CMAX,[31, 22, 82, 15, 26, 9, 42, 77, 12, 5, 47, 93, 78, 86, 54, 6, 63, 18, 44, 20, 35, 43, 97, 91, 76, 10, 30, 21, 45, 17, 23, 1, 71, 83, 24, 14, 60, 36, 85, 57, 40, 95, 88, 65, 56, 79, 94, 67, 68, 46, 75, 38, 58, 19, 32, 81, 41, 62, 87, 28, 90, 59, 11, 16, 72, 73, 69, 52, 37, 64, 84, 3, 25, 29, 55, 51, 7, 98, 61, 66, 99, 33, 89, 48, 50, 96, 53, 80, 4, 8, 27, 2, 39, 13, 0, 92, 49, 74, 34, 70]|[1, 1, 0, 1, 1, 1, 2, 2, 1, 2, 2, 1, 1, 1, 0, 0, 1, 0, 2, 2, 0, 1, 2, 2, 1, 2, 2, 0, 0, 1, 2, 1, 1, 0, 2, 0, 1, 1, 0, 1, 1, 1, 1, 0, 2, 1, 1, 0, 0, 0, 0, 1, 1, 2, 1, 2, 0, 0, 2, 0, 1, 2, 2, 1, 2, 1, 1, 1, 1, 1, 1, 2, 1, 0, 2, 0, 1, 2, 1, 0, 0, 2, 1, 0, 0, 2, 0, 0, 1, 1, 0, 0, 1, 0, 0, 0, 0, 2, 2, 1]|[0, 3, 1, 2, 0, 0, 1, 1, 4, 1, 1, 4, 4, 4, 2, 2, 4, 2, 1, 1, 1, 1, 2, 1, 2, 1, 1, 1, 1, 4, 0, 3, 3, 0, 1, 1, 0, 3, 2, 2, 2, 2, 0, 1, 1, 0, 4, 0, 1, 2, 2, 1, 4, 0, 3, 2, 1, 2, 1, 2, 3, 1, 1, 3, 0, 4, 4, 1, 4, 3, 1, 2, 4, 1, 1, 1, 1, 1, 3, 1, 1, 1, 1, 1, 1, 1, 2, 1, 4, 3, 2, 2, 1, 2, 2, 0, 1, 1, 1, 4]|[1, 1, 1, 1, 3, 3, 0, 0, 0, 0, 0, 2, 0, 1, 0, 0, 3, 1, 0, 0, 0, 3, 1, 0, 2, 0, 0, 0, 1, 3, 0, 0, 0, 0, 1, 0, 0, 2, 1, 1, 1, 1, 0, 0, 0, 0, 2, 1, 0, 0, 0, 1, 3, 0, 0, 1, 0, 1, 0, 1, 2, 0, 0, 2, 1, 0, 2, 1, 1, 0, 3, 1, 3, 0, 0, 0, 2, 0, 0, 0, 0, 0, 1, 0, 0, 0, 1, 0, 0, 2, 1, 0, 1, 0, 0, 1, 1, 0, 0, 2],733.3116759547878,58140.55643565909,96674.14109675489,false
18,G4_BALANCED,G4_BALANCED,[31, 11, 82, 15, 26, 9, 95, 42, 77, 68, 47, 5, 93, 78, 86, 54, 85, 63, 18, 44, 20, 49, 36, 14, 74, 50, 53, 17, 21, 45, 71, 64, 3, 23, 30, 83, 24, 41, 60, 52, 65, 27, 90, 70, 39, 87, 48, 69, 99, 4, 46, 1, 13, 58, 97, 59, 28, 75, 73, 37, 35, 79, 22, 66, 76, 32, 40, 80, 96, 6, 61, 16, 33, 7, 57, 34, 12, 67, 10, 98, 56, 88, 29, 25, 91, 38, 19, 92, 43, 84, 51, 72, 81, 8, 2, 55, 0, 62, 89, 94]|[2, 1, 2, 1, 1, 2, 1, 1, 1, 1, 1, 0, 2, 2, 1, 2, 0, 0, 0, 2, 2, 1, 0, 2, 0, 2, 2, 1, 0, 1, 1, 1, 0, 0, 1, 0, 2, 1, 2, 2, 0, 0, 1, 1, 0, 2, 0, 2, 1, 0, 0, 2, 0, 0, 2, 0, 1, 1, 0, 0, 2, 1, 0, 2, 2, 0, 2, 2, 0, 1, 1, 2, 1, 2, 0, 1, 1, 1, 1, 2, 2, 1, 1, 1, 1, 0, 1, 0, 1, 0, 1, 1, 1, 0, 2, 0, 0, 1, 1, 2]|[0, 3, 0, 2, 4, 1, 4, 4, 2, 4, 3, 2, 1, 0, 2, 1, 1, 1, 2, 1, 1, 3, 0, 1, 0, 1, 1, 4, 1, 4, 3, 2, 2, 0, 4, 1, 1, 4, 0, 1, 2, 1, 4, 4, 1, 1, 0, 2, 3, 1, 2, 1, 2, 1, 1, 2, 4, 3, 0, 2, 2, 3, 1, 0, 1, 2, 0, 1, 2, 4, 3, 1, 4, 1, 2, 4, 3, 3, 3, 1, 1, 4, 3, 4, 3, 2, 4, 2, 4, 2, 3, 4, 1, 2, 1, 2, 2, 3, 4, 1]|[0, 2, 0, 1, 3, 0, 1, 3, 0, 0, 2, 0, 1, 0, 1, 0, 0, 0, 1, 0, 0, 2, 0, 0, 1, 0, 0, 3, 0, 1, 0, 2, 0, 1, 3, 0, 1, 3, 0, 0, 0, 0, 1, 3, 0, 0, 1, 0, 2, 0, 0, 0, 0, 0, 1, 0, 1, 0, 1, 1, 0, 2, 0, 0, 0, 0, 0, 0, 0, 2, 0, 0, 1, 0, 0, 1, 0, 0, 3, 0, 0, 1, 0, 3, 0, 0, 3, 0, 2, 0, 0, 2, 1, 0, 0, 0, 0, 0, 1, 0],855.0393744413956,51684.66824914086,111484.00316030454,false
18,G2_TEC,G2_TEC,[31, 22, 82, 15, 26, 9, 95, 42, 77, 68, 47, 5, 93, 78, 86, 54, 85, 63, 18, 44, 20, 49, 36, 14, 74, 50, 53, 25, 21, 28, 71, 64, 3, 23, 30, 83, 24, 41, 40, 52, 65, 27, 90, 70, 39, 87, 48, 69, 99, 4, 46, 1, 13, 58, 97, 59, 45, 8, 73, 37, 35, 79, 11, 66, 76, 32, 60, 80, 96, 6, 16, 61, 33, 7, 57, 34, 12, 67, 10, 98, 56, 88, 29, 75, 91, 38, 19, 92, 43, 84, 51, 72, 81, 17, 2, 55, 0, 62, 89, 94]|[2, 1, 2, 1, 1, 2, 1, 1, 1, 1, 1, 0, 2, 2, 1, 2, 0, 0, 0, 2, 2, 1, 0, 2, 0, 2, 2, 1, 0, 1, 1, 1, 0, 0, 1, 0, 2, 1, 2, 2, 0, 0, 1, 1, 0, 2, 0, 2, 1, 0, 0, 2, 0, 0, 2, 0, 1, 1, 0, 0, 2, 1, 0, 2, 2, 0, 2, 2, 0, 1, 2, 1, 1, 2, 0, 1, 1, 1, 1, 2, 2, 1, 1, 0, 1, 0, 1, 0, 1, 0, 1, 1, 1, 1, 2, 0, 0, 1, 1, 2]|[0, 3, 0, 3, 4, 1, 4, 4, 2, 4, 3, 2, 1, 0, 2, 1, 1, 1, 2, 1, 1, 3, 0, 1, 0, 1, 1, 4, 1, 4, 3, 2, 2, 0, 4, 1, 1, 4, 0, 1, 2, 1, 4, 4, 1, 1, 0, 2, 3, 1, 2, 1, 2, 1, 1, 2, 4, 3, 0, 2, 2, 3, 1, 0, 1, 2, 0, 1, 2, 4, 1, 3, 4, 1, 2, 4, 3, 3, 3, 1, 1, 4, 3, 2, 3, 2, 4, 2, 4, 2, 3, 4, 4, 4, 1, 2, 2, 3, 4, 1]|[0, 2, 0, 0, 3, 0, 1, 3, 0, 0, 2, 0, 1, 0, 1, 0, 0, 0, 1, 0, 0, 2, 0, 0, 1, 0, 0, 3, 0, 1, 0, 2, 0, 0, 3, 0, 1, 3, 0, 0, 0, 0, 1, 3, 0, 0, 1, 0, 2, 0, 0, 0, 0, 0, 1, 0, 1, 0, 1, 1, 0, 2, 0, 0, 0, 0, 0, 0, 0, 2, 0, 0, 1, 0, 0, 1, 0, 0, 3, 0, 0, 1, 0, 0, 0, 0, 3, 0, 2, 0, 0, 2, 1, 3, 0, 0, 0, 0, 1, 0],890.9074744783937,50765.917855663734,113588.58833646381,false
18,G3_TWC,G1_CMAX,[31, 22, 82, 15, 26, 9, 42, 95, 77, 12, 47, 5, 93, 78, 86, 54, 85, 63, 18, 44, 20, 35, 43, 97, 91, 76, 10, 30, 21, 45, 71, 64, 1, 23, 17, 83, 24, 14, 60, 36, 6, 57, 94, 88, 65, 56, 79, 40, 67, 68, 46, 75, 38, 58, 19, 32, 81, 41, 27, 62, 87, 90, 99, 59, 11, 16, 72, 73, 69, 39, 37, 84, 3, 92, 25, 55, 28, 29, 51, 7, 33, 61, 98, 66, 89, 50, 8, 96, 53, 80, 4, 48, 34, 2, 52, 13, 0, 70, 49, 74]|[1, 1, 0, 1, 1, 1, 2, 1, 2, 1, 2, 2, 2, 1, 1, 0, 0, 1, 0, 2, 2, 0, 1, 2, 0, 1, 2, 2, 0, 0, 1, 2, 1, 2, 1, 0, 2, 0, 1, 1, 0, 1, 1, 1, 0, 2, 1, 1, 0, 0, 0, 0, 1, 1, 2, 1, 2, 0, 0, 0, 2, 1, 0, 1, 2, 1, 2, 1, 1, 1, 1, 1, 1, 0, 1, 2, 0, 0, 0, 1, 2, 1, 0, 2, 1, 0, 1, 0, 0, 0, 0, 0, 2, 0, 1, 0, 0, 1, 0, 2]|[4, 3, 2, 2, 0, 0, 2, 2, 2, 4, 1, 1, 2, 4, 4, 1, 2, 4, 2, 1, 1, 1, 1, 2, 1, 2, 1, 1, 1, 1, 3, 2, 3, 0, 4, 0, 1, 1, 0, 3, 2, 2, 2, 0, 1, 1, 0, 4, 0, 1, 2, 2, 1, 4, 0, 3, 2, 1, 1, 2, 1, 3, 1, 1, 1, 3, 0, 4, 3, 1, 4, 1, 1, 0, 4, 1, 2, 1, 1, 3, 1, 3, 1, 1, 1, 1, 3, 1, 2, 1, 2, 1, 1, 2, 1, 2, 2, 3, 1, 1]|[0, 2, 1, 1, 3, 3, 0, 1, 0, 0, 0, 0, 1, 0, 1, 0, 0, 3, 1, 0, 0, 0, 3, 1, 0, 2, 0, 0, 0, 1, 0, 0, 0, 0, 3, 0, 1, 0, 0, 2, 1, 1, 1, 0, 0, 0, 0, 2, 1, 0, 0, 0, 1, 3, 0, 0, 1, 0, 0, 1, 0, 2, 0, 1, 0, 2, 1, 0, 0, 1, 1, 3, 1, 1, 3, 0, 1, 0, 0, 2, 0, 0, 0, 0, 1, 0, 2, 0, 1, 0, 1, 0, 0, 0, 1, 0, 0, 0, 1, 0],801.427594812029,57868.49349465401,91455.85780813712,true
18,G1_CMAX,G1_CMAX,[31, 22, 82, 15, 26, 9, 42, 77, 12, 5, 47, 93, 78, 86, 54, 6, 63, 18, 44, 20, 35, 43, 97, 91, 76, 10, 30, 21, 45, 17, 23, 1, 71, 83, 24, 14, 60, 36, 85, 57, 40, 95, 88, 65, 56, 79, 94, 67, 68, 46, 75, 38, 58, 19, 32, 81, 41, 62, 87, 28, 90, 59, 11, 16, 72, 73, 69, 52, 37, 64, 84, 3, 25, 29, 55, 51, 7, 98, 61, 66, 99, 33, 89, 48, 50, 96, 53, 80, 4, 8, 27, 2, 39, 13, 0, 92, 49, 74, 34, 70]|[1, 1, 0, 1, 1, 1, 2, 2, 1, 2, 2, 1, 1, 1, 0, 0, 1, 0, 2, 2, 0, 1, 2, 2, 1, 2, 2, 0, 0, 1, 2, 1, 1, 0, 2, 0, 1, 1, 0, 1, 1, 1, 1, 0, 2, 1, 1, 0, 0, 0, 0, 1, 1, 2, 1, 2, 0, 0, 2, 0, 1, 2, 2, 1, 2, 1, 1, 1, 1, 1, 1, 2, 1, 0, 2, 0, 1, 2, 1, 0, 0, 2, 1, 0, 0, 2, 0, 0, 1, 1, 0, 0, 1, 0, 0, 0, 0, 2, 2, 1]|[0, 3, 1, 2, 0, 0, 1, 1, 4, 1, 1, 4, 4, 4, 2, 2, 4, 2, 1, 1, 1, 1, 2, 1, 2, 1, 1, 1, 1, 4, 0, 3, 3, 0, 1, 1, 0, 3, 2, 2, 2, 2, 0, 1, 1, 0, 4, 0, 1, 2, 2, 1, 4, 0, 3, 2, 1, 2, 1, 2, 3, 1, 1, 3, 0, 4, 4, 1, 4, 3, 1, 2, 4, 1, 1, 1, 1, 1, 3, 1, 1, 1, 1, 1, 1, 1, 2, 1, 4, 3, 2, 2, 1, 2, 2, 0, 1, 1, 1, 4]|[1, 1, 1, 1, 3, 3, 0, 0, 0, 0, 0, 2, 0, 1, 0, 0, 3, 1, 0, 0, 0, 3, 1, 0, 2, 0, 0, 0, 1, 3, 0, 0, 0, 0, 1, 0, 0, 2, 1, 1, 1, 1, 0, 0, 0, 0, 2, 1, 0, 0, 0, 1, 3, 0, 0, 1, 0, 1, 0, 1, 2, 0, 0, 2, 1, 0, 2, 1, 1, 0, 3, 1, 3, 0, 0, 0, 2, 0, 0, 0, 0, 0, 1, 0, 0, 0, 1, 0, 0, 2, 1, 0, 1, 0, 0, 1, 1, 0, 0, 2],733.3116759547878,58140.55643565909,96674.14109675489,false
18,G4_BALANCED,G4_BALANCED,[31, 11, 82, 15, 26, 9, 95, 42, 77, 68, 47, 5, 93, 78, 86, 54, 85, 63, 18, 44, 20, 49, 36, 14, 74, 50, 53, 17, 21, 45, 71, 64, 3, 23, 30, 83, 24, 41, 60, 52, 65, 27, 90, 70, 39, 87, 48, 69, 99, 4, 46, 1, 13, 58, 97, 59, 28, 75, 73, 37, 35, 79, 22, 66, 76, 32, 40, 80, 96, 6, 61, 16, 33, 7, 57, 34, 12, 67, 10, 98, 56, 88, 29, 25, 91, 38, 19, 92, 43, 84, 51, 72, 81, 8, 2, 55, 0, 62, 89, 94]|[2, 1, 2, 1, 1, 2, 1, 1, 1, 1, 1, 0, 2, 2, 1, 2, 0, 0, 0, 2, 2, 1, 0, 2, 0, 2, 2, 1, 0, 1, 1, 1, 0, 0, 1, 0, 2, 1, 2, 2, 0, 0, 1, 1, 0, 2, 0, 2, 1, 0, 0, 2, 0, 0, 2, 0, 1, 1, 0, 0, 2, 1, 0, 2, 2, 0, 2, 2, 0, 1, 1, 2, 1, 2, 0, 1, 1, 1, 1, 2, 2, 1, 1, 1, 1, 0, 1, 0, 1, 0, 1, 1, 1, 0, 2, 0, 0, 1, 1, 2]|[0, 3, 0, 2, 4, 1, 4, 4, 2, 4, 3, 2, 1, 0, 2, 1, 1, 1, 2, 1, 1, 3, 0, 1, 0, 1, 1, 4, 1, 4, 3, 2, 2, 0, 4, 1, 1, 4, 0, 1, 2, 1, 4, 4, 1, 1, 0, 2, 3, 1, 2, 1, 2, 1, 1, 2, 4, 3, 0, 2, 2, 3, 1, 0, 1, 2, 0, 1, 2, 4, 3, 1, 4, 1, 2, 4, 3, 3, 3, 1, 1, 4, 3, 4, 3, 2, 4, 2, 4, 2, 3, 4, 1, 2, 1, 2, 2, 3, 4, 1]|[0, 2, 0, 1, 3, 0, 1, 3, 0, 0, 2, 0, 1, 0, 1, 0, 0, 0, 1, 0, 0, 2, 0, 0, 1, 0, 0, 3, 0, 1, 0, 2, 0, 1, 3, 0, 1, 3, 0, 0, 0, 0, 1, 3, 0, 0, 1, 0, 2, 0, 0, 0, 0, 0, 1, 0, 1, 0, 1, 1, 0, 2, 0, 0, 0, 0, 0, 0, 0, 2, 0, 0, 1, 0, 0, 1, 0, 0, 3, 0, 0, 1, 0, 3, 0, 0, 3, 0, 2, 0, 0, 2, 1, 0, 0, 0, 0, 0, 1, 0],855.0393744413956,51684.66824914086,111484.00316030454,false
18,G2_TEC,G2_TEC,[31, 22, 82, 15, 26, 9, 95, 42, 77, 68, 47, 5, 93, 78, 86, 54, 85, 63, 18, 44, 20, 49, 36, 14, 74, 50, 53, 25, 21, 28, 71, 64, 3, 23, 30, 83, 24, 41, 40, 52, 65, 27, 90, 70, 39, 87, 48, 69, 99, 4, 46, 1, 13, 58, 97, 59, 45, 8, 73, 37, 35, 79, 11, 66, 76, 32, 60, 80, 96, 6, 16, 61, 33, 7, 57, 34, 12, 67, 10, 98, 56, 88, 29, 75, 91, 38, 19, 92, 43, 84, 51, 72, 81, 17, 2, 55, 0, 62, 89, 94]|[2, 1, 2, 1, 1, 2, 1, 1, 1, 1, 1, 0, 2, 2, 1, 2, 0, 0, 0, 2, 2, 1, 0, 2, 0, 2, 2, 1, 0, 1, 1, 1, 0, 0, 1, 0, 2, 1, 2, 2, 0, 0, 1, 1, 0, 2, 0, 2, 1, 0, 0, 2, 0, 0, 2, 0, 1, 1, 0, 0, 2, 1, 0, 2, 2, 0, 2, 2, 0, 1, 2, 1, 1, 2, 0, 1, 1, 1, 1, 2, 2, 1, 1, 0, 1, 0, 1, 0, 1, 0, 1, 1, 1, 1, 2, 0, 0, 1, 1, 2]|[0, 3, 0, 3, 4, 1, 4, 4, 2, 4, 3, 2, 1, 0, 2, 1, 1, 1, 2, 1, 1, 3, 0, 1, 0, 1, 1, 4, 1, 4, 3, 2, 2, 0, 4, 1, 1, 4, 0, 1, 2, 1, 4, 4, 1, 1, 0, 2, 3, 1, 2, 1, 2, 1, 1, 2, 4, 3, 0, 2, 2, 3, 1, 0, 1, 2, 0, 1, 2, 4, 1, 3, 4, 1, 2, 4, 3, 3, 3, 1, 1, 4, 3, 2, 3, 2, 4, 2, 4, 2, 3, 4, 4, 4, 1, 2, 2, 3, 4, 1]|[0, 2, 0, 0, 3, 0, 1, 3, 0, 0, 2, 0, 1, 0, 1, 0, 0, 0, 1, 0, 0, 2, 0, 0, 1, 0, 0, 3, 0, 1, 0, 2, 0, 0, 3, 0, 1, 3, 0, 0, 0, 0, 1, 3, 0, 0, 1, 0, 2, 0, 0, 0, 0, 0, 1, 0, 1, 0, 1, 1, 0, 2, 0, 0, 0, 0, 0, 0, 0, 2, 0, 0, 1, 0, 0, 1, 0, 0, 3, 0, 0, 1, 0, 0, 0, 0, 3, 0, 2, 0, 0, 2, 1, 3, 0, 0, 0, 0, 1, 0],890.9074744783937,50765.917855663734,113588.58833646381,false
18,G3_TWC,G1_CMAX,[31, 22, 82, 15, 26, 9, 42, 95, 77, 12, 47, 5, 93, 78, 86, 54, 85, 63, 18, 44, 20, 35, 43, 97, 91, 76, 10, 30, 21, 45, 71, 64, 1, 23, 17, 83, 24, 14, 60, 36, 6, 57, 94, 88, 65, 56, 79, 40, 67, 68, 46, 75, 38, 58, 19, 32, 81, 41, 27, 62, 87, 90, 99, 59, 11, 16, 72, 73, 69, 39, 37, 84, 3, 92, 25, 55, 28, 29, 51, 7, 33, 61, 98, 66, 89, 50, 8, 96, 53, 80, 4, 48, 34, 2, 52, 13, 0, 70, 49, 74]|[1, 1, 0, 1, 1, 1, 2, 1, 2, 1, 2, 2, 2, 1, 1, 0, 0, 1, 0, 2, 2, 0, 1, 2, 0, 1, 2, 2, 0, 0, 1, 2, 1, 2, 1, 0, 2, 0, 1, 1, 0, 1, 1, 1, 0, 2, 1, 1, 0, 0, 0, 0, 1, 1, 2, 1, 2, 0, 0, 0, 2, 1, 0, 1, 2, 1, 2, 1, 1, 1, 1, 1, 1, 0, 1, 2, 0, 0, 0, 1, 2, 1, 0, 2, 1, 0, 1, 0, 0, 0, 0, 0, 2, 0, 1, 0, 0, 1, 0, 2]|[4, 3, 2, 2, 0, 0, 2, 2, 2, 4, 1, 1, 2, 4, 4, 1, 2, 4, 2, 1, 1, 1, 1, 2, 1, 2, 1, 1, 1, 1, 3, 2, 3, 0, 4, 0, 1, 1, 0, 3, 2, 2, 2, 0, 1, 1, 0, 4, 0, 1, 2, 2, 1, 4, 0, 3, 2, 1, 1, 2, 1, 3, 1, 1, 1, 3, 0, 4, 3, 1, 4, 1, 1, 0, 4, 1, 2, 1, 1, 3, 1, 3, 1, 1, 1, 1, 3, 1, 2, 1, 2, 1, 1, 2, 1, 2, 2, 3, 1, 1]|[0, 2, 1, 1, 3, 3, 0, 1, 0, 0, 0, 0, 1, 0, 1, 0, 0, 3, 1, 0, 0, 0, 3, 1, 0, 2, 0, 0, 0, 1, 0, 0, 0, 0, 3, 0, 1, 0, 0, 2, 1, 1, 1, 0, 0, 0, 0, 2, 1, 0, 0, 0, 1, 3, 0, 0, 1, 0, 0, 1, 0, 2, 0, 1, 0, 2, 1, 0, 0, 1, 1, 3, 1, 1, 3, 0, 1, 0, 0, 2, 0, 0, 0, 0, 1, 0, 2, 0, 1, 0, 1, 0, 0, 0, 1, 0, 0, 0, 1, 0],801.427594812029,57868.49349465401,91455.85780813712,true
18,G1_CMAX,G1_CMAX,[31, 22, 82, 15, 26, 9, 42, 77, 12, 5, 47, 93, 78, 86, 54, 6, 63, 18, 44, 20, 35, 43, 97, 91, 76, 10, 30, 21, 45, 17, 23, 1, 71, 83, 24, 14, 60, 36, 85, 57, 40, 95, 88, 65, 56, 79, 94, 67, 68, 46, 75, 38, 58, 19, 32, 81, 41, 62, 87, 28, 90, 59, 11, 16, 72, 73, 69, 52, 37, 64, 84, 3, 25, 29, 55, 51, 7, 98, 61, 66, 99, 33, 89, 48, 50, 96, 53, 80, 4, 8, 27, 2, 39, 13, 0, 92, 49, 74, 34, 70]|[1, 1, 0, 1, 1, 1, 2, 2, 1, 2, 2, 1, 1, 1, 0, 0, 1, 0, 2, 2, 0, 1, 2, 2, 1, 2, 2, 0, 0, 1, 2, 1, 1, 0, 2, 0, 1, 1, 0, 1, 1, 1, 1, 0, 2, 1, 1, 0, 0, 0, 0, 1, 1, 2, 1, 2, 0, 0, 2, 0, 1, 2, 2, 1, 2, 1, 1, 1, 1, 1, 1, 2, 1, 0, 2, 0, 1, 2, 1, 0, 0, 2, 1, 0, 0, 2, 0, 0, 1, 1, 0, 0, 1, 0, 0, 0, 0, 2, 2, 1]|[0, 3, 1, 2, 0, 0, 1, 1, 4, 1, 1, 4, 4, 4, 2, 2, 4, 2, 1, 1, 1, 1, 2, 1, 2, 1, 1, 1, 1, 4, 0, 3, 3, 0, 1, 1, 0, 3, 2, 2, 2, 2, 0, 1, 1, 0, 4, 0, 1, 2, 2, 1, 4, 0, 3, 2, 1, 2, 1, 2, 3, 1, 1, 3, 0, 4, 4, 1, 4, 3, 1, 2, 4, 1, 1, 1, 1, 1, 3, 1, 1, 1, 1, 1, 1, 1, 2, 1, 4, 3, 2, 2, 1, 2, 2, 0, 1, 1, 1, 4]|[1, 1, 1, 1, 3, 3, 0, 0, 0, 0, 0, 2, 0, 1, 0, 0, 3, 1, 0, 0, 0, 3, 1, 0, 2, 0, 0, 0, 1, 3, 0, 0, 0, 0, 1, 0, 0, 2, 1, 1, 1, 1, 0, 0, 0, 0, 2, 1, 0, 0, 0, 1, 3, 0, 0, 1, 0, 1, 0, 1, 2, 0, 0, 2, 1, 0, 2, 1, 1, 0, 3, 1, 3, 0, 0, 0, 2, 0, 0, 0, 0, 0, 1, 0, 0, 0, 1, 0, 0, 2, 1, 0, 1, 0, 0, 1, 1, 0, 0, 2],733.3116759547878,58140.55643565909,96674.14109675489,false
18,G4_BALANCED,G4_BALANCED,[31, 11, 82, 15, 26, 9, 95, 42, 77, 68, 47, 5, 93, 78, 86, 54, 85, 63, 18, 44, 20, 49, 36, 14, 74, 50, 53, 17, 21, 45, 71, 64, 3, 23, 30, 83, 24, 41, 60, 52, 65, 27, 90, 70, 39, 87, 48, 69, 99, 4, 46, 1, 13, 58, 97, 59, 28, 75, 73, 37, 35, 79, 22, 66, 76, 32, 40, 80, 96, 6, 61, 16, 33, 7, 57, 34, 12, 67, 10, 98, 56, 88, 29, 25, 91, 38, 19, 92, 43, 84, 51, 72, 81, 8, 2, 55, 0, 62, 89, 94]|[2, 1, 2, 1, 1, 2, 1, 1, 1, 1, 1, 0, 2, 2, 1, 2, 0, 0, 0, 2, 2, 1, 0, 2, 0, 2, 2, 1, 0, 1, 1, 1, 0, 0, 1, 0, 2, 1, 2, 2, 0, 0, 1, 1, 0, 2, 0, 2, 1, 0, 0, 2, 0, 0, 2, 0, 1, 1, 0, 0, 2, 1, 0, 2, 2, 0, 2, 2, 0, 1, 1, 2, 1, 2, 0, 1, 1, 1, 1, 2, 2, 1, 1, 1, 1, 0, 1, 0, 1, 0, 1, 1, 1, 0, 2, 0, 0, 1, 1, 2]|[0, 3, 0, 2, 4, 1, 4, 4, 2, 4, 3, 2, 1, 0, 2, 1, 1, 1, 2, 1, 1, 3, 0, 1, 0, 1, 1, 4, 1, 4, 3, 2, 2, 0, 4, 1, 1, 4, 0, 1, 2, 1, 4, 4, 1, 1, 0, 2, 3, 1, 2, 1, 2, 1, 1, 2, 4, 3, 0, 2, 2, 3, 1, 0, 1, 2, 0, 1, 2, 4, 3, 1, 4, 1, 2, 4, 3, 3, 3, 1, 1, 4, 3, 4, 3, 2, 4, 2, 4, 2, 3, 4, 1, 2, 1, 2, 2, 3, 4, 1]|[0, 2, 0, 1, 3, 0, 1, 3, 0, 0, 2, 0, 1, 0, 1, 0, 0, 0, 1, 0, 0, 2, 0, 0, 1, 0, 0, 3, 0, 1, 0, 2, 0, 1, 3, 0, 1, 3, 0, 0, 0, 0, 1, 3, 0, 0, 1, 0, 2, 0, 0, 0, 0, 0, 1, 0, 1, 0, 1, 1, 0, 2, 0, 0, 0, 0, 0, 0, 0, 2, 0, 0, 1, 0, 0, 1, 0, 0, 3, 0, 0, 1, 0, 3, 0, 0, 3, 0, 2, 0, 0, 2, 1, 0, 0, 0, 0, 0, 1, 0],855.0393744413956,51684.66824914086,111484.00316030454,false
18,G2_TEC,G2_TEC,[31, 22, 82, 15, 26, 9, 95, 42, 77, 68, 47, 5, 93, 78, 86, 54, 85, 63, 18, 44, 20, 49, 36, 14, 74, 50, 53, 25, 21, 28, 71, 64, 3, 23, 30, 83, 24, 41, 40, 52, 65, 27, 90, 70, 39, 87, 48, 69, 99, 4, 46, 1, 13, 58, 97, 59, 45, 8, 73, 37, 35, 79, 11, 66, 76, 32, 60, 80, 96, 6, 16, 61, 33, 7, 57, 34, 12, 67, 10, 98, 56, 88, 29, 75, 91, 38, 19, 92, 43, 84, 51, 72, 81, 17, 2, 55, 0, 62, 89, 94]|[2, 1, 2, 1, 1, 2, 1, 1, 1, 1, 1, 0, 2, 2, 1, 2, 0, 0, 0, 2, 2, 1, 0, 2, 0, 2, 2, 1, 0, 1, 1, 1, 0, 0, 1, 0, 2, 1, 2, 2, 0, 0, 1, 1, 0, 2, 0, 2, 1, 0, 0, 2, 0, 0, 2, 0, 1, 1, 0, 0, 2, 1, 0, 2, 2, 0, 2, 2, 0, 1, 2, 1, 1, 2, 0, 1, 1, 1, 1, 2, 2, 1, 1, 0, 1, 0, 1, 0, 1, 0, 1, 1, 1, 1, 2, 0, 0, 1, 1, 2]|[0, 3, 0, 3, 4, 1, 4, 4, 2, 4, 3, 2, 1, 0, 2, 1, 1, 1, 2, 1, 1, 3, 0, 1, 0, 1, 1, 4, 1, 4, 3, 2, 2, 0, 4, 1, 1, 4, 0, 1, 2, 1, 4, 4, 1, 1, 0, 2, 3, 1, 2, 1, 2, 1, 1, 2, 4, 3, 0, 2, 2, 3, 1, 0, 1, 2, 0, 1, 2, 4, 1, 3, 4, 1, 2, 4, 3, 3, 3, 1, 1, 4, 3, 2, 3, 2, 4, 2, 4, 2, 3, 4, 4, 4, 1, 2, 2, 3, 4, 1]|[0, 2, 0, 0, 3, 0, 1, 3, 0, 0, 2, 0, 1, 0, 1, 0, 0, 0, 1, 0, 0, 2, 0, 0, 1, 0, 0, 3, 0, 1, 0, 2, 0, 0, 3, 0, 1, 3, 0, 0, 0, 0, 1, 3, 0, 0, 1, 0, 2, 0, 0, 0, 0, 0, 1, 0, 1, 0, 1, 1, 0, 2, 0, 0, 0, 0, 0, 0, 0, 2, 0, 0, 1, 0, 0, 1, 0, 0, 3, 0, 0, 1, 0, 0, 0, 0, 3, 0, 2, 0, 0, 2, 1, 3, 0, 0, 0, 0, 1, 0],890.9074744783937,50765.917855663734,113588.58833646381,false
18,G3_TWC,G1_CMAX,[31, 22, 82, 15, 26, 9, 42, 95, 77, 12, 47, 5, 93, 78, 86, 54, 85, 63, 18, 44, 20, 35, 43, 97, 91, 76, 10, 30, 21, 45, 71, 64, 1, 23, 17, 83, 24, 14, 60, 36, 6, 57, 94, 88, 65, 56, 79, 40, 67, 68, 46, 75, 38, 58, 19, 32, 81, 41, 27, 62, 87, 90, 99, 59, 11, 16, 72, 73, 69, 39, 37, 84, 3, 92, 25, 55, 28, 29, 51, 7, 33, 61, 98, 66, 89, 50, 8, 96, 53, 80, 4, 48, 34, 2, 52, 13, 0, 70, 49, 74]|[1, 1, 0, 1, 1, 1, 2, 1, 2, 1, 2, 2, 2, 1, 1, 0, 0, 1, 0, 2, 2, 0, 1, 2, 0, 1, 2, 2, 0, 0, 1, 2, 1, 2, 1, 0, 2, 0, 1, 1, 0, 1, 1, 1, 0, 2, 1, 1, 0, 0, 0, 0, 1, 1, 2, 1, 2, 0, 0, 0, 2, 1, 0, 1, 2, 1, 2, 1, 1, 1, 1, 1, 1, 0, 1, 2, 0, 0, 0, 1, 2, 1, 0, 2, 1, 0, 1, 0, 0, 0, 0, 0, 2, 0, 1, 0, 0, 1, 0, 2]|[4, 3, 2, 2, 0, 0, 2, 2, 2, 4, 1, 1, 2, 4, 4, 1, 2, 4, 2, 1, 1, 1, 1, 2, 1, 2, 1, 1, 1, 1, 3, 2, 3, 0, 4, 0, 1, 1, 0, 3, 2, 2, 2, 0, 1, 1, 0, 4, 0, 1, 2, 2, 1, 4, 0, 3, 2, 1, 1, 2, 1, 3, 1, 1, 1, 3, 0, 4, 3, 1, 4, 1, 1, 0, 4, 1, 2, 1, 1, 3, 1, 3, 1, 1, 1, 1, 3, 1, 2, 1, 2, 1, 1, 2, 1, 2, 2, 3, 1, 1]|[0, 2, 1, 1, 3, 3, 0, 1, 0, 0, 0, 0, 1, 0, 1, 0, 0, 3, 1, 0, 0, 0, 3, 1, 0, 2, 0, 0, 0, 1, 0, 0, 0, 0, 3, 0, 1, 0, 0, 2, 1, 1, 1, 0, 0, 0, 0, 2, 1, 0, 0, 0, 1, 3, 0, 0, 1, 0, 0, 1, 0, 2, 0, 1, 0, 2, 1, 0, 0, 1, 1, 3, 1, 1, 3, 0, 1, 0, 0, 2, 0, 0, 0, 0, 1, 0, 2, 0, 1, 0, 1, 0, 0, 0, 1, 0, 0, 0, 1, 0],801.427594812029,57868.49349465401,91455.85780813712,true
18,G1_CMAX,G1_CMAX,[31, 22, 82, 15, 26, 9, 42, 77, 12, 5, 47, 93, 78, 86, 54, 6, 63, 18, 44, 20, 35, 43, 97, 91, 76, 10, 30, 21, 45, 17, 23, 1, 71, 83, 24, 14, 60, 36, 85, 57, 40, 95, 88, 65, 56, 79, 94, 67, 68, 46, 75, 38, 58, 19, 32, 81, 41, 62, 87, 28, 90, 59, 11, 16, 72, 73, 69, 52, 37, 64, 84, 3, 25, 29, 55, 51, 7, 98, 61, 66, 99, 33, 89, 48, 50, 96, 53, 80, 4, 8, 27, 2, 39, 13, 0, 92, 49, 74, 34, 70]|[1, 1, 0, 1, 1, 1, 2, 2, 1, 2, 2, 1, 1, 1, 0, 0, 1, 0, 2, 2, 0, 1, 2, 2, 1, 2, 2, 0, 0, 1, 2, 1, 1, 0, 2, 0, 1, 1, 0, 1, 1, 1, 1, 0, 2, 1, 1, 0, 0, 0, 0, 1, 1, 2, 1, 2, 0, 0, 2, 0, 1, 2, 2, 1, 2, 1, 1, 1, 1, 1, 1, 2, 1, 0, 2, 0, 1, 2, 1, 0, 0, 2, 1, 0, 0, 2, 0, 0, 1, 1, 0, 0, 1, 0, 0, 0, 0, 2, 2, 1]|[0, 3, 1, 2, 0, 0, 1, 1, 4, 1, 1, 4, 4, 4, 2, 2, 4, 2, 1, 1, 1, 1, 2, 1, 2, 1, 1, 1, 1, 4, 0, 3, 3, 0, 1, 1, 0, 3, 2, 2, 2, 2, 0, 1, 1, 0, 4, 0, 1, 2, 2, 1, 4, 0, 3, 2, 1, 2, 1, 2, 3, 1, 1, 3, 0, 4, 4, 1, 4, 3, 1, 2, 4, 1, 1, 1, 1, 1, 3, 1, 1, 1, 1, 1, 1, 1, 2, 1, 4, 3, 2, 2, 1, 2, 2, 0, 1, 1, 1, 4]|[1, 1, 1, 1, 3, 3, 0, 0, 0, 0, 0, 2, 0, 1, 0, 0, 3, 1, 0, 0, 0, 3, 1, 0, 2, 0, 0, 0, 1, 3, 0, 0, 0, 0, 1, 0, 0, 2, 1, 1, 1, 1, 0, 0, 0, 0, 2, 1, 0, 0, 0, 1, 3, 0, 0, 1, 0, 1, 0, 1, 2, 0, 0, 2, 1, 0, 2, 1, 1, 0, 3, 1, 3, 0, 0, 0, 2, 0, 0, 0, 0, 0, 1, 0, 0, 0, 1, 0, 0, 2, 1, 0, 1, 0, 0, 1, 1, 0, 0, 2],733.3116759547878,58140.55643565909,96674.14109675489,false
18,G4_BALANCED,G4_BALANCED,[31, 11, 82, 15, 26, 9, 95, 42, 77, 68, 47, 5, 93, 78, 86, 54, 85, 63, 18, 44, 20, 49, 36, 14, 74, 50, 53, 17, 21, 45, 71, 64, 3, 23, 30, 83, 24, 41, 60, 52, 65, 27, 90, 70, 39, 87, 48, 69, 99, 4, 46, 1, 13, 58, 97, 59, 28, 75, 73, 37, 35, 79, 22, 66, 76, 32, 40, 80, 96, 6, 61, 16, 33, 7, 57, 34, 12, 67, 10, 98, 56, 88, 29, 25, 91, 38, 19, 92, 43, 84, 51, 72, 81, 8, 2, 55, 0, 62, 89, 94]|[2, 1, 2, 1, 1, 2, 1, 1, 1, 1, 1, 0, 2, 2, 1, 2, 0, 0, 0, 2, 2, 1, 0, 2, 0, 2, 2, 1, 0, 1, 1, 1, 0, 0, 1, 0, 2, 1, 2, 2, 0, 0, 1, 1, 0, 2, 0, 2, 1, 0, 0, 2, 0, 0, 2, 0, 1, 1, 0, 0, 2, 1, 0, 2, 2, 0, 2, 2, 0, 1, 1, 2, 1, 2, 0, 1, 1, 1, 1, 2, 2, 1, 1, 1, 1, 0, 1, 0, 1, 0, 1, 1, 1, 0, 2, 0, 0, 1, 1, 2]|[0, 3, 0, 2, 4, 1, 4, 4, 2, 4, 3, 2, 1, 0, 2, 1, 1, 1, 2, 1, 1, 3, 0, 1, 0, 1, 1, 4, 1, 4, 3, 2, 2, 0, 4, 1, 1, 4, 0, 1, 2, 1, 4, 4, 1, 1, 0, 2, 3, 1, 2, 1, 2, 1, 1, 2, 4, 3, 0, 2, 2, 3, 1, 0, 1, 2, 0, 1, 2, 4, 3, 1, 4, 1, 2, 4, 3, 3, 3, 1, 1, 4, 3, 4, 3, 2, 4, 2, 4, 2, 3, 4, 1, 2, 1, 2, 2, 3, 4, 1]|[0, 2, 0, 1, 3, 0, 1, 3, 0, 0, 2, 0, 1, 0, 1, 0, 0, 0, 1, 0, 0, 2, 0, 0, 1, 0, 0, 3, 0, 1, 0, 2, 0, 1, 3, 0, 1, 3, 0, 0, 0, 0, 1, 3, 0, 0, 1, 0, 2, 0, 0, 0, 0, 0, 1, 0, 1, 0, 1, 1, 0, 2, 0, 0, 0, 0, 0, 0, 0, 2, 0, 0, 1, 0, 0, 1, 0, 0, 3, 0, 0, 1, 0, 3, 0, 0, 3, 0, 2, 0, 0, 2, 1, 0, 0, 0, 0, 0, 1, 0],855.0393744413956,51684.66824914086,111484.00316030454,false
18,G2_TEC,G2_TEC,[31, 22, 82, 15, 26, 9, 95, 42, 77, 68, 47, 5, 93, 78, 86, 54, 85, 63, 18, 44, 20, 49, 36, 14, 74, 50, 53, 25, 21, 28, 71, 64, 3, 23, 30, 83, 24, 41, 40, 52, 65, 27, 90, 70, 39, 87, 48, 69, 99, 4, 46, 1, 13, 58, 97, 59, 45, 8, 73, 37, 35, 79, 11, 66, 76, 32, 60, 80, 96, 6, 16, 61, 33, 7, 57, 34, 12, 67, 10, 98, 56, 88, 29, 75, 91, 38, 19, 92, 43, 84, 51, 72, 81, 17, 2, 55, 0, 62, 89, 94]|[2, 1, 2, 1, 1, 2, 1, 1, 1, 1, 1, 0, 2, 2, 1, 2, 0, 0, 0, 2, 2, 1, 0, 2, 0, 2, 2, 1, 0, 1, 1, 1, 0, 0, 1, 0, 2, 1, 2, 2, 0, 0, 1, 1, 0, 2, 0, 2, 1, 0, 0, 2, 0, 0, 2, 0, 1, 1, 0, 0, 2, 1, 0, 2, 2, 0, 2, 2, 0, 1, 2, 1, 1, 2, 0, 1, 1, 1, 1, 2, 2, 1, 1, 0, 1, 0, 1, 0, 1, 0, 1, 1, 1, 1, 2, 0, 0, 1, 1, 2]|[0, 3, 0, 3, 4, 1, 4, 4, 2, 4, 3, 2, 1, 0, 2, 1, 1, 1, 2, 1, 1, 3, 0, 1, 0, 1, 1, 4, 1, 4, 3, 2, 2, 0, 4, 1, 1, 4, 0, 1, 2, 1, 4, 4, 1, 1, 0, 2, 3, 1, 2, 1, 2, 1, 1, 2, 4, 3, 0, 2, 2, 3, 1, 0, 1, 2, 0, 1, 2, 4, 1, 3, 4, 1, 2, 4, 3, 3, 3, 1, 1, 4, 3, 2, 3, 2, 4, 2, 4, 2, 3, 4, 4, 4, 1, 2, 2, 3, 4, 1]|[0, 2, 0, 0, 3, 0, 1, 3, 0, 0, 2, 0, 1, 0, 1, 0, 0, 0, 1, 0, 0, 2, 0, 0, 1, 0, 0, 3, 0, 1, 0, 2, 0, 0, 3, 0, 1, 3, 0, 0, 0, 0, 1, 3, 0, 0, 1, 0, 2, 0, 0, 0, 0, 0, 1, 0, 1, 0, 1, 1, 0, 2, 0, 0, 0, 0, 0, 0, 0, 2, 0, 0, 1, 0, 0, 1, 0, 0, 3, 0, 0, 1, 0, 0, 0, 0, 3, 0, 2, 0, 0, 2, 1, 3, 0, 0, 0, 0, 1, 0],890.9074744783937,50765.917855663734,113588.58833646381,false
18,G3_TWC,G1_CMAX,[31, 22, 82, 15, 26, 9, 42, 95, 77, 12, 47, 5, 93, 78, 86, 54, 85, 63, 18, 44, 20, 35, 43, 97, 91, 76, 10, 30, 21, 45, 71, 64, 1, 23, 17, 83, 24, 14, 60, 36, 6, 57, 94, 88, 65, 56, 79, 40, 67, 68, 46, 75, 38, 58, 19, 32, 81, 41, 27, 62, 87, 90, 99, 59, 11, 16, 72, 73, 69, 39, 37, 84, 3, 92, 25, 55, 28, 29, 51, 7, 33, 61, 98, 66, 89, 50, 8, 96, 53, 80, 4, 48, 34, 2, 52, 13, 0, 70, 49, 74]|[1, 1, 0, 1, 1, 1, 2, 1, 2, 1, 2, 2, 2, 1, 1, 0, 0, 1, 0, 2, 2, 0, 1, 2, 0, 1, 2, 2, 0, 0, 1, 2, 1, 2, 1, 0, 2, 0, 1, 1, 0, 1, 1, 1, 0, 2, 1, 1, 0, 0, 0, 0, 1, 1, 2, 1, 2, 0, 0, 0, 2, 1, 0, 1, 2, 1, 2, 1, 1, 1, 1, 1, 1, 0, 1, 2, 0, 0, 0, 1, 2, 1, 0, 2, 1, 0, 1, 0, 0, 0, 0, 0, 2, 0, 1, 0, 0, 1, 0, 2]|[4, 3, 2, 2, 0, 0, 2, 2, 2, 4, 1, 1, 2, 4, 4, 1, 2, 4, 2, 1, 1, 1, 1, 2, 1, 2, 1, 1, 1, 1, 3, 2, 3, 0, 4, 0, 1, 1, 0, 3, 2, 2, 2, 0, 1, 1, 0, 4, 0, 1, 2, 2, 1, 4, 0, 3, 2, 1, 1, 2, 1, 3, 1, 1, 1, 3, 0, 4, 3, 1, 4, 1, 1, 0, 4, 1, 2, 1, 1, 3, 1, 3, 1, 1, 1, 1, 3, 1, 2, 1, 2, 1, 1, 2, 1, 2, 2, 3, 1, 1]|[0, 2, 1, 1, 3, 3, 0, 1, 0, 0, 0, 0, 1, 0, 1, 0, 0, 3, 1, 0, 0, 0, 3, 1, 0, 2, 0, 0, 0, 1, 0, 0, 0, 0, 3, 0, 1, 0, 0, 2, 1, 1, 1, 0, 0, 0, 0, 2, 1, 0, 0, 0, 1, 3, 0, 0, 1, 0, 0, 1, 0, 2, 0, 1, 0, 2, 1, 0, 0, 1, 1, 3, 1, 1, 3, 0, 1, 0, 0, 2, 0, 0, 0, 0, 1, 0, 2, 0, 1, 0, 1, 0, 0, 0, 1, 0, 0, 0, 1, 0],801.427594812029,57868.49349465401,91455.85780813712,true
18,G1_CMAX,G1_CMAX,[31, 22, 82, 15, 26, 9, 42, 77, 12, 5, 47, 93, 78, 86, 54, 6, 63, 18, 44, 20, 35, 43, 97, 91, 76, 10, 30, 21, 45, 17, 23, 1, 71, 83, 24, 14, 60, 36, 85, 57, 40, 95, 88, 65, 56, 79, 94, 67, 68, 46, 75, 38, 58, 19, 32, 81, 41, 62, 87, 28, 90, 59, 11, 16, 72, 73, 69, 52, 37, 64, 84, 3, 25, 29, 55, 51, 7, 98, 61, 66, 99, 33, 89, 48, 50, 96, 53, 80, 4, 8, 27, 2, 39, 13, 0, 92, 49, 74, 34, 70]|[1, 1, 0, 1, 1, 1, 2, 2, 1, 2, 2, 1, 1, 1, 0, 0, 1, 0, 2, 2, 0, 1, 2, 2, 1, 2, 2, 0, 0, 1, 2, 1, 1, 0, 2, 0, 1, 1, 0, 1, 1, 1, 1, 0, 2, 1, 1, 0, 0, 0, 0, 1, 1, 2, 1, 2, 0, 0, 2, 0, 1, 2, 2, 1, 2, 1, 1, 1, 1, 1, 1, 2, 1, 0, 2, 0, 1, 2, 1, 0, 0, 2, 1, 0, 0, 2, 0, 0, 1, 1, 0, 0, 1, 0, 0, 0, 0, 2, 2, 1]|[0, 3, 1, 2, 0, 0, 1, 1, 4, 1, 1, 4, 4, 4, 2, 2, 4, 2, 1, 1, 1, 1, 2, 1, 2, 1, 1, 1, 1, 4, 0, 3, 3, 0, 1, 1, 0, 3, 2, 2, 2, 2, 0, 1, 1, 0, 4, 0, 1, 2, 2, 1, 4, 0, 3, 2, 1, 2, 1, 2, 3, 1, 1, 3, 0, 4, 4, 1, 4, 3, 1, 2, 4, 1, 1, 1, 1, 1, 3, 1, 1, 1, 1, 1, 1, 1, 2, 1, 4, 3, 2, 2, 1, 2, 2, 0, 1, 1, 1, 4]|[1, 1, 1, 1, 3, 3, 0, 0, 0, 0, 0, 2, 0, 1, 0, 0, 3, 1, 0, 0, 0, 3, 1, 0, 2, 0, 0, 0, 1, 3, 0, 0, 0, 0, 1, 0, 0, 2, 1, 1, 1, 1, 0, 0, 0, 0, 2, 1, 0, 0, 0, 1, 3, 0, 0, 1, 0, 1, 0, 1, 2, 0, 0, 2, 1, 0, 2, 1, 1, 0, 3, 1, 3, 0, 0, 0, 2, 0, 0, 0, 0, 0, 1, 0, 0, 0, 1, 0, 0, 2, 1, 0, 1, 0, 0, 1, 1, 0, 0, 2],733.3116759547878,58140.55643565909,96674.14109675489,false
18,G4_BALANCED,G4_BALANCED,[31, 11, 82, 15, 26, 9, 95, 42, 77, 68, 47, 5, 93, 78, 86, 54, 85, 63, 18, 44, 20, 49, 36, 14, 74, 50, 53, 17, 21, 45, 71, 64, 3, 23, 30, 83, 24, 41, 60, 52, 65, 27, 90, 70, 39, 87, 48, 69, 99, 4, 46, 1, 13, 58, 97, 59, 28, 75, 73, 37, 35, 79, 22, 66, 76, 32, 40, 80, 96, 6, 61, 16, 33, 7, 57, 34, 12, 67, 10, 98, 56, 88, 29, 25, 91, 38, 19, 92, 43, 84, 51, 72, 81, 8, 2, 55, 0, 62, 89, 94]|[2, 1, 2, 1, 1, 2, 1, 1, 1, 1, 1, 0, 2, 2, 1, 2, 0, 0, 0, 2, 2, 1, 0, 2, 0, 2, 2, 1, 0, 1, 1, 1, 0, 0, 1, 0, 2, 1, 2, 2, 0, 0, 1, 1, 0, 2, 0, 2, 1, 0, 0, 2, 0, 0, 2, 0, 1, 1, 0, 0, 2, 1, 0, 2, 2, 0, 2, 2, 0, 1, 1, 2, 1, 2, 0, 1, 1, 1, 1, 2, 2, 1, 1, 1, 1, 0, 1, 0, 1, 0, 1, 1, 1, 0, 2, 0, 0, 1, 1, 2]|[0, 3, 0, 2, 4, 1, 4, 4, 2, 4, 3, 2, 1, 0, 2, 1, 1, 1, 2, 1, 1, 3, 0, 1, 0, 1, 1, 4, 1, 4, 3, 2, 2, 0, 4, 1, 1, 4, 0, 1, 2, 1, 4, 4, 1, 1, 0, 2, 3, 1, 2, 1, 2, 1, 1, 2, 4, 3, 0, 2, 2, 3, 1, 0, 1, 2, 0, 1, 2, 4, 3, 1, 4, 1, 2, 4, 3, 3, 3, 1, 1, 4, 3, 4, 3, 2, 4, 2, 4, 2, 3, 4, 1, 2, 1, 2, 2, 3, 4, 1]|[0, 2, 0, 1, 3, 0, 1, 3, 0, 0, 2, 0, 1, 0, 1, 0, 0, 0, 1, 0, 0, 2, 0, 0, 1, 0, 0, 3, 0, 1, 0, 2, 0, 1, 3, 0, 1, 3, 0, 0, 0, 0, 1, 3, 0, 0, 1, 0, 2, 0, 0, 0, 0, 0, 1, 0, 1, 0, 1, 1, 0, 2, 0, 0, 0, 0, 0, 0, 0, 2, 0, 0, 1, 0, 0, 1, 0, 0, 3, 0, 0, 1, 0, 3, 0, 0, 3, 0, 2, 0, 0, 2, 1, 0, 0, 0, 0, 0, 1, 0],855.0393744413956,51684.66824914086,111484.00316030454,false
18,G2_TEC,G2_TEC,[31, 22, 82, 15, 26, 9, 95, 42, 77, 68, 47, 5, 93, 78, 86, 54, 85, 63, 18, 44, 20, 49, 36, 14, 74, 50, 53, 25, 21, 28, 71, 64, 3, 23, 30, 83, 24, 41, 40, 52, 65, 27, 90, 70, 39, 87, 48, 69, 99, 4, 46, 1, 13, 58, 97, 59, 45, 8, 73, 37, 35, 79, 11, 66, 76, 32, 60, 80, 96, 6, 16, 61, 33, 7, 57, 34, 12, 67, 10, 98, 56, 88, 29, 75, 91, 38, 19, 92, 43, 84, 51, 72, 81, 17, 2, 55, 0, 62, 89, 94]|[2, 1, 2, 1, 1, 2, 1, 1, 1, 1, 1, 0, 2, 2, 1, 2, 0, 0, 0, 2, 2, 1, 0, 2, 0, 2, 2, 1, 0, 1, 1, 1, 0, 0, 1, 0, 2, 1, 2, 2, 0, 0, 1, 1, 0, 2, 0, 2, 1, 0, 0, 2, 0, 0, 2, 0, 1, 1, 0, 0, 2, 1, 0, 2, 2, 0, 2, 2, 0, 1, 2, 1, 1, 2, 0, 1, 1, 1, 1, 2, 2, 1, 1, 0, 1, 0, 1, 0, 1, 0, 1, 1, 1, 1, 2, 0, 0, 1, 1, 2]|[0, 3, 0, 3, 4, 1, 4, 4, 2, 4, 3, 2, 1, 0, 2, 1, 1, 1, 2, 1, 1, 3, 0, 1, 0, 1, 1, 4, 1, 4, 3, 2, 2, 0, 4, 1, 1, 4, 0, 1, 2, 1, 4, 4, 1, 1, 0, 2, 3, 1, 2, 1, 2, 1, 1, 2, 4, 3, 0, 2, 2, 3, 1, 0, 1, 2, 0, 1, 2, 4, 1, 3, 4, 1, 2, 4, 3, 3, 3, 1, 1, 4, 3, 2, 3, 2, 4, 2, 4, 2, 3, 4, 4, 4, 1, 2, 2, 3, 4, 1]|[0, 2, 0, 0, 3, 0, 1, 3, 0, 0, 2, 0, 1, 0, 1, 0, 0, 0, 1, 0, 0, 2, 0, 0, 1, 0, 0, 3, 0, 1, 0, 2, 0, 0, 3, 0, 1, 3, 0, 0, 0, 0, 1, 3, 0, 0, 1, 0, 2, 0, 0, 0, 0, 0, 1, 0, 1, 0, 1, 1, 0, 2, 0, 0, 0, 0, 0, 0, 0, 2, 0, 0, 1, 0, 0, 1, 0, 0, 3, 0, 0, 1, 0, 0, 0, 0, 3, 0, 2, 0, 0, 2, 1, 3, 0, 0, 0, 0, 1, 0],890.9074744783937,50765.917855663734,113588.58833646381,false
18,G3_TWC,G1_CMAX,[31, 22, 82, 15, 26, 9, 42, 95, 77, 12, 47, 5, 93, 78, 86, 54, 85, 63, 18, 44, 20, 35, 43, 97, 91, 76, 10, 30, 21, 45, 71, 64, 1, 23, 17, 83, 24, 14, 60, 36, 6, 57, 94, 88, 65, 56, 79, 40, 67, 68, 46, 75, 38, 58, 19, 32, 81, 41, 27, 62, 87, 90, 99, 59, 11, 16, 72, 73, 69, 39, 37, 84, 3, 92, 25, 55, 28, 29, 51, 7, 33, 61, 98, 66, 89, 50, 8, 96, 53, 80, 4, 48, 34, 2, 52, 13, 0, 70, 49, 74]|[1, 1, 0, 1, 1, 1, 2, 1, 2, 1, 2, 2, 2, 1, 1, 0, 0, 1, 0, 2, 2, 0, 1, 2, 0, 1, 2, 2, 0, 0, 1, 2, 1, 2, 1, 0, 2, 0, 1, 1, 0, 1, 1, 1, 0, 2, 1, 1, 0, 0, 0, 0, 1, 1, 2, 1, 2, 0, 0, 0, 2, 1, 0, 1, 2, 1, 2, 1, 1, 1, 1, 1, 1, 0, 1, 2, 0, 0, 0, 1, 2, 1, 0, 2, 1, 0, 1, 0, 0, 0, 0, 0, 2, 0, 1, 0, 0, 1, 0, 2]|[4, 3, 2, 2, 0, 0, 2, 2, 2, 4, 1, 1, 2, 4, 4, 1, 2, 4, 2, 1, 1, 1, 1, 2, 1, 2, 1, 1, 1, 1, 3, 2, 3, 0, 4, 0, 1, 1, 0, 3, 2, 2, 2, 0, 1, 1, 0, 4, 0, 1, 2, 2, 1, 4, 0, 3, 2, 1, 1, 2, 1, 3, 1, 1, 1, 3, 0, 4, 3, 1, 4, 1, 1, 0, 4, 1, 2, 1, 1, 3, 1, 3, 1, 1, 1, 1, 3, 1, 2, 1, 2, 1, 1, 2, 1, 2, 2, 3, 1, 1]|[0, 2, 1, 1, 3, 3, 0, 1, 0, 0, 0, 0, 1, 0, 1, 0, 0, 3, 1, 0, 0, 0, 3, 1, 0, 2, 0, 0, 0, 1, 0, 0, 0, 0, 3, 0, 1, 0, 0, 2, 1, 1, 1, 0, 0, 0, 0, 2, 1, 0, 0, 0, 1, 3, 0, 0, 1, 0, 0, 1, 0, 2, 0, 1, 0, 2, 1, 0, 0, 1, 1, 3, 1, 1, 3, 0, 1, 0, 0, 2, 0, 0, 0, 0, 1, 0, 2, 0, 1, 0, 1, 0, 0, 0, 1, 0, 0, 0, 1, 0],801.427594812029,57868.49349465401,91455.85780813712,true
18,G1_CMAX,G1_CMAX,[31, 22, 82, 15, 26, 9, 42, 77, 12, 5, 47, 93, 78, 86, 54, 6, 63, 18, 44, 20, 35, 43, 97, 91, 76, 10, 30, 21, 45, 17, 23, 1, 71, 83, 24, 14, 60, 36, 85, 57, 40, 95, 88, 65, 56, 79, 94, 67, 68, 46, 75, 38, 58, 19, 32, 81, 41, 62, 87, 28, 90, 59, 11, 16, 72, 73, 69, 52, 37, 64, 84, 3, 25, 29, 55, 51, 7, 98, 61, 66, 99, 33, 89, 48, 50, 96, 53, 80, 4, 8, 27, 2, 39, 13, 0, 92, 49, 74, 34, 70]|[1, 1, 0, 1, 1, 1, 2, 2, 1, 2, 2, 1, 1, 1, 0, 0, 1, 0, 2, 2, 0, 1, 2, 2, 1, 2, 2, 0, 0, 1, 2, 1, 1, 0, 2, 0, 1, 1, 0, 1, 1, 1, 1, 0, 2, 1, 1, 0, 0, 0, 0, 1, 1, 2, 1, 2, 0, 0, 2, 0, 1, 2, 2, 1, 2, 1, 1, 1, 1, 1, 1, 2, 1, 0, 2, 0, 1, 2, 1, 0, 0, 2, 1, 0, 0, 2, 0, 0, 1, 1, 0, 0, 1, 0, 0, 0, 0, 2, 2, 1]|[0, 3, 1, 2, 0, 0, 1, 1, 4, 1, 1, 4, 4, 4, 2, 2, 4, 2, 1, 1, 1, 1, 2, 1, 2, 1, 1, 1, 1, 4, 0, 3, 3, 0, 1, 1, 0, 3, 2, 2, 2, 2, 0, 1, 1, 0, 4, 0, 1, 2, 2, 1, 4, 0, 3, 2, 1, 2, 1, 2, 3, 1, 1, 3, 0, 4, 4, 1, 4, 3, 1, 2, 4, 1, 1, 1, 1, 1, 3, 1, 1, 1, 1, 1, 1, 1, 2, 1, 4, 3, 2, 2, 1, 2, 2, 0, 1, 1, 1, 4]|[1, 1, 1, 1, 3, 3, 0, 0, 0, 0, 0, 2, 0, 1, 0, 0, 3, 1, 0, 0, 0, 3, 1, 0, 2, 0, 0, 0, 1, 3, 0, 0, 0, 0, 1, 0, 0, 2, 1, 1, 1, 1, 0, 0, 0, 0, 2, 1, 0, 0, 0, 1, 3, 0, 0, 1, 0, 1, 0, 1, 2, 0, 0, 2, 1, 0, 2, 1, 1, 0, 3, 1, 3, 0, 0, 0, 2, 0, 0, 0, 0, 0, 1, 0, 0, 0, 1, 0, 0, 2, 1, 0, 1, 0, 0, 1, 1, 0, 0, 2],733.3116759547878,58140.55643565909,96674.14109675489,false
18,G4_BALANCED,G4_BALANCED,[31, 11, 82, 15, 26, 9, 95, 42, 77, 68, 47, 5, 93, 78, 86, 54, 85, 63, 18, 44, 20, 49, 36, 14, 74, 50, 53, 17, 21, 45, 71, 64, 3, 23, 30, 83, 24, 41, 60, 52, 65, 27, 90, 70, 39, 87, 48, 69, 99, 4, 46, 1, 13, 58, 97, 59, 28, 75, 73, 37, 35, 79, 22, 66, 76, 32, 40, 80, 96, 6, 61, 16, 33, 7, 57, 34, 12, 67, 10, 98, 56, 88, 29, 25, 91, 38, 19, 92, 43, 84, 51, 72, 81, 8, 2, 55, 0, 62, 89, 94]|[2, 1, 2, 1, 1, 2, 1, 1, 1, 1, 1, 0, 2, 2, 1, 2, 0, 0, 0, 2, 2, 1, 0, 2, 0, 2, 2, 1, 0, 1, 1, 1, 0, 0, 1, 0, 2, 1, 2, 2, 0, 0, 1, 1, 0, 2, 0, 2, 1, 0, 0, 2, 0, 0, 2, 0, 1, 1, 0, 0, 2, 1, 0, 2, 2, 0, 2, 2, 0, 1, 1, 2, 1, 2, 0, 1, 1, 1, 1, 2, 2, 1, 1, 1, 1, 0, 1, 0, 1, 0, 1, 1, 1, 0, 2, 0, 0, 1, 1, 2]|[0, 3, 0, 2, 4, 1, 4, 4, 2, 4, 3, 2, 1, 0, 2, 1, 1, 1, 2, 1, 1, 3, 0, 1, 0, 1, 1, 4, 1, 4, 3, 2, 2, 0, 4, 1, 1, 4, 0, 1, 2, 1, 4, 4, 1, 1, 0, 2, 3, 1, 2, 1, 2, 1, 1, 2, 4, 3, 0, 2, 2, 3, 1, 0, 1, 2, 0, 1, 2, 4, 3, 1, 4, 1, 2, 4, 3, 3, 3, 1, 1, 4, 3, 4, 3, 2, 4, 2, 4, 2, 3, 4, 1, 2, 1, 2, 2, 3, 4, 1]|[0, 2, 0, 1, 3, 0, 1, 3, 0, 0, 2, 0, 1, 0, 1, 0, 0, 0, 1, 0, 0, 2, 0, 0, 1, 0, 0, 3, 0, 1, 0, 2, 0, 1, 3, 0, 1, 3, 0, 0, 0, 0, 1, 3, 0, 0, 1, 0, 2, 0, 0, 0, 0, 0, 1, 0, 1, 0, 1, 1, 0, 2, 0, 0, 0, 0, 0, 0, 0, 2, 0, 0, 1, 0, 0, 1, 0, 0, 3, 0, 0, 1, 0, 3, 0, 0, 3, 0, 2, 0, 0, 2, 1, 0, 0, 0, 0, 0, 1, 0],855.0393744413956,51684.66824914086,111484.00316030454,false
18,G2_TEC,G2_TEC,[31, 22, 82, 15, 26, 9, 95, 42, 77, 68, 47, 5, 93, 78, 86, 54, 85, 63, 18, 44, 20, 49, 36, 14, 74, 50, 53, 25, 21, 28, 71, 64, 3, 23, 30, 83, 24, 41, 40, 52, 65, 27, 90, 70, 39, 87, 48, 69, 99, 4, 46, 1, 13, 58, 97, 59, 45, 8, 73, 37, 35, 79, 11, 66, 76, 32, 60, 80, 96, 6, 16, 61, 33, 7, 57, 34, 12, 67, 10, 98, 56, 88, 29, 75, 91, 38, 19, 92, 43, 84, 51, 72, 81, 17, 2, 55, 0, 62, 89, 94]|[2, 1, 2, 1, 1, 2, 1, 1, 1, 1, 1, 0, 2, 2, 1, 2, 0, 0, 0, 2, 2, 1, 0, 2, 0, 2, 2, 1, 0, 1, 1, 1, 0, 0, 1, 0, 2, 1, 2, 2, 0, 0, 1, 1, 0, 2, 0, 2, 1, 0, 0, 2, 0, 0, 2, 0, 1, 1, 0, 0, 2, 1, 0, 2, 2, 0, 2, 2, 0, 1, 2, 1, 1, 2, 0, 1, 1, 1, 1, 2, 2, 1, 1, 0, 1, 0, 1, 0, 1, 0, 1, 1, 1, 1, 2, 0, 0, 1, 1, 2]|[0, 3, 0, 3, 4, 1, 4, 4, 2, 4, 3, 2, 1, 0, 2, 1, 1, 1, 2, 1, 1, 3, 0, 1, 0, 1, 1, 4, 1, 4, 3, 2, 2, 0, 4, 1, 1, 4, 0, 1, 2, 1, 4, 4, 1, 1, 0, 2, 3, 1, 2, 1, 2, 1, 1, 2, 4, 3, 0, 2, 2, 3, 1, 0, 1, 2, 0, 1, 2, 4, 1, 3, 4, 1, 2, 4, 3, 3, 3, 1, 1, 4, 3, 2, 3, 2, 4, 2, 4, 2, 3, 4, 4, 4, 1, 2, 2, 3, 4, 1]|[0, 2, 0, 0, 3, 0, 1, 3, 0, 0, 2, 0, 1, 0, 1, 0, 0, 0, 1, 0, 0, 2, 0, 0, 1, 0, 0, 3, 0, 1, 0, 2, 0, 0, 3, 0, 1, 3, 0, 0, 0, 0, 1, 3, 0, 0, 1, 0, 2, 0, 0, 0, 0, 0, 1, 0, 1, 0, 1, 1, 0, 2, 0, 0, 0, 0, 0, 0, 0, 2, 0, 0, 1, 0, 0, 1, 0, 0, 3, 0, 0, 1, 0, 0, 0, 0, 3, 0, 2, 0, 0, 2, 1, 3, 0, 0, 0, 0, 1, 0],890.9074744783937,50765.917855663734,113588.58833646381,false
18,G3_TWC,G1_CMAX,[31, 22, 82, 15, 26, 9, 42, 95, 77, 12, 47, 5, 93, 78, 86, 54, 85, 63, 18, 44, 20, 35, 43, 97, 91, 76, 10, 30, 21, 45, 71, 64, 1, 23, 17, 83, 24, 14, 60, 36, 6, 57, 94, 88, 65, 56, 79, 40, 67, 68, 46, 75, 38, 58, 19, 32, 81, 41, 27, 62, 87, 90, 99, 59, 11, 16, 72, 73, 69, 39, 37, 84, 3, 92, 25, 55, 28, 29, 51, 7, 33, 61, 98, 66, 89, 50, 8, 96, 53, 80, 4, 48, 34, 2, 52, 13, 0, 70, 49, 74]|[1, 1, 0, 1, 1, 1, 2, 1, 2, 1, 2, 2, 2, 1, 1, 0, 0, 1, 0, 2, 2, 0, 1, 2, 0, 1, 2, 2, 0, 0, 1, 2, 1, 2, 1, 0, 2, 0, 1, 1, 0, 1, 1, 1, 0, 2, 1, 1, 0, 0, 0, 0, 1, 1, 2, 1, 2, 0, 0, 0, 2, 1, 0, 1, 2, 1, 2, 1, 1, 1, 1, 1, 1, 0, 1, 2, 0, 0, 0, 1, 2, 1, 0, 2, 1, 0, 1, 0, 0, 0, 0, 0, 2, 0, 1, 0, 0, 1, 0, 2]|[4, 3, 2, 2, 0, 0, 2, 2, 2, 4, 1, 1, 2, 4, 4, 1, 2, 4, 2, 1, 1, 1, 1, 2, 1, 2, 1, 1, 1, 1, 3, 2, 3, 0, 4, 0, 1, 1, 0, 3, 2, 2, 2, 0, 1, 1, 0, 4, 0, 1, 2, 2, 1, 4, 0, 3, 2, 1, 1, 2, 1, 3, 1, 1, 1, 3, 0, 4, 3, 1, 4, 1, 1, 0, 4, 1, 2, 1, 1, 3, 1, 3, 1, 1, 1, 1, 3, 1, 2, 1, 2, 1, 1, 2, 1, 2, 2, 3, 1, 1]|[0, 2, 1, 1, 3, 3, 0, 1, 0, 0, 0, 0, 1, 0, 1, 0, 0, 3, 1, 0, 0, 0, 3, 1, 0, 2, 0, 0, 0, 1, 0, 0, 0, 0, 3, 0, 1, 0, 0, 2, 1, 1, 1, 0, 0, 0, 0, 2, 1, 0, 0, 0, 1, 3, 0, 0, 1, 0, 0, 1, 0, 2, 0, 1, 0, 2, 1, 0, 0, 1, 1, 3, 1, 1, 3, 0, 1, 0, 0, 2, 0, 0, 0, 0, 1, 0, 2, 0, 1, 0, 1, 0, 0, 0, 1, 0, 0, 0, 1, 0],801.427594812029,57868.49349465401,91455.85780813712,true
18,G1_CMAX,G1_CMAX,[31, 22, 82, 15, 26, 9, 42, 77, 12, 5, 47, 93, 78, 86, 54, 6, 63, 18, 44, 20, 35, 43, 97, 91, 76, 10, 30, 21, 45, 17, 23, 1, 71, 83, 24, 14, 60, 36, 85, 57, 40, 95, 88, 65, 56, 79, 94, 67, 68, 46, 75, 38, 58, 19, 32, 81, 41, 62, 87, 28, 90, 59, 11, 16, 72, 73, 69, 52, 37, 64, 84, 3, 25, 29, 55, 51, 7, 98, 61, 66, 99, 33, 89, 48, 50, 96, 53, 80, 4, 8, 27, 2, 39, 13, 0, 92, 49, 74, 34, 70]|[1, 1, 0, 1, 1, 1, 2, 2, 1, 2, 2, 1, 1, 1, 0, 0, 1, 0, 2, 2, 0, 1, 2, 2, 1, 2, 2, 0, 0, 1, 2, 1, 1, 0, 2, 0, 1, 1, 0, 1, 1, 1, 1, 0, 2, 1, 1, 0, 0, 0, 0, 1, 1, 2, 1, 2, 0, 0, 2, 0, 1, 2, 2, 1, 2, 1, 1, 1, 1, 1, 1, 2, 1, 0, 2, 0, 1, 2, 1, 0, 0, 2, 1, 0, 0, 2, 0, 0, 1, 1, 0, 0, 1, 0, 0, 0, 0, 2, 2, 1]|[0, 3, 1, 2, 0, 0, 1, 1, 4, 1, 1, 4, 4, 4, 2, 2, 4, 2, 1, 1, 1, 1, 2, 1, 2, 1, 1, 1, 1, 4, 0, 3, 3, 0, 1, 1, 0, 3, 2, 2, 2, 2, 0, 1, 1, 0, 4, 0, 1, 2, 2, 1, 4, 0, 3, 2, 1, 2, 1, 2, 3, 1, 1, 3, 0, 4, 4, 1, 4, 3, 1, 2, 4, 1, 1, 1, 1, 1, 3, 1, 1, 1, 1, 1, 1, 1, 2, 1, 4, 3, 2, 2, 1, 2, 2, 0, 1, 1, 1, 4]|[1, 1, 1, 1, 3, 3, 0, 0, 0, 0, 0, 2, 0, 1, 0, 0, 3, 1, 0, 0, 0, 3, 1, 0, 2, 0, 0, 0, 1, 3, 0, 0, 0, 0, 1, 0, 0, 2, 1, 1, 1, 1, 0, 0, 0, 0, 2, 1, 0, 0, 0, 1, 3, 0, 0, 1, 0, 1, 0, 1, 2, 0, 0, 2, 1, 0, 2, 1, 1, 0, 3, 1, 3, 0, 0, 0, 2, 0, 0, 0, 0, 0, 1, 0, 0, 0, 1, 0, 0, 2, 1, 0, 1, 0, 0, 1, 1, 0, 0, 2],733.3116759547878,58140.55643565909,96674.14109675489,false
18,G4_BALANCED,G4_BALANCED,[31, 11, 82, 15, 26, 9, 95, 42, 77, 68, 47, 5, 93, 78, 86, 54, 85, 63, 18, 44, 20, 49, 36, 14, 74, 50, 53, 17, 21, 45, 71, 64, 3, 23, 30, 83, 24, 41, 60, 52, 65, 27, 90, 70, 39, 87, 48, 69, 99, 4, 46, 1, 13, 58, 97, 59, 28, 75, 73, 37, 35, 79, 22, 66, 76, 32, 40, 80, 96, 6, 61, 16, 33, 7, 57, 34, 12, 67, 10, 98, 56, 88, 29, 25, 91, 38, 19, 92, 43, 84, 51, 72, 81, 8, 2, 55, 0, 62, 89, 94]|[2, 1, 2, 1, 1, 2, 1, 1, 1, 1, 1, 0, 2, 2, 1, 2, 0, 0, 0, 2, 2, 1, 0, 2, 0, 2, 2, 1, 0, 1, 1, 1, 0, 0, 1, 0, 2, 1, 2, 2, 0, 0, 1, 1, 0, 2, 0, 2, 1, 0, 0, 2, 0, 0, 2, 0, 1, 1, 0, 0, 2, 1, 0, 2, 2, 0, 2, 2, 0, 1, 1, 2, 1, 2, 0, 1, 1, 1, 1, 2, 2, 1, 1, 1, 1, 0, 1, 0, 1, 0, 1, 1, 1, 0, 2, 0, 0, 1, 1, 2]|[0, 3, 0, 2, 4, 1, 4, 4, 2, 4, 3, 2, 1, 0, 2, 1, 1, 1, 2, 1, 1, 3, 0, 1, 0, 1, 1, 4, 1, 4, 3, 2, 2, 0, 4, 1, 1, 4, 0, 1, 2, 1, 4, 4, 1, 1, 0, 2, 3, 1, 2, 1, 2, 1, 1, 2, 4, 3, 0, 2, 2, 3, 1, 0, 1, 2, 0, 1, 2, 4, 3, 1, 4, 1, 2, 4, 3, 3, 3, 1, 1, 4, 3, 4, 3, 2, 4, 2, 4, 2, 3, 4, 1, 2, 1, 2, 2, 3, 4, 1]|[0, 2, 0, 1, 3, 0, 1, 3, 0, 0, 2, 0, 1, 0, 1, 0, 0, 0, 1, 0, 0, 2, 0, 0, 1, 0, 0, 3, 0, 1, 0, 2, 0, 1, 3, 0, 1, 3, 0, 0, 0, 0, 1, 3, 0, 0, 1, 0, 2, 0, 0, 0, 0, 0, 1, 0, 1, 0, 1, 1, 0, 2, 0, 0, 0, 0, 0, 0, 0, 2, 0, 0, 1, 0, 0, 1, 0, 0, 3, 0, 0, 1, 0, 3, 0, 0, 3, 0, 2, 0, 0, 2, 1, 0, 0, 0, 0, 0, 1, 0],855.0393744413956,51684.66824914086,111484.00316030454,false
18,G2_TEC,G2_TEC,[31, 22, 82, 15, 26, 9, 95, 42, 77, 68, 47, 5, 93, 78, 86, 54, 85, 63, 18, 44, 20, 49, 36, 14, 74, 50, 53, 25, 21, 28, 71, 64, 3, 23, 30, 83, 24, 41, 40, 52, 65, 27, 90, 70, 39, 87, 48, 69, 99, 4, 46, 1, 13, 58, 97, 59, 45, 8, 73, 37, 35, 79, 11, 66, 76, 32, 60, 80, 96, 6, 16, 61, 33, 7, 57, 34, 12, 67, 10, 98, 56, 88, 29, 75, 91, 38, 19, 92, 43, 84, 51, 72, 81, 17, 2, 55, 0, 62, 89, 94]|[2, 1, 2, 1, 1, 2, 1, 1, 1, 1, 1, 0, 2, 2, 1, 2, 0, 0, 0, 2, 2, 1, 0, 2, 0, 2, 2, 1, 0, 1, 1, 1, 0, 0, 1, 0, 2, 1, 2, 2, 0, 0, 1, 1, 0, 2, 0, 2, 1, 0, 0, 2, 0, 0, 2, 0, 1, 1, 0, 0, 2, 1, 0, 2, 2, 0, 2, 2, 0, 1, 2, 1, 1, 2, 0, 1, 1, 1, 1, 2, 2, 1, 1, 0, 1, 0, 1, 0, 1, 0, 1, 1, 1, 1, 2, 0, 0, 1, 1, 2]|[0, 3, 0, 3, 4, 1, 4, 4, 2, 4, 3, 2, 1, 0, 2, 1, 1, 1, 2, 1, 1, 3, 0, 1, 0, 1, 1, 4, 1, 4, 3, 2, 2, 0, 4, 1, 1, 4, 0, 1, 2, 1, 4, 4, 1, 1, 0, 2, 3, 1, 2, 1, 2, 1, 1, 2, 4, 3, 0, 2, 2, 3, 1, 0, 1, 2, 0, 1, 2, 4, 1, 3, 4, 1, 2, 4, 3, 3, 3, 1, 1, 4, 3, 2, 3, 2, 4, 2, 4, 2, 3, 4, 4, 4, 1, 2, 2, 3, 4, 1]|[0, 2, 0, 0, 3, 0, 1, 3, 0, 0, 2, 0, 1, 0, 1, 0, 0, 0, 1, 0, 0, 2, 0, 0, 1, 0, 0, 3, 0, 1, 0, 2, 0, 0, 3, 0, 1, 3, 0, 0, 0, 0, 1, 3, 0, 0, 1, 0, 2, 0, 0, 0, 0, 0, 1, 0, 1, 0, 1, 1, 0, 2, 0, 0, 0, 0, 0, 0, 0, 2, 0, 0, 1, 0, 0, 1, 0, 0, 3, 0, 0, 1, 0, 0, 0, 0, 3, 0, 2, 0, 0, 2, 1, 3, 0, 0, 0, 0, 1, 0],890.9074744783937,50765.917855663734,113588.58833646381,false
18,G3_TWC,G1_CMAX,[31, 22, 82, 15, 26, 9, 42, 95, 77, 12, 47, 5, 93, 78, 86, 54, 85, 63, 18, 44, 20, 35, 43, 97, 91, 76, 10, 30, 21, 45, 71, 64, 1, 23, 17, 83, 24, 14, 60, 36, 6, 57, 94, 88, 65, 56, 79, 40, 67, 68, 46, 75, 38, 58, 19, 32, 81, 41, 27, 62, 87, 90, 99, 59, 11, 16, 72, 73, 69, 39, 37, 84, 3, 92, 25, 55, 28, 29, 51, 7, 33, 61, 98, 66, 89, 50, 8, 96, 53, 80, 4, 48, 34, 2, 52, 13, 0, 70, 49, 74]|[1, 1, 0, 1, 1, 1, 2, 1, 2, 1, 2, 2, 2, 1, 1, 0, 0, 1, 0, 2, 2, 0, 1, 2, 0, 1, 2, 2, 0, 0, 1, 2, 1, 2, 1, 0, 2, 0, 1, 1, 0, 1, 1, 1, 0, 2, 1, 1, 0, 0, 0, 0, 1, 1, 2, 1, 2, 0, 0, 0, 2, 1, 0, 1, 2, 1, 2, 1, 1, 1, 1, 1, 1, 0, 1, 2, 0, 0, 0, 1, 2, 1, 0, 2, 1, 0, 1, 0, 0, 0, 0, 0, 2, 0, 1, 0, 0, 1, 0, 2]|[4, 3, 2, 2, 0, 0, 2, 2, 2, 4, 1, 1, 2, 4, 4, 1, 2, 4, 2, 1, 1, 1, 1, 2, 1, 2, 1, 1, 1, 1, 3, 2, 3, 0, 4, 0, 1, 1, 0, 3, 2, 2, 2, 0, 1, 1, 0, 4, 0, 1, 2, 2, 1, 4, 0, 3, 2, 1, 1, 2, 1, 3, 1, 1, 1, 3, 0, 4, 3, 1, 4, 1, 1, 0, 4, 1, 2, 1, 1, 3, 1, 3, 1, 1, 1, 1, 3, 1, 2, 1, 2, 1, 1, 2, 1, 2, 2, 3, 1, 1]|[0, 2, 1, 1, 3, 3, 0, 1, 0, 0, 0, 0, 1, 0, 1, 0, 0, 3, 1, 0, 0, 0, 3, 1, 0, 2, 0, 0, 0, 1, 0, 0, 0, 0, 3, 0, 1, 0, 0, 2, 1, 1, 1, 0, 0, 0, 0, 2, 1, 0, 0, 0, 1, 3, 0, 0, 1, 0, 0, 1, 0, 2, 0, 1, 0, 2, 1, 0, 0, 1, 1, 3, 1, 1, 3, 0, 1, 0, 0, 2, 0, 0, 0, 0, 1, 0, 2, 0, 1, 0, 1, 0, 0, 0, 1, 0, 0, 0, 1, 0],801.427594812029,57868.49349465401,91455.85780813712,true
18,G1_CMAX,G1_CMAX,[31, 22, 82, 15, 26, 9, 42, 77, 12, 5, 47, 93, 78, 86, 54, 6, 63, 18, 44, 20, 35, 43, 97, 91, 76, 10, 30, 21, 45, 17, 23, 1, 71, 83, 24, 14, 60, 36, 85, 57, 40, 95, 88, 65, 56, 79, 94, 67, 68, 46, 75, 38, 58, 19, 32, 81, 41, 62, 87, 28, 90, 59, 11, 16, 72, 73, 69, 52, 37, 64, 84, 3, 25, 29, 55, 51, 7, 98, 61, 66, 99, 33, 89, 48, 50, 96, 53, 80, 4, 8, 27, 2, 39, 13, 0, 92, 49, 74, 34, 70]|[1, 1, 0, 1, 1, 1, 2, 2, 1, 2, 2, 1, 1, 1, 0, 0, 1, 0, 2, 2, 0, 1, 2, 2, 1, 2, 2, 0, 0, 1, 2, 1, 1, 0, 2, 0, 1, 1, 0, 1, 1, 1, 1, 0, 2, 1, 1, 0, 0, 0, 0, 1, 1, 2, 1, 2, 0, 0, 2, 0, 1, 2, 2, 1, 2, 1, 1, 1, 1, 1, 1, 2, 1, 0, 2, 0, 1, 2, 1, 0, 0, 2, 1, 0, 0, 2, 0, 0, 1, 1, 0, 0, 1, 0, 0, 0, 0, 2, 2, 1]|[0, 3, 1, 2, 0, 0, 1, 1, 4, 1, 1, 4, 4, 4, 2, 2, 4, 2, 1, 1, 1, 1, 2, 1, 2, 1, 1, 1, 1, 4, 0, 3, 3, 0, 1, 1, 0, 3, 2, 2, 2, 2, 0, 1, 1, 0, 4, 0, 1, 2, 2, 1, 4, 0, 3, 2, 1, 2, 1, 2, 3, 1, 1, 3, 0, 4, 4, 1, 4, 3, 1, 2, 4, 1, 1, 1, 1, 1, 3, 1, 1, 1, 1, 1, 1, 1, 2, 1, 4, 3, 2, 2, 1, 2, 2, 0, 1, 1, 1, 4]|[1, 1, 1, 1, 3, 3, 0, 0, 0, 0, 0, 2, 0, 1, 0, 0, 3, 1, 0, 0, 0, 3, 1, 0, 2, 0, 0, 0, 1, 3, 0, 0, 0, 0, 1, 0, 0, 2, 1, 1, 1, 1, 0, 0, 0, 0, 2, 1, 0, 0, 0, 1, 3, 0, 0, 1, 0, 1, 0, 1, 2, 0, 0, 2, 1, 0, 2, 1, 1, 0, 3, 1, 3, 0, 0, 0, 2, 0, 0, 0, 0, 0, 1, 0, 0, 0, 1, 0, 0, 2, 1, 0, 1, 0, 0, 1, 1, 0, 0, 2],733.3116759547878,58140.55643565909,96674.14109675489,false
18,G4_BALANCED,G4_BALANCED,[31, 11, 82, 15, 26, 9, 95, 42, 77, 68, 47, 5, 93, 78, 86, 54, 85, 63, 18, 44, 20, 49, 36, 14, 74, 50, 53, 17, 21, 45, 71, 64, 3, 23, 30, 83, 24, 41, 60, 52, 65, 27, 90, 70, 39, 87, 48, 69, 99, 4, 46, 1, 13, 58, 97, 59, 28, 75, 73, 37, 35, 79, 22, 66, 76, 32, 40, 80, 96, 6, 61, 16, 33, 7, 57, 34, 12, 67, 10, 98, 56, 88, 29, 25, 91, 38, 19, 92, 43, 84, 51, 72, 81, 8, 2, 55, 0, 62, 89, 94]|[2, 1, 2, 1, 1, 2, 1, 1, 1, 1, 1, 0, 2, 2, 1, 2, 0, 0, 0, 2, 2, 1, 0, 2, 0, 2, 2, 1, 0, 1, 1, 1, 0, 0, 1, 0, 2, 1, 2, 2, 0, 0, 1, 1, 0, 2, 0, 2, 1, 0, 0, 2, 0, 0, 2, 0, 1, 1, 0, 0, 2, 1, 0, 2, 2, 0, 2, 2, 0, 1, 1, 2, 1, 2, 0, 1, 1, 1, 1, 2, 2, 1, 1, 1, 1, 0, 1, 0, 1, 0, 1, 1, 1, 0, 2, 0, 0, 1, 1, 2]|[0, 3, 0, 2, 4, 1, 4, 4, 2, 4, 3, 2, 1, 0, 2, 1, 1, 1, 2, 1, 1, 3, 0, 1, 0, 1, 1, 4, 1, 4, 3, 2, 2, 0, 4, 1, 1, 4, 0, 1, 2, 1, 4, 4, 1, 1, 0, 2, 3, 1, 2, 1, 2, 1, 1, 2, 4, 3, 0, 2, 2, 3, 1, 0, 1, 2, 0, 1, 2, 4, 3, 1, 4, 1, 2, 4, 3, 3, 3, 1, 1, 4, 3, 4, 3, 2, 4, 2, 4, 2, 3, 4, 1, 2, 1, 2, 2, 3, 4, 1]|[0, 2, 0, 1, 3, 0, 1, 3, 0, 0, 2, 0, 1, 0, 1, 0, 0, 0, 1, 0, 0, 2, 0, 0, 1, 0, 0, 3, 0, 1, 0, 2, 0, 1, 3, 0, 1, 3, 0, 0, 0, 0, 1, 3, 0, 0, 1, 0, 2, 0, 0, 0, 0, 0, 1, 0, 1, 0, 1, 1, 0, 2, 0, 0, 0, 0, 0, 0, 0, 2, 0, 0, 1, 0, 0, 1, 0, 0, 3, 0, 0, 1, 0, 3, 0, 0, 3, 0, 2, 0, 0, 2, 1, 0, 0, 0, 0, 0, 1, 0],855.0393744413956,51684.66824914086,111484.00316030454,false
18,G2_TEC,G2_TEC,[31, 22, 82, 15, 26, 9, 95, 42, 77, 68, 47, 5, 93, 78, 86, 54, 85, 63, 18, 44, 20, 49, 36, 14, 74, 50, 53, 25, 21, 28, 71, 64, 3, 23, 30, 83, 24, 41, 40, 52, 65, 27, 90, 70, 39, 87, 48, 69, 99, 4, 46, 1, 13, 58, 97, 59, 45, 8, 73, 37, 35, 79, 11, 66, 76, 32, 60, 80, 96, 6, 16, 61, 33, 7, 57, 34, 12, 67, 10, 98, 56, 88, 29, 75, 91, 38, 19, 92, 43, 84, 51, 72, 81, 17, 2, 55, 0, 62, 89, 94]|[2, 1, 2, 1, 1, 2, 1, 1, 1, 1, 1, 0, 2, 2, 1, 2, 0, 0, 0, 2, 2, 1, 0, 2, 0, 2, 2, 1, 0, 1, 1, 1, 0, 0, 1, 0, 2, 1, 2, 2, 0, 0, 1, 1, 0, 2, 0, 2, 1, 0, 0, 2, 0, 0, 2, 0, 1, 1, 0, 0, 2, 1, 0, 2, 2, 0, 2, 2, 0, 1, 2, 1, 1, 2, 0, 1, 1, 1, 1, 2, 2, 1, 1, 0, 1, 0, 1, 0, 1, 0, 1, 1, 1, 1, 2, 0, 0, 1, 1, 2]|[0, 3, 0, 3, 4, 1, 4, 4, 2, 4, 3, 2, 1, 0, 2, 1, 1, 1, 2, 1, 1, 3, 0, 1, 0, 1, 1, 4, 1, 4, 3, 2, 2, 0, 4, 1, 1, 4, 0, 1, 2, 1, 4, 4, 1, 1, 0, 2, 3, 1, 2, 1, 2, 1, 1, 2, 4, 3, 0, 2, 2, 3, 1, 0, 1, 2, 0, 1, 2, 4, 1, 3, 4, 1, 2, 4, 3, 3, 3, 1, 1, 4, 3, 2, 3, 2, 4, 2, 4, 2, 3, 4, 4, 4, 1, 2, 2, 3, 4, 1]|[0, 2, 0, 0, 3, 0, 1, 3, 0, 0, 2, 0, 1, 0, 1, 0, 0, 0, 1, 0, 0, 2, 0, 0, 1, 0, 0, 3, 0, 1, 0, 2, 0, 0, 3, 0, 1, 3, 0, 0, 0, 0, 1, 3, 0, 0, 1, 0, 2, 0, 0, 0, 0, 0, 1, 0, 1, 0, 1, 1, 0, 2, 0, 0, 0, 0, 0, 0, 0, 2, 0, 0, 1, 0, 0, 1, 0, 0, 3, 0, 0, 1, 0, 0, 0, 0, 3, 0, 2, 0, 0, 2, 1, 3, 0, 0, 0, 0, 1, 0],890.9074744783937,50765.917855663734,113588.58833646381,false
18,G3_TWC,G1_CMAX,[31, 22, 82, 15, 26, 9, 42, 95, 77, 12, 47, 5, 93, 78, 86, 54, 85, 63, 18, 44, 20, 35, 43, 97, 91, 76, 10, 30, 21, 45, 71, 64, 1, 23, 17, 83, 24, 14, 60, 36, 6, 57, 94, 88, 65, 56, 79, 40, 67, 68, 46, 75, 38, 58, 19, 32, 81, 41, 27, 62, 87, 90, 99, 59, 11, 16, 72, 73, 69, 39, 37, 84, 3, 92, 25, 55, 28, 29, 51, 7, 33, 61, 98, 66, 89, 50, 8, 96, 53, 80, 4, 48, 34, 2, 52, 13, 0, 70, 49, 74]|[1, 1, 0, 1, 1, 1, 2, 1, 2, 1, 2, 2, 2, 1, 1, 0, 0, 1, 0, 2, 2, 0, 1, 2, 0, 1, 2, 2, 0, 0, 1, 2, 1, 2, 1, 0, 2, 0, 1, 1, 0, 1, 1, 1, 0, 2, 1, 1, 0, 0, 0, 0, 1, 1, 2, 1, 2, 0, 0, 0, 2, 1, 0, 1, 2, 1, 2, 1, 1, 1, 1, 1, 1, 0, 1, 2, 0, 0, 0, 1, 2, 1, 0, 2, 1, 0, 1, 0, 0, 0, 0, 0, 2, 0, 1, 0, 0, 1, 0, 2]|[4, 3, 2, 2, 0, 0, 2, 2, 2, 4, 1, 1, 2, 4, 4, 1, 2, 4, 2, 1, 1, 1, 1, 2, 1, 2, 1, 1, 1, 1, 3, 2, 3, 0, 4, 0, 1, 1, 0, 3, 2, 2, 2, 0, 1, 1, 0, 4, 0, 1, 2, 2, 1, 4, 0, 3, 2, 1, 1, 2, 1, 3, 1, 1, 1, 3, 0, 4, 3, 1, 4, 1, 1, 0, 4, 1, 2, 1, 1, 3, 1, 3, 1, 1, 1, 1, 3, 1, 2, 1, 2, 1, 1, 2, 1, 2, 2, 3, 1, 1]|[0, 2, 1, 1, 3, 3, 0, 1, 0, 0, 0, 0, 1, 0, 1, 0, 0, 3, 1, 0, 0, 0, 3, 1, 0, 2, 0, 0, 0, 1, 0, 0, 0, 0, 3, 0, 1, 0, 0, 2, 1, 1, 1, 0, 0, 0, 0, 2, 1, 0, 0, 0, 1, 3, 0, 0, 1, 0, 0, 1, 0, 2, 0, 1, 0, 2, 1, 0, 0, 1, 1, 3, 1, 1, 3, 0, 1, 0, 0, 2, 0, 0, 0, 0, 1, 0, 2, 0, 1, 0, 1, 0, 0, 0, 1, 0, 0, 0, 1, 0],801.427594812029,57868.49349465401,91455.85780813712,true
18,G1_CMAX,G1_CMAX,[31, 22, 82, 15, 26, 9, 42, 77, 12, 5, 47, 93, 78, 86, 54, 6, 63, 18, 44, 20, 35, 43, 97, 91, 76, 10, 30, 21, 45, 17, 23, 1, 71, 83, 24, 14, 60, 36, 85, 57, 40, 95, 88, 65, 56, 79, 94, 67, 68, 46, 75, 38, 58, 19, 32, 81, 41, 62, 87, 28, 90, 59, 11, 16, 72, 73, 69, 52, 37, 64, 84, 3, 25, 29, 55, 51, 7, 98, 61, 66, 99, 33, 89, 48, 50, 96, 53, 80, 4, 8, 27, 2, 39, 13, 0, 92, 49, 74, 34, 70]|[1, 1, 0, 1, 1, 1, 2, 2, 1, 2, 2, 1, 1, 1, 0, 0, 1, 0, 2, 2, 0, 1, 2, 2, 1, 2, 2, 0, 0, 1, 2, 1, 1, 0, 2, 0, 1, 1, 0, 1, 1, 1, 1, 0, 2, 1, 1, 0, 0, 0, 0, 1, 1, 2, 1, 2, 0, 0, 2, 0, 1, 2, 2, 1, 2, 1, 1, 1, 1, 1, 1, 2, 1, 0, 2, 0, 1, 2, 1, 0, 0, 2, 1, 0, 0, 2, 0, 0, 1, 1, 0, 0, 1, 0, 0, 0, 0, 2, 2, 1]|[0, 3, 1, 2, 0, 0, 1, 1, 4, 1, 1, 4, 4, 4, 2, 2, 4, 2, 1, 1, 1, 1, 2, 1, 2, 1, 1, 1, 1, 4, 0, 3, 3, 0, 1, 1, 0, 3, 2, 2, 2, 2, 0, 1, 1, 0, 4, 0, 1, 2, 2, 1, 4, 0, 3, 2, 1, 2, 1, 2, 3, 1, 1, 3, 0, 4, 4, 1, 4, 3, 1, 2, 4, 1, 1, 1, 1, 1, 3, 1, 1, 1, 1, 1, 1, 1, 2, 1, 4, 3, 2, 2, 1, 2, 2, 0, 1, 1, 1, 4]|[1, 1, 1, 1, 3, 3, 0, 0, 0, 0, 0, 2, 0, 1, 0, 0, 3, 1, 0, 0, 0, 3, 1, 0, 2, 0, 0, 0, 1, 3, 0, 0, 0, 0, 1, 0, 0, 2, 1, 1, 1, 1, 0, 0, 0, 0, 2, 1, 0, 0, 0, 1, 3, 0, 0, 1, 0, 1, 0, 1, 2, 0, 0, 2, 1, 0, 2, 1, 1, 0, 3, 1, 3, 0, 0, 0, 2, 0, 0, 0, 0, 0, 1, 0, 0, 0, 1, 0, 0, 2, 1, 0, 1, 0, 0, 1, 1, 0, 0, 2],733.3116759547878,58140.55643565909,96674.14109675489,false
18,G4_BALANCED,G4_BALANCED,[31, 11, 82, 15, 26, 9, 95, 42, 77, 68, 47, 5, 93, 78, 86, 54, 85, 63, 18, 44, 20, 49, 36, 14, 74, 50, 53, 17, 21, 45, 71, 64, 3, 23, 30, 83, 24, 41, 60, 52, 65, 27, 90, 70, 39, 87, 48, 69, 99, 4, 46, 1, 13, 58, 97, 59, 28, 75, 73, 37, 35, 79, 22, 66, 76, 32, 40, 80, 96, 6, 61, 16, 33, 7, 57, 34, 12, 67, 10, 98, 56, 88, 29, 25, 91, 38, 19, 92, 43, 84, 51, 72, 81, 8, 2, 55, 0, 62, 89, 94]|[2, 1, 2, 1, 1, 2, 1, 1, 1, 1, 1, 0, 2, 2, 1, 2, 0, 0, 0, 2, 2, 1, 0, 2, 0, 2, 2, 1, 0, 1, 1, 1, 0, 0, 1, 0, 2, 1, 2, 2, 0, 0, 1, 1, 0, 2, 0, 2, 1, 0, 0, 2, 0, 0, 2, 0, 1, 1, 0, 0, 2, 1, 0, 2, 2, 0, 2, 2, 0, 1, 1, 2, 1, 2, 0, 1, 1, 1, 1, 2, 2, 1, 1, 1, 1, 0, 1, 0, 1, 0, 1, 1, 1, 0, 2, 0, 0, 1, 1, 2]|[0, 3, 0, 2, 4, 1, 4, 4, 2, 4, 3, 2, 1, 0, 2, 1, 1, 1, 2, 1, 1, 3, 0, 1, 0, 1, 1, 4, 1, 4, 3, 2, 2, 0, 4, 1, 1, 4, 0, 1, 2, 1, 4, 4, 1, 1, 0, 2, 3, 1, 2, 1, 2, 1, 1, 2, 4, 3, 0, 2, 2, 3, 1, 0, 1, 2, 0, 1, 2, 4, 3, 1, 4, 1, 2, 4, 3, 3, 3, 1, 1, 4, 3, 4, 3, 2, 4, 2, 4, 2, 3, 4, 1, 2, 1, 2, 2, 3, 4, 1]|[0, 2, 0, 1, 3, 0, 1, 3, 0, 0, 2, 0, 1, 0, 1, 0, 0, 0, 1, 0, 0, 2, 0, 0, 1, 0, 0, 3, 0, 1, 0, 2, 0, 1, 3, 0, 1, 3, 0, 0, 0, 0, 1, 3, 0, 0, 1, 0, 2, 0, 0, 0, 0, 0, 1, 0, 1, 0, 1, 1, 0, 2, 0, 0, 0, 0, 0, 0, 0, 2, 0, 0, 1, 0, 0, 1, 0, 0, 3, 0, 0, 1, 0, 3, 0, 0, 3, 0, 2, 0, 0, 2, 1, 0, 0, 0, 0, 0, 1, 0],855.0393744413956,51684.66824914086,111484.00316030454,false
18,G2_TEC,G2_TEC,[31, 22, 82, 15, 26, 9, 95, 42, 77, 68, 47, 5, 93, 78, 86, 54, 85, 63, 18, 44, 20, 49, 36, 14, 74, 50, 53, 25, 21, 28, 71, 64, 3, 23, 30, 83, 24, 41, 40, 52, 65, 27, 90, 70, 39, 87, 48, 69, 99, 4, 46, 1, 13, 58, 97, 59, 45, 8, 73, 37, 35, 79, 11, 66, 76, 32, 60, 80, 96, 6, 16, 61, 33, 7, 57, 34, 12, 67, 10, 98, 56, 88, 29, 75, 91, 38, 19, 92, 43, 84, 51, 72, 81, 17, 2, 55, 0, 62, 89, 94]|[2, 1, 2, 1, 1, 2, 1, 1, 1, 1, 1, 0, 2, 2, 1, 2, 0, 0, 0, 2, 2, 1, 0, 2, 0, 2, 2, 1, 0, 1, 1, 1, 0, 0, 1, 0, 2, 1, 2, 2, 0, 0, 1, 1, 0, 2, 0, 2, 1, 0, 0, 2, 0, 0, 2, 0, 1, 1, 0, 0, 2, 1, 0, 2, 2, 0, 2, 2, 0, 1, 2, 1, 1, 2, 0, 1, 1, 1, 1, 2, 2, 1, 1, 0, 1, 0, 1, 0, 1, 0, 1, 1, 1, 1, 2, 0, 0, 1, 1, 2]|[0, 3, 0, 3, 4, 1, 4, 4, 2, 4, 3, 2, 1, 0, 2, 1, 1, 1, 2, 1, 1, 3, 0, 1, 0, 1, 1, 4, 1, 4, 3, 2, 2, 0, 4, 1, 1, 4, 0, 1, 2, 1, 4, 4, 1, 1, 0, 2, 3, 1, 2, 1, 2, 1, 1, 2, 4, 3, 0, 2, 2, 3, 1, 0, 1, 2, 0, 1, 2, 4, 1, 3, 4, 1, 2, 4, 3, 3, 3, 1, 1, 4, 3, 2, 3, 2, 4, 2, 4, 2, 3, 4, 4, 4, 1, 2, 2, 3, 4, 1]|[0, 2, 0, 0, 3, 0, 1, 3, 0, 0, 2, 0, 1, 0, 1, 0, 0, 0, 1, 0, 0, 2, 0, 0, 1, 0, 0, 3, 0, 1, 0, 2, 0, 0, 3, 0, 1, 3, 0, 0, 0, 0, 1, 3, 0, 0, 1, 0, 2, 0, 0, 0, 0, 0, 1, 0, 1, 0, 1, 1, 0, 2, 0, 0, 0, 0, 0, 0, 0, 2, 0, 0, 1, 0, 0, 1, 0, 0, 3, 0, 0, 1, 0, 0, 0, 0, 3, 0, 2, 0, 0, 2, 1, 3, 0, 0, 0, 0, 1, 0],890.9074744783937,50765.917855663734,113588.58833646381,false
18,G3_TWC,G1_CMAX,[31, 22, 82, 15, 26, 9, 42, 95, 77, 12, 47, 5, 93, 78, 86, 54, 85, 63, 18, 44, 20, 35, 43, 97, 91, 76, 10, 30, 21, 45, 71, 64, 1, 23, 17, 83, 24, 14, 60, 36, 6, 57, 94, 88, 65, 56, 79, 40, 67, 68, 46, 75, 38, 58, 19, 32, 81, 41, 27, 62, 87, 90, 99, 59, 11, 16, 72, 73, 69, 39, 37, 84, 3, 92, 25, 55, 28, 29, 51, 7, 33, 61, 98, 66, 89, 50, 8, 96, 53, 80, 4, 48, 34, 2, 52, 13, 0, 70, 49, 74]|[1, 1, 0, 1, 1, 1, 2, 1, 2, 1, 2, 2, 2, 1, 1, 0, 0, 1, 0, 2, 2, 0, 1, 2, 0, 1, 2, 2, 0, 0, 1, 2, 1, 2, 1, 0, 2, 0, 1, 1, 0, 1, 1, 1, 0, 2, 1, 1, 0, 0, 0, 0, 1, 1, 2, 1, 2, 0, 0, 0, 2, 1, 0, 1, 2, 1, 2, 1, 1, 1, 1, 1, 1, 0, 1, 2, 0, 0, 0, 1, 2, 1, 0, 2, 1, 0, 1, 0, 0, 0, 0, 0, 2, 0, 1, 0, 0, 1, 0, 2]|[4, 3, 2, 2, 0, 0, 2, 2, 2, 4, 1, 1, 2, 4, 4, 1, 2, 4, 2, 1, 1, 1, 1, 2, 1, 2, 1, 1, 1, 1, 3, 2, 3, 0, 4, 0, 1, 1, 0, 3, 2, 2, 2, 0, 1, 1, 0, 4, 0, 1, 2, 2, 1, 4, 0, 3, 2, 1, 1, 2, 1, 3, 1, 1, 1, 3, 0, 4, 3, 1, 4, 1, 1, 0, 4, 1, 2, 1, 1, 3, 1, 3, 1, 1, 1, 1, 3, 1, 2, 1, 2, 1, 1, 2, 1, 2, 2, 3, 1, 1]|[0, 2, 1, 1, 3, 3, 0, 1, 0, 0, 0, 0, 1, 0, 1, 0, 0, 3, 1, 0, 0, 0, 3, 1, 0, 2, 0, 0, 0, 1, 0, 0, 0, 0, 3, 0, 1, 0, 0, 2, 1, 1, 1, 0, 0, 0, 0, 2, 1, 0, 0, 0, 1, 3, 0, 0, 1, 0, 0, 1, 0, 2, 0, 1, 0, 2, 1, 0, 0, 1, 1, 3, 1, 1, 3, 0, 1, 0, 0, 2, 0, 0, 0, 0, 1, 0, 2, 0, 1, 0, 1, 0, 0, 0, 1, 0, 0, 0, 1, 0],801.427594812029,57868.49349465401,91455.85780813712,true
18,G1_CMAX,G1_CMAX,[31, 22, 82, 15, 26, 9, 42, 77, 12, 5, 47, 93, 78, 86, 54, 6, 63, 18, 44, 20, 35, 43, 97, 91, 76, 10, 30, 21, 45, 17, 23, 1, 71, 83, 24, 14, 60, 36, 85, 57, 40, 95, 88, 65, 56, 79, 94, 67, 68, 46, 75, 38, 58, 19, 32, 81, 41, 62, 87, 28, 90, 59, 11, 16, 72, 73, 69, 52, 37, 64, 84, 3, 25, 29, 55, 51, 7, 98, 61, 66, 99, 33, 89, 48, 50, 96, 53, 80, 4, 8, 27, 2, 39, 13, 0, 92, 49, 74, 34, 70]|[1, 1, 0, 1, 1, 1, 2, 2, 1, 2, 2, 1, 1, 1, 0, 0, 1, 0, 2, 2, 0, 1, 2, 2, 1, 2, 2, 0, 0, 1, 2, 1, 1, 0, 2, 0, 1, 1, 0, 1, 1, 1, 1, 0, 2, 1, 1, 0, 0, 0, 0, 1, 1, 2, 1, 2, 0, 0, 2, 0, 1, 2, 2, 1, 2, 1, 1, 1, 1, 1, 1, 2, 1, 0, 2, 0, 1, 2, 1, 0, 0, 2, 1, 0, 0, 2, 0, 0, 1, 1, 0, 0, 1, 0, 0, 0, 0, 2, 2, 1]|[0, 3, 1, 2, 0, 0, 1, 1, 4, 1, 1, 4, 4, 4, 2, 2, 4, 2, 1, 1, 1, 1, 2, 1, 2, 1, 1, 1, 1, 4, 0, 3, 3, 0, 1, 1, 0, 3, 2, 2, 2, 2, 0, 1, 1, 0, 4, 0, 1, 2, 2, 1, 4, 0, 3, 2, 1, 2, 1, 2, 3, 1, 1, 3, 0, 4, 4, 1, 4, 3, 1, 2, 4, 1, 1, 1, 1, 1, 3, 1, 1, 1, 1, 1, 1, 1, 2, 1, 4, 3, 2, 2, 1, 2, 2, 0, 1, 1, 1, 4]|[1, 1, 1, 1, 3, 3, 0, 0, 0, 0, 0, 2, 0, 1, 0, 0, 3, 1, 0, 0, 0, 3, 1, 0, 2, 0, 0, 0, 1, 3, 0, 0, 0, 0, 1, 0, 0, 2, 1, 1, 1, 1, 0, 0, 0, 0, 2, 1, 0, 0, 0, 1, 3, 0, 0, 1, 0, 1, 0, 1, 2, 0, 0, 2, 1, 0, 2, 1, 1, 0, 3, 1, 3, 0, 0, 0, 2, 0, 0, 0, 0, 0, 1, 0, 0, 0, 1, 0, 0, 2, 1, 0, 1, 0, 0, 1, 1, 0, 0, 2],733.3116759547878,58140.55643565909,96674.14109675489,false
18,G4_BALANCED,G4_BALANCED,[31, 11, 82, 15, 26, 9, 95, 42, 77, 68, 47, 5, 93, 78, 86, 54, 85, 63, 18, 44, 20, 49, 36, 14, 74, 50, 53, 17, 21, 45, 71, 64, 3, 23, 30, 83, 24, 41, 60, 52, 65, 27, 90, 70, 39, 87, 48, 69, 99, 4, 46, 1, 13, 58, 97, 59, 28, 75, 73, 37, 35, 79, 22, 66, 76, 32, 40, 80, 96, 6, 61, 16, 33, 7, 57, 34, 12, 67, 10, 98, 56, 88, 29, 25, 91, 38, 19, 92, 43, 84, 51, 72, 81, 8, 2, 55, 0, 62, 89, 94]|[2, 1, 2, 1, 1, 2, 1, 1, 1, 1, 1, 0, 2, 2, 1, 2, 0, 0, 0, 2, 2, 1, 0, 2, 0, 2, 2, 1, 0, 1, 1, 1, 0, 0, 1, 0, 2, 1, 2, 2, 0, 0, 1, 1, 0, 2, 0, 2, 1, 0, 0, 2, 0, 0, 2, 0, 1, 1, 0, 0, 2, 1, 0, 2, 2, 0, 2, 2, 0, 1, 1, 2, 1, 2, 0, 1, 1, 1, 1, 2, 2, 1, 1, 1, 1, 0, 1, 0, 1, 0, 1, 1, 1, 0, 2, 0, 0, 1, 1, 2]|[0, 3, 0, 2, 4, 1, 4, 4, 2, 4, 3, 2, 1, 0, 2, 1, 1, 1, 2, 1, 1, 3, 0, 1, 0, 1, 1, 4, 1, 4, 3, 2, 2, 0, 4, 1, 1, 4, 0, 1, 2, 1, 4, 4, 1, 1, 0, 2, 3, 1, 2, 1, 2, 1, 1, 2, 4, 3, 0, 2, 2, 3, 1, 0, 1, 2, 0, 1, 2, 4, 3, 1, 4, 1, 2, 4, 3, 3, 3, 1, 1, 4, 3, 4, 3, 2, 4, 2, 4, 2, 3, 4, 1, 2, 1, 2, 2, 3, 4, 1]|[0, 2, 0, 1, 3, 0, 1, 3, 0, 0, 2, 0, 1, 0, 1, 0, 0, 0, 1, 0, 0, 2, 0, 0, 1, 0, 0, 3, 0, 1, 0, 2, 0, 1, 3, 0, 1, 3, 0, 0, 0, 0, 1, 3, 0, 0, 1, 0, 2, 0, 0, 0, 0, 0, 1, 0, 1, 0, 1, 1, 0, 2, 0, 0, 0, 0, 0, 0, 0, 2, 0, 0, 1, 0, 0, 1, 0, 0, 3, 0, 0, 1, 0, 3, 0, 0, 3, 0, 2, 0, 0, 2, 1, 0, 0, 0, 0, 0, 1, 0],855.0393744413956,51684.66824914086,111484.00316030454,false
18,G2_TEC,G2_TEC,[31, 22, 82, 15, 26, 9, 95, 42, 77, 68, 47, 5, 93, 78, 86, 54, 85, 63, 18, 44, 20, 49, 36, 14, 74, 50, 53, 25, 21, 28, 71, 64, 3, 23, 30, 83, 24, 41, 40, 52, 65, 27, 90, 70, 39, 87, 48, 69, 99, 4, 46, 1, 13, 58, 97, 59, 45, 8, 73, 37, 35, 79, 11, 66, 76, 32, 60, 80, 96, 6, 16, 61, 33, 7, 57, 34, 12, 67, 10, 98, 56, 88, 29, 75, 91, 38, 19, 92, 43, 84, 51, 72, 81, 17, 2, 55, 0, 62, 89, 94]|[2, 1, 2, 1, 1, 2, 1, 1, 1, 1, 1, 0, 2, 2, 1, 2, 0, 0, 0, 2, 2, 1, 0, 2, 0, 2, 2, 1, 0, 1, 1, 1, 0, 0, 1, 0, 2, 1, 2, 2, 0, 0, 1, 1, 0, 2, 0, 2, 1, 0, 0, 2, 0, 0, 2, 0, 1, 1, 0, 0, 2, 1, 0, 2, 2, 0, 2, 2, 0, 1, 2, 1, 1, 2, 0, 1, 1, 1, 1, 2, 2, 1, 1, 0, 1, 0, 1, 0, 1, 0, 1, 1, 1, 1, 2, 0, 0, 1, 1, 2]|[0, 3, 0, 3, 4, 1, 4, 4, 2, 4, 3, 2, 1, 0, 2, 1, 1, 1, 2, 1, 1, 3, 0, 1, 0, 1, 1, 4, 1, 4, 3, 2, 2, 0, 4, 1, 1, 4, 0, 1, 2, 1, 4, 4, 1, 1, 0, 2, 3, 1, 2, 1, 2, 1, 1, 2, 4, 3, 0, 2, 2, 3, 1, 0, 1, 2, 0, 1, 2, 4, 1, 3, 4, 1, 2, 4, 3, 3, 3, 1, 1, 4, 3, 2, 3, 2, 4, 2, 4, 2, 3, 4, 4, 4, 1, 2, 2, 3, 4, 1]|[0, 2, 0, 0, 3, 0, 1, 3, 0, 0, 2, 0, 1, 0, 1, 0, 0, 0, 1, 0, 0, 2, 0, 0, 1, 0, 0, 3, 0, 1, 0, 2, 0, 0, 3, 0, 1, 3, 0, 0, 0, 0, 1, 3, 0, 0, 1, 0, 2, 0, 0, 0, 0, 0, 1, 0, 1, 0, 1, 1, 0, 2, 0, 0, 0, 0, 0, 0, 0, 2, 0, 0, 1, 0, 0, 1, 0, 0, 3, 0, 0, 1, 0, 0, 0, 0, 3, 0, 2, 0, 0, 2, 1, 3, 0, 0, 0, 0, 1, 0],890.9074744783937,50765.917855663734,113588.58833646381,false
18,G3_TWC,G1_CMAX,[31, 22, 82, 15, 26, 9, 42, 95, 77, 12, 47, 5, 93, 78, 86, 54, 85, 63, 18, 44, 20, 35, 43, 97, 91, 76, 10, 30, 21, 45, 71, 64, 1, 23, 17, 83, 24, 14, 60, 36, 6, 57, 94, 88, 65, 56, 79, 40, 67, 68, 46, 75, 38, 58, 19, 32, 81, 41, 27, 62, 87, 90, 99, 59, 11, 16, 72, 73, 69, 39, 37, 84, 3, 92, 25, 55, 28, 29, 51, 7, 33, 61, 98, 66, 89, 50, 8, 96, 53, 80, 4, 48, 34, 2, 52, 13, 0, 70, 49, 74]|[1, 1, 0, 1, 1, 1, 2, 1, 2, 1, 2, 2, 2, 1, 1, 0, 0, 1, 0, 2, 2, 0, 1, 2, 0, 1, 2, 2, 0, 0, 1, 2, 1, 2, 1, 0, 2, 0, 1, 1, 0, 1, 1, 1, 0, 2, 1, 1, 0, 0, 0, 0, 1, 1, 2, 1, 2, 0, 0, 0, 2, 1, 0, 1, 2, 1, 2, 1, 1, 1, 1, 1, 1, 0, 1, 2, 0, 0, 0, 1, 2, 1, 0, 2, 1, 0, 1, 0, 0, 0, 0, 0, 2, 0, 1, 0, 0, 1, 0, 2]|[4, 3, 2, 2, 0, 0, 2, 2, 2, 4, 1, 1, 2, 4, 4, 1, 2, 4, 2, 1, 1, 1, 1, 2, 1, 2, 1, 1, 1, 1, 3, 2, 3, 0, 4, 0, 1, 1, 0, 3, 2, 2, 2, 0, 1, 1, 0, 4, 0, 1, 2, 2, 1, 4, 0, 3, 2, 1, 1, 2, 1, 3, 1, 1, 1, 3, 0, 4, 3, 1, 4, 1, 1, 0, 4, 1, 2, 1, 1, 3, 1, 3, 1, 1, 1, 1, 3, 1, 2, 1, 2, 1, 1, 2, 1, 2, 2, 3, 1, 1]|[0, 2, 1, 1, 3, 3, 0, 1, 0, 0, 0, 0, 1, 0, 1, 0, 0, 3, 1, 0, 0, 0, 3, 1, 0, 2, 0, 0, 0, 1, 0, 0, 0, 0, 3, 0, 1, 0, 0, 2, 1, 1, 1, 0, 0, 0, 0, 2, 1, 0, 0, 0, 1, 3, 0, 0, 1, 0, 0, 1, 0, 2, 0, 1, 0, 2, 1, 0, 0, 1, 1, 3, 1, 1, 3, 0, 1, 0, 0, 2, 0, 0, 0, 0, 1, 0, 2, 0, 1, 0, 1, 0, 0, 0, 1, 0, 0, 0, 1, 0],801.427594812029,57868.49349465401,91455.85780813712,true
18,G1_CMAX,G1_CMAX,[31, 22, 82, 15, 26, 9, 42, 77, 12, 5, 47, 93, 78, 86, 54, 6, 63, 18, 44, 20, 35, 43, 97, 91, 76, 10, 30, 21, 45, 17, 23, 1, 71, 83, 24, 14, 60, 36, 85, 57, 40, 95, 88, 65, 56, 79, 94, 67, 68, 46, 75, 38, 58, 19, 32, 81, 41, 62, 87, 28, 90, 59, 11, 16, 72, 73, 69, 52, 37, 64, 84, 3, 25, 29, 55, 51, 7, 98, 61, 66, 99, 33, 89, 48, 50, 96, 53, 80, 4, 8, 27, 2, 39, 13, 0, 92, 49, 74, 34, 70]|[1, 1, 0, 1, 1, 1, 2, 2, 1, 2, 2, 1, 1, 1, 0, 0, 1, 0, 2, 2, 0, 1, 2, 2, 1, 2, 2, 0, 0, 1, 2, 1, 1, 0, 2, 0, 1, 1, 0, 1, 1, 1, 1, 0, 2, 1, 1, 0, 0, 0, 0, 1, 1, 2, 1, 2, 0, 0, 2, 0, 1, 2, 2, 1, 2, 1, 1, 1, 1, 1, 1, 2, 1, 0, 2, 0, 1, 2, 1, 0, 0, 2, 1, 0, 0, 2, 0, 0, 1, 1, 0, 0, 1, 0, 0, 0, 0, 2, 2, 1]|[0, 3, 1, 2, 0, 0, 1, 1, 4, 1, 1, 4, 4, 4, 2, 2, 4, 2, 1, 1, 1, 1, 2, 1, 2, 1, 1, 1, 1, 4, 0, 3, 3, 0, 1, 1, 0, 3, 2, 2, 2, 2, 0, 1, 1, 0, 4, 0, 1, 2, 2, 1, 4, 0, 3, 2, 1, 2, 1, 2, 3, 1, 1, 3, 0, 4, 4, 1, 4, 3, 1, 2, 4, 1, 1, 1, 1, 1, 3, 1, 1, 1, 1, 1, 1, 1, 2, 1, 4, 3, 2, 2, 1, 2, 2, 0, 1, 1, 1, 4]|[1, 1, 1, 1, 3, 3, 0, 0, 0, 0, 0, 2, 0, 1, 0, 0, 3, 1, 0, 0, 0, 3, 1, 0, 2, 0, 0, 0, 1, 3, 0, 0, 0, 0, 1, 0, 0, 2, 1, 1, 1, 1, 0, 0, 0, 0, 2, 1, 0, 0, 0, 1, 3, 0, 0, 1, 0, 1, 0, 1, 2, 0, 0, 2, 1, 0, 2, 1, 1, 0, 3, 1, 3, 0, 0, 0, 2, 0, 0, 0, 0, 0, 1, 0, 0, 0, 1, 0, 0, 2, 1, 0, 1, 0, 0, 1, 1, 0, 0, 2],733.3116759547878,58140.55643565909,96674.14109675489,false
18,G4_BALANCED,G4_BALANCED,[31, 11, 82, 15, 26, 9, 95, 42, 77, 68, 47, 5, 93, 78, 86, 54, 85, 63, 18, 44, 20, 49, 36, 14, 74, 50, 53, 17, 21, 45, 71, 64, 3, 23, 30, 83, 24, 41, 60, 52, 65, 27, 90, 70, 39, 87, 48, 69, 99, 4, 46, 1, 13, 58, 97, 59, 28, 75, 73, 37, 35, 79, 22, 66, 76, 32, 40, 80, 96, 6, 61, 16, 33, 7, 57, 34, 12, 67, 10, 98, 56, 88, 29, 25, 91, 38, 19, 92, 43, 84, 51, 72, 81, 8, 2, 55, 0, 62, 89, 94]|[2, 1, 2, 1, 1, 2, 1, 1, 1, 1, 1, 0, 2, 2, 1, 2, 0, 0, 0, 2, 2, 1, 0, 2, 0, 2, 2, 1, 0, 1, 1, 1, 0, 0, 1, 0, 2, 1, 2, 2, 0, 0, 1, 1, 0, 2, 0, 2, 1, 0, 0, 2, 0, 0, 2, 0, 1, 1, 0, 0, 2, 1, 0, 2, 2, 0, 2, 2, 0, 1, 1, 2, 1, 2, 0, 1, 1, 1, 1, 2, 2, 1, 1, 1, 1, 0, 1, 0, 1, 0, 1, 1, 1, 0, 2, 0, 0, 1, 1, 2]|[0, 3, 0, 2, 4, 1, 4, 4, 2, 4, 3, 2, 1, 0, 2, 1, 1, 1, 2, 1, 1, 3, 0, 1, 0, 1, 1, 4, 1, 4, 3, 2, 2, 0, 4, 1, 1, 4, 0, 1, 2, 1, 4, 4, 1, 1, 0, 2, 3, 1, 2, 1, 2, 1, 1, 2, 4, 3, 0, 2, 2, 3, 1, 0, 1, 2, 0, 1, 2, 4, 3, 1, 4, 1, 2, 4, 3, 3, 3, 1, 1, 4, 3, 4, 3, 2, 4, 2, 4, 2, 3, 4, 1, 2, 1, 2, 2, 3, 4, 1]|[0, 2, 0, 1, 3, 0, 1, 3, 0, 0, 2, 0, 1, 0, 1, 0, 0, 0, 1, 0, 0, 2, 0, 0, 1, 0, 0, 3, 0, 1, 0, 2, 0, 1, 3, 0, 1, 3, 0, 0, 0, 0, 1, 3, 0, 0, 1, 0, 2, 0, 0, 0, 0, 0, 1, 0, 1, 0, 1, 1, 0, 2, 0, 0, 0, 0, 0, 0, 0, 2, 0, 0, 1, 0, 0, 1, 0, 0, 3, 0, 0, 1, 0, 3, 0, 0, 3, 0, 2, 0, 0, 2, 1, 0, 0, 0, 0, 0, 1, 0],855.0393744413956,51684.66824914086,111484.00316030454,false
18,G2_TEC,G2_TEC,[31, 22, 82, 15, 26, 9, 95, 42, 77, 68, 47, 5, 93, 78, 86, 54, 85, 63, 18, 44, 20, 49, 36, 14, 74, 50, 53, 25, 21, 28, 71, 64, 3, 23, 30, 83, 24, 41, 40, 52, 65, 27, 90, 70, 39, 87, 48, 69, 99, 4, 46, 1, 13, 58, 97, 59, 45, 8, 73, 37, 35, 79, 11, 66, 76, 32, 60, 80, 96, 6, 16, 61, 33, 7, 57, 34, 12, 67, 10, 98, 56, 88, 29, 75, 91, 38, 19, 92, 43, 84, 51, 72, 81, 17, 2, 55, 0, 62, 89, 94]|[2, 1, 2, 1, 1, 2, 1, 1, 1, 1, 1, 0, 2, 2, 1, 2, 0, 0, 0, 2, 2, 1, 0, 2, 0, 2, 2, 1, 0, 1, 1, 1, 0, 0, 1, 0, 2, 1, 2, 2, 0, 0, 1, 1, 0, 2, 0, 2, 1, 0, 0, 2, 0, 0, 2, 0, 1, 1, 0, 0, 2, 1, 0, 2, 2, 0, 2, 2, 0, 1, 2, 1, 1, 2, 0, 1, 1, 1, 1, 2, 2, 1, 1, 0, 1, 0, 1, 0, 1, 0, 1, 1, 1, 1, 2, 0, 0, 1, 1, 2]|[0, 3, 0, 3, 4, 1, 4, 4, 2, 4, 3, 2, 1, 0, 2, 1, 1, 1, 2, 1, 1, 3, 0, 1, 0, 1, 1, 4, 1, 4, 3, 2, 2, 0, 4, 1, 1, 4, 0, 1, 2, 1, 4, 4, 1, 1, 0, 2, 3, 1, 2, 1, 2, 1, 1, 2, 4, 3, 0, 2, 2, 3, 1, 0, 1, 2, 0, 1, 2, 4, 1, 3, 4, 1, 2, 4, 3, 3, 3, 1, 1, 4, 3, 2, 3, 2, 4, 2, 4, 2, 3, 4, 4, 4, 1, 2, 2, 3, 4, 1]|[0, 2, 0, 0, 3, 0, 1, 3, 0, 0, 2, 0, 1, 0, 1, 0, 0, 0, 1, 0, 0, 2, 0, 0, 1, 0, 0, 3, 0, 1, 0, 2, 0, 0, 3, 0, 1, 3, 0, 0, 0, 0, 1, 3, 0, 0, 1, 0, 2, 0, 0, 0, 0, 0, 1, 0, 1, 0, 1, 1, 0, 2, 0, 0, 0, 0, 0, 0, 0, 2, 0, 0, 1, 0, 0, 1, 0, 0, 3, 0, 0, 1, 0, 0, 0, 0, 3, 0, 2, 0, 0, 2, 1, 3, 0, 0, 0, 0, 1, 0],890.9074744783937,50765.917855663734,113588.58833646381,false
18,G3_TWC,G1_CMAX,[31, 22, 82, 15, 26, 9, 42, 95, 77, 12, 47, 5, 93, 78, 86, 54, 85, 63, 18, 44, 20, 35, 43, 97, 91, 76, 10, 30, 21, 45, 71, 64, 1, 23, 17, 83, 24, 14, 60, 36, 6, 57, 94, 88, 65, 56, 79, 40, 67, 68, 46, 75, 38, 58, 19, 32, 81, 41, 27, 62, 87, 90, 99, 59, 11, 16, 72, 73, 69, 39, 37, 84, 3, 92, 25, 55, 28, 29, 51, 7, 33, 61, 98, 66, 89, 50, 8, 96, 53, 80, 4, 48, 34, 2, 52, 13, 0, 70, 49, 74]|[1, 1, 0, 1, 1, 1, 2, 1, 2, 1, 2, 2, 2, 1, 1, 0, 0, 1, 0, 2, 2, 0, 1, 2, 0, 1, 2, 2, 0, 0, 1, 2, 1, 2, 1, 0, 2, 0, 1, 1, 0, 1, 1, 1, 0, 2, 1, 1, 0, 0, 0, 0, 1, 1, 2, 1, 2, 0, 0, 0, 2, 1, 0, 1, 2, 1, 2, 1, 1, 1, 1, 1, 1, 0, 1, 2, 0, 0, 0, 1, 2, 1, 0, 2, 1, 0, 1, 0, 0, 0, 0, 0, 2, 0, 1, 0, 0, 1, 0, 2]|[4, 3, 2, 2, 0, 0, 2, 2, 2, 4, 1, 1, 2, 4, 4, 1, 2, 4, 2, 1, 1, 1, 1, 2, 1, 2, 1, 1, 1, 1, 3, 2, 3, 0, 4, 0, 1, 1, 0, 3, 2, 2, 2, 0, 1, 1, 0, 4, 0, 1, 2, 2, 1, 4, 0, 3, 2, 1, 1, 2, 1, 3, 1, 1, 1, 3, 0, 4, 3, 1, 4, 1, 1, 0, 4, 1, 2, 1, 1, 3, 1, 3, 1, 1, 1, 1, 3, 1, 2, 1, 2, 1, 1, 2, 1, 2, 2, 3, 1, 1]|[0, 2, 1, 1, 3, 3, 0, 1, 0, 0, 0, 0, 1, 0, 1, 0, 0, 3, 1, 0, 0, 0, 3, 1, 0, 2, 0, 0, 0, 1, 0, 0, 0, 0, 3, 0, 1, 0, 0, 2, 1, 1, 1, 0, 0, 0, 0, 2, 1, 0, 0, 0, 1, 3, 0, 0, 1, 0, 0, 1, 0, 2, 0, 1, 0, 2, 1, 0, 0, 1, 1, 3, 1, 1, 3, 0, 1, 0, 0, 2, 0, 0, 0, 0, 1, 0, 2, 0, 1, 0, 1, 0, 0, 0, 1, 0, 0, 0, 1, 0],801.427594812029,57868.49349465401,91455.85780813712,true
18,G1_CMAX,G1_CMAX,[31, 22, 82, 15, 26, 9, 42, 77, 12, 5, 47, 93, 78, 86, 54, 6, 63, 18, 44, 20, 35, 43, 97, 91, 76, 10, 30, 21, 45, 17, 23, 1, 71, 83, 24, 14, 60, 36, 85, 57, 40, 95, 88, 65, 56, 79, 94, 67, 68, 46, 75, 38, 58, 19, 32, 81, 41, 62, 87, 28, 90, 59, 11, 16, 72, 73, 69, 52, 37, 64, 84, 3, 25, 29, 55, 51, 7, 98, 61, 66, 99, 33, 89, 48, 50, 96, 53, 80, 4, 8, 27, 2, 39, 13, 0, 92, 49, 74, 34, 70]|[1, 1, 0, 1, 1, 1, 2, 2, 1, 2, 2, 1, 1, 1, 0, 0, 1, 0, 2, 2, 0, 1, 2, 2, 1, 2, 2, 0, 0, 1, 2, 1, 1, 0, 2, 0, 1, 1, 0, 1, 1, 1, 1, 0, 2, 1, 1, 0, 0, 0, 0, 1, 1, 2, 1, 2, 0, 0, 2, 0, 1, 2, 2, 1, 2, 1, 1, 1, 1, 1, 1, 2, 1, 0, 2, 0, 1, 2, 1, 0, 0, 2, 1, 0, 0, 2, 0, 0, 1, 1, 0, 0, 1, 0, 0, 0, 0, 2, 2, 1]|[0, 3, 1, 2, 0, 0, 1, 1, 4, 1, 1, 4, 4, 4, 2, 2, 4, 2, 1, 1, 1, 1, 2, 1, 2, 1, 1, 1, 1, 4, 0, 3, 3, 0, 1, 1, 0, 3, 2, 2, 2, 2, 0, 1, 1, 0, 4, 0, 1, 2, 2, 1, 4, 0, 3, 2, 1, 2, 1, 2, 3, 1, 1, 3, 0, 4, 4, 1, 4, 3, 1, 2, 4, 1, 1, 1, 1, 1, 3, 1, 1, 1, 1, 1, 1, 1, 2, 1, 4, 3, 2, 2, 1, 2, 2, 0, 1, 1, 1, 4]|[1, 1, 1, 1, 3, 3, 0, 0, 0, 0, 0, 2, 0, 1, 0, 0, 3, 1, 0, 0, 0, 3, 1, 0, 2, 0, 0, 0, 1, 3, 0, 0, 0, 0, 1, 0, 0, 2, 1, 1, 1, 1, 0, 0, 0, 0, 2, 1, 0, 0, 0, 1, 3, 0, 0, 1, 0, 1, 0, 1, 2, 0, 0, 2, 1, 0, 2, 1, 1, 0, 3, 1, 3, 0, 0, 0, 2, 0, 0, 0, 0, 0, 1, 0, 0, 0, 1, 0, 0, 2, 1, 0, 1, 0, 0, 1, 1, 0, 0, 2],733.3116759547878,58140.55643565909,96674.14109675489,false
18,G4_BALANCED,G4_BALANCED,[31, 22, 82, 15, 26, 58, 95, 42, 77, 12, 47, 5, 93, 78, 86, 54, 85, 63, 18, 72, 20, 35, 43, 97, 91, 76, 10, 30, 21, 45, 71, 64, 1, 23, 17, 83, 24, 14, 60, 36, 6, 57, 40, 88, 65, 56, 79, 94, 67, 41, 68, 75, 38, 9, 19, 32, 81, 55, 27, 62, 87, 90, 99, 59, 11, 16, 44, 73, 70, 39, 37, 84, 3, 92, 25, 34, 28, 29, 51, 7, 66, 61, 98, 48, 89, 50, 4, 96, 53, 80, 8, 33, 46, 2, 52, 49, 0, 69, 74, 13]|[1, 1, 0, 1, 1, 0, 1, 2, 2, 1, 2, 2, 2, 1, 1, 0, 0, 1, 0, 2, 2, 0, 0, 2, 0, 1, 2, 2, 0, 0, 1, 2, 1, 2, 1, 0, 2, 0, 1, 1, 0, 1, 1, 1, 0, 2, 1, 1, 0, 0, 0, 0, 1, 1, 2, 1, 2, 0, 0, 0, 2, 1, 0, 1, 2, 1, 2, 1, 1, 1, 1, 1, 1, 0, 1, 2, 2, 0, 0, 1, 2, 1, 2, 0, 1, 0, 1, 2, 0, 0, 1, 2, 0, 0, 1, 0, 0, 1, 2, 0]|[4, 3, 2, 2, 4, 1, 2, 2, 2, 4, 1, 1, 2, 4, 4, 1, 2, 4, 2, 1, 1, 1, 1, 2, 1, 2, 1, 1, 1, 1, 3, 2, 3, 1, 4, 0, 1, 1, 0, 3, 2, 2, 2, 0, 1, 1, 0, 4, 0, 1, 1, 2, 1, 4, 0, 3, 2, 1, 1, 2, 1, 3, 1, 1, 1, 3, 1, 4, 3, 1, 4, 1, 1, 0, 4, 1, 1, 1, 1, 1, 1, 3, 1, 1, 1, 1, 4, 1, 2, 1, 3, 1, 2, 2, 1, 1, 2, 4, 1, 2]|[0, 2, 1, 1, 3, 0, 1, 0, 0, 0, 0, 0, 1, 0, 1, 0, 0, 3, 1, 0, 0, 0, 0, 1, 0, 2, 0, 0, 0, 1, 0, 0, 0, 0, 3, 0, 1, 0, 0, 2, 1, 1, 1, 0, 0, 0, 0, 2, 1, 0, 0, 0, 1, 3, 0, 0, 1, 0, 0, 1, 0, 2, 0, 1, 0, 2, 0, 0, 0, 1, 1, 3, 1, 1, 3, 0, 0, 0, 0, 2, 0, 0, 0, 0, 1, 0, 0, 0, 1, 0, 2, 0, 0, 0, 1, 1, 0, 2, 0, 0],784.1481185900863,55756.271812642575,96112.54558848144,false
18,G2_TEC,G4_BALANCED,[31, 22, 82, 15, 26, 58, 95, 42, 77, 12, 47, 5, 93, 78, 86, 54, 85, 63, 18, 44, 20, 35, 43, 97, 66, 76, 10, 30, 21, 45, 71, 1, 23, 64, 17, 83, 24, 14, 60, 36, 6, 57, 40, 88, 65, 56, 79, 94, 67, 68, 46, 75, 38, 9, 19, 32, 81, 41, 27, 62, 28, 90, 99, 59, 11, 72, 16, 73, 70, 39, 37, 84, 3, 92, 25, 34, 29, 55, 51, 7, 98, 61, 91, 48, 89, 50, 4, 96, 53, 80, 8, 33, 87, 2, 52, 13, 0, 69, 74, 49]|[1, 1, 0, 1, 1, 1, 1, 2, 2, 1, 2, 2, 2, 1, 1, 0, 0, 1, 0, 2, 2, 0, 1, 2, 2, 1, 2, 2, 0, 0, 1, 1, 2, 2, 1, 0, 2, 0, 1, 1, 0, 1, 1, 1, 0, 2, 1, 1, 0, 0, 0, 0, 1, 1, 2, 1, 2, 0, 0, 2, 0, 1, 0, 1, 2, 2, 1, 1, 1, 1, 1, 1, 1, 0, 1, 2, 0, 2, 0, 1, 2, 1, 0, 0, 1, 0, 1, 2, 0, 0, 1, 0, 2, 0, 1, 0, 0, 1, 2, 0]|[4, 3, 2, 2, 4, 0, 2, 2, 2, 4, 1, 1, 2, 4, 4, 1, 2, 4, 2, 1, 1, 1, 1, 2, 1, 2, 1, 1, 1, 1, 3, 3, 0, 2, 4, 0, 1, 1, 0, 3, 2, 2, 2, 0, 1, 1, 0, 4, 0, 1, 2, 2, 1, 4, 0, 3, 2, 1, 1, 1, 2, 3, 1, 1, 1, 0, 3, 4, 3, 1, 4, 1, 1, 0, 4, 1, 1, 1, 1, 1, 1, 3, 1, 1, 1, 1, 4, 1, 2, 1, 3, 2, 1, 2, 1, 2, 2, 4, 1, 1]|[0, 2, 1, 1, 3, 3, 1, 0, 0, 0, 0, 0, 1, 0, 1, 0, 0, 3, 1, 0, 0, 0, 3, 1, 0, 2, 0, 0, 0, 1, 0, 0, 0, 0, 3, 0, 1, 0, 0, 2, 1, 1, 1, 0, 0, 0, 0, 2, 1, 0, 0, 0, 1, 3, 0, 0, 1, 0, 0, 0, 1, 2, 0, 1, 0, 1, 2, 0, 0, 1, 1, 3, 1, 1, 3, 0, 0, 0, 0, 2, 0, 0, 0, 0, 1, 0, 0, 0, 1, 0, 2, 1, 0, 0, 1, 0, 0, 2, 0, 1],739.5532050256303,57267.28708750635,97637.63284466085,true
18,G3_TWC,G4_BALANCED,[31, 22, 82, 15, 26, 9, 95, 42, 77, 12, 47, 5, 93, 78, 86, 54, 85, 63, 18, 44, 20, 35, 43, 97, 91, 76, 10, 30, 21, 45, 71, 64, 1, 23, 17, 83, 24, 14, 60, 36, 41, 57, 40, 88, 65, 56, 6, 94, 67, 68, 46, 79, 75, 38, 58, 32, 81, 53, 27, 62, 87, 90, 99, 59, 11, 16, 72, 73, 70, 39, 37, 84, 3, 92, 25, 55, 28, 29, 51, 98, 7, 61, 66, 48, 89, 50, 4, 96, 19, 80, 8, 33, 34, 2, 52, 13, 0, 69, 74, 49]|[1, 1, 0, 1, 1, 1, 1, 2, 2, 1, 2, 2, 2, 1, 1, 0, 0, 1, 1, 2, 2, 0, 0, 2, 0, 0, 2, 2, 0, 0, 1, 2, 1, 2, 1, 0, 2, 0, 1, 1, 0, 1, 1, 1, 0, 2, 0, 1, 1, 0, 0, 1, 0, 1, 1, 1, 2, 0, 0, 0, 2, 1, 0, 1, 2, 1, 2, 1, 1, 1, 1, 1, 1, 0, 1, 1, 0, 0, 0, 2, 1, 1, 2, 0, 1, 0, 1, 2, 2, 0, 1, 2, 2, 0, 1, 0, 0, 1, 2, 0]|[4, 3, 2, 2, 4, 4, 2, 2, 2, 4, 1, 1, 2, 4, 4, 1, 2, 4, 4, 1, 1, 1, 1, 2, 1, 1, 1, 1, 1, 1, 3, 2, 3, 1, 4, 0, 1, 1, 0, 3, 1, 2, 2, 2, 1, 1, 2, 4, 4, 1, 2, 0, 2, 1, 4, 3, 2, 2, 1, 2, 1, 3, 1, 1, 1, 3, 1, 4, 3, 1, 4, 1, 1, 1, 4, 4, 2, 1, 1, 1, 1, 3, 1, 1, 1, 1, 4, 1, 0, 1, 3, 1, 1, 2, 1, 2, 2, 4, 1, 1]|[0, 2, 1, 1, 3, 3, 1, 0, 0, 0, 0, 0, 1, 0, 1, 0, 0, 3, 3, 0, 0, 0, 0, 1, 0, 0, 0, 0, 0, 1, 0, 0, 0, 0, 3, 0, 1, 0, 0, 2, 0, 1, 1, 1, 0, 0, 1, 2, 2, 0, 0, 0, 0, 1, 3, 0, 1, 1, 0, 1, 0, 2, 0, 1, 0, 2, 0, 0, 0, 1, 1, 3, 1, 0, 3, 3, 1, 0, 0, 0, 2, 0, 0, 0, 1, 0, 0, 0, 0, 0, 2, 0, 0, 0, 1, 0, 0, 2, 0, 1],906.3266491353144,55159.908782456725,105135.37307620374,true
18,G1_CMAX,G1_CMAX,[31, 22, 82, 15, 26, 9, 42, 77, 12, 5, 47, 93, 78, 86, 54, 6, 63, 18, 44, 20, 35, 43, 97, 91, 76, 10, 30, 21, 45, 17, 23, 1, 71, 83, 24, 14, 60, 36, 85, 57, 40, 95, 88, 65, 56, 79, 94, 67, 68, 46, 75, 38, 58, 19, 32, 81, 41, 62, 87, 28, 90, 59, 11, 16, 72, 73, 69, 52, 37, 64, 84, 3, 25, 29, 55, 51, 7, 98, 61, 66, 99, 33, 89, 48, 50, 96, 53, 80, 4, 8, 27, 2, 39, 13, 0, 92, 49, 74, 34, 70]|[1, 1, 0, 1, 1, 1, 2, 2, 1, 2, 2, 1, 1, 1, 0, 0, 1, 0, 2, 2, 0, 1, 2, 2, 1, 2, 2, 0, 0, 1, 2, 1, 1, 0, 2, 0, 1, 1, 0, 1, 1, 1, 1, 0, 2, 1, 1, 0, 0, 0, 0, 1, 1, 2, 1, 2, 0, 0, 2, 0, 1, 2, 2, 1, 2, 1, 1, 1, 1, 1, 1, 2, 1, 0, 2, 0, 1, 2, 1, 0, 0, 2, 1, 0, 0, 2, 0, 0, 1, 1, 0, 0, 1, 0, 0, 0, 0, 2, 2, 1]|[0, 3, 1, 2, 0, 0, 1, 1, 4, 1, 1, 4, 4, 4, 2, 2, 4, 2, 1, 1, 1, 1, 2, 1, 2, 1, 1, 1, 1, 4, 0, 3, 3, 0, 1, 1, 0, 3, 2, 2, 2, 2, 0, 1, 1, 0, 4, 0, 1, 2, 2, 1, 4, 0, 3, 2, 1, 2, 1, 2, 3, 1, 1, 3, 0, 4, 4, 1, 4, 3, 1, 2, 4, 1, 1, 1, 1, 1, 3, 1, 1, 1, 1, 1, 1, 1, 2, 1, 4, 3, 2, 2, 1, 2, 2, 0, 1, 1, 1, 4]|[1, 1, 1, 1, 3, 3, 0, 0, 0, 0, 0, 2, 0, 1, 0, 0, 3, 1, 0, 0, 0, 3, 1, 0, 2, 0, 0, 0, 1, 3, 0, 0, 0, 0, 1, 0, 0, 2, 1, 1, 1, 1, 0, 0, 0, 0, 2, 1, 0, 0, 0, 1, 3, 0, 0, 1, 0, 1, 0, 1, 2, 0, 0, 2, 1, 0, 2, 1, 1, 0, 3, 1, 3, 0, 0, 0, 2, 0, 0, 0, 0, 0, 1, 0, 0, 0, 1, 0, 0, 2, 1, 0, 1, 0, 0, 1, 1, 0, 0, 2],733.3116759547878,58140.55643565909,96674.14109675489,false
18,G4_BALANCED,G4_BALANCED,[31, 11, 82, 15, 26, 9, 95, 42, 77, 68, 47, 5, 93, 78, 86, 54, 85, 63, 18, 44, 20, 49, 36, 14, 74, 50, 53, 17, 21, 45, 71, 64, 3, 23, 30, 83, 24, 41, 60, 52, 65, 27, 90, 70, 39, 87, 48, 69, 99, 4, 46, 1, 13, 58, 97, 59, 28, 75, 73, 37, 35, 79, 22, 66, 76, 32, 40, 80, 96, 6, 61, 16, 33, 7, 57, 34, 12, 67, 10, 98, 56, 88, 29, 25, 91, 38, 19, 92, 43, 84, 51, 72, 81, 8, 2, 55, 0, 62, 89, 94]|[2, 1, 2, 1, 1, 2, 1, 1, 1, 1, 1, 0, 2, 2, 1, 2, 0, 0, 0, 2, 2, 1, 0, 2, 0, 2, 2, 1, 0, 1, 1, 1, 0, 0, 1, 0, 2, 1, 2, 2, 0, 0, 1, 1, 0, 2, 0, 2, 1, 0, 0, 2, 0, 0, 2, 0, 1, 1, 0, 0, 2, 1, 0, 2, 2, 0, 2, 2, 0, 1, 1, 2, 1, 2, 0, 1, 1, 1, 1, 2, 2, 1, 1, 1, 1, 0, 1, 0, 1, 0, 1, 1, 1, 0, 2, 0, 0, 1, 1, 2]|[0, 3, 0, 2, 4, 1, 4, 4, 2, 4, 3, 2, 1, 0, 2, 1, 1, 1, 2, 1, 1, 3, 0, 1, 0, 1, 1, 4, 1, 4, 3, 2, 2, 0, 4, 1, 1, 4, 0, 1, 2, 1, 4, 4, 1, 1, 0, 2, 3, 1, 2, 1, 2, 1, 1, 2, 4, 3, 0, 2, 2, 3, 1, 0, 1, 2, 0, 1, 2, 4, 3, 1, 4, 1, 2, 4, 3, 3, 3, 1, 1, 4, 3, 4, 3, 2, 4, 2, 4, 2, 3, 4, 1, 2, 1, 2, 2, 3, 4, 1]|[0, 2, 0, 1, 3, 0, 1, 3, 0, 0, 2, 0, 1, 0, 1, 0, 0, 0, 1, 0, 0, 2, 0, 0, 1, 0, 0, 3, 0, 1, 0, 2, 0, 1, 3, 0, 1, 3, 0, 0, 0, 0, 1, 3, 0, 0, 1, 0, 2, 0, 0, 0, 0, 0, 1, 0, 1, 0, 1, 1, 0, 2, 0, 0, 0, 0, 0, 0, 0, 2, 0, 0, 1, 0, 0, 1, 0, 0, 3, 0, 0, 1, 0, 3, 0, 0, 3, 0, 2, 0, 0, 2, 1, 0, 0, 0, 0, 0, 1, 0],855.0393744413956,51684.66824914086,111484.00316030454,false
18,G2_TEC,G2_TEC,[31, 22, 82, 15, 26, 9, 95, 42, 77, 68, 47, 5, 93, 78, 86, 54, 85, 63, 18, 44, 20, 49, 36, 14, 74, 50, 53, 25, 21, 28, 71, 64, 3, 23, 30, 83, 24, 41, 40, 52, 65, 27, 90, 70, 39, 87, 48, 69, 99, 4, 46, 1, 13, 58, 97, 59, 45, 8, 73, 37, 35, 79, 11, 66, 76, 32, 60, 80, 96, 6, 16, 61, 33, 7, 57, 34, 12, 67, 10, 98, 56, 88, 29, 75, 91, 38, 19, 92, 43, 84, 51, 72, 81, 17, 2, 55, 0, 62, 89, 94]|[2, 1, 2, 1, 1, 2, 1, 1, 1, 1, 1, 0, 2, 2, 1, 2, 0, 0, 0, 2, 2, 1, 0, 2, 0, 2, 2, 1, 0, 1, 1, 1, 0, 0, 1, 0, 2, 1, 2, 2, 0, 0, 1, 1, 0, 2, 0, 2, 1, 0, 0, 2, 0, 0, 2, 0, 1, 1, 0, 0, 2, 1, 0, 2, 2, 0, 2, 2, 0, 1, 2, 1, 1, 2, 0, 1, 1, 1, 1, 2, 2, 1, 1, 0, 1, 0, 1, 0, 1, 0, 1, 1, 1, 1, 2, 0, 0, 1, 1, 2]|[0, 3, 0, 3, 4, 1, 4, 4, 2, 4, 3, 2, 1, 0, 2, 1, 1, 1, 2, 1, 1, 3, 0, 1, 0, 1, 1, 4, 1, 4, 3, 2, 2, 0, 4, 1, 1, 4, 0, 1, 2, 1, 4, 4, 1, 1, 0, 2, 3, 1, 2, 1, 2, 1, 1, 2, 4, 3, 0, 2, 2, 3, 1, 0, 1, 2, 0, 1, 2, 4, 1, 3, 4, 1, 2, 4, 3, 3, 3, 1, 1, 4, 3, 2, 3, 2, 4, 2, 4, 2, 3, 4, 4, 4, 1, 2, 2, 3, 4, 1]|[0, 2, 0, 0, 3, 0, 1, 3, 0, 0, 2, 0, 1, 0, 1, 0, 0, 0, 1, 0, 0, 2, 0, 0, 1, 0, 0, 3, 0, 1, 0, 2, 0, 0, 3, 0, 1, 3, 0, 0, 0, 0, 1, 3, 0, 0, 1, 0, 2, 0, 0, 0, 0, 0, 1, 0, 1, 0, 1, 1, 0, 2, 0, 0, 0, 0, 0, 0, 0, 2, 0, 0, 1, 0, 0, 1, 0, 0, 3, 0, 0, 1, 0, 0, 0, 0, 3, 0, 2, 0, 0, 2, 1, 3, 0, 0, 0, 0, 1, 0],890.9074744783937,50765.917855663734,113588.58833646381,false
18,G3_TWC,G4_BALANCED,[31, 22, 82, 15, 26, 9, 95, 42, 77, 12, 47, 5, 93, 78, 86, 54, 85, 63, 18, 44, 20, 35, 43, 97, 91, 76, 10, 30, 21, 45, 71, 64, 1, 23, 17, 83, 24, 14, 60, 36, 41, 57, 40, 88, 65, 56, 6, 94, 67, 68, 46, 79, 75, 38, 58, 32, 81, 53, 27, 62, 87, 90, 99, 59, 11, 16, 72, 73, 70, 39, 37, 84, 3, 92, 25, 55, 28, 29, 51, 98, 7, 61, 66, 48, 89, 50, 4, 96, 19, 80, 8, 33, 34, 2, 52, 13, 0, 69, 74, 49]|[1, 1, 0, 1, 1, 1, 1, 2, 2, 1, 2, 2, 2, 1, 1, 0, 0, 1, 1, 2, 2, 0, 0, 2, 0, 0, 2, 2, 0, 0, 1, 2, 1, 2, 1, 0, 2, 0, 1, 1, 0, 1, 1, 1, 0, 2, 0, 1, 1, 0, 0, 1, 0, 1, 1, 1, 2, 0, 0, 0, 2, 1, 0, 1, 2, 1, 2, 1, 1, 1, 1, 1, 1, 0, 1, 1, 0, 0, 0, 2, 1, 1, 2, 0, 1, 0, 1, 2, 2, 0, 1, 2, 2, 0, 1, 0, 0, 1, 2, 0]|[4, 3, 2, 2, 4, 4, 2, 2, 2, 4, 1, 1, 2, 4, 4, 1, 2, 4, 4, 1, 1, 1, 1, 2, 1, 1, 1, 1, 1, 1, 3, 2, 3, 1, 4, 0, 1, 1, 0, 3, 1, 2, 2, 2, 1, 1, 2, 4, 4, 1, 2, 0, 2, 1, 4, 3, 2, 2, 1, 2, 1, 3, 1, 1, 1, 3, 1, 4, 3, 1, 4, 1, 1, 1, 4, 4, 2, 1, 1, 1, 1, 3, 1, 1, 1, 1, 4, 1, 0, 1, 3, 1, 1, 2, 1, 2, 2, 4, 1, 1]|[0, 2, 1, 1, 3, 3, 1, 0, 0, 0, 0, 0, 1, 0, 1, 0, 0, 3, 3, 0, 0, 0, 0, 1, 0, 0, 0, 0, 0, 1, 0, 0, 0, 0, 3, 0, 1, 0, 0, 2, 0, 1, 1, 1, 0, 0, 1, 2, 2, 0, 0, 0, 0, 1, 3, 0, 1, 1, 0, 1, 0, 2, 0, 1, 0, 2, 0, 0, 0, 1, 1, 3, 1, 0, 3, 3, 1, 0, 0, 0, 2, 0, 0, 0, 1, 0, 0, 0, 0, 0, 2, 0, 0, 0, 1, 0, 0, 2, 0, 1],906.3266491353144,55159.908782456725,105135.37307620374,true
18,G1_CMAX,G1_CMAX,[31, 22, 82, 15, 26, 9, 42, 77, 12, 5, 47, 93, 78, 86, 54, 6, 63, 18, 44, 20, 35, 43, 97, 91, 76, 10, 30, 21, 45, 17, 23, 1, 71, 83, 24, 14, 60, 36, 85, 57, 40, 95, 88, 65, 56, 79, 94, 67, 68, 46, 75, 38, 58, 19, 32, 81, 41, 62, 87, 28, 90, 59, 11, 16, 72, 73, 69, 52, 37, 64, 84, 3, 25, 29, 55, 51, 7, 98, 61, 66, 99, 33, 89, 48, 50, 96, 53, 80, 4, 8, 27, 2, 39, 13, 0, 92, 49, 74, 34, 70]|[1, 1, 0, 1, 1, 1, 2, 2, 1, 2, 2, 1, 1, 1, 0, 0, 1, 0, 2, 2, 0, 1, 2, 2, 1, 2, 2, 0, 0, 1, 2, 1, 1, 0, 2, 0, 1, 1, 0, 1, 1, 1, 1, 0, 2, 1, 1, 0, 0, 0, 0, 1, 1, 2, 1, 2, 0, 0, 2, 0, 1, 2, 2, 1, 2, 1, 1, 1, 1, 1, 1, 2, 1, 0, 2, 0, 1, 2, 1, 0, 0, 2, 1, 0, 0, 2, 0, 0, 1, 1, 0, 0, 1, 0, 0, 0, 0, 2, 2, 1]|[0, 3, 1, 2, 0, 0, 1, 1, 4, 1, 1, 4, 4, 4, 2, 2, 4, 2, 1, 1, 1, 1, 2, 1, 2, 1, 1, 1, 1, 4, 0, 3, 3, 0, 1, 1, 0, 3, 2, 2, 2, 2, 0, 1, 1, 0, 4, 0, 1, 2, 2, 1, 4, 0, 3, 2, 1, 2, 1, 2, 3, 1, 1, 3, 0, 4, 4, 1, 4, 3, 1, 2, 4, 1, 1, 1, 1, 1, 3, 1, 1, 1, 1, 1, 1, 1, 2, 1, 4, 3, 2, 2, 1, 2, 2, 0, 1, 1, 1, 4]|[1, 1, 1, 1, 3, 3, 0, 0, 0, 0, 0, 2, 0, 1, 0, 0, 3, 1, 0, 0, 0, 3, 1, 0, 2, 0, 0, 0, 1, 3, 0, 0, 0, 0, 1, 0, 0, 2, 1, 1, 1, 1, 0, 0, 0, 0, 2, 1, 0, 0, 0, 1, 3, 0, 0, 1, 0, 1, 0, 1, 2, 0, 0, 2, 1, 0, 2, 1, 1, 0, 3, 1, 3, 0, 0, 0, 2, 0, 0, 0, 0, 0, 1, 0, 0, 0, 1, 0, 0, 2, 1, 0, 1, 0, 0, 1, 1, 0, 0, 2],733.3116759547878,58140.55643565909,96674.14109675489,false
18,G4_BALANCED,G4_BALANCED,[31, 22, 82, 15, 26, 9, 95, 42, 77, 68, 47, 5, 93, 78, 86, 54, 85, 63, 18, 44, 20, 49, 36, 14, 74, 50, 53, 17, 21, 28, 71, 64, 3, 23, 30, 83, 24, 41, 60, 52, 65, 27, 90, 70, 39, 87, 48, 69, 99, 4, 46, 1, 13, 58, 97, 59, 45, 8, 73, 37, 35, 79, 11, 66, 76, 32, 40, 80, 96, 6, 16, 61, 33, 7, 57, 34, 12, 67, 10, 98, 56, 88, 29, 75, 91, 43, 19, 92, 38, 84, 51, 72, 81, 25, 2, 55, 0, 94, 89, 62]|[2, 1, 2, 1, 1, 2, 1, 1, 1, 1, 1, 0, 2, 2, 1, 2, 0, 0, 0, 2, 2, 1, 0, 2, 0, 2, 2, 1, 0, 1, 1, 1, 0, 0, 1, 0, 2, 1, 2, 2, 0, 0, 1, 1, 0, 2, 0, 2, 1, 0, 0, 2, 0, 0, 2, 0, 1, 1, 0, 0, 2, 1, 0, 2, 2, 0, 2, 2, 0, 1, 2, 1, 1, 2, 0, 1, 1, 1, 1, 2, 2, 1, 1, 0, 1, 1, 1, 0, 0, 0, 1, 1, 1, 1, 2, 0, 0, 2, 1, 1]|[0, 3, 0, 3, 4, 1, 4, 4, 2, 4, 3, 2, 1, 0, 2, 1, 1, 1, 2, 1, 1, 3, 0, 1, 0, 1, 1, 4, 1, 4, 3, 2, 2, 0, 4, 1, 1, 4, 0, 1, 2, 1, 4, 4, 1, 1, 0, 2, 3, 1, 2, 1, 2, 1, 1, 2, 4, 3, 0, 2, 2, 3, 1, 0, 1, 2, 0, 1, 2, 4, 1, 3, 4, 1, 2, 4, 3, 3, 3, 1, 1, 4, 3, 2, 3, 4, 4, 2, 2, 2, 3, 4, 1, 4, 1, 2, 2, 1, 4, 3]|[0, 2, 0, 0, 3, 0, 1, 3, 0, 0, 2, 0, 1, 0, 1, 0, 0, 0, 1, 0, 0, 2, 0, 0, 1, 0, 0, 3, 0, 1, 0, 2, 0, 1, 3, 0, 1, 3, 1, 0, 0, 0, 1, 3, 0, 0, 1, 0, 2, 0, 0, 0, 0, 0, 1, 0, 1, 0, 1, 1, 0, 2, 0, 0, 0, 0, 0, 0, 0, 2, 0, 0, 1, 0, 0, 1, 0, 0, 3, 0, 0, 1, 0, 0, 0, 2, 3, 0, 0, 0, 0, 2, 1, 3, 0, 0, 0, 0, 1, 0],853.5199538967528,51721.11456561794,107525.10110327002,false
18,G2_TEC,G2_TEC,[31, 22, 82, 15, 26, 9, 95, 42, 77, 68, 47, 5, 93, 78, 86, 54, 85, 63, 18, 44, 20, 49, 36, 14, 74, 50, 53, 25, 21, 28, 71, 64, 3, 23, 30, 83, 24, 41, 40, 52, 65, 27, 90, 70, 39, 87, 48, 69, 99, 4, 46, 1, 13, 58, 97, 59, 45, 8, 73, 37, 35, 79, 11, 66, 76, 32, 60, 80, 96, 6, 16, 61, 33, 7, 57, 34, 12, 67, 10, 98, 56, 88, 29, 75, 91, 38, 19, 92, 43, 84, 51, 72, 81, 17, 2, 55, 0, 62, 89, 94]|[2, 1, 2, 1, 1, 2, 1, 1, 1, 1, 1, 0, 2, 2, 1, 2, 0, 0, 0, 2, 2, 1, 0, 2, 0, 2, 2, 1, 0, 1, 1, 1, 0, 0, 1, 0, 2, 1, 2, 2, 0, 0, 1, 1, 0, 2, 0, 2, 1, 0, 0, 2, 0, 0, 2, 0, 1, 1, 0, 0, 2, 1, 0, 2, 2, 0, 2, 2, 0, 1, 2, 1, 1, 2, 0, 1, 1, 1, 1, 2, 2, 1, 1, 0, 1, 0, 1, 0, 1, 0, 1, 1, 1, 1, 2, 0, 0, 1, 1, 2]|[0, 3, 0, 3, 4, 1, 4, 4, 2, 4, 3, 2, 1, 0, 2, 1, 1, 1, 2, 1, 1, 3, 0, 1, 0, 1, 1, 4, 1, 4, 3, 2, 2, 0, 4, 1, 1, 4, 0, 1, 2, 1, 4, 4, 1, 1, 0, 2, 3, 1, 2, 1, 2, 1, 1, 2, 4, 3, 0, 2, 2, 3, 1, 0, 1, 2, 0, 1, 2, 4, 1, 3, 4, 1, 2, 4, 3, 3, 3, 1, 1, 4, 3, 2, 3, 2, 4, 2, 4, 2, 3, 4, 4, 4, 1, 2, 2, 3, 4, 1]|[0, 2, 0, 0, 3, 0, 1, 3, 0, 0, 2, 0, 1, 0, 1, 0, 0, 0, 1, 0, 0, 2, 0, 0, 1, 0, 0, 3, 0, 1, 0, 2, 0, 0, 3, 0, 1, 3, 0, 0, 0, 0, 1, 3, 0, 0, 1, 0, 2, 0, 0, 0, 0, 0, 1, 0, 1, 0, 1, 1, 0, 2, 0, 0, 0, 0, 0, 0, 0, 2, 0, 0, 1, 0, 0, 1, 0, 0, 3, 0, 0, 1, 0, 0, 0, 0, 3, 0, 2, 0, 0, 2, 1, 3, 0, 0, 0, 0, 1, 0],890.9074744783937,50765.917855663734,113588.58833646381,false
18,G3_TWC,G1_CMAX,[31, 22, 82, 15, 26, 9, 42, 95, 77, 12, 47, 5, 93, 78, 86, 54, 85, 63, 18, 44, 20, 35, 43, 97, 91, 76, 10, 30, 21, 45, 71, 64, 1, 23, 17, 83, 24, 14, 60, 36, 6, 57, 94, 88, 65, 56, 79, 40, 67, 68, 46, 75, 38, 58, 19, 32, 81, 41, 27, 62, 87, 90, 99, 59, 11, 16, 72, 73, 69, 39, 37, 84, 3, 92, 25, 55, 28, 29, 51, 7, 33, 61, 98, 66, 89, 50, 8, 96, 53, 80, 4, 48, 34, 2, 52, 13, 0, 70, 49, 74]|[1, 1, 0, 1, 1, 1, 2, 1, 2, 1, 2, 2, 2, 1, 1, 0, 0, 1, 0, 2, 2, 0, 1, 2, 0, 1, 2, 2, 0, 0, 1, 2, 1, 2, 1, 0, 2, 0, 1, 1, 0, 1, 1, 1, 0, 2, 1, 1, 0, 0, 0, 0, 1, 1, 2, 1, 2, 0, 0, 0, 2, 1, 0, 1, 2, 1, 2, 1, 1, 1, 1, 1, 1, 0, 1, 2, 0, 0, 0, 1, 2, 1, 0, 2, 1, 0, 1, 0, 0, 0, 0, 0, 2, 0, 1, 0, 0, 1, 0, 2]|[4, 3, 2, 2, 0, 0, 2, 2, 2, 4, 1, 1, 2, 4, 4, 1, 2, 4, 2, 1, 1, 1, 1, 2, 1, 2, 1, 1, 1, 1, 3, 2, 3, 0, 4, 0, 1, 1, 0, 3, 2, 2, 2, 0, 1, 1, 0, 4, 0, 1, 2, 2, 1, 4, 0, 3, 2, 1, 1, 2, 1, 3, 1, 1, 1, 3, 0, 4, 3, 1, 4, 1, 1, 0, 4, 1, 2, 1, 1, 3, 1, 3, 1, 1, 1, 1, 3, 1, 2, 1, 2, 1, 1, 2, 1, 2, 2, 3, 1, 1]|[0, 2, 1, 1, 3, 3, 0, 1, 0, 0, 0, 0, 1, 0, 1, 0, 0, 3, 1, 0, 0, 0, 3, 1, 0, 2, 0, 0, 0, 1, 0, 0, 0, 0, 3, 0, 1, 0, 0, 2, 1, 1, 1, 0, 0, 0, 0, 2, 1, 0, 0, 0, 1, 3, 0, 0, 1, 0, 0, 1, 0, 2, 0, 1, 0, 2, 1, 0, 0, 1, 1, 3, 1, 1, 3, 0, 1, 0, 0, 2, 0, 0, 0, 0, 1, 0, 2, 0, 1, 0, 1, 0, 0, 0, 1, 0, 0, 0, 1, 0],801.427594812029,57868.49349465401,91455.85780813712,true
18,G1_CMAX,G1_CMAX,[31, 22, 82, 15, 26, 9, 42, 77, 12, 5, 47, 93, 78, 86, 54, 6, 63, 18, 44, 20, 35, 43, 97, 91, 76, 10, 30, 21, 45, 17, 23, 1, 71, 83, 24, 14, 60, 36, 85, 57, 40, 95, 88, 65, 56, 79, 94, 67, 68, 46, 75, 38, 58, 19, 32, 81, 41, 62, 87, 28, 90, 59, 11, 16, 72, 73, 69, 52, 37, 64, 84, 3, 25, 29, 55, 51, 7, 98, 61, 66, 99, 33, 89, 48, 50, 96, 53, 80, 4, 8, 27, 2, 39, 13, 0, 92, 49, 74, 34, 70]|[1, 1, 0, 1, 1, 1, 2, 2, 1, 2, 2, 1, 1, 1, 0, 0, 1, 0, 2, 2, 0, 1, 2, 2, 1, 2, 2, 0, 0, 1, 2, 1, 1, 0, 2, 0, 1, 1, 0, 1, 1, 1, 1, 0, 2, 1, 1, 0, 0, 0, 0, 1, 1, 2, 1, 2, 0, 0, 2, 0, 1, 2, 2, 1, 2, 1, 1, 1, 1, 1, 1, 2, 1, 0, 2, 0, 1, 2, 1, 0, 0, 2, 1, 0, 0, 2, 0, 0, 1, 1, 0, 0, 1, 0, 0, 0, 0, 2, 2, 1]|[0, 3, 1, 2, 0, 0, 1, 1, 4, 1, 1, 4, 4, 4, 2, 2, 4, 2, 1, 1, 1, 1, 2, 1, 2, 1, 1, 1, 1, 4, 0, 3, 3, 0, 1, 1, 0, 3, 2, 2, 2, 2, 0, 1, 1, 0, 4, 0, 1, 2, 2, 1, 4, 0, 3, 2, 1, 2, 1, 2, 3, 1, 1, 3, 0, 4, 4, 1, 4, 3, 1, 2, 4, 1, 1, 1, 1, 1, 3, 1, 1, 1, 1, 1, 1, 1, 2, 1, 4, 3, 2, 2, 1, 2, 2, 0, 1, 1, 1, 4]|[1, 1, 1, 1, 3, 3, 0, 0, 0, 0, 0, 2, 0, 1, 0, 0, 3, 1, 0, 0, 0, 3, 1, 0, 2, 0, 0, 0, 1, 3, 0, 0, 0, 0, 1, 0, 0, 2, 1, 1, 1, 1, 0, 0, 0, 0, 2, 1, 0, 0, 0, 1, 3, 0, 0, 1, 0, 1, 0, 1, 2, 0, 0, 2, 1, 0, 2, 1, 1, 0, 3, 1, 3, 0, 0, 0, 2, 0, 0, 0, 0, 0, 1, 0, 0, 0, 1, 0, 0, 2, 1, 0, 1, 0, 0, 1, 1, 0, 0, 2],733.3116759547878,58140.55643565909,96674.14109675489,false
18,G4_BALANCED,G4_BALANCED,[31, 22, 82, 15, 26, 9, 95, 42, 77, 68, 47, 5, 93, 78, 86, 54, 85, 63, 18, 44, 20, 49, 36, 14, 74, 50, 53, 17, 21, 28, 71, 64, 3, 23, 30, 83, 24, 41, 60, 52, 65, 27, 90, 70, 39, 87, 48, 69, 99, 4, 46, 1, 13, 58, 97, 59, 45, 8, 73, 37, 35, 79, 11, 66, 76, 32, 40, 80, 96, 6, 16, 61, 33, 7, 57, 34, 12, 67, 10, 98, 56, 88, 29, 75, 91, 43, 19, 92, 38, 84, 51, 72, 81, 25, 2, 55, 0, 94, 89, 62]|[2, 1, 2, 1, 1, 2, 1, 1, 1, 1, 1, 0, 2, 2, 1, 2, 0, 0, 0, 2, 2, 1, 0, 2, 0, 2, 2, 1, 0, 1, 1, 1, 0, 0, 1, 0, 2, 1, 2, 2, 0, 0, 1, 1, 0, 2, 0, 2, 1, 0, 0, 2, 0, 0, 2, 0, 1, 1, 0, 0, 2, 1, 0, 2, 2, 0, 2, 2, 0, 1, 2, 1, 1, 2, 0, 1, 1, 1, 1, 2, 2, 1, 1, 0, 1, 1, 1, 0, 0, 0, 1, 1, 1, 1, 2, 0, 0, 2, 1, 1]|[0, 3, 0, 3, 4, 1, 4, 4, 2, 4, 3, 2, 1, 0, 2, 1, 1, 1, 2, 1, 1, 3, 0, 1, 0, 1, 1, 4, 1, 4, 3, 2, 2, 0, 4, 1, 1, 4, 0, 1, 2, 1, 4, 4, 1, 1, 0, 2, 3, 1, 2, 1, 2, 1, 1, 2, 4, 3, 0, 2, 2, 3, 1, 0, 1, 2, 0, 1, 2, 4, 1, 3, 4, 1, 2, 4, 3, 3, 3, 1, 1, 4, 3, 2, 3, 4, 4, 2, 2, 2, 3, 4, 1, 4, 1, 2, 2, 1, 4, 3]|[0, 2, 0, 0, 3, 0, 1, 3, 0, 0, 2, 0, 1, 0, 1, 0, 0, 0, 1, 0, 0, 2, 0, 0, 1, 0, 0, 3, 0, 1, 0, 2, 0, 1, 3, 0, 1, 3, 1, 0, 0, 0, 1, 3, 0, 0, 1, 0, 2, 0, 0, 0, 0, 0, 1, 0, 1, 0, 1, 1, 0, 2, 0, 0, 0, 0, 0, 0, 0, 2, 0, 0, 1, 0, 0, 1, 0, 0, 3, 0, 0, 1, 0, 0, 0, 2, 3, 0, 0, 0, 0, 2, 1, 3, 0, 0, 0, 0, 1, 0],853.5199538967528,51721.11456561794,107525.10110327002,false
18,G2_TEC,G2_TEC,[31, 22, 82, 15, 26, 9, 95, 42, 77, 68, 47, 5, 93, 78, 86, 54, 85, 63, 18, 44, 20, 49, 36, 14, 74, 50, 53, 25, 21, 28, 71, 64, 3, 23, 30, 83, 24, 41, 40, 52, 65, 27, 90, 70, 39, 87, 48, 69, 99, 4, 46, 1, 13, 58, 97, 59, 45, 8, 73, 37, 35, 79, 11, 66, 76, 32, 60, 80, 96, 6, 16, 61, 33, 7, 57, 34, 12, 67, 10, 98, 56, 88, 29, 75, 91, 38, 19, 92, 43, 84, 51, 72, 81, 17, 2, 55, 0, 62, 89, 94]|[2, 1, 2, 1, 1, 2, 1, 1, 1, 1, 1, 0, 2, 2, 1, 2, 0, 0, 0, 2, 2, 1, 0, 2, 0, 2, 2, 1, 0, 1, 1, 1, 0, 0, 1, 0, 2, 1, 2, 2, 0, 0, 1, 1, 0, 2, 0, 2, 1, 0, 0, 2, 0, 0, 2, 0, 1, 1, 0, 0, 2, 1, 0, 2, 2, 0, 2, 2, 0, 1, 2, 1, 1, 2, 0, 1, 1, 1, 1, 2, 2, 1, 1, 0, 1, 0, 1, 0, 1, 0, 1, 1, 1, 1, 2, 0, 0, 1, 1, 2]|[0, 3, 0, 3, 4, 1, 4, 4, 2, 4, 3, 2, 1, 0, 2, 1, 1, 1, 2, 1, 1, 3, 0, 1, 0, 1, 1, 4, 1, 4, 3, 2, 2, 0, 4, 1, 1, 4, 0, 1, 2, 1, 4, 4, 1, 1, 0, 2, 3, 1, 2, 1, 2, 1, 1, 2, 4, 3, 0, 2, 2, 3, 1, 0, 1, 2, 0, 1, 2, 4, 1, 3, 4, 1, 2, 4, 3, 3, 3, 1, 1, 4, 3, 2, 3, 2, 4, 2, 4, 2, 3, 4, 4, 4, 1, 2, 2, 3, 4, 1]|[0, 2, 0, 0, 3, 0, 1, 3, 0, 0, 2, 0, 1, 0, 1, 0, 0, 0, 1, 0, 0, 2, 0, 0, 1, 0, 0, 3, 0, 1, 0, 2, 0, 0, 3, 0, 1, 3, 0, 0, 0, 0, 1, 3, 0, 0, 1, 0, 2, 0, 0, 0, 0, 0, 1, 0, 1, 0, 1, 1, 0, 2, 0, 0, 0, 0, 0, 0, 0, 2, 0, 0, 1, 0, 0, 1, 0, 0, 3, 0, 0, 1, 0, 0, 0, 0, 3, 0, 2, 0, 0, 2, 1, 3, 0, 0, 0, 0, 1, 0],890.9074744783937,50765.917855663734,113588.58833646381,false
18,G3_TWC,G4_BALANCED,[31, 22, 82, 15, 26, 9, 95, 42, 77, 68, 47, 5, 93, 78, 86, 54, 85, 63, 18, 44, 20, 49, 36, 14, 74, 50, 53, 17, 21, 28, 71, 64, 3, 23, 30, 83, 24, 41, 60, 52, 65, 27, 90, 70, 39, 87, 48, 69, 99, 4, 46, 1, 13, 58, 97, 59, 45, 8, 73, 37, 35, 40, 11, 66, 76, 32, 79, 80, 96, 6, 16, 61, 33, 7, 57, 34, 12, 67, 10, 98, 56, 88, 29, 75, 91, 38, 19, 92, 43, 84, 51, 72, 81, 25, 2, 55, 0, 62, 89, 94]|[2, 1, 2, 1, 1, 2, 1, 1, 1, 1, 1, 0, 2, 2, 1, 2, 0, 0, 0, 2, 2, 1, 0, 2, 0, 2, 2, 1, 0, 1, 1, 1, 0, 0, 1, 0, 2, 1, 2, 2, 0, 0, 1, 1, 0, 2, 0, 2, 1, 0, 0, 2, 0, 0, 2, 0, 1, 1, 0, 0, 2, 2, 0, 2, 2, 0, 1, 2, 0, 1, 2, 1, 1, 2, 0, 1, 1, 1, 1, 0, 2, 1, 1, 0, 1, 0, 1, 0, 1, 0, 1, 1, 1, 1, 2, 0, 0, 1, 1, 1]|[0, 3, 0, 3, 4, 1, 4, 4, 2, 4, 3, 2, 1, 0, 2, 1, 1, 1, 2, 1, 1, 3, 0, 1, 0, 1, 1, 4, 1, 4, 3, 2, 2, 0, 4, 1, 1, 4, 0, 1, 2, 1, 4, 4, 1, 1, 0, 2, 3, 1, 2, 1, 2, 1, 1, 2, 4, 3, 0, 2, 2, 0, 1, 0, 1, 2, 3, 1, 2, 4, 1, 3, 4, 1, 2, 4, 3, 3, 3, 2, 1, 4, 3, 2, 3, 2, 4, 2, 4, 2, 3, 4, 1, 4, 1, 2, 2, 3, 4, 4]|[0, 2, 0, 0, 3, 0, 1, 3, 0, 0, 2, 0, 1, 1, 1, 0, 0, 0, 1, 0, 0, 2, 0, 0, 1, 0, 0, 3, 0, 1, 0, 2, 0, 1, 3, 0, 1, 3, 1, 0, 0, 0, 1, 3, 0, 0, 1, 0, 2, 0, 0, 0, 0, 0, 1, 0, 1, 0, 1, 1, 0, 0, 0, 0, 0, 0, 2, 0, 0, 2, 0, 0, 1, 0, 0, 1, 0, 0, 3, 0, 0, 1, 0, 0, 0, 0, 3, 0, 2, 0, 0, 2, 1, 3, 0, 0, 0, 0, 1, 2],892.7401490794913,52157.350035632444,105706.70593157865,true
18,G1_CMAX,G1_CMAX,[31, 22, 82, 15, 26, 9, 42, 77, 12, 5, 47, 93, 78, 86, 54, 6, 63, 18, 44, 20, 35, 43, 97, 91, 76, 10, 30, 21, 45, 17, 23, 1, 71, 83, 24, 14, 60, 36, 85, 57, 40, 95, 88, 65, 56, 79, 94, 67, 68, 46, 75, 38, 58, 19, 32, 81, 41, 62, 87, 28, 90, 59, 11, 16, 72, 73, 69, 52, 37, 64, 84, 3, 25, 29, 55, 51, 7, 98, 61, 66, 99, 33, 89, 48, 50, 96, 53, 80, 4, 8, 27, 2, 39, 13, 0, 92, 49, 74, 34, 70]|[1, 1, 0, 1, 1, 1, 2, 2, 1, 2, 2, 1, 1, 1, 0, 0, 1, 0, 2, 2, 0, 1, 2, 2, 1, 2, 2, 0, 0, 1, 2, 1, 1, 0, 2, 0, 1, 1, 0, 1, 1, 1, 1, 0, 2, 1, 1, 0, 0, 0, 0, 1, 1, 2, 1, 2, 0, 0, 2, 0, 1, 2, 2, 1, 2, 1, 1, 1, 1, 1, 1, 2, 1, 0, 2, 0, 1, 2, 1, 0, 0, 2, 1, 0, 0, 2, 0, 0, 1, 1, 0, 0, 1, 0, 0, 0, 0, 2, 2, 1]|[0, 3, 1, 2, 0, 0, 1, 1, 4, 1, 1, 4, 4, 4, 2, 2, 4, 2, 1, 1, 1, 1, 2, 1, 2, 1, 1, 1, 1, 4, 0, 3, 3, 0, 1, 1, 0, 3, 2, 2, 2, 2, 0, 1, 1, 0, 4, 0, 1, 2, 2, 1, 4, 0, 3, 2, 1, 2, 1, 2, 3, 1, 1, 3, 0, 4, 4, 1, 4, 3, 1, 2, 4, 1, 1, 1, 1, 1, 3, 1, 1, 1, 1, 1, 1, 1, 2, 1, 4, 3, 2, 2, 1, 2, 2, 0, 1, 1, 1, 4]|[1, 1, 1, 1, 3, 3, 0, 0, 0, 0, 0, 2, 0, 1, 0, 0, 3, 1, 0, 0, 0, 3, 1, 0, 2, 0, 0, 0, 1, 3, 0, 0, 0, 0, 1, 0, 0, 2, 1, 1, 1, 1, 0, 0, 0, 0, 2, 1, 0, 0, 0, 1, 3, 0, 0, 1, 0, 1, 0, 1, 2, 0, 0, 2, 1, 0, 2, 1, 1, 0, 3, 1, 3, 0, 0, 0, 2, 0, 0, 0, 0, 0, 1, 0, 0, 0, 1, 0, 0, 2, 1, 0, 1, 0, 0, 1, 1, 0, 0, 2],733.3116759547878,58140.55643565909,96674.14109675489,false
18,G4_BALANCED,G4_BALANCED,[31, 11, 82, 15, 26, 9, 95, 42, 77, 68, 47, 5, 93, 78, 86, 54, 85, 63, 18, 44, 20, 49, 36, 14, 74, 50, 53, 17, 21, 45, 71, 64, 3, 23, 30, 83, 24, 41, 60, 52, 65, 27, 90, 70, 39, 87, 48, 69, 99, 4, 46, 1, 13, 58, 97, 59, 28, 75, 73, 37, 35, 79, 22, 66, 76, 32, 40, 80, 96, 6, 61, 16, 33, 7, 57, 34, 12, 67, 10, 98, 56, 88, 29, 25, 91, 38, 19, 92, 43, 84, 51, 72, 81, 8, 2, 55, 0, 62, 89, 94]|[2, 1, 2, 1, 1, 2, 1, 1, 1, 1, 1, 0, 2, 2, 1, 2, 0, 0, 0, 2, 2, 1, 0, 2, 0, 2, 2, 1, 0, 1, 1, 1, 0, 0, 1, 0, 2, 1, 2, 2, 0, 0, 1, 1, 0, 2, 0, 2, 1, 0, 0, 2, 0, 0, 2, 0, 1, 1, 0, 0, 2, 1, 0, 2, 2, 0, 2, 2, 0, 1, 1, 2, 1, 2, 0, 1, 1, 1, 1, 2, 2, 1, 1, 1, 1, 0, 1, 0, 1, 0, 1, 1, 1, 0, 2, 0, 0, 1, 1, 2]|[0, 3, 0, 2, 4, 1, 4, 4, 2, 4, 3, 2, 1, 0, 2, 1, 1, 1, 2, 1, 1, 3, 0, 1, 0, 1, 1, 4, 1, 4, 3, 2, 2, 0, 4, 1, 1, 4, 0, 1, 2, 1, 4, 4, 1, 1, 0, 2, 3, 1, 2, 1, 2, 1, 1, 2, 4, 3, 0, 2, 2, 3, 1, 0, 1, 2, 0, 1, 2, 4, 3, 1, 4, 1, 2, 4, 3, 3, 3, 1, 1, 4, 3, 4, 3, 2, 4, 2, 4, 2, 3, 4, 1, 2, 1, 2, 2, 3, 4, 1]|[0, 2, 0, 1, 3, 0, 1, 3, 0, 0, 2, 0, 1, 0, 1, 0, 0, 0, 1, 0, 0, 2, 0, 0, 1, 0, 0, 3, 0, 1, 0, 2, 0, 1, 3, 0, 1, 3, 0, 0, 0, 0, 1, 3, 0, 0, 1, 0, 2, 0, 0, 0, 0, 0, 1, 0, 1, 0, 1, 1, 0, 2, 0, 0, 0, 0, 0, 0, 0, 2, 0, 0, 1, 0, 0, 1, 0, 0, 3, 0, 0, 1, 0, 3, 0, 0, 3, 0, 2, 0, 0, 2, 1, 0, 0, 0, 0, 0, 1, 0],855.0393744413956,51684.66824914086,111484.00316030454,false
18,G2_TEC,G2_TEC,[31, 22, 82, 15, 26, 9, 95, 42, 77, 68, 47, 5, 93, 78, 86, 54, 85, 63, 18, 44, 20, 49, 36, 14, 74, 50, 53, 25, 21, 28, 71, 64, 3, 23, 30, 83, 24, 41, 40, 52, 65, 27, 90, 70, 39, 87, 48, 69, 99, 4, 46, 1, 13, 58, 97, 59, 45, 8, 73, 37, 35, 79, 11, 66, 76, 32, 60, 80, 96, 6, 16, 61, 33, 7, 57, 34, 12, 67, 10, 98, 56, 88, 29, 75, 91, 38, 19, 92, 43, 84, 51, 72, 81, 17, 2, 55, 0, 62, 89, 94]|[2, 1, 2, 1, 1, 2, 1, 1, 1, 1, 1, 0, 2, 2, 1, 2, 0, 0, 0, 2, 2, 1, 0, 2, 0, 2, 2, 1, 0, 1, 1, 1, 0, 0, 1, 0, 2, 1, 2, 2, 0, 0, 1, 1, 0, 2, 0, 2, 1, 0, 0, 2, 0, 0, 2, 0, 1, 1, 0, 0, 2, 1, 0, 2, 2, 0, 2, 2, 0, 1, 2, 1, 1, 2, 0, 1, 1, 1, 1, 2, 2, 1, 1, 0, 1, 0, 1, 0, 1, 0, 1, 1, 1, 1, 2, 0, 0, 1, 1, 2]|[0, 3, 0, 3, 4, 1, 4, 4, 2, 4, 3, 2, 1, 0, 2, 1, 1, 1, 2, 1, 1, 3, 0, 1, 0, 1, 1, 4, 1, 4, 3, 2, 2, 0, 4, 1, 1, 4, 0, 1, 2, 1, 4, 4, 1, 1, 0, 2, 3, 1, 2, 1, 2, 1, 1, 2, 4, 3, 0, 2, 2, 3, 1, 0, 1, 2, 0, 1, 2, 4, 1, 3, 4, 1, 2, 4, 3, 3, 3, 1, 1, 4, 3, 2, 3, 2, 4, 2, 4, 2, 3, 4, 4, 4, 1, 2, 2, 3, 4, 1]|[0, 2, 0, 0, 3, 0, 1, 3, 0, 0, 2, 0, 1, 0, 1, 0, 0, 0, 1, 0, 0, 2, 0, 0, 1, 0, 0, 3, 0, 1, 0, 2, 0, 0, 3, 0, 1, 3, 0, 0, 0, 0, 1, 3, 0, 0, 1, 0, 2, 0, 0, 0, 0, 0, 1, 0, 1, 0, 1, 1, 0, 2, 0, 0, 0, 0, 0, 0, 0, 2, 0, 0, 1, 0, 0, 1, 0, 0, 3, 0, 0, 1, 0, 0, 0, 0, 3, 0, 2, 0, 0, 2, 1, 3, 0, 0, 0, 0, 1, 0],890.9074744783937,50765.917855663734,113588.58833646381,false
18,G3_TWC,G1_CMAX,[31, 22, 82, 15, 26, 9, 42, 95, 77, 12, 47, 5, 93, 78, 86, 54, 85, 63, 18, 44, 20, 35, 43, 97, 91, 76, 10, 30, 21, 45, 71, 64, 1, 23, 17, 83, 24, 14, 60, 36, 6, 57, 94, 88, 65, 56, 79, 40, 67, 68, 46, 75, 38, 58, 19, 32, 81, 41, 27, 62, 87, 90, 99, 59, 11, 16, 72, 73, 69, 39, 37, 84, 3, 92, 25, 55, 28, 29, 51, 7, 33, 61, 98, 66, 89, 50, 8, 96, 53, 80, 4, 48, 34, 2, 52, 13, 0, 70, 49, 74]|[1, 1, 0, 1, 1, 1, 2, 1, 2, 1, 2, 2, 2, 1, 1, 0, 0, 1, 0, 2, 2, 0, 1, 2, 0, 1, 2, 2, 0, 0, 1, 2, 1, 2, 1, 0, 2, 0, 1, 1, 0, 1, 1, 1, 0, 2, 1, 1, 0, 0, 0, 0, 1, 1, 2, 1, 2, 0, 0, 0, 2, 1, 0, 1, 2, 1, 2, 1, 1, 1, 1, 1, 1, 0, 1, 2, 0, 0, 0, 1, 2, 1, 0, 2, 1, 0, 1, 0, 0, 0, 0, 0, 2, 0, 1, 0, 0, 1, 0, 2]|[4, 3, 2, 2, 0, 0, 2, 2, 2, 4, 1, 1, 2, 4, 4, 1, 2, 4, 2, 1, 1, 1, 1, 2, 1, 2, 1, 1, 1, 1, 3, 2, 3, 0, 4, 0, 1, 1, 0, 3, 2, 2, 2, 0, 1, 1, 0, 4, 0, 1, 2, 2, 1, 4, 0, 3, 2, 1, 1, 2, 1, 3, 1, 1, 1, 3, 0, 4, 3, 1, 4, 1, 1, 0, 4, 1, 2, 1, 1, 3, 1, 3, 1, 1, 1, 1, 3, 1, 2, 1, 2, 1, 1, 2, 1, 2, 2, 3, 1, 1]|[0, 2, 1, 1, 3, 3, 0, 1, 0, 0, 0, 0, 1, 0, 1, 0, 0, 3, 1, 0, 0, 0, 3, 1, 0, 2, 0, 0, 0, 1, 0, 0, 0, 0, 3, 0, 1, 0, 0, 2, 1, 1, 1, 0, 0, 0, 0, 2, 1, 0, 0, 0, 1, 3, 0, 0, 1, 0, 0, 1, 0, 2, 0, 1, 0, 2, 1, 0, 0, 1, 1, 3, 1, 1, 3, 0, 1, 0, 0, 2, 0, 0, 0, 0, 1, 0, 2, 0, 1, 0, 1, 0, 0, 0, 1, 0, 0, 0, 1, 0],801.427594812029,57868.49349465401,91455.85780813712,true
18,G1_CMAX,G1_CMAX,[31, 22, 82, 15, 26, 9, 42, 77, 12, 5, 47, 93, 78, 86, 54, 6, 63, 18, 44, 20, 35, 43, 97, 91, 76, 10, 30, 21, 45, 17, 23, 1, 71, 83, 24, 14, 60, 36, 85, 57, 40, 95, 88, 65, 56, 79, 94, 67, 68, 46, 75, 38, 58, 19, 32, 81, 41, 62, 87, 28, 90, 59, 11, 16, 72, 73, 69, 52, 37, 64, 84, 3, 25, 29, 55, 51, 7, 98, 61, 66, 99, 33, 89, 48, 50, 96, 53, 80, 4, 8, 27, 2, 39, 13, 0, 92, 49, 74, 34, 70]|[1, 1, 0, 1, 1, 1, 2, 2, 1, 2, 2, 1, 1, 1, 0, 0, 1, 0, 2, 2, 0, 1, 2, 2, 1, 2, 2, 0, 0, 1, 2, 1, 1, 0, 2, 0, 1, 1, 0, 1, 1, 1, 1, 0, 2, 1, 1, 0, 0, 0, 0, 1, 1, 2, 1, 2, 0, 0, 2, 0, 1, 2, 2, 1, 2, 1, 1, 1, 1, 1, 1, 2, 1, 0, 2, 0, 1, 2, 1, 0, 0, 2, 1, 0, 0, 2, 0, 0, 1, 1, 0, 0, 1, 0, 0, 0, 0, 2, 2, 1]|[0, 3, 1, 2, 0, 0, 1, 1, 4, 1, 1, 4, 4, 4, 2, 2, 4, 2, 1, 1, 1, 1, 2, 1, 2, 1, 1, 1, 1, 4, 0, 3, 3, 0, 1, 1, 0, 3, 2, 2, 2, 2, 0, 1, 1, 0, 4, 0, 1, 2, 2, 1, 4, 0, 3, 2, 1, 2, 1, 2, 3, 1, 1, 3, 0, 4, 4, 1, 4, 3, 1, 2, 4, 1, 1, 1, 1, 1, 3, 1, 1, 1, 1, 1, 1, 1, 2, 1, 4, 3, 2, 2, 1, 2, 2, 0, 1, 1, 1, 4]|[1, 1, 1, 1, 3, 3, 0, 0, 0, 0, 0, 2, 0, 1, 0, 0, 3, 1, 0, 0, 0, 3, 1, 0, 2, 0, 0, 0, 1, 3, 0, 0, 0, 0, 1, 0, 0, 2, 1, 1, 1, 1, 0, 0, 0, 0, 2, 1, 0, 0, 0, 1, 3, 0, 0, 1, 0, 1, 0, 1, 2, 0, 0, 2, 1, 0, 2, 1, 1, 0, 3, 1, 3, 0, 0, 0, 2, 0, 0, 0, 0, 0, 1, 0, 0, 0, 1, 0, 0, 2, 1, 0, 1, 0, 0, 1, 1, 0, 0, 2],733.3116759547878,58140.55643565909,96674.14109675489,false
18,G4_BALANCED,G4_BALANCED,[31, 11, 82, 15, 26, 9, 95, 42, 77, 68, 47, 5, 93, 78, 86, 54, 85, 63, 18, 44, 20, 49, 36, 14, 74, 50, 53, 17, 21, 45, 71, 64, 3, 23, 30, 83, 24, 41, 60, 52, 65, 27, 90, 70, 39, 87, 48, 69, 99, 4, 46, 1, 13, 58, 97, 59, 28, 75, 73, 37, 35, 79, 22, 66, 76, 32, 40, 80, 96, 6, 61, 16, 33, 7, 57, 34, 12, 67, 10, 98, 56, 88, 29, 25, 91, 38, 19, 92, 43, 84, 51, 72, 81, 8, 2, 55, 0, 62, 89, 94]|[2, 1, 2, 1, 1, 2, 1, 1, 1, 1, 1, 0, 2, 2, 1, 2, 0, 0, 0, 2, 2, 1, 0, 2, 0, 2, 2, 1, 0, 1, 1, 1, 0, 0, 1, 0, 2, 1, 2, 2, 0, 0, 1, 1, 0, 2, 0, 2, 1, 0, 0, 2, 0, 0, 2, 0, 1, 1, 0, 0, 2, 1, 0, 2, 2, 0, 2, 2, 0, 1, 1, 2, 1, 2, 0, 1, 1, 1, 1, 2, 2, 1, 1, 1, 1, 0, 1, 0, 1, 0, 1, 1, 1, 0, 2, 0, 0, 1, 1, 2]|[0, 3, 0, 2, 4, 1, 4, 4, 2, 4, 3, 2, 1, 0, 2, 1, 1, 1, 2, 1, 1, 3, 0, 1, 0, 1, 1, 4, 1, 4, 3, 2, 2, 0, 4, 1, 1, 4, 0, 1, 2, 1, 4, 4, 1, 1, 0, 2, 3, 1, 2, 1, 2, 1, 1, 2, 4, 3, 0, 2, 2, 3, 1, 0, 1, 2, 0, 1, 2, 4, 3, 1, 4, 1, 2, 4, 3, 3, 3, 1, 1, 4, 3, 4, 3, 2, 4, 2, 4, 2, 3, 4, 1, 2, 1, 2, 2, 3, 4, 1]|[0, 2, 0, 1, 3, 0, 1, 3, 0, 0, 2, 0, 1, 0, 1, 0, 0, 0, 1, 0, 0, 2, 0, 0, 1, 0, 0, 3, 0, 1, 0, 2, 0, 1, 3, 0, 1, 3, 0, 0, 0, 0, 1, 3, 0, 0, 1, 0, 2, 0, 0, 0, 0, 0, 1, 0, 1, 0, 1, 1, 0, 2, 0, 0, 0, 0, 0, 0, 0, 2, 0, 0, 1, 0, 0, 1, 0, 0, 3, 0, 0, 1, 0, 3, 0, 0, 3, 0, 2, 0, 0, 2, 1, 0, 0, 0, 0, 0, 1, 0],855.0393744413956,51684.66824914086,111484.00316030454,false
18,G2_TEC,G2_TEC,[31, 22, 82, 15, 26, 9, 95, 42, 77, 68, 47, 5, 93, 78, 86, 54, 85, 63, 18, 44, 20, 49, 36, 14, 74, 50, 53, 25, 21, 28, 71, 64, 3, 23, 30, 83, 24, 41, 40, 52, 65, 27, 90, 70, 39, 87, 48, 69, 99, 4, 46, 1, 13, 58, 97, 59, 45, 8, 73, 37, 35, 79, 11, 66, 76, 32, 60, 80, 96, 6, 16, 61, 33, 7, 57, 34, 12, 67, 10, 98, 56, 88, 29, 75, 91, 38, 19, 92, 43, 84, 51, 72, 81, 17, 2, 55, 0, 62, 89, 94]|[2, 1, 2, 1, 1, 2, 1, 1, 1, 1, 1, 0, 2, 2, 1, 2, 0, 0, 0, 2, 2, 1, 0, 2, 0, 2, 2, 1, 0, 1, 1, 1, 0, 0, 1, 0, 2, 1, 2, 2, 0, 0, 1, 1, 0, 2, 0, 2, 1, 0, 0, 2, 0, 0, 2, 0, 1, 1, 0, 0, 2, 1, 0, 2, 2, 0, 2, 2, 0, 1, 2, 1, 1, 2, 0, 1, 1, 1, 1, 2, 2, 1, 1, 0, 1, 0, 1, 0, 1, 0, 1, 1, 1, 1, 2, 0, 0, 1, 1, 2]|[0, 3, 0, 3, 4, 1, 4, 4, 2, 4, 3, 2, 1, 0, 2, 1, 1, 1, 2, 1, 1, 3, 0, 1, 0, 1, 1, 4, 1, 4, 3, 2, 2, 0, 4, 1, 1, 4, 0, 1, 2, 1, 4, 4, 1, 1, 0, 2, 3, 1, 2, 1, 2, 1, 1, 2, 4, 3, 0, 2, 2, 3, 1, 0, 1, 2, 0, 1, 2, 4, 1, 3, 4, 1, 2, 4, 3, 3, 3, 1, 1, 4, 3, 2, 3, 2, 4, 2, 4, 2, 3, 4, 4, 4, 1, 2, 2, 3, 4, 1]|[0, 2, 0, 0, 3, 0, 1, 3, 0, 0, 2, 0, 1, 0, 1, 0, 0, 0, 1, 0, 0, 2, 0, 0, 1, 0, 0, 3, 0, 1, 0, 2, 0, 0, 3, 0, 1, 3, 0, 0, 0, 0, 1, 3, 0, 0, 1, 0, 2, 0, 0, 0, 0, 0, 1, 0, 1, 0, 1, 1, 0, 2, 0, 0, 0, 0, 0, 0, 0, 2, 0, 0, 1, 0, 0, 1, 0, 0, 3, 0, 0, 1, 0, 0, 0, 0, 3, 0, 2, 0, 0, 2, 1, 3, 0, 0, 0, 0, 1, 0],890.9074744783937,50765.917855663734,113588.58833646381,false
18,G3_TWC,G1_CMAX,[31, 22, 82, 15, 26, 9, 42, 95, 77, 12, 47, 5, 93, 78, 86, 54, 85, 63, 18, 44, 20, 35, 43, 97, 91, 76, 10, 30, 21, 45, 71, 64, 1, 23, 17, 83, 24, 14, 60, 36, 6, 57, 94, 88, 65, 56, 79, 40, 67, 68, 46, 75, 38, 58, 19, 32, 81, 41, 27, 62, 87, 90, 99, 59, 11, 16, 72, 73, 69, 39, 37, 84, 3, 92, 25, 55, 28, 29, 51, 7, 33, 61, 98, 66, 89, 50, 8, 96, 53, 80, 4, 48, 34, 2, 52, 13, 0, 70, 49, 74]|[1, 1, 0, 1, 1, 1, 2, 1, 2, 1, 2, 2, 2, 1, 1, 0, 0, 1, 0, 2, 2, 0, 1, 2, 0, 1, 2, 2, 0, 0, 1, 2, 1, 2, 1, 0, 2, 0, 1, 1, 0, 1, 1, 1, 0, 2, 1, 1, 0, 0, 0, 0, 1, 1, 2, 1, 2, 0, 0, 0, 2, 1, 0, 1, 2, 1, 2, 1, 1, 1, 1, 1, 1, 0, 1, 2, 0, 0, 0, 1, 2, 1, 0, 2, 1, 0, 1, 0, 0, 0, 0, 0, 2, 0, 1, 0, 0, 1, 0, 2]|[4, 3, 2, 2, 0, 0, 2, 2, 2, 4, 1, 1, 2, 4, 4, 1, 2, 4, 2, 1, 1, 1, 1, 2, 1, 2, 1, 1, 1, 1, 3, 2, 3, 0, 4, 0, 1, 1, 0, 3, 2, 2, 2, 0, 1, 1, 0, 4, 0, 1, 2, 2, 1, 4, 0, 3, 2, 1, 1, 2, 1, 3, 1, 1, 1, 3, 0, 4, 3, 1, 4, 1, 1, 0, 4, 1, 2, 1, 1, 3, 1, 3, 1, 1, 1, 1, 3, 1, 2, 1, 2, 1, 1, 2, 1, 2, 2, 3, 1, 1]|[0, 2, 1, 1, 3, 3, 0, 1, 0, 0, 0, 0, 1, 0, 1, 0, 0, 3, 1, 0, 0, 0, 3, 1, 0, 2, 0, 0, 0, 1, 0, 0, 0, 0, 3, 0, 1, 0, 0, 2, 1, 1, 1, 0, 0, 0, 0, 2, 1, 0, 0, 0, 1, 3, 0, 0, 1, 0, 0, 1, 0, 2, 0, 1, 0, 2, 1, 0, 0, 1, 1, 3, 1, 1, 3, 0, 1, 0, 0, 2, 0, 0, 0, 0, 1, 0, 2, 0, 1, 0, 1, 0, 0, 0, 1, 0, 0, 0, 1, 0],801.427594812029,57868.49349465401,91455.85780813712,true
18,G1_CMAX,G1_CMAX,[31, 22, 82, 15, 26, 9, 42, 77, 12, 5, 47, 93, 78, 86, 54, 6, 63, 18, 44, 20, 35, 43, 97, 91, 76, 10, 30, 21, 45, 17, 23, 1, 71, 83, 24, 14, 60, 36, 85, 57, 40, 95, 88, 65, 56, 79, 94, 67, 68, 46, 75, 38, 58, 19, 32, 81, 41, 62, 87, 28, 90, 59, 11, 16, 72, 73, 69, 52, 37, 64, 84, 3, 25, 29, 55, 51, 7, 98, 61, 66, 99, 33, 89, 48, 50, 96, 53, 80, 4, 8, 27, 2, 39, 13, 0, 92, 49, 74, 34, 70]|[1, 1, 0, 1, 1, 1, 2, 2, 1, 2, 2, 1, 1, 1, 0, 0, 1, 0, 2, 2, 0, 1, 2, 2, 1, 2, 2, 0, 0, 1, 2, 1, 1, 0, 2, 0, 1, 1, 0, 1, 1, 1, 1, 0, 2, 1, 1, 0, 0, 0, 0, 1, 1, 2, 1, 2, 0, 0, 2, 0, 1, 2, 2, 1, 2, 1, 1, 1, 1, 1, 1, 2, 1, 0, 2, 0, 1, 2, 1, 0, 0, 2, 1, 0, 0, 2, 0, 0, 1, 1, 0, 0, 1, 0, 0, 0, 0, 2, 2, 1]|[0, 3, 1, 2, 0, 0, 1, 1, 4, 1, 1, 4, 4, 4, 2, 2, 4, 2, 1, 1, 1, 1, 2, 1, 2, 1, 1, 1, 1, 4, 0, 3, 3, 0, 1, 1, 0, 3, 2, 2, 2, 2, 0, 1, 1, 0, 4, 0, 1, 2, 2, 1, 4, 0, 3, 2, 1, 2, 1, 2, 3, 1, 1, 3, 0, 4, 4, 1, 4, 3, 1, 2, 4, 1, 1, 1, 1, 1, 3, 1, 1, 1, 1, 1, 1, 1, 2, 1, 4, 3, 2, 2, 1, 2, 2, 0, 1, 1, 1, 4]|[1, 1, 1, 1, 3, 3, 0, 0, 0, 0, 0, 2, 0, 1, 0, 0, 3, 1, 0, 0, 0, 3, 1, 0, 2, 0, 0, 0, 1, 3, 0, 0, 0, 0, 1, 0, 0, 2, 1, 1, 1, 1, 0, 0, 0, 0, 2, 1, 0, 0, 0, 1, 3, 0, 0, 1, 0, 1, 0, 1, 2, 0, 0, 2, 1, 0, 2, 1, 1, 0, 3, 1, 3, 0, 0, 0, 2, 0, 0, 0, 0, 0, 1, 0, 0, 0, 1, 0, 0, 2, 1, 0, 1, 0, 0, 1, 1, 0, 0, 2],733.3116759547878,58140.55643565909,96674.14109675489,false
18,G4_BALANCED,G4_BALANCED,[31, 11, 82, 15, 26, 9, 95, 42, 77, 68, 47, 5, 93, 78, 86, 54, 85, 63, 18, 44, 20, 49, 36, 14, 74, 50, 53, 17, 21, 45, 71, 64, 3, 23, 30, 83, 24, 41, 60, 52, 65, 27, 90, 70, 39, 87, 48, 69, 99, 4, 46, 1, 13, 58, 97, 59, 28, 75, 73, 37, 35, 79, 22, 66, 76, 32, 40, 80, 96, 6, 61, 16, 33, 7, 57, 34, 12, 67, 10, 98, 56, 88, 29, 25, 91, 38, 19, 92, 43, 84, 51, 72, 81, 8, 2, 55, 0, 62, 89, 94]|[2, 1, 2, 1, 1, 2, 1, 1, 1, 1, 1, 0, 2, 2, 1, 2, 0, 0, 0, 2, 2, 1, 0, 2, 0, 2, 2, 1, 0, 1, 1, 1, 0, 0, 1, 0, 2, 1, 2, 2, 0, 0, 1, 1, 0, 2, 0, 2, 1, 0, 0, 2, 0, 0, 2, 0, 1, 1, 0, 0, 2, 1, 0, 2, 2, 0, 2, 2, 0, 1, 1, 2, 1, 2, 0, 1, 1, 1, 1, 2, 2, 1, 1, 1, 1, 0, 1, 0, 1, 0, 1, 1, 1, 0, 2, 0, 0, 1, 1, 2]|[0, 3, 0, 2, 4, 1, 4, 4, 2, 4, 3, 2, 1, 0, 2, 1, 1, 1, 2, 1, 1, 3, 0, 1, 0, 1, 1, 4, 1, 4, 3, 2, 2, 0, 4, 1, 1, 4, 0, 1, 2, 1, 4, 4, 1, 1, 0, 2, 3, 1, 2, 1, 2, 1, 1, 2, 4, 3, 0, 2, 2, 3, 1, 0, 1, 2, 0, 1, 2, 4, 3, 1, 4, 1, 2, 4, 3, 3, 3, 1, 1, 4, 3, 4, 3, 2, 4, 2, 4, 2, 3, 4, 1, 2, 1, 2, 2, 3, 4, 1]|[0, 2, 0, 1, 3, 0, 1, 3, 0, 0, 2, 0, 1, 0, 1, 0, 0, 0, 1, 0, 0, 2, 0, 0, 1, 0, 0, 3, 0, 1, 0, 2, 0, 1, 3, 0, 1, 3, 0, 0, 0, 0, 1, 3, 0, 0, 1, 0, 2, 0, 0, 0, 0, 0, 1, 0, 1, 0, 1, 1, 0, 2, 0, 0, 0, 0, 0, 0, 0, 2, 0, 0, 1, 0, 0, 1, 0, 0, 3, 0, 0, 1, 0, 3, 0, 0, 3, 0, 2, 0, 0, 2, 1, 0, 0, 0, 0, 0, 1, 0],855.0393744413956,51684.66824914086,111484.00316030454,false
18,G2_TEC,G2_TEC,[31, 22, 82, 15, 26, 9, 95, 42, 77, 68, 47, 5, 93, 78, 86, 54, 85, 63, 18, 44, 20, 49, 36, 14, 74, 50, 53, 25, 21, 28, 71, 64, 3, 23, 30, 83, 24, 41, 40, 52, 65, 27, 90, 70, 39, 87, 48, 69, 99, 4, 46, 1, 13, 58, 97, 59, 45, 8, 73, 37, 35, 79, 11, 66, 76, 32, 60, 80, 96, 6, 16, 61, 33, 7, 57, 34, 12, 67, 10, 98, 56, 88, 29, 75, 91, 38, 19, 92, 43, 84, 51, 72, 81, 17, 2, 55, 0, 62, 89, 94]|[2, 1, 2, 1, 1, 2, 1, 1, 1, 1, 1, 0, 2, 2, 1, 2, 0, 0, 0, 2, 2, 1, 0, 2, 0, 2, 2, 1, 0, 1, 1, 1, 0, 0, 1, 0, 2, 1, 2, 2, 0, 0, 1, 1, 0, 2, 0, 2, 1, 0, 0, 2, 0, 0, 2, 0, 1, 1, 0, 0, 2, 1, 0, 2, 2, 0, 2, 2, 0, 1, 2, 1, 1, 2, 0, 1, 1, 1, 1, 2, 2, 1, 1, 0, 1, 0, 1, 0, 1, 0, 1, 1, 1, 1, 2, 0, 0, 1, 1, 2]|[0, 3, 0, 3, 4, 1, 4, 4, 2, 4, 3, 2, 1, 0, 2, 1, 1, 1, 2, 1, 1, 3, 0, 1, 0, 1, 1, 4, 1, 4, 3, 2, 2, 0, 4, 1, 1, 4, 0, 1, 2, 1, 4, 4, 1, 1, 0, 2, 3, 1, 2, 1, 2, 1, 1, 2, 4, 3, 0, 2, 2, 3, 1, 0, 1, 2, 0, 1, 2, 4, 1, 3, 4, 1, 2, 4, 3, 3, 3, 1, 1, 4, 3, 2, 3, 2, 4, 2, 4, 2, 3, 4, 4, 4, 1, 2, 2, 3, 4, 1]|[0, 2, 0, 0, 3, 0, 1, 3, 0, 0, 2, 0, 1, 0, 1, 0, 0, 0, 1, 0, 0, 2, 0, 0, 1, 0, 0, 3, 0, 1, 0, 2, 0, 0, 3, 0, 1, 3, 0, 0, 0, 0, 1, 3, 0, 0, 1, 0, 2, 0, 0, 0, 0, 0, 1, 0, 1, 0, 1, 1, 0, 2, 0, 0, 0, 0, 0, 0, 0, 2, 0, 0, 1, 0, 0, 1, 0, 0, 3, 0, 0, 1, 0, 0, 0, 0, 3, 0, 2, 0, 0, 2, 1, 3, 0, 0, 0, 0, 1, 0],890.9074744783937,50765.917855663734,113588.58833646381,false
18,G3_TWC,G1_CMAX,[31, 22, 82, 15, 26, 9, 42, 95, 77, 12, 47, 5, 93, 78, 86, 54, 85, 63, 18, 44, 20, 35, 43, 97, 91, 76, 10, 30, 21, 45, 71, 64, 1, 23, 17, 83, 24, 14, 60, 36, 6, 57, 94, 88, 65, 56, 79, 40, 67, 68, 46, 75, 38, 58, 19, 32, 81, 41, 27, 62, 87, 90, 99, 59, 11, 16, 72, 73, 69, 39, 37, 84, 3, 92, 25, 55, 28, 29, 51, 7, 33, 61, 98, 66, 89, 50, 8, 96, 53, 80, 4, 48, 34, 2, 52, 13, 0, 70, 49, 74]|[1, 1, 0, 1, 1, 1, 2, 1, 2, 1, 2, 2, 2, 1, 1, 0, 0, 1, 0, 2, 2, 0, 1, 2, 0, 1, 2, 2, 0, 0, 1, 2, 1, 2, 1, 0, 2, 0, 1, 1, 0, 1, 1, 1, 0, 2, 1, 1, 0, 0, 0, 0, 1, 1, 2, 1, 2, 0, 0, 0, 2, 1, 0, 1, 2, 1, 2, 1, 1, 1, 1, 1, 1, 0, 1, 2, 0, 0, 0, 1, 2, 1, 0, 2, 1, 0, 1, 0, 0, 0, 0, 0, 2, 0, 1, 0, 0, 1, 0, 2]|[4, 3, 2, 2, 0, 0, 2, 2, 2, 4, 1, 1, 2, 4, 4, 1, 2, 4, 2, 1, 1, 1, 1, 2, 1, 2, 1, 1, 1, 1, 3, 2, 3, 0, 4, 0, 1, 1, 0, 3, 2, 2, 2, 0, 1, 1, 0, 4, 0, 1, 2, 2, 1, 4, 0, 3, 2, 1, 1, 2, 1, 3, 1, 1, 1, 3, 0, 4, 3, 1, 4, 1, 1, 0, 4, 1, 2, 1, 1, 3, 1, 3, 1, 1, 1, 1, 3, 1, 2, 1, 2, 1, 1, 2, 1, 2, 2, 3, 1, 1]|[0, 2, 1, 1, 3, 3, 0, 1, 0, 0, 0, 0, 1, 0, 1, 0, 0, 3, 1, 0, 0, 0, 3, 1, 0, 2, 0, 0, 0, 1, 0, 0, 0, 0, 3, 0, 1, 0, 0, 2, 1, 1, 1, 0, 0, 0, 0, 2, 1, 0, 0, 0, 1, 3, 0, 0, 1, 0, 0, 1, 0, 2, 0, 1, 0, 2, 1, 0, 0, 1, 1, 3, 1, 1, 3, 0, 1, 0, 0, 2, 0, 0, 0, 0, 1, 0, 2, 0, 1, 0, 1, 0, 0, 0, 1, 0, 0, 0, 1, 0],801.427594812029,57868.49349465401,91455.85780813712,true
18,G1_CMAX,G1_CMAX,[31, 22, 82, 15, 26, 9, 42, 77, 12, 5, 47, 93, 78, 86, 54, 6, 63, 18, 44, 20, 35, 43, 97, 91, 76, 10, 30, 21, 45, 17, 23, 1, 71, 83, 24, 14, 60, 36, 85, 57, 40, 95, 88, 65, 56, 79, 94, 67, 68, 46, 75, 38, 58, 19, 32, 81, 41, 62, 87, 28, 90, 59, 11, 16, 72, 73, 69, 52, 37, 64, 84, 3, 25, 29, 55, 51, 7, 98, 61, 66, 99, 33, 89, 48, 50, 96, 53, 80, 4, 8, 27, 2, 39, 13, 0, 92, 49, 74, 34, 70]|[1, 1, 0, 1, 1, 1, 2, 2, 1, 2, 2, 1, 1, 1, 0, 0, 1, 0, 2, 2, 0, 1, 2, 2, 1, 2, 2, 0, 0, 1, 2, 1, 1, 0, 2, 0, 1, 1, 0, 1, 1, 1, 1, 0, 2, 1, 1, 0, 0, 0, 0, 1, 1, 2, 1, 2, 0, 0, 2, 0, 1, 2, 2, 1, 2, 1, 1, 1, 1, 1, 1, 2, 1, 0, 2, 0, 1, 2, 1, 0, 0, 2, 1, 0, 0, 2, 0, 0, 1, 1, 0, 0, 1, 0, 0, 0, 0, 2, 2, 1]|[0, 3, 1, 2, 0, 0, 1, 1, 4, 1, 1, 4, 4, 4, 2, 2, 4, 2, 1, 1, 1, 1, 2, 1, 2, 1, 1, 1, 1, 4, 0, 3, 3, 0, 1, 1, 0, 3, 2, 2, 2, 2, 0, 1, 1, 0, 4, 0, 1, 2, 2, 1, 4, 0, 3, 2, 1, 2, 1, 2, 3, 1, 1, 3, 0, 4, 4, 1, 4, 3, 1, 2, 4, 1, 1, 1, 1, 1, 3, 1, 1, 1, 1, 1, 1, 1, 2, 1, 4, 3, 2, 2, 1, 2, 2, 0, 1, 1, 1, 4]|[1, 1, 1, 1, 3, 3, 0, 0, 0, 0, 0, 2, 0, 1, 0, 0, 3, 1, 0, 0, 0, 3, 1, 0, 2, 0, 0, 0, 1, 3, 0, 0, 0, 0, 1, 0, 0, 2, 1, 1, 1, 1, 0, 0, 0, 0, 2, 1, 0, 0, 0, 1, 3, 0, 0, 1, 0, 1, 0, 1, 2, 0, 0, 2, 1, 0, 2, 1, 1, 0, 3, 1, 3, 0, 0, 0, 2, 0, 0, 0, 0, 0, 1, 0, 0, 0, 1, 0, 0, 2, 1, 0, 1, 0, 0, 1, 1, 0, 0, 2],733.3116759547878,58140.55643565909,96674.14109675489,false
18,G4_BALANCED,G4_BALANCED,[31, 11, 82, 15, 26, 9, 95, 42, 77, 68, 47, 5, 93, 78, 86, 54, 85, 63, 18, 44, 20, 49, 36, 14, 74, 50, 53, 17, 21, 45, 71, 64, 3, 23, 30, 83, 24, 41, 60, 52, 65, 27, 90, 70, 39, 87, 48, 69, 99, 4, 46, 1, 13, 58, 97, 59, 28, 75, 73, 37, 35, 79, 22, 66, 76, 32, 40, 80, 96, 6, 61, 16, 33, 7, 57, 34, 12, 67, 10, 98, 56, 88, 29, 25, 91, 38, 19, 92, 43, 84, 51, 72, 81, 8, 2, 55, 0, 62, 89, 94]|[2, 1, 2, 1, 1, 2, 1, 1, 1, 1, 1, 0, 2, 2, 1, 2, 0, 0, 0, 2, 2, 1, 0, 2, 0, 2, 2, 1, 0, 1, 1, 1, 0, 0, 1, 0, 2, 1, 2, 2, 0, 0, 1, 1, 0, 2, 0, 2, 1, 0, 0, 2, 0, 0, 2, 0, 1, 1, 0, 0, 2, 1, 0, 2, 2, 0, 2, 2, 0, 1, 1, 2, 1, 2, 0, 1, 1, 1, 1, 2, 2, 1, 1, 1, 1, 0, 1, 0, 1, 0, 1, 1, 1, 0, 2, 0, 0, 1, 1, 2]|[0, 3, 0, 2, 4, 1, 4, 4, 2, 4, 3, 2, 1, 0, 2, 1, 1, 1, 2, 1, 1, 3, 0, 1, 0, 1, 1, 4, 1, 4, 3, 2, 2, 0, 4, 1, 1, 4, 0, 1, 2, 1, 4, 4, 1, 1, 0, 2, 3, 1, 2, 1, 2, 1, 1, 2, 4, 3, 0, 2, 2, 3, 1, 0, 1, 2, 0, 1, 2, 4, 3, 1, 4, 1, 2, 4, 3, 3, 3, 1, 1, 4, 3, 4, 3, 2, 4, 2, 4, 2, 3, 4, 1, 2, 1, 2, 2, 3, 4, 1]|[0, 2, 0, 1, 3, 0, 1, 3, 0, 0, 2, 0, 1, 0, 1, 0, 0, 0, 1, 0, 0, 2, 0, 0, 1, 0, 0, 3, 0, 1, 0, 2, 0, 1, 3, 0, 1, 3, 0, 0, 0, 0, 1, 3, 0, 0, 1, 0, 2, 0, 0, 0, 0, 0, 1, 0, 1, 0, 1, 1, 0, 2, 0, 0, 0, 0, 0, 0, 0, 2, 0, 0, 1, 0, 0, 1, 0, 0, 3, 0, 0, 1, 0, 3, 0, 0, 3, 0, 2, 0, 0, 2, 1, 0, 0, 0, 0, 0, 1, 0],855.0393744413956,51684.66824914086,111484.00316030454,false
18,G2_TEC,G2_TEC,[31, 22, 82, 15, 26, 9, 95, 42, 77, 68, 47, 5, 93, 78, 86, 54, 85, 63, 18, 44, 20, 49, 36, 14, 74, 50, 53, 25, 21, 28, 71, 64, 3, 23, 30, 83, 24, 41, 40, 52, 65, 27, 90, 70, 39, 87, 48, 69, 99, 4, 46, 1, 13, 58, 97, 59, 45, 8, 73, 37, 35, 79, 11, 66, 76, 32, 60, 80, 96, 6, 16, 61, 33, 7, 57, 34, 12, 67, 10, 98, 56, 88, 29, 75, 91, 38, 19, 92, 43, 84, 51, 72, 81, 17, 2, 55, 0, 62, 89, 94]|[2, 1, 2, 1, 1, 2, 1, 1, 1, 1, 1, 0, 2, 2, 1, 2, 0, 0, 0, 2, 2, 1, 0, 2, 0, 2, 2, 1, 0, 1, 1, 1, 0, 0, 1, 0, 2, 1, 2, 2, 0, 0, 1, 1, 0, 2, 0, 2, 1, 0, 0, 2, 0, 0, 2, 0, 1, 1, 0, 0, 2, 1, 0, 2, 2, 0, 2, 2, 0, 1, 2, 1, 1, 2, 0, 1, 1, 1, 1, 2, 2, 1, 1, 0, 1, 0, 1, 0, 1, 0, 1, 1, 1, 1, 2, 0, 0, 1, 1, 2]|[0, 3, 0, 3, 4, 1, 4, 4, 2, 4, 3, 2, 1, 0, 2, 1, 1, 1, 2, 1, 1, 3, 0, 1, 0, 1, 1, 4, 1, 4, 3, 2, 2, 0, 4, 1, 1, 4, 0, 1, 2, 1, 4, 4, 1, 1, 0, 2, 3, 1, 2, 1, 2, 1, 1, 2, 4, 3, 0, 2, 2, 3, 1, 0, 1, 2, 0, 1, 2, 4, 1, 3, 4, 1, 2, 4, 3, 3, 3, 1, 1, 4, 3, 2, 3, 2, 4, 2, 4, 2, 3, 4, 4, 4, 1, 2, 2, 3, 4, 1]|[0, 2, 0, 0, 3, 0, 1, 3, 0, 0, 2, 0, 1, 0, 1, 0, 0, 0, 1, 0, 0, 2, 0, 0, 1, 0, 0, 3, 0, 1, 0, 2, 0, 0, 3, 0, 1, 3, 0, 0, 0, 0, 1, 3, 0, 0, 1, 0, 2, 0, 0, 0, 0, 0, 1, 0, 1, 0, 1, 1, 0, 2, 0, 0, 0, 0, 0, 0, 0, 2, 0, 0, 1, 0, 0, 1, 0, 0, 3, 0, 0, 1, 0, 0, 0, 0, 3, 0, 2, 0, 0, 2, 1, 3, 0, 0, 0, 0, 1, 0],890.9074744783937,50765.917855663734,113588.58833646381,false
18,G3_TWC,G1_CMAX,[31, 22, 82, 15, 26, 9, 42, 95, 77, 12, 47, 5, 93, 78, 86, 54, 85, 63, 18, 44, 20, 35, 43, 97, 91, 76, 10, 30, 21, 45, 71, 64, 1, 23, 17, 83, 24, 14, 60, 36, 6, 57, 94, 88, 65, 56, 79, 40, 67, 68, 46, 75, 38, 58, 19, 32, 81, 41, 27, 62, 87, 90, 99, 59, 11, 16, 72, 73, 69, 39, 37, 84, 3, 92, 25, 55, 28, 29, 51, 7, 33, 61, 98, 66, 89, 50, 8, 96, 53, 80, 4, 48, 34, 2, 52, 13, 0, 70, 49, 74]|[1, 1, 0, 1, 1, 1, 2, 1, 2, 1, 2, 2, 2, 1, 1, 0, 0, 1, 0, 2, 2, 0, 1, 2, 0, 1, 2, 2, 0, 0, 1, 2, 1, 2, 1, 0, 2, 0, 1, 1, 0, 1, 1, 1, 0, 2, 1, 1, 0, 0, 0, 0, 1, 1, 2, 1, 2, 0, 0, 0, 2, 1, 0, 1, 2, 1, 2, 1, 1, 1, 1, 1, 1, 0, 1, 2, 0, 0, 0, 1, 2, 1, 0, 2, 1, 0, 1, 0, 0, 0, 0, 0, 2, 0, 1, 0, 0, 1, 0, 2]|[4, 3, 2, 2, 0, 0, 2, 2, 2, 4, 1, 1, 2, 4, 4, 1, 2, 4, 2, 1, 1, 1, 1, 2, 1, 2, 1, 1, 1, 1, 3, 2, 3, 0, 4, 0, 1, 1, 0, 3, 2, 2, 2, 0, 1, 1, 0, 4, 0, 1, 2, 2, 1, 4, 0, 3, 2, 1, 1, 2, 1, 3, 1, 1, 1, 3, 0, 4, 3, 1, 4, 1, 1, 0, 4, 1, 2, 1, 1, 3, 1, 3, 1, 1, 1, 1, 3, 1, 2, 1, 2, 1, 1, 2, 1, 2, 2, 3, 1, 1]|[0, 2, 1, 1, 3, 3, 0, 1, 0, 0, 0, 0, 1, 0, 1, 0, 0, 3, 1, 0, 0, 0, 3, 1, 0, 2, 0, 0, 0, 1, 0, 0, 0, 0, 3, 0, 1, 0, 0, 2, 1, 1, 1, 0, 0, 0, 0, 2, 1, 0, 0, 0, 1, 3, 0, 0, 1, 0, 0, 1, 0, 2, 0, 1, 0, 2, 1, 0, 0, 1, 1, 3, 1, 1, 3, 0, 1, 0, 0, 2, 0, 0, 0, 0, 1, 0, 2, 0, 1, 0, 1, 0, 0, 0, 1, 0, 0, 0, 1, 0],801.427594812029,57868.49349465401,91455.85780813712,true
18,G1_CMAX,G1_CMAX,[31, 22, 82, 15, 26, 9, 42, 77, 12, 5, 47, 93, 78, 86, 54, 6, 63, 18, 44, 20, 35, 43, 97, 91, 76, 10, 30, 21, 45, 17, 23, 1, 71, 83, 24, 14, 60, 36, 85, 57, 40, 95, 88, 65, 56, 79, 94, 67, 68, 46, 75, 38, 58, 19, 32, 81, 41, 62, 87, 28, 90, 59, 11, 16, 72, 73, 69, 52, 37, 64, 84, 3, 25, 29, 55, 51, 7, 98, 61, 66, 99, 33, 89, 48, 50, 96, 53, 80, 4, 8, 27, 2, 39, 13, 0, 92, 49, 74, 34, 70]|[1, 1, 0, 1, 1, 1, 2, 2, 1, 2, 2, 1, 1, 1, 0, 0, 1, 0, 2, 2, 0, 1, 2, 2, 1, 2, 2, 0, 0, 1, 2, 1, 1, 0, 2, 0, 1, 1, 0, 1, 1, 1, 1, 0, 2, 1, 1, 0, 0, 0, 0, 1, 1, 2, 1, 2, 0, 0, 2, 0, 1, 2, 2, 1, 2, 1, 1, 1, 1, 1, 1, 2, 1, 0, 2, 0, 1, 2, 1, 0, 0, 2, 1, 0, 0, 2, 0, 0, 1, 1, 0, 0, 1, 0, 0, 0, 0, 2, 2, 1]|[0, 3, 1, 2, 0, 0, 1, 1, 4, 1, 1, 4, 4, 4, 2, 2, 4, 2, 1, 1, 1, 1, 2, 1, 2, 1, 1, 1, 1, 4, 0, 3, 3, 0, 1, 1, 0, 3, 2, 2, 2, 2, 0, 1, 1, 0, 4, 0, 1, 2, 2, 1, 4, 0, 3, 2, 1, 2, 1, 2, 3, 1, 1, 3, 0, 4, 4, 1, 4, 3, 1, 2, 4, 1, 1, 1, 1, 1, 3, 1, 1, 1, 1, 1, 1, 1, 2, 1, 4, 3, 2, 2, 1, 2, 2, 0, 1, 1, 1, 4]|[1, 1, 1, 1, 3, 3, 0, 0, 0, 0, 0, 2, 0, 1, 0, 0, 3, 1, 0, 0, 0, 3, 1, 0, 2, 0, 0, 0, 1, 3, 0, 0, 0, 0, 1, 0, 0, 2, 1, 1, 1, 1, 0, 0, 0, 0, 2, 1, 0, 0, 0, 1, 3, 0, 0, 1, 0, 1, 0, 1, 2, 0, 0, 2, 1, 0, 2, 1, 1, 0, 3, 1, 3, 0, 0, 0, 2, 0, 0, 0, 0, 0, 1, 0, 0, 0, 1, 0, 0, 2, 1, 0, 1, 0, 0, 1, 1, 0, 0, 2],733.3116759547878,58140.55643565909,96674.14109675489,false
18,G4_BALANCED,G4_BALANCED,[31, 11, 82, 15, 26, 9, 95, 42, 77, 68, 47, 5, 93, 78, 86, 54, 85, 63, 18, 44, 20, 49, 36, 14, 74, 50, 53, 17, 21, 45, 71, 64, 3, 23, 30, 83, 24, 41, 60, 52, 65, 27, 90, 70, 39, 87, 48, 69, 99, 4, 46, 1, 13, 58, 97, 59, 28, 75, 73, 37, 35, 79, 22, 66, 76, 32, 40, 80, 96, 6, 61, 16, 33, 7, 57, 34, 12, 67, 10, 98, 56, 88, 29, 25, 91, 38, 19, 92, 43, 84, 51, 72, 81, 8, 2, 55, 0, 62, 89, 94]|[2, 1, 2, 1, 1, 2, 1, 1, 1, 1, 1, 0, 2, 2, 1, 2, 0, 0, 0, 2, 2, 1, 0, 2, 0, 2, 2, 1, 0, 1, 1, 1, 0, 0, 1, 0, 2, 1, 2, 2, 0, 0, 1, 1, 0, 2, 0, 2, 1, 0, 0, 2, 0, 0, 2, 0, 1, 1, 0, 0, 2, 1, 0, 2, 2, 0, 2, 2, 0, 1, 1, 2, 1, 2, 0, 1, 1, 1, 1, 2, 2, 1, 1, 1, 1, 0, 1, 0, 1, 0, 1, 1, 1, 0, 2, 0, 0, 1, 1, 2]|[0, 3, 0, 2, 4, 1, 4, 4, 2, 4, 3, 2, 1, 0, 2, 1, 1, 1, 2, 1, 1, 3, 0, 1, 0, 1, 1, 4, 1, 4, 3, 2, 2, 0, 4, 1, 1, 4, 0, 1, 2, 1, 4, 4, 1, 1, 0, 2, 3, 1, 2, 1, 2, 1, 1, 2, 4, 3, 0, 2, 2, 3, 1, 0, 1, 2, 0, 1, 2, 4, 3, 1, 4, 1, 2, 4, 3, 3, 3, 1, 1, 4, 3, 4, 3, 2, 4, 2, 4, 2, 3, 4, 1, 2, 1, 2, 2, 3, 4, 1]|[0, 2, 0, 1, 3, 0, 1, 3, 0, 0, 2, 0, 1, 0, 1, 0, 0, 0, 1, 0, 0, 2, 0, 0, 1, 0, 0, 3, 0, 1, 0, 2, 0, 1, 3, 0, 1, 3, 0, 0, 0, 0, 1, 3, 0, 0, 1, 0, 2, 0, 0, 0, 0, 0, 1, 0, 1, 0, 1, 1, 0, 2, 0, 0, 0, 0, 0, 0, 0, 2, 0, 0, 1, 0, 0, 1, 0, 0, 3, 0, 0, 1, 0, 3, 0, 0, 3, 0, 2, 0, 0, 2, 1, 0, 0, 0, 0, 0, 1, 0],855.0393744413956,51684.66824914086,111484.00316030454,false
18,G2_TEC,G2_TEC,[31, 22, 82, 15, 26, 9, 95, 42, 77, 68, 47, 5, 93, 78, 86, 54, 85, 63, 18, 44, 20, 49, 36, 14, 74, 50, 53, 25, 21, 28, 71, 64, 3, 23, 30, 83, 24, 41, 40, 52, 65, 27, 90, 70, 39, 87, 48, 69, 99, 4, 46, 1, 13, 58, 97, 59, 45, 8, 73, 37, 35, 79, 11, 66, 76, 32, 60, 80, 96, 6, 16, 61, 33, 7, 57, 34, 12, 67, 10, 98, 56, 88, 29, 75, 91, 38, 19, 92, 43, 84, 51, 72, 81, 17, 2, 55, 0, 62, 89, 94]|[2, 1, 2, 1, 1, 2, 1, 1, 1, 1, 1, 0, 2, 2, 1, 2, 0, 0, 0, 2, 2, 1, 0, 2, 0, 2, 2, 1, 0, 1, 1, 1, 0, 0, 1, 0, 2, 1, 2, 2, 0, 0, 1, 1, 0, 2, 0, 2, 1, 0, 0, 2, 0, 0, 2, 0, 1, 1, 0, 0, 2, 1, 0, 2, 2, 0, 2, 2, 0, 1, 2, 1, 1, 2, 0, 1, 1, 1, 1, 2, 2, 1, 1, 0, 1, 0, 1, 0, 1, 0, 1, 1, 1, 1, 2, 0, 0, 1, 1, 2]|[0, 3, 0, 3, 4, 1, 4, 4, 2, 4, 3, 2, 1, 0, 2, 1, 1, 1, 2, 1, 1, 3, 0, 1, 0, 1, 1, 4, 1, 4, 3, 2, 2, 0, 4, 1, 1, 4, 0, 1, 2, 1, 4, 4, 1, 1, 0, 2, 3, 1, 2, 1, 2, 1, 1, 2, 4, 3, 0, 2, 2, 3, 1, 0, 1, 2, 0, 1, 2, 4, 1, 3, 4, 1, 2, 4, 3, 3, 3, 1, 1, 4, 3, 2, 3, 2, 4, 2, 4, 2, 3, 4, 4, 4, 1, 2, 2, 3, 4, 1]|[0, 2, 0, 0, 3, 0, 1, 3, 0, 0, 2, 0, 1, 0, 1, 0, 0, 0, 1, 0, 0, 2, 0, 0, 1, 0, 0, 3, 0, 1, 0, 2, 0, 0, 3, 0, 1, 3, 0, 0, 0, 0, 1, 3, 0, 0, 1, 0, 2, 0, 0, 0, 0, 0, 1, 0, 1, 0, 1, 1, 0, 2, 0, 0, 0, 0, 0, 0, 0, 2, 0, 0, 1, 0, 0, 1, 0, 0, 3, 0, 0, 1, 0, 0, 0, 0, 3, 0, 2, 0, 0, 2, 1, 3, 0, 0, 0, 0, 1, 0],890.9074744783937,50765.917855663734,113588.58833646381,false
18,G3_TWC,G1_CMAX,[31, 22, 82, 15, 26, 9, 42, 95, 77, 12, 47, 5, 93, 78, 86, 54, 85, 63, 18, 44, 20, 35, 43, 97, 91, 76, 10, 30, 21, 45, 71, 64, 1, 23, 17, 83, 24, 14, 60, 36, 6, 57, 94, 88, 65, 56, 79, 40, 67, 68, 46, 75, 38, 58, 19, 32, 81, 41, 27, 62, 87, 90, 99, 59, 11, 16, 72, 73, 69, 39, 37, 84, 3, 92, 25, 55, 28, 29, 51, 7, 33, 61, 98, 66, 89, 50, 8, 96, 53, 80, 4, 48, 34, 2, 52, 13, 0, 70, 49, 74]|[1, 1, 0, 1, 1, 1, 2, 1, 2, 1, 2, 2, 2, 1, 1, 0, 0, 1, 0, 2, 2, 0, 1, 2, 0, 1, 2, 2, 0, 0, 1, 2, 1, 2, 1, 0, 2, 0, 1, 1, 0, 1, 1, 1, 0, 2, 1, 1, 0, 0, 0, 0, 1, 1, 2, 1, 2, 0, 0, 0, 2, 1, 0, 1, 2, 1, 2, 1, 1, 1, 1, 1, 1, 0, 1, 2, 0, 0, 0, 1, 2, 1, 0, 2, 1, 0, 1, 0, 0, 0, 0, 0, 2, 0, 1, 0, 0, 1, 0, 2]|[4, 3, 2, 2, 0, 0, 2, 2, 2, 4, 1, 1, 2, 4, 4, 1, 2, 4, 2, 1, 1, 1, 1, 2, 1, 2, 1, 1, 1, 1, 3, 2, 3, 0, 4, 0, 1, 1, 0, 3, 2, 2, 2, 0, 1, 1, 0, 4, 0, 1, 2, 2, 1, 4, 0, 3, 2, 1, 1, 2, 1, 3, 1, 1, 1, 3, 0, 4, 3, 1, 4, 1, 1, 0, 4, 1, 2, 1, 1, 3, 1, 3, 1, 1, 1, 1, 3, 1, 2, 1, 2, 1, 1, 2, 1, 2, 2, 3, 1, 1]|[0, 2, 1, 1, 3, 3, 0, 1, 0, 0, 0, 0, 1, 0, 1, 0, 0, 3, 1, 0, 0, 0, 3, 1, 0, 2, 0, 0, 0, 1, 0, 0, 0, 0, 3, 0, 1, 0, 0, 2, 1, 1, 1, 0, 0, 0, 0, 2, 1, 0, 0, 0, 1, 3, 0, 0, 1, 0, 0, 1, 0, 2, 0, 1, 0, 2, 1, 0, 0, 1, 1, 3, 1, 1, 3, 0, 1, 0, 0, 2, 0, 0, 0, 0, 1, 0, 2, 0, 1, 0, 1, 0, 0, 0, 1, 0, 0, 0, 1, 0],801.427594812029,57868.49349465401,91455.85780813712,true
18,G1_CMAX,G1_CMAX,[31, 22, 82, 15, 26, 9, 42, 77, 12, 5, 47, 93, 78, 86, 54, 6, 63, 18, 44, 20, 35, 43, 97, 91, 76, 10, 30, 21, 45, 17, 23, 1, 71, 83, 24, 14, 60, 36, 85, 57, 40, 95, 88, 65, 56, 79, 94, 67, 68, 46, 75, 38, 58, 19, 32, 81, 41, 62, 87, 28, 90, 59, 11, 16, 72, 73, 69, 52, 37, 64, 84, 3, 25, 29, 55, 51, 7, 98, 61, 66, 99, 33, 89, 48, 50, 96, 53, 80, 4, 8, 27, 2, 39, 13, 0, 92, 49, 74, 34, 70]|[1, 1, 0, 1, 1, 1, 2, 2, 1, 2, 2, 1, 1, 1, 0, 0, 1, 0, 2, 2, 0, 1, 2, 2, 1, 2, 2, 0, 0, 1, 2, 1, 1, 0, 2, 0, 1, 1, 0, 1, 1, 1, 1, 0, 2, 1, 1, 0, 0, 0, 0, 1, 1, 2, 1, 2, 0, 0, 2, 0, 1, 2, 2, 1, 2, 1, 1, 1, 1, 1, 1, 2, 1, 0, 2, 0, 1, 2, 1, 0, 0, 2, 1, 0, 0, 2, 0, 0, 1, 1, 0, 0, 1, 0, 0, 0, 0, 2, 2, 1]|[0, 3, 1, 2, 0, 0, 1, 1, 4, 1, 1, 4, 4, 4, 2, 2, 4, 2, 1, 1, 1, 1, 2, 1, 2, 1, 1, 1, 1, 4, 0, 3, 3, 0, 1, 1, 0, 3, 2, 2, 2, 2, 0, 1, 1, 0, 4, 0, 1, 2, 2, 1, 4, 0, 3, 2, 1, 2, 1, 2, 3, 1, 1, 3, 0, 4, 4, 1, 4, 3, 1, 2, 4, 1, 1, 1, 1, 1, 3, 1, 1, 1, 1, 1, 1, 1, 2, 1, 4, 3, 2, 2, 1, 2, 2, 0, 1, 1, 1, 4]|[1, 1, 1, 1, 3, 3, 0, 0, 0, 0, 0, 2, 0, 1, 0, 0, 3, 1, 0, 0, 0, 3, 1, 0, 2, 0, 0, 0, 1, 3, 0, 0, 0, 0, 1, 0, 0, 2, 1, 1, 1, 1, 0, 0, 0, 0, 2, 1, 0, 0, 0, 1, 3, 0, 0, 1, 0, 1, 0, 1, 2, 0, 0, 2, 1, 0, 2, 1, 1, 0, 3, 1, 3, 0, 0, 0, 2, 0, 0, 0, 0, 0, 1, 0, 0, 0, 1, 0, 0, 2, 1, 0, 1, 0, 0, 1, 1, 0, 0, 2],733.3116759547878,58140.55643565909,96674.14109675489,false
18,G4_BALANCED,G4_BALANCED,[31, 11, 82, 15, 26, 9, 95, 42, 77, 68, 47, 5, 93, 78, 86, 54, 85, 63, 18, 44, 20, 49, 36, 14, 74, 50, 53, 17, 21, 45, 71, 64, 3, 23, 30, 83, 24, 41, 60, 52, 65, 27, 90, 70, 39, 87, 48, 69, 99, 4, 46, 1, 13, 58, 97, 59, 28, 75, 73, 37, 35, 79, 22, 66, 76, 32, 40, 80, 96, 6, 61, 16, 33, 7, 57, 34, 12, 67, 10, 98, 56, 88, 29, 25, 91, 38, 19, 92, 43, 84, 51, 72, 81, 8, 2, 55, 0, 62, 89, 94]|[2, 1, 2, 1, 1, 2, 1, 1, 1, 1, 1, 0, 2, 2, 1, 2, 0, 0, 0, 2, 2, 1, 0, 2, 0, 2, 2, 1, 0, 1, 1, 1, 0, 0, 1, 0, 2, 1, 2, 2, 0, 0, 1, 1, 0, 2, 0, 2, 1, 0, 0, 2, 0, 0, 2, 0, 1, 1, 0, 0, 2, 1, 0, 2, 2, 0, 2, 2, 0, 1, 1, 2, 1, 2, 0, 1, 1, 1, 1, 2, 2, 1, 1, 1, 1, 0, 1, 0, 1, 0, 1, 1, 1, 0, 2, 0, 0, 1, 1, 2]|[0, 3, 0, 2, 4, 1, 4, 4, 2, 4, 3, 2, 1, 0, 2, 1, 1, 1, 2, 1, 1, 3, 0, 1, 0, 1, 1, 4, 1, 4, 3, 2, 2, 0, 4, 1, 1, 4, 0, 1, 2, 1, 4, 4, 1, 1, 0, 2, 3, 1, 2, 1, 2, 1, 1, 2, 4, 3, 0, 2, 2, 3, 1, 0, 1, 2, 0, 1, 2, 4, 3, 1, 4, 1, 2, 4, 3, 3, 3, 1, 1, 4, 3, 4, 3, 2, 4, 2, 4, 2, 3, 4, 1, 2, 1, 2, 2, 3, 4, 1]|[0, 2, 0, 1, 3, 0, 1, 3, 0, 0, 2, 0, 1, 0, 1, 0, 0, 0, 1, 0, 0, 2, 0, 0, 1, 0, 0, 3, 0, 1, 0, 2, 0, 1, 3, 0, 1, 3, 0, 0, 0, 0, 1, 3, 0, 0, 1, 0, 2, 0, 0, 0, 0, 0, 1, 0, 1, 0, 1, 1, 0, 2, 0, 0, 0, 0, 0, 0, 0, 2, 0, 0, 1, 0, 0, 1, 0, 0, 3, 0, 0, 1, 0, 3, 0, 0, 3, 0, 2, 0, 0, 2, 1, 0, 0, 0, 0, 0, 1, 0],855.0393744413956,51684.66824914086,111484.00316030454,false
18,G2_TEC,G2_TEC,[31, 22, 82, 15, 26, 9, 95, 42, 77, 68, 47, 5, 93, 78, 86, 54, 85, 63, 18, 44, 20, 49, 36, 14, 74, 50, 53, 25, 21, 28, 71, 64, 3, 23, 30, 83, 24, 41, 40, 52, 65, 27, 90, 70, 39, 87, 48, 69, 99, 4, 46, 1, 13, 58, 97, 59, 45, 8, 73, 37, 35, 79, 11, 66, 76, 32, 60, 80, 96, 6, 16, 61, 33, 7, 57, 34, 12, 67, 10, 98, 56, 88, 29, 75, 91, 38, 19, 92, 43, 84, 51, 72, 81, 17, 2, 55, 0, 62, 89, 94]|[2, 1, 2, 1, 1, 2, 1, 1, 1, 1, 1, 0, 2, 2, 1, 2, 0, 0, 0, 2, 2, 1, 0, 2, 0, 2, 2, 1, 0, 1, 1, 1, 0, 0, 1, 0, 2, 1, 2, 2, 0, 0, 1, 1, 0, 2, 0, 2, 1, 0, 0, 2, 0, 0, 2, 0, 1, 1, 0, 0, 2, 1, 0, 2, 2, 0, 2, 2, 0, 1, 2, 1, 1, 2, 0, 1, 1, 1, 1, 2, 2, 1, 1, 0, 1, 0, 1, 0, 1, 0, 1, 1, 1, 1, 2, 0, 0, 1, 1, 2]|[0, 3, 0, 3, 4, 1, 4, 4, 2, 4, 3, 2, 1, 0, 2, 1, 1, 1, 2, 1, 1, 3, 0, 1, 0, 1, 1, 4, 1, 4, 3, 2, 2, 0, 4, 1, 1, 4, 0, 1, 2, 1, 4, 4, 1, 1, 0, 2, 3, 1, 2, 1, 2, 1, 1, 2, 4, 3, 0, 2, 2, 3, 1, 0, 1, 2, 0, 1, 2, 4, 1, 3, 4, 1, 2, 4, 3, 3, 3, 1, 1, 4, 3, 2, 3, 2, 4, 2, 4, 2, 3, 4, 4, 4, 1, 2, 2, 3, 4, 1]|[0, 2, 0, 0, 3, 0, 1, 3, 0, 0, 2, 0, 1, 0, 1, 0, 0, 0, 1, 0, 0, 2, 0, 0, 1, 0, 0, 3, 0, 1, 0, 2, 0, 0, 3, 0, 1, 3, 0, 0, 0, 0, 1, 3, 0, 0, 1, 0, 2, 0, 0, 0, 0, 0, 1, 0, 1, 0, 1, 1, 0, 2, 0, 0, 0, 0, 0, 0, 0, 2, 0, 0, 1, 0, 0, 1, 0, 0, 3, 0, 0, 1, 0, 0, 0, 0, 3, 0, 2, 0, 0, 2, 1, 3, 0, 0, 0, 0, 1, 0],890.9074744783937,50765.917855663734,113588.58833646381,false
18,G3_TWC,G1_CMAX,[31, 22, 82, 15, 26, 9, 42, 95, 77, 12, 47, 5, 93, 78, 86, 54, 85, 63, 18, 44, 20, 35, 43, 97, 91, 76, 10, 30, 21, 45, 71, 64, 1, 23, 17, 83, 24, 14, 60, 36, 6, 57, 94, 88, 65, 56, 79, 40, 67, 68, 46, 75, 38, 58, 19, 32, 81, 41, 27, 62, 87, 90, 99, 59, 11, 16, 72, 73, 69, 39, 37, 84, 3, 92, 25, 55, 28, 29, 51, 7, 33, 61, 98, 66, 89, 50, 8, 96, 53, 80, 4, 48, 34, 2, 52, 13, 0, 70, 49, 74]|[1, 1, 0, 1, 1, 1, 2, 1, 2, 1, 2, 2, 2, 1, 1, 0, 0, 1, 0, 2, 2, 0, 1, 2, 0, 1, 2, 2, 0, 0, 1, 2, 1, 2, 1, 0, 2, 0, 1, 1, 0, 1, 1, 1, 0, 2, 1, 1, 0, 0, 0, 0, 1, 1, 2, 1, 2, 0, 0, 0, 2, 1, 0, 1, 2, 1, 2, 1, 1, 1, 1, 1, 1, 0, 1, 2, 0, 0, 0, 1, 2, 1, 0, 2, 1, 0, 1, 0, 0, 0, 0, 0, 2, 0, 1, 0, 0, 1, 0, 2]|[4, 3, 2, 2, 0, 0, 2, 2, 2, 4, 1, 1, 2, 4, 4, 1, 2, 4, 2, 1, 1, 1, 1, 2, 1, 2, 1, 1, 1, 1, 3, 2, 3, 0, 4, 0, 1, 1, 0, 3, 2, 2, 2, 0, 1, 1, 0, 4, 0, 1, 2, 2, 1, 4, 0, 3, 2, 1, 1, 2, 1, 3, 1, 1, 1, 3, 0, 4, 3, 1, 4, 1, 1, 0, 4, 1, 2, 1, 1, 3, 1, 3, 1, 1, 1, 1, 3, 1, 2, 1, 2, 1, 1, 2, 1, 2, 2, 3, 1, 1]|[0, 2, 1, 1, 3, 3, 0, 1, 0, 0, 0, 0, 1, 0, 1, 0, 0, 3, 1, 0, 0, 0, 3, 1, 0, 2, 0, 0, 0, 1, 0, 0, 0, 0, 3, 0, 1, 0, 0, 2, 1, 1, 1, 0, 0, 0, 0, 2, 1, 0, 0, 0, 1, 3, 0, 0, 1, 0, 0, 1, 0, 2, 0, 1, 0, 2, 1, 0, 0, 1, 1, 3, 1, 1, 3, 0, 1, 0, 0, 2, 0, 0, 0, 0, 1, 0, 2, 0, 1, 0, 1, 0, 0, 0, 1, 0, 0, 0, 1, 0],801.427594812029,57868.49349465401,91455.85780813712,true
18,G1_CMAX,G1_CMAX,[31, 22, 82, 15, 26, 9, 42, 77, 12, 5, 47, 93, 78, 86, 54, 6, 63, 18, 44, 20, 35, 43, 97, 91, 76, 10, 30, 21, 45, 17, 23, 1, 71, 83, 24, 14, 60, 36, 85, 57, 40, 95, 88, 65, 56, 79, 94, 67, 68, 46, 75, 38, 58, 19, 32, 81, 41, 62, 87, 28, 90, 59, 11, 16, 72, 73, 69, 52, 37, 64, 84, 3, 25, 29, 55, 51, 7, 98, 61, 66, 99, 33, 89, 48, 50, 96, 53, 80, 4, 8, 27, 2, 39, 13, 0, 92, 49, 74, 34, 70]|[1, 1, 0, 1, 1, 1, 2, 2, 1, 2, 2, 1, 1, 1, 0, 0, 1, 0, 2, 2, 0, 1, 2, 2, 1, 2, 2, 0, 0, 1, 2, 1, 1, 0, 2, 0, 1, 1, 0, 1, 1, 1, 1, 0, 2, 1, 1, 0, 0, 0, 0, 1, 1, 2, 1, 2, 0, 0, 2, 0, 1, 2, 2, 1, 2, 1, 1, 1, 1, 1, 1, 2, 1, 0, 2, 0, 1, 2, 1, 0, 0, 2, 1, 0, 0, 2, 0, 0, 1, 1, 0, 0, 1, 0, 0, 0, 0, 2, 2, 1]|[0, 3, 1, 2, 0, 0, 1, 1, 4, 1, 1, 4, 4, 4, 2, 2, 4, 2, 1, 1, 1, 1, 2, 1, 2, 1, 1, 1, 1, 4, 0, 3, 3, 0, 1, 1, 0, 3, 2, 2, 2, 2, 0, 1, 1, 0, 4, 0, 1, 2, 2, 1, 4, 0, 3, 2, 1, 2, 1, 2, 3, 1, 1, 3, 0, 4, 4, 1, 4, 3, 1, 2, 4, 1, 1, 1, 1, 1, 3, 1, 1, 1, 1, 1, 1, 1, 2, 1, 4, 3, 2, 2, 1, 2, 2, 0, 1, 1, 1, 4]|[1, 1, 1, 1, 3, 3, 0, 0, 0, 0, 0, 2, 0, 1, 0, 0, 3, 1, 0, 0, 0, 3, 1, 0, 2, 0, 0, 0, 1, 3, 0, 0, 0, 0, 1, 0, 0, 2, 1, 1, 1, 1, 0, 0, 0, 0, 2, 1, 0, 0, 0, 1, 3, 0, 0, 1, 0, 1, 0, 1, 2, 0, 0, 2, 1, 0, 2, 1, 1, 0, 3, 1, 3, 0, 0, 0, 2, 0, 0, 0, 0, 0, 1, 0, 0, 0, 1, 0, 0, 2, 1, 0, 1, 0, 0, 1, 1, 0, 0, 2],733.3116759547878,58140.55643565909,96674.14109675489,false
18,G4_BALANCED,G4_BALANCED,[31, 11, 82, 15, 26, 9, 95, 42, 77, 68, 47, 5, 93, 78, 86, 54, 85, 63, 18, 44, 20, 49, 36, 14, 74, 50, 53, 17, 21, 45, 71, 64, 3, 23, 30, 83, 24, 41, 60, 52, 65, 27, 90, 70, 39, 87, 48, 69, 99, 4, 46, 1, 13, 58, 97, 59, 28, 75, 73, 37, 35, 79, 22, 66, 76, 32, 40, 80, 96, 6, 61, 16, 33, 7, 57, 34, 12, 67, 10, 98, 56, 88, 29, 25, 91, 38, 19, 92, 43, 84, 51, 72, 81, 8, 2, 55, 0, 62, 89, 94]|[2, 1, 2, 1, 1, 2, 1, 1, 1, 1, 1, 0, 2, 2, 1, 2, 0, 0, 0, 2, 2, 1, 0, 2, 0, 2, 2, 1, 0, 1, 1, 1, 0, 0, 1, 0, 2, 1, 2, 2, 0, 0, 1, 1, 0, 2, 0, 2, 1, 0, 0, 2, 0, 0, 2, 0, 1, 1, 0, 0, 2, 1, 0, 2, 2, 0, 2, 2, 0, 1, 1, 2, 1, 2, 0, 1, 1, 1, 1, 2, 2, 1, 1, 1, 1, 0, 1, 0, 1, 0, 1, 1, 1, 0, 2, 0, 0, 1, 1, 2]|[0, 3, 0, 2, 4, 1, 4, 4, 2, 4, 3, 2, 1, 0, 2, 1, 1, 1, 2, 1, 1, 3, 0, 1, 0, 1, 1, 4, 1, 4, 3, 2, 2, 0, 4, 1, 1, 4, 0, 1, 2, 1, 4, 4, 1, 1, 0, 2, 3, 1, 2, 1, 2, 1, 1, 2, 4, 3, 0, 2, 2, 3, 1, 0, 1, 2, 0, 1, 2, 4, 3, 1, 4, 1, 2, 4, 3, 3, 3, 1, 1, 4, 3, 4, 3, 2, 4, 2, 4, 2, 3, 4, 1, 2, 1, 2, 2, 3, 4, 1]|[0, 2, 0, 1, 3, 0, 1, 3, 0, 0, 2, 0, 1, 0, 1, 0, 0, 0, 1, 0, 0, 2, 0, 0, 1, 0, 0, 3, 0, 1, 0, 2, 0, 1, 3, 0, 1, 3, 0, 0, 0, 0, 1, 3, 0, 0, 1, 0, 2, 0, 0, 0, 0, 0, 1, 0, 1, 0, 1, 1, 0, 2, 0, 0, 0, 0, 0, 0, 0, 2, 0, 0, 1, 0, 0, 1, 0, 0, 3, 0, 0, 1, 0, 3, 0, 0, 3, 0, 2, 0, 0, 2, 1, 0, 0, 0, 0, 0, 1, 0],855.0393744413956,51684.66824914086,111484.00316030454,false
18,G2_TEC,G2_TEC,[31, 22, 82, 15, 26, 9, 95, 42, 77, 68, 47, 5, 93, 78, 86, 54, 85, 63, 18, 44, 20, 49, 36, 14, 74, 50, 53, 25, 21, 28, 71, 64, 3, 23, 30, 83, 24, 41, 40, 52, 65, 27, 90, 70, 39, 87, 48, 69, 99, 4, 46, 1, 13, 58, 97, 59, 45, 8, 73, 37, 35, 79, 11, 66, 76, 32, 60, 80, 96, 6, 16, 61, 33, 7, 57, 34, 12, 67, 10, 98, 56, 88, 29, 75, 91, 38, 19, 92, 43, 84, 51, 72, 81, 17, 2, 55, 0, 62, 89, 94]|[2, 1, 2, 1, 1, 2, 1, 1, 1, 1, 1, 0, 2, 2, 1, 2, 0, 0, 0, 2, 2, 1, 0, 2, 0, 2, 2, 1, 0, 1, 1, 1, 0, 0, 1, 0, 2, 1, 2, 2, 0, 0, 1, 1, 0, 2, 0, 2, 1, 0, 0, 2, 0, 0, 2, 0, 1, 1, 0, 0, 2, 1, 0, 2, 2, 0, 2, 2, 0, 1, 2, 1, 1, 2, 0, 1, 1, 1, 1, 2, 2, 1, 1, 0, 1, 0, 1, 0, 1, 0, 1, 1, 1, 1, 2, 0, 0, 1, 1, 2]|[0, 3, 0, 3, 4, 1, 4, 4, 2, 4, 3, 2, 1, 0, 2, 1, 1, 1, 2, 1, 1, 3, 0, 1, 0, 1, 1, 4, 1, 4, 3, 2, 2, 0, 4, 1, 1, 4, 0, 1, 2, 1, 4, 4, 1, 1, 0, 2, 3, 1, 2, 1, 2, 1, 1, 2, 4, 3, 0, 2, 2, 3, 1, 0, 1, 2, 0, 1, 2, 4, 1, 3, 4, 1, 2, 4, 3, 3, 3, 1, 1, 4, 3, 2, 3, 2, 4, 2, 4, 2, 3, 4, 4, 4, 1, 2, 2, 3, 4, 1]|[0, 2, 0, 0, 3, 0, 1, 3, 0, 0, 2, 0, 1, 0, 1, 0, 0, 0, 1, 0, 0, 2, 0, 0, 1, 0, 0, 3, 0, 1, 0, 2, 0, 0, 3, 0, 1, 3, 0, 0, 0, 0, 1, 3, 0, 0, 1, 0, 2, 0, 0, 0, 0, 0, 1, 0, 1, 0, 1, 1, 0, 2, 0, 0, 0, 0, 0, 0, 0, 2, 0, 0, 1, 0, 0, 1, 0, 0, 3, 0, 0, 1, 0, 0, 0, 0, 3, 0, 2, 0, 0, 2, 1, 3, 0, 0, 0, 0, 1, 0],890.9074744783937,50765.917855663734,113588.58833646381,false
18,G3_TWC,G1_CMAX,[31, 22, 82, 15, 26, 9, 42, 95, 77, 12, 47, 5, 93, 78, 86, 54, 85, 63, 18, 44, 20, 35, 43, 97, 91, 76, 10, 30, 21, 45, 71, 64, 1, 23, 17, 83, 24, 14, 60, 36, 6, 57, 94, 88, 65, 56, 79, 40, 67, 68, 46, 75, 38, 58, 19, 32, 81, 41, 27, 62, 87, 90, 99, 59, 11, 16, 72, 73, 69, 39, 37, 84, 3, 92, 25, 55, 28, 29, 51, 7, 33, 61, 98, 66, 89, 50, 8, 96, 53, 80, 4, 48, 34, 2, 52, 13, 0, 70, 49, 74]|[1, 1, 0, 1, 1, 1, 2, 1, 2, 1, 2, 2, 2, 1, 1, 0, 0, 1, 0, 2, 2, 0, 1, 2, 0, 1, 2, 2, 0, 0, 1, 2, 1, 2, 1, 0, 2, 0, 1, 1, 0, 1, 1, 1, 0, 2, 1, 1, 0, 0, 0, 0, 1, 1, 2, 1, 2, 0, 0, 0, 2, 1, 0, 1, 2, 1, 2, 1, 1, 1, 1, 1, 1, 0, 1, 2, 0, 0, 0, 1, 2, 1, 0, 2, 1, 0, 1, 0, 0, 0, 0, 0, 2, 0, 1, 0, 0, 1, 0, 2]|[4, 3, 2, 2, 0, 0, 2, 2, 2, 4, 1, 1, 2, 4, 4, 1, 2, 4, 2, 1, 1, 1, 1, 2, 1, 2, 1, 1, 1, 1, 3, 2, 3, 0, 4, 0, 1, 1, 0, 3, 2, 2, 2, 0, 1, 1, 0, 4, 0, 1, 2, 2, 1, 4, 0, 3, 2, 1, 1, 2, 1, 3, 1, 1, 1, 3, 0, 4, 3, 1, 4, 1, 1, 0, 4, 1, 2, 1, 1, 3, 1, 3, 1, 1, 1, 1, 3, 1, 2, 1, 2, 1, 1, 2, 1, 2, 2, 3, 1, 1]|[0, 2, 1, 1, 3, 3, 0, 1, 0, 0, 0, 0, 1, 0, 1, 0, 0, 3, 1, 0, 0, 0, 3, 1, 0, 2, 0, 0, 0, 1, 0, 0, 0, 0, 3, 0, 1, 0, 0, 2, 1, 1, 1, 0, 0, 0, 0, 2, 1, 0, 0, 0, 1, 3, 0, 0, 1, 0, 0, 1, 0, 2, 0, 1, 0, 2, 1, 0, 0, 1, 1, 3, 1, 1, 3, 0, 1, 0, 0, 2, 0, 0, 0, 0, 1, 0, 2, 0, 1, 0, 1, 0, 0, 0, 1, 0, 0, 0, 1, 0],801.427594812029,57868.49349465401,91455.85780813712,true
18,G1_CMAX,G1_CMAX,[31, 22, 82, 15, 26, 9, 42, 77, 12, 5, 47, 93, 78, 86, 54, 6, 63, 18, 44, 20, 35, 43, 97, 91, 76, 10, 30, 21, 45, 17, 23, 1, 71, 83, 24, 14, 60, 36, 85, 57, 40, 95, 88, 65, 56, 79, 94, 67, 68, 46, 75, 38, 58, 19, 32, 81, 41, 62, 87, 28, 90, 59, 11, 16, 72, 73, 69, 52, 37, 64, 84, 3, 25, 29, 55, 51, 7, 98, 61, 66, 99, 33, 89, 48, 50, 96, 53, 80, 4, 8, 27, 2, 39, 13, 0, 92, 49, 74, 34, 70]|[1, 1, 0, 1, 1, 1, 2, 2, 1, 2, 2, 1, 1, 1, 0, 0, 1, 0, 2, 2, 0, 1, 2, 2, 1, 2, 2, 0, 0, 1, 2, 1, 1, 0, 2, 0, 1, 1, 0, 1, 1, 1, 1, 0, 2, 1, 1, 0, 0, 0, 0, 1, 1, 2, 1, 2, 0, 0, 2, 0, 1, 2, 2, 1, 2, 1, 1, 1, 1, 1, 1, 2, 1, 0, 2, 0, 1, 2, 1, 0, 0, 2, 1, 0, 0, 2, 0, 0, 1, 1, 0, 0, 1, 0, 0, 0, 0, 2, 2, 1]|[0, 3, 1, 2, 0, 0, 1, 1, 4, 1, 1, 4, 4, 4, 2, 2, 4, 2, 1, 1, 1, 1, 2, 1, 2, 1, 1, 1, 1, 4, 0, 3, 3, 0, 1, 1, 0, 3, 2, 2, 2, 2, 0, 1, 1, 0, 4, 0, 1, 2, 2, 1, 4, 0, 3, 2, 1, 2, 1, 2, 3, 1, 1, 3, 0, 4, 4, 1, 4, 3, 1, 2, 4, 1, 1, 1, 1, 1, 3, 1, 1, 1, 1, 1, 1, 1, 2, 1, 4, 3, 2, 2, 1, 2, 2, 0, 1, 1, 1, 4]|[1, 1, 1, 1, 3, 3, 0, 0, 0, 0, 0, 2, 0, 1, 0, 0, 3, 1, 0, 0, 0, 3, 1, 0, 2, 0, 0, 0, 1, 3, 0, 0, 0, 0, 1, 0, 0, 2, 1, 1, 1, 1, 0, 0, 0, 0, 2, 1, 0, 0, 0, 1, 3, 0, 0, 1, 0, 1, 0, 1, 2, 0, 0, 2, 1, 0, 2, 1, 1, 0, 3, 1, 3, 0, 0, 0, 2, 0, 0, 0, 0, 0, 1, 0, 0, 0, 1, 0, 0, 2, 1, 0, 1, 0, 0, 1, 1, 0, 0, 2],733.3116759547878,58140.55643565909,96674.14109675489,false
18,G4_BALANCED,G4_BALANCED,[31, 11, 82, 15, 26, 9, 95, 42, 77, 68, 47, 5, 93, 78, 86, 54, 85, 63, 18, 44, 20, 49, 36, 14, 74, 50, 53, 17, 21, 45, 71, 64, 3, 23, 30, 83, 24, 41, 60, 52, 65, 27, 90, 70, 39, 87, 48, 69, 99, 4, 46, 1, 13, 58, 97, 59, 28, 75, 73, 37, 35, 79, 22, 66, 76, 32, 40, 80, 96, 6, 61, 16, 33, 7, 57, 34, 12, 67, 10, 98, 56, 88, 29, 25, 91, 38, 19, 92, 43, 84, 51, 72, 81, 8, 2, 55, 0, 62, 89, 94]|[2, 1, 2, 1, 1, 2, 1, 1, 1, 1, 1, 0, 2, 2, 1, 2, 0, 0, 0, 2, 2, 1, 0, 2, 0, 2, 2, 1, 0, 1, 1, 1, 0, 0, 1, 0, 2, 1, 2, 2, 0, 0, 1, 1, 0, 2, 0, 2, 1, 0, 0, 2, 0, 0, 2, 0, 1, 1, 0, 0, 2, 1, 0, 2, 2, 0, 2, 2, 0, 1, 1, 2, 1, 2, 0, 1, 1, 1, 1, 2, 2, 1, 1, 1, 1, 0, 1, 0, 1, 0, 1, 1, 1, 0, 2, 0, 0, 1, 1, 2]|[0, 3, 0, 2, 4, 1, 4, 4, 2, 4, 3, 2, 1, 0, 2, 1, 1, 1, 2, 1, 1, 3, 0, 1, 0, 1, 1, 4, 1, 4, 3, 2, 2, 0, 4, 1, 1, 4, 0, 1, 2, 1, 4, 4, 1, 1, 0, 2, 3, 1, 2, 1, 2, 1, 1, 2, 4, 3, 0, 2, 2, 3, 1, 0, 1, 2, 0, 1, 2, 4, 3, 1, 4, 1, 2, 4, 3, 3, 3, 1, 1, 4, 3, 4, 3, 2, 4, 2, 4, 2, 3, 4, 1, 2, 1, 2, 2, 3, 4, 1]|[0, 2, 0, 1, 3, 0, 1, 3, 0, 0, 2, 0, 1, 0, 1, 0, 0, 0, 1, 0, 0, 2, 0, 0, 1, 0, 0, 3, 0, 1, 0, 2, 0, 1, 3, 0, 1, 3, 0, 0, 0, 0, 1, 3, 0, 0, 1, 0, 2, 0, 0, 0, 0, 0, 1, 0, 1, 0, 1, 1, 0, 2, 0, 0, 0, 0, 0, 0, 0, 2, 0, 0, 1, 0, 0, 1, 0, 0, 3, 0, 0, 1, 0, 3, 0, 0, 3, 0, 2, 0, 0, 2, 1, 0, 0, 0, 0, 0, 1, 0],855.0393744413956,51684.66824914086,111484.00316030454,false
18,G2_TEC,G2_TEC,[31, 22, 82, 15, 26, 9, 95, 42, 77, 68, 47, 5, 93, 78, 86, 54, 85, 63, 18, 44, 20, 49, 36, 14, 74, 50, 53, 25, 21, 28, 71, 64, 3, 23, 30, 83, 24, 41, 40, 52, 65, 27, 90, 70, 39, 87, 48, 69, 99, 4, 46, 1, 13, 58, 97, 59, 45, 8, 73, 37, 35, 79, 11, 66, 76, 32, 60, 80, 96, 6, 16, 61, 33, 7, 57, 34, 12, 67, 10, 98, 56, 88, 29, 75, 91, 38, 19, 92, 43, 84, 51, 72, 81, 17, 2, 55, 0, 62, 89, 94]|[2, 1, 2, 1, 1, 2, 1, 1, 1, 1, 1, 0, 2, 2, 1, 2, 0, 0, 0, 2, 2, 1, 0, 2, 0, 2, 2, 1, 0, 1, 1, 1, 0, 0, 1, 0, 2, 1, 2, 2, 0, 0, 1, 1, 0, 2, 0, 2, 1, 0, 0, 2, 0, 0, 2, 0, 1, 1, 0, 0, 2, 1, 0, 2, 2, 0, 2, 2, 0, 1, 2, 1, 1, 2, 0, 1, 1, 1, 1, 2, 2, 1, 1, 0, 1, 0, 1, 0, 1, 0, 1, 1, 1, 1, 2, 0, 0, 1, 1, 2]|[0, 3, 0, 3, 4, 1, 4, 4, 2, 4, 3, 2, 1, 0, 2, 1, 1, 1, 2, 1, 1, 3, 0, 1, 0, 1, 1, 4, 1, 4, 3, 2, 2, 0, 4, 1, 1, 4, 0, 1, 2, 1, 4, 4, 1, 1, 0, 2, 3, 1, 2, 1, 2, 1, 1, 2, 4, 3, 0, 2, 2, 3, 1, 0, 1, 2, 0, 1, 2, 4, 1, 3, 4, 1, 2, 4, 3, 3, 3, 1, 1, 4, 3, 2, 3, 2, 4, 2, 4, 2, 3, 4, 4, 4, 1, 2, 2, 3, 4, 1]|[0, 2, 0, 0, 3, 0, 1, 3, 0, 0, 2, 0, 1, 0, 1, 0, 0, 0, 1, 0, 0, 2, 0, 0, 1, 0, 0, 3, 0, 1, 0, 2, 0, 0, 3, 0, 1, 3, 0, 0, 0, 0, 1, 3, 0, 0, 1, 0, 2, 0, 0, 0, 0, 0, 1, 0, 1, 0, 1, 1, 0, 2, 0, 0, 0, 0, 0, 0, 0, 2, 0, 0, 1, 0, 0, 1, 0, 0, 3, 0, 0, 1, 0, 0, 0, 0, 3, 0, 2, 0, 0, 2, 1, 3, 0, 0, 0, 0, 1, 0],890.9074744783937,50765.917855663734,113588.58833646381,false
18,G3_TWC,G1_CMAX,[31, 22, 82, 15, 26, 9, 42, 95, 77, 12, 47, 5, 93, 78, 86, 54, 85, 63, 18, 44, 20, 35, 43, 97, 91, 76, 10, 30, 21, 45, 71, 64, 1, 23, 17, 83, 24, 14, 60, 36, 6, 57, 94, 88, 65, 56, 79, 40, 67, 68, 46, 75, 38, 58, 19, 32, 81, 41, 27, 62, 87, 90, 99, 59, 11, 16, 72, 73, 69, 39, 37, 84, 3, 92, 25, 55, 28, 29, 51, 7, 33, 61, 98, 66, 89, 50, 8, 96, 53, 80, 4, 48, 34, 2, 52, 13, 0, 70, 49, 74]|[1, 1, 0, 1, 1, 1, 2, 1, 2, 1, 2, 2, 2, 1, 1, 0, 0, 1, 0, 2, 2, 0, 1, 2, 0, 1, 2, 2, 0, 0, 1, 2, 1, 2, 1, 0, 2, 0, 1, 1, 0, 1, 1, 1, 0, 2, 1, 1, 0, 0, 0, 0, 1, 1, 2, 1, 2, 0, 0, 0, 2, 1, 0, 1, 2, 1, 2, 1, 1, 1, 1, 1, 1, 0, 1, 2, 0, 0, 0, 1, 2, 1, 0, 2, 1, 0, 1, 0, 0, 0, 0, 0, 2, 0, 1, 0, 0, 1, 0, 2]|[4, 3, 2, 2, 0, 0, 2, 2, 2, 4, 1, 1, 2, 4, 4, 1, 2, 4, 2, 1, 1, 1, 1, 2, 1, 2, 1, 1, 1, 1, 3, 2, 3, 0, 4, 0, 1, 1, 0, 3, 2, 2, 2, 0, 1, 1, 0, 4, 0, 1, 2, 2, 1, 4, 0, 3, 2, 1, 1, 2, 1, 3, 1, 1, 1, 3, 0, 4, 3, 1, 4, 1, 1, 0, 4, 1, 2, 1, 1, 3, 1, 3, 1, 1, 1, 1, 3, 1, 2, 1, 2, 1, 1, 2, 1, 2, 2, 3, 1, 1]|[0, 2, 1, 1, 3, 3, 0, 1, 0, 0, 0, 0, 1, 0, 1, 0, 0, 3, 1, 0, 0, 0, 3, 1, 0, 2, 0, 0, 0, 1, 0, 0, 0, 0, 3, 0, 1, 0, 0, 2, 1, 1, 1, 0, 0, 0, 0, 2, 1, 0, 0, 0, 1, 3, 0, 0, 1, 0, 0, 1, 0, 2, 0, 1, 0, 2, 1, 0, 0, 1, 1, 3, 1, 1, 3, 0, 1, 0, 0, 2, 0, 0, 0, 0, 1, 0, 2, 0, 1, 0, 1, 0, 0, 0, 1, 0, 0, 0, 1, 0],801.427594812029,57868.49349465401,91455.85780813712,true
18,G1_CMAX,G1_CMAX,[31, 22, 82, 15, 26, 9, 42, 77, 12, 5, 47, 93, 78, 86, 54, 6, 63, 18, 44, 20, 35, 43, 97, 91, 76, 10, 30, 21, 45, 17, 23, 1, 71, 83, 24, 14, 60, 36, 85, 57, 40, 95, 88, 65, 56, 79, 94, 67, 68, 46, 75, 38, 58, 19, 32, 81, 41, 62, 87, 28, 90, 59, 11, 16, 72, 73, 69, 52, 37, 64, 84, 3, 25, 29, 55, 51, 7, 98, 61, 66, 99, 33, 89, 48, 50, 96, 53, 80, 4, 8, 27, 2, 39, 13, 0, 92, 49, 74, 34, 70]|[1, 1, 0, 1, 1, 1, 2, 2, 1, 2, 2, 1, 1, 1, 0, 0, 1, 0, 2, 2, 0, 1, 2, 2, 1, 2, 2, 0, 0, 1, 2, 1, 1, 0, 2, 0, 1, 1, 0, 1, 1, 1, 1, 0, 2, 1, 1, 0, 0, 0, 0, 1, 1, 2, 1, 2, 0, 0, 2, 0, 1, 2, 2, 1, 2, 1, 1, 1, 1, 1, 1, 2, 1, 0, 2, 0, 1, 2, 1, 0, 0, 2, 1, 0, 0, 2, 0, 0, 1, 1, 0, 0, 1, 0, 0, 0, 0, 2, 2, 1]|[0, 3, 1, 2, 0, 0, 1, 1, 4, 1, 1, 4, 4, 4, 2, 2, 4, 2, 1, 1, 1, 1, 2, 1, 2, 1, 1, 1, 1, 4, 0, 3, 3, 0, 1, 1, 0, 3, 2, 2, 2, 2, 0, 1, 1, 0, 4, 0, 1, 2, 2, 1, 4, 0, 3, 2, 1, 2, 1, 2, 3, 1, 1, 3, 0, 4, 4, 1, 4, 3, 1, 2, 4, 1, 1, 1, 1, 1, 3, 1, 1, 1, 1, 1, 1, 1, 2, 1, 4, 3, 2, 2, 1, 2, 2, 0, 1, 1, 1, 4]|[1, 1, 1, 1, 3, 3, 0, 0, 0, 0, 0, 2, 0, 1, 0, 0, 3, 1, 0, 0, 0, 3, 1, 0, 2, 0, 0, 0, 1, 3, 0, 0, 0, 0, 1, 0, 0, 2, 1, 1, 1, 1, 0, 0, 0, 0, 2, 1, 0, 0, 0, 1, 3, 0, 0, 1, 0, 1, 0, 1, 2, 0, 0, 2, 1, 0, 2, 1, 1, 0, 3, 1, 3, 0, 0, 0, 2, 0, 0, 0, 0, 0, 1, 0, 0, 0, 1, 0, 0, 2, 1, 0, 1, 0, 0, 1, 1, 0, 0, 2],733.3116759547878,58140.55643565909,96674.14109675489,false
18,G4_BALANCED,G4_BALANCED,[31, 11, 82, 15, 26, 9, 95, 42, 77, 68, 47, 5, 93, 78, 86, 54, 85, 63, 18, 44, 20, 49, 36, 14, 74, 50, 53, 17, 21, 45, 71, 64, 3, 23, 30, 83, 24, 41, 60, 52, 65, 27, 90, 70, 39, 87, 48, 69, 99, 4, 46, 1, 13, 58, 97, 59, 28, 75, 73, 37, 35, 79, 22, 66, 76, 32, 40, 80, 96, 6, 61, 16, 33, 7, 57, 34, 12, 67, 10, 98, 56, 88, 29, 25, 91, 38, 19, 92, 43, 84, 51, 72, 81, 8, 2, 55, 0, 62, 89, 94]|[2, 1, 2, 1, 1, 2, 1, 1, 1, 1, 1, 0, 2, 2, 1, 2, 0, 0, 0, 2, 2, 1, 0, 2, 0, 2, 2, 1, 0, 1, 1, 1, 0, 0, 1, 0, 2, 1, 2, 2, 0, 0, 1, 1, 0, 2, 0, 2, 1, 0, 0, 2, 0, 0, 2, 0, 1, 1, 0, 0, 2, 1, 0, 2, 2, 0, 2, 2, 0, 1, 1, 2, 1, 2, 0, 1, 1, 1, 1, 2, 2, 1, 1, 1, 1, 0, 1, 0, 1, 0, 1, 1, 1, 0, 2, 0, 0, 1, 1, 2]|[0, 3, 0, 2, 4, 1, 4, 4, 2, 4, 3, 2, 1, 0, 2, 1, 1, 1, 2, 1, 1, 3, 0, 1, 0, 1, 1, 4, 1, 4, 3, 2, 2, 0, 4, 1, 1, 4, 0, 1, 2, 1, 4, 4, 1, 1, 0, 2, 3, 1, 2, 1, 2, 1, 1, 2, 4, 3, 0, 2, 2, 3, 1, 0, 1, 2, 0, 1, 2, 4, 3, 1, 4, 1, 2, 4, 3, 3, 3, 1, 1, 4, 3, 4, 3, 2, 4, 2, 4, 2, 3, 4, 1, 2, 1, 2, 2, 3, 4, 1]|[0, 2, 0, 1, 3, 0, 1, 3, 0, 0, 2, 0, 1, 0, 1, 0, 0, 0, 1, 0, 0, 2, 0, 0, 1, 0, 0, 3, 0, 1, 0, 2, 0, 1, 3, 0, 1, 3, 0, 0, 0, 0, 1, 3, 0, 0, 1, 0, 2, 0, 0, 0, 0, 0, 1, 0, 1, 0, 1, 1, 0, 2, 0, 0, 0, 0, 0, 0, 0, 2, 0, 0, 1, 0, 0, 1, 0, 0, 3, 0, 0, 1, 0, 3, 0, 0, 3, 0, 2, 0, 0, 2, 1, 0, 0, 0, 0, 0, 1, 0],855.0393744413956,51684.66824914086,111484.00316030454,false
18,G2_TEC,G2_TEC,[31, 22, 82, 15, 26, 9, 95, 42, 77, 68, 47, 5, 93, 78, 86, 54, 85, 63, 18, 44, 20, 49, 36, 14, 74, 50, 53, 25, 21, 28, 71, 64, 3, 23, 30, 83, 24, 41, 40, 52, 65, 27, 90, 70, 39, 87, 48, 69, 99, 4, 46, 1, 13, 58, 97, 59, 45, 8, 73, 37, 35, 79, 11, 66, 76, 32, 60, 80, 96, 6, 16, 61, 33, 7, 57, 34, 12, 67, 10, 98, 56, 88, 29, 75, 91, 38, 19, 92, 43, 84, 51, 72, 81, 17, 2, 55, 0, 62, 89, 94]|[2, 1, 2, 1, 1, 2, 1, 1, 1, 1, 1, 0, 2, 2, 1, 2, 0, 0, 0, 2, 2, 1, 0, 2, 0, 2, 2, 1, 0, 1, 1, 1, 0, 0, 1, 0, 2, 1, 2, 2, 0, 0, 1, 1, 0, 2, 0, 2, 1, 0, 0, 2, 0, 0, 2, 0, 1, 1, 0, 0, 2, 1, 0, 2, 2, 0, 2, 2, 0, 1, 2, 1, 1, 2, 0, 1, 1, 1, 1, 2, 2, 1, 1, 0, 1, 0, 1, 0, 1, 0, 1, 1, 1, 1, 2, 0, 0, 1, 1, 2]|[0, 3, 0, 3, 4, 1, 4, 4, 2, 4, 3, 2, 1, 0, 2, 1, 1, 1, 2, 1, 1, 3, 0, 1, 0, 1, 1, 4, 1, 4, 3, 2, 2, 0, 4, 1, 1, 4, 0, 1, 2, 1, 4, 4, 1, 1, 0, 2, 3, 1, 2, 1, 2, 1, 1, 2, 4, 3, 0, 2, 2, 3, 1, 0, 1, 2, 0, 1, 2, 4, 1, 3, 4, 1, 2, 4, 3, 3, 3, 1, 1, 4, 3, 2, 3, 2, 4, 2, 4, 2, 3, 4, 4, 4, 1, 2, 2, 3, 4, 1]|[0, 2, 0, 0, 3, 0, 1, 3, 0, 0, 2, 0, 1, 0, 1, 0, 0, 0, 1, 0, 0, 2, 0, 0, 1, 0, 0, 3, 0, 1, 0, 2, 0, 0, 3, 0, 1, 3, 0, 0, 0, 0, 1, 3, 0, 0, 1, 0, 2, 0, 0, 0, 0, 0, 1, 0, 1, 0, 1, 1, 0, 2, 0, 0, 0, 0, 0, 0, 0, 2, 0, 0, 1, 0, 0, 1, 0, 0, 3, 0, 0, 1, 0, 0, 0, 0, 3, 0, 2, 0, 0, 2, 1, 3, 0, 0, 0, 0, 1, 0],890.9074744783937,50765.917855663734,113588.58833646381,false
18,G3_TWC,G1_CMAX,[31, 22, 82, 15, 26, 9, 42, 95, 77, 12, 47, 5, 93, 78, 86, 54, 85, 63, 18, 44, 20, 35, 43, 97, 91, 76, 10, 30, 21, 45, 71, 64, 1, 23, 17, 83, 24, 14, 60, 36, 6, 57, 94, 88, 65, 56, 79, 40, 67, 68, 46, 75, 38, 58, 19, 32, 81, 41, 27, 62, 87, 90, 99, 59, 11, 16, 72, 73, 69, 39, 37, 84, 3, 92, 25, 55, 28, 29, 51, 7, 33, 61, 98, 66, 89, 50, 8, 96, 53, 80, 4, 48, 34, 2, 52, 13, 0, 70, 49, 74]|[1, 1, 0, 1, 1, 1, 2, 1, 2, 1, 2, 2, 2, 1, 1, 0, 0, 1, 0, 2, 2, 0, 1, 2, 0, 1, 2, 2, 0, 0, 1, 2, 1, 2, 1, 0, 2, 0, 1, 1, 0, 1, 1, 1, 0, 2, 1, 1, 0, 0, 0, 0, 1, 1, 2, 1, 2, 0, 0, 0, 2, 1, 0, 1, 2, 1, 2, 1, 1, 1, 1, 1, 1, 0, 1, 2, 0, 0, 0, 1, 2, 1, 0, 2, 1, 0, 1, 0, 0, 0, 0, 0, 2, 0, 1, 0, 0, 1, 0, 2]|[4, 3, 2, 2, 0, 0, 2, 2, 2, 4, 1, 1, 2, 4, 4, 1, 2, 4, 2, 1, 1, 1, 1, 2, 1, 2, 1, 1, 1, 1, 3, 2, 3, 0, 4, 0, 1, 1, 0, 3, 2, 2, 2, 0, 1, 1, 0, 4, 0, 1, 2, 2, 1, 4, 0, 3, 2, 1, 1, 2, 1, 3, 1, 1, 1, 3, 0, 4, 3, 1, 4, 1, 1, 0, 4, 1, 2, 1, 1, 3, 1, 3, 1, 1, 1, 1, 3, 1, 2, 1, 2, 1, 1, 2, 1, 2, 2, 3, 1, 1]|[0, 2, 1, 1, 3, 3, 0, 1, 0, 0, 0, 0, 1, 0, 1, 0, 0, 3, 1, 0, 0, 0, 3, 1, 0, 2, 0, 0, 0, 1, 0, 0, 0, 0, 3, 0, 1, 0, 0, 2, 1, 1, 1, 0, 0, 0, 0, 2, 1, 0, 0, 0, 1, 3, 0, 0, 1, 0, 0, 1, 0, 2, 0, 1, 0, 2, 1, 0, 0, 1, 1, 3, 1, 1, 3, 0, 1, 0, 0, 2, 0, 0, 0, 0, 1, 0, 2, 0, 1, 0, 1, 0, 0, 0, 1, 0, 0, 0, 1, 0],801.427594812029,57868.49349465401,91455.85780813712,true
18,G1_CMAX,G1_CMAX,[31, 22, 82, 15, 26, 9, 42, 77, 12, 5, 47, 93, 78, 86, 54, 6, 63, 18, 44, 20, 35, 43, 97, 91, 76, 10, 30, 21, 45, 17, 23, 1, 71, 83, 24, 14, 60, 36, 85, 57, 40, 95, 88, 65, 56, 79, 94, 67, 68, 46, 75, 38, 58, 19, 32, 81, 41, 62, 87, 28, 90, 59, 11, 16, 72, 73, 69, 52, 37, 64, 84, 3, 25, 29, 55, 51, 7, 98, 61, 66, 99, 33, 89, 48, 50, 96, 53, 80, 4, 8, 27, 2, 39, 13, 0, 92, 49, 74, 34, 70]|[1, 1, 0, 1, 1, 1, 2, 2, 1, 2, 2, 1, 1, 1, 0, 0, 1, 0, 2, 2, 0, 1, 2, 2, 1, 2, 2, 0, 0, 1, 2, 1, 1, 0, 2, 0, 1, 1, 0, 1, 1, 1, 1, 0, 2, 1, 1, 0, 0, 0, 0, 1, 1, 2, 1, 2, 0, 0, 2, 0, 1, 2, 2, 1, 2, 1, 1, 1, 1, 1, 1, 2, 1, 0, 2, 0, 1, 2, 1, 0, 0, 2, 1, 0, 0, 2, 0, 0, 1, 1, 0, 0, 1, 0, 0, 0, 0, 2, 2, 1]|[0, 3, 1, 2, 0, 0, 1, 1, 4, 1, 1, 4, 4, 4, 2, 2, 4, 2, 1, 1, 1, 1, 2, 1, 2, 1, 1, 1, 1, 4, 0, 3, 3, 0, 1, 1, 0, 3, 2, 2, 2, 2, 0, 1, 1, 0, 4, 0, 1, 2, 2, 1, 4, 0, 3, 2, 1, 2, 1, 2, 3, 1, 1, 3, 0, 4, 4, 1, 4, 3, 1, 2, 4, 1, 1, 1, 1, 1, 3, 1, 1, 1, 1, 1, 1, 1, 2, 1, 4, 3, 2, 2, 1, 2, 2, 0, 1, 1, 1, 4]|[1, 1, 1, 1, 3, 3, 0, 0, 0, 0, 0, 2, 0, 1, 0, 0, 3, 1, 0, 0, 0, 3, 1, 0, 2, 0, 0, 0, 1, 3, 0, 0, 0, 0, 1, 0, 0, 2, 1, 1, 1, 1, 0, 0, 0, 0, 2, 1, 0, 0, 0, 1, 3, 0, 0, 1, 0, 1, 0, 1, 2, 0, 0, 2, 1, 0, 2, 1, 1, 0, 3, 1, 3, 0, 0, 0, 2, 0, 0, 0, 0, 0, 1, 0, 0, 0, 1, 0, 0, 2, 1, 0, 1, 0, 0, 1, 1, 0, 0, 2],733.3116759547878,58140.55643565909,96674.14109675489,false
18,G4_BALANCED,G2_TEC,[31, 22, 82, 15, 26, 9, 95, 42, 77, 68, 47, 5, 93, 78, 86, 54, 85, 63, 18, 44, 20, 49, 36, 14, 74, 50, 53, 17, 21, 28, 71, 64, 3, 23, 30, 83, 24, 41, 40, 52, 65, 27, 90, 70, 39, 87, 48, 69, 99, 4, 46, 1, 13, 58, 97, 59, 45, 8, 73, 37, 35, 79, 11, 66, 76, 32, 60, 80, 96, 6, 16, 61, 33, 7, 57, 34, 12, 67, 10, 98, 56, 88, 29, 25, 91, 38, 19, 92, 62, 84, 51, 55, 81, 75, 2, 72, 0, 89, 94, 43]|[2, 1, 2, 1, 1, 2, 1, 1, 1, 1, 1, 0, 2, 2, 1, 2, 0, 0, 0, 2, 2, 1, 0, 2, 0, 2, 2, 1, 0, 1, 1, 1, 0, 0, 1, 0, 2, 1, 2, 2, 0, 0, 1, 1, 0, 2, 0, 2, 1, 0, 0, 2, 0, 0, 2, 0, 1, 1, 0, 0, 2, 1, 0, 2, 2, 0, 2, 2, 0, 1, 2, 1, 1, 2, 0, 1, 1, 1, 1, 2, 2, 1, 1, 0, 1, 0, 1, 0, 1, 0, 1, 0, 1, 1, 2, 1, 0, 1, 2, 1]|[0, 3, 0, 3, 4, 1, 4, 4, 2, 4, 3, 2, 1, 0, 2, 1, 1, 1, 2, 1, 1, 3, 0, 1, 0, 1, 1, 4, 1, 4, 3, 2, 2, 0, 4, 1, 1, 4, 0, 1, 2, 1, 4, 4, 1, 1, 0, 2, 3, 1, 2, 1, 2, 1, 1, 2, 4, 3, 0, 2, 2, 3, 1, 0, 1, 2, 0, 1, 2, 4, 1, 3, 4, 1, 2, 4, 3, 3, 3, 1, 1, 4, 3, 2, 3, 2, 4, 2, 3, 2, 3, 2, 4, 4, 1, 4, 2, 4, 1, 4]|[0, 2, 0, 0, 3, 0, 1, 3, 0, 0, 2, 0, 1, 0, 1, 0, 0, 0, 1, 0, 0, 2, 0, 0, 1, 0, 0, 3, 0, 1, 0, 2, 0, 0, 3, 0, 1, 3, 0, 0, 0, 0, 1, 3, 0, 0, 1, 0, 2, 0, 0, 0, 0, 0, 1, 0, 1, 0, 1, 1, 0, 2, 0, 0, 0, 0, 0, 0, 0, 2, 0, 0, 1, 0, 0, 1, 0, 0, 3, 0, 0, 1, 0, 0, 0, 0, 3, 0, 0, 0, 0, 0, 1, 3, 0, 2, 0, 1, 0, 2],887.9600220610597,50831.64968502044,113937.28220968234,true
18,G2_TEC,G2_TEC,[31, 22, 82, 15, 26, 9, 95, 42, 77, 68, 47, 5, 93, 78, 86, 54, 85, 63, 18, 44, 20, 49, 36, 14, 74, 50, 53, 25, 21, 28, 71, 64, 3, 23, 30, 83, 24, 41, 40, 52, 65, 27, 90, 70, 39, 87, 48, 69, 99, 4, 46, 1, 13, 58, 97, 59, 45, 8, 73, 37, 35, 79, 11, 66, 76, 32, 60, 80, 96, 6, 16, 61, 33, 7, 57, 34, 12, 67, 10, 98, 56, 88, 29, 75, 91, 38, 19, 92, 43, 84, 51, 72, 81, 17, 2, 55, 0, 62, 89, 94]|[2, 1, 2, 1, 1, 2, 1, 1, 1, 1, 1, 0, 2, 2, 1, 2, 0, 0, 0, 2, 2, 1, 0, 2, 0, 2, 2, 1, 0, 1, 1, 1, 0, 0, 1, 0, 2, 1, 2, 2, 0, 0, 1, 1, 0, 2, 0, 2, 1, 0, 0, 2, 0, 0, 2, 0, 1, 1, 0, 0, 2, 1, 0, 2, 2, 0, 2, 2, 0, 1, 2, 1, 1, 2, 0, 1, 1, 1, 1, 2, 2, 1, 1, 0, 1, 0, 1, 0, 1, 0, 1, 1, 1, 1, 2, 0, 0, 1, 1, 2]|[0, 3, 0, 3, 4, 1, 4, 4, 2, 4, 3, 2, 1, 0, 2, 1, 1, 1, 2, 1, 1, 3, 0, 1, 0, 1, 1, 4, 1, 4, 3, 2, 2, 0, 4, 1, 1, 4, 0, 1, 2, 1, 4, 4, 1, 1, 0, 2, 3, 1, 2, 1, 2, 1, 1, 2, 4, 3, 0, 2, 2, 3, 1, 0, 1, 2, 0, 1, 2, 4, 1, 3, 4, 1, 2, 4, 3, 3, 3, 1, 1, 4, 3, 2, 3, 2, 4, 2, 4, 2, 3, 4, 4, 4, 1, 2, 2, 3, 4, 1]|[0, 2, 0, 0, 3, 0, 1, 3, 0, 0, 2, 0, 1, 0, 1, 0, 0, 0, 1, 0, 0, 2, 0, 0, 1, 0, 0, 3, 0, 1, 0, 2, 0, 0, 3, 0, 1, 3, 0, 0, 0, 0, 1, 3, 0, 0, 1, 0, 2, 0, 0, 0, 0, 0, 1, 0, 1, 0, 1, 1, 0, 2, 0, 0, 0, 0, 0, 0, 0, 2, 0, 0, 1, 0, 0, 1, 0, 0, 3, 0, 0, 1, 0, 0, 0, 0, 3, 0, 2, 0, 0, 2, 1, 3, 0, 0, 0, 0, 1, 0],890.9074744783937,50765.917855663734,113588.58833646381,false
18,G3_TWC,G1_CMAX,[31, 22, 82, 15, 26, 9, 42, 95, 77, 12, 47, 5, 93, 78, 86, 54, 85, 63, 18, 44, 20, 35, 43, 97, 91, 76, 10, 30, 21, 45, 71, 64, 1, 23, 17, 83, 24, 14, 60, 36, 6, 57, 94, 88, 65, 56, 79, 40, 67, 68, 46, 75, 38, 58, 19, 32, 81, 41, 27, 62, 87, 90, 99, 59, 11, 16, 72, 73, 69, 39, 37, 84, 3, 92, 25, 55, 28, 29, 51, 7, 33, 61, 98, 66, 89, 50, 8, 96, 53, 80, 4, 48, 34, 2, 52, 13, 0, 70, 49, 74]|[1, 1, 0, 1, 1, 1, 2, 1, 2, 1, 2, 2, 2, 1, 1, 0, 0, 1, 0, 2, 2, 0, 1, 2, 0, 1, 2, 2, 0, 0, 1, 2, 1, 2, 1, 0, 2, 0, 1, 1, 0, 1, 1, 1, 0, 2, 1, 1, 0, 0, 0, 0, 1, 1, 2, 1, 2, 0, 0, 0, 2, 1, 0, 1, 2, 1, 2, 1, 1, 1, 1, 1, 1, 0, 1, 2, 0, 0, 0, 1, 2, 1, 0, 2, 1, 0, 1, 0, 0, 0, 0, 0, 2, 0, 1, 0, 0, 1, 0, 2]|[4, 3, 2, 2, 0, 0, 2, 2, 2, 4, 1, 1, 2, 4, 4, 1, 2, 4, 2, 1, 1, 1, 1, 2, 1, 2, 1, 1, 1, 1, 3, 2, 3, 0, 4, 0, 1, 1, 0, 3, 2, 2, 2, 0, 1, 1, 0, 4, 0, 1, 2, 2, 1, 4, 0, 3, 2, 1, 1, 2, 1, 3, 1, 1, 1, 3, 0, 4, 3, 1, 4, 1, 1, 0, 4, 1, 2, 1, 1, 3, 1, 3, 1, 1, 1, 1, 3, 1, 2, 1, 2, 1, 1, 2, 1, 2, 2, 3, 1, 1]|[0, 2, 1, 1, 3, 3, 0, 1, 0, 0, 0, 0, 1, 0, 1, 0, 0, 3, 1, 0, 0, 0, 3, 1, 0, 2, 0, 0, 0, 1, 0, 0, 0, 0, 3, 0, 1, 0, 0, 2, 1, 1, 1, 0, 0, 0, 0, 2, 1, 0, 0, 0, 1, 3, 0, 0, 1, 0, 0, 1, 0, 2, 0, 1, 0, 2, 1, 0, 0, 1, 1, 3, 1, 1, 3, 0, 1, 0, 0, 2, 0, 0, 0, 0, 1, 0, 2, 0, 1, 0, 1, 0, 0, 0, 1, 0, 0, 0, 1, 0],801.427594812029,57868.49349465401,91455.85780813712,true
18,G1_CMAX,G1_CMAX,[31, 22, 82, 15, 26, 9, 42, 77, 12, 5, 47, 93, 78, 86, 54, 6, 63, 18, 44, 20, 35, 43, 97, 91, 76, 10, 30, 21, 45, 17, 23, 1, 71, 83, 24, 14, 60, 36, 85, 57, 40, 95, 88, 65, 56, 79, 94, 67, 68, 46, 75, 38, 58, 19, 32, 81, 41, 62, 87, 28, 90, 59, 11, 16, 72, 73, 69, 52, 37, 64, 84, 3, 25, 29, 55, 51, 7, 98, 61, 66, 99, 33, 89, 48, 50, 96, 53, 80, 4, 8, 27, 2, 39, 13, 0, 92, 49, 74, 34, 70]|[1, 1, 0, 1, 1, 1, 2, 2, 1, 2, 2, 1, 1, 1, 0, 0, 1, 0, 2, 2, 0, 1, 2, 2, 1, 2, 2, 0, 0, 1, 2, 1, 1, 0, 2, 0, 1, 1, 0, 1, 1, 1, 1, 0, 2, 1, 1, 0, 0, 0, 0, 1, 1, 2, 1, 2, 0, 0, 2, 0, 1, 2, 2, 1, 2, 1, 1, 1, 1, 1, 1, 2, 1, 0, 2, 0, 1, 2, 1, 0, 0, 2, 1, 0, 0, 2, 0, 0, 1, 1, 0, 0, 1, 0, 0, 0, 0, 2, 2, 1]|[0, 3, 1, 2, 0, 0, 1, 1, 4, 1, 1, 4, 4, 4, 2, 2, 4, 2, 1, 1, 1, 1, 2, 1, 2, 1, 1, 1, 1, 4, 0, 3, 3, 0, 1, 1, 0, 3, 2, 2, 2, 2, 0, 1, 1, 0, 4, 0, 1, 2, 2, 1, 4, 0, 3, 2, 1, 2, 1, 2, 3, 1, 1, 3, 0, 4, 4, 1, 4, 3, 1, 2, 4, 1, 1, 1, 1, 1, 3, 1, 1, 1, 1, 1, 1, 1, 2, 1, 4, 3, 2, 2, 1, 2, 2, 0, 1, 1, 1, 4]|[1, 1, 1, 1, 3, 3, 0, 0, 0, 0, 0, 2, 0, 1, 0, 0, 3, 1, 0, 0, 0, 3, 1, 0, 2, 0, 0, 0, 1, 3, 0, 0, 0, 0, 1, 0, 0, 2, 1, 1, 1, 1, 0, 0, 0, 0, 2, 1, 0, 0, 0, 1, 3, 0, 0, 1, 0, 1, 0, 1, 2, 0, 0, 2, 1, 0, 2, 1, 1, 0, 3, 1, 3, 0, 0, 0, 2, 0, 0, 0, 0, 0, 1, 0, 0, 0, 1, 0, 0, 2, 1, 0, 1, 0, 0, 1, 1, 0, 0, 2],733.3116759547878,58140.55643565909,96674.14109675489,false
18,G4_BALANCED,G4_BALANCED,[31, 11, 82, 15, 26, 9, 95, 42, 77, 68, 47, 5, 93, 78, 86, 54, 85, 63, 18, 44, 20, 49, 36, 14, 74, 50, 53, 17, 21, 45, 71, 64, 3, 23, 30, 83, 24, 41, 60, 52, 65, 27, 90, 70, 39, 87, 48, 69, 99, 4, 46, 1, 13, 58, 97, 59, 28, 75, 73, 37, 35, 79, 22, 66, 76, 32, 40, 80, 96, 6, 61, 16, 33, 7, 57, 34, 12, 67, 10, 98, 56, 88, 29, 25, 91, 38, 19, 92, 43, 84, 51, 72, 81, 8, 2, 55, 0, 62, 89, 94]|[2, 1, 2, 1, 1, 2, 1, 1, 1, 1, 1, 0, 2, 2, 1, 2, 0, 0, 0, 2, 2, 1, 0, 2, 0, 2, 2, 1, 0, 1, 1, 1, 0, 0, 1, 0, 2, 1, 2, 2, 0, 0, 1, 1, 0, 2, 0, 2, 1, 0, 0, 2, 0, 0, 2, 0, 1, 1, 0, 0, 2, 1, 0, 2, 2, 0, 2, 2, 0, 1, 1, 2, 1, 2, 0, 1, 1, 1, 1, 2, 2, 1, 1, 1, 1, 0, 1, 0, 1, 0, 1, 1, 1, 0, 2, 0, 0, 1, 1, 2]|[0, 3, 0, 2, 4, 1, 4, 4, 2, 4, 3, 2, 1, 0, 2, 1, 1, 1, 2, 1, 1, 3, 0, 1, 0, 1, 1, 4, 1, 4, 3, 2, 2, 0, 4, 1, 1, 4, 0, 1, 2, 1, 4, 4, 1, 1, 0, 2, 3, 1, 2, 1, 2, 1, 1, 2, 4, 3, 0, 2, 2, 3, 1, 0, 1, 2, 0, 1, 2, 4, 3, 1, 4, 1, 2, 4, 3, 3, 3, 1, 1, 4, 3, 4, 3, 2, 4, 2, 4, 2, 3, 4, 1, 2, 1, 2, 2, 3, 4, 1]|[0, 2, 0, 1, 3, 0, 1, 3, 0, 0, 2, 0, 1, 0, 1, 0, 0, 0, 1, 0, 0, 2, 0, 0, 1, 0, 0, 3, 0, 1, 0, 2, 0, 1, 3, 0, 1, 3, 0, 0, 0, 0, 1, 3, 0, 0, 1, 0, 2, 0, 0, 0, 0, 0, 1, 0, 1, 0, 1, 1, 0, 2, 0, 0, 0, 0, 0, 0, 0, 2, 0, 0, 1, 0, 0, 1, 0, 0, 3, 0, 0, 1, 0, 3, 0, 0, 3, 0, 2, 0, 0, 2, 1, 0, 0, 0, 0, 0, 1, 0],855.0393744413956,51684.66824914086,111484.00316030454,false
18,G2_TEC,G2_TEC,[31, 22, 82, 15, 26, 9, 95, 42, 77, 68, 47, 5, 93, 78, 86, 54, 85, 63, 18, 44, 20, 49, 36, 14, 74, 50, 53, 25, 21, 28, 71, 64, 3, 23, 30, 83, 24, 41, 40, 52, 65, 27, 90, 70, 39, 87, 48, 69, 99, 4, 46, 1, 13, 58, 97, 59, 45, 8, 73, 37, 35, 79, 11, 66, 76, 32, 60, 80, 96, 6, 16, 61, 33, 7, 57, 34, 12, 67, 10, 98, 56, 88, 29, 75, 91, 38, 19, 92, 43, 84, 51, 72, 81, 17, 2, 55, 0, 62, 89, 94]|[2, 1, 2, 1, 1, 2, 1, 1, 1, 1, 1, 0, 2, 2, 1, 2, 0, 0, 0, 2, 2, 1, 0, 2, 0, 2, 2, 1, 0, 1, 1, 1, 0, 0, 1, 0, 2, 1, 2, 2, 0, 0, 1, 1, 0, 2, 0, 2, 1, 0, 0, 2, 0, 0, 2, 0, 1, 1, 0, 0, 2, 1, 0, 2, 2, 0, 2, 2, 0, 1, 2, 1, 1, 2, 0, 1, 1, 1, 1, 2, 2, 1, 1, 0, 1, 0, 1, 0, 1, 0, 1, 1, 1, 1, 2, 0, 0, 1, 1, 2]|[0, 3, 0, 3, 4, 1, 4, 4, 2, 4, 3, 2, 1, 0, 2, 1, 1, 1, 2, 1, 1, 3, 0, 1, 0, 1, 1, 4, 1, 4, 3, 2, 2, 0, 4, 1, 1, 4, 0, 1, 2, 1, 4, 4, 1, 1, 0, 2, 3, 1, 2, 1, 2, 1, 1, 2, 4, 3, 0, 2, 2, 3, 1, 0, 1, 2, 0, 1, 2, 4, 1, 3, 4, 1, 2, 4, 3, 3, 3, 1, 1, 4, 3, 2, 3, 2, 4, 2, 4, 2, 3, 4, 4, 4, 1, 2, 2, 3, 4, 1]|[0, 2, 0, 0, 3, 0, 1, 3, 0, 0, 2, 0, 1, 0, 1, 0, 0, 0, 1, 0, 0, 2, 0, 0, 1, 0, 0, 3, 0, 1, 0, 2, 0, 0, 3, 0, 1, 3, 0, 0, 0, 0, 1, 3, 0, 0, 1, 0, 2, 0, 0, 0, 0, 0, 1, 0, 1, 0, 1, 1, 0, 2, 0, 0, 0, 0, 0, 0, 0, 2, 0, 0, 1, 0, 0, 1, 0, 0, 3, 0, 0, 1, 0, 0, 0, 0, 3, 0, 2, 0, 0, 2, 1, 3, 0, 0, 0, 0, 1, 0],890.9074744783937,50765.917855663734,113588.58833646381,false
18,G3_TWC,G1_CMAX,[31, 22, 82, 15, 26, 9, 42, 95, 77, 12, 47, 5, 93, 78, 86, 54, 85, 63, 18, 44, 20, 35, 43, 97, 91, 76, 10, 30, 21, 45, 71, 64, 1, 23, 17, 83, 24, 14, 60, 36, 6, 57, 94, 88, 65, 56, 79, 40, 67, 68, 46, 75, 38, 58, 19, 32, 81, 41, 27, 62, 87, 90, 99, 59, 11, 16, 72, 73, 69, 39, 37, 84, 3, 92, 25, 55, 28, 29, 51, 7, 33, 61, 98, 66, 89, 50, 8, 96, 53, 80, 4, 48, 34, 2, 52, 13, 0, 70, 49, 74]|[1, 1, 0, 1, 1, 1, 2, 1, 2, 1, 2, 2, 2, 1, 1, 0, 0, 1, 0, 2, 2, 0, 1, 2, 0, 1, 2, 2, 0, 0, 1, 2, 1, 2, 1, 0, 2, 0, 1, 1, 0, 1, 1, 1, 0, 2, 1, 1, 0, 0, 0, 0, 1, 1, 2, 1, 2, 0, 0, 0, 2, 1, 0, 1, 2, 1, 2, 1, 1, 1, 1, 1, 1, 0, 1, 2, 0, 0, 0, 1, 2, 1, 0, 2, 1, 0, 1, 0, 0, 0, 0, 0, 2, 0, 1, 0, 0, 1, 0, 2]|[4, 3, 2, 2, 0, 0, 2, 2, 2, 4, 1, 1, 2, 4, 4, 1, 2, 4, 2, 1, 1, 1, 1, 2, 1, 2, 1, 1, 1, 1, 3, 2, 3, 0, 4, 0, 1, 1, 0, 3, 2, 2, 2, 0, 1, 1, 0, 4, 0, 1, 2, 2, 1, 4, 0, 3, 2, 1, 1, 2, 1, 3, 1, 1, 1, 3, 0, 4, 3, 1, 4, 1, 1, 0, 4, 1, 2, 1, 1, 3, 1, 3, 1, 1, 1, 1, 3, 1, 2, 1, 2, 1, 1, 2, 1, 2, 2, 3, 1, 1]|[0, 2, 1, 1, 3, 3, 0, 1, 0, 0, 0, 0, 1, 0, 1, 0, 0, 3, 1, 0, 0, 0, 3, 1, 0, 2, 0, 0, 0, 1, 0, 0, 0, 0, 3, 0, 1, 0, 0, 2, 1, 1, 1, 0, 0, 0, 0, 2, 1, 0, 0, 0, 1, 3, 0, 0, 1, 0, 0, 1, 0, 2, 0, 1, 0, 2, 1, 0, 0, 1, 1, 3, 1, 1, 3, 0, 1, 0, 0, 2, 0, 0, 0, 0, 1, 0, 2, 0, 1, 0, 1, 0, 0, 0, 1, 0, 0, 0, 1, 0],801.427594812029,57868.49349465401,91455.85780813712,true
18,G1_CMAX,G1_CMAX,[31, 22, 82, 15, 26, 9, 42, 77, 12, 5, 47, 93, 78, 86, 54, 6, 63, 18, 44, 20, 35, 43, 97, 91, 76, 10, 30, 21, 45, 17, 23, 1, 71, 83, 24, 14, 60, 36, 85, 57, 40, 95, 88, 65, 56, 79, 94, 67, 68, 46, 75, 38, 58, 19, 32, 81, 41, 62, 87, 28, 90, 59, 11, 16, 72, 73, 69, 52, 37, 64, 84, 3, 25, 29, 55, 51, 7, 98, 61, 66, 99, 33, 89, 48, 50, 96, 53, 80, 4, 8, 27, 2, 39, 13, 0, 92, 49, 74, 34, 70]|[1, 1, 0, 1, 1, 1, 2, 2, 1, 2, 2, 1, 1, 1, 0, 0, 1, 0, 2, 2, 0, 1, 2, 2, 1, 2, 2, 0, 0, 1, 2, 1, 1, 0, 2, 0, 1, 1, 0, 1, 1, 1, 1, 0, 2, 1, 1, 0, 0, 0, 0, 1, 1, 2, 1, 2, 0, 0, 2, 0, 1, 2, 2, 1, 2, 1, 1, 1, 1, 1, 1, 2, 1, 0, 2, 0, 1, 2, 1, 0, 0, 2, 1, 0, 0, 2, 0, 0, 1, 1, 0, 0, 1, 0, 0, 0, 0, 2, 2, 1]|[0, 3, 1, 2, 0, 0, 1, 1, 4, 1, 1, 4, 4, 4, 2, 2, 4, 2, 1, 1, 1, 1, 2, 1, 2, 1, 1, 1, 1, 4, 0, 3, 3, 0, 1, 1, 0, 3, 2, 2, 2, 2, 0, 1, 1, 0, 4, 0, 1, 2, 2, 1, 4, 0, 3, 2, 1, 2, 1, 2, 3, 1, 1, 3, 0, 4, 4, 1, 4, 3, 1, 2, 4, 1, 1, 1, 1, 1, 3, 1, 1, 1, 1, 1, 1, 1, 2, 1, 4, 3, 2, 2, 1, 2, 2, 0, 1, 1, 1, 4]|[1, 1, 1, 1, 3, 3, 0, 0, 0, 0, 0, 2, 0, 1, 0, 0, 3, 1, 0, 0, 0, 3, 1, 0, 2, 0, 0, 0, 1, 3, 0, 0, 0, 0, 1, 0, 0, 2, 1, 1, 1, 1, 0, 0, 0, 0, 2, 1, 0, 0, 0, 1, 3, 0, 0, 1, 0, 1, 0, 1, 2, 0, 0, 2, 1, 0, 2, 1, 1, 0, 3, 1, 3, 0, 0, 0, 2, 0, 0, 0, 0, 0, 1, 0, 0, 0, 1, 0, 0, 2, 1, 0, 1, 0, 0, 1, 1, 0, 0, 2],733.3116759547878,58140.55643565909,96674.14109675489,false
18,G4_BALANCED,G3_TWC,[31, 22, 82, 15, 26, 9, 42, 95, 77, 12, 47, 5, 93, 78, 86, 54, 85, 63, 18, 44, 20, 35, 43, 97, 91, 76, 10, 30, 21, 45, 71, 64, 1, 23, 17, 83, 24, 14, 60, 36, 6, 57, 94, 88, 65, 56, 79, 40, 67, 68, 46, 75, 38, 58, 19, 32, 81, 48, 27, 62, 87, 90, 99, 59, 11, 16, 72, 73, 70, 39, 37, 84, 3, 92, 25, 55, 28, 29, 51, 7, 33, 61, 98, 66, 89, 50, 8, 80, 53, 96, 4, 41, 34, 2, 52, 13, 0, 69, 49, 74]|[1, 1, 0, 1, 1, 1, 2, 1, 2, 1, 2, 2, 2, 1, 1, 0, 0, 1, 0, 2, 2, 0, 1, 2, 0, 1, 2, 2, 0, 0, 1, 2, 1, 2, 1, 0, 2, 0, 1, 1, 0, 1, 1, 1, 0, 2, 1, 1, 0, 0, 0, 0, 1, 1, 2, 1, 2, 0, 0, 0, 2, 1, 0, 1, 2, 1, 2, 1, 1, 1, 1, 1, 1, 0, 1, 1, 0, 0, 0, 1, 2, 1, 0, 2, 1, 0, 1, 0, 0, 0, 0, 0, 2, 0, 1, 0, 0, 1, 0, 2]|[4, 3, 2, 2, 0, 0, 2, 2, 2, 4, 1, 1, 2, 4, 4, 1, 2, 4, 2, 1, 1, 1, 1, 2, 1, 2, 1, 1, 1, 1, 3, 2, 3, 0, 4, 0, 1, 1, 0, 3, 2, 2, 4, 0, 1, 1, 0, 2, 0, 1, 2, 2, 1, 4, 0, 3, 2, 1, 1, 2, 1, 3, 1, 1, 1, 3, 0, 4, 3, 1, 4, 1, 1, 0, 4, 4, 2, 1, 1, 3, 1, 3, 1, 1, 1, 1, 3, 1, 2, 1, 2, 1, 1, 2, 1, 2, 2, 4, 1, 1]|[0, 2, 1, 1, 3, 3, 0, 1, 0, 0, 0, 0, 1, 0, 1, 0, 0, 3, 1, 0, 0, 0, 3, 1, 0, 2, 0, 0, 0, 1, 0, 0, 0, 0, 3, 0, 1, 0, 0, 2, 1, 1, 2, 0, 0, 0, 0, 1, 1, 0, 0, 0, 1, 3, 0, 0, 1, 0, 0, 1, 0, 2, 0, 1, 0, 2, 1, 0, 0, 1, 1, 3, 1, 1, 3, 3, 1, 0, 0, 2, 0, 0, 0, 0, 1, 0, 2, 0, 1, 0, 1, 0, 0, 0, 1, 0, 0, 2, 1, 0],816.4899176390397,58049.21584356698,91006.96733133896,true
18,G2_TEC,G2_TEC,[31, 22, 82, 15, 26, 9, 95, 42, 77, 68, 47, 5, 93, 78, 86, 54, 85, 63, 18, 44, 20, 49, 36, 14, 74, 50, 53, 25, 21, 28, 71, 64, 3, 23, 30, 83, 24, 41, 40, 52, 65, 27, 90, 70, 39, 87, 48, 69, 99, 4, 46, 1, 13, 58, 97, 59, 45, 8, 73, 37, 35, 79, 11, 66, 76, 32, 60, 80, 96, 6, 16, 61, 33, 7, 57, 34, 12, 67, 10, 98, 56, 88, 29, 75, 91, 38, 19, 92, 43, 84, 51, 72, 81, 17, 2, 55, 0, 62, 89, 94]|[2, 1, 2, 1, 1, 2, 1, 1, 1, 1, 1, 0, 2, 2, 1, 2, 0, 0, 0, 2, 2, 1, 0, 2, 0, 2, 2, 1, 0, 1, 1, 1, 0, 0, 1, 0, 2, 1, 2, 2, 0, 0, 1, 1, 0, 2, 0, 2, 1, 0, 0, 2, 0, 0, 2, 0, 1, 1, 0, 0, 2, 1, 0, 2, 2, 0, 2, 2, 0, 1, 2, 1, 1, 2, 0, 1, 1, 1, 1, 2, 2, 1, 1, 0, 1, 0, 1, 0, 1, 0, 1, 1, 1, 1, 2, 0, 0, 1, 1, 2]|[0, 3, 0, 3, 4, 1, 4, 4, 2, 4, 3, 2, 1, 0, 2, 1, 1, 1, 2, 1, 1, 3, 0, 1, 0, 1, 1, 4, 1, 4, 3, 2, 2, 0, 4, 1, 1, 4, 0, 1, 2, 1, 4, 4, 1, 1, 0, 2, 3, 1, 2, 1, 2, 1, 1, 2, 4, 3, 0, 2, 2, 3, 1, 0, 1, 2, 0, 1, 2, 4, 1, 3, 4, 1, 2, 4, 3, 3, 3, 1, 1, 4, 3, 2, 3, 2, 4, 2, 4, 2, 3, 4, 4, 4, 1, 2, 2, 3, 4, 1]|[0, 2, 0, 0, 3, 0, 1, 3, 0, 0, 2, 0, 1, 0, 1, 0, 0, 0, 1, 0, 0, 2, 0, 0, 1, 0, 0, 3, 0, 1, 0, 2, 0, 0, 3, 0, 1, 3, 0, 0, 0, 0, 1, 3, 0, 0, 1, 0, 2, 0, 0, 0, 0, 0, 1, 0, 1, 0, 1, 1, 0, 2, 0, 0, 0, 0, 0, 0, 0, 2, 0, 0, 1, 0, 0, 1, 0, 0, 3, 0, 0, 1, 0, 0, 0, 0, 3, 0, 2, 0, 0, 2, 1, 3, 0, 0, 0, 0, 1, 0],890.9074744783937,50765.917855663734,113588.58833646381,false
18,G3_TWC,G1_CMAX,[31, 22, 82, 15, 26, 9, 42, 95, 77, 12, 47, 5, 93, 78, 86, 54, 85, 63, 18, 44, 20, 35, 43, 97, 91, 76, 10, 30, 21, 45, 71, 64, 1, 23, 17, 83, 24, 14, 60, 36, 6, 57, 94, 88, 65, 56, 79, 40, 67, 68, 46, 75, 38, 58, 19, 32, 81, 41, 27, 62, 87, 90, 99, 59, 11, 16, 72, 73, 69, 39, 37, 84, 3, 92, 25, 55, 28, 29, 51, 7, 33, 61, 98, 66, 89, 50, 8, 96, 53, 80, 4, 48, 34, 2, 52, 13, 0, 70, 49, 74]|[1, 1, 0, 1, 1, 1, 2, 1, 2, 1, 2, 2, 2, 1, 1, 0, 0, 1, 0, 2, 2, 0, 1, 2, 0, 1, 2, 2, 0, 0, 1, 2, 1, 2, 1, 0, 2, 0, 1, 1, 0, 1, 1, 1, 0, 2, 1, 1, 0, 0, 0, 0, 1, 1, 2, 1, 2, 0, 0, 0, 2, 1, 0, 1, 2, 1, 2, 1, 1, 1, 1, 1, 1, 0, 1, 2, 0, 0, 0, 1, 2, 1, 0, 2, 1, 0, 1, 0, 0, 0, 0, 0, 2, 0, 1, 0, 0, 1, 0, 2]|[4, 3, 2, 2, 0, 0, 2, 2, 2, 4, 1, 1, 2, 4, 4, 1, 2, 4, 2, 1, 1, 1, 1, 2, 1, 2, 1, 1, 1, 1, 3, 2, 3, 0, 4, 0, 1, 1, 0, 3, 2, 2, 2, 0, 1, 1, 0, 4, 0, 1, 2, 2, 1, 4, 0, 3, 2, 1, 1, 2, 1, 3, 1, 1, 1, 3, 0, 4, 3, 1, 4, 1, 1, 0, 4, 1, 2, 1, 1, 3, 1, 3, 1, 1, 1, 1, 3, 1, 2, 1, 2, 1, 1, 2, 1, 2, 2, 3, 1, 1]|[0, 2, 1, 1, 3, 3, 0, 1, 0, 0, 0, 0, 1, 0, 1, 0, 0, 3, 1, 0, 0, 0, 3, 1, 0, 2, 0, 0, 0, 1, 0, 0, 0, 0, 3, 0, 1, 0, 0, 2, 1, 1, 1, 0, 0, 0, 0, 2, 1, 0, 0, 0, 1, 3, 0, 0, 1, 0, 0, 1, 0, 2, 0, 1, 0, 2, 1, 0, 0, 1, 1, 3, 1, 1, 3, 0, 1, 0, 0, 2, 0, 0, 0, 0, 1, 0, 2, 0, 1, 0, 1, 0, 0, 0, 1, 0, 0, 0, 1, 0],801.427594812029,57868.49349465401,91455.85780813712,true
18,G1_CMAX,G1_CMAX,[31, 22, 82, 15, 26, 9, 42, 77, 12, 5, 47, 93, 78, 86, 54, 6, 63, 18, 44, 20, 35, 43, 97, 91, 76, 10, 30, 21, 45, 17, 23, 1, 71, 83, 24, 14, 60, 36, 85, 57, 40, 95, 88, 65, 56, 79, 94, 67, 68, 46, 75, 38, 58, 19, 32, 81, 41, 62, 87, 28, 90, 59, 11, 16, 72, 73, 69, 52, 37, 64, 84, 3, 25, 29, 55, 51, 7, 98, 61, 66, 99, 33, 89, 48, 50, 96, 53, 80, 4, 8, 27, 2, 39, 13, 0, 92, 49, 74, 34, 70]|[1, 1, 0, 1, 1, 1, 2, 2, 1, 2, 2, 1, 1, 1, 0, 0, 1, 0, 2, 2, 0, 1, 2, 2, 1, 2, 2, 0, 0, 1, 2, 1, 1, 0, 2, 0, 1, 1, 0, 1, 1, 1, 1, 0, 2, 1, 1, 0, 0, 0, 0, 1, 1, 2, 1, 2, 0, 0, 2, 0, 1, 2, 2, 1, 2, 1, 1, 1, 1, 1, 1, 2, 1, 0, 2, 0, 1, 2, 1, 0, 0, 2, 1, 0, 0, 2, 0, 0, 1, 1, 0, 0, 1, 0, 0, 0, 0, 2, 2, 1]|[0, 3, 1, 2, 0, 0, 1, 1, 4, 1, 1, 4, 4, 4, 2, 2, 4, 2, 1, 1, 1, 1, 2, 1, 2, 1, 1, 1, 1, 4, 0, 3, 3, 0, 1, 1, 0, 3, 2, 2, 2, 2, 0, 1, 1, 0, 4, 0, 1, 2, 2, 1, 4, 0, 3, 2, 1, 2, 1, 2, 3, 1, 1, 3, 0, 4, 4, 1, 4, 3, 1, 2, 4, 1, 1, 1, 1, 1, 3, 1, 1, 1, 1, 1, 1, 1, 2, 1, 4, 3, 2, 2, 1, 2, 2, 0, 1, 1, 1, 4]|[1, 1, 1, 1, 3, 3, 0, 0, 0, 0, 0, 2, 0, 1, 0, 0, 3, 1, 0, 0, 0, 3, 1, 0, 2, 0, 0, 0, 1, 3, 0, 0, 0, 0, 1, 0, 0, 2, 1, 1, 1, 1, 0, 0, 0, 0, 2, 1, 0, 0, 0, 1, 3, 0, 0, 1, 0, 1, 0, 1, 2, 0, 0, 2, 1, 0, 2, 1, 1, 0, 3, 1, 3, 0, 0, 0, 2, 0, 0, 0, 0, 0, 1, 0, 0, 0, 1, 0, 0, 2, 1, 0, 1, 0, 0, 1, 1, 0, 0, 2],733.3116759547878,58140.55643565909,96674.14109675489,false
18,G4_BALANCED,G2_TEC,[31, 22, 82, 15, 26, 9, 95, 42, 77, 68, 47, 5, 93, 78, 86, 54, 85, 63, 18, 44, 20, 49, 36, 14, 74, 50, 53, 17, 21, 28, 71, 64, 3, 23, 30, 83, 24, 41, 40, 52, 73, 27, 90, 70, 39, 87, 48, 69, 99, 4, 46, 1, 13, 58, 97, 59, 45, 8, 65, 37, 35, 79, 11, 66, 76, 32, 60, 80, 96, 6, 16, 61, 33, 7, 57, 34, 12, 67, 10, 98, 56, 88, 29, 25, 91, 38, 19, 92, 43, 84, 51, 75, 81, 72, 2, 55, 0, 94, 89, 62]|[2, 1, 2, 1, 1, 2, 1, 1, 1, 1, 1, 0, 2, 2, 1, 2, 0, 0, 0, 2, 2, 1, 0, 2, 0, 2, 2, 1, 0, 1, 1, 1, 0, 0, 1, 0, 2, 1, 2, 2, 0, 0, 1, 1, 0, 2, 0, 2, 1, 0, 0, 2, 0, 0, 2, 0, 1, 1, 0, 0, 2, 1, 0, 2, 2, 0, 2, 2, 0, 1, 2, 1, 1, 2, 0, 1, 1, 1, 1, 2, 2, 1, 1, 1, 1, 0, 1, 0, 1, 0, 1, 0, 1, 1, 2, 0, 0, 2, 1, 1]|[0, 3, 0, 3, 4, 1, 4, 4, 2, 4, 3, 2, 1, 0, 2, 1, 1, 1, 2, 1, 1, 3, 0, 1, 0, 1, 1, 4, 1, 4, 3, 2, 2, 0, 4, 1, 1, 4, 0, 1, 0, 1, 4, 4, 1, 1, 0, 2, 3, 1, 2, 1, 2, 1, 1, 2, 4, 3, 2, 2, 2, 3, 1, 0, 1, 2, 0, 1, 2, 4, 1, 3, 4, 1, 2, 4, 3, 3, 3, 1, 1, 4, 3, 4, 3, 2, 4, 2, 4, 2, 3, 2, 1, 4, 1, 2, 2, 1, 4, 3]|[0, 2, 0, 0, 3, 0, 1, 3, 0, 0, 2, 0, 1, 0, 1, 0, 0, 0, 1, 0, 0, 2, 0, 0, 1, 0, 0, 3, 0, 1, 0, 2, 0, 0, 3, 0, 1, 3, 0, 0, 1, 0, 1, 3, 0, 0, 1, 0, 2, 0, 0, 0, 0, 0, 1, 0, 1, 0, 0, 1, 0, 2, 0, 0, 0, 0, 0, 0, 0, 2, 0, 0, 1, 0, 0, 1, 0, 0, 3, 0, 0, 1, 0, 3, 0, 0, 3, 0, 2, 0, 0, 0, 1, 2, 0, 0, 0, 0, 1, 0],888.3174633095243,50929.522871172754,113271.76671026438,true
18,G2_TEC,G2_TEC,[31, 22, 82, 15, 26, 9, 95, 42, 77, 68, 47, 5, 93, 78, 86, 54, 85, 63, 18, 44, 20, 49, 36, 14, 74, 50, 53, 25, 21, 28, 71, 64, 3, 23, 30, 83, 24, 41, 40, 52, 65, 27, 90, 70, 39, 87, 48, 69, 99, 4, 46, 1, 13, 58, 97, 59, 45, 8, 73, 37, 35, 79, 11, 66, 76, 32, 60, 80, 96, 6, 16, 61, 33, 7, 57, 34, 12, 67, 10, 98, 56, 88, 29, 75, 91, 38, 19, 92, 43, 84, 51, 72, 81, 17, 2, 55, 0, 62, 89, 94]|[2, 1, 2, 1, 1, 2, 1, 1, 1, 1, 1, 0, 2, 2, 1, 2, 0, 0, 0, 2, 2, 1, 0, 2, 0, 2, 2, 1, 0, 1, 1, 1, 0, 0, 1, 0, 2, 1, 2, 2, 0, 0, 1, 1, 0, 2, 0, 2, 1, 0, 0, 2, 0, 0, 2, 0, 1, 1, 0, 0, 2, 1, 0, 2, 2, 0, 2, 2, 0, 1, 2, 1, 1, 2, 0, 1, 1, 1, 1, 2, 2, 1, 1, 0, 1, 0, 1, 0, 1, 0, 1, 1, 1, 1, 2, 0, 0, 1, 1, 2]|[0, 3, 0, 3, 4, 1, 4, 4, 2, 4, 3, 2, 1, 0, 2, 1, 1, 1, 2, 1, 1, 3, 0, 1, 0, 1, 1, 4, 1, 4, 3, 2, 2, 0, 4, 1, 1, 4, 0, 1, 2, 1, 4, 4, 1, 1, 0, 2, 3, 1, 2, 1, 2, 1, 1, 2, 4, 3, 0, 2, 2, 3, 1, 0, 1, 2, 0, 1, 2, 4, 1, 3, 4, 1, 2, 4, 3, 3, 3, 1, 1, 4, 3, 2, 3, 2, 4, 2, 4, 2, 3, 4, 4, 4, 1, 2, 2, 3, 4, 1]|[0, 2, 0, 0, 3, 0, 1, 3, 0, 0, 2, 0, 1, 0, 1, 0, 0, 0, 1, 0, 0, 2, 0, 0, 1, 0, 0, 3, 0, 1, 0, 2, 0, 0, 3, 0, 1, 3, 0, 0, 0, 0, 1, 3, 0, 0, 1, 0, 2, 0, 0, 0, 0, 0, 1, 0, 1, 0, 1, 1, 0, 2, 0, 0, 0, 0, 0, 0, 0, 2, 0, 0, 1, 0, 0, 1, 0, 0, 3, 0, 0, 1, 0, 0, 0, 0, 3, 0, 2, 0, 0, 2, 1, 3, 0, 0, 0, 0, 1, 0],890.9074744783937,50765.917855663734,113588.58833646381,false
18,G3_TWC,G1_CMAX,[31, 22, 82, 15, 26, 9, 42, 95, 77, 12, 47, 5, 93, 78, 86, 54, 85, 63, 18, 44, 20, 35, 43, 97, 91, 76, 10, 30, 21, 45, 71, 64, 1, 23, 17, 83, 24, 14, 60, 36, 6, 57, 94, 88, 65, 56, 79, 40, 67, 68, 46, 75, 38, 58, 19, 32, 81, 41, 27, 62, 87, 90, 99, 59, 11, 16, 72, 73, 69, 39, 37, 84, 3, 92, 25, 55, 28, 29, 51, 7, 33, 61, 98, 66, 89, 50, 8, 96, 53, 80, 4, 48, 34, 2, 52, 13, 0, 70, 49, 74]|[1, 1, 0, 1, 1, 1, 2, 1, 2, 1, 2, 2, 2, 1, 1, 0, 0, 1, 0, 2, 2, 0, 1, 2, 0, 1, 2, 2, 0, 0, 1, 2, 1, 2, 1, 0, 2, 0, 1, 1, 0, 1, 1, 1, 0, 2, 1, 1, 0, 0, 0, 0, 1, 1, 2, 1, 2, 0, 0, 0, 2, 1, 0, 1, 2, 1, 2, 1, 1, 1, 1, 1, 1, 0, 1, 2, 0, 0, 0, 1, 2, 1, 0, 2, 1, 0, 1, 0, 0, 0, 0, 0, 2, 0, 1, 0, 0, 1, 0, 2]|[4, 3, 2, 2, 0, 0, 2, 2, 2, 4, 1, 1, 2, 4, 4, 1, 2, 4, 2, 1, 1, 1, 1, 2, 1, 2, 1, 1, 1, 1, 3, 2, 3, 0, 4, 0, 1, 1, 0, 3, 2, 2, 2, 0, 1, 1, 0, 4, 0, 1, 2, 2, 1, 4, 0, 3, 2, 1, 1, 2, 1, 3, 1, 1, 1, 3, 0, 4, 3, 1, 4, 1, 1, 0, 4, 1, 2, 1, 1, 3, 1, 3, 1, 1, 1, 1, 3, 1, 2, 1, 2, 1, 1, 2, 1, 2, 2, 3, 1, 1]|[0, 2, 1, 1, 3, 3, 0, 1, 0, 0, 0, 0, 1, 0, 1, 0, 0, 3, 1, 0, 0, 0, 3, 1, 0, 2, 0, 0, 0, 1, 0, 0, 0, 0, 3, 0, 1, 0, 0, 2, 1, 1, 1, 0, 0, 0, 0, 2, 1, 0, 0, 0, 1, 3, 0, 0, 1, 0, 0, 1, 0, 2, 0, 1, 0, 2, 1, 0, 0, 1, 1, 3, 1, 1, 3, 0, 1, 0, 0, 2, 0, 0, 0, 0, 1, 0, 2, 0, 1, 0, 1, 0, 0, 0, 1, 0, 0, 0, 1, 0],801.427594812029,57868.49349465401,91455.85780813712,true
18,G1_CMAX,G1_CMAX,[31, 22, 82, 15, 26, 9, 42, 77, 12, 5, 47, 93, 78, 86, 54, 6, 63, 18, 44, 20, 35, 43, 97, 91, 76, 10, 30, 21, 45, 17, 23, 1, 71, 83, 24, 14, 60, 36, 85, 57, 40, 95, 88, 65, 56, 79, 94, 67, 68, 46, 75, 38, 58, 19, 32, 81, 41, 62, 87, 28, 90, 59, 11, 16, 72, 73, 69, 52, 37, 64, 84, 3, 25, 29, 55, 51, 7, 98, 61, 66, 99, 33, 89, 48, 50, 96, 53, 80, 4, 8, 27, 2, 39, 13, 0, 92, 49, 74, 34, 70]|[1, 1, 0, 1, 1, 1, 2, 2, 1, 2, 2, 1, 1, 1, 0, 0, 1, 0, 2, 2, 0, 1, 2, 2, 1, 2, 2, 0, 0, 1, 2, 1, 1, 0, 2, 0, 1, 1, 0, 1, 1, 1, 1, 0, 2, 1, 1, 0, 0, 0, 0, 1, 1, 2, 1, 2, 0, 0, 2, 0, 1, 2, 2, 1, 2, 1, 1, 1, 1, 1, 1, 2, 1, 0, 2, 0, 1, 2, 1, 0, 0, 2, 1, 0, 0, 2, 0, 0, 1, 1, 0, 0, 1, 0, 0, 0, 0, 2, 2, 1]|[0, 3, 1, 2, 0, 0, 1, 1, 4, 1, 1, 4, 4, 4, 2, 2, 4, 2, 1, 1, 1, 1, 2, 1, 2, 1, 1, 1, 1, 4, 0, 3, 3, 0, 1, 1, 0, 3, 2, 2, 2, 2, 0, 1, 1, 0, 4, 0, 1, 2, 2, 1, 4, 0, 3, 2, 1, 2, 1, 2, 3, 1, 1, 3, 0, 4, 4, 1, 4, 3, 1, 2, 4, 1, 1, 1, 1, 1, 3, 1, 1, 1, 1, 1, 1, 1, 2, 1, 4, 3, 2, 2, 1, 2, 2, 0, 1, 1, 1, 4]|[1, 1, 1, 1, 3, 3, 0, 0, 0, 0, 0, 2, 0, 1, 0, 0, 3, 1, 0, 0, 0, 3, 1, 0, 2, 0, 0, 0, 1, 3, 0, 0, 0, 0, 1, 0, 0, 2, 1, 1, 1, 1, 0, 0, 0, 0, 2, 1, 0, 0, 0, 1, 3, 0, 0, 1, 0, 1, 0, 1, 2, 0, 0, 2, 1, 0, 2, 1, 1, 0, 3, 1, 3, 0, 0, 0, 2, 0, 0, 0, 0, 0, 1, 0, 0, 0, 1, 0, 0, 2, 1, 0, 1, 0, 0, 1, 1, 0, 0, 2],733.3116759547878,58140.55643565909,96674.14109675489,false
18,G4_BALANCED,G4_BALANCED,[31, 11, 82, 15, 26, 9, 95, 42, 77, 68, 47, 5, 93, 78, 86, 54, 85, 63, 76, 44, 20, 49, 36, 14, 74, 50, 53, 17, 21, 45, 71, 64, 3, 23, 30, 83, 24, 41, 60, 52, 65, 27, 90, 70, 39, 87, 48, 69, 99, 4, 46, 1, 13, 58, 97, 59, 33, 8, 73, 37, 35, 79, 22, 66, 18, 32, 40, 80, 96, 6, 16, 61, 28, 7, 57, 34, 12, 67, 10, 98, 56, 88, 29, 75, 91, 38, 19, 92, 43, 84, 51, 72, 81, 25, 2, 55, 0, 89, 94, 62]|[2, 1, 2, 1, 1, 2, 1, 1, 1, 1, 1, 0, 2, 2, 1, 2, 0, 0, 0, 2, 2, 1, 0, 2, 0, 2, 2, 1, 0, 1, 1, 1, 0, 0, 1, 0, 2, 1, 2, 2, 0, 0, 1, 1, 0, 2, 0, 2, 1, 0, 0, 2, 0, 0, 2, 0, 1, 1, 0, 0, 2, 1, 0, 2, 2, 0, 2, 2, 0, 1, 2, 1, 1, 2, 0, 1, 1, 1, 1, 2, 2, 1, 1, 0, 1, 0, 1, 0, 1, 0, 1, 1, 1, 1, 2, 0, 0, 1, 2, 1]|[0, 3, 0, 2, 4, 1, 4, 4, 2, 4, 3, 2, 1, 0, 2, 1, 1, 1, 2, 1, 1, 3, 0, 1, 0, 1, 1, 4, 1, 4, 3, 2, 2, 0, 4, 1, 1, 4, 0, 1, 2, 1, 4, 4, 1, 1, 0, 2, 3, 1, 2, 1, 2, 1, 1, 2, 4, 3, 0, 2, 2, 3, 1, 0, 1, 2, 0, 1, 2, 4, 1, 3, 4, 1, 2, 4, 3, 3, 3, 1, 1, 4, 3, 2, 3, 2, 4, 2, 4, 2, 3, 4, 1, 4, 1, 2, 2, 4, 1, 3]|[0, 2, 0, 1, 3, 0, 1, 3, 0, 0, 2, 0, 1, 0, 1, 0, 0, 0, 1, 0, 0, 2, 0, 0, 1, 0, 0, 3, 0, 1, 0, 2, 0, 1, 3, 0, 1, 3, 1, 0, 0, 0, 1, 3, 0, 0, 1, 0, 2, 0, 0, 0, 0, 0, 1, 0, 1, 0, 1, 1, 0, 2, 0, 0, 0, 0, 0, 0, 0, 2, 0, 0, 1, 0, 0, 1, 0, 0, 3, 0, 0, 1, 0, 0, 0, 0, 3, 0, 2, 0, 0, 2, 1, 3, 0, 0, 0, 1, 0, 0],848.1161249092097,52055.62148663302,107486.15031723442,false
18,G2_TEC,G2_TEC,[31, 22, 82, 15, 26, 9, 95, 42, 77, 68, 47, 5, 93, 78, 86, 54, 85, 63, 18, 44, 20, 49, 36, 14, 74, 50, 53, 25, 21, 28, 71, 64, 3, 23, 30, 83, 24, 41, 40, 52, 65, 27, 90, 70, 39, 87, 48, 69, 99, 4, 46, 1, 13, 58, 97, 59, 45, 8, 73, 37, 35, 79, 11, 66, 76, 32, 60, 80, 96, 6, 16, 61, 33, 7, 57, 34, 12, 67, 10, 98, 56, 88, 29, 75, 91, 38, 19, 92, 43, 84, 51, 72, 81, 17, 2, 55, 0, 62, 89, 94]|[2, 1, 2, 1, 1, 2, 1, 1, 1, 1, 1, 0, 2, 2, 1, 2, 0, 0, 0, 2, 2, 1, 0, 2, 0, 2, 2, 1, 0, 1, 1, 1, 0, 0, 1, 0, 2, 1, 2, 2, 0, 0, 1, 1, 0, 2, 0, 2, 1, 0, 0, 2, 0, 0, 2, 0, 1, 1, 0, 0, 2, 1, 0, 2, 2, 0, 2, 2, 0, 1, 2, 1, 1, 2, 0, 1, 1, 1, 1, 2, 2, 1, 1, 0, 1, 0, 1, 0, 1, 0, 1, 1, 1, 1, 2, 0, 0, 1, 1, 2]|[0, 3, 0, 3, 4, 1, 4, 4, 2, 4, 3, 2, 1, 0, 2, 1, 1, 1, 2, 1, 1, 3, 0, 1, 0, 1, 1, 4, 1, 4, 3, 2, 2, 0, 4, 1, 1, 4, 0, 1, 2, 1, 4, 4, 1, 1, 0, 2, 3, 1, 2, 1, 2, 1, 1, 2, 4, 3, 0, 2, 2, 3, 1, 0, 1, 2, 0, 1, 2, 4, 1, 3, 4, 1, 2, 4, 3, 3, 3, 1, 1, 4, 3, 2, 3, 2, 4, 2, 4, 2, 3, 4, 4, 4, 1, 2, 2, 3, 4, 1]|[0, 2, 0, 0, 3, 0, 1, 3, 0, 0, 2, 0, 1, 0, 1, 0, 0, 0, 1, 0, 0, 2, 0, 0, 1, 0, 0, 3, 0, 1, 0, 2, 0, 0, 3, 0, 1, 3, 0, 0, 0, 0, 1, 3, 0, 0, 1, 0, 2, 0, 0, 0, 0, 0, 1, 0, 1, 0, 1, 1, 0, 2, 0, 0, 0, 0, 0, 0, 0, 2, 0, 0, 1, 0, 0, 1, 0, 0, 3, 0, 0, 1, 0, 0, 0, 0, 3, 0, 2, 0, 0, 2, 1, 3, 0, 0, 0, 0, 1, 0],890.9074744783937,50765.917855663734,113588.58833646381,false
18,G3_TWC,G1_CMAX,[31, 22, 82, 15, 26, 9, 42, 95, 77, 12, 47, 5, 93, 78, 86, 54, 85, 63, 18, 44, 20, 35, 43, 97, 91, 76, 10, 30, 21, 45, 71, 64, 1, 23, 17, 83, 24, 14, 60, 36, 6, 57, 94, 88, 65, 56, 79, 40, 67, 68, 46, 75, 38, 58, 19, 32, 81, 41, 27, 62, 87, 90, 99, 59, 11, 16, 72, 73, 69, 39, 37, 84, 3, 92, 25, 55, 28, 29, 51, 7, 33, 61, 98, 66, 89, 50, 8, 96, 53, 80, 4, 48, 34, 2, 52, 13, 0, 70, 49, 74]|[1, 1, 0, 1, 1, 1, 2, 1, 2, 1, 2, 2, 2, 1, 1, 0, 0, 1, 0, 2, 2, 0, 1, 2, 0, 1, 2, 2, 0, 0, 1, 2, 1, 2, 1, 0, 2, 0, 1, 1, 0, 1, 1, 1, 0, 2, 1, 1, 0, 0, 0, 0, 1, 1, 2, 1, 2, 0, 0, 0, 2, 1, 0, 1, 2, 1, 2, 1, 1, 1, 1, 1, 1, 0, 1, 2, 0, 0, 0, 1, 2, 1, 0, 2, 1, 0, 1, 0, 0, 0, 0, 0, 2, 0, 1, 0, 0, 1, 0, 2]|[4, 3, 2, 2, 0, 0, 2, 2, 2, 4, 1, 1, 2, 4, 4, 1, 2, 4, 2, 1, 1, 1, 1, 2, 1, 2, 1, 1, 1, 1, 3, 2, 3, 0, 4, 0, 1, 1, 0, 3, 2, 2, 2, 0, 1, 1, 0, 4, 0, 1, 2, 2, 1, 4, 0, 3, 2, 1, 1, 2, 1, 3, 1, 1, 1, 3, 0, 4, 3, 1, 4, 1, 1, 0, 4, 1, 2, 1, 1, 3, 1, 3, 1, 1, 1, 1, 3, 1, 2, 1, 2, 1, 1, 2, 1, 2, 2, 3, 1, 1]|[0, 2, 1, 1, 3, 3, 0, 1, 0, 0, 0, 0, 1, 0, 1, 0, 0, 3, 1, 0, 0, 0, 3, 1, 0, 2, 0, 0, 0, 1, 0, 0, 0, 0, 3, 0, 1, 0, 0, 2, 1, 1, 1, 0, 0, 0, 0, 2, 1, 0, 0, 0, 1, 3, 0, 0, 1, 0, 0, 1, 0, 2, 0, 1, 0, 2, 1, 0, 0, 1, 1, 3, 1, 1, 3, 0, 1, 0, 0, 2, 0, 0, 0, 0, 1, 0, 2, 0, 1, 0, 1, 0, 0, 0, 1, 0, 0, 0, 1, 0],801.427594812029,57868.49349465401,91455.85780813712,true
18,G1_CMAX,G1_CMAX,[31, 22, 82, 15, 26, 9, 42, 77, 12, 5, 47, 93, 78, 86, 54, 6, 63, 18, 44, 20, 35, 43, 97, 91, 76, 10, 30, 21, 45, 17, 23, 1, 71, 83, 24, 14, 60, 36, 85, 57, 40, 95, 88, 65, 56, 79, 94, 67, 68, 46, 75, 38, 58, 19, 32, 81, 41, 62, 87, 28, 90, 59, 11, 16, 72, 73, 69, 52, 37, 64, 84, 3, 25, 29, 55, 51, 7, 98, 61, 66, 99, 33, 89, 48, 50, 96, 53, 80, 4, 8, 27, 2, 39, 13, 0, 92, 49, 74, 34, 70]|[1, 1, 0, 1, 1, 1, 2, 2, 1, 2, 2, 1, 1, 1, 0, 0, 1, 0, 2, 2, 0, 1, 2, 2, 1, 2, 2, 0, 0, 1, 2, 1, 1, 0, 2, 0, 1, 1, 0, 1, 1, 1, 1, 0, 2, 1, 1, 0, 0, 0, 0, 1, 1, 2, 1, 2, 0, 0, 2, 0, 1, 2, 2, 1, 2, 1, 1, 1, 1, 1, 1, 2, 1, 0, 2, 0, 1, 2, 1, 0, 0, 2, 1, 0, 0, 2, 0, 0, 1, 1, 0, 0, 1, 0, 0, 0, 0, 2, 2, 1]|[0, 3, 1, 2, 0, 0, 1, 1, 4, 1, 1, 4, 4, 4, 2, 2, 4, 2, 1, 1, 1, 1, 2, 1, 2, 1, 1, 1, 1, 4, 0, 3, 3, 0, 1, 1, 0, 3, 2, 2, 2, 2, 0, 1, 1, 0, 4, 0, 1, 2, 2, 1, 4, 0, 3, 2, 1, 2, 1, 2, 3, 1, 1, 3, 0, 4, 4, 1, 4, 3, 1, 2, 4, 1, 1, 1, 1, 1, 3, 1, 1, 1, 1, 1, 1, 1, 2, 1, 4, 3, 2, 2, 1, 2, 2, 0, 1, 1, 1, 4]|[1, 1, 1, 1, 3, 3, 0, 0, 0, 0, 0, 2, 0, 1, 0, 0, 3, 1, 0, 0, 0, 3, 1, 0, 2, 0, 0, 0, 1, 3, 0, 0, 0, 0, 1, 0, 0, 2, 1, 1, 1, 1, 0, 0, 0, 0, 2, 1, 0, 0, 0, 1, 3, 0, 0, 1, 0, 1, 0, 1, 2, 0, 0, 2, 1, 0, 2, 1, 1, 0, 3, 1, 3, 0, 0, 0, 2, 0, 0, 0, 0, 0, 1, 0, 0, 0, 1, 0, 0, 2, 1, 0, 1, 0, 0, 1, 1, 0, 0, 2],733.3116759547878,58140.55643565909,96674.14109675489,false
18,G4_BALANCED,G4_BALANCED,[31, 22, 82, 15, 26, 9, 95, 42, 77, 68, 47, 5, 93, 78, 86, 54, 85, 63, 18, 44, 20, 49, 36, 14, 74, 50, 53, 17, 21, 28, 71, 64, 3, 23, 30, 83, 24, 41, 60, 52, 65, 27, 90, 70, 39, 87, 48, 69, 99, 4, 46, 1, 13, 58, 97, 59, 11, 8, 73, 37, 35, 79, 33, 66, 76, 32, 40, 80, 96, 6, 16, 61, 45, 7, 57, 34, 12, 67, 10, 98, 56, 88, 29, 75, 91, 38, 19, 92, 43, 84, 51, 72, 81, 25, 2, 55, 0, 94, 89, 62]|[2, 1, 2, 1, 1, 2, 1, 1, 1, 2, 1, 0, 2, 2, 1, 2, 0, 0, 0, 2, 2, 1, 0, 2, 0, 2, 2, 1, 0, 1, 1, 1, 0, 0, 1, 0, 2, 1, 2, 2, 0, 0, 1, 1, 0, 2, 0, 2, 1, 0, 0, 2, 0, 0, 2, 0, 0, 1, 0, 0, 2, 1, 1, 2, 2, 0, 2, 2, 0, 1, 2, 1, 1, 2, 0, 1, 1, 1, 1, 2, 2, 1, 1, 0, 1, 0, 1, 0, 1, 0, 1, 1, 1, 1, 2, 0, 0, 2, 1, 1]|[0, 3, 0, 3, 4, 1, 4, 4, 2, 0, 3, 2, 1, 0, 2, 1, 1, 1, 2, 1, 1, 3, 0, 1, 0, 1, 1, 4, 1, 4, 3, 2, 2, 0, 4, 1, 1, 4, 0, 1, 2, 1, 4, 4, 1, 1, 0, 2, 3, 1, 2, 1, 2, 1, 1, 2, 1, 3, 0, 2, 2, 3, 4, 0, 1, 2, 0, 1, 2, 4, 1, 3, 4, 1, 2, 4, 3, 3, 3, 1, 1, 4, 3, 2, 3, 2, 4, 2, 4, 2, 3, 4, 1, 4, 1, 2, 2, 1, 4, 3]|[0, 2, 0, 0, 3, 0, 1, 3, 0, 0, 2, 0, 1, 0, 1, 0, 0, 0, 1, 0, 0, 2, 0, 0, 1, 0, 0, 3, 0, 1, 0, 2, 0, 1, 3, 0, 1, 3, 1, 0, 0, 0, 1, 3, 0, 0, 1, 0, 2, 0, 0, 0, 0, 0, 1, 0, 0, 0, 1, 1, 0, 2, 1, 0, 0, 0, 0, 0, 0, 2, 0, 0, 1, 0, 0, 1, 0, 0, 3, 0, 0, 1, 0, 0, 0, 0, 3, 0, 2, 0, 0, 2, 1, 3, 0, 0, 0, 0, 1, 0],848.7210464257236,52158.68351753062,106381.76141901733,false
18,G2_TEC,G2_TEC,[31, 22, 82, 15, 26, 9, 95, 42, 77, 68, 47, 5, 93, 78, 86, 54, 85, 63, 18, 44, 20, 49, 36, 14, 74, 50, 53, 25, 21, 28, 71, 64, 3, 23, 30, 83, 24, 41, 40, 52, 65, 27, 90, 70, 39, 87, 48, 69, 99, 4, 46, 1, 13, 58, 97, 59, 45, 8, 73, 37, 35, 79, 11, 66, 76, 32, 60, 80, 96, 6, 16, 61, 33, 7, 57, 34, 12, 67, 10, 98, 56, 88, 29, 75, 91, 38, 19, 92, 43, 84, 51, 72, 81, 17, 2, 55, 0, 62, 89, 94]|[2, 1, 2, 1, 1, 2, 1, 1, 1, 1, 1, 0, 2, 2, 1, 2, 0, 0, 0, 2, 2, 1, 0, 2, 0, 2, 2, 1, 0, 1, 1, 1, 0, 0, 1, 0, 2, 1, 2, 2, 0, 0, 1, 1, 0, 2, 0, 2, 1, 0, 0, 2, 0, 0, 2, 0, 1, 1, 0, 0, 2, 1, 0, 2, 2, 0, 2, 2, 0, 1, 2, 1, 1, 2, 0, 1, 1, 1, 1, 2, 2, 1, 1, 0, 1, 0, 1, 0, 1, 0, 1, 1, 1, 1, 2, 0, 0, 1, 1, 2]|[0, 3, 0, 3, 4, 1, 4, 4, 2, 4, 3, 2, 1, 0, 2, 1, 1, 1, 2, 1, 1, 3, 0, 1, 0, 1, 1, 4, 1, 4, 3, 2, 2, 0, 4, 1, 1, 4, 0, 1, 2, 1, 4, 4, 1, 1, 0, 2, 3, 1, 2, 1, 2, 1, 1, 2, 4, 3, 0, 2, 2, 3, 1, 0, 1, 2, 0, 1, 2, 4, 1, 3, 4, 1, 2, 4, 3, 3, 3, 1, 1, 4, 3, 2, 3, 2, 4, 2, 4, 2, 3, 4, 4, 4, 1, 2, 2, 3, 4, 1]|[0, 2, 0, 0, 3, 0, 1, 3, 0, 0, 2, 0, 1, 0, 1, 0, 0, 0, 1, 0, 0, 2, 0, 0, 1, 0, 0, 3, 0, 1, 0, 2, 0, 0, 3, 0, 1, 3, 0, 0, 0, 0, 1, 3, 0, 0, 1, 0, 2, 0, 0, 0, 0, 0, 1, 0, 1, 0, 1, 1, 0, 2, 0, 0, 0, 0, 0, 0, 0, 2, 0, 0, 1, 0, 0, 1, 0, 0, 3, 0, 0, 1, 0, 0, 0, 0, 3, 0, 2, 0, 0, 2, 1, 3, 0, 0, 0, 0, 1, 0],890.9074744783937,50765.917855663734,113588.58833646381,false
18,G3_TWC,G1_CMAX,[31, 22, 82, 15, 26, 9, 42, 95, 77, 12, 47, 5, 93, 78, 86, 54, 85, 63, 18, 44, 20, 35, 43, 97, 91, 76, 10, 30, 21, 45, 71, 64, 1, 23, 17, 83, 24, 14, 60, 36, 6, 57, 94, 88, 65, 56, 79, 40, 67, 68, 46, 75, 38, 58, 19, 32, 81, 41, 27, 62, 87, 90, 99, 59, 11, 16, 72, 73, 69, 39, 37, 84, 3, 92, 25, 55, 28, 29, 51, 7, 33, 61, 98, 66, 89, 50, 8, 96, 53, 80, 4, 48, 34, 2, 52, 13, 0, 70, 49, 74]|[1, 1, 0, 1, 1, 1, 2, 1, 2, 1, 2, 2, 2, 1, 1, 0, 0, 1, 0, 2, 2, 0, 1, 2, 0, 1, 2, 2, 0, 0, 1, 2, 1, 2, 1, 0, 2, 0, 1, 1, 0, 1, 1, 1, 0, 2, 1, 1, 0, 0, 0, 0, 1, 1, 2, 1, 2, 0, 0, 0, 2, 1, 0, 1, 2, 1, 2, 1, 1, 1, 1, 1, 1, 0, 1, 2, 0, 0, 0, 1, 2, 1, 0, 2, 1, 0, 1, 0, 0, 0, 0, 0, 2, 0, 1, 0, 0, 1, 0, 2]|[4, 3, 2, 2, 0, 0, 2, 2, 2, 4, 1, 1, 2, 4, 4, 1, 2, 4, 2, 1, 1, 1, 1, 2, 1, 2, 1, 1, 1, 1, 3, 2, 3, 0, 4, 0, 1, 1, 0, 3, 2, 2, 2, 0, 1, 1, 0, 4, 0, 1, 2, 2, 1, 4, 0, 3, 2, 1, 1, 2, 1, 3, 1, 1, 1, 3, 0, 4, 3, 1, 4, 1, 1, 0, 4, 1, 2, 1, 1, 3, 1, 3, 1, 1, 1, 1, 3, 1, 2, 1, 2, 1, 1, 2, 1, 2, 2, 3, 1, 1]|[0, 2, 1, 1, 3, 3, 0, 1, 0, 0, 0, 0, 1, 0, 1, 0, 0, 3, 1, 0, 0, 0, 3, 1, 0, 2, 0, 0, 0, 1, 0, 0, 0, 0, 3, 0, 1, 0, 0, 2, 1, 1, 1, 0, 0, 0, 0, 2, 1, 0, 0, 0, 1, 3, 0, 0, 1, 0, 0, 1, 0, 2, 0, 1, 0, 2, 1, 0, 0, 1, 1, 3, 1, 1, 3, 0, 1, 0, 0, 2, 0, 0, 0, 0, 1, 0, 2, 0, 1, 0, 1, 0, 0, 0, 1, 0, 0, 0, 1, 0],801.427594812029,57868.49349465401,91455.85780813712,true
18,G1_CMAX,G1_CMAX,[31, 22, 82, 15, 26, 9, 42, 77, 12, 5, 47, 93, 78, 86, 54, 6, 63, 18, 44, 20, 35, 43, 97, 91, 76, 10, 30, 21, 45, 17, 23, 1, 71, 83, 24, 14, 60, 36, 85, 57, 40, 95, 88, 65, 56, 79, 94, 67, 68, 46, 75, 38, 58, 19, 32, 81, 41, 62, 87, 28, 90, 59, 11, 16, 72, 73, 69, 52, 37, 64, 84, 3, 25, 29, 55, 51, 7, 98, 61, 66, 99, 33, 89, 48, 50, 96, 53, 80, 4, 8, 27, 2, 39, 13, 0, 92, 49, 74, 34, 70]|[1, 1, 0, 1, 1, 1, 2, 2, 1, 2, 2, 1, 1, 1, 0, 0, 1, 0, 2, 2, 0, 1, 2, 2, 1, 2, 2, 0, 0, 1, 2, 1, 1, 0, 2, 0, 1, 1, 0, 1, 1, 1, 1, 0, 2, 1, 1, 0, 0, 0, 0, 1, 1, 2, 1, 2, 0, 0, 2, 0, 1, 2, 2, 1, 2, 1, 1, 1, 1, 1, 1, 2, 1, 0, 2, 0, 1, 2, 1, 0, 0, 2, 1, 0, 0, 2, 0, 0, 1, 1, 0, 0, 1, 0, 0, 0, 0, 2, 2, 1]|[0, 3, 1, 2, 0, 0, 1, 1, 4, 1, 1, 4, 4, 4, 2, 2, 4, 2, 1, 1, 1, 1, 2, 1, 2, 1, 1, 1, 1, 4, 0, 3, 3, 0, 1, 1, 0, 3, 2, 2, 2, 2, 0, 1, 1, 0, 4, 0, 1, 2, 2, 1, 4, 0, 3, 2, 1, 2, 1, 2, 3, 1, 1, 3, 0, 4, 4, 1, 4, 3, 1, 2, 4, 1, 1, 1, 1, 1, 3, 1, 1, 1, 1, 1, 1, 1, 2, 1, 4, 3, 2, 2, 1, 2, 2, 0, 1, 1, 1, 4]|[1, 1, 1, 1, 3, 3, 0, 0, 0, 0, 0, 2, 0, 1, 0, 0, 3, 1, 0, 0, 0, 3, 1, 0, 2, 0, 0, 0, 1, 3, 0, 0, 0, 0, 1, 0, 0, 2, 1, 1, 1, 1, 0, 0, 0, 0, 2, 1, 0, 0, 0, 1, 3, 0, 0, 1, 0, 1, 0, 1, 2, 0, 0, 2, 1, 0, 2, 1, 1, 0, 3, 1, 3, 0, 0, 0, 2, 0, 0, 0, 0, 0, 1, 0, 0, 0, 1, 0, 0, 2, 1, 0, 1, 0, 0, 1, 1, 0, 0, 2],733.3116759547878,58140.55643565909,96674.14109675489,false
18,G4_BALANCED,G4_BALANCED,[31, 22, 82, 15, 26, 58, 95, 42, 77, 12, 47, 5, 93, 78, 86, 54, 85, 63, 18, 72, 20, 35, 43, 97, 91, 76, 10, 30, 21, 45, 71, 64, 1, 23, 17, 83, 24, 14, 60, 36, 6, 57, 40, 88, 65, 56, 79, 94, 67, 41, 68, 75, 38, 9, 19, 32, 81, 55, 27, 62, 87, 90, 99, 59, 11, 16, 44, 73, 70, 39, 37, 84, 3, 92, 25, 34, 28, 29, 51, 7, 66, 61, 98, 48, 89, 50, 4, 96, 53, 80, 8, 33, 46, 2, 52, 49, 0, 69, 74, 13]|[1, 1, 0, 1, 1, 0, 1, 2, 2, 1, 2, 2, 2, 1, 1, 0, 0, 1, 0, 2, 2, 0, 0, 2, 0, 1, 2, 2, 0, 0, 1, 2, 1, 2, 1, 0, 2, 0, 1, 1, 0, 1, 1, 1, 0, 2, 1, 1, 0, 0, 0, 0, 1, 1, 2, 1, 2, 0, 0, 0, 2, 1, 0, 1, 2, 1, 2, 1, 1, 1, 1, 1, 1, 0, 1, 2, 2, 0, 0, 1, 2, 1, 2, 0, 1, 0, 1, 2, 0, 0, 1, 2, 0, 0, 1, 0, 0, 1, 2, 0]|[4, 3, 2, 2, 4, 1, 2, 2, 2, 4, 1, 1, 2, 4, 4, 1, 2, 4, 2, 1, 1, 1, 1, 2, 1, 2, 1, 1, 1, 1, 3, 2, 3, 1, 4, 0, 1, 1, 0, 3, 2, 2, 2, 0, 1, 1, 0, 4, 0, 1, 1, 2, 1, 4, 0, 3, 2, 1, 1, 2, 1, 3, 1, 1, 1, 3, 1, 4, 3, 1, 4, 1, 1, 0, 4, 1, 1, 1, 1, 1, 1, 3, 1, 1, 1, 1, 4, 1, 2, 1, 3, 1, 2, 2, 1, 1, 2, 4, 1, 2]|[0, 2, 1, 1, 3, 0, 1, 0, 0, 0, 0, 0, 1, 0, 1, 0, 0, 3, 1, 0, 0, 0, 0, 1, 0, 2, 0, 0, 0, 1, 0, 0, 0, 0, 3, 0, 1, 0, 0, 2, 1, 1, 1, 0, 0, 0, 0, 2, 1, 0, 0, 0, 1, 3, 0, 0, 1, 0, 0, 1, 0, 2, 0, 1, 0, 2, 0, 0, 0, 1, 1, 3, 1, 1, 3, 0, 0, 0, 0, 2, 0, 0, 0, 0, 1, 0, 0, 0, 1, 0, 2, 0, 0, 0, 1, 1, 0, 2, 0, 0],784.1481185900863,55756.271812642575,96112.54558848144,false
18,G2_TEC,G2_TEC,[31, 22, 82, 15, 26, 9, 95, 42, 77, 68, 47, 5, 93, 78, 86, 54, 85, 63, 18, 44, 20, 49, 36, 14, 74, 50, 53, 25, 21, 28, 71, 64, 3, 23, 30, 83, 24, 41, 40, 52, 65, 27, 90, 70, 39, 87, 48, 69, 99, 4, 46, 1, 13, 58, 97, 59, 45, 8, 73, 37, 35, 79, 11, 66, 76, 32, 60, 80, 96, 6, 16, 61, 33, 7, 57, 34, 12, 67, 10, 98, 56, 88, 29, 75, 91, 38, 19, 92, 43, 84, 51, 72, 81, 17, 2, 55, 0, 62, 89, 94]|[2, 1, 2, 1, 1, 2, 1, 1, 1, 1, 1, 0, 2, 2, 1, 2, 0, 0, 0, 2, 2, 1, 0, 2, 0, 2, 2, 1, 0, 1, 1, 1, 0, 0, 1, 0, 2, 1, 2, 2, 0, 0, 1, 1, 0, 2, 0, 2, 1, 0, 0, 2, 0, 0, 2, 0, 1, 1, 0, 0, 2, 1, 0, 2, 2, 0, 2, 2, 0, 1, 2, 1, 1, 2, 0, 1, 1, 1, 1, 2, 2, 1, 1, 0, 1, 0, 1, 0, 1, 0, 1, 1, 1, 1, 2, 0, 0, 1, 1, 2]|[0, 3, 0, 3, 4, 1, 4, 4, 2, 4, 3, 2, 1, 0, 2, 1, 1, 1, 2, 1, 1, 3, 0, 1, 0, 1, 1, 4, 1, 4, 3, 2, 2, 0, 4, 1, 1, 4, 0, 1, 2, 1, 4, 4, 1, 1, 0, 2, 3, 1, 2, 1, 2, 1, 1, 2, 4, 3, 0, 2, 2, 3, 1, 0, 1, 2, 0, 1, 2, 4, 1, 3, 4, 1, 2, 4, 3, 3, 3, 1, 1, 4, 3, 2, 3, 2, 4, 2, 4, 2, 3, 4, 4, 4, 1, 2, 2, 3, 4, 1]|[0, 2, 0, 0, 3, 0, 1, 3, 0, 0, 2, 0, 1, 0, 1, 0, 0, 0, 1, 0, 0, 2, 0, 0, 1, 0, 0, 3, 0, 1, 0, 2, 0, 0, 3, 0, 1, 3, 0, 0, 0, 0, 1, 3, 0, 0, 1, 0, 2, 0, 0, 0, 0, 0, 1, 0, 1, 0, 1, 1, 0, 2, 0, 0, 0, 0, 0, 0, 0, 2, 0, 0, 1, 0, 0, 1, 0, 0, 3, 0, 0, 1, 0, 0, 0, 0, 3, 0, 2, 0, 0, 2, 1, 3, 0, 0, 0, 0, 1, 0],890.9074744783937,50765.917855663734,113588.58833646381,false
18,G3_TWC,G1_CMAX,[31, 22, 82, 15, 26, 9, 42, 95, 77, 12, 47, 5, 93, 78, 86, 54, 85, 63, 18, 44, 20, 35, 43, 97, 91, 76, 10, 30, 21, 45, 71, 64, 1, 23, 17, 83, 24, 14, 60, 36, 6, 57, 94, 88, 65, 56, 79, 40, 67, 68, 46, 75, 38, 58, 19, 32, 81, 41, 27, 62, 87, 90, 99, 59, 11, 16, 72, 73, 69, 39, 37, 84, 3, 92, 25, 55, 28, 29, 51, 7, 33, 61, 98, 66, 89, 50, 8, 96, 53, 80, 4, 48, 34, 2, 52, 13, 0, 70, 49, 74]|[1, 1, 0, 1, 1, 1, 2, 1, 2, 1, 2, 2, 2, 1, 1, 0, 0, 1, 0, 2, 2, 0, 1, 2, 0, 1, 2, 2, 0, 0, 1, 2, 1, 2, 1, 0, 2, 0, 1, 1, 0, 1, 1, 1, 0, 2, 1, 1, 0, 0, 0, 0, 1, 1, 2, 1, 2, 0, 0, 0, 2, 1, 0, 1, 2, 1, 2, 1, 1, 1, 1, 1, 1, 0, 1, 2, 0, 0, 0, 1, 2, 1, 0, 2, 1, 0, 1, 0, 0, 0, 0, 0, 2, 0, 1, 0, 0, 1, 0, 2]|[4, 3, 2, 2, 0, 0, 2, 2, 2, 4, 1, 1, 2, 4, 4, 1, 2, 4, 2, 1, 1, 1, 1, 2, 1, 2, 1, 1, 1, 1, 3, 2, 3, 0, 4, 0, 1, 1, 0, 3, 2, 2, 2, 0, 1, 1, 0, 4, 0, 1, 2, 2, 1, 4, 0, 3, 2, 1, 1, 2, 1, 3, 1, 1, 1, 3, 0, 4, 3, 1, 4, 1, 1, 0, 4, 1, 2, 1, 1, 3, 1, 3, 1, 1, 1, 1, 3, 1, 2, 1, 2, 1, 1, 2, 1, 2, 2, 3, 1, 1]|[0, 2, 1, 1, 3, 3, 0, 1, 0, 0, 0, 0, 1, 0, 1, 0, 0, 3, 1, 0, 0, 0, 3, 1, 0, 2, 0, 0, 0, 1, 0, 0, 0, 0, 3, 0, 1, 0, 0, 2, 1, 1, 1, 0, 0, 0, 0, 2, 1, 0, 0, 0, 1, 3, 0, 0, 1, 0, 0, 1, 0, 2, 0, 1, 0, 2, 1, 0, 0, 1, 1, 3, 1, 1, 3, 0, 1, 0, 0, 2, 0, 0, 0, 0, 1, 0, 2, 0, 1, 0, 1, 0, 0, 0, 1, 0, 0, 0, 1, 0],801.427594812029,57868.49349465401,91455.85780813712,true
18,G1_CMAX,G1_CMAX,[31, 22, 82, 15, 26, 9, 42, 77, 12, 5, 47, 93, 78, 86, 54, 6, 63, 18, 44, 20, 35, 43, 97, 91, 76, 10, 30, 21, 45, 17, 23, 1, 71, 83, 24, 14, 60, 36, 85, 57, 40, 95, 88, 65, 56, 79, 94, 67, 68, 46, 75, 38, 58, 19, 32, 81, 41, 62, 87, 28, 90, 59, 11, 16, 72, 73, 69, 52, 37, 64, 84, 3, 25, 29, 55, 51, 7, 98, 61, 66, 99, 33, 89, 48, 50, 96, 53, 80, 4, 8, 27, 2, 39, 13, 0, 92, 49, 74, 34, 70]|[1, 1, 0, 1, 1, 1, 2, 2, 1, 2, 2, 1, 1, 1, 0, 0, 1, 0, 2, 2, 0, 1, 2, 2, 1, 2, 2, 0, 0, 1, 2, 1, 1, 0, 2, 0, 1, 1, 0, 1, 1, 1, 1, 0, 2, 1, 1, 0, 0, 0, 0, 1, 1, 2, 1, 2, 0, 0, 2, 0, 1, 2, 2, 1, 2, 1, 1, 1, 1, 1, 1, 2, 1, 0, 2, 0, 1, 2, 1, 0, 0, 2, 1, 0, 0, 2, 0, 0, 1, 1, 0, 0, 1, 0, 0, 0, 0, 2, 2, 1]|[0, 3, 1, 2, 0, 0, 1, 1, 4, 1, 1, 4, 4, 4, 2, 2, 4, 2, 1, 1, 1, 1, 2, 1, 2, 1, 1, 1, 1, 4, 0, 3, 3, 0, 1, 1, 0, 3, 2, 2, 2, 2, 0, 1, 1, 0, 4, 0, 1, 2, 2, 1, 4, 0, 3, 2, 1, 2, 1, 2, 3, 1, 1, 3, 0, 4, 4, 1, 4, 3, 1, 2, 4, 1, 1, 1, 1, 1, 3, 1, 1, 1, 1, 1, 1, 1, 2, 1, 4, 3, 2, 2, 1, 2, 2, 0, 1, 1, 1, 4]|[1, 1, 1, 1, 3, 3, 0, 0, 0, 0, 0, 2, 0, 1, 0, 0, 3, 1, 0, 0, 0, 3, 1, 0, 2, 0, 0, 0, 1, 3, 0, 0, 0, 0, 1, 0, 0, 2, 1, 1, 1, 1, 0, 0, 0, 0, 2, 1, 0, 0, 0, 1, 3, 0, 0, 1, 0, 1, 0, 1, 2, 0, 0, 2, 1, 0, 2, 1, 1, 0, 3, 1, 3, 0, 0, 0, 2, 0, 0, 0, 0, 0, 1, 0, 0, 0, 1, 0, 0, 2, 1, 0, 1, 0, 0, 1, 1, 0, 0, 2],733.3116759547878,58140.55643565909,96674.14109675489,false
18,G4_BALANCED,G1_CMAX,[31, 22, 82, 15, 26, 58, 95, 42, 77, 12, 47, 5, 93, 78, 86, 54, 85, 63, 18, 44, 20, 35, 43, 97, 91, 76, 10, 30, 21, 45, 71, 64, 1, 23, 17, 83, 24, 14, 60, 36, 6, 57, 40, 88, 65, 56, 79, 94, 67, 68, 46, 75, 38, 9, 19, 32, 81, 41, 27, 62, 87, 90, 99, 59, 11, 16, 72, 73, 70, 39, 37, 84, 3, 92, 25, 34, 28, 29, 51, 7, 66, 61, 98, 48, 89, 50, 4, 96, 53, 80, 8, 33, 55, 2, 52, 13, 0, 69, 74, 49]|[1, 1, 0, 1, 1, 0, 1, 2, 2, 1, 2, 2, 2, 1, 1, 0, 0, 1, 0, 2, 2, 0, 1, 2, 0, 1, 2, 2, 0, 0, 1, 2, 1, 2, 1, 0, 2, 0, 1, 1, 0, 1, 1, 1, 0, 2, 1, 1, 0, 0, 0, 0, 1, 1, 2, 1, 2, 0, 0, 0, 2, 1, 0, 1, 2, 1, 2, 1, 1, 1, 1, 1, 1, 0, 1, 2, 0, 0, 0, 1, 2, 1, 2, 0, 1, 0, 1, 2, 0, 0, 1, 2, 2, 0, 1, 0, 0, 1, 2, 0]|[4, 3, 2, 2, 4, 1, 2, 2, 2, 4, 1, 1, 2, 4, 4, 1, 2, 4, 2, 1, 1, 1, 1, 2, 1, 2, 1, 1, 1, 1, 3, 2, 3, 1, 4, 0, 1, 1, 0, 3, 2, 2, 2, 0, 1, 1, 0, 4, 0, 1, 2, 2, 1, 4, 0, 3, 2, 1, 1, 2, 1, 3, 1, 1, 1, 3, 0, 4, 3, 1, 4, 1, 1, 0, 4, 1, 2, 1, 1, 3, 1, 3, 1, 1, 1, 1, 4, 1, 2, 1, 3, 1, 1, 2, 1, 2, 2, 4, 1, 1]|[0, 2, 1, 1, 3, 0, 1, 0, 0, 0, 0, 0, 1, 0, 1, 0, 0, 3, 1, 0, 0, 0, 3, 1, 0, 2, 0, 0, 0, 1, 0, 0, 0, 0, 3, 0, 1, 0, 0, 2, 1, 1, 1, 0, 0, 0, 0, 2, 1, 0, 0, 0, 1, 3, 0, 0, 1, 0, 0, 1, 0, 2, 0, 1, 0, 2, 1, 0, 0, 1, 1, 3, 1, 1, 3, 0, 1, 0, 0, 2, 0, 0, 0, 0, 1, 0, 0, 0, 1, 0, 2, 0, 0, 0, 1, 0, 0, 2, 0, 1],748.9199420531638,56597.6615352276,94631.15502235336,true
18,G2_TEC,G2_TEC,[31, 22, 82, 15, 26, 9, 95, 42, 77, 68, 47, 5, 93, 78, 86, 54, 85, 63, 18, 44, 20, 49, 36, 14, 74, 50, 53, 25, 21, 28, 71, 64, 3, 23, 30, 83, 24, 41, 40, 52, 65, 27, 90, 70, 39, 87, 48, 69, 99, 4, 46, 1, 13, 58, 97, 59, 45, 8, 73, 37, 35, 79, 11, 66, 76, 32, 60, 80, 96, 6, 16, 61, 33, 7, 57, 34, 12, 67, 10, 98, 56, 88, 29, 75, 91, 38, 19, 92, 43, 84, 51, 72, 81, 17, 2, 55, 0, 62, 89, 94]|[2, 1, 2, 1, 1, 2, 1, 1, 1, 1, 1, 0, 2, 2, 1, 2, 0, 0, 0, 2, 2, 1, 0, 2, 0, 2, 2, 1, 0, 1, 1, 1, 0, 0, 1, 0, 2, 1, 2, 2, 0, 0, 1, 1, 0, 2, 0, 2, 1, 0, 0, 2, 0, 0, 2, 0, 1, 1, 0, 0, 2, 1, 0, 2, 2, 0, 2, 2, 0, 1, 2, 1, 1, 2, 0, 1, 1, 1, 1, 2, 2, 1, 1, 0, 1, 0, 1, 0, 1, 0, 1, 1, 1, 1, 2, 0, 0, 1, 1, 2]|[0, 3, 0, 3, 4, 1, 4, 4, 2, 4, 3, 2, 1, 0, 2, 1, 1, 1, 2, 1, 1, 3, 0, 1, 0, 1, 1, 4, 1, 4, 3, 2, 2, 0, 4, 1, 1, 4, 0, 1, 2, 1, 4, 4, 1, 1, 0, 2, 3, 1, 2, 1, 2, 1, 1, 2, 4, 3, 0, 2, 2, 3, 1, 0, 1, 2, 0, 1, 2, 4, 1, 3, 4, 1, 2, 4, 3, 3, 3, 1, 1, 4, 3, 2, 3, 2, 4, 2, 4, 2, 3, 4, 4, 4, 1, 2, 2, 3, 4, 1]|[0, 2, 0, 0, 3, 0, 1, 3, 0, 0, 2, 0, 1, 0, 1, 0, 0, 0, 1, 0, 0, 2, 0, 0, 1, 0, 0, 3, 0, 1, 0, 2, 0, 0, 3, 0, 1, 3, 0, 0, 0, 0, 1, 3, 0, 0, 1, 0, 2, 0, 0, 0, 0, 0, 1, 0, 1, 0, 1, 1, 0, 2, 0, 0, 0, 0, 0, 0, 0, 2, 0, 0, 1, 0, 0, 1, 0, 0, 3, 0, 0, 1, 0, 0, 0, 0, 3, 0, 2, 0, 0, 2, 1, 3, 0, 0, 0, 0, 1, 0],890.9074744783937,50765.917855663734,113588.58833646381,false
18,G3_TWC,G1_CMAX,[31, 22, 82, 15, 26, 9, 42, 95, 77, 12, 47, 5, 93, 78, 86, 54, 85, 63, 18, 44, 20, 35, 43, 97, 91, 76, 10, 30, 21, 45, 71, 64, 1, 23, 17, 83, 24, 14, 60, 36, 6, 57, 94, 88, 65, 56, 79, 40, 67, 68, 46, 75, 38, 58, 19, 32, 81, 41, 27, 62, 87, 90, 99, 59, 11, 16, 72, 73, 69, 39, 37, 84, 3, 92, 25, 55, 28, 29, 51, 7, 33, 61, 98, 66, 89, 50, 8, 96, 53, 80, 4, 48, 34, 2, 52, 13, 0, 70, 49, 74]|[1, 1, 0, 1, 1, 1, 2, 1, 2, 1, 2, 2, 2, 1, 1, 0, 0, 1, 0, 2, 2, 0, 1, 2, 0, 1, 2, 2, 0, 0, 1, 2, 1, 2, 1, 0, 2, 0, 1, 1, 0, 1, 1, 1, 0, 2, 1, 1, 0, 0, 0, 0, 1, 1, 2, 1, 2, 0, 0, 0, 2, 1, 0, 1, 2, 1, 2, 1, 1, 1, 1, 1, 1, 0, 1, 2, 0, 0, 0, 1, 2, 1, 0, 2, 1, 0, 1, 0, 0, 0, 0, 0, 2, 0, 1, 0, 0, 1, 0, 2]|[4, 3, 2, 2, 0, 0, 2, 2, 2, 4, 1, 1, 2, 4, 4, 1, 2, 4, 2, 1, 1, 1, 1, 2, 1, 2, 1, 1, 1, 1, 3, 2, 3, 0, 4, 0, 1, 1, 0, 3, 2, 2, 2, 0, 1, 1, 0, 4, 0, 1, 2, 2, 1, 4, 0, 3, 2, 1, 1, 2, 1, 3, 1, 1, 1, 3, 0, 4, 3, 1, 4, 1, 1, 0, 4, 1, 2, 1, 1, 3, 1, 3, 1, 1, 1, 1, 3, 1, 2, 1, 2, 1, 1, 2, 1, 2, 2, 3, 1, 1]|[0, 2, 1, 1, 3, 3, 0, 1, 0, 0, 0, 0, 1, 0, 1, 0, 0, 3, 1, 0, 0, 0, 3, 1, 0, 2, 0, 0, 0, 1, 0, 0, 0, 0, 3, 0, 1, 0, 0, 2, 1, 1, 1, 0, 0, 0, 0, 2, 1, 0, 0, 0, 1, 3, 0, 0, 1, 0, 0, 1, 0, 2, 0, 1, 0, 2, 1, 0, 0, 1, 1, 3, 1, 1, 3, 0, 1, 0, 0, 2, 0, 0, 0, 0, 1, 0, 2, 0, 1, 0, 1, 0, 0, 0, 1, 0, 0, 0, 1, 0],801.427594812029,57868.49349465401,91455.85780813712,true
18,G1_CMAX,G1_CMAX,[31, 22, 82, 15, 26, 9, 42, 77, 12, 5, 47, 93, 78, 86, 54, 6, 63, 18, 44, 20, 35, 43, 97, 91, 76, 10, 30, 21, 45, 17, 23, 1, 71, 83, 24, 14, 60, 36, 85, 57, 40, 95, 88, 65, 56, 79, 94, 67, 68, 46, 75, 38, 58, 19, 32, 81, 41, 62, 87, 28, 90, 59, 11, 16, 72, 73, 69, 52, 37, 64, 84, 3, 25, 29, 55, 51, 7, 98, 61, 66, 99, 33, 89, 48, 50, 96, 53, 80, 4, 8, 27, 2, 39, 13, 0, 92, 49, 74, 34, 70]|[1, 1, 0, 1, 1, 1, 2, 2, 1, 2, 2, 1, 1, 1, 0, 0, 1, 0, 2, 2, 0, 1, 2, 2, 1, 2, 2, 0, 0, 1, 2, 1, 1, 0, 2, 0, 1, 1, 0, 1, 1, 1, 1, 0, 2, 1, 1, 0, 0, 0, 0, 1, 1, 2, 1, 2, 0, 0, 2, 0, 1, 2, 2, 1, 2, 1, 1, 1, 1, 1, 1, 2, 1, 0, 2, 0, 1, 2, 1, 0, 0, 2, 1, 0, 0, 2, 0, 0, 1, 1, 0, 0, 1, 0, 0, 0, 0, 2, 2, 1]|[0, 3, 1, 2, 0, 0, 1, 1, 4, 1, 1, 4, 4, 4, 2, 2, 4, 2, 1, 1, 1, 1, 2, 1, 2, 1, 1, 1, 1, 4, 0, 3, 3, 0, 1, 1, 0, 3, 2, 2, 2, 2, 0, 1, 1, 0, 4, 0, 1, 2, 2, 1, 4, 0, 3, 2, 1, 2, 1, 2, 3, 1, 1, 3, 0, 4, 4, 1, 4, 3, 1, 2, 4, 1, 1, 1, 1, 1, 3, 1, 1, 1, 1, 1, 1, 1, 2, 1, 4, 3, 2, 2, 1, 2, 2, 0, 1, 1, 1, 4]|[1, 1, 1, 1, 3, 3, 0, 0, 0, 0, 0, 2, 0, 1, 0, 0, 3, 1, 0, 0, 0, 3, 1, 0, 2, 0, 0, 0, 1, 3, 0, 0, 0, 0, 1, 0, 0, 2, 1, 1, 1, 1, 0, 0, 0, 0, 2, 1, 0, 0, 0, 1, 3, 0, 0, 1, 0, 1, 0, 1, 2, 0, 0, 2, 1, 0, 2, 1, 1, 0, 3, 1, 3, 0, 0, 0, 2, 0, 0, 0, 0, 0, 1, 0, 0, 0, 1, 0, 0, 2, 1, 0, 1, 0, 0, 1, 1, 0, 0, 2],733.3116759547878,58140.55643565909,96674.14109675489,false
18,G4_BALANCED,G3_TWC,[31, 22, 82, 15, 26, 9, 42, 95, 77, 12, 47, 5, 93, 78, 86, 54, 85, 63, 18, 44, 20, 35, 43, 97, 91, 76, 10, 30, 21, 45, 71, 64, 1, 23, 17, 83, 24, 14, 60, 36, 6, 57, 94, 88, 65, 56, 79, 40, 67, 68, 46, 75, 38, 58, 19, 32, 81, 48, 27, 62, 87, 90, 99, 59, 11, 16, 72, 73, 70, 39, 37, 84, 3, 92, 25, 55, 28, 29, 51, 7, 33, 61, 98, 66, 89, 50, 8, 80, 53, 96, 4, 41, 34, 2, 52, 13, 0, 69, 49, 74]|[1, 1, 0, 1, 1, 1, 2, 1, 2, 1, 2, 2, 2, 1, 1, 0, 0, 1, 0, 2, 2, 0, 1, 2, 0, 1, 2, 2, 0, 0, 1, 2, 1, 2, 1, 0, 2, 0, 1, 1, 0, 1, 1, 1, 0, 2, 1, 1, 0, 0, 0, 0, 1, 1, 2, 1, 2, 0, 0, 0, 2, 1, 0, 1, 2, 1, 2, 1, 1, 1, 1, 1, 1, 0, 1, 1, 0, 0, 0, 1, 2, 1, 0, 2, 1, 0, 1, 0, 0, 0, 0, 0, 2, 0, 1, 0, 0, 1, 0, 2]|[4, 3, 2, 2, 0, 0, 2, 2, 2, 4, 1, 1, 2, 4, 4, 1, 2, 4, 2, 1, 1, 1, 1, 2, 1, 2, 1, 1, 1, 1, 3, 2, 3, 0, 4, 0, 1, 1, 0, 3, 2, 2, 4, 0, 1, 1, 0, 2, 0, 1, 2, 2, 1, 4, 0, 3, 2, 1, 1, 2, 1, 3, 1, 1, 1, 3, 0, 4, 3, 1, 4, 1, 1, 0, 4, 4, 2, 1, 1, 3, 1, 3, 1, 1, 1, 1, 3, 1, 2, 1, 2, 1, 1, 2, 1, 2, 2, 4, 1, 1]|[0, 2, 1, 1, 3, 3, 0, 1, 0, 0, 0, 0, 1, 0, 1, 0, 0, 3, 1, 0, 0, 0, 3, 1, 0, 2, 0, 0, 0, 1, 0, 0, 0, 0, 3, 0, 1, 0, 0, 2, 1, 1, 2, 0, 0, 0, 0, 1, 1, 0, 0, 0, 1, 3, 0, 0, 1, 0, 0, 1, 0, 2, 0, 1, 0, 2, 1, 0, 0, 1, 1, 3, 1, 1, 3, 3, 1, 0, 0, 2, 0, 0, 0, 0, 1, 0, 2, 0, 1, 0, 1, 0, 0, 0, 1, 0, 0, 2, 1, 0],816.4899176390397,58049.21584356698,91006.96733133896,true
18,G2_TEC,G2_TEC,[31, 22, 82, 15, 26, 9, 95, 42, 77, 68, 47, 5, 93, 78, 86, 54, 85, 63, 18, 44, 20, 49, 36, 14, 74, 50, 53, 25, 21, 28, 71, 64, 3, 23, 30, 83, 24, 41, 40, 52, 65, 27, 90, 70, 39, 87, 48, 69, 99, 4, 46, 1, 13, 58, 97, 59, 45, 8, 73, 37, 35, 79, 11, 66, 76, 32, 60, 80, 96, 6, 16, 61, 33, 7, 57, 34, 12, 67, 10, 98, 56, 88, 29, 75, 91, 38, 19, 92, 43, 84, 51, 72, 81, 17, 2, 55, 0, 62, 89, 94]|[2, 1, 2, 1, 1, 2, 1, 1, 1, 1, 1, 0, 2, 2, 1, 2, 0, 0, 0, 2, 2, 1, 0, 2, 0, 2, 2, 1, 0, 1, 1, 1, 0, 0, 1, 0, 2, 1, 2, 2, 0, 0, 1, 1, 0, 2, 0, 2, 1, 0, 0, 2, 0, 0, 2, 0, 1, 1, 0, 0, 2, 1, 0, 2, 2, 0, 2, 2, 0, 1, 2, 1, 1, 2, 0, 1, 1, 1, 1, 2, 2, 1, 1, 0, 1, 0, 1, 0, 1, 0, 1, 1, 1, 1, 2, 0, 0, 1, 1, 2]|[0, 3, 0, 3, 4, 1, 4, 4, 2, 4, 3, 2, 1, 0, 2, 1, 1, 1, 2, 1, 1, 3, 0, 1, 0, 1, 1, 4, 1, 4, 3, 2, 2, 0, 4, 1, 1, 4, 0, 1, 2, 1, 4, 4, 1, 1, 0, 2, 3, 1, 2, 1, 2, 1, 1, 2, 4, 3, 0, 2, 2, 3, 1, 0, 1, 2, 0, 1, 2, 4, 1, 3, 4, 1, 2, 4, 3, 3, 3, 1, 1, 4, 3, 2, 3, 2, 4, 2, 4, 2, 3, 4, 4, 4, 1, 2, 2, 3, 4, 1]|[0, 2, 0, 0, 3, 0, 1, 3, 0, 0, 2, 0, 1, 0, 1, 0, 0, 0, 1, 0, 0, 2, 0, 0, 1, 0, 0, 3, 0, 1, 0, 2, 0, 0, 3, 0, 1, 3, 0, 0, 0, 0, 1, 3, 0, 0, 1, 0, 2, 0, 0, 0, 0, 0, 1, 0, 1, 0, 1, 1, 0, 2, 0, 0, 0, 0, 0, 0, 0, 2, 0, 0, 1, 0, 0, 1, 0, 0, 3, 0, 0, 1, 0, 0, 0, 0, 3, 0, 2, 0, 0, 2, 1, 3, 0, 0, 0, 0, 1, 0],890.9074744783937,50765.917855663734,113588.58833646381,false
18,G3_TWC,G1_CMAX,[31, 22, 82, 15, 26, 9, 42, 95, 77, 12, 47, 5, 93, 78, 86, 54, 85, 63, 18, 44, 20, 35, 43, 97, 91, 76, 10, 30, 21, 45, 71, 64, 1, 23, 17, 83, 24, 14, 60, 36, 6, 57, 94, 88, 65, 56, 79, 40, 67, 68, 46, 75, 38, 58, 19, 32, 81, 41, 27, 62, 87, 90, 99, 59, 11, 16, 72, 73, 69, 39, 37, 84, 3, 92, 25, 55, 28, 29, 51, 7, 33, 61, 98, 66, 89, 50, 8, 96, 53, 80, 4, 48, 34, 2, 52, 13, 0, 70, 49, 74]|[1, 1, 0, 1, 1, 1, 2, 1, 2, 1, 2, 2, 2, 1, 1, 0, 0, 1, 0, 2, 2, 0, 1, 2, 0, 1, 2, 2, 0, 0, 1, 2, 1, 2, 1, 0, 2, 0, 1, 1, 0, 1, 1, 1, 0, 2, 1, 1, 0, 0, 0, 0, 1, 1, 2, 1, 2, 0, 0, 0, 2, 1, 0, 1, 2, 1, 2, 1, 1, 1, 1, 1, 1, 0, 1, 2, 0, 0, 0, 1, 2, 1, 0, 2, 1, 0, 1, 0, 0, 0, 0, 0, 2, 0, 1, 0, 0, 1, 0, 2]|[4, 3, 2, 2, 0, 0, 2, 2, 2, 4, 1, 1, 2, 4, 4, 1, 2, 4, 2, 1, 1, 1, 1, 2, 1, 2, 1, 1, 1, 1, 3, 2, 3, 0, 4, 0, 1, 1, 0, 3, 2, 2, 2, 0, 1, 1, 0, 4, 0, 1, 2, 2, 1, 4, 0, 3, 2, 1, 1, 2, 1, 3, 1, 1, 1, 3, 0, 4, 3, 1, 4, 1, 1, 0, 4, 1, 2, 1, 1, 3, 1, 3, 1, 1, 1, 1, 3, 1, 2, 1, 2, 1, 1, 2, 1, 2, 2, 3, 1, 1]|[0, 2, 1, 1, 3, 3, 0, 1, 0, 0, 0, 0, 1, 0, 1, 0, 0, 3, 1, 0, 0, 0, 3, 1, 0, 2, 0, 0, 0, 1, 0, 0, 0, 0, 3, 0, 1, 0, 0, 2, 1, 1, 1, 0, 0, 0, 0, 2, 1, 0, 0, 0, 1, 3, 0, 0, 1, 0, 0, 1, 0, 2, 0, 1, 0, 2, 1, 0, 0, 1, 1, 3, 1, 1, 3, 0, 1, 0, 0, 2, 0, 0, 0, 0, 1, 0, 2, 0, 1, 0, 1, 0, 0, 0, 1, 0, 0, 0, 1, 0],801.427594812029,57868.49349465401,91455.85780813712,true
18,G1_CMAX,G1_CMAX,[31, 22, 82, 15, 26, 9, 42, 77, 12, 5, 47, 93, 78, 86, 54, 6, 63, 18, 44, 20, 35, 43, 97, 91, 76, 10, 30, 21, 45, 17, 23, 1, 71, 83, 24, 14, 60, 36, 85, 57, 40, 95, 88, 65, 56, 79, 94, 67, 68, 46, 75, 38, 58, 19, 32, 81, 41, 62, 87, 28, 90, 59, 11, 16, 72, 73, 69, 52, 37, 64, 84, 3, 25, 29, 55, 51, 7, 98, 61, 66, 99, 33, 89, 48, 50, 96, 53, 80, 4, 8, 27, 2, 39, 13, 0, 92, 49, 74, 34, 70]|[1, 1, 0, 1, 1, 1, 2, 2, 1, 2, 2, 1, 1, 1, 0, 0, 1, 0, 2, 2, 0, 1, 2, 2, 1, 2, 2, 0, 0, 1, 2, 1, 1, 0, 2, 0, 1, 1, 0, 1, 1, 1, 1, 0, 2, 1, 1, 0, 0, 0, 0, 1, 1, 2, 1, 2, 0, 0, 2, 0, 1, 2, 2, 1, 2, 1, 1, 1, 1, 1, 1, 2, 1, 0, 2, 0, 1, 2, 1, 0, 0, 2, 1, 0, 0, 2, 0, 0, 1, 1, 0, 0, 1, 0, 0, 0, 0, 2, 2, 1]|[0, 3, 1, 2, 0, 0, 1, 1, 4, 1, 1, 4, 4, 4, 2, 2, 4, 2, 1, 1, 1, 1, 2, 1, 2, 1, 1, 1, 1, 4, 0, 3, 3, 0, 1, 1, 0, 3, 2, 2, 2, 2, 0, 1, 1, 0, 4, 0, 1, 2, 2, 1, 4, 0, 3, 2, 1, 2, 1, 2, 3, 1, 1, 3, 0, 4, 4, 1, 4, 3, 1, 2, 4, 1, 1, 1, 1, 1, 3, 1, 1, 1, 1, 1, 1, 1, 2, 1, 4, 3, 2, 2, 1, 2, 2, 0, 1, 1, 1, 4]|[1, 1, 1, 1, 3, 3, 0, 0, 0, 0, 0, 2, 0, 1, 0, 0, 3, 1, 0, 0, 0, 3, 1, 0, 2, 0, 0, 0, 1, 3, 0, 0, 0, 0, 1, 0, 0, 2, 1, 1, 1, 1, 0, 0, 0, 0, 2, 1, 0, 0, 0, 1, 3, 0, 0, 1, 0, 1, 0, 1, 2, 0, 0, 2, 1, 0, 2, 1, 1, 0, 3, 1, 3, 0, 0, 0, 2, 0, 0, 0, 0, 0, 1, 0, 0, 0, 1, 0, 0, 2, 1, 0, 1, 0, 0, 1, 1, 0, 0, 2],733.3116759547878,58140.55643565909,96674.14109675489,false
18,G4_BALANCED,G4_BALANCED,[31, 22, 82, 15, 26, 58, 95, 42, 77, 12, 47, 5, 93, 78, 86, 54, 85, 63, 18, 72, 20, 35, 43, 97, 91, 76, 10, 30, 21, 45, 71, 64, 1, 23, 17, 83, 24, 14, 60, 36, 6, 57, 40, 88, 65, 56, 79, 94, 67, 41, 68, 75, 38, 9, 19, 32, 81, 55, 27, 62, 87, 90, 99, 59, 11, 16, 44, 73, 70, 39, 37, 84, 3, 92, 25, 46, 29, 28, 51, 7, 33, 61, 48, 98, 89, 8, 50, 96, 53, 80, 74, 66, 34, 2, 52, 13, 0, 49, 4, 69]|[1, 1, 0, 1, 1, 0, 1, 2, 2, 1, 2, 2, 2, 1, 1, 0, 0, 1, 0, 2, 2, 0, 1, 2, 0, 1, 2, 2, 0, 0, 1, 2, 1, 2, 1, 0, 2, 0, 1, 1, 0, 1, 1, 1, 0, 2, 1, 1, 0, 0, 0, 0, 1, 1, 2, 1, 2, 0, 0, 0, 2, 1, 0, 1, 2, 1, 2, 1, 1, 1, 1, 1, 1, 0, 1, 0, 0, 2, 0, 1, 2, 1, 0, 2, 1, 1, 0, 2, 0, 0, 2, 2, 2, 0, 1, 0, 0, 0, 1, 1]|[4, 3, 2, 2, 4, 1, 2, 2, 2, 4, 1, 1, 2, 4, 4, 1, 2, 4, 2, 1, 1, 1, 1, 2, 1, 2, 1, 1, 1, 1, 3, 2, 3, 1, 4, 0, 1, 1, 0, 3, 1, 2, 2, 0, 1, 1, 0, 4, 0, 1, 2, 2, 1, 4, 0, 3, 2, 1, 1, 2, 1, 3, 1, 1, 1, 3, 1, 4, 3, 1, 4, 1, 1, 0, 4, 2, 1, 1, 1, 1, 1, 3, 1, 1, 1, 3, 1, 1, 2, 1, 1, 1, 1, 2, 1, 2, 2, 1, 4, 4]|[0, 2, 1, 1, 3, 0, 1, 0, 0, 0, 0, 0, 1, 0, 1, 0, 0, 3, 1, 0, 0, 0, 3, 1, 0, 2, 0, 0, 0, 1, 0, 0, 0, 0, 3, 0, 1, 0, 0, 2, 0, 1, 1, 0, 0, 0, 0, 2, 1, 0, 0, 0, 1, 3, 0, 0, 1, 0, 0, 1, 0, 2, 0, 1, 0, 2, 0, 0, 0, 1, 1, 3, 1, 1, 3, 0, 0, 0, 0, 2, 0, 0, 0, 0, 1, 2, 0, 0, 1, 0, 0, 0, 0, 0, 1, 0, 0, 1, 0, 2],803.0384401484392,55492.80448051974,99537.6033374473,false
18,G2_TEC,G2_TEC,[31, 22, 82, 15, 26, 9, 95, 42, 77, 68, 47, 5, 93, 78, 86, 54, 85, 63, 18, 44, 20, 49, 36, 14, 74, 50, 53, 25, 21, 28, 71, 64, 3, 23, 30, 83, 24, 41, 40, 52, 65, 27, 90, 70, 39, 87, 48, 69, 99, 4, 46, 1, 13, 58, 97, 59, 45, 8, 73, 37, 35, 79, 11, 66, 76, 32, 60, 80, 96, 6, 16, 61, 33, 7, 57, 34, 12, 67, 10, 98, 56, 88, 29, 75, 91, 38, 19, 92, 43, 84, 51, 72, 81, 17, 2, 55, 0, 62, 89, 94]|[2, 1, 2, 1, 1, 2, 1, 1, 1, 1, 1, 0, 2, 2, 1, 2, 0, 0, 0, 2, 2, 1, 0, 2, 0, 2, 2, 1, 0, 1, 1, 1, 0, 0, 1, 0, 2, 1, 2, 2, 0, 0, 1, 1, 0, 2, 0, 2, 1, 0, 0, 2, 0, 0, 2, 0, 1, 1, 0, 0, 2, 1, 0, 2, 2, 0, 2, 2, 0, 1, 2, 1, 1, 2, 0, 1, 1, 1, 1, 2, 2, 1, 1, 0, 1, 0, 1, 0, 1, 0, 1, 1, 1, 1, 2, 0, 0, 1, 1, 2]|[0, 3, 0, 3, 4, 1, 4, 4, 2, 4, 3, 2, 1, 0, 2, 1, 1, 1, 2, 1, 1, 3, 0, 1, 0, 1, 1, 4, 1, 4, 3, 2, 2, 0, 4, 1, 1, 4, 0, 1, 2, 1, 4, 4, 1, 1, 0, 2, 3, 1, 2, 1, 2, 1, 1, 2, 4, 3, 0, 2, 2, 3, 1, 0, 1, 2, 0, 1, 2, 4, 1, 3, 4, 1, 2, 4, 3, 3, 3, 1, 1, 4, 3, 2, 3, 2, 4, 2, 4, 2, 3, 4, 4, 4, 1, 2, 2, 3, 4, 1]|[0, 2, 0, 0, 3, 0, 1, 3, 0, 0, 2, 0, 1, 0, 1, 0, 0, 0, 1, 0, 0, 2, 0, 0, 1, 0, 0, 3, 0, 1, 0, 2, 0, 0, 3, 0, 1, 3, 0, 0, 0, 0, 1, 3, 0, 0, 1, 0, 2, 0, 0, 0, 0, 0, 1, 0, 1, 0, 1, 1, 0, 2, 0, 0, 0, 0, 0, 0, 0, 2, 0, 0, 1, 0, 0, 1, 0, 0, 3, 0, 0, 1, 0, 0, 0, 0, 3, 0, 2, 0, 0, 2, 1, 3, 0, 0, 0, 0, 1, 0],890.9074744783937,50765.917855663734,113588.58833646381,false
18,G3_TWC,G1_CMAX,[31, 22, 82, 15, 26, 9, 42, 95, 77, 12, 47, 5, 93, 78, 86, 54, 85, 63, 18, 44, 20, 35, 43, 97, 91, 76, 10, 30, 21, 45, 71, 64, 1, 23, 17, 83, 24, 14, 60, 36, 6, 57, 94, 88, 65, 56, 79, 40, 67, 68, 46, 75, 38, 58, 19, 32, 81, 41, 27, 62, 87, 90, 99, 59, 11, 16, 72, 73, 69, 39, 37, 84, 3, 92, 25, 55, 28, 29, 51, 7, 33, 61, 98, 66, 89, 50, 8, 96, 53, 80, 4, 48, 34, 2, 52, 13, 0, 70, 49, 74]|[1, 1, 0, 1, 1, 1, 2, 1, 2, 1, 2, 2, 2, 1, 1, 0, 0, 1, 0, 2, 2, 0, 1, 2, 0, 1, 2, 2, 0, 0, 1, 2, 1, 2, 1, 0, 2, 0, 1, 1, 0, 1, 1, 1, 0, 2, 1, 1, 0, 0, 0, 0, 1, 1, 2, 1, 2, 0, 0, 0, 2, 1, 0, 1, 2, 1, 2, 1, 1, 1, 1, 1, 1, 0, 1, 2, 0, 0, 0, 1, 2, 1, 0, 2, 1, 0, 1, 0, 0, 0, 0, 0, 2, 0, 1, 0, 0, 1, 0, 2]|[4, 3, 2, 2, 0, 0, 2, 2, 2, 4, 1, 1, 2, 4, 4, 1, 2, 4, 2, 1, 1, 1, 1, 2, 1, 2, 1, 1, 1, 1, 3, 2, 3, 0, 4, 0, 1, 1, 0, 3, 2, 2, 2, 0, 1, 1, 0, 4, 0, 1, 2, 2, 1, 4, 0, 3, 2, 1, 1, 2, 1, 3, 1, 1, 1, 3, 0, 4, 3, 1, 4, 1, 1, 0, 4, 1, 2, 1, 1, 3, 1, 3, 1, 1, 1, 1, 3, 1, 2, 1, 2, 1, 1, 2, 1, 2, 2, 3, 1, 1]|[0, 2, 1, 1, 3, 3, 0, 1, 0, 0, 0, 0, 1, 0, 1, 0, 0, 3, 1, 0, 0, 0, 3, 1, 0, 2, 0, 0, 0, 1, 0, 0, 0, 0, 3, 0, 1, 0, 0, 2, 1, 1, 1, 0, 0, 0, 0, 2, 1, 0, 0, 0, 1, 3, 0, 0, 1, 0, 0, 1, 0, 2, 0, 1, 0, 2, 1, 0, 0, 1, 1, 3, 1, 1, 3, 0, 1, 0, 0, 2, 0, 0, 0, 0, 1, 0, 2, 0, 1, 0, 1, 0, 0, 0, 1, 0, 0, 0, 1, 0],801.427594812029,57868.49349465401,91455.85780813712,true
19,G1_CMAX,G1_CMAX,[31, 22, 82, 15, 26, 9, 42, 77, 12, 5, 47, 93, 78, 86, 54, 6, 63, 18, 44, 20, 35, 43, 97, 91, 76, 10, 30, 21, 45, 17, 23, 1, 71, 83, 24, 14, 60, 36, 85, 57, 40, 95, 88, 65, 56, 79, 94, 67, 68, 46, 75, 38, 58, 19, 32, 81, 41, 62, 87, 28, 90, 59, 11, 16, 72, 73, 69, 52, 37, 64, 84, 3, 25, 29, 55, 51, 7, 98, 61, 66, 99, 33, 89, 48, 50, 96, 53, 80, 4, 8, 27, 2, 39, 13, 0, 92, 49, 74, 34, 70]|[1, 1, 0, 1, 1, 1, 2, 2, 1, 2, 2, 1, 1, 1, 0, 0, 1, 0, 2, 2, 0, 1, 2, 2, 1, 2, 2, 0, 0, 1, 2, 1, 1, 0, 2, 0, 1, 1, 0, 1, 1, 1, 1, 0, 2, 1, 1, 0, 0, 0, 0, 1, 1, 2, 1, 2, 0, 0, 2, 0, 1, 2, 2, 1, 2, 1, 1, 1, 1, 1, 1, 2, 1, 0, 2, 0, 1, 2, 1, 0, 0, 2, 1, 0, 0, 2, 0, 0, 1, 1, 0, 0, 1, 0, 0, 0, 0, 2, 2, 1]|[0, 3, 1, 2, 0, 0, 1, 1, 4, 1, 1, 4, 4, 4, 2, 2, 4, 2, 1, 1, 1, 1, 2, 1, 2, 1, 1, 1, 1, 4, 0, 3, 3, 0, 1, 1, 0, 3, 2, 2, 2, 2, 0, 1, 1, 0, 4, 0, 1, 2, 2, 1, 4, 0, 3, 2, 1, 2, 1, 2, 3, 1, 1, 3, 0, 4, 4, 1, 4, 3, 1, 2, 4, 1, 1, 1, 1, 1, 3, 1, 1, 1, 1, 1, 1, 1, 2, 1, 4, 3, 2, 2, 1, 2, 2, 0, 1, 1, 1, 4]|[1, 1, 1, 1, 3, 3, 0, 0, 0, 0, 0, 2, 0, 1, 0, 0, 3, 1, 0, 0, 0, 3, 1, 0, 2, 0, 0, 0, 1, 3, 0, 0, 0, 0, 1, 0, 0, 2, 1, 1, 1, 1, 0, 0, 0, 0, 2, 1, 0, 0, 0, 1, 3, 0, 0, 1, 0, 1, 0, 1, 2, 0, 0, 2, 1, 0, 2, 1, 1, 0, 3, 1, 3, 0, 0, 0, 2, 0, 0, 0, 0, 0, 1, 0, 0, 0, 1, 0, 0, 2, 1, 0, 1, 0, 0, 1, 1, 0, 0, 2],733.3116759547878,58140.55643565909,96674.14109675489,false
19,G4_BALANCED,G3_TWC,[31, 22, 82, 15, 26, 9, 42, 95, 77, 12, 47, 5, 93, 78, 86, 54, 85, 63, 18, 44, 20, 35, 43, 97, 91, 76, 10, 30, 21, 45, 71, 64, 1, 23, 17, 83, 24, 14, 60, 36, 6, 57, 94, 88, 65, 56, 79, 40, 67, 68, 46, 75, 38, 58, 19, 32, 81, 41, 27, 62, 87, 90, 99, 59, 11, 16, 72, 73, 69, 39, 37, 84, 3, 92, 25, 55, 28, 29, 51, 7, 33, 61, 98, 66, 89, 50, 8, 96, 53, 80, 48, 4, 34, 2, 52, 49, 0, 70, 74, 13]|[1, 1, 0, 1, 1, 1, 2, 1, 2, 1, 2, 2, 2, 1, 1, 0, 0, 1, 0, 2, 2, 0, 1, 2, 0, 1, 2, 2, 0, 0, 1, 2, 1, 2, 1, 0, 2, 0, 1, 1, 0, 1, 1, 1, 0, 2, 1, 1, 0, 0, 0, 0, 1, 1, 2, 1, 2, 0, 0, 0, 2, 1, 0, 1, 2, 1, 2, 1, 1, 1, 1, 1, 1, 0, 1, 1, 0, 0, 0, 1, 0, 1, 0, 2, 1, 0, 0, 0, 0, 0, 0, 0, 2, 0, 1, 0, 0, 1, 2, 0]|[4, 3, 2, 2, 0, 0, 2, 2, 2, 4, 1, 1, 2, 4, 4, 1, 2, 4, 2, 1, 1, 1, 1, 2, 1, 2, 1, 1, 1, 1, 3, 2, 3, 0, 4, 0, 1, 1, 0, 3, 2, 2, 2, 0, 1, 1, 0, 4, 0, 1, 2, 2, 1, 4, 0, 3, 2, 1, 1, 2, 1, 3, 1, 1, 1, 3, 0, 4, 3, 1, 4, 1, 1, 0, 4, 4, 2, 1, 1, 1, 2, 3, 1, 1, 1, 1, 1, 1, 2, 1, 1, 2, 1, 2, 1, 1, 2, 3, 1, 2]|[0, 2, 1, 1, 3, 3, 0, 1, 0, 0, 0, 0, 1, 0, 1, 0, 0, 3, 1, 0, 0, 0, 3, 1, 0, 2, 0, 0, 0, 1, 0, 0, 0, 0, 3, 0, 1, 0, 0, 2, 1, 1, 1, 0, 0, 0, 0, 2, 1, 0, 0, 0, 1, 3, 0, 0, 1, 0, 0, 1, 0, 2, 0, 1, 0, 2, 1, 0, 0, 1, 1, 3, 1, 1, 3, 3, 1, 0, 0, 2, 1, 0, 0, 0, 1, 0, 0, 0, 1, 0, 0, 1, 0, 0, 1, 1, 0, 0, 0, 0],835.4232109657781,58319.65080898024,90798.3532310631,true
19,G2_TEC,G2_TEC,[31, 22, 82, 15, 26, 9, 95, 42, 77, 68, 47, 5, 93, 78, 86, 54, 85, 63, 18, 44, 20, 49, 36, 14, 74, 50, 53, 25, 21, 28, 71, 64, 3, 23, 30, 83, 24, 41, 40, 52, 65, 27, 90, 70, 39, 87, 48, 69, 99, 4, 46, 1, 13, 58, 97, 59, 45, 8, 73, 37, 35, 79, 11, 66, 76, 32, 60, 80, 96, 6, 16, 61, 33, 7, 57, 34, 12, 67, 10, 98, 56, 88, 29, 75, 91, 38, 19, 92, 43, 84, 51, 72, 81, 17, 2, 55, 0, 62, 89, 94]|[2, 1, 2, 1, 1, 2, 1, 1, 1, 1, 1, 0, 2, 2, 1, 2, 0, 0, 0, 2, 2, 1, 0, 2, 0, 2, 2, 1, 0, 1, 1, 1, 0, 0, 1, 0, 2, 1, 2, 2, 0, 0, 1, 1, 0, 2, 0, 2, 1, 0, 0, 2, 0, 0, 2, 0, 1, 1, 0, 0, 2, 1, 0, 2, 2, 0, 2, 2, 0, 1, 2, 1, 1, 2, 0, 1, 1, 1, 1, 2, 2, 1, 1, 0, 1, 0, 1, 0, 1, 0, 1, 1, 1, 1, 2, 0, 0, 1, 1, 2]|[0, 3, 0, 3, 4, 1, 4, 4, 2, 4, 3, 2, 1, 0, 2, 1, 1, 1, 2, 1, 1, 3, 0, 1, 0, 1, 1, 4, 1, 4, 3, 2, 2, 0, 4, 1, 1, 4, 0, 1, 2, 1, 4, 4, 1, 1, 0, 2, 3, 1, 2, 1, 2, 1, 1, 2, 4, 3, 0, 2, 2, 3, 1, 0, 1, 2, 0, 1, 2, 4, 1, 3, 4, 1, 2, 4, 3, 3, 3, 1, 1, 4, 3, 2, 3, 2, 4, 2, 4, 2, 3, 4, 4, 4, 1, 2, 2, 3, 4, 1]|[0, 2, 0, 0, 3, 0, 1, 3, 0, 0, 2, 0, 1, 0, 1, 0, 0, 0, 1, 0, 0, 2, 0, 0, 1, 0, 0, 3, 0, 1, 0, 2, 0, 0, 3, 0, 1, 3, 0, 0, 0, 0, 1, 3, 0, 0, 1, 0, 2, 0, 0, 0, 0, 0, 1, 0, 1, 0, 1, 1, 0, 2, 0, 0, 0, 0, 0, 0, 0, 2, 0, 0, 1, 0, 0, 1, 0, 0, 3, 0, 0, 1, 0, 0, 0, 0, 3, 0, 2, 0, 0, 2, 1, 3, 0, 0, 0, 0, 1, 0],890.9074744783937,50765.917855663734,113588.58833646381,false
19,G3_TWC,G1_CMAX,[31, 22, 82, 15, 26, 9, 42, 95, 77, 12, 47, 5, 93, 78, 86, 54, 85, 63, 18, 44, 20, 35, 43, 97, 91, 76, 10, 30, 21, 45, 71, 64, 1, 23, 17, 83, 24, 14, 60, 36, 6, 57, 94, 88, 65, 56, 79, 40, 67, 68, 46, 75, 38, 58, 19, 32, 81, 41, 27, 62, 87, 90, 99, 59, 11, 16, 72, 73, 69, 39, 37, 84, 3, 92, 25, 55, 28, 29, 51, 7, 33, 61, 98, 66, 89, 50, 8, 96, 53, 80, 4, 48, 34, 2, 52, 13, 0, 70, 49, 74]|[1, 1, 0, 1, 1, 1, 2, 1, 2, 1, 2, 2, 2, 1, 1, 0, 0, 1, 0, 2, 2, 0, 1, 2, 0, 1, 2, 2, 0, 0, 1, 2, 1, 2, 1, 0, 2, 0, 1, 1, 0, 1, 1, 1, 0, 2, 1, 1, 0, 0, 0, 0, 1, 1, 2, 1, 2, 0, 0, 0, 2, 1, 0, 1, 2, 1, 2, 1, 1, 1, 1, 1, 1, 0, 1, 2, 0, 0, 0, 1, 2, 1, 0, 2, 1, 0, 1, 0, 0, 0, 0, 0, 2, 0, 1, 0, 0, 1, 0, 2]|[4, 3, 2, 2, 0, 0, 2, 2, 2, 4, 1, 1, 2, 4, 4, 1, 2, 4, 2, 1, 1, 1, 1, 2, 1, 2, 1, 1, 1, 1, 3, 2, 3, 0, 4, 0, 1, 1, 0, 3, 2, 2, 2, 0, 1, 1, 0, 4, 0, 1, 2, 2, 1, 4, 0, 3, 2, 1, 1, 2, 1, 3, 1, 1, 1, 3, 0, 4, 3, 1, 4, 1, 1, 0, 4, 1, 2, 1, 1, 3, 1, 3, 1, 1, 1, 1, 3, 1, 2, 1, 2, 1, 1, 2, 1, 2, 2, 3, 1, 1]|[0, 2, 1, 1, 3, 3, 0, 1, 0, 0, 0, 0, 1, 0, 1, 0, 0, 3, 1, 0, 0, 0, 3, 1, 0, 2, 0, 0, 0, 1, 0, 0, 0, 0, 3, 0, 1, 0, 0, 2, 1, 1, 1, 0, 0, 0, 0, 2, 1, 0, 0, 0, 1, 3, 0, 0, 1, 0, 0, 1, 0, 2, 0, 1, 0, 2, 1, 0, 0, 1, 1, 3, 1, 1, 3, 0, 1, 0, 0, 2, 0, 0, 0, 0, 1, 0, 2, 0, 1, 0, 1, 0, 0, 0, 1, 0, 0, 0, 1, 0],801.427594812029,57868.49349465401,91455.85780813712,true
19,G1_CMAX,G1_CMAX,[31, 22, 82, 15, 26, 9, 42, 77, 12, 5, 47, 93, 78, 86, 54, 6, 63, 18, 44, 20, 35, 43, 97, 91, 76, 10, 30, 21, 45, 17, 23, 1, 71, 83, 24, 14, 60, 36, 85, 57, 40, 95, 88, 65, 56, 79, 94, 67, 68, 46, 75, 38, 58, 19, 32, 81, 41, 62, 87, 28, 90, 59, 11, 16, 72, 73, 69, 52, 37, 64, 84, 3, 25, 29, 55, 51, 7, 98, 61, 66, 99, 33, 89, 48, 50, 96, 53, 80, 4, 8, 27, 2, 39, 13, 0, 92, 49, 74, 34, 70]|[1, 1, 0, 1, 1, 1, 2, 2, 1, 2, 2, 1, 1, 1, 0, 0, 1, 0, 2, 2, 0, 1, 2, 2, 1, 2, 2, 0, 0, 1, 2, 1, 1, 0, 2, 0, 1, 1, 0, 1, 1, 1, 1, 0, 2, 1, 1, 0, 0, 0, 0, 1, 1, 2, 1, 2, 0, 0, 2, 0, 1, 2, 2, 1, 2, 1, 1, 1, 1, 1, 1, 2, 1, 0, 2, 0, 1, 2, 1, 0, 0, 2, 1, 0, 0, 2, 0, 0, 1, 1, 0, 0, 1, 0, 0, 0, 0, 2, 2, 1]|[0, 3, 1, 2, 0, 0, 1, 1, 4, 1, 1, 4, 4, 4, 2, 2, 4, 2, 1, 1, 1, 1, 2, 1, 2, 1, 1, 1, 1, 4, 0, 3, 3, 0, 1, 1, 0, 3, 2, 2, 2, 2, 0, 1, 1, 0, 4, 0, 1, 2, 2, 1, 4, 0, 3, 2, 1, 2, 1, 2, 3, 1, 1, 3, 0, 4, 4, 1, 4, 3, 1, 2, 4, 1, 1, 1, 1, 1, 3, 1, 1, 1, 1, 1, 1, 1, 2, 1, 4, 3, 2, 2, 1, 2, 2, 0, 1, 1, 1, 4]|[1, 1, 1, 1, 3, 3, 0, 0, 0, 0, 0, 2, 0, 1, 0, 0, 3, 1, 0, 0, 0, 3, 1, 0, 2, 0, 0, 0, 1, 3, 0, 0, 0, 0, 1, 0, 0, 2, 1, 1, 1, 1, 0, 0, 0, 0, 2, 1, 0, 0, 0, 1, 3, 0, 0, 1, 0, 1, 0, 1, 2, 0, 0, 2, 1, 0, 2, 1, 1, 0, 3, 1, 3, 0, 0, 0, 2, 0, 0, 0, 0, 0, 1, 0, 0, 0, 1, 0, 0, 2, 1, 0, 1, 0, 0, 1, 1, 0, 0, 2],733.3116759547878,58140.55643565909,96674.14109675489,false
19,G4_BALANCED,G4_BALANCED,[31, 11, 82, 15, 26, 9, 95, 42, 77, 68, 47, 5, 93, 78, 86, 54, 85, 63, 18, 44, 20, 49, 36, 14, 74, 50, 53, 17, 21, 45, 71, 64, 3, 23, 30, 83, 24, 41, 60, 52, 65, 27, 90, 70, 39, 87, 48, 69, 99, 4, 46, 1, 13, 58, 97, 59, 28, 75, 73, 37, 35, 79, 22, 66, 76, 32, 40, 80, 96, 6, 61, 16, 33, 7, 57, 34, 12, 67, 10, 98, 56, 88, 29, 25, 91, 38, 19, 92, 43, 84, 51, 72, 81, 8, 2, 55, 0, 62, 89, 94]|[2, 1, 2, 1, 1, 2, 1, 1, 1, 1, 1, 0, 2, 2, 1, 2, 0, 0, 0, 2, 2, 1, 0, 2, 0, 2, 2, 1, 0, 1, 1, 1, 0, 0, 1, 0, 2, 1, 2, 2, 0, 0, 1, 1, 0, 2, 0, 2, 1, 0, 0, 2, 0, 0, 2, 0, 1, 1, 0, 0, 2, 1, 0, 2, 2, 0, 2, 2, 0, 1, 1, 2, 1, 2, 0, 1, 1, 1, 1, 2, 2, 1, 1, 1, 1, 0, 1, 0, 1, 0, 1, 1, 1, 0, 2, 0, 0, 1, 1, 2]|[0, 3, 0, 2, 4, 1, 4, 4, 2, 4, 3, 2, 1, 0, 2, 1, 1, 1, 2, 1, 1, 3, 0, 1, 0, 1, 1, 4, 1, 4, 3, 2, 2, 0, 4, 1, 1, 4, 0, 1, 2, 1, 4, 4, 1, 1, 0, 2, 3, 1, 2, 1, 2, 1, 1, 2, 4, 3, 0, 2, 2, 3, 1, 0, 1, 2, 0, 1, 2, 4, 3, 1, 4, 1, 2, 4, 3, 3, 3, 1, 1, 4, 3, 4, 3, 2, 4, 2, 4, 2, 3, 4, 1, 2, 1, 2, 2, 3, 4, 1]|[0, 2, 0, 1, 3, 0, 1, 3, 0, 0, 2, 0, 1, 0, 1, 0, 0, 0, 1, 0, 0, 2, 0, 0, 1, 0, 0, 3, 0, 1, 0, 2, 0, 1, 3, 0, 1, 3, 0, 0, 0, 0, 1, 3, 0, 0, 1, 0, 2, 0, 0, 0, 0, 0, 1, 0, 1, 0, 1, 1, 0, 2, 0, 0, 0, 0, 0, 0, 0, 2, 0, 0, 1, 0, 0, 1, 0, 0, 3, 0, 0, 1, 0, 3, 0, 0, 3, 0, 2, 0, 0, 2, 1, 0, 0, 0, 0, 0, 1, 0],855.0393744413956,51684.66824914086,111484.00316030454,false
19,G2_TEC,G2_TEC,[31, 22, 82, 15, 26, 9, 95, 42, 77, 68, 47, 5, 93, 78, 86, 54, 85, 63, 18, 44, 20, 49, 36, 14, 74, 50, 53, 25, 21, 28, 71, 64, 3, 23, 30, 83, 24, 41, 40, 52, 65, 27, 90, 70, 39, 87, 48, 69, 99, 4, 46, 1, 13, 58, 97, 59, 45, 8, 73, 37, 35, 79, 11, 66, 76, 32, 60, 80, 96, 6, 16, 61, 33, 7, 57, 34, 12, 67, 10, 98, 56, 88, 29, 75, 91, 38, 19, 92, 43, 84, 51, 72, 81, 17, 2, 55, 0, 62, 89, 94]|[2, 1, 2, 1, 1, 2, 1, 1, 1, 1, 1, 0, 2, 2, 1, 2, 0, 0, 0, 2, 2, 1, 0, 2, 0, 2, 2, 1, 0, 1, 1, 1, 0, 0, 1, 0, 2, 1, 2, 2, 0, 0, 1, 1, 0, 2, 0, 2, 1, 0, 0, 2, 0, 0, 2, 0, 1, 1, 0, 0, 2, 1, 0, 2, 2, 0, 2, 2, 0, 1, 2, 1, 1, 2, 0, 1, 1, 1, 1, 2, 2, 1, 1, 0, 1, 0, 1, 0, 1, 0, 1, 1, 1, 1, 2, 0, 0, 1, 1, 2]|[0, 3, 0, 3, 4, 1, 4, 4, 2, 4, 3, 2, 1, 0, 2, 1, 1, 1, 2, 1, 1, 3, 0, 1, 0, 1, 1, 4, 1, 4, 3, 2, 2, 0, 4, 1, 1, 4, 0, 1, 2, 1, 4, 4, 1, 1, 0, 2, 3, 1, 2, 1, 2, 1, 1, 2, 4, 3, 0, 2, 2, 3, 1, 0, 1, 2, 0, 1, 2, 4, 1, 3, 4, 1, 2, 4, 3, 3, 3, 1, 1, 4, 3, 2, 3, 2, 4, 2, 4, 2, 3, 4, 4, 4, 1, 2, 2, 3, 4, 1]|[0, 2, 0, 0, 3, 0, 1, 3, 0, 0, 2, 0, 1, 0, 1, 0, 0, 0, 1, 0, 0, 2, 0, 0, 1, 0, 0, 3, 0, 1, 0, 2, 0, 0, 3, 0, 1, 3, 0, 0, 0, 0, 1, 3, 0, 0, 1, 0, 2, 0, 0, 0, 0, 0, 1, 0, 1, 0, 1, 1, 0, 2, 0, 0, 0, 0, 0, 0, 0, 2, 0, 0, 1, 0, 0, 1, 0, 0, 3, 0, 0, 1, 0, 0, 0, 0, 3, 0, 2, 0, 0, 2, 1, 3, 0, 0, 0, 0, 1, 0],890.9074744783937,50765.917855663734,113588.58833646381,false
19,G3_TWC,G1_CMAX,[31, 22, 82, 15, 26, 9, 42, 95, 77, 12, 47, 5, 93, 78, 86, 54, 85, 63, 18, 44, 20, 35, 43, 97, 91, 76, 10, 30, 21, 45, 71, 64, 1, 23, 17, 83, 24, 14, 60, 36, 6, 57, 94, 88, 65, 56, 79, 40, 67, 68, 46, 75, 38, 58, 19, 32, 81, 41, 27, 62, 87, 90, 99, 59, 11, 16, 72, 73, 69, 39, 37, 84, 3, 92, 25, 55, 28, 29, 51, 7, 33, 61, 98, 66, 89, 50, 8, 96, 53, 80, 4, 48, 34, 2, 52, 13, 0, 70, 49, 74]|[1, 1, 0, 1, 1, 1, 2, 1, 2, 1, 2, 2, 2, 1, 1, 0, 0, 1, 0, 2, 2, 0, 1, 2, 0, 1, 2, 2, 0, 0, 1, 2, 1, 2, 1, 0, 2, 0, 1, 1, 0, 1, 1, 1, 0, 2, 1, 1, 0, 0, 0, 0, 1, 1, 2, 1, 2, 0, 0, 0, 2, 1, 0, 1, 2, 1, 2, 1, 1, 1, 1, 1, 1, 0, 1, 2, 0, 0, 0, 1, 2, 1, 0, 2, 1, 0, 1, 0, 0, 0, 0, 0, 2, 0, 1, 0, 0, 1, 0, 2]|[4, 3, 2, 2, 0, 0, 2, 2, 2, 4, 1, 1, 2, 4, 4, 1, 2, 4, 2, 1, 1, 1, 1, 2, 1, 2, 1, 1, 1, 1, 3, 2, 3, 0, 4, 0, 1, 1, 0, 3, 2, 2, 2, 0, 1, 1, 0, 4, 0, 1, 2, 2, 1, 4, 0, 3, 2, 1, 1, 2, 1, 3, 1, 1, 1, 3, 0, 4, 3, 1, 4, 1, 1, 0, 4, 1, 2, 1, 1, 3, 1, 3, 1, 1, 1, 1, 3, 1, 2, 1, 2, 1, 1, 2, 1, 2, 2, 3, 1, 1]|[0, 2, 1, 1, 3, 3, 0, 1, 0, 0, 0, 0, 1, 0, 1, 0, 0, 3, 1, 0, 0, 0, 3, 1, 0, 2, 0, 0, 0, 1, 0, 0, 0, 0, 3, 0, 1, 0, 0, 2, 1, 1, 1, 0, 0, 0, 0, 2, 1, 0, 0, 0, 1, 3, 0, 0, 1, 0, 0, 1, 0, 2, 0, 1, 0, 2, 1, 0, 0, 1, 1, 3, 1, 1, 3, 0, 1, 0, 0, 2, 0, 0, 0, 0, 1, 0, 2, 0, 1, 0, 1, 0, 0, 0, 1, 0, 0, 0, 1, 0],801.427594812029,57868.49349465401,91455.85780813712,true
19,G1_CMAX,G1_CMAX,[31, 22, 82, 15, 26, 9, 42, 77, 12, 5, 47, 93, 78, 86, 54, 6, 63, 18, 44, 20, 35, 43, 97, 91, 76, 10, 30, 21, 45, 17, 23, 1, 71, 83, 24, 14, 60, 36, 85, 57, 40, 95, 88, 65, 56, 79, 94, 67, 68, 46, 75, 38, 58, 19, 32, 81, 41, 62, 87, 28, 90, 59, 11, 16, 72, 73, 69, 52, 37, 64, 84, 3, 25, 29, 55, 51, 7, 98, 61, 66, 99, 33, 89, 48, 50, 96, 53, 80, 4, 8, 27, 2, 39, 13, 0, 92, 49, 74, 34, 70]|[1, 1, 0, 1, 1, 1, 2, 2, 1, 2, 2, 1, 1, 1, 0, 0, 1, 0, 2, 2, 0, 1, 2, 2, 1, 2, 2, 0, 0, 1, 2, 1, 1, 0, 2, 0, 1, 1, 0, 1, 1, 1, 1, 0, 2, 1, 1, 0, 0, 0, 0, 1, 1, 2, 1, 2, 0, 0, 2, 0, 1, 2, 2, 1, 2, 1, 1, 1, 1, 1, 1, 2, 1, 0, 2, 0, 1, 2, 1, 0, 0, 2, 1, 0, 0, 2, 0, 0, 1, 1, 0, 0, 1, 0, 0, 0, 0, 2, 2, 1]|[0, 3, 1, 2, 0, 0, 1, 1, 4, 1, 1, 4, 4, 4, 2, 2, 4, 2, 1, 1, 1, 1, 2, 1, 2, 1, 1, 1, 1, 4, 0, 3, 3, 0, 1, 1, 0, 3, 2, 2, 2, 2, 0, 1, 1, 0, 4, 0, 1, 2, 2, 1, 4, 0, 3, 2, 1, 2, 1, 2, 3, 1, 1, 3, 0, 4, 4, 1, 4, 3, 1, 2, 4, 1, 1, 1, 1, 1, 3, 1, 1, 1, 1, 1, 1, 1, 2, 1, 4, 3, 2, 2, 1, 2, 2, 0, 1, 1, 1, 4]|[1, 1, 1, 1, 3, 3, 0, 0, 0, 0, 0, 2, 0, 1, 0, 0, 3, 1, 0, 0, 0, 3, 1, 0, 2, 0, 0, 0, 1, 3, 0, 0, 0, 0, 1, 0, 0, 2, 1, 1, 1, 1, 0, 0, 0, 0, 2, 1, 0, 0, 0, 1, 3, 0, 0, 1, 0, 1, 0, 1, 2, 0, 0, 2, 1, 0, 2, 1, 1, 0, 3, 1, 3, 0, 0, 0, 2, 0, 0, 0, 0, 0, 1, 0, 0, 0, 1, 0, 0, 2, 1, 0, 1, 0, 0, 1, 1, 0, 0, 2],733.3116759547878,58140.55643565909,96674.14109675489,false
19,G4_BALANCED,G2_TEC,[31, 22, 82, 15, 26, 9, 95, 42, 77, 68, 47, 5, 3, 78, 86, 54, 85, 63, 18, 44, 20, 49, 36, 14, 74, 50, 53, 25, 21, 28, 71, 64, 93, 23, 30, 83, 24, 41, 40, 52, 65, 27, 90, 70, 39, 87, 48, 69, 99, 4, 46, 1, 13, 58, 97, 59, 45, 8, 73, 37, 35, 79, 11, 66, 76, 32, 60, 80, 96, 6, 16, 61, 33, 7, 57, 34, 12, 67, 10, 98, 56, 88, 29, 75, 91, 38, 19, 92, 43, 84, 51, 72, 81, 17, 2, 55, 0, 89, 94, 62]|[2, 1, 2, 1, 1, 2, 1, 1, 1, 1, 1, 0, 2, 2, 1, 2, 0, 0, 0, 2, 2, 1, 0, 2, 0, 2, 2, 1, 0, 1, 1, 1, 0, 0, 1, 0, 2, 1, 2, 2, 0, 0, 1, 1, 0, 2, 0, 2, 1, 0, 0, 2, 0, 0, 2, 0, 1, 1, 0, 0, 2, 1, 0, 2, 2, 0, 2, 2, 0, 1, 2, 1, 1, 2, 0, 1, 1, 1, 1, 2, 0, 1, 1, 0, 1, 0, 1, 0, 1, 0, 1, 1, 1, 1, 2, 0, 0, 1, 2, 1]|[0, 3, 0, 3, 4, 1, 4, 4, 2, 4, 3, 2, 1, 0, 2, 1, 1, 1, 2, 1, 1, 3, 0, 1, 0, 1, 1, 4, 1, 4, 3, 2, 2, 0, 4, 1, 1, 4, 0, 1, 2, 1, 4, 4, 1, 1, 0, 2, 3, 1, 2, 1, 2, 1, 1, 2, 4, 3, 0, 2, 2, 3, 1, 0, 1, 2, 0, 1, 2, 4, 1, 3, 4, 1, 2, 4, 3, 3, 3, 1, 2, 4, 3, 2, 3, 2, 4, 2, 4, 2, 3, 4, 4, 4, 1, 2, 2, 4, 1, 3]|[0, 2, 0, 0, 3, 0, 1, 3, 0, 0, 2, 0, 1, 0, 1, 0, 0, 0, 1, 0, 0, 2, 0, 0, 1, 0, 0, 3, 0, 1, 0, 2, 0, 0, 3, 0, 1, 3, 0, 0, 0, 0, 1, 3, 0, 0, 1, 0, 2, 0, 0, 0, 0, 0, 1, 0, 1, 0, 1, 1, 0, 2, 0, 0, 0, 0, 0, 0, 0, 2, 0, 0, 1, 0, 0, 1, 0, 0, 3, 0, 0, 1, 0, 0, 0, 0, 3, 0, 2, 0, 0, 2, 1, 3, 0, 0, 0, 1, 0, 0],910.9544937701886,50752.75193769945,112757.13912816168,true
19,G2_TEC,G2_TEC,[31, 22, 82, 15, 26, 9, 95, 42, 77, 68, 47, 5, 93, 78, 86, 54, 85, 63, 18, 44, 20, 49, 36, 14, 74, 50, 53, 25, 21, 28, 71, 64, 3, 23, 30, 83, 24, 41, 40, 52, 65, 27, 90, 70, 39, 87, 48, 69, 99, 4, 46, 1, 13, 58, 97, 59, 45, 8, 73, 37, 35, 79, 11, 66, 76, 32, 60, 80, 96, 6, 16, 61, 33, 7, 57, 34, 12, 67, 10, 98, 56, 88, 29, 75, 91, 38, 19, 92, 43, 84, 51, 72, 81, 17, 2, 55, 0, 62, 89, 94]|[2, 1, 2, 1, 1, 2, 1, 1, 1, 1, 1, 0, 2, 2, 1, 2, 0, 0, 0, 2, 2, 1, 0, 2, 0, 2, 2, 1, 0, 1, 1, 1, 0, 0, 1, 0, 2, 1, 2, 2, 0, 0, 1, 1, 0, 2, 0, 2, 1, 0, 0, 2, 0, 0, 2, 0, 1, 1, 0, 0, 2, 1, 0, 2, 2, 0, 2, 2, 0, 1, 2, 1, 1, 2, 0, 1, 1, 1, 1, 2, 2, 1, 1, 0, 1, 0, 1, 0, 1, 0, 1, 1, 1, 1, 2, 0, 0, 1, 1, 2]|[0, 3, 0, 3, 4, 1, 4, 4, 2, 4, 3, 2, 1, 0, 2, 1, 1, 1, 2, 1, 1, 3, 0, 1, 0, 1, 1, 4, 1, 4, 3, 2, 2, 0, 4, 1, 1, 4, 0, 1, 2, 1, 4, 4, 1, 1, 0, 2, 3, 1, 2, 1, 2, 1, 1, 2, 4, 3, 0, 2, 2, 3, 1, 0, 1, 2, 0, 1, 2, 4, 1, 3, 4, 1, 2, 4, 3, 3, 3, 1, 1, 4, 3, 2, 3, 2, 4, 2, 4, 2, 3, 4, 4, 4, 1, 2, 2, 3, 4, 1]|[0, 2, 0, 0, 3, 0, 1, 3, 0, 0, 2, 0, 1, 0, 1, 0, 0, 0, 1, 0, 0, 2, 0, 0, 1, 0, 0, 3, 0, 1, 0, 2, 0, 0, 3, 0, 1, 3, 0, 0, 0, 0, 1, 3, 0, 0, 1, 0, 2, 0, 0, 0, 0, 0, 1, 0, 1, 0, 1, 1, 0, 2, 0, 0, 0, 0, 0, 0, 0, 2, 0, 0, 1, 0, 0, 1, 0, 0, 3, 0, 0, 1, 0, 0, 0, 0, 3, 0, 2, 0, 0, 2, 1, 3, 0, 0, 0, 0, 1, 0],890.9074744783937,50765.917855663734,113588.58833646381,false
19,G3_TWC,G1_CMAX,[31, 22, 82, 15, 26, 9, 42, 95, 77, 12, 47, 5, 93, 78, 86, 54, 85, 63, 18, 44, 20, 35, 43, 97, 91, 76, 10, 30, 21, 45, 71, 64, 1, 23, 17, 83, 24, 14, 60, 36, 6, 57, 94, 88, 65, 56, 79, 40, 67, 68, 46, 75, 38, 58, 19, 32, 81, 41, 27, 62, 87, 90, 99, 59, 11, 16, 72, 73, 69, 39, 37, 84, 3, 92, 25, 55, 28, 29, 51, 7, 33, 61, 98, 66, 89, 50, 8, 96, 53, 80, 4, 48, 34, 2, 52, 13, 0, 70, 49, 74]|[1, 1, 0, 1, 1, 1, 2, 1, 2, 1, 2, 2, 2, 1, 1, 0, 0, 1, 0, 2, 2, 0, 1, 2, 0, 1, 2, 2, 0, 0, 1, 2, 1, 2, 1, 0, 2, 0, 1, 1, 0, 1, 1, 1, 0, 2, 1, 1, 0, 0, 0, 0, 1, 1, 2, 1, 2, 0, 0, 0, 2, 1, 0, 1, 2, 1, 2, 1, 1, 1, 1, 1, 1, 0, 1, 2, 0, 0, 0, 1, 2, 1, 0, 2, 1, 0, 1, 0, 0, 0, 0, 0, 2, 0, 1, 0, 0, 1, 0, 2]|[4, 3, 2, 2, 0, 0, 2, 2, 2, 4, 1, 1, 2, 4, 4, 1, 2, 4, 2, 1, 1, 1, 1, 2, 1, 2, 1, 1, 1, 1, 3, 2, 3, 0, 4, 0, 1, 1, 0, 3, 2, 2, 2, 0, 1, 1, 0, 4, 0, 1, 2, 2, 1, 4, 0, 3, 2, 1, 1, 2, 1, 3, 1, 1, 1, 3, 0, 4, 3, 1, 4, 1, 1, 0, 4, 1, 2, 1, 1, 3, 1, 3, 1, 1, 1, 1, 3, 1, 2, 1, 2, 1, 1, 2, 1, 2, 2, 3, 1, 1]|[0, 2, 1, 1, 3, 3, 0, 1, 0, 0, 0, 0, 1, 0, 1, 0, 0, 3, 1, 0, 0, 0, 3, 1, 0, 2, 0, 0, 0, 1, 0, 0, 0, 0, 3, 0, 1, 0, 0, 2, 1, 1, 1, 0, 0, 0, 0, 2, 1, 0, 0, 0, 1, 3, 0, 0, 1, 0, 0, 1, 0, 2, 0, 1, 0, 2, 1, 0, 0, 1, 1, 3, 1, 1, 3, 0, 1, 0, 0, 2, 0, 0, 0, 0, 1, 0, 2, 0, 1, 0, 1, 0, 0, 0, 1, 0, 0, 0, 1, 0],801.427594812029,57868.49349465401,91455.85780813712,true
19,G1_CMAX,G1_CMAX,[31, 22, 82, 15, 26, 9, 42, 77, 12, 5, 47, 93, 78, 86, 54, 6, 63, 18, 44, 20, 35, 43, 97, 91, 76, 10, 30, 21, 45, 17, 23, 1, 71, 83, 24, 14, 60, 36, 85, 57, 40, 95, 88, 65, 56, 79, 94, 67, 68, 46, 75, 38, 58, 19, 32, 81, 41, 62, 87, 28, 90, 59, 11, 16, 72, 73, 69, 52, 37, 64, 84, 3, 25, 29, 55, 51, 7, 98, 61, 66, 99, 33, 89, 48, 50, 96, 53, 80, 4, 8, 27, 2, 39, 13, 0, 92, 49, 74, 34, 70]|[1, 1, 0, 1, 1, 1, 2, 2, 1, 2, 2, 1, 1, 1, 0, 0, 1, 0, 2, 2, 0, 1, 2, 2, 1, 2, 2, 0, 0, 1, 2, 1, 1, 0, 2, 0, 1, 1, 0, 1, 1, 1, 1, 0, 2, 1, 1, 0, 0, 0, 0, 1, 1, 2, 1, 2, 0, 0, 2, 0, 1, 2, 2, 1, 2, 1, 1, 1, 1, 1, 1, 2, 1, 0, 2, 0, 1, 2, 1, 0, 0, 2, 1, 0, 0, 2, 0, 0, 1, 1, 0, 0, 1, 0, 0, 0, 0, 2, 2, 1]|[0, 3, 1, 2, 0, 0, 1, 1, 4, 1, 1, 4, 4, 4, 2, 2, 4, 2, 1, 1, 1, 1, 2, 1, 2, 1, 1, 1, 1, 4, 0, 3, 3, 0, 1, 1, 0, 3, 2, 2, 2, 2, 0, 1, 1, 0, 4, 0, 1, 2, 2, 1, 4, 0, 3, 2, 1, 2, 1, 2, 3, 1, 1, 3, 0, 4, 4, 1, 4, 3, 1, 2, 4, 1, 1, 1, 1, 1, 3, 1, 1, 1, 1, 1, 1, 1, 2, 1, 4, 3, 2, 2, 1, 2, 2, 0, 1, 1, 1, 4]|[1, 1, 1, 1, 3, 3, 0, 0, 0, 0, 0, 2, 0, 1, 0, 0, 3, 1, 0, 0, 0, 3, 1, 0, 2, 0, 0, 0, 1, 3, 0, 0, 0, 0, 1, 0, 0, 2, 1, 1, 1, 1, 0, 0, 0, 0, 2, 1, 0, 0, 0, 1, 3, 0, 0, 1, 0, 1, 0, 1, 2, 0, 0, 2, 1, 0, 2, 1, 1, 0, 3, 1, 3, 0, 0, 0, 2, 0, 0, 0, 0, 0, 1, 0, 0, 0, 1, 0, 0, 2, 1, 0, 1, 0, 0, 1, 1, 0, 0, 2],733.3116759547878,58140.55643565909,96674.14109675489,false
19,G4_BALANCED,G4_BALANCED,[31, 22, 82, 15, 26, 9, 95, 42, 77, 68, 47, 5, 93, 78, 86, 54, 85, 63, 18, 44, 20, 49, 36, 14, 74, 50, 53, 17, 21, 28, 71, 64, 3, 23, 30, 83, 24, 41, 60, 52, 65, 27, 90, 70, 39, 87, 48, 69, 99, 4, 46, 1, 13, 58, 97, 59, 11, 8, 73, 37, 35, 79, 33, 66, 76, 32, 40, 80, 96, 6, 16, 61, 45, 7, 57, 34, 12, 67, 10, 98, 56, 88, 29, 75, 91, 38, 19, 92, 43, 84, 51, 72, 81, 25, 2, 55, 0, 94, 89, 62]|[2, 1, 2, 1, 1, 2, 1, 1, 1, 2, 1, 0, 2, 2, 1, 2, 0, 0, 0, 2, 2, 1, 0, 2, 0, 2, 2, 1, 0, 1, 1, 1, 0, 0, 1, 0, 2, 1, 2, 2, 0, 0, 1, 1, 0, 2, 0, 2, 1, 0, 0, 2, 0, 0, 2, 0, 0, 1, 0, 0, 2, 1, 1, 2, 2, 0, 2, 2, 0, 1, 2, 1, 1, 2, 0, 1, 1, 1, 1, 2, 2, 1, 1, 0, 1, 0, 1, 0, 1, 0, 1, 1, 1, 1, 2, 0, 0, 2, 1, 1]|[0, 3, 0, 3, 4, 1, 4, 4, 2, 0, 3, 2, 1, 0, 2, 1, 1, 1, 2, 1, 1, 3, 0, 1, 0, 1, 1, 4, 1, 4, 3, 2, 2, 0, 4, 1, 1, 4, 0, 1, 2, 1, 4, 4, 1, 1, 0, 2, 3, 1, 2, 1, 2, 1, 1, 2, 1, 3, 0, 2, 2, 3, 4, 0, 1, 2, 0, 1, 2, 4, 1, 3, 4, 1, 2, 4, 3, 3, 3, 1, 1, 4, 3, 2, 3, 2, 4, 2, 4, 2, 3, 4, 1, 4, 1, 2, 2, 1, 4, 3]|[0, 2, 0, 0, 3, 0, 1, 3, 0, 0, 2, 0, 1, 0, 1, 0, 0, 0, 1, 0, 0, 2, 0, 0, 1, 0, 0, 3, 0, 1, 0, 2, 0, 1, 3, 0, 1, 3, 1, 0, 0, 0, 1, 3, 0, 0, 1, 0, 2, 0, 0, 0, 0, 0, 1, 0, 0, 0, 1, 1, 0, 2, 1, 0, 0, 0, 0, 0, 0, 2, 0, 0, 1, 0, 0, 1, 0, 0, 3, 0, 0, 1, 0, 0, 0, 0, 3, 0, 2, 0, 0, 2, 1, 3, 0, 0, 0, 0, 1, 0],848.7210464257236,52158.68351753062,106381.76141901733,false
19,G2_TEC,G2_TEC,[31, 22, 82, 15, 26, 9, 95, 42, 77, 68, 47, 5, 93, 78, 86, 54, 85, 63, 18, 44, 20, 49, 36, 14, 74, 50, 53, 25, 21, 28, 71, 64, 3, 23, 30, 83, 24, 41, 40, 52, 65, 27, 90, 70, 39, 87, 48, 69, 99, 4, 46, 1, 13, 58, 97, 59, 45, 8, 73, 37, 35, 79, 11, 66, 76, 32, 60, 80, 96, 6, 16, 61, 33, 7, 57, 34, 12, 67, 10, 98, 56, 88, 29, 75, 91, 38, 19, 92, 43, 84, 51, 72, 81, 17, 2, 55, 0, 62, 89, 94]|[2, 1, 2, 1, 1, 2, 1, 1, 1, 1, 1, 0, 2, 2, 1, 2, 0, 0, 0, 2, 2, 1, 0, 2, 0, 2, 2, 1, 0, 1, 1, 1, 0, 0, 1, 0, 2, 1, 2, 2, 0, 0, 1, 1, 0, 2, 0, 2, 1, 0, 0, 2, 0, 0, 2, 0, 1, 1, 0, 0, 2, 1, 0, 2, 2, 0, 2, 2, 0, 1, 2, 1, 1, 2, 0, 1, 1, 1, 1, 2, 2, 1, 1, 0, 1, 0, 1, 0, 1, 0, 1, 1, 1, 1, 2, 0, 0, 1, 1, 2]|[0, 3, 0, 3, 4, 1, 4, 4, 2, 4, 3, 2, 1, 0, 2, 1, 1, 1, 2, 1, 1, 3, 0, 1, 0, 1, 1, 4, 1, 4, 3, 2, 2, 0, 4, 1, 1, 4, 0, 1, 2, 1, 4, 4, 1, 1, 0, 2, 3, 1, 2, 1, 2, 1, 1, 2, 4, 3, 0, 2, 2, 3, 1, 0, 1, 2, 0, 1, 2, 4, 1, 3, 4, 1, 2, 4, 3, 3, 3, 1, 1, 4, 3, 2, 3, 2, 4, 2, 4, 2, 3, 4, 4, 4, 1, 2, 2, 3, 4, 1]|[0, 2, 0, 0, 3, 0, 1, 3, 0, 0, 2, 0, 1, 0, 1, 0, 0, 0, 1, 0, 0, 2, 0, 0, 1, 0, 0, 3, 0, 1, 0, 2, 0, 0, 3, 0, 1, 3, 0, 0, 0, 0, 1, 3, 0, 0, 1, 0, 2, 0, 0, 0, 0, 0, 1, 0, 1, 0, 1, 1, 0, 2, 0, 0, 0, 0, 0, 0, 0, 2, 0, 0, 1, 0, 0, 1, 0, 0, 3, 0, 0, 1, 0, 0, 0, 0, 3, 0, 2, 0, 0, 2, 1, 3, 0, 0, 0, 0, 1, 0],890.9074744783937,50765.917855663734,113588.58833646381,false
19,G3_TWC,G1_CMAX,[31, 22, 82, 15, 26, 9, 42, 95, 77, 12, 47, 5, 93, 78, 86, 54, 85, 63, 18, 44, 20, 35, 43, 97, 91, 76, 10, 30, 21, 45, 71, 64, 1, 23, 17, 83, 24, 14, 60, 36, 6, 57, 94, 88, 65, 56, 79, 40, 67, 68, 46, 75, 38, 58, 19, 32, 81, 41, 27, 62, 87, 90, 99, 59, 11, 16, 72, 73, 69, 39, 37, 84, 3, 92, 25, 55, 28, 29, 51, 7, 33, 61, 98, 66, 89, 50, 8, 96, 53, 80, 4, 48, 34, 2, 52, 13, 0, 70, 49, 74]|[1, 1, 0, 1, 1, 1, 2, 1, 2, 1, 2, 2, 2, 1, 1, 0, 0, 1, 0, 2, 2, 0, 1, 2, 0, 1, 2, 2, 0, 0, 1, 2, 1, 2, 1, 0, 2, 0, 1, 1, 0, 1, 1, 1, 0, 2, 1, 1, 0, 0, 0, 0, 1, 1, 2, 1, 2, 0, 0, 0, 2, 1, 0, 1, 2, 1, 2, 1, 1, 1, 1, 1, 1, 0, 1, 2, 0, 0, 0, 1, 2, 1, 0, 2, 1, 0, 1, 0, 0, 0, 0, 0, 2, 0, 1, 0, 0, 1, 0, 2]|[4, 3, 2, 2, 0, 0, 2, 2, 2, 4, 1, 1, 2, 4, 4, 1, 2, 4, 2, 1, 1, 1, 1, 2, 1, 2, 1, 1, 1, 1, 3, 2, 3, 0, 4, 0, 1, 1, 0, 3, 2, 2, 2, 0, 1, 1, 0, 4, 0, 1, 2, 2, 1, 4, 0, 3, 2, 1, 1, 2, 1, 3, 1, 1, 1, 3, 0, 4, 3, 1, 4, 1, 1, 0, 4, 1, 2, 1, 1, 3, 1, 3, 1, 1, 1, 1, 3, 1, 2, 1, 2, 1, 1, 2, 1, 2, 2, 3, 1, 1]|[0, 2, 1, 1, 3, 3, 0, 1, 0, 0, 0, 0, 1, 0, 1, 0, 0, 3, 1, 0, 0, 0, 3, 1, 0, 2, 0, 0, 0, 1, 0, 0, 0, 0, 3, 0, 1, 0, 0, 2, 1, 1, 1, 0, 0, 0, 0, 2, 1, 0, 0, 0, 1, 3, 0, 0, 1, 0, 0, 1, 0, 2, 0, 1, 0, 2, 1, 0, 0, 1, 1, 3, 1, 1, 3, 0, 1, 0, 0, 2, 0, 0, 0, 0, 1, 0, 2, 0, 1, 0, 1, 0, 0, 0, 1, 0, 0, 0, 1, 0],801.427594812029,57868.49349465401,91455.85780813712,true
19,G1_CMAX,G1_CMAX,[31, 22, 82, 15, 26, 9, 42, 77, 12, 5, 47, 93, 78, 86, 54, 6, 63, 18, 44, 20, 35, 43, 97, 91, 76, 10, 30, 21, 45, 17, 23, 1, 71, 83, 24, 14, 60, 36, 85, 57, 40, 95, 88, 65, 56, 79, 94, 67, 68, 46, 75, 38, 58, 19, 32, 81, 41, 62, 87, 28, 90, 59, 11, 16, 72, 73, 69, 52, 37, 64, 84, 3, 25, 29, 55, 51, 7, 98, 61, 66, 99, 33, 89, 48, 50, 96, 53, 80, 4, 8, 27, 2, 39, 13, 0, 92, 49, 74, 34, 70]|[1, 1, 0, 1, 1, 1, 2, 2, 1, 2, 2, 1, 1, 1, 0, 0, 1, 0, 2, 2, 0, 1, 2, 2, 1, 2, 2, 0, 0, 1, 2, 1, 1, 0, 2, 0, 1, 1, 0, 1, 1, 1, 1, 0, 2, 1, 1, 0, 0, 0, 0, 1, 1, 2, 1, 2, 0, 0, 2, 0, 1, 2, 2, 1, 2, 1, 1, 1, 1, 1, 1, 2, 1, 0, 2, 0, 1, 2, 1, 0, 0, 2, 1, 0, 0, 2, 0, 0, 1, 1, 0, 0, 1, 0, 0, 0, 0, 2, 2, 1]|[0, 3, 1, 2, 0, 0, 1, 1, 4, 1, 1, 4, 4, 4, 2, 2, 4, 2, 1, 1, 1, 1, 2, 1, 2, 1, 1, 1, 1, 4, 0, 3, 3, 0, 1, 1, 0, 3, 2, 2, 2, 2, 0, 1, 1, 0, 4, 0, 1, 2, 2, 1, 4, 0, 3, 2, 1, 2, 1, 2, 3, 1, 1, 3, 0, 4, 4, 1, 4, 3, 1, 2, 4, 1, 1, 1, 1, 1, 3, 1, 1, 1, 1, 1, 1, 1, 2, 1, 4, 3, 2, 2, 1, 2, 2, 0, 1, 1, 1, 4]|[1, 1, 1, 1, 3, 3, 0, 0, 0, 0, 0, 2, 0, 1, 0, 0, 3, 1, 0, 0, 0, 3, 1, 0, 2, 0, 0, 0, 1, 3, 0, 0, 0, 0, 1, 0, 0, 2, 1, 1, 1, 1, 0, 0, 0, 0, 2, 1, 0, 0, 0, 1, 3, 0, 0, 1, 0, 1, 0, 1, 2, 0, 0, 2, 1, 0, 2, 1, 1, 0, 3, 1, 3, 0, 0, 0, 2, 0, 0, 0, 0, 0, 1, 0, 0, 0, 1, 0, 0, 2, 1, 0, 1, 0, 0, 1, 1, 0, 0, 2],733.3116759547878,58140.55643565909,96674.14109675489,false
19,G4_BALANCED,G3_TWC,[31, 22, 82, 15, 26, 9, 95, 42, 77, 12, 47, 5, 93, 78, 86, 54, 85, 63, 18, 44, 20, 35, 43, 97, 91, 76, 10, 30, 21, 45, 71, 64, 1, 23, 17, 83, 24, 14, 60, 36, 41, 57, 40, 88, 65, 56, 6, 79, 94, 67, 68, 46, 75, 38, 58, 19, 32, 81, 96, 27, 62, 90, 99, 59, 11, 16, 72, 73, 69, 28, 37, 84, 3, 92, 25, 55, 39, 29, 51, 7, 66, 70, 98, 33, 89, 50, 48, 87, 80, 53, 8, 4, 34, 2, 52, 49, 0, 61, 74, 13]|[1, 1, 0, 1, 1, 0, 1, 2, 2, 2, 2, 2, 2, 2, 2, 0, 0, 0, 1, 2, 2, 0, 0, 2, 0, 0, 2, 2, 2, 0, 1, 2, 1, 1, 1, 0, 0, 0, 1, 1, 0, 1, 1, 1, 0, 2, 0, 1, 1, 0, 0, 0, 0, 1, 1, 2, 1, 2, 0, 0, 0, 1, 0, 1, 2, 1, 2, 1, 1, 1, 1, 1, 1, 0, 1, 1, 0, 0, 0, 1, 2, 1, 2, 0, 1, 0, 0, 0, 0, 0, 1, 0, 2, 0, 1, 0, 0, 1, 2, 0]|[4, 3, 2, 2, 4, 1, 2, 2, 2, 2, 1, 1, 2, 2, 1, 1, 2, 2, 4, 1, 1, 1, 1, 2, 1, 1, 1, 1, 1, 1, 3, 2, 3, 3, 4, 0, 0, 1, 0, 3, 2, 2, 2, 2, 1, 1, 1, 0, 4, 0, 1, 2, 2, 1, 4, 0, 3, 2, 1, 1, 2, 3, 1, 1, 1, 3, 0, 4, 3, 1, 4, 1, 1, 0, 4, 4, 2, 1, 1, 1, 1, 3, 1, 2, 1, 1, 1, 1, 1, 2, 3, 2, 1, 2, 1, 1, 2, 3, 1, 2]|[0, 2, 1, 1, 3, 0, 1, 0, 0, 0, 0, 0, 1, 1, 0, 0, 0, 0, 3, 0, 0, 0, 0, 1, 0, 0, 0, 0, 0, 1, 0, 0, 0, 0, 3, 0, 0, 0, 0, 2, 1, 1, 1, 1, 0, 0, 0, 0, 2, 1, 0, 0, 0, 1, 3, 0, 0, 1, 0, 0, 1, 2, 0, 1, 0, 2, 1, 0, 0, 1, 1, 3, 1, 1, 3, 3, 1, 0, 0, 2, 0, 0, 0, 1, 1, 0, 0, 0, 0, 1, 2, 1, 0, 0, 1, 1, 0, 0, 0, 0],890.4143580255544,56989.99065408122,91884.80029046525,true
19,G2_TEC,G2_TEC,[31, 22, 82, 15, 26, 9, 95, 42, 77, 68, 47, 5, 93, 78, 86, 54, 85, 63, 18, 44, 20, 49, 36, 14, 74, 50, 53, 25, 21, 28, 71, 64, 3, 23, 30, 83, 24, 41, 40, 52, 65, 27, 90, 70, 39, 87, 48, 69, 99, 4, 46, 1, 13, 58, 97, 59, 45, 8, 73, 37, 35, 79, 11, 66, 76, 32, 60, 80, 96, 6, 16, 61, 33, 7, 57, 34, 12, 67, 10, 98, 56, 88, 29, 75, 91, 38, 19, 92, 43, 84, 51, 72, 81, 17, 2, 55, 0, 62, 89, 94]|[2, 1, 2, 1, 1, 2, 1, 1, 1, 1, 1, 0, 2, 2, 1, 2, 0, 0, 0, 2, 2, 1, 0, 2, 0, 2, 2, 1, 0, 1, 1, 1, 0, 0, 1, 0, 2, 1, 2, 2, 0, 0, 1, 1, 0, 2, 0, 2, 1, 0, 0, 2, 0, 0, 2, 0, 1, 1, 0, 0, 2, 1, 0, 2, 2, 0, 2, 2, 0, 1, 2, 1, 1, 2, 0, 1, 1, 1, 1, 2, 2, 1, 1, 0, 1, 0, 1, 0, 1, 0, 1, 1, 1, 1, 2, 0, 0, 1, 1, 2]|[0, 3, 0, 3, 4, 1, 4, 4, 2, 4, 3, 2, 1, 0, 2, 1, 1, 1, 2, 1, 1, 3, 0, 1, 0, 1, 1, 4, 1, 4, 3, 2, 2, 0, 4, 1, 1, 4, 0, 1, 2, 1, 4, 4, 1, 1, 0, 2, 3, 1, 2, 1, 2, 1, 1, 2, 4, 3, 0, 2, 2, 3, 1, 0, 1, 2, 0, 1, 2, 4, 1, 3, 4, 1, 2, 4, 3, 3, 3, 1, 1, 4, 3, 2, 3, 2, 4, 2, 4, 2, 3, 4, 4, 4, 1, 2, 2, 3, 4, 1]|[0, 2, 0, 0, 3, 0, 1, 3, 0, 0, 2, 0, 1, 0, 1, 0, 0, 0, 1, 0, 0, 2, 0, 0, 1, 0, 0, 3, 0, 1, 0, 2, 0, 0, 3, 0, 1, 3, 0, 0, 0, 0, 1, 3, 0, 0, 1, 0, 2, 0, 0, 0, 0, 0, 1, 0, 1, 0, 1, 1, 0, 2, 0, 0, 0, 0, 0, 0, 0, 2, 0, 0, 1, 0, 0, 1, 0, 0, 3, 0, 0, 1, 0, 0, 0, 0, 3, 0, 2, 0, 0, 2, 1, 3, 0, 0, 0, 0, 1, 0],890.9074744783937,50765.917855663734,113588.58833646381,false
19,G3_TWC,G1_CMAX,[31, 22, 82, 15, 26, 9, 42, 95, 77, 12, 47, 5, 93, 78, 86, 54, 85, 63, 18, 44, 20, 35, 43, 97, 91, 76, 10, 30, 21, 45, 71, 64, 1, 23, 17, 83, 24, 14, 60, 36, 6, 57, 94, 88, 65, 56, 79, 40, 67, 68, 46, 75, 38, 58, 19, 32, 81, 41, 27, 62, 87, 90, 99, 59, 11, 16, 72, 73, 69, 39, 37, 84, 3, 92, 25, 55, 28, 29, 51, 7, 33, 61, 98, 66, 89, 50, 8, 96, 53, 80, 4, 48, 34, 2, 52, 13, 0, 70, 49, 74]|[1, 1, 0, 1, 1, 1, 2, 1, 2, 1, 2, 2, 2, 1, 1, 0, 0, 1, 0, 2, 2, 0, 1, 2, 0, 1, 2, 2, 0, 0, 1, 2, 1, 2, 1, 0, 2, 0, 1, 1, 0, 1, 1, 1, 0, 2, 1, 1, 0, 0, 0, 0, 1, 1, 2, 1, 2, 0, 0, 0, 2, 1, 0, 1, 2, 1, 2, 1, 1, 1, 1, 1, 1, 0, 1, 2, 0, 0, 0, 1, 2, 1, 0, 2, 1, 0, 1, 0, 0, 0, 0, 0, 2, 0, 1, 0, 0, 1, 0, 2]|[4, 3, 2, 2, 0, 0, 2, 2, 2, 4, 1, 1, 2, 4, 4, 1, 2, 4, 2, 1, 1, 1, 1, 2, 1, 2, 1, 1, 1, 1, 3, 2, 3, 0, 4, 0, 1, 1, 0, 3, 2, 2, 2, 0, 1, 1, 0, 4, 0, 1, 2, 2, 1, 4, 0, 3, 2, 1, 1, 2, 1, 3, 1, 1, 1, 3, 0, 4, 3, 1, 4, 1, 1, 0, 4, 1, 2, 1, 1, 3, 1, 3, 1, 1, 1, 1, 3, 1, 2, 1, 2, 1, 1, 2, 1, 2, 2, 3, 1, 1]|[0, 2, 1, 1, 3, 3, 0, 1, 0, 0, 0, 0, 1, 0, 1, 0, 0, 3, 1, 0, 0, 0, 3, 1, 0, 2, 0, 0, 0, 1, 0, 0, 0, 0, 3, 0, 1, 0, 0, 2, 1, 1, 1, 0, 0, 0, 0, 2, 1, 0, 0, 0, 1, 3, 0, 0, 1, 0, 0, 1, 0, 2, 0, 1, 0, 2, 1, 0, 0, 1, 1, 3, 1, 1, 3, 0, 1, 0, 0, 2, 0, 0, 0, 0, 1, 0, 2, 0, 1, 0, 1, 0, 0, 0, 1, 0, 0, 0, 1, 0],801.427594812029,57868.49349465401,91455.85780813712,true
19,G1_CMAX,G1_CMAX,[31, 22, 82, 15, 26, 9, 42, 77, 12, 5, 47, 93, 78, 86, 54, 6, 63, 18, 44, 20, 35, 43, 97, 91, 76, 10, 30, 21, 45, 17, 23, 1, 71, 83, 24, 14, 60, 36, 85, 57, 40, 95, 88, 65, 56, 79, 94, 67, 68, 46, 75, 38, 58, 19, 32, 81, 41, 62, 87, 28, 90, 59, 11, 16, 72, 73, 69, 52, 37, 64, 84, 3, 25, 29, 55, 51, 7, 98, 61, 66, 99, 33, 89, 48, 50, 96, 53, 80, 4, 8, 27, 2, 39, 13, 0, 92, 49, 74, 34, 70]|[1, 1, 0, 1, 1, 1, 2, 2, 1, 2, 2, 1, 1, 1, 0, 0, 1, 0, 2, 2, 0, 1, 2, 2, 1, 2, 2, 0, 0, 1, 2, 1, 1, 0, 2, 0, 1, 1, 0, 1, 1, 1, 1, 0, 2, 1, 1, 0, 0, 0, 0, 1, 1, 2, 1, 2, 0, 0, 2, 0, 1, 2, 2, 1, 2, 1, 1, 1, 1, 1, 1, 2, 1, 0, 2, 0, 1, 2, 1, 0, 0, 2, 1, 0, 0, 2, 0, 0, 1, 1, 0, 0, 1, 0, 0, 0, 0, 2, 2, 1]|[0, 3, 1, 2, 0, 0, 1, 1, 4, 1, 1, 4, 4, 4, 2, 2, 4, 2, 1, 1, 1, 1, 2, 1, 2, 1, 1, 1, 1, 4, 0, 3, 3, 0, 1, 1, 0, 3, 2, 2, 2, 2, 0, 1, 1, 0, 4, 0, 1, 2, 2, 1, 4, 0, 3, 2, 1, 2, 1, 2, 3, 1, 1, 3, 0, 4, 4, 1, 4, 3, 1, 2, 4, 1, 1, 1, 1, 1, 3, 1, 1, 1, 1, 1, 1, 1, 2, 1, 4, 3, 2, 2, 1, 2, 2, 0, 1, 1, 1, 4]|[1, 1, 1, 1, 3, 3, 0, 0, 0, 0, 0, 2, 0, 1, 0, 0, 3, 1, 0, 0, 0, 3, 1, 0, 2, 0, 0, 0, 1, 3, 0, 0, 0, 0, 1, 0, 0, 2, 1, 1, 1, 1, 0, 0, 0, 0, 2, 1, 0, 0, 0, 1, 3, 0, 0, 1, 0, 1, 0, 1, 2, 0, 0, 2, 1, 0, 2, 1, 1, 0, 3, 1, 3, 0, 0, 0, 2, 0, 0, 0, 0, 0, 1, 0, 0, 0, 1, 0, 0, 2, 1, 0, 1, 0, 0, 1, 1, 0, 0, 2],733.3116759547878,58140.55643565909,96674.14109675489,false
19,G4_BALANCED,G2_TEC,[31, 22, 82, 15, 26, 9, 95, 42, 77, 68, 47, 5, 93, 78, 86, 54, 85, 63, 18, 44, 20, 49, 36, 14, 74, 50, 53, 17, 21, 28, 71, 64, 3, 23, 30, 83, 24, 41, 60, 52, 65, 27, 90, 70, 39, 87, 48, 69, 99, 4, 46, 1, 13, 58, 97, 59, 11, 8, 73, 37, 35, 79, 33, 66, 76, 32, 40, 80, 96, 6, 16, 61, 45, 7, 57, 34, 12, 67, 10, 98, 56, 88, 29, 25, 91, 38, 19, 92, 43, 84, 51, 72, 81, 75, 2, 89, 0, 94, 55, 62]|[2, 1, 2, 1, 1, 2, 1, 1, 1, 2, 1, 0, 2, 2, 1, 2, 0, 0, 0, 2, 2, 1, 0, 2, 0, 2, 2, 1, 0, 1, 1, 1, 0, 0, 1, 0, 2, 1, 2, 2, 0, 0, 1, 1, 0, 2, 0, 2, 1, 0, 0, 2, 0, 0, 2, 0, 0, 1, 0, 0, 2, 1, 0, 2, 2, 0, 2, 2, 0, 1, 2, 1, 1, 2, 0, 1, 1, 1, 1, 0, 2, 1, 1, 1, 1, 0, 1, 0, 1, 0, 1, 1, 1, 0, 2, 1, 0, 1, 0, 1]|[0, 3, 0, 3, 4, 1, 4, 4, 2, 0, 3, 2, 1, 0, 2, 1, 1, 1, 2, 1, 1, 3, 0, 1, 0, 1, 1, 4, 1, 4, 3, 2, 2, 0, 4, 1, 1, 4, 0, 1, 2, 1, 4, 4, 1, 1, 0, 2, 3, 1, 2, 1, 2, 1, 1, 2, 1, 3, 0, 2, 2, 3, 1, 0, 1, 2, 0, 1, 2, 4, 1, 3, 4, 1, 2, 4, 3, 3, 3, 2, 1, 4, 3, 4, 3, 2, 4, 2, 4, 2, 3, 4, 1, 2, 1, 4, 2, 4, 2, 3]|[0, 2, 0, 0, 3, 0, 1, 3, 0, 0, 2, 0, 1, 0, 1, 0, 0, 0, 1, 0, 0, 2, 0, 0, 1, 0, 0, 3, 0, 1, 0, 2, 0, 1, 3, 0, 1, 3, 1, 0, 0, 0, 1, 3, 0, 0, 1, 0, 2, 0, 0, 0, 0, 0, 1, 0, 0, 0, 1, 1, 0, 2, 0, 0, 0, 0, 0, 0, 0, 2, 0, 0, 1, 0, 0, 1, 0, 0, 3, 0, 0, 1, 0, 3, 0, 0, 3, 0, 2, 0, 0, 2, 1, 0, 0, 1, 0, 2, 0, 0],875.1449944960058,52117.214927530964,106020.85618815121,true
19,G2_TEC,G2_TEC,[31, 22, 82, 15, 26, 9, 95, 42, 77, 68, 47, 5, 93, 78, 86, 54, 85, 63, 18, 44, 20, 49, 36, 14, 74, 50, 53, 25, 21, 28, 71, 64, 3, 23, 30, 83, 24, 41, 40, 52, 65, 27, 90, 70, 39, 87, 48, 69, 99, 4, 46, 1, 13, 58, 97, 59, 45, 8, 73, 37, 35, 79, 11, 66, 76, 32, 60, 80, 96, 6, 16, 61, 33, 7, 57, 34, 12, 67, 10, 98, 56, 88, 29, 75, 91, 38, 19, 92, 43, 84, 51, 72, 81, 17, 2, 55, 0, 62, 89, 94]|[2, 1, 2, 1, 1, 2, 1, 1, 1, 1, 1, 0, 2, 2, 1, 2, 0, 0, 0, 2, 2, 1, 0, 2, 0, 2, 2, 1, 0, 1, 1, 1, 0, 0, 1, 0, 2, 1, 2, 2, 0, 0, 1, 1, 0, 2, 0, 2, 1, 0, 0, 2, 0, 0, 2, 0, 1, 1, 0, 0, 2, 1, 0, 2, 2, 0, 2, 2, 0, 1, 2, 1, 1, 2, 0, 1, 1, 1, 1, 2, 2, 1, 1, 0, 1, 0, 1, 0, 1, 0, 1, 1, 1, 1, 2, 0, 0, 1, 1, 2]|[0, 3, 0, 3, 4, 1, 4, 4, 2, 4, 3, 2, 1, 0, 2, 1, 1, 1, 2, 1, 1, 3, 0, 1, 0, 1, 1, 4, 1, 4, 3, 2, 2, 0, 4, 1, 1, 4, 0, 1, 2, 1, 4, 4, 1, 1, 0, 2, 3, 1, 2, 1, 2, 1, 1, 2, 4, 3, 0, 2, 2, 3, 1, 0, 1, 2, 0, 1, 2, 4, 1, 3, 4, 1, 2, 4, 3, 3, 3, 1, 1, 4, 3, 2, 3, 2, 4, 2, 4, 2, 3, 4, 4, 4, 1, 2, 2, 3, 4, 1]|[0, 2, 0, 0, 3, 0, 1, 3, 0, 0, 2, 0, 1, 0, 1, 0, 0, 0, 1, 0, 0, 2, 0, 0, 1, 0, 0, 3, 0, 1, 0, 2, 0, 0, 3, 0, 1, 3, 0, 0, 0, 0, 1, 3, 0, 0, 1, 0, 2, 0, 0, 0, 0, 0, 1, 0, 1, 0, 1, 1, 0, 2, 0, 0, 0, 0, 0, 0, 0, 2, 0, 0, 1, 0, 0, 1, 0, 0, 3, 0, 0, 1, 0, 0, 0, 0, 3, 0, 2, 0, 0, 2, 1, 3, 0, 0, 0, 0, 1, 0],890.9074744783937,50765.917855663734,113588.58833646381,false
19,G3_TWC,G1_CMAX,[31, 22, 82, 15, 26, 9, 42, 95, 77, 12, 47, 5, 93, 78, 86, 54, 85, 63, 18, 44, 20, 35, 43, 97, 91, 76, 10, 30, 21, 45, 71, 64, 1, 23, 17, 83, 24, 14, 60, 36, 6, 57, 94, 88, 65, 56, 79, 40, 67, 68, 46, 75, 38, 58, 19, 32, 81, 41, 27, 62, 87, 90, 99, 59, 11, 16, 72, 73, 69, 39, 37, 84, 3, 92, 25, 55, 28, 29, 51, 7, 33, 61, 98, 66, 89, 50, 8, 96, 53, 80, 4, 48, 34, 2, 52, 13, 0, 70, 49, 74]|[1, 1, 0, 1, 1, 1, 2, 1, 2, 1, 2, 2, 2, 1, 1, 0, 0, 1, 0, 2, 2, 0, 1, 2, 0, 1, 2, 2, 0, 0, 1, 2, 1, 2, 1, 0, 2, 0, 1, 1, 0, 1, 1, 1, 0, 2, 1, 1, 0, 0, 0, 0, 1, 1, 2, 1, 2, 0, 0, 0, 2, 1, 0, 1, 2, 1, 2, 1, 1, 1, 1, 1, 1, 0, 1, 2, 0, 0, 0, 1, 2, 1, 0, 2, 1, 0, 1, 0, 0, 0, 0, 0, 2, 0, 1, 0, 0, 1, 0, 2]|[4, 3, 2, 2, 0, 0, 2, 2, 2, 4, 1, 1, 2, 4, 4, 1, 2, 4, 2, 1, 1, 1, 1, 2, 1, 2, 1, 1, 1, 1, 3, 2, 3, 0, 4, 0, 1, 1, 0, 3, 2, 2, 2, 0, 1, 1, 0, 4, 0, 1, 2, 2, 1, 4, 0, 3, 2, 1, 1, 2, 1, 3, 1, 1, 1, 3, 0, 4, 3, 1, 4, 1, 1, 0, 4, 1, 2, 1, 1, 3, 1, 3, 1, 1, 1, 1, 3, 1, 2, 1, 2, 1, 1, 2, 1, 2, 2, 3, 1, 1]|[0, 2, 1, 1, 3, 3, 0, 1, 0, 0, 0, 0, 1, 0, 1, 0, 0, 3, 1, 0, 0, 0, 3, 1, 0, 2, 0, 0, 0, 1, 0, 0, 0, 0, 3, 0, 1, 0, 0, 2, 1, 1, 1, 0, 0, 0, 0, 2, 1, 0, 0, 0, 1, 3, 0, 0, 1, 0, 0, 1, 0, 2, 0, 1, 0, 2, 1, 0, 0, 1, 1, 3, 1, 1, 3, 0, 1, 0, 0, 2, 0, 0, 0, 0, 1, 0, 2, 0, 1, 0, 1, 0, 0, 0, 1, 0, 0, 0, 1, 0],801.427594812029,57868.49349465401,91455.85780813712,true
19,G1_CMAX,G1_CMAX,[31, 22, 82, 15, 26, 9, 42, 77, 12, 5, 47, 93, 78, 86, 54, 6, 63, 18, 44, 20, 35, 43, 97, 91, 76, 10, 30, 21, 45, 17, 23, 1, 71, 83, 24, 14, 60, 36, 85, 57, 40, 95, 88, 65, 56, 79, 94, 67, 68, 46, 75, 38, 58, 19, 32, 81, 41, 62, 87, 28, 90, 59, 11, 16, 72, 73, 69, 52, 37, 64, 84, 3, 25, 29, 55, 51, 7, 98, 61, 66, 99, 33, 89, 48, 50, 96, 53, 80, 4, 8, 27, 2, 39, 13, 0, 92, 49, 74, 34, 70]|[1, 1, 0, 1, 1, 1, 2, 2, 1, 2, 2, 1, 1, 1, 0, 0, 1, 0, 2, 2, 0, 1, 2, 2, 1, 2, 2, 0, 0, 1, 2, 1, 1, 0, 2, 0, 1, 1, 0, 1, 1, 1, 1, 0, 2, 1, 1, 0, 0, 0, 0, 1, 1, 2, 1, 2, 0, 0, 2, 0, 1, 2, 2, 1, 2, 1, 1, 1, 1, 1, 1, 2, 1, 0, 2, 0, 1, 2, 1, 0, 0, 2, 1, 0, 0, 2, 0, 0, 1, 1, 0, 0, 1, 0, 0, 0, 0, 2, 2, 1]|[0, 3, 1, 2, 0, 0, 1, 1, 4, 1, 1, 4, 4, 4, 2, 2, 4, 2, 1, 1, 1, 1, 2, 1, 2, 1, 1, 1, 1, 4, 0, 3, 3, 0, 1, 1, 0, 3, 2, 2, 2, 2, 0, 1, 1, 0, 4, 0, 1, 2, 2, 1, 4, 0, 3, 2, 1, 2, 1, 2, 3, 1, 1, 3, 0, 4, 4, 1, 4, 3, 1, 2, 4, 1, 1, 1, 1, 1, 3, 1, 1, 1, 1, 1, 1, 1, 2, 1, 4, 3, 2, 2, 1, 2, 2, 0, 1, 1, 1, 4]|[1, 1, 1, 1, 3, 3, 0, 0, 0, 0, 0, 2, 0, 1, 0, 0, 3, 1, 0, 0, 0, 3, 1, 0, 2, 0, 0, 0, 1, 3, 0, 0, 0, 0, 1, 0, 0, 2, 1, 1, 1, 1, 0, 0, 0, 0, 2, 1, 0, 0, 0, 1, 3, 0, 0, 1, 0, 1, 0, 1, 2, 0, 0, 2, 1, 0, 2, 1, 1, 0, 3, 1, 3, 0, 0, 0, 2, 0, 0, 0, 0, 0, 1, 0, 0, 0, 1, 0, 0, 2, 1, 0, 1, 0, 0, 1, 1, 0, 0, 2],733.3116759547878,58140.55643565909,96674.14109675489,false
19,G4_BALANCED,G4_BALANCED,[31, 22, 82, 15, 26, 9, 95, 42, 77, 68, 47, 5, 93, 78, 86, 54, 85, 63, 18, 44, 20, 49, 36, 14, 74, 50, 53, 25, 21, 28, 71, 64, 3, 23, 30, 83, 24, 41, 40, 52, 65, 0, 90, 70, 39, 87, 48, 69, 99, 4, 46, 1, 13, 58, 97, 59, 45, 8, 73, 37, 35, 79, 11, 66, 76, 32, 60, 80, 96, 6, 16, 61, 33, 7, 57, 34, 12, 67, 10, 98, 56, 88, 29, 75, 91, 38, 19, 92, 43, 84, 51, 72, 81, 17, 2, 55, 62, 89, 94, 27]|[2, 1, 2, 1, 1, 2, 1, 1, 1, 1, 1, 0, 2, 2, 1, 2, 0, 0, 0, 2, 2, 1, 0, 2, 0, 2, 2, 1, 0, 1, 1, 1, 0, 0, 1, 0, 2, 1, 2, 2, 0, 0, 1, 1, 0, 2, 0, 2, 1, 0, 0, 2, 0, 0, 2, 0, 1, 1, 0, 0, 2, 1, 0, 2, 2, 0, 2, 2, 0, 1, 2, 1, 1, 2, 0, 1, 1, 1, 1, 2, 2, 1, 1, 0, 1, 0, 1, 0, 1, 0, 1, 1, 1, 1, 2, 0, 1, 1, 2, 0]|[0, 3, 0, 3, 4, 1, 4, 4, 2, 4, 3, 2, 1, 0, 2, 1, 1, 1, 2, 1, 1, 3, 0, 1, 0, 1, 1, 4, 1, 4, 3, 2, 2, 0, 4, 1, 1, 4, 0, 1, 2, 1, 4, 4, 1, 1, 0, 2, 3, 1, 2, 1, 2, 1, 1, 2, 4, 3, 0, 2, 2, 3, 1, 0, 1, 2, 0, 1, 2, 4, 1, 3, 4, 1, 2, 4, 3, 3, 3, 1, 1, 4, 3, 2, 3, 2, 4, 2, 4, 2, 3, 4, 4, 4, 1, 2, 3, 4, 1, 2]|[0, 2, 0, 0, 3, 0, 1, 3, 0, 0, 2, 0, 1, 0, 1, 0, 0, 0, 1, 0, 0, 2, 0, 0, 1, 0, 0, 3, 0, 1, 0, 2, 0, 0, 3, 0, 1, 3, 0, 0, 0, 0, 1, 3, 0, 0, 1, 0, 2, 0, 0, 0, 0, 0, 1, 0, 1, 0, 1, 1, 0, 2, 0, 0, 0, 0, 0, 0, 0, 2, 0, 0, 1, 0, 0, 1, 0, 0, 3, 0, 0, 1, 0, 0, 0, 0, 3, 0, 2, 0, 0, 2, 1, 3, 0, 0, 0, 1, 0, 0],889.8555105983775,50785.91034948849,113681.27279760869,false
19,G2_TEC,G2_TEC,[31, 22, 82, 15, 26, 9, 95, 42, 77, 68, 47, 5, 93, 78, 86, 54, 85, 63, 18, 44, 20, 49, 36, 14, 74, 50, 53, 25, 21, 28, 71, 64, 3, 23, 30, 83, 24, 41, 40, 52, 65, 27, 90, 70, 39, 87, 48, 69, 99, 4, 46, 1, 13, 58, 97, 59, 45, 8, 73, 37, 35, 79, 11, 66, 76, 32, 60, 80, 96, 6, 16, 61, 33, 7, 57, 34, 12, 67, 10, 98, 56, 88, 29, 75, 91, 38, 19, 92, 43, 84, 51, 72, 81, 17, 2, 55, 0, 62, 89, 94]|[2, 1, 2, 1, 1, 2, 1, 1, 1, 1, 1, 0, 2, 2, 1, 2, 0, 0, 0, 2, 2, 1, 0, 2, 0, 2, 2, 1, 0, 1, 1, 1, 0, 0, 1, 0, 2, 1, 2, 2, 0, 0, 1, 1, 0, 2, 0, 2, 1, 0, 0, 2, 0, 0, 2, 0, 1, 1, 0, 0, 2, 1, 0, 2, 2, 0, 2, 2, 0, 1, 2, 1, 1, 2, 0, 1, 1, 1, 1, 2, 2, 1, 1, 0, 1, 0, 1, 0, 1, 0, 1, 1, 1, 1, 2, 0, 0, 1, 1, 2]|[0, 3, 0, 3, 4, 1, 4, 4, 2, 4, 3, 2, 1, 0, 2, 1, 1, 1, 2, 1, 1, 3, 0, 1, 0, 1, 1, 4, 1, 4, 3, 2, 2, 0, 4, 1, 1, 4, 0, 1, 2, 1, 4, 4, 1, 1, 0, 2, 3, 1, 2, 1, 2, 1, 1, 2, 4, 3, 0, 2, 2, 3, 1, 0, 1, 2, 0, 1, 2, 4, 1, 3, 4, 1, 2, 4, 3, 3, 3, 1, 1, 4, 3, 2, 3, 2, 4, 2, 4, 2, 3, 4, 4, 4, 1, 2, 2, 3, 4, 1]|[0, 2, 0, 0, 3, 0, 1, 3, 0, 0, 2, 0, 1, 0, 1, 0, 0, 0, 1, 0, 0, 2, 0, 0, 1, 0, 0, 3, 0, 1, 0, 2, 0, 0, 3, 0, 1, 3, 0, 0, 0, 0, 1, 3, 0, 0, 1, 0, 2, 0, 0, 0, 0, 0, 1, 0, 1, 0, 1, 1, 0, 2, 0, 0, 0, 0, 0, 0, 0, 2, 0, 0, 1, 0, 0, 1, 0, 0, 3, 0, 0, 1, 0, 0, 0, 0, 3, 0, 2, 0, 0, 2, 1, 3, 0, 0, 0, 0, 1, 0],890.9074744783937,50765.917855663734,113588.58833646381,false
19,G3_TWC,G1_CMAX,[31, 22, 82, 15, 26, 9, 42, 95, 77, 12, 47, 5, 93, 78, 86, 54, 85, 63, 18, 44, 20, 35, 43, 97, 91, 76, 10, 30, 21, 45, 71, 64, 1, 23, 17, 83, 24, 14, 60, 36, 6, 57, 94, 88, 65, 56, 79, 40, 67, 68, 46, 75, 38, 58, 19, 32, 81, 41, 27, 62, 87, 90, 99, 59, 11, 16, 72, 73, 69, 39, 37, 84, 3, 92, 25, 55, 28, 29, 51, 7, 33, 61, 98, 66, 89, 50, 8, 96, 53, 80, 4, 48, 34, 2, 52, 13, 0, 70, 49, 74]|[1, 1, 0, 1, 1, 1, 2, 1, 2, 1, 2, 2, 2, 1, 1, 0, 0, 1, 0, 2, 2, 0, 1, 2, 0, 1, 2, 2, 0, 0, 1, 2, 1, 2, 1, 0, 2, 0, 1, 1, 0, 1, 1, 1, 0, 2, 1, 1, 0, 0, 0, 0, 1, 1, 2, 1, 2, 0, 0, 0, 2, 1, 0, 1, 2, 1, 2, 1, 1, 1, 1, 1, 1, 0, 1, 2, 0, 0, 0, 1, 2, 1, 0, 2, 1, 0, 1, 0, 0, 0, 0, 0, 2, 0, 1, 0, 0, 1, 0, 2]|[4, 3, 2, 2, 0, 0, 2, 2, 2, 4, 1, 1, 2, 4, 4, 1, 2, 4, 2, 1, 1, 1, 1, 2, 1, 2, 1, 1, 1, 1, 3, 2, 3, 0, 4, 0, 1, 1, 0, 3, 2, 2, 2, 0, 1, 1, 0, 4, 0, 1, 2, 2, 1, 4, 0, 3, 2, 1, 1, 2, 1, 3, 1, 1, 1, 3, 0, 4, 3, 1, 4, 1, 1, 0, 4, 1, 2, 1, 1, 3, 1, 3, 1, 1, 1, 1, 3, 1, 2, 1, 2, 1, 1, 2, 1, 2, 2, 3, 1, 1]|[0, 2, 1, 1, 3, 3, 0, 1, 0, 0, 0, 0, 1, 0, 1, 0, 0, 3, 1, 0, 0, 0, 3, 1, 0, 2, 0, 0, 0, 1, 0, 0, 0, 0, 3, 0, 1, 0, 0, 2, 1, 1, 1, 0, 0, 0, 0, 2, 1, 0, 0, 0, 1, 3, 0, 0, 1, 0, 0, 1, 0, 2, 0, 1, 0, 2, 1, 0, 0, 1, 1, 3, 1, 1, 3, 0, 1, 0, 0, 2, 0, 0, 0, 0, 1, 0, 2, 0, 1, 0, 1, 0, 0, 0, 1, 0, 0, 0, 1, 0],801.427594812029,57868.49349465401,91455.85780813712,true
19,G1_CMAX,G1_CMAX,[31, 22, 82, 15, 26, 9, 42, 77, 12, 5, 47, 93, 78, 86, 54, 6, 63, 18, 44, 20, 35, 43, 97, 91, 76, 10, 30, 21, 45, 17, 23, 1, 71, 83, 24, 14, 60, 36, 85, 57, 40, 95, 88, 65, 56, 79, 94, 67, 68, 46, 75, 38, 58, 19, 32, 81, 41, 62, 87, 28, 90, 59, 11, 16, 72, 73, 69, 52, 37, 64, 84, 3, 25, 29, 55, 51, 7, 98, 61, 66, 99, 33, 89, 48, 50, 96, 53, 80, 4, 8, 27, 2, 39, 13, 0, 92, 49, 74, 34, 70]|[1, 1, 0, 1, 1, 1, 2, 2, 1, 2, 2, 1, 1, 1, 0, 0, 1, 0, 2, 2, 0, 1, 2, 2, 1, 2, 2, 0, 0, 1, 2, 1, 1, 0, 2, 0, 1, 1, 0, 1, 1, 1, 1, 0, 2, 1, 1, 0, 0, 0, 0, 1, 1, 2, 1, 2, 0, 0, 2, 0, 1, 2, 2, 1, 2, 1, 1, 1, 1, 1, 1, 2, 1, 0, 2, 0, 1, 2, 1, 0, 0, 2, 1, 0, 0, 2, 0, 0, 1, 1, 0, 0, 1, 0, 0, 0, 0, 2, 2, 1]|[0, 3, 1, 2, 0, 0, 1, 1, 4, 1, 1, 4, 4, 4, 2, 2, 4, 2, 1, 1, 1, 1, 2, 1, 2, 1, 1, 1, 1, 4, 0, 3, 3, 0, 1, 1, 0, 3, 2, 2, 2, 2, 0, 1, 1, 0, 4, 0, 1, 2, 2, 1, 4, 0, 3, 2, 1, 2, 1, 2, 3, 1, 1, 3, 0, 4, 4, 1, 4, 3, 1, 2, 4, 1, 1, 1, 1, 1, 3, 1, 1, 1, 1, 1, 1, 1, 2, 1, 4, 3, 2, 2, 1, 2, 2, 0, 1, 1, 1, 4]|[1, 1, 1, 1, 3, 3, 0, 0, 0, 0, 0, 2, 0, 1, 0, 0, 3, 1, 0, 0, 0, 3, 1, 0, 2, 0, 0, 0, 1, 3, 0, 0, 0, 0, 1, 0, 0, 2, 1, 1, 1, 1, 0, 0, 0, 0, 2, 1, 0, 0, 0, 1, 3, 0, 0, 1, 0, 1, 0, 1, 2, 0, 0, 2, 1, 0, 2, 1, 1, 0, 3, 1, 3, 0, 0, 0, 2, 0, 0, 0, 0, 0, 1, 0, 0, 0, 1, 0, 0, 2, 1, 0, 1, 0, 0, 1, 1, 0, 0, 2],733.3116759547878,58140.55643565909,96674.14109675489,false
19,G4_BALANCED,G4_BALANCED,[31, 22, 82, 15, 26, 58, 95, 42, 77, 12, 47, 5, 93, 78, 86, 54, 85, 63, 18, 44, 20, 35, 43, 97, 66, 76, 10, 30, 21, 45, 71, 1, 23, 64, 17, 83, 80, 14, 60, 36, 6, 57, 40, 88, 65, 56, 79, 94, 67, 68, 46, 75, 38, 9, 19, 32, 81, 41, 53, 62, 87, 90, 99, 59, 11, 16, 72, 73, 70, 39, 37, 84, 3, 92, 25, 28, 29, 55, 51, 7, 98, 61, 91, 48, 89, 50, 4, 96, 27, 24, 8, 33, 34, 2, 52, 13, 0, 69, 74, 49]|[1, 1, 0, 1, 1, 0, 1, 2, 2, 1, 2, 2, 2, 1, 1, 0, 0, 1, 0, 2, 2, 0, 1, 2, 2, 1, 2, 2, 0, 0, 1, 1, 2, 2, 1, 0, 0, 0, 1, 1, 0, 1, 1, 1, 0, 2, 1, 1, 0, 0, 0, 0, 1, 1, 2, 1, 2, 0, 0, 0, 2, 1, 0, 1, 2, 1, 2, 1, 1, 1, 1, 1, 1, 0, 1, 0, 0, 2, 0, 1, 2, 1, 0, 0, 1, 0, 1, 2, 0, 2, 0, 2, 2, 0, 1, 0, 0, 1, 2, 0]|[4, 3, 2, 2, 4, 1, 2, 2, 2, 4, 1, 1, 2, 4, 4, 1, 2, 4, 2, 1, 1, 1, 1, 2, 1, 2, 1, 1, 1, 1, 3, 3, 1, 1, 4, 0, 1, 1, 0, 3, 2, 2, 2, 0, 1, 1, 0, 4, 0, 1, 2, 2, 1, 4, 0, 3, 2, 1, 1, 2, 1, 3, 1, 1, 1, 3, 0, 4, 3, 1, 4, 1, 1, 0, 4, 2, 1, 1, 1, 1, 1, 3, 1, 1, 1, 1, 4, 1, 2, 1, 2, 1, 1, 2, 1, 2, 2, 4, 1, 1]|[0, 2, 1, 1, 3, 0, 1, 0, 0, 0, 0, 0, 1, 0, 1, 0, 0, 3, 1, 0, 0, 0, 3, 1, 0, 2, 0, 0, 0, 1, 0, 0, 0, 0, 3, 0, 0, 0, 0, 2, 1, 1, 1, 0, 0, 0, 0, 2, 1, 0, 0, 0, 1, 3, 0, 0, 1, 0, 0, 1, 0, 2, 0, 1, 0, 2, 1, 0, 0, 1, 1, 3, 1, 1, 3, 1, 0, 0, 0, 2, 0, 0, 0, 0, 1, 0, 0, 0, 1, 1, 1, 0, 0, 0, 1, 0, 0, 2, 0, 1],758.863641245108,56323.8828778441,93552.32614179025,false
19,G2_TEC,G2_TEC,[31, 22, 82, 15, 26, 9, 95, 42, 77, 68, 47, 5, 93, 78, 86, 54, 85, 63, 18, 44, 20, 49, 36, 14, 74, 50, 53, 25, 21, 28, 71, 64, 3, 23, 30, 83, 24, 41, 40, 52, 65, 27, 90, 70, 39, 87, 48, 69, 99, 4, 46, 1, 13, 58, 97, 59, 45, 8, 73, 37, 35, 79, 11, 66, 76, 32, 60, 80, 96, 6, 16, 61, 33, 7, 57, 34, 12, 67, 10, 98, 56, 88, 29, 75, 91, 38, 19, 92, 43, 84, 51, 72, 81, 17, 2, 55, 0, 62, 89, 94]|[2, 1, 2, 1, 1, 2, 1, 1, 1, 1, 1, 0, 2, 2, 1, 2, 0, 0, 0, 2, 2, 1, 0, 2, 0, 2, 2, 1, 0, 1, 1, 1, 0, 0, 1, 0, 2, 1, 2, 2, 0, 0, 1, 1, 0, 2, 0, 2, 1, 0, 0, 2, 0, 0, 2, 0, 1, 1, 0, 0, 2, 1, 0, 2, 2, 0, 2, 2, 0, 1, 2, 1, 1, 2, 0, 1, 1, 1, 1, 2, 2, 1, 1, 0, 1, 0, 1, 0, 1, 0, 1, 1, 1, 1, 2, 0, 0, 1, 1, 2]|[0, 3, 0, 3, 4, 1, 4, 4, 2, 4, 3, 2, 1, 0, 2, 1, 1, 1, 2, 1, 1, 3, 0, 1, 0, 1, 1, 4, 1, 4, 3, 2, 2, 0, 4, 1, 1, 4, 0, 1, 2, 1, 4, 4, 1, 1, 0, 2, 3, 1, 2, 1, 2, 1, 1, 2, 4, 3, 0, 2, 2, 3, 1, 0, 1, 2, 0, 1, 2, 4, 1, 3, 4, 1, 2, 4, 3, 3, 3, 1, 1, 4, 3, 2, 3, 2, 4, 2, 4, 2, 3, 4, 4, 4, 1, 2, 2, 3, 4, 1]|[0, 2, 0, 0, 3, 0, 1, 3, 0, 0, 2, 0, 1, 0, 1, 0, 0, 0, 1, 0, 0, 2, 0, 0, 1, 0, 0, 3, 0, 1, 0, 2, 0, 0, 3, 0, 1, 3, 0, 0, 0, 0, 1, 3, 0, 0, 1, 0, 2, 0, 0, 0, 0, 0, 1, 0, 1, 0, 1, 1, 0, 2, 0, 0, 0, 0, 0, 0, 0, 2, 0, 0, 1, 0, 0, 1, 0, 0, 3, 0, 0, 1, 0, 0, 0, 0, 3, 0, 2, 0, 0, 2, 1, 3, 0, 0, 0, 0, 1, 0],890.9074744783937,50765.917855663734,113588.58833646381,false
19,G3_TWC,G4_BALANCED,[31, 11, 82, 15, 26, 9, 95, 42, 77, 68, 47, 5, 93, 78, 86, 54, 85, 63, 76, 44, 20, 49, 36, 14, 74, 50, 53, 25, 21, 28, 71, 64, 3, 23, 30, 83, 24, 41, 60, 52, 65, 27, 90, 70, 39, 87, 48, 69, 99, 4, 46, 1, 13, 58, 97, 59, 33, 8, 73, 37, 35, 79, 22, 66, 18, 32, 40, 80, 96, 6, 16, 61, 45, 7, 57, 34, 12, 67, 10, 98, 56, 88, 29, 75, 91, 38, 19, 92, 43, 84, 2, 72, 81, 17, 51, 55, 0, 89, 94, 62]|[2, 1, 2, 1, 1, 2, 1, 1, 1, 1, 1, 0, 2, 2, 1, 2, 0, 0, 0, 2, 2, 1, 0, 2, 0, 2, 2, 1, 0, 1, 1, 1, 0, 0, 1, 0, 2, 1, 2, 2, 0, 0, 1, 1, 0, 2, 0, 2, 1, 0, 0, 2, 0, 0, 2, 0, 1, 1, 0, 0, 2, 1, 0, 2, 2, 0, 2, 2, 0, 1, 2, 1, 1, 2, 0, 1, 1, 1, 1, 2, 2, 1, 1, 0, 1, 0, 1, 0, 1, 0, 2, 1, 1, 1, 1, 0, 0, 1, 2, 1]|[0, 3, 0, 2, 4, 1, 4, 4, 2, 4, 3, 2, 1, 0, 2, 1, 1, 1, 2, 1, 1, 3, 0, 1, 0, 1, 1, 4, 1, 4, 3, 2, 2, 0, 4, 1, 1, 4, 0, 1, 2, 1, 4, 4, 1, 1, 0, 2, 3, 1, 2, 1, 2, 1, 1, 2, 4, 3, 0, 2, 2, 3, 1, 0, 1, 2, 0, 1, 2, 4, 1, 3, 4, 1, 2, 4, 3, 3, 3, 1, 1, 4, 3, 2, 3, 2, 4, 2, 4, 2, 1, 4, 1, 4, 3, 2, 2, 4, 1, 3]|[0, 2, 0, 1, 3, 0, 1, 3, 0, 0, 2, 0, 1, 0, 1, 0, 0, 0, 1, 0, 0, 2, 0, 0, 1, 0, 0, 3, 0, 1, 0, 2, 0, 1, 3, 0, 1, 3, 1, 0, 0, 0, 1, 3, 0, 0, 1, 0, 2, 0, 0, 0, 0, 0, 1, 0, 1, 0, 1, 1, 0, 2, 0, 0, 0, 0, 0, 0, 0, 2, 0, 0, 1, 0, 0, 1, 0, 0, 3, 0, 0, 1, 0, 0, 0, 0, 3, 0, 2, 0, 0, 2, 1, 3, 0, 0, 0, 1, 0, 0],848.1161249092097,51934.83458349109,107480.51805341724,true
19,G1_CMAX,G1_CMAX,[31, 22, 82, 15, 26, 9, 42, 77, 12, 5, 47, 93, 78, 86, 54, 6, 63, 18, 44, 20, 35, 43, 97, 91, 76, 10, 30, 21, 45, 17, 23, 1, 71, 83, 24, 14, 60, 36, 85, 57, 40, 95, 88, 65, 56, 79, 94, 67, 68, 46, 75, 38, 58, 19, 32, 81, 41, 62, 87, 28, 90, 59, 11, 16, 72, 73, 69, 52, 37, 64, 84, 3, 25, 29, 55, 51, 7, 98, 61, 66, 99, 33, 89, 48, 50, 96, 53, 80, 4, 8, 27, 2, 39, 13, 0, 92, 49, 74, 34, 70]|[1, 1, 0, 1, 1, 1, 2, 2, 1, 2, 2, 1, 1, 1, 0, 0, 1, 0, 2, 2, 0, 1, 2, 2, 1, 2, 2, 0, 0, 1, 2, 1, 1, 0, 2, 0, 1, 1, 0, 1, 1, 1, 1, 0, 2, 1, 1, 0, 0, 0, 0, 1, 1, 2, 1, 2, 0, 0, 2, 0, 1, 2, 2, 1, 2, 1, 1, 1, 1, 1, 1, 2, 1, 0, 2, 0, 1, 2, 1, 0, 0, 2, 1, 0, 0, 2, 0, 0, 1, 1, 0, 0, 1, 0, 0, 0, 0, 2, 2, 1]|[0, 3, 1, 2, 0, 0, 1, 1, 4, 1, 1, 4, 4, 4, 2, 2, 4, 2, 1, 1, 1, 1, 2, 1, 2, 1, 1, 1, 1, 4, 0, 3, 3, 0, 1, 1, 0, 3, 2, 2, 2, 2, 0, 1, 1, 0, 4, 0, 1, 2, 2, 1, 4, 0, 3, 2, 1, 2, 1, 2, 3, 1, 1, 3, 0, 4, 4, 1, 4, 3, 1, 2, 4, 1, 1, 1, 1, 1, 3, 1, 1, 1, 1, 1, 1, 1, 2, 1, 4, 3, 2, 2, 1, 2, 2, 0, 1, 1, 1, 4]|[1, 1, 1, 1, 3, 3, 0, 0, 0, 0, 0, 2, 0, 1, 0, 0, 3, 1, 0, 0, 0, 3, 1, 0, 2, 0, 0, 0, 1, 3, 0, 0, 0, 0, 1, 0, 0, 2, 1, 1, 1, 1, 0, 0, 0, 0, 2, 1, 0, 0, 0, 1, 3, 0, 0, 1, 0, 1, 0, 1, 2, 0, 0, 2, 1, 0, 2, 1, 1, 0, 3, 1, 3, 0, 0, 0, 2, 0, 0, 0, 0, 0, 1, 0, 0, 0, 1, 0, 0, 2, 1, 0, 1, 0, 0, 1, 1, 0, 0, 2],733.3116759547878,58140.55643565909,96674.14109675489,false
19,G4_BALANCED,G4_BALANCED,[31, 11, 82, 15, 26, 9, 95, 42, 77, 68, 47, 5, 93, 78, 86, 54, 85, 63, 18, 44, 20, 49, 36, 14, 74, 50, 53, 17, 21, 45, 71, 64, 3, 23, 30, 83, 24, 41, 60, 52, 65, 27, 90, 70, 39, 87, 48, 69, 99, 4, 46, 1, 13, 58, 97, 59, 28, 75, 73, 37, 35, 79, 22, 66, 76, 32, 40, 80, 96, 6, 61, 16, 33, 7, 57, 34, 12, 67, 10, 98, 56, 88, 29, 25, 91, 38, 19, 92, 43, 84, 51, 72, 81, 8, 2, 55, 0, 62, 89, 94]|[2, 1, 2, 1, 1, 2, 1, 1, 1, 1, 1, 0, 2, 2, 1, 2, 0, 0, 0, 2, 2, 1, 0, 2, 0, 2, 2, 1, 0, 1, 1, 1, 0, 0, 1, 0, 2, 1, 2, 2, 0, 0, 1, 1, 0, 2, 0, 2, 1, 0, 0, 2, 0, 0, 2, 0, 1, 1, 0, 0, 2, 1, 0, 2, 2, 0, 2, 2, 0, 1, 1, 2, 1, 2, 0, 1, 1, 1, 1, 2, 2, 1, 1, 1, 1, 0, 1, 0, 1, 0, 1, 1, 1, 0, 2, 0, 0, 1, 1, 2]|[0, 3, 0, 2, 4, 1, 4, 4, 2, 4, 3, 2, 1, 0, 2, 1, 1, 1, 2, 1, 1, 3, 0, 1, 0, 1, 1, 4, 1, 4, 3, 2, 2, 0, 4, 1, 1, 4, 0, 1, 2, 1, 4, 4, 1, 1, 0, 2, 3, 1, 2, 1, 2, 1, 1, 2, 4, 3, 0, 2, 2, 3, 1, 0, 1, 2, 0, 1, 2, 4, 3, 1, 4, 1, 2, 4, 3, 3, 3, 1, 1, 4, 3, 4, 3, 2, 4, 2, 4, 2, 3, 4, 1, 2, 1, 2, 2, 3, 4, 1]|[0, 2, 0, 1, 3, 0, 1, 3, 0, 0, 2, 0, 1, 0, 1, 0, 0, 0, 1, 0, 0, 2, 0, 0, 1, 0, 0, 3, 0, 1, 0, 2, 0, 1, 3, 0, 1, 3, 0, 0, 0, 0, 1, 3, 0, 0, 1, 0, 2, 0, 0, 0, 0, 0, 1, 0, 1, 0, 1, 1, 0, 2, 0, 0, 0, 0, 0, 0, 0, 2, 0, 0, 1, 0, 0, 1, 0, 0, 3, 0, 0, 1, 0, 3, 0, 0, 3, 0, 2, 0, 0, 2, 1, 0, 0, 0, 0, 0, 1, 0],855.0393744413956,51684.66824914086,111484.00316030454,false
19,G2_TEC,G2_TEC,[31, 22, 82, 15, 26, 9, 95, 42, 77, 68, 47, 5, 93, 78, 86, 54, 85, 63, 18, 44, 20, 49, 36, 14, 74, 50, 53, 25, 21, 28, 71, 64, 3, 23, 30, 83, 24, 41, 40, 52, 65, 27, 90, 70, 39, 87, 48, 69, 99, 4, 46, 1, 13, 58, 97, 59, 45, 8, 73, 37, 35, 79, 11, 66, 76, 32, 60, 80, 96, 6, 16, 61, 33, 7, 57, 34, 12, 67, 10, 98, 56, 88, 29, 75, 91, 38, 19, 92, 43, 84, 51, 72, 81, 17, 2, 55, 0, 62, 89, 94]|[2, 1, 2, 1, 1, 2, 1, 1, 1, 1, 1, 0, 2, 2, 1, 2, 0, 0, 0, 2, 2, 1, 0, 2, 0, 2, 2, 1, 0, 1, 1, 1, 0, 0, 1, 0, 2, 1, 2, 2, 0, 0, 1, 1, 0, 2, 0, 2, 1, 0, 0, 2, 0, 0, 2, 0, 1, 1, 0, 0, 2, 1, 0, 2, 2, 0, 2, 2, 0, 1, 2, 1, 1, 2, 0, 1, 1, 1, 1, 2, 2, 1, 1, 0, 1, 0, 1, 0, 1, 0, 1, 1, 1, 1, 2, 0, 0, 1, 1, 2]|[0, 3, 0, 3, 4, 1, 4, 4, 2, 4, 3, 2, 1, 0, 2, 1, 1, 1, 2, 1, 1, 3, 0, 1, 0, 1, 1, 4, 1, 4, 3, 2, 2, 0, 4, 1, 1, 4, 0, 1, 2, 1, 4, 4, 1, 1, 0, 2, 3, 1, 2, 1, 2, 1, 1, 2, 4, 3, 0, 2, 2, 3, 1, 0, 1, 2, 0, 1, 2, 4, 1, 3, 4, 1, 2, 4, 3, 3, 3, 1, 1, 4, 3, 2, 3, 2, 4, 2, 4, 2, 3, 4, 4, 4, 1, 2, 2, 3, 4, 1]|[0, 2, 0, 0, 3, 0, 1, 3, 0, 0, 2, 0, 1, 0, 1, 0, 0, 0, 1, 0, 0, 2, 0, 0, 1, 0, 0, 3, 0, 1, 0, 2, 0, 0, 3, 0, 1, 3, 0, 0, 0, 0, 1, 3, 0, 0, 1, 0, 2, 0, 0, 0, 0, 0, 1, 0, 1, 0, 1, 1, 0, 2, 0, 0, 0, 0, 0, 0, 0, 2, 0, 0, 1, 0, 0, 1, 0, 0, 3, 0, 0, 1, 0, 0, 0, 0, 3, 0, 2, 0, 0, 2, 1, 3, 0, 0, 0, 0, 1, 0],890.9074744783937,50765.917855663734,113588.58833646381,false
19,G3_TWC,G1_CMAX,[31, 22, 82, 15, 26, 9, 42, 95, 77, 12, 47, 5, 93, 78, 86, 54, 85, 63, 18, 44, 20, 35, 43, 97, 91, 76, 10, 30, 21, 45, 71, 64, 1, 23, 17, 83, 24, 14, 60, 36, 6, 57, 94, 88, 65, 56, 79, 40, 67, 68, 46, 75, 38, 58, 19, 32, 81, 41, 27, 62, 87, 90, 99, 59, 11, 16, 72, 73, 69, 39, 37, 84, 3, 92, 25, 55, 28, 29, 51, 7, 33, 61, 98, 66, 89, 50, 8, 96, 53, 80, 4, 48, 34, 2, 52, 13, 0, 70, 49, 74]|[1, 1, 0, 1, 1, 1, 2, 1, 2, 1, 2, 2, 2, 1, 1, 0, 0, 1, 0, 2, 2, 0, 1, 2, 0, 1, 2, 2, 0, 0, 1, 2, 1, 2, 1, 0, 2, 0, 1, 1, 0, 1, 1, 1, 0, 2, 1, 1, 0, 0, 0, 0, 1, 1, 2, 1, 2, 0, 0, 0, 2, 1, 0, 1, 2, 1, 2, 1, 1, 1, 1, 1, 1, 0, 1, 2, 0, 0, 0, 1, 2, 1, 0, 2, 1, 0, 1, 0, 0, 0, 0, 0, 2, 0, 1, 0, 0, 1, 0, 2]|[4, 3, 2, 2, 0, 0, 2, 2, 2, 4, 1, 1, 2, 4, 4, 1, 2, 4, 2, 1, 1, 1, 1, 2, 1, 2, 1, 1, 1, 1, 3, 2, 3, 0, 4, 0, 1, 1, 0, 3, 2, 2, 2, 0, 1, 1, 0, 4, 0, 1, 2, 2, 1, 4, 0, 3, 2, 1, 1, 2, 1, 3, 1, 1, 1, 3, 0, 4, 3, 1, 4, 1, 1, 0, 4, 1, 2, 1, 1, 3, 1, 3, 1, 1, 1, 1, 3, 1, 2, 1, 2, 1, 1, 2, 1, 2, 2, 3, 1, 1]|[0, 2, 1, 1, 3, 3, 0, 1, 0, 0, 0, 0, 1, 0, 1, 0, 0, 3, 1, 0, 0, 0, 3, 1, 0, 2, 0, 0, 0, 1, 0, 0, 0, 0, 3, 0, 1, 0, 0, 2, 1, 1, 1, 0, 0, 0, 0, 2, 1, 0, 0, 0, 1, 3, 0, 0, 1, 0, 0, 1, 0, 2, 0, 1, 0, 2, 1, 0, 0, 1, 1, 3, 1, 1, 3, 0, 1, 0, 0, 2, 0, 0, 0, 0, 1, 0, 2, 0, 1, 0, 1, 0, 0, 0, 1, 0, 0, 0, 1, 0],801.427594812029,57868.49349465401,91455.85780813712,true
19,G1_CMAX,G1_CMAX,[31, 22, 82, 15, 26, 9, 42, 77, 12, 5, 47, 93, 78, 86, 54, 6, 63, 18, 44, 20, 35, 43, 97, 91, 76, 10, 30, 21, 45, 17, 23, 1, 71, 83, 24, 14, 60, 36, 85, 57, 40, 95, 88, 65, 56, 79, 94, 67, 68, 46, 75, 38, 58, 19, 32, 81, 41, 62, 87, 28, 90, 59, 11, 16, 72, 73, 69, 52, 37, 64, 84, 3, 25, 29, 55, 51, 7, 98, 61, 66, 99, 33, 89, 48, 50, 96, 53, 80, 4, 8, 27, 2, 39, 13, 0, 92, 49, 74, 34, 70]|[1, 1, 0, 1, 1, 1, 2, 2, 1, 2, 2, 1, 1, 1, 0, 0, 1, 0, 2, 2, 0, 1, 2, 2, 1, 2, 2, 0, 0, 1, 2, 1, 1, 0, 2, 0, 1, 1, 0, 1, 1, 1, 1, 0, 2, 1, 1, 0, 0, 0, 0, 1, 1, 2, 1, 2, 0, 0, 2, 0, 1, 2, 2, 1, 2, 1, 1, 1, 1, 1, 1, 2, 1, 0, 2, 0, 1, 2, 1, 0, 0, 2, 1, 0, 0, 2, 0, 0, 1, 1, 0, 0, 1, 0, 0, 0, 0, 2, 2, 1]|[0, 3, 1, 2, 0, 0, 1, 1, 4, 1, 1, 4, 4, 4, 2, 2, 4, 2, 1, 1, 1, 1, 2, 1, 2, 1, 1, 1, 1, 4, 0, 3, 3, 0, 1, 1, 0, 3, 2, 2, 2, 2, 0, 1, 1, 0, 4, 0, 1, 2, 2, 1, 4, 0, 3, 2, 1, 2, 1, 2, 3, 1, 1, 3, 0, 4, 4, 1, 4, 3, 1, 2, 4, 1, 1, 1, 1, 1, 3, 1, 1, 1, 1, 1, 1, 1, 2, 1, 4, 3, 2, 2, 1, 2, 2, 0, 1, 1, 1, 4]|[1, 1, 1, 1, 3, 3, 0, 0, 0, 0, 0, 2, 0, 1, 0, 0, 3, 1, 0, 0, 0, 3, 1, 0, 2, 0, 0, 0, 1, 3, 0, 0, 0, 0, 1, 0, 0, 2, 1, 1, 1, 1, 0, 0, 0, 0, 2, 1, 0, 0, 0, 1, 3, 0, 0, 1, 0, 1, 0, 1, 2, 0, 0, 2, 1, 0, 2, 1, 1, 0, 3, 1, 3, 0, 0, 0, 2, 0, 0, 0, 0, 0, 1, 0, 0, 0, 1, 0, 0, 2, 1, 0, 1, 0, 0, 1, 1, 0, 0, 2],733.3116759547878,58140.55643565909,96674.14109675489,false
19,G4_BALANCED,G4_BALANCED,[31, 11, 82, 15, 26, 9, 95, 42, 77, 68, 47, 5, 93, 78, 86, 54, 85, 63, 18, 44, 20, 49, 36, 14, 74, 50, 53, 17, 21, 45, 71, 64, 3, 23, 30, 83, 24, 41, 60, 52, 65, 27, 90, 70, 39, 87, 48, 69, 99, 4, 46, 1, 13, 58, 97, 59, 28, 75, 73, 37, 35, 79, 22, 66, 76, 32, 40, 80, 96, 6, 61, 16, 33, 7, 57, 34, 12, 67, 10, 98, 56, 88, 29, 25, 91, 38, 19, 92, 43, 84, 51, 72, 81, 8, 2, 55, 0, 62, 89, 94]|[2, 1, 2, 1, 1, 2, 1, 1, 1, 1, 1, 0, 2, 2, 1, 2, 0, 0, 0, 2, 2, 1, 0, 2, 0, 2, 2, 1, 0, 1, 1, 1, 0, 0, 1, 0, 2, 1, 2, 2, 0, 0, 1, 1, 0, 2, 0, 2, 1, 0, 0, 2, 0, 0, 2, 0, 1, 1, 0, 0, 2, 1, 0, 2, 2, 0, 2, 2, 0, 1, 1, 2, 1, 2, 0, 1, 1, 1, 1, 2, 2, 1, 1, 1, 1, 0, 1, 0, 1, 0, 1, 1, 1, 0, 2, 0, 0, 1, 1, 2]|[0, 3, 0, 2, 4, 1, 4, 4, 2, 4, 3, 2, 1, 0, 2, 1, 1, 1, 2, 1, 1, 3, 0, 1, 0, 1, 1, 4, 1, 4, 3, 2, 2, 0, 4, 1, 1, 4, 0, 1, 2, 1, 4, 4, 1, 1, 0, 2, 3, 1, 2, 1, 2, 1, 1, 2, 4, 3, 0, 2, 2, 3, 1, 0, 1, 2, 0, 1, 2, 4, 3, 1, 4, 1, 2, 4, 3, 3, 3, 1, 1, 4, 3, 4, 3, 2, 4, 2, 4, 2, 3, 4, 1, 2, 1, 2, 2, 3, 4, 1]|[0, 2, 0, 1, 3, 0, 1, 3, 0, 0, 2, 0, 1, 0, 1, 0, 0, 0, 1, 0, 0, 2, 0, 0, 1, 0, 0, 3, 0, 1, 0, 2, 0, 1, 3, 0, 1, 3, 0, 0, 0, 0, 1, 3, 0, 0, 1, 0, 2, 0, 0, 0, 0, 0, 1, 0, 1, 0, 1, 1, 0, 2, 0, 0, 0, 0, 0, 0, 0, 2, 0, 0, 1, 0, 0, 1, 0, 0, 3, 0, 0, 1, 0, 3, 0, 0, 3, 0, 2, 0, 0, 2, 1, 0, 0, 0, 0, 0, 1, 0],855.0393744413956,51684.66824914086,111484.00316030454,false
19,G2_TEC,G2_TEC,[31, 22, 82, 15, 26, 9, 95, 42, 77, 68, 47, 5, 93, 78, 86, 54, 85, 63, 18, 44, 20, 49, 36, 14, 74, 50, 53, 25, 21, 28, 71, 64, 3, 23, 30, 83, 24, 41, 40, 52, 65, 27, 90, 70, 39, 87, 48, 69, 99, 4, 46, 1, 13, 58, 97, 59, 45, 8, 73, 37, 35, 79, 11, 66, 76, 32, 60, 80, 96, 6, 16, 61, 33, 7, 57, 34, 12, 67, 10, 98, 56, 88, 29, 75, 91, 38, 19, 92, 43, 84, 51, 72, 81, 17, 2, 55, 0, 62, 89, 94]|[2, 1, 2, 1, 1, 2, 1, 1, 1, 1, 1, 0, 2, 2, 1, 2, 0, 0, 0, 2, 2, 1, 0, 2, 0, 2, 2, 1, 0, 1, 1, 1, 0, 0, 1, 0, 2, 1, 2, 2, 0, 0, 1, 1, 0, 2, 0, 2, 1, 0, 0, 2, 0, 0, 2, 0, 1, 1, 0, 0, 2, 1, 0, 2, 2, 0, 2, 2, 0, 1, 2, 1, 1, 2, 0, 1, 1, 1, 1, 2, 2, 1, 1, 0, 1, 0, 1, 0, 1, 0, 1, 1, 1, 1, 2, 0, 0, 1, 1, 2]|[0, 3, 0, 3, 4, 1, 4, 4, 2, 4, 3, 2, 1, 0, 2, 1, 1, 1, 2, 1, 1, 3, 0, 1, 0, 1, 1, 4, 1, 4, 3, 2, 2, 0, 4, 1, 1, 4, 0, 1, 2, 1, 4, 4, 1, 1, 0, 2, 3, 1, 2, 1, 2, 1, 1, 2, 4, 3, 0, 2, 2, 3, 1, 0, 1, 2, 0, 1, 2, 4, 1, 3, 4, 1, 2, 4, 3, 3, 3, 1, 1, 4, 3, 2, 3, 2, 4, 2, 4, 2, 3, 4, 4, 4, 1, 2, 2, 3, 4, 1]|[0, 2, 0, 0, 3, 0, 1, 3, 0, 0, 2, 0, 1, 0, 1, 0, 0, 0, 1, 0, 0, 2, 0, 0, 1, 0, 0, 3, 0, 1, 0, 2, 0, 0, 3, 0, 1, 3, 0, 0, 0, 0, 1, 3, 0, 0, 1, 0, 2, 0, 0, 0, 0, 0, 1, 0, 1, 0, 1, 1, 0, 2, 0, 0, 0, 0, 0, 0, 0, 2, 0, 0, 1, 0, 0, 1, 0, 0, 3, 0, 0, 1, 0, 0, 0, 0, 3, 0, 2, 0, 0, 2, 1, 3, 0, 0, 0, 0, 1, 0],890.9074744783937,50765.917855663734,113588.58833646381,false
19,G3_TWC,G1_CMAX,[31, 22, 82, 15, 26, 9, 42, 95, 77, 12, 47, 5, 93, 78, 86, 54, 85, 63, 18, 44, 20, 35, 43, 97, 91, 76, 10, 30, 21, 45, 71, 64, 1, 23, 17, 83, 24, 14, 60, 36, 6, 57, 94, 88, 65, 56, 79, 40, 67, 68, 46, 75, 38, 58, 19, 32, 81, 41, 27, 62, 87, 90, 99, 59, 11, 16, 72, 73, 69, 39, 37, 84, 3, 92, 25, 55, 28, 29, 51, 7, 33, 61, 98, 66, 89, 50, 8, 96, 53, 80, 4, 48, 34, 2, 52, 13, 0, 70, 49, 74]|[1, 1, 0, 1, 1, 1, 2, 1, 2, 1, 2, 2, 2, 1, 1, 0, 0, 1, 0, 2, 2, 0, 1, 2, 0, 1, 2, 2, 0, 0, 1, 2, 1, 2, 1, 0, 2, 0, 1, 1, 0, 1, 1, 1, 0, 2, 1, 1, 0, 0, 0, 0, 1, 1, 2, 1, 2, 0, 0, 0, 2, 1, 0, 1, 2, 1, 2, 1, 1, 1, 1, 1, 1, 0, 1, 2, 0, 0, 0, 1, 2, 1, 0, 2, 1, 0, 1, 0, 0, 0, 0, 0, 2, 0, 1, 0, 0, 1, 0, 2]|[4, 3, 2, 2, 0, 0, 2, 2, 2, 4, 1, 1, 2, 4, 4, 1, 2, 4, 2, 1, 1, 1, 1, 2, 1, 2, 1, 1, 1, 1, 3, 2, 3, 0, 4, 0, 1, 1, 0, 3, 2, 2, 2, 0, 1, 1, 0, 4, 0, 1, 2, 2, 1, 4, 0, 3, 2, 1, 1, 2, 1, 3, 1, 1, 1, 3, 0, 4, 3, 1, 4, 1, 1, 0, 4, 1, 2, 1, 1, 3, 1, 3, 1, 1, 1, 1, 3, 1, 2, 1, 2, 1, 1, 2, 1, 2, 2, 3, 1, 1]|[0, 2, 1, 1, 3, 3, 0, 1, 0, 0, 0, 0, 1, 0, 1, 0, 0, 3, 1, 0, 0, 0, 3, 1, 0, 2, 0, 0, 0, 1, 0, 0, 0, 0, 3, 0, 1, 0, 0, 2, 1, 1, 1, 0, 0, 0, 0, 2, 1, 0, 0, 0, 1, 3, 0, 0, 1, 0, 0, 1, 0, 2, 0, 1, 0, 2, 1, 0, 0, 1, 1, 3, 1, 1, 3, 0, 1, 0, 0, 2, 0, 0, 0, 0, 1, 0, 2, 0, 1, 0, 1, 0, 0, 0, 1, 0, 0, 0, 1, 0],801.427594812029,57868.49349465401,91455.85780813712,true
19,G1_CMAX,G1_CMAX,[31, 22, 82, 15, 26, 9, 42, 77, 12, 5, 47, 93, 78, 86, 54, 6, 63, 18, 44, 20, 35, 43, 97, 91, 76, 10, 30, 21, 45, 17, 23, 1, 71, 83, 24, 14, 60, 36, 85, 57, 40, 95, 88, 65, 56, 79, 94, 67, 68, 46, 75, 38, 58, 19, 32, 81, 41, 62, 87, 28, 90, 59, 11, 16, 72, 73, 69, 52, 37, 64, 84, 3, 25, 29, 55, 51, 7, 98, 61, 66, 99, 33, 89, 48, 50, 96, 53, 80, 4, 8, 27, 2, 39, 13, 0, 92, 49, 74, 34, 70]|[1, 1, 0, 1, 1, 1, 2, 2, 1, 2, 2, 1, 1, 1, 0, 0, 1, 0, 2, 2, 0, 1, 2, 2, 1, 2, 2, 0, 0, 1, 2, 1, 1, 0, 2, 0, 1, 1, 0, 1, 1, 1, 1, 0, 2, 1, 1, 0, 0, 0, 0, 1, 1, 2, 1, 2, 0, 0, 2, 0, 1, 2, 2, 1, 2, 1, 1, 1, 1, 1, 1, 2, 1, 0, 2, 0, 1, 2, 1, 0, 0, 2, 1, 0, 0, 2, 0, 0, 1, 1, 0, 0, 1, 0, 0, 0, 0, 2, 2, 1]|[0, 3, 1, 2, 0, 0, 1, 1, 4, 1, 1, 4, 4, 4, 2, 2, 4, 2, 1, 1, 1, 1, 2, 1, 2, 1, 1, 1, 1, 4, 0, 3, 3, 0, 1, 1, 0, 3, 2, 2, 2, 2, 0, 1, 1, 0, 4, 0, 1, 2, 2, 1, 4, 0, 3, 2, 1, 2, 1, 2, 3, 1, 1, 3, 0, 4, 4, 1, 4, 3, 1, 2, 4, 1, 1, 1, 1, 1, 3, 1, 1, 1, 1, 1, 1, 1, 2, 1, 4, 3, 2, 2, 1, 2, 2, 0, 1, 1, 1, 4]|[1, 1, 1, 1, 3, 3, 0, 0, 0, 0, 0, 2, 0, 1, 0, 0, 3, 1, 0, 0, 0, 3, 1, 0, 2, 0, 0, 0, 1, 3, 0, 0, 0, 0, 1, 0, 0, 2, 1, 1, 1, 1, 0, 0, 0, 0, 2, 1, 0, 0, 0, 1, 3, 0, 0, 1, 0, 1, 0, 1, 2, 0, 0, 2, 1, 0, 2, 1, 1, 0, 3, 1, 3, 0, 0, 0, 2, 0, 0, 0, 0, 0, 1, 0, 0, 0, 1, 0, 0, 2, 1, 0, 1, 0, 0, 1, 1, 0, 0, 2],733.3116759547878,58140.55643565909,96674.14109675489,false
19,G4_BALANCED,G4_BALANCED,[31, 11, 82, 15, 26, 9, 95, 42, 77, 68, 47, 5, 93, 78, 86, 54, 85, 63, 18, 44, 20, 49, 36, 14, 74, 50, 53, 17, 21, 45, 71, 64, 3, 23, 30, 83, 24, 41, 60, 52, 65, 27, 90, 70, 39, 87, 48, 69, 99, 4, 46, 1, 13, 58, 97, 59, 28, 75, 73, 37, 35, 79, 22, 66, 76, 32, 40, 80, 96, 6, 61, 16, 33, 7, 57, 34, 12, 67, 10, 98, 56, 88, 29, 25, 91, 38, 19, 92, 43, 84, 51, 72, 81, 8, 2, 55, 0, 62, 89, 94]|[2, 1, 2, 1, 1, 2, 1, 1, 1, 1, 1, 0, 2, 2, 1, 2, 0, 0, 0, 2, 2, 1, 0, 2, 0, 2, 2, 1, 0, 1, 1, 1, 0, 0, 1, 0, 2, 1, 2, 2, 0, 0, 1, 1, 0, 2, 0, 2, 1, 0, 0, 2, 0, 0, 2, 0, 1, 1, 0, 0, 2, 1, 0, 2, 2, 0, 2, 2, 0, 1, 1, 2, 1, 2, 0, 1, 1, 1, 1, 2, 2, 1, 1, 1, 1, 0, 1, 0, 1, 0, 1, 1, 1, 0, 2, 0, 0, 1, 1, 2]|[0, 3, 0, 2, 4, 1, 4, 4, 2, 4, 3, 2, 1, 0, 2, 1, 1, 1, 2, 1, 1, 3, 0, 1, 0, 1, 1, 4, 1, 4, 3, 2, 2, 0, 4, 1, 1, 4, 0, 1, 2, 1, 4, 4, 1, 1, 0, 2, 3, 1, 2, 1, 2, 1, 1, 2, 4, 3, 0, 2, 2, 3, 1, 0, 1, 2, 0, 1, 2, 4, 3, 1, 4, 1, 2, 4, 3, 3, 3, 1, 1, 4, 3, 4, 3, 2, 4, 2, 4, 2, 3, 4, 1, 2, 1, 2, 2, 3, 4, 1]|[0, 2, 0, 1, 3, 0, 1, 3, 0, 0, 2, 0, 1, 0, 1, 0, 0, 0, 1, 0, 0, 2, 0, 0, 1, 0, 0, 3, 0, 1, 0, 2, 0, 1, 3, 0, 1, 3, 0, 0, 0, 0, 1, 3, 0, 0, 1, 0, 2, 0, 0, 0, 0, 0, 1, 0, 1, 0, 1, 1, 0, 2, 0, 0, 0, 0, 0, 0, 0, 2, 0, 0, 1, 0, 0, 1, 0, 0, 3, 0, 0, 1, 0, 3, 0, 0, 3, 0, 2, 0, 0, 2, 1, 0, 0, 0, 0, 0, 1, 0],855.0393744413956,51684.66824914086,111484.00316030454,false
19,G2_TEC,G2_TEC,[31, 22, 82, 15, 26, 9, 95, 42, 77, 68, 47, 5, 93, 78, 86, 54, 85, 63, 18, 44, 20, 49, 36, 14, 74, 50, 53, 25, 21, 28, 71, 64, 3, 23, 30, 83, 24, 41, 40, 52, 65, 27, 90, 70, 39, 87, 48, 69, 99, 4, 46, 1, 13, 58, 97, 59, 45, 8, 73, 37, 35, 79, 11, 66, 76, 32, 60, 80, 96, 6, 16, 61, 33, 7, 57, 34, 12, 67, 10, 98, 56, 88, 29, 75, 91, 38, 19, 92, 43, 84, 51, 72, 81, 17, 2, 55, 0, 62, 89, 94]|[2, 1, 2, 1, 1, 2, 1, 1, 1, 1, 1, 0, 2, 2, 1, 2, 0, 0, 0, 2, 2, 1, 0, 2, 0, 2, 2, 1, 0, 1, 1, 1, 0, 0, 1, 0, 2, 1, 2, 2, 0, 0, 1, 1, 0, 2, 0, 2, 1, 0, 0, 2, 0, 0, 2, 0, 1, 1, 0, 0, 2, 1, 0, 2, 2, 0, 2, 2, 0, 1, 2, 1, 1, 2, 0, 1, 1, 1, 1, 2, 2, 1, 1, 0, 1, 0, 1, 0, 1, 0, 1, 1, 1, 1, 2, 0, 0, 1, 1, 2]|[0, 3, 0, 3, 4, 1, 4, 4, 2, 4, 3, 2, 1, 0, 2, 1, 1, 1, 2, 1, 1, 3, 0, 1, 0, 1, 1, 4, 1, 4, 3, 2, 2, 0, 4, 1, 1, 4, 0, 1, 2, 1, 4, 4, 1, 1, 0, 2, 3, 1, 2, 1, 2, 1, 1, 2, 4, 3, 0, 2, 2, 3, 1, 0, 1, 2, 0, 1, 2, 4, 1, 3, 4, 1, 2, 4, 3, 3, 3, 1, 1, 4, 3, 2, 3, 2, 4, 2, 4, 2, 3, 4, 4, 4, 1, 2, 2, 3, 4, 1]|[0, 2, 0, 0, 3, 0, 1, 3, 0, 0, 2, 0, 1, 0, 1, 0, 0, 0, 1, 0, 0, 2, 0, 0, 1, 0, 0, 3, 0, 1, 0, 2, 0, 0, 3, 0, 1, 3, 0, 0, 0, 0, 1, 3, 0, 0, 1, 0, 2, 0, 0, 0, 0, 0, 1, 0, 1, 0, 1, 1, 0, 2, 0, 0, 0, 0, 0, 0, 0, 2, 0, 0, 1, 0, 0, 1, 0, 0, 3, 0, 0, 1, 0, 0, 0, 0, 3, 0, 2, 0, 0, 2, 1, 3, 0, 0, 0, 0, 1, 0],890.9074744783937,50765.917855663734,113588.58833646381,false
19,G3_TWC,G1_CMAX,[31, 22, 82, 15, 26, 9, 42, 95, 77, 12, 47, 5, 93, 78, 86, 54, 85, 63, 18, 44, 20, 35, 43, 97, 91, 76, 10, 30, 21, 45, 71, 64, 1, 23, 17, 83, 24, 14, 60, 36, 6, 57, 94, 88, 65, 56, 79, 40, 67, 68, 46, 75, 38, 58, 19, 32, 81, 41, 27, 62, 87, 90, 99, 59, 11, 16, 72, 73, 69, 39, 37, 84, 3, 92, 25, 55, 28, 29, 51, 7, 33, 61, 98, 66, 89, 50, 8, 96, 53, 80, 4, 48, 34, 2, 52, 13, 0, 70, 49, 74]|[1, 1, 0, 1, 1, 1, 2, 1, 2, 1, 2, 2, 2, 1, 1, 0, 0, 1, 0, 2, 2, 0, 1, 2, 0, 1, 2, 2, 0, 0, 1, 2, 1, 2, 1, 0, 2, 0, 1, 1, 0, 1, 1, 1, 0, 2, 1, 1, 0, 0, 0, 0, 1, 1, 2, 1, 2, 0, 0, 0, 2, 1, 0, 1, 2, 1, 2, 1, 1, 1, 1, 1, 1, 0, 1, 2, 0, 0, 0, 1, 2, 1, 0, 2, 1, 0, 1, 0, 0, 0, 0, 0, 2, 0, 1, 0, 0, 1, 0, 2]|[4, 3, 2, 2, 0, 0, 2, 2, 2, 4, 1, 1, 2, 4, 4, 1, 2, 4, 2, 1, 1, 1, 1, 2, 1, 2, 1, 1, 1, 1, 3, 2, 3, 0, 4, 0, 1, 1, 0, 3, 2, 2, 2, 0, 1, 1, 0, 4, 0, 1, 2, 2, 1, 4, 0, 3, 2, 1, 1, 2, 1, 3, 1, 1, 1, 3, 0, 4, 3, 1, 4, 1, 1, 0, 4, 1, 2, 1, 1, 3, 1, 3, 1, 1, 1, 1, 3, 1, 2, 1, 2, 1, 1, 2, 1, 2, 2, 3, 1, 1]|[0, 2, 1, 1, 3, 3, 0, 1, 0, 0, 0, 0, 1, 0, 1, 0, 0, 3, 1, 0, 0, 0, 3, 1, 0, 2, 0, 0, 0, 1, 0, 0, 0, 0, 3, 0, 1, 0, 0, 2, 1, 1, 1, 0, 0, 0, 0, 2, 1, 0, 0, 0, 1, 3, 0, 0, 1, 0, 0, 1, 0, 2, 0, 1, 0, 2, 1, 0, 0, 1, 1, 3, 1, 1, 3, 0, 1, 0, 0, 2, 0, 0, 0, 0, 1, 0, 2, 0, 1, 0, 1, 0, 0, 0, 1, 0, 0, 0, 1, 0],801.427594812029,57868.49349465401,91455.85780813712,true
19,G1_CMAX,G1_CMAX,[31, 22, 82, 15, 26, 9, 42, 77, 12, 5, 47, 93, 78, 86, 54, 6, 63, 18, 44, 20, 35, 43, 97, 91, 76, 10, 30, 21, 45, 17, 23, 1, 71, 83, 24, 14, 60, 36, 85, 57, 40, 95, 88, 65, 56, 79, 94, 67, 68, 46, 75, 38, 58, 19, 32, 81, 41, 62, 87, 28, 90, 59, 11, 16, 72, 73, 69, 52, 37, 64, 84, 3, 25, 29, 55, 51, 7, 98, 61, 66, 99, 33, 89, 48, 50, 96, 53, 80, 4, 8, 27, 2, 39, 13, 0, 92, 49, 74, 34, 70]|[1, 1, 0, 1, 1, 1, 2, 2, 1, 2, 2, 1, 1, 1, 0, 0, 1, 0, 2, 2, 0, 1, 2, 2, 1, 2, 2, 0, 0, 1, 2, 1, 1, 0, 2, 0, 1, 1, 0, 1, 1, 1, 1, 0, 2, 1, 1, 0, 0, 0, 0, 1, 1, 2, 1, 2, 0, 0, 2, 0, 1, 2, 2, 1, 2, 1, 1, 1, 1, 1, 1, 2, 1, 0, 2, 0, 1, 2, 1, 0, 0, 2, 1, 0, 0, 2, 0, 0, 1, 1, 0, 0, 1, 0, 0, 0, 0, 2, 2, 1]|[0, 3, 1, 2, 0, 0, 1, 1, 4, 1, 1, 4, 4, 4, 2, 2, 4, 2, 1, 1, 1, 1, 2, 1, 2, 1, 1, 1, 1, 4, 0, 3, 3, 0, 1, 1, 0, 3, 2, 2, 2, 2, 0, 1, 1, 0, 4, 0, 1, 2, 2, 1, 4, 0, 3, 2, 1, 2, 1, 2, 3, 1, 1, 3, 0, 4, 4, 1, 4, 3, 1, 2, 4, 1, 1, 1, 1, 1, 3, 1, 1, 1, 1, 1, 1, 1, 2, 1, 4, 3, 2, 2, 1, 2, 2, 0, 1, 1, 1, 4]|[1, 1, 1, 1, 3, 3, 0, 0, 0, 0, 0, 2, 0, 1, 0, 0, 3, 1, 0, 0, 0, 3, 1, 0, 2, 0, 0, 0, 1, 3, 0, 0, 0, 0, 1, 0, 0, 2, 1, 1, 1, 1, 0, 0, 0, 0, 2, 1, 0, 0, 0, 1, 3, 0, 0, 1, 0, 1, 0, 1, 2, 0, 0, 2, 1, 0, 2, 1, 1, 0, 3, 1, 3, 0, 0, 0, 2, 0, 0, 0, 0, 0, 1, 0, 0, 0, 1, 0, 0, 2, 1, 0, 1, 0, 0, 1, 1, 0, 0, 2],733.3116759547878,58140.55643565909,96674.14109675489,false
19,G4_BALANCED,G4_BALANCED,[31, 11, 82, 15, 26, 9, 95, 42, 77, 68, 47, 5, 93, 78, 86, 54, 85, 63, 18, 44, 20, 49, 36, 14, 74, 50, 53, 17, 21, 45, 71, 64, 3, 23, 30, 83, 24, 41, 60, 52, 65, 27, 90, 70, 39, 87, 48, 69, 99, 4, 46, 1, 13, 58, 97, 59, 28, 75, 73, 37, 35, 79, 22, 66, 76, 32, 40, 80, 96, 6, 61, 16, 33, 7, 57, 34, 12, 67, 10, 98, 56, 88, 29, 25, 91, 38, 19, 92, 43, 84, 51, 72, 81, 8, 2, 55, 0, 62, 89, 94]|[2, 1, 2, 1, 1, 2, 1, 1, 1, 1, 1, 0, 2, 2, 1, 2, 0, 0, 0, 2, 2, 1, 0, 2, 0, 2, 2, 1, 0, 1, 1, 1, 0, 0, 1, 0, 2, 1, 2, 2, 0, 0, 1, 1, 0, 2, 0, 2, 1, 0, 0, 2, 0, 0, 2, 0, 1, 1, 0, 0, 2, 1, 0, 2, 2, 0, 2, 2, 0, 1, 1, 2, 1, 2, 0, 1, 1, 1, 1, 2, 2, 1, 1, 1, 1, 0, 1, 0, 1, 0, 1, 1, 1, 0, 2, 0, 0, 1, 1, 2]|[0, 3, 0, 2, 4, 1, 4, 4, 2, 4, 3, 2, 1, 0, 2, 1, 1, 1, 2, 1, 1, 3, 0, 1, 0, 1, 1, 4, 1, 4, 3, 2, 2, 0, 4, 1, 1, 4, 0, 1, 2, 1, 4, 4, 1, 1, 0, 2, 3, 1, 2, 1, 2, 1, 1, 2, 4, 3, 0, 2, 2, 3, 1, 0, 1, 2, 0, 1, 2, 4, 3, 1, 4, 1, 2, 4, 3, 3, 3, 1, 1, 4, 3, 4, 3, 2, 4, 2, 4, 2, 3, 4, 1, 2, 1, 2, 2, 3, 4, 1]|[0, 2, 0, 1, 3, 0, 1, 3, 0, 0, 2, 0, 1, 0, 1, 0, 0, 0, 1, 0, 0, 2, 0, 0, 1, 0, 0, 3, 0, 1, 0, 2, 0, 1, 3, 0, 1, 3, 0, 0, 0, 0, 1, 3, 0, 0, 1, 0, 2, 0, 0, 0, 0, 0, 1, 0, 1, 0, 1, 1, 0, 2, 0, 0, 0, 0, 0, 0, 0, 2, 0, 0, 1, 0, 0, 1, 0, 0, 3, 0, 0, 1, 0, 3, 0, 0, 3, 0, 2, 0, 0, 2, 1, 0, 0, 0, 0, 0, 1, 0],855.0393744413956,51684.66824914086,111484.00316030454,false
19,G2_TEC,G2_TEC,[31, 22, 82, 15, 26, 9, 95, 42, 77, 68, 47, 5, 93, 78, 86, 54, 85, 63, 18, 44, 20, 49, 36, 14, 74, 50, 53, 25, 21, 28, 71, 64, 3, 23, 30, 83, 24, 41, 40, 52, 65, 27, 90, 70, 39, 87, 48, 69, 99, 4, 46, 1, 13, 58, 97, 59, 45, 8, 73, 37, 35, 79, 11, 66, 76, 32, 60, 80, 96, 6, 16, 61, 33, 7, 57, 34, 12, 67, 10, 98, 56, 88, 29, 75, 91, 38, 19, 92, 43, 84, 51, 72, 81, 17, 2, 55, 0, 62, 89, 94]|[2, 1, 2, 1, 1, 2, 1, 1, 1, 1, 1, 0, 2, 2, 1, 2, 0, 0, 0, 2, 2, 1, 0, 2, 0, 2, 2, 1, 0, 1, 1, 1, 0, 0, 1, 0, 2, 1, 2, 2, 0, 0, 1, 1, 0, 2, 0, 2, 1, 0, 0, 2, 0, 0, 2, 0, 1, 1, 0, 0, 2, 1, 0, 2, 2, 0, 2, 2, 0, 1, 2, 1, 1, 2, 0, 1, 1, 1, 1, 2, 2, 1, 1, 0, 1, 0, 1, 0, 1, 0, 1, 1, 1, 1, 2, 0, 0, 1, 1, 2]|[0, 3, 0, 3, 4, 1, 4, 4, 2, 4, 3, 2, 1, 0, 2, 1, 1, 1, 2, 1, 1, 3, 0, 1, 0, 1, 1, 4, 1, 4, 3, 2, 2, 0, 4, 1, 1, 4, 0, 1, 2, 1, 4, 4, 1, 1, 0, 2, 3, 1, 2, 1, 2, 1, 1, 2, 4, 3, 0, 2, 2, 3, 1, 0, 1, 2, 0, 1, 2, 4, 1, 3, 4, 1, 2, 4, 3, 3, 3, 1, 1, 4, 3, 2, 3, 2, 4, 2, 4, 2, 3, 4, 4, 4, 1, 2, 2, 3, 4, 1]|[0, 2, 0, 0, 3, 0, 1, 3, 0, 0, 2, 0, 1, 0, 1, 0, 0, 0, 1, 0, 0, 2, 0, 0, 1, 0, 0, 3, 0, 1, 0, 2, 0, 0, 3, 0, 1, 3, 0, 0, 0, 0, 1, 3, 0, 0, 1, 0, 2, 0, 0, 0, 0, 0, 1, 0, 1, 0, 1, 1, 0, 2, 0, 0, 0, 0, 0, 0, 0, 2, 0, 0, 1, 0, 0, 1, 0, 0, 3, 0, 0, 1, 0, 0, 0, 0, 3, 0, 2, 0, 0, 2, 1, 3, 0, 0, 0, 0, 1, 0],890.9074744783937,50765.917855663734,113588.58833646381,false
19,G3_TWC,G1_CMAX,[31, 22, 82, 15, 26, 9, 42, 95, 77, 12, 47, 5, 93, 78, 86, 54, 85, 63, 18, 44, 20, 35, 43, 97, 91, 76, 10, 30, 21, 45, 71, 64, 1, 23, 17, 83, 24, 14, 60, 36, 6, 57, 94, 88, 65, 56, 79, 40, 67, 68, 46, 75, 38, 58, 19, 32, 81, 41, 27, 62, 87, 90, 99, 59, 11, 16, 72, 73, 69, 39, 37, 84, 3, 92, 25, 55, 28, 29, 51, 7, 33, 61, 98, 66, 89, 50, 8, 96, 53, 80, 4, 48, 34, 2, 52, 13, 0, 70, 49, 74]|[1, 1, 0, 1, 1, 1, 2, 1, 2, 1, 2, 2, 2, 1, 1, 0, 0, 1, 0, 2, 2, 0, 1, 2, 0, 1, 2, 2, 0, 0, 1, 2, 1, 2, 1, 0, 2, 0, 1, 1, 0, 1, 1, 1, 0, 2, 1, 1, 0, 0, 0, 0, 1, 1, 2, 1, 2, 0, 0, 0, 2, 1, 0, 1, 2, 1, 2, 1, 1, 1, 1, 1, 1, 0, 1, 2, 0, 0, 0, 1, 2, 1, 0, 2, 1, 0, 1, 0, 0, 0, 0, 0, 2, 0, 1, 0, 0, 1, 0, 2]|[4, 3, 2, 2, 0, 0, 2, 2, 2, 4, 1, 1, 2, 4, 4, 1, 2, 4, 2, 1, 1, 1, 1, 2, 1, 2, 1, 1, 1, 1, 3, 2, 3, 0, 4, 0, 1, 1, 0, 3, 2, 2, 2, 0, 1, 1, 0, 4, 0, 1, 2, 2, 1, 4, 0, 3, 2, 1, 1, 2, 1, 3, 1, 1, 1, 3, 0, 4, 3, 1, 4, 1, 1, 0, 4, 1, 2, 1, 1, 3, 1, 3, 1, 1, 1, 1, 3, 1, 2, 1, 2, 1, 1, 2, 1, 2, 2, 3, 1, 1]|[0, 2, 1, 1, 3, 3, 0, 1, 0, 0, 0, 0, 1, 0, 1, 0, 0, 3, 1, 0, 0, 0, 3, 1, 0, 2, 0, 0, 0, 1, 0, 0, 0, 0, 3, 0, 1, 0, 0, 2, 1, 1, 1, 0, 0, 0, 0, 2, 1, 0, 0, 0, 1, 3, 0, 0, 1, 0, 0, 1, 0, 2, 0, 1, 0, 2, 1, 0, 0, 1, 1, 3, 1, 1, 3, 0, 1, 0, 0, 2, 0, 0, 0, 0, 1, 0, 2, 0, 1, 0, 1, 0, 0, 0, 1, 0, 0, 0, 1, 0],801.427594812029,57868.49349465401,91455.85780813712,true
19,G1_CMAX,G1_CMAX,[31, 22, 82, 15, 26, 9, 42, 77, 12, 5, 47, 93, 78, 86, 54, 6, 63, 18, 44, 20, 35, 43, 97, 91, 76, 10, 30, 21, 45, 17, 23, 1, 71, 83, 24, 14, 60, 36, 85, 57, 40, 95, 88, 65, 56, 79, 94, 67, 68, 46, 75, 38, 58, 19, 32, 81, 41, 62, 87, 28, 90, 59, 11, 16, 72, 73, 69, 52, 37, 64, 84, 3, 25, 29, 55, 51, 7, 98, 61, 66, 99, 33, 89, 48, 50, 96, 53, 80, 4, 8, 27, 2, 39, 13, 0, 92, 49, 74, 34, 70]|[1, 1, 0, 1, 1, 1, 2, 2, 1, 2, 2, 1, 1, 1, 0, 0, 1, 0, 2, 2, 0, 1, 2, 2, 1, 2, 2, 0, 0, 1, 2, 1, 1, 0, 2, 0, 1, 1, 0, 1, 1, 1, 1, 0, 2, 1, 1, 0, 0, 0, 0, 1, 1, 2, 1, 2, 0, 0, 2, 0, 1, 2, 2, 1, 2, 1, 1, 1, 1, 1, 1, 2, 1, 0, 2, 0, 1, 2, 1, 0, 0, 2, 1, 0, 0, 2, 0, 0, 1, 1, 0, 0, 1, 0, 0, 0, 0, 2, 2, 1]|[0, 3, 1, 2, 0, 0, 1, 1, 4, 1, 1, 4, 4, 4, 2, 2, 4, 2, 1, 1, 1, 1, 2, 1, 2, 1, 1, 1, 1, 4, 0, 3, 3, 0, 1, 1, 0, 3, 2, 2, 2, 2, 0, 1, 1, 0, 4, 0, 1, 2, 2, 1, 4, 0, 3, 2, 1, 2, 1, 2, 3, 1, 1, 3, 0, 4, 4, 1, 4, 3, 1, 2, 4, 1, 1, 1, 1, 1, 3, 1, 1, 1, 1, 1, 1, 1, 2, 1, 4, 3, 2, 2, 1, 2, 2, 0, 1, 1, 1, 4]|[1, 1, 1, 1, 3, 3, 0, 0, 0, 0, 0, 2, 0, 1, 0, 0, 3, 1, 0, 0, 0, 3, 1, 0, 2, 0, 0, 0, 1, 3, 0, 0, 0, 0, 1, 0, 0, 2, 1, 1, 1, 1, 0, 0, 0, 0, 2, 1, 0, 0, 0, 1, 3, 0, 0, 1, 0, 1, 0, 1, 2, 0, 0, 2, 1, 0, 2, 1, 1, 0, 3, 1, 3, 0, 0, 0, 2, 0, 0, 0, 0, 0, 1, 0, 0, 0, 1, 0, 0, 2, 1, 0, 1, 0, 0, 1, 1, 0, 0, 2],733.3116759547878,58140.55643565909,96674.14109675489,false
19,G4_BALANCED,G4_BALANCED,[31, 11, 82, 15, 26, 9, 95, 42, 77, 68, 47, 5, 93, 78, 86, 54, 85, 63, 18, 44, 20, 49, 36, 14, 74, 50, 53, 17, 21, 45, 71, 64, 3, 23, 30, 83, 24, 41, 60, 52, 65, 27, 90, 70, 39, 87, 48, 69, 99, 4, 46, 1, 13, 58, 97, 59, 28, 75, 73, 37, 35, 79, 22, 66, 76, 32, 40, 80, 96, 6, 61, 16, 33, 7, 57, 34, 12, 67, 10, 98, 56, 88, 29, 25, 91, 38, 19, 92, 43, 84, 51, 72, 81, 8, 2, 55, 0, 62, 89, 94]|[2, 1, 2, 1, 1, 2, 1, 1, 1, 1, 1, 0, 2, 2, 1, 2, 0, 0, 0, 2, 2, 1, 0, 2, 0, 2, 2, 1, 0, 1, 1, 1, 0, 0, 1, 0, 2, 1, 2, 2, 0, 0, 1, 1, 0, 2, 0, 2, 1, 0, 0, 2, 0, 0, 2, 0, 1, 1, 0, 0, 2, 1, 0, 2, 2, 0, 2, 2, 0, 1, 1, 2, 1, 2, 0, 1, 1, 1, 1, 2, 2, 1, 1, 1, 1, 0, 1, 0, 1, 0, 1, 1, 1, 0, 2, 0, 0, 1, 1, 2]|[0, 3, 0, 2, 4, 1, 4, 4, 2, 4, 3, 2, 1, 0, 2, 1, 1, 1, 2, 1, 1, 3, 0, 1, 0, 1, 1, 4, 1, 4, 3, 2, 2, 0, 4, 1, 1, 4, 0, 1, 2, 1, 4, 4, 1, 1, 0, 2, 3, 1, 2, 1, 2, 1, 1, 2, 4, 3, 0, 2, 2, 3, 1, 0, 1, 2, 0, 1, 2, 4, 3, 1, 4, 1, 2, 4, 3, 3, 3, 1, 1, 4, 3, 4, 3, 2, 4, 2, 4, 2, 3, 4, 1, 2, 1, 2, 2, 3, 4, 1]|[0, 2, 0, 1, 3, 0, 1, 3, 0, 0, 2, 0, 1, 0, 1, 0, 0, 0, 1, 0, 0, 2, 0, 0, 1, 0, 0, 3, 0, 1, 0, 2, 0, 1, 3, 0, 1, 3, 0, 0, 0, 0, 1, 3, 0, 0, 1, 0, 2, 0, 0, 0, 0, 0, 1, 0, 1, 0, 1, 1, 0, 2, 0, 0, 0, 0, 0, 0, 0, 2, 0, 0, 1, 0, 0, 1, 0, 0, 3, 0, 0, 1, 0, 3, 0, 0, 3, 0, 2, 0, 0, 2, 1, 0, 0, 0, 0, 0, 1, 0],855.0393744413956,51684.66824914086,111484.00316030454,false
19,G2_TEC,G2_TEC,[31, 22, 82, 15, 26, 9, 95, 42, 77, 68, 47, 5, 93, 78, 86, 54, 85, 63, 18, 44, 20, 49, 36, 14, 74, 50, 53, 25, 21, 28, 71, 64, 3, 23, 30, 83, 24, 41, 40, 52, 65, 27, 90, 70, 39, 87, 48, 69, 99, 4, 46, 1, 13, 58, 97, 59, 45, 8, 73, 37, 35, 79, 11, 66, 76, 32, 60, 80, 96, 6, 16, 61, 33, 7, 57, 34, 12, 67, 10, 98, 56, 88, 29, 75, 91, 38, 19, 92, 43, 84, 51, 72, 81, 17, 2, 55, 0, 62, 89, 94]|[2, 1, 2, 1, 1, 2, 1, 1, 1, 1, 1, 0, 2, 2, 1, 2, 0, 0, 0, 2, 2, 1, 0, 2, 0, 2, 2, 1, 0, 1, 1, 1, 0, 0, 1, 0, 2, 1, 2, 2, 0, 0, 1, 1, 0, 2, 0, 2, 1, 0, 0, 2, 0, 0, 2, 0, 1, 1, 0, 0, 2, 1, 0, 2, 2, 0, 2, 2, 0, 1, 2, 1, 1, 2, 0, 1, 1, 1, 1, 2, 2, 1, 1, 0, 1, 0, 1, 0, 1, 0, 1, 1, 1, 1, 2, 0, 0, 1, 1, 2]|[0, 3, 0, 3, 4, 1, 4, 4, 2, 4, 3, 2, 1, 0, 2, 1, 1, 1, 2, 1, 1, 3, 0, 1, 0, 1, 1, 4, 1, 4, 3, 2, 2, 0, 4, 1, 1, 4, 0, 1, 2, 1, 4, 4, 1, 1, 0, 2, 3, 1, 2, 1, 2, 1, 1, 2, 4, 3, 0, 2, 2, 3, 1, 0, 1, 2, 0, 1, 2, 4, 1, 3, 4, 1, 2, 4, 3, 3, 3, 1, 1, 4, 3, 2, 3, 2, 4, 2, 4, 2, 3, 4, 4, 4, 1, 2, 2, 3, 4, 1]|[0, 2, 0, 0, 3, 0, 1, 3, 0, 0, 2, 0, 1, 0, 1, 0, 0, 0, 1, 0, 0, 2, 0, 0, 1, 0, 0, 3, 0, 1, 0, 2, 0, 0, 3, 0, 1, 3, 0, 0, 0, 0, 1, 3, 0, 0, 1, 0, 2, 0, 0, 0, 0, 0, 1, 0, 1, 0, 1, 1, 0, 2, 0, 0, 0, 0, 0, 0, 0, 2, 0, 0, 1, 0, 0, 1, 0, 0, 3, 0, 0, 1, 0, 0, 0, 0, 3, 0, 2, 0, 0, 2, 1, 3, 0, 0, 0, 0, 1, 0],890.9074744783937,50765.917855663734,113588.58833646381,false
19,G3_TWC,G1_CMAX,[31, 22, 82, 15, 26, 9, 42, 95, 77, 12, 47, 5, 93, 78, 86, 54, 85, 63, 18, 44, 20, 35, 43, 97, 91, 76, 10, 30, 21, 45, 71, 64, 1, 23, 17, 83, 24, 14, 60, 36, 6, 57, 94, 88, 65, 56, 79, 40, 67, 68, 46, 75, 38, 58, 19, 32, 81, 41, 27, 62, 87, 90, 99, 59, 11, 16, 72, 73, 69, 39, 37, 84, 3, 92, 25, 55, 28, 29, 51, 7, 33, 61, 98, 66, 89, 50, 8, 96, 53, 80, 4, 48, 34, 2, 52, 13, 0, 70, 49, 74]|[1, 1, 0, 1, 1, 1, 2, 1, 2, 1, 2, 2, 2, 1, 1, 0, 0, 1, 0, 2, 2, 0, 1, 2, 0, 1, 2, 2, 0, 0, 1, 2, 1, 2, 1, 0, 2, 0, 1, 1, 0, 1, 1, 1, 0, 2, 1, 1, 0, 0, 0, 0, 1, 1, 2, 1, 2, 0, 0, 0, 2, 1, 0, 1, 2, 1, 2, 1, 1, 1, 1, 1, 1, 0, 1, 2, 0, 0, 0, 1, 2, 1, 0, 2, 1, 0, 1, 0, 0, 0, 0, 0, 2, 0, 1, 0, 0, 1, 0, 2]|[4, 3, 2, 2, 0, 0, 2, 2, 2, 4, 1, 1, 2, 4, 4, 1, 2, 4, 2, 1, 1, 1, 1, 2, 1, 2, 1, 1, 1, 1, 3, 2, 3, 0, 4, 0, 1, 1, 0, 3, 2, 2, 2, 0, 1, 1, 0, 4, 0, 1, 2, 2, 1, 4, 0, 3, 2, 1, 1, 2, 1, 3, 1, 1, 1, 3, 0, 4, 3, 1, 4, 1, 1, 0, 4, 1, 2, 1, 1, 3, 1, 3, 1, 1, 1, 1, 3, 1, 2, 1, 2, 1, 1, 2, 1, 2, 2, 3, 1, 1]|[0, 2, 1, 1, 3, 3, 0, 1, 0, 0, 0, 0, 1, 0, 1, 0, 0, 3, 1, 0, 0, 0, 3, 1, 0, 2, 0, 0, 0, 1, 0, 0, 0, 0, 3, 0, 1, 0, 0, 2, 1, 1, 1, 0, 0, 0, 0, 2, 1, 0, 0, 0, 1, 3, 0, 0, 1, 0, 0, 1, 0, 2, 0, 1, 0, 2, 1, 0, 0, 1, 1, 3, 1, 1, 3, 0, 1, 0, 0, 2, 0, 0, 0, 0, 1, 0, 2, 0, 1, 0, 1, 0, 0, 0, 1, 0, 0, 0, 1, 0],801.427594812029,57868.49349465401,91455.85780813712,true
19,G1_CMAX,G1_CMAX,[31, 22, 82, 15, 26, 9, 42, 77, 12, 5, 47, 93, 78, 86, 54, 6, 63, 18, 44, 20, 35, 43, 97, 91, 76, 10, 30, 21, 45, 17, 23, 1, 71, 83, 24, 14, 60, 36, 85, 57, 40, 95, 88, 65, 56, 79, 94, 67, 68, 46, 75, 38, 58, 19, 32, 81, 41, 62, 87, 28, 90, 59, 11, 16, 72, 73, 69, 52, 37, 64, 84, 3, 25, 29, 55, 51, 7, 98, 61, 66, 99, 33, 89, 48, 50, 96, 53, 80, 4, 8, 27, 2, 39, 13, 0, 92, 49, 74, 34, 70]|[1, 1, 0, 1, 1, 1, 2, 2, 1, 2, 2, 1, 1, 1, 0, 0, 1, 0, 2, 2, 0, 1, 2, 2, 1, 2, 2, 0, 0, 1, 2, 1, 1, 0, 2, 0, 1, 1, 0, 1, 1, 1, 1, 0, 2, 1, 1, 0, 0, 0, 0, 1, 1, 2, 1, 2, 0, 0, 2, 0, 1, 2, 2, 1, 2, 1, 1, 1, 1, 1, 1, 2, 1, 0, 2, 0, 1, 2, 1, 0, 0, 2, 1, 0, 0, 2, 0, 0, 1, 1, 0, 0, 1, 0, 0, 0, 0, 2, 2, 1]|[0, 3, 1, 2, 0, 0, 1, 1, 4, 1, 1, 4, 4, 4, 2, 2, 4, 2, 1, 1, 1, 1, 2, 1, 2, 1, 1, 1, 1, 4, 0, 3, 3, 0, 1, 1, 0, 3, 2, 2, 2, 2, 0, 1, 1, 0, 4, 0, 1, 2, 2, 1, 4, 0, 3, 2, 1, 2, 1, 2, 3, 1, 1, 3, 0, 4, 4, 1, 4, 3, 1, 2, 4, 1, 1, 1, 1, 1, 3, 1, 1, 1, 1, 1, 1, 1, 2, 1, 4, 3, 2, 2, 1, 2, 2, 0, 1, 1, 1, 4]|[1, 1, 1, 1, 3, 3, 0, 0, 0, 0, 0, 2, 0, 1, 0, 0, 3, 1, 0, 0, 0, 3, 1, 0, 2, 0, 0, 0, 1, 3, 0, 0, 0, 0, 1, 0, 0, 2, 1, 1, 1, 1, 0, 0, 0, 0, 2, 1, 0, 0, 0, 1, 3, 0, 0, 1, 0, 1, 0, 1, 2, 0, 0, 2, 1, 0, 2, 1, 1, 0, 3, 1, 3, 0, 0, 0, 2, 0, 0, 0, 0, 0, 1, 0, 0, 0, 1, 0, 0, 2, 1, 0, 1, 0, 0, 1, 1, 0, 0, 2],733.3116759547878,58140.55643565909,96674.14109675489,false
19,G4_BALANCED,G4_BALANCED,[31, 11, 82, 15, 26, 9, 95, 42, 77, 68, 47, 5, 93, 78, 86, 54, 85, 63, 18, 44, 20, 49, 36, 14, 74, 50, 53, 17, 21, 45, 71, 64, 3, 23, 30, 83, 24, 41, 60, 52, 65, 27, 90, 70, 39, 87, 48, 69, 99, 4, 46, 1, 13, 58, 97, 59, 28, 75, 73, 37, 35, 79, 22, 66, 76, 32, 40, 80, 96, 6, 61, 16, 33, 7, 57, 34, 12, 67, 10, 98, 56, 88, 29, 25, 91, 38, 19, 92, 43, 84, 51, 72, 81, 8, 2, 55, 0, 62, 89, 94]|[2, 1, 2, 1, 1, 2, 1, 1, 1, 1, 1, 0, 2, 2, 1, 2, 0, 0, 0, 2, 2, 1, 0, 2, 0, 2, 2, 1, 0, 1, 1, 1, 0, 0, 1, 0, 2, 1, 2, 2, 0, 0, 1, 1, 0, 2, 0, 2, 1, 0, 0, 2, 0, 0, 2, 0, 1, 1, 0, 0, 2, 1, 0, 2, 2, 0, 2, 2, 0, 1, 1, 2, 1, 2, 0, 1, 1, 1, 1, 2, 2, 1, 1, 1, 1, 0, 1, 0, 1, 0, 1, 1, 1, 0, 2, 0, 0, 1, 1, 2]|[0, 3, 0, 2, 4, 1, 4, 4, 2, 4, 3, 2, 1, 0, 2, 1, 1, 1, 2, 1, 1, 3, 0, 1, 0, 1, 1, 4, 1, 4, 3, 2, 2, 0, 4, 1, 1, 4, 0, 1, 2, 1, 4, 4, 1, 1, 0, 2, 3, 1, 2, 1, 2, 1, 1, 2, 4, 3, 0, 2, 2, 3, 1, 0, 1, 2, 0, 1, 2, 4, 3, 1, 4, 1, 2, 4, 3, 3, 3, 1, 1, 4, 3, 4, 3, 2, 4, 2, 4, 2, 3, 4, 1, 2, 1, 2, 2, 3, 4, 1]|[0, 2, 0, 1, 3, 0, 1, 3, 0, 0, 2, 0, 1, 0, 1, 0, 0, 0, 1, 0, 0, 2, 0, 0, 1, 0, 0, 3, 0, 1, 0, 2, 0, 1, 3, 0, 1, 3, 0, 0, 0, 0, 1, 3, 0, 0, 1, 0, 2, 0, 0, 0, 0, 0, 1, 0, 1, 0, 1, 1, 0, 2, 0, 0, 0, 0, 0, 0, 0, 2, 0, 0, 1, 0, 0, 1, 0, 0, 3, 0, 0, 1, 0, 3, 0, 0, 3, 0, 2, 0, 0, 2, 1, 0, 0, 0, 0, 0, 1, 0],855.0393744413956,51684.66824914086,111484.00316030454,false
19,G2_TEC,G2_TEC,[31, 22, 82, 15, 26, 9, 95, 42, 77, 68, 47, 5, 93, 78, 86, 54, 85, 63, 18, 44, 20, 49, 36, 14, 74, 50, 53, 25, 21, 28, 71, 64, 3, 23, 30, 83, 24, 41, 40, 52, 65, 27, 90, 70, 39, 87, 48, 69, 99, 4, 46, 1, 13, 58, 97, 59, 45, 8, 73, 37, 35, 79, 11, 66, 76, 32, 60, 80, 96, 6, 16, 61, 33, 7, 57, 34, 12, 67, 10, 98, 56, 88, 29, 75, 91, 38, 19, 92, 43, 84, 51, 72, 81, 17, 2, 55, 0, 62, 89, 94]|[2, 1, 2, 1, 1, 2, 1, 1, 1, 1, 1, 0, 2, 2, 1, 2, 0, 0, 0, 2, 2, 1, 0, 2, 0, 2, 2, 1, 0, 1, 1, 1, 0, 0, 1, 0, 2, 1, 2, 2, 0, 0, 1, 1, 0, 2, 0, 2, 1, 0, 0, 2, 0, 0, 2, 0, 1, 1, 0, 0, 2, 1, 0, 2, 2, 0, 2, 2, 0, 1, 2, 1, 1, 2, 0, 1, 1, 1, 1, 2, 2, 1, 1, 0, 1, 0, 1, 0, 1, 0, 1, 1, 1, 1, 2, 0, 0, 1, 1, 2]|[0, 3, 0, 3, 4, 1, 4, 4, 2, 4, 3, 2, 1, 0, 2, 1, 1, 1, 2, 1, 1, 3, 0, 1, 0, 1, 1, 4, 1, 4, 3, 2, 2, 0, 4, 1, 1, 4, 0, 1, 2, 1, 4, 4, 1, 1, 0, 2, 3, 1, 2, 1, 2, 1, 1, 2, 4, 3, 0, 2, 2, 3, 1, 0, 1, 2, 0, 1, 2, 4, 1, 3, 4, 1, 2, 4, 3, 3, 3, 1, 1, 4, 3, 2, 3, 2, 4, 2, 4, 2, 3, 4, 4, 4, 1, 2, 2, 3, 4, 1]|[0, 2, 0, 0, 3, 0, 1, 3, 0, 0, 2, 0, 1, 0, 1, 0, 0, 0, 1, 0, 0, 2, 0, 0, 1, 0, 0, 3, 0, 1, 0, 2, 0, 0, 3, 0, 1, 3, 0, 0, 0, 0, 1, 3, 0, 0, 1, 0, 2, 0, 0, 0, 0, 0, 1, 0, 1, 0, 1, 1, 0, 2, 0, 0, 0, 0, 0, 0, 0, 2, 0, 0, 1, 0, 0, 1, 0, 0, 3, 0, 0, 1, 0, 0, 0, 0, 3, 0, 2, 0, 0, 2, 1, 3, 0, 0, 0, 0, 1, 0],890.9074744783937,50765.917855663734,113588.58833646381,false
19,G3_TWC,G1_CMAX,[31, 22, 82, 15, 26, 9, 42, 95, 77, 12, 47, 5, 93, 78, 86, 54, 85, 63, 18, 44, 20, 35, 43, 97, 91, 76, 10, 30, 21, 45, 71, 64, 1, 23, 17, 83, 24, 14, 60, 36, 6, 57, 94, 88, 65, 56, 79, 40, 67, 68, 46, 75, 38, 58, 19, 32, 81, 41, 27, 62, 87, 90, 99, 59, 11, 16, 72, 73, 69, 39, 37, 84, 3, 92, 25, 55, 28, 29, 51, 7, 33, 61, 98, 66, 89, 50, 8, 96, 53, 80, 4, 48, 34, 2, 52, 13, 0, 70, 49, 74]|[1, 1, 0, 1, 1, 1, 2, 1, 2, 1, 2, 2, 2, 1, 1, 0, 0, 1, 0, 2, 2, 0, 1, 2, 0, 1, 2, 2, 0, 0, 1, 2, 1, 2, 1, 0, 2, 0, 1, 1, 0, 1, 1, 1, 0, 2, 1, 1, 0, 0, 0, 0, 1, 1, 2, 1, 2, 0, 0, 0, 2, 1, 0, 1, 2, 1, 2, 1, 1, 1, 1, 1, 1, 0, 1, 2, 0, 0, 0, 1, 2, 1, 0, 2, 1, 0, 1, 0, 0, 0, 0, 0, 2, 0, 1, 0, 0, 1, 0, 2]|[4, 3, 2, 2, 0, 0, 2, 2, 2, 4, 1, 1, 2, 4, 4, 1, 2, 4, 2, 1, 1, 1, 1, 2, 1, 2, 1, 1, 1, 1, 3, 2, 3, 0, 4, 0, 1, 1, 0, 3, 2, 2, 2, 0, 1, 1, 0, 4, 0, 1, 2, 2, 1, 4, 0, 3, 2, 1, 1, 2, 1, 3, 1, 1, 1, 3, 0, 4, 3, 1, 4, 1, 1, 0, 4, 1, 2, 1, 1, 3, 1, 3, 1, 1, 1, 1, 3, 1, 2, 1, 2, 1, 1, 2, 1, 2, 2, 3, 1, 1]|[0, 2, 1, 1, 3, 3, 0, 1, 0, 0, 0, 0, 1, 0, 1, 0, 0, 3, 1, 0, 0, 0, 3, 1, 0, 2, 0, 0, 0, 1, 0, 0, 0, 0, 3, 0, 1, 0, 0, 2, 1, 1, 1, 0, 0, 0, 0, 2, 1, 0, 0, 0, 1, 3, 0, 0, 1, 0, 0, 1, 0, 2, 0, 1, 0, 2, 1, 0, 0, 1, 1, 3, 1, 1, 3, 0, 1, 0, 0, 2, 0, 0, 0, 0, 1, 0, 2, 0, 1, 0, 1, 0, 0, 0, 1, 0, 0, 0, 1, 0],801.427594812029,57868.49349465401,91455.85780813712,true
19,G1_CMAX,G1_CMAX,[31, 22, 82, 15, 26, 9, 42, 77, 12, 5, 47, 93, 78, 86, 54, 6, 63, 18, 44, 20, 35, 43, 97, 91, 76, 10, 30, 21, 45, 17, 23, 1, 71, 83, 24, 14, 60, 36, 85, 57, 40, 95, 88, 65, 56, 79, 94, 67, 68, 46, 75, 38, 58, 19, 32, 81, 41, 62, 87, 28, 90, 59, 11, 16, 72, 73, 69, 52, 37, 64, 84, 3, 25, 29, 55, 51, 7, 98, 61, 66, 99, 33, 89, 48, 50, 96, 53, 80, 4, 8, 27, 2, 39, 13, 0, 92, 49, 74, 34, 70]|[1, 1, 0, 1, 1, 1, 2, 2, 1, 2, 2, 1, 1, 1, 0, 0, 1, 0, 2, 2, 0, 1, 2, 2, 1, 2, 2, 0, 0, 1, 2, 1, 1, 0, 2, 0, 1, 1, 0, 1, 1, 1, 1, 0, 2, 1, 1, 0, 0, 0, 0, 1, 1, 2, 1, 2, 0, 0, 2, 0, 1, 2, 2, 1, 2, 1, 1, 1, 1, 1, 1, 2, 1, 0, 2, 0, 1, 2, 1, 0, 0, 2, 1, 0, 0, 2, 0, 0, 1, 1, 0, 0, 1, 0, 0, 0, 0, 2, 2, 1]|[0, 3, 1, 2, 0, 0, 1, 1, 4, 1, 1, 4, 4, 4, 2, 2, 4, 2, 1, 1, 1, 1, 2, 1, 2, 1, 1, 1, 1, 4, 0, 3, 3, 0, 1, 1, 0, 3, 2, 2, 2, 2, 0, 1, 1, 0, 4, 0, 1, 2, 2, 1, 4, 0, 3, 2, 1, 2, 1, 2, 3, 1, 1, 3, 0, 4, 4, 1, 4, 3, 1, 2, 4, 1, 1, 1, 1, 1, 3, 1, 1, 1, 1, 1, 1, 1, 2, 1, 4, 3, 2, 2, 1, 2, 2, 0, 1, 1, 1, 4]|[1, 1, 1, 1, 3, 3, 0, 0, 0, 0, 0, 2, 0, 1, 0, 0, 3, 1, 0, 0, 0, 3, 1, 0, 2, 0, 0, 0, 1, 3, 0, 0, 0, 0, 1, 0, 0, 2, 1, 1, 1, 1, 0, 0, 0, 0, 2, 1, 0, 0, 0, 1, 3, 0, 0, 1, 0, 1, 0, 1, 2, 0, 0, 2, 1, 0, 2, 1, 1, 0, 3, 1, 3, 0, 0, 0, 2, 0, 0, 0, 0, 0, 1, 0, 0, 0, 1, 0, 0, 2, 1, 0, 1, 0, 0, 1, 1, 0, 0, 2],733.3116759547878,58140.55643565909,96674.14109675489,false
19,G4_BALANCED,G4_BALANCED,[31, 11, 82, 15, 26, 9, 95, 42, 77, 68, 47, 5, 93, 78, 86, 54, 85, 63, 18, 44, 20, 49, 36, 14, 74, 50, 53, 17, 21, 45, 71, 64, 3, 23, 30, 83, 24, 41, 60, 52, 65, 27, 90, 70, 39, 87, 48, 69, 99, 4, 46, 1, 13, 58, 97, 59, 28, 75, 73, 37, 35, 79, 22, 66, 76, 32, 40, 80, 96, 6, 61, 16, 33, 7, 57, 34, 12, 67, 10, 98, 56, 88, 29, 25, 91, 38, 19, 92, 43, 84, 51, 72, 81, 8, 2, 55, 0, 62, 89, 94]|[2, 1, 2, 1, 1, 2, 1, 1, 1, 1, 1, 0, 2, 2, 1, 2, 0, 0, 0, 2, 2, 1, 0, 2, 0, 2, 2, 1, 0, 1, 1, 1, 0, 0, 1, 0, 2, 1, 2, 2, 0, 0, 1, 1, 0, 2, 0, 2, 1, 0, 0, 2, 0, 0, 2, 0, 1, 1, 0, 0, 2, 1, 0, 2, 2, 0, 2, 2, 0, 1, 1, 2, 1, 2, 0, 1, 1, 1, 1, 2, 2, 1, 1, 1, 1, 0, 1, 0, 1, 0, 1, 1, 1, 0, 2, 0, 0, 1, 1, 2]|[0, 3, 0, 2, 4, 1, 4, 4, 2, 4, 3, 2, 1, 0, 2, 1, 1, 1, 2, 1, 1, 3, 0, 1, 0, 1, 1, 4, 1, 4, 3, 2, 2, 0, 4, 1, 1, 4, 0, 1, 2, 1, 4, 4, 1, 1, 0, 2, 3, 1, 2, 1, 2, 1, 1, 2, 4, 3, 0, 2, 2, 3, 1, 0, 1, 2, 0, 1, 2, 4, 3, 1, 4, 1, 2, 4, 3, 3, 3, 1, 1, 4, 3, 4, 3, 2, 4, 2, 4, 2, 3, 4, 1, 2, 1, 2, 2, 3, 4, 1]|[0, 2, 0, 1, 3, 0, 1, 3, 0, 0, 2, 0, 1, 0, 1, 0, 0, 0, 1, 0, 0, 2, 0, 0, 1, 0, 0, 3, 0, 1, 0, 2, 0, 1, 3, 0, 1, 3, 0, 0, 0, 0, 1, 3, 0, 0, 1, 0, 2, 0, 0, 0, 0, 0, 1, 0, 1, 0, 1, 1, 0, 2, 0, 0, 0, 0, 0, 0, 0, 2, 0, 0, 1, 0, 0, 1, 0, 0, 3, 0, 0, 1, 0, 3, 0, 0, 3, 0, 2, 0, 0, 2, 1, 0, 0, 0, 0, 0, 1, 0],855.0393744413956,51684.66824914086,111484.00316030454,false
19,G2_TEC,G2_TEC,[31, 22, 82, 15, 26, 9, 95, 42, 77, 68, 47, 5, 93, 78, 86, 54, 85, 63, 18, 44, 20, 49, 36, 14, 74, 50, 53, 25, 21, 28, 71, 64, 3, 23, 30, 83, 24, 41, 40, 52, 65, 27, 90, 70, 39, 87, 48, 69, 99, 4, 46, 1, 13, 58, 97, 59, 45, 8, 73, 37, 35, 79, 11, 66, 76, 32, 60, 80, 96, 6, 16, 61, 19, 7, 57, 34, 12, 67, 10, 98, 56, 88, 29, 75, 91, 38, 33, 92, 43, 84, 51, 72, 81, 17, 2, 55, 0, 62, 94, 89]|[2, 1, 2, 1, 1, 2, 1, 1, 1, 1, 1, 0, 2, 2, 1, 2, 0, 0, 0, 2, 2, 1, 0, 2, 0, 2, 2, 1, 0, 1, 1, 1, 0, 0, 1, 0, 2, 1, 2, 2, 0, 0, 1, 1, 0, 2, 0, 2, 1, 0, 0, 2, 0, 0, 2, 0, 1, 1, 0, 0, 2, 1, 0, 2, 2, 0, 2, 2, 0, 1, 2, 1, 1, 2, 0, 1, 1, 1, 1, 2, 2, 1, 1, 0, 1, 0, 1, 0, 1, 0, 1, 1, 1, 1, 2, 0, 0, 1, 2, 1]|[0, 3, 0, 3, 4, 1, 4, 4, 2, 4, 3, 2, 1, 0, 2, 1, 1, 1, 2, 1, 1, 3, 0, 1, 0, 1, 1, 4, 1, 4, 3, 2, 2, 0, 4, 1, 1, 4, 0, 1, 2, 1, 4, 4, 1, 1, 0, 2, 3, 1, 2, 1, 2, 1, 1, 2, 4, 3, 0, 2, 2, 3, 1, 0, 1, 2, 0, 1, 2, 4, 1, 3, 4, 1, 2, 4, 3, 3, 3, 1, 1, 4, 3, 2, 3, 2, 4, 2, 4, 2, 3, 4, 4, 4, 1, 2, 2, 3, 1, 4]|[0, 2, 0, 0, 3, 0, 1, 3, 0, 0, 2, 0, 1, 0, 1, 0, 0, 0, 1, 0, 0, 2, 0, 0, 1, 0, 0, 3, 0, 1, 0, 2, 0, 0, 3, 0, 1, 3, 0, 0, 0, 0, 1, 3, 0, 0, 1, 0, 2, 0, 0, 0, 0, 0, 1, 0, 1, 0, 1, 1, 0, 2, 0, 0, 0, 0, 0, 0, 0, 2, 0, 0, 1, 0, 0, 1, 0, 0, 3, 0, 0, 1, 0, 0, 0, 0, 1, 0, 2, 0, 0, 2, 1, 3, 0, 0, 0, 0, 0, 1],890.9074744783937,50760.14574298861,113587.74359615259,false
19,G3_TWC,G1_CMAX,[31, 22, 82, 15, 26, 9, 42, 95, 77, 12, 47, 5, 93, 78, 86, 54, 85, 63, 18, 44, 20, 35, 43, 97, 91, 76, 10, 30, 21, 45, 71, 64, 1, 23, 17, 83, 24, 14, 60, 36, 6, 57, 94, 88, 65, 56, 79, 40, 67, 68, 46, 75, 38, 58, 19, 32, 81, 41, 27, 62, 87, 90, 99, 59, 11, 16, 72, 73, 69, 39, 37, 84, 3, 92, 25, 55, 28, 29, 51, 7, 33, 61, 98, 66, 89, 50, 8, 96, 53, 80, 4, 48, 34, 2, 52, 13, 0, 70, 49, 74]|[1, 1, 0, 1, 1, 1, 2, 1, 2, 1, 2, 2, 2, 1, 1, 0, 0, 1, 0, 2, 2, 0, 1, 2, 0, 1, 2, 2, 0, 0, 1, 2, 1, 2, 1, 0, 2, 0, 1, 1, 0, 1, 1, 1, 0, 2, 1, 1, 0, 0, 0, 0, 1, 1, 2, 1, 2, 0, 0, 0, 2, 1, 0, 1, 2, 1, 2, 1, 1, 1, 1, 1, 1, 0, 1, 2, 0, 0, 0, 1, 2, 1, 0, 2, 1, 0, 1, 0, 0, 0, 0, 0, 2, 0, 1, 0, 0, 1, 0, 2]|[4, 3, 2, 2, 0, 0, 2, 2, 2, 4, 1, 1, 2, 4, 4, 1, 2, 4, 2, 1, 1, 1, 1, 2, 1, 2, 1, 1, 1, 1, 3, 2, 3, 0, 4, 0, 1, 1, 0, 3, 2, 2, 2, 0, 1, 1, 0, 4, 0, 1, 2, 2, 1, 4, 0, 3, 2, 1, 1, 2, 1, 3, 1, 1, 1, 3, 0, 4, 3, 1, 4, 1, 1, 0, 4, 1, 2, 1, 1, 3, 1, 3, 1, 1, 1, 1, 3, 1, 2, 1, 2, 1, 1, 2, 1, 2, 2, 3, 1, 1]|[0, 2, 1, 1, 3, 3, 0, 1, 0, 0, 0, 0, 1, 0, 1, 0, 0, 3, 1, 0, 0, 0, 3, 1, 0, 2, 0, 0, 0, 1, 0, 0, 0, 0, 3, 0, 1, 0, 0, 2, 1, 1, 1, 0, 0, 0, 0, 2, 1, 0, 0, 0, 1, 3, 0, 0, 1, 0, 0, 1, 0, 2, 0, 1, 0, 2, 1, 0, 0, 1, 1, 3, 1, 1, 3, 0, 1, 0, 0, 2, 0, 0, 0, 0, 1, 0, 2, 0, 1, 0, 1, 0, 0, 0, 1, 0, 0, 0, 1, 0],801.427594812029,57868.49349465401,91455.85780813712,true
19,G1_CMAX,G1_CMAX,[31, 22, 82, 15, 26, 9, 42, 77, 12, 5, 47, 93, 78, 86, 54, 6, 63, 18, 44, 20, 35, 43, 97, 91, 76, 10, 30, 21, 45, 17, 23, 1, 71, 83, 24, 14, 60, 36, 85, 57, 40, 95, 88, 65, 56, 79, 94, 67, 68, 46, 75, 38, 58, 19, 32, 81, 41, 62, 87, 28, 90, 59, 11, 16, 72, 73, 69, 52, 37, 64, 84, 3, 25, 29, 55, 51, 7, 98, 61, 66, 99, 33, 89, 48, 50, 96, 53, 80, 4, 8, 27, 2, 39, 13, 0, 92, 49, 74, 34, 70]|[1, 1, 0, 1, 1, 1, 2, 2, 1, 2, 2, 1, 1, 1, 0, 0, 1, 0, 2, 2, 0, 1, 2, 2, 1, 2, 2, 0, 0, 1, 2, 1, 1, 0, 2, 0, 1, 1, 0, 1, 1, 1, 1, 0, 2, 1, 1, 0, 0, 0, 0, 1, 1, 2, 1, 2, 0, 0, 2, 0, 1, 2, 2, 1, 2, 1, 1, 1, 1, 1, 1, 2, 1, 0, 2, 0, 1, 2, 1, 0, 0, 2, 1, 0, 0, 2, 0, 0, 1, 1, 0, 0, 1, 0, 0, 0, 0, 2, 2, 1]|[0, 3, 1, 2, 0, 0, 1, 1, 4, 1, 1, 4, 4, 4, 2, 2, 4, 2, 1, 1, 1, 1, 2, 1, 2, 1, 1, 1, 1, 4, 0, 3, 3, 0, 1, 1, 0, 3, 2, 2, 2, 2, 0, 1, 1, 0, 4, 0, 1, 2, 2, 1, 4, 0, 3, 2, 1, 2, 1, 2, 3, 1, 1, 3, 0, 4, 4, 1, 4, 3, 1, 2, 4, 1, 1, 1, 1, 1, 3, 1, 1, 1, 1, 1, 1, 1, 2, 1, 4, 3, 2, 2, 1, 2, 2, 0, 1, 1, 1, 4]|[1, 1, 1, 1, 3, 3, 0, 0, 0, 0, 0, 2, 0, 1, 0, 0, 3, 1, 0, 0, 0, 3, 1, 0, 2, 0, 0, 0, 1, 3, 0, 0, 0, 0, 1, 0, 0, 2, 1, 1, 1, 1, 0, 0, 0, 0, 2, 1, 0, 0, 0, 1, 3, 0, 0, 1, 0, 1, 0, 1, 2, 0, 0, 2, 1, 0, 2, 1, 1, 0, 3, 1, 3, 0, 0, 0, 2, 0, 0, 0, 0, 0, 1, 0, 0, 0, 1, 0, 0, 2, 1, 0, 1, 0, 0, 1, 1, 0, 0, 2],733.3116759547878,58140.55643565909,96674.14109675489,false
19,G4_BALANCED,G4_BALANCED,[31, 11, 82, 15, 26, 9, 95, 42, 77, 68, 47, 5, 93, 78, 86, 54, 85, 63, 18, 44, 20, 49, 36, 14, 74, 50, 53, 17, 21, 45, 71, 64, 3, 23, 30, 83, 24, 41, 60, 52, 65, 27, 90, 70, 39, 87, 48, 69, 99, 4, 46, 1, 13, 58, 97, 59, 28, 75, 73, 37, 35, 79, 22, 66, 76, 32, 40, 80, 96, 6, 61, 16, 33, 7, 57, 34, 12, 67, 10, 98, 56, 88, 29, 25, 91, 38, 19, 92, 43, 84, 51, 72, 81, 8, 2, 55, 0, 62, 89, 94]|[2, 1, 2, 1, 1, 2, 1, 1, 1, 1, 1, 0, 2, 2, 1, 2, 0, 0, 0, 2, 2, 1, 0, 2, 0, 2, 2, 1, 0, 1, 1, 1, 0, 0, 1, 0, 2, 1, 2, 2, 0, 0, 1, 1, 0, 2, 0, 2, 1, 0, 0, 2, 0, 0, 2, 0, 1, 1, 0, 0, 2, 1, 0, 2, 2, 0, 2, 2, 0, 1, 1, 2, 1, 2, 0, 1, 1, 1, 1, 2, 2, 1, 1, 1, 1, 0, 1, 0, 1, 0, 1, 1, 1, 0, 2, 0, 0, 1, 1, 2]|[0, 3, 0, 2, 4, 1, 4, 4, 2, 4, 3, 2, 1, 0, 2, 1, 1, 1, 2, 1, 1, 3, 0, 1, 0, 1, 1, 4, 1, 4, 3, 2, 2, 0, 4, 1, 1, 4, 0, 1, 2, 1, 4, 4, 1, 1, 0, 2, 3, 1, 2, 1, 2, 1, 1, 2, 4, 3, 0, 2, 2, 3, 1, 0, 1, 2, 0, 1, 2, 4, 3, 1, 4, 1, 2, 4, 3, 3, 3, 1, 1, 4, 3, 4, 3, 2, 4, 2, 4, 2, 3, 4, 1, 2, 1, 2, 2, 3, 4, 1]|[0, 2, 0, 1, 3, 0, 1, 3, 0, 0, 2, 0, 1, 0, 1, 0, 0, 0, 1, 0, 0, 2, 0, 0, 1, 0, 0, 3, 0, 1, 0, 2, 0, 1, 3, 0, 1, 3, 0, 0, 0, 0, 1, 3, 0, 0, 1, 0, 2, 0, 0, 0, 0, 0, 1, 0, 1, 0, 1, 1, 0, 2, 0, 0, 0, 0, 0, 0, 0, 2, 0, 0, 1, 0, 0, 1, 0, 0, 3, 0, 0, 1, 0, 3, 0, 0, 3, 0, 2, 0, 0, 2, 1, 0, 0, 0, 0, 0, 1, 0],855.0393744413956,51684.66824914086,111484.00316030454,false
19,G2_TEC,G2_TEC,[31, 22, 82, 15, 26, 9, 95, 42, 77, 68, 47, 5, 93, 78, 86, 54, 85, 63, 18, 44, 20, 49, 36, 14, 74, 50, 53, 25, 21, 28, 71, 64, 3, 23, 30, 83, 24, 41, 40, 52, 65, 27, 90, 70, 39, 87, 48, 69, 99, 4, 46, 1, 13, 58, 97, 59, 45, 8, 73, 37, 35, 79, 11, 66, 76, 32, 60, 80, 96, 6, 16, 61, 19, 7, 57, 34, 12, 67, 10, 98, 56, 88, 29, 75, 91, 38, 33, 92, 43, 84, 51, 72, 81, 17, 2, 55, 0, 62, 94, 89]|[2, 1, 2, 1, 1, 2, 1, 1, 1, 1, 1, 0, 2, 2, 1, 2, 0, 0, 0, 2, 2, 1, 0, 2, 0, 2, 2, 1, 0, 1, 1, 1, 0, 0, 1, 0, 2, 1, 2, 2, 0, 0, 1, 1, 0, 2, 0, 2, 1, 0, 0, 2, 0, 0, 2, 0, 1, 1, 0, 0, 2, 1, 0, 2, 2, 0, 2, 2, 0, 1, 2, 1, 1, 2, 0, 1, 1, 1, 1, 2, 2, 1, 1, 0, 1, 0, 1, 0, 1, 0, 1, 1, 1, 1, 2, 0, 0, 1, 2, 1]|[0, 3, 0, 3, 4, 1, 4, 4, 2, 4, 3, 2, 1, 0, 2, 1, 1, 1, 2, 1, 1, 3, 0, 1, 0, 1, 1, 4, 1, 4, 3, 2, 2, 0, 4, 1, 1, 4, 0, 1, 2, 1, 4, 4, 1, 1, 0, 2, 3, 1, 2, 1, 2, 1, 1, 2, 4, 3, 0, 2, 2, 3, 1, 0, 1, 2, 0, 1, 2, 4, 1, 3, 4, 1, 2, 4, 3, 3, 3, 1, 1, 4, 3, 2, 3, 2, 4, 2, 4, 2, 3, 4, 4, 4, 1, 2, 2, 3, 1, 4]|[0, 2, 0, 0, 3, 0, 1, 3, 0, 0, 2, 0, 1, 0, 1, 0, 0, 0, 1, 0, 0, 2, 0, 0, 1, 0, 0, 3, 0, 1, 0, 2, 0, 0, 3, 0, 1, 3, 0, 0, 0, 0, 1, 3, 0, 0, 1, 0, 2, 0, 0, 0, 0, 0, 1, 0, 1, 0, 1, 1, 0, 2, 0, 0, 0, 0, 0, 0, 0, 2, 0, 0, 1, 0, 0, 1, 0, 0, 3, 0, 0, 1, 0, 0, 0, 0, 1, 0, 2, 0, 0, 2, 1, 3, 0, 0, 0, 0, 0, 1],890.9074744783937,50760.14574298861,113587.74359615259,false
19,G3_TWC,G1_CMAX,[31, 22, 82, 15, 26, 9, 42, 95, 77, 12, 47, 5, 93, 78, 86, 54, 85, 63, 18, 44, 20, 35, 43, 97, 91, 76, 10, 30, 21, 45, 71, 64, 1, 23, 17, 83, 24, 14, 60, 36, 6, 57, 94, 88, 65, 56, 79, 40, 67, 68, 46, 75, 38, 58, 19, 32, 81, 41, 27, 62, 87, 90, 99, 59, 11, 16, 72, 73, 69, 39, 37, 84, 3, 92, 25, 55, 28, 29, 51, 7, 33, 61, 98, 66, 89, 50, 8, 96, 53, 80, 4, 48, 34, 2, 52, 13, 0, 70, 49, 74]|[1, 1, 0, 1, 1, 1, 2, 1, 2, 1, 2, 2, 2, 1, 1, 0, 0, 1, 0, 2, 2, 0, 1, 2, 0, 1, 2, 2, 0, 0, 1, 2, 1, 2, 1, 0, 2, 0, 1, 1, 0, 1, 1, 1, 0, 2, 1, 1, 0, 0, 0, 0, 1, 1, 2, 1, 2, 0, 0, 0, 2, 1, 0, 1, 2, 1, 2, 1, 1, 1, 1, 1, 1, 0, 1, 2, 0, 0, 0, 1, 2, 1, 0, 2, 1, 0, 1, 0, 0, 0, 0, 0, 2, 0, 1, 0, 0, 1, 0, 2]|[4, 3, 2, 2, 0, 0, 2, 2, 2, 4, 1, 1, 2, 4, 4, 1, 2, 4, 2, 1, 1, 1, 1, 2, 1, 2, 1, 1, 1, 1, 3, 2, 3, 0, 4, 0, 1, 1, 0, 3, 2, 2, 2, 0, 1, 1, 0, 4, 0, 1, 2, 2, 1, 4, 0, 3, 2, 1, 1, 2, 1, 3, 1, 1, 1, 3, 0, 4, 3, 1, 4, 1, 1, 0, 4, 1, 2, 1, 1, 3, 1, 3, 1, 1, 1, 1, 3, 1, 2, 1, 2, 1, 1, 2, 1, 2, 2, 3, 1, 1]|[0, 2, 1, 1, 3, 3, 0, 1, 0, 0, 0, 0, 1, 0, 1, 0, 0, 3, 1, 0, 0, 0, 3, 1, 0, 2, 0, 0, 0, 1, 0, 0, 0, 0, 3, 0, 1, 0, 0, 2, 1, 1, 1, 0, 0, 0, 0, 2, 1, 0, 0, 0, 1, 3, 0, 0, 1, 0, 0, 1, 0, 2, 0, 1, 0, 2, 1, 0, 0, 1, 1, 3, 1, 1, 3, 0, 1, 0, 0, 2, 0, 0, 0, 0, 1, 0, 2, 0, 1, 0, 1, 0, 0, 0, 1, 0, 0, 0, 1, 0],801.427594812029,57868.49349465401,91455.85780813712,true
19,G1_CMAX,G1_CMAX,[31, 22, 82, 15, 26, 9, 42, 77, 12, 5, 47, 93, 78, 86, 54, 6, 63, 18, 44, 20, 35, 43, 97, 91, 76, 10, 30, 21, 45, 17, 23, 1, 71, 83, 24, 14, 60, 36, 85, 57, 40, 95, 88, 65, 56, 79, 94, 67, 68, 46, 75, 38, 58, 19, 32, 81, 41, 62, 87, 28, 90, 59, 11, 16, 72, 73, 69, 52, 37, 64, 84, 3, 25, 29, 55, 51, 7, 98, 61, 66, 99, 33, 89, 48, 50, 96, 53, 80, 4, 8, 27, 2, 39, 13, 0, 92, 49, 74, 34, 70]|[1, 1, 0, 1, 1, 1, 2, 2, 1, 2, 2, 1, 1, 1, 0, 0, 1, 0, 2, 2, 0, 1, 2, 2, 1, 2, 2, 0, 0, 1, 2, 1, 1, 0, 2, 0, 1, 1, 0, 1, 1, 1, 1, 0, 2, 1, 1, 0, 0, 0, 0, 1, 1, 2, 1, 2, 0, 0, 2, 0, 1, 2, 2, 1, 2, 1, 1, 1, 1, 1, 1, 2, 1, 0, 2, 0, 1, 2, 1, 0, 0, 2, 1, 0, 0, 2, 0, 0, 1, 1, 0, 0, 1, 0, 0, 0, 0, 2, 2, 1]|[0, 3, 1, 2, 0, 0, 1, 1, 4, 1, 1, 4, 4, 4, 2, 2, 4, 2, 1, 1, 1, 1, 2, 1, 2, 1, 1, 1, 1, 4, 0, 3, 3, 0, 1, 1, 0, 3, 2, 2, 2, 2, 0, 1, 1, 0, 4, 0, 1, 2, 2, 1, 4, 0, 3, 2, 1, 2, 1, 2, 3, 1, 1, 3, 0, 4, 4, 1, 4, 3, 1, 2, 4, 1, 1, 1, 1, 1, 3, 1, 1, 1, 1, 1, 1, 1, 2, 1, 4, 3, 2, 2, 1, 2, 2, 0, 1, 1, 1, 4]|[1, 1, 1, 1, 3, 3, 0, 0, 0, 0, 0, 2, 0, 1, 0, 0, 3, 1, 0, 0, 0, 3, 1, 0, 2, 0, 0, 0, 1, 3, 0, 0, 0, 0, 1, 0, 0, 2, 1, 1, 1, 1, 0, 0, 0, 0, 2, 1, 0, 0, 0, 1, 3, 0, 0, 1, 0, 1, 0, 1, 2, 0, 0, 2, 1, 0, 2, 1, 1, 0, 3, 1, 3, 0, 0, 0, 2, 0, 0, 0, 0, 0, 1, 0, 0, 0, 1, 0, 0, 2, 1, 0, 1, 0, 0, 1, 1, 0, 0, 2],733.3116759547878,58140.55643565909,96674.14109675489,false
19,G4_BALANCED,G4_BALANCED,[31, 11, 82, 15, 26, 9, 95, 42, 77, 68, 47, 5, 93, 78, 86, 54, 85, 63, 18, 44, 20, 49, 36, 14, 74, 50, 53, 17, 21, 45, 71, 64, 3, 23, 30, 83, 24, 41, 60, 52, 65, 27, 90, 70, 39, 87, 48, 69, 99, 4, 46, 1, 13, 58, 97, 59, 28, 75, 73, 37, 35, 79, 22, 66, 76, 32, 40, 80, 96, 6, 61, 16, 33, 7, 57, 34, 12, 67, 10, 98, 56, 88, 29, 25, 91, 38, 19, 92, 43, 84, 51, 72, 81, 8, 2, 55, 0, 62, 89, 94]|[2, 1, 2, 1, 1, 2, 1, 1, 1, 1, 1, 0, 2, 2, 1, 2, 0, 0, 0, 2, 2, 1, 0, 2, 0, 2, 2, 1, 0, 1, 1, 1, 0, 0, 1, 0, 2, 1, 2, 2, 0, 0, 1, 1, 0, 2, 0, 2, 1, 0, 0, 2, 0, 0, 2, 0, 1, 1, 0, 0, 2, 1, 0, 2, 2, 0, 2, 2, 0, 1, 1, 2, 1, 2, 0, 1, 1, 1, 1, 2, 2, 1, 1, 1, 1, 0, 1, 0, 1, 0, 1, 1, 1, 0, 2, 0, 0, 1, 1, 2]|[0, 3, 0, 2, 4, 1, 4, 4, 2, 4, 3, 2, 1, 0, 2, 1, 1, 1, 2, 1, 1, 3, 0, 1, 0, 1, 1, 4, 1, 4, 3, 2, 2, 0, 4, 1, 1, 4, 0, 1, 2, 1, 4, 4, 1, 1, 0, 2, 3, 1, 2, 1, 2, 1, 1, 2, 4, 3, 0, 2, 2, 3, 1, 0, 1, 2, 0, 1, 2, 4, 3, 1, 4, 1, 2, 4, 3, 3, 3, 1, 1, 4, 3, 4, 3, 2, 4, 2, 4, 2, 3, 4, 1, 2, 1, 2, 2, 3, 4, 1]|[0, 2, 0, 1, 3, 0, 1, 3, 0, 0, 2, 0, 1, 0, 1, 0, 0, 0, 1, 0, 0, 2, 0, 0, 1, 0, 0, 3, 0, 1, 0, 2, 0, 1, 3, 0, 1, 3, 0, 0, 0, 0, 1, 3, 0, 0, 1, 0, 2, 0, 0, 0, 0, 0, 1, 0, 1, 0, 1, 1, 0, 2, 0, 0, 0, 0, 0, 0, 0, 2, 0, 0, 1, 0, 0, 1, 0, 0, 3, 0, 0, 1, 0, 3, 0, 0, 3, 0, 2, 0, 0, 2, 1, 0, 0, 0, 0, 0, 1, 0],855.0393744413956,51684.66824914086,111484.00316030454,false
19,G2_TEC,G2_TEC,[31, 22, 82, 15, 26, 9, 95, 42, 77, 68, 47, 5, 93, 78, 86, 54, 85, 63, 18, 44, 20, 49, 36, 14, 74, 50, 53, 25, 21, 28, 71, 64, 3, 23, 30, 83, 24, 41, 40, 52, 65, 27, 90, 70, 39, 87, 48, 69, 99, 4, 46, 1, 13, 58, 97, 59, 45, 8, 73, 37, 35, 79, 11, 66, 76, 32, 60, 80, 96, 6, 16, 61, 19, 7, 57, 34, 12, 67, 10, 98, 56, 88, 29, 75, 91, 38, 33, 92, 43, 84, 51, 72, 81, 17, 2, 55, 0, 62, 94, 89]|[2, 1, 2, 1, 1, 2, 1, 1, 1, 1, 1, 0, 2, 2, 1, 2, 0, 0, 0, 2, 2, 1, 0, 2, 0, 2, 2, 1, 0, 1, 1, 1, 0, 0, 1, 0, 2, 1, 2, 2, 0, 0, 1, 1, 0, 2, 0, 2, 1, 0, 0, 2, 0, 0, 2, 0, 1, 1, 0, 0, 2, 1, 0, 2, 2, 0, 2, 2, 0, 1, 2, 1, 1, 2, 0, 1, 1, 1, 1, 2, 2, 1, 1, 0, 1, 0, 1, 0, 1, 0, 1, 1, 1, 1, 2, 0, 0, 1, 2, 1]|[0, 3, 0, 3, 4, 1, 4, 4, 2, 4, 3, 2, 1, 0, 2, 1, 1, 1, 2, 1, 1, 3, 0, 1, 0, 1, 1, 4, 1, 4, 3, 2, 2, 0, 4, 1, 1, 4, 0, 1, 2, 1, 4, 4, 1, 1, 0, 2, 3, 1, 2, 1, 2, 1, 1, 2, 4, 3, 0, 2, 2, 3, 1, 0, 1, 2, 0, 1, 2, 4, 1, 3, 4, 1, 2, 4, 3, 3, 3, 1, 1, 4, 3, 2, 3, 2, 4, 2, 4, 2, 3, 4, 4, 4, 1, 2, 2, 3, 1, 4]|[0, 2, 0, 0, 3, 0, 1, 3, 0, 0, 2, 0, 1, 0, 1, 0, 0, 0, 1, 0, 0, 2, 0, 0, 1, 0, 0, 3, 0, 1, 0, 2, 0, 0, 3, 0, 1, 3, 0, 0, 0, 0, 1, 3, 0, 0, 1, 0, 2, 0, 0, 0, 0, 0, 1, 0, 1, 0, 1, 1, 0, 2, 0, 0, 0, 0, 0, 0, 0, 2, 0, 0, 1, 0, 0, 1, 0, 0, 3, 0, 0, 1, 0, 0, 0, 0, 1, 0, 2, 0, 0, 2, 1, 3, 0, 0, 0, 0, 0, 1],890.9074744783937,50760.14574298861,113587.74359615259,false
19,G3_TWC,G1_CMAX,[31, 22, 82, 15, 26, 9, 42, 95, 77, 12, 47, 5, 93, 78, 86, 54, 85, 63, 18, 44, 20, 35, 43, 97, 91, 76, 10, 30, 21, 45, 71, 64, 1, 23, 17, 83, 24, 14, 60, 36, 6, 57, 94, 88, 65, 56, 79, 40, 67, 68, 46, 75, 38, 58, 19, 32, 81, 41, 27, 62, 87, 90, 99, 59, 11, 16, 72, 73, 69, 39, 37, 84, 3, 92, 25, 55, 28, 29, 51, 7, 33, 61, 98, 66, 89, 50, 8, 96, 53, 80, 4, 48, 34, 2, 52, 13, 0, 70, 49, 74]|[1, 1, 0, 1, 1, 1, 2, 1, 2, 1, 2, 2, 2, 1, 1, 0, 0, 1, 0, 2, 2, 0, 1, 2, 0, 1, 2, 2, 0, 0, 1, 2, 1, 2, 1, 0, 2, 0, 1, 1, 0, 1, 1, 1, 0, 2, 1, 1, 0, 0, 0, 0, 1, 1, 2, 1, 2, 0, 0, 0, 2, 1, 0, 1, 2, 1, 2, 1, 1, 1, 1, 1, 1, 0, 1, 2, 0, 0, 0, 1, 2, 1, 0, 2, 1, 0, 1, 0, 0, 0, 0, 0, 2, 0, 1, 0, 0, 1, 0, 2]|[4, 3, 2, 2, 0, 0, 2, 2, 2, 4, 1, 1, 2, 4, 4, 1, 2, 4, 2, 1, 1, 1, 1, 2, 1, 2, 1, 1, 1, 1, 3, 2, 3, 0, 4, 0, 1, 1, 0, 3, 2, 2, 2, 0, 1, 1, 0, 4, 0, 1, 2, 2, 1, 4, 0, 3, 2, 1, 1, 2, 1, 3, 1, 1, 1, 3, 0, 4, 3, 1, 4, 1, 1, 0, 4, 1, 2, 1, 1, 3, 1, 3, 1, 1, 1, 1, 3, 1, 2, 1, 2, 1, 1, 2, 1, 2, 2, 3, 1, 1]|[0, 2, 1, 1, 3, 3, 0, 1, 0, 0, 0, 0, 1, 0, 1, 0, 0, 3, 1, 0, 0, 0, 3, 1, 0, 2, 0, 0, 0, 1, 0, 0, 0, 0, 3, 0, 1, 0, 0, 2, 1, 1, 1, 0, 0, 0, 0, 2, 1, 0, 0, 0, 1, 3, 0, 0, 1, 0, 0, 1, 0, 2, 0, 1, 0, 2, 1, 0, 0, 1, 1, 3, 1, 1, 3, 0, 1, 0, 0, 2, 0, 0, 0, 0, 1, 0, 2, 0, 1, 0, 1, 0, 0, 0, 1, 0, 0, 0, 1, 0],801.427594812029,57868.49349465401,91455.85780813712,true
19,G1_CMAX,G2_TEC,[31, 22, 82, 15, 26, 9, 95, 42, 77, 68, 47, 5, 93, 78, 86, 54, 85, 63, 18, 44, 20, 49, 36, 14, 74, 50, 7, 25, 21, 28, 71, 64, 3, 23, 30, 83, 24, 41, 60, 52, 65, 27, 90, 70, 39, 87, 48, 69, 99, 4, 46, 1, 13, 58, 97, 11, 45, 8, 73, 37, 35, 79, 59, 66, 76, 32, 40, 80, 96, 6, 16, 61, 33, 53, 57, 34, 12, 67, 10, 98, 56, 88, 29, 75, 91, 38, 19, 92, 43, 84, 51, 72, 81, 17, 2, 55, 0, 89, 94, 62]|[2, 1, 2, 1, 1, 2, 1, 1, 1, 1, 1, 0, 2, 2, 1, 2, 0, 0, 2, 2, 2, 1, 0, 2, 0, 2, 2, 1, 0, 1, 1, 1, 0, 0, 1, 0, 2, 1, 2, 2, 0, 0, 1, 1, 0, 2, 0, 2, 1, 0, 0, 2, 0, 0, 2, 0, 1, 1, 0, 0, 2, 1, 0, 2, 2, 0, 2, 2, 0, 1, 2, 1, 1, 2, 0, 1, 1, 1, 1, 2, 2, 1, 1, 0, 1, 0, 1, 0, 1, 0, 1, 1, 1, 1, 2, 0, 0, 1, 2, 1]|[0, 3, 0, 3, 4, 1, 4, 4, 2, 4, 3, 2, 1, 0, 2, 1, 1, 1, 0, 1, 1, 3, 0, 1, 0, 1, 1, 4, 1, 4, 3, 2, 2, 0, 4, 1, 1, 4, 0, 1, 2, 1, 4, 4, 1, 1, 0, 2, 3, 1, 2, 1, 2, 1, 1, 1, 4, 3, 0, 2, 2, 3, 2, 0, 1, 2, 0, 1, 2, 4, 1, 3, 4, 1, 2, 4, 3, 3, 3, 1, 1, 4, 3, 2, 3, 2, 4, 2, 4, 2, 3, 4, 4, 4, 1, 2, 2, 4, 1, 3]|[0, 2, 0, 0, 3, 0, 1, 3, 0, 0, 2, 0, 1, 0, 1, 0, 0, 0, 0, 0, 0, 2, 0, 0, 1, 0, 0, 3, 0, 1, 0, 2, 0, 0, 3, 0, 1, 3, 1, 0, 0, 0, 1, 3, 0, 0, 1, 0, 2, 0, 0, 0, 0, 0, 1, 0, 1, 0, 1, 1, 0, 2, 0, 0, 0, 0, 0, 0, 0, 2, 0, 0, 1, 0, 0, 1, 0, 0, 3, 0, 0, 1, 0, 0, 0, 0, 3, 0, 2, 0, 0, 2, 1, 3, 0, 0, 0, 1, 0, 0],882.510072544512,50960.475816823746,112624.76133487659,true
19,G4_BALANCED,G4_BALANCED,[31, 11, 82, 15, 26, 9, 95, 42, 77, 68, 47, 5, 93, 78, 86, 54, 85, 63, 18, 44, 20, 49, 36, 14, 74, 50, 53, 17, 21, 45, 71, 64, 3, 23, 30, 83, 24, 41, 60, 52, 65, 27, 90, 70, 39, 87, 48, 69, 99, 4, 46, 1, 13, 58, 97, 59, 28, 75, 73, 37, 35, 79, 22, 66, 76, 32, 40, 80, 96, 6, 61, 16, 33, 7, 57, 34, 12, 67, 10, 98, 56, 88, 29, 25, 91, 38, 19, 92, 43, 84, 51, 72, 81, 8, 2, 55, 0, 62, 89, 94]|[2, 1, 2, 1, 1, 2, 1, 1, 1, 1, 1, 0, 2, 2, 1, 2, 0, 0, 0, 2, 2, 1, 0, 2, 0, 2, 2, 1, 0, 1, 1, 1, 0, 0, 1, 0, 2, 1, 2, 2, 0, 0, 1, 1, 0, 2, 0, 2, 1, 0, 0, 2, 0, 0, 2, 0, 1, 1, 0, 0, 2, 1, 0, 2, 2, 0, 2, 2, 0, 1, 1, 2, 1, 2, 0, 1, 1, 1, 1, 2, 2, 1, 1, 1, 1, 0, 1, 0, 1, 0, 1, 1, 1, 0, 2, 0, 0, 1, 1, 2]|[0, 3, 0, 2, 4, 1, 4, 4, 2, 4, 3, 2, 1, 0, 2, 1, 1, 1, 2, 1, 1, 3, 0, 1, 0, 1, 1, 4, 1, 4, 3, 2, 2, 0, 4, 1, 1, 4, 0, 1, 2, 1, 4, 4, 1, 1, 0, 2, 3, 1, 2, 1, 2, 1, 1, 2, 4, 3, 0, 2, 2, 3, 1, 0, 1, 2, 0, 1, 2, 4, 3, 1, 4, 1, 2, 4, 3, 3, 3, 1, 1, 4, 3, 4, 3, 2, 4, 2, 4, 2, 3, 4, 1, 2, 1, 2, 2, 3, 4, 1]|[0, 2, 0, 1, 3, 0, 1, 3, 0, 0, 2, 0, 1, 0, 1, 0, 0, 0, 1, 0, 0, 2, 0, 0, 1, 0, 0, 3, 0, 1, 0, 2, 0, 1, 3, 0, 1, 3, 0, 0, 0, 0, 1, 3, 0, 0, 1, 0, 2, 0, 0, 0, 0, 0, 1, 0, 1, 0, 1, 1, 0, 2, 0, 0, 0, 0, 0, 0, 0, 2, 0, 0, 1, 0, 0, 1, 0, 0, 3, 0, 0, 1, 0, 3, 0, 0, 3, 0, 2, 0, 0, 2, 1, 0, 0, 0, 0, 0, 1, 0],855.0393744413956,51684.66824914086,111484.00316030454,false
19,G2_TEC,G4_BALANCED,[31, 22, 82, 15, 26, 58, 95, 42, 77, 12, 47, 5, 93, 78, 86, 54, 85, 63, 18, 44, 20, 35, 43, 97, 66, 76, 79, 30, 21, 45, 71, 64, 1, 23, 17, 83, 24, 14, 60, 36, 6, 57, 40, 88, 65, 56, 10, 94, 67, 68, 46, 75, 38, 9, 19, 32, 41, 81, 27, 62, 87, 90, 99, 59, 11, 16, 72, 73, 69, 39, 37, 84, 3, 92, 98, 55, 28, 29, 51, 7, 91, 61, 25, 48, 89, 50, 4, 52, 53, 80, 8, 33, 34, 2, 96, 13, 0, 70, 74, 49]|[1, 1, 0, 1, 1, 0, 1, 2, 2, 1, 2, 2, 2, 1, 1, 0, 0, 1, 0, 2, 2, 0, 1, 2, 2, 1, 2, 2, 0, 0, 1, 2, 1, 2, 1, 0, 2, 0, 1, 1, 0, 1, 1, 1, 0, 2, 2, 1, 0, 0, 0, 0, 1, 1, 2, 1, 0, 2, 0, 0, 2, 1, 0, 1, 2, 1, 2, 1, 1, 1, 1, 1, 1, 0, 2, 2, 0, 0, 0, 1, 0, 1, 1, 0, 1, 0, 1, 1, 0, 0, 1, 2, 2, 0, 2, 0, 0, 1, 2, 0]|[4, 3, 2, 2, 4, 1, 2, 2, 2, 4, 1, 1, 2, 4, 4, 1, 2, 4, 2, 1, 1, 1, 1, 2, 1, 2, 1, 1, 1, 1, 3, 1, 3, 1, 4, 0, 1, 1, 0, 3, 2, 2, 2, 0, 1, 1, 1, 4, 0, 1, 2, 2, 1, 4, 0, 3, 1, 2, 1, 2, 1, 3, 1, 1, 1, 3, 0, 4, 3, 1, 4, 1, 1, 0, 1, 1, 2, 1, 1, 1, 1, 3, 4, 1, 1, 1, 4, 1, 2, 1, 3, 1, 1, 2, 1, 2, 2, 3, 1, 1]|[0, 2, 1, 1, 3, 0, 1, 0, 0, 0, 0, 0, 1, 0, 1, 0, 0, 3, 1, 0, 0, 0, 3, 1, 0, 2, 0, 0, 0, 1, 0, 0, 0, 0, 3, 0, 1, 0, 0, 2, 1, 1, 1, 0, 0, 0, 0, 2, 1, 0, 0, 0, 1, 3, 0, 0, 0, 1, 0, 1, 0, 2, 0, 1, 0, 2, 1, 0, 0, 1, 1, 3, 1, 1, 0, 0, 1, 0, 0, 2, 0, 0, 3, 0, 1, 0, 0, 1, 1, 0, 2, 0, 0, 0, 0, 0, 0, 0, 0, 1],749.836682488049,56554.129371230425,94435.12543297782,true
19,G3_TWC,G1_CMAX,[31, 22, 82, 15, 26, 9, 42, 95, 77, 12, 47, 5, 93, 78, 86, 54, 85, 63, 18, 44, 20, 35, 43, 97, 91, 76, 10, 30, 21, 45, 71, 64, 1, 23, 17, 83, 24, 14, 60, 36, 6, 57, 94, 88, 65, 56, 79, 40, 67, 68, 46, 75, 38, 58, 19, 32, 81, 41, 27, 62, 87, 90, 99, 59, 11, 16, 72, 73, 69, 39, 37, 84, 3, 92, 25, 55, 28, 29, 51, 7, 33, 61, 98, 66, 89, 50, 8, 96, 53, 80, 4, 48, 34, 2, 52, 13, 0, 70, 49, 74]|[1, 1, 0, 1, 1, 1, 2, 1, 2, 1, 2, 2, 2, 1, 1, 0, 0, 1, 0, 2, 2, 0, 1, 2, 0, 1, 2, 2, 0, 0, 1, 2, 1, 2, 1, 0, 2, 0, 1, 1, 0, 1, 1, 1, 0, 2, 1, 1, 0, 0, 0, 0, 1, 1, 2, 1, 2, 0, 0, 0, 2, 1, 0, 1, 2, 1, 2, 1, 1, 1, 1, 1, 1, 0, 1, 2, 0, 0, 0, 1, 2, 1, 0, 2, 1, 0, 1, 0, 0, 0, 0, 0, 2, 0, 1, 0, 0, 1, 0, 2]|[4, 3, 2, 2, 0, 0, 2, 2, 2, 4, 1, 1, 2, 4, 4, 1, 2, 4, 2, 1, 1, 1, 1, 2, 1, 2, 1, 1, 1, 1, 3, 2, 3, 0, 4, 0, 1, 1, 0, 3, 2, 2, 2, 0, 1, 1, 0, 4, 0, 1, 2, 2, 1, 4, 0, 3, 2, 1, 1, 2, 1, 3, 1, 1, 1, 3, 0, 4, 3, 1, 4, 1, 1, 0, 4, 1, 2, 1, 1, 3, 1, 3, 1, 1, 1, 1, 3, 1, 2, 1, 2, 1, 1, 2, 1, 2, 2, 3, 1, 1]|[0, 2, 1, 1, 3, 3, 0, 1, 0, 0, 0, 0, 1, 0, 1, 0, 0, 3, 1, 0, 0, 0, 3, 1, 0, 2, 0, 0, 0, 1, 0, 0, 0, 0, 3, 0, 1, 0, 0, 2, 1, 1, 1, 0, 0, 0, 0, 2, 1, 0, 0, 0, 1, 3, 0, 0, 1, 0, 0, 1, 0, 2, 0, 1, 0, 2, 1, 0, 0, 1, 1, 3, 1, 1, 3, 0, 1, 0, 0, 2, 0, 0, 0, 0, 1, 0, 2, 0, 1, 0, 1, 0, 0, 0, 1, 0, 0, 0, 1, 0],801.427594812029,57868.49349465401,91455.85780813712,true
19,G1_CMAX,G4_BALANCED,[31, 22, 82, 15, 26, 9, 95, 42, 77, 68, 47, 5, 93, 78, 86, 54, 85, 63, 18, 44, 20, 49, 36, 14, 74, 50, 53, 17, 21, 28, 71, 64, 3, 23, 30, 83, 24, 41, 60, 52, 65, 27, 90, 70, 39, 87, 94, 69, 99, 4, 46, 1, 13, 58, 97, 59, 45, 75, 73, 37, 35, 79, 11, 66, 76, 32, 40, 80, 96, 6, 61, 16, 33, 7, 57, 34, 12, 67, 10, 98, 56, 88, 29, 25, 91, 38, 19, 92, 43, 84, 2, 62, 81, 8, 48, 55, 0, 89, 72, 51]|[2, 1, 2, 1, 1, 2, 1, 1, 1, 1, 1, 0, 2, 2, 1, 2, 0, 0, 0, 2, 2, 1, 0, 2, 0, 2, 2, 1, 0, 1, 1, 1, 0, 0, 1, 0, 2, 1, 2, 2, 0, 0, 1, 1, 0, 2, 2, 2, 1, 0, 0, 2, 0, 0, 2, 0, 1, 1, 0, 0, 2, 1, 0, 2, 2, 0, 2, 2, 0, 1, 1, 2, 1, 2, 0, 1, 1, 1, 1, 2, 2, 1, 1, 0, 1, 0, 1, 0, 1, 0, 2, 1, 1, 1, 0, 0, 0, 1, 1, 1]|[0, 3, 0, 2, 4, 1, 4, 4, 2, 4, 3, 2, 1, 0, 2, 1, 1, 1, 2, 1, 1, 3, 0, 1, 0, 1, 1, 4, 1, 4, 3, 2, 2, 0, 4, 1, 1, 4, 0, 1, 2, 1, 4, 4, 1, 1, 1, 2, 3, 1, 2, 1, 2, 1, 1, 2, 4, 3, 0, 2, 2, 3, 1, 0, 1, 2, 0, 1, 2, 4, 3, 1, 4, 1, 2, 4, 3, 3, 3, 1, 1, 4, 3, 2, 3, 2, 4, 2, 4, 2, 1, 3, 1, 4, 0, 2, 2, 4, 4, 3]|[0, 2, 0, 1, 3, 0, 1, 3, 0, 0, 2, 0, 1, 0, 1, 0, 0, 0, 1, 0, 0, 2, 0, 0, 1, 0, 0, 3, 0, 1, 0, 2, 0, 1, 3, 0, 1, 3, 0, 0, 0, 0, 1, 3, 0, 0, 0, 0, 2, 0, 0, 0, 0, 0, 1, 0, 1, 0, 1, 1, 0, 2, 0, 0, 0, 0, 0, 0, 0, 2, 0, 0, 1, 0, 0, 1, 0, 0, 3, 0, 0, 1, 0, 0, 0, 0, 3, 0, 2, 0, 0, 0, 1, 3, 1, 0, 0, 1, 2, 0],850.740871894188,51805.06601461854,112121.29588866749,true
19,G4_BALANCED,G4_BALANCED,[31, 11, 82, 15, 26, 9, 95, 42, 77, 68, 47, 5, 93, 78, 86, 54, 85, 63, 18, 44, 20, 49, 36, 14, 74, 50, 53, 17, 21, 45, 71, 64, 3, 23, 30, 83, 24, 41, 60, 52, 65, 27, 90, 70, 39, 87, 48, 69, 99, 4, 46, 1, 13, 58, 97, 59, 28, 8, 73, 37, 35, 79, 22, 66, 76, 32, 40, 80, 96, 6, 16, 61, 33, 7, 57, 34, 12, 67, 10, 98, 56, 88, 51, 75, 91, 38, 19, 92, 43, 84, 29, 72, 81, 25, 2, 55, 0, 94, 89, 62]|[2, 1, 2, 1, 1, 2, 1, 1, 1, 1, 1, 0, 2, 2, 1, 2, 0, 0, 0, 2, 2, 1, 0, 2, 0, 2, 2, 1, 0, 1, 1, 1, 0, 0, 1, 0, 2, 1, 2, 2, 0, 0, 1, 1, 0, 2, 0, 2, 1, 0, 0, 2, 0, 0, 2, 0, 1, 1, 0, 0, 2, 1, 0, 2, 2, 0, 2, 2, 0, 1, 2, 1, 1, 2, 0, 1, 1, 1, 1, 2, 2, 1, 1, 0, 1, 0, 1, 0, 1, 0, 1, 1, 1, 1, 2, 0, 0, 2, 1, 1]|[0, 3, 0, 2, 4, 1, 4, 4, 2, 4, 3, 2, 1, 0, 2, 1, 1, 1, 2, 1, 1, 3, 0, 1, 0, 1, 1, 4, 1, 4, 3, 2, 2, 0, 4, 1, 1, 4, 0, 1, 2, 1, 4, 4, 1, 1, 0, 2, 3, 1, 2, 1, 2, 1, 1, 2, 4, 3, 0, 2, 2, 3, 1, 0, 1, 2, 0, 1, 2, 4, 1, 3, 4, 1, 2, 4, 3, 3, 3, 1, 1, 4, 3, 2, 3, 2, 4, 2, 4, 2, 3, 4, 1, 4, 1, 2, 2, 1, 4, 3]|[0, 2, 0, 1, 3, 0, 1, 3, 0, 0, 2, 0, 1, 0, 1, 0, 0, 0, 1, 0, 0, 2, 0, 0, 1, 0, 0, 3, 0, 1, 0, 2, 0, 1, 3, 0, 1, 3, 1, 0, 0, 0, 1, 3, 0, 0, 1, 0, 2, 0, 0, 0, 0, 0, 1, 0, 1, 0, 1, 1, 0, 2, 0, 0, 0, 0, 0, 0, 0, 2, 0, 0, 1, 0, 0, 1, 0, 0, 3, 0, 0, 1, 0, 0, 0, 0, 3, 0, 2, 0, 0, 2, 1, 3, 0, 0, 0, 0, 1, 0],847.5774112780123,52007.329839342645,107494.62989686072,false
19,G2_TEC,G4_BALANCED,[31, 22, 82, 15, 26, 58, 95, 42, 77, 12, 47, 5, 93, 78, 86, 54, 85, 63, 18, 44, 20, 35, 43, 97, 66, 76, 79, 30, 21, 45, 71, 64, 1, 23, 17, 83, 24, 14, 60, 36, 6, 57, 40, 88, 65, 56, 10, 94, 67, 68, 46, 75, 38, 9, 19, 32, 41, 81, 27, 62, 87, 90, 99, 59, 11, 16, 72, 73, 69, 39, 37, 84, 3, 92, 98, 55, 28, 29, 51, 7, 91, 61, 25, 48, 89, 50, 4, 52, 53, 80, 8, 33, 34, 2, 96, 13, 0, 70, 74, 49]|[1, 1, 0, 1, 1, 0, 1, 2, 2, 1, 2, 2, 2, 1, 1, 0, 0, 1, 0, 2, 2, 0, 1, 2, 2, 1, 2, 2, 0, 0, 1, 2, 1, 2, 1, 0, 2, 0, 1, 1, 0, 1, 1, 1, 0, 2, 2, 1, 0, 0, 0, 0, 1, 1, 2, 1, 0, 2, 0, 0, 2, 1, 0, 1, 2, 1, 2, 1, 1, 1, 1, 1, 1, 0, 2, 2, 0, 0, 0, 1, 0, 1, 1, 0, 1, 0, 1, 1, 0, 0, 1, 2, 2, 0, 2, 0, 0, 1, 2, 0]|[4, 3, 2, 2, 4, 1, 2, 2, 2, 4, 1, 1, 2, 4, 4, 1, 2, 4, 2, 1, 1, 1, 1, 2, 1, 2, 1, 1, 1, 1, 3, 1, 3, 1, 4, 0, 1, 1, 0, 3, 2, 2, 2, 0, 1, 1, 1, 4, 0, 1, 2, 2, 1, 4, 0, 3, 1, 2, 1, 2, 1, 3, 1, 1, 1, 3, 0, 4, 3, 1, 4, 1, 1, 0, 1, 1, 2, 1, 1, 1, 1, 3, 4, 1, 1, 1, 4, 1, 2, 1, 3, 1, 1, 2, 1, 2, 2, 3, 1, 1]|[0, 2, 1, 1, 3, 0, 1, 0, 0, 0, 0, 0, 1, 0, 1, 0, 0, 3, 1, 0, 0, 0, 3, 1, 0, 2, 0, 0, 0, 1, 0, 0, 0, 0, 3, 0, 1, 0, 0, 2, 1, 1, 1, 0, 0, 0, 0, 2, 1, 0, 0, 0, 1, 3, 0, 0, 0, 1, 0, 1, 0, 2, 0, 1, 0, 2, 1, 0, 0, 1, 1, 3, 1, 1, 0, 0, 1, 0, 0, 2, 0, 0, 3, 0, 1, 0, 0, 1, 1, 0, 2, 0, 0, 0, 0, 0, 0, 0, 0, 1],749.836682488049,56554.129371230425,94435.12543297782,true
19,G3_TWC,G1_CMAX,[31, 22, 82, 15, 26, 9, 42, 95, 77, 12, 47, 5, 93, 78, 86, 54, 85, 63, 18, 44, 20, 35, 43, 97, 91, 76, 10, 30, 21, 45, 71, 64, 1, 23, 17, 83, 24, 14, 60, 36, 6, 57, 94, 88, 65, 56, 79, 40, 67, 68, 46, 75, 38, 58, 19, 32, 81, 41, 27, 62, 87, 90, 99, 59, 11, 16, 72, 73, 69, 39, 37, 84, 3, 92, 25, 55, 28, 29, 51, 7, 33, 61, 98, 66, 89, 50, 8, 96, 53, 80, 4, 48, 34, 2, 52, 13, 0, 70, 49, 74]|[1, 1, 0, 1, 1, 1, 2, 1, 2, 1, 2, 2, 2, 1, 1, 0, 0, 1, 0, 2, 2, 0, 1, 2, 0, 1, 2, 2, 0, 0, 1, 2, 1, 2, 1, 0, 2, 0, 1, 1, 0, 1, 1, 1, 0, 2, 1, 1, 0, 0, 0, 0, 1, 1, 2, 1, 2, 0, 0, 0, 2, 1, 0, 1, 2, 1, 2, 1, 1, 1, 1, 1, 1, 0, 1, 2, 0, 0, 0, 1, 2, 1, 0, 2, 1, 0, 1, 0, 0, 0, 0, 0, 2, 0, 1, 0, 0, 1, 0, 2]|[4, 3, 2, 2, 0, 0, 2, 2, 2, 4, 1, 1, 2, 4, 4, 1, 2, 4, 2, 1, 1, 1, 1, 2, 1, 2, 1, 1, 1, 1, 3, 2, 3, 0, 4, 0, 1, 1, 0, 3, 2, 2, 2, 0, 1, 1, 0, 4, 0, 1, 2, 2, 1, 4, 0, 3, 2, 1, 1, 2, 1, 3, 1, 1, 1, 3, 0, 4, 3, 1, 4, 1, 1, 0, 4, 1, 2, 1, 1, 3, 1, 3, 1, 1, 1, 1, 3, 1, 2, 1, 2, 1, 1, 2, 1, 2, 2, 3, 1, 1]|[0, 2, 1, 1, 3, 3, 0, 1, 0, 0, 0, 0, 1, 0, 1, 0, 0, 3, 1, 0, 0, 0, 3, 1, 0, 2, 0, 0, 0, 1, 0, 0, 0, 0, 3, 0, 1, 0, 0, 2, 1, 1, 1, 0, 0, 0, 0, 2, 1, 0, 0, 0, 1, 3, 0, 0, 1, 0, 0, 1, 0, 2, 0, 1, 0, 2, 1, 0, 0, 1, 1, 3, 1, 1, 3, 0, 1, 0, 0, 2, 0, 0, 0, 0, 1, 0, 2, 0, 1, 0, 1, 0, 0, 0, 1, 0, 0, 0, 1, 0],801.427594812029,57868.49349465401,91455.85780813712,true
19,G1_CMAX,G1_CMAX,[31, 22, 82, 84, 26, 58, 95, 42, 77, 12, 47, 5, 93, 78, 86, 54, 85, 63, 18, 44, 20, 35, 43, 97, 91, 76, 10, 30, 21, 45, 71, 64, 1, 23, 17, 83, 24, 14, 60, 36, 6, 57, 40, 88, 65, 56, 79, 94, 67, 68, 46, 75, 38, 9, 19, 32, 81, 41, 27, 62, 87, 90, 99, 59, 11, 16, 72, 73, 70, 39, 37, 15, 3, 92, 25, 34, 28, 29, 51, 7, 33, 61, 98, 48, 89, 50, 4, 96, 53, 80, 8, 66, 55, 2, 52, 13, 0, 69, 74, 49]|[1, 1, 0, 1, 1, 0, 1, 2, 2, 1, 2, 2, 2, 1, 1, 0, 0, 1, 0, 2, 2, 0, 1, 2, 0, 1, 2, 2, 0, 0, 1, 2, 1, 2, 1, 0, 2, 0, 1, 1, 0, 1, 1, 1, 0, 2, 1, 1, 0, 0, 0, 0, 1, 1, 2, 1, 2, 0, 0, 0, 2, 1, 0, 1, 2, 1, 2, 1, 1, 1, 0, 1, 1, 0, 1, 2, 0, 0, 0, 1, 2, 1, 2, 0, 1, 0, 0, 0, 0, 0, 1, 2, 1, 0, 1, 0, 0, 1, 2, 0]|[4, 3, 2, 2, 4, 1, 2, 2, 2, 4, 1, 1, 2, 4, 4, 1, 2, 4, 2, 1, 1, 1, 1, 2, 1, 2, 1, 1, 1, 1, 3, 2, 3, 1, 4, 0, 1, 1, 0, 3, 2, 2, 2, 0, 1, 1, 0, 4, 0, 1, 2, 2, 1, 4, 0, 3, 2, 1, 1, 2, 1, 3, 1, 1, 1, 3, 0, 4, 3, 1, 1, 1, 1, 0, 4, 1, 2, 1, 1, 1, 1, 3, 1, 1, 1, 1, 2, 1, 2, 1, 3, 1, 4, 2, 1, 2, 2, 4, 1, 1]|[0, 2, 1, 1, 3, 0, 1, 0, 0, 0, 0, 0, 1, 0, 1, 0, 0, 3, 1, 0, 0, 0, 3, 1, 0, 2, 0, 0, 0, 1, 0, 0, 0, 0, 3, 0, 1, 0, 0, 2, 1, 1, 1, 0, 0, 0, 0, 2, 1, 0, 0, 0, 1, 3, 0, 0, 1, 0, 0, 1, 0, 2, 0, 1, 0, 2, 1, 0, 0, 1, 0, 3, 1, 1, 3, 0, 1, 0, 0, 2, 0, 0, 0, 0, 1, 0, 1, 0, 1, 0, 2, 0, 3, 0, 1, 0, 0, 2, 0, 1],826.8821263778887,56983.2916005289,93013.40574320812,false
19,G4_BALANCED,G2_TEC,[31, 22, 82, 15, 26, 9, 95, 42, 77, 68, 47, 5, 93, 78, 86, 54, 85, 63, 18, 44, 20, 49, 36, 14, 74, 50, 53, 17, 21, 28, 71, 64, 3, 23, 30, 83, 24, 41, 40, 52, 65, 27, 90, 70, 39, 87, 48, 69, 99, 4, 46, 1, 13, 58, 97, 59, 45, 8, 73, 37, 35, 79, 11, 66, 76, 32, 60, 80, 96, 6, 16, 61, 33, 7, 57, 34, 12, 67, 10, 98, 56, 88, 29, 75, 91, 38, 55, 92, 43, 84, 51, 72, 81, 25, 2, 19, 0, 94, 89, 62]|[2, 1, 2, 1, 1, 2, 1, 1, 1, 1, 1, 0, 2, 2, 1, 2, 0, 0, 0, 2, 2, 1, 0, 2, 0, 2, 2, 1, 0, 1, 1, 1, 0, 0, 1, 0, 2, 1, 2, 2, 0, 0, 1, 1, 0, 2, 0, 2, 1, 0, 0, 2, 0, 0, 2, 0, 1, 1, 0, 0, 2, 1, 0, 2, 2, 0, 2, 2, 0, 1, 2, 1, 1, 2, 0, 1, 1, 1, 1, 2, 2, 1, 1, 0, 1, 0, 0, 0, 1, 0, 1, 1, 1, 1, 2, 1, 0, 2, 1, 1]|[0, 3, 0, 3, 4, 1, 4, 4, 2, 4, 3, 2, 1, 0, 2, 1, 1, 1, 2, 1, 1, 3, 0, 1, 0, 1, 1, 4, 1, 4, 3, 2, 2, 0, 4, 1, 1, 4, 0, 1, 2, 1, 4, 4, 1, 1, 0, 2, 3, 1, 2, 1, 2, 1, 1, 2, 4, 3, 0, 2, 2, 3, 1, 0, 1, 2, 0, 1, 2, 4, 1, 3, 4, 1, 2, 4, 3, 3, 3, 1, 1, 4, 3, 2, 3, 2, 2, 2, 4, 2, 3, 4, 4, 4, 1, 4, 2, 1, 4, 3]|[0, 2, 0, 0, 3, 0, 1, 3, 0, 0, 2, 0, 1, 0, 1, 0, 0, 0, 1, 0, 0, 2, 0, 0, 1, 0, 0, 3, 0, 1, 0, 2, 0, 0, 3, 0, 1, 3, 0, 0, 0, 0, 1, 3, 0, 0, 1, 0, 2, 0, 0, 0, 0, 0, 1, 0, 1, 0, 1, 1, 0, 2, 0, 0, 0, 0, 0, 0, 0, 2, 0, 0, 1, 0, 0, 1, 0, 0, 3, 0, 0, 1, 0, 0, 0, 0, 0, 0, 2, 0, 0, 2, 1, 3, 0, 3, 0, 0, 1, 0],897.3274121177722,50696.02191509686,114218.64605842347,true
19,G2_TEC,G2_TEC,[31, 22, 82, 15, 26, 9, 95, 42, 77, 68, 47, 5, 93, 78, 86, 54, 85, 63, 18, 44, 20, 49, 36, 14, 74, 50, 53, 25, 21, 28, 71, 64, 3, 23, 30, 83, 24, 41, 40, 52, 65, 27, 90, 70, 39, 87, 48, 69, 99, 4, 46, 1, 13, 58, 97, 59, 45, 8, 73, 37, 35, 79, 11, 66, 76, 32, 60, 80, 96, 6, 16, 61, 19, 7, 57, 34, 12, 67, 10, 98, 56, 88, 29, 75, 91, 38, 33, 92, 43, 84, 51, 72, 81, 17, 2, 55, 0, 62, 94, 89]|[2, 1, 2, 1, 1, 2, 1, 1, 1, 1, 1, 0, 2, 2, 1, 2, 0, 0, 0, 2, 2, 1, 0, 2, 0, 2, 2, 1, 0, 1, 1, 1, 0, 0, 1, 0, 2, 1, 2, 2, 0, 0, 1, 1, 0, 2, 0, 2, 1, 0, 0, 2, 0, 0, 2, 0, 1, 1, 0, 0, 2, 1, 0, 2, 2, 0, 2, 2, 0, 1, 2, 1, 1, 2, 0, 1, 1, 1, 1, 2, 2, 1, 1, 0, 1, 0, 1, 0, 1, 0, 1, 1, 1, 1, 2, 0, 0, 1, 2, 1]|[0, 3, 0, 3, 4, 1, 4, 4, 2, 4, 3, 2, 1, 0, 2, 1, 1, 1, 2, 1, 1, 3, 0, 1, 0, 1, 1, 4, 1, 4, 3, 2, 2, 0, 4, 1, 1, 4, 0, 1, 2, 1, 4, 4, 1, 1, 0, 2, 3, 1, 2, 1, 2, 1, 1, 2, 4, 3, 0, 2, 2, 3, 1, 0, 1, 2, 0, 1, 2, 4, 1, 3, 4, 1, 2, 4, 3, 3, 3, 1, 1, 4, 3, 2, 3, 2, 4, 2, 4, 2, 3, 4, 4, 4, 1, 2, 2, 3, 1, 4]|[0, 2, 0, 0, 3, 0, 1, 3, 0, 0, 2, 0, 1, 0, 1, 0, 0, 0, 1, 0, 0, 2, 0, 0, 1, 0, 0, 3, 0, 1, 0, 2, 0, 0, 3, 0, 1, 3, 0, 0, 0, 0, 1, 3, 0, 0, 1, 0, 2, 0, 0, 0, 0, 0, 1, 0, 1, 0, 1, 1, 0, 2, 0, 0, 0, 0, 0, 0, 0, 2, 0, 0, 1, 0, 0, 1, 0, 0, 3, 0, 0, 1, 0, 0, 0, 0, 1, 0, 2, 0, 0, 2, 1, 3, 0, 0, 0, 0, 0, 1],890.9074744783937,50760.14574298861,113587.74359615259,false
19,G3_TWC,G1_CMAX,[31, 22, 82, 15, 26, 9, 42, 95, 77, 12, 47, 5, 93, 78, 86, 54, 85, 63, 18, 44, 20, 35, 43, 97, 91, 76, 10, 30, 21, 45, 71, 64, 1, 23, 17, 83, 24, 14, 60, 36, 6, 57, 94, 88, 65, 56, 79, 40, 67, 68, 46, 75, 38, 58, 19, 32, 81, 41, 27, 62, 87, 90, 99, 59, 11, 16, 72, 73, 69, 39, 37, 84, 3, 92, 25, 55, 28, 29, 51, 7, 33, 61, 98, 66, 89, 50, 8, 96, 53, 80, 4, 48, 34, 2, 52, 13, 0, 70, 49, 74]|[1, 1, 0, 1, 1, 1, 2, 1, 2, 1, 2, 2, 2, 1, 1, 0, 0, 1, 0, 2, 2, 0, 1, 2, 0, 1, 2, 2, 0, 0, 1, 2, 1, 2, 1, 0, 2, 0, 1, 1, 0, 1, 1, 1, 0, 2, 1, 1, 0, 0, 0, 0, 1, 1, 2, 1, 2, 0, 0, 0, 2, 1, 0, 1, 2, 1, 2, 1, 1, 1, 1, 1, 1, 0, 1, 2, 0, 0, 0, 1, 2, 1, 0, 2, 1, 0, 1, 0, 0, 0, 0, 0, 2, 0, 1, 0, 0, 1, 0, 2]|[4, 3, 2, 2, 0, 0, 2, 2, 2, 4, 1, 1, 2, 4, 4, 1, 2, 4, 2, 1, 1, 1, 1, 2, 1, 2, 1, 1, 1, 1, 3, 2, 3, 0, 4, 0, 1, 1, 0, 3, 2, 2, 2, 0, 1, 1, 0, 4, 0, 1, 2, 2, 1, 4, 0, 3, 2, 1, 1, 2, 1, 3, 1, 1, 1, 3, 0, 4, 3, 1, 4, 1, 1, 0, 4, 1, 2, 1, 1, 3, 1, 3, 1, 1, 1, 1, 3, 1, 2, 1, 2, 1, 1, 2, 1, 2, 2, 3, 1, 1]|[0, 2, 1, 1, 3, 3, 0, 1, 0, 0, 0, 0, 1, 0, 1, 0, 0, 3, 1, 0, 0, 0, 3, 1, 0, 2, 0, 0, 0, 1, 0, 0, 0, 0, 3, 0, 1, 0, 0, 2, 1, 1, 1, 0, 0, 0, 0, 2, 1, 0, 0, 0, 1, 3, 0, 0, 1, 0, 0, 1, 0, 2, 0, 1, 0, 2, 1, 0, 0, 1, 1, 3, 1, 1, 3, 0, 1, 0, 0, 2, 0, 0, 0, 0, 1, 0, 2, 0, 1, 0, 1, 0, 0, 0, 1, 0, 0, 0, 1, 0],801.427594812029,57868.49349465401,91455.85780813712,true
19,G1_CMAX,G4_BALANCED,[31, 22, 82, 15, 26, 9, 95, 42, 77, 68, 47, 5, 93, 78, 86, 54, 85, 63, 18, 44, 20, 49, 36, 14, 74, 50, 53, 17, 21, 28, 71, 64, 3, 23, 30, 83, 24, 41, 60, 52, 65, 27, 90, 70, 39, 87, 48, 69, 99, 4, 46, 1, 13, 58, 97, 59, 11, 8, 73, 37, 35, 79, 33, 66, 76, 32, 40, 80, 96, 6, 16, 61, 45, 7, 57, 34, 12, 67, 10, 98, 56, 88, 29, 75, 91, 38, 19, 92, 43, 84, 51, 72, 81, 25, 2, 55, 0, 94, 89, 62]|[2, 1, 2, 1, 1, 2, 1, 1, 1, 2, 1, 0, 2, 2, 1, 2, 0, 0, 0, 2, 2, 1, 0, 2, 0, 2, 2, 1, 0, 1, 1, 1, 0, 0, 1, 0, 2, 1, 2, 2, 0, 0, 1, 1, 0, 2, 0, 2, 1, 0, 0, 2, 0, 0, 2, 0, 0, 1, 0, 0, 2, 1, 1, 2, 2, 0, 2, 2, 0, 1, 2, 1, 1, 2, 0, 1, 1, 1, 1, 2, 2, 1, 1, 0, 1, 0, 1, 0, 1, 0, 1, 1, 1, 1, 2, 0, 0, 2, 1, 1]|[0, 3, 0, 3, 4, 1, 4, 4, 2, 0, 3, 2, 1, 0, 2, 1, 1, 1, 2, 1, 1, 3, 0, 1, 0, 1, 1, 4, 1, 4, 3, 2, 2, 0, 4, 1, 1, 4, 0, 1, 2, 1, 4, 4, 1, 1, 0, 2, 3, 1, 2, 1, 2, 1, 1, 2, 1, 3, 0, 2, 2, 3, 4, 0, 1, 2, 0, 1, 2, 4, 1, 3, 4, 1, 2, 4, 3, 3, 3, 1, 1, 4, 3, 2, 3, 2, 4, 2, 4, 2, 3, 4, 1, 4, 1, 2, 2, 1, 4, 3]|[0, 2, 0, 0, 3, 0, 1, 3, 0, 0, 2, 0, 1, 0, 1, 0, 0, 0, 1, 0, 0, 2, 0, 0, 1, 0, 0, 3, 0, 1, 0, 2, 0, 1, 3, 0, 1, 3, 1, 0, 0, 0, 1, 3, 0, 0, 1, 0, 2, 0, 0, 0, 0, 0, 1, 0, 0, 0, 1, 1, 0, 2, 1, 0, 0, 0, 0, 0, 0, 2, 0, 0, 1, 0, 0, 1, 0, 0, 3, 0, 0, 1, 0, 0, 0, 0, 3, 0, 2, 0, 0, 2, 1, 3, 0, 0, 0, 0, 1, 0],848.7210464257236,52158.68351753062,106381.76141901733,true
19,G4_BALANCED,G4_BALANCED,[31, 22, 82, 15, 26, 9, 95, 42, 77, 12, 47, 5, 93, 78, 86, 54, 85, 63, 18, 44, 20, 35, 43, 97, 91, 76, 10, 30, 21, 45, 71, 64, 1, 23, 17, 83, 24, 14, 60, 36, 6, 57, 40, 88, 65, 56, 79, 94, 67, 68, 46, 75, 38, 58, 19, 32, 81, 48, 27, 62, 87, 90, 99, 59, 11, 16, 72, 73, 70, 39, 37, 84, 3, 92, 25, 55, 28, 29, 51, 7, 33, 61, 98, 41, 89, 50, 8, 96, 53, 80, 4, 66, 34, 2, 52, 49, 0, 69, 74, 13]|[1, 1, 0, 1, 1, 0, 1, 2, 2, 1, 2, 2, 2, 1, 1, 0, 0, 1, 0, 2, 2, 0, 0, 2, 2, 0, 2, 2, 0, 0, 1, 2, 1, 2, 1, 0, 2, 0, 1, 1, 0, 1, 1, 1, 0, 2, 1, 1, 0, 0, 0, 0, 1, 0, 2, 1, 2, 0, 0, 0, 2, 1, 0, 1, 2, 1, 2, 1, 1, 0, 1, 1, 1, 0, 1, 2, 0, 0, 0, 1, 2, 1, 2, 0, 1, 0, 1, 0, 0, 0, 1, 2, 2, 0, 1, 0, 0, 1, 2, 0]|[4, 3, 2, 2, 4, 1, 2, 2, 2, 4, 1, 1, 2, 4, 4, 1, 2, 4, 2, 1, 1, 1, 1, 2, 1, 1, 1, 1, 1, 1, 3, 2, 3, 1, 4, 0, 1, 1, 0, 3, 2, 2, 2, 0, 1, 1, 0, 4, 0, 1, 2, 2, 1, 1, 0, 3, 2, 1, 1, 2, 1, 3, 1, 1, 1, 3, 1, 4, 3, 0, 4, 1, 1, 1, 4, 1, 2, 1, 1, 1, 1, 3, 1, 1, 1, 1, 3, 1, 2, 1, 4, 1, 1, 2, 1, 2, 2, 4, 1, 2]|[0, 2, 1, 1, 3, 0, 1, 0, 0, 0, 0, 0, 1, 0, 1, 0, 1, 3, 1, 0, 0, 0, 0, 1, 0, 0, 0, 0, 0, 1, 0, 0, 0, 0, 3, 0, 1, 0, 0, 2, 0, 1, 1, 0, 0, 0, 0, 2, 1, 0, 0, 0, 1, 0, 0, 0, 1, 0, 0, 1, 0, 2, 0, 1, 0, 2, 0, 0, 0, 1, 1, 3, 1, 0, 3, 0, 1, 0, 0, 2, 0, 0, 0, 0, 1, 0, 2, 0, 1, 0, 0, 0, 0, 0, 1, 0, 0, 2, 0, 0],913.4295103731014,55305.43715216116,101308.7767853963,false
19,G2_TEC,G2_TEC,[31, 22, 82, 15, 26, 9, 95, 42, 77, 68, 47, 5, 93, 78, 86, 54, 85, 63, 18, 44, 20, 49, 36, 14, 74, 50, 53, 25, 21, 28, 71, 64, 3, 23, 30, 83, 24, 41, 40, 52, 65, 27, 90, 70, 39, 87, 48, 69, 99, 4, 46, 1, 13, 58, 97, 59, 45, 8, 73, 37, 35, 79, 11, 66, 76, 32, 60, 80, 96, 6, 16, 61, 19, 7, 57, 34, 12, 67, 10, 98, 56, 88, 29, 75, 91, 38, 33, 92, 43, 84, 51, 72, 81, 17, 2, 55, 0, 62, 94, 89]|[2, 1, 2, 1, 1, 2, 1, 1, 1, 1, 1, 0, 2, 2, 1, 2, 0, 0, 0, 2, 2, 1, 0, 2, 0, 2, 2, 1, 0, 1, 1, 1, 0, 0, 1, 0, 2, 1, 2, 2, 0, 0, 1, 1, 0, 2, 0, 2, 1, 0, 0, 2, 0, 0, 2, 0, 1, 1, 0, 0, 2, 1, 0, 2, 2, 0, 2, 2, 0, 1, 2, 1, 1, 2, 0, 1, 1, 1, 1, 2, 2, 1, 1, 0, 1, 0, 1, 0, 1, 0, 1, 1, 1, 1, 2, 0, 0, 1, 2, 1]|[0, 3, 0, 3, 4, 1, 4, 4, 2, 4, 3, 2, 1, 0, 2, 1, 1, 1, 2, 1, 1, 3, 0, 1, 0, 1, 1, 4, 1, 4, 3, 2, 2, 0, 4, 1, 1, 4, 0, 1, 2, 1, 4, 4, 1, 1, 0, 2, 3, 1, 2, 1, 2, 1, 1, 2, 4, 3, 0, 2, 2, 3, 1, 0, 1, 2, 0, 1, 2, 4, 1, 3, 4, 1, 2, 4, 3, 3, 3, 1, 1, 4, 3, 2, 3, 2, 4, 2, 4, 2, 3, 4, 4, 4, 1, 2, 2, 3, 1, 4]|[0, 2, 0, 0, 3, 0, 1, 3, 0, 0, 2, 0, 1, 0, 1, 0, 0, 0, 1, 0, 0, 2, 0, 0, 1, 0, 0, 3, 0, 1, 0, 2, 0, 0, 3, 0, 1, 3, 0, 0, 0, 0, 1, 3, 0, 0, 1, 0, 2, 0, 0, 0, 0, 0, 1, 0, 1, 0, 1, 1, 0, 2, 0, 0, 0, 0, 0, 0, 0, 2, 0, 0, 1, 0, 0, 1, 0, 0, 3, 0, 0, 1, 0, 0, 0, 0, 1, 0, 2, 0, 0, 2, 1, 3, 0, 0, 0, 0, 0, 1],890.9074744783937,50760.14574298861,113587.74359615259,false
19,G3_TWC,G1_CMAX,[31, 22, 82, 15, 26, 9, 42, 95, 77, 12, 47, 5, 93, 78, 86, 54, 85, 63, 18, 44, 20, 35, 43, 97, 91, 76, 10, 30, 21, 45, 71, 64, 1, 23, 17, 83, 24, 14, 60, 36, 6, 57, 94, 88, 65, 56, 79, 40, 67, 68, 46, 75, 38, 58, 19, 32, 81, 41, 27, 62, 87, 90, 99, 59, 11, 16, 72, 73, 69, 39, 37, 84, 3, 92, 25, 55, 28, 29, 51, 7, 33, 61, 98, 66, 89, 50, 8, 96, 53, 80, 4, 48, 34, 2, 52, 13, 0, 70, 49, 74]|[1, 1, 0, 1, 1, 1, 2, 1, 2, 1, 2, 2, 2, 1, 1, 0, 0, 1, 0, 2, 2, 0, 1, 2, 0, 1, 2, 2, 0, 0, 1, 2, 1, 2, 1, 0, 2, 0, 1, 1, 0, 1, 1, 1, 0, 2, 1, 1, 0, 0, 0, 0, 1, 1, 2, 1, 2, 0, 0, 0, 2, 1, 0, 1, 2, 1, 2, 1, 1, 1, 1, 1, 1, 0, 1, 2, 0, 0, 0, 1, 2, 1, 0, 2, 1, 0, 1, 0, 0, 0, 0, 0, 2, 0, 1, 0, 0, 1, 0, 2]|[4, 3, 2, 2, 0, 0, 2, 2, 2, 4, 1, 1, 2, 4, 4, 1, 2, 4, 2, 1, 1, 1, 1, 2, 1, 2, 1, 1, 1, 1, 3, 2, 3, 0, 4, 0, 1, 1, 0, 3, 2, 2, 2, 0, 1, 1, 0, 4, 0, 1, 2, 2, 1, 4, 0, 3, 2, 1, 1, 2, 1, 3, 1, 1, 1, 3, 0, 4, 3, 1, 4, 1, 1, 0, 4, 1, 2, 1, 1, 3, 1, 3, 1, 1, 1, 1, 3, 1, 2, 1, 2, 1, 1, 2, 1, 2, 2, 3, 1, 1]|[0, 2, 1, 1, 3, 3, 0, 1, 0, 0, 0, 0, 1, 0, 1, 0, 0, 3, 1, 0, 0, 0, 3, 1, 0, 2, 0, 0, 0, 1, 0, 0, 0, 0, 3, 0, 1, 0, 0, 2, 1, 1, 1, 0, 0, 0, 0, 2, 1, 0, 0, 0, 1, 3, 0, 0, 1, 0, 0, 1, 0, 2, 0, 1, 0, 2, 1, 0, 0, 1, 1, 3, 1, 1, 3, 0, 1, 0, 0, 2, 0, 0, 0, 0, 1, 0, 2, 0, 1, 0, 1, 0, 0, 0, 1, 0, 0, 0, 1, 0],801.427594812029,57868.49349465401,91455.85780813712,true
19,G1_CMAX,G4_BALANCED,[31, 22, 82, 15, 26, 9, 95, 42, 77, 68, 47, 5, 93, 78, 86, 54, 85, 63, 18, 44, 20, 49, 36, 14, 74, 50, 53, 17, 21, 28, 71, 64, 3, 23, 30, 83, 24, 41, 60, 52, 65, 27, 90, 70, 39, 87, 48, 69, 99, 4, 46, 1, 13, 58, 97, 59, 11, 8, 73, 37, 35, 79, 33, 66, 76, 32, 40, 80, 96, 6, 16, 61, 45, 7, 57, 34, 12, 67, 10, 98, 56, 88, 29, 75, 91, 38, 19, 92, 43, 84, 51, 72, 81, 25, 2, 55, 0, 94, 89, 62]|[2, 1, 2, 1, 1, 2, 1, 1, 1, 2, 1, 0, 2, 2, 1, 2, 0, 0, 0, 2, 2, 1, 0, 2, 0, 2, 2, 1, 0, 1, 1, 1, 0, 0, 1, 0, 2, 1, 2, 2, 0, 0, 1, 1, 0, 2, 0, 2, 1, 0, 0, 2, 0, 0, 2, 0, 0, 1, 0, 0, 2, 1, 1, 2, 2, 0, 2, 2, 0, 1, 2, 1, 1, 2, 0, 1, 1, 1, 1, 2, 2, 1, 1, 0, 1, 0, 1, 0, 1, 0, 1, 1, 1, 1, 2, 0, 0, 2, 1, 1]|[0, 3, 0, 3, 4, 1, 4, 4, 2, 0, 3, 2, 1, 0, 2, 1, 1, 1, 2, 1, 1, 3, 0, 1, 0, 1, 1, 4, 1, 4, 3, 2, 2, 0, 4, 1, 1, 4, 0, 1, 2, 1, 4, 4, 1, 1, 0, 2, 3, 1, 2, 1, 2, 1, 1, 2, 1, 3, 0, 2, 2, 3, 4, 0, 1, 2, 0, 1, 2, 4, 1, 3, 4, 1, 2, 4, 3, 3, 3, 1, 1, 4, 3, 2, 3, 2, 4, 2, 4, 2, 3, 4, 1, 4, 1, 2, 2, 1, 4, 3]|[0, 2, 0, 0, 3, 0, 1, 3, 0, 0, 2, 0, 1, 0, 1, 0, 0, 0, 1, 0, 0, 2, 0, 0, 1, 0, 0, 3, 0, 1, 0, 2, 0, 1, 3, 0, 1, 3, 1, 0, 0, 0, 1, 3, 0, 0, 1, 0, 2, 0, 0, 0, 0, 0, 1, 0, 0, 0, 1, 1, 0, 2, 1, 0, 0, 0, 0, 0, 0, 2, 0, 0, 1, 0, 0, 1, 0, 0, 3, 0, 0, 1, 0, 0, 0, 0, 3, 0, 2, 0, 0, 2, 1, 3, 0, 0, 0, 0, 1, 0],848.7210464257236,52158.68351753062,106381.76141901733,true
19,G4_BALANCED,G4_BALANCED,[31, 11, 82, 15, 26, 9, 95, 42, 77, 68, 47, 5, 93, 78, 86, 54, 85, 63, 18, 44, 20, 49, 36, 14, 74, 50, 53, 17, 21, 45, 71, 64, 3, 23, 30, 83, 24, 41, 60, 52, 65, 27, 90, 70, 39, 87, 48, 69, 99, 4, 46, 1, 13, 58, 97, 59, 28, 75, 73, 37, 35, 79, 22, 66, 76, 32, 40, 80, 96, 6, 61, 16, 33, 7, 57, 34, 12, 67, 10, 98, 56, 88, 29, 25, 91, 38, 19, 92, 43, 84, 51, 72, 81, 8, 2, 55, 0, 62, 89, 94]|[2, 1, 2, 1, 1, 2, 1, 1, 1, 1, 1, 0, 2, 2, 1, 2, 0, 0, 0, 2, 2, 1, 0, 2, 0, 2, 2, 1, 0, 1, 1, 1, 0, 0, 1, 0, 2, 1, 2, 2, 0, 0, 1, 1, 0, 2, 0, 2, 1, 0, 0, 2, 0, 0, 2, 0, 1, 1, 0, 0, 2, 1, 0, 2, 2, 0, 2, 2, 0, 1, 1, 2, 1, 2, 0, 1, 1, 1, 1, 2, 2, 1, 1, 1, 1, 0, 1, 0, 1, 0, 1, 1, 1, 0, 2, 0, 0, 1, 1, 2]|[0, 3, 0, 2, 4, 1, 4, 4, 2, 4, 3, 2, 1, 0, 2, 1, 1, 1, 2, 1, 1, 3, 0, 1, 0, 1, 1, 4, 1, 4, 3, 2, 2, 0, 4, 1, 1, 4, 0, 1, 2, 1, 4, 4, 1, 1, 0, 2, 3, 1, 2, 1, 2, 1, 1, 2, 4, 3, 0, 2, 2, 3, 1, 0, 1, 2, 0, 1, 2, 4, 3, 1, 4, 1, 2, 4, 3, 3, 3, 1, 1, 4, 3, 4, 3, 2, 4, 2, 4, 2, 3, 4, 1, 2, 1, 2, 2, 3, 4, 1]|[0, 2, 0, 1, 3, 0, 1, 3, 0, 0, 2, 0, 1, 0, 1, 0, 0, 0, 1, 0, 0, 2, 0, 0, 1, 0, 0, 3, 0, 1, 0, 2, 0, 1, 3, 0, 1, 3, 0, 0, 0, 0, 1, 3, 0, 0, 1, 0, 2, 0, 0, 0, 0, 0, 1, 0, 1, 0, 1, 1, 0, 2, 0, 0, 0, 0, 0, 0, 0, 2, 0, 0, 1, 0, 0, 1, 0, 0, 3, 0, 0, 1, 0, 3, 0, 0, 3, 0, 2, 0, 0, 2, 1, 0, 0, 0, 0, 0, 1, 0],855.0393744413956,51684.66824914086,111484.00316030454,false
19,G2_TEC,G2_TEC,[31, 22, 82, 15, 26, 9, 95, 42, 77, 68, 47, 5, 93, 78, 86, 54, 85, 63, 18, 44, 20, 49, 36, 14, 74, 50, 53, 25, 21, 28, 71, 64, 3, 23, 30, 83, 24, 41, 40, 52, 65, 27, 90, 70, 39, 87, 48, 69, 99, 4, 46, 1, 13, 58, 97, 59, 45, 8, 73, 37, 35, 79, 11, 66, 76, 32, 60, 80, 96, 6, 16, 61, 19, 7, 57, 34, 12, 67, 10, 98, 56, 88, 29, 75, 91, 38, 33, 92, 43, 84, 51, 72, 81, 17, 2, 55, 0, 62, 94, 89]|[2, 1, 2, 1, 1, 2, 1, 1, 1, 1, 1, 0, 2, 2, 1, 2, 0, 0, 0, 2, 2, 1, 0, 2, 0, 2, 2, 1, 0, 1, 1, 1, 0, 0, 1, 0, 2, 1, 2, 2, 0, 0, 1, 1, 0, 2, 0, 2, 1, 0, 0, 2, 0, 0, 2, 0, 1, 1, 0, 0, 2, 1, 0, 2, 2, 0, 2, 2, 0, 1, 2, 1, 1, 2, 0, 1, 1, 1, 1, 2, 2, 1, 1, 0, 1, 0, 1, 0, 1, 0, 1, 1, 1, 1, 2, 0, 0, 1, 2, 1]|[0, 3, 0, 3, 4, 1, 4, 4, 2, 4, 3, 2, 1, 0, 2, 1, 1, 1, 2, 1, 1, 3, 0, 1, 0, 1, 1, 4, 1, 4, 3, 2, 2, 0, 4, 1, 1, 4, 0, 1, 2, 1, 4, 4, 1, 1, 0, 2, 3, 1, 2, 1, 2, 1, 1, 2, 4, 3, 0, 2, 2, 3, 1, 0, 1, 2, 0, 1, 2, 4, 1, 3, 4, 1, 2, 4, 3, 3, 3, 1, 1, 4, 3, 2, 3, 2, 4, 2, 4, 2, 3, 4, 4, 4, 1, 2, 2, 3, 1, 4]|[0, 2, 0, 0, 3, 0, 1, 3, 0, 0, 2, 0, 1, 0, 1, 0, 0, 0, 1, 0, 0, 2, 0, 0, 1, 0, 0, 3, 0, 1, 0, 2, 0, 0, 3, 0, 1, 3, 0, 0, 0, 0, 1, 3, 0, 0, 1, 0, 2, 0, 0, 0, 0, 0, 1, 0, 1, 0, 1, 1, 0, 2, 0, 0, 0, 0, 0, 0, 0, 2, 0, 0, 1, 0, 0, 1, 0, 0, 3, 0, 0, 1, 0, 0, 0, 0, 1, 0, 2, 0, 0, 2, 1, 3, 0, 0, 0, 0, 0, 1],890.9074744783937,50760.14574298861,113587.74359615259,false
19,G3_TWC,G1_CMAX,[31, 22, 82, 15, 26, 9, 42, 95, 77, 12, 47, 5, 93, 78, 86, 54, 85, 63, 18, 44, 20, 35, 43, 97, 91, 76, 10, 30, 21, 45, 71, 64, 1, 23, 17, 83, 24, 14, 60, 36, 6, 57, 94, 88, 65, 56, 79, 40, 67, 68, 46, 75, 38, 58, 19, 32, 81, 41, 27, 62, 87, 90, 99, 59, 11, 16, 72, 73, 69, 39, 37, 84, 3, 92, 25, 55, 28, 29, 51, 7, 33, 61, 98, 66, 89, 50, 8, 96, 53, 80, 4, 48, 34, 2, 52, 13, 0, 70, 49, 74]|[1, 1, 0, 1, 1, 1, 2, 1, 2, 1, 2, 2, 2, 1, 1, 0, 0, 1, 0, 2, 2, 0, 1, 2, 0, 1, 2, 2, 0, 0, 1, 2, 1, 2, 1, 0, 2, 0, 1, 1, 0, 1, 1, 1, 0, 2, 1, 1, 0, 0, 0, 0, 1, 1, 2, 1, 2, 0, 0, 0, 2, 1, 0, 1, 2, 1, 2, 1, 1, 1, 1, 1, 1, 0, 1, 2, 0, 0, 0, 1, 2, 1, 0, 2, 1, 0, 1, 0, 0, 0, 0, 0, 2, 0, 1, 0, 0, 1, 0, 2]|[4, 3, 2, 2, 0, 0, 2, 2, 2, 4, 1, 1, 2, 4, 4, 1, 2, 4, 2, 1, 1, 1, 1, 2, 1, 2, 1, 1, 1, 1, 3, 2, 3, 0, 4, 0, 1, 1, 0, 3, 2, 2, 2, 0, 1, 1, 0, 4, 0, 1, 2, 2, 1, 4, 0, 3, 2, 1, 1, 2, 1, 3, 1, 1, 1, 3, 0, 4, 3, 1, 4, 1, 1, 0, 4, 1, 2, 1, 1, 3, 1, 3, 1, 1, 1, 1, 3, 1, 2, 1, 2, 1, 1, 2, 1, 2, 2, 3, 1, 1]|[0, 2, 1, 1, 3, 3, 0, 1, 0, 0, 0, 0, 1, 0, 1, 0, 0, 3, 1, 0, 0, 0, 3, 1, 0, 2, 0, 0, 0, 1, 0, 0, 0, 0, 3, 0, 1, 0, 0, 2, 1, 1, 1, 0, 0, 0, 0, 2, 1, 0, 0, 0, 1, 3, 0, 0, 1, 0, 0, 1, 0, 2, 0, 1, 0, 2, 1, 0, 0, 1, 1, 3, 1, 1, 3, 0, 1, 0, 0, 2, 0, 0, 0, 0, 1, 0, 2, 0, 1, 0, 1, 0, 0, 0, 1, 0, 0, 0, 1, 0],801.427594812029,57868.49349465401,91455.85780813712,true
19,G1_CMAX,G3_TWC,[31, 22, 82, 15, 26, 9, 95, 42, 77, 12, 47, 5, 93, 78, 86, 54, 85, 63, 18, 44, 20, 35, 43, 97, 91, 76, 10, 30, 21, 45, 71, 64, 1, 23, 17, 83, 24, 14, 60, 36, 41, 57, 40, 88, 65, 56, 79, 94, 67, 68, 46, 75, 38, 58, 19, 32, 81, 6, 27, 62, 87, 90, 99, 59, 11, 16, 72, 73, 69, 39, 37, 84, 3, 92, 25, 55, 28, 29, 51, 7, 66, 61, 98, 33, 89, 50, 8, 96, 53, 80, 4, 48, 34, 2, 52, 13, 0, 70, 74, 49]|[1, 1, 0, 1, 1, 0, 1, 2, 2, 1, 2, 2, 2, 1, 1, 0, 0, 1, 0, 2, 2, 0, 1, 2, 0, 1, 2, 2, 0, 0, 1, 2, 1, 2, 1, 0, 2, 0, 1, 1, 0, 1, 1, 1, 0, 2, 1, 1, 0, 0, 0, 0, 1, 1, 2, 1, 2, 0, 0, 0, 2, 1, 0, 1, 2, 1, 2, 1, 1, 1, 1, 1, 1, 0, 1, 1, 0, 0, 0, 1, 2, 1, 2, 2, 1, 0, 0, 0, 0, 0, 0, 0, 2, 0, 1, 0, 0, 1, 2, 0]|[4, 3, 2, 2, 4, 1, 2, 2, 2, 4, 1, 1, 2, 4, 4, 1, 2, 4, 2, 1, 1, 1, 1, 2, 1, 2, 1, 1, 1, 1, 3, 2, 3, 0, 4, 0, 1, 1, 0, 3, 2, 2, 2, 0, 1, 1, 0, 4, 0, 1, 2, 2, 1, 4, 0, 3, 2, 1, 1, 2, 1, 3, 1, 1, 1, 3, 0, 4, 3, 1, 4, 1, 1, 0, 4, 4, 2, 1, 1, 1, 1, 3, 1, 1, 1, 1, 1, 1, 2, 1, 2, 1, 1, 2, 1, 2, 2, 4, 1, 1]|[0, 2, 1, 1, 3, 0, 1, 0, 0, 0, 0, 0, 1, 0, 1, 0, 0, 3, 1, 0, 0, 0, 3, 1, 0, 2, 0, 0, 0, 1, 0, 0, 0, 0, 3, 0, 1, 0, 0, 2, 1, 1, 1, 0, 0, 0, 0, 2, 1, 0, 0, 0, 1, 3, 0, 0, 1, 0, 0, 1, 0, 2, 0, 1, 0, 2, 1, 0, 0, 1, 1, 3, 1, 1, 3, 3, 1, 0, 0, 2, 0, 0, 0, 0, 1, 0, 0, 0, 1, 0, 1, 0, 0, 0, 1, 0, 0, 2, 0, 1],828.154803746455,57493.87417606956,92561.73319856406,true
19,G4_BALANCED,G4_BALANCED,[31, 22, 82, 15, 26, 58, 95, 42, 77, 12, 47, 5, 93, 78, 86, 54, 85, 63, 18, 44, 20, 35, 43, 97, 91, 76, 10, 30, 21, 45, 71, 64, 1, 23, 17, 83, 24, 14, 60, 36, 6, 57, 40, 88, 65, 56, 79, 94, 67, 41, 68, 75, 38, 9, 19, 32, 81, 55, 27, 62, 87, 90, 99, 59, 11, 16, 72, 73, 70, 39, 37, 84, 3, 92, 25, 46, 28, 29, 51, 50, 66, 61, 98, 48, 89, 7, 8, 96, 34, 53, 69, 4, 80, 2, 52, 0, 49, 33, 13, 74]|[1, 1, 0, 1, 1, 0, 2, 1, 2, 1, 2, 2, 2, 1, 1, 0, 0, 1, 0, 2, 2, 0, 1, 2, 0, 1, 2, 2, 0, 0, 1, 2, 1, 2, 1, 0, 2, 0, 1, 1, 0, 1, 1, 1, 0, 2, 1, 1, 0, 0, 0, 0, 1, 1, 2, 1, 2, 2, 0, 0, 2, 1, 0, 1, 2, 1, 2, 1, 1, 1, 1, 1, 1, 0, 1, 0, 0, 0, 0, 0, 2, 1, 2, 0, 1, 1, 0, 2, 2, 0, 1, 1, 0, 0, 1, 0, 0, 2, 0, 2]|[4, 3, 2, 2, 4, 1, 2, 2, 2, 4, 1, 1, 2, 4, 4, 1, 2, 4, 2, 1, 1, 1, 1, 2, 1, 2, 1, 1, 1, 1, 3, 2, 3, 1, 4, 0, 1, 1, 0, 3, 2, 2, 4, 0, 1, 1, 0, 2, 0, 1, 1, 2, 1, 4, 0, 3, 2, 1, 1, 2, 1, 3, 1, 1, 1, 3, 1, 4, 3, 1, 4, 1, 1, 0, 4, 2, 2, 1, 1, 1, 1, 3, 1, 1, 1, 3, 1, 1, 1, 2, 4, 4, 1, 2, 1, 2, 1, 1, 2, 1]|[0, 2, 1, 1, 3, 0, 0, 1, 0, 0, 0, 0, 1, 0, 1, 0, 0, 3, 1, 0, 0, 0, 3, 1, 0, 2, 0, 0, 0, 1, 0, 0, 0, 0, 3, 0, 1, 0, 0, 2, 1, 1, 2, 0, 0, 0, 0, 1, 1, 0, 0, 0, 1, 3, 0, 0, 1, 0, 0, 1, 0, 2, 0, 1, 0, 2, 0, 0, 0, 1, 1, 3, 1, 1, 3, 0, 1, 0, 0, 0, 0, 0, 0, 0, 1, 2, 0, 0, 0, 1, 2, 0, 0, 0, 1, 0, 1, 0, 0, 0],767.6900619842797,56175.82867208527,95328.18415931956,false
19,G2_TEC,G2_TEC,[31, 22, 82, 15, 26, 9, 95, 42, 77, 68, 47, 5, 93, 78, 86, 54, 85, 63, 18, 44, 20, 49, 36, 14, 74, 50, 53, 25, 21, 28, 71, 64, 3, 23, 30, 83, 24, 41, 40, 52, 65, 27, 90, 70, 39, 87, 48, 69, 99, 4, 46, 1, 13, 58, 97, 59, 45, 8, 73, 37, 35, 79, 11, 66, 76, 32, 60, 80, 96, 6, 16, 61, 19, 7, 57, 34, 12, 67, 10, 98, 56, 88, 29, 75, 91, 38, 33, 92, 43, 84, 51, 72, 81, 17, 2, 55, 0, 62, 94, 89]|[2, 1, 2, 1, 1, 2, 1, 1, 1, 1, 1, 0, 2, 2, 1, 2, 0, 0, 0, 2, 2, 1, 0, 2, 0, 2, 2, 1, 0, 1, 1, 1, 0, 0, 1, 0, 2, 1, 2, 2, 0, 0, 1, 1, 0, 2, 0, 2, 1, 0, 0, 2, 0, 0, 2, 0, 1, 1, 0, 0, 2, 1, 0, 2, 2, 0, 2, 2, 0, 1, 2, 1, 1, 2, 0, 1, 1, 1, 1, 2, 2, 1, 1, 0, 1, 0, 1, 0, 1, 0, 1, 1, 1, 1, 2, 0, 0, 1, 2, 1]|[0, 3, 0, 3, 4, 1, 4, 4, 2, 4, 3, 2, 1, 0, 2, 1, 1, 1, 2, 1, 1, 3, 0, 1, 0, 1, 1, 4, 1, 4, 3, 2, 2, 0, 4, 1, 1, 4, 0, 1, 2, 1, 4, 4, 1, 1, 0, 2, 3, 1, 2, 1, 2, 1, 1, 2, 4, 3, 0, 2, 2, 3, 1, 0, 1, 2, 0, 1, 2, 4, 1, 3, 4, 1, 2, 4, 3, 3, 3, 1, 1, 4, 3, 2, 3, 2, 4, 2, 4, 2, 3, 4, 4, 4, 1, 2, 2, 3, 1, 4]|[0, 2, 0, 0, 3, 0, 1, 3, 0, 0, 2, 0, 1, 0, 1, 0, 0, 0, 1, 0, 0, 2, 0, 0, 1, 0, 0, 3, 0, 1, 0, 2, 0, 0, 3, 0, 1, 3, 0, 0, 0, 0, 1, 3, 0, 0, 1, 0, 2, 0, 0, 0, 0, 0, 1, 0, 1, 0, 1, 1, 0, 2, 0, 0, 0, 0, 0, 0, 0, 2, 0, 0, 1, 0, 0, 1, 0, 0, 3, 0, 0, 1, 0, 0, 0, 0, 1, 0, 2, 0, 0, 2, 1, 3, 0, 0, 0, 0, 0, 1],890.9074744783937,50760.14574298861,113587.74359615259,false
19,G3_TWC,G1_CMAX,[31, 22, 82, 15, 26, 9, 42, 95, 77, 12, 47, 5, 93, 78, 86, 54, 85, 63, 18, 44, 20, 35, 43, 97, 91, 76, 10, 30, 21, 45, 71, 64, 1, 23, 17, 83, 24, 14, 60, 36, 6, 57, 94, 88, 65, 56, 79, 40, 67, 68, 46, 75, 38, 58, 19, 32, 81, 41, 27, 62, 87, 90, 99, 59, 11, 16, 72, 73, 69, 39, 37, 84, 3, 92, 25, 55, 28, 29, 51, 7, 33, 61, 98, 66, 89, 50, 8, 96, 53, 80, 4, 48, 34, 2, 52, 13, 0, 70, 49, 74]|[1, 1, 0, 1, 1, 1, 2, 1, 2, 1, 2, 2, 2, 1, 1, 0, 0, 1, 0, 2, 2, 0, 1, 2, 0, 1, 2, 2, 0, 0, 1, 2, 1, 2, 1, 0, 2, 0, 1, 1, 0, 1, 1, 1, 0, 2, 1, 1, 0, 0, 0, 0, 1, 1, 2, 1, 2, 0, 0, 0, 2, 1, 0, 1, 2, 1, 2, 1, 1, 1, 1, 1, 1, 0, 1, 2, 0, 0, 0, 1, 2, 1, 0, 2, 1, 0, 1, 0, 0, 0, 0, 0, 2, 0, 1, 0, 0, 1, 0, 2]|[4, 3, 2, 2, 0, 0, 2, 2, 2, 4, 1, 1, 2, 4, 4, 1, 2, 4, 2, 1, 1, 1, 1, 2, 1, 2, 1, 1, 1, 1, 3, 2, 3, 0, 4, 0, 1, 1, 0, 3, 2, 2, 2, 0, 1, 1, 0, 4, 0, 1, 2, 2, 1, 4, 0, 3, 2, 1, 1, 2, 1, 3, 1, 1, 1, 3, 0, 4, 3, 1, 4, 1, 1, 0, 4, 1, 2, 1, 1, 3, 1, 3, 1, 1, 1, 1, 3, 1, 2, 1, 2, 1, 1, 2, 1, 2, 2, 3, 1, 1]|[0, 2, 1, 1, 3, 3, 0, 1, 0, 0, 0, 0, 1, 0, 1, 0, 0, 3, 1, 0, 0, 0, 3, 1, 0, 2, 0, 0, 0, 1, 0, 0, 0, 0, 3, 0, 1, 0, 0, 2, 1, 1, 1, 0, 0, 0, 0, 2, 1, 0, 0, 0, 1, 3, 0, 0, 1, 0, 0, 1, 0, 2, 0, 1, 0, 2, 1, 0, 0, 1, 1, 3, 1, 1, 3, 0, 1, 0, 0, 2, 0, 0, 0, 0, 1, 0, 2, 0, 1, 0, 1, 0, 0, 0, 1, 0, 0, 0, 1, 0],801.427594812029,57868.49349465401,91455.85780813712,true
19,G1_CMAX,G2_TEC,[31, 22, 82, 15, 26, 9, 95, 42, 77, 68, 47, 5, 93, 78, 86, 54, 85, 63, 18, 44, 20, 49, 36, 14, 74, 50, 53, 25, 21, 28, 71, 64, 3, 23, 30, 83, 24, 41, 40, 52, 65, 27, 90, 70, 39, 87, 48, 69, 99, 4, 46, 1, 13, 58, 97, 59, 45, 8, 73, 37, 35, 79, 66, 11, 76, 51, 60, 80, 96, 6, 16, 61, 92, 7, 57, 34, 12, 67, 10, 98, 56, 88, 29, 75, 91, 38, 19, 33, 43, 84, 32, 72, 81, 17, 62, 55, 0, 94, 89, 2]|[2, 1, 2, 1, 1, 2, 1, 1, 1, 1, 1, 0, 2, 2, 1, 2, 0, 0, 0, 2, 2, 1, 0, 2, 0, 2, 2, 1, 0, 1, 1, 1, 0, 0, 1, 0, 2, 1, 2, 2, 0, 0, 1, 1, 0, 2, 0, 2, 1, 0, 0, 2, 0, 0, 2, 0, 1, 1, 0, 0, 2, 1, 2, 0, 2, 1, 2, 2, 0, 1, 2, 1, 1, 2, 0, 1, 1, 1, 1, 2, 2, 1, 1, 0, 1, 0, 1, 0, 0, 0, 0, 1, 1, 1, 1, 0, 0, 2, 1, 2]|[0, 3, 0, 3, 4, 1, 4, 4, 2, 4, 3, 2, 1, 0, 2, 1, 1, 1, 2, 1, 1, 3, 0, 1, 0, 1, 1, 4, 1, 4, 3, 2, 2, 0, 4, 1, 1, 4, 0, 1, 2, 1, 4, 4, 1, 1, 0, 2, 3, 1, 2, 1, 2, 1, 1, 2, 4, 3, 0, 2, 2, 3, 0, 1, 1, 3, 0, 1, 2, 4, 1, 3, 4, 1, 2, 4, 3, 3, 3, 1, 1, 4, 3, 2, 3, 2, 4, 2, 2, 2, 2, 4, 4, 4, 3, 2, 2, 1, 4, 1]|[0, 2, 0, 0, 3, 0, 1, 3, 0, 0, 2, 0, 1, 0, 1, 0, 0, 0, 1, 0, 0, 2, 0, 0, 1, 0, 0, 3, 0, 1, 0, 2, 0, 0, 3, 0, 1, 3, 0, 0, 0, 0, 1, 3, 0, 0, 1, 0, 2, 0, 0, 0, 0, 0, 1, 0, 1, 0, 1, 1, 0, 2, 0, 0, 0, 0, 0, 0, 0, 2, 0, 0, 1, 0, 0, 1, 0, 0, 3, 0, 0, 1, 0, 0, 0, 0, 3, 0, 0, 0, 0, 2, 1, 3, 0, 0, 0, 0, 1, 0],888.2956579704123,50848.525596684856,113510.77937610963,true
19,G4_BALANCED,G4_BALANCED,[31, 22, 82, 15, 26, 58, 95, 42, 77, 12, 47, 5, 93, 78, 86, 54, 85, 63, 18, 44, 20, 35, 43, 97, 91, 76, 10, 30, 21, 45, 71, 64, 1, 23, 17, 83, 24, 14, 60, 36, 6, 57, 40, 88, 65, 56, 79, 94, 67, 68, 46, 75, 38, 9, 19, 32, 81, 41, 27, 62, 87, 90, 99, 59, 11, 16, 72, 73, 70, 39, 37, 84, 3, 53, 25, 55, 28, 29, 51, 7, 33, 61, 98, 48, 89, 50, 66, 96, 92, 80, 8, 4, 34, 2, 52, 13, 0, 69, 74, 49]|[1, 1, 0, 1, 1, 0, 1, 2, 2, 1, 2, 2, 2, 1, 1, 0, 0, 1, 0, 2, 2, 0, 1, 2, 0, 1, 2, 2, 0, 0, 1, 2, 1, 2, 1, 0, 2, 0, 1, 1, 0, 1, 1, 1, 0, 2, 1, 1, 0, 0, 0, 0, 1, 1, 2, 1, 2, 0, 0, 0, 2, 1, 0, 1, 2, 1, 2, 1, 1, 1, 1, 1, 1, 0, 1, 1, 0, 0, 0, 1, 2, 1, 2, 0, 1, 0, 2, 0, 0, 0, 1, 0, 2, 0, 1, 0, 0, 1, 2, 0]|[4, 3, 2, 2, 4, 1, 2, 2, 2, 4, 1, 1, 2, 4, 4, 1, 2, 4, 2, 1, 1, 1, 1, 2, 1, 2, 1, 1, 1, 1, 3, 2, 3, 1, 4, 0, 1, 1, 0, 3, 2, 2, 2, 0, 1, 1, 0, 4, 0, 1, 2, 2, 1, 4, 0, 3, 2, 1, 1, 2, 1, 3, 1, 1, 1, 3, 0, 4, 3, 1, 4, 1, 1, 2, 4, 4, 2, 1, 1, 1, 1, 3, 1, 1, 1, 1, 1, 1, 2, 1, 3, 2, 1, 2, 1, 2, 2, 3, 1, 1]|[0, 2, 1, 1, 3, 0, 1, 0, 0, 0, 0, 0, 1, 0, 1, 0, 0, 3, 1, 0, 0, 0, 3, 1, 0, 2, 0, 0, 0, 1, 0, 0, 0, 0, 3, 0, 1, 0, 0, 2, 1, 1, 1, 0, 0, 0, 0, 2, 1, 0, 0, 0, 1, 3, 0, 0, 1, 0, 0, 1, 0, 2, 0, 1, 0, 2, 1, 0, 0, 1, 1, 3, 1, 1, 3, 3, 1, 0, 0, 2, 0, 0, 0, 0, 1, 0, 0, 0, 1, 0, 2, 1, 0, 0, 1, 0, 0, 0, 0, 1],799.0546721216066,57038.19937020626,92843.33792604652,false
19,G2_TEC,G2_TEC,[31, 22, 82, 15, 26, 9, 95, 42, 77, 68, 47, 5, 93, 78, 86, 54, 85, 63, 18, 44, 20, 49, 36, 14, 74, 50, 53, 25, 21, 28, 71, 64, 3, 23, 30, 83, 24, 41, 40, 52, 65, 27, 90, 70, 39, 87, 48, 69, 99, 4, 46, 1, 13, 58, 97, 59, 45, 8, 73, 37, 35, 79, 11, 66, 76, 32, 60, 80, 96, 6, 16, 61, 19, 7, 57, 34, 12, 67, 10, 98, 56, 88, 29, 75, 91, 38, 33, 92, 43, 84, 51, 72, 81, 17, 2, 55, 0, 62, 94, 89]|[2, 1, 2, 1, 1, 2, 1, 1, 1, 1, 1, 0, 2, 2, 1, 2, 0, 0, 0, 2, 2, 1, 0, 2, 0, 2, 2, 1, 0, 1, 1, 1, 0, 0, 1, 0, 2, 1, 2, 2, 0, 0, 1, 1, 0, 2, 0, 2, 1, 0, 0, 2, 0, 0, 2, 0, 1, 1, 0, 0, 2, 1, 0, 2, 2, 0, 2, 2, 0, 1, 2, 1, 1, 2, 0, 1, 1, 1, 1, 2, 2, 1, 1, 0, 1, 0, 1, 0, 1, 0, 1, 1, 1, 1, 2, 0, 0, 1, 2, 1]|[0, 3, 0, 3, 4, 1, 4, 4, 2, 4, 3, 2, 1, 0, 2, 1, 1, 1, 2, 1, 1, 3, 0, 1, 0, 1, 1, 4, 1, 4, 3, 2, 2, 0, 4, 1, 1, 4, 0, 1, 2, 1, 4, 4, 1, 1, 0, 2, 3, 1, 2, 1, 2, 1, 1, 2, 4, 3, 0, 2, 2, 3, 1, 0, 1, 2, 0, 1, 2, 4, 1, 3, 4, 1, 2, 4, 3, 3, 3, 1, 1, 4, 3, 2, 3, 2, 4, 2, 4, 2, 3, 4, 4, 4, 1, 2, 2, 3, 1, 4]|[0, 2, 0, 0, 3, 0, 1, 3, 0, 0, 2, 0, 1, 0, 1, 0, 0, 0, 1, 0, 0, 2, 0, 0, 1, 0, 0, 3, 0, 1, 0, 2, 0, 0, 3, 0, 1, 3, 0, 0, 0, 0, 1, 3, 0, 0, 1, 0, 2, 0, 0, 0, 0, 0, 1, 0, 1, 0, 1, 1, 0, 2, 0, 0, 0, 0, 0, 0, 0, 2, 0, 0, 1, 0, 0, 1, 0, 0, 3, 0, 0, 1, 0, 0, 0, 0, 1, 0, 2, 0, 0, 2, 1, 3, 0, 0, 0, 0, 0, 1],890.9074744783937,50760.14574298861,113587.74359615259,false
19,G3_TWC,G1_CMAX,[31, 22, 82, 15, 26, 9, 42, 95, 77, 12, 47, 5, 93, 78, 86, 54, 85, 63, 18, 44, 20, 35, 43, 97, 91, 76, 10, 30, 21, 45, 71, 64, 1, 23, 17, 83, 24, 14, 60, 36, 6, 57, 94, 88, 65, 56, 79, 40, 67, 68, 46, 75, 38, 58, 19, 32, 81, 41, 27, 62, 87, 90, 99, 59, 11, 16, 72, 73, 69, 39, 37, 84, 3, 92, 25, 55, 28, 29, 51, 7, 33, 61, 98, 66, 89, 50, 8, 96, 53, 80, 4, 48, 34, 2, 52, 13, 0, 70, 49, 74]|[1, 1, 0, 1, 1, 1, 2, 1, 2, 1, 2, 2, 2, 1, 1, 0, 0, 1, 0, 2, 2, 0, 1, 2, 0, 1, 2, 2, 0, 0, 1, 2, 1, 2, 1, 0, 2, 0, 1, 1, 0, 1, 1, 1, 0, 2, 1, 1, 0, 0, 0, 0, 1, 1, 2, 1, 2, 0, 0, 0, 2, 1, 0, 1, 2, 1, 2, 1, 1, 1, 1, 1, 1, 0, 1, 2, 0, 0, 0, 1, 2, 1, 0, 2, 1, 0, 1, 0, 0, 0, 0, 0, 2, 0, 1, 0, 0, 1, 0, 2]|[4, 3, 2, 2, 0, 0, 2, 2, 2, 4, 1, 1, 2, 4, 4, 1, 2, 4, 2, 1, 1, 1, 1, 2, 1, 2, 1, 1, 1, 1, 3, 2, 3, 0, 4, 0, 1, 1, 0, 3, 2, 2, 2, 0, 1, 1, 0, 4, 0, 1, 2, 2, 1, 4, 0, 3, 2, 1, 1, 2, 1, 3, 1, 1, 1, 3, 0, 4, 3, 1, 4, 1, 1, 0, 4, 1, 2, 1, 1, 3, 1, 3, 1, 1, 1, 1, 3, 1, 2, 1, 2, 1, 1, 2, 1, 2, 2, 3, 1, 1]|[0, 2, 1, 1, 3, 3, 0, 1, 0, 0, 0, 0, 1, 0, 1, 0, 0, 3, 1, 0, 0, 0, 3, 1, 0, 2, 0, 0, 0, 1, 0, 0, 0, 0, 3, 0, 1, 0, 0, 2, 1, 1, 1, 0, 0, 0, 0, 2, 1, 0, 0, 0, 1, 3, 0, 0, 1, 0, 0, 1, 0, 2, 0, 1, 0, 2, 1, 0, 0, 1, 1, 3, 1, 1, 3, 0, 1, 0, 0, 2, 0, 0, 0, 0, 1, 0, 2, 0, 1, 0, 1, 0, 0, 0, 1, 0, 0, 0, 1, 0],801.427594812029,57868.49349465401,91455.85780813712,true
19,G1_CMAX,G4_BALANCED,[31, 11, 82, 15, 26, 9, 95, 42, 77, 68, 47, 5, 93, 78, 86, 54, 85, 63, 18, 44, 20, 49, 36, 14, 74, 50, 53, 17, 21, 45, 71, 64, 3, 23, 30, 83, 24, 41, 60, 52, 65, 27, 90, 70, 39, 87, 48, 69, 99, 4, 46, 1, 13, 58, 97, 59, 28, 75, 73, 37, 35, 79, 22, 66, 76, 32, 40, 80, 96, 6, 16, 61, 33, 7, 57, 34, 12, 67, 10, 98, 56, 88, 29, 8, 91, 38, 19, 92, 43, 84, 51, 72, 81, 62, 2, 55, 0, 89, 94, 25]|[2, 1, 2, 1, 1, 2, 1, 1, 1, 1, 1, 0, 2, 2, 1, 2, 0, 0, 0, 2, 2, 1, 0, 2, 0, 2, 2, 1, 0, 1, 1, 1, 0, 0, 1, 0, 2, 1, 2, 2, 0, 0, 1, 1, 0, 2, 0, 2, 1, 0, 0, 2, 0, 0, 2, 0, 1, 1, 0, 0, 2, 1, 0, 2, 2, 0, 2, 2, 0, 1, 2, 1, 1, 2, 0, 1, 1, 1, 1, 2, 2, 1, 1, 0, 1, 0, 1, 0, 1, 0, 1, 1, 1, 1, 2, 0, 0, 1, 2, 1]|[0, 3, 0, 2, 4, 1, 4, 4, 2, 4, 3, 2, 1, 0, 2, 1, 1, 1, 2, 1, 1, 3, 0, 1, 0, 1, 1, 4, 1, 4, 3, 2, 2, 0, 4, 1, 1, 4, 0, 1, 2, 1, 4, 4, 1, 1, 0, 2, 3, 1, 2, 1, 2, 1, 1, 2, 4, 3, 0, 2, 2, 3, 1, 0, 1, 2, 0, 1, 2, 4, 1, 3, 4, 1, 2, 4, 3, 3, 3, 1, 1, 4, 3, 2, 3, 2, 4, 2, 4, 2, 3, 4, 1, 3, 1, 2, 2, 4, 1, 4]|[0, 2, 0, 1, 3, 0, 1, 3, 0, 0, 2, 0, 1, 0, 1, 0, 0, 0, 1, 0, 0, 2, 0, 0, 1, 0, 0, 3, 0, 1, 0, 2, 0, 1, 3, 0, 1, 3, 1, 0, 0, 0, 1, 3, 0, 0, 1, 0, 2, 0, 0, 0, 0, 0, 1, 0, 1, 0, 1, 1, 0, 2, 0, 0, 0, 0, 0, 0, 0, 2, 0, 0, 1, 0, 0, 1, 0, 0, 3, 0, 0, 1, 0, 0, 0, 0, 3, 0, 2, 0, 0, 2, 1, 0, 0, 0, 0, 1, 0, 3],843.8855010804491,52038.22615277176,107575.91746051938,true
19,G4_BALANCED,G4_BALANCED,[31, 11, 82, 15, 26, 9, 95, 42, 77, 68, 47, 5, 93, 78, 86, 54, 85, 63, 18, 44, 20, 49, 36, 14, 74, 50, 53, 17, 21, 45, 71, 64, 3, 23, 30, 83, 24, 41, 60, 52, 65, 27, 90, 70, 39, 87, 48, 69, 99, 4, 46, 1, 13, 58, 97, 59, 28, 8, 73, 37, 35, 79, 22, 66, 76, 32, 40, 80, 96, 6, 16, 61, 33, 7, 57, 34, 12, 67, 10, 98, 56, 88, 51, 75, 91, 38, 19, 92, 43, 84, 29, 72, 81, 25, 2, 55, 0, 94, 89, 62]|[2, 1, 2, 1, 1, 2, 1, 1, 1, 1, 1, 0, 2, 2, 1, 2, 0, 0, 0, 2, 2, 1, 0, 2, 0, 2, 2, 1, 0, 1, 1, 1, 0, 0, 1, 0, 2, 1, 2, 2, 0, 0, 1, 1, 0, 2, 0, 2, 1, 0, 0, 2, 0, 0, 2, 0, 1, 1, 0, 0, 2, 1, 0, 2, 2, 0, 2, 2, 0, 1, 2, 1, 1, 2, 0, 1, 1, 1, 1, 2, 2, 1, 1, 0, 1, 0, 1, 0, 1, 0, 1, 1, 1, 1, 2, 0, 0, 2, 1, 1]|[0, 3, 0, 2, 4, 1, 4, 4, 2, 4, 3, 2, 1, 0, 2, 1, 1, 1, 2, 1, 1, 3, 0, 1, 0, 1, 1, 4, 1, 4, 3, 2, 2, 0, 4, 1, 1, 4, 0, 1, 2, 1, 4, 4, 1, 1, 0, 2, 3, 1, 2, 1, 2, 1, 1, 2, 4, 3, 0, 2, 2, 3, 1, 0, 1, 2, 0, 1, 2, 4, 1, 3, 4, 1, 2, 4, 3, 3, 3, 1, 1, 4, 3, 2, 3, 2, 4, 2, 4, 2, 3, 4, 1, 4, 1, 2, 2, 1, 4, 3]|[0, 2, 0, 1, 3, 0, 1, 3, 0, 0, 2, 0, 1, 0, 1, 0, 0, 0, 1, 0, 0, 2, 0, 0, 1, 0, 0, 3, 0, 1, 0, 2, 0, 1, 3, 0, 1, 3, 1, 0, 0, 0, 1, 3, 0, 0, 1, 0, 2, 0, 0, 0, 0, 0, 1, 0, 1, 0, 1, 1, 0, 2, 0, 0, 0, 0, 0, 0, 0, 2, 0, 0, 1, 0, 0, 1, 0, 0, 3, 0, 0, 1, 0, 0, 0, 0, 3, 0, 2, 0, 0, 2, 1, 3, 0, 0, 0, 0, 1, 0],847.5774112780123,52007.329839342645,107494.62989686072,false
19,G2_TEC,G2_TEC,[31, 22, 82, 15, 26, 9, 95, 42, 77, 68, 47, 5, 93, 78, 86, 54, 85, 63, 18, 44, 20, 49, 36, 14, 74, 50, 53, 25, 21, 28, 71, 64, 3, 23, 30, 83, 24, 41, 40, 52, 65, 27, 90, 70, 39, 87, 48, 69, 99, 4, 46, 1, 13, 58, 97, 59, 45, 8, 73, 37, 35, 79, 11, 66, 76, 32, 60, 80, 96, 6, 16, 61, 19, 7, 57, 34, 12, 67, 10, 98, 56, 88, 29, 75, 91, 38, 33, 92, 43, 84, 51, 72, 81, 17, 2, 55, 0, 62, 94, 89]|[2, 1, 2, 1, 1, 2, 1, 1, 1, 1, 1, 0, 2, 2, 1, 2, 0, 0, 0, 2, 2, 1, 0, 2, 0, 2, 2, 1, 0, 1, 1, 1, 0, 0, 1, 0, 2, 1, 2, 2, 0, 0, 1, 1, 0, 2, 0, 2, 1, 0, 0, 2, 0, 0, 2, 0, 1, 1, 0, 0, 2, 1, 0, 2, 2, 0, 2, 2, 0, 1, 2, 1, 1, 2, 0, 1, 1, 1, 1, 2, 2, 1, 1, 0, 1, 0, 1, 0, 1, 0, 1, 1, 1, 1, 2, 0, 0, 1, 2, 1]|[0, 3, 0, 3, 4, 1, 4, 4, 2, 4, 3, 2, 1, 0, 2, 1, 1, 1, 2, 1, 1, 3, 0, 1, 0, 1, 1, 4, 1, 4, 3, 2, 2, 0, 4, 1, 1, 4, 0, 1, 2, 1, 4, 4, 1, 1, 0, 2, 3, 1, 2, 1, 2, 1, 1, 2, 4, 3, 0, 2, 2, 3, 1, 0, 1, 2, 0, 1, 2, 4, 1, 3, 4, 1, 2, 4, 3, 3, 3, 1, 1, 4, 3, 2, 3, 2, 4, 2, 4, 2, 3, 4, 4, 4, 1, 2, 2, 3, 1, 4]|[0, 2, 0, 0, 3, 0, 1, 3, 0, 0, 2, 0, 1, 0, 1, 0, 0, 0, 1, 0, 0, 2, 0, 0, 1, 0, 0, 3, 0, 1, 0, 2, 0, 0, 3, 0, 1, 3, 0, 0, 0, 0, 1, 3, 0, 0, 1, 0, 2, 0, 0, 0, 0, 0, 1, 0, 1, 0, 1, 1, 0, 2, 0, 0, 0, 0, 0, 0, 0, 2, 0, 0, 1, 0, 0, 1, 0, 0, 3, 0, 0, 1, 0, 0, 0, 0, 1, 0, 2, 0, 0, 2, 1, 3, 0, 0, 0, 0, 0, 1],890.9074744783937,50760.14574298861,113587.74359615259,false
19,G3_TWC,G1_CMAX,[31, 22, 82, 15, 26, 9, 42, 95, 77, 12, 47, 5, 93, 78, 86, 54, 85, 63, 18, 44, 20, 35, 43, 97, 91, 76, 10, 30, 21, 45, 71, 64, 1, 23, 17, 83, 24, 14, 60, 36, 6, 57, 94, 88, 65, 56, 79, 40, 67, 68, 46, 75, 38, 58, 19, 32, 81, 41, 27, 62, 87, 90, 99, 59, 11, 16, 72, 73, 69, 39, 37, 84, 3, 92, 25, 55, 28, 29, 51, 7, 33, 61, 98, 66, 89, 50, 8, 96, 53, 80, 4, 48, 34, 2, 52, 13, 0, 70, 49, 74]|[1, 1, 0, 1, 1, 1, 2, 1, 2, 1, 2, 2, 2, 1, 1, 0, 0, 1, 0, 2, 2, 0, 1, 2, 0, 1, 2, 2, 0, 0, 1, 2, 1, 2, 1, 0, 2, 0, 1, 1, 0, 1, 1, 1, 0, 2, 1, 1, 0, 0, 0, 0, 1, 1, 2, 1, 2, 0, 0, 0, 2, 1, 0, 1, 2, 1, 2, 1, 1, 1, 1, 1, 1, 0, 1, 2, 0, 0, 0, 1, 2, 1, 0, 2, 1, 0, 1, 0, 0, 0, 0, 0, 2, 0, 1, 0, 0, 1, 0, 2]|[4, 3, 2, 2, 0, 0, 2, 2, 2, 4, 1, 1, 2, 4, 4, 1, 2, 4, 2, 1, 1, 1, 1, 2, 1, 2, 1, 1, 1, 1, 3, 2, 3, 0, 4, 0, 1, 1, 0, 3, 2, 2, 2, 0, 1, 1, 0, 4, 0, 1, 2, 2, 1, 4, 0, 3, 2, 1, 1, 2, 1, 3, 1, 1, 1, 3, 0, 4, 3, 1, 4, 1, 1, 0, 4, 1, 2, 1, 1, 3, 1, 3, 1, 1, 1, 1, 3, 1, 2, 1, 2, 1, 1, 2, 1, 2, 2, 3, 1, 1]|[0, 2, 1, 1, 3, 3, 0, 1, 0, 0, 0, 0, 1, 0, 1, 0, 0, 3, 1, 0, 0, 0, 3, 1, 0, 2, 0, 0, 0, 1, 0, 0, 0, 0, 3, 0, 1, 0, 0, 2, 1, 1, 1, 0, 0, 0, 0, 2, 1, 0, 0, 0, 1, 3, 0, 0, 1, 0, 0, 1, 0, 2, 0, 1, 0, 2, 1, 0, 0, 1, 1, 3, 1, 1, 3, 0, 1, 0, 0, 2, 0, 0, 0, 0, 1, 0, 2, 0, 1, 0, 1, 0, 0, 0, 1, 0, 0, 0, 1, 0],801.427594812029,57868.49349465401,91455.85780813712,true
19,G1_CMAX,G3_TWC,[31, 22, 82, 15, 26, 9, 42, 95, 77, 12, 47, 5, 93, 78, 86, 54, 85, 63, 18, 44, 20, 35, 43, 97, 91, 76, 10, 30, 21, 45, 71, 64, 1, 23, 17, 83, 24, 14, 60, 36, 6, 57, 94, 88, 65, 56, 79, 40, 67, 68, 46, 75, 38, 58, 19, 32, 81, 41, 27, 62, 87, 90, 99, 59, 11, 16, 72, 73, 69, 39, 37, 84, 3, 92, 25, 55, 28, 29, 51, 7, 33, 61, 98, 66, 89, 50, 48, 80, 4, 53, 96, 8, 34, 2, 52, 0, 13, 70, 49, 74]|[1, 1, 0, 1, 1, 1, 2, 1, 2, 1, 2, 2, 2, 1, 1, 0, 0, 1, 0, 2, 2, 0, 1, 2, 0, 1, 2, 2, 0, 0, 1, 2, 1, 2, 1, 0, 2, 0, 1, 1, 0, 1, 1, 1, 0, 2, 1, 1, 0, 0, 0, 0, 1, 1, 2, 1, 2, 0, 0, 0, 2, 1, 0, 1, 2, 1, 2, 1, 1, 1, 1, 1, 1, 0, 1, 1, 0, 0, 0, 1, 2, 1, 0, 2, 1, 0, 0, 0, 0, 0, 2, 1, 2, 0, 1, 0, 0, 1, 0, 2]|[4, 3, 2, 2, 0, 0, 2, 2, 2, 4, 1, 1, 2, 4, 4, 1, 2, 4, 2, 1, 1, 1, 1, 2, 1, 2, 1, 1, 1, 1, 3, 2, 3, 0, 4, 0, 1, 1, 0, 3, 2, 2, 4, 0, 1, 1, 0, 2, 0, 1, 2, 2, 1, 4, 0, 3, 2, 1, 1, 2, 1, 3, 1, 1, 1, 3, 0, 4, 3, 1, 4, 1, 1, 0, 4, 4, 2, 1, 1, 3, 1, 3, 1, 1, 1, 1, 1, 1, 2, 2, 1, 3, 1, 2, 1, 2, 2, 3, 1, 1]|[0, 2, 1, 1, 3, 3, 0, 1, 0, 0, 0, 0, 1, 0, 1, 0, 0, 3, 1, 0, 0, 0, 3, 1, 0, 2, 0, 0, 0, 1, 0, 0, 0, 0, 3, 0, 1, 0, 0, 2, 1, 1, 2, 0, 0, 0, 0, 1, 1, 0, 0, 0, 1, 3, 0, 0, 1, 0, 0, 1, 0, 2, 0, 1, 0, 2, 1, 0, 0, 1, 1, 3, 1, 1, 3, 3, 1, 0, 0, 2, 0, 0, 0, 0, 1, 0, 0, 0, 1, 1, 0, 2, 0, 0, 1, 0, 0, 0, 1, 0],791.2154863586619,57999.640537684565,91751.15705718662,true
19,G4_BALANCED,G4_BALANCED,[31, 22, 82, 15, 26, 58, 95, 42, 77, 12, 47, 5, 93, 78, 86, 54, 85, 63, 18, 72, 20, 35, 43, 97, 91, 76, 10, 30, 21, 45, 71, 64, 1, 23, 17, 83, 24, 14, 60, 36, 6, 57, 40, 88, 65, 56, 79, 94, 67, 41, 68, 75, 38, 9, 61, 32, 81, 46, 27, 87, 28, 90, 99, 59, 11, 44, 16, 73, 70, 39, 37, 84, 3, 92, 25, 34, 62, 29, 51, 7, 33, 19, 98, 48, 89, 50, 8, 96, 53, 80, 4, 66, 55, 2, 52, 13, 0, 69, 74, 49]|[1, 1, 0, 1, 1, 0, 1, 2, 2, 1, 2, 2, 2, 1, 1, 0, 0, 1, 0, 2, 2, 0, 1, 2, 2, 1, 2, 2, 0, 0, 1, 2, 2, 2, 1, 0, 2, 0, 1, 1, 0, 1, 1, 1, 0, 2, 1, 1, 0, 0, 0, 0, 1, 1, 1, 1, 2, 0, 0, 2, 0, 1, 0, 1, 2, 2, 1, 1, 1, 1, 1, 1, 1, 0, 1, 2, 0, 0, 0, 1, 2, 1, 2, 0, 1, 0, 1, 2, 0, 0, 1, 2, 2, 0, 1, 0, 0, 1, 2, 0]|[4, 3, 2, 2, 4, 1, 2, 2, 2, 4, 1, 1, 2, 4, 4, 1, 2, 4, 2, 1, 1, 1, 1, 2, 1, 2, 1, 1, 1, 1, 3, 2, 1, 2, 4, 0, 1, 1, 0, 3, 2, 2, 2, 0, 1, 1, 0, 4, 0, 1, 1, 2, 1, 4, 3, 3, 2, 2, 1, 1, 2, 3, 1, 1, 1, 1, 3, 4, 3, 1, 4, 1, 1, 0, 4, 1, 2, 1, 1, 1, 1, 3, 1, 1, 1, 1, 3, 1, 2, 1, 4, 1, 1, 2, 1, 2, 2, 4, 1, 1]|[0, 2, 1, 1, 3, 0, 1, 0, 0, 0, 0, 0, 1, 0, 1, 0, 0, 3, 1, 0, 0, 0, 3, 1, 0, 2, 0, 0, 0, 1, 0, 0, 0, 0, 3, 0, 1, 0, 0, 2, 1, 1, 1, 0, 0, 0, 0, 2, 1, 0, 0, 0, 1, 3, 0, 0, 1, 0, 0, 0, 1, 2, 0, 1, 0, 0, 2, 0, 0, 1, 1, 3, 1, 1, 3, 0, 1, 0, 0, 2, 0, 0, 0, 0, 1, 0, 2, 0, 1, 0, 0, 0, 0, 0, 1, 0, 0, 2, 0, 1],765.1111247913757,55901.77289778841,95727.39763465595,false
19,G2_TEC,G2_TEC,[31, 22, 82, 15, 26, 9, 95, 42, 77, 68, 47, 5, 93, 78, 86, 54, 85, 63, 18, 44, 20, 49, 36, 14, 74, 50, 53, 25, 21, 28, 71, 64, 3, 23, 30, 83, 24, 41, 40, 52, 65, 27, 90, 70, 39, 87, 48, 69, 99, 4, 46, 1, 13, 58, 97, 59, 45, 8, 73, 37, 35, 79, 11, 66, 76, 32, 60, 80, 96, 6, 16, 61, 19, 7, 57, 34, 12, 67, 10, 98, 56, 88, 29, 75, 91, 38, 33, 92, 43, 84, 51, 72, 81, 17, 2, 55, 0, 62, 94, 89]|[2, 1, 2, 1, 1, 2, 1, 1, 1, 1, 1, 0, 2, 2, 1, 2, 0, 0, 0, 2, 2, 1, 0, 2, 0, 2, 2, 1, 0, 1, 1, 1, 0, 0, 1, 0, 2, 1, 2, 2, 0, 0, 1, 1, 0, 2, 0, 2, 1, 0, 0, 2, 0, 0, 2, 0, 1, 1, 0, 0, 2, 1, 0, 2, 2, 0, 2, 2, 0, 1, 2, 1, 1, 2, 0, 1, 1, 1, 1, 2, 2, 1, 1, 0, 1, 0, 1, 0, 1, 0, 1, 1, 1, 1, 2, 0, 0, 1, 2, 1]|[0, 3, 0, 3, 4, 1, 4, 4, 2, 4, 3, 2, 1, 0, 2, 1, 1, 1, 2, 1, 1, 3, 0, 1, 0, 1, 1, 4, 1, 4, 3, 2, 2, 0, 4, 1, 1, 4, 0, 1, 2, 1, 4, 4, 1, 1, 0, 2, 3, 1, 2, 1, 2, 1, 1, 2, 4, 3, 0, 2, 2, 3, 1, 0, 1, 2, 0, 1, 2, 4, 1, 3, 4, 1, 2, 4, 3, 3, 3, 1, 1, 4, 3, 2, 3, 2, 4, 2, 4, 2, 3, 4, 4, 4, 1, 2, 2, 3, 1, 4]|[0, 2, 0, 0, 3, 0, 1, 3, 0, 0, 2, 0, 1, 0, 1, 0, 0, 0, 1, 0, 0, 2, 0, 0, 1, 0, 0, 3, 0, 1, 0, 2, 0, 0, 3, 0, 1, 3, 0, 0, 0, 0, 1, 3, 0, 0, 1, 0, 2, 0, 0, 0, 0, 0, 1, 0, 1, 0, 1, 1, 0, 2, 0, 0, 0, 0, 0, 0, 0, 2, 0, 0, 1, 0, 0, 1, 0, 0, 3, 0, 0, 1, 0, 0, 0, 0, 1, 0, 2, 0, 0, 2, 1, 3, 0, 0, 0, 0, 0, 1],890.9074744783937,50760.14574298861,113587.74359615259,false
19,G3_TWC,G1_CMAX,[31, 22, 82, 15, 26, 9, 42, 95, 77, 12, 47, 5, 93, 78, 86, 54, 85, 63, 18, 44, 20, 35, 43, 97, 91, 76, 10, 30, 21, 45, 71, 64, 1, 23, 17, 83, 24, 14, 60, 36, 6, 57, 94, 88, 65, 56, 79, 40, 67, 68, 46, 75, 38, 58, 19, 32, 81, 41, 27, 62, 87, 90, 99, 59, 11, 16, 72, 73, 69, 39, 37, 84, 3, 92, 25, 55, 28, 29, 51, 7, 33, 61, 98, 66, 89, 50, 8, 96, 53, 80, 4, 48, 34, 2, 52, 13, 0, 70, 49, 74]|[1, 1, 0, 1, 1, 1, 2, 1, 2, 1, 2, 2, 2, 1, 1, 0, 0, 1, 0, 2, 2, 0, 1, 2, 0, 1, 2, 2, 0, 0, 1, 2, 1, 2, 1, 0, 2, 0, 1, 1, 0, 1, 1, 1, 0, 2, 1, 1, 0, 0, 0, 0, 1, 1, 2, 1, 2, 0, 0, 0, 2, 1, 0, 1, 2, 1, 2, 1, 1, 1, 1, 1, 1, 0, 1, 2, 0, 0, 0, 1, 2, 1, 0, 2, 1, 0, 1, 0, 0, 0, 0, 0, 2, 0, 1, 0, 0, 1, 0, 2]|[4, 3, 2, 2, 0, 0, 2, 2, 2, 4, 1, 1, 2, 4, 4, 1, 2, 4, 2, 1, 1, 1, 1, 2, 1, 2, 1, 1, 1, 1, 3, 2, 3, 0, 4, 0, 1, 1, 0, 3, 2, 2, 2, 0, 1, 1, 0, 4, 0, 1, 2, 2, 1, 4, 0, 3, 2, 1, 1, 2, 1, 3, 1, 1, 1, 3, 0, 4, 3, 1, 4, 1, 1, 0, 4, 1, 2, 1, 1, 3, 1, 3, 1, 1, 1, 1, 3, 1, 2, 1, 2, 1, 1, 2, 1, 2, 2, 3, 1, 1]|[0, 2, 1, 1, 3, 3, 0, 1, 0, 0, 0, 0, 1, 0, 1, 0, 0, 3, 1, 0, 0, 0, 3, 1, 0, 2, 0, 0, 0, 1, 0, 0, 0, 0, 3, 0, 1, 0, 0, 2, 1, 1, 1, 0, 0, 0, 0, 2, 1, 0, 0, 0, 1, 3, 0, 0, 1, 0, 0, 1, 0, 2, 0, 1, 0, 2, 1, 0, 0, 1, 1, 3, 1, 1, 3, 0, 1, 0, 0, 2, 0, 0, 0, 0, 1, 0, 2, 0, 1, 0, 1, 0, 0, 0, 1, 0, 0, 0, 1, 0],801.427594812029,57868.49349465401,91455.85780813712,true
19,G1_CMAX,G1_CMAX,[31, 22, 82, 15, 26, 9, 42, 77, 12, 5, 47, 93, 78, 86, 54, 6, 63, 18, 44, 20, 35, 43, 97, 91, 76, 10, 30, 21, 45, 17, 23, 1, 71, 83, 24, 14, 60, 36, 85, 57, 40, 95, 88, 65, 56, 79, 94, 67, 68, 46, 75, 38, 58, 19, 32, 81, 41, 62, 87, 28, 90, 59, 11, 16, 72, 73, 69, 52, 37, 64, 84, 3, 25, 29, 55, 51, 7, 98, 61, 66, 99, 33, 89, 48, 50, 96, 53, 80, 4, 8, 27, 2, 39, 13, 0, 92, 49, 74, 34, 70]|[1, 1, 0, 1, 1, 1, 2, 2, 1, 2, 2, 1, 1, 1, 0, 0, 1, 0, 2, 2, 0, 1, 2, 2, 1, 2, 2, 0, 0, 1, 2, 1, 1, 0, 2, 0, 1, 1, 0, 1, 1, 1, 1, 0, 2, 1, 1, 0, 0, 0, 0, 1, 1, 2, 1, 2, 0, 0, 2, 0, 1, 2, 2, 1, 2, 1, 1, 1, 1, 1, 1, 2, 1, 0, 2, 0, 1, 2, 1, 0, 0, 2, 1, 0, 0, 2, 0, 0, 1, 1, 0, 0, 1, 0, 0, 0, 0, 2, 2, 1]|[0, 3, 1, 2, 0, 0, 1, 1, 4, 1, 1, 4, 4, 4, 2, 2, 4, 2, 1, 1, 1, 1, 2, 1, 2, 1, 1, 1, 1, 4, 0, 3, 3, 0, 1, 1, 0, 3, 2, 2, 2, 2, 0, 1, 1, 0, 4, 0, 1, 2, 2, 1, 4, 0, 3, 2, 1, 2, 1, 2, 3, 1, 1, 3, 0, 4, 4, 1, 4, 3, 1, 2, 4, 1, 1, 1, 1, 1, 3, 1, 1, 1, 1, 1, 1, 1, 2, 1, 4, 3, 2, 2, 1, 2, 2, 0, 1, 1, 1, 4]|[1, 1, 1, 1, 3, 3, 0, 0, 0, 0, 0, 2, 0, 1, 0, 0, 3, 1, 0, 0, 0, 3, 1, 0, 2, 0, 0, 0, 1, 3, 0, 0, 0, 0, 1, 0, 0, 2, 1, 1, 1, 1, 0, 0, 0, 0, 2, 1, 0, 0, 0, 1, 3, 0, 0, 1, 0, 1, 0, 1, 2, 0, 0, 2, 1, 0, 2, 1, 1, 0, 3, 1, 3, 0, 0, 0, 2, 0, 0, 0, 0, 0, 1, 0, 0, 0, 1, 0, 0, 2, 1, 0, 1, 0, 0, 1, 1, 0, 0, 2],733.3116759547878,58140.55643565909,96674.14109675489,false
19,G4_BALANCED,G1_CMAX,[31, 22, 82, 15, 26, 58, 95, 42, 77, 12, 47, 5, 93, 78, 86, 54, 85, 63, 18, 44, 20, 35, 43, 97, 91, 76, 10, 30, 21, 45, 71, 64, 1, 23, 17, 83, 24, 14, 60, 36, 6, 57, 40, 88, 65, 56, 79, 94, 67, 68, 46, 75, 38, 9, 19, 32, 81, 41, 27, 62, 87, 90, 99, 59, 11, 16, 72, 73, 70, 39, 37, 84, 3, 92, 25, 34, 28, 29, 51, 7, 66, 61, 98, 48, 89, 50, 4, 96, 53, 80, 8, 33, 55, 2, 52, 13, 0, 69, 74, 49]|[1, 1, 0, 1, 1, 0, 1, 2, 2, 1, 2, 2, 2, 1, 1, 0, 0, 1, 0, 2, 2, 0, 1, 2, 0, 1, 2, 2, 0, 0, 1, 2, 1, 2, 1, 0, 2, 0, 1, 1, 0, 1, 1, 1, 0, 2, 1, 1, 0, 0, 0, 0, 1, 1, 2, 1, 2, 0, 0, 0, 2, 1, 0, 1, 2, 1, 2, 1, 1, 1, 1, 1, 1, 0, 1, 2, 0, 0, 0, 1, 2, 1, 2, 0, 1, 0, 1, 2, 0, 0, 1, 2, 2, 0, 1, 0, 0, 1, 2, 0]|[4, 3, 2, 2, 4, 1, 2, 2, 2, 4, 1, 1, 2, 4, 4, 1, 2, 4, 2, 1, 1, 1, 1, 2, 1, 2, 1, 1, 1, 1, 3, 2, 3, 1, 4, 0, 1, 1, 0, 3, 2, 2, 2, 0, 1, 1, 0, 4, 0, 1, 2, 2, 1, 4, 0, 3, 2, 1, 1, 2, 1, 3, 1, 1, 1, 3, 0, 4, 3, 1, 4, 1, 1, 0, 4, 1, 2, 1, 1, 3, 1, 3, 1, 1, 1, 1, 4, 1, 2, 1, 3, 1, 1, 2, 1, 2, 2, 4, 1, 1]|[0, 2, 1, 1, 3, 0, 1, 0, 0, 0, 0, 0, 1, 0, 1, 0, 0, 3, 1, 0, 0, 0, 3, 1, 0, 2, 0, 0, 0, 1, 0, 0, 0, 0, 3, 0, 1, 0, 0, 2, 1, 1, 1, 0, 0, 0, 0, 2, 1, 0, 0, 0, 1, 3, 0, 0, 1, 0, 0, 1, 0, 2, 0, 1, 0, 2, 1, 0, 0, 1, 1, 3, 1, 1, 3, 0, 1, 0, 0, 2, 0, 0, 0, 0, 1, 0, 0, 0, 1, 0, 2, 0, 0, 0, 1, 0, 0, 2, 0, 1],748.9199420531638,56597.6615352276,94631.15502235336,true
19,G2_TEC,G2_TEC,[31, 22, 82, 15, 26, 9, 95, 42, 77, 68, 47, 5, 93, 78, 86, 54, 85, 63, 18, 44, 20, 49, 36, 14, 74, 50, 53, 25, 21, 28, 71, 64, 3, 23, 30, 83, 24, 41, 40, 52, 65, 27, 90, 70, 39, 87, 48, 69, 99, 4, 46, 1, 13, 58, 97, 59, 45, 8, 73, 37, 35, 79, 11, 66, 76, 32, 60, 80, 96, 6, 16, 61, 19, 7, 57, 34, 12, 67, 10, 98, 56, 88, 29, 75, 91, 38, 33, 92, 43, 84, 51, 72, 81, 17, 2, 55, 0, 62, 94, 89]|[2, 1, 2, 1, 1, 2, 1, 1, 1, 1, 1, 0, 2, 2, 1, 2, 0, 0, 0, 2, 2, 1, 0, 2, 0, 2, 2, 1, 0, 1, 1, 1, 0, 0, 1, 0, 2, 1, 2, 2, 0, 0, 1, 1, 0, 2, 0, 2, 1, 0, 0, 2, 0, 0, 2, 0, 1, 1, 0, 0, 2, 1, 0, 2, 2, 0, 2, 2, 0, 1, 2, 1, 1, 2, 0, 1, 1, 1, 1, 2, 2, 1, 1, 0, 1, 0, 1, 0, 1, 0, 1, 1, 1, 1, 2, 0, 0, 1, 2, 1]|[0, 3, 0, 3, 4, 1, 4, 4, 2, 4, 3, 2, 1, 0, 2, 1, 1, 1, 2, 1, 1, 3, 0, 1, 0, 1, 1, 4, 1, 4, 3, 2, 2, 0, 4, 1, 1, 4, 0, 1, 2, 1, 4, 4, 1, 1, 0, 2, 3, 1, 2, 1, 2, 1, 1, 2, 4, 3, 0, 2, 2, 3, 1, 0, 1, 2, 0, 1, 2, 4, 1, 3, 4, 1, 2, 4, 3, 3, 3, 1, 1, 4, 3, 2, 3, 2, 4, 2, 4, 2, 3, 4, 4, 4, 1, 2, 2, 3, 1, 4]|[0, 2, 0, 0, 3, 0, 1, 3, 0, 0, 2, 0, 1, 0, 1, 0, 0, 0, 1, 0, 0, 2, 0, 0, 1, 0, 0, 3, 0, 1, 0, 2, 0, 0, 3, 0, 1, 3, 0, 0, 0, 0, 1, 3, 0, 0, 1, 0, 2, 0, 0, 0, 0, 0, 1, 0, 1, 0, 1, 1, 0, 2, 0, 0, 0, 0, 0, 0, 0, 2, 0, 0, 1, 0, 0, 1, 0, 0, 3, 0, 0, 1, 0, 0, 0, 0, 1, 0, 2, 0, 0, 2, 1, 3, 0, 0, 0, 0, 0, 1],890.9074744783937,50760.14574298861,113587.74359615259,false
19,G3_TWC,G1_CMAX,[31, 22, 82, 15, 26, 9, 42, 95, 77, 12, 47, 5, 93, 78, 86, 54, 85, 63, 18, 44, 20, 35, 43, 97, 91, 76, 10, 30, 21, 45, 71, 64, 1, 23, 17, 83, 24, 14, 60, 36, 6, 57, 94, 88, 65, 56, 79, 40, 67, 68, 46, 75, 38, 58, 19, 32, 81, 41, 27, 62, 87, 90, 99, 59, 11, 16, 72, 73, 69, 39, 37, 84, 3, 92, 25, 55, 28, 29, 51, 7, 33, 61, 98, 66, 89, 50, 8, 96, 53, 80, 4, 48, 34, 2, 52, 13, 0, 70, 49, 74]|[1, 1, 0, 1, 1, 1, 2, 1, 2, 1, 2, 2, 2, 1, 1, 0, 0, 1, 0, 2, 2, 0, 1, 2, 0, 1, 2, 2, 0, 0, 1, 2, 1, 2, 1, 0, 2, 0, 1, 1, 0, 1, 1, 1, 0, 2, 1, 1, 0, 0, 0, 0, 1, 1, 2, 1, 2, 0, 0, 0, 2, 1, 0, 1, 2, 1, 2, 1, 1, 1, 1, 1, 1, 0, 1, 2, 0, 0, 0, 1, 2, 1, 0, 2, 1, 0, 1, 0, 0, 0, 0, 0, 2, 0, 1, 0, 0, 1, 0, 2]|[4, 3, 2, 2, 0, 0, 2, 2, 2, 4, 1, 1, 2, 4, 4, 1, 2, 4, 2, 1, 1, 1, 1, 2, 1, 2, 1, 1, 1, 1, 3, 2, 3, 0, 4, 0, 1, 1, 0, 3, 2, 2, 2, 0, 1, 1, 0, 4, 0, 1, 2, 2, 1, 4, 0, 3, 2, 1, 1, 2, 1, 3, 1, 1, 1, 3, 0, 4, 3, 1, 4, 1, 1, 0, 4, 1, 2, 1, 1, 3, 1, 3, 1, 1, 1, 1, 3, 1, 2, 1, 2, 1, 1, 2, 1, 2, 2, 3, 1, 1]|[0, 2, 1, 1, 3, 3, 0, 1, 0, 0, 0, 0, 1, 0, 1, 0, 0, 3, 1, 0, 0, 0, 3, 1, 0, 2, 0, 0, 0, 1, 0, 0, 0, 0, 3, 0, 1, 0, 0, 2, 1, 1, 1, 0, 0, 0, 0, 2, 1, 0, 0, 0, 1, 3, 0, 0, 1, 0, 0, 1, 0, 2, 0, 1, 0, 2, 1, 0, 0, 1, 1, 3, 1, 1, 3, 0, 1, 0, 0, 2, 0, 0, 0, 0, 1, 0, 2, 0, 1, 0, 1, 0, 0, 0, 1, 0, 0, 0, 1, 0],801.427594812029,57868.49349465401,91455.85780813712,true
19,G1_CMAX,G1_CMAX,[31, 22, 82, 15, 26, 9, 42, 77, 12, 5, 47, 93, 78, 86, 54, 6, 63, 18, 44, 20, 35, 43, 97, 91, 76, 10, 30, 21, 45, 17, 23, 1, 71, 83, 24, 14, 60, 36, 85, 57, 40, 95, 88, 65, 56, 79, 94, 67, 68, 46, 75, 38, 58, 19, 32, 81, 41, 62, 87, 28, 90, 59, 11, 16, 72, 73, 69, 52, 37, 64, 84, 3, 25, 29, 55, 51, 7, 98, 61, 66, 99, 33, 89, 48, 50, 96, 53, 80, 4, 8, 27, 2, 39, 13, 0, 92, 49, 74, 34, 70]|[1, 1, 0, 1, 1, 1, 2, 2, 1, 2, 2, 1, 1, 1, 0, 0, 1, 0, 2, 2, 0, 1, 2, 2, 1, 2, 2, 0, 0, 1, 2, 1, 1, 0, 2, 0, 1, 1, 0, 1, 1, 1, 1, 0, 2, 1, 1, 0, 0, 0, 0, 1, 1, 2, 1, 2, 0, 0, 2, 0, 1, 2, 2, 1, 2, 1, 1, 1, 1, 1, 1, 2, 1, 0, 2, 0, 1, 2, 1, 0, 0, 2, 1, 0, 0, 2, 0, 0, 1, 1, 0, 0, 1, 0, 0, 0, 0, 2, 2, 1]|[0, 3, 1, 2, 0, 0, 1, 1, 4, 1, 1, 4, 4, 4, 2, 2, 4, 2, 1, 1, 1, 1, 2, 1, 2, 1, 1, 1, 1, 4, 0, 3, 3, 0, 1, 1, 0, 3, 2, 2, 2, 2, 0, 1, 1, 0, 4, 0, 1, 2, 2, 1, 4, 0, 3, 2, 1, 2, 1, 2, 3, 1, 1, 3, 0, 4, 4, 1, 4, 3, 1, 2, 4, 1, 1, 1, 1, 1, 3, 1, 1, 1, 1, 1, 1, 1, 2, 1, 4, 3, 2, 2, 1, 2, 2, 0, 1, 1, 1, 4]|[1, 1, 1, 1, 3, 3, 0, 0, 0, 0, 0, 2, 0, 1, 0, 0, 3, 1, 0, 0, 0, 3, 1, 0, 2, 0, 0, 0, 1, 3, 0, 0, 0, 0, 1, 0, 0, 2, 1, 1, 1, 1, 0, 0, 0, 0, 2, 1, 0, 0, 0, 1, 3, 0, 0, 1, 0, 1, 0, 1, 2, 0, 0, 2, 1, 0, 2, 1, 1, 0, 3, 1, 3, 0, 0, 0, 2, 0, 0, 0, 0, 0, 1, 0, 0, 0, 1, 0, 0, 2, 1, 0, 1, 0, 0, 1, 1, 0, 0, 2],733.3116759547878,58140.55643565909,96674.14109675489,false
19,G4_BALANCED,G1_CMAX,[31, 22, 82, 15, 26, 58, 95, 42, 77, 12, 47, 5, 93, 78, 86, 54, 85, 63, 18, 44, 20, 35, 43, 97, 91, 76, 10, 30, 21, 45, 71, 64, 1, 23, 17, 83, 24, 14, 60, 36, 6, 57, 40, 88, 65, 56, 79, 94, 67, 68, 46, 75, 38, 9, 19, 32, 81, 41, 27, 62, 87, 90, 99, 59, 11, 16, 72, 73, 70, 39, 37, 84, 3, 92, 25, 34, 28, 29, 51, 7, 66, 61, 98, 48, 89, 50, 4, 96, 53, 80, 8, 33, 55, 2, 52, 13, 0, 69, 74, 49]|[1, 1, 0, 1, 1, 0, 1, 2, 2, 1, 2, 2, 2, 1, 1, 0, 0, 1, 0, 2, 2, 0, 1, 2, 0, 1, 2, 2, 0, 0, 1, 2, 1, 2, 1, 0, 2, 0, 1, 1, 0, 1, 1, 1, 0, 2, 1, 1, 0, 0, 0, 0, 1, 1, 2, 1, 2, 0, 0, 0, 2, 1, 0, 1, 2, 1, 2, 1, 1, 1, 1, 1, 1, 0, 1, 2, 0, 0, 0, 1, 2, 1, 2, 0, 1, 0, 1, 2, 0, 0, 1, 2, 2, 0, 1, 0, 0, 1, 2, 0]|[4, 3, 2, 2, 4, 1, 2, 2, 2, 4, 1, 1, 2, 4, 4, 1, 2, 4, 2, 1, 1, 1, 1, 2, 1, 2, 1, 1, 1, 1, 3, 2, 3, 1, 4, 0, 1, 1, 0, 3, 2, 2, 2, 0, 1, 1, 0, 4, 0, 1, 2, 2, 1, 4, 0, 3, 2, 1, 1, 2, 1, 3, 1, 1, 1, 3, 0, 4, 3, 1, 4, 1, 1, 0, 4, 1, 2, 1, 1, 3, 1, 3, 1, 1, 1, 1, 4, 1, 2, 1, 3, 1, 1, 2, 1, 2, 2, 4, 1, 1]|[0, 2, 1, 1, 3, 0, 1, 0, 0, 0, 0, 0, 1, 0, 1, 0, 0, 3, 1, 0, 0, 0, 3, 1, 0, 2, 0, 0, 0, 1, 0, 0, 0, 0, 3, 0, 1, 0, 0, 2, 1, 1, 1, 0, 0, 0, 0, 2, 1, 0, 0, 0, 1, 3, 0, 0, 1, 0, 0, 1, 0, 2, 0, 1, 0, 2, 1, 0, 0, 1, 1, 3, 1, 1, 3, 0, 1, 0, 0, 2, 0, 0, 0, 0, 1, 0, 0, 0, 1, 0, 2, 0, 0, 0, 1, 0, 0, 2, 0, 1],748.9199420531638,56597.6615352276,94631.15502235336,true
19,G2_TEC,G2_TEC,[31, 22, 82, 15, 26, 9, 95, 42, 77, 68, 47, 5, 93, 78, 86, 54, 85, 63, 18, 44, 20, 49, 36, 14, 74, 50, 53, 25, 21, 28, 71, 64, 3, 23, 30, 83, 24, 41, 40, 52, 65, 27, 90, 70, 39, 87, 48, 69, 99, 4, 46, 1, 13, 58, 97, 59, 45, 8, 73, 37, 35, 79, 11, 66, 76, 32, 60, 80, 96, 6, 16, 61, 19, 7, 57, 34, 12, 67, 10, 98, 56, 88, 29, 75, 91, 38, 33, 92, 43, 84, 51, 72, 81, 17, 2, 55, 0, 62, 94, 89]|[2, 1, 2, 1, 1, 2, 1, 1, 1, 1, 1, 0, 2, 2, 1, 2, 0, 0, 0, 2, 2, 1, 0, 2, 0, 2, 2, 1, 0, 1, 1, 1, 0, 0, 1, 0, 2, 1, 2, 2, 0, 0, 1, 1, 0, 2, 0, 2, 1, 0, 0, 2, 0, 0, 2, 0, 1, 1, 0, 0, 2, 1, 0, 2, 2, 0, 2, 2, 0, 1, 2, 1, 1, 2, 0, 1, 1, 1, 1, 2, 2, 1, 1, 0, 1, 0, 1, 0, 1, 0, 1, 1, 1, 1, 2, 0, 0, 1, 2, 1]|[0, 3, 0, 3, 4, 1, 4, 4, 2, 4, 3, 2, 1, 0, 2, 1, 1, 1, 2, 1, 1, 3, 0, 1, 0, 1, 1, 4, 1, 4, 3, 2, 2, 0, 4, 1, 1, 4, 0, 1, 2, 1, 4, 4, 1, 1, 0, 2, 3, 1, 2, 1, 2, 1, 1, 2, 4, 3, 0, 2, 2, 3, 1, 0, 1, 2, 0, 1, 2, 4, 1, 3, 4, 1, 2, 4, 3, 3, 3, 1, 1, 4, 3, 2, 3, 2, 4, 2, 4, 2, 3, 4, 4, 4, 1, 2, 2, 3, 1, 4]|[0, 2, 0, 0, 3, 0, 1, 3, 0, 0, 2, 0, 1, 0, 1, 0, 0, 0, 1, 0, 0, 2, 0, 0, 1, 0, 0, 3, 0, 1, 0, 2, 0, 0, 3, 0, 1, 3, 0, 0, 0, 0, 1, 3, 0, 0, 1, 0, 2, 0, 0, 0, 0, 0, 1, 0, 1, 0, 1, 1, 0, 2, 0, 0, 0, 0, 0, 0, 0, 2, 0, 0, 1, 0, 0, 1, 0, 0, 3, 0, 0, 1, 0, 0, 0, 0, 1, 0, 2, 0, 0, 2, 1, 3, 0, 0, 0, 0, 0, 1],890.9074744783937,50760.14574298861,113587.74359615259,false
19,G3_TWC,G1_CMAX,[31, 22, 82, 15, 26, 9, 42, 95, 77, 12, 47, 5, 93, 78, 86, 54, 85, 63, 18, 44, 20, 35, 43, 97, 91, 76, 10, 30, 21, 45, 71, 64, 1, 23, 17, 83, 24, 14, 60, 36, 6, 57, 94, 88, 65, 56, 79, 40, 67, 68, 46, 75, 38, 58, 19, 32, 81, 41, 27, 62, 87, 90, 99, 59, 11, 16, 72, 73, 69, 39, 37, 84, 3, 92, 25, 55, 28, 29, 51, 7, 33, 61, 98, 66, 89, 50, 8, 96, 53, 80, 4, 48, 34, 2, 52, 13, 0, 70, 49, 74]|[1, 1, 0, 1, 1, 1, 2, 1, 2, 1, 2, 2, 2, 1, 1, 0, 0, 1, 0, 2, 2, 0, 1, 2, 0, 1, 2, 2, 0, 0, 1, 2, 1, 2, 1, 0, 2, 0, 1, 1, 0, 1, 1, 1, 0, 2, 1, 1, 0, 0, 0, 0, 1, 1, 2, 1, 2, 0, 0, 0, 2, 1, 0, 1, 2, 1, 2, 1, 1, 1, 1, 1, 1, 0, 1, 2, 0, 0, 0, 1, 2, 1, 0, 2, 1, 0, 1, 0, 0, 0, 0, 0, 2, 0, 1, 0, 0, 1, 0, 2]|[4, 3, 2, 2, 0, 0, 2, 2, 2, 4, 1, 1, 2, 4, 4, 1, 2, 4, 2, 1, 1, 1, 1, 2, 1, 2, 1, 1, 1, 1, 3, 2, 3, 0, 4, 0, 1, 1, 0, 3, 2, 2, 2, 0, 1, 1, 0, 4, 0, 1, 2, 2, 1, 4, 0, 3, 2, 1, 1, 2, 1, 3, 1, 1, 1, 3, 0, 4, 3, 1, 4, 1, 1, 0, 4, 1, 2, 1, 1, 3, 1, 3, 1, 1, 1, 1, 3, 1, 2, 1, 2, 1, 1, 2, 1, 2, 2, 3, 1, 1]|[0, 2, 1, 1, 3, 3, 0, 1, 0, 0, 0, 0, 1, 0, 1, 0, 0, 3, 1, 0, 0, 0, 3, 1, 0, 2, 0, 0, 0, 1, 0, 0, 0, 0, 3, 0, 1, 0, 0, 2, 1, 1, 1, 0, 0, 0, 0, 2, 1, 0, 0, 0, 1, 3, 0, 0, 1, 0, 0, 1, 0, 2, 0, 1, 0, 2, 1, 0, 0, 1, 1, 3, 1, 1, 3, 0, 1, 0, 0, 2, 0, 0, 0, 0, 1, 0, 2, 0, 1, 0, 1, 0, 0, 0, 1, 0, 0, 0, 1, 0],801.427594812029,57868.49349465401,91455.85780813712,true
19,G1_CMAX,G4_BALANCED,[31, 22, 82, 15, 26, 58, 95, 42, 77, 12, 47, 5, 93, 78, 86, 54, 85, 63, 18, 72, 20, 35, 43, 97, 91, 76, 10, 30, 21, 45, 71, 64, 1, 23, 17, 83, 24, 14, 60, 36, 6, 57, 40, 88, 65, 56, 79, 94, 67, 41, 68, 75, 38, 9, 19, 32, 81, 55, 27, 62, 87, 90, 99, 59, 11, 16, 44, 73, 70, 39, 37, 84, 3, 92, 25, 46, 29, 28, 51, 7, 33, 61, 48, 98, 89, 8, 50, 96, 53, 80, 74, 66, 34, 2, 52, 13, 0, 49, 4, 69]|[1, 1, 0, 1, 1, 0, 1, 2, 2, 1, 2, 2, 2, 1, 1, 0, 0, 1, 0, 2, 2, 0, 1, 2, 0, 1, 2, 2, 0, 0, 1, 2, 1, 2, 1, 0, 2, 0, 1, 1, 0, 1, 1, 1, 0, 2, 1, 1, 0, 0, 0, 0, 1, 1, 2, 1, 2, 0, 0, 0, 2, 1, 0, 1, 2, 1, 2, 1, 1, 1, 1, 1, 1, 0, 1, 0, 0, 2, 0, 1, 2, 1, 0, 2, 1, 1, 0, 2, 0, 0, 2, 2, 2, 0, 1, 0, 0, 0, 1, 1]|[4, 3, 2, 2, 4, 1, 2, 2, 2, 4, 1, 1, 2, 4, 4, 1, 2, 4, 2, 1, 1, 1, 1, 2, 1, 2, 1, 1, 1, 1, 3, 2, 3, 1, 4, 0, 1, 1, 0, 3, 1, 2, 2, 0, 1, 1, 0, 4, 0, 1, 2, 2, 1, 4, 0, 3, 2, 1, 1, 2, 1, 3, 1, 1, 1, 3, 1, 4, 3, 1, 4, 1, 1, 0, 4, 2, 1, 1, 1, 1, 1, 3, 1, 1, 1, 3, 1, 1, 2, 1, 1, 1, 1, 2, 1, 2, 2, 1, 4, 4]|[0, 2, 1, 1, 3, 0, 1, 0, 0, 0, 0, 0, 1, 0, 1, 0, 0, 3, 1, 0, 0, 0, 3, 1, 0, 2, 0, 0, 0, 1, 0, 0, 0, 0, 3, 0, 1, 0, 0, 2, 0, 1, 1, 0, 0, 0, 0, 2, 1, 0, 0, 0, 1, 3, 0, 0, 1, 0, 0, 1, 0, 2, 0, 1, 0, 2, 0, 0, 0, 1, 1, 3, 1, 1, 3, 0, 0, 0, 0, 2, 0, 0, 0, 0, 1, 2, 0, 0, 1, 0, 0, 0, 0, 0, 1, 0, 0, 1, 0, 2],803.0384401484392,55492.80448051974,99537.6033374473,true
19,G4_BALANCED,G4_BALANCED,[31, 11, 82, 15, 26, 9, 95, 42, 77, 68, 47, 5, 93, 78, 86, 54, 85, 63, 18, 44, 20, 49, 36, 14, 74, 50, 53, 17, 21, 45, 71, 64, 3, 23, 30, 83, 24, 41, 60, 52, 65, 27, 90, 70, 39, 87, 48, 69, 99, 4, 46, 1, 13, 58, 97, 59, 28, 75, 73, 37, 35, 79, 22, 66, 76, 32, 40, 80, 96, 6, 61, 16, 33, 7, 57, 34, 12, 67, 10, 98, 56, 88, 29, 25, 91, 38, 19, 92, 43, 84, 51, 72, 81, 8, 2, 55, 0, 62, 89, 94]|[2, 1, 2, 1, 1, 2, 1, 1, 1, 1, 1, 0, 2, 2, 1, 2, 0, 0, 0, 2, 2, 1, 0, 2, 0, 2, 2, 1, 0, 1, 1, 1, 0, 0, 1, 0, 2, 1, 2, 2, 0, 0, 1, 1, 0, 2, 0, 2, 1, 0, 0, 2, 0, 0, 2, 0, 1, 1, 0, 0, 2, 1, 0, 2, 2, 0, 2, 2, 0, 1, 1, 2, 1, 2, 0, 1, 1, 1, 1, 2, 2, 1, 1, 1, 1, 0, 1, 0, 1, 0, 1, 1, 1, 0, 2, 0, 0, 1, 1, 2]|[0, 3, 0, 2, 4, 1, 4, 4, 2, 4, 3, 2, 1, 0, 2, 1, 1, 1, 2, 1, 1, 3, 0, 1, 0, 1, 1, 4, 1, 4, 3, 2, 2, 0, 4, 1, 1, 4, 0, 1, 2, 1, 4, 4, 1, 1, 0, 2, 3, 1, 2, 1, 2, 1, 1, 2, 4, 3, 0, 2, 2, 3, 1, 0, 1, 2, 0, 1, 2, 4, 3, 1, 4, 1, 2, 4, 3, 3, 3, 1, 1, 4, 3, 4, 3, 2, 4, 2, 4, 2, 3, 4, 1, 2, 1, 2, 2, 3, 4, 1]|[0, 2, 0, 1, 3, 0, 1, 3, 0, 0, 2, 0, 1, 0, 1, 0, 0, 0, 1, 0, 0, 2, 0, 0, 1, 0, 0, 3, 0, 1, 0, 2, 0, 1, 3, 0, 1, 3, 0, 0, 0, 0, 1, 3, 0, 0, 1, 0, 2, 0, 0, 0, 0, 0, 1, 0, 1, 0, 1, 1, 0, 2, 0, 0, 0, 0, 0, 0, 0, 2, 0, 0, 1, 0, 0, 1, 0, 0, 3, 0, 0, 1, 0, 3, 0, 0, 3, 0, 2, 0, 0, 2, 1, 0, 0, 0, 0, 0, 1, 0],855.0393744413956,51684.66824914086,111484.00316030454,false
19,G2_TEC,G2_TEC,[31, 22, 82, 15, 26, 9, 95, 42, 77, 68, 47, 5, 93, 78, 86, 54, 85, 63, 18, 44, 20, 49, 36, 14, 74, 50, 53, 25, 21, 28, 71, 64, 3, 23, 30, 83, 24, 41, 40, 52, 65, 27, 90, 70, 39, 87, 48, 69, 99, 4, 46, 1, 13, 58, 97, 59, 45, 8, 73, 37, 35, 79, 11, 66, 76, 32, 60, 80, 96, 6, 16, 61, 19, 7, 57, 34, 12, 67, 10, 98, 56, 88, 29, 75, 91, 38, 33, 92, 43, 84, 51, 72, 81, 17, 2, 55, 0, 62, 94, 89]|[2, 1, 2, 1, 1, 2, 1, 1, 1, 1, 1, 0, 2, 2, 1, 2, 0, 0, 0, 2, 2, 1, 0, 2, 0, 2, 2, 1, 0, 1, 1, 1, 0, 0, 1, 0, 2, 1, 2, 2, 0, 0, 1, 1, 0, 2, 0, 2, 1, 0, 0, 2, 0, 0, 2, 0, 1, 1, 0, 0, 2, 1, 0, 2, 2, 0, 2, 2, 0, 1, 2, 1, 1, 2, 0, 1, 1, 1, 1, 2, 2, 1, 1, 0, 1, 0, 1, 0, 1, 0, 1, 1, 1, 1, 2, 0, 0, 1, 2, 1]|[0, 3, 0, 3, 4, 1, 4, 4, 2, 4, 3, 2, 1, 0, 2, 1, 1, 1, 2, 1, 1, 3, 0, 1, 0, 1, 1, 4, 1, 4, 3, 2, 2, 0, 4, 1, 1, 4, 0, 1, 2, 1, 4, 4, 1, 1, 0, 2, 3, 1, 2, 1, 2, 1, 1, 2, 4, 3, 0, 2, 2, 3, 1, 0, 1, 2, 0, 1, 2, 4, 1, 3, 4, 1, 2, 4, 3, 3, 3, 1, 1, 4, 3, 2, 3, 2, 4, 2, 4, 2, 3, 4, 4, 4, 1, 2, 2, 3, 1, 4]|[0, 2, 0, 0, 3, 0, 1, 3, 0, 0, 2, 0, 1, 0, 1, 0, 0, 0, 1, 0, 0, 2, 0, 0, 1, 0, 0, 3, 0, 1, 0, 2, 0, 0, 3, 0, 1, 3, 0, 0, 0, 0, 1, 3, 0, 0, 1, 0, 2, 0, 0, 0, 0, 0, 1, 0, 1, 0, 1, 1, 0, 2, 0, 0, 0, 0, 0, 0, 0, 2, 0, 0, 1, 0, 0, 1, 0, 0, 3, 0, 0, 1, 0, 0, 0, 0, 1, 0, 2, 0, 0, 2, 1, 3, 0, 0, 0, 0, 0, 1],890.9074744783937,50760.14574298861,113587.74359615259,false
19,G3_TWC,G1_CMAX,[31, 22, 82, 15, 26, 9, 42, 95, 77, 12, 47, 5, 93, 78, 86, 54, 85, 63, 18, 44, 20, 35, 43, 97, 91, 76, 10, 30, 21, 45, 71, 64, 1, 23, 17, 83, 24, 14, 60, 36, 6, 57, 94, 88, 65, 56, 79, 40, 67, 68, 46, 75, 38, 58, 19, 32, 81, 41, 27, 62, 87, 90, 99, 59, 11, 16, 72, 73, 69, 39, 37, 84, 3, 92, 25, 55, 28, 29, 51, 7, 33, 61, 98, 66, 89, 50, 8, 96, 53, 80, 4, 48, 34, 2, 52, 13, 0, 70, 49, 74]|[1, 1, 0, 1, 1, 1, 2, 1, 2, 1, 2, 2, 2, 1, 1, 0, 0, 1, 0, 2, 2, 0, 1, 2, 0, 1, 2, 2, 0, 0, 1, 2, 1, 2, 1, 0, 2, 0, 1, 1, 0, 1, 1, 1, 0, 2, 1, 1, 0, 0, 0, 0, 1, 1, 2, 1, 2, 0, 0, 0, 2, 1, 0, 1, 2, 1, 2, 1, 1, 1, 1, 1, 1, 0, 1, 2, 0, 0, 0, 1, 2, 1, 0, 2, 1, 0, 1, 0, 0, 0, 0, 0, 2, 0, 1, 0, 0, 1, 0, 2]|[4, 3, 2, 2, 0, 0, 2, 2, 2, 4, 1, 1, 2, 4, 4, 1, 2, 4, 2, 1, 1, 1, 1, 2, 1, 2, 1, 1, 1, 1, 3, 2, 3, 0, 4, 0, 1, 1, 0, 3, 2, 2, 2, 0, 1, 1, 0, 4, 0, 1, 2, 2, 1, 4, 0, 3, 2, 1, 1, 2, 1, 3, 1, 1, 1, 3, 0, 4, 3, 1, 4, 1, 1, 0, 4, 1, 2, 1, 1, 3, 1, 3, 1, 1, 1, 1, 3, 1, 2, 1, 2, 1, 1, 2, 1, 2, 2, 3, 1, 1]|[0, 2, 1, 1, 3, 3, 0, 1, 0, 0, 0, 0, 1, 0, 1, 0, 0, 3, 1, 0, 0, 0, 3, 1, 0, 2, 0, 0, 0, 1, 0, 0, 0, 0, 3, 0, 1, 0, 0, 2, 1, 1, 1, 0, 0, 0, 0, 2, 1, 0, 0, 0, 1, 3, 0, 0, 1, 0, 0, 1, 0, 2, 0, 1, 0, 2, 1, 0, 0, 1, 1, 3, 1, 1, 3, 0, 1, 0, 0, 2, 0, 0, 0, 0, 1, 0, 2, 0, 1, 0, 1, 0, 0, 0, 1, 0, 0, 0, 1, 0],801.427594812029,57868.49349465401,91455.85780813712,true
19,G1_CMAX,G3_TWC,[31, 22, 82, 15, 26, 9, 95, 42, 77, 12, 47, 5, 93, 78, 86, 54, 85, 63, 18, 44, 20, 35, 43, 97, 91, 76, 10, 30, 21, 45, 71, 64, 1, 23, 17, 83, 24, 14, 60, 36, 6, 57, 40, 88, 65, 56, 79, 94, 67, 68, 46, 75, 38, 58, 19, 32, 81, 48, 27, 62, 87, 90, 99, 59, 11, 16, 72, 73, 70, 39, 37, 84, 3, 92, 25, 55, 28, 29, 51, 7, 66, 61, 98, 41, 89, 50, 33, 96, 80, 53, 34, 4, 8, 2, 52, 13, 0, 69, 74, 49]|[1, 1, 0, 1, 1, 0, 1, 2, 2, 1, 2, 2, 2, 1, 1, 0, 0, 1, 0, 2, 2, 0, 1, 2, 0, 1, 2, 2, 0, 0, 1, 2, 1, 2, 1, 0, 2, 0, 1, 1, 0, 1, 1, 1, 0, 2, 1, 1, 0, 0, 0, 0, 1, 1, 2, 1, 2, 0, 0, 0, 2, 1, 0, 1, 2, 1, 2, 1, 1, 1, 1, 1, 1, 0, 1, 1, 0, 0, 0, 1, 2, 1, 2, 0, 1, 0, 2, 0, 0, 0, 2, 0, 1, 0, 1, 0, 0, 1, 2, 0]|[4, 3, 2, 2, 4, 1, 2, 2, 2, 4, 1, 1, 2, 4, 4, 1, 2, 4, 2, 1, 1, 1, 1, 2, 1, 2, 1, 1, 1, 1, 3, 2, 3, 0, 4, 0, 1, 1, 0, 3, 2, 2, 2, 0, 1, 1, 0, 4, 0, 1, 2, 2, 1, 4, 0, 3, 2, 1, 1, 2, 1, 3, 1, 1, 1, 3, 0, 4, 3, 1, 4, 1, 1, 0, 4, 4, 2, 1, 1, 1, 1, 3, 1, 1, 1, 1, 1, 1, 1, 2, 1, 2, 3, 2, 1, 2, 2, 3, 1, 1]|[0, 2, 1, 1, 3, 0, 1, 0, 0, 0, 0, 0, 1, 0, 1, 0, 0, 3, 1, 0, 0, 0, 3, 1, 0, 2, 0, 0, 0, 1, 0, 0, 0, 0, 3, 0, 1, 0, 0, 2, 1, 1, 1, 0, 0, 0, 0, 2, 1, 0, 0, 0, 1, 3, 0, 0, 1, 0, 0, 1, 0, 2, 0, 1, 0, 2, 1, 0, 0, 1, 1, 3, 1, 1, 3, 3, 1, 0, 0, 2, 0, 0, 0, 0, 1, 0, 0, 0, 0, 1, 0, 1, 2, 0, 1, 0, 0, 0, 0, 1],813.3800678145159,57419.34963361581,92679.78830645658,true
19,G4_BALANCED,G4_BALANCED,[31, 11, 82, 15, 26, 9, 95, 42, 77, 68, 47, 5, 93, 78, 86, 54, 85, 63, 18, 44, 20, 49, 36, 14, 74, 50, 53, 17, 21, 45, 71, 64, 3, 23, 30, 83, 24, 41, 60, 52, 65, 27, 90, 70, 39, 87, 48, 69, 99, 4, 46, 1, 13, 58, 97, 59, 28, 75, 73, 37, 35, 79, 22, 66, 76, 32, 40, 80, 96, 6, 61, 16, 33, 7, 57, 34, 12, 67, 10, 98, 56, 88, 29, 25, 91, 38, 19, 92, 43, 84, 51, 72, 81, 8, 2, 55, 0, 62, 89, 94]|[2, 1, 2, 1, 1, 2, 1, 1, 1, 1, 1, 0, 2, 2, 1, 2, 0, 0, 0, 2, 2, 1, 0, 2, 0, 2, 2, 1, 0, 1, 1, 1, 0, 0, 1, 0, 2, 1, 2, 2, 0, 0, 1, 1, 0, 2, 0, 2, 1, 0, 0, 2, 0, 0, 2, 0, 1, 1, 0, 0, 2, 1, 0, 2, 2, 0, 2, 2, 0, 1, 1, 2, 1, 2, 0, 1, 1, 1, 1, 2, 2, 1, 1, 1, 1, 0, 1, 0, 1, 0, 1, 1, 1, 0, 2, 0, 0, 1, 1, 2]|[0, 3, 0, 2, 4, 1, 4, 4, 2, 4, 3, 2, 1, 0, 2, 1, 1, 1, 2, 1, 1, 3, 0, 1, 0, 1, 1, 4, 1, 4, 3, 2, 2, 0, 4, 1, 1, 4, 0, 1, 2, 1, 4, 4, 1, 1, 0, 2, 3, 1, 2, 1, 2, 1, 1, 2, 4, 3, 0, 2, 2, 3, 1, 0, 1, 2, 0, 1, 2, 4, 3, 1, 4, 1, 2, 4, 3, 3, 3, 1, 1, 4, 3, 4, 3, 2, 4, 2, 4, 2, 3, 4, 1, 2, 1, 2, 2, 3, 4, 1]|[0, 2, 0, 1, 3, 0, 1, 3, 0, 0, 2, 0, 1, 0, 1, 0, 0, 0, 1, 0, 0, 2, 0, 0, 1, 0, 0, 3, 0, 1, 0, 2, 0, 1, 3, 0, 1, 3, 0, 0, 0, 0, 1, 3, 0, 0, 1, 0, 2, 0, 0, 0, 0, 0, 1, 0, 1, 0, 1, 1, 0, 2, 0, 0, 0, 0, 0, 0, 0, 2, 0, 0, 1, 0, 0, 1, 0, 0, 3, 0, 0, 1, 0, 3, 0, 0, 3, 0, 2, 0, 0, 2, 1, 0, 0, 0, 0, 0, 1, 0],855.0393744413956,51684.66824914086,111484.00316030454,false
19,G2_TEC,G2_TEC,[31, 22, 82, 15, 26, 9, 95, 42, 77, 68, 47, 5, 93, 78, 86, 54, 85, 63, 18, 44, 20, 49, 36, 14, 74, 50, 53, 25, 21, 28, 71, 64, 3, 23, 30, 83, 24, 41, 40, 52, 65, 27, 90, 70, 39, 87, 48, 69, 99, 4, 46, 1, 13, 58, 97, 59, 45, 8, 73, 37, 35, 79, 11, 66, 76, 32, 60, 80, 96, 6, 16, 61, 19, 7, 57, 34, 12, 67, 10, 98, 56, 88, 29, 75, 91, 38, 33, 92, 43, 84, 51, 72, 81, 17, 2, 55, 0, 62, 94, 89]|[2, 1, 2, 1, 1, 2, 1, 1, 1, 1, 1, 0, 2, 2, 1, 2, 0, 0, 0, 2, 2, 1, 0, 2, 0, 2, 2, 1, 0, 1, 1, 1, 0, 0, 1, 0, 2, 1, 2, 2, 0, 0, 1, 1, 0, 2, 0, 2, 1, 0, 0, 2, 0, 0, 2, 0, 1, 1, 0, 0, 2, 1, 0, 2, 2, 0, 2, 2, 0, 1, 2, 1, 1, 2, 0, 1, 1, 1, 1, 2, 2, 1, 1, 0, 1, 0, 1, 0, 1, 0, 1, 1, 1, 1, 2, 0, 0, 1, 2, 1]|[0, 3, 0, 3, 4, 1, 4, 4, 2, 4, 3, 2, 1, 0, 2, 1, 1, 1, 2, 1, 1, 3, 0, 1, 0, 1, 1, 4, 1, 4, 3, 2, 2, 0, 4, 1, 1, 4, 0, 1, 2, 1, 4, 4, 1, 1, 0, 2, 3, 1, 2, 1, 2, 1, 1, 2, 4, 3, 0, 2, 2, 3, 1, 0, 1, 2, 0, 1, 2, 4, 1, 3, 4, 1, 2, 4, 3, 3, 3, 1, 1, 4, 3, 2, 3, 2, 4, 2, 4, 2, 3, 4, 4, 4, 1, 2, 2, 3, 1, 4]|[0, 2, 0, 0, 3, 0, 1, 3, 0, 0, 2, 0, 1, 0, 1, 0, 0, 0, 1, 0, 0, 2, 0, 0, 1, 0, 0, 3, 0, 1, 0, 2, 0, 0, 3, 0, 1, 3, 0, 0, 0, 0, 1, 3, 0, 0, 1, 0, 2, 0, 0, 0, 0, 0, 1, 0, 1, 0, 1, 1, 0, 2, 0, 0, 0, 0, 0, 0, 0, 2, 0, 0, 1, 0, 0, 1, 0, 0, 3, 0, 0, 1, 0, 0, 0, 0, 1, 0, 2, 0, 0, 2, 1, 3, 0, 0, 0, 0, 0, 1],890.9074744783937,50760.14574298861,113587.74359615259,false
19,G3_TWC,G1_CMAX,[31, 22, 82, 15, 26, 9, 42, 95, 77, 12, 47, 5, 93, 78, 86, 54, 85, 63, 18, 44, 20, 35, 43, 97, 91, 76, 10, 30, 21, 45, 71, 64, 1, 23, 17, 83, 24, 14, 60, 36, 6, 57, 94, 88, 65, 56, 79, 40, 67, 68, 46, 75, 38, 58, 19, 32, 81, 41, 27, 62, 87, 90, 99, 59, 11, 16, 72, 73, 69, 39, 37, 84, 3, 92, 25, 55, 28, 29, 51, 7, 33, 61, 98, 66, 89, 50, 8, 96, 53, 80, 4, 48, 34, 2, 52, 13, 0, 70, 49, 74]|[1, 1, 0, 1, 1, 1, 2, 1, 2, 1, 2, 2, 2, 1, 1, 0, 0, 1, 0, 2, 2, 0, 1, 2, 0, 1, 2, 2, 0, 0, 1, 2, 1, 2, 1, 0, 2, 0, 1, 1, 0, 1, 1, 1, 0, 2, 1, 1, 0, 0, 0, 0, 1, 1, 2, 1, 2, 0, 0, 0, 2, 1, 0, 1, 2, 1, 2, 1, 1, 1, 1, 1, 1, 0, 1, 2, 0, 0, 0, 1, 2, 1, 0, 2, 1, 0, 1, 0, 0, 0, 0, 0, 2, 0, 1, 0, 0, 1, 0, 2]|[4, 3, 2, 2, 0, 0, 2, 2, 2, 4, 1, 1, 2, 4, 4, 1, 2, 4, 2, 1, 1, 1, 1, 2, 1, 2, 1, 1, 1, 1, 3, 2, 3, 0, 4, 0, 1, 1, 0, 3, 2, 2, 2, 0, 1, 1, 0, 4, 0, 1, 2, 2, 1, 4, 0, 3, 2, 1, 1, 2, 1, 3, 1, 1, 1, 3, 0, 4, 3, 1, 4, 1, 1, 0, 4, 1, 2, 1, 1, 3, 1, 3, 1, 1, 1, 1, 3, 1, 2, 1, 2, 1, 1, 2, 1, 2, 2, 3, 1, 1]|[0, 2, 1, 1, 3, 3, 0, 1, 0, 0, 0, 0, 1, 0, 1, 0, 0, 3, 1, 0, 0, 0, 3, 1, 0, 2, 0, 0, 0, 1, 0, 0, 0, 0, 3, 0, 1, 0, 0, 2, 1, 1, 1, 0, 0, 0, 0, 2, 1, 0, 0, 0, 1, 3, 0, 0, 1, 0, 0, 1, 0, 2, 0, 1, 0, 2, 1, 0, 0, 1, 1, 3, 1, 1, 3, 0, 1, 0, 0, 2, 0, 0, 0, 0, 1, 0, 2, 0, 1, 0, 1, 0, 0, 0, 1, 0, 0, 0, 1, 0],801.427594812029,57868.49349465401,91455.85780813712,true
19,G1_CMAX,G3_TWC,[31, 22, 82, 15, 26, 9, 95, 42, 77, 12, 47, 5, 93, 78, 86, 54, 85, 63, 18, 44, 20, 35, 43, 97, 91, 76, 10, 30, 21, 45, 71, 64, 1, 23, 17, 83, 24, 14, 60, 36, 6, 57, 40, 88, 65, 56, 79, 94, 67, 68, 46, 75, 38, 58, 19, 32, 81, 48, 27, 62, 87, 90, 99, 59, 11, 16, 72, 73, 70, 39, 37, 84, 3, 92, 25, 55, 28, 29, 51, 7, 66, 61, 98, 41, 89, 50, 33, 96, 80, 53, 34, 4, 8, 2, 52, 13, 0, 69, 74, 49]|[1, 1, 0, 1, 1, 0, 1, 2, 2, 1, 2, 2, 2, 1, 1, 0, 0, 1, 0, 2, 2, 0, 1, 2, 0, 1, 2, 2, 0, 0, 1, 2, 1, 2, 1, 0, 2, 0, 1, 1, 0, 1, 1, 1, 0, 2, 1, 1, 0, 0, 0, 0, 1, 1, 2, 1, 2, 0, 0, 0, 2, 1, 0, 1, 2, 1, 2, 1, 1, 1, 1, 1, 1, 0, 1, 1, 0, 0, 0, 1, 2, 1, 2, 0, 1, 0, 2, 0, 0, 0, 2, 0, 1, 0, 1, 0, 0, 1, 2, 0]|[4, 3, 2, 2, 4, 1, 2, 2, 2, 4, 1, 1, 2, 4, 4, 1, 2, 4, 2, 1, 1, 1, 1, 2, 1, 2, 1, 1, 1, 1, 3, 2, 3, 0, 4, 0, 1, 1, 0, 3, 2, 2, 2, 0, 1, 1, 0, 4, 0, 1, 2, 2, 1, 4, 0, 3, 2, 1, 1, 2, 1, 3, 1, 1, 1, 3, 0, 4, 3, 1, 4, 1, 1, 0, 4, 4, 2, 1, 1, 1, 1, 3, 1, 1, 1, 1, 1, 1, 1, 2, 1, 2, 3, 2, 1, 2, 2, 3, 1, 1]|[0, 2, 1, 1, 3, 0, 1, 0, 0, 0, 0, 0, 1, 0, 1, 0, 0, 3, 1, 0, 0, 0, 3, 1, 0, 2, 0, 0, 0, 1, 0, 0, 0, 0, 3, 0, 1, 0, 0, 2, 1, 1, 1, 0, 0, 0, 0, 2, 1, 0, 0, 0, 1, 3, 0, 0, 1, 0, 0, 1, 0, 2, 0, 1, 0, 2, 1, 0, 0, 1, 1, 3, 1, 1, 3, 3, 1, 0, 0, 2, 0, 0, 0, 0, 1, 0, 0, 0, 0, 1, 0, 1, 2, 0, 1, 0, 0, 0, 0, 1],813.3800678145159,57419.34963361581,92679.78830645658,true
19,G4_BALANCED,G1_CMAX,[31, 22, 82, 15, 26, 9, 95, 42, 77, 12, 47, 65, 93, 78, 86, 54, 6, 63, 18, 44, 20, 35, 43, 97, 91, 76, 10, 30, 21, 45, 64, 1, 23, 17, 83, 24, 14, 60, 36, 13, 75, 46, 68, 67, 69, 79, 56, 5, 88, 40, 57, 85, 58, 19, 32, 81, 48, 27, 62, 87, 90, 99, 59, 11, 16, 72, 73, 71, 70, 39, 37, 84, 3, 98, 29, 28, 55, 25, 92, 7, 33, 61, 53, 41, 89, 50, 8, 96, 51, 80, 34, 4, 66, 2, 52, 49, 0, 94, 74, 38]|[1, 1, 0, 1, 1, 0, 1, 2, 2, 1, 2, 2, 2, 1, 1, 0, 0, 1, 0, 2, 2, 0, 1, 2, 0, 1, 2, 2, 0, 0, 2, 1, 2, 1, 0, 2, 2, 1, 1, 0, 0, 0, 0, 0, 2, 1, 2, 2, 1, 1, 1, 0, 1, 2, 1, 2, 1, 0, 0, 2, 1, 0, 1, 2, 1, 2, 1, 1, 1, 1, 1, 1, 1, 0, 0, 0, 1, 1, 0, 1, 0, 1, 0, 1, 1, 0, 1, 0, 0, 0, 2, 1, 2, 0, 1, 0, 0, 2, 2, 1]|[0, 3, 2, 2, 4, 1, 2, 2, 2, 4, 1, 1, 2, 4, 4, 1, 2, 4, 2, 1, 1, 1, 1, 2, 1, 2, 1, 1, 1, 1, 2, 3, 0, 4, 0, 1, 2, 0, 3, 2, 2, 2, 1, 0, 2, 0, 1, 1, 0, 2, 2, 2, 0, 0, 3, 2, 4, 1, 2, 2, 3, 1, 1, 1, 3, 0, 4, 3, 3, 1, 4, 1, 1, 1, 1, 2, 4, 4, 0, 1, 2, 3, 2, 4, 1, 1, 3, 1, 1, 1, 1, 4, 1, 2, 1, 1, 2, 2, 1, 1]|[0, 2, 1, 1, 3, 0, 1, 0, 0, 0, 0, 0, 1, 0, 1, 0, 1, 3, 1, 0, 0, 0, 3, 1, 0, 2, 0, 0, 0, 1, 0, 0, 0, 3, 0, 1, 1, 0, 2, 0, 0, 0, 0, 1, 0, 0, 0, 0, 0, 1, 1, 0, 3, 0, 0, 1, 2, 0, 1, 0, 2, 0, 1, 0, 2, 1, 0, 0, 0, 1, 1, 3, 1, 0, 0, 1, 3, 3, 1, 2, 1, 0, 1, 3, 1, 0, 2, 0, 0, 0, 0, 0, 0, 0, 1, 1, 0, 0, 0, 1],730.8863065262933,58490.217155284365,99113.48369033687,true
19,G2_TEC,G2_TEC,[31, 22, 82, 15, 26, 9, 95, 42, 77, 68, 47, 5, 93, 78, 86, 54, 85, 63, 18, 44, 20, 49, 36, 14, 74, 50, 53, 25, 21, 28, 71, 64, 3, 23, 30, 83, 24, 41, 40, 52, 65, 27, 90, 70, 39, 87, 48, 69, 99, 4, 46, 1, 13, 58, 97, 59, 45, 8, 73, 37, 35, 79, 11, 66, 76, 32, 60, 80, 96, 6, 16, 61, 19, 7, 57, 34, 12, 67, 10, 98, 56, 88, 29, 75, 91, 38, 33, 92, 43, 84, 51, 72, 81, 17, 2, 55, 0, 62, 94, 89]|[2, 1, 2, 1, 1, 2, 1, 1, 1, 1, 1, 0, 2, 2, 1, 2, 0, 0, 0, 2, 2, 1, 0, 2, 0, 2, 2, 1, 0, 1, 1, 1, 0, 0, 1, 0, 2, 1, 2, 2, 0, 0, 1, 1, 0, 2, 0, 2, 1, 0, 0, 2, 0, 0, 2, 0, 1, 1, 0, 0, 2, 1, 0, 2, 2, 0, 2, 2, 0, 1, 2, 1, 1, 2, 0, 1, 1, 1, 1, 2, 2, 1, 1, 0, 1, 0, 1, 0, 1, 0, 1, 1, 1, 1, 2, 0, 0, 1, 2, 1]|[0, 3, 0, 3, 4, 1, 4, 4, 2, 4, 3, 2, 1, 0, 2, 1, 1, 1, 2, 1, 1, 3, 0, 1, 0, 1, 1, 4, 1, 4, 3, 2, 2, 0, 4, 1, 1, 4, 0, 1, 2, 1, 4, 4, 1, 1, 0, 2, 3, 1, 2, 1, 2, 1, 1, 2, 4, 3, 0, 2, 2, 3, 1, 0, 1, 2, 0, 1, 2, 4, 1, 3, 4, 1, 2, 4, 3, 3, 3, 1, 1, 4, 3, 2, 3, 2, 4, 2, 4, 2, 3, 4, 4, 4, 1, 2, 2, 3, 1, 4]|[0, 2, 0, 0, 3, 0, 1, 3, 0, 0, 2, 0, 1, 0, 1, 0, 0, 0, 1, 0, 0, 2, 0, 0, 1, 0, 0, 3, 0, 1, 0, 2, 0, 0, 3, 0, 1, 3, 0, 0, 0, 0, 1, 3, 0, 0, 1, 0, 2, 0, 0, 0, 0, 0, 1, 0, 1, 0, 1, 1, 0, 2, 0, 0, 0, 0, 0, 0, 0, 2, 0, 0, 1, 0, 0, 1, 0, 0, 3, 0, 0, 1, 0, 0, 0, 0, 1, 0, 2, 0, 0, 2, 1, 3, 0, 0, 0, 0, 0, 1],890.9074744783937,50760.14574298861,113587.74359615259,false
19,G3_TWC,G1_CMAX,[31, 22, 82, 15, 26, 9, 42, 95, 77, 12, 47, 5, 93, 78, 86, 54, 85, 63, 18, 44, 20, 35, 43, 97, 91, 76, 10, 30, 21, 45, 71, 64, 1, 23, 17, 83, 24, 14, 60, 36, 6, 57, 94, 88, 65, 56, 79, 40, 67, 68, 46, 75, 38, 58, 19, 32, 81, 41, 27, 62, 87, 90, 99, 59, 11, 16, 72, 73, 69, 39, 37, 84, 3, 92, 25, 55, 28, 29, 51, 7, 33, 61, 98, 66, 89, 50, 8, 96, 53, 80, 4, 48, 34, 2, 52, 13, 0, 70, 49, 74]|[1, 1, 0, 1, 1, 1, 2, 1, 2, 1, 2, 2, 2, 1, 1, 0, 0, 1, 0, 2, 2, 0, 1, 2, 0, 1, 2, 2, 0, 0, 1, 2, 1, 2, 1, 0, 2, 0, 1, 1, 0, 1, 1, 1, 0, 2, 1, 1, 0, 0, 0, 0, 1, 1, 2, 1, 2, 0, 0, 0, 2, 1, 0, 1, 2, 1, 2, 1, 1, 1, 1, 1, 1, 0, 1, 2, 0, 0, 0, 1, 2, 1, 0, 2, 1, 0, 1, 0, 0, 0, 0, 0, 2, 0, 1, 0, 0, 1, 0, 2]|[4, 3, 2, 2, 0, 0, 2, 2, 2, 4, 1, 1, 2, 4, 4, 1, 2, 4, 2, 1, 1, 1, 1, 2, 1, 2, 1, 1, 1, 1, 3, 2, 3, 0, 4, 0, 1, 1, 0, 3, 2, 2, 2, 0, 1, 1, 0, 4, 0, 1, 2, 2, 1, 4, 0, 3, 2, 1, 1, 2, 1, 3, 1, 1, 1, 3, 0, 4, 3, 1, 4, 1, 1, 0, 4, 1, 2, 1, 1, 3, 1, 3, 1, 1, 1, 1, 3, 1, 2, 1, 2, 1, 1, 2, 1, 2, 2, 3, 1, 1]|[0, 2, 1, 1, 3, 3, 0, 1, 0, 0, 0, 0, 1, 0, 1, 0, 0, 3, 1, 0, 0, 0, 3, 1, 0, 2, 0, 0, 0, 1, 0, 0, 0, 0, 3, 0, 1, 0, 0, 2, 1, 1, 1, 0, 0, 0, 0, 2, 1, 0, 0, 0, 1, 3, 0, 0, 1, 0, 0, 1, 0, 2, 0, 1, 0, 2, 1, 0, 0, 1, 1, 3, 1, 1, 3, 0, 1, 0, 0, 2, 0, 0, 0, 0, 1, 0, 2, 0, 1, 0, 1, 0, 0, 0, 1, 0, 0, 0, 1, 0],801.427594812029,57868.49349465401,91455.85780813712,true
19,G1_CMAX,G1_CMAX,[31, 22, 82, 15, 26, 9, 42, 77, 12, 5, 47, 93, 78, 86, 54, 6, 63, 18, 44, 20, 35, 43, 97, 91, 76, 10, 30, 21, 45, 17, 23, 1, 71, 83, 24, 14, 60, 36, 85, 57, 40, 95, 88, 65, 56, 79, 94, 67, 68, 46, 75, 38, 58, 19, 32, 81, 41, 62, 87, 28, 90, 59, 11, 16, 72, 73, 69, 52, 37, 64, 84, 3, 25, 29, 55, 51, 7, 98, 61, 66, 99, 33, 89, 48, 50, 96, 53, 80, 4, 8, 27, 2, 39, 13, 0, 92, 49, 74, 34, 70]|[1, 1, 0, 1, 1, 1, 2, 2, 1, 2, 2, 1, 1, 1, 0, 0, 1, 0, 2, 2, 0, 1, 2, 2, 1, 2, 2, 0, 0, 1, 2, 1, 1, 0, 2, 0, 1, 1, 0, 1, 1, 1, 1, 0, 2, 1, 1, 0, 0, 0, 0, 1, 1, 2, 1, 2, 0, 0, 2, 0, 1, 2, 2, 1, 2, 1, 1, 1, 1, 1, 1, 2, 1, 0, 2, 0, 1, 2, 1, 0, 0, 2, 1, 0, 0, 2, 0, 0, 1, 1, 0, 0, 1, 0, 0, 0, 0, 2, 2, 1]|[0, 3, 1, 2, 0, 0, 1, 1, 4, 1, 1, 4, 4, 4, 2, 2, 4, 2, 1, 1, 1, 1, 2, 1, 2, 1, 1, 1, 1, 4, 0, 3, 3, 0, 1, 1, 0, 3, 2, 2, 2, 2, 0, 1, 1, 0, 4, 0, 1, 2, 2, 1, 4, 0, 3, 2, 1, 2, 1, 2, 3, 1, 1, 3, 0, 4, 4, 1, 4, 3, 1, 2, 4, 1, 1, 1, 1, 1, 3, 1, 1, 1, 1, 1, 1, 1, 2, 1, 4, 3, 2, 2, 1, 2, 2, 0, 1, 1, 1, 4]|[1, 1, 1, 1, 3, 3, 0, 0, 0, 0, 0, 2, 0, 1, 0, 0, 3, 1, 0, 0, 0, 3, 1, 0, 2, 0, 0, 0, 1, 3, 0, 0, 0, 0, 1, 0, 0, 2, 1, 1, 1, 1, 0, 0, 0, 0, 2, 1, 0, 0, 0, 1, 3, 0, 0, 1, 0, 1, 0, 1, 2, 0, 0, 2, 1, 0, 2, 1, 1, 0, 3, 1, 3, 0, 0, 0, 2, 0, 0, 0, 0, 0, 1, 0, 0, 0, 1, 0, 0, 2, 1, 0, 1, 0, 0, 1, 1, 0, 0, 2],733.3116759547878,58140.55643565909,96674.14109675489,false
19,G4_BALANCED,G3_TWC,[31, 22, 82, 15, 26, 9, 42, 95, 77, 12, 47, 5, 93, 78, 86, 54, 85, 63, 18, 44, 20, 35, 43, 97, 91, 76, 10, 30, 21, 45, 71, 64, 1, 23, 17, 83, 24, 14, 60, 36, 6, 57, 94, 88, 65, 56, 79, 40, 67, 68, 46, 75, 38, 58, 19, 32, 81, 41, 27, 62, 87, 90, 99, 59, 11, 16, 72, 73, 69, 39, 37, 84, 3, 92, 25, 55, 28, 29, 51, 7, 33, 61, 98, 66, 89, 50, 8, 96, 80, 53, 48, 4, 34, 2, 52, 0, 13, 70, 49, 74]|[1, 1, 0, 1, 1, 1, 2, 1, 2, 1, 2, 2, 2, 1, 1, 0, 0, 1, 0, 2, 2, 0, 1, 2, 0, 1, 2, 2, 0, 0, 1, 2, 1, 2, 1, 0, 2, 0, 1, 1, 0, 1, 1, 1, 0, 2, 1, 1, 0, 0, 0, 0, 1, 1, 2, 1, 2, 0, 0, 0, 2, 1, 0, 1, 2, 1, 2, 1, 1, 1, 1, 1, 1, 0, 1, 2, 0, 0, 0, 1, 2, 1, 0, 2, 1, 0, 1, 2, 0, 0, 0, 1, 2, 0, 1, 0, 0, 1, 0, 2]|[4, 3, 2, 2, 0, 0, 2, 2, 2, 4, 1, 1, 2, 4, 4, 1, 2, 4, 2, 1, 1, 1, 1, 2, 1, 2, 1, 1, 1, 1, 3, 2, 3, 0, 4, 0, 1, 1, 0, 3, 2, 2, 2, 0, 1, 1, 0, 4, 0, 1, 2, 2, 1, 4, 0, 3, 2, 1, 1, 2, 1, 3, 1, 1, 1, 3, 0, 4, 3, 1, 4, 1, 1, 2, 4, 1, 2, 1, 1, 1, 1, 3, 1, 1, 1, 1, 3, 1, 1, 2, 1, 4, 1, 2, 1, 2, 2, 3, 1, 1]|[0, 2, 1, 1, 3, 3, 0, 1, 0, 0, 0, 0, 1, 0, 1, 0, 0, 3, 1, 0, 0, 0, 3, 1, 0, 2, 0, 0, 0, 1, 0, 0, 0, 0, 3, 0, 1, 0, 0, 2, 1, 1, 1, 0, 0, 0, 0, 2, 1, 0, 0, 0, 1, 3, 0, 0, 1, 0, 0, 1, 0, 2, 0, 1, 0, 2, 1, 0, 0, 1, 1, 3, 1, 1, 3, 0, 1, 0, 0, 2, 0, 0, 0, 0, 1, 0, 2, 0, 0, 1, 0, 0, 0, 0, 1, 0, 0, 0, 1, 0],775.9898742038118,57825.82815492834,93036.69500681385,true
19,G2_TEC,G2_TEC,[31, 22, 82, 15, 26, 9, 95, 42, 77, 68, 47, 5, 93, 78, 86, 54, 85, 63, 18, 44, 20, 49, 36, 14, 74, 50, 53, 25, 21, 28, 71, 64, 3, 23, 30, 83, 24, 41, 40, 52, 65, 27, 90, 70, 39, 87, 48, 69, 99, 4, 46, 1, 13, 58, 97, 59, 45, 8, 73, 37, 35, 79, 11, 66, 76, 32, 60, 80, 96, 6, 16, 61, 19, 7, 57, 34, 12, 67, 10, 98, 56, 88, 29, 75, 91, 38, 33, 92, 43, 84, 51, 72, 81, 17, 2, 55, 0, 62, 94, 89]|[2, 1, 2, 1, 1, 2, 1, 1, 1, 1, 1, 0, 2, 2, 1, 2, 0, 0, 0, 2, 2, 1, 0, 2, 0, 2, 2, 1, 0, 1, 1, 1, 0, 0, 1, 0, 2, 1, 2, 2, 0, 0, 1, 1, 0, 2, 0, 2, 1, 0, 0, 2, 0, 0, 2, 0, 1, 1, 0, 0, 2, 1, 0, 2, 2, 0, 2, 2, 0, 1, 2, 1, 1, 2, 0, 1, 1, 1, 1, 2, 2, 1, 1, 0, 1, 0, 1, 0, 1, 0, 1, 1, 1, 1, 2, 0, 0, 1, 2, 1]|[0, 3, 0, 3, 4, 1, 4, 4, 2, 4, 3, 2, 1, 0, 2, 1, 1, 1, 2, 1, 1, 3, 0, 1, 0, 1, 1, 4, 1, 4, 3, 2, 2, 0, 4, 1, 1, 4, 0, 1, 2, 1, 4, 4, 1, 1, 0, 2, 3, 1, 2, 1, 2, 1, 1, 2, 4, 3, 0, 2, 2, 3, 1, 0, 1, 2, 0, 1, 2, 4, 1, 3, 4, 1, 2, 4, 3, 3, 3, 1, 1, 4, 3, 2, 3, 2, 4, 2, 4, 2, 3, 4, 4, 4, 1, 2, 2, 3, 1, 4]|[0, 2, 0, 0, 3, 0, 1, 3, 0, 0, 2, 0, 1, 0, 1, 0, 0, 0, 1, 0, 0, 2, 0, 0, 1, 0, 0, 3, 0, 1, 0, 2, 0, 0, 3, 0, 1, 3, 0, 0, 0, 0, 1, 3, 0, 0, 1, 0, 2, 0, 0, 0, 0, 0, 1, 0, 1, 0, 1, 1, 0, 2, 0, 0, 0, 0, 0, 0, 0, 2, 0, 0, 1, 0, 0, 1, 0, 0, 3, 0, 0, 1, 0, 0, 0, 0, 1, 0, 2, 0, 0, 2, 1, 3, 0, 0, 0, 0, 0, 1],890.9074744783937,50760.14574298861,113587.74359615259,false
19,G3_TWC,G1_CMAX,[31, 22, 82, 15, 26, 9, 42, 95, 77, 12, 47, 5, 93, 78, 86, 54, 85, 63, 18, 44, 20, 35, 43, 97, 91, 76, 10, 30, 21, 45, 71, 64, 1, 23, 17, 83, 24, 14, 60, 36, 6, 57, 94, 88, 65, 56, 79, 40, 67, 68, 46, 75, 38, 58, 19, 32, 81, 41, 27, 62, 87, 90, 99, 59, 11, 16, 72, 73, 69, 39, 37, 84, 3, 92, 25, 55, 28, 29, 51, 7, 33, 61, 98, 66, 89, 50, 8, 96, 53, 80, 4, 48, 34, 2, 52, 13, 0, 70, 49, 74]|[1, 1, 0, 1, 1, 1, 2, 1, 2, 1, 2, 2, 2, 1, 1, 0, 0, 1, 0, 2, 2, 0, 1, 2, 0, 1, 2, 2, 0, 0, 1, 2, 1, 2, 1, 0, 2, 0, 1, 1, 0, 1, 1, 1, 0, 2, 1, 1, 0, 0, 0, 0, 1, 1, 2, 1, 2, 0, 0, 0, 2, 1, 0, 1, 2, 1, 2, 1, 1, 1, 1, 1, 1, 0, 1, 2, 0, 0, 0, 1, 2, 1, 0, 2, 1, 0, 1, 0, 0, 0, 0, 0, 2, 0, 1, 0, 0, 1, 0, 2]|[4, 3, 2, 2, 0, 0, 2, 2, 2, 4, 1, 1, 2, 4, 4, 1, 2, 4, 2, 1, 1, 1, 1, 2, 1, 2, 1, 1, 1, 1, 3, 2, 3, 0, 4, 0, 1, 1, 0, 3, 2, 2, 2, 0, 1, 1, 0, 4, 0, 1, 2, 2, 1, 4, 0, 3, 2, 1, 1, 2, 1, 3, 1, 1, 1, 3, 0, 4, 3, 1, 4, 1, 1, 0, 4, 1, 2, 1, 1, 3, 1, 3, 1, 1, 1, 1, 3, 1, 2, 1, 2, 1, 1, 2, 1, 2, 2, 3, 1, 1]|[0, 2, 1, 1, 3, 3, 0, 1, 0, 0, 0, 0, 1, 0, 1, 0, 0, 3, 1, 0, 0, 0, 3, 1, 0, 2, 0, 0, 0, 1, 0, 0, 0, 0, 3, 0, 1, 0, 0, 2, 1, 1, 1, 0, 0, 0, 0, 2, 1, 0, 0, 0, 1, 3, 0, 0, 1, 0, 0, 1, 0, 2, 0, 1, 0, 2, 1, 0, 0, 1, 1, 3, 1, 1, 3, 0, 1, 0, 0, 2, 0, 0, 0, 0, 1, 0, 2, 0, 1, 0, 1, 0, 0, 0, 1, 0, 0, 0, 1, 0],801.427594812029,57868.49349465401,91455.85780813712,true
19,G1_CMAX,G1_CMAX,[31, 22, 82, 15, 26, 9, 42, 77, 12, 5, 47, 93, 78, 86, 54, 6, 63, 18, 44, 20, 35, 43, 97, 91, 76, 10, 30, 21, 45, 17, 23, 1, 71, 83, 24, 14, 60, 36, 85, 57, 40, 95, 88, 65, 56, 79, 94, 67, 68, 46, 75, 38, 58, 19, 32, 81, 41, 62, 87, 28, 90, 59, 11, 16, 72, 73, 69, 52, 37, 64, 84, 3, 25, 29, 55, 51, 7, 98, 61, 66, 99, 33, 89, 48, 50, 96, 53, 80, 4, 8, 27, 2, 39, 13, 0, 92, 49, 74, 34, 70]|[1, 1, 0, 1, 1, 1, 2, 2, 1, 2, 2, 1, 1, 1, 0, 0, 1, 0, 2, 2, 0, 1, 2, 2, 1, 2, 2, 0, 0, 1, 2, 1, 1, 0, 2, 0, 1, 1, 0, 1, 1, 1, 1, 0, 2, 1, 1, 0, 0, 0, 0, 1, 1, 2, 1, 2, 0, 0, 2, 0, 1, 2, 2, 1, 2, 1, 1, 1, 1, 1, 1, 2, 1, 0, 2, 0, 1, 2, 1, 0, 0, 2, 1, 0, 0, 2, 0, 0, 1, 1, 0, 0, 1, 0, 0, 0, 0, 2, 2, 1]|[0, 3, 1, 2, 0, 0, 1, 1, 4, 1, 1, 4, 4, 4, 2, 2, 4, 2, 1, 1, 1, 1, 2, 1, 2, 1, 1, 1, 1, 4, 0, 3, 3, 0, 1, 1, 0, 3, 2, 2, 2, 2, 0, 1, 1, 0, 4, 0, 1, 2, 2, 1, 4, 0, 3, 2, 1, 2, 1, 2, 3, 1, 1, 3, 0, 4, 4, 1, 4, 3, 1, 2, 4, 1, 1, 1, 1, 1, 3, 1, 1, 1, 1, 1, 1, 1, 2, 1, 4, 3, 2, 2, 1, 2, 2, 0, 1, 1, 1, 4]|[1, 1, 1, 1, 3, 3, 0, 0, 0, 0, 0, 2, 0, 1, 0, 0, 3, 1, 0, 0, 0, 3, 1, 0, 2, 0, 0, 0, 1, 3, 0, 0, 0, 0, 1, 0, 0, 2, 1, 1, 1, 1, 0, 0, 0, 0, 2, 1, 0, 0, 0, 1, 3, 0, 0, 1, 0, 1, 0, 1, 2, 0, 0, 2, 1, 0, 2, 1, 1, 0, 3, 1, 3, 0, 0, 0, 2, 0, 0, 0, 0, 0, 1, 0, 0, 0, 1, 0, 0, 2, 1, 0, 1, 0, 0, 1, 1, 0, 0, 2],733.3116759547878,58140.55643565909,96674.14109675489,false
19,G4_BALANCED,G1_CMAX,[31, 22, 82, 15, 26, 9, 95, 42, 77, 12, 47, 65, 93, 78, 86, 54, 6, 63, 18, 44, 20, 35, 43, 97, 91, 76, 10, 30, 21, 45, 64, 1, 23, 17, 83, 24, 14, 60, 36, 13, 75, 46, 68, 67, 69, 79, 56, 5, 88, 40, 57, 85, 58, 19, 32, 81, 48, 27, 62, 87, 90, 99, 59, 11, 16, 72, 73, 71, 70, 39, 37, 84, 3, 98, 29, 28, 55, 25, 92, 7, 33, 61, 53, 41, 89, 50, 8, 96, 51, 80, 34, 4, 66, 2, 52, 49, 0, 94, 74, 38]|[1, 1, 0, 1, 1, 0, 1, 2, 2, 1, 2, 2, 2, 1, 1, 0, 0, 1, 0, 2, 2, 0, 1, 2, 0, 1, 2, 2, 0, 0, 2, 1, 2, 1, 0, 2, 2, 1, 1, 0, 0, 0, 0, 0, 2, 1, 2, 2, 1, 1, 1, 0, 1, 2, 1, 2, 1, 0, 0, 2, 1, 0, 1, 2, 1, 2, 1, 1, 1, 1, 1, 1, 1, 0, 0, 0, 1, 1, 0, 1, 0, 1, 0, 1, 1, 0, 1, 0, 0, 0, 2, 1, 2, 0, 1, 0, 0, 2, 2, 1]|[0, 3, 2, 2, 4, 1, 2, 2, 2, 4, 1, 1, 2, 4, 4, 1, 2, 4, 2, 1, 1, 1, 1, 2, 1, 2, 1, 1, 1, 1, 2, 3, 0, 4, 0, 1, 2, 0, 3, 2, 2, 2, 1, 0, 2, 0, 1, 1, 0, 2, 2, 2, 0, 0, 3, 2, 4, 1, 2, 2, 3, 1, 1, 1, 3, 0, 4, 3, 3, 1, 4, 1, 1, 1, 1, 2, 4, 4, 0, 1, 2, 3, 2, 4, 1, 1, 3, 1, 1, 1, 1, 4, 1, 2, 1, 1, 2, 2, 1, 1]|[0, 2, 1, 1, 3, 0, 1, 0, 0, 0, 0, 0, 1, 0, 1, 0, 1, 3, 1, 0, 0, 0, 3, 1, 0, 2, 0, 0, 0, 1, 0, 0, 0, 3, 0, 1, 1, 0, 2, 0, 0, 0, 0, 1, 0, 0, 0, 0, 0, 1, 1, 0, 3, 0, 0, 1, 2, 0, 1, 0, 2, 0, 1, 0, 2, 1, 0, 0, 0, 1, 1, 3, 1, 0, 0, 1, 3, 3, 1, 2, 1, 0, 1, 3, 1, 0, 2, 0, 0, 0, 0, 0, 0, 0, 1, 1, 0, 0, 0, 1],730.8863065262933,58490.217155284365,99113.48369033687,true
19,G2_TEC,G2_TEC,[31, 22, 82, 15, 26, 9, 95, 42, 77, 68, 47, 5, 93, 78, 86, 54, 85, 63, 18, 44, 20, 49, 36, 14, 74, 50, 53, 25, 21, 28, 71, 64, 3, 23, 30, 83, 24, 41, 40, 52, 65, 27, 90, 70, 39, 87, 48, 69, 99, 4, 46, 1, 13, 58, 97, 59, 45, 8, 73, 37, 35, 79, 11, 66, 76, 32, 60, 80, 96, 6, 16, 61, 19, 7, 57, 34, 12, 67, 10, 98, 56, 88, 29, 75, 91, 38, 33, 92, 43, 84, 51, 72, 81, 17, 2, 55, 0, 62, 94, 89]|[2, 1, 2, 1, 1, 2, 1, 1, 1, 1, 1, 0, 2, 2, 1, 2, 0, 0, 0, 2, 2, 1, 0, 2, 0, 2, 2, 1, 0, 1, 1, 1, 0, 0, 1, 0, 2, 1, 2, 2, 0, 0, 1, 1, 0, 2, 0, 2, 1, 0, 0, 2, 0, 0, 2, 0, 1, 1, 0, 0, 2, 1, 0, 2, 2, 0, 2, 2, 0, 1, 2, 1, 1, 2, 0, 1, 1, 1, 1, 2, 2, 1, 1, 0, 1, 0, 1, 0, 1, 0, 1, 1, 1, 1, 2, 0, 0, 1, 2, 1]|[0, 3, 0, 3, 4, 1, 4, 4, 2, 4, 3, 2, 1, 0, 2, 1, 1, 1, 2, 1, 1, 3, 0, 1, 0, 1, 1, 4, 1, 4, 3, 2, 2, 0, 4, 1, 1, 4, 0, 1, 2, 1, 4, 4, 1, 1, 0, 2, 3, 1, 2, 1, 2, 1, 1, 2, 4, 3, 0, 2, 2, 3, 1, 0, 1, 2, 0, 1, 2, 4, 1, 3, 4, 1, 2, 4, 3, 3, 3, 1, 1, 4, 3, 2, 3, 2, 4, 2, 4, 2, 3, 4, 4, 4, 1, 2, 2, 3, 1, 4]|[0, 2, 0, 0, 3, 0, 1, 3, 0, 0, 2, 0, 1, 0, 1, 0, 0, 0, 1, 0, 0, 2, 0, 0, 1, 0, 0, 3, 0, 1, 0, 2, 0, 0, 3, 0, 1, 3, 0, 0, 0, 0, 1, 3, 0, 0, 1, 0, 2, 0, 0, 0, 0, 0, 1, 0, 1, 0, 1, 1, 0, 2, 0, 0, 0, 0, 0, 0, 0, 2, 0, 0, 1, 0, 0, 1, 0, 0, 3, 0, 0, 1, 0, 0, 0, 0, 1, 0, 2, 0, 0, 2, 1, 3, 0, 0, 0, 0, 0, 1],890.9074744783937,50760.14574298861,113587.74359615259,false
19,G3_TWC,G1_CMAX,[31, 22, 82, 15, 26, 9, 42, 95, 77, 12, 47, 5, 93, 78, 86, 54, 85, 63, 18, 44, 20, 35, 43, 97, 91, 76, 10, 30, 21, 45, 71, 64, 1, 23, 17, 83, 24, 14, 60, 36, 6, 57, 94, 88, 65, 56, 79, 40, 67, 68, 46, 75, 38, 58, 19, 32, 81, 41, 27, 62, 87, 90, 99, 59, 11, 16, 72, 73, 69, 39, 37, 84, 3, 92, 25, 55, 28, 29, 51, 7, 33, 61, 98, 66, 89, 50, 8, 96, 53, 80, 4, 48, 34, 2, 52, 13, 0, 70, 49, 74]|[1, 1, 0, 1, 1, 1, 2, 1, 2, 1, 2, 2, 2, 1, 1, 0, 0, 1, 0, 2, 2, 0, 1, 2, 0, 1, 2, 2, 0, 0, 1, 2, 1, 2, 1, 0, 2, 0, 1, 1, 0, 1, 1, 1, 0, 2, 1, 1, 0, 0, 0, 0, 1, 1, 2, 1, 2, 0, 0, 0, 2, 1, 0, 1, 2, 1, 2, 1, 1, 1, 1, 1, 1, 0, 1, 2, 0, 0, 0, 1, 2, 1, 0, 2, 1, 0, 1, 0, 0, 0, 0, 0, 2, 0, 1, 0, 0, 1, 0, 2]|[4, 3, 2, 2, 0, 0, 2, 2, 2, 4, 1, 1, 2, 4, 4, 1, 2, 4, 2, 1, 1, 1, 1, 2, 1, 2, 1, 1, 1, 1, 3, 2, 3, 0, 4, 0, 1, 1, 0, 3, 2, 2, 2, 0, 1, 1, 0, 4, 0, 1, 2, 2, 1, 4, 0, 3, 2, 1, 1, 2, 1, 3, 1, 1, 1, 3, 0, 4, 3, 1, 4, 1, 1, 0, 4, 1, 2, 1, 1, 3, 1, 3, 1, 1, 1, 1, 3, 1, 2, 1, 2, 1, 1, 2, 1, 2, 2, 3, 1, 1]|[0, 2, 1, 1, 3, 3, 0, 1, 0, 0, 0, 0, 1, 0, 1, 0, 0, 3, 1, 0, 0, 0, 3, 1, 0, 2, 0, 0, 0, 1, 0, 0, 0, 0, 3, 0, 1, 0, 0, 2, 1, 1, 1, 0, 0, 0, 0, 2, 1, 0, 0, 0, 1, 3, 0, 0, 1, 0, 0, 1, 0, 2, 0, 1, 0, 2, 1, 0, 0, 1, 1, 3, 1, 1, 3, 0, 1, 0, 0, 2, 0, 0, 0, 0, 1, 0, 2, 0, 1, 0, 1, 0, 0, 0, 1, 0, 0, 0, 1, 0],801.427594812029,57868.49349465401,91455.85780813712,true
19,G1_CMAX,G1_CMAX,[31, 22, 82, 15, 26, 9, 42, 77, 12, 5, 47, 93, 78, 86, 54, 6, 63, 18, 44, 20, 35, 43, 97, 91, 76, 10, 30, 21, 45, 17, 23, 1, 71, 83, 24, 14, 60, 36, 85, 57, 40, 95, 88, 65, 56, 79, 94, 67, 68, 46, 75, 38, 58, 19, 32, 81, 41, 62, 87, 28, 90, 59, 11, 16, 72, 73, 69, 52, 37, 64, 84, 3, 25, 29, 55, 51, 7, 98, 61, 66, 99, 33, 89, 48, 50, 96, 53, 80, 4, 8, 27, 2, 39, 13, 0, 92, 49, 74, 34, 70]|[1, 1, 0, 1, 1, 1, 2, 2, 1, 2, 2, 1, 1, 1, 0, 0, 1, 0, 2, 2, 0, 1, 2, 2, 1, 2, 2, 0, 0, 1, 2, 1, 1, 0, 2, 0, 1, 1, 0, 1, 1, 1, 1, 0, 2, 1, 1, 0, 0, 0, 0, 1, 1, 2, 1, 2, 0, 0, 2, 0, 1, 2, 2, 1, 2, 1, 1, 1, 1, 1, 1, 2, 1, 0, 2, 0, 1, 2, 1, 0, 0, 2, 1, 0, 0, 2, 0, 0, 1, 1, 0, 0, 1, 0, 0, 0, 0, 2, 2, 1]|[0, 3, 1, 2, 0, 0, 1, 1, 4, 1, 1, 4, 4, 4, 2, 2, 4, 2, 1, 1, 1, 1, 2, 1, 2, 1, 1, 1, 1, 4, 0, 3, 3, 0, 1, 1, 0, 3, 2, 2, 2, 2, 0, 1, 1, 0, 4, 0, 1, 2, 2, 1, 4, 0, 3, 2, 1, 2, 1, 2, 3, 1, 1, 3, 0, 4, 4, 1, 4, 3, 1, 2, 4, 1, 1, 1, 1, 1, 3, 1, 1, 1, 1, 1, 1, 1, 2, 1, 4, 3, 2, 2, 1, 2, 2, 0, 1, 1, 1, 4]|[1, 1, 1, 1, 3, 3, 0, 0, 0, 0, 0, 2, 0, 1, 0, 0, 3, 1, 0, 0, 0, 3, 1, 0, 2, 0, 0, 0, 1, 3, 0, 0, 0, 0, 1, 0, 0, 2, 1, 1, 1, 1, 0, 0, 0, 0, 2, 1, 0, 0, 0, 1, 3, 0, 0, 1, 0, 1, 0, 1, 2, 0, 0, 2, 1, 0, 2, 1, 1, 0, 3, 1, 3, 0, 0, 0, 2, 0, 0, 0, 0, 0, 1, 0, 0, 0, 1, 0, 0, 2, 1, 0, 1, 0, 0, 1, 1, 0, 0, 2],733.3116759547878,58140.55643565909,96674.14109675489,false
19,G4_BALANCED,G3_TWC,[31, 22, 82, 15, 26, 9, 42, 95, 77, 12, 47, 5, 93, 78, 86, 54, 85, 63, 18, 44, 20, 35, 43, 97, 91, 76, 10, 30, 21, 45, 71, 64, 1, 23, 17, 83, 24, 14, 60, 36, 6, 57, 94, 88, 65, 56, 79, 40, 67, 68, 46, 75, 38, 58, 19, 32, 81, 41, 27, 62, 87, 90, 99, 59, 11, 16, 72, 73, 69, 39, 37, 84, 3, 92, 25, 55, 28, 29, 51, 7, 33, 61, 98, 66, 89, 50, 8, 96, 80, 53, 48, 4, 34, 2, 52, 0, 13, 70, 49, 74]|[1, 1, 0, 1, 1, 1, 2, 1, 2, 1, 2, 2, 2, 1, 1, 0, 0, 1, 0, 2, 2, 0, 1, 2, 0, 1, 2, 2, 0, 0, 1, 2, 1, 2, 1, 0, 2, 0, 1, 1, 0, 1, 1, 1, 0, 2, 1, 1, 0, 0, 0, 0, 1, 1, 2, 1, 2, 0, 0, 0, 2, 1, 0, 1, 2, 1, 2, 1, 1, 1, 1, 1, 1, 0, 1, 2, 0, 0, 0, 1, 2, 1, 0, 2, 1, 0, 1, 2, 0, 0, 0, 1, 2, 0, 1, 0, 0, 1, 0, 2]|[4, 3, 2, 2, 0, 0, 2, 2, 2, 4, 1, 1, 2, 4, 4, 1, 2, 4, 2, 1, 1, 1, 1, 2, 1, 2, 1, 1, 1, 1, 3, 2, 3, 0, 4, 0, 1, 1, 0, 3, 2, 2, 2, 0, 1, 1, 0, 4, 0, 1, 2, 2, 1, 4, 0, 3, 2, 1, 1, 2, 1, 3, 1, 1, 1, 3, 0, 4, 3, 1, 4, 1, 1, 2, 4, 1, 2, 1, 1, 1, 1, 3, 1, 1, 1, 1, 3, 1, 1, 2, 1, 4, 1, 2, 1, 2, 2, 3, 1, 1]|[0, 2, 1, 1, 3, 3, 0, 1, 0, 0, 0, 0, 1, 0, 1, 0, 0, 3, 1, 0, 0, 0, 3, 1, 0, 2, 0, 0, 0, 1, 0, 0, 0, 0, 3, 0, 1, 0, 0, 2, 1, 1, 1, 0, 0, 0, 0, 2, 1, 0, 0, 0, 1, 3, 0, 0, 1, 0, 0, 1, 0, 2, 0, 1, 0, 2, 1, 0, 0, 1, 1, 3, 1, 1, 3, 0, 1, 0, 0, 2, 0, 0, 0, 0, 1, 0, 2, 0, 0, 1, 0, 0, 0, 0, 1, 0, 0, 0, 1, 0],775.9898742038118,57825.82815492834,93036.69500681385,true
19,G2_TEC,G2_TEC,[31, 22, 82, 15, 26, 9, 95, 42, 77, 68, 47, 5, 93, 78, 86, 54, 85, 63, 18, 44, 20, 49, 36, 14, 74, 50, 53, 25, 21, 28, 71, 64, 3, 23, 30, 83, 24, 41, 40, 52, 65, 27, 90, 70, 39, 87, 48, 69, 99, 4, 46, 1, 13, 58, 97, 59, 45, 8, 73, 37, 35, 79, 11, 66, 76, 32, 60, 80, 96, 6, 16, 61, 19, 7, 57, 34, 12, 67, 10, 98, 56, 88, 29, 75, 91, 38, 33, 92, 43, 84, 51, 72, 81, 17, 2, 55, 0, 62, 94, 89]|[2, 1, 2, 1, 1, 2, 1, 1, 1, 1, 1, 0, 2, 2, 1, 2, 0, 0, 0, 2, 2, 1, 0, 2, 0, 2, 2, 1, 0, 1, 1, 1, 0, 0, 1, 0, 2, 1, 2, 2, 0, 0, 1, 1, 0, 2, 0, 2, 1, 0, 0, 2, 0, 0, 2, 0, 1, 1, 0, 0, 2, 1, 0, 2, 2, 0, 2, 2, 0, 1, 2, 1, 1, 2, 0, 1, 1, 1, 1, 2, 2, 1, 1, 0, 1, 0, 1, 0, 1, 0, 1, 1, 1, 1, 2, 0, 0, 1, 2, 1]|[0, 3, 0, 3, 4, 1, 4, 4, 2, 4, 3, 2, 1, 0, 2, 1, 1, 1, 2, 1, 1, 3, 0, 1, 0, 1, 1, 4, 1, 4, 3, 2, 2, 0, 4, 1, 1, 4, 0, 1, 2, 1, 4, 4, 1, 1, 0, 2, 3, 1, 2, 1, 2, 1, 1, 2, 4, 3, 0, 2, 2, 3, 1, 0, 1, 2, 0, 1, 2, 4, 1, 3, 4, 1, 2, 4, 3, 3, 3, 1, 1, 4, 3, 2, 3, 2, 4, 2, 4, 2, 3, 4, 4, 4, 1, 2, 2, 3, 1, 4]|[0, 2, 0, 0, 3, 0, 1, 3, 0, 0, 2, 0, 1, 0, 1, 0, 0, 0, 1, 0, 0, 2, 0, 0, 1, 0, 0, 3, 0, 1, 0, 2, 0, 0, 3, 0, 1, 3, 0, 0, 0, 0, 1, 3, 0, 0, 1, 0, 2, 0, 0, 0, 0, 0, 1, 0, 1, 0, 1, 1, 0, 2, 0, 0, 0, 0, 0, 0, 0, 2, 0, 0, 1, 0, 0, 1, 0, 0, 3, 0, 0, 1, 0, 0, 0, 0, 1, 0, 2, 0, 0, 2, 1, 3, 0, 0, 0, 0, 0, 1],890.9074744783937,50760.14574298861,113587.74359615259,false
19,G3_TWC,G1_CMAX,[31, 22, 82, 15, 26, 9, 42, 95, 77, 12, 47, 5, 93, 78, 86, 54, 85, 63, 18, 44, 20, 35, 43, 97, 91, 76, 10, 30, 21, 45, 71, 64, 1, 23, 17, 83, 24, 14, 60, 36, 6, 57, 94, 88, 65, 56, 79, 40, 67, 68, 46, 75, 38, 58, 19, 32, 81, 41, 27, 62, 87, 90, 99, 59, 11, 16, 72, 73, 69, 39, 37, 84, 3, 92, 25, 55, 28, 29, 51, 7, 33, 61, 98, 66, 89, 50, 8, 96, 53, 80, 4, 48, 34, 2, 52, 13, 0, 70, 49, 74]|[1, 1, 0, 1, 1, 1, 2, 1, 2, 1, 2, 2, 2, 1, 1, 0, 0, 1, 0, 2, 2, 0, 1, 2, 0, 1, 2, 2, 0, 0, 1, 2, 1, 2, 1, 0, 2, 0, 1, 1, 0, 1, 1, 1, 0, 2, 1, 1, 0, 0, 0, 0, 1, 1, 2, 1, 2, 0, 0, 0, 2, 1, 0, 1, 2, 1, 2, 1, 1, 1, 1, 1, 1, 0, 1, 2, 0, 0, 0, 1, 2, 1, 0, 2, 1, 0, 1, 0, 0, 0, 0, 0, 2, 0, 1, 0, 0, 1, 0, 2]|[4, 3, 2, 2, 0, 0, 2, 2, 2, 4, 1, 1, 2, 4, 4, 1, 2, 4, 2, 1, 1, 1, 1, 2, 1, 2, 1, 1, 1, 1, 3, 2, 3, 0, 4, 0, 1, 1, 0, 3, 2, 2, 2, 0, 1, 1, 0, 4, 0, 1, 2, 2, 1, 4, 0, 3, 2, 1, 1, 2, 1, 3, 1, 1, 1, 3, 0, 4, 3, 1, 4, 1, 1, 0, 4, 1, 2, 1, 1, 3, 1, 3, 1, 1, 1, 1, 3, 1, 2, 1, 2, 1, 1, 2, 1, 2, 2, 3, 1, 1]|[0, 2, 1, 1, 3, 3, 0, 1, 0, 0, 0, 0, 1, 0, 1, 0, 0, 3, 1, 0, 0, 0, 3, 1, 0, 2, 0, 0, 0, 1, 0, 0, 0, 0, 3, 0, 1, 0, 0, 2, 1, 1, 1, 0, 0, 0, 0, 2, 1, 0, 0, 0, 1, 3, 0, 0, 1, 0, 0, 1, 0, 2, 0, 1, 0, 2, 1, 0, 0, 1, 1, 3, 1, 1, 3, 0, 1, 0, 0, 2, 0, 0, 0, 0, 1, 0, 2, 0, 1, 0, 1, 0, 0, 0, 1, 0, 0, 0, 1, 0],801.427594812029,57868.49349465401,91455.85780813712,true
19,G1_CMAX,G1_CMAX,[31, 22, 82, 15, 26, 9, 42, 77, 12, 5, 47, 93, 78, 86, 54, 6, 63, 18, 44, 20, 35, 43, 97, 91, 76, 10, 30, 21, 45, 17, 23, 1, 71, 83, 24, 14, 60, 36, 85, 57, 40, 95, 88, 65, 56, 79, 94, 67, 68, 46, 75, 38, 58, 19, 32, 81, 41, 62, 87, 28, 90, 59, 11, 16, 72, 73, 69, 52, 37, 64, 84, 3, 25, 29, 55, 51, 7, 98, 61, 66, 99, 33, 89, 48, 50, 96, 53, 80, 4, 8, 27, 2, 39, 13, 0, 92, 49, 74, 34, 70]|[1, 1, 0, 1, 1, 1, 2, 2, 1, 2, 2, 1, 1, 1, 0, 0, 1, 0, 2, 2, 0, 1, 2, 2, 1, 2, 2, 0, 0, 1, 2, 1, 1, 0, 2, 0, 1, 1, 0, 1, 1, 1, 1, 0, 2, 1, 1, 0, 0, 0, 0, 1, 1, 2, 1, 2, 0, 0, 2, 0, 1, 2, 2, 1, 2, 1, 1, 1, 1, 1, 1, 2, 1, 0, 2, 0, 1, 2, 1, 0, 0, 2, 1, 0, 0, 2, 0, 0, 1, 1, 0, 0, 1, 0, 0, 0, 0, 2, 2, 1]|[0, 3, 1, 2, 0, 0, 1, 1, 4, 1, 1, 4, 4, 4, 2, 2, 4, 2, 1, 1, 1, 1, 2, 1, 2, 1, 1, 1, 1, 4, 0, 3, 3, 0, 1, 1, 0, 3, 2, 2, 2, 2, 0, 1, 1, 0, 4, 0, 1, 2, 2, 1, 4, 0, 3, 2, 1, 2, 1, 2, 3, 1, 1, 3, 0, 4, 4, 1, 4, 3, 1, 2, 4, 1, 1, 1, 1, 1, 3, 1, 1, 1, 1, 1, 1, 1, 2, 1, 4, 3, 2, 2, 1, 2, 2, 0, 1, 1, 1, 4]|[1, 1, 1, 1, 3, 3, 0, 0, 0, 0, 0, 2, 0, 1, 0, 0, 3, 1, 0, 0, 0, 3, 1, 0, 2, 0, 0, 0, 1, 3, 0, 0, 0, 0, 1, 0, 0, 2, 1, 1, 1, 1, 0, 0, 0, 0, 2, 1, 0, 0, 0, 1, 3, 0, 0, 1, 0, 1, 0, 1, 2, 0, 0, 2, 1, 0, 2, 1, 1, 0, 3, 1, 3, 0, 0, 0, 2, 0, 0, 0, 0, 0, 1, 0, 0, 0, 1, 0, 0, 2, 1, 0, 1, 0, 0, 1, 1, 0, 0, 2],733.3116759547878,58140.55643565909,96674.14109675489,false
19,G4_BALANCED,G4_BALANCED,[31, 22, 82, 15, 26, 9, 95, 42, 77, 68, 47, 5, 93, 78, 86, 54, 85, 63, 18, 44, 20, 49, 36, 14, 74, 50, 53, 17, 21, 28, 71, 64, 3, 23, 30, 83, 24, 41, 60, 52, 65, 27, 90, 70, 39, 87, 48, 69, 99, 4, 46, 1, 13, 58, 97, 59, 45, 8, 73, 37, 35, 40, 11, 66, 76, 32, 79, 80, 96, 6, 16, 61, 33, 7, 57, 34, 12, 67, 10, 98, 56, 88, 29, 75, 91, 38, 19, 92, 43, 84, 51, 72, 81, 25, 2, 55, 0, 62, 89, 94]|[2, 1, 2, 1, 1, 2, 1, 1, 1, 1, 1, 0, 2, 2, 1, 2, 0, 0, 0, 2, 2, 1, 0, 2, 0, 2, 2, 1, 0, 1, 1, 1, 0, 0, 1, 0, 2, 1, 2, 2, 0, 0, 1, 1, 0, 2, 0, 2, 1, 0, 0, 2, 0, 0, 2, 0, 1, 1, 0, 0, 2, 2, 0, 2, 2, 0, 1, 2, 0, 1, 2, 1, 1, 2, 0, 1, 1, 1, 1, 0, 2, 1, 1, 0, 1, 0, 1, 0, 1, 0, 1, 1, 1, 1, 2, 0, 0, 1, 1, 1]|[0, 3, 0, 3, 4, 1, 4, 4, 2, 4, 3, 2, 1, 0, 2, 1, 1, 1, 2, 1, 1, 3, 0, 1, 0, 1, 1, 4, 1, 4, 3, 2, 2, 0, 4, 1, 1, 4, 0, 1, 2, 1, 4, 4, 1, 1, 0, 2, 3, 1, 2, 1, 2, 1, 1, 2, 4, 3, 0, 2, 2, 0, 1, 0, 1, 2, 3, 1, 2, 4, 1, 3, 4, 1, 2, 4, 3, 3, 3, 2, 1, 4, 3, 2, 3, 2, 4, 2, 4, 2, 3, 4, 1, 4, 1, 2, 2, 3, 4, 4]|[0, 2, 0, 0, 3, 0, 1, 3, 0, 0, 2, 0, 1, 1, 1, 0, 0, 0, 1, 0, 0, 2, 0, 0, 1, 0, 0, 3, 0, 1, 0, 2, 0, 1, 3, 0, 1, 3, 1, 0, 0, 0, 1, 3, 0, 0, 1, 0, 2, 0, 0, 0, 0, 0, 1, 0, 1, 0, 1, 1, 0, 0, 0, 0, 0, 0, 2, 0, 0, 2, 0, 0, 1, 0, 0, 1, 0, 0, 3, 0, 0, 1, 0, 0, 0, 0, 3, 0, 2, 0, 0, 2, 1, 3, 0, 0, 0, 0, 1, 2],892.7401490794913,52157.350035632444,105706.70593157865,false
19,G2_TEC,G2_TEC,[31, 22, 82, 15, 26, 9, 95, 42, 77, 68, 47, 5, 93, 78, 86, 54, 85, 63, 18, 44, 20, 49, 36, 14, 74, 50, 53, 25, 21, 28, 71, 64, 3, 23, 30, 83, 24, 41, 40, 52, 65, 27, 90, 70, 39, 87, 48, 69, 99, 4, 46, 1, 13, 58, 97, 59, 45, 8, 73, 37, 35, 79, 11, 66, 76, 32, 60, 80, 96, 6, 16, 61, 19, 7, 57, 34, 12, 67, 10, 98, 56, 88, 29, 75, 91, 38, 33, 92, 43, 84, 51, 72, 81, 17, 2, 55, 0, 62, 94, 89]|[2, 1, 2, 1, 1, 2, 1, 1, 1, 1, 1, 0, 2, 2, 1, 2, 0, 0, 0, 2, 2, 1, 0, 2, 0, 2, 2, 1, 0, 1, 1, 1, 0, 0, 1, 0, 2, 1, 2, 2, 0, 0, 1, 1, 0, 2, 0, 2, 1, 0, 0, 2, 0, 0, 2, 0, 1, 1, 0, 0, 2, 1, 0, 2, 2, 0, 2, 2, 0, 1, 2, 1, 1, 2, 0, 1, 1, 1, 1, 2, 2, 1, 1, 0, 1, 0, 1, 0, 1, 0, 1, 1, 1, 1, 2, 0, 0, 1, 2, 1]|[0, 3, 0, 3, 4, 1, 4, 4, 2, 4, 3, 2, 1, 0, 2, 1, 1, 1, 2, 1, 1, 3, 0, 1, 0, 1, 1, 4, 1, 4, 3, 2, 2, 0, 4, 1, 1, 4, 0, 1, 2, 1, 4, 4, 1, 1, 0, 2, 3, 1, 2, 1, 2, 1, 1, 2, 4, 3, 0, 2, 2, 3, 1, 0, 1, 2, 0, 1, 2, 4, 1, 3, 4, 1, 2, 4, 3, 3, 3, 1, 1, 4, 3, 2, 3, 2, 4, 2, 4, 2, 3, 4, 4, 4, 1, 2, 2, 3, 1, 4]|[0, 2, 0, 0, 3, 0, 1, 3, 0, 0, 2, 0, 1, 0, 1, 0, 0, 0, 1, 0, 0, 2, 0, 0, 1, 0, 0, 3, 0, 1, 0, 2, 0, 0, 3, 0, 1, 3, 0, 0, 0, 0, 1, 3, 0, 0, 1, 0, 2, 0, 0, 0, 0, 0, 1, 0, 1, 0, 1, 1, 0, 2, 0, 0, 0, 0, 0, 0, 0, 2, 0, 0, 1, 0, 0, 1, 0, 0, 3, 0, 0, 1, 0, 0, 0, 0, 1, 0, 2, 0, 0, 2, 1, 3, 0, 0, 0, 0, 0, 1],890.9074744783937,50760.14574298861,113587.74359615259,false
19,G3_TWC,G1_CMAX,[31, 22, 82, 15, 26, 9, 42, 95, 77, 12, 47, 5, 93, 78, 86, 54, 85, 63, 18, 44, 20, 35, 43, 97, 91, 76, 10, 30, 21, 45, 71, 64, 1, 23, 17, 83, 24, 14, 60, 36, 6, 57, 94, 88, 65, 56, 79, 40, 67, 68, 46, 75, 38, 58, 19, 32, 81, 41, 27, 62, 87, 90, 99, 59, 11, 16, 72, 73, 69, 39, 37, 84, 3, 92, 25, 55, 28, 29, 51, 7, 33, 61, 98, 66, 89, 50, 8, 96, 53, 80, 4, 48, 34, 2, 52, 13, 0, 70, 49, 74]|[1, 1, 0, 1, 1, 1, 2, 1, 2, 1, 2, 2, 2, 1, 1, 0, 0, 1, 0, 2, 2, 0, 1, 2, 0, 1, 2, 2, 0, 0, 1, 2, 1, 2, 1, 0, 2, 0, 1, 1, 0, 1, 1, 1, 0, 2, 1, 1, 0, 0, 0, 0, 1, 1, 2, 1, 2, 0, 0, 0, 2, 1, 0, 1, 2, 1, 2, 1, 1, 1, 1, 1, 1, 0, 1, 2, 0, 0, 0, 1, 2, 1, 0, 2, 1, 0, 1, 0, 0, 0, 0, 0, 2, 0, 1, 0, 0, 1, 0, 2]|[4, 3, 2, 2, 0, 0, 2, 2, 2, 4, 1, 1, 2, 4, 4, 1, 2, 4, 2, 1, 1, 1, 1, 2, 1, 2, 1, 1, 1, 1, 3, 2, 3, 0, 4, 0, 1, 1, 0, 3, 2, 2, 2, 0, 1, 1, 0, 4, 0, 1, 2, 2, 1, 4, 0, 3, 2, 1, 1, 2, 1, 3, 1, 1, 1, 3, 0, 4, 3, 1, 4, 1, 1, 0, 4, 1, 2, 1, 1, 3, 1, 3, 1, 1, 1, 1, 3, 1, 2, 1, 2, 1, 1, 2, 1, 2, 2, 3, 1, 1]|[0, 2, 1, 1, 3, 3, 0, 1, 0, 0, 0, 0, 1, 0, 1, 0, 0, 3, 1, 0, 0, 0, 3, 1, 0, 2, 0, 0, 0, 1, 0, 0, 0, 0, 3, 0, 1, 0, 0, 2, 1, 1, 1, 0, 0, 0, 0, 2, 1, 0, 0, 0, 1, 3, 0, 0, 1, 0, 0, 1, 0, 2, 0, 1, 0, 2, 1, 0, 0, 1, 1, 3, 1, 1, 3, 0, 1, 0, 0, 2, 0, 0, 0, 0, 1, 0, 2, 0, 1, 0, 1, 0, 0, 0, 1, 0, 0, 0, 1, 0],801.427594812029,57868.49349465401,91455.85780813712,true
19,G1_CMAX,G1_CMAX,[31, 22, 82, 15, 26, 9, 42, 77, 12, 5, 47, 93, 78, 86, 54, 6, 63, 18, 44, 20, 35, 43, 97, 91, 76, 10, 30, 21, 45, 17, 23, 1, 71, 83, 24, 14, 60, 36, 85, 57, 40, 95, 88, 65, 56, 79, 94, 67, 68, 46, 75, 38, 58, 19, 32, 81, 41, 62, 87, 28, 90, 59, 11, 16, 72, 73, 69, 52, 37, 64, 84, 3, 25, 29, 55, 51, 7, 98, 61, 66, 99, 33, 89, 48, 50, 96, 53, 80, 4, 8, 27, 2, 39, 13, 0, 92, 49, 74, 34, 70]|[1, 1, 0, 1, 1, 1, 2, 2, 1, 2, 2, 1, 1, 1, 0, 0, 1, 0, 2, 2, 0, 1, 2, 2, 1, 2, 2, 0, 0, 1, 2, 1, 1, 0, 2, 0, 1, 1, 0, 1, 1, 1, 1, 0, 2, 1, 1, 0, 0, 0, 0, 1, 1, 2, 1, 2, 0, 0, 2, 0, 1, 2, 2, 1, 2, 1, 1, 1, 1, 1, 1, 2, 1, 0, 2, 0, 1, 2, 1, 0, 0, 2, 1, 0, 0, 2, 0, 0, 1, 1, 0, 0, 1, 0, 0, 0, 0, 2, 2, 1]|[0, 3, 1, 2, 0, 0, 1, 1, 4, 1, 1, 4, 4, 4, 2, 2, 4, 2, 1, 1, 1, 1, 2, 1, 2, 1, 1, 1, 1, 4, 0, 3, 3, 0, 1, 1, 0, 3, 2, 2, 2, 2, 0, 1, 1, 0, 4, 0, 1, 2, 2, 1, 4, 0, 3, 2, 1, 2, 1, 2, 3, 1, 1, 3, 0, 4, 4, 1, 4, 3, 1, 2, 4, 1, 1, 1, 1, 1, 3, 1, 1, 1, 1, 1, 1, 1, 2, 1, 4, 3, 2, 2, 1, 2, 2, 0, 1, 1, 1, 4]|[1, 1, 1, 1, 3, 3, 0, 0, 0, 0, 0, 2, 0, 1, 0, 0, 3, 1, 0, 0, 0, 3, 1, 0, 2, 0, 0, 0, 1, 3, 0, 0, 0, 0, 1, 0, 0, 2, 1, 1, 1, 1, 0, 0, 0, 0, 2, 1, 0, 0, 0, 1, 3, 0, 0, 1, 0, 1, 0, 1, 2, 0, 0, 2, 1, 0, 2, 1, 1, 0, 3, 1, 3, 0, 0, 0, 2, 0, 0, 0, 0, 0, 1, 0, 0, 0, 1, 0, 0, 2, 1, 0, 1, 0, 0, 1, 1, 0, 0, 2],733.3116759547878,58140.55643565909,96674.14109675489,false
19,G4_BALANCED,G3_TWC,[31, 22, 82, 15, 26, 9, 42, 95, 77, 12, 47, 5, 93, 78, 86, 54, 85, 63, 18, 44, 20, 35, 43, 97, 91, 76, 10, 30, 21, 45, 71, 64, 1, 23, 17, 83, 24, 14, 60, 36, 6, 57, 94, 65, 56, 79, 88, 67, 68, 46, 75, 38, 58, 40, 32, 81, 41, 62, 87, 19, 27, 90, 99, 59, 11, 16, 72, 73, 70, 39, 37, 84, 3, 92, 25, 55, 28, 29, 51, 7, 33, 61, 98, 66, 89, 50, 48, 80, 53, 96, 4, 8, 34, 2, 52, 13, 0, 69, 49, 74]|[1, 1, 0, 1, 1, 0, 2, 1, 2, 1, 2, 2, 2, 1, 1, 0, 0, 1, 0, 2, 2, 0, 1, 2, 0, 1, 2, 2, 0, 0, 1, 1, 1, 0, 1, 0, 2, 0, 1, 1, 0, 1, 1, 0, 2, 1, 1, 0, 0, 0, 0, 1, 1, 1, 1, 2, 0, 0, 2, 2, 0, 1, 0, 1, 2, 1, 2, 1, 1, 1, 1, 1, 1, 0, 1, 1, 0, 0, 0, 1, 0, 1, 0, 2, 1, 0, 0, 0, 0, 0, 0, 0, 2, 0, 1, 0, 0, 1, 0, 2]|[4, 3, 2, 2, 4, 1, 2, 2, 2, 4, 1, 1, 2, 4, 4, 2, 2, 4, 2, 1, 1, 1, 1, 2, 1, 2, 1, 1, 1, 1, 3, 3, 3, 0, 4, 0, 1, 1, 0, 3, 2, 2, 4, 1, 1, 0, 0, 0, 1, 2, 2, 1, 4, 4, 3, 2, 1, 2, 1, 0, 1, 3, 1, 1, 1, 3, 0, 4, 3, 1, 4, 1, 1, 0, 4, 4, 2, 1, 1, 3, 2, 3, 1, 1, 1, 1, 1, 1, 2, 1, 2, 1, 1, 2, 1, 2, 2, 3, 1, 1]|[0, 2, 1, 1, 3, 0, 0, 1, 0, 0, 0, 0, 1, 1, 1, 0, 0, 3, 1, 0, 0, 0, 3, 1, 0, 2, 0, 0, 0, 1, 0, 0, 0, 0, 3, 0, 1, 0, 0, 2, 1, 1, 2, 0, 0, 0, 0, 1, 0, 0, 0, 1, 3, 2, 0, 1, 0, 1, 0, 0, 0, 2, 0, 1, 0, 2, 1, 0, 0, 1, 1, 3, 1, 1, 3, 3, 1, 0, 0, 2, 1, 0, 0, 0, 1, 0, 0, 0, 1, 0, 1, 0, 0, 0, 1, 0, 0, 0, 1, 0],903.4572174026954,56606.21067569633,93119.47931278618,true
19,G2_TEC,G2_TEC,[31, 22, 82, 15, 26, 9, 95, 42, 77, 68, 47, 5, 93, 78, 86, 54, 85, 63, 18, 44, 20, 49, 36, 14, 74, 50, 53, 25, 21, 28, 71, 64, 3, 23, 30, 83, 24, 41, 40, 52, 65, 27, 90, 70, 39, 87, 48, 69, 99, 4, 46, 1, 13, 58, 97, 59, 45, 8, 73, 37, 35, 79, 11, 66, 76, 32, 60, 80, 96, 6, 16, 61, 19, 7, 57, 34, 12, 67, 10, 98, 56, 88, 29, 75, 91, 38, 33, 92, 43, 84, 51, 72, 81, 17, 2, 55, 0, 62, 94, 89]|[2, 1, 2, 1, 1, 2, 1, 1, 1, 1, 1, 0, 2, 2, 1, 2, 0, 0, 0, 2, 2, 1, 0, 2, 0, 2, 2, 1, 0, 1, 1, 1, 0, 0, 1, 0, 2, 1, 2, 2, 0, 0, 1, 1, 0, 2, 0, 2, 1, 0, 0, 2, 0, 0, 2, 0, 1, 1, 0, 0, 2, 1, 0, 2, 2, 0, 2, 2, 0, 1, 2, 1, 1, 2, 0, 1, 1, 1, 1, 2, 2, 1, 1, 0, 1, 0, 1, 0, 1, 0, 1, 1, 1, 1, 2, 0, 0, 1, 2, 1]|[0, 3, 0, 3, 4, 1, 4, 4, 2, 4, 3, 2, 1, 0, 2, 1, 1, 1, 2, 1, 1, 3, 0, 1, 0, 1, 1, 4, 1, 4, 3, 2, 2, 0, 4, 1, 1, 4, 0, 1, 2, 1, 4, 4, 1, 1, 0, 2, 3, 1, 2, 1, 2, 1, 1, 2, 4, 3, 0, 2, 2, 3, 1, 0, 1, 2, 0, 1, 2, 4, 1, 3, 4, 1, 2, 4, 3, 3, 3, 1, 1, 4, 3, 2, 3, 2, 4, 2, 4, 2, 3, 4, 4, 4, 1, 2, 2, 3, 1, 4]|[0, 2, 0, 0, 3, 0, 1, 3, 0, 0, 2, 0, 1, 0, 1, 0, 0, 0, 1, 0, 0, 2, 0, 0, 1, 0, 0, 3, 0, 1, 0, 2, 0, 0, 3, 0, 1, 3, 0, 0, 0, 0, 1, 3, 0, 0, 1, 0, 2, 0, 0, 0, 0, 0, 1, 0, 1, 0, 1, 1, 0, 2, 0, 0, 0, 0, 0, 0, 0, 2, 0, 0, 1, 0, 0, 1, 0, 0, 3, 0, 0, 1, 0, 0, 0, 0, 1, 0, 2, 0, 0, 2, 1, 3, 0, 0, 0, 0, 0, 1],890.9074744783937,50760.14574298861,113587.74359615259,false
19,G3_TWC,G1_CMAX,[31, 22, 82, 15, 26, 9, 42, 95, 77, 12, 47, 5, 93, 78, 86, 54, 85, 63, 18, 44, 20, 35, 43, 97, 91, 76, 10, 30, 21, 45, 71, 64, 1, 23, 17, 83, 24, 14, 60, 36, 6, 57, 94, 88, 65, 56, 79, 40, 67, 68, 46, 75, 38, 58, 19, 32, 81, 41, 27, 62, 87, 90, 99, 59, 11, 16, 72, 73, 69, 39, 37, 84, 3, 92, 25, 55, 28, 29, 51, 7, 33, 61, 98, 66, 89, 50, 8, 96, 53, 80, 4, 48, 34, 2, 52, 13, 0, 70, 49, 74]|[1, 1, 0, 1, 1, 1, 2, 1, 2, 1, 2, 2, 2, 1, 1, 0, 0, 1, 0, 2, 2, 0, 1, 2, 0, 1, 2, 2, 0, 0, 1, 2, 1, 2, 1, 0, 2, 0, 1, 1, 0, 1, 1, 1, 0, 2, 1, 1, 0, 0, 0, 0, 1, 1, 2, 1, 2, 0, 0, 0, 2, 1, 0, 1, 2, 1, 2, 1, 1, 1, 1, 1, 1, 0, 1, 2, 0, 0, 0, 1, 2, 1, 0, 2, 1, 0, 1, 0, 0, 0, 0, 0, 2, 0, 1, 0, 0, 1, 0, 2]|[4, 3, 2, 2, 0, 0, 2, 2, 2, 4, 1, 1, 2, 4, 4, 1, 2, 4, 2, 1, 1, 1, 1, 2, 1, 2, 1, 1, 1, 1, 3, 2, 3, 0, 4, 0, 1, 1, 0, 3, 2, 2, 2, 0, 1, 1, 0, 4, 0, 1, 2, 2, 1, 4, 0, 3, 2, 1, 1, 2, 1, 3, 1, 1, 1, 3, 0, 4, 3, 1, 4, 1, 1, 0, 4, 1, 2, 1, 1, 3, 1, 3, 1, 1, 1, 1, 3, 1, 2, 1, 2, 1, 1, 2, 1, 2, 2, 3, 1, 1]|[0, 2, 1, 1, 3, 3, 0, 1, 0, 0, 0, 0, 1, 0, 1, 0, 0, 3, 1, 0, 0, 0, 3, 1, 0, 2, 0, 0, 0, 1, 0, 0, 0, 0, 3, 0, 1, 0, 0, 2, 1, 1, 1, 0, 0, 0, 0, 2, 1, 0, 0, 0, 1, 3, 0, 0, 1, 0, 0, 1, 0, 2, 0, 1, 0, 2, 1, 0, 0, 1, 1, 3, 1, 1, 3, 0, 1, 0, 0, 2, 0, 0, 0, 0, 1, 0, 2, 0, 1, 0, 1, 0, 0, 0, 1, 0, 0, 0, 1, 0],801.427594812029,57868.49349465401,91455.85780813712,true
19,G1_CMAX,G1_CMAX,[31, 22, 82, 15, 26, 9, 42, 77, 12, 5, 47, 93, 78, 86, 54, 6, 63, 18, 44, 20, 35, 43, 97, 91, 76, 10, 30, 21, 45, 17, 23, 1, 71, 83, 24, 14, 60, 36, 85, 57, 40, 95, 88, 65, 56, 79, 94, 67, 68, 46, 75, 38, 58, 19, 32, 81, 41, 62, 87, 28, 90, 59, 11, 16, 72, 73, 69, 52, 37, 64, 84, 3, 25, 29, 55, 51, 7, 98, 61, 66, 99, 33, 89, 48, 50, 96, 53, 80, 4, 8, 27, 2, 39, 13, 0, 92, 49, 74, 34, 70]|[1, 1, 0, 1, 1, 1, 2, 2, 1, 2, 2, 1, 1, 1, 0, 0, 1, 0, 2, 2, 0, 1, 2, 2, 1, 2, 2, 0, 0, 1, 2, 1, 1, 0, 2, 0, 1, 1, 0, 1, 1, 1, 1, 0, 2, 1, 1, 0, 0, 0, 0, 1, 1, 2, 1, 2, 0, 0, 2, 0, 1, 2, 2, 1, 2, 1, 1, 1, 1, 1, 1, 2, 1, 0, 2, 0, 1, 2, 1, 0, 0, 2, 1, 0, 0, 2, 0, 0, 1, 1, 0, 0, 1, 0, 0, 0, 0, 2, 2, 1]|[0, 3, 1, 2, 0, 0, 1, 1, 4, 1, 1, 4, 4, 4, 2, 2, 4, 2, 1, 1, 1, 1, 2, 1, 2, 1, 1, 1, 1, 4, 0, 3, 3, 0, 1, 1, 0, 3, 2, 2, 2, 2, 0, 1, 1, 0, 4, 0, 1, 2, 2, 1, 4, 0, 3, 2, 1, 2, 1, 2, 3, 1, 1, 3, 0, 4, 4, 1, 4, 3, 1, 2, 4, 1, 1, 1, 1, 1, 3, 1, 1, 1, 1, 1, 1, 1, 2, 1, 4, 3, 2, 2, 1, 2, 2, 0, 1, 1, 1, 4]|[1, 1, 1, 1, 3, 3, 0, 0, 0, 0, 0, 2, 0, 1, 0, 0, 3, 1, 0, 0, 0, 3, 1, 0, 2, 0, 0, 0, 1, 3, 0, 0, 0, 0, 1, 0, 0, 2, 1, 1, 1, 1, 0, 0, 0, 0, 2, 1, 0, 0, 0, 1, 3, 0, 0, 1, 0, 1, 0, 1, 2, 0, 0, 2, 1, 0, 2, 1, 1, 0, 3, 1, 3, 0, 0, 0, 2, 0, 0, 0, 0, 0, 1, 0, 0, 0, 1, 0, 0, 2, 1, 0, 1, 0, 0, 1, 1, 0, 0, 2],733.3116759547878,58140.55643565909,96674.14109675489,false
19,G4_BALANCED,G4_BALANCED,[31, 22, 82, 15, 26, 58, 95, 42, 77, 12, 47, 5, 93, 78, 86, 54, 85, 63, 18, 44, 20, 35, 43, 97, 66, 76, 79, 30, 21, 45, 71, 64, 1, 23, 17, 83, 24, 14, 60, 36, 6, 57, 40, 88, 65, 56, 10, 94, 51, 68, 46, 75, 38, 9, 19, 32, 81, 41, 27, 62, 87, 90, 99, 59, 11, 16, 72, 73, 70, 39, 37, 84, 3, 92, 25, 34, 28, 29, 67, 7, 33, 61, 98, 48, 89, 50, 4, 96, 53, 80, 8, 91, 55, 2, 52, 13, 0, 69, 74, 49]|[1, 1, 0, 1, 1, 0, 1, 2, 2, 1, 2, 2, 2, 1, 1, 0, 0, 1, 0, 2, 2, 0, 1, 2, 0, 1, 2, 2, 0, 0, 1, 2, 1, 2, 1, 0, 2, 0, 1, 1, 0, 1, 1, 1, 0, 2, 2, 1, 0, 0, 0, 0, 1, 1, 2, 1, 2, 0, 0, 0, 2, 1, 0, 1, 2, 1, 2, 1, 1, 1, 1, 1, 1, 0, 1, 2, 0, 0, 0, 1, 2, 1, 2, 0, 1, 0, 1, 2, 0, 0, 0, 2, 2, 0, 1, 0, 0, 1, 2, 0]|[4, 3, 2, 2, 4, 1, 2, 2, 2, 4, 1, 1, 2, 4, 4, 1, 2, 4, 2, 1, 1, 1, 1, 2, 1, 2, 1, 1, 1, 1, 3, 2, 3, 1, 4, 0, 1, 1, 0, 3, 2, 2, 2, 0, 1, 1, 1, 4, 0, 1, 2, 2, 1, 4, 0, 3, 2, 1, 1, 2, 1, 3, 1, 1, 1, 3, 0, 4, 3, 1, 4, 1, 1, 0, 4, 1, 2, 1, 1, 1, 1, 3, 1, 1, 1, 1, 4, 1, 2, 1, 1, 1, 1, 2, 1, 2, 2, 4, 1, 1]|[0, 2, 1, 1, 3, 0, 1, 0, 0, 0, 0, 0, 1, 0, 1, 0, 0, 3, 1, 0, 0, 0, 3, 1, 0, 2, 0, 0, 0, 1, 0, 0, 0, 0, 3, 0, 1, 0, 0, 2, 1, 1, 1, 0, 0, 0, 0, 2, 1, 0, 0, 0, 1, 3, 0, 0, 1, 0, 0, 1, 0, 2, 0, 1, 0, 2, 1, 0, 0, 1, 1, 3, 1, 1, 3, 0, 1, 0, 0, 2, 0, 0, 0, 0, 1, 0, 0, 0, 1, 0, 0, 0, 0, 0, 1, 0, 0, 2, 0, 1],777.1078796202921,56064.70272036895,94627.71072912935,false
19,G2_TEC,G2_TEC,[31, 22, 82, 15, 26, 9, 95, 42, 77, 68, 47, 5, 93, 78, 86, 54, 85, 63, 18, 44, 20, 49, 36, 14, 74, 50, 53, 25, 21, 28, 71, 64, 3, 23, 30, 83, 24, 41, 40, 52, 65, 27, 90, 70, 39, 87, 48, 69, 99, 4, 46, 1, 13, 58, 97, 59, 45, 8, 73, 37, 35, 79, 11, 66, 76, 32, 60, 80, 96, 6, 16, 61, 19, 7, 57, 34, 12, 67, 10, 98, 56, 88, 29, 75, 91, 38, 33, 92, 43, 84, 51, 72, 81, 17, 2, 55, 0, 62, 94, 89]|[2, 1, 2, 1, 1, 2, 1, 1, 1, 1, 1, 0, 2, 2, 1, 2, 0, 0, 0, 2, 2, 1, 0, 2, 0, 2, 2, 1, 0, 1, 1, 1, 0, 0, 1, 0, 2, 1, 2, 2, 0, 0, 1, 1, 0, 2, 0, 2, 1, 0, 0, 2, 0, 0, 2, 0, 1, 1, 0, 0, 2, 1, 0, 2, 2, 0, 2, 2, 0, 1, 2, 1, 1, 2, 0, 1, 1, 1, 1, 2, 2, 1, 1, 0, 1, 0, 1, 0, 1, 0, 1, 1, 1, 1, 2, 0, 0, 1, 2, 1]|[0, 3, 0, 3, 4, 1, 4, 4, 2, 4, 3, 2, 1, 0, 2, 1, 1, 1, 2, 1, 1, 3, 0, 1, 0, 1, 1, 4, 1, 4, 3, 2, 2, 0, 4, 1, 1, 4, 0, 1, 2, 1, 4, 4, 1, 1, 0, 2, 3, 1, 2, 1, 2, 1, 1, 2, 4, 3, 0, 2, 2, 3, 1, 0, 1, 2, 0, 1, 2, 4, 1, 3, 4, 1, 2, 4, 3, 3, 3, 1, 1, 4, 3, 2, 3, 2, 4, 2, 4, 2, 3, 4, 4, 4, 1, 2, 2, 3, 1, 4]|[0, 2, 0, 0, 3, 0, 1, 3, 0, 0, 2, 0, 1, 0, 1, 0, 0, 0, 1, 0, 0, 2, 0, 0, 1, 0, 0, 3, 0, 1, 0, 2, 0, 0, 3, 0, 1, 3, 0, 0, 0, 0, 1, 3, 0, 0, 1, 0, 2, 0, 0, 0, 0, 0, 1, 0, 1, 0, 1, 1, 0, 2, 0, 0, 0, 0, 0, 0, 0, 2, 0, 0, 1, 0, 0, 1, 0, 0, 3, 0, 0, 1, 0, 0, 0, 0, 1, 0, 2, 0, 0, 2, 1, 3, 0, 0, 0, 0, 0, 1],890.9074744783937,50760.14574298861,113587.74359615259,false
19,G3_TWC,G1_CMAX,[31, 22, 82, 15, 26, 9, 42, 95, 77, 12, 47, 5, 93, 78, 86, 54, 85, 63, 18, 44, 20, 35, 43, 97, 91, 76, 10, 30, 21, 45, 71, 64, 1, 23, 17, 83, 24, 14, 60, 36, 6, 57, 94, 88, 65, 56, 79, 40, 67, 68, 46, 75, 38, 58, 19, 32, 81, 41, 27, 62, 87, 90, 99, 59, 11, 16, 72, 73, 69, 39, 37, 84, 3, 92, 25, 55, 28, 29, 51, 7, 33, 61, 98, 66, 89, 50, 8, 96, 53, 80, 4, 48, 34, 2, 52, 13, 0, 70, 49, 74]|[1, 1, 0, 1, 1, 1, 2, 1, 2, 1, 2, 2, 2, 1, 1, 0, 0, 1, 0, 2, 2, 0, 1, 2, 0, 1, 2, 2, 0, 0, 1, 2, 1, 2, 1, 0, 2, 0, 1, 1, 0, 1, 1, 1, 0, 2, 1, 1, 0, 0, 0, 0, 1, 1, 2, 1, 2, 0, 0, 0, 2, 1, 0, 1, 2, 1, 2, 1, 1, 1, 1, 1, 1, 0, 1, 2, 0, 0, 0, 1, 2, 1, 0, 2, 1, 0, 1, 0, 0, 0, 0, 0, 2, 0, 1, 0, 0, 1, 0, 2]|[4, 3, 2, 2, 0, 0, 2, 2, 2, 4, 1, 1, 2, 4, 4, 1, 2, 4, 2, 1, 1, 1, 1, 2, 1, 2, 1, 1, 1, 1, 3, 2, 3, 0, 4, 0, 1, 1, 0, 3, 2, 2, 2, 0, 1, 1, 0, 4, 0, 1, 2, 2, 1, 4, 0, 3, 2, 1, 1, 2, 1, 3, 1, 1, 1, 3, 0, 4, 3, 1, 4, 1, 1, 0, 4, 1, 2, 1, 1, 3, 1, 3, 1, 1, 1, 1, 3, 1, 2, 1, 2, 1, 1, 2, 1, 2, 2, 3, 1, 1]|[0, 2, 1, 1, 3, 3, 0, 1, 0, 0, 0, 0, 1, 0, 1, 0, 0, 3, 1, 0, 0, 0, 3, 1, 0, 2, 0, 0, 0, 1, 0, 0, 0, 0, 3, 0, 1, 0, 0, 2, 1, 1, 1, 0, 0, 0, 0, 2, 1, 0, 0, 0, 1, 3, 0, 0, 1, 0, 0, 1, 0, 2, 0, 1, 0, 2, 1, 0, 0, 1, 1, 3, 1, 1, 3, 0, 1, 0, 0, 2, 0, 0, 0, 0, 1, 0, 2, 0, 1, 0, 1, 0, 0, 0, 1, 0, 0, 0, 1, 0],801.427594812029,57868.49349465401,91455.85780813712,true
19,G1_CMAX,G1_CMAX,[31, 22, 82, 15, 26, 9, 42, 77, 12, 5, 47, 93, 78, 86, 54, 6, 63, 18, 44, 20, 35, 43, 97, 91, 76, 10, 30, 21, 45, 17, 23, 1, 71, 83, 24, 14, 60, 36, 85, 57, 40, 95, 88, 65, 56, 79, 94, 67, 68, 46, 75, 38, 58, 19, 32, 81, 41, 62, 87, 28, 90, 59, 11, 16, 72, 73, 69, 52, 37, 64, 84, 3, 25, 29, 55, 51, 7, 98, 61, 66, 99, 33, 89, 48, 50, 96, 53, 80, 4, 8, 27, 2, 39, 13, 0, 92, 49, 74, 34, 70]|[1, 1, 0, 1, 1, 1, 2, 2, 1, 2, 2, 1, 1, 1, 0, 0, 1, 0, 2, 2, 0, 1, 2, 2, 1, 2, 2, 0, 0, 1, 2, 1, 1, 0, 2, 0, 1, 1, 0, 1, 1, 1, 1, 0, 2, 1, 1, 0, 0, 0, 0, 1, 1, 2, 1, 2, 0, 0, 2, 0, 1, 2, 2, 1, 2, 1, 1, 1, 1, 1, 1, 2, 1, 0, 2, 0, 1, 2, 1, 0, 0, 2, 1, 0, 0, 2, 0, 0, 1, 1, 0, 0, 1, 0, 0, 0, 0, 2, 2, 1]|[0, 3, 1, 2, 0, 0, 1, 1, 4, 1, 1, 4, 4, 4, 2, 2, 4, 2, 1, 1, 1, 1, 2, 1, 2, 1, 1, 1, 1, 4, 0, 3, 3, 0, 1, 1, 0, 3, 2, 2, 2, 2, 0, 1, 1, 0, 4, 0, 1, 2, 2, 1, 4, 0, 3, 2, 1, 2, 1, 2, 3, 1, 1, 3, 0, 4, 4, 1, 4, 3, 1, 2, 4, 1, 1, 1, 1, 1, 3, 1, 1, 1, 1, 1, 1, 1, 2, 1, 4, 3, 2, 2, 1, 2, 2, 0, 1, 1, 1, 4]|[1, 1, 1, 1, 3, 3, 0, 0, 0, 0, 0, 2, 0, 1, 0, 0, 3, 1, 0, 0, 0, 3, 1, 0, 2, 0, 0, 0, 1, 3, 0, 0, 0, 0, 1, 0, 0, 2, 1, 1, 1, 1, 0, 0, 0, 0, 2, 1, 0, 0, 0, 1, 3, 0, 0, 1, 0, 1, 0, 1, 2, 0, 0, 2, 1, 0, 2, 1, 1, 0, 3, 1, 3, 0, 0, 0, 2, 0, 0, 0, 0, 0, 1, 0, 0, 0, 1, 0, 0, 2, 1, 0, 1, 0, 0, 1, 1, 0, 0, 2],733.3116759547878,58140.55643565909,96674.14109675489,false
19,G4_BALANCED,G3_TWC,[31, 22, 82, 15, 26, 9, 95, 42, 77, 12, 47, 5, 93, 78, 86, 54, 85, 63, 18, 44, 20, 35, 43, 97, 91, 76, 10, 30, 21, 45, 71, 64, 1, 23, 17, 83, 24, 14, 60, 36, 41, 57, 40, 88, 65, 56, 6, 79, 94, 67, 68, 46, 75, 38, 58, 19, 32, 81, 96, 27, 62, 90, 99, 59, 11, 16, 72, 73, 69, 28, 37, 84, 3, 92, 25, 55, 39, 29, 51, 7, 66, 70, 98, 33, 89, 50, 48, 87, 80, 53, 8, 4, 34, 2, 52, 49, 0, 61, 74, 13]|[1, 1, 0, 1, 1, 0, 1, 2, 2, 2, 2, 2, 2, 2, 2, 0, 0, 0, 1, 2, 2, 0, 0, 2, 0, 0, 2, 2, 2, 0, 1, 2, 1, 1, 1, 0, 0, 0, 1, 1, 0, 1, 1, 1, 0, 2, 0, 1, 1, 0, 0, 0, 0, 1, 1, 2, 1, 2, 0, 0, 0, 1, 0, 1, 2, 1, 2, 1, 1, 1, 1, 1, 1, 0, 1, 1, 0, 0, 0, 1, 2, 1, 2, 0, 1, 0, 0, 0, 0, 0, 1, 0, 2, 0, 1, 0, 0, 1, 2, 0]|[4, 3, 2, 2, 4, 1, 2, 2, 2, 2, 1, 1, 2, 2, 1, 1, 2, 2, 4, 1, 1, 1, 1, 2, 1, 1, 1, 1, 1, 1, 3, 2, 3, 3, 4, 0, 0, 1, 0, 3, 2, 2, 2, 2, 1, 1, 1, 0, 4, 0, 1, 2, 2, 1, 4, 0, 3, 2, 1, 1, 2, 3, 1, 1, 1, 3, 0, 4, 3, 1, 4, 1, 1, 0, 4, 4, 2, 1, 1, 1, 1, 3, 1, 2, 1, 1, 1, 1, 1, 2, 3, 2, 1, 2, 1, 1, 2, 3, 1, 2]|[0, 2, 1, 1, 3, 0, 1, 0, 0, 0, 0, 0, 1, 1, 0, 0, 0, 0, 3, 0, 0, 0, 0, 1, 0, 0, 0, 0, 0, 1, 0, 0, 0, 0, 3, 0, 0, 0, 0, 2, 1, 1, 1, 1, 0, 0, 0, 0, 2, 1, 0, 0, 0, 1, 3, 0, 0, 1, 0, 0, 1, 2, 0, 1, 0, 2, 1, 0, 0, 1, 1, 3, 1, 1, 3, 3, 1, 0, 0, 2, 0, 0, 0, 1, 1, 0, 0, 0, 0, 1, 2, 1, 0, 0, 1, 1, 0, 0, 0, 0],890.4143580255544,56989.99065408122,91884.80029046525,true
19,G2_TEC,G2_TEC,[31, 22, 82, 15, 26, 9, 95, 42, 77, 68, 47, 5, 93, 78, 86, 54, 85, 63, 18, 44, 20, 49, 36, 14, 74, 50, 53, 25, 21, 28, 71, 64, 3, 23, 30, 83, 24, 41, 40, 52, 65, 27, 90, 70, 39, 87, 48, 69, 99, 4, 46, 1, 13, 58, 97, 59, 45, 8, 73, 37, 35, 79, 11, 66, 76, 32, 60, 80, 96, 6, 16, 61, 19, 7, 57, 34, 12, 67, 10, 98, 56, 88, 29, 75, 91, 38, 33, 92, 43, 84, 51, 72, 81, 17, 2, 55, 0, 62, 94, 89]|[2, 1, 2, 1, 1, 2, 1, 1, 1, 1, 1, 0, 2, 2, 1, 2, 0, 0, 0, 2, 2, 1, 0, 2, 0, 2, 2, 1, 0, 1, 1, 1, 0, 0, 1, 0, 2, 1, 2, 2, 0, 0, 1, 1, 0, 2, 0, 2, 1, 0, 0, 2, 0, 0, 2, 0, 1, 1, 0, 0, 2, 1, 0, 2, 2, 0, 2, 2, 0, 1, 2, 1, 1, 2, 0, 1, 1, 1, 1, 2, 2, 1, 1, 0, 1, 0, 1, 0, 1, 0, 1, 1, 1, 1, 2, 0, 0, 1, 2, 1]|[0, 3, 0, 3, 4, 1, 4, 4, 2, 4, 3, 2, 1, 0, 2, 1, 1, 1, 2, 1, 1, 3, 0, 1, 0, 1, 1, 4, 1, 4, 3, 2, 2, 0, 4, 1, 1, 4, 0, 1, 2, 1, 4, 4, 1, 1, 0, 2, 3, 1, 2, 1, 2, 1, 1, 2, 4, 3, 0, 2, 2, 3, 1, 0, 1, 2, 0, 1, 2, 4, 1, 3, 4, 1, 2, 4, 3, 3, 3, 1, 1, 4, 3, 2, 3, 2, 4, 2, 4, 2, 3, 4, 4, 4, 1, 2, 2, 3, 1, 4]|[0, 2, 0, 0, 3, 0, 1, 3, 0, 0, 2, 0, 1, 0, 1, 0, 0, 0, 1, 0, 0, 2, 0, 0, 1, 0, 0, 3, 0, 1, 0, 2, 0, 0, 3, 0, 1, 3, 0, 0, 0, 0, 1, 3, 0, 0, 1, 0, 2, 0, 0, 0, 0, 0, 1, 0, 1, 0, 1, 1, 0, 2, 0, 0, 0, 0, 0, 0, 0, 2, 0, 0, 1, 0, 0, 1, 0, 0, 3, 0, 0, 1, 0, 0, 0, 0, 1, 0, 2, 0, 0, 2, 1, 3, 0, 0, 0, 0, 0, 1],890.9074744783937,50760.14574298861,113587.74359615259,false
19,G3_TWC,G1_CMAX,[31, 22, 82, 15, 26, 9, 42, 95, 77, 12, 47, 5, 93, 78, 86, 54, 85, 63, 18, 44, 20, 35, 43, 97, 91, 76, 10, 30, 21, 45, 71, 64, 1, 23, 17, 83, 24, 14, 60, 36, 6, 57, 94, 88, 65, 56, 79, 40, 67, 68, 46, 75, 38, 58, 19, 32, 81, 41, 27, 62, 87, 90, 99, 59, 11, 16, 72, 73, 69, 39, 37, 84, 3, 92, 25, 55, 28, 29, 51, 7, 33, 61, 98, 66, 89, 50, 8, 96, 53, 80, 4, 48, 34, 2, 52, 13, 0, 70, 49, 74]|[1, 1, 0, 1, 1, 1, 2, 1, 2, 1, 2, 2, 2, 1, 1, 0, 0, 1, 0, 2, 2, 0, 1, 2, 0, 1, 2, 2, 0, 0, 1, 2, 1, 2, 1, 0, 2, 0, 1, 1, 0, 1, 1, 1, 0, 2, 1, 1, 0, 0, 0, 0, 1, 1, 2, 1, 2, 0, 0, 0, 2, 1, 0, 1, 2, 1, 2, 1, 1, 1, 1, 1, 1, 0, 1, 2, 0, 0, 0, 1, 2, 1, 0, 2, 1, 0, 1, 0, 0, 0, 0, 0, 2, 0, 1, 0, 0, 1, 0, 2]|[4, 3, 2, 2, 0, 0, 2, 2, 2, 4, 1, 1, 2, 4, 4, 1, 2, 4, 2, 1, 1, 1, 1, 2, 1, 2, 1, 1, 1, 1, 3, 2, 3, 0, 4, 0, 1, 1, 0, 3, 2, 2, 2, 0, 1, 1, 0, 4, 0, 1, 2, 2, 1, 4, 0, 3, 2, 1, 1, 2, 1, 3, 1, 1, 1, 3, 0, 4, 3, 1, 4, 1, 1, 0, 4, 1, 2, 1, 1, 3, 1, 3, 1, 1, 1, 1, 3, 1, 2, 1, 2, 1, 1, 2, 1, 2, 2, 3, 1, 1]|[0, 2, 1, 1, 3, 3, 0, 1, 0, 0, 0, 0, 1, 0, 1, 0, 0, 3, 1, 0, 0, 0, 3, 1, 0, 2, 0, 0, 0, 1, 0, 0, 0, 0, 3, 0, 1, 0, 0, 2, 1, 1, 1, 0, 0, 0, 0, 2, 1, 0, 0, 0, 1, 3, 0, 0, 1, 0, 0, 1, 0, 2, 0, 1, 0, 2, 1, 0, 0, 1, 1, 3, 1, 1, 3, 0, 1, 0, 0, 2, 0, 0, 0, 0, 1, 0, 2, 0, 1, 0, 1, 0, 0, 0, 1, 0, 0, 0, 1, 0],801.427594812029,57868.49349465401,91455.85780813712,true
19,G1_CMAX,G1_CMAX,[31, 22, 82, 15, 26, 9, 42, 77, 12, 5, 47, 93, 78, 86, 54, 6, 63, 18, 44, 20, 35, 43, 97, 91, 76, 10, 30, 21, 45, 17, 23, 1, 71, 83, 24, 14, 60, 36, 85, 57, 40, 95, 88, 65, 56, 79, 94, 67, 68, 46, 75, 38, 58, 19, 32, 81, 41, 62, 87, 28, 90, 59, 11, 16, 72, 73, 69, 52, 37, 64, 84, 3, 25, 29, 55, 51, 7, 98, 61, 66, 99, 33, 89, 48, 50, 96, 53, 80, 4, 8, 27, 2, 39, 13, 0, 92, 49, 74, 34, 70]|[1, 1, 0, 1, 1, 1, 2, 2, 1, 2, 2, 1, 1, 1, 0, 0, 1, 0, 2, 2, 0, 1, 2, 2, 1, 2, 2, 0, 0, 1, 2, 1, 1, 0, 2, 0, 1, 1, 0, 1, 1, 1, 1, 0, 2, 1, 1, 0, 0, 0, 0, 1, 1, 2, 1, 2, 0, 0, 2, 0, 1, 2, 2, 1, 2, 1, 1, 1, 1, 1, 1, 2, 1, 0, 2, 0, 1, 2, 1, 0, 0, 2, 1, 0, 0, 2, 0, 0, 1, 1, 0, 0, 1, 0, 0, 0, 0, 2, 2, 1]|[0, 3, 1, 2, 0, 0, 1, 1, 4, 1, 1, 4, 4, 4, 2, 2, 4, 2, 1, 1, 1, 1, 2, 1, 2, 1, 1, 1, 1, 4, 0, 3, 3, 0, 1, 1, 0, 3, 2, 2, 2, 2, 0, 1, 1, 0, 4, 0, 1, 2, 2, 1, 4, 0, 3, 2, 1, 2, 1, 2, 3, 1, 1, 3, 0, 4, 4, 1, 4, 3, 1, 2, 4, 1, 1, 1, 1, 1, 3, 1, 1, 1, 1, 1, 1, 1, 2, 1, 4, 3, 2, 2, 1, 2, 2, 0, 1, 1, 1, 4]|[1, 1, 1, 1, 3, 3, 0, 0, 0, 0, 0, 2, 0, 1, 0, 0, 3, 1, 0, 0, 0, 3, 1, 0, 2, 0, 0, 0, 1, 3, 0, 0, 0, 0, 1, 0, 0, 2, 1, 1, 1, 1, 0, 0, 0, 0, 2, 1, 0, 0, 0, 1, 3, 0, 0, 1, 0, 1, 0, 1, 2, 0, 0, 2, 1, 0, 2, 1, 1, 0, 3, 1, 3, 0, 0, 0, 2, 0, 0, 0, 0, 0, 1, 0, 0, 0, 1, 0, 0, 2, 1, 0, 1, 0, 0, 1, 1, 0, 0, 2],733.3116759547878,58140.55643565909,96674.14109675489,false
19,G4_BALANCED,G4_BALANCED,[31, 22, 82, 15, 26, 58, 95, 42, 77, 12, 47, 5, 93, 78, 86, 54, 85, 63, 18, 44, 20, 35, 43, 97, 91, 76, 10, 30, 21, 45, 71, 64, 1, 23, 17, 83, 24, 14, 60, 36, 6, 57, 40, 88, 65, 56, 79, 94, 67, 68, 46, 75, 38, 9, 19, 32, 81, 41, 27, 62, 87, 90, 99, 59, 11, 16, 72, 73, 70, 39, 37, 84, 3, 92, 25, 34, 28, 29, 51, 7, 66, 61, 98, 33, 89, 50, 8, 96, 4, 53, 80, 48, 55, 2, 52, 0, 13, 69, 49, 74]|[1, 1, 0, 1, 1, 1, 2, 1, 2, 1, 2, 2, 2, 1, 0, 0, 0, 1, 0, 2, 2, 0, 1, 2, 0, 1, 2, 2, 0, 0, 1, 2, 1, 2, 1, 0, 2, 0, 1, 1, 0, 1, 1, 1, 0, 2, 1, 1, 0, 0, 0, 0, 1, 1, 2, 1, 2, 0, 0, 0, 2, 1, 0, 1, 2, 1, 2, 1, 1, 1, 1, 1, 1, 0, 1, 2, 0, 0, 0, 1, 2, 1, 2, 2, 1, 0, 1, 2, 1, 0, 0, 0, 2, 0, 1, 0, 0, 1, 0, 2]|[4, 3, 2, 2, 0, 0, 2, 2, 2, 4, 1, 1, 2, 4, 1, 1, 2, 4, 2, 1, 1, 1, 1, 2, 1, 2, 1, 1, 1, 1, 3, 2, 3, 1, 4, 0, 1, 1, 0, 3, 2, 2, 2, 0, 1, 1, 0, 4, 0, 1, 2, 2, 1, 4, 0, 3, 2, 1, 1, 2, 1, 3, 1, 1, 1, 3, 0, 4, 3, 1, 4, 1, 1, 0, 4, 1, 2, 1, 1, 3, 1, 3, 1, 1, 1, 1, 3, 1, 4, 2, 1, 1, 1, 2, 1, 2, 2, 3, 1, 1]|[0, 2, 1, 1, 3, 3, 0, 1, 0, 0, 0, 0, 1, 0, 0, 0, 0, 3, 1, 0, 0, 0, 3, 1, 0, 2, 0, 0, 0, 1, 0, 0, 0, 0, 3, 0, 1, 0, 0, 2, 1, 1, 1, 0, 0, 0, 0, 2, 1, 0, 0, 0, 1, 3, 0, 0, 1, 0, 0, 1, 0, 2, 0, 1, 0, 2, 1, 0, 0, 1, 1, 3, 1, 1, 3, 0, 1, 0, 0, 2, 0, 0, 0, 0, 1, 0, 2, 0, 0, 1, 0, 0, 0, 0, 1, 0, 0, 0, 1, 0],755.963943213491,57560.74854033047,93271.27921285319,false
19,G2_TEC,G2_TEC,[31, 22, 82, 15, 26, 9, 95, 42, 77, 68, 47, 5, 93, 78, 86, 54, 85, 63, 18, 44, 20, 49, 36, 14, 74, 50, 53, 25, 21, 28, 71, 64, 3, 23, 30, 83, 24, 41, 40, 52, 65, 27, 90, 70, 39, 87, 48, 69, 99, 4, 46, 1, 13, 58, 97, 59, 45, 8, 73, 37, 35, 79, 11, 66, 76, 32, 60, 80, 96, 6, 16, 61, 19, 7, 57, 34, 12, 67, 10, 98, 56, 88, 29, 75, 91, 38, 33, 92, 43, 84, 51, 72, 81, 17, 2, 55, 0, 62, 94, 89]|[2, 1, 2, 1, 1, 2, 1, 1, 1, 1, 1, 0, 2, 2, 1, 2, 0, 0, 0, 2, 2, 1, 0, 2, 0, 2, 2, 1, 0, 1, 1, 1, 0, 0, 1, 0, 2, 1, 2, 2, 0, 0, 1, 1, 0, 2, 0, 2, 1, 0, 0, 2, 0, 0, 2, 0, 1, 1, 0, 0, 2, 1, 0, 2, 2, 0, 2, 2, 0, 1, 2, 1, 1, 2, 0, 1, 1, 1, 1, 2, 2, 1, 1, 0, 1, 0, 1, 0, 1, 0, 1, 1, 1, 1, 2, 0, 0, 1, 2, 1]|[0, 3, 0, 3, 4, 1, 4, 4, 2, 4, 3, 2, 1, 0, 2, 1, 1, 1, 2, 1, 1, 3, 0, 1, 0, 1, 1, 4, 1, 4, 3, 2, 2, 0, 4, 1, 1, 4, 0, 1, 2, 1, 4, 4, 1, 1, 0, 2, 3, 1, 2, 1, 2, 1, 1, 2, 4, 3, 0, 2, 2, 3, 1, 0, 1, 2, 0, 1, 2, 4, 1, 3, 4, 1, 2, 4, 3, 3, 3, 1, 1, 4, 3, 2, 3, 2, 4, 2, 4, 2, 3, 4, 4, 4, 1, 2, 2, 3, 1, 4]|[0, 2, 0, 0, 3, 0, 1, 3, 0, 0, 2, 0, 1, 0, 1, 0, 0, 0, 1, 0, 0, 2, 0, 0, 1, 0, 0, 3, 0, 1, 0, 2, 0, 0, 3, 0, 1, 3, 0, 0, 0, 0, 1, 3, 0, 0, 1, 0, 2, 0, 0, 0, 0, 0, 1, 0, 1, 0, 1, 1, 0, 2, 0, 0, 0, 0, 0, 0, 0, 2, 0, 0, 1, 0, 0, 1, 0, 0, 3, 0, 0, 1, 0, 0, 0, 0, 1, 0, 2, 0, 0, 2, 1, 3, 0, 0, 0, 0, 0, 1],890.9074744783937,50760.14574298861,113587.74359615259,false
19,G3_TWC,G1_CMAX,[31, 22, 82, 15, 26, 9, 42, 95, 77, 12, 47, 5, 93, 78, 86, 54, 85, 63, 18, 44, 20, 35, 43, 97, 91, 76, 10, 30, 21, 45, 71, 64, 1, 23, 17, 83, 24, 14, 60, 36, 6, 57, 94, 88, 65, 56, 79, 40, 67, 68, 46, 75, 38, 58, 19, 32, 81, 41, 27, 62, 87, 90, 99, 59, 11, 16, 72, 73, 69, 39, 37, 84, 3, 92, 25, 55, 28, 29, 51, 7, 33, 61, 98, 66, 89, 50, 8, 96, 53, 80, 4, 48, 34, 2, 52, 13, 0, 70, 49, 74]|[1, 1, 0, 1, 1, 1, 2, 1, 2, 1, 2, 2, 2, 1, 1, 0, 0, 1, 0, 2, 2, 0, 1, 2, 0, 1, 2, 2, 0, 0, 1, 2, 1, 2, 1, 0, 2, 0, 1, 1, 0, 1, 1, 1, 0, 2, 1, 1, 0, 0, 0, 0, 1, 1, 2, 1, 2, 0, 0, 0, 2, 1, 0, 1, 2, 1, 2, 1, 1, 1, 1, 1, 1, 0, 1, 2, 0, 0, 0, 1, 2, 1, 0, 2, 1, 0, 1, 0, 0, 0, 0, 0, 2, 0, 1, 0, 0, 1, 0, 2]|[4, 3, 2, 2, 0, 0, 2, 2, 2, 4, 1, 1, 2, 4, 4, 1, 2, 4, 2, 1, 1, 1, 1, 2, 1, 2, 1, 1, 1, 1, 3, 2, 3, 0, 4, 0, 1, 1, 0, 3, 2, 2, 2, 0, 1, 1, 0, 4, 0, 1, 2, 2, 1, 4, 0, 3, 2, 1, 1, 2, 1, 3, 1, 1, 1, 3, 0, 4, 3, 1, 4, 1, 1, 0, 4, 1, 2, 1, 1, 3, 1, 3, 1, 1, 1, 1, 3, 1, 2, 1, 2, 1, 1, 2, 1, 2, 2, 3, 1, 1]|[0, 2, 1, 1, 3, 3, 0, 1, 0, 0, 0, 0, 1, 0, 1, 0, 0, 3, 1, 0, 0, 0, 3, 1, 0, 2, 0, 0, 0, 1, 0, 0, 0, 0, 3, 0, 1, 0, 0, 2, 1, 1, 1, 0, 0, 0, 0, 2, 1, 0, 0, 0, 1, 3, 0, 0, 1, 0, 0, 1, 0, 2, 0, 1, 0, 2, 1, 0, 0, 1, 1, 3, 1, 1, 3, 0, 1, 0, 0, 2, 0, 0, 0, 0, 1, 0, 2, 0, 1, 0, 1, 0, 0, 0, 1, 0, 0, 0, 1, 0],801.427594812029,57868.49349465401,91455.85780813712,true
19,G1_CMAX,G1_CMAX,[31, 22, 82, 15, 26, 9, 42, 77, 12, 5, 47, 93, 78, 86, 54, 6, 63, 18, 44, 20, 35, 43, 97, 91, 76, 10, 30, 21, 45, 17, 23, 1, 71, 83, 24, 14, 60, 36, 85, 57, 40, 95, 88, 65, 56, 79, 94, 67, 68, 46, 75, 38, 58, 19, 32, 81, 41, 62, 87, 28, 90, 59, 11, 16, 72, 73, 69, 52, 37, 64, 84, 3, 25, 29, 55, 51, 7, 98, 61, 66, 99, 33, 89, 48, 50, 96, 53, 80, 4, 8, 27, 2, 39, 13, 0, 92, 49, 74, 34, 70]|[1, 1, 0, 1, 1, 1, 2, 2, 1, 2, 2, 1, 1, 1, 0, 0, 1, 0, 2, 2, 0, 1, 2, 2, 1, 2, 2, 0, 0, 1, 2, 1, 1, 0, 2, 0, 1, 1, 0, 1, 1, 1, 1, 0, 2, 1, 1, 0, 0, 0, 0, 1, 1, 2, 1, 2, 0, 0, 2, 0, 1, 2, 2, 1, 2, 1, 1, 1, 1, 1, 1, 2, 1, 0, 2, 0, 1, 2, 1, 0, 0, 2, 1, 0, 0, 2, 0, 0, 1, 1, 0, 0, 1, 0, 0, 0, 0, 2, 2, 1]|[0, 3, 1, 2, 0, 0, 1, 1, 4, 1, 1, 4, 4, 4, 2, 2, 4, 2, 1, 1, 1, 1, 2, 1, 2, 1, 1, 1, 1, 4, 0, 3, 3, 0, 1, 1, 0, 3, 2, 2, 2, 2, 0, 1, 1, 0, 4, 0, 1, 2, 2, 1, 4, 0, 3, 2, 1, 2, 1, 2, 3, 1, 1, 3, 0, 4, 4, 1, 4, 3, 1, 2, 4, 1, 1, 1, 1, 1, 3, 1, 1, 1, 1, 1, 1, 1, 2, 1, 4, 3, 2, 2, 1, 2, 2, 0, 1, 1, 1, 4]|[1, 1, 1, 1, 3, 3, 0, 0, 0, 0, 0, 2, 0, 1, 0, 0, 3, 1, 0, 0, 0, 3, 1, 0, 2, 0, 0, 0, 1, 3, 0, 0, 0, 0, 1, 0, 0, 2, 1, 1, 1, 1, 0, 0, 0, 0, 2, 1, 0, 0, 0, 1, 3, 0, 0, 1, 0, 1, 0, 1, 2, 0, 0, 2, 1, 0, 2, 1, 1, 0, 3, 1, 3, 0, 0, 0, 2, 0, 0, 0, 0, 0, 1, 0, 0, 0, 1, 0, 0, 2, 1, 0, 1, 0, 0, 1, 1, 0, 0, 2],733.3116759547878,58140.55643565909,96674.14109675489,false
19,G4_BALANCED,G1_CMAX,[31, 22, 82, 15, 26, 58, 95, 42, 77, 12, 47, 5, 93, 78, 86, 54, 85, 63, 18, 72, 20, 35, 43, 97, 91, 76, 10, 30, 21, 45, 71, 64, 1, 23, 17, 83, 24, 14, 60, 36, 6, 57, 40, 88, 65, 56, 79, 94, 67, 68, 46, 75, 38, 9, 19, 32, 81, 41, 27, 62, 87, 50, 99, 59, 11, 16, 44, 73, 70, 39, 37, 84, 3, 92, 25, 55, 28, 29, 51, 98, 7, 61, 66, 48, 89, 90, 4, 96, 53, 80, 8, 33, 34, 2, 52, 13, 74, 69, 0, 49]|[1, 1, 0, 1, 1, 0, 1, 2, 2, 1, 2, 2, 2, 1, 1, 0, 0, 1, 0, 2, 2, 0, 1, 2, 0, 1, 2, 2, 0, 0, 1, 2, 1, 2, 1, 0, 2, 0, 1, 1, 0, 1, 1, 1, 0, 2, 1, 1, 0, 0, 0, 0, 1, 1, 2, 1, 2, 0, 0, 0, 2, 1, 0, 1, 2, 1, 2, 1, 1, 1, 1, 1, 1, 0, 1, 2, 0, 0, 0, 2, 1, 1, 2, 0, 1, 0, 1, 2, 0, 0, 1, 2, 2, 0, 1, 0, 2, 1, 0, 0]|[4, 3, 2, 2, 4, 1, 2, 2, 2, 4, 1, 1, 2, 4, 4, 1, 2, 4, 2, 1, 1, 1, 1, 2, 1, 2, 1, 1, 1, 1, 3, 2, 3, 1, 4, 0, 1, 1, 0, 3, 2, 2, 2, 0, 1, 1, 0, 4, 0, 1, 2, 2, 1, 4, 0, 3, 2, 1, 1, 2, 1, 3, 1, 1, 1, 3, 1, 4, 3, 1, 4, 1, 1, 0, 4, 1, 2, 1, 1, 1, 1, 3, 1, 1, 1, 1, 4, 1, 2, 1, 3, 1, 1, 2, 1, 2, 1, 4, 2, 1]|[0, 2, 1, 1, 3, 0, 1, 0, 0, 0, 0, 0, 1, 0, 1, 0, 0, 3, 1, 0, 0, 0, 3, 1, 0, 2, 0, 0, 0, 1, 0, 0, 0, 0, 3, 0, 1, 0, 0, 2, 1, 1, 1, 0, 0, 0, 0, 2, 1, 0, 0, 0, 1, 3, 0, 0, 1, 0, 0, 1, 0, 2, 0, 1, 0, 2, 0, 0, 0, 1, 1, 3, 1, 1, 3, 0, 1, 0, 0, 0, 2, 0, 0, 0, 1, 0, 0, 0, 1, 0, 2, 0, 0, 0, 1, 0, 0, 2, 0, 1],759.6266350452713,56242.435036685805,94957.67305774725,true
19,G2_TEC,G2_TEC,[31, 22, 82, 15, 26, 9, 95, 42, 77, 68, 47, 5, 93, 78, 86, 54, 85, 63, 18, 44, 20, 49, 36, 14, 74, 50, 53, 25, 21, 28, 71, 64, 3, 23, 30, 83, 24, 41, 40, 52, 65, 27, 90, 70, 39, 87, 48, 69, 99, 4, 46, 1, 13, 58, 97, 59, 45, 8, 73, 37, 35, 79, 11, 66, 76, 32, 60, 80, 96, 6, 16, 61, 19, 7, 57, 34, 12, 67, 10, 98, 56, 88, 29, 75, 91, 38, 33, 92, 43, 84, 51, 72, 81, 17, 2, 55, 0, 62, 94, 89]|[2, 1, 2, 1, 1, 2, 1, 1, 1, 1, 1, 0, 2, 2, 1, 2, 0, 0, 0, 2, 2, 1, 0, 2, 0, 2, 2, 1, 0, 1, 1, 1, 0, 0, 1, 0, 2, 1, 2, 2, 0, 0, 1, 1, 0, 2, 0, 2, 1, 0, 0, 2, 0, 0, 2, 0, 1, 1, 0, 0, 2, 1, 0, 2, 2, 0, 2, 2, 0, 1, 2, 1, 1, 2, 0, 1, 1, 1, 1, 2, 2, 1, 1, 0, 1, 0, 1, 0, 1, 0, 1, 1, 1, 1, 2, 0, 0, 1, 2, 1]|[0, 3, 0, 3, 4, 1, 4, 4, 2, 4, 3, 2, 1, 0, 2, 1, 1, 1, 2, 1, 1, 3, 0, 1, 0, 1, 1, 4, 1, 4, 3, 2, 2, 0, 4, 1, 1, 4, 0, 1, 2, 1, 4, 4, 1, 1, 0, 2, 3, 1, 2, 1, 2, 1, 1, 2, 4, 3, 0, 2, 2, 3, 1, 0, 1, 2, 0, 1, 2, 4, 1, 3, 4, 1, 2, 4, 3, 3, 3, 1, 1, 4, 3, 2, 3, 2, 4, 2, 4, 2, 3, 4, 4, 4, 1, 2, 2, 3, 1, 4]|[0, 2, 0, 0, 3, 0, 1, 3, 0, 0, 2, 0, 1, 0, 1, 0, 0, 0, 1, 0, 0, 2, 0, 0, 1, 0, 0, 3, 0, 1, 0, 2, 0, 0, 3, 0, 1, 3, 0, 0, 0, 0, 1, 3, 0, 0, 1, 0, 2, 0, 0, 0, 0, 0, 1, 0, 1, 0, 1, 1, 0, 2, 0, 0, 0, 0, 0, 0, 0, 2, 0, 0, 1, 0, 0, 1, 0, 0, 3, 0, 0, 1, 0, 0, 0, 0, 1, 0, 2, 0, 0, 2, 1, 3, 0, 0, 0, 0, 0, 1],890.9074744783937,50760.14574298861,113587.74359615259,false
19,G3_TWC,G1_CMAX,[31, 22, 82, 15, 26, 9, 42, 95, 77, 12, 47, 5, 93, 78, 86, 54, 85, 63, 18, 44, 20, 35, 43, 97, 91, 76, 10, 30, 21, 45, 71, 64, 1, 23, 17, 83, 24, 14, 60, 36, 6, 57, 94, 88, 65, 56, 79, 40, 67, 68, 46, 75, 38, 58, 19, 32, 81, 41, 27, 62, 87, 90, 99, 59, 11, 16, 72, 73, 69, 39, 37, 84, 3, 92, 25, 55, 28, 29, 51, 7, 33, 61, 98, 66, 89, 50, 8, 96, 53, 80, 4, 48, 34, 2, 52, 13, 0, 70, 49, 74]|[1, 1, 0, 1, 1, 1, 2, 1, 2, 1, 2, 2, 2, 1, 1, 0, 0, 1, 0, 2, 2, 0, 1, 2, 0, 1, 2, 2, 0, 0, 1, 2, 1, 2, 1, 0, 2, 0, 1, 1, 0, 1, 1, 1, 0, 2, 1, 1, 0, 0, 0, 0, 1, 1, 2, 1, 2, 0, 0, 0, 2, 1, 0, 1, 2, 1, 2, 1, 1, 1, 1, 1, 1, 0, 1, 2, 0, 0, 0, 1, 2, 1, 0, 2, 1, 0, 1, 0, 0, 0, 0, 0, 2, 0, 1, 0, 0, 1, 0, 2]|[4, 3, 2, 2, 0, 0, 2, 2, 2, 4, 1, 1, 2, 4, 4, 1, 2, 4, 2, 1, 1, 1, 1, 2, 1, 2, 1, 1, 1, 1, 3, 2, 3, 0, 4, 0, 1, 1, 0, 3, 2, 2, 2, 0, 1, 1, 0, 4, 0, 1, 2, 2, 1, 4, 0, 3, 2, 1, 1, 2, 1, 3, 1, 1, 1, 3, 0, 4, 3, 1, 4, 1, 1, 0, 4, 1, 2, 1, 1, 3, 1, 3, 1, 1, 1, 1, 3, 1, 2, 1, 2, 1, 1, 2, 1, 2, 2, 3, 1, 1]|[0, 2, 1, 1, 3, 3, 0, 1, 0, 0, 0, 0, 1, 0, 1, 0, 0, 3, 1, 0, 0, 0, 3, 1, 0, 2, 0, 0, 0, 1, 0, 0, 0, 0, 3, 0, 1, 0, 0, 2, 1, 1, 1, 0, 0, 0, 0, 2, 1, 0, 0, 0, 1, 3, 0, 0, 1, 0, 0, 1, 0, 2, 0, 1, 0, 2, 1, 0, 0, 1, 1, 3, 1, 1, 3, 0, 1, 0, 0, 2, 0, 0, 0, 0, 1, 0, 2, 0, 1, 0, 1, 0, 0, 0, 1, 0, 0, 0, 1, 0],801.427594812029,57868.49349465401,91455.85780813712,true
19,G1_CMAX,G1_CMAX,[31, 22, 82, 15, 26, 9, 42, 77, 12, 5, 47, 93, 78, 86, 54, 6, 63, 18, 44, 20, 35, 43, 97, 91, 76, 10, 30, 21, 45, 17, 23, 1, 71, 83, 24, 14, 60, 36, 85, 57, 40, 95, 88, 65, 56, 79, 94, 67, 68, 46, 75, 38, 58, 19, 32, 81, 41, 62, 87, 28, 90, 59, 11, 16, 72, 73, 69, 52, 37, 64, 84, 3, 25, 29, 55, 51, 7, 98, 61, 66, 99, 33, 89, 48, 50, 96, 53, 80, 4, 8, 27, 2, 39, 13, 0, 92, 49, 74, 34, 70]|[1, 1, 0, 1, 1, 1, 2, 2, 1, 2, 2, 1, 1, 1, 0, 0, 1, 0, 2, 2, 0, 1, 2, 2, 1, 2, 2, 0, 0, 1, 2, 1, 1, 0, 2, 0, 1, 1, 0, 1, 1, 1, 1, 0, 2, 1, 1, 0, 0, 0, 0, 1, 1, 2, 1, 2, 0, 0, 2, 0, 1, 2, 2, 1, 2, 1, 1, 1, 1, 1, 1, 2, 1, 0, 2, 0, 1, 2, 1, 0, 0, 2, 1, 0, 0, 2, 0, 0, 1, 1, 0, 0, 1, 0, 0, 0, 0, 2, 2, 1]|[0, 3, 1, 2, 0, 0, 1, 1, 4, 1, 1, 4, 4, 4, 2, 2, 4, 2, 1, 1, 1, 1, 2, 1, 2, 1, 1, 1, 1, 4, 0, 3, 3, 0, 1, 1, 0, 3, 2, 2, 2, 2, 0, 1, 1, 0, 4, 0, 1, 2, 2, 1, 4, 0, 3, 2, 1, 2, 1, 2, 3, 1, 1, 3, 0, 4, 4, 1, 4, 3, 1, 2, 4, 1, 1, 1, 1, 1, 3, 1, 1, 1, 1, 1, 1, 1, 2, 1, 4, 3, 2, 2, 1, 2, 2, 0, 1, 1, 1, 4]|[1, 1, 1, 1, 3, 3, 0, 0, 0, 0, 0, 2, 0, 1, 0, 0, 3, 1, 0, 0, 0, 3, 1, 0, 2, 0, 0, 0, 1, 3, 0, 0, 0, 0, 1, 0, 0, 2, 1, 1, 1, 1, 0, 0, 0, 0, 2, 1, 0, 0, 0, 1, 3, 0, 0, 1, 0, 1, 0, 1, 2, 0, 0, 2, 1, 0, 2, 1, 1, 0, 3, 1, 3, 0, 0, 0, 2, 0, 0, 0, 0, 0, 1, 0, 0, 0, 1, 0, 0, 2, 1, 0, 1, 0, 0, 1, 1, 0, 0, 2],733.3116759547878,58140.55643565909,96674.14109675489,false
19,G4_BALANCED,G4_BALANCED,[31, 22, 82, 15, 26, 9, 95, 42, 77, 68, 47, 5, 93, 78, 86, 54, 85, 63, 18, 44, 20, 49, 36, 14, 74, 50, 53, 17, 21, 28, 71, 64, 3, 23, 30, 83, 24, 41, 60, 52, 65, 27, 90, 70, 39, 87, 48, 69, 99, 4, 46, 1, 13, 58, 97, 59, 45, 8, 73, 37, 35, 40, 11, 66, 76, 32, 79, 80, 96, 6, 16, 61, 33, 7, 57, 34, 12, 67, 10, 98, 56, 88, 29, 75, 91, 38, 19, 92, 43, 84, 51, 72, 81, 25, 2, 55, 0, 89, 94, 62]|[2, 1, 2, 1, 1, 2, 1, 1, 1, 1, 1, 0, 2, 2, 1, 2, 0, 0, 0, 2, 2, 1, 0, 2, 0, 2, 2, 1, 0, 1, 1, 1, 0, 0, 1, 0, 2, 1, 2, 2, 0, 0, 1, 1, 0, 2, 0, 2, 1, 0, 0, 2, 0, 0, 2, 0, 1, 1, 0, 0, 2, 2, 0, 2, 2, 0, 1, 2, 0, 1, 2, 1, 1, 2, 0, 1, 1, 1, 1, 0, 2, 1, 1, 0, 1, 0, 1, 0, 1, 0, 1, 1, 1, 1, 2, 0, 0, 1, 1, 1]|[0, 3, 0, 3, 4, 1, 4, 4, 2, 4, 3, 2, 1, 0, 2, 1, 1, 1, 2, 1, 1, 3, 0, 1, 0, 1, 1, 4, 1, 4, 3, 2, 2, 0, 4, 1, 1, 4, 0, 1, 2, 1, 4, 4, 1, 1, 0, 2, 3, 1, 2, 1, 2, 1, 1, 2, 4, 3, 0, 2, 2, 0, 1, 0, 1, 2, 3, 1, 2, 4, 1, 3, 4, 1, 2, 4, 3, 3, 3, 2, 1, 4, 3, 2, 3, 2, 4, 2, 4, 2, 3, 4, 1, 4, 1, 2, 2, 4, 4, 3]|[0, 2, 0, 0, 3, 0, 1, 3, 0, 0, 2, 0, 1, 0, 1, 0, 0, 0, 1, 0, 0, 2, 0, 0, 1, 0, 0, 3, 0, 1, 0, 2, 0, 1, 3, 0, 1, 3, 1, 0, 0, 0, 1, 3, 0, 0, 1, 0, 2, 0, 0, 0, 0, 0, 1, 0, 1, 0, 1, 1, 0, 0, 0, 0, 0, 0, 2, 0, 0, 2, 0, 0, 1, 0, 0, 1, 0, 0, 3, 0, 0, 1, 0, 0, 0, 0, 3, 0, 2, 0, 0, 2, 1, 3, 0, 0, 0, 1, 2, 0],892.7401490794913,51648.15640149474,106449.34518021956,false
19,G2_TEC,G2_TEC,[31, 22, 82, 15, 26, 9, 95, 42, 77, 68, 47, 5, 93, 78, 86, 54, 85, 63, 18, 44, 20, 49, 36, 14, 74, 50, 53, 25, 21, 28, 71, 64, 3, 23, 30, 83, 24, 41, 40, 52, 65, 27, 90, 70, 39, 87, 48, 69, 99, 4, 46, 1, 13, 58, 97, 59, 45, 8, 73, 37, 35, 79, 11, 66, 76, 32, 60, 80, 96, 6, 16, 61, 19, 7, 57, 34, 12, 67, 10, 98, 56, 88, 29, 75, 91, 38, 33, 92, 43, 84, 51, 72, 81, 17, 2, 55, 0, 62, 94, 89]|[2, 1, 2, 1, 1, 2, 1, 1, 1, 1, 1, 0, 2, 2, 1, 2, 0, 0, 0, 2, 2, 1, 0, 2, 0, 2, 2, 1, 0, 1, 1, 1, 0, 0, 1, 0, 2, 1, 2, 2, 0, 0, 1, 1, 0, 2, 0, 2, 1, 0, 0, 2, 0, 0, 2, 0, 1, 1, 0, 0, 2, 1, 0, 2, 2, 0, 2, 2, 0, 1, 2, 1, 1, 2, 0, 1, 1, 1, 1, 2, 2, 1, 1, 0, 1, 0, 1, 0, 1, 0, 1, 1, 1, 1, 2, 0, 0, 1, 2, 1]|[0, 3, 0, 3, 4, 1, 4, 4, 2, 4, 3, 2, 1, 0, 2, 1, 1, 1, 2, 1, 1, 3, 0, 1, 0, 1, 1, 4, 1, 4, 3, 2, 2, 0, 4, 1, 1, 4, 0, 1, 2, 1, 4, 4, 1, 1, 0, 2, 3, 1, 2, 1, 2, 1, 1, 2, 4, 3, 0, 2, 2, 3, 1, 0, 1, 2, 0, 1, 2, 4, 1, 3, 4, 1, 2, 4, 3, 3, 3, 1, 1, 4, 3, 2, 3, 2, 4, 2, 4, 2, 3, 4, 4, 4, 1, 2, 2, 3, 1, 4]|[0, 2, 0, 0, 3, 0, 1, 3, 0, 0, 2, 0, 1, 0, 1, 0, 0, 0, 1, 0, 0, 2, 0, 0, 1, 0, 0, 3, 0, 1, 0, 2, 0, 0, 3, 0, 1, 3, 0, 0, 0, 0, 1, 3, 0, 0, 1, 0, 2, 0, 0, 0, 0, 0, 1, 0, 1, 0, 1, 1, 0, 2, 0, 0, 0, 0, 0, 0, 0, 2, 0, 0, 1, 0, 0, 1, 0, 0, 3, 0, 0, 1, 0, 0, 0, 0, 1, 0, 2, 0, 0, 2, 1, 3, 0, 0, 0, 0, 0, 1],890.9074744783937,50760.14574298861,113587.74359615259,false
19,G3_TWC,G1_CMAX,[31, 22, 82, 15, 26, 58, 95, 42, 77, 12, 47, 5, 93, 78, 86, 54, 85, 63, 18, 72, 20, 35, 43, 97, 91, 76, 10, 30, 21, 45, 71, 64, 1, 23, 17, 83, 24, 14, 60, 36, 6, 57, 40, 88, 65, 56, 79, 94, 67, 68, 46, 75, 38, 9, 19, 32, 81, 41, 27, 62, 87, 50, 99, 59, 11, 16, 44, 73, 70, 39, 37, 84, 3, 92, 25, 55, 28, 29, 51, 98, 7, 61, 66, 48, 89, 90, 4, 96, 53, 80, 8, 33, 34, 2, 52, 13, 74, 69, 0, 49]|[1, 1, 0, 1, 1, 0, 1, 2, 2, 1, 2, 2, 2, 1, 1, 0, 0, 1, 0, 2, 2, 0, 1, 2, 0, 1, 2, 2, 0, 0, 1, 2, 1, 2, 1, 0, 2, 0, 1, 1, 0, 1, 1, 1, 0, 2, 1, 1, 0, 0, 0, 0, 1, 1, 2, 1, 2, 0, 0, 0, 2, 1, 0, 1, 2, 1, 2, 1, 1, 1, 1, 1, 1, 0, 1, 2, 0, 0, 0, 2, 1, 1, 2, 0, 1, 0, 1, 2, 0, 0, 1, 2, 2, 0, 1, 0, 2, 1, 0, 0]|[4, 3, 2, 2, 4, 1, 2, 2, 2, 4, 1, 1, 2, 4, 4, 1, 2, 4, 2, 1, 1, 1, 1, 2, 1, 2, 1, 1, 1, 1, 3, 2, 3, 1, 4, 0, 1, 1, 0, 3, 2, 2, 2, 0, 1, 1, 0, 4, 0, 1, 2, 2, 1, 4, 0, 3, 2, 1, 1, 2, 1, 3, 1, 1, 1, 3, 1, 4, 3, 1, 4, 1, 1, 0, 4, 1, 2, 1, 1, 1, 1, 3, 1, 1, 1, 1, 4, 1, 2, 1, 3, 1, 1, 2, 1, 2, 1, 4, 2, 1]|[0, 2, 1, 1, 3, 0, 1, 0, 0, 0, 0, 0, 1, 0, 1, 0, 0, 3, 1, 0, 0, 0, 3, 1, 0, 2, 0, 0, 0, 1, 0, 0, 0, 0, 3, 0, 1, 0, 0, 2, 1, 1, 1, 0, 0, 0, 0, 2, 1, 0, 0, 0, 1, 3, 0, 0, 1, 0, 0, 1, 0, 2, 0, 1, 0, 2, 0, 0, 0, 1, 1, 3, 1, 1, 3, 0, 1, 0, 0, 0, 2, 0, 0, 0, 1, 0, 0, 0, 1, 0, 2, 0, 0, 0, 1, 0, 0, 2, 0, 1],759.6266350452713,56242.435036685805,94957.67305774725,true
19,G1_CMAX,G4_BALANCED,[31, 22, 82, 15, 26, 9, 95, 42, 77, 68, 47, 5, 93, 78, 86, 54, 85, 63, 18, 44, 20, 49, 36, 14, 74, 50, 53, 17, 21, 28, 71, 64, 3, 23, 30, 83, 24, 41, 60, 40, 65, 27, 90, 70, 39, 87, 48, 69, 99, 4, 46, 1, 13, 58, 97, 59, 45, 8, 73, 37, 35, 79, 11, 66, 76, 32, 52, 80, 96, 6, 16, 61, 33, 7, 57, 34, 12, 67, 10, 98, 94, 25, 29, 75, 91, 38, 19, 92, 62, 84, 51, 72, 81, 88, 2, 55, 0, 89, 56, 43]|[2, 1, 2, 1, 1, 2, 1, 1, 1, 2, 1, 0, 2, 2, 1, 2, 0, 0, 0, 2, 2, 1, 0, 2, 0, 2, 2, 1, 0, 1, 1, 1, 0, 0, 1, 0, 2, 1, 2, 2, 0, 0, 1, 1, 0, 2, 0, 2, 1, 0, 0, 2, 0, 0, 2, 0, 1, 1, 0, 0, 2, 1, 0, 2, 2, 0, 2, 2, 0, 1, 2, 1, 1, 2, 0, 1, 1, 1, 1, 2, 2, 1, 1, 0, 1, 0, 1, 0, 1, 0, 1, 1, 1, 1, 2, 0, 0, 1, 2, 1]|[0, 3, 0, 3, 4, 1, 4, 4, 2, 0, 3, 2, 1, 0, 2, 1, 1, 1, 2, 1, 1, 3, 0, 1, 0, 1, 1, 4, 1, 4, 3, 2, 2, 0, 4, 1, 1, 4, 0, 1, 2, 1, 4, 4, 1, 1, 0, 2, 3, 1, 2, 1, 2, 1, 1, 2, 4, 3, 0, 2, 2, 3, 1, 0, 1, 2, 1, 1, 2, 4, 1, 3, 4, 1, 2, 4, 3, 3, 3, 1, 1, 4, 3, 2, 3, 2, 4, 2, 3, 2, 3, 4, 4, 4, 1, 2, 2, 4, 1, 4]|[0, 2, 0, 0, 3, 0, 1, 3, 0, 0, 2, 0, 1, 0, 1, 0, 0, 0, 1, 0, 0, 2, 0, 0, 1, 0, 0, 3, 0, 1, 0, 2, 0, 1, 3, 0, 1, 3, 0, 0, 0, 0, 1, 3, 0, 0, 1, 0, 2, 0, 0, 0, 0, 0, 1, 0, 1, 0, 1, 1, 0, 2, 0, 0, 0, 0, 0, 0, 0, 2, 0, 0, 1, 0, 0, 1, 0, 0, 3, 0, 0, 3, 0, 0, 0, 0, 3, 0, 0, 0, 0, 2, 1, 1, 0, 0, 0, 1, 0, 2],861.207151122039,51415.15238712907,109346.56813053037,true
19,G4_BALANCED,G4_BALANCED,[31, 22, 82, 15, 26, 9, 95, 42, 77, 68, 47, 5, 93, 78, 86, 54, 85, 63, 18, 44, 20, 49, 36, 14, 74, 50, 53, 17, 21, 28, 71, 64, 3, 23, 30, 83, 24, 41, 60, 52, 65, 27, 90, 70, 39, 87, 48, 69, 99, 4, 46, 1, 13, 58, 97, 59, 45, 8, 73, 37, 35, 40, 11, 66, 76, 32, 79, 80, 96, 6, 16, 61, 33, 7, 57, 34, 12, 67, 10, 98, 56, 88, 29, 75, 91, 38, 19, 92, 43, 84, 51, 72, 81, 25, 2, 55, 0, 89, 94, 62]|[2, 1, 2, 1, 1, 2, 1, 1, 1, 1, 1, 0, 2, 2, 1, 2, 0, 0, 0, 2, 2, 1, 0, 2, 0, 2, 2, 1, 0, 1, 1, 1, 0, 0, 1, 0, 2, 1, 2, 2, 0, 0, 1, 1, 0, 2, 0, 2, 1, 0, 0, 2, 0, 0, 2, 0, 1, 1, 0, 0, 2, 2, 0, 2, 2, 0, 1, 2, 0, 1, 2, 1, 1, 2, 0, 1, 1, 1, 1, 0, 2, 1, 1, 0, 1, 0, 1, 0, 1, 0, 1, 1, 1, 1, 2, 0, 0, 1, 1, 1]|[0, 3, 0, 3, 4, 1, 4, 4, 2, 4, 3, 2, 1, 0, 2, 1, 1, 1, 2, 1, 1, 3, 0, 1, 0, 1, 1, 4, 1, 4, 3, 2, 2, 0, 4, 1, 1, 4, 0, 1, 2, 1, 4, 4, 1, 1, 0, 2, 3, 1, 2, 1, 2, 1, 1, 2, 4, 3, 0, 2, 2, 0, 1, 0, 1, 2, 3, 1, 2, 4, 1, 3, 4, 1, 2, 4, 3, 3, 3, 2, 1, 4, 3, 2, 3, 2, 4, 2, 4, 2, 3, 4, 1, 4, 1, 2, 2, 4, 4, 3]|[0, 2, 0, 0, 3, 0, 1, 3, 0, 0, 2, 0, 1, 0, 1, 0, 0, 0, 1, 0, 0, 2, 0, 0, 1, 0, 0, 3, 0, 1, 0, 2, 0, 1, 3, 0, 1, 3, 1, 0, 0, 0, 1, 3, 0, 0, 1, 0, 2, 0, 0, 0, 0, 0, 1, 0, 1, 0, 1, 1, 0, 0, 0, 0, 0, 0, 2, 0, 0, 2, 0, 0, 1, 0, 0, 1, 0, 0, 3, 0, 0, 1, 0, 0, 0, 0, 3, 0, 2, 0, 0, 2, 1, 3, 0, 0, 0, 1, 2, 0],892.7401490794913,51648.15640149474,106449.34518021956,false
19,G2_TEC,G2_TEC,[31, 22, 82, 15, 26, 9, 95, 42, 77, 68, 47, 5, 93, 78, 86, 54, 85, 63, 18, 44, 20, 49, 36, 14, 74, 50, 53, 25, 21, 28, 71, 64, 3, 23, 30, 83, 24, 41, 40, 52, 65, 27, 90, 70, 39, 87, 48, 69, 99, 4, 46, 1, 13, 58, 97, 59, 45, 8, 73, 37, 35, 79, 11, 66, 76, 32, 60, 80, 96, 6, 16, 61, 19, 7, 57, 34, 12, 67, 10, 98, 56, 88, 29, 75, 91, 38, 33, 92, 43, 84, 51, 72, 81, 17, 2, 55, 0, 62, 94, 89]|[2, 1, 2, 1, 1, 2, 1, 1, 1, 1, 1, 0, 2, 2, 1, 2, 0, 0, 0, 2, 2, 1, 0, 2, 0, 2, 2, 1, 0, 1, 1, 1, 0, 0, 1, 0, 2, 1, 2, 2, 0, 0, 1, 1, 0, 2, 0, 2, 1, 0, 0, 2, 0, 0, 2, 0, 1, 1, 0, 0, 2, 1, 0, 2, 2, 0, 2, 2, 0, 1, 2, 1, 1, 2, 0, 1, 1, 1, 1, 2, 2, 1, 1, 0, 1, 0, 1, 0, 1, 0, 1, 1, 1, 1, 2, 0, 0, 1, 2, 1]|[0, 3, 0, 3, 4, 1, 4, 4, 2, 4, 3, 2, 1, 0, 2, 1, 1, 1, 2, 1, 1, 3, 0, 1, 0, 1, 1, 4, 1, 4, 3, 2, 2, 0, 4, 1, 1, 4, 0, 1, 2, 1, 4, 4, 1, 1, 0, 2, 3, 1, 2, 1, 2, 1, 1, 2, 4, 3, 0, 2, 2, 3, 1, 0, 1, 2, 0, 1, 2, 4, 1, 3, 4, 1, 2, 4, 3, 3, 3, 1, 1, 4, 3, 2, 3, 2, 4, 2, 4, 2, 3, 4, 4, 4, 1, 2, 2, 3, 1, 4]|[0, 2, 0, 0, 3, 0, 1, 3, 0, 0, 2, 0, 1, 0, 1, 0, 0, 0, 1, 0, 0, 2, 0, 0, 1, 0, 0, 3, 0, 1, 0, 2, 0, 0, 3, 0, 1, 3, 0, 0, 0, 0, 1, 3, 0, 0, 1, 0, 2, 0, 0, 0, 0, 0, 1, 0, 1, 0, 1, 1, 0, 2, 0, 0, 0, 0, 0, 0, 0, 2, 0, 0, 1, 0, 0, 1, 0, 0, 3, 0, 0, 1, 0, 0, 0, 0, 1, 0, 2, 0, 0, 2, 1, 3, 0, 0, 0, 0, 0, 1],890.9074744783937,50760.14574298861,113587.74359615259,false
19,G3_TWC,G1_CMAX,[31, 22, 82, 15, 26, 58, 95, 42, 77, 12, 47, 5, 93, 78, 86, 54, 85, 63, 18, 72, 20, 35, 43, 97, 91, 76, 10, 30, 21, 45, 71, 64, 1, 23, 17, 83, 24, 14, 60, 36, 6, 57, 40, 88, 65, 56, 79, 94, 67, 68, 46, 75, 38, 9, 19, 32, 81, 41, 27, 62, 87, 50, 99, 59, 11, 16, 44, 73, 70, 39, 37, 84, 3, 92, 25, 55, 28, 29, 51, 98, 7, 61, 66, 48, 89, 90, 4, 96, 53, 80, 8, 33, 34, 2, 52, 13, 74, 69, 0, 49]|[1, 1, 0, 1, 1, 0, 1, 2, 2, 1, 2, 2, 2, 1, 1, 0, 0, 1, 0, 2, 2, 0, 1, 2, 0, 1, 2, 2, 0, 0, 1, 2, 1, 2, 1, 0, 2, 0, 1, 1, 0, 1, 1, 1, 0, 2, 1, 1, 0, 0, 0, 0, 1, 1, 2, 1, 2, 0, 0, 0, 2, 1, 0, 1, 2, 1, 2, 1, 1, 1, 1, 1, 1, 0, 1, 2, 0, 0, 0, 2, 1, 1, 2, 0, 1, 0, 1, 2, 0, 0, 1, 2, 2, 0, 1, 0, 2, 1, 0, 0]|[4, 3, 2, 2, 4, 1, 2, 2, 2, 4, 1, 1, 2, 4, 4, 1, 2, 4, 2, 1, 1, 1, 1, 2, 1, 2, 1, 1, 1, 1, 3, 2, 3, 1, 4, 0, 1, 1, 0, 3, 2, 2, 2, 0, 1, 1, 0, 4, 0, 1, 2, 2, 1, 4, 0, 3, 2, 1, 1, 2, 1, 3, 1, 1, 1, 3, 1, 4, 3, 1, 4, 1, 1, 0, 4, 1, 2, 1, 1, 1, 1, 3, 1, 1, 1, 1, 4, 1, 2, 1, 3, 1, 1, 2, 1, 2, 1, 4, 2, 1]|[0, 2, 1, 1, 3, 0, 1, 0, 0, 0, 0, 0, 1, 0, 1, 0, 0, 3, 1, 0, 0, 0, 3, 1, 0, 2, 0, 0, 0, 1, 0, 0, 0, 0, 3, 0, 1, 0, 0, 2, 1, 1, 1, 0, 0, 0, 0, 2, 1, 0, 0, 0, 1, 3, 0, 0, 1, 0, 0, 1, 0, 2, 0, 1, 0, 2, 0, 0, 0, 1, 1, 3, 1, 1, 3, 0, 1, 0, 0, 0, 2, 0, 0, 0, 1, 0, 0, 0, 1, 0, 2, 0, 0, 0, 1, 0, 0, 2, 0, 1],759.6266350452713,56242.435036685805,94957.67305774725,true
19,G1_CMAX,G1_CMAX,[31, 22, 82, 15, 26, 9, 42, 77, 12, 5, 47, 93, 78, 86, 54, 6, 63, 18, 44, 20, 35, 43, 97, 91, 76, 10, 30, 21, 45, 17, 23, 1, 71, 83, 24, 14, 60, 36, 85, 57, 40, 95, 88, 65, 56, 79, 94, 67, 68, 46, 75, 38, 58, 19, 32, 81, 41, 62, 87, 28, 90, 59, 11, 16, 72, 73, 69, 52, 37, 64, 84, 3, 25, 29, 55, 51, 7, 98, 61, 66, 99, 33, 89, 48, 50, 96, 53, 80, 4, 8, 27, 2, 39, 13, 0, 92, 49, 74, 34, 70]|[1, 1, 0, 1, 1, 1, 2, 2, 1, 2, 2, 1, 1, 1, 0, 0, 1, 0, 2, 2, 0, 1, 2, 2, 1, 2, 2, 0, 0, 1, 2, 1, 1, 0, 2, 0, 1, 1, 0, 1, 1, 1, 1, 0, 2, 1, 1, 0, 0, 0, 0, 1, 1, 2, 1, 2, 0, 0, 2, 0, 1, 2, 2, 1, 2, 1, 1, 1, 1, 1, 1, 2, 1, 0, 2, 0, 1, 2, 1, 0, 0, 2, 1, 0, 0, 2, 0, 0, 1, 1, 0, 0, 1, 0, 0, 0, 0, 2, 2, 1]|[0, 3, 1, 2, 0, 0, 1, 1, 4, 1, 1, 4, 4, 4, 2, 2, 4, 2, 1, 1, 1, 1, 2, 1, 2, 1, 1, 1, 1, 4, 0, 3, 3, 0, 1, 1, 0, 3, 2, 2, 2, 2, 0, 1, 1, 0, 4, 0, 1, 2, 2, 1, 4, 0, 3, 2, 1, 2, 1, 2, 3, 1, 1, 3, 0, 4, 4, 1, 4, 3, 1, 2, 4, 1, 1, 1, 1, 1, 3, 1, 1, 1, 1, 1, 1, 1, 2, 1, 4, 3, 2, 2, 1, 2, 2, 0, 1, 1, 1, 4]|[1, 1, 1, 1, 3, 3, 0, 0, 0, 0, 0, 2, 0, 1, 0, 0, 3, 1, 0, 0, 0, 3, 1, 0, 2, 0, 0, 0, 1, 3, 0, 0, 0, 0, 1, 0, 0, 2, 1, 1, 1, 1, 0, 0, 0, 0, 2, 1, 0, 0, 0, 1, 3, 0, 0, 1, 0, 1, 0, 1, 2, 0, 0, 2, 1, 0, 2, 1, 1, 0, 3, 1, 3, 0, 0, 0, 2, 0, 0, 0, 0, 0, 1, 0, 0, 0, 1, 0, 0, 2, 1, 0, 1, 0, 0, 1, 1, 0, 0, 2],733.3116759547878,58140.55643565909,96674.14109675489,false
19,G4_BALANCED,G4_BALANCED,[31, 22, 82, 15, 26, 9, 95, 42, 77, 68, 47, 5, 93, 78, 86, 54, 85, 63, 18, 44, 20, 49, 36, 14, 74, 50, 53, 17, 21, 28, 71, 64, 3, 23, 30, 83, 24, 41, 60, 52, 65, 27, 90, 70, 39, 87, 48, 69, 99, 4, 46, 1, 13, 58, 97, 59, 45, 8, 73, 37, 35, 40, 11, 66, 76, 32, 79, 80, 96, 6, 16, 61, 33, 7, 57, 34, 12, 67, 10, 98, 56, 88, 29, 75, 91, 38, 19, 92, 43, 84, 51, 72, 81, 25, 2, 55, 0, 89, 94, 62]|[2, 1, 2, 1, 1, 2, 1, 1, 1, 1, 1, 0, 2, 2, 1, 2, 0, 0, 0, 2, 2, 1, 0, 2, 0, 2, 2, 1, 0, 1, 1, 1, 0, 0, 1, 0, 2, 1, 2, 2, 0, 0, 1, 1, 0, 2, 0, 2, 1, 0, 0, 2, 0, 0, 2, 0, 1, 1, 0, 0, 2, 2, 0, 2, 2, 0, 1, 2, 0, 1, 2, 1, 1, 2, 0, 1, 1, 1, 1, 0, 2, 1, 1, 0, 1, 0, 1, 0, 1, 0, 1, 1, 1, 1, 2, 0, 0, 1, 1, 1]|[0, 3, 0, 3, 4, 1, 4, 4, 2, 4, 3, 2, 1, 0, 2, 1, 1, 1, 2, 1, 1, 3, 0, 1, 0, 1, 1, 4, 1, 4, 3, 2, 2, 0, 4, 1, 1, 4, 0, 1, 2, 1, 4, 4, 1, 1, 0, 2, 3, 1, 2, 1, 2, 1, 1, 2, 4, 3, 0, 2, 2, 0, 1, 0, 1, 2, 3, 1, 2, 4, 1, 3, 4, 1, 2, 4, 3, 3, 3, 2, 1, 4, 3, 2, 3, 2, 4, 2, 4, 2, 3, 4, 1, 4, 1, 2, 2, 4, 4, 3]|[0, 2, 0, 0, 3, 0, 1, 3, 0, 0, 2, 0, 1, 0, 1, 0, 0, 0, 1, 0, 0, 2, 0, 0, 1, 0, 0, 3, 0, 1, 0, 2, 0, 1, 3, 0, 1, 3, 1, 0, 0, 0, 1, 3, 0, 0, 1, 0, 2, 0, 0, 0, 0, 0, 1, 0, 1, 0, 1, 1, 0, 0, 0, 0, 0, 0, 2, 0, 0, 2, 0, 0, 1, 0, 0, 1, 0, 0, 3, 0, 0, 1, 0, 0, 0, 0, 3, 0, 2, 0, 0, 2, 1, 3, 0, 0, 0, 1, 2, 0],892.7401490794913,51648.15640149474,106449.34518021956,false
19,G2_TEC,G2_TEC,[31, 22, 82, 15, 26, 9, 95, 42, 77, 68, 47, 5, 93, 78, 86, 54, 85, 63, 18, 44, 20, 49, 36, 14, 74, 50, 53, 25, 21, 28, 71, 64, 3, 23, 30, 83, 24, 41, 40, 52, 65, 27, 90, 70, 39, 87, 48, 69, 99, 4, 46, 1, 13, 58, 97, 59, 45, 8, 73, 37, 35, 79, 11, 66, 76, 32, 60, 80, 96, 6, 16, 61, 19, 7, 57, 34, 12, 67, 10, 98, 56, 88, 29, 75, 91, 38, 33, 92, 43, 84, 51, 72, 81, 17, 2, 55, 0, 62, 94, 89]|[2, 1, 2, 1, 1, 2, 1, 1, 1, 1, 1, 0, 2, 2, 1, 2, 0, 0, 0, 2, 2, 1, 0, 2, 0, 2, 2, 1, 0, 1, 1, 1, 0, 0, 1, 0, 2, 1, 2, 2, 0, 0, 1, 1, 0, 2, 0, 2, 1, 0, 0, 2, 0, 0, 2, 0, 1, 1, 0, 0, 2, 1, 0, 2, 2, 0, 2, 2, 0, 1, 2, 1, 1, 2, 0, 1, 1, 1, 1, 2, 2, 1, 1, 0, 1, 0, 1, 0, 1, 0, 1, 1, 1, 1, 2, 0, 0, 1, 2, 1]|[0, 3, 0, 3, 4, 1, 4, 4, 2, 4, 3, 2, 1, 0, 2, 1, 1, 1, 2, 1, 1, 3, 0, 1, 0, 1, 1, 4, 1, 4, 3, 2, 2, 0, 4, 1, 1, 4, 0, 1, 2, 1, 4, 4, 1, 1, 0, 2, 3, 1, 2, 1, 2, 1, 1, 2, 4, 3, 0, 2, 2, 3, 1, 0, 1, 2, 0, 1, 2, 4, 1, 3, 4, 1, 2, 4, 3, 3, 3, 1, 1, 4, 3, 2, 3, 2, 4, 2, 4, 2, 3, 4, 4, 4, 1, 2, 2, 3, 1, 4]|[0, 2, 0, 0, 3, 0, 1, 3, 0, 0, 2, 0, 1, 0, 1, 0, 0, 0, 1, 0, 0, 2, 0, 0, 1, 0, 0, 3, 0, 1, 0, 2, 0, 0, 3, 0, 1, 3, 0, 0, 0, 0, 1, 3, 0, 0, 1, 0, 2, 0, 0, 0, 0, 0, 1, 0, 1, 0, 1, 1, 0, 2, 0, 0, 0, 0, 0, 0, 0, 2, 0, 0, 1, 0, 0, 1, 0, 0, 3, 0, 0, 1, 0, 0, 0, 0, 1, 0, 2, 0, 0, 2, 1, 3, 0, 0, 0, 0, 0, 1],890.9074744783937,50760.14574298861,113587.74359615259,false
19,G3_TWC,G1_CMAX,[31, 22, 82, 15, 26, 58, 95, 42, 77, 12, 47, 5, 93, 78, 86, 54, 85, 63, 18, 72, 20, 35, 43, 97, 91, 76, 10, 30, 21, 45, 71, 64, 1, 23, 17, 83, 24, 14, 60, 36, 6, 57, 40, 88, 65, 56, 79, 94, 67, 68, 46, 75, 38, 9, 19, 32, 81, 41, 27, 62, 87, 50, 99, 59, 11, 16, 44, 73, 70, 39, 37, 84, 3, 92, 25, 55, 28, 29, 51, 98, 7, 61, 66, 48, 89, 90, 4, 96, 53, 80, 8, 33, 34, 2, 52, 13, 74, 69, 0, 49]|[1, 1, 0, 1, 1, 0, 1, 2, 2, 1, 2, 2, 2, 1, 1, 0, 0, 1, 0, 2, 2, 0, 1, 2, 0, 1, 2, 2, 0, 0, 1, 2, 1, 2, 1, 0, 2, 0, 1, 1, 0, 1, 1, 1, 0, 2, 1, 1, 0, 0, 0, 0, 1, 1, 2, 1, 2, 0, 0, 0, 2, 1, 0, 1, 2, 1, 2, 1, 1, 1, 1, 1, 1, 0, 1, 2, 0, 0, 0, 2, 1, 1, 2, 0, 1, 0, 1, 2, 0, 0, 1, 2, 2, 0, 1, 0, 2, 1, 0, 0]|[4, 3, 2, 2, 4, 1, 2, 2, 2, 4, 1, 1, 2, 4, 4, 1, 2, 4, 2, 1, 1, 1, 1, 2, 1, 2, 1, 1, 1, 1, 3, 2, 3, 1, 4, 0, 1, 1, 0, 3, 2, 2, 2, 0, 1, 1, 0, 4, 0, 1, 2, 2, 1, 4, 0, 3, 2, 1, 1, 2, 1, 3, 1, 1, 1, 3, 1, 4, 3, 1, 4, 1, 1, 0, 4, 1, 2, 1, 1, 1, 1, 3, 1, 1, 1, 1, 4, 1, 2, 1, 3, 1, 1, 2, 1, 2, 1, 4, 2, 1]|[0, 2, 1, 1, 3, 0, 1, 0, 0, 0, 0, 0, 1, 0, 1, 0, 0, 3, 1, 0, 0, 0, 3, 1, 0, 2, 0, 0, 0, 1, 0, 0, 0, 0, 3, 0, 1, 0, 0, 2, 1, 1, 1, 0, 0, 0, 0, 2, 1, 0, 0, 0, 1, 3, 0, 0, 1, 0, 0, 1, 0, 2, 0, 1, 0, 2, 0, 0, 0, 1, 1, 3, 1, 1, 3, 0, 1, 0, 0, 0, 2, 0, 0, 0, 1, 0, 0, 0, 1, 0, 2, 0, 0, 0, 1, 0, 0, 2, 0, 1],759.6266350452713,56242.435036685805,94957.67305774725,true
19,G1_CMAX,G1_CMAX,[31, 22, 82, 15, 26, 9, 42, 77, 12, 5, 47, 93, 78, 86, 54, 6, 63, 18, 44, 20, 35, 43, 97, 91, 76, 10, 30, 21, 45, 17, 23, 1, 71, 83, 24, 14, 60, 36, 85, 57, 40, 95, 88, 65, 56, 79, 94, 67, 68, 46, 75, 38, 58, 19, 32, 81, 41, 62, 87, 28, 90, 59, 11, 16, 72, 73, 69, 52, 37, 64, 84, 3, 25, 29, 55, 51, 7, 98, 61, 66, 99, 33, 89, 48, 50, 96, 53, 80, 4, 8, 27, 2, 39, 13, 0, 92, 49, 74, 34, 70]|[1, 1, 0, 1, 1, 1, 2, 2, 1, 2, 2, 1, 1, 1, 0, 0, 1, 0, 2, 2, 0, 1, 2, 2, 1, 2, 2, 0, 0, 1, 2, 1, 1, 0, 2, 0, 1, 1, 0, 1, 1, 1, 1, 0, 2, 1, 1, 0, 0, 0, 0, 1, 1, 2, 1, 2, 0, 0, 2, 0, 1, 2, 2, 1, 2, 1, 1, 1, 1, 1, 1, 2, 1, 0, 2, 0, 1, 2, 1, 0, 0, 2, 1, 0, 0, 2, 0, 0, 1, 1, 0, 0, 1, 0, 0, 0, 0, 2, 2, 1]|[0, 3, 1, 2, 0, 0, 1, 1, 4, 1, 1, 4, 4, 4, 2, 2, 4, 2, 1, 1, 1, 1, 2, 1, 2, 1, 1, 1, 1, 4, 0, 3, 3, 0, 1, 1, 0, 3, 2, 2, 2, 2, 0, 1, 1, 0, 4, 0, 1, 2, 2, 1, 4, 0, 3, 2, 1, 2, 1, 2, 3, 1, 1, 3, 0, 4, 4, 1, 4, 3, 1, 2, 4, 1, 1, 1, 1, 1, 3, 1, 1, 1, 1, 1, 1, 1, 2, 1, 4, 3, 2, 2, 1, 2, 2, 0, 1, 1, 1, 4]|[1, 1, 1, 1, 3, 3, 0, 0, 0, 0, 0, 2, 0, 1, 0, 0, 3, 1, 0, 0, 0, 3, 1, 0, 2, 0, 0, 0, 1, 3, 0, 0, 0, 0, 1, 0, 0, 2, 1, 1, 1, 1, 0, 0, 0, 0, 2, 1, 0, 0, 0, 1, 3, 0, 0, 1, 0, 1, 0, 1, 2, 0, 0, 2, 1, 0, 2, 1, 1, 0, 3, 1, 3, 0, 0, 0, 2, 0, 0, 0, 0, 0, 1, 0, 0, 0, 1, 0, 0, 2, 1, 0, 1, 0, 0, 1, 1, 0, 0, 2],733.3116759547878,58140.55643565909,96674.14109675489,false
19,G4_BALANCED,G4_BALANCED,[31, 22, 82, 15, 26, 9, 95, 42, 77, 68, 47, 5, 93, 78, 86, 54, 85, 63, 18, 44, 20, 49, 36, 14, 74, 50, 53, 17, 21, 28, 71, 64, 3, 23, 30, 83, 24, 41, 60, 52, 65, 27, 90, 70, 39, 87, 48, 69, 99, 4, 46, 1, 13, 58, 97, 59, 45, 8, 73, 37, 35, 40, 11, 66, 76, 32, 79, 80, 96, 6, 16, 61, 33, 7, 57, 34, 12, 67, 10, 98, 56, 88, 29, 75, 91, 38, 19, 92, 43, 84, 51, 72, 81, 25, 2, 55, 0, 89, 94, 62]|[2, 1, 2, 1, 1, 2, 1, 1, 1, 1, 1, 0, 2, 2, 1, 2, 0, 0, 0, 2, 2, 1, 0, 2, 0, 2, 2, 1, 0, 1, 1, 1, 0, 0, 1, 0, 2, 1, 2, 2, 0, 0, 1, 1, 0, 2, 0, 2, 1, 0, 0, 2, 0, 0, 2, 0, 1, 1, 0, 0, 2, 2, 0, 2, 2, 0, 1, 2, 0, 1, 2, 1, 1, 2, 0, 1, 1, 1, 1, 0, 2, 1, 1, 0, 1, 0, 1, 0, 1, 0, 1, 1, 1, 1, 2, 0, 0, 1, 1, 1]|[0, 3, 0, 3, 4, 1, 4, 4, 2, 4, 3, 2, 1, 0, 2, 1, 1, 1, 2, 1, 1, 3, 0, 1, 0, 1, 1, 4, 1, 4, 3, 2, 2, 0, 4, 1, 1, 4, 0, 1, 2, 1, 4, 4, 1, 1, 0, 2, 3, 1, 2, 1, 2, 1, 1, 2, 4, 3, 0, 2, 2, 0, 1, 0, 1, 2, 3, 1, 2, 4, 1, 3, 4, 1, 2, 4, 3, 3, 3, 2, 1, 4, 3, 2, 3, 2, 4, 2, 4, 2, 3, 4, 1, 4, 1, 2, 2, 4, 4, 3]|[0, 2, 0, 0, 3, 0, 1, 3, 0, 0, 2, 0, 1, 0, 1, 0, 0, 0, 1, 0, 0, 2, 0, 0, 1, 0, 0, 3, 0, 1, 0, 2, 0, 1, 3, 0, 1, 3, 1, 0, 0, 0, 1, 3, 0, 0, 1, 0, 2, 0, 0, 0, 0, 0, 1, 0, 1, 0, 1, 1, 0, 0, 0, 0, 0, 0, 2, 0, 0, 2, 0, 0, 1, 0, 0, 1, 0, 0, 3, 0, 0, 1, 0, 0, 0, 0, 3, 0, 2, 0, 0, 2, 1, 3, 0, 0, 0, 1, 2, 0],892.7401490794913,51648.15640149474,106449.34518021956,false
19,G2_TEC,G2_TEC,[31, 22, 82, 15, 26, 9, 95, 42, 77, 68, 47, 5, 93, 78, 86, 54, 85, 63, 18, 44, 20, 49, 36, 14, 74, 50, 53, 25, 21, 28, 71, 64, 3, 23, 30, 83, 24, 41, 40, 52, 65, 27, 90, 70, 39, 87, 48, 69, 99, 4, 46, 1, 13, 58, 97, 59, 45, 8, 73, 37, 35, 79, 11, 66, 76, 32, 60, 80, 96, 6, 16, 61, 19, 7, 57, 34, 12, 67, 10, 98, 56, 88, 29, 75, 91, 38, 33, 92, 43, 84, 51, 72, 81, 17, 2, 55, 0, 62, 94, 89]|[2, 1, 2, 1, 1, 2, 1, 1, 1, 1, 1, 0, 2, 2, 1, 2, 0, 0, 0, 2, 2, 1, 0, 2, 0, 2, 2, 1, 0, 1, 1, 1, 0, 0, 1, 0, 2, 1, 2, 2, 0, 0, 1, 1, 0, 2, 0, 2, 1, 0, 0, 2, 0, 0, 2, 0, 1, 1, 0, 0, 2, 1, 0, 2, 2, 0, 2, 2, 0, 1, 2, 1, 1, 2, 0, 1, 1, 1, 1, 2, 2, 1, 1, 0, 1, 0, 1, 0, 1, 0, 1, 1, 1, 1, 2, 0, 0, 1, 2, 1]|[0, 3, 0, 3, 4, 1, 4, 4, 2, 4, 3, 2, 1, 0, 2, 1, 1, 1, 2, 1, 1, 3, 0, 1, 0, 1, 1, 4, 1, 4, 3, 2, 2, 0, 4, 1, 1, 4, 0, 1, 2, 1, 4, 4, 1, 1, 0, 2, 3, 1, 2, 1, 2, 1, 1, 2, 4, 3, 0, 2, 2, 3, 1, 0, 1, 2, 0, 1, 2, 4, 1, 3, 4, 1, 2, 4, 3, 3, 3, 1, 1, 4, 3, 2, 3, 2, 4, 2, 4, 2, 3, 4, 4, 4, 1, 2, 2, 3, 1, 4]|[0, 2, 0, 0, 3, 0, 1, 3, 0, 0, 2, 0, 1, 0, 1, 0, 0, 0, 1, 0, 0, 2, 0, 0, 1, 0, 0, 3, 0, 1, 0, 2, 0, 0, 3, 0, 1, 3, 0, 0, 0, 0, 1, 3, 0, 0, 1, 0, 2, 0, 0, 0, 0, 0, 1, 0, 1, 0, 1, 1, 0, 2, 0, 0, 0, 0, 0, 0, 0, 2, 0, 0, 1, 0, 0, 1, 0, 0, 3, 0, 0, 1, 0, 0, 0, 0, 1, 0, 2, 0, 0, 2, 1, 3, 0, 0, 0, 0, 0, 1],890.9074744783937,50760.14574298861,113587.74359615259,false
19,G3_TWC,G1_CMAX,[31, 22, 82, 15, 26, 58, 95, 42, 77, 12, 47, 5, 93, 78, 86, 54, 85, 63, 18, 72, 20, 35, 43, 97, 91, 76, 10, 30, 21, 45, 71, 64, 1, 23, 17, 83, 24, 14, 60, 36, 6, 57, 40, 88, 65, 56, 79, 94, 67, 68, 46, 75, 38, 9, 19, 32, 81, 41, 27, 62, 87, 50, 99, 59, 11, 16, 44, 73, 70, 39, 37, 84, 3, 92, 25, 55, 28, 29, 51, 98, 7, 61, 66, 48, 89, 90, 4, 96, 53, 80, 8, 33, 34, 2, 52, 13, 74, 69, 0, 49]|[1, 1, 0, 1, 1, 0, 1, 2, 2, 1, 2, 2, 2, 1, 1, 0, 0, 1, 0, 2, 2, 0, 1, 2, 0, 1, 2, 2, 0, 0, 1, 2, 1, 2, 1, 0, 2, 0, 1, 1, 0, 1, 1, 1, 0, 2, 1, 1, 0, 0, 0, 0, 1, 1, 2, 1, 2, 0, 0, 0, 2, 1, 0, 1, 2, 1, 2, 1, 1, 1, 1, 1, 1, 0, 1, 2, 0, 0, 0, 2, 1, 1, 2, 0, 1, 0, 1, 2, 0, 0, 1, 2, 2, 0, 1, 0, 2, 1, 0, 0]|[4, 3, 2, 2, 4, 1, 2, 2, 2, 4, 1, 1, 2, 4, 4, 1, 2, 4, 2, 1, 1, 1, 1, 2, 1, 2, 1, 1, 1, 1, 3, 2, 3, 1, 4, 0, 1, 1, 0, 3, 2, 2, 2, 0, 1, 1, 0, 4, 0, 1, 2, 2, 1, 4, 0, 3, 2, 1, 1, 2, 1, 3, 1, 1, 1, 3, 1, 4, 3, 1, 4, 1, 1, 0, 4, 1, 2, 1, 1, 1, 1, 3, 1, 1, 1, 1, 4, 1, 2, 1, 3, 1, 1, 2, 1, 2, 1, 4, 2, 1]|[0, 2, 1, 1, 3, 0, 1, 0, 0, 0, 0, 0, 1, 0, 1, 0, 0, 3, 1, 0, 0, 0, 3, 1, 0, 2, 0, 0, 0, 1, 0, 0, 0, 0, 3, 0, 1, 0, 0, 2, 1, 1, 1, 0, 0, 0, 0, 2, 1, 0, 0, 0, 1, 3, 0, 0, 1, 0, 0, 1, 0, 2, 0, 1, 0, 2, 0, 0, 0, 1, 1, 3, 1, 1, 3, 0, 1, 0, 0, 0, 2, 0, 0, 0, 1, 0, 0, 0, 1, 0, 2, 0, 0, 0, 1, 0, 0, 2, 0, 1],759.6266350452713,56242.435036685805,94957.67305774725,true
19,G1_CMAX,G1_CMAX,[31, 22, 82, 15, 26, 9, 42, 77, 12, 5, 47, 93, 78, 86, 54, 6, 63, 18, 44, 20, 35, 43, 97, 91, 76, 10, 30, 21, 45, 17, 23, 1, 71, 83, 24, 14, 60, 36, 85, 57, 40, 95, 88, 65, 56, 79, 94, 67, 68, 46, 75, 38, 58, 19, 32, 81, 41, 62, 87, 28, 90, 59, 11, 16, 72, 73, 69, 52, 37, 64, 84, 3, 25, 29, 55, 51, 7, 98, 61, 66, 99, 33, 89, 48, 50, 96, 53, 80, 4, 8, 27, 2, 39, 13, 0, 92, 49, 74, 34, 70]|[1, 1, 0, 1, 1, 1, 2, 2, 1, 2, 2, 1, 1, 1, 0, 0, 1, 0, 2, 2, 0, 1, 2, 2, 1, 2, 2, 0, 0, 1, 2, 1, 1, 0, 2, 0, 1, 1, 0, 1, 1, 1, 1, 0, 2, 1, 1, 0, 0, 0, 0, 1, 1, 2, 1, 2, 0, 0, 2, 0, 1, 2, 2, 1, 2, 1, 1, 1, 1, 1, 1, 2, 1, 0, 2, 0, 1, 2, 1, 0, 0, 2, 1, 0, 0, 2, 0, 0, 1, 1, 0, 0, 1, 0, 0, 0, 0, 2, 2, 1]|[0, 3, 1, 2, 0, 0, 1, 1, 4, 1, 1, 4, 4, 4, 2, 2, 4, 2, 1, 1, 1, 1, 2, 1, 2, 1, 1, 1, 1, 4, 0, 3, 3, 0, 1, 1, 0, 3, 2, 2, 2, 2, 0, 1, 1, 0, 4, 0, 1, 2, 2, 1, 4, 0, 3, 2, 1, 2, 1, 2, 3, 1, 1, 3, 0, 4, 4, 1, 4, 3, 1, 2, 4, 1, 1, 1, 1, 1, 3, 1, 1, 1, 1, 1, 1, 1, 2, 1, 4, 3, 2, 2, 1, 2, 2, 0, 1, 1, 1, 4]|[1, 1, 1, 1, 3, 3, 0, 0, 0, 0, 0, 2, 0, 1, 0, 0, 3, 1, 0, 0, 0, 3, 1, 0, 2, 0, 0, 0, 1, 3, 0, 0, 0, 0, 1, 0, 0, 2, 1, 1, 1, 1, 0, 0, 0, 0, 2, 1, 0, 0, 0, 1, 3, 0, 0, 1, 0, 1, 0, 1, 2, 0, 0, 2, 1, 0, 2, 1, 1, 0, 3, 1, 3, 0, 0, 0, 2, 0, 0, 0, 0, 0, 1, 0, 0, 0, 1, 0, 0, 2, 1, 0, 1, 0, 0, 1, 1, 0, 0, 2],733.3116759547878,58140.55643565909,96674.14109675489,false
19,G4_BALANCED,G4_BALANCED,[31, 22, 82, 15, 26, 9, 95, 42, 77, 68, 47, 5, 93, 78, 86, 54, 85, 63, 18, 44, 20, 49, 36, 14, 74, 50, 53, 17, 21, 28, 71, 64, 3, 23, 30, 83, 24, 41, 60, 52, 65, 27, 90, 70, 39, 87, 48, 69, 99, 4, 46, 1, 13, 58, 97, 59, 45, 8, 73, 37, 35, 40, 11, 66, 76, 32, 79, 80, 96, 6, 16, 61, 33, 7, 57, 34, 12, 67, 10, 98, 56, 88, 29, 75, 91, 38, 19, 92, 43, 84, 51, 72, 81, 25, 2, 55, 0, 89, 94, 62]|[2, 1, 2, 1, 1, 2, 1, 1, 1, 1, 1, 0, 2, 2, 1, 2, 0, 0, 0, 2, 2, 1, 0, 2, 0, 2, 2, 1, 0, 1, 1, 1, 0, 0, 1, 0, 2, 1, 2, 2, 0, 0, 1, 1, 0, 2, 0, 2, 1, 0, 0, 2, 0, 0, 2, 0, 1, 1, 0, 0, 2, 2, 0, 2, 2, 0, 1, 2, 0, 1, 2, 1, 1, 2, 0, 1, 1, 1, 1, 0, 2, 1, 1, 0, 1, 0, 1, 0, 1, 0, 1, 1, 1, 1, 2, 0, 0, 1, 1, 1]|[0, 3, 0, 3, 4, 1, 4, 4, 2, 4, 3, 2, 1, 0, 2, 1, 1, 1, 2, 1, 1, 3, 0, 1, 0, 1, 1, 4, 1, 4, 3, 2, 2, 0, 4, 1, 1, 4, 0, 1, 2, 1, 4, 4, 1, 1, 0, 2, 3, 1, 2, 1, 2, 1, 1, 2, 4, 3, 0, 2, 2, 0, 1, 0, 1, 2, 3, 1, 2, 4, 1, 3, 4, 1, 2, 4, 3, 3, 3, 2, 1, 4, 3, 2, 3, 2, 4, 2, 4, 2, 3, 4, 1, 4, 1, 2, 2, 4, 4, 3]|[0, 2, 0, 0, 3, 0, 1, 3, 0, 0, 2, 0, 1, 0, 1, 0, 0, 0, 1, 0, 0, 2, 0, 0, 1, 0, 0, 3, 0, 1, 0, 2, 0, 1, 3, 0, 1, 3, 1, 0, 0, 0, 1, 3, 0, 0, 1, 0, 2, 0, 0, 0, 0, 0, 1, 0, 1, 0, 1, 1, 0, 0, 0, 0, 0, 0, 2, 0, 0, 2, 0, 0, 1, 0, 0, 1, 0, 0, 3, 0, 0, 1, 0, 0, 0, 0, 3, 0, 2, 0, 0, 2, 1, 3, 0, 0, 0, 1, 2, 0],892.7401490794913,51648.15640149474,106449.34518021956,false
19,G2_TEC,G2_TEC,[31, 22, 82, 15, 26, 9, 95, 42, 77, 68, 47, 5, 93, 78, 86, 54, 85, 63, 18, 44, 20, 49, 36, 14, 74, 50, 53, 25, 21, 28, 71, 64, 3, 23, 30, 83, 24, 41, 40, 52, 65, 27, 90, 70, 39, 87, 48, 69, 99, 4, 46, 1, 13, 58, 97, 59, 45, 8, 73, 37, 35, 79, 11, 66, 76, 32, 60, 80, 96, 6, 16, 61, 19, 7, 57, 34, 12, 67, 10, 98, 56, 88, 29, 75, 91, 38, 33, 92, 43, 84, 51, 72, 81, 17, 2, 55, 0, 62, 94, 89]|[2, 1, 2, 1, 1, 2, 1, 1, 1, 1, 1, 0, 2, 2, 1, 2, 0, 0, 0, 2, 2, 1, 0, 2, 0, 2, 2, 1, 0, 1, 1, 1, 0, 0, 1, 0, 2, 1, 2, 2, 0, 0, 1, 1, 0, 2, 0, 2, 1, 0, 0, 2, 0, 0, 2, 0, 1, 1, 0, 0, 2, 1, 0, 2, 2, 0, 2, 2, 0, 1, 2, 1, 1, 2, 0, 1, 1, 1, 1, 2, 2, 1, 1, 0, 1, 0, 1, 0, 1, 0, 1, 1, 1, 1, 2, 0, 0, 1, 2, 1]|[0, 3, 0, 3, 4, 1, 4, 4, 2, 4, 3, 2, 1, 0, 2, 1, 1, 1, 2, 1, 1, 3, 0, 1, 0, 1, 1, 4, 1, 4, 3, 2, 2, 0, 4, 1, 1, 4, 0, 1, 2, 1, 4, 4, 1, 1, 0, 2, 3, 1, 2, 1, 2, 1, 1, 2, 4, 3, 0, 2, 2, 3, 1, 0, 1, 2, 0, 1, 2, 4, 1, 3, 4, 1, 2, 4, 3, 3, 3, 1, 1, 4, 3, 2, 3, 2, 4, 2, 4, 2, 3, 4, 4, 4, 1, 2, 2, 3, 1, 4]|[0, 2, 0, 0, 3, 0, 1, 3, 0, 0, 2, 0, 1, 0, 1, 0, 0, 0, 1, 0, 0, 2, 0, 0, 1, 0, 0, 3, 0, 1, 0, 2, 0, 0, 3, 0, 1, 3, 0, 0, 0, 0, 1, 3, 0, 0, 1, 0, 2, 0, 0, 0, 0, 0, 1, 0, 1, 0, 1, 1, 0, 2, 0, 0, 0, 0, 0, 0, 0, 2, 0, 0, 1, 0, 0, 1, 0, 0, 3, 0, 0, 1, 0, 0, 0, 0, 1, 0, 2, 0, 0, 2, 1, 3, 0, 0, 0, 0, 0, 1],890.9074744783937,50760.14574298861,113587.74359615259,false
19,G3_TWC,G1_CMAX,[31, 22, 82, 15, 26, 58, 95, 42, 77, 12, 47, 5, 93, 78, 86, 54, 85, 63, 18, 72, 20, 35, 43, 97, 91, 76, 10, 30, 21, 45, 71, 64, 1, 23, 17, 83, 24, 14, 60, 36, 6, 57, 40, 88, 65, 56, 79, 94, 67, 68, 46, 75, 38, 9, 19, 32, 81, 41, 27, 62, 87, 50, 99, 59, 11, 16, 44, 73, 70, 39, 37, 84, 3, 92, 25, 55, 28, 29, 51, 98, 7, 61, 66, 48, 89, 90, 4, 96, 53, 80, 8, 33, 34, 2, 52, 13, 74, 69, 0, 49]|[1, 1, 0, 1, 1, 0, 1, 2, 2, 1, 2, 2, 2, 1, 1, 0, 0, 1, 0, 2, 2, 0, 1, 2, 0, 1, 2, 2, 0, 0, 1, 2, 1, 2, 1, 0, 2, 0, 1, 1, 0, 1, 1, 1, 0, 2, 1, 1, 0, 0, 0, 0, 1, 1, 2, 1, 2, 0, 0, 0, 2, 1, 0, 1, 2, 1, 2, 1, 1, 1, 1, 1, 1, 0, 1, 2, 0, 0, 0, 2, 1, 1, 2, 0, 1, 0, 1, 2, 0, 0, 1, 2, 2, 0, 1, 0, 2, 1, 0, 0]|[4, 3, 2, 2, 4, 1, 2, 2, 2, 4, 1, 1, 2, 4, 4, 1, 2, 4, 2, 1, 1, 1, 1, 2, 1, 2, 1, 1, 1, 1, 3, 2, 3, 1, 4, 0, 1, 1, 0, 3, 2, 2, 2, 0, 1, 1, 0, 4, 0, 1, 2, 2, 1, 4, 0, 3, 2, 1, 1, 2, 1, 3, 1, 1, 1, 3, 1, 4, 3, 1, 4, 1, 1, 0, 4, 1, 2, 1, 1, 1, 1, 3, 1, 1, 1, 1, 4, 1, 2, 1, 3, 1, 1, 2, 1, 2, 1, 4, 2, 1]|[0, 2, 1, 1, 3, 0, 1, 0, 0, 0, 0, 0, 1, 0, 1, 0, 0, 3, 1, 0, 0, 0, 3, 1, 0, 2, 0, 0, 0, 1, 0, 0, 0, 0, 3, 0, 1, 0, 0, 2, 1, 1, 1, 0, 0, 0, 0, 2, 1, 0, 0, 0, 1, 3, 0, 0, 1, 0, 0, 1, 0, 2, 0, 1, 0, 2, 0, 0, 0, 1, 1, 3, 1, 1, 3, 0, 1, 0, 0, 0, 2, 0, 0, 0, 1, 0, 0, 0, 1, 0, 2, 0, 0, 0, 1, 0, 0, 2, 0, 1],759.6266350452713,56242.435036685805,94957.67305774725,true
19,G1_CMAX,G1_CMAX,[31, 22, 82, 15, 26, 9, 42, 77, 12, 5, 47, 93, 78, 86, 54, 6, 63, 18, 44, 20, 35, 43, 97, 91, 76, 10, 30, 21, 45, 17, 23, 1, 71, 83, 24, 14, 60, 36, 85, 57, 40, 95, 88, 65, 56, 79, 94, 67, 68, 46, 75, 38, 58, 19, 32, 81, 41, 62, 87, 28, 90, 59, 11, 16, 72, 73, 69, 52, 37, 64, 84, 3, 25, 29, 55, 51, 7, 98, 61, 66, 99, 33, 89, 48, 50, 96, 53, 80, 4, 8, 27, 2, 39, 13, 0, 92, 49, 74, 34, 70]|[1, 1, 0, 1, 1, 1, 2, 2, 1, 2, 2, 1, 1, 1, 0, 0, 1, 0, 2, 2, 0, 1, 2, 2, 1, 2, 2, 0, 0, 1, 2, 1, 1, 0, 2, 0, 1, 1, 0, 1, 1, 1, 1, 0, 2, 1, 1, 0, 0, 0, 0, 1, 1, 2, 1, 2, 0, 0, 2, 0, 1, 2, 2, 1, 2, 1, 1, 1, 1, 1, 1, 2, 1, 0, 2, 0, 1, 2, 1, 0, 0, 2, 1, 0, 0, 2, 0, 0, 1, 1, 0, 0, 1, 0, 0, 0, 0, 2, 2, 1]|[0, 3, 1, 2, 0, 0, 1, 1, 4, 1, 1, 4, 4, 4, 2, 2, 4, 2, 1, 1, 1, 1, 2, 1, 2, 1, 1, 1, 1, 4, 0, 3, 3, 0, 1, 1, 0, 3, 2, 2, 2, 2, 0, 1, 1, 0, 4, 0, 1, 2, 2, 1, 4, 0, 3, 2, 1, 2, 1, 2, 3, 1, 1, 3, 0, 4, 4, 1, 4, 3, 1, 2, 4, 1, 1, 1, 1, 1, 3, 1, 1, 1, 1, 1, 1, 1, 2, 1, 4, 3, 2, 2, 1, 2, 2, 0, 1, 1, 1, 4]|[1, 1, 1, 1, 3, 3, 0, 0, 0, 0, 0, 2, 0, 1, 0, 0, 3, 1, 0, 0, 0, 3, 1, 0, 2, 0, 0, 0, 1, 3, 0, 0, 0, 0, 1, 0, 0, 2, 1, 1, 1, 1, 0, 0, 0, 0, 2, 1, 0, 0, 0, 1, 3, 0, 0, 1, 0, 1, 0, 1, 2, 0, 0, 2, 1, 0, 2, 1, 1, 0, 3, 1, 3, 0, 0, 0, 2, 0, 0, 0, 0, 0, 1, 0, 0, 0, 1, 0, 0, 2, 1, 0, 1, 0, 0, 1, 1, 0, 0, 2],733.3116759547878,58140.55643565909,96674.14109675489,false
19,G4_BALANCED,G4_BALANCED,[31, 22, 82, 15, 26, 9, 95, 42, 77, 68, 47, 5, 93, 78, 86, 54, 85, 63, 18, 44, 20, 49, 36, 14, 74, 50, 53, 17, 21, 28, 71, 64, 3, 23, 30, 83, 24, 41, 60, 52, 65, 27, 90, 70, 39, 87, 48, 69, 99, 4, 46, 1, 13, 58, 97, 59, 45, 8, 73, 37, 35, 40, 11, 66, 76, 32, 79, 80, 96, 6, 16, 61, 33, 7, 57, 34, 12, 67, 10, 98, 56, 88, 29, 75, 91, 38, 19, 92, 43, 84, 51, 72, 81, 25, 2, 55, 0, 89, 94, 62]|[2, 1, 2, 1, 1, 2, 1, 1, 1, 1, 1, 0, 2, 2, 1, 2, 0, 0, 0, 2, 2, 1, 0, 2, 0, 2, 2, 1, 0, 1, 1, 1, 0, 0, 1, 0, 2, 1, 2, 2, 0, 0, 1, 1, 0, 2, 0, 2, 1, 0, 0, 2, 0, 0, 2, 0, 1, 1, 0, 0, 2, 2, 0, 2, 2, 0, 1, 2, 0, 1, 2, 1, 1, 2, 0, 1, 1, 1, 1, 0, 2, 1, 1, 0, 1, 0, 1, 0, 1, 0, 1, 1, 1, 1, 2, 0, 0, 1, 1, 1]|[0, 3, 0, 3, 4, 1, 4, 4, 2, 4, 3, 2, 1, 0, 2, 1, 1, 1, 2, 1, 1, 3, 0, 1, 0, 1, 1, 4, 1, 4, 3, 2, 2, 0, 4, 1, 1, 4, 0, 1, 2, 1, 4, 4, 1, 1, 0, 2, 3, 1, 2, 1, 2, 1, 1, 2, 4, 3, 0, 2, 2, 0, 1, 0, 1, 2, 3, 1, 2, 4, 1, 3, 4, 1, 2, 4, 3, 3, 3, 2, 1, 4, 3, 2, 3, 2, 4, 2, 4, 2, 3, 4, 1, 4, 1, 2, 2, 4, 4, 3]|[0, 2, 0, 0, 3, 0, 1, 3, 0, 0, 2, 0, 1, 0, 1, 0, 0, 0, 1, 0, 0, 2, 0, 0, 1, 0, 0, 3, 0, 1, 0, 2, 0, 1, 3, 0, 1, 3, 1, 0, 0, 0, 1, 3, 0, 0, 1, 0, 2, 0, 0, 0, 0, 0, 1, 0, 1, 0, 1, 1, 0, 0, 0, 0, 0, 0, 2, 0, 0, 2, 0, 0, 1, 0, 0, 1, 0, 0, 3, 0, 0, 1, 0, 0, 0, 0, 3, 0, 2, 0, 0, 2, 1, 3, 0, 0, 0, 1, 2, 0],892.7401490794913,51648.15640149474,106449.34518021956,false
19,G2_TEC,G2_TEC,[31, 22, 82, 15, 26, 9, 95, 42, 77, 68, 47, 5, 93, 78, 86, 54, 85, 63, 18, 44, 20, 49, 36, 14, 74, 50, 53, 25, 21, 28, 71, 64, 3, 23, 30, 83, 24, 41, 40, 52, 65, 27, 90, 70, 39, 87, 48, 69, 99, 4, 46, 1, 13, 58, 97, 59, 45, 8, 73, 37, 35, 79, 11, 66, 76, 32, 60, 80, 96, 6, 16, 61, 19, 7, 57, 34, 12, 67, 10, 98, 56, 88, 29, 75, 91, 38, 33, 92, 43, 84, 51, 72, 81, 17, 2, 55, 0, 62, 94, 89]|[2, 1, 2, 1, 1, 2, 1, 1, 1, 1, 1, 0, 2, 2, 1, 2, 0, 0, 0, 2, 2, 1, 0, 2, 0, 2, 2, 1, 0, 1, 1, 1, 0, 0, 1, 0, 2, 1, 2, 2, 0, 0, 1, 1, 0, 2, 0, 2, 1, 0, 0, 2, 0, 0, 2, 0, 1, 1, 0, 0, 2, 1, 0, 2, 2, 0, 2, 2, 0, 1, 2, 1, 1, 2, 0, 1, 1, 1, 1, 2, 2, 1, 1, 0, 1, 0, 1, 0, 1, 0, 1, 1, 1, 1, 2, 0, 0, 1, 2, 1]|[0, 3, 0, 3, 4, 1, 4, 4, 2, 4, 3, 2, 1, 0, 2, 1, 1, 1, 2, 1, 1, 3, 0, 1, 0, 1, 1, 4, 1, 4, 3, 2, 2, 0, 4, 1, 1, 4, 0, 1, 2, 1, 4, 4, 1, 1, 0, 2, 3, 1, 2, 1, 2, 1, 1, 2, 4, 3, 0, 2, 2, 3, 1, 0, 1, 2, 0, 1, 2, 4, 1, 3, 4, 1, 2, 4, 3, 3, 3, 1, 1, 4, 3, 2, 3, 2, 4, 2, 4, 2, 3, 4, 4, 4, 1, 2, 2, 3, 1, 4]|[0, 2, 0, 0, 3, 0, 1, 3, 0, 0, 2, 0, 1, 0, 1, 0, 0, 0, 1, 0, 0, 2, 0, 0, 1, 0, 0, 3, 0, 1, 0, 2, 0, 0, 3, 0, 1, 3, 0, 0, 0, 0, 1, 3, 0, 0, 1, 0, 2, 0, 0, 0, 0, 0, 1, 0, 1, 0, 1, 1, 0, 2, 0, 0, 0, 0, 0, 0, 0, 2, 0, 0, 1, 0, 0, 1, 0, 0, 3, 0, 0, 1, 0, 0, 0, 0, 1, 0, 2, 0, 0, 2, 1, 3, 0, 0, 0, 0, 0, 1],890.9074744783937,50760.14574298861,113587.74359615259,false
19,G3_TWC,G1_CMAX,[31, 22, 82, 15, 26, 58, 95, 42, 77, 12, 47, 5, 93, 78, 86, 54, 85, 63, 18, 72, 20, 35, 43, 97, 91, 76, 10, 30, 21, 45, 71, 64, 1, 23, 17, 83, 24, 14, 60, 36, 6, 57, 40, 88, 65, 56, 79, 94, 67, 68, 46, 75, 38, 9, 19, 32, 81, 41, 27, 62, 87, 50, 99, 59, 11, 16, 44, 73, 70, 39, 37, 84, 3, 92, 25, 55, 28, 29, 51, 98, 7, 61, 66, 48, 89, 90, 4, 96, 53, 80, 8, 33, 34, 2, 52, 13, 74, 69, 0, 49]|[1, 1, 0, 1, 1, 0, 1, 2, 2, 1, 2, 2, 2, 1, 1, 0, 0, 1, 0, 2, 2, 0, 1, 2, 0, 1, 2, 2, 0, 0, 1, 2, 1, 2, 1, 0, 2, 0, 1, 1, 0, 1, 1, 1, 0, 2, 1, 1, 0, 0, 0, 0, 1, 1, 2, 1, 2, 0, 0, 0, 2, 1, 0, 1, 2, 1, 2, 1, 1, 1, 1, 1, 1, 0, 1, 2, 0, 0, 0, 2, 1, 1, 2, 0, 1, 0, 1, 2, 0, 0, 1, 2, 2, 0, 1, 0, 2, 1, 0, 0]|[4, 3, 2, 2, 4, 1, 2, 2, 2, 4, 1, 1, 2, 4, 4, 1, 2, 4, 2, 1, 1, 1, 1, 2, 1, 2, 1, 1, 1, 1, 3, 2, 3, 1, 4, 0, 1, 1, 0, 3, 2, 2, 2, 0, 1, 1, 0, 4, 0, 1, 2, 2, 1, 4, 0, 3, 2, 1, 1, 2, 1, 3, 1, 1, 1, 3, 1, 4, 3, 1, 4, 1, 1, 0, 4, 1, 2, 1, 1, 1, 1, 3, 1, 1, 1, 1, 4, 1, 2, 1, 3, 1, 1, 2, 1, 2, 1, 4, 2, 1]|[0, 2, 1, 1, 3, 0, 1, 0, 0, 0, 0, 0, 1, 0, 1, 0, 0, 3, 1, 0, 0, 0, 3, 1, 0, 2, 0, 0, 0, 1, 0, 0, 0, 0, 3, 0, 1, 0, 0, 2, 1, 1, 1, 0, 0, 0, 0, 2, 1, 0, 0, 0, 1, 3, 0, 0, 1, 0, 0, 1, 0, 2, 0, 1, 0, 2, 0, 0, 0, 1, 1, 3, 1, 1, 3, 0, 1, 0, 0, 0, 2, 0, 0, 0, 1, 0, 0, 0, 1, 0, 2, 0, 0, 0, 1, 0, 0, 2, 0, 1],759.6266350452713,56242.435036685805,94957.67305774725,true
19,G1_CMAX,G1_CMAX,[31, 22, 82, 15, 26, 9, 42, 77, 12, 5, 47, 93, 78, 86, 54, 6, 63, 18, 44, 20, 35, 43, 97, 91, 76, 10, 30, 21, 45, 17, 23, 1, 71, 83, 24, 14, 60, 36, 85, 57, 40, 95, 88, 65, 56, 79, 94, 67, 68, 46, 75, 38, 58, 19, 32, 81, 41, 62, 87, 28, 90, 59, 11, 16, 72, 73, 69, 52, 37, 64, 84, 3, 25, 29, 55, 51, 7, 98, 61, 66, 99, 33, 89, 48, 50, 96, 53, 80, 4, 8, 27, 2, 39, 13, 0, 92, 49, 74, 34, 70]|[1, 1, 0, 1, 1, 1, 2, 2, 1, 2, 2, 1, 1, 1, 0, 0, 1, 0, 2, 2, 0, 1, 2, 2, 1, 2, 2, 0, 0, 1, 2, 1, 1, 0, 2, 0, 1, 1, 0, 1, 1, 1, 1, 0, 2, 1, 1, 0, 0, 0, 0, 1, 1, 2, 1, 2, 0, 0, 2, 0, 1, 2, 2, 1, 2, 1, 1, 1, 1, 1, 1, 2, 1, 0, 2, 0, 1, 2, 1, 0, 0, 2, 1, 0, 0, 2, 0, 0, 1, 1, 0, 0, 1, 0, 0, 0, 0, 2, 2, 1]|[0, 3, 1, 2, 0, 0, 1, 1, 4, 1, 1, 4, 4, 4, 2, 2, 4, 2, 1, 1, 1, 1, 2, 1, 2, 1, 1, 1, 1, 4, 0, 3, 3, 0, 1, 1, 0, 3, 2, 2, 2, 2, 0, 1, 1, 0, 4, 0, 1, 2, 2, 1, 4, 0, 3, 2, 1, 2, 1, 2, 3, 1, 1, 3, 0, 4, 4, 1, 4, 3, 1, 2, 4, 1, 1, 1, 1, 1, 3, 1, 1, 1, 1, 1, 1, 1, 2, 1, 4, 3, 2, 2, 1, 2, 2, 0, 1, 1, 1, 4]|[1, 1, 1, 1, 3, 3, 0, 0, 0, 0, 0, 2, 0, 1, 0, 0, 3, 1, 0, 0, 0, 3, 1, 0, 2, 0, 0, 0, 1, 3, 0, 0, 0, 0, 1, 0, 0, 2, 1, 1, 1, 1, 0, 0, 0, 0, 2, 1, 0, 0, 0, 1, 3, 0, 0, 1, 0, 1, 0, 1, 2, 0, 0, 2, 1, 0, 2, 1, 1, 0, 3, 1, 3, 0, 0, 0, 2, 0, 0, 0, 0, 0, 1, 0, 0, 0, 1, 0, 0, 2, 1, 0, 1, 0, 0, 1, 1, 0, 0, 2],733.3116759547878,58140.55643565909,96674.14109675489,false
19,G4_BALANCED,G4_BALANCED,[31, 22, 82, 15, 26, 9, 95, 42, 77, 68, 47, 5, 93, 78, 86, 54, 85, 63, 18, 44, 20, 49, 36, 14, 74, 50, 53, 17, 21, 28, 71, 64, 3, 23, 30, 83, 24, 41, 60, 52, 65, 27, 90, 70, 39, 87, 48, 69, 99, 4, 46, 1, 13, 58, 97, 59, 45, 8, 73, 37, 35, 40, 11, 66, 76, 32, 79, 80, 96, 6, 16, 61, 33, 7, 57, 34, 12, 67, 10, 98, 19, 88, 29, 75, 91, 38, 56, 92, 2, 84, 51, 72, 81, 25, 43, 55, 62, 89, 94, 0]|[2, 1, 2, 1, 1, 2, 1, 1, 1, 1, 1, 0, 2, 2, 1, 2, 0, 0, 0, 2, 2, 1, 0, 2, 0, 2, 2, 1, 0, 1, 1, 1, 0, 0, 1, 0, 2, 1, 2, 2, 0, 0, 1, 1, 0, 2, 0, 2, 1, 0, 0, 2, 0, 0, 2, 0, 1, 1, 0, 0, 2, 2, 0, 2, 2, 0, 1, 2, 0, 1, 2, 1, 1, 2, 0, 1, 1, 1, 1, 0, 2, 1, 1, 0, 1, 0, 1, 0, 2, 0, 1, 1, 1, 1, 1, 0, 1, 1, 1, 0]|[0, 3, 0, 3, 4, 1, 4, 4, 2, 4, 3, 2, 1, 0, 2, 1, 1, 1, 2, 1, 1, 3, 0, 1, 0, 1, 1, 4, 1, 4, 3, 2, 2, 0, 4, 1, 1, 4, 0, 1, 2, 1, 4, 4, 1, 1, 0, 2, 3, 1, 2, 1, 2, 1, 1, 2, 4, 3, 0, 2, 2, 0, 1, 0, 1, 2, 3, 1, 2, 4, 1, 3, 4, 1, 2, 4, 3, 3, 3, 2, 1, 4, 3, 2, 3, 2, 4, 2, 1, 2, 3, 4, 1, 4, 4, 2, 3, 4, 4, 2]|[0, 2, 0, 0, 3, 0, 1, 3, 0, 0, 2, 0, 1, 0, 1, 0, 0, 0, 1, 0, 0, 2, 0, 0, 1, 0, 0, 3, 0, 1, 0, 2, 0, 1, 3, 0, 1, 3, 1, 0, 0, 0, 1, 3, 0, 0, 1, 0, 2, 0, 0, 0, 0, 0, 1, 0, 1, 0, 1, 1, 0, 0, 0, 0, 0, 0, 2, 0, 0, 2, 0, 0, 1, 0, 0, 1, 0, 0, 3, 0, 0, 1, 0, 0, 0, 0, 3, 0, 0, 0, 0, 2, 1, 3, 2, 0, 0, 1, 2, 0],891.7615067646564,51616.418225460504,106270.32294263317,false
19,G2_TEC,G2_TEC,[31, 22, 82, 15, 26, 9, 95, 42, 77, 68, 47, 5, 93, 78, 86, 54, 85, 63, 18, 44, 20, 49, 36, 14, 74, 50, 53, 25, 21, 28, 71, 64, 3, 23, 30, 83, 24, 41, 40, 52, 65, 27, 90, 70, 39, 87, 48, 69, 99, 4, 46, 1, 13, 58, 97, 59, 45, 8, 73, 37, 35, 79, 11, 66, 76, 32, 60, 80, 96, 6, 16, 61, 19, 7, 57, 34, 12, 67, 10, 98, 56, 88, 29, 75, 91, 38, 33, 92, 43, 84, 51, 72, 81, 17, 2, 55, 0, 62, 94, 89]|[2, 1, 2, 1, 1, 2, 1, 1, 1, 1, 1, 0, 2, 2, 1, 2, 0, 0, 0, 2, 2, 1, 0, 2, 0, 2, 2, 1, 0, 1, 1, 1, 0, 0, 1, 0, 2, 1, 2, 2, 0, 0, 1, 1, 0, 2, 0, 2, 1, 0, 0, 2, 0, 0, 2, 0, 1, 1, 0, 0, 2, 1, 0, 2, 2, 0, 2, 2, 0, 1, 2, 1, 1, 2, 0, 1, 1, 1, 1, 2, 2, 1, 1, 0, 1, 0, 1, 0, 1, 0, 1, 1, 1, 1, 2, 0, 0, 1, 2, 1]|[0, 3, 0, 3, 4, 1, 4, 4, 2, 4, 3, 2, 1, 0, 2, 1, 1, 1, 2, 1, 1, 3, 0, 1, 0, 1, 1, 4, 1, 4, 3, 2, 2, 0, 4, 1, 1, 4, 0, 1, 2, 1, 4, 4, 1, 1, 0, 2, 3, 1, 2, 1, 2, 1, 1, 2, 4, 3, 0, 2, 2, 3, 1, 0, 1, 2, 0, 1, 2, 4, 1, 3, 4, 1, 2, 4, 3, 3, 3, 1, 1, 4, 3, 2, 3, 2, 4, 2, 4, 2, 3, 4, 4, 4, 1, 2, 2, 3, 1, 4]|[0, 2, 0, 0, 3, 0, 1, 3, 0, 0, 2, 0, 1, 0, 1, 0, 0, 0, 1, 0, 0, 2, 0, 0, 1, 0, 0, 3, 0, 1, 0, 2, 0, 0, 3, 0, 1, 3, 0, 0, 0, 0, 1, 3, 0, 0, 1, 0, 2, 0, 0, 0, 0, 0, 1, 0, 1, 0, 1, 1, 0, 2, 0, 0, 0, 0, 0, 0, 0, 2, 0, 0, 1, 0, 0, 1, 0, 0, 3, 0, 0, 1, 0, 0, 0, 0, 1, 0, 2, 0, 0, 2, 1, 3, 0, 0, 0, 0, 0, 1],890.9074744783937,50760.14574298861,113587.74359615259,false
19,G3_TWC,G1_CMAX,[31, 22, 82, 15, 26, 58, 95, 42, 77, 12, 47, 5, 93, 78, 86, 54, 85, 63, 18, 72, 20, 35, 43, 97, 91, 76, 10, 30, 21, 45, 71, 64, 1, 23, 17, 83, 24, 14, 60, 36, 6, 57, 40, 88, 65, 56, 79, 94, 67, 68, 46, 75, 38, 9, 19, 32, 81, 41, 27, 62, 87, 50, 99, 59, 11, 16, 44, 73, 70, 39, 37, 84, 3, 92, 25, 55, 28, 29, 51, 98, 7, 61, 66, 48, 89, 90, 4, 96, 53, 80, 8, 33, 34, 2, 52, 13, 74, 69, 0, 49]|[1, 1, 0, 1, 1, 0, 1, 2, 2, 1, 2, 2, 2, 1, 1, 0, 0, 1, 0, 2, 2, 0, 1, 2, 0, 1, 2, 2, 0, 0, 1, 2, 1, 2, 1, 0, 2, 0, 1, 1, 0, 1, 1, 1, 0, 2, 1, 1, 0, 0, 0, 0, 1, 1, 2, 1, 2, 0, 0, 0, 2, 1, 0, 1, 2, 1, 2, 1, 1, 1, 1, 1, 1, 0, 1, 2, 0, 0, 0, 2, 1, 1, 2, 0, 1, 0, 1, 2, 0, 0, 1, 2, 2, 0, 1, 0, 2, 1, 0, 0]|[4, 3, 2, 2, 4, 1, 2, 2, 2, 4, 1, 1, 2, 4, 4, 1, 2, 4, 2, 1, 1, 1, 1, 2, 1, 2, 1, 1, 1, 1, 3, 2, 3, 1, 4, 0, 1, 1, 0, 3, 2, 2, 2, 0, 1, 1, 0, 4, 0, 1, 2, 2, 1, 4, 0, 3, 2, 1, 1, 2, 1, 3, 1, 1, 1, 3, 1, 4, 3, 1, 4, 1, 1, 0, 4, 1, 2, 1, 1, 1, 1, 3, 1, 1, 1, 1, 4, 1, 2, 1, 3, 1, 1, 2, 1, 2, 1, 4, 2, 1]|[0, 2, 1, 1, 3, 0, 1, 0, 0, 0, 0, 0, 1, 0, 1, 0, 0, 3, 1, 0, 0, 0, 3, 1, 0, 2, 0, 0, 0, 1, 0, 0, 0, 0, 3, 0, 1, 0, 0, 2, 1, 1, 1, 0, 0, 0, 0, 2, 1, 0, 0, 0, 1, 3, 0, 0, 1, 0, 0, 1, 0, 2, 0, 1, 0, 2, 0, 0, 0, 1, 1, 3, 1, 1, 3, 0, 1, 0, 0, 0, 2, 0, 0, 0, 1, 0, 0, 0, 1, 0, 2, 0, 0, 0, 1, 0, 0, 2, 0, 1],759.6266350452713,56242.435036685805,94957.67305774725,true
19,G1_CMAX,G1_CMAX,[31, 22, 82, 15, 26, 9, 42, 77, 12, 5, 47, 93, 78, 86, 54, 6, 63, 18, 44, 20, 35, 43, 97, 91, 76, 10, 30, 21, 45, 17, 23, 1, 71, 83, 24, 14, 60, 36, 85, 57, 40, 95, 88, 65, 56, 79, 94, 67, 68, 46, 75, 38, 58, 19, 32, 81, 41, 62, 87, 28, 90, 59, 11, 16, 72, 73, 69, 52, 37, 64, 84, 3, 25, 29, 55, 51, 7, 98, 61, 66, 99, 33, 89, 48, 50, 96, 53, 80, 4, 8, 27, 2, 39, 13, 0, 92, 49, 74, 34, 70]|[1, 1, 0, 1, 1, 1, 2, 2, 1, 2, 2, 1, 1, 1, 0, 0, 1, 0, 2, 2, 0, 1, 2, 2, 1, 2, 2, 0, 0, 1, 2, 1, 1, 0, 2, 0, 1, 1, 0, 1, 1, 1, 1, 0, 2, 1, 1, 0, 0, 0, 0, 1, 1, 2, 1, 2, 0, 0, 2, 0, 1, 2, 2, 1, 2, 1, 1, 1, 1, 1, 1, 2, 1, 0, 2, 0, 1, 2, 1, 0, 0, 2, 1, 0, 0, 2, 0, 0, 1, 1, 0, 0, 1, 0, 0, 0, 0, 2, 2, 1]|[0, 3, 1, 2, 0, 0, 1, 1, 4, 1, 1, 4, 4, 4, 2, 2, 4, 2, 1, 1, 1, 1, 2, 1, 2, 1, 1, 1, 1, 4, 0, 3, 3, 0, 1, 1, 0, 3, 2, 2, 2, 2, 0, 1, 1, 0, 4, 0, 1, 2, 2, 1, 4, 0, 3, 2, 1, 2, 1, 2, 3, 1, 1, 3, 0, 4, 4, 1, 4, 3, 1, 2, 4, 1, 1, 1, 1, 1, 3, 1, 1, 1, 1, 1, 1, 1, 2, 1, 4, 3, 2, 2, 1, 2, 2, 0, 1, 1, 1, 4]|[1, 1, 1, 1, 3, 3, 0, 0, 0, 0, 0, 2, 0, 1, 0, 0, 3, 1, 0, 0, 0, 3, 1, 0, 2, 0, 0, 0, 1, 3, 0, 0, 0, 0, 1, 0, 0, 2, 1, 1, 1, 1, 0, 0, 0, 0, 2, 1, 0, 0, 0, 1, 3, 0, 0, 1, 0, 1, 0, 1, 2, 0, 0, 2, 1, 0, 2, 1, 1, 0, 3, 1, 3, 0, 0, 0, 2, 0, 0, 0, 0, 0, 1, 0, 0, 0, 1, 0, 0, 2, 1, 0, 1, 0, 0, 1, 1, 0, 0, 2],733.3116759547878,58140.55643565909,96674.14109675489,false
19,G4_BALANCED,G4_BALANCED,[31, 22, 82, 15, 26, 9, 95, 42, 77, 68, 47, 5, 93, 78, 86, 54, 85, 63, 18, 44, 20, 49, 36, 14, 74, 50, 53, 17, 21, 28, 71, 64, 3, 23, 30, 83, 24, 41, 60, 52, 65, 27, 90, 70, 39, 87, 48, 69, 99, 4, 46, 1, 13, 58, 97, 59, 45, 8, 73, 37, 35, 40, 11, 66, 76, 32, 79, 80, 96, 6, 16, 61, 33, 7, 57, 34, 12, 67, 10, 98, 19, 88, 29, 75, 91, 38, 56, 92, 2, 84, 51, 72, 81, 25, 43, 55, 62, 89, 94, 0]|[2, 1, 2, 1, 1, 2, 1, 1, 1, 1, 1, 0, 2, 2, 1, 2, 0, 0, 0, 2, 2, 1, 0, 2, 0, 2, 2, 1, 0, 1, 1, 1, 0, 0, 1, 0, 2, 1, 2, 2, 0, 0, 1, 1, 0, 2, 0, 2, 1, 0, 0, 2, 0, 0, 2, 0, 1, 1, 0, 0, 2, 2, 0, 2, 2, 0, 1, 2, 0, 1, 2, 1, 1, 2, 0, 1, 1, 1, 1, 0, 2, 1, 1, 0, 1, 0, 1, 0, 2, 0, 1, 1, 1, 1, 1, 0, 1, 1, 1, 0]|[0, 3, 0, 3, 4, 1, 4, 4, 2, 4, 3, 2, 1, 0, 2, 1, 1, 1, 2, 1, 1, 3, 0, 1, 0, 1, 1, 4, 1, 4, 3, 2, 2, 0, 4, 1, 1, 4, 0, 1, 2, 1, 4, 4, 1, 1, 0, 2, 3, 1, 2, 1, 2, 1, 1, 2, 4, 3, 0, 2, 2, 0, 1, 0, 1, 2, 3, 1, 2, 4, 1, 3, 4, 1, 2, 4, 3, 3, 3, 2, 1, 4, 3, 2, 3, 2, 4, 2, 1, 2, 3, 4, 1, 4, 4, 2, 3, 4, 4, 2]|[0, 2, 0, 0, 3, 0, 1, 3, 0, 0, 2, 0, 1, 0, 1, 0, 0, 0, 1, 0, 0, 2, 0, 0, 1, 0, 0, 3, 0, 1, 0, 2, 0, 1, 3, 0, 1, 3, 1, 0, 0, 0, 1, 3, 0, 0, 1, 0, 2, 0, 0, 0, 0, 0, 1, 0, 1, 0, 1, 1, 0, 0, 0, 0, 0, 0, 2, 0, 0, 2, 0, 0, 1, 0, 0, 1, 0, 0, 3, 0, 0, 1, 0, 0, 0, 0, 3, 0, 0, 0, 0, 2, 1, 3, 2, 0, 0, 1, 2, 0],891.7615067646564,51616.418225460504,106270.32294263317,false
19,G2_TEC,G2_TEC,[31, 22, 82, 15, 26, 9, 95, 42, 77, 68, 47, 5, 93, 78, 86, 54, 85, 63, 18, 44, 20, 49, 36, 14, 74, 50, 53, 25, 21, 28, 71, 64, 3, 23, 30, 83, 24, 41, 40, 52, 65, 27, 90, 70, 39, 87, 48, 69, 99, 4, 46, 1, 13, 58, 97, 59, 45, 8, 73, 37, 35, 79, 11, 66, 76, 32, 60, 80, 96, 6, 16, 61, 19, 7, 57, 34, 12, 67, 10, 98, 56, 88, 29, 75, 91, 38, 33, 92, 2, 84, 51, 72, 81, 17, 43, 55, 62, 89, 94, 0]|[2, 1, 2, 1, 1, 2, 1, 1, 1, 1, 1, 0, 2, 2, 1, 2, 0, 0, 0, 2, 2, 1, 0, 2, 0, 2, 2, 1, 0, 1, 1, 1, 0, 0, 1, 0, 2, 1, 2, 2, 0, 0, 1, 1, 0, 2, 0, 2, 1, 0, 0, 2, 0, 0, 2, 0, 1, 1, 0, 0, 2, 1, 0, 2, 2, 0, 2, 2, 0, 1, 2, 1, 1, 2, 0, 1, 1, 1, 1, 2, 2, 1, 1, 0, 1, 0, 1, 0, 2, 0, 1, 1, 1, 1, 1, 0, 1, 1, 2, 0]|[0, 3, 0, 3, 4, 1, 4, 4, 2, 4, 3, 2, 1, 0, 2, 1, 1, 1, 2, 1, 1, 3, 0, 1, 0, 1, 1, 4, 1, 4, 3, 2, 2, 0, 4, 1, 1, 4, 0, 1, 2, 1, 4, 4, 1, 1, 0, 2, 3, 1, 2, 1, 2, 1, 1, 2, 4, 3, 0, 2, 2, 3, 1, 0, 1, 2, 0, 1, 2, 4, 1, 3, 4, 1, 2, 4, 3, 3, 3, 1, 1, 4, 3, 2, 3, 2, 4, 2, 1, 2, 3, 4, 4, 4, 4, 2, 3, 4, 1, 2]|[0, 2, 0, 0, 3, 0, 1, 3, 0, 0, 2, 0, 1, 0, 1, 0, 0, 0, 1, 0, 0, 2, 0, 0, 1, 0, 0, 3, 0, 1, 0, 2, 0, 0, 3, 0, 1, 3, 0, 0, 0, 0, 1, 3, 0, 0, 1, 0, 2, 0, 0, 0, 0, 0, 1, 0, 1, 0, 1, 1, 0, 2, 0, 0, 0, 0, 0, 0, 0, 2, 0, 0, 1, 0, 0, 1, 0, 0, 3, 0, 0, 1, 0, 0, 0, 0, 1, 0, 0, 0, 0, 2, 1, 3, 2, 0, 0, 1, 0, 0],890.9074744783937,50700.91581679389,113498.52458579841,false
19,G3_TWC,G1_CMAX,[31, 22, 82, 15, 26, 58, 95, 42, 77, 12, 47, 5, 93, 78, 86, 54, 85, 63, 18, 72, 20, 35, 43, 97, 91, 76, 10, 30, 21, 45, 71, 64, 1, 23, 17, 83, 24, 14, 60, 36, 6, 57, 40, 88, 65, 56, 79, 94, 67, 68, 46, 75, 38, 9, 19, 32, 81, 41, 27, 62, 87, 50, 99, 59, 11, 16, 44, 73, 70, 39, 37, 84, 3, 92, 25, 55, 28, 29, 51, 98, 7, 61, 66, 48, 89, 90, 4, 96, 53, 80, 8, 33, 34, 2, 52, 13, 74, 69, 0, 49]|[1, 1, 0, 1, 1, 0, 1, 2, 2, 1, 2, 2, 2, 1, 1, 0, 0, 1, 0, 2, 2, 0, 1, 2, 0, 1, 2, 2, 0, 0, 1, 2, 1, 2, 1, 0, 2, 0, 1, 1, 0, 1, 1, 1, 0, 2, 1, 1, 0, 0, 0, 0, 1, 1, 2, 1, 2, 0, 0, 0, 2, 1, 0, 1, 2, 1, 2, 1, 1, 1, 1, 1, 1, 0, 1, 2, 0, 0, 0, 2, 1, 1, 2, 0, 1, 0, 1, 2, 0, 0, 1, 2, 2, 0, 1, 0, 2, 1, 0, 0]|[4, 3, 2, 2, 4, 1, 2, 2, 2, 4, 1, 1, 2, 4, 4, 1, 2, 4, 2, 1, 1, 1, 1, 2, 1, 2, 1, 1, 1, 1, 3, 2, 3, 1, 4, 0, 1, 1, 0, 3, 2, 2, 2, 0, 1, 1, 0, 4, 0, 1, 2, 2, 1, 4, 0, 3, 2, 1, 1, 2, 1, 3, 1, 1, 1, 3, 1, 4, 3, 1, 4, 1, 1, 0, 4, 1, 2, 1, 1, 1, 1, 3, 1, 1, 1, 1, 4, 1, 2, 1, 3, 1, 1, 2, 1, 2, 1, 4, 2, 1]|[0, 2, 1, 1, 3, 0, 1, 0, 0, 0, 0, 0, 1, 0, 1, 0, 0, 3, 1, 0, 0, 0, 3, 1, 0, 2, 0, 0, 0, 1, 0, 0, 0, 0, 3, 0, 1, 0, 0, 2, 1, 1, 1, 0, 0, 0, 0, 2, 1, 0, 0, 0, 1, 3, 0, 0, 1, 0, 0, 1, 0, 2, 0, 1, 0, 2, 0, 0, 0, 1, 1, 3, 1, 1, 3, 0, 1, 0, 0, 0, 2, 0, 0, 0, 1, 0, 0, 0, 1, 0, 2, 0, 0, 0, 1, 0, 0, 2, 0, 1],759.6266350452713,56242.435036685805,94957.67305774725,true
19,G1_CMAX,G2_TEC,[31, 22, 82, 15, 26, 9, 95, 42, 77, 68, 47, 5, 93, 78, 86, 54, 85, 63, 18, 44, 20, 49, 36, 14, 74, 50, 53, 17, 21, 28, 71, 64, 3, 23, 30, 83, 24, 41, 40, 52, 65, 27, 90, 70, 39, 87, 94, 69, 99, 4, 32, 1, 13, 58, 97, 59, 45, 8, 73, 37, 35, 79, 11, 66, 76, 46, 60, 80, 96, 6, 16, 61, 33, 7, 57, 34, 12, 67, 10, 98, 56, 88, 29, 75, 91, 38, 19, 92, 43, 84, 51, 72, 81, 25, 2, 55, 0, 62, 89, 48]|[2, 1, 2, 1, 1, 2, 1, 1, 1, 1, 1, 0, 2, 2, 1, 2, 0, 0, 0, 2, 2, 1, 0, 2, 0, 2, 2, 1, 0, 1, 1, 1, 0, 0, 1, 0, 2, 1, 2, 2, 0, 0, 1, 1, 0, 2, 2, 2, 1, 0, 0, 2, 0, 0, 2, 0, 1, 1, 0, 0, 2, 1, 0, 2, 2, 0, 2, 2, 0, 1, 2, 1, 1, 2, 0, 1, 1, 1, 1, 2, 2, 1, 1, 0, 1, 0, 1, 0, 1, 0, 1, 1, 1, 1, 2, 0, 0, 1, 1, 0]|[0, 3, 0, 3, 4, 1, 4, 4, 2, 4, 3, 2, 1, 0, 2, 1, 1, 1, 2, 1, 1, 3, 0, 1, 0, 1, 1, 4, 1, 4, 3, 2, 2, 0, 4, 1, 1, 4, 0, 1, 2, 1, 4, 4, 1, 1, 1, 2, 3, 1, 2, 1, 2, 1, 1, 2, 4, 3, 0, 2, 2, 3, 1, 0, 1, 2, 0, 1, 2, 4, 1, 3, 4, 1, 2, 4, 3, 3, 3, 1, 1, 4, 3, 2, 3, 2, 4, 2, 4, 2, 3, 4, 1, 4, 1, 2, 2, 3, 4, 0]|[0, 2, 0, 0, 3, 0, 1, 3, 0, 0, 2, 0, 1, 0, 1, 0, 0, 0, 1, 0, 0, 2, 0, 0, 1, 0, 0, 3, 0, 1, 0, 2, 0, 1, 3, 0, 1, 3, 0, 0, 0, 0, 1, 3, 0, 0, 0, 0, 2, 0, 0, 0, 0, 0, 1, 0, 1, 0, 1, 1, 0, 2, 0, 0, 0, 0, 0, 0, 0, 2, 0, 0, 1, 0, 0, 1, 0, 0, 3, 0, 0, 1, 0, 0, 0, 0, 3, 0, 2, 0, 0, 2, 1, 3, 0, 0, 0, 0, 1, 1],856.549241947346,51507.03619371419,111894.7251863185,true
19,G4_BALANCED,G4_BALANCED,[31, 22, 82, 15, 26, 9, 95, 42, 77, 68, 47, 5, 93, 78, 86, 54, 85, 63, 18, 44, 20, 49, 36, 14, 74, 50, 53, 17, 21, 28, 71, 64, 3, 23, 30, 83, 24, 41, 60, 52, 65, 27, 90, 70, 39, 87, 48, 69, 99, 4, 46, 1, 13, 58, 97, 59, 45, 8, 73, 37, 35, 40, 11, 66, 76, 32, 79, 80, 96, 6, 16, 61, 33, 7, 57, 34, 12, 67, 10, 98, 19, 88, 29, 75, 91, 38, 56, 92, 2, 84, 51, 72, 81, 25, 43, 55, 62, 89, 94, 0]|[2, 1, 2, 1, 1, 2, 1, 1, 1, 1, 1, 0, 2, 2, 1, 2, 0, 0, 0, 2, 2, 1, 0, 2, 0, 2, 2, 1, 0, 1, 1, 1, 0, 0, 1, 0, 2, 1, 2, 2, 0, 0, 1, 1, 0, 2, 0, 2, 1, 0, 0, 2, 0, 0, 2, 0, 1, 1, 0, 0, 2, 2, 0, 2, 2, 0, 1, 2, 0, 1, 2, 1, 1, 2, 0, 1, 1, 1, 1, 0, 2, 1, 1, 0, 1, 0, 1, 0, 2, 0, 1, 1, 1, 1, 1, 0, 1, 1, 1, 0]|[0, 3, 0, 3, 4, 1, 4, 4, 2, 4, 3, 2, 1, 0, 2, 1, 1, 1, 2, 1, 1, 3, 0, 1, 0, 1, 1, 4, 1, 4, 3, 2, 2, 0, 4, 1, 1, 4, 0, 1, 2, 1, 4, 4, 1, 1, 0, 2, 3, 1, 2, 1, 2, 1, 1, 2, 4, 3, 0, 2, 2, 0, 1, 0, 1, 2, 3, 1, 2, 4, 1, 3, 4, 1, 2, 4, 3, 3, 3, 2, 1, 4, 3, 2, 3, 2, 4, 2, 1, 2, 3, 4, 1, 4, 4, 2, 3, 4, 4, 2]|[0, 2, 0, 0, 3, 0, 1, 3, 0, 0, 2, 0, 1, 0, 1, 0, 0, 0, 1, 0, 0, 2, 0, 0, 1, 0, 0, 3, 0, 1, 0, 2, 0, 1, 3, 0, 1, 3, 1, 0, 0, 0, 1, 3, 0, 0, 1, 0, 2, 0, 0, 0, 0, 0, 1, 0, 1, 0, 1, 1, 0, 0, 0, 0, 0, 0, 2, 0, 0, 2, 0, 0, 1, 0, 0, 1, 0, 0, 3, 0, 0, 1, 0, 0, 0, 0, 3, 0, 0, 0, 0, 2, 1, 3, 2, 0, 0, 1, 2, 0],891.7615067646564,51616.418225460504,106270.32294263317,false
19,G2_TEC,G2_TEC,[31, 22, 82, 15, 26, 9, 95, 42, 77, 68, 47, 5, 93, 78, 86, 54, 85, 63, 18, 44, 20, 49, 36, 14, 74, 50, 53, 17, 21, 28, 71, 64, 3, 23, 30, 83, 24, 41, 40, 52, 65, 27, 90, 70, 39, 87, 48, 69, 99, 4, 46, 1, 13, 58, 97, 59, 45, 8, 73, 37, 35, 79, 11, 66, 76, 32, 60, 80, 96, 6, 16, 61, 19, 7, 57, 34, 12, 67, 10, 98, 56, 88, 29, 75, 91, 38, 33, 92, 2, 84, 51, 72, 81, 25, 43, 55, 62, 89, 94, 0]|[2, 1, 2, 1, 1, 2, 1, 1, 1, 1, 1, 0, 2, 2, 1, 2, 0, 0, 0, 2, 2, 1, 0, 2, 0, 2, 2, 1, 0, 1, 1, 1, 0, 0, 1, 0, 2, 1, 2, 2, 0, 0, 1, 1, 0, 2, 0, 2, 1, 0, 0, 2, 0, 0, 2, 0, 1, 1, 0, 0, 2, 1, 0, 2, 2, 0, 2, 2, 0, 1, 2, 1, 1, 2, 0, 1, 1, 1, 1, 2, 2, 1, 1, 0, 1, 0, 1, 0, 2, 0, 1, 1, 1, 1, 1, 0, 1, 1, 2, 0]|[0, 3, 0, 3, 4, 1, 4, 4, 2, 4, 3, 2, 1, 0, 2, 1, 1, 1, 2, 1, 1, 3, 0, 1, 0, 1, 1, 4, 1, 4, 3, 2, 2, 0, 4, 1, 1, 4, 0, 1, 2, 1, 4, 4, 1, 1, 0, 2, 3, 1, 2, 1, 2, 1, 1, 2, 4, 3, 0, 2, 2, 3, 1, 0, 1, 2, 0, 1, 2, 4, 1, 3, 4, 1, 2, 4, 3, 3, 3, 1, 1, 4, 3, 2, 3, 2, 4, 2, 1, 2, 3, 4, 4, 4, 4, 2, 3, 4, 1, 2]|[0, 2, 0, 0, 3, 0, 1, 3, 0, 0, 2, 0, 1, 0, 1, 0, 0, 0, 1, 0, 0, 2, 0, 0, 1, 0, 0, 3, 0, 1, 0, 2, 0, 0, 3, 0, 1, 3, 0, 0, 0, 0, 1, 3, 0, 0, 1, 0, 2, 0, 0, 0, 0, 0, 1, 0, 1, 0, 1, 1, 0, 2, 0, 0, 0, 0, 0, 0, 0, 2, 0, 0, 1, 0, 0, 1, 0, 0, 3, 0, 0, 1, 0, 0, 0, 0, 1, 0, 0, 0, 0, 2, 1, 3, 2, 0, 0, 1, 0, 0],890.9074744783937,50673.96227735626,113466.60083846681,false
19,G3_TWC,G1_CMAX,[31, 22, 82, 15, 26, 58, 95, 42, 77, 12, 47, 5, 93, 78, 86, 54, 85, 63, 18, 72, 20, 35, 43, 97, 91, 76, 10, 30, 21, 45, 71, 64, 1, 23, 17, 83, 24, 14, 60, 36, 6, 57, 40, 88, 65, 56, 79, 94, 67, 68, 46, 75, 38, 9, 19, 32, 81, 41, 27, 62, 87, 50, 99, 59, 11, 16, 44, 73, 70, 39, 37, 84, 3, 92, 25, 55, 28, 29, 51, 98, 7, 61, 66, 48, 89, 90, 4, 96, 53, 80, 8, 33, 34, 2, 52, 13, 74, 69, 0, 49]|[1, 1, 0, 1, 1, 0, 1, 2, 2, 1, 2, 2, 2, 1, 1, 0, 0, 1, 0, 2, 2, 0, 1, 2, 0, 1, 2, 2, 0, 0, 1, 2, 1, 2, 1, 0, 2, 0, 1, 1, 0, 1, 1, 1, 0, 2, 1, 1, 0, 0, 0, 0, 1, 1, 2, 1, 2, 0, 0, 0, 2, 1, 0, 1, 2, 1, 2, 1, 1, 1, 1, 1, 1, 0, 1, 2, 0, 0, 0, 2, 1, 1, 2, 0, 1, 0, 1, 2, 0, 0, 1, 2, 2, 0, 1, 0, 2, 1, 0, 0]|[4, 3, 2, 2, 4, 1, 2, 2, 2, 4, 1, 1, 2, 4, 4, 1, 2, 4, 2, 1, 1, 1, 1, 2, 1, 2, 1, 1, 1, 1, 3, 2, 3, 1, 4, 0, 1, 1, 0, 3, 2, 2, 2, 0, 1, 1, 0, 4, 0, 1, 2, 2, 1, 4, 0, 3, 2, 1, 1, 2, 1, 3, 1, 1, 1, 3, 1, 4, 3, 1, 4, 1, 1, 0, 4, 1, 2, 1, 1, 1, 1, 3, 1, 1, 1, 1, 4, 1, 2, 1, 3, 1, 1, 2, 1, 2, 1, 4, 2, 1]|[0, 2, 1, 1, 3, 0, 1, 0, 0, 0, 0, 0, 1, 0, 1, 0, 0, 3, 1, 0, 0, 0, 3, 1, 0, 2, 0, 0, 0, 1, 0, 0, 0, 0, 3, 0, 1, 0, 0, 2, 1, 1, 1, 0, 0, 0, 0, 2, 1, 0, 0, 0, 1, 3, 0, 0, 1, 0, 0, 1, 0, 2, 0, 1, 0, 2, 0, 0, 0, 1, 1, 3, 1, 1, 3, 0, 1, 0, 0, 0, 2, 0, 0, 0, 1, 0, 0, 0, 1, 0, 2, 0, 0, 0, 1, 0, 0, 2, 0, 1],759.6266350452713,56242.435036685805,94957.67305774725,true
19,G1_CMAX,G1_CMAX,[31, 22, 82, 15, 26, 9, 42, 77, 12, 5, 47, 93, 78, 86, 54, 6, 63, 18, 44, 20, 35, 43, 97, 91, 76, 10, 30, 21, 45, 17, 23, 1, 71, 83, 24, 14, 60, 36, 85, 57, 40, 95, 88, 65, 56, 79, 94, 67, 68, 46, 75, 38, 58, 19, 32, 81, 41, 62, 87, 28, 90, 59, 11, 16, 72, 73, 69, 52, 37, 64, 84, 3, 25, 29, 55, 51, 7, 98, 61, 66, 99, 33, 89, 48, 50, 96, 53, 80, 4, 8, 27, 2, 39, 13, 0, 92, 49, 74, 34, 70]|[1, 1, 0, 1, 1, 1, 2, 2, 1, 2, 2, 1, 1, 1, 0, 0, 1, 0, 2, 2, 0, 1, 2, 2, 1, 2, 2, 0, 0, 1, 2, 1, 1, 0, 2, 0, 1, 1, 0, 1, 1, 1, 1, 0, 2, 1, 1, 0, 0, 0, 0, 1, 1, 2, 1, 2, 0, 0, 2, 0, 1, 2, 2, 1, 2, 1, 1, 1, 1, 1, 1, 2, 1, 0, 2, 0, 1, 2, 1, 0, 0, 2, 1, 0, 0, 2, 0, 0, 1, 1, 0, 0, 1, 0, 0, 0, 0, 2, 2, 1]|[0, 3, 1, 2, 0, 0, 1, 1, 4, 1, 1, 4, 4, 4, 2, 2, 4, 2, 1, 1, 1, 1, 2, 1, 2, 1, 1, 1, 1, 4, 0, 3, 3, 0, 1, 1, 0, 3, 2, 2, 2, 2, 0, 1, 1, 0, 4, 0, 1, 2, 2, 1, 4, 0, 3, 2, 1, 2, 1, 2, 3, 1, 1, 3, 0, 4, 4, 1, 4, 3, 1, 2, 4, 1, 1, 1, 1, 1, 3, 1, 1, 1, 1, 1, 1, 1, 2, 1, 4, 3, 2, 2, 1, 2, 2, 0, 1, 1, 1, 4]|[1, 1, 1, 1, 3, 3, 0, 0, 0, 0, 0, 2, 0, 1, 0, 0, 3, 1, 0, 0, 0, 3, 1, 0, 2, 0, 0, 0, 1, 3, 0, 0, 0, 0, 1, 0, 0, 2, 1, 1, 1, 1, 0, 0, 0, 0, 2, 1, 0, 0, 0, 1, 3, 0, 0, 1, 0, 1, 0, 1, 2, 0, 0, 2, 1, 0, 2, 1, 1, 0, 3, 1, 3, 0, 0, 0, 2, 0, 0, 0, 0, 0, 1, 0, 0, 0, 1, 0, 0, 2, 1, 0, 1, 0, 0, 1, 1, 0, 0, 2],733.3116759547878,58140.55643565909,96674.14109675489,false
19,G4_BALANCED,G4_BALANCED,[31, 22, 82, 15, 26, 9, 95, 42, 77, 68, 47, 5, 93, 78, 86, 54, 85, 63, 18, 44, 20, 49, 36, 14, 74, 50, 53, 17, 21, 28, 71, 64, 3, 23, 30, 83, 24, 41, 60, 52, 65, 27, 90, 70, 39, 87, 48, 69, 99, 4, 46, 1, 13, 58, 97, 59, 45, 8, 73, 37, 35, 40, 11, 66, 76, 32, 79, 80, 96, 6, 16, 61, 33, 7, 57, 34, 12, 67, 10, 98, 19, 88, 29, 75, 91, 38, 56, 92, 2, 84, 51, 72, 81, 25, 43, 55, 62, 89, 94, 0]|[2, 1, 2, 1, 1, 2, 1, 1, 1, 1, 1, 0, 2, 2, 1, 2, 0, 0, 0, 2, 2, 1, 0, 2, 0, 2, 2, 1, 0, 1, 1, 1, 0, 0, 1, 0, 2, 1, 2, 2, 0, 0, 1, 1, 0, 2, 0, 2, 1, 0, 0, 2, 0, 0, 2, 0, 1, 1, 0, 0, 2, 2, 0, 2, 2, 0, 1, 2, 0, 1, 2, 1, 1, 2, 0, 1, 1, 1, 1, 0, 2, 1, 1, 0, 1, 0, 1, 0, 2, 0, 1, 1, 1, 1, 1, 0, 1, 1, 1, 0]|[0, 3, 0, 3, 4, 1, 4, 4, 2, 4, 3, 2, 1, 0, 2, 1, 1, 1, 2, 1, 1, 3, 0, 1, 0, 1, 1, 4, 1, 4, 3, 2, 2, 0, 4, 1, 1, 4, 0, 1, 2, 1, 4, 4, 1, 1, 0, 2, 3, 1, 2, 1, 2, 1, 1, 2, 4, 3, 0, 2, 2, 0, 1, 0, 1, 2, 3, 1, 2, 4, 1, 3, 4, 1, 2, 4, 3, 3, 3, 2, 1, 4, 3, 2, 3, 2, 4, 2, 1, 2, 3, 4, 1, 4, 4, 2, 3, 4, 4, 2]|[0, 2, 0, 0, 3, 0, 1, 3, 0, 0, 2, 0, 1, 0, 1, 0, 0, 0, 1, 0, 0, 2, 0, 0, 1, 0, 0, 3, 0, 1, 0, 2, 0, 1, 3, 0, 1, 3, 1, 0, 0, 0, 1, 3, 0, 0, 1, 0, 2, 0, 0, 0, 0, 0, 1, 0, 1, 0, 1, 1, 0, 0, 0, 0, 0, 0, 2, 0, 0, 2, 0, 0, 1, 0, 0, 1, 0, 0, 3, 0, 0, 1, 0, 0, 0, 0, 3, 0, 0, 0, 0, 2, 1, 3, 2, 0, 0, 1, 2, 0],891.7615067646564,51616.418225460504,106270.32294263317,false
19,G2_TEC,G2_TEC,[31, 22, 82, 15, 26, 9, 95, 42, 77, 68, 47, 5, 93, 78, 86, 54, 85, 63, 18, 44, 20, 49, 36, 14, 74, 50, 53, 17, 21, 28, 71, 64, 3, 23, 30, 83, 24, 41, 40, 52, 65, 27, 90, 70, 39, 87, 48, 69, 99, 4, 46, 1, 13, 58, 97, 59, 45, 8, 73, 37, 35, 79, 11, 66, 76, 32, 60, 80, 96, 6, 16, 61, 19, 7, 57, 34, 12, 67, 10, 98, 56, 88, 29, 75, 91, 38, 33, 92, 2, 84, 51, 72, 81, 25, 43, 55, 62, 89, 94, 0]|[2, 1, 2, 1, 1, 2, 1, 1, 1, 1, 1, 0, 2, 2, 1, 2, 0, 0, 0, 2, 2, 1, 0, 2, 0, 2, 2, 1, 0, 1, 1, 1, 0, 0, 1, 0, 2, 1, 2, 2, 0, 0, 1, 1, 0, 2, 0, 2, 1, 0, 0, 2, 0, 0, 2, 0, 1, 1, 0, 0, 2, 1, 0, 2, 2, 0, 2, 2, 0, 1, 2, 1, 1, 2, 0, 1, 1, 1, 1, 2, 2, 1, 1, 0, 1, 0, 1, 0, 2, 0, 1, 1, 1, 1, 1, 0, 1, 1, 2, 0]|[0, 3, 0, 3, 4, 1, 4, 4, 2, 4, 3, 2, 1, 0, 2, 1, 1, 1, 2, 1, 1, 3, 0, 1, 0, 1, 1, 4, 1, 4, 3, 2, 2, 0, 4, 1, 1, 4, 0, 1, 2, 1, 4, 4, 1, 1, 0, 2, 3, 1, 2, 1, 2, 1, 1, 2, 4, 3, 0, 2, 2, 3, 1, 0, 1, 2, 0, 1, 2, 4, 1, 3, 4, 1, 2, 4, 3, 3, 3, 1, 1, 4, 3, 2, 3, 2, 4, 2, 1, 2, 3, 4, 4, 4, 4, 2, 3, 4, 1, 2]|[0, 2, 0, 0, 3, 0, 1, 3, 0, 0, 2, 0, 1, 0, 1, 0, 0, 0, 1, 0, 0, 2, 0, 0, 1, 0, 0, 3, 0, 1, 0, 2, 0, 0, 3, 0, 1, 3, 0, 0, 0, 0, 1, 3, 0, 0, 1, 0, 2, 0, 0, 0, 0, 0, 1, 0, 1, 0, 1, 1, 0, 2, 0, 0, 0, 0, 0, 0, 0, 2, 0, 0, 1, 0, 0, 1, 0, 0, 3, 0, 0, 1, 0, 0, 0, 0, 1, 0, 0, 0, 0, 2, 1, 3, 2, 0, 0, 1, 0, 0],890.9074744783937,50673.96227735626,113466.60083846681,false
19,G3_TWC,G1_CMAX,[31, 22, 82, 15, 26, 9, 42, 95, 77, 12, 47, 5, 93, 78, 86, 54, 85, 63, 18, 44, 20, 35, 43, 97, 91, 76, 10, 30, 21, 45, 71, 64, 1, 23, 17, 83, 24, 14, 60, 36, 6, 57, 94, 88, 65, 56, 79, 40, 67, 68, 46, 75, 38, 58, 19, 32, 81, 41, 27, 62, 87, 90, 99, 59, 11, 16, 72, 73, 69, 39, 37, 84, 3, 92, 25, 55, 28, 29, 51, 7, 33, 61, 98, 66, 89, 50, 8, 96, 53, 80, 4, 48, 34, 2, 52, 13, 0, 70, 49, 74]|[1, 1, 0, 1, 1, 1, 2, 1, 2, 1, 2, 2, 2, 1, 1, 0, 0, 1, 0, 2, 2, 0, 1, 2, 0, 1, 2, 2, 0, 0, 1, 2, 1, 2, 1, 0, 2, 0, 1, 1, 0, 1, 1, 1, 0, 2, 1, 1, 0, 0, 0, 0, 1, 1, 2, 1, 2, 0, 0, 0, 2, 1, 0, 1, 2, 1, 2, 1, 1, 1, 1, 1, 1, 0, 1, 2, 0, 0, 0, 1, 2, 1, 0, 2, 1, 0, 1, 0, 0, 0, 0, 0, 2, 0, 1, 0, 0, 1, 0, 2]|[4, 3, 2, 2, 0, 0, 2, 2, 2, 4, 1, 1, 2, 4, 4, 1, 2, 4, 2, 1, 1, 1, 1, 2, 1, 2, 1, 1, 1, 1, 3, 2, 3, 0, 4, 0, 1, 1, 0, 3, 2, 2, 2, 0, 1, 1, 0, 4, 0, 1, 2, 2, 1, 4, 0, 3, 2, 1, 1, 2, 1, 3, 1, 1, 1, 3, 0, 4, 3, 1, 4, 1, 1, 0, 4, 1, 2, 1, 1, 3, 1, 3, 1, 1, 1, 1, 3, 1, 2, 1, 2, 1, 1, 2, 1, 2, 2, 3, 1, 1]|[0, 2, 1, 1, 3, 3, 0, 1, 0, 0, 0, 0, 1, 0, 1, 0, 0, 3, 1, 0, 0, 0, 3, 1, 0, 2, 0, 0, 0, 1, 0, 0, 0, 0, 3, 0, 1, 0, 0, 2, 1, 1, 1, 0, 0, 0, 0, 2, 1, 0, 0, 0, 1, 3, 0, 0, 1, 0, 0, 1, 0, 2, 0, 1, 0, 2, 1, 0, 0, 1, 1, 3, 1, 1, 3, 0, 1, 0, 0, 2, 0, 0, 0, 0, 1, 0, 2, 0, 1, 0, 1, 0, 0, 0, 1, 0, 0, 0, 1, 0],801.427594812029,57868.49349465401,91455.85780813712,true
20,G1_CMAX,G1_CMAX,[31, 22, 82, 15, 26, 9, 42, 77, 12, 5, 47, 93, 78, 86, 54, 6, 63, 18, 44, 20, 35, 43, 97, 91, 76, 10, 30, 21, 45, 17, 23, 1, 71, 83, 24, 14, 60, 36, 85, 57, 40, 95, 88, 65, 56, 79, 94, 67, 68, 46, 75, 38, 58, 19, 32, 81, 41, 62, 87, 28, 90, 59, 11, 16, 72, 73, 69, 52, 37, 64, 84, 3, 25, 29, 55, 51, 7, 98, 61, 66, 99, 33, 89, 48, 50, 96, 53, 80, 4, 8, 27, 2, 39, 13, 0, 92, 49, 74, 34, 70]|[1, 1, 0, 1, 1, 1, 2, 2, 1, 2, 2, 1, 1, 1, 0, 0, 1, 0, 2, 2, 0, 1, 2, 2, 1, 2, 2, 0, 0, 1, 2, 1, 1, 0, 2, 0, 1, 1, 0, 1, 1, 1, 1, 0, 2, 1, 1, 0, 0, 0, 0, 1, 1, 2, 1, 2, 0, 0, 2, 0, 1, 2, 2, 1, 2, 1, 1, 1, 1, 1, 1, 2, 1, 0, 2, 0, 1, 2, 1, 0, 0, 2, 1, 0, 0, 2, 0, 0, 1, 1, 0, 0, 1, 0, 0, 0, 0, 2, 2, 1]|[0, 3, 1, 2, 0, 0, 1, 1, 4, 1, 1, 4, 4, 4, 2, 2, 4, 2, 1, 1, 1, 1, 2, 1, 2, 1, 1, 1, 1, 4, 0, 3, 3, 0, 1, 1, 0, 3, 2, 2, 2, 2, 0, 1, 1, 0, 4, 0, 1, 2, 2, 1, 4, 0, 3, 2, 1, 2, 1, 2, 3, 1, 1, 3, 0, 4, 4, 1, 4, 3, 1, 2, 4, 1, 1, 1, 1, 1, 3, 1, 1, 1, 1, 1, 1, 1, 2, 1, 4, 3, 2, 2, 1, 2, 2, 0, 1, 1, 1, 4]|[1, 1, 1, 1, 3, 3, 0, 0, 0, 0, 0, 2, 0, 1, 0, 0, 3, 1, 0, 0, 0, 3, 1, 0, 2, 0, 0, 0, 1, 3, 0, 0, 0, 0, 1, 0, 0, 2, 1, 1, 1, 1, 0, 0, 0, 0, 2, 1, 0, 0, 0, 1, 3, 0, 0, 1, 0, 1, 0, 1, 2, 0, 0, 2, 1, 0, 2, 1, 1, 0, 3, 1, 3, 0, 0, 0, 2, 0, 0, 0, 0, 0, 1, 0, 0, 0, 1, 0, 0, 2, 1, 0, 1, 0, 0, 1, 1, 0, 0, 2],733.3116759547878,58140.55643565909,96674.14109675489,false
20,G4_BALANCED,G4_BALANCED,[31, 22, 82, 15, 26, 9, 95, 42, 77, 68, 47, 48, 5, 93, 78, 86, 54, 85, 63, 18, 44, 20, 49, 36, 14, 74, 50, 53, 17, 21, 28, 71, 64, 3, 23, 30, 83, 24, 41, 60, 52, 65, 27, 90, 70, 39, 87, 69, 99, 4, 46, 1, 13, 58, 97, 59, 33, 8, 73, 37, 35, 79, 11, 66, 76, 32, 40, 80, 96, 6, 16, 61, 45, 7, 57, 34, 12, 67, 10, 98, 56, 88, 29, 75, 91, 38, 19, 92, 2, 84, 51, 72, 81, 25, 43, 55, 62, 89, 94, 0]|[2, 1, 2, 1, 1, 2, 1, 1, 1, 1, 1, 0, 0, 2, 2, 1, 2, 0, 0, 0, 2, 2, 1, 0, 2, 0, 2, 2, 1, 0, 1, 1, 1, 0, 0, 1, 0, 2, 1, 2, 2, 0, 0, 1, 1, 0, 2, 2, 1, 0, 0, 2, 0, 0, 2, 0, 1, 1, 0, 0, 2, 1, 0, 2, 2, 0, 2, 2, 0, 1, 2, 1, 1, 2, 0, 1, 1, 1, 1, 0, 1, 1, 1, 0, 1, 0, 2, 0, 2, 0, 1, 1, 1, 1, 1, 0, 1, 1, 2, 0]|[0, 3, 0, 3, 4, 1, 4, 4, 2, 4, 3, 0, 2, 1, 0, 2, 1, 1, 1, 2, 1, 1, 3, 0, 1, 0, 1, 1, 4, 1, 4, 3, 2, 2, 0, 4, 1, 1, 4, 0, 1, 2, 1, 4, 4, 1, 1, 2, 3, 1, 2, 1, 2, 1, 1, 2, 4, 3, 0, 2, 2, 3, 1, 0, 1, 2, 0, 1, 2, 4, 1, 3, 4, 1, 2, 4, 3, 3, 3, 2, 4, 4, 3, 2, 3, 2, 1, 2, 1, 2, 3, 4, 1, 4, 4, 2, 3, 4, 1, 2]|[0, 2, 0, 0, 3, 0, 1, 3, 0, 0, 2, 1, 0, 1, 0, 1, 0, 0, 0, 1, 0, 0, 2, 0, 0, 1, 0, 0, 3, 0, 1, 0, 2, 0, 1, 3, 0, 1, 3, 1, 0, 0, 0, 1, 3, 0, 0, 0, 2, 0, 0, 0, 0, 0, 1, 0, 1, 0, 1, 1, 0, 2, 0, 0, 0, 0, 0, 0, 0, 2, 0, 0, 1, 0, 0, 1, 0, 0, 3, 0, 3, 1, 0, 0, 0, 0, 0, 0, 0, 0, 0, 2, 1, 3, 2, 0, 0, 1, 0, 0],867.1207464638654,51611.49572945934,106209.51392432238,false
20,G2_TEC,G2_TEC,[31, 22, 82, 15, 26, 9, 95, 42, 77, 68, 47, 5, 93, 78, 86, 54, 85, 63, 18, 44, 20, 49, 36, 14, 74, 50, 53, 17, 21, 28, 71, 64, 3, 23, 30, 83, 24, 41, 40, 52, 65, 27, 90, 70, 39, 87, 48, 69, 99, 4, 46, 1, 13, 58, 97, 59, 45, 8, 73, 37, 35, 79, 11, 66, 76, 32, 60, 80, 96, 6, 16, 61, 19, 7, 57, 34, 12, 67, 10, 98, 56, 88, 29, 75, 91, 38, 33, 92, 2, 84, 51, 72, 81, 25, 43, 55, 62, 89, 94, 0]|[2, 1, 2, 1, 1, 2, 1, 1, 1, 1, 1, 0, 2, 2, 1, 2, 0, 0, 0, 2, 2, 1, 0, 2, 0, 2, 2, 1, 0, 1, 1, 1, 0, 0, 1, 0, 2, 1, 2, 2, 0, 0, 1, 1, 0, 2, 0, 2, 1, 0, 0, 2, 0, 0, 2, 0, 1, 1, 0, 0, 2, 1, 0, 2, 2, 0, 2, 2, 0, 1, 2, 1, 1, 2, 0, 1, 1, 1, 1, 2, 2, 1, 1, 0, 1, 0, 1, 0, 2, 0, 1, 1, 1, 1, 1, 0, 1, 1, 2, 0]|[0, 3, 0, 3, 4, 1, 4, 4, 2, 4, 3, 2, 1, 0, 2, 1, 1, 1, 2, 1, 1, 3, 0, 1, 0, 1, 1, 4, 1, 4, 3, 2, 2, 0, 4, 1, 1, 4, 0, 1, 2, 1, 4, 4, 1, 1, 0, 2, 3, 1, 2, 1, 2, 1, 1, 2, 4, 3, 0, 2, 2, 3, 1, 0, 1, 2, 0, 1, 2, 4, 1, 3, 4, 1, 2, 4, 3, 3, 3, 1, 1, 4, 3, 2, 3, 2, 4, 2, 1, 2, 3, 4, 4, 4, 4, 2, 3, 4, 1, 2]|[0, 2, 0, 0, 3, 0, 1, 3, 0, 0, 2, 0, 1, 0, 1, 0, 0, 0, 1, 0, 0, 2, 0, 0, 1, 0, 0, 3, 0, 1, 0, 2, 0, 0, 3, 0, 1, 3, 0, 0, 0, 0, 1, 3, 0, 0, 1, 0, 2, 0, 0, 0, 0, 0, 1, 0, 1, 0, 1, 1, 0, 2, 0, 0, 0, 0, 0, 0, 0, 2, 0, 0, 1, 0, 0, 1, 0, 0, 3, 0, 0, 1, 0, 0, 0, 0, 1, 0, 0, 0, 0, 2, 1, 3, 2, 0, 0, 1, 0, 0],890.9074744783937,50673.96227735626,113466.60083846681,false
20,G3_TWC,G1_CMAX,[31, 22, 82, 15, 26, 9, 42, 95, 77, 12, 47, 5, 93, 78, 86, 54, 85, 63, 18, 44, 20, 35, 43, 97, 91, 76, 10, 30, 21, 45, 71, 64, 1, 23, 17, 83, 24, 14, 60, 36, 6, 57, 94, 88, 65, 56, 79, 40, 67, 68, 46, 75, 38, 58, 19, 32, 81, 41, 27, 62, 87, 90, 99, 59, 11, 16, 72, 73, 69, 39, 37, 84, 3, 92, 25, 55, 28, 29, 51, 7, 33, 61, 98, 66, 89, 50, 8, 96, 53, 80, 4, 48, 34, 2, 52, 13, 0, 70, 49, 74]|[1, 1, 0, 1, 1, 1, 2, 1, 2, 1, 2, 2, 2, 1, 1, 0, 0, 1, 0, 2, 2, 0, 1, 2, 0, 1, 2, 2, 0, 0, 1, 2, 1, 2, 1, 0, 2, 0, 1, 1, 0, 1, 1, 1, 0, 2, 1, 1, 0, 0, 0, 0, 1, 1, 2, 1, 2, 0, 0, 0, 2, 1, 0, 1, 2, 1, 2, 1, 1, 1, 1, 1, 1, 0, 1, 2, 0, 0, 0, 1, 2, 1, 0, 2, 1, 0, 1, 0, 0, 0, 0, 0, 2, 0, 1, 0, 0, 1, 0, 2]|[4, 3, 2, 2, 0, 0, 2, 2, 2, 4, 1, 1, 2, 4, 4, 1, 2, 4, 2, 1, 1, 1, 1, 2, 1, 2, 1, 1, 1, 1, 3, 2, 3, 0, 4, 0, 1, 1, 0, 3, 2, 2, 2, 0, 1, 1, 0, 4, 0, 1, 2, 2, 1, 4, 0, 3, 2, 1, 1, 2, 1, 3, 1, 1, 1, 3, 0, 4, 3, 1, 4, 1, 1, 0, 4, 1, 2, 1, 1, 3, 1, 3, 1, 1, 1, 1, 3, 1, 2, 1, 2, 1, 1, 2, 1, 2, 2, 3, 1, 1]|[0, 2, 1, 1, 3, 3, 0, 1, 0, 0, 0, 0, 1, 0, 1, 0, 0, 3, 1, 0, 0, 0, 3, 1, 0, 2, 0, 0, 0, 1, 0, 0, 0, 0, 3, 0, 1, 0, 0, 2, 1, 1, 1, 0, 0, 0, 0, 2, 1, 0, 0, 0, 1, 3, 0, 0, 1, 0, 0, 1, 0, 2, 0, 1, 0, 2, 1, 0, 0, 1, 1, 3, 1, 1, 3, 0, 1, 0, 0, 2, 0, 0, 0, 0, 1, 0, 2, 0, 1, 0, 1, 0, 0, 0, 1, 0, 0, 0, 1, 0],801.427594812029,57868.49349465401,91455.85780813712,true
20,G1_CMAX,G1_CMAX,[31, 22, 82, 15, 26, 9, 42, 77, 12, 5, 47, 93, 78, 86, 54, 6, 63, 18, 44, 20, 35, 43, 97, 91, 76, 10, 30, 21, 45, 17, 23, 1, 71, 83, 24, 14, 60, 36, 85, 57, 40, 95, 88, 65, 56, 79, 94, 67, 68, 46, 75, 38, 58, 19, 32, 81, 41, 62, 87, 28, 90, 59, 11, 16, 72, 73, 69, 52, 37, 64, 84, 3, 25, 29, 55, 51, 7, 98, 61, 66, 99, 33, 89, 48, 50, 96, 53, 80, 4, 8, 27, 2, 39, 13, 0, 92, 49, 74, 34, 70]|[1, 1, 0, 1, 1, 1, 2, 2, 1, 2, 2, 1, 1, 1, 0, 0, 1, 0, 2, 2, 0, 1, 2, 2, 1, 2, 2, 0, 0, 1, 2, 1, 1, 0, 2, 0, 1, 1, 0, 1, 1, 1, 1, 0, 2, 1, 1, 0, 0, 0, 0, 1, 1, 2, 1, 2, 0, 0, 2, 0, 1, 2, 2, 1, 2, 1, 1, 1, 1, 1, 1, 2, 1, 0, 2, 0, 1, 2, 1, 0, 0, 2, 1, 0, 0, 2, 0, 0, 1, 1, 0, 0, 1, 0, 0, 0, 0, 2, 2, 1]|[0, 3, 1, 2, 0, 0, 1, 1, 4, 1, 1, 4, 4, 4, 2, 2, 4, 2, 1, 1, 1, 1, 2, 1, 2, 1, 1, 1, 1, 4, 0, 3, 3, 0, 1, 1, 0, 3, 2, 2, 2, 2, 0, 1, 1, 0, 4, 0, 1, 2, 2, 1, 4, 0, 3, 2, 1, 2, 1, 2, 3, 1, 1, 3, 0, 4, 4, 1, 4, 3, 1, 2, 4, 1, 1, 1, 1, 1, 3, 1, 1, 1, 1, 1, 1, 1, 2, 1, 4, 3, 2, 2, 1, 2, 2, 0, 1, 1, 1, 4]|[1, 1, 1, 1, 3, 3, 0, 0, 0, 0, 0, 2, 0, 1, 0, 0, 3, 1, 0, 0, 0, 3, 1, 0, 2, 0, 0, 0, 1, 3, 0, 0, 0, 0, 1, 0, 0, 2, 1, 1, 1, 1, 0, 0, 0, 0, 2, 1, 0, 0, 0, 1, 3, 0, 0, 1, 0, 1, 0, 1, 2, 0, 0, 2, 1, 0, 2, 1, 1, 0, 3, 1, 3, 0, 0, 0, 2, 0, 0, 0, 0, 0, 1, 0, 0, 0, 1, 0, 0, 2, 1, 0, 1, 0, 0, 1, 1, 0, 0, 2],733.3116759547878,58140.55643565909,96674.14109675489,false
20,G4_BALANCED,G4_BALANCED,[31, 22, 82, 15, 26, 9, 95, 42, 77, 68, 47, 48, 5, 93, 78, 86, 54, 85, 63, 18, 44, 20, 49, 36, 14, 74, 50, 53, 17, 21, 28, 71, 64, 3, 23, 30, 83, 24, 41, 60, 52, 65, 27, 90, 70, 39, 87, 69, 99, 4, 46, 1, 13, 58, 97, 59, 33, 8, 73, 37, 35, 79, 11, 66, 76, 32, 40, 80, 96, 6, 16, 61, 45, 7, 57, 34, 12, 67, 10, 98, 56, 88, 29, 75, 91, 38, 19, 92, 2, 84, 51, 72, 81, 25, 43, 55, 62, 89, 94, 0]|[2, 1, 2, 1, 1, 2, 1, 1, 1, 1, 1, 0, 0, 2, 2, 1, 2, 0, 0, 0, 2, 2, 1, 0, 2, 0, 2, 2, 1, 0, 1, 1, 1, 0, 0, 1, 0, 2, 1, 2, 2, 0, 0, 1, 1, 0, 2, 2, 1, 0, 0, 2, 0, 0, 2, 0, 1, 1, 0, 0, 2, 1, 0, 2, 2, 0, 2, 2, 0, 1, 2, 1, 1, 2, 0, 1, 1, 1, 1, 0, 1, 1, 1, 0, 1, 0, 2, 0, 2, 0, 1, 1, 1, 1, 1, 0, 1, 1, 2, 0]|[0, 3, 0, 3, 4, 1, 4, 4, 2, 4, 3, 0, 2, 1, 0, 2, 1, 1, 1, 2, 1, 1, 3, 0, 1, 0, 1, 1, 4, 1, 4, 3, 2, 2, 0, 4, 1, 1, 4, 0, 1, 2, 1, 4, 4, 1, 1, 2, 3, 1, 2, 1, 2, 1, 1, 2, 4, 3, 0, 2, 2, 3, 1, 0, 1, 2, 0, 1, 2, 4, 1, 3, 4, 1, 2, 4, 3, 3, 3, 2, 4, 4, 3, 2, 3, 2, 1, 2, 1, 2, 3, 4, 1, 4, 4, 2, 3, 4, 1, 2]|[0, 2, 0, 0, 3, 0, 1, 3, 0, 0, 2, 1, 0, 1, 0, 1, 0, 0, 0, 1, 0, 0, 2, 0, 0, 1, 0, 0, 3, 0, 1, 0, 2, 0, 1, 3, 0, 1, 3, 1, 0, 0, 0, 1, 3, 0, 0, 0, 2, 0, 0, 0, 0, 0, 1, 0, 1, 0, 1, 1, 0, 2, 0, 0, 0, 0, 0, 0, 0, 2, 0, 0, 1, 0, 0, 1, 0, 0, 3, 0, 3, 1, 0, 0, 0, 0, 0, 0, 0, 0, 0, 2, 1, 3, 2, 0, 0, 1, 0, 0],867.1207464638654,51611.49572945934,106209.51392432238,false
20,G2_TEC,G2_TEC,[31, 22, 82, 15, 26, 9, 95, 42, 77, 68, 47, 5, 93, 78, 86, 54, 85, 63, 18, 44, 20, 49, 36, 14, 74, 50, 53, 17, 21, 28, 71, 64, 3, 23, 30, 83, 24, 41, 40, 52, 65, 27, 90, 70, 39, 87, 48, 69, 99, 4, 46, 1, 13, 58, 97, 59, 45, 8, 73, 37, 35, 79, 11, 66, 76, 32, 60, 80, 96, 6, 16, 61, 19, 7, 57, 34, 12, 67, 10, 98, 56, 88, 29, 75, 91, 38, 33, 92, 2, 84, 51, 72, 81, 25, 43, 55, 62, 89, 94, 0]|[2, 1, 2, 1, 1, 2, 1, 1, 1, 1, 1, 0, 2, 2, 1, 2, 0, 0, 0, 2, 2, 1, 0, 2, 0, 2, 2, 1, 0, 1, 1, 1, 0, 0, 1, 0, 2, 1, 2, 2, 0, 0, 1, 1, 0, 2, 0, 2, 1, 0, 0, 2, 0, 0, 2, 0, 1, 1, 0, 0, 2, 1, 0, 2, 2, 0, 2, 2, 0, 1, 2, 1, 1, 2, 0, 1, 1, 1, 1, 2, 2, 1, 1, 0, 1, 0, 1, 0, 2, 0, 1, 1, 1, 1, 1, 0, 1, 1, 2, 0]|[0, 3, 0, 3, 4, 1, 4, 4, 2, 4, 3, 2, 1, 0, 2, 1, 1, 1, 2, 1, 1, 3, 0, 1, 0, 1, 1, 4, 1, 4, 3, 2, 2, 0, 4, 1, 1, 4, 0, 1, 2, 1, 4, 4, 1, 1, 0, 2, 3, 1, 2, 1, 2, 1, 1, 2, 4, 3, 0, 2, 2, 3, 1, 0, 1, 2, 0, 1, 2, 4, 1, 3, 4, 1, 2, 4, 3, 3, 3, 1, 1, 4, 3, 2, 3, 2, 4, 2, 1, 2, 3, 4, 4, 4, 4, 2, 3, 4, 1, 2]|[0, 2, 0, 0, 3, 0, 1, 3, 0, 0, 2, 0, 1, 0, 1, 0, 0, 0, 1, 0, 0, 2, 0, 0, 1, 0, 0, 3, 0, 1, 0, 2, 0, 0, 3, 0, 1, 3, 0, 0, 0, 0, 1, 3, 0, 0, 1, 0, 2, 0, 0, 0, 0, 0, 1, 0, 1, 0, 1, 1, 0, 2, 0, 0, 0, 0, 0, 0, 0, 2, 0, 0, 1, 0, 0, 1, 0, 0, 3, 0, 0, 1, 0, 0, 0, 0, 1, 0, 0, 0, 0, 2, 1, 3, 2, 0, 0, 1, 0, 0],890.9074744783937,50673.96227735626,113466.60083846681,false
20,G3_TWC,G1_CMAX,[31, 22, 82, 15, 26, 9, 42, 95, 77, 12, 47, 5, 93, 78, 86, 54, 85, 63, 18, 44, 20, 35, 43, 97, 91, 76, 10, 30, 21, 45, 71, 64, 1, 23, 17, 83, 24, 14, 60, 36, 6, 57, 94, 88, 65, 56, 79, 40, 67, 68, 46, 75, 38, 58, 19, 32, 81, 41, 27, 62, 87, 90, 99, 59, 11, 16, 72, 73, 69, 39, 37, 84, 3, 92, 25, 55, 28, 29, 51, 7, 33, 61, 98, 66, 89, 50, 8, 96, 53, 80, 4, 48, 34, 2, 52, 13, 0, 70, 49, 74]|[1, 1, 0, 1, 1, 1, 2, 1, 2, 1, 2, 2, 2, 1, 1, 0, 0, 1, 0, 2, 2, 0, 1, 2, 0, 1, 2, 2, 0, 0, 1, 2, 1, 2, 1, 0, 2, 0, 1, 1, 0, 1, 1, 1, 0, 2, 1, 1, 0, 0, 0, 0, 1, 1, 2, 1, 2, 0, 0, 0, 2, 1, 0, 1, 2, 1, 2, 1, 1, 1, 1, 1, 1, 0, 1, 2, 0, 0, 0, 1, 2, 1, 0, 2, 1, 0, 1, 0, 0, 0, 0, 0, 2, 0, 1, 0, 0, 1, 0, 2]|[4, 3, 2, 2, 0, 0, 2, 2, 2, 4, 1, 1, 2, 4, 4, 1, 2, 4, 2, 1, 1, 1, 1, 2, 1, 2, 1, 1, 1, 1, 3, 2, 3, 0, 4, 0, 1, 1, 0, 3, 2, 2, 2, 0, 1, 1, 0, 4, 0, 1, 2, 2, 1, 4, 0, 3, 2, 1, 1, 2, 1, 3, 1, 1, 1, 3, 0, 4, 3, 1, 4, 1, 1, 0, 4, 1, 2, 1, 1, 3, 1, 3, 1, 1, 1, 1, 3, 1, 2, 1, 2, 1, 1, 2, 1, 2, 2, 3, 1, 1]|[0, 2, 1, 1, 3, 3, 0, 1, 0, 0, 0, 0, 1, 0, 1, 0, 0, 3, 1, 0, 0, 0, 3, 1, 0, 2, 0, 0, 0, 1, 0, 0, 0, 0, 3, 0, 1, 0, 0, 2, 1, 1, 1, 0, 0, 0, 0, 2, 1, 0, 0, 0, 1, 3, 0, 0, 1, 0, 0, 1, 0, 2, 0, 1, 0, 2, 1, 0, 0, 1, 1, 3, 1, 1, 3, 0, 1, 0, 0, 2, 0, 0, 0, 0, 1, 0, 2, 0, 1, 0, 1, 0, 0, 0, 1, 0, 0, 0, 1, 0],801.427594812029,57868.49349465401,91455.85780813712,true
20,G1_CMAX,G1_CMAX,[31, 22, 82, 15, 26, 9, 42, 77, 12, 5, 47, 93, 78, 86, 54, 6, 63, 18, 44, 20, 35, 43, 97, 91, 76, 10, 30, 21, 45, 17, 23, 1, 71, 83, 24, 14, 60, 36, 85, 57, 40, 95, 88, 65, 56, 79, 94, 67, 68, 46, 75, 38, 58, 19, 32, 81, 41, 62, 87, 28, 90, 59, 11, 16, 72, 73, 69, 52, 37, 64, 84, 3, 25, 29, 55, 51, 7, 98, 61, 66, 99, 33, 89, 48, 50, 96, 53, 80, 4, 8, 27, 2, 39, 13, 0, 92, 49, 74, 34, 70]|[1, 1, 0, 1, 1, 1, 2, 2, 1, 2, 2, 1, 1, 1, 0, 0, 1, 0, 2, 2, 0, 1, 2, 2, 1, 2, 2, 0, 0, 1, 2, 1, 1, 0, 2, 0, 1, 1, 0, 1, 1, 1, 1, 0, 2, 1, 1, 0, 0, 0, 0, 1, 1, 2, 1, 2, 0, 0, 2, 0, 1, 2, 2, 1, 2, 1, 1, 1, 1, 1, 1, 2, 1, 0, 2, 0, 1, 2, 1, 0, 0, 2, 1, 0, 0, 2, 0, 0, 1, 1, 0, 0, 1, 0, 0, 0, 0, 2, 2, 1]|[0, 3, 1, 2, 0, 0, 1, 1, 4, 1, 1, 4, 4, 4, 2, 2, 4, 2, 1, 1, 1, 1, 2, 1, 2, 1, 1, 1, 1, 4, 0, 3, 3, 0, 1, 1, 0, 3, 2, 2, 2, 2, 0, 1, 1, 0, 4, 0, 1, 2, 2, 1, 4, 0, 3, 2, 1, 2, 1, 2, 3, 1, 1, 3, 0, 4, 4, 1, 4, 3, 1, 2, 4, 1, 1, 1, 1, 1, 3, 1, 1, 1, 1, 1, 1, 1, 2, 1, 4, 3, 2, 2, 1, 2, 2, 0, 1, 1, 1, 4]|[1, 1, 1, 1, 3, 3, 0, 0, 0, 0, 0, 2, 0, 1, 0, 0, 3, 1, 0, 0, 0, 3, 1, 0, 2, 0, 0, 0, 1, 3, 0, 0, 0, 0, 1, 0, 0, 2, 1, 1, 1, 1, 0, 0, 0, 0, 2, 1, 0, 0, 0, 1, 3, 0, 0, 1, 0, 1, 0, 1, 2, 0, 0, 2, 1, 0, 2, 1, 1, 0, 3, 1, 3, 0, 0, 0, 2, 0, 0, 0, 0, 0, 1, 0, 0, 0, 1, 0, 0, 2, 1, 0, 1, 0, 0, 1, 1, 0, 0, 2],733.3116759547878,58140.55643565909,96674.14109675489,false
20,G4_BALANCED,G4_BALANCED,[31, 22, 82, 15, 26, 9, 95, 42, 77, 68, 47, 48, 5, 93, 78, 86, 54, 85, 63, 18, 44, 20, 49, 36, 14, 74, 50, 53, 17, 21, 28, 71, 64, 3, 23, 30, 83, 24, 41, 60, 52, 65, 27, 90, 70, 39, 87, 69, 99, 4, 46, 1, 13, 58, 97, 59, 33, 8, 73, 37, 35, 79, 11, 66, 76, 32, 40, 80, 96, 6, 16, 61, 45, 7, 57, 34, 12, 67, 10, 98, 56, 88, 29, 75, 91, 38, 19, 92, 2, 84, 51, 72, 81, 25, 43, 55, 62, 89, 94, 0]|[2, 1, 2, 1, 1, 2, 1, 1, 1, 1, 1, 0, 0, 2, 2, 1, 2, 0, 0, 0, 2, 2, 1, 0, 2, 0, 2, 2, 1, 0, 1, 1, 1, 0, 0, 1, 0, 2, 1, 2, 2, 0, 0, 1, 1, 0, 2, 2, 1, 0, 0, 2, 0, 0, 2, 0, 1, 1, 0, 0, 2, 1, 0, 2, 2, 0, 2, 2, 0, 1, 2, 1, 1, 2, 0, 1, 1, 1, 1, 0, 1, 1, 1, 0, 1, 0, 2, 0, 2, 0, 1, 1, 1, 1, 1, 0, 1, 1, 2, 0]|[0, 3, 0, 3, 4, 1, 4, 4, 2, 4, 3, 0, 2, 1, 0, 2, 1, 1, 1, 2, 1, 1, 3, 0, 1, 0, 1, 1, 4, 1, 4, 3, 2, 2, 0, 4, 1, 1, 4, 0, 1, 2, 1, 4, 4, 1, 1, 2, 3, 1, 2, 1, 2, 1, 1, 2, 4, 3, 0, 2, 2, 3, 1, 0, 1, 2, 0, 1, 2, 4, 1, 3, 4, 1, 2, 4, 3, 3, 3, 2, 4, 4, 3, 2, 3, 2, 1, 2, 1, 2, 3, 4, 1, 4, 4, 2, 3, 4, 1, 2]|[0, 2, 0, 0, 3, 0, 1, 3, 0, 0, 2, 1, 0, 1, 0, 1, 0, 0, 0, 1, 0, 0, 2, 0, 0, 1, 0, 0, 3, 0, 1, 0, 2, 0, 1, 3, 0, 1, 3, 1, 0, 0, 0, 1, 3, 0, 0, 0, 2, 0, 0, 0, 0, 0, 1, 0, 1, 0, 1, 1, 0, 2, 0, 0, 0, 0, 0, 0, 0, 2, 0, 0, 1, 0, 0, 1, 0, 0, 3, 0, 3, 1, 0, 0, 0, 0, 0, 0, 0, 0, 0, 2, 1, 3, 2, 0, 0, 1, 0, 0],867.1207464638654,51611.49572945934,106209.51392432238,false
20,G2_TEC,G2_TEC,[31, 22, 82, 15, 26, 9, 95, 42, 77, 68, 47, 5, 93, 78, 86, 54, 85, 63, 18, 44, 20, 49, 36, 14, 74, 50, 53, 17, 21, 28, 71, 64, 3, 23, 30, 83, 24, 41, 40, 52, 65, 27, 90, 70, 39, 87, 48, 69, 99, 4, 46, 1, 13, 58, 97, 59, 45, 8, 73, 37, 35, 79, 11, 66, 76, 32, 60, 80, 96, 6, 16, 61, 19, 7, 57, 34, 12, 67, 10, 98, 56, 88, 29, 75, 91, 38, 33, 92, 2, 84, 51, 72, 81, 25, 43, 55, 62, 89, 94, 0]|[2, 1, 2, 1, 1, 2, 1, 1, 1, 1, 1, 0, 2, 2, 1, 2, 0, 0, 0, 2, 2, 1, 0, 2, 0, 2, 2, 1, 0, 1, 1, 1, 0, 0, 1, 0, 2, 1, 2, 2, 0, 0, 1, 1, 0, 2, 0, 2, 1, 0, 0, 2, 0, 0, 2, 0, 1, 1, 0, 0, 2, 1, 0, 2, 2, 0, 2, 2, 0, 1, 2, 1, 1, 2, 0, 1, 1, 1, 1, 2, 2, 1, 1, 0, 1, 0, 1, 0, 2, 0, 1, 1, 1, 1, 1, 0, 1, 1, 2, 0]|[0, 3, 0, 3, 4, 1, 4, 4, 2, 4, 3, 2, 1, 0, 2, 1, 1, 1, 2, 1, 1, 3, 0, 1, 0, 1, 1, 4, 1, 4, 3, 2, 2, 0, 4, 1, 1, 4, 0, 1, 2, 1, 4, 4, 1, 1, 0, 2, 3, 1, 2, 1, 2, 1, 1, 2, 4, 3, 0, 2, 2, 3, 1, 0, 1, 2, 0, 1, 2, 4, 1, 3, 4, 1, 2, 4, 3, 3, 3, 1, 1, 4, 3, 2, 3, 2, 4, 2, 1, 2, 3, 4, 4, 4, 4, 2, 3, 4, 1, 2]|[0, 2, 0, 0, 3, 0, 1, 3, 0, 0, 2, 0, 1, 0, 1, 0, 0, 0, 1, 0, 0, 2, 0, 0, 1, 0, 0, 3, 0, 1, 0, 2, 0, 0, 3, 0, 1, 3, 0, 0, 0, 0, 1, 3, 0, 0, 1, 0, 2, 0, 0, 0, 0, 0, 1, 0, 1, 0, 1, 1, 0, 2, 0, 0, 0, 0, 0, 0, 0, 2, 0, 0, 1, 0, 0, 1, 0, 0, 3, 0, 0, 1, 0, 0, 0, 0, 1, 0, 0, 0, 0, 2, 1, 3, 2, 0, 0, 1, 0, 0],890.9074744783937,50673.96227735626,113466.60083846681,false
20,G3_TWC,G1_CMAX,[31, 22, 82, 15, 26, 9, 42, 95, 77, 12, 47, 5, 93, 78, 86, 54, 85, 63, 18, 44, 20, 35, 43, 97, 91, 76, 10, 30, 21, 45, 71, 64, 1, 23, 17, 83, 24, 14, 60, 36, 6, 57, 94, 88, 65, 56, 79, 40, 67, 68, 46, 75, 38, 58, 19, 32, 81, 41, 27, 62, 87, 90, 99, 59, 11, 16, 72, 73, 69, 39, 37, 84, 3, 92, 25, 55, 28, 29, 51, 7, 33, 61, 98, 66, 89, 50, 8, 96, 53, 80, 4, 48, 34, 2, 52, 13, 0, 70, 49, 74]|[1, 1, 0, 1, 1, 1, 2, 1, 2, 1, 2, 2, 2, 1, 1, 0, 0, 1, 0, 2, 2, 0, 1, 2, 0, 1, 2, 2, 0, 0, 1, 2, 1, 2, 1, 0, 2, 0, 1, 1, 0, 1, 1, 1, 0, 2, 1, 1, 0, 0, 0, 0, 1, 1, 2, 1, 2, 0, 0, 0, 2, 1, 0, 1, 2, 1, 2, 1, 1, 1, 1, 1, 1, 0, 1, 2, 0, 0, 0, 1, 2, 1, 0, 2, 1, 0, 1, 0, 0, 0, 0, 0, 2, 0, 1, 0, 0, 1, 0, 2]|[4, 3, 2, 2, 0, 0, 2, 2, 2, 4, 1, 1, 2, 4, 4, 1, 2, 4, 2, 1, 1, 1, 1, 2, 1, 2, 1, 1, 1, 1, 3, 2, 3, 0, 4, 0, 1, 1, 0, 3, 2, 2, 2, 0, 1, 1, 0, 4, 0, 1, 2, 2, 1, 4, 0, 3, 2, 1, 1, 2, 1, 3, 1, 1, 1, 3, 0, 4, 3, 1, 4, 1, 1, 0, 4, 1, 2, 1, 1, 3, 1, 3, 1, 1, 1, 1, 3, 1, 2, 1, 2, 1, 1, 2, 1, 2, 2, 3, 1, 1]|[0, 2, 1, 1, 3, 3, 0, 1, 0, 0, 0, 0, 1, 0, 1, 0, 0, 3, 1, 0, 0, 0, 3, 1, 0, 2, 0, 0, 0, 1, 0, 0, 0, 0, 3, 0, 1, 0, 0, 2, 1, 1, 1, 0, 0, 0, 0, 2, 1, 0, 0, 0, 1, 3, 0, 0, 1, 0, 0, 1, 0, 2, 0, 1, 0, 2, 1, 0, 0, 1, 1, 3, 1, 1, 3, 0, 1, 0, 0, 2, 0, 0, 0, 0, 1, 0, 2, 0, 1, 0, 1, 0, 0, 0, 1, 0, 0, 0, 1, 0],801.427594812029,57868.49349465401,91455.85780813712,true
20,G1_CMAX,G1_CMAX,[31, 22, 82, 15, 26, 9, 42, 77, 12, 5, 47, 93, 78, 86, 54, 6, 63, 18, 44, 20, 35, 43, 97, 91, 76, 10, 30, 21, 45, 17, 23, 1, 71, 83, 24, 14, 60, 36, 85, 57, 40, 95, 88, 65, 56, 79, 94, 67, 68, 46, 75, 38, 58, 19, 32, 81, 41, 62, 87, 28, 90, 59, 11, 16, 72, 73, 69, 52, 37, 64, 84, 3, 25, 29, 55, 51, 7, 98, 61, 66, 99, 33, 89, 48, 50, 96, 53, 80, 4, 8, 27, 2, 39, 13, 0, 92, 49, 74, 34, 70]|[1, 1, 0, 1, 1, 1, 2, 2, 1, 2, 2, 1, 1, 1, 0, 0, 1, 0, 2, 2, 0, 1, 2, 2, 1, 2, 2, 0, 0, 1, 2, 1, 1, 0, 2, 0, 1, 1, 0, 1, 1, 1, 1, 0, 2, 1, 1, 0, 0, 0, 0, 1, 1, 2, 1, 2, 0, 0, 2, 0, 1, 2, 2, 1, 2, 1, 1, 1, 1, 1, 1, 2, 1, 0, 2, 0, 1, 2, 1, 0, 0, 2, 1, 0, 0, 2, 0, 0, 1, 1, 0, 0, 1, 0, 0, 0, 0, 2, 2, 1]|[0, 3, 1, 2, 0, 0, 1, 1, 4, 1, 1, 4, 4, 4, 2, 2, 4, 2, 1, 1, 1, 1, 2, 1, 2, 1, 1, 1, 1, 4, 0, 3, 3, 0, 1, 1, 0, 3, 2, 2, 2, 2, 0, 1, 1, 0, 4, 0, 1, 2, 2, 1, 4, 0, 3, 2, 1, 2, 1, 2, 3, 1, 1, 3, 0, 4, 4, 1, 4, 3, 1, 2, 4, 1, 1, 1, 1, 1, 3, 1, 1, 1, 1, 1, 1, 1, 2, 1, 4, 3, 2, 2, 1, 2, 2, 0, 1, 1, 1, 4]|[1, 1, 1, 1, 3, 3, 0, 0, 0, 0, 0, 2, 0, 1, 0, 0, 3, 1, 0, 0, 0, 3, 1, 0, 2, 0, 0, 0, 1, 3, 0, 0, 0, 0, 1, 0, 0, 2, 1, 1, 1, 1, 0, 0, 0, 0, 2, 1, 0, 0, 0, 1, 3, 0, 0, 1, 0, 1, 0, 1, 2, 0, 0, 2, 1, 0, 2, 1, 1, 0, 3, 1, 3, 0, 0, 0, 2, 0, 0, 0, 0, 0, 1, 0, 0, 0, 1, 0, 0, 2, 1, 0, 1, 0, 0, 1, 1, 0, 0, 2],733.3116759547878,58140.55643565909,96674.14109675489,false
20,G4_BALANCED,G4_BALANCED,[31, 22, 82, 15, 26, 9, 95, 42, 77, 68, 47, 48, 5, 93, 78, 86, 54, 85, 63, 18, 44, 20, 49, 36, 14, 74, 50, 53, 17, 21, 28, 71, 64, 3, 23, 30, 83, 24, 41, 60, 52, 65, 27, 90, 70, 39, 87, 69, 99, 4, 46, 1, 13, 58, 97, 59, 33, 8, 73, 37, 35, 79, 11, 66, 76, 32, 40, 80, 96, 6, 16, 61, 45, 7, 57, 34, 12, 67, 10, 98, 56, 88, 29, 75, 91, 38, 19, 92, 2, 84, 51, 72, 81, 25, 43, 55, 62, 89, 94, 0]|[2, 1, 2, 1, 1, 2, 1, 1, 1, 1, 1, 0, 0, 2, 2, 1, 2, 0, 0, 0, 2, 2, 1, 0, 2, 0, 2, 2, 1, 0, 1, 1, 1, 0, 0, 1, 0, 2, 1, 2, 2, 0, 0, 1, 1, 0, 2, 2, 1, 0, 0, 2, 0, 0, 2, 0, 1, 1, 0, 0, 2, 1, 0, 2, 2, 0, 2, 2, 0, 1, 2, 1, 1, 2, 0, 1, 1, 1, 1, 0, 1, 1, 1, 0, 1, 0, 2, 0, 2, 0, 1, 1, 1, 1, 1, 0, 1, 1, 2, 0]|[0, 3, 0, 3, 4, 1, 4, 4, 2, 4, 3, 0, 2, 1, 0, 2, 1, 1, 1, 2, 1, 1, 3, 0, 1, 0, 1, 1, 4, 1, 4, 3, 2, 2, 0, 4, 1, 1, 4, 0, 1, 2, 1, 4, 4, 1, 1, 2, 3, 1, 2, 1, 2, 1, 1, 2, 4, 3, 0, 2, 2, 3, 1, 0, 1, 2, 0, 1, 2, 4, 1, 3, 4, 1, 2, 4, 3, 3, 3, 2, 4, 4, 3, 2, 3, 2, 1, 2, 1, 2, 3, 4, 1, 4, 4, 2, 3, 4, 1, 2]|[0, 2, 0, 0, 3, 0, 1, 3, 0, 0, 2, 1, 0, 1, 0, 1, 0, 0, 0, 1, 0, 0, 2, 0, 0, 1, 0, 0, 3, 0, 1, 0, 2, 0, 1, 3, 0, 1, 3, 1, 0, 0, 0, 1, 3, 0, 0, 0, 2, 0, 0, 0, 0, 0, 1, 0, 1, 0, 1, 1, 0, 2, 0, 0, 0, 0, 0, 0, 0, 2, 0, 0, 1, 0, 0, 1, 0, 0, 3, 0, 3, 1, 0, 0, 0, 0, 0, 0, 0, 0, 0, 2, 1, 3, 2, 0, 0, 1, 0, 0],867.1207464638654,51611.49572945934,106209.51392432238,false
20,G2_TEC,G2_TEC,[31, 22, 82, 15, 26, 9, 95, 42, 77, 68, 47, 5, 93, 78, 86, 54, 85, 63, 18, 44, 20, 49, 36, 14, 74, 50, 53, 17, 21, 28, 71, 64, 3, 23, 30, 83, 24, 41, 40, 52, 65, 27, 90, 70, 39, 87, 48, 69, 99, 4, 46, 1, 13, 58, 97, 59, 45, 8, 73, 37, 35, 79, 11, 66, 76, 32, 60, 80, 96, 6, 16, 61, 19, 7, 57, 34, 12, 67, 10, 98, 56, 88, 29, 75, 91, 38, 33, 92, 2, 84, 51, 72, 81, 25, 43, 55, 62, 89, 94, 0]|[2, 1, 2, 1, 1, 2, 1, 1, 1, 1, 1, 0, 2, 2, 1, 2, 0, 0, 0, 2, 2, 1, 0, 2, 0, 2, 2, 1, 0, 1, 1, 1, 0, 0, 1, 0, 2, 1, 2, 2, 0, 0, 1, 1, 0, 2, 0, 2, 1, 0, 0, 2, 0, 0, 2, 0, 1, 1, 0, 0, 2, 1, 0, 2, 2, 0, 2, 2, 0, 1, 2, 1, 1, 2, 0, 1, 1, 1, 1, 2, 2, 1, 1, 0, 1, 0, 1, 0, 2, 0, 1, 1, 1, 1, 1, 0, 1, 1, 2, 0]|[0, 3, 0, 3, 4, 1, 4, 4, 2, 4, 3, 2, 1, 0, 2, 1, 1, 1, 2, 1, 1, 3, 0, 1, 0, 1, 1, 4, 1, 4, 3, 2, 2, 0, 4, 1, 1, 4, 0, 1, 2, 1, 4, 4, 1, 1, 0, 2, 3, 1, 2, 1, 2, 1, 1, 2, 4, 3, 0, 2, 2, 3, 1, 0, 1, 2, 0, 1, 2, 4, 1, 3, 4, 1, 2, 4, 3, 3, 3, 1, 1, 4, 3, 2, 3, 2, 4, 2, 1, 2, 3, 4, 4, 4, 4, 2, 3, 4, 1, 2]|[0, 2, 0, 0, 3, 0, 1, 3, 0, 0, 2, 0, 1, 0, 1, 0, 0, 0, 1, 0, 0, 2, 0, 0, 1, 0, 0, 3, 0, 1, 0, 2, 0, 0, 3, 0, 1, 3, 0, 0, 0, 0, 1, 3, 0, 0, 1, 0, 2, 0, 0, 0, 0, 0, 1, 0, 1, 0, 1, 1, 0, 2, 0, 0, 0, 0, 0, 0, 0, 2, 0, 0, 1, 0, 0, 1, 0, 0, 3, 0, 0, 1, 0, 0, 0, 0, 1, 0, 0, 0, 0, 2, 1, 3, 2, 0, 0, 1, 0, 0],890.9074744783937,50673.96227735626,113466.60083846681,false
20,G3_TWC,G1_CMAX,[31, 22, 82, 15, 26, 9, 42, 95, 77, 12, 47, 5, 93, 78, 86, 54, 85, 63, 18, 44, 20, 35, 43, 97, 91, 76, 10, 30, 21, 45, 71, 64, 1, 23, 17, 83, 24, 14, 60, 36, 6, 57, 94, 88, 65, 56, 79, 40, 67, 68, 46, 75, 38, 58, 19, 32, 81, 41, 27, 62, 87, 90, 99, 59, 11, 16, 72, 73, 69, 39, 37, 84, 3, 92, 25, 55, 28, 29, 51, 7, 33, 61, 98, 66, 89, 50, 8, 96, 53, 80, 4, 48, 34, 2, 52, 13, 0, 70, 49, 74]|[1, 1, 0, 1, 1, 1, 2, 1, 2, 1, 2, 2, 2, 1, 1, 0, 0, 1, 0, 2, 2, 0, 1, 2, 0, 1, 2, 2, 0, 0, 1, 2, 1, 2, 1, 0, 2, 0, 1, 1, 0, 1, 1, 1, 0, 2, 1, 1, 0, 0, 0, 0, 1, 1, 2, 1, 2, 0, 0, 0, 2, 1, 0, 1, 2, 1, 2, 1, 1, 1, 1, 1, 1, 0, 1, 2, 0, 0, 0, 1, 2, 1, 0, 2, 1, 0, 1, 0, 0, 0, 0, 0, 2, 0, 1, 0, 0, 1, 0, 2]|[4, 3, 2, 2, 0, 0, 2, 2, 2, 4, 1, 1, 2, 4, 4, 1, 2, 4, 2, 1, 1, 1, 1, 2, 1, 2, 1, 1, 1, 1, 3, 2, 3, 0, 4, 0, 1, 1, 0, 3, 2, 2, 2, 0, 1, 1, 0, 4, 0, 1, 2, 2, 1, 4, 0, 3, 2, 1, 1, 2, 1, 3, 1, 1, 1, 3, 0, 4, 3, 1, 4, 1, 1, 0, 4, 1, 2, 1, 1, 3, 1, 3, 1, 1, 1, 1, 3, 1, 2, 1, 2, 1, 1, 2, 1, 2, 2, 3, 1, 1]|[0, 2, 1, 1, 3, 3, 0, 1, 0, 0, 0, 0, 1, 0, 1, 0, 0, 3, 1, 0, 0, 0, 3, 1, 0, 2, 0, 0, 0, 1, 0, 0, 0, 0, 3, 0, 1, 0, 0, 2, 1, 1, 1, 0, 0, 0, 0, 2, 1, 0, 0, 0, 1, 3, 0, 0, 1, 0, 0, 1, 0, 2, 0, 1, 0, 2, 1, 0, 0, 1, 1, 3, 1, 1, 3, 0, 1, 0, 0, 2, 0, 0, 0, 0, 1, 0, 2, 0, 1, 0, 1, 0, 0, 0, 1, 0, 0, 0, 1, 0],801.427594812029,57868.49349465401,91455.85780813712,true
20,G1_CMAX,G1_CMAX,[31, 22, 82, 15, 26, 9, 42, 77, 12, 5, 47, 93, 78, 86, 54, 6, 63, 18, 44, 20, 35, 43, 97, 91, 76, 10, 30, 21, 45, 17, 23, 1, 71, 83, 24, 14, 60, 36, 85, 57, 40, 95, 88, 65, 56, 79, 94, 67, 68, 46, 75, 38, 58, 19, 32, 81, 41, 62, 87, 28, 90, 59, 11, 16, 72, 73, 69, 52, 37, 64, 84, 3, 25, 29, 55, 51, 7, 98, 61, 66, 99, 33, 89, 48, 50, 96, 53, 80, 4, 8, 27, 2, 39, 13, 0, 92, 49, 74, 34, 70]|[1, 1, 0, 1, 1, 1, 2, 2, 1, 2, 2, 1, 1, 1, 0, 0, 1, 0, 2, 2, 0, 1, 2, 2, 1, 2, 2, 0, 0, 1, 2, 1, 1, 0, 2, 0, 1, 1, 0, 1, 1, 1, 1, 0, 2, 1, 1, 0, 0, 0, 0, 1, 1, 2, 1, 2, 0, 0, 2, 0, 1, 2, 2, 1, 2, 1, 1, 1, 1, 1, 1, 2, 1, 0, 2, 0, 1, 2, 1, 0, 0, 2, 1, 0, 0, 2, 0, 0, 1, 1, 0, 0, 1, 0, 0, 0, 0, 2, 2, 1]|[0, 3, 1, 2, 0, 0, 1, 1, 4, 1, 1, 4, 4, 4, 2, 2, 4, 2, 1, 1, 1, 1, 2, 1, 2, 1, 1, 1, 1, 4, 0, 3, 3, 0, 1, 1, 0, 3, 2, 2, 2, 2, 0, 1, 1, 0, 4, 0, 1, 2, 2, 1, 4, 0, 3, 2, 1, 2, 1, 2, 3, 1, 1, 3, 0, 4, 4, 1, 4, 3, 1, 2, 4, 1, 1, 1, 1, 1, 3, 1, 1, 1, 1, 1, 1, 1, 2, 1, 4, 3, 2, 2, 1, 2, 2, 0, 1, 1, 1, 4]|[1, 1, 1, 1, 3, 3, 0, 0, 0, 0, 0, 2, 0, 1, 0, 0, 3, 1, 0, 0, 0, 3, 1, 0, 2, 0, 0, 0, 1, 3, 0, 0, 0, 0, 1, 0, 0, 2, 1, 1, 1, 1, 0, 0, 0, 0, 2, 1, 0, 0, 0, 1, 3, 0, 0, 1, 0, 1, 0, 1, 2, 0, 0, 2, 1, 0, 2, 1, 1, 0, 3, 1, 3, 0, 0, 0, 2, 0, 0, 0, 0, 0, 1, 0, 0, 0, 1, 0, 0, 2, 1, 0, 1, 0, 0, 1, 1, 0, 0, 2],733.3116759547878,58140.55643565909,96674.14109675489,false
20,G4_BALANCED,G4_BALANCED,[31, 22, 82, 15, 26, 9, 95, 42, 77, 68, 47, 48, 5, 93, 78, 86, 54, 85, 63, 18, 44, 20, 49, 36, 14, 74, 50, 53, 17, 21, 28, 71, 64, 3, 23, 30, 83, 24, 41, 60, 52, 65, 27, 90, 70, 39, 87, 69, 99, 4, 46, 1, 13, 58, 97, 59, 33, 8, 73, 37, 35, 79, 11, 66, 76, 32, 40, 80, 96, 6, 16, 61, 45, 7, 57, 34, 12, 67, 10, 98, 56, 88, 29, 75, 91, 38, 19, 92, 2, 84, 51, 72, 81, 25, 43, 55, 62, 89, 94, 0]|[2, 1, 2, 1, 1, 2, 1, 1, 1, 1, 1, 0, 0, 2, 2, 1, 2, 0, 0, 0, 2, 2, 1, 0, 2, 0, 2, 2, 1, 0, 1, 1, 1, 0, 0, 1, 0, 2, 1, 2, 2, 0, 0, 1, 1, 0, 2, 2, 1, 0, 0, 2, 0, 0, 2, 0, 1, 1, 0, 0, 2, 1, 0, 2, 2, 0, 2, 2, 0, 1, 2, 1, 1, 2, 0, 1, 1, 1, 1, 0, 1, 1, 1, 0, 1, 0, 2, 0, 2, 0, 1, 1, 1, 1, 1, 0, 1, 1, 2, 0]|[0, 3, 0, 3, 4, 1, 4, 4, 2, 4, 3, 0, 2, 1, 0, 2, 1, 1, 1, 2, 1, 1, 3, 0, 1, 0, 1, 1, 4, 1, 4, 3, 2, 2, 0, 4, 1, 1, 4, 0, 1, 2, 1, 4, 4, 1, 1, 2, 3, 1, 2, 1, 2, 1, 1, 2, 4, 3, 0, 2, 2, 3, 1, 0, 1, 2, 0, 1, 2, 4, 1, 3, 4, 1, 2, 4, 3, 3, 3, 2, 4, 4, 3, 2, 3, 2, 1, 2, 1, 2, 3, 4, 1, 4, 4, 2, 3, 4, 1, 2]|[0, 2, 0, 0, 3, 0, 1, 3, 0, 0, 2, 1, 0, 1, 0, 1, 0, 0, 0, 1, 0, 0, 2, 0, 0, 1, 0, 0, 3, 0, 1, 0, 2, 0, 1, 3, 0, 1, 3, 1, 0, 0, 0, 1, 3, 0, 0, 0, 2, 0, 0, 0, 0, 0, 1, 0, 1, 0, 1, 1, 0, 2, 0, 0, 0, 0, 0, 0, 0, 2, 0, 0, 1, 0, 0, 1, 0, 0, 3, 0, 3, 1, 0, 0, 0, 0, 0, 0, 0, 0, 0, 2, 1, 3, 2, 0, 0, 1, 0, 0],867.1207464638654,51611.49572945934,106209.51392432238,false
20,G2_TEC,G2_TEC,[31, 22, 82, 15, 26, 9, 95, 42, 77, 68, 47, 5, 93, 78, 86, 54, 85, 63, 18, 44, 20, 49, 36, 14, 74, 50, 53, 17, 21, 28, 71, 64, 3, 23, 30, 83, 24, 41, 40, 52, 65, 27, 90, 70, 39, 87, 48, 69, 99, 4, 46, 1, 13, 58, 97, 59, 45, 8, 73, 37, 35, 79, 11, 66, 76, 32, 60, 80, 96, 6, 16, 61, 19, 7, 57, 34, 12, 67, 10, 98, 56, 88, 29, 75, 91, 38, 33, 92, 2, 84, 51, 72, 81, 25, 43, 55, 62, 89, 94, 0]|[2, 1, 2, 1, 1, 2, 1, 1, 1, 1, 1, 0, 2, 2, 1, 2, 0, 0, 0, 2, 2, 1, 0, 2, 0, 2, 2, 1, 0, 1, 1, 1, 0, 0, 1, 0, 2, 1, 2, 2, 0, 0, 1, 1, 0, 2, 0, 2, 1, 0, 0, 2, 0, 0, 2, 0, 1, 1, 0, 0, 2, 1, 0, 2, 2, 0, 2, 2, 0, 1, 2, 1, 1, 2, 0, 1, 1, 1, 1, 2, 2, 1, 1, 0, 1, 0, 1, 0, 2, 0, 1, 1, 1, 1, 1, 0, 1, 1, 2, 0]|[0, 3, 0, 3, 4, 1, 4, 4, 2, 4, 3, 2, 1, 0, 2, 1, 1, 1, 2, 1, 1, 3, 0, 1, 0, 1, 1, 4, 1, 4, 3, 2, 2, 0, 4, 1, 1, 4, 0, 1, 2, 1, 4, 4, 1, 1, 0, 2, 3, 1, 2, 1, 2, 1, 1, 2, 4, 3, 0, 2, 2, 3, 1, 0, 1, 2, 0, 1, 2, 4, 1, 3, 4, 1, 2, 4, 3, 3, 3, 1, 1, 4, 3, 2, 3, 2, 4, 2, 1, 2, 3, 4, 4, 4, 4, 2, 3, 4, 1, 2]|[0, 2, 0, 0, 3, 0, 1, 3, 0, 0, 2, 0, 1, 0, 1, 0, 0, 0, 1, 0, 0, 2, 0, 0, 1, 0, 0, 3, 0, 1, 0, 2, 0, 0, 3, 0, 1, 3, 0, 0, 0, 0, 1, 3, 0, 0, 1, 0, 2, 0, 0, 0, 0, 0, 1, 0, 1, 0, 1, 1, 0, 2, 0, 0, 0, 0, 0, 0, 0, 2, 0, 0, 1, 0, 0, 1, 0, 0, 3, 0, 0, 1, 0, 0, 0, 0, 1, 0, 0, 0, 0, 2, 1, 3, 2, 0, 0, 1, 0, 0],890.9074744783937,50673.96227735626,113466.60083846681,false
20,G3_TWC,G1_CMAX,[31, 22, 82, 15, 26, 9, 42, 95, 77, 12, 47, 5, 93, 78, 86, 54, 85, 63, 18, 44, 20, 35, 43, 97, 91, 76, 10, 30, 21, 45, 71, 64, 1, 23, 17, 83, 24, 14, 60, 36, 6, 57, 94, 88, 65, 56, 79, 40, 67, 68, 46, 75, 38, 58, 19, 32, 81, 41, 27, 62, 87, 90, 99, 59, 11, 16, 72, 73, 69, 39, 37, 84, 3, 92, 25, 55, 28, 29, 51, 7, 33, 61, 98, 66, 89, 50, 8, 96, 53, 80, 4, 48, 34, 2, 52, 13, 0, 70, 49, 74]|[1, 1, 0, 1, 1, 1, 2, 1, 2, 1, 2, 2, 2, 1, 1, 0, 0, 1, 0, 2, 2, 0, 1, 2, 0, 1, 2, 2, 0, 0, 1, 2, 1, 2, 1, 0, 2, 0, 1, 1, 0, 1, 1, 1, 0, 2, 1, 1, 0, 0, 0, 0, 1, 1, 2, 1, 2, 0, 0, 0, 2, 1, 0, 1, 2, 1, 2, 1, 1, 1, 1, 1, 1, 0, 1, 2, 0, 0, 0, 1, 2, 1, 0, 2, 1, 0, 1, 0, 0, 0, 0, 0, 2, 0, 1, 0, 0, 1, 0, 2]|[4, 3, 2, 2, 0, 0, 2, 2, 2, 4, 1, 1, 2, 4, 4, 1, 2, 4, 2, 1, 1, 1, 1, 2, 1, 2, 1, 1, 1, 1, 3, 2, 3, 0, 4, 0, 1, 1, 0, 3, 2, 2, 2, 0, 1, 1, 0, 4, 0, 1, 2, 2, 1, 4, 0, 3, 2, 1, 1, 2, 1, 3, 1, 1, 1, 3, 0, 4, 3, 1, 4, 1, 1, 0, 4, 1, 2, 1, 1, 3, 1, 3, 1, 1, 1, 1, 3, 1, 2, 1, 2, 1, 1, 2, 1, 2, 2, 3, 1, 1]|[0, 2, 1, 1, 3, 3, 0, 1, 0, 0, 0, 0, 1, 0, 1, 0, 0, 3, 1, 0, 0, 0, 3, 1, 0, 2, 0, 0, 0, 1, 0, 0, 0, 0, 3, 0, 1, 0, 0, 2, 1, 1, 1, 0, 0, 0, 0, 2, 1, 0, 0, 0, 1, 3, 0, 0, 1, 0, 0, 1, 0, 2, 0, 1, 0, 2, 1, 0, 0, 1, 1, 3, 1, 1, 3, 0, 1, 0, 0, 2, 0, 0, 0, 0, 1, 0, 2, 0, 1, 0, 1, 0, 0, 0, 1, 0, 0, 0, 1, 0],801.427594812029,57868.49349465401,91455.85780813712,true
20,G1_CMAX,G1_CMAX,[31, 22, 82, 15, 26, 9, 42, 77, 12, 5, 47, 93, 78, 86, 54, 6, 63, 18, 44, 20, 35, 43, 97, 91, 76, 10, 30, 21, 45, 17, 23, 1, 71, 83, 24, 14, 60, 36, 85, 57, 40, 95, 88, 65, 56, 79, 94, 67, 68, 46, 75, 38, 58, 19, 32, 81, 41, 62, 87, 28, 90, 59, 11, 16, 72, 73, 69, 52, 37, 64, 84, 3, 25, 29, 55, 51, 7, 98, 61, 66, 99, 33, 89, 48, 50, 96, 53, 80, 4, 8, 27, 2, 39, 13, 0, 92, 49, 74, 34, 70]|[1, 1, 0, 1, 1, 1, 2, 2, 1, 2, 2, 1, 1, 1, 0, 0, 1, 0, 2, 2, 0, 1, 2, 2, 1, 2, 2, 0, 0, 1, 2, 1, 1, 0, 2, 0, 1, 1, 0, 1, 1, 1, 1, 0, 2, 1, 1, 0, 0, 0, 0, 1, 1, 2, 1, 2, 0, 0, 2, 0, 1, 2, 2, 1, 2, 1, 1, 1, 1, 1, 1, 2, 1, 0, 2, 0, 1, 2, 1, 0, 0, 2, 1, 0, 0, 2, 0, 0, 1, 1, 0, 0, 1, 0, 0, 0, 0, 2, 2, 1]|[0, 3, 1, 2, 0, 0, 1, 1, 4, 1, 1, 4, 4, 4, 2, 2, 4, 2, 1, 1, 1, 1, 2, 1, 2, 1, 1, 1, 1, 4, 0, 3, 3, 0, 1, 1, 0, 3, 2, 2, 2, 2, 0, 1, 1, 0, 4, 0, 1, 2, 2, 1, 4, 0, 3, 2, 1, 2, 1, 2, 3, 1, 1, 3, 0, 4, 4, 1, 4, 3, 1, 2, 4, 1, 1, 1, 1, 1, 3, 1, 1, 1, 1, 1, 1, 1, 2, 1, 4, 3, 2, 2, 1, 2, 2, 0, 1, 1, 1, 4]|[1, 1, 1, 1, 3, 3, 0, 0, 0, 0, 0, 2, 0, 1, 0, 0, 3, 1, 0, 0, 0, 3, 1, 0, 2, 0, 0, 0, 1, 3, 0, 0, 0, 0, 1, 0, 0, 2, 1, 1, 1, 1, 0, 0, 0, 0, 2, 1, 0, 0, 0, 1, 3, 0, 0, 1, 0, 1, 0, 1, 2, 0, 0, 2, 1, 0, 2, 1, 1, 0, 3, 1, 3, 0, 0, 0, 2, 0, 0, 0, 0, 0, 1, 0, 0, 0, 1, 0, 0, 2, 1, 0, 1, 0, 0, 1, 1, 0, 0, 2],733.3116759547878,58140.55643565909,96674.14109675489,false
20,G4_BALANCED,G4_BALANCED,[31, 22, 82, 15, 26, 9, 95, 42, 77, 68, 47, 48, 5, 93, 78, 86, 54, 85, 63, 18, 44, 20, 49, 36, 14, 74, 50, 53, 17, 21, 28, 71, 64, 3, 23, 30, 83, 24, 41, 60, 52, 65, 27, 90, 70, 39, 87, 69, 99, 4, 46, 1, 13, 58, 97, 59, 33, 8, 73, 37, 35, 79, 11, 66, 76, 32, 40, 80, 96, 6, 16, 61, 45, 7, 57, 34, 12, 67, 10, 98, 56, 88, 29, 75, 91, 38, 19, 92, 2, 84, 51, 72, 81, 25, 43, 55, 62, 89, 94, 0]|[2, 1, 2, 1, 1, 2, 1, 1, 1, 1, 1, 0, 0, 2, 2, 1, 2, 0, 0, 0, 2, 2, 1, 0, 2, 0, 2, 2, 1, 0, 1, 1, 1, 0, 0, 1, 0, 2, 1, 2, 2, 0, 0, 1, 1, 0, 2, 2, 1, 0, 0, 2, 0, 0, 2, 0, 1, 1, 0, 0, 2, 1, 0, 2, 2, 0, 2, 2, 0, 1, 2, 1, 1, 2, 0, 1, 1, 1, 1, 0, 1, 1, 1, 0, 1, 0, 2, 0, 2, 0, 1, 1, 1, 1, 1, 0, 1, 1, 2, 0]|[0, 3, 0, 3, 4, 1, 4, 4, 2, 4, 3, 0, 2, 1, 0, 2, 1, 1, 1, 2, 1, 1, 3, 0, 1, 0, 1, 1, 4, 1, 4, 3, 2, 2, 0, 4, 1, 1, 4, 0, 1, 2, 1, 4, 4, 1, 1, 2, 3, 1, 2, 1, 2, 1, 1, 2, 4, 3, 0, 2, 2, 3, 1, 0, 1, 2, 0, 1, 2, 4, 1, 3, 4, 1, 2, 4, 3, 3, 3, 2, 4, 4, 3, 2, 3, 2, 1, 2, 1, 2, 3, 4, 1, 4, 4, 2, 3, 4, 1, 2]|[0, 2, 0, 0, 3, 0, 1, 3, 0, 0, 2, 1, 0, 1, 0, 1, 0, 0, 0, 1, 0, 0, 2, 0, 0, 1, 0, 0, 3, 0, 1, 0, 2, 0, 1, 3, 0, 1, 3, 1, 0, 0, 0, 1, 3, 0, 0, 0, 2, 0, 0, 0, 0, 0, 1, 0, 1, 0, 1, 1, 0, 2, 0, 0, 0, 0, 0, 0, 0, 2, 0, 0, 1, 0, 0, 1, 0, 0, 3, 0, 3, 1, 0, 0, 0, 0, 0, 0, 0, 0, 0, 2, 1, 3, 2, 0, 0, 1, 0, 0],867.1207464638654,51611.49572945934,106209.51392432238,false
20,G2_TEC,G2_TEC,[31, 22, 82, 15, 26, 9, 95, 42, 77, 68, 47, 5, 93, 78, 86, 54, 85, 63, 18, 44, 20, 49, 36, 14, 74, 50, 53, 17, 21, 28, 71, 64, 3, 23, 30, 83, 24, 41, 40, 52, 65, 27, 90, 70, 39, 87, 48, 69, 99, 4, 46, 1, 13, 58, 97, 59, 45, 8, 73, 37, 35, 79, 11, 66, 76, 32, 60, 80, 96, 6, 16, 61, 19, 7, 57, 34, 12, 67, 10, 98, 56, 88, 29, 75, 91, 38, 33, 92, 2, 84, 51, 72, 81, 25, 43, 55, 62, 89, 94, 0]|[2, 1, 2, 1, 1, 2, 1, 1, 1, 1, 1, 0, 2, 2, 1, 2, 0, 0, 0, 2, 2, 1, 0, 2, 0, 2, 2, 1, 0, 1, 1, 1, 0, 0, 1, 0, 2, 1, 2, 2, 0, 0, 1, 1, 0, 2, 0, 2, 1, 0, 0, 2, 0, 0, 2, 0, 1, 1, 0, 0, 2, 1, 0, 2, 2, 0, 2, 2, 0, 1, 2, 1, 1, 2, 0, 1, 1, 1, 1, 2, 2, 1, 1, 0, 1, 0, 1, 0, 2, 0, 1, 1, 1, 1, 1, 0, 1, 1, 2, 0]|[0, 3, 0, 3, 4, 1, 4, 4, 2, 4, 3, 2, 1, 0, 2, 1, 1, 1, 2, 1, 1, 3, 0, 1, 0, 1, 1, 4, 1, 4, 3, 2, 2, 0, 4, 1, 1, 4, 0, 1, 2, 1, 4, 4, 1, 1, 0, 2, 3, 1, 2, 1, 2, 1, 1, 2, 4, 3, 0, 2, 2, 3, 1, 0, 1, 2, 0, 1, 2, 4, 1, 3, 4, 1, 2, 4, 3, 3, 3, 1, 1, 4, 3, 2, 3, 2, 4, 2, 1, 2, 3, 4, 4, 4, 4, 2, 3, 4, 1, 2]|[0, 2, 0, 0, 3, 0, 1, 3, 0, 0, 2, 0, 1, 0, 1, 0, 0, 0, 1, 0, 0, 2, 0, 0, 1, 0, 0, 3, 0, 1, 0, 2, 0, 0, 3, 0, 1, 3, 0, 0, 0, 0, 1, 3, 0, 0, 1, 0, 2, 0, 0, 0, 0, 0, 1, 0, 1, 0, 1, 1, 0, 2, 0, 0, 0, 0, 0, 0, 0, 2, 0, 0, 1, 0, 0, 1, 0, 0, 3, 0, 0, 1, 0, 0, 0, 0, 1, 0, 0, 0, 0, 2, 1, 3, 2, 0, 0, 1, 0, 0],890.9074744783937,50673.96227735626,113466.60083846681,false
20,G3_TWC,G1_CMAX,[31, 22, 82, 15, 26, 9, 42, 95, 77, 12, 47, 5, 93, 78, 86, 54, 85, 63, 18, 44, 20, 35, 43, 97, 91, 76, 10, 30, 21, 45, 71, 64, 1, 23, 17, 83, 24, 14, 60, 36, 6, 57, 94, 88, 65, 56, 79, 40, 67, 68, 46, 75, 38, 58, 19, 32, 81, 41, 27, 62, 87, 90, 99, 59, 11, 16, 72, 73, 69, 39, 37, 84, 3, 92, 25, 55, 28, 29, 51, 7, 33, 61, 98, 66, 89, 50, 8, 96, 53, 80, 4, 48, 34, 2, 52, 13, 0, 70, 49, 74]|[1, 1, 0, 1, 1, 1, 2, 1, 2, 1, 2, 2, 2, 1, 1, 0, 0, 1, 0, 2, 2, 0, 1, 2, 0, 1, 2, 2, 0, 0, 1, 2, 1, 2, 1, 0, 2, 0, 1, 1, 0, 1, 1, 1, 0, 2, 1, 1, 0, 0, 0, 0, 1, 1, 2, 1, 2, 0, 0, 0, 2, 1, 0, 1, 2, 1, 2, 1, 1, 1, 1, 1, 1, 0, 1, 2, 0, 0, 0, 1, 2, 1, 0, 2, 1, 0, 1, 0, 0, 0, 0, 0, 2, 0, 1, 0, 0, 1, 0, 2]|[4, 3, 2, 2, 0, 0, 2, 2, 2, 4, 1, 1, 2, 4, 4, 1, 2, 4, 2, 1, 1, 1, 1, 2, 1, 2, 1, 1, 1, 1, 3, 2, 3, 0, 4, 0, 1, 1, 0, 3, 2, 2, 2, 0, 1, 1, 0, 4, 0, 1, 2, 2, 1, 4, 0, 3, 2, 1, 1, 2, 1, 3, 1, 1, 1, 3, 0, 4, 3, 1, 4, 1, 1, 0, 4, 1, 2, 1, 1, 3, 1, 3, 1, 1, 1, 1, 3, 1, 2, 1, 2, 1, 1, 2, 1, 2, 2, 3, 1, 1]|[0, 2, 1, 1, 3, 3, 0, 1, 0, 0, 0, 0, 1, 0, 1, 0, 0, 3, 1, 0, 0, 0, 3, 1, 0, 2, 0, 0, 0, 1, 0, 0, 0, 0, 3, 0, 1, 0, 0, 2, 1, 1, 1, 0, 0, 0, 0, 2, 1, 0, 0, 0, 1, 3, 0, 0, 1, 0, 0, 1, 0, 2, 0, 1, 0, 2, 1, 0, 0, 1, 1, 3, 1, 1, 3, 0, 1, 0, 0, 2, 0, 0, 0, 0, 1, 0, 2, 0, 1, 0, 1, 0, 0, 0, 1, 0, 0, 0, 1, 0],801.427594812029,57868.49349465401,91455.85780813712,true
20,G1_CMAX,G1_CMAX,[31, 22, 82, 15, 26, 9, 42, 77, 12, 5, 47, 93, 78, 86, 54, 6, 63, 18, 44, 20, 35, 43, 97, 91, 76, 10, 30, 21, 45, 17, 23, 1, 71, 83, 24, 14, 60, 36, 85, 57, 40, 95, 88, 65, 56, 79, 94, 67, 68, 46, 75, 38, 58, 19, 32, 81, 41, 62, 87, 28, 90, 59, 11, 16, 72, 73, 69, 52, 37, 64, 84, 3, 25, 29, 55, 51, 7, 98, 61, 66, 99, 33, 89, 48, 50, 96, 53, 80, 4, 8, 27, 2, 39, 13, 0, 92, 49, 74, 34, 70]|[1, 1, 0, 1, 1, 1, 2, 2, 1, 2, 2, 1, 1, 1, 0, 0, 1, 0, 2, 2, 0, 1, 2, 2, 1, 2, 2, 0, 0, 1, 2, 1, 1, 0, 2, 0, 1, 1, 0, 1, 1, 1, 1, 0, 2, 1, 1, 0, 0, 0, 0, 1, 1, 2, 1, 2, 0, 0, 2, 0, 1, 2, 2, 1, 2, 1, 1, 1, 1, 1, 1, 2, 1, 0, 2, 0, 1, 2, 1, 0, 0, 2, 1, 0, 0, 2, 0, 0, 1, 1, 0, 0, 1, 0, 0, 0, 0, 2, 2, 1]|[0, 3, 1, 2, 0, 0, 1, 1, 4, 1, 1, 4, 4, 4, 2, 2, 4, 2, 1, 1, 1, 1, 2, 1, 2, 1, 1, 1, 1, 4, 0, 3, 3, 0, 1, 1, 0, 3, 2, 2, 2, 2, 0, 1, 1, 0, 4, 0, 1, 2, 2, 1, 4, 0, 3, 2, 1, 2, 1, 2, 3, 1, 1, 3, 0, 4, 4, 1, 4, 3, 1, 2, 4, 1, 1, 1, 1, 1, 3, 1, 1, 1, 1, 1, 1, 1, 2, 1, 4, 3, 2, 2, 1, 2, 2, 0, 1, 1, 1, 4]|[1, 1, 1, 1, 3, 3, 0, 0, 0, 0, 0, 2, 0, 1, 0, 0, 3, 1, 0, 0, 0, 3, 1, 0, 2, 0, 0, 0, 1, 3, 0, 0, 0, 0, 1, 0, 0, 2, 1, 1, 1, 1, 0, 0, 0, 0, 2, 1, 0, 0, 0, 1, 3, 0, 0, 1, 0, 1, 0, 1, 2, 0, 0, 2, 1, 0, 2, 1, 1, 0, 3, 1, 3, 0, 0, 0, 2, 0, 0, 0, 0, 0, 1, 0, 0, 0, 1, 0, 0, 2, 1, 0, 1, 0, 0, 1, 1, 0, 0, 2],733.3116759547878,58140.55643565909,96674.14109675489,false
20,G4_BALANCED,G4_BALANCED,[31, 22, 82, 15, 26, 9, 95, 42, 77, 68, 47, 48, 5, 93, 78, 86, 54, 85, 63, 18, 44, 20, 49, 36, 14, 74, 50, 53, 17, 21, 28, 71, 64, 3, 23, 30, 83, 24, 41, 60, 52, 65, 27, 90, 70, 39, 87, 69, 99, 4, 46, 1, 13, 58, 97, 59, 33, 8, 73, 37, 35, 79, 11, 66, 76, 32, 40, 80, 96, 6, 16, 61, 45, 7, 57, 34, 12, 67, 10, 98, 56, 88, 29, 75, 91, 38, 19, 92, 2, 84, 51, 72, 81, 25, 43, 55, 62, 89, 94, 0]|[2, 1, 2, 1, 1, 2, 1, 1, 1, 1, 1, 0, 0, 2, 2, 1, 2, 0, 0, 0, 2, 2, 1, 0, 2, 0, 2, 2, 1, 0, 1, 1, 1, 0, 0, 1, 0, 2, 1, 2, 2, 0, 0, 1, 1, 0, 2, 2, 1, 0, 0, 2, 0, 0, 2, 0, 1, 1, 0, 0, 2, 1, 0, 2, 2, 0, 2, 2, 0, 1, 2, 1, 1, 2, 0, 1, 1, 1, 1, 0, 1, 1, 1, 0, 1, 0, 2, 0, 2, 0, 1, 1, 1, 1, 1, 0, 1, 1, 2, 0]|[0, 3, 0, 3, 4, 1, 4, 4, 2, 4, 3, 0, 2, 1, 0, 2, 1, 1, 1, 2, 1, 1, 3, 0, 1, 0, 1, 1, 4, 1, 4, 3, 2, 2, 0, 4, 1, 1, 4, 0, 1, 2, 1, 4, 4, 1, 1, 2, 3, 1, 2, 1, 2, 1, 1, 2, 4, 3, 0, 2, 2, 3, 1, 0, 1, 2, 0, 1, 2, 4, 1, 3, 4, 1, 2, 4, 3, 3, 3, 2, 4, 4, 3, 2, 3, 2, 1, 2, 1, 2, 3, 4, 1, 4, 4, 2, 3, 4, 1, 2]|[0, 2, 0, 0, 3, 0, 1, 3, 0, 0, 2, 1, 0, 1, 0, 1, 0, 0, 0, 1, 0, 0, 2, 0, 0, 1, 0, 0, 3, 0, 1, 0, 2, 0, 1, 3, 0, 1, 3, 1, 0, 0, 0, 1, 3, 0, 0, 0, 2, 0, 0, 0, 0, 0, 1, 0, 1, 0, 1, 1, 0, 2, 0, 0, 0, 0, 0, 0, 0, 2, 0, 0, 1, 0, 0, 1, 0, 0, 3, 0, 3, 1, 0, 0, 0, 0, 0, 0, 0, 0, 0, 2, 1, 3, 2, 0, 0, 1, 0, 0],867.1207464638654,51611.49572945934,106209.51392432238,false
20,G2_TEC,G2_TEC,[31, 22, 82, 15, 26, 9, 95, 42, 77, 68, 47, 5, 93, 78, 86, 54, 85, 63, 18, 44, 20, 49, 36, 14, 74, 50, 53, 17, 21, 28, 71, 64, 3, 23, 30, 83, 24, 41, 40, 52, 65, 27, 90, 70, 39, 87, 48, 69, 99, 4, 46, 1, 13, 58, 97, 59, 45, 8, 73, 37, 35, 79, 11, 66, 76, 32, 60, 80, 96, 6, 16, 61, 19, 7, 57, 34, 12, 67, 10, 98, 56, 88, 29, 75, 91, 38, 33, 92, 2, 84, 51, 72, 81, 25, 43, 55, 62, 89, 94, 0]|[2, 1, 2, 1, 1, 2, 1, 1, 1, 1, 1, 0, 2, 2, 1, 2, 0, 0, 0, 2, 2, 1, 0, 2, 0, 2, 2, 1, 0, 1, 1, 1, 0, 0, 1, 0, 2, 1, 2, 2, 0, 0, 1, 1, 0, 2, 0, 2, 1, 0, 0, 2, 0, 0, 2, 0, 1, 1, 0, 0, 2, 1, 0, 2, 2, 0, 2, 2, 0, 1, 2, 1, 1, 2, 0, 1, 1, 1, 1, 2, 2, 1, 1, 0, 1, 0, 1, 0, 2, 0, 1, 1, 1, 1, 1, 0, 1, 1, 2, 0]|[0, 3, 0, 3, 4, 1, 4, 4, 2, 4, 3, 2, 1, 0, 2, 1, 1, 1, 2, 1, 1, 3, 0, 1, 0, 1, 1, 4, 1, 4, 3, 2, 2, 0, 4, 1, 1, 4, 0, 1, 2, 1, 4, 4, 1, 1, 0, 2, 3, 1, 2, 1, 2, 1, 1, 2, 4, 3, 0, 2, 2, 3, 1, 0, 1, 2, 0, 1, 2, 4, 1, 3, 4, 1, 2, 4, 3, 3, 3, 1, 1, 4, 3, 2, 3, 2, 4, 2, 1, 2, 3, 4, 4, 4, 4, 2, 3, 4, 1, 2]|[0, 2, 0, 0, 3, 0, 1, 3, 0, 0, 2, 0, 1, 0, 1, 0, 0, 0, 1, 0, 0, 2, 0, 0, 1, 0, 0, 3, 0, 1, 0, 2, 0, 0, 3, 0, 1, 3, 0, 0, 0, 0, 1, 3, 0, 0, 1, 0, 2, 0, 0, 0, 0, 0, 1, 0, 1, 0, 1, 1, 0, 2, 0, 0, 0, 0, 0, 0, 0, 2, 0, 0, 1, 0, 0, 1, 0, 0, 3, 0, 0, 1, 0, 0, 0, 0, 1, 0, 0, 0, 0, 2, 1, 3, 2, 0, 0, 1, 0, 0],890.9074744783937,50673.96227735626,113466.60083846681,false
20,G3_TWC,G1_CMAX,[31, 22, 82, 15, 26, 9, 42, 95, 77, 12, 47, 5, 93, 78, 86, 54, 85, 63, 18, 44, 20, 35, 43, 97, 91, 76, 10, 30, 21, 45, 71, 64, 1, 23, 17, 83, 24, 14, 60, 36, 6, 57, 94, 88, 65, 56, 79, 40, 67, 68, 46, 75, 38, 58, 19, 32, 81, 41, 27, 62, 87, 90, 99, 59, 11, 16, 72, 73, 69, 39, 37, 84, 3, 92, 25, 55, 28, 29, 51, 7, 33, 61, 98, 66, 89, 50, 8, 96, 53, 80, 4, 48, 34, 2, 52, 13, 0, 70, 49, 74]|[1, 1, 0, 1, 1, 1, 2, 1, 2, 1, 2, 2, 2, 1, 1, 0, 0, 1, 0, 2, 2, 0, 1, 2, 0, 1, 2, 2, 0, 0, 1, 2, 1, 2, 1, 0, 2, 0, 1, 1, 0, 1, 1, 1, 0, 2, 1, 1, 0, 0, 0, 0, 1, 1, 2, 1, 2, 0, 0, 0, 2, 1, 0, 1, 2, 1, 2, 1, 1, 1, 1, 1, 1, 0, 1, 2, 0, 0, 0, 1, 2, 1, 0, 2, 1, 0, 1, 0, 0, 0, 0, 0, 2, 0, 1, 0, 0, 1, 0, 2]|[4, 3, 2, 2, 0, 0, 2, 2, 2, 4, 1, 1, 2, 4, 4, 1, 2, 4, 2, 1, 1, 1, 1, 2, 1, 2, 1, 1, 1, 1, 3, 2, 3, 0, 4, 0, 1, 1, 0, 3, 2, 2, 2, 0, 1, 1, 0, 4, 0, 1, 2, 2, 1, 4, 0, 3, 2, 1, 1, 2, 1, 3, 1, 1, 1, 3, 0, 4, 3, 1, 4, 1, 1, 0, 4, 1, 2, 1, 1, 3, 1, 3, 1, 1, 1, 1, 3, 1, 2, 1, 2, 1, 1, 2, 1, 2, 2, 3, 1, 1]|[0, 2, 1, 1, 3, 3, 0, 1, 0, 0, 0, 0, 1, 0, 1, 0, 0, 3, 1, 0, 0, 0, 3, 1, 0, 2, 0, 0, 0, 1, 0, 0, 0, 0, 3, 0, 1, 0, 0, 2, 1, 1, 1, 0, 0, 0, 0, 2, 1, 0, 0, 0, 1, 3, 0, 0, 1, 0, 0, 1, 0, 2, 0, 1, 0, 2, 1, 0, 0, 1, 1, 3, 1, 1, 3, 0, 1, 0, 0, 2, 0, 0, 0, 0, 1, 0, 2, 0, 1, 0, 1, 0, 0, 0, 1, 0, 0, 0, 1, 0],801.427594812029,57868.49349465401,91455.85780813712,true
20,G1_CMAX,G1_CMAX,[31, 22, 82, 15, 26, 9, 42, 77, 12, 5, 47, 93, 78, 86, 54, 6, 63, 18, 44, 20, 35, 43, 97, 91, 76, 10, 30, 21, 45, 17, 23, 1, 71, 83, 24, 14, 60, 36, 85, 57, 40, 95, 88, 65, 56, 79, 94, 67, 68, 46, 75, 38, 58, 19, 32, 81, 41, 62, 87, 28, 90, 59, 11, 16, 72, 73, 69, 52, 37, 64, 84, 3, 25, 29, 55, 51, 7, 98, 61, 66, 99, 33, 89, 48, 50, 96, 53, 80, 4, 8, 27, 2, 39, 13, 0, 92, 49, 74, 34, 70]|[1, 1, 0, 1, 1, 1, 2, 2, 1, 2, 2, 1, 1, 1, 0, 0, 1, 0, 2, 2, 0, 1, 2, 2, 1, 2, 2, 0, 0, 1, 2, 1, 1, 0, 2, 0, 1, 1, 0, 1, 1, 1, 1, 0, 2, 1, 1, 0, 0, 0, 0, 1, 1, 2, 1, 2, 0, 0, 2, 0, 1, 2, 2, 1, 2, 1, 1, 1, 1, 1, 1, 2, 1, 0, 2, 0, 1, 2, 1, 0, 0, 2, 1, 0, 0, 2, 0, 0, 1, 1, 0, 0, 1, 0, 0, 0, 0, 2, 2, 1]|[0, 3, 1, 2, 0, 0, 1, 1, 4, 1, 1, 4, 4, 4, 2, 2, 4, 2, 1, 1, 1, 1, 2, 1, 2, 1, 1, 1, 1, 4, 0, 3, 3, 0, 1, 1, 0, 3, 2, 2, 2, 2, 0, 1, 1, 0, 4, 0, 1, 2, 2, 1, 4, 0, 3, 2, 1, 2, 1, 2, 3, 1, 1, 3, 0, 4, 4, 1, 4, 3, 1, 2, 4, 1, 1, 1, 1, 1, 3, 1, 1, 1, 1, 1, 1, 1, 2, 1, 4, 3, 2, 2, 1, 2, 2, 0, 1, 1, 1, 4]|[1, 1, 1, 1, 3, 3, 0, 0, 0, 0, 0, 2, 0, 1, 0, 0, 3, 1, 0, 0, 0, 3, 1, 0, 2, 0, 0, 0, 1, 3, 0, 0, 0, 0, 1, 0, 0, 2, 1, 1, 1, 1, 0, 0, 0, 0, 2, 1, 0, 0, 0, 1, 3, 0, 0, 1, 0, 1, 0, 1, 2, 0, 0, 2, 1, 0, 2, 1, 1, 0, 3, 1, 3, 0, 0, 0, 2, 0, 0, 0, 0, 0, 1, 0, 0, 0, 1, 0, 0, 2, 1, 0, 1, 0, 0, 1, 1, 0, 0, 2],733.3116759547878,58140.55643565909,96674.14109675489,false
20,G4_BALANCED,G4_BALANCED,[31, 11, 82, 15, 26, 9, 95, 42, 77, 68, 47, 5, 93, 78, 86, 54, 85, 63, 18, 44, 20, 49, 36, 14, 74, 50, 53, 17, 21, 45, 71, 64, 3, 23, 30, 83, 24, 41, 60, 52, 65, 27, 90, 70, 39, 87, 48, 69, 99, 4, 46, 1, 13, 58, 97, 59, 28, 75, 73, 37, 35, 79, 22, 66, 76, 32, 40, 80, 96, 6, 61, 16, 33, 7, 57, 34, 12, 67, 10, 98, 56, 88, 29, 25, 91, 38, 19, 92, 43, 84, 51, 72, 81, 8, 2, 55, 0, 62, 89, 94]|[2, 1, 2, 1, 1, 2, 1, 1, 1, 1, 1, 0, 2, 2, 1, 2, 0, 0, 0, 2, 2, 1, 0, 2, 0, 2, 2, 1, 0, 1, 1, 1, 0, 0, 1, 0, 2, 1, 2, 2, 0, 0, 1, 1, 0, 2, 0, 2, 1, 0, 0, 2, 0, 0, 2, 0, 1, 1, 0, 0, 2, 1, 0, 2, 2, 0, 2, 2, 0, 1, 1, 2, 1, 2, 0, 1, 1, 1, 1, 2, 2, 1, 1, 1, 1, 0, 1, 0, 1, 0, 1, 1, 1, 0, 2, 0, 0, 1, 1, 2]|[0, 3, 0, 2, 4, 1, 4, 4, 2, 4, 3, 2, 1, 0, 2, 1, 1, 1, 2, 1, 1, 3, 0, 1, 0, 1, 1, 4, 1, 4, 3, 2, 2, 0, 4, 1, 1, 4, 0, 1, 2, 1, 4, 4, 1, 1, 0, 2, 3, 1, 2, 1, 2, 1, 1, 2, 4, 3, 0, 2, 2, 3, 1, 0, 1, 2, 0, 1, 2, 4, 3, 1, 4, 1, 2, 4, 3, 3, 3, 1, 1, 4, 3, 4, 3, 2, 4, 2, 4, 2, 3, 4, 1, 2, 1, 2, 2, 3, 4, 1]|[0, 2, 0, 1, 3, 0, 1, 3, 0, 0, 2, 0, 1, 0, 1, 0, 0, 0, 1, 0, 0, 2, 0, 0, 1, 0, 0, 3, 0, 1, 0, 2, 0, 1, 3, 0, 1, 3, 0, 0, 0, 0, 1, 3, 0, 0, 1, 0, 2, 0, 0, 0, 0, 0, 1, 0, 1, 0, 1, 1, 0, 2, 0, 0, 0, 0, 0, 0, 0, 2, 0, 0, 1, 0, 0, 1, 0, 0, 3, 0, 0, 1, 0, 3, 0, 0, 3, 0, 2, 0, 0, 2, 1, 0, 0, 0, 0, 0, 1, 0],855.0393744413956,51684.66824914086,111484.00316030454,false
20,G2_TEC,G2_TEC,[31, 22, 82, 15, 26, 9, 95, 42, 77, 68, 47, 5, 93, 78, 86, 54, 85, 63, 18, 44, 20, 49, 36, 14, 74, 50, 53, 17, 21, 28, 71, 64, 3, 23, 30, 83, 24, 41, 40, 52, 65, 27, 90, 70, 39, 87, 48, 69, 99, 4, 46, 1, 13, 58, 97, 59, 45, 8, 73, 37, 35, 79, 11, 66, 76, 32, 60, 80, 96, 6, 16, 61, 19, 7, 57, 34, 12, 67, 10, 98, 56, 88, 29, 75, 91, 38, 33, 92, 2, 84, 51, 72, 81, 25, 43, 55, 62, 89, 94, 0]|[2, 1, 2, 1, 1, 2, 1, 1, 1, 1, 1, 0, 2, 2, 1, 2, 0, 0, 0, 2, 2, 1, 0, 2, 0, 2, 2, 1, 0, 1, 1, 1, 0, 0, 1, 0, 2, 1, 2, 2, 0, 0, 1, 1, 0, 2, 0, 2, 1, 0, 0, 2, 0, 0, 2, 0, 1, 1, 0, 0, 2, 1, 0, 2, 2, 0, 2, 2, 0, 1, 2, 1, 1, 2, 0, 1, 1, 1, 1, 2, 2, 1, 1, 0, 1, 0, 1, 0, 2, 0, 1, 1, 1, 1, 1, 0, 1, 1, 2, 0]|[0, 3, 0, 3, 4, 1, 4, 4, 2, 4, 3, 2, 1, 0, 2, 1, 1, 1, 2, 1, 1, 3, 0, 1, 0, 1, 1, 4, 1, 4, 3, 2, 2, 0, 4, 1, 1, 4, 0, 1, 2, 1, 4, 4, 1, 1, 0, 2, 3, 1, 2, 1, 2, 1, 1, 2, 4, 3, 0, 2, 2, 3, 1, 0, 1, 2, 0, 1, 2, 4, 1, 3, 4, 1, 2, 4, 3, 3, 3, 1, 1, 4, 3, 2, 3, 2, 4, 2, 1, 2, 3, 4, 4, 4, 4, 2, 3, 4, 1, 2]|[0, 2, 0, 0, 3, 0, 1, 3, 0, 0, 2, 0, 1, 0, 1, 0, 0, 0, 1, 0, 0, 2, 0, 0, 1, 0, 0, 3, 0, 1, 0, 2, 0, 0, 3, 0, 1, 3, 0, 0, 0, 0, 1, 3, 0, 0, 1, 0, 2, 0, 0, 0, 0, 0, 1, 0, 1, 0, 1, 1, 0, 2, 0, 0, 0, 0, 0, 0, 0, 2, 0, 0, 1, 0, 0, 1, 0, 0, 3, 0, 0, 1, 0, 0, 0, 0, 1, 0, 0, 0, 0, 2, 1, 3, 2, 0, 0, 1, 0, 0],890.9074744783937,50673.96227735626,113466.60083846681,false
20,G3_TWC,G1_CMAX,[31, 22, 82, 15, 26, 9, 42, 95, 77, 12, 47, 5, 93, 78, 86, 54, 85, 63, 18, 44, 20, 35, 43, 97, 91, 76, 10, 30, 21, 45, 71, 64, 1, 23, 17, 83, 24, 14, 60, 36, 6, 57, 94, 88, 65, 56, 79, 40, 67, 68, 46, 75, 38, 58, 19, 32, 81, 41, 27, 62, 87, 90, 99, 59, 11, 16, 72, 73, 69, 39, 37, 84, 3, 92, 25, 55, 28, 29, 51, 7, 33, 61, 98, 66, 89, 50, 8, 96, 53, 80, 4, 48, 34, 2, 52, 13, 0, 70, 49, 74]|[1, 1, 0, 1, 1, 1, 2, 1, 2, 1, 2, 2, 2, 1, 1, 0, 0, 1, 0, 2, 2, 0, 1, 2, 0, 1, 2, 2, 0, 0, 1, 2, 1, 2, 1, 0, 2, 0, 1, 1, 0, 1, 1, 1, 0, 2, 1, 1, 0, 0, 0, 0, 1, 1, 2, 1, 2, 0, 0, 0, 2, 1, 0, 1, 2, 1, 2, 1, 1, 1, 1, 1, 1, 0, 1, 2, 0, 0, 0, 1, 2, 1, 0, 2, 1, 0, 1, 0, 0, 0, 0, 0, 2, 0, 1, 0, 0, 1, 0, 2]|[4, 3, 2, 2, 0, 0, 2, 2, 2, 4, 1, 1, 2, 4, 4, 1, 2, 4, 2, 1, 1, 1, 1, 2, 1, 2, 1, 1, 1, 1, 3, 2, 3, 0, 4, 0, 1, 1, 0, 3, 2, 2, 2, 0, 1, 1, 0, 4, 0, 1, 2, 2, 1, 4, 0, 3, 2, 1, 1, 2, 1, 3, 1, 1, 1, 3, 0, 4, 3, 1, 4, 1, 1, 0, 4, 1, 2, 1, 1, 3, 1, 3, 1, 1, 1, 1, 3, 1, 2, 1, 2, 1, 1, 2, 1, 2, 2, 3, 1, 1]|[0, 2, 1, 1, 3, 3, 0, 1, 0, 0, 0, 0, 1, 0, 1, 0, 0, 3, 1, 0, 0, 0, 3, 1, 0, 2, 0, 0, 0, 1, 0, 0, 0, 0, 3, 0, 1, 0, 0, 2, 1, 1, 1, 0, 0, 0, 0, 2, 1, 0, 0, 0, 1, 3, 0, 0, 1, 0, 0, 1, 0, 2, 0, 1, 0, 2, 1, 0, 0, 1, 1, 3, 1, 1, 3, 0, 1, 0, 0, 2, 0, 0, 0, 0, 1, 0, 2, 0, 1, 0, 1, 0, 0, 0, 1, 0, 0, 0, 1, 0],801.427594812029,57868.49349465401,91455.85780813712,true
20,G1_CMAX,G1_CMAX,[31, 22, 82, 15, 26, 9, 42, 77, 12, 5, 47, 93, 78, 86, 54, 6, 63, 18, 44, 20, 35, 43, 97, 91, 76, 10, 30, 21, 45, 17, 23, 1, 71, 83, 24, 14, 60, 36, 85, 57, 40, 95, 88, 65, 56, 79, 94, 67, 68, 46, 75, 38, 58, 19, 32, 81, 41, 62, 87, 28, 90, 59, 11, 16, 72, 73, 69, 52, 37, 64, 84, 3, 25, 29, 55, 51, 7, 98, 61, 66, 99, 33, 89, 48, 50, 96, 53, 80, 4, 8, 27, 2, 39, 13, 0, 92, 49, 74, 34, 70]|[1, 1, 0, 1, 1, 1, 2, 2, 1, 2, 2, 1, 1, 1, 0, 0, 1, 0, 2, 2, 0, 1, 2, 2, 1, 2, 2, 0, 0, 1, 2, 1, 1, 0, 2, 0, 1, 1, 0, 1, 1, 1, 1, 0, 2, 1, 1, 0, 0, 0, 0, 1, 1, 2, 1, 2, 0, 0, 2, 0, 1, 2, 2, 1, 2, 1, 1, 1, 1, 1, 1, 2, 1, 0, 2, 0, 1, 2, 1, 0, 0, 2, 1, 0, 0, 2, 0, 0, 1, 1, 0, 0, 1, 0, 0, 0, 0, 2, 2, 1]|[0, 3, 1, 2, 0, 0, 1, 1, 4, 1, 1, 4, 4, 4, 2, 2, 4, 2, 1, 1, 1, 1, 2, 1, 2, 1, 1, 1, 1, 4, 0, 3, 3, 0, 1, 1, 0, 3, 2, 2, 2, 2, 0, 1, 1, 0, 4, 0, 1, 2, 2, 1, 4, 0, 3, 2, 1, 2, 1, 2, 3, 1, 1, 3, 0, 4, 4, 1, 4, 3, 1, 2, 4, 1, 1, 1, 1, 1, 3, 1, 1, 1, 1, 1, 1, 1, 2, 1, 4, 3, 2, 2, 1, 2, 2, 0, 1, 1, 1, 4]|[1, 1, 1, 1, 3, 3, 0, 0, 0, 0, 0, 2, 0, 1, 0, 0, 3, 1, 0, 0, 0, 3, 1, 0, 2, 0, 0, 0, 1, 3, 0, 0, 0, 0, 1, 0, 0, 2, 1, 1, 1, 1, 0, 0, 0, 0, 2, 1, 0, 0, 0, 1, 3, 0, 0, 1, 0, 1, 0, 1, 2, 0, 0, 2, 1, 0, 2, 1, 1, 0, 3, 1, 3, 0, 0, 0, 2, 0, 0, 0, 0, 0, 1, 0, 0, 0, 1, 0, 0, 2, 1, 0, 1, 0, 0, 1, 1, 0, 0, 2],733.3116759547878,58140.55643565909,96674.14109675489,false
20,G4_BALANCED,G4_BALANCED,[31, 11, 82, 15, 26, 9, 95, 42, 77, 68, 47, 5, 93, 78, 86, 54, 85, 63, 18, 44, 20, 49, 36, 14, 74, 50, 53, 17, 21, 45, 71, 64, 3, 23, 30, 83, 24, 41, 60, 52, 65, 27, 90, 70, 39, 87, 48, 69, 99, 4, 46, 1, 13, 58, 97, 59, 28, 75, 73, 37, 35, 79, 22, 66, 76, 32, 40, 80, 96, 6, 61, 16, 33, 7, 57, 34, 12, 67, 10, 98, 56, 88, 29, 25, 91, 38, 19, 92, 43, 84, 51, 72, 81, 8, 2, 55, 0, 62, 89, 94]|[2, 1, 2, 1, 1, 2, 1, 1, 1, 1, 1, 0, 2, 2, 1, 2, 0, 0, 0, 2, 2, 1, 0, 2, 0, 2, 2, 1, 0, 1, 1, 1, 0, 0, 1, 0, 2, 1, 2, 2, 0, 0, 1, 1, 0, 2, 0, 2, 1, 0, 0, 2, 0, 0, 2, 0, 1, 1, 0, 0, 2, 1, 0, 2, 2, 0, 2, 2, 0, 1, 1, 2, 1, 2, 0, 1, 1, 1, 1, 2, 2, 1, 1, 1, 1, 0, 1, 0, 1, 0, 1, 1, 1, 0, 2, 0, 0, 1, 1, 2]|[0, 3, 0, 2, 4, 1, 4, 4, 2, 4, 3, 2, 1, 0, 2, 1, 1, 1, 2, 1, 1, 3, 0, 1, 0, 1, 1, 4, 1, 4, 3, 2, 2, 0, 4, 1, 1, 4, 0, 1, 2, 1, 4, 4, 1, 1, 0, 2, 3, 1, 2, 1, 2, 1, 1, 2, 4, 3, 0, 2, 2, 3, 1, 0, 1, 2, 0, 1, 2, 4, 3, 1, 4, 1, 2, 4, 3, 3, 3, 1, 1, 4, 3, 4, 3, 2, 4, 2, 4, 2, 3, 4, 1, 2, 1, 2, 2, 3, 4, 1]|[0, 2, 0, 1, 3, 0, 1, 3, 0, 0, 2, 0, 1, 0, 1, 0, 0, 0, 1, 0, 0, 2, 0, 0, 1, 0, 0, 3, 0, 1, 0, 2, 0, 1, 3, 0, 1, 3, 0, 0, 0, 0, 1, 3, 0, 0, 1, 0, 2, 0, 0, 0, 0, 0, 1, 0, 1, 0, 1, 1, 0, 2, 0, 0, 0, 0, 0, 0, 0, 2, 0, 0, 1, 0, 0, 1, 0, 0, 3, 0, 0, 1, 0, 3, 0, 0, 3, 0, 2, 0, 0, 2, 1, 0, 0, 0, 0, 0, 1, 0],855.0393744413956,51684.66824914086,111484.00316030454,false
20,G2_TEC,G2_TEC,[31, 22, 82, 15, 26, 9, 95, 42, 77, 68, 47, 5, 93, 78, 86, 54, 85, 63, 18, 44, 20, 49, 36, 14, 74, 50, 53, 17, 21, 28, 71, 64, 3, 23, 30, 83, 24, 41, 40, 52, 65, 27, 90, 70, 39, 87, 48, 69, 99, 4, 46, 1, 13, 58, 97, 59, 45, 8, 73, 37, 35, 79, 11, 66, 76, 32, 60, 80, 96, 6, 16, 61, 19, 7, 57, 34, 12, 67, 10, 98, 56, 88, 29, 75, 91, 38, 33, 92, 2, 84, 51, 72, 81, 25, 43, 55, 62, 89, 94, 0]|[2, 1, 2, 1, 1, 2, 1, 1, 1, 1, 1, 0, 2, 2, 1, 2, 0, 0, 0, 2, 2, 1, 0, 2, 0, 2, 2, 1, 0, 1, 1, 1, 0, 0, 1, 0, 2, 1, 2, 2, 0, 0, 1, 1, 0, 2, 0, 2, 1, 0, 0, 2, 0, 0, 2, 0, 1, 1, 0, 0, 2, 1, 0, 2, 2, 0, 2, 2, 0, 1, 2, 1, 1, 2, 0, 1, 1, 1, 1, 2, 2, 1, 1, 0, 1, 0, 1, 0, 2, 0, 1, 1, 1, 1, 1, 0, 1, 1, 2, 0]|[0, 3, 0, 3, 4, 1, 4, 4, 2, 4, 3, 2, 1, 0, 2, 1, 1, 1, 2, 1, 1, 3, 0, 1, 0, 1, 1, 4, 1, 4, 3, 2, 2, 0, 4, 1, 1, 4, 0, 1, 2, 1, 4, 4, 1, 1, 0, 2, 3, 1, 2, 1, 2, 1, 1, 2, 4, 3, 0, 2, 2, 3, 1, 0, 1, 2, 0, 1, 2, 4, 1, 3, 4, 1, 2, 4, 3, 3, 3, 1, 1, 4, 3, 2, 3, 2, 4, 2, 1, 2, 3, 4, 4, 4, 4, 2, 3, 4, 1, 2]|[0, 2, 0, 0, 3, 0, 1, 3, 0, 0, 2, 0, 1, 0, 1, 0, 0, 0, 1, 0, 0, 2, 0, 0, 1, 0, 0, 3, 0, 1, 0, 2, 0, 0, 3, 0, 1, 3, 0, 0, 0, 0, 1, 3, 0, 0, 1, 0, 2, 0, 0, 0, 0, 0, 1, 0, 1, 0, 1, 1, 0, 2, 0, 0, 0, 0, 0, 0, 0, 2, 0, 0, 1, 0, 0, 1, 0, 0, 3, 0, 0, 1, 0, 0, 0, 0, 1, 0, 0, 0, 0, 2, 1, 3, 2, 0, 0, 1, 0, 0],890.9074744783937,50673.96227735626,113466.60083846681,false
20,G3_TWC,G1_CMAX,[31, 22, 82, 15, 26, 9, 42, 95, 77, 12, 47, 5, 93, 78, 86, 54, 85, 63, 18, 44, 20, 35, 43, 97, 91, 76, 10, 30, 21, 45, 71, 64, 1, 23, 17, 83, 24, 14, 60, 36, 6, 57, 94, 88, 65, 56, 79, 40, 67, 68, 46, 75, 38, 58, 19, 32, 81, 41, 27, 62, 87, 90, 99, 59, 11, 16, 72, 73, 69, 39, 37, 84, 3, 92, 25, 55, 28, 29, 51, 7, 33, 61, 98, 66, 89, 50, 8, 96, 53, 80, 4, 48, 34, 2, 52, 13, 0, 70, 49, 74]|[1, 1, 0, 1, 1, 1, 2, 1, 2, 1, 2, 2, 2, 1, 1, 0, 0, 1, 0, 2, 2, 0, 1, 2, 0, 1, 2, 2, 0, 0, 1, 2, 1, 2, 1, 0, 2, 0, 1, 1, 0, 1, 1, 1, 0, 2, 1, 1, 0, 0, 0, 0, 1, 1, 2, 1, 2, 0, 0, 0, 2, 1, 0, 1, 2, 1, 2, 1, 1, 1, 1, 1, 1, 0, 1, 2, 0, 0, 0, 1, 2, 1, 0, 2, 1, 0, 1, 0, 0, 0, 0, 0, 2, 0, 1, 0, 0, 1, 0, 2]|[4, 3, 2, 2, 0, 0, 2, 2, 2, 4, 1, 1, 2, 4, 4, 1, 2, 4, 2, 1, 1, 1, 1, 2, 1, 2, 1, 1, 1, 1, 3, 2, 3, 0, 4, 0, 1, 1, 0, 3, 2, 2, 2, 0, 1, 1, 0, 4, 0, 1, 2, 2, 1, 4, 0, 3, 2, 1, 1, 2, 1, 3, 1, 1, 1, 3, 0, 4, 3, 1, 4, 1, 1, 0, 4, 1, 2, 1, 1, 3, 1, 3, 1, 1, 1, 1, 3, 1, 2, 1, 2, 1, 1, 2, 1, 2, 2, 3, 1, 1]|[0, 2, 1, 1, 3, 3, 0, 1, 0, 0, 0, 0, 1, 0, 1, 0, 0, 3, 1, 0, 0, 0, 3, 1, 0, 2, 0, 0, 0, 1, 0, 0, 0, 0, 3, 0, 1, 0, 0, 2, 1, 1, 1, 0, 0, 0, 0, 2, 1, 0, 0, 0, 1, 3, 0, 0, 1, 0, 0, 1, 0, 2, 0, 1, 0, 2, 1, 0, 0, 1, 1, 3, 1, 1, 3, 0, 1, 0, 0, 2, 0, 0, 0, 0, 1, 0, 2, 0, 1, 0, 1, 0, 0, 0, 1, 0, 0, 0, 1, 0],801.427594812029,57868.49349465401,91455.85780813712,true
20,G1_CMAX,G1_CMAX,[31, 22, 82, 15, 26, 9, 42, 77, 12, 5, 47, 93, 78, 86, 54, 6, 63, 18, 44, 20, 35, 43, 97, 91, 76, 10, 30, 21, 45, 17, 23, 1, 71, 83, 24, 14, 60, 36, 85, 57, 40, 95, 88, 65, 56, 79, 94, 67, 68, 46, 75, 38, 58, 19, 32, 81, 41, 62, 87, 28, 90, 59, 11, 16, 72, 73, 69, 52, 37, 64, 84, 3, 25, 29, 55, 51, 7, 98, 61, 66, 99, 33, 89, 48, 50, 96, 53, 80, 4, 8, 27, 2, 39, 13, 0, 92, 49, 74, 34, 70]|[1, 1, 0, 1, 1, 1, 2, 2, 1, 2, 2, 1, 1, 1, 0, 0, 1, 0, 2, 2, 0, 1, 2, 2, 1, 2, 2, 0, 0, 1, 2, 1, 1, 0, 2, 0, 1, 1, 0, 1, 1, 1, 1, 0, 2, 1, 1, 0, 0, 0, 0, 1, 1, 2, 1, 2, 0, 0, 2, 0, 1, 2, 2, 1, 2, 1, 1, 1, 1, 1, 1, 2, 1, 0, 2, 0, 1, 2, 1, 0, 0, 2, 1, 0, 0, 2, 0, 0, 1, 1, 0, 0, 1, 0, 0, 0, 0, 2, 2, 1]|[0, 3, 1, 2, 0, 0, 1, 1, 4, 1, 1, 4, 4, 4, 2, 2, 4, 2, 1, 1, 1, 1, 2, 1, 2, 1, 1, 1, 1, 4, 0, 3, 3, 0, 1, 1, 0, 3, 2, 2, 2, 2, 0, 1, 1, 0, 4, 0, 1, 2, 2, 1, 4, 0, 3, 2, 1, 2, 1, 2, 3, 1, 1, 3, 0, 4, 4, 1, 4, 3, 1, 2, 4, 1, 1, 1, 1, 1, 3, 1, 1, 1, 1, 1, 1, 1, 2, 1, 4, 3, 2, 2, 1, 2, 2, 0, 1, 1, 1, 4]|[1, 1, 1, 1, 3, 3, 0, 0, 0, 0, 0, 2, 0, 1, 0, 0, 3, 1, 0, 0, 0, 3, 1, 0, 2, 0, 0, 0, 1, 3, 0, 0, 0, 0, 1, 0, 0, 2, 1, 1, 1, 1, 0, 0, 0, 0, 2, 1, 0, 0, 0, 1, 3, 0, 0, 1, 0, 1, 0, 1, 2, 0, 0, 2, 1, 0, 2, 1, 1, 0, 3, 1, 3, 0, 0, 0, 2, 0, 0, 0, 0, 0, 1, 0, 0, 0, 1, 0, 0, 2, 1, 0, 1, 0, 0, 1, 1, 0, 0, 2],733.3116759547878,58140.55643565909,96674.14109675489,false
20,G4_BALANCED,G4_BALANCED,[31, 11, 82, 15, 26, 9, 95, 42, 77, 68, 47, 5, 93, 78, 86, 54, 85, 63, 18, 44, 20, 49, 36, 14, 74, 50, 53, 17, 21, 45, 71, 64, 3, 23, 30, 83, 24, 41, 60, 52, 65, 27, 90, 70, 39, 87, 48, 69, 99, 4, 46, 1, 13, 58, 97, 59, 28, 75, 73, 37, 35, 79, 22, 66, 76, 32, 40, 80, 96, 6, 61, 16, 33, 7, 57, 34, 12, 67, 10, 98, 56, 88, 29, 25, 91, 38, 19, 92, 43, 84, 51, 72, 81, 8, 2, 55, 0, 62, 89, 94]|[2, 1, 2, 1, 1, 2, 1, 1, 1, 1, 1, 0, 2, 2, 1, 2, 0, 0, 0, 2, 2, 1, 0, 2, 0, 2, 2, 1, 0, 1, 1, 1, 0, 0, 1, 0, 2, 1, 2, 2, 0, 0, 1, 1, 0, 2, 0, 2, 1, 0, 0, 2, 0, 0, 2, 0, 1, 1, 0, 0, 2, 1, 0, 2, 2, 0, 2, 2, 0, 1, 1, 2, 1, 2, 0, 1, 1, 1, 1, 2, 2, 1, 1, 1, 1, 0, 1, 0, 1, 0, 1, 1, 1, 0, 2, 0, 0, 1, 1, 2]|[0, 3, 0, 2, 4, 1, 4, 4, 2, 4, 3, 2, 1, 0, 2, 1, 1, 1, 2, 1, 1, 3, 0, 1, 0, 1, 1, 4, 1, 4, 3, 2, 2, 0, 4, 1, 1, 4, 0, 1, 2, 1, 4, 4, 1, 1, 0, 2, 3, 1, 2, 1, 2, 1, 1, 2, 4, 3, 0, 2, 2, 3, 1, 0, 1, 2, 0, 1, 2, 4, 3, 1, 4, 1, 2, 4, 3, 3, 3, 1, 1, 4, 3, 4, 3, 2, 4, 2, 4, 2, 3, 4, 1, 2, 1, 2, 2, 3, 4, 1]|[0, 2, 0, 1, 3, 0, 1, 3, 0, 0, 2, 0, 1, 0, 1, 0, 0, 0, 1, 0, 0, 2, 0, 0, 1, 0, 0, 3, 0, 1, 0, 2, 0, 1, 3, 0, 1, 3, 0, 0, 0, 0, 1, 3, 0, 0, 1, 0, 2, 0, 0, 0, 0, 0, 1, 0, 1, 0, 1, 1, 0, 2, 0, 0, 0, 0, 0, 0, 0, 2, 0, 0, 1, 0, 0, 1, 0, 0, 3, 0, 0, 1, 0, 3, 0, 0, 3, 0, 2, 0, 0, 2, 1, 0, 0, 0, 0, 0, 1, 0],855.0393744413956,51684.66824914086,111484.00316030454,false
20,G2_TEC,G2_TEC,[31, 22, 82, 15, 26, 9, 95, 42, 77, 68, 47, 5, 93, 78, 86, 54, 85, 63, 18, 44, 20, 49, 36, 14, 74, 50, 53, 17, 21, 28, 71, 64, 3, 23, 30, 83, 24, 41, 40, 52, 65, 27, 90, 70, 39, 87, 48, 69, 99, 4, 46, 1, 13, 58, 97, 59, 45, 8, 73, 37, 35, 79, 11, 66, 76, 32, 60, 80, 96, 6, 16, 61, 19, 7, 57, 34, 12, 67, 10, 98, 56, 88, 29, 75, 91, 38, 33, 92, 2, 84, 51, 72, 81, 25, 43, 55, 62, 89, 94, 0]|[2, 1, 2, 1, 1, 2, 1, 1, 1, 1, 1, 0, 2, 2, 1, 2, 0, 0, 0, 2, 2, 1, 0, 2, 0, 2, 2, 1, 0, 1, 1, 1, 0, 0, 1, 0, 2, 1, 2, 2, 0, 0, 1, 1, 0, 2, 0, 2, 1, 0, 0, 2, 0, 0, 2, 0, 1, 1, 0, 0, 2, 1, 0, 2, 2, 0, 2, 2, 0, 1, 2, 1, 1, 2, 0, 1, 1, 1, 1, 2, 2, 1, 1, 0, 1, 0, 1, 0, 2, 0, 1, 1, 1, 1, 1, 0, 1, 1, 2, 0]|[0, 3, 0, 3, 4, 1, 4, 4, 2, 4, 3, 2, 1, 0, 2, 1, 1, 1, 2, 1, 1, 3, 0, 1, 0, 1, 1, 4, 1, 4, 3, 2, 2, 0, 4, 1, 1, 4, 0, 1, 2, 1, 4, 4, 1, 1, 0, 2, 3, 1, 2, 1, 2, 1, 1, 2, 4, 3, 0, 2, 2, 3, 1, 0, 1, 2, 0, 1, 2, 4, 1, 3, 4, 1, 2, 4, 3, 3, 3, 1, 1, 4, 3, 2, 3, 2, 4, 2, 1, 2, 3, 4, 4, 4, 4, 2, 3, 4, 1, 2]|[0, 2, 0, 0, 3, 0, 1, 3, 0, 0, 2, 0, 1, 0, 1, 0, 0, 0, 1, 0, 0, 2, 0, 0, 1, 0, 0, 3, 0, 1, 0, 2, 0, 0, 3, 0, 1, 3, 0, 0, 0, 0, 1, 3, 0, 0, 1, 0, 2, 0, 0, 0, 0, 0, 1, 0, 1, 0, 1, 1, 0, 2, 0, 0, 0, 0, 0, 0, 0, 2, 0, 0, 1, 0, 0, 1, 0, 0, 3, 0, 0, 1, 0, 0, 0, 0, 1, 0, 0, 0, 0, 2, 1, 3, 2, 0, 0, 1, 0, 0],890.9074744783937,50673.96227735626,113466.60083846681,false
20,G3_TWC,G1_CMAX,[31, 22, 82, 15, 26, 9, 42, 95, 77, 12, 47, 5, 93, 78, 86, 54, 85, 63, 18, 44, 20, 35, 43, 97, 91, 76, 10, 30, 21, 45, 71, 64, 1, 23, 17, 83, 24, 14, 60, 36, 6, 57, 94, 88, 65, 56, 79, 40, 67, 68, 46, 75, 38, 58, 19, 32, 81, 41, 27, 62, 87, 90, 99, 59, 11, 16, 72, 73, 69, 39, 37, 84, 3, 92, 25, 55, 28, 29, 51, 7, 33, 61, 98, 66, 89, 50, 8, 96, 53, 80, 4, 48, 34, 2, 52, 13, 0, 70, 49, 74]|[1, 1, 0, 1, 1, 1, 2, 1, 2, 1, 2, 2, 2, 1, 1, 0, 0, 1, 0, 2, 2, 0, 1, 2, 0, 1, 2, 2, 0, 0, 1, 2, 1, 2, 1, 0, 2, 0, 1, 1, 0, 1, 1, 1, 0, 2, 1, 1, 0, 0, 0, 0, 1, 1, 2, 1, 2, 0, 0, 0, 2, 1, 0, 1, 2, 1, 2, 1, 1, 1, 1, 1, 1, 0, 1, 2, 0, 0, 0, 1, 2, 1, 0, 2, 1, 0, 1, 0, 0, 0, 0, 0, 2, 0, 1, 0, 0, 1, 0, 2]|[4, 3, 2, 2, 0, 0, 2, 2, 2, 4, 1, 1, 2, 4, 4, 1, 2, 4, 2, 1, 1, 1, 1, 2, 1, 2, 1, 1, 1, 1, 3, 2, 3, 0, 4, 0, 1, 1, 0, 3, 2, 2, 2, 0, 1, 1, 0, 4, 0, 1, 2, 2, 1, 4, 0, 3, 2, 1, 1, 2, 1, 3, 1, 1, 1, 3, 0, 4, 3, 1, 4, 1, 1, 0, 4, 1, 2, 1, 1, 3, 1, 3, 1, 1, 1, 1, 3, 1, 2, 1, 2, 1, 1, 2, 1, 2, 2, 3, 1, 1]|[0, 2, 1, 1, 3, 3, 0, 1, 0, 0, 0, 0, 1, 0, 1, 0, 0, 3, 1, 0, 0, 0, 3, 1, 0, 2, 0, 0, 0, 1, 0, 0, 0, 0, 3, 0, 1, 0, 0, 2, 1, 1, 1, 0, 0, 0, 0, 2, 1, 0, 0, 0, 1, 3, 0, 0, 1, 0, 0, 1, 0, 2, 0, 1, 0, 2, 1, 0, 0, 1, 1, 3, 1, 1, 3, 0, 1, 0, 0, 2, 0, 0, 0, 0, 1, 0, 2, 0, 1, 0, 1, 0, 0, 0, 1, 0, 0, 0, 1, 0],801.427594812029,57868.49349465401,91455.85780813712,true
20,G1_CMAX,G1_CMAX,[31, 22, 82, 15, 26, 9, 42, 77, 12, 5, 47, 93, 78, 86, 54, 6, 63, 18, 44, 20, 35, 43, 97, 91, 76, 10, 30, 21, 45, 17, 23, 1, 71, 83, 24, 14, 60, 36, 85, 57, 40, 95, 88, 65, 56, 79, 94, 67, 68, 46, 75, 38, 58, 19, 32, 81, 41, 62, 87, 28, 90, 59, 11, 16, 72, 73, 69, 52, 37, 64, 84, 3, 25, 29, 55, 51, 7, 98, 61, 66, 99, 33, 89, 48, 50, 96, 53, 80, 4, 8, 27, 2, 39, 13, 0, 92, 49, 74, 34, 70]|[1, 1, 0, 1, 1, 1, 2, 2, 1, 2, 2, 1, 1, 1, 0, 0, 1, 0, 2, 2, 0, 1, 2, 2, 1, 2, 2, 0, 0, 1, 2, 1, 1, 0, 2, 0, 1, 1, 0, 1, 1, 1, 1, 0, 2, 1, 1, 0, 0, 0, 0, 1, 1, 2, 1, 2, 0, 0, 2, 0, 1, 2, 2, 1, 2, 1, 1, 1, 1, 1, 1, 2, 1, 0, 2, 0, 1, 2, 1, 0, 0, 2, 1, 0, 0, 2, 0, 0, 1, 1, 0, 0, 1, 0, 0, 0, 0, 2, 2, 1]|[0, 3, 1, 2, 0, 0, 1, 1, 4, 1, 1, 4, 4, 4, 2, 2, 4, 2, 1, 1, 1, 1, 2, 1, 2, 1, 1, 1, 1, 4, 0, 3, 3, 0, 1, 1, 0, 3, 2, 2, 2, 2, 0, 1, 1, 0, 4, 0, 1, 2, 2, 1, 4, 0, 3, 2, 1, 2, 1, 2, 3, 1, 1, 3, 0, 4, 4, 1, 4, 3, 1, 2, 4, 1, 1, 1, 1, 1, 3, 1, 1, 1, 1, 1, 1, 1, 2, 1, 4, 3, 2, 2, 1, 2, 2, 0, 1, 1, 1, 4]|[1, 1, 1, 1, 3, 3, 0, 0, 0, 0, 0, 2, 0, 1, 0, 0, 3, 1, 0, 0, 0, 3, 1, 0, 2, 0, 0, 0, 1, 3, 0, 0, 0, 0, 1, 0, 0, 2, 1, 1, 1, 1, 0, 0, 0, 0, 2, 1, 0, 0, 0, 1, 3, 0, 0, 1, 0, 1, 0, 1, 2, 0, 0, 2, 1, 0, 2, 1, 1, 0, 3, 1, 3, 0, 0, 0, 2, 0, 0, 0, 0, 0, 1, 0, 0, 0, 1, 0, 0, 2, 1, 0, 1, 0, 0, 1, 1, 0, 0, 2],733.3116759547878,58140.55643565909,96674.14109675489,false
20,G4_BALANCED,G4_BALANCED,[31, 11, 82, 15, 26, 9, 95, 42, 77, 68, 47, 5, 93, 78, 86, 54, 85, 63, 18, 44, 20, 49, 36, 14, 74, 50, 53, 17, 21, 45, 71, 64, 3, 23, 30, 83, 24, 41, 60, 52, 65, 27, 90, 70, 39, 87, 48, 69, 99, 4, 46, 1, 13, 58, 97, 59, 28, 75, 73, 37, 35, 79, 22, 66, 76, 32, 40, 80, 96, 6, 61, 16, 33, 7, 57, 34, 12, 67, 10, 98, 56, 88, 29, 25, 91, 38, 19, 92, 43, 84, 51, 72, 81, 8, 2, 55, 0, 62, 89, 94]|[2, 1, 2, 1, 1, 2, 1, 1, 1, 1, 1, 0, 2, 2, 1, 2, 0, 0, 0, 2, 2, 1, 0, 2, 0, 2, 2, 1, 0, 1, 1, 1, 0, 0, 1, 0, 2, 1, 2, 2, 0, 0, 1, 1, 0, 2, 0, 2, 1, 0, 0, 2, 0, 0, 2, 0, 1, 1, 0, 0, 2, 1, 0, 2, 2, 0, 2, 2, 0, 1, 1, 2, 1, 2, 0, 1, 1, 1, 1, 2, 2, 1, 1, 1, 1, 0, 1, 0, 1, 0, 1, 1, 1, 0, 2, 0, 0, 1, 1, 2]|[0, 3, 0, 2, 4, 1, 4, 4, 2, 4, 3, 2, 1, 0, 2, 1, 1, 1, 2, 1, 1, 3, 0, 1, 0, 1, 1, 4, 1, 4, 3, 2, 2, 0, 4, 1, 1, 4, 0, 1, 2, 1, 4, 4, 1, 1, 0, 2, 3, 1, 2, 1, 2, 1, 1, 2, 4, 3, 0, 2, 2, 3, 1, 0, 1, 2, 0, 1, 2, 4, 3, 1, 4, 1, 2, 4, 3, 3, 3, 1, 1, 4, 3, 4, 3, 2, 4, 2, 4, 2, 3, 4, 1, 2, 1, 2, 2, 3, 4, 1]|[0, 2, 0, 1, 3, 0, 1, 3, 0, 0, 2, 0, 1, 0, 1, 0, 0, 0, 1, 0, 0, 2, 0, 0, 1, 0, 0, 3, 0, 1, 0, 2, 0, 1, 3, 0, 1, 3, 0, 0, 0, 0, 1, 3, 0, 0, 1, 0, 2, 0, 0, 0, 0, 0, 1, 0, 1, 0, 1, 1, 0, 2, 0, 0, 0, 0, 0, 0, 0, 2, 0, 0, 1, 0, 0, 1, 0, 0, 3, 0, 0, 1, 0, 3, 0, 0, 3, 0, 2, 0, 0, 2, 1, 0, 0, 0, 0, 0, 1, 0],855.0393744413956,51684.66824914086,111484.00316030454,false
20,G2_TEC,G2_TEC,[31, 22, 82, 15, 26, 9, 95, 42, 77, 68, 47, 5, 93, 78, 86, 54, 85, 63, 18, 44, 20, 49, 36, 14, 74, 50, 53, 17, 21, 28, 71, 64, 3, 23, 30, 83, 24, 41, 40, 52, 65, 27, 90, 70, 39, 87, 48, 69, 99, 4, 46, 1, 13, 58, 97, 59, 45, 8, 73, 37, 35, 79, 11, 66, 76, 32, 60, 80, 96, 6, 16, 61, 19, 7, 57, 34, 12, 67, 10, 98, 56, 88, 29, 75, 91, 38, 33, 92, 2, 84, 51, 72, 81, 25, 43, 55, 62, 89, 94, 0]|[2, 1, 2, 1, 1, 2, 1, 1, 1, 1, 1, 0, 2, 2, 1, 2, 0, 0, 0, 2, 2, 1, 0, 2, 0, 2, 2, 1, 0, 1, 1, 1, 0, 0, 1, 0, 2, 1, 2, 2, 0, 0, 1, 1, 0, 2, 0, 2, 1, 0, 0, 2, 0, 0, 2, 0, 1, 1, 0, 0, 2, 1, 0, 2, 2, 0, 2, 2, 0, 1, 2, 1, 1, 2, 0, 1, 1, 1, 1, 2, 2, 1, 1, 0, 1, 0, 1, 0, 2, 0, 1, 1, 1, 1, 1, 0, 1, 1, 2, 0]|[0, 3, 0, 3, 4, 1, 4, 4, 2, 4, 3, 2, 1, 0, 2, 1, 1, 1, 2, 1, 1, 3, 0, 1, 0, 1, 1, 4, 1, 4, 3, 2, 2, 0, 4, 1, 1, 4, 0, 1, 2, 1, 4, 4, 1, 1, 0, 2, 3, 1, 2, 1, 2, 1, 1, 2, 4, 3, 0, 2, 2, 3, 1, 0, 1, 2, 0, 1, 2, 4, 1, 3, 4, 1, 2, 4, 3, 3, 3, 1, 1, 4, 3, 2, 3, 2, 4, 2, 1, 2, 3, 4, 4, 4, 4, 2, 3, 4, 1, 2]|[0, 2, 0, 0, 3, 0, 1, 3, 0, 0, 2, 0, 1, 0, 1, 0, 0, 0, 1, 0, 0, 2, 0, 0, 1, 0, 0, 3, 0, 1, 0, 2, 0, 0, 3, 0, 1, 3, 0, 0, 0, 0, 1, 3, 0, 0, 1, 0, 2, 0, 0, 0, 0, 0, 1, 0, 1, 0, 1, 1, 0, 2, 0, 0, 0, 0, 0, 0, 0, 2, 0, 0, 1, 0, 0, 1, 0, 0, 3, 0, 0, 1, 0, 0, 0, 0, 1, 0, 0, 0, 0, 2, 1, 3, 2, 0, 0, 1, 0, 0],890.9074744783937,50673.96227735626,113466.60083846681,false
20,G3_TWC,G1_CMAX,[31, 22, 82, 15, 26, 9, 42, 95, 77, 12, 47, 5, 93, 78, 86, 54, 85, 63, 18, 44, 20, 35, 43, 97, 91, 76, 10, 30, 21, 45, 71, 64, 1, 23, 17, 83, 24, 14, 60, 36, 6, 57, 94, 88, 65, 56, 79, 40, 67, 68, 46, 75, 38, 58, 19, 32, 81, 41, 27, 62, 87, 90, 99, 59, 11, 16, 72, 73, 69, 39, 37, 84, 3, 92, 25, 55, 28, 29, 51, 7, 33, 61, 98, 66, 89, 50, 8, 96, 53, 80, 4, 48, 34, 2, 52, 13, 0, 70, 49, 74]|[1, 1, 0, 1, 1, 1, 2, 1, 2, 1, 2, 2, 2, 1, 1, 0, 0, 1, 0, 2, 2, 0, 1, 2, 0, 1, 2, 2, 0, 0, 1, 2, 1, 2, 1, 0, 2, 0, 1, 1, 0, 1, 1, 1, 0, 2, 1, 1, 0, 0, 0, 0, 1, 1, 2, 1, 2, 0, 0, 0, 2, 1, 0, 1, 2, 1, 2, 1, 1, 1, 1, 1, 1, 0, 1, 2, 0, 0, 0, 1, 2, 1, 0, 2, 1, 0, 1, 0, 0, 0, 0, 0, 2, 0, 1, 0, 0, 1, 0, 2]|[4, 3, 2, 2, 0, 0, 2, 2, 2, 4, 1, 1, 2, 4, 4, 1, 2, 4, 2, 1, 1, 1, 1, 2, 1, 2, 1, 1, 1, 1, 3, 2, 3, 0, 4, 0, 1, 1, 0, 3, 2, 2, 2, 0, 1, 1, 0, 4, 0, 1, 2, 2, 1, 4, 0, 3, 2, 1, 1, 2, 1, 3, 1, 1, 1, 3, 0, 4, 3, 1, 4, 1, 1, 0, 4, 1, 2, 1, 1, 3, 1, 3, 1, 1, 1, 1, 3, 1, 2, 1, 2, 1, 1, 2, 1, 2, 2, 3, 1, 1]|[0, 2, 1, 1, 3, 3, 0, 1, 0, 0, 0, 0, 1, 0, 1, 0, 0, 3, 1, 0, 0, 0, 3, 1, 0, 2, 0, 0, 0, 1, 0, 0, 0, 0, 3, 0, 1, 0, 0, 2, 1, 1, 1, 0, 0, 0, 0, 2, 1, 0, 0, 0, 1, 3, 0, 0, 1, 0, 0, 1, 0, 2, 0, 1, 0, 2, 1, 0, 0, 1, 1, 3, 1, 1, 3, 0, 1, 0, 0, 2, 0, 0, 0, 0, 1, 0, 2, 0, 1, 0, 1, 0, 0, 0, 1, 0, 0, 0, 1, 0],801.427594812029,57868.49349465401,91455.85780813712,true
20,G1_CMAX,G1_CMAX,[31, 22, 82, 15, 26, 9, 42, 77, 12, 5, 47, 93, 78, 86, 54, 6, 63, 18, 44, 20, 35, 43, 97, 91, 76, 10, 30, 21, 45, 17, 23, 1, 71, 83, 24, 14, 60, 36, 85, 57, 40, 95, 88, 65, 56, 79, 94, 67, 68, 46, 75, 38, 58, 19, 32, 81, 41, 62, 87, 28, 90, 59, 11, 16, 72, 73, 69, 52, 37, 64, 84, 3, 25, 29, 55, 51, 7, 98, 61, 66, 99, 33, 89, 48, 50, 96, 53, 80, 4, 8, 27, 2, 39, 13, 0, 92, 49, 74, 34, 70]|[1, 1, 0, 1, 1, 1, 2, 2, 1, 2, 2, 1, 1, 1, 0, 0, 1, 0, 2, 2, 0, 1, 2, 2, 1, 2, 2, 0, 0, 1, 2, 1, 1, 0, 2, 0, 1, 1, 0, 1, 1, 1, 1, 0, 2, 1, 1, 0, 0, 0, 0, 1, 1, 2, 1, 2, 0, 0, 2, 0, 1, 2, 2, 1, 2, 1, 1, 1, 1, 1, 1, 2, 1, 0, 2, 0, 1, 2, 1, 0, 0, 2, 1, 0, 0, 2, 0, 0, 1, 1, 0, 0, 1, 0, 0, 0, 0, 2, 2, 1]|[0, 3, 1, 2, 0, 0, 1, 1, 4, 1, 1, 4, 4, 4, 2, 2, 4, 2, 1, 1, 1, 1, 2, 1, 2, 1, 1, 1, 1, 4, 0, 3, 3, 0, 1, 1, 0, 3, 2, 2, 2, 2, 0, 1, 1, 0, 4, 0, 1, 2, 2, 1, 4, 0, 3, 2, 1, 2, 1, 2, 3, 1, 1, 3, 0, 4, 4, 1, 4, 3, 1, 2, 4, 1, 1, 1, 1, 1, 3, 1, 1, 1, 1, 1, 1, 1, 2, 1, 4, 3, 2, 2, 1, 2, 2, 0, 1, 1, 1, 4]|[1, 1, 1, 1, 3, 3, 0, 0, 0, 0, 0, 2, 0, 1, 0, 0, 3, 1, 0, 0, 0, 3, 1, 0, 2, 0, 0, 0, 1, 3, 0, 0, 0, 0, 1, 0, 0, 2, 1, 1, 1, 1, 0, 0, 0, 0, 2, 1, 0, 0, 0, 1, 3, 0, 0, 1, 0, 1, 0, 1, 2, 0, 0, 2, 1, 0, 2, 1, 1, 0, 3, 1, 3, 0, 0, 0, 2, 0, 0, 0, 0, 0, 1, 0, 0, 0, 1, 0, 0, 2, 1, 0, 1, 0, 0, 1, 1, 0, 0, 2],733.3116759547878,58140.55643565909,96674.14109675489,false
20,G4_BALANCED,G4_BALANCED,[31, 11, 82, 15, 26, 9, 95, 42, 77, 68, 47, 5, 93, 78, 86, 54, 85, 63, 18, 44, 20, 49, 36, 14, 74, 50, 53, 17, 21, 45, 71, 64, 3, 23, 30, 83, 24, 41, 60, 52, 65, 27, 90, 70, 39, 87, 48, 69, 99, 4, 46, 1, 13, 58, 97, 59, 28, 75, 73, 37, 35, 79, 22, 66, 76, 32, 40, 80, 96, 6, 61, 16, 33, 7, 57, 34, 12, 67, 10, 98, 56, 88, 29, 25, 91, 38, 19, 92, 43, 84, 51, 72, 81, 8, 2, 55, 0, 62, 89, 94]|[2, 1, 2, 1, 1, 2, 1, 1, 1, 1, 1, 0, 2, 2, 1, 2, 0, 0, 0, 2, 2, 1, 0, 2, 0, 2, 2, 1, 0, 1, 1, 1, 0, 0, 1, 0, 2, 1, 2, 2, 0, 0, 1, 1, 0, 2, 0, 2, 1, 0, 0, 2, 0, 0, 2, 0, 1, 1, 0, 0, 2, 1, 0, 2, 2, 0, 2, 2, 0, 1, 1, 2, 1, 2, 0, 1, 1, 1, 1, 2, 2, 1, 1, 1, 1, 0, 1, 0, 1, 0, 1, 1, 1, 0, 2, 0, 0, 1, 1, 2]|[0, 3, 0, 2, 4, 1, 4, 4, 2, 4, 3, 2, 1, 0, 2, 1, 1, 1, 2, 1, 1, 3, 0, 1, 0, 1, 1, 4, 1, 4, 3, 2, 2, 0, 4, 1, 1, 4, 0, 1, 2, 1, 4, 4, 1, 1, 0, 2, 3, 1, 2, 1, 2, 1, 1, 2, 4, 3, 0, 2, 2, 3, 1, 0, 1, 2, 0, 1, 2, 4, 3, 1, 4, 1, 2, 4, 3, 3, 3, 1, 1, 4, 3, 4, 3, 2, 4, 2, 4, 2, 3, 4, 1, 2, 1, 2, 2, 3, 4, 1]|[0, 2, 0, 1, 3, 0, 1, 3, 0, 0, 2, 0, 1, 0, 1, 0, 0, 0, 1, 0, 0, 2, 0, 0, 1, 0, 0, 3, 0, 1, 0, 2, 0, 1, 3, 0, 1, 3, 0, 0, 0, 0, 1, 3, 0, 0, 1, 0, 2, 0, 0, 0, 0, 0, 1, 0, 1, 0, 1, 1, 0, 2, 0, 0, 0, 0, 0, 0, 0, 2, 0, 0, 1, 0, 0, 1, 0, 0, 3, 0, 0, 1, 0, 3, 0, 0, 3, 0, 2, 0, 0, 2, 1, 0, 0, 0, 0, 0, 1, 0],855.0393744413956,51684.66824914086,111484.00316030454,false
20,G2_TEC,G2_TEC,[31, 22, 82, 15, 26, 9, 95, 42, 77, 68, 47, 5, 93, 78, 86, 54, 85, 63, 18, 44, 20, 49, 36, 14, 74, 50, 53, 17, 21, 28, 71, 64, 3, 23, 30, 83, 24, 41, 40, 52, 65, 27, 90, 70, 39, 87, 48, 69, 99, 4, 46, 1, 13, 58, 97, 59, 45, 8, 73, 37, 35, 79, 11, 66, 76, 32, 60, 80, 96, 6, 16, 61, 19, 7, 57, 34, 12, 67, 10, 98, 56, 88, 29, 75, 91, 38, 33, 92, 2, 84, 51, 72, 81, 25, 43, 55, 62, 89, 94, 0]|[2, 1, 2, 1, 1, 2, 1, 1, 1, 1, 1, 0, 2, 2, 1, 2, 0, 0, 0, 2, 2, 1, 0, 2, 0, 2, 2, 1, 0, 1, 1, 1, 0, 0, 1, 0, 2, 1, 2, 2, 0, 0, 1, 1, 0, 2, 0, 2, 1, 0, 0, 2, 0, 0, 2, 0, 1, 1, 0, 0, 2, 1, 0, 2, 2, 0, 2, 2, 0, 1, 2, 1, 1, 2, 0, 1, 1, 1, 1, 2, 2, 1, 1, 0, 1, 0, 1, 0, 2, 0, 1, 1, 1, 1, 1, 0, 1, 1, 2, 0]|[0, 3, 0, 3, 4, 1, 4, 4, 2, 4, 3, 2, 1, 0, 2, 1, 1, 1, 2, 1, 1, 3, 0, 1, 0, 1, 1, 4, 1, 4, 3, 2, 2, 0, 4, 1, 1, 4, 0, 1, 2, 1, 4, 4, 1, 1, 0, 2, 3, 1, 2, 1, 2, 1, 1, 2, 4, 3, 0, 2, 2, 3, 1, 0, 1, 2, 0, 1, 2, 4, 1, 3, 4, 1, 2, 4, 3, 3, 3, 1, 1, 4, 3, 2, 3, 2, 4, 2, 1, 2, 3, 4, 4, 4, 4, 2, 3, 4, 1, 2]|[0, 2, 0, 0, 3, 0, 1, 3, 0, 0, 2, 0, 1, 0, 1, 0, 0, 0, 1, 0, 0, 2, 0, 0, 1, 0, 0, 3, 0, 1, 0, 2, 0, 0, 3, 0, 1, 3, 0, 0, 0, 0, 1, 3, 0, 0, 1, 0, 2, 0, 0, 0, 0, 0, 1, 0, 1, 0, 1, 1, 0, 2, 0, 0, 0, 0, 0, 0, 0, 2, 0, 0, 1, 0, 0, 1, 0, 0, 3, 0, 0, 1, 0, 0, 0, 0, 1, 0, 0, 0, 0, 2, 1, 3, 2, 0, 0, 1, 0, 0],890.9074744783937,50673.96227735626,113466.60083846681,false
20,G3_TWC,G1_CMAX,[31, 22, 82, 15, 26, 9, 42, 95, 77, 12, 47, 5, 93, 78, 86, 54, 85, 63, 18, 44, 20, 35, 43, 97, 91, 76, 10, 30, 21, 45, 71, 64, 1, 23, 17, 83, 24, 14, 60, 36, 6, 57, 94, 88, 65, 56, 79, 40, 67, 68, 46, 75, 38, 58, 19, 32, 81, 41, 27, 62, 87, 90, 99, 59, 11, 16, 72, 73, 69, 39, 37, 84, 3, 92, 25, 55, 28, 29, 51, 7, 33, 61, 98, 66, 89, 50, 8, 96, 53, 80, 4, 48, 34, 2, 52, 13, 0, 70, 49, 74]|[1, 1, 0, 1, 1, 1, 2, 1, 2, 1, 2, 2, 2, 1, 1, 0, 0, 1, 0, 2, 2, 0, 1, 2, 0, 1, 2, 2, 0, 0, 1, 2, 1, 2, 1, 0, 2, 0, 1, 1, 0, 1, 1, 1, 0, 2, 1, 1, 0, 0, 0, 0, 1, 1, 2, 1, 2, 0, 0, 0, 2, 1, 0, 1, 2, 1, 2, 1, 1, 1, 1, 1, 1, 0, 1, 2, 0, 0, 0, 1, 2, 1, 0, 2, 1, 0, 1, 0, 0, 0, 0, 0, 2, 0, 1, 0, 0, 1, 0, 2]|[4, 3, 2, 2, 0, 0, 2, 2, 2, 4, 1, 1, 2, 4, 4, 1, 2, 4, 2, 1, 1, 1, 1, 2, 1, 2, 1, 1, 1, 1, 3, 2, 3, 0, 4, 0, 1, 1, 0, 3, 2, 2, 2, 0, 1, 1, 0, 4, 0, 1, 2, 2, 1, 4, 0, 3, 2, 1, 1, 2, 1, 3, 1, 1, 1, 3, 0, 4, 3, 1, 4, 1, 1, 0, 4, 1, 2, 1, 1, 3, 1, 3, 1, 1, 1, 1, 3, 1, 2, 1, 2, 1, 1, 2, 1, 2, 2, 3, 1, 1]|[0, 2, 1, 1, 3, 3, 0, 1, 0, 0, 0, 0, 1, 0, 1, 0, 0, 3, 1, 0, 0, 0, 3, 1, 0, 2, 0, 0, 0, 1, 0, 0, 0, 0, 3, 0, 1, 0, 0, 2, 1, 1, 1, 0, 0, 0, 0, 2, 1, 0, 0, 0, 1, 3, 0, 0, 1, 0, 0, 1, 0, 2, 0, 1, 0, 2, 1, 0, 0, 1, 1, 3, 1, 1, 3, 0, 1, 0, 0, 2, 0, 0, 0, 0, 1, 0, 2, 0, 1, 0, 1, 0, 0, 0, 1, 0, 0, 0, 1, 0],801.427594812029,57868.49349465401,91455.85780813712,true
20,G1_CMAX,G1_CMAX,[31, 22, 82, 15, 26, 9, 42, 77, 12, 5, 47, 93, 78, 86, 54, 6, 63, 18, 44, 20, 35, 43, 97, 91, 76, 10, 30, 21, 45, 17, 23, 1, 71, 83, 24, 14, 60, 36, 85, 57, 40, 95, 88, 65, 56, 79, 94, 67, 68, 46, 75, 38, 58, 19, 32, 81, 41, 62, 87, 28, 90, 59, 11, 16, 72, 73, 69, 52, 37, 64, 84, 3, 25, 29, 55, 51, 7, 98, 61, 66, 99, 33, 89, 48, 50, 96, 53, 80, 4, 8, 27, 2, 39, 13, 0, 92, 49, 74, 34, 70]|[1, 1, 0, 1, 1, 1, 2, 2, 1, 2, 2, 1, 1, 1, 0, 0, 1, 0, 2, 2, 0, 1, 2, 2, 1, 2, 2, 0, 0, 1, 2, 1, 1, 0, 2, 0, 1, 1, 0, 1, 1, 1, 1, 0, 2, 1, 1, 0, 0, 0, 0, 1, 1, 2, 1, 2, 0, 0, 2, 0, 1, 2, 2, 1, 2, 1, 1, 1, 1, 1, 1, 2, 1, 0, 2, 0, 1, 2, 1, 0, 0, 2, 1, 0, 0, 2, 0, 0, 1, 1, 0, 0, 1, 0, 0, 0, 0, 2, 2, 1]|[0, 3, 1, 2, 0, 0, 1, 1, 4, 1, 1, 4, 4, 4, 2, 2, 4, 2, 1, 1, 1, 1, 2, 1, 2, 1, 1, 1, 1, 4, 0, 3, 3, 0, 1, 1, 0, 3, 2, 2, 2, 2, 0, 1, 1, 0, 4, 0, 1, 2, 2, 1, 4, 0, 3, 2, 1, 2, 1, 2, 3, 1, 1, 3, 0, 4, 4, 1, 4, 3, 1, 2, 4, 1, 1, 1, 1, 1, 3, 1, 1, 1, 1, 1, 1, 1, 2, 1, 4, 3, 2, 2, 1, 2, 2, 0, 1, 1, 1, 4]|[1, 1, 1, 1, 3, 3, 0, 0, 0, 0, 0, 2, 0, 1, 0, 0, 3, 1, 0, 0, 0, 3, 1, 0, 2, 0, 0, 0, 1, 3, 0, 0, 0, 0, 1, 0, 0, 2, 1, 1, 1, 1, 0, 0, 0, 0, 2, 1, 0, 0, 0, 1, 3, 0, 0, 1, 0, 1, 0, 1, 2, 0, 0, 2, 1, 0, 2, 1, 1, 0, 3, 1, 3, 0, 0, 0, 2, 0, 0, 0, 0, 0, 1, 0, 0, 0, 1, 0, 0, 2, 1, 0, 1, 0, 0, 1, 1, 0, 0, 2],733.3116759547878,58140.55643565909,96674.14109675489,false
20,G4_BALANCED,G4_BALANCED,[31, 11, 82, 15, 26, 9, 95, 42, 77, 68, 47, 5, 93, 78, 86, 54, 85, 63, 18, 44, 20, 49, 36, 14, 74, 50, 53, 17, 21, 45, 71, 64, 3, 23, 30, 83, 24, 41, 60, 52, 65, 27, 90, 70, 39, 87, 48, 69, 99, 4, 46, 1, 13, 58, 97, 59, 28, 75, 73, 37, 35, 79, 22, 66, 76, 32, 40, 80, 96, 6, 61, 16, 33, 7, 57, 34, 12, 67, 10, 98, 56, 88, 29, 25, 91, 38, 19, 92, 43, 84, 51, 72, 81, 8, 2, 55, 0, 62, 89, 94]|[2, 1, 2, 1, 1, 2, 1, 1, 1, 1, 1, 0, 2, 2, 1, 2, 0, 0, 0, 2, 2, 1, 0, 2, 0, 2, 2, 1, 0, 1, 1, 1, 0, 0, 1, 0, 2, 1, 2, 2, 0, 0, 1, 1, 0, 2, 0, 2, 1, 0, 0, 2, 0, 0, 2, 0, 1, 1, 0, 0, 2, 1, 0, 2, 2, 0, 2, 2, 0, 1, 1, 2, 1, 2, 0, 1, 1, 1, 1, 2, 2, 1, 1, 1, 1, 0, 1, 0, 1, 0, 1, 1, 1, 0, 2, 0, 0, 1, 1, 2]|[0, 3, 0, 2, 4, 1, 4, 4, 2, 4, 3, 2, 1, 0, 2, 1, 1, 1, 2, 1, 1, 3, 0, 1, 0, 1, 1, 4, 1, 4, 3, 2, 2, 0, 4, 1, 1, 4, 0, 1, 2, 1, 4, 4, 1, 1, 0, 2, 3, 1, 2, 1, 2, 1, 1, 2, 4, 3, 0, 2, 2, 3, 1, 0, 1, 2, 0, 1, 2, 4, 3, 1, 4, 1, 2, 4, 3, 3, 3, 1, 1, 4, 3, 4, 3, 2, 4, 2, 4, 2, 3, 4, 1, 2, 1, 2, 2, 3, 4, 1]|[0, 2, 0, 1, 3, 0, 1, 3, 0, 0, 2, 0, 1, 0, 1, 0, 0, 0, 1, 0, 0, 2, 0, 0, 1, 0, 0, 3, 0, 1, 0, 2, 0, 1, 3, 0, 1, 3, 0, 0, 0, 0, 1, 3, 0, 0, 1, 0, 2, 0, 0, 0, 0, 0, 1, 0, 1, 0, 1, 1, 0, 2, 0, 0, 0, 0, 0, 0, 0, 2, 0, 0, 1, 0, 0, 1, 0, 0, 3, 0, 0, 1, 0, 3, 0, 0, 3, 0, 2, 0, 0, 2, 1, 0, 0, 0, 0, 0, 1, 0],855.0393744413956,51684.66824914086,111484.00316030454,false
20,G2_TEC,G2_TEC,[31, 22, 82, 15, 26, 9, 95, 42, 77, 68, 47, 5, 93, 78, 86, 54, 85, 63, 18, 44, 20, 49, 36, 14, 74, 50, 53, 17, 21, 28, 71, 64, 3, 23, 30, 83, 24, 41, 40, 52, 65, 27, 90, 70, 39, 87, 48, 69, 99, 4, 46, 1, 13, 58, 97, 59, 45, 8, 73, 37, 35, 79, 11, 66, 76, 32, 60, 80, 96, 6, 16, 61, 19, 7, 57, 34, 12, 67, 10, 98, 56, 88, 29, 75, 91, 38, 33, 92, 2, 84, 51, 72, 81, 25, 43, 55, 62, 89, 94, 0]|[2, 1, 2, 1, 1, 2, 1, 1, 1, 1, 1, 0, 2, 2, 1, 2, 0, 0, 0, 2, 2, 1, 0, 2, 0, 2, 2, 1, 0, 1, 1, 1, 0, 0, 1, 0, 2, 1, 2, 2, 0, 0, 1, 1, 0, 2, 0, 2, 1, 0, 0, 2, 0, 0, 2, 0, 1, 1, 0, 0, 2, 1, 0, 2, 2, 0, 2, 2, 0, 1, 2, 1, 1, 2, 0, 1, 1, 1, 1, 2, 2, 1, 1, 0, 1, 0, 1, 0, 2, 0, 1, 1, 1, 1, 1, 0, 1, 1, 2, 0]|[0, 3, 0, 3, 4, 1, 4, 4, 2, 4, 3, 2, 1, 0, 2, 1, 1, 1, 2, 1, 1, 3, 0, 1, 0, 1, 1, 4, 1, 4, 3, 2, 2, 0, 4, 1, 1, 4, 0, 1, 2, 1, 4, 4, 1, 1, 0, 2, 3, 1, 2, 1, 2, 1, 1, 2, 4, 3, 0, 2, 2, 3, 1, 0, 1, 2, 0, 1, 2, 4, 1, 3, 4, 1, 2, 4, 3, 3, 3, 1, 1, 4, 3, 2, 3, 2, 4, 2, 1, 2, 3, 4, 4, 4, 4, 2, 3, 4, 1, 2]|[0, 2, 0, 0, 3, 0, 1, 3, 0, 0, 2, 0, 1, 0, 1, 0, 0, 0, 1, 0, 0, 2, 0, 0, 1, 0, 0, 3, 0, 1, 0, 2, 0, 0, 3, 0, 1, 3, 0, 0, 0, 0, 1, 3, 0, 0, 1, 0, 2, 0, 0, 0, 0, 0, 1, 0, 1, 0, 1, 1, 0, 2, 0, 0, 0, 0, 0, 0, 0, 2, 0, 0, 1, 0, 0, 1, 0, 0, 3, 0, 0, 1, 0, 0, 0, 0, 1, 0, 0, 0, 0, 2, 1, 3, 2, 0, 0, 1, 0, 0],890.9074744783937,50673.96227735626,113466.60083846681,false
20,G3_TWC,G1_CMAX,[31, 22, 82, 15, 26, 9, 42, 95, 77, 12, 47, 5, 93, 78, 86, 54, 85, 63, 18, 44, 20, 35, 43, 97, 91, 76, 10, 30, 21, 45, 71, 64, 1, 23, 17, 83, 24, 14, 60, 36, 6, 57, 94, 88, 65, 56, 79, 40, 67, 68, 46, 75, 38, 58, 19, 32, 81, 41, 27, 62, 87, 90, 99, 59, 11, 16, 72, 73, 69, 39, 37, 84, 3, 92, 25, 55, 28, 29, 51, 7, 33, 61, 98, 66, 89, 50, 8, 96, 53, 80, 4, 48, 34, 2, 52, 13, 0, 70, 49, 74]|[1, 1, 0, 1, 1, 1, 2, 1, 2, 1, 2, 2, 2, 1, 1, 0, 0, 1, 0, 2, 2, 0, 1, 2, 0, 1, 2, 2, 0, 0, 1, 2, 1, 2, 1, 0, 2, 0, 1, 1, 0, 1, 1, 1, 0, 2, 1, 1, 0, 0, 0, 0, 1, 1, 2, 1, 2, 0, 0, 0, 2, 1, 0, 1, 2, 1, 2, 1, 1, 1, 1, 1, 1, 0, 1, 2, 0, 0, 0, 1, 2, 1, 0, 2, 1, 0, 1, 0, 0, 0, 0, 0, 2, 0, 1, 0, 0, 1, 0, 2]|[4, 3, 2, 2, 0, 0, 2, 2, 2, 4, 1, 1, 2, 4, 4, 1, 2, 4, 2, 1, 1, 1, 1, 2, 1, 2, 1, 1, 1, 1, 3, 2, 3, 0, 4, 0, 1, 1, 0, 3, 2, 2, 2, 0, 1, 1, 0, 4, 0, 1, 2, 2, 1, 4, 0, 3, 2, 1, 1, 2, 1, 3, 1, 1, 1, 3, 0, 4, 3, 1, 4, 1, 1, 0, 4, 1, 2, 1, 1, 3, 1, 3, 1, 1, 1, 1, 3, 1, 2, 1, 2, 1, 1, 2, 1, 2, 2, 3, 1, 1]|[0, 2, 1, 1, 3, 3, 0, 1, 0, 0, 0, 0, 1, 0, 1, 0, 0, 3, 1, 0, 0, 0, 3, 1, 0, 2, 0, 0, 0, 1, 0, 0, 0, 0, 3, 0, 1, 0, 0, 2, 1, 1, 1, 0, 0, 0, 0, 2, 1, 0, 0, 0, 1, 3, 0, 0, 1, 0, 0, 1, 0, 2, 0, 1, 0, 2, 1, 0, 0, 1, 1, 3, 1, 1, 3, 0, 1, 0, 0, 2, 0, 0, 0, 0, 1, 0, 2, 0, 1, 0, 1, 0, 0, 0, 1, 0, 0, 0, 1, 0],801.427594812029,57868.49349465401,91455.85780813712,true
20,G1_CMAX,G1_CMAX,[31, 22, 82, 15, 26, 9, 42, 77, 12, 5, 47, 93, 78, 86, 54, 6, 63, 18, 44, 20, 35, 43, 97, 91, 76, 10, 30, 21, 45, 17, 23, 1, 71, 83, 24, 14, 60, 36, 85, 57, 40, 95, 88, 65, 56, 79, 94, 67, 68, 46, 75, 38, 58, 19, 32, 81, 41, 62, 87, 28, 90, 59, 11, 16, 72, 73, 69, 52, 37, 64, 84, 3, 25, 29, 55, 51, 7, 98, 61, 66, 99, 33, 89, 48, 50, 96, 53, 80, 4, 8, 27, 2, 39, 13, 0, 92, 49, 74, 34, 70]|[1, 1, 0, 1, 1, 1, 2, 2, 1, 2, 2, 1, 1, 1, 0, 0, 1, 0, 2, 2, 0, 1, 2, 2, 1, 2, 2, 0, 0, 1, 2, 1, 1, 0, 2, 0, 1, 1, 0, 1, 1, 1, 1, 0, 2, 1, 1, 0, 0, 0, 0, 1, 1, 2, 1, 2, 0, 0, 2, 0, 1, 2, 2, 1, 2, 1, 1, 1, 1, 1, 1, 2, 1, 0, 2, 0, 1, 2, 1, 0, 0, 2, 1, 0, 0, 2, 0, 0, 1, 1, 0, 0, 1, 0, 0, 0, 0, 2, 2, 1]|[0, 3, 1, 2, 0, 0, 1, 1, 4, 1, 1, 4, 4, 4, 2, 2, 4, 2, 1, 1, 1, 1, 2, 1, 2, 1, 1, 1, 1, 4, 0, 3, 3, 0, 1, 1, 0, 3, 2, 2, 2, 2, 0, 1, 1, 0, 4, 0, 1, 2, 2, 1, 4, 0, 3, 2, 1, 2, 1, 2, 3, 1, 1, 3, 0, 4, 4, 1, 4, 3, 1, 2, 4, 1, 1, 1, 1, 1, 3, 1, 1, 1, 1, 1, 1, 1, 2, 1, 4, 3, 2, 2, 1, 2, 2, 0, 1, 1, 1, 4]|[1, 1, 1, 1, 3, 3, 0, 0, 0, 0, 0, 2, 0, 1, 0, 0, 3, 1, 0, 0, 0, 3, 1, 0, 2, 0, 0, 0, 1, 3, 0, 0, 0, 0, 1, 0, 0, 2, 1, 1, 1, 1, 0, 0, 0, 0, 2, 1, 0, 0, 0, 1, 3, 0, 0, 1, 0, 1, 0, 1, 2, 0, 0, 2, 1, 0, 2, 1, 1, 0, 3, 1, 3, 0, 0, 0, 2, 0, 0, 0, 0, 0, 1, 0, 0, 0, 1, 0, 0, 2, 1, 0, 1, 0, 0, 1, 1, 0, 0, 2],733.3116759547878,58140.55643565909,96674.14109675489,false
20,G4_BALANCED,G4_BALANCED,[31, 11, 82, 15, 26, 9, 95, 42, 77, 68, 47, 5, 93, 78, 86, 54, 85, 63, 18, 44, 20, 49, 36, 14, 74, 50, 53, 17, 21, 45, 71, 64, 3, 23, 30, 83, 24, 41, 60, 52, 65, 27, 90, 70, 39, 87, 48, 69, 99, 4, 46, 1, 13, 58, 97, 59, 28, 75, 73, 37, 35, 79, 22, 66, 76, 32, 40, 80, 96, 6, 61, 16, 33, 7, 57, 34, 12, 67, 10, 98, 56, 88, 29, 25, 91, 38, 19, 92, 43, 84, 51, 72, 81, 8, 2, 55, 0, 62, 89, 94]|[2, 1, 2, 1, 1, 2, 1, 1, 1, 1, 1, 0, 2, 2, 1, 2, 0, 0, 0, 2, 2, 1, 0, 2, 0, 2, 2, 1, 0, 1, 1, 1, 0, 0, 1, 0, 2, 1, 2, 2, 0, 0, 1, 1, 0, 2, 0, 2, 1, 0, 0, 2, 0, 0, 2, 0, 1, 1, 0, 0, 2, 1, 0, 2, 2, 0, 2, 2, 0, 1, 1, 2, 1, 2, 0, 1, 1, 1, 1, 2, 2, 1, 1, 1, 1, 0, 1, 0, 1, 0, 1, 1, 1, 0, 2, 0, 0, 1, 1, 2]|[0, 3, 0, 2, 4, 1, 4, 4, 2, 4, 3, 2, 1, 0, 2, 1, 1, 1, 2, 1, 1, 3, 0, 1, 0, 1, 1, 4, 1, 4, 3, 2, 2, 0, 4, 1, 1, 4, 0, 1, 2, 1, 4, 4, 1, 1, 0, 2, 3, 1, 2, 1, 2, 1, 1, 2, 4, 3, 0, 2, 2, 3, 1, 0, 1, 2, 0, 1, 2, 4, 3, 1, 4, 1, 2, 4, 3, 3, 3, 1, 1, 4, 3, 4, 3, 2, 4, 2, 4, 2, 3, 4, 1, 2, 1, 2, 2, 3, 4, 1]|[0, 2, 0, 1, 3, 0, 1, 3, 0, 0, 2, 0, 1, 0, 1, 0, 0, 0, 1, 0, 0, 2, 0, 0, 1, 0, 0, 3, 0, 1, 0, 2, 0, 1, 3, 0, 1, 3, 0, 0, 0, 0, 1, 3, 0, 0, 1, 0, 2, 0, 0, 0, 0, 0, 1, 0, 1, 0, 1, 1, 0, 2, 0, 0, 0, 0, 0, 0, 0, 2, 0, 0, 1, 0, 0, 1, 0, 0, 3, 0, 0, 1, 0, 3, 0, 0, 3, 0, 2, 0, 0, 2, 1, 0, 0, 0, 0, 0, 1, 0],855.0393744413956,51684.66824914086,111484.00316030454,false
20,G2_TEC,G2_TEC,[31, 22, 82, 15, 26, 9, 95, 42, 77, 68, 47, 5, 93, 78, 86, 54, 85, 63, 18, 44, 20, 49, 36, 14, 74, 50, 53, 17, 21, 28, 71, 64, 3, 23, 30, 83, 24, 41, 40, 52, 65, 27, 90, 70, 39, 87, 48, 69, 99, 4, 46, 1, 13, 58, 97, 59, 45, 8, 73, 37, 35, 79, 11, 66, 76, 32, 60, 80, 96, 6, 16, 61, 19, 7, 57, 34, 12, 67, 10, 98, 56, 88, 29, 75, 91, 38, 33, 92, 2, 84, 51, 72, 81, 25, 43, 55, 62, 89, 94, 0]|[2, 1, 2, 1, 1, 2, 1, 1, 1, 1, 1, 0, 2, 2, 1, 2, 0, 0, 0, 2, 2, 1, 0, 2, 0, 2, 2, 1, 0, 1, 1, 1, 0, 0, 1, 0, 2, 1, 2, 2, 0, 0, 1, 1, 0, 2, 0, 2, 1, 0, 0, 2, 0, 0, 2, 0, 1, 1, 0, 0, 2, 1, 0, 2, 2, 0, 2, 2, 0, 1, 2, 1, 1, 2, 0, 1, 1, 1, 1, 2, 2, 1, 1, 0, 1, 0, 1, 0, 2, 0, 1, 1, 1, 1, 1, 0, 1, 1, 2, 0]|[0, 3, 0, 3, 4, 1, 4, 4, 2, 4, 3, 2, 1, 0, 2, 1, 1, 1, 2, 1, 1, 3, 0, 1, 0, 1, 1, 4, 1, 4, 3, 2, 2, 0, 4, 1, 1, 4, 0, 1, 2, 1, 4, 4, 1, 1, 0, 2, 3, 1, 2, 1, 2, 1, 1, 2, 4, 3, 0, 2, 2, 3, 1, 0, 1, 2, 0, 1, 2, 4, 1, 3, 4, 1, 2, 4, 3, 3, 3, 1, 1, 4, 3, 2, 3, 2, 4, 2, 1, 2, 3, 4, 4, 4, 4, 2, 3, 4, 1, 2]|[0, 2, 0, 0, 3, 0, 1, 3, 0, 0, 2, 0, 1, 0, 1, 0, 0, 0, 1, 0, 0, 2, 0, 0, 1, 0, 0, 3, 0, 1, 0, 2, 0, 0, 3, 0, 1, 3, 0, 0, 0, 0, 1, 3, 0, 0, 1, 0, 2, 0, 0, 0, 0, 0, 1, 0, 1, 0, 1, 1, 0, 2, 0, 0, 0, 0, 0, 0, 0, 2, 0, 0, 1, 0, 0, 1, 0, 0, 3, 0, 0, 1, 0, 0, 0, 0, 1, 0, 0, 0, 0, 2, 1, 3, 2, 0, 0, 1, 0, 0],890.9074744783937,50673.96227735626,113466.60083846681,false
20,G3_TWC,G1_CMAX,[31, 22, 82, 15, 26, 9, 42, 95, 77, 12, 47, 5, 93, 78, 86, 54, 85, 63, 18, 44, 20, 35, 43, 97, 91, 76, 10, 30, 21, 45, 71, 64, 1, 23, 17, 83, 24, 14, 60, 36, 6, 57, 94, 88, 65, 56, 79, 40, 67, 68, 46, 75, 38, 58, 19, 32, 81, 41, 27, 62, 87, 90, 99, 59, 11, 16, 72, 73, 69, 39, 37, 84, 3, 92, 25, 55, 28, 29, 51, 7, 33, 61, 98, 66, 89, 50, 8, 96, 53, 80, 4, 48, 34, 2, 52, 13, 0, 70, 49, 74]|[1, 1, 0, 1, 1, 1, 2, 1, 2, 1, 2, 2, 2, 1, 1, 0, 0, 1, 0, 2, 2, 0, 1, 2, 0, 1, 2, 2, 0, 0, 1, 2, 1, 2, 1, 0, 2, 0, 1, 1, 0, 1, 1, 1, 0, 2, 1, 1, 0, 0, 0, 0, 1, 1, 2, 1, 2, 0, 0, 0, 2, 1, 0, 1, 2, 1, 2, 1, 1, 1, 1, 1, 1, 0, 1, 2, 0, 0, 0, 1, 2, 1, 0, 2, 1, 0, 1, 0, 0, 0, 0, 0, 2, 0, 1, 0, 0, 1, 0, 2]|[4, 3, 2, 2, 0, 0, 2, 2, 2, 4, 1, 1, 2, 4, 4, 1, 2, 4, 2, 1, 1, 1, 1, 2, 1, 2, 1, 1, 1, 1, 3, 2, 3, 0, 4, 0, 1, 1, 0, 3, 2, 2, 2, 0, 1, 1, 0, 4, 0, 1, 2, 2, 1, 4, 0, 3, 2, 1, 1, 2, 1, 3, 1, 1, 1, 3, 0, 4, 3, 1, 4, 1, 1, 0, 4, 1, 2, 1, 1, 3, 1, 3, 1, 1, 1, 1, 3, 1, 2, 1, 2, 1, 1, 2, 1, 2, 2, 3, 1, 1]|[0, 2, 1, 1, 3, 3, 0, 1, 0, 0, 0, 0, 1, 0, 1, 0, 0, 3, 1, 0, 0, 0, 3, 1, 0, 2, 0, 0, 0, 1, 0, 0, 0, 0, 3, 0, 1, 0, 0, 2, 1, 1, 1, 0, 0, 0, 0, 2, 1, 0, 0, 0, 1, 3, 0, 0, 1, 0, 0, 1, 0, 2, 0, 1, 0, 2, 1, 0, 0, 1, 1, 3, 1, 1, 3, 0, 1, 0, 0, 2, 0, 0, 0, 0, 1, 0, 2, 0, 1, 0, 1, 0, 0, 0, 1, 0, 0, 0, 1, 0],801.427594812029,57868.49349465401,91455.85780813712,true
20,G1_CMAX,G1_CMAX,[31, 22, 82, 15, 26, 9, 42, 77, 12, 5, 47, 93, 78, 86, 54, 6, 63, 18, 44, 20, 35, 43, 97, 91, 76, 10, 30, 21, 45, 17, 23, 1, 71, 83, 24, 14, 60, 36, 85, 57, 40, 95, 88, 65, 56, 79, 94, 67, 68, 46, 75, 38, 58, 19, 32, 81, 41, 62, 87, 28, 90, 59, 11, 16, 72, 73, 69, 52, 37, 64, 84, 3, 25, 29, 55, 51, 7, 98, 61, 66, 99, 33, 89, 48, 50, 96, 53, 80, 4, 8, 27, 2, 39, 13, 0, 92, 49, 74, 34, 70]|[1, 1, 0, 1, 1, 1, 2, 2, 1, 2, 2, 1, 1, 1, 0, 0, 1, 0, 2, 2, 0, 1, 2, 2, 1, 2, 2, 0, 0, 1, 2, 1, 1, 0, 2, 0, 1, 1, 0, 1, 1, 1, 1, 0, 2, 1, 1, 0, 0, 0, 0, 1, 1, 2, 1, 2, 0, 0, 2, 0, 1, 2, 2, 1, 2, 1, 1, 1, 1, 1, 1, 2, 1, 0, 2, 0, 1, 2, 1, 0, 0, 2, 1, 0, 0, 2, 0, 0, 1, 1, 0, 0, 1, 0, 0, 0, 0, 2, 2, 1]|[0, 3, 1, 2, 0, 0, 1, 1, 4, 1, 1, 4, 4, 4, 2, 2, 4, 2, 1, 1, 1, 1, 2, 1, 2, 1, 1, 1, 1, 4, 0, 3, 3, 0, 1, 1, 0, 3, 2, 2, 2, 2, 0, 1, 1, 0, 4, 0, 1, 2, 2, 1, 4, 0, 3, 2, 1, 2, 1, 2, 3, 1, 1, 3, 0, 4, 4, 1, 4, 3, 1, 2, 4, 1, 1, 1, 1, 1, 3, 1, 1, 1, 1, 1, 1, 1, 2, 1, 4, 3, 2, 2, 1, 2, 2, 0, 1, 1, 1, 4]|[1, 1, 1, 1, 3, 3, 0, 0, 0, 0, 0, 2, 0, 1, 0, 0, 3, 1, 0, 0, 0, 3, 1, 0, 2, 0, 0, 0, 1, 3, 0, 0, 0, 0, 1, 0, 0, 2, 1, 1, 1, 1, 0, 0, 0, 0, 2, 1, 0, 0, 0, 1, 3, 0, 0, 1, 0, 1, 0, 1, 2, 0, 0, 2, 1, 0, 2, 1, 1, 0, 3, 1, 3, 0, 0, 0, 2, 0, 0, 0, 0, 0, 1, 0, 0, 0, 1, 0, 0, 2, 1, 0, 1, 0, 0, 1, 1, 0, 0, 2],733.3116759547878,58140.55643565909,96674.14109675489,false
20,G4_BALANCED,G4_BALANCED,[31, 11, 82, 15, 26, 9, 95, 42, 77, 68, 47, 5, 93, 78, 86, 54, 85, 63, 18, 44, 20, 49, 36, 14, 74, 50, 53, 17, 21, 45, 71, 64, 3, 23, 30, 83, 24, 41, 60, 52, 65, 27, 90, 70, 39, 87, 48, 69, 99, 4, 46, 1, 13, 58, 97, 59, 28, 75, 73, 37, 35, 79, 22, 66, 76, 32, 40, 80, 96, 6, 61, 16, 33, 7, 57, 34, 12, 67, 10, 98, 56, 88, 29, 25, 91, 38, 19, 92, 43, 84, 51, 72, 81, 8, 2, 55, 0, 62, 89, 94]|[2, 1, 2, 1, 1, 2, 1, 1, 1, 1, 1, 0, 2, 2, 1, 2, 0, 0, 0, 2, 2, 1, 0, 2, 0, 2, 2, 1, 0, 1, 1, 1, 0, 0, 1, 0, 2, 1, 2, 2, 0, 0, 1, 1, 0, 2, 0, 2, 1, 0, 0, 2, 0, 0, 2, 0, 1, 1, 0, 0, 2, 1, 0, 2, 2, 0, 2, 2, 0, 1, 1, 2, 1, 2, 0, 1, 1, 1, 1, 2, 2, 1, 1, 1, 1, 0, 1, 0, 1, 0, 1, 1, 1, 0, 2, 0, 0, 1, 1, 2]|[0, 3, 0, 2, 4, 1, 4, 4, 2, 4, 3, 2, 1, 0, 2, 1, 1, 1, 2, 1, 1, 3, 0, 1, 0, 1, 1, 4, 1, 4, 3, 2, 2, 0, 4, 1, 1, 4, 0, 1, 2, 1, 4, 4, 1, 1, 0, 2, 3, 1, 2, 1, 2, 1, 1, 2, 4, 3, 0, 2, 2, 3, 1, 0, 1, 2, 0, 1, 2, 4, 3, 1, 4, 1, 2, 4, 3, 3, 3, 1, 1, 4, 3, 4, 3, 2, 4, 2, 4, 2, 3, 4, 1, 2, 1, 2, 2, 3, 4, 1]|[0, 2, 0, 1, 3, 0, 1, 3, 0, 0, 2, 0, 1, 0, 1, 0, 0, 0, 1, 0, 0, 2, 0, 0, 1, 0, 0, 3, 0, 1, 0, 2, 0, 1, 3, 0, 1, 3, 0, 0, 0, 0, 1, 3, 0, 0, 1, 0, 2, 0, 0, 0, 0, 0, 1, 0, 1, 0, 1, 1, 0, 2, 0, 0, 0, 0, 0, 0, 0, 2, 0, 0, 1, 0, 0, 1, 0, 0, 3, 0, 0, 1, 0, 3, 0, 0, 3, 0, 2, 0, 0, 2, 1, 0, 0, 0, 0, 0, 1, 0],855.0393744413956,51684.66824914086,111484.00316030454,false
20,G2_TEC,G2_TEC,[31, 22, 82, 15, 26, 9, 95, 42, 77, 68, 47, 5, 93, 78, 86, 54, 85, 63, 18, 44, 20, 49, 36, 14, 74, 50, 53, 17, 21, 28, 71, 64, 3, 23, 30, 83, 24, 41, 40, 52, 65, 27, 90, 70, 39, 87, 48, 69, 99, 4, 46, 1, 13, 58, 97, 59, 45, 8, 73, 37, 35, 79, 11, 66, 76, 32, 60, 80, 96, 6, 16, 61, 19, 7, 57, 34, 12, 67, 10, 98, 56, 88, 29, 75, 91, 38, 33, 92, 2, 84, 51, 72, 81, 25, 43, 55, 62, 89, 94, 0]|[2, 1, 2, 1, 1, 2, 1, 1, 1, 1, 1, 0, 2, 2, 1, 2, 0, 0, 0, 2, 2, 1, 0, 2, 0, 2, 2, 1, 0, 1, 1, 1, 0, 0, 1, 0, 2, 1, 2, 2, 0, 0, 1, 1, 0, 2, 0, 2, 1, 0, 0, 2, 0, 0, 2, 0, 1, 1, 0, 0, 2, 1, 0, 2, 2, 0, 2, 2, 0, 1, 2, 1, 1, 2, 0, 1, 1, 1, 1, 2, 2, 1, 1, 0, 1, 0, 1, 0, 2, 0, 1, 1, 1, 1, 1, 0, 1, 1, 2, 0]|[0, 3, 0, 3, 4, 1, 4, 4, 2, 4, 3, 2, 1, 0, 2, 1, 1, 1, 2, 1, 1, 3, 0, 1, 0, 1, 1, 4, 1, 4, 3, 2, 2, 0, 4, 1, 1, 4, 0, 1, 2, 1, 4, 4, 1, 1, 0, 2, 3, 1, 2, 1, 2, 1, 1, 2, 4, 3, 0, 2, 2, 3, 1, 0, 1, 2, 0, 1, 2, 4, 1, 3, 4, 1, 2, 4, 3, 3, 3, 1, 1, 4, 3, 2, 3, 2, 4, 2, 1, 2, 3, 4, 4, 4, 4, 2, 3, 4, 1, 2]|[0, 2, 0, 0, 3, 0, 1, 3, 0, 0, 2, 0, 1, 0, 1, 0, 0, 0, 1, 0, 0, 2, 0, 0, 1, 0, 0, 3, 0, 1, 0, 2, 0, 0, 3, 0, 1, 3, 0, 0, 0, 0, 1, 3, 0, 0, 1, 0, 2, 0, 0, 0, 0, 0, 1, 0, 1, 0, 1, 1, 0, 2, 0, 0, 0, 0, 0, 0, 0, 2, 0, 0, 1, 0, 0, 1, 0, 0, 3, 0, 0, 1, 0, 0, 0, 0, 1, 0, 0, 0, 0, 2, 1, 3, 2, 0, 0, 1, 0, 0],890.9074744783937,50673.96227735626,113466.60083846681,false
20,G3_TWC,G1_CMAX,[31, 22, 82, 15, 26, 9, 42, 95, 77, 12, 47, 5, 93, 78, 86, 54, 85, 63, 18, 44, 20, 35, 43, 97, 91, 76, 10, 30, 21, 45, 71, 64, 1, 23, 17, 83, 24, 14, 60, 36, 6, 57, 94, 88, 65, 56, 79, 40, 67, 68, 46, 75, 38, 58, 19, 32, 81, 41, 27, 62, 87, 90, 99, 59, 11, 16, 72, 73, 69, 39, 37, 84, 3, 92, 25, 55, 28, 29, 51, 7, 33, 61, 98, 66, 89, 50, 8, 96, 53, 80, 4, 48, 34, 2, 52, 13, 0, 70, 49, 74]|[1, 1, 0, 1, 1, 1, 2, 1, 2, 1, 2, 2, 2, 1, 1, 0, 0, 1, 0, 2, 2, 0, 1, 2, 0, 1, 2, 2, 0, 0, 1, 2, 1, 2, 1, 0, 2, 0, 1, 1, 0, 1, 1, 1, 0, 2, 1, 1, 0, 0, 0, 0, 1, 1, 2, 1, 2, 0, 0, 0, 2, 1, 0, 1, 2, 1, 2, 1, 1, 1, 1, 1, 1, 0, 1, 2, 0, 0, 0, 1, 2, 1, 0, 2, 1, 0, 1, 0, 0, 0, 0, 0, 2, 0, 1, 0, 0, 1, 0, 2]|[4, 3, 2, 2, 0, 0, 2, 2, 2, 4, 1, 1, 2, 4, 4, 1, 2, 4, 2, 1, 1, 1, 1, 2, 1, 2, 1, 1, 1, 1, 3, 2, 3, 0, 4, 0, 1, 1, 0, 3, 2, 2, 2, 0, 1, 1, 0, 4, 0, 1, 2, 2, 1, 4, 0, 3, 2, 1, 1, 2, 1, 3, 1, 1, 1, 3, 0, 4, 3, 1, 4, 1, 1, 0, 4, 1, 2, 1, 1, 3, 1, 3, 1, 1, 1, 1, 3, 1, 2, 1, 2, 1, 1, 2, 1, 2, 2, 3, 1, 1]|[0, 2, 1, 1, 3, 3, 0, 1, 0, 0, 0, 0, 1, 0, 1, 0, 0, 3, 1, 0, 0, 0, 3, 1, 0, 2, 0, 0, 0, 1, 0, 0, 0, 0, 3, 0, 1, 0, 0, 2, 1, 1, 1, 0, 0, 0, 0, 2, 1, 0, 0, 0, 1, 3, 0, 0, 1, 0, 0, 1, 0, 2, 0, 1, 0, 2, 1, 0, 0, 1, 1, 3, 1, 1, 3, 0, 1, 0, 0, 2, 0, 0, 0, 0, 1, 0, 2, 0, 1, 0, 1, 0, 0, 0, 1, 0, 0, 0, 1, 0],801.427594812029,57868.49349465401,91455.85780813712,true
20,G1_CMAX,G1_CMAX,[31, 22, 82, 15, 26, 9, 42, 77, 12, 5, 47, 93, 78, 86, 54, 6, 63, 18, 44, 20, 35, 43, 97, 91, 76, 10, 30, 21, 45, 17, 23, 1, 71, 83, 24, 14, 60, 36, 85, 57, 40, 95, 88, 65, 56, 79, 94, 67, 68, 46, 75, 38, 58, 19, 32, 81, 41, 62, 87, 28, 90, 59, 11, 16, 72, 73, 69, 52, 37, 64, 84, 3, 25, 29, 55, 51, 7, 98, 61, 66, 99, 33, 89, 48, 50, 96, 53, 80, 4, 8, 27, 2, 39, 13, 0, 92, 49, 74, 34, 70]|[1, 1, 0, 1, 1, 1, 2, 2, 1, 2, 2, 1, 1, 1, 0, 0, 1, 0, 2, 2, 0, 1, 2, 2, 1, 2, 2, 0, 0, 1, 2, 1, 1, 0, 2, 0, 1, 1, 0, 1, 1, 1, 1, 0, 2, 1, 1, 0, 0, 0, 0, 1, 1, 2, 1, 2, 0, 0, 2, 0, 1, 2, 2, 1, 2, 1, 1, 1, 1, 1, 1, 2, 1, 0, 2, 0, 1, 2, 1, 0, 0, 2, 1, 0, 0, 2, 0, 0, 1, 1, 0, 0, 1, 0, 0, 0, 0, 2, 2, 1]|[0, 3, 1, 2, 0, 0, 1, 1, 4, 1, 1, 4, 4, 4, 2, 2, 4, 2, 1, 1, 1, 1, 2, 1, 2, 1, 1, 1, 1, 4, 0, 3, 3, 0, 1, 1, 0, 3, 2, 2, 2, 2, 0, 1, 1, 0, 4, 0, 1, 2, 2, 1, 4, 0, 3, 2, 1, 2, 1, 2, 3, 1, 1, 3, 0, 4, 4, 1, 4, 3, 1, 2, 4, 1, 1, 1, 1, 1, 3, 1, 1, 1, 1, 1, 1, 1, 2, 1, 4, 3, 2, 2, 1, 2, 2, 0, 1, 1, 1, 4]|[1, 1, 1, 1, 3, 3, 0, 0, 0, 0, 0, 2, 0, 1, 0, 0, 3, 1, 0, 0, 0, 3, 1, 0, 2, 0, 0, 0, 1, 3, 0, 0, 0, 0, 1, 0, 0, 2, 1, 1, 1, 1, 0, 0, 0, 0, 2, 1, 0, 0, 0, 1, 3, 0, 0, 1, 0, 1, 0, 1, 2, 0, 0, 2, 1, 0, 2, 1, 1, 0, 3, 1, 3, 0, 0, 0, 2, 0, 0, 0, 0, 0, 1, 0, 0, 0, 1, 0, 0, 2, 1, 0, 1, 0, 0, 1, 1, 0, 0, 2],733.3116759547878,58140.55643565909,96674.14109675489,false
20,G4_BALANCED,G4_BALANCED,[31, 11, 82, 15, 26, 9, 95, 42, 77, 68, 47, 5, 93, 78, 86, 54, 85, 63, 18, 44, 20, 49, 36, 14, 74, 50, 53, 17, 21, 45, 71, 64, 3, 23, 30, 83, 24, 41, 60, 52, 65, 27, 90, 70, 39, 87, 48, 69, 99, 4, 46, 1, 13, 58, 97, 59, 28, 75, 73, 37, 35, 79, 22, 66, 76, 32, 40, 80, 96, 6, 61, 16, 33, 7, 57, 34, 12, 67, 10, 98, 56, 88, 29, 25, 91, 38, 19, 92, 43, 84, 51, 72, 81, 8, 2, 55, 0, 62, 89, 94]|[2, 1, 2, 1, 1, 2, 1, 1, 1, 1, 1, 0, 2, 2, 1, 2, 0, 0, 0, 2, 2, 1, 0, 2, 0, 2, 2, 1, 0, 1, 1, 1, 0, 0, 1, 0, 2, 1, 2, 2, 0, 0, 1, 1, 0, 2, 0, 2, 1, 0, 0, 2, 0, 0, 2, 0, 1, 1, 0, 0, 2, 1, 0, 2, 2, 0, 2, 2, 0, 1, 1, 2, 1, 2, 0, 1, 1, 1, 1, 2, 2, 1, 1, 1, 1, 0, 1, 0, 1, 0, 1, 1, 1, 0, 2, 0, 0, 1, 1, 2]|[0, 3, 0, 2, 4, 1, 4, 4, 2, 4, 3, 2, 1, 0, 2, 1, 1, 1, 2, 1, 1, 3, 0, 1, 0, 1, 1, 4, 1, 4, 3, 2, 2, 0, 4, 1, 1, 4, 0, 1, 2, 1, 4, 4, 1, 1, 0, 2, 3, 1, 2, 1, 2, 1, 1, 2, 4, 3, 0, 2, 2, 3, 1, 0, 1, 2, 0, 1, 2, 4, 3, 1, 4, 1, 2, 4, 3, 3, 3, 1, 1, 4, 3, 4, 3, 2, 4, 2, 4, 2, 3, 4, 1, 2, 1, 2, 2, 3, 4, 1]|[0, 2, 0, 1, 3, 0, 1, 3, 0, 0, 2, 0, 1, 0, 1, 0, 0, 0, 1, 0, 0, 2, 0, 0, 1, 0, 0, 3, 0, 1, 0, 2, 0, 1, 3, 0, 1, 3, 0, 0, 0, 0, 1, 3, 0, 0, 1, 0, 2, 0, 0, 0, 0, 0, 1, 0, 1, 0, 1, 1, 0, 2, 0, 0, 0, 0, 0, 0, 0, 2, 0, 0, 1, 0, 0, 1, 0, 0, 3, 0, 0, 1, 0, 3, 0, 0, 3, 0, 2, 0, 0, 2, 1, 0, 0, 0, 0, 0, 1, 0],855.0393744413956,51684.66824914086,111484.00316030454,false
20,G2_TEC,G2_TEC,[31, 22, 82, 15, 26, 9, 95, 42, 77, 68, 47, 5, 93, 78, 86, 54, 85, 63, 18, 44, 20, 49, 36, 14, 74, 50, 53, 17, 21, 28, 71, 64, 3, 23, 30, 83, 24, 41, 40, 52, 65, 27, 90, 70, 39, 87, 48, 69, 99, 4, 46, 1, 13, 58, 97, 59, 45, 8, 73, 37, 35, 79, 11, 66, 76, 32, 60, 80, 96, 6, 16, 61, 19, 7, 57, 34, 12, 67, 10, 98, 56, 88, 29, 75, 91, 38, 33, 92, 2, 84, 51, 72, 81, 25, 43, 55, 62, 89, 94, 0]|[2, 1, 2, 1, 1, 2, 1, 1, 1, 1, 1, 0, 2, 2, 1, 2, 0, 0, 0, 2, 2, 1, 0, 2, 0, 2, 2, 1, 0, 1, 1, 1, 0, 0, 1, 0, 2, 1, 2, 2, 0, 0, 1, 1, 0, 2, 0, 2, 1, 0, 0, 2, 0, 0, 2, 0, 1, 1, 0, 0, 2, 1, 0, 2, 2, 0, 2, 2, 0, 1, 2, 1, 1, 2, 0, 1, 1, 1, 1, 2, 2, 1, 1, 0, 1, 0, 1, 0, 2, 0, 1, 1, 1, 1, 1, 0, 1, 1, 2, 0]|[0, 3, 0, 3, 4, 1, 4, 4, 2, 4, 3, 2, 1, 0, 2, 1, 1, 1, 2, 1, 1, 3, 0, 1, 0, 1, 1, 4, 1, 4, 3, 2, 2, 0, 4, 1, 1, 4, 0, 1, 2, 1, 4, 4, 1, 1, 0, 2, 3, 1, 2, 1, 2, 1, 1, 2, 4, 3, 0, 2, 2, 3, 1, 0, 1, 2, 0, 1, 2, 4, 1, 3, 4, 1, 2, 4, 3, 3, 3, 1, 1, 4, 3, 2, 3, 2, 4, 2, 1, 2, 3, 4, 4, 4, 4, 2, 3, 4, 1, 2]|[0, 2, 0, 0, 3, 0, 1, 3, 0, 0, 2, 0, 1, 0, 1, 0, 0, 0, 1, 0, 0, 2, 0, 0, 1, 0, 0, 3, 0, 1, 0, 2, 0, 0, 3, 0, 1, 3, 0, 0, 0, 0, 1, 3, 0, 0, 1, 0, 2, 0, 0, 0, 0, 0, 1, 0, 1, 0, 1, 1, 0, 2, 0, 0, 0, 0, 0, 0, 0, 2, 0, 0, 1, 0, 0, 1, 0, 0, 3, 0, 0, 1, 0, 0, 0, 0, 1, 0, 0, 0, 0, 2, 1, 3, 2, 0, 0, 1, 0, 0],890.9074744783937,50673.96227735626,113466.60083846681,false
20,G3_TWC,G1_CMAX,[31, 22, 82, 15, 26, 9, 42, 95, 77, 12, 47, 5, 93, 78, 86, 54, 85, 63, 18, 44, 20, 35, 43, 97, 91, 76, 10, 30, 21, 45, 71, 64, 1, 23, 17, 83, 24, 14, 60, 36, 6, 57, 94, 88, 65, 56, 79, 40, 67, 68, 46, 75, 38, 58, 19, 32, 81, 41, 27, 62, 87, 90, 99, 59, 11, 16, 72, 73, 69, 39, 37, 84, 3, 92, 25, 55, 28, 29, 51, 7, 33, 61, 98, 66, 89, 50, 8, 96, 53, 80, 4, 48, 34, 2, 52, 13, 0, 70, 49, 74]|[1, 1, 0, 1, 1, 1, 2, 1, 2, 1, 2, 2, 2, 1, 1, 0, 0, 1, 0, 2, 2, 0, 1, 2, 0, 1, 2, 2, 0, 0, 1, 2, 1, 2, 1, 0, 2, 0, 1, 1, 0, 1, 1, 1, 0, 2, 1, 1, 0, 0, 0, 0, 1, 1, 2, 1, 2, 0, 0, 0, 2, 1, 0, 1, 2, 1, 2, 1, 1, 1, 1, 1, 1, 0, 1, 2, 0, 0, 0, 1, 2, 1, 0, 2, 1, 0, 1, 0, 0, 0, 0, 0, 2, 0, 1, 0, 0, 1, 0, 2]|[4, 3, 2, 2, 0, 0, 2, 2, 2, 4, 1, 1, 2, 4, 4, 1, 2, 4, 2, 1, 1, 1, 1, 2, 1, 2, 1, 1, 1, 1, 3, 2, 3, 0, 4, 0, 1, 1, 0, 3, 2, 2, 2, 0, 1, 1, 0, 4, 0, 1, 2, 2, 1, 4, 0, 3, 2, 1, 1, 2, 1, 3, 1, 1, 1, 3, 0, 4, 3, 1, 4, 1, 1, 0, 4, 1, 2, 1, 1, 3, 1, 3, 1, 1, 1, 1, 3, 1, 2, 1, 2, 1, 1, 2, 1, 2, 2, 3, 1, 1]|[0, 2, 1, 1, 3, 3, 0, 1, 0, 0, 0, 0, 1, 0, 1, 0, 0, 3, 1, 0, 0, 0, 3, 1, 0, 2, 0, 0, 0, 1, 0, 0, 0, 0, 3, 0, 1, 0, 0, 2, 1, 1, 1, 0, 0, 0, 0, 2, 1, 0, 0, 0, 1, 3, 0, 0, 1, 0, 0, 1, 0, 2, 0, 1, 0, 2, 1, 0, 0, 1, 1, 3, 1, 1, 3, 0, 1, 0, 0, 2, 0, 0, 0, 0, 1, 0, 2, 0, 1, 0, 1, 0, 0, 0, 1, 0, 0, 0, 1, 0],801.427594812029,57868.49349465401,91455.85780813712,true
20,G1_CMAX,G1_CMAX,[31, 22, 82, 15, 26, 9, 42, 77, 12, 5, 47, 93, 78, 86, 54, 6, 63, 18, 44, 20, 35, 43, 97, 91, 76, 10, 30, 21, 45, 17, 23, 1, 71, 83, 24, 14, 60, 36, 85, 57, 40, 95, 88, 65, 56, 79, 94, 67, 68, 46, 75, 38, 58, 19, 32, 81, 41, 62, 87, 28, 90, 59, 11, 16, 72, 73, 69, 52, 37, 64, 84, 3, 25, 29, 55, 51, 7, 98, 61, 66, 99, 33, 89, 48, 50, 96, 53, 80, 4, 8, 27, 2, 39, 13, 0, 92, 49, 74, 34, 70]|[1, 1, 0, 1, 1, 1, 2, 2, 1, 2, 2, 1, 1, 1, 0, 0, 1, 0, 2, 2, 0, 1, 2, 2, 1, 2, 2, 0, 0, 1, 2, 1, 1, 0, 2, 0, 1, 1, 0, 1, 1, 1, 1, 0, 2, 1, 1, 0, 0, 0, 0, 1, 1, 2, 1, 2, 0, 0, 2, 0, 1, 2, 2, 1, 2, 1, 1, 1, 1, 1, 1, 2, 1, 0, 2, 0, 1, 2, 1, 0, 0, 2, 1, 0, 0, 2, 0, 0, 1, 1, 0, 0, 1, 0, 0, 0, 0, 2, 2, 1]|[0, 3, 1, 2, 0, 0, 1, 1, 4, 1, 1, 4, 4, 4, 2, 2, 4, 2, 1, 1, 1, 1, 2, 1, 2, 1, 1, 1, 1, 4, 0, 3, 3, 0, 1, 1, 0, 3, 2, 2, 2, 2, 0, 1, 1, 0, 4, 0, 1, 2, 2, 1, 4, 0, 3, 2, 1, 2, 1, 2, 3, 1, 1, 3, 0, 4, 4, 1, 4, 3, 1, 2, 4, 1, 1, 1, 1, 1, 3, 1, 1, 1, 1, 1, 1, 1, 2, 1, 4, 3, 2, 2, 1, 2, 2, 0, 1, 1, 1, 4]|[1, 1, 1, 1, 3, 3, 0, 0, 0, 0, 0, 2, 0, 1, 0, 0, 3, 1, 0, 0, 0, 3, 1, 0, 2, 0, 0, 0, 1, 3, 0, 0, 0, 0, 1, 0, 0, 2, 1, 1, 1, 1, 0, 0, 0, 0, 2, 1, 0, 0, 0, 1, 3, 0, 0, 1, 0, 1, 0, 1, 2, 0, 0, 2, 1, 0, 2, 1, 1, 0, 3, 1, 3, 0, 0, 0, 2, 0, 0, 0, 0, 0, 1, 0, 0, 0, 1, 0, 0, 2, 1, 0, 1, 0, 0, 1, 1, 0, 0, 2],733.3116759547878,58140.55643565909,96674.14109675489,false
20,G4_BALANCED,G4_BALANCED,[31, 11, 82, 15, 26, 9, 95, 42, 77, 68, 47, 5, 93, 78, 86, 54, 85, 63, 18, 44, 20, 49, 36, 14, 74, 50, 53, 17, 21, 45, 71, 64, 3, 23, 30, 83, 24, 41, 60, 52, 65, 27, 90, 70, 39, 87, 48, 69, 99, 4, 46, 1, 13, 58, 97, 59, 28, 75, 73, 37, 35, 79, 22, 66, 76, 32, 40, 80, 96, 6, 61, 16, 33, 7, 57, 34, 12, 67, 10, 98, 56, 88, 29, 25, 91, 38, 19, 92, 43, 84, 51, 72, 81, 8, 2, 55, 0, 62, 89, 94]|[2, 1, 2, 1, 1, 2, 1, 1, 1, 1, 1, 0, 2, 2, 1, 2, 0, 0, 0, 2, 2, 1, 0, 2, 0, 2, 2, 1, 0, 1, 1, 1, 0, 0, 1, 0, 2, 1, 2, 2, 0, 0, 1, 1, 0, 2, 0, 2, 1, 0, 0, 2, 0, 0, 2, 0, 1, 1, 0, 0, 2, 1, 0, 2, 2, 0, 2, 2, 0, 1, 1, 2, 1, 2, 0, 1, 1, 1, 1, 2, 2, 1, 1, 1, 1, 0, 1, 0, 1, 0, 1, 1, 1, 0, 2, 0, 0, 1, 1, 2]|[0, 3, 0, 2, 4, 1, 4, 4, 2, 4, 3, 2, 1, 0, 2, 1, 1, 1, 2, 1, 1, 3, 0, 1, 0, 1, 1, 4, 1, 4, 3, 2, 2, 0, 4, 1, 1, 4, 0, 1, 2, 1, 4, 4, 1, 1, 0, 2, 3, 1, 2, 1, 2, 1, 1, 2, 4, 3, 0, 2, 2, 3, 1, 0, 1, 2, 0, 1, 2, 4, 3, 1, 4, 1, 2, 4, 3, 3, 3, 1, 1, 4, 3, 4, 3, 2, 4, 2, 4, 2, 3, 4, 1, 2, 1, 2, 2, 3, 4, 1]|[0, 2, 0, 1, 3, 0, 1, 3, 0, 0, 2, 0, 1, 0, 1, 0, 0, 0, 1, 0, 0, 2, 0, 0, 1, 0, 0, 3, 0, 1, 0, 2, 0, 1, 3, 0, 1, 3, 0, 0, 0, 0, 1, 3, 0, 0, 1, 0, 2, 0, 0, 0, 0, 0, 1, 0, 1, 0, 1, 1, 0, 2, 0, 0, 0, 0, 0, 0, 0, 2, 0, 0, 1, 0, 0, 1, 0, 0, 3, 0, 0, 1, 0, 3, 0, 0, 3, 0, 2, 0, 0, 2, 1, 0, 0, 0, 0, 0, 1, 0],855.0393744413956,51684.66824914086,111484.00316030454,false
20,G2_TEC,G2_TEC,[31, 22, 82, 15, 26, 9, 95, 42, 77, 68, 47, 5, 93, 78, 86, 54, 85, 63, 18, 44, 20, 49, 36, 14, 74, 50, 53, 17, 21, 28, 71, 64, 3, 23, 30, 83, 24, 41, 40, 52, 65, 27, 90, 70, 39, 87, 48, 69, 99, 4, 46, 1, 13, 58, 97, 59, 45, 8, 73, 37, 35, 79, 11, 66, 76, 32, 60, 80, 96, 6, 16, 61, 19, 7, 57, 34, 12, 67, 10, 98, 56, 88, 29, 75, 91, 38, 33, 92, 2, 84, 51, 72, 81, 25, 43, 55, 62, 89, 94, 0]|[2, 1, 2, 1, 1, 2, 1, 1, 1, 1, 1, 0, 2, 2, 1, 2, 0, 0, 0, 2, 2, 1, 0, 2, 0, 2, 2, 1, 0, 1, 1, 1, 0, 0, 1, 0, 2, 1, 2, 2, 0, 0, 1, 1, 0, 2, 0, 2, 1, 0, 0, 2, 0, 0, 2, 0, 1, 1, 0, 0, 2, 1, 0, 2, 2, 0, 2, 2, 0, 1, 2, 1, 1, 2, 0, 1, 1, 1, 1, 2, 2, 1, 1, 0, 1, 0, 1, 0, 2, 0, 1, 1, 1, 1, 1, 0, 1, 1, 2, 0]|[0, 3, 0, 3, 4, 1, 4, 4, 2, 4, 3, 2, 1, 0, 2, 1, 1, 1, 2, 1, 1, 3, 0, 1, 0, 1, 1, 4, 1, 4, 3, 2, 2, 0, 4, 1, 1, 4, 0, 1, 2, 1, 4, 4, 1, 1, 0, 2, 3, 1, 2, 1, 2, 1, 1, 2, 4, 3, 0, 2, 2, 3, 1, 0, 1, 2, 0, 1, 2, 4, 1, 3, 4, 1, 2, 4, 3, 3, 3, 1, 1, 4, 3, 2, 3, 2, 4, 2, 1, 2, 3, 4, 4, 4, 4, 2, 3, 4, 1, 2]|[0, 2, 0, 0, 3, 0, 1, 3, 0, 0, 2, 0, 1, 0, 1, 0, 0, 0, 1, 0, 0, 2, 0, 0, 1, 0, 0, 3, 0, 1, 0, 2, 0, 0, 3, 0, 1, 3, 0, 0, 0, 0, 1, 3, 0, 0, 1, 0, 2, 0, 0, 0, 0, 0, 1, 0, 1, 0, 1, 1, 0, 2, 0, 0, 0, 0, 0, 0, 0, 2, 0, 0, 1, 0, 0, 1, 0, 0, 3, 0, 0, 1, 0, 0, 0, 0, 1, 0, 0, 0, 0, 2, 1, 3, 2, 0, 0, 1, 0, 0],890.9074744783937,50673.96227735626,113466.60083846681,false
20,G3_TWC,G1_CMAX,[31, 22, 82, 15, 26, 9, 42, 95, 77, 12, 47, 5, 93, 78, 86, 54, 85, 63, 18, 44, 20, 35, 43, 97, 91, 76, 10, 30, 21, 45, 71, 64, 1, 23, 17, 83, 24, 14, 60, 36, 6, 57, 94, 88, 65, 56, 79, 40, 67, 68, 46, 75, 38, 58, 19, 32, 81, 41, 27, 62, 87, 90, 99, 59, 11, 16, 72, 73, 69, 39, 37, 84, 3, 92, 25, 55, 28, 29, 51, 7, 33, 61, 98, 66, 89, 50, 8, 96, 53, 80, 4, 48, 34, 2, 52, 13, 0, 70, 49, 74]|[1, 1, 0, 1, 1, 1, 2, 1, 2, 1, 2, 2, 2, 1, 1, 0, 0, 1, 0, 2, 2, 0, 1, 2, 0, 1, 2, 2, 0, 0, 1, 2, 1, 2, 1, 0, 2, 0, 1, 1, 0, 1, 1, 1, 0, 2, 1, 1, 0, 0, 0, 0, 1, 1, 2, 1, 2, 0, 0, 0, 2, 1, 0, 1, 2, 1, 2, 1, 1, 1, 1, 1, 1, 0, 1, 2, 0, 0, 0, 1, 2, 1, 0, 2, 1, 0, 1, 0, 0, 0, 0, 0, 2, 0, 1, 0, 0, 1, 0, 2]|[4, 3, 2, 2, 0, 0, 2, 2, 2, 4, 1, 1, 2, 4, 4, 1, 2, 4, 2, 1, 1, 1, 1, 2, 1, 2, 1, 1, 1, 1, 3, 2, 3, 0, 4, 0, 1, 1, 0, 3, 2, 2, 2, 0, 1, 1, 0, 4, 0, 1, 2, 2, 1, 4, 0, 3, 2, 1, 1, 2, 1, 3, 1, 1, 1, 3, 0, 4, 3, 1, 4, 1, 1, 0, 4, 1, 2, 1, 1, 3, 1, 3, 1, 1, 1, 1, 3, 1, 2, 1, 2, 1, 1, 2, 1, 2, 2, 3, 1, 1]|[0, 2, 1, 1, 3, 3, 0, 1, 0, 0, 0, 0, 1, 0, 1, 0, 0, 3, 1, 0, 0, 0, 3, 1, 0, 2, 0, 0, 0, 1, 0, 0, 0, 0, 3, 0, 1, 0, 0, 2, 1, 1, 1, 0, 0, 0, 0, 2, 1, 0, 0, 0, 1, 3, 0, 0, 1, 0, 0, 1, 0, 2, 0, 1, 0, 2, 1, 0, 0, 1, 1, 3, 1, 1, 3, 0, 1, 0, 0, 2, 0, 0, 0, 0, 1, 0, 2, 0, 1, 0, 1, 0, 0, 0, 1, 0, 0, 0, 1, 0],801.427594812029,57868.49349465401,91455.85780813712,true
20,G1_CMAX,G1_CMAX,[31, 22, 82, 15, 26, 9, 42, 77, 12, 5, 47, 93, 78, 86, 54, 6, 63, 18, 44, 20, 35, 43, 97, 91, 76, 10, 30, 21, 45, 17, 23, 1, 71, 83, 24, 14, 60, 36, 85, 57, 40, 95, 88, 65, 56, 79, 94, 67, 68, 46, 75, 38, 58, 19, 32, 81, 41, 62, 87, 28, 90, 59, 11, 16, 72, 73, 69, 52, 37, 64, 84, 3, 25, 29, 55, 51, 7, 98, 61, 66, 99, 33, 89, 48, 50, 96, 53, 80, 4, 8, 27, 2, 39, 13, 0, 92, 49, 74, 34, 70]|[1, 1, 0, 1, 1, 1, 2, 2, 1, 2, 2, 1, 1, 1, 0, 0, 1, 0, 2, 2, 0, 1, 2, 2, 1, 2, 2, 0, 0, 1, 2, 1, 1, 0, 2, 0, 1, 1, 0, 1, 1, 1, 1, 0, 2, 1, 1, 0, 0, 0, 0, 1, 1, 2, 1, 2, 0, 0, 2, 0, 1, 2, 2, 1, 2, 1, 1, 1, 1, 1, 1, 2, 1, 0, 2, 0, 1, 2, 1, 0, 0, 2, 1, 0, 0, 2, 0, 0, 1, 1, 0, 0, 1, 0, 0, 0, 0, 2, 2, 1]|[0, 3, 1, 2, 0, 0, 1, 1, 4, 1, 1, 4, 4, 4, 2, 2, 4, 2, 1, 1, 1, 1, 2, 1, 2, 1, 1, 1, 1, 4, 0, 3, 3, 0, 1, 1, 0, 3, 2, 2, 2, 2, 0, 1, 1, 0, 4, 0, 1, 2, 2, 1, 4, 0, 3, 2, 1, 2, 1, 2, 3, 1, 1, 3, 0, 4, 4, 1, 4, 3, 1, 2, 4, 1, 1, 1, 1, 1, 3, 1, 1, 1, 1, 1, 1, 1, 2, 1, 4, 3, 2, 2, 1, 2, 2, 0, 1, 1, 1, 4]|[1, 1, 1, 1, 3, 3, 0, 0, 0, 0, 0, 2, 0, 1, 0, 0, 3, 1, 0, 0, 0, 3, 1, 0, 2, 0, 0, 0, 1, 3, 0, 0, 0, 0, 1, 0, 0, 2, 1, 1, 1, 1, 0, 0, 0, 0, 2, 1, 0, 0, 0, 1, 3, 0, 0, 1, 0, 1, 0, 1, 2, 0, 0, 2, 1, 0, 2, 1, 1, 0, 3, 1, 3, 0, 0, 0, 2, 0, 0, 0, 0, 0, 1, 0, 0, 0, 1, 0, 0, 2, 1, 0, 1, 0, 0, 1, 1, 0, 0, 2],733.3116759547878,58140.55643565909,96674.14109675489,false
20,G4_BALANCED,G4_BALANCED,[31, 11, 82, 15, 26, 9, 95, 42, 77, 68, 47, 5, 93, 78, 86, 54, 85, 63, 18, 44, 20, 49, 36, 14, 74, 50, 53, 17, 21, 45, 71, 64, 3, 23, 30, 83, 24, 41, 60, 52, 65, 27, 90, 70, 39, 87, 48, 69, 99, 4, 46, 1, 13, 58, 97, 59, 28, 75, 73, 37, 35, 79, 22, 66, 76, 32, 40, 80, 96, 6, 61, 16, 33, 7, 57, 34, 12, 67, 10, 98, 56, 88, 29, 25, 91, 38, 19, 92, 43, 84, 51, 72, 81, 8, 2, 55, 0, 62, 89, 94]|[2, 1, 2, 1, 1, 2, 1, 1, 1, 1, 1, 0, 2, 2, 1, 2, 0, 0, 0, 2, 2, 1, 0, 2, 0, 2, 2, 1, 0, 1, 1, 1, 0, 0, 1, 0, 2, 1, 2, 2, 0, 0, 1, 1, 0, 2, 0, 2, 1, 0, 0, 2, 0, 0, 2, 0, 1, 1, 0, 0, 2, 1, 0, 2, 2, 0, 2, 2, 0, 1, 1, 2, 1, 2, 0, 1, 1, 1, 1, 2, 2, 1, 1, 1, 1, 0, 1, 0, 1, 0, 1, 1, 1, 0, 2, 0, 0, 1, 1, 2]|[0, 3, 0, 2, 4, 1, 4, 4, 2, 4, 3, 2, 1, 0, 2, 1, 1, 1, 2, 1, 1, 3, 0, 1, 0, 1, 1, 4, 1, 4, 3, 2, 2, 0, 4, 1, 1, 4, 0, 1, 2, 1, 4, 4, 1, 1, 0, 2, 3, 1, 2, 1, 2, 1, 1, 2, 4, 3, 0, 2, 2, 3, 1, 0, 1, 2, 0, 1, 2, 4, 3, 1, 4, 1, 2, 4, 3, 3, 3, 1, 1, 4, 3, 4, 3, 2, 4, 2, 4, 2, 3, 4, 1, 2, 1, 2, 2, 3, 4, 1]|[0, 2, 0, 1, 3, 0, 1, 3, 0, 0, 2, 0, 1, 0, 1, 0, 0, 0, 1, 0, 0, 2, 0, 0, 1, 0, 0, 3, 0, 1, 0, 2, 0, 1, 3, 0, 1, 3, 0, 0, 0, 0, 1, 3, 0, 0, 1, 0, 2, 0, 0, 0, 0, 0, 1, 0, 1, 0, 1, 1, 0, 2, 0, 0, 0, 0, 0, 0, 0, 2, 0, 0, 1, 0, 0, 1, 0, 0, 3, 0, 0, 1, 0, 3, 0, 0, 3, 0, 2, 0, 0, 2, 1, 0, 0, 0, 0, 0, 1, 0],855.0393744413956,51684.66824914086,111484.00316030454,false
20,G2_TEC,G2_TEC,[31, 22, 82, 15, 26, 9, 95, 42, 77, 68, 47, 5, 93, 78, 86, 54, 85, 63, 18, 44, 20, 49, 36, 14, 74, 50, 53, 17, 21, 28, 71, 64, 3, 23, 30, 83, 24, 41, 40, 52, 65, 27, 90, 70, 39, 87, 48, 69, 99, 4, 46, 1, 13, 58, 97, 59, 45, 8, 73, 37, 35, 79, 11, 66, 76, 32, 60, 80, 96, 6, 16, 61, 19, 7, 57, 34, 12, 67, 10, 98, 56, 88, 29, 75, 91, 38, 33, 92, 2, 84, 51, 72, 81, 25, 43, 55, 62, 89, 94, 0]|[2, 1, 2, 1, 1, 2, 1, 1, 1, 1, 1, 0, 2, 2, 1, 2, 0, 0, 0, 2, 2, 1, 0, 2, 0, 2, 2, 1, 0, 1, 1, 1, 0, 0, 1, 0, 2, 1, 2, 2, 0, 0, 1, 1, 0, 2, 0, 2, 1, 0, 0, 2, 0, 0, 2, 0, 1, 1, 0, 0, 2, 1, 0, 2, 2, 0, 2, 2, 0, 1, 2, 1, 1, 2, 0, 1, 1, 1, 1, 2, 2, 1, 1, 0, 1, 0, 1, 0, 2, 0, 1, 1, 1, 1, 1, 0, 1, 1, 2, 0]|[0, 3, 0, 3, 4, 1, 4, 4, 2, 4, 3, 2, 1, 0, 2, 1, 1, 1, 2, 1, 1, 3, 0, 1, 0, 1, 1, 4, 1, 4, 3, 2, 2, 0, 4, 1, 1, 4, 0, 1, 2, 1, 4, 4, 1, 1, 0, 2, 3, 1, 2, 1, 2, 1, 1, 2, 4, 3, 0, 2, 2, 3, 1, 0, 1, 2, 0, 1, 2, 4, 1, 3, 4, 1, 2, 4, 3, 3, 3, 1, 1, 4, 3, 2, 3, 2, 4, 2, 1, 2, 3, 4, 4, 4, 4, 2, 3, 4, 1, 2]|[0, 2, 0, 0, 3, 0, 1, 3, 0, 0, 2, 0, 1, 0, 1, 0, 0, 0, 1, 0, 0, 2, 0, 0, 1, 0, 0, 3, 0, 1, 0, 2, 0, 0, 3, 0, 1, 3, 0, 0, 0, 0, 1, 3, 0, 0, 1, 0, 2, 0, 0, 0, 0, 0, 1, 0, 1, 0, 1, 1, 0, 2, 0, 0, 0, 0, 0, 0, 0, 2, 0, 0, 1, 0, 0, 1, 0, 0, 3, 0, 0, 1, 0, 0, 0, 0, 1, 0, 0, 0, 0, 2, 1, 3, 2, 0, 0, 1, 0, 0],890.9074744783937,50673.96227735626,113466.60083846681,false
20,G3_TWC,G1_CMAX,[31, 22, 82, 15, 26, 9, 42, 95, 77, 12, 47, 5, 93, 78, 86, 54, 85, 63, 18, 44, 20, 35, 43, 97, 91, 76, 10, 30, 21, 45, 71, 64, 1, 23, 17, 83, 24, 14, 60, 36, 6, 57, 94, 88, 65, 56, 79, 40, 67, 68, 46, 75, 38, 58, 19, 32, 81, 41, 27, 62, 87, 90, 99, 59, 11, 16, 72, 73, 69, 39, 37, 84, 3, 92, 25, 55, 28, 29, 51, 7, 33, 61, 98, 66, 89, 50, 8, 96, 53, 80, 4, 48, 34, 2, 52, 13, 0, 70, 49, 74]|[1, 1, 0, 1, 1, 1, 2, 1, 2, 1, 2, 2, 2, 1, 1, 0, 0, 1, 0, 2, 2, 0, 1, 2, 0, 1, 2, 2, 0, 0, 1, 2, 1, 2, 1, 0, 2, 0, 1, 1, 0, 1, 1, 1, 0, 2, 1, 1, 0, 0, 0, 0, 1, 1, 2, 1, 2, 0, 0, 0, 2, 1, 0, 1, 2, 1, 2, 1, 1, 1, 1, 1, 1, 0, 1, 2, 0, 0, 0, 1, 2, 1, 0, 2, 1, 0, 1, 0, 0, 0, 0, 0, 2, 0, 1, 0, 0, 1, 0, 2]|[4, 3, 2, 2, 0, 0, 2, 2, 2, 4, 1, 1, 2, 4, 4, 1, 2, 4, 2, 1, 1, 1, 1, 2, 1, 2, 1, 1, 1, 1, 3, 2, 3, 0, 4, 0, 1, 1, 0, 3, 2, 2, 2, 0, 1, 1, 0, 4, 0, 1, 2, 2, 1, 4, 0, 3, 2, 1, 1, 2, 1, 3, 1, 1, 1, 3, 0, 4, 3, 1, 4, 1, 1, 0, 4, 1, 2, 1, 1, 3, 1, 3, 1, 1, 1, 1, 3, 1, 2, 1, 2, 1, 1, 2, 1, 2, 2, 3, 1, 1]|[0, 2, 1, 1, 3, 3, 0, 1, 0, 0, 0, 0, 1, 0, 1, 0, 0, 3, 1, 0, 0, 0, 3, 1, 0, 2, 0, 0, 0, 1, 0, 0, 0, 0, 3, 0, 1, 0, 0, 2, 1, 1, 1, 0, 0, 0, 0, 2, 1, 0, 0, 0, 1, 3, 0, 0, 1, 0, 0, 1, 0, 2, 0, 1, 0, 2, 1, 0, 0, 1, 1, 3, 1, 1, 3, 0, 1, 0, 0, 2, 0, 0, 0, 0, 1, 0, 2, 0, 1, 0, 1, 0, 0, 0, 1, 0, 0, 0, 1, 0],801.427594812029,57868.49349465401,91455.85780813712,true
20,G1_CMAX,G3_TWC,[31, 22, 82, 15, 26, 58, 95, 42, 77, 12, 47, 5, 93, 78, 86, 54, 85, 63, 18, 72, 20, 35, 43, 97, 91, 76, 10, 30, 21, 45, 71, 64, 1, 23, 17, 83, 24, 14, 60, 36, 6, 57, 40, 88, 65, 56, 79, 94, 67, 68, 46, 75, 38, 9, 19, 32, 81, 41, 27, 62, 87, 50, 99, 59, 11, 16, 44, 73, 70, 39, 37, 84, 3, 92, 25, 55, 28, 29, 51, 98, 7, 61, 33, 48, 89, 90, 4, 96, 80, 53, 66, 8, 34, 2, 52, 0, 13, 69, 49, 74]|[1, 1, 0, 1, 1, 0, 1, 2, 2, 1, 2, 2, 2, 1, 1, 0, 0, 1, 0, 2, 2, 0, 1, 2, 0, 1, 2, 2, 0, 0, 1, 2, 1, 2, 1, 0, 2, 0, 1, 1, 0, 1, 1, 1, 0, 2, 1, 1, 0, 0, 0, 0, 1, 1, 2, 1, 2, 0, 0, 0, 2, 1, 0, 1, 2, 1, 2, 1, 1, 1, 1, 1, 1, 0, 1, 2, 0, 0, 0, 2, 2, 1, 2, 0, 1, 1, 1, 2, 0, 0, 2, 0, 2, 0, 1, 0, 0, 1, 0, 2]|[4, 3, 2, 2, 4, 1, 2, 2, 2, 4, 1, 1, 2, 4, 4, 1, 2, 4, 2, 1, 1, 1, 1, 2, 1, 2, 1, 1, 1, 1, 3, 2, 3, 1, 4, 0, 1, 1, 0, 3, 2, 2, 2, 0, 1, 1, 0, 4, 0, 1, 2, 2, 1, 4, 0, 3, 2, 1, 1, 2, 1, 3, 1, 1, 1, 3, 1, 4, 3, 1, 4, 1, 1, 0, 4, 1, 2, 1, 1, 1, 1, 3, 1, 1, 1, 3, 4, 1, 1, 2, 1, 1, 1, 2, 1, 2, 2, 4, 1, 1]|[0, 2, 1, 1, 3, 0, 1, 0, 0, 0, 0, 0, 1, 0, 1, 0, 0, 3, 1, 0, 0, 0, 3, 1, 0, 2, 0, 0, 0, 1, 0, 0, 0, 0, 3, 0, 1, 0, 0, 2, 1, 1, 1, 0, 0, 0, 0, 2, 1, 0, 0, 0, 1, 3, 0, 0, 1, 0, 0, 1, 0, 2, 0, 1, 0, 2, 0, 0, 0, 1, 1, 3, 1, 1, 3, 0, 1, 0, 0, 0, 0, 0, 0, 0, 1, 2, 0, 0, 0, 1, 0, 0, 0, 0, 1, 0, 0, 2, 1, 0],774.8774257758522,56101.32980135571,94883.90774023655,true
20,G4_BALANCED,G4_BALANCED,[31, 11, 82, 15, 26, 9, 95, 42, 77, 68, 47, 5, 93, 78, 86, 54, 85, 63, 18, 44, 20, 49, 36, 14, 74, 50, 53, 17, 21, 45, 71, 64, 3, 23, 30, 83, 24, 41, 60, 52, 65, 27, 90, 70, 39, 87, 48, 69, 99, 4, 46, 1, 13, 58, 97, 59, 28, 75, 73, 37, 35, 79, 22, 66, 76, 32, 40, 80, 96, 6, 61, 16, 33, 7, 57, 34, 12, 67, 10, 98, 56, 88, 29, 25, 91, 38, 19, 92, 43, 84, 51, 72, 81, 8, 2, 55, 0, 62, 89, 94]|[2, 1, 2, 1, 1, 2, 1, 1, 1, 1, 1, 0, 2, 2, 1, 2, 0, 0, 0, 2, 2, 1, 0, 2, 0, 2, 2, 1, 0, 1, 1, 1, 0, 0, 1, 0, 2, 1, 2, 2, 0, 0, 1, 1, 0, 2, 0, 2, 1, 0, 0, 2, 0, 0, 2, 0, 1, 1, 0, 0, 2, 1, 0, 2, 2, 0, 2, 2, 0, 1, 1, 2, 1, 2, 0, 1, 1, 1, 1, 2, 2, 1, 1, 1, 1, 0, 1, 0, 1, 0, 1, 1, 1, 0, 2, 0, 0, 1, 1, 2]|[0, 3, 0, 2, 4, 1, 4, 4, 2, 4, 3, 2, 1, 0, 2, 1, 1, 1, 2, 1, 1, 3, 0, 1, 0, 1, 1, 4, 1, 4, 3, 2, 2, 0, 4, 1, 1, 4, 0, 1, 2, 1, 4, 4, 1, 1, 0, 2, 3, 1, 2, 1, 2, 1, 1, 2, 4, 3, 0, 2, 2, 3, 1, 0, 1, 2, 0, 1, 2, 4, 3, 1, 4, 1, 2, 4, 3, 3, 3, 1, 1, 4, 3, 4, 3, 2, 4, 2, 4, 2, 3, 4, 1, 2, 1, 2, 2, 3, 4, 1]|[0, 2, 0, 1, 3, 0, 1, 3, 0, 0, 2, 0, 1, 0, 1, 0, 0, 0, 1, 0, 0, 2, 0, 0, 1, 0, 0, 3, 0, 1, 0, 2, 0, 1, 3, 0, 1, 3, 0, 0, 0, 0, 1, 3, 0, 0, 1, 0, 2, 0, 0, 0, 0, 0, 1, 0, 1, 0, 1, 1, 0, 2, 0, 0, 0, 0, 0, 0, 0, 2, 0, 0, 1, 0, 0, 1, 0, 0, 3, 0, 0, 1, 0, 3, 0, 0, 3, 0, 2, 0, 0, 2, 1, 0, 0, 0, 0, 0, 1, 0],855.0393744413956,51684.66824914086,111484.00316030454,false
20,G2_TEC,G2_TEC,[31, 22, 82, 15, 26, 9, 95, 42, 77, 68, 47, 5, 93, 78, 86, 54, 85, 63, 18, 44, 20, 49, 36, 14, 74, 50, 53, 17, 21, 28, 71, 64, 3, 23, 30, 83, 24, 41, 40, 52, 65, 27, 90, 70, 39, 87, 48, 69, 99, 4, 46, 1, 13, 58, 97, 59, 45, 8, 73, 37, 35, 79, 11, 66, 76, 32, 60, 80, 96, 6, 16, 61, 19, 7, 57, 34, 12, 67, 10, 98, 56, 88, 29, 75, 91, 38, 33, 92, 2, 84, 51, 72, 81, 25, 43, 55, 62, 89, 94, 0]|[2, 1, 2, 1, 1, 2, 1, 1, 1, 1, 1, 0, 2, 2, 1, 2, 0, 0, 0, 2, 2, 1, 0, 2, 0, 2, 2, 1, 0, 1, 1, 1, 0, 0, 1, 0, 2, 1, 2, 2, 0, 0, 1, 1, 0, 2, 0, 2, 1, 0, 0, 2, 0, 0, 2, 0, 1, 1, 0, 0, 2, 1, 0, 2, 2, 0, 2, 2, 0, 1, 2, 1, 1, 2, 0, 1, 1, 1, 1, 2, 2, 1, 1, 0, 1, 0, 1, 0, 2, 0, 1, 1, 1, 1, 1, 0, 1, 1, 2, 0]|[0, 3, 0, 3, 4, 1, 4, 4, 2, 4, 3, 2, 1, 0, 2, 1, 1, 1, 2, 1, 1, 3, 0, 1, 0, 1, 1, 4, 1, 4, 3, 2, 2, 0, 4, 1, 1, 4, 0, 1, 2, 1, 4, 4, 1, 1, 0, 2, 3, 1, 2, 1, 2, 1, 1, 2, 4, 3, 0, 2, 2, 3, 1, 0, 1, 2, 0, 1, 2, 4, 1, 3, 4, 1, 2, 4, 3, 3, 3, 1, 1, 4, 3, 2, 3, 2, 4, 2, 1, 2, 3, 4, 4, 4, 4, 2, 3, 4, 1, 2]|[0, 2, 0, 0, 3, 0, 1, 3, 0, 0, 2, 0, 1, 0, 1, 0, 0, 0, 1, 0, 0, 2, 0, 0, 1, 0, 0, 3, 0, 1, 0, 2, 0, 0, 3, 0, 1, 3, 0, 0, 0, 0, 1, 3, 0, 0, 1, 0, 2, 0, 0, 0, 0, 0, 1, 0, 1, 0, 1, 1, 0, 2, 0, 0, 0, 0, 0, 0, 0, 2, 0, 0, 1, 0, 0, 1, 0, 0, 3, 0, 0, 1, 0, 0, 0, 0, 1, 0, 0, 0, 0, 2, 1, 3, 2, 0, 0, 1, 0, 0],890.9074744783937,50673.96227735626,113466.60083846681,false
20,G3_TWC,G1_CMAX,[31, 22, 82, 15, 26, 9, 42, 95, 77, 12, 47, 5, 93, 78, 86, 54, 85, 63, 18, 44, 20, 35, 43, 97, 91, 76, 10, 30, 21, 45, 71, 64, 1, 23, 17, 83, 24, 14, 60, 36, 6, 57, 94, 88, 65, 56, 79, 40, 67, 68, 46, 75, 38, 58, 19, 32, 81, 41, 27, 62, 87, 90, 99, 59, 11, 16, 72, 73, 69, 39, 37, 84, 3, 92, 25, 55, 28, 29, 51, 7, 33, 61, 98, 66, 89, 50, 8, 96, 53, 80, 4, 48, 34, 2, 52, 13, 0, 70, 49, 74]|[1, 1, 0, 1, 1, 1, 2, 1, 2, 1, 2, 2, 2, 1, 1, 0, 0, 1, 0, 2, 2, 0, 1, 2, 0, 1, 2, 2, 0, 0, 1, 2, 1, 2, 1, 0, 2, 0, 1, 1, 0, 1, 1, 1, 0, 2, 1, 1, 0, 0, 0, 0, 1, 1, 2, 1, 2, 0, 0, 0, 2, 1, 0, 1, 2, 1, 2, 1, 1, 1, 1, 1, 1, 0, 1, 2, 0, 0, 0, 1, 2, 1, 0, 2, 1, 0, 1, 0, 0, 0, 0, 0, 2, 0, 1, 0, 0, 1, 0, 2]|[4, 3, 2, 2, 0, 0, 2, 2, 2, 4, 1, 1, 2, 4, 4, 1, 2, 4, 2, 1, 1, 1, 1, 2, 1, 2, 1, 1, 1, 1, 3, 2, 3, 0, 4, 0, 1, 1, 0, 3, 2, 2, 2, 0, 1, 1, 0, 4, 0, 1, 2, 2, 1, 4, 0, 3, 2, 1, 1, 2, 1, 3, 1, 1, 1, 3, 0, 4, 3, 1, 4, 1, 1, 0, 4, 1, 2, 1, 1, 3, 1, 3, 1, 1, 1, 1, 3, 1, 2, 1, 2, 1, 1, 2, 1, 2, 2, 3, 1, 1]|[0, 2, 1, 1, 3, 3, 0, 1, 0, 0, 0, 0, 1, 0, 1, 0, 0, 3, 1, 0, 0, 0, 3, 1, 0, 2, 0, 0, 0, 1, 0, 0, 0, 0, 3, 0, 1, 0, 0, 2, 1, 1, 1, 0, 0, 0, 0, 2, 1, 0, 0, 0, 1, 3, 0, 0, 1, 0, 0, 1, 0, 2, 0, 1, 0, 2, 1, 0, 0, 1, 1, 3, 1, 1, 3, 0, 1, 0, 0, 2, 0, 0, 0, 0, 1, 0, 2, 0, 1, 0, 1, 0, 0, 0, 1, 0, 0, 0, 1, 0],801.427594812029,57868.49349465401,91455.85780813712,true
20,G1_CMAX,G4_BALANCED,[31, 22, 82, 15, 26, 58, 95, 42, 77, 12, 47, 5, 93, 78, 86, 54, 85, 63, 18, 72, 20, 35, 43, 97, 91, 76, 10, 30, 21, 45, 71, 64, 1, 23, 17, 83, 24, 14, 60, 36, 6, 57, 40, 88, 65, 56, 79, 94, 67, 68, 46, 75, 38, 9, 19, 32, 81, 48, 27, 62, 87, 90, 99, 59, 11, 16, 44, 73, 70, 39, 37, 84, 3, 92, 25, 55, 28, 29, 51, 7, 33, 61, 8, 41, 89, 50, 4, 96, 53, 80, 98, 66, 34, 2, 52, 13, 0, 69, 74, 49]|[1, 1, 0, 1, 1, 0, 1, 2, 2, 1, 2, 2, 2, 1, 1, 0, 0, 1, 0, 2, 2, 0, 1, 2, 0, 1, 2, 2, 0, 0, 1, 2, 1, 2, 1, 0, 2, 0, 1, 1, 0, 1, 1, 1, 0, 2, 1, 1, 0, 0, 0, 0, 1, 1, 2, 1, 2, 0, 0, 0, 2, 1, 0, 1, 2, 1, 2, 1, 1, 1, 1, 1, 1, 0, 1, 2, 0, 0, 0, 1, 2, 1, 1, 0, 1, 0, 1, 2, 0, 0, 2, 2, 2, 0, 1, 0, 0, 1, 2, 0]|[4, 3, 2, 2, 4, 1, 2, 2, 2, 4, 1, 1, 2, 4, 4, 1, 2, 4, 2, 1, 1, 1, 1, 2, 1, 2, 1, 1, 1, 1, 3, 2, 3, 1, 4, 0, 1, 1, 0, 3, 2, 2, 2, 0, 1, 1, 0, 4, 0, 1, 2, 2, 1, 4, 0, 3, 2, 1, 1, 2, 1, 3, 1, 1, 1, 3, 1, 4, 3, 1, 4, 1, 1, 0, 4, 1, 2, 1, 1, 1, 1, 3, 3, 1, 1, 1, 4, 1, 2, 1, 1, 1, 1, 2, 1, 2, 2, 4, 1, 1]|[0, 2, 1, 1, 3, 0, 1, 0, 0, 0, 0, 0, 1, 0, 1, 0, 0, 3, 1, 0, 0, 0, 3, 1, 0, 2, 0, 0, 0, 1, 0, 0, 0, 0, 3, 0, 1, 0, 0, 2, 1, 1, 1, 0, 0, 0, 0, 2, 1, 0, 0, 0, 1, 3, 0, 0, 1, 0, 0, 1, 0, 2, 0, 1, 0, 2, 0, 0, 0, 1, 1, 3, 1, 1, 3, 0, 1, 0, 0, 2, 0, 0, 2, 0, 1, 0, 0, 0, 1, 0, 0, 0, 0, 0, 1, 0, 0, 2, 0, 1],760.8921659562272,56028.845701609054,95689.98563368633,true
20,G4_BALANCED,G4_BALANCED,[31, 11, 82, 15, 26, 9, 95, 42, 77, 68, 47, 5, 93, 78, 86, 54, 85, 63, 18, 44, 20, 49, 36, 14, 74, 50, 53, 17, 21, 45, 71, 64, 3, 23, 30, 83, 24, 41, 60, 52, 65, 27, 90, 70, 39, 87, 48, 69, 99, 4, 46, 1, 13, 58, 97, 59, 28, 75, 73, 37, 35, 79, 22, 66, 76, 32, 40, 80, 96, 6, 61, 16, 33, 7, 57, 34, 12, 67, 10, 98, 56, 88, 29, 25, 91, 38, 19, 92, 43, 84, 51, 72, 81, 8, 2, 55, 0, 62, 89, 94]|[2, 1, 2, 1, 1, 2, 1, 1, 1, 1, 1, 0, 2, 2, 1, 2, 0, 0, 0, 2, 2, 1, 0, 2, 0, 2, 2, 1, 0, 1, 1, 1, 0, 0, 1, 0, 2, 1, 2, 2, 0, 0, 1, 1, 0, 2, 0, 2, 1, 0, 0, 2, 0, 0, 2, 0, 1, 1, 0, 0, 2, 1, 0, 2, 2, 0, 2, 2, 0, 1, 1, 2, 1, 2, 0, 1, 1, 1, 1, 2, 2, 1, 1, 1, 1, 0, 1, 0, 1, 0, 1, 1, 1, 0, 2, 0, 0, 1, 1, 2]|[0, 3, 0, 2, 4, 1, 4, 4, 2, 4, 3, 2, 1, 0, 2, 1, 1, 1, 2, 1, 1, 3, 0, 1, 0, 1, 1, 4, 1, 4, 3, 2, 2, 0, 4, 1, 1, 4, 0, 1, 2, 1, 4, 4, 1, 1, 0, 2, 3, 1, 2, 1, 2, 1, 1, 2, 4, 3, 0, 2, 2, 3, 1, 0, 1, 2, 0, 1, 2, 4, 3, 1, 4, 1, 2, 4, 3, 3, 3, 1, 1, 4, 3, 4, 3, 2, 4, 2, 4, 2, 3, 4, 1, 2, 1, 2, 2, 3, 4, 1]|[0, 2, 0, 1, 3, 0, 1, 3, 0, 0, 2, 0, 1, 0, 1, 0, 0, 0, 1, 0, 0, 2, 0, 0, 1, 0, 0, 3, 0, 1, 0, 2, 0, 1, 3, 0, 1, 3, 0, 0, 0, 0, 1, 3, 0, 0, 1, 0, 2, 0, 0, 0, 0, 0, 1, 0, 1, 0, 1, 1, 0, 2, 0, 0, 0, 0, 0, 0, 0, 2, 0, 0, 1, 0, 0, 1, 0, 0, 3, 0, 0, 1, 0, 3, 0, 0, 3, 0, 2, 0, 0, 2, 1, 0, 0, 0, 0, 0, 1, 0],855.0393744413956,51684.66824914086,111484.00316030454,false
20,G2_TEC,G2_TEC,[31, 22, 82, 15, 26, 9, 95, 42, 77, 68, 47, 5, 93, 78, 86, 54, 85, 63, 18, 44, 20, 49, 36, 14, 74, 50, 53, 17, 21, 28, 71, 64, 3, 23, 30, 83, 24, 41, 40, 52, 65, 27, 90, 70, 39, 87, 48, 69, 99, 4, 46, 1, 13, 58, 97, 59, 45, 8, 73, 37, 35, 79, 11, 66, 76, 32, 60, 80, 96, 6, 16, 61, 19, 7, 57, 34, 12, 67, 10, 98, 56, 88, 29, 75, 91, 38, 33, 92, 2, 84, 51, 72, 81, 25, 43, 55, 62, 89, 94, 0]|[2, 1, 2, 1, 1, 2, 1, 1, 1, 1, 1, 0, 2, 2, 1, 2, 0, 0, 0, 2, 2, 1, 0, 2, 0, 2, 2, 1, 0, 1, 1, 1, 0, 0, 1, 0, 2, 1, 2, 2, 0, 0, 1, 1, 0, 2, 0, 2, 1, 0, 0, 2, 0, 0, 2, 0, 1, 1, 0, 0, 2, 1, 0, 2, 2, 0, 2, 2, 0, 1, 2, 1, 1, 2, 0, 1, 1, 1, 1, 2, 2, 1, 1, 0, 1, 0, 1, 0, 2, 0, 1, 1, 1, 1, 1, 0, 1, 1, 2, 0]|[0, 3, 0, 3, 4, 1, 4, 4, 2, 4, 3, 2, 1, 0, 2, 1, 1, 1, 2, 1, 1, 3, 0, 1, 0, 1, 1, 4, 1, 4, 3, 2, 2, 0, 4, 1, 1, 4, 0, 1, 2, 1, 4, 4, 1, 1, 0, 2, 3, 1, 2, 1, 2, 1, 1, 2, 4, 3, 0, 2, 2, 3, 1, 0, 1, 2, 0, 1, 2, 4, 1, 3, 4, 1, 2, 4, 3, 3, 3, 1, 1, 4, 3, 2, 3, 2, 4, 2, 1, 2, 3, 4, 4, 4, 4, 2, 3, 4, 1, 2]|[0, 2, 0, 0, 3, 0, 1, 3, 0, 0, 2, 0, 1, 0, 1, 0, 0, 0, 1, 0, 0, 2, 0, 0, 1, 0, 0, 3, 0, 1, 0, 2, 0, 0, 3, 0, 1, 3, 0, 0, 0, 0, 1, 3, 0, 0, 1, 0, 2, 0, 0, 0, 0, 0, 1, 0, 1, 0, 1, 1, 0, 2, 0, 0, 0, 0, 0, 0, 0, 2, 0, 0, 1, 0, 0, 1, 0, 0, 3, 0, 0, 1, 0, 0, 0, 0, 1, 0, 0, 0, 0, 2, 1, 3, 2, 0, 0, 1, 0, 0],890.9074744783937,50673.96227735626,113466.60083846681,false
20,G3_TWC,G1_CMAX,[31, 22, 82, 15, 26, 9, 42, 95, 77, 12, 47, 5, 93, 78, 86, 54, 85, 63, 18, 44, 20, 35, 43, 97, 91, 76, 10, 30, 21, 45, 71, 64, 1, 23, 17, 83, 24, 14, 60, 36, 6, 57, 94, 88, 65, 56, 79, 40, 67, 68, 46, 75, 38, 58, 19, 32, 81, 41, 27, 62, 87, 90, 99, 59, 11, 16, 72, 73, 69, 39, 37, 84, 3, 92, 25, 55, 28, 29, 51, 7, 33, 61, 98, 66, 89, 50, 8, 96, 53, 80, 4, 48, 34, 2, 52, 13, 0, 70, 49, 74]|[1, 1, 0, 1, 1, 1, 2, 1, 2, 1, 2, 2, 2, 1, 1, 0, 0, 1, 0, 2, 2, 0, 1, 2, 0, 1, 2, 2, 0, 0, 1, 2, 1, 2, 1, 0, 2, 0, 1, 1, 0, 1, 1, 1, 0, 2, 1, 1, 0, 0, 0, 0, 1, 1, 2, 1, 2, 0, 0, 0, 2, 1, 0, 1, 2, 1, 2, 1, 1, 1, 1, 1, 1, 0, 1, 2, 0, 0, 0, 1, 2, 1, 0, 2, 1, 0, 1, 0, 0, 0, 0, 0, 2, 0, 1, 0, 0, 1, 0, 2]|[4, 3, 2, 2, 0, 0, 2, 2, 2, 4, 1, 1, 2, 4, 4, 1, 2, 4, 2, 1, 1, 1, 1, 2, 1, 2, 1, 1, 1, 1, 3, 2, 3, 0, 4, 0, 1, 1, 0, 3, 2, 2, 2, 0, 1, 1, 0, 4, 0, 1, 2, 2, 1, 4, 0, 3, 2, 1, 1, 2, 1, 3, 1, 1, 1, 3, 0, 4, 3, 1, 4, 1, 1, 0, 4, 1, 2, 1, 1, 3, 1, 3, 1, 1, 1, 1, 3, 1, 2, 1, 2, 1, 1, 2, 1, 2, 2, 3, 1, 1]|[0, 2, 1, 1, 3, 3, 0, 1, 0, 0, 0, 0, 1, 0, 1, 0, 0, 3, 1, 0, 0, 0, 3, 1, 0, 2, 0, 0, 0, 1, 0, 0, 0, 0, 3, 0, 1, 0, 0, 2, 1, 1, 1, 0, 0, 0, 0, 2, 1, 0, 0, 0, 1, 3, 0, 0, 1, 0, 0, 1, 0, 2, 0, 1, 0, 2, 1, 0, 0, 1, 1, 3, 1, 1, 3, 0, 1, 0, 0, 2, 0, 0, 0, 0, 1, 0, 2, 0, 1, 0, 1, 0, 0, 0, 1, 0, 0, 0, 1, 0],801.427594812029,57868.49349465401,91455.85780813712,true
20,G1_CMAX,G4_BALANCED,[31, 22, 82, 15, 26, 58, 95, 42, 77, 12, 47, 5, 93, 78, 86, 54, 85, 63, 18, 44, 20, 35, 43, 97, 91, 76, 10, 30, 21, 45, 71, 64, 1, 23, 17, 83, 24, 14, 60, 36, 6, 57, 40, 88, 65, 56, 79, 94, 67, 68, 46, 75, 38, 9, 19, 32, 81, 41, 27, 62, 87, 90, 99, 59, 11, 16, 72, 73, 70, 39, 37, 84, 3, 92, 25, 34, 28, 29, 51, 7, 33, 61, 98, 66, 89, 50, 8, 80, 53, 96, 48, 4, 55, 74, 52, 13, 0, 49, 2, 69]|[1, 1, 0, 1, 1, 0, 2, 1, 2, 1, 2, 2, 2, 1, 1, 0, 0, 1, 0, 2, 2, 0, 1, 2, 0, 1, 2, 2, 0, 0, 1, 2, 1, 2, 1, 0, 2, 0, 1, 1, 0, 1, 1, 1, 0, 2, 2, 1, 0, 0, 0, 0, 1, 1, 2, 1, 2, 0, 0, 0, 2, 1, 0, 1, 2, 1, 2, 1, 1, 1, 1, 1, 1, 0, 1, 1, 0, 0, 0, 1, 2, 1, 2, 2, 1, 0, 1, 0, 0, 2, 0, 0, 2, 2, 1, 0, 0, 0, 0, 1]|[4, 3, 2, 2, 4, 1, 2, 2, 2, 4, 1, 1, 2, 4, 4, 1, 2, 4, 2, 1, 1, 1, 1, 2, 1, 2, 1, 1, 1, 1, 3, 2, 3, 1, 4, 0, 1, 1, 0, 3, 2, 2, 2, 0, 1, 1, 1, 4, 0, 1, 2, 2, 1, 4, 0, 3, 2, 1, 1, 2, 1, 3, 1, 1, 1, 3, 0, 4, 3, 1, 4, 1, 1, 0, 4, 4, 2, 1, 1, 3, 1, 3, 1, 1, 1, 1, 3, 1, 2, 1, 1, 2, 1, 1, 1, 2, 2, 1, 2, 4]|[0, 2, 1, 1, 3, 0, 0, 1, 0, 0, 0, 0, 1, 0, 1, 0, 0, 3, 1, 0, 0, 0, 3, 1, 0, 2, 0, 0, 0, 1, 0, 0, 0, 0, 3, 0, 1, 0, 0, 2, 1, 1, 1, 0, 0, 0, 0, 2, 1, 0, 0, 0, 1, 3, 0, 0, 1, 0, 0, 1, 0, 2, 0, 1, 0, 2, 1, 0, 0, 1, 1, 3, 1, 1, 3, 3, 1, 0, 0, 2, 0, 0, 0, 0, 1, 0, 2, 0, 1, 0, 0, 1, 0, 0, 1, 0, 0, 1, 0, 2],797.1951239909126,56777.39182103922,93374.53729152313,true
20,G4_BALANCED,G4_BALANCED,[31, 11, 82, 15, 26, 9, 95, 42, 77, 68, 47, 5, 93, 78, 86, 54, 85, 63, 18, 44, 20, 49, 36, 14, 74, 50, 53, 17, 21, 45, 71, 64, 3, 23, 30, 83, 24, 41, 60, 52, 65, 27, 90, 70, 39, 87, 48, 69, 99, 4, 46, 1, 13, 58, 97, 59, 28, 75, 73, 37, 35, 79, 22, 66, 76, 32, 40, 80, 96, 6, 61, 16, 33, 7, 57, 34, 12, 67, 10, 98, 56, 88, 29, 25, 91, 38, 19, 92, 43, 84, 51, 72, 81, 8, 2, 55, 0, 62, 89, 94]|[2, 1, 2, 1, 1, 2, 1, 1, 1, 1, 1, 0, 2, 2, 1, 2, 0, 0, 0, 2, 2, 1, 0, 2, 0, 2, 2, 1, 0, 1, 1, 1, 0, 0, 1, 0, 2, 1, 2, 2, 0, 0, 1, 1, 0, 2, 0, 2, 1, 0, 0, 2, 0, 0, 2, 0, 1, 1, 0, 0, 2, 1, 0, 2, 2, 0, 2, 2, 0, 1, 1, 2, 1, 2, 0, 1, 1, 1, 1, 2, 2, 1, 1, 1, 1, 0, 1, 0, 1, 0, 1, 1, 1, 0, 2, 0, 0, 1, 1, 2]|[0, 3, 0, 2, 4, 1, 4, 4, 2, 4, 3, 2, 1, 0, 2, 1, 1, 1, 2, 1, 1, 3, 0, 1, 0, 1, 1, 4, 1, 4, 3, 2, 2, 0, 4, 1, 1, 4, 0, 1, 2, 1, 4, 4, 1, 1, 0, 2, 3, 1, 2, 1, 2, 1, 1, 2, 4, 3, 0, 2, 2, 3, 1, 0, 1, 2, 0, 1, 2, 4, 3, 1, 4, 1, 2, 4, 3, 3, 3, 1, 1, 4, 3, 4, 3, 2, 4, 2, 4, 2, 3, 4, 1, 2, 1, 2, 2, 3, 4, 1]|[0, 2, 0, 1, 3, 0, 1, 3, 0, 0, 2, 0, 1, 0, 1, 0, 0, 0, 1, 0, 0, 2, 0, 0, 1, 0, 0, 3, 0, 1, 0, 2, 0, 1, 3, 0, 1, 3, 0, 0, 0, 0, 1, 3, 0, 0, 1, 0, 2, 0, 0, 0, 0, 0, 1, 0, 1, 0, 1, 1, 0, 2, 0, 0, 0, 0, 0, 0, 0, 2, 0, 0, 1, 0, 0, 1, 0, 0, 3, 0, 0, 1, 0, 3, 0, 0, 3, 0, 2, 0, 0, 2, 1, 0, 0, 0, 0, 0, 1, 0],855.0393744413956,51684.66824914086,111484.00316030454,false
20,G2_TEC,G2_TEC,[31, 22, 82, 15, 26, 9, 95, 42, 77, 68, 47, 5, 93, 78, 86, 54, 85, 63, 18, 44, 20, 49, 36, 14, 74, 50, 53, 17, 21, 28, 71, 64, 3, 23, 30, 83, 24, 41, 40, 52, 65, 27, 90, 70, 39, 87, 48, 69, 99, 4, 46, 1, 13, 58, 97, 59, 45, 8, 73, 37, 35, 79, 11, 66, 76, 32, 60, 80, 96, 6, 16, 61, 19, 7, 57, 34, 12, 67, 10, 98, 56, 88, 29, 75, 91, 38, 33, 92, 2, 84, 51, 72, 81, 25, 43, 55, 62, 89, 94, 0]|[2, 1, 2, 1, 1, 2, 1, 1, 1, 1, 1, 0, 2, 2, 1, 2, 0, 0, 0, 2, 2, 1, 0, 2, 0, 2, 2, 1, 0, 1, 1, 1, 0, 0, 1, 0, 2, 1, 2, 2, 0, 0, 1, 1, 0, 2, 0, 2, 1, 0, 0, 2, 0, 0, 2, 0, 1, 1, 0, 0, 2, 1, 0, 2, 2, 0, 2, 2, 0, 1, 2, 1, 1, 2, 0, 1, 1, 1, 1, 2, 2, 1, 1, 0, 1, 0, 1, 0, 2, 0, 1, 1, 1, 1, 1, 0, 1, 1, 2, 0]|[0, 3, 0, 3, 4, 1, 4, 4, 2, 4, 3, 2, 1, 0, 2, 1, 1, 1, 2, 1, 1, 3, 0, 1, 0, 1, 1, 4, 1, 4, 3, 2, 2, 0, 4, 1, 1, 4, 0, 1, 2, 1, 4, 4, 1, 1, 0, 2, 3, 1, 2, 1, 2, 1, 1, 2, 4, 3, 0, 2, 2, 3, 1, 0, 1, 2, 0, 1, 2, 4, 1, 3, 4, 1, 2, 4, 3, 3, 3, 1, 1, 4, 3, 2, 3, 2, 4, 2, 1, 2, 3, 4, 4, 4, 4, 2, 3, 4, 1, 2]|[0, 2, 0, 0, 3, 0, 1, 3, 0, 0, 2, 0, 1, 0, 1, 0, 0, 0, 1, 0, 0, 2, 0, 0, 1, 0, 0, 3, 0, 1, 0, 2, 0, 0, 3, 0, 1, 3, 0, 0, 0, 0, 1, 3, 0, 0, 1, 0, 2, 0, 0, 0, 0, 0, 1, 0, 1, 0, 1, 1, 0, 2, 0, 0, 0, 0, 0, 0, 0, 2, 0, 0, 1, 0, 0, 1, 0, 0, 3, 0, 0, 1, 0, 0, 0, 0, 1, 0, 0, 0, 0, 2, 1, 3, 2, 0, 0, 1, 0, 0],890.9074744783937,50673.96227735626,113466.60083846681,false
20,G3_TWC,G1_CMAX,[31, 22, 82, 15, 26, 9, 42, 95, 77, 12, 47, 5, 93, 78, 86, 54, 85, 63, 18, 44, 20, 35, 43, 97, 91, 76, 10, 30, 21, 45, 71, 64, 1, 23, 17, 83, 24, 14, 60, 36, 6, 57, 94, 88, 65, 56, 79, 40, 67, 68, 46, 75, 38, 58, 19, 32, 81, 41, 27, 62, 87, 90, 99, 59, 11, 16, 72, 73, 69, 39, 37, 84, 3, 92, 25, 55, 28, 29, 51, 7, 33, 61, 98, 66, 89, 50, 8, 96, 53, 80, 4, 48, 34, 2, 52, 13, 0, 70, 49, 74]|[1, 1, 0, 1, 1, 1, 2, 1, 2, 1, 2, 2, 2, 1, 1, 0, 0, 1, 0, 2, 2, 0, 1, 2, 0, 1, 2, 2, 0, 0, 1, 2, 1, 2, 1, 0, 2, 0, 1, 1, 0, 1, 1, 1, 0, 2, 1, 1, 0, 0, 0, 0, 1, 1, 2, 1, 2, 0, 0, 0, 2, 1, 0, 1, 2, 1, 2, 1, 1, 1, 1, 1, 1, 0, 1, 2, 0, 0, 0, 1, 2, 1, 0, 2, 1, 0, 1, 0, 0, 0, 0, 0, 2, 0, 1, 0, 0, 1, 0, 2]|[4, 3, 2, 2, 0, 0, 2, 2, 2, 4, 1, 1, 2, 4, 4, 1, 2, 4, 2, 1, 1, 1, 1, 2, 1, 2, 1, 1, 1, 1, 3, 2, 3, 0, 4, 0, 1, 1, 0, 3, 2, 2, 2, 0, 1, 1, 0, 4, 0, 1, 2, 2, 1, 4, 0, 3, 2, 1, 1, 2, 1, 3, 1, 1, 1, 3, 0, 4, 3, 1, 4, 1, 1, 0, 4, 1, 2, 1, 1, 3, 1, 3, 1, 1, 1, 1, 3, 1, 2, 1, 2, 1, 1, 2, 1, 2, 2, 3, 1, 1]|[0, 2, 1, 1, 3, 3, 0, 1, 0, 0, 0, 0, 1, 0, 1, 0, 0, 3, 1, 0, 0, 0, 3, 1, 0, 2, 0, 0, 0, 1, 0, 0, 0, 0, 3, 0, 1, 0, 0, 2, 1, 1, 1, 0, 0, 0, 0, 2, 1, 0, 0, 0, 1, 3, 0, 0, 1, 0, 0, 1, 0, 2, 0, 1, 0, 2, 1, 0, 0, 1, 1, 3, 1, 1, 3, 0, 1, 0, 0, 2, 0, 0, 0, 0, 1, 0, 2, 0, 1, 0, 1, 0, 0, 0, 1, 0, 0, 0, 1, 0],801.427594812029,57868.49349465401,91455.85780813712,true
20,G1_CMAX,G3_TWC,[31, 22, 82, 15, 26, 9, 42, 95, 77, 12, 47, 5, 93, 78, 86, 54, 85, 63, 18, 44, 20, 35, 43, 97, 91, 76, 10, 30, 21, 45, 71, 64, 1, 23, 17, 83, 24, 14, 60, 36, 6, 57, 94, 88, 65, 56, 79, 40, 67, 68, 46, 75, 38, 58, 19, 32, 81, 41, 27, 62, 87, 90, 99, 59, 11, 16, 72, 73, 69, 39, 37, 84, 3, 92, 25, 55, 28, 29, 51, 7, 33, 61, 98, 48, 89, 50, 4, 96, 80, 53, 66, 8, 34, 2, 52, 0, 13, 70, 49, 74]|[1, 1, 0, 1, 1, 1, 1, 2, 2, 1, 2, 2, 2, 1, 1, 0, 0, 1, 0, 2, 2, 0, 1, 2, 0, 1, 2, 2, 0, 0, 1, 2, 1, 2, 1, 0, 2, 0, 1, 1, 0, 1, 1, 1, 0, 2, 1, 1, 0, 0, 0, 0, 1, 0, 2, 1, 2, 0, 0, 0, 2, 1, 0, 1, 2, 1, 2, 1, 1, 1, 1, 1, 1, 0, 1, 1, 0, 0, 0, 1, 2, 1, 0, 0, 1, 0, 0, 0, 0, 0, 2, 1, 2, 0, 1, 0, 0, 1, 0, 2]|[4, 3, 2, 2, 4, 0, 2, 2, 2, 4, 1, 1, 2, 4, 4, 1, 2, 4, 2, 1, 1, 1, 1, 2, 1, 2, 1, 1, 1, 1, 3, 2, 3, 0, 4, 0, 1, 1, 0, 3, 2, 2, 4, 0, 1, 1, 0, 4, 0, 1, 2, 2, 1, 1, 0, 3, 2, 1, 1, 2, 1, 3, 1, 1, 1, 3, 0, 4, 3, 1, 4, 1, 1, 0, 4, 4, 2, 1, 1, 3, 1, 3, 1, 1, 1, 1, 2, 1, 1, 2, 1, 3, 1, 2, 1, 2, 2, 3, 1, 1]|[0, 2, 1, 1, 3, 3, 1, 0, 0, 0, 0, 0, 1, 0, 1, 0, 0, 3, 1, 0, 0, 0, 3, 1, 0, 2, 0, 0, 0, 1, 0, 0, 0, 0, 3, 0, 1, 0, 0, 2, 1, 1, 2, 0, 0, 0, 0, 2, 1, 0, 0, 0, 1, 0, 0, 0, 1, 0, 0, 1, 0, 2, 0, 1, 0, 2, 1, 0, 0, 1, 1, 3, 1, 1, 3, 3, 1, 0, 0, 2, 0, 0, 0, 0, 1, 0, 1, 0, 0, 1, 0, 2, 0, 0, 1, 0, 0, 0, 1, 0],830.3232631806013,57392.84078103022,92658.20833193121,true
20,G4_BALANCED,G4_BALANCED,[31, 11, 82, 15, 26, 9, 95, 42, 77, 68, 47, 5, 93, 78, 86, 54, 85, 63, 18, 44, 20, 49, 36, 14, 74, 50, 53, 17, 21, 45, 71, 64, 3, 23, 30, 83, 24, 41, 60, 52, 65, 27, 90, 70, 39, 87, 48, 69, 99, 4, 46, 1, 13, 58, 97, 59, 28, 75, 73, 37, 35, 79, 22, 66, 76, 32, 40, 80, 96, 6, 61, 16, 33, 7, 57, 34, 12, 67, 10, 98, 56, 88, 29, 25, 91, 38, 19, 92, 43, 84, 51, 72, 81, 8, 2, 55, 0, 62, 89, 94]|[2, 1, 2, 1, 1, 2, 1, 1, 1, 1, 1, 0, 2, 2, 1, 2, 0, 0, 0, 2, 2, 1, 0, 2, 0, 2, 2, 1, 0, 1, 1, 1, 0, 0, 1, 0, 2, 1, 2, 2, 0, 0, 1, 1, 0, 2, 0, 2, 1, 0, 0, 2, 0, 0, 2, 0, 1, 1, 0, 0, 2, 1, 0, 2, 2, 0, 2, 2, 0, 1, 1, 2, 1, 2, 0, 1, 1, 1, 1, 2, 2, 1, 1, 1, 1, 0, 1, 0, 1, 0, 1, 1, 1, 0, 2, 0, 0, 1, 1, 2]|[0, 3, 0, 2, 4, 1, 4, 4, 2, 4, 3, 2, 1, 0, 2, 1, 1, 1, 2, 1, 1, 3, 0, 1, 0, 1, 1, 4, 1, 4, 3, 2, 2, 0, 4, 1, 1, 4, 0, 1, 2, 1, 4, 4, 1, 1, 0, 2, 3, 1, 2, 1, 2, 1, 1, 2, 4, 3, 0, 2, 2, 3, 1, 0, 1, 2, 0, 1, 2, 4, 3, 1, 4, 1, 2, 4, 3, 3, 3, 1, 1, 4, 3, 4, 3, 2, 4, 2, 4, 2, 3, 4, 1, 2, 1, 2, 2, 3, 4, 1]|[0, 2, 0, 1, 3, 0, 1, 3, 0, 0, 2, 0, 1, 0, 1, 0, 0, 0, 1, 0, 0, 2, 0, 0, 1, 0, 0, 3, 0, 1, 0, 2, 0, 1, 3, 0, 1, 3, 0, 0, 0, 0, 1, 3, 0, 0, 1, 0, 2, 0, 0, 0, 0, 0, 1, 0, 1, 0, 1, 1, 0, 2, 0, 0, 0, 0, 0, 0, 0, 2, 0, 0, 1, 0, 0, 1, 0, 0, 3, 0, 0, 1, 0, 3, 0, 0, 3, 0, 2, 0, 0, 2, 1, 0, 0, 0, 0, 0, 1, 0],855.0393744413956,51684.66824914086,111484.00316030454,false
20,G2_TEC,G2_TEC,[31, 22, 82, 15, 26, 9, 95, 42, 77, 68, 47, 5, 93, 78, 86, 54, 85, 63, 18, 44, 20, 49, 36, 14, 74, 50, 53, 17, 21, 28, 71, 64, 3, 23, 30, 83, 24, 41, 40, 52, 65, 27, 90, 70, 39, 87, 48, 69, 99, 4, 46, 1, 13, 58, 97, 59, 45, 8, 73, 37, 35, 79, 11, 66, 76, 32, 60, 80, 96, 6, 16, 61, 19, 7, 57, 34, 12, 67, 10, 98, 56, 88, 29, 75, 91, 38, 33, 92, 2, 84, 51, 72, 81, 25, 43, 55, 62, 89, 94, 0]|[2, 1, 2, 1, 1, 2, 1, 1, 1, 1, 1, 0, 2, 2, 1, 2, 0, 0, 0, 2, 2, 1, 0, 2, 0, 2, 2, 1, 0, 1, 1, 1, 0, 0, 1, 0, 2, 1, 2, 2, 0, 0, 1, 1, 0, 2, 0, 2, 1, 0, 0, 2, 0, 0, 2, 0, 1, 1, 0, 0, 2, 1, 0, 2, 2, 0, 2, 2, 0, 1, 2, 1, 1, 2, 0, 1, 1, 1, 1, 2, 2, 1, 1, 0, 1, 0, 1, 0, 2, 0, 1, 1, 1, 1, 1, 0, 1, 1, 2, 0]|[0, 3, 0, 3, 4, 1, 4, 4, 2, 4, 3, 2, 1, 0, 2, 1, 1, 1, 2, 1, 1, 3, 0, 1, 0, 1, 1, 4, 1, 4, 3, 2, 2, 0, 4, 1, 1, 4, 0, 1, 2, 1, 4, 4, 1, 1, 0, 2, 3, 1, 2, 1, 2, 1, 1, 2, 4, 3, 0, 2, 2, 3, 1, 0, 1, 2, 0, 1, 2, 4, 1, 3, 4, 1, 2, 4, 3, 3, 3, 1, 1, 4, 3, 2, 3, 2, 4, 2, 1, 2, 3, 4, 4, 4, 4, 2, 3, 4, 1, 2]|[0, 2, 0, 0, 3, 0, 1, 3, 0, 0, 2, 0, 1, 0, 1, 0, 0, 0, 1, 0, 0, 2, 0, 0, 1, 0, 0, 3, 0, 1, 0, 2, 0, 0, 3, 0, 1, 3, 0, 0, 0, 0, 1, 3, 0, 0, 1, 0, 2, 0, 0, 0, 0, 0, 1, 0, 1, 0, 1, 1, 0, 2, 0, 0, 0, 0, 0, 0, 0, 2, 0, 0, 1, 0, 0, 1, 0, 0, 3, 0, 0, 1, 0, 0, 0, 0, 1, 0, 0, 0, 0, 2, 1, 3, 2, 0, 0, 1, 0, 0],890.9074744783937,50673.96227735626,113466.60083846681,false
20,G3_TWC,G1_CMAX,[31, 22, 82, 15, 26, 9, 42, 95, 77, 12, 47, 5, 93, 78, 86, 54, 85, 63, 18, 44, 20, 35, 43, 97, 91, 76, 10, 30, 21, 45, 71, 64, 1, 23, 17, 83, 24, 14, 60, 36, 6, 57, 94, 88, 65, 56, 79, 40, 67, 68, 46, 75, 38, 58, 19, 32, 81, 41, 27, 62, 87, 90, 99, 59, 11, 16, 72, 73, 69, 39, 37, 84, 3, 92, 25, 55, 28, 29, 51, 7, 33, 61, 98, 66, 89, 50, 8, 96, 53, 80, 4, 48, 34, 2, 52, 13, 0, 70, 49, 74]|[1, 1, 0, 1, 1, 1, 2, 1, 2, 1, 2, 2, 2, 1, 1, 0, 0, 1, 0, 2, 2, 0, 1, 2, 0, 1, 2, 2, 0, 0, 1, 2, 1, 2, 1, 0, 2, 0, 1, 1, 0, 1, 1, 1, 0, 2, 1, 1, 0, 0, 0, 0, 1, 1, 2, 1, 2, 0, 0, 0, 2, 1, 0, 1, 2, 1, 2, 1, 1, 1, 1, 1, 1, 0, 1, 2, 0, 0, 0, 1, 2, 1, 0, 2, 1, 0, 1, 0, 0, 0, 0, 0, 2, 0, 1, 0, 0, 1, 0, 2]|[4, 3, 2, 2, 0, 0, 2, 2, 2, 4, 1, 1, 2, 4, 4, 1, 2, 4, 2, 1, 1, 1, 1, 2, 1, 2, 1, 1, 1, 1, 3, 2, 3, 0, 4, 0, 1, 1, 0, 3, 2, 2, 2, 0, 1, 1, 0, 4, 0, 1, 2, 2, 1, 4, 0, 3, 2, 1, 1, 2, 1, 3, 1, 1, 1, 3, 0, 4, 3, 1, 4, 1, 1, 0, 4, 1, 2, 1, 1, 3, 1, 3, 1, 1, 1, 1, 3, 1, 2, 1, 2, 1, 1, 2, 1, 2, 2, 3, 1, 1]|[0, 2, 1, 1, 3, 3, 0, 1, 0, 0, 0, 0, 1, 0, 1, 0, 0, 3, 1, 0, 0, 0, 3, 1, 0, 2, 0, 0, 0, 1, 0, 0, 0, 0, 3, 0, 1, 0, 0, 2, 1, 1, 1, 0, 0, 0, 0, 2, 1, 0, 0, 0, 1, 3, 0, 0, 1, 0, 0, 1, 0, 2, 0, 1, 0, 2, 1, 0, 0, 1, 1, 3, 1, 1, 3, 0, 1, 0, 0, 2, 0, 0, 0, 0, 1, 0, 2, 0, 1, 0, 1, 0, 0, 0, 1, 0, 0, 0, 1, 0],801.427594812029,57868.49349465401,91455.85780813712,true
20,G1_CMAX,G3_TWC,[31, 22, 82, 15, 26, 58, 95, 42, 77, 12, 47, 5, 93, 78, 98, 54, 85, 63, 18, 44, 20, 35, 43, 57, 91, 76, 10, 30, 21, 45, 71, 64, 1, 23, 17, 83, 24, 14, 60, 36, 6, 97, 94, 88, 65, 56, 79, 40, 67, 68, 46, 75, 38, 9, 19, 32, 81, 41, 27, 62, 87, 90, 99, 59, 11, 16, 72, 73, 69, 39, 37, 84, 3, 92, 25, 55, 28, 29, 51, 7, 33, 61, 86, 48, 89, 50, 8, 96, 80, 53, 66, 4, 34, 2, 52, 0, 13, 70, 49, 74]|[1, 1, 0, 1, 1, 1, 2, 1, 2, 1, 2, 2, 2, 1, 1, 0, 0, 1, 0, 2, 2, 0, 1, 2, 0, 1, 2, 2, 0, 0, 1, 2, 1, 2, 1, 0, 2, 0, 1, 1, 0, 1, 1, 1, 0, 2, 1, 1, 0, 0, 0, 0, 1, 1, 2, 1, 2, 0, 0, 0, 2, 1, 0, 1, 2, 1, 2, 1, 1, 1, 1, 1, 1, 0, 1, 2, 0, 0, 0, 1, 2, 1, 0, 2, 1, 0, 1, 0, 0, 0, 2, 0, 2, 0, 1, 0, 0, 1, 0, 2]|[4, 3, 2, 2, 4, 0, 2, 2, 2, 4, 1, 1, 2, 4, 4, 1, 2, 4, 2, 1, 1, 1, 1, 2, 1, 2, 1, 1, 1, 1, 3, 2, 3, 0, 4, 0, 1, 1, 0, 3, 2, 2, 2, 0, 1, 1, 0, 4, 0, 1, 2, 2, 1, 4, 0, 3, 2, 1, 1, 2, 1, 3, 1, 1, 1, 3, 0, 4, 3, 1, 4, 1, 1, 2, 4, 1, 2, 1, 1, 1, 1, 3, 1, 1, 1, 1, 3, 1, 1, 2, 1, 2, 1, 2, 1, 2, 2, 3, 1, 1]|[0, 2, 1, 1, 3, 3, 0, 1, 0, 0, 0, 0, 1, 0, 1, 0, 0, 3, 1, 0, 0, 0, 3, 1, 0, 2, 0, 0, 0, 1, 0, 0, 0, 0, 3, 0, 1, 0, 0, 2, 1, 1, 1, 0, 0, 0, 0, 2, 1, 0, 0, 0, 1, 3, 0, 0, 1, 0, 0, 1, 0, 2, 0, 1, 0, 2, 1, 0, 0, 1, 1, 3, 1, 1, 3, 0, 1, 0, 0, 2, 0, 0, 0, 0, 1, 0, 2, 0, 0, 1, 0, 1, 0, 0, 1, 0, 0, 0, 1, 0],778.5063074256296,57662.43399212064,92577.3517954991,true
20,G4_BALANCED,G3_TWC,[31, 22, 82, 15, 26, 9, 42, 95, 77, 12, 47, 5, 93, 78, 86, 54, 85, 63, 18, 44, 20, 35, 43, 97, 91, 76, 10, 30, 21, 45, 71, 64, 1, 23, 17, 83, 24, 14, 60, 36, 6, 57, 94, 88, 65, 56, 79, 40, 67, 68, 46, 75, 38, 58, 19, 32, 81, 41, 27, 62, 87, 90, 99, 59, 11, 16, 72, 73, 69, 39, 37, 84, 3, 92, 25, 55, 28, 29, 51, 50, 66, 61, 98, 48, 89, 7, 8, 96, 80, 53, 33, 4, 34, 2, 52, 0, 13, 70, 49, 74]|[1, 1, 0, 1, 1, 1, 2, 1, 2, 1, 2, 2, 2, 1, 1, 0, 0, 1, 0, 2, 2, 0, 1, 2, 0, 1, 2, 2, 0, 0, 1, 2, 1, 2, 1, 0, 2, 0, 1, 1, 0, 1, 1, 1, 0, 2, 1, 1, 0, 0, 0, 0, 1, 1, 2, 1, 2, 0, 0, 0, 2, 1, 0, 1, 2, 1, 2, 1, 1, 1, 1, 1, 1, 0, 1, 2, 0, 0, 0, 0, 2, 1, 0, 0, 1, 1, 0, 2, 0, 0, 2, 0, 2, 0, 1, 0, 0, 1, 0, 2]|[4, 3, 2, 2, 0, 0, 2, 2, 2, 4, 1, 1, 2, 4, 4, 1, 2, 4, 2, 1, 1, 1, 1, 2, 1, 2, 1, 1, 1, 1, 3, 2, 3, 0, 4, 0, 1, 1, 0, 3, 2, 2, 2, 0, 1, 1, 0, 4, 0, 1, 2, 2, 1, 4, 0, 3, 2, 1, 1, 2, 1, 3, 1, 1, 1, 3, 0, 4, 3, 1, 4, 1, 1, 2, 4, 1, 2, 1, 1, 1, 1, 3, 1, 1, 1, 3, 1, 1, 1, 2, 1, 2, 1, 2, 1, 2, 2, 4, 1, 1]|[0, 2, 1, 1, 3, 3, 0, 1, 0, 0, 0, 0, 1, 0, 1, 0, 0, 3, 1, 0, 0, 0, 3, 1, 0, 2, 0, 0, 0, 1, 0, 0, 0, 0, 3, 0, 1, 0, 0, 2, 1, 1, 1, 0, 0, 0, 0, 2, 1, 0, 0, 0, 1, 3, 0, 0, 1, 0, 0, 1, 0, 2, 0, 1, 0, 2, 1, 0, 0, 1, 1, 3, 1, 1, 3, 0, 1, 0, 0, 0, 0, 0, 0, 0, 1, 2, 0, 0, 0, 1, 0, 1, 0, 0, 1, 0, 0, 2, 1, 0],789.4132763389318,58197.74223024705,90639.8549565553,true
20,G2_TEC,G2_TEC,[31, 22, 82, 15, 26, 9, 95, 42, 77, 68, 47, 5, 93, 78, 86, 54, 85, 63, 18, 44, 20, 49, 36, 14, 74, 50, 53, 17, 21, 28, 71, 64, 3, 23, 30, 83, 24, 41, 40, 52, 65, 27, 90, 70, 39, 87, 48, 69, 99, 4, 46, 1, 13, 58, 97, 59, 45, 8, 73, 37, 35, 79, 11, 66, 76, 32, 60, 80, 96, 6, 16, 61, 19, 7, 57, 34, 12, 67, 10, 98, 56, 88, 29, 75, 91, 38, 33, 92, 2, 84, 51, 72, 81, 25, 43, 55, 62, 89, 94, 0]|[2, 1, 2, 1, 1, 2, 1, 1, 1, 1, 1, 0, 2, 2, 1, 2, 0, 0, 0, 2, 2, 1, 0, 2, 0, 2, 2, 1, 0, 1, 1, 1, 0, 0, 1, 0, 2, 1, 2, 2, 0, 0, 1, 1, 0, 2, 0, 2, 1, 0, 0, 2, 0, 0, 2, 0, 1, 1, 0, 0, 2, 1, 0, 2, 2, 0, 2, 2, 0, 1, 2, 1, 1, 2, 0, 1, 1, 1, 1, 2, 2, 1, 1, 0, 1, 0, 1, 0, 2, 0, 1, 1, 1, 1, 1, 0, 1, 1, 2, 0]|[0, 3, 0, 3, 4, 1, 4, 4, 2, 4, 3, 2, 1, 0, 2, 1, 1, 1, 2, 1, 1, 3, 0, 1, 0, 1, 1, 4, 1, 4, 3, 2, 2, 0, 4, 1, 1, 4, 0, 1, 2, 1, 4, 4, 1, 1, 0, 2, 3, 1, 2, 1, 2, 1, 1, 2, 4, 3, 0, 2, 2, 3, 1, 0, 1, 2, 0, 1, 2, 4, 1, 3, 4, 1, 2, 4, 3, 3, 3, 1, 1, 4, 3, 2, 3, 2, 4, 2, 1, 2, 3, 4, 4, 4, 4, 2, 3, 4, 1, 2]|[0, 2, 0, 0, 3, 0, 1, 3, 0, 0, 2, 0, 1, 0, 1, 0, 0, 0, 1, 0, 0, 2, 0, 0, 1, 0, 0, 3, 0, 1, 0, 2, 0, 0, 3, 0, 1, 3, 0, 0, 0, 0, 1, 3, 0, 0, 1, 0, 2, 0, 0, 0, 0, 0, 1, 0, 1, 0, 1, 1, 0, 2, 0, 0, 0, 0, 0, 0, 0, 2, 0, 0, 1, 0, 0, 1, 0, 0, 3, 0, 0, 1, 0, 0, 0, 0, 1, 0, 0, 0, 0, 2, 1, 3, 2, 0, 0, 1, 0, 0],890.9074744783937,50673.96227735626,113466.60083846681,false
20,G3_TWC,G1_CMAX,[31, 22, 82, 15, 26, 9, 42, 95, 77, 12, 47, 5, 93, 78, 86, 54, 85, 63, 18, 44, 20, 35, 43, 97, 91, 76, 10, 30, 21, 45, 71, 64, 1, 23, 17, 83, 24, 14, 60, 36, 6, 57, 94, 88, 65, 56, 79, 40, 67, 68, 46, 75, 38, 58, 19, 32, 81, 41, 27, 62, 87, 90, 99, 59, 11, 16, 72, 73, 69, 39, 37, 84, 3, 92, 25, 55, 28, 29, 51, 7, 33, 61, 98, 66, 89, 50, 8, 96, 53, 80, 4, 48, 34, 2, 52, 13, 0, 70, 49, 74]|[1, 1, 0, 1, 1, 1, 2, 1, 2, 1, 2, 2, 2, 1, 1, 0, 0, 1, 0, 2, 2, 0, 1, 2, 0, 1, 2, 2, 0, 0, 1, 2, 1, 2, 1, 0, 2, 0, 1, 1, 0, 1, 1, 1, 0, 2, 1, 1, 0, 0, 0, 0, 1, 1, 2, 1, 2, 0, 0, 0, 2, 1, 0, 1, 2, 1, 2, 1, 1, 1, 1, 1, 1, 0, 1, 2, 0, 0, 0, 1, 2, 1, 0, 2, 1, 0, 1, 0, 0, 0, 0, 0, 2, 0, 1, 0, 0, 1, 0, 2]|[4, 3, 2, 2, 0, 0, 2, 2, 2, 4, 1, 1, 2, 4, 4, 1, 2, 4, 2, 1, 1, 1, 1, 2, 1, 2, 1, 1, 1, 1, 3, 2, 3, 0, 4, 0, 1, 1, 0, 3, 2, 2, 2, 0, 1, 1, 0, 4, 0, 1, 2, 2, 1, 4, 0, 3, 2, 1, 1, 2, 1, 3, 1, 1, 1, 3, 0, 4, 3, 1, 4, 1, 1, 0, 4, 1, 2, 1, 1, 3, 1, 3, 1, 1, 1, 1, 3, 1, 2, 1, 2, 1, 1, 2, 1, 2, 2, 3, 1, 1]|[0, 2, 1, 1, 3, 3, 0, 1, 0, 0, 0, 0, 1, 0, 1, 0, 0, 3, 1, 0, 0, 0, 3, 1, 0, 2, 0, 0, 0, 1, 0, 0, 0, 0, 3, 0, 1, 0, 0, 2, 1, 1, 1, 0, 0, 0, 0, 2, 1, 0, 0, 0, 1, 3, 0, 0, 1, 0, 0, 1, 0, 2, 0, 1, 0, 2, 1, 0, 0, 1, 1, 3, 1, 1, 3, 0, 1, 0, 0, 2, 0, 0, 0, 0, 1, 0, 2, 0, 1, 0, 1, 0, 0, 0, 1, 0, 0, 0, 1, 0],801.427594812029,57868.49349465401,91455.85780813712,true
20,G1_CMAX,G4_BALANCED,[31, 22, 82, 15, 26, 58, 95, 42, 77, 12, 47, 5, 93, 78, 86, 54, 85, 63, 18, 72, 20, 35, 43, 97, 91, 76, 10, 30, 21, 45, 71, 64, 1, 23, 17, 83, 24, 14, 60, 36, 6, 57, 40, 88, 65, 56, 79, 94, 67, 68, 46, 75, 38, 9, 19, 32, 81, 41, 27, 62, 87, 90, 99, 59, 11, 16, 44, 73, 70, 39, 37, 84, 3, 53, 25, 34, 28, 29, 51, 7, 98, 61, 66, 48, 89, 50, 4, 96, 92, 80, 8, 33, 55, 2, 52, 13, 0, 69, 74, 49]|[1, 1, 0, 1, 1, 0, 1, 2, 2, 1, 2, 2, 2, 1, 1, 0, 0, 1, 0, 2, 2, 0, 1, 2, 0, 1, 2, 2, 0, 0, 1, 2, 1, 2, 1, 0, 2, 0, 1, 1, 0, 1, 1, 1, 0, 2, 1, 1, 0, 0, 0, 0, 1, 1, 2, 1, 2, 0, 0, 0, 2, 1, 0, 1, 2, 1, 2, 1, 1, 1, 1, 1, 1, 0, 1, 2, 2, 0, 0, 1, 2, 1, 2, 0, 1, 0, 1, 2, 0, 0, 1, 2, 1, 0, 1, 0, 0, 1, 2, 0]|[4, 3, 2, 2, 4, 1, 2, 2, 2, 4, 1, 1, 2, 4, 4, 1, 2, 4, 2, 1, 1, 1, 1, 2, 1, 2, 1, 1, 1, 1, 3, 2, 3, 1, 4, 0, 1, 1, 0, 3, 2, 2, 2, 0, 1, 1, 0, 4, 0, 1, 2, 2, 1, 4, 0, 3, 2, 1, 1, 2, 1, 3, 1, 1, 1, 3, 1, 4, 3, 1, 4, 1, 1, 2, 4, 1, 2, 1, 1, 1, 1, 3, 1, 1, 1, 1, 4, 1, 0, 1, 3, 1, 3, 2, 1, 2, 2, 4, 1, 1]|[0, 2, 1, 1, 3, 0, 1, 0, 0, 0, 0, 0, 1, 0, 1, 0, 0, 3, 1, 0, 0, 0, 3, 1, 0, 2, 0, 0, 0, 1, 0, 0, 0, 0, 3, 0, 1, 0, 0, 2, 1, 1, 1, 0, 0, 0, 0, 2, 1, 0, 0, 0, 1, 3, 0, 0, 1, 0, 0, 1, 0, 2, 0, 1, 0, 2, 0, 0, 0, 1, 1, 3, 1, 1, 3, 0, 1, 0, 0, 2, 0, 0, 0, 0, 1, 0, 0, 0, 1, 0, 2, 0, 0, 0, 1, 0, 0, 2, 0, 1],754.7044242578055,56428.620226615225,96878.11076790716,true
20,G4_BALANCED,G4_BALANCED,[31, 22, 82, 15, 26, 58, 95, 42, 77, 12, 47, 5, 93, 78, 86, 54, 85, 63, 18, 44, 20, 35, 43, 97, 66, 76, 79, 30, 21, 45, 71, 64, 1, 23, 17, 83, 24, 14, 60, 36, 6, 57, 40, 88, 65, 56, 10, 94, 51, 68, 46, 75, 38, 9, 19, 32, 81, 41, 27, 62, 87, 90, 99, 59, 11, 16, 72, 73, 70, 39, 37, 84, 3, 92, 25, 34, 28, 29, 67, 7, 33, 61, 98, 48, 89, 50, 4, 96, 53, 80, 8, 91, 55, 2, 52, 13, 0, 69, 74, 49]|[1, 1, 0, 1, 1, 0, 1, 2, 2, 1, 2, 2, 2, 1, 1, 0, 0, 1, 0, 2, 2, 0, 1, 2, 0, 1, 2, 2, 0, 0, 1, 2, 1, 2, 1, 0, 2, 0, 1, 1, 0, 1, 1, 1, 0, 2, 2, 1, 0, 0, 0, 0, 1, 1, 2, 1, 2, 0, 0, 0, 2, 1, 0, 1, 2, 1, 2, 1, 1, 1, 1, 1, 1, 0, 1, 2, 0, 0, 0, 1, 2, 1, 2, 0, 1, 0, 1, 2, 0, 0, 0, 2, 2, 0, 1, 0, 0, 1, 2, 0]|[4, 3, 2, 2, 4, 1, 2, 2, 2, 4, 1, 1, 2, 4, 4, 1, 2, 4, 2, 1, 1, 1, 1, 2, 1, 2, 1, 1, 1, 1, 3, 2, 3, 1, 4, 0, 1, 1, 0, 3, 2, 2, 2, 0, 1, 1, 1, 4, 0, 1, 2, 2, 1, 4, 0, 3, 2, 1, 1, 2, 1, 3, 1, 1, 1, 3, 0, 4, 3, 1, 4, 1, 1, 0, 4, 1, 2, 1, 1, 1, 1, 3, 1, 1, 1, 1, 4, 1, 2, 1, 1, 1, 1, 2, 1, 2, 2, 4, 1, 1]|[0, 2, 1, 1, 3, 0, 1, 0, 0, 0, 0, 0, 1, 0, 1, 0, 0, 3, 1, 0, 0, 0, 3, 1, 0, 2, 0, 0, 0, 1, 0, 0, 0, 0, 3, 0, 1, 0, 0, 2, 1, 1, 1, 0, 0, 0, 0, 2, 1, 0, 0, 0, 1, 3, 0, 0, 1, 0, 0, 1, 0, 2, 0, 1, 0, 2, 1, 0, 0, 1, 1, 3, 1, 1, 3, 0, 1, 0, 0, 2, 0, 0, 0, 0, 1, 0, 0, 0, 1, 0, 0, 0, 0, 0, 1, 0, 0, 2, 0, 1],777.1078796202921,56064.70272036895,94627.71072912935,false
20,G2_TEC,G2_TEC,[31, 22, 82, 15, 26, 9, 95, 42, 77, 68, 47, 5, 93, 78, 86, 54, 85, 63, 18, 44, 20, 49, 36, 14, 74, 50, 53, 17, 21, 28, 71, 64, 3, 23, 30, 83, 24, 41, 40, 52, 65, 27, 90, 70, 39, 87, 48, 69, 99, 4, 46, 1, 13, 58, 97, 59, 45, 8, 73, 37, 35, 79, 11, 66, 76, 32, 60, 80, 96, 6, 16, 61, 19, 7, 57, 34, 12, 67, 10, 98, 56, 88, 29, 75, 91, 38, 33, 92, 2, 84, 51, 72, 81, 25, 43, 55, 62, 89, 94, 0]|[2, 1, 2, 1, 1, 2, 1, 1, 1, 1, 1, 0, 2, 2, 1, 2, 0, 0, 0, 2, 2, 1, 0, 2, 0, 2, 2, 1, 0, 1, 1, 1, 0, 0, 1, 0, 2, 1, 2, 2, 0, 0, 1, 1, 0, 2, 0, 2, 1, 0, 0, 2, 0, 0, 2, 0, 1, 1, 0, 0, 2, 1, 0, 2, 2, 0, 2, 2, 0, 1, 2, 1, 1, 2, 0, 1, 1, 1, 1, 2, 2, 1, 1, 0, 1, 0, 1, 0, 2, 0, 1, 1, 1, 1, 1, 0, 1, 1, 2, 0]|[0, 3, 0, 3, 4, 1, 4, 4, 2, 4, 3, 2, 1, 0, 2, 1, 1, 1, 2, 1, 1, 3, 0, 1, 0, 1, 1, 4, 1, 4, 3, 2, 2, 0, 4, 1, 1, 4, 0, 1, 2, 1, 4, 4, 1, 1, 0, 2, 3, 1, 2, 1, 2, 1, 1, 2, 4, 3, 0, 2, 2, 3, 1, 0, 1, 2, 0, 1, 2, 4, 1, 3, 4, 1, 2, 4, 3, 3, 3, 1, 1, 4, 3, 2, 3, 2, 4, 2, 1, 2, 3, 4, 4, 4, 4, 2, 3, 4, 1, 2]|[0, 2, 0, 0, 3, 0, 1, 3, 0, 0, 2, 0, 1, 0, 1, 0, 0, 0, 1, 0, 0, 2, 0, 0, 1, 0, 0, 3, 0, 1, 0, 2, 0, 0, 3, 0, 1, 3, 0, 0, 0, 0, 1, 3, 0, 0, 1, 0, 2, 0, 0, 0, 0, 0, 1, 0, 1, 0, 1, 1, 0, 2, 0, 0, 0, 0, 0, 0, 0, 2, 0, 0, 1, 0, 0, 1, 0, 0, 3, 0, 0, 1, 0, 0, 0, 0, 1, 0, 0, 0, 0, 2, 1, 3, 2, 0, 0, 1, 0, 0],890.9074744783937,50673.96227735626,113466.60083846681,false
20,G3_TWC,G1_CMAX,[31, 22, 82, 15, 26, 9, 42, 95, 77, 12, 47, 5, 93, 78, 86, 54, 85, 63, 18, 44, 20, 35, 43, 97, 91, 76, 10, 30, 21, 45, 71, 64, 1, 23, 17, 83, 24, 14, 60, 36, 6, 57, 94, 88, 65, 56, 79, 40, 67, 68, 46, 75, 38, 58, 19, 32, 81, 41, 27, 62, 87, 90, 99, 59, 11, 16, 72, 73, 69, 39, 37, 84, 3, 92, 25, 55, 28, 29, 51, 7, 33, 61, 98, 66, 89, 50, 8, 96, 53, 80, 4, 48, 34, 2, 52, 13, 0, 70, 49, 74]|[1, 1, 0, 1, 1, 1, 2, 1, 2, 1, 2, 2, 2, 1, 1, 0, 0, 1, 0, 2, 2, 0, 1, 2, 0, 1, 2, 2, 0, 0, 1, 2, 1, 2, 1, 0, 2, 0, 1, 1, 0, 1, 1, 1, 0, 2, 1, 1, 0, 0, 0, 0, 1, 1, 2, 1, 2, 0, 0, 0, 2, 1, 0, 1, 2, 1, 2, 1, 1, 1, 1, 1, 1, 0, 1, 2, 0, 0, 0, 1, 2, 1, 0, 2, 1, 0, 1, 0, 0, 0, 0, 0, 2, 0, 1, 0, 0, 1, 0, 2]|[4, 3, 2, 2, 0, 0, 2, 2, 2, 4, 1, 1, 2, 4, 4, 1, 2, 4, 2, 1, 1, 1, 1, 2, 1, 2, 1, 1, 1, 1, 3, 2, 3, 0, 4, 0, 1, 1, 0, 3, 2, 2, 2, 0, 1, 1, 0, 4, 0, 1, 2, 2, 1, 4, 0, 3, 2, 1, 1, 2, 1, 3, 1, 1, 1, 3, 0, 4, 3, 1, 4, 1, 1, 0, 4, 1, 2, 1, 1, 3, 1, 3, 1, 1, 1, 1, 3, 1, 2, 1, 2, 1, 1, 2, 1, 2, 2, 3, 1, 1]|[0, 2, 1, 1, 3, 3, 0, 1, 0, 0, 0, 0, 1, 0, 1, 0, 0, 3, 1, 0, 0, 0, 3, 1, 0, 2, 0, 0, 0, 1, 0, 0, 0, 0, 3, 0, 1, 0, 0, 2, 1, 1, 1, 0, 0, 0, 0, 2, 1, 0, 0, 0, 1, 3, 0, 0, 1, 0, 0, 1, 0, 2, 0, 1, 0, 2, 1, 0, 0, 1, 1, 3, 1, 1, 3, 0, 1, 0, 0, 2, 0, 0, 0, 0, 1, 0, 2, 0, 1, 0, 1, 0, 0, 0, 1, 0, 0, 0, 1, 0],801.427594812029,57868.49349465401,91455.85780813712,true
20,G1_CMAX,G2_TEC,[31, 22, 82, 15, 26, 9, 95, 42, 77, 68, 47, 5, 93, 78, 86, 54, 85, 63, 18, 44, 20, 49, 36, 14, 74, 50, 53, 25, 21, 28, 71, 64, 3, 23, 30, 83, 24, 41, 60, 52, 65, 27, 90, 70, 39, 87, 48, 69, 99, 4, 46, 1, 13, 58, 97, 11, 45, 8, 73, 37, 35, 79, 59, 66, 76, 32, 40, 80, 96, 6, 16, 61, 33, 7, 57, 34, 12, 67, 10, 98, 56, 88, 29, 75, 91, 38, 19, 92, 43, 84, 51, 72, 81, 17, 2, 55, 0, 89, 94, 62]|[2, 1, 2, 1, 1, 2, 1, 1, 1, 1, 1, 0, 2, 2, 1, 2, 0, 0, 0, 2, 2, 1, 0, 2, 0, 2, 2, 1, 0, 1, 1, 1, 0, 0, 1, 0, 2, 1, 2, 2, 0, 0, 1, 1, 0, 2, 0, 2, 1, 0, 0, 2, 0, 0, 2, 0, 1, 1, 0, 0, 2, 1, 0, 2, 2, 0, 2, 2, 0, 1, 2, 1, 1, 2, 0, 1, 1, 1, 1, 2, 2, 1, 1, 0, 1, 0, 1, 0, 1, 0, 1, 1, 1, 1, 2, 0, 0, 1, 2, 1]|[0, 3, 0, 3, 4, 1, 4, 4, 2, 4, 3, 2, 1, 0, 2, 1, 1, 1, 2, 1, 1, 3, 0, 1, 0, 1, 1, 4, 1, 4, 3, 2, 2, 0, 4, 1, 1, 4, 0, 1, 2, 1, 4, 4, 1, 1, 0, 2, 3, 1, 2, 1, 2, 1, 1, 1, 4, 3, 0, 2, 2, 3, 2, 0, 1, 2, 0, 1, 2, 4, 1, 3, 4, 1, 2, 4, 3, 3, 3, 1, 1, 4, 3, 2, 3, 2, 4, 2, 4, 2, 3, 4, 4, 4, 1, 2, 2, 4, 1, 3]|[0, 2, 0, 0, 3, 0, 1, 3, 0, 0, 2, 0, 1, 0, 1, 0, 0, 0, 1, 0, 0, 2, 0, 0, 1, 0, 0, 3, 0, 1, 0, 2, 0, 0, 3, 0, 1, 3, 1, 0, 0, 0, 1, 3, 0, 0, 1, 0, 2, 0, 0, 0, 0, 0, 1, 0, 1, 0, 1, 1, 0, 2, 0, 0, 0, 0, 0, 0, 0, 2, 0, 0, 1, 0, 0, 1, 0, 0, 3, 0, 0, 1, 0, 0, 0, 0, 3, 0, 2, 0, 0, 2, 1, 3, 0, 0, 0, 1, 0, 0],884.0377521381993,51031.76418127506,109655.1898660938,true
20,G4_BALANCED,G3_TWC,[31, 22, 82, 15, 26, 9, 95, 42, 77, 12, 47, 5, 93, 78, 86, 54, 85, 63, 18, 44, 20, 35, 43, 97, 91, 76, 10, 30, 21, 45, 71, 64, 1, 23, 17, 83, 24, 14, 60, 36, 6, 57, 94, 88, 65, 56, 79, 40, 67, 68, 46, 75, 38, 58, 19, 32, 81, 41, 27, 62, 87, 90, 99, 59, 11, 16, 72, 73, 69, 39, 37, 84, 3, 92, 25, 55, 28, 29, 51, 50, 33, 61, 98, 66, 89, 7, 8, 96, 53, 80, 4, 48, 52, 2, 34, 0, 13, 70, 49, 74]|[1, 1, 0, 1, 1, 0, 1, 2, 2, 1, 2, 2, 2, 1, 1, 0, 0, 1, 0, 2, 2, 0, 1, 2, 0, 1, 2, 2, 0, 0, 1, 2, 1, 2, 1, 0, 2, 0, 1, 1, 0, 1, 1, 1, 0, 2, 1, 1, 0, 0, 0, 0, 1, 0, 2, 1, 2, 0, 0, 0, 2, 1, 0, 1, 2, 1, 2, 1, 1, 1, 1, 1, 1, 0, 1, 2, 0, 0, 0, 2, 2, 1, 2, 2, 1, 0, 0, 0, 0, 0, 0, 0, 1, 0, 2, 0, 0, 1, 0, 2]|[4, 3, 2, 2, 0, 1, 2, 2, 2, 4, 1, 1, 2, 4, 4, 1, 2, 4, 2, 1, 1, 1, 1, 2, 1, 2, 1, 1, 1, 1, 3, 2, 3, 0, 4, 0, 1, 1, 0, 3, 2, 2, 4, 0, 1, 1, 0, 4, 0, 1, 2, 2, 1, 1, 0, 3, 2, 1, 1, 0, 1, 3, 1, 1, 1, 3, 0, 4, 3, 1, 4, 1, 1, 2, 4, 1, 2, 1, 1, 1, 1, 3, 1, 1, 1, 1, 1, 1, 2, 1, 2, 1, 1, 2, 1, 2, 2, 4, 1, 1]|[0, 2, 1, 1, 3, 0, 1, 0, 0, 0, 0, 0, 1, 0, 1, 0, 0, 3, 1, 0, 0, 0, 3, 1, 0, 2, 0, 0, 0, 1, 0, 0, 0, 0, 3, 0, 1, 0, 0, 2, 1, 1, 2, 0, 0, 0, 0, 2, 1, 0, 0, 0, 1, 0, 0, 0, 1, 0, 0, 1, 0, 2, 0, 1, 0, 2, 1, 0, 0, 1, 1, 3, 1, 1, 3, 0, 1, 0, 0, 0, 0, 0, 0, 0, 1, 0, 0, 0, 1, 0, 1, 0, 1, 0, 0, 0, 0, 2, 1, 0],841.826982521661,57409.23028472718,92174.77804669758,true
20,G2_TEC,G2_TEC,[31, 22, 82, 15, 26, 9, 95, 42, 77, 68, 47, 5, 93, 78, 86, 54, 85, 63, 18, 44, 20, 49, 36, 14, 74, 50, 53, 17, 21, 28, 71, 64, 3, 23, 30, 83, 24, 41, 40, 52, 65, 27, 90, 70, 39, 87, 48, 69, 99, 4, 46, 1, 13, 58, 97, 59, 45, 8, 73, 37, 35, 79, 11, 66, 76, 32, 60, 80, 96, 6, 16, 61, 19, 7, 57, 34, 12, 67, 10, 98, 56, 88, 29, 75, 91, 38, 33, 92, 2, 84, 51, 72, 81, 25, 43, 55, 62, 89, 94, 0]|[2, 1, 2, 1, 1, 2, 1, 1, 1, 1, 1, 0, 2, 2, 1, 2, 0, 0, 0, 2, 2, 1, 0, 2, 0, 2, 2, 1, 0, 1, 1, 1, 0, 0, 1, 0, 2, 1, 2, 2, 0, 0, 1, 1, 0, 2, 0, 2, 1, 0, 0, 2, 0, 0, 2, 0, 1, 1, 0, 0, 2, 1, 0, 2, 2, 0, 2, 2, 0, 1, 2, 1, 1, 2, 0, 1, 1, 1, 1, 2, 2, 1, 1, 0, 1, 0, 1, 0, 2, 0, 1, 1, 1, 1, 1, 0, 1, 1, 2, 0]|[0, 3, 0, 3, 4, 1, 4, 4, 2, 4, 3, 2, 1, 0, 2, 1, 1, 1, 2, 1, 1, 3, 0, 1, 0, 1, 1, 4, 1, 4, 3, 2, 2, 0, 4, 1, 1, 4, 0, 1, 2, 1, 4, 4, 1, 1, 0, 2, 3, 1, 2, 1, 2, 1, 1, 2, 4, 3, 0, 2, 2, 3, 1, 0, 1, 2, 0, 1, 2, 4, 1, 3, 4, 1, 2, 4, 3, 3, 3, 1, 1, 4, 3, 2, 3, 2, 4, 2, 1, 2, 3, 4, 4, 4, 4, 2, 3, 4, 1, 2]|[0, 2, 0, 0, 3, 0, 1, 3, 0, 0, 2, 0, 1, 0, 1, 0, 0, 0, 1, 0, 0, 2, 0, 0, 1, 0, 0, 3, 0, 1, 0, 2, 0, 0, 3, 0, 1, 3, 0, 0, 0, 0, 1, 3, 0, 0, 1, 0, 2, 0, 0, 0, 0, 0, 1, 0, 1, 0, 1, 1, 0, 2, 0, 0, 0, 0, 0, 0, 0, 2, 0, 0, 1, 0, 0, 1, 0, 0, 3, 0, 0, 1, 0, 0, 0, 0, 1, 0, 0, 0, 0, 2, 1, 3, 2, 0, 0, 1, 0, 0],890.9074744783937,50673.96227735626,113466.60083846681,false
20,G3_TWC,G1_CMAX,[31, 22, 82, 15, 26, 9, 42, 95, 77, 12, 47, 5, 93, 78, 86, 54, 85, 63, 18, 44, 20, 35, 43, 97, 91, 76, 10, 30, 21, 45, 71, 64, 1, 23, 17, 83, 24, 14, 60, 36, 6, 57, 94, 88, 65, 56, 79, 40, 67, 68, 46, 75, 38, 58, 19, 32, 81, 41, 27, 62, 87, 90, 99, 59, 11, 16, 72, 73, 69, 39, 37, 84, 3, 92, 25, 55, 28, 29, 51, 7, 33, 61, 98, 66, 89, 50, 8, 96, 53, 80, 4, 48, 34, 2, 52, 13, 0, 70, 49, 74]|[1, 1, 0, 1, 1, 1, 2, 1, 2, 1, 2, 2, 2, 1, 1, 0, 0, 1, 0, 2, 2, 0, 1, 2, 0, 1, 2, 2, 0, 0, 1, 2, 1, 2, 1, 0, 2, 0, 1, 1, 0, 1, 1, 1, 0, 2, 1, 1, 0, 0, 0, 0, 1, 1, 2, 1, 2, 0, 0, 0, 2, 1, 0, 1, 2, 1, 2, 1, 1, 1, 1, 1, 1, 0, 1, 2, 0, 0, 0, 1, 2, 1, 0, 2, 1, 0, 1, 0, 0, 0, 0, 0, 2, 0, 1, 0, 0, 1, 0, 2]|[4, 3, 2, 2, 0, 0, 2, 2, 2, 4, 1, 1, 2, 4, 4, 1, 2, 4, 2, 1, 1, 1, 1, 2, 1, 2, 1, 1, 1, 1, 3, 2, 3, 0, 4, 0, 1, 1, 0, 3, 2, 2, 2, 0, 1, 1, 0, 4, 0, 1, 2, 2, 1, 4, 0, 3, 2, 1, 1, 2, 1, 3, 1, 1, 1, 3, 0, 4, 3, 1, 4, 1, 1, 0, 4, 1, 2, 1, 1, 3, 1, 3, 1, 1, 1, 1, 3, 1, 2, 1, 2, 1, 1, 2, 1, 2, 2, 3, 1, 1]|[0, 2, 1, 1, 3, 3, 0, 1, 0, 0, 0, 0, 1, 0, 1, 0, 0, 3, 1, 0, 0, 0, 3, 1, 0, 2, 0, 0, 0, 1, 0, 0, 0, 0, 3, 0, 1, 0, 0, 2, 1, 1, 1, 0, 0, 0, 0, 2, 1, 0, 0, 0, 1, 3, 0, 0, 1, 0, 0, 1, 0, 2, 0, 1, 0, 2, 1, 0, 0, 1, 1, 3, 1, 1, 3, 0, 1, 0, 0, 2, 0, 0, 0, 0, 1, 0, 2, 0, 1, 0, 1, 0, 0, 0, 1, 0, 0, 0, 1, 0],801.427594812029,57868.49349465401,91455.85780813712,true
20,G1_CMAX,G4_BALANCED,[31, 22, 82, 15, 26, 9, 42, 95, 77, 12, 47, 5, 93, 78, 86, 54, 85, 63, 18, 44, 20, 35, 43, 97, 91, 76, 10, 30, 21, 45, 71, 64, 1, 23, 17, 83, 24, 14, 60, 36, 6, 57, 94, 88, 65, 56, 79, 40, 67, 68, 46, 75, 38, 58, 19, 32, 81, 41, 27, 62, 87, 90, 99, 59, 11, 16, 72, 73, 69, 39, 37, 84, 3, 92, 25, 34, 28, 29, 51, 7, 66, 61, 98, 48, 89, 50, 4, 96, 80, 53, 33, 8, 55, 2, 52, 0, 13, 70, 49, 74]|[1, 1, 0, 1, 1, 1, 2, 1, 2, 1, 2, 2, 2, 1, 1, 0, 0, 1, 0, 2, 2, 0, 1, 2, 0, 1, 2, 2, 0, 0, 1, 2, 1, 2, 1, 0, 2, 0, 1, 1, 0, 1, 1, 1, 0, 2, 1, 1, 0, 0, 0, 0, 1, 1, 2, 1, 2, 0, 0, 0, 2, 1, 0, 1, 2, 1, 2, 1, 1, 1, 1, 1, 1, 0, 1, 2, 0, 0, 0, 1, 2, 1, 0, 0, 1, 0, 1, 2, 0, 0, 2, 1, 1, 0, 1, 0, 0, 1, 0, 2]|[4, 3, 2, 2, 0, 0, 2, 2, 2, 4, 1, 1, 2, 4, 4, 1, 2, 4, 2, 1, 1, 1, 1, 2, 1, 2, 1, 1, 1, 1, 3, 2, 3, 0, 4, 0, 1, 1, 0, 3, 2, 2, 2, 0, 1, 1, 0, 4, 0, 1, 2, 2, 1, 4, 0, 3, 2, 1, 1, 2, 1, 3, 1, 1, 1, 3, 0, 4, 3, 1, 4, 1, 1, 2, 4, 1, 2, 1, 1, 3, 1, 3, 1, 1, 1, 1, 4, 1, 1, 2, 1, 3, 4, 2, 1, 2, 2, 3, 1, 1]|[0, 2, 1, 1, 3, 3, 0, 1, 0, 0, 0, 0, 1, 0, 1, 0, 0, 3, 1, 0, 0, 0, 3, 1, 0, 2, 0, 0, 0, 1, 0, 0, 0, 0, 3, 0, 1, 0, 0, 2, 1, 1, 1, 0, 0, 0, 0, 2, 1, 0, 0, 0, 1, 3, 0, 0, 1, 0, 0, 1, 0, 2, 0, 1, 0, 2, 1, 0, 0, 1, 1, 3, 1, 1, 3, 0, 1, 0, 0, 2, 0, 0, 0, 0, 1, 0, 0, 0, 0, 1, 0, 2, 3, 0, 1, 0, 0, 0, 1, 0],768.826995997448,57708.72896320098,92080.41846085431,true
20,G4_BALANCED,G4_BALANCED,[31, 22, 82, 15, 26, 58, 95, 42, 77, 12, 47, 5, 93, 78, 86, 54, 85, 63, 18, 44, 20, 35, 43, 97, 66, 76, 10, 30, 21, 45, 71, 1, 23, 64, 17, 83, 80, 14, 60, 36, 6, 57, 40, 88, 65, 56, 79, 94, 67, 68, 46, 75, 38, 9, 19, 32, 81, 41, 53, 62, 87, 90, 99, 59, 11, 16, 72, 73, 70, 39, 37, 84, 3, 92, 25, 28, 29, 55, 51, 7, 98, 61, 91, 48, 89, 50, 4, 96, 27, 24, 8, 33, 34, 2, 52, 13, 0, 69, 74, 49]|[1, 1, 0, 1, 1, 0, 1, 2, 2, 1, 2, 2, 2, 1, 1, 0, 0, 1, 0, 2, 2, 0, 1, 2, 2, 1, 2, 2, 0, 0, 1, 1, 2, 2, 1, 0, 0, 0, 1, 1, 0, 1, 1, 1, 0, 2, 1, 1, 0, 0, 0, 0, 1, 1, 2, 1, 2, 0, 0, 0, 2, 1, 0, 1, 2, 1, 2, 1, 1, 1, 1, 1, 1, 0, 1, 0, 0, 2, 0, 1, 2, 1, 0, 0, 1, 0, 1, 2, 0, 2, 0, 2, 2, 0, 1, 0, 0, 1, 2, 0]|[4, 3, 2, 2, 4, 1, 2, 2, 2, 4, 1, 1, 2, 4, 4, 1, 2, 4, 2, 1, 1, 1, 1, 2, 1, 2, 1, 1, 1, 1, 3, 3, 1, 1, 4, 0, 1, 1, 0, 3, 2, 2, 2, 0, 1, 1, 0, 4, 0, 1, 2, 2, 1, 4, 0, 3, 2, 1, 1, 2, 1, 3, 1, 1, 1, 3, 0, 4, 3, 1, 4, 1, 1, 0, 4, 2, 1, 1, 1, 1, 1, 3, 1, 1, 1, 1, 4, 1, 2, 1, 2, 1, 1, 2, 1, 2, 2, 4, 1, 1]|[0, 2, 1, 1, 3, 0, 1, 0, 0, 0, 0, 0, 1, 0, 1, 0, 0, 3, 1, 0, 0, 0, 3, 1, 0, 2, 0, 0, 0, 1, 0, 0, 0, 0, 3, 0, 0, 0, 0, 2, 1, 1, 1, 0, 0, 0, 0, 2, 1, 0, 0, 0, 1, 3, 0, 0, 1, 0, 0, 1, 0, 2, 0, 1, 0, 2, 1, 0, 0, 1, 1, 3, 1, 1, 3, 1, 0, 0, 0, 2, 0, 0, 0, 0, 1, 0, 0, 0, 1, 1, 1, 0, 0, 0, 1, 0, 0, 2, 0, 1],758.863641245108,56323.8828778441,93552.32614179025,false
20,G2_TEC,G2_TEC,[31, 22, 82, 15, 26, 9, 95, 42, 77, 68, 47, 5, 93, 78, 86, 54, 85, 63, 18, 44, 20, 49, 36, 14, 74, 50, 53, 17, 21, 28, 71, 64, 3, 23, 30, 83, 24, 41, 40, 52, 65, 27, 90, 70, 39, 87, 48, 69, 99, 4, 46, 1, 13, 58, 97, 59, 45, 8, 73, 37, 35, 79, 11, 66, 76, 32, 60, 80, 96, 6, 16, 61, 19, 7, 57, 34, 12, 67, 10, 98, 56, 88, 29, 75, 91, 38, 33, 92, 2, 84, 51, 72, 81, 25, 43, 55, 62, 89, 94, 0]|[2, 1, 2, 1, 1, 2, 1, 1, 1, 1, 1, 0, 2, 2, 1, 2, 0, 0, 0, 2, 2, 1, 0, 2, 0, 2, 2, 1, 0, 1, 1, 1, 0, 0, 1, 0, 2, 1, 2, 2, 0, 0, 1, 1, 0, 2, 0, 2, 1, 0, 0, 2, 0, 0, 2, 0, 1, 1, 0, 0, 2, 1, 0, 2, 2, 0, 2, 2, 0, 1, 2, 1, 1, 2, 0, 1, 1, 1, 1, 2, 2, 1, 1, 0, 1, 0, 1, 0, 2, 0, 1, 1, 1, 1, 1, 0, 1, 1, 2, 0]|[0, 3, 0, 3, 4, 1, 4, 4, 2, 4, 3, 2, 1, 0, 2, 1, 1, 1, 2, 1, 1, 3, 0, 1, 0, 1, 1, 4, 1, 4, 3, 2, 2, 0, 4, 1, 1, 4, 0, 1, 2, 1, 4, 4, 1, 1, 0, 2, 3, 1, 2, 1, 2, 1, 1, 2, 4, 3, 0, 2, 2, 3, 1, 0, 1, 2, 0, 1, 2, 4, 1, 3, 4, 1, 2, 4, 3, 3, 3, 1, 1, 4, 3, 2, 3, 2, 4, 2, 1, 2, 3, 4, 4, 4, 4, 2, 3, 4, 1, 2]|[0, 2, 0, 0, 3, 0, 1, 3, 0, 0, 2, 0, 1, 0, 1, 0, 0, 0, 1, 0, 0, 2, 0, 0, 1, 0, 0, 3, 0, 1, 0, 2, 0, 0, 3, 0, 1, 3, 0, 0, 0, 0, 1, 3, 0, 0, 1, 0, 2, 0, 0, 0, 0, 0, 1, 0, 1, 0, 1, 1, 0, 2, 0, 0, 0, 0, 0, 0, 0, 2, 0, 0, 1, 0, 0, 1, 0, 0, 3, 0, 0, 1, 0, 0, 0, 0, 1, 0, 0, 0, 0, 2, 1, 3, 2, 0, 0, 1, 0, 0],890.9074744783937,50673.96227735626,113466.60083846681,false
20,G3_TWC,G1_CMAX,[31, 22, 82, 15, 26, 9, 42, 95, 77, 12, 47, 5, 93, 78, 86, 54, 85, 63, 18, 44, 20, 35, 43, 97, 91, 76, 10, 30, 21, 45, 71, 64, 1, 23, 17, 83, 24, 14, 60, 36, 6, 57, 94, 88, 65, 56, 79, 40, 67, 68, 46, 75, 38, 58, 19, 32, 81, 41, 27, 62, 87, 90, 99, 59, 11, 16, 72, 73, 69, 39, 37, 84, 3, 92, 25, 55, 28, 29, 51, 7, 33, 61, 98, 66, 89, 50, 8, 96, 53, 80, 4, 48, 34, 2, 52, 13, 0, 70, 49, 74]|[1, 1, 0, 1, 1, 1, 2, 1, 2, 1, 2, 2, 2, 1, 1, 0, 0, 1, 0, 2, 2, 0, 1, 2, 0, 1, 2, 2, 0, 0, 1, 2, 1, 2, 1, 0, 2, 0, 1, 1, 0, 1, 1, 1, 0, 2, 1, 1, 0, 0, 0, 0, 1, 1, 2, 1, 2, 0, 0, 0, 2, 1, 0, 1, 2, 1, 2, 1, 1, 1, 1, 1, 1, 0, 1, 2, 0, 0, 0, 1, 2, 1, 0, 2, 1, 0, 1, 0, 0, 0, 0, 0, 2, 0, 1, 0, 0, 1, 0, 2]|[4, 3, 2, 2, 0, 0, 2, 2, 2, 4, 1, 1, 2, 4, 4, 1, 2, 4, 2, 1, 1, 1, 1, 2, 1, 2, 1, 1, 1, 1, 3, 2, 3, 0, 4, 0, 1, 1, 0, 3, 2, 2, 2, 0, 1, 1, 0, 4, 0, 1, 2, 2, 1, 4, 0, 3, 2, 1, 1, 2, 1, 3, 1, 1, 1, 3, 0, 4, 3, 1, 4, 1, 1, 0, 4, 1, 2, 1, 1, 3, 1, 3, 1, 1, 1, 1, 3, 1, 2, 1, 2, 1, 1, 2, 1, 2, 2, 3, 1, 1]|[0, 2, 1, 1, 3, 3, 0, 1, 0, 0, 0, 0, 1, 0, 1, 0, 0, 3, 1, 0, 0, 0, 3, 1, 0, 2, 0, 0, 0, 1, 0, 0, 0, 0, 3, 0, 1, 0, 0, 2, 1, 1, 1, 0, 0, 0, 0, 2, 1, 0, 0, 0, 1, 3, 0, 0, 1, 0, 0, 1, 0, 2, 0, 1, 0, 2, 1, 0, 0, 1, 1, 3, 1, 1, 3, 0, 1, 0, 0, 2, 0, 0, 0, 0, 1, 0, 2, 0, 1, 0, 1, 0, 0, 0, 1, 0, 0, 0, 1, 0],801.427594812029,57868.49349465401,91455.85780813712,true
20,G1_CMAX,G4_BALANCED,[31, 22, 82, 15, 26, 58, 95, 77, 42, 12, 47, 5, 93, 78, 86, 54, 85, 63, 18, 44, 20, 35, 43, 97, 91, 76, 10, 30, 21, 45, 71, 64, 1, 23, 17, 83, 24, 14, 60, 36, 6, 57, 40, 88, 65, 56, 79, 94, 67, 68, 46, 75, 38, 9, 19, 32, 81, 41, 27, 62, 87, 90, 99, 59, 11, 16, 3, 73, 70, 39, 37, 84, 72, 92, 25, 55, 28, 29, 51, 61, 66, 7, 98, 48, 89, 50, 4, 96, 53, 80, 8, 33, 34, 2, 52, 13, 0, 69, 74, 49]|[1, 1, 0, 1, 1, 0, 1, 2, 2, 1, 2, 2, 2, 1, 1, 0, 0, 1, 0, 2, 2, 0, 1, 2, 0, 1, 2, 2, 0, 0, 1, 2, 1, 2, 1, 0, 2, 0, 1, 1, 0, 1, 1, 1, 0, 2, 1, 1, 0, 0, 0, 0, 1, 1, 2, 1, 2, 0, 0, 2, 2, 1, 0, 1, 2, 1, 1, 1, 1, 1, 1, 1, 2, 0, 1, 2, 0, 0, 0, 1, 2, 1, 2, 0, 1, 0, 1, 2, 0, 0, 1, 2, 2, 0, 1, 0, 0, 1, 2, 0]|[4, 3, 2, 2, 4, 1, 2, 2, 2, 4, 1, 1, 2, 4, 4, 1, 2, 4, 2, 1, 1, 1, 1, 2, 1, 2, 1, 1, 1, 1, 3, 2, 3, 1, 4, 0, 1, 1, 0, 3, 2, 2, 2, 0, 1, 1, 0, 4, 0, 1, 2, 2, 1, 4, 0, 3, 2, 1, 1, 1, 1, 3, 1, 1, 1, 3, 1, 4, 3, 1, 4, 1, 0, 0, 4, 1, 2, 1, 1, 3, 1, 1, 1, 1, 1, 1, 4, 1, 2, 1, 3, 1, 1, 2, 1, 2, 2, 4, 1, 1]|[0, 2, 1, 1, 3, 0, 1, 0, 0, 0, 0, 0, 1, 0, 1, 0, 0, 3, 1, 0, 0, 0, 3, 1, 0, 2, 0, 0, 0, 1, 0, 0, 0, 0, 3, 0, 1, 0, 0, 2, 1, 1, 1, 0, 0, 0, 0, 2, 1, 0, 0, 0, 1, 3, 0, 0, 1, 0, 0, 0, 0, 2, 0, 1, 0, 2, 1, 0, 0, 1, 1, 3, 1, 1, 3, 0, 1, 0, 0, 0, 0, 2, 0, 0, 1, 0, 0, 0, 1, 0, 2, 0, 0, 0, 1, 0, 0, 2, 0, 1],758.2592733695916,56179.56723994562,95531.50963783267,true
20,G4_BALANCED,G4_BALANCED,[31, 11, 82, 15, 26, 9, 95, 42, 77, 68, 47, 5, 93, 78, 86, 54, 85, 63, 18, 44, 20, 49, 36, 14, 74, 50, 53, 17, 21, 45, 71, 64, 3, 23, 30, 83, 24, 41, 60, 52, 65, 27, 90, 70, 39, 87, 48, 69, 99, 4, 46, 1, 13, 58, 97, 59, 28, 8, 73, 37, 35, 79, 22, 66, 76, 32, 40, 80, 96, 6, 16, 61, 33, 7, 57, 34, 12, 67, 10, 98, 56, 88, 51, 75, 91, 38, 19, 92, 43, 84, 29, 72, 81, 25, 2, 55, 0, 94, 89, 62]|[2, 1, 2, 1, 1, 2, 1, 1, 1, 1, 1, 0, 2, 2, 1, 2, 0, 0, 0, 2, 2, 1, 0, 2, 0, 2, 2, 1, 0, 1, 1, 1, 0, 0, 1, 0, 2, 1, 2, 2, 0, 0, 1, 1, 0, 2, 0, 2, 1, 0, 0, 2, 0, 0, 2, 0, 1, 1, 0, 0, 2, 1, 0, 2, 2, 0, 2, 2, 0, 1, 2, 1, 1, 2, 0, 1, 1, 1, 1, 2, 2, 1, 1, 0, 1, 0, 1, 0, 1, 0, 1, 1, 1, 1, 2, 0, 0, 2, 1, 1]|[0, 3, 0, 2, 4, 1, 4, 4, 2, 4, 3, 2, 1, 0, 2, 1, 1, 1, 2, 1, 1, 3, 0, 1, 0, 1, 1, 4, 1, 4, 3, 2, 2, 0, 4, 1, 1, 4, 0, 1, 2, 1, 4, 4, 1, 1, 0, 2, 3, 1, 2, 1, 2, 1, 1, 2, 4, 3, 0, 2, 2, 3, 1, 0, 1, 2, 0, 1, 2, 4, 1, 3, 4, 1, 2, 4, 3, 3, 3, 1, 1, 4, 3, 2, 3, 2, 4, 2, 4, 2, 3, 4, 1, 4, 1, 2, 2, 1, 4, 3]|[0, 2, 0, 1, 3, 0, 1, 3, 0, 0, 2, 0, 1, 0, 1, 0, 0, 0, 1, 0, 0, 2, 0, 0, 1, 0, 0, 3, 0, 1, 0, 2, 0, 1, 3, 0, 1, 3, 1, 0, 0, 0, 1, 3, 0, 0, 1, 0, 2, 0, 0, 0, 0, 0, 1, 0, 1, 0, 1, 1, 0, 2, 0, 0, 0, 0, 0, 0, 0, 2, 0, 0, 1, 0, 0, 1, 0, 0, 3, 0, 0, 1, 0, 0, 0, 0, 3, 0, 2, 0, 0, 2, 1, 3, 0, 0, 0, 0, 1, 0],847.5774112780123,52007.329839342645,107494.62989686072,false
20,G2_TEC,G2_TEC,[31, 22, 82, 15, 26, 9, 95, 42, 77, 68, 47, 5, 93, 78, 86, 54, 85, 63, 18, 44, 20, 49, 36, 14, 74, 50, 53, 17, 21, 28, 71, 64, 3, 23, 30, 83, 24, 41, 40, 52, 65, 27, 90, 70, 39, 87, 48, 69, 99, 4, 46, 1, 13, 58, 97, 59, 45, 8, 73, 37, 35, 79, 11, 66, 76, 32, 60, 80, 96, 6, 16, 61, 19, 7, 57, 34, 12, 67, 10, 98, 56, 88, 29, 75, 91, 38, 33, 92, 2, 84, 51, 72, 81, 25, 43, 55, 62, 89, 94, 0]|[2, 1, 2, 1, 1, 2, 1, 1, 1, 1, 1, 0, 2, 2, 1, 2, 0, 0, 0, 2, 2, 1, 0, 2, 0, 2, 2, 1, 0, 1, 1, 1, 0, 0, 1, 0, 2, 1, 2, 2, 0, 0, 1, 1, 0, 2, 0, 2, 1, 0, 0, 2, 0, 0, 2, 0, 1, 1, 0, 0, 2, 1, 0, 2, 2, 0, 2, 2, 0, 1, 2, 1, 1, 2, 0, 1, 1, 1, 1, 2, 2, 1, 1, 0, 1, 0, 1, 0, 2, 0, 1, 1, 1, 1, 1, 0, 1, 1, 2, 0]|[0, 3, 0, 3, 4, 1, 4, 4, 2, 4, 3, 2, 1, 0, 2, 1, 1, 1, 2, 1, 1, 3, 0, 1, 0, 1, 1, 4, 1, 4, 3, 2, 2, 0, 4, 1, 1, 4, 0, 1, 2, 1, 4, 4, 1, 1, 0, 2, 3, 1, 2, 1, 2, 1, 1, 2, 4, 3, 0, 2, 2, 3, 1, 0, 1, 2, 0, 1, 2, 4, 1, 3, 4, 1, 2, 4, 3, 3, 3, 1, 1, 4, 3, 2, 3, 2, 4, 2, 1, 2, 3, 4, 4, 4, 4, 2, 3, 4, 1, 2]|[0, 2, 0, 0, 3, 0, 1, 3, 0, 0, 2, 0, 1, 0, 1, 0, 0, 0, 1, 0, 0, 2, 0, 0, 1, 0, 0, 3, 0, 1, 0, 2, 0, 0, 3, 0, 1, 3, 0, 0, 0, 0, 1, 3, 0, 0, 1, 0, 2, 0, 0, 0, 0, 0, 1, 0, 1, 0, 1, 1, 0, 2, 0, 0, 0, 0, 0, 0, 0, 2, 0, 0, 1, 0, 0, 1, 0, 0, 3, 0, 0, 1, 0, 0, 0, 0, 1, 0, 0, 0, 0, 2, 1, 3, 2, 0, 0, 1, 0, 0],890.9074744783937,50673.96227735626,113466.60083846681,false
20,G3_TWC,G1_CMAX,[31, 22, 82, 15, 26, 9, 42, 95, 77, 12, 47, 5, 93, 78, 86, 54, 85, 63, 18, 44, 20, 35, 43, 97, 91, 76, 10, 30, 21, 45, 71, 64, 1, 23, 17, 83, 24, 14, 60, 36, 6, 57, 94, 88, 65, 56, 79, 40, 67, 68, 46, 75, 38, 58, 19, 32, 81, 41, 27, 62, 87, 90, 99, 59, 11, 16, 72, 73, 69, 39, 37, 84, 3, 92, 25, 55, 28, 29, 51, 7, 33, 61, 98, 66, 89, 50, 8, 96, 53, 80, 4, 48, 34, 2, 52, 13, 0, 70, 49, 74]|[1, 1, 0, 1, 1, 1, 2, 1, 2, 1, 2, 2, 2, 1, 1, 0, 0, 1, 0, 2, 2, 0, 1, 2, 0, 1, 2, 2, 0, 0, 1, 2, 1, 2, 1, 0, 2, 0, 1, 1, 0, 1, 1, 1, 0, 2, 1, 1, 0, 0, 0, 0, 1, 1, 2, 1, 2, 0, 0, 0, 2, 1, 0, 1, 2, 1, 2, 1, 1, 1, 1, 1, 1, 0, 1, 2, 0, 0, 0, 1, 2, 1, 0, 2, 1, 0, 1, 0, 0, 0, 0, 0, 2, 0, 1, 0, 0, 1, 0, 2]|[4, 3, 2, 2, 0, 0, 2, 2, 2, 4, 1, 1, 2, 4, 4, 1, 2, 4, 2, 1, 1, 1, 1, 2, 1, 2, 1, 1, 1, 1, 3, 2, 3, 0, 4, 0, 1, 1, 0, 3, 2, 2, 2, 0, 1, 1, 0, 4, 0, 1, 2, 2, 1, 4, 0, 3, 2, 1, 1, 2, 1, 3, 1, 1, 1, 3, 0, 4, 3, 1, 4, 1, 1, 0, 4, 1, 2, 1, 1, 3, 1, 3, 1, 1, 1, 1, 3, 1, 2, 1, 2, 1, 1, 2, 1, 2, 2, 3, 1, 1]|[0, 2, 1, 1, 3, 3, 0, 1, 0, 0, 0, 0, 1, 0, 1, 0, 0, 3, 1, 0, 0, 0, 3, 1, 0, 2, 0, 0, 0, 1, 0, 0, 0, 0, 3, 0, 1, 0, 0, 2, 1, 1, 1, 0, 0, 0, 0, 2, 1, 0, 0, 0, 1, 3, 0, 0, 1, 0, 0, 1, 0, 2, 0, 1, 0, 2, 1, 0, 0, 1, 1, 3, 1, 1, 3, 0, 1, 0, 0, 2, 0, 0, 0, 0, 1, 0, 2, 0, 1, 0, 1, 0, 0, 0, 1, 0, 0, 0, 1, 0],801.427594812029,57868.49349465401,91455.85780813712,true
20,G1_CMAX,G4_BALANCED,[31, 22, 82, 15, 26, 9, 95, 42, 77, 68, 47, 5, 93, 78, 86, 54, 85, 63, 18, 44, 20, 49, 36, 14, 74, 50, 53, 17, 21, 28, 71, 64, 1, 23, 30, 83, 24, 97, 60, 43, 6, 57, 94, 88, 65, 56, 79, 40, 67, 12, 46, 75, 38, 58, 19, 32, 81, 41, 27, 62, 87, 90, 99, 59, 11, 16, 72, 73, 69, 39, 37, 84, 3, 92, 25, 55, 45, 29, 51, 7, 33, 61, 98, 48, 89, 76, 4, 96, 80, 10, 66, 8, 34, 2, 52, 0, 13, 70, 35, 91]|[1, 1, 0, 1, 1, 0, 1, 2, 2, 1, 2, 2, 2, 1, 1, 0, 0, 1, 0, 2, 2, 0, 1, 2, 2, 1, 2, 1, 0, 0, 1, 1, 2, 2, 2, 0, 2, 2, 1, 1, 0, 1, 1, 1, 0, 2, 1, 2, 0, 0, 0, 0, 0, 1, 1, 1, 2, 0, 0, 0, 2, 1, 0, 1, 2, 1, 2, 1, 1, 1, 1, 1, 1, 0, 1, 0, 0, 0, 0, 1, 2, 1, 2, 0, 1, 2, 0, 2, 0, 2, 2, 1, 2, 0, 1, 0, 0, 1, 0, 0]|[4, 3, 2, 3, 4, 1, 2, 2, 2, 4, 1, 1, 2, 4, 4, 1, 2, 4, 2, 1, 1, 1, 3, 2, 1, 3, 1, 4, 1, 1, 3, 2, 1, 1, 1, 1, 1, 2, 0, 3, 2, 2, 2, 0, 1, 1, 3, 0, 0, 1, 2, 2, 2, 4, 4, 3, 2, 1, 1, 2, 1, 3, 1, 1, 1, 3, 1, 4, 3, 1, 4, 1, 1, 2, 4, 2, 2, 1, 1, 1, 1, 3, 1, 1, 1, 1, 2, 1, 1, 1, 1, 3, 1, 2, 1, 2, 2, 4, 1, 1]|[0, 2, 1, 0, 3, 0, 1, 0, 0, 0, 0, 0, 1, 0, 1, 0, 0, 3, 1, 0, 0, 0, 2, 1, 0, 2, 0, 3, 0, 1, 0, 2, 0, 0, 0, 0, 1, 1, 0, 2, 1, 1, 1, 0, 0, 0, 2, 0, 1, 0, 0, 0, 0, 3, 3, 0, 1, 0, 0, 1, 0, 2, 0, 1, 0, 2, 0, 0, 0, 1, 1, 3, 1, 1, 3, 0, 1, 0, 0, 2, 0, 0, 0, 0, 1, 0, 1, 0, 0, 0, 0, 2, 0, 0, 1, 0, 0, 2, 0, 0],828.0300735920863,55230.45025313392,98860.66592834805,true
20,G4_BALANCED,G4_BALANCED,[31, 22, 82, 15, 26, 9, 95, 42, 77, 68, 47, 5, 93, 78, 86, 54, 85, 63, 18, 44, 20, 49, 36, 14, 74, 50, 53, 17, 21, 28, 71, 64, 3, 23, 30, 83, 24, 41, 60, 52, 65, 27, 90, 70, 39, 87, 48, 69, 99, 4, 46, 1, 13, 58, 97, 59, 11, 8, 73, 37, 35, 79, 33, 66, 76, 32, 40, 80, 96, 6, 16, 61, 45, 7, 57, 34, 12, 67, 10, 98, 56, 88, 51, 75, 91, 38, 19, 92, 62, 84, 29, 72, 81, 25, 2, 55, 0, 89, 94, 43]|[2, 1, 2, 1, 1, 2, 1, 1, 1, 2, 1, 0, 2, 2, 1, 2, 0, 0, 0, 2, 2, 1, 0, 2, 0, 2, 2, 1, 0, 1, 1, 1, 0, 0, 1, 0, 2, 1, 2, 2, 0, 0, 1, 1, 0, 2, 0, 2, 1, 0, 0, 2, 0, 0, 2, 0, 1, 1, 0, 0, 2, 1, 1, 2, 2, 0, 2, 2, 0, 1, 2, 1, 1, 2, 0, 1, 1, 1, 1, 0, 2, 1, 1, 0, 1, 0, 1, 0, 1, 0, 1, 1, 1, 1, 2, 0, 0, 1, 1, 1]|[0, 3, 0, 3, 4, 1, 4, 4, 2, 0, 3, 2, 1, 0, 2, 1, 1, 1, 2, 1, 1, 3, 0, 1, 0, 1, 1, 4, 1, 4, 3, 2, 2, 0, 4, 1, 1, 4, 0, 1, 2, 1, 4, 4, 1, 1, 0, 2, 3, 1, 2, 1, 2, 1, 1, 2, 4, 3, 0, 2, 2, 3, 4, 0, 1, 2, 1, 1, 2, 4, 1, 3, 4, 1, 2, 4, 3, 3, 3, 2, 1, 4, 3, 2, 3, 2, 4, 2, 3, 2, 3, 4, 1, 4, 1, 2, 2, 4, 4, 4]|[0, 2, 0, 0, 3, 0, 1, 3, 0, 0, 2, 0, 1, 0, 1, 0, 0, 0, 1, 0, 0, 2, 0, 0, 1, 0, 0, 3, 0, 1, 0, 2, 0, 0, 3, 0, 1, 3, 0, 0, 0, 0, 1, 3, 0, 0, 1, 0, 2, 0, 0, 0, 0, 0, 1, 0, 1, 0, 1, 1, 0, 2, 1, 0, 0, 0, 0, 0, 0, 2, 0, 0, 1, 0, 0, 1, 0, 0, 3, 0, 0, 1, 0, 0, 0, 0, 3, 0, 0, 0, 0, 2, 1, 3, 0, 0, 0, 1, 2, 2],911.6352812199987,50958.860606386304,111790.20729191447,false
20,G2_TEC,G2_TEC,[31, 22, 82, 15, 26, 9, 95, 42, 77, 68, 47, 5, 93, 78, 86, 54, 85, 63, 18, 44, 20, 49, 36, 14, 74, 50, 53, 25, 21, 28, 71, 64, 3, 23, 30, 83, 24, 41, 60, 52, 65, 27, 90, 70, 39, 87, 48, 69, 99, 4, 46, 1, 13, 58, 97, 11, 45, 8, 73, 37, 35, 79, 59, 66, 76, 32, 40, 80, 96, 6, 16, 61, 33, 7, 57, 34, 12, 67, 10, 98, 56, 88, 29, 75, 91, 38, 19, 92, 43, 84, 51, 72, 81, 17, 2, 55, 0, 89, 94, 62]|[2, 1, 2, 1, 1, 2, 1, 1, 1, 1, 1, 0, 2, 2, 1, 2, 0, 0, 0, 2, 2, 1, 0, 2, 0, 2, 2, 1, 0, 1, 1, 1, 0, 0, 1, 0, 2, 1, 2, 2, 0, 0, 1, 1, 0, 2, 0, 2, 1, 0, 0, 2, 0, 0, 2, 0, 1, 1, 0, 0, 2, 1, 0, 2, 2, 0, 2, 2, 0, 1, 2, 1, 1, 2, 0, 1, 1, 1, 1, 2, 2, 1, 1, 0, 1, 0, 1, 0, 1, 0, 1, 1, 1, 1, 2, 0, 0, 1, 2, 1]|[0, 3, 0, 3, 4, 1, 4, 4, 2, 4, 3, 2, 1, 0, 2, 1, 1, 1, 2, 1, 1, 3, 0, 1, 0, 1, 1, 4, 1, 4, 3, 2, 2, 0, 4, 1, 1, 4, 0, 1, 2, 1, 4, 4, 1, 1, 0, 2, 3, 1, 2, 1, 2, 1, 1, 1, 4, 3, 0, 2, 2, 3, 2, 0, 1, 2, 0, 1, 2, 4, 1, 3, 4, 1, 2, 4, 3, 3, 3, 1, 1, 4, 3, 2, 3, 2, 4, 2, 4, 2, 3, 4, 4, 4, 1, 2, 2, 4, 1, 3]|[0, 2, 0, 0, 3, 0, 1, 3, 0, 0, 2, 0, 1, 0, 1, 0, 0, 0, 1, 0, 0, 2, 0, 0, 1, 0, 0, 3, 0, 1, 0, 2, 0, 0, 3, 0, 1, 3, 1, 0, 0, 0, 1, 3, 0, 0, 1, 0, 2, 0, 0, 0, 0, 0, 1, 0, 1, 0, 1, 1, 0, 2, 0, 0, 0, 0, 0, 0, 0, 2, 0, 0, 1, 0, 0, 1, 0, 0, 3, 0, 0, 1, 0, 0, 0, 0, 3, 0, 2, 0, 0, 2, 1, 3, 0, 0, 0, 1, 0, 0],884.0377521381993,51031.76418127506,109655.1898660938,false
20,G3_TWC,G1_CMAX,[31, 22, 82, 15, 26, 9, 42, 95, 77, 12, 47, 5, 93, 78, 86, 54, 85, 63, 18, 44, 20, 35, 43, 97, 91, 76, 10, 30, 21, 45, 71, 64, 1, 23, 17, 83, 24, 14, 60, 36, 6, 57, 94, 88, 65, 56, 79, 40, 67, 68, 46, 75, 38, 58, 19, 32, 81, 41, 27, 62, 87, 90, 99, 59, 11, 16, 72, 73, 69, 39, 37, 84, 3, 92, 25, 55, 28, 29, 51, 7, 33, 61, 98, 66, 89, 50, 8, 96, 53, 80, 4, 48, 34, 2, 52, 13, 0, 70, 49, 74]|[1, 1, 0, 1, 1, 1, 2, 1, 2, 1, 2, 2, 2, 1, 1, 0, 0, 1, 0, 2, 2, 0, 1, 2, 0, 1, 2, 2, 0, 0, 1, 2, 1, 2, 1, 0, 2, 0, 1, 1, 0, 1, 1, 1, 0, 2, 1, 1, 0, 0, 0, 0, 1, 1, 2, 1, 2, 0, 0, 0, 2, 1, 0, 1, 2, 1, 2, 1, 1, 1, 1, 1, 1, 0, 1, 2, 0, 0, 0, 1, 2, 1, 0, 2, 1, 0, 1, 0, 0, 0, 0, 0, 2, 0, 1, 0, 0, 1, 0, 2]|[4, 3, 2, 2, 0, 0, 2, 2, 2, 4, 1, 1, 2, 4, 4, 1, 2, 4, 2, 1, 1, 1, 1, 2, 1, 2, 1, 1, 1, 1, 3, 2, 3, 0, 4, 0, 1, 1, 0, 3, 2, 2, 2, 0, 1, 1, 0, 4, 0, 1, 2, 2, 1, 4, 0, 3, 2, 1, 1, 2, 1, 3, 1, 1, 1, 3, 0, 4, 3, 1, 4, 1, 1, 0, 4, 1, 2, 1, 1, 3, 1, 3, 1, 1, 1, 1, 3, 1, 2, 1, 2, 1, 1, 2, 1, 2, 2, 3, 1, 1]|[0, 2, 1, 1, 3, 3, 0, 1, 0, 0, 0, 0, 1, 0, 1, 0, 0, 3, 1, 0, 0, 0, 3, 1, 0, 2, 0, 0, 0, 1, 0, 0, 0, 0, 3, 0, 1, 0, 0, 2, 1, 1, 1, 0, 0, 0, 0, 2, 1, 0, 0, 0, 1, 3, 0, 0, 1, 0, 0, 1, 0, 2, 0, 1, 0, 2, 1, 0, 0, 1, 1, 3, 1, 1, 3, 0, 1, 0, 0, 2, 0, 0, 0, 0, 1, 0, 2, 0, 1, 0, 1, 0, 0, 0, 1, 0, 0, 0, 1, 0],801.427594812029,57868.49349465401,91455.85780813712,true
20,G1_CMAX,G4_BALANCED,[31, 22, 82, 15, 26, 58, 95, 42, 77, 12, 47, 5, 93, 78, 86, 54, 85, 63, 18, 72, 20, 35, 43, 97, 91, 76, 10, 30, 21, 45, 71, 64, 1, 23, 17, 83, 24, 14, 60, 36, 6, 57, 40, 88, 65, 56, 79, 94, 67, 41, 68, 75, 38, 9, 19, 32, 81, 55, 27, 62, 87, 90, 99, 59, 11, 16, 44, 73, 70, 39, 37, 84, 3, 92, 25, 34, 28, 29, 51, 7, 66, 61, 98, 48, 89, 50, 4, 96, 53, 80, 8, 33, 46, 2, 52, 49, 0, 69, 74, 13]|[1, 1, 0, 1, 1, 0, 1, 2, 2, 1, 2, 2, 2, 1, 1, 0, 0, 1, 0, 2, 2, 0, 0, 2, 0, 1, 2, 2, 0, 0, 1, 2, 1, 2, 1, 0, 2, 0, 1, 1, 0, 1, 1, 1, 0, 2, 1, 1, 0, 0, 0, 0, 1, 1, 2, 1, 2, 0, 0, 0, 2, 1, 0, 1, 2, 1, 2, 1, 1, 1, 1, 1, 1, 0, 1, 2, 2, 0, 0, 1, 2, 1, 2, 0, 1, 0, 1, 2, 0, 0, 1, 2, 0, 0, 1, 0, 0, 1, 2, 0]|[4, 3, 2, 2, 4, 1, 2, 2, 2, 4, 1, 1, 2, 4, 4, 1, 2, 4, 2, 1, 1, 1, 1, 2, 1, 2, 1, 1, 1, 1, 3, 2, 3, 1, 4, 0, 1, 1, 0, 3, 2, 2, 2, 0, 1, 1, 0, 4, 0, 1, 1, 2, 1, 4, 0, 3, 2, 1, 1, 2, 1, 3, 1, 1, 1, 3, 1, 4, 3, 1, 4, 1, 1, 0, 4, 1, 1, 1, 1, 1, 1, 3, 1, 1, 1, 1, 4, 1, 2, 1, 3, 1, 2, 2, 1, 1, 2, 4, 1, 2]|[0, 2, 1, 1, 3, 0, 1, 0, 0, 0, 0, 0, 1, 0, 1, 0, 0, 3, 1, 0, 0, 0, 0, 1, 0, 2, 0, 0, 0, 1, 0, 0, 0, 0, 3, 0, 1, 0, 0, 2, 1, 1, 1, 0, 0, 0, 0, 2, 1, 0, 0, 0, 1, 3, 0, 0, 1, 0, 0, 1, 0, 2, 0, 1, 0, 2, 0, 0, 0, 1, 1, 3, 1, 1, 3, 0, 0, 0, 0, 2, 0, 0, 0, 0, 1, 0, 0, 0, 1, 0, 2, 0, 0, 0, 1, 1, 0, 2, 0, 0],784.1481185900863,55756.271812642575,96112.54558848144,true
20,G4_BALANCED,G4_BALANCED,[31, 22, 82, 15, 26, 58, 95, 42, 77, 12, 47, 5, 93, 78, 86, 54, 85, 63, 18, 72, 20, 35, 43, 97, 91, 76, 10, 30, 21, 45, 71, 64, 1, 23, 17, 83, 24, 14, 60, 36, 6, 57, 40, 88, 65, 56, 79, 94, 67, 68, 46, 75, 38, 9, 19, 32, 81, 41, 27, 62, 87, 90, 99, 59, 11, 16, 44, 73, 70, 39, 37, 84, 3, 53, 25, 34, 28, 29, 51, 7, 98, 61, 66, 48, 89, 50, 4, 96, 92, 80, 8, 33, 55, 2, 52, 13, 0, 69, 74, 49]|[1, 1, 0, 1, 1, 0, 1, 2, 2, 1, 2, 2, 2, 1, 1, 0, 0, 1, 0, 2, 2, 0, 1, 2, 0, 1, 2, 2, 0, 0, 1, 2, 1, 2, 1, 0, 2, 0, 1, 1, 0, 1, 1, 1, 0, 2, 1, 1, 0, 0, 0, 0, 1, 1, 2, 1, 2, 0, 0, 0, 2, 1, 0, 1, 2, 1, 2, 1, 1, 1, 1, 1, 1, 0, 1, 2, 2, 0, 0, 1, 2, 1, 2, 0, 1, 0, 1, 2, 0, 0, 1, 2, 1, 0, 1, 0, 0, 1, 2, 0]|[4, 3, 2, 2, 4, 1, 2, 2, 2, 4, 1, 1, 2, 4, 4, 1, 2, 4, 2, 1, 1, 1, 1, 2, 1, 2, 1, 1, 1, 1, 3, 2, 3, 1, 4, 0, 1, 1, 0, 3, 2, 2, 2, 0, 1, 1, 0, 4, 0, 1, 2, 2, 1, 4, 0, 3, 2, 1, 1, 2, 1, 3, 1, 1, 1, 3, 1, 4, 3, 1, 4, 1, 1, 2, 4, 1, 2, 1, 1, 1, 1, 3, 1, 1, 1, 1, 4, 1, 0, 1, 3, 1, 3, 2, 1, 2, 2, 4, 1, 1]|[0, 2, 1, 1, 3, 0, 1, 0, 0, 0, 0, 0, 1, 0, 1, 0, 0, 3, 1, 0, 0, 0, 3, 1, 0, 2, 0, 0, 0, 1, 0, 0, 0, 0, 3, 0, 1, 0, 0, 2, 1, 1, 1, 0, 0, 0, 0, 2, 1, 0, 0, 0, 1, 3, 0, 0, 1, 0, 0, 1, 0, 2, 0, 1, 0, 2, 0, 0, 0, 1, 1, 3, 1, 1, 3, 0, 1, 0, 0, 2, 0, 0, 0, 0, 1, 0, 0, 0, 1, 0, 2, 0, 0, 0, 1, 0, 0, 2, 0, 1],754.7044242578055,56428.620226615225,96878.11076790716,false
20,G2_TEC,G2_TEC,[31, 22, 82, 15, 26, 9, 95, 42, 77, 68, 47, 5, 93, 78, 86, 54, 85, 63, 18, 44, 20, 49, 36, 14, 74, 50, 53, 25, 21, 28, 71, 64, 3, 23, 30, 83, 24, 41, 60, 52, 65, 27, 90, 70, 39, 87, 48, 69, 99, 4, 46, 1, 13, 58, 97, 11, 45, 8, 73, 37, 35, 79, 59, 66, 76, 32, 40, 80, 96, 6, 16, 61, 33, 7, 57, 34, 12, 67, 10, 98, 56, 88, 29, 75, 91, 38, 19, 92, 43, 84, 51, 72, 81, 17, 2, 55, 0, 89, 94, 62]|[2, 1, 2, 1, 1, 2, 1, 1, 1, 1, 1, 0, 2, 2, 1, 2, 0, 0, 0, 2, 2, 1, 0, 2, 0, 2, 2, 1, 0, 1, 1, 1, 0, 0, 1, 0, 2, 1, 2, 2, 0, 0, 1, 1, 0, 2, 0, 2, 1, 0, 0, 2, 0, 0, 2, 0, 1, 1, 0, 0, 2, 1, 0, 2, 2, 0, 2, 2, 0, 1, 2, 1, 1, 2, 0, 1, 1, 1, 1, 2, 2, 1, 1, 0, 1, 0, 1, 0, 1, 0, 1, 1, 1, 1, 2, 0, 0, 1, 2, 1]|[0, 3, 0, 3, 4, 1, 4, 4, 2, 4, 3, 2, 1, 0, 2, 1, 1, 1, 2, 1, 1, 3, 0, 1, 0, 1, 1, 4, 1, 4, 3, 2, 2, 0, 4, 1, 1, 4, 0, 1, 2, 1, 4, 4, 1, 1, 0, 2, 3, 1, 2, 1, 2, 1, 1, 1, 4, 3, 0, 2, 2, 3, 2, 0, 1, 2, 0, 1, 2, 4, 1, 3, 4, 1, 2, 4, 3, 3, 3, 1, 1, 4, 3, 2, 3, 2, 4, 2, 4, 2, 3, 4, 4, 4, 1, 2, 2, 4, 1, 3]|[0, 2, 0, 0, 3, 0, 1, 3, 0, 0, 2, 0, 1, 0, 1, 0, 0, 0, 1, 0, 0, 2, 0, 0, 1, 0, 0, 3, 0, 1, 0, 2, 0, 0, 3, 0, 1, 3, 1, 0, 0, 0, 1, 3, 0, 0, 1, 0, 2, 0, 0, 0, 0, 0, 1, 0, 1, 0, 1, 1, 0, 2, 0, 0, 0, 0, 0, 0, 0, 2, 0, 0, 1, 0, 0, 1, 0, 0, 3, 0, 0, 1, 0, 0, 0, 0, 3, 0, 2, 0, 0, 2, 1, 3, 0, 0, 0, 1, 0, 0],884.0377521381993,51031.76418127506,109655.1898660938,false
20,G3_TWC,G1_CMAX,[31, 22, 82, 15, 26, 9, 42, 95, 77, 12, 47, 5, 93, 78, 86, 54, 85, 63, 18, 44, 20, 35, 43, 97, 91, 76, 10, 30, 21, 45, 71, 64, 1, 23, 17, 83, 24, 14, 60, 36, 6, 57, 94, 88, 65, 56, 79, 40, 67, 68, 46, 75, 38, 58, 19, 32, 81, 41, 27, 62, 87, 90, 99, 59, 11, 16, 72, 73, 69, 39, 37, 84, 3, 92, 25, 55, 28, 29, 51, 7, 33, 61, 98, 66, 89, 50, 8, 96, 53, 80, 4, 48, 34, 2, 52, 13, 0, 70, 49, 74]|[1, 1, 0, 1, 1, 1, 2, 1, 2, 1, 2, 2, 2, 1, 1, 0, 0, 1, 0, 2, 2, 0, 1, 2, 0, 1, 2, 2, 0, 0, 1, 2, 1, 2, 1, 0, 2, 0, 1, 1, 0, 1, 1, 1, 0, 2, 1, 1, 0, 0, 0, 0, 1, 1, 2, 1, 2, 0, 0, 0, 2, 1, 0, 1, 2, 1, 2, 1, 1, 1, 1, 1, 1, 0, 1, 2, 0, 0, 0, 1, 2, 1, 0, 2, 1, 0, 1, 0, 0, 0, 0, 0, 2, 0, 1, 0, 0, 1, 0, 2]|[4, 3, 2, 2, 0, 0, 2, 2, 2, 4, 1, 1, 2, 4, 4, 1, 2, 4, 2, 1, 1, 1, 1, 2, 1, 2, 1, 1, 1, 1, 3, 2, 3, 0, 4, 0, 1, 1, 0, 3, 2, 2, 2, 0, 1, 1, 0, 4, 0, 1, 2, 2, 1, 4, 0, 3, 2, 1, 1, 2, 1, 3, 1, 1, 1, 3, 0, 4, 3, 1, 4, 1, 1, 0, 4, 1, 2, 1, 1, 3, 1, 3, 1, 1, 1, 1, 3, 1, 2, 1, 2, 1, 1, 2, 1, 2, 2, 3, 1, 1]|[0, 2, 1, 1, 3, 3, 0, 1, 0, 0, 0, 0, 1, 0, 1, 0, 0, 3, 1, 0, 0, 0, 3, 1, 0, 2, 0, 0, 0, 1, 0, 0, 0, 0, 3, 0, 1, 0, 0, 2, 1, 1, 1, 0, 0, 0, 0, 2, 1, 0, 0, 0, 1, 3, 0, 0, 1, 0, 0, 1, 0, 2, 0, 1, 0, 2, 1, 0, 0, 1, 1, 3, 1, 1, 3, 0, 1, 0, 0, 2, 0, 0, 0, 0, 1, 0, 2, 0, 1, 0, 1, 0, 0, 0, 1, 0, 0, 0, 1, 0],801.427594812029,57868.49349465401,91455.85780813712,true
20,G1_CMAX,G1_CMAX,[31, 22, 82, 15, 26, 58, 95, 42, 77, 12, 47, 5, 93, 78, 86, 54, 85, 63, 18, 72, 20, 35, 43, 97, 91, 76, 10, 30, 21, 45, 71, 64, 1, 23, 17, 83, 24, 14, 60, 36, 6, 57, 40, 88, 65, 56, 79, 94, 67, 68, 46, 75, 38, 9, 19, 32, 81, 41, 27, 62, 87, 90, 99, 59, 11, 16, 44, 73, 70, 39, 37, 84, 3, 92, 25, 34, 28, 29, 51, 7, 66, 61, 98, 48, 89, 50, 4, 96, 53, 80, 8, 33, 55, 2, 52, 0, 13, 69, 49, 74]|[1, 1, 0, 1, 1, 0, 1, 2, 2, 1, 2, 2, 2, 1, 1, 0, 0, 1, 0, 2, 2, 0, 1, 2, 0, 1, 2, 2, 0, 0, 1, 2, 1, 2, 1, 0, 2, 0, 1, 1, 0, 1, 1, 1, 0, 2, 1, 1, 0, 0, 0, 0, 1, 1, 2, 1, 2, 0, 0, 0, 2, 1, 0, 1, 2, 1, 2, 1, 1, 1, 1, 1, 1, 0, 1, 2, 0, 0, 0, 1, 2, 1, 2, 0, 1, 0, 1, 2, 0, 0, 1, 2, 2, 0, 1, 0, 0, 1, 0, 2]|[4, 3, 2, 2, 4, 1, 2, 2, 2, 4, 1, 1, 2, 4, 4, 1, 2, 4, 2, 1, 1, 1, 1, 2, 1, 2, 1, 1, 1, 1, 3, 2, 3, 1, 4, 0, 1, 1, 0, 3, 2, 2, 2, 0, 1, 1, 0, 4, 0, 1, 2, 2, 1, 4, 0, 3, 2, 1, 1, 2, 1, 3, 1, 1, 1, 3, 0, 4, 3, 1, 4, 1, 1, 0, 4, 1, 2, 1, 1, 3, 1, 3, 1, 1, 1, 1, 4, 1, 2, 1, 3, 1, 1, 2, 1, 2, 2, 4, 1, 1]|[0, 2, 1, 1, 3, 0, 1, 0, 0, 0, 0, 0, 1, 0, 1, 0, 0, 3, 1, 0, 0, 0, 3, 1, 0, 2, 0, 0, 0, 1, 0, 0, 0, 0, 3, 0, 1, 0, 0, 2, 1, 1, 1, 0, 0, 0, 0, 2, 1, 0, 0, 0, 1, 3, 0, 0, 1, 0, 0, 1, 0, 2, 0, 1, 0, 2, 1, 0, 0, 1, 1, 3, 1, 1, 3, 0, 1, 0, 0, 2, 0, 0, 0, 0, 1, 0, 0, 0, 1, 0, 2, 0, 0, 0, 1, 0, 0, 2, 1, 0],748.9199420531638,56768.665348469534,94295.34916886818,false
20,G4_BALANCED,G4_BALANCED,[31, 22, 82, 15, 26, 9, 95, 42, 77, 68, 47, 48, 5, 93, 78, 86, 54, 85, 63, 18, 44, 20, 49, 36, 14, 74, 50, 53, 17, 21, 28, 71, 64, 3, 23, 30, 83, 24, 41, 60, 52, 65, 27, 90, 70, 39, 87, 69, 99, 4, 46, 1, 13, 58, 97, 59, 33, 8, 73, 37, 35, 79, 11, 66, 76, 32, 40, 80, 96, 6, 16, 61, 45, 7, 57, 34, 12, 67, 10, 98, 56, 88, 29, 75, 91, 38, 19, 92, 2, 84, 51, 72, 81, 25, 43, 55, 62, 89, 94, 0]|[2, 1, 2, 1, 1, 2, 1, 1, 1, 1, 1, 0, 0, 2, 2, 1, 2, 0, 0, 0, 2, 2, 1, 0, 2, 0, 2, 2, 1, 0, 1, 1, 1, 0, 0, 1, 0, 2, 1, 2, 2, 0, 0, 1, 1, 0, 2, 2, 1, 0, 0, 2, 0, 0, 2, 0, 1, 1, 0, 0, 2, 1, 0, 2, 2, 0, 2, 2, 0, 1, 2, 1, 1, 2, 0, 1, 1, 1, 1, 0, 1, 1, 1, 0, 1, 0, 2, 0, 2, 0, 1, 1, 1, 1, 1, 0, 1, 1, 2, 0]|[0, 3, 0, 3, 4, 1, 4, 4, 2, 4, 3, 0, 2, 1, 0, 2, 1, 1, 1, 2, 1, 1, 3, 0, 1, 0, 1, 1, 4, 1, 4, 3, 2, 2, 0, 4, 1, 1, 4, 0, 1, 2, 1, 4, 4, 1, 1, 2, 3, 1, 2, 1, 2, 1, 1, 2, 4, 3, 0, 2, 2, 3, 1, 0, 1, 2, 0, 1, 2, 4, 1, 3, 4, 1, 2, 4, 3, 3, 3, 2, 4, 4, 3, 2, 3, 2, 1, 2, 1, 2, 3, 4, 1, 4, 4, 2, 3, 4, 1, 2]|[0, 2, 0, 0, 3, 0, 1, 3, 0, 0, 2, 1, 0, 1, 0, 1, 0, 0, 0, 1, 0, 0, 2, 0, 0, 1, 0, 0, 3, 0, 1, 0, 2, 0, 1, 3, 0, 1, 3, 1, 0, 0, 0, 1, 3, 0, 0, 0, 2, 0, 0, 0, 0, 0, 1, 0, 1, 0, 1, 1, 0, 2, 0, 0, 0, 0, 0, 0, 0, 2, 0, 0, 1, 0, 0, 1, 0, 0, 3, 0, 3, 1, 0, 0, 0, 0, 0, 0, 0, 0, 0, 2, 1, 3, 2, 0, 0, 1, 0, 0],867.1207464638654,51611.49572945934,106209.51392432238,false
20,G2_TEC,G1_CMAX,[31, 22, 82, 15, 26, 58, 95, 42, 77, 12, 47, 5, 93, 78, 86, 54, 85, 63, 18, 44, 20, 35, 43, 97, 91, 76, 10, 30, 21, 45, 71, 64, 1, 23, 17, 83, 24, 14, 60, 36, 6, 57, 40, 88, 65, 80, 79, 94, 67, 68, 46, 75, 38, 9, 19, 32, 81, 41, 27, 62, 87, 90, 99, 59, 11, 16, 72, 73, 70, 39, 37, 84, 3, 92, 25, 55, 28, 29, 51, 7, 66, 61, 98, 48, 89, 50, 8, 96, 56, 53, 33, 4, 34, 2, 52, 0, 13, 69, 49, 74]|[1, 1, 0, 1, 1, 0, 1, 2, 2, 1, 2, 2, 2, 1, 1, 0, 0, 1, 0, 2, 2, 0, 1, 2, 0, 1, 2, 2, 0, 0, 1, 2, 1, 2, 1, 0, 2, 0, 1, 1, 0, 1, 1, 1, 0, 2, 1, 1, 0, 0, 0, 0, 1, 1, 2, 1, 2, 0, 0, 0, 2, 1, 0, 1, 2, 1, 2, 1, 1, 1, 1, 1, 1, 0, 1, 2, 0, 0, 0, 1, 2, 1, 2, 0, 1, 0, 1, 2, 0, 0, 2, 1, 2, 0, 1, 0, 0, 1, 0, 2]|[4, 3, 2, 2, 0, 1, 2, 2, 2, 4, 1, 1, 2, 4, 4, 1, 2, 4, 2, 1, 1, 1, 1, 2, 1, 2, 1, 1, 1, 1, 3, 2, 3, 0, 4, 0, 1, 1, 0, 3, 2, 2, 2, 0, 1, 1, 0, 4, 0, 1, 2, 2, 1, 4, 0, 3, 2, 1, 1, 2, 1, 3, 1, 1, 1, 3, 0, 4, 3, 1, 4, 1, 1, 0, 4, 1, 2, 1, 1, 1, 1, 3, 1, 1, 1, 1, 3, 1, 1, 2, 1, 4, 1, 2, 1, 2, 2, 4, 1, 1]|[0, 2, 1, 1, 3, 0, 1, 0, 0, 0, 0, 0, 1, 0, 1, 0, 0, 3, 1, 0, 0, 0, 3, 1, 0, 2, 0, 0, 0, 1, 0, 0, 0, 0, 3, 0, 1, 0, 0, 2, 1, 1, 1, 0, 0, 0, 0, 2, 1, 0, 0, 0, 1, 3, 0, 0, 1, 0, 0, 1, 0, 2, 0, 1, 0, 2, 1, 0, 0, 1, 1, 3, 1, 1, 3, 0, 1, 0, 0, 2, 0, 0, 0, 0, 1, 0, 2, 0, 0, 1, 0, 0, 0, 0, 1, 0, 0, 2, 1, 0],747.6225404822953,57137.516466377114,94338.15808460375,true
20,G3_TWC,G1_CMAX,[31, 22, 82, 15, 26, 9, 42, 95, 77, 12, 47, 5, 93, 78, 86, 54, 85, 63, 18, 44, 20, 35, 43, 97, 91, 76, 10, 30, 21, 45, 71, 64, 1, 23, 17, 83, 24, 14, 60, 36, 6, 57, 94, 88, 65, 56, 79, 40, 67, 68, 46, 75, 38, 58, 19, 32, 81, 41, 27, 62, 87, 90, 99, 59, 11, 16, 72, 73, 69, 39, 37, 84, 3, 92, 25, 55, 28, 29, 51, 7, 33, 61, 98, 66, 89, 50, 8, 96, 53, 80, 4, 48, 34, 2, 52, 13, 0, 70, 49, 74]|[1, 1, 0, 1, 1, 1, 2, 1, 2, 1, 2, 2, 2, 1, 1, 0, 0, 1, 0, 2, 2, 0, 1, 2, 0, 1, 2, 2, 0, 0, 1, 2, 1, 2, 1, 0, 2, 0, 1, 1, 0, 1, 1, 1, 0, 2, 1, 1, 0, 0, 0, 0, 1, 1, 2, 1, 2, 0, 0, 0, 2, 1, 0, 1, 2, 1, 2, 1, 1, 1, 1, 1, 1, 0, 1, 2, 0, 0, 0, 1, 2, 1, 0, 2, 1, 0, 1, 0, 0, 0, 0, 0, 2, 0, 1, 0, 0, 1, 0, 2]|[4, 3, 2, 2, 0, 0, 2, 2, 2, 4, 1, 1, 2, 4, 4, 1, 2, 4, 2, 1, 1, 1, 1, 2, 1, 2, 1, 1, 1, 1, 3, 2, 3, 0, 4, 0, 1, 1, 0, 3, 2, 2, 2, 0, 1, 1, 0, 4, 0, 1, 2, 2, 1, 4, 0, 3, 2, 1, 1, 2, 1, 3, 1, 1, 1, 3, 0, 4, 3, 1, 4, 1, 1, 0, 4, 1, 2, 1, 1, 3, 1, 3, 1, 1, 1, 1, 3, 1, 2, 1, 2, 1, 1, 2, 1, 2, 2, 3, 1, 1]|[0, 2, 1, 1, 3, 3, 0, 1, 0, 0, 0, 0, 1, 0, 1, 0, 0, 3, 1, 0, 0, 0, 3, 1, 0, 2, 0, 0, 0, 1, 0, 0, 0, 0, 3, 0, 1, 0, 0, 2, 1, 1, 1, 0, 0, 0, 0, 2, 1, 0, 0, 0, 1, 3, 0, 0, 1, 0, 0, 1, 0, 2, 0, 1, 0, 2, 1, 0, 0, 1, 1, 3, 1, 1, 3, 0, 1, 0, 0, 2, 0, 0, 0, 0, 1, 0, 2, 0, 1, 0, 1, 0, 0, 0, 1, 0, 0, 0, 1, 0],801.427594812029,57868.49349465401,91455.85780813712,true
20,G1_CMAX,G3_TWC,[31, 22, 82, 15, 26, 9, 42, 95, 77, 12, 47, 5, 93, 78, 86, 54, 85, 63, 18, 44, 20, 35, 43, 97, 91, 76, 10, 30, 21, 45, 71, 64, 1, 23, 17, 83, 24, 14, 60, 36, 6, 57, 94, 88, 65, 56, 79, 40, 67, 68, 46, 75, 38, 58, 19, 32, 81, 41, 27, 62, 87, 90, 99, 59, 11, 16, 72, 73, 69, 39, 37, 84, 3, 92, 25, 55, 28, 29, 51, 7, 66, 61, 98, 33, 89, 50, 48, 96, 80, 53, 8, 4, 34, 2, 52, 0, 13, 70, 49, 74]|[1, 1, 0, 1, 1, 1, 2, 1, 2, 1, 2, 2, 2, 1, 1, 0, 0, 1, 0, 2, 2, 0, 1, 2, 0, 1, 2, 2, 0, 0, 1, 2, 1, 2, 1, 0, 2, 0, 1, 1, 0, 1, 1, 1, 0, 2, 1, 1, 0, 0, 0, 0, 1, 1, 2, 1, 2, 0, 0, 0, 2, 1, 0, 1, 2, 1, 2, 1, 1, 1, 1, 1, 1, 0, 1, 2, 0, 0, 0, 1, 2, 1, 2, 2, 1, 0, 0, 2, 0, 0, 0, 0, 2, 0, 1, 0, 0, 1, 0, 2]|[4, 3, 2, 2, 4, 0, 2, 2, 2, 4, 1, 1, 2, 4, 4, 1, 2, 4, 2, 1, 1, 1, 1, 2, 1, 2, 1, 1, 1, 1, 3, 2, 3, 0, 4, 0, 1, 1, 0, 3, 2, 2, 2, 0, 1, 1, 0, 4, 0, 1, 2, 2, 1, 4, 0, 3, 2, 1, 1, 2, 1, 3, 1, 1, 1, 3, 0, 4, 3, 1, 4, 1, 1, 2, 4, 1, 2, 1, 1, 3, 1, 3, 1, 1, 1, 1, 1, 1, 1, 2, 1, 2, 1, 2, 1, 2, 2, 3, 1, 1]|[0, 2, 1, 1, 3, 3, 0, 1, 0, 0, 0, 0, 1, 0, 1, 0, 0, 3, 1, 0, 0, 0, 3, 1, 0, 2, 0, 0, 0, 1, 0, 0, 0, 0, 3, 0, 1, 0, 0, 2, 1, 1, 1, 0, 0, 0, 0, 2, 1, 0, 0, 0, 1, 3, 0, 0, 1, 0, 0, 1, 0, 2, 0, 1, 0, 2, 1, 0, 0, 1, 1, 3, 1, 1, 3, 0, 1, 0, 0, 2, 0, 0, 0, 0, 1, 0, 0, 0, 0, 1, 0, 1, 0, 0, 1, 0, 0, 0, 1, 0],781.6141391557244,57503.3251286811,93263.79009967706,true
20,G4_BALANCED,G4_BALANCED,[31, 22, 82, 15, 26, 9, 95, 42, 77, 68, 47, 48, 5, 93, 78, 86, 54, 85, 63, 18, 44, 20, 49, 36, 14, 74, 50, 53, 17, 21, 28, 71, 64, 3, 23, 30, 83, 24, 41, 60, 52, 65, 27, 90, 70, 39, 87, 69, 99, 4, 46, 1, 13, 58, 97, 59, 33, 8, 73, 37, 35, 79, 11, 66, 76, 32, 40, 80, 96, 6, 16, 61, 45, 7, 57, 34, 12, 67, 10, 98, 56, 88, 29, 75, 91, 38, 19, 92, 2, 84, 51, 72, 81, 25, 43, 55, 62, 89, 94, 0]|[2, 1, 2, 1, 1, 2, 1, 1, 1, 1, 1, 0, 0, 2, 2, 1, 2, 0, 0, 0, 2, 2, 1, 0, 2, 0, 2, 2, 1, 0, 1, 1, 1, 0, 0, 1, 0, 2, 1, 2, 2, 0, 0, 1, 1, 0, 2, 2, 1, 0, 0, 2, 0, 0, 2, 0, 1, 1, 0, 0, 2, 1, 0, 2, 2, 0, 2, 2, 0, 1, 2, 1, 1, 2, 0, 1, 1, 1, 1, 0, 1, 1, 1, 0, 1, 0, 2, 0, 2, 0, 1, 1, 1, 1, 1, 0, 1, 1, 2, 0]|[0, 3, 0, 3, 4, 1, 4, 4, 2, 4, 3, 0, 2, 1, 0, 2, 1, 1, 1, 2, 1, 1, 3, 0, 1, 0, 1, 1, 4, 1, 4, 3, 2, 2, 0, 4, 1, 1, 4, 0, 1, 2, 1, 4, 4, 1, 1, 2, 3, 1, 2, 1, 2, 1, 1, 2, 4, 3, 0, 2, 2, 3, 1, 0, 1, 2, 0, 1, 2, 4, 1, 3, 4, 1, 2, 4, 3, 3, 3, 2, 4, 4, 3, 2, 3, 2, 1, 2, 1, 2, 3, 4, 1, 4, 4, 2, 3, 4, 1, 2]|[0, 2, 0, 0, 3, 0, 1, 3, 0, 0, 2, 1, 0, 1, 0, 1, 0, 0, 0, 1, 0, 0, 2, 0, 0, 1, 0, 0, 3, 0, 1, 0, 2, 0, 1, 3, 0, 1, 3, 1, 0, 0, 0, 1, 3, 0, 0, 0, 2, 0, 0, 0, 0, 0, 1, 0, 1, 0, 1, 1, 0, 2, 0, 0, 0, 0, 0, 0, 0, 2, 0, 0, 1, 0, 0, 1, 0, 0, 3, 0, 3, 1, 0, 0, 0, 0, 0, 0, 0, 0, 0, 2, 1, 3, 2, 0, 0, 1, 0, 0],867.1207464638654,51611.49572945934,106209.51392432238,false
20,G2_TEC,G1_CMAX,[31, 22, 82, 15, 26, 58, 95, 42, 77, 12, 47, 5, 93, 78, 86, 54, 85, 63, 18, 44, 20, 35, 43, 97, 91, 76, 10, 30, 21, 45, 71, 64, 1, 23, 17, 83, 24, 14, 60, 36, 6, 57, 40, 88, 65, 80, 79, 94, 67, 68, 46, 75, 38, 9, 19, 32, 81, 41, 27, 62, 87, 90, 99, 59, 11, 16, 72, 73, 70, 39, 37, 84, 3, 92, 25, 55, 28, 29, 51, 7, 66, 61, 98, 48, 89, 50, 8, 96, 56, 53, 33, 4, 34, 2, 52, 0, 13, 69, 49, 74]|[1, 1, 0, 1, 1, 0, 1, 2, 2, 1, 2, 2, 2, 1, 1, 0, 0, 1, 0, 2, 2, 0, 1, 2, 0, 1, 2, 2, 0, 0, 1, 2, 1, 2, 1, 0, 2, 0, 1, 1, 0, 1, 1, 1, 0, 2, 1, 1, 0, 0, 0, 0, 1, 1, 2, 1, 2, 0, 0, 0, 2, 1, 0, 1, 2, 1, 2, 1, 1, 1, 1, 1, 1, 0, 1, 2, 0, 0, 0, 1, 2, 1, 2, 0, 1, 0, 1, 2, 0, 0, 2, 1, 2, 0, 1, 0, 0, 1, 0, 2]|[4, 3, 2, 2, 0, 1, 2, 2, 2, 4, 1, 1, 2, 4, 4, 1, 2, 4, 2, 1, 1, 1, 1, 2, 1, 2, 1, 1, 1, 1, 3, 2, 3, 0, 4, 0, 1, 1, 0, 3, 2, 2, 2, 0, 1, 1, 0, 4, 0, 1, 2, 2, 1, 4, 0, 3, 2, 1, 1, 2, 1, 3, 1, 1, 1, 3, 0, 4, 3, 1, 4, 1, 1, 0, 4, 1, 2, 1, 1, 1, 1, 3, 1, 1, 1, 1, 3, 1, 1, 2, 1, 4, 1, 2, 1, 2, 2, 4, 1, 1]|[0, 2, 1, 1, 3, 0, 1, 0, 0, 0, 0, 0, 1, 0, 1, 0, 0, 3, 1, 0, 0, 0, 3, 1, 0, 2, 0, 0, 0, 1, 0, 0, 0, 0, 3, 0, 1, 0, 0, 2, 1, 1, 1, 0, 0, 0, 0, 2, 1, 0, 0, 0, 1, 3, 0, 0, 1, 0, 0, 1, 0, 2, 0, 1, 0, 2, 1, 0, 0, 1, 1, 3, 1, 1, 3, 0, 1, 0, 0, 2, 0, 0, 0, 0, 1, 0, 2, 0, 0, 1, 0, 0, 0, 0, 1, 0, 0, 2, 1, 0],747.6225404822953,57137.516466377114,94338.15808460375,true
20,G3_TWC,G1_CMAX,[31, 22, 82, 15, 26, 9, 42, 95, 77, 12, 47, 5, 93, 78, 86, 54, 85, 63, 18, 44, 20, 35, 43, 97, 91, 76, 10, 30, 21, 45, 71, 64, 1, 23, 17, 83, 24, 14, 60, 36, 6, 57, 94, 88, 65, 56, 79, 40, 67, 68, 46, 75, 38, 58, 19, 32, 81, 41, 27, 62, 87, 90, 99, 59, 11, 16, 72, 73, 69, 39, 37, 84, 3, 92, 25, 55, 28, 29, 51, 7, 33, 61, 98, 66, 89, 50, 8, 96, 53, 80, 4, 48, 34, 2, 52, 13, 0, 70, 49, 74]|[1, 1, 0, 1, 1, 1, 2, 1, 2, 1, 2, 2, 2, 1, 1, 0, 0, 1, 0, 2, 2, 0, 1, 2, 0, 1, 2, 2, 0, 0, 1, 2, 1, 2, 1, 0, 2, 0, 1, 1, 0, 1, 1, 1, 0, 2, 1, 1, 0, 0, 0, 0, 1, 1, 2, 1, 2, 0, 0, 0, 2, 1, 0, 1, 2, 1, 2, 1, 1, 1, 1, 1, 1, 0, 1, 2, 0, 0, 0, 1, 2, 1, 0, 2, 1, 0, 1, 0, 0, 0, 0, 0, 2, 0, 1, 0, 0, 1, 0, 2]|[4, 3, 2, 2, 0, 0, 2, 2, 2, 4, 1, 1, 2, 4, 4, 1, 2, 4, 2, 1, 1, 1, 1, 2, 1, 2, 1, 1, 1, 1, 3, 2, 3, 0, 4, 0, 1, 1, 0, 3, 2, 2, 2, 0, 1, 1, 0, 4, 0, 1, 2, 2, 1, 4, 0, 3, 2, 1, 1, 2, 1, 3, 1, 1, 1, 3, 0, 4, 3, 1, 4, 1, 1, 0, 4, 1, 2, 1, 1, 3, 1, 3, 1, 1, 1, 1, 3, 1, 2, 1, 2, 1, 1, 2, 1, 2, 2, 3, 1, 1]|[0, 2, 1, 1, 3, 3, 0, 1, 0, 0, 0, 0, 1, 0, 1, 0, 0, 3, 1, 0, 0, 0, 3, 1, 0, 2, 0, 0, 0, 1, 0, 0, 0, 0, 3, 0, 1, 0, 0, 2, 1, 1, 1, 0, 0, 0, 0, 2, 1, 0, 0, 0, 1, 3, 0, 0, 1, 0, 0, 1, 0, 2, 0, 1, 0, 2, 1, 0, 0, 1, 1, 3, 1, 1, 3, 0, 1, 0, 0, 2, 0, 0, 0, 0, 1, 0, 2, 0, 1, 0, 1, 0, 0, 0, 1, 0, 0, 0, 1, 0],801.427594812029,57868.49349465401,91455.85780813712,true
20,G1_CMAX,G1_CMAX,[31, 22, 82, 15, 26, 9, 42, 95, 77, 12, 47, 5, 93, 78, 86, 54, 85, 63, 18, 44, 20, 35, 43, 97, 91, 76, 10, 30, 21, 45, 71, 64, 1, 23, 17, 83, 24, 14, 60, 36, 6, 57, 94, 88, 65, 56, 79, 40, 67, 68, 46, 75, 38, 58, 19, 32, 81, 41, 27, 62, 87, 90, 99, 59, 11, 16, 72, 73, 69, 39, 37, 84, 3, 92, 25, 55, 28, 29, 51, 7, 98, 61, 33, 66, 89, 50, 8, 96, 53, 80, 4, 48, 52, 2, 34, 0, 13, 70, 49, 74]|[1, 1, 0, 1, 1, 1, 1, 2, 2, 1, 2, 2, 2, 1, 1, 0, 0, 1, 0, 2, 2, 0, 1, 2, 0, 1, 2, 2, 0, 0, 1, 2, 1, 2, 1, 0, 2, 0, 1, 1, 0, 1, 1, 1, 0, 2, 1, 1, 0, 0, 0, 0, 1, 1, 2, 1, 2, 0, 0, 0, 2, 1, 0, 1, 2, 1, 2, 1, 1, 1, 1, 1, 1, 0, 1, 2, 0, 0, 0, 1, 2, 1, 2, 2, 1, 0, 0, 2, 0, 0, 0, 0, 1, 0, 2, 0, 0, 1, 0, 2]|[4, 3, 2, 2, 4, 0, 2, 2, 2, 4, 1, 1, 2, 4, 4, 1, 2, 4, 2, 1, 1, 1, 1, 2, 1, 2, 1, 1, 1, 1, 3, 2, 3, 1, 4, 0, 1, 1, 0, 3, 2, 2, 2, 0, 1, 1, 0, 4, 0, 1, 2, 2, 1, 4, 0, 3, 2, 1, 1, 2, 1, 3, 1, 1, 1, 3, 0, 4, 3, 1, 4, 1, 1, 2, 4, 1, 2, 1, 1, 1, 1, 3, 1, 1, 1, 1, 1, 1, 2, 1, 2, 1, 1, 2, 1, 2, 2, 3, 1, 1]|[0, 2, 1, 1, 3, 3, 1, 0, 0, 0, 0, 0, 1, 0, 1, 0, 0, 3, 1, 0, 0, 0, 3, 1, 0, 2, 0, 0, 0, 1, 0, 0, 0, 0, 3, 0, 1, 0, 0, 2, 1, 1, 1, 0, 0, 0, 0, 2, 1, 0, 0, 0, 1, 3, 0, 0, 1, 0, 0, 1, 0, 2, 0, 1, 0, 2, 1, 0, 0, 1, 1, 3, 1, 1, 3, 0, 1, 0, 0, 2, 0, 0, 0, 0, 1, 0, 0, 0, 1, 0, 1, 0, 1, 0, 0, 0, 0, 0, 1, 0],779.9874732025453,57476.05373568449,93137.81414191051,false
20,G4_BALANCED,G4_BALANCED,[31, 22, 82, 15, 26, 58, 95, 42, 77, 12, 47, 5, 93, 78, 86, 54, 85, 63, 18, 44, 20, 35, 43, 97, 91, 76, 10, 30, 21, 45, 71, 64, 1, 23, 17, 83, 24, 14, 60, 36, 6, 57, 40, 88, 65, 56, 79, 94, 67, 41, 68, 75, 38, 9, 19, 32, 81, 55, 27, 62, 87, 90, 99, 59, 11, 16, 72, 73, 70, 39, 37, 84, 3, 92, 25, 46, 28, 29, 51, 50, 66, 61, 98, 48, 89, 7, 8, 96, 34, 53, 69, 4, 80, 2, 52, 0, 49, 33, 13, 74]|[1, 1, 0, 1, 1, 0, 2, 1, 2, 1, 2, 2, 2, 1, 1, 0, 0, 1, 0, 2, 2, 0, 1, 2, 0, 1, 2, 2, 0, 0, 1, 2, 1, 2, 1, 0, 2, 0, 1, 1, 0, 1, 1, 1, 0, 2, 1, 1, 0, 0, 0, 0, 1, 1, 2, 1, 2, 2, 0, 0, 2, 1, 0, 1, 2, 1, 2, 1, 1, 1, 1, 1, 1, 0, 1, 0, 0, 0, 0, 0, 2, 1, 2, 0, 1, 1, 0, 2, 2, 0, 1, 1, 0, 0, 1, 0, 0, 2, 0, 2]|[4, 3, 2, 2, 4, 1, 2, 2, 2, 4, 1, 1, 2, 4, 4, 1, 2, 4, 2, 1, 1, 1, 1, 2, 1, 2, 1, 1, 1, 1, 3, 2, 3, 1, 4, 0, 1, 1, 0, 3, 2, 2, 4, 0, 1, 1, 0, 2, 0, 1, 1, 2, 1, 4, 0, 3, 2, 1, 1, 2, 1, 3, 1, 1, 1, 3, 1, 4, 3, 1, 4, 1, 1, 0, 4, 2, 2, 1, 1, 1, 1, 3, 1, 1, 1, 3, 1, 1, 1, 2, 4, 4, 1, 2, 1, 2, 1, 1, 2, 1]|[0, 2, 1, 1, 3, 0, 0, 1, 0, 0, 0, 0, 1, 0, 1, 0, 0, 3, 1, 0, 0, 0, 3, 1, 0, 2, 0, 0, 0, 1, 0, 0, 0, 0, 3, 0, 1, 0, 0, 2, 1, 1, 2, 0, 0, 0, 0, 1, 1, 0, 0, 0, 1, 3, 0, 0, 1, 0, 0, 1, 0, 2, 0, 1, 0, 2, 0, 0, 0, 1, 1, 3, 1, 1, 3, 0, 1, 0, 0, 0, 0, 0, 0, 0, 1, 2, 0, 0, 0, 1, 2, 0, 0, 0, 1, 0, 1, 0, 0, 0],767.6900619842797,56175.82867208527,95328.18415931956,false
20,G2_TEC,G2_TEC,[31, 22, 82, 15, 26, 9, 95, 42, 77, 68, 47, 5, 93, 78, 86, 54, 85, 63, 18, 44, 20, 49, 36, 14, 74, 50, 53, 17, 21, 28, 71, 64, 3, 23, 30, 83, 24, 41, 40, 52, 65, 27, 90, 70, 39, 87, 48, 69, 99, 4, 46, 1, 13, 58, 97, 59, 45, 8, 73, 37, 35, 79, 11, 66, 76, 32, 60, 80, 96, 6, 16, 61, 19, 7, 57, 34, 12, 67, 10, 98, 56, 88, 29, 75, 91, 38, 33, 92, 2, 84, 51, 72, 81, 25, 43, 55, 62, 89, 94, 0]|[2, 1, 2, 1, 1, 2, 1, 1, 1, 1, 1, 0, 2, 2, 1, 2, 0, 0, 0, 2, 2, 1, 0, 2, 0, 2, 2, 1, 0, 1, 1, 1, 0, 0, 1, 0, 2, 1, 2, 2, 0, 0, 1, 1, 0, 2, 0, 2, 1, 0, 0, 2, 0, 0, 2, 0, 1, 1, 0, 0, 2, 1, 0, 2, 2, 0, 2, 2, 0, 1, 2, 1, 1, 2, 0, 1, 1, 1, 1, 2, 2, 1, 1, 0, 1, 0, 1, 0, 2, 0, 1, 1, 1, 1, 1, 0, 1, 1, 2, 0]|[0, 3, 0, 3, 4, 1, 4, 4, 2, 4, 3, 2, 1, 0, 2, 1, 1, 1, 2, 1, 1, 3, 0, 1, 0, 1, 1, 4, 1, 4, 3, 2, 2, 0, 4, 1, 1, 4, 0, 1, 2, 1, 4, 4, 1, 1, 0, 2, 3, 1, 2, 1, 2, 1, 1, 2, 4, 3, 0, 2, 2, 3, 1, 0, 1, 2, 0, 1, 2, 4, 1, 3, 4, 1, 2, 4, 3, 3, 3, 1, 1, 4, 3, 2, 3, 2, 4, 2, 1, 2, 3, 4, 4, 4, 4, 2, 3, 4, 1, 2]|[0, 2, 0, 0, 3, 0, 1, 3, 0, 0, 2, 0, 1, 0, 1, 0, 0, 0, 1, 0, 0, 2, 0, 0, 1, 0, 0, 3, 0, 1, 0, 2, 0, 0, 3, 0, 1, 3, 0, 0, 0, 0, 1, 3, 0, 0, 1, 0, 2, 0, 0, 0, 0, 0, 1, 0, 1, 0, 1, 1, 0, 2, 0, 0, 0, 0, 0, 0, 0, 2, 0, 0, 1, 0, 0, 1, 0, 0, 3, 0, 0, 1, 0, 0, 0, 0, 1, 0, 0, 0, 0, 2, 1, 3, 2, 0, 0, 1, 0, 0],890.9074744783937,50673.96227735626,113466.60083846681,false
20,G3_TWC,G1_CMAX,[31, 22, 82, 15, 26, 9, 42, 95, 77, 12, 47, 5, 93, 78, 86, 54, 85, 63, 18, 44, 20, 35, 43, 97, 91, 76, 10, 30, 21, 45, 71, 64, 1, 23, 17, 83, 24, 14, 60, 36, 6, 57, 94, 88, 65, 56, 79, 40, 67, 68, 46, 75, 38, 58, 19, 32, 81, 41, 27, 62, 87, 90, 99, 59, 11, 16, 72, 73, 69, 39, 37, 84, 3, 92, 25, 55, 28, 29, 51, 7, 33, 61, 98, 66, 89, 50, 8, 96, 53, 80, 4, 48, 34, 2, 52, 13, 0, 70, 49, 74]|[1, 1, 0, 1, 1, 1, 2, 1, 2, 1, 2, 2, 2, 1, 1, 0, 0, 1, 0, 2, 2, 0, 1, 2, 0, 1, 2, 2, 0, 0, 1, 2, 1, 2, 1, 0, 2, 0, 1, 1, 0, 1, 1, 1, 0, 2, 1, 1, 0, 0, 0, 0, 1, 1, 2, 1, 2, 0, 0, 0, 2, 1, 0, 1, 2, 1, 2, 1, 1, 1, 1, 1, 1, 0, 1, 2, 0, 0, 0, 1, 2, 1, 0, 2, 1, 0, 1, 0, 0, 0, 0, 0, 2, 0, 1, 0, 0, 1, 0, 2]|[4, 3, 2, 2, 0, 0, 2, 2, 2, 4, 1, 1, 2, 4, 4, 1, 2, 4, 2, 1, 1, 1, 1, 2, 1, 2, 1, 1, 1, 1, 3, 2, 3, 0, 4, 0, 1, 1, 0, 3, 2, 2, 2, 0, 1, 1, 0, 4, 0, 1, 2, 2, 1, 4, 0, 3, 2, 1, 1, 2, 1, 3, 1, 1, 1, 3, 0, 4, 3, 1, 4, 1, 1, 0, 4, 1, 2, 1, 1, 3, 1, 3, 1, 1, 1, 1, 3, 1, 2, 1, 2, 1, 1, 2, 1, 2, 2, 3, 1, 1]|[0, 2, 1, 1, 3, 3, 0, 1, 0, 0, 0, 0, 1, 0, 1, 0, 0, 3, 1, 0, 0, 0, 3, 1, 0, 2, 0, 0, 0, 1, 0, 0, 0, 0, 3, 0, 1, 0, 0, 2, 1, 1, 1, 0, 0, 0, 0, 2, 1, 0, 0, 0, 1, 3, 0, 0, 1, 0, 0, 1, 0, 2, 0, 1, 0, 2, 1, 0, 0, 1, 1, 3, 1, 1, 3, 0, 1, 0, 0, 2, 0, 0, 0, 0, 1, 0, 2, 0, 1, 0, 1, 0, 0, 0, 1, 0, 0, 0, 1, 0],801.427594812029,57868.49349465401,91455.85780813712,true
20,G1_CMAX,G1_CMAX,[31, 22, 82, 15, 26, 9, 42, 95, 77, 12, 47, 5, 93, 78, 86, 54, 85, 63, 18, 44, 20, 35, 43, 97, 91, 76, 10, 30, 21, 45, 71, 64, 1, 23, 17, 83, 24, 14, 60, 36, 6, 57, 94, 88, 65, 56, 79, 40, 67, 68, 46, 75, 38, 58, 19, 32, 81, 41, 27, 62, 87, 90, 99, 59, 11, 16, 72, 73, 69, 39, 37, 84, 3, 92, 25, 55, 28, 29, 51, 7, 98, 61, 33, 66, 89, 50, 8, 96, 53, 80, 4, 48, 52, 2, 34, 0, 13, 70, 49, 74]|[1, 1, 0, 1, 1, 1, 1, 2, 2, 1, 2, 2, 2, 1, 1, 0, 0, 1, 0, 2, 2, 0, 1, 2, 0, 1, 2, 2, 0, 0, 1, 2, 1, 2, 1, 0, 2, 0, 1, 1, 0, 1, 1, 1, 0, 2, 1, 1, 0, 0, 0, 0, 1, 1, 2, 1, 2, 0, 0, 0, 2, 1, 0, 1, 2, 1, 2, 1, 1, 1, 1, 1, 1, 0, 1, 2, 0, 0, 0, 1, 2, 1, 2, 2, 1, 0, 0, 2, 0, 0, 0, 0, 1, 0, 2, 0, 0, 1, 0, 2]|[4, 3, 2, 2, 4, 0, 2, 2, 2, 4, 1, 1, 2, 4, 4, 1, 2, 4, 2, 1, 1, 1, 1, 2, 1, 2, 1, 1, 1, 1, 3, 2, 3, 1, 4, 0, 1, 1, 0, 3, 2, 2, 2, 0, 1, 1, 0, 4, 0, 1, 2, 2, 1, 4, 0, 3, 2, 1, 1, 2, 1, 3, 1, 1, 1, 3, 0, 4, 3, 1, 4, 1, 1, 2, 4, 1, 2, 1, 1, 1, 1, 3, 1, 1, 1, 1, 1, 1, 2, 1, 2, 1, 1, 2, 1, 2, 2, 3, 1, 1]|[0, 2, 1, 1, 3, 3, 1, 0, 0, 0, 0, 0, 1, 0, 1, 0, 0, 3, 1, 0, 0, 0, 3, 1, 0, 2, 0, 0, 0, 1, 0, 0, 0, 0, 3, 0, 1, 0, 0, 2, 1, 1, 1, 0, 0, 0, 0, 2, 1, 0, 0, 0, 1, 3, 0, 0, 1, 0, 0, 1, 0, 2, 0, 1, 0, 2, 1, 0, 0, 1, 1, 3, 1, 1, 3, 0, 1, 0, 0, 2, 0, 0, 0, 0, 1, 0, 0, 0, 1, 0, 1, 0, 1, 0, 0, 0, 0, 0, 1, 0],779.9874732025453,57476.05373568449,93137.81414191051,false
20,G4_BALANCED,G4_BALANCED,[31, 22, 82, 15, 26, 9, 95, 42, 77, 68, 47, 48, 5, 93, 78, 86, 54, 85, 63, 18, 44, 20, 49, 36, 14, 74, 50, 53, 17, 21, 28, 71, 64, 3, 23, 30, 83, 24, 41, 60, 52, 65, 27, 90, 70, 39, 87, 69, 99, 4, 46, 1, 13, 58, 97, 59, 45, 8, 73, 37, 35, 79, 11, 66, 76, 32, 40, 80, 96, 6, 16, 61, 33, 98, 57, 34, 12, 67, 10, 7, 56, 88, 29, 75, 91, 38, 19, 92, 43, 84, 51, 72, 81, 25, 2, 55, 62, 89, 94, 0]|[2, 1, 2, 1, 1, 2, 1, 1, 1, 1, 1, 0, 0, 2, 2, 1, 2, 0, 0, 0, 2, 2, 1, 0, 2, 0, 2, 2, 1, 0, 1, 1, 1, 0, 0, 1, 0, 2, 1, 2, 2, 0, 0, 1, 1, 0, 2, 2, 1, 0, 0, 2, 0, 0, 2, 0, 1, 1, 0, 0, 2, 1, 0, 2, 2, 0, 2, 2, 0, 1, 2, 1, 1, 0, 0, 1, 1, 1, 1, 2, 2, 1, 1, 0, 1, 0, 2, 0, 1, 0, 1, 1, 1, 1, 2, 0, 1, 1, 2, 0]|[0, 3, 0, 3, 4, 1, 4, 4, 2, 4, 3, 0, 2, 1, 0, 2, 1, 1, 1, 2, 1, 1, 3, 0, 1, 0, 1, 1, 4, 1, 4, 3, 2, 2, 0, 4, 1, 1, 4, 0, 1, 2, 1, 4, 4, 1, 1, 2, 3, 1, 2, 1, 2, 1, 1, 2, 4, 3, 0, 2, 2, 3, 1, 0, 1, 2, 0, 1, 2, 4, 1, 3, 4, 2, 2, 4, 3, 3, 3, 1, 1, 4, 3, 2, 3, 2, 1, 2, 4, 2, 3, 4, 4, 4, 1, 2, 3, 4, 1, 2]|[0, 2, 0, 0, 3, 0, 1, 3, 0, 0, 2, 1, 0, 1, 0, 1, 0, 0, 0, 1, 0, 0, 2, 0, 0, 1, 0, 0, 3, 0, 1, 0, 2, 0, 1, 3, 0, 1, 3, 0, 0, 0, 0, 1, 3, 0, 0, 0, 2, 0, 0, 0, 0, 0, 1, 0, 1, 0, 1, 1, 0, 2, 0, 0, 0, 0, 0, 0, 0, 2, 0, 0, 1, 0, 0, 1, 0, 0, 3, 0, 0, 1, 0, 0, 0, 0, 0, 0, 2, 0, 0, 2, 1, 3, 0, 0, 0, 1, 0, 0],866.8631017811093,51314.54423184823,110377.7585488883,false
20,G2_TEC,G2_TEC,[31, 22, 82, 15, 26, 9, 95, 42, 77, 68, 47, 5, 93, 78, 86, 54, 85, 63, 18, 44, 20, 49, 36, 14, 74, 50, 53, 17, 21, 28, 71, 64, 3, 23, 30, 83, 24, 41, 40, 52, 65, 27, 90, 70, 39, 87, 48, 69, 99, 4, 46, 1, 13, 58, 97, 59, 45, 8, 73, 37, 35, 79, 11, 66, 76, 32, 60, 80, 96, 6, 16, 61, 19, 7, 57, 34, 12, 67, 10, 98, 56, 88, 29, 75, 91, 38, 33, 92, 2, 84, 51, 72, 81, 25, 43, 55, 62, 89, 94, 0]|[2, 1, 2, 1, 1, 2, 1, 1, 1, 1, 1, 0, 2, 2, 1, 2, 0, 0, 0, 2, 2, 1, 0, 2, 0, 2, 2, 1, 0, 1, 1, 1, 0, 0, 1, 0, 2, 1, 2, 2, 0, 0, 1, 1, 0, 2, 0, 2, 1, 0, 0, 2, 0, 0, 2, 0, 1, 1, 0, 0, 2, 1, 0, 2, 2, 0, 2, 2, 0, 1, 2, 1, 1, 2, 0, 1, 1, 1, 1, 2, 2, 1, 1, 0, 1, 0, 1, 0, 2, 0, 1, 1, 1, 1, 1, 0, 1, 1, 2, 0]|[0, 3, 0, 3, 4, 1, 4, 4, 2, 4, 3, 2, 1, 0, 2, 1, 1, 1, 2, 1, 1, 3, 0, 1, 0, 1, 1, 4, 1, 4, 3, 2, 2, 0, 4, 1, 1, 4, 0, 1, 2, 1, 4, 4, 1, 1, 0, 2, 3, 1, 2, 1, 2, 1, 1, 2, 4, 3, 0, 2, 2, 3, 1, 0, 1, 2, 0, 1, 2, 4, 1, 3, 4, 1, 2, 4, 3, 3, 3, 1, 1, 4, 3, 2, 3, 2, 4, 2, 1, 2, 3, 4, 4, 4, 4, 2, 3, 4, 1, 2]|[0, 2, 0, 0, 3, 0, 1, 3, 0, 0, 2, 0, 1, 0, 1, 0, 0, 0, 1, 0, 0, 2, 0, 0, 1, 0, 0, 3, 0, 1, 0, 2, 0, 0, 3, 0, 1, 3, 0, 0, 0, 0, 1, 3, 0, 0, 1, 0, 2, 0, 0, 0, 0, 0, 1, 0, 1, 0, 1, 1, 0, 2, 0, 0, 0, 0, 0, 0, 0, 2, 0, 0, 1, 0, 0, 1, 0, 0, 3, 0, 0, 1, 0, 0, 0, 0, 1, 0, 0, 0, 0, 2, 1, 3, 2, 0, 0, 1, 0, 0],890.9074744783937,50673.96227735626,113466.60083846681,false
20,G3_TWC,G1_CMAX,[31, 22, 82, 15, 26, 9, 42, 95, 77, 12, 47, 5, 93, 78, 86, 54, 85, 63, 18, 44, 20, 35, 43, 97, 91, 76, 10, 30, 21, 45, 71, 64, 1, 23, 17, 83, 24, 14, 60, 36, 6, 57, 94, 88, 65, 56, 79, 40, 67, 68, 46, 75, 38, 58, 19, 32, 81, 41, 27, 62, 87, 90, 99, 59, 11, 16, 72, 73, 69, 39, 37, 84, 3, 92, 25, 55, 28, 29, 51, 7, 33, 61, 98, 66, 89, 50, 8, 96, 53, 80, 4, 48, 34, 2, 52, 13, 0, 70, 49, 74]|[1, 1, 0, 1, 1, 1, 2, 1, 2, 1, 2, 2, 2, 1, 1, 0, 0, 1, 0, 2, 2, 0, 1, 2, 0, 1, 2, 2, 0, 0, 1, 2, 1, 2, 1, 0, 2, 0, 1, 1, 0, 1, 1, 1, 0, 2, 1, 1, 0, 0, 0, 0, 1, 1, 2, 1, 2, 0, 0, 0, 2, 1, 0, 1, 2, 1, 2, 1, 1, 1, 1, 1, 1, 0, 1, 2, 0, 0, 0, 1, 2, 1, 0, 2, 1, 0, 1, 0, 0, 0, 0, 0, 2, 0, 1, 0, 0, 1, 0, 2]|[4, 3, 2, 2, 0, 0, 2, 2, 2, 4, 1, 1, 2, 4, 4, 1, 2, 4, 2, 1, 1, 1, 1, 2, 1, 2, 1, 1, 1, 1, 3, 2, 3, 0, 4, 0, 1, 1, 0, 3, 2, 2, 2, 0, 1, 1, 0, 4, 0, 1, 2, 2, 1, 4, 0, 3, 2, 1, 1, 2, 1, 3, 1, 1, 1, 3, 0, 4, 3, 1, 4, 1, 1, 0, 4, 1, 2, 1, 1, 3, 1, 3, 1, 1, 1, 1, 3, 1, 2, 1, 2, 1, 1, 2, 1, 2, 2, 3, 1, 1]|[0, 2, 1, 1, 3, 3, 0, 1, 0, 0, 0, 0, 1, 0, 1, 0, 0, 3, 1, 0, 0, 0, 3, 1, 0, 2, 0, 0, 0, 1, 0, 0, 0, 0, 3, 0, 1, 0, 0, 2, 1, 1, 1, 0, 0, 0, 0, 2, 1, 0, 0, 0, 1, 3, 0, 0, 1, 0, 0, 1, 0, 2, 0, 1, 0, 2, 1, 0, 0, 1, 1, 3, 1, 1, 3, 0, 1, 0, 0, 2, 0, 0, 0, 0, 1, 0, 2, 0, 1, 0, 1, 0, 0, 0, 1, 0, 0, 0, 1, 0],801.427594812029,57868.49349465401,91455.85780813712,true
20,G1_CMAX,G1_CMAX,[31, 22, 82, 15, 26, 9, 42, 95, 77, 12, 47, 5, 93, 78, 86, 54, 85, 63, 18, 44, 20, 35, 43, 97, 91, 76, 10, 30, 21, 45, 71, 64, 1, 23, 17, 83, 24, 14, 60, 36, 6, 57, 94, 88, 65, 56, 79, 40, 67, 68, 46, 75, 38, 58, 19, 32, 81, 41, 27, 62, 87, 90, 99, 59, 11, 16, 72, 73, 69, 39, 37, 84, 3, 92, 25, 55, 28, 29, 51, 7, 98, 61, 33, 66, 89, 50, 8, 96, 53, 80, 4, 48, 52, 2, 34, 0, 13, 70, 49, 74]|[1, 1, 0, 1, 1, 1, 1, 2, 2, 1, 2, 2, 2, 1, 1, 0, 0, 1, 0, 2, 2, 0, 1, 2, 0, 1, 2, 2, 0, 0, 1, 2, 1, 2, 1, 0, 2, 0, 1, 1, 0, 1, 1, 1, 0, 2, 1, 1, 0, 0, 0, 0, 1, 1, 2, 1, 2, 0, 0, 0, 2, 1, 0, 1, 2, 1, 2, 1, 1, 1, 1, 1, 1, 0, 1, 2, 0, 0, 0, 1, 2, 1, 2, 2, 1, 0, 0, 2, 0, 0, 0, 0, 1, 0, 2, 0, 0, 1, 0, 2]|[4, 3, 2, 2, 4, 0, 2, 2, 2, 4, 1, 1, 2, 4, 4, 1, 2, 4, 2, 1, 1, 1, 1, 2, 1, 2, 1, 1, 1, 1, 3, 2, 3, 1, 4, 0, 1, 1, 0, 3, 2, 2, 2, 0, 1, 1, 0, 4, 0, 1, 2, 2, 1, 4, 0, 3, 2, 1, 1, 2, 1, 3, 1, 1, 1, 3, 0, 4, 3, 1, 4, 1, 1, 2, 4, 1, 2, 1, 1, 1, 1, 3, 1, 1, 1, 1, 1, 1, 2, 1, 2, 1, 1, 2, 1, 2, 2, 3, 1, 1]|[0, 2, 1, 1, 3, 3, 1, 0, 0, 0, 0, 0, 1, 0, 1, 0, 0, 3, 1, 0, 0, 0, 3, 1, 0, 2, 0, 0, 0, 1, 0, 0, 0, 0, 3, 0, 1, 0, 0, 2, 1, 1, 1, 0, 0, 0, 0, 2, 1, 0, 0, 0, 1, 3, 0, 0, 1, 0, 0, 1, 0, 2, 0, 1, 0, 2, 1, 0, 0, 1, 1, 3, 1, 1, 3, 0, 1, 0, 0, 2, 0, 0, 0, 0, 1, 0, 0, 0, 1, 0, 1, 0, 1, 0, 0, 0, 0, 0, 1, 0],779.9874732025453,57476.05373568449,93137.81414191051,false
20,G4_BALANCED,G3_TWC,[31, 22, 82, 15, 26, 58, 95, 42, 77, 12, 47, 5, 93, 78, 98, 54, 85, 63, 18, 44, 20, 35, 43, 97, 91, 76, 10, 30, 21, 45, 71, 64, 1, 23, 17, 83, 24, 14, 60, 36, 6, 57, 94, 88, 65, 56, 79, 40, 67, 68, 46, 75, 38, 9, 19, 32, 81, 41, 27, 62, 87, 90, 99, 59, 11, 16, 72, 73, 70, 39, 37, 84, 3, 92, 25, 55, 28, 29, 51, 7, 33, 61, 86, 66, 89, 50, 8, 96, 53, 80, 4, 48, 34, 49, 52, 0, 13, 69, 2, 74]|[1, 1, 0, 1, 1, 0, 2, 1, 2, 1, 2, 2, 2, 1, 1, 0, 0, 1, 0, 2, 2, 0, 1, 2, 0, 1, 2, 2, 0, 0, 1, 2, 1, 2, 1, 0, 2, 0, 1, 1, 0, 1, 1, 1, 0, 2, 1, 1, 0, 0, 0, 0, 1, 1, 2, 1, 2, 0, 0, 0, 2, 1, 0, 1, 2, 1, 2, 1, 1, 1, 1, 1, 1, 0, 1, 1, 0, 0, 0, 1, 2, 1, 0, 2, 1, 0, 1, 0, 0, 0, 0, 0, 2, 0, 1, 0, 0, 1, 0, 2]|[4, 3, 2, 2, 4, 1, 2, 2, 2, 4, 1, 1, 2, 4, 4, 1, 2, 4, 2, 1, 1, 1, 1, 2, 1, 2, 1, 1, 1, 1, 3, 2, 3, 1, 4, 0, 1, 1, 0, 3, 2, 2, 4, 0, 1, 1, 0, 2, 0, 1, 2, 2, 1, 4, 0, 3, 2, 1, 1, 2, 1, 3, 1, 1, 1, 3, 0, 4, 3, 1, 4, 1, 1, 0, 4, 4, 2, 1, 1, 3, 1, 3, 1, 1, 1, 1, 3, 1, 2, 1, 2, 1, 1, 1, 1, 2, 2, 3, 2, 1]|[0, 2, 1, 1, 3, 0, 0, 1, 0, 0, 0, 0, 1, 0, 1, 0, 0, 3, 1, 0, 0, 0, 3, 1, 0, 2, 0, 0, 0, 1, 0, 0, 0, 0, 3, 0, 1, 0, 0, 2, 1, 1, 2, 0, 0, 0, 0, 1, 1, 0, 0, 0, 1, 3, 0, 0, 1, 0, 0, 1, 0, 2, 0, 1, 0, 2, 1, 0, 0, 1, 1, 3, 1, 1, 3, 3, 1, 0, 0, 2, 0, 0, 0, 0, 1, 0, 2, 0, 1, 0, 1, 0, 0, 1, 1, 0, 0, 0, 0, 0],832.7069784438163,57195.48686171763,92291.03653708016,true
20,G2_TEC,G2_TEC,[31, 22, 82, 15, 26, 9, 95, 42, 77, 68, 47, 5, 93, 78, 86, 54, 85, 63, 18, 44, 20, 49, 36, 14, 74, 50, 53, 17, 21, 28, 71, 64, 3, 23, 30, 83, 24, 41, 40, 52, 65, 27, 90, 70, 39, 87, 48, 69, 99, 4, 46, 1, 13, 58, 97, 59, 45, 8, 73, 37, 35, 79, 11, 66, 76, 32, 60, 80, 96, 6, 16, 61, 19, 7, 57, 34, 12, 67, 10, 98, 56, 88, 29, 75, 91, 38, 33, 92, 2, 84, 51, 72, 81, 25, 43, 55, 62, 89, 94, 0]|[2, 1, 2, 1, 1, 2, 1, 1, 1, 1, 1, 0, 2, 2, 1, 2, 0, 0, 0, 2, 2, 1, 0, 2, 0, 2, 2, 1, 0, 1, 1, 1, 0, 0, 1, 0, 2, 1, 2, 2, 0, 0, 1, 1, 0, 2, 0, 2, 1, 0, 0, 2, 0, 0, 2, 0, 1, 1, 0, 0, 2, 1, 0, 2, 2, 0, 2, 2, 0, 1, 2, 1, 1, 2, 0, 1, 1, 1, 1, 2, 2, 1, 1, 0, 1, 0, 1, 0, 2, 0, 1, 1, 1, 1, 1, 0, 1, 1, 2, 0]|[0, 3, 0, 3, 4, 1, 4, 4, 2, 4, 3, 2, 1, 0, 2, 1, 1, 1, 2, 1, 1, 3, 0, 1, 0, 1, 1, 4, 1, 4, 3, 2, 2, 0, 4, 1, 1, 4, 0, 1, 2, 1, 4, 4, 1, 1, 0, 2, 3, 1, 2, 1, 2, 1, 1, 2, 4, 3, 0, 2, 2, 3, 1, 0, 1, 2, 0, 1, 2, 4, 1, 3, 4, 1, 2, 4, 3, 3, 3, 1, 1, 4, 3, 2, 3, 2, 4, 2, 1, 2, 3, 4, 4, 4, 4, 2, 3, 4, 1, 2]|[0, 2, 0, 0, 3, 0, 1, 3, 0, 0, 2, 0, 1, 0, 1, 0, 0, 0, 1, 0, 0, 2, 0, 0, 1, 0, 0, 3, 0, 1, 0, 2, 0, 0, 3, 0, 1, 3, 0, 0, 0, 0, 1, 3, 0, 0, 1, 0, 2, 0, 0, 0, 0, 0, 1, 0, 1, 0, 1, 1, 0, 2, 0, 0, 0, 0, 0, 0, 0, 2, 0, 0, 1, 0, 0, 1, 0, 0, 3, 0, 0, 1, 0, 0, 0, 0, 1, 0, 0, 0, 0, 2, 1, 3, 2, 0, 0, 1, 0, 0],890.9074744783937,50673.96227735626,113466.60083846681,false
20,G3_TWC,G1_CMAX,[31, 22, 82, 15, 26, 9, 42, 95, 77, 12, 47, 5, 93, 78, 86, 54, 85, 63, 18, 44, 20, 35, 43, 97, 91, 76, 10, 30, 21, 45, 71, 64, 1, 23, 17, 83, 24, 14, 60, 36, 6, 57, 94, 88, 65, 56, 79, 40, 67, 68, 46, 75, 38, 58, 19, 32, 81, 41, 27, 62, 87, 90, 99, 59, 11, 16, 72, 73, 69, 39, 37, 84, 3, 92, 25, 55, 28, 29, 51, 7, 33, 61, 98, 66, 89, 50, 8, 96, 53, 80, 4, 48, 34, 2, 52, 13, 0, 70, 49, 74]|[1, 1, 0, 1, 1, 1, 2, 1, 2, 1, 2, 2, 2, 1, 1, 0, 0, 1, 0, 2, 2, 0, 1, 2, 0, 1, 2, 2, 0, 0, 1, 2, 1, 2, 1, 0, 2, 0, 1, 1, 0, 1, 1, 1, 0, 2, 1, 1, 0, 0, 0, 0, 1, 1, 2, 1, 2, 0, 0, 0, 2, 1, 0, 1, 2, 1, 2, 1, 1, 1, 1, 1, 1, 0, 1, 2, 0, 0, 0, 1, 2, 1, 0, 2, 1, 0, 1, 0, 0, 0, 0, 0, 2, 0, 1, 0, 0, 1, 0, 2]|[4, 3, 2, 2, 0, 0, 2, 2, 2, 4, 1, 1, 2, 4, 4, 1, 2, 4, 2, 1, 1, 1, 1, 2, 1, 2, 1, 1, 1, 1, 3, 2, 3, 0, 4, 0, 1, 1, 0, 3, 2, 2, 2, 0, 1, 1, 0, 4, 0, 1, 2, 2, 1, 4, 0, 3, 2, 1, 1, 2, 1, 3, 1, 1, 1, 3, 0, 4, 3, 1, 4, 1, 1, 0, 4, 1, 2, 1, 1, 3, 1, 3, 1, 1, 1, 1, 3, 1, 2, 1, 2, 1, 1, 2, 1, 2, 2, 3, 1, 1]|[0, 2, 1, 1, 3, 3, 0, 1, 0, 0, 0, 0, 1, 0, 1, 0, 0, 3, 1, 0, 0, 0, 3, 1, 0, 2, 0, 0, 0, 1, 0, 0, 0, 0, 3, 0, 1, 0, 0, 2, 1, 1, 1, 0, 0, 0, 0, 2, 1, 0, 0, 0, 1, 3, 0, 0, 1, 0, 0, 1, 0, 2, 0, 1, 0, 2, 1, 0, 0, 1, 1, 3, 1, 1, 3, 0, 1, 0, 0, 2, 0, 0, 0, 0, 1, 0, 2, 0, 1, 0, 1, 0, 0, 0, 1, 0, 0, 0, 1, 0],801.427594812029,57868.49349465401,91455.85780813712,true
20,G1_CMAX,G1_CMAX,[31, 22, 82, 15, 26, 9, 42, 95, 77, 12, 47, 5, 93, 78, 86, 54, 85, 63, 18, 44, 20, 35, 43, 97, 91, 76, 10, 30, 21, 45, 71, 64, 1, 23, 17, 83, 24, 14, 60, 36, 6, 57, 94, 88, 65, 56, 79, 40, 67, 68, 46, 75, 38, 58, 19, 32, 81, 41, 27, 62, 87, 90, 99, 59, 11, 16, 72, 73, 69, 39, 37, 84, 3, 92, 25, 55, 28, 29, 51, 7, 98, 61, 33, 66, 89, 50, 8, 96, 53, 80, 4, 48, 52, 2, 34, 0, 13, 70, 49, 74]|[1, 1, 0, 1, 1, 1, 1, 2, 2, 1, 2, 2, 2, 1, 1, 0, 0, 1, 0, 2, 2, 0, 1, 2, 0, 1, 2, 2, 0, 0, 1, 2, 1, 2, 1, 0, 2, 0, 1, 1, 0, 1, 1, 1, 0, 2, 1, 1, 0, 0, 0, 0, 1, 1, 2, 1, 2, 0, 0, 0, 2, 1, 0, 1, 2, 1, 2, 1, 1, 1, 1, 1, 1, 0, 1, 2, 0, 0, 0, 1, 2, 1, 2, 2, 1, 0, 0, 2, 0, 0, 0, 0, 1, 0, 2, 0, 0, 1, 0, 2]|[4, 3, 2, 2, 4, 0, 2, 2, 2, 4, 1, 1, 2, 4, 4, 1, 2, 4, 2, 1, 1, 1, 1, 2, 1, 2, 1, 1, 1, 1, 3, 2, 3, 1, 4, 0, 1, 1, 0, 3, 2, 2, 2, 0, 1, 1, 0, 4, 0, 1, 2, 2, 1, 4, 0, 3, 2, 1, 1, 2, 1, 3, 1, 1, 1, 3, 0, 4, 3, 1, 4, 1, 1, 2, 4, 1, 2, 1, 1, 1, 1, 3, 1, 1, 1, 1, 1, 1, 2, 1, 2, 1, 1, 2, 1, 2, 2, 3, 1, 1]|[0, 2, 1, 1, 3, 3, 1, 0, 0, 0, 0, 0, 1, 0, 1, 0, 0, 3, 1, 0, 0, 0, 3, 1, 0, 2, 0, 0, 0, 1, 0, 0, 0, 0, 3, 0, 1, 0, 0, 2, 1, 1, 1, 0, 0, 0, 0, 2, 1, 0, 0, 0, 1, 3, 0, 0, 1, 0, 0, 1, 0, 2, 0, 1, 0, 2, 1, 0, 0, 1, 1, 3, 1, 1, 3, 0, 1, 0, 0, 2, 0, 0, 0, 0, 1, 0, 0, 0, 1, 0, 1, 0, 1, 0, 0, 0, 0, 0, 1, 0],779.9874732025453,57476.05373568449,93137.81414191051,false
20,G4_BALANCED,G4_BALANCED,[31, 22, 82, 15, 26, 9, 95, 42, 77, 68, 47, 5, 93, 78, 86, 54, 85, 63, 18, 44, 20, 49, 36, 14, 74, 50, 53, 17, 21, 28, 71, 64, 3, 23, 30, 83, 24, 41, 60, 52, 65, 27, 90, 70, 39, 87, 48, 69, 99, 4, 46, 1, 13, 58, 97, 59, 45, 8, 73, 37, 35, 40, 11, 66, 76, 32, 79, 80, 96, 6, 16, 61, 33, 7, 57, 34, 12, 67, 10, 84, 56, 88, 29, 75, 91, 38, 19, 92, 43, 98, 51, 72, 81, 25, 2, 55, 62, 89, 94, 0]|[2, 1, 2, 1, 1, 2, 1, 1, 1, 1, 1, 0, 2, 2, 1, 2, 0, 0, 0, 2, 2, 1, 0, 2, 0, 2, 2, 1, 0, 1, 1, 1, 0, 0, 1, 0, 2, 1, 2, 2, 0, 0, 1, 1, 0, 2, 0, 2, 1, 0, 0, 2, 0, 0, 2, 0, 1, 1, 0, 0, 2, 2, 0, 2, 2, 0, 1, 2, 0, 1, 2, 1, 1, 2, 0, 1, 1, 1, 1, 0, 2, 1, 1, 0, 1, 0, 1, 0, 1, 0, 1, 1, 1, 1, 2, 0, 1, 1, 1, 0]|[0, 3, 0, 3, 4, 1, 4, 4, 2, 4, 3, 2, 1, 0, 2, 1, 1, 1, 2, 1, 1, 3, 0, 1, 0, 1, 1, 4, 1, 4, 3, 2, 2, 0, 4, 1, 1, 4, 0, 1, 2, 1, 4, 4, 1, 1, 0, 2, 3, 1, 2, 1, 2, 1, 1, 2, 4, 3, 0, 2, 2, 0, 1, 0, 1, 2, 3, 1, 2, 4, 1, 3, 4, 1, 2, 4, 3, 3, 3, 2, 1, 4, 3, 2, 3, 2, 4, 2, 4, 2, 3, 4, 1, 4, 1, 2, 3, 4, 4, 2]|[0, 2, 0, 0, 3, 0, 1, 3, 0, 0, 2, 0, 1, 0, 1, 0, 0, 0, 1, 0, 0, 2, 0, 0, 1, 0, 0, 3, 0, 1, 0, 2, 0, 0, 3, 0, 1, 3, 1, 0, 0, 0, 1, 3, 0, 0, 1, 0, 2, 0, 0, 0, 0, 0, 1, 0, 1, 0, 1, 1, 0, 0, 0, 0, 0, 0, 2, 0, 0, 2, 0, 0, 1, 0, 0, 1, 0, 0, 3, 0, 0, 1, 0, 0, 0, 0, 3, 0, 2, 0, 0, 2, 1, 3, 0, 0, 0, 1, 2, 0],917.9517796412149,51256.21136847276,108684.1378071859,false
20,G2_TEC,G2_TEC,[31, 22, 82, 15, 26, 9, 95, 42, 77, 68, 47, 5, 93, 78, 86, 54, 85, 63, 18, 44, 20, 49, 36, 14, 74, 50, 53, 17, 21, 28, 71, 64, 3, 23, 30, 83, 24, 41, 40, 52, 65, 27, 90, 70, 39, 87, 48, 69, 99, 4, 46, 1, 13, 58, 97, 59, 45, 8, 73, 37, 35, 79, 11, 66, 76, 32, 60, 80, 96, 6, 16, 61, 19, 7, 57, 34, 12, 67, 10, 98, 56, 88, 29, 75, 91, 38, 33, 92, 2, 84, 51, 72, 81, 25, 43, 55, 62, 89, 94, 0]|[2, 1, 2, 1, 1, 2, 1, 1, 1, 1, 1, 0, 2, 2, 1, 2, 0, 0, 0, 2, 2, 1, 0, 2, 0, 2, 2, 1, 0, 1, 1, 1, 0, 0, 1, 0, 2, 1, 2, 2, 0, 0, 1, 1, 0, 2, 0, 2, 1, 0, 0, 2, 0, 0, 2, 0, 1, 1, 0, 0, 2, 1, 0, 2, 2, 0, 2, 2, 0, 1, 2, 1, 1, 2, 0, 1, 1, 1, 1, 2, 2, 1, 1, 0, 1, 0, 1, 0, 2, 0, 1, 1, 1, 1, 1, 0, 1, 1, 2, 0]|[0, 3, 0, 3, 4, 1, 4, 4, 2, 4, 3, 2, 1, 0, 2, 1, 1, 1, 2, 1, 1, 3, 0, 1, 0, 1, 1, 4, 1, 4, 3, 2, 2, 0, 4, 1, 1, 4, 0, 1, 2, 1, 4, 4, 1, 1, 0, 2, 3, 1, 2, 1, 2, 1, 1, 2, 4, 3, 0, 2, 2, 3, 1, 0, 1, 2, 0, 1, 2, 4, 1, 3, 4, 1, 2, 4, 3, 3, 3, 1, 1, 4, 3, 2, 3, 2, 4, 2, 1, 2, 3, 4, 4, 4, 4, 2, 3, 4, 1, 2]|[0, 2, 0, 0, 3, 0, 1, 3, 0, 0, 2, 0, 1, 0, 1, 0, 0, 0, 1, 0, 0, 2, 0, 0, 1, 0, 0, 3, 0, 1, 0, 2, 0, 0, 3, 0, 1, 3, 0, 0, 0, 0, 1, 3, 0, 0, 1, 0, 2, 0, 0, 0, 0, 0, 1, 0, 1, 0, 1, 1, 0, 2, 0, 0, 0, 0, 0, 0, 0, 2, 0, 0, 1, 0, 0, 1, 0, 0, 3, 0, 0, 1, 0, 0, 0, 0, 1, 0, 0, 0, 0, 2, 1, 3, 2, 0, 0, 1, 0, 0],890.9074744783937,50673.96227735626,113466.60083846681,false
20,G3_TWC,G1_CMAX,[31, 22, 82, 15, 26, 9, 42, 95, 77, 12, 47, 5, 93, 78, 86, 54, 85, 63, 18, 44, 20, 35, 43, 97, 91, 76, 10, 30, 21, 45, 71, 64, 1, 23, 17, 83, 24, 14, 60, 36, 6, 57, 94, 88, 65, 56, 79, 40, 67, 68, 46, 75, 38, 58, 19, 32, 81, 41, 27, 62, 87, 90, 99, 59, 11, 16, 72, 73, 69, 39, 37, 84, 3, 92, 25, 55, 28, 29, 51, 7, 33, 61, 98, 66, 89, 50, 8, 96, 53, 80, 4, 48, 34, 2, 52, 13, 0, 70, 49, 74]|[1, 1, 0, 1, 1, 1, 2, 1, 2, 1, 2, 2, 2, 1, 1, 0, 0, 1, 0, 2, 2, 0, 1, 2, 0, 1, 2, 2, 0, 0, 1, 2, 1, 2, 1, 0, 2, 0, 1, 1, 0, 1, 1, 1, 0, 2, 1, 1, 0, 0, 0, 0, 1, 1, 2, 1, 2, 0, 0, 0, 2, 1, 0, 1, 2, 1, 2, 1, 1, 1, 1, 1, 1, 0, 1, 2, 0, 0, 0, 1, 2, 1, 0, 2, 1, 0, 1, 0, 0, 0, 0, 0, 2, 0, 1, 0, 0, 1, 0, 2]|[4, 3, 2, 2, 0, 0, 2, 2, 2, 4, 1, 1, 2, 4, 4, 1, 2, 4, 2, 1, 1, 1, 1, 2, 1, 2, 1, 1, 1, 1, 3, 2, 3, 0, 4, 0, 1, 1, 0, 3, 2, 2, 2, 0, 1, 1, 0, 4, 0, 1, 2, 2, 1, 4, 0, 3, 2, 1, 1, 2, 1, 3, 1, 1, 1, 3, 0, 4, 3, 1, 4, 1, 1, 0, 4, 1, 2, 1, 1, 3, 1, 3, 1, 1, 1, 1, 3, 1, 2, 1, 2, 1, 1, 2, 1, 2, 2, 3, 1, 1]|[0, 2, 1, 1, 3, 3, 0, 1, 0, 0, 0, 0, 1, 0, 1, 0, 0, 3, 1, 0, 0, 0, 3, 1, 0, 2, 0, 0, 0, 1, 0, 0, 0, 0, 3, 0, 1, 0, 0, 2, 1, 1, 1, 0, 0, 0, 0, 2, 1, 0, 0, 0, 1, 3, 0, 0, 1, 0, 0, 1, 0, 2, 0, 1, 0, 2, 1, 0, 0, 1, 1, 3, 1, 1, 3, 0, 1, 0, 0, 2, 0, 0, 0, 0, 1, 0, 2, 0, 1, 0, 1, 0, 0, 0, 1, 0, 0, 0, 1, 0],801.427594812029,57868.49349465401,91455.85780813712,true
20,G1_CMAX,G1_CMAX,[31, 22, 82, 15, 26, 9, 42, 95, 77, 12, 47, 5, 93, 78, 86, 54, 85, 63, 18, 44, 20, 35, 43, 97, 91, 76, 10, 30, 21, 45, 71, 64, 1, 23, 17, 83, 24, 14, 60, 36, 6, 57, 94, 88, 65, 56, 79, 40, 67, 68, 46, 75, 38, 58, 19, 32, 81, 41, 27, 62, 87, 90, 99, 59, 11, 16, 72, 73, 69, 39, 37, 84, 3, 92, 25, 55, 28, 29, 51, 7, 98, 61, 33, 66, 89, 50, 8, 96, 53, 80, 4, 48, 52, 2, 34, 0, 13, 70, 49, 74]|[1, 1, 0, 1, 1, 1, 1, 2, 2, 1, 2, 2, 2, 1, 1, 0, 0, 1, 0, 2, 2, 0, 1, 2, 0, 1, 2, 2, 0, 0, 1, 2, 1, 2, 1, 0, 2, 0, 1, 1, 0, 1, 1, 1, 0, 2, 1, 1, 0, 0, 0, 0, 1, 1, 2, 1, 2, 0, 0, 0, 2, 1, 0, 1, 2, 1, 2, 1, 1, 1, 1, 1, 1, 0, 1, 2, 0, 0, 0, 1, 2, 1, 2, 2, 1, 0, 0, 2, 0, 0, 0, 0, 1, 0, 2, 0, 0, 1, 0, 2]|[4, 3, 2, 2, 4, 0, 2, 2, 2, 4, 1, 1, 2, 4, 4, 1, 2, 4, 2, 1, 1, 1, 1, 2, 1, 2, 1, 1, 1, 1, 3, 2, 3, 1, 4, 0, 1, 1, 0, 3, 2, 2, 2, 0, 1, 1, 0, 4, 0, 1, 2, 2, 1, 4, 0, 3, 2, 1, 1, 2, 1, 3, 1, 1, 1, 3, 0, 4, 3, 1, 4, 1, 1, 2, 4, 1, 2, 1, 1, 1, 1, 3, 1, 1, 1, 1, 1, 1, 2, 1, 2, 1, 1, 2, 1, 2, 2, 3, 1, 1]|[0, 2, 1, 1, 3, 3, 1, 0, 0, 0, 0, 0, 1, 0, 1, 0, 0, 3, 1, 0, 0, 0, 3, 1, 0, 2, 0, 0, 0, 1, 0, 0, 0, 0, 3, 0, 1, 0, 0, 2, 1, 1, 1, 0, 0, 0, 0, 2, 1, 0, 0, 0, 1, 3, 0, 0, 1, 0, 0, 1, 0, 2, 0, 1, 0, 2, 1, 0, 0, 1, 1, 3, 1, 1, 3, 0, 1, 0, 0, 2, 0, 0, 0, 0, 1, 0, 0, 0, 1, 0, 1, 0, 1, 0, 0, 0, 0, 0, 1, 0],779.9874732025453,57476.05373568449,93137.81414191051,false
20,G4_BALANCED,G1_CMAX,[31, 22, 82, 15, 26, 9, 42, 77, 12, 5, 47, 93, 78, 86, 54, 6, 63, 18, 44, 20, 35, 43, 97, 91, 76, 10, 30, 21, 45, 17, 23, 1, 71, 83, 24, 14, 60, 36, 85, 57, 40, 95, 88, 65, 56, 79, 94, 67, 68, 46, 75, 38, 58, 19, 32, 81, 41, 62, 87, 28, 90, 59, 11, 16, 72, 73, 69, 52, 37, 64, 84, 3, 25, 29, 55, 51, 7, 98, 61, 66, 99, 33, 89, 48, 50, 96, 53, 80, 4, 8, 27, 2, 39, 13, 0, 92, 49, 74, 34, 70]|[1, 1, 0, 1, 1, 1, 2, 2, 1, 2, 2, 1, 1, 1, 0, 0, 1, 0, 2, 2, 0, 1, 2, 2, 1, 2, 2, 0, 0, 1, 2, 1, 1, 0, 2, 0, 1, 1, 0, 1, 1, 1, 1, 0, 2, 1, 1, 0, 0, 0, 0, 1, 1, 2, 1, 2, 0, 0, 2, 0, 1, 2, 2, 1, 2, 1, 1, 1, 1, 1, 1, 2, 1, 0, 2, 0, 1, 2, 1, 0, 0, 2, 1, 0, 0, 2, 0, 0, 1, 1, 0, 0, 1, 0, 0, 0, 0, 2, 2, 1]|[0, 3, 1, 2, 0, 0, 1, 1, 4, 1, 1, 4, 4, 4, 2, 2, 4, 2, 1, 1, 1, 1, 2, 1, 2, 1, 1, 1, 1, 4, 0, 3, 3, 0, 1, 1, 0, 3, 2, 2, 2, 2, 0, 1, 1, 0, 4, 0, 1, 2, 2, 1, 4, 0, 3, 2, 1, 2, 1, 2, 3, 1, 1, 3, 0, 4, 4, 1, 4, 3, 1, 2, 4, 1, 1, 1, 1, 1, 3, 1, 1, 1, 1, 1, 1, 1, 2, 1, 4, 3, 2, 2, 1, 2, 2, 0, 1, 1, 1, 4]|[1, 1, 1, 1, 3, 3, 0, 0, 0, 0, 0, 2, 0, 1, 0, 0, 3, 1, 0, 0, 0, 3, 1, 0, 2, 0, 0, 0, 1, 3, 0, 0, 0, 0, 1, 0, 0, 2, 1, 1, 1, 1, 0, 0, 0, 0, 2, 1, 0, 0, 0, 1, 3, 0, 0, 1, 0, 1, 0, 1, 2, 0, 0, 2, 1, 0, 2, 1, 1, 0, 3, 1, 3, 0, 0, 0, 2, 0, 0, 0, 0, 0, 1, 0, 0, 0, 1, 0, 0, 2, 1, 0, 1, 0, 0, 1, 1, 0, 0, 2],733.3116759547878,58140.55643565909,96674.14109675489,true
20,G2_TEC,G2_TEC,[31, 22, 82, 15, 26, 9, 95, 42, 77, 68, 47, 5, 93, 78, 86, 54, 85, 63, 18, 44, 20, 49, 36, 14, 74, 50, 53, 17, 21, 28, 71, 64, 3, 23, 30, 83, 24, 41, 40, 52, 65, 27, 90, 70, 39, 87, 48, 69, 99, 4, 46, 1, 13, 58, 97, 59, 45, 8, 73, 37, 35, 79, 11, 66, 76, 32, 60, 80, 96, 6, 16, 61, 19, 7, 57, 34, 12, 67, 10, 98, 56, 88, 29, 75, 91, 38, 33, 92, 2, 84, 51, 72, 81, 25, 43, 55, 62, 89, 94, 0]|[2, 1, 2, 1, 1, 2, 1, 1, 1, 1, 1, 0, 2, 2, 1, 2, 0, 0, 0, 2, 2, 1, 0, 2, 0, 2, 2, 1, 0, 1, 1, 1, 0, 0, 1, 0, 2, 1, 2, 2, 0, 0, 1, 1, 0, 2, 0, 2, 1, 0, 0, 2, 0, 0, 2, 0, 1, 1, 0, 0, 2, 1, 0, 2, 2, 0, 2, 2, 0, 1, 2, 1, 1, 2, 0, 1, 1, 1, 1, 2, 2, 1, 1, 0, 1, 0, 1, 0, 2, 0, 1, 1, 1, 1, 1, 0, 1, 1, 2, 0]|[0, 3, 0, 3, 4, 1, 4, 4, 2, 4, 3, 2, 1, 0, 2, 1, 1, 1, 2, 1, 1, 3, 0, 1, 0, 1, 1, 4, 1, 4, 3, 2, 2, 0, 4, 1, 1, 4, 0, 1, 2, 1, 4, 4, 1, 1, 0, 2, 3, 1, 2, 1, 2, 1, 1, 2, 4, 3, 0, 2, 2, 3, 1, 0, 1, 2, 0, 1, 2, 4, 1, 3, 4, 1, 2, 4, 3, 3, 3, 1, 1, 4, 3, 2, 3, 2, 4, 2, 1, 2, 3, 4, 4, 4, 4, 2, 3, 4, 1, 2]|[0, 2, 0, 0, 3, 0, 1, 3, 0, 0, 2, 0, 1, 0, 1, 0, 0, 0, 1, 0, 0, 2, 0, 0, 1, 0, 0, 3, 0, 1, 0, 2, 0, 0, 3, 0, 1, 3, 0, 0, 0, 0, 1, 3, 0, 0, 1, 0, 2, 0, 0, 0, 0, 0, 1, 0, 1, 0, 1, 1, 0, 2, 0, 0, 0, 0, 0, 0, 0, 2, 0, 0, 1, 0, 0, 1, 0, 0, 3, 0, 0, 1, 0, 0, 0, 0, 1, 0, 0, 0, 0, 2, 1, 3, 2, 0, 0, 1, 0, 0],890.9074744783937,50673.96227735626,113466.60083846681,false
20,G3_TWC,G1_CMAX,[31, 22, 82, 15, 26, 9, 42, 95, 77, 12, 47, 5, 93, 78, 86, 54, 85, 63, 18, 44, 20, 35, 43, 97, 91, 76, 10, 30, 21, 45, 71, 64, 1, 23, 17, 83, 24, 14, 60, 36, 6, 57, 94, 88, 65, 56, 79, 40, 67, 68, 46, 75, 38, 58, 19, 32, 81, 41, 27, 62, 87, 90, 99, 59, 11, 16, 72, 73, 69, 39, 37, 84, 3, 92, 25, 55, 28, 29, 51, 7, 33, 61, 98, 66, 89, 50, 8, 96, 53, 80, 4, 48, 34, 2, 52, 13, 0, 70, 49, 74]|[1, 1, 0, 1, 1, 1, 2, 1, 2, 1, 2, 2, 2, 1, 1, 0, 0, 1, 0, 2, 2, 0, 1, 2, 0, 1, 2, 2, 0, 0, 1, 2, 1, 2, 1, 0, 2, 0, 1, 1, 0, 1, 1, 1, 0, 2, 1, 1, 0, 0, 0, 0, 1, 1, 2, 1, 2, 0, 0, 0, 2, 1, 0, 1, 2, 1, 2, 1, 1, 1, 1, 1, 1, 0, 1, 2, 0, 0, 0, 1, 2, 1, 0, 2, 1, 0, 1, 0, 0, 0, 0, 0, 2, 0, 1, 0, 0, 1, 0, 2]|[4, 3, 2, 2, 0, 0, 2, 2, 2, 4, 1, 1, 2, 4, 4, 1, 2, 4, 2, 1, 1, 1, 1, 2, 1, 2, 1, 1, 1, 1, 3, 2, 3, 0, 4, 0, 1, 1, 0, 3, 2, 2, 2, 0, 1, 1, 0, 4, 0, 1, 2, 2, 1, 4, 0, 3, 2, 1, 1, 2, 1, 3, 1, 1, 1, 3, 0, 4, 3, 1, 4, 1, 1, 0, 4, 1, 2, 1, 1, 3, 1, 3, 1, 1, 1, 1, 3, 1, 2, 1, 2, 1, 1, 2, 1, 2, 2, 3, 1, 1]|[0, 2, 1, 1, 3, 3, 0, 1, 0, 0, 0, 0, 1, 0, 1, 0, 0, 3, 1, 0, 0, 0, 3, 1, 0, 2, 0, 0, 0, 1, 0, 0, 0, 0, 3, 0, 1, 0, 0, 2, 1, 1, 1, 0, 0, 0, 0, 2, 1, 0, 0, 0, 1, 3, 0, 0, 1, 0, 0, 1, 0, 2, 0, 1, 0, 2, 1, 0, 0, 1, 1, 3, 1, 1, 3, 0, 1, 0, 0, 2, 0, 0, 0, 0, 1, 0, 2, 0, 1, 0, 1, 0, 0, 0, 1, 0, 0, 0, 1, 0],801.427594812029,57868.49349465401,91455.85780813712,true
20,G1_CMAX,G1_CMAX,[31, 22, 82, 15, 26, 9, 42, 95, 77, 12, 47, 5, 93, 78, 86, 54, 85, 63, 18, 44, 20, 35, 43, 97, 91, 76, 10, 30, 21, 45, 71, 64, 1, 23, 17, 83, 24, 14, 60, 36, 6, 57, 94, 88, 65, 56, 79, 40, 67, 68, 46, 75, 38, 58, 19, 32, 81, 41, 27, 62, 87, 90, 99, 59, 11, 16, 72, 73, 69, 39, 37, 84, 3, 92, 25, 55, 28, 29, 51, 7, 98, 61, 33, 66, 89, 50, 8, 96, 53, 80, 4, 48, 52, 2, 34, 0, 13, 70, 49, 74]|[1, 1, 0, 1, 1, 1, 1, 2, 2, 1, 2, 2, 2, 1, 1, 0, 0, 1, 0, 2, 2, 0, 1, 2, 0, 1, 2, 2, 0, 0, 1, 2, 1, 2, 1, 0, 2, 0, 1, 1, 0, 1, 1, 1, 0, 2, 1, 1, 0, 0, 0, 0, 1, 1, 2, 1, 2, 0, 0, 0, 2, 1, 0, 1, 2, 1, 2, 1, 1, 1, 1, 1, 1, 0, 1, 2, 0, 0, 0, 1, 2, 1, 2, 2, 1, 0, 0, 2, 0, 0, 0, 0, 1, 0, 2, 0, 0, 1, 0, 2]|[4, 3, 2, 2, 4, 0, 2, 2, 2, 4, 1, 1, 2, 4, 4, 1, 2, 4, 2, 1, 1, 1, 1, 2, 1, 2, 1, 1, 1, 1, 3, 2, 3, 1, 4, 0, 1, 1, 0, 3, 2, 2, 2, 0, 1, 1, 0, 4, 0, 1, 2, 2, 1, 4, 0, 3, 2, 1, 1, 2, 1, 3, 1, 1, 1, 3, 0, 4, 3, 1, 4, 1, 1, 2, 4, 1, 2, 1, 1, 1, 1, 3, 1, 1, 1, 1, 1, 1, 2, 1, 2, 1, 1, 2, 1, 2, 2, 3, 1, 1]|[0, 2, 1, 1, 3, 3, 1, 0, 0, 0, 0, 0, 1, 0, 1, 0, 0, 3, 1, 0, 0, 0, 3, 1, 0, 2, 0, 0, 0, 1, 0, 0, 0, 0, 3, 0, 1, 0, 0, 2, 1, 1, 1, 0, 0, 0, 0, 2, 1, 0, 0, 0, 1, 3, 0, 0, 1, 0, 0, 1, 0, 2, 0, 1, 0, 2, 1, 0, 0, 1, 1, 3, 1, 1, 3, 0, 1, 0, 0, 2, 0, 0, 0, 0, 1, 0, 0, 0, 1, 0, 1, 0, 1, 0, 0, 0, 0, 0, 1, 0],779.9874732025453,57476.05373568449,93137.81414191051,false
20,G4_BALANCED,G3_TWC,[31, 22, 82, 15, 26, 58, 95, 42, 77, 12, 47, 5, 93, 78, 98, 54, 85, 63, 18, 44, 20, 35, 43, 97, 91, 76, 10, 30, 21, 45, 71, 64, 1, 23, 17, 83, 24, 14, 60, 36, 6, 57, 94, 88, 65, 56, 79, 40, 67, 68, 46, 75, 38, 9, 19, 32, 81, 41, 27, 62, 87, 90, 99, 59, 11, 16, 72, 73, 70, 39, 37, 84, 3, 92, 29, 55, 28, 25, 51, 7, 33, 61, 86, 66, 89, 50, 8, 96, 53, 80, 4, 48, 34, 49, 52, 0, 13, 69, 2, 74]|[1, 1, 0, 1, 1, 1, 2, 1, 2, 1, 2, 2, 2, 1, 1, 0, 0, 1, 0, 2, 2, 0, 1, 2, 0, 1, 2, 2, 0, 0, 1, 2, 1, 2, 1, 0, 2, 0, 1, 1, 0, 1, 1, 1, 0, 2, 1, 1, 0, 0, 0, 0, 1, 1, 2, 1, 2, 0, 0, 0, 2, 1, 0, 1, 2, 1, 2, 1, 1, 1, 1, 1, 1, 0, 0, 1, 0, 1, 0, 1, 2, 1, 0, 2, 1, 0, 0, 0, 0, 0, 0, 0, 2, 0, 1, 0, 0, 1, 0, 2]|[4, 3, 2, 2, 0, 0, 2, 2, 2, 4, 1, 1, 2, 4, 4, 1, 2, 4, 2, 1, 1, 1, 1, 2, 1, 2, 1, 1, 1, 1, 3, 2, 3, 0, 4, 0, 1, 1, 0, 3, 2, 2, 4, 0, 1, 1, 0, 2, 0, 1, 2, 2, 1, 4, 0, 3, 2, 1, 1, 2, 1, 3, 1, 1, 1, 3, 0, 4, 3, 1, 4, 1, 1, 0, 1, 4, 2, 4, 1, 3, 1, 3, 1, 1, 1, 1, 1, 1, 2, 1, 2, 1, 1, 1, 1, 2, 2, 3, 2, 1]|[0, 2, 1, 1, 3, 3, 0, 1, 0, 0, 0, 0, 1, 0, 1, 0, 0, 3, 1, 0, 0, 0, 3, 1, 0, 2, 0, 0, 0, 1, 0, 0, 0, 0, 3, 0, 1, 0, 0, 2, 1, 1, 2, 0, 0, 0, 0, 1, 1, 0, 0, 0, 1, 3, 0, 0, 1, 0, 0, 1, 0, 2, 0, 1, 0, 2, 1, 0, 0, 1, 1, 3, 1, 1, 0, 3, 1, 3, 0, 2, 0, 0, 0, 0, 1, 0, 0, 0, 1, 0, 1, 0, 0, 1, 1, 0, 0, 0, 0, 0],830.6232108157453,57853.54292695013,90988.55329469612,true
20,G2_TEC,G2_TEC,[31, 22, 82, 15, 26, 9, 95, 42, 77, 68, 47, 5, 93, 78, 86, 54, 85, 63, 18, 44, 20, 49, 36, 14, 74, 50, 53, 17, 21, 28, 71, 64, 3, 23, 30, 83, 24, 41, 40, 52, 65, 27, 90, 70, 39, 87, 48, 69, 99, 4, 46, 1, 13, 58, 97, 59, 45, 8, 73, 37, 35, 79, 11, 66, 76, 32, 60, 80, 96, 6, 16, 61, 19, 7, 57, 34, 12, 67, 10, 98, 56, 88, 29, 75, 91, 38, 33, 92, 2, 84, 51, 72, 81, 25, 43, 55, 62, 89, 94, 0]|[2, 1, 2, 1, 1, 2, 1, 1, 1, 1, 1, 0, 2, 2, 1, 2, 0, 0, 0, 2, 2, 1, 0, 2, 0, 2, 2, 1, 0, 1, 1, 1, 0, 0, 1, 0, 2, 1, 2, 2, 0, 0, 1, 1, 0, 2, 0, 2, 1, 0, 0, 2, 0, 0, 2, 0, 1, 1, 0, 0, 2, 1, 0, 2, 2, 0, 2, 2, 0, 1, 2, 1, 1, 2, 0, 1, 1, 1, 1, 2, 2, 1, 1, 0, 1, 0, 1, 0, 2, 0, 1, 1, 1, 1, 1, 0, 1, 1, 2, 0]|[0, 3, 0, 3, 4, 1, 4, 4, 2, 4, 3, 2, 1, 0, 2, 1, 1, 1, 2, 1, 1, 3, 0, 1, 0, 1, 1, 4, 1, 4, 3, 2, 2, 0, 4, 1, 1, 4, 0, 1, 2, 1, 4, 4, 1, 1, 0, 2, 3, 1, 2, 1, 2, 1, 1, 2, 4, 3, 0, 2, 2, 3, 1, 0, 1, 2, 0, 1, 2, 4, 1, 3, 4, 1, 2, 4, 3, 3, 3, 1, 1, 4, 3, 2, 3, 2, 4, 2, 1, 2, 3, 4, 4, 4, 4, 2, 3, 4, 1, 2]|[0, 2, 0, 0, 3, 0, 1, 3, 0, 0, 2, 0, 1, 0, 1, 0, 0, 0, 1, 0, 0, 2, 0, 0, 1, 0, 0, 3, 0, 1, 0, 2, 0, 0, 3, 0, 1, 3, 0, 0, 0, 0, 1, 3, 0, 0, 1, 0, 2, 0, 0, 0, 0, 0, 1, 0, 1, 0, 1, 1, 0, 2, 0, 0, 0, 0, 0, 0, 0, 2, 0, 0, 1, 0, 0, 1, 0, 0, 3, 0, 0, 1, 0, 0, 0, 0, 1, 0, 0, 0, 0, 2, 1, 3, 2, 0, 0, 1, 0, 0],890.9074744783937,50673.96227735626,113466.60083846681,false
20,G3_TWC,G1_CMAX,[31, 22, 82, 15, 26, 9, 42, 95, 77, 12, 47, 5, 93, 78, 86, 54, 85, 63, 18, 44, 20, 35, 43, 97, 91, 76, 10, 30, 21, 45, 71, 64, 1, 23, 17, 83, 24, 14, 60, 36, 6, 57, 94, 88, 65, 56, 79, 40, 67, 68, 46, 75, 38, 58, 19, 32, 81, 41, 27, 62, 87, 90, 99, 59, 11, 16, 72, 73, 69, 39, 37, 84, 3, 92, 25, 55, 28, 29, 51, 7, 33, 61, 98, 66, 89, 50, 8, 96, 53, 80, 4, 48, 34, 2, 52, 13, 0, 70, 49, 74]|[1, 1, 0, 1, 1, 1, 2, 1, 2, 1, 2, 2, 2, 1, 1, 0, 0, 1, 0, 2, 2, 0, 1, 2, 0, 1, 2, 2, 0, 0, 1, 2, 1, 2, 1, 0, 2, 0, 1, 1, 0, 1, 1, 1, 0, 2, 1, 1, 0, 0, 0, 0, 1, 1, 2, 1, 2, 0, 0, 0, 2, 1, 0, 1, 2, 1, 2, 1, 1, 1, 1, 1, 1, 0, 1, 2, 0, 0, 0, 1, 2, 1, 0, 2, 1, 0, 1, 0, 0, 0, 0, 0, 2, 0, 1, 0, 0, 1, 0, 2]|[4, 3, 2, 2, 0, 0, 2, 2, 2, 4, 1, 1, 2, 4, 4, 1, 2, 4, 2, 1, 1, 1, 1, 2, 1, 2, 1, 1, 1, 1, 3, 2, 3, 0, 4, 0, 1, 1, 0, 3, 2, 2, 2, 0, 1, 1, 0, 4, 0, 1, 2, 2, 1, 4, 0, 3, 2, 1, 1, 2, 1, 3, 1, 1, 1, 3, 0, 4, 3, 1, 4, 1, 1, 0, 4, 1, 2, 1, 1, 3, 1, 3, 1, 1, 1, 1, 3, 1, 2, 1, 2, 1, 1, 2, 1, 2, 2, 3, 1, 1]|[0, 2, 1, 1, 3, 3, 0, 1, 0, 0, 0, 0, 1, 0, 1, 0, 0, 3, 1, 0, 0, 0, 3, 1, 0, 2, 0, 0, 0, 1, 0, 0, 0, 0, 3, 0, 1, 0, 0, 2, 1, 1, 1, 0, 0, 0, 0, 2, 1, 0, 0, 0, 1, 3, 0, 0, 1, 0, 0, 1, 0, 2, 0, 1, 0, 2, 1, 0, 0, 1, 1, 3, 1, 1, 3, 0, 1, 0, 0, 2, 0, 0, 0, 0, 1, 0, 2, 0, 1, 0, 1, 0, 0, 0, 1, 0, 0, 0, 1, 0],801.427594812029,57868.49349465401,91455.85780813712,true
20,G1_CMAX,G1_CMAX,[31, 22, 82, 15, 26, 9, 42, 95, 77, 12, 47, 5, 93, 78, 86, 54, 85, 63, 18, 44, 20, 35, 43, 97, 91, 76, 10, 30, 21, 45, 71, 64, 1, 23, 17, 83, 24, 14, 60, 36, 6, 57, 94, 88, 65, 56, 79, 40, 67, 68, 46, 75, 38, 58, 19, 32, 81, 41, 27, 62, 87, 90, 99, 59, 11, 16, 72, 73, 69, 39, 37, 84, 3, 92, 25, 55, 28, 29, 51, 7, 98, 61, 33, 66, 89, 50, 8, 96, 53, 80, 4, 48, 52, 2, 34, 0, 13, 70, 49, 74]|[1, 1, 0, 1, 1, 1, 1, 2, 2, 1, 2, 2, 2, 1, 1, 0, 0, 1, 0, 2, 2, 0, 1, 2, 0, 1, 2, 2, 0, 0, 1, 2, 1, 2, 1, 0, 2, 0, 1, 1, 0, 1, 1, 1, 0, 2, 1, 1, 0, 0, 0, 0, 1, 1, 2, 1, 2, 0, 0, 0, 2, 1, 0, 1, 2, 1, 2, 1, 1, 1, 1, 1, 1, 0, 1, 2, 0, 0, 0, 1, 2, 1, 2, 2, 1, 0, 0, 2, 0, 0, 0, 0, 1, 0, 2, 0, 0, 1, 0, 2]|[4, 3, 2, 2, 4, 0, 2, 2, 2, 4, 1, 1, 2, 4, 4, 1, 2, 4, 2, 1, 1, 1, 1, 2, 1, 2, 1, 1, 1, 1, 3, 2, 3, 1, 4, 0, 1, 1, 0, 3, 2, 2, 2, 0, 1, 1, 0, 4, 0, 1, 2, 2, 1, 4, 0, 3, 2, 1, 1, 2, 1, 3, 1, 1, 1, 3, 0, 4, 3, 1, 4, 1, 1, 2, 4, 1, 2, 1, 1, 1, 1, 3, 1, 1, 1, 1, 1, 1, 2, 1, 2, 1, 1, 2, 1, 2, 2, 3, 1, 1]|[0, 2, 1, 1, 3, 3, 1, 0, 0, 0, 0, 0, 1, 0, 1, 0, 0, 3, 1, 0, 0, 0, 3, 1, 0, 2, 0, 0, 0, 1, 0, 0, 0, 0, 3, 0, 1, 0, 0, 2, 1, 1, 1, 0, 0, 0, 0, 2, 1, 0, 0, 0, 1, 3, 0, 0, 1, 0, 0, 1, 0, 2, 0, 1, 0, 2, 1, 0, 0, 1, 1, 3, 1, 1, 3, 0, 1, 0, 0, 2, 0, 0, 0, 0, 1, 0, 0, 0, 1, 0, 1, 0, 1, 0, 0, 0, 0, 0, 1, 0],779.9874732025453,57476.05373568449,93137.81414191051,false
20,G4_BALANCED,G4_BALANCED,[31, 22, 82, 15, 26, 58, 95, 42, 77, 12, 47, 5, 93, 78, 86, 54, 85, 63, 18, 72, 20, 35, 43, 97, 91, 76, 10, 30, 21, 45, 71, 64, 1, 23, 17, 83, 24, 14, 60, 36, 6, 57, 40, 88, 65, 56, 79, 94, 67, 41, 68, 75, 38, 9, 19, 32, 81, 55, 27, 62, 87, 90, 99, 59, 11, 16, 44, 73, 70, 39, 37, 84, 3, 92, 25, 46, 29, 28, 51, 7, 33, 61, 48, 98, 89, 8, 50, 96, 53, 80, 74, 66, 34, 2, 52, 13, 0, 49, 4, 69]|[1, 1, 0, 1, 1, 0, 1, 2, 2, 1, 2, 2, 2, 1, 1, 0, 0, 1, 0, 2, 2, 0, 1, 2, 0, 1, 2, 2, 0, 0, 1, 2, 1, 2, 1, 0, 2, 0, 1, 1, 0, 1, 1, 1, 0, 2, 1, 1, 0, 0, 0, 0, 1, 1, 2, 1, 2, 0, 0, 0, 2, 1, 0, 1, 2, 1, 2, 1, 1, 1, 1, 1, 1, 0, 1, 0, 0, 2, 0, 1, 2, 1, 0, 2, 1, 1, 0, 2, 0, 0, 2, 2, 2, 0, 1, 0, 0, 0, 1, 1]|[4, 3, 2, 2, 4, 1, 2, 2, 2, 4, 1, 1, 2, 4, 4, 1, 2, 4, 2, 1, 1, 1, 1, 2, 1, 2, 1, 1, 1, 1, 3, 2, 3, 1, 4, 0, 1, 1, 0, 3, 1, 2, 2, 0, 1, 1, 0, 4, 0, 1, 2, 2, 1, 4, 0, 3, 2, 1, 1, 2, 1, 3, 1, 1, 1, 3, 1, 4, 3, 1, 4, 1, 1, 0, 4, 2, 1, 1, 1, 1, 1, 3, 1, 1, 1, 3, 1, 1, 2, 1, 1, 1, 1, 2, 1, 2, 2, 1, 4, 4]|[0, 2, 1, 1, 3, 0, 1, 0, 0, 0, 0, 0, 1, 0, 1, 0, 0, 3, 1, 0, 0, 0, 3, 1, 0, 2, 0, 0, 0, 1, 0, 0, 0, 0, 3, 0, 1, 0, 0, 2, 0, 1, 1, 0, 0, 0, 0, 2, 1, 0, 0, 0, 1, 3, 0, 0, 1, 0, 0, 1, 0, 2, 0, 1, 0, 2, 0, 0, 0, 1, 1, 3, 1, 1, 3, 0, 0, 0, 0, 2, 0, 0, 0, 0, 1, 2, 0, 0, 1, 0, 0, 0, 0, 0, 1, 0, 0, 1, 0, 2],803.0384401484392,55492.80448051974,99537.6033374473,false
20,G2_TEC,G2_TEC,[31, 22, 82, 15, 26, 9, 95, 42, 77, 68, 47, 5, 93, 78, 86, 54, 85, 63, 18, 44, 20, 49, 36, 14, 74, 50, 53, 17, 21, 28, 71, 64, 3, 23, 30, 83, 24, 41, 40, 52, 65, 27, 90, 70, 39, 87, 48, 69, 99, 4, 46, 1, 13, 58, 97, 59, 45, 8, 73, 37, 35, 79, 11, 66, 76, 32, 60, 80, 96, 6, 16, 61, 19, 7, 57, 34, 12, 67, 10, 98, 56, 88, 29, 75, 91, 38, 33, 92, 2, 84, 51, 72, 81, 25, 43, 55, 62, 89, 94, 0]|[2, 1, 2, 1, 1, 2, 1, 1, 1, 1, 1, 0, 2, 2, 1, 2, 0, 0, 0, 2, 2, 1, 0, 2, 0, 2, 2, 1, 0, 1, 1, 1, 0, 0, 1, 0, 2, 1, 2, 2, 0, 0, 1, 1, 0, 2, 0, 2, 1, 0, 0, 2, 0, 0, 2, 0, 1, 1, 0, 0, 2, 1, 0, 2, 2, 0, 2, 2, 0, 1, 2, 1, 1, 2, 0, 1, 1, 1, 1, 2, 2, 1, 1, 0, 1, 0, 1, 0, 2, 0, 1, 1, 1, 1, 1, 0, 1, 1, 2, 0]|[0, 3, 0, 3, 4, 1, 4, 4, 2, 4, 3, 2, 1, 0, 2, 1, 1, 1, 2, 1, 1, 3, 0, 1, 0, 1, 1, 4, 1, 4, 3, 2, 2, 0, 4, 1, 1, 4, 0, 1, 2, 1, 4, 4, 1, 1, 0, 2, 3, 1, 2, 1, 2, 1, 1, 2, 4, 3, 0, 2, 2, 3, 1, 0, 1, 2, 0, 1, 2, 4, 1, 3, 4, 1, 2, 4, 3, 3, 3, 1, 1, 4, 3, 2, 3, 2, 4, 2, 1, 2, 3, 4, 4, 4, 4, 2, 3, 4, 1, 2]|[0, 2, 0, 0, 3, 0, 1, 3, 0, 0, 2, 0, 1, 0, 1, 0, 0, 0, 1, 0, 0, 2, 0, 0, 1, 0, 0, 3, 0, 1, 0, 2, 0, 0, 3, 0, 1, 3, 0, 0, 0, 0, 1, 3, 0, 0, 1, 0, 2, 0, 0, 0, 0, 0, 1, 0, 1, 0, 1, 1, 0, 2, 0, 0, 0, 0, 0, 0, 0, 2, 0, 0, 1, 0, 0, 1, 0, 0, 3, 0, 0, 1, 0, 0, 0, 0, 1, 0, 0, 0, 0, 2, 1, 3, 2, 0, 0, 1, 0, 0],890.9074744783937,50673.96227735626,113466.60083846681,false
20,G3_TWC,G1_CMAX,[31, 22, 82, 15, 26, 9, 42, 95, 77, 12, 47, 5, 93, 78, 86, 54, 85, 63, 18, 44, 20, 35, 43, 97, 91, 76, 10, 30, 21, 45, 71, 64, 1, 23, 17, 83, 24, 14, 60, 36, 6, 57, 94, 88, 65, 56, 79, 40, 67, 68, 46, 75, 38, 58, 19, 32, 81, 41, 27, 62, 87, 90, 99, 59, 11, 16, 72, 73, 69, 39, 37, 84, 3, 92, 25, 55, 28, 29, 51, 7, 33, 61, 98, 66, 89, 50, 8, 96, 53, 80, 4, 48, 34, 2, 52, 13, 0, 70, 49, 74]|[1, 1, 0, 1, 1, 1, 2, 1, 2, 1, 2, 2, 2, 1, 1, 0, 0, 1, 0, 2, 2, 0, 1, 2, 0, 1, 2, 2, 0, 0, 1, 2, 1, 2, 1, 0, 2, 0, 1, 1, 0, 1, 1, 1, 0, 2, 1, 1, 0, 0, 0, 0, 1, 1, 2, 1, 2, 0, 0, 0, 2, 1, 0, 1, 2, 1, 2, 1, 1, 1, 1, 1, 1, 0, 1, 2, 0, 0, 0, 1, 2, 1, 0, 2, 1, 0, 1, 0, 0, 0, 0, 0, 2, 0, 1, 0, 0, 1, 0, 2]|[4, 3, 2, 2, 0, 0, 2, 2, 2, 4, 1, 1, 2, 4, 4, 1, 2, 4, 2, 1, 1, 1, 1, 2, 1, 2, 1, 1, 1, 1, 3, 2, 3, 0, 4, 0, 1, 1, 0, 3, 2, 2, 2, 0, 1, 1, 0, 4, 0, 1, 2, 2, 1, 4, 0, 3, 2, 1, 1, 2, 1, 3, 1, 1, 1, 3, 0, 4, 3, 1, 4, 1, 1, 0, 4, 1, 2, 1, 1, 3, 1, 3, 1, 1, 1, 1, 3, 1, 2, 1, 2, 1, 1, 2, 1, 2, 2, 3, 1, 1]|[0, 2, 1, 1, 3, 3, 0, 1, 0, 0, 0, 0, 1, 0, 1, 0, 0, 3, 1, 0, 0, 0, 3, 1, 0, 2, 0, 0, 0, 1, 0, 0, 0, 0, 3, 0, 1, 0, 0, 2, 1, 1, 1, 0, 0, 0, 0, 2, 1, 0, 0, 0, 1, 3, 0, 0, 1, 0, 0, 1, 0, 2, 0, 1, 0, 2, 1, 0, 0, 1, 1, 3, 1, 1, 3, 0, 1, 0, 0, 2, 0, 0, 0, 0, 1, 0, 2, 0, 1, 0, 1, 0, 0, 0, 1, 0, 0, 0, 1, 0],801.427594812029,57868.49349465401,91455.85780813712,true
20,G1_CMAX,G1_CMAX,[31, 22, 82, 15, 26, 9, 42, 95, 77, 12, 47, 5, 93, 78, 86, 54, 85, 63, 18, 44, 20, 35, 43, 97, 91, 76, 10, 30, 21, 45, 71, 64, 1, 23, 17, 83, 24, 14, 60, 36, 6, 57, 94, 88, 65, 56, 79, 40, 67, 68, 46, 75, 38, 58, 19, 32, 81, 41, 27, 62, 87, 90, 99, 59, 11, 16, 72, 73, 69, 39, 37, 84, 3, 92, 25, 55, 28, 29, 51, 7, 98, 61, 33, 66, 89, 50, 8, 96, 53, 80, 4, 48, 52, 2, 34, 0, 13, 70, 49, 74]|[1, 1, 0, 1, 1, 1, 1, 2, 2, 1, 2, 2, 2, 1, 1, 0, 0, 1, 0, 2, 2, 0, 1, 2, 0, 1, 2, 2, 0, 0, 1, 2, 1, 2, 1, 0, 2, 0, 1, 1, 0, 1, 1, 1, 0, 2, 1, 1, 0, 0, 0, 0, 1, 1, 2, 1, 2, 0, 0, 0, 2, 1, 0, 1, 2, 1, 2, 1, 1, 1, 1, 1, 1, 0, 1, 2, 0, 0, 0, 1, 2, 1, 2, 2, 1, 0, 0, 2, 0, 0, 0, 0, 1, 0, 2, 0, 0, 1, 0, 2]|[4, 3, 2, 2, 4, 0, 2, 2, 2, 4, 1, 1, 2, 4, 4, 1, 2, 4, 2, 1, 1, 1, 1, 2, 1, 2, 1, 1, 1, 1, 3, 2, 3, 1, 4, 0, 1, 1, 0, 3, 2, 2, 2, 0, 1, 1, 0, 4, 0, 1, 2, 2, 1, 4, 0, 3, 2, 1, 1, 2, 1, 3, 1, 1, 1, 3, 0, 4, 3, 1, 4, 1, 1, 2, 4, 1, 2, 1, 1, 1, 1, 3, 1, 1, 1, 1, 1, 1, 2, 1, 2, 1, 1, 2, 1, 2, 2, 3, 1, 1]|[0, 2, 1, 1, 3, 3, 1, 0, 0, 0, 0, 0, 1, 0, 1, 0, 0, 3, 1, 0, 0, 0, 3, 1, 0, 2, 0, 0, 0, 1, 0, 0, 0, 0, 3, 0, 1, 0, 0, 2, 1, 1, 1, 0, 0, 0, 0, 2, 1, 0, 0, 0, 1, 3, 0, 0, 1, 0, 0, 1, 0, 2, 0, 1, 0, 2, 1, 0, 0, 1, 1, 3, 1, 1, 3, 0, 1, 0, 0, 2, 0, 0, 0, 0, 1, 0, 0, 0, 1, 0, 1, 0, 1, 0, 0, 0, 0, 0, 1, 0],779.9874732025453,57476.05373568449,93137.81414191051,false
20,G4_BALANCED,G4_BALANCED,[31, 22, 82, 15, 26, 9, 95, 42, 77, 68, 47, 48, 5, 93, 78, 86, 54, 85, 63, 18, 44, 20, 49, 36, 14, 74, 50, 53, 17, 21, 28, 71, 64, 3, 23, 30, 83, 24, 41, 60, 52, 65, 27, 90, 70, 39, 87, 69, 99, 4, 46, 1, 13, 58, 97, 59, 45, 8, 73, 37, 35, 79, 11, 66, 76, 32, 40, 80, 96, 6, 16, 61, 19, 7, 57, 34, 12, 67, 10, 98, 56, 88, 91, 75, 29, 38, 33, 92, 43, 84, 51, 72, 81, 25, 2, 55, 62, 89, 94, 0]|[2, 1, 2, 1, 1, 2, 1, 1, 1, 1, 1, 0, 0, 2, 2, 1, 2, 0, 0, 0, 2, 2, 1, 0, 2, 0, 2, 2, 1, 0, 1, 1, 1, 0, 0, 1, 0, 2, 1, 2, 2, 0, 0, 1, 1, 0, 2, 2, 1, 0, 0, 2, 0, 0, 2, 0, 1, 1, 0, 0, 2, 1, 0, 2, 2, 0, 2, 2, 0, 1, 2, 1, 2, 2, 0, 1, 1, 1, 1, 2, 2, 1, 1, 0, 1, 0, 1, 0, 1, 0, 1, 1, 1, 1, 2, 0, 1, 1, 1, 0]|[0, 3, 0, 3, 4, 1, 4, 4, 2, 4, 3, 0, 2, 1, 0, 2, 1, 1, 1, 2, 1, 1, 3, 0, 1, 0, 1, 1, 4, 1, 4, 3, 2, 2, 0, 4, 1, 1, 4, 0, 1, 2, 1, 4, 4, 1, 1, 2, 3, 1, 2, 1, 2, 1, 1, 2, 4, 3, 0, 2, 2, 3, 1, 0, 1, 2, 0, 1, 2, 4, 1, 3, 1, 1, 2, 4, 3, 3, 3, 1, 1, 4, 3, 2, 3, 2, 4, 2, 4, 2, 3, 4, 1, 4, 1, 2, 3, 4, 4, 2]|[0, 2, 0, 0, 3, 0, 1, 3, 0, 0, 2, 1, 0, 1, 0, 1, 0, 0, 0, 1, 0, 0, 2, 0, 0, 1, 0, 0, 3, 0, 1, 0, 2, 0, 1, 3, 0, 1, 3, 1, 0, 0, 0, 1, 3, 0, 0, 0, 2, 0, 0, 0, 0, 0, 1, 0, 1, 0, 1, 1, 0, 2, 0, 0, 0, 0, 0, 0, 0, 2, 0, 0, 0, 0, 0, 1, 0, 0, 3, 0, 0, 1, 0, 0, 0, 0, 1, 0, 2, 0, 0, 2, 1, 3, 0, 0, 0, 1, 2, 0],859.7899275769614,51682.99224237402,106830.35001436771,false
20,G2_TEC,G2_TEC,[31, 22, 82, 15, 26, 9, 95, 42, 77, 68, 47, 5, 93, 78, 86, 54, 85, 63, 18, 44, 20, 49, 36, 14, 74, 50, 53, 17, 21, 28, 71, 64, 3, 23, 30, 83, 24, 41, 60, 52, 65, 27, 90, 70, 39, 87, 48, 69, 99, 4, 46, 1, 13, 58, 97, 59, 45, 8, 73, 37, 35, 79, 11, 66, 76, 32, 40, 80, 96, 6, 16, 61, 33, 7, 57, 34, 12, 67, 10, 98, 56, 84, 29, 75, 91, 38, 19, 92, 43, 88, 51, 72, 81, 25, 2, 55, 0, 94, 89, 62]|[2, 1, 2, 1, 1, 2, 1, 1, 1, 1, 1, 0, 2, 2, 1, 2, 0, 0, 0, 2, 2, 1, 0, 2, 0, 2, 2, 1, 0, 1, 1, 1, 0, 0, 1, 0, 2, 1, 2, 2, 0, 0, 1, 1, 0, 2, 0, 2, 1, 0, 0, 2, 0, 0, 2, 0, 1, 1, 0, 0, 1, 1, 0, 2, 2, 0, 2, 2, 0, 1, 2, 1, 1, 2, 0, 1, 1, 1, 1, 0, 2, 0, 1, 0, 1, 0, 1, 0, 0, 1, 1, 1, 1, 1, 2, 0, 0, 1, 1, 1]|[0, 3, 0, 3, 4, 1, 4, 4, 2, 4, 3, 2, 1, 0, 2, 1, 1, 1, 2, 1, 1, 3, 0, 1, 0, 1, 1, 4, 1, 4, 3, 2, 2, 0, 4, 1, 1, 4, 0, 1, 2, 1, 4, 4, 1, 1, 0, 2, 3, 1, 2, 1, 2, 1, 1, 2, 4, 3, 0, 2, 3, 3, 1, 0, 1, 2, 0, 1, 2, 4, 1, 3, 4, 1, 2, 4, 3, 3, 3, 2, 1, 2, 3, 2, 3, 2, 4, 2, 2, 4, 3, 4, 4, 4, 1, 2, 2, 4, 4, 3]|[0, 2, 0, 0, 3, 0, 1, 3, 0, 0, 2, 0, 1, 0, 1, 0, 0, 0, 1, 0, 0, 2, 0, 0, 1, 0, 0, 3, 0, 1, 0, 2, 0, 0, 3, 0, 1, 3, 1, 0, 0, 0, 1, 3, 0, 0, 1, 0, 2, 0, 0, 0, 0, 0, 1, 0, 1, 0, 1, 1, 2, 2, 0, 0, 0, 0, 0, 0, 0, 2, 0, 0, 1, 0, 0, 1, 0, 0, 3, 0, 0, 0, 0, 0, 0, 0, 3, 0, 0, 1, 0, 2, 1, 3, 0, 0, 0, 2, 1, 0],927.3602168417176,51005.936352719,109579.92613007642,false
20,G3_TWC,G1_CMAX,[31, 22, 82, 15, 26, 9, 42, 95, 77, 12, 47, 5, 93, 78, 86, 54, 85, 63, 18, 44, 20, 35, 43, 97, 91, 76, 10, 30, 21, 45, 71, 64, 1, 23, 17, 83, 24, 14, 60, 36, 6, 57, 94, 88, 65, 56, 79, 40, 67, 68, 46, 75, 38, 58, 19, 32, 81, 41, 27, 62, 87, 90, 99, 59, 11, 16, 72, 73, 69, 39, 37, 84, 3, 92, 25, 55, 28, 29, 51, 7, 33, 61, 98, 66, 89, 50, 8, 96, 53, 80, 4, 48, 34, 2, 52, 13, 0, 70, 49, 74]|[1, 1, 0, 1, 1, 1, 2, 1, 2, 1, 2, 2, 2, 1, 1, 0, 0, 1, 0, 2, 2, 0, 1, 2, 0, 1, 2, 2, 0, 0, 1, 2, 1, 2, 1, 0, 2, 0, 1, 1, 0, 1, 1, 1, 0, 2, 1, 1, 0, 0, 0, 0, 1, 1, 2, 1, 2, 0, 0, 0, 2, 1, 0, 1, 2, 1, 2, 1, 1, 1, 1, 1, 1, 0, 1, 2, 0, 0, 0, 1, 2, 1, 0, 2, 1, 0, 1, 0, 0, 0, 0, 0, 2, 0, 1, 0, 0, 1, 0, 2]|[4, 3, 2, 2, 0, 0, 2, 2, 2, 4, 1, 1, 2, 4, 4, 1, 2, 4, 2, 1, 1, 1, 1, 2, 1, 2, 1, 1, 1, 1, 3, 2, 3, 0, 4, 0, 1, 1, 0, 3, 2, 2, 2, 0, 1, 1, 0, 4, 0, 1, 2, 2, 1, 4, 0, 3, 2, 1, 1, 2, 1, 3, 1, 1, 1, 3, 0, 4, 3, 1, 4, 1, 1, 0, 4, 1, 2, 1, 1, 3, 1, 3, 1, 1, 1, 1, 3, 1, 2, 1, 2, 1, 1, 2, 1, 2, 2, 3, 1, 1]|[0, 2, 1, 1, 3, 3, 0, 1, 0, 0, 0, 0, 1, 0, 1, 0, 0, 3, 1, 0, 0, 0, 3, 1, 0, 2, 0, 0, 0, 1, 0, 0, 0, 0, 3, 0, 1, 0, 0, 2, 1, 1, 1, 0, 0, 0, 0, 2, 1, 0, 0, 0, 1, 3, 0, 0, 1, 0, 0, 1, 0, 2, 0, 1, 0, 2, 1, 0, 0, 1, 1, 3, 1, 1, 3, 0, 1, 0, 0, 2, 0, 0, 0, 0, 1, 0, 2, 0, 1, 0, 1, 0, 0, 0, 1, 0, 0, 0, 1, 0],801.427594812029,57868.49349465401,91455.85780813712,true
20,G1_CMAX,G1_CMAX,[31, 22, 82, 15, 26, 9, 42, 95, 77, 12, 47, 5, 93, 78, 86, 54, 85, 63, 18, 44, 20, 35, 43, 97, 91, 76, 10, 30, 21, 45, 71, 64, 1, 23, 17, 83, 24, 14, 60, 36, 6, 57, 94, 88, 65, 56, 79, 40, 67, 68, 46, 75, 38, 58, 19, 32, 81, 41, 27, 62, 87, 90, 99, 59, 11, 16, 72, 73, 69, 39, 37, 84, 3, 92, 25, 55, 28, 29, 51, 7, 98, 61, 33, 66, 89, 50, 8, 96, 53, 80, 4, 48, 52, 2, 34, 0, 13, 70, 49, 74]|[1, 1, 0, 1, 1, 1, 1, 2, 2, 1, 2, 2, 2, 1, 1, 0, 0, 1, 0, 2, 2, 0, 1, 2, 0, 1, 2, 2, 0, 0, 1, 2, 1, 2, 1, 0, 2, 0, 1, 1, 0, 1, 1, 1, 0, 2, 1, 1, 0, 0, 0, 0, 1, 1, 2, 1, 2, 0, 0, 0, 2, 1, 0, 1, 2, 1, 2, 1, 1, 1, 1, 1, 1, 0, 1, 2, 0, 0, 0, 1, 2, 1, 2, 2, 1, 0, 0, 2, 0, 0, 0, 0, 1, 0, 2, 0, 0, 1, 0, 2]|[4, 3, 2, 2, 4, 0, 2, 2, 2, 4, 1, 1, 2, 4, 4, 1, 2, 4, 2, 1, 1, 1, 1, 2, 1, 2, 1, 1, 1, 1, 3, 2, 3, 1, 4, 0, 1, 1, 0, 3, 2, 2, 2, 0, 1, 1, 0, 4, 0, 1, 2, 2, 1, 4, 0, 3, 2, 1, 1, 2, 1, 3, 1, 1, 1, 3, 0, 4, 3, 1, 4, 1, 1, 2, 4, 1, 2, 1, 1, 1, 1, 3, 1, 1, 1, 1, 1, 1, 2, 1, 2, 1, 1, 2, 1, 2, 2, 3, 1, 1]|[0, 2, 1, 1, 3, 3, 1, 0, 0, 0, 0, 0, 1, 0, 1, 0, 0, 3, 1, 0, 0, 0, 3, 1, 0, 2, 0, 0, 0, 1, 0, 0, 0, 0, 3, 0, 1, 0, 0, 2, 1, 1, 1, 0, 0, 0, 0, 2, 1, 0, 0, 0, 1, 3, 0, 0, 1, 0, 0, 1, 0, 2, 0, 1, 0, 2, 1, 0, 0, 1, 1, 3, 1, 1, 3, 0, 1, 0, 0, 2, 0, 0, 0, 0, 1, 0, 0, 0, 1, 0, 1, 0, 1, 0, 0, 0, 0, 0, 1, 0],779.9874732025453,57476.05373568449,93137.81414191051,false
20,G4_BALANCED,G4_BALANCED,[31, 22, 82, 15, 26, 9, 95, 42, 77, 68, 47, 48, 5, 93, 78, 86, 54, 85, 63, 18, 44, 20, 49, 36, 14, 74, 50, 53, 17, 21, 28, 71, 64, 3, 23, 30, 83, 24, 41, 60, 52, 65, 27, 90, 70, 39, 87, 69, 99, 4, 46, 1, 13, 58, 97, 59, 45, 8, 73, 37, 35, 79, 11, 66, 76, 32, 40, 80, 96, 6, 16, 61, 19, 7, 57, 34, 12, 67, 10, 98, 56, 88, 91, 75, 29, 38, 33, 92, 43, 84, 51, 72, 81, 25, 2, 55, 62, 89, 94, 0]|[2, 1, 2, 1, 1, 2, 1, 1, 1, 1, 1, 0, 0, 2, 2, 1, 2, 0, 0, 0, 2, 2, 1, 0, 2, 0, 2, 2, 1, 0, 1, 1, 1, 0, 0, 1, 0, 2, 1, 2, 2, 0, 0, 1, 1, 0, 2, 2, 1, 0, 0, 2, 0, 0, 2, 0, 1, 1, 0, 0, 2, 1, 0, 2, 2, 0, 2, 2, 0, 1, 2, 1, 2, 2, 0, 1, 1, 1, 1, 2, 2, 1, 1, 0, 1, 0, 1, 0, 1, 0, 1, 1, 1, 1, 2, 0, 1, 1, 1, 0]|[0, 3, 0, 3, 4, 1, 4, 4, 2, 4, 3, 0, 2, 1, 0, 2, 1, 1, 1, 2, 1, 1, 3, 0, 1, 0, 1, 1, 4, 1, 4, 3, 2, 2, 0, 4, 1, 1, 4, 0, 1, 2, 1, 4, 4, 1, 1, 2, 3, 1, 2, 1, 2, 1, 1, 2, 4, 3, 0, 2, 2, 3, 1, 0, 1, 2, 0, 1, 2, 4, 1, 3, 1, 1, 2, 4, 3, 3, 3, 1, 1, 4, 3, 2, 3, 2, 4, 2, 4, 2, 3, 4, 1, 4, 1, 2, 3, 4, 4, 2]|[0, 2, 0, 0, 3, 0, 1, 3, 0, 0, 2, 1, 0, 1, 0, 1, 0, 0, 0, 1, 0, 0, 2, 0, 0, 1, 0, 0, 3, 0, 1, 0, 2, 0, 1, 3, 0, 1, 3, 1, 0, 0, 0, 1, 3, 0, 0, 0, 2, 0, 0, 0, 0, 0, 1, 0, 1, 0, 1, 1, 0, 2, 0, 0, 0, 0, 0, 0, 0, 2, 0, 0, 0, 0, 0, 1, 0, 0, 3, 0, 0, 1, 0, 0, 0, 0, 1, 0, 2, 0, 0, 2, 1, 3, 0, 0, 0, 1, 2, 0],859.7899275769614,51682.99224237402,106830.35001436771,false
20,G2_TEC,G4_BALANCED,[31, 22, 82, 15, 26, 9, 95, 42, 77, 68, 47, 5, 93, 78, 86, 54, 85, 63, 18, 44, 20, 49, 36, 14, 74, 50, 53, 17, 21, 28, 71, 64, 3, 23, 30, 83, 24, 41, 60, 52, 65, 27, 90, 70, 39, 87, 48, 69, 99, 4, 46, 1, 13, 58, 97, 59, 45, 8, 73, 37, 35, 40, 11, 66, 76, 32, 79, 80, 96, 6, 16, 61, 33, 7, 57, 34, 12, 67, 10, 98, 56, 88, 29, 75, 91, 38, 19, 92, 43, 84, 2, 72, 81, 25, 51, 55, 0, 89, 94, 62]|[2, 1, 2, 1, 1, 2, 1, 1, 1, 1, 1, 0, 2, 2, 1, 2, 0, 0, 0, 2, 2, 1, 0, 2, 0, 2, 2, 1, 0, 1, 1, 1, 0, 0, 1, 0, 2, 1, 2, 2, 0, 0, 1, 1, 0, 2, 0, 2, 1, 0, 0, 2, 0, 0, 2, 0, 1, 1, 0, 0, 2, 1, 0, 2, 2, 0, 1, 2, 0, 1, 2, 1, 1, 2, 0, 1, 1, 1, 1, 0, 2, 1, 1, 0, 1, 0, 2, 0, 1, 0, 2, 1, 1, 1, 1, 0, 0, 1, 2, 1]|[0, 3, 0, 3, 4, 1, 4, 4, 2, 4, 3, 2, 1, 0, 2, 1, 1, 1, 2, 1, 1, 3, 0, 1, 0, 1, 1, 4, 1, 4, 3, 2, 2, 0, 4, 1, 1, 4, 0, 1, 2, 1, 4, 4, 1, 1, 0, 2, 3, 1, 2, 1, 2, 1, 1, 2, 4, 3, 0, 2, 2, 3, 1, 0, 1, 2, 3, 1, 2, 4, 1, 3, 4, 1, 2, 4, 3, 3, 3, 2, 1, 4, 3, 2, 3, 2, 1, 2, 4, 2, 1, 4, 4, 4, 3, 2, 2, 4, 1, 3]|[0, 2, 0, 0, 3, 0, 1, 3, 0, 0, 2, 0, 1, 0, 1, 0, 0, 0, 1, 0, 0, 2, 0, 0, 1, 0, 0, 3, 0, 1, 0, 2, 0, 1, 3, 0, 1, 3, 1, 0, 0, 0, 1, 3, 0, 0, 1, 0, 2, 0, 0, 0, 0, 0, 1, 0, 1, 0, 1, 1, 0, 2, 0, 0, 0, 0, 2, 0, 0, 2, 0, 0, 1, 0, 0, 1, 0, 0, 3, 0, 0, 1, 0, 0, 0, 0, 0, 0, 2, 0, 0, 2, 1, 3, 0, 0, 0, 1, 0, 0],876.5086670129755,51581.85217731347,106965.29210461266,true
20,G3_TWC,G1_CMAX,[31, 22, 82, 15, 26, 9, 42, 95, 77, 12, 47, 5, 93, 78, 86, 54, 85, 63, 18, 44, 20, 35, 43, 97, 91, 76, 10, 30, 21, 45, 71, 64, 1, 23, 17, 83, 24, 14, 60, 36, 6, 57, 94, 88, 65, 56, 79, 40, 67, 68, 46, 75, 38, 58, 19, 32, 81, 41, 27, 62, 87, 90, 99, 59, 11, 16, 72, 73, 69, 39, 37, 84, 3, 92, 25, 55, 28, 29, 51, 7, 33, 61, 98, 66, 89, 50, 8, 96, 53, 80, 4, 48, 34, 2, 52, 13, 0, 70, 49, 74]|[1, 1, 0, 1, 1, 1, 2, 1, 2, 1, 2, 2, 2, 1, 1, 0, 0, 1, 0, 2, 2, 0, 1, 2, 0, 1, 2, 2, 0, 0, 1, 2, 1, 2, 1, 0, 2, 0, 1, 1, 0, 1, 1, 1, 0, 2, 1, 1, 0, 0, 0, 0, 1, 1, 2, 1, 2, 0, 0, 0, 2, 1, 0, 1, 2, 1, 2, 1, 1, 1, 1, 1, 1, 0, 1, 2, 0, 0, 0, 1, 2, 1, 0, 2, 1, 0, 1, 0, 0, 0, 0, 0, 2, 0, 1, 0, 0, 1, 0, 2]|[4, 3, 2, 2, 0, 0, 2, 2, 2, 4, 1, 1, 2, 4, 4, 1, 2, 4, 2, 1, 1, 1, 1, 2, 1, 2, 1, 1, 1, 1, 3, 2, 3, 0, 4, 0, 1, 1, 0, 3, 2, 2, 2, 0, 1, 1, 0, 4, 0, 1, 2, 2, 1, 4, 0, 3, 2, 1, 1, 2, 1, 3, 1, 1, 1, 3, 0, 4, 3, 1, 4, 1, 1, 0, 4, 1, 2, 1, 1, 3, 1, 3, 1, 1, 1, 1, 3, 1, 2, 1, 2, 1, 1, 2, 1, 2, 2, 3, 1, 1]|[0, 2, 1, 1, 3, 3, 0, 1, 0, 0, 0, 0, 1, 0, 1, 0, 0, 3, 1, 0, 0, 0, 3, 1, 0, 2, 0, 0, 0, 1, 0, 0, 0, 0, 3, 0, 1, 0, 0, 2, 1, 1, 1, 0, 0, 0, 0, 2, 1, 0, 0, 0, 1, 3, 0, 0, 1, 0, 0, 1, 0, 2, 0, 1, 0, 2, 1, 0, 0, 1, 1, 3, 1, 1, 3, 0, 1, 0, 0, 2, 0, 0, 0, 0, 1, 0, 2, 0, 1, 0, 1, 0, 0, 0, 1, 0, 0, 0, 1, 0],801.427594812029,57868.49349465401,91455.85780813712,true
20,G1_CMAX,G1_CMAX,[31, 22, 82, 15, 26, 9, 42, 95, 77, 12, 47, 5, 93, 78, 86, 54, 85, 63, 18, 44, 20, 35, 43, 97, 91, 76, 10, 30, 21, 45, 71, 64, 1, 23, 17, 83, 24, 14, 60, 36, 6, 57, 94, 88, 65, 56, 79, 40, 67, 68, 46, 75, 38, 58, 19, 32, 81, 41, 27, 62, 87, 90, 99, 59, 11, 16, 72, 73, 69, 39, 37, 84, 3, 92, 25, 55, 28, 29, 51, 7, 98, 61, 33, 66, 89, 50, 8, 96, 53, 80, 4, 48, 52, 2, 34, 0, 13, 70, 49, 74]|[1, 1, 0, 1, 1, 1, 1, 2, 2, 1, 2, 2, 2, 1, 1, 0, 0, 1, 0, 2, 2, 0, 1, 2, 0, 1, 2, 2, 0, 0, 1, 2, 1, 2, 1, 0, 2, 0, 1, 1, 0, 1, 1, 1, 0, 2, 1, 1, 0, 0, 0, 0, 1, 1, 2, 1, 2, 0, 0, 0, 2, 1, 0, 1, 2, 1, 2, 1, 1, 1, 1, 1, 1, 0, 1, 2, 0, 0, 0, 1, 2, 1, 2, 2, 1, 0, 0, 2, 0, 0, 0, 0, 1, 0, 2, 0, 0, 1, 0, 2]|[4, 3, 2, 2, 4, 0, 2, 2, 2, 4, 1, 1, 2, 4, 4, 1, 2, 4, 2, 1, 1, 1, 1, 2, 1, 2, 1, 1, 1, 1, 3, 2, 3, 1, 4, 0, 1, 1, 0, 3, 2, 2, 2, 0, 1, 1, 0, 4, 0, 1, 2, 2, 1, 4, 0, 3, 2, 1, 1, 2, 1, 3, 1, 1, 1, 3, 0, 4, 3, 1, 4, 1, 1, 2, 4, 1, 2, 1, 1, 1, 1, 3, 1, 1, 1, 1, 1, 1, 2, 1, 2, 1, 1, 2, 1, 2, 2, 3, 1, 1]|[0, 2, 1, 1, 3, 3, 1, 0, 0, 0, 0, 0, 1, 0, 1, 0, 0, 3, 1, 0, 0, 0, 3, 1, 0, 2, 0, 0, 0, 1, 0, 0, 0, 0, 3, 0, 1, 0, 0, 2, 1, 1, 1, 0, 0, 0, 0, 2, 1, 0, 0, 0, 1, 3, 0, 0, 1, 0, 0, 1, 0, 2, 0, 1, 0, 2, 1, 0, 0, 1, 1, 3, 1, 1, 3, 0, 1, 0, 0, 2, 0, 0, 0, 0, 1, 0, 0, 0, 1, 0, 1, 0, 1, 0, 0, 0, 0, 0, 1, 0],779.9874732025453,57476.05373568449,93137.81414191051,false
20,G4_BALANCED,G3_TWC,[31, 22, 82, 15, 26, 9, 42, 95, 77, 12, 47, 5, 93, 78, 86, 54, 85, 63, 18, 44, 20, 35, 43, 97, 91, 76, 10, 30, 21, 45, 71, 64, 1, 23, 17, 83, 24, 14, 60, 36, 6, 57, 94, 88, 65, 56, 79, 40, 67, 68, 46, 75, 38, 58, 19, 32, 81, 41, 27, 62, 87, 90, 99, 59, 11, 16, 72, 73, 69, 39, 37, 84, 3, 92, 25, 55, 28, 29, 51, 7, 33, 61, 98, 48, 89, 50, 8, 96, 80, 53, 66, 4, 34, 2, 52, 0, 13, 70, 49, 74]|[1, 1, 0, 1, 1, 1, 2, 1, 2, 1, 2, 2, 2, 1, 1, 0, 0, 1, 0, 2, 2, 0, 1, 2, 0, 1, 2, 2, 0, 0, 1, 2, 1, 2, 1, 0, 2, 0, 1, 1, 0, 1, 1, 1, 0, 2, 1, 1, 0, 0, 0, 0, 1, 1, 2, 1, 2, 0, 0, 0, 2, 1, 0, 1, 2, 1, 2, 1, 1, 1, 1, 1, 1, 0, 1, 2, 0, 0, 0, 1, 2, 1, 0, 0, 1, 0, 1, 0, 0, 0, 2, 0, 2, 0, 1, 0, 0, 1, 0, 2]|[4, 3, 2, 2, 0, 0, 2, 2, 2, 4, 1, 1, 2, 4, 4, 1, 2, 4, 2, 1, 1, 1, 1, 2, 1, 2, 1, 1, 1, 1, 3, 2, 3, 0, 4, 0, 1, 1, 0, 3, 2, 2, 2, 0, 1, 1, 0, 4, 0, 1, 2, 2, 1, 4, 0, 3, 2, 1, 1, 2, 1, 3, 1, 1, 1, 3, 0, 4, 3, 1, 4, 1, 1, 0, 4, 1, 2, 1, 1, 3, 1, 3, 1, 1, 1, 1, 3, 1, 1, 2, 1, 2, 1, 2, 1, 2, 2, 3, 1, 1]|[0, 2, 1, 1, 3, 3, 0, 1, 0, 0, 0, 0, 1, 0, 1, 0, 0, 3, 1, 0, 0, 0, 3, 1, 0, 2, 0, 0, 0, 1, 0, 0, 0, 0, 3, 0, 1, 0, 0, 2, 1, 1, 1, 0, 0, 0, 0, 2, 1, 0, 0, 0, 1, 3, 0, 0, 1, 0, 0, 1, 0, 2, 0, 1, 0, 2, 1, 0, 0, 1, 1, 3, 1, 1, 3, 0, 1, 0, 0, 2, 0, 0, 0, 0, 1, 0, 2, 0, 0, 1, 0, 1, 0, 0, 1, 0, 0, 0, 1, 0],803.2523025071033,57859.102024854496,91566.00247608387,true
20,G2_TEC,G2_TEC,[31, 22, 82, 15, 26, 9, 95, 42, 77, 68, 47, 5, 93, 78, 86, 54, 85, 63, 18, 44, 20, 49, 36, 14, 74, 50, 53, 17, 21, 28, 71, 64, 3, 23, 30, 83, 24, 41, 40, 52, 65, 27, 90, 70, 39, 87, 48, 69, 99, 4, 46, 1, 13, 58, 97, 59, 45, 8, 73, 37, 35, 79, 11, 66, 76, 32, 60, 80, 96, 6, 16, 61, 19, 7, 57, 34, 12, 67, 10, 98, 56, 88, 29, 75, 91, 38, 33, 92, 2, 84, 51, 72, 81, 25, 43, 55, 62, 89, 94, 0]|[2, 1, 2, 1, 1, 2, 1, 1, 1, 1, 1, 0, 2, 2, 1, 2, 0, 0, 0, 2, 2, 1, 0, 2, 0, 2, 2, 1, 0, 1, 1, 1, 0, 0, 1, 0, 2, 1, 2, 2, 0, 0, 1, 1, 0, 2, 0, 2, 1, 0, 0, 2, 0, 0, 2, 0, 1, 1, 0, 0, 2, 1, 0, 2, 2, 0, 2, 2, 0, 1, 2, 1, 1, 2, 0, 1, 1, 1, 1, 2, 2, 1, 1, 0, 1, 0, 1, 0, 2, 0, 1, 1, 1, 1, 1, 0, 1, 1, 2, 0]|[0, 3, 0, 3, 4, 1, 4, 4, 2, 4, 3, 2, 1, 0, 2, 1, 1, 1, 2, 1, 1, 3, 0, 1, 0, 1, 1, 4, 1, 4, 3, 2, 2, 0, 4, 1, 1, 4, 0, 1, 2, 1, 4, 4, 1, 1, 0, 2, 3, 1, 2, 1, 2, 1, 1, 2, 4, 3, 0, 2, 2, 3, 1, 0, 1, 2, 0, 1, 2, 4, 1, 3, 4, 1, 2, 4, 3, 3, 3, 1, 1, 4, 3, 2, 3, 2, 4, 2, 1, 2, 3, 4, 4, 4, 4, 2, 3, 4, 1, 2]|[0, 2, 0, 0, 3, 0, 1, 3, 0, 0, 2, 0, 1, 0, 1, 0, 0, 0, 1, 0, 0, 2, 0, 0, 1, 0, 0, 3, 0, 1, 0, 2, 0, 0, 3, 0, 1, 3, 0, 0, 0, 0, 1, 3, 0, 0, 1, 0, 2, 0, 0, 0, 0, 0, 1, 0, 1, 0, 1, 1, 0, 2, 0, 0, 0, 0, 0, 0, 0, 2, 0, 0, 1, 0, 0, 1, 0, 0, 3, 0, 0, 1, 0, 0, 0, 0, 1, 0, 0, 0, 0, 2, 1, 3, 2, 0, 0, 1, 0, 0],890.9074744783937,50673.96227735626,113466.60083846681,false
20,G3_TWC,G1_CMAX,[31, 22, 82, 15, 26, 9, 42, 95, 77, 12, 47, 5, 93, 78, 86, 54, 85, 63, 18, 44, 20, 35, 43, 97, 91, 76, 10, 30, 21, 45, 71, 64, 1, 23, 17, 83, 24, 14, 60, 36, 6, 57, 94, 88, 65, 56, 79, 40, 67, 68, 46, 75, 38, 58, 19, 32, 81, 41, 27, 62, 87, 90, 99, 59, 11, 16, 72, 73, 69, 39, 37, 84, 3, 92, 25, 55, 28, 29, 51, 7, 33, 61, 98, 66, 89, 50, 8, 96, 53, 80, 4, 48, 34, 2, 52, 13, 0, 70, 49, 74]|[1, 1, 0, 1, 1, 1, 2, 1, 2, 1, 2, 2, 2, 1, 1, 0, 0, 1, 0, 2, 2, 0, 1, 2, 0, 1, 2, 2, 0, 0, 1, 2, 1, 2, 1, 0, 2, 0, 1, 1, 0, 1, 1, 1, 0, 2, 1, 1, 0, 0, 0, 0, 1, 1, 2, 1, 2, 0, 0, 0, 2, 1, 0, 1, 2, 1, 2, 1, 1, 1, 1, 1, 1, 0, 1, 2, 0, 0, 0, 1, 2, 1, 0, 2, 1, 0, 1, 0, 0, 0, 0, 0, 2, 0, 1, 0, 0, 1, 0, 2]|[4, 3, 2, 2, 0, 0, 2, 2, 2, 4, 1, 1, 2, 4, 4, 1, 2, 4, 2, 1, 1, 1, 1, 2, 1, 2, 1, 1, 1, 1, 3, 2, 3, 0, 4, 0, 1, 1, 0, 3, 2, 2, 2, 0, 1, 1, 0, 4, 0, 1, 2, 2, 1, 4, 0, 3, 2, 1, 1, 2, 1, 3, 1, 1, 1, 3, 0, 4, 3, 1, 4, 1, 1, 0, 4, 1, 2, 1, 1, 3, 1, 3, 1, 1, 1, 1, 3, 1, 2, 1, 2, 1, 1, 2, 1, 2, 2, 3, 1, 1]|[0, 2, 1, 1, 3, 3, 0, 1, 0, 0, 0, 0, 1, 0, 1, 0, 0, 3, 1, 0, 0, 0, 3, 1, 0, 2, 0, 0, 0, 1, 0, 0, 0, 0, 3, 0, 1, 0, 0, 2, 1, 1, 1, 0, 0, 0, 0, 2, 1, 0, 0, 0, 1, 3, 0, 0, 1, 0, 0, 1, 0, 2, 0, 1, 0, 2, 1, 0, 0, 1, 1, 3, 1, 1, 3, 0, 1, 0, 0, 2, 0, 0, 0, 0, 1, 0, 2, 0, 1, 0, 1, 0, 0, 0, 1, 0, 0, 0, 1, 0],801.427594812029,57868.49349465401,91455.85780813712,true
20,G1_CMAX,G1_CMAX,[31, 22, 82, 15, 26, 9, 42, 77, 12, 5, 47, 93, 78, 86, 54, 6, 63, 18, 44, 20, 35, 43, 97, 91, 76, 10, 30, 21, 45, 17, 23, 1, 71, 83, 24, 14, 60, 36, 85, 57, 40, 95, 88, 65, 56, 79, 94, 67, 68, 46, 75, 38, 58, 19, 32, 81, 41, 62, 87, 28, 90, 59, 11, 16, 72, 73, 69, 52, 37, 64, 84, 3, 25, 29, 55, 51, 7, 98, 61, 66, 99, 33, 89, 48, 50, 96, 53, 80, 4, 8, 27, 2, 39, 13, 0, 92, 49, 74, 34, 70]|[1, 1, 0, 1, 1, 1, 2, 2, 1, 2, 2, 1, 1, 1, 0, 0, 1, 0, 2, 2, 0, 1, 2, 2, 1, 2, 2, 0, 0, 1, 2, 1, 1, 0, 2, 0, 1, 1, 0, 1, 1, 1, 1, 0, 2, 1, 1, 0, 0, 0, 0, 1, 1, 2, 1, 2, 0, 0, 2, 0, 1, 2, 2, 1, 2, 1, 1, 1, 1, 1, 1, 2, 1, 0, 2, 0, 1, 2, 1, 0, 0, 2, 1, 0, 0, 2, 0, 0, 1, 1, 0, 0, 1, 0, 0, 0, 0, 2, 2, 1]|[0, 3, 1, 2, 0, 0, 1, 1, 4, 1, 1, 4, 4, 4, 2, 2, 4, 2, 1, 1, 1, 1, 2, 1, 2, 1, 1, 1, 1, 4, 0, 3, 3, 0, 1, 1, 0, 3, 2, 2, 2, 2, 0, 1, 1, 0, 4, 0, 1, 2, 2, 1, 4, 0, 3, 2, 1, 2, 1, 2, 3, 1, 1, 3, 0, 4, 4, 1, 4, 3, 1, 2, 4, 1, 1, 1, 1, 1, 3, 1, 1, 1, 1, 1, 1, 1, 2, 1, 4, 3, 2, 2, 1, 2, 2, 0, 1, 1, 1, 4]|[1, 1, 1, 1, 3, 3, 0, 0, 0, 0, 0, 2, 0, 1, 0, 0, 3, 1, 0, 0, 0, 3, 1, 0, 2, 0, 0, 0, 1, 3, 0, 0, 0, 0, 1, 0, 0, 2, 1, 1, 1, 1, 0, 0, 0, 0, 2, 1, 0, 0, 0, 1, 3, 0, 0, 1, 0, 1, 0, 1, 2, 0, 0, 2, 1, 0, 2, 1, 1, 0, 3, 1, 3, 0, 0, 0, 2, 0, 0, 0, 0, 0, 1, 0, 0, 0, 1, 0, 0, 2, 1, 0, 1, 0, 0, 1, 1, 0, 0, 2],733.3116759547878,58140.55643565909,96674.14109675489,false
20,G4_BALANCED,G4_BALANCED,[31, 11, 82, 15, 26, 9, 95, 42, 77, 68, 47, 5, 93, 78, 86, 54, 85, 63, 18, 44, 20, 49, 36, 14, 74, 50, 53, 17, 21, 45, 71, 64, 3, 23, 30, 83, 24, 41, 60, 52, 65, 27, 90, 70, 39, 87, 48, 69, 99, 4, 46, 1, 13, 58, 97, 59, 28, 8, 73, 37, 35, 79, 22, 66, 76, 32, 40, 80, 96, 6, 16, 61, 33, 7, 57, 34, 12, 67, 10, 98, 56, 88, 51, 75, 91, 38, 19, 92, 43, 84, 29, 72, 81, 25, 2, 55, 0, 94, 89, 62]|[2, 1, 2, 1, 1, 2, 1, 1, 1, 1, 1, 0, 2, 2, 1, 2, 0, 0, 0, 2, 2, 1, 0, 2, 0, 2, 2, 1, 0, 1, 1, 1, 0, 0, 1, 0, 2, 1, 2, 2, 0, 0, 1, 1, 0, 2, 0, 2, 1, 0, 0, 2, 0, 0, 2, 0, 1, 1, 0, 0, 2, 1, 0, 2, 2, 0, 2, 2, 0, 1, 2, 1, 1, 2, 0, 1, 1, 1, 1, 2, 2, 1, 1, 0, 1, 0, 1, 0, 1, 0, 1, 1, 1, 1, 2, 0, 0, 2, 1, 1]|[0, 3, 0, 2, 4, 1, 4, 4, 2, 4, 3, 2, 1, 0, 2, 1, 1, 1, 2, 1, 1, 3, 0, 1, 0, 1, 1, 4, 1, 4, 3, 2, 2, 0, 4, 1, 1, 4, 0, 1, 2, 1, 4, 4, 1, 1, 0, 2, 3, 1, 2, 1, 2, 1, 1, 2, 4, 3, 0, 2, 2, 3, 1, 0, 1, 2, 0, 1, 2, 4, 1, 3, 4, 1, 2, 4, 3, 3, 3, 1, 1, 4, 3, 2, 3, 2, 4, 2, 4, 2, 3, 4, 1, 4, 1, 2, 2, 1, 4, 3]|[0, 2, 0, 1, 3, 0, 1, 3, 0, 0, 2, 0, 1, 0, 1, 0, 0, 0, 1, 0, 0, 2, 0, 0, 1, 0, 0, 3, 0, 1, 0, 2, 0, 1, 3, 0, 1, 3, 1, 0, 0, 0, 1, 3, 0, 0, 1, 0, 2, 0, 0, 0, 0, 0, 1, 0, 1, 0, 1, 1, 0, 2, 0, 0, 0, 0, 0, 0, 0, 2, 0, 0, 1, 0, 0, 1, 0, 0, 3, 0, 0, 1, 0, 0, 0, 0, 3, 0, 2, 0, 0, 2, 1, 3, 0, 0, 0, 0, 1, 0],847.5774112780123,52007.329839342645,107494.62989686072,false
20,G2_TEC,G2_TEC,[31, 22, 82, 15, 26, 9, 95, 42, 77, 68, 47, 5, 93, 78, 86, 54, 85, 63, 18, 44, 20, 49, 36, 14, 74, 50, 53, 17, 21, 28, 71, 64, 3, 23, 30, 83, 24, 41, 40, 52, 65, 27, 90, 70, 39, 87, 48, 69, 99, 4, 46, 1, 13, 58, 97, 59, 45, 8, 73, 37, 35, 79, 11, 66, 76, 32, 60, 80, 96, 6, 16, 61, 19, 7, 57, 34, 12, 67, 10, 98, 56, 88, 29, 75, 91, 38, 33, 92, 2, 84, 51, 72, 81, 25, 43, 55, 62, 89, 94, 0]|[2, 1, 2, 1, 1, 2, 1, 1, 1, 1, 1, 0, 2, 2, 1, 2, 0, 0, 0, 2, 2, 1, 0, 2, 0, 2, 2, 1, 0, 1, 1, 1, 0, 0, 1, 0, 2, 1, 2, 2, 0, 0, 1, 1, 0, 2, 0, 2, 1, 0, 0, 2, 0, 0, 2, 0, 1, 1, 0, 0, 2, 1, 0, 2, 2, 0, 2, 2, 0, 1, 2, 1, 1, 2, 0, 1, 1, 1, 1, 2, 2, 1, 1, 0, 1, 0, 1, 0, 2, 0, 1, 1, 1, 1, 1, 0, 1, 1, 2, 0]|[0, 3, 0, 3, 4, 1, 4, 4, 2, 4, 3, 2, 1, 0, 2, 1, 1, 1, 2, 1, 1, 3, 0, 1, 0, 1, 1, 4, 1, 4, 3, 2, 2, 0, 4, 1, 1, 4, 0, 1, 2, 1, 4, 4, 1, 1, 0, 2, 3, 1, 2, 1, 2, 1, 1, 2, 4, 3, 0, 2, 2, 3, 1, 0, 1, 2, 0, 1, 2, 4, 1, 3, 4, 1, 2, 4, 3, 3, 3, 1, 1, 4, 3, 2, 3, 2, 4, 2, 1, 2, 3, 4, 4, 4, 4, 2, 3, 4, 1, 2]|[0, 2, 0, 0, 3, 0, 1, 3, 0, 0, 2, 0, 1, 0, 1, 0, 0, 0, 1, 0, 0, 2, 0, 0, 1, 0, 0, 3, 0, 1, 0, 2, 0, 0, 3, 0, 1, 3, 0, 0, 0, 0, 1, 3, 0, 0, 1, 0, 2, 0, 0, 0, 0, 0, 1, 0, 1, 0, 1, 1, 0, 2, 0, 0, 0, 0, 0, 0, 0, 2, 0, 0, 1, 0, 0, 1, 0, 0, 3, 0, 0, 1, 0, 0, 0, 0, 1, 0, 0, 0, 0, 2, 1, 3, 2, 0, 0, 1, 0, 0],890.9074744783937,50673.96227735626,113466.60083846681,false
20,G3_TWC,G1_CMAX,[31, 22, 82, 15, 26, 9, 42, 95, 77, 12, 47, 5, 93, 78, 86, 54, 85, 63, 18, 44, 20, 35, 43, 97, 91, 76, 10, 30, 21, 45, 71, 64, 1, 23, 17, 83, 24, 14, 60, 36, 6, 57, 94, 88, 65, 56, 79, 40, 67, 68, 46, 75, 38, 58, 19, 32, 81, 41, 27, 62, 87, 90, 99, 59, 11, 16, 72, 73, 69, 39, 37, 84, 3, 92, 25, 55, 28, 29, 51, 7, 33, 61, 98, 66, 89, 50, 8, 96, 53, 80, 4, 48, 34, 2, 52, 13, 0, 70, 49, 74]|[1, 1, 0, 1, 1, 1, 2, 1, 2, 1, 2, 2, 2, 1, 1, 0, 0, 1, 0, 2, 2, 0, 1, 2, 0, 1, 2, 2, 0, 0, 1, 2, 1, 2, 1, 0, 2, 0, 1, 1, 0, 1, 1, 1, 0, 2, 1, 1, 0, 0, 0, 0, 1, 1, 2, 1, 2, 0, 0, 0, 2, 1, 0, 1, 2, 1, 2, 1, 1, 1, 1, 1, 1, 0, 1, 2, 0, 0, 0, 1, 2, 1, 0, 2, 1, 0, 1, 0, 0, 0, 0, 0, 2, 0, 1, 0, 0, 1, 0, 2]|[4, 3, 2, 2, 0, 0, 2, 2, 2, 4, 1, 1, 2, 4, 4, 1, 2, 4, 2, 1, 1, 1, 1, 2, 1, 2, 1, 1, 1, 1, 3, 2, 3, 0, 4, 0, 1, 1, 0, 3, 2, 2, 2, 0, 1, 1, 0, 4, 0, 1, 2, 2, 1, 4, 0, 3, 2, 1, 1, 2, 1, 3, 1, 1, 1, 3, 0, 4, 3, 1, 4, 1, 1, 0, 4, 1, 2, 1, 1, 3, 1, 3, 1, 1, 1, 1, 3, 1, 2, 1, 2, 1, 1, 2, 1, 2, 2, 3, 1, 1]|[0, 2, 1, 1, 3, 3, 0, 1, 0, 0, 0, 0, 1, 0, 1, 0, 0, 3, 1, 0, 0, 0, 3, 1, 0, 2, 0, 0, 0, 1, 0, 0, 0, 0, 3, 0, 1, 0, 0, 2, 1, 1, 1, 0, 0, 0, 0, 2, 1, 0, 0, 0, 1, 3, 0, 0, 1, 0, 0, 1, 0, 2, 0, 1, 0, 2, 1, 0, 0, 1, 1, 3, 1, 1, 3, 0, 1, 0, 0, 2, 0, 0, 0, 0, 1, 0, 2, 0, 1, 0, 1, 0, 0, 0, 1, 0, 0, 0, 1, 0],801.427594812029,57868.49349465401,91455.85780813712,true
20,G1_CMAX,G1_CMAX,[31, 22, 82, 15, 26, 9, 42, 77, 12, 5, 47, 93, 78, 86, 54, 6, 63, 18, 44, 20, 35, 43, 97, 91, 76, 10, 30, 21, 45, 17, 23, 1, 71, 83, 24, 14, 60, 36, 85, 57, 40, 95, 88, 65, 56, 79, 94, 67, 68, 46, 75, 38, 58, 19, 32, 81, 41, 62, 87, 28, 90, 59, 11, 16, 72, 73, 69, 52, 37, 64, 84, 3, 25, 29, 55, 51, 7, 98, 61, 66, 99, 33, 89, 48, 50, 96, 53, 80, 4, 8, 27, 2, 39, 13, 0, 92, 49, 74, 34, 70]|[1, 1, 0, 1, 1, 1, 2, 2, 1, 2, 2, 1, 1, 1, 0, 0, 1, 0, 2, 2, 0, 1, 2, 2, 1, 2, 2, 0, 0, 1, 2, 1, 1, 0, 2, 0, 1, 1, 0, 1, 1, 1, 1, 0, 2, 1, 1, 0, 0, 0, 0, 1, 1, 2, 1, 2, 0, 0, 2, 0, 1, 2, 2, 1, 2, 1, 1, 1, 1, 1, 1, 2, 1, 0, 2, 0, 1, 2, 1, 0, 0, 2, 1, 0, 0, 2, 0, 0, 1, 1, 0, 0, 1, 0, 0, 0, 0, 2, 2, 1]|[0, 3, 1, 2, 0, 0, 1, 1, 4, 1, 1, 4, 4, 4, 2, 2, 4, 2, 1, 1, 1, 1, 2, 1, 2, 1, 1, 1, 1, 4, 0, 3, 3, 0, 1, 1, 0, 3, 2, 2, 2, 2, 0, 1, 1, 0, 4, 0, 1, 2, 2, 1, 4, 0, 3, 2, 1, 2, 1, 2, 3, 1, 1, 3, 0, 4, 4, 1, 4, 3, 1, 2, 4, 1, 1, 1, 1, 1, 3, 1, 1, 1, 1, 1, 1, 1, 2, 1, 4, 3, 2, 2, 1, 2, 2, 0, 1, 1, 1, 4]|[1, 1, 1, 1, 3, 3, 0, 0, 0, 0, 0, 2, 0, 1, 0, 0, 3, 1, 0, 0, 0, 3, 1, 0, 2, 0, 0, 0, 1, 3, 0, 0, 0, 0, 1, 0, 0, 2, 1, 1, 1, 1, 0, 0, 0, 0, 2, 1, 0, 0, 0, 1, 3, 0, 0, 1, 0, 1, 0, 1, 2, 0, 0, 2, 1, 0, 2, 1, 1, 0, 3, 1, 3, 0, 0, 0, 2, 0, 0, 0, 0, 0, 1, 0, 0, 0, 1, 0, 0, 2, 1, 0, 1, 0, 0, 1, 1, 0, 0, 2],733.3116759547878,58140.55643565909,96674.14109675489,false
20,G4_BALANCED,G4_BALANCED,[31, 11, 82, 15, 26, 9, 95, 42, 77, 68, 47, 5, 93, 78, 86, 54, 85, 63, 18, 44, 20, 49, 36, 14, 74, 50, 53, 17, 21, 45, 71, 64, 3, 23, 30, 83, 24, 41, 60, 52, 65, 27, 90, 70, 39, 87, 48, 69, 99, 4, 46, 1, 13, 58, 97, 59, 28, 75, 73, 37, 35, 79, 22, 66, 76, 32, 40, 80, 96, 6, 61, 16, 33, 7, 57, 34, 12, 67, 10, 98, 56, 88, 29, 25, 91, 38, 19, 92, 43, 84, 51, 72, 81, 8, 2, 55, 0, 62, 89, 94]|[2, 1, 2, 1, 1, 2, 1, 1, 1, 1, 1, 0, 2, 2, 1, 2, 0, 0, 0, 2, 2, 1, 0, 2, 0, 2, 2, 1, 0, 1, 1, 1, 0, 0, 1, 0, 2, 1, 2, 2, 0, 0, 1, 1, 0, 2, 0, 2, 1, 0, 0, 2, 0, 0, 2, 0, 1, 1, 0, 0, 2, 1, 0, 2, 2, 0, 2, 2, 0, 1, 1, 2, 1, 2, 0, 1, 1, 1, 1, 2, 2, 1, 1, 1, 1, 0, 1, 0, 1, 0, 1, 1, 1, 0, 2, 0, 0, 1, 1, 2]|[0, 3, 0, 2, 4, 1, 4, 4, 2, 4, 3, 2, 1, 0, 2, 1, 1, 1, 2, 1, 1, 3, 0, 1, 0, 1, 1, 4, 1, 4, 3, 2, 2, 0, 4, 1, 1, 4, 0, 1, 2, 1, 4, 4, 1, 1, 0, 2, 3, 1, 2, 1, 2, 1, 1, 2, 4, 3, 0, 2, 2, 3, 1, 0, 1, 2, 0, 1, 2, 4, 3, 1, 4, 1, 2, 4, 3, 3, 3, 1, 1, 4, 3, 4, 3, 2, 4, 2, 4, 2, 3, 4, 1, 2, 1, 2, 2, 3, 4, 1]|[0, 2, 0, 1, 3, 0, 1, 3, 0, 0, 2, 0, 1, 0, 1, 0, 0, 0, 1, 0, 0, 2, 0, 0, 1, 0, 0, 3, 0, 1, 0, 2, 0, 1, 3, 0, 1, 3, 0, 0, 0, 0, 1, 3, 0, 0, 1, 0, 2, 0, 0, 0, 0, 0, 1, 0, 1, 0, 1, 1, 0, 2, 0, 0, 0, 0, 0, 0, 0, 2, 0, 0, 1, 0, 0, 1, 0, 0, 3, 0, 0, 1, 0, 3, 0, 0, 3, 0, 2, 0, 0, 2, 1, 0, 0, 0, 0, 0, 1, 0],855.0393744413956,51684.66824914086,111484.00316030454,false
20,G2_TEC,G2_TEC,[31, 22, 82, 15, 26, 9, 95, 42, 77, 68, 47, 5, 93, 78, 86, 54, 85, 63, 18, 44, 20, 49, 36, 14, 74, 50, 53, 17, 21, 28, 71, 64, 3, 23, 30, 83, 24, 41, 40, 52, 65, 27, 90, 70, 39, 87, 48, 69, 99, 4, 46, 1, 13, 58, 97, 59, 45, 8, 73, 37, 35, 79, 11, 66, 76, 32, 60, 80, 96, 6, 16, 61, 19, 7, 57, 34, 12, 67, 10, 98, 56, 88, 29, 75, 91, 38, 33, 92, 2, 84, 51, 72, 81, 25, 43, 55, 62, 89, 94, 0]|[2, 1, 2, 1, 1, 2, 1, 1, 1, 1, 1, 0, 2, 2, 1, 2, 0, 0, 0, 2, 2, 1, 0, 2, 0, 2, 2, 1, 0, 1, 1, 1, 0, 0, 1, 0, 2, 1, 2, 2, 0, 0, 1, 1, 0, 2, 0, 2, 1, 0, 0, 2, 0, 0, 2, 0, 1, 1, 0, 0, 2, 1, 0, 2, 2, 0, 2, 2, 0, 1, 2, 1, 1, 2, 0, 1, 1, 1, 1, 2, 2, 1, 1, 0, 1, 0, 1, 0, 2, 0, 1, 1, 1, 1, 1, 0, 1, 1, 2, 0]|[0, 3, 0, 3, 4, 1, 4, 4, 2, 4, 3, 2, 1, 0, 2, 1, 1, 1, 2, 1, 1, 3, 0, 1, 0, 1, 1, 4, 1, 4, 3, 2, 2, 0, 4, 1, 1, 4, 0, 1, 2, 1, 4, 4, 1, 1, 0, 2, 3, 1, 2, 1, 2, 1, 1, 2, 4, 3, 0, 2, 2, 3, 1, 0, 1, 2, 0, 1, 2, 4, 1, 3, 4, 1, 2, 4, 3, 3, 3, 1, 1, 4, 3, 2, 3, 2, 4, 2, 1, 2, 3, 4, 4, 4, 4, 2, 3, 4, 1, 2]|[0, 2, 0, 0, 3, 0, 1, 3, 0, 0, 2, 0, 1, 0, 1, 0, 0, 0, 1, 0, 0, 2, 0, 0, 1, 0, 0, 3, 0, 1, 0, 2, 0, 0, 3, 0, 1, 3, 0, 0, 0, 0, 1, 3, 0, 0, 1, 0, 2, 0, 0, 0, 0, 0, 1, 0, 1, 0, 1, 1, 0, 2, 0, 0, 0, 0, 0, 0, 0, 2, 0, 0, 1, 0, 0, 1, 0, 0, 3, 0, 0, 1, 0, 0, 0, 0, 1, 0, 0, 0, 0, 2, 1, 3, 2, 0, 0, 1, 0, 0],890.9074744783937,50673.96227735626,113466.60083846681,false
20,G3_TWC,G2_TEC,[31, 22, 82, 15, 26, 9, 95, 42, 77, 68, 47, 5, 93, 78, 86, 54, 85, 63, 18, 44, 20, 49, 36, 14, 74, 50, 53, 17, 21, 28, 71, 64, 3, 23, 30, 83, 24, 41, 40, 52, 65, 27, 90, 70, 39, 87, 48, 69, 99, 4, 46, 1, 13, 58, 97, 59, 33, 8, 73, 37, 35, 79, 11, 66, 76, 32, 60, 80, 96, 6, 16, 61, 45, 7, 57, 34, 12, 67, 10, 98, 56, 88, 29, 75, 91, 38, 19, 92, 43, 84, 62, 72, 81, 25, 94, 55, 0, 89, 2, 51]|[2, 1, 2, 1, 1, 2, 1, 1, 1, 1, 1, 0, 2, 2, 1, 2, 0, 0, 0, 2, 2, 1, 0, 2, 0, 2, 2, 1, 0, 1, 1, 1, 0, 0, 1, 0, 2, 1, 2, 2, 0, 0, 1, 1, 0, 2, 0, 2, 1, 0, 0, 2, 0, 0, 2, 0, 1, 1, 0, 0, 2, 1, 0, 2, 2, 0, 2, 2, 0, 1, 2, 1, 1, 2, 0, 1, 1, 1, 1, 2, 2, 1, 1, 0, 1, 0, 1, 0, 1, 0, 1, 1, 1, 1, 2, 0, 0, 1, 2, 1]|[0, 3, 0, 3, 4, 1, 4, 4, 2, 4, 3, 2, 1, 0, 2, 1, 1, 1, 2, 1, 1, 3, 0, 1, 0, 1, 1, 4, 1, 4, 3, 2, 2, 0, 4, 1, 1, 4, 0, 1, 2, 1, 4, 4, 1, 1, 0, 2, 3, 1, 2, 1, 2, 1, 1, 2, 4, 3, 0, 2, 2, 3, 1, 0, 1, 2, 0, 1, 2, 4, 1, 3, 4, 1, 2, 4, 3, 3, 3, 1, 1, 4, 3, 2, 3, 2, 4, 2, 4, 2, 3, 4, 4, 4, 1, 2, 2, 4, 1, 3]|[0, 2, 0, 0, 3, 0, 1, 3, 0, 0, 2, 0, 1, 0, 1, 0, 0, 0, 1, 0, 0, 2, 0, 0, 1, 0, 0, 3, 0, 1, 0, 2, 0, 0, 3, 0, 1, 3, 1, 0, 0, 0, 1, 3, 0, 0, 1, 0, 2, 0, 0, 0, 0, 0, 1, 0, 1, 0, 1, 1, 0, 2, 0, 0, 0, 0, 0, 0, 0, 2, 0, 0, 1, 0, 0, 1, 0, 0, 3, 0, 0, 1, 0, 0, 0, 0, 3, 0, 2, 0, 0, 2, 1, 3, 0, 0, 0, 1, 0, 0],890.9074744783937,50971.277531283944,110823.9630860667,true
20,G1_CMAX,G1_CMAX,[31, 22, 82, 15, 26, 9, 42, 77, 12, 5, 47, 93, 78, 86, 54, 6, 63, 18, 44, 20, 35, 43, 97, 91, 76, 10, 30, 21, 45, 17, 23, 1, 71, 83, 24, 14, 60, 36, 85, 57, 40, 95, 88, 65, 56, 79, 94, 67, 68, 46, 75, 38, 58, 19, 32, 81, 41, 62, 87, 28, 90, 59, 11, 16, 72, 73, 69, 52, 37, 64, 84, 3, 25, 29, 55, 51, 7, 98, 61, 66, 99, 33, 89, 48, 50, 96, 53, 80, 4, 8, 27, 2, 39, 13, 0, 92, 49, 74, 34, 70]|[1, 1, 0, 1, 1, 1, 2, 2, 1, 2, 2, 1, 1, 1, 0, 0, 1, 0, 2, 2, 0, 1, 2, 2, 1, 2, 2, 0, 0, 1, 2, 1, 1, 0, 2, 0, 1, 1, 0, 1, 1, 1, 1, 0, 2, 1, 1, 0, 0, 0, 0, 1, 1, 2, 1, 2, 0, 0, 2, 0, 1, 2, 2, 1, 2, 1, 1, 1, 1, 1, 1, 2, 1, 0, 2, 0, 1, 2, 1, 0, 0, 2, 1, 0, 0, 2, 0, 0, 1, 1, 0, 0, 1, 0, 0, 0, 0, 2, 2, 1]|[0, 3, 1, 2, 0, 0, 1, 1, 4, 1, 1, 4, 4, 4, 2, 2, 4, 2, 1, 1, 1, 1, 2, 1, 2, 1, 1, 1, 1, 4, 0, 3, 3, 0, 1, 1, 0, 3, 2, 2, 2, 2, 0, 1, 1, 0, 4, 0, 1, 2, 2, 1, 4, 0, 3, 2, 1, 2, 1, 2, 3, 1, 1, 3, 0, 4, 4, 1, 4, 3, 1, 2, 4, 1, 1, 1, 1, 1, 3, 1, 1, 1, 1, 1, 1, 1, 2, 1, 4, 3, 2, 2, 1, 2, 2, 0, 1, 1, 1, 4]|[1, 1, 1, 1, 3, 3, 0, 0, 0, 0, 0, 2, 0, 1, 0, 0, 3, 1, 0, 0, 0, 3, 1, 0, 2, 0, 0, 0, 1, 3, 0, 0, 0, 0, 1, 0, 0, 2, 1, 1, 1, 1, 0, 0, 0, 0, 2, 1, 0, 0, 0, 1, 3, 0, 0, 1, 0, 1, 0, 1, 2, 0, 0, 2, 1, 0, 2, 1, 1, 0, 3, 1, 3, 0, 0, 0, 2, 0, 0, 0, 0, 0, 1, 0, 0, 0, 1, 0, 0, 2, 1, 0, 1, 0, 0, 1, 1, 0, 0, 2],733.3116759547878,58140.55643565909,96674.14109675489,false
20,G4_BALANCED,G4_BALANCED,[31, 11, 82, 15, 26, 9, 95, 42, 77, 68, 47, 5, 93, 78, 86, 54, 85, 63, 18, 44, 20, 49, 36, 14, 74, 50, 53, 17, 21, 45, 71, 64, 3, 23, 30, 83, 24, 41, 60, 52, 65, 27, 90, 70, 39, 87, 48, 69, 99, 4, 46, 1, 13, 58, 97, 59, 28, 75, 73, 37, 35, 79, 22, 66, 76, 32, 40, 80, 96, 6, 61, 16, 33, 7, 57, 34, 12, 67, 10, 98, 56, 88, 29, 25, 91, 38, 19, 92, 43, 84, 51, 72, 81, 8, 2, 55, 0, 62, 89, 94]|[2, 1, 2, 1, 1, 2, 1, 1, 1, 1, 1, 0, 2, 2, 1, 2, 0, 0, 0, 2, 2, 1, 0, 2, 0, 2, 2, 1, 0, 1, 1, 1, 0, 0, 1, 0, 2, 1, 2, 2, 0, 0, 1, 1, 0, 2, 0, 2, 1, 0, 0, 2, 0, 0, 2, 0, 1, 1, 0, 0, 2, 1, 0, 2, 2, 0, 2, 2, 0, 1, 1, 2, 1, 2, 0, 1, 1, 1, 1, 2, 2, 1, 1, 1, 1, 0, 1, 0, 1, 0, 1, 1, 1, 0, 2, 0, 0, 1, 1, 2]|[0, 3, 0, 2, 4, 1, 4, 4, 2, 4, 3, 2, 1, 0, 2, 1, 1, 1, 2, 1, 1, 3, 0, 1, 0, 1, 1, 4, 1, 4, 3, 2, 2, 0, 4, 1, 1, 4, 0, 1, 2, 1, 4, 4, 1, 1, 0, 2, 3, 1, 2, 1, 2, 1, 1, 2, 4, 3, 0, 2, 2, 3, 1, 0, 1, 2, 0, 1, 2, 4, 3, 1, 4, 1, 2, 4, 3, 3, 3, 1, 1, 4, 3, 4, 3, 2, 4, 2, 4, 2, 3, 4, 1, 2, 1, 2, 2, 3, 4, 1]|[0, 2, 0, 1, 3, 0, 1, 3, 0, 0, 2, 0, 1, 0, 1, 0, 0, 0, 1, 0, 0, 2, 0, 0, 1, 0, 0, 3, 0, 1, 0, 2, 0, 1, 3, 0, 1, 3, 0, 0, 0, 0, 1, 3, 0, 0, 1, 0, 2, 0, 0, 0, 0, 0, 1, 0, 1, 0, 1, 1, 0, 2, 0, 0, 0, 0, 0, 0, 0, 2, 0, 0, 1, 0, 0, 1, 0, 0, 3, 0, 0, 1, 0, 3, 0, 0, 3, 0, 2, 0, 0, 2, 1, 0, 0, 0, 0, 0, 1, 0],855.0393744413956,51684.66824914086,111484.00316030454,false
20,G2_TEC,G2_TEC,[31, 22, 82, 15, 26, 9, 95, 42, 77, 68, 47, 5, 93, 78, 86, 54, 85, 63, 18, 44, 20, 49, 36, 14, 74, 50, 53, 17, 21, 28, 71, 64, 3, 23, 30, 83, 24, 41, 40, 52, 65, 27, 90, 70, 39, 87, 48, 69, 99, 4, 46, 1, 13, 58, 97, 59, 45, 8, 73, 37, 35, 79, 11, 66, 76, 32, 60, 80, 96, 6, 16, 61, 19, 7, 57, 34, 12, 67, 10, 98, 56, 88, 29, 75, 91, 38, 33, 92, 2, 84, 51, 72, 81, 25, 43, 55, 62, 89, 94, 0]|[2, 1, 2, 1, 1, 2, 1, 1, 1, 1, 1, 0, 2, 2, 1, 2, 0, 0, 0, 2, 2, 1, 0, 2, 0, 2, 2, 1, 0, 1, 1, 1, 0, 0, 1, 0, 2, 1, 2, 2, 0, 0, 1, 1, 0, 2, 0, 2, 1, 0, 0, 2, 0, 0, 2, 0, 1, 1, 0, 0, 2, 1, 0, 2, 2, 0, 2, 2, 0, 1, 2, 1, 1, 2, 0, 1, 1, 1, 1, 2, 2, 1, 1, 0, 1, 0, 1, 0, 2, 0, 1, 1, 1, 1, 1, 0, 1, 1, 2, 0]|[0, 3, 0, 3, 4, 1, 4, 4, 2, 4, 3, 2, 1, 0, 2, 1, 1, 1, 2, 1, 1, 3, 0, 1, 0, 1, 1, 4, 1, 4, 3, 2, 2, 0, 4, 1, 1, 4, 0, 1, 2, 1, 4, 4, 1, 1, 0, 2, 3, 1, 2, 1, 2, 1, 1, 2, 4, 3, 0, 2, 2, 3, 1, 0, 1, 2, 0, 1, 2, 4, 1, 3, 4, 1, 2, 4, 3, 3, 3, 1, 1, 4, 3, 2, 3, 2, 4, 2, 1, 2, 3, 4, 4, 4, 4, 2, 3, 4, 1, 2]|[0, 2, 0, 0, 3, 0, 1, 3, 0, 0, 2, 0, 1, 0, 1, 0, 0, 0, 1, 0, 0, 2, 0, 0, 1, 0, 0, 3, 0, 1, 0, 2, 0, 0, 3, 0, 1, 3, 0, 0, 0, 0, 1, 3, 0, 0, 1, 0, 2, 0, 0, 0, 0, 0, 1, 0, 1, 0, 1, 1, 0, 2, 0, 0, 0, 0, 0, 0, 0, 2, 0, 0, 1, 0, 0, 1, 0, 0, 3, 0, 0, 1, 0, 0, 0, 0, 1, 0, 0, 0, 0, 2, 1, 3, 2, 0, 0, 1, 0, 0],890.9074744783937,50673.96227735626,113466.60083846681,false
20,G3_TWC,G1_CMAX,[31, 22, 82, 15, 26, 9, 42, 40, 77, 12, 47, 5, 93, 78, 86, 54, 85, 63, 18, 44, 20, 35, 43, 97, 91, 76, 10, 30, 21, 45, 71, 64, 1, 23, 17, 83, 28, 14, 60, 36, 6, 57, 94, 88, 65, 56, 79, 95, 67, 68, 46, 75, 38, 58, 19, 32, 81, 41, 27, 62, 87, 90, 99, 59, 11, 16, 72, 73, 69, 39, 37, 84, 3, 92, 25, 55, 24, 29, 51, 7, 33, 61, 98, 48, 89, 50, 8, 96, 34, 53, 66, 4, 80, 2, 52, 0, 13, 70, 49, 74]|[1, 1, 0, 1, 1, 1, 1, 2, 2, 1, 2, 2, 2, 1, 1, 0, 0, 1, 0, 2, 2, 0, 1, 2, 0, 1, 2, 2, 0, 0, 1, 2, 1, 2, 1, 0, 2, 0, 1, 1, 0, 1, 1, 1, 0, 2, 1, 1, 0, 0, 0, 0, 1, 1, 2, 1, 2, 0, 0, 0, 2, 1, 0, 1, 2, 1, 2, 1, 1, 1, 1, 1, 1, 0, 1, 2, 2, 0, 0, 1, 2, 1, 0, 0, 1, 0, 1, 2, 2, 0, 2, 0, 0, 0, 1, 0, 0, 1, 0, 2]|[4, 3, 2, 2, 0, 0, 2, 2, 2, 4, 1, 1, 2, 4, 4, 1, 2, 4, 2, 1, 1, 1, 1, 2, 1, 2, 1, 1, 1, 1, 3, 2, 3, 0, 4, 0, 1, 1, 0, 3, 2, 2, 2, 0, 1, 1, 0, 4, 0, 1, 2, 2, 1, 4, 0, 3, 2, 1, 1, 2, 1, 3, 1, 1, 1, 3, 0, 4, 3, 1, 4, 1, 1, 0, 4, 1, 1, 1, 1, 3, 1, 3, 1, 1, 1, 1, 3, 1, 1, 2, 1, 2, 1, 2, 1, 2, 2, 4, 1, 1]|[0, 2, 1, 1, 3, 3, 1, 0, 0, 0, 0, 0, 1, 0, 1, 0, 0, 3, 1, 0, 0, 0, 3, 1, 0, 2, 0, 0, 0, 1, 0, 0, 0, 0, 3, 0, 1, 0, 0, 2, 1, 1, 1, 0, 0, 0, 0, 2, 1, 0, 0, 0, 1, 3, 0, 0, 1, 0, 0, 1, 0, 2, 0, 1, 0, 2, 1, 0, 0, 1, 1, 3, 1, 1, 3, 0, 1, 0, 0, 2, 0, 0, 0, 0, 1, 0, 2, 0, 0, 1, 0, 1, 0, 0, 1, 0, 0, 2, 1, 0],763.6748095047334,58344.72133131379,93139.2081556008,true
20,G1_CMAX,G1_CMAX,[31, 22, 82, 15, 26, 9, 42, 77, 12, 5, 47, 93, 78, 86, 54, 6, 63, 18, 44, 20, 35, 43, 97, 91, 76, 10, 30, 21, 45, 17, 23, 1, 71, 83, 24, 14, 60, 36, 85, 57, 40, 95, 88, 65, 56, 79, 94, 67, 68, 46, 75, 38, 58, 19, 32, 81, 41, 62, 87, 28, 90, 59, 11, 16, 72, 73, 69, 52, 37, 64, 84, 3, 25, 29, 55, 51, 7, 98, 61, 66, 99, 33, 89, 48, 50, 96, 53, 80, 4, 8, 27, 2, 39, 13, 0, 92, 49, 74, 34, 70]|[1, 1, 0, 1, 1, 1, 2, 2, 1, 2, 2, 1, 1, 1, 0, 0, 1, 0, 2, 2, 0, 1, 2, 2, 1, 2, 2, 0, 0, 1, 2, 1, 1, 0, 2, 0, 1, 1, 0, 1, 1, 1, 1, 0, 2, 1, 1, 0, 0, 0, 0, 1, 1, 2, 1, 2, 0, 0, 2, 0, 1, 2, 2, 1, 2, 1, 1, 1, 1, 1, 1, 2, 1, 0, 2, 0, 1, 2, 1, 0, 0, 2, 1, 0, 0, 2, 0, 0, 1, 1, 0, 0, 1, 0, 0, 0, 0, 2, 2, 1]|[0, 3, 1, 2, 0, 0, 1, 1, 4, 1, 1, 4, 4, 4, 2, 2, 4, 2, 1, 1, 1, 1, 2, 1, 2, 1, 1, 1, 1, 4, 0, 3, 3, 0, 1, 1, 0, 3, 2, 2, 2, 2, 0, 1, 1, 0, 4, 0, 1, 2, 2, 1, 4, 0, 3, 2, 1, 2, 1, 2, 3, 1, 1, 3, 0, 4, 4, 1, 4, 3, 1, 2, 4, 1, 1, 1, 1, 1, 3, 1, 1, 1, 1, 1, 1, 1, 2, 1, 4, 3, 2, 2, 1, 2, 2, 0, 1, 1, 1, 4]|[1, 1, 1, 1, 3, 3, 0, 0, 0, 0, 0, 2, 0, 1, 0, 0, 3, 1, 0, 0, 0, 3, 1, 0, 2, 0, 0, 0, 1, 3, 0, 0, 0, 0, 1, 0, 0, 2, 1, 1, 1, 1, 0, 0, 0, 0, 2, 1, 0, 0, 0, 1, 3, 0, 0, 1, 0, 1, 0, 1, 2, 0, 0, 2, 1, 0, 2, 1, 1, 0, 3, 1, 3, 0, 0, 0, 2, 0, 0, 0, 0, 0, 1, 0, 0, 0, 1, 0, 0, 2, 1, 0, 1, 0, 0, 1, 1, 0, 0, 2],733.3116759547878,58140.55643565909,96674.14109675489,false
20,G4_BALANCED,G4_BALANCED,[31, 11, 82, 15, 26, 9, 95, 42, 77, 68, 47, 5, 93, 78, 86, 54, 85, 63, 18, 44, 20, 49, 36, 14, 74, 50, 53, 17, 21, 45, 71, 64, 3, 23, 30, 83, 24, 41, 60, 52, 65, 27, 90, 70, 39, 87, 48, 69, 99, 4, 46, 1, 13, 58, 97, 59, 28, 75, 73, 37, 35, 79, 22, 66, 76, 32, 40, 80, 96, 6, 61, 16, 33, 7, 57, 34, 12, 67, 10, 98, 56, 88, 29, 25, 91, 38, 19, 92, 43, 84, 51, 72, 81, 8, 2, 55, 0, 62, 89, 94]|[2, 1, 2, 1, 1, 2, 1, 1, 1, 1, 1, 0, 2, 2, 1, 2, 0, 0, 0, 2, 2, 1, 0, 2, 0, 2, 2, 1, 0, 1, 1, 1, 0, 0, 1, 0, 2, 1, 2, 2, 0, 0, 1, 1, 0, 2, 0, 2, 1, 0, 0, 2, 0, 0, 2, 0, 1, 1, 0, 0, 2, 1, 0, 2, 2, 0, 2, 2, 0, 1, 1, 2, 1, 2, 0, 1, 1, 1, 1, 2, 2, 1, 1, 1, 1, 0, 1, 0, 1, 0, 1, 1, 1, 0, 2, 0, 0, 1, 1, 2]|[0, 3, 0, 2, 4, 1, 4, 4, 2, 4, 3, 2, 1, 0, 2, 1, 1, 1, 2, 1, 1, 3, 0, 1, 0, 1, 1, 4, 1, 4, 3, 2, 2, 0, 4, 1, 1, 4, 0, 1, 2, 1, 4, 4, 1, 1, 0, 2, 3, 1, 2, 1, 2, 1, 1, 2, 4, 3, 0, 2, 2, 3, 1, 0, 1, 2, 0, 1, 2, 4, 3, 1, 4, 1, 2, 4, 3, 3, 3, 1, 1, 4, 3, 4, 3, 2, 4, 2, 4, 2, 3, 4, 1, 2, 1, 2, 2, 3, 4, 1]|[0, 2, 0, 1, 3, 0, 1, 3, 0, 0, 2, 0, 1, 0, 1, 0, 0, 0, 1, 0, 0, 2, 0, 0, 1, 0, 0, 3, 0, 1, 0, 2, 0, 1, 3, 0, 1, 3, 0, 0, 0, 0, 1, 3, 0, 0, 1, 0, 2, 0, 0, 0, 0, 0, 1, 0, 1, 0, 1, 1, 0, 2, 0, 0, 0, 0, 0, 0, 0, 2, 0, 0, 1, 0, 0, 1, 0, 0, 3, 0, 0, 1, 0, 3, 0, 0, 3, 0, 2, 0, 0, 2, 1, 0, 0, 0, 0, 0, 1, 0],855.0393744413956,51684.66824914086,111484.00316030454,false
20,G2_TEC,G2_TEC,[31, 22, 82, 15, 26, 9, 95, 42, 77, 68, 47, 5, 93, 78, 86, 54, 85, 63, 18, 44, 20, 49, 36, 14, 74, 50, 53, 17, 21, 28, 71, 64, 3, 23, 30, 83, 24, 41, 40, 52, 65, 27, 90, 70, 39, 87, 48, 69, 99, 4, 46, 1, 13, 58, 97, 59, 45, 8, 73, 37, 35, 79, 11, 66, 76, 32, 60, 80, 96, 6, 16, 61, 19, 7, 57, 34, 12, 67, 10, 98, 56, 88, 29, 75, 91, 38, 33, 92, 2, 84, 51, 72, 81, 25, 43, 55, 62, 89, 94, 0]|[2, 1, 2, 1, 1, 2, 1, 1, 1, 1, 1, 0, 2, 2, 1, 2, 0, 0, 0, 2, 2, 1, 0, 2, 0, 2, 2, 1, 0, 1, 1, 1, 0, 0, 1, 0, 2, 1, 2, 2, 0, 0, 1, 1, 0, 2, 0, 2, 1, 0, 0, 2, 0, 0, 2, 0, 1, 1, 0, 0, 2, 1, 0, 2, 2, 0, 2, 2, 0, 1, 2, 1, 1, 2, 0, 1, 1, 1, 1, 2, 2, 1, 1, 0, 1, 0, 1, 0, 2, 0, 1, 1, 1, 1, 1, 0, 1, 1, 2, 0]|[0, 3, 0, 3, 4, 1, 4, 4, 2, 4, 3, 2, 1, 0, 2, 1, 1, 1, 2, 1, 1, 3, 0, 1, 0, 1, 1, 4, 1, 4, 3, 2, 2, 0, 4, 1, 1, 4, 0, 1, 2, 1, 4, 4, 1, 1, 0, 2, 3, 1, 2, 1, 2, 1, 1, 2, 4, 3, 0, 2, 2, 3, 1, 0, 1, 2, 0, 1, 2, 4, 1, 3, 4, 1, 2, 4, 3, 3, 3, 1, 1, 4, 3, 2, 3, 2, 4, 2, 1, 2, 3, 4, 4, 4, 4, 2, 3, 4, 1, 2]|[0, 2, 0, 0, 3, 0, 1, 3, 0, 0, 2, 0, 1, 0, 1, 0, 0, 0, 1, 0, 0, 2, 0, 0, 1, 0, 0, 3, 0, 1, 0, 2, 0, 0, 3, 0, 1, 3, 0, 0, 0, 0, 1, 3, 0, 0, 1, 0, 2, 0, 0, 0, 0, 0, 1, 0, 1, 0, 1, 1, 0, 2, 0, 0, 0, 0, 0, 0, 0, 2, 0, 0, 1, 0, 0, 1, 0, 0, 3, 0, 0, 1, 0, 0, 0, 0, 1, 0, 0, 0, 0, 2, 1, 3, 2, 0, 0, 1, 0, 0],890.9074744783937,50673.96227735626,113466.60083846681,false
20,G3_TWC,G4_BALANCED,[31, 22, 82, 15, 26, 9, 95, 42, 77, 68, 47, 5, 93, 78, 86, 54, 85, 63, 18, 44, 20, 49, 36, 14, 74, 50, 53, 17, 21, 28, 71, 64, 3, 23, 30, 83, 24, 41, 60, 52, 65, 27, 90, 70, 39, 87, 48, 69, 99, 4, 46, 1, 13, 58, 97, 59, 45, 8, 73, 37, 35, 40, 11, 66, 76, 32, 79, 80, 96, 6, 16, 61, 33, 7, 57, 34, 12, 67, 10, 98, 56, 88, 29, 25, 91, 38, 19, 92, 43, 84, 51, 72, 81, 75, 2, 55, 0, 62, 89, 94]|[2, 1, 2, 1, 1, 2, 1, 1, 1, 1, 1, 0, 2, 2, 1, 2, 0, 0, 0, 2, 2, 1, 0, 2, 0, 2, 2, 1, 0, 1, 1, 1, 0, 0, 1, 0, 2, 1, 2, 2, 0, 0, 1, 1, 0, 2, 0, 2, 1, 0, 0, 2, 0, 0, 2, 0, 1, 1, 0, 0, 2, 2, 0, 2, 2, 0, 1, 2, 0, 1, 2, 1, 1, 2, 0, 1, 1, 1, 1, 2, 2, 1, 1, 1, 1, 0, 1, 0, 1, 0, 1, 1, 1, 0, 2, 0, 0, 1, 1, 2]|[0, 3, 0, 3, 4, 1, 4, 4, 2, 4, 3, 2, 1, 0, 2, 1, 1, 1, 2, 1, 1, 3, 0, 1, 0, 1, 1, 4, 1, 4, 3, 2, 2, 0, 4, 1, 1, 4, 0, 1, 2, 1, 4, 4, 1, 1, 0, 2, 3, 1, 2, 1, 2, 1, 1, 2, 4, 3, 0, 2, 2, 0, 1, 0, 1, 2, 3, 1, 2, 4, 1, 3, 4, 1, 2, 4, 3, 3, 3, 1, 1, 4, 3, 4, 3, 2, 4, 2, 4, 2, 3, 4, 1, 2, 1, 2, 2, 3, 4, 1]|[0, 2, 0, 0, 3, 0, 1, 3, 0, 0, 2, 0, 1, 0, 1, 0, 0, 0, 1, 0, 0, 2, 0, 0, 1, 0, 0, 3, 0, 1, 0, 2, 0, 1, 3, 0, 1, 3, 1, 0, 0, 0, 1, 3, 0, 0, 1, 0, 2, 0, 0, 0, 0, 0, 1, 0, 1, 0, 1, 1, 0, 0, 0, 0, 0, 0, 2, 0, 0, 2, 0, 0, 1, 0, 0, 1, 0, 0, 3, 0, 0, 1, 0, 3, 0, 0, 3, 0, 2, 0, 0, 2, 1, 0, 0, 0, 0, 0, 1, 0],865.1682911866744,51566.998767914876,107163.30301675062,true
20,G1_CMAX,G1_CMAX,[31, 22, 82, 15, 26, 9, 42, 77, 12, 5, 47, 93, 78, 86, 54, 6, 63, 18, 44, 20, 35, 43, 97, 91, 76, 10, 30, 21, 45, 17, 23, 1, 71, 83, 24, 14, 60, 36, 85, 57, 40, 95, 88, 65, 56, 79, 94, 67, 68, 46, 75, 38, 58, 19, 32, 81, 41, 62, 87, 28, 90, 59, 11, 16, 72, 73, 69, 52, 37, 64, 84, 3, 25, 29, 55, 51, 7, 98, 61, 66, 99, 33, 89, 48, 50, 96, 53, 80, 4, 8, 27, 2, 39, 13, 0, 92, 49, 74, 34, 70]|[1, 1, 0, 1, 1, 1, 2, 2, 1, 2, 2, 1, 1, 1, 0, 0, 1, 0, 2, 2, 0, 1, 2, 2, 1, 2, 2, 0, 0, 1, 2, 1, 1, 0, 2, 0, 1, 1, 0, 1, 1, 1, 1, 0, 2, 1, 1, 0, 0, 0, 0, 1, 1, 2, 1, 2, 0, 0, 2, 0, 1, 2, 2, 1, 2, 1, 1, 1, 1, 1, 1, 2, 1, 0, 2, 0, 1, 2, 1, 0, 0, 2, 1, 0, 0, 2, 0, 0, 1, 1, 0, 0, 1, 0, 0, 0, 0, 2, 2, 1]|[0, 3, 1, 2, 0, 0, 1, 1, 4, 1, 1, 4, 4, 4, 2, 2, 4, 2, 1, 1, 1, 1, 2, 1, 2, 1, 1, 1, 1, 4, 0, 3, 3, 0, 1, 1, 0, 3, 2, 2, 2, 2, 0, 1, 1, 0, 4, 0, 1, 2, 2, 1, 4, 0, 3, 2, 1, 2, 1, 2, 3, 1, 1, 3, 0, 4, 4, 1, 4, 3, 1, 2, 4, 1, 1, 1, 1, 1, 3, 1, 1, 1, 1, 1, 1, 1, 2, 1, 4, 3, 2, 2, 1, 2, 2, 0, 1, 1, 1, 4]|[1, 1, 1, 1, 3, 3, 0, 0, 0, 0, 0, 2, 0, 1, 0, 0, 3, 1, 0, 0, 0, 3, 1, 0, 2, 0, 0, 0, 1, 3, 0, 0, 0, 0, 1, 0, 0, 2, 1, 1, 1, 1, 0, 0, 0, 0, 2, 1, 0, 0, 0, 1, 3, 0, 0, 1, 0, 1, 0, 1, 2, 0, 0, 2, 1, 0, 2, 1, 1, 0, 3, 1, 3, 0, 0, 0, 2, 0, 0, 0, 0, 0, 1, 0, 0, 0, 1, 0, 0, 2, 1, 0, 1, 0, 0, 1, 1, 0, 0, 2],733.3116759547878,58140.55643565909,96674.14109675489,false
20,G4_BALANCED,G4_BALANCED,[31, 11, 82, 15, 26, 9, 95, 42, 77, 68, 47, 5, 93, 78, 86, 54, 85, 63, 18, 44, 20, 49, 36, 14, 74, 50, 53, 17, 21, 45, 71, 64, 3, 23, 30, 83, 24, 41, 60, 52, 65, 27, 90, 70, 39, 87, 48, 69, 99, 4, 46, 1, 13, 58, 97, 59, 28, 75, 73, 37, 35, 79, 22, 66, 76, 32, 40, 80, 96, 6, 61, 16, 33, 7, 57, 34, 12, 67, 10, 98, 56, 88, 29, 25, 91, 38, 19, 92, 43, 84, 51, 72, 81, 8, 2, 55, 0, 62, 89, 94]|[2, 1, 2, 1, 1, 2, 1, 1, 1, 1, 1, 0, 2, 2, 1, 2, 0, 0, 0, 2, 2, 1, 0, 2, 0, 2, 2, 1, 0, 1, 1, 1, 0, 0, 1, 0, 2, 1, 2, 2, 0, 0, 1, 1, 0, 2, 0, 2, 1, 0, 0, 2, 0, 0, 2, 0, 1, 1, 0, 0, 2, 1, 0, 2, 2, 0, 2, 2, 0, 1, 1, 2, 1, 2, 0, 1, 1, 1, 1, 2, 2, 1, 1, 1, 1, 0, 1, 0, 1, 0, 1, 1, 1, 0, 2, 0, 0, 1, 1, 2]|[0, 3, 0, 2, 4, 1, 4, 4, 2, 4, 3, 2, 1, 0, 2, 1, 1, 1, 2, 1, 1, 3, 0, 1, 0, 1, 1, 4, 1, 4, 3, 2, 2, 0, 4, 1, 1, 4, 0, 1, 2, 1, 4, 4, 1, 1, 0, 2, 3, 1, 2, 1, 2, 1, 1, 2, 4, 3, 0, 2, 2, 3, 1, 0, 1, 2, 0, 1, 2, 4, 3, 1, 4, 1, 2, 4, 3, 3, 3, 1, 1, 4, 3, 4, 3, 2, 4, 2, 4, 2, 3, 4, 1, 2, 1, 2, 2, 3, 4, 1]|[0, 2, 0, 1, 3, 0, 1, 3, 0, 0, 2, 0, 1, 0, 1, 0, 0, 0, 1, 0, 0, 2, 0, 0, 1, 0, 0, 3, 0, 1, 0, 2, 0, 1, 3, 0, 1, 3, 0, 0, 0, 0, 1, 3, 0, 0, 1, 0, 2, 0, 0, 0, 0, 0, 1, 0, 1, 0, 1, 1, 0, 2, 0, 0, 0, 0, 0, 0, 0, 2, 0, 0, 1, 0, 0, 1, 0, 0, 3, 0, 0, 1, 0, 3, 0, 0, 3, 0, 2, 0, 0, 2, 1, 0, 0, 0, 0, 0, 1, 0],855.0393744413956,51684.66824914086,111484.00316030454,false
20,G2_TEC,G2_TEC,[31, 22, 82, 15, 26, 9, 95, 42, 77, 4, 47, 5, 93, 78, 86, 54, 85, 63, 18, 44, 20, 49, 36, 14, 74, 50, 53, 17, 21, 45, 71, 64, 3, 23, 30, 83, 24, 41, 60, 52, 65, 27, 90, 70, 89, 87, 48, 69, 99, 68, 46, 1, 39, 32, 97, 59, 28, 8, 73, 37, 35, 79, 11, 66, 76, 57, 72, 16, 92, 6, 80, 61, 33, 98, 58, 34, 51, 67, 10, 7, 56, 88, 29, 19, 91, 13, 12, 96, 0, 81, 2, 55, 43, 84, 75, 25, 62, 94, 38, 40]|[2, 1, 2, 1, 1, 2, 1, 1, 1, 1, 1, 0, 2, 2, 1, 2, 0, 0, 0, 2, 2, 1, 0, 2, 0, 2, 2, 1, 0, 1, 1, 1, 0, 0, 1, 0, 2, 1, 2, 2, 0, 1, 1, 1, 1, 1, 0, 2, 1, 0, 0, 2, 2, 0, 2, 0, 2, 1, 0, 0, 2, 1, 0, 2, 2, 0, 0, 2, 0, 0, 2, 1, 1, 0, 0, 1, 1, 0, 1, 2, 2, 1, 1, 2, 1, 0, 1, 0, 0, 1, 2, 0, 1, 0, 2, 1, 0, 1, 1, 2]|[0, 3, 0, 2, 4, 1, 4, 4, 2, 4, 3, 2, 1, 0, 2, 1, 1, 1, 2, 1, 2, 3, 0, 1, 0, 1, 1, 4, 1, 0, 3, 2, 2, 0, 4, 1, 1, 4, 0, 1, 2, 2, 4, 4, 4, 0, 0, 2, 3, 1, 2, 1, 2, 2, 1, 2, 0, 3, 0, 2, 2, 3, 1, 0, 1, 0, 2, 1, 0, 1, 1, 3, 4, 1, 1, 4, 3, 1, 3, 1, 0, 4, 3, 0, 3, 2, 3, 2, 2, 1, 1, 2, 4, 2, 2, 4, 2, 4, 4, 0]|[0, 2, 0, 1, 3, 0, 1, 3, 0, 0, 2, 0, 1, 0, 1, 0, 0, 0, 1, 0, 0, 2, 0, 0, 1, 0, 0, 3, 0, 1, 0, 2, 0, 0, 3, 0, 1, 3, 1, 0, 0, 1, 1, 3, 1, 0, 1, 0, 2, 0, 0, 0, 0, 0, 1, 0, 0, 0, 1, 1, 0, 2, 0, 0, 0, 1, 1, 0, 1, 0, 0, 0, 1, 0, 0, 2, 0, 0, 3, 0, 0, 1, 0, 0, 0, 0, 0, 0, 0, 1, 0, 0, 2, 1, 1, 3, 1, 2, 1, 0],839.6890277062986,54681.99845469262,112904.53001143686,false
20,G3_TWC,G3_TWC,[31, 22, 82, 15, 26, 9, 42, 95, 77, 12, 47, 5, 93, 78, 86, 54, 85, 63, 18, 44, 20, 35, 43, 97, 91, 76, 10, 30, 21, 45, 71, 64, 1, 23, 17, 83, 24, 14, 60, 36, 6, 57, 94, 88, 65, 56, 79, 40, 67, 68, 46, 75, 38, 58, 19, 32, 81, 41, 27, 62, 87, 90, 99, 59, 11, 16, 72, 73, 69, 39, 37, 84, 3, 92, 25, 55, 28, 29, 51, 7, 33, 61, 98, 48, 89, 50, 8, 96, 80, 53, 66, 4, 34, 2, 52, 0, 13, 70, 49, 74]|[1, 1, 0, 1, 1, 1, 2, 1, 2, 1, 2, 2, 2, 1, 1, 0, 0, 1, 0, 2, 2, 0, 1, 2, 0, 1, 2, 2, 0, 0, 1, 2, 1, 2, 1, 0, 2, 0, 1, 1, 0, 1, 1, 1, 0, 2, 1, 1, 0, 0, 0, 0, 1, 1, 2, 1, 2, 0, 0, 0, 2, 1, 0, 1, 2, 1, 2, 1, 1, 1, 1, 1, 1, 0, 1, 2, 0, 0, 0, 1, 2, 1, 0, 0, 1, 0, 1, 0, 0, 0, 2, 0, 2, 0, 1, 0, 0, 1, 0, 2]|[4, 3, 2, 2, 0, 0, 2, 2, 2, 4, 1, 1, 2, 4, 4, 1, 2, 4, 2, 1, 1, 1, 1, 2, 1, 2, 1, 1, 1, 1, 3, 2, 3, 0, 4, 0, 1, 1, 0, 3, 2, 2, 2, 0, 1, 1, 0, 4, 0, 1, 2, 2, 1, 4, 0, 3, 2, 1, 1, 2, 1, 3, 1, 1, 1, 3, 0, 4, 3, 1, 4, 1, 1, 0, 4, 1, 2, 1, 1, 3, 1, 3, 1, 1, 1, 1, 3, 1, 1, 2, 1, 2, 1, 2, 1, 2, 2, 3, 1, 1]|[0, 2, 1, 1, 3, 3, 0, 1, 0, 0, 0, 0, 1, 0, 1, 0, 0, 3, 1, 0, 0, 0, 3, 1, 0, 2, 0, 0, 0, 1, 0, 0, 0, 0, 3, 0, 1, 0, 0, 2, 1, 1, 1, 0, 0, 0, 0, 2, 1, 0, 0, 0, 1, 3, 0, 0, 1, 0, 0, 1, 0, 2, 0, 1, 0, 2, 1, 0, 0, 1, 1, 3, 1, 1, 3, 0, 1, 0, 0, 2, 0, 0, 0, 0, 1, 0, 2, 0, 0, 1, 0, 1, 0, 0, 1, 0, 0, 0, 1, 0],803.2523025071033,57859.102024854496,91566.00247608387,false
20,G1_CMAX,G1_CMAX,[31, 22, 82, 15, 26, 9, 42, 77, 12, 5, 47, 93, 78, 86, 54, 6, 63, 18, 44, 20, 35, 43, 97, 91, 76, 10, 30, 21, 45, 17, 23, 1, 71, 83, 24, 14, 60, 36, 85, 57, 40, 95, 88, 65, 56, 79, 94, 67, 68, 46, 75, 38, 58, 19, 32, 81, 41, 62, 87, 28, 90, 59, 11, 16, 72, 73, 69, 52, 37, 64, 84, 3, 25, 29, 55, 51, 7, 98, 61, 66, 99, 33, 89, 48, 50, 96, 53, 80, 4, 8, 27, 2, 39, 13, 0, 92, 49, 74, 34, 70]|[1, 1, 0, 1, 1, 1, 2, 2, 1, 2, 2, 1, 1, 1, 0, 0, 1, 0, 2, 2, 0, 1, 2, 2, 1, 2, 2, 0, 0, 1, 2, 1, 1, 0, 2, 0, 1, 1, 0, 1, 1, 1, 1, 0, 2, 1, 1, 0, 0, 0, 0, 1, 1, 2, 1, 2, 0, 0, 2, 0, 1, 2, 2, 1, 2, 1, 1, 1, 1, 1, 1, 2, 1, 0, 2, 0, 1, 2, 1, 0, 0, 2, 1, 0, 0, 2, 0, 0, 1, 1, 0, 0, 1, 0, 0, 0, 0, 2, 2, 1]|[0, 3, 1, 2, 0, 0, 1, 1, 4, 1, 1, 4, 4, 4, 2, 2, 4, 2, 1, 1, 1, 1, 2, 1, 2, 1, 1, 1, 1, 4, 0, 3, 3, 0, 1, 1, 0, 3, 2, 2, 2, 2, 0, 1, 1, 0, 4, 0, 1, 2, 2, 1, 4, 0, 3, 2, 1, 2, 1, 2, 3, 1, 1, 3, 0, 4, 4, 1, 4, 3, 1, 2, 4, 1, 1, 1, 1, 1, 3, 1, 1, 1, 1, 1, 1, 1, 2, 1, 4, 3, 2, 2, 1, 2, 2, 0, 1, 1, 1, 4]|[1, 1, 1, 1, 3, 3, 0, 0, 0, 0, 0, 2, 0, 1, 0, 0, 3, 1, 0, 0, 0, 3, 1, 0, 2, 0, 0, 0, 1, 3, 0, 0, 0, 0, 1, 0, 0, 2, 1, 1, 1, 1, 0, 0, 0, 0, 2, 1, 0, 0, 0, 1, 3, 0, 0, 1, 0, 1, 0, 1, 2, 0, 0, 2, 1, 0, 2, 1, 1, 0, 3, 1, 3, 0, 0, 0, 2, 0, 0, 0, 0, 0, 1, 0, 0, 0, 1, 0, 0, 2, 1, 0, 1, 0, 0, 1, 1, 0, 0, 2],733.3116759547878,58140.55643565909,96674.14109675489,false
20,G4_BALANCED,G4_BALANCED,[31, 11, 82, 15, 26, 9, 95, 42, 77, 68, 47, 5, 93, 78, 86, 54, 85, 63, 18, 44, 20, 49, 36, 14, 74, 50, 53, 17, 21, 45, 71, 64, 3, 23, 30, 83, 24, 41, 60, 52, 65, 27, 90, 70, 39, 87, 48, 69, 99, 4, 46, 1, 13, 58, 97, 59, 28, 75, 73, 37, 35, 79, 22, 66, 76, 32, 40, 80, 96, 6, 61, 16, 33, 7, 57, 34, 12, 67, 10, 98, 56, 88, 29, 25, 91, 38, 19, 92, 43, 84, 51, 72, 81, 8, 2, 55, 0, 62, 89, 94]|[2, 1, 2, 1, 1, 2, 1, 1, 1, 1, 1, 0, 2, 2, 1, 2, 0, 0, 0, 2, 2, 1, 0, 2, 0, 2, 2, 1, 0, 1, 1, 1, 0, 0, 1, 0, 2, 1, 2, 2, 0, 0, 1, 1, 0, 2, 0, 2, 1, 0, 0, 2, 0, 0, 2, 0, 1, 1, 0, 0, 2, 1, 0, 2, 2, 0, 2, 2, 0, 1, 1, 2, 1, 2, 0, 1, 1, 1, 1, 2, 2, 1, 1, 1, 1, 0, 1, 0, 1, 0, 1, 1, 1, 0, 2, 0, 0, 1, 1, 2]|[0, 3, 0, 2, 4, 1, 4, 4, 2, 4, 3, 2, 1, 0, 2, 1, 1, 1, 2, 1, 1, 3, 0, 1, 0, 1, 1, 4, 1, 4, 3, 2, 2, 0, 4, 1, 1, 4, 0, 1, 2, 1, 4, 4, 1, 1, 0, 2, 3, 1, 2, 1, 2, 1, 1, 2, 4, 3, 0, 2, 2, 3, 1, 0, 1, 2, 0, 1, 2, 4, 3, 1, 4, 1, 2, 4, 3, 3, 3, 1, 1, 4, 3, 4, 3, 2, 4, 2, 4, 2, 3, 4, 1, 2, 1, 2, 2, 3, 4, 1]|[0, 2, 0, 1, 3, 0, 1, 3, 0, 0, 2, 0, 1, 0, 1, 0, 0, 0, 1, 0, 0, 2, 0, 0, 1, 0, 0, 3, 0, 1, 0, 2, 0, 1, 3, 0, 1, 3, 0, 0, 0, 0, 1, 3, 0, 0, 1, 0, 2, 0, 0, 0, 0, 0, 1, 0, 1, 0, 1, 1, 0, 2, 0, 0, 0, 0, 0, 0, 0, 2, 0, 0, 1, 0, 0, 1, 0, 0, 3, 0, 0, 1, 0, 3, 0, 0, 3, 0, 2, 0, 0, 2, 1, 0, 0, 0, 0, 0, 1, 0],855.0393744413956,51684.66824914086,111484.00316030454,false
20,G2_TEC,G2_TEC,[31, 22, 82, 15, 26, 9, 95, 42, 77, 4, 47, 5, 93, 78, 86, 54, 85, 63, 18, 44, 20, 49, 36, 14, 74, 50, 53, 17, 21, 45, 71, 64, 3, 23, 30, 83, 24, 41, 60, 52, 65, 27, 90, 70, 89, 87, 48, 69, 99, 68, 46, 1, 39, 32, 97, 59, 28, 8, 73, 37, 35, 79, 11, 66, 76, 57, 72, 16, 92, 6, 80, 61, 33, 98, 58, 34, 51, 67, 10, 7, 56, 88, 29, 19, 91, 13, 12, 96, 0, 81, 2, 55, 43, 84, 75, 25, 62, 94, 38, 40]|[2, 1, 2, 1, 1, 2, 1, 1, 1, 1, 1, 0, 2, 2, 1, 2, 0, 0, 0, 2, 2, 1, 0, 2, 0, 2, 2, 1, 0, 1, 1, 1, 0, 0, 1, 0, 2, 1, 2, 2, 0, 1, 1, 1, 1, 1, 0, 2, 1, 0, 0, 2, 2, 0, 2, 0, 2, 1, 0, 0, 2, 1, 0, 2, 2, 0, 0, 2, 0, 0, 2, 1, 1, 0, 0, 1, 1, 0, 1, 2, 2, 1, 1, 2, 1, 0, 1, 0, 0, 1, 2, 0, 1, 0, 2, 1, 0, 1, 1, 2]|[0, 3, 0, 2, 4, 1, 4, 4, 2, 4, 3, 2, 1, 0, 2, 1, 1, 1, 2, 1, 2, 3, 0, 1, 0, 1, 1, 4, 1, 0, 3, 2, 2, 0, 4, 1, 1, 4, 0, 1, 2, 2, 4, 4, 4, 0, 0, 2, 3, 1, 2, 1, 2, 2, 1, 2, 0, 3, 0, 2, 2, 3, 1, 0, 1, 0, 2, 1, 0, 1, 1, 3, 4, 1, 1, 4, 3, 1, 3, 1, 0, 4, 3, 0, 3, 2, 3, 2, 2, 1, 1, 2, 4, 2, 2, 4, 2, 4, 4, 0]|[0, 2, 0, 1, 3, 0, 1, 3, 0, 0, 2, 0, 1, 0, 1, 0, 0, 0, 1, 0, 0, 2, 0, 0, 1, 0, 0, 3, 0, 1, 0, 2, 0, 0, 3, 0, 1, 3, 1, 0, 0, 1, 1, 3, 1, 0, 1, 0, 2, 0, 0, 0, 0, 0, 1, 0, 0, 0, 1, 1, 0, 2, 0, 0, 0, 1, 1, 0, 1, 0, 0, 0, 1, 0, 0, 2, 0, 0, 3, 0, 0, 1, 0, 0, 0, 0, 0, 0, 0, 1, 0, 0, 2, 1, 1, 3, 1, 2, 1, 0],839.6890277062986,54681.99845469262,112904.53001143686,false
20,G3_TWC,G4_BALANCED,[31, 22, 82, 15, 26, 58, 95, 42, 77, 12, 47, 5, 93, 78, 86, 54, 85, 63, 18, 72, 20, 35, 43, 97, 91, 76, 10, 30, 21, 45, 71, 64, 1, 23, 17, 83, 24, 14, 60, 36, 6, 57, 40, 88, 65, 56, 79, 94, 67, 68, 46, 75, 38, 9, 19, 32, 81, 41, 27, 62, 87, 90, 99, 59, 11, 16, 44, 73, 70, 39, 37, 84, 3, 53, 25, 34, 28, 29, 51, 7, 98, 61, 66, 48, 89, 50, 4, 96, 92, 80, 8, 33, 55, 2, 52, 13, 0, 69, 74, 49]|[1, 1, 0, 1, 1, 0, 1, 2, 2, 1, 2, 2, 2, 1, 1, 0, 0, 1, 0, 2, 2, 0, 1, 2, 0, 1, 2, 2, 0, 0, 1, 2, 1, 2, 1, 0, 2, 0, 1, 1, 0, 1, 1, 1, 0, 2, 1, 1, 0, 0, 0, 0, 1, 1, 2, 1, 2, 0, 0, 0, 2, 1, 0, 1, 2, 1, 2, 1, 1, 1, 1, 1, 1, 0, 1, 2, 2, 0, 0, 1, 2, 1, 2, 0, 1, 0, 1, 2, 0, 0, 1, 2, 1, 0, 1, 0, 0, 1, 2, 0]|[4, 3, 2, 2, 4, 1, 2, 2, 2, 4, 1, 1, 2, 4, 4, 1, 2, 4, 2, 1, 1, 1, 1, 2, 1, 2, 1, 1, 1, 1, 3, 2, 3, 1, 4, 0, 1, 1, 0, 3, 2, 2, 2, 0, 1, 1, 0, 4, 0, 1, 2, 2, 1, 4, 0, 3, 2, 1, 1, 2, 1, 3, 1, 1, 1, 3, 1, 4, 3, 1, 4, 1, 1, 2, 4, 1, 2, 1, 1, 1, 1, 3, 1, 1, 1, 1, 4, 1, 0, 1, 3, 1, 3, 2, 1, 2, 2, 4, 1, 1]|[0, 2, 1, 1, 3, 0, 1, 0, 0, 0, 0, 0, 1, 0, 1, 0, 0, 3, 1, 0, 0, 0, 3, 1, 0, 2, 0, 0, 0, 1, 0, 0, 0, 0, 3, 0, 1, 0, 0, 2, 1, 1, 1, 0, 0, 0, 0, 2, 1, 0, 0, 0, 1, 3, 0, 0, 1, 0, 0, 1, 0, 2, 0, 1, 0, 2, 0, 0, 0, 1, 1, 3, 1, 1, 3, 0, 1, 0, 0, 2, 0, 0, 0, 0, 1, 0, 0, 0, 1, 0, 2, 0, 0, 0, 1, 0, 0, 2, 0, 1],754.7044242578055,56428.620226615225,96878.11076790716,true
20,G1_CMAX,G1_CMAX,[31, 22, 82, 15, 26, 9, 42, 77, 12, 5, 47, 93, 78, 86, 54, 6, 63, 18, 44, 20, 35, 43, 97, 91, 76, 10, 30, 21, 45, 17, 23, 1, 71, 83, 24, 14, 60, 36, 85, 57, 40, 95, 88, 65, 56, 79, 94, 67, 68, 46, 75, 38, 58, 19, 32, 81, 41, 62, 87, 28, 90, 59, 11, 16, 72, 73, 69, 52, 37, 64, 84, 3, 25, 29, 55, 51, 7, 98, 61, 66, 99, 33, 89, 48, 50, 96, 53, 80, 4, 8, 27, 2, 39, 13, 0, 92, 49, 74, 34, 70]|[1, 1, 0, 1, 1, 1, 2, 2, 1, 2, 2, 1, 1, 1, 0, 0, 1, 0, 2, 2, 0, 1, 2, 2, 1, 2, 2, 0, 0, 1, 2, 1, 1, 0, 2, 0, 1, 1, 0, 1, 1, 1, 1, 0, 2, 1, 1, 0, 0, 0, 0, 1, 1, 2, 1, 2, 0, 0, 2, 0, 1, 2, 2, 1, 2, 1, 1, 1, 1, 1, 1, 2, 1, 0, 2, 0, 1, 2, 1, 0, 0, 2, 1, 0, 0, 2, 0, 0, 1, 1, 0, 0, 1, 0, 0, 0, 0, 2, 2, 1]|[0, 3, 1, 2, 0, 0, 1, 1, 4, 1, 1, 4, 4, 4, 2, 2, 4, 2, 1, 1, 1, 1, 2, 1, 2, 1, 1, 1, 1, 4, 0, 3, 3, 0, 1, 1, 0, 3, 2, 2, 2, 2, 0, 1, 1, 0, 4, 0, 1, 2, 2, 1, 4, 0, 3, 2, 1, 2, 1, 2, 3, 1, 1, 3, 0, 4, 4, 1, 4, 3, 1, 2, 4, 1, 1, 1, 1, 1, 3, 1, 1, 1, 1, 1, 1, 1, 2, 1, 4, 3, 2, 2, 1, 2, 2, 0, 1, 1, 1, 4]|[1, 1, 1, 1, 3, 3, 0, 0, 0, 0, 0, 2, 0, 1, 0, 0, 3, 1, 0, 0, 0, 3, 1, 0, 2, 0, 0, 0, 1, 3, 0, 0, 0, 0, 1, 0, 0, 2, 1, 1, 1, 1, 0, 0, 0, 0, 2, 1, 0, 0, 0, 1, 3, 0, 0, 1, 0, 1, 0, 1, 2, 0, 0, 2, 1, 0, 2, 1, 1, 0, 3, 1, 3, 0, 0, 0, 2, 0, 0, 0, 0, 0, 1, 0, 0, 0, 1, 0, 0, 2, 1, 0, 1, 0, 0, 1, 1, 0, 0, 2],733.3116759547878,58140.55643565909,96674.14109675489,false
20,G4_BALANCED,G4_BALANCED,[31, 11, 82, 15, 26, 9, 95, 42, 77, 68, 47, 5, 93, 78, 86, 54, 85, 63, 18, 44, 20, 49, 36, 14, 74, 50, 53, 17, 21, 45, 71, 64, 3, 23, 30, 83, 24, 41, 60, 52, 65, 27, 90, 70, 39, 87, 48, 69, 99, 4, 46, 1, 13, 58, 97, 59, 28, 75, 73, 37, 35, 79, 22, 66, 76, 32, 40, 80, 96, 6, 61, 16, 33, 7, 57, 34, 12, 67, 10, 98, 56, 88, 29, 25, 91, 38, 19, 92, 43, 84, 51, 72, 81, 8, 2, 55, 0, 62, 89, 94]|[2, 1, 2, 1, 1, 2, 1, 1, 1, 1, 1, 0, 2, 2, 1, 2, 0, 0, 0, 2, 2, 1, 0, 2, 0, 2, 2, 1, 0, 1, 1, 1, 0, 0, 1, 0, 2, 1, 2, 2, 0, 0, 1, 1, 0, 2, 0, 2, 1, 0, 0, 2, 0, 0, 2, 0, 1, 1, 0, 0, 2, 1, 0, 2, 2, 0, 2, 2, 0, 1, 1, 2, 1, 2, 0, 1, 1, 1, 1, 2, 2, 1, 1, 1, 1, 0, 1, 0, 1, 0, 1, 1, 1, 0, 2, 0, 0, 1, 1, 2]|[0, 3, 0, 2, 4, 1, 4, 4, 2, 4, 3, 2, 1, 0, 2, 1, 1, 1, 2, 1, 1, 3, 0, 1, 0, 1, 1, 4, 1, 4, 3, 2, 2, 0, 4, 1, 1, 4, 0, 1, 2, 1, 4, 4, 1, 1, 0, 2, 3, 1, 2, 1, 2, 1, 1, 2, 4, 3, 0, 2, 2, 3, 1, 0, 1, 2, 0, 1, 2, 4, 3, 1, 4, 1, 2, 4, 3, 3, 3, 1, 1, 4, 3, 4, 3, 2, 4, 2, 4, 2, 3, 4, 1, 2, 1, 2, 2, 3, 4, 1]|[0, 2, 0, 1, 3, 0, 1, 3, 0, 0, 2, 0, 1, 0, 1, 0, 0, 0, 1, 0, 0, 2, 0, 0, 1, 0, 0, 3, 0, 1, 0, 2, 0, 1, 3, 0, 1, 3, 0, 0, 0, 0, 1, 3, 0, 0, 1, 0, 2, 0, 0, 0, 0, 0, 1, 0, 1, 0, 1, 1, 0, 2, 0, 0, 0, 0, 0, 0, 0, 2, 0, 0, 1, 0, 0, 1, 0, 0, 3, 0, 0, 1, 0, 3, 0, 0, 3, 0, 2, 0, 0, 2, 1, 0, 0, 0, 0, 0, 1, 0],855.0393744413956,51684.66824914086,111484.00316030454,false
20,G2_TEC,G2_TEC,[31, 22, 82, 15, 26, 9, 95, 42, 77, 4, 47, 5, 93, 78, 86, 54, 85, 63, 18, 44, 20, 49, 36, 14, 74, 50, 53, 17, 21, 45, 71, 64, 3, 23, 30, 83, 24, 41, 60, 52, 65, 27, 90, 70, 89, 87, 48, 69, 99, 68, 46, 1, 39, 32, 97, 59, 28, 8, 73, 37, 35, 79, 11, 66, 76, 57, 72, 16, 92, 6, 80, 61, 33, 98, 58, 34, 51, 67, 10, 7, 56, 88, 29, 19, 91, 13, 12, 96, 0, 81, 2, 55, 43, 84, 75, 25, 62, 94, 38, 40]|[2, 1, 2, 1, 1, 2, 1, 1, 1, 1, 1, 0, 2, 2, 1, 2, 0, 0, 0, 2, 2, 1, 0, 2, 0, 2, 2, 1, 0, 1, 1, 1, 0, 0, 1, 0, 2, 1, 2, 2, 0, 1, 1, 1, 1, 1, 0, 2, 1, 0, 0, 2, 2, 0, 2, 0, 2, 1, 0, 0, 2, 1, 0, 2, 2, 0, 0, 2, 0, 0, 2, 1, 1, 0, 0, 1, 1, 0, 1, 2, 2, 1, 1, 2, 1, 0, 1, 0, 0, 1, 2, 0, 1, 0, 2, 1, 0, 1, 1, 2]|[0, 3, 0, 2, 4, 1, 4, 4, 2, 4, 3, 2, 1, 0, 2, 1, 1, 1, 2, 1, 2, 3, 0, 1, 0, 1, 1, 4, 1, 0, 3, 2, 2, 0, 4, 1, 1, 4, 0, 1, 2, 2, 4, 4, 4, 0, 0, 2, 3, 1, 2, 1, 2, 2, 1, 2, 0, 3, 0, 2, 2, 3, 1, 0, 1, 0, 2, 1, 0, 1, 1, 3, 4, 1, 1, 4, 3, 1, 3, 1, 0, 4, 3, 0, 3, 2, 3, 2, 2, 1, 1, 2, 4, 2, 2, 4, 2, 4, 4, 0]|[0, 2, 0, 1, 3, 0, 1, 3, 0, 0, 2, 0, 1, 0, 1, 0, 0, 0, 1, 0, 0, 2, 0, 0, 1, 0, 0, 3, 0, 1, 0, 2, 0, 0, 3, 0, 1, 3, 1, 0, 0, 1, 1, 3, 1, 0, 1, 0, 2, 0, 0, 0, 0, 0, 1, 0, 0, 0, 1, 1, 0, 2, 0, 0, 0, 1, 1, 0, 1, 0, 0, 0, 1, 0, 0, 2, 0, 0, 3, 0, 0, 1, 0, 0, 0, 0, 0, 0, 0, 1, 0, 0, 2, 1, 1, 3, 1, 2, 1, 0],839.6890277062986,54681.99845469262,112904.53001143686,false
20,G3_TWC,G1_CMAX,[31, 22, 82, 15, 26, 9, 42, 95, 77, 12, 47, 5, 93, 78, 86, 54, 85, 63, 18, 44, 20, 35, 43, 97, 91, 76, 10, 30, 21, 45, 71, 64, 1, 23, 17, 83, 24, 14, 60, 36, 6, 57, 40, 88, 65, 56, 79, 94, 67, 68, 46, 75, 38, 58, 19, 32, 81, 41, 27, 62, 87, 90, 99, 59, 11, 16, 72, 73, 70, 39, 37, 84, 3, 92, 25, 55, 28, 29, 51, 7, 33, 50, 98, 66, 89, 61, 8, 96, 53, 80, 4, 48, 52, 2, 34, 0, 13, 69, 49, 74]|[1, 1, 0, 1, 1, 1, 1, 2, 2, 1, 2, 2, 2, 1, 1, 0, 0, 1, 0, 2, 2, 0, 1, 2, 0, 1, 2, 2, 0, 0, 1, 2, 1, 2, 1, 0, 2, 0, 1, 1, 0, 1, 1, 1, 0, 2, 1, 1, 0, 0, 0, 0, 1, 1, 2, 1, 2, 0, 0, 0, 2, 1, 0, 1, 2, 1, 2, 1, 1, 1, 1, 1, 1, 0, 1, 2, 0, 0, 0, 1, 2, 0, 2, 2, 1, 1, 1, 2, 0, 0, 1, 0, 1, 0, 2, 0, 0, 1, 0, 2]|[4, 3, 2, 2, 4, 0, 2, 2, 2, 4, 1, 1, 2, 4, 4, 1, 2, 4, 2, 1, 1, 1, 1, 2, 1, 2, 1, 1, 1, 1, 3, 2, 3, 1, 4, 0, 1, 1, 0, 3, 2, 2, 2, 0, 1, 1, 0, 4, 0, 1, 2, 2, 1, 4, 0, 3, 2, 1, 1, 2, 1, 3, 1, 1, 1, 3, 0, 4, 3, 1, 4, 1, 1, 2, 4, 1, 2, 1, 1, 1, 1, 1, 1, 1, 1, 3, 3, 1, 2, 1, 4, 1, 1, 2, 1, 2, 2, 4, 1, 1]|[0, 2, 1, 1, 3, 3, 1, 0, 0, 0, 0, 0, 1, 0, 1, 0, 0, 3, 1, 0, 0, 0, 3, 1, 0, 2, 0, 0, 0, 1, 0, 0, 0, 0, 3, 0, 1, 0, 0, 2, 1, 1, 1, 0, 0, 0, 0, 2, 1, 0, 0, 0, 1, 3, 0, 0, 1, 0, 0, 1, 0, 2, 0, 1, 0, 2, 1, 0, 0, 1, 1, 3, 1, 1, 3, 0, 1, 0, 0, 2, 0, 0, 0, 0, 1, 0, 2, 0, 1, 0, 0, 0, 1, 0, 0, 0, 0, 2, 1, 0],742.1580946277694,57106.02409486362,93281.26328827158,true
20,G1_CMAX,G1_CMAX,[31, 22, 82, 15, 26, 9, 42, 77, 12, 5, 47, 93, 78, 86, 54, 6, 63, 18, 44, 20, 35, 43, 97, 91, 76, 10, 30, 21, 45, 17, 23, 1, 71, 83, 24, 14, 60, 36, 85, 57, 40, 95, 88, 65, 56, 79, 94, 67, 68, 46, 75, 38, 58, 19, 32, 81, 41, 62, 87, 28, 90, 59, 11, 16, 72, 73, 69, 52, 37, 64, 84, 3, 25, 29, 55, 51, 7, 98, 61, 66, 99, 33, 89, 48, 50, 96, 53, 80, 4, 8, 27, 2, 39, 13, 0, 92, 49, 74, 34, 70]|[1, 1, 0, 1, 1, 1, 2, 2, 1, 2, 2, 1, 1, 1, 0, 0, 1, 0, 2, 2, 0, 1, 2, 2, 1, 2, 2, 0, 0, 1, 2, 1, 1, 0, 2, 0, 1, 1, 0, 1, 1, 1, 1, 0, 2, 1, 1, 0, 0, 0, 0, 1, 1, 2, 1, 2, 0, 0, 2, 0, 1, 2, 2, 1, 2, 1, 1, 1, 1, 1, 1, 2, 1, 0, 2, 0, 1, 2, 1, 0, 0, 2, 1, 0, 0, 2, 0, 0, 1, 1, 0, 0, 1, 0, 0, 0, 0, 2, 2, 1]|[0, 3, 1, 2, 0, 0, 1, 1, 4, 1, 1, 4, 4, 4, 2, 2, 4, 2, 1, 1, 1, 1, 2, 1, 2, 1, 1, 1, 1, 4, 0, 3, 3, 0, 1, 1, 0, 3, 2, 2, 2, 2, 0, 1, 1, 0, 4, 0, 1, 2, 2, 1, 4, 0, 3, 2, 1, 2, 1, 2, 3, 1, 1, 3, 0, 4, 4, 1, 4, 3, 1, 2, 4, 1, 1, 1, 1, 1, 3, 1, 1, 1, 1, 1, 1, 1, 2, 1, 4, 3, 2, 2, 1, 2, 2, 0, 1, 1, 1, 4]|[1, 1, 1, 1, 3, 3, 0, 0, 0, 0, 0, 2, 0, 1, 0, 0, 3, 1, 0, 0, 0, 3, 1, 0, 2, 0, 0, 0, 1, 3, 0, 0, 0, 0, 1, 0, 0, 2, 1, 1, 1, 1, 0, 0, 0, 0, 2, 1, 0, 0, 0, 1, 3, 0, 0, 1, 0, 1, 0, 1, 2, 0, 0, 2, 1, 0, 2, 1, 1, 0, 3, 1, 3, 0, 0, 0, 2, 0, 0, 0, 0, 0, 1, 0, 0, 0, 1, 0, 0, 2, 1, 0, 1, 0, 0, 1, 1, 0, 0, 2],733.3116759547878,58140.55643565909,96674.14109675489,false
20,G4_BALANCED,G1_CMAX,[31, 22, 82, 15, 26, 9, 95, 42, 77, 12, 47, 5, 93, 78, 86, 54, 6, 63, 18, 44, 20, 35, 43, 97, 91, 76, 10, 30, 21, 45, 71, 64, 1, 23, 17, 83, 24, 14, 60, 36, 85, 57, 40, 88, 65, 56, 79, 94, 67, 68, 46, 75, 38, 58, 19, 32, 81, 41, 62, 27, 87, 90, 99, 59, 11, 16, 72, 73, 70, 39, 37, 84, 3, 92, 25, 55, 28, 29, 51, 98, 7, 61, 66, 48, 89, 50, 4, 96, 53, 80, 8, 33, 34, 2, 52, 13, 0, 69, 74, 49]|[1, 1, 0, 1, 1, 0, 1, 2, 2, 1, 2, 2, 2, 1, 1, 0, 0, 1, 0, 2, 2, 0, 1, 2, 2, 1, 2, 2, 0, 0, 1, 2, 1, 2, 1, 0, 2, 0, 1, 1, 0, 1, 1, 1, 0, 2, 1, 1, 0, 0, 0, 0, 1, 1, 2, 1, 2, 0, 0, 0, 2, 1, 0, 1, 2, 1, 2, 1, 1, 1, 1, 1, 1, 0, 1, 1, 2, 0, 0, 2, 1, 1, 2, 0, 1, 0, 1, 2, 0, 0, 1, 2, 2, 0, 1, 0, 0, 1, 2, 0]|[4, 3, 2, 2, 4, 1, 2, 2, 2, 4, 1, 1, 2, 4, 4, 1, 2, 4, 2, 1, 1, 1, 1, 2, 1, 2, 1, 1, 1, 1, 3, 2, 3, 1, 4, 0, 1, 1, 0, 3, 2, 2, 2, 0, 1, 1, 0, 4, 0, 1, 2, 2, 1, 4, 0, 3, 2, 1, 2, 1, 1, 3, 1, 1, 1, 3, 0, 4, 3, 1, 4, 1, 1, 0, 4, 4, 1, 1, 1, 1, 1, 3, 1, 1, 1, 1, 4, 1, 2, 1, 3, 1, 1, 2, 1, 2, 2, 4, 1, 1]|[0, 2, 1, 1, 3, 0, 1, 0, 0, 0, 0, 0, 1, 0, 1, 0, 0, 3, 1, 0, 0, 0, 3, 1, 0, 2, 0, 0, 0, 1, 0, 0, 0, 0, 3, 0, 1, 0, 0, 2, 1, 1, 1, 0, 0, 0, 0, 2, 1, 0, 0, 0, 1, 3, 0, 0, 1, 0, 1, 0, 0, 2, 0, 1, 0, 2, 1, 0, 0, 1, 1, 3, 1, 1, 3, 3, 0, 0, 0, 0, 2, 0, 0, 0, 1, 0, 0, 0, 1, 0, 2, 0, 0, 0, 1, 0, 0, 2, 0, 1],757.3774542144943,56290.6011132307,96418.97844390207,true
20,G2_TEC,G2_TEC,[31, 22, 82, 15, 26, 9, 95, 42, 77, 68, 47, 5, 93, 78, 86, 54, 85, 63, 18, 44, 20, 49, 36, 14, 74, 50, 53, 17, 21, 28, 71, 64, 3, 23, 30, 83, 24, 41, 40, 52, 65, 27, 90, 70, 39, 87, 48, 69, 99, 4, 46, 1, 13, 58, 97, 59, 45, 8, 73, 37, 35, 79, 11, 66, 76, 32, 60, 80, 96, 6, 16, 61, 19, 7, 57, 34, 12, 67, 10, 98, 56, 88, 29, 75, 91, 38, 33, 92, 2, 84, 51, 72, 81, 25, 43, 55, 62, 89, 94, 0]|[2, 1, 2, 1, 1, 2, 1, 1, 1, 1, 1, 0, 2, 2, 1, 2, 0, 0, 0, 2, 2, 1, 0, 2, 0, 2, 2, 1, 0, 1, 1, 1, 0, 0, 1, 0, 2, 1, 2, 2, 0, 0, 1, 1, 0, 2, 0, 2, 1, 0, 0, 2, 0, 0, 2, 0, 1, 1, 0, 0, 2, 1, 0, 2, 2, 0, 2, 2, 0, 1, 2, 1, 1, 2, 0, 1, 1, 1, 1, 2, 2, 1, 1, 0, 1, 0, 1, 0, 2, 0, 1, 1, 1, 1, 1, 0, 1, 1, 2, 0]|[0, 3, 0, 3, 4, 1, 4, 4, 2, 4, 3, 2, 1, 0, 2, 1, 1, 1, 2, 1, 1, 3, 0, 1, 0, 1, 1, 4, 1, 4, 3, 2, 2, 0, 4, 1, 1, 4, 0, 1, 2, 1, 4, 4, 1, 1, 0, 2, 3, 1, 2, 1, 2, 1, 1, 2, 4, 3, 0, 2, 2, 3, 1, 0, 1, 2, 0, 1, 2, 4, 1, 3, 4, 1, 2, 4, 3, 3, 3, 1, 1, 4, 3, 2, 3, 2, 4, 2, 1, 2, 3, 4, 4, 4, 4, 2, 3, 4, 1, 2]|[0, 2, 0, 0, 3, 0, 1, 3, 0, 0, 2, 0, 1, 0, 1, 0, 0, 0, 1, 0, 0, 2, 0, 0, 1, 0, 0, 3, 0, 1, 0, 2, 0, 0, 3, 0, 1, 3, 0, 0, 0, 0, 1, 3, 0, 0, 1, 0, 2, 0, 0, 0, 0, 0, 1, 0, 1, 0, 1, 1, 0, 2, 0, 0, 0, 0, 0, 0, 0, 2, 0, 0, 1, 0, 0, 1, 0, 0, 3, 0, 0, 1, 0, 0, 0, 0, 1, 0, 0, 0, 0, 2, 1, 3, 2, 0, 0, 1, 0, 0],890.9074744783937,50673.96227735626,113466.60083846681,false
20,G3_TWC,G1_CMAX,[31, 22, 82, 15, 26, 9, 42, 95, 77, 12, 47, 5, 93, 78, 86, 54, 85, 63, 18, 44, 20, 35, 43, 97, 91, 76, 10, 30, 21, 45, 71, 64, 1, 23, 17, 83, 24, 14, 60, 36, 6, 57, 40, 88, 65, 56, 79, 94, 67, 68, 46, 75, 38, 58, 19, 32, 81, 41, 27, 62, 87, 90, 99, 59, 11, 16, 72, 73, 70, 39, 37, 84, 3, 92, 25, 55, 28, 29, 51, 7, 33, 50, 98, 66, 89, 61, 8, 96, 53, 80, 4, 48, 52, 2, 34, 0, 13, 69, 49, 74]|[1, 1, 0, 1, 1, 1, 1, 2, 2, 1, 2, 2, 2, 1, 1, 0, 0, 1, 0, 2, 2, 0, 1, 2, 0, 1, 2, 2, 0, 0, 1, 2, 1, 2, 1, 0, 2, 0, 1, 1, 0, 1, 1, 1, 0, 2, 1, 1, 0, 0, 0, 0, 1, 1, 2, 1, 2, 0, 0, 0, 2, 1, 0, 1, 2, 1, 2, 1, 1, 1, 1, 1, 1, 0, 1, 2, 0, 0, 0, 1, 2, 0, 2, 2, 1, 1, 1, 2, 0, 0, 1, 0, 1, 0, 2, 0, 0, 1, 0, 2]|[4, 3, 2, 2, 4, 0, 2, 2, 2, 4, 1, 1, 2, 4, 4, 1, 2, 4, 2, 1, 1, 1, 1, 2, 1, 2, 1, 1, 1, 1, 3, 2, 3, 1, 4, 0, 1, 1, 0, 3, 2, 2, 2, 0, 1, 1, 0, 4, 0, 1, 2, 2, 1, 4, 0, 3, 2, 1, 1, 2, 1, 3, 1, 1, 1, 3, 0, 4, 3, 1, 4, 1, 1, 2, 4, 1, 2, 1, 1, 1, 1, 1, 1, 1, 1, 3, 3, 1, 2, 1, 4, 1, 1, 2, 1, 2, 2, 4, 1, 1]|[0, 2, 1, 1, 3, 3, 1, 0, 0, 0, 0, 0, 1, 0, 1, 0, 0, 3, 1, 0, 0, 0, 3, 1, 0, 2, 0, 0, 0, 1, 0, 0, 0, 0, 3, 0, 1, 0, 0, 2, 1, 1, 1, 0, 0, 0, 0, 2, 1, 0, 0, 0, 1, 3, 0, 0, 1, 0, 0, 1, 0, 2, 0, 1, 0, 2, 1, 0, 0, 1, 1, 3, 1, 1, 3, 0, 1, 0, 0, 2, 0, 0, 0, 0, 1, 0, 2, 0, 1, 0, 0, 0, 1, 0, 0, 0, 0, 2, 1, 0],742.1580946277694,57106.02409486362,93281.26328827158,true
20,G1_CMAX,G1_CMAX,[31, 22, 82, 15, 26, 9, 42, 77, 12, 5, 47, 93, 78, 86, 54, 6, 63, 18, 44, 20, 35, 43, 97, 91, 76, 10, 30, 21, 45, 17, 23, 1, 71, 83, 24, 14, 60, 36, 85, 57, 40, 95, 88, 65, 56, 79, 94, 67, 68, 46, 75, 38, 58, 19, 32, 81, 41, 62, 87, 28, 90, 59, 11, 16, 72, 73, 69, 52, 37, 64, 84, 3, 25, 29, 55, 51, 7, 98, 61, 66, 99, 33, 89, 48, 50, 96, 53, 80, 4, 8, 27, 2, 39, 13, 0, 92, 49, 74, 34, 70]|[1, 1, 0, 1, 1, 1, 2, 2, 1, 2, 2, 1, 1, 1, 0, 0, 1, 0, 2, 2, 0, 1, 2, 2, 1, 2, 2, 0, 0, 1, 2, 1, 1, 0, 2, 0, 1, 1, 0, 1, 1, 1, 1, 0, 2, 1, 1, 0, 0, 0, 0, 1, 1, 2, 1, 2, 0, 0, 2, 0, 1, 2, 2, 1, 2, 1, 1, 1, 1, 1, 1, 2, 1, 0, 2, 0, 1, 2, 1, 0, 0, 2, 1, 0, 0, 2, 0, 0, 1, 1, 0, 0, 1, 0, 0, 0, 0, 2, 2, 1]|[0, 3, 1, 2, 0, 0, 1, 1, 4, 1, 1, 4, 4, 4, 2, 2, 4, 2, 1, 1, 1, 1, 2, 1, 2, 1, 1, 1, 1, 4, 0, 3, 3, 0, 1, 1, 0, 3, 2, 2, 2, 2, 0, 1, 1, 0, 4, 0, 1, 2, 2, 1, 4, 0, 3, 2, 1, 2, 1, 2, 3, 1, 1, 3, 0, 4, 4, 1, 4, 3, 1, 2, 4, 1, 1, 1, 1, 1, 3, 1, 1, 1, 1, 1, 1, 1, 2, 1, 4, 3, 2, 2, 1, 2, 2, 0, 1, 1, 1, 4]|[1, 1, 1, 1, 3, 3, 0, 0, 0, 0, 0, 2, 0, 1, 0, 0, 3, 1, 0, 0, 0, 3, 1, 0, 2, 0, 0, 0, 1, 3, 0, 0, 0, 0, 1, 0, 0, 2, 1, 1, 1, 1, 0, 0, 0, 0, 2, 1, 0, 0, 0, 1, 3, 0, 0, 1, 0, 1, 0, 1, 2, 0, 0, 2, 1, 0, 2, 1, 1, 0, 3, 1, 3, 0, 0, 0, 2, 0, 0, 0, 0, 0, 1, 0, 0, 0, 1, 0, 0, 2, 1, 0, 1, 0, 0, 1, 1, 0, 0, 2],733.3116759547878,58140.55643565909,96674.14109675489,false
20,G4_BALANCED,G4_BALANCED,[31, 11, 82, 15, 26, 9, 95, 42, 77, 68, 47, 5, 93, 78, 86, 54, 85, 63, 18, 44, 20, 49, 36, 14, 74, 50, 53, 17, 21, 45, 71, 64, 3, 23, 30, 83, 24, 41, 60, 52, 65, 27, 90, 70, 39, 87, 48, 69, 99, 4, 46, 1, 13, 58, 97, 59, 28, 75, 73, 37, 35, 79, 22, 66, 76, 32, 40, 80, 96, 6, 61, 16, 33, 7, 57, 34, 12, 67, 10, 98, 56, 88, 29, 25, 91, 38, 19, 92, 43, 84, 51, 72, 81, 8, 2, 55, 0, 62, 89, 94]|[2, 1, 2, 1, 1, 2, 1, 1, 1, 1, 1, 0, 2, 2, 1, 2, 0, 0, 0, 2, 2, 1, 0, 2, 0, 2, 2, 1, 0, 1, 1, 1, 0, 0, 1, 0, 2, 1, 2, 2, 0, 0, 1, 1, 0, 2, 0, 2, 1, 0, 0, 2, 0, 0, 2, 0, 1, 1, 0, 0, 2, 1, 0, 2, 2, 0, 2, 2, 0, 1, 1, 2, 1, 2, 0, 1, 1, 1, 1, 2, 2, 1, 1, 1, 1, 0, 1, 0, 1, 0, 1, 1, 1, 0, 2, 0, 0, 1, 1, 2]|[0, 3, 0, 2, 4, 1, 4, 4, 2, 4, 3, 2, 1, 0, 2, 1, 1, 1, 2, 1, 1, 3, 0, 1, 0, 1, 1, 4, 1, 4, 3, 2, 2, 0, 4, 1, 1, 4, 0, 1, 2, 1, 4, 4, 1, 1, 0, 2, 3, 1, 2, 1, 2, 1, 1, 2, 4, 3, 0, 2, 2, 3, 1, 0, 1, 2, 0, 1, 2, 4, 3, 1, 4, 1, 2, 4, 3, 3, 3, 1, 1, 4, 3, 4, 3, 2, 4, 2, 4, 2, 3, 4, 1, 2, 1, 2, 2, 3, 4, 1]|[0, 2, 0, 1, 3, 0, 1, 3, 0, 0, 2, 0, 1, 0, 1, 0, 0, 0, 1, 0, 0, 2, 0, 0, 1, 0, 0, 3, 0, 1, 0, 2, 0, 1, 3, 0, 1, 3, 0, 0, 0, 0, 1, 3, 0, 0, 1, 0, 2, 0, 0, 0, 0, 0, 1, 0, 1, 0, 1, 1, 0, 2, 0, 0, 0, 0, 0, 0, 0, 2, 0, 0, 1, 0, 0, 1, 0, 0, 3, 0, 0, 1, 0, 3, 0, 0, 3, 0, 2, 0, 0, 2, 1, 0, 0, 0, 0, 0, 1, 0],855.0393744413956,51684.66824914086,111484.00316030454,false
20,G2_TEC,G4_BALANCED,[31, 22, 82, 15, 26, 58, 95, 42, 77, 12, 47, 5, 93, 78, 86, 54, 85, 63, 18, 44, 20, 35, 43, 97, 66, 76, 10, 30, 21, 45, 71, 1, 23, 64, 17, 83, 24, 14, 60, 36, 6, 57, 40, 88, 65, 56, 79, 94, 67, 68, 46, 75, 38, 9, 98, 32, 81, 41, 27, 62, 87, 90, 29, 59, 11, 16, 72, 73, 70, 39, 37, 84, 3, 92, 25, 55, 28, 99, 2, 7, 33, 61, 19, 48, 89, 50, 4, 96, 53, 80, 8, 91, 34, 51, 52, 13, 0, 69, 74, 49]|[1, 1, 0, 1, 1, 0, 1, 2, 2, 1, 2, 2, 2, 1, 1, 0, 0, 1, 0, 2, 2, 0, 1, 2, 2, 1, 2, 2, 0, 0, 1, 1, 2, 2, 1, 0, 2, 0, 1, 1, 0, 1, 1, 1, 0, 2, 1, 1, 0, 0, 0, 0, 1, 1, 2, 1, 2, 0, 0, 0, 2, 1, 0, 1, 2, 1, 2, 1, 1, 1, 1, 1, 1, 0, 1, 2, 0, 0, 0, 1, 2, 1, 2, 0, 1, 0, 1, 2, 0, 0, 1, 2, 2, 0, 1, 0, 0, 1, 2, 0]|[4, 3, 2, 2, 4, 1, 2, 2, 2, 4, 1, 1, 2, 4, 4, 1, 2, 4, 2, 1, 1, 1, 1, 2, 1, 2, 1, 1, 1, 1, 3, 3, 1, 2, 4, 0, 1, 1, 0, 3, 2, 2, 2, 0, 1, 1, 0, 4, 0, 1, 2, 2, 1, 4, 1, 3, 2, 1, 1, 2, 1, 3, 1, 1, 1, 3, 0, 4, 3, 1, 4, 1, 1, 0, 4, 1, 2, 1, 1, 1, 1, 3, 1, 1, 1, 1, 4, 1, 2, 1, 3, 1, 1, 1, 1, 2, 2, 4, 1, 1]|[0, 2, 1, 1, 3, 0, 1, 0, 0, 0, 0, 0, 1, 0, 1, 0, 0, 3, 1, 0, 0, 0, 3, 1, 0, 2, 0, 0, 0, 1, 0, 0, 0, 0, 3, 0, 1, 0, 0, 2, 1, 1, 1, 0, 0, 0, 0, 2, 1, 0, 0, 0, 1, 3, 0, 0, 1, 0, 0, 1, 0, 2, 0, 1, 0, 2, 1, 0, 0, 1, 1, 3, 1, 1, 3, 0, 1, 0, 0, 2, 0, 0, 0, 0, 1, 0, 0, 0, 1, 0, 2, 0, 0, 0, 1, 0, 0, 2, 0, 1],746.3158067004242,56513.822621017054,95092.80198098958,true
20,G3_TWC,G1_CMAX,[31, 22, 82, 15, 26, 9, 42, 95, 77, 12, 47, 5, 93, 78, 86, 54, 85, 63, 18, 44, 20, 35, 43, 97, 91, 76, 10, 30, 21, 45, 71, 64, 1, 23, 17, 83, 24, 14, 60, 36, 6, 57, 94, 88, 65, 56, 79, 40, 67, 68, 46, 75, 38, 58, 19, 32, 81, 41, 27, 62, 87, 90, 99, 59, 11, 16, 72, 73, 69, 39, 37, 84, 3, 92, 25, 55, 28, 29, 51, 7, 33, 61, 98, 66, 89, 50, 8, 96, 53, 80, 4, 48, 34, 2, 52, 13, 0, 70, 49, 74]|[1, 1, 0, 1, 1, 1, 2, 1, 2, 1, 2, 2, 2, 1, 1, 0, 0, 1, 0, 2, 2, 0, 1, 2, 0, 1, 2, 2, 0, 0, 1, 2, 1, 2, 1, 0, 2, 0, 1, 1, 0, 1, 1, 1, 0, 2, 1, 1, 0, 0, 0, 0, 1, 1, 2, 1, 2, 0, 0, 0, 2, 1, 0, 1, 2, 1, 2, 1, 1, 1, 1, 1, 1, 0, 1, 2, 0, 0, 0, 1, 2, 1, 0, 2, 1, 0, 1, 0, 0, 0, 0, 0, 2, 0, 1, 0, 0, 1, 0, 2]|[4, 3, 2, 2, 0, 0, 2, 2, 2, 4, 1, 1, 2, 4, 4, 1, 2, 4, 2, 1, 1, 1, 1, 2, 1, 2, 1, 1, 1, 1, 3, 2, 3, 0, 4, 0, 1, 1, 0, 3, 2, 2, 2, 0, 1, 1, 0, 4, 0, 1, 2, 2, 1, 4, 0, 3, 2, 1, 1, 2, 1, 3, 1, 1, 1, 3, 0, 4, 3, 1, 4, 1, 1, 0, 4, 1, 2, 1, 1, 3, 1, 3, 1, 1, 1, 1, 3, 1, 2, 1, 2, 1, 1, 2, 1, 2, 2, 3, 1, 1]|[0, 2, 1, 1, 3, 3, 0, 1, 0, 0, 0, 0, 1, 0, 1, 0, 0, 3, 1, 0, 0, 0, 3, 1, 0, 2, 0, 0, 0, 1, 0, 0, 0, 0, 3, 0, 1, 0, 0, 2, 1, 1, 1, 0, 0, 0, 0, 2, 1, 0, 0, 0, 1, 3, 0, 0, 1, 0, 0, 1, 0, 2, 0, 1, 0, 2, 1, 0, 0, 1, 1, 3, 1, 1, 3, 0, 1, 0, 0, 2, 0, 0, 0, 0, 1, 0, 2, 0, 1, 0, 1, 0, 0, 0, 1, 0, 0, 0, 1, 0],801.427594812029,57868.49349465401,91455.85780813712,true
21,G1_CMAX,G2_TEC,[31, 22, 82, 15, 26, 9, 95, 42, 77, 68, 47, 5, 93, 78, 86, 54, 85, 63, 18, 44, 20, 49, 36, 14, 74, 50, 53, 17, 21, 28, 71, 64, 3, 23, 30, 83, 24, 41, 40, 52, 65, 27, 90, 70, 39, 87, 48, 69, 99, 4, 46, 1, 13, 58, 97, 59, 45, 8, 73, 37, 35, 60, 11, 66, 76, 32, 79, 80, 96, 6, 16, 61, 33, 7, 57, 34, 12, 67, 10, 98, 56, 88, 29, 75, 91, 38, 19, 92, 43, 84, 51, 72, 81, 25, 2, 55, 0, 62, 89, 94]|[2, 1, 2, 1, 1, 2, 1, 1, 1, 1, 1, 0, 2, 2, 1, 2, 0, 0, 0, 2, 2, 1, 0, 2, 0, 2, 2, 1, 0, 1, 1, 1, 0, 0, 1, 0, 2, 1, 2, 2, 0, 0, 1, 1, 0, 2, 0, 2, 1, 0, 0, 2, 0, 0, 2, 0, 1, 1, 0, 0, 2, 2, 0, 2, 2, 0, 1, 2, 0, 1, 2, 1, 1, 2, 0, 1, 1, 1, 1, 2, 2, 1, 1, 0, 1, 0, 1, 0, 1, 0, 1, 1, 1, 1, 2, 0, 0, 1, 1, 1]|[0, 3, 0, 3, 4, 1, 4, 4, 2, 4, 3, 2, 1, 0, 2, 1, 1, 1, 2, 1, 1, 3, 0, 1, 0, 1, 1, 4, 1, 4, 3, 2, 2, 0, 4, 1, 1, 4, 0, 1, 2, 1, 4, 4, 1, 1, 0, 2, 3, 1, 2, 1, 2, 1, 1, 2, 4, 3, 0, 2, 2, 0, 1, 0, 1, 2, 3, 1, 2, 4, 1, 3, 4, 1, 2, 4, 3, 3, 3, 1, 1, 4, 3, 2, 3, 2, 4, 2, 4, 2, 3, 4, 1, 4, 1, 2, 2, 3, 4, 4]|[0, 2, 0, 0, 3, 0, 1, 3, 0, 0, 2, 0, 1, 0, 1, 0, 0, 0, 1, 0, 0, 2, 0, 0, 1, 0, 0, 3, 0, 1, 0, 2, 0, 0, 3, 0, 1, 3, 1, 0, 0, 0, 1, 3, 0, 0, 1, 0, 2, 0, 0, 0, 0, 0, 1, 0, 1, 0, 1, 1, 0, 0, 0, 0, 0, 0, 2, 0, 0, 2, 0, 0, 1, 0, 0, 1, 0, 0, 3, 0, 0, 1, 0, 0, 0, 0, 3, 0, 2, 0, 0, 2, 1, 3, 0, 0, 0, 0, 1, 2],892.7401490794913,51281.32958573768,109301.63739857412,true
21,G4_BALANCED,G4_BALANCED,[31, 11, 82, 15, 26, 9, 95, 42, 77, 68, 47, 5, 93, 78, 86, 54, 85, 63, 18, 44, 20, 49, 36, 14, 74, 50, 53, 17, 21, 45, 71, 64, 3, 23, 30, 83, 24, 41, 60, 52, 65, 27, 90, 70, 39, 87, 48, 69, 99, 4, 46, 1, 13, 58, 97, 59, 28, 75, 73, 37, 35, 79, 22, 66, 76, 32, 40, 80, 96, 6, 61, 16, 33, 7, 57, 34, 12, 67, 10, 98, 56, 88, 29, 25, 91, 38, 19, 92, 43, 84, 51, 72, 81, 8, 2, 55, 0, 62, 89, 94]|[2, 1, 2, 1, 1, 2, 1, 1, 1, 1, 1, 0, 2, 2, 1, 2, 0, 0, 0, 2, 2, 1, 0, 2, 0, 2, 2, 1, 0, 1, 1, 1, 0, 0, 1, 0, 2, 1, 2, 2, 0, 0, 1, 1, 0, 2, 0, 2, 1, 0, 0, 2, 0, 0, 2, 0, 1, 1, 0, 0, 2, 1, 0, 2, 2, 0, 2, 2, 0, 1, 1, 2, 1, 2, 0, 1, 1, 1, 1, 2, 2, 1, 1, 1, 1, 0, 1, 0, 1, 0, 1, 1, 1, 0, 2, 0, 0, 1, 1, 2]|[0, 3, 0, 2, 4, 1, 4, 4, 2, 4, 3, 2, 1, 0, 2, 1, 1, 1, 2, 1, 1, 3, 0, 1, 0, 1, 1, 4, 1, 4, 3, 2, 2, 0, 4, 1, 1, 4, 0, 1, 2, 1, 4, 4, 1, 1, 0, 2, 3, 1, 2, 1, 2, 1, 1, 2, 4, 3, 0, 2, 2, 3, 1, 0, 1, 2, 0, 1, 2, 4, 3, 1, 4, 1, 2, 4, 3, 3, 3, 1, 1, 4, 3, 4, 3, 2, 4, 2, 4, 2, 3, 4, 1, 2, 1, 2, 2, 3, 4, 1]|[0, 2, 0, 1, 3, 0, 1, 3, 0, 0, 2, 0, 1, 0, 1, 0, 0, 0, 1, 0, 0, 2, 0, 0, 1, 0, 0, 3, 0, 1, 0, 2, 0, 1, 3, 0, 1, 3, 0, 0, 0, 0, 1, 3, 0, 0, 1, 0, 2, 0, 0, 0, 0, 0, 1, 0, 1, 0, 1, 1, 0, 2, 0, 0, 0, 0, 0, 0, 0, 2, 0, 0, 1, 0, 0, 1, 0, 0, 3, 0, 0, 1, 0, 3, 0, 0, 3, 0, 2, 0, 0, 2, 1, 0, 0, 0, 0, 0, 1, 0],855.0393744413956,51684.66824914086,111484.00316030454,false
21,G2_TEC,G2_TEC,[31, 22, 82, 15, 26, 9, 95, 42, 77, 68, 47, 5, 93, 78, 86, 54, 85, 63, 18, 44, 20, 49, 36, 14, 74, 50, 53, 17, 21, 28, 71, 64, 3, 23, 30, 83, 24, 41, 40, 52, 65, 27, 90, 70, 39, 87, 48, 69, 99, 4, 46, 1, 13, 58, 97, 59, 45, 8, 73, 37, 35, 79, 11, 66, 76, 32, 60, 80, 96, 6, 16, 61, 19, 7, 57, 34, 12, 67, 10, 98, 56, 88, 29, 75, 91, 38, 33, 92, 2, 84, 51, 72, 81, 25, 43, 55, 62, 89, 94, 0]|[2, 1, 2, 1, 1, 2, 1, 1, 1, 1, 1, 0, 2, 2, 1, 2, 0, 0, 0, 2, 2, 1, 0, 2, 0, 2, 2, 1, 0, 1, 1, 1, 0, 0, 1, 0, 2, 1, 2, 2, 0, 0, 1, 1, 0, 2, 0, 2, 1, 0, 0, 2, 0, 0, 2, 0, 1, 1, 0, 0, 2, 1, 0, 2, 2, 0, 2, 2, 0, 1, 2, 1, 1, 2, 0, 1, 1, 1, 1, 2, 2, 1, 1, 0, 1, 0, 1, 0, 2, 0, 1, 1, 1, 1, 1, 0, 1, 1, 2, 0]|[0, 3, 0, 3, 4, 1, 4, 4, 2, 4, 3, 2, 1, 0, 2, 1, 1, 1, 2, 1, 1, 3, 0, 1, 0, 1, 1, 4, 1, 4, 3, 2, 2, 0, 4, 1, 1, 4, 0, 1, 2, 1, 4, 4, 1, 1, 0, 2, 3, 1, 2, 1, 2, 1, 1, 2, 4, 3, 0, 2, 2, 3, 1, 0, 1, 2, 0, 1, 2, 4, 1, 3, 4, 1, 2, 4, 3, 3, 3, 1, 1, 4, 3, 2, 3, 2, 4, 2, 1, 2, 3, 4, 4, 4, 4, 2, 3, 4, 1, 2]|[0, 2, 0, 0, 3, 0, 1, 3, 0, 0, 2, 0, 1, 0, 1, 0, 0, 0, 1, 0, 0, 2, 0, 0, 1, 0, 0, 3, 0, 1, 0, 2, 0, 0, 3, 0, 1, 3, 0, 0, 0, 0, 1, 3, 0, 0, 1, 0, 2, 0, 0, 0, 0, 0, 1, 0, 1, 0, 1, 1, 0, 2, 0, 0, 0, 0, 0, 0, 0, 2, 0, 0, 1, 0, 0, 1, 0, 0, 3, 0, 0, 1, 0, 0, 0, 0, 1, 0, 0, 0, 0, 2, 1, 3, 2, 0, 0, 1, 0, 0],890.9074744783937,50673.96227735626,113466.60083846681,false
21,G3_TWC,G1_CMAX,[31, 22, 82, 15, 26, 9, 42, 95, 77, 12, 47, 5, 93, 78, 86, 54, 85, 63, 18, 44, 20, 35, 43, 97, 91, 76, 10, 30, 21, 45, 71, 64, 1, 23, 17, 83, 24, 14, 60, 36, 6, 57, 94, 88, 65, 56, 79, 40, 67, 68, 46, 75, 38, 58, 19, 32, 81, 41, 27, 62, 87, 90, 99, 59, 11, 16, 72, 73, 69, 39, 37, 84, 3, 92, 25, 55, 28, 29, 51, 7, 33, 61, 98, 66, 89, 50, 8, 96, 53, 80, 4, 48, 34, 2, 52, 13, 0, 70, 49, 74]|[1, 1, 0, 1, 1, 1, 2, 1, 2, 1, 2, 2, 2, 1, 1, 0, 0, 1, 0, 2, 2, 0, 1, 2, 0, 1, 2, 2, 0, 0, 1, 2, 1, 2, 1, 0, 2, 0, 1, 1, 0, 1, 1, 1, 0, 2, 1, 1, 0, 0, 0, 0, 1, 1, 2, 1, 2, 0, 0, 0, 2, 1, 0, 1, 2, 1, 2, 1, 1, 1, 1, 1, 1, 0, 1, 2, 0, 0, 0, 1, 2, 1, 0, 2, 1, 0, 1, 0, 0, 0, 0, 0, 2, 0, 1, 0, 0, 1, 0, 2]|[4, 3, 2, 2, 0, 0, 2, 2, 2, 4, 1, 1, 2, 4, 4, 1, 2, 4, 2, 1, 1, 1, 1, 2, 1, 2, 1, 1, 1, 1, 3, 2, 3, 0, 4, 0, 1, 1, 0, 3, 2, 2, 2, 0, 1, 1, 0, 4, 0, 1, 2, 2, 1, 4, 0, 3, 2, 1, 1, 2, 1, 3, 1, 1, 1, 3, 0, 4, 3, 1, 4, 1, 1, 0, 4, 1, 2, 1, 1, 3, 1, 3, 1, 1, 1, 1, 3, 1, 2, 1, 2, 1, 1, 2, 1, 2, 2, 3, 1, 1]|[0, 2, 1, 1, 3, 3, 0, 1, 0, 0, 0, 0, 1, 0, 1, 0, 0, 3, 1, 0, 0, 0, 3, 1, 0, 2, 0, 0, 0, 1, 0, 0, 0, 0, 3, 0, 1, 0, 0, 2, 1, 1, 1, 0, 0, 0, 0, 2, 1, 0, 0, 0, 1, 3, 0, 0, 1, 0, 0, 1, 0, 2, 0, 1, 0, 2, 1, 0, 0, 1, 1, 3, 1, 1, 3, 0, 1, 0, 0, 2, 0, 0, 0, 0, 1, 0, 2, 0, 1, 0, 1, 0, 0, 0, 1, 0, 0, 0, 1, 0],801.427594812029,57868.49349465401,91455.85780813712,true
21,G1_CMAX,G1_CMAX,[31, 22, 82, 15, 26, 9, 42, 77, 12, 5, 47, 93, 78, 86, 54, 6, 63, 18, 44, 20, 35, 43, 97, 91, 76, 10, 30, 21, 45, 17, 23, 1, 71, 83, 24, 14, 60, 36, 85, 57, 40, 95, 88, 65, 56, 79, 94, 67, 68, 46, 75, 38, 58, 19, 32, 81, 41, 62, 87, 28, 90, 59, 11, 16, 72, 73, 69, 52, 37, 64, 84, 3, 25, 29, 55, 51, 7, 98, 61, 66, 99, 33, 89, 48, 50, 96, 53, 80, 4, 8, 27, 2, 39, 13, 0, 92, 49, 74, 34, 70]|[1, 1, 0, 1, 1, 1, 2, 2, 1, 2, 2, 1, 1, 1, 0, 0, 1, 0, 2, 2, 0, 1, 2, 2, 1, 2, 2, 0, 0, 1, 2, 1, 1, 0, 2, 0, 1, 1, 0, 1, 1, 1, 1, 0, 2, 1, 1, 0, 0, 0, 0, 1, 1, 2, 1, 2, 0, 0, 2, 0, 1, 2, 2, 1, 2, 1, 1, 1, 1, 1, 1, 2, 1, 0, 2, 0, 1, 2, 1, 0, 0, 2, 1, 0, 0, 2, 0, 0, 1, 1, 0, 0, 1, 0, 0, 0, 0, 2, 2, 1]|[0, 3, 1, 2, 0, 0, 1, 1, 4, 1, 1, 4, 4, 4, 2, 2, 4, 2, 1, 1, 1, 1, 2, 1, 2, 1, 1, 1, 1, 4, 0, 3, 3, 0, 1, 1, 0, 3, 2, 2, 2, 2, 0, 1, 1, 0, 4, 0, 1, 2, 2, 1, 4, 0, 3, 2, 1, 2, 1, 2, 3, 1, 1, 3, 0, 4, 4, 1, 4, 3, 1, 2, 4, 1, 1, 1, 1, 1, 3, 1, 1, 1, 1, 1, 1, 1, 2, 1, 4, 3, 2, 2, 1, 2, 2, 0, 1, 1, 1, 4]|[1, 1, 1, 1, 3, 3, 0, 0, 0, 0, 0, 2, 0, 1, 0, 0, 3, 1, 0, 0, 0, 3, 1, 0, 2, 0, 0, 0, 1, 3, 0, 0, 0, 0, 1, 0, 0, 2, 1, 1, 1, 1, 0, 0, 0, 0, 2, 1, 0, 0, 0, 1, 3, 0, 0, 1, 0, 1, 0, 1, 2, 0, 0, 2, 1, 0, 2, 1, 1, 0, 3, 1, 3, 0, 0, 0, 2, 0, 0, 0, 0, 0, 1, 0, 0, 0, 1, 0, 0, 2, 1, 0, 1, 0, 0, 1, 1, 0, 0, 2],733.3116759547878,58140.55643565909,96674.14109675489,false
21,G4_BALANCED,G4_BALANCED,[31, 22, 82, 15, 26, 58, 95, 42, 77, 12, 47, 5, 93, 78, 86, 54, 85, 63, 18, 44, 20, 35, 43, 97, 66, 76, 79, 30, 21, 45, 71, 64, 1, 23, 17, 83, 24, 14, 60, 36, 6, 57, 40, 88, 65, 56, 10, 94, 67, 68, 46, 75, 38, 9, 19, 32, 41, 81, 27, 62, 87, 90, 99, 59, 11, 16, 72, 73, 69, 39, 37, 84, 3, 92, 98, 55, 28, 29, 51, 7, 91, 61, 25, 48, 89, 50, 4, 52, 53, 80, 8, 33, 34, 2, 96, 13, 0, 70, 74, 49]|[1, 1, 0, 1, 1, 0, 1, 2, 2, 1, 2, 2, 2, 1, 1, 0, 0, 1, 0, 2, 2, 0, 1, 2, 2, 1, 2, 2, 0, 0, 1, 2, 1, 2, 1, 0, 2, 0, 1, 1, 0, 1, 1, 1, 0, 2, 2, 1, 0, 0, 0, 0, 1, 1, 2, 1, 0, 2, 0, 0, 2, 1, 0, 1, 2, 1, 2, 1, 1, 1, 1, 1, 1, 0, 2, 2, 0, 0, 0, 1, 0, 1, 1, 0, 1, 0, 1, 1, 0, 0, 1, 2, 2, 0, 2, 0, 0, 1, 2, 0]|[4, 3, 2, 2, 4, 1, 2, 2, 2, 4, 1, 1, 2, 4, 4, 1, 2, 4, 2, 1, 1, 1, 1, 2, 1, 2, 1, 1, 1, 1, 3, 1, 3, 1, 4, 0, 1, 1, 0, 3, 2, 2, 2, 0, 1, 1, 1, 4, 0, 1, 2, 2, 1, 4, 0, 3, 1, 2, 1, 2, 1, 3, 1, 1, 1, 3, 0, 4, 3, 1, 4, 1, 1, 0, 1, 1, 2, 1, 1, 1, 1, 3, 4, 1, 1, 1, 4, 1, 2, 1, 3, 1, 1, 2, 1, 2, 2, 3, 1, 1]|[0, 2, 1, 1, 3, 0, 1, 0, 0, 0, 0, 0, 1, 0, 1, 0, 0, 3, 1, 0, 0, 0, 3, 1, 0, 2, 0, 0, 0, 1, 0, 0, 0, 0, 3, 0, 1, 0, 0, 2, 1, 1, 1, 0, 0, 0, 0, 2, 1, 0, 0, 0, 1, 3, 0, 0, 0, 1, 0, 1, 0, 2, 0, 1, 0, 2, 1, 0, 0, 1, 1, 3, 1, 1, 0, 0, 1, 0, 0, 2, 0, 0, 3, 0, 1, 0, 0, 1, 1, 0, 2, 0, 0, 0, 0, 0, 0, 0, 0, 1],749.836682488049,56554.129371230425,94435.12543297782,false
21,G2_TEC,G2_TEC,[31, 22, 82, 15, 26, 9, 95, 42, 77, 68, 47, 5, 93, 78, 86, 54, 85, 63, 18, 44, 20, 49, 36, 14, 74, 50, 53, 17, 21, 28, 71, 64, 3, 23, 30, 83, 24, 41, 40, 52, 65, 27, 90, 70, 39, 87, 48, 69, 99, 4, 46, 1, 13, 58, 97, 59, 45, 8, 73, 37, 35, 79, 11, 66, 76, 32, 60, 80, 96, 6, 16, 61, 19, 7, 57, 34, 12, 67, 10, 98, 56, 88, 29, 75, 91, 38, 33, 92, 2, 84, 51, 72, 81, 25, 43, 55, 62, 89, 94, 0]|[2, 1, 2, 1, 1, 2, 1, 1, 1, 1, 1, 0, 2, 2, 1, 2, 0, 0, 0, 2, 2, 1, 0, 2, 0, 2, 2, 1, 0, 1, 1, 1, 0, 0, 1, 0, 2, 1, 2, 2, 0, 0, 1, 1, 0, 2, 0, 2, 1, 0, 0, 2, 0, 0, 2, 0, 1, 1, 0, 0, 2, 1, 0, 2, 2, 0, 2, 2, 0, 1, 2, 1, 1, 2, 0, 1, 1, 1, 1, 2, 2, 1, 1, 0, 1, 0, 1, 0, 2, 0, 1, 1, 1, 1, 1, 0, 1, 1, 2, 0]|[0, 3, 0, 3, 4, 1, 4, 4, 2, 4, 3, 2, 1, 0, 2, 1, 1, 1, 2, 1, 1, 3, 0, 1, 0, 1, 1, 4, 1, 4, 3, 2, 2, 0, 4, 1, 1, 4, 0, 1, 2, 1, 4, 4, 1, 1, 0, 2, 3, 1, 2, 1, 2, 1, 1, 2, 4, 3, 0, 2, 2, 3, 1, 0, 1, 2, 0, 1, 2, 4, 1, 3, 4, 1, 2, 4, 3, 3, 3, 1, 1, 4, 3, 2, 3, 2, 4, 2, 1, 2, 3, 4, 4, 4, 4, 2, 3, 4, 1, 2]|[0, 2, 0, 0, 3, 0, 1, 3, 0, 0, 2, 0, 1, 0, 1, 0, 0, 0, 1, 0, 0, 2, 0, 0, 1, 0, 0, 3, 0, 1, 0, 2, 0, 0, 3, 0, 1, 3, 0, 0, 0, 0, 1, 3, 0, 0, 1, 0, 2, 0, 0, 0, 0, 0, 1, 0, 1, 0, 1, 1, 0, 2, 0, 0, 0, 0, 0, 0, 0, 2, 0, 0, 1, 0, 0, 1, 0, 0, 3, 0, 0, 1, 0, 0, 0, 0, 1, 0, 0, 0, 0, 2, 1, 3, 2, 0, 0, 1, 0, 0],890.9074744783937,50673.96227735626,113466.60083846681,false
21,G3_TWC,G1_CMAX,[31, 22, 82, 15, 26, 9, 42, 95, 77, 12, 47, 5, 93, 78, 86, 54, 85, 63, 18, 44, 20, 35, 43, 97, 91, 76, 10, 30, 21, 45, 71, 64, 1, 23, 17, 83, 24, 14, 60, 36, 6, 57, 94, 88, 65, 56, 79, 40, 67, 68, 46, 75, 38, 58, 19, 32, 81, 41, 27, 62, 87, 90, 99, 59, 11, 16, 72, 73, 69, 39, 37, 84, 3, 92, 25, 55, 28, 29, 51, 7, 33, 61, 98, 66, 89, 50, 8, 96, 53, 80, 4, 48, 34, 2, 52, 13, 0, 70, 49, 74]|[1, 1, 0, 1, 1, 1, 2, 1, 2, 1, 2, 2, 2, 1, 1, 0, 0, 1, 0, 2, 2, 0, 1, 2, 0, 1, 2, 2, 0, 0, 1, 2, 1, 2, 1, 0, 2, 0, 1, 1, 0, 1, 1, 1, 0, 2, 1, 1, 0, 0, 0, 0, 1, 1, 2, 1, 2, 0, 0, 0, 2, 1, 0, 1, 2, 1, 2, 1, 1, 1, 1, 1, 1, 0, 1, 2, 0, 0, 0, 1, 2, 1, 0, 2, 1, 0, 1, 0, 0, 0, 0, 0, 2, 0, 1, 0, 0, 1, 0, 2]|[4, 3, 2, 2, 0, 0, 2, 2, 2, 4, 1, 1, 2, 4, 4, 1, 2, 4, 2, 1, 1, 1, 1, 2, 1, 2, 1, 1, 1, 1, 3, 2, 3, 0, 4, 0, 1, 1, 0, 3, 2, 2, 2, 0, 1, 1, 0, 4, 0, 1, 2, 2, 1, 4, 0, 3, 2, 1, 1, 2, 1, 3, 1, 1, 1, 3, 0, 4, 3, 1, 4, 1, 1, 0, 4, 1, 2, 1, 1, 3, 1, 3, 1, 1, 1, 1, 3, 1, 2, 1, 2, 1, 1, 2, 1, 2, 2, 3, 1, 1]|[0, 2, 1, 1, 3, 3, 0, 1, 0, 0, 0, 0, 1, 0, 1, 0, 0, 3, 1, 0, 0, 0, 3, 1, 0, 2, 0, 0, 0, 1, 0, 0, 0, 0, 3, 0, 1, 0, 0, 2, 1, 1, 1, 0, 0, 0, 0, 2, 1, 0, 0, 0, 1, 3, 0, 0, 1, 0, 0, 1, 0, 2, 0, 1, 0, 2, 1, 0, 0, 1, 1, 3, 1, 1, 3, 0, 1, 0, 0, 2, 0, 0, 0, 0, 1, 0, 2, 0, 1, 0, 1, 0, 0, 0, 1, 0, 0, 0, 1, 0],801.427594812029,57868.49349465401,91455.85780813712,true
21,G1_CMAX,G1_CMAX,[31, 22, 82, 15, 26, 9, 42, 77, 12, 5, 47, 93, 78, 86, 54, 6, 63, 18, 44, 20, 35, 43, 97, 91, 76, 10, 30, 21, 45, 17, 23, 1, 71, 83, 24, 14, 60, 36, 85, 57, 40, 95, 88, 65, 56, 79, 94, 67, 68, 46, 75, 38, 58, 19, 32, 81, 41, 62, 87, 28, 90, 59, 11, 16, 72, 73, 69, 52, 37, 64, 84, 3, 25, 29, 55, 51, 7, 98, 61, 66, 99, 33, 89, 48, 50, 96, 53, 80, 4, 8, 27, 2, 39, 13, 0, 92, 49, 74, 34, 70]|[1, 1, 0, 1, 1, 1, 2, 2, 1, 2, 2, 1, 1, 1, 0, 0, 1, 0, 2, 2, 0, 1, 2, 2, 1, 2, 2, 0, 0, 1, 2, 1, 1, 0, 2, 0, 1, 1, 0, 1, 1, 1, 1, 0, 2, 1, 1, 0, 0, 0, 0, 1, 1, 2, 1, 2, 0, 0, 2, 0, 1, 2, 2, 1, 2, 1, 1, 1, 1, 1, 1, 2, 1, 0, 2, 0, 1, 2, 1, 0, 0, 2, 1, 0, 0, 2, 0, 0, 1, 1, 0, 0, 1, 0, 0, 0, 0, 2, 2, 1]|[0, 3, 1, 2, 0, 0, 1, 1, 4, 1, 1, 4, 4, 4, 2, 2, 4, 2, 1, 1, 1, 1, 2, 1, 2, 1, 1, 1, 1, 4, 0, 3, 3, 0, 1, 1, 0, 3, 2, 2, 2, 2, 0, 1, 1, 0, 4, 0, 1, 2, 2, 1, 4, 0, 3, 2, 1, 2, 1, 2, 3, 1, 1, 3, 0, 4, 4, 1, 4, 3, 1, 2, 4, 1, 1, 1, 1, 1, 3, 1, 1, 1, 1, 1, 1, 1, 2, 1, 4, 3, 2, 2, 1, 2, 2, 0, 1, 1, 1, 4]|[1, 1, 1, 1, 3, 3, 0, 0, 0, 0, 0, 2, 0, 1, 0, 0, 3, 1, 0, 0, 0, 3, 1, 0, 2, 0, 0, 0, 1, 3, 0, 0, 0, 0, 1, 0, 0, 2, 1, 1, 1, 1, 0, 0, 0, 0, 2, 1, 0, 0, 0, 1, 3, 0, 0, 1, 0, 1, 0, 1, 2, 0, 0, 2, 1, 0, 2, 1, 1, 0, 3, 1, 3, 0, 0, 0, 2, 0, 0, 0, 0, 0, 1, 0, 0, 0, 1, 0, 0, 2, 1, 0, 1, 0, 0, 1, 1, 0, 0, 2],733.3116759547878,58140.55643565909,96674.14109675489,false
21,G4_BALANCED,G4_BALANCED,[31, 22, 82, 15, 26, 58, 95, 42, 77, 12, 47, 5, 93, 78, 86, 54, 85, 63, 18, 44, 20, 35, 43, 97, 66, 76, 79, 30, 21, 45, 71, 64, 1, 23, 17, 83, 24, 14, 60, 36, 6, 57, 40, 88, 65, 56, 10, 94, 67, 68, 46, 75, 38, 9, 19, 32, 41, 81, 27, 62, 87, 90, 99, 59, 11, 16, 72, 73, 69, 39, 37, 84, 3, 92, 98, 55, 28, 29, 51, 7, 91, 61, 25, 48, 89, 50, 4, 52, 53, 80, 8, 33, 34, 2, 96, 13, 0, 70, 74, 49]|[1, 1, 0, 1, 1, 0, 1, 2, 2, 1, 2, 2, 2, 1, 1, 0, 0, 1, 0, 2, 2, 0, 1, 2, 2, 1, 2, 2, 0, 0, 1, 2, 1, 2, 1, 0, 2, 0, 1, 1, 0, 1, 1, 1, 0, 2, 2, 1, 0, 0, 0, 0, 1, 1, 2, 1, 0, 2, 0, 0, 2, 1, 0, 1, 2, 1, 2, 1, 1, 1, 1, 1, 1, 0, 2, 2, 0, 0, 0, 1, 0, 1, 1, 0, 1, 0, 1, 1, 0, 0, 1, 2, 2, 0, 2, 0, 0, 1, 2, 0]|[4, 3, 2, 2, 4, 1, 2, 2, 2, 4, 1, 1, 2, 4, 4, 1, 2, 4, 2, 1, 1, 1, 1, 2, 1, 2, 1, 1, 1, 1, 3, 1, 3, 1, 4, 0, 1, 1, 0, 3, 2, 2, 2, 0, 1, 1, 1, 4, 0, 1, 2, 2, 1, 4, 0, 3, 1, 2, 1, 2, 1, 3, 1, 1, 1, 3, 0, 4, 3, 1, 4, 1, 1, 0, 1, 1, 2, 1, 1, 1, 1, 3, 4, 1, 1, 1, 4, 1, 2, 1, 3, 1, 1, 2, 1, 2, 2, 3, 1, 1]|[0, 2, 1, 1, 3, 0, 1, 0, 0, 0, 0, 0, 1, 0, 1, 0, 0, 3, 1, 0, 0, 0, 3, 1, 0, 2, 0, 0, 0, 1, 0, 0, 0, 0, 3, 0, 1, 0, 0, 2, 1, 1, 1, 0, 0, 0, 0, 2, 1, 0, 0, 0, 1, 3, 0, 0, 0, 1, 0, 1, 0, 2, 0, 1, 0, 2, 1, 0, 0, 1, 1, 3, 1, 1, 0, 0, 1, 0, 0, 2, 0, 0, 3, 0, 1, 0, 0, 1, 1, 0, 2, 0, 0, 0, 0, 0, 0, 0, 0, 1],749.836682488049,56554.129371230425,94435.12543297782,false
21,G2_TEC,G2_TEC,[31, 22, 82, 15, 26, 9, 95, 42, 77, 68, 47, 5, 93, 78, 86, 54, 85, 63, 18, 44, 20, 49, 36, 14, 74, 50, 53, 17, 21, 28, 71, 64, 3, 23, 30, 83, 24, 41, 40, 52, 65, 27, 90, 70, 39, 87, 48, 69, 99, 4, 46, 1, 13, 58, 97, 59, 45, 8, 73, 37, 35, 79, 11, 66, 76, 32, 60, 80, 96, 6, 16, 61, 19, 7, 57, 34, 12, 67, 10, 98, 56, 88, 29, 75, 91, 38, 33, 92, 2, 84, 51, 72, 81, 25, 43, 55, 62, 89, 94, 0]|[2, 1, 2, 1, 1, 2, 1, 1, 1, 1, 1, 0, 2, 2, 1, 2, 0, 0, 0, 2, 2, 1, 0, 2, 0, 2, 2, 1, 0, 1, 1, 1, 0, 0, 1, 0, 2, 1, 2, 2, 0, 0, 1, 1, 0, 2, 0, 2, 1, 0, 0, 2, 0, 0, 2, 0, 1, 1, 0, 0, 2, 1, 0, 2, 2, 0, 2, 2, 0, 1, 2, 1, 1, 2, 0, 1, 1, 1, 1, 2, 2, 1, 1, 0, 1, 0, 1, 0, 2, 0, 1, 1, 1, 1, 1, 0, 1, 1, 2, 0]|[0, 3, 0, 3, 4, 1, 4, 4, 2, 4, 3, 2, 1, 0, 2, 1, 1, 1, 2, 1, 1, 3, 0, 1, 0, 1, 1, 4, 1, 4, 3, 2, 2, 0, 4, 1, 1, 4, 0, 1, 2, 1, 4, 4, 1, 1, 0, 2, 3, 1, 2, 1, 2, 1, 1, 2, 4, 3, 0, 2, 2, 3, 1, 0, 1, 2, 0, 1, 2, 4, 1, 3, 4, 1, 2, 4, 3, 3, 3, 1, 1, 4, 3, 2, 3, 2, 4, 2, 1, 2, 3, 4, 4, 4, 4, 2, 3, 4, 1, 2]|[0, 2, 0, 0, 3, 0, 1, 3, 0, 0, 2, 0, 1, 0, 1, 0, 0, 0, 1, 0, 0, 2, 0, 0, 1, 0, 0, 3, 0, 1, 0, 2, 0, 0, 3, 0, 1, 3, 0, 0, 0, 0, 1, 3, 0, 0, 1, 0, 2, 0, 0, 0, 0, 0, 1, 0, 1, 0, 1, 1, 0, 2, 0, 0, 0, 0, 0, 0, 0, 2, 0, 0, 1, 0, 0, 1, 0, 0, 3, 0, 0, 1, 0, 0, 0, 0, 1, 0, 0, 0, 0, 2, 1, 3, 2, 0, 0, 1, 0, 0],890.9074744783937,50673.96227735626,113466.60083846681,false
21,G3_TWC,G1_CMAX,[31, 22, 82, 15, 26, 9, 42, 95, 77, 12, 47, 5, 93, 78, 86, 54, 85, 63, 18, 44, 20, 35, 43, 97, 91, 76, 10, 30, 21, 45, 71, 64, 1, 23, 17, 83, 24, 14, 60, 36, 6, 57, 94, 88, 65, 56, 79, 40, 67, 68, 46, 75, 38, 58, 19, 32, 81, 41, 27, 62, 87, 90, 99, 59, 11, 16, 72, 73, 69, 39, 37, 84, 3, 92, 25, 55, 28, 29, 51, 7, 33, 61, 98, 66, 89, 50, 8, 96, 53, 80, 4, 48, 34, 2, 52, 13, 0, 70, 49, 74]|[1, 1, 0, 1, 1, 1, 2, 1, 2, 1, 2, 2, 2, 1, 1, 0, 0, 1, 0, 2, 2, 0, 1, 2, 0, 1, 2, 2, 0, 0, 1, 2, 1, 2, 1, 0, 2, 0, 1, 1, 0, 1, 1, 1, 0, 2, 1, 1, 0, 0, 0, 0, 1, 1, 2, 1, 2, 0, 0, 0, 2, 1, 0, 1, 2, 1, 2, 1, 1, 1, 1, 1, 1, 0, 1, 2, 0, 0, 0, 1, 2, 1, 0, 2, 1, 0, 1, 0, 0, 0, 0, 0, 2, 0, 1, 0, 0, 1, 0, 2]|[4, 3, 2, 2, 0, 0, 2, 2, 2, 4, 1, 1, 2, 4, 4, 1, 2, 4, 2, 1, 1, 1, 1, 2, 1, 2, 1, 1, 1, 1, 3, 2, 3, 0, 4, 0, 1, 1, 0, 3, 2, 2, 2, 0, 1, 1, 0, 4, 0, 1, 2, 2, 1, 4, 0, 3, 2, 1, 1, 2, 1, 3, 1, 1, 1, 3, 0, 4, 3, 1, 4, 1, 1, 0, 4, 1, 2, 1, 1, 3, 1, 3, 1, 1, 1, 1, 3, 1, 2, 1, 2, 1, 1, 2, 1, 2, 2, 3, 1, 1]|[0, 2, 1, 1, 3, 3, 0, 1, 0, 0, 0, 0, 1, 0, 1, 0, 0, 3, 1, 0, 0, 0, 3, 1, 0, 2, 0, 0, 0, 1, 0, 0, 0, 0, 3, 0, 1, 0, 0, 2, 1, 1, 1, 0, 0, 0, 0, 2, 1, 0, 0, 0, 1, 3, 0, 0, 1, 0, 0, 1, 0, 2, 0, 1, 0, 2, 1, 0, 0, 1, 1, 3, 1, 1, 3, 0, 1, 0, 0, 2, 0, 0, 0, 0, 1, 0, 2, 0, 1, 0, 1, 0, 0, 0, 1, 0, 0, 0, 1, 0],801.427594812029,57868.49349465401,91455.85780813712,true
21,G1_CMAX,G1_CMAX,[31, 22, 82, 15, 26, 9, 42, 77, 12, 5, 47, 93, 78, 86, 54, 6, 63, 18, 44, 20, 35, 43, 97, 91, 76, 10, 30, 21, 45, 17, 23, 1, 71, 83, 24, 14, 60, 36, 85, 57, 40, 95, 88, 65, 56, 79, 94, 67, 68, 46, 75, 38, 58, 19, 32, 81, 41, 62, 87, 28, 90, 59, 11, 16, 72, 73, 69, 52, 37, 64, 84, 3, 25, 29, 55, 51, 7, 98, 61, 66, 99, 33, 89, 48, 50, 96, 53, 80, 4, 8, 27, 2, 39, 13, 0, 92, 49, 74, 34, 70]|[1, 1, 0, 1, 1, 1, 2, 2, 1, 2, 2, 1, 1, 1, 0, 0, 1, 0, 2, 2, 0, 1, 2, 2, 1, 2, 2, 0, 0, 1, 2, 1, 1, 0, 2, 0, 1, 1, 0, 1, 1, 1, 1, 0, 2, 1, 1, 0, 0, 0, 0, 1, 1, 2, 1, 2, 0, 0, 2, 0, 1, 2, 2, 1, 2, 1, 1, 1, 1, 1, 1, 2, 1, 0, 2, 0, 1, 2, 1, 0, 0, 2, 1, 0, 0, 2, 0, 0, 1, 1, 0, 0, 1, 0, 0, 0, 0, 2, 2, 1]|[0, 3, 1, 2, 0, 0, 1, 1, 4, 1, 1, 4, 4, 4, 2, 2, 4, 2, 1, 1, 1, 1, 2, 1, 2, 1, 1, 1, 1, 4, 0, 3, 3, 0, 1, 1, 0, 3, 2, 2, 2, 2, 0, 1, 1, 0, 4, 0, 1, 2, 2, 1, 4, 0, 3, 2, 1, 2, 1, 2, 3, 1, 1, 3, 0, 4, 4, 1, 4, 3, 1, 2, 4, 1, 1, 1, 1, 1, 3, 1, 1, 1, 1, 1, 1, 1, 2, 1, 4, 3, 2, 2, 1, 2, 2, 0, 1, 1, 1, 4]|[1, 1, 1, 1, 3, 3, 0, 0, 0, 0, 0, 2, 0, 1, 0, 0, 3, 1, 0, 0, 0, 3, 1, 0, 2, 0, 0, 0, 1, 3, 0, 0, 0, 0, 1, 0, 0, 2, 1, 1, 1, 1, 0, 0, 0, 0, 2, 1, 0, 0, 0, 1, 3, 0, 0, 1, 0, 1, 0, 1, 2, 0, 0, 2, 1, 0, 2, 1, 1, 0, 3, 1, 3, 0, 0, 0, 2, 0, 0, 0, 0, 0, 1, 0, 0, 0, 1, 0, 0, 2, 1, 0, 1, 0, 0, 1, 1, 0, 0, 2],733.3116759547878,58140.55643565909,96674.14109675489,false
21,G4_BALANCED,G4_BALANCED,[31, 22, 82, 15, 26, 58, 95, 42, 77, 12, 47, 5, 93, 78, 86, 54, 85, 63, 18, 44, 20, 35, 43, 97, 66, 76, 79, 30, 21, 45, 71, 64, 1, 23, 17, 83, 24, 14, 60, 36, 6, 57, 40, 88, 65, 56, 10, 94, 67, 68, 46, 75, 38, 9, 19, 32, 41, 81, 27, 62, 87, 90, 99, 59, 11, 16, 72, 73, 69, 39, 37, 84, 3, 92, 98, 55, 28, 29, 51, 7, 91, 61, 25, 48, 89, 50, 4, 52, 53, 80, 8, 33, 34, 2, 96, 13, 0, 70, 74, 49]|[1, 1, 0, 1, 1, 0, 1, 2, 2, 1, 2, 2, 2, 1, 1, 0, 0, 1, 0, 2, 2, 0, 1, 2, 2, 1, 2, 2, 0, 0, 1, 2, 1, 2, 1, 0, 2, 0, 1, 1, 0, 1, 1, 1, 0, 2, 2, 1, 0, 0, 0, 0, 1, 1, 2, 1, 0, 2, 0, 0, 2, 1, 0, 1, 2, 1, 2, 1, 1, 1, 1, 1, 1, 0, 2, 2, 0, 0, 0, 1, 0, 1, 1, 0, 1, 0, 1, 1, 0, 0, 1, 2, 2, 0, 2, 0, 0, 1, 2, 0]|[4, 3, 2, 2, 4, 1, 2, 2, 2, 4, 1, 1, 2, 4, 4, 1, 2, 4, 2, 1, 1, 1, 1, 2, 1, 2, 1, 1, 1, 1, 3, 1, 3, 1, 4, 0, 1, 1, 0, 3, 2, 2, 2, 0, 1, 1, 1, 4, 0, 1, 2, 2, 1, 4, 0, 3, 1, 2, 1, 2, 1, 3, 1, 1, 1, 3, 0, 4, 3, 1, 4, 1, 1, 0, 1, 1, 2, 1, 1, 1, 1, 3, 4, 1, 1, 1, 4, 1, 2, 1, 3, 1, 1, 2, 1, 2, 2, 3, 1, 1]|[0, 2, 1, 1, 3, 0, 1, 0, 0, 0, 0, 0, 1, 0, 1, 0, 0, 3, 1, 0, 0, 0, 3, 1, 0, 2, 0, 0, 0, 1, 0, 0, 0, 0, 3, 0, 1, 0, 0, 2, 1, 1, 1, 0, 0, 0, 0, 2, 1, 0, 0, 0, 1, 3, 0, 0, 0, 1, 0, 1, 0, 2, 0, 1, 0, 2, 1, 0, 0, 1, 1, 3, 1, 1, 0, 0, 1, 0, 0, 2, 0, 0, 3, 0, 1, 0, 0, 1, 1, 0, 2, 0, 0, 0, 0, 0, 0, 0, 0, 1],749.836682488049,56554.129371230425,94435.12543297782,false
21,G2_TEC,G2_TEC,[31, 22, 82, 15, 26, 9, 95, 42, 77, 68, 47, 5, 93, 78, 86, 54, 85, 63, 18, 44, 20, 49, 36, 14, 74, 50, 53, 17, 21, 28, 71, 64, 3, 23, 30, 83, 24, 41, 40, 52, 65, 27, 90, 70, 39, 87, 48, 69, 99, 4, 46, 1, 13, 58, 97, 59, 45, 8, 73, 37, 35, 79, 11, 66, 76, 32, 60, 80, 96, 6, 16, 61, 19, 7, 57, 34, 12, 67, 10, 98, 56, 88, 29, 75, 91, 38, 33, 92, 2, 84, 51, 72, 81, 25, 43, 55, 62, 89, 94, 0]|[2, 1, 2, 1, 1, 2, 1, 1, 1, 1, 1, 0, 2, 2, 1, 2, 0, 0, 0, 2, 2, 1, 0, 2, 0, 2, 2, 1, 0, 1, 1, 1, 0, 0, 1, 0, 2, 1, 2, 2, 0, 0, 1, 1, 0, 2, 0, 2, 1, 0, 0, 2, 0, 0, 2, 0, 1, 1, 0, 0, 2, 1, 0, 2, 2, 0, 2, 2, 0, 1, 2, 1, 1, 2, 0, 1, 1, 1, 1, 2, 2, 1, 1, 0, 1, 0, 1, 0, 2, 0, 1, 1, 1, 1, 1, 0, 1, 1, 2, 0]|[0, 3, 0, 3, 4, 1, 4, 4, 2, 4, 3, 2, 1, 0, 2, 1, 1, 1, 2, 1, 1, 3, 0, 1, 0, 1, 1, 4, 1, 4, 3, 2, 2, 0, 4, 1, 1, 4, 0, 1, 2, 1, 4, 4, 1, 1, 0, 2, 3, 1, 2, 1, 2, 1, 1, 2, 4, 3, 0, 2, 2, 3, 1, 0, 1, 2, 0, 1, 2, 4, 1, 3, 4, 1, 2, 4, 3, 3, 3, 1, 1, 4, 3, 2, 3, 2, 4, 2, 1, 2, 3, 4, 4, 4, 4, 2, 3, 4, 1, 2]|[0, 2, 0, 0, 3, 0, 1, 3, 0, 0, 2, 0, 1, 0, 1, 0, 0, 0, 1, 0, 0, 2, 0, 0, 1, 0, 0, 3, 0, 1, 0, 2, 0, 0, 3, 0, 1, 3, 0, 0, 0, 0, 1, 3, 0, 0, 1, 0, 2, 0, 0, 0, 0, 0, 1, 0, 1, 0, 1, 1, 0, 2, 0, 0, 0, 0, 0, 0, 0, 2, 0, 0, 1, 0, 0, 1, 0, 0, 3, 0, 0, 1, 0, 0, 0, 0, 1, 0, 0, 0, 0, 2, 1, 3, 2, 0, 0, 1, 0, 0],890.9074744783937,50673.96227735626,113466.60083846681,false
21,G3_TWC,G1_CMAX,[31, 22, 82, 15, 26, 9, 42, 95, 77, 12, 47, 5, 93, 78, 86, 54, 85, 63, 18, 44, 20, 35, 43, 97, 91, 76, 10, 30, 21, 45, 71, 64, 1, 23, 17, 83, 24, 14, 60, 36, 6, 57, 94, 88, 65, 56, 79, 40, 67, 68, 46, 75, 38, 58, 19, 32, 81, 41, 27, 62, 87, 90, 99, 59, 11, 16, 72, 73, 69, 39, 37, 84, 3, 92, 25, 55, 28, 29, 51, 7, 33, 61, 98, 66, 89, 50, 8, 96, 53, 80, 4, 48, 34, 2, 52, 13, 0, 70, 49, 74]|[1, 1, 0, 1, 1, 1, 2, 1, 2, 1, 2, 2, 2, 1, 1, 0, 0, 1, 0, 2, 2, 0, 1, 2, 0, 1, 2, 2, 0, 0, 1, 2, 1, 2, 1, 0, 2, 0, 1, 1, 0, 1, 1, 1, 0, 2, 1, 1, 0, 0, 0, 0, 1, 1, 2, 1, 2, 0, 0, 0, 2, 1, 0, 1, 2, 1, 2, 1, 1, 1, 1, 1, 1, 0, 1, 2, 0, 0, 0, 1, 2, 1, 0, 2, 1, 0, 1, 0, 0, 0, 0, 0, 2, 0, 1, 0, 0, 1, 0, 2]|[4, 3, 2, 2, 0, 0, 2, 2, 2, 4, 1, 1, 2, 4, 4, 1, 2, 4, 2, 1, 1, 1, 1, 2, 1, 2, 1, 1, 1, 1, 3, 2, 3, 0, 4, 0, 1, 1, 0, 3, 2, 2, 2, 0, 1, 1, 0, 4, 0, 1, 2, 2, 1, 4, 0, 3, 2, 1, 1, 2, 1, 3, 1, 1, 1, 3, 0, 4, 3, 1, 4, 1, 1, 0, 4, 1, 2, 1, 1, 3, 1, 3, 1, 1, 1, 1, 3, 1, 2, 1, 2, 1, 1, 2, 1, 2, 2, 3, 1, 1]|[0, 2, 1, 1, 3, 3, 0, 1, 0, 0, 0, 0, 1, 0, 1, 0, 0, 3, 1, 0, 0, 0, 3, 1, 0, 2, 0, 0, 0, 1, 0, 0, 0, 0, 3, 0, 1, 0, 0, 2, 1, 1, 1, 0, 0, 0, 0, 2, 1, 0, 0, 0, 1, 3, 0, 0, 1, 0, 0, 1, 0, 2, 0, 1, 0, 2, 1, 0, 0, 1, 1, 3, 1, 1, 3, 0, 1, 0, 0, 2, 0, 0, 0, 0, 1, 0, 2, 0, 1, 0, 1, 0, 0, 0, 1, 0, 0, 0, 1, 0],801.427594812029,57868.49349465401,91455.85780813712,true
21,G1_CMAX,G1_CMAX,[31, 22, 82, 15, 26, 9, 42, 77, 12, 5, 47, 93, 78, 86, 54, 6, 63, 18, 44, 20, 35, 43, 97, 91, 76, 10, 30, 21, 45, 17, 23, 1, 71, 83, 24, 14, 60, 36, 85, 57, 40, 95, 88, 65, 56, 79, 94, 67, 68, 46, 75, 38, 58, 19, 32, 81, 41, 62, 87, 28, 90, 59, 11, 16, 72, 73, 69, 52, 37, 64, 84, 3, 25, 29, 55, 51, 7, 98, 61, 66, 99, 33, 89, 48, 50, 96, 53, 80, 4, 8, 27, 2, 39, 13, 0, 92, 49, 74, 34, 70]|[1, 1, 0, 1, 1, 1, 2, 2, 1, 2, 2, 1, 1, 1, 0, 0, 1, 0, 2, 2, 0, 1, 2, 2, 1, 2, 2, 0, 0, 1, 2, 1, 1, 0, 2, 0, 1, 1, 0, 1, 1, 1, 1, 0, 2, 1, 1, 0, 0, 0, 0, 1, 1, 2, 1, 2, 0, 0, 2, 0, 1, 2, 2, 1, 2, 1, 1, 1, 1, 1, 1, 2, 1, 0, 2, 0, 1, 2, 1, 0, 0, 2, 1, 0, 0, 2, 0, 0, 1, 1, 0, 0, 1, 0, 0, 0, 0, 2, 2, 1]|[0, 3, 1, 2, 0, 0, 1, 1, 4, 1, 1, 4, 4, 4, 2, 2, 4, 2, 1, 1, 1, 1, 2, 1, 2, 1, 1, 1, 1, 4, 0, 3, 3, 0, 1, 1, 0, 3, 2, 2, 2, 2, 0, 1, 1, 0, 4, 0, 1, 2, 2, 1, 4, 0, 3, 2, 1, 2, 1, 2, 3, 1, 1, 3, 0, 4, 4, 1, 4, 3, 1, 2, 4, 1, 1, 1, 1, 1, 3, 1, 1, 1, 1, 1, 1, 1, 2, 1, 4, 3, 2, 2, 1, 2, 2, 0, 1, 1, 1, 4]|[1, 1, 1, 1, 3, 3, 0, 0, 0, 0, 0, 2, 0, 1, 0, 0, 3, 1, 0, 0, 0, 3, 1, 0, 2, 0, 0, 0, 1, 3, 0, 0, 0, 0, 1, 0, 0, 2, 1, 1, 1, 1, 0, 0, 0, 0, 2, 1, 0, 0, 0, 1, 3, 0, 0, 1, 0, 1, 0, 1, 2, 0, 0, 2, 1, 0, 2, 1, 1, 0, 3, 1, 3, 0, 0, 0, 2, 0, 0, 0, 0, 0, 1, 0, 0, 0, 1, 0, 0, 2, 1, 0, 1, 0, 0, 1, 1, 0, 0, 2],733.3116759547878,58140.55643565909,96674.14109675489,false
21,G4_BALANCED,G4_BALANCED,[31, 22, 82, 15, 26, 58, 95, 42, 77, 12, 47, 5, 93, 78, 86, 54, 85, 63, 18, 44, 20, 35, 43, 97, 66, 76, 79, 30, 21, 45, 71, 64, 1, 23, 17, 83, 24, 14, 60, 36, 6, 57, 40, 88, 65, 56, 10, 94, 67, 68, 46, 75, 38, 9, 19, 32, 41, 81, 27, 62, 87, 90, 99, 59, 11, 16, 72, 73, 69, 39, 37, 84, 3, 92, 98, 55, 28, 29, 51, 7, 91, 61, 25, 48, 89, 50, 4, 52, 53, 80, 8, 33, 34, 2, 96, 13, 0, 70, 74, 49]|[1, 1, 0, 1, 1, 0, 1, 2, 2, 1, 2, 2, 2, 1, 1, 0, 0, 1, 0, 2, 2, 0, 1, 2, 2, 1, 2, 2, 0, 0, 1, 2, 1, 2, 1, 0, 2, 0, 1, 1, 0, 1, 1, 1, 0, 2, 2, 1, 0, 0, 0, 0, 1, 1, 2, 1, 0, 2, 0, 0, 2, 1, 0, 1, 2, 1, 2, 1, 1, 1, 1, 1, 1, 0, 2, 2, 0, 0, 0, 1, 0, 1, 1, 0, 1, 0, 1, 1, 0, 0, 1, 2, 2, 0, 2, 0, 0, 1, 2, 0]|[4, 3, 2, 2, 4, 1, 2, 2, 2, 4, 1, 1, 2, 4, 4, 1, 2, 4, 2, 1, 1, 1, 1, 2, 1, 2, 1, 1, 1, 1, 3, 1, 3, 1, 4, 0, 1, 1, 0, 3, 2, 2, 2, 0, 1, 1, 1, 4, 0, 1, 2, 2, 1, 4, 0, 3, 1, 2, 1, 2, 1, 3, 1, 1, 1, 3, 0, 4, 3, 1, 4, 1, 1, 0, 1, 1, 2, 1, 1, 1, 1, 3, 4, 1, 1, 1, 4, 1, 2, 1, 3, 1, 1, 2, 1, 2, 2, 3, 1, 1]|[0, 2, 1, 1, 3, 0, 1, 0, 0, 0, 0, 0, 1, 0, 1, 0, 0, 3, 1, 0, 0, 0, 3, 1, 0, 2, 0, 0, 0, 1, 0, 0, 0, 0, 3, 0, 1, 0, 0, 2, 1, 1, 1, 0, 0, 0, 0, 2, 1, 0, 0, 0, 1, 3, 0, 0, 0, 1, 0, 1, 0, 2, 0, 1, 0, 2, 1, 0, 0, 1, 1, 3, 1, 1, 0, 0, 1, 0, 0, 2, 0, 0, 3, 0, 1, 0, 0, 1, 1, 0, 2, 0, 0, 0, 0, 0, 0, 0, 0, 1],749.836682488049,56554.129371230425,94435.12543297782,false
21,G2_TEC,G2_TEC,[31, 22, 82, 15, 26, 9, 95, 42, 77, 68, 47, 5, 93, 78, 86, 54, 85, 63, 18, 44, 20, 49, 36, 14, 74, 50, 53, 17, 21, 28, 71, 64, 3, 23, 30, 83, 24, 41, 40, 52, 65, 27, 90, 70, 39, 87, 48, 69, 99, 4, 46, 1, 13, 58, 97, 59, 45, 8, 73, 37, 35, 79, 11, 66, 76, 32, 60, 80, 96, 6, 16, 61, 19, 7, 57, 34, 12, 67, 10, 98, 56, 88, 29, 75, 91, 38, 33, 92, 2, 84, 51, 72, 81, 25, 43, 55, 62, 89, 94, 0]|[2, 1, 2, 1, 1, 2, 1, 1, 1, 1, 1, 0, 2, 2, 1, 2, 0, 0, 0, 2, 2, 1, 0, 2, 0, 2, 2, 1, 0, 1, 1, 1, 0, 0, 1, 0, 2, 1, 2, 2, 0, 0, 1, 1, 0, 2, 0, 2, 1, 0, 0, 2, 0, 0, 2, 0, 1, 1, 0, 0, 2, 1, 0, 2, 2, 0, 2, 2, 0, 1, 2, 1, 1, 2, 0, 1, 1, 1, 1, 2, 2, 1, 1, 0, 1, 0, 1, 0, 2, 0, 1, 1, 1, 1, 1, 0, 1, 1, 2, 0]|[0, 3, 0, 3, 4, 1, 4, 4, 2, 4, 3, 2, 1, 0, 2, 1, 1, 1, 2, 1, 1, 3, 0, 1, 0, 1, 1, 4, 1, 4, 3, 2, 2, 0, 4, 1, 1, 4, 0, 1, 2, 1, 4, 4, 1, 1, 0, 2, 3, 1, 2, 1, 2, 1, 1, 2, 4, 3, 0, 2, 2, 3, 1, 0, 1, 2, 0, 1, 2, 4, 1, 3, 4, 1, 2, 4, 3, 3, 3, 1, 1, 4, 3, 2, 3, 2, 4, 2, 1, 2, 3, 4, 4, 4, 4, 2, 3, 4, 1, 2]|[0, 2, 0, 0, 3, 0, 1, 3, 0, 0, 2, 0, 1, 0, 1, 0, 0, 0, 1, 0, 0, 2, 0, 0, 1, 0, 0, 3, 0, 1, 0, 2, 0, 0, 3, 0, 1, 3, 0, 0, 0, 0, 1, 3, 0, 0, 1, 0, 2, 0, 0, 0, 0, 0, 1, 0, 1, 0, 1, 1, 0, 2, 0, 0, 0, 0, 0, 0, 0, 2, 0, 0, 1, 0, 0, 1, 0, 0, 3, 0, 0, 1, 0, 0, 0, 0, 1, 0, 0, 0, 0, 2, 1, 3, 2, 0, 0, 1, 0, 0],890.9074744783937,50673.96227735626,113466.60083846681,false
21,G3_TWC,G1_CMAX,[31, 22, 82, 15, 26, 9, 42, 95, 77, 12, 47, 5, 93, 78, 86, 54, 85, 63, 18, 44, 20, 35, 43, 97, 91, 76, 10, 30, 21, 45, 71, 64, 1, 23, 17, 83, 24, 14, 60, 36, 6, 57, 94, 88, 65, 56, 79, 40, 67, 68, 46, 75, 38, 58, 19, 32, 81, 41, 27, 62, 87, 90, 99, 59, 11, 16, 72, 73, 69, 39, 37, 84, 3, 92, 25, 55, 28, 29, 51, 7, 33, 61, 98, 66, 89, 50, 8, 96, 53, 80, 4, 48, 34, 2, 52, 13, 0, 70, 49, 74]|[1, 1, 0, 1, 1, 1, 2, 1, 2, 1, 2, 2, 2, 1, 1, 0, 0, 1, 0, 2, 2, 0, 1, 2, 0, 1, 2, 2, 0, 0, 1, 2, 1, 2, 1, 0, 2, 0, 1, 1, 0, 1, 1, 1, 0, 2, 1, 1, 0, 0, 0, 0, 1, 1, 2, 1, 2, 0, 0, 0, 2, 1, 0, 1, 2, 1, 2, 1, 1, 1, 1, 1, 1, 0, 1, 2, 0, 0, 0, 1, 2, 1, 0, 2, 1, 0, 1, 0, 0, 0, 0, 0, 2, 0, 1, 0, 0, 1, 0, 2]|[4, 3, 2, 2, 0, 0, 2, 2, 2, 4, 1, 1, 2, 4, 4, 1, 2, 4, 2, 1, 1, 1, 1, 2, 1, 2, 1, 1, 1, 1, 3, 2, 3, 0, 4, 0, 1, 1, 0, 3, 2, 2, 2, 0, 1, 1, 0, 4, 0, 1, 2, 2, 1, 4, 0, 3, 2, 1, 1, 2, 1, 3, 1, 1, 1, 3, 0, 4, 3, 1, 4, 1, 1, 0, 4, 1, 2, 1, 1, 3, 1, 3, 1, 1, 1, 1, 3, 1, 2, 1, 2, 1, 1, 2, 1, 2, 2, 3, 1, 1]|[0, 2, 1, 1, 3, 3, 0, 1, 0, 0, 0, 0, 1, 0, 1, 0, 0, 3, 1, 0, 0, 0, 3, 1, 0, 2, 0, 0, 0, 1, 0, 0, 0, 0, 3, 0, 1, 0, 0, 2, 1, 1, 1, 0, 0, 0, 0, 2, 1, 0, 0, 0, 1, 3, 0, 0, 1, 0, 0, 1, 0, 2, 0, 1, 0, 2, 1, 0, 0, 1, 1, 3, 1, 1, 3, 0, 1, 0, 0, 2, 0, 0, 0, 0, 1, 0, 2, 0, 1, 0, 1, 0, 0, 0, 1, 0, 0, 0, 1, 0],801.427594812029,57868.49349465401,91455.85780813712,true
21,G1_CMAX,G1_CMAX,[31, 22, 82, 15, 26, 9, 42, 77, 12, 5, 47, 93, 78, 86, 54, 6, 63, 18, 44, 20, 35, 43, 97, 91, 76, 10, 30, 21, 45, 17, 23, 1, 71, 83, 24, 14, 60, 36, 85, 57, 40, 95, 88, 65, 56, 79, 94, 67, 68, 46, 75, 38, 58, 19, 32, 81, 41, 62, 87, 28, 90, 59, 11, 16, 72, 73, 69, 52, 37, 64, 84, 3, 25, 29, 55, 51, 7, 98, 61, 66, 99, 33, 89, 48, 50, 96, 53, 80, 4, 8, 27, 2, 39, 13, 0, 92, 49, 74, 34, 70]|[1, 1, 0, 1, 1, 1, 2, 2, 1, 2, 2, 1, 1, 1, 0, 0, 1, 0, 2, 2, 0, 1, 2, 2, 1, 2, 2, 0, 0, 1, 2, 1, 1, 0, 2, 0, 1, 1, 0, 1, 1, 1, 1, 0, 2, 1, 1, 0, 0, 0, 0, 1, 1, 2, 1, 2, 0, 0, 2, 0, 1, 2, 2, 1, 2, 1, 1, 1, 1, 1, 1, 2, 1, 0, 2, 0, 1, 2, 1, 0, 0, 2, 1, 0, 0, 2, 0, 0, 1, 1, 0, 0, 1, 0, 0, 0, 0, 2, 2, 1]|[0, 3, 1, 2, 0, 0, 1, 1, 4, 1, 1, 4, 4, 4, 2, 2, 4, 2, 1, 1, 1, 1, 2, 1, 2, 1, 1, 1, 1, 4, 0, 3, 3, 0, 1, 1, 0, 3, 2, 2, 2, 2, 0, 1, 1, 0, 4, 0, 1, 2, 2, 1, 4, 0, 3, 2, 1, 2, 1, 2, 3, 1, 1, 3, 0, 4, 4, 1, 4, 3, 1, 2, 4, 1, 1, 1, 1, 1, 3, 1, 1, 1, 1, 1, 1, 1, 2, 1, 4, 3, 2, 2, 1, 2, 2, 0, 1, 1, 1, 4]|[1, 1, 1, 1, 3, 3, 0, 0, 0, 0, 0, 2, 0, 1, 0, 0, 3, 1, 0, 0, 0, 3, 1, 0, 2, 0, 0, 0, 1, 3, 0, 0, 0, 0, 1, 0, 0, 2, 1, 1, 1, 1, 0, 0, 0, 0, 2, 1, 0, 0, 0, 1, 3, 0, 0, 1, 0, 1, 0, 1, 2, 0, 0, 2, 1, 0, 2, 1, 1, 0, 3, 1, 3, 0, 0, 0, 2, 0, 0, 0, 0, 0, 1, 0, 0, 0, 1, 0, 0, 2, 1, 0, 1, 0, 0, 1, 1, 0, 0, 2],733.3116759547878,58140.55643565909,96674.14109675489,false
21,G4_BALANCED,G4_BALANCED,[31, 22, 82, 15, 26, 58, 95, 42, 77, 12, 47, 5, 93, 78, 86, 54, 85, 63, 18, 44, 20, 35, 43, 97, 66, 76, 79, 30, 21, 45, 71, 64, 1, 23, 17, 83, 24, 14, 60, 36, 6, 57, 40, 88, 65, 56, 10, 94, 67, 68, 46, 75, 38, 9, 19, 32, 41, 81, 27, 62, 87, 90, 99, 59, 11, 16, 72, 73, 69, 39, 37, 84, 3, 92, 98, 55, 28, 29, 51, 7, 91, 61, 25, 48, 89, 50, 4, 52, 53, 80, 8, 33, 34, 2, 96, 13, 0, 70, 74, 49]|[1, 1, 0, 1, 1, 0, 1, 2, 2, 1, 2, 2, 2, 1, 1, 0, 0, 1, 0, 2, 2, 0, 1, 2, 2, 1, 2, 2, 0, 0, 1, 2, 1, 2, 1, 0, 2, 0, 1, 1, 0, 1, 1, 1, 0, 2, 2, 1, 0, 0, 0, 0, 1, 1, 2, 1, 0, 2, 0, 0, 2, 1, 0, 1, 2, 1, 2, 1, 1, 1, 1, 1, 1, 0, 2, 2, 0, 0, 0, 1, 0, 1, 1, 0, 1, 0, 1, 1, 0, 0, 1, 2, 2, 0, 2, 0, 0, 1, 2, 0]|[4, 3, 2, 2, 4, 1, 2, 2, 2, 4, 1, 1, 2, 4, 4, 1, 2, 4, 2, 1, 1, 1, 1, 2, 1, 2, 1, 1, 1, 1, 3, 1, 3, 1, 4, 0, 1, 1, 0, 3, 2, 2, 2, 0, 1, 1, 1, 4, 0, 1, 2, 2, 1, 4, 0, 3, 1, 2, 1, 2, 1, 3, 1, 1, 1, 3, 0, 4, 3, 1, 4, 1, 1, 0, 1, 1, 2, 1, 1, 1, 1, 3, 4, 1, 1, 1, 4, 1, 2, 1, 3, 1, 1, 2, 1, 2, 2, 3, 1, 1]|[0, 2, 1, 1, 3, 0, 1, 0, 0, 0, 0, 0, 1, 0, 1, 0, 0, 3, 1, 0, 0, 0, 3, 1, 0, 2, 0, 0, 0, 1, 0, 0, 0, 0, 3, 0, 1, 0, 0, 2, 1, 1, 1, 0, 0, 0, 0, 2, 1, 0, 0, 0, 1, 3, 0, 0, 0, 1, 0, 1, 0, 2, 0, 1, 0, 2, 1, 0, 0, 1, 1, 3, 1, 1, 0, 0, 1, 0, 0, 2, 0, 0, 3, 0, 1, 0, 0, 1, 1, 0, 2, 0, 0, 0, 0, 0, 0, 0, 0, 1],749.836682488049,56554.129371230425,94435.12543297782,false
21,G2_TEC,G2_TEC,[31, 22, 82, 15, 26, 9, 95, 42, 77, 68, 47, 5, 93, 78, 86, 54, 85, 63, 18, 44, 20, 49, 36, 14, 74, 50, 53, 17, 21, 28, 71, 64, 3, 23, 30, 83, 24, 41, 40, 52, 65, 27, 90, 70, 39, 87, 48, 69, 99, 4, 46, 1, 13, 58, 97, 59, 45, 8, 73, 37, 35, 79, 11, 66, 76, 32, 60, 80, 96, 6, 16, 61, 19, 7, 57, 34, 12, 67, 10, 98, 56, 88, 29, 75, 91, 38, 33, 92, 2, 84, 51, 72, 81, 25, 43, 55, 62, 89, 94, 0]|[2, 1, 2, 1, 1, 2, 1, 1, 1, 1, 1, 0, 2, 2, 1, 2, 0, 0, 0, 2, 2, 1, 0, 2, 0, 2, 2, 1, 0, 1, 1, 1, 0, 0, 1, 0, 2, 1, 2, 2, 0, 0, 1, 1, 0, 2, 0, 2, 1, 0, 0, 2, 0, 0, 2, 0, 1, 1, 0, 0, 2, 1, 0, 2, 2, 0, 2, 2, 0, 1, 2, 1, 1, 2, 0, 1, 1, 1, 1, 2, 2, 1, 1, 0, 1, 0, 1, 0, 2, 0, 1, 1, 1, 1, 1, 0, 1, 1, 2, 0]|[0, 3, 0, 3, 4, 1, 4, 4, 2, 4, 3, 2, 1, 0, 2, 1, 1, 1, 2, 1, 1, 3, 0, 1, 0, 1, 1, 4, 1, 4, 3, 2, 2, 0, 4, 1, 1, 4, 0, 1, 2, 1, 4, 4, 1, 1, 0, 2, 3, 1, 2, 1, 2, 1, 1, 2, 4, 3, 0, 2, 2, 3, 1, 0, 1, 2, 0, 1, 2, 4, 1, 3, 4, 1, 2, 4, 3, 3, 3, 1, 1, 4, 3, 2, 3, 2, 4, 2, 1, 2, 3, 4, 4, 4, 4, 2, 3, 4, 1, 2]|[0, 2, 0, 0, 3, 0, 1, 3, 0, 0, 2, 0, 1, 0, 1, 0, 0, 0, 1, 0, 0, 2, 0, 0, 1, 0, 0, 3, 0, 1, 0, 2, 0, 0, 3, 0, 1, 3, 0, 0, 0, 0, 1, 3, 0, 0, 1, 0, 2, 0, 0, 0, 0, 0, 1, 0, 1, 0, 1, 1, 0, 2, 0, 0, 0, 0, 0, 0, 0, 2, 0, 0, 1, 0, 0, 1, 0, 0, 3, 0, 0, 1, 0, 0, 0, 0, 1, 0, 0, 0, 0, 2, 1, 3, 2, 0, 0, 1, 0, 0],890.9074744783937,50673.96227735626,113466.60083846681,false
21,G3_TWC,G1_CMAX,[31, 22, 82, 15, 26, 9, 42, 95, 77, 12, 47, 5, 93, 78, 86, 54, 85, 63, 18, 44, 20, 35, 43, 97, 91, 76, 10, 30, 21, 45, 71, 64, 1, 23, 17, 83, 24, 14, 60, 36, 6, 57, 94, 88, 65, 56, 79, 40, 67, 68, 46, 75, 38, 58, 19, 32, 81, 41, 27, 62, 87, 90, 99, 59, 11, 16, 72, 73, 69, 39, 37, 84, 3, 92, 25, 55, 28, 29, 51, 7, 33, 61, 98, 66, 89, 50, 8, 96, 53, 80, 4, 48, 34, 2, 52, 13, 0, 70, 49, 74]|[1, 1, 0, 1, 1, 1, 2, 1, 2, 1, 2, 2, 2, 1, 1, 0, 0, 1, 0, 2, 2, 0, 1, 2, 0, 1, 2, 2, 0, 0, 1, 2, 1, 2, 1, 0, 2, 0, 1, 1, 0, 1, 1, 1, 0, 2, 1, 1, 0, 0, 0, 0, 1, 1, 2, 1, 2, 0, 0, 0, 2, 1, 0, 1, 2, 1, 2, 1, 1, 1, 1, 1, 1, 0, 1, 2, 0, 0, 0, 1, 2, 1, 0, 2, 1, 0, 1, 0, 0, 0, 0, 0, 2, 0, 1, 0, 0, 1, 0, 2]|[4, 3, 2, 2, 0, 0, 2, 2, 2, 4, 1, 1, 2, 4, 4, 1, 2, 4, 2, 1, 1, 1, 1, 2, 1, 2, 1, 1, 1, 1, 3, 2, 3, 0, 4, 0, 1, 1, 0, 3, 2, 2, 2, 0, 1, 1, 0, 4, 0, 1, 2, 2, 1, 4, 0, 3, 2, 1, 1, 2, 1, 3, 1, 1, 1, 3, 0, 4, 3, 1, 4, 1, 1, 0, 4, 1, 2, 1, 1, 3, 1, 3, 1, 1, 1, 1, 3, 1, 2, 1, 2, 1, 1, 2, 1, 2, 2, 3, 1, 1]|[0, 2, 1, 1, 3, 3, 0, 1, 0, 0, 0, 0, 1, 0, 1, 0, 0, 3, 1, 0, 0, 0, 3, 1, 0, 2, 0, 0, 0, 1, 0, 0, 0, 0, 3, 0, 1, 0, 0, 2, 1, 1, 1, 0, 0, 0, 0, 2, 1, 0, 0, 0, 1, 3, 0, 0, 1, 0, 0, 1, 0, 2, 0, 1, 0, 2, 1, 0, 0, 1, 1, 3, 1, 1, 3, 0, 1, 0, 0, 2, 0, 0, 0, 0, 1, 0, 2, 0, 1, 0, 1, 0, 0, 0, 1, 0, 0, 0, 1, 0],801.427594812029,57868.49349465401,91455.85780813712,true
21,G1_CMAX,G1_CMAX,[31, 22, 82, 15, 26, 9, 42, 77, 12, 5, 47, 93, 78, 86, 54, 6, 63, 18, 44, 20, 35, 43, 97, 91, 76, 10, 30, 21, 45, 17, 23, 1, 71, 83, 24, 14, 60, 36, 85, 57, 40, 95, 88, 65, 56, 79, 94, 67, 68, 46, 75, 38, 58, 19, 32, 81, 41, 62, 87, 28, 90, 59, 11, 16, 72, 73, 69, 52, 37, 64, 84, 3, 25, 29, 55, 51, 7, 98, 61, 66, 99, 33, 89, 48, 50, 96, 53, 80, 4, 8, 27, 2, 39, 13, 0, 92, 49, 74, 34, 70]|[1, 1, 0, 1, 1, 1, 2, 2, 1, 2, 2, 1, 1, 1, 0, 0, 1, 0, 2, 2, 0, 1, 2, 2, 1, 2, 2, 0, 0, 1, 2, 1, 1, 0, 2, 0, 1, 1, 0, 1, 1, 1, 1, 0, 2, 1, 1, 0, 0, 0, 0, 1, 1, 2, 1, 2, 0, 0, 2, 0, 1, 2, 2, 1, 2, 1, 1, 1, 1, 1, 1, 2, 1, 0, 2, 0, 1, 2, 1, 0, 0, 2, 1, 0, 0, 2, 0, 0, 1, 1, 0, 0, 1, 0, 0, 0, 0, 2, 2, 1]|[0, 3, 1, 2, 0, 0, 1, 1, 4, 1, 1, 4, 4, 4, 2, 2, 4, 2, 1, 1, 1, 1, 2, 1, 2, 1, 1, 1, 1, 4, 0, 3, 3, 0, 1, 1, 0, 3, 2, 2, 2, 2, 0, 1, 1, 0, 4, 0, 1, 2, 2, 1, 4, 0, 3, 2, 1, 2, 1, 2, 3, 1, 1, 3, 0, 4, 4, 1, 4, 3, 1, 2, 4, 1, 1, 1, 1, 1, 3, 1, 1, 1, 1, 1, 1, 1, 2, 1, 4, 3, 2, 2, 1, 2, 2, 0, 1, 1, 1, 4]|[1, 1, 1, 1, 3, 3, 0, 0, 0, 0, 0, 2, 0, 1, 0, 0, 3, 1, 0, 0, 0, 3, 1, 0, 2, 0, 0, 0, 1, 3, 0, 0, 0, 0, 1, 0, 0, 2, 1, 1, 1, 1, 0, 0, 0, 0, 2, 1, 0, 0, 0, 1, 3, 0, 0, 1, 0, 1, 0, 1, 2, 0, 0, 2, 1, 0, 2, 1, 1, 0, 3, 1, 3, 0, 0, 0, 2, 0, 0, 0, 0, 0, 1, 0, 0, 0, 1, 0, 0, 2, 1, 0, 1, 0, 0, 1, 1, 0, 0, 2],733.3116759547878,58140.55643565909,96674.14109675489,false
21,G4_BALANCED,G4_BALANCED,[31, 22, 82, 15, 26, 58, 95, 42, 77, 12, 47, 5, 93, 78, 86, 54, 85, 63, 18, 44, 20, 35, 43, 97, 66, 76, 79, 30, 21, 45, 71, 64, 1, 23, 17, 83, 24, 14, 60, 36, 6, 57, 40, 88, 65, 56, 10, 94, 67, 68, 46, 75, 38, 9, 19, 32, 41, 81, 27, 62, 87, 90, 99, 59, 11, 16, 72, 73, 69, 39, 37, 84, 3, 92, 98, 55, 28, 29, 51, 7, 91, 61, 25, 48, 89, 50, 4, 52, 53, 80, 8, 33, 34, 2, 96, 13, 0, 70, 74, 49]|[1, 1, 0, 1, 1, 0, 1, 2, 2, 1, 2, 2, 2, 1, 1, 0, 0, 1, 0, 2, 2, 0, 1, 2, 2, 1, 2, 2, 0, 0, 1, 2, 1, 2, 1, 0, 2, 0, 1, 1, 0, 1, 1, 1, 0, 2, 2, 1, 0, 0, 0, 0, 1, 1, 2, 1, 0, 2, 0, 0, 2, 1, 0, 1, 2, 1, 2, 1, 1, 1, 1, 1, 1, 0, 2, 2, 0, 0, 0, 1, 0, 1, 1, 0, 1, 0, 1, 1, 0, 0, 1, 2, 2, 0, 2, 0, 0, 1, 2, 0]|[4, 3, 2, 2, 4, 1, 2, 2, 2, 4, 1, 1, 2, 4, 4, 1, 2, 4, 2, 1, 1, 1, 1, 2, 1, 2, 1, 1, 1, 1, 3, 1, 3, 1, 4, 0, 1, 1, 0, 3, 2, 2, 2, 0, 1, 1, 1, 4, 0, 1, 2, 2, 1, 4, 0, 3, 1, 2, 1, 2, 1, 3, 1, 1, 1, 3, 0, 4, 3, 1, 4, 1, 1, 0, 1, 1, 2, 1, 1, 1, 1, 3, 4, 1, 1, 1, 4, 1, 2, 1, 3, 1, 1, 2, 1, 2, 2, 3, 1, 1]|[0, 2, 1, 1, 3, 0, 1, 0, 0, 0, 0, 0, 1, 0, 1, 0, 0, 3, 1, 0, 0, 0, 3, 1, 0, 2, 0, 0, 0, 1, 0, 0, 0, 0, 3, 0, 1, 0, 0, 2, 1, 1, 1, 0, 0, 0, 0, 2, 1, 0, 0, 0, 1, 3, 0, 0, 0, 1, 0, 1, 0, 2, 0, 1, 0, 2, 1, 0, 0, 1, 1, 3, 1, 1, 0, 0, 1, 0, 0, 2, 0, 0, 3, 0, 1, 0, 0, 1, 1, 0, 2, 0, 0, 0, 0, 0, 0, 0, 0, 1],749.836682488049,56554.129371230425,94435.12543297782,false
21,G2_TEC,G2_TEC,[31, 22, 82, 15, 26, 9, 95, 42, 77, 68, 47, 5, 93, 78, 86, 54, 85, 63, 18, 44, 20, 49, 36, 14, 74, 50, 53, 17, 21, 28, 71, 64, 3, 23, 30, 83, 24, 41, 40, 52, 65, 27, 90, 70, 39, 87, 48, 69, 99, 4, 46, 1, 13, 58, 97, 59, 45, 8, 73, 37, 35, 79, 11, 66, 76, 32, 60, 80, 96, 6, 16, 61, 19, 7, 57, 34, 12, 67, 10, 98, 56, 88, 29, 75, 91, 38, 33, 92, 2, 84, 51, 72, 81, 25, 43, 55, 62, 89, 94, 0]|[2, 1, 2, 1, 1, 2, 1, 1, 1, 1, 1, 0, 2, 2, 1, 2, 0, 0, 0, 2, 2, 1, 0, 2, 0, 2, 2, 1, 0, 1, 1, 1, 0, 0, 1, 0, 2, 1, 2, 2, 0, 0, 1, 1, 0, 2, 0, 2, 1, 0, 0, 2, 0, 0, 2, 0, 1, 1, 0, 0, 2, 1, 0, 2, 2, 0, 2, 2, 0, 1, 2, 1, 1, 2, 0, 1, 1, 1, 1, 2, 2, 1, 1, 0, 1, 0, 1, 0, 2, 0, 1, 1, 1, 1, 1, 0, 1, 1, 2, 0]|[0, 3, 0, 3, 4, 1, 4, 4, 2, 4, 3, 2, 1, 0, 2, 1, 1, 1, 2, 1, 1, 3, 0, 1, 0, 1, 1, 4, 1, 4, 3, 2, 2, 0, 4, 1, 1, 4, 0, 1, 2, 1, 4, 4, 1, 1, 0, 2, 3, 1, 2, 1, 2, 1, 1, 2, 4, 3, 0, 2, 2, 3, 1, 0, 1, 2, 0, 1, 2, 4, 1, 3, 4, 1, 2, 4, 3, 3, 3, 1, 1, 4, 3, 2, 3, 2, 4, 2, 1, 2, 3, 4, 4, 4, 4, 2, 3, 4, 1, 2]|[0, 2, 0, 0, 3, 0, 1, 3, 0, 0, 2, 0, 1, 0, 1, 0, 0, 0, 1, 0, 0, 2, 0, 0, 1, 0, 0, 3, 0, 1, 0, 2, 0, 0, 3, 0, 1, 3, 0, 0, 0, 0, 1, 3, 0, 0, 1, 0, 2, 0, 0, 0, 0, 0, 1, 0, 1, 0, 1, 1, 0, 2, 0, 0, 0, 0, 0, 0, 0, 2, 0, 0, 1, 0, 0, 1, 0, 0, 3, 0, 0, 1, 0, 0, 0, 0, 1, 0, 0, 0, 0, 2, 1, 3, 2, 0, 0, 1, 0, 0],890.9074744783937,50673.96227735626,113466.60083846681,false
21,G3_TWC,G1_CMAX,[31, 22, 82, 15, 26, 9, 42, 95, 77, 12, 47, 5, 93, 78, 86, 54, 85, 63, 18, 44, 20, 35, 43, 97, 91, 76, 10, 30, 21, 45, 71, 64, 1, 23, 17, 83, 24, 14, 60, 36, 6, 57, 94, 88, 65, 56, 79, 40, 67, 68, 46, 75, 38, 58, 19, 32, 81, 41, 27, 62, 87, 90, 99, 59, 11, 16, 72, 73, 69, 39, 37, 84, 3, 92, 25, 55, 28, 29, 51, 7, 33, 61, 98, 66, 89, 50, 8, 96, 53, 80, 4, 48, 34, 2, 52, 13, 0, 70, 49, 74]|[1, 1, 0, 1, 1, 1, 2, 1, 2, 1, 2, 2, 2, 1, 1, 0, 0, 1, 0, 2, 2, 0, 1, 2, 0, 1, 2, 2, 0, 0, 1, 2, 1, 2, 1, 0, 2, 0, 1, 1, 0, 1, 1, 1, 0, 2, 1, 1, 0, 0, 0, 0, 1, 1, 2, 1, 2, 0, 0, 0, 2, 1, 0, 1, 2, 1, 2, 1, 1, 1, 1, 1, 1, 0, 1, 2, 0, 0, 0, 1, 2, 1, 0, 2, 1, 0, 1, 0, 0, 0, 0, 0, 2, 0, 1, 0, 0, 1, 0, 2]|[4, 3, 2, 2, 0, 0, 2, 2, 2, 4, 1, 1, 2, 4, 4, 1, 2, 4, 2, 1, 1, 1, 1, 2, 1, 2, 1, 1, 1, 1, 3, 2, 3, 0, 4, 0, 1, 1, 0, 3, 2, 2, 2, 0, 1, 1, 0, 4, 0, 1, 2, 2, 1, 4, 0, 3, 2, 1, 1, 2, 1, 3, 1, 1, 1, 3, 0, 4, 3, 1, 4, 1, 1, 0, 4, 1, 2, 1, 1, 3, 1, 3, 1, 1, 1, 1, 3, 1, 2, 1, 2, 1, 1, 2, 1, 2, 2, 3, 1, 1]|[0, 2, 1, 1, 3, 3, 0, 1, 0, 0, 0, 0, 1, 0, 1, 0, 0, 3, 1, 0, 0, 0, 3, 1, 0, 2, 0, 0, 0, 1, 0, 0, 0, 0, 3, 0, 1, 0, 0, 2, 1, 1, 1, 0, 0, 0, 0, 2, 1, 0, 0, 0, 1, 3, 0, 0, 1, 0, 0, 1, 0, 2, 0, 1, 0, 2, 1, 0, 0, 1, 1, 3, 1, 1, 3, 0, 1, 0, 0, 2, 0, 0, 0, 0, 1, 0, 2, 0, 1, 0, 1, 0, 0, 0, 1, 0, 0, 0, 1, 0],801.427594812029,57868.49349465401,91455.85780813712,true
21,G1_CMAX,G1_CMAX,[31, 22, 82, 15, 26, 9, 42, 77, 12, 5, 47, 93, 78, 86, 54, 6, 63, 18, 44, 20, 35, 43, 97, 91, 76, 10, 30, 21, 45, 17, 23, 1, 71, 83, 24, 14, 60, 36, 85, 57, 40, 95, 88, 65, 56, 79, 94, 67, 68, 46, 75, 38, 58, 19, 32, 81, 41, 62, 87, 28, 90, 59, 11, 16, 72, 73, 69, 52, 37, 64, 84, 3, 25, 29, 55, 51, 7, 98, 61, 66, 99, 33, 89, 48, 50, 96, 53, 80, 4, 8, 27, 2, 39, 13, 0, 92, 49, 74, 34, 70]|[1, 1, 0, 1, 1, 1, 2, 2, 1, 2, 2, 1, 1, 1, 0, 0, 1, 0, 2, 2, 0, 1, 2, 2, 1, 2, 2, 0, 0, 1, 2, 1, 1, 0, 2, 0, 1, 1, 0, 1, 1, 1, 1, 0, 2, 1, 1, 0, 0, 0, 0, 1, 1, 2, 1, 2, 0, 0, 2, 0, 1, 2, 2, 1, 2, 1, 1, 1, 1, 1, 1, 2, 1, 0, 2, 0, 1, 2, 1, 0, 0, 2, 1, 0, 0, 2, 0, 0, 1, 1, 0, 0, 1, 0, 0, 0, 0, 2, 2, 1]|[0, 3, 1, 2, 0, 0, 1, 1, 4, 1, 1, 4, 4, 4, 2, 2, 4, 2, 1, 1, 1, 1, 2, 1, 2, 1, 1, 1, 1, 4, 0, 3, 3, 0, 1, 1, 0, 3, 2, 2, 2, 2, 0, 1, 1, 0, 4, 0, 1, 2, 2, 1, 4, 0, 3, 2, 1, 2, 1, 2, 3, 1, 1, 3, 0, 4, 4, 1, 4, 3, 1, 2, 4, 1, 1, 1, 1, 1, 3, 1, 1, 1, 1, 1, 1, 1, 2, 1, 4, 3, 2, 2, 1, 2, 2, 0, 1, 1, 1, 4]|[1, 1, 1, 1, 3, 3, 0, 0, 0, 0, 0, 2, 0, 1, 0, 0, 3, 1, 0, 0, 0, 3, 1, 0, 2, 0, 0, 0, 1, 3, 0, 0, 0, 0, 1, 0, 0, 2, 1, 1, 1, 1, 0, 0, 0, 0, 2, 1, 0, 0, 0, 1, 3, 0, 0, 1, 0, 1, 0, 1, 2, 0, 0, 2, 1, 0, 2, 1, 1, 0, 3, 1, 3, 0, 0, 0, 2, 0, 0, 0, 0, 0, 1, 0, 0, 0, 1, 0, 0, 2, 1, 0, 1, 0, 0, 1, 1, 0, 0, 2],733.3116759547878,58140.55643565909,96674.14109675489,false
21,G4_BALANCED,G4_BALANCED,[31, 22, 82, 15, 26, 58, 95, 42, 77, 12, 47, 5, 93, 78, 86, 54, 85, 63, 18, 44, 20, 35, 43, 97, 66, 76, 79, 30, 21, 45, 71, 64, 1, 23, 17, 83, 24, 14, 60, 36, 6, 57, 40, 88, 65, 56, 10, 94, 67, 68, 46, 75, 38, 9, 19, 32, 41, 81, 27, 62, 87, 90, 99, 59, 11, 16, 72, 73, 69, 39, 37, 84, 3, 92, 98, 55, 28, 29, 51, 7, 91, 61, 25, 48, 89, 50, 4, 52, 53, 80, 8, 33, 34, 2, 96, 13, 0, 70, 74, 49]|[1, 1, 0, 1, 1, 0, 1, 2, 2, 1, 2, 2, 2, 1, 1, 0, 0, 1, 0, 2, 2, 0, 1, 2, 2, 1, 2, 2, 0, 0, 1, 2, 1, 2, 1, 0, 2, 0, 1, 1, 0, 1, 1, 1, 0, 2, 2, 1, 0, 0, 0, 0, 1, 1, 2, 1, 0, 2, 0, 0, 2, 1, 0, 1, 2, 1, 2, 1, 1, 1, 1, 1, 1, 0, 2, 2, 0, 0, 0, 1, 0, 1, 1, 0, 1, 0, 1, 1, 0, 0, 1, 2, 2, 0, 2, 0, 0, 1, 2, 0]|[4, 3, 2, 2, 4, 1, 2, 2, 2, 4, 1, 1, 2, 4, 4, 1, 2, 4, 2, 1, 1, 1, 1, 2, 1, 2, 1, 1, 1, 1, 3, 1, 3, 1, 4, 0, 1, 1, 0, 3, 2, 2, 2, 0, 1, 1, 1, 4, 0, 1, 2, 2, 1, 4, 0, 3, 1, 2, 1, 2, 1, 3, 1, 1, 1, 3, 0, 4, 3, 1, 4, 1, 1, 0, 1, 1, 2, 1, 1, 1, 1, 3, 4, 1, 1, 1, 4, 1, 2, 1, 3, 1, 1, 2, 1, 2, 2, 3, 1, 1]|[0, 2, 1, 1, 3, 0, 1, 0, 0, 0, 0, 0, 1, 0, 1, 0, 0, 3, 1, 0, 0, 0, 3, 1, 0, 2, 0, 0, 0, 1, 0, 0, 0, 0, 3, 0, 1, 0, 0, 2, 1, 1, 1, 0, 0, 0, 0, 2, 1, 0, 0, 0, 1, 3, 0, 0, 0, 1, 0, 1, 0, 2, 0, 1, 0, 2, 1, 0, 0, 1, 1, 3, 1, 1, 0, 0, 1, 0, 0, 2, 0, 0, 3, 0, 1, 0, 0, 1, 1, 0, 2, 0, 0, 0, 0, 0, 0, 0, 0, 1],749.836682488049,56554.129371230425,94435.12543297782,false
21,G2_TEC,G2_TEC,[31, 22, 82, 15, 26, 9, 95, 42, 77, 68, 47, 5, 93, 78, 86, 54, 85, 63, 18, 44, 20, 49, 36, 14, 74, 50, 53, 17, 21, 28, 71, 64, 3, 23, 30, 83, 24, 41, 40, 52, 65, 27, 90, 70, 39, 87, 48, 69, 99, 4, 46, 1, 13, 58, 97, 59, 45, 8, 73, 37, 35, 79, 11, 66, 76, 32, 60, 80, 96, 6, 16, 61, 19, 7, 57, 34, 12, 67, 10, 98, 56, 88, 29, 75, 91, 38, 33, 92, 2, 84, 51, 72, 81, 25, 43, 55, 62, 89, 94, 0]|[2, 1, 2, 1, 1, 2, 1, 1, 1, 1, 1, 0, 2, 2, 1, 2, 0, 0, 0, 2, 2, 1, 0, 2, 0, 2, 2, 1, 0, 1, 1, 1, 0, 0, 1, 0, 2, 1, 2, 2, 0, 0, 1, 1, 0, 2, 0, 2, 1, 0, 0, 2, 0, 0, 2, 0, 1, 1, 0, 0, 2, 1, 0, 2, 2, 0, 2, 2, 0, 1, 2, 1, 1, 2, 0, 1, 1, 1, 1, 2, 2, 1, 1, 0, 1, 0, 1, 0, 2, 0, 1, 1, 1, 1, 1, 0, 1, 1, 2, 0]|[0, 3, 0, 3, 4, 1, 4, 4, 2, 4, 3, 2, 1, 0, 2, 1, 1, 1, 2, 1, 1, 3, 0, 1, 0, 1, 1, 4, 1, 4, 3, 2, 2, 0, 4, 1, 1, 4, 0, 1, 2, 1, 4, 4, 1, 1, 0, 2, 3, 1, 2, 1, 2, 1, 1, 2, 4, 3, 0, 2, 2, 3, 1, 0, 1, 2, 0, 1, 2, 4, 1, 3, 4, 1, 2, 4, 3, 3, 3, 1, 1, 4, 3, 2, 3, 2, 4, 2, 1, 2, 3, 4, 4, 4, 4, 2, 3, 4, 1, 2]|[0, 2, 0, 0, 3, 0, 1, 3, 0, 0, 2, 0, 1, 0, 1, 0, 0, 0, 1, 0, 0, 2, 0, 0, 1, 0, 0, 3, 0, 1, 0, 2, 0, 0, 3, 0, 1, 3, 0, 0, 0, 0, 1, 3, 0, 0, 1, 0, 2, 0, 0, 0, 0, 0, 1, 0, 1, 0, 1, 1, 0, 2, 0, 0, 0, 0, 0, 0, 0, 2, 0, 0, 1, 0, 0, 1, 0, 0, 3, 0, 0, 1, 0, 0, 0, 0, 1, 0, 0, 0, 0, 2, 1, 3, 2, 0, 0, 1, 0, 0],890.9074744783937,50673.96227735626,113466.60083846681,false
21,G3_TWC,G1_CMAX,[31, 22, 82, 15, 26, 9, 42, 95, 77, 12, 47, 5, 93, 78, 86, 54, 85, 63, 18, 44, 20, 35, 43, 97, 91, 76, 10, 30, 21, 45, 71, 64, 1, 23, 17, 83, 24, 14, 60, 36, 6, 57, 94, 88, 65, 56, 79, 40, 67, 68, 46, 75, 38, 58, 19, 32, 81, 41, 27, 62, 87, 90, 99, 59, 11, 16, 72, 73, 69, 39, 37, 84, 3, 92, 25, 55, 28, 29, 51, 7, 33, 61, 98, 66, 89, 50, 8, 96, 53, 80, 4, 48, 34, 2, 52, 13, 0, 70, 49, 74]|[1, 1, 0, 1, 1, 1, 2, 1, 2, 1, 2, 2, 2, 1, 1, 0, 0, 1, 0, 2, 2, 0, 1, 2, 0, 1, 2, 2, 0, 0, 1, 2, 1, 2, 1, 0, 2, 0, 1, 1, 0, 1, 1, 1, 0, 2, 1, 1, 0, 0, 0, 0, 1, 1, 2, 1, 2, 0, 0, 0, 2, 1, 0, 1, 2, 1, 2, 1, 1, 1, 1, 1, 1, 0, 1, 2, 0, 0, 0, 1, 2, 1, 0, 2, 1, 0, 1, 0, 0, 0, 0, 0, 2, 0, 1, 0, 0, 1, 0, 2]|[4, 3, 2, 2, 0, 0, 2, 2, 2, 4, 1, 1, 2, 4, 4, 1, 2, 4, 2, 1, 1, 1, 1, 2, 1, 2, 1, 1, 1, 1, 3, 2, 3, 0, 4, 0, 1, 1, 0, 3, 2, 2, 2, 0, 1, 1, 0, 4, 0, 1, 2, 2, 1, 4, 0, 3, 2, 1, 1, 2, 1, 3, 1, 1, 1, 3, 0, 4, 3, 1, 4, 1, 1, 0, 4, 1, 2, 1, 1, 3, 1, 3, 1, 1, 1, 1, 3, 1, 2, 1, 2, 1, 1, 2, 1, 2, 2, 3, 1, 1]|[0, 2, 1, 1, 3, 3, 0, 1, 0, 0, 0, 0, 1, 0, 1, 0, 0, 3, 1, 0, 0, 0, 3, 1, 0, 2, 0, 0, 0, 1, 0, 0, 0, 0, 3, 0, 1, 0, 0, 2, 1, 1, 1, 0, 0, 0, 0, 2, 1, 0, 0, 0, 1, 3, 0, 0, 1, 0, 0, 1, 0, 2, 0, 1, 0, 2, 1, 0, 0, 1, 1, 3, 1, 1, 3, 0, 1, 0, 0, 2, 0, 0, 0, 0, 1, 0, 2, 0, 1, 0, 1, 0, 0, 0, 1, 0, 0, 0, 1, 0],801.427594812029,57868.49349465401,91455.85780813712,true
21,G1_CMAX,G1_CMAX,[31, 22, 82, 15, 26, 9, 42, 77, 12, 5, 47, 93, 78, 86, 54, 6, 63, 18, 44, 20, 35, 43, 97, 91, 76, 10, 30, 21, 45, 17, 23, 1, 71, 83, 24, 14, 60, 36, 85, 57, 40, 95, 88, 65, 56, 79, 94, 67, 68, 46, 75, 38, 58, 19, 32, 81, 41, 62, 87, 28, 90, 59, 11, 16, 72, 73, 69, 52, 37, 64, 84, 3, 25, 29, 55, 51, 7, 98, 61, 66, 99, 33, 89, 48, 50, 96, 53, 80, 4, 8, 27, 2, 39, 13, 0, 92, 49, 74, 34, 70]|[1, 1, 0, 1, 1, 1, 2, 2, 1, 2, 2, 1, 1, 1, 0, 0, 1, 0, 2, 2, 0, 1, 2, 2, 1, 2, 2, 0, 0, 1, 2, 1, 1, 0, 2, 0, 1, 1, 0, 1, 1, 1, 1, 0, 2, 1, 1, 0, 0, 0, 0, 1, 1, 2, 1, 2, 0, 0, 2, 0, 1, 2, 2, 1, 2, 1, 1, 1, 1, 1, 1, 2, 1, 0, 2, 0, 1, 2, 1, 0, 0, 2, 1, 0, 0, 2, 0, 0, 1, 1, 0, 0, 1, 0, 0, 0, 0, 2, 2, 1]|[0, 3, 1, 2, 0, 0, 1, 1, 4, 1, 1, 4, 4, 4, 2, 2, 4, 2, 1, 1, 1, 1, 2, 1, 2, 1, 1, 1, 1, 4, 0, 3, 3, 0, 1, 1, 0, 3, 2, 2, 2, 2, 0, 1, 1, 0, 4, 0, 1, 2, 2, 1, 4, 0, 3, 2, 1, 2, 1, 2, 3, 1, 1, 3, 0, 4, 4, 1, 4, 3, 1, 2, 4, 1, 1, 1, 1, 1, 3, 1, 1, 1, 1, 1, 1, 1, 2, 1, 4, 3, 2, 2, 1, 2, 2, 0, 1, 1, 1, 4]|[1, 1, 1, 1, 3, 3, 0, 0, 0, 0, 0, 2, 0, 1, 0, 0, 3, 1, 0, 0, 0, 3, 1, 0, 2, 0, 0, 0, 1, 3, 0, 0, 0, 0, 1, 0, 0, 2, 1, 1, 1, 1, 0, 0, 0, 0, 2, 1, 0, 0, 0, 1, 3, 0, 0, 1, 0, 1, 0, 1, 2, 0, 0, 2, 1, 0, 2, 1, 1, 0, 3, 1, 3, 0, 0, 0, 2, 0, 0, 0, 0, 0, 1, 0, 0, 0, 1, 0, 0, 2, 1, 0, 1, 0, 0, 1, 1, 0, 0, 2],733.3116759547878,58140.55643565909,96674.14109675489,false
21,G4_BALANCED,G4_BALANCED,[31, 22, 82, 15, 26, 58, 95, 42, 77, 12, 47, 5, 93, 78, 86, 54, 85, 63, 18, 44, 20, 35, 43, 97, 66, 76, 79, 30, 21, 45, 71, 64, 1, 23, 17, 83, 24, 14, 60, 36, 6, 57, 40, 88, 65, 56, 10, 94, 67, 68, 46, 75, 38, 9, 19, 32, 41, 81, 27, 62, 87, 90, 99, 59, 11, 16, 72, 73, 69, 39, 37, 84, 3, 92, 98, 55, 28, 29, 51, 7, 91, 61, 25, 48, 89, 50, 4, 52, 53, 80, 8, 33, 34, 2, 96, 13, 0, 70, 74, 49]|[1, 1, 0, 1, 1, 0, 1, 2, 2, 1, 2, 2, 2, 1, 1, 0, 0, 1, 0, 2, 2, 0, 1, 2, 2, 1, 2, 2, 0, 0, 1, 2, 1, 2, 1, 0, 2, 0, 1, 1, 0, 1, 1, 1, 0, 2, 2, 1, 0, 0, 0, 0, 1, 1, 2, 1, 0, 2, 0, 0, 2, 1, 0, 1, 2, 1, 2, 1, 1, 1, 1, 1, 1, 0, 2, 2, 0, 0, 0, 1, 0, 1, 1, 0, 1, 0, 1, 1, 0, 0, 1, 2, 2, 0, 2, 0, 0, 1, 2, 0]|[4, 3, 2, 2, 4, 1, 2, 2, 2, 4, 1, 1, 2, 4, 4, 1, 2, 4, 2, 1, 1, 1, 1, 2, 1, 2, 1, 1, 1, 1, 3, 1, 3, 1, 4, 0, 1, 1, 0, 3, 2, 2, 2, 0, 1, 1, 1, 4, 0, 1, 2, 2, 1, 4, 0, 3, 1, 2, 1, 2, 1, 3, 1, 1, 1, 3, 0, 4, 3, 1, 4, 1, 1, 0, 1, 1, 2, 1, 1, 1, 1, 3, 4, 1, 1, 1, 4, 1, 2, 1, 3, 1, 1, 2, 1, 2, 2, 3, 1, 1]|[0, 2, 1, 1, 3, 0, 1, 0, 0, 0, 0, 0, 1, 0, 1, 0, 0, 3, 1, 0, 0, 0, 3, 1, 0, 2, 0, 0, 0, 1, 0, 0, 0, 0, 3, 0, 1, 0, 0, 2, 1, 1, 1, 0, 0, 0, 0, 2, 1, 0, 0, 0, 1, 3, 0, 0, 0, 1, 0, 1, 0, 2, 0, 1, 0, 2, 1, 0, 0, 1, 1, 3, 1, 1, 0, 0, 1, 0, 0, 2, 0, 0, 3, 0, 1, 0, 0, 1, 1, 0, 2, 0, 0, 0, 0, 0, 0, 0, 0, 1],749.836682488049,56554.129371230425,94435.12543297782,false
21,G2_TEC,G2_TEC,[31, 22, 82, 15, 26, 9, 95, 42, 77, 68, 47, 5, 93, 78, 86, 54, 85, 63, 18, 44, 20, 49, 36, 14, 74, 50, 53, 17, 21, 28, 71, 64, 3, 23, 30, 83, 24, 41, 40, 52, 65, 27, 90, 70, 39, 87, 48, 69, 99, 4, 46, 1, 13, 58, 97, 59, 45, 8, 73, 37, 35, 79, 11, 66, 76, 32, 60, 80, 96, 6, 16, 61, 19, 7, 57, 34, 12, 67, 10, 98, 56, 88, 29, 75, 91, 38, 33, 92, 2, 84, 51, 72, 81, 25, 43, 55, 62, 89, 94, 0]|[2, 1, 2, 1, 1, 2, 1, 1, 1, 1, 1, 0, 2, 2, 1, 2, 0, 0, 0, 2, 2, 1, 0, 2, 0, 2, 2, 1, 0, 1, 1, 1, 0, 0, 1, 0, 2, 1, 2, 2, 0, 0, 1, 1, 0, 2, 0, 2, 1, 0, 0, 2, 0, 0, 2, 0, 1, 1, 0, 0, 2, 1, 0, 2, 2, 0, 2, 2, 0, 1, 2, 1, 1, 2, 0, 1, 1, 1, 1, 2, 2, 1, 1, 0, 1, 0, 1, 0, 2, 0, 1, 1, 1, 1, 1, 0, 1, 1, 2, 0]|[0, 3, 0, 3, 4, 1, 4, 4, 2, 4, 3, 2, 1, 0, 2, 1, 1, 1, 2, 1, 1, 3, 0, 1, 0, 1, 1, 4, 1, 4, 3, 2, 2, 0, 4, 1, 1, 4, 0, 1, 2, 1, 4, 4, 1, 1, 0, 2, 3, 1, 2, 1, 2, 1, 1, 2, 4, 3, 0, 2, 2, 3, 1, 0, 1, 2, 0, 1, 2, 4, 1, 3, 4, 1, 2, 4, 3, 3, 3, 1, 1, 4, 3, 2, 3, 2, 4, 2, 1, 2, 3, 4, 4, 4, 4, 2, 3, 4, 1, 2]|[0, 2, 0, 0, 3, 0, 1, 3, 0, 0, 2, 0, 1, 0, 1, 0, 0, 0, 1, 0, 0, 2, 0, 0, 1, 0, 0, 3, 0, 1, 0, 2, 0, 0, 3, 0, 1, 3, 0, 0, 0, 0, 1, 3, 0, 0, 1, 0, 2, 0, 0, 0, 0, 0, 1, 0, 1, 0, 1, 1, 0, 2, 0, 0, 0, 0, 0, 0, 0, 2, 0, 0, 1, 0, 0, 1, 0, 0, 3, 0, 0, 1, 0, 0, 0, 0, 1, 0, 0, 0, 0, 2, 1, 3, 2, 0, 0, 1, 0, 0],890.9074744783937,50673.96227735626,113466.60083846681,false
21,G3_TWC,G1_CMAX,[31, 22, 82, 15, 26, 9, 42, 95, 77, 12, 47, 5, 93, 78, 86, 54, 85, 63, 18, 44, 20, 35, 43, 97, 91, 76, 10, 30, 21, 45, 71, 64, 1, 23, 17, 83, 24, 14, 60, 36, 6, 57, 94, 88, 65, 56, 79, 40, 67, 68, 46, 75, 38, 58, 19, 32, 81, 41, 27, 62, 87, 90, 99, 59, 11, 16, 72, 73, 69, 39, 37, 84, 3, 92, 25, 55, 28, 29, 51, 7, 33, 61, 98, 66, 89, 50, 8, 96, 53, 80, 4, 48, 34, 2, 52, 13, 0, 70, 49, 74]|[1, 1, 0, 1, 1, 1, 2, 1, 2, 1, 2, 2, 2, 1, 1, 0, 0, 1, 0, 2, 2, 0, 1, 2, 0, 1, 2, 2, 0, 0, 1, 2, 1, 2, 1, 0, 2, 0, 1, 1, 0, 1, 1, 1, 0, 2, 1, 1, 0, 0, 0, 0, 1, 1, 2, 1, 2, 0, 0, 0, 2, 1, 0, 1, 2, 1, 2, 1, 1, 1, 1, 1, 1, 0, 1, 2, 0, 0, 0, 1, 2, 1, 0, 2, 1, 0, 1, 0, 0, 0, 0, 0, 2, 0, 1, 0, 0, 1, 0, 2]|[4, 3, 2, 2, 0, 0, 2, 2, 2, 4, 1, 1, 2, 4, 4, 1, 2, 4, 2, 1, 1, 1, 1, 2, 1, 2, 1, 1, 1, 1, 3, 2, 3, 0, 4, 0, 1, 1, 0, 3, 2, 2, 2, 0, 1, 1, 0, 4, 0, 1, 2, 2, 1, 4, 0, 3, 2, 1, 1, 2, 1, 3, 1, 1, 1, 3, 0, 4, 3, 1, 4, 1, 1, 0, 4, 1, 2, 1, 1, 3, 1, 3, 1, 1, 1, 1, 3, 1, 2, 1, 2, 1, 1, 2, 1, 2, 2, 3, 1, 1]|[0, 2, 1, 1, 3, 3, 0, 1, 0, 0, 0, 0, 1, 0, 1, 0, 0, 3, 1, 0, 0, 0, 3, 1, 0, 2, 0, 0, 0, 1, 0, 0, 0, 0, 3, 0, 1, 0, 0, 2, 1, 1, 1, 0, 0, 0, 0, 2, 1, 0, 0, 0, 1, 3, 0, 0, 1, 0, 0, 1, 0, 2, 0, 1, 0, 2, 1, 0, 0, 1, 1, 3, 1, 1, 3, 0, 1, 0, 0, 2, 0, 0, 0, 0, 1, 0, 2, 0, 1, 0, 1, 0, 0, 0, 1, 0, 0, 0, 1, 0],801.427594812029,57868.49349465401,91455.85780813712,true
21,G1_CMAX,G1_CMAX,[31, 22, 82, 15, 26, 9, 42, 77, 12, 5, 47, 93, 78, 86, 54, 6, 63, 18, 44, 20, 35, 43, 97, 91, 76, 10, 30, 21, 45, 17, 23, 1, 71, 83, 24, 14, 60, 36, 85, 57, 40, 95, 88, 65, 56, 79, 94, 67, 68, 46, 75, 38, 58, 19, 32, 81, 41, 62, 87, 28, 90, 59, 11, 16, 72, 73, 69, 52, 37, 64, 84, 3, 25, 29, 55, 51, 7, 98, 61, 66, 99, 33, 89, 48, 50, 96, 53, 80, 4, 8, 27, 2, 39, 13, 0, 92, 49, 74, 34, 70]|[1, 1, 0, 1, 1, 1, 2, 2, 1, 2, 2, 1, 1, 1, 0, 0, 1, 0, 2, 2, 0, 1, 2, 2, 1, 2, 2, 0, 0, 1, 2, 1, 1, 0, 2, 0, 1, 1, 0, 1, 1, 1, 1, 0, 2, 1, 1, 0, 0, 0, 0, 1, 1, 2, 1, 2, 0, 0, 2, 0, 1, 2, 2, 1, 2, 1, 1, 1, 1, 1, 1, 2, 1, 0, 2, 0, 1, 2, 1, 0, 0, 2, 1, 0, 0, 2, 0, 0, 1, 1, 0, 0, 1, 0, 0, 0, 0, 2, 2, 1]|[0, 3, 1, 2, 0, 0, 1, 1, 4, 1, 1, 4, 4, 4, 2, 2, 4, 2, 1, 1, 1, 1, 2, 1, 2, 1, 1, 1, 1, 4, 0, 3, 3, 0, 1, 1, 0, 3, 2, 2, 2, 2, 0, 1, 1, 0, 4, 0, 1, 2, 2, 1, 4, 0, 3, 2, 1, 2, 1, 2, 3, 1, 1, 3, 0, 4, 4, 1, 4, 3, 1, 2, 4, 1, 1, 1, 1, 1, 3, 1, 1, 1, 1, 1, 1, 1, 2, 1, 4, 3, 2, 2, 1, 2, 2, 0, 1, 1, 1, 4]|[1, 1, 1, 1, 3, 3, 0, 0, 0, 0, 0, 2, 0, 1, 0, 0, 3, 1, 0, 0, 0, 3, 1, 0, 2, 0, 0, 0, 1, 3, 0, 0, 0, 0, 1, 0, 0, 2, 1, 1, 1, 1, 0, 0, 0, 0, 2, 1, 0, 0, 0, 1, 3, 0, 0, 1, 0, 1, 0, 1, 2, 0, 0, 2, 1, 0, 2, 1, 1, 0, 3, 1, 3, 0, 0, 0, 2, 0, 0, 0, 0, 0, 1, 0, 0, 0, 1, 0, 0, 2, 1, 0, 1, 0, 0, 1, 1, 0, 0, 2],733.3116759547878,58140.55643565909,96674.14109675489,false
21,G4_BALANCED,G4_BALANCED,[31, 22, 82, 15, 26, 58, 95, 42, 77, 12, 47, 5, 93, 78, 86, 54, 85, 63, 18, 44, 20, 35, 43, 97, 66, 76, 79, 30, 21, 45, 71, 64, 1, 23, 17, 83, 24, 14, 60, 36, 6, 57, 40, 88, 65, 56, 10, 94, 67, 68, 46, 75, 38, 9, 19, 32, 41, 81, 27, 62, 87, 90, 99, 59, 11, 16, 72, 73, 69, 39, 37, 84, 3, 92, 98, 55, 28, 29, 51, 7, 91, 61, 25, 48, 89, 50, 4, 52, 53, 80, 8, 33, 34, 2, 96, 13, 0, 70, 74, 49]|[1, 1, 0, 1, 1, 0, 1, 2, 2, 1, 2, 2, 2, 1, 1, 0, 0, 1, 0, 2, 2, 0, 1, 2, 2, 1, 2, 2, 0, 0, 1, 2, 1, 2, 1, 0, 2, 0, 1, 1, 0, 1, 1, 1, 0, 2, 2, 1, 0, 0, 0, 0, 1, 1, 2, 1, 0, 2, 0, 0, 2, 1, 0, 1, 2, 1, 2, 1, 1, 1, 1, 1, 1, 0, 2, 2, 0, 0, 0, 1, 0, 1, 1, 0, 1, 0, 1, 1, 0, 0, 1, 2, 2, 0, 2, 0, 0, 1, 2, 0]|[4, 3, 2, 2, 4, 1, 2, 2, 2, 4, 1, 1, 2, 4, 4, 1, 2, 4, 2, 1, 1, 1, 1, 2, 1, 2, 1, 1, 1, 1, 3, 1, 3, 1, 4, 0, 1, 1, 0, 3, 2, 2, 2, 0, 1, 1, 1, 4, 0, 1, 2, 2, 1, 4, 0, 3, 1, 2, 1, 2, 1, 3, 1, 1, 1, 3, 0, 4, 3, 1, 4, 1, 1, 0, 1, 1, 2, 1, 1, 1, 1, 3, 4, 1, 1, 1, 4, 1, 2, 1, 3, 1, 1, 2, 1, 2, 2, 3, 1, 1]|[0, 2, 1, 1, 3, 0, 1, 0, 0, 0, 0, 0, 1, 0, 1, 0, 0, 3, 1, 0, 0, 0, 3, 1, 0, 2, 0, 0, 0, 1, 0, 0, 0, 0, 3, 0, 1, 0, 0, 2, 1, 1, 1, 0, 0, 0, 0, 2, 1, 0, 0, 0, 1, 3, 0, 0, 0, 1, 0, 1, 0, 2, 0, 1, 0, 2, 1, 0, 0, 1, 1, 3, 1, 1, 0, 0, 1, 0, 0, 2, 0, 0, 3, 0, 1, 0, 0, 1, 1, 0, 2, 0, 0, 0, 0, 0, 0, 0, 0, 1],749.836682488049,56554.129371230425,94435.12543297782,false
21,G2_TEC,G2_TEC,[31, 22, 82, 15, 26, 9, 95, 42, 77, 68, 47, 5, 93, 78, 86, 54, 85, 63, 18, 44, 20, 49, 36, 14, 74, 50, 53, 17, 21, 28, 71, 64, 3, 23, 30, 83, 24, 41, 40, 52, 65, 27, 90, 70, 39, 87, 48, 69, 99, 4, 46, 1, 13, 58, 97, 59, 45, 8, 73, 37, 35, 79, 11, 66, 76, 32, 60, 80, 96, 6, 16, 61, 19, 7, 57, 34, 12, 67, 10, 98, 56, 88, 29, 75, 91, 38, 33, 92, 2, 84, 51, 72, 81, 25, 43, 55, 62, 89, 94, 0]|[2, 1, 2, 1, 1, 2, 1, 1, 1, 1, 1, 0, 2, 2, 1, 2, 0, 0, 0, 2, 2, 1, 0, 2, 0, 2, 2, 1, 0, 1, 1, 1, 0, 0, 1, 0, 2, 1, 2, 2, 0, 0, 1, 1, 0, 2, 0, 2, 1, 0, 0, 2, 0, 0, 2, 0, 1, 1, 0, 0, 2, 1, 0, 2, 2, 0, 2, 2, 0, 1, 2, 1, 1, 2, 0, 1, 1, 1, 1, 2, 2, 1, 1, 0, 1, 0, 1, 0, 2, 0, 1, 1, 1, 1, 1, 0, 1, 1, 2, 0]|[0, 3, 0, 3, 4, 1, 4, 4, 2, 4, 3, 2, 1, 0, 2, 1, 1, 1, 2, 1, 1, 3, 0, 1, 0, 1, 1, 4, 1, 4, 3, 2, 2, 0, 4, 1, 1, 4, 0, 1, 2, 1, 4, 4, 1, 1, 0, 2, 3, 1, 2, 1, 2, 1, 1, 2, 4, 3, 0, 2, 2, 3, 1, 0, 1, 2, 0, 1, 2, 4, 1, 3, 4, 1, 2, 4, 3, 3, 3, 1, 1, 4, 3, 2, 3, 2, 4, 2, 1, 2, 3, 4, 4, 4, 4, 2, 3, 4, 1, 2]|[0, 2, 0, 0, 3, 0, 1, 3, 0, 0, 2, 0, 1, 0, 1, 0, 0, 0, 1, 0, 0, 2, 0, 0, 1, 0, 0, 3, 0, 1, 0, 2, 0, 0, 3, 0, 1, 3, 0, 0, 0, 0, 1, 3, 0, 0, 1, 0, 2, 0, 0, 0, 0, 0, 1, 0, 1, 0, 1, 1, 0, 2, 0, 0, 0, 0, 0, 0, 0, 2, 0, 0, 1, 0, 0, 1, 0, 0, 3, 0, 0, 1, 0, 0, 0, 0, 1, 0, 0, 0, 0, 2, 1, 3, 2, 0, 0, 1, 0, 0],890.9074744783937,50673.96227735626,113466.60083846681,false
21,G3_TWC,G1_CMAX,[31, 22, 82, 15, 26, 9, 42, 95, 77, 12, 47, 5, 93, 78, 86, 54, 85, 63, 18, 44, 20, 35, 43, 97, 91, 76, 10, 30, 21, 45, 71, 64, 1, 23, 17, 83, 24, 14, 60, 36, 6, 57, 94, 88, 65, 56, 79, 40, 67, 68, 46, 75, 38, 58, 19, 32, 81, 41, 27, 62, 87, 90, 99, 59, 11, 16, 72, 73, 69, 39, 37, 84, 3, 92, 25, 55, 28, 29, 51, 7, 33, 61, 98, 66, 89, 50, 8, 96, 53, 80, 4, 48, 34, 2, 52, 13, 0, 70, 49, 74]|[1, 1, 0, 1, 1, 1, 2, 1, 2, 1, 2, 2, 2, 1, 1, 0, 0, 1, 0, 2, 2, 0, 1, 2, 0, 1, 2, 2, 0, 0, 1, 2, 1, 2, 1, 0, 2, 0, 1, 1, 0, 1, 1, 1, 0, 2, 1, 1, 0, 0, 0, 0, 1, 1, 2, 1, 2, 0, 0, 0, 2, 1, 0, 1, 2, 1, 2, 1, 1, 1, 1, 1, 1, 0, 1, 2, 0, 0, 0, 1, 2, 1, 0, 2, 1, 0, 1, 0, 0, 0, 0, 0, 2, 0, 1, 0, 0, 1, 0, 2]|[4, 3, 2, 2, 0, 0, 2, 2, 2, 4, 1, 1, 2, 4, 4, 1, 2, 4, 2, 1, 1, 1, 1, 2, 1, 2, 1, 1, 1, 1, 3, 2, 3, 0, 4, 0, 1, 1, 0, 3, 2, 2, 2, 0, 1, 1, 0, 4, 0, 1, 2, 2, 1, 4, 0, 3, 2, 1, 1, 2, 1, 3, 1, 1, 1, 3, 0, 4, 3, 1, 4, 1, 1, 0, 4, 1, 2, 1, 1, 3, 1, 3, 1, 1, 1, 1, 3, 1, 2, 1, 2, 1, 1, 2, 1, 2, 2, 3, 1, 1]|[0, 2, 1, 1, 3, 3, 0, 1, 0, 0, 0, 0, 1, 0, 1, 0, 0, 3, 1, 0, 0, 0, 3, 1, 0, 2, 0, 0, 0, 1, 0, 0, 0, 0, 3, 0, 1, 0, 0, 2, 1, 1, 1, 0, 0, 0, 0, 2, 1, 0, 0, 0, 1, 3, 0, 0, 1, 0, 0, 1, 0, 2, 0, 1, 0, 2, 1, 0, 0, 1, 1, 3, 1, 1, 3, 0, 1, 0, 0, 2, 0, 0, 0, 0, 1, 0, 2, 0, 1, 0, 1, 0, 0, 0, 1, 0, 0, 0, 1, 0],801.427594812029,57868.49349465401,91455.85780813712,true
21,G1_CMAX,G1_CMAX,[31, 22, 82, 15, 26, 9, 42, 77, 12, 5, 47, 93, 78, 86, 54, 6, 63, 18, 44, 20, 35, 43, 97, 91, 76, 10, 30, 21, 45, 17, 23, 1, 71, 83, 24, 14, 60, 36, 85, 57, 40, 95, 88, 65, 56, 79, 94, 67, 68, 46, 75, 38, 58, 19, 32, 81, 41, 62, 87, 28, 90, 59, 11, 16, 72, 73, 69, 52, 37, 64, 84, 3, 25, 29, 55, 51, 7, 98, 61, 66, 99, 33, 89, 48, 50, 96, 53, 80, 4, 8, 27, 2, 39, 13, 0, 92, 49, 74, 34, 70]|[1, 1, 0, 1, 1, 1, 2, 2, 1, 2, 2, 1, 1, 1, 0, 0, 1, 0, 2, 2, 0, 1, 2, 2, 1, 2, 2, 0, 0, 1, 2, 1, 1, 0, 2, 0, 1, 1, 0, 1, 1, 1, 1, 0, 2, 1, 1, 0, 0, 0, 0, 1, 1, 2, 1, 2, 0, 0, 2, 0, 1, 2, 2, 1, 2, 1, 1, 1, 1, 1, 1, 2, 1, 0, 2, 0, 1, 2, 1, 0, 0, 2, 1, 0, 0, 2, 0, 0, 1, 1, 0, 0, 1, 0, 0, 0, 0, 2, 2, 1]|[0, 3, 1, 2, 0, 0, 1, 1, 4, 1, 1, 4, 4, 4, 2, 2, 4, 2, 1, 1, 1, 1, 2, 1, 2, 1, 1, 1, 1, 4, 0, 3, 3, 0, 1, 1, 0, 3, 2, 2, 2, 2, 0, 1, 1, 0, 4, 0, 1, 2, 2, 1, 4, 0, 3, 2, 1, 2, 1, 2, 3, 1, 1, 3, 0, 4, 4, 1, 4, 3, 1, 2, 4, 1, 1, 1, 1, 1, 3, 1, 1, 1, 1, 1, 1, 1, 2, 1, 4, 3, 2, 2, 1, 2, 2, 0, 1, 1, 1, 4]|[1, 1, 1, 1, 3, 3, 0, 0, 0, 0, 0, 2, 0, 1, 0, 0, 3, 1, 0, 0, 0, 3, 1, 0, 2, 0, 0, 0, 1, 3, 0, 0, 0, 0, 1, 0, 0, 2, 1, 1, 1, 1, 0, 0, 0, 0, 2, 1, 0, 0, 0, 1, 3, 0, 0, 1, 0, 1, 0, 1, 2, 0, 0, 2, 1, 0, 2, 1, 1, 0, 3, 1, 3, 0, 0, 0, 2, 0, 0, 0, 0, 0, 1, 0, 0, 0, 1, 0, 0, 2, 1, 0, 1, 0, 0, 1, 1, 0, 0, 2],733.3116759547878,58140.55643565909,96674.14109675489,false
21,G4_BALANCED,G4_BALANCED,[31, 22, 82, 15, 26, 58, 95, 42, 77, 12, 47, 5, 93, 78, 86, 54, 85, 63, 18, 44, 20, 35, 43, 97, 66, 76, 79, 30, 21, 45, 71, 64, 1, 23, 17, 83, 24, 14, 60, 36, 6, 57, 40, 88, 65, 56, 10, 94, 67, 68, 46, 75, 38, 9, 19, 32, 41, 81, 27, 62, 87, 90, 99, 59, 11, 16, 72, 73, 69, 39, 37, 84, 3, 92, 98, 55, 28, 29, 51, 7, 91, 61, 25, 48, 89, 50, 4, 52, 53, 80, 8, 33, 34, 2, 96, 13, 0, 70, 74, 49]|[1, 1, 0, 1, 1, 0, 1, 2, 2, 1, 2, 2, 2, 1, 1, 0, 0, 1, 0, 2, 2, 0, 1, 2, 2, 1, 2, 2, 0, 0, 1, 2, 1, 2, 1, 0, 2, 0, 1, 1, 0, 1, 1, 1, 0, 2, 2, 1, 0, 0, 0, 0, 1, 1, 2, 1, 0, 2, 0, 0, 2, 1, 0, 1, 2, 1, 2, 1, 1, 1, 1, 1, 1, 0, 2, 2, 0, 0, 0, 1, 0, 1, 1, 0, 1, 0, 1, 1, 0, 0, 1, 2, 2, 0, 2, 0, 0, 1, 2, 0]|[4, 3, 2, 2, 4, 1, 2, 2, 2, 4, 1, 1, 2, 4, 4, 1, 2, 4, 2, 1, 1, 1, 1, 2, 1, 2, 1, 1, 1, 1, 3, 1, 3, 1, 4, 0, 1, 1, 0, 3, 2, 2, 2, 0, 1, 1, 1, 4, 0, 1, 2, 2, 1, 4, 0, 3, 1, 2, 1, 2, 1, 3, 1, 1, 1, 3, 0, 4, 3, 1, 4, 1, 1, 0, 1, 1, 2, 1, 1, 1, 1, 3, 4, 1, 1, 1, 4, 1, 2, 1, 3, 1, 1, 2, 1, 2, 2, 3, 1, 1]|[0, 2, 1, 1, 3, 0, 1, 0, 0, 0, 0, 0, 1, 0, 1, 0, 0, 3, 1, 0, 0, 0, 3, 1, 0, 2, 0, 0, 0, 1, 0, 0, 0, 0, 3, 0, 1, 0, 0, 2, 1, 1, 1, 0, 0, 0, 0, 2, 1, 0, 0, 0, 1, 3, 0, 0, 0, 1, 0, 1, 0, 2, 0, 1, 0, 2, 1, 0, 0, 1, 1, 3, 1, 1, 0, 0, 1, 0, 0, 2, 0, 0, 3, 0, 1, 0, 0, 1, 1, 0, 2, 0, 0, 0, 0, 0, 0, 0, 0, 1],749.836682488049,56554.129371230425,94435.12543297782,false
21,G2_TEC,G2_TEC,[31, 22, 82, 15, 26, 9, 95, 42, 77, 68, 47, 5, 93, 78, 86, 54, 85, 63, 18, 44, 20, 49, 36, 14, 74, 50, 53, 17, 21, 28, 71, 64, 3, 23, 30, 83, 24, 41, 40, 52, 65, 27, 90, 70, 39, 87, 48, 69, 99, 4, 46, 1, 13, 58, 97, 59, 45, 8, 73, 37, 35, 79, 11, 66, 76, 32, 60, 80, 96, 6, 16, 61, 19, 7, 57, 34, 12, 67, 10, 98, 56, 88, 29, 75, 91, 38, 33, 92, 2, 84, 51, 72, 81, 25, 43, 55, 62, 89, 94, 0]|[2, 1, 2, 1, 1, 2, 1, 1, 1, 1, 1, 0, 2, 2, 1, 2, 0, 0, 0, 2, 2, 1, 0, 2, 0, 2, 2, 1, 0, 1, 1, 1, 0, 0, 1, 0, 2, 1, 2, 2, 0, 0, 1, 1, 0, 2, 0, 2, 1, 0, 0, 2, 0, 0, 2, 0, 1, 1, 0, 0, 2, 1, 0, 2, 2, 0, 2, 2, 0, 1, 2, 1, 1, 2, 0, 1, 1, 1, 1, 2, 2, 1, 1, 0, 1, 0, 1, 0, 2, 0, 1, 1, 1, 1, 1, 0, 1, 1, 2, 0]|[0, 3, 0, 3, 4, 1, 4, 4, 2, 4, 3, 2, 1, 0, 2, 1, 1, 1, 2, 1, 1, 3, 0, 1, 0, 1, 1, 4, 1, 4, 3, 2, 2, 0, 4, 1, 1, 4, 0, 1, 2, 1, 4, 4, 1, 1, 0, 2, 3, 1, 2, 1, 2, 1, 1, 2, 4, 3, 0, 2, 2, 3, 1, 0, 1, 2, 0, 1, 2, 4, 1, 3, 4, 1, 2, 4, 3, 3, 3, 1, 1, 4, 3, 2, 3, 2, 4, 2, 1, 2, 3, 4, 4, 4, 4, 2, 3, 4, 1, 2]|[0, 2, 0, 0, 3, 0, 1, 3, 0, 0, 2, 0, 1, 0, 1, 0, 0, 0, 1, 0, 0, 2, 0, 0, 1, 0, 0, 3, 0, 1, 0, 2, 0, 0, 3, 0, 1, 3, 0, 0, 0, 0, 1, 3, 0, 0, 1, 0, 2, 0, 0, 0, 0, 0, 1, 0, 1, 0, 1, 1, 0, 2, 0, 0, 0, 0, 0, 0, 0, 2, 0, 0, 1, 0, 0, 1, 0, 0, 3, 0, 0, 1, 0, 0, 0, 0, 1, 0, 0, 0, 0, 2, 1, 3, 2, 0, 0, 1, 0, 0],890.9074744783937,50673.96227735626,113466.60083846681,false
21,G3_TWC,G1_CMAX,[31, 22, 82, 15, 26, 9, 42, 95, 77, 12, 47, 5, 93, 78, 86, 54, 85, 63, 18, 44, 20, 35, 43, 97, 91, 76, 10, 30, 21, 45, 71, 64, 1, 23, 17, 83, 24, 14, 60, 36, 6, 57, 94, 88, 65, 56, 79, 40, 67, 68, 46, 75, 38, 58, 19, 32, 81, 41, 27, 62, 87, 90, 99, 59, 11, 16, 72, 73, 69, 39, 37, 84, 3, 92, 25, 55, 28, 29, 51, 7, 33, 61, 98, 66, 89, 50, 8, 96, 53, 80, 4, 48, 34, 2, 52, 13, 0, 70, 49, 74]|[1, 1, 0, 1, 1, 1, 2, 1, 2, 1, 2, 2, 2, 1, 1, 0, 0, 1, 0, 2, 2, 0, 1, 2, 0, 1, 2, 2, 0, 0, 1, 2, 1, 2, 1, 0, 2, 0, 1, 1, 0, 1, 1, 1, 0, 2, 1, 1, 0, 0, 0, 0, 1, 1, 2, 1, 2, 0, 0, 0, 2, 1, 0, 1, 2, 1, 2, 1, 1, 1, 1, 1, 1, 0, 1, 2, 0, 0, 0, 1, 2, 1, 0, 2, 1, 0, 1, 0, 0, 0, 0, 0, 2, 0, 1, 0, 0, 1, 0, 2]|[4, 3, 2, 2, 0, 0, 2, 2, 2, 4, 1, 1, 2, 4, 4, 1, 2, 4, 2, 1, 1, 1, 1, 2, 1, 2, 1, 1, 1, 1, 3, 2, 3, 0, 4, 0, 1, 1, 0, 3, 2, 2, 2, 0, 1, 1, 0, 4, 0, 1, 2, 2, 1, 4, 0, 3, 2, 1, 1, 2, 1, 3, 1, 1, 1, 3, 0, 4, 3, 1, 4, 1, 1, 0, 4, 1, 2, 1, 1, 3, 1, 3, 1, 1, 1, 1, 3, 1, 2, 1, 2, 1, 1, 2, 1, 2, 2, 3, 1, 1]|[0, 2, 1, 1, 3, 3, 0, 1, 0, 0, 0, 0, 1, 0, 1, 0, 0, 3, 1, 0, 0, 0, 3, 1, 0, 2, 0, 0, 0, 1, 0, 0, 0, 0, 3, 0, 1, 0, 0, 2, 1, 1, 1, 0, 0, 0, 0, 2, 1, 0, 0, 0, 1, 3, 0, 0, 1, 0, 0, 1, 0, 2, 0, 1, 0, 2, 1, 0, 0, 1, 1, 3, 1, 1, 3, 0, 1, 0, 0, 2, 0, 0, 0, 0, 1, 0, 2, 0, 1, 0, 1, 0, 0, 0, 1, 0, 0, 0, 1, 0],801.427594812029,57868.49349465401,91455.85780813712,true
21,G1_CMAX,G1_CMAX,[31, 22, 82, 15, 26, 9, 42, 77, 12, 5, 47, 93, 78, 86, 54, 6, 63, 18, 44, 20, 35, 43, 97, 91, 76, 10, 30, 21, 45, 17, 23, 1, 71, 83, 24, 14, 60, 36, 85, 57, 40, 95, 88, 65, 56, 79, 94, 67, 68, 46, 75, 38, 58, 19, 32, 81, 41, 62, 87, 28, 90, 59, 11, 16, 72, 73, 69, 52, 37, 64, 84, 3, 25, 29, 55, 51, 7, 98, 61, 66, 99, 33, 89, 48, 50, 96, 53, 80, 4, 8, 27, 2, 39, 13, 0, 92, 49, 74, 34, 70]|[1, 1, 0, 1, 1, 1, 2, 2, 1, 2, 2, 1, 1, 1, 0, 0, 1, 0, 2, 2, 0, 1, 2, 2, 1, 2, 2, 0, 0, 1, 2, 1, 1, 0, 2, 0, 1, 1, 0, 1, 1, 1, 1, 0, 2, 1, 1, 0, 0, 0, 0, 1, 1, 2, 1, 2, 0, 0, 2, 0, 1, 2, 2, 1, 2, 1, 1, 1, 1, 1, 1, 2, 1, 0, 2, 0, 1, 2, 1, 0, 0, 2, 1, 0, 0, 2, 0, 0, 1, 1, 0, 0, 1, 0, 0, 0, 0, 2, 2, 1]|[0, 3, 1, 2, 0, 0, 1, 1, 4, 1, 1, 4, 4, 4, 2, 2, 4, 2, 1, 1, 1, 1, 2, 1, 2, 1, 1, 1, 1, 4, 0, 3, 3, 0, 1, 1, 0, 3, 2, 2, 2, 2, 0, 1, 1, 0, 4, 0, 1, 2, 2, 1, 4, 0, 3, 2, 1, 2, 1, 2, 3, 1, 1, 3, 0, 4, 4, 1, 4, 3, 1, 2, 4, 1, 1, 1, 1, 1, 3, 1, 1, 1, 1, 1, 1, 1, 2, 1, 4, 3, 2, 2, 1, 2, 2, 0, 1, 1, 1, 4]|[1, 1, 1, 1, 3, 3, 0, 0, 0, 0, 0, 2, 0, 1, 0, 0, 3, 1, 0, 0, 0, 3, 1, 0, 2, 0, 0, 0, 1, 3, 0, 0, 0, 0, 1, 0, 0, 2, 1, 1, 1, 1, 0, 0, 0, 0, 2, 1, 0, 0, 0, 1, 3, 0, 0, 1, 0, 1, 0, 1, 2, 0, 0, 2, 1, 0, 2, 1, 1, 0, 3, 1, 3, 0, 0, 0, 2, 0, 0, 0, 0, 0, 1, 0, 0, 0, 1, 0, 0, 2, 1, 0, 1, 0, 0, 1, 1, 0, 0, 2],733.3116759547878,58140.55643565909,96674.14109675489,false
21,G4_BALANCED,G3_TWC,[31, 22, 82, 15, 26, 58, 42, 95, 77, 12, 47, 5, 93, 78, 86, 54, 85, 63, 18, 44, 20, 35, 43, 97, 91, 76, 10, 30, 21, 45, 71, 64, 1, 23, 17, 83, 24, 14, 60, 36, 6, 57, 94, 88, 65, 56, 79, 40, 67, 68, 46, 38, 75, 9, 19, 32, 81, 41, 27, 62, 87, 90, 99, 59, 11, 16, 72, 73, 69, 39, 37, 84, 3, 92, 25, 55, 28, 29, 51, 50, 66, 61, 98, 33, 89, 7, 8, 96, 34, 53, 48, 4, 80, 2, 52, 0, 13, 70, 49, 74]|[1, 1, 0, 1, 1, 1, 2, 1, 2, 1, 2, 2, 2, 1, 1, 0, 0, 1, 0, 2, 2, 0, 1, 2, 0, 1, 2, 2, 0, 0, 1, 2, 1, 2, 1, 0, 2, 0, 1, 1, 0, 1, 1, 1, 0, 2, 1, 1, 0, 0, 0, 0, 1, 1, 2, 1, 2, 0, 0, 0, 2, 1, 0, 1, 2, 1, 2, 1, 1, 1, 1, 1, 1, 0, 1, 2, 0, 0, 0, 0, 2, 1, 0, 2, 1, 1, 1, 0, 2, 0, 0, 0, 0, 0, 1, 0, 0, 1, 0, 2]|[4, 3, 2, 2, 0, 0, 2, 2, 2, 4, 1, 1, 2, 4, 4, 1, 2, 4, 2, 1, 1, 1, 1, 2, 1, 2, 1, 1, 1, 1, 3, 1, 3, 1, 4, 0, 1, 1, 0, 3, 2, 2, 2, 0, 1, 1, 0, 4, 0, 1, 2, 2, 1, 4, 0, 3, 2, 1, 1, 2, 1, 3, 1, 1, 1, 3, 0, 4, 3, 1, 4, 1, 1, 0, 4, 1, 2, 1, 1, 1, 1, 3, 1, 1, 1, 1, 3, 1, 1, 2, 1, 2, 1, 2, 1, 2, 2, 3, 1, 1]|[0, 2, 1, 1, 3, 3, 0, 1, 0, 0, 0, 0, 1, 0, 1, 0, 0, 3, 1, 0, 0, 0, 3, 1, 0, 2, 0, 0, 0, 1, 0, 0, 0, 0, 3, 0, 1, 0, 0, 2, 1, 1, 1, 0, 0, 0, 0, 2, 1, 0, 0, 0, 1, 3, 0, 0, 1, 0, 0, 1, 0, 2, 0, 1, 0, 2, 1, 0, 0, 1, 1, 3, 1, 1, 3, 0, 1, 0, 0, 0, 0, 0, 0, 0, 1, 2, 2, 0, 0, 1, 0, 1, 0, 0, 1, 0, 0, 0, 1, 0],817.8171774350662,57488.932842606424,92319.26572358621,true
21,G2_TEC,G2_TEC,[31, 22, 82, 15, 26, 9, 95, 42, 77, 68, 47, 5, 93, 78, 86, 54, 85, 63, 18, 44, 20, 49, 36, 14, 74, 50, 53, 17, 21, 28, 71, 64, 3, 23, 30, 83, 24, 41, 40, 52, 65, 27, 90, 70, 39, 87, 48, 69, 99, 4, 46, 1, 13, 58, 97, 59, 45, 8, 73, 37, 35, 79, 11, 66, 76, 32, 60, 80, 96, 6, 16, 61, 19, 7, 57, 34, 12, 67, 10, 98, 56, 88, 29, 75, 91, 38, 33, 92, 2, 84, 51, 72, 81, 25, 43, 55, 62, 89, 94, 0]|[2, 1, 2, 1, 1, 2, 1, 1, 1, 1, 1, 0, 2, 2, 1, 2, 0, 0, 0, 2, 2, 1, 0, 2, 0, 2, 2, 1, 0, 1, 1, 1, 0, 0, 1, 0, 2, 1, 2, 2, 0, 0, 1, 1, 0, 2, 0, 2, 1, 0, 0, 2, 0, 0, 2, 0, 1, 1, 0, 0, 2, 1, 0, 2, 2, 0, 2, 2, 0, 1, 2, 1, 1, 2, 0, 1, 1, 1, 1, 2, 2, 1, 1, 0, 1, 0, 1, 0, 2, 0, 1, 1, 1, 1, 1, 0, 1, 1, 2, 0]|[0, 3, 0, 3, 4, 1, 4, 4, 2, 4, 3, 2, 1, 0, 2, 1, 1, 1, 2, 1, 1, 3, 0, 1, 0, 1, 1, 4, 1, 4, 3, 2, 2, 0, 4, 1, 1, 4, 0, 1, 2, 1, 4, 4, 1, 1, 0, 2, 3, 1, 2, 1, 2, 1, 1, 2, 4, 3, 0, 2, 2, 3, 1, 0, 1, 2, 0, 1, 2, 4, 1, 3, 4, 1, 2, 4, 3, 3, 3, 1, 1, 4, 3, 2, 3, 2, 4, 2, 1, 2, 3, 4, 4, 4, 4, 2, 3, 4, 1, 2]|[0, 2, 0, 0, 3, 0, 1, 3, 0, 0, 2, 0, 1, 0, 1, 0, 0, 0, 1, 0, 0, 2, 0, 0, 1, 0, 0, 3, 0, 1, 0, 2, 0, 0, 3, 0, 1, 3, 0, 0, 0, 0, 1, 3, 0, 0, 1, 0, 2, 0, 0, 0, 0, 0, 1, 0, 1, 0, 1, 1, 0, 2, 0, 0, 0, 0, 0, 0, 0, 2, 0, 0, 1, 0, 0, 1, 0, 0, 3, 0, 0, 1, 0, 0, 0, 0, 1, 0, 0, 0, 0, 2, 1, 3, 2, 0, 0, 1, 0, 0],890.9074744783937,50673.96227735626,113466.60083846681,false
21,G3_TWC,G1_CMAX,[31, 22, 82, 15, 26, 9, 42, 95, 77, 12, 47, 5, 93, 78, 86, 54, 85, 63, 18, 44, 20, 35, 43, 97, 91, 76, 10, 30, 21, 45, 71, 64, 1, 23, 17, 83, 24, 14, 60, 36, 6, 57, 94, 88, 65, 56, 79, 40, 67, 68, 46, 75, 38, 58, 19, 32, 81, 41, 27, 62, 87, 90, 99, 59, 11, 16, 72, 73, 69, 39, 37, 84, 3, 92, 25, 55, 28, 29, 51, 7, 33, 61, 98, 66, 89, 50, 8, 96, 53, 80, 4, 48, 34, 2, 52, 13, 0, 70, 49, 74]|[1, 1, 0, 1, 1, 1, 2, 1, 2, 1, 2, 2, 2, 1, 1, 0, 0, 1, 0, 2, 2, 0, 1, 2, 0, 1, 2, 2, 0, 0, 1, 2, 1, 2, 1, 0, 2, 0, 1, 1, 0, 1, 1, 1, 0, 2, 1, 1, 0, 0, 0, 0, 1, 1, 2, 1, 2, 0, 0, 0, 2, 1, 0, 1, 2, 1, 2, 1, 1, 1, 1, 1, 1, 0, 1, 2, 0, 0, 0, 1, 2, 1, 0, 2, 1, 0, 1, 0, 0, 0, 0, 0, 2, 0, 1, 0, 0, 1, 0, 2]|[4, 3, 2, 2, 0, 0, 2, 2, 2, 4, 1, 1, 2, 4, 4, 1, 2, 4, 2, 1, 1, 1, 1, 2, 1, 2, 1, 1, 1, 1, 3, 2, 3, 0, 4, 0, 1, 1, 0, 3, 2, 2, 2, 0, 1, 1, 0, 4, 0, 1, 2, 2, 1, 4, 0, 3, 2, 1, 1, 2, 1, 3, 1, 1, 1, 3, 0, 4, 3, 1, 4, 1, 1, 0, 4, 1, 2, 1, 1, 3, 1, 3, 1, 1, 1, 1, 3, 1, 2, 1, 2, 1, 1, 2, 1, 2, 2, 3, 1, 1]|[0, 2, 1, 1, 3, 3, 0, 1, 0, 0, 0, 0, 1, 0, 1, 0, 0, 3, 1, 0, 0, 0, 3, 1, 0, 2, 0, 0, 0, 1, 0, 0, 0, 0, 3, 0, 1, 0, 0, 2, 1, 1, 1, 0, 0, 0, 0, 2, 1, 0, 0, 0, 1, 3, 0, 0, 1, 0, 0, 1, 0, 2, 0, 1, 0, 2, 1, 0, 0, 1, 1, 3, 1, 1, 3, 0, 1, 0, 0, 2, 0, 0, 0, 0, 1, 0, 2, 0, 1, 0, 1, 0, 0, 0, 1, 0, 0, 0, 1, 0],801.427594812029,57868.49349465401,91455.85780813712,true
21,G1_CMAX,G1_CMAX,[31, 22, 82, 15, 26, 9, 42, 77, 12, 5, 47, 93, 78, 86, 54, 6, 63, 18, 44, 20, 35, 43, 97, 91, 76, 10, 30, 21, 45, 17, 23, 1, 71, 83, 24, 14, 60, 36, 85, 57, 40, 95, 88, 65, 56, 79, 94, 67, 68, 46, 75, 38, 58, 19, 32, 81, 41, 62, 87, 28, 90, 59, 11, 16, 72, 73, 69, 52, 37, 64, 84, 3, 25, 29, 55, 51, 7, 98, 61, 66, 99, 33, 89, 48, 50, 96, 53, 80, 4, 8, 27, 2, 39, 13, 0, 92, 49, 74, 34, 70]|[1, 1, 0, 1, 1, 1, 2, 2, 1, 2, 2, 1, 1, 1, 0, 0, 1, 0, 2, 2, 0, 1, 2, 2, 1, 2, 2, 0, 0, 1, 2, 1, 1, 0, 2, 0, 1, 1, 0, 1, 1, 1, 1, 0, 2, 1, 1, 0, 0, 0, 0, 1, 1, 2, 1, 2, 0, 0, 2, 0, 1, 2, 2, 1, 2, 1, 1, 1, 1, 1, 1, 2, 1, 0, 2, 0, 1, 2, 1, 0, 0, 2, 1, 0, 0, 2, 0, 0, 1, 1, 0, 0, 1, 0, 0, 0, 0, 2, 2, 1]|[0, 3, 1, 2, 0, 0, 1, 1, 4, 1, 1, 4, 4, 4, 2, 2, 4, 2, 1, 1, 1, 1, 2, 1, 2, 1, 1, 1, 1, 4, 0, 3, 3, 0, 1, 1, 0, 3, 2, 2, 2, 2, 0, 1, 1, 0, 4, 0, 1, 2, 2, 1, 4, 0, 3, 2, 1, 2, 1, 2, 3, 1, 1, 3, 0, 4, 4, 1, 4, 3, 1, 2, 4, 1, 1, 1, 1, 1, 3, 1, 1, 1, 1, 1, 1, 1, 2, 1, 4, 3, 2, 2, 1, 2, 2, 0, 1, 1, 1, 4]|[1, 1, 1, 1, 3, 3, 0, 0, 0, 0, 0, 2, 0, 1, 0, 0, 3, 1, 0, 0, 0, 3, 1, 0, 2, 0, 0, 0, 1, 3, 0, 0, 0, 0, 1, 0, 0, 2, 1, 1, 1, 1, 0, 0, 0, 0, 2, 1, 0, 0, 0, 1, 3, 0, 0, 1, 0, 1, 0, 1, 2, 0, 0, 2, 1, 0, 2, 1, 1, 0, 3, 1, 3, 0, 0, 0, 2, 0, 0, 0, 0, 0, 1, 0, 0, 0, 1, 0, 0, 2, 1, 0, 1, 0, 0, 1, 1, 0, 0, 2],733.3116759547878,58140.55643565909,96674.14109675489,false
21,G4_BALANCED,G3_TWC,[31, 22, 82, 15, 26, 58, 42, 95, 77, 12, 47, 5, 93, 78, 86, 54, 85, 63, 18, 44, 20, 35, 43, 97, 91, 76, 10, 30, 21, 45, 71, 64, 1, 23, 17, 83, 24, 14, 60, 36, 6, 57, 94, 88, 65, 56, 79, 40, 67, 68, 46, 38, 75, 9, 19, 32, 81, 41, 27, 62, 87, 90, 99, 59, 11, 16, 72, 73, 69, 39, 37, 84, 3, 92, 25, 55, 28, 29, 51, 50, 66, 61, 98, 33, 89, 7, 8, 96, 34, 53, 48, 4, 80, 2, 52, 0, 13, 70, 49, 74]|[1, 1, 0, 1, 1, 1, 2, 1, 2, 1, 2, 2, 2, 1, 1, 0, 0, 1, 0, 2, 2, 0, 1, 2, 0, 1, 2, 2, 0, 0, 1, 2, 1, 2, 1, 0, 2, 0, 1, 1, 0, 1, 1, 1, 0, 2, 1, 1, 0, 0, 0, 0, 1, 1, 2, 1, 2, 0, 0, 0, 2, 1, 0, 1, 2, 1, 2, 1, 1, 1, 1, 1, 1, 0, 1, 2, 0, 0, 0, 0, 2, 1, 0, 2, 1, 1, 1, 0, 2, 0, 0, 0, 0, 0, 1, 0, 0, 1, 0, 2]|[4, 3, 2, 2, 0, 0, 2, 2, 2, 4, 1, 1, 2, 4, 4, 1, 2, 4, 2, 1, 1, 1, 1, 2, 1, 2, 1, 1, 1, 1, 3, 1, 3, 1, 4, 0, 1, 1, 0, 3, 2, 2, 2, 0, 1, 1, 0, 4, 0, 1, 2, 2, 1, 4, 0, 3, 2, 1, 1, 2, 1, 3, 1, 1, 1, 3, 0, 4, 3, 1, 4, 1, 1, 0, 4, 1, 2, 1, 1, 1, 1, 3, 1, 1, 1, 1, 3, 1, 1, 2, 1, 2, 1, 2, 1, 2, 2, 3, 1, 1]|[0, 2, 1, 1, 3, 3, 0, 1, 0, 0, 0, 0, 1, 0, 1, 0, 0, 3, 1, 0, 0, 0, 3, 1, 0, 2, 0, 0, 0, 1, 0, 0, 0, 0, 3, 0, 1, 0, 0, 2, 1, 1, 1, 0, 0, 0, 0, 2, 1, 0, 0, 0, 1, 3, 0, 0, 1, 0, 0, 1, 0, 2, 0, 1, 0, 2, 1, 0, 0, 1, 1, 3, 1, 1, 3, 0, 1, 0, 0, 0, 0, 0, 0, 0, 1, 2, 2, 0, 0, 1, 0, 1, 0, 0, 1, 0, 0, 0, 1, 0],817.8171774350662,57488.932842606424,92319.26572358621,true
21,G2_TEC,G2_TEC,[31, 22, 82, 15, 26, 9, 95, 42, 77, 68, 47, 5, 93, 78, 86, 54, 85, 63, 18, 44, 20, 49, 36, 14, 74, 50, 53, 17, 21, 28, 71, 64, 3, 23, 30, 83, 24, 41, 40, 52, 65, 27, 90, 70, 39, 87, 48, 69, 99, 4, 46, 1, 13, 58, 97, 59, 45, 8, 73, 37, 35, 79, 11, 66, 76, 32, 60, 80, 96, 6, 16, 61, 19, 7, 57, 34, 12, 67, 10, 98, 56, 88, 29, 75, 91, 38, 33, 92, 2, 84, 51, 72, 81, 25, 43, 55, 62, 89, 94, 0]|[2, 1, 2, 1, 1, 2, 1, 1, 1, 1, 1, 0, 2, 2, 1, 2, 0, 0, 0, 2, 2, 1, 0, 2, 0, 2, 2, 1, 0, 1, 1, 1, 0, 0, 1, 0, 2, 1, 2, 2, 0, 0, 1, 1, 0, 2, 0, 2, 1, 0, 0, 2, 0, 0, 2, 0, 1, 1, 0, 0, 2, 1, 0, 2, 2, 0, 2, 2, 0, 1, 2, 1, 1, 2, 0, 1, 1, 1, 1, 2, 2, 1, 1, 0, 1, 0, 1, 0, 2, 0, 1, 1, 1, 1, 1, 0, 1, 1, 2, 0]|[0, 3, 0, 3, 4, 1, 4, 4, 2, 4, 3, 2, 1, 0, 2, 1, 1, 1, 2, 1, 1, 3, 0, 1, 0, 1, 1, 4, 1, 4, 3, 2, 2, 0, 4, 1, 1, 4, 0, 1, 2, 1, 4, 4, 1, 1, 0, 2, 3, 1, 2, 1, 2, 1, 1, 2, 4, 3, 0, 2, 2, 3, 1, 0, 1, 2, 0, 1, 2, 4, 1, 3, 4, 1, 2, 4, 3, 3, 3, 1, 1, 4, 3, 2, 3, 2, 4, 2, 1, 2, 3, 4, 4, 4, 4, 2, 3, 4, 1, 2]|[0, 2, 0, 0, 3, 0, 1, 3, 0, 0, 2, 0, 1, 0, 1, 0, 0, 0, 1, 0, 0, 2, 0, 0, 1, 0, 0, 3, 0, 1, 0, 2, 0, 0, 3, 0, 1, 3, 0, 0, 0, 0, 1, 3, 0, 0, 1, 0, 2, 0, 0, 0, 0, 0, 1, 0, 1, 0, 1, 1, 0, 2, 0, 0, 0, 0, 0, 0, 0, 2, 0, 0, 1, 0, 0, 1, 0, 0, 3, 0, 0, 1, 0, 0, 0, 0, 1, 0, 0, 0, 0, 2, 1, 3, 2, 0, 0, 1, 0, 0],890.9074744783937,50673.96227735626,113466.60083846681,false
21,G3_TWC,G1_CMAX,[31, 22, 82, 15, 26, 9, 42, 95, 77, 12, 47, 5, 93, 78, 86, 54, 85, 63, 18, 44, 20, 35, 43, 97, 91, 76, 10, 30, 21, 45, 71, 64, 1, 23, 17, 83, 24, 14, 60, 36, 6, 57, 94, 88, 65, 56, 79, 40, 67, 68, 46, 75, 38, 58, 19, 32, 81, 41, 27, 62, 87, 90, 99, 59, 11, 16, 72, 73, 69, 39, 37, 84, 3, 92, 25, 55, 28, 29, 51, 7, 33, 61, 98, 66, 89, 50, 8, 96, 53, 80, 4, 48, 34, 2, 52, 13, 0, 70, 49, 74]|[1, 1, 0, 1, 1, 1, 2, 1, 2, 1, 2, 2, 2, 1, 1, 0, 0, 1, 0, 2, 2, 0, 1, 2, 0, 1, 2, 2, 0, 0, 1, 2, 1, 2, 1, 0, 2, 0, 1, 1, 0, 1, 1, 1, 0, 2, 1, 1, 0, 0, 0, 0, 1, 1, 2, 1, 2, 0, 0, 0, 2, 1, 0, 1, 2, 1, 2, 1, 1, 1, 1, 1, 1, 0, 1, 2, 0, 0, 0, 1, 2, 1, 0, 2, 1, 0, 1, 0, 0, 0, 0, 0, 2, 0, 1, 0, 0, 1, 0, 2]|[4, 3, 2, 2, 0, 0, 2, 2, 2, 4, 1, 1, 2, 4, 4, 1, 2, 4, 2, 1, 1, 1, 1, 2, 1, 2, 1, 1, 1, 1, 3, 2, 3, 0, 4, 0, 1, 1, 0, 3, 2, 2, 2, 0, 1, 1, 0, 4, 0, 1, 2, 2, 1, 4, 0, 3, 2, 1, 1, 2, 1, 3, 1, 1, 1, 3, 0, 4, 3, 1, 4, 1, 1, 0, 4, 1, 2, 1, 1, 3, 1, 3, 1, 1, 1, 1, 3, 1, 2, 1, 2, 1, 1, 2, 1, 2, 2, 3, 1, 1]|[0, 2, 1, 1, 3, 3, 0, 1, 0, 0, 0, 0, 1, 0, 1, 0, 0, 3, 1, 0, 0, 0, 3, 1, 0, 2, 0, 0, 0, 1, 0, 0, 0, 0, 3, 0, 1, 0, 0, 2, 1, 1, 1, 0, 0, 0, 0, 2, 1, 0, 0, 0, 1, 3, 0, 0, 1, 0, 0, 1, 0, 2, 0, 1, 0, 2, 1, 0, 0, 1, 1, 3, 1, 1, 3, 0, 1, 0, 0, 2, 0, 0, 0, 0, 1, 0, 2, 0, 1, 0, 1, 0, 0, 0, 1, 0, 0, 0, 1, 0],801.427594812029,57868.49349465401,91455.85780813712,true
21,G1_CMAX,G1_CMAX,[31, 22, 82, 15, 26, 9, 42, 77, 12, 5, 47, 93, 78, 86, 54, 6, 63, 18, 44, 20, 35, 43, 97, 91, 76, 10, 30, 21, 45, 17, 23, 1, 71, 83, 24, 14, 60, 36, 85, 57, 40, 95, 88, 65, 56, 79, 94, 67, 68, 46, 75, 38, 58, 19, 32, 81, 41, 62, 87, 28, 90, 59, 11, 16, 72, 73, 69, 52, 37, 64, 84, 3, 25, 29, 55, 51, 7, 98, 61, 66, 99, 33, 89, 48, 50, 96, 53, 80, 4, 8, 27, 2, 39, 13, 0, 92, 49, 74, 34, 70]|[1, 1, 0, 1, 1, 1, 2, 2, 1, 2, 2, 1, 1, 1, 0, 0, 1, 0, 2, 2, 0, 1, 2, 2, 1, 2, 2, 0, 0, 1, 2, 1, 1, 0, 2, 0, 1, 1, 0, 1, 1, 1, 1, 0, 2, 1, 1, 0, 0, 0, 0, 1, 1, 2, 1, 2, 0, 0, 2, 0, 1, 2, 2, 1, 2, 1, 1, 1, 1, 1, 1, 2, 1, 0, 2, 0, 1, 2, 1, 0, 0, 2, 1, 0, 0, 2, 0, 0, 1, 1, 0, 0, 1, 0, 0, 0, 0, 2, 2, 1]|[0, 3, 1, 2, 0, 0, 1, 1, 4, 1, 1, 4, 4, 4, 2, 2, 4, 2, 1, 1, 1, 1, 2, 1, 2, 1, 1, 1, 1, 4, 0, 3, 3, 0, 1, 1, 0, 3, 2, 2, 2, 2, 0, 1, 1, 0, 4, 0, 1, 2, 2, 1, 4, 0, 3, 2, 1, 2, 1, 2, 3, 1, 1, 3, 0, 4, 4, 1, 4, 3, 1, 2, 4, 1, 1, 1, 1, 1, 3, 1, 1, 1, 1, 1, 1, 1, 2, 1, 4, 3, 2, 2, 1, 2, 2, 0, 1, 1, 1, 4]|[1, 1, 1, 1, 3, 3, 0, 0, 0, 0, 0, 2, 0, 1, 0, 0, 3, 1, 0, 0, 0, 3, 1, 0, 2, 0, 0, 0, 1, 3, 0, 0, 0, 0, 1, 0, 0, 2, 1, 1, 1, 1, 0, 0, 0, 0, 2, 1, 0, 0, 0, 1, 3, 0, 0, 1, 0, 1, 0, 1, 2, 0, 0, 2, 1, 0, 2, 1, 1, 0, 3, 1, 3, 0, 0, 0, 2, 0, 0, 0, 0, 0, 1, 0, 0, 0, 1, 0, 0, 2, 1, 0, 1, 0, 0, 1, 1, 0, 0, 2],733.3116759547878,58140.55643565909,96674.14109675489,false
21,G4_BALANCED,G3_TWC,[31, 22, 82, 15, 26, 58, 42, 95, 77, 12, 47, 5, 93, 78, 86, 54, 85, 63, 18, 44, 20, 35, 43, 97, 91, 76, 10, 30, 21, 45, 71, 64, 1, 23, 17, 83, 24, 14, 60, 36, 6, 57, 94, 88, 65, 56, 79, 40, 67, 68, 46, 38, 75, 9, 19, 32, 81, 41, 27, 62, 87, 90, 99, 59, 11, 16, 72, 73, 69, 39, 37, 84, 3, 92, 25, 55, 28, 29, 51, 50, 66, 61, 98, 33, 89, 7, 8, 96, 34, 53, 48, 4, 80, 2, 52, 0, 13, 70, 49, 74]|[1, 1, 0, 1, 1, 1, 2, 1, 2, 1, 2, 2, 2, 1, 1, 0, 0, 1, 0, 2, 2, 0, 1, 2, 0, 1, 2, 2, 0, 0, 1, 2, 1, 2, 1, 0, 2, 0, 1, 1, 0, 1, 1, 1, 0, 2, 1, 1, 0, 0, 0, 0, 1, 1, 2, 1, 2, 0, 0, 0, 2, 1, 0, 1, 2, 1, 2, 1, 1, 1, 1, 1, 1, 0, 1, 2, 0, 0, 0, 0, 2, 1, 0, 2, 1, 1, 1, 0, 2, 0, 0, 0, 0, 0, 1, 0, 0, 1, 0, 2]|[4, 3, 2, 2, 0, 0, 2, 2, 2, 4, 1, 1, 2, 4, 4, 1, 2, 4, 2, 1, 1, 1, 1, 2, 1, 2, 1, 1, 1, 1, 3, 1, 3, 1, 4, 0, 1, 1, 0, 3, 2, 2, 2, 0, 1, 1, 0, 4, 0, 1, 2, 2, 1, 4, 0, 3, 2, 1, 1, 2, 1, 3, 1, 1, 1, 3, 0, 4, 3, 1, 4, 1, 1, 0, 4, 1, 2, 1, 1, 1, 1, 3, 1, 1, 1, 1, 3, 1, 1, 2, 1, 2, 1, 2, 1, 2, 2, 3, 1, 1]|[0, 2, 1, 1, 3, 3, 0, 1, 0, 0, 0, 0, 1, 0, 1, 0, 0, 3, 1, 0, 0, 0, 3, 1, 0, 2, 0, 0, 0, 1, 0, 0, 0, 0, 3, 0, 1, 0, 0, 2, 1, 1, 1, 0, 0, 0, 0, 2, 1, 0, 0, 0, 1, 3, 0, 0, 1, 0, 0, 1, 0, 2, 0, 1, 0, 2, 1, 0, 0, 1, 1, 3, 1, 1, 3, 0, 1, 0, 0, 0, 0, 0, 0, 0, 1, 2, 2, 0, 0, 1, 0, 1, 0, 0, 1, 0, 0, 0, 1, 0],817.8171774350662,57488.932842606424,92319.26572358621,true
21,G2_TEC,G2_TEC,[31, 22, 82, 15, 26, 9, 95, 42, 77, 68, 47, 5, 93, 78, 86, 54, 85, 63, 18, 44, 20, 49, 36, 14, 74, 50, 53, 17, 21, 28, 71, 64, 3, 23, 30, 83, 24, 41, 40, 52, 65, 27, 90, 70, 39, 87, 48, 69, 99, 4, 46, 1, 13, 58, 97, 59, 45, 8, 73, 37, 35, 79, 11, 66, 76, 32, 60, 80, 96, 6, 16, 61, 19, 7, 57, 34, 12, 67, 10, 98, 56, 88, 29, 75, 91, 38, 33, 92, 2, 84, 51, 72, 81, 25, 43, 55, 62, 89, 94, 0]|[2, 1, 2, 1, 1, 2, 1, 1, 1, 1, 1, 0, 2, 2, 1, 2, 0, 0, 0, 2, 2, 1, 0, 2, 0, 2, 2, 1, 0, 1, 1, 1, 0, 0, 1, 0, 2, 1, 2, 2, 0, 0, 1, 1, 0, 2, 0, 2, 1, 0, 0, 2, 0, 0, 2, 0, 1, 1, 0, 0, 2, 1, 0, 2, 2, 0, 2, 2, 0, 1, 2, 1, 1, 2, 0, 1, 1, 1, 1, 2, 2, 1, 1, 0, 1, 0, 1, 0, 2, 0, 1, 1, 1, 1, 1, 0, 1, 1, 2, 0]|[0, 3, 0, 3, 4, 1, 4, 4, 2, 4, 3, 2, 1, 0, 2, 1, 1, 1, 2, 1, 1, 3, 0, 1, 0, 1, 1, 4, 1, 4, 3, 2, 2, 0, 4, 1, 1, 4, 0, 1, 2, 1, 4, 4, 1, 1, 0, 2, 3, 1, 2, 1, 2, 1, 1, 2, 4, 3, 0, 2, 2, 3, 1, 0, 1, 2, 0, 1, 2, 4, 1, 3, 4, 1, 2, 4, 3, 3, 3, 1, 1, 4, 3, 2, 3, 2, 4, 2, 1, 2, 3, 4, 4, 4, 4, 2, 3, 4, 1, 2]|[0, 2, 0, 0, 3, 0, 1, 3, 0, 0, 2, 0, 1, 0, 1, 0, 0, 0, 1, 0, 0, 2, 0, 0, 1, 0, 0, 3, 0, 1, 0, 2, 0, 0, 3, 0, 1, 3, 0, 0, 0, 0, 1, 3, 0, 0, 1, 0, 2, 0, 0, 0, 0, 0, 1, 0, 1, 0, 1, 1, 0, 2, 0, 0, 0, 0, 0, 0, 0, 2, 0, 0, 1, 0, 0, 1, 0, 0, 3, 0, 0, 1, 0, 0, 0, 0, 1, 0, 0, 0, 0, 2, 1, 3, 2, 0, 0, 1, 0, 0],890.9074744783937,50673.96227735626,113466.60083846681,false
21,G3_TWC,G1_CMAX,[31, 22, 82, 15, 26, 9, 42, 95, 77, 12, 47, 5, 93, 78, 86, 54, 85, 63, 18, 44, 20, 35, 43, 97, 91, 76, 10, 30, 21, 45, 71, 64, 1, 23, 17, 83, 24, 14, 60, 36, 6, 57, 94, 88, 65, 56, 79, 40, 67, 68, 46, 75, 38, 58, 19, 32, 81, 41, 27, 62, 87, 90, 99, 59, 11, 16, 72, 73, 69, 39, 37, 84, 3, 92, 25, 55, 28, 29, 51, 7, 33, 61, 98, 66, 89, 50, 8, 96, 53, 80, 4, 48, 34, 2, 52, 13, 0, 70, 49, 74]|[1, 1, 0, 1, 1, 1, 2, 1, 2, 1, 2, 2, 2, 1, 1, 0, 0, 1, 0, 2, 2, 0, 1, 2, 0, 1, 2, 2, 0, 0, 1, 2, 1, 2, 1, 0, 2, 0, 1, 1, 0, 1, 1, 1, 0, 2, 1, 1, 0, 0, 0, 0, 1, 1, 2, 1, 2, 0, 0, 0, 2, 1, 0, 1, 2, 1, 2, 1, 1, 1, 1, 1, 1, 0, 1, 2, 0, 0, 0, 1, 2, 1, 0, 2, 1, 0, 1, 0, 0, 0, 0, 0, 2, 0, 1, 0, 0, 1, 0, 2]|[4, 3, 2, 2, 0, 0, 2, 2, 2, 4, 1, 1, 2, 4, 4, 1, 2, 4, 2, 1, 1, 1, 1, 2, 1, 2, 1, 1, 1, 1, 3, 2, 3, 0, 4, 0, 1, 1, 0, 3, 2, 2, 2, 0, 1, 1, 0, 4, 0, 1, 2, 2, 1, 4, 0, 3, 2, 1, 1, 2, 1, 3, 1, 1, 1, 3, 0, 4, 3, 1, 4, 1, 1, 0, 4, 1, 2, 1, 1, 3, 1, 3, 1, 1, 1, 1, 3, 1, 2, 1, 2, 1, 1, 2, 1, 2, 2, 3, 1, 1]|[0, 2, 1, 1, 3, 3, 0, 1, 0, 0, 0, 0, 1, 0, 1, 0, 0, 3, 1, 0, 0, 0, 3, 1, 0, 2, 0, 0, 0, 1, 0, 0, 0, 0, 3, 0, 1, 0, 0, 2, 1, 1, 1, 0, 0, 0, 0, 2, 1, 0, 0, 0, 1, 3, 0, 0, 1, 0, 0, 1, 0, 2, 0, 1, 0, 2, 1, 0, 0, 1, 1, 3, 1, 1, 3, 0, 1, 0, 0, 2, 0, 0, 0, 0, 1, 0, 2, 0, 1, 0, 1, 0, 0, 0, 1, 0, 0, 0, 1, 0],801.427594812029,57868.49349465401,91455.85780813712,true
21,G1_CMAX,G1_CMAX,[31, 22, 82, 15, 26, 9, 42, 77, 12, 5, 47, 93, 78, 86, 54, 6, 63, 18, 44, 20, 35, 43, 97, 91, 76, 10, 30, 21, 45, 17, 23, 1, 71, 83, 24, 14, 60, 36, 85, 57, 40, 95, 88, 65, 56, 79, 94, 67, 68, 46, 75, 38, 58, 19, 32, 81, 41, 62, 87, 28, 90, 59, 11, 16, 72, 73, 69, 52, 37, 64, 84, 3, 25, 29, 55, 51, 7, 98, 61, 66, 99, 33, 89, 48, 50, 96, 53, 80, 4, 8, 27, 2, 39, 13, 0, 92, 49, 74, 34, 70]|[1, 1, 0, 1, 1, 1, 2, 2, 1, 2, 2, 1, 1, 1, 0, 0, 1, 0, 2, 2, 0, 1, 2, 2, 1, 2, 2, 0, 0, 1, 2, 1, 1, 0, 2, 0, 1, 1, 0, 1, 1, 1, 1, 0, 2, 1, 1, 0, 0, 0, 0, 1, 1, 2, 1, 2, 0, 0, 2, 0, 1, 2, 2, 1, 2, 1, 1, 1, 1, 1, 1, 2, 1, 0, 2, 0, 1, 2, 1, 0, 0, 2, 1, 0, 0, 2, 0, 0, 1, 1, 0, 0, 1, 0, 0, 0, 0, 2, 2, 1]|[0, 3, 1, 2, 0, 0, 1, 1, 4, 1, 1, 4, 4, 4, 2, 2, 4, 2, 1, 1, 1, 1, 2, 1, 2, 1, 1, 1, 1, 4, 0, 3, 3, 0, 1, 1, 0, 3, 2, 2, 2, 2, 0, 1, 1, 0, 4, 0, 1, 2, 2, 1, 4, 0, 3, 2, 1, 2, 1, 2, 3, 1, 1, 3, 0, 4, 4, 1, 4, 3, 1, 2, 4, 1, 1, 1, 1, 1, 3, 1, 1, 1, 1, 1, 1, 1, 2, 1, 4, 3, 2, 2, 1, 2, 2, 0, 1, 1, 1, 4]|[1, 1, 1, 1, 3, 3, 0, 0, 0, 0, 0, 2, 0, 1, 0, 0, 3, 1, 0, 0, 0, 3, 1, 0, 2, 0, 0, 0, 1, 3, 0, 0, 0, 0, 1, 0, 0, 2, 1, 1, 1, 1, 0, 0, 0, 0, 2, 1, 0, 0, 0, 1, 3, 0, 0, 1, 0, 1, 0, 1, 2, 0, 0, 2, 1, 0, 2, 1, 1, 0, 3, 1, 3, 0, 0, 0, 2, 0, 0, 0, 0, 0, 1, 0, 0, 0, 1, 0, 0, 2, 1, 0, 1, 0, 0, 1, 1, 0, 0, 2],733.3116759547878,58140.55643565909,96674.14109675489,false
21,G4_BALANCED,G3_TWC,[31, 22, 82, 15, 26, 58, 42, 95, 77, 12, 47, 5, 93, 78, 86, 54, 85, 63, 18, 44, 20, 35, 43, 97, 91, 76, 10, 30, 21, 45, 71, 64, 1, 23, 17, 83, 24, 14, 60, 36, 6, 57, 94, 88, 65, 56, 79, 40, 67, 68, 46, 38, 75, 9, 19, 32, 81, 41, 27, 62, 87, 90, 99, 59, 11, 16, 72, 73, 69, 39, 37, 84, 3, 92, 25, 55, 28, 29, 51, 50, 66, 61, 98, 33, 89, 7, 8, 96, 34, 53, 48, 4, 80, 2, 52, 0, 13, 70, 49, 74]|[1, 1, 0, 1, 1, 1, 2, 1, 2, 1, 2, 2, 2, 1, 1, 0, 0, 1, 0, 2, 2, 0, 1, 2, 0, 1, 2, 2, 0, 0, 1, 2, 1, 2, 1, 0, 2, 0, 1, 1, 0, 1, 1, 1, 0, 2, 1, 1, 0, 0, 0, 0, 1, 1, 2, 1, 2, 0, 0, 0, 2, 1, 0, 1, 2, 1, 2, 1, 1, 1, 1, 1, 1, 0, 1, 2, 0, 0, 0, 0, 2, 1, 0, 2, 1, 1, 1, 0, 2, 0, 0, 0, 0, 0, 1, 0, 0, 1, 0, 2]|[4, 3, 2, 2, 0, 0, 2, 2, 2, 4, 1, 1, 2, 4, 4, 1, 2, 4, 2, 1, 1, 1, 1, 2, 1, 2, 1, 1, 1, 1, 3, 1, 3, 1, 4, 0, 1, 1, 0, 3, 2, 2, 2, 0, 1, 1, 0, 4, 0, 1, 2, 2, 1, 4, 0, 3, 2, 1, 1, 2, 1, 3, 1, 1, 1, 3, 0, 4, 3, 1, 4, 1, 1, 0, 4, 1, 2, 1, 1, 1, 1, 3, 1, 1, 1, 1, 3, 1, 1, 2, 1, 2, 1, 2, 1, 2, 2, 3, 1, 1]|[0, 2, 1, 1, 3, 3, 0, 1, 0, 0, 0, 0, 1, 0, 1, 0, 0, 3, 1, 0, 0, 0, 3, 1, 0, 2, 0, 0, 0, 1, 0, 0, 0, 0, 3, 0, 1, 0, 0, 2, 1, 1, 1, 0, 0, 0, 0, 2, 1, 0, 0, 0, 1, 3, 0, 0, 1, 0, 0, 1, 0, 2, 0, 1, 0, 2, 1, 0, 0, 1, 1, 3, 1, 1, 3, 0, 1, 0, 0, 0, 0, 0, 0, 0, 1, 2, 2, 0, 0, 1, 0, 1, 0, 0, 1, 0, 0, 0, 1, 0],817.8171774350662,57488.932842606424,92319.26572358621,true
21,G2_TEC,G2_TEC,[31, 22, 82, 15, 26, 9, 95, 42, 77, 68, 47, 5, 93, 78, 86, 54, 85, 63, 18, 44, 20, 49, 36, 14, 74, 50, 53, 17, 21, 28, 71, 64, 3, 23, 30, 83, 24, 41, 40, 52, 65, 27, 90, 70, 39, 87, 48, 69, 99, 4, 46, 1, 13, 58, 97, 59, 45, 8, 73, 37, 35, 79, 11, 66, 76, 32, 60, 80, 96, 6, 16, 61, 19, 7, 57, 34, 12, 67, 10, 98, 56, 88, 29, 75, 91, 38, 33, 92, 2, 84, 51, 72, 81, 25, 43, 55, 62, 89, 94, 0]|[2, 1, 2, 1, 1, 2, 1, 1, 1, 1, 1, 0, 2, 2, 1, 2, 0, 0, 0, 2, 2, 1, 0, 2, 0, 2, 2, 1, 0, 1, 1, 1, 0, 0, 1, 0, 2, 1, 2, 2, 0, 0, 1, 1, 0, 2, 0, 2, 1, 0, 0, 2, 0, 0, 2, 0, 1, 1, 0, 0, 2, 1, 0, 2, 2, 0, 2, 2, 0, 1, 2, 1, 1, 2, 0, 1, 1, 1, 1, 2, 2, 1, 1, 0, 1, 0, 1, 0, 2, 0, 1, 1, 1, 1, 1, 0, 1, 1, 2, 0]|[0, 3, 0, 3, 4, 1, 4, 4, 2, 4, 3, 2, 1, 0, 2, 1, 1, 1, 2, 1, 1, 3, 0, 1, 0, 1, 1, 4, 1, 4, 3, 2, 2, 0, 4, 1, 1, 4, 0, 1, 2, 1, 4, 4, 1, 1, 0, 2, 3, 1, 2, 1, 2, 1, 1, 2, 4, 3, 0, 2, 2, 3, 1, 0, 1, 2, 0, 1, 2, 4, 1, 3, 4, 1, 2, 4, 3, 3, 3, 1, 1, 4, 3, 2, 3, 2, 4, 2, 1, 2, 3, 4, 4, 4, 4, 2, 3, 4, 1, 2]|[0, 2, 0, 0, 3, 0, 1, 3, 0, 0, 2, 0, 1, 0, 1, 0, 0, 0, 1, 0, 0, 2, 0, 0, 1, 0, 0, 3, 0, 1, 0, 2, 0, 0, 3, 0, 1, 3, 0, 0, 0, 0, 1, 3, 0, 0, 1, 0, 2, 0, 0, 0, 0, 0, 1, 0, 1, 0, 1, 1, 0, 2, 0, 0, 0, 0, 0, 0, 0, 2, 0, 0, 1, 0, 0, 1, 0, 0, 3, 0, 0, 1, 0, 0, 0, 0, 1, 0, 0, 0, 0, 2, 1, 3, 2, 0, 0, 1, 0, 0],890.9074744783937,50673.96227735626,113466.60083846681,false
21,G3_TWC,G1_CMAX,[31, 22, 82, 15, 26, 9, 42, 95, 77, 12, 47, 5, 93, 78, 86, 54, 85, 63, 18, 44, 20, 35, 43, 97, 91, 76, 10, 30, 21, 45, 71, 64, 1, 23, 17, 83, 24, 14, 60, 36, 6, 57, 94, 88, 65, 56, 79, 40, 67, 68, 46, 75, 38, 58, 19, 32, 81, 41, 27, 62, 87, 90, 99, 59, 11, 16, 72, 73, 69, 39, 37, 84, 3, 92, 25, 55, 28, 29, 51, 7, 33, 61, 98, 66, 89, 50, 8, 96, 53, 80, 4, 48, 34, 2, 52, 13, 0, 70, 49, 74]|[1, 1, 0, 1, 1, 1, 2, 1, 2, 1, 2, 2, 2, 1, 1, 0, 0, 1, 0, 2, 2, 0, 1, 2, 0, 1, 2, 2, 0, 0, 1, 2, 1, 2, 1, 0, 2, 0, 1, 1, 0, 1, 1, 1, 0, 2, 1, 1, 0, 0, 0, 0, 1, 1, 2, 1, 2, 0, 0, 0, 2, 1, 0, 1, 2, 1, 2, 1, 1, 1, 1, 1, 1, 0, 1, 2, 0, 0, 0, 1, 2, 1, 0, 2, 1, 0, 1, 0, 0, 0, 0, 0, 2, 0, 1, 0, 0, 1, 0, 2]|[4, 3, 2, 2, 0, 0, 2, 2, 2, 4, 1, 1, 2, 4, 4, 1, 2, 4, 2, 1, 1, 1, 1, 2, 1, 2, 1, 1, 1, 1, 3, 2, 3, 0, 4, 0, 1, 1, 0, 3, 2, 2, 2, 0, 1, 1, 0, 4, 0, 1, 2, 2, 1, 4, 0, 3, 2, 1, 1, 2, 1, 3, 1, 1, 1, 3, 0, 4, 3, 1, 4, 1, 1, 0, 4, 1, 2, 1, 1, 3, 1, 3, 1, 1, 1, 1, 3, 1, 2, 1, 2, 1, 1, 2, 1, 2, 2, 3, 1, 1]|[0, 2, 1, 1, 3, 3, 0, 1, 0, 0, 0, 0, 1, 0, 1, 0, 0, 3, 1, 0, 0, 0, 3, 1, 0, 2, 0, 0, 0, 1, 0, 0, 0, 0, 3, 0, 1, 0, 0, 2, 1, 1, 1, 0, 0, 0, 0, 2, 1, 0, 0, 0, 1, 3, 0, 0, 1, 0, 0, 1, 0, 2, 0, 1, 0, 2, 1, 0, 0, 1, 1, 3, 1, 1, 3, 0, 1, 0, 0, 2, 0, 0, 0, 0, 1, 0, 2, 0, 1, 0, 1, 0, 0, 0, 1, 0, 0, 0, 1, 0],801.427594812029,57868.49349465401,91455.85780813712,true
21,G1_CMAX,G1_CMAX,[31, 22, 82, 15, 26, 9, 42, 77, 12, 5, 47, 93, 78, 86, 54, 6, 63, 18, 44, 20, 35, 43, 97, 91, 76, 10, 30, 21, 45, 17, 23, 1, 71, 83, 24, 14, 60, 36, 85, 57, 40, 95, 88, 65, 56, 79, 94, 67, 68, 46, 75, 38, 58, 19, 32, 81, 41, 62, 87, 28, 90, 59, 11, 16, 72, 73, 69, 52, 37, 64, 84, 3, 25, 29, 55, 51, 7, 98, 61, 66, 99, 33, 89, 48, 50, 96, 53, 80, 4, 8, 27, 2, 39, 13, 0, 92, 49, 74, 34, 70]|[1, 1, 0, 1, 1, 1, 2, 2, 1, 2, 2, 1, 1, 1, 0, 0, 1, 0, 2, 2, 0, 1, 2, 2, 1, 2, 2, 0, 0, 1, 2, 1, 1, 0, 2, 0, 1, 1, 0, 1, 1, 1, 1, 0, 2, 1, 1, 0, 0, 0, 0, 1, 1, 2, 1, 2, 0, 0, 2, 0, 1, 2, 2, 1, 2, 1, 1, 1, 1, 1, 1, 2, 1, 0, 2, 0, 1, 2, 1, 0, 0, 2, 1, 0, 0, 2, 0, 0, 1, 1, 0, 0, 1, 0, 0, 0, 0, 2, 2, 1]|[0, 3, 1, 2, 0, 0, 1, 1, 4, 1, 1, 4, 4, 4, 2, 2, 4, 2, 1, 1, 1, 1, 2, 1, 2, 1, 1, 1, 1, 4, 0, 3, 3, 0, 1, 1, 0, 3, 2, 2, 2, 2, 0, 1, 1, 0, 4, 0, 1, 2, 2, 1, 4, 0, 3, 2, 1, 2, 1, 2, 3, 1, 1, 3, 0, 4, 4, 1, 4, 3, 1, 2, 4, 1, 1, 1, 1, 1, 3, 1, 1, 1, 1, 1, 1, 1, 2, 1, 4, 3, 2, 2, 1, 2, 2, 0, 1, 1, 1, 4]|[1, 1, 1, 1, 3, 3, 0, 0, 0, 0, 0, 2, 0, 1, 0, 0, 3, 1, 0, 0, 0, 3, 1, 0, 2, 0, 0, 0, 1, 3, 0, 0, 0, 0, 1, 0, 0, 2, 1, 1, 1, 1, 0, 0, 0, 0, 2, 1, 0, 0, 0, 1, 3, 0, 0, 1, 0, 1, 0, 1, 2, 0, 0, 2, 1, 0, 2, 1, 1, 0, 3, 1, 3, 0, 0, 0, 2, 0, 0, 0, 0, 0, 1, 0, 0, 0, 1, 0, 0, 2, 1, 0, 1, 0, 0, 1, 1, 0, 0, 2],733.3116759547878,58140.55643565909,96674.14109675489,false
21,G4_BALANCED,G3_TWC,[31, 22, 82, 15, 26, 58, 42, 95, 77, 12, 47, 5, 93, 78, 86, 54, 85, 63, 18, 44, 20, 35, 43, 97, 91, 76, 10, 30, 21, 45, 71, 64, 1, 23, 17, 83, 24, 14, 60, 36, 6, 57, 94, 88, 65, 56, 79, 40, 67, 68, 46, 38, 75, 9, 19, 32, 81, 41, 27, 62, 87, 90, 99, 59, 11, 16, 72, 73, 69, 39, 37, 84, 3, 92, 25, 55, 28, 29, 51, 50, 66, 61, 98, 33, 89, 7, 8, 96, 34, 53, 48, 4, 80, 2, 52, 0, 13, 70, 49, 74]|[1, 1, 0, 1, 1, 1, 2, 1, 2, 1, 2, 2, 2, 1, 1, 0, 0, 1, 0, 2, 2, 0, 1, 2, 0, 1, 2, 2, 0, 0, 1, 2, 1, 2, 1, 0, 2, 0, 1, 1, 0, 1, 1, 1, 0, 2, 1, 1, 0, 0, 0, 0, 1, 1, 2, 1, 2, 0, 0, 0, 2, 1, 0, 1, 2, 1, 2, 1, 1, 1, 1, 1, 1, 0, 1, 2, 0, 0, 0, 0, 2, 1, 0, 2, 1, 1, 1, 0, 2, 0, 0, 0, 0, 0, 1, 0, 0, 1, 0, 2]|[4, 3, 2, 2, 0, 0, 2, 2, 2, 4, 1, 1, 2, 4, 4, 1, 2, 4, 2, 1, 1, 1, 1, 2, 1, 2, 1, 1, 1, 1, 3, 1, 3, 1, 4, 0, 1, 1, 0, 3, 2, 2, 2, 0, 1, 1, 0, 4, 0, 1, 2, 2, 1, 4, 0, 3, 2, 1, 1, 2, 1, 3, 1, 1, 1, 3, 0, 4, 3, 1, 4, 1, 1, 0, 4, 1, 2, 1, 1, 1, 1, 3, 1, 1, 1, 1, 3, 1, 1, 2, 1, 2, 1, 2, 1, 2, 2, 3, 1, 1]|[0, 2, 1, 1, 3, 3, 0, 1, 0, 0, 0, 0, 1, 0, 1, 0, 0, 3, 1, 0, 0, 0, 3, 1, 0, 2, 0, 0, 0, 1, 0, 0, 0, 0, 3, 0, 1, 0, 0, 2, 1, 1, 1, 0, 0, 0, 0, 2, 1, 0, 0, 0, 1, 3, 0, 0, 1, 0, 0, 1, 0, 2, 0, 1, 0, 2, 1, 0, 0, 1, 1, 3, 1, 1, 3, 0, 1, 0, 0, 0, 0, 0, 0, 0, 1, 2, 2, 0, 0, 1, 0, 1, 0, 0, 1, 0, 0, 0, 1, 0],817.8171774350662,57488.932842606424,92319.26572358621,true
21,G2_TEC,G2_TEC,[31, 22, 82, 15, 26, 9, 95, 42, 77, 68, 47, 5, 93, 78, 86, 54, 85, 63, 18, 44, 20, 49, 36, 14, 74, 50, 53, 17, 21, 28, 71, 64, 3, 23, 30, 83, 24, 41, 40, 52, 65, 27, 90, 70, 39, 87, 48, 69, 99, 4, 46, 1, 13, 58, 97, 59, 45, 8, 73, 37, 35, 79, 11, 66, 76, 32, 60, 80, 96, 6, 16, 61, 19, 7, 57, 34, 12, 67, 10, 98, 56, 88, 29, 75, 91, 38, 33, 92, 2, 84, 51, 72, 81, 25, 43, 55, 62, 89, 94, 0]|[2, 1, 2, 1, 1, 2, 1, 1, 1, 1, 1, 0, 2, 2, 1, 2, 0, 0, 0, 2, 2, 1, 0, 2, 0, 2, 2, 1, 0, 1, 1, 1, 0, 0, 1, 0, 2, 1, 2, 2, 0, 0, 1, 1, 0, 2, 0, 2, 1, 0, 0, 2, 0, 0, 2, 0, 1, 1, 0, 0, 2, 1, 0, 2, 2, 0, 2, 2, 0, 1, 2, 1, 1, 2, 0, 1, 1, 1, 1, 2, 2, 1, 1, 0, 1, 0, 1, 0, 2, 0, 1, 1, 1, 1, 1, 0, 1, 1, 2, 0]|[0, 3, 0, 3, 4, 1, 4, 4, 2, 4, 3, 2, 1, 0, 2, 1, 1, 1, 2, 1, 1, 3, 0, 1, 0, 1, 1, 4, 1, 4, 3, 2, 2, 0, 4, 1, 1, 4, 0, 1, 2, 1, 4, 4, 1, 1, 0, 2, 3, 1, 2, 1, 2, 1, 1, 2, 4, 3, 0, 2, 2, 3, 1, 0, 1, 2, 0, 1, 2, 4, 1, 3, 4, 1, 2, 4, 3, 3, 3, 1, 1, 4, 3, 2, 3, 2, 4, 2, 1, 2, 3, 4, 4, 4, 4, 2, 3, 4, 1, 2]|[0, 2, 0, 0, 3, 0, 1, 3, 0, 0, 2, 0, 1, 0, 1, 0, 0, 0, 1, 0, 0, 2, 0, 0, 1, 0, 0, 3, 0, 1, 0, 2, 0, 0, 3, 0, 1, 3, 0, 0, 0, 0, 1, 3, 0, 0, 1, 0, 2, 0, 0, 0, 0, 0, 1, 0, 1, 0, 1, 1, 0, 2, 0, 0, 0, 0, 0, 0, 0, 2, 0, 0, 1, 0, 0, 1, 0, 0, 3, 0, 0, 1, 0, 0, 0, 0, 1, 0, 0, 0, 0, 2, 1, 3, 2, 0, 0, 1, 0, 0],890.9074744783937,50673.96227735626,113466.60083846681,false
21,G3_TWC,G1_CMAX,[31, 22, 82, 15, 26, 9, 42, 95, 77, 12, 47, 5, 93, 78, 86, 54, 85, 63, 18, 44, 20, 35, 43, 97, 91, 76, 10, 30, 21, 45, 71, 64, 1, 23, 17, 83, 24, 14, 60, 36, 6, 57, 94, 88, 65, 56, 79, 40, 67, 68, 46, 75, 38, 58, 19, 32, 81, 41, 27, 62, 87, 90, 99, 59, 11, 16, 72, 73, 69, 39, 37, 84, 3, 92, 25, 55, 28, 29, 51, 7, 33, 61, 98, 66, 89, 50, 8, 96, 53, 80, 4, 48, 34, 2, 52, 13, 0, 70, 49, 74]|[1, 1, 0, 1, 1, 1, 2, 1, 2, 1, 2, 2, 2, 1, 1, 0, 0, 1, 0, 2, 2, 0, 1, 2, 0, 1, 2, 2, 0, 0, 1, 2, 1, 2, 1, 0, 2, 0, 1, 1, 0, 1, 1, 1, 0, 2, 1, 1, 0, 0, 0, 0, 1, 1, 2, 1, 2, 0, 0, 0, 2, 1, 0, 1, 2, 1, 2, 1, 1, 1, 1, 1, 1, 0, 1, 2, 0, 0, 0, 1, 2, 1, 0, 2, 1, 0, 1, 0, 0, 0, 0, 0, 2, 0, 1, 0, 0, 1, 0, 2]|[4, 3, 2, 2, 0, 0, 2, 2, 2, 4, 1, 1, 2, 4, 4, 1, 2, 4, 2, 1, 1, 1, 1, 2, 1, 2, 1, 1, 1, 1, 3, 2, 3, 0, 4, 0, 1, 1, 0, 3, 2, 2, 2, 0, 1, 1, 0, 4, 0, 1, 2, 2, 1, 4, 0, 3, 2, 1, 1, 2, 1, 3, 1, 1, 1, 3, 0, 4, 3, 1, 4, 1, 1, 0, 4, 1, 2, 1, 1, 3, 1, 3, 1, 1, 1, 1, 3, 1, 2, 1, 2, 1, 1, 2, 1, 2, 2, 3, 1, 1]|[0, 2, 1, 1, 3, 3, 0, 1, 0, 0, 0, 0, 1, 0, 1, 0, 0, 3, 1, 0, 0, 0, 3, 1, 0, 2, 0, 0, 0, 1, 0, 0, 0, 0, 3, 0, 1, 0, 0, 2, 1, 1, 1, 0, 0, 0, 0, 2, 1, 0, 0, 0, 1, 3, 0, 0, 1, 0, 0, 1, 0, 2, 0, 1, 0, 2, 1, 0, 0, 1, 1, 3, 1, 1, 3, 0, 1, 0, 0, 2, 0, 0, 0, 0, 1, 0, 2, 0, 1, 0, 1, 0, 0, 0, 1, 0, 0, 0, 1, 0],801.427594812029,57868.49349465401,91455.85780813712,true
21,G1_CMAX,G1_CMAX,[31, 22, 82, 15, 26, 9, 42, 77, 12, 5, 47, 93, 78, 86, 54, 6, 63, 18, 44, 20, 35, 43, 97, 91, 76, 10, 30, 21, 45, 17, 23, 1, 71, 83, 24, 14, 60, 36, 85, 57, 40, 95, 88, 65, 56, 79, 94, 67, 68, 46, 75, 38, 58, 19, 32, 81, 41, 62, 87, 28, 90, 59, 11, 16, 72, 73, 69, 52, 37, 64, 84, 3, 25, 29, 55, 51, 7, 98, 61, 66, 99, 33, 89, 48, 50, 96, 53, 80, 4, 8, 27, 2, 39, 13, 0, 92, 49, 74, 34, 70]|[1, 1, 0, 1, 1, 1, 2, 2, 1, 2, 2, 1, 1, 1, 0, 0, 1, 0, 2, 2, 0, 1, 2, 2, 1, 2, 2, 0, 0, 1, 2, 1, 1, 0, 2, 0, 1, 1, 0, 1, 1, 1, 1, 0, 2, 1, 1, 0, 0, 0, 0, 1, 1, 2, 1, 2, 0, 0, 2, 0, 1, 2, 2, 1, 2, 1, 1, 1, 1, 1, 1, 2, 1, 0, 2, 0, 1, 2, 1, 0, 0, 2, 1, 0, 0, 2, 0, 0, 1, 1, 0, 0, 1, 0, 0, 0, 0, 2, 2, 1]|[0, 3, 1, 2, 0, 0, 1, 1, 4, 1, 1, 4, 4, 4, 2, 2, 4, 2, 1, 1, 1, 1, 2, 1, 2, 1, 1, 1, 1, 4, 0, 3, 3, 0, 1, 1, 0, 3, 2, 2, 2, 2, 0, 1, 1, 0, 4, 0, 1, 2, 2, 1, 4, 0, 3, 2, 1, 2, 1, 2, 3, 1, 1, 3, 0, 4, 4, 1, 4, 3, 1, 2, 4, 1, 1, 1, 1, 1, 3, 1, 1, 1, 1, 1, 1, 1, 2, 1, 4, 3, 2, 2, 1, 2, 2, 0, 1, 1, 1, 4]|[1, 1, 1, 1, 3, 3, 0, 0, 0, 0, 0, 2, 0, 1, 0, 0, 3, 1, 0, 0, 0, 3, 1, 0, 2, 0, 0, 0, 1, 3, 0, 0, 0, 0, 1, 0, 0, 2, 1, 1, 1, 1, 0, 0, 0, 0, 2, 1, 0, 0, 0, 1, 3, 0, 0, 1, 0, 1, 0, 1, 2, 0, 0, 2, 1, 0, 2, 1, 1, 0, 3, 1, 3, 0, 0, 0, 2, 0, 0, 0, 0, 0, 1, 0, 0, 0, 1, 0, 0, 2, 1, 0, 1, 0, 0, 1, 1, 0, 0, 2],733.3116759547878,58140.55643565909,96674.14109675489,false
21,G4_BALANCED,G3_TWC,[31, 22, 82, 15, 26, 58, 42, 95, 77, 12, 47, 5, 93, 78, 86, 54, 85, 63, 18, 44, 20, 35, 43, 97, 91, 76, 10, 30, 21, 45, 71, 64, 1, 23, 17, 83, 24, 14, 60, 36, 6, 57, 94, 88, 65, 56, 79, 40, 67, 68, 46, 38, 75, 9, 19, 32, 81, 41, 27, 62, 87, 90, 99, 59, 11, 16, 72, 73, 69, 39, 37, 84, 3, 92, 25, 55, 28, 29, 51, 50, 66, 61, 98, 33, 89, 7, 8, 96, 34, 53, 48, 4, 80, 2, 52, 0, 13, 70, 49, 74]|[1, 1, 0, 1, 1, 1, 2, 1, 2, 1, 2, 2, 2, 1, 1, 0, 0, 1, 0, 2, 2, 0, 1, 2, 0, 1, 2, 2, 0, 0, 1, 2, 1, 2, 1, 0, 2, 0, 1, 1, 0, 1, 1, 1, 0, 2, 1, 1, 0, 0, 0, 0, 1, 1, 2, 1, 2, 0, 0, 0, 2, 1, 0, 1, 2, 1, 2, 1, 1, 1, 1, 1, 1, 0, 1, 2, 0, 0, 0, 0, 2, 1, 0, 2, 1, 1, 1, 0, 2, 0, 0, 0, 0, 0, 1, 0, 0, 1, 0, 2]|[4, 3, 2, 2, 0, 0, 2, 2, 2, 4, 1, 1, 2, 4, 4, 1, 2, 4, 2, 1, 1, 1, 1, 2, 1, 2, 1, 1, 1, 1, 3, 1, 3, 1, 4, 0, 1, 1, 0, 3, 2, 2, 2, 0, 1, 1, 0, 4, 0, 1, 2, 2, 1, 4, 0, 3, 2, 1, 1, 2, 1, 3, 1, 1, 1, 3, 0, 4, 3, 1, 4, 1, 1, 0, 4, 1, 2, 1, 1, 1, 1, 3, 1, 1, 1, 1, 3, 1, 1, 2, 1, 2, 1, 2, 1, 2, 2, 3, 1, 1]|[0, 2, 1, 1, 3, 3, 0, 1, 0, 0, 0, 0, 1, 0, 1, 0, 0, 3, 1, 0, 0, 0, 3, 1, 0, 2, 0, 0, 0, 1, 0, 0, 0, 0, 3, 0, 1, 0, 0, 2, 1, 1, 1, 0, 0, 0, 0, 2, 1, 0, 0, 0, 1, 3, 0, 0, 1, 0, 0, 1, 0, 2, 0, 1, 0, 2, 1, 0, 0, 1, 1, 3, 1, 1, 3, 0, 1, 0, 0, 0, 0, 0, 0, 0, 1, 2, 2, 0, 0, 1, 0, 1, 0, 0, 1, 0, 0, 0, 1, 0],817.8171774350662,57488.932842606424,92319.26572358621,true
21,G2_TEC,G2_TEC,[31, 22, 82, 15, 26, 9, 95, 42, 77, 68, 47, 5, 93, 78, 86, 54, 85, 63, 18, 44, 20, 49, 36, 14, 74, 50, 53, 17, 21, 28, 71, 64, 3, 23, 30, 83, 24, 41, 40, 52, 65, 27, 90, 70, 39, 87, 48, 69, 99, 4, 46, 1, 13, 58, 97, 59, 45, 8, 73, 37, 35, 79, 11, 66, 76, 32, 60, 80, 96, 6, 16, 61, 19, 7, 57, 34, 12, 67, 10, 98, 56, 88, 29, 75, 91, 38, 33, 92, 2, 84, 51, 72, 81, 25, 43, 55, 62, 89, 94, 0]|[2, 1, 2, 1, 1, 2, 1, 1, 1, 1, 1, 0, 2, 2, 1, 2, 0, 0, 0, 2, 2, 1, 0, 2, 0, 2, 2, 1, 0, 1, 1, 1, 0, 0, 1, 0, 2, 1, 2, 2, 0, 0, 1, 1, 0, 2, 0, 2, 1, 0, 0, 2, 0, 0, 2, 0, 1, 1, 0, 0, 2, 1, 0, 2, 2, 0, 2, 2, 0, 1, 2, 1, 1, 2, 0, 1, 1, 1, 1, 2, 2, 1, 1, 0, 1, 0, 1, 0, 2, 0, 1, 1, 1, 1, 1, 0, 1, 1, 2, 0]|[0, 3, 0, 3, 4, 1, 4, 4, 2, 4, 3, 2, 1, 0, 2, 1, 1, 1, 2, 1, 1, 3, 0, 1, 0, 1, 1, 4, 1, 4, 3, 2, 2, 0, 4, 1, 1, 4, 0, 1, 2, 1, 4, 4, 1, 1, 0, 2, 3, 1, 2, 1, 2, 1, 1, 2, 4, 3, 0, 2, 2, 3, 1, 0, 1, 2, 0, 1, 2, 4, 1, 3, 4, 1, 2, 4, 3, 3, 3, 1, 1, 4, 3, 2, 3, 2, 4, 2, 1, 2, 3, 4, 4, 4, 4, 2, 3, 4, 1, 2]|[0, 2, 0, 0, 3, 0, 1, 3, 0, 0, 2, 0, 1, 0, 1, 0, 0, 0, 1, 0, 0, 2, 0, 0, 1, 0, 0, 3, 0, 1, 0, 2, 0, 0, 3, 0, 1, 3, 0, 0, 0, 0, 1, 3, 0, 0, 1, 0, 2, 0, 0, 0, 0, 0, 1, 0, 1, 0, 1, 1, 0, 2, 0, 0, 0, 0, 0, 0, 0, 2, 0, 0, 1, 0, 0, 1, 0, 0, 3, 0, 0, 1, 0, 0, 0, 0, 1, 0, 0, 0, 0, 2, 1, 3, 2, 0, 0, 1, 0, 0],890.9074744783937,50673.96227735626,113466.60083846681,false
21,G3_TWC,G1_CMAX,[31, 22, 82, 15, 26, 9, 42, 95, 77, 12, 47, 5, 93, 78, 86, 54, 85, 63, 18, 44, 20, 35, 43, 97, 91, 76, 10, 30, 21, 45, 71, 64, 1, 23, 17, 83, 24, 14, 60, 36, 6, 57, 94, 88, 65, 56, 79, 40, 67, 68, 46, 75, 38, 58, 19, 32, 81, 41, 27, 62, 87, 90, 99, 59, 11, 16, 72, 73, 69, 39, 37, 84, 3, 92, 25, 55, 28, 29, 51, 7, 33, 61, 98, 66, 89, 50, 8, 96, 53, 80, 4, 48, 34, 2, 52, 13, 0, 70, 49, 74]|[1, 1, 0, 1, 1, 1, 2, 1, 2, 1, 2, 2, 2, 1, 1, 0, 0, 1, 0, 2, 2, 0, 1, 2, 0, 1, 2, 2, 0, 0, 1, 2, 1, 2, 1, 0, 2, 0, 1, 1, 0, 1, 1, 1, 0, 2, 1, 1, 0, 0, 0, 0, 1, 1, 2, 1, 2, 0, 0, 0, 2, 1, 0, 1, 2, 1, 2, 1, 1, 1, 1, 1, 1, 0, 1, 2, 0, 0, 0, 1, 2, 1, 0, 2, 1, 0, 1, 0, 0, 0, 0, 0, 2, 0, 1, 0, 0, 1, 0, 2]|[4, 3, 2, 2, 0, 0, 2, 2, 2, 4, 1, 1, 2, 4, 4, 1, 2, 4, 2, 1, 1, 1, 1, 2, 1, 2, 1, 1, 1, 1, 3, 2, 3, 0, 4, 0, 1, 1, 0, 3, 2, 2, 2, 0, 1, 1, 0, 4, 0, 1, 2, 2, 1, 4, 0, 3, 2, 1, 1, 2, 1, 3, 1, 1, 1, 3, 0, 4, 3, 1, 4, 1, 1, 0, 4, 1, 2, 1, 1, 3, 1, 3, 1, 1, 1, 1, 3, 1, 2, 1, 2, 1, 1, 2, 1, 2, 2, 3, 1, 1]|[0, 2, 1, 1, 3, 3, 0, 1, 0, 0, 0, 0, 1, 0, 1, 0, 0, 3, 1, 0, 0, 0, 3, 1, 0, 2, 0, 0, 0, 1, 0, 0, 0, 0, 3, 0, 1, 0, 0, 2, 1, 1, 1, 0, 0, 0, 0, 2, 1, 0, 0, 0, 1, 3, 0, 0, 1, 0, 0, 1, 0, 2, 0, 1, 0, 2, 1, 0, 0, 1, 1, 3, 1, 1, 3, 0, 1, 0, 0, 2, 0, 0, 0, 0, 1, 0, 2, 0, 1, 0, 1, 0, 0, 0, 1, 0, 0, 0, 1, 0],801.427594812029,57868.49349465401,91455.85780813712,true
21,G1_CMAX,G1_CMAX,[31, 22, 82, 15, 26, 9, 42, 77, 12, 5, 47, 93, 78, 86, 54, 6, 63, 18, 44, 20, 35, 43, 97, 91, 76, 10, 30, 21, 45, 17, 23, 1, 71, 83, 24, 14, 60, 36, 85, 57, 40, 95, 88, 65, 56, 79, 94, 67, 68, 46, 75, 38, 58, 19, 32, 81, 41, 62, 87, 28, 90, 59, 11, 16, 72, 73, 69, 52, 37, 64, 84, 3, 25, 29, 55, 51, 7, 98, 61, 66, 99, 33, 89, 48, 50, 96, 53, 80, 4, 8, 27, 2, 39, 13, 0, 92, 49, 74, 34, 70]|[1, 1, 0, 1, 1, 1, 2, 2, 1, 2, 2, 1, 1, 1, 0, 0, 1, 0, 2, 2, 0, 1, 2, 2, 1, 2, 2, 0, 0, 1, 2, 1, 1, 0, 2, 0, 1, 1, 0, 1, 1, 1, 1, 0, 2, 1, 1, 0, 0, 0, 0, 1, 1, 2, 1, 2, 0, 0, 2, 0, 1, 2, 2, 1, 2, 1, 1, 1, 1, 1, 1, 2, 1, 0, 2, 0, 1, 2, 1, 0, 0, 2, 1, 0, 0, 2, 0, 0, 1, 1, 0, 0, 1, 0, 0, 0, 0, 2, 2, 1]|[0, 3, 1, 2, 0, 0, 1, 1, 4, 1, 1, 4, 4, 4, 2, 2, 4, 2, 1, 1, 1, 1, 2, 1, 2, 1, 1, 1, 1, 4, 0, 3, 3, 0, 1, 1, 0, 3, 2, 2, 2, 2, 0, 1, 1, 0, 4, 0, 1, 2, 2, 1, 4, 0, 3, 2, 1, 2, 1, 2, 3, 1, 1, 3, 0, 4, 4, 1, 4, 3, 1, 2, 4, 1, 1, 1, 1, 1, 3, 1, 1, 1, 1, 1, 1, 1, 2, 1, 4, 3, 2, 2, 1, 2, 2, 0, 1, 1, 1, 4]|[1, 1, 1, 1, 3, 3, 0, 0, 0, 0, 0, 2, 0, 1, 0, 0, 3, 1, 0, 0, 0, 3, 1, 0, 2, 0, 0, 0, 1, 3, 0, 0, 0, 0, 1, 0, 0, 2, 1, 1, 1, 1, 0, 0, 0, 0, 2, 1, 0, 0, 0, 1, 3, 0, 0, 1, 0, 1, 0, 1, 2, 0, 0, 2, 1, 0, 2, 1, 1, 0, 3, 1, 3, 0, 0, 0, 2, 0, 0, 0, 0, 0, 1, 0, 0, 0, 1, 0, 0, 2, 1, 0, 1, 0, 0, 1, 1, 0, 0, 2],733.3116759547878,58140.55643565909,96674.14109675489,false
21,G4_BALANCED,G4_BALANCED,[31, 22, 82, 15, 26, 9, 42, 77, 95, 12, 47, 5, 93, 78, 86, 54, 85, 63, 18, 44, 20, 35, 43, 97, 91, 76, 10, 30, 21, 45, 71, 64, 1, 23, 17, 83, 24, 14, 60, 36, 6, 57, 94, 88, 65, 56, 79, 40, 67, 68, 46, 75, 38, 58, 19, 32, 81, 41, 27, 62, 87, 90, 99, 59, 11, 16, 72, 73, 69, 39, 37, 84, 3, 92, 25, 55, 28, 29, 51, 7, 66, 61, 98, 48, 89, 50, 8, 96, 53, 80, 4, 33, 74, 49, 52, 0, 13, 70, 2, 34]|[1, 1, 0, 1, 1, 1, 2, 2, 1, 1, 2, 2, 2, 1, 1, 0, 0, 1, 0, 2, 2, 0, 1, 2, 0, 1, 2, 2, 0, 0, 1, 2, 1, 2, 1, 0, 2, 0, 1, 1, 0, 1, 1, 1, 0, 2, 1, 1, 0, 0, 0, 0, 1, 1, 2, 1, 2, 0, 0, 0, 2, 1, 0, 1, 2, 1, 2, 1, 1, 1, 1, 1, 1, 0, 1, 2, 0, 0, 0, 1, 2, 1, 0, 0, 1, 0, 0, 0, 0, 0, 0, 2, 2, 0, 1, 0, 0, 1, 0, 2]|[4, 3, 2, 2, 4, 0, 2, 2, 2, 3, 1, 1, 2, 4, 4, 1, 2, 4, 2, 1, 1, 1, 1, 2, 1, 2, 1, 1, 1, 1, 3, 2, 3, 0, 4, 0, 1, 1, 0, 3, 2, 2, 2, 0, 1, 1, 0, 4, 0, 1, 2, 2, 1, 4, 0, 3, 2, 1, 1, 2, 1, 3, 1, 1, 1, 3, 0, 4, 3, 1, 4, 1, 1, 2, 4, 1, 2, 1, 1, 1, 1, 3, 1, 1, 1, 1, 1, 1, 2, 1, 2, 1, 1, 1, 1, 2, 2, 3, 2, 1]|[0, 2, 1, 1, 3, 3, 0, 0, 1, 0, 0, 0, 1, 0, 1, 0, 0, 3, 1, 0, 0, 0, 3, 1, 0, 2, 0, 0, 0, 1, 0, 0, 0, 0, 3, 0, 1, 0, 0, 2, 1, 1, 1, 0, 0, 0, 0, 2, 1, 0, 0, 0, 1, 3, 0, 0, 1, 0, 0, 1, 0, 2, 0, 1, 0, 2, 1, 0, 0, 1, 1, 3, 1, 1, 3, 0, 1, 0, 0, 2, 0, 0, 0, 0, 1, 0, 0, 0, 1, 0, 1, 0, 0, 1, 1, 0, 0, 0, 0, 0],824.2773033379311,57761.372336350934,91691.97705135029,false
21,G2_TEC,G2_TEC,[31, 22, 82, 15, 26, 9, 95, 42, 77, 68, 47, 5, 93, 78, 86, 54, 85, 63, 18, 44, 20, 49, 36, 14, 74, 50, 53, 17, 21, 28, 71, 64, 3, 23, 30, 83, 24, 41, 40, 52, 65, 27, 90, 70, 39, 87, 48, 69, 99, 4, 46, 1, 13, 58, 97, 59, 45, 8, 73, 37, 35, 79, 11, 66, 76, 32, 60, 80, 96, 6, 16, 61, 19, 7, 57, 34, 12, 67, 10, 98, 56, 88, 29, 75, 91, 38, 33, 92, 2, 84, 51, 72, 81, 25, 43, 55, 62, 89, 94, 0]|[2, 1, 2, 1, 1, 2, 1, 1, 1, 1, 1, 0, 2, 2, 1, 2, 0, 0, 0, 2, 2, 1, 0, 2, 0, 2, 2, 1, 0, 1, 1, 1, 0, 0, 1, 0, 2, 1, 2, 2, 0, 0, 1, 1, 0, 2, 0, 2, 1, 0, 0, 2, 0, 0, 2, 0, 1, 1, 0, 0, 2, 1, 0, 2, 2, 0, 2, 2, 0, 1, 2, 1, 1, 2, 0, 1, 1, 1, 1, 2, 2, 1, 1, 0, 1, 0, 1, 0, 2, 0, 1, 1, 1, 1, 1, 0, 1, 1, 2, 0]|[0, 3, 0, 3, 4, 1, 4, 4, 2, 4, 3, 2, 1, 0, 2, 1, 1, 1, 2, 1, 1, 3, 0, 1, 0, 1, 1, 4, 1, 4, 3, 2, 2, 0, 4, 1, 1, 4, 0, 1, 2, 1, 4, 4, 1, 1, 0, 2, 3, 1, 2, 1, 2, 1, 1, 2, 4, 3, 0, 2, 2, 3, 1, 0, 1, 2, 0, 1, 2, 4, 1, 3, 4, 1, 2, 4, 3, 3, 3, 1, 1, 4, 3, 2, 3, 2, 4, 2, 1, 2, 3, 4, 4, 4, 4, 2, 3, 4, 1, 2]|[0, 2, 0, 0, 3, 0, 1, 3, 0, 0, 2, 0, 1, 0, 1, 0, 0, 0, 1, 0, 0, 2, 0, 0, 1, 0, 0, 3, 0, 1, 0, 2, 0, 0, 3, 0, 1, 3, 0, 0, 0, 0, 1, 3, 0, 0, 1, 0, 2, 0, 0, 0, 0, 0, 1, 0, 1, 0, 1, 1, 0, 2, 0, 0, 0, 0, 0, 0, 0, 2, 0, 0, 1, 0, 0, 1, 0, 0, 3, 0, 0, 1, 0, 0, 0, 0, 1, 0, 0, 0, 0, 2, 1, 3, 2, 0, 0, 1, 0, 0],890.9074744783937,50673.96227735626,113466.60083846681,false
21,G3_TWC,G1_CMAX,[31, 22, 82, 15, 26, 9, 42, 95, 77, 12, 47, 5, 93, 78, 86, 54, 85, 63, 18, 44, 20, 35, 43, 97, 91, 76, 10, 30, 21, 45, 71, 64, 1, 23, 17, 83, 24, 14, 60, 36, 6, 57, 94, 88, 65, 56, 79, 40, 67, 68, 46, 75, 38, 58, 19, 32, 81, 41, 27, 62, 87, 90, 99, 59, 11, 16, 72, 73, 69, 39, 37, 84, 3, 92, 25, 55, 28, 29, 51, 7, 33, 61, 98, 66, 89, 50, 8, 96, 53, 80, 4, 48, 34, 2, 52, 13, 0, 70, 49, 74]|[1, 1, 0, 1, 1, 1, 2, 1, 2, 1, 2, 2, 2, 1, 1, 0, 0, 1, 0, 2, 2, 0, 1, 2, 0, 1, 2, 2, 0, 0, 1, 2, 1, 2, 1, 0, 2, 0, 1, 1, 0, 1, 1, 1, 0, 2, 1, 1, 0, 0, 0, 0, 1, 1, 2, 1, 2, 0, 0, 0, 2, 1, 0, 1, 2, 1, 2, 1, 1, 1, 1, 1, 1, 0, 1, 2, 0, 0, 0, 1, 2, 1, 0, 2, 1, 0, 1, 0, 0, 0, 0, 0, 2, 0, 1, 0, 0, 1, 0, 2]|[4, 3, 2, 2, 0, 0, 2, 2, 2, 4, 1, 1, 2, 4, 4, 1, 2, 4, 2, 1, 1, 1, 1, 2, 1, 2, 1, 1, 1, 1, 3, 2, 3, 0, 4, 0, 1, 1, 0, 3, 2, 2, 2, 0, 1, 1, 0, 4, 0, 1, 2, 2, 1, 4, 0, 3, 2, 1, 1, 2, 1, 3, 1, 1, 1, 3, 0, 4, 3, 1, 4, 1, 1, 0, 4, 1, 2, 1, 1, 3, 1, 3, 1, 1, 1, 1, 3, 1, 2, 1, 2, 1, 1, 2, 1, 2, 2, 3, 1, 1]|[0, 2, 1, 1, 3, 3, 0, 1, 0, 0, 0, 0, 1, 0, 1, 0, 0, 3, 1, 0, 0, 0, 3, 1, 0, 2, 0, 0, 0, 1, 0, 0, 0, 0, 3, 0, 1, 0, 0, 2, 1, 1, 1, 0, 0, 0, 0, 2, 1, 0, 0, 0, 1, 3, 0, 0, 1, 0, 0, 1, 0, 2, 0, 1, 0, 2, 1, 0, 0, 1, 1, 3, 1, 1, 3, 0, 1, 0, 0, 2, 0, 0, 0, 0, 1, 0, 2, 0, 1, 0, 1, 0, 0, 0, 1, 0, 0, 0, 1, 0],801.427594812029,57868.49349465401,91455.85780813712,true
21,G1_CMAX,G1_CMAX,[31, 22, 82, 15, 26, 9, 42, 77, 12, 5, 47, 93, 78, 86, 54, 6, 63, 18, 44, 20, 35, 43, 97, 91, 76, 10, 30, 21, 45, 17, 23, 1, 71, 83, 24, 14, 60, 36, 85, 57, 40, 95, 88, 65, 56, 79, 94, 67, 68, 46, 75, 38, 58, 19, 32, 81, 41, 62, 87, 28, 90, 59, 11, 16, 72, 73, 69, 52, 37, 64, 84, 3, 25, 29, 55, 51, 7, 98, 61, 66, 99, 33, 89, 48, 50, 96, 53, 80, 4, 8, 27, 2, 39, 13, 0, 92, 49, 74, 34, 70]|[1, 1, 0, 1, 1, 1, 2, 2, 1, 2, 2, 1, 1, 1, 0, 0, 1, 0, 2, 2, 0, 1, 2, 2, 1, 2, 2, 0, 0, 1, 2, 1, 1, 0, 2, 0, 1, 1, 0, 1, 1, 1, 1, 0, 2, 1, 1, 0, 0, 0, 0, 1, 1, 2, 1, 2, 0, 0, 2, 0, 1, 2, 2, 1, 2, 1, 1, 1, 1, 1, 1, 2, 1, 0, 2, 0, 1, 2, 1, 0, 0, 2, 1, 0, 0, 2, 0, 0, 1, 1, 0, 0, 1, 0, 0, 0, 0, 2, 2, 1]|[0, 3, 1, 2, 0, 0, 1, 1, 4, 1, 1, 4, 4, 4, 2, 2, 4, 2, 1, 1, 1, 1, 2, 1, 2, 1, 1, 1, 1, 4, 0, 3, 3, 0, 1, 1, 0, 3, 2, 2, 2, 2, 0, 1, 1, 0, 4, 0, 1, 2, 2, 1, 4, 0, 3, 2, 1, 2, 1, 2, 3, 1, 1, 3, 0, 4, 4, 1, 4, 3, 1, 2, 4, 1, 1, 1, 1, 1, 3, 1, 1, 1, 1, 1, 1, 1, 2, 1, 4, 3, 2, 2, 1, 2, 2, 0, 1, 1, 1, 4]|[1, 1, 1, 1, 3, 3, 0, 0, 0, 0, 0, 2, 0, 1, 0, 0, 3, 1, 0, 0, 0, 3, 1, 0, 2, 0, 0, 0, 1, 3, 0, 0, 0, 0, 1, 0, 0, 2, 1, 1, 1, 1, 0, 0, 0, 0, 2, 1, 0, 0, 0, 1, 3, 0, 0, 1, 0, 1, 0, 1, 2, 0, 0, 2, 1, 0, 2, 1, 1, 0, 3, 1, 3, 0, 0, 0, 2, 0, 0, 0, 0, 0, 1, 0, 0, 0, 1, 0, 0, 2, 1, 0, 1, 0, 0, 1, 1, 0, 0, 2],733.3116759547878,58140.55643565909,96674.14109675489,false
21,G4_BALANCED,G4_BALANCED,[31, 22, 82, 15, 26, 9, 42, 77, 95, 12, 47, 5, 93, 78, 86, 54, 85, 63, 18, 44, 20, 35, 43, 97, 91, 76, 10, 30, 21, 45, 71, 64, 1, 23, 17, 83, 24, 14, 60, 36, 6, 57, 94, 88, 65, 56, 79, 40, 67, 68, 46, 75, 38, 58, 19, 32, 81, 41, 27, 62, 87, 90, 99, 59, 11, 16, 72, 73, 69, 39, 37, 84, 3, 92, 25, 55, 28, 29, 51, 7, 66, 61, 98, 48, 89, 50, 8, 96, 53, 80, 4, 33, 74, 49, 52, 0, 13, 70, 2, 34]|[1, 1, 0, 1, 1, 1, 2, 2, 1, 1, 2, 2, 2, 1, 1, 0, 0, 1, 0, 2, 2, 0, 1, 2, 0, 1, 2, 2, 0, 0, 1, 2, 1, 2, 1, 0, 2, 0, 1, 1, 0, 1, 1, 1, 0, 2, 1, 1, 0, 0, 0, 0, 1, 1, 2, 1, 2, 0, 0, 0, 2, 1, 0, 1, 2, 1, 2, 1, 1, 1, 1, 1, 1, 0, 1, 2, 0, 0, 0, 1, 2, 1, 0, 0, 1, 0, 0, 0, 0, 0, 0, 2, 2, 0, 1, 0, 0, 1, 0, 2]|[4, 3, 2, 2, 4, 0, 2, 2, 2, 3, 1, 1, 2, 4, 4, 1, 2, 4, 2, 1, 1, 1, 1, 2, 1, 2, 1, 1, 1, 1, 3, 2, 3, 0, 4, 0, 1, 1, 0, 3, 2, 2, 2, 0, 1, 1, 0, 4, 0, 1, 2, 2, 1, 4, 0, 3, 2, 1, 1, 2, 1, 3, 1, 1, 1, 3, 0, 4, 3, 1, 4, 1, 1, 2, 4, 1, 2, 1, 1, 1, 1, 3, 1, 1, 1, 1, 1, 1, 2, 1, 2, 1, 1, 1, 1, 2, 2, 3, 2, 1]|[0, 2, 1, 1, 3, 3, 0, 0, 1, 0, 0, 0, 1, 0, 1, 0, 0, 3, 1, 0, 0, 0, 3, 1, 0, 2, 0, 0, 0, 1, 0, 0, 0, 0, 3, 0, 1, 0, 0, 2, 1, 1, 1, 0, 0, 0, 0, 2, 1, 0, 0, 0, 1, 3, 0, 0, 1, 0, 0, 1, 0, 2, 0, 1, 0, 2, 1, 0, 0, 1, 1, 3, 1, 1, 3, 0, 1, 0, 0, 2, 0, 0, 0, 0, 1, 0, 0, 0, 1, 0, 1, 0, 0, 1, 1, 0, 0, 0, 0, 0],824.2773033379311,57761.372336350934,91691.97705135029,false
21,G2_TEC,G2_TEC,[31, 22, 82, 15, 26, 9, 95, 42, 77, 68, 47, 5, 93, 78, 86, 54, 85, 63, 18, 44, 20, 49, 36, 14, 74, 50, 53, 17, 21, 28, 71, 64, 3, 23, 30, 83, 24, 41, 40, 52, 65, 27, 90, 70, 39, 87, 48, 69, 99, 4, 46, 1, 13, 58, 97, 59, 45, 8, 73, 37, 35, 79, 11, 66, 76, 32, 60, 80, 96, 6, 16, 61, 19, 7, 57, 34, 12, 67, 10, 98, 56, 88, 29, 75, 91, 38, 33, 92, 2, 84, 51, 72, 81, 25, 43, 55, 62, 89, 94, 0]|[2, 1, 2, 1, 1, 2, 1, 1, 1, 1, 1, 0, 2, 2, 1, 2, 0, 0, 0, 2, 2, 1, 0, 2, 0, 2, 2, 1, 0, 1, 1, 1, 0, 0, 1, 0, 2, 1, 2, 2, 0, 0, 1, 1, 0, 2, 0, 2, 1, 0, 0, 2, 0, 0, 2, 0, 1, 1, 0, 0, 2, 1, 0, 2, 2, 0, 2, 2, 0, 1, 2, 1, 1, 2, 0, 1, 1, 1, 1, 2, 2, 1, 1, 0, 1, 0, 1, 0, 2, 0, 1, 1, 1, 1, 1, 0, 1, 1, 2, 0]|[0, 3, 0, 3, 4, 1, 4, 4, 2, 4, 3, 2, 1, 0, 2, 1, 1, 1, 2, 1, 1, 3, 0, 1, 0, 1, 1, 4, 1, 4, 3, 2, 2, 0, 4, 1, 1, 4, 0, 1, 2, 1, 4, 4, 1, 1, 0, 2, 3, 1, 2, 1, 2, 1, 1, 2, 4, 3, 0, 2, 2, 3, 1, 0, 1, 2, 0, 1, 2, 4, 1, 3, 4, 1, 2, 4, 3, 3, 3, 1, 1, 4, 3, 2, 3, 2, 4, 2, 1, 2, 3, 4, 4, 4, 4, 2, 3, 4, 1, 2]|[0, 2, 0, 0, 3, 0, 1, 3, 0, 0, 2, 0, 1, 0, 1, 0, 0, 0, 1, 0, 0, 2, 0, 0, 1, 0, 0, 3, 0, 1, 0, 2, 0, 0, 3, 0, 1, 3, 0, 0, 0, 0, 1, 3, 0, 0, 1, 0, 2, 0, 0, 0, 0, 0, 1, 0, 1, 0, 1, 1, 0, 2, 0, 0, 0, 0, 0, 0, 0, 2, 0, 0, 1, 0, 0, 1, 0, 0, 3, 0, 0, 1, 0, 0, 0, 0, 1, 0, 0, 0, 0, 2, 1, 3, 2, 0, 0, 1, 0, 0],890.9074744783937,50673.96227735626,113466.60083846681,false
21,G3_TWC,G4_BALANCED,[31, 22, 82, 15, 26, 9, 95, 42, 77, 68, 47, 5, 93, 78, 86, 54, 85, 63, 18, 44, 20, 49, 36, 14, 74, 50, 53, 17, 21, 28, 71, 64, 3, 23, 30, 83, 24, 41, 60, 52, 65, 27, 90, 70, 39, 87, 48, 69, 99, 4, 46, 1, 13, 58, 97, 59, 45, 8, 73, 37, 35, 79, 11, 66, 76, 32, 40, 80, 96, 6, 16, 61, 33, 7, 57, 34, 12, 67, 10, 98, 56, 88, 29, 19, 91, 38, 25, 92, 43, 84, 51, 72, 81, 75, 2, 89, 0, 94, 55, 62]|[2, 1, 2, 1, 1, 2, 1, 1, 1, 1, 1, 0, 2, 2, 1, 2, 0, 0, 0, 2, 2, 1, 0, 2, 0, 2, 2, 1, 0, 1, 1, 1, 0, 0, 1, 0, 2, 1, 2, 2, 0, 0, 1, 1, 0, 2, 0, 2, 1, 0, 0, 2, 0, 0, 2, 0, 1, 1, 0, 0, 2, 1, 0, 2, 2, 0, 2, 2, 0, 1, 2, 1, 1, 2, 0, 1, 1, 1, 1, 2, 2, 1, 1, 1, 1, 0, 1, 0, 1, 0, 1, 1, 1, 0, 2, 1, 0, 2, 0, 1]|[0, 3, 0, 2, 4, 1, 4, 4, 2, 4, 3, 2, 1, 0, 2, 1, 1, 1, 2, 1, 1, 3, 0, 1, 0, 1, 1, 4, 1, 4, 3, 2, 2, 0, 4, 1, 1, 4, 0, 1, 2, 1, 4, 4, 1, 1, 0, 2, 3, 1, 2, 1, 2, 1, 1, 2, 4, 3, 0, 2, 2, 3, 1, 0, 1, 2, 0, 1, 2, 4, 1, 3, 4, 1, 2, 4, 3, 3, 3, 1, 1, 4, 3, 4, 3, 2, 4, 2, 4, 2, 3, 4, 1, 2, 1, 4, 2, 1, 2, 3]|[0, 2, 0, 1, 3, 0, 1, 3, 0, 0, 2, 0, 1, 0, 1, 0, 0, 0, 1, 0, 0, 2, 0, 0, 1, 0, 0, 3, 0, 1, 0, 2, 0, 1, 3, 0, 1, 3, 1, 0, 0, 0, 1, 3, 0, 0, 1, 0, 2, 0, 0, 0, 0, 0, 1, 0, 1, 0, 1, 1, 0, 2, 0, 0, 0, 0, 0, 0, 0, 2, 0, 0, 1, 0, 0, 1, 0, 0, 3, 0, 0, 1, 0, 3, 0, 0, 3, 0, 2, 0, 0, 2, 1, 0, 0, 1, 0, 0, 0, 0],846.8144750940005,51920.29225482712,108304.49156813318,true
21,G1_CMAX,G1_CMAX,[31, 22, 82, 15, 26, 9, 42, 77, 12, 5, 47, 93, 78, 86, 54, 6, 63, 18, 44, 20, 35, 43, 97, 91, 76, 10, 30, 21, 45, 17, 23, 1, 71, 83, 24, 14, 60, 36, 85, 57, 40, 95, 88, 65, 56, 79, 94, 67, 68, 46, 75, 38, 58, 19, 32, 81, 41, 62, 87, 28, 90, 59, 11, 16, 72, 73, 69, 52, 37, 64, 84, 3, 25, 29, 55, 51, 7, 98, 61, 66, 99, 33, 89, 48, 50, 96, 53, 80, 4, 8, 27, 2, 39, 13, 0, 92, 49, 74, 34, 70]|[1, 1, 0, 1, 1, 1, 2, 2, 1, 2, 2, 1, 1, 1, 0, 0, 1, 0, 2, 2, 0, 1, 2, 2, 1, 2, 2, 0, 0, 1, 2, 1, 1, 0, 2, 0, 1, 1, 0, 1, 1, 1, 1, 0, 2, 1, 1, 0, 0, 0, 0, 1, 1, 2, 1, 2, 0, 0, 2, 0, 1, 2, 2, 1, 2, 1, 1, 1, 1, 1, 1, 2, 1, 0, 2, 0, 1, 2, 1, 0, 0, 2, 1, 0, 0, 2, 0, 0, 1, 1, 0, 0, 1, 0, 0, 0, 0, 2, 2, 1]|[0, 3, 1, 2, 0, 0, 1, 1, 4, 1, 1, 4, 4, 4, 2, 2, 4, 2, 1, 1, 1, 1, 2, 1, 2, 1, 1, 1, 1, 4, 0, 3, 3, 0, 1, 1, 0, 3, 2, 2, 2, 2, 0, 1, 1, 0, 4, 0, 1, 2, 2, 1, 4, 0, 3, 2, 1, 2, 1, 2, 3, 1, 1, 3, 0, 4, 4, 1, 4, 3, 1, 2, 4, 1, 1, 1, 1, 1, 3, 1, 1, 1, 1, 1, 1, 1, 2, 1, 4, 3, 2, 2, 1, 2, 2, 0, 1, 1, 1, 4]|[1, 1, 1, 1, 3, 3, 0, 0, 0, 0, 0, 2, 0, 1, 0, 0, 3, 1, 0, 0, 0, 3, 1, 0, 2, 0, 0, 0, 1, 3, 0, 0, 0, 0, 1, 0, 0, 2, 1, 1, 1, 1, 0, 0, 0, 0, 2, 1, 0, 0, 0, 1, 3, 0, 0, 1, 0, 1, 0, 1, 2, 0, 0, 2, 1, 0, 2, 1, 1, 0, 3, 1, 3, 0, 0, 0, 2, 0, 0, 0, 0, 0, 1, 0, 0, 0, 1, 0, 0, 2, 1, 0, 1, 0, 0, 1, 1, 0, 0, 2],733.3116759547878,58140.55643565909,96674.14109675489,false
21,G4_BALANCED,G4_BALANCED,[31, 11, 82, 15, 26, 9, 95, 42, 77, 68, 47, 5, 93, 78, 86, 54, 85, 63, 18, 44, 20, 49, 36, 14, 74, 50, 53, 17, 21, 45, 71, 64, 3, 23, 30, 83, 24, 41, 60, 52, 65, 27, 90, 70, 39, 87, 48, 69, 99, 4, 46, 1, 13, 58, 97, 59, 28, 75, 73, 37, 35, 79, 22, 66, 76, 32, 40, 80, 96, 6, 61, 16, 33, 7, 57, 34, 12, 67, 10, 98, 56, 88, 29, 25, 91, 38, 19, 92, 43, 84, 51, 72, 81, 8, 2, 55, 0, 62, 89, 94]|[2, 1, 2, 1, 1, 2, 1, 1, 1, 1, 1, 0, 2, 2, 1, 2, 0, 0, 0, 2, 2, 1, 0, 2, 0, 2, 2, 1, 0, 1, 1, 1, 0, 0, 1, 0, 2, 1, 2, 2, 0, 0, 1, 1, 0, 2, 0, 2, 1, 0, 0, 2, 0, 0, 2, 0, 1, 1, 0, 0, 2, 1, 0, 2, 2, 0, 2, 2, 0, 1, 1, 2, 1, 2, 0, 1, 1, 1, 1, 2, 2, 1, 1, 1, 1, 0, 1, 0, 1, 0, 1, 1, 1, 0, 2, 0, 0, 1, 1, 2]|[0, 3, 0, 2, 4, 1, 4, 4, 2, 4, 3, 2, 1, 0, 2, 1, 1, 1, 2, 1, 1, 3, 0, 1, 0, 1, 1, 4, 1, 4, 3, 2, 2, 0, 4, 1, 1, 4, 0, 1, 2, 1, 4, 4, 1, 1, 0, 2, 3, 1, 2, 1, 2, 1, 1, 2, 4, 3, 0, 2, 2, 3, 1, 0, 1, 2, 0, 1, 2, 4, 3, 1, 4, 1, 2, 4, 3, 3, 3, 1, 1, 4, 3, 4, 3, 2, 4, 2, 4, 2, 3, 4, 1, 2, 1, 2, 2, 3, 4, 1]|[0, 2, 0, 1, 3, 0, 1, 3, 0, 0, 2, 0, 1, 0, 1, 0, 0, 0, 1, 0, 0, 2, 0, 0, 1, 0, 0, 3, 0, 1, 0, 2, 0, 1, 3, 0, 1, 3, 0, 0, 0, 0, 1, 3, 0, 0, 1, 0, 2, 0, 0, 0, 0, 0, 1, 0, 1, 0, 1, 1, 0, 2, 0, 0, 0, 0, 0, 0, 0, 2, 0, 0, 1, 0, 0, 1, 0, 0, 3, 0, 0, 1, 0, 3, 0, 0, 3, 0, 2, 0, 0, 2, 1, 0, 0, 0, 0, 0, 1, 0],855.0393744413956,51684.66824914086,111484.00316030454,false
21,G2_TEC,G2_TEC,[31, 22, 82, 15, 26, 9, 95, 42, 77, 68, 47, 5, 93, 78, 86, 54, 85, 63, 18, 44, 20, 49, 36, 14, 74, 50, 53, 17, 21, 28, 71, 64, 3, 23, 30, 83, 24, 41, 40, 52, 65, 27, 90, 70, 39, 87, 48, 69, 99, 4, 46, 1, 13, 58, 97, 59, 45, 8, 73, 37, 35, 79, 11, 66, 76, 32, 60, 80, 96, 6, 16, 61, 19, 7, 57, 34, 12, 67, 10, 98, 56, 88, 29, 75, 91, 38, 33, 92, 2, 84, 51, 72, 81, 25, 43, 55, 62, 89, 94, 0]|[2, 1, 2, 1, 1, 2, 1, 1, 1, 1, 1, 0, 2, 2, 1, 2, 0, 0, 0, 2, 2, 1, 0, 2, 0, 2, 2, 1, 0, 1, 1, 1, 0, 0, 1, 0, 2, 1, 2, 2, 0, 0, 1, 1, 0, 2, 0, 2, 1, 0, 0, 2, 0, 0, 2, 0, 1, 1, 0, 0, 2, 1, 0, 2, 2, 0, 2, 2, 0, 1, 2, 1, 1, 2, 0, 1, 1, 1, 1, 2, 2, 1, 1, 0, 1, 0, 1, 0, 2, 0, 1, 1, 1, 1, 1, 0, 1, 1, 2, 0]|[0, 3, 0, 3, 4, 1, 4, 4, 2, 4, 3, 2, 1, 0, 2, 1, 1, 1, 2, 1, 1, 3, 0, 1, 0, 1, 1, 4, 1, 4, 3, 2, 2, 0, 4, 1, 1, 4, 0, 1, 2, 1, 4, 4, 1, 1, 0, 2, 3, 1, 2, 1, 2, 1, 1, 2, 4, 3, 0, 2, 2, 3, 1, 0, 1, 2, 0, 1, 2, 4, 1, 3, 4, 1, 2, 4, 3, 3, 3, 1, 1, 4, 3, 2, 3, 2, 4, 2, 1, 2, 3, 4, 4, 4, 4, 2, 3, 4, 1, 2]|[0, 2, 0, 0, 3, 0, 1, 3, 0, 0, 2, 0, 1, 0, 1, 0, 0, 0, 1, 0, 0, 2, 0, 0, 1, 0, 0, 3, 0, 1, 0, 2, 0, 0, 3, 0, 1, 3, 0, 0, 0, 0, 1, 3, 0, 0, 1, 0, 2, 0, 0, 0, 0, 0, 1, 0, 1, 0, 1, 1, 0, 2, 0, 0, 0, 0, 0, 0, 0, 2, 0, 0, 1, 0, 0, 1, 0, 0, 3, 0, 0, 1, 0, 0, 0, 0, 1, 0, 0, 0, 0, 2, 1, 3, 2, 0, 0, 1, 0, 0],890.9074744783937,50673.96227735626,113466.60083846681,false
21,G3_TWC,G1_CMAX,[31, 22, 82, 15, 26, 9, 42, 95, 77, 12, 47, 5, 93, 78, 86, 54, 85, 63, 18, 44, 20, 35, 43, 97, 91, 76, 10, 30, 21, 45, 71, 64, 1, 23, 17, 83, 24, 14, 60, 36, 6, 57, 94, 88, 65, 56, 79, 40, 67, 68, 46, 75, 38, 58, 19, 32, 81, 41, 27, 62, 87, 90, 99, 59, 11, 16, 72, 73, 69, 39, 37, 84, 3, 92, 25, 55, 28, 29, 51, 7, 33, 61, 98, 66, 89, 50, 8, 96, 53, 80, 4, 48, 34, 2, 52, 13, 0, 70, 49, 74]|[1, 1, 0, 1, 1, 1, 2, 1, 2, 1, 2, 2, 2, 1, 1, 0, 0, 1, 0, 2, 2, 0, 1, 2, 0, 1, 2, 2, 0, 0, 1, 2, 1, 2, 1, 0, 2, 0, 1, 1, 0, 1, 1, 1, 0, 2, 1, 1, 0, 0, 0, 0, 1, 1, 2, 1, 2, 0, 0, 0, 2, 1, 0, 1, 2, 1, 2, 1, 1, 1, 1, 1, 1, 0, 1, 2, 0, 0, 0, 1, 2, 1, 0, 2, 1, 0, 1, 0, 0, 0, 0, 0, 2, 0, 1, 0, 0, 1, 0, 2]|[4, 3, 2, 2, 0, 0, 2, 2, 2, 4, 1, 1, 2, 4, 4, 1, 2, 4, 2, 1, 1, 1, 1, 2, 1, 2, 1, 1, 1, 1, 3, 2, 3, 0, 4, 0, 1, 1, 0, 3, 2, 2, 2, 0, 1, 1, 0, 4, 0, 1, 2, 2, 1, 4, 0, 3, 2, 1, 1, 2, 1, 3, 1, 1, 1, 3, 0, 4, 3, 1, 4, 1, 1, 0, 4, 1, 2, 1, 1, 3, 1, 3, 1, 1, 1, 1, 3, 1, 2, 1, 2, 1, 1, 2, 1, 2, 2, 3, 1, 1]|[0, 2, 1, 1, 3, 3, 0, 1, 0, 0, 0, 0, 1, 0, 1, 0, 0, 3, 1, 0, 0, 0, 3, 1, 0, 2, 0, 0, 0, 1, 0, 0, 0, 0, 3, 0, 1, 0, 0, 2, 1, 1, 1, 0, 0, 0, 0, 2, 1, 0, 0, 0, 1, 3, 0, 0, 1, 0, 0, 1, 0, 2, 0, 1, 0, 2, 1, 0, 0, 1, 1, 3, 1, 1, 3, 0, 1, 0, 0, 2, 0, 0, 0, 0, 1, 0, 2, 0, 1, 0, 1, 0, 0, 0, 1, 0, 0, 0, 1, 0],801.427594812029,57868.49349465401,91455.85780813712,true
21,G1_CMAX,G1_CMAX,[31, 22, 82, 15, 26, 9, 42, 77, 12, 5, 47, 93, 78, 86, 54, 6, 63, 18, 44, 20, 35, 43, 97, 91, 76, 10, 30, 21, 45, 17, 23, 1, 71, 83, 24, 14, 60, 36, 85, 57, 40, 95, 88, 65, 56, 79, 94, 67, 68, 46, 75, 38, 58, 19, 32, 81, 41, 62, 87, 28, 90, 59, 11, 16, 72, 73, 69, 52, 37, 64, 84, 3, 25, 29, 55, 51, 7, 98, 61, 66, 99, 33, 89, 48, 50, 96, 53, 80, 4, 8, 27, 2, 39, 13, 0, 92, 49, 74, 34, 70]|[1, 1, 0, 1, 1, 1, 2, 2, 1, 2, 2, 1, 1, 1, 0, 0, 1, 0, 2, 2, 0, 1, 2, 2, 1, 2, 2, 0, 0, 1, 2, 1, 1, 0, 2, 0, 1, 1, 0, 1, 1, 1, 1, 0, 2, 1, 1, 0, 0, 0, 0, 1, 1, 2, 1, 2, 0, 0, 2, 0, 1, 2, 2, 1, 2, 1, 1, 1, 1, 1, 1, 2, 1, 0, 2, 0, 1, 2, 1, 0, 0, 2, 1, 0, 0, 2, 0, 0, 1, 1, 0, 0, 1, 0, 0, 0, 0, 2, 2, 1]|[0, 3, 1, 2, 0, 0, 1, 1, 4, 1, 1, 4, 4, 4, 2, 2, 4, 2, 1, 1, 1, 1, 2, 1, 2, 1, 1, 1, 1, 4, 0, 3, 3, 0, 1, 1, 0, 3, 2, 2, 2, 2, 0, 1, 1, 0, 4, 0, 1, 2, 2, 1, 4, 0, 3, 2, 1, 2, 1, 2, 3, 1, 1, 3, 0, 4, 4, 1, 4, 3, 1, 2, 4, 1, 1, 1, 1, 1, 3, 1, 1, 1, 1, 1, 1, 1, 2, 1, 4, 3, 2, 2, 1, 2, 2, 0, 1, 1, 1, 4]|[1, 1, 1, 1, 3, 3, 0, 0, 0, 0, 0, 2, 0, 1, 0, 0, 3, 1, 0, 0, 0, 3, 1, 0, 2, 0, 0, 0, 1, 3, 0, 0, 0, 0, 1, 0, 0, 2, 1, 1, 1, 1, 0, 0, 0, 0, 2, 1, 0, 0, 0, 1, 3, 0, 0, 1, 0, 1, 0, 1, 2, 0, 0, 2, 1, 0, 2, 1, 1, 0, 3, 1, 3, 0, 0, 0, 2, 0, 0, 0, 0, 0, 1, 0, 0, 0, 1, 0, 0, 2, 1, 0, 1, 0, 0, 1, 1, 0, 0, 2],733.3116759547878,58140.55643565909,96674.14109675489,false
21,G4_BALANCED,G4_BALANCED,[31, 11, 82, 15, 26, 9, 95, 42, 77, 68, 47, 5, 93, 78, 86, 54, 85, 63, 18, 44, 20, 49, 36, 14, 74, 50, 53, 17, 21, 45, 71, 64, 3, 23, 30, 83, 24, 41, 60, 52, 65, 27, 90, 70, 39, 87, 48, 69, 99, 4, 46, 1, 13, 58, 97, 59, 28, 75, 73, 37, 35, 79, 22, 66, 76, 32, 40, 80, 96, 6, 61, 16, 33, 7, 57, 34, 12, 67, 10, 98, 56, 88, 29, 25, 91, 38, 19, 92, 43, 84, 51, 72, 81, 8, 2, 55, 0, 62, 89, 94]|[2, 1, 2, 1, 1, 2, 1, 1, 1, 1, 1, 0, 2, 2, 1, 2, 0, 0, 0, 2, 2, 1, 0, 2, 0, 2, 2, 1, 0, 1, 1, 1, 0, 0, 1, 0, 2, 1, 2, 2, 0, 0, 1, 1, 0, 2, 0, 2, 1, 0, 0, 2, 0, 0, 2, 0, 1, 1, 0, 0, 2, 1, 0, 2, 2, 0, 2, 2, 0, 1, 1, 2, 1, 2, 0, 1, 1, 1, 1, 2, 2, 1, 1, 1, 1, 0, 1, 0, 1, 0, 1, 1, 1, 0, 2, 0, 0, 1, 1, 2]|[0, 3, 0, 2, 4, 1, 4, 4, 2, 4, 3, 2, 1, 0, 2, 1, 1, 1, 2, 1, 1, 3, 0, 1, 0, 1, 1, 4, 1, 4, 3, 2, 2, 0, 4, 1, 1, 4, 0, 1, 2, 1, 4, 4, 1, 1, 0, 2, 3, 1, 2, 1, 2, 1, 1, 2, 4, 3, 0, 2, 2, 3, 1, 0, 1, 2, 0, 1, 2, 4, 3, 1, 4, 1, 2, 4, 3, 3, 3, 1, 1, 4, 3, 4, 3, 2, 4, 2, 4, 2, 3, 4, 1, 2, 1, 2, 2, 3, 4, 1]|[0, 2, 0, 1, 3, 0, 1, 3, 0, 0, 2, 0, 1, 0, 1, 0, 0, 0, 1, 0, 0, 2, 0, 0, 1, 0, 0, 3, 0, 1, 0, 2, 0, 1, 3, 0, 1, 3, 0, 0, 0, 0, 1, 3, 0, 0, 1, 0, 2, 0, 0, 0, 0, 0, 1, 0, 1, 0, 1, 1, 0, 2, 0, 0, 0, 0, 0, 0, 0, 2, 0, 0, 1, 0, 0, 1, 0, 0, 3, 0, 0, 1, 0, 3, 0, 0, 3, 0, 2, 0, 0, 2, 1, 0, 0, 0, 0, 0, 1, 0],855.0393744413956,51684.66824914086,111484.00316030454,false
21,G2_TEC,G2_TEC,[31, 22, 82, 15, 26, 9, 95, 42, 77, 68, 47, 5, 93, 78, 86, 54, 85, 63, 18, 44, 20, 49, 36, 14, 74, 50, 53, 17, 21, 28, 71, 64, 3, 23, 30, 83, 24, 41, 40, 52, 65, 27, 90, 70, 39, 87, 48, 69, 99, 4, 46, 1, 13, 58, 97, 59, 45, 8, 73, 37, 35, 79, 11, 66, 76, 32, 60, 80, 96, 6, 16, 61, 19, 7, 57, 34, 12, 67, 10, 98, 56, 88, 29, 75, 91, 38, 33, 92, 2, 84, 51, 72, 81, 25, 43, 55, 62, 89, 94, 0]|[2, 1, 2, 1, 1, 2, 1, 1, 1, 1, 1, 0, 2, 2, 1, 2, 0, 0, 0, 2, 2, 1, 0, 2, 0, 2, 2, 1, 0, 1, 1, 1, 0, 0, 1, 0, 2, 1, 2, 2, 0, 0, 1, 1, 0, 2, 0, 2, 1, 0, 0, 2, 0, 0, 2, 0, 1, 1, 0, 0, 2, 1, 0, 2, 2, 0, 2, 2, 0, 1, 2, 1, 1, 2, 0, 1, 1, 1, 1, 2, 2, 1, 1, 0, 1, 0, 1, 0, 2, 0, 1, 1, 1, 1, 1, 0, 1, 1, 2, 0]|[0, 3, 0, 3, 4, 1, 4, 4, 2, 4, 3, 2, 1, 0, 2, 1, 1, 1, 2, 1, 1, 3, 0, 1, 0, 1, 1, 4, 1, 4, 3, 2, 2, 0, 4, 1, 1, 4, 0, 1, 2, 1, 4, 4, 1, 1, 0, 2, 3, 1, 2, 1, 2, 1, 1, 2, 4, 3, 0, 2, 2, 3, 1, 0, 1, 2, 0, 1, 2, 4, 1, 3, 4, 1, 2, 4, 3, 3, 3, 1, 1, 4, 3, 2, 3, 2, 4, 2, 1, 2, 3, 4, 4, 4, 4, 2, 3, 4, 1, 2]|[0, 2, 0, 0, 3, 0, 1, 3, 0, 0, 2, 0, 1, 0, 1, 0, 0, 0, 1, 0, 0, 2, 0, 0, 1, 0, 0, 3, 0, 1, 0, 2, 0, 0, 3, 0, 1, 3, 0, 0, 0, 0, 1, 3, 0, 0, 1, 0, 2, 0, 0, 0, 0, 0, 1, 0, 1, 0, 1, 1, 0, 2, 0, 0, 0, 0, 0, 0, 0, 2, 0, 0, 1, 0, 0, 1, 0, 0, 3, 0, 0, 1, 0, 0, 0, 0, 1, 0, 0, 0, 0, 2, 1, 3, 2, 0, 0, 1, 0, 0],890.9074744783937,50673.96227735626,113466.60083846681,false
21,G3_TWC,G1_CMAX,[31, 22, 82, 15, 26, 9, 42, 95, 77, 12, 47, 5, 93, 78, 86, 54, 85, 63, 18, 44, 20, 35, 43, 97, 91, 76, 10, 30, 21, 45, 71, 64, 1, 23, 17, 83, 24, 14, 60, 36, 6, 57, 94, 88, 65, 56, 79, 40, 67, 68, 46, 75, 38, 58, 19, 32, 81, 41, 27, 62, 87, 90, 99, 59, 11, 16, 72, 73, 69, 39, 37, 84, 3, 92, 25, 55, 28, 29, 51, 7, 33, 61, 98, 66, 89, 50, 8, 96, 53, 80, 4, 48, 34, 2, 52, 13, 0, 70, 49, 74]|[1, 1, 0, 1, 1, 1, 2, 1, 2, 1, 2, 2, 2, 1, 1, 0, 0, 1, 0, 2, 2, 0, 1, 2, 0, 1, 2, 2, 0, 0, 1, 2, 1, 2, 1, 0, 2, 0, 1, 1, 0, 1, 1, 1, 0, 2, 1, 1, 0, 0, 0, 0, 1, 1, 2, 1, 2, 0, 0, 0, 2, 1, 0, 1, 2, 1, 2, 1, 1, 1, 1, 1, 1, 0, 1, 2, 0, 0, 0, 1, 2, 1, 0, 2, 1, 0, 1, 0, 0, 0, 0, 0, 2, 0, 1, 0, 0, 1, 0, 2]|[4, 3, 2, 2, 0, 0, 2, 2, 2, 4, 1, 1, 2, 4, 4, 1, 2, 4, 2, 1, 1, 1, 1, 2, 1, 2, 1, 1, 1, 1, 3, 2, 3, 0, 4, 0, 1, 1, 0, 3, 2, 2, 2, 0, 1, 1, 0, 4, 0, 1, 2, 2, 1, 4, 0, 3, 2, 1, 1, 2, 1, 3, 1, 1, 1, 3, 0, 4, 3, 1, 4, 1, 1, 0, 4, 1, 2, 1, 1, 3, 1, 3, 1, 1, 1, 1, 3, 1, 2, 1, 2, 1, 1, 2, 1, 2, 2, 3, 1, 1]|[0, 2, 1, 1, 3, 3, 0, 1, 0, 0, 0, 0, 1, 0, 1, 0, 0, 3, 1, 0, 0, 0, 3, 1, 0, 2, 0, 0, 0, 1, 0, 0, 0, 0, 3, 0, 1, 0, 0, 2, 1, 1, 1, 0, 0, 0, 0, 2, 1, 0, 0, 0, 1, 3, 0, 0, 1, 0, 0, 1, 0, 2, 0, 1, 0, 2, 1, 0, 0, 1, 1, 3, 1, 1, 3, 0, 1, 0, 0, 2, 0, 0, 0, 0, 1, 0, 2, 0, 1, 0, 1, 0, 0, 0, 1, 0, 0, 0, 1, 0],801.427594812029,57868.49349465401,91455.85780813712,true
21,G1_CMAX,G1_CMAX,[31, 22, 82, 15, 26, 9, 42, 77, 12, 5, 47, 93, 78, 86, 54, 6, 63, 18, 44, 20, 35, 43, 97, 91, 76, 10, 30, 21, 45, 17, 23, 1, 71, 83, 24, 14, 60, 36, 85, 57, 40, 95, 88, 65, 56, 79, 94, 67, 68, 46, 75, 38, 58, 19, 32, 81, 41, 62, 87, 28, 90, 59, 11, 16, 72, 73, 69, 52, 37, 64, 84, 3, 25, 29, 55, 51, 7, 98, 61, 66, 99, 33, 89, 48, 50, 96, 53, 80, 4, 8, 27, 2, 39, 13, 0, 92, 49, 74, 34, 70]|[1, 1, 0, 1, 1, 1, 2, 2, 1, 2, 2, 1, 1, 1, 0, 0, 1, 0, 2, 2, 0, 1, 2, 2, 1, 2, 2, 0, 0, 1, 2, 1, 1, 0, 2, 0, 1, 1, 0, 1, 1, 1, 1, 0, 2, 1, 1, 0, 0, 0, 0, 1, 1, 2, 1, 2, 0, 0, 2, 0, 1, 2, 2, 1, 2, 1, 1, 1, 1, 1, 1, 2, 1, 0, 2, 0, 1, 2, 1, 0, 0, 2, 1, 0, 0, 2, 0, 0, 1, 1, 0, 0, 1, 0, 0, 0, 0, 2, 2, 1]|[0, 3, 1, 2, 0, 0, 1, 1, 4, 1, 1, 4, 4, 4, 2, 2, 4, 2, 1, 1, 1, 1, 2, 1, 2, 1, 1, 1, 1, 4, 0, 3, 3, 0, 1, 1, 0, 3, 2, 2, 2, 2, 0, 1, 1, 0, 4, 0, 1, 2, 2, 1, 4, 0, 3, 2, 1, 2, 1, 2, 3, 1, 1, 3, 0, 4, 4, 1, 4, 3, 1, 2, 4, 1, 1, 1, 1, 1, 3, 1, 1, 1, 1, 1, 1, 1, 2, 1, 4, 3, 2, 2, 1, 2, 2, 0, 1, 1, 1, 4]|[1, 1, 1, 1, 3, 3, 0, 0, 0, 0, 0, 2, 0, 1, 0, 0, 3, 1, 0, 0, 0, 3, 1, 0, 2, 0, 0, 0, 1, 3, 0, 0, 0, 0, 1, 0, 0, 2, 1, 1, 1, 1, 0, 0, 0, 0, 2, 1, 0, 0, 0, 1, 3, 0, 0, 1, 0, 1, 0, 1, 2, 0, 0, 2, 1, 0, 2, 1, 1, 0, 3, 1, 3, 0, 0, 0, 2, 0, 0, 0, 0, 0, 1, 0, 0, 0, 1, 0, 0, 2, 1, 0, 1, 0, 0, 1, 1, 0, 0, 2],733.3116759547878,58140.55643565909,96674.14109675489,false
21,G4_BALANCED,G4_BALANCED,[31, 22, 82, 15, 26, 58, 95, 42, 77, 12, 47, 5, 93, 78, 86, 54, 85, 63, 18, 44, 20, 35, 43, 97, 91, 76, 10, 30, 21, 45, 71, 64, 1, 23, 17, 83, 24, 14, 60, 36, 6, 57, 40, 88, 65, 56, 79, 94, 67, 41, 68, 75, 38, 9, 19, 32, 81, 55, 27, 62, 87, 90, 99, 59, 11, 16, 72, 73, 70, 39, 37, 84, 3, 92, 25, 46, 28, 29, 51, 50, 66, 61, 98, 48, 89, 7, 8, 96, 34, 53, 69, 4, 80, 2, 52, 0, 49, 33, 13, 74]|[1, 1, 0, 1, 1, 0, 2, 1, 2, 1, 2, 2, 2, 1, 1, 0, 0, 1, 0, 2, 2, 0, 1, 2, 0, 1, 2, 2, 0, 0, 1, 2, 1, 2, 1, 0, 2, 0, 1, 1, 0, 1, 1, 1, 0, 2, 1, 1, 0, 0, 0, 0, 1, 1, 2, 1, 2, 2, 0, 0, 2, 1, 0, 1, 2, 1, 2, 1, 1, 1, 1, 1, 1, 0, 1, 0, 0, 0, 0, 0, 2, 1, 2, 0, 1, 1, 0, 2, 2, 0, 1, 1, 0, 0, 1, 0, 0, 2, 0, 2]|[4, 3, 2, 2, 4, 1, 2, 2, 2, 4, 1, 1, 2, 4, 4, 1, 2, 4, 2, 1, 1, 1, 1, 2, 1, 2, 1, 1, 1, 1, 3, 2, 3, 1, 4, 0, 1, 1, 0, 3, 2, 2, 4, 0, 1, 1, 0, 2, 0, 1, 1, 2, 1, 4, 0, 3, 2, 1, 1, 2, 1, 3, 1, 1, 1, 3, 1, 4, 3, 1, 4, 1, 1, 0, 4, 2, 2, 1, 1, 1, 1, 3, 1, 1, 1, 3, 1, 1, 1, 2, 4, 4, 1, 2, 1, 2, 1, 1, 2, 1]|[0, 2, 1, 1, 3, 0, 0, 1, 0, 0, 0, 0, 1, 0, 1, 0, 0, 3, 1, 0, 0, 0, 3, 1, 0, 2, 0, 0, 0, 1, 0, 0, 0, 0, 3, 0, 1, 0, 0, 2, 1, 1, 2, 0, 0, 0, 0, 1, 1, 0, 0, 0, 1, 3, 0, 0, 1, 0, 0, 1, 0, 2, 0, 1, 0, 2, 0, 0, 0, 1, 1, 3, 1, 1, 3, 0, 1, 0, 0, 0, 0, 0, 0, 0, 1, 2, 0, 0, 0, 1, 2, 0, 0, 0, 1, 0, 1, 0, 0, 0],767.6900619842797,56175.82867208527,95328.18415931956,false
21,G2_TEC,G2_TEC,[31, 22, 82, 15, 26, 9, 95, 42, 77, 68, 47, 5, 93, 78, 86, 54, 85, 63, 18, 44, 20, 49, 36, 14, 74, 50, 53, 17, 21, 28, 71, 64, 3, 23, 30, 83, 24, 41, 40, 52, 65, 27, 90, 70, 39, 87, 48, 69, 99, 4, 46, 1, 13, 58, 97, 59, 45, 8, 73, 37, 35, 79, 11, 66, 76, 32, 60, 80, 96, 6, 16, 61, 19, 7, 57, 34, 12, 67, 10, 98, 56, 88, 29, 75, 91, 38, 33, 92, 2, 84, 51, 72, 81, 25, 43, 55, 62, 89, 94, 0]|[2, 1, 2, 1, 1, 2, 1, 1, 1, 1, 1, 0, 2, 2, 1, 2, 0, 0, 0, 2, 2, 1, 0, 2, 0, 2, 2, 1, 0, 1, 1, 1, 0, 0, 1, 0, 2, 1, 2, 2, 0, 0, 1, 1, 0, 2, 0, 2, 1, 0, 0, 2, 0, 0, 2, 0, 1, 1, 0, 0, 2, 1, 0, 2, 2, 0, 2, 2, 0, 1, 2, 1, 1, 2, 0, 1, 1, 1, 1, 2, 2, 1, 1, 0, 1, 0, 1, 0, 2, 0, 1, 1, 1, 1, 1, 0, 1, 1, 2, 0]|[0, 3, 0, 3, 4, 1, 4, 4, 2, 4, 3, 2, 1, 0, 2, 1, 1, 1, 2, 1, 1, 3, 0, 1, 0, 1, 1, 4, 1, 4, 3, 2, 2, 0, 4, 1, 1, 4, 0, 1, 2, 1, 4, 4, 1, 1, 0, 2, 3, 1, 2, 1, 2, 1, 1, 2, 4, 3, 0, 2, 2, 3, 1, 0, 1, 2, 0, 1, 2, 4, 1, 3, 4, 1, 2, 4, 3, 3, 3, 1, 1, 4, 3, 2, 3, 2, 4, 2, 1, 2, 3, 4, 4, 4, 4, 2, 3, 4, 1, 2]|[0, 2, 0, 0, 3, 0, 1, 3, 0, 0, 2, 0, 1, 0, 1, 0, 0, 0, 1, 0, 0, 2, 0, 0, 1, 0, 0, 3, 0, 1, 0, 2, 0, 0, 3, 0, 1, 3, 0, 0, 0, 0, 1, 3, 0, 0, 1, 0, 2, 0, 0, 0, 0, 0, 1, 0, 1, 0, 1, 1, 0, 2, 0, 0, 0, 0, 0, 0, 0, 2, 0, 0, 1, 0, 0, 1, 0, 0, 3, 0, 0, 1, 0, 0, 0, 0, 1, 0, 0, 0, 0, 2, 1, 3, 2, 0, 0, 1, 0, 0],890.9074744783937,50673.96227735626,113466.60083846681,false
21,G3_TWC,G1_CMAX,[31, 22, 82, 15, 26, 9, 42, 95, 77, 12, 47, 5, 93, 78, 86, 54, 85, 63, 18, 44, 20, 35, 43, 97, 91, 76, 10, 30, 21, 45, 71, 64, 1, 23, 17, 83, 24, 14, 60, 36, 6, 57, 94, 88, 65, 56, 79, 40, 67, 68, 46, 75, 38, 58, 19, 32, 81, 41, 27, 62, 87, 90, 99, 59, 11, 16, 72, 73, 69, 39, 37, 84, 3, 92, 25, 55, 28, 29, 51, 7, 33, 61, 98, 66, 89, 50, 8, 96, 53, 80, 4, 48, 34, 2, 52, 13, 0, 70, 49, 74]|[1, 1, 0, 1, 1, 1, 2, 1, 2, 1, 2, 2, 2, 1, 1, 0, 0, 1, 0, 2, 2, 0, 1, 2, 0, 1, 2, 2, 0, 0, 1, 2, 1, 2, 1, 0, 2, 0, 1, 1, 0, 1, 1, 1, 0, 2, 1, 1, 0, 0, 0, 0, 1, 1, 2, 1, 2, 0, 0, 0, 2, 1, 0, 1, 2, 1, 2, 1, 1, 1, 1, 1, 1, 0, 1, 2, 0, 0, 0, 1, 2, 1, 0, 2, 1, 0, 1, 0, 0, 0, 0, 0, 2, 0, 1, 0, 0, 1, 0, 2]|[4, 3, 2, 2, 0, 0, 2, 2, 2, 4, 1, 1, 2, 4, 4, 1, 2, 4, 2, 1, 1, 1, 1, 2, 1, 2, 1, 1, 1, 1, 3, 2, 3, 0, 4, 0, 1, 1, 0, 3, 2, 2, 2, 0, 1, 1, 0, 4, 0, 1, 2, 2, 1, 4, 0, 3, 2, 1, 1, 2, 1, 3, 1, 1, 1, 3, 0, 4, 3, 1, 4, 1, 1, 0, 4, 1, 2, 1, 1, 3, 1, 3, 1, 1, 1, 1, 3, 1, 2, 1, 2, 1, 1, 2, 1, 2, 2, 3, 1, 1]|[0, 2, 1, 1, 3, 3, 0, 1, 0, 0, 0, 0, 1, 0, 1, 0, 0, 3, 1, 0, 0, 0, 3, 1, 0, 2, 0, 0, 0, 1, 0, 0, 0, 0, 3, 0, 1, 0, 0, 2, 1, 1, 1, 0, 0, 0, 0, 2, 1, 0, 0, 0, 1, 3, 0, 0, 1, 0, 0, 1, 0, 2, 0, 1, 0, 2, 1, 0, 0, 1, 1, 3, 1, 1, 3, 0, 1, 0, 0, 2, 0, 0, 0, 0, 1, 0, 2, 0, 1, 0, 1, 0, 0, 0, 1, 0, 0, 0, 1, 0],801.427594812029,57868.49349465401,91455.85780813712,true
21,G1_CMAX,G1_CMAX,[31, 22, 82, 15, 26, 9, 42, 77, 12, 5, 47, 93, 78, 86, 54, 6, 63, 18, 44, 20, 35, 43, 97, 91, 76, 10, 30, 21, 45, 17, 23, 1, 71, 83, 24, 14, 60, 36, 85, 57, 40, 95, 88, 65, 56, 79, 94, 67, 68, 46, 75, 38, 58, 19, 32, 81, 41, 62, 87, 28, 90, 59, 11, 16, 72, 73, 69, 52, 37, 64, 84, 3, 25, 29, 55, 51, 7, 98, 61, 66, 99, 33, 89, 48, 50, 96, 53, 80, 4, 8, 27, 2, 39, 13, 0, 92, 49, 74, 34, 70]|[1, 1, 0, 1, 1, 1, 2, 2, 1, 2, 2, 1, 1, 1, 0, 0, 1, 0, 2, 2, 0, 1, 2, 2, 1, 2, 2, 0, 0, 1, 2, 1, 1, 0, 2, 0, 1, 1, 0, 1, 1, 1, 1, 0, 2, 1, 1, 0, 0, 0, 0, 1, 1, 2, 1, 2, 0, 0, 2, 0, 1, 2, 2, 1, 2, 1, 1, 1, 1, 1, 1, 2, 1, 0, 2, 0, 1, 2, 1, 0, 0, 2, 1, 0, 0, 2, 0, 0, 1, 1, 0, 0, 1, 0, 0, 0, 0, 2, 2, 1]|[0, 3, 1, 2, 0, 0, 1, 1, 4, 1, 1, 4, 4, 4, 2, 2, 4, 2, 1, 1, 1, 1, 2, 1, 2, 1, 1, 1, 1, 4, 0, 3, 3, 0, 1, 1, 0, 3, 2, 2, 2, 2, 0, 1, 1, 0, 4, 0, 1, 2, 2, 1, 4, 0, 3, 2, 1, 2, 1, 2, 3, 1, 1, 3, 0, 4, 4, 1, 4, 3, 1, 2, 4, 1, 1, 1, 1, 1, 3, 1, 1, 1, 1, 1, 1, 1, 2, 1, 4, 3, 2, 2, 1, 2, 2, 0, 1, 1, 1, 4]|[1, 1, 1, 1, 3, 3, 0, 0, 0, 0, 0, 2, 0, 1, 0, 0, 3, 1, 0, 0, 0, 3, 1, 0, 2, 0, 0, 0, 1, 3, 0, 0, 0, 0, 1, 0, 0, 2, 1, 1, 1, 1, 0, 0, 0, 0, 2, 1, 0, 0, 0, 1, 3, 0, 0, 1, 0, 1, 0, 1, 2, 0, 0, 2, 1, 0, 2, 1, 1, 0, 3, 1, 3, 0, 0, 0, 2, 0, 0, 0, 0, 0, 1, 0, 0, 0, 1, 0, 0, 2, 1, 0, 1, 0, 0, 1, 1, 0, 0, 2],733.3116759547878,58140.55643565909,96674.14109675489,false
21,G4_BALANCED,G4_BALANCED,[31, 22, 82, 15, 26, 58, 95, 42, 77, 12, 47, 5, 93, 78, 86, 54, 85, 63, 18, 44, 20, 35, 43, 97, 91, 76, 10, 30, 21, 45, 71, 64, 1, 23, 17, 83, 24, 14, 60, 36, 6, 57, 40, 88, 65, 56, 79, 94, 67, 41, 68, 75, 38, 9, 19, 32, 81, 55, 27, 62, 87, 90, 99, 59, 11, 16, 72, 73, 70, 39, 37, 84, 3, 92, 25, 46, 28, 29, 51, 50, 66, 61, 98, 48, 89, 7, 8, 96, 34, 53, 69, 4, 80, 2, 52, 0, 49, 33, 13, 74]|[1, 1, 0, 1, 1, 0, 2, 1, 2, 1, 2, 2, 2, 1, 1, 0, 0, 1, 0, 2, 2, 0, 1, 2, 0, 1, 2, 2, 0, 0, 1, 2, 1, 2, 1, 0, 2, 0, 1, 1, 0, 1, 1, 1, 0, 2, 1, 1, 0, 0, 0, 0, 1, 1, 2, 1, 2, 2, 0, 0, 2, 1, 0, 1, 2, 1, 2, 1, 1, 1, 1, 1, 1, 0, 1, 0, 0, 0, 0, 0, 2, 1, 2, 0, 1, 1, 0, 2, 2, 0, 1, 1, 0, 0, 1, 0, 0, 2, 0, 2]|[4, 3, 2, 2, 4, 1, 2, 2, 2, 4, 1, 1, 2, 4, 4, 1, 2, 4, 2, 1, 1, 1, 1, 2, 1, 2, 1, 1, 1, 1, 3, 2, 3, 1, 4, 0, 1, 1, 0, 3, 2, 2, 4, 0, 1, 1, 0, 2, 0, 1, 1, 2, 1, 4, 0, 3, 2, 1, 1, 2, 1, 3, 1, 1, 1, 3, 1, 4, 3, 1, 4, 1, 1, 0, 4, 2, 2, 1, 1, 1, 1, 3, 1, 1, 1, 3, 1, 1, 1, 2, 4, 4, 1, 2, 1, 2, 1, 1, 2, 1]|[0, 2, 1, 1, 3, 0, 0, 1, 0, 0, 0, 0, 1, 0, 1, 0, 0, 3, 1, 0, 0, 0, 3, 1, 0, 2, 0, 0, 0, 1, 0, 0, 0, 0, 3, 0, 1, 0, 0, 2, 1, 1, 2, 0, 0, 0, 0, 1, 1, 0, 0, 0, 1, 3, 0, 0, 1, 0, 0, 1, 0, 2, 0, 1, 0, 2, 0, 0, 0, 1, 1, 3, 1, 1, 3, 0, 1, 0, 0, 0, 0, 0, 0, 0, 1, 2, 0, 0, 0, 1, 2, 0, 0, 0, 1, 0, 1, 0, 0, 0],767.6900619842797,56175.82867208527,95328.18415931956,false
21,G2_TEC,G2_TEC,[31, 22, 82, 15, 26, 9, 95, 42, 77, 68, 47, 5, 93, 78, 86, 54, 85, 63, 18, 44, 20, 49, 36, 14, 74, 50, 53, 17, 21, 28, 71, 64, 3, 23, 30, 83, 24, 41, 40, 52, 65, 27, 90, 70, 39, 87, 48, 69, 99, 4, 46, 1, 13, 58, 97, 59, 45, 8, 73, 37, 35, 79, 11, 66, 76, 32, 60, 80, 96, 6, 16, 61, 19, 7, 57, 34, 12, 67, 10, 98, 56, 88, 29, 75, 91, 38, 33, 92, 2, 84, 51, 72, 81, 25, 43, 55, 62, 89, 94, 0]|[2, 1, 2, 1, 1, 2, 1, 1, 1, 1, 1, 0, 2, 2, 1, 2, 0, 0, 0, 2, 2, 1, 0, 2, 0, 2, 2, 1, 0, 1, 1, 1, 0, 0, 1, 0, 2, 1, 2, 2, 0, 0, 1, 1, 0, 2, 0, 2, 1, 0, 0, 2, 0, 0, 2, 0, 1, 1, 0, 0, 2, 1, 0, 2, 2, 0, 2, 2, 0, 1, 2, 1, 1, 2, 0, 1, 1, 1, 1, 2, 2, 1, 1, 0, 1, 0, 1, 0, 2, 0, 1, 1, 1, 1, 1, 0, 1, 1, 2, 0]|[0, 3, 0, 3, 4, 1, 4, 4, 2, 4, 3, 2, 1, 0, 2, 1, 1, 1, 2, 1, 1, 3, 0, 1, 0, 1, 1, 4, 1, 4, 3, 2, 2, 0, 4, 1, 1, 4, 0, 1, 2, 1, 4, 4, 1, 1, 0, 2, 3, 1, 2, 1, 2, 1, 1, 2, 4, 3, 0, 2, 2, 3, 1, 0, 1, 2, 0, 1, 2, 4, 1, 3, 4, 1, 2, 4, 3, 3, 3, 1, 1, 4, 3, 2, 3, 2, 4, 2, 1, 2, 3, 4, 4, 4, 4, 2, 3, 4, 1, 2]|[0, 2, 0, 0, 3, 0, 1, 3, 0, 0, 2, 0, 1, 0, 1, 0, 0, 0, 1, 0, 0, 2, 0, 0, 1, 0, 0, 3, 0, 1, 0, 2, 0, 0, 3, 0, 1, 3, 0, 0, 0, 0, 1, 3, 0, 0, 1, 0, 2, 0, 0, 0, 0, 0, 1, 0, 1, 0, 1, 1, 0, 2, 0, 0, 0, 0, 0, 0, 0, 2, 0, 0, 1, 0, 0, 1, 0, 0, 3, 0, 0, 1, 0, 0, 0, 0, 1, 0, 0, 0, 0, 2, 1, 3, 2, 0, 0, 1, 0, 0],890.9074744783937,50673.96227735626,113466.60083846681,false
21,G3_TWC,G1_CMAX,[31, 22, 82, 15, 26, 9, 42, 95, 77, 12, 47, 5, 93, 78, 86, 54, 85, 63, 18, 44, 20, 35, 43, 97, 91, 76, 10, 30, 21, 45, 71, 64, 1, 23, 17, 83, 24, 14, 60, 36, 6, 57, 94, 88, 65, 56, 79, 40, 67, 68, 46, 75, 38, 58, 19, 32, 81, 41, 27, 62, 87, 90, 99, 59, 11, 16, 72, 73, 69, 39, 37, 84, 3, 92, 25, 55, 28, 29, 51, 7, 33, 61, 98, 66, 89, 50, 8, 96, 53, 80, 4, 48, 34, 2, 52, 13, 0, 70, 49, 74]|[1, 1, 0, 1, 1, 1, 2, 1, 2, 1, 2, 2, 2, 1, 1, 0, 0, 1, 0, 2, 2, 0, 1, 2, 0, 1, 2, 2, 0, 0, 1, 2, 1, 2, 1, 0, 2, 0, 1, 1, 0, 1, 1, 1, 0, 2, 1, 1, 0, 0, 0, 0, 1, 1, 2, 1, 2, 0, 0, 0, 2, 1, 0, 1, 2, 1, 2, 1, 1, 1, 1, 1, 1, 0, 1, 2, 0, 0, 0, 1, 2, 1, 0, 2, 1, 0, 1, 0, 0, 0, 0, 0, 2, 0, 1, 0, 0, 1, 0, 2]|[4, 3, 2, 2, 0, 0, 2, 2, 2, 4, 1, 1, 2, 4, 4, 1, 2, 4, 2, 1, 1, 1, 1, 2, 1, 2, 1, 1, 1, 1, 3, 2, 3, 0, 4, 0, 1, 1, 0, 3, 2, 2, 2, 0, 1, 1, 0, 4, 0, 1, 2, 2, 1, 4, 0, 3, 2, 1, 1, 2, 1, 3, 1, 1, 1, 3, 0, 4, 3, 1, 4, 1, 1, 0, 4, 1, 2, 1, 1, 3, 1, 3, 1, 1, 1, 1, 3, 1, 2, 1, 2, 1, 1, 2, 1, 2, 2, 3, 1, 1]|[0, 2, 1, 1, 3, 3, 0, 1, 0, 0, 0, 0, 1, 0, 1, 0, 0, 3, 1, 0, 0, 0, 3, 1, 0, 2, 0, 0, 0, 1, 0, 0, 0, 0, 3, 0, 1, 0, 0, 2, 1, 1, 1, 0, 0, 0, 0, 2, 1, 0, 0, 0, 1, 3, 0, 0, 1, 0, 0, 1, 0, 2, 0, 1, 0, 2, 1, 0, 0, 1, 1, 3, 1, 1, 3, 0, 1, 0, 0, 2, 0, 0, 0, 0, 1, 0, 2, 0, 1, 0, 1, 0, 0, 0, 1, 0, 0, 0, 1, 0],801.427594812029,57868.49349465401,91455.85780813712,true
21,G1_CMAX,G1_CMAX,[31, 22, 82, 15, 26, 9, 42, 77, 12, 5, 47, 93, 78, 86, 54, 6, 63, 18, 44, 20, 35, 43, 97, 91, 76, 10, 30, 21, 45, 17, 23, 1, 71, 83, 24, 14, 60, 36, 85, 57, 40, 95, 88, 65, 56, 79, 94, 67, 68, 46, 75, 38, 58, 19, 32, 81, 41, 62, 87, 28, 90, 59, 11, 16, 72, 73, 69, 52, 37, 64, 84, 3, 25, 29, 55, 51, 7, 98, 61, 66, 99, 33, 89, 48, 50, 96, 53, 80, 4, 8, 27, 2, 39, 13, 0, 92, 49, 74, 34, 70]|[1, 1, 0, 1, 1, 1, 2, 2, 1, 2, 2, 1, 1, 1, 0, 0, 1, 0, 2, 2, 0, 1, 2, 2, 1, 2, 2, 0, 0, 1, 2, 1, 1, 0, 2, 0, 1, 1, 0, 1, 1, 1, 1, 0, 2, 1, 1, 0, 0, 0, 0, 1, 1, 2, 1, 2, 0, 0, 2, 0, 1, 2, 2, 1, 2, 1, 1, 1, 1, 1, 1, 2, 1, 0, 2, 0, 1, 2, 1, 0, 0, 2, 1, 0, 0, 2, 0, 0, 1, 1, 0, 0, 1, 0, 0, 0, 0, 2, 2, 1]|[0, 3, 1, 2, 0, 0, 1, 1, 4, 1, 1, 4, 4, 4, 2, 2, 4, 2, 1, 1, 1, 1, 2, 1, 2, 1, 1, 1, 1, 4, 0, 3, 3, 0, 1, 1, 0, 3, 2, 2, 2, 2, 0, 1, 1, 0, 4, 0, 1, 2, 2, 1, 4, 0, 3, 2, 1, 2, 1, 2, 3, 1, 1, 3, 0, 4, 4, 1, 4, 3, 1, 2, 4, 1, 1, 1, 1, 1, 3, 1, 1, 1, 1, 1, 1, 1, 2, 1, 4, 3, 2, 2, 1, 2, 2, 0, 1, 1, 1, 4]|[1, 1, 1, 1, 3, 3, 0, 0, 0, 0, 0, 2, 0, 1, 0, 0, 3, 1, 0, 0, 0, 3, 1, 0, 2, 0, 0, 0, 1, 3, 0, 0, 0, 0, 1, 0, 0, 2, 1, 1, 1, 1, 0, 0, 0, 0, 2, 1, 0, 0, 0, 1, 3, 0, 0, 1, 0, 1, 0, 1, 2, 0, 0, 2, 1, 0, 2, 1, 1, 0, 3, 1, 3, 0, 0, 0, 2, 0, 0, 0, 0, 0, 1, 0, 0, 0, 1, 0, 0, 2, 1, 0, 1, 0, 0, 1, 1, 0, 0, 2],733.3116759547878,58140.55643565909,96674.14109675489,false
21,G4_BALANCED,G4_BALANCED,[31, 22, 82, 15, 26, 58, 95, 42, 77, 12, 47, 5, 93, 78, 86, 54, 85, 63, 18, 44, 20, 35, 43, 97, 91, 76, 10, 30, 21, 45, 71, 64, 1, 23, 17, 83, 24, 14, 60, 36, 6, 57, 40, 88, 65, 56, 79, 94, 67, 41, 68, 75, 38, 9, 19, 32, 81, 55, 27, 62, 87, 90, 99, 59, 11, 16, 72, 73, 70, 39, 37, 84, 3, 92, 25, 46, 28, 29, 51, 50, 66, 61, 98, 48, 89, 7, 8, 96, 34, 53, 69, 4, 80, 2, 52, 0, 49, 33, 13, 74]|[1, 1, 0, 1, 1, 0, 2, 1, 2, 1, 2, 2, 2, 1, 1, 0, 0, 1, 0, 2, 2, 0, 1, 2, 0, 1, 2, 2, 0, 0, 1, 2, 1, 2, 1, 0, 2, 0, 1, 1, 0, 1, 1, 1, 0, 2, 1, 1, 0, 0, 0, 0, 1, 1, 2, 1, 2, 2, 0, 0, 2, 1, 0, 1, 2, 1, 2, 1, 1, 1, 1, 1, 1, 0, 1, 0, 0, 0, 0, 0, 2, 1, 2, 0, 1, 1, 0, 2, 2, 0, 1, 1, 0, 0, 1, 0, 0, 2, 0, 2]|[4, 3, 2, 2, 4, 1, 2, 2, 2, 4, 1, 1, 2, 4, 4, 1, 2, 4, 2, 1, 1, 1, 1, 2, 1, 2, 1, 1, 1, 1, 3, 2, 3, 1, 4, 0, 1, 1, 0, 3, 2, 2, 4, 0, 1, 1, 0, 2, 0, 1, 1, 2, 1, 4, 0, 3, 2, 1, 1, 2, 1, 3, 1, 1, 1, 3, 1, 4, 3, 1, 4, 1, 1, 0, 4, 2, 2, 1, 1, 1, 1, 3, 1, 1, 1, 3, 1, 1, 1, 2, 4, 4, 1, 2, 1, 2, 1, 1, 2, 1]|[0, 2, 1, 1, 3, 0, 0, 1, 0, 0, 0, 0, 1, 0, 1, 0, 0, 3, 1, 0, 0, 0, 3, 1, 0, 2, 0, 0, 0, 1, 0, 0, 0, 0, 3, 0, 1, 0, 0, 2, 1, 1, 2, 0, 0, 0, 0, 1, 1, 0, 0, 0, 1, 3, 0, 0, 1, 0, 0, 1, 0, 2, 0, 1, 0, 2, 0, 0, 0, 1, 1, 3, 1, 1, 3, 0, 1, 0, 0, 0, 0, 0, 0, 0, 1, 2, 0, 0, 0, 1, 2, 0, 0, 0, 1, 0, 1, 0, 0, 0],767.6900619842797,56175.82867208527,95328.18415931956,false
21,G2_TEC,G2_TEC,[31, 22, 82, 15, 26, 9, 95, 42, 77, 68, 47, 5, 93, 78, 86, 54, 85, 63, 18, 44, 20, 49, 36, 14, 74, 50, 53, 17, 21, 28, 71, 64, 3, 23, 30, 83, 24, 41, 40, 52, 65, 27, 90, 70, 39, 87, 48, 69, 99, 4, 46, 1, 13, 58, 97, 59, 45, 8, 73, 37, 35, 79, 11, 66, 76, 32, 60, 80, 96, 6, 16, 61, 19, 7, 57, 34, 12, 67, 10, 98, 56, 88, 29, 75, 91, 38, 33, 92, 2, 84, 51, 72, 81, 25, 43, 55, 62, 89, 94, 0]|[2, 1, 2, 1, 1, 2, 1, 1, 1, 1, 1, 0, 2, 2, 1, 2, 0, 0, 0, 2, 2, 1, 0, 2, 0, 2, 2, 1, 0, 1, 1, 1, 0, 0, 1, 0, 2, 1, 2, 2, 0, 0, 1, 1, 0, 2, 0, 2, 1, 0, 0, 2, 0, 0, 2, 0, 1, 1, 0, 0, 2, 1, 0, 2, 2, 0, 2, 2, 0, 1, 2, 1, 1, 2, 0, 1, 1, 1, 1, 2, 2, 1, 1, 0, 1, 0, 1, 0, 2, 0, 1, 1, 1, 1, 1, 0, 1, 1, 2, 0]|[0, 3, 0, 3, 4, 1, 4, 4, 2, 4, 3, 2, 1, 0, 2, 1, 1, 1, 2, 1, 1, 3, 0, 1, 0, 1, 1, 4, 1, 4, 3, 2, 2, 0, 4, 1, 1, 4, 0, 1, 2, 1, 4, 4, 1, 1, 0, 2, 3, 1, 2, 1, 2, 1, 1, 2, 4, 3, 0, 2, 2, 3, 1, 0, 1, 2, 0, 1, 2, 4, 1, 3, 4, 1, 2, 4, 3, 3, 3, 1, 1, 4, 3, 2, 3, 2, 4, 2, 1, 2, 3, 4, 4, 4, 4, 2, 3, 4, 1, 2]|[0, 2, 0, 0, 3, 0, 1, 3, 0, 0, 2, 0, 1, 0, 1, 0, 0, 0, 1, 0, 0, 2, 0, 0, 1, 0, 0, 3, 0, 1, 0, 2, 0, 0, 3, 0, 1, 3, 0, 0, 0, 0, 1, 3, 0, 0, 1, 0, 2, 0, 0, 0, 0, 0, 1, 0, 1, 0, 1, 1, 0, 2, 0, 0, 0, 0, 0, 0, 0, 2, 0, 0, 1, 0, 0, 1, 0, 0, 3, 0, 0, 1, 0, 0, 0, 0, 1, 0, 0, 0, 0, 2, 1, 3, 2, 0, 0, 1, 0, 0],890.9074744783937,50673.96227735626,113466.60083846681,false
21,G3_TWC,G1_CMAX,[31, 22, 82, 15, 26, 9, 42, 95, 77, 12, 47, 5, 93, 78, 86, 54, 85, 63, 18, 44, 20, 35, 43, 97, 91, 76, 10, 30, 21, 45, 71, 64, 1, 23, 17, 83, 24, 14, 60, 36, 6, 57, 94, 88, 65, 56, 79, 40, 67, 68, 46, 75, 38, 58, 19, 32, 81, 41, 27, 62, 87, 90, 99, 59, 11, 16, 72, 73, 69, 39, 37, 84, 3, 92, 25, 55, 28, 29, 51, 7, 33, 61, 98, 66, 89, 50, 8, 96, 53, 80, 4, 48, 34, 2, 52, 13, 0, 70, 49, 74]|[1, 1, 0, 1, 1, 1, 2, 1, 2, 1, 2, 2, 2, 1, 1, 0, 0, 1, 0, 2, 2, 0, 1, 2, 0, 1, 2, 2, 0, 0, 1, 2, 1, 2, 1, 0, 2, 0, 1, 1, 0, 1, 1, 1, 0, 2, 1, 1, 0, 0, 0, 0, 1, 1, 2, 1, 2, 0, 0, 0, 2, 1, 0, 1, 2, 1, 2, 1, 1, 1, 1, 1, 1, 0, 1, 2, 0, 0, 0, 1, 2, 1, 0, 2, 1, 0, 1, 0, 0, 0, 0, 0, 2, 0, 1, 0, 0, 1, 0, 2]|[4, 3, 2, 2, 0, 0, 2, 2, 2, 4, 1, 1, 2, 4, 4, 1, 2, 4, 2, 1, 1, 1, 1, 2, 1, 2, 1, 1, 1, 1, 3, 2, 3, 0, 4, 0, 1, 1, 0, 3, 2, 2, 2, 0, 1, 1, 0, 4, 0, 1, 2, 2, 1, 4, 0, 3, 2, 1, 1, 2, 1, 3, 1, 1, 1, 3, 0, 4, 3, 1, 4, 1, 1, 0, 4, 1, 2, 1, 1, 3, 1, 3, 1, 1, 1, 1, 3, 1, 2, 1, 2, 1, 1, 2, 1, 2, 2, 3, 1, 1]|[0, 2, 1, 1, 3, 3, 0, 1, 0, 0, 0, 0, 1, 0, 1, 0, 0, 3, 1, 0, 0, 0, 3, 1, 0, 2, 0, 0, 0, 1, 0, 0, 0, 0, 3, 0, 1, 0, 0, 2, 1, 1, 1, 0, 0, 0, 0, 2, 1, 0, 0, 0, 1, 3, 0, 0, 1, 0, 0, 1, 0, 2, 0, 1, 0, 2, 1, 0, 0, 1, 1, 3, 1, 1, 3, 0, 1, 0, 0, 2, 0, 0, 0, 0, 1, 0, 2, 0, 1, 0, 1, 0, 0, 0, 1, 0, 0, 0, 1, 0],801.427594812029,57868.49349465401,91455.85780813712,true
21,G1_CMAX,G1_CMAX,[31, 22, 82, 15, 26, 9, 42, 77, 12, 5, 47, 93, 78, 86, 54, 6, 63, 18, 44, 20, 35, 43, 97, 91, 76, 10, 30, 21, 45, 17, 23, 1, 71, 83, 24, 14, 60, 36, 85, 57, 40, 95, 88, 65, 56, 79, 94, 67, 68, 46, 75, 38, 58, 19, 32, 81, 41, 62, 87, 28, 90, 59, 11, 16, 72, 73, 69, 52, 37, 64, 84, 3, 25, 29, 55, 51, 7, 98, 61, 66, 99, 33, 89, 48, 50, 96, 53, 80, 4, 8, 27, 2, 39, 13, 0, 92, 49, 74, 34, 70]|[1, 1, 0, 1, 1, 1, 2, 2, 1, 2, 2, 1, 1, 1, 0, 0, 1, 0, 2, 2, 0, 1, 2, 2, 1, 2, 2, 0, 0, 1, 2, 1, 1, 0, 2, 0, 1, 1, 0, 1, 1, 1, 1, 0, 2, 1, 1, 0, 0, 0, 0, 1, 1, 2, 1, 2, 0, 0, 2, 0, 1, 2, 2, 1, 2, 1, 1, 1, 1, 1, 1, 2, 1, 0, 2, 0, 1, 2, 1, 0, 0, 2, 1, 0, 0, 2, 0, 0, 1, 1, 0, 0, 1, 0, 0, 0, 0, 2, 2, 1]|[0, 3, 1, 2, 0, 0, 1, 1, 4, 1, 1, 4, 4, 4, 2, 2, 4, 2, 1, 1, 1, 1, 2, 1, 2, 1, 1, 1, 1, 4, 0, 3, 3, 0, 1, 1, 0, 3, 2, 2, 2, 2, 0, 1, 1, 0, 4, 0, 1, 2, 2, 1, 4, 0, 3, 2, 1, 2, 1, 2, 3, 1, 1, 3, 0, 4, 4, 1, 4, 3, 1, 2, 4, 1, 1, 1, 1, 1, 3, 1, 1, 1, 1, 1, 1, 1, 2, 1, 4, 3, 2, 2, 1, 2, 2, 0, 1, 1, 1, 4]|[1, 1, 1, 1, 3, 3, 0, 0, 0, 0, 0, 2, 0, 1, 0, 0, 3, 1, 0, 0, 0, 3, 1, 0, 2, 0, 0, 0, 1, 3, 0, 0, 0, 0, 1, 0, 0, 2, 1, 1, 1, 1, 0, 0, 0, 0, 2, 1, 0, 0, 0, 1, 3, 0, 0, 1, 0, 1, 0, 1, 2, 0, 0, 2, 1, 0, 2, 1, 1, 0, 3, 1, 3, 0, 0, 0, 2, 0, 0, 0, 0, 0, 1, 0, 0, 0, 1, 0, 0, 2, 1, 0, 1, 0, 0, 1, 1, 0, 0, 2],733.3116759547878,58140.55643565909,96674.14109675489,false
21,G4_BALANCED,G4_BALANCED,[31, 22, 82, 15, 26, 58, 95, 42, 77, 12, 47, 5, 93, 78, 86, 54, 85, 63, 18, 44, 20, 35, 43, 97, 91, 76, 10, 30, 21, 45, 71, 64, 1, 23, 17, 83, 24, 14, 60, 36, 6, 57, 40, 88, 65, 56, 79, 94, 67, 41, 68, 75, 38, 9, 19, 32, 81, 55, 27, 62, 87, 90, 99, 59, 11, 16, 72, 73, 70, 39, 37, 84, 3, 92, 25, 46, 28, 29, 51, 50, 66, 61, 98, 48, 89, 7, 8, 96, 34, 53, 69, 4, 80, 2, 52, 0, 49, 33, 13, 74]|[1, 1, 0, 1, 1, 0, 2, 1, 2, 1, 2, 2, 2, 1, 1, 0, 0, 1, 0, 2, 2, 0, 1, 2, 0, 1, 2, 2, 0, 0, 1, 2, 1, 2, 1, 0, 2, 0, 1, 1, 0, 1, 1, 1, 0, 2, 1, 1, 0, 0, 0, 0, 1, 1, 2, 1, 2, 2, 0, 0, 2, 1, 0, 1, 2, 1, 2, 1, 1, 1, 1, 1, 1, 0, 1, 0, 0, 0, 0, 0, 2, 1, 2, 0, 1, 1, 0, 2, 2, 0, 1, 1, 0, 0, 1, 0, 0, 2, 0, 2]|[4, 3, 2, 2, 4, 1, 2, 2, 2, 4, 1, 1, 2, 4, 4, 1, 2, 4, 2, 1, 1, 1, 1, 2, 1, 2, 1, 1, 1, 1, 3, 2, 3, 1, 4, 0, 1, 1, 0, 3, 2, 2, 4, 0, 1, 1, 0, 2, 0, 1, 1, 2, 1, 4, 0, 3, 2, 1, 1, 2, 1, 3, 1, 1, 1, 3, 1, 4, 3, 1, 4, 1, 1, 0, 4, 2, 2, 1, 1, 1, 1, 3, 1, 1, 1, 3, 1, 1, 1, 2, 4, 4, 1, 2, 1, 2, 1, 1, 2, 1]|[0, 2, 1, 1, 3, 0, 0, 1, 0, 0, 0, 0, 1, 0, 1, 0, 0, 3, 1, 0, 0, 0, 3, 1, 0, 2, 0, 0, 0, 1, 0, 0, 0, 0, 3, 0, 1, 0, 0, 2, 1, 1, 2, 0, 0, 0, 0, 1, 1, 0, 0, 0, 1, 3, 0, 0, 1, 0, 0, 1, 0, 2, 0, 1, 0, 2, 0, 0, 0, 1, 1, 3, 1, 1, 3, 0, 1, 0, 0, 0, 0, 0, 0, 0, 1, 2, 0, 0, 0, 1, 2, 0, 0, 0, 1, 0, 1, 0, 0, 0],767.6900619842797,56175.82867208527,95328.18415931956,false
21,G2_TEC,G2_TEC,[31, 22, 82, 15, 26, 9, 95, 42, 77, 68, 47, 5, 93, 78, 86, 54, 85, 63, 18, 44, 20, 49, 36, 14, 74, 50, 53, 17, 21, 28, 71, 64, 3, 23, 30, 83, 24, 41, 40, 52, 65, 27, 90, 70, 39, 87, 48, 69, 99, 4, 46, 1, 13, 58, 97, 59, 45, 8, 73, 37, 35, 79, 11, 66, 76, 32, 60, 80, 96, 6, 16, 61, 19, 7, 57, 34, 12, 67, 10, 98, 56, 88, 29, 75, 91, 38, 33, 92, 2, 84, 51, 72, 81, 25, 43, 55, 62, 89, 94, 0]|[2, 1, 2, 1, 1, 2, 1, 1, 1, 1, 1, 0, 2, 2, 1, 2, 0, 0, 0, 2, 2, 1, 0, 2, 0, 2, 2, 1, 0, 1, 1, 1, 0, 0, 1, 0, 2, 1, 2, 2, 0, 0, 1, 1, 0, 2, 0, 2, 1, 0, 0, 2, 0, 0, 2, 0, 1, 1, 0, 0, 2, 1, 0, 2, 2, 0, 2, 2, 0, 1, 2, 1, 1, 2, 0, 1, 1, 1, 1, 2, 2, 1, 1, 0, 1, 0, 1, 0, 2, 0, 1, 1, 1, 1, 1, 0, 1, 1, 2, 0]|[0, 3, 0, 3, 4, 1, 4, 4, 2, 4, 3, 2, 1, 0, 2, 1, 1, 1, 2, 1, 1, 3, 0, 1, 0, 1, 1, 4, 1, 4, 3, 2, 2, 0, 4, 1, 1, 4, 0, 1, 2, 1, 4, 4, 1, 1, 0, 2, 3, 1, 2, 1, 2, 1, 1, 2, 4, 3, 0, 2, 2, 3, 1, 0, 1, 2, 0, 1, 2, 4, 1, 3, 4, 1, 2, 4, 3, 3, 3, 1, 1, 4, 3, 2, 3, 2, 4, 2, 1, 2, 3, 4, 4, 4, 4, 2, 3, 4, 1, 2]|[0, 2, 0, 0, 3, 0, 1, 3, 0, 0, 2, 0, 1, 0, 1, 0, 0, 0, 1, 0, 0, 2, 0, 0, 1, 0, 0, 3, 0, 1, 0, 2, 0, 0, 3, 0, 1, 3, 0, 0, 0, 0, 1, 3, 0, 0, 1, 0, 2, 0, 0, 0, 0, 0, 1, 0, 1, 0, 1, 1, 0, 2, 0, 0, 0, 0, 0, 0, 0, 2, 0, 0, 1, 0, 0, 1, 0, 0, 3, 0, 0, 1, 0, 0, 0, 0, 1, 0, 0, 0, 0, 2, 1, 3, 2, 0, 0, 1, 0, 0],890.9074744783937,50673.96227735626,113466.60083846681,false
21,G3_TWC,G1_CMAX,[31, 22, 82, 15, 26, 9, 42, 95, 77, 12, 47, 5, 93, 78, 86, 54, 85, 63, 18, 44, 20, 35, 43, 97, 91, 76, 10, 30, 21, 45, 71, 64, 1, 23, 17, 83, 24, 14, 60, 36, 6, 57, 94, 88, 65, 56, 79, 40, 67, 68, 46, 75, 38, 58, 19, 32, 81, 41, 27, 62, 87, 90, 99, 59, 11, 16, 72, 73, 69, 39, 37, 84, 3, 92, 25, 55, 28, 29, 51, 7, 33, 61, 98, 66, 89, 50, 8, 96, 53, 80, 4, 48, 34, 2, 52, 13, 0, 70, 49, 74]|[1, 1, 0, 1, 1, 1, 2, 1, 2, 1, 2, 2, 2, 1, 1, 0, 0, 1, 0, 2, 2, 0, 1, 2, 0, 1, 2, 2, 0, 0, 1, 2, 1, 2, 1, 0, 2, 0, 1, 1, 0, 1, 1, 1, 0, 2, 1, 1, 0, 0, 0, 0, 1, 1, 2, 1, 2, 0, 0, 0, 2, 1, 0, 1, 2, 1, 2, 1, 1, 1, 1, 1, 1, 0, 1, 2, 0, 0, 0, 1, 2, 1, 0, 2, 1, 0, 1, 0, 0, 0, 0, 0, 2, 0, 1, 0, 0, 1, 0, 2]|[4, 3, 2, 2, 0, 0, 2, 2, 2, 4, 1, 1, 2, 4, 4, 1, 2, 4, 2, 1, 1, 1, 1, 2, 1, 2, 1, 1, 1, 1, 3, 2, 3, 0, 4, 0, 1, 1, 0, 3, 2, 2, 2, 0, 1, 1, 0, 4, 0, 1, 2, 2, 1, 4, 0, 3, 2, 1, 1, 2, 1, 3, 1, 1, 1, 3, 0, 4, 3, 1, 4, 1, 1, 0, 4, 1, 2, 1, 1, 3, 1, 3, 1, 1, 1, 1, 3, 1, 2, 1, 2, 1, 1, 2, 1, 2, 2, 3, 1, 1]|[0, 2, 1, 1, 3, 3, 0, 1, 0, 0, 0, 0, 1, 0, 1, 0, 0, 3, 1, 0, 0, 0, 3, 1, 0, 2, 0, 0, 0, 1, 0, 0, 0, 0, 3, 0, 1, 0, 0, 2, 1, 1, 1, 0, 0, 0, 0, 2, 1, 0, 0, 0, 1, 3, 0, 0, 1, 0, 0, 1, 0, 2, 0, 1, 0, 2, 1, 0, 0, 1, 1, 3, 1, 1, 3, 0, 1, 0, 0, 2, 0, 0, 0, 0, 1, 0, 2, 0, 1, 0, 1, 0, 0, 0, 1, 0, 0, 0, 1, 0],801.427594812029,57868.49349465401,91455.85780813712,true
21,G1_CMAX,G1_CMAX,[31, 22, 82, 15, 26, 9, 42, 77, 12, 5, 47, 93, 78, 86, 54, 6, 63, 18, 44, 20, 35, 43, 97, 91, 76, 10, 30, 21, 45, 17, 23, 1, 71, 83, 24, 14, 60, 36, 85, 57, 40, 95, 88, 65, 56, 79, 94, 67, 68, 46, 75, 38, 58, 19, 32, 81, 41, 62, 87, 28, 90, 59, 11, 16, 72, 73, 69, 52, 37, 64, 84, 3, 25, 29, 55, 51, 7, 98, 61, 66, 99, 33, 89, 48, 50, 96, 53, 80, 4, 8, 27, 2, 39, 13, 0, 92, 49, 74, 34, 70]|[1, 1, 0, 1, 1, 1, 2, 2, 1, 2, 2, 1, 1, 1, 0, 0, 1, 0, 2, 2, 0, 1, 2, 2, 1, 2, 2, 0, 0, 1, 2, 1, 1, 0, 2, 0, 1, 1, 0, 1, 1, 1, 1, 0, 2, 1, 1, 0, 0, 0, 0, 1, 1, 2, 1, 2, 0, 0, 2, 0, 1, 2, 2, 1, 2, 1, 1, 1, 1, 1, 1, 2, 1, 0, 2, 0, 1, 2, 1, 0, 0, 2, 1, 0, 0, 2, 0, 0, 1, 1, 0, 0, 1, 0, 0, 0, 0, 2, 2, 1]|[0, 3, 1, 2, 0, 0, 1, 1, 4, 1, 1, 4, 4, 4, 2, 2, 4, 2, 1, 1, 1, 1, 2, 1, 2, 1, 1, 1, 1, 4, 0, 3, 3, 0, 1, 1, 0, 3, 2, 2, 2, 2, 0, 1, 1, 0, 4, 0, 1, 2, 2, 1, 4, 0, 3, 2, 1, 2, 1, 2, 3, 1, 1, 3, 0, 4, 4, 1, 4, 3, 1, 2, 4, 1, 1, 1, 1, 1, 3, 1, 1, 1, 1, 1, 1, 1, 2, 1, 4, 3, 2, 2, 1, 2, 2, 0, 1, 1, 1, 4]|[1, 1, 1, 1, 3, 3, 0, 0, 0, 0, 0, 2, 0, 1, 0, 0, 3, 1, 0, 0, 0, 3, 1, 0, 2, 0, 0, 0, 1, 3, 0, 0, 0, 0, 1, 0, 0, 2, 1, 1, 1, 1, 0, 0, 0, 0, 2, 1, 0, 0, 0, 1, 3, 0, 0, 1, 0, 1, 0, 1, 2, 0, 0, 2, 1, 0, 2, 1, 1, 0, 3, 1, 3, 0, 0, 0, 2, 0, 0, 0, 0, 0, 1, 0, 0, 0, 1, 0, 0, 2, 1, 0, 1, 0, 0, 1, 1, 0, 0, 2],733.3116759547878,58140.55643565909,96674.14109675489,false
21,G4_BALANCED,G4_BALANCED,[31, 22, 82, 15, 26, 58, 95, 42, 77, 12, 47, 5, 93, 78, 86, 54, 85, 63, 18, 44, 20, 35, 43, 97, 91, 76, 10, 30, 21, 45, 71, 64, 1, 23, 17, 83, 24, 14, 60, 36, 6, 57, 40, 88, 65, 56, 79, 94, 67, 41, 68, 75, 38, 9, 19, 32, 81, 55, 27, 62, 87, 90, 99, 59, 11, 16, 72, 73, 70, 39, 37, 84, 3, 92, 25, 46, 28, 29, 51, 50, 66, 61, 98, 48, 89, 7, 8, 96, 34, 53, 69, 4, 80, 2, 52, 0, 49, 33, 13, 74]|[1, 1, 0, 1, 1, 0, 2, 1, 2, 1, 2, 2, 2, 1, 1, 0, 0, 1, 0, 2, 2, 0, 1, 2, 0, 1, 2, 2, 0, 0, 1, 2, 1, 2, 1, 0, 2, 0, 1, 1, 0, 1, 1, 1, 0, 2, 1, 1, 0, 0, 0, 0, 1, 1, 2, 1, 2, 2, 0, 0, 2, 1, 0, 1, 2, 1, 2, 1, 1, 1, 1, 1, 1, 0, 1, 0, 0, 0, 0, 0, 2, 1, 2, 0, 1, 1, 0, 2, 2, 0, 1, 1, 0, 0, 1, 0, 0, 2, 0, 2]|[4, 3, 2, 2, 4, 1, 2, 2, 2, 4, 1, 1, 2, 4, 4, 1, 2, 4, 2, 1, 1, 1, 1, 2, 1, 2, 1, 1, 1, 1, 3, 2, 3, 1, 4, 0, 1, 1, 0, 3, 2, 2, 4, 0, 1, 1, 0, 2, 0, 1, 1, 2, 1, 4, 0, 3, 2, 1, 1, 2, 1, 3, 1, 1, 1, 3, 1, 4, 3, 1, 4, 1, 1, 0, 4, 2, 2, 1, 1, 1, 1, 3, 1, 1, 1, 3, 1, 1, 1, 2, 4, 4, 1, 2, 1, 2, 1, 1, 2, 1]|[0, 2, 1, 1, 3, 0, 0, 1, 0, 0, 0, 0, 1, 0, 1, 0, 0, 3, 1, 0, 0, 0, 3, 1, 0, 2, 0, 0, 0, 1, 0, 0, 0, 0, 3, 0, 1, 0, 0, 2, 1, 1, 2, 0, 0, 0, 0, 1, 1, 0, 0, 0, 1, 3, 0, 0, 1, 0, 0, 1, 0, 2, 0, 1, 0, 2, 0, 0, 0, 1, 1, 3, 1, 1, 3, 0, 1, 0, 0, 0, 0, 0, 0, 0, 1, 2, 0, 0, 0, 1, 2, 0, 0, 0, 1, 0, 1, 0, 0, 0],767.6900619842797,56175.82867208527,95328.18415931956,false
21,G2_TEC,G2_TEC,[31, 22, 82, 15, 26, 9, 95, 42, 77, 68, 47, 5, 93, 78, 86, 54, 85, 63, 18, 44, 20, 49, 36, 14, 74, 50, 53, 17, 21, 28, 71, 64, 3, 23, 30, 83, 24, 41, 40, 52, 65, 27, 90, 70, 39, 87, 48, 69, 99, 4, 46, 1, 13, 58, 97, 59, 45, 8, 73, 37, 35, 79, 11, 66, 76, 32, 60, 80, 96, 6, 16, 61, 19, 7, 57, 34, 12, 67, 10, 98, 56, 88, 29, 75, 91, 38, 33, 92, 2, 84, 51, 72, 81, 25, 43, 55, 62, 89, 94, 0]|[2, 1, 2, 1, 1, 2, 1, 1, 1, 1, 1, 0, 2, 2, 1, 2, 0, 0, 0, 2, 2, 1, 0, 2, 0, 2, 2, 1, 0, 1, 1, 1, 0, 0, 1, 0, 2, 1, 2, 2, 0, 0, 1, 1, 0, 2, 0, 2, 1, 0, 0, 2, 0, 0, 2, 0, 1, 1, 0, 0, 2, 1, 0, 2, 2, 0, 2, 2, 0, 1, 2, 1, 1, 2, 0, 1, 1, 1, 1, 2, 2, 1, 1, 0, 1, 0, 1, 0, 2, 0, 1, 1, 1, 1, 1, 0, 1, 1, 2, 0]|[0, 3, 0, 3, 4, 1, 4, 4, 2, 4, 3, 2, 1, 0, 2, 1, 1, 1, 2, 1, 1, 3, 0, 1, 0, 1, 1, 4, 1, 4, 3, 2, 2, 0, 4, 1, 1, 4, 0, 1, 2, 1, 4, 4, 1, 1, 0, 2, 3, 1, 2, 1, 2, 1, 1, 2, 4, 3, 0, 2, 2, 3, 1, 0, 1, 2, 0, 1, 2, 4, 1, 3, 4, 1, 2, 4, 3, 3, 3, 1, 1, 4, 3, 2, 3, 2, 4, 2, 1, 2, 3, 4, 4, 4, 4, 2, 3, 4, 1, 2]|[0, 2, 0, 0, 3, 0, 1, 3, 0, 0, 2, 0, 1, 0, 1, 0, 0, 0, 1, 0, 0, 2, 0, 0, 1, 0, 0, 3, 0, 1, 0, 2, 0, 0, 3, 0, 1, 3, 0, 0, 0, 0, 1, 3, 0, 0, 1, 0, 2, 0, 0, 0, 0, 0, 1, 0, 1, 0, 1, 1, 0, 2, 0, 0, 0, 0, 0, 0, 0, 2, 0, 0, 1, 0, 0, 1, 0, 0, 3, 0, 0, 1, 0, 0, 0, 0, 1, 0, 0, 0, 0, 2, 1, 3, 2, 0, 0, 1, 0, 0],890.9074744783937,50673.96227735626,113466.60083846681,false
21,G3_TWC,G1_CMAX,[31, 22, 82, 15, 26, 9, 42, 95, 77, 12, 47, 5, 93, 78, 86, 54, 85, 63, 18, 44, 20, 35, 43, 97, 91, 76, 10, 30, 21, 45, 71, 64, 1, 23, 17, 83, 24, 14, 60, 36, 6, 57, 94, 88, 65, 56, 79, 40, 67, 68, 46, 75, 38, 58, 19, 32, 81, 41, 27, 62, 87, 90, 99, 59, 11, 16, 72, 73, 69, 39, 37, 84, 3, 92, 25, 55, 28, 29, 51, 7, 33, 61, 98, 66, 89, 50, 8, 96, 53, 80, 4, 48, 34, 2, 52, 13, 0, 70, 49, 74]|[1, 1, 0, 1, 1, 1, 2, 1, 2, 1, 2, 2, 2, 1, 1, 0, 0, 1, 0, 2, 2, 0, 1, 2, 0, 1, 2, 2, 0, 0, 1, 2, 1, 2, 1, 0, 2, 0, 1, 1, 0, 1, 1, 1, 0, 2, 1, 1, 0, 0, 0, 0, 1, 1, 2, 1, 2, 0, 0, 0, 2, 1, 0, 1, 2, 1, 2, 1, 1, 1, 1, 1, 1, 0, 1, 2, 0, 0, 0, 1, 2, 1, 0, 2, 1, 0, 1, 0, 0, 0, 0, 0, 2, 0, 1, 0, 0, 1, 0, 2]|[4, 3, 2, 2, 0, 0, 2, 2, 2, 4, 1, 1, 2, 4, 4, 1, 2, 4, 2, 1, 1, 1, 1, 2, 1, 2, 1, 1, 1, 1, 3, 2, 3, 0, 4, 0, 1, 1, 0, 3, 2, 2, 2, 0, 1, 1, 0, 4, 0, 1, 2, 2, 1, 4, 0, 3, 2, 1, 1, 2, 1, 3, 1, 1, 1, 3, 0, 4, 3, 1, 4, 1, 1, 0, 4, 1, 2, 1, 1, 3, 1, 3, 1, 1, 1, 1, 3, 1, 2, 1, 2, 1, 1, 2, 1, 2, 2, 3, 1, 1]|[0, 2, 1, 1, 3, 3, 0, 1, 0, 0, 0, 0, 1, 0, 1, 0, 0, 3, 1, 0, 0, 0, 3, 1, 0, 2, 0, 0, 0, 1, 0, 0, 0, 0, 3, 0, 1, 0, 0, 2, 1, 1, 1, 0, 0, 0, 0, 2, 1, 0, 0, 0, 1, 3, 0, 0, 1, 0, 0, 1, 0, 2, 0, 1, 0, 2, 1, 0, 0, 1, 1, 3, 1, 1, 3, 0, 1, 0, 0, 2, 0, 0, 0, 0, 1, 0, 2, 0, 1, 0, 1, 0, 0, 0, 1, 0, 0, 0, 1, 0],801.427594812029,57868.49349465401,91455.85780813712,true
21,G1_CMAX,G1_CMAX,[31, 22, 82, 15, 26, 9, 42, 77, 12, 5, 47, 93, 78, 86, 54, 6, 63, 18, 44, 20, 35, 43, 97, 91, 76, 10, 30, 21, 45, 17, 23, 1, 71, 83, 24, 14, 60, 36, 85, 57, 40, 95, 88, 65, 56, 79, 94, 67, 68, 46, 75, 38, 58, 19, 32, 81, 41, 62, 87, 28, 90, 59, 11, 16, 72, 73, 69, 52, 37, 64, 84, 3, 25, 29, 55, 51, 7, 98, 61, 66, 99, 33, 89, 48, 50, 96, 53, 80, 4, 8, 27, 2, 39, 13, 0, 92, 49, 74, 34, 70]|[1, 1, 0, 1, 1, 1, 2, 2, 1, 2, 2, 1, 1, 1, 0, 0, 1, 0, 2, 2, 0, 1, 2, 2, 1, 2, 2, 0, 0, 1, 2, 1, 1, 0, 2, 0, 1, 1, 0, 1, 1, 1, 1, 0, 2, 1, 1, 0, 0, 0, 0, 1, 1, 2, 1, 2, 0, 0, 2, 0, 1, 2, 2, 1, 2, 1, 1, 1, 1, 1, 1, 2, 1, 0, 2, 0, 1, 2, 1, 0, 0, 2, 1, 0, 0, 2, 0, 0, 1, 1, 0, 0, 1, 0, 0, 0, 0, 2, 2, 1]|[0, 3, 1, 2, 0, 0, 1, 1, 4, 1, 1, 4, 4, 4, 2, 2, 4, 2, 1, 1, 1, 1, 2, 1, 2, 1, 1, 1, 1, 4, 0, 3, 3, 0, 1, 1, 0, 3, 2, 2, 2, 2, 0, 1, 1, 0, 4, 0, 1, 2, 2, 1, 4, 0, 3, 2, 1, 2, 1, 2, 3, 1, 1, 3, 0, 4, 4, 1, 4, 3, 1, 2, 4, 1, 1, 1, 1, 1, 3, 1, 1, 1, 1, 1, 1, 1, 2, 1, 4, 3, 2, 2, 1, 2, 2, 0, 1, 1, 1, 4]|[1, 1, 1, 1, 3, 3, 0, 0, 0, 0, 0, 2, 0, 1, 0, 0, 3, 1, 0, 0, 0, 3, 1, 0, 2, 0, 0, 0, 1, 3, 0, 0, 0, 0, 1, 0, 0, 2, 1, 1, 1, 1, 0, 0, 0, 0, 2, 1, 0, 0, 0, 1, 3, 0, 0, 1, 0, 1, 0, 1, 2, 0, 0, 2, 1, 0, 2, 1, 1, 0, 3, 1, 3, 0, 0, 0, 2, 0, 0, 0, 0, 0, 1, 0, 0, 0, 1, 0, 0, 2, 1, 0, 1, 0, 0, 1, 1, 0, 0, 2],733.3116759547878,58140.55643565909,96674.14109675489,false
21,G4_BALANCED,G4_BALANCED,[31, 22, 82, 15, 26, 58, 95, 42, 77, 12, 47, 5, 93, 78, 86, 54, 85, 63, 18, 44, 20, 35, 43, 97, 91, 76, 10, 30, 21, 45, 71, 64, 1, 23, 17, 83, 24, 14, 60, 36, 6, 57, 40, 88, 65, 56, 79, 94, 67, 41, 68, 75, 38, 9, 19, 32, 81, 55, 27, 62, 87, 90, 99, 59, 11, 16, 72, 73, 70, 39, 37, 84, 3, 92, 25, 46, 28, 29, 51, 50, 66, 61, 98, 48, 89, 7, 8, 96, 34, 53, 69, 4, 80, 2, 52, 0, 49, 33, 13, 74]|[1, 1, 0, 1, 1, 0, 2, 1, 2, 1, 2, 2, 2, 1, 1, 0, 0, 1, 0, 2, 2, 0, 1, 2, 0, 1, 2, 2, 0, 0, 1, 2, 1, 2, 1, 0, 2, 0, 1, 1, 0, 1, 1, 1, 0, 2, 1, 1, 0, 0, 0, 0, 1, 1, 2, 1, 2, 2, 0, 0, 2, 1, 0, 1, 2, 1, 2, 1, 1, 1, 1, 1, 1, 0, 1, 0, 0, 0, 0, 0, 2, 1, 2, 0, 1, 1, 0, 2, 2, 0, 1, 1, 0, 0, 1, 0, 0, 2, 0, 2]|[4, 3, 2, 2, 4, 1, 2, 2, 2, 4, 1, 1, 2, 4, 4, 1, 2, 4, 2, 1, 1, 1, 1, 2, 1, 2, 1, 1, 1, 1, 3, 2, 3, 1, 4, 0, 1, 1, 0, 3, 2, 2, 4, 0, 1, 1, 0, 2, 0, 1, 1, 2, 1, 4, 0, 3, 2, 1, 1, 2, 1, 3, 1, 1, 1, 3, 1, 4, 3, 1, 4, 1, 1, 0, 4, 2, 2, 1, 1, 1, 1, 3, 1, 1, 1, 3, 1, 1, 1, 2, 4, 4, 1, 2, 1, 2, 1, 1, 2, 1]|[0, 2, 1, 1, 3, 0, 0, 1, 0, 0, 0, 0, 1, 0, 1, 0, 0, 3, 1, 0, 0, 0, 3, 1, 0, 2, 0, 0, 0, 1, 0, 0, 0, 0, 3, 0, 1, 0, 0, 2, 1, 1, 2, 0, 0, 0, 0, 1, 1, 0, 0, 0, 1, 3, 0, 0, 1, 0, 0, 1, 0, 2, 0, 1, 0, 2, 0, 0, 0, 1, 1, 3, 1, 1, 3, 0, 1, 0, 0, 0, 0, 0, 0, 0, 1, 2, 0, 0, 0, 1, 2, 0, 0, 0, 1, 0, 1, 0, 0, 0],767.6900619842797,56175.82867208527,95328.18415931956,false
21,G2_TEC,G2_TEC,[31, 22, 82, 15, 26, 9, 95, 42, 77, 68, 47, 5, 93, 78, 86, 54, 85, 63, 18, 44, 20, 49, 36, 14, 74, 50, 53, 17, 21, 28, 71, 64, 3, 23, 30, 83, 24, 41, 40, 52, 65, 27, 90, 70, 39, 87, 48, 69, 99, 4, 46, 1, 13, 58, 97, 59, 45, 8, 73, 37, 35, 79, 11, 66, 76, 32, 60, 80, 96, 6, 16, 61, 19, 7, 57, 34, 12, 67, 10, 98, 56, 88, 29, 75, 91, 38, 33, 92, 2, 84, 51, 72, 81, 25, 43, 55, 62, 89, 94, 0]|[2, 1, 2, 1, 1, 2, 1, 1, 1, 1, 1, 0, 2, 2, 1, 2, 0, 0, 0, 2, 2, 1, 0, 2, 0, 2, 2, 1, 0, 1, 1, 1, 0, 0, 1, 0, 2, 1, 2, 2, 0, 0, 1, 1, 0, 2, 0, 2, 1, 0, 0, 2, 0, 0, 2, 0, 1, 1, 0, 0, 2, 1, 0, 2, 2, 0, 2, 2, 0, 1, 2, 1, 1, 2, 0, 1, 1, 1, 1, 2, 2, 1, 1, 0, 1, 0, 1, 0, 2, 0, 1, 1, 1, 1, 1, 0, 1, 1, 2, 0]|[0, 3, 0, 3, 4, 1, 4, 4, 2, 4, 3, 2, 1, 0, 2, 1, 1, 1, 2, 1, 1, 3, 0, 1, 0, 1, 1, 4, 1, 4, 3, 2, 2, 0, 4, 1, 1, 4, 0, 1, 2, 1, 4, 4, 1, 1, 0, 2, 3, 1, 2, 1, 2, 1, 1, 2, 4, 3, 0, 2, 2, 3, 1, 0, 1, 2, 0, 1, 2, 4, 1, 3, 4, 1, 2, 4, 3, 3, 3, 1, 1, 4, 3, 2, 3, 2, 4, 2, 1, 2, 3, 4, 4, 4, 4, 2, 3, 4, 1, 2]|[0, 2, 0, 0, 3, 0, 1, 3, 0, 0, 2, 0, 1, 0, 1, 0, 0, 0, 1, 0, 0, 2, 0, 0, 1, 0, 0, 3, 0, 1, 0, 2, 0, 0, 3, 0, 1, 3, 0, 0, 0, 0, 1, 3, 0, 0, 1, 0, 2, 0, 0, 0, 0, 0, 1, 0, 1, 0, 1, 1, 0, 2, 0, 0, 0, 0, 0, 0, 0, 2, 0, 0, 1, 0, 0, 1, 0, 0, 3, 0, 0, 1, 0, 0, 0, 0, 1, 0, 0, 0, 0, 2, 1, 3, 2, 0, 0, 1, 0, 0],890.9074744783937,50673.96227735626,113466.60083846681,false
21,G3_TWC,G1_CMAX,[31, 22, 82, 15, 26, 9, 42, 95, 77, 12, 47, 5, 93, 78, 86, 54, 85, 63, 18, 44, 20, 35, 43, 97, 91, 76, 10, 30, 21, 45, 71, 64, 1, 23, 17, 83, 24, 14, 60, 36, 6, 57, 94, 88, 65, 56, 79, 40, 67, 68, 46, 75, 38, 58, 19, 32, 81, 41, 27, 62, 87, 90, 99, 59, 11, 16, 72, 73, 69, 39, 37, 84, 3, 92, 25, 55, 28, 29, 51, 7, 33, 61, 98, 66, 89, 50, 8, 96, 53, 80, 4, 48, 34, 2, 52, 13, 0, 70, 49, 74]|[1, 1, 0, 1, 1, 1, 2, 1, 2, 1, 2, 2, 2, 1, 1, 0, 0, 1, 0, 2, 2, 0, 1, 2, 0, 1, 2, 2, 0, 0, 1, 2, 1, 2, 1, 0, 2, 0, 1, 1, 0, 1, 1, 1, 0, 2, 1, 1, 0, 0, 0, 0, 1, 1, 2, 1, 2, 0, 0, 0, 2, 1, 0, 1, 2, 1, 2, 1, 1, 1, 1, 1, 1, 0, 1, 2, 0, 0, 0, 1, 2, 1, 0, 2, 1, 0, 1, 0, 0, 0, 0, 0, 2, 0, 1, 0, 0, 1, 0, 2]|[4, 3, 2, 2, 0, 0, 2, 2, 2, 4, 1, 1, 2, 4, 4, 1, 2, 4, 2, 1, 1, 1, 1, 2, 1, 2, 1, 1, 1, 1, 3, 2, 3, 0, 4, 0, 1, 1, 0, 3, 2, 2, 2, 0, 1, 1, 0, 4, 0, 1, 2, 2, 1, 4, 0, 3, 2, 1, 1, 2, 1, 3, 1, 1, 1, 3, 0, 4, 3, 1, 4, 1, 1, 0, 4, 1, 2, 1, 1, 3, 1, 3, 1, 1, 1, 1, 3, 1, 2, 1, 2, 1, 1, 2, 1, 2, 2, 3, 1, 1]|[0, 2, 1, 1, 3, 3, 0, 1, 0, 0, 0, 0, 1, 0, 1, 0, 0, 3, 1, 0, 0, 0, 3, 1, 0, 2, 0, 0, 0, 1, 0, 0, 0, 0, 3, 0, 1, 0, 0, 2, 1, 1, 1, 0, 0, 0, 0, 2, 1, 0, 0, 0, 1, 3, 0, 0, 1, 0, 0, 1, 0, 2, 0, 1, 0, 2, 1, 0, 0, 1, 1, 3, 1, 1, 3, 0, 1, 0, 0, 2, 0, 0, 0, 0, 1, 0, 2, 0, 1, 0, 1, 0, 0, 0, 1, 0, 0, 0, 1, 0],801.427594812029,57868.49349465401,91455.85780813712,true
21,G1_CMAX,G4_BALANCED,[31, 22, 82, 15, 26, 58, 95, 77, 42, 12, 47, 5, 93, 78, 86, 54, 85, 63, 18, 44, 20, 35, 43, 97, 91, 76, 10, 30, 21, 45, 71, 64, 1, 23, 17, 83, 24, 14, 60, 36, 6, 57, 40, 88, 65, 56, 79, 94, 67, 68, 46, 75, 38, 9, 19, 32, 81, 41, 27, 62, 87, 90, 99, 59, 11, 16, 3, 73, 70, 39, 37, 84, 72, 92, 25, 55, 28, 29, 51, 61, 66, 7, 98, 48, 89, 50, 4, 96, 53, 80, 8, 33, 34, 2, 52, 13, 0, 69, 74, 49]|[1, 1, 0, 1, 1, 0, 1, 2, 2, 1, 2, 2, 2, 1, 1, 0, 0, 1, 0, 2, 2, 0, 1, 2, 0, 1, 2, 2, 0, 0, 1, 2, 1, 2, 1, 0, 2, 0, 1, 1, 0, 1, 1, 1, 0, 2, 1, 1, 0, 0, 0, 0, 1, 1, 2, 1, 2, 0, 0, 2, 2, 1, 0, 1, 2, 1, 1, 1, 1, 1, 1, 1, 2, 0, 1, 2, 0, 0, 0, 1, 2, 1, 2, 0, 1, 0, 1, 2, 0, 0, 1, 2, 2, 0, 1, 0, 0, 1, 2, 0]|[4, 3, 2, 2, 4, 1, 2, 2, 2, 4, 1, 1, 2, 4, 4, 1, 2, 4, 2, 1, 1, 1, 1, 2, 1, 2, 1, 1, 1, 1, 3, 2, 3, 1, 4, 0, 1, 1, 0, 3, 2, 2, 2, 0, 1, 1, 0, 4, 0, 1, 2, 2, 1, 4, 0, 3, 2, 1, 1, 1, 1, 3, 1, 1, 1, 3, 1, 4, 3, 1, 4, 1, 0, 0, 4, 1, 2, 1, 1, 3, 1, 1, 1, 1, 1, 1, 4, 1, 2, 1, 3, 1, 1, 2, 1, 2, 2, 4, 1, 1]|[0, 2, 1, 1, 3, 0, 1, 0, 0, 0, 0, 0, 1, 0, 1, 0, 0, 3, 1, 0, 0, 0, 3, 1, 0, 2, 0, 0, 0, 1, 0, 0, 0, 0, 3, 0, 1, 0, 0, 2, 1, 1, 1, 0, 0, 0, 0, 2, 1, 0, 0, 0, 1, 3, 0, 0, 1, 0, 0, 0, 0, 2, 0, 1, 0, 2, 1, 0, 0, 1, 1, 3, 1, 1, 3, 0, 1, 0, 0, 0, 0, 2, 0, 0, 1, 0, 0, 0, 1, 0, 2, 0, 0, 0, 1, 0, 0, 2, 0, 1],758.2592733695916,56179.56723994562,95531.50963783267,true
21,G4_BALANCED,G4_BALANCED,[31, 11, 82, 15, 26, 9, 95, 42, 77, 68, 47, 5, 93, 78, 86, 54, 85, 63, 18, 44, 20, 49, 36, 14, 74, 50, 53, 17, 21, 45, 71, 64, 3, 23, 30, 83, 24, 41, 60, 52, 65, 27, 90, 70, 39, 87, 48, 69, 99, 4, 46, 1, 13, 58, 97, 59, 28, 75, 73, 37, 35, 79, 22, 66, 76, 32, 40, 80, 96, 6, 61, 16, 33, 7, 57, 34, 12, 67, 10, 98, 56, 88, 29, 25, 91, 38, 19, 92, 43, 84, 51, 72, 81, 8, 2, 55, 0, 62, 89, 94]|[2, 1, 2, 1, 1, 2, 1, 1, 1, 1, 1, 0, 2, 2, 1, 2, 0, 0, 0, 2, 2, 1, 0, 2, 0, 2, 2, 1, 0, 1, 1, 1, 0, 0, 1, 0, 2, 1, 2, 2, 0, 0, 1, 1, 0, 2, 0, 2, 1, 0, 0, 2, 0, 0, 2, 0, 1, 1, 0, 0, 2, 1, 0, 2, 2, 0, 2, 2, 0, 1, 1, 2, 1, 2, 0, 1, 1, 1, 1, 2, 2, 1, 1, 1, 1, 0, 1, 0, 1, 0, 1, 1, 1, 0, 2, 0, 0, 1, 1, 2]|[0, 3, 0, 2, 4, 1, 4, 4, 2, 4, 3, 2, 1, 0, 2, 1, 1, 1, 2, 1, 1, 3, 0, 1, 0, 1, 1, 4, 1, 4, 3, 2, 2, 0, 4, 1, 1, 4, 0, 1, 2, 1, 4, 4, 1, 1, 0, 2, 3, 1, 2, 1, 2, 1, 1, 2, 4, 3, 0, 2, 2, 3, 1, 0, 1, 2, 0, 1, 2, 4, 3, 1, 4, 1, 2, 4, 3, 3, 3, 1, 1, 4, 3, 4, 3, 2, 4, 2, 4, 2, 3, 4, 1, 2, 1, 2, 2, 3, 4, 1]|[0, 2, 0, 1, 3, 0, 1, 3, 0, 0, 2, 0, 1, 0, 1, 0, 0, 0, 1, 0, 0, 2, 0, 0, 1, 0, 0, 3, 0, 1, 0, 2, 0, 1, 3, 0, 1, 3, 0, 0, 0, 0, 1, 3, 0, 0, 1, 0, 2, 0, 0, 0, 0, 0, 1, 0, 1, 0, 1, 1, 0, 2, 0, 0, 0, 0, 0, 0, 0, 2, 0, 0, 1, 0, 0, 1, 0, 0, 3, 0, 0, 1, 0, 3, 0, 0, 3, 0, 2, 0, 0, 2, 1, 0, 0, 0, 0, 0, 1, 0],855.0393744413956,51684.66824914086,111484.00316030454,false
21,G2_TEC,G2_TEC,[31, 22, 82, 15, 26, 9, 95, 42, 77, 68, 47, 5, 93, 78, 86, 54, 85, 63, 18, 44, 20, 49, 36, 14, 74, 50, 53, 17, 21, 28, 71, 64, 3, 23, 30, 83, 24, 41, 40, 52, 65, 27, 90, 70, 39, 87, 48, 69, 99, 4, 46, 1, 13, 58, 97, 59, 45, 8, 73, 37, 35, 79, 11, 66, 76, 32, 60, 80, 96, 6, 16, 61, 19, 7, 57, 34, 12, 67, 10, 98, 56, 88, 29, 75, 91, 38, 33, 92, 2, 84, 51, 72, 81, 25, 43, 55, 62, 89, 94, 0]|[2, 1, 2, 1, 1, 2, 1, 1, 1, 1, 1, 0, 2, 2, 1, 2, 0, 0, 0, 2, 2, 1, 0, 2, 0, 2, 2, 1, 0, 1, 1, 1, 0, 0, 1, 0, 2, 1, 2, 2, 0, 0, 1, 1, 0, 2, 0, 2, 1, 0, 0, 2, 0, 0, 2, 0, 1, 1, 0, 0, 2, 1, 0, 2, 2, 0, 2, 2, 0, 1, 2, 1, 1, 2, 0, 1, 1, 1, 1, 2, 2, 1, 1, 0, 1, 0, 1, 0, 2, 0, 1, 1, 1, 1, 1, 0, 1, 1, 2, 0]|[0, 3, 0, 3, 4, 1, 4, 4, 2, 4, 3, 2, 1, 0, 2, 1, 1, 1, 2, 1, 1, 3, 0, 1, 0, 1, 1, 4, 1, 4, 3, 2, 2, 0, 4, 1, 1, 4, 0, 1, 2, 1, 4, 4, 1, 1, 0, 2, 3, 1, 2, 1, 2, 1, 1, 2, 4, 3, 0, 2, 2, 3, 1, 0, 1, 2, 0, 1, 2, 4, 1, 3, 4, 1, 2, 4, 3, 3, 3, 1, 1, 4, 3, 2, 3, 2, 4, 2, 1, 2, 3, 4, 4, 4, 4, 2, 3, 4, 1, 2]|[0, 2, 0, 0, 3, 0, 1, 3, 0, 0, 2, 0, 1, 0, 1, 0, 0, 0, 1, 0, 0, 2, 0, 0, 1, 0, 0, 3, 0, 1, 0, 2, 0, 0, 3, 0, 1, 3, 0, 0, 0, 0, 1, 3, 0, 0, 1, 0, 2, 0, 0, 0, 0, 0, 1, 0, 1, 0, 1, 1, 0, 2, 0, 0, 0, 0, 0, 0, 0, 2, 0, 0, 1, 0, 0, 1, 0, 0, 3, 0, 0, 1, 0, 0, 0, 0, 1, 0, 0, 0, 0, 2, 1, 3, 2, 0, 0, 1, 0, 0],890.9074744783937,50673.96227735626,113466.60083846681,false
21,G3_TWC,G1_CMAX,[31, 22, 82, 15, 26, 9, 42, 95, 77, 12, 47, 5, 93, 78, 86, 54, 85, 63, 18, 44, 20, 35, 43, 97, 91, 76, 10, 30, 21, 45, 71, 64, 1, 23, 17, 83, 24, 14, 60, 36, 6, 57, 94, 88, 65, 56, 79, 40, 67, 68, 46, 75, 38, 58, 19, 32, 81, 41, 27, 62, 87, 90, 99, 59, 11, 16, 72, 73, 69, 39, 37, 84, 3, 92, 25, 55, 28, 29, 51, 7, 33, 61, 98, 66, 89, 50, 8, 96, 53, 80, 4, 48, 34, 2, 52, 13, 0, 70, 49, 74]|[1, 1, 0, 1, 1, 1, 2, 1, 2, 1, 2, 2, 2, 1, 1, 0, 0, 1, 0, 2, 2, 0, 1, 2, 0, 1, 2, 2, 0, 0, 1, 2, 1, 2, 1, 0, 2, 0, 1, 1, 0, 1, 1, 1, 0, 2, 1, 1, 0, 0, 0, 0, 1, 1, 2, 1, 2, 0, 0, 0, 2, 1, 0, 1, 2, 1, 2, 1, 1, 1, 1, 1, 1, 0, 1, 2, 0, 0, 0, 1, 2, 1, 0, 2, 1, 0, 1, 0, 0, 0, 0, 0, 2, 0, 1, 0, 0, 1, 0, 2]|[4, 3, 2, 2, 0, 0, 2, 2, 2, 4, 1, 1, 2, 4, 4, 1, 2, 4, 2, 1, 1, 1, 1, 2, 1, 2, 1, 1, 1, 1, 3, 2, 3, 0, 4, 0, 1, 1, 0, 3, 2, 2, 2, 0, 1, 1, 0, 4, 0, 1, 2, 2, 1, 4, 0, 3, 2, 1, 1, 2, 1, 3, 1, 1, 1, 3, 0, 4, 3, 1, 4, 1, 1, 0, 4, 1, 2, 1, 1, 3, 1, 3, 1, 1, 1, 1, 3, 1, 2, 1, 2, 1, 1, 2, 1, 2, 2, 3, 1, 1]|[0, 2, 1, 1, 3, 3, 0, 1, 0, 0, 0, 0, 1, 0, 1, 0, 0, 3, 1, 0, 0, 0, 3, 1, 0, 2, 0, 0, 0, 1, 0, 0, 0, 0, 3, 0, 1, 0, 0, 2, 1, 1, 1, 0, 0, 0, 0, 2, 1, 0, 0, 0, 1, 3, 0, 0, 1, 0, 0, 1, 0, 2, 0, 1, 0, 2, 1, 0, 0, 1, 1, 3, 1, 1, 3, 0, 1, 0, 0, 2, 0, 0, 0, 0, 1, 0, 2, 0, 1, 0, 1, 0, 0, 0, 1, 0, 0, 0, 1, 0],801.427594812029,57868.49349465401,91455.85780813712,true
21,G1_CMAX,G3_TWC,[31, 22, 82, 15, 26, 9, 42, 95, 77, 12, 47, 5, 93, 78, 86, 54, 85, 63, 18, 44, 20, 35, 43, 97, 91, 76, 10, 30, 21, 45, 71, 64, 1, 23, 17, 83, 24, 14, 60, 36, 6, 57, 94, 88, 65, 56, 79, 40, 67, 68, 46, 75, 38, 58, 19, 32, 81, 41, 27, 62, 87, 90, 99, 59, 11, 16, 72, 73, 69, 39, 37, 84, 3, 92, 25, 55, 28, 29, 51, 7, 33, 61, 98, 66, 89, 50, 48, 96, 80, 53, 8, 4, 34, 2, 52, 0, 13, 70, 49, 74]|[1, 1, 0, 1, 1, 1, 2, 1, 2, 1, 2, 2, 2, 1, 1, 0, 0, 1, 0, 2, 2, 0, 1, 2, 0, 1, 2, 2, 0, 0, 1, 2, 1, 2, 1, 0, 2, 0, 1, 1, 0, 1, 1, 1, 0, 2, 1, 1, 0, 0, 0, 0, 1, 1, 2, 1, 2, 0, 0, 0, 2, 1, 0, 1, 2, 1, 2, 1, 1, 1, 1, 1, 1, 0, 1, 2, 0, 0, 0, 1, 2, 1, 2, 2, 1, 0, 0, 2, 0, 0, 1, 0, 2, 0, 1, 0, 0, 1, 0, 2]|[4, 3, 2, 2, 0, 0, 2, 2, 2, 4, 1, 1, 2, 4, 4, 1, 2, 4, 2, 1, 1, 1, 1, 2, 1, 2, 1, 1, 1, 1, 3, 2, 3, 1, 4, 0, 1, 1, 0, 3, 2, 2, 2, 0, 1, 1, 0, 4, 0, 1, 2, 2, 1, 4, 0, 3, 2, 1, 1, 2, 1, 3, 1, 1, 1, 3, 0, 4, 3, 1, 4, 1, 1, 2, 4, 1, 2, 1, 1, 3, 1, 3, 1, 1, 1, 1, 1, 1, 1, 2, 3, 2, 1, 2, 1, 2, 2, 3, 1, 1]|[0, 2, 1, 1, 3, 3, 0, 1, 0, 0, 0, 0, 1, 0, 1, 0, 0, 3, 1, 0, 0, 0, 3, 1, 0, 2, 0, 0, 0, 1, 0, 0, 0, 0, 3, 0, 1, 0, 0, 2, 1, 1, 1, 0, 0, 0, 0, 2, 1, 0, 0, 0, 1, 3, 0, 0, 1, 0, 0, 1, 0, 2, 0, 1, 0, 2, 1, 0, 0, 1, 1, 3, 1, 1, 3, 0, 1, 0, 0, 2, 0, 0, 0, 0, 1, 0, 0, 0, 0, 1, 2, 1, 0, 0, 1, 0, 0, 0, 1, 0],778.5294090754865,57556.011360927005,92299.58483837318,true
21,G4_BALANCED,G4_BALANCED,[31, 11, 82, 15, 26, 9, 95, 42, 77, 68, 47, 5, 93, 78, 86, 54, 85, 63, 18, 44, 20, 49, 36, 14, 74, 50, 53, 17, 21, 45, 71, 64, 3, 23, 30, 83, 24, 41, 60, 52, 65, 27, 90, 70, 39, 87, 48, 69, 99, 4, 46, 1, 13, 58, 97, 59, 28, 75, 73, 37, 35, 79, 22, 66, 76, 32, 40, 80, 96, 6, 61, 16, 33, 7, 57, 34, 12, 67, 10, 98, 56, 88, 29, 25, 91, 38, 19, 92, 43, 84, 51, 72, 81, 8, 2, 55, 0, 62, 89, 94]|[2, 1, 2, 1, 1, 2, 1, 1, 1, 1, 1, 0, 2, 2, 1, 2, 0, 0, 0, 2, 2, 1, 0, 2, 0, 2, 2, 1, 0, 1, 1, 1, 0, 0, 1, 0, 2, 1, 2, 2, 0, 0, 1, 1, 0, 2, 0, 2, 1, 0, 0, 2, 0, 0, 2, 0, 1, 1, 0, 0, 2, 1, 0, 2, 2, 0, 2, 2, 0, 1, 1, 2, 1, 2, 0, 1, 1, 1, 1, 2, 2, 1, 1, 1, 1, 0, 1, 0, 1, 0, 1, 1, 1, 0, 2, 0, 0, 1, 1, 2]|[0, 3, 0, 2, 4, 1, 4, 4, 2, 4, 3, 2, 1, 0, 2, 1, 1, 1, 2, 1, 1, 3, 0, 1, 0, 1, 1, 4, 1, 4, 3, 2, 2, 0, 4, 1, 1, 4, 0, 1, 2, 1, 4, 4, 1, 1, 0, 2, 3, 1, 2, 1, 2, 1, 1, 2, 4, 3, 0, 2, 2, 3, 1, 0, 1, 2, 0, 1, 2, 4, 3, 1, 4, 1, 2, 4, 3, 3, 3, 1, 1, 4, 3, 4, 3, 2, 4, 2, 4, 2, 3, 4, 1, 2, 1, 2, 2, 3, 4, 1]|[0, 2, 0, 1, 3, 0, 1, 3, 0, 0, 2, 0, 1, 0, 1, 0, 0, 0, 1, 0, 0, 2, 0, 0, 1, 0, 0, 3, 0, 1, 0, 2, 0, 1, 3, 0, 1, 3, 0, 0, 0, 0, 1, 3, 0, 0, 1, 0, 2, 0, 0, 0, 0, 0, 1, 0, 1, 0, 1, 1, 0, 2, 0, 0, 0, 0, 0, 0, 0, 2, 0, 0, 1, 0, 0, 1, 0, 0, 3, 0, 0, 1, 0, 3, 0, 0, 3, 0, 2, 0, 0, 2, 1, 0, 0, 0, 0, 0, 1, 0],855.0393744413956,51684.66824914086,111484.00316030454,false
21,G2_TEC,G2_TEC,[31, 22, 82, 15, 26, 9, 95, 42, 77, 68, 47, 5, 93, 78, 86, 54, 85, 63, 18, 44, 20, 49, 36, 14, 74, 50, 53, 17, 21, 28, 71, 64, 3, 23, 30, 83, 24, 41, 40, 52, 65, 27, 90, 70, 39, 87, 48, 69, 99, 4, 46, 1, 13, 58, 97, 59, 45, 8, 73, 37, 35, 79, 11, 66, 76, 32, 60, 80, 96, 6, 16, 61, 19, 7, 57, 34, 12, 67, 10, 98, 56, 88, 29, 75, 91, 38, 33, 92, 2, 84, 51, 72, 81, 25, 43, 55, 62, 89, 94, 0]|[2, 1, 2, 1, 1, 2, 1, 1, 1, 1, 1, 0, 2, 2, 1, 2, 0, 0, 0, 2, 2, 1, 0, 2, 0, 2, 2, 1, 0, 1, 1, 1, 0, 0, 1, 0, 2, 1, 2, 2, 0, 0, 1, 1, 0, 2, 0, 2, 1, 0, 0, 2, 0, 0, 2, 0, 1, 1, 0, 0, 2, 1, 0, 2, 2, 0, 2, 2, 0, 1, 2, 1, 1, 2, 0, 1, 1, 1, 1, 2, 2, 1, 1, 0, 1, 0, 1, 0, 2, 0, 1, 1, 1, 1, 1, 0, 1, 1, 2, 0]|[0, 3, 0, 3, 4, 1, 4, 4, 2, 4, 3, 2, 1, 0, 2, 1, 1, 1, 2, 1, 1, 3, 0, 1, 0, 1, 1, 4, 1, 4, 3, 2, 2, 0, 4, 1, 1, 4, 0, 1, 2, 1, 4, 4, 1, 1, 0, 2, 3, 1, 2, 1, 2, 1, 1, 2, 4, 3, 0, 2, 2, 3, 1, 0, 1, 2, 0, 1, 2, 4, 1, 3, 4, 1, 2, 4, 3, 3, 3, 1, 1, 4, 3, 2, 3, 2, 4, 2, 1, 2, 3, 4, 4, 4, 4, 2, 3, 4, 1, 2]|[0, 2, 0, 0, 3, 0, 1, 3, 0, 0, 2, 0, 1, 0, 1, 0, 0, 0, 1, 0, 0, 2, 0, 0, 1, 0, 0, 3, 0, 1, 0, 2, 0, 0, 3, 0, 1, 3, 0, 0, 0, 0, 1, 3, 0, 0, 1, 0, 2, 0, 0, 0, 0, 0, 1, 0, 1, 0, 1, 1, 0, 2, 0, 0, 0, 0, 0, 0, 0, 2, 0, 0, 1, 0, 0, 1, 0, 0, 3, 0, 0, 1, 0, 0, 0, 0, 1, 0, 0, 0, 0, 2, 1, 3, 2, 0, 0, 1, 0, 0],890.9074744783937,50673.96227735626,113466.60083846681,false
21,G3_TWC,G1_CMAX,[31, 22, 82, 15, 26, 9, 42, 95, 77, 12, 47, 5, 93, 78, 86, 54, 85, 63, 18, 44, 20, 35, 43, 97, 91, 76, 10, 30, 21, 45, 71, 64, 1, 23, 17, 83, 24, 14, 60, 36, 6, 57, 94, 88, 65, 56, 79, 40, 67, 68, 46, 75, 38, 58, 19, 32, 81, 41, 27, 62, 87, 90, 99, 59, 11, 16, 72, 73, 69, 39, 37, 84, 3, 92, 25, 55, 28, 29, 51, 7, 33, 61, 98, 66, 89, 50, 8, 96, 53, 80, 4, 48, 34, 2, 52, 13, 0, 70, 49, 74]|[1, 1, 0, 1, 1, 1, 2, 1, 2, 1, 2, 2, 2, 1, 1, 0, 0, 1, 0, 2, 2, 0, 1, 2, 0, 1, 2, 2, 0, 0, 1, 2, 1, 2, 1, 0, 2, 0, 1, 1, 0, 1, 1, 1, 0, 2, 1, 1, 0, 0, 0, 0, 1, 1, 2, 1, 2, 0, 0, 0, 2, 1, 0, 1, 2, 1, 2, 1, 1, 1, 1, 1, 1, 0, 1, 2, 0, 0, 0, 1, 2, 1, 0, 2, 1, 0, 1, 0, 0, 0, 0, 0, 2, 0, 1, 0, 0, 1, 0, 2]|[4, 3, 2, 2, 0, 0, 2, 2, 2, 4, 1, 1, 2, 4, 4, 1, 2, 4, 2, 1, 1, 1, 1, 2, 1, 2, 1, 1, 1, 1, 3, 2, 3, 0, 4, 0, 1, 1, 0, 3, 2, 2, 2, 0, 1, 1, 0, 4, 0, 1, 2, 2, 1, 4, 0, 3, 2, 1, 1, 2, 1, 3, 1, 1, 1, 3, 0, 4, 3, 1, 4, 1, 1, 0, 4, 1, 2, 1, 1, 3, 1, 3, 1, 1, 1, 1, 3, 1, 2, 1, 2, 1, 1, 2, 1, 2, 2, 3, 1, 1]|[0, 2, 1, 1, 3, 3, 0, 1, 0, 0, 0, 0, 1, 0, 1, 0, 0, 3, 1, 0, 0, 0, 3, 1, 0, 2, 0, 0, 0, 1, 0, 0, 0, 0, 3, 0, 1, 0, 0, 2, 1, 1, 1, 0, 0, 0, 0, 2, 1, 0, 0, 0, 1, 3, 0, 0, 1, 0, 0, 1, 0, 2, 0, 1, 0, 2, 1, 0, 0, 1, 1, 3, 1, 1, 3, 0, 1, 0, 0, 2, 0, 0, 0, 0, 1, 0, 2, 0, 1, 0, 1, 0, 0, 0, 1, 0, 0, 0, 1, 0],801.427594812029,57868.49349465401,91455.85780813712,true
21,G1_CMAX,G1_CMAX,[31, 22, 82, 15, 26, 9, 42, 77, 12, 5, 47, 93, 78, 86, 54, 6, 63, 18, 44, 20, 35, 43, 97, 91, 76, 10, 30, 21, 45, 17, 23, 1, 71, 83, 24, 14, 60, 36, 85, 57, 40, 95, 88, 65, 56, 79, 94, 67, 68, 46, 75, 38, 58, 19, 32, 81, 41, 62, 87, 28, 90, 59, 11, 16, 72, 73, 69, 52, 37, 64, 84, 3, 25, 29, 55, 51, 7, 98, 61, 66, 99, 33, 89, 48, 50, 96, 53, 80, 4, 8, 27, 2, 39, 13, 0, 92, 49, 74, 34, 70]|[1, 1, 0, 1, 1, 1, 2, 2, 1, 2, 2, 1, 1, 1, 0, 0, 1, 0, 2, 2, 0, 1, 2, 2, 1, 2, 2, 0, 0, 1, 2, 1, 1, 0, 2, 0, 1, 1, 0, 1, 1, 1, 1, 0, 2, 1, 1, 0, 0, 0, 0, 1, 1, 2, 1, 2, 0, 0, 2, 0, 1, 2, 2, 1, 2, 1, 1, 1, 1, 1, 1, 2, 1, 0, 2, 0, 1, 2, 1, 0, 0, 2, 1, 0, 0, 2, 0, 0, 1, 1, 0, 0, 1, 0, 0, 0, 0, 2, 2, 1]|[0, 3, 1, 2, 0, 0, 1, 1, 4, 1, 1, 4, 4, 4, 2, 2, 4, 2, 1, 1, 1, 1, 2, 1, 2, 1, 1, 1, 1, 4, 0, 3, 3, 0, 1, 1, 0, 3, 2, 2, 2, 2, 0, 1, 1, 0, 4, 0, 1, 2, 2, 1, 4, 0, 3, 2, 1, 2, 1, 2, 3, 1, 1, 3, 0, 4, 4, 1, 4, 3, 1, 2, 4, 1, 1, 1, 1, 1, 3, 1, 1, 1, 1, 1, 1, 1, 2, 1, 4, 3, 2, 2, 1, 2, 2, 0, 1, 1, 1, 4]|[1, 1, 1, 1, 3, 3, 0, 0, 0, 0, 0, 2, 0, 1, 0, 0, 3, 1, 0, 0, 0, 3, 1, 0, 2, 0, 0, 0, 1, 3, 0, 0, 0, 0, 1, 0, 0, 2, 1, 1, 1, 1, 0, 0, 0, 0, 2, 1, 0, 0, 0, 1, 3, 0, 0, 1, 0, 1, 0, 1, 2, 0, 0, 2, 1, 0, 2, 1, 1, 0, 3, 1, 3, 0, 0, 0, 2, 0, 0, 0, 0, 0, 1, 0, 0, 0, 1, 0, 0, 2, 1, 0, 1, 0, 0, 1, 1, 0, 0, 2],733.3116759547878,58140.55643565909,96674.14109675489,false
21,G4_BALANCED,G4_BALANCED,[31, 11, 15, 82, 26, 9, 95, 32, 77, 68, 47, 5, 93, 78, 86, 54, 85, 63, 18, 44, 20, 49, 36, 14, 74, 50, 53, 17, 21, 45, 71, 64, 3, 23, 30, 83, 24, 41, 60, 52, 65, 27, 90, 70, 39, 87, 48, 69, 99, 4, 46, 1, 13, 58, 97, 59, 28, 75, 73, 37, 35, 79, 22, 66, 76, 42, 40, 80, 96, 6, 16, 61, 33, 7, 57, 34, 12, 67, 10, 98, 56, 88, 29, 8, 91, 38, 19, 92, 43, 84, 51, 72, 81, 25, 94, 55, 0, 89, 2, 62]|[2, 1, 1, 2, 1, 2, 1, 1, 1, 1, 1, 0, 2, 2, 1, 2, 0, 0, 0, 2, 2, 1, 0, 2, 0, 2, 2, 1, 0, 1, 1, 1, 0, 0, 1, 0, 2, 1, 2, 2, 0, 0, 1, 1, 0, 2, 0, 2, 1, 0, 0, 2, 0, 0, 2, 0, 1, 0, 0, 0, 2, 1, 0, 2, 2, 0, 2, 2, 0, 1, 2, 1, 1, 2, 0, 1, 1, 1, 1, 2, 2, 1, 1, 1, 1, 0, 1, 0, 1, 0, 1, 1, 1, 1, 2, 0, 0, 1, 2, 1]|[1, 3, 2, 0, 4, 1, 4, 4, 2, 4, 3, 2, 1, 0, 2, 1, 1, 1, 2, 1, 1, 3, 0, 1, 0, 1, 1, 4, 1, 4, 3, 2, 2, 0, 4, 1, 1, 4, 0, 1, 2, 1, 4, 4, 1, 1, 0, 2, 3, 1, 2, 1, 2, 1, 1, 2, 4, 2, 0, 2, 2, 3, 1, 0, 1, 2, 0, 1, 2, 4, 1, 3, 4, 1, 2, 4, 3, 3, 3, 1, 1, 4, 3, 3, 3, 2, 4, 2, 4, 2, 3, 4, 1, 4, 1, 2, 2, 4, 1, 3]|[1, 2, 1, 0, 3, 0, 1, 3, 0, 0, 2, 0, 1, 0, 1, 0, 0, 0, 1, 0, 0, 2, 0, 0, 1, 0, 0, 3, 0, 1, 0, 2, 0, 1, 3, 0, 1, 3, 1, 0, 0, 0, 1, 3, 0, 0, 1, 0, 2, 0, 0, 0, 0, 0, 1, 0, 1, 0, 1, 1, 0, 2, 0, 0, 0, 0, 0, 0, 0, 2, 0, 0, 1, 0, 0, 1, 0, 0, 3, 0, 0, 1, 0, 0, 0, 0, 3, 0, 2, 0, 0, 2, 1, 3, 0, 0, 0, 1, 0, 0],842.3358630601143,52535.59882498444,107349.69971746493,false
21,G2_TEC,G2_TEC,[31, 22, 82, 15, 26, 9, 95, 42, 77, 68, 47, 5, 93, 78, 86, 54, 85, 63, 18, 44, 20, 49, 36, 14, 74, 50, 53, 17, 21, 28, 71, 64, 3, 23, 30, 83, 24, 41, 40, 52, 65, 27, 90, 70, 39, 87, 48, 69, 99, 4, 46, 1, 13, 58, 97, 59, 45, 8, 73, 37, 35, 79, 11, 66, 76, 32, 60, 80, 96, 6, 16, 61, 19, 7, 57, 34, 12, 67, 10, 98, 56, 88, 29, 75, 91, 38, 33, 92, 2, 84, 51, 72, 81, 25, 43, 55, 62, 89, 94, 0]|[2, 1, 2, 1, 1, 2, 1, 1, 1, 1, 1, 0, 2, 2, 1, 2, 0, 0, 0, 2, 2, 1, 0, 2, 0, 2, 2, 1, 0, 1, 1, 1, 0, 0, 1, 0, 2, 1, 2, 2, 0, 0, 1, 1, 0, 2, 0, 2, 1, 0, 0, 2, 0, 0, 2, 0, 1, 1, 0, 0, 2, 1, 0, 2, 2, 0, 2, 2, 0, 1, 2, 1, 1, 2, 0, 1, 1, 1, 1, 2, 2, 1, 1, 0, 1, 0, 1, 0, 2, 0, 1, 1, 1, 1, 1, 0, 1, 1, 2, 0]|[0, 3, 0, 3, 4, 1, 4, 4, 2, 4, 3, 2, 1, 0, 2, 1, 1, 1, 2, 1, 1, 3, 0, 1, 0, 1, 1, 4, 1, 4, 3, 2, 2, 0, 4, 1, 1, 4, 0, 1, 2, 1, 4, 4, 1, 1, 0, 2, 3, 1, 2, 1, 2, 1, 1, 2, 4, 3, 0, 2, 2, 3, 1, 0, 1, 2, 0, 1, 2, 4, 1, 3, 4, 1, 2, 4, 3, 3, 3, 1, 1, 4, 3, 2, 3, 2, 4, 2, 1, 2, 3, 4, 4, 4, 4, 2, 3, 4, 1, 2]|[0, 2, 0, 0, 3, 0, 1, 3, 0, 0, 2, 0, 1, 0, 1, 0, 0, 0, 1, 0, 0, 2, 0, 0, 1, 0, 0, 3, 0, 1, 0, 2, 0, 0, 3, 0, 1, 3, 0, 0, 0, 0, 1, 3, 0, 0, 1, 0, 2, 0, 0, 0, 0, 0, 1, 0, 1, 0, 1, 1, 0, 2, 0, 0, 0, 0, 0, 0, 0, 2, 0, 0, 1, 0, 0, 1, 0, 0, 3, 0, 0, 1, 0, 0, 0, 0, 1, 0, 0, 0, 0, 2, 1, 3, 2, 0, 0, 1, 0, 0],890.9074744783937,50673.96227735626,113466.60083846681,false
21,G3_TWC,G1_CMAX,[31, 22, 82, 15, 26, 9, 42, 95, 77, 12, 47, 5, 93, 78, 86, 54, 85, 63, 18, 44, 20, 35, 43, 97, 91, 76, 10, 30, 21, 45, 71, 64, 1, 23, 17, 83, 24, 14, 60, 36, 6, 57, 94, 88, 65, 56, 79, 40, 67, 68, 46, 75, 38, 58, 19, 32, 81, 41, 27, 62, 87, 90, 99, 59, 11, 16, 72, 73, 69, 39, 37, 84, 3, 92, 25, 55, 28, 29, 51, 7, 33, 61, 98, 66, 89, 50, 8, 96, 53, 80, 4, 48, 34, 2, 52, 13, 0, 70, 49, 74]|[1, 1, 0, 1, 1, 1, 2, 1, 2, 1, 2, 2, 2, 1, 1, 0, 0, 1, 0, 2, 2, 0, 1, 2, 0, 1, 2, 2, 0, 0, 1, 2, 1, 2, 1, 0, 2, 0, 1, 1, 0, 1, 1, 1, 0, 2, 1, 1, 0, 0, 0, 0, 1, 1, 2, 1, 2, 0, 0, 0, 2, 1, 0, 1, 2, 1, 2, 1, 1, 1, 1, 1, 1, 0, 1, 2, 0, 0, 0, 1, 2, 1, 0, 2, 1, 0, 1, 0, 0, 0, 0, 0, 2, 0, 1, 0, 0, 1, 0, 2]|[4, 3, 2, 2, 0, 0, 2, 2, 2, 4, 1, 1, 2, 4, 4, 1, 2, 4, 2, 1, 1, 1, 1, 2, 1, 2, 1, 1, 1, 1, 3, 2, 3, 0, 4, 0, 1, 1, 0, 3, 2, 2, 2, 0, 1, 1, 0, 4, 0, 1, 2, 2, 1, 4, 0, 3, 2, 1, 1, 2, 1, 3, 1, 1, 1, 3, 0, 4, 3, 1, 4, 1, 1, 0, 4, 1, 2, 1, 1, 3, 1, 3, 1, 1, 1, 1, 3, 1, 2, 1, 2, 1, 1, 2, 1, 2, 2, 3, 1, 1]|[0, 2, 1, 1, 3, 3, 0, 1, 0, 0, 0, 0, 1, 0, 1, 0, 0, 3, 1, 0, 0, 0, 3, 1, 0, 2, 0, 0, 0, 1, 0, 0, 0, 0, 3, 0, 1, 0, 0, 2, 1, 1, 1, 0, 0, 0, 0, 2, 1, 0, 0, 0, 1, 3, 0, 0, 1, 0, 0, 1, 0, 2, 0, 1, 0, 2, 1, 0, 0, 1, 1, 3, 1, 1, 3, 0, 1, 0, 0, 2, 0, 0, 0, 0, 1, 0, 2, 0, 1, 0, 1, 0, 0, 0, 1, 0, 0, 0, 1, 0],801.427594812029,57868.49349465401,91455.85780813712,true
21,G1_CMAX,G3_TWC,[31, 22, 82, 15, 26, 9, 42, 95, 77, 12, 47, 5, 93, 78, 86, 54, 85, 63, 18, 44, 20, 35, 43, 97, 91, 76, 10, 30, 21, 45, 71, 64, 1, 23, 17, 83, 24, 14, 60, 36, 6, 57, 94, 88, 65, 56, 79, 40, 67, 68, 46, 75, 38, 58, 19, 32, 81, 55, 27, 62, 87, 90, 99, 59, 11, 16, 72, 73, 70, 39, 37, 84, 3, 92, 25, 41, 28, 29, 51, 7, 66, 61, 98, 33, 89, 50, 8, 96, 34, 53, 48, 4, 80, 2, 52, 0, 13, 69, 49, 74]|[1, 1, 0, 1, 1, 1, 2, 1, 2, 1, 2, 2, 2, 1, 1, 0, 0, 1, 0, 2, 2, 0, 1, 2, 0, 1, 2, 2, 0, 0, 1, 2, 1, 2, 1, 0, 2, 0, 1, 1, 0, 1, 1, 1, 0, 2, 1, 1, 0, 0, 0, 0, 1, 1, 2, 1, 2, 2, 0, 0, 2, 1, 0, 1, 2, 1, 2, 1, 1, 1, 1, 1, 1, 0, 1, 0, 0, 0, 0, 1, 2, 1, 2, 2, 1, 0, 1, 2, 2, 0, 0, 1, 0, 0, 1, 0, 0, 1, 0, 2]|[4, 3, 2, 2, 0, 0, 2, 2, 2, 4, 1, 1, 2, 4, 4, 1, 2, 4, 2, 1, 1, 1, 1, 2, 1, 2, 1, 1, 1, 1, 3, 2, 3, 0, 4, 0, 1, 1, 0, 3, 2, 2, 2, 0, 1, 1, 0, 4, 0, 1, 2, 2, 1, 4, 0, 3, 2, 1, 1, 2, 1, 3, 1, 1, 1, 3, 0, 4, 3, 1, 4, 1, 1, 0, 4, 2, 2, 1, 1, 3, 1, 3, 1, 1, 1, 1, 3, 1, 1, 2, 1, 4, 1, 2, 1, 2, 2, 3, 1, 1]|[0, 2, 1, 1, 3, 3, 0, 1, 0, 0, 0, 0, 1, 0, 1, 0, 0, 3, 1, 0, 0, 0, 3, 1, 0, 2, 0, 0, 0, 1, 0, 0, 0, 0, 3, 0, 1, 0, 0, 2, 1, 1, 1, 0, 0, 0, 0, 2, 1, 0, 0, 0, 1, 3, 0, 0, 1, 0, 0, 1, 0, 2, 0, 1, 0, 2, 1, 0, 0, 1, 1, 3, 1, 1, 3, 0, 1, 0, 0, 2, 0, 0, 0, 0, 1, 0, 2, 0, 0, 1, 0, 0, 0, 0, 1, 0, 0, 0, 1, 0],739.3899180919177,57414.338051072744,93496.015818791,true
21,G4_BALANCED,G4_BALANCED,[31, 11, 15, 82, 26, 9, 95, 32, 77, 68, 47, 5, 93, 78, 86, 54, 85, 63, 18, 44, 20, 49, 36, 14, 74, 50, 53, 17, 21, 45, 71, 64, 3, 23, 30, 83, 24, 41, 60, 52, 65, 27, 90, 70, 39, 87, 48, 69, 99, 4, 46, 1, 13, 58, 97, 59, 28, 75, 73, 37, 35, 79, 22, 66, 76, 42, 40, 80, 96, 6, 16, 61, 33, 7, 57, 34, 12, 67, 10, 98, 56, 88, 29, 8, 91, 38, 19, 92, 43, 84, 51, 72, 81, 25, 94, 55, 0, 89, 2, 62]|[2, 1, 1, 2, 1, 2, 1, 1, 1, 1, 1, 0, 2, 2, 1, 2, 0, 0, 0, 2, 2, 1, 0, 2, 0, 2, 2, 1, 0, 1, 1, 1, 0, 0, 1, 0, 2, 1, 2, 2, 0, 0, 1, 1, 0, 2, 0, 2, 1, 0, 0, 2, 0, 0, 2, 0, 1, 0, 0, 0, 2, 1, 0, 2, 2, 0, 2, 2, 0, 1, 2, 1, 1, 2, 0, 1, 1, 1, 1, 2, 2, 1, 1, 1, 1, 0, 1, 0, 1, 0, 1, 1, 1, 1, 2, 0, 0, 1, 2, 1]|[1, 3, 2, 0, 4, 1, 4, 4, 2, 4, 3, 2, 1, 0, 2, 1, 1, 1, 2, 1, 1, 3, 0, 1, 0, 1, 1, 4, 1, 4, 3, 2, 2, 0, 4, 1, 1, 4, 0, 1, 2, 1, 4, 4, 1, 1, 0, 2, 3, 1, 2, 1, 2, 1, 1, 2, 4, 2, 0, 2, 2, 3, 1, 0, 1, 2, 0, 1, 2, 4, 1, 3, 4, 1, 2, 4, 3, 3, 3, 1, 1, 4, 3, 3, 3, 2, 4, 2, 4, 2, 3, 4, 1, 4, 1, 2, 2, 4, 1, 3]|[1, 2, 1, 0, 3, 0, 1, 3, 0, 0, 2, 0, 1, 0, 1, 0, 0, 0, 1, 0, 0, 2, 0, 0, 1, 0, 0, 3, 0, 1, 0, 2, 0, 1, 3, 0, 1, 3, 1, 0, 0, 0, 1, 3, 0, 0, 1, 0, 2, 0, 0, 0, 0, 0, 1, 0, 1, 0, 1, 1, 0, 2, 0, 0, 0, 0, 0, 0, 0, 2, 0, 0, 1, 0, 0, 1, 0, 0, 3, 0, 0, 1, 0, 0, 0, 0, 3, 0, 2, 0, 0, 2, 1, 3, 0, 0, 0, 1, 0, 0],842.3358630601143,52535.59882498444,107349.69971746493,false
21,G2_TEC,G2_TEC,[31, 22, 82, 15, 26, 9, 95, 42, 77, 68, 47, 5, 93, 78, 86, 54, 85, 63, 18, 44, 20, 49, 36, 14, 74, 50, 53, 17, 21, 28, 71, 64, 3, 23, 30, 83, 24, 41, 40, 52, 65, 27, 90, 70, 39, 87, 48, 69, 99, 4, 46, 1, 13, 58, 97, 59, 45, 8, 73, 37, 35, 79, 11, 66, 76, 32, 60, 80, 96, 6, 16, 61, 19, 7, 57, 34, 12, 67, 10, 98, 56, 88, 29, 75, 91, 38, 33, 92, 2, 84, 51, 72, 81, 25, 43, 55, 62, 89, 94, 0]|[2, 1, 2, 1, 1, 2, 1, 1, 1, 1, 1, 0, 2, 2, 1, 2, 0, 0, 0, 2, 2, 1, 0, 2, 0, 2, 2, 1, 0, 1, 1, 1, 0, 0, 1, 0, 2, 1, 2, 2, 0, 0, 1, 1, 0, 2, 0, 2, 1, 0, 0, 2, 0, 0, 2, 0, 1, 1, 0, 0, 2, 1, 0, 2, 2, 0, 2, 2, 0, 1, 2, 1, 1, 2, 0, 1, 1, 1, 1, 2, 2, 1, 1, 0, 1, 0, 1, 0, 2, 0, 1, 1, 1, 1, 1, 0, 1, 1, 2, 0]|[0, 3, 0, 3, 4, 1, 4, 4, 2, 4, 3, 2, 1, 0, 2, 1, 1, 1, 2, 1, 1, 3, 0, 1, 0, 1, 1, 4, 1, 4, 3, 2, 2, 0, 4, 1, 1, 4, 0, 1, 2, 1, 4, 4, 1, 1, 0, 2, 3, 1, 2, 1, 2, 1, 1, 2, 4, 3, 0, 2, 2, 3, 1, 0, 1, 2, 0, 1, 2, 4, 1, 3, 4, 1, 2, 4, 3, 3, 3, 1, 1, 4, 3, 2, 3, 2, 4, 2, 1, 2, 3, 4, 4, 4, 4, 2, 3, 4, 1, 2]|[0, 2, 0, 0, 3, 0, 1, 3, 0, 0, 2, 0, 1, 0, 1, 0, 0, 0, 1, 0, 0, 2, 0, 0, 1, 0, 0, 3, 0, 1, 0, 2, 0, 0, 3, 0, 1, 3, 0, 0, 0, 0, 1, 3, 0, 0, 1, 0, 2, 0, 0, 0, 0, 0, 1, 0, 1, 0, 1, 1, 0, 2, 0, 0, 0, 0, 0, 0, 0, 2, 0, 0, 1, 0, 0, 1, 0, 0, 3, 0, 0, 1, 0, 0, 0, 0, 1, 0, 0, 0, 0, 2, 1, 3, 2, 0, 0, 1, 0, 0],890.9074744783937,50673.96227735626,113466.60083846681,false
21,G3_TWC,G1_CMAX,[31, 22, 82, 15, 26, 9, 42, 95, 77, 12, 47, 5, 93, 78, 86, 54, 85, 63, 18, 44, 20, 35, 43, 97, 91, 76, 10, 30, 21, 45, 71, 64, 1, 23, 17, 83, 24, 14, 60, 36, 6, 57, 94, 88, 65, 56, 79, 40, 67, 68, 46, 75, 38, 58, 19, 32, 81, 41, 27, 62, 87, 90, 99, 59, 11, 16, 72, 73, 69, 39, 37, 84, 3, 92, 25, 55, 28, 29, 51, 7, 33, 61, 98, 66, 89, 50, 8, 96, 53, 80, 4, 48, 34, 2, 52, 13, 0, 70, 49, 74]|[1, 1, 0, 1, 1, 1, 2, 1, 2, 1, 2, 2, 2, 1, 1, 0, 0, 1, 0, 2, 2, 0, 1, 2, 0, 1, 2, 2, 0, 0, 1, 2, 1, 2, 1, 0, 2, 0, 1, 1, 0, 1, 1, 1, 0, 2, 1, 1, 0, 0, 0, 0, 1, 1, 2, 1, 2, 0, 0, 0, 2, 1, 0, 1, 2, 1, 2, 1, 1, 1, 1, 1, 1, 0, 1, 2, 0, 0, 0, 1, 2, 1, 0, 2, 1, 0, 1, 0, 0, 0, 0, 0, 2, 0, 1, 0, 0, 1, 0, 2]|[4, 3, 2, 2, 0, 0, 2, 2, 2, 4, 1, 1, 2, 4, 4, 1, 2, 4, 2, 1, 1, 1, 1, 2, 1, 2, 1, 1, 1, 1, 3, 2, 3, 0, 4, 0, 1, 1, 0, 3, 2, 2, 2, 0, 1, 1, 0, 4, 0, 1, 2, 2, 1, 4, 0, 3, 2, 1, 1, 2, 1, 3, 1, 1, 1, 3, 0, 4, 3, 1, 4, 1, 1, 0, 4, 1, 2, 1, 1, 3, 1, 3, 1, 1, 1, 1, 3, 1, 2, 1, 2, 1, 1, 2, 1, 2, 2, 3, 1, 1]|[0, 2, 1, 1, 3, 3, 0, 1, 0, 0, 0, 0, 1, 0, 1, 0, 0, 3, 1, 0, 0, 0, 3, 1, 0, 2, 0, 0, 0, 1, 0, 0, 0, 0, 3, 0, 1, 0, 0, 2, 1, 1, 1, 0, 0, 0, 0, 2, 1, 0, 0, 0, 1, 3, 0, 0, 1, 0, 0, 1, 0, 2, 0, 1, 0, 2, 1, 0, 0, 1, 1, 3, 1, 1, 3, 0, 1, 0, 0, 2, 0, 0, 0, 0, 1, 0, 2, 0, 1, 0, 1, 0, 0, 0, 1, 0, 0, 0, 1, 0],801.427594812029,57868.49349465401,91455.85780813712,true
21,G1_CMAX,G1_CMAX,[31, 22, 82, 15, 26, 9, 42, 77, 12, 5, 47, 93, 78, 86, 54, 6, 63, 18, 44, 20, 35, 43, 97, 91, 76, 10, 30, 21, 45, 17, 23, 1, 71, 83, 24, 14, 60, 36, 85, 57, 40, 95, 88, 65, 56, 79, 94, 67, 68, 46, 75, 38, 58, 19, 32, 81, 41, 62, 87, 28, 90, 59, 11, 16, 72, 73, 69, 52, 37, 64, 84, 3, 25, 29, 55, 51, 7, 98, 61, 66, 99, 33, 89, 48, 50, 96, 53, 80, 4, 8, 27, 2, 39, 13, 0, 92, 49, 74, 34, 70]|[1, 1, 0, 1, 1, 1, 2, 2, 1, 2, 2, 1, 1, 1, 0, 0, 1, 0, 2, 2, 0, 1, 2, 2, 1, 2, 2, 0, 0, 1, 2, 1, 1, 0, 2, 0, 1, 1, 0, 1, 1, 1, 1, 0, 2, 1, 1, 0, 0, 0, 0, 1, 1, 2, 1, 2, 0, 0, 2, 0, 1, 2, 2, 1, 2, 1, 1, 1, 1, 1, 1, 2, 1, 0, 2, 0, 1, 2, 1, 0, 0, 2, 1, 0, 0, 2, 0, 0, 1, 1, 0, 0, 1, 0, 0, 0, 0, 2, 2, 1]|[0, 3, 1, 2, 0, 0, 1, 1, 4, 1, 1, 4, 4, 4, 2, 2, 4, 2, 1, 1, 1, 1, 2, 1, 2, 1, 1, 1, 1, 4, 0, 3, 3, 0, 1, 1, 0, 3, 2, 2, 2, 2, 0, 1, 1, 0, 4, 0, 1, 2, 2, 1, 4, 0, 3, 2, 1, 2, 1, 2, 3, 1, 1, 3, 0, 4, 4, 1, 4, 3, 1, 2, 4, 1, 1, 1, 1, 1, 3, 1, 1, 1, 1, 1, 1, 1, 2, 1, 4, 3, 2, 2, 1, 2, 2, 0, 1, 1, 1, 4]|[1, 1, 1, 1, 3, 3, 0, 0, 0, 0, 0, 2, 0, 1, 0, 0, 3, 1, 0, 0, 0, 3, 1, 0, 2, 0, 0, 0, 1, 3, 0, 0, 0, 0, 1, 0, 0, 2, 1, 1, 1, 1, 0, 0, 0, 0, 2, 1, 0, 0, 0, 1, 3, 0, 0, 1, 0, 1, 0, 1, 2, 0, 0, 2, 1, 0, 2, 1, 1, 0, 3, 1, 3, 0, 0, 0, 2, 0, 0, 0, 0, 0, 1, 0, 0, 0, 1, 0, 0, 2, 1, 0, 1, 0, 0, 1, 1, 0, 0, 2],733.3116759547878,58140.55643565909,96674.14109675489,false
21,G4_BALANCED,G2_TEC,[31, 22, 82, 15, 26, 9, 95, 42, 77, 68, 47, 5, 93, 78, 86, 54, 85, 63, 18, 44, 20, 49, 36, 14, 74, 50, 53, 17, 21, 28, 11, 64, 3, 23, 30, 83, 24, 41, 40, 52, 65, 27, 90, 70, 39, 87, 48, 69, 99, 4, 46, 1, 13, 58, 97, 59, 45, 8, 73, 37, 35, 79, 71, 66, 76, 32, 60, 80, 96, 6, 16, 61, 33, 7, 57, 34, 12, 67, 10, 98, 56, 88, 29, 25, 91, 38, 19, 92, 43, 84, 51, 72, 81, 75, 0, 55, 62, 89, 94, 2]|[2, 1, 2, 1, 1, 1, 1, 1, 1, 1, 1, 0, 2, 2, 1, 2, 0, 0, 0, 2, 2, 1, 0, 2, 0, 2, 2, 1, 0, 1, 1, 1, 0, 0, 1, 0, 2, 1, 2, 2, 0, 0, 1, 1, 0, 2, 0, 2, 1, 0, 0, 2, 0, 0, 2, 0, 1, 1, 0, 0, 2, 1, 1, 2, 2, 0, 2, 2, 0, 1, 2, 1, 1, 2, 0, 1, 1, 1, 1, 2, 2, 1, 1, 1, 1, 0, 1, 0, 1, 0, 1, 1, 1, 0, 0, 0, 1, 1, 2, 2]|[0, 3, 0, 3, 4, 4, 4, 4, 2, 4, 3, 2, 1, 0, 2, 1, 1, 1, 2, 1, 1, 3, 0, 1, 0, 1, 1, 4, 1, 4, 3, 2, 2, 0, 4, 1, 1, 4, 0, 1, 2, 1, 4, 4, 1, 1, 0, 2, 3, 2, 2, 1, 2, 1, 1, 2, 4, 3, 0, 2, 2, 3, 3, 0, 1, 2, 0, 1, 2, 4, 1, 3, 4, 1, 2, 4, 3, 3, 3, 1, 1, 4, 3, 4, 3, 2, 4, 2, 4, 2, 3, 4, 4, 2, 2, 2, 3, 4, 1, 1]|[0, 2, 0, 0, 3, 1, 1, 3, 0, 0, 2, 0, 1, 0, 1, 0, 0, 0, 1, 0, 0, 2, 0, 0, 1, 0, 0, 3, 0, 1, 0, 2, 0, 0, 3, 0, 1, 3, 0, 0, 0, 0, 1, 3, 0, 0, 1, 0, 2, 0, 0, 0, 0, 0, 1, 0, 1, 0, 1, 1, 0, 2, 0, 0, 0, 0, 0, 0, 0, 2, 0, 0, 1, 0, 0, 1, 0, 0, 3, 0, 0, 1, 0, 3, 0, 0, 1, 0, 2, 0, 0, 2, 1, 0, 0, 0, 0, 1, 0, 0],933.1479627820974,50596.16305115861,113157.48616054395,true
21,G2_TEC,G2_TEC,[31, 22, 82, 15, 26, 9, 95, 42, 77, 68, 47, 5, 93, 78, 86, 54, 85, 63, 18, 44, 20, 49, 36, 14, 74, 50, 53, 17, 21, 28, 71, 64, 3, 23, 30, 83, 24, 41, 40, 52, 65, 27, 90, 70, 39, 87, 48, 69, 99, 4, 46, 1, 13, 58, 97, 59, 45, 8, 73, 37, 35, 79, 11, 66, 76, 32, 60, 80, 96, 6, 16, 61, 19, 7, 57, 34, 12, 67, 10, 98, 56, 88, 29, 75, 91, 38, 33, 92, 2, 84, 51, 72, 81, 25, 43, 55, 62, 89, 94, 0]|[2, 1, 2, 1, 1, 2, 1, 1, 1, 1, 1, 0, 2, 2, 1, 2, 0, 0, 0, 2, 2, 1, 0, 2, 0, 2, 2, 1, 0, 1, 1, 1, 0, 0, 1, 0, 2, 1, 2, 2, 0, 0, 1, 1, 0, 2, 0, 2, 1, 0, 0, 2, 0, 0, 2, 0, 1, 1, 0, 0, 2, 1, 0, 2, 2, 0, 2, 2, 0, 1, 2, 1, 1, 2, 0, 1, 1, 1, 1, 2, 2, 1, 1, 0, 1, 0, 1, 0, 2, 0, 1, 1, 1, 1, 1, 0, 1, 1, 2, 0]|[0, 3, 0, 3, 4, 1, 4, 4, 2, 4, 3, 2, 1, 0, 2, 1, 1, 1, 2, 1, 1, 3, 0, 1, 0, 1, 1, 4, 1, 4, 3, 2, 2, 0, 4, 1, 1, 4, 0, 1, 2, 1, 4, 4, 1, 1, 0, 2, 3, 1, 2, 1, 2, 1, 1, 2, 4, 3, 0, 2, 2, 3, 1, 0, 1, 2, 0, 1, 2, 4, 1, 3, 4, 1, 2, 4, 3, 3, 3, 1, 1, 4, 3, 2, 3, 2, 4, 2, 1, 2, 3, 4, 4, 4, 4, 2, 3, 4, 1, 2]|[0, 2, 0, 0, 3, 0, 1, 3, 0, 0, 2, 0, 1, 0, 1, 0, 0, 0, 1, 0, 0, 2, 0, 0, 1, 0, 0, 3, 0, 1, 0, 2, 0, 0, 3, 0, 1, 3, 0, 0, 0, 0, 1, 3, 0, 0, 1, 0, 2, 0, 0, 0, 0, 0, 1, 0, 1, 0, 1, 1, 0, 2, 0, 0, 0, 0, 0, 0, 0, 2, 0, 0, 1, 0, 0, 1, 0, 0, 3, 0, 0, 1, 0, 0, 0, 0, 1, 0, 0, 0, 0, 2, 1, 3, 2, 0, 0, 1, 0, 0],890.9074744783937,50673.96227735626,113466.60083846681,false
21,G3_TWC,G1_CMAX,[31, 22, 82, 15, 26, 9, 42, 95, 77, 12, 47, 5, 93, 78, 86, 54, 85, 63, 18, 44, 20, 35, 43, 97, 91, 76, 10, 30, 21, 45, 71, 64, 1, 23, 17, 83, 24, 14, 60, 36, 6, 57, 94, 88, 65, 56, 79, 40, 67, 68, 46, 75, 38, 58, 19, 32, 81, 41, 27, 62, 87, 90, 99, 59, 11, 16, 72, 73, 69, 39, 37, 84, 3, 92, 25, 55, 28, 29, 51, 7, 33, 61, 98, 66, 89, 50, 8, 96, 53, 80, 4, 48, 34, 2, 52, 13, 0, 70, 49, 74]|[1, 1, 0, 1, 1, 1, 2, 1, 2, 1, 2, 2, 2, 1, 1, 0, 0, 1, 0, 2, 2, 0, 1, 2, 0, 1, 2, 2, 0, 0, 1, 2, 1, 2, 1, 0, 2, 0, 1, 1, 0, 1, 1, 1, 0, 2, 1, 1, 0, 0, 0, 0, 1, 1, 2, 1, 2, 0, 0, 0, 2, 1, 0, 1, 2, 1, 2, 1, 1, 1, 1, 1, 1, 0, 1, 2, 0, 0, 0, 1, 2, 1, 0, 2, 1, 0, 1, 0, 0, 0, 0, 0, 2, 0, 1, 0, 0, 1, 0, 2]|[4, 3, 2, 2, 0, 0, 2, 2, 2, 4, 1, 1, 2, 4, 4, 1, 2, 4, 2, 1, 1, 1, 1, 2, 1, 2, 1, 1, 1, 1, 3, 2, 3, 0, 4, 0, 1, 1, 0, 3, 2, 2, 2, 0, 1, 1, 0, 4, 0, 1, 2, 2, 1, 4, 0, 3, 2, 1, 1, 2, 1, 3, 1, 1, 1, 3, 0, 4, 3, 1, 4, 1, 1, 0, 4, 1, 2, 1, 1, 3, 1, 3, 1, 1, 1, 1, 3, 1, 2, 1, 2, 1, 1, 2, 1, 2, 2, 3, 1, 1]|[0, 2, 1, 1, 3, 3, 0, 1, 0, 0, 0, 0, 1, 0, 1, 0, 0, 3, 1, 0, 0, 0, 3, 1, 0, 2, 0, 0, 0, 1, 0, 0, 0, 0, 3, 0, 1, 0, 0, 2, 1, 1, 1, 0, 0, 0, 0, 2, 1, 0, 0, 0, 1, 3, 0, 0, 1, 0, 0, 1, 0, 2, 0, 1, 0, 2, 1, 0, 0, 1, 1, 3, 1, 1, 3, 0, 1, 0, 0, 2, 0, 0, 0, 0, 1, 0, 2, 0, 1, 0, 1, 0, 0, 0, 1, 0, 0, 0, 1, 0],801.427594812029,57868.49349465401,91455.85780813712,true
21,G1_CMAX,G1_CMAX,[31, 22, 82, 15, 26, 9, 42, 40, 77, 12, 47, 5, 93, 78, 86, 54, 85, 63, 18, 44, 20, 35, 43, 97, 91, 76, 10, 30, 21, 45, 71, 64, 1, 23, 17, 83, 28, 14, 60, 36, 6, 57, 94, 88, 65, 56, 79, 95, 67, 68, 46, 75, 38, 58, 19, 32, 81, 41, 27, 62, 87, 90, 99, 59, 11, 16, 72, 73, 69, 39, 37, 84, 3, 92, 25, 55, 24, 29, 51, 7, 33, 61, 98, 48, 89, 50, 8, 96, 34, 53, 66, 4, 80, 2, 52, 0, 13, 70, 49, 74]|[1, 1, 0, 1, 1, 1, 1, 2, 2, 1, 2, 2, 2, 1, 1, 0, 0, 1, 0, 2, 2, 0, 1, 2, 0, 1, 2, 2, 0, 0, 1, 2, 1, 2, 1, 0, 2, 0, 1, 1, 0, 1, 1, 1, 0, 2, 1, 1, 0, 0, 0, 0, 1, 1, 2, 1, 2, 0, 0, 0, 2, 1, 0, 1, 2, 1, 2, 1, 1, 1, 1, 1, 1, 0, 1, 2, 2, 0, 0, 1, 2, 1, 0, 0, 1, 0, 1, 2, 2, 0, 2, 0, 0, 0, 1, 0, 0, 1, 0, 2]|[4, 3, 2, 2, 0, 0, 2, 2, 2, 4, 1, 1, 2, 4, 4, 1, 2, 4, 2, 1, 1, 1, 1, 2, 1, 2, 1, 1, 1, 1, 3, 2, 3, 0, 4, 0, 1, 1, 0, 3, 2, 2, 2, 0, 1, 1, 0, 4, 0, 1, 2, 2, 1, 4, 0, 3, 2, 1, 1, 2, 1, 3, 1, 1, 1, 3, 0, 4, 3, 1, 4, 1, 1, 0, 4, 1, 1, 1, 1, 3, 1, 3, 1, 1, 1, 1, 3, 1, 1, 2, 1, 2, 1, 2, 1, 2, 2, 4, 1, 1]|[0, 2, 1, 1, 3, 3, 1, 0, 0, 0, 0, 0, 1, 0, 1, 0, 0, 3, 1, 0, 0, 0, 3, 1, 0, 2, 0, 0, 0, 1, 0, 0, 0, 0, 3, 0, 1, 0, 0, 2, 1, 1, 1, 0, 0, 0, 0, 2, 1, 0, 0, 0, 1, 3, 0, 0, 1, 0, 0, 1, 0, 2, 0, 1, 0, 2, 1, 0, 0, 1, 1, 3, 1, 1, 3, 0, 1, 0, 0, 2, 0, 0, 0, 0, 1, 0, 2, 0, 0, 1, 0, 1, 0, 0, 1, 0, 0, 2, 1, 0],763.6748095047334,58344.72133131379,93139.2081556008,false
21,G4_BALANCED,G2_TEC,[31, 22, 82, 15, 26, 9, 95, 42, 77, 68, 47, 5, 93, 78, 86, 54, 85, 63, 18, 44, 20, 49, 36, 14, 74, 50, 53, 17, 21, 28, 11, 64, 3, 23, 30, 83, 24, 41, 40, 52, 65, 27, 90, 70, 39, 87, 48, 69, 99, 4, 46, 1, 13, 58, 97, 59, 45, 8, 73, 37, 35, 79, 71, 66, 76, 32, 60, 80, 96, 6, 16, 61, 33, 7, 57, 34, 12, 67, 10, 98, 56, 88, 29, 25, 91, 38, 19, 92, 43, 84, 51, 72, 81, 75, 0, 55, 62, 89, 94, 2]|[2, 1, 2, 1, 1, 1, 1, 1, 1, 1, 1, 0, 2, 2, 1, 2, 0, 0, 0, 2, 2, 1, 0, 2, 0, 2, 2, 1, 0, 1, 1, 1, 0, 0, 1, 0, 2, 1, 2, 2, 0, 0, 1, 1, 0, 2, 0, 2, 1, 0, 0, 2, 0, 0, 2, 0, 1, 1, 0, 0, 2, 1, 1, 2, 2, 0, 2, 2, 0, 1, 2, 1, 1, 2, 0, 1, 1, 1, 1, 2, 2, 1, 1, 1, 1, 0, 1, 0, 1, 0, 1, 1, 1, 0, 0, 0, 1, 1, 2, 2]|[0, 3, 0, 3, 4, 4, 4, 4, 2, 4, 3, 2, 1, 0, 2, 1, 1, 1, 2, 1, 1, 3, 0, 1, 0, 1, 1, 4, 1, 4, 3, 2, 2, 0, 4, 1, 1, 4, 0, 1, 2, 1, 4, 4, 1, 1, 0, 2, 3, 2, 2, 1, 2, 1, 1, 2, 4, 3, 0, 2, 2, 3, 3, 0, 1, 2, 0, 1, 2, 4, 1, 3, 4, 1, 2, 4, 3, 3, 3, 1, 1, 4, 3, 4, 3, 2, 4, 2, 4, 2, 3, 4, 4, 2, 2, 2, 3, 4, 1, 1]|[0, 2, 0, 0, 3, 1, 1, 3, 0, 0, 2, 0, 1, 0, 1, 0, 0, 0, 1, 0, 0, 2, 0, 0, 1, 0, 0, 3, 0, 1, 0, 2, 0, 0, 3, 0, 1, 3, 0, 0, 0, 0, 1, 3, 0, 0, 1, 0, 2, 0, 0, 0, 0, 0, 1, 0, 1, 0, 1, 1, 0, 2, 0, 0, 0, 0, 0, 0, 0, 2, 0, 0, 1, 0, 0, 1, 0, 0, 3, 0, 0, 1, 0, 3, 0, 0, 1, 0, 2, 0, 0, 2, 1, 0, 0, 0, 0, 1, 0, 0],933.1479627820974,50596.16305115861,113157.48616054395,true
21,G2_TEC,G2_TEC,[31, 22, 82, 15, 26, 9, 95, 42, 77, 68, 47, 5, 93, 78, 86, 54, 85, 63, 18, 44, 20, 49, 36, 14, 74, 50, 53, 17, 21, 28, 71, 64, 3, 23, 30, 83, 24, 41, 40, 52, 65, 27, 90, 70, 39, 87, 48, 69, 99, 4, 46, 1, 13, 58, 97, 59, 45, 8, 73, 37, 35, 79, 11, 66, 76, 32, 60, 80, 96, 6, 16, 61, 19, 7, 57, 34, 12, 67, 10, 98, 56, 88, 29, 75, 91, 38, 33, 92, 2, 84, 51, 72, 81, 25, 43, 55, 62, 89, 94, 0]|[2, 1, 2, 1, 1, 2, 1, 1, 1, 1, 1, 0, 2, 2, 1, 2, 0, 0, 0, 2, 2, 1, 0, 2, 0, 2, 2, 1, 0, 1, 1, 1, 0, 0, 1, 0, 2, 1, 2, 2, 0, 0, 1, 1, 0, 2, 0, 2, 1, 0, 0, 2, 0, 0, 2, 0, 1, 1, 0, 0, 2, 1, 0, 2, 2, 0, 2, 2, 0, 1, 2, 1, 1, 2, 0, 1, 1, 1, 1, 2, 2, 1, 1, 0, 1, 0, 1, 0, 2, 0, 1, 1, 1, 1, 1, 0, 1, 1, 2, 0]|[0, 3, 0, 3, 4, 1, 4, 4, 2, 4, 3, 2, 1, 0, 2, 1, 1, 1, 2, 1, 1, 3, 0, 1, 0, 1, 1, 4, 1, 4, 3, 2, 2, 0, 4, 1, 1, 4, 0, 1, 2, 1, 4, 4, 1, 1, 0, 2, 3, 1, 2, 1, 2, 1, 1, 2, 4, 3, 0, 2, 2, 3, 1, 0, 1, 2, 0, 1, 2, 4, 1, 3, 4, 1, 2, 4, 3, 3, 3, 1, 1, 4, 3, 2, 3, 2, 4, 2, 1, 2, 3, 4, 4, 4, 4, 2, 3, 4, 1, 2]|[0, 2, 0, 0, 3, 0, 1, 3, 0, 0, 2, 0, 1, 0, 1, 0, 0, 0, 1, 0, 0, 2, 0, 0, 1, 0, 0, 3, 0, 1, 0, 2, 0, 0, 3, 0, 1, 3, 0, 0, 0, 0, 1, 3, 0, 0, 1, 0, 2, 0, 0, 0, 0, 0, 1, 0, 1, 0, 1, 1, 0, 2, 0, 0, 0, 0, 0, 0, 0, 2, 0, 0, 1, 0, 0, 1, 0, 0, 3, 0, 0, 1, 0, 0, 0, 0, 1, 0, 0, 0, 0, 2, 1, 3, 2, 0, 0, 1, 0, 0],890.9074744783937,50673.96227735626,113466.60083846681,false
21,G3_TWC,G1_CMAX,[31, 22, 82, 15, 26, 9, 42, 95, 77, 12, 47, 5, 93, 78, 86, 54, 85, 63, 18, 44, 20, 35, 43, 97, 91, 76, 10, 30, 21, 45, 71, 64, 1, 23, 17, 83, 24, 14, 60, 36, 6, 57, 94, 88, 65, 56, 79, 40, 67, 68, 46, 75, 38, 58, 19, 32, 81, 41, 27, 62, 87, 90, 99, 59, 11, 16, 72, 73, 69, 39, 37, 84, 3, 92, 25, 55, 28, 29, 51, 7, 33, 61, 98, 66, 89, 50, 8, 96, 53, 80, 4, 48, 34, 2, 52, 13, 0, 70, 49, 74]|[1, 1, 0, 1, 1, 1, 2, 1, 2, 1, 2, 2, 2, 1, 1, 0, 0, 1, 0, 2, 2, 0, 1, 2, 0, 1, 2, 2, 0, 0, 1, 2, 1, 2, 1, 0, 2, 0, 1, 1, 0, 1, 1, 1, 0, 2, 1, 1, 0, 0, 0, 0, 1, 1, 2, 1, 2, 0, 0, 0, 2, 1, 0, 1, 2, 1, 2, 1, 1, 1, 1, 1, 1, 0, 1, 2, 0, 0, 0, 1, 2, 1, 0, 2, 1, 0, 1, 0, 0, 0, 0, 0, 2, 0, 1, 0, 0, 1, 0, 2]|[4, 3, 2, 2, 0, 0, 2, 2, 2, 4, 1, 1, 2, 4, 4, 1, 2, 4, 2, 1, 1, 1, 1, 2, 1, 2, 1, 1, 1, 1, 3, 2, 3, 0, 4, 0, 1, 1, 0, 3, 2, 2, 2, 0, 1, 1, 0, 4, 0, 1, 2, 2, 1, 4, 0, 3, 2, 1, 1, 2, 1, 3, 1, 1, 1, 3, 0, 4, 3, 1, 4, 1, 1, 0, 4, 1, 2, 1, 1, 3, 1, 3, 1, 1, 1, 1, 3, 1, 2, 1, 2, 1, 1, 2, 1, 2, 2, 3, 1, 1]|[0, 2, 1, 1, 3, 3, 0, 1, 0, 0, 0, 0, 1, 0, 1, 0, 0, 3, 1, 0, 0, 0, 3, 1, 0, 2, 0, 0, 0, 1, 0, 0, 0, 0, 3, 0, 1, 0, 0, 2, 1, 1, 1, 0, 0, 0, 0, 2, 1, 0, 0, 0, 1, 3, 0, 0, 1, 0, 0, 1, 0, 2, 0, 1, 0, 2, 1, 0, 0, 1, 1, 3, 1, 1, 3, 0, 1, 0, 0, 2, 0, 0, 0, 0, 1, 0, 2, 0, 1, 0, 1, 0, 0, 0, 1, 0, 0, 0, 1, 0],801.427594812029,57868.49349465401,91455.85780813712,true
21,G1_CMAX,G3_TWC,[31, 22, 82, 15, 26, 9, 42, 95, 77, 12, 47, 5, 93, 78, 86, 54, 85, 63, 18, 44, 20, 35, 43, 97, 91, 76, 10, 30, 21, 45, 71, 64, 1, 23, 17, 83, 24, 14, 60, 36, 6, 57, 94, 88, 65, 56, 79, 40, 67, 68, 46, 75, 38, 58, 19, 32, 81, 41, 27, 62, 87, 90, 99, 59, 11, 16, 72, 73, 69, 39, 37, 84, 3, 92, 25, 55, 28, 29, 51, 50, 66, 61, 98, 48, 89, 7, 8, 96, 80, 53, 33, 4, 34, 2, 52, 0, 13, 70, 49, 74]|[1, 1, 0, 1, 1, 1, 2, 1, 2, 1, 2, 2, 2, 1, 1, 0, 0, 1, 0, 2, 2, 0, 1, 2, 0, 1, 2, 2, 0, 0, 1, 2, 1, 2, 1, 0, 2, 0, 1, 1, 0, 1, 1, 1, 0, 2, 1, 1, 0, 0, 0, 0, 1, 1, 2, 1, 2, 0, 0, 0, 2, 1, 0, 1, 2, 1, 2, 1, 1, 1, 1, 1, 1, 0, 1, 2, 0, 0, 0, 0, 2, 1, 0, 0, 1, 1, 0, 2, 0, 0, 2, 0, 2, 0, 1, 0, 0, 1, 0, 2]|[4, 3, 2, 2, 0, 0, 2, 2, 2, 4, 1, 1, 2, 4, 4, 1, 2, 4, 2, 1, 1, 1, 1, 2, 1, 2, 1, 1, 1, 1, 3, 2, 3, 0, 4, 0, 1, 1, 0, 3, 2, 2, 2, 0, 1, 1, 0, 4, 0, 1, 2, 2, 1, 4, 0, 3, 2, 1, 1, 2, 1, 3, 1, 1, 1, 3, 0, 4, 3, 1, 4, 1, 1, 2, 4, 1, 2, 1, 1, 1, 1, 3, 1, 1, 1, 3, 1, 1, 1, 2, 1, 2, 1, 2, 1, 2, 2, 4, 1, 1]|[0, 2, 1, 1, 3, 3, 0, 1, 0, 0, 0, 0, 1, 0, 1, 0, 0, 3, 1, 0, 0, 0, 3, 1, 0, 2, 0, 0, 0, 1, 0, 0, 0, 0, 3, 0, 1, 0, 0, 2, 1, 1, 1, 0, 0, 0, 0, 2, 1, 0, 0, 0, 1, 3, 0, 0, 1, 0, 0, 1, 0, 2, 0, 1, 0, 2, 1, 0, 0, 1, 1, 3, 1, 1, 3, 0, 1, 0, 0, 0, 0, 0, 0, 0, 1, 2, 0, 0, 0, 1, 0, 1, 0, 0, 1, 0, 0, 2, 1, 0],789.4132763389318,58197.74223024705,90639.8549565553,true
21,G4_BALANCED,G4_BALANCED,[31, 22, 82, 15, 26, 9, 95, 42, 77, 68, 47, 5, 93, 78, 86, 54, 85, 63, 18, 44, 20, 49, 36, 14, 74, 50, 53, 17, 21, 28, 11, 64, 3, 23, 30, 83, 24, 41, 40, 52, 65, 27, 90, 70, 39, 87, 48, 69, 99, 4, 46, 1, 13, 58, 97, 59, 45, 8, 73, 37, 35, 79, 71, 66, 76, 32, 60, 80, 96, 6, 16, 61, 33, 7, 57, 34, 12, 67, 10, 98, 56, 88, 29, 25, 91, 38, 19, 92, 43, 84, 55, 72, 81, 94, 2, 51, 62, 89, 75, 0]|[2, 1, 2, 1, 1, 1, 1, 1, 1, 1, 1, 0, 2, 2, 1, 2, 0, 0, 0, 2, 2, 1, 0, 2, 0, 2, 2, 1, 0, 1, 1, 1, 0, 0, 1, 0, 2, 1, 2, 2, 0, 0, 1, 1, 0, 2, 0, 2, 1, 0, 0, 2, 0, 0, 2, 0, 1, 1, 0, 0, 2, 1, 1, 2, 2, 0, 2, 2, 0, 1, 2, 1, 1, 2, 0, 1, 1, 1, 1, 2, 2, 1, 1, 1, 1, 0, 1, 0, 1, 0, 0, 1, 1, 2, 2, 1, 1, 1, 0, 0]|[0, 3, 0, 3, 4, 4, 4, 4, 2, 4, 3, 2, 1, 0, 2, 1, 1, 1, 2, 1, 1, 3, 0, 1, 0, 1, 1, 4, 1, 4, 3, 2, 2, 0, 4, 1, 1, 4, 0, 1, 2, 1, 4, 4, 1, 1, 0, 2, 3, 2, 2, 1, 2, 1, 1, 2, 4, 3, 0, 2, 2, 3, 3, 0, 1, 2, 0, 1, 2, 4, 1, 3, 4, 1, 2, 4, 3, 3, 3, 1, 1, 4, 3, 4, 3, 2, 4, 2, 4, 2, 2, 4, 4, 1, 1, 3, 3, 4, 2, 2]|[0, 2, 0, 0, 3, 1, 1, 3, 0, 0, 2, 0, 1, 0, 1, 0, 0, 0, 1, 0, 0, 2, 0, 0, 1, 0, 0, 3, 0, 1, 0, 2, 0, 0, 3, 0, 1, 3, 0, 0, 0, 0, 1, 3, 0, 0, 1, 0, 2, 0, 0, 0, 0, 0, 1, 0, 1, 0, 1, 1, 0, 2, 0, 0, 0, 0, 0, 0, 0, 2, 0, 0, 1, 0, 0, 1, 0, 0, 3, 0, 0, 1, 0, 3, 0, 0, 1, 0, 2, 0, 0, 2, 1, 0, 0, 0, 0, 1, 0, 0],933.1479627820974,50557.69019591277,112932.58026840567,false
21,G2_TEC,G2_TEC,[31, 22, 82, 15, 26, 9, 95, 42, 77, 68, 47, 5, 93, 78, 86, 54, 85, 63, 18, 44, 20, 49, 36, 14, 74, 50, 53, 17, 21, 28, 71, 64, 3, 23, 30, 83, 24, 41, 40, 52, 65, 27, 90, 70, 39, 87, 48, 69, 99, 4, 46, 1, 13, 58, 97, 59, 45, 8, 73, 37, 35, 79, 11, 66, 76, 32, 60, 80, 96, 6, 16, 61, 19, 7, 57, 34, 12, 67, 10, 98, 56, 88, 29, 75, 91, 38, 33, 92, 2, 84, 51, 72, 81, 25, 43, 55, 62, 89, 94, 0]|[2, 1, 2, 1, 1, 2, 1, 1, 1, 1, 1, 0, 2, 2, 1, 2, 0, 0, 0, 2, 2, 1, 0, 2, 0, 2, 2, 1, 0, 1, 1, 1, 0, 0, 1, 0, 2, 1, 2, 2, 0, 0, 1, 1, 0, 2, 0, 2, 1, 0, 0, 2, 0, 0, 2, 0, 1, 1, 0, 0, 2, 1, 0, 2, 2, 0, 2, 2, 0, 1, 2, 1, 1, 2, 0, 1, 1, 1, 1, 2, 2, 1, 1, 0, 1, 0, 1, 0, 2, 0, 1, 1, 1, 1, 1, 0, 1, 1, 2, 0]|[0, 3, 0, 3, 4, 1, 4, 4, 2, 4, 3, 2, 1, 0, 2, 1, 1, 1, 2, 1, 1, 3, 0, 1, 0, 1, 1, 4, 1, 4, 3, 2, 2, 0, 4, 1, 1, 4, 0, 1, 2, 1, 4, 4, 1, 1, 0, 2, 3, 1, 2, 1, 2, 1, 1, 2, 4, 3, 0, 2, 2, 3, 1, 0, 1, 2, 0, 1, 2, 4, 1, 3, 4, 1, 2, 4, 3, 3, 3, 1, 1, 4, 3, 2, 3, 2, 4, 2, 1, 2, 3, 4, 4, 4, 4, 2, 3, 4, 1, 2]|[0, 2, 0, 0, 3, 0, 1, 3, 0, 0, 2, 0, 1, 0, 1, 0, 0, 0, 1, 0, 0, 2, 0, 0, 1, 0, 0, 3, 0, 1, 0, 2, 0, 0, 3, 0, 1, 3, 0, 0, 0, 0, 1, 3, 0, 0, 1, 0, 2, 0, 0, 0, 0, 0, 1, 0, 1, 0, 1, 1, 0, 2, 0, 0, 0, 0, 0, 0, 0, 2, 0, 0, 1, 0, 0, 1, 0, 0, 3, 0, 0, 1, 0, 0, 0, 0, 1, 0, 0, 0, 0, 2, 1, 3, 2, 0, 0, 1, 0, 0],890.9074744783937,50673.96227735626,113466.60083846681,false
21,G3_TWC,G1_CMAX,[31, 22, 82, 15, 26, 9, 42, 95, 77, 12, 47, 5, 93, 78, 86, 54, 85, 63, 18, 44, 20, 35, 43, 97, 91, 76, 10, 30, 21, 45, 71, 64, 1, 23, 17, 83, 24, 14, 60, 36, 6, 57, 94, 88, 65, 56, 79, 40, 67, 68, 46, 75, 38, 58, 19, 32, 81, 41, 27, 62, 87, 90, 99, 59, 11, 16, 72, 73, 69, 39, 37, 84, 3, 92, 25, 55, 28, 29, 51, 7, 33, 61, 98, 66, 89, 50, 8, 96, 53, 80, 4, 48, 34, 2, 52, 13, 0, 70, 49, 74]|[1, 1, 0, 1, 1, 1, 2, 1, 2, 1, 2, 2, 2, 1, 1, 0, 0, 1, 0, 2, 2, 0, 1, 2, 0, 1, 2, 2, 0, 0, 1, 2, 1, 2, 1, 0, 2, 0, 1, 1, 0, 1, 1, 1, 0, 2, 1, 1, 0, 0, 0, 0, 1, 1, 2, 1, 2, 0, 0, 0, 2, 1, 0, 1, 2, 1, 2, 1, 1, 1, 1, 1, 1, 0, 1, 2, 0, 0, 0, 1, 2, 1, 0, 2, 1, 0, 1, 0, 0, 0, 0, 0, 2, 0, 1, 0, 0, 1, 0, 2]|[4, 3, 2, 2, 0, 0, 2, 2, 2, 4, 1, 1, 2, 4, 4, 1, 2, 4, 2, 1, 1, 1, 1, 2, 1, 2, 1, 1, 1, 1, 3, 2, 3, 0, 4, 0, 1, 1, 0, 3, 2, 2, 2, 0, 1, 1, 0, 4, 0, 1, 2, 2, 1, 4, 0, 3, 2, 1, 1, 2, 1, 3, 1, 1, 1, 3, 0, 4, 3, 1, 4, 1, 1, 0, 4, 1, 2, 1, 1, 3, 1, 3, 1, 1, 1, 1, 3, 1, 2, 1, 2, 1, 1, 2, 1, 2, 2, 3, 1, 1]|[0, 2, 1, 1, 3, 3, 0, 1, 0, 0, 0, 0, 1, 0, 1, 0, 0, 3, 1, 0, 0, 0, 3, 1, 0, 2, 0, 0, 0, 1, 0, 0, 0, 0, 3, 0, 1, 0, 0, 2, 1, 1, 1, 0, 0, 0, 0, 2, 1, 0, 0, 0, 1, 3, 0, 0, 1, 0, 0, 1, 0, 2, 0, 1, 0, 2, 1, 0, 0, 1, 1, 3, 1, 1, 3, 0, 1, 0, 0, 2, 0, 0, 0, 0, 1, 0, 2, 0, 1, 0, 1, 0, 0, 0, 1, 0, 0, 0, 1, 0],801.427594812029,57868.49349465401,91455.85780813712,true
21,G1_CMAX,G4_BALANCED,[31, 22, 82, 15, 26, 9, 95, 42, 77, 68, 47, 5, 93, 78, 86, 54, 85, 63, 18, 44, 20, 49, 36, 14, 74, 50, 53, 17, 21, 28, 71, 64, 3, 23, 30, 83, 24, 41, 60, 52, 65, 27, 90, 70, 39, 87, 48, 69, 99, 4, 46, 1, 13, 58, 97, 59, 11, 8, 73, 37, 35, 79, 45, 66, 76, 32, 40, 80, 96, 6, 16, 61, 43, 7, 57, 34, 12, 67, 10, 98, 56, 88, 29, 75, 91, 38, 19, 92, 33, 84, 51, 72, 81, 25, 2, 55, 0, 89, 94, 62]|[2, 1, 2, 1, 1, 2, 1, 1, 1, 2, 1, 0, 2, 2, 1, 2, 0, 0, 0, 2, 2, 1, 0, 2, 0, 2, 2, 1, 0, 1, 1, 1, 0, 0, 1, 0, 2, 1, 2, 2, 0, 0, 1, 1, 0, 2, 0, 2, 1, 0, 0, 2, 0, 0, 2, 0, 1, 1, 0, 0, 2, 1, 0, 2, 2, 0, 2, 2, 0, 1, 2, 1, 1, 2, 0, 1, 1, 1, 1, 0, 2, 1, 1, 0, 1, 0, 1, 0, 1, 0, 1, 1, 1, 1, 2, 0, 0, 1, 1, 1]|[0, 3, 0, 3, 4, 1, 4, 4, 2, 0, 3, 2, 1, 0, 2, 1, 1, 1, 2, 1, 1, 3, 0, 1, 0, 1, 1, 4, 1, 4, 3, 2, 2, 0, 4, 1, 1, 4, 0, 1, 2, 1, 4, 4, 1, 1, 0, 2, 3, 1, 2, 1, 2, 1, 1, 2, 4, 3, 0, 2, 2, 3, 1, 0, 1, 2, 0, 1, 2, 4, 1, 3, 4, 1, 2, 4, 3, 3, 3, 2, 1, 4, 3, 2, 3, 2, 4, 2, 4, 2, 3, 4, 1, 4, 1, 2, 2, 4, 4, 3]|[0, 2, 0, 0, 3, 0, 1, 3, 0, 0, 2, 0, 1, 0, 1, 0, 0, 0, 1, 0, 0, 2, 0, 0, 1, 0, 0, 3, 0, 1, 0, 2, 0, 1, 3, 0, 1, 3, 1, 0, 0, 0, 1, 3, 0, 0, 1, 0, 2, 0, 0, 0, 0, 0, 1, 0, 1, 0, 1, 1, 0, 2, 0, 0, 0, 0, 0, 0, 0, 2, 0, 0, 2, 0, 0, 1, 0, 0, 3, 0, 0, 1, 0, 0, 0, 0, 3, 0, 1, 0, 0, 2, 1, 3, 0, 0, 0, 1, 2, 0],876.5294353074332,51943.573676107844,106043.27236170563,true
21,G4_BALANCED,G4_BALANCED,[31, 22, 82, 15, 26, 9, 95, 42, 77, 68, 47, 5, 93, 78, 86, 54, 85, 63, 18, 44, 20, 49, 36, 14, 74, 50, 53, 17, 21, 28, 11, 64, 3, 23, 30, 83, 24, 41, 40, 52, 65, 27, 90, 70, 39, 87, 48, 69, 99, 4, 46, 1, 13, 58, 97, 59, 45, 8, 73, 37, 35, 79, 71, 66, 76, 32, 60, 80, 96, 6, 16, 61, 33, 7, 57, 34, 12, 67, 10, 98, 56, 88, 29, 25, 91, 38, 19, 92, 43, 84, 55, 72, 81, 94, 2, 51, 62, 89, 75, 0]|[2, 1, 2, 1, 1, 1, 1, 1, 1, 1, 1, 0, 2, 2, 1, 2, 0, 0, 0, 2, 2, 1, 0, 2, 0, 2, 2, 1, 0, 1, 1, 1, 0, 0, 1, 0, 2, 1, 2, 2, 0, 0, 1, 1, 0, 2, 0, 2, 1, 0, 0, 2, 0, 0, 2, 0, 1, 1, 0, 0, 2, 1, 1, 2, 2, 0, 2, 2, 0, 1, 2, 1, 1, 2, 0, 1, 1, 1, 1, 2, 2, 1, 1, 1, 1, 0, 1, 0, 1, 0, 0, 1, 1, 2, 2, 1, 1, 1, 0, 0]|[0, 3, 0, 3, 4, 4, 4, 4, 2, 4, 3, 2, 1, 0, 2, 1, 1, 1, 2, 1, 1, 3, 0, 1, 0, 1, 1, 4, 1, 4, 3, 2, 2, 0, 4, 1, 1, 4, 0, 1, 2, 1, 4, 4, 1, 1, 0, 2, 3, 2, 2, 1, 2, 1, 1, 2, 4, 3, 0, 2, 2, 3, 3, 0, 1, 2, 0, 1, 2, 4, 1, 3, 4, 1, 2, 4, 3, 3, 3, 1, 1, 4, 3, 4, 3, 2, 4, 2, 4, 2, 2, 4, 4, 1, 1, 3, 3, 4, 2, 2]|[0, 2, 0, 0, 3, 1, 1, 3, 0, 0, 2, 0, 1, 0, 1, 0, 0, 0, 1, 0, 0, 2, 0, 0, 1, 0, 0, 3, 0, 1, 0, 2, 0, 0, 3, 0, 1, 3, 0, 0, 0, 0, 1, 3, 0, 0, 1, 0, 2, 0, 0, 0, 0, 0, 1, 0, 1, 0, 1, 1, 0, 2, 0, 0, 0, 0, 0, 0, 0, 2, 0, 0, 1, 0, 0, 1, 0, 0, 3, 0, 0, 1, 0, 3, 0, 0, 1, 0, 2, 0, 0, 2, 1, 0, 0, 0, 0, 1, 0, 0],933.1479627820974,50557.69019591277,112932.58026840567,false
21,G2_TEC,G2_TEC,[31, 22, 82, 15, 26, 9, 95, 42, 77, 68, 47, 5, 93, 78, 86, 54, 85, 63, 18, 44, 20, 49, 36, 14, 74, 50, 53, 17, 21, 28, 71, 64, 3, 23, 30, 83, 24, 41, 40, 52, 65, 27, 90, 70, 39, 87, 48, 69, 99, 4, 46, 1, 13, 58, 97, 59, 45, 8, 73, 37, 35, 79, 11, 66, 76, 32, 60, 80, 96, 6, 16, 61, 19, 7, 57, 34, 12, 67, 10, 98, 56, 88, 29, 75, 91, 38, 33, 92, 2, 84, 51, 72, 81, 25, 43, 55, 62, 89, 94, 0]|[2, 1, 2, 1, 1, 2, 1, 1, 1, 1, 1, 0, 2, 2, 1, 2, 0, 0, 0, 2, 2, 1, 0, 2, 0, 2, 2, 1, 0, 1, 1, 1, 0, 0, 1, 0, 2, 1, 2, 2, 0, 0, 1, 1, 0, 2, 0, 2, 1, 0, 0, 2, 0, 0, 2, 0, 1, 1, 0, 0, 2, 1, 0, 2, 2, 0, 2, 2, 0, 1, 2, 1, 1, 2, 0, 1, 1, 1, 1, 2, 2, 1, 1, 0, 1, 0, 1, 0, 2, 0, 1, 1, 1, 1, 1, 0, 1, 1, 2, 0]|[0, 3, 0, 3, 4, 1, 4, 4, 2, 4, 3, 2, 1, 0, 2, 1, 1, 1, 2, 1, 1, 3, 0, 1, 0, 1, 1, 4, 1, 4, 3, 2, 2, 0, 4, 1, 1, 4, 0, 1, 2, 1, 4, 4, 1, 1, 0, 2, 3, 1, 2, 1, 2, 1, 1, 2, 4, 3, 0, 2, 2, 3, 1, 0, 1, 2, 0, 1, 2, 4, 1, 3, 4, 1, 2, 4, 3, 3, 3, 1, 1, 4, 3, 2, 3, 2, 4, 2, 1, 2, 3, 4, 4, 4, 4, 2, 3, 4, 1, 2]|[0, 2, 0, 0, 3, 0, 1, 3, 0, 0, 2, 0, 1, 0, 1, 0, 0, 0, 1, 0, 0, 2, 0, 0, 1, 0, 0, 3, 0, 1, 0, 2, 0, 0, 3, 0, 1, 3, 0, 0, 0, 0, 1, 3, 0, 0, 1, 0, 2, 0, 0, 0, 0, 0, 1, 0, 1, 0, 1, 1, 0, 2, 0, 0, 0, 0, 0, 0, 0, 2, 0, 0, 1, 0, 0, 1, 0, 0, 3, 0, 0, 1, 0, 0, 0, 0, 1, 0, 0, 0, 0, 2, 1, 3, 2, 0, 0, 1, 0, 0],890.9074744783937,50673.96227735626,113466.60083846681,false
21,G3_TWC,G1_CMAX,[31, 22, 82, 15, 26, 9, 42, 95, 77, 12, 47, 5, 93, 78, 86, 54, 85, 63, 18, 44, 20, 35, 43, 97, 91, 76, 10, 30, 21, 45, 71, 64, 1, 23, 17, 83, 24, 14, 60, 36, 6, 57, 94, 88, 65, 56, 79, 40, 67, 68, 46, 75, 38, 58, 19, 32, 81, 41, 27, 62, 87, 90, 99, 59, 11, 16, 72, 73, 69, 39, 37, 84, 3, 92, 25, 55, 28, 29, 51, 7, 33, 61, 98, 66, 89, 50, 8, 96, 53, 80, 4, 48, 34, 2, 52, 13, 0, 70, 49, 74]|[1, 1, 0, 1, 1, 1, 2, 1, 2, 1, 2, 2, 2, 1, 1, 0, 0, 1, 0, 2, 2, 0, 1, 2, 0, 1, 2, 2, 0, 0, 1, 2, 1, 2, 1, 0, 2, 0, 1, 1, 0, 1, 1, 1, 0, 2, 1, 1, 0, 0, 0, 0, 1, 1, 2, 1, 2, 0, 0, 0, 2, 1, 0, 1, 2, 1, 2, 1, 1, 1, 1, 1, 1, 0, 1, 2, 0, 0, 0, 1, 2, 1, 0, 2, 1, 0, 1, 0, 0, 0, 0, 0, 2, 0, 1, 0, 0, 1, 0, 2]|[4, 3, 2, 2, 0, 0, 2, 2, 2, 4, 1, 1, 2, 4, 4, 1, 2, 4, 2, 1, 1, 1, 1, 2, 1, 2, 1, 1, 1, 1, 3, 2, 3, 0, 4, 0, 1, 1, 0, 3, 2, 2, 2, 0, 1, 1, 0, 4, 0, 1, 2, 2, 1, 4, 0, 3, 2, 1, 1, 2, 1, 3, 1, 1, 1, 3, 0, 4, 3, 1, 4, 1, 1, 0, 4, 1, 2, 1, 1, 3, 1, 3, 1, 1, 1, 1, 3, 1, 2, 1, 2, 1, 1, 2, 1, 2, 2, 3, 1, 1]|[0, 2, 1, 1, 3, 3, 0, 1, 0, 0, 0, 0, 1, 0, 1, 0, 0, 3, 1, 0, 0, 0, 3, 1, 0, 2, 0, 0, 0, 1, 0, 0, 0, 0, 3, 0, 1, 0, 0, 2, 1, 1, 1, 0, 0, 0, 0, 2, 1, 0, 0, 0, 1, 3, 0, 0, 1, 0, 0, 1, 0, 2, 0, 1, 0, 2, 1, 0, 0, 1, 1, 3, 1, 1, 3, 0, 1, 0, 0, 2, 0, 0, 0, 0, 1, 0, 2, 0, 1, 0, 1, 0, 0, 0, 1, 0, 0, 0, 1, 0],801.427594812029,57868.49349465401,91455.85780813712,true
21,G1_CMAX,G4_BALANCED,[31, 22, 82, 15, 26, 9, 42, 77, 95, 12, 47, 5, 93, 78, 86, 54, 85, 63, 18, 44, 20, 35, 43, 97, 91, 76, 10, 30, 21, 45, 71, 64, 1, 23, 17, 83, 24, 14, 60, 36, 6, 57, 94, 88, 65, 56, 79, 40, 67, 68, 46, 75, 38, 58, 19, 32, 81, 41, 27, 62, 87, 90, 99, 59, 11, 16, 72, 73, 69, 39, 37, 84, 3, 92, 25, 55, 28, 29, 51, 7, 66, 61, 98, 48, 89, 50, 8, 96, 53, 80, 4, 33, 74, 49, 52, 0, 13, 70, 2, 34]|[1, 1, 0, 1, 1, 1, 2, 2, 1, 1, 2, 2, 2, 1, 1, 0, 0, 1, 0, 2, 2, 0, 1, 2, 0, 1, 2, 2, 0, 0, 1, 2, 1, 2, 1, 0, 2, 0, 1, 1, 0, 1, 1, 1, 0, 2, 1, 1, 0, 0, 0, 0, 1, 1, 2, 1, 2, 0, 0, 0, 2, 1, 0, 1, 2, 1, 2, 1, 1, 1, 1, 1, 1, 0, 1, 2, 0, 0, 0, 1, 2, 1, 0, 0, 1, 0, 0, 0, 0, 0, 0, 2, 2, 0, 1, 0, 0, 1, 0, 2]|[4, 3, 2, 2, 4, 0, 2, 2, 2, 3, 1, 1, 2, 4, 4, 1, 2, 4, 2, 1, 1, 1, 1, 2, 1, 2, 1, 1, 1, 1, 3, 2, 3, 0, 4, 0, 1, 1, 0, 3, 2, 2, 2, 0, 1, 1, 0, 4, 0, 1, 2, 2, 1, 4, 0, 3, 2, 1, 1, 2, 1, 3, 1, 1, 1, 3, 0, 4, 3, 1, 4, 1, 1, 2, 4, 1, 2, 1, 1, 1, 1, 3, 1, 1, 1, 1, 1, 1, 2, 1, 2, 1, 1, 1, 1, 2, 2, 3, 2, 1]|[0, 2, 1, 1, 3, 3, 0, 0, 1, 0, 0, 0, 1, 0, 1, 0, 0, 3, 1, 0, 0, 0, 3, 1, 0, 2, 0, 0, 0, 1, 0, 0, 0, 0, 3, 0, 1, 0, 0, 2, 1, 1, 1, 0, 0, 0, 0, 2, 1, 0, 0, 0, 1, 3, 0, 0, 1, 0, 0, 1, 0, 2, 0, 1, 0, 2, 1, 0, 0, 1, 1, 3, 1, 1, 3, 0, 1, 0, 0, 2, 0, 0, 0, 0, 1, 0, 0, 0, 1, 0, 1, 0, 0, 1, 1, 0, 0, 0, 0, 0],824.2773033379311,57761.372336350934,91691.97705135029,true
21,G4_BALANCED,G4_BALANCED,[31, 22, 82, 15, 26, 9, 95, 42, 77, 68, 47, 5, 93, 78, 86, 54, 85, 63, 18, 44, 20, 49, 36, 14, 74, 50, 53, 17, 21, 28, 11, 64, 3, 23, 30, 83, 24, 41, 40, 52, 65, 27, 90, 70, 39, 87, 48, 69, 99, 4, 46, 1, 13, 58, 97, 59, 45, 8, 73, 37, 35, 79, 71, 66, 76, 32, 60, 80, 96, 6, 16, 61, 33, 7, 57, 34, 12, 67, 10, 98, 56, 88, 29, 25, 91, 38, 19, 92, 43, 84, 55, 72, 81, 94, 2, 51, 62, 89, 75, 0]|[2, 1, 2, 1, 1, 1, 1, 1, 1, 1, 1, 0, 2, 2, 1, 2, 0, 0, 0, 2, 2, 1, 0, 2, 0, 2, 2, 1, 0, 1, 1, 1, 0, 0, 1, 0, 2, 1, 2, 2, 0, 0, 1, 1, 0, 2, 0, 2, 1, 0, 0, 2, 0, 0, 2, 0, 1, 1, 0, 0, 2, 1, 1, 2, 2, 0, 2, 2, 0, 1, 2, 1, 1, 2, 0, 1, 1, 1, 1, 2, 2, 1, 1, 1, 1, 0, 1, 0, 1, 0, 0, 1, 1, 2, 2, 1, 1, 1, 0, 0]|[0, 3, 0, 3, 4, 4, 4, 4, 2, 4, 3, 2, 1, 0, 2, 1, 1, 1, 2, 1, 1, 3, 0, 1, 0, 1, 1, 4, 1, 4, 3, 2, 2, 0, 4, 1, 1, 4, 0, 1, 2, 1, 4, 4, 1, 1, 0, 2, 3, 2, 2, 1, 2, 1, 1, 2, 4, 3, 0, 2, 2, 3, 3, 0, 1, 2, 0, 1, 2, 4, 1, 3, 4, 1, 2, 4, 3, 3, 3, 1, 1, 4, 3, 4, 3, 2, 4, 2, 4, 2, 2, 4, 4, 1, 1, 3, 3, 4, 2, 2]|[0, 2, 0, 0, 3, 1, 1, 3, 0, 0, 2, 0, 1, 0, 1, 0, 0, 0, 1, 0, 0, 2, 0, 0, 1, 0, 0, 3, 0, 1, 0, 2, 0, 0, 3, 0, 1, 3, 0, 0, 0, 0, 1, 3, 0, 0, 1, 0, 2, 0, 0, 0, 0, 0, 1, 0, 1, 0, 1, 1, 0, 2, 0, 0, 0, 0, 0, 0, 0, 2, 0, 0, 1, 0, 0, 1, 0, 0, 3, 0, 0, 1, 0, 3, 0, 0, 1, 0, 2, 0, 0, 2, 1, 0, 0, 0, 0, 1, 0, 0],933.1479627820974,50557.69019591277,112932.58026840567,false
21,G2_TEC,G2_TEC,[31, 22, 82, 15, 26, 9, 95, 42, 77, 68, 47, 5, 93, 78, 86, 54, 85, 63, 18, 44, 20, 49, 36, 14, 74, 50, 53, 17, 21, 28, 71, 64, 3, 23, 30, 83, 24, 41, 40, 52, 65, 27, 90, 70, 39, 87, 48, 69, 99, 4, 46, 1, 13, 58, 97, 59, 45, 8, 73, 37, 35, 79, 11, 66, 76, 32, 60, 80, 96, 6, 16, 61, 19, 7, 57, 34, 12, 67, 10, 98, 56, 88, 29, 75, 91, 38, 33, 92, 2, 84, 51, 72, 81, 25, 43, 55, 62, 89, 94, 0]|[2, 1, 2, 1, 1, 2, 1, 1, 1, 1, 1, 0, 2, 2, 1, 2, 0, 0, 0, 2, 2, 1, 0, 2, 0, 2, 2, 1, 0, 1, 1, 1, 0, 0, 1, 0, 2, 1, 2, 2, 0, 0, 1, 1, 0, 2, 0, 2, 1, 0, 0, 2, 0, 0, 2, 0, 1, 1, 0, 0, 2, 1, 0, 2, 2, 0, 2, 2, 0, 1, 2, 1, 1, 2, 0, 1, 1, 1, 1, 2, 2, 1, 1, 0, 1, 0, 1, 0, 2, 0, 1, 1, 1, 1, 1, 0, 1, 1, 2, 0]|[0, 3, 0, 3, 4, 1, 4, 4, 2, 4, 3, 2, 1, 0, 2, 1, 1, 1, 2, 1, 1, 3, 0, 1, 0, 1, 1, 4, 1, 4, 3, 2, 2, 0, 4, 1, 1, 4, 0, 1, 2, 1, 4, 4, 1, 1, 0, 2, 3, 1, 2, 1, 2, 1, 1, 2, 4, 3, 0, 2, 2, 3, 1, 0, 1, 2, 0, 1, 2, 4, 1, 3, 4, 1, 2, 4, 3, 3, 3, 1, 1, 4, 3, 2, 3, 2, 4, 2, 1, 2, 3, 4, 4, 4, 4, 2, 3, 4, 1, 2]|[0, 2, 0, 0, 3, 0, 1, 3, 0, 0, 2, 0, 1, 0, 1, 0, 0, 0, 1, 0, 0, 2, 0, 0, 1, 0, 0, 3, 0, 1, 0, 2, 0, 0, 3, 0, 1, 3, 0, 0, 0, 0, 1, 3, 0, 0, 1, 0, 2, 0, 0, 0, 0, 0, 1, 0, 1, 0, 1, 1, 0, 2, 0, 0, 0, 0, 0, 0, 0, 2, 0, 0, 1, 0, 0, 1, 0, 0, 3, 0, 0, 1, 0, 0, 0, 0, 1, 0, 0, 0, 0, 2, 1, 3, 2, 0, 0, 1, 0, 0],890.9074744783937,50673.96227735626,113466.60083846681,false
21,G3_TWC,G1_CMAX,[31, 22, 82, 15, 26, 9, 42, 95, 77, 12, 47, 5, 93, 78, 86, 54, 85, 63, 18, 44, 20, 35, 43, 97, 91, 76, 10, 30, 21, 45, 71, 64, 1, 23, 17, 83, 24, 14, 60, 36, 6, 57, 94, 88, 65, 56, 79, 40, 67, 68, 46, 75, 38, 58, 19, 32, 81, 41, 27, 62, 87, 90, 99, 59, 11, 16, 72, 73, 69, 39, 37, 84, 3, 92, 25, 55, 28, 29, 51, 7, 33, 61, 98, 66, 89, 50, 8, 96, 53, 80, 4, 48, 34, 2, 52, 13, 0, 70, 49, 74]|[1, 1, 0, 1, 1, 1, 2, 1, 2, 1, 2, 2, 2, 1, 1, 0, 0, 1, 0, 2, 2, 0, 1, 2, 0, 1, 2, 2, 0, 0, 1, 2, 1, 2, 1, 0, 2, 0, 1, 1, 0, 1, 1, 1, 0, 2, 1, 1, 0, 0, 0, 0, 1, 1, 2, 1, 2, 0, 0, 0, 2, 1, 0, 1, 2, 1, 2, 1, 1, 1, 1, 1, 1, 0, 1, 2, 0, 0, 0, 1, 2, 1, 0, 2, 1, 0, 1, 0, 0, 0, 0, 0, 2, 0, 1, 0, 0, 1, 0, 2]|[4, 3, 2, 2, 0, 0, 2, 2, 2, 4, 1, 1, 2, 4, 4, 1, 2, 4, 2, 1, 1, 1, 1, 2, 1, 2, 1, 1, 1, 1, 3, 2, 3, 0, 4, 0, 1, 1, 0, 3, 2, 2, 2, 0, 1, 1, 0, 4, 0, 1, 2, 2, 1, 4, 0, 3, 2, 1, 1, 2, 1, 3, 1, 1, 1, 3, 0, 4, 3, 1, 4, 1, 1, 0, 4, 1, 2, 1, 1, 3, 1, 3, 1, 1, 1, 1, 3, 1, 2, 1, 2, 1, 1, 2, 1, 2, 2, 3, 1, 1]|[0, 2, 1, 1, 3, 3, 0, 1, 0, 0, 0, 0, 1, 0, 1, 0, 0, 3, 1, 0, 0, 0, 3, 1, 0, 2, 0, 0, 0, 1, 0, 0, 0, 0, 3, 0, 1, 0, 0, 2, 1, 1, 1, 0, 0, 0, 0, 2, 1, 0, 0, 0, 1, 3, 0, 0, 1, 0, 0, 1, 0, 2, 0, 1, 0, 2, 1, 0, 0, 1, 1, 3, 1, 1, 3, 0, 1, 0, 0, 2, 0, 0, 0, 0, 1, 0, 2, 0, 1, 0, 1, 0, 0, 0, 1, 0, 0, 0, 1, 0],801.427594812029,57868.49349465401,91455.85780813712,true
21,G1_CMAX,G4_BALANCED,[31, 11, 82, 15, 26, 9, 95, 42, 77, 68, 47, 5, 93, 78, 86, 54, 85, 63, 76, 44, 20, 49, 36, 14, 74, 50, 53, 17, 21, 45, 71, 64, 3, 23, 30, 83, 24, 41, 60, 52, 65, 27, 90, 70, 39, 87, 48, 69, 99, 4, 46, 1, 13, 58, 97, 59, 28, 75, 73, 37, 35, 79, 22, 66, 18, 32, 40, 80, 96, 6, 56, 61, 33, 7, 57, 34, 12, 67, 10, 98, 16, 88, 29, 8, 91, 38, 19, 92, 72, 84, 51, 43, 81, 25, 2, 55, 0, 94, 89, 62]|[2, 1, 2, 1, 1, 2, 1, 1, 1, 1, 1, 0, 2, 2, 1, 2, 0, 0, 0, 2, 2, 1, 0, 2, 0, 2, 2, 1, 0, 1, 1, 1, 0, 0, 1, 0, 2, 1, 2, 2, 0, 0, 1, 1, 0, 2, 0, 2, 1, 0, 0, 2, 0, 0, 2, 0, 1, 0, 0, 0, 2, 1, 0, 2, 2, 0, 2, 2, 0, 1, 2, 1, 1, 2, 0, 1, 1, 1, 1, 2, 2, 1, 1, 1, 1, 0, 1, 0, 1, 0, 1, 1, 1, 1, 2, 0, 0, 2, 1, 1]|[0, 3, 0, 2, 4, 1, 4, 4, 2, 4, 3, 2, 1, 0, 2, 1, 1, 1, 2, 1, 1, 3, 0, 1, 0, 1, 1, 4, 1, 4, 3, 2, 2, 0, 4, 1, 1, 4, 0, 1, 2, 1, 4, 4, 1, 1, 0, 2, 3, 1, 2, 1, 2, 1, 1, 2, 4, 2, 0, 2, 2, 3, 1, 0, 1, 2, 0, 1, 2, 4, 1, 3, 4, 1, 2, 4, 3, 3, 3, 1, 1, 4, 3, 3, 3, 2, 4, 2, 4, 2, 3, 4, 1, 4, 1, 2, 2, 1, 4, 3]|[0, 2, 0, 1, 3, 0, 1, 3, 0, 0, 2, 0, 1, 0, 1, 0, 0, 0, 1, 0, 0, 2, 0, 0, 1, 0, 0, 3, 0, 1, 0, 2, 0, 1, 3, 0, 1, 3, 1, 0, 0, 0, 1, 3, 0, 0, 1, 0, 2, 0, 0, 0, 0, 0, 1, 0, 1, 0, 1, 1, 0, 2, 0, 0, 0, 0, 0, 0, 0, 2, 0, 0, 1, 0, 0, 1, 0, 0, 3, 0, 0, 1, 0, 0, 0, 0, 3, 0, 2, 0, 0, 2, 1, 3, 0, 0, 0, 0, 1, 0],839.7308016558047,52103.26715956506,108081.52425448055,true
21,G4_BALANCED,G4_BALANCED,[31, 22, 82, 15, 26, 9, 95, 42, 77, 68, 47, 5, 93, 78, 86, 54, 85, 63, 18, 44, 20, 49, 36, 14, 74, 50, 53, 17, 21, 28, 11, 64, 3, 23, 30, 83, 24, 41, 40, 52, 65, 27, 90, 70, 39, 87, 48, 69, 99, 4, 46, 1, 13, 58, 97, 59, 45, 8, 73, 37, 35, 79, 71, 66, 76, 32, 60, 80, 96, 6, 16, 61, 33, 7, 57, 34, 12, 67, 10, 98, 56, 88, 29, 25, 91, 38, 19, 92, 43, 84, 55, 72, 81, 94, 2, 51, 62, 89, 75, 0]|[2, 1, 2, 1, 1, 1, 1, 1, 1, 1, 1, 0, 2, 2, 1, 2, 0, 0, 0, 2, 2, 1, 0, 2, 0, 2, 2, 1, 0, 1, 1, 1, 0, 0, 1, 0, 2, 1, 2, 2, 0, 0, 1, 1, 0, 2, 0, 2, 1, 0, 0, 2, 0, 0, 2, 0, 1, 1, 0, 0, 2, 1, 1, 2, 2, 0, 2, 2, 0, 1, 2, 1, 1, 2, 0, 1, 1, 1, 1, 2, 2, 1, 1, 1, 1, 0, 1, 0, 1, 0, 0, 1, 1, 2, 2, 1, 1, 1, 0, 0]|[0, 3, 0, 3, 4, 4, 4, 4, 2, 4, 3, 2, 1, 0, 2, 1, 1, 1, 2, 1, 1, 3, 0, 1, 0, 1, 1, 4, 1, 4, 3, 2, 2, 0, 4, 1, 1, 4, 0, 1, 2, 1, 4, 4, 1, 1, 0, 2, 3, 2, 2, 1, 2, 1, 1, 2, 4, 3, 0, 2, 2, 3, 3, 0, 1, 2, 0, 1, 2, 4, 1, 3, 4, 1, 2, 4, 3, 3, 3, 1, 1, 4, 3, 4, 3, 2, 4, 2, 4, 2, 2, 4, 4, 1, 1, 3, 3, 4, 2, 2]|[0, 2, 0, 0, 3, 1, 1, 3, 0, 0, 2, 0, 1, 0, 1, 0, 0, 0, 1, 0, 0, 2, 0, 0, 1, 0, 0, 3, 0, 1, 0, 2, 0, 0, 3, 0, 1, 3, 0, 0, 0, 0, 1, 3, 0, 0, 1, 0, 2, 0, 0, 0, 0, 0, 1, 0, 1, 0, 1, 1, 0, 2, 0, 0, 0, 0, 0, 0, 0, 2, 0, 0, 1, 0, 0, 1, 0, 0, 3, 0, 0, 1, 0, 3, 0, 0, 1, 0, 2, 0, 0, 2, 1, 0, 0, 0, 0, 1, 0, 0],933.1479627820974,50557.69019591277,112932.58026840567,false
21,G2_TEC,G2_TEC,[31, 22, 82, 15, 26, 9, 95, 42, 77, 68, 47, 5, 93, 78, 86, 54, 85, 63, 18, 44, 20, 49, 36, 14, 74, 50, 53, 17, 21, 28, 71, 64, 3, 23, 30, 83, 24, 41, 40, 52, 65, 27, 90, 70, 39, 87, 48, 69, 99, 4, 46, 1, 13, 58, 97, 59, 45, 8, 73, 37, 35, 79, 11, 66, 76, 32, 60, 80, 96, 6, 16, 61, 19, 7, 57, 34, 12, 67, 10, 98, 56, 88, 29, 75, 91, 38, 33, 92, 2, 84, 51, 72, 81, 25, 43, 55, 62, 89, 94, 0]|[2, 1, 2, 1, 1, 2, 1, 1, 1, 1, 1, 0, 2, 2, 1, 2, 0, 0, 0, 2, 2, 1, 0, 2, 0, 2, 2, 1, 0, 1, 1, 1, 0, 0, 1, 0, 2, 1, 2, 2, 0, 0, 1, 1, 0, 2, 0, 2, 1, 0, 0, 2, 0, 0, 2, 0, 1, 1, 0, 0, 2, 1, 0, 2, 2, 0, 2, 2, 0, 1, 2, 1, 1, 2, 0, 1, 1, 1, 1, 2, 2, 1, 1, 0, 1, 0, 1, 0, 2, 0, 1, 1, 1, 1, 1, 0, 1, 1, 2, 0]|[0, 3, 0, 3, 4, 1, 4, 4, 2, 4, 3, 2, 1, 0, 2, 1, 1, 1, 2, 1, 1, 3, 0, 1, 0, 1, 1, 4, 1, 4, 3, 2, 2, 0, 4, 1, 1, 4, 0, 1, 2, 1, 4, 4, 1, 1, 0, 2, 3, 1, 2, 1, 2, 1, 1, 2, 4, 3, 0, 2, 2, 3, 1, 0, 1, 2, 0, 1, 2, 4, 1, 3, 4, 1, 2, 4, 3, 3, 3, 1, 1, 4, 3, 2, 3, 2, 4, 2, 1, 2, 3, 4, 4, 4, 4, 2, 3, 4, 1, 2]|[0, 2, 0, 0, 3, 0, 1, 3, 0, 0, 2, 0, 1, 0, 1, 0, 0, 0, 1, 0, 0, 2, 0, 0, 1, 0, 0, 3, 0, 1, 0, 2, 0, 0, 3, 0, 1, 3, 0, 0, 0, 0, 1, 3, 0, 0, 1, 0, 2, 0, 0, 0, 0, 0, 1, 0, 1, 0, 1, 1, 0, 2, 0, 0, 0, 0, 0, 0, 0, 2, 0, 0, 1, 0, 0, 1, 0, 0, 3, 0, 0, 1, 0, 0, 0, 0, 1, 0, 0, 0, 0, 2, 1, 3, 2, 0, 0, 1, 0, 0],890.9074744783937,50673.96227735626,113466.60083846681,false
21,G3_TWC,G1_CMAX,[31, 22, 82, 15, 26, 9, 42, 95, 77, 12, 47, 5, 93, 78, 86, 54, 85, 63, 18, 44, 20, 35, 43, 97, 91, 76, 10, 30, 21, 45, 71, 64, 1, 23, 17, 83, 24, 14, 60, 36, 6, 57, 94, 88, 65, 56, 79, 40, 67, 68, 46, 75, 38, 58, 19, 32, 81, 41, 27, 62, 87, 90, 99, 59, 11, 16, 72, 73, 69, 39, 37, 84, 3, 92, 25, 55, 28, 29, 51, 7, 33, 61, 98, 66, 89, 50, 8, 96, 53, 80, 4, 48, 34, 2, 52, 13, 0, 70, 49, 74]|[1, 1, 0, 1, 1, 1, 2, 1, 2, 1, 2, 2, 2, 1, 1, 0, 0, 1, 0, 2, 2, 0, 1, 2, 0, 1, 2, 2, 0, 0, 1, 2, 1, 2, 1, 0, 2, 0, 1, 1, 0, 1, 1, 1, 0, 2, 1, 1, 0, 0, 0, 0, 1, 1, 2, 1, 2, 0, 0, 0, 2, 1, 0, 1, 2, 1, 2, 1, 1, 1, 1, 1, 1, 0, 1, 2, 0, 0, 0, 1, 2, 1, 0, 2, 1, 0, 1, 0, 0, 0, 0, 0, 2, 0, 1, 0, 0, 1, 0, 2]|[4, 3, 2, 2, 0, 0, 2, 2, 2, 4, 1, 1, 2, 4, 4, 1, 2, 4, 2, 1, 1, 1, 1, 2, 1, 2, 1, 1, 1, 1, 3, 2, 3, 0, 4, 0, 1, 1, 0, 3, 2, 2, 2, 0, 1, 1, 0, 4, 0, 1, 2, 2, 1, 4, 0, 3, 2, 1, 1, 2, 1, 3, 1, 1, 1, 3, 0, 4, 3, 1, 4, 1, 1, 0, 4, 1, 2, 1, 1, 3, 1, 3, 1, 1, 1, 1, 3, 1, 2, 1, 2, 1, 1, 2, 1, 2, 2, 3, 1, 1]|[0, 2, 1, 1, 3, 3, 0, 1, 0, 0, 0, 0, 1, 0, 1, 0, 0, 3, 1, 0, 0, 0, 3, 1, 0, 2, 0, 0, 0, 1, 0, 0, 0, 0, 3, 0, 1, 0, 0, 2, 1, 1, 1, 0, 0, 0, 0, 2, 1, 0, 0, 0, 1, 3, 0, 0, 1, 0, 0, 1, 0, 2, 0, 1, 0, 2, 1, 0, 0, 1, 1, 3, 1, 1, 3, 0, 1, 0, 0, 2, 0, 0, 0, 0, 1, 0, 2, 0, 1, 0, 1, 0, 0, 0, 1, 0, 0, 0, 1, 0],801.427594812029,57868.49349465401,91455.85780813712,true
21,G1_CMAX,G4_BALANCED,[31, 22, 82, 15, 26, 58, 95, 42, 77, 12, 47, 5, 93, 78, 86, 54, 85, 63, 18, 44, 20, 35, 43, 97, 66, 76, 10, 30, 21, 45, 71, 1, 23, 64, 17, 83, 80, 14, 60, 36, 6, 57, 40, 88, 65, 56, 79, 94, 67, 68, 46, 75, 38, 9, 19, 32, 81, 41, 27, 87, 28, 90, 99, 59, 11, 72, 16, 73, 70, 39, 37, 84, 3, 92, 25, 34, 62, 29, 51, 7, 33, 61, 98, 48, 89, 50, 8, 96, 53, 24, 4, 91, 55, 2, 52, 13, 0, 69, 74, 49]|[1, 1, 0, 1, 1, 0, 1, 2, 2, 1, 2, 2, 2, 1, 1, 0, 0, 1, 0, 2, 2, 0, 1, 2, 2, 1, 2, 2, 0, 0, 1, 1, 2, 2, 1, 0, 0, 0, 1, 1, 0, 1, 1, 1, 0, 2, 1, 1, 0, 0, 0, 0, 1, 1, 2, 1, 2, 0, 0, 2, 0, 1, 0, 1, 2, 2, 1, 1, 1, 1, 1, 1, 1, 0, 1, 2, 0, 0, 0, 1, 2, 1, 2, 0, 1, 0, 1, 2, 0, 2, 1, 0, 2, 0, 1, 0, 0, 1, 2, 0]|[4, 3, 2, 2, 4, 1, 2, 2, 2, 4, 1, 1, 2, 4, 4, 1, 2, 4, 2, 1, 1, 1, 1, 2, 1, 2, 1, 1, 1, 1, 3, 3, 1, 2, 4, 0, 1, 1, 0, 3, 2, 2, 2, 0, 1, 1, 0, 4, 0, 1, 2, 2, 1, 4, 0, 3, 2, 1, 2, 1, 2, 3, 1, 1, 1, 0, 3, 4, 3, 1, 4, 1, 1, 0, 4, 1, 1, 1, 1, 1, 1, 3, 1, 1, 1, 1, 3, 1, 2, 1, 4, 1, 1, 2, 1, 2, 2, 4, 1, 1]|[0, 2, 1, 1, 3, 0, 1, 0, 0, 0, 0, 0, 1, 0, 1, 0, 0, 3, 1, 0, 0, 0, 3, 1, 0, 2, 0, 0, 0, 1, 0, 0, 0, 0, 3, 0, 0, 0, 0, 2, 1, 1, 1, 0, 0, 0, 0, 2, 1, 0, 0, 0, 1, 3, 0, 0, 1, 0, 1, 0, 1, 2, 0, 1, 0, 1, 2, 0, 0, 1, 1, 3, 1, 1, 3, 0, 0, 0, 0, 2, 0, 0, 0, 0, 1, 0, 2, 0, 1, 1, 0, 0, 0, 0, 1, 0, 0, 2, 0, 1],744.4779966161886,56642.47080315968,95938.98434845981,true
21,G4_BALANCED,G4_BALANCED,[31, 22, 82, 15, 26, 9, 95, 42, 77, 68, 47, 5, 93, 78, 86, 54, 85, 63, 18, 44, 20, 49, 36, 14, 74, 50, 53, 17, 21, 28, 11, 64, 3, 23, 30, 83, 24, 41, 40, 52, 65, 27, 90, 70, 39, 87, 48, 69, 99, 4, 46, 1, 13, 58, 97, 59, 45, 8, 73, 37, 35, 79, 71, 66, 76, 32, 60, 80, 96, 6, 16, 61, 33, 7, 57, 34, 12, 67, 10, 98, 56, 88, 29, 25, 91, 38, 19, 92, 43, 84, 55, 72, 81, 94, 2, 51, 62, 89, 75, 0]|[2, 1, 2, 1, 1, 1, 1, 1, 1, 1, 1, 0, 2, 2, 1, 2, 0, 0, 0, 2, 2, 1, 0, 2, 0, 2, 2, 1, 0, 1, 1, 1, 0, 0, 1, 0, 2, 1, 2, 2, 0, 0, 1, 1, 0, 2, 0, 2, 1, 0, 0, 2, 0, 0, 2, 0, 1, 1, 0, 0, 2, 1, 1, 2, 2, 0, 2, 2, 0, 1, 2, 1, 1, 2, 0, 1, 1, 1, 1, 2, 2, 1, 1, 1, 1, 0, 1, 0, 1, 0, 0, 1, 1, 2, 2, 1, 1, 1, 0, 0]|[0, 3, 0, 3, 4, 4, 4, 4, 2, 4, 3, 2, 1, 0, 2, 1, 1, 1, 2, 1, 1, 3, 0, 1, 0, 1, 1, 4, 1, 4, 3, 2, 2, 0, 4, 1, 1, 4, 0, 1, 2, 1, 4, 4, 1, 1, 0, 2, 3, 2, 2, 1, 2, 1, 1, 2, 4, 3, 0, 2, 2, 3, 3, 0, 1, 2, 0, 1, 2, 4, 1, 3, 4, 1, 2, 4, 3, 3, 3, 1, 1, 4, 3, 4, 3, 2, 4, 2, 4, 2, 2, 4, 4, 1, 1, 3, 3, 4, 2, 2]|[0, 2, 0, 0, 3, 1, 1, 3, 0, 0, 2, 0, 1, 0, 1, 0, 0, 0, 1, 0, 0, 2, 0, 0, 1, 0, 0, 3, 0, 1, 0, 2, 0, 0, 3, 0, 1, 3, 0, 0, 0, 0, 1, 3, 0, 0, 1, 0, 2, 0, 0, 0, 0, 0, 1, 0, 1, 0, 1, 1, 0, 2, 0, 0, 0, 0, 0, 0, 0, 2, 0, 0, 1, 0, 0, 1, 0, 0, 3, 0, 0, 1, 0, 3, 0, 0, 1, 0, 2, 0, 0, 2, 1, 0, 0, 0, 0, 1, 0, 0],933.1479627820974,50557.69019591277,112932.58026840567,false
21,G2_TEC,G2_TEC,[31, 22, 82, 15, 26, 9, 95, 42, 77, 68, 47, 5, 93, 78, 86, 54, 85, 63, 18, 44, 20, 49, 36, 14, 74, 50, 53, 17, 21, 28, 71, 64, 3, 23, 30, 83, 24, 41, 40, 52, 65, 27, 90, 70, 39, 87, 48, 69, 99, 4, 46, 1, 13, 58, 97, 59, 45, 8, 73, 37, 35, 79, 11, 66, 76, 32, 60, 80, 96, 6, 16, 61, 19, 7, 57, 34, 12, 67, 10, 98, 56, 88, 29, 75, 91, 38, 33, 92, 2, 84, 51, 72, 81, 25, 43, 55, 62, 89, 94, 0]|[2, 1, 2, 1, 1, 2, 1, 1, 1, 1, 1, 0, 2, 2, 1, 2, 0, 0, 0, 2, 2, 1, 0, 2, 0, 2, 2, 1, 0, 1, 1, 1, 0, 0, 1, 0, 2, 1, 2, 2, 0, 0, 1, 1, 0, 2, 0, 2, 1, 0, 0, 2, 0, 0, 2, 0, 1, 1, 0, 0, 2, 1, 0, 2, 2, 0, 2, 2, 0, 1, 2, 1, 1, 2, 0, 1, 1, 1, 1, 2, 2, 1, 1, 0, 1, 0, 1, 0, 2, 0, 1, 1, 1, 1, 1, 0, 1, 1, 2, 0]|[0, 3, 0, 3, 4, 1, 4, 4, 2, 4, 3, 2, 1, 0, 2, 1, 1, 1, 2, 1, 1, 3, 0, 1, 0, 1, 1, 4, 1, 4, 3, 2, 2, 0, 4, 1, 1, 4, 0, 1, 2, 1, 4, 4, 1, 1, 0, 2, 3, 1, 2, 1, 2, 1, 1, 2, 4, 3, 0, 2, 2, 3, 1, 0, 1, 2, 0, 1, 2, 4, 1, 3, 4, 1, 2, 4, 3, 3, 3, 1, 1, 4, 3, 2, 3, 2, 4, 2, 1, 2, 3, 4, 4, 4, 4, 2, 3, 4, 1, 2]|[0, 2, 0, 0, 3, 0, 1, 3, 0, 0, 2, 0, 1, 0, 1, 0, 0, 0, 1, 0, 0, 2, 0, 0, 1, 0, 0, 3, 0, 1, 0, 2, 0, 0, 3, 0, 1, 3, 0, 0, 0, 0, 1, 3, 0, 0, 1, 0, 2, 0, 0, 0, 0, 0, 1, 0, 1, 0, 1, 1, 0, 2, 0, 0, 0, 0, 0, 0, 0, 2, 0, 0, 1, 0, 0, 1, 0, 0, 3, 0, 0, 1, 0, 0, 0, 0, 1, 0, 0, 0, 0, 2, 1, 3, 2, 0, 0, 1, 0, 0],890.9074744783937,50673.96227735626,113466.60083846681,false
21,G3_TWC,G1_CMAX,[31, 22, 82, 15, 26, 9, 42, 95, 77, 12, 47, 5, 93, 78, 86, 54, 85, 63, 18, 44, 20, 35, 43, 97, 91, 76, 10, 30, 21, 45, 71, 64, 1, 23, 17, 83, 24, 14, 60, 36, 6, 57, 94, 88, 65, 56, 79, 40, 67, 68, 46, 75, 38, 58, 19, 32, 81, 41, 27, 62, 87, 90, 99, 59, 11, 16, 72, 73, 69, 39, 37, 84, 3, 92, 25, 55, 28, 29, 51, 7, 33, 61, 98, 66, 89, 50, 8, 96, 53, 80, 4, 48, 34, 2, 52, 13, 0, 70, 49, 74]|[1, 1, 0, 1, 1, 1, 2, 1, 2, 1, 2, 2, 2, 1, 1, 0, 0, 1, 0, 2, 2, 0, 1, 2, 0, 1, 2, 2, 0, 0, 1, 2, 1, 2, 1, 0, 2, 0, 1, 1, 0, 1, 1, 1, 0, 2, 1, 1, 0, 0, 0, 0, 1, 1, 2, 1, 2, 0, 0, 0, 2, 1, 0, 1, 2, 1, 2, 1, 1, 1, 1, 1, 1, 0, 1, 2, 0, 0, 0, 1, 2, 1, 0, 2, 1, 0, 1, 0, 0, 0, 0, 0, 2, 0, 1, 0, 0, 1, 0, 2]|[4, 3, 2, 2, 0, 0, 2, 2, 2, 4, 1, 1, 2, 4, 4, 1, 2, 4, 2, 1, 1, 1, 1, 2, 1, 2, 1, 1, 1, 1, 3, 2, 3, 0, 4, 0, 1, 1, 0, 3, 2, 2, 2, 0, 1, 1, 0, 4, 0, 1, 2, 2, 1, 4, 0, 3, 2, 1, 1, 2, 1, 3, 1, 1, 1, 3, 0, 4, 3, 1, 4, 1, 1, 0, 4, 1, 2, 1, 1, 3, 1, 3, 1, 1, 1, 1, 3, 1, 2, 1, 2, 1, 1, 2, 1, 2, 2, 3, 1, 1]|[0, 2, 1, 1, 3, 3, 0, 1, 0, 0, 0, 0, 1, 0, 1, 0, 0, 3, 1, 0, 0, 0, 3, 1, 0, 2, 0, 0, 0, 1, 0, 0, 0, 0, 3, 0, 1, 0, 0, 2, 1, 1, 1, 0, 0, 0, 0, 2, 1, 0, 0, 0, 1, 3, 0, 0, 1, 0, 0, 1, 0, 2, 0, 1, 0, 2, 1, 0, 0, 1, 1, 3, 1, 1, 3, 0, 1, 0, 0, 2, 0, 0, 0, 0, 1, 0, 2, 0, 1, 0, 1, 0, 0, 0, 1, 0, 0, 0, 1, 0],801.427594812029,57868.49349465401,91455.85780813712,true
21,G1_CMAX,G4_BALANCED,[31, 22, 82, 15, 26, 58, 95, 42, 77, 12, 47, 5, 93, 78, 86, 54, 85, 63, 18, 44, 20, 35, 43, 97, 66, 76, 10, 30, 21, 45, 71, 1, 23, 64, 17, 83, 80, 14, 60, 36, 6, 57, 40, 88, 65, 56, 79, 94, 67, 68, 46, 75, 38, 9, 19, 32, 81, 41, 27, 87, 28, 90, 99, 59, 11, 72, 16, 73, 70, 39, 37, 84, 3, 92, 25, 34, 62, 29, 51, 7, 33, 61, 98, 48, 89, 50, 8, 96, 53, 24, 4, 91, 55, 2, 52, 13, 0, 69, 74, 49]|[1, 1, 0, 1, 1, 0, 1, 2, 2, 1, 2, 2, 2, 1, 1, 0, 0, 1, 0, 2, 2, 0, 1, 2, 2, 1, 2, 2, 0, 0, 1, 1, 2, 2, 1, 0, 0, 0, 1, 1, 0, 1, 1, 1, 0, 2, 1, 1, 0, 0, 0, 0, 1, 1, 2, 1, 2, 0, 0, 2, 0, 1, 0, 1, 2, 2, 1, 1, 1, 1, 1, 1, 1, 0, 1, 2, 0, 0, 0, 1, 2, 1, 2, 0, 1, 0, 1, 2, 0, 2, 1, 0, 2, 0, 1, 0, 0, 1, 2, 0]|[4, 3, 2, 2, 4, 1, 2, 2, 2, 4, 1, 1, 2, 4, 4, 1, 2, 4, 2, 1, 1, 1, 1, 2, 1, 2, 1, 1, 1, 1, 3, 3, 1, 2, 4, 0, 1, 1, 0, 3, 2, 2, 2, 0, 1, 1, 0, 4, 0, 1, 2, 2, 1, 4, 0, 3, 2, 1, 2, 1, 2, 3, 1, 1, 1, 0, 3, 4, 3, 1, 4, 1, 1, 0, 4, 1, 1, 1, 1, 1, 1, 3, 1, 1, 1, 1, 3, 1, 2, 1, 4, 1, 1, 2, 1, 2, 2, 4, 1, 1]|[0, 2, 1, 1, 3, 0, 1, 0, 0, 0, 0, 0, 1, 0, 1, 0, 0, 3, 1, 0, 0, 0, 3, 1, 0, 2, 0, 0, 0, 1, 0, 0, 0, 0, 3, 0, 0, 0, 0, 2, 1, 1, 1, 0, 0, 0, 0, 2, 1, 0, 0, 0, 1, 3, 0, 0, 1, 0, 1, 0, 1, 2, 0, 1, 0, 1, 2, 0, 0, 1, 1, 3, 1, 1, 3, 0, 0, 0, 0, 2, 0, 0, 0, 0, 1, 0, 2, 0, 1, 1, 0, 0, 0, 0, 1, 0, 0, 2, 0, 1],744.4779966161886,56642.47080315968,95938.98434845981,true
21,G4_BALANCED,G4_BALANCED,[31, 22, 82, 15, 26, 9, 95, 42, 77, 68, 47, 5, 93, 78, 86, 54, 85, 63, 18, 44, 20, 49, 36, 14, 74, 50, 53, 17, 21, 28, 11, 64, 3, 23, 30, 83, 24, 41, 40, 52, 65, 27, 90, 70, 39, 87, 48, 69, 99, 4, 46, 1, 13, 58, 97, 59, 45, 8, 73, 37, 35, 79, 71, 66, 76, 32, 60, 80, 96, 6, 16, 61, 33, 7, 57, 34, 12, 67, 10, 98, 56, 88, 29, 25, 91, 38, 19, 92, 43, 84, 55, 72, 81, 94, 2, 51, 62, 89, 75, 0]|[2, 1, 2, 1, 1, 1, 1, 1, 1, 1, 1, 0, 2, 2, 1, 2, 0, 0, 0, 2, 2, 1, 0, 2, 0, 2, 2, 1, 0, 1, 1, 1, 0, 0, 1, 0, 2, 1, 2, 2, 0, 0, 1, 1, 0, 2, 0, 2, 1, 0, 0, 2, 0, 0, 2, 0, 1, 1, 0, 0, 2, 1, 1, 2, 2, 0, 2, 2, 0, 1, 2, 1, 1, 2, 0, 1, 1, 1, 1, 2, 2, 1, 1, 1, 1, 0, 1, 0, 1, 0, 0, 1, 1, 2, 2, 1, 1, 1, 0, 0]|[0, 3, 0, 3, 4, 4, 4, 4, 2, 4, 3, 2, 1, 0, 2, 1, 1, 1, 2, 1, 1, 3, 0, 1, 0, 1, 1, 4, 1, 4, 3, 2, 2, 0, 4, 1, 1, 4, 0, 1, 2, 1, 4, 4, 1, 1, 0, 2, 3, 2, 2, 1, 2, 1, 1, 2, 4, 3, 0, 2, 2, 3, 3, 0, 1, 2, 0, 1, 2, 4, 1, 3, 4, 1, 2, 4, 3, 3, 3, 1, 1, 4, 3, 4, 3, 2, 4, 2, 4, 2, 2, 4, 4, 1, 1, 3, 3, 4, 2, 2]|[0, 2, 0, 0, 3, 1, 1, 3, 0, 0, 2, 0, 1, 0, 1, 0, 0, 0, 1, 0, 0, 2, 0, 0, 1, 0, 0, 3, 0, 1, 0, 2, 0, 0, 3, 0, 1, 3, 0, 0, 0, 0, 1, 3, 0, 0, 1, 0, 2, 0, 0, 0, 0, 0, 1, 0, 1, 0, 1, 1, 0, 2, 0, 0, 0, 0, 0, 0, 0, 2, 0, 0, 1, 0, 0, 1, 0, 0, 3, 0, 0, 1, 0, 3, 0, 0, 1, 0, 2, 0, 0, 2, 1, 0, 0, 0, 0, 1, 0, 0],933.1479627820974,50557.69019591277,112932.58026840567,false
21,G2_TEC,G2_TEC,[31, 22, 82, 15, 26, 9, 95, 42, 77, 68, 47, 5, 93, 78, 86, 54, 85, 63, 18, 44, 20, 49, 36, 14, 74, 50, 53, 17, 21, 28, 71, 64, 3, 23, 30, 83, 24, 41, 40, 52, 65, 27, 90, 70, 39, 87, 48, 69, 99, 4, 46, 1, 13, 58, 97, 59, 45, 8, 73, 37, 35, 79, 11, 66, 76, 32, 60, 80, 96, 6, 16, 61, 19, 7, 57, 34, 12, 67, 10, 98, 56, 88, 29, 75, 91, 38, 33, 92, 2, 84, 51, 72, 81, 25, 43, 55, 62, 89, 94, 0]|[2, 1, 2, 1, 1, 2, 1, 1, 1, 1, 1, 0, 2, 2, 1, 2, 0, 0, 0, 2, 2, 1, 0, 2, 0, 2, 2, 1, 0, 1, 1, 1, 0, 0, 1, 0, 2, 1, 2, 2, 0, 0, 1, 1, 0, 2, 0, 2, 1, 0, 0, 2, 0, 0, 2, 0, 1, 1, 0, 0, 2, 1, 0, 2, 2, 0, 2, 2, 0, 1, 2, 1, 1, 2, 0, 1, 1, 1, 1, 2, 2, 1, 1, 0, 1, 0, 1, 0, 2, 0, 1, 1, 1, 1, 1, 0, 1, 1, 2, 0]|[0, 3, 0, 3, 4, 1, 4, 4, 2, 4, 3, 2, 1, 0, 2, 1, 1, 1, 2, 1, 1, 3, 0, 1, 0, 1, 1, 4, 1, 4, 3, 2, 2, 0, 4, 1, 1, 4, 0, 1, 2, 1, 4, 4, 1, 1, 0, 2, 3, 1, 2, 1, 2, 1, 1, 2, 4, 3, 0, 2, 2, 3, 1, 0, 1, 2, 0, 1, 2, 4, 1, 3, 4, 1, 2, 4, 3, 3, 3, 1, 1, 4, 3, 2, 3, 2, 4, 2, 1, 2, 3, 4, 4, 4, 4, 2, 3, 4, 1, 2]|[0, 2, 0, 0, 3, 0, 1, 3, 0, 0, 2, 0, 1, 0, 1, 0, 0, 0, 1, 0, 0, 2, 0, 0, 1, 0, 0, 3, 0, 1, 0, 2, 0, 0, 3, 0, 1, 3, 0, 0, 0, 0, 1, 3, 0, 0, 1, 0, 2, 0, 0, 0, 0, 0, 1, 0, 1, 0, 1, 1, 0, 2, 0, 0, 0, 0, 0, 0, 0, 2, 0, 0, 1, 0, 0, 1, 0, 0, 3, 0, 0, 1, 0, 0, 0, 0, 1, 0, 0, 0, 0, 2, 1, 3, 2, 0, 0, 1, 0, 0],890.9074744783937,50673.96227735626,113466.60083846681,false
21,G3_TWC,G1_CMAX,[31, 22, 82, 15, 26, 9, 42, 95, 77, 12, 47, 5, 93, 78, 86, 54, 85, 63, 18, 44, 20, 35, 43, 97, 91, 76, 10, 30, 21, 45, 71, 64, 1, 23, 17, 83, 24, 14, 60, 36, 6, 57, 94, 88, 65, 56, 79, 40, 67, 68, 46, 75, 38, 58, 19, 32, 81, 41, 27, 62, 87, 90, 99, 59, 11, 16, 72, 73, 69, 39, 37, 84, 3, 92, 25, 55, 28, 29, 51, 7, 33, 61, 98, 66, 89, 50, 8, 96, 53, 80, 4, 48, 34, 2, 52, 13, 0, 70, 49, 74]|[1, 1, 0, 1, 1, 1, 2, 1, 2, 1, 2, 2, 2, 1, 1, 0, 0, 1, 0, 2, 2, 0, 1, 2, 0, 1, 2, 2, 0, 0, 1, 2, 1, 2, 1, 0, 2, 0, 1, 1, 0, 1, 1, 1, 0, 2, 1, 1, 0, 0, 0, 0, 1, 1, 2, 1, 2, 0, 0, 0, 2, 1, 0, 1, 2, 1, 2, 1, 1, 1, 1, 1, 1, 0, 1, 2, 0, 0, 0, 1, 2, 1, 0, 2, 1, 0, 1, 0, 0, 0, 0, 0, 2, 0, 1, 0, 0, 1, 0, 2]|[4, 3, 2, 2, 0, 0, 2, 2, 2, 4, 1, 1, 2, 4, 4, 1, 2, 4, 2, 1, 1, 1, 1, 2, 1, 2, 1, 1, 1, 1, 3, 2, 3, 0, 4, 0, 1, 1, 0, 3, 2, 2, 2, 0, 1, 1, 0, 4, 0, 1, 2, 2, 1, 4, 0, 3, 2, 1, 1, 2, 1, 3, 1, 1, 1, 3, 0, 4, 3, 1, 4, 1, 1, 0, 4, 1, 2, 1, 1, 3, 1, 3, 1, 1, 1, 1, 3, 1, 2, 1, 2, 1, 1, 2, 1, 2, 2, 3, 1, 1]|[0, 2, 1, 1, 3, 3, 0, 1, 0, 0, 0, 0, 1, 0, 1, 0, 0, 3, 1, 0, 0, 0, 3, 1, 0, 2, 0, 0, 0, 1, 0, 0, 0, 0, 3, 0, 1, 0, 0, 2, 1, 1, 1, 0, 0, 0, 0, 2, 1, 0, 0, 0, 1, 3, 0, 0, 1, 0, 0, 1, 0, 2, 0, 1, 0, 2, 1, 0, 0, 1, 1, 3, 1, 1, 3, 0, 1, 0, 0, 2, 0, 0, 0, 0, 1, 0, 2, 0, 1, 0, 1, 0, 0, 0, 1, 0, 0, 0, 1, 0],801.427594812029,57868.49349465401,91455.85780813712,true
21,G1_CMAX,G4_BALANCED,[31, 22, 82, 15, 26, 58, 95, 42, 77, 12, 47, 5, 93, 78, 86, 54, 85, 63, 18, 44, 20, 35, 43, 97, 66, 76, 10, 30, 21, 45, 71, 1, 23, 64, 17, 83, 80, 14, 60, 36, 6, 57, 40, 88, 65, 56, 79, 94, 67, 68, 46, 75, 38, 9, 19, 32, 81, 41, 27, 87, 28, 90, 99, 59, 11, 72, 16, 73, 70, 39, 37, 84, 3, 92, 25, 34, 62, 29, 51, 7, 33, 61, 98, 48, 89, 50, 8, 96, 53, 24, 4, 91, 55, 2, 52, 13, 0, 69, 74, 49]|[1, 1, 0, 1, 1, 0, 1, 2, 2, 1, 2, 2, 2, 1, 1, 0, 0, 1, 0, 2, 2, 0, 1, 2, 2, 1, 2, 2, 0, 0, 1, 1, 2, 2, 1, 0, 0, 0, 1, 1, 0, 1, 1, 1, 0, 2, 1, 1, 0, 0, 0, 0, 1, 1, 2, 1, 2, 0, 0, 2, 0, 1, 0, 1, 2, 2, 1, 1, 1, 1, 1, 1, 1, 0, 1, 2, 0, 0, 0, 1, 2, 1, 2, 0, 1, 0, 1, 2, 0, 2, 1, 0, 2, 0, 1, 0, 0, 1, 2, 0]|[4, 3, 2, 2, 4, 1, 2, 2, 2, 4, 1, 1, 2, 4, 4, 1, 2, 4, 2, 1, 1, 1, 1, 2, 1, 2, 1, 1, 1, 1, 3, 3, 1, 2, 4, 0, 1, 1, 0, 3, 2, 2, 2, 0, 1, 1, 0, 4, 0, 1, 2, 2, 1, 4, 0, 3, 2, 1, 2, 1, 2, 3, 1, 1, 1, 0, 3, 4, 3, 1, 4, 1, 1, 0, 4, 1, 1, 1, 1, 1, 1, 3, 1, 1, 1, 1, 3, 1, 2, 1, 4, 1, 1, 2, 1, 2, 2, 4, 1, 1]|[0, 2, 1, 1, 3, 0, 1, 0, 0, 0, 0, 0, 1, 0, 1, 0, 0, 3, 1, 0, 0, 0, 3, 1, 0, 2, 0, 0, 0, 1, 0, 0, 0, 0, 3, 0, 0, 0, 0, 2, 1, 1, 1, 0, 0, 0, 0, 2, 1, 0, 0, 0, 1, 3, 0, 0, 1, 0, 1, 0, 1, 2, 0, 1, 0, 1, 2, 0, 0, 1, 1, 3, 1, 1, 3, 0, 0, 0, 0, 2, 0, 0, 0, 0, 1, 0, 2, 0, 1, 1, 0, 0, 0, 0, 1, 0, 0, 2, 0, 1],744.4779966161886,56642.47080315968,95938.98434845981,true
21,G4_BALANCED,G4_BALANCED,[31, 22, 82, 15, 26, 9, 95, 42, 77, 68, 47, 5, 93, 78, 86, 54, 85, 63, 18, 44, 20, 49, 36, 14, 74, 50, 53, 17, 21, 28, 11, 64, 3, 23, 30, 83, 24, 41, 40, 52, 65, 27, 90, 70, 39, 87, 48, 69, 99, 4, 46, 1, 13, 58, 97, 59, 45, 8, 73, 37, 35, 79, 71, 66, 76, 32, 60, 80, 96, 6, 16, 61, 33, 7, 57, 34, 12, 67, 10, 98, 56, 88, 29, 25, 91, 38, 19, 92, 43, 84, 55, 72, 81, 94, 2, 51, 62, 89, 75, 0]|[2, 1, 2, 1, 1, 1, 1, 1, 1, 1, 1, 0, 2, 2, 1, 2, 0, 0, 0, 2, 2, 1, 0, 2, 0, 2, 2, 1, 0, 1, 1, 1, 0, 0, 1, 0, 2, 1, 2, 2, 0, 0, 1, 1, 0, 2, 0, 2, 1, 0, 0, 2, 0, 0, 2, 0, 1, 1, 0, 0, 2, 1, 1, 2, 2, 0, 2, 2, 0, 1, 2, 1, 1, 2, 0, 1, 1, 1, 1, 2, 2, 1, 1, 1, 1, 0, 1, 0, 1, 0, 0, 1, 1, 2, 2, 1, 1, 1, 0, 0]|[0, 3, 0, 3, 4, 4, 4, 4, 2, 4, 3, 2, 1, 0, 2, 1, 1, 1, 2, 1, 1, 3, 0, 1, 0, 1, 1, 4, 1, 4, 3, 2, 2, 0, 4, 1, 1, 4, 0, 1, 2, 1, 4, 4, 1, 1, 0, 2, 3, 2, 2, 1, 2, 1, 1, 2, 4, 3, 0, 2, 2, 3, 3, 0, 1, 2, 0, 1, 2, 4, 1, 3, 4, 1, 2, 4, 3, 3, 3, 1, 1, 4, 3, 4, 3, 2, 4, 2, 4, 2, 2, 4, 4, 1, 1, 3, 3, 4, 2, 2]|[0, 2, 0, 0, 3, 1, 1, 3, 0, 0, 2, 0, 1, 0, 1, 0, 0, 0, 1, 0, 0, 2, 0, 0, 1, 0, 0, 3, 0, 1, 0, 2, 0, 0, 3, 0, 1, 3, 0, 0, 0, 0, 1, 3, 0, 0, 1, 0, 2, 0, 0, 0, 0, 0, 1, 0, 1, 0, 1, 1, 0, 2, 0, 0, 0, 0, 0, 0, 0, 2, 0, 0, 1, 0, 0, 1, 0, 0, 3, 0, 0, 1, 0, 3, 0, 0, 1, 0, 2, 0, 0, 2, 1, 0, 0, 0, 0, 1, 0, 0],933.1479627820974,50557.69019591277,112932.58026840567,false
21,G2_TEC,G2_TEC,[31, 22, 82, 15, 26, 9, 95, 42, 77, 68, 47, 5, 93, 78, 86, 54, 85, 63, 18, 44, 20, 49, 36, 14, 74, 50, 53, 17, 21, 28, 71, 64, 3, 23, 30, 83, 24, 41, 40, 52, 65, 27, 90, 70, 39, 87, 48, 69, 99, 4, 46, 1, 13, 58, 97, 59, 45, 8, 73, 37, 35, 79, 11, 66, 76, 32, 60, 80, 96, 6, 16, 61, 19, 7, 57, 34, 12, 67, 10, 98, 56, 88, 29, 75, 91, 38, 33, 92, 2, 84, 51, 72, 81, 25, 43, 55, 62, 89, 94, 0]|[2, 1, 2, 1, 1, 2, 1, 1, 1, 1, 1, 0, 2, 2, 1, 2, 0, 0, 0, 2, 2, 1, 0, 2, 0, 2, 2, 1, 0, 1, 1, 1, 0, 0, 1, 0, 2, 1, 2, 2, 0, 0, 1, 1, 0, 2, 0, 2, 1, 0, 0, 2, 0, 0, 2, 0, 1, 1, 0, 0, 2, 1, 0, 2, 2, 0, 2, 2, 0, 1, 2, 1, 1, 2, 0, 1, 1, 1, 1, 2, 2, 1, 1, 0, 1, 0, 1, 0, 2, 0, 1, 1, 1, 1, 1, 0, 1, 1, 2, 0]|[0, 3, 0, 3, 4, 1, 4, 4, 2, 4, 3, 2, 1, 0, 2, 1, 1, 1, 2, 1, 1, 3, 0, 1, 0, 1, 1, 4, 1, 4, 3, 2, 2, 0, 4, 1, 1, 4, 0, 1, 2, 1, 4, 4, 1, 1, 0, 2, 3, 1, 2, 1, 2, 1, 1, 2, 4, 3, 0, 2, 2, 3, 1, 0, 1, 2, 0, 1, 2, 4, 1, 3, 4, 1, 2, 4, 3, 3, 3, 1, 1, 4, 3, 2, 3, 2, 4, 2, 1, 2, 3, 4, 4, 4, 4, 2, 3, 4, 1, 2]|[0, 2, 0, 0, 3, 0, 1, 3, 0, 0, 2, 0, 1, 0, 1, 0, 0, 0, 1, 0, 0, 2, 0, 0, 1, 0, 0, 3, 0, 1, 0, 2, 0, 0, 3, 0, 1, 3, 0, 0, 0, 0, 1, 3, 0, 0, 1, 0, 2, 0, 0, 0, 0, 0, 1, 0, 1, 0, 1, 1, 0, 2, 0, 0, 0, 0, 0, 0, 0, 2, 0, 0, 1, 0, 0, 1, 0, 0, 3, 0, 0, 1, 0, 0, 0, 0, 1, 0, 0, 0, 0, 2, 1, 3, 2, 0, 0, 1, 0, 0],890.9074744783937,50673.96227735626,113466.60083846681,false
21,G3_TWC,G1_CMAX,[31, 22, 82, 15, 26, 9, 42, 95, 77, 12, 47, 5, 93, 78, 86, 54, 85, 63, 18, 44, 20, 35, 43, 97, 91, 76, 10, 30, 21, 45, 71, 64, 1, 23, 17, 83, 24, 14, 60, 36, 6, 57, 94, 88, 65, 56, 79, 40, 67, 68, 46, 75, 38, 58, 19, 32, 81, 41, 27, 62, 87, 90, 99, 59, 11, 16, 72, 73, 69, 39, 37, 84, 3, 92, 25, 55, 28, 29, 51, 7, 33, 61, 98, 66, 89, 50, 8, 96, 53, 80, 4, 48, 34, 2, 52, 13, 0, 70, 49, 74]|[1, 1, 0, 1, 1, 1, 2, 1, 2, 1, 2, 2, 2, 1, 1, 0, 0, 1, 0, 2, 2, 0, 1, 2, 0, 1, 2, 2, 0, 0, 1, 2, 1, 2, 1, 0, 2, 0, 1, 1, 0, 1, 1, 1, 0, 2, 1, 1, 0, 0, 0, 0, 1, 1, 2, 1, 2, 0, 0, 0, 2, 1, 0, 1, 2, 1, 2, 1, 1, 1, 1, 1, 1, 0, 1, 2, 0, 0, 0, 1, 2, 1, 0, 2, 1, 0, 1, 0, 0, 0, 0, 0, 2, 0, 1, 0, 0, 1, 0, 2]|[4, 3, 2, 2, 0, 0, 2, 2, 2, 4, 1, 1, 2, 4, 4, 1, 2, 4, 2, 1, 1, 1, 1, 2, 1, 2, 1, 1, 1, 1, 3, 2, 3, 0, 4, 0, 1, 1, 0, 3, 2, 2, 2, 0, 1, 1, 0, 4, 0, 1, 2, 2, 1, 4, 0, 3, 2, 1, 1, 2, 1, 3, 1, 1, 1, 3, 0, 4, 3, 1, 4, 1, 1, 0, 4, 1, 2, 1, 1, 3, 1, 3, 1, 1, 1, 1, 3, 1, 2, 1, 2, 1, 1, 2, 1, 2, 2, 3, 1, 1]|[0, 2, 1, 1, 3, 3, 0, 1, 0, 0, 0, 0, 1, 0, 1, 0, 0, 3, 1, 0, 0, 0, 3, 1, 0, 2, 0, 0, 0, 1, 0, 0, 0, 0, 3, 0, 1, 0, 0, 2, 1, 1, 1, 0, 0, 0, 0, 2, 1, 0, 0, 0, 1, 3, 0, 0, 1, 0, 0, 1, 0, 2, 0, 1, 0, 2, 1, 0, 0, 1, 1, 3, 1, 1, 3, 0, 1, 0, 0, 2, 0, 0, 0, 0, 1, 0, 2, 0, 1, 0, 1, 0, 0, 0, 1, 0, 0, 0, 1, 0],801.427594812029,57868.49349465401,91455.85780813712,true
21,G1_CMAX,G3_TWC,[31, 22, 82, 15, 26, 9, 42, 95, 77, 12, 47, 5, 93, 78, 86, 54, 85, 63, 18, 44, 20, 35, 43, 97, 13, 76, 10, 30, 21, 45, 71, 64, 1, 23, 17, 83, 24, 14, 60, 36, 6, 57, 94, 88, 65, 56, 79, 40, 67, 68, 46, 75, 38, 58, 19, 32, 81, 41, 27, 62, 87, 90, 99, 59, 11, 16, 72, 73, 69, 39, 37, 84, 3, 92, 25, 55, 28, 29, 51, 7, 33, 61, 98, 66, 89, 50, 4, 96, 34, 53, 48, 8, 80, 2, 52, 0, 91, 70, 49, 74]|[1, 1, 0, 1, 1, 1, 1, 2, 2, 1, 2, 2, 2, 1, 1, 0, 0, 1, 0, 2, 2, 0, 1, 2, 0, 1, 2, 2, 0, 0, 1, 2, 1, 2, 1, 0, 2, 0, 1, 1, 0, 1, 1, 1, 0, 2, 1, 1, 0, 0, 0, 0, 1, 1, 2, 1, 2, 0, 0, 0, 2, 1, 0, 1, 2, 1, 2, 1, 1, 1, 1, 1, 1, 0, 1, 2, 0, 0, 0, 1, 2, 1, 2, 2, 1, 0, 1, 2, 2, 0, 0, 1, 0, 0, 1, 0, 0, 1, 0, 2]|[4, 3, 2, 2, 0, 0, 2, 2, 2, 4, 1, 1, 2, 4, 4, 1, 2, 4, 2, 1, 1, 1, 1, 2, 1, 2, 1, 1, 1, 1, 3, 2, 3, 1, 4, 0, 1, 1, 0, 3, 2, 2, 2, 0, 1, 1, 0, 4, 0, 1, 2, 2, 1, 4, 0, 3, 2, 1, 1, 2, 1, 3, 1, 1, 1, 3, 0, 4, 3, 1, 4, 1, 1, 2, 4, 1, 2, 1, 1, 1, 1, 3, 1, 1, 1, 1, 4, 1, 1, 2, 1, 3, 1, 2, 1, 2, 2, 4, 1, 1]|[0, 2, 1, 1, 3, 3, 1, 0, 0, 0, 0, 0, 1, 0, 1, 0, 0, 3, 1, 0, 0, 0, 3, 1, 0, 2, 0, 0, 0, 1, 0, 0, 0, 0, 3, 0, 1, 0, 0, 2, 1, 1, 1, 0, 0, 0, 0, 2, 1, 0, 0, 0, 1, 3, 0, 0, 1, 0, 0, 1, 0, 2, 0, 1, 0, 2, 1, 0, 0, 1, 1, 3, 1, 1, 3, 0, 1, 0, 0, 2, 0, 0, 0, 0, 1, 0, 0, 0, 0, 1, 0, 2, 0, 0, 1, 0, 0, 2, 1, 0],749.4797979861628,57376.847875154745,93160.72116373194,true
21,G4_BALANCED,G2_TEC,[31, 22, 82, 15, 26, 9, 95, 42, 77, 68, 47, 5, 93, 78, 86, 54, 85, 63, 18, 44, 20, 49, 36, 14, 74, 50, 53, 17, 21, 28, 71, 64, 3, 23, 30, 83, 24, 41, 40, 52, 65, 27, 90, 70, 39, 87, 48, 69, 99, 4, 46, 1, 13, 58, 97, 59, 33, 8, 73, 37, 35, 79, 11, 66, 76, 32, 60, 80, 96, 6, 16, 61, 45, 7, 57, 34, 12, 67, 10, 98, 56, 88, 29, 75, 91, 38, 19, 92, 43, 84, 62, 72, 81, 25, 94, 55, 0, 89, 2, 51]|[2, 1, 2, 1, 1, 2, 1, 1, 1, 1, 1, 0, 2, 2, 1, 2, 0, 0, 0, 2, 2, 1, 0, 2, 0, 2, 2, 1, 0, 1, 1, 1, 0, 0, 1, 0, 2, 1, 2, 2, 0, 0, 1, 1, 0, 2, 0, 2, 1, 0, 0, 2, 0, 0, 2, 0, 1, 1, 0, 0, 2, 1, 0, 2, 2, 0, 2, 2, 0, 1, 2, 1, 1, 2, 0, 1, 1, 1, 1, 2, 2, 1, 1, 0, 1, 0, 1, 0, 1, 0, 1, 1, 1, 1, 2, 0, 0, 1, 2, 1]|[0, 3, 0, 3, 4, 1, 4, 4, 2, 4, 3, 2, 1, 0, 2, 1, 1, 1, 2, 1, 1, 3, 0, 1, 0, 1, 1, 4, 1, 4, 3, 2, 2, 0, 4, 1, 1, 4, 0, 1, 2, 1, 4, 4, 1, 1, 0, 2, 3, 1, 2, 1, 2, 1, 1, 2, 4, 3, 0, 2, 2, 3, 1, 0, 1, 2, 0, 1, 2, 4, 1, 3, 4, 1, 2, 4, 3, 3, 3, 1, 1, 4, 3, 2, 3, 2, 4, 2, 4, 2, 3, 4, 4, 4, 1, 2, 2, 4, 1, 3]|[0, 2, 0, 0, 3, 0, 1, 3, 0, 0, 2, 0, 1, 0, 1, 0, 0, 0, 1, 0, 0, 2, 0, 0, 1, 0, 0, 3, 0, 1, 0, 2, 0, 0, 3, 0, 1, 3, 1, 0, 0, 0, 1, 3, 0, 0, 1, 0, 2, 0, 0, 0, 0, 0, 1, 0, 1, 0, 1, 1, 0, 2, 0, 0, 0, 0, 0, 0, 0, 2, 0, 0, 1, 0, 0, 1, 0, 0, 3, 0, 0, 1, 0, 0, 0, 0, 3, 0, 2, 0, 0, 2, 1, 3, 0, 0, 0, 1, 0, 0],890.9074744783937,50971.277531283944,110823.9630860667,true
21,G2_TEC,G2_TEC,[31, 22, 82, 15, 26, 9, 95, 42, 77, 68, 47, 5, 93, 78, 86, 54, 85, 63, 18, 44, 20, 49, 36, 14, 74, 50, 53, 17, 21, 28, 71, 64, 3, 23, 30, 83, 24, 41, 40, 52, 65, 27, 90, 70, 39, 87, 48, 69, 99, 4, 46, 1, 13, 58, 97, 59, 45, 8, 73, 37, 35, 79, 11, 66, 76, 32, 60, 80, 96, 6, 16, 61, 19, 7, 57, 34, 12, 67, 10, 98, 56, 88, 29, 75, 91, 38, 33, 92, 2, 84, 51, 72, 81, 25, 43, 55, 62, 89, 94, 0]|[2, 1, 2, 1, 1, 2, 1, 1, 1, 1, 1, 0, 2, 2, 1, 2, 0, 0, 0, 2, 2, 1, 0, 2, 0, 2, 2, 1, 0, 1, 1, 1, 0, 0, 1, 0, 2, 1, 2, 2, 0, 0, 1, 1, 0, 2, 0, 2, 1, 0, 0, 2, 0, 0, 2, 0, 1, 1, 0, 0, 2, 1, 0, 2, 2, 0, 2, 2, 0, 1, 2, 1, 1, 2, 0, 1, 1, 1, 1, 2, 2, 1, 1, 0, 1, 0, 1, 0, 2, 0, 1, 1, 1, 1, 1, 0, 1, 1, 2, 0]|[0, 3, 0, 3, 4, 1, 4, 4, 2, 4, 3, 2, 1, 0, 2, 1, 1, 1, 2, 1, 1, 3, 0, 1, 0, 1, 1, 4, 1, 4, 3, 2, 2, 0, 4, 1, 1, 4, 0, 1, 2, 1, 4, 4, 1, 1, 0, 2, 3, 1, 2, 1, 2, 1, 1, 2, 4, 3, 0, 2, 2, 3, 1, 0, 1, 2, 0, 1, 2, 4, 1, 3, 4, 1, 2, 4, 3, 3, 3, 1, 1, 4, 3, 2, 3, 2, 4, 2, 1, 2, 3, 4, 4, 4, 4, 2, 3, 4, 1, 2]|[0, 2, 0, 0, 3, 0, 1, 3, 0, 0, 2, 0, 1, 0, 1, 0, 0, 0, 1, 0, 0, 2, 0, 0, 1, 0, 0, 3, 0, 1, 0, 2, 0, 0, 3, 0, 1, 3, 0, 0, 0, 0, 1, 3, 0, 0, 1, 0, 2, 0, 0, 0, 0, 0, 1, 0, 1, 0, 1, 1, 0, 2, 0, 0, 0, 0, 0, 0, 0, 2, 0, 0, 1, 0, 0, 1, 0, 0, 3, 0, 0, 1, 0, 0, 0, 0, 1, 0, 0, 0, 0, 2, 1, 3, 2, 0, 0, 1, 0, 0],890.9074744783937,50673.96227735626,113466.60083846681,false
21,G3_TWC,G1_CMAX,[31, 22, 82, 15, 26, 9, 42, 95, 77, 12, 47, 5, 93, 78, 86, 54, 85, 63, 18, 44, 20, 35, 43, 97, 91, 76, 10, 30, 21, 45, 71, 64, 1, 23, 17, 83, 24, 14, 60, 36, 6, 57, 94, 88, 65, 56, 79, 40, 67, 68, 46, 75, 38, 58, 19, 32, 81, 41, 27, 62, 87, 90, 99, 59, 11, 16, 72, 73, 69, 39, 37, 84, 3, 92, 25, 55, 28, 29, 51, 7, 33, 61, 98, 66, 89, 50, 8, 96, 53, 80, 4, 48, 34, 2, 52, 13, 0, 70, 49, 74]|[1, 1, 0, 1, 1, 1, 2, 1, 2, 1, 2, 2, 2, 1, 1, 0, 0, 1, 0, 2, 2, 0, 1, 2, 0, 1, 2, 2, 0, 0, 1, 2, 1, 2, 1, 0, 2, 0, 1, 1, 0, 1, 1, 1, 0, 2, 1, 1, 0, 0, 0, 0, 1, 1, 2, 1, 2, 0, 0, 0, 2, 1, 0, 1, 2, 1, 2, 1, 1, 1, 1, 1, 1, 0, 1, 2, 0, 0, 0, 1, 2, 1, 0, 2, 1, 0, 1, 0, 0, 0, 0, 0, 2, 0, 1, 0, 0, 1, 0, 2]|[4, 3, 2, 2, 0, 0, 2, 2, 2, 4, 1, 1, 2, 4, 4, 1, 2, 4, 2, 1, 1, 1, 1, 2, 1, 2, 1, 1, 1, 1, 3, 2, 3, 0, 4, 0, 1, 1, 0, 3, 2, 2, 2, 0, 1, 1, 0, 4, 0, 1, 2, 2, 1, 4, 0, 3, 2, 1, 1, 2, 1, 3, 1, 1, 1, 3, 0, 4, 3, 1, 4, 1, 1, 0, 4, 1, 2, 1, 1, 3, 1, 3, 1, 1, 1, 1, 3, 1, 2, 1, 2, 1, 1, 2, 1, 2, 2, 3, 1, 1]|[0, 2, 1, 1, 3, 3, 0, 1, 0, 0, 0, 0, 1, 0, 1, 0, 0, 3, 1, 0, 0, 0, 3, 1, 0, 2, 0, 0, 0, 1, 0, 0, 0, 0, 3, 0, 1, 0, 0, 2, 1, 1, 1, 0, 0, 0, 0, 2, 1, 0, 0, 0, 1, 3, 0, 0, 1, 0, 0, 1, 0, 2, 0, 1, 0, 2, 1, 0, 0, 1, 1, 3, 1, 1, 3, 0, 1, 0, 0, 2, 0, 0, 0, 0, 1, 0, 2, 0, 1, 0, 1, 0, 0, 0, 1, 0, 0, 0, 1, 0],801.427594812029,57868.49349465401,91455.85780813712,true
21,G1_CMAX,G3_TWC,[31, 22, 82, 15, 26, 9, 42, 95, 77, 12, 47, 5, 93, 78, 86, 54, 85, 63, 18, 44, 20, 35, 43, 97, 91, 76, 10, 30, 21, 45, 71, 64, 1, 23, 17, 83, 24, 14, 60, 36, 6, 57, 94, 88, 65, 56, 79, 40, 67, 68, 46, 75, 38, 58, 19, 32, 81, 41, 27, 62, 87, 90, 99, 59, 11, 16, 72, 73, 69, 39, 37, 84, 3, 92, 25, 55, 28, 29, 51, 50, 66, 61, 98, 48, 89, 7, 8, 96, 80, 53, 33, 4, 34, 2, 52, 0, 13, 70, 49, 74]|[1, 1, 0, 1, 1, 1, 2, 1, 2, 1, 2, 2, 2, 1, 1, 0, 0, 1, 0, 2, 2, 0, 1, 2, 0, 1, 2, 2, 0, 0, 1, 2, 1, 2, 1, 0, 2, 0, 1, 1, 0, 1, 1, 1, 0, 2, 1, 1, 0, 0, 0, 0, 1, 1, 2, 1, 2, 0, 0, 0, 2, 1, 0, 1, 2, 1, 2, 1, 1, 1, 1, 1, 1, 0, 1, 2, 0, 0, 0, 0, 2, 1, 0, 0, 1, 1, 0, 2, 0, 0, 2, 0, 2, 0, 1, 0, 0, 1, 0, 2]|[4, 3, 2, 2, 0, 0, 2, 2, 2, 4, 1, 1, 2, 4, 4, 1, 2, 4, 2, 1, 1, 1, 1, 2, 1, 2, 1, 1, 1, 1, 3, 2, 3, 0, 4, 0, 1, 1, 0, 3, 2, 2, 2, 0, 1, 1, 0, 4, 0, 1, 2, 2, 1, 4, 0, 3, 2, 1, 1, 2, 1, 3, 1, 1, 1, 3, 0, 4, 3, 1, 4, 1, 1, 2, 4, 1, 2, 1, 1, 1, 1, 3, 1, 1, 1, 3, 1, 1, 1, 2, 1, 2, 1, 2, 1, 2, 2, 4, 1, 1]|[0, 2, 1, 1, 3, 3, 0, 1, 0, 0, 0, 0, 1, 0, 1, 0, 0, 3, 1, 0, 0, 0, 3, 1, 0, 2, 0, 0, 0, 1, 0, 0, 0, 0, 3, 0, 1, 0, 0, 2, 1, 1, 1, 0, 0, 0, 0, 2, 1, 0, 0, 0, 1, 3, 0, 0, 1, 0, 0, 1, 0, 2, 0, 1, 0, 2, 1, 0, 0, 1, 1, 3, 1, 1, 3, 0, 1, 0, 0, 0, 0, 0, 0, 0, 1, 2, 0, 0, 0, 1, 0, 1, 0, 0, 1, 0, 0, 2, 1, 0],789.4132763389318,58197.74223024705,90639.8549565553,true
21,G4_BALANCED,G4_BALANCED,[31, 11, 15, 82, 26, 9, 95, 32, 77, 68, 47, 5, 93, 78, 86, 54, 85, 63, 18, 44, 20, 49, 36, 14, 74, 50, 53, 17, 21, 45, 71, 64, 3, 23, 30, 83, 24, 41, 60, 52, 65, 27, 90, 70, 39, 87, 48, 69, 99, 4, 46, 1, 13, 58, 97, 59, 28, 75, 73, 37, 35, 79, 22, 66, 76, 42, 40, 80, 96, 6, 16, 61, 33, 7, 57, 34, 12, 67, 10, 98, 56, 88, 29, 8, 91, 38, 19, 92, 43, 84, 51, 72, 81, 25, 94, 55, 0, 89, 2, 62]|[2, 1, 1, 2, 1, 2, 1, 1, 1, 1, 1, 0, 2, 2, 1, 2, 0, 0, 0, 2, 2, 1, 0, 2, 0, 2, 2, 1, 0, 1, 1, 1, 0, 0, 1, 0, 2, 1, 2, 2, 0, 0, 1, 1, 0, 2, 0, 2, 1, 0, 0, 2, 0, 0, 2, 0, 1, 0, 0, 0, 2, 1, 0, 2, 2, 0, 2, 2, 0, 1, 2, 1, 1, 2, 0, 1, 1, 1, 1, 2, 2, 1, 1, 1, 1, 0, 1, 0, 1, 0, 1, 1, 1, 1, 2, 0, 0, 1, 2, 1]|[1, 3, 2, 0, 4, 1, 4, 4, 2, 4, 3, 2, 1, 0, 2, 1, 1, 1, 2, 1, 1, 3, 0, 1, 0, 1, 1, 4, 1, 4, 3, 2, 2, 0, 4, 1, 1, 4, 0, 1, 2, 1, 4, 4, 1, 1, 0, 2, 3, 1, 2, 1, 2, 1, 1, 2, 4, 2, 0, 2, 2, 3, 1, 0, 1, 2, 0, 1, 2, 4, 1, 3, 4, 1, 2, 4, 3, 3, 3, 1, 1, 4, 3, 3, 3, 2, 4, 2, 4, 2, 3, 4, 1, 4, 1, 2, 2, 4, 1, 3]|[1, 2, 1, 0, 3, 0, 1, 3, 0, 0, 2, 0, 1, 0, 1, 0, 0, 0, 1, 0, 0, 2, 0, 0, 1, 0, 0, 3, 0, 1, 0, 2, 0, 1, 3, 0, 1, 3, 1, 0, 0, 0, 1, 3, 0, 0, 1, 0, 2, 0, 0, 0, 0, 0, 1, 0, 1, 0, 1, 1, 0, 2, 0, 0, 0, 0, 0, 0, 0, 2, 0, 0, 1, 0, 0, 1, 0, 0, 3, 0, 0, 1, 0, 0, 0, 0, 3, 0, 2, 0, 0, 2, 1, 3, 0, 0, 0, 1, 0, 0],842.3358630601143,52535.59882498444,107349.69971746493,false
21,G2_TEC,G4_BALANCED,[31, 22, 82, 15, 26, 58, 95, 42, 77, 12, 47, 5, 93, 78, 86, 54, 85, 63, 18, 44, 20, 35, 43, 97, 91, 76, 10, 30, 21, 45, 71, 64, 1, 23, 17, 83, 24, 14, 60, 36, 6, 57, 40, 88, 65, 56, 79, 94, 67, 68, 46, 75, 38, 9, 19, 32, 81, 41, 27, 62, 87, 90, 99, 52, 11, 16, 72, 73, 70, 39, 37, 84, 3, 92, 25, 55, 28, 29, 51, 7, 33, 61, 98, 48, 89, 8, 4, 96, 53, 80, 50, 66, 34, 2, 59, 13, 0, 69, 74, 49]|[1, 1, 0, 1, 1, 0, 1, 2, 2, 1, 2, 2, 2, 1, 1, 0, 0, 1, 0, 2, 2, 0, 1, 2, 2, 1, 2, 2, 0, 0, 1, 2, 1, 2, 1, 0, 2, 0, 1, 1, 0, 1, 1, 1, 0, 2, 1, 1, 0, 0, 0, 0, 1, 1, 2, 1, 2, 0, 0, 0, 2, 1, 0, 2, 2, 1, 2, 1, 1, 1, 1, 1, 1, 0, 1, 2, 0, 0, 0, 1, 2, 1, 2, 0, 1, 1, 1, 2, 0, 0, 0, 2, 2, 0, 2, 0, 0, 1, 2, 0]|[4, 3, 2, 2, 4, 2, 2, 2, 2, 4, 1, 1, 2, 4, 4, 1, 2, 4, 2, 1, 1, 1, 1, 2, 1, 2, 1, 1, 1, 1, 3, 2, 3, 1, 4, 0, 1, 1, 0, 3, 2, 2, 2, 0, 1, 1, 0, 4, 0, 1, 2, 2, 1, 4, 0, 3, 2, 1, 1, 2, 1, 3, 1, 1, 1, 3, 0, 4, 3, 1, 4, 1, 1, 0, 4, 1, 2, 1, 1, 3, 1, 3, 1, 1, 1, 3, 4, 1, 2, 1, 1, 1, 1, 2, 1, 2, 2, 4, 1, 1]|[0, 2, 1, 1, 3, 0, 1, 0, 0, 0, 0, 0, 1, 0, 1, 0, 0, 3, 1, 0, 0, 0, 3, 1, 0, 2, 0, 0, 0, 1, 0, 0, 0, 0, 3, 0, 1, 0, 0, 2, 1, 1, 1, 0, 0, 0, 0, 2, 1, 0, 0, 0, 1, 3, 0, 0, 1, 0, 0, 1, 0, 2, 0, 0, 0, 2, 1, 0, 0, 1, 1, 3, 1, 1, 3, 0, 1, 0, 0, 2, 0, 0, 0, 0, 1, 2, 0, 0, 1, 0, 0, 0, 0, 0, 0, 0, 0, 2, 0, 1],854.6370053911567,55591.10347255162,98397.58133066772,true
21,G3_TWC,G1_CMAX,[31, 22, 82, 15, 26, 9, 42, 95, 77, 12, 47, 5, 93, 78, 86, 54, 85, 63, 18, 44, 20, 35, 43, 97, 91, 76, 10, 30, 21, 45, 71, 64, 1, 23, 17, 83, 24, 14, 60, 36, 6, 57, 94, 88, 65, 56, 79, 40, 67, 68, 46, 75, 38, 58, 19, 32, 81, 41, 27, 62, 87, 90, 99, 59, 11, 16, 72, 73, 69, 39, 37, 84, 3, 92, 25, 55, 28, 29, 51, 7, 33, 61, 98, 66, 89, 50, 8, 96, 53, 80, 4, 48, 34, 2, 52, 13, 0, 70, 49, 74]|[1, 1, 0, 1, 1, 1, 2, 1, 2, 1, 2, 2, 2, 1, 1, 0, 0, 1, 0, 2, 2, 0, 1, 2, 0, 1, 2, 2, 0, 0, 1, 2, 1, 2, 1, 0, 2, 0, 1, 1, 0, 1, 1, 1, 0, 2, 1, 1, 0, 0, 0, 0, 1, 1, 2, 1, 2, 0, 0, 0, 2, 1, 0, 1, 2, 1, 2, 1, 1, 1, 1, 1, 1, 0, 1, 2, 0, 0, 0, 1, 2, 1, 0, 2, 1, 0, 1, 0, 0, 0, 0, 0, 2, 0, 1, 0, 0, 1, 0, 2]|[4, 3, 2, 2, 0, 0, 2, 2, 2, 4, 1, 1, 2, 4, 4, 1, 2, 4, 2, 1, 1, 1, 1, 2, 1, 2, 1, 1, 1, 1, 3, 2, 3, 0, 4, 0, 1, 1, 0, 3, 2, 2, 2, 0, 1, 1, 0, 4, 0, 1, 2, 2, 1, 4, 0, 3, 2, 1, 1, 2, 1, 3, 1, 1, 1, 3, 0, 4, 3, 1, 4, 1, 1, 0, 4, 1, 2, 1, 1, 3, 1, 3, 1, 1, 1, 1, 3, 1, 2, 1, 2, 1, 1, 2, 1, 2, 2, 3, 1, 1]|[0, 2, 1, 1, 3, 3, 0, 1, 0, 0, 0, 0, 1, 0, 1, 0, 0, 3, 1, 0, 0, 0, 3, 1, 0, 2, 0, 0, 0, 1, 0, 0, 0, 0, 3, 0, 1, 0, 0, 2, 1, 1, 1, 0, 0, 0, 0, 2, 1, 0, 0, 0, 1, 3, 0, 0, 1, 0, 0, 1, 0, 2, 0, 1, 0, 2, 1, 0, 0, 1, 1, 3, 1, 1, 3, 0, 1, 0, 0, 2, 0, 0, 0, 0, 1, 0, 2, 0, 1, 0, 1, 0, 0, 0, 1, 0, 0, 0, 1, 0],801.427594812029,57868.49349465401,91455.85780813712,true
21,G1_CMAX,G1_CMAX,[31, 22, 82, 15, 26, 58, 95, 42, 77, 12, 47, 5, 93, 78, 86, 54, 85, 63, 18, 72, 20, 35, 43, 97, 91, 76, 10, 30, 21, 45, 71, 64, 1, 23, 17, 83, 24, 14, 60, 36, 6, 57, 40, 88, 65, 56, 79, 94, 67, 41, 68, 75, 38, 9, 19, 32, 81, 55, 62, 87, 27, 90, 99, 59, 11, 16, 44, 73, 70, 39, 37, 84, 3, 92, 25, 46, 28, 29, 51, 7, 66, 61, 98, 48, 89, 50, 4, 96, 53, 80, 8, 33, 34, 2, 52, 13, 0, 69, 74, 49]|[1, 1, 0, 1, 1, 0, 1, 2, 2, 1, 2, 2, 2, 1, 1, 0, 0, 1, 0, 2, 2, 0, 0, 2, 0, 1, 2, 2, 0, 0, 1, 2, 1, 2, 1, 0, 2, 0, 1, 1, 0, 1, 1, 1, 0, 2, 1, 1, 0, 0, 0, 0, 1, 1, 2, 1, 2, 2, 0, 2, 0, 1, 0, 1, 2, 1, 2, 1, 1, 1, 1, 1, 1, 0, 1, 0, 0, 0, 0, 1, 2, 1, 2, 0, 1, 0, 1, 2, 0, 0, 1, 2, 2, 0, 1, 0, 0, 1, 2, 0]|[4, 3, 2, 2, 4, 1, 2, 2, 2, 4, 1, 1, 2, 4, 4, 1, 2, 4, 2, 1, 1, 1, 1, 2, 1, 2, 1, 1, 1, 1, 3, 2, 3, 1, 4, 0, 1, 1, 0, 3, 2, 2, 2, 0, 1, 1, 0, 4, 0, 1, 1, 2, 1, 4, 0, 3, 2, 1, 2, 1, 1, 3, 1, 1, 1, 3, 1, 4, 3, 1, 4, 1, 1, 0, 4, 2, 2, 1, 1, 1, 1, 3, 1, 1, 1, 1, 4, 1, 2, 1, 3, 1, 1, 2, 1, 2, 2, 4, 1, 1]|[0, 2, 1, 1, 3, 0, 1, 0, 0, 0, 0, 0, 1, 0, 1, 0, 0, 3, 1, 0, 0, 0, 0, 1, 0, 2, 0, 0, 0, 1, 0, 0, 0, 0, 3, 0, 1, 0, 0, 2, 1, 1, 1, 0, 0, 0, 0, 2, 1, 0, 0, 0, 1, 3, 0, 0, 1, 0, 1, 0, 0, 2, 0, 1, 0, 2, 0, 0, 0, 1, 1, 3, 1, 1, 3, 0, 1, 0, 0, 2, 0, 0, 0, 0, 1, 0, 0, 0, 1, 0, 2, 0, 0, 0, 1, 0, 0, 2, 0, 1],772.5169263527459,55992.15611869475,95323.98996115685,false
21,G4_BALANCED,G4_BALANCED,[31, 11, 15, 82, 26, 9, 95, 32, 77, 68, 47, 5, 93, 78, 86, 54, 85, 63, 18, 44, 20, 49, 36, 14, 74, 50, 53, 17, 21, 45, 71, 64, 3, 23, 30, 83, 24, 41, 60, 52, 65, 27, 90, 70, 39, 87, 48, 69, 99, 4, 46, 1, 13, 58, 97, 59, 28, 75, 73, 37, 35, 79, 22, 66, 76, 42, 40, 80, 96, 6, 16, 61, 33, 7, 57, 34, 12, 67, 10, 98, 56, 88, 29, 8, 91, 38, 19, 92, 43, 84, 51, 72, 81, 25, 94, 55, 0, 89, 2, 62]|[2, 1, 1, 2, 1, 2, 1, 1, 1, 1, 1, 0, 2, 2, 1, 2, 0, 0, 0, 2, 2, 1, 0, 2, 0, 2, 2, 1, 0, 1, 1, 1, 0, 0, 1, 0, 2, 1, 2, 2, 0, 0, 1, 1, 0, 2, 0, 2, 1, 0, 0, 2, 0, 0, 2, 0, 1, 0, 0, 0, 2, 1, 0, 2, 2, 0, 2, 2, 0, 1, 2, 1, 1, 2, 0, 1, 1, 1, 1, 2, 2, 1, 1, 1, 1, 0, 1, 0, 1, 0, 1, 1, 1, 1, 2, 0, 0, 1, 2, 1]|[1, 3, 2, 0, 4, 1, 4, 4, 2, 4, 3, 2, 1, 0, 2, 1, 1, 1, 2, 1, 1, 3, 0, 1, 0, 1, 1, 4, 1, 4, 3, 2, 2, 0, 4, 1, 1, 4, 0, 1, 2, 1, 4, 4, 1, 1, 0, 2, 3, 1, 2, 1, 2, 1, 1, 2, 4, 2, 0, 2, 2, 3, 1, 0, 1, 2, 0, 1, 2, 4, 1, 3, 4, 1, 2, 4, 3, 3, 3, 1, 1, 4, 3, 3, 3, 2, 4, 2, 4, 2, 3, 4, 1, 4, 1, 2, 2, 4, 1, 3]|[1, 2, 1, 0, 3, 0, 1, 3, 0, 0, 2, 0, 1, 0, 1, 0, 0, 0, 1, 0, 0, 2, 0, 0, 1, 0, 0, 3, 0, 1, 0, 2, 0, 1, 3, 0, 1, 3, 1, 0, 0, 0, 1, 3, 0, 0, 1, 0, 2, 0, 0, 0, 0, 0, 1, 0, 1, 0, 1, 1, 0, 2, 0, 0, 0, 0, 0, 0, 0, 2, 0, 0, 1, 0, 0, 1, 0, 0, 3, 0, 0, 1, 0, 0, 0, 0, 3, 0, 2, 0, 0, 2, 1, 3, 0, 0, 0, 1, 0, 0],842.3358630601143,52535.59882498444,107349.69971746493,false
21,G2_TEC,G4_BALANCED,[31, 22, 82, 15, 26, 58, 95, 42, 77, 12, 47, 5, 93, 78, 86, 54, 85, 63, 18, 44, 20, 35, 43, 97, 91, 76, 10, 30, 21, 45, 71, 64, 1, 23, 17, 83, 24, 14, 60, 36, 6, 57, 40, 88, 65, 56, 79, 94, 67, 68, 46, 75, 38, 9, 19, 32, 81, 41, 27, 62, 87, 90, 99, 52, 11, 16, 72, 73, 70, 39, 37, 84, 3, 92, 25, 55, 28, 29, 51, 7, 33, 61, 98, 48, 89, 8, 4, 96, 53, 80, 50, 66, 34, 2, 59, 13, 0, 69, 74, 49]|[1, 1, 0, 1, 1, 0, 1, 2, 2, 1, 2, 2, 2, 1, 1, 0, 0, 1, 0, 2, 2, 0, 1, 2, 2, 1, 2, 2, 0, 0, 1, 2, 1, 2, 1, 0, 2, 0, 1, 1, 0, 1, 1, 1, 0, 2, 1, 1, 0, 0, 0, 0, 1, 1, 2, 1, 2, 0, 0, 0, 2, 1, 0, 2, 2, 1, 2, 1, 1, 1, 1, 1, 1, 0, 1, 2, 0, 0, 0, 1, 2, 1, 2, 0, 1, 1, 1, 2, 0, 0, 0, 2, 2, 0, 2, 0, 0, 1, 2, 0]|[4, 3, 2, 2, 4, 2, 2, 2, 2, 4, 1, 1, 2, 4, 4, 1, 2, 4, 2, 1, 1, 1, 1, 2, 1, 2, 1, 1, 1, 1, 3, 2, 3, 1, 4, 0, 1, 1, 0, 3, 2, 2, 2, 0, 1, 1, 0, 4, 0, 1, 2, 2, 1, 4, 0, 3, 2, 1, 1, 2, 1, 3, 1, 1, 1, 3, 0, 4, 3, 1, 4, 1, 1, 0, 4, 1, 2, 1, 1, 3, 1, 3, 1, 1, 1, 3, 4, 1, 2, 1, 1, 1, 1, 2, 1, 2, 2, 4, 1, 1]|[0, 2, 1, 1, 3, 0, 1, 0, 0, 0, 0, 0, 1, 0, 1, 0, 0, 3, 1, 0, 0, 0, 3, 1, 0, 2, 0, 0, 0, 1, 0, 0, 0, 0, 3, 0, 1, 0, 0, 2, 1, 1, 1, 0, 0, 0, 0, 2, 1, 0, 0, 0, 1, 3, 0, 0, 1, 0, 0, 1, 0, 2, 0, 0, 0, 2, 1, 0, 0, 1, 1, 3, 1, 1, 3, 0, 1, 0, 0, 2, 0, 0, 0, 0, 1, 2, 0, 0, 1, 0, 0, 0, 0, 0, 0, 0, 0, 2, 0, 1],854.6370053911567,55591.10347255162,98397.58133066772,true
21,G3_TWC,G1_CMAX,[31, 22, 82, 15, 26, 9, 42, 95, 77, 12, 47, 5, 93, 78, 86, 54, 85, 63, 18, 44, 20, 35, 43, 97, 91, 76, 10, 30, 21, 45, 71, 64, 1, 23, 17, 83, 24, 14, 60, 36, 6, 57, 94, 88, 65, 56, 79, 40, 67, 68, 46, 75, 38, 58, 19, 32, 81, 41, 27, 62, 87, 90, 99, 59, 11, 16, 72, 73, 69, 39, 37, 84, 3, 92, 25, 55, 28, 29, 51, 7, 33, 61, 98, 66, 89, 50, 8, 96, 53, 80, 4, 48, 34, 2, 52, 13, 0, 70, 49, 74]|[1, 1, 0, 1, 1, 1, 2, 1, 2, 1, 2, 2, 2, 1, 1, 0, 0, 1, 0, 2, 2, 0, 1, 2, 0, 1, 2, 2, 0, 0, 1, 2, 1, 2, 1, 0, 2, 0, 1, 1, 0, 1, 1, 1, 0, 2, 1, 1, 0, 0, 0, 0, 1, 1, 2, 1, 2, 0, 0, 0, 2, 1, 0, 1, 2, 1, 2, 1, 1, 1, 1, 1, 1, 0, 1, 2, 0, 0, 0, 1, 2, 1, 0, 2, 1, 0, 1, 0, 0, 0, 0, 0, 2, 0, 1, 0, 0, 1, 0, 2]|[4, 3, 2, 2, 0, 0, 2, 2, 2, 4, 1, 1, 2, 4, 4, 1, 2, 4, 2, 1, 1, 1, 1, 2, 1, 2, 1, 1, 1, 1, 3, 2, 3, 0, 4, 0, 1, 1, 0, 3, 2, 2, 2, 0, 1, 1, 0, 4, 0, 1, 2, 2, 1, 4, 0, 3, 2, 1, 1, 2, 1, 3, 1, 1, 1, 3, 0, 4, 3, 1, 4, 1, 1, 0, 4, 1, 2, 1, 1, 3, 1, 3, 1, 1, 1, 1, 3, 1, 2, 1, 2, 1, 1, 2, 1, 2, 2, 3, 1, 1]|[0, 2, 1, 1, 3, 3, 0, 1, 0, 0, 0, 0, 1, 0, 1, 0, 0, 3, 1, 0, 0, 0, 3, 1, 0, 2, 0, 0, 0, 1, 0, 0, 0, 0, 3, 0, 1, 0, 0, 2, 1, 1, 1, 0, 0, 0, 0, 2, 1, 0, 0, 0, 1, 3, 0, 0, 1, 0, 0, 1, 0, 2, 0, 1, 0, 2, 1, 0, 0, 1, 1, 3, 1, 1, 3, 0, 1, 0, 0, 2, 0, 0, 0, 0, 1, 0, 2, 0, 1, 0, 1, 0, 0, 0, 1, 0, 0, 0, 1, 0],801.427594812029,57868.49349465401,91455.85780813712,true
21,G1_CMAX,G4_BALANCED,[31, 22, 82, 15, 26, 9, 95, 42, 77, 68, 47, 5, 93, 78, 86, 54, 85, 63, 18, 44, 20, 49, 36, 14, 74, 50, 53, 17, 21, 28, 71, 64, 3, 23, 30, 83, 24, 41, 60, 52, 65, 27, 90, 70, 39, 87, 48, 69, 99, 4, 46, 1, 13, 58, 84, 59, 45, 8, 73, 37, 35, 40, 11, 66, 76, 32, 79, 80, 96, 6, 16, 61, 33, 7, 57, 34, 12, 67, 10, 98, 56, 88, 29, 75, 91, 38, 19, 92, 43, 97, 51, 72, 81, 25, 2, 55, 0, 62, 89, 94]|[2, 1, 2, 1, 1, 2, 1, 1, 1, 1, 1, 0, 2, 2, 1, 2, 0, 0, 0, 2, 2, 1, 0, 2, 0, 2, 2, 1, 0, 1, 1, 1, 0, 0, 1, 0, 2, 1, 2, 2, 0, 0, 1, 1, 0, 2, 0, 2, 1, 0, 0, 2, 0, 0, 2, 0, 1, 1, 0, 0, 2, 2, 0, 2, 2, 0, 1, 2, 0, 1, 2, 1, 1, 2, 0, 1, 1, 1, 1, 0, 2, 1, 1, 0, 1, 0, 1, 0, 1, 0, 1, 1, 1, 1, 2, 0, 0, 1, 1, 2]|[0, 3, 0, 3, 4, 1, 4, 4, 2, 4, 3, 2, 1, 0, 2, 1, 1, 1, 2, 1, 1, 3, 0, 1, 0, 1, 1, 4, 1, 4, 3, 2, 2, 0, 4, 1, 1, 4, 0, 1, 2, 1, 4, 4, 1, 1, 0, 2, 3, 1, 2, 1, 2, 1, 1, 2, 4, 3, 0, 2, 2, 0, 1, 0, 1, 2, 3, 1, 2, 4, 1, 3, 4, 1, 2, 4, 3, 3, 3, 2, 1, 4, 3, 2, 3, 2, 4, 2, 4, 2, 3, 4, 1, 4, 1, 2, 2, 3, 4, 1]|[0, 2, 0, 0, 3, 0, 1, 3, 0, 0, 2, 0, 1, 0, 1, 0, 0, 0, 1, 0, 0, 2, 0, 0, 1, 0, 0, 3, 0, 1, 0, 2, 0, 1, 3, 0, 1, 3, 1, 0, 0, 0, 1, 3, 0, 0, 1, 0, 2, 0, 0, 0, 0, 0, 1, 0, 1, 0, 1, 1, 0, 0, 0, 0, 0, 0, 2, 0, 0, 2, 0, 0, 1, 0, 0, 1, 0, 0, 3, 0, 0, 1, 0, 0, 0, 0, 3, 0, 2, 0, 0, 2, 1, 3, 0, 0, 0, 0, 1, 0],860.5921959405522,51815.940280582654,106063.68868331022,true
21,G4_BALANCED,G4_BALANCED,[31, 11, 15, 82, 26, 9, 95, 32, 77, 68, 47, 5, 93, 78, 86, 54, 85, 63, 18, 44, 20, 49, 36, 14, 74, 50, 53, 17, 21, 45, 71, 64, 3, 23, 30, 83, 24, 41, 60, 52, 65, 27, 90, 70, 39, 87, 48, 69, 99, 4, 46, 1, 13, 58, 97, 59, 28, 75, 73, 37, 35, 79, 22, 66, 76, 42, 40, 80, 96, 6, 16, 61, 33, 7, 57, 34, 12, 67, 10, 98, 56, 88, 29, 8, 91, 38, 19, 92, 43, 84, 51, 72, 81, 25, 94, 55, 0, 89, 2, 62]|[2, 1, 1, 2, 1, 2, 1, 1, 1, 1, 1, 0, 2, 2, 1, 2, 0, 0, 0, 2, 2, 1, 0, 2, 0, 2, 2, 1, 0, 1, 1, 1, 0, 0, 1, 0, 2, 1, 2, 2, 0, 0, 1, 1, 0, 2, 0, 2, 1, 0, 0, 2, 0, 0, 2, 0, 1, 0, 0, 0, 2, 1, 0, 2, 2, 0, 2, 2, 0, 1, 2, 1, 1, 2, 0, 1, 1, 1, 1, 2, 2, 1, 1, 1, 1, 0, 1, 0, 1, 0, 1, 1, 1, 1, 2, 0, 0, 1, 2, 1]|[1, 3, 2, 0, 4, 1, 4, 4, 2, 4, 3, 2, 1, 0, 2, 1, 1, 1, 2, 1, 1, 3, 0, 1, 0, 1, 1, 4, 1, 4, 3, 2, 2, 0, 4, 1, 1, 4, 0, 1, 2, 1, 4, 4, 1, 1, 0, 2, 3, 1, 2, 1, 2, 1, 1, 2, 4, 2, 0, 2, 2, 3, 1, 0, 1, 2, 0, 1, 2, 4, 1, 3, 4, 1, 2, 4, 3, 3, 3, 1, 1, 4, 3, 3, 3, 2, 4, 2, 4, 2, 3, 4, 1, 4, 1, 2, 2, 4, 1, 3]|[1, 2, 1, 0, 3, 0, 1, 3, 0, 0, 2, 0, 1, 0, 1, 0, 0, 0, 1, 0, 0, 2, 0, 0, 1, 0, 0, 3, 0, 1, 0, 2, 0, 1, 3, 0, 1, 3, 1, 0, 0, 0, 1, 3, 0, 0, 1, 0, 2, 0, 0, 0, 0, 0, 1, 0, 1, 0, 1, 1, 0, 2, 0, 0, 0, 0, 0, 0, 0, 2, 0, 0, 1, 0, 0, 1, 0, 0, 3, 0, 0, 1, 0, 0, 0, 0, 3, 0, 2, 0, 0, 2, 1, 3, 0, 0, 0, 1, 0, 0],842.3358630601143,52535.59882498444,107349.69971746493,false
21,G2_TEC,G4_BALANCED,[31, 22, 82, 15, 26, 58, 95, 42, 77, 12, 47, 5, 93, 78, 86, 54, 85, 63, 18, 44, 20, 35, 43, 97, 91, 76, 10, 30, 21, 45, 71, 64, 1, 23, 17, 83, 24, 14, 60, 36, 6, 57, 40, 88, 65, 56, 79, 94, 67, 68, 46, 75, 38, 9, 19, 32, 81, 41, 27, 62, 87, 90, 99, 52, 11, 16, 72, 73, 70, 39, 37, 84, 3, 92, 25, 55, 28, 29, 51, 7, 33, 61, 98, 48, 89, 8, 4, 96, 53, 80, 50, 66, 34, 2, 59, 13, 0, 69, 74, 49]|[1, 1, 0, 1, 1, 0, 1, 2, 2, 1, 2, 2, 2, 1, 1, 0, 0, 1, 0, 2, 2, 0, 1, 2, 2, 1, 2, 2, 0, 0, 1, 2, 1, 2, 1, 0, 2, 0, 1, 1, 0, 1, 1, 1, 0, 2, 1, 1, 0, 0, 0, 0, 1, 1, 2, 1, 2, 0, 0, 0, 2, 1, 0, 2, 2, 1, 2, 1, 1, 1, 1, 1, 1, 0, 1, 2, 0, 0, 0, 1, 2, 1, 2, 0, 1, 1, 1, 2, 0, 0, 0, 2, 2, 0, 2, 0, 0, 1, 2, 0]|[4, 3, 2, 2, 4, 2, 2, 2, 2, 4, 1, 1, 2, 4, 4, 1, 2, 4, 2, 1, 1, 1, 1, 2, 1, 2, 1, 1, 1, 1, 3, 2, 3, 1, 4, 0, 1, 1, 0, 3, 2, 2, 2, 0, 1, 1, 0, 4, 0, 1, 2, 2, 1, 4, 0, 3, 2, 1, 1, 2, 1, 3, 1, 1, 1, 3, 0, 4, 3, 1, 4, 1, 1, 0, 4, 1, 2, 1, 1, 3, 1, 3, 1, 1, 1, 3, 4, 1, 2, 1, 1, 1, 1, 2, 1, 2, 2, 4, 1, 1]|[0, 2, 1, 1, 3, 0, 1, 0, 0, 0, 0, 0, 1, 0, 1, 0, 0, 3, 1, 0, 0, 0, 3, 1, 0, 2, 0, 0, 0, 1, 0, 0, 0, 0, 3, 0, 1, 0, 0, 2, 1, 1, 1, 0, 0, 0, 0, 2, 1, 0, 0, 0, 1, 3, 0, 0, 1, 0, 0, 1, 0, 2, 0, 0, 0, 2, 1, 0, 0, 1, 1, 3, 1, 1, 3, 0, 1, 0, 0, 2, 0, 0, 0, 0, 1, 2, 0, 0, 1, 0, 0, 0, 0, 0, 0, 0, 0, 2, 0, 1],854.6370053911567,55591.10347255162,98397.58133066772,true
21,G3_TWC,G1_CMAX,[31, 22, 82, 15, 26, 9, 42, 95, 77, 12, 47, 5, 93, 78, 86, 54, 85, 63, 18, 44, 20, 35, 43, 97, 91, 76, 10, 30, 21, 45, 71, 64, 1, 23, 17, 83, 24, 14, 60, 36, 6, 57, 94, 88, 65, 56, 79, 40, 67, 68, 46, 75, 38, 58, 19, 32, 81, 41, 27, 62, 87, 90, 99, 59, 11, 16, 72, 73, 69, 39, 37, 84, 3, 92, 25, 55, 28, 29, 51, 7, 33, 61, 98, 66, 89, 50, 8, 96, 53, 80, 4, 48, 34, 2, 52, 13, 0, 70, 49, 74]|[1, 1, 0, 1, 1, 1, 2, 1, 2, 1, 2, 2, 2, 1, 1, 0, 0, 1, 0, 2, 2, 0, 1, 2, 0, 1, 2, 2, 0, 0, 1, 2, 1, 2, 1, 0, 2, 0, 1, 1, 0, 1, 1, 1, 0, 2, 1, 1, 0, 0, 0, 0, 1, 1, 2, 1, 2, 0, 0, 0, 2, 1, 0, 1, 2, 1, 2, 1, 1, 1, 1, 1, 1, 0, 1, 2, 0, 0, 0, 1, 2, 1, 0, 2, 1, 0, 1, 0, 0, 0, 0, 0, 2, 0, 1, 0, 0, 1, 0, 2]|[4, 3, 2, 2, 0, 0, 2, 2, 2, 4, 1, 1, 2, 4, 4, 1, 2, 4, 2, 1, 1, 1, 1, 2, 1, 2, 1, 1, 1, 1, 3, 2, 3, 0, 4, 0, 1, 1, 0, 3, 2, 2, 2, 0, 1, 1, 0, 4, 0, 1, 2, 2, 1, 4, 0, 3, 2, 1, 1, 2, 1, 3, 1, 1, 1, 3, 0, 4, 3, 1, 4, 1, 1, 0, 4, 1, 2, 1, 1, 3, 1, 3, 1, 1, 1, 1, 3, 1, 2, 1, 2, 1, 1, 2, 1, 2, 2, 3, 1, 1]|[0, 2, 1, 1, 3, 3, 0, 1, 0, 0, 0, 0, 1, 0, 1, 0, 0, 3, 1, 0, 0, 0, 3, 1, 0, 2, 0, 0, 0, 1, 0, 0, 0, 0, 3, 0, 1, 0, 0, 2, 1, 1, 1, 0, 0, 0, 0, 2, 1, 0, 0, 0, 1, 3, 0, 0, 1, 0, 0, 1, 0, 2, 0, 1, 0, 2, 1, 0, 0, 1, 1, 3, 1, 1, 3, 0, 1, 0, 0, 2, 0, 0, 0, 0, 1, 0, 2, 0, 1, 0, 1, 0, 0, 0, 1, 0, 0, 0, 1, 0],801.427594812029,57868.49349465401,91455.85780813712,true
21,G1_CMAX,G4_BALANCED,[31, 22, 82, 15, 26, 58, 95, 42, 77, 12, 47, 5, 93, 78, 86, 54, 85, 63, 18, 44, 20, 35, 43, 97, 91, 76, 10, 30, 21, 45, 71, 64, 1, 23, 17, 83, 24, 14, 60, 36, 6, 57, 40, 88, 65, 56, 79, 94, 67, 41, 68, 75, 38, 9, 19, 32, 81, 55, 27, 62, 87, 90, 99, 59, 11, 16, 72, 73, 70, 39, 37, 84, 3, 92, 25, 46, 28, 29, 51, 50, 66, 61, 98, 48, 89, 7, 8, 96, 34, 53, 69, 4, 80, 2, 52, 0, 49, 33, 13, 74]|[1, 1, 0, 1, 1, 0, 2, 1, 2, 1, 2, 2, 2, 1, 1, 0, 0, 1, 0, 2, 2, 0, 1, 2, 0, 1, 2, 2, 0, 0, 1, 2, 1, 2, 1, 0, 2, 0, 1, 1, 0, 1, 1, 1, 0, 2, 1, 1, 0, 0, 0, 0, 1, 1, 2, 1, 2, 2, 0, 0, 2, 1, 0, 1, 2, 1, 2, 1, 1, 1, 1, 1, 1, 0, 1, 0, 0, 0, 0, 0, 2, 1, 2, 0, 1, 1, 0, 2, 2, 0, 1, 1, 0, 0, 1, 0, 0, 2, 0, 2]|[4, 3, 2, 2, 4, 1, 2, 2, 2, 4, 1, 1, 2, 4, 4, 1, 2, 4, 2, 1, 1, 1, 1, 2, 1, 2, 1, 1, 1, 1, 3, 2, 3, 1, 4, 0, 1, 1, 0, 3, 2, 2, 4, 0, 1, 1, 0, 2, 0, 1, 1, 2, 1, 4, 0, 3, 2, 1, 1, 2, 1, 3, 1, 1, 1, 3, 1, 4, 3, 1, 4, 1, 1, 0, 4, 2, 2, 1, 1, 1, 1, 3, 1, 1, 1, 3, 1, 1, 1, 2, 4, 4, 1, 2, 1, 2, 1, 1, 2, 1]|[0, 2, 1, 1, 3, 0, 0, 1, 0, 0, 0, 0, 1, 0, 1, 0, 0, 3, 1, 0, 0, 0, 3, 1, 0, 2, 0, 0, 0, 1, 0, 0, 0, 0, 3, 0, 1, 0, 0, 2, 1, 1, 2, 0, 0, 0, 0, 1, 1, 0, 0, 0, 1, 3, 0, 0, 1, 0, 0, 1, 0, 2, 0, 1, 0, 2, 0, 0, 0, 1, 1, 3, 1, 1, 3, 0, 1, 0, 0, 0, 0, 0, 0, 0, 1, 2, 0, 0, 0, 1, 2, 0, 0, 0, 1, 0, 1, 0, 0, 0],767.6900619842797,56175.82867208527,95328.18415931956,true
21,G4_BALANCED,G4_BALANCED,[31, 11, 15, 82, 26, 9, 95, 32, 77, 68, 47, 5, 93, 78, 86, 54, 85, 63, 18, 44, 20, 49, 36, 14, 74, 50, 53, 17, 21, 45, 71, 64, 3, 23, 30, 83, 24, 41, 60, 52, 65, 27, 90, 70, 39, 87, 48, 69, 99, 4, 46, 1, 13, 58, 97, 59, 28, 75, 73, 37, 35, 79, 22, 66, 76, 42, 40, 80, 96, 6, 16, 61, 33, 7, 57, 34, 12, 67, 10, 98, 56, 88, 29, 8, 91, 38, 19, 92, 43, 84, 51, 72, 81, 25, 94, 55, 0, 89, 2, 62]|[2, 1, 1, 2, 1, 2, 1, 1, 1, 1, 1, 0, 2, 2, 1, 2, 0, 0, 0, 2, 2, 1, 0, 2, 0, 2, 2, 1, 0, 1, 1, 1, 0, 0, 1, 0, 2, 1, 2, 2, 0, 0, 1, 1, 0, 2, 0, 2, 1, 0, 0, 2, 0, 0, 2, 0, 1, 0, 0, 0, 2, 1, 0, 2, 2, 0, 2, 2, 0, 1, 2, 1, 1, 2, 0, 1, 1, 1, 1, 2, 2, 1, 1, 1, 1, 0, 1, 0, 1, 0, 1, 1, 1, 1, 2, 0, 0, 1, 2, 1]|[1, 3, 2, 0, 4, 1, 4, 4, 2, 4, 3, 2, 1, 0, 2, 1, 1, 1, 2, 1, 1, 3, 0, 1, 0, 1, 1, 4, 1, 4, 3, 2, 2, 0, 4, 1, 1, 4, 0, 1, 2, 1, 4, 4, 1, 1, 0, 2, 3, 1, 2, 1, 2, 1, 1, 2, 4, 2, 0, 2, 2, 3, 1, 0, 1, 2, 0, 1, 2, 4, 1, 3, 4, 1, 2, 4, 3, 3, 3, 1, 1, 4, 3, 3, 3, 2, 4, 2, 4, 2, 3, 4, 1, 4, 1, 2, 2, 4, 1, 3]|[1, 2, 1, 0, 3, 0, 1, 3, 0, 0, 2, 0, 1, 0, 1, 0, 0, 0, 1, 0, 0, 2, 0, 0, 1, 0, 0, 3, 0, 1, 0, 2, 0, 1, 3, 0, 1, 3, 1, 0, 0, 0, 1, 3, 0, 0, 1, 0, 2, 0, 0, 0, 0, 0, 1, 0, 1, 0, 1, 1, 0, 2, 0, 0, 0, 0, 0, 0, 0, 2, 0, 0, 1, 0, 0, 1, 0, 0, 3, 0, 0, 1, 0, 0, 0, 0, 3, 0, 2, 0, 0, 2, 1, 3, 0, 0, 0, 1, 0, 0],842.3358630601143,52535.59882498444,107349.69971746493,false
21,G2_TEC,G4_BALANCED,[31, 22, 82, 15, 26, 58, 95, 42, 77, 12, 47, 5, 93, 78, 86, 54, 85, 63, 18, 44, 20, 35, 43, 97, 91, 76, 10, 30, 21, 45, 71, 64, 1, 23, 17, 83, 24, 14, 60, 36, 6, 57, 40, 88, 65, 56, 79, 94, 67, 68, 46, 75, 38, 9, 19, 32, 81, 41, 27, 62, 87, 90, 99, 52, 11, 16, 72, 73, 70, 39, 37, 84, 3, 92, 25, 55, 28, 29, 51, 7, 33, 61, 98, 48, 89, 8, 4, 96, 53, 80, 50, 66, 34, 2, 59, 13, 0, 69, 74, 49]|[1, 1, 0, 1, 1, 0, 1, 2, 2, 1, 2, 2, 2, 1, 1, 0, 0, 1, 0, 2, 2, 0, 1, 2, 2, 1, 2, 2, 0, 0, 1, 2, 1, 2, 1, 0, 2, 0, 1, 1, 0, 1, 1, 1, 0, 2, 1, 1, 0, 0, 0, 0, 1, 1, 2, 1, 2, 0, 0, 0, 2, 1, 0, 2, 2, 1, 2, 1, 1, 1, 1, 1, 1, 0, 1, 2, 0, 0, 0, 1, 2, 1, 2, 0, 1, 1, 1, 2, 0, 0, 0, 2, 2, 0, 2, 0, 0, 1, 2, 0]|[4, 3, 2, 2, 4, 2, 2, 2, 2, 4, 1, 1, 2, 4, 4, 1, 2, 4, 2, 1, 1, 1, 1, 2, 1, 2, 1, 1, 1, 1, 3, 2, 3, 1, 4, 0, 1, 1, 0, 3, 2, 2, 2, 0, 1, 1, 0, 4, 0, 1, 2, 2, 1, 4, 0, 3, 2, 1, 1, 2, 1, 3, 1, 1, 1, 3, 0, 4, 3, 1, 4, 1, 1, 0, 4, 1, 2, 1, 1, 3, 1, 3, 1, 1, 1, 3, 4, 1, 2, 1, 1, 1, 1, 2, 1, 2, 2, 4, 1, 1]|[0, 2, 1, 1, 3, 0, 1, 0, 0, 0, 0, 0, 1, 0, 1, 0, 0, 3, 1, 0, 0, 0, 3, 1, 0, 2, 0, 0, 0, 1, 0, 0, 0, 0, 3, 0, 1, 0, 0, 2, 1, 1, 1, 0, 0, 0, 0, 2, 1, 0, 0, 0, 1, 3, 0, 0, 1, 0, 0, 1, 0, 2, 0, 0, 0, 2, 1, 0, 0, 1, 1, 3, 1, 1, 3, 0, 1, 0, 0, 2, 0, 0, 0, 0, 1, 2, 0, 0, 1, 0, 0, 0, 0, 0, 0, 0, 0, 2, 0, 1],854.6370053911567,55591.10347255162,98397.58133066772,true
21,G3_TWC,G1_CMAX,[31, 22, 82, 15, 26, 9, 42, 95, 77, 12, 47, 5, 93, 78, 86, 54, 85, 63, 18, 44, 20, 35, 43, 97, 91, 76, 10, 30, 21, 45, 71, 64, 1, 23, 17, 83, 24, 14, 60, 36, 6, 57, 94, 88, 65, 56, 79, 40, 67, 68, 46, 75, 38, 58, 19, 32, 81, 41, 27, 62, 87, 90, 99, 59, 11, 16, 72, 73, 69, 39, 37, 84, 3, 92, 25, 55, 28, 29, 51, 7, 33, 61, 98, 66, 89, 50, 8, 96, 53, 80, 4, 48, 34, 2, 52, 13, 0, 70, 49, 74]|[1, 1, 0, 1, 1, 1, 2, 1, 2, 1, 2, 2, 2, 1, 1, 0, 0, 1, 0, 2, 2, 0, 1, 2, 0, 1, 2, 2, 0, 0, 1, 2, 1, 2, 1, 0, 2, 0, 1, 1, 0, 1, 1, 1, 0, 2, 1, 1, 0, 0, 0, 0, 1, 1, 2, 1, 2, 0, 0, 0, 2, 1, 0, 1, 2, 1, 2, 1, 1, 1, 1, 1, 1, 0, 1, 2, 0, 0, 0, 1, 2, 1, 0, 2, 1, 0, 1, 0, 0, 0, 0, 0, 2, 0, 1, 0, 0, 1, 0, 2]|[4, 3, 2, 2, 0, 0, 2, 2, 2, 4, 1, 1, 2, 4, 4, 1, 2, 4, 2, 1, 1, 1, 1, 2, 1, 2, 1, 1, 1, 1, 3, 2, 3, 0, 4, 0, 1, 1, 0, 3, 2, 2, 2, 0, 1, 1, 0, 4, 0, 1, 2, 2, 1, 4, 0, 3, 2, 1, 1, 2, 1, 3, 1, 1, 1, 3, 0, 4, 3, 1, 4, 1, 1, 0, 4, 1, 2, 1, 1, 3, 1, 3, 1, 1, 1, 1, 3, 1, 2, 1, 2, 1, 1, 2, 1, 2, 2, 3, 1, 1]|[0, 2, 1, 1, 3, 3, 0, 1, 0, 0, 0, 0, 1, 0, 1, 0, 0, 3, 1, 0, 0, 0, 3, 1, 0, 2, 0, 0, 0, 1, 0, 0, 0, 0, 3, 0, 1, 0, 0, 2, 1, 1, 1, 0, 0, 0, 0, 2, 1, 0, 0, 0, 1, 3, 0, 0, 1, 0, 0, 1, 0, 2, 0, 1, 0, 2, 1, 0, 0, 1, 1, 3, 1, 1, 3, 0, 1, 0, 0, 2, 0, 0, 0, 0, 1, 0, 2, 0, 1, 0, 1, 0, 0, 0, 1, 0, 0, 0, 1, 0],801.427594812029,57868.49349465401,91455.85780813712,true
21,G1_CMAX,G1_CMAX,[31, 22, 82, 15, 26, 9, 42, 77, 12, 5, 47, 93, 78, 86, 54, 6, 63, 18, 44, 20, 35, 43, 97, 91, 76, 10, 30, 21, 45, 17, 23, 1, 71, 83, 24, 14, 60, 36, 85, 57, 40, 95, 88, 65, 56, 79, 94, 67, 68, 46, 75, 38, 58, 19, 32, 81, 41, 62, 87, 28, 90, 59, 11, 16, 72, 73, 69, 52, 37, 64, 84, 3, 25, 29, 55, 51, 7, 98, 61, 66, 99, 33, 89, 48, 50, 96, 53, 80, 4, 8, 27, 2, 39, 13, 0, 92, 49, 74, 34, 70]|[1, 1, 0, 1, 1, 1, 2, 2, 1, 2, 2, 1, 1, 1, 0, 0, 1, 0, 2, 2, 0, 1, 2, 2, 1, 2, 2, 0, 0, 1, 2, 1, 1, 0, 2, 0, 1, 1, 0, 1, 1, 1, 1, 0, 2, 1, 1, 0, 0, 0, 0, 1, 1, 2, 1, 2, 0, 0, 2, 0, 1, 2, 2, 1, 2, 1, 1, 1, 1, 1, 1, 2, 1, 0, 2, 0, 1, 2, 1, 0, 0, 2, 1, 0, 0, 2, 0, 0, 1, 1, 0, 0, 1, 0, 0, 0, 0, 2, 2, 1]|[0, 3, 1, 2, 0, 0, 1, 1, 4, 1, 1, 4, 4, 4, 2, 2, 4, 2, 1, 1, 1, 1, 2, 1, 2, 1, 1, 1, 1, 4, 0, 3, 3, 0, 1, 1, 0, 3, 2, 2, 2, 2, 0, 1, 1, 0, 4, 0, 1, 2, 2, 1, 4, 0, 3, 2, 1, 2, 1, 2, 3, 1, 1, 3, 0, 4, 4, 1, 4, 3, 1, 2, 4, 1, 1, 1, 1, 1, 3, 1, 1, 1, 1, 1, 1, 1, 2, 1, 4, 3, 2, 2, 1, 2, 2, 0, 1, 1, 1, 4]|[1, 1, 1, 1, 3, 3, 0, 0, 0, 0, 0, 2, 0, 1, 0, 0, 3, 1, 0, 0, 0, 3, 1, 0, 2, 0, 0, 0, 1, 3, 0, 0, 0, 0, 1, 0, 0, 2, 1, 1, 1, 1, 0, 0, 0, 0, 2, 1, 0, 0, 0, 1, 3, 0, 0, 1, 0, 1, 0, 1, 2, 0, 0, 2, 1, 0, 2, 1, 1, 0, 3, 1, 3, 0, 0, 0, 2, 0, 0, 0, 0, 0, 1, 0, 0, 0, 1, 0, 0, 2, 1, 0, 1, 0, 0, 1, 1, 0, 0, 2],733.3116759547878,58140.55643565909,96674.14109675489,false
21,G4_BALANCED,G4_BALANCED,[31, 11, 15, 82, 26, 9, 95, 32, 77, 68, 47, 5, 93, 78, 86, 54, 85, 63, 18, 44, 20, 49, 36, 14, 74, 50, 53, 17, 21, 45, 71, 64, 3, 23, 30, 83, 24, 41, 60, 52, 65, 27, 90, 70, 39, 87, 48, 69, 99, 4, 46, 1, 13, 58, 97, 59, 28, 75, 73, 37, 35, 79, 22, 66, 76, 42, 40, 80, 96, 6, 16, 61, 33, 7, 57, 34, 12, 67, 10, 98, 56, 88, 29, 8, 91, 38, 19, 92, 43, 84, 51, 72, 81, 25, 94, 55, 0, 89, 2, 62]|[2, 1, 1, 2, 1, 2, 1, 1, 1, 1, 1, 0, 2, 2, 1, 2, 0, 0, 0, 2, 2, 1, 0, 2, 0, 2, 2, 1, 0, 1, 1, 1, 0, 0, 1, 0, 2, 1, 2, 2, 0, 0, 1, 1, 0, 2, 0, 2, 1, 0, 0, 2, 0, 0, 2, 0, 1, 0, 0, 0, 2, 1, 0, 2, 2, 0, 2, 2, 0, 1, 2, 1, 1, 2, 0, 1, 1, 1, 1, 2, 2, 1, 1, 1, 1, 0, 1, 0, 1, 0, 1, 1, 1, 1, 2, 0, 0, 1, 2, 1]|[1, 3, 2, 0, 4, 1, 4, 4, 2, 4, 3, 2, 1, 0, 2, 1, 1, 1, 2, 1, 1, 3, 0, 1, 0, 1, 1, 4, 1, 4, 3, 2, 2, 0, 4, 1, 1, 4, 0, 1, 2, 1, 4, 4, 1, 1, 0, 2, 3, 1, 2, 1, 2, 1, 1, 2, 4, 2, 0, 2, 2, 3, 1, 0, 1, 2, 0, 1, 2, 4, 1, 3, 4, 1, 2, 4, 3, 3, 3, 1, 1, 4, 3, 3, 3, 2, 4, 2, 4, 2, 3, 4, 1, 4, 1, 2, 2, 4, 1, 3]|[1, 2, 1, 0, 3, 0, 1, 3, 0, 0, 2, 0, 1, 0, 1, 0, 0, 0, 1, 0, 0, 2, 0, 0, 1, 0, 0, 3, 0, 1, 0, 2, 0, 1, 3, 0, 1, 3, 1, 0, 0, 0, 1, 3, 0, 0, 1, 0, 2, 0, 0, 0, 0, 0, 1, 0, 1, 0, 1, 1, 0, 2, 0, 0, 0, 0, 0, 0, 0, 2, 0, 0, 1, 0, 0, 1, 0, 0, 3, 0, 0, 1, 0, 0, 0, 0, 3, 0, 2, 0, 0, 2, 1, 3, 0, 0, 0, 1, 0, 0],842.3358630601143,52535.59882498444,107349.69971746493,false
21,G2_TEC,G4_BALANCED,[31, 22, 82, 15, 26, 58, 95, 42, 77, 12, 47, 5, 93, 78, 86, 54, 85, 63, 18, 44, 20, 35, 43, 97, 91, 76, 10, 30, 21, 45, 71, 64, 1, 23, 17, 83, 24, 14, 60, 36, 6, 57, 40, 88, 65, 56, 79, 94, 67, 68, 46, 75, 38, 9, 19, 32, 81, 41, 27, 62, 87, 90, 99, 52, 11, 16, 72, 73, 70, 39, 37, 84, 3, 92, 25, 55, 28, 29, 51, 7, 33, 61, 98, 48, 89, 8, 4, 96, 53, 80, 50, 66, 34, 2, 59, 13, 0, 69, 74, 49]|[1, 1, 0, 1, 1, 0, 1, 2, 2, 1, 2, 2, 2, 1, 1, 0, 0, 1, 0, 2, 2, 0, 1, 2, 2, 1, 2, 2, 0, 0, 1, 2, 1, 2, 1, 0, 2, 0, 1, 1, 0, 1, 1, 1, 0, 2, 1, 1, 0, 0, 0, 0, 1, 1, 2, 1, 2, 0, 0, 0, 2, 1, 0, 2, 2, 1, 2, 1, 1, 1, 1, 1, 1, 0, 1, 2, 0, 0, 0, 1, 2, 1, 2, 0, 1, 1, 1, 2, 0, 0, 0, 2, 2, 0, 2, 0, 0, 1, 2, 0]|[4, 3, 2, 2, 4, 2, 2, 2, 2, 4, 1, 1, 2, 4, 4, 1, 2, 4, 2, 1, 1, 1, 1, 2, 1, 2, 1, 1, 1, 1, 3, 2, 3, 1, 4, 0, 1, 1, 0, 3, 2, 2, 2, 0, 1, 1, 0, 4, 0, 1, 2, 2, 1, 4, 0, 3, 2, 1, 1, 2, 1, 3, 1, 1, 1, 3, 0, 4, 3, 1, 4, 1, 1, 0, 4, 1, 2, 1, 1, 3, 1, 3, 1, 1, 1, 3, 4, 1, 2, 1, 1, 1, 1, 2, 1, 2, 2, 4, 1, 1]|[0, 2, 1, 1, 3, 0, 1, 0, 0, 0, 0, 0, 1, 0, 1, 0, 0, 3, 1, 0, 0, 0, 3, 1, 0, 2, 0, 0, 0, 1, 0, 0, 0, 0, 3, 0, 1, 0, 0, 2, 1, 1, 1, 0, 0, 0, 0, 2, 1, 0, 0, 0, 1, 3, 0, 0, 1, 0, 0, 1, 0, 2, 0, 0, 0, 2, 1, 0, 0, 1, 1, 3, 1, 1, 3, 0, 1, 0, 0, 2, 0, 0, 0, 0, 1, 2, 0, 0, 1, 0, 0, 0, 0, 0, 0, 0, 0, 2, 0, 1],854.6370053911567,55591.10347255162,98397.58133066772,true
21,G3_TWC,G1_CMAX,[31, 22, 82, 15, 26, 9, 42, 95, 77, 12, 47, 5, 93, 78, 86, 54, 85, 63, 18, 44, 20, 35, 43, 97, 91, 76, 10, 30, 21, 45, 71, 64, 1, 23, 17, 83, 24, 14, 60, 36, 6, 57, 94, 88, 65, 56, 79, 40, 67, 68, 46, 75, 38, 58, 19, 32, 81, 41, 27, 62, 87, 90, 99, 59, 11, 16, 72, 73, 69, 39, 37, 84, 3, 92, 25, 55, 28, 29, 51, 7, 33, 61, 98, 66, 89, 50, 8, 96, 53, 80, 4, 48, 34, 2, 52, 13, 0, 70, 49, 74]|[1, 1, 0, 1, 1, 1, 2, 1, 2, 1, 2, 2, 2, 1, 1, 0, 0, 1, 0, 2, 2, 0, 1, 2, 0, 1, 2, 2, 0, 0, 1, 2, 1, 2, 1, 0, 2, 0, 1, 1, 0, 1, 1, 1, 0, 2, 1, 1, 0, 0, 0, 0, 1, 1, 2, 1, 2, 0, 0, 0, 2, 1, 0, 1, 2, 1, 2, 1, 1, 1, 1, 1, 1, 0, 1, 2, 0, 0, 0, 1, 2, 1, 0, 2, 1, 0, 1, 0, 0, 0, 0, 0, 2, 0, 1, 0, 0, 1, 0, 2]|[4, 3, 2, 2, 0, 0, 2, 2, 2, 4, 1, 1, 2, 4, 4, 1, 2, 4, 2, 1, 1, 1, 1, 2, 1, 2, 1, 1, 1, 1, 3, 2, 3, 0, 4, 0, 1, 1, 0, 3, 2, 2, 2, 0, 1, 1, 0, 4, 0, 1, 2, 2, 1, 4, 0, 3, 2, 1, 1, 2, 1, 3, 1, 1, 1, 3, 0, 4, 3, 1, 4, 1, 1, 0, 4, 1, 2, 1, 1, 3, 1, 3, 1, 1, 1, 1, 3, 1, 2, 1, 2, 1, 1, 2, 1, 2, 2, 3, 1, 1]|[0, 2, 1, 1, 3, 3, 0, 1, 0, 0, 0, 0, 1, 0, 1, 0, 0, 3, 1, 0, 0, 0, 3, 1, 0, 2, 0, 0, 0, 1, 0, 0, 0, 0, 3, 0, 1, 0, 0, 2, 1, 1, 1, 0, 0, 0, 0, 2, 1, 0, 0, 0, 1, 3, 0, 0, 1, 0, 0, 1, 0, 2, 0, 1, 0, 2, 1, 0, 0, 1, 1, 3, 1, 1, 3, 0, 1, 0, 0, 2, 0, 0, 0, 0, 1, 0, 2, 0, 1, 0, 1, 0, 0, 0, 1, 0, 0, 0, 1, 0],801.427594812029,57868.49349465401,91455.85780813712,true
21,G1_CMAX,G1_CMAX,[31, 22, 82, 15, 26, 58, 95, 42, 77, 12, 47, 5, 93, 78, 86, 54, 85, 63, 18, 44, 20, 35, 43, 97, 66, 76, 10, 30, 21, 45, 71, 1, 64, 23, 17, 83, 24, 14, 60, 36, 41, 57, 40, 88, 65, 74, 79, 94, 67, 6, 91, 75, 38, 9, 19, 32, 81, 68, 11, 62, 87, 90, 99, 59, 27, 16, 72, 28, 70, 39, 37, 84, 3, 92, 25, 55, 73, 29, 51, 98, 7, 61, 46, 48, 89, 50, 4, 96, 53, 80, 8, 33, 34, 2, 52, 13, 0, 69, 56, 49]|[1, 1, 0, 1, 1, 0, 1, 2, 2, 1, 2, 2, 2, 1, 1, 0, 0, 1, 0, 2, 2, 0, 1, 2, 0, 1, 2, 2, 0, 0, 1, 1, 2, 2, 1, 0, 2, 0, 1, 1, 0, 1, 1, 1, 0, 2, 1, 1, 0, 0, 2, 0, 1, 1, 2, 1, 2, 0, 2, 0, 2, 1, 0, 1, 2, 1, 2, 1, 1, 1, 1, 1, 1, 0, 1, 2, 1, 0, 0, 2, 1, 1, 0, 0, 1, 0, 1, 2, 0, 0, 1, 2, 2, 0, 1, 0, 0, 1, 2, 0]|[4, 3, 2, 2, 4, 1, 2, 2, 2, 4, 1, 1, 2, 4, 4, 1, 2, 4, 2, 1, 1, 1, 1, 2, 1, 2, 1, 1, 1, 1, 3, 3, 1, 1, 4, 0, 1, 1, 0, 3, 2, 2, 2, 0, 1, 1, 0, 4, 1, 1, 1, 2, 1, 4, 0, 3, 2, 1, 1, 2, 1, 3, 1, 1, 1, 3, 1, 4, 3, 1, 4, 1, 1, 0, 4, 1, 4, 1, 1, 1, 1, 3, 2, 1, 1, 1, 4, 1, 2, 1, 3, 1, 1, 2, 1, 2, 2, 4, 1, 1]|[0, 2, 1, 1, 3, 0, 1, 0, 0, 0, 0, 0, 1, 0, 1, 0, 0, 3, 1, 0, 0, 0, 3, 1, 0, 2, 0, 0, 0, 1, 0, 0, 0, 0, 3, 0, 1, 0, 0, 2, 1, 1, 1, 0, 0, 0, 0, 2, 0, 0, 0, 0, 1, 3, 0, 0, 1, 0, 0, 1, 0, 2, 0, 1, 0, 2, 0, 0, 0, 1, 1, 3, 1, 1, 3, 0, 0, 0, 0, 0, 2, 0, 0, 0, 1, 0, 0, 0, 1, 0, 2, 0, 0, 0, 1, 0, 0, 2, 0, 1],799.19564022266,55312.25109993016,100248.57140366064,false
21,G4_BALANCED,G4_BALANCED,[31, 11, 15, 82, 26, 9, 95, 32, 77, 68, 47, 5, 93, 78, 86, 54, 85, 63, 18, 44, 20, 49, 36, 14, 74, 50, 53, 17, 21, 45, 71, 64, 3, 23, 30, 83, 24, 41, 60, 52, 65, 27, 90, 70, 39, 87, 48, 69, 99, 4, 46, 1, 13, 58, 97, 59, 28, 75, 73, 37, 35, 79, 22, 66, 76, 42, 40, 80, 96, 6, 16, 61, 33, 7, 57, 34, 12, 67, 10, 98, 56, 88, 29, 8, 91, 38, 19, 92, 43, 84, 51, 72, 81, 25, 94, 55, 0, 89, 2, 62]|[2, 1, 1, 2, 1, 2, 1, 1, 1, 1, 1, 0, 2, 2, 1, 2, 0, 0, 0, 2, 2, 1, 0, 2, 0, 2, 2, 1, 0, 1, 1, 1, 0, 0, 1, 0, 2, 1, 2, 2, 0, 0, 1, 1, 0, 2, 0, 2, 1, 0, 0, 2, 0, 0, 2, 0, 1, 0, 0, 0, 2, 1, 0, 2, 2, 0, 2, 2, 0, 1, 2, 1, 1, 2, 0, 1, 1, 1, 1, 2, 2, 1, 1, 1, 1, 0, 1, 0, 1, 0, 1, 1, 1, 1, 2, 0, 0, 1, 2, 1]|[1, 3, 2, 0, 4, 1, 4, 4, 2, 4, 3, 2, 1, 0, 2, 1, 1, 1, 2, 1, 1, 3, 0, 1, 0, 1, 1, 4, 1, 4, 3, 2, 2, 0, 4, 1, 1, 4, 0, 1, 2, 1, 4, 4, 1, 1, 0, 2, 3, 1, 2, 1, 2, 1, 1, 2, 4, 2, 0, 2, 2, 3, 1, 0, 1, 2, 0, 1, 2, 4, 1, 3, 4, 1, 2, 4, 3, 3, 3, 1, 1, 4, 3, 3, 3, 2, 4, 2, 4, 2, 3, 4, 1, 4, 1, 2, 2, 4, 1, 3]|[1, 2, 1, 0, 3, 0, 1, 3, 0, 0, 2, 0, 1, 0, 1, 0, 0, 0, 1, 0, 0, 2, 0, 0, 1, 0, 0, 3, 0, 1, 0, 2, 0, 1, 3, 0, 1, 3, 1, 0, 0, 0, 1, 3, 0, 0, 1, 0, 2, 0, 0, 0, 0, 0, 1, 0, 1, 0, 1, 1, 0, 2, 0, 0, 0, 0, 0, 0, 0, 2, 0, 0, 1, 0, 0, 1, 0, 0, 3, 0, 0, 1, 0, 0, 0, 0, 3, 0, 2, 0, 0, 2, 1, 3, 0, 0, 0, 1, 0, 0],842.3358630601143,52535.59882498444,107349.69971746493,false
21,G2_TEC,G4_BALANCED,[31, 22, 82, 15, 26, 58, 95, 42, 77, 12, 47, 5, 93, 78, 86, 54, 85, 63, 18, 44, 20, 35, 43, 97, 91, 76, 10, 30, 21, 45, 71, 64, 1, 23, 17, 83, 24, 14, 60, 36, 6, 57, 40, 88, 65, 56, 79, 94, 67, 68, 46, 75, 38, 9, 19, 32, 81, 41, 27, 62, 87, 90, 99, 52, 11, 16, 72, 73, 70, 39, 37, 84, 3, 92, 25, 55, 28, 29, 51, 7, 33, 61, 98, 48, 89, 8, 4, 96, 53, 80, 50, 66, 34, 2, 59, 13, 0, 69, 74, 49]|[1, 1, 0, 1, 1, 0, 1, 2, 2, 1, 2, 2, 2, 1, 1, 0, 0, 1, 0, 2, 2, 0, 1, 2, 2, 1, 2, 2, 0, 0, 1, 2, 1, 2, 1, 0, 2, 0, 1, 1, 0, 1, 1, 1, 0, 2, 1, 1, 0, 0, 0, 0, 1, 1, 2, 1, 2, 0, 0, 0, 2, 1, 0, 2, 2, 1, 2, 1, 1, 1, 1, 1, 1, 0, 1, 2, 0, 0, 0, 1, 2, 1, 2, 0, 1, 1, 1, 2, 0, 0, 0, 2, 2, 0, 2, 0, 0, 1, 2, 0]|[4, 3, 2, 2, 4, 2, 2, 2, 2, 4, 1, 1, 2, 4, 4, 1, 2, 4, 2, 1, 1, 1, 1, 2, 1, 2, 1, 1, 1, 1, 3, 2, 3, 1, 4, 0, 1, 1, 0, 3, 2, 2, 2, 0, 1, 1, 0, 4, 0, 1, 2, 2, 1, 4, 0, 3, 2, 1, 1, 2, 1, 3, 1, 1, 1, 3, 0, 4, 3, 1, 4, 1, 1, 0, 4, 1, 2, 1, 1, 3, 1, 3, 1, 1, 1, 3, 4, 1, 2, 1, 1, 1, 1, 2, 1, 2, 2, 4, 1, 1]|[0, 2, 1, 1, 3, 0, 1, 0, 0, 0, 0, 0, 1, 0, 1, 0, 0, 3, 1, 0, 0, 0, 3, 1, 0, 2, 0, 0, 0, 1, 0, 0, 0, 0, 3, 0, 1, 0, 0, 2, 1, 1, 1, 0, 0, 0, 0, 2, 1, 0, 0, 0, 1, 3, 0, 0, 1, 0, 0, 1, 0, 2, 0, 0, 0, 2, 1, 0, 0, 1, 1, 3, 1, 1, 3, 0, 1, 0, 0, 2, 0, 0, 0, 0, 1, 2, 0, 0, 1, 0, 0, 0, 0, 0, 0, 0, 0, 2, 0, 1],854.6370053911567,55591.10347255162,98397.58133066772,true
21,G3_TWC,G1_CMAX,[31, 22, 82, 15, 26, 9, 42, 95, 77, 12, 47, 5, 93, 78, 86, 54, 85, 63, 18, 44, 20, 35, 43, 97, 91, 76, 10, 30, 21, 45, 71, 64, 1, 23, 17, 83, 24, 14, 60, 36, 6, 57, 94, 88, 65, 56, 79, 40, 67, 68, 46, 75, 38, 58, 19, 32, 81, 41, 27, 62, 87, 90, 99, 59, 11, 16, 72, 73, 69, 39, 37, 84, 3, 92, 25, 55, 28, 29, 51, 7, 33, 61, 98, 66, 89, 50, 8, 96, 53, 80, 4, 48, 34, 2, 52, 13, 0, 70, 49, 74]|[1, 1, 0, 1, 1, 1, 2, 1, 2, 1, 2, 2, 2, 1, 1, 0, 0, 1, 0, 2, 2, 0, 1, 2, 0, 1, 2, 2, 0, 0, 1, 2, 1, 2, 1, 0, 2, 0, 1, 1, 0, 1, 1, 1, 0, 2, 1, 1, 0, 0, 0, 0, 1, 1, 2, 1, 2, 0, 0, 0, 2, 1, 0, 1, 2, 1, 2, 1, 1, 1, 1, 1, 1, 0, 1, 2, 0, 0, 0, 1, 2, 1, 0, 2, 1, 0, 1, 0, 0, 0, 0, 0, 2, 0, 1, 0, 0, 1, 0, 2]|[4, 3, 2, 2, 0, 0, 2, 2, 2, 4, 1, 1, 2, 4, 4, 1, 2, 4, 2, 1, 1, 1, 1, 2, 1, 2, 1, 1, 1, 1, 3, 2, 3, 0, 4, 0, 1, 1, 0, 3, 2, 2, 2, 0, 1, 1, 0, 4, 0, 1, 2, 2, 1, 4, 0, 3, 2, 1, 1, 2, 1, 3, 1, 1, 1, 3, 0, 4, 3, 1, 4, 1, 1, 0, 4, 1, 2, 1, 1, 3, 1, 3, 1, 1, 1, 1, 3, 1, 2, 1, 2, 1, 1, 2, 1, 2, 2, 3, 1, 1]|[0, 2, 1, 1, 3, 3, 0, 1, 0, 0, 0, 0, 1, 0, 1, 0, 0, 3, 1, 0, 0, 0, 3, 1, 0, 2, 0, 0, 0, 1, 0, 0, 0, 0, 3, 0, 1, 0, 0, 2, 1, 1, 1, 0, 0, 0, 0, 2, 1, 0, 0, 0, 1, 3, 0, 0, 1, 0, 0, 1, 0, 2, 0, 1, 0, 2, 1, 0, 0, 1, 1, 3, 1, 1, 3, 0, 1, 0, 0, 2, 0, 0, 0, 0, 1, 0, 2, 0, 1, 0, 1, 0, 0, 0, 1, 0, 0, 0, 1, 0],801.427594812029,57868.49349465401,91455.85780813712,true
21,G1_CMAX,G4_BALANCED,[31, 22, 82, 15, 26, 58, 95, 42, 77, 12, 47, 5, 93, 78, 86, 54, 85, 63, 18, 44, 20, 35, 43, 97, 66, 76, 10, 30, 21, 45, 71, 1, 64, 23, 17, 83, 24, 14, 60, 36, 6, 57, 40, 88, 65, 56, 79, 94, 67, 68, 46, 75, 38, 9, 19, 32, 81, 41, 27, 62, 87, 90, 99, 59, 11, 16, 72, 73, 55, 39, 37, 84, 3, 92, 25, 34, 28, 29, 51, 7, 98, 61, 91, 48, 89, 50, 4, 96, 53, 80, 8, 33, 70, 2, 52, 13, 0, 69, 74, 49]|[1, 1, 0, 1, 1, 0, 1, 2, 2, 1, 2, 2, 2, 1, 1, 0, 0, 1, 0, 2, 2, 0, 1, 2, 2, 1, 2, 2, 0, 0, 1, 1, 2, 2, 1, 0, 2, 0, 1, 1, 0, 1, 1, 1, 0, 2, 1, 1, 0, 0, 0, 0, 1, 1, 2, 1, 2, 0, 0, 0, 2, 1, 0, 1, 2, 1, 2, 1, 1, 1, 1, 1, 1, 0, 1, 2, 0, 0, 0, 1, 2, 1, 2, 0, 1, 0, 1, 2, 0, 0, 1, 2, 2, 0, 1, 0, 0, 1, 2, 0]|[4, 3, 2, 2, 4, 1, 2, 2, 2, 4, 1, 1, 2, 4, 4, 1, 2, 4, 2, 1, 1, 1, 1, 2, 1, 2, 1, 1, 1, 1, 3, 3, 1, 1, 4, 0, 1, 1, 0, 3, 2, 2, 2, 0, 1, 1, 0, 4, 0, 1, 2, 2, 1, 4, 0, 3, 2, 1, 1, 2, 1, 3, 1, 1, 1, 3, 0, 4, 3, 1, 4, 1, 1, 0, 4, 1, 2, 1, 1, 1, 1, 3, 1, 1, 1, 1, 4, 1, 2, 1, 3, 1, 1, 2, 1, 2, 2, 4, 1, 1]|[0, 2, 1, 1, 3, 0, 1, 0, 0, 0, 0, 0, 1, 0, 1, 0, 0, 3, 1, 0, 0, 0, 3, 1, 0, 2, 0, 0, 0, 1, 0, 0, 0, 0, 3, 0, 1, 0, 0, 2, 1, 1, 1, 0, 0, 0, 0, 2, 1, 0, 0, 0, 1, 3, 0, 0, 1, 0, 0, 1, 0, 2, 0, 1, 0, 2, 1, 0, 0, 1, 1, 3, 1, 1, 3, 0, 1, 0, 0, 2, 0, 0, 0, 0, 1, 0, 0, 0, 1, 0, 2, 0, 0, 0, 1, 0, 0, 2, 0, 1],747.2290380381017,56529.27441893626,94764.81220058475,true
21,G4_BALANCED,G4_BALANCED,[31, 11, 15, 82, 26, 9, 95, 32, 77, 68, 47, 5, 93, 78, 86, 54, 85, 63, 18, 44, 20, 49, 36, 14, 74, 50, 53, 17, 21, 45, 71, 64, 3, 23, 30, 83, 24, 41, 60, 52, 65, 27, 90, 70, 39, 87, 48, 69, 99, 4, 46, 1, 13, 58, 97, 59, 28, 75, 73, 37, 35, 79, 22, 66, 76, 42, 40, 80, 96, 6, 16, 61, 33, 7, 57, 34, 12, 67, 10, 98, 56, 88, 29, 8, 91, 38, 19, 92, 43, 84, 51, 72, 81, 25, 94, 55, 0, 89, 2, 62]|[2, 1, 1, 2, 1, 2, 1, 1, 1, 1, 1, 0, 2, 2, 1, 2, 0, 0, 0, 2, 2, 1, 0, 2, 0, 2, 2, 1, 0, 1, 1, 1, 0, 0, 1, 0, 2, 1, 2, 2, 0, 0, 1, 1, 0, 2, 0, 2, 1, 0, 0, 2, 0, 0, 2, 0, 1, 0, 0, 0, 2, 1, 0, 2, 2, 0, 2, 2, 0, 1, 2, 1, 1, 2, 0, 1, 1, 1, 1, 2, 2, 1, 1, 1, 1, 0, 1, 0, 1, 0, 1, 1, 1, 1, 2, 0, 0, 1, 2, 1]|[1, 3, 2, 0, 4, 1, 4, 4, 2, 4, 3, 2, 1, 0, 2, 1, 1, 1, 2, 1, 1, 3, 0, 1, 0, 1, 1, 4, 1, 4, 3, 2, 2, 0, 4, 1, 1, 4, 0, 1, 2, 1, 4, 4, 1, 1, 0, 2, 3, 1, 2, 1, 2, 1, 1, 2, 4, 2, 0, 2, 2, 3, 1, 0, 1, 2, 0, 1, 2, 4, 1, 3, 4, 1, 2, 4, 3, 3, 3, 1, 1, 4, 3, 3, 3, 2, 4, 2, 4, 2, 3, 4, 1, 4, 1, 2, 2, 4, 1, 3]|[1, 2, 1, 0, 3, 0, 1, 3, 0, 0, 2, 0, 1, 0, 1, 0, 0, 0, 1, 0, 0, 2, 0, 0, 1, 0, 0, 3, 0, 1, 0, 2, 0, 1, 3, 0, 1, 3, 1, 0, 0, 0, 1, 3, 0, 0, 1, 0, 2, 0, 0, 0, 0, 0, 1, 0, 1, 0, 1, 1, 0, 2, 0, 0, 0, 0, 0, 0, 0, 2, 0, 0, 1, 0, 0, 1, 0, 0, 3, 0, 0, 1, 0, 0, 0, 0, 3, 0, 2, 0, 0, 2, 1, 3, 0, 0, 0, 1, 0, 0],842.3358630601143,52535.59882498444,107349.69971746493,false
21,G2_TEC,G4_BALANCED,[31, 22, 82, 15, 26, 58, 95, 42, 77, 12, 47, 5, 93, 78, 86, 54, 85, 63, 18, 44, 20, 35, 43, 97, 91, 76, 10, 30, 21, 45, 71, 64, 1, 23, 17, 83, 24, 14, 60, 36, 6, 57, 40, 88, 65, 56, 79, 94, 67, 68, 46, 75, 38, 9, 19, 32, 81, 41, 27, 62, 87, 90, 99, 52, 11, 16, 72, 73, 70, 39, 37, 84, 3, 92, 25, 55, 28, 29, 51, 7, 33, 61, 98, 48, 89, 8, 4, 96, 53, 80, 50, 66, 34, 2, 59, 13, 0, 69, 74, 49]|[1, 1, 0, 1, 1, 0, 1, 2, 2, 1, 2, 2, 2, 1, 1, 0, 0, 1, 0, 2, 2, 0, 1, 2, 2, 1, 2, 2, 0, 0, 1, 2, 1, 2, 1, 0, 2, 0, 1, 1, 0, 1, 1, 1, 0, 2, 1, 1, 0, 0, 0, 0, 1, 1, 2, 1, 2, 0, 0, 0, 2, 1, 0, 2, 2, 1, 2, 1, 1, 1, 1, 1, 1, 0, 1, 2, 0, 0, 0, 1, 2, 1, 2, 0, 1, 1, 1, 2, 0, 0, 0, 2, 2, 0, 2, 0, 0, 1, 2, 0]|[4, 3, 2, 2, 4, 2, 2, 2, 2, 4, 1, 1, 2, 4, 4, 1, 2, 4, 2, 1, 1, 1, 1, 2, 1, 2, 1, 1, 1, 1, 3, 2, 3, 1, 4, 0, 1, 1, 0, 3, 2, 2, 2, 0, 1, 1, 0, 4, 0, 1, 2, 2, 1, 4, 0, 3, 2, 1, 1, 2, 1, 3, 1, 1, 1, 3, 0, 4, 3, 1, 4, 1, 1, 0, 4, 1, 2, 1, 1, 3, 1, 3, 1, 1, 1, 3, 4, 1, 2, 1, 1, 1, 1, 2, 1, 2, 2, 4, 1, 1]|[0, 2, 1, 1, 3, 0, 1, 0, 0, 0, 0, 0, 1, 0, 1, 0, 0, 3, 1, 0, 0, 0, 3, 1, 0, 2, 0, 0, 0, 1, 0, 0, 0, 0, 3, 0, 1, 0, 0, 2, 1, 1, 1, 0, 0, 0, 0, 2, 1, 0, 0, 0, 1, 3, 0, 0, 1, 0, 0, 1, 0, 2, 0, 0, 0, 2, 1, 0, 0, 1, 1, 3, 1, 1, 3, 0, 1, 0, 0, 2, 0, 0, 0, 0, 1, 2, 0, 0, 1, 0, 0, 0, 0, 0, 0, 0, 0, 2, 0, 1],854.6370053911567,55591.10347255162,98397.58133066772,true
21,G3_TWC,G1_CMAX,[31, 22, 82, 15, 26, 9, 42, 95, 77, 12, 47, 5, 93, 78, 86, 54, 85, 63, 18, 44, 20, 35, 43, 97, 91, 76, 10, 30, 21, 45, 71, 64, 1, 23, 17, 83, 24, 14, 60, 36, 6, 57, 94, 88, 65, 56, 79, 40, 67, 68, 46, 75, 38, 58, 19, 32, 81, 41, 27, 62, 87, 90, 99, 59, 11, 16, 72, 73, 69, 39, 37, 84, 3, 92, 25, 55, 28, 29, 51, 7, 33, 61, 98, 66, 89, 50, 8, 96, 53, 80, 4, 48, 34, 2, 52, 13, 0, 70, 49, 74]|[1, 1, 0, 1, 1, 1, 2, 1, 2, 1, 2, 2, 2, 1, 1, 0, 0, 1, 0, 2, 2, 0, 1, 2, 0, 1, 2, 2, 0, 0, 1, 2, 1, 2, 1, 0, 2, 0, 1, 1, 0, 1, 1, 1, 0, 2, 1, 1, 0, 0, 0, 0, 1, 1, 2, 1, 2, 0, 0, 0, 2, 1, 0, 1, 2, 1, 2, 1, 1, 1, 1, 1, 1, 0, 1, 2, 0, 0, 0, 1, 2, 1, 0, 2, 1, 0, 1, 0, 0, 0, 0, 0, 2, 0, 1, 0, 0, 1, 0, 2]|[4, 3, 2, 2, 0, 0, 2, 2, 2, 4, 1, 1, 2, 4, 4, 1, 2, 4, 2, 1, 1, 1, 1, 2, 1, 2, 1, 1, 1, 1, 3, 2, 3, 0, 4, 0, 1, 1, 0, 3, 2, 2, 2, 0, 1, 1, 0, 4, 0, 1, 2, 2, 1, 4, 0, 3, 2, 1, 1, 2, 1, 3, 1, 1, 1, 3, 0, 4, 3, 1, 4, 1, 1, 0, 4, 1, 2, 1, 1, 3, 1, 3, 1, 1, 1, 1, 3, 1, 2, 1, 2, 1, 1, 2, 1, 2, 2, 3, 1, 1]|[0, 2, 1, 1, 3, 3, 0, 1, 0, 0, 0, 0, 1, 0, 1, 0, 0, 3, 1, 0, 0, 0, 3, 1, 0, 2, 0, 0, 0, 1, 0, 0, 0, 0, 3, 0, 1, 0, 0, 2, 1, 1, 1, 0, 0, 0, 0, 2, 1, 0, 0, 0, 1, 3, 0, 0, 1, 0, 0, 1, 0, 2, 0, 1, 0, 2, 1, 0, 0, 1, 1, 3, 1, 1, 3, 0, 1, 0, 0, 2, 0, 0, 0, 0, 1, 0, 2, 0, 1, 0, 1, 0, 0, 0, 1, 0, 0, 0, 1, 0],801.427594812029,57868.49349465401,91455.85780813712,true
21,G1_CMAX,G3_TWC,[31, 22, 82, 15, 26, 9, 95, 42, 77, 12, 47, 5, 93, 78, 86, 54, 85, 63, 18, 44, 20, 35, 43, 97, 91, 76, 10, 30, 21, 45, 71, 64, 1, 23, 17, 83, 24, 14, 60, 36, 6, 57, 40, 88, 65, 56, 79, 94, 67, 68, 46, 75, 38, 58, 19, 32, 81, 41, 27, 62, 87, 90, 99, 59, 11, 16, 72, 73, 69, 39, 37, 84, 3, 92, 25, 55, 28, 29, 51, 7, 66, 61, 98, 48, 89, 50, 4, 96, 53, 80, 8, 33, 34, 2, 52, 13, 0, 70, 74, 49]|[1, 1, 0, 1, 1, 1, 1, 2, 2, 1, 2, 2, 2, 1, 1, 0, 0, 1, 0, 2, 2, 0, 1, 2, 0, 1, 2, 2, 0, 0, 1, 2, 1, 2, 1, 0, 2, 0, 1, 1, 0, 1, 1, 1, 0, 2, 1, 1, 0, 0, 0, 0, 1, 1, 2, 1, 2, 0, 0, 0, 2, 1, 0, 1, 2, 1, 2, 1, 1, 1, 1, 1, 1, 0, 1, 1, 0, 0, 0, 1, 2, 1, 2, 0, 1, 0, 0, 0, 0, 0, 1, 2, 2, 0, 1, 0, 0, 1, 2, 0]|[4, 3, 2, 2, 0, 0, 2, 2, 2, 4, 1, 1, 2, 4, 4, 1, 2, 4, 2, 1, 1, 1, 1, 2, 1, 2, 1, 1, 1, 1, 3, 2, 3, 0, 4, 0, 1, 1, 0, 3, 2, 2, 2, 0, 1, 1, 0, 4, 0, 1, 2, 2, 1, 4, 0, 3, 2, 1, 1, 2, 1, 3, 1, 1, 1, 3, 0, 4, 3, 1, 4, 1, 1, 0, 4, 4, 2, 1, 1, 3, 1, 3, 1, 1, 1, 1, 2, 1, 2, 1, 3, 1, 1, 2, 1, 2, 2, 4, 1, 1]|[0, 2, 1, 1, 3, 3, 1, 0, 0, 0, 0, 0, 1, 0, 1, 0, 0, 3, 1, 0, 0, 0, 3, 1, 0, 2, 0, 0, 0, 1, 0, 0, 0, 0, 3, 0, 1, 0, 0, 2, 1, 1, 1, 0, 0, 0, 0, 2, 1, 0, 0, 0, 1, 3, 0, 0, 1, 0, 0, 1, 0, 2, 0, 1, 0, 2, 1, 0, 0, 1, 1, 3, 1, 1, 3, 3, 1, 0, 0, 2, 0, 0, 0, 0, 1, 0, 1, 0, 1, 0, 2, 0, 0, 0, 1, 0, 0, 2, 0, 1],795.9209522169074,58176.61051743866,90980.22022110094,true
21,G4_BALANCED,G4_BALANCED,[31, 11, 15, 82, 26, 9, 95, 32, 77, 68, 47, 5, 93, 78, 86, 54, 85, 63, 18, 44, 20, 49, 36, 14, 74, 50, 53, 17, 21, 45, 71, 64, 3, 23, 30, 83, 24, 41, 60, 52, 65, 27, 90, 70, 39, 87, 48, 69, 99, 4, 46, 1, 13, 58, 97, 59, 28, 75, 73, 37, 35, 79, 22, 66, 76, 42, 40, 80, 96, 6, 16, 61, 33, 7, 57, 34, 12, 67, 10, 98, 56, 88, 29, 8, 91, 38, 19, 92, 43, 84, 51, 72, 81, 25, 94, 55, 0, 89, 2, 62]|[2, 1, 1, 2, 1, 2, 1, 1, 1, 1, 1, 0, 2, 2, 1, 2, 0, 0, 0, 2, 2, 1, 0, 2, 0, 2, 2, 1, 0, 1, 1, 1, 0, 0, 1, 0, 2, 1, 2, 2, 0, 0, 1, 1, 0, 2, 0, 2, 1, 0, 0, 2, 0, 0, 2, 0, 1, 0, 0, 0, 2, 1, 0, 2, 2, 0, 2, 2, 0, 1, 2, 1, 1, 2, 0, 1, 1, 1, 1, 2, 2, 1, 1, 1, 1, 0, 1, 0, 1, 0, 1, 1, 1, 1, 2, 0, 0, 1, 2, 1]|[1, 3, 2, 0, 4, 1, 4, 4, 2, 4, 3, 2, 1, 0, 2, 1, 1, 1, 2, 1, 1, 3, 0, 1, 0, 1, 1, 4, 1, 4, 3, 2, 2, 0, 4, 1, 1, 4, 0, 1, 2, 1, 4, 4, 1, 1, 0, 2, 3, 1, 2, 1, 2, 1, 1, 2, 4, 2, 0, 2, 2, 3, 1, 0, 1, 2, 0, 1, 2, 4, 1, 3, 4, 1, 2, 4, 3, 3, 3, 1, 1, 4, 3, 3, 3, 2, 4, 2, 4, 2, 3, 4, 1, 4, 1, 2, 2, 4, 1, 3]|[1, 2, 1, 0, 3, 0, 1, 3, 0, 0, 2, 0, 1, 0, 1, 0, 0, 0, 1, 0, 0, 2, 0, 0, 1, 0, 0, 3, 0, 1, 0, 2, 0, 1, 3, 0, 1, 3, 1, 0, 0, 0, 1, 3, 0, 0, 1, 0, 2, 0, 0, 0, 0, 0, 1, 0, 1, 0, 1, 1, 0, 2, 0, 0, 0, 0, 0, 0, 0, 2, 0, 0, 1, 0, 0, 1, 0, 0, 3, 0, 0, 1, 0, 0, 0, 0, 3, 0, 2, 0, 0, 2, 1, 3, 0, 0, 0, 1, 0, 0],842.3358630601143,52535.59882498444,107349.69971746493,false
21,G2_TEC,G2_TEC,[31, 22, 82, 15, 26, 9, 95, 42, 77, 68, 47, 5, 93, 78, 86, 54, 85, 63, 18, 44, 20, 49, 36, 14, 74, 50, 53, 17, 21, 28, 71, 64, 3, 23, 30, 83, 24, 41, 40, 52, 65, 27, 90, 70, 39, 87, 48, 69, 99, 4, 46, 1, 13, 58, 97, 59, 45, 8, 73, 37, 35, 79, 11, 66, 76, 32, 60, 80, 96, 6, 16, 61, 19, 7, 57, 34, 12, 67, 10, 98, 56, 88, 29, 75, 91, 38, 33, 92, 2, 84, 51, 72, 81, 25, 43, 55, 62, 89, 94, 0]|[2, 1, 2, 1, 1, 2, 1, 1, 1, 1, 1, 0, 2, 2, 1, 2, 0, 0, 0, 2, 2, 1, 0, 2, 0, 2, 2, 1, 0, 1, 1, 1, 0, 0, 1, 0, 2, 1, 2, 2, 0, 0, 1, 1, 0, 2, 0, 2, 1, 0, 0, 2, 0, 0, 2, 0, 1, 1, 0, 0, 2, 1, 0, 2, 2, 0, 2, 2, 0, 1, 2, 1, 1, 2, 0, 1, 1, 1, 1, 2, 2, 1, 1, 0, 1, 0, 1, 0, 2, 0, 1, 1, 1, 1, 1, 0, 1, 1, 2, 0]|[0, 3, 0, 3, 4, 1, 4, 4, 2, 4, 3, 2, 1, 0, 2, 1, 1, 1, 2, 1, 1, 3, 0, 1, 0, 1, 1, 4, 1, 4, 3, 2, 2, 0, 4, 1, 1, 4, 0, 1, 2, 1, 4, 4, 1, 1, 0, 2, 3, 1, 2, 1, 2, 1, 1, 2, 4, 3, 0, 2, 2, 3, 1, 0, 1, 2, 0, 1, 2, 4, 1, 3, 4, 1, 2, 4, 3, 3, 3, 1, 1, 4, 3, 2, 3, 2, 4, 2, 1, 2, 3, 4, 4, 4, 4, 2, 3, 4, 1, 2]|[0, 2, 0, 0, 3, 0, 1, 3, 0, 0, 2, 0, 1, 0, 1, 0, 0, 0, 1, 0, 0, 2, 0, 0, 1, 0, 0, 3, 0, 1, 0, 2, 0, 0, 3, 0, 1, 3, 0, 0, 0, 0, 1, 3, 0, 0, 1, 0, 2, 0, 0, 0, 0, 0, 1, 0, 1, 0, 1, 1, 0, 2, 0, 0, 0, 0, 0, 0, 0, 2, 0, 0, 1, 0, 0, 1, 0, 0, 3, 0, 0, 1, 0, 0, 0, 0, 1, 0, 0, 0, 0, 2, 1, 3, 2, 0, 0, 1, 0, 0],890.9074744783937,50673.96227735626,113466.60083846681,false
21,G3_TWC,G1_CMAX,[31, 22, 82, 15, 26, 9, 42, 95, 77, 12, 47, 5, 93, 78, 86, 54, 85, 63, 18, 44, 20, 35, 43, 97, 91, 76, 10, 30, 21, 45, 71, 64, 1, 23, 17, 83, 24, 14, 60, 36, 6, 57, 94, 88, 65, 56, 79, 40, 67, 68, 46, 75, 38, 58, 19, 32, 81, 41, 27, 62, 87, 90, 99, 59, 11, 16, 72, 73, 69, 39, 37, 84, 3, 92, 25, 55, 28, 29, 51, 7, 33, 61, 98, 66, 89, 50, 8, 96, 53, 80, 4, 48, 34, 2, 52, 13, 0, 70, 49, 74]|[1, 1, 0, 1, 1, 1, 2, 1, 2, 1, 2, 2, 2, 1, 1, 0, 0, 1, 0, 2, 2, 0, 1, 2, 0, 1, 2, 2, 0, 0, 1, 2, 1, 2, 1, 0, 2, 0, 1, 1, 0, 1, 1, 1, 0, 2, 1, 1, 0, 0, 0, 0, 1, 1, 2, 1, 2, 0, 0, 0, 2, 1, 0, 1, 2, 1, 2, 1, 1, 1, 1, 1, 1, 0, 1, 2, 0, 0, 0, 1, 2, 1, 0, 2, 1, 0, 1, 0, 0, 0, 0, 0, 2, 0, 1, 0, 0, 1, 0, 2]|[4, 3, 2, 2, 0, 0, 2, 2, 2, 4, 1, 1, 2, 4, 4, 1, 2, 4, 2, 1, 1, 1, 1, 2, 1, 2, 1, 1, 1, 1, 3, 2, 3, 0, 4, 0, 1, 1, 0, 3, 2, 2, 2, 0, 1, 1, 0, 4, 0, 1, 2, 2, 1, 4, 0, 3, 2, 1, 1, 2, 1, 3, 1, 1, 1, 3, 0, 4, 3, 1, 4, 1, 1, 0, 4, 1, 2, 1, 1, 3, 1, 3, 1, 1, 1, 1, 3, 1, 2, 1, 2, 1, 1, 2, 1, 2, 2, 3, 1, 1]|[0, 2, 1, 1, 3, 3, 0, 1, 0, 0, 0, 0, 1, 0, 1, 0, 0, 3, 1, 0, 0, 0, 3, 1, 0, 2, 0, 0, 0, 1, 0, 0, 0, 0, 3, 0, 1, 0, 0, 2, 1, 1, 1, 0, 0, 0, 0, 2, 1, 0, 0, 0, 1, 3, 0, 0, 1, 0, 0, 1, 0, 2, 0, 1, 0, 2, 1, 0, 0, 1, 1, 3, 1, 1, 3, 0, 1, 0, 0, 2, 0, 0, 0, 0, 1, 0, 2, 0, 1, 0, 1, 0, 0, 0, 1, 0, 0, 0, 1, 0],801.427594812029,57868.49349465401,91455.85780813712,true
21,G1_CMAX,G2_TEC,[31, 22, 82, 15, 26, 9, 95, 42, 77, 68, 47, 5, 93, 78, 86, 54, 85, 63, 44, 18, 20, 49, 36, 14, 74, 50, 53, 25, 21, 28, 71, 64, 3, 23, 30, 83, 24, 41, 40, 52, 65, 27, 90, 70, 39, 87, 48, 69, 99, 4, 46, 1, 13, 58, 97, 59, 45, 8, 73, 37, 35, 79, 11, 66, 76, 32, 60, 80, 96, 6, 16, 61, 19, 7, 57, 34, 12, 67, 10, 98, 56, 88, 29, 75, 91, 38, 33, 92, 43, 84, 51, 72, 81, 17, 0, 55, 62, 89, 94, 2]|[2, 1, 2, 1, 1, 2, 1, 1, 1, 1, 1, 0, 2, 2, 1, 2, 0, 0, 2, 2, 2, 1, 0, 2, 0, 2, 2, 1, 0, 1, 1, 1, 0, 0, 1, 0, 2, 1, 2, 2, 0, 0, 1, 1, 0, 2, 0, 2, 1, 0, 0, 2, 0, 0, 2, 0, 1, 1, 0, 0, 2, 1, 0, 2, 2, 0, 2, 2, 0, 1, 2, 1, 1, 2, 0, 1, 1, 1, 1, 2, 2, 1, 1, 0, 1, 0, 1, 0, 1, 0, 1, 1, 1, 1, 0, 0, 1, 1, 2, 2]|[0, 3, 0, 3, 4, 1, 4, 4, 2, 4, 3, 2, 1, 0, 2, 1, 1, 1, 1, 1, 1, 3, 0, 1, 0, 1, 1, 4, 1, 4, 3, 2, 2, 0, 4, 1, 1, 4, 0, 1, 2, 1, 4, 4, 1, 1, 0, 2, 3, 1, 2, 1, 2, 1, 1, 2, 4, 3, 0, 2, 2, 3, 1, 0, 1, 2, 0, 1, 2, 4, 1, 3, 4, 1, 2, 4, 3, 3, 3, 1, 1, 4, 3, 2, 3, 2, 4, 2, 4, 2, 3, 4, 4, 4, 2, 2, 3, 4, 1, 1]|[0, 2, 0, 0, 3, 0, 1, 3, 0, 0, 2, 0, 1, 0, 1, 0, 0, 0, 0, 0, 0, 2, 0, 0, 1, 0, 0, 3, 0, 1, 0, 2, 0, 0, 3, 0, 1, 3, 0, 0, 0, 0, 1, 3, 0, 0, 1, 0, 2, 0, 0, 0, 0, 0, 1, 0, 1, 0, 1, 1, 0, 2, 0, 0, 0, 0, 0, 0, 0, 2, 0, 0, 1, 0, 0, 1, 0, 0, 3, 0, 0, 1, 0, 0, 0, 0, 1, 0, 2, 0, 0, 2, 1, 3, 0, 0, 0, 1, 0, 0],887.9884887145075,50644.207742303755,116061.00242432993,true
21,G4_BALANCED,G3_TWC,[31, 22, 82, 15, 26, 9, 42, 95, 77, 12, 47, 5, 93, 78, 86, 54, 85, 63, 18, 44, 20, 35, 43, 97, 91, 76, 10, 30, 21, 45, 71, 64, 1, 23, 17, 83, 24, 14, 60, 36, 6, 57, 94, 88, 65, 56, 79, 40, 67, 68, 46, 75, 38, 58, 19, 32, 81, 41, 27, 62, 87, 90, 99, 59, 11, 16, 72, 73, 69, 39, 37, 84, 3, 92, 25, 55, 28, 29, 51, 7, 66, 61, 98, 48, 89, 50, 4, 96, 53, 80, 8, 33, 34, 2, 52, 13, 0, 70, 74, 49]|[1, 1, 0, 1, 1, 1, 1, 2, 2, 1, 2, 2, 2, 1, 1, 0, 0, 1, 0, 2, 2, 0, 1, 2, 0, 1, 2, 2, 0, 0, 1, 2, 1, 2, 1, 0, 2, 0, 1, 1, 0, 1, 1, 1, 0, 2, 1, 1, 0, 0, 0, 0, 1, 1, 2, 1, 2, 0, 0, 0, 2, 1, 0, 1, 2, 1, 2, 1, 1, 1, 1, 1, 1, 0, 1, 1, 0, 0, 0, 1, 2, 1, 2, 0, 1, 0, 0, 0, 0, 0, 1, 2, 2, 0, 1, 0, 0, 1, 2, 0]|[4, 3, 2, 2, 4, 0, 2, 2, 2, 4, 1, 1, 2, 4, 4, 1, 2, 4, 2, 1, 1, 1, 1, 2, 1, 2, 1, 1, 1, 1, 3, 2, 3, 0, 4, 0, 1, 1, 0, 3, 2, 2, 4, 0, 1, 1, 0, 2, 0, 1, 2, 2, 1, 4, 0, 3, 2, 1, 1, 2, 1, 3, 1, 1, 1, 3, 0, 4, 3, 1, 4, 1, 1, 0, 4, 4, 2, 1, 1, 3, 1, 3, 1, 1, 1, 1, 2, 1, 2, 1, 3, 1, 1, 2, 1, 2, 2, 3, 1, 1]|[0, 2, 1, 1, 3, 3, 1, 0, 0, 0, 0, 0, 1, 0, 1, 0, 0, 3, 1, 0, 0, 0, 3, 1, 0, 2, 0, 0, 0, 1, 0, 0, 0, 0, 3, 0, 1, 0, 0, 2, 1, 1, 2, 0, 0, 0, 0, 1, 1, 0, 0, 0, 1, 3, 0, 0, 1, 0, 0, 1, 0, 2, 0, 1, 0, 2, 1, 0, 0, 1, 1, 3, 1, 1, 3, 3, 1, 0, 0, 2, 0, 0, 0, 0, 1, 0, 1, 0, 1, 0, 2, 0, 0, 0, 1, 0, 0, 0, 0, 1],795.9209522169074,57836.82119891049,91806.40315621796,true
21,G2_TEC,G2_TEC,[31, 22, 82, 15, 26, 9, 95, 42, 77, 68, 47, 5, 93, 78, 86, 54, 85, 63, 18, 44, 20, 49, 36, 14, 74, 50, 53, 17, 21, 28, 71, 64, 3, 23, 30, 83, 24, 41, 40, 52, 65, 27, 90, 70, 39, 87, 48, 69, 99, 4, 46, 1, 13, 58, 97, 59, 45, 8, 73, 37, 35, 79, 11, 66, 76, 32, 60, 80, 96, 6, 16, 61, 19, 7, 57, 34, 12, 67, 10, 98, 56, 88, 29, 75, 91, 38, 33, 92, 2, 84, 51, 72, 81, 25, 43, 55, 62, 89, 94, 0]|[2, 1, 2, 1, 1, 2, 1, 1, 1, 1, 1, 0, 2, 2, 1, 2, 0, 0, 0, 2, 2, 1, 0, 2, 0, 2, 2, 1, 0, 1, 1, 1, 0, 0, 1, 0, 2, 1, 2, 2, 0, 0, 1, 1, 0, 2, 0, 2, 1, 0, 0, 2, 0, 0, 2, 0, 1, 1, 0, 0, 2, 1, 0, 2, 2, 0, 2, 2, 0, 1, 2, 1, 1, 2, 0, 1, 1, 1, 1, 2, 2, 1, 1, 0, 1, 0, 1, 0, 2, 0, 1, 1, 1, 1, 1, 0, 1, 1, 2, 0]|[0, 3, 0, 3, 4, 1, 4, 4, 2, 4, 3, 2, 1, 0, 2, 1, 1, 1, 2, 1, 1, 3, 0, 1, 0, 1, 1, 4, 1, 4, 3, 2, 2, 0, 4, 1, 1, 4, 0, 1, 2, 1, 4, 4, 1, 1, 0, 2, 3, 1, 2, 1, 2, 1, 1, 2, 4, 3, 0, 2, 2, 3, 1, 0, 1, 2, 0, 1, 2, 4, 1, 3, 4, 1, 2, 4, 3, 3, 3, 1, 1, 4, 3, 2, 3, 2, 4, 2, 1, 2, 3, 4, 4, 4, 4, 2, 3, 4, 1, 2]|[0, 2, 0, 0, 3, 0, 1, 3, 0, 0, 2, 0, 1, 0, 1, 0, 0, 0, 1, 0, 0, 2, 0, 0, 1, 0, 0, 3, 0, 1, 0, 2, 0, 0, 3, 0, 1, 3, 0, 0, 0, 0, 1, 3, 0, 0, 1, 0, 2, 0, 0, 0, 0, 0, 1, 0, 1, 0, 1, 1, 0, 2, 0, 0, 0, 0, 0, 0, 0, 2, 0, 0, 1, 0, 0, 1, 0, 0, 3, 0, 0, 1, 0, 0, 0, 0, 1, 0, 0, 0, 0, 2, 1, 3, 2, 0, 0, 1, 0, 0],890.9074744783937,50673.96227735626,113466.60083846681,false
21,G3_TWC,G1_CMAX,[31, 22, 82, 15, 26, 9, 42, 95, 77, 12, 47, 5, 93, 78, 86, 54, 85, 63, 18, 44, 20, 35, 43, 97, 91, 76, 10, 30, 21, 45, 71, 64, 1, 23, 17, 83, 24, 14, 60, 36, 6, 57, 94, 88, 65, 56, 79, 40, 67, 68, 46, 75, 38, 58, 19, 32, 81, 41, 27, 62, 87, 90, 99, 59, 11, 16, 72, 73, 69, 39, 37, 84, 3, 92, 25, 55, 28, 29, 51, 7, 33, 61, 98, 66, 89, 50, 8, 96, 53, 80, 4, 48, 34, 2, 52, 13, 0, 70, 49, 74]|[1, 1, 0, 1, 1, 1, 2, 1, 2, 1, 2, 2, 2, 1, 1, 0, 0, 1, 0, 2, 2, 0, 1, 2, 0, 1, 2, 2, 0, 0, 1, 2, 1, 2, 1, 0, 2, 0, 1, 1, 0, 1, 1, 1, 0, 2, 1, 1, 0, 0, 0, 0, 1, 1, 2, 1, 2, 0, 0, 0, 2, 1, 0, 1, 2, 1, 2, 1, 1, 1, 1, 1, 1, 0, 1, 2, 0, 0, 0, 1, 2, 1, 0, 2, 1, 0, 1, 0, 0, 0, 0, 0, 2, 0, 1, 0, 0, 1, 0, 2]|[4, 3, 2, 2, 0, 0, 2, 2, 2, 4, 1, 1, 2, 4, 4, 1, 2, 4, 2, 1, 1, 1, 1, 2, 1, 2, 1, 1, 1, 1, 3, 2, 3, 0, 4, 0, 1, 1, 0, 3, 2, 2, 2, 0, 1, 1, 0, 4, 0, 1, 2, 2, 1, 4, 0, 3, 2, 1, 1, 2, 1, 3, 1, 1, 1, 3, 0, 4, 3, 1, 4, 1, 1, 0, 4, 1, 2, 1, 1, 3, 1, 3, 1, 1, 1, 1, 3, 1, 2, 1, 2, 1, 1, 2, 1, 2, 2, 3, 1, 1]|[0, 2, 1, 1, 3, 3, 0, 1, 0, 0, 0, 0, 1, 0, 1, 0, 0, 3, 1, 0, 0, 0, 3, 1, 0, 2, 0, 0, 0, 1, 0, 0, 0, 0, 3, 0, 1, 0, 0, 2, 1, 1, 1, 0, 0, 0, 0, 2, 1, 0, 0, 0, 1, 3, 0, 0, 1, 0, 0, 1, 0, 2, 0, 1, 0, 2, 1, 0, 0, 1, 1, 3, 1, 1, 3, 0, 1, 0, 0, 2, 0, 0, 0, 0, 1, 0, 2, 0, 1, 0, 1, 0, 0, 0, 1, 0, 0, 0, 1, 0],801.427594812029,57868.49349465401,91455.85780813712,true
22,G1_CMAX,G4_BALANCED,[31, 22, 82, 15, 26, 9, 95, 42, 77, 68, 47, 5, 93, 78, 86, 54, 85, 63, 18, 44, 20, 49, 36, 14, 74, 50, 53, 17, 21, 28, 71, 64, 3, 23, 30, 83, 24, 41, 60, 52, 65, 27, 90, 70, 39, 87, 48, 69, 99, 4, 46, 1, 13, 58, 97, 59, 45, 8, 73, 37, 35, 79, 11, 66, 76, 32, 40, 80, 96, 6, 16, 61, 33, 7, 57, 34, 12, 67, 10, 98, 56, 88, 29, 75, 91, 38, 19, 92, 43, 84, 51, 72, 81, 62, 2, 55, 0, 89, 94, 25]|[2, 1, 2, 1, 1, 2, 1, 1, 1, 1, 1, 0, 2, 2, 1, 2, 0, 0, 0, 2, 2, 1, 0, 2, 0, 2, 2, 1, 0, 1, 1, 1, 0, 0, 1, 0, 2, 1, 2, 2, 0, 0, 1, 1, 0, 2, 0, 2, 1, 0, 0, 2, 0, 0, 2, 0, 1, 1, 0, 0, 2, 1, 0, 2, 2, 0, 2, 2, 0, 1, 2, 1, 1, 2, 0, 1, 1, 1, 1, 2, 2, 1, 1, 0, 1, 0, 1, 0, 1, 0, 1, 1, 1, 1, 2, 0, 0, 1, 2, 1]|[0, 3, 0, 3, 4, 1, 4, 4, 2, 4, 3, 2, 1, 0, 2, 1, 1, 1, 2, 1, 1, 3, 0, 1, 0, 1, 1, 4, 1, 4, 3, 2, 2, 0, 4, 1, 1, 4, 0, 1, 2, 1, 4, 4, 1, 1, 0, 2, 3, 1, 2, 1, 2, 1, 1, 2, 4, 3, 0, 2, 2, 3, 1, 0, 1, 2, 0, 1, 2, 4, 1, 3, 4, 1, 2, 4, 3, 3, 3, 1, 1, 4, 3, 2, 3, 2, 4, 2, 4, 2, 3, 4, 1, 3, 1, 2, 2, 4, 1, 4]|[0, 2, 0, 0, 3, 0, 1, 3, 0, 0, 2, 0, 1, 0, 1, 0, 0, 0, 1, 0, 0, 2, 0, 0, 1, 0, 0, 3, 0, 1, 0, 2, 0, 1, 3, 0, 1, 3, 1, 0, 0, 0, 1, 3, 0, 0, 1, 0, 2, 0, 0, 0, 0, 0, 1, 0, 1, 0, 1, 1, 0, 2, 0, 0, 0, 0, 0, 0, 0, 2, 0, 0, 1, 0, 0, 1, 0, 0, 3, 0, 0, 1, 0, 0, 0, 0, 3, 0, 2, 0, 0, 2, 1, 0, 0, 0, 0, 1, 0, 3],851.9092314412391,51705.36297778711,107381.05157087493,true
22,G4_BALANCED,G4_BALANCED,[31, 22, 82, 15, 26, 58, 95, 42, 77, 12, 47, 5, 93, 78, 86, 54, 85, 63, 18, 44, 20, 35, 43, 97, 91, 76, 10, 30, 21, 45, 71, 64, 1, 23, 17, 83, 24, 14, 60, 36, 6, 57, 40, 88, 65, 56, 79, 94, 67, 68, 46, 75, 38, 9, 19, 32, 81, 41, 27, 62, 87, 90, 99, 59, 11, 16, 72, 73, 70, 39, 37, 84, 3, 92, 25, 34, 29, 55, 51, 7, 33, 61, 96, 48, 89, 50, 8, 98, 53, 80, 4, 66, 28, 2, 52, 13, 0, 69, 74, 49]|[1, 1, 0, 1, 1, 0, 1, 2, 2, 1, 2, 2, 2, 1, 1, 0, 0, 1, 0, 2, 2, 0, 1, 2, 0, 1, 2, 2, 0, 0, 1, 2, 1, 2, 1, 0, 2, 0, 1, 1, 0, 1, 1, 1, 0, 2, 1, 1, 0, 0, 0, 0, 1, 1, 2, 1, 2, 0, 0, 2, 2, 1, 0, 1, 2, 1, 2, 1, 1, 1, 1, 1, 1, 0, 1, 2, 0, 2, 0, 1, 2, 1, 2, 0, 1, 0, 1, 2, 0, 0, 1, 2, 0, 0, 1, 0, 0, 1, 2, 0]|[4, 3, 2, 2, 4, 1, 2, 2, 2, 4, 1, 1, 2, 4, 4, 1, 2, 4, 2, 1, 1, 1, 1, 2, 1, 2, 1, 1, 1, 1, 3, 2, 3, 1, 4, 0, 1, 1, 0, 3, 2, 2, 2, 0, 1, 1, 0, 4, 0, 1, 2, 2, 1, 4, 0, 3, 2, 1, 1, 1, 1, 3, 1, 1, 1, 3, 1, 4, 3, 1, 4, 1, 1, 0, 4, 1, 1, 1, 1, 1, 1, 3, 1, 1, 1, 1, 3, 1, 2, 1, 4, 1, 2, 2, 1, 2, 2, 4, 1, 1]|[0, 2, 1, 1, 3, 0, 1, 0, 0, 0, 0, 0, 1, 0, 1, 0, 0, 3, 1, 0, 0, 0, 3, 1, 0, 2, 0, 0, 0, 1, 0, 0, 0, 0, 3, 0, 1, 0, 0, 2, 1, 1, 1, 0, 0, 0, 0, 2, 1, 0, 0, 0, 1, 3, 0, 0, 1, 0, 0, 0, 0, 2, 0, 1, 0, 2, 0, 0, 0, 1, 1, 3, 1, 1, 3, 0, 0, 0, 0, 2, 0, 0, 0, 0, 1, 0, 2, 0, 1, 0, 0, 0, 1, 0, 1, 0, 0, 2, 0, 1],783.8251551824545,55747.25239838225,96864.92339261314,false
22,G2_TEC,G2_TEC,[31, 22, 82, 15, 26, 9, 95, 42, 77, 68, 47, 5, 93, 78, 86, 54, 85, 63, 18, 44, 20, 49, 36, 14, 74, 50, 53, 17, 21, 28, 71, 64, 3, 23, 30, 83, 24, 41, 40, 52, 65, 27, 90, 70, 39, 87, 48, 69, 99, 4, 46, 1, 13, 58, 97, 59, 45, 8, 73, 37, 35, 79, 11, 66, 76, 32, 60, 80, 96, 6, 16, 61, 19, 7, 57, 34, 12, 67, 10, 98, 56, 88, 29, 75, 91, 38, 33, 92, 2, 84, 51, 72, 81, 25, 43, 55, 62, 89, 94, 0]|[2, 1, 2, 1, 1, 2, 1, 1, 1, 1, 1, 0, 2, 2, 1, 2, 0, 0, 0, 2, 2, 1, 0, 2, 0, 2, 2, 1, 0, 1, 1, 1, 0, 0, 1, 0, 2, 1, 2, 2, 0, 0, 1, 1, 0, 2, 0, 2, 1, 0, 0, 2, 0, 0, 2, 0, 1, 1, 0, 0, 2, 1, 0, 2, 2, 0, 2, 2, 0, 1, 2, 1, 1, 2, 0, 1, 1, 1, 1, 2, 2, 1, 1, 0, 1, 0, 1, 0, 2, 0, 1, 1, 1, 1, 1, 0, 1, 1, 2, 0]|[0, 3, 0, 3, 4, 1, 4, 4, 2, 4, 3, 2, 1, 0, 2, 1, 1, 1, 2, 1, 1, 3, 0, 1, 0, 1, 1, 4, 1, 4, 3, 2, 2, 0, 4, 1, 1, 4, 0, 1, 2, 1, 4, 4, 1, 1, 0, 2, 3, 1, 2, 1, 2, 1, 1, 2, 4, 3, 0, 2, 2, 3, 1, 0, 1, 2, 0, 1, 2, 4, 1, 3, 4, 1, 2, 4, 3, 3, 3, 1, 1, 4, 3, 2, 3, 2, 4, 2, 1, 2, 3, 4, 4, 4, 4, 2, 3, 4, 1, 2]|[0, 2, 0, 0, 3, 0, 1, 3, 0, 0, 2, 0, 1, 0, 1, 0, 0, 0, 1, 0, 0, 2, 0, 0, 1, 0, 0, 3, 0, 1, 0, 2, 0, 0, 3, 0, 1, 3, 0, 0, 0, 0, 1, 3, 0, 0, 1, 0, 2, 0, 0, 0, 0, 0, 1, 0, 1, 0, 1, 1, 0, 2, 0, 0, 0, 0, 0, 0, 0, 2, 0, 0, 1, 0, 0, 1, 0, 0, 3, 0, 0, 1, 0, 0, 0, 0, 1, 0, 0, 0, 0, 2, 1, 3, 2, 0, 0, 1, 0, 0],890.9074744783937,50673.96227735626,113466.60083846681,false
22,G3_TWC,G1_CMAX,[31, 22, 82, 15, 26, 9, 42, 95, 77, 12, 47, 5, 93, 78, 86, 54, 85, 63, 18, 44, 20, 35, 43, 97, 91, 76, 10, 30, 21, 45, 71, 64, 1, 23, 17, 83, 24, 14, 60, 36, 6, 57, 94, 88, 65, 56, 79, 40, 67, 68, 46, 75, 38, 58, 19, 32, 81, 41, 27, 62, 87, 90, 99, 59, 11, 16, 72, 73, 69, 39, 37, 84, 3, 92, 25, 55, 28, 29, 51, 7, 33, 61, 98, 66, 89, 50, 8, 96, 53, 80, 4, 48, 34, 2, 52, 13, 0, 70, 49, 74]|[1, 1, 0, 1, 1, 1, 2, 1, 2, 1, 2, 2, 2, 1, 1, 0, 0, 1, 0, 2, 2, 0, 1, 2, 0, 1, 2, 2, 0, 0, 1, 2, 1, 2, 1, 0, 2, 0, 1, 1, 0, 1, 1, 1, 0, 2, 1, 1, 0, 0, 0, 0, 1, 1, 2, 1, 2, 0, 0, 0, 2, 1, 0, 1, 2, 1, 2, 1, 1, 1, 1, 1, 1, 0, 1, 2, 0, 0, 0, 1, 2, 1, 0, 2, 1, 0, 1, 0, 0, 0, 0, 0, 2, 0, 1, 0, 0, 1, 0, 2]|[4, 3, 2, 2, 0, 0, 2, 2, 2, 4, 1, 1, 2, 4, 4, 1, 2, 4, 2, 1, 1, 1, 1, 2, 1, 2, 1, 1, 1, 1, 3, 2, 3, 0, 4, 0, 1, 1, 0, 3, 2, 2, 2, 0, 1, 1, 0, 4, 0, 1, 2, 2, 1, 4, 0, 3, 2, 1, 1, 2, 1, 3, 1, 1, 1, 3, 0, 4, 3, 1, 4, 1, 1, 0, 4, 1, 2, 1, 1, 3, 1, 3, 1, 1, 1, 1, 3, 1, 2, 1, 2, 1, 1, 2, 1, 2, 2, 3, 1, 1]|[0, 2, 1, 1, 3, 3, 0, 1, 0, 0, 0, 0, 1, 0, 1, 0, 0, 3, 1, 0, 0, 0, 3, 1, 0, 2, 0, 0, 0, 1, 0, 0, 0, 0, 3, 0, 1, 0, 0, 2, 1, 1, 1, 0, 0, 0, 0, 2, 1, 0, 0, 0, 1, 3, 0, 0, 1, 0, 0, 1, 0, 2, 0, 1, 0, 2, 1, 0, 0, 1, 1, 3, 1, 1, 3, 0, 1, 0, 0, 2, 0, 0, 0, 0, 1, 0, 2, 0, 1, 0, 1, 0, 0, 0, 1, 0, 0, 0, 1, 0],801.427594812029,57868.49349465401,91455.85780813712,true
22,G1_CMAX,G4_BALANCED,[31, 22, 82, 15, 26, 9, 95, 42, 77, 68, 47, 5, 93, 78, 86, 54, 85, 63, 18, 44, 20, 49, 36, 14, 74, 50, 53, 17, 21, 28, 71, 64, 3, 23, 30, 83, 24, 41, 60, 52, 65, 27, 90, 70, 39, 87, 48, 69, 99, 4, 46, 1, 13, 58, 97, 59, 45, 8, 73, 37, 35, 79, 11, 66, 76, 32, 40, 80, 96, 6, 16, 61, 33, 7, 57, 34, 12, 67, 10, 98, 56, 88, 29, 75, 91, 38, 19, 92, 43, 84, 51, 72, 81, 62, 2, 55, 0, 89, 94, 25]|[2, 1, 2, 1, 1, 2, 1, 1, 1, 1, 1, 0, 2, 2, 1, 2, 0, 0, 0, 2, 2, 1, 0, 2, 0, 2, 2, 1, 0, 1, 1, 1, 0, 0, 1, 0, 2, 1, 2, 2, 0, 0, 1, 1, 0, 2, 0, 2, 1, 0, 0, 2, 0, 0, 2, 0, 1, 1, 0, 0, 2, 1, 0, 2, 2, 0, 2, 2, 0, 1, 2, 1, 1, 2, 0, 1, 1, 1, 1, 2, 2, 1, 1, 0, 1, 0, 1, 0, 1, 0, 1, 1, 1, 1, 2, 0, 0, 1, 2, 1]|[0, 3, 0, 3, 4, 1, 4, 4, 2, 4, 3, 2, 1, 0, 2, 1, 1, 1, 2, 1, 1, 3, 0, 1, 0, 1, 1, 4, 1, 4, 3, 2, 2, 0, 4, 1, 1, 4, 0, 1, 2, 1, 4, 4, 1, 1, 0, 2, 3, 1, 2, 1, 2, 1, 1, 2, 4, 3, 0, 2, 2, 3, 1, 0, 1, 2, 0, 1, 2, 4, 1, 3, 4, 1, 2, 4, 3, 3, 3, 1, 1, 4, 3, 2, 3, 2, 4, 2, 4, 2, 3, 4, 1, 3, 1, 2, 2, 4, 1, 4]|[0, 2, 0, 0, 3, 0, 1, 3, 0, 0, 2, 0, 1, 0, 1, 0, 0, 0, 1, 0, 0, 2, 0, 0, 1, 0, 0, 3, 0, 1, 0, 2, 0, 1, 3, 0, 1, 3, 1, 0, 0, 0, 1, 3, 0, 0, 1, 0, 2, 0, 0, 0, 0, 0, 1, 0, 1, 0, 1, 1, 0, 2, 0, 0, 0, 0, 0, 0, 0, 2, 0, 0, 1, 0, 0, 1, 0, 0, 3, 0, 0, 1, 0, 0, 0, 0, 3, 0, 2, 0, 0, 2, 1, 0, 0, 0, 0, 1, 0, 3],851.9092314412391,51705.36297778711,107381.05157087493,true
22,G4_BALANCED,G4_BALANCED,[31, 22, 82, 15, 26, 9, 95, 42, 77, 68, 47, 5, 93, 78, 86, 54, 85, 63, 18, 44, 20, 49, 36, 14, 74, 50, 53, 17, 21, 28, 71, 64, 3, 23, 30, 83, 24, 41, 40, 52, 65, 27, 90, 70, 39, 87, 48, 69, 99, 4, 46, 1, 13, 58, 97, 61, 45, 8, 73, 37, 35, 79, 11, 66, 76, 32, 60, 80, 96, 6, 16, 59, 19, 7, 57, 34, 12, 67, 10, 98, 56, 84, 29, 75, 33, 38, 91, 92, 43, 88, 51, 72, 81, 25, 2, 55, 62, 89, 94, 0]|[2, 1, 2, 1, 1, 2, 1, 1, 1, 1, 1, 0, 2, 2, 1, 2, 0, 0, 0, 2, 2, 1, 0, 2, 0, 2, 2, 1, 0, 1, 1, 1, 0, 0, 1, 0, 2, 1, 2, 2, 0, 0, 1, 1, 0, 2, 0, 2, 1, 0, 0, 2, 0, 0, 2, 0, 1, 1, 0, 0, 2, 1, 0, 2, 2, 0, 2, 2, 0, 1, 2, 1, 1, 2, 0, 1, 1, 1, 1, 2, 2, 0, 1, 0, 1, 0, 1, 0, 1, 1, 1, 1, 1, 1, 2, 0, 1, 1, 2, 0]|[0, 3, 0, 3, 4, 1, 4, 4, 2, 4, 3, 2, 1, 0, 2, 1, 1, 1, 2, 1, 1, 3, 0, 1, 0, 1, 1, 4, 1, 4, 3, 2, 2, 0, 4, 1, 1, 4, 0, 1, 2, 1, 4, 4, 1, 1, 0, 2, 3, 1, 2, 1, 2, 1, 1, 2, 4, 3, 0, 2, 2, 3, 1, 0, 1, 2, 0, 1, 2, 4, 1, 3, 4, 1, 2, 4, 3, 3, 3, 1, 1, 2, 3, 2, 4, 2, 3, 2, 4, 4, 3, 4, 4, 4, 1, 2, 3, 4, 1, 2]|[0, 2, 0, 0, 3, 0, 1, 3, 0, 0, 2, 0, 1, 0, 1, 0, 0, 0, 1, 0, 0, 2, 0, 0, 1, 0, 0, 3, 0, 1, 0, 2, 0, 0, 3, 0, 1, 3, 0, 0, 0, 0, 1, 3, 0, 0, 1, 0, 2, 0, 0, 0, 0, 0, 1, 0, 1, 0, 1, 1, 0, 2, 0, 0, 0, 0, 0, 0, 0, 2, 0, 0, 1, 0, 0, 1, 0, 0, 3, 0, 0, 0, 0, 0, 1, 0, 0, 0, 2, 1, 0, 2, 1, 3, 0, 0, 0, 1, 0, 0],877.0794208926872,50826.48492480251,113673.32643099636,false
22,G2_TEC,G4_BALANCED,[31, 22, 82, 15, 26, 9, 95, 42, 77, 68, 47, 5, 93, 78, 86, 54, 85, 63, 18, 44, 20, 49, 36, 14, 74, 50, 53, 17, 21, 28, 11, 64, 3, 23, 30, 83, 24, 41, 40, 52, 65, 27, 90, 70, 39, 87, 48, 69, 99, 4, 46, 1, 13, 58, 97, 59, 45, 8, 73, 37, 35, 79, 71, 66, 76, 32, 60, 80, 96, 6, 16, 61, 33, 7, 57, 34, 12, 67, 10, 98, 56, 88, 29, 25, 91, 38, 0, 92, 43, 84, 51, 72, 81, 75, 2, 55, 62, 89, 94, 19]|[2, 1, 2, 1, 1, 2, 1, 1, 1, 1, 1, 0, 2, 2, 1, 2, 0, 0, 0, 2, 2, 1, 0, 2, 0, 2, 2, 1, 0, 1, 1, 1, 0, 0, 1, 0, 2, 1, 2, 2, 0, 0, 1, 1, 0, 2, 0, 2, 1, 0, 0, 2, 0, 0, 2, 0, 1, 1, 0, 0, 2, 1, 1, 2, 2, 0, 2, 2, 0, 1, 2, 1, 1, 2, 0, 1, 1, 1, 1, 2, 2, 1, 1, 0, 1, 0, 0, 0, 1, 0, 1, 1, 1, 0, 2, 0, 1, 1, 2, 1]|[0, 3, 0, 3, 4, 1, 4, 4, 2, 4, 3, 2, 1, 0, 2, 1, 1, 1, 2, 1, 1, 3, 0, 1, 0, 1, 1, 4, 1, 4, 3, 2, 2, 0, 4, 1, 1, 4, 0, 1, 2, 1, 4, 4, 1, 1, 0, 2, 3, 2, 2, 1, 2, 1, 1, 2, 4, 3, 0, 2, 2, 3, 3, 0, 1, 2, 0, 1, 2, 4, 1, 3, 4, 1, 2, 4, 3, 3, 3, 1, 1, 4, 3, 2, 3, 2, 2, 2, 4, 2, 3, 4, 4, 2, 1, 2, 3, 4, 1, 4]|[0, 2, 0, 0, 3, 0, 1, 3, 0, 0, 2, 0, 1, 0, 1, 0, 0, 0, 1, 0, 0, 2, 0, 0, 1, 0, 0, 3, 0, 1, 0, 2, 0, 0, 3, 0, 1, 3, 0, 0, 0, 0, 1, 3, 0, 0, 1, 0, 2, 0, 0, 0, 0, 0, 1, 0, 1, 0, 1, 1, 0, 2, 0, 0, 0, 0, 0, 0, 0, 2, 0, 0, 1, 0, 0, 1, 0, 0, 3, 0, 0, 1, 0, 0, 0, 0, 0, 0, 2, 0, 0, 2, 1, 0, 0, 0, 0, 1, 0, 1],906.5768941555567,50484.03413996969,114606.36793336812,true
22,G3_TWC,G1_CMAX,[31, 22, 82, 15, 26, 9, 42, 95, 77, 12, 47, 5, 93, 78, 86, 54, 85, 63, 18, 44, 20, 35, 43, 97, 91, 76, 10, 30, 21, 45, 71, 64, 1, 23, 17, 83, 24, 14, 60, 36, 6, 57, 94, 88, 65, 56, 79, 40, 67, 68, 46, 75, 38, 58, 19, 32, 81, 41, 27, 62, 87, 90, 99, 59, 11, 16, 72, 73, 69, 39, 37, 84, 3, 92, 25, 55, 28, 29, 51, 7, 33, 61, 98, 66, 89, 50, 8, 96, 53, 80, 4, 48, 34, 2, 52, 13, 0, 70, 49, 74]|[1, 1, 0, 1, 1, 1, 2, 1, 2, 1, 2, 2, 2, 1, 1, 0, 0, 1, 0, 2, 2, 0, 1, 2, 0, 1, 2, 2, 0, 0, 1, 2, 1, 2, 1, 0, 2, 0, 1, 1, 0, 1, 1, 1, 0, 2, 1, 1, 0, 0, 0, 0, 1, 1, 2, 1, 2, 0, 0, 0, 2, 1, 0, 1, 2, 1, 2, 1, 1, 1, 1, 1, 1, 0, 1, 2, 0, 0, 0, 1, 2, 1, 0, 2, 1, 0, 1, 0, 0, 0, 0, 0, 2, 0, 1, 0, 0, 1, 0, 2]|[4, 3, 2, 2, 0, 0, 2, 2, 2, 4, 1, 1, 2, 4, 4, 1, 2, 4, 2, 1, 1, 1, 1, 2, 1, 2, 1, 1, 1, 1, 3, 2, 3, 0, 4, 0, 1, 1, 0, 3, 2, 2, 2, 0, 1, 1, 0, 4, 0, 1, 2, 2, 1, 4, 0, 3, 2, 1, 1, 2, 1, 3, 1, 1, 1, 3, 0, 4, 3, 1, 4, 1, 1, 0, 4, 1, 2, 1, 1, 3, 1, 3, 1, 1, 1, 1, 3, 1, 2, 1, 2, 1, 1, 2, 1, 2, 2, 3, 1, 1]|[0, 2, 1, 1, 3, 3, 0, 1, 0, 0, 0, 0, 1, 0, 1, 0, 0, 3, 1, 0, 0, 0, 3, 1, 0, 2, 0, 0, 0, 1, 0, 0, 0, 0, 3, 0, 1, 0, 0, 2, 1, 1, 1, 0, 0, 0, 0, 2, 1, 0, 0, 0, 1, 3, 0, 0, 1, 0, 0, 1, 0, 2, 0, 1, 0, 2, 1, 0, 0, 1, 1, 3, 1, 1, 3, 0, 1, 0, 0, 2, 0, 0, 0, 0, 1, 0, 2, 0, 1, 0, 1, 0, 0, 0, 1, 0, 0, 0, 1, 0],801.427594812029,57868.49349465401,91455.85780813712,true
22,G1_CMAX,G1_CMAX,[31, 22, 82, 15, 26, 9, 42, 77, 12, 5, 47, 93, 78, 86, 54, 6, 63, 18, 44, 20, 35, 43, 97, 91, 76, 10, 30, 21, 45, 17, 23, 1, 71, 83, 24, 14, 60, 36, 85, 57, 40, 95, 88, 65, 56, 79, 94, 67, 68, 46, 75, 38, 58, 19, 32, 81, 41, 62, 87, 28, 90, 59, 11, 16, 72, 73, 69, 52, 37, 64, 84, 3, 25, 29, 55, 51, 7, 98, 61, 66, 99, 33, 89, 48, 50, 96, 53, 80, 4, 8, 27, 2, 39, 13, 0, 92, 49, 74, 34, 70]|[1, 1, 0, 1, 1, 1, 2, 2, 1, 2, 2, 1, 1, 1, 0, 0, 1, 0, 2, 2, 0, 1, 2, 2, 1, 2, 2, 0, 0, 1, 2, 1, 1, 0, 2, 0, 1, 1, 0, 1, 1, 1, 1, 0, 2, 1, 1, 0, 0, 0, 0, 1, 1, 2, 1, 2, 0, 0, 2, 0, 1, 2, 2, 1, 2, 1, 1, 1, 1, 1, 1, 2, 1, 0, 2, 0, 1, 2, 1, 0, 0, 2, 1, 0, 0, 2, 0, 0, 1, 1, 0, 0, 1, 0, 0, 0, 0, 2, 2, 1]|[0, 3, 1, 2, 0, 0, 1, 1, 4, 1, 1, 4, 4, 4, 2, 2, 4, 2, 1, 1, 1, 1, 2, 1, 2, 1, 1, 1, 1, 4, 0, 3, 3, 0, 1, 1, 0, 3, 2, 2, 2, 2, 0, 1, 1, 0, 4, 0, 1, 2, 2, 1, 4, 0, 3, 2, 1, 2, 1, 2, 3, 1, 1, 3, 0, 4, 4, 1, 4, 3, 1, 2, 4, 1, 1, 1, 1, 1, 3, 1, 1, 1, 1, 1, 1, 1, 2, 1, 4, 3, 2, 2, 1, 2, 2, 0, 1, 1, 1, 4]|[1, 1, 1, 1, 3, 3, 0, 0, 0, 0, 0, 2, 0, 1, 0, 0, 3, 1, 0, 0, 0, 3, 1, 0, 2, 0, 0, 0, 1, 3, 0, 0, 0, 0, 1, 0, 0, 2, 1, 1, 1, 1, 0, 0, 0, 0, 2, 1, 0, 0, 0, 1, 3, 0, 0, 1, 0, 1, 0, 1, 2, 0, 0, 2, 1, 0, 2, 1, 1, 0, 3, 1, 3, 0, 0, 0, 2, 0, 0, 0, 0, 0, 1, 0, 0, 0, 1, 0, 0, 2, 1, 0, 1, 0, 0, 1, 1, 0, 0, 2],733.3116759547878,58140.55643565909,96674.14109675489,false
22,G4_BALANCED,G4_BALANCED,[31, 11, 15, 82, 26, 9, 95, 32, 77, 68, 47, 5, 93, 78, 86, 54, 85, 63, 18, 44, 20, 49, 36, 14, 74, 50, 53, 17, 21, 45, 71, 64, 3, 23, 30, 83, 24, 41, 60, 52, 65, 27, 90, 70, 39, 87, 48, 69, 99, 4, 46, 1, 13, 58, 97, 59, 28, 75, 73, 37, 35, 79, 22, 66, 76, 42, 40, 80, 96, 6, 16, 61, 33, 7, 57, 34, 12, 67, 10, 98, 56, 88, 29, 8, 91, 38, 19, 92, 43, 84, 51, 72, 81, 25, 94, 55, 0, 89, 2, 62]|[2, 1, 1, 2, 1, 2, 1, 1, 1, 1, 1, 0, 2, 2, 1, 2, 0, 0, 0, 2, 2, 1, 0, 2, 0, 2, 2, 1, 0, 1, 1, 1, 0, 0, 1, 0, 2, 1, 2, 2, 0, 0, 1, 1, 0, 2, 0, 2, 1, 0, 0, 2, 0, 0, 2, 0, 1, 0, 0, 0, 2, 1, 0, 2, 2, 0, 2, 2, 0, 1, 2, 1, 1, 2, 0, 1, 1, 1, 1, 2, 2, 1, 1, 1, 1, 0, 1, 0, 1, 0, 1, 1, 1, 1, 2, 0, 0, 1, 2, 1]|[1, 3, 2, 0, 4, 1, 4, 4, 2, 4, 3, 2, 1, 0, 2, 1, 1, 1, 2, 1, 1, 3, 0, 1, 0, 1, 1, 4, 1, 4, 3, 2, 2, 0, 4, 1, 1, 4, 0, 1, 2, 1, 4, 4, 1, 1, 0, 2, 3, 1, 2, 1, 2, 1, 1, 2, 4, 2, 0, 2, 2, 3, 1, 0, 1, 2, 0, 1, 2, 4, 1, 3, 4, 1, 2, 4, 3, 3, 3, 1, 1, 4, 3, 3, 3, 2, 4, 2, 4, 2, 3, 4, 1, 4, 1, 2, 2, 4, 1, 3]|[1, 2, 1, 0, 3, 0, 1, 3, 0, 0, 2, 0, 1, 0, 1, 0, 0, 0, 1, 0, 0, 2, 0, 0, 1, 0, 0, 3, 0, 1, 0, 2, 0, 1, 3, 0, 1, 3, 1, 0, 0, 0, 1, 3, 0, 0, 1, 0, 2, 0, 0, 0, 0, 0, 1, 0, 1, 0, 1, 1, 0, 2, 0, 0, 0, 0, 0, 0, 0, 2, 0, 0, 1, 0, 0, 1, 0, 0, 3, 0, 0, 1, 0, 0, 0, 0, 3, 0, 2, 0, 0, 2, 1, 3, 0, 0, 0, 1, 0, 0],842.3358630601143,52535.59882498444,107349.69971746493,false
22,G2_TEC,G4_BALANCED,[31, 22, 82, 15, 26, 9, 95, 42, 77, 68, 47, 5, 93, 78, 86, 54, 85, 63, 18, 44, 20, 49, 36, 14, 74, 50, 53, 17, 21, 28, 11, 64, 3, 23, 30, 83, 24, 41, 40, 52, 65, 27, 90, 70, 39, 87, 48, 69, 99, 4, 46, 1, 13, 58, 97, 59, 45, 8, 73, 37, 35, 79, 71, 66, 76, 32, 60, 80, 96, 6, 16, 61, 33, 7, 57, 34, 12, 67, 10, 98, 56, 88, 29, 25, 91, 38, 0, 92, 43, 84, 51, 72, 81, 75, 2, 55, 62, 89, 94, 19]|[2, 1, 2, 1, 1, 2, 1, 1, 1, 1, 1, 0, 2, 2, 1, 2, 0, 0, 0, 2, 2, 1, 0, 2, 0, 2, 2, 1, 0, 1, 1, 1, 0, 0, 1, 0, 2, 1, 2, 2, 0, 0, 1, 1, 0, 2, 0, 2, 1, 0, 0, 2, 0, 0, 2, 0, 1, 1, 0, 0, 2, 1, 1, 2, 2, 0, 2, 2, 0, 1, 2, 1, 1, 2, 0, 1, 1, 1, 1, 2, 2, 1, 1, 0, 1, 0, 0, 0, 1, 0, 1, 1, 1, 0, 2, 0, 1, 1, 2, 1]|[0, 3, 0, 3, 4, 1, 4, 4, 2, 4, 3, 2, 1, 0, 2, 1, 1, 1, 2, 1, 1, 3, 0, 1, 0, 1, 1, 4, 1, 4, 3, 2, 2, 0, 4, 1, 1, 4, 0, 1, 2, 1, 4, 4, 1, 1, 0, 2, 3, 2, 2, 1, 2, 1, 1, 2, 4, 3, 0, 2, 2, 3, 3, 0, 1, 2, 0, 1, 2, 4, 1, 3, 4, 1, 2, 4, 3, 3, 3, 1, 1, 4, 3, 2, 3, 2, 2, 2, 4, 2, 3, 4, 4, 2, 1, 2, 3, 4, 1, 4]|[0, 2, 0, 0, 3, 0, 1, 3, 0, 0, 2, 0, 1, 0, 1, 0, 0, 0, 1, 0, 0, 2, 0, 0, 1, 0, 0, 3, 0, 1, 0, 2, 0, 0, 3, 0, 1, 3, 0, 0, 0, 0, 1, 3, 0, 0, 1, 0, 2, 0, 0, 0, 0, 0, 1, 0, 1, 0, 1, 1, 0, 2, 0, 0, 0, 0, 0, 0, 0, 2, 0, 0, 1, 0, 0, 1, 0, 0, 3, 0, 0, 1, 0, 0, 0, 0, 0, 0, 2, 0, 0, 2, 1, 0, 0, 0, 0, 1, 0, 1],906.5768941555567,50484.03413996969,114606.36793336812,true
22,G3_TWC,G1_CMAX,[31, 22, 82, 15, 26, 9, 42, 95, 77, 12, 47, 5, 93, 78, 86, 54, 85, 63, 18, 44, 20, 35, 43, 97, 91, 76, 10, 30, 21, 45, 71, 64, 1, 23, 17, 83, 24, 14, 60, 36, 6, 57, 94, 88, 65, 56, 79, 40, 67, 68, 46, 75, 38, 58, 19, 32, 81, 41, 27, 62, 87, 90, 99, 59, 11, 16, 72, 73, 69, 39, 37, 84, 3, 92, 25, 55, 28, 29, 51, 7, 33, 61, 98, 66, 89, 50, 8, 96, 53, 80, 4, 48, 34, 2, 52, 13, 0, 70, 49, 74]|[1, 1, 0, 1, 1, 1, 2, 1, 2, 1, 2, 2, 2, 1, 1, 0, 0, 1, 0, 2, 2, 0, 1, 2, 0, 1, 2, 2, 0, 0, 1, 2, 1, 2, 1, 0, 2, 0, 1, 1, 0, 1, 1, 1, 0, 2, 1, 1, 0, 0, 0, 0, 1, 1, 2, 1, 2, 0, 0, 0, 2, 1, 0, 1, 2, 1, 2, 1, 1, 1, 1, 1, 1, 0, 1, 2, 0, 0, 0, 1, 2, 1, 0, 2, 1, 0, 1, 0, 0, 0, 0, 0, 2, 0, 1, 0, 0, 1, 0, 2]|[4, 3, 2, 2, 0, 0, 2, 2, 2, 4, 1, 1, 2, 4, 4, 1, 2, 4, 2, 1, 1, 1, 1, 2, 1, 2, 1, 1, 1, 1, 3, 2, 3, 0, 4, 0, 1, 1, 0, 3, 2, 2, 2, 0, 1, 1, 0, 4, 0, 1, 2, 2, 1, 4, 0, 3, 2, 1, 1, 2, 1, 3, 1, 1, 1, 3, 0, 4, 3, 1, 4, 1, 1, 0, 4, 1, 2, 1, 1, 3, 1, 3, 1, 1, 1, 1, 3, 1, 2, 1, 2, 1, 1, 2, 1, 2, 2, 3, 1, 1]|[0, 2, 1, 1, 3, 3, 0, 1, 0, 0, 0, 0, 1, 0, 1, 0, 0, 3, 1, 0, 0, 0, 3, 1, 0, 2, 0, 0, 0, 1, 0, 0, 0, 0, 3, 0, 1, 0, 0, 2, 1, 1, 1, 0, 0, 0, 0, 2, 1, 0, 0, 0, 1, 3, 0, 0, 1, 0, 0, 1, 0, 2, 0, 1, 0, 2, 1, 0, 0, 1, 1, 3, 1, 1, 3, 0, 1, 0, 0, 2, 0, 0, 0, 0, 1, 0, 2, 0, 1, 0, 1, 0, 0, 0, 1, 0, 0, 0, 1, 0],801.427594812029,57868.49349465401,91455.85780813712,true
22,G1_CMAX,G1_CMAX,[31, 22, 82, 15, 26, 9, 42, 77, 12, 5, 47, 93, 78, 86, 54, 6, 63, 18, 44, 20, 35, 43, 97, 91, 76, 10, 30, 21, 45, 17, 23, 1, 71, 83, 24, 14, 60, 36, 85, 57, 40, 95, 88, 65, 56, 79, 94, 67, 68, 46, 75, 38, 58, 19, 32, 81, 41, 62, 87, 28, 90, 59, 11, 16, 72, 73, 69, 52, 37, 64, 84, 3, 25, 29, 55, 51, 7, 98, 61, 66, 99, 33, 89, 48, 50, 96, 53, 80, 4, 8, 27, 2, 39, 13, 0, 92, 49, 74, 34, 70]|[1, 1, 0, 1, 1, 1, 2, 2, 1, 2, 2, 1, 1, 1, 0, 0, 1, 0, 2, 2, 0, 1, 2, 2, 1, 2, 2, 0, 0, 1, 2, 1, 1, 0, 2, 0, 1, 1, 0, 1, 1, 1, 1, 0, 2, 1, 1, 0, 0, 0, 0, 1, 1, 2, 1, 2, 0, 0, 2, 0, 1, 2, 2, 1, 2, 1, 1, 1, 1, 1, 1, 2, 1, 0, 2, 0, 1, 2, 1, 0, 0, 2, 1, 0, 0, 2, 0, 0, 1, 1, 0, 0, 1, 0, 0, 0, 0, 2, 2, 1]|[0, 3, 1, 2, 0, 0, 1, 1, 4, 1, 1, 4, 4, 4, 2, 2, 4, 2, 1, 1, 1, 1, 2, 1, 2, 1, 1, 1, 1, 4, 0, 3, 3, 0, 1, 1, 0, 3, 2, 2, 2, 2, 0, 1, 1, 0, 4, 0, 1, 2, 2, 1, 4, 0, 3, 2, 1, 2, 1, 2, 3, 1, 1, 3, 0, 4, 4, 1, 4, 3, 1, 2, 4, 1, 1, 1, 1, 1, 3, 1, 1, 1, 1, 1, 1, 1, 2, 1, 4, 3, 2, 2, 1, 2, 2, 0, 1, 1, 1, 4]|[1, 1, 1, 1, 3, 3, 0, 0, 0, 0, 0, 2, 0, 1, 0, 0, 3, 1, 0, 0, 0, 3, 1, 0, 2, 0, 0, 0, 1, 3, 0, 0, 0, 0, 1, 0, 0, 2, 1, 1, 1, 1, 0, 0, 0, 0, 2, 1, 0, 0, 0, 1, 3, 0, 0, 1, 0, 1, 0, 1, 2, 0, 0, 2, 1, 0, 2, 1, 1, 0, 3, 1, 3, 0, 0, 0, 2, 0, 0, 0, 0, 0, 1, 0, 0, 0, 1, 0, 0, 2, 1, 0, 1, 0, 0, 1, 1, 0, 0, 2],733.3116759547878,58140.55643565909,96674.14109675489,false
22,G4_BALANCED,G4_BALANCED,[31, 11, 15, 82, 26, 9, 95, 32, 77, 68, 47, 5, 93, 78, 86, 54, 85, 63, 18, 44, 20, 49, 36, 14, 74, 50, 53, 17, 21, 45, 71, 64, 3, 23, 30, 83, 24, 41, 60, 52, 65, 27, 90, 70, 39, 87, 48, 69, 99, 4, 46, 1, 13, 58, 97, 59, 28, 75, 73, 37, 35, 79, 22, 66, 76, 42, 40, 80, 96, 6, 16, 61, 33, 7, 57, 34, 12, 67, 10, 98, 56, 88, 29, 8, 91, 38, 19, 92, 43, 84, 51, 72, 81, 25, 94, 55, 0, 89, 2, 62]|[2, 1, 1, 2, 1, 2, 1, 1, 1, 1, 1, 0, 2, 2, 1, 2, 0, 0, 0, 2, 2, 1, 0, 2, 0, 2, 2, 1, 0, 1, 1, 1, 0, 0, 1, 0, 2, 1, 2, 2, 0, 0, 1, 1, 0, 2, 0, 2, 1, 0, 0, 2, 0, 0, 2, 0, 1, 0, 0, 0, 2, 1, 0, 2, 2, 0, 2, 2, 0, 1, 2, 1, 1, 2, 0, 1, 1, 1, 1, 2, 2, 1, 1, 1, 1, 0, 1, 0, 1, 0, 1, 1, 1, 1, 2, 0, 0, 1, 2, 1]|[1, 3, 2, 0, 4, 1, 4, 4, 2, 4, 3, 2, 1, 0, 2, 1, 1, 1, 2, 1, 1, 3, 0, 1, 0, 1, 1, 4, 1, 4, 3, 2, 2, 0, 4, 1, 1, 4, 0, 1, 2, 1, 4, 4, 1, 1, 0, 2, 3, 1, 2, 1, 2, 1, 1, 2, 4, 2, 0, 2, 2, 3, 1, 0, 1, 2, 0, 1, 2, 4, 1, 3, 4, 1, 2, 4, 3, 3, 3, 1, 1, 4, 3, 3, 3, 2, 4, 2, 4, 2, 3, 4, 1, 4, 1, 2, 2, 4, 1, 3]|[1, 2, 1, 0, 3, 0, 1, 3, 0, 0, 2, 0, 1, 0, 1, 0, 0, 0, 1, 0, 0, 2, 0, 0, 1, 0, 0, 3, 0, 1, 0, 2, 0, 1, 3, 0, 1, 3, 1, 0, 0, 0, 1, 3, 0, 0, 1, 0, 2, 0, 0, 0, 0, 0, 1, 0, 1, 0, 1, 1, 0, 2, 0, 0, 0, 0, 0, 0, 0, 2, 0, 0, 1, 0, 0, 1, 0, 0, 3, 0, 0, 1, 0, 0, 0, 0, 3, 0, 2, 0, 0, 2, 1, 3, 0, 0, 0, 1, 0, 0],842.3358630601143,52535.59882498444,107349.69971746493,false
22,G2_TEC,G4_BALANCED,[31, 22, 82, 15, 26, 9, 95, 42, 77, 68, 47, 5, 93, 78, 86, 54, 85, 63, 18, 44, 20, 49, 36, 14, 74, 50, 53, 17, 21, 28, 11, 64, 3, 23, 30, 83, 24, 41, 40, 52, 65, 27, 90, 70, 39, 87, 48, 69, 99, 4, 46, 1, 13, 58, 97, 59, 45, 8, 73, 37, 35, 79, 71, 66, 76, 32, 60, 80, 96, 6, 16, 61, 33, 7, 57, 34, 12, 67, 10, 98, 56, 88, 29, 25, 91, 38, 0, 92, 43, 84, 51, 72, 81, 75, 2, 55, 62, 89, 94, 19]|[2, 1, 2, 1, 1, 2, 1, 1, 1, 1, 1, 0, 2, 2, 1, 2, 0, 0, 0, 2, 2, 1, 0, 2, 0, 2, 2, 1, 0, 1, 1, 1, 0, 0, 1, 0, 2, 1, 2, 2, 0, 0, 1, 1, 0, 2, 0, 2, 1, 0, 0, 2, 0, 0, 2, 0, 1, 1, 0, 0, 2, 1, 1, 2, 2, 0, 2, 2, 0, 1, 2, 1, 1, 2, 0, 1, 1, 1, 1, 2, 2, 1, 1, 0, 1, 0, 0, 0, 1, 0, 1, 1, 1, 0, 2, 0, 1, 1, 2, 1]|[0, 3, 0, 3, 4, 1, 4, 4, 2, 4, 3, 2, 1, 0, 2, 1, 1, 1, 2, 1, 1, 3, 0, 1, 0, 1, 1, 4, 1, 4, 3, 2, 2, 0, 4, 1, 1, 4, 0, 1, 2, 1, 4, 4, 1, 1, 0, 2, 3, 2, 2, 1, 2, 1, 1, 2, 4, 3, 0, 2, 2, 3, 3, 0, 1, 2, 0, 1, 2, 4, 1, 3, 4, 1, 2, 4, 3, 3, 3, 1, 1, 4, 3, 2, 3, 2, 2, 2, 4, 2, 3, 4, 4, 2, 1, 2, 3, 4, 1, 4]|[0, 2, 0, 0, 3, 0, 1, 3, 0, 0, 2, 0, 1, 0, 1, 0, 0, 0, 1, 0, 0, 2, 0, 0, 1, 0, 0, 3, 0, 1, 0, 2, 0, 0, 3, 0, 1, 3, 0, 0, 0, 0, 1, 3, 0, 0, 1, 0, 2, 0, 0, 0, 0, 0, 1, 0, 1, 0, 1, 1, 0, 2, 0, 0, 0, 0, 0, 0, 0, 2, 0, 0, 1, 0, 0, 1, 0, 0, 3, 0, 0, 1, 0, 0, 0, 0, 0, 0, 2, 0, 0, 2, 1, 0, 0, 0, 0, 1, 0, 1],906.5768941555567,50484.03413996969,114606.36793336812,true
22,G3_TWC,G1_CMAX,[31, 22, 82, 15, 26, 9, 42, 95, 77, 12, 47, 5, 93, 78, 86, 54, 85, 63, 18, 44, 20, 35, 43, 97, 91, 76, 10, 30, 21, 45, 71, 64, 1, 23, 17, 83, 24, 14, 60, 36, 6, 57, 94, 88, 65, 56, 79, 40, 67, 68, 46, 75, 38, 58, 19, 32, 81, 41, 27, 62, 87, 90, 99, 59, 11, 16, 72, 73, 69, 39, 37, 84, 3, 92, 25, 55, 28, 29, 51, 7, 33, 61, 98, 66, 89, 50, 8, 96, 53, 80, 4, 48, 34, 2, 52, 13, 0, 70, 49, 74]|[1, 1, 0, 1, 1, 1, 2, 1, 2, 1, 2, 2, 2, 1, 1, 0, 0, 1, 0, 2, 2, 0, 1, 2, 0, 1, 2, 2, 0, 0, 1, 2, 1, 2, 1, 0, 2, 0, 1, 1, 0, 1, 1, 1, 0, 2, 1, 1, 0, 0, 0, 0, 1, 1, 2, 1, 2, 0, 0, 0, 2, 1, 0, 1, 2, 1, 2, 1, 1, 1, 1, 1, 1, 0, 1, 2, 0, 0, 0, 1, 2, 1, 0, 2, 1, 0, 1, 0, 0, 0, 0, 0, 2, 0, 1, 0, 0, 1, 0, 2]|[4, 3, 2, 2, 0, 0, 2, 2, 2, 4, 1, 1, 2, 4, 4, 1, 2, 4, 2, 1, 1, 1, 1, 2, 1, 2, 1, 1, 1, 1, 3, 2, 3, 0, 4, 0, 1, 1, 0, 3, 2, 2, 2, 0, 1, 1, 0, 4, 0, 1, 2, 2, 1, 4, 0, 3, 2, 1, 1, 2, 1, 3, 1, 1, 1, 3, 0, 4, 3, 1, 4, 1, 1, 0, 4, 1, 2, 1, 1, 3, 1, 3, 1, 1, 1, 1, 3, 1, 2, 1, 2, 1, 1, 2, 1, 2, 2, 3, 1, 1]|[0, 2, 1, 1, 3, 3, 0, 1, 0, 0, 0, 0, 1, 0, 1, 0, 0, 3, 1, 0, 0, 0, 3, 1, 0, 2, 0, 0, 0, 1, 0, 0, 0, 0, 3, 0, 1, 0, 0, 2, 1, 1, 1, 0, 0, 0, 0, 2, 1, 0, 0, 0, 1, 3, 0, 0, 1, 0, 0, 1, 0, 2, 0, 1, 0, 2, 1, 0, 0, 1, 1, 3, 1, 1, 3, 0, 1, 0, 0, 2, 0, 0, 0, 0, 1, 0, 2, 0, 1, 0, 1, 0, 0, 0, 1, 0, 0, 0, 1, 0],801.427594812029,57868.49349465401,91455.85780813712,true
22,G1_CMAX,G1_CMAX,[31, 22, 82, 15, 26, 9, 42, 77, 12, 5, 47, 93, 78, 86, 54, 6, 63, 18, 44, 20, 35, 43, 97, 91, 76, 10, 30, 21, 45, 17, 23, 1, 71, 83, 24, 14, 60, 36, 85, 57, 40, 95, 88, 65, 56, 79, 94, 67, 68, 46, 75, 38, 58, 19, 32, 81, 41, 62, 87, 28, 90, 59, 11, 16, 72, 73, 69, 52, 37, 64, 84, 3, 25, 29, 55, 51, 7, 98, 61, 66, 99, 33, 89, 48, 50, 96, 53, 80, 4, 8, 27, 2, 39, 13, 0, 92, 49, 74, 34, 70]|[1, 1, 0, 1, 1, 1, 2, 2, 1, 2, 2, 1, 1, 1, 0, 0, 1, 0, 2, 2, 0, 1, 2, 2, 1, 2, 2, 0, 0, 1, 2, 1, 1, 0, 2, 0, 1, 1, 0, 1, 1, 1, 1, 0, 2, 1, 1, 0, 0, 0, 0, 1, 1, 2, 1, 2, 0, 0, 2, 0, 1, 2, 2, 1, 2, 1, 1, 1, 1, 1, 1, 2, 1, 0, 2, 0, 1, 2, 1, 0, 0, 2, 1, 0, 0, 2, 0, 0, 1, 1, 0, 0, 1, 0, 0, 0, 0, 2, 2, 1]|[0, 3, 1, 2, 0, 0, 1, 1, 4, 1, 1, 4, 4, 4, 2, 2, 4, 2, 1, 1, 1, 1, 2, 1, 2, 1, 1, 1, 1, 4, 0, 3, 3, 0, 1, 1, 0, 3, 2, 2, 2, 2, 0, 1, 1, 0, 4, 0, 1, 2, 2, 1, 4, 0, 3, 2, 1, 2, 1, 2, 3, 1, 1, 3, 0, 4, 4, 1, 4, 3, 1, 2, 4, 1, 1, 1, 1, 1, 3, 1, 1, 1, 1, 1, 1, 1, 2, 1, 4, 3, 2, 2, 1, 2, 2, 0, 1, 1, 1, 4]|[1, 1, 1, 1, 3, 3, 0, 0, 0, 0, 0, 2, 0, 1, 0, 0, 3, 1, 0, 0, 0, 3, 1, 0, 2, 0, 0, 0, 1, 3, 0, 0, 0, 0, 1, 0, 0, 2, 1, 1, 1, 1, 0, 0, 0, 0, 2, 1, 0, 0, 0, 1, 3, 0, 0, 1, 0, 1, 0, 1, 2, 0, 0, 2, 1, 0, 2, 1, 1, 0, 3, 1, 3, 0, 0, 0, 2, 0, 0, 0, 0, 0, 1, 0, 0, 0, 1, 0, 0, 2, 1, 0, 1, 0, 0, 1, 1, 0, 0, 2],733.3116759547878,58140.55643565909,96674.14109675489,false
22,G4_BALANCED,G4_BALANCED,[31, 11, 15, 82, 26, 9, 95, 32, 77, 68, 47, 5, 93, 78, 86, 54, 85, 63, 18, 44, 20, 49, 36, 14, 74, 50, 53, 17, 21, 45, 71, 64, 3, 23, 30, 83, 24, 41, 60, 52, 65, 27, 90, 70, 39, 87, 48, 69, 99, 4, 46, 1, 13, 58, 97, 59, 28, 75, 73, 37, 35, 79, 22, 66, 76, 42, 40, 80, 96, 6, 16, 61, 33, 7, 57, 34, 12, 67, 10, 98, 56, 88, 29, 8, 91, 38, 19, 92, 43, 84, 51, 72, 81, 25, 94, 55, 0, 89, 2, 62]|[2, 1, 1, 2, 1, 2, 1, 1, 1, 1, 1, 0, 2, 2, 1, 2, 0, 0, 0, 2, 2, 1, 0, 2, 0, 2, 2, 1, 0, 1, 1, 1, 0, 0, 1, 0, 2, 1, 2, 2, 0, 0, 1, 1, 0, 2, 0, 2, 1, 0, 0, 2, 0, 0, 2, 0, 1, 0, 0, 0, 2, 1, 0, 2, 2, 0, 2, 2, 0, 1, 2, 1, 1, 2, 0, 1, 1, 1, 1, 2, 2, 1, 1, 1, 1, 0, 1, 0, 1, 0, 1, 1, 1, 1, 2, 0, 0, 1, 2, 1]|[1, 3, 2, 0, 4, 1, 4, 4, 2, 4, 3, 2, 1, 0, 2, 1, 1, 1, 2, 1, 1, 3, 0, 1, 0, 1, 1, 4, 1, 4, 3, 2, 2, 0, 4, 1, 1, 4, 0, 1, 2, 1, 4, 4, 1, 1, 0, 2, 3, 1, 2, 1, 2, 1, 1, 2, 4, 2, 0, 2, 2, 3, 1, 0, 1, 2, 0, 1, 2, 4, 1, 3, 4, 1, 2, 4, 3, 3, 3, 1, 1, 4, 3, 3, 3, 2, 4, 2, 4, 2, 3, 4, 1, 4, 1, 2, 2, 4, 1, 3]|[1, 2, 1, 0, 3, 0, 1, 3, 0, 0, 2, 0, 1, 0, 1, 0, 0, 0, 1, 0, 0, 2, 0, 0, 1, 0, 0, 3, 0, 1, 0, 2, 0, 1, 3, 0, 1, 3, 1, 0, 0, 0, 1, 3, 0, 0, 1, 0, 2, 0, 0, 0, 0, 0, 1, 0, 1, 0, 1, 1, 0, 2, 0, 0, 0, 0, 0, 0, 0, 2, 0, 0, 1, 0, 0, 1, 0, 0, 3, 0, 0, 1, 0, 0, 0, 0, 3, 0, 2, 0, 0, 2, 1, 3, 0, 0, 0, 1, 0, 0],842.3358630601143,52535.59882498444,107349.69971746493,false
22,G2_TEC,G4_BALANCED,[31, 22, 82, 15, 26, 9, 95, 42, 77, 68, 47, 5, 93, 78, 86, 54, 85, 63, 18, 44, 20, 49, 36, 14, 74, 50, 53, 17, 21, 28, 11, 64, 3, 23, 30, 83, 24, 41, 40, 52, 65, 27, 90, 70, 39, 87, 48, 69, 99, 4, 46, 1, 13, 58, 97, 59, 45, 8, 73, 37, 35, 79, 71, 66, 76, 32, 60, 80, 96, 6, 16, 61, 33, 7, 57, 34, 12, 67, 10, 98, 56, 88, 29, 25, 91, 38, 0, 92, 43, 84, 51, 72, 81, 75, 2, 55, 62, 89, 94, 19]|[2, 1, 2, 1, 1, 2, 1, 1, 1, 1, 1, 0, 2, 2, 1, 2, 0, 0, 0, 2, 2, 1, 0, 2, 0, 2, 2, 1, 0, 1, 1, 1, 0, 0, 1, 0, 2, 1, 2, 2, 0, 0, 1, 1, 0, 2, 0, 2, 1, 0, 0, 2, 0, 0, 2, 0, 1, 1, 0, 0, 2, 1, 1, 2, 2, 0, 2, 2, 0, 1, 2, 1, 1, 2, 0, 1, 1, 1, 1, 2, 2, 1, 1, 0, 1, 0, 0, 0, 1, 0, 1, 1, 1, 0, 2, 0, 1, 1, 2, 1]|[0, 3, 0, 3, 4, 1, 4, 4, 2, 4, 3, 2, 1, 0, 2, 1, 1, 1, 2, 1, 1, 3, 0, 1, 0, 1, 1, 4, 1, 4, 3, 2, 2, 0, 4, 1, 1, 4, 0, 1, 2, 1, 4, 4, 1, 1, 0, 2, 3, 2, 2, 1, 2, 1, 1, 2, 4, 3, 0, 2, 2, 3, 3, 0, 1, 2, 0, 1, 2, 4, 1, 3, 4, 1, 2, 4, 3, 3, 3, 1, 1, 4, 3, 2, 3, 2, 2, 2, 4, 2, 3, 4, 4, 2, 1, 2, 3, 4, 1, 4]|[0, 2, 0, 0, 3, 0, 1, 3, 0, 0, 2, 0, 1, 0, 1, 0, 0, 0, 1, 0, 0, 2, 0, 0, 1, 0, 0, 3, 0, 1, 0, 2, 0, 0, 3, 0, 1, 3, 0, 0, 0, 0, 1, 3, 0, 0, 1, 0, 2, 0, 0, 0, 0, 0, 1, 0, 1, 0, 1, 1, 0, 2, 0, 0, 0, 0, 0, 0, 0, 2, 0, 0, 1, 0, 0, 1, 0, 0, 3, 0, 0, 1, 0, 0, 0, 0, 0, 0, 2, 0, 0, 2, 1, 0, 0, 0, 0, 1, 0, 1],906.5768941555567,50484.03413996969,114606.36793336812,true
22,G3_TWC,G1_CMAX,[31, 22, 82, 15, 26, 9, 42, 95, 77, 12, 47, 5, 93, 78, 86, 54, 85, 63, 18, 44, 20, 35, 43, 97, 91, 76, 10, 30, 21, 45, 71, 64, 1, 23, 17, 83, 24, 14, 60, 36, 6, 57, 94, 88, 65, 56, 79, 40, 67, 68, 46, 75, 38, 58, 19, 32, 81, 41, 27, 62, 87, 90, 99, 59, 11, 16, 72, 73, 69, 39, 37, 84, 3, 92, 25, 55, 28, 29, 51, 7, 33, 61, 98, 66, 89, 50, 8, 96, 53, 80, 4, 48, 34, 2, 52, 13, 0, 70, 49, 74]|[1, 1, 0, 1, 1, 1, 2, 1, 2, 1, 2, 2, 2, 1, 1, 0, 0, 1, 0, 2, 2, 0, 1, 2, 0, 1, 2, 2, 0, 0, 1, 2, 1, 2, 1, 0, 2, 0, 1, 1, 0, 1, 1, 1, 0, 2, 1, 1, 0, 0, 0, 0, 1, 1, 2, 1, 2, 0, 0, 0, 2, 1, 0, 1, 2, 1, 2, 1, 1, 1, 1, 1, 1, 0, 1, 2, 0, 0, 0, 1, 2, 1, 0, 2, 1, 0, 1, 0, 0, 0, 0, 0, 2, 0, 1, 0, 0, 1, 0, 2]|[4, 3, 2, 2, 0, 0, 2, 2, 2, 4, 1, 1, 2, 4, 4, 1, 2, 4, 2, 1, 1, 1, 1, 2, 1, 2, 1, 1, 1, 1, 3, 2, 3, 0, 4, 0, 1, 1, 0, 3, 2, 2, 2, 0, 1, 1, 0, 4, 0, 1, 2, 2, 1, 4, 0, 3, 2, 1, 1, 2, 1, 3, 1, 1, 1, 3, 0, 4, 3, 1, 4, 1, 1, 0, 4, 1, 2, 1, 1, 3, 1, 3, 1, 1, 1, 1, 3, 1, 2, 1, 2, 1, 1, 2, 1, 2, 2, 3, 1, 1]|[0, 2, 1, 1, 3, 3, 0, 1, 0, 0, 0, 0, 1, 0, 1, 0, 0, 3, 1, 0, 0, 0, 3, 1, 0, 2, 0, 0, 0, 1, 0, 0, 0, 0, 3, 0, 1, 0, 0, 2, 1, 1, 1, 0, 0, 0, 0, 2, 1, 0, 0, 0, 1, 3, 0, 0, 1, 0, 0, 1, 0, 2, 0, 1, 0, 2, 1, 0, 0, 1, 1, 3, 1, 1, 3, 0, 1, 0, 0, 2, 0, 0, 0, 0, 1, 0, 2, 0, 1, 0, 1, 0, 0, 0, 1, 0, 0, 0, 1, 0],801.427594812029,57868.49349465401,91455.85780813712,true
22,G1_CMAX,G1_CMAX,[31, 22, 82, 15, 26, 9, 42, 77, 12, 5, 47, 93, 78, 86, 54, 6, 63, 18, 44, 20, 35, 43, 97, 91, 76, 10, 30, 21, 45, 17, 23, 1, 71, 83, 24, 14, 60, 36, 85, 57, 40, 95, 88, 65, 56, 79, 94, 67, 68, 46, 75, 38, 58, 19, 32, 81, 41, 62, 87, 28, 90, 59, 11, 16, 72, 73, 69, 52, 37, 64, 84, 3, 25, 29, 55, 51, 7, 98, 61, 66, 99, 33, 89, 48, 50, 96, 53, 80, 4, 8, 27, 2, 39, 13, 0, 92, 49, 74, 34, 70]|[1, 1, 0, 1, 1, 1, 2, 2, 1, 2, 2, 1, 1, 1, 0, 0, 1, 0, 2, 2, 0, 1, 2, 2, 1, 2, 2, 0, 0, 1, 2, 1, 1, 0, 2, 0, 1, 1, 0, 1, 1, 1, 1, 0, 2, 1, 1, 0, 0, 0, 0, 1, 1, 2, 1, 2, 0, 0, 2, 0, 1, 2, 2, 1, 2, 1, 1, 1, 1, 1, 1, 2, 1, 0, 2, 0, 1, 2, 1, 0, 0, 2, 1, 0, 0, 2, 0, 0, 1, 1, 0, 0, 1, 0, 0, 0, 0, 2, 2, 1]|[0, 3, 1, 2, 0, 0, 1, 1, 4, 1, 1, 4, 4, 4, 2, 2, 4, 2, 1, 1, 1, 1, 2, 1, 2, 1, 1, 1, 1, 4, 0, 3, 3, 0, 1, 1, 0, 3, 2, 2, 2, 2, 0, 1, 1, 0, 4, 0, 1, 2, 2, 1, 4, 0, 3, 2, 1, 2, 1, 2, 3, 1, 1, 3, 0, 4, 4, 1, 4, 3, 1, 2, 4, 1, 1, 1, 1, 1, 3, 1, 1, 1, 1, 1, 1, 1, 2, 1, 4, 3, 2, 2, 1, 2, 2, 0, 1, 1, 1, 4]|[1, 1, 1, 1, 3, 3, 0, 0, 0, 0, 0, 2, 0, 1, 0, 0, 3, 1, 0, 0, 0, 3, 1, 0, 2, 0, 0, 0, 1, 3, 0, 0, 0, 0, 1, 0, 0, 2, 1, 1, 1, 1, 0, 0, 0, 0, 2, 1, 0, 0, 0, 1, 3, 0, 0, 1, 0, 1, 0, 1, 2, 0, 0, 2, 1, 0, 2, 1, 1, 0, 3, 1, 3, 0, 0, 0, 2, 0, 0, 0, 0, 0, 1, 0, 0, 0, 1, 0, 0, 2, 1, 0, 1, 0, 0, 1, 1, 0, 0, 2],733.3116759547878,58140.55643565909,96674.14109675489,false
22,G4_BALANCED,G4_BALANCED,[31, 11, 15, 82, 26, 9, 95, 32, 77, 68, 47, 5, 93, 78, 86, 54, 85, 63, 18, 44, 20, 49, 36, 14, 74, 50, 53, 17, 21, 45, 71, 64, 3, 23, 30, 83, 24, 41, 60, 52, 65, 27, 90, 70, 39, 87, 48, 69, 99, 4, 46, 1, 13, 58, 97, 59, 28, 75, 73, 37, 35, 79, 22, 66, 76, 42, 40, 80, 96, 6, 16, 61, 33, 7, 57, 34, 12, 67, 10, 98, 56, 88, 29, 8, 91, 38, 19, 92, 43, 84, 51, 72, 81, 25, 94, 55, 0, 89, 2, 62]|[2, 1, 1, 2, 1, 2, 1, 1, 1, 1, 1, 0, 2, 2, 1, 2, 0, 0, 0, 2, 2, 1, 0, 2, 0, 2, 2, 1, 0, 1, 1, 1, 0, 0, 1, 0, 2, 1, 2, 2, 0, 0, 1, 1, 0, 2, 0, 2, 1, 0, 0, 2, 0, 0, 2, 0, 1, 0, 0, 0, 2, 1, 0, 2, 2, 0, 2, 2, 0, 1, 2, 1, 1, 2, 0, 1, 1, 1, 1, 2, 2, 1, 1, 1, 1, 0, 1, 0, 1, 0, 1, 1, 1, 1, 2, 0, 0, 1, 2, 1]|[1, 3, 2, 0, 4, 1, 4, 4, 2, 4, 3, 2, 1, 0, 2, 1, 1, 1, 2, 1, 1, 3, 0, 1, 0, 1, 1, 4, 1, 4, 3, 2, 2, 0, 4, 1, 1, 4, 0, 1, 2, 1, 4, 4, 1, 1, 0, 2, 3, 1, 2, 1, 2, 1, 1, 2, 4, 2, 0, 2, 2, 3, 1, 0, 1, 2, 0, 1, 2, 4, 1, 3, 4, 1, 2, 4, 3, 3, 3, 1, 1, 4, 3, 3, 3, 2, 4, 2, 4, 2, 3, 4, 1, 4, 1, 2, 2, 4, 1, 3]|[1, 2, 1, 0, 3, 0, 1, 3, 0, 0, 2, 0, 1, 0, 1, 0, 0, 0, 1, 0, 0, 2, 0, 0, 1, 0, 0, 3, 0, 1, 0, 2, 0, 1, 3, 0, 1, 3, 1, 0, 0, 0, 1, 3, 0, 0, 1, 0, 2, 0, 0, 0, 0, 0, 1, 0, 1, 0, 1, 1, 0, 2, 0, 0, 0, 0, 0, 0, 0, 2, 0, 0, 1, 0, 0, 1, 0, 0, 3, 0, 0, 1, 0, 0, 0, 0, 3, 0, 2, 0, 0, 2, 1, 3, 0, 0, 0, 1, 0, 0],842.3358630601143,52535.59882498444,107349.69971746493,false
22,G2_TEC,G4_BALANCED,[31, 22, 82, 15, 26, 9, 95, 42, 77, 68, 47, 5, 93, 78, 86, 54, 85, 63, 18, 44, 20, 49, 36, 14, 74, 50, 53, 17, 21, 28, 11, 64, 3, 23, 30, 83, 24, 41, 40, 52, 65, 27, 90, 70, 39, 87, 48, 69, 99, 4, 46, 1, 13, 58, 97, 59, 45, 8, 73, 37, 35, 79, 71, 66, 76, 32, 60, 80, 96, 6, 16, 61, 33, 7, 57, 34, 12, 67, 10, 98, 56, 88, 29, 25, 91, 38, 0, 92, 43, 84, 51, 72, 81, 75, 2, 55, 62, 89, 94, 19]|[2, 1, 2, 1, 1, 2, 1, 1, 1, 1, 1, 0, 2, 2, 1, 2, 0, 0, 0, 2, 2, 1, 0, 2, 0, 2, 2, 1, 0, 1, 1, 1, 0, 0, 1, 0, 2, 1, 2, 2, 0, 0, 1, 1, 0, 2, 0, 2, 1, 0, 0, 2, 0, 0, 2, 0, 1, 1, 0, 0, 2, 1, 1, 2, 2, 0, 2, 2, 0, 1, 2, 1, 1, 2, 0, 1, 1, 1, 1, 2, 2, 1, 1, 0, 1, 0, 0, 0, 1, 0, 1, 1, 1, 0, 2, 0, 1, 1, 2, 1]|[0, 3, 0, 3, 4, 1, 4, 4, 2, 4, 3, 2, 1, 0, 2, 1, 1, 1, 2, 1, 1, 3, 0, 1, 0, 1, 1, 4, 1, 4, 3, 2, 2, 0, 4, 1, 1, 4, 0, 1, 2, 1, 4, 4, 1, 1, 0, 2, 3, 2, 2, 1, 2, 1, 1, 2, 4, 3, 0, 2, 2, 3, 3, 0, 1, 2, 0, 1, 2, 4, 1, 3, 4, 1, 2, 4, 3, 3, 3, 1, 1, 4, 3, 2, 3, 2, 2, 2, 4, 2, 3, 4, 4, 2, 1, 2, 3, 4, 1, 4]|[0, 2, 0, 0, 3, 0, 1, 3, 0, 0, 2, 0, 1, 0, 1, 0, 0, 0, 1, 0, 0, 2, 0, 0, 1, 0, 0, 3, 0, 1, 0, 2, 0, 0, 3, 0, 1, 3, 0, 0, 0, 0, 1, 3, 0, 0, 1, 0, 2, 0, 0, 0, 0, 0, 1, 0, 1, 0, 1, 1, 0, 2, 0, 0, 0, 0, 0, 0, 0, 2, 0, 0, 1, 0, 0, 1, 0, 0, 3, 0, 0, 1, 0, 0, 0, 0, 0, 0, 2, 0, 0, 2, 1, 0, 0, 0, 0, 1, 0, 1],906.5768941555567,50484.03413996969,114606.36793336812,true
22,G3_TWC,G1_CMAX,[31, 22, 82, 15, 26, 9, 42, 95, 77, 12, 47, 5, 93, 78, 86, 54, 85, 63, 18, 44, 20, 35, 43, 97, 91, 76, 10, 30, 21, 45, 71, 64, 1, 23, 17, 83, 24, 14, 60, 36, 6, 57, 94, 88, 65, 56, 79, 40, 67, 68, 46, 75, 38, 58, 19, 32, 81, 41, 27, 62, 87, 90, 99, 59, 11, 16, 72, 73, 69, 39, 37, 84, 3, 92, 25, 55, 28, 29, 51, 7, 33, 61, 98, 66, 89, 50, 8, 96, 53, 80, 4, 48, 34, 2, 52, 13, 0, 70, 49, 74]|[1, 1, 0, 1, 1, 1, 2, 1, 2, 1, 2, 2, 2, 1, 1, 0, 0, 1, 0, 2, 2, 0, 1, 2, 0, 1, 2, 2, 0, 0, 1, 2, 1, 2, 1, 0, 2, 0, 1, 1, 0, 1, 1, 1, 0, 2, 1, 1, 0, 0, 0, 0, 1, 1, 2, 1, 2, 0, 0, 0, 2, 1, 0, 1, 2, 1, 2, 1, 1, 1, 1, 1, 1, 0, 1, 2, 0, 0, 0, 1, 2, 1, 0, 2, 1, 0, 1, 0, 0, 0, 0, 0, 2, 0, 1, 0, 0, 1, 0, 2]|[4, 3, 2, 2, 0, 0, 2, 2, 2, 4, 1, 1, 2, 4, 4, 1, 2, 4, 2, 1, 1, 1, 1, 2, 1, 2, 1, 1, 1, 1, 3, 2, 3, 0, 4, 0, 1, 1, 0, 3, 2, 2, 2, 0, 1, 1, 0, 4, 0, 1, 2, 2, 1, 4, 0, 3, 2, 1, 1, 2, 1, 3, 1, 1, 1, 3, 0, 4, 3, 1, 4, 1, 1, 0, 4, 1, 2, 1, 1, 3, 1, 3, 1, 1, 1, 1, 3, 1, 2, 1, 2, 1, 1, 2, 1, 2, 2, 3, 1, 1]|[0, 2, 1, 1, 3, 3, 0, 1, 0, 0, 0, 0, 1, 0, 1, 0, 0, 3, 1, 0, 0, 0, 3, 1, 0, 2, 0, 0, 0, 1, 0, 0, 0, 0, 3, 0, 1, 0, 0, 2, 1, 1, 1, 0, 0, 0, 0, 2, 1, 0, 0, 0, 1, 3, 0, 0, 1, 0, 0, 1, 0, 2, 0, 1, 0, 2, 1, 0, 0, 1, 1, 3, 1, 1, 3, 0, 1, 0, 0, 2, 0, 0, 0, 0, 1, 0, 2, 0, 1, 0, 1, 0, 0, 0, 1, 0, 0, 0, 1, 0],801.427594812029,57868.49349465401,91455.85780813712,true
22,G1_CMAX,G1_CMAX,[31, 22, 82, 15, 26, 9, 42, 77, 12, 5, 47, 93, 78, 86, 54, 6, 63, 18, 44, 20, 35, 43, 97, 91, 76, 10, 30, 21, 45, 17, 23, 1, 71, 83, 24, 14, 60, 36, 85, 57, 40, 95, 88, 65, 56, 79, 94, 67, 68, 46, 75, 38, 58, 19, 32, 81, 41, 62, 87, 28, 90, 59, 11, 16, 72, 73, 69, 52, 37, 64, 84, 3, 25, 29, 55, 51, 7, 98, 61, 66, 99, 33, 89, 48, 50, 96, 53, 80, 4, 8, 27, 2, 39, 13, 0, 92, 49, 74, 34, 70]|[1, 1, 0, 1, 1, 1, 2, 2, 1, 2, 2, 1, 1, 1, 0, 0, 1, 0, 2, 2, 0, 1, 2, 2, 1, 2, 2, 0, 0, 1, 2, 1, 1, 0, 2, 0, 1, 1, 0, 1, 1, 1, 1, 0, 2, 1, 1, 0, 0, 0, 0, 1, 1, 2, 1, 2, 0, 0, 2, 0, 1, 2, 2, 1, 2, 1, 1, 1, 1, 1, 1, 2, 1, 0, 2, 0, 1, 2, 1, 0, 0, 2, 1, 0, 0, 2, 0, 0, 1, 1, 0, 0, 1, 0, 0, 0, 0, 2, 2, 1]|[0, 3, 1, 2, 0, 0, 1, 1, 4, 1, 1, 4, 4, 4, 2, 2, 4, 2, 1, 1, 1, 1, 2, 1, 2, 1, 1, 1, 1, 4, 0, 3, 3, 0, 1, 1, 0, 3, 2, 2, 2, 2, 0, 1, 1, 0, 4, 0, 1, 2, 2, 1, 4, 0, 3, 2, 1, 2, 1, 2, 3, 1, 1, 3, 0, 4, 4, 1, 4, 3, 1, 2, 4, 1, 1, 1, 1, 1, 3, 1, 1, 1, 1, 1, 1, 1, 2, 1, 4, 3, 2, 2, 1, 2, 2, 0, 1, 1, 1, 4]|[1, 1, 1, 1, 3, 3, 0, 0, 0, 0, 0, 2, 0, 1, 0, 0, 3, 1, 0, 0, 0, 3, 1, 0, 2, 0, 0, 0, 1, 3, 0, 0, 0, 0, 1, 0, 0, 2, 1, 1, 1, 1, 0, 0, 0, 0, 2, 1, 0, 0, 0, 1, 3, 0, 0, 1, 0, 1, 0, 1, 2, 0, 0, 2, 1, 0, 2, 1, 1, 0, 3, 1, 3, 0, 0, 0, 2, 0, 0, 0, 0, 0, 1, 0, 0, 0, 1, 0, 0, 2, 1, 0, 1, 0, 0, 1, 1, 0, 0, 2],733.3116759547878,58140.55643565909,96674.14109675489,false
22,G4_BALANCED,G4_BALANCED,[31, 11, 15, 82, 26, 9, 95, 32, 77, 68, 47, 5, 93, 78, 86, 54, 85, 63, 18, 44, 20, 49, 36, 14, 74, 50, 53, 17, 21, 45, 71, 64, 3, 23, 30, 83, 24, 41, 60, 52, 65, 27, 90, 70, 39, 87, 48, 69, 99, 4, 46, 1, 13, 58, 97, 59, 28, 75, 73, 37, 35, 79, 22, 66, 76, 42, 40, 80, 96, 6, 16, 61, 33, 7, 57, 34, 12, 67, 10, 98, 56, 88, 29, 8, 91, 38, 19, 92, 43, 84, 51, 72, 81, 25, 94, 55, 0, 89, 2, 62]|[2, 1, 1, 2, 1, 2, 1, 1, 1, 1, 1, 0, 2, 2, 1, 2, 0, 0, 0, 2, 2, 1, 0, 2, 0, 2, 2, 1, 0, 1, 1, 1, 0, 0, 1, 0, 2, 1, 2, 2, 0, 0, 1, 1, 0, 2, 0, 2, 1, 0, 0, 2, 0, 0, 2, 0, 1, 0, 0, 0, 2, 1, 0, 2, 2, 0, 2, 2, 0, 1, 2, 1, 1, 2, 0, 1, 1, 1, 1, 2, 2, 1, 1, 1, 1, 0, 1, 0, 1, 0, 1, 1, 1, 1, 2, 0, 0, 1, 2, 1]|[1, 3, 2, 0, 4, 1, 4, 4, 2, 4, 3, 2, 1, 0, 2, 1, 1, 1, 2, 1, 1, 3, 0, 1, 0, 1, 1, 4, 1, 4, 3, 2, 2, 0, 4, 1, 1, 4, 0, 1, 2, 1, 4, 4, 1, 1, 0, 2, 3, 1, 2, 1, 2, 1, 1, 2, 4, 2, 0, 2, 2, 3, 1, 0, 1, 2, 0, 1, 2, 4, 1, 3, 4, 1, 2, 4, 3, 3, 3, 1, 1, 4, 3, 3, 3, 2, 4, 2, 4, 2, 3, 4, 1, 4, 1, 2, 2, 4, 1, 3]|[1, 2, 1, 0, 3, 0, 1, 3, 0, 0, 2, 0, 1, 0, 1, 0, 0, 0, 1, 0, 0, 2, 0, 0, 1, 0, 0, 3, 0, 1, 0, 2, 0, 1, 3, 0, 1, 3, 1, 0, 0, 0, 1, 3, 0, 0, 1, 0, 2, 0, 0, 0, 0, 0, 1, 0, 1, 0, 1, 1, 0, 2, 0, 0, 0, 0, 0, 0, 0, 2, 0, 0, 1, 0, 0, 1, 0, 0, 3, 0, 0, 1, 0, 0, 0, 0, 3, 0, 2, 0, 0, 2, 1, 3, 0, 0, 0, 1, 0, 0],842.3358630601143,52535.59882498444,107349.69971746493,false
22,G2_TEC,G4_BALANCED,[31, 22, 82, 15, 26, 9, 95, 42, 77, 68, 47, 5, 93, 78, 86, 54, 85, 63, 18, 44, 20, 49, 36, 14, 74, 50, 53, 17, 21, 28, 11, 64, 3, 23, 30, 83, 24, 41, 40, 52, 65, 27, 90, 70, 39, 87, 48, 69, 99, 4, 46, 1, 13, 58, 97, 59, 45, 8, 73, 37, 35, 79, 71, 66, 76, 32, 60, 80, 96, 6, 16, 61, 33, 7, 57, 34, 12, 67, 10, 98, 56, 88, 29, 25, 91, 38, 0, 92, 43, 84, 51, 72, 81, 75, 2, 55, 62, 89, 94, 19]|[2, 1, 2, 1, 1, 2, 1, 1, 1, 1, 1, 0, 2, 2, 1, 2, 0, 0, 0, 2, 2, 1, 0, 2, 0, 2, 2, 1, 0, 1, 1, 1, 0, 0, 1, 0, 2, 1, 2, 2, 0, 0, 1, 1, 0, 2, 0, 2, 1, 0, 0, 2, 0, 0, 2, 0, 1, 1, 0, 0, 2, 1, 1, 2, 2, 0, 2, 2, 0, 1, 2, 1, 1, 2, 0, 1, 1, 1, 1, 2, 2, 1, 1, 0, 1, 0, 0, 0, 1, 0, 1, 1, 1, 0, 2, 0, 1, 1, 2, 1]|[0, 3, 0, 3, 4, 1, 4, 4, 2, 4, 3, 2, 1, 0, 2, 1, 1, 1, 2, 1, 1, 3, 0, 1, 0, 1, 1, 4, 1, 4, 3, 2, 2, 0, 4, 1, 1, 4, 0, 1, 2, 1, 4, 4, 1, 1, 0, 2, 3, 2, 2, 1, 2, 1, 1, 2, 4, 3, 0, 2, 2, 3, 3, 0, 1, 2, 0, 1, 2, 4, 1, 3, 4, 1, 2, 4, 3, 3, 3, 1, 1, 4, 3, 2, 3, 2, 2, 2, 4, 2, 3, 4, 4, 2, 1, 2, 3, 4, 1, 4]|[0, 2, 0, 0, 3, 0, 1, 3, 0, 0, 2, 0, 1, 0, 1, 0, 0, 0, 1, 0, 0, 2, 0, 0, 1, 0, 0, 3, 0, 1, 0, 2, 0, 0, 3, 0, 1, 3, 0, 0, 0, 0, 1, 3, 0, 0, 1, 0, 2, 0, 0, 0, 0, 0, 1, 0, 1, 0, 1, 1, 0, 2, 0, 0, 0, 0, 0, 0, 0, 2, 0, 0, 1, 0, 0, 1, 0, 0, 3, 0, 0, 1, 0, 0, 0, 0, 0, 0, 2, 0, 0, 2, 1, 0, 0, 0, 0, 1, 0, 1],906.5768941555567,50484.03413996969,114606.36793336812,true
22,G3_TWC,G1_CMAX,[31, 22, 82, 15, 26, 9, 42, 95, 77, 12, 47, 5, 93, 78, 86, 54, 85, 63, 18, 44, 20, 35, 43, 97, 91, 76, 10, 30, 21, 45, 71, 64, 1, 23, 17, 83, 24, 14, 60, 36, 6, 57, 94, 88, 65, 56, 79, 40, 67, 68, 46, 75, 38, 58, 19, 32, 81, 41, 27, 62, 87, 90, 99, 59, 11, 16, 72, 73, 69, 39, 37, 84, 3, 92, 25, 55, 28, 29, 51, 7, 33, 61, 98, 66, 89, 50, 8, 96, 53, 80, 4, 48, 34, 2, 52, 13, 0, 70, 49, 74]|[1, 1, 0, 1, 1, 1, 2, 1, 2, 1, 2, 2, 2, 1, 1, 0, 0, 1, 0, 2, 2, 0, 1, 2, 0, 1, 2, 2, 0, 0, 1, 2, 1, 2, 1, 0, 2, 0, 1, 1, 0, 1, 1, 1, 0, 2, 1, 1, 0, 0, 0, 0, 1, 1, 2, 1, 2, 0, 0, 0, 2, 1, 0, 1, 2, 1, 2, 1, 1, 1, 1, 1, 1, 0, 1, 2, 0, 0, 0, 1, 2, 1, 0, 2, 1, 0, 1, 0, 0, 0, 0, 0, 2, 0, 1, 0, 0, 1, 0, 2]|[4, 3, 2, 2, 0, 0, 2, 2, 2, 4, 1, 1, 2, 4, 4, 1, 2, 4, 2, 1, 1, 1, 1, 2, 1, 2, 1, 1, 1, 1, 3, 2, 3, 0, 4, 0, 1, 1, 0, 3, 2, 2, 2, 0, 1, 1, 0, 4, 0, 1, 2, 2, 1, 4, 0, 3, 2, 1, 1, 2, 1, 3, 1, 1, 1, 3, 0, 4, 3, 1, 4, 1, 1, 0, 4, 1, 2, 1, 1, 3, 1, 3, 1, 1, 1, 1, 3, 1, 2, 1, 2, 1, 1, 2, 1, 2, 2, 3, 1, 1]|[0, 2, 1, 1, 3, 3, 0, 1, 0, 0, 0, 0, 1, 0, 1, 0, 0, 3, 1, 0, 0, 0, 3, 1, 0, 2, 0, 0, 0, 1, 0, 0, 0, 0, 3, 0, 1, 0, 0, 2, 1, 1, 1, 0, 0, 0, 0, 2, 1, 0, 0, 0, 1, 3, 0, 0, 1, 0, 0, 1, 0, 2, 0, 1, 0, 2, 1, 0, 0, 1, 1, 3, 1, 1, 3, 0, 1, 0, 0, 2, 0, 0, 0, 0, 1, 0, 2, 0, 1, 0, 1, 0, 0, 0, 1, 0, 0, 0, 1, 0],801.427594812029,57868.49349465401,91455.85780813712,true
22,G1_CMAX,G1_CMAX,[31, 22, 82, 15, 26, 9, 42, 95, 77, 12, 47, 5, 93, 78, 86, 54, 85, 63, 18, 44, 20, 35, 43, 97, 91, 76, 10, 30, 21, 45, 71, 64, 1, 23, 17, 83, 24, 14, 60, 36, 6, 57, 94, 88, 65, 56, 79, 40, 67, 68, 46, 75, 38, 58, 19, 32, 81, 41, 27, 62, 87, 90, 99, 59, 11, 16, 72, 73, 69, 39, 37, 84, 3, 92, 25, 55, 28, 29, 51, 7, 33, 61, 98, 66, 89, 50, 8, 96, 53, 80, 4, 48, 34, 2, 52, 13, 0, 70, 49, 74]|[1, 1, 0, 1, 1, 1, 2, 1, 2, 1, 2, 2, 2, 1, 1, 0, 0, 1, 0, 2, 2, 0, 1, 2, 0, 1, 2, 2, 0, 0, 1, 2, 1, 2, 1, 0, 2, 0, 1, 1, 0, 1, 1, 1, 0, 2, 1, 1, 0, 0, 0, 0, 1, 1, 2, 1, 2, 0, 0, 0, 2, 1, 0, 1, 2, 1, 2, 1, 1, 1, 1, 1, 1, 0, 1, 2, 0, 0, 0, 1, 2, 1, 0, 2, 1, 0, 1, 0, 0, 0, 0, 0, 2, 0, 1, 0, 0, 1, 0, 2]|[4, 3, 2, 2, 0, 0, 2, 2, 2, 4, 1, 1, 2, 4, 4, 1, 2, 4, 2, 1, 1, 1, 1, 2, 1, 2, 1, 1, 1, 1, 3, 2, 3, 0, 4, 0, 1, 1, 0, 3, 2, 2, 2, 0, 1, 1, 0, 4, 0, 1, 2, 2, 1, 4, 0, 3, 2, 1, 1, 2, 1, 3, 1, 1, 1, 3, 0, 4, 3, 1, 4, 1, 1, 0, 4, 1, 2, 1, 1, 3, 1, 3, 1, 1, 1, 1, 3, 1, 2, 1, 2, 1, 1, 2, 1, 2, 2, 3, 1, 1]|[0, 2, 1, 1, 3, 3, 0, 1, 0, 0, 0, 0, 1, 0, 1, 0, 0, 3, 1, 0, 0, 0, 3, 1, 0, 2, 0, 0, 0, 1, 0, 0, 0, 0, 3, 0, 1, 0, 0, 2, 1, 1, 1, 0, 0, 0, 0, 2, 1, 0, 0, 0, 1, 3, 0, 0, 1, 0, 0, 1, 0, 2, 0, 1, 0, 2, 1, 0, 0, 1, 1, 3, 1, 1, 3, 0, 1, 0, 0, 2, 0, 0, 0, 0, 1, 0, 2, 0, 1, 0, 1, 0, 0, 0, 1, 0, 0, 0, 1, 0],801.427594812029,57868.49349465401,91455.85780813712,false
22,G4_BALANCED,G4_BALANCED,[31, 11, 15, 82, 26, 9, 95, 32, 77, 68, 47, 5, 93, 78, 86, 54, 85, 63, 18, 44, 20, 49, 36, 14, 74, 50, 53, 17, 21, 45, 71, 64, 3, 23, 30, 83, 24, 41, 60, 52, 65, 27, 90, 70, 39, 87, 48, 69, 99, 4, 46, 1, 13, 58, 97, 59, 28, 75, 73, 37, 35, 79, 22, 66, 76, 42, 40, 80, 96, 6, 16, 61, 33, 7, 57, 34, 12, 67, 10, 98, 56, 88, 29, 8, 91, 38, 19, 92, 43, 84, 51, 72, 81, 25, 94, 55, 0, 89, 2, 62]|[2, 1, 1, 2, 1, 2, 1, 1, 1, 1, 1, 0, 2, 2, 1, 2, 0, 0, 0, 2, 2, 1, 0, 2, 0, 2, 2, 1, 0, 1, 1, 1, 0, 0, 1, 0, 2, 1, 2, 2, 0, 0, 1, 1, 0, 2, 0, 2, 1, 0, 0, 2, 0, 0, 2, 0, 1, 0, 0, 0, 2, 1, 0, 2, 2, 0, 2, 2, 0, 1, 2, 1, 1, 2, 0, 1, 1, 1, 1, 2, 2, 1, 1, 1, 1, 0, 1, 0, 1, 0, 1, 1, 1, 1, 2, 0, 0, 1, 2, 1]|[1, 3, 2, 0, 4, 1, 4, 4, 2, 4, 3, 2, 1, 0, 2, 1, 1, 1, 2, 1, 1, 3, 0, 1, 0, 1, 1, 4, 1, 4, 3, 2, 2, 0, 4, 1, 1, 4, 0, 1, 2, 1, 4, 4, 1, 1, 0, 2, 3, 1, 2, 1, 2, 1, 1, 2, 4, 2, 0, 2, 2, 3, 1, 0, 1, 2, 0, 1, 2, 4, 1, 3, 4, 1, 2, 4, 3, 3, 3, 1, 1, 4, 3, 3, 3, 2, 4, 2, 4, 2, 3, 4, 1, 4, 1, 2, 2, 4, 1, 3]|[1, 2, 1, 0, 3, 0, 1, 3, 0, 0, 2, 0, 1, 0, 1, 0, 0, 0, 1, 0, 0, 2, 0, 0, 1, 0, 0, 3, 0, 1, 0, 2, 0, 1, 3, 0, 1, 3, 1, 0, 0, 0, 1, 3, 0, 0, 1, 0, 2, 0, 0, 0, 0, 0, 1, 0, 1, 0, 1, 1, 0, 2, 0, 0, 0, 0, 0, 0, 0, 2, 0, 0, 1, 0, 0, 1, 0, 0, 3, 0, 0, 1, 0, 0, 0, 0, 3, 0, 2, 0, 0, 2, 1, 3, 0, 0, 0, 1, 0, 0],842.3358630601143,52535.59882498444,107349.69971746493,false
22,G2_TEC,G4_BALANCED,[31, 22, 82, 15, 26, 9, 95, 42, 77, 68, 47, 5, 93, 78, 86, 54, 85, 63, 18, 44, 20, 49, 36, 14, 74, 50, 53, 17, 21, 28, 11, 64, 3, 23, 30, 83, 24, 41, 40, 52, 65, 27, 90, 70, 39, 87, 48, 69, 99, 4, 46, 1, 13, 58, 97, 59, 45, 8, 73, 37, 35, 79, 71, 66, 76, 32, 60, 80, 96, 6, 16, 61, 33, 7, 57, 34, 12, 67, 10, 98, 56, 88, 29, 25, 91, 38, 0, 92, 43, 84, 51, 72, 81, 75, 2, 55, 62, 89, 94, 19]|[2, 1, 2, 1, 1, 2, 1, 1, 1, 1, 1, 0, 2, 2, 1, 2, 0, 0, 0, 2, 2, 1, 0, 2, 0, 2, 2, 1, 0, 1, 1, 1, 0, 0, 1, 0, 2, 1, 2, 2, 0, 0, 1, 1, 0, 2, 0, 2, 1, 0, 0, 2, 0, 0, 2, 0, 1, 1, 0, 0, 2, 1, 1, 2, 2, 0, 2, 2, 0, 1, 2, 1, 1, 2, 0, 1, 1, 1, 1, 2, 2, 1, 1, 0, 1, 0, 0, 0, 1, 0, 1, 1, 1, 0, 2, 0, 1, 1, 2, 1]|[0, 3, 0, 3, 4, 1, 4, 4, 2, 4, 3, 2, 1, 0, 2, 1, 1, 1, 2, 1, 1, 3, 0, 1, 0, 1, 1, 4, 1, 4, 3, 2, 2, 0, 4, 1, 1, 4, 0, 1, 2, 1, 4, 4, 1, 1, 0, 2, 3, 2, 2, 1, 2, 1, 1, 2, 4, 3, 0, 2, 2, 3, 3, 0, 1, 2, 0, 1, 2, 4, 1, 3, 4, 1, 2, 4, 3, 3, 3, 1, 1, 4, 3, 2, 3, 2, 2, 2, 4, 2, 3, 4, 4, 2, 1, 2, 3, 4, 1, 4]|[0, 2, 0, 0, 3, 0, 1, 3, 0, 0, 2, 0, 1, 0, 1, 0, 0, 0, 1, 0, 0, 2, 0, 0, 1, 0, 0, 3, 0, 1, 0, 2, 0, 0, 3, 0, 1, 3, 0, 0, 0, 0, 1, 3, 0, 0, 1, 0, 2, 0, 0, 0, 0, 0, 1, 0, 1, 0, 1, 1, 0, 2, 0, 0, 0, 0, 0, 0, 0, 2, 0, 0, 1, 0, 0, 1, 0, 0, 3, 0, 0, 1, 0, 0, 0, 0, 0, 0, 2, 0, 0, 2, 1, 0, 0, 0, 0, 1, 0, 1],906.5768941555567,50484.03413996969,114606.36793336812,true
22,G3_TWC,G1_CMAX,[31, 22, 82, 15, 26, 9, 42, 95, 77, 12, 47, 5, 93, 78, 86, 54, 85, 63, 18, 44, 20, 35, 43, 97, 91, 76, 10, 30, 21, 45, 71, 64, 1, 23, 17, 83, 24, 14, 60, 36, 6, 57, 94, 88, 65, 56, 79, 40, 67, 68, 46, 75, 38, 58, 19, 32, 81, 41, 27, 62, 87, 90, 99, 59, 11, 16, 72, 73, 69, 39, 37, 84, 3, 92, 25, 55, 28, 29, 51, 7, 33, 61, 98, 66, 89, 50, 8, 96, 53, 80, 4, 48, 34, 2, 52, 13, 0, 70, 49, 74]|[1, 1, 0, 1, 1, 1, 2, 1, 2, 1, 2, 2, 2, 1, 1, 0, 0, 1, 0, 2, 2, 0, 1, 2, 0, 1, 2, 2, 0, 0, 1, 2, 1, 2, 1, 0, 2, 0, 1, 1, 0, 1, 1, 1, 0, 2, 1, 1, 0, 0, 0, 0, 1, 1, 2, 1, 2, 0, 0, 0, 2, 1, 0, 1, 2, 1, 2, 1, 1, 1, 1, 1, 1, 0, 1, 2, 0, 0, 0, 1, 2, 1, 0, 2, 1, 0, 1, 0, 0, 0, 0, 0, 2, 0, 1, 0, 0, 1, 0, 2]|[4, 3, 2, 2, 0, 0, 2, 2, 2, 4, 1, 1, 2, 4, 4, 1, 2, 4, 2, 1, 1, 1, 1, 2, 1, 2, 1, 1, 1, 1, 3, 2, 3, 0, 4, 0, 1, 1, 0, 3, 2, 2, 2, 0, 1, 1, 0, 4, 0, 1, 2, 2, 1, 4, 0, 3, 2, 1, 1, 2, 1, 3, 1, 1, 1, 3, 0, 4, 3, 1, 4, 1, 1, 0, 4, 1, 2, 1, 1, 3, 1, 3, 1, 1, 1, 1, 3, 1, 2, 1, 2, 1, 1, 2, 1, 2, 2, 3, 1, 1]|[0, 2, 1, 1, 3, 3, 0, 1, 0, 0, 0, 0, 1, 0, 1, 0, 0, 3, 1, 0, 0, 0, 3, 1, 0, 2, 0, 0, 0, 1, 0, 0, 0, 0, 3, 0, 1, 0, 0, 2, 1, 1, 1, 0, 0, 0, 0, 2, 1, 0, 0, 0, 1, 3, 0, 0, 1, 0, 0, 1, 0, 2, 0, 1, 0, 2, 1, 0, 0, 1, 1, 3, 1, 1, 3, 0, 1, 0, 0, 2, 0, 0, 0, 0, 1, 0, 2, 0, 1, 0, 1, 0, 0, 0, 1, 0, 0, 0, 1, 0],801.427594812029,57868.49349465401,91455.85780813712,true
22,G1_CMAX,G1_CMAX,[31, 22, 82, 15, 26, 9, 95, 42, 77, 12, 47, 5, 93, 78, 86, 54, 6, 63, 18, 44, 20, 35, 43, 97, 91, 76, 10, 30, 21, 45, 71, 64, 1, 23, 17, 83, 24, 14, 60, 36, 85, 57, 40, 88, 65, 56, 79, 94, 67, 68, 46, 75, 38, 58, 19, 32, 81, 41, 62, 87, 28, 90, 99, 59, 11, 74, 16, 73, 70, 39, 37, 84, 3, 92, 25, 34, 53, 29, 51, 7, 33, 61, 98, 48, 89, 50, 8, 96, 27, 80, 4, 66, 55, 2, 52, 13, 0, 69, 72, 49]|[1, 1, 0, 1, 1, 0, 1, 2, 2, 1, 2, 2, 2, 1, 1, 0, 0, 1, 0, 2, 2, 0, 1, 2, 2, 1, 2, 2, 0, 0, 1, 1, 1, 2, 1, 0, 2, 0, 1, 1, 0, 1, 1, 1, 0, 2, 1, 1, 0, 0, 0, 0, 1, 1, 2, 1, 2, 0, 0, 2, 2, 1, 0, 1, 2, 2, 1, 1, 1, 1, 1, 1, 1, 0, 1, 2, 0, 0, 0, 1, 2, 1, 2, 0, 1, 0, 1, 2, 0, 0, 1, 0, 2, 0, 1, 0, 0, 1, 2, 0]|[0, 3, 2, 2, 4, 1, 2, 2, 2, 4, 1, 1, 2, 4, 4, 1, 2, 4, 2, 1, 1, 1, 1, 2, 1, 2, 1, 1, 1, 1, 3, 3, 3, 1, 4, 0, 1, 1, 0, 3, 2, 2, 2, 0, 1, 1, 0, 4, 0, 1, 2, 2, 1, 4, 0, 3, 2, 1, 2, 1, 1, 3, 1, 1, 1, 1, 3, 4, 3, 1, 4, 1, 1, 0, 4, 1, 2, 1, 1, 1, 1, 3, 1, 1, 1, 1, 3, 1, 2, 1, 4, 1, 1, 2, 1, 2, 2, 4, 0, 1]|[0, 2, 1, 1, 3, 0, 1, 0, 0, 0, 0, 0, 1, 0, 1, 0, 0, 3, 1, 0, 0, 0, 3, 1, 0, 2, 0, 0, 0, 1, 0, 0, 0, 0, 3, 0, 1, 0, 0, 2, 1, 1, 1, 0, 0, 0, 0, 2, 1, 0, 0, 0, 1, 3, 0, 0, 1, 0, 1, 0, 0, 2, 0, 1, 0, 0, 2, 0, 0, 1, 1, 3, 1, 1, 3, 0, 1, 0, 0, 2, 0, 0, 0, 0, 1, 0, 2, 0, 1, 0, 0, 0, 0, 0, 1, 0, 0, 2, 1, 1],741.9179691710704,57057.085601903054,96721.69229258975,false
22,G4_BALANCED,G4_BALANCED,[31, 11, 15, 82, 26, 9, 95, 32, 77, 68, 47, 5, 93, 78, 86, 54, 85, 63, 18, 44, 20, 49, 36, 14, 74, 50, 53, 17, 21, 45, 71, 64, 3, 23, 30, 83, 24, 41, 60, 52, 65, 27, 90, 70, 39, 87, 48, 69, 99, 4, 46, 1, 13, 58, 97, 59, 28, 75, 73, 37, 35, 79, 22, 66, 76, 42, 40, 80, 96, 6, 16, 61, 33, 7, 57, 34, 12, 67, 10, 98, 56, 88, 29, 8, 91, 38, 19, 92, 43, 84, 51, 72, 81, 25, 94, 55, 0, 89, 2, 62]|[2, 1, 1, 2, 1, 2, 1, 1, 1, 1, 1, 0, 2, 2, 1, 2, 0, 0, 0, 2, 2, 1, 0, 2, 0, 2, 2, 1, 0, 1, 1, 1, 0, 0, 1, 0, 2, 1, 2, 2, 0, 0, 1, 1, 0, 2, 0, 2, 1, 0, 0, 2, 0, 0, 2, 0, 1, 0, 0, 0, 2, 1, 0, 2, 2, 0, 2, 2, 0, 1, 2, 1, 1, 2, 0, 1, 1, 1, 1, 2, 2, 1, 1, 1, 1, 0, 1, 0, 1, 0, 1, 1, 1, 1, 2, 0, 0, 1, 2, 1]|[1, 3, 2, 0, 4, 1, 4, 4, 2, 4, 3, 2, 1, 0, 2, 1, 1, 1, 2, 1, 1, 3, 0, 1, 0, 1, 1, 4, 1, 4, 3, 2, 2, 0, 4, 1, 1, 4, 0, 1, 2, 1, 4, 4, 1, 1, 0, 2, 3, 1, 2, 1, 2, 1, 1, 2, 4, 2, 0, 2, 2, 3, 1, 0, 1, 2, 0, 1, 2, 4, 1, 3, 4, 1, 2, 4, 3, 3, 3, 1, 1, 4, 3, 3, 3, 2, 4, 2, 4, 2, 3, 4, 1, 4, 1, 2, 2, 4, 1, 3]|[1, 2, 1, 0, 3, 0, 1, 3, 0, 0, 2, 0, 1, 0, 1, 0, 0, 0, 1, 0, 0, 2, 0, 0, 1, 0, 0, 3, 0, 1, 0, 2, 0, 1, 3, 0, 1, 3, 1, 0, 0, 0, 1, 3, 0, 0, 1, 0, 2, 0, 0, 0, 0, 0, 1, 0, 1, 0, 1, 1, 0, 2, 0, 0, 0, 0, 0, 0, 0, 2, 0, 0, 1, 0, 0, 1, 0, 0, 3, 0, 0, 1, 0, 0, 0, 0, 3, 0, 2, 0, 0, 2, 1, 3, 0, 0, 0, 1, 0, 0],842.3358630601143,52535.59882498444,107349.69971746493,false
22,G2_TEC,G2_TEC,[31, 22, 82, 15, 26, 9, 95, 42, 77, 68, 47, 5, 93, 78, 86, 54, 85, 63, 18, 44, 20, 49, 36, 14, 74, 50, 53, 17, 21, 28, 71, 64, 3, 23, 30, 83, 24, 41, 40, 52, 65, 27, 90, 70, 39, 87, 48, 69, 99, 4, 46, 1, 13, 58, 97, 59, 45, 8, 73, 37, 35, 79, 11, 66, 76, 32, 60, 80, 96, 6, 16, 61, 33, 7, 57, 34, 12, 67, 10, 98, 56, 88, 29, 75, 91, 38, 19, 92, 43, 84, 51, 72, 81, 62, 2, 55, 0, 89, 94, 25]|[2, 1, 2, 1, 1, 2, 1, 1, 1, 1, 1, 0, 2, 2, 1, 2, 0, 0, 0, 2, 2, 1, 0, 2, 0, 2, 2, 1, 0, 1, 1, 1, 0, 0, 1, 0, 2, 1, 2, 2, 0, 0, 1, 1, 1, 2, 0, 2, 1, 0, 0, 2, 0, 0, 2, 0, 1, 1, 0, 0, 2, 1, 0, 2, 2, 0, 2, 2, 0, 1, 2, 1, 1, 2, 0, 1, 1, 1, 1, 2, 2, 1, 1, 0, 1, 0, 1, 0, 1, 0, 1, 1, 1, 1, 2, 0, 0, 1, 2, 1]|[0, 3, 0, 3, 4, 1, 4, 4, 2, 4, 3, 2, 1, 0, 2, 1, 1, 1, 2, 1, 1, 3, 0, 1, 0, 1, 1, 4, 1, 4, 3, 2, 2, 0, 4, 1, 1, 4, 0, 1, 2, 1, 4, 4, 3, 1, 0, 2, 3, 1, 2, 1, 2, 1, 1, 2, 4, 3, 0, 2, 2, 3, 1, 0, 1, 2, 0, 1, 2, 4, 1, 3, 4, 1, 2, 4, 3, 3, 3, 1, 1, 4, 3, 2, 3, 2, 4, 2, 4, 2, 3, 4, 4, 3, 1, 2, 2, 4, 1, 4]|[0, 2, 0, 0, 3, 0, 1, 3, 0, 0, 2, 0, 1, 0, 1, 0, 0, 0, 1, 0, 0, 2, 0, 0, 1, 0, 0, 3, 0, 1, 0, 2, 0, 0, 3, 0, 1, 3, 0, 0, 0, 0, 1, 3, 0, 0, 1, 0, 2, 0, 0, 0, 0, 0, 1, 0, 1, 0, 1, 1, 0, 2, 0, 0, 0, 0, 0, 0, 0, 2, 0, 0, 1, 0, 0, 1, 0, 0, 3, 0, 0, 1, 0, 0, 0, 0, 3, 0, 2, 0, 0, 2, 1, 0, 0, 0, 0, 1, 0, 3],881.6584647642314,51030.57514328521,113289.87283732764,false
22,G3_TWC,G1_CMAX,[31, 22, 82, 15, 26, 9, 42, 95, 77, 12, 47, 5, 93, 78, 86, 54, 85, 63, 18, 44, 20, 35, 43, 97, 91, 76, 10, 30, 21, 45, 71, 64, 1, 23, 17, 83, 24, 14, 60, 36, 6, 57, 94, 88, 65, 56, 79, 40, 67, 68, 46, 75, 38, 58, 19, 32, 81, 41, 27, 62, 87, 90, 99, 59, 11, 16, 72, 73, 69, 39, 37, 84, 3, 92, 25, 55, 28, 29, 51, 7, 33, 61, 98, 66, 89, 50, 8, 96, 53, 80, 4, 48, 34, 2, 52, 13, 0, 70, 49, 74]|[1, 1, 0, 1, 1, 1, 2, 1, 2, 1, 2, 2, 2, 1, 1, 0, 0, 1, 0, 2, 2, 0, 1, 2, 0, 1, 2, 2, 0, 0, 1, 2, 1, 2, 1, 0, 2, 0, 1, 1, 0, 1, 1, 1, 0, 2, 1, 1, 0, 0, 0, 0, 1, 1, 2, 1, 2, 0, 0, 0, 2, 1, 0, 1, 2, 1, 2, 1, 1, 1, 1, 1, 1, 0, 1, 2, 0, 0, 0, 1, 2, 1, 0, 2, 1, 0, 1, 0, 0, 0, 0, 0, 2, 0, 1, 0, 0, 1, 0, 2]|[4, 3, 2, 2, 0, 0, 2, 2, 2, 4, 1, 1, 2, 4, 4, 1, 2, 4, 2, 1, 1, 1, 1, 2, 1, 2, 1, 1, 1, 1, 3, 2, 3, 0, 4, 0, 1, 1, 0, 3, 2, 2, 2, 0, 1, 1, 0, 4, 0, 1, 2, 2, 1, 4, 0, 3, 2, 1, 1, 2, 1, 3, 1, 1, 1, 3, 0, 4, 3, 1, 4, 1, 1, 0, 4, 1, 2, 1, 1, 3, 1, 3, 1, 1, 1, 1, 3, 1, 2, 1, 2, 1, 1, 2, 1, 2, 2, 3, 1, 1]|[0, 2, 1, 1, 3, 3, 0, 1, 0, 0, 0, 0, 1, 0, 1, 0, 0, 3, 1, 0, 0, 0, 3, 1, 0, 2, 0, 0, 0, 1, 0, 0, 0, 0, 3, 0, 1, 0, 0, 2, 1, 1, 1, 0, 0, 0, 0, 2, 1, 0, 0, 0, 1, 3, 0, 0, 1, 0, 0, 1, 0, 2, 0, 1, 0, 2, 1, 0, 0, 1, 1, 3, 1, 1, 3, 0, 1, 0, 0, 2, 0, 0, 0, 0, 1, 0, 2, 0, 1, 0, 1, 0, 0, 0, 1, 0, 0, 0, 1, 0],801.427594812029,57868.49349465401,91455.85780813712,true
22,G1_CMAX,G1_CMAX,[31, 22, 82, 15, 26, 9, 95, 42, 77, 12, 47, 5, 93, 78, 86, 54, 6, 63, 18, 44, 20, 35, 43, 97, 91, 76, 10, 30, 21, 45, 71, 64, 1, 23, 17, 83, 24, 14, 60, 36, 85, 57, 40, 88, 65, 56, 79, 94, 67, 68, 46, 75, 38, 58, 19, 32, 81, 41, 62, 87, 28, 90, 99, 59, 11, 72, 16, 73, 70, 39, 37, 84, 3, 92, 25, 34, 29, 55, 51, 7, 98, 61, 66, 48, 89, 50, 4, 96, 53, 80, 8, 33, 27, 2, 52, 13, 0, 69, 74, 49]|[1, 1, 0, 1, 1, 0, 1, 2, 2, 1, 2, 2, 2, 1, 1, 0, 0, 1, 0, 2, 2, 0, 1, 2, 2, 1, 2, 2, 0, 0, 1, 1, 1, 2, 1, 0, 2, 0, 1, 1, 0, 1, 1, 1, 0, 2, 1, 1, 0, 0, 0, 0, 1, 1, 2, 1, 2, 0, 0, 2, 2, 1, 0, 1, 2, 2, 1, 1, 1, 1, 1, 1, 1, 0, 1, 2, 0, 2, 0, 1, 2, 1, 0, 0, 1, 0, 1, 2, 0, 0, 1, 2, 0, 0, 1, 0, 0, 1, 2, 0]|[0, 3, 2, 2, 4, 1, 2, 2, 2, 4, 1, 1, 2, 4, 4, 1, 2, 4, 2, 1, 1, 1, 1, 2, 1, 2, 1, 1, 1, 1, 3, 3, 3, 0, 4, 0, 1, 1, 0, 3, 2, 2, 2, 0, 1, 1, 0, 4, 0, 1, 2, 2, 1, 4, 0, 3, 2, 1, 2, 1, 1, 3, 1, 1, 1, 0, 3, 4, 3, 1, 4, 1, 1, 0, 4, 1, 1, 1, 1, 1, 1, 3, 1, 1, 1, 1, 4, 1, 2, 1, 3, 1, 2, 2, 1, 2, 2, 4, 1, 1]|[0, 2, 1, 1, 3, 0, 1, 0, 0, 0, 0, 0, 1, 0, 1, 0, 0, 3, 1, 0, 0, 0, 3, 1, 0, 2, 0, 0, 0, 1, 0, 0, 0, 0, 3, 0, 1, 0, 0, 2, 1, 1, 1, 0, 0, 0, 0, 2, 1, 0, 0, 0, 1, 3, 0, 0, 1, 0, 1, 0, 0, 2, 0, 1, 0, 1, 2, 0, 0, 1, 1, 3, 1, 1, 3, 0, 0, 0, 0, 2, 0, 0, 0, 0, 1, 0, 0, 0, 1, 0, 2, 0, 1, 0, 1, 0, 0, 2, 0, 1],740.1000024547002,57245.26292476342,97017.87740826326,false
22,G4_BALANCED,G4_BALANCED,[31, 11, 15, 82, 26, 9, 95, 32, 77, 68, 47, 5, 93, 78, 86, 54, 85, 63, 18, 44, 20, 49, 36, 14, 74, 50, 53, 17, 21, 45, 71, 64, 3, 23, 30, 83, 24, 41, 60, 52, 65, 27, 90, 70, 39, 87, 48, 69, 99, 4, 46, 1, 13, 58, 97, 59, 28, 75, 73, 37, 35, 79, 22, 66, 76, 42, 40, 80, 96, 6, 16, 61, 33, 7, 57, 34, 12, 67, 10, 98, 56, 88, 29, 8, 91, 38, 19, 92, 43, 84, 51, 72, 81, 25, 94, 55, 0, 89, 2, 62]|[2, 1, 1, 2, 1, 2, 1, 1, 1, 1, 1, 0, 2, 2, 1, 2, 0, 0, 0, 2, 2, 1, 0, 2, 0, 2, 2, 1, 0, 1, 1, 1, 0, 0, 1, 0, 2, 1, 2, 2, 0, 0, 1, 1, 0, 2, 0, 2, 1, 0, 0, 2, 0, 0, 2, 0, 1, 0, 0, 0, 2, 1, 0, 2, 2, 0, 2, 2, 0, 1, 2, 1, 1, 2, 0, 1, 1, 1, 1, 2, 2, 1, 1, 1, 1, 0, 1, 0, 1, 0, 1, 1, 1, 1, 2, 0, 0, 1, 2, 1]|[1, 3, 2, 0, 4, 1, 4, 4, 2, 4, 3, 2, 1, 0, 2, 1, 1, 1, 2, 1, 1, 3, 0, 1, 0, 1, 1, 4, 1, 4, 3, 2, 2, 0, 4, 1, 1, 4, 0, 1, 2, 1, 4, 4, 1, 1, 0, 2, 3, 1, 2, 1, 2, 1, 1, 2, 4, 2, 0, 2, 2, 3, 1, 0, 1, 2, 0, 1, 2, 4, 1, 3, 4, 1, 2, 4, 3, 3, 3, 1, 1, 4, 3, 3, 3, 2, 4, 2, 4, 2, 3, 4, 1, 4, 1, 2, 2, 4, 1, 3]|[1, 2, 1, 0, 3, 0, 1, 3, 0, 0, 2, 0, 1, 0, 1, 0, 0, 0, 1, 0, 0, 2, 0, 0, 1, 0, 0, 3, 0, 1, 0, 2, 0, 1, 3, 0, 1, 3, 1, 0, 0, 0, 1, 3, 0, 0, 1, 0, 2, 0, 0, 0, 0, 0, 1, 0, 1, 0, 1, 1, 0, 2, 0, 0, 0, 0, 0, 0, 0, 2, 0, 0, 1, 0, 0, 1, 0, 0, 3, 0, 0, 1, 0, 0, 0, 0, 3, 0, 2, 0, 0, 2, 1, 3, 0, 0, 0, 1, 0, 0],842.3358630601143,52535.59882498444,107349.69971746493,false
22,G2_TEC,G2_TEC,[31, 22, 82, 15, 26, 9, 95, 42, 77, 68, 47, 5, 93, 78, 86, 54, 85, 63, 18, 44, 20, 49, 36, 14, 74, 50, 53, 17, 21, 28, 11, 64, 3, 23, 30, 83, 24, 41, 40, 52, 65, 27, 90, 70, 39, 87, 48, 69, 99, 4, 46, 1, 13, 58, 97, 59, 45, 8, 73, 37, 35, 79, 71, 66, 76, 32, 60, 80, 96, 6, 16, 61, 33, 7, 57, 34, 12, 67, 10, 98, 56, 88, 29, 75, 91, 38, 19, 92, 43, 84, 51, 72, 81, 25, 2, 55, 62, 89, 94, 0]|[2, 1, 2, 1, 1, 2, 1, 1, 1, 1, 1, 0, 2, 2, 1, 2, 0, 0, 0, 2, 2, 1, 0, 2, 0, 2, 2, 1, 0, 1, 1, 1, 0, 0, 1, 0, 2, 1, 2, 2, 0, 0, 1, 1, 0, 2, 0, 2, 1, 0, 0, 2, 0, 0, 2, 0, 1, 1, 0, 0, 2, 1, 1, 2, 2, 0, 2, 2, 0, 1, 2, 1, 1, 2, 0, 1, 1, 1, 1, 2, 2, 1, 1, 0, 1, 0, 1, 0, 1, 0, 1, 1, 1, 1, 2, 0, 1, 1, 2, 0]|[0, 3, 0, 3, 4, 1, 4, 4, 2, 4, 3, 2, 1, 0, 2, 1, 1, 1, 2, 1, 1, 3, 0, 1, 0, 1, 1, 4, 1, 4, 3, 2, 2, 0, 4, 1, 1, 4, 0, 1, 2, 1, 4, 4, 1, 1, 0, 2, 3, 2, 2, 1, 2, 1, 1, 2, 4, 3, 0, 2, 2, 3, 3, 0, 1, 2, 0, 1, 2, 4, 1, 3, 4, 1, 2, 4, 3, 3, 3, 1, 1, 4, 3, 2, 3, 2, 4, 2, 4, 2, 3, 4, 4, 4, 1, 2, 3, 4, 1, 2]|[0, 2, 0, 0, 3, 0, 1, 3, 0, 0, 2, 0, 1, 0, 1, 0, 0, 0, 1, 0, 0, 2, 0, 0, 1, 0, 0, 3, 0, 1, 0, 2, 0, 0, 3, 0, 1, 3, 0, 0, 0, 0, 1, 3, 0, 0, 1, 0, 2, 0, 0, 0, 0, 0, 1, 0, 1, 0, 1, 1, 0, 2, 0, 0, 0, 0, 0, 0, 0, 2, 0, 0, 1, 0, 0, 1, 0, 0, 3, 0, 0, 1, 0, 0, 0, 0, 1, 0, 2, 0, 0, 2, 1, 3, 0, 0, 0, 1, 0, 0],896.1029292898813,50428.13444364295,114595.46915086164,false
22,G3_TWC,G3_TWC,[31, 22, 82, 15, 26, 9, 42, 95, 77, 12, 47, 5, 93, 78, 86, 54, 85, 63, 18, 44, 20, 35, 43, 97, 91, 76, 10, 30, 21, 45, 71, 64, 1, 23, 17, 83, 24, 14, 60, 36, 6, 57, 94, 88, 65, 56, 79, 40, 67, 68, 46, 75, 38, 58, 19, 32, 81, 41, 27, 62, 87, 90, 99, 59, 11, 16, 72, 73, 69, 39, 37, 84, 3, 92, 25, 55, 28, 29, 51, 7, 33, 61, 98, 48, 89, 50, 66, 80, 53, 96, 4, 8, 34, 2, 52, 13, 0, 70, 49, 74]|[1, 1, 0, 1, 1, 1, 2, 1, 2, 1, 2, 2, 2, 1, 1, 0, 0, 1, 0, 2, 2, 0, 1, 2, 0, 1, 2, 2, 0, 0, 1, 2, 1, 2, 1, 0, 2, 0, 1, 1, 0, 1, 1, 1, 0, 2, 1, 1, 0, 0, 0, 0, 1, 1, 2, 1, 2, 0, 0, 0, 2, 1, 0, 1, 2, 1, 2, 1, 1, 1, 1, 1, 1, 0, 1, 2, 0, 0, 0, 1, 2, 1, 0, 0, 1, 0, 2, 0, 0, 0, 0, 1, 2, 0, 1, 0, 0, 1, 0, 2]|[4, 3, 2, 2, 0, 0, 2, 2, 2, 4, 1, 1, 2, 4, 4, 1, 2, 4, 2, 1, 1, 1, 1, 2, 1, 2, 1, 1, 1, 1, 3, 2, 3, 0, 4, 0, 1, 1, 0, 3, 2, 2, 2, 0, 1, 1, 0, 4, 0, 1, 2, 2, 1, 4, 0, 3, 2, 1, 1, 2, 1, 3, 1, 1, 1, 3, 0, 4, 3, 1, 4, 1, 1, 0, 4, 1, 2, 1, 1, 3, 1, 3, 1, 1, 1, 1, 1, 1, 2, 1, 2, 3, 1, 2, 1, 2, 2, 3, 1, 1]|[0, 2, 1, 1, 3, 3, 0, 1, 0, 0, 0, 0, 1, 0, 1, 0, 0, 3, 1, 0, 0, 0, 3, 1, 0, 2, 0, 0, 0, 1, 0, 0, 0, 0, 3, 0, 1, 0, 0, 2, 1, 1, 1, 0, 0, 0, 0, 2, 1, 0, 0, 0, 1, 3, 0, 0, 1, 0, 0, 1, 0, 2, 0, 1, 0, 2, 1, 0, 0, 1, 1, 3, 1, 1, 3, 0, 1, 0, 0, 2, 0, 0, 0, 0, 1, 0, 0, 0, 1, 0, 1, 2, 0, 0, 1, 0, 0, 0, 1, 0],803.6608139707632,57865.486640629686,91564.24455842278,false
22,G1_CMAX,G3_TWC,[31, 22, 82, 15, 26, 58, 95, 42, 77, 12, 47, 5, 93, 78, 86, 54, 85, 63, 18, 44, 20, 35, 43, 97, 91, 76, 10, 30, 21, 45, 71, 64, 1, 23, 17, 83, 24, 14, 60, 36, 6, 57, 40, 88, 65, 56, 79, 94, 67, 68, 46, 75, 38, 9, 19, 32, 81, 41, 27, 62, 87, 90, 99, 59, 11, 53, 72, 73, 70, 39, 37, 84, 3, 92, 25, 55, 28, 29, 51, 7, 33, 61, 98, 48, 89, 50, 8, 96, 16, 80, 4, 66, 34, 2, 52, 13, 0, 69, 74, 49]|[1, 1, 0, 1, 1, 0, 1, 2, 2, 1, 2, 2, 2, 1, 1, 0, 0, 1, 0, 2, 2, 0, 1, 2, 0, 1, 2, 2, 0, 0, 1, 2, 1, 2, 1, 0, 2, 0, 1, 1, 0, 1, 1, 1, 0, 2, 1, 1, 0, 0, 0, 0, 1, 1, 2, 1, 2, 0, 0, 0, 2, 1, 0, 1, 2, 1, 2, 1, 1, 1, 1, 1, 1, 0, 1, 2, 0, 0, 0, 1, 2, 1, 2, 0, 1, 0, 1, 2, 0, 0, 1, 2, 2, 0, 1, 0, 0, 1, 2, 0]|[4, 3, 2, 2, 4, 1, 2, 2, 2, 4, 1, 1, 2, 4, 4, 1, 2, 4, 2, 1, 1, 1, 1, 2, 1, 2, 1, 1, 1, 1, 3, 2, 3, 1, 4, 0, 1, 1, 0, 3, 2, 2, 2, 0, 1, 1, 0, 4, 0, 1, 2, 2, 1, 4, 0, 3, 2, 1, 1, 2, 1, 3, 1, 1, 1, 3, 0, 4, 3, 1, 4, 1, 1, 0, 4, 1, 2, 1, 1, 1, 1, 3, 1, 1, 1, 1, 3, 1, 2, 1, 4, 1, 1, 2, 1, 2, 2, 4, 1, 1]|[0, 2, 1, 1, 3, 0, 1, 0, 0, 0, 0, 0, 1, 0, 1, 0, 0, 3, 1, 0, 0, 0, 3, 1, 0, 2, 0, 0, 0, 1, 0, 0, 0, 0, 3, 0, 1, 0, 0, 2, 1, 1, 1, 0, 0, 0, 0, 2, 1, 0, 0, 0, 1, 3, 0, 0, 1, 0, 0, 1, 0, 2, 0, 1, 0, 2, 1, 0, 0, 1, 1, 3, 1, 1, 3, 0, 1, 0, 0, 2, 0, 0, 0, 0, 1, 0, 2, 0, 1, 0, 0, 0, 0, 0, 1, 0, 0, 2, 0, 1],757.9515101974129,56448.55391705502,96198.7189165474,true
22,G4_BALANCED,G4_BALANCED,[31, 11, 15, 82, 26, 9, 95, 32, 77, 68, 47, 5, 93, 78, 86, 54, 85, 63, 18, 44, 20, 49, 36, 14, 74, 50, 53, 17, 21, 45, 71, 64, 3, 23, 30, 83, 24, 41, 60, 52, 65, 27, 90, 70, 39, 87, 48, 69, 99, 4, 46, 1, 13, 58, 97, 59, 28, 75, 73, 37, 35, 79, 22, 66, 76, 42, 40, 80, 96, 6, 16, 61, 33, 7, 57, 34, 12, 67, 10, 98, 56, 88, 29, 8, 91, 38, 19, 92, 43, 84, 51, 72, 81, 25, 94, 55, 0, 89, 2, 62]|[2, 1, 1, 2, 1, 2, 1, 1, 1, 1, 1, 0, 2, 2, 1, 2, 0, 0, 0, 2, 2, 1, 0, 2, 0, 2, 2, 1, 0, 1, 1, 1, 0, 0, 1, 0, 2, 1, 2, 2, 0, 0, 1, 1, 0, 2, 0, 2, 1, 0, 0, 2, 0, 0, 2, 0, 1, 0, 0, 0, 2, 1, 0, 2, 2, 0, 2, 2, 0, 1, 2, 1, 1, 2, 0, 1, 1, 1, 1, 2, 2, 1, 1, 1, 1, 0, 1, 0, 1, 0, 1, 1, 1, 1, 2, 0, 0, 1, 2, 1]|[1, 3, 2, 0, 4, 1, 4, 4, 2, 4, 3, 2, 1, 0, 2, 1, 1, 1, 2, 1, 1, 3, 0, 1, 0, 1, 1, 4, 1, 4, 3, 2, 2, 0, 4, 1, 1, 4, 0, 1, 2, 1, 4, 4, 1, 1, 0, 2, 3, 1, 2, 1, 2, 1, 1, 2, 4, 2, 0, 2, 2, 3, 1, 0, 1, 2, 0, 1, 2, 4, 1, 3, 4, 1, 2, 4, 3, 3, 3, 1, 1, 4, 3, 3, 3, 2, 4, 2, 4, 2, 3, 4, 1, 4, 1, 2, 2, 4, 1, 3]|[1, 2, 1, 0, 3, 0, 1, 3, 0, 0, 2, 0, 1, 0, 1, 0, 0, 0, 1, 0, 0, 2, 0, 0, 1, 0, 0, 3, 0, 1, 0, 2, 0, 1, 3, 0, 1, 3, 1, 0, 0, 0, 1, 3, 0, 0, 1, 0, 2, 0, 0, 0, 0, 0, 1, 0, 1, 0, 1, 1, 0, 2, 0, 0, 0, 0, 0, 0, 0, 2, 0, 0, 1, 0, 0, 1, 0, 0, 3, 0, 0, 1, 0, 0, 0, 0, 3, 0, 2, 0, 0, 2, 1, 3, 0, 0, 0, 1, 0, 0],842.3358630601143,52535.59882498444,107349.69971746493,false
22,G2_TEC,G4_BALANCED,[31, 22, 82, 15, 26, 9, 95, 42, 77, 68, 47, 5, 93, 78, 86, 54, 85, 63, 18, 44, 20, 49, 36, 14, 74, 50, 53, 17, 21, 28, 71, 64, 3, 23, 30, 83, 24, 41, 60, 52, 65, 27, 90, 70, 39, 87, 48, 69, 99, 4, 46, 1, 13, 58, 97, 59, 11, 8, 73, 37, 35, 79, 33, 66, 76, 32, 40, 80, 96, 6, 16, 61, 45, 84, 57, 34, 12, 67, 10, 98, 56, 88, 29, 75, 91, 38, 19, 92, 43, 7, 51, 72, 81, 25, 2, 55, 62, 89, 94, 0]|[2, 1, 2, 1, 1, 2, 1, 1, 1, 1, 1, 0, 2, 2, 1, 2, 0, 0, 0, 2, 2, 1, 0, 2, 0, 2, 2, 1, 0, 1, 1, 1, 0, 0, 1, 0, 2, 1, 2, 2, 0, 0, 1, 1, 0, 2, 0, 2, 1, 0, 0, 2, 0, 0, 2, 0, 1, 1, 0, 0, 2, 1, 0, 2, 2, 0, 2, 2, 0, 1, 2, 1, 1, 0, 0, 1, 1, 1, 1, 2, 2, 1, 1, 0, 0, 0, 1, 0, 1, 2, 1, 1, 1, 1, 2, 0, 1, 1, 2, 0]|[0, 3, 0, 3, 4, 1, 4, 4, 2, 4, 3, 2, 1, 0, 2, 1, 1, 1, 2, 1, 1, 3, 0, 1, 0, 1, 1, 4, 1, 4, 3, 2, 2, 0, 4, 1, 1, 4, 0, 1, 2, 1, 4, 4, 1, 1, 0, 2, 3, 1, 2, 1, 2, 1, 1, 2, 4, 3, 0, 2, 2, 3, 1, 0, 1, 2, 1, 1, 2, 4, 1, 3, 4, 2, 2, 4, 3, 3, 3, 1, 1, 4, 3, 2, 2, 2, 4, 2, 4, 1, 3, 4, 1, 4, 1, 2, 3, 4, 1, 2]|[0, 2, 0, 0, 3, 0, 1, 3, 0, 0, 2, 0, 1, 0, 1, 0, 0, 0, 1, 0, 0, 2, 0, 0, 1, 0, 0, 3, 0, 1, 0, 2, 0, 0, 3, 0, 1, 3, 0, 0, 0, 0, 1, 3, 0, 0, 1, 0, 2, 0, 0, 0, 0, 0, 1, 0, 1, 0, 1, 1, 0, 2, 0, 0, 0, 0, 0, 0, 0, 2, 0, 0, 1, 0, 0, 1, 0, 0, 3, 0, 0, 1, 0, 0, 0, 0, 3, 0, 2, 0, 0, 2, 1, 3, 0, 0, 0, 1, 0, 0],906.1653176624711,50742.85429600954,113040.68423923779,true
22,G3_TWC,G3_TWC,[31, 22, 82, 15, 26, 9, 42, 95, 77, 12, 47, 5, 93, 78, 86, 54, 85, 63, 18, 44, 20, 35, 43, 97, 91, 76, 10, 30, 21, 45, 71, 64, 1, 23, 17, 83, 24, 14, 60, 36, 6, 57, 94, 88, 65, 56, 79, 40, 67, 68, 46, 75, 38, 58, 19, 32, 81, 41, 27, 62, 87, 90, 99, 59, 11, 16, 72, 73, 69, 39, 37, 84, 3, 92, 25, 55, 28, 29, 51, 7, 33, 61, 98, 66, 89, 50, 48, 96, 80, 53, 8, 4, 34, 2, 52, 0, 13, 70, 49, 74]|[1, 1, 0, 1, 1, 1, 2, 1, 2, 1, 2, 2, 2, 1, 1, 0, 0, 1, 0, 2, 2, 0, 1, 2, 0, 1, 2, 2, 0, 0, 1, 2, 1, 2, 1, 0, 2, 0, 1, 1, 0, 1, 1, 1, 0, 2, 1, 1, 0, 0, 0, 0, 1, 1, 2, 1, 2, 0, 0, 0, 2, 1, 0, 1, 2, 1, 2, 1, 1, 1, 1, 1, 1, 0, 1, 2, 0, 0, 0, 1, 2, 1, 2, 2, 1, 0, 0, 2, 0, 0, 1, 0, 2, 0, 1, 0, 0, 1, 0, 2]|[4, 3, 2, 2, 0, 0, 2, 2, 2, 4, 1, 1, 2, 4, 4, 1, 2, 4, 2, 1, 1, 1, 1, 2, 1, 2, 1, 1, 1, 1, 3, 2, 3, 1, 4, 0, 1, 1, 0, 3, 2, 2, 2, 0, 1, 1, 0, 4, 0, 1, 2, 2, 1, 4, 0, 3, 2, 1, 1, 2, 1, 3, 1, 1, 1, 3, 0, 4, 3, 1, 4, 1, 1, 2, 4, 1, 2, 1, 1, 3, 1, 3, 1, 1, 1, 1, 1, 1, 1, 2, 3, 2, 1, 2, 1, 2, 2, 3, 1, 1]|[0, 2, 1, 1, 3, 3, 0, 1, 0, 0, 0, 0, 1, 0, 1, 0, 0, 3, 1, 0, 0, 0, 3, 1, 0, 2, 0, 0, 0, 1, 0, 0, 0, 0, 3, 0, 1, 0, 0, 2, 1, 1, 1, 0, 0, 0, 0, 2, 1, 0, 0, 0, 1, 3, 0, 0, 1, 0, 0, 1, 0, 2, 0, 1, 0, 2, 1, 0, 0, 1, 1, 3, 1, 1, 3, 0, 1, 0, 0, 2, 0, 0, 0, 0, 1, 0, 0, 0, 0, 1, 2, 1, 0, 0, 1, 0, 0, 0, 1, 0],778.5294090754865,57556.011360927005,92299.58483837318,false
22,G1_CMAX,G1_CMAX,[31, 22, 82, 15, 26, 58, 95, 42, 77, 12, 47, 5, 93, 78, 86, 54, 85, 63, 18, 44, 20, 35, 43, 97, 91, 76, 10, 30, 21, 45, 71, 64, 1, 23, 17, 83, 24, 14, 60, 36, 6, 57, 40, 88, 65, 56, 79, 94, 67, 41, 68, 75, 38, 9, 19, 32, 81, 55, 27, 62, 87, 90, 99, 59, 11, 16, 72, 73, 70, 39, 37, 84, 3, 92, 25, 46, 28, 29, 51, 50, 66, 61, 98, 48, 89, 7, 8, 96, 4, 53, 80, 33, 34, 49, 52, 0, 13, 69, 2, 74]|[1, 1, 0, 1, 1, 0, 2, 1, 2, 1, 2, 2, 2, 1, 1, 0, 0, 1, 0, 2, 2, 0, 1, 2, 0, 1, 2, 2, 0, 0, 1, 2, 1, 2, 1, 0, 2, 0, 1, 1, 0, 1, 1, 1, 0, 2, 1, 1, 0, 0, 0, 0, 1, 1, 2, 1, 2, 2, 0, 0, 2, 1, 0, 1, 2, 1, 2, 1, 1, 1, 1, 1, 1, 0, 1, 2, 0, 0, 0, 0, 2, 1, 2, 0, 1, 1, 1, 0, 1, 0, 0, 2, 2, 0, 1, 0, 0, 1, 0, 2]|[4, 3, 2, 2, 4, 1, 2, 2, 2, 4, 1, 1, 2, 4, 4, 1, 2, 4, 2, 1, 1, 1, 1, 2, 1, 2, 1, 1, 1, 1, 3, 2, 3, 1, 4, 0, 1, 1, 0, 3, 2, 2, 2, 0, 1, 1, 0, 4, 0, 1, 2, 2, 1, 4, 0, 3, 2, 1, 1, 2, 1, 3, 1, 1, 1, 3, 1, 4, 3, 1, 4, 1, 1, 0, 4, 1, 2, 1, 1, 1, 1, 3, 1, 1, 1, 3, 3, 1, 4, 2, 1, 1, 1, 1, 1, 2, 2, 4, 2, 1]|[0, 2, 1, 1, 3, 0, 0, 1, 0, 0, 0, 0, 1, 0, 1, 0, 0, 3, 1, 0, 0, 0, 3, 1, 0, 2, 0, 0, 0, 1, 0, 0, 0, 0, 3, 0, 1, 0, 0, 2, 1, 1, 1, 0, 0, 0, 0, 2, 1, 0, 0, 0, 1, 3, 0, 0, 1, 0, 0, 1, 0, 2, 0, 1, 0, 2, 0, 0, 0, 1, 1, 3, 1, 1, 3, 0, 1, 0, 0, 0, 0, 0, 0, 0, 1, 2, 2, 0, 0, 1, 0, 0, 0, 1, 1, 0, 0, 2, 0, 0],765.917905263551,56198.43671185382,94719.76756679031,false
22,G4_BALANCED,G4_BALANCED,[31, 11, 15, 82, 26, 9, 95, 32, 77, 68, 47, 5, 93, 78, 86, 54, 85, 63, 18, 44, 20, 49, 36, 14, 74, 50, 53, 17, 21, 45, 71, 64, 3, 23, 30, 83, 24, 41, 60, 52, 65, 27, 90, 70, 39, 87, 48, 69, 99, 4, 46, 1, 13, 58, 97, 59, 28, 75, 73, 37, 35, 79, 22, 66, 76, 42, 40, 80, 96, 6, 16, 61, 33, 7, 57, 34, 12, 67, 10, 98, 56, 88, 29, 8, 91, 38, 19, 92, 43, 84, 51, 72, 81, 25, 94, 55, 0, 89, 2, 62]|[2, 1, 1, 2, 1, 2, 1, 1, 1, 1, 1, 0, 2, 2, 1, 2, 0, 0, 0, 2, 2, 1, 0, 2, 0, 2, 2, 1, 0, 1, 1, 1, 0, 0, 1, 0, 2, 1, 2, 2, 0, 0, 1, 1, 0, 2, 0, 2, 1, 0, 0, 2, 0, 0, 2, 0, 1, 0, 0, 0, 2, 1, 0, 2, 2, 0, 2, 2, 0, 1, 2, 1, 1, 2, 0, 1, 1, 1, 1, 2, 2, 1, 1, 1, 1, 0, 1, 0, 1, 0, 1, 1, 1, 1, 2, 0, 0, 1, 2, 1]|[1, 3, 2, 0, 4, 1, 4, 4, 2, 4, 3, 2, 1, 0, 2, 1, 1, 1, 2, 1, 1, 3, 0, 1, 0, 1, 1, 4, 1, 4, 3, 2, 2, 0, 4, 1, 1, 4, 0, 1, 2, 1, 4, 4, 1, 1, 0, 2, 3, 1, 2, 1, 2, 1, 1, 2, 4, 2, 0, 2, 2, 3, 1, 0, 1, 2, 0, 1, 2, 4, 1, 3, 4, 1, 2, 4, 3, 3, 3, 1, 1, 4, 3, 3, 3, 2, 4, 2, 4, 2, 3, 4, 1, 4, 1, 2, 2, 4, 1, 3]|[1, 2, 1, 0, 3, 0, 1, 3, 0, 0, 2, 0, 1, 0, 1, 0, 0, 0, 1, 0, 0, 2, 0, 0, 1, 0, 0, 3, 0, 1, 0, 2, 0, 1, 3, 0, 1, 3, 1, 0, 0, 0, 1, 3, 0, 0, 1, 0, 2, 0, 0, 0, 0, 0, 1, 0, 1, 0, 1, 1, 0, 2, 0, 0, 0, 0, 0, 0, 0, 2, 0, 0, 1, 0, 0, 1, 0, 0, 3, 0, 0, 1, 0, 0, 0, 0, 3, 0, 2, 0, 0, 2, 1, 3, 0, 0, 0, 1, 0, 0],842.3358630601143,52535.59882498444,107349.69971746493,false
22,G2_TEC,G2_TEC,[31, 22, 82, 15, 26, 9, 95, 42, 77, 68, 47, 5, 93, 78, 86, 54, 85, 63, 18, 44, 20, 49, 36, 14, 74, 50, 53, 17, 21, 28, 11, 64, 3, 23, 30, 83, 24, 41, 40, 52, 65, 27, 90, 70, 39, 87, 48, 69, 99, 4, 46, 1, 13, 58, 97, 59, 45, 8, 73, 37, 35, 79, 71, 66, 76, 32, 60, 80, 96, 6, 16, 61, 33, 7, 57, 34, 12, 67, 10, 98, 56, 88, 29, 75, 91, 38, 19, 92, 43, 84, 51, 72, 81, 25, 2, 55, 62, 89, 94, 0]|[2, 1, 2, 1, 1, 2, 1, 1, 1, 1, 1, 0, 2, 2, 1, 2, 0, 0, 0, 2, 2, 1, 0, 2, 0, 2, 2, 1, 0, 1, 1, 1, 0, 0, 1, 0, 2, 1, 2, 2, 0, 0, 1, 1, 0, 2, 0, 2, 1, 0, 0, 2, 0, 0, 2, 0, 1, 1, 0, 0, 2, 1, 1, 2, 2, 0, 2, 2, 0, 1, 2, 1, 1, 2, 0, 1, 1, 1, 1, 2, 2, 1, 1, 0, 1, 0, 1, 0, 1, 0, 1, 1, 1, 1, 2, 0, 1, 1, 2, 0]|[0, 3, 0, 3, 4, 1, 4, 4, 2, 4, 3, 2, 1, 0, 2, 1, 1, 1, 2, 1, 1, 3, 0, 1, 0, 1, 1, 4, 1, 4, 3, 2, 2, 0, 4, 1, 1, 4, 0, 1, 2, 1, 4, 4, 1, 1, 0, 2, 3, 2, 2, 1, 2, 1, 1, 2, 4, 3, 0, 2, 2, 3, 3, 0, 1, 2, 0, 1, 2, 4, 1, 3, 4, 1, 2, 4, 3, 3, 3, 1, 1, 4, 3, 2, 3, 2, 4, 2, 4, 2, 3, 4, 4, 4, 1, 2, 3, 4, 1, 2]|[0, 2, 0, 0, 3, 0, 1, 3, 0, 0, 2, 0, 1, 0, 1, 0, 0, 0, 1, 0, 0, 2, 0, 0, 1, 0, 0, 3, 0, 1, 0, 2, 0, 0, 3, 0, 1, 3, 0, 0, 0, 0, 1, 3, 0, 0, 1, 0, 2, 0, 0, 0, 0, 0, 1, 0, 1, 0, 1, 1, 0, 2, 0, 0, 0, 0, 0, 0, 0, 2, 0, 0, 1, 0, 0, 1, 0, 0, 3, 0, 0, 1, 0, 0, 0, 0, 1, 0, 2, 0, 0, 2, 1, 3, 0, 0, 0, 1, 0, 0],896.1029292898813,50428.13444364295,114595.46915086164,false
22,G3_TWC,G1_CMAX,[31, 22, 82, 15, 26, 9, 42, 95, 77, 12, 47, 5, 93, 78, 86, 54, 85, 63, 18, 44, 20, 35, 43, 97, 91, 76, 10, 30, 21, 45, 71, 64, 1, 23, 17, 83, 24, 14, 60, 36, 6, 57, 94, 88, 65, 56, 79, 40, 67, 68, 46, 75, 38, 58, 19, 32, 81, 41, 27, 62, 87, 90, 99, 59, 11, 16, 72, 73, 69, 39, 37, 84, 3, 92, 25, 55, 28, 29, 51, 7, 33, 61, 98, 66, 89, 50, 8, 96, 53, 80, 4, 48, 34, 2, 52, 13, 0, 70, 49, 74]|[1, 1, 0, 1, 1, 1, 2, 1, 2, 1, 2, 2, 2, 1, 1, 0, 0, 1, 0, 2, 2, 0, 1, 2, 0, 1, 2, 2, 0, 0, 1, 2, 1, 2, 1, 0, 2, 0, 1, 1, 0, 1, 1, 1, 0, 2, 1, 1, 0, 0, 0, 0, 1, 1, 2, 1, 2, 0, 0, 0, 2, 1, 0, 1, 2, 1, 2, 1, 1, 1, 1, 1, 1, 0, 1, 2, 0, 0, 0, 1, 2, 1, 0, 2, 1, 0, 1, 0, 0, 0, 0, 0, 2, 0, 1, 0, 0, 1, 0, 2]|[4, 3, 2, 2, 0, 0, 2, 2, 2, 4, 1, 1, 2, 4, 4, 1, 2, 4, 2, 1, 1, 1, 1, 2, 1, 2, 1, 1, 1, 1, 3, 2, 3, 0, 4, 0, 1, 1, 0, 3, 2, 2, 2, 0, 1, 1, 0, 4, 0, 1, 2, 2, 1, 4, 0, 3, 2, 1, 1, 2, 1, 3, 1, 1, 1, 3, 0, 4, 3, 1, 4, 1, 1, 0, 4, 1, 2, 1, 1, 3, 1, 3, 1, 1, 1, 1, 3, 1, 2, 1, 2, 1, 1, 2, 1, 2, 2, 3, 1, 1]|[0, 2, 1, 1, 3, 3, 0, 1, 0, 0, 0, 0, 1, 0, 1, 0, 0, 3, 1, 0, 0, 0, 3, 1, 0, 2, 0, 0, 0, 1, 0, 0, 0, 0, 3, 0, 1, 0, 0, 2, 1, 1, 1, 0, 0, 0, 0, 2, 1, 0, 0, 0, 1, 3, 0, 0, 1, 0, 0, 1, 0, 2, 0, 1, 0, 2, 1, 0, 0, 1, 1, 3, 1, 1, 3, 0, 1, 0, 0, 2, 0, 0, 0, 0, 1, 0, 2, 0, 1, 0, 1, 0, 0, 0, 1, 0, 0, 0, 1, 0],801.427594812029,57868.49349465401,91455.85780813712,true
22,G1_CMAX,G3_TWC,[31, 22, 82, 15, 26, 9, 42, 95, 77, 12, 47, 5, 93, 78, 86, 54, 85, 63, 18, 44, 20, 35, 43, 97, 91, 76, 10, 30, 21, 45, 71, 64, 1, 23, 17, 83, 24, 14, 60, 36, 6, 57, 94, 88, 65, 56, 79, 40, 67, 68, 46, 75, 38, 58, 19, 32, 81, 41, 27, 62, 87, 90, 99, 59, 11, 16, 72, 73, 69, 39, 37, 84, 3, 92, 25, 55, 28, 29, 51, 50, 66, 61, 98, 48, 89, 7, 8, 96, 80, 53, 33, 4, 34, 2, 52, 0, 13, 70, 49, 74]|[1, 1, 0, 1, 1, 1, 2, 1, 2, 1, 2, 2, 2, 1, 1, 0, 0, 1, 0, 2, 2, 0, 1, 2, 0, 1, 2, 2, 0, 0, 1, 2, 1, 2, 1, 0, 2, 0, 1, 1, 0, 1, 1, 1, 0, 2, 1, 1, 0, 0, 0, 0, 1, 1, 2, 1, 2, 0, 0, 0, 2, 1, 0, 1, 2, 1, 2, 1, 1, 1, 1, 1, 1, 0, 1, 1, 0, 0, 0, 0, 2, 1, 2, 0, 1, 1, 0, 2, 0, 0, 2, 0, 2, 0, 1, 0, 0, 1, 0, 2]|[4, 3, 2, 2, 0, 0, 2, 2, 2, 4, 1, 1, 2, 4, 4, 1, 2, 4, 2, 1, 1, 1, 1, 2, 1, 2, 1, 1, 1, 1, 3, 2, 3, 0, 4, 0, 1, 1, 0, 3, 2, 2, 2, 0, 1, 1, 0, 4, 0, 1, 2, 2, 1, 4, 0, 3, 2, 1, 1, 2, 1, 3, 1, 1, 1, 3, 0, 4, 3, 1, 4, 1, 1, 2, 4, 4, 2, 1, 1, 1, 1, 3, 1, 1, 1, 1, 1, 1, 1, 2, 1, 2, 1, 2, 1, 2, 2, 4, 1, 1]|[0, 2, 1, 1, 3, 3, 0, 1, 0, 0, 0, 0, 1, 0, 1, 0, 0, 3, 1, 0, 0, 0, 3, 1, 0, 2, 0, 0, 0, 1, 0, 0, 0, 0, 3, 0, 1, 0, 0, 2, 1, 1, 1, 0, 0, 0, 0, 2, 1, 0, 0, 0, 1, 3, 0, 0, 1, 0, 0, 1, 0, 2, 0, 1, 0, 2, 1, 0, 0, 1, 1, 3, 1, 1, 3, 3, 1, 0, 0, 0, 0, 0, 0, 0, 1, 2, 0, 0, 0, 1, 0, 1, 0, 0, 1, 0, 0, 3, 1, 0],782.7512397309767,58238.90309649937,91372.79101102933,true
22,G4_BALANCED,G4_BALANCED,[31, 22, 82, 15, 26, 9, 95, 42, 77, 68, 47, 5, 93, 78, 86, 54, 85, 63, 18, 44, 20, 49, 36, 14, 74, 50, 53, 17, 21, 28, 71, 64, 3, 23, 30, 83, 24, 41, 60, 52, 65, 27, 90, 70, 39, 87, 48, 69, 99, 4, 46, 1, 13, 58, 97, 59, 11, 8, 73, 37, 35, 79, 33, 66, 76, 32, 40, 80, 96, 6, 16, 61, 45, 7, 57, 34, 12, 67, 10, 98, 56, 88, 51, 75, 91, 38, 19, 92, 62, 84, 29, 72, 81, 25, 2, 55, 0, 89, 94, 43]|[2, 1, 2, 1, 1, 2, 1, 1, 1, 2, 1, 0, 2, 2, 1, 2, 0, 0, 0, 2, 2, 1, 0, 2, 0, 2, 2, 1, 0, 1, 1, 1, 0, 0, 1, 0, 2, 1, 2, 2, 0, 0, 1, 1, 0, 2, 0, 2, 1, 0, 0, 2, 0, 0, 2, 0, 1, 1, 0, 0, 2, 1, 1, 2, 2, 0, 2, 2, 0, 1, 2, 1, 1, 2, 0, 1, 1, 1, 1, 0, 2, 1, 1, 0, 1, 0, 1, 0, 1, 0, 1, 1, 1, 1, 2, 0, 0, 1, 1, 1]|[0, 3, 0, 3, 4, 1, 4, 4, 2, 0, 3, 2, 1, 0, 2, 1, 1, 1, 2, 1, 1, 3, 0, 1, 0, 1, 1, 4, 1, 4, 3, 2, 2, 0, 4, 1, 1, 4, 0, 1, 2, 1, 4, 4, 1, 1, 0, 2, 3, 1, 2, 1, 2, 1, 1, 2, 4, 3, 0, 2, 2, 3, 4, 0, 1, 2, 1, 1, 2, 4, 1, 3, 4, 1, 2, 4, 3, 3, 3, 2, 1, 4, 3, 2, 3, 2, 4, 2, 3, 2, 3, 4, 1, 4, 1, 2, 2, 4, 4, 4]|[0, 2, 0, 0, 3, 0, 1, 3, 0, 0, 2, 0, 1, 0, 1, 0, 0, 0, 1, 0, 0, 2, 0, 0, 1, 0, 0, 3, 0, 1, 0, 2, 0, 0, 3, 0, 1, 3, 0, 0, 0, 0, 1, 3, 0, 0, 1, 0, 2, 0, 0, 0, 0, 0, 1, 0, 1, 0, 1, 1, 0, 2, 1, 0, 0, 0, 0, 0, 0, 2, 0, 0, 1, 0, 0, 1, 0, 0, 3, 0, 0, 1, 0, 0, 0, 0, 3, 0, 0, 0, 0, 2, 1, 3, 0, 0, 0, 1, 2, 2],911.6352812199987,50958.860606386304,111790.20729191447,false
22,G2_TEC,G2_TEC,[31, 22, 82, 15, 26, 9, 95, 42, 77, 68, 47, 5, 93, 78, 86, 54, 85, 63, 18, 44, 20, 49, 36, 14, 74, 50, 53, 17, 21, 28, 11, 64, 3, 23, 30, 83, 24, 41, 40, 52, 65, 27, 90, 70, 39, 87, 48, 69, 99, 4, 46, 1, 13, 58, 97, 59, 45, 8, 73, 37, 35, 79, 71, 66, 76, 32, 60, 80, 96, 6, 16, 61, 33, 7, 57, 34, 12, 67, 10, 98, 56, 88, 29, 75, 91, 38, 19, 92, 43, 84, 51, 72, 81, 25, 2, 55, 62, 89, 94, 0]|[2, 1, 2, 1, 1, 2, 1, 1, 1, 1, 1, 0, 2, 2, 1, 2, 0, 0, 0, 2, 2, 1, 0, 2, 0, 2, 2, 1, 0, 1, 1, 1, 0, 0, 1, 0, 2, 1, 2, 2, 0, 0, 1, 1, 0, 2, 0, 2, 1, 0, 0, 2, 0, 0, 2, 0, 1, 1, 0, 0, 2, 1, 1, 2, 2, 0, 2, 2, 0, 1, 2, 1, 1, 2, 0, 1, 1, 1, 1, 2, 2, 1, 1, 0, 1, 0, 1, 0, 1, 0, 1, 1, 1, 1, 2, 0, 1, 1, 2, 0]|[0, 3, 0, 3, 4, 1, 4, 4, 2, 4, 3, 2, 1, 0, 2, 1, 1, 1, 2, 1, 1, 3, 0, 1, 0, 1, 1, 4, 1, 4, 3, 2, 2, 0, 4, 1, 1, 4, 0, 1, 2, 1, 4, 4, 1, 1, 0, 2, 3, 2, 2, 1, 2, 1, 1, 2, 4, 3, 0, 2, 2, 3, 3, 0, 1, 2, 0, 1, 2, 4, 1, 3, 4, 1, 2, 4, 3, 3, 3, 1, 1, 4, 3, 2, 3, 2, 4, 2, 4, 2, 3, 4, 4, 4, 1, 2, 3, 4, 1, 2]|[0, 2, 0, 0, 3, 0, 1, 3, 0, 0, 2, 0, 1, 0, 1, 0, 0, 0, 1, 0, 0, 2, 0, 0, 1, 0, 0, 3, 0, 1, 0, 2, 0, 0, 3, 0, 1, 3, 0, 0, 0, 0, 1, 3, 0, 0, 1, 0, 2, 0, 0, 0, 0, 0, 1, 0, 1, 0, 1, 1, 0, 2, 0, 0, 0, 0, 0, 0, 0, 2, 0, 0, 1, 0, 0, 1, 0, 0, 3, 0, 0, 1, 0, 0, 0, 0, 1, 0, 2, 0, 0, 2, 1, 3, 0, 0, 0, 1, 0, 0],896.1029292898813,50428.13444364295,114595.46915086164,false
22,G3_TWC,G4_BALANCED,[31, 22, 82, 15, 26, 58, 42, 95, 77, 12, 47, 5, 93, 78, 86, 54, 46, 63, 18, 44, 20, 35, 43, 97, 91, 76, 10, 30, 21, 45, 71, 64, 1, 23, 17, 83, 24, 14, 60, 36, 6, 57, 94, 88, 65, 56, 79, 40, 67, 68, 85, 75, 38, 9, 19, 32, 81, 41, 27, 62, 87, 90, 99, 59, 11, 16, 72, 73, 69, 39, 37, 84, 3, 92, 25, 55, 28, 29, 51, 7, 33, 61, 98, 66, 89, 50, 8, 96, 80, 53, 48, 4, 34, 2, 52, 0, 13, 70, 49, 74]|[1, 1, 0, 1, 1, 1, 2, 1, 2, 1, 2, 2, 2, 1, 1, 0, 0, 1, 0, 2, 2, 0, 1, 2, 0, 1, 2, 2, 0, 0, 1, 2, 1, 2, 1, 0, 2, 0, 1, 1, 0, 1, 1, 1, 0, 2, 1, 1, 0, 0, 0, 0, 1, 1, 2, 1, 2, 0, 0, 0, 2, 1, 0, 1, 2, 1, 2, 1, 1, 1, 1, 1, 1, 0, 1, 2, 0, 0, 0, 1, 2, 1, 0, 2, 1, 0, 1, 0, 0, 0, 0, 0, 2, 0, 1, 0, 0, 1, 0, 2]|[4, 3, 2, 2, 0, 0, 2, 2, 2, 4, 1, 1, 2, 4, 4, 1, 2, 4, 2, 1, 1, 1, 1, 2, 1, 2, 1, 1, 1, 1, 3, 2, 3, 0, 4, 0, 1, 1, 0, 3, 2, 2, 2, 0, 1, 1, 0, 4, 0, 1, 2, 2, 1, 4, 0, 3, 2, 1, 1, 2, 1, 3, 1, 1, 1, 3, 0, 4, 3, 1, 4, 1, 1, 0, 4, 1, 2, 1, 1, 3, 1, 3, 1, 1, 1, 1, 3, 1, 1, 2, 1, 2, 1, 2, 1, 2, 2, 3, 1, 1]|[0, 2, 1, 1, 3, 3, 0, 1, 0, 0, 0, 0, 1, 0, 1, 0, 0, 3, 1, 0, 0, 0, 3, 1, 0, 2, 0, 0, 0, 1, 0, 0, 0, 0, 3, 0, 1, 0, 0, 2, 1, 1, 1, 0, 0, 0, 0, 2, 1, 0, 0, 0, 1, 3, 0, 0, 1, 0, 0, 1, 0, 2, 0, 1, 0, 2, 1, 0, 0, 1, 1, 3, 1, 1, 3, 0, 1, 0, 0, 2, 0, 0, 0, 0, 1, 0, 2, 0, 0, 1, 0, 1, 0, 0, 1, 0, 0, 0, 1, 0],814.0880336266008,57843.66434241321,91570.94686267315,true
22,G1_CMAX,G1_CMAX,[31, 22, 82, 15, 26, 9, 42, 77, 12, 5, 47, 93, 78, 86, 54, 6, 63, 18, 44, 20, 35, 43, 97, 91, 76, 10, 30, 21, 45, 17, 23, 1, 71, 83, 24, 14, 60, 36, 85, 57, 40, 95, 88, 65, 56, 79, 94, 67, 68, 46, 75, 38, 58, 19, 32, 81, 41, 62, 87, 28, 90, 59, 11, 16, 72, 73, 69, 52, 37, 64, 84, 3, 25, 29, 55, 51, 7, 98, 61, 66, 99, 33, 89, 48, 50, 96, 53, 80, 4, 8, 27, 2, 39, 13, 0, 92, 49, 74, 34, 70]|[1, 1, 0, 1, 1, 1, 2, 2, 1, 2, 2, 1, 1, 1, 0, 0, 1, 0, 2, 2, 0, 1, 2, 2, 1, 2, 2, 0, 0, 1, 2, 1, 1, 0, 2, 0, 1, 1, 0, 1, 1, 1, 1, 0, 2, 1, 1, 0, 0, 0, 0, 1, 1, 2, 1, 2, 0, 0, 2, 0, 1, 2, 2, 1, 2, 1, 1, 1, 1, 1, 1, 2, 1, 0, 2, 0, 1, 2, 1, 0, 0, 2, 1, 0, 0, 2, 0, 0, 1, 1, 0, 0, 1, 0, 0, 0, 0, 2, 2, 1]|[0, 3, 1, 2, 0, 0, 1, 1, 4, 1, 1, 4, 4, 4, 2, 2, 4, 2, 1, 1, 1, 1, 2, 1, 2, 1, 1, 1, 1, 4, 0, 3, 3, 0, 1, 1, 0, 3, 2, 2, 2, 2, 0, 1, 1, 0, 4, 0, 1, 2, 2, 1, 4, 0, 3, 2, 1, 2, 1, 2, 3, 1, 1, 3, 0, 4, 4, 1, 4, 3, 1, 2, 4, 1, 1, 1, 1, 1, 3, 1, 1, 1, 1, 1, 1, 1, 2, 1, 4, 3, 2, 2, 1, 2, 2, 0, 1, 1, 1, 4]|[1, 1, 1, 1, 3, 3, 0, 0, 0, 0, 0, 2, 0, 1, 0, 0, 3, 1, 0, 0, 0, 3, 1, 0, 2, 0, 0, 0, 1, 3, 0, 0, 0, 0, 1, 0, 0, 2, 1, 1, 1, 1, 0, 0, 0, 0, 2, 1, 0, 0, 0, 1, 3, 0, 0, 1, 0, 1, 0, 1, 2, 0, 0, 2, 1, 0, 2, 1, 1, 0, 3, 1, 3, 0, 0, 0, 2, 0, 0, 0, 0, 0, 1, 0, 0, 0, 1, 0, 0, 2, 1, 0, 1, 0, 0, 1, 1, 0, 0, 2],733.3116759547878,58140.55643565909,96674.14109675489,false
22,G4_BALANCED,G4_BALANCED,[31, 22, 82, 15, 26, 9, 95, 42, 77, 68, 47, 48, 5, 93, 78, 86, 54, 85, 63, 18, 44, 20, 49, 36, 14, 74, 50, 53, 17, 21, 28, 71, 64, 3, 23, 30, 83, 24, 41, 60, 52, 65, 27, 90, 70, 39, 87, 69, 99, 4, 46, 1, 13, 58, 97, 59, 45, 8, 73, 37, 35, 79, 11, 66, 76, 32, 40, 80, 96, 6, 16, 61, 19, 7, 57, 34, 12, 67, 10, 98, 56, 88, 91, 75, 29, 38, 33, 92, 43, 84, 51, 72, 81, 25, 2, 55, 62, 89, 94, 0]|[2, 1, 2, 1, 1, 2, 1, 1, 1, 1, 1, 0, 0, 2, 2, 1, 2, 0, 0, 0, 2, 2, 1, 0, 2, 0, 2, 2, 1, 0, 1, 1, 1, 0, 0, 1, 0, 2, 1, 2, 2, 0, 0, 1, 1, 0, 2, 2, 1, 0, 0, 2, 0, 0, 2, 0, 1, 1, 0, 0, 2, 1, 0, 2, 2, 0, 2, 2, 0, 1, 2, 1, 2, 2, 0, 1, 1, 1, 1, 2, 2, 1, 1, 0, 1, 0, 1, 0, 1, 0, 1, 1, 1, 1, 2, 0, 1, 1, 1, 0]|[0, 3, 0, 3, 4, 1, 4, 4, 2, 4, 3, 0, 2, 1, 0, 2, 1, 1, 1, 2, 1, 1, 3, 0, 1, 0, 1, 1, 4, 1, 4, 3, 2, 2, 0, 4, 1, 1, 4, 0, 1, 2, 1, 4, 4, 1, 1, 2, 3, 1, 2, 1, 2, 1, 1, 2, 4, 3, 0, 2, 2, 3, 1, 0, 1, 2, 0, 1, 2, 4, 1, 3, 1, 1, 2, 4, 3, 3, 3, 1, 1, 4, 3, 2, 3, 2, 4, 2, 4, 2, 3, 4, 1, 4, 1, 2, 3, 4, 4, 2]|[0, 2, 0, 0, 3, 0, 1, 3, 0, 0, 2, 1, 0, 1, 0, 1, 0, 0, 0, 1, 0, 0, 2, 0, 0, 1, 0, 0, 3, 0, 1, 0, 2, 0, 1, 3, 0, 1, 3, 1, 0, 0, 0, 1, 3, 0, 0, 0, 2, 0, 0, 0, 0, 0, 1, 0, 1, 0, 1, 1, 0, 2, 0, 0, 0, 0, 0, 0, 0, 2, 0, 0, 0, 0, 0, 1, 0, 0, 3, 0, 0, 1, 0, 0, 0, 0, 1, 0, 2, 0, 0, 2, 1, 3, 0, 0, 0, 1, 2, 0],859.7899275769614,51682.99224237402,106830.35001436771,false
22,G2_TEC,G2_TEC,[31, 22, 82, 15, 26, 9, 95, 42, 77, 68, 47, 5, 93, 78, 86, 54, 85, 63, 18, 44, 20, 49, 36, 14, 74, 50, 53, 17, 21, 28, 11, 64, 3, 23, 30, 83, 24, 41, 40, 52, 65, 27, 90, 70, 39, 87, 48, 69, 99, 4, 46, 1, 13, 58, 97, 59, 45, 8, 73, 37, 35, 79, 71, 66, 76, 32, 60, 80, 96, 6, 16, 61, 33, 7, 57, 34, 12, 67, 10, 98, 56, 88, 29, 75, 91, 38, 19, 92, 43, 84, 51, 72, 81, 25, 2, 55, 62, 89, 94, 0]|[2, 1, 2, 1, 1, 2, 1, 1, 1, 1, 1, 0, 2, 2, 1, 2, 0, 0, 0, 2, 2, 1, 0, 2, 0, 2, 2, 1, 0, 1, 1, 1, 0, 0, 1, 0, 2, 1, 2, 2, 0, 0, 1, 1, 0, 2, 0, 2, 1, 0, 0, 2, 0, 0, 2, 0, 1, 1, 0, 0, 2, 1, 1, 2, 2, 0, 2, 2, 0, 1, 2, 1, 1, 2, 0, 1, 1, 1, 1, 2, 2, 1, 1, 0, 1, 0, 1, 0, 1, 0, 1, 1, 1, 1, 2, 0, 1, 1, 2, 0]|[0, 3, 0, 3, 4, 1, 4, 4, 2, 4, 3, 2, 1, 0, 2, 1, 1, 1, 2, 1, 1, 3, 0, 1, 0, 1, 1, 4, 1, 4, 3, 2, 2, 0, 4, 1, 1, 4, 0, 1, 2, 1, 4, 4, 1, 1, 0, 2, 3, 2, 2, 1, 2, 1, 1, 2, 4, 3, 0, 2, 2, 3, 3, 0, 1, 2, 0, 1, 2, 4, 1, 3, 4, 1, 2, 4, 3, 3, 3, 1, 1, 4, 3, 2, 3, 2, 4, 2, 4, 2, 3, 4, 4, 4, 1, 2, 3, 4, 1, 2]|[0, 2, 0, 0, 3, 0, 1, 3, 0, 0, 2, 0, 1, 0, 1, 0, 0, 0, 1, 0, 0, 2, 0, 0, 1, 0, 0, 3, 0, 1, 0, 2, 0, 0, 3, 0, 1, 3, 0, 0, 0, 0, 1, 3, 0, 0, 1, 0, 2, 0, 0, 0, 0, 0, 1, 0, 1, 0, 1, 1, 0, 2, 0, 0, 0, 0, 0, 0, 0, 2, 0, 0, 1, 0, 0, 1, 0, 0, 3, 0, 0, 1, 0, 0, 0, 0, 1, 0, 2, 0, 0, 2, 1, 3, 0, 0, 0, 1, 0, 0],896.1029292898813,50428.13444364295,114595.46915086164,false
22,G3_TWC,G4_BALANCED,[31, 22, 82, 15, 26, 58, 95, 42, 77, 12, 47, 5, 93, 78, 86, 54, 85, 63, 18, 44, 20, 35, 43, 97, 91, 76, 10, 30, 21, 45, 71, 64, 1, 23, 17, 83, 24, 14, 60, 36, 6, 57, 40, 88, 65, 56, 79, 94, 67, 68, 46, 75, 38, 9, 19, 32, 81, 41, 27, 62, 87, 90, 99, 59, 11, 16, 72, 73, 69, 39, 37, 84, 3, 53, 25, 55, 28, 29, 51, 7, 33, 61, 98, 48, 89, 50, 66, 96, 92, 80, 8, 4, 34, 2, 52, 13, 0, 70, 74, 49]|[1, 1, 0, 1, 1, 0, 1, 2, 2, 1, 2, 2, 2, 1, 1, 0, 0, 1, 0, 2, 2, 0, 1, 2, 0, 1, 2, 2, 0, 0, 1, 2, 1, 2, 1, 0, 2, 0, 1, 1, 0, 1, 1, 1, 0, 2, 1, 1, 0, 0, 0, 0, 1, 1, 2, 1, 2, 0, 0, 0, 2, 1, 0, 1, 2, 1, 2, 1, 1, 1, 1, 1, 1, 0, 1, 2, 0, 0, 0, 1, 2, 1, 2, 0, 1, 0, 2, 2, 0, 0, 1, 1, 2, 0, 1, 0, 0, 1, 2, 0]|[4, 3, 2, 2, 4, 1, 2, 2, 2, 4, 1, 1, 2, 4, 4, 1, 2, 4, 2, 1, 1, 1, 1, 2, 1, 2, 1, 1, 1, 1, 3, 2, 3, 0, 4, 0, 1, 1, 0, 3, 2, 2, 2, 0, 1, 1, 0, 4, 0, 1, 2, 2, 1, 4, 0, 3, 2, 1, 1, 2, 1, 3, 1, 1, 1, 3, 0, 4, 3, 1, 4, 1, 1, 2, 4, 1, 2, 1, 1, 1, 1, 3, 1, 1, 1, 1, 1, 1, 2, 1, 3, 4, 1, 2, 1, 2, 2, 4, 1, 1]|[0, 2, 1, 1, 3, 0, 1, 0, 0, 0, 0, 0, 1, 0, 1, 0, 0, 3, 1, 0, 0, 0, 3, 1, 0, 2, 0, 0, 0, 1, 0, 0, 0, 0, 3, 0, 1, 0, 0, 2, 1, 1, 1, 0, 0, 0, 0, 2, 1, 0, 0, 0, 1, 3, 0, 0, 1, 0, 0, 1, 0, 2, 0, 1, 0, 2, 1, 0, 0, 1, 1, 3, 1, 1, 3, 0, 1, 0, 0, 2, 0, 0, 0, 0, 1, 0, 0, 0, 1, 0, 2, 0, 0, 0, 1, 0, 0, 2, 0, 1],758.1759973467765,56829.515333113224,94278.62215254652,true
22,G1_CMAX,G4_BALANCED,[31, 22, 82, 15, 26, 58, 95, 42, 77, 12, 47, 5, 93, 78, 86, 54, 85, 63, 18, 44, 20, 35, 43, 97, 91, 76, 10, 30, 21, 45, 71, 64, 1, 23, 17, 83, 24, 14, 60, 36, 6, 57, 40, 88, 65, 56, 79, 94, 67, 68, 46, 75, 38, 9, 19, 32, 81, 41, 27, 62, 87, 90, 99, 59, 11, 16, 72, 73, 70, 39, 37, 84, 3, 92, 25, 34, 29, 55, 51, 7, 33, 61, 96, 48, 89, 50, 8, 98, 53, 80, 4, 66, 28, 2, 52, 13, 0, 69, 74, 49]|[1, 1, 0, 1, 1, 0, 1, 2, 2, 1, 2, 2, 2, 1, 1, 0, 0, 1, 0, 2, 2, 0, 1, 2, 0, 1, 2, 2, 0, 0, 1, 2, 1, 2, 1, 0, 2, 0, 1, 1, 0, 1, 1, 1, 0, 2, 1, 1, 0, 0, 0, 0, 1, 1, 2, 1, 2, 0, 0, 2, 2, 1, 0, 1, 2, 1, 2, 1, 1, 1, 1, 1, 1, 0, 1, 2, 0, 2, 0, 1, 2, 1, 2, 0, 1, 0, 1, 2, 0, 0, 1, 2, 0, 0, 1, 0, 0, 1, 2, 0]|[4, 3, 2, 2, 4, 1, 2, 2, 2, 4, 1, 1, 2, 4, 4, 1, 2, 4, 2, 1, 1, 1, 1, 2, 1, 2, 1, 1, 1, 1, 3, 2, 3, 1, 4, 0, 1, 1, 0, 3, 2, 2, 2, 0, 1, 1, 0, 4, 0, 1, 2, 2, 1, 4, 0, 3, 2, 1, 1, 1, 1, 3, 1, 1, 1, 3, 1, 4, 3, 1, 4, 1, 1, 0, 4, 1, 1, 1, 1, 1, 1, 3, 1, 1, 1, 1, 3, 1, 2, 1, 4, 1, 2, 2, 1, 2, 2, 4, 1, 1]|[0, 2, 1, 1, 3, 0, 1, 0, 0, 0, 0, 0, 1, 0, 1, 0, 0, 3, 1, 0, 0, 0, 3, 1, 0, 2, 0, 0, 0, 1, 0, 0, 0, 0, 3, 0, 1, 0, 0, 2, 1, 1, 1, 0, 0, 0, 0, 2, 1, 0, 0, 0, 1, 3, 0, 0, 1, 0, 0, 0, 0, 2, 0, 1, 0, 2, 0, 0, 0, 1, 1, 3, 1, 1, 3, 0, 0, 0, 0, 2, 0, 0, 0, 0, 1, 0, 2, 0, 1, 0, 0, 0, 1, 0, 1, 0, 0, 2, 0, 1],783.8251551824545,55747.25239838225,96864.92339261314,true
22,G4_BALANCED,G4_BALANCED,[31, 22, 82, 15, 26, 58, 95, 42, 77, 12, 47, 5, 93, 78, 86, 54, 85, 63, 18, 44, 20, 35, 43, 97, 66, 76, 79, 30, 21, 45, 71, 64, 1, 23, 17, 83, 24, 14, 60, 36, 6, 57, 40, 88, 65, 56, 10, 94, 67, 68, 46, 75, 38, 9, 19, 32, 41, 81, 27, 87, 28, 90, 99, 59, 11, 16, 72, 73, 70, 39, 37, 84, 3, 92, 25, 55, 62, 29, 51, 7, 33, 61, 98, 48, 89, 50, 4, 96, 53, 80, 8, 91, 34, 69, 52, 13, 0, 2, 74, 49]|[1, 1, 0, 1, 1, 0, 1, 2, 2, 1, 2, 2, 2, 1, 1, 0, 0, 1, 0, 2, 2, 0, 1, 2, 2, 1, 2, 2, 0, 0, 1, 2, 1, 2, 1, 0, 2, 0, 1, 1, 0, 1, 1, 1, 0, 2, 2, 1, 0, 0, 0, 0, 1, 1, 2, 1, 0, 0, 0, 2, 0, 1, 0, 1, 2, 1, 2, 1, 1, 1, 1, 1, 1, 0, 1, 2, 0, 0, 0, 1, 2, 1, 2, 0, 1, 0, 1, 2, 0, 0, 1, 2, 2, 1, 1, 0, 0, 0, 2, 0]|[4, 3, 2, 2, 4, 1, 2, 2, 2, 4, 1, 1, 2, 4, 4, 1, 2, 4, 2, 1, 1, 1, 1, 2, 1, 2, 1, 1, 1, 1, 3, 2, 3, 1, 4, 0, 1, 1, 0, 3, 2, 2, 2, 0, 1, 1, 1, 4, 0, 1, 2, 2, 1, 4, 0, 3, 1, 1, 1, 1, 2, 3, 1, 1, 1, 3, 0, 4, 3, 1, 4, 1, 1, 0, 4, 1, 2, 1, 1, 1, 1, 3, 1, 1, 1, 1, 4, 1, 2, 1, 3, 1, 1, 4, 1, 2, 2, 2, 1, 1]|[0, 2, 1, 1, 3, 0, 1, 0, 0, 0, 0, 0, 1, 0, 1, 0, 0, 3, 1, 0, 0, 0, 3, 1, 0, 2, 0, 0, 0, 1, 0, 0, 0, 0, 3, 0, 1, 0, 0, 2, 1, 1, 1, 0, 0, 0, 0, 2, 1, 0, 0, 0, 1, 3, 0, 0, 0, 0, 0, 0, 1, 2, 0, 1, 0, 2, 1, 0, 0, 1, 1, 3, 1, 1, 3, 0, 1, 0, 0, 2, 0, 0, 0, 0, 1, 0, 0, 0, 1, 0, 2, 0, 0, 2, 1, 0, 0, 0, 0, 1],779.4157875228544,55773.95482290022,95868.19405613806,false
22,G2_TEC,G2_TEC,[31, 22, 82, 15, 26, 9, 95, 42, 77, 68, 47, 5, 93, 78, 86, 54, 85, 63, 18, 44, 20, 49, 36, 14, 74, 50, 53, 17, 21, 28, 11, 64, 3, 23, 30, 83, 24, 41, 40, 52, 65, 27, 90, 70, 39, 87, 48, 69, 99, 4, 46, 1, 13, 58, 97, 59, 45, 8, 73, 37, 35, 79, 71, 66, 76, 32, 60, 80, 96, 6, 16, 61, 33, 7, 57, 34, 12, 67, 10, 98, 56, 88, 29, 75, 91, 38, 19, 92, 43, 84, 51, 72, 81, 25, 2, 55, 62, 89, 94, 0]|[2, 1, 2, 1, 1, 2, 1, 1, 1, 1, 1, 0, 2, 2, 1, 2, 0, 0, 0, 2, 2, 1, 0, 2, 0, 2, 2, 1, 0, 1, 1, 1, 0, 0, 1, 0, 2, 1, 2, 2, 0, 0, 1, 1, 0, 2, 0, 2, 1, 0, 0, 2, 0, 0, 2, 0, 1, 1, 0, 0, 2, 1, 1, 2, 2, 0, 2, 2, 0, 1, 2, 1, 1, 2, 0, 1, 1, 1, 1, 2, 2, 1, 1, 0, 1, 0, 1, 0, 1, 0, 1, 1, 1, 1, 2, 0, 1, 1, 2, 0]|[0, 3, 0, 3, 4, 1, 4, 4, 2, 4, 3, 2, 1, 0, 2, 1, 1, 1, 2, 1, 1, 3, 0, 1, 0, 1, 1, 4, 1, 4, 3, 2, 2, 0, 4, 1, 1, 4, 0, 1, 2, 1, 4, 4, 1, 1, 0, 2, 3, 2, 2, 1, 2, 1, 1, 2, 4, 3, 0, 2, 2, 3, 3, 0, 1, 2, 0, 1, 2, 4, 1, 3, 4, 1, 2, 4, 3, 3, 3, 1, 1, 4, 3, 2, 3, 2, 4, 2, 4, 2, 3, 4, 4, 4, 1, 2, 3, 4, 1, 2]|[0, 2, 0, 0, 3, 0, 1, 3, 0, 0, 2, 0, 1, 0, 1, 0, 0, 0, 1, 0, 0, 2, 0, 0, 1, 0, 0, 3, 0, 1, 0, 2, 0, 0, 3, 0, 1, 3, 0, 0, 0, 0, 1, 3, 0, 0, 1, 0, 2, 0, 0, 0, 0, 0, 1, 0, 1, 0, 1, 1, 0, 2, 0, 0, 0, 0, 0, 0, 0, 2, 0, 0, 1, 0, 0, 1, 0, 0, 3, 0, 0, 1, 0, 0, 0, 0, 1, 0, 2, 0, 0, 2, 1, 3, 0, 0, 0, 1, 0, 0],896.1029292898813,50428.13444364295,114595.46915086164,false
22,G3_TWC,G3_TWC,[31, 22, 82, 15, 26, 9, 95, 42, 77, 12, 47, 5, 93, 78, 86, 54, 85, 63, 18, 44, 20, 35, 43, 97, 91, 76, 10, 30, 21, 45, 71, 64, 1, 23, 17, 83, 24, 14, 60, 36, 6, 57, 40, 88, 65, 56, 79, 94, 67, 68, 46, 75, 38, 58, 19, 32, 81, 41, 27, 62, 87, 90, 99, 59, 11, 16, 72, 73, 69, 39, 37, 84, 3, 92, 25, 55, 28, 29, 51, 7, 66, 61, 98, 48, 89, 50, 4, 96, 53, 80, 8, 33, 34, 2, 52, 13, 0, 70, 74, 49]|[1, 1, 0, 1, 1, 1, 1, 2, 2, 1, 2, 2, 2, 1, 1, 0, 0, 1, 0, 2, 2, 0, 1, 2, 0, 1, 2, 2, 0, 0, 1, 2, 1, 2, 1, 0, 2, 0, 1, 1, 0, 1, 1, 1, 0, 2, 1, 1, 0, 0, 0, 0, 1, 1, 2, 1, 2, 0, 0, 0, 2, 1, 0, 1, 2, 1, 2, 1, 1, 1, 1, 1, 1, 0, 1, 1, 0, 0, 0, 1, 2, 1, 2, 0, 1, 0, 0, 0, 0, 0, 1, 2, 2, 0, 1, 0, 0, 1, 2, 0]|[4, 3, 2, 2, 0, 0, 2, 2, 2, 4, 1, 1, 2, 4, 4, 1, 2, 4, 2, 1, 1, 1, 1, 2, 1, 2, 1, 1, 1, 1, 3, 2, 3, 0, 4, 0, 1, 1, 0, 3, 2, 2, 2, 0, 1, 1, 0, 4, 0, 1, 2, 2, 1, 4, 0, 3, 2, 1, 1, 2, 1, 3, 1, 1, 1, 3, 0, 4, 3, 1, 4, 1, 1, 0, 4, 4, 2, 1, 1, 3, 1, 3, 1, 1, 1, 1, 2, 1, 2, 1, 3, 1, 1, 2, 1, 2, 2, 4, 1, 1]|[0, 2, 1, 1, 3, 3, 1, 0, 0, 0, 0, 0, 1, 0, 1, 0, 0, 3, 1, 0, 0, 0, 3, 1, 0, 2, 0, 0, 0, 1, 0, 0, 0, 0, 3, 0, 1, 0, 0, 2, 1, 1, 1, 0, 0, 0, 0, 2, 1, 0, 0, 0, 1, 3, 0, 0, 1, 0, 0, 1, 0, 2, 0, 1, 0, 2, 1, 0, 0, 1, 1, 3, 1, 1, 3, 3, 1, 0, 0, 2, 0, 0, 0, 0, 1, 0, 1, 0, 1, 0, 2, 0, 0, 0, 1, 0, 0, 2, 0, 1],795.9209522169074,58176.61051743866,90980.22022110094,false
22,G1_CMAX,G4_BALANCED,[31, 22, 82, 15, 26, 9, 95, 42, 77, 68, 47, 5, 93, 78, 86, 54, 85, 63, 18, 44, 20, 49, 36, 14, 74, 50, 53, 17, 21, 28, 71, 64, 3, 23, 30, 83, 24, 41, 60, 52, 65, 27, 90, 70, 39, 87, 48, 69, 99, 4, 46, 1, 13, 58, 97, 59, 45, 8, 73, 37, 35, 40, 11, 66, 76, 32, 79, 80, 96, 6, 16, 61, 33, 7, 57, 34, 12, 67, 10, 98, 56, 88, 29, 75, 91, 38, 19, 92, 43, 84, 51, 72, 81, 25, 2, 55, 0, 62, 89, 94]|[2, 1, 2, 1, 1, 2, 1, 1, 1, 1, 1, 0, 2, 2, 1, 2, 0, 0, 0, 2, 2, 1, 0, 2, 0, 2, 2, 1, 0, 1, 1, 1, 0, 0, 1, 0, 2, 1, 2, 2, 0, 0, 1, 1, 0, 2, 0, 2, 1, 0, 0, 2, 0, 0, 2, 0, 1, 1, 0, 0, 2, 2, 0, 2, 2, 0, 1, 2, 0, 1, 2, 1, 1, 2, 0, 1, 1, 1, 1, 2, 2, 1, 1, 0, 1, 0, 1, 0, 1, 0, 1, 1, 1, 1, 2, 0, 0, 1, 1, 1]|[0, 3, 0, 3, 4, 1, 4, 4, 2, 4, 3, 2, 1, 0, 2, 1, 1, 1, 2, 1, 1, 3, 0, 1, 0, 1, 1, 4, 1, 4, 3, 2, 2, 0, 4, 1, 1, 4, 0, 1, 2, 1, 4, 4, 1, 1, 0, 2, 3, 1, 2, 1, 2, 1, 1, 2, 4, 3, 0, 2, 2, 0, 1, 0, 1, 2, 3, 1, 2, 4, 1, 3, 4, 1, 2, 4, 3, 3, 3, 1, 1, 4, 3, 2, 3, 2, 4, 2, 4, 2, 3, 4, 1, 4, 1, 2, 2, 3, 4, 4]|[0, 2, 0, 0, 3, 0, 1, 3, 0, 0, 2, 0, 1, 0, 1, 0, 0, 0, 1, 0, 0, 2, 0, 0, 1, 0, 0, 3, 0, 1, 0, 2, 0, 0, 3, 0, 1, 3, 1, 0, 0, 0, 1, 3, 0, 0, 1, 0, 2, 0, 0, 0, 0, 0, 1, 0, 1, 0, 1, 1, 0, 0, 0, 0, 0, 0, 2, 0, 0, 2, 0, 0, 1, 0, 0, 1, 0, 0, 3, 0, 0, 1, 0, 0, 0, 0, 3, 0, 2, 0, 0, 2, 1, 3, 0, 0, 0, 0, 1, 2],892.7401490794913,51299.15930948922,108816.93252312683,true
22,G4_BALANCED,G4_BALANCED,[31, 11, 82, 15, 26, 9, 95, 42, 77, 68, 47, 5, 93, 78, 86, 54, 85, 63, 18, 44, 20, 49, 36, 14, 74, 50, 53, 17, 21, 45, 71, 64, 3, 23, 30, 83, 24, 41, 60, 52, 65, 27, 90, 70, 39, 87, 48, 69, 99, 4, 46, 1, 13, 58, 97, 59, 28, 75, 73, 37, 35, 79, 22, 66, 76, 32, 40, 80, 96, 6, 61, 16, 33, 7, 57, 34, 12, 67, 10, 98, 56, 88, 29, 8, 91, 38, 19, 92, 0, 84, 51, 72, 81, 25, 2, 55, 62, 89, 94, 43]|[2, 1, 2, 1, 1, 2, 1, 1, 1, 1, 1, 0, 2, 2, 1, 2, 0, 0, 0, 2, 2, 1, 0, 2, 0, 2, 2, 1, 0, 1, 1, 1, 0, 0, 1, 0, 2, 1, 2, 2, 0, 0, 1, 1, 0, 2, 0, 2, 1, 0, 0, 2, 0, 0, 2, 0, 1, 1, 0, 0, 2, 1, 0, 2, 2, 0, 2, 2, 0, 1, 1, 2, 1, 2, 0, 1, 1, 1, 1, 2, 2, 1, 1, 0, 1, 0, 1, 0, 0, 0, 1, 1, 1, 1, 2, 0, 1, 1, 2, 1]|[0, 3, 0, 2, 4, 1, 4, 4, 2, 4, 3, 2, 1, 0, 2, 1, 1, 1, 2, 1, 1, 3, 0, 1, 0, 1, 1, 4, 1, 4, 3, 2, 2, 0, 4, 1, 1, 4, 0, 1, 2, 1, 4, 4, 1, 1, 0, 2, 3, 1, 2, 1, 2, 1, 1, 2, 4, 3, 0, 2, 2, 3, 1, 0, 1, 2, 0, 1, 2, 4, 3, 1, 4, 1, 2, 4, 3, 3, 3, 1, 1, 4, 3, 2, 3, 2, 4, 2, 2, 2, 3, 4, 4, 4, 1, 2, 3, 4, 1, 4]|[0, 2, 0, 1, 3, 0, 1, 3, 0, 0, 2, 0, 1, 0, 1, 0, 0, 0, 1, 0, 0, 2, 0, 0, 1, 0, 0, 3, 0, 1, 0, 2, 0, 1, 3, 0, 1, 3, 0, 0, 0, 0, 1, 3, 0, 0, 1, 0, 2, 0, 0, 0, 0, 0, 1, 0, 1, 0, 1, 1, 0, 2, 0, 0, 0, 0, 0, 0, 0, 2, 0, 0, 1, 0, 0, 1, 0, 0, 3, 0, 0, 1, 0, 0, 0, 0, 3, 0, 0, 0, 0, 2, 1, 3, 0, 0, 0, 1, 0, 2],855.0393744413956,51505.71572620196,111775.49494394401,false
22,G2_TEC,G2_TEC,[31, 22, 82, 15, 26, 9, 95, 42, 77, 68, 47, 5, 93, 78, 86, 54, 85, 63, 18, 44, 20, 49, 36, 14, 74, 50, 53, 17, 21, 28, 11, 64, 3, 23, 30, 83, 24, 41, 40, 52, 65, 27, 90, 70, 39, 87, 48, 69, 99, 4, 46, 1, 13, 58, 97, 59, 45, 8, 73, 37, 35, 79, 71, 66, 76, 32, 60, 80, 96, 6, 16, 61, 33, 7, 57, 34, 12, 67, 10, 98, 56, 88, 29, 75, 91, 38, 19, 92, 43, 84, 51, 72, 81, 25, 2, 55, 62, 89, 94, 0]|[2, 1, 2, 1, 1, 2, 1, 1, 1, 1, 1, 0, 2, 2, 1, 2, 0, 0, 0, 2, 2, 1, 0, 2, 0, 2, 2, 1, 0, 1, 1, 1, 0, 0, 1, 0, 2, 1, 2, 2, 0, 0, 1, 1, 0, 2, 0, 2, 1, 0, 0, 2, 0, 0, 2, 0, 1, 1, 0, 0, 2, 1, 1, 2, 2, 0, 2, 2, 0, 1, 2, 1, 1, 2, 0, 1, 1, 1, 1, 2, 2, 1, 1, 0, 1, 0, 1, 0, 1, 0, 1, 1, 1, 1, 2, 0, 1, 1, 2, 0]|[0, 3, 0, 3, 4, 1, 4, 4, 2, 4, 3, 2, 1, 0, 2, 1, 1, 1, 2, 1, 1, 3, 0, 1, 0, 1, 1, 4, 1, 4, 3, 2, 2, 0, 4, 1, 1, 4, 0, 1, 2, 1, 4, 4, 1, 1, 0, 2, 3, 2, 2, 1, 2, 1, 1, 2, 4, 3, 0, 2, 2, 3, 3, 0, 1, 2, 0, 1, 2, 4, 1, 3, 4, 1, 2, 4, 3, 3, 3, 1, 1, 4, 3, 2, 3, 2, 4, 2, 4, 2, 3, 4, 4, 4, 1, 2, 3, 4, 1, 2]|[0, 2, 0, 0, 3, 0, 1, 3, 0, 0, 2, 0, 1, 0, 1, 0, 0, 0, 1, 0, 0, 2, 0, 0, 1, 0, 0, 3, 0, 1, 0, 2, 0, 0, 3, 0, 1, 3, 0, 0, 0, 0, 1, 3, 0, 0, 1, 0, 2, 0, 0, 0, 0, 0, 1, 0, 1, 0, 1, 1, 0, 2, 0, 0, 0, 0, 0, 0, 0, 2, 0, 0, 1, 0, 0, 1, 0, 0, 3, 0, 0, 1, 0, 0, 0, 0, 1, 0, 2, 0, 0, 2, 1, 3, 0, 0, 0, 1, 0, 0],896.1029292898813,50428.13444364295,114595.46915086164,false
22,G3_TWC,G3_TWC,[31, 22, 82, 15, 26, 9, 42, 95, 77, 12, 47, 5, 93, 78, 86, 54, 85, 63, 18, 44, 20, 35, 43, 97, 91, 76, 10, 30, 21, 45, 71, 64, 1, 23, 17, 83, 24, 14, 60, 36, 6, 57, 94, 88, 65, 56, 79, 40, 67, 68, 46, 75, 38, 58, 19, 32, 81, 41, 27, 62, 87, 90, 99, 59, 11, 16, 72, 73, 69, 39, 37, 84, 3, 92, 25, 55, 28, 29, 51, 7, 33, 61, 98, 48, 89, 50, 66, 80, 53, 96, 4, 8, 34, 2, 52, 13, 0, 70, 49, 74]|[1, 1, 0, 1, 1, 1, 2, 1, 2, 1, 2, 2, 2, 1, 1, 0, 0, 1, 0, 2, 2, 0, 1, 2, 0, 1, 2, 2, 0, 0, 1, 2, 1, 2, 1, 0, 2, 0, 1, 1, 0, 1, 1, 1, 0, 2, 1, 1, 0, 0, 0, 0, 1, 1, 2, 1, 2, 0, 0, 0, 2, 1, 0, 1, 2, 1, 2, 1, 1, 1, 1, 1, 1, 0, 1, 2, 0, 0, 0, 1, 2, 1, 0, 0, 1, 0, 2, 0, 0, 0, 0, 1, 2, 0, 1, 0, 0, 1, 0, 2]|[4, 3, 2, 2, 0, 0, 2, 2, 2, 4, 1, 1, 2, 4, 4, 1, 2, 4, 2, 1, 1, 1, 1, 2, 1, 2, 1, 1, 1, 1, 3, 2, 3, 0, 4, 0, 1, 1, 0, 3, 2, 2, 2, 0, 1, 1, 0, 4, 0, 1, 2, 2, 1, 4, 0, 3, 2, 1, 1, 2, 1, 3, 1, 1, 1, 3, 0, 4, 3, 1, 4, 1, 1, 0, 4, 1, 2, 1, 1, 3, 1, 3, 1, 1, 1, 1, 1, 1, 2, 1, 2, 3, 1, 2, 1, 2, 2, 3, 1, 1]|[0, 2, 1, 1, 3, 3, 0, 1, 0, 0, 0, 0, 1, 0, 1, 0, 0, 3, 1, 0, 0, 0, 3, 1, 0, 2, 0, 0, 0, 1, 0, 0, 0, 0, 3, 0, 1, 0, 0, 2, 1, 1, 1, 0, 0, 0, 0, 2, 1, 0, 0, 0, 1, 3, 0, 0, 1, 0, 0, 1, 0, 2, 0, 1, 0, 2, 1, 0, 0, 1, 1, 3, 1, 1, 3, 0, 1, 0, 0, 2, 0, 0, 0, 0, 1, 0, 0, 0, 1, 0, 1, 2, 0, 0, 1, 0, 0, 0, 1, 0],803.6608139707632,57865.486640629686,91564.24455842278,false
22,G1_CMAX,G4_BALANCED,[31, 11, 82, 15, 26, 9, 95, 42, 77, 68, 47, 5, 93, 78, 86, 54, 85, 63, 18, 44, 20, 49, 36, 14, 74, 50, 53, 17, 21, 45, 71, 64, 3, 23, 30, 83, 24, 41, 60, 52, 65, 27, 90, 70, 39, 87, 48, 69, 99, 4, 46, 1, 13, 58, 97, 59, 28, 75, 73, 37, 35, 79, 22, 66, 76, 32, 40, 80, 96, 6, 61, 16, 33, 7, 57, 34, 12, 67, 10, 98, 56, 88, 29, 25, 91, 38, 19, 92, 43, 84, 2, 72, 81, 55, 51, 8, 62, 89, 94, 0]|[2, 1, 2, 1, 1, 2, 1, 1, 1, 1, 1, 0, 2, 2, 1, 2, 0, 0, 0, 2, 2, 1, 0, 2, 0, 2, 2, 1, 0, 1, 1, 1, 0, 0, 1, 0, 2, 1, 2, 2, 0, 0, 1, 1, 0, 2, 0, 2, 1, 0, 0, 2, 0, 0, 2, 0, 1, 1, 0, 0, 2, 1, 0, 2, 2, 0, 2, 2, 0, 1, 1, 2, 1, 2, 0, 1, 1, 1, 1, 2, 2, 1, 1, 1, 1, 0, 1, 0, 1, 0, 2, 1, 1, 0, 1, 0, 1, 1, 2, 0]|[0, 3, 0, 2, 4, 1, 4, 4, 2, 4, 3, 2, 1, 0, 2, 1, 1, 1, 2, 1, 1, 3, 0, 1, 0, 1, 1, 4, 1, 4, 3, 2, 2, 0, 4, 1, 1, 4, 0, 1, 2, 1, 4, 4, 1, 1, 0, 2, 3, 1, 2, 1, 2, 1, 1, 2, 4, 3, 0, 2, 2, 3, 1, 0, 1, 2, 0, 1, 2, 4, 3, 1, 4, 1, 2, 4, 3, 3, 3, 1, 1, 4, 3, 4, 3, 2, 4, 2, 4, 2, 1, 4, 1, 2, 3, 2, 3, 4, 1, 2]|[0, 2, 0, 1, 3, 0, 1, 3, 0, 0, 2, 0, 1, 0, 1, 0, 0, 0, 1, 0, 0, 2, 0, 0, 1, 0, 0, 3, 0, 1, 0, 2, 0, 1, 3, 0, 1, 3, 0, 0, 0, 0, 1, 3, 0, 0, 1, 0, 2, 0, 0, 0, 0, 0, 1, 0, 1, 0, 1, 1, 0, 2, 0, 0, 0, 0, 0, 0, 0, 2, 0, 0, 1, 0, 0, 1, 0, 0, 3, 0, 0, 1, 0, 3, 0, 0, 3, 0, 2, 0, 0, 2, 1, 0, 0, 0, 0, 1, 0, 0],855.0393744413956,51688.331193499136,111465.15647460161,true
22,G4_BALANCED,G2_TEC,[31, 22, 82, 15, 26, 9, 95, 42, 77, 68, 47, 5, 93, 78, 86, 54, 85, 63, 18, 44, 20, 49, 36, 14, 74, 50, 53, 17, 21, 28, 71, 64, 3, 23, 30, 83, 24, 41, 40, 52, 65, 27, 90, 70, 39, 87, 48, 69, 99, 4, 46, 1, 13, 58, 97, 59, 45, 8, 73, 37, 35, 79, 11, 66, 76, 32, 60, 80, 96, 6, 16, 61, 19, 7, 57, 34, 12, 67, 10, 98, 56, 88, 29, 25, 91, 38, 33, 92, 43, 84, 51, 62, 81, 75, 2, 55, 72, 89, 94, 0]|[2, 1, 2, 1, 1, 2, 1, 1, 1, 1, 1, 0, 2, 2, 1, 2, 0, 0, 0, 2, 2, 1, 0, 2, 0, 2, 2, 1, 0, 1, 1, 1, 0, 0, 1, 0, 2, 1, 2, 2, 0, 0, 1, 1, 0, 2, 0, 2, 1, 0, 0, 2, 0, 0, 2, 0, 1, 1, 0, 0, 2, 1, 0, 2, 2, 0, 2, 2, 0, 1, 2, 1, 1, 2, 0, 1, 1, 1, 1, 2, 2, 1, 1, 1, 1, 0, 1, 0, 1, 0, 1, 1, 1, 0, 2, 0, 1, 1, 2, 0]|[0, 3, 0, 3, 4, 1, 4, 4, 2, 4, 3, 2, 1, 0, 2, 1, 1, 1, 2, 1, 1, 3, 0, 1, 0, 1, 1, 4, 1, 4, 3, 2, 2, 0, 4, 1, 1, 4, 0, 1, 2, 1, 4, 4, 1, 1, 0, 2, 3, 1, 2, 1, 2, 1, 1, 2, 4, 3, 0, 2, 2, 3, 1, 0, 1, 2, 0, 1, 2, 4, 1, 3, 4, 1, 2, 4, 3, 3, 3, 1, 1, 4, 3, 4, 3, 2, 4, 2, 4, 2, 3, 3, 4, 2, 1, 2, 4, 4, 1, 2]|[0, 2, 0, 0, 3, 0, 1, 3, 0, 0, 2, 0, 0, 0, 1, 0, 0, 0, 1, 0, 0, 2, 0, 0, 1, 0, 0, 3, 0, 1, 0, 2, 0, 0, 3, 0, 1, 3, 0, 0, 0, 0, 1, 3, 0, 0, 1, 0, 2, 0, 0, 0, 0, 0, 1, 0, 1, 0, 1, 1, 0, 2, 0, 0, 0, 0, 0, 0, 0, 2, 0, 0, 1, 0, 0, 1, 0, 0, 3, 0, 0, 1, 0, 3, 0, 0, 1, 0, 2, 0, 0, 0, 1, 0, 0, 0, 2, 1, 0, 0],891.6145215420967,50435.25163390461,115229.51070792887,true
22,G2_TEC,G2_TEC,[31, 22, 82, 15, 26, 9, 95, 42, 77, 68, 47, 5, 93, 78, 86, 54, 85, 63, 18, 44, 20, 49, 36, 14, 74, 50, 53, 17, 21, 28, 11, 64, 3, 23, 30, 83, 24, 41, 40, 52, 65, 27, 90, 70, 39, 87, 48, 69, 99, 4, 46, 1, 13, 58, 97, 59, 45, 8, 73, 37, 35, 79, 71, 66, 76, 32, 60, 80, 96, 6, 16, 61, 33, 7, 57, 34, 12, 67, 10, 98, 56, 88, 29, 75, 91, 38, 19, 92, 43, 84, 51, 72, 81, 25, 2, 55, 62, 89, 94, 0]|[2, 1, 2, 1, 1, 2, 1, 1, 1, 1, 1, 0, 2, 2, 1, 2, 0, 0, 0, 2, 2, 1, 0, 2, 0, 2, 2, 1, 0, 1, 1, 1, 0, 0, 1, 0, 2, 1, 2, 2, 0, 0, 1, 1, 0, 2, 0, 2, 1, 0, 0, 2, 0, 0, 2, 0, 1, 1, 0, 0, 2, 1, 1, 2, 2, 0, 2, 2, 0, 1, 2, 1, 1, 2, 0, 1, 1, 1, 1, 2, 2, 1, 1, 0, 1, 0, 1, 0, 1, 0, 1, 1, 1, 1, 2, 0, 1, 1, 2, 0]|[0, 3, 0, 3, 4, 1, 4, 4, 2, 4, 3, 2, 1, 0, 2, 1, 1, 1, 2, 1, 1, 3, 0, 1, 0, 1, 1, 4, 1, 4, 3, 2, 2, 0, 4, 1, 1, 4, 0, 1, 2, 1, 4, 4, 1, 1, 0, 2, 3, 2, 2, 1, 2, 1, 1, 2, 4, 3, 0, 2, 2, 3, 3, 0, 1, 2, 0, 1, 2, 4, 1, 3, 4, 1, 2, 4, 3, 3, 3, 1, 1, 4, 3, 2, 3, 2, 4, 2, 4, 2, 3, 4, 4, 4, 1, 2, 3, 4, 1, 2]|[0, 2, 0, 0, 3, 0, 1, 3, 0, 0, 2, 0, 1, 0, 1, 0, 0, 0, 1, 0, 0, 2, 0, 0, 1, 0, 0, 3, 0, 1, 0, 2, 0, 0, 3, 0, 1, 3, 0, 0, 0, 0, 1, 3, 0, 0, 1, 0, 2, 0, 0, 0, 0, 0, 1, 0, 1, 0, 1, 1, 0, 2, 0, 0, 0, 0, 0, 0, 0, 2, 0, 0, 1, 0, 0, 1, 0, 0, 3, 0, 0, 1, 0, 0, 0, 0, 1, 0, 2, 0, 0, 2, 1, 3, 0, 0, 0, 1, 0, 0],896.1029292898813,50428.13444364295,114595.46915086164,false
22,G3_TWC,G1_CMAX,[31, 22, 82, 15, 26, 9, 42, 77, 12, 5, 47, 93, 78, 86, 54, 6, 63, 18, 44, 20, 35, 43, 97, 91, 76, 10, 30, 21, 45, 17, 23, 1, 71, 83, 24, 14, 60, 36, 85, 57, 40, 95, 88, 65, 56, 79, 94, 67, 68, 46, 75, 38, 58, 19, 32, 81, 41, 62, 87, 28, 90, 59, 11, 16, 72, 73, 69, 52, 37, 64, 84, 3, 25, 29, 55, 51, 7, 98, 61, 66, 99, 33, 89, 48, 50, 96, 53, 80, 4, 8, 27, 2, 39, 13, 0, 92, 49, 74, 34, 70]|[1, 1, 0, 1, 1, 1, 2, 2, 1, 2, 2, 1, 1, 1, 0, 0, 1, 0, 2, 2, 0, 1, 2, 2, 1, 2, 2, 0, 0, 1, 2, 1, 1, 0, 2, 0, 1, 1, 0, 1, 1, 1, 1, 0, 2, 1, 1, 0, 0, 0, 0, 1, 1, 2, 1, 2, 0, 0, 2, 0, 1, 2, 2, 1, 2, 1, 1, 1, 1, 1, 1, 2, 1, 0, 2, 0, 1, 2, 1, 0, 0, 2, 1, 0, 0, 2, 0, 0, 1, 1, 0, 0, 1, 0, 0, 0, 0, 2, 2, 1]|[0, 3, 1, 2, 0, 0, 1, 1, 4, 1, 1, 4, 4, 4, 2, 2, 4, 2, 1, 1, 1, 1, 2, 1, 2, 1, 1, 1, 1, 4, 0, 3, 3, 0, 1, 1, 0, 3, 2, 2, 2, 2, 0, 1, 1, 0, 4, 0, 1, 2, 2, 1, 4, 0, 3, 2, 1, 2, 1, 2, 3, 1, 1, 3, 0, 4, 4, 1, 4, 3, 1, 2, 4, 1, 1, 1, 1, 1, 3, 1, 1, 1, 1, 1, 1, 1, 2, 1, 4, 3, 2, 2, 1, 2, 2, 0, 1, 1, 1, 4]|[1, 1, 1, 1, 3, 3, 0, 0, 0, 0, 0, 2, 0, 1, 0, 0, 3, 1, 0, 0, 0, 3, 1, 0, 2, 0, 0, 0, 1, 3, 0, 0, 0, 0, 1, 0, 0, 2, 1, 1, 1, 1, 0, 0, 0, 0, 2, 1, 0, 0, 0, 1, 3, 0, 0, 1, 0, 1, 0, 1, 2, 0, 0, 2, 1, 0, 2, 1, 1, 0, 3, 1, 3, 0, 0, 0, 2, 0, 0, 0, 0, 0, 1, 0, 0, 0, 1, 0, 0, 2, 1, 0, 1, 0, 0, 1, 1, 0, 0, 2],733.3116759547878,58140.55643565909,96674.14109675489,true
22,G1_CMAX,G4_BALANCED,[31, 11, 82, 15, 26, 9, 95, 42, 77, 68, 47, 5, 93, 78, 86, 54, 85, 63, 18, 44, 20, 49, 36, 14, 74, 50, 53, 17, 21, 45, 71, 64, 3, 23, 30, 83, 24, 41, 60, 52, 65, 27, 90, 70, 39, 87, 48, 69, 99, 4, 46, 1, 13, 58, 97, 59, 28, 75, 73, 37, 35, 79, 22, 66, 76, 32, 40, 80, 96, 6, 61, 16, 33, 7, 57, 34, 12, 67, 10, 98, 56, 88, 29, 25, 91, 38, 19, 92, 43, 84, 2, 72, 81, 55, 51, 8, 62, 89, 94, 0]|[2, 1, 2, 1, 1, 2, 1, 1, 1, 1, 1, 0, 2, 2, 1, 2, 0, 0, 0, 2, 2, 1, 0, 2, 0, 2, 2, 1, 0, 1, 1, 1, 0, 0, 1, 0, 2, 1, 2, 2, 0, 0, 1, 1, 0, 2, 0, 2, 1, 0, 0, 2, 0, 0, 2, 0, 1, 1, 0, 0, 2, 1, 0, 2, 2, 0, 2, 2, 0, 1, 1, 2, 1, 2, 0, 1, 1, 1, 1, 2, 2, 1, 1, 1, 1, 0, 1, 0, 1, 0, 2, 1, 1, 0, 1, 0, 1, 1, 2, 0]|[0, 3, 0, 2, 4, 1, 4, 4, 2, 4, 3, 2, 1, 0, 2, 1, 1, 1, 2, 1, 1, 3, 0, 1, 0, 1, 1, 4, 1, 4, 3, 2, 2, 0, 4, 1, 1, 4, 0, 1, 2, 1, 4, 4, 1, 1, 0, 2, 3, 1, 2, 1, 2, 1, 1, 2, 4, 3, 0, 2, 2, 3, 1, 0, 1, 2, 0, 1, 2, 4, 3, 1, 4, 1, 2, 4, 3, 3, 3, 1, 1, 4, 3, 4, 3, 2, 4, 2, 4, 2, 1, 4, 1, 2, 3, 2, 3, 4, 1, 2]|[0, 2, 0, 1, 3, 0, 1, 3, 0, 0, 2, 0, 1, 0, 1, 0, 0, 0, 1, 0, 0, 2, 0, 0, 1, 0, 0, 3, 0, 1, 0, 2, 0, 1, 3, 0, 1, 3, 0, 0, 0, 0, 1, 3, 0, 0, 1, 0, 2, 0, 0, 0, 0, 0, 1, 0, 1, 0, 1, 1, 0, 2, 0, 0, 0, 0, 0, 0, 0, 2, 0, 0, 1, 0, 0, 1, 0, 0, 3, 0, 0, 1, 0, 3, 0, 0, 3, 0, 2, 0, 0, 2, 1, 0, 0, 0, 0, 1, 0, 0],855.0393744413956,51688.331193499136,111465.15647460161,true
22,G4_BALANCED,G4_BALANCED,[31, 11, 15, 82, 26, 9, 95, 32, 77, 68, 47, 5, 93, 78, 86, 54, 85, 63, 18, 44, 20, 49, 36, 14, 74, 50, 53, 17, 21, 45, 71, 64, 3, 23, 30, 83, 24, 41, 60, 52, 65, 27, 90, 70, 39, 87, 48, 69, 99, 4, 46, 1, 13, 58, 97, 59, 28, 75, 73, 37, 35, 79, 22, 66, 76, 42, 40, 80, 96, 6, 16, 61, 33, 7, 57, 34, 12, 67, 10, 98, 56, 88, 29, 8, 91, 38, 19, 92, 43, 84, 51, 72, 81, 25, 94, 55, 0, 89, 2, 62]|[2, 1, 1, 2, 1, 2, 1, 1, 1, 1, 1, 0, 2, 2, 1, 2, 0, 0, 0, 2, 2, 1, 0, 2, 0, 2, 2, 1, 0, 1, 1, 1, 0, 0, 1, 0, 2, 1, 2, 2, 0, 0, 1, 1, 0, 2, 0, 2, 1, 0, 0, 2, 0, 0, 2, 0, 1, 0, 0, 0, 2, 1, 0, 2, 2, 0, 2, 2, 0, 1, 2, 1, 1, 2, 0, 1, 1, 1, 1, 2, 2, 1, 1, 1, 1, 0, 1, 0, 1, 0, 1, 1, 1, 1, 2, 0, 0, 1, 2, 1]|[1, 3, 2, 0, 4, 1, 4, 4, 2, 4, 3, 2, 1, 0, 2, 1, 1, 1, 2, 1, 1, 3, 0, 1, 0, 1, 1, 4, 1, 4, 3, 2, 2, 0, 4, 1, 1, 4, 0, 1, 2, 1, 4, 4, 1, 1, 0, 2, 3, 1, 2, 1, 2, 1, 1, 2, 4, 2, 0, 2, 2, 3, 1, 0, 1, 2, 0, 1, 2, 4, 1, 3, 4, 1, 2, 4, 3, 3, 3, 1, 1, 4, 3, 3, 3, 2, 4, 2, 4, 2, 3, 4, 1, 4, 1, 2, 2, 4, 1, 3]|[1, 2, 1, 0, 3, 0, 1, 3, 0, 0, 2, 0, 1, 0, 1, 0, 0, 0, 1, 0, 0, 2, 0, 0, 1, 0, 0, 3, 0, 1, 0, 2, 0, 1, 3, 0, 1, 3, 1, 0, 0, 0, 1, 3, 0, 0, 1, 0, 2, 0, 0, 0, 0, 0, 1, 0, 1, 0, 1, 1, 0, 2, 0, 0, 0, 0, 0, 0, 0, 2, 0, 0, 1, 0, 0, 1, 0, 0, 3, 0, 0, 1, 0, 0, 0, 0, 3, 0, 2, 0, 0, 2, 1, 3, 0, 0, 0, 1, 0, 0],842.3358630601143,52535.59882498444,107349.69971746493,false
22,G2_TEC,G2_TEC,[31, 22, 82, 15, 26, 9, 95, 42, 77, 68, 47, 5, 93, 78, 86, 54, 85, 63, 18, 44, 20, 49, 36, 14, 74, 50, 53, 17, 21, 28, 11, 64, 3, 23, 30, 83, 24, 41, 40, 52, 65, 27, 90, 70, 39, 87, 48, 69, 99, 4, 46, 1, 13, 58, 97, 59, 45, 8, 73, 37, 35, 79, 71, 66, 76, 32, 60, 80, 96, 6, 16, 61, 33, 7, 57, 34, 12, 67, 10, 98, 56, 88, 29, 75, 91, 38, 19, 92, 43, 84, 51, 72, 81, 25, 2, 55, 62, 89, 94, 0]|[2, 1, 2, 1, 1, 2, 1, 1, 1, 1, 1, 0, 2, 2, 1, 2, 0, 0, 0, 2, 2, 1, 0, 2, 0, 2, 2, 1, 0, 1, 1, 1, 0, 0, 1, 0, 2, 1, 2, 2, 0, 0, 1, 1, 0, 2, 0, 2, 1, 0, 0, 2, 0, 0, 2, 0, 1, 1, 0, 0, 2, 1, 1, 2, 2, 0, 2, 2, 0, 1, 2, 1, 1, 2, 0, 1, 1, 1, 1, 2, 2, 1, 1, 0, 1, 0, 1, 0, 1, 0, 1, 1, 1, 1, 2, 0, 1, 1, 2, 0]|[0, 3, 0, 3, 4, 1, 4, 4, 2, 4, 3, 2, 1, 0, 2, 1, 1, 1, 2, 1, 1, 3, 0, 1, 0, 1, 1, 4, 1, 4, 3, 2, 2, 0, 4, 1, 1, 4, 0, 1, 2, 1, 4, 4, 1, 1, 0, 2, 3, 2, 2, 1, 2, 1, 1, 2, 4, 3, 0, 2, 2, 3, 3, 0, 1, 2, 0, 1, 2, 4, 1, 3, 4, 1, 2, 4, 3, 3, 3, 1, 1, 4, 3, 2, 3, 2, 4, 2, 4, 2, 3, 4, 4, 4, 1, 2, 3, 4, 1, 2]|[0, 2, 0, 0, 3, 0, 1, 3, 0, 0, 2, 0, 1, 0, 1, 0, 0, 0, 1, 0, 0, 2, 0, 0, 1, 0, 0, 3, 0, 1, 0, 2, 0, 0, 3, 0, 1, 3, 0, 0, 0, 0, 1, 3, 0, 0, 1, 0, 2, 0, 0, 0, 0, 0, 1, 0, 1, 0, 1, 1, 0, 2, 0, 0, 0, 0, 0, 0, 0, 2, 0, 0, 1, 0, 0, 1, 0, 0, 3, 0, 0, 1, 0, 0, 0, 0, 1, 0, 2, 0, 0, 2, 1, 3, 0, 0, 0, 1, 0, 0],896.1029292898813,50428.13444364295,114595.46915086164,false
22,G3_TWC,G3_TWC,[31, 22, 82, 15, 26, 58, 95, 42, 77, 12, 47, 5, 93, 78, 98, 54, 85, 63, 18, 44, 20, 35, 43, 97, 91, 76, 10, 30, 21, 45, 71, 64, 1, 23, 17, 83, 24, 14, 60, 36, 6, 57, 94, 88, 65, 56, 79, 40, 67, 68, 46, 75, 38, 9, 19, 32, 81, 41, 27, 62, 87, 90, 99, 59, 11, 16, 72, 73, 70, 39, 37, 84, 3, 92, 29, 55, 28, 25, 51, 7, 33, 61, 86, 66, 89, 50, 8, 96, 53, 80, 4, 48, 34, 49, 52, 0, 13, 69, 2, 74]|[1, 1, 0, 1, 1, 1, 2, 1, 2, 1, 2, 2, 2, 1, 1, 0, 0, 1, 0, 2, 2, 0, 1, 2, 0, 1, 2, 2, 0, 0, 1, 2, 1, 2, 1, 0, 2, 0, 1, 1, 0, 1, 1, 1, 0, 2, 1, 1, 0, 0, 0, 0, 1, 1, 2, 1, 2, 0, 0, 0, 2, 1, 0, 1, 2, 1, 2, 1, 1, 1, 1, 1, 1, 0, 0, 1, 0, 1, 0, 1, 2, 1, 0, 2, 1, 0, 0, 0, 0, 0, 0, 0, 2, 0, 1, 0, 0, 1, 0, 2]|[4, 3, 2, 2, 0, 0, 2, 2, 2, 4, 1, 1, 2, 4, 4, 1, 2, 4, 2, 1, 1, 1, 1, 2, 1, 2, 1, 1, 1, 1, 3, 2, 3, 0, 4, 0, 1, 1, 0, 3, 2, 2, 4, 0, 1, 1, 0, 2, 0, 1, 2, 2, 1, 4, 0, 3, 2, 1, 1, 2, 1, 3, 1, 1, 1, 3, 0, 4, 3, 1, 4, 1, 1, 0, 1, 4, 2, 4, 1, 3, 1, 3, 1, 1, 1, 1, 1, 1, 2, 1, 2, 1, 1, 1, 1, 2, 2, 3, 2, 1]|[0, 2, 1, 1, 3, 3, 0, 1, 0, 0, 0, 0, 1, 0, 1, 0, 0, 3, 1, 0, 0, 0, 3, 1, 0, 2, 0, 0, 0, 1, 0, 0, 0, 0, 3, 0, 1, 0, 0, 2, 1, 1, 2, 0, 0, 0, 0, 1, 1, 0, 0, 0, 1, 3, 0, 0, 1, 0, 0, 1, 0, 2, 0, 1, 0, 2, 1, 0, 0, 1, 1, 3, 1, 1, 0, 3, 1, 3, 0, 2, 0, 0, 0, 0, 1, 0, 0, 0, 1, 0, 1, 0, 0, 1, 1, 0, 0, 0, 0, 0],830.6232108157453,57853.54292695013,90988.55329469612,false
22,G1_CMAX,G4_BALANCED,[31, 22, 82, 15, 26, 9, 95, 42, 77, 68, 47, 5, 93, 78, 86, 54, 85, 63, 18, 44, 20, 49, 36, 14, 74, 89, 53, 17, 21, 45, 71, 64, 3, 23, 30, 83, 24, 41, 60, 52, 65, 27, 90, 70, 39, 87, 48, 69, 99, 4, 46, 1, 13, 58, 97, 59, 28, 8, 73, 37, 35, 79, 11, 66, 76, 32, 40, 80, 96, 6, 16, 61, 33, 7, 57, 34, 12, 67, 10, 98, 56, 88, 29, 75, 91, 38, 19, 92, 43, 84, 51, 72, 81, 25, 2, 55, 0, 62, 50, 94]|[2, 1, 2, 1, 1, 2, 1, 1, 1, 1, 1, 0, 2, 2, 1, 2, 0, 0, 0, 2, 2, 1, 0, 2, 0, 2, 2, 1, 0, 1, 1, 1, 0, 0, 1, 0, 2, 1, 2, 2, 0, 0, 1, 1, 0, 2, 0, 2, 1, 0, 0, 2, 0, 0, 2, 0, 1, 1, 0, 0, 2, 1, 0, 2, 2, 0, 2, 2, 0, 1, 2, 1, 1, 2, 0, 1, 1, 1, 1, 2, 2, 1, 1, 0, 1, 0, 1, 0, 1, 0, 1, 1, 1, 1, 2, 0, 0, 1, 1, 2]|[0, 3, 0, 2, 4, 1, 4, 4, 2, 4, 3, 2, 1, 0, 2, 1, 1, 1, 2, 1, 1, 3, 0, 1, 0, 1, 1, 4, 1, 4, 3, 2, 2, 0, 4, 1, 1, 4, 0, 1, 2, 1, 4, 4, 1, 1, 0, 2, 3, 1, 2, 1, 2, 1, 1, 2, 4, 3, 0, 2, 2, 3, 1, 0, 1, 2, 0, 1, 2, 4, 1, 3, 4, 1, 2, 4, 3, 3, 3, 1, 1, 4, 3, 2, 3, 2, 4, 2, 4, 2, 3, 4, 1, 4, 1, 2, 2, 3, 4, 1]|[0, 2, 0, 1, 3, 0, 1, 3, 0, 0, 2, 0, 1, 0, 1, 0, 0, 0, 1, 0, 0, 2, 0, 0, 1, 0, 0, 3, 0, 1, 0, 2, 0, 1, 3, 0, 1, 3, 0, 0, 0, 0, 1, 3, 0, 0, 1, 0, 2, 0, 0, 0, 0, 0, 1, 0, 1, 0, 1, 1, 0, 2, 0, 0, 0, 0, 0, 0, 0, 2, 0, 0, 1, 0, 0, 1, 0, 0, 3, 0, 0, 1, 0, 0, 0, 0, 3, 0, 2, 0, 0, 2, 1, 3, 0, 0, 0, 0, 1, 0],848.7210464257236,51852.78829288572,110511.95315601578,true
22,G4_BALANCED,G4_BALANCED,[31, 11, 15, 82, 26, 9, 95, 32, 77, 68, 47, 5, 93, 78, 86, 54, 85, 63, 18, 44, 20, 49, 36, 14, 74, 50, 53, 17, 21, 45, 71, 64, 3, 23, 30, 83, 24, 41, 60, 52, 65, 27, 90, 70, 39, 87, 48, 69, 99, 4, 46, 1, 13, 58, 97, 59, 28, 75, 73, 37, 35, 79, 22, 66, 76, 42, 40, 80, 96, 6, 16, 61, 33, 7, 57, 34, 12, 67, 10, 98, 56, 88, 29, 8, 91, 38, 19, 92, 43, 84, 51, 72, 81, 25, 94, 55, 0, 89, 2, 62]|[2, 1, 1, 2, 1, 2, 1, 1, 1, 1, 1, 0, 2, 2, 1, 2, 0, 0, 0, 2, 2, 1, 0, 2, 0, 2, 2, 1, 0, 1, 1, 1, 0, 0, 1, 0, 2, 1, 2, 2, 0, 0, 1, 1, 0, 2, 0, 2, 1, 0, 0, 2, 0, 0, 2, 0, 1, 0, 0, 0, 2, 1, 0, 2, 2, 0, 2, 2, 0, 1, 2, 1, 1, 2, 0, 1, 1, 1, 1, 2, 2, 1, 1, 1, 1, 0, 1, 0, 1, 0, 1, 1, 1, 1, 2, 0, 0, 1, 2, 1]|[1, 3, 2, 0, 4, 1, 4, 4, 2, 4, 3, 2, 1, 0, 2, 1, 1, 1, 2, 1, 1, 3, 0, 1, 0, 1, 1, 4, 1, 4, 3, 2, 2, 0, 4, 1, 1, 4, 0, 1, 2, 1, 4, 4, 1, 1, 0, 2, 3, 1, 2, 1, 2, 1, 1, 2, 4, 2, 0, 2, 2, 3, 1, 0, 1, 2, 0, 1, 2, 4, 1, 3, 4, 1, 2, 4, 3, 3, 3, 1, 1, 4, 3, 3, 3, 2, 4, 2, 4, 2, 3, 4, 1, 4, 1, 2, 2, 4, 1, 3]|[1, 2, 1, 0, 3, 0, 1, 3, 0, 0, 2, 0, 1, 0, 1, 0, 0, 0, 1, 0, 0, 2, 0, 0, 1, 0, 0, 3, 0, 1, 0, 2, 0, 1, 3, 0, 1, 3, 1, 0, 0, 0, 1, 3, 0, 0, 1, 0, 2, 0, 0, 0, 0, 0, 1, 0, 1, 0, 1, 1, 0, 2, 0, 0, 0, 0, 0, 0, 0, 2, 0, 0, 1, 0, 0, 1, 0, 0, 3, 0, 0, 1, 0, 0, 0, 0, 3, 0, 2, 0, 0, 2, 1, 3, 0, 0, 0, 1, 0, 0],842.3358630601143,52535.59882498444,107349.69971746493,false
22,G2_TEC,G2_TEC,[31, 22, 82, 15, 26, 9, 95, 42, 77, 68, 47, 5, 93, 78, 86, 54, 85, 63, 18, 44, 20, 49, 36, 14, 74, 50, 53, 25, 21, 28, 71, 64, 3, 23, 30, 83, 24, 41, 40, 52, 65, 27, 90, 70, 39, 87, 48, 69, 99, 4, 46, 1, 13, 58, 97, 59, 45, 8, 73, 37, 35, 79, 11, 66, 76, 32, 60, 80, 96, 6, 16, 61, 19, 7, 57, 34, 12, 67, 10, 98, 56, 88, 29, 75, 91, 38, 33, 43, 92, 84, 51, 72, 81, 17, 2, 55, 62, 89, 94, 0]|[2, 1, 2, 1, 1, 2, 1, 1, 1, 1, 1, 0, 2, 2, 1, 2, 0, 0, 0, 2, 2, 1, 0, 2, 0, 2, 2, 1, 0, 1, 1, 1, 0, 0, 1, 0, 2, 1, 2, 2, 0, 0, 1, 1, 0, 2, 0, 2, 1, 0, 0, 2, 0, 0, 2, 0, 1, 1, 0, 0, 2, 1, 0, 2, 2, 0, 2, 2, 0, 1, 2, 1, 1, 2, 0, 1, 1, 1, 1, 2, 2, 1, 1, 0, 1, 0, 1, 0, 0, 0, 1, 1, 1, 1, 2, 0, 1, 1, 2, 0]|[0, 3, 0, 3, 4, 1, 4, 4, 2, 4, 3, 2, 1, 0, 2, 1, 1, 1, 2, 1, 1, 3, 0, 1, 0, 1, 1, 4, 1, 4, 3, 2, 2, 0, 4, 1, 1, 4, 0, 1, 2, 1, 4, 4, 1, 1, 0, 2, 3, 1, 2, 1, 2, 1, 1, 2, 4, 3, 0, 2, 2, 3, 1, 0, 1, 2, 0, 1, 2, 4, 1, 3, 4, 1, 2, 4, 3, 3, 3, 1, 1, 4, 3, 2, 3, 2, 4, 2, 2, 2, 3, 4, 4, 4, 1, 2, 3, 4, 1, 2]|[0, 2, 0, 0, 3, 0, 1, 3, 0, 0, 2, 0, 1, 0, 1, 0, 0, 0, 1, 0, 0, 2, 0, 0, 1, 0, 0, 3, 0, 1, 0, 2, 0, 1, 3, 0, 1, 3, 0, 0, 0, 0, 1, 3, 0, 0, 1, 0, 2, 0, 0, 0, 0, 0, 1, 0, 1, 0, 1, 1, 0, 2, 0, 0, 0, 0, 0, 0, 0, 2, 0, 0, 1, 0, 0, 1, 0, 0, 3, 0, 0, 1, 0, 0, 0, 0, 1, 0, 0, 0, 0, 2, 1, 3, 0, 0, 0, 1, 0, 0],860.8867587294268,51234.71285963808,111105.7294188416,false
22,G3_TWC,G3_TWC,[31, 22, 82, 15, 26, 58, 95, 42, 77, 12, 47, 5, 93, 78, 98, 54, 85, 63, 18, 44, 20, 35, 43, 97, 91, 76, 10, 30, 21, 45, 71, 64, 1, 23, 17, 83, 24, 14, 60, 36, 6, 57, 94, 88, 65, 56, 79, 40, 67, 68, 46, 75, 38, 9, 19, 32, 81, 41, 27, 62, 87, 90, 99, 59, 11, 16, 72, 73, 70, 39, 37, 84, 3, 92, 29, 55, 28, 25, 51, 7, 33, 61, 86, 66, 89, 50, 8, 96, 53, 80, 4, 48, 34, 49, 52, 0, 13, 69, 2, 74]|[1, 1, 0, 1, 1, 1, 2, 1, 2, 1, 2, 2, 2, 1, 1, 0, 0, 1, 0, 2, 2, 0, 1, 2, 0, 1, 2, 2, 0, 0, 1, 2, 1, 2, 1, 0, 2, 0, 1, 1, 0, 1, 1, 1, 0, 2, 1, 1, 0, 0, 0, 0, 1, 1, 2, 1, 2, 0, 0, 0, 2, 1, 0, 1, 2, 1, 2, 1, 1, 1, 1, 1, 1, 0, 0, 1, 0, 1, 0, 1, 2, 1, 0, 2, 1, 0, 0, 0, 0, 0, 0, 0, 2, 0, 1, 0, 0, 1, 0, 2]|[4, 3, 2, 2, 0, 0, 2, 2, 2, 4, 1, 1, 2, 4, 4, 1, 2, 4, 2, 1, 1, 1, 1, 2, 1, 2, 1, 1, 1, 1, 3, 2, 3, 0, 4, 0, 1, 1, 0, 3, 2, 2, 4, 0, 1, 1, 0, 2, 0, 1, 2, 2, 1, 4, 0, 3, 2, 1, 1, 2, 1, 3, 1, 1, 1, 3, 0, 4, 3, 1, 4, 1, 1, 0, 1, 4, 2, 4, 1, 3, 1, 3, 1, 1, 1, 1, 1, 1, 2, 1, 2, 1, 1, 1, 1, 2, 2, 3, 2, 1]|[0, 2, 1, 1, 3, 3, 0, 1, 0, 0, 0, 0, 1, 0, 1, 0, 0, 3, 1, 0, 0, 0, 3, 1, 0, 2, 0, 0, 0, 1, 0, 0, 0, 0, 3, 0, 1, 0, 0, 2, 1, 1, 2, 0, 0, 0, 0, 1, 1, 0, 0, 0, 1, 3, 0, 0, 1, 0, 0, 1, 0, 2, 0, 1, 0, 2, 1, 0, 0, 1, 1, 3, 1, 1, 0, 3, 1, 3, 0, 2, 0, 0, 0, 0, 1, 0, 0, 0, 1, 0, 1, 0, 0, 1, 1, 0, 0, 0, 0, 0],830.6232108157453,57853.54292695013,90988.55329469612,false
22,G1_CMAX,G4_BALANCED,[31, 11, 82, 15, 26, 9, 95, 42, 77, 68, 47, 5, 93, 78, 86, 54, 85, 63, 18, 44, 20, 49, 36, 14, 74, 50, 53, 17, 21, 45, 71, 64, 3, 23, 30, 83, 24, 41, 60, 52, 65, 27, 90, 70, 39, 87, 48, 69, 99, 4, 46, 1, 13, 58, 97, 59, 28, 75, 73, 37, 35, 79, 22, 66, 76, 32, 40, 80, 96, 6, 61, 16, 33, 7, 57, 34, 12, 67, 10, 98, 56, 88, 29, 25, 91, 38, 19, 92, 0, 84, 51, 72, 81, 8, 2, 55, 62, 89, 94, 43]|[2, 1, 2, 1, 1, 2, 1, 1, 1, 1, 1, 0, 2, 2, 1, 2, 0, 0, 0, 2, 2, 1, 0, 2, 0, 2, 2, 1, 0, 1, 1, 1, 0, 0, 1, 0, 2, 1, 2, 2, 0, 0, 1, 1, 0, 2, 0, 2, 1, 0, 0, 2, 0, 0, 2, 0, 1, 1, 0, 0, 2, 1, 0, 2, 2, 0, 2, 2, 0, 1, 1, 2, 1, 2, 0, 1, 1, 1, 1, 2, 2, 1, 1, 1, 1, 0, 1, 0, 0, 0, 1, 1, 1, 0, 2, 0, 1, 1, 2, 1]|[0, 3, 0, 2, 4, 1, 4, 4, 2, 4, 3, 2, 1, 0, 2, 1, 1, 1, 2, 1, 1, 3, 0, 1, 0, 1, 1, 4, 1, 4, 3, 2, 2, 0, 4, 1, 1, 4, 0, 1, 2, 1, 4, 4, 1, 1, 0, 2, 3, 1, 2, 1, 2, 1, 1, 2, 4, 3, 0, 2, 2, 3, 1, 0, 1, 2, 0, 1, 2, 4, 3, 1, 4, 1, 2, 4, 3, 3, 3, 1, 1, 4, 3, 4, 3, 2, 4, 2, 2, 2, 3, 4, 1, 2, 1, 2, 3, 4, 1, 4]|[0, 2, 0, 1, 3, 0, 1, 3, 0, 0, 2, 0, 1, 0, 1, 0, 0, 0, 1, 0, 0, 2, 0, 0, 1, 0, 0, 3, 0, 1, 0, 2, 0, 1, 3, 0, 1, 3, 0, 0, 0, 0, 1, 3, 0, 0, 1, 0, 2, 0, 0, 0, 0, 0, 1, 0, 1, 0, 1, 1, 0, 2, 0, 0, 0, 0, 0, 0, 0, 2, 0, 0, 1, 0, 0, 1, 0, 0, 3, 0, 0, 1, 0, 3, 0, 0, 3, 0, 0, 0, 0, 2, 1, 0, 0, 0, 0, 1, 0, 2],855.0393744413956,51688.686262513584,111271.77089583754,true
22,G4_BALANCED,G4_BALANCED,[31, 11, 15, 82, 26, 9, 95, 32, 77, 68, 47, 5, 93, 78, 86, 54, 85, 63, 18, 44, 20, 49, 36, 14, 74, 50, 53, 17, 21, 45, 71, 64, 3, 23, 30, 83, 24, 41, 60, 52, 65, 27, 90, 70, 39, 87, 48, 69, 99, 4, 46, 1, 13, 58, 97, 59, 28, 75, 73, 37, 35, 79, 22, 66, 76, 42, 40, 80, 96, 6, 16, 61, 33, 7, 57, 34, 12, 67, 10, 98, 56, 88, 29, 8, 91, 38, 19, 92, 43, 84, 51, 72, 81, 25, 94, 55, 0, 89, 2, 62]|[2, 1, 1, 2, 1, 2, 1, 1, 1, 1, 1, 0, 2, 2, 1, 2, 0, 0, 0, 2, 2, 1, 0, 2, 0, 2, 2, 1, 0, 1, 1, 1, 0, 0, 1, 0, 2, 1, 2, 2, 0, 0, 1, 1, 0, 2, 0, 2, 1, 0, 0, 2, 0, 0, 2, 0, 1, 0, 0, 0, 2, 1, 0, 2, 2, 0, 2, 2, 0, 1, 2, 1, 1, 2, 0, 1, 1, 1, 1, 2, 2, 1, 1, 1, 1, 0, 1, 0, 1, 0, 1, 1, 1, 1, 2, 0, 0, 1, 2, 1]|[1, 3, 2, 0, 4, 1, 4, 4, 2, 4, 3, 2, 1, 0, 2, 1, 1, 1, 2, 1, 1, 3, 0, 1, 0, 1, 1, 4, 1, 4, 3, 2, 2, 0, 4, 1, 1, 4, 0, 1, 2, 1, 4, 4, 1, 1, 0, 2, 3, 1, 2, 1, 2, 1, 1, 2, 4, 2, 0, 2, 2, 3, 1, 0, 1, 2, 0, 1, 2, 4, 1, 3, 4, 1, 2, 4, 3, 3, 3, 1, 1, 4, 3, 3, 3, 2, 4, 2, 4, 2, 3, 4, 1, 4, 1, 2, 2, 4, 1, 3]|[1, 2, 1, 0, 3, 0, 1, 3, 0, 0, 2, 0, 1, 0, 1, 0, 0, 0, 1, 0, 0, 2, 0, 0, 1, 0, 0, 3, 0, 1, 0, 2, 0, 1, 3, 0, 1, 3, 1, 0, 0, 0, 1, 3, 0, 0, 1, 0, 2, 0, 0, 0, 0, 0, 1, 0, 1, 0, 1, 1, 0, 2, 0, 0, 0, 0, 0, 0, 0, 2, 0, 0, 1, 0, 0, 1, 0, 0, 3, 0, 0, 1, 0, 0, 0, 0, 3, 0, 2, 0, 0, 2, 1, 3, 0, 0, 0, 1, 0, 0],842.3358630601143,52535.59882498444,107349.69971746493,false
22,G2_TEC,G2_TEC,[31, 22, 82, 15, 26, 9, 95, 42, 77, 68, 47, 5, 93, 78, 86, 54, 85, 63, 18, 44, 20, 49, 36, 14, 74, 50, 53, 17, 21, 28, 11, 64, 3, 23, 30, 83, 24, 41, 40, 52, 65, 27, 90, 70, 39, 87, 48, 69, 99, 4, 46, 1, 13, 58, 97, 59, 45, 8, 73, 37, 35, 79, 71, 66, 76, 32, 60, 80, 96, 6, 16, 61, 33, 7, 57, 34, 12, 67, 10, 98, 56, 88, 29, 75, 91, 38, 19, 92, 43, 84, 51, 72, 81, 25, 2, 55, 62, 89, 94, 0]|[2, 1, 2, 1, 1, 2, 1, 1, 1, 1, 1, 0, 2, 2, 1, 2, 0, 0, 0, 2, 2, 1, 0, 2, 0, 2, 2, 1, 0, 1, 1, 1, 0, 0, 1, 0, 2, 1, 2, 2, 0, 0, 1, 1, 0, 2, 0, 2, 1, 0, 0, 2, 0, 0, 2, 0, 1, 1, 0, 0, 2, 1, 1, 2, 2, 0, 2, 2, 0, 1, 2, 1, 1, 2, 0, 1, 1, 1, 1, 2, 2, 1, 1, 0, 1, 0, 1, 0, 1, 0, 1, 1, 1, 1, 2, 0, 1, 1, 2, 0]|[0, 3, 0, 3, 4, 1, 4, 4, 2, 4, 3, 2, 1, 0, 2, 1, 1, 1, 2, 1, 1, 3, 0, 1, 0, 1, 1, 4, 1, 4, 3, 2, 2, 0, 4, 1, 1, 4, 0, 1, 2, 1, 4, 4, 1, 1, 0, 2, 3, 2, 2, 1, 2, 1, 1, 2, 4, 3, 0, 2, 2, 3, 3, 0, 1, 2, 0, 1, 2, 4, 1, 3, 4, 1, 2, 4, 3, 3, 3, 1, 1, 4, 3, 2, 3, 2, 4, 2, 4, 2, 3, 4, 4, 4, 1, 2, 3, 4, 1, 2]|[0, 2, 0, 0, 3, 0, 1, 3, 0, 0, 2, 0, 1, 0, 1, 0, 0, 0, 1, 0, 0, 2, 0, 0, 1, 0, 0, 3, 0, 1, 0, 2, 0, 0, 3, 0, 1, 3, 0, 0, 0, 0, 1, 3, 0, 0, 1, 0, 2, 0, 0, 0, 0, 0, 1, 0, 1, 0, 1, 1, 0, 2, 0, 0, 0, 0, 0, 0, 0, 2, 0, 0, 1, 0, 0, 1, 0, 0, 3, 0, 0, 1, 0, 0, 0, 0, 1, 0, 2, 0, 0, 2, 1, 3, 0, 0, 0, 1, 0, 0],896.1029292898813,50428.13444364295,114595.46915086164,false
22,G3_TWC,G3_TWC,[31, 22, 82, 15, 26, 58, 95, 42, 77, 12, 47, 5, 93, 78, 98, 54, 85, 63, 18, 44, 20, 35, 43, 97, 91, 76, 10, 30, 21, 45, 71, 64, 1, 23, 17, 83, 24, 14, 60, 36, 6, 57, 94, 88, 65, 56, 79, 40, 67, 68, 46, 75, 38, 9, 19, 32, 81, 41, 27, 62, 87, 90, 99, 59, 11, 16, 72, 73, 70, 39, 37, 84, 3, 92, 25, 55, 28, 29, 51, 7, 33, 61, 86, 66, 89, 50, 8, 96, 53, 80, 4, 48, 34, 49, 52, 0, 13, 69, 2, 74]|[1, 1, 0, 1, 1, 0, 2, 1, 2, 1, 2, 2, 2, 1, 1, 0, 0, 1, 0, 2, 2, 0, 1, 2, 0, 1, 2, 2, 0, 0, 1, 2, 1, 2, 1, 0, 2, 0, 1, 1, 0, 1, 1, 1, 0, 2, 1, 1, 0, 0, 0, 0, 1, 1, 2, 1, 2, 0, 0, 0, 2, 1, 0, 1, 2, 1, 2, 1, 1, 1, 1, 1, 1, 0, 1, 1, 0, 0, 0, 1, 2, 1, 0, 2, 1, 0, 1, 0, 0, 0, 0, 0, 2, 0, 1, 0, 0, 1, 0, 2]|[4, 3, 2, 2, 4, 1, 2, 2, 2, 4, 1, 1, 2, 4, 4, 1, 2, 4, 2, 1, 1, 1, 1, 2, 1, 2, 1, 1, 1, 1, 3, 2, 3, 1, 4, 0, 1, 1, 0, 3, 2, 2, 4, 0, 1, 1, 0, 2, 0, 1, 2, 2, 1, 4, 0, 3, 2, 1, 1, 2, 1, 3, 1, 1, 1, 3, 0, 4, 3, 1, 4, 1, 1, 0, 4, 4, 2, 1, 1, 3, 1, 3, 1, 1, 1, 1, 3, 1, 2, 1, 2, 1, 1, 1, 1, 2, 2, 3, 2, 1]|[0, 2, 1, 1, 3, 0, 0, 1, 0, 0, 0, 0, 1, 0, 1, 0, 0, 3, 1, 0, 0, 0, 3, 1, 0, 2, 0, 0, 0, 1, 0, 0, 0, 0, 3, 0, 1, 0, 0, 2, 1, 1, 2, 0, 0, 0, 0, 1, 1, 0, 0, 0, 1, 3, 0, 0, 1, 0, 0, 1, 0, 2, 0, 1, 0, 2, 1, 0, 0, 1, 1, 3, 1, 1, 3, 3, 1, 0, 0, 2, 0, 0, 0, 0, 1, 0, 2, 0, 1, 0, 1, 0, 0, 1, 1, 0, 0, 0, 0, 0],832.7069784438163,57195.48686171763,92291.03653708016,false
22,G1_CMAX,G1_CMAX,[31, 22, 82, 15, 26, 9, 42, 77, 12, 5, 47, 93, 78, 86, 54, 6, 63, 18, 44, 20, 35, 43, 97, 91, 76, 10, 30, 21, 45, 17, 23, 1, 71, 83, 24, 14, 60, 36, 85, 57, 40, 95, 88, 65, 56, 79, 94, 67, 68, 46, 75, 38, 58, 19, 32, 81, 41, 62, 87, 28, 90, 59, 11, 16, 72, 73, 69, 52, 37, 64, 84, 3, 25, 29, 55, 51, 7, 98, 61, 66, 99, 33, 89, 48, 50, 96, 53, 80, 4, 8, 27, 2, 39, 13, 0, 92, 49, 74, 34, 70]|[1, 1, 0, 1, 1, 1, 2, 2, 1, 2, 2, 1, 1, 1, 0, 0, 1, 0, 2, 2, 0, 1, 2, 2, 1, 2, 2, 0, 0, 1, 2, 1, 1, 0, 2, 0, 1, 1, 0, 1, 1, 1, 1, 0, 2, 1, 1, 0, 0, 0, 0, 1, 1, 2, 1, 2, 0, 0, 2, 0, 1, 2, 2, 1, 2, 1, 1, 1, 1, 1, 1, 2, 1, 0, 2, 0, 1, 2, 1, 0, 0, 2, 1, 0, 0, 2, 0, 0, 1, 1, 0, 0, 1, 0, 0, 0, 0, 2, 2, 1]|[0, 3, 1, 2, 0, 0, 1, 1, 4, 1, 1, 4, 4, 4, 2, 2, 4, 2, 1, 1, 1, 1, 2, 1, 2, 1, 1, 1, 1, 4, 0, 3, 3, 0, 1, 1, 0, 3, 2, 2, 2, 2, 0, 1, 1, 0, 4, 0, 1, 2, 2, 1, 4, 0, 3, 2, 1, 2, 1, 2, 3, 1, 1, 3, 0, 4, 4, 1, 4, 3, 1, 2, 4, 1, 1, 1, 1, 1, 3, 1, 1, 1, 1, 1, 1, 1, 2, 1, 4, 3, 2, 2, 1, 2, 2, 0, 1, 1, 1, 4]|[1, 1, 1, 1, 3, 3, 0, 0, 0, 0, 0, 2, 0, 1, 0, 0, 3, 1, 0, 0, 0, 3, 1, 0, 2, 0, 0, 0, 1, 3, 0, 0, 0, 0, 1, 0, 0, 2, 1, 1, 1, 1, 0, 0, 0, 0, 2, 1, 0, 0, 0, 1, 3, 0, 0, 1, 0, 1, 0, 1, 2, 0, 0, 2, 1, 0, 2, 1, 1, 0, 3, 1, 3, 0, 0, 0, 2, 0, 0, 0, 0, 0, 1, 0, 0, 0, 1, 0, 0, 2, 1, 0, 1, 0, 0, 1, 1, 0, 0, 2],733.3116759547878,58140.55643565909,96674.14109675489,false
22,G4_BALANCED,G4_BALANCED,[31, 11, 15, 82, 26, 9, 95, 32, 77, 68, 47, 5, 93, 78, 86, 54, 85, 63, 18, 44, 20, 49, 36, 14, 74, 50, 53, 17, 21, 45, 71, 64, 3, 23, 30, 83, 24, 41, 60, 52, 65, 27, 90, 70, 39, 87, 48, 69, 99, 4, 46, 1, 13, 58, 97, 59, 28, 75, 73, 37, 35, 79, 22, 66, 76, 42, 40, 80, 96, 6, 16, 61, 33, 7, 57, 34, 12, 67, 10, 98, 56, 88, 29, 8, 91, 38, 19, 92, 43, 84, 51, 72, 81, 25, 94, 55, 0, 89, 2, 62]|[2, 1, 1, 2, 1, 2, 1, 1, 1, 1, 1, 0, 2, 2, 1, 2, 0, 0, 0, 2, 2, 1, 0, 2, 0, 2, 2, 1, 0, 1, 1, 1, 0, 0, 1, 0, 2, 1, 2, 2, 0, 0, 1, 1, 0, 2, 0, 2, 1, 0, 0, 2, 0, 0, 2, 0, 1, 0, 0, 0, 2, 1, 0, 2, 2, 0, 2, 2, 0, 1, 2, 1, 1, 2, 0, 1, 1, 1, 1, 2, 2, 1, 1, 1, 1, 0, 1, 0, 1, 0, 1, 1, 1, 1, 2, 0, 0, 1, 2, 1]|[1, 3, 2, 0, 4, 1, 4, 4, 2, 4, 3, 2, 1, 0, 2, 1, 1, 1, 2, 1, 1, 3, 0, 1, 0, 1, 1, 4, 1, 4, 3, 2, 2, 0, 4, 1, 1, 4, 0, 1, 2, 1, 4, 4, 1, 1, 0, 2, 3, 1, 2, 1, 2, 1, 1, 2, 4, 2, 0, 2, 2, 3, 1, 0, 1, 2, 0, 1, 2, 4, 1, 3, 4, 1, 2, 4, 3, 3, 3, 1, 1, 4, 3, 3, 3, 2, 4, 2, 4, 2, 3, 4, 1, 4, 1, 2, 2, 4, 1, 3]|[1, 2, 1, 0, 3, 0, 1, 3, 0, 0, 2, 0, 1, 0, 1, 0, 0, 0, 1, 0, 0, 2, 0, 0, 1, 0, 0, 3, 0, 1, 0, 2, 0, 1, 3, 0, 1, 3, 1, 0, 0, 0, 1, 3, 0, 0, 1, 0, 2, 0, 0, 0, 0, 0, 1, 0, 1, 0, 1, 1, 0, 2, 0, 0, 0, 0, 0, 0, 0, 2, 0, 0, 1, 0, 0, 1, 0, 0, 3, 0, 0, 1, 0, 0, 0, 0, 3, 0, 2, 0, 0, 2, 1, 3, 0, 0, 0, 1, 0, 0],842.3358630601143,52535.59882498444,107349.69971746493,false
22,G2_TEC,G2_TEC,[31, 22, 82, 15, 26, 9, 95, 42, 77, 68, 47, 5, 93, 78, 86, 54, 85, 63, 18, 44, 20, 49, 36, 14, 74, 50, 53, 17, 21, 28, 71, 64, 3, 23, 30, 83, 24, 41, 40, 52, 65, 27, 90, 70, 39, 87, 48, 69, 99, 4, 46, 1, 13, 58, 97, 59, 45, 8, 73, 37, 35, 79, 11, 66, 76, 32, 60, 80, 96, 6, 16, 61, 33, 7, 57, 34, 12, 67, 10, 98, 56, 88, 29, 94, 91, 38, 19, 92, 2, 84, 55, 72, 81, 25, 43, 51, 62, 89, 75, 0]|[2, 1, 2, 1, 1, 2, 1, 1, 1, 1, 1, 0, 2, 2, 1, 2, 0, 0, 0, 2, 2, 1, 0, 2, 0, 2, 2, 1, 0, 1, 1, 1, 0, 0, 1, 0, 2, 1, 2, 2, 0, 0, 1, 1, 0, 2, 0, 2, 1, 0, 0, 2, 0, 0, 2, 0, 1, 1, 0, 0, 2, 1, 0, 2, 2, 0, 2, 2, 0, 1, 2, 1, 1, 2, 0, 1, 1, 1, 1, 2, 2, 1, 1, 2, 1, 0, 1, 0, 2, 0, 0, 1, 1, 1, 1, 1, 1, 1, 2, 0]|[0, 3, 0, 3, 4, 1, 4, 4, 2, 4, 3, 2, 1, 0, 2, 1, 1, 1, 2, 1, 1, 3, 0, 1, 0, 1, 1, 4, 1, 4, 3, 2, 2, 0, 4, 1, 1, 4, 0, 1, 2, 1, 4, 4, 1, 1, 0, 2, 3, 1, 2, 1, 2, 1, 1, 2, 4, 3, 0, 2, 2, 3, 1, 0, 1, 2, 0, 1, 2, 4, 1, 3, 4, 1, 2, 4, 3, 3, 3, 1, 1, 4, 3, 1, 3, 2, 4, 2, 1, 2, 2, 4, 4, 4, 4, 3, 3, 4, 1, 2]|[0, 2, 0, 0, 3, 0, 1, 3, 0, 0, 2, 0, 1, 0, 1, 0, 0, 0, 1, 0, 0, 2, 0, 0, 1, 0, 0, 3, 0, 1, 0, 2, 0, 0, 3, 0, 1, 3, 0, 0, 0, 0, 1, 3, 0, 0, 1, 0, 2, 0, 0, 0, 0, 0, 1, 0, 1, 0, 1, 1, 0, 2, 0, 0, 0, 0, 0, 0, 0, 2, 0, 0, 1, 0, 0, 1, 0, 0, 3, 0, 0, 1, 0, 0, 0, 0, 3, 0, 0, 0, 0, 2, 1, 3, 2, 0, 0, 1, 0, 0],883.4419220443135,50663.754849196666,113933.90485926482,false
22,G3_TWC,G3_TWC,[31, 22, 82, 15, 26, 9, 95, 42, 77, 12, 47, 5, 93, 78, 86, 54, 85, 63, 18, 44, 20, 35, 43, 97, 91, 76, 10, 30, 21, 45, 71, 64, 1, 23, 17, 83, 24, 14, 60, 36, 6, 57, 40, 88, 65, 56, 79, 94, 67, 68, 46, 75, 38, 58, 19, 32, 81, 41, 27, 62, 87, 90, 99, 59, 11, 16, 72, 73, 69, 39, 37, 84, 3, 92, 25, 55, 28, 29, 51, 7, 66, 61, 98, 48, 89, 50, 4, 96, 53, 80, 8, 33, 34, 2, 52, 13, 0, 70, 74, 49]|[1, 1, 0, 1, 1, 1, 1, 2, 2, 1, 2, 2, 2, 1, 1, 0, 0, 1, 0, 2, 2, 0, 1, 2, 0, 1, 2, 2, 0, 0, 1, 2, 1, 2, 1, 0, 2, 0, 1, 1, 0, 1, 1, 1, 0, 2, 1, 1, 0, 0, 0, 0, 1, 1, 2, 1, 2, 0, 0, 0, 2, 1, 0, 1, 2, 1, 2, 1, 1, 1, 1, 1, 1, 0, 1, 1, 0, 0, 0, 1, 2, 1, 2, 0, 1, 0, 0, 0, 0, 0, 1, 2, 2, 0, 1, 0, 0, 1, 2, 0]|[4, 3, 2, 2, 0, 0, 2, 2, 2, 4, 1, 1, 2, 4, 4, 1, 2, 4, 2, 1, 1, 1, 1, 2, 1, 2, 1, 1, 1, 1, 3, 2, 3, 0, 4, 0, 1, 1, 0, 3, 2, 2, 2, 0, 1, 1, 0, 4, 0, 1, 2, 2, 1, 4, 0, 3, 2, 1, 1, 2, 1, 3, 1, 1, 1, 3, 0, 4, 3, 1, 4, 1, 1, 0, 4, 4, 2, 1, 1, 3, 1, 3, 1, 1, 1, 1, 2, 1, 2, 1, 3, 1, 1, 2, 1, 2, 2, 4, 1, 1]|[0, 2, 1, 1, 3, 3, 1, 0, 0, 0, 0, 0, 1, 0, 1, 0, 0, 3, 1, 0, 0, 0, 3, 1, 0, 2, 0, 0, 0, 1, 0, 0, 0, 0, 3, 0, 1, 0, 0, 2, 1, 1, 1, 0, 0, 0, 0, 2, 1, 0, 0, 0, 1, 3, 0, 0, 1, 0, 0, 1, 0, 2, 0, 1, 0, 2, 1, 0, 0, 1, 1, 3, 1, 1, 3, 3, 1, 0, 0, 2, 0, 0, 0, 0, 1, 0, 1, 0, 1, 0, 2, 0, 0, 0, 1, 0, 0, 2, 0, 1],795.9209522169074,58176.61051743866,90980.22022110094,false
22,G1_CMAX,G1_CMAX,[31, 22, 82, 15, 26, 9, 42, 77, 12, 5, 47, 93, 78, 86, 54, 6, 63, 18, 44, 20, 35, 43, 97, 91, 76, 10, 30, 21, 45, 17, 23, 1, 71, 83, 24, 14, 60, 36, 85, 57, 40, 95, 88, 65, 56, 79, 94, 67, 68, 46, 75, 38, 58, 19, 32, 81, 41, 62, 87, 28, 90, 59, 11, 16, 72, 73, 69, 52, 37, 64, 84, 3, 25, 29, 55, 51, 7, 98, 61, 66, 99, 33, 89, 48, 50, 96, 53, 80, 4, 8, 27, 2, 39, 13, 0, 92, 49, 74, 34, 70]|[1, 1, 0, 1, 1, 1, 2, 2, 1, 2, 2, 1, 1, 1, 0, 0, 1, 0, 2, 2, 0, 1, 2, 2, 1, 2, 2, 0, 0, 1, 2, 1, 1, 0, 2, 0, 1, 1, 0, 1, 1, 1, 1, 0, 2, 1, 1, 0, 0, 0, 0, 1, 1, 2, 1, 2, 0, 0, 2, 0, 1, 2, 2, 1, 2, 1, 1, 1, 1, 1, 1, 2, 1, 0, 2, 0, 1, 2, 1, 0, 0, 2, 1, 0, 0, 2, 0, 0, 1, 1, 0, 0, 1, 0, 0, 0, 0, 2, 2, 1]|[0, 3, 1, 2, 0, 0, 1, 1, 4, 1, 1, 4, 4, 4, 2, 2, 4, 2, 1, 1, 1, 1, 2, 1, 2, 1, 1, 1, 1, 4, 0, 3, 3, 0, 1, 1, 0, 3, 2, 2, 2, 2, 0, 1, 1, 0, 4, 0, 1, 2, 2, 1, 4, 0, 3, 2, 1, 2, 1, 2, 3, 1, 1, 3, 0, 4, 4, 1, 4, 3, 1, 2, 4, 1, 1, 1, 1, 1, 3, 1, 1, 1, 1, 1, 1, 1, 2, 1, 4, 3, 2, 2, 1, 2, 2, 0, 1, 1, 1, 4]|[1, 1, 1, 1, 3, 3, 0, 0, 0, 0, 0, 2, 0, 1, 0, 0, 3, 1, 0, 0, 0, 3, 1, 0, 2, 0, 0, 0, 1, 3, 0, 0, 0, 0, 1, 0, 0, 2, 1, 1, 1, 1, 0, 0, 0, 0, 2, 1, 0, 0, 0, 1, 3, 0, 0, 1, 0, 1, 0, 1, 2, 0, 0, 2, 1, 0, 2, 1, 1, 0, 3, 1, 3, 0, 0, 0, 2, 0, 0, 0, 0, 0, 1, 0, 0, 0, 1, 0, 0, 2, 1, 0, 1, 0, 0, 1, 1, 0, 0, 2],733.3116759547878,58140.55643565909,96674.14109675489,false
22,G4_BALANCED,G4_BALANCED,[31, 11, 15, 82, 26, 9, 95, 32, 77, 68, 47, 5, 93, 78, 86, 54, 85, 63, 18, 44, 20, 49, 36, 14, 74, 50, 53, 17, 21, 45, 71, 64, 3, 23, 30, 83, 24, 41, 60, 52, 65, 27, 90, 70, 39, 87, 48, 69, 99, 4, 46, 1, 13, 58, 97, 59, 28, 75, 73, 37, 35, 79, 22, 66, 76, 42, 40, 80, 96, 6, 16, 61, 33, 7, 57, 34, 12, 67, 10, 98, 56, 88, 29, 8, 91, 38, 19, 92, 43, 84, 51, 72, 81, 25, 94, 55, 0, 89, 2, 62]|[2, 1, 1, 2, 1, 2, 1, 1, 1, 1, 1, 0, 2, 2, 1, 2, 0, 0, 0, 2, 2, 1, 0, 2, 0, 2, 2, 1, 0, 1, 1, 1, 0, 0, 1, 0, 2, 1, 2, 2, 0, 0, 1, 1, 0, 2, 0, 2, 1, 0, 0, 2, 0, 0, 2, 0, 1, 0, 0, 0, 2, 1, 0, 2, 2, 0, 2, 2, 0, 1, 2, 1, 1, 2, 0, 1, 1, 1, 1, 2, 2, 1, 1, 1, 1, 0, 1, 0, 1, 0, 1, 1, 1, 1, 2, 0, 0, 1, 2, 1]|[1, 3, 2, 0, 4, 1, 4, 4, 2, 4, 3, 2, 1, 0, 2, 1, 1, 1, 2, 1, 1, 3, 0, 1, 0, 1, 1, 4, 1, 4, 3, 2, 2, 0, 4, 1, 1, 4, 0, 1, 2, 1, 4, 4, 1, 1, 0, 2, 3, 1, 2, 1, 2, 1, 1, 2, 4, 2, 0, 2, 2, 3, 1, 0, 1, 2, 0, 1, 2, 4, 1, 3, 4, 1, 2, 4, 3, 3, 3, 1, 1, 4, 3, 3, 3, 2, 4, 2, 4, 2, 3, 4, 1, 4, 1, 2, 2, 4, 1, 3]|[1, 2, 1, 0, 3, 0, 1, 3, 0, 0, 2, 0, 1, 0, 1, 0, 0, 0, 1, 0, 0, 2, 0, 0, 1, 0, 0, 3, 0, 1, 0, 2, 0, 1, 3, 0, 1, 3, 1, 0, 0, 0, 1, 3, 0, 0, 1, 0, 2, 0, 0, 0, 0, 0, 1, 0, 1, 0, 1, 1, 0, 2, 0, 0, 0, 0, 0, 0, 0, 2, 0, 0, 1, 0, 0, 1, 0, 0, 3, 0, 0, 1, 0, 0, 0, 0, 3, 0, 2, 0, 0, 2, 1, 3, 0, 0, 0, 1, 0, 0],842.3358630601143,52535.59882498444,107349.69971746493,false
22,G2_TEC,G2_TEC,[31, 22, 82, 15, 26, 9, 95, 42, 77, 68, 47, 5, 93, 78, 86, 54, 85, 63, 18, 44, 20, 49, 36, 14, 74, 50, 53, 17, 21, 28, 11, 64, 3, 23, 30, 83, 24, 41, 40, 52, 65, 27, 90, 70, 39, 87, 48, 69, 99, 4, 46, 1, 13, 58, 97, 59, 45, 8, 73, 37, 35, 79, 71, 66, 76, 32, 60, 80, 96, 6, 16, 61, 33, 7, 57, 34, 12, 67, 10, 98, 56, 88, 29, 75, 91, 38, 19, 92, 43, 84, 51, 72, 81, 25, 2, 55, 62, 89, 94, 0]|[2, 1, 2, 1, 1, 2, 1, 1, 1, 1, 1, 0, 2, 2, 1, 2, 0, 0, 0, 2, 2, 1, 0, 2, 0, 2, 2, 1, 0, 1, 1, 1, 0, 0, 1, 0, 2, 1, 2, 2, 0, 0, 1, 1, 0, 2, 0, 2, 1, 0, 0, 2, 0, 0, 2, 0, 1, 1, 0, 0, 2, 1, 1, 2, 2, 0, 2, 2, 0, 1, 2, 1, 1, 2, 0, 1, 1, 1, 1, 2, 2, 1, 1, 0, 1, 0, 1, 0, 1, 0, 1, 1, 1, 1, 2, 0, 1, 1, 2, 0]|[0, 3, 0, 3, 4, 1, 4, 4, 2, 4, 3, 2, 1, 0, 2, 1, 1, 1, 2, 1, 1, 3, 0, 1, 0, 1, 1, 4, 1, 4, 3, 2, 2, 0, 4, 1, 1, 4, 0, 1, 2, 1, 4, 4, 1, 1, 0, 2, 3, 2, 2, 1, 2, 1, 1, 2, 4, 3, 0, 2, 2, 3, 3, 0, 1, 2, 0, 1, 2, 4, 1, 3, 4, 1, 2, 4, 3, 3, 3, 1, 1, 4, 3, 2, 3, 2, 4, 2, 4, 2, 3, 4, 4, 4, 1, 2, 3, 4, 1, 2]|[0, 2, 0, 0, 3, 0, 1, 3, 0, 0, 2, 0, 1, 0, 1, 0, 0, 0, 1, 0, 0, 2, 0, 0, 1, 0, 0, 3, 0, 1, 0, 2, 0, 0, 3, 0, 1, 3, 0, 0, 0, 0, 1, 3, 0, 0, 1, 0, 2, 0, 0, 0, 0, 0, 1, 0, 1, 0, 1, 1, 0, 2, 0, 0, 0, 0, 0, 0, 0, 2, 0, 0, 1, 0, 0, 1, 0, 0, 3, 0, 0, 1, 0, 0, 0, 0, 1, 0, 2, 0, 0, 2, 1, 3, 0, 0, 0, 1, 0, 0],896.1029292898813,50428.13444364295,114595.46915086164,false
22,G3_TWC,G3_TWC,[31, 22, 82, 15, 26, 9, 95, 42, 77, 12, 47, 5, 93, 78, 86, 54, 85, 63, 18, 44, 20, 35, 43, 97, 91, 76, 10, 30, 21, 45, 71, 64, 1, 23, 17, 83, 24, 14, 60, 36, 6, 57, 40, 88, 65, 56, 79, 94, 67, 68, 46, 75, 38, 58, 19, 32, 81, 41, 27, 62, 87, 90, 99, 59, 11, 16, 72, 73, 69, 39, 37, 84, 3, 92, 25, 55, 28, 29, 51, 7, 66, 61, 98, 48, 89, 50, 4, 96, 53, 80, 8, 33, 34, 2, 52, 13, 0, 70, 74, 49]|[1, 1, 0, 1, 1, 1, 1, 2, 2, 1, 2, 2, 2, 1, 1, 0, 0, 1, 0, 2, 2, 0, 1, 2, 0, 1, 2, 2, 0, 0, 1, 2, 1, 2, 1, 0, 2, 0, 1, 1, 0, 1, 1, 1, 0, 2, 1, 1, 0, 0, 0, 0, 1, 1, 2, 1, 2, 0, 0, 0, 2, 1, 0, 1, 2, 1, 2, 1, 1, 1, 1, 1, 1, 0, 1, 1, 0, 0, 0, 1, 2, 1, 2, 0, 1, 0, 0, 0, 0, 0, 1, 2, 2, 0, 1, 0, 0, 1, 2, 0]|[4, 3, 2, 2, 0, 0, 2, 2, 2, 4, 1, 1, 2, 4, 4, 1, 2, 4, 2, 1, 1, 1, 1, 2, 1, 2, 1, 1, 1, 1, 3, 2, 3, 0, 4, 0, 1, 1, 0, 3, 2, 2, 2, 0, 1, 1, 0, 4, 0, 1, 2, 2, 1, 4, 0, 3, 2, 1, 1, 2, 1, 3, 1, 1, 1, 3, 0, 4, 3, 1, 4, 1, 1, 0, 4, 4, 2, 1, 1, 3, 1, 3, 1, 1, 1, 1, 2, 1, 2, 1, 3, 1, 1, 2, 1, 2, 2, 4, 1, 1]|[0, 2, 1, 1, 3, 3, 1, 0, 0, 0, 0, 0, 1, 0, 1, 0, 0, 3, 1, 0, 0, 0, 3, 1, 0, 2, 0, 0, 0, 1, 0, 0, 0, 0, 3, 0, 1, 0, 0, 2, 1, 1, 1, 0, 0, 0, 0, 2, 1, 0, 0, 0, 1, 3, 0, 0, 1, 0, 0, 1, 0, 2, 0, 1, 0, 2, 1, 0, 0, 1, 1, 3, 1, 1, 3, 3, 1, 0, 0, 2, 0, 0, 0, 0, 1, 0, 1, 0, 1, 0, 2, 0, 0, 0, 1, 0, 0, 2, 0, 1],795.9209522169074,58176.61051743866,90980.22022110094,false
22,G1_CMAX,G1_CMAX,[31, 22, 82, 15, 26, 9, 42, 77, 12, 5, 47, 93, 78, 86, 54, 6, 63, 18, 44, 20, 35, 43, 97, 91, 76, 10, 30, 21, 45, 17, 23, 1, 71, 83, 24, 14, 60, 36, 85, 57, 40, 95, 88, 65, 56, 79, 94, 67, 68, 46, 75, 38, 58, 19, 32, 81, 41, 62, 87, 28, 90, 59, 11, 16, 72, 73, 69, 52, 37, 64, 84, 3, 25, 29, 55, 51, 7, 98, 61, 66, 99, 33, 89, 48, 50, 96, 53, 80, 4, 8, 27, 2, 39, 13, 0, 92, 49, 74, 34, 70]|[1, 1, 0, 1, 1, 1, 2, 2, 1, 2, 2, 1, 1, 1, 0, 0, 1, 0, 2, 2, 0, 1, 2, 2, 1, 2, 2, 0, 0, 1, 2, 1, 1, 0, 2, 0, 1, 1, 0, 1, 1, 1, 1, 0, 2, 1, 1, 0, 0, 0, 0, 1, 1, 2, 1, 2, 0, 0, 2, 0, 1, 2, 2, 1, 2, 1, 1, 1, 1, 1, 1, 2, 1, 0, 2, 0, 1, 2, 1, 0, 0, 2, 1, 0, 0, 2, 0, 0, 1, 1, 0, 0, 1, 0, 0, 0, 0, 2, 2, 1]|[0, 3, 1, 2, 0, 0, 1, 1, 4, 1, 1, 4, 4, 4, 2, 2, 4, 2, 1, 1, 1, 1, 2, 1, 2, 1, 1, 1, 1, 4, 0, 3, 3, 0, 1, 1, 0, 3, 2, 2, 2, 2, 0, 1, 1, 0, 4, 0, 1, 2, 2, 1, 4, 0, 3, 2, 1, 2, 1, 2, 3, 1, 1, 3, 0, 4, 4, 1, 4, 3, 1, 2, 4, 1, 1, 1, 1, 1, 3, 1, 1, 1, 1, 1, 1, 1, 2, 1, 4, 3, 2, 2, 1, 2, 2, 0, 1, 1, 1, 4]|[1, 1, 1, 1, 3, 3, 0, 0, 0, 0, 0, 2, 0, 1, 0, 0, 3, 1, 0, 0, 0, 3, 1, 0, 2, 0, 0, 0, 1, 3, 0, 0, 0, 0, 1, 0, 0, 2, 1, 1, 1, 1, 0, 0, 0, 0, 2, 1, 0, 0, 0, 1, 3, 0, 0, 1, 0, 1, 0, 1, 2, 0, 0, 2, 1, 0, 2, 1, 1, 0, 3, 1, 3, 0, 0, 0, 2, 0, 0, 0, 0, 0, 1, 0, 0, 0, 1, 0, 0, 2, 1, 0, 1, 0, 0, 1, 1, 0, 0, 2],733.3116759547878,58140.55643565909,96674.14109675489,false
22,G4_BALANCED,G4_BALANCED,[31, 11, 15, 82, 26, 9, 95, 32, 77, 68, 47, 5, 93, 78, 86, 54, 85, 63, 18, 44, 20, 49, 36, 14, 74, 50, 53, 17, 21, 45, 71, 64, 3, 23, 30, 83, 24, 41, 60, 52, 65, 27, 90, 70, 39, 87, 48, 69, 99, 4, 46, 1, 13, 58, 97, 59, 28, 75, 73, 37, 35, 79, 22, 66, 76, 42, 40, 80, 96, 6, 16, 61, 33, 7, 57, 34, 12, 67, 10, 98, 56, 88, 29, 94, 91, 51, 19, 92, 43, 84, 38, 72, 81, 8, 2, 55, 62, 89, 25, 0]|[2, 1, 1, 2, 1, 2, 1, 1, 1, 1, 1, 0, 2, 2, 1, 2, 0, 0, 0, 2, 2, 1, 0, 2, 0, 2, 2, 1, 0, 1, 1, 1, 0, 0, 1, 0, 2, 1, 2, 2, 0, 0, 1, 1, 0, 2, 0, 2, 1, 0, 0, 2, 0, 0, 2, 0, 1, 0, 0, 0, 2, 1, 0, 2, 2, 0, 2, 2, 0, 1, 2, 1, 1, 2, 0, 1, 1, 1, 1, 2, 2, 1, 1, 2, 1, 1, 1, 0, 1, 0, 0, 1, 1, 1, 2, 0, 1, 1, 1, 0]|[1, 3, 2, 0, 4, 1, 4, 4, 2, 4, 3, 2, 1, 0, 2, 1, 1, 1, 2, 1, 1, 3, 0, 1, 0, 1, 1, 4, 1, 4, 3, 2, 2, 0, 4, 1, 1, 4, 0, 1, 2, 1, 4, 4, 1, 1, 0, 2, 3, 1, 2, 1, 2, 1, 1, 2, 4, 2, 0, 2, 2, 3, 1, 0, 1, 2, 0, 1, 2, 4, 1, 3, 4, 1, 2, 4, 3, 3, 3, 1, 1, 4, 3, 1, 3, 3, 4, 2, 4, 2, 2, 4, 1, 3, 1, 2, 3, 4, 4, 2]|[1, 2, 1, 0, 3, 0, 1, 3, 0, 0, 2, 0, 1, 0, 1, 0, 0, 0, 1, 0, 0, 2, 0, 0, 1, 0, 0, 3, 0, 1, 0, 2, 0, 1, 3, 0, 1, 3, 1, 0, 0, 0, 1, 3, 0, 0, 1, 0, 2, 0, 0, 0, 0, 0, 1, 0, 1, 0, 1, 1, 0, 2, 0, 0, 0, 0, 0, 0, 0, 2, 0, 0, 1, 0, 0, 1, 0, 0, 3, 0, 0, 1, 0, 0, 0, 0, 3, 0, 2, 0, 0, 2, 1, 0, 0, 0, 0, 1, 3, 0],836.569815134707,52504.092339752446,107095.57005228325,false
22,G2_TEC,G2_TEC,[31, 22, 82, 15, 26, 9, 95, 42, 77, 68, 47, 5, 93, 78, 86, 54, 85, 63, 18, 44, 20, 49, 36, 14, 74, 50, 53, 17, 21, 28, 11, 64, 3, 23, 30, 83, 24, 41, 40, 52, 65, 27, 90, 70, 39, 87, 48, 69, 99, 4, 46, 1, 13, 58, 97, 59, 45, 8, 73, 37, 35, 79, 71, 66, 76, 32, 60, 80, 96, 6, 16, 61, 33, 7, 57, 34, 12, 67, 10, 98, 56, 88, 29, 75, 91, 38, 19, 92, 43, 84, 51, 72, 81, 25, 2, 55, 62, 89, 94, 0]|[2, 1, 2, 1, 1, 2, 1, 1, 1, 1, 1, 0, 2, 2, 1, 2, 0, 0, 0, 2, 2, 1, 0, 2, 0, 2, 2, 1, 0, 1, 1, 1, 0, 0, 1, 0, 2, 1, 2, 2, 0, 0, 1, 1, 0, 2, 0, 2, 1, 0, 0, 2, 0, 0, 2, 0, 1, 1, 0, 0, 2, 1, 1, 2, 2, 0, 2, 2, 0, 1, 2, 1, 1, 2, 0, 1, 1, 1, 1, 2, 2, 1, 1, 0, 1, 0, 1, 0, 1, 0, 1, 1, 1, 1, 2, 0, 1, 1, 2, 0]|[0, 3, 0, 3, 4, 1, 4, 4, 2, 4, 3, 2, 1, 0, 2, 1, 1, 1, 2, 1, 1, 3, 0, 1, 0, 1, 1, 4, 1, 4, 3, 2, 2, 0, 4, 1, 1, 4, 0, 1, 2, 1, 4, 4, 1, 1, 0, 2, 3, 2, 2, 1, 2, 1, 1, 2, 4, 3, 0, 2, 2, 3, 3, 0, 1, 2, 0, 1, 2, 4, 1, 3, 4, 1, 2, 4, 3, 3, 3, 1, 1, 4, 3, 2, 3, 2, 4, 2, 4, 2, 3, 4, 4, 4, 1, 2, 3, 4, 1, 2]|[0, 2, 0, 0, 3, 0, 1, 3, 0, 0, 2, 0, 1, 0, 1, 0, 0, 0, 1, 0, 0, 2, 0, 0, 1, 0, 0, 3, 0, 1, 0, 2, 0, 0, 3, 0, 1, 3, 0, 0, 0, 0, 1, 3, 0, 0, 1, 0, 2, 0, 0, 0, 0, 0, 1, 0, 1, 0, 1, 1, 0, 2, 0, 0, 0, 0, 0, 0, 0, 2, 0, 0, 1, 0, 0, 1, 0, 0, 3, 0, 0, 1, 0, 0, 0, 0, 1, 0, 2, 0, 0, 2, 1, 3, 0, 0, 0, 1, 0, 0],896.1029292898813,50428.13444364295,114595.46915086164,false
22,G3_TWC,G3_TWC,[31, 22, 82, 15, 26, 9, 95, 42, 77, 12, 47, 5, 93, 78, 86, 54, 85, 63, 18, 44, 20, 35, 43, 97, 91, 76, 10, 30, 21, 45, 71, 64, 1, 23, 17, 83, 24, 14, 60, 36, 6, 57, 40, 88, 65, 56, 79, 94, 67, 68, 46, 75, 38, 58, 19, 32, 81, 41, 27, 62, 87, 90, 99, 59, 11, 16, 72, 73, 69, 39, 37, 84, 3, 92, 25, 55, 28, 29, 51, 7, 66, 61, 98, 48, 89, 50, 4, 96, 53, 80, 8, 33, 34, 2, 52, 13, 0, 70, 74, 49]|[1, 1, 0, 1, 1, 1, 1, 2, 2, 1, 2, 2, 2, 1, 1, 0, 0, 1, 0, 2, 2, 0, 1, 2, 0, 1, 2, 2, 0, 0, 1, 2, 1, 2, 1, 0, 2, 0, 1, 1, 0, 1, 1, 1, 0, 2, 1, 1, 0, 0, 0, 0, 1, 1, 2, 1, 2, 0, 0, 0, 2, 1, 0, 1, 2, 1, 2, 1, 1, 1, 1, 1, 1, 0, 1, 1, 0, 0, 0, 1, 2, 1, 2, 0, 1, 0, 0, 0, 0, 0, 1, 2, 2, 0, 1, 0, 0, 1, 2, 0]|[4, 3, 2, 2, 0, 0, 2, 2, 2, 4, 1, 1, 2, 4, 4, 1, 2, 4, 2, 1, 1, 1, 1, 2, 1, 2, 1, 1, 1, 1, 3, 2, 3, 0, 4, 0, 1, 1, 0, 3, 2, 2, 2, 0, 1, 1, 0, 4, 0, 1, 2, 2, 1, 4, 0, 3, 2, 1, 1, 2, 1, 3, 1, 1, 1, 3, 0, 4, 3, 1, 4, 1, 1, 0, 4, 4, 2, 1, 1, 3, 1, 3, 1, 1, 1, 1, 2, 1, 2, 1, 3, 1, 1, 2, 1, 2, 2, 4, 1, 1]|[0, 2, 1, 1, 3, 3, 1, 0, 0, 0, 0, 0, 1, 0, 1, 0, 0, 3, 1, 0, 0, 0, 3, 1, 0, 2, 0, 0, 0, 1, 0, 0, 0, 0, 3, 0, 1, 0, 0, 2, 1, 1, 1, 0, 0, 0, 0, 2, 1, 0, 0, 0, 1, 3, 0, 0, 1, 0, 0, 1, 0, 2, 0, 1, 0, 2, 1, 0, 0, 1, 1, 3, 1, 1, 3, 3, 1, 0, 0, 2, 0, 0, 0, 0, 1, 0, 1, 0, 1, 0, 2, 0, 0, 0, 1, 0, 0, 2, 0, 1],795.9209522169074,58176.61051743866,90980.22022110094,false
22,G1_CMAX,G1_CMAX,[31, 22, 82, 15, 26, 9, 42, 77, 12, 5, 47, 93, 78, 86, 54, 6, 63, 18, 44, 20, 35, 43, 97, 91, 76, 10, 30, 21, 45, 17, 23, 1, 71, 83, 24, 14, 60, 36, 85, 57, 40, 95, 88, 65, 56, 79, 94, 67, 68, 46, 75, 38, 58, 19, 32, 81, 41, 62, 87, 28, 90, 59, 11, 16, 72, 73, 69, 52, 37, 64, 84, 3, 25, 29, 55, 51, 7, 98, 61, 66, 99, 33, 89, 48, 50, 96, 53, 80, 4, 8, 27, 2, 39, 13, 0, 92, 49, 74, 34, 70]|[1, 1, 0, 1, 1, 1, 2, 2, 1, 2, 2, 1, 1, 1, 0, 0, 1, 0, 2, 2, 0, 1, 2, 2, 1, 2, 2, 0, 0, 1, 2, 1, 1, 0, 2, 0, 1, 1, 0, 1, 1, 1, 1, 0, 2, 1, 1, 0, 0, 0, 0, 1, 1, 2, 1, 2, 0, 0, 2, 0, 1, 2, 2, 1, 2, 1, 1, 1, 1, 1, 1, 2, 1, 0, 2, 0, 1, 2, 1, 0, 0, 2, 1, 0, 0, 2, 0, 0, 1, 1, 0, 0, 1, 0, 0, 0, 0, 2, 2, 1]|[0, 3, 1, 2, 0, 0, 1, 1, 4, 1, 1, 4, 4, 4, 2, 2, 4, 2, 1, 1, 1, 1, 2, 1, 2, 1, 1, 1, 1, 4, 0, 3, 3, 0, 1, 1, 0, 3, 2, 2, 2, 2, 0, 1, 1, 0, 4, 0, 1, 2, 2, 1, 4, 0, 3, 2, 1, 2, 1, 2, 3, 1, 1, 3, 0, 4, 4, 1, 4, 3, 1, 2, 4, 1, 1, 1, 1, 1, 3, 1, 1, 1, 1, 1, 1, 1, 2, 1, 4, 3, 2, 2, 1, 2, 2, 0, 1, 1, 1, 4]|[1, 1, 1, 1, 3, 3, 0, 0, 0, 0, 0, 2, 0, 1, 0, 0, 3, 1, 0, 0, 0, 3, 1, 0, 2, 0, 0, 0, 1, 3, 0, 0, 0, 0, 1, 0, 0, 2, 1, 1, 1, 1, 0, 0, 0, 0, 2, 1, 0, 0, 0, 1, 3, 0, 0, 1, 0, 1, 0, 1, 2, 0, 0, 2, 1, 0, 2, 1, 1, 0, 3, 1, 3, 0, 0, 0, 2, 0, 0, 0, 0, 0, 1, 0, 0, 0, 1, 0, 0, 2, 1, 0, 1, 0, 0, 1, 1, 0, 0, 2],733.3116759547878,58140.55643565909,96674.14109675489,false
22,G4_BALANCED,G4_BALANCED,[31, 11, 15, 82, 26, 9, 95, 32, 77, 68, 47, 5, 93, 78, 86, 54, 85, 63, 18, 44, 20, 49, 36, 14, 74, 50, 53, 17, 21, 45, 71, 64, 3, 23, 30, 83, 24, 41, 60, 52, 65, 27, 90, 70, 39, 87, 48, 69, 99, 4, 46, 1, 13, 58, 97, 59, 28, 75, 73, 37, 35, 79, 22, 66, 76, 42, 40, 80, 96, 6, 16, 61, 33, 7, 57, 34, 12, 67, 10, 98, 56, 88, 29, 94, 91, 51, 19, 92, 43, 84, 38, 72, 81, 8, 2, 55, 62, 89, 25, 0]|[2, 1, 1, 2, 1, 2, 1, 1, 1, 1, 1, 0, 2, 2, 1, 2, 0, 0, 0, 2, 2, 1, 0, 2, 0, 2, 2, 1, 0, 1, 1, 1, 0, 0, 1, 0, 2, 1, 2, 2, 0, 0, 1, 1, 0, 2, 0, 2, 1, 0, 0, 2, 0, 0, 2, 0, 1, 0, 0, 0, 2, 1, 0, 2, 2, 0, 2, 2, 0, 1, 2, 1, 1, 2, 0, 1, 1, 1, 1, 2, 2, 1, 1, 2, 1, 1, 1, 0, 1, 0, 0, 1, 1, 1, 2, 0, 1, 1, 1, 0]|[1, 3, 2, 0, 4, 1, 4, 4, 2, 4, 3, 2, 1, 0, 2, 1, 1, 1, 2, 1, 1, 3, 0, 1, 0, 1, 1, 4, 1, 4, 3, 2, 2, 0, 4, 1, 1, 4, 0, 1, 2, 1, 4, 4, 1, 1, 0, 2, 3, 1, 2, 1, 2, 1, 1, 2, 4, 2, 0, 2, 2, 3, 1, 0, 1, 2, 0, 1, 2, 4, 1, 3, 4, 1, 2, 4, 3, 3, 3, 1, 1, 4, 3, 1, 3, 3, 4, 2, 4, 2, 2, 4, 1, 3, 1, 2, 3, 4, 4, 2]|[1, 2, 1, 0, 3, 0, 1, 3, 0, 0, 2, 0, 1, 0, 1, 0, 0, 0, 1, 0, 0, 2, 0, 0, 1, 0, 0, 3, 0, 1, 0, 2, 0, 1, 3, 0, 1, 3, 1, 0, 0, 0, 1, 3, 0, 0, 1, 0, 2, 0, 0, 0, 0, 0, 1, 0, 1, 0, 1, 1, 0, 2, 0, 0, 0, 0, 0, 0, 0, 2, 0, 0, 1, 0, 0, 1, 0, 0, 3, 0, 0, 1, 0, 0, 0, 0, 3, 0, 2, 0, 0, 2, 1, 0, 0, 0, 0, 1, 3, 0],836.569815134707,52504.092339752446,107095.57005228325,false
22,G2_TEC,G2_TEC,[31, 22, 82, 15, 26, 9, 95, 42, 77, 68, 47, 5, 93, 78, 86, 54, 85, 63, 18, 44, 20, 49, 36, 14, 74, 50, 53, 17, 21, 28, 11, 64, 3, 23, 30, 83, 24, 41, 40, 52, 65, 27, 90, 70, 39, 87, 48, 69, 99, 4, 46, 1, 13, 58, 97, 59, 45, 8, 73, 37, 35, 79, 71, 66, 76, 32, 60, 80, 96, 6, 16, 61, 33, 7, 57, 34, 12, 67, 10, 98, 56, 88, 29, 75, 91, 38, 19, 92, 43, 84, 51, 72, 81, 25, 2, 55, 62, 89, 94, 0]|[2, 1, 2, 1, 1, 2, 1, 1, 1, 1, 1, 0, 2, 2, 1, 2, 0, 0, 0, 2, 2, 1, 0, 2, 0, 2, 2, 1, 0, 1, 1, 1, 0, 0, 1, 0, 2, 1, 2, 2, 0, 0, 1, 1, 0, 2, 0, 2, 1, 0, 0, 2, 0, 0, 2, 0, 1, 1, 0, 0, 2, 1, 1, 2, 2, 0, 2, 2, 0, 1, 2, 1, 1, 2, 0, 1, 1, 1, 1, 2, 2, 1, 1, 0, 1, 0, 1, 0, 1, 0, 1, 1, 1, 1, 2, 0, 1, 1, 2, 0]|[0, 3, 0, 3, 4, 1, 4, 4, 2, 4, 3, 2, 1, 0, 2, 1, 1, 1, 2, 1, 1, 3, 0, 1, 0, 1, 1, 4, 1, 4, 3, 2, 2, 0, 4, 1, 1, 4, 0, 1, 2, 1, 4, 4, 1, 1, 0, 2, 3, 2, 2, 1, 2, 1, 1, 2, 4, 3, 0, 2, 2, 3, 3, 0, 1, 2, 0, 1, 2, 4, 1, 3, 4, 1, 2, 4, 3, 3, 3, 1, 1, 4, 3, 2, 3, 2, 4, 2, 4, 2, 3, 4, 4, 4, 1, 2, 3, 4, 1, 2]|[0, 2, 0, 0, 3, 0, 1, 3, 0, 0, 2, 0, 1, 0, 1, 0, 0, 0, 1, 0, 0, 2, 0, 0, 1, 0, 0, 3, 0, 1, 0, 2, 0, 0, 3, 0, 1, 3, 0, 0, 0, 0, 1, 3, 0, 0, 1, 0, 2, 0, 0, 0, 0, 0, 1, 0, 1, 0, 1, 1, 0, 2, 0, 0, 0, 0, 0, 0, 0, 2, 0, 0, 1, 0, 0, 1, 0, 0, 3, 0, 0, 1, 0, 0, 0, 0, 1, 0, 2, 0, 0, 2, 1, 3, 0, 0, 0, 1, 0, 0],896.1029292898813,50428.13444364295,114595.46915086164,false
22,G3_TWC,G3_TWC,[31, 22, 82, 15, 26, 9, 95, 42, 77, 12, 47, 5, 93, 78, 86, 54, 85, 63, 18, 44, 20, 35, 43, 97, 91, 76, 10, 30, 21, 45, 71, 64, 1, 23, 17, 83, 24, 14, 60, 36, 6, 57, 40, 88, 65, 56, 79, 94, 67, 68, 46, 75, 38, 58, 19, 32, 81, 41, 27, 62, 87, 90, 99, 59, 11, 16, 72, 73, 69, 39, 37, 84, 3, 92, 25, 55, 28, 29, 51, 7, 66, 61, 98, 48, 89, 50, 4, 96, 53, 80, 8, 33, 34, 2, 52, 13, 0, 70, 74, 49]|[1, 1, 0, 1, 1, 1, 1, 2, 2, 1, 2, 2, 2, 1, 1, 0, 0, 1, 0, 2, 2, 0, 1, 2, 0, 1, 2, 2, 0, 0, 1, 2, 1, 2, 1, 0, 2, 0, 1, 1, 0, 1, 1, 1, 0, 2, 1, 1, 0, 0, 0, 0, 1, 1, 2, 1, 2, 0, 0, 0, 2, 1, 0, 1, 2, 1, 2, 1, 1, 1, 1, 1, 1, 0, 1, 1, 0, 0, 0, 1, 2, 1, 2, 0, 1, 0, 0, 0, 0, 0, 1, 2, 2, 0, 1, 0, 0, 1, 2, 0]|[4, 3, 2, 2, 0, 0, 2, 2, 2, 4, 1, 1, 2, 4, 4, 1, 2, 4, 2, 1, 1, 1, 1, 2, 1, 2, 1, 1, 1, 1, 3, 2, 3, 0, 4, 0, 1, 1, 0, 3, 2, 2, 2, 0, 1, 1, 0, 4, 0, 1, 2, 2, 1, 4, 0, 3, 2, 1, 1, 2, 1, 3, 1, 1, 1, 3, 0, 4, 3, 1, 4, 1, 1, 0, 4, 4, 2, 1, 1, 3, 1, 3, 1, 1, 1, 1, 2, 1, 2, 1, 3, 1, 1, 2, 1, 2, 2, 4, 1, 1]|[0, 2, 1, 1, 3, 3, 1, 0, 0, 0, 0, 0, 1, 0, 1, 0, 0, 3, 1, 0, 0, 0, 3, 1, 0, 2, 0, 0, 0, 1, 0, 0, 0, 0, 3, 0, 1, 0, 0, 2, 1, 1, 1, 0, 0, 0, 0, 2, 1, 0, 0, 0, 1, 3, 0, 0, 1, 0, 0, 1, 0, 2, 0, 1, 0, 2, 1, 0, 0, 1, 1, 3, 1, 1, 3, 3, 1, 0, 0, 2, 0, 0, 0, 0, 1, 0, 1, 0, 1, 0, 2, 0, 0, 0, 1, 0, 0, 2, 0, 1],795.9209522169074,58176.61051743866,90980.22022110094,false
22,G1_CMAX,G1_CMAX,[31, 22, 82, 15, 26, 9, 42, 77, 12, 5, 47, 93, 78, 86, 54, 6, 63, 18, 44, 20, 35, 43, 97, 91, 76, 10, 30, 21, 45, 17, 23, 1, 71, 83, 24, 14, 60, 36, 85, 57, 40, 95, 88, 65, 56, 79, 94, 67, 68, 46, 75, 38, 58, 19, 32, 81, 41, 62, 87, 28, 90, 59, 11, 16, 72, 73, 69, 52, 37, 64, 84, 3, 25, 29, 55, 51, 7, 98, 61, 66, 99, 33, 89, 48, 50, 96, 53, 80, 4, 8, 27, 2, 39, 13, 0, 92, 49, 74, 34, 70]|[1, 1, 0, 1, 1, 1, 2, 2, 1, 2, 2, 1, 1, 1, 0, 0, 1, 0, 2, 2, 0, 1, 2, 2, 1, 2, 2, 0, 0, 1, 2, 1, 1, 0, 2, 0, 1, 1, 0, 1, 1, 1, 1, 0, 2, 1, 1, 0, 0, 0, 0, 1, 1, 2, 1, 2, 0, 0, 2, 0, 1, 2, 2, 1, 2, 1, 1, 1, 1, 1, 1, 2, 1, 0, 2, 0, 1, 2, 1, 0, 0, 2, 1, 0, 0, 2, 0, 0, 1, 1, 0, 0, 1, 0, 0, 0, 0, 2, 2, 1]|[0, 3, 1, 2, 0, 0, 1, 1, 4, 1, 1, 4, 4, 4, 2, 2, 4, 2, 1, 1, 1, 1, 2, 1, 2, 1, 1, 1, 1, 4, 0, 3, 3, 0, 1, 1, 0, 3, 2, 2, 2, 2, 0, 1, 1, 0, 4, 0, 1, 2, 2, 1, 4, 0, 3, 2, 1, 2, 1, 2, 3, 1, 1, 3, 0, 4, 4, 1, 4, 3, 1, 2, 4, 1, 1, 1, 1, 1, 3, 1, 1, 1, 1, 1, 1, 1, 2, 1, 4, 3, 2, 2, 1, 2, 2, 0, 1, 1, 1, 4]|[1, 1, 1, 1, 3, 3, 0, 0, 0, 0, 0, 2, 0, 1, 0, 0, 3, 1, 0, 0, 0, 3, 1, 0, 2, 0, 0, 0, 1, 3, 0, 0, 0, 0, 1, 0, 0, 2, 1, 1, 1, 1, 0, 0, 0, 0, 2, 1, 0, 0, 0, 1, 3, 0, 0, 1, 0, 1, 0, 1, 2, 0, 0, 2, 1, 0, 2, 1, 1, 0, 3, 1, 3, 0, 0, 0, 2, 0, 0, 0, 0, 0, 1, 0, 0, 0, 1, 0, 0, 2, 1, 0, 1, 0, 0, 1, 1, 0, 0, 2],733.3116759547878,58140.55643565909,96674.14109675489,false
22,G4_BALANCED,G4_BALANCED,[31, 11, 15, 82, 26, 9, 95, 32, 77, 68, 47, 5, 93, 78, 86, 54, 85, 63, 18, 44, 20, 49, 36, 14, 74, 50, 53, 17, 21, 45, 71, 64, 3, 23, 30, 83, 24, 41, 60, 52, 65, 27, 90, 70, 39, 87, 48, 69, 99, 4, 46, 1, 13, 58, 97, 59, 28, 75, 73, 37, 35, 79, 22, 66, 76, 42, 40, 80, 96, 6, 16, 61, 33, 7, 57, 34, 12, 67, 10, 98, 56, 88, 29, 94, 91, 51, 19, 92, 43, 84, 38, 72, 81, 8, 2, 55, 62, 89, 25, 0]|[2, 1, 1, 2, 1, 2, 1, 1, 1, 1, 1, 0, 2, 2, 1, 2, 0, 0, 0, 2, 2, 1, 0, 2, 0, 2, 2, 1, 0, 1, 1, 1, 0, 0, 1, 0, 2, 1, 2, 2, 0, 0, 1, 1, 0, 2, 0, 2, 1, 0, 0, 2, 0, 0, 2, 0, 1, 0, 0, 0, 2, 1, 0, 2, 2, 0, 2, 2, 0, 1, 2, 1, 1, 2, 0, 1, 1, 1, 1, 2, 2, 1, 1, 2, 1, 1, 1, 0, 1, 0, 0, 1, 1, 1, 2, 0, 1, 1, 1, 0]|[1, 3, 2, 0, 4, 1, 4, 4, 2, 4, 3, 2, 1, 0, 2, 1, 1, 1, 2, 1, 1, 3, 0, 1, 0, 1, 1, 4, 1, 4, 3, 2, 2, 0, 4, 1, 1, 4, 0, 1, 2, 1, 4, 4, 1, 1, 0, 2, 3, 1, 2, 1, 2, 1, 1, 2, 4, 2, 0, 2, 2, 3, 1, 0, 1, 2, 0, 1, 2, 4, 1, 3, 4, 1, 2, 4, 3, 3, 3, 1, 1, 4, 3, 1, 3, 3, 4, 2, 4, 2, 2, 4, 1, 3, 1, 2, 3, 4, 4, 2]|[1, 2, 1, 0, 3, 0, 1, 3, 0, 0, 2, 0, 1, 0, 1, 0, 0, 0, 1, 0, 0, 2, 0, 0, 1, 0, 0, 3, 0, 1, 0, 2, 0, 1, 3, 0, 1, 3, 1, 0, 0, 0, 1, 3, 0, 0, 1, 0, 2, 0, 0, 0, 0, 0, 1, 0, 1, 0, 1, 1, 0, 2, 0, 0, 0, 0, 0, 0, 0, 2, 0, 0, 1, 0, 0, 1, 0, 0, 3, 0, 0, 1, 0, 0, 0, 0, 3, 0, 2, 0, 0, 2, 1, 0, 0, 0, 0, 1, 3, 0],836.569815134707,52504.092339752446,107095.57005228325,false
22,G2_TEC,G2_TEC,[31, 22, 82, 15, 26, 9, 95, 42, 77, 68, 47, 5, 93, 78, 86, 54, 85, 63, 18, 44, 20, 49, 36, 14, 74, 50, 53, 17, 21, 28, 11, 64, 3, 23, 30, 83, 24, 41, 40, 52, 65, 27, 90, 70, 39, 87, 48, 69, 99, 4, 46, 1, 13, 58, 97, 59, 45, 8, 73, 37, 35, 79, 71, 66, 76, 32, 60, 80, 96, 6, 16, 61, 33, 7, 57, 34, 12, 67, 10, 98, 56, 88, 29, 75, 91, 38, 19, 92, 43, 84, 51, 72, 81, 25, 2, 55, 62, 89, 94, 0]|[2, 1, 2, 1, 1, 2, 1, 1, 1, 1, 1, 0, 2, 2, 1, 2, 0, 0, 0, 2, 2, 1, 0, 2, 0, 2, 2, 1, 0, 1, 1, 1, 0, 0, 1, 0, 2, 1, 2, 2, 0, 0, 1, 1, 0, 2, 0, 2, 1, 0, 0, 2, 0, 0, 2, 0, 1, 1, 0, 0, 2, 1, 1, 2, 2, 0, 2, 2, 0, 1, 2, 1, 1, 2, 0, 1, 1, 1, 1, 2, 2, 1, 1, 0, 1, 0, 1, 0, 1, 0, 1, 1, 1, 1, 2, 0, 1, 1, 2, 0]|[0, 3, 0, 3, 4, 1, 4, 4, 2, 4, 3, 2, 1, 0, 2, 1, 1, 1, 2, 1, 1, 3, 0, 1, 0, 1, 1, 4, 1, 4, 3, 2, 2, 0, 4, 1, 1, 4, 0, 1, 2, 1, 4, 4, 1, 1, 0, 2, 3, 2, 2, 1, 2, 1, 1, 2, 4, 3, 0, 2, 2, 3, 3, 0, 1, 2, 0, 1, 2, 4, 1, 3, 4, 1, 2, 4, 3, 3, 3, 1, 1, 4, 3, 2, 3, 2, 4, 2, 4, 2, 3, 4, 4, 4, 1, 2, 3, 4, 1, 2]|[0, 2, 0, 0, 3, 0, 1, 3, 0, 0, 2, 0, 1, 0, 1, 0, 0, 0, 1, 0, 0, 2, 0, 0, 1, 0, 0, 3, 0, 1, 0, 2, 0, 0, 3, 0, 1, 3, 0, 0, 0, 0, 1, 3, 0, 0, 1, 0, 2, 0, 0, 0, 0, 0, 1, 0, 1, 0, 1, 1, 0, 2, 0, 0, 0, 0, 0, 0, 0, 2, 0, 0, 1, 0, 0, 1, 0, 0, 3, 0, 0, 1, 0, 0, 0, 0, 1, 0, 2, 0, 0, 2, 1, 3, 0, 0, 0, 1, 0, 0],896.1029292898813,50428.13444364295,114595.46915086164,false
22,G3_TWC,G3_TWC,[31, 22, 82, 15, 26, 9, 95, 42, 77, 12, 47, 5, 93, 78, 86, 54, 85, 63, 18, 44, 20, 35, 43, 97, 91, 76, 10, 30, 21, 45, 71, 64, 1, 23, 17, 83, 24, 14, 60, 36, 6, 57, 40, 88, 65, 56, 79, 94, 67, 68, 46, 75, 38, 58, 19, 32, 81, 41, 27, 62, 87, 90, 99, 59, 11, 16, 72, 73, 69, 39, 37, 84, 3, 92, 25, 55, 28, 29, 51, 7, 66, 61, 98, 48, 89, 50, 4, 96, 53, 80, 8, 33, 34, 2, 52, 13, 0, 70, 74, 49]|[1, 1, 0, 1, 1, 1, 1, 2, 2, 1, 2, 2, 2, 1, 1, 0, 0, 1, 0, 2, 2, 0, 1, 2, 0, 1, 2, 2, 0, 0, 1, 2, 1, 2, 1, 0, 2, 0, 1, 1, 0, 1, 1, 1, 0, 2, 1, 1, 0, 0, 0, 0, 1, 1, 2, 1, 2, 0, 0, 0, 2, 1, 0, 1, 2, 1, 2, 1, 1, 1, 1, 1, 1, 0, 1, 1, 0, 0, 0, 1, 2, 1, 2, 0, 1, 0, 0, 0, 0, 0, 1, 2, 2, 0, 1, 0, 0, 1, 2, 0]|[4, 3, 2, 2, 0, 0, 2, 2, 2, 4, 1, 1, 2, 4, 4, 1, 2, 4, 2, 1, 1, 1, 1, 2, 1, 2, 1, 1, 1, 1, 3, 2, 3, 0, 4, 0, 1, 1, 0, 3, 2, 2, 2, 0, 1, 1, 0, 4, 0, 1, 2, 2, 1, 4, 0, 3, 2, 1, 1, 2, 1, 3, 1, 1, 1, 3, 0, 4, 3, 1, 4, 1, 1, 0, 4, 4, 2, 1, 1, 3, 1, 3, 1, 1, 1, 1, 2, 1, 2, 1, 3, 1, 1, 2, 1, 2, 2, 4, 1, 1]|[0, 2, 1, 1, 3, 3, 1, 0, 0, 0, 0, 0, 1, 0, 1, 0, 0, 3, 1, 0, 0, 0, 3, 1, 0, 2, 0, 0, 0, 1, 0, 0, 0, 0, 3, 0, 1, 0, 0, 2, 1, 1, 1, 0, 0, 0, 0, 2, 1, 0, 0, 0, 1, 3, 0, 0, 1, 0, 0, 1, 0, 2, 0, 1, 0, 2, 1, 0, 0, 1, 1, 3, 1, 1, 3, 3, 1, 0, 0, 2, 0, 0, 0, 0, 1, 0, 1, 0, 1, 0, 2, 0, 0, 0, 1, 0, 0, 2, 0, 1],795.9209522169074,58176.61051743866,90980.22022110094,false
22,G1_CMAX,G1_CMAX,[31, 22, 82, 15, 26, 9, 42, 77, 12, 5, 47, 93, 78, 86, 54, 6, 63, 18, 44, 20, 35, 43, 97, 91, 76, 10, 30, 21, 45, 17, 23, 1, 71, 83, 24, 14, 60, 36, 85, 57, 40, 95, 88, 65, 56, 79, 94, 67, 68, 46, 75, 38, 58, 19, 32, 81, 41, 62, 87, 28, 90, 59, 11, 16, 72, 73, 69, 52, 37, 64, 84, 3, 25, 29, 55, 51, 7, 98, 61, 66, 99, 33, 89, 48, 50, 96, 53, 80, 4, 8, 27, 2, 39, 13, 0, 92, 49, 74, 34, 70]|[1, 1, 0, 1, 1, 1, 2, 2, 1, 2, 2, 1, 1, 1, 0, 0, 1, 0, 2, 2, 0, 1, 2, 2, 1, 2, 2, 0, 0, 1, 2, 1, 1, 0, 2, 0, 1, 1, 0, 1, 1, 1, 1, 0, 2, 1, 1, 0, 0, 0, 0, 1, 1, 2, 1, 2, 0, 0, 2, 0, 1, 2, 2, 1, 2, 1, 1, 1, 1, 1, 1, 2, 1, 0, 2, 0, 1, 2, 1, 0, 0, 2, 1, 0, 0, 2, 0, 0, 1, 1, 0, 0, 1, 0, 0, 0, 0, 2, 2, 1]|[0, 3, 1, 2, 0, 0, 1, 1, 4, 1, 1, 4, 4, 4, 2, 2, 4, 2, 1, 1, 1, 1, 2, 1, 2, 1, 1, 1, 1, 4, 0, 3, 3, 0, 1, 1, 0, 3, 2, 2, 2, 2, 0, 1, 1, 0, 4, 0, 1, 2, 2, 1, 4, 0, 3, 2, 1, 2, 1, 2, 3, 1, 1, 3, 0, 4, 4, 1, 4, 3, 1, 2, 4, 1, 1, 1, 1, 1, 3, 1, 1, 1, 1, 1, 1, 1, 2, 1, 4, 3, 2, 2, 1, 2, 2, 0, 1, 1, 1, 4]|[1, 1, 1, 1, 3, 3, 0, 0, 0, 0, 0, 2, 0, 1, 0, 0, 3, 1, 0, 0, 0, 3, 1, 0, 2, 0, 0, 0, 1, 3, 0, 0, 0, 0, 1, 0, 0, 2, 1, 1, 1, 1, 0, 0, 0, 0, 2, 1, 0, 0, 0, 1, 3, 0, 0, 1, 0, 1, 0, 1, 2, 0, 0, 2, 1, 0, 2, 1, 1, 0, 3, 1, 3, 0, 0, 0, 2, 0, 0, 0, 0, 0, 1, 0, 0, 0, 1, 0, 0, 2, 1, 0, 1, 0, 0, 1, 1, 0, 0, 2],733.3116759547878,58140.55643565909,96674.14109675489,false
22,G4_BALANCED,G4_BALANCED,[31, 11, 15, 82, 26, 9, 95, 32, 77, 68, 47, 5, 93, 78, 86, 54, 85, 63, 18, 44, 20, 49, 36, 14, 74, 50, 53, 17, 21, 45, 71, 64, 3, 23, 30, 83, 24, 41, 60, 52, 65, 27, 90, 70, 39, 87, 48, 69, 99, 4, 46, 1, 13, 58, 97, 59, 28, 75, 73, 37, 35, 79, 22, 66, 76, 42, 40, 80, 96, 6, 16, 61, 33, 7, 57, 34, 12, 67, 10, 98, 56, 88, 29, 94, 91, 51, 19, 92, 43, 84, 38, 72, 81, 8, 2, 55, 62, 89, 25, 0]|[2, 1, 1, 2, 1, 2, 1, 1, 1, 1, 1, 0, 2, 2, 1, 2, 0, 0, 0, 2, 2, 1, 0, 2, 0, 2, 2, 1, 0, 1, 1, 1, 0, 0, 1, 0, 2, 1, 2, 2, 0, 0, 1, 1, 0, 2, 0, 2, 1, 0, 0, 2, 0, 0, 2, 0, 1, 0, 0, 0, 2, 1, 0, 2, 2, 0, 2, 2, 0, 1, 2, 1, 1, 2, 0, 1, 1, 1, 1, 2, 2, 1, 1, 2, 1, 1, 1, 0, 1, 0, 0, 1, 1, 1, 2, 0, 1, 1, 1, 0]|[1, 3, 2, 0, 4, 1, 4, 4, 2, 4, 3, 2, 1, 0, 2, 1, 1, 1, 2, 1, 1, 3, 0, 1, 0, 1, 1, 4, 1, 4, 3, 2, 2, 0, 4, 1, 1, 4, 0, 1, 2, 1, 4, 4, 1, 1, 0, 2, 3, 1, 2, 1, 2, 1, 1, 2, 4, 2, 0, 2, 2, 3, 1, 0, 1, 2, 0, 1, 2, 4, 1, 3, 4, 1, 2, 4, 3, 3, 3, 1, 1, 4, 3, 1, 3, 3, 4, 2, 4, 2, 2, 4, 1, 3, 1, 2, 3, 4, 4, 2]|[1, 2, 1, 0, 3, 0, 1, 3, 0, 0, 2, 0, 1, 0, 1, 0, 0, 0, 1, 0, 0, 2, 0, 0, 1, 0, 0, 3, 0, 1, 0, 2, 0, 1, 3, 0, 1, 3, 1, 0, 0, 0, 1, 3, 0, 0, 1, 0, 2, 0, 0, 0, 0, 0, 1, 0, 1, 0, 1, 1, 0, 2, 0, 0, 0, 0, 0, 0, 0, 2, 0, 0, 1, 0, 0, 1, 0, 0, 3, 0, 0, 1, 0, 0, 0, 0, 3, 0, 2, 0, 0, 2, 1, 0, 0, 0, 0, 1, 3, 0],836.569815134707,52504.092339752446,107095.57005228325,false
22,G2_TEC,G2_TEC,[31, 22, 82, 15, 26, 9, 95, 42, 77, 68, 47, 5, 93, 78, 86, 54, 85, 63, 18, 44, 20, 49, 36, 14, 74, 50, 53, 17, 21, 28, 11, 64, 3, 23, 30, 83, 24, 41, 40, 52, 65, 27, 90, 70, 39, 87, 48, 69, 99, 4, 46, 1, 13, 58, 97, 59, 45, 8, 73, 37, 35, 79, 71, 66, 76, 32, 60, 80, 96, 6, 16, 61, 33, 7, 57, 34, 12, 67, 10, 98, 56, 88, 29, 75, 91, 38, 19, 92, 43, 84, 51, 72, 81, 25, 2, 55, 62, 89, 94, 0]|[2, 1, 2, 1, 1, 2, 1, 1, 1, 1, 1, 0, 2, 2, 1, 2, 0, 0, 0, 2, 2, 1, 0, 2, 0, 2, 2, 1, 0, 1, 1, 1, 0, 0, 1, 0, 2, 1, 2, 2, 0, 0, 1, 1, 0, 2, 0, 2, 1, 0, 0, 2, 0, 0, 2, 0, 1, 1, 0, 0, 2, 1, 1, 2, 2, 0, 2, 2, 0, 1, 2, 1, 1, 2, 0, 1, 1, 1, 1, 2, 2, 1, 1, 0, 1, 0, 1, 0, 1, 0, 1, 1, 1, 1, 2, 0, 1, 1, 2, 0]|[0, 3, 0, 3, 4, 1, 4, 4, 2, 4, 3, 2, 1, 0, 2, 1, 1, 1, 2, 1, 1, 3, 0, 1, 0, 1, 1, 4, 1, 4, 3, 2, 2, 0, 4, 1, 1, 4, 0, 1, 2, 1, 4, 4, 1, 1, 0, 2, 3, 2, 2, 1, 2, 1, 1, 2, 4, 3, 0, 2, 2, 3, 3, 0, 1, 2, 0, 1, 2, 4, 1, 3, 4, 1, 2, 4, 3, 3, 3, 1, 1, 4, 3, 2, 3, 2, 4, 2, 4, 2, 3, 4, 4, 4, 1, 2, 3, 4, 1, 2]|[0, 2, 0, 0, 3, 0, 1, 3, 0, 0, 2, 0, 1, 0, 1, 0, 0, 0, 1, 0, 0, 2, 0, 0, 1, 0, 0, 3, 0, 1, 0, 2, 0, 0, 3, 0, 1, 3, 0, 0, 0, 0, 1, 3, 0, 0, 1, 0, 2, 0, 0, 0, 0, 0, 1, 0, 1, 0, 1, 1, 0, 2, 0, 0, 0, 0, 0, 0, 0, 2, 0, 0, 1, 0, 0, 1, 0, 0, 3, 0, 0, 1, 0, 0, 0, 0, 1, 0, 2, 0, 0, 2, 1, 3, 0, 0, 0, 1, 0, 0],896.1029292898813,50428.13444364295,114595.46915086164,false
22,G3_TWC,G3_TWC,[31, 22, 82, 15, 26, 9, 95, 42, 77, 12, 47, 5, 93, 78, 86, 54, 85, 63, 18, 44, 20, 35, 43, 97, 91, 76, 10, 30, 21, 45, 71, 64, 1, 23, 17, 83, 24, 14, 60, 36, 6, 57, 40, 88, 65, 56, 79, 94, 67, 68, 46, 75, 38, 58, 19, 32, 81, 41, 27, 62, 87, 90, 99, 59, 11, 16, 72, 73, 69, 39, 37, 84, 3, 92, 25, 55, 28, 29, 51, 7, 66, 61, 98, 48, 89, 50, 4, 96, 53, 80, 8, 33, 34, 2, 52, 13, 0, 70, 74, 49]|[1, 1, 0, 1, 1, 1, 1, 2, 2, 1, 2, 2, 2, 1, 1, 0, 0, 1, 0, 2, 2, 0, 1, 2, 0, 1, 2, 2, 0, 0, 1, 2, 1, 2, 1, 0, 2, 0, 1, 1, 0, 1, 1, 1, 0, 2, 1, 1, 0, 0, 0, 0, 1, 1, 2, 1, 2, 0, 0, 0, 2, 1, 0, 1, 2, 1, 2, 1, 1, 1, 1, 1, 1, 0, 1, 1, 0, 0, 0, 1, 2, 1, 2, 0, 1, 0, 0, 0, 0, 0, 1, 2, 2, 0, 1, 0, 0, 1, 2, 0]|[4, 3, 2, 2, 0, 0, 2, 2, 2, 4, 1, 1, 2, 4, 4, 1, 2, 4, 2, 1, 1, 1, 1, 2, 1, 2, 1, 1, 1, 1, 3, 2, 3, 0, 4, 0, 1, 1, 0, 3, 2, 2, 2, 0, 1, 1, 0, 4, 0, 1, 2, 2, 1, 4, 0, 3, 2, 1, 1, 2, 1, 3, 1, 1, 1, 3, 0, 4, 3, 1, 4, 1, 1, 0, 4, 4, 2, 1, 1, 3, 1, 3, 1, 1, 1, 1, 2, 1, 2, 1, 3, 1, 1, 2, 1, 2, 2, 4, 1, 1]|[0, 2, 1, 1, 3, 3, 1, 0, 0, 0, 0, 0, 1, 0, 1, 0, 0, 3, 1, 0, 0, 0, 3, 1, 0, 2, 0, 0, 0, 1, 0, 0, 0, 0, 3, 0, 1, 0, 0, 2, 1, 1, 1, 0, 0, 0, 0, 2, 1, 0, 0, 0, 1, 3, 0, 0, 1, 0, 0, 1, 0, 2, 0, 1, 0, 2, 1, 0, 0, 1, 1, 3, 1, 1, 3, 3, 1, 0, 0, 2, 0, 0, 0, 0, 1, 0, 1, 0, 1, 0, 2, 0, 0, 0, 1, 0, 0, 2, 0, 1],795.9209522169074,58176.61051743866,90980.22022110094,false
22,G1_CMAX,G1_CMAX,[31, 22, 82, 15, 26, 9, 42, 77, 12, 5, 47, 93, 78, 86, 54, 6, 63, 18, 44, 20, 35, 43, 97, 91, 76, 10, 30, 21, 45, 17, 23, 1, 71, 83, 24, 14, 60, 36, 85, 57, 40, 95, 88, 65, 56, 79, 94, 67, 68, 46, 75, 38, 58, 19, 32, 81, 41, 62, 87, 28, 90, 59, 11, 16, 72, 73, 69, 52, 37, 64, 84, 3, 25, 29, 55, 51, 7, 98, 61, 66, 99, 33, 89, 48, 50, 96, 53, 80, 4, 8, 27, 2, 39, 13, 0, 92, 49, 74, 34, 70]|[1, 1, 0, 1, 1, 1, 2, 2, 1, 2, 2, 1, 1, 1, 0, 0, 1, 0, 2, 2, 0, 1, 2, 2, 1, 2, 2, 0, 0, 1, 2, 1, 1, 0, 2, 0, 1, 1, 0, 1, 1, 1, 1, 0, 2, 1, 1, 0, 0, 0, 0, 1, 1, 2, 1, 2, 0, 0, 2, 0, 1, 2, 2, 1, 2, 1, 1, 1, 1, 1, 1, 2, 1, 0, 2, 0, 1, 2, 1, 0, 0, 2, 1, 0, 0, 2, 0, 0, 1, 1, 0, 0, 1, 0, 0, 0, 0, 2, 2, 1]|[0, 3, 1, 2, 0, 0, 1, 1, 4, 1, 1, 4, 4, 4, 2, 2, 4, 2, 1, 1, 1, 1, 2, 1, 2, 1, 1, 1, 1, 4, 0, 3, 3, 0, 1, 1, 0, 3, 2, 2, 2, 2, 0, 1, 1, 0, 4, 0, 1, 2, 2, 1, 4, 0, 3, 2, 1, 2, 1, 2, 3, 1, 1, 3, 0, 4, 4, 1, 4, 3, 1, 2, 4, 1, 1, 1, 1, 1, 3, 1, 1, 1, 1, 1, 1, 1, 2, 1, 4, 3, 2, 2, 1, 2, 2, 0, 1, 1, 1, 4]|[1, 1, 1, 1, 3, 3, 0, 0, 0, 0, 0, 2, 0, 1, 0, 0, 3, 1, 0, 0, 0, 3, 1, 0, 2, 0, 0, 0, 1, 3, 0, 0, 0, 0, 1, 0, 0, 2, 1, 1, 1, 1, 0, 0, 0, 0, 2, 1, 0, 0, 0, 1, 3, 0, 0, 1, 0, 1, 0, 1, 2, 0, 0, 2, 1, 0, 2, 1, 1, 0, 3, 1, 3, 0, 0, 0, 2, 0, 0, 0, 0, 0, 1, 0, 0, 0, 1, 0, 0, 2, 1, 0, 1, 0, 0, 1, 1, 0, 0, 2],733.3116759547878,58140.55643565909,96674.14109675489,false
22,G4_BALANCED,G4_BALANCED,[31, 11, 15, 82, 26, 9, 95, 32, 77, 68, 47, 5, 93, 78, 86, 54, 85, 63, 18, 44, 20, 49, 36, 14, 74, 50, 53, 17, 21, 45, 71, 64, 3, 23, 30, 83, 24, 41, 60, 52, 65, 27, 90, 70, 39, 87, 48, 69, 99, 4, 46, 1, 13, 58, 97, 59, 28, 75, 73, 37, 35, 79, 22, 66, 76, 42, 40, 80, 96, 6, 16, 61, 33, 7, 57, 34, 12, 67, 10, 98, 56, 88, 29, 94, 91, 51, 19, 92, 43, 84, 38, 72, 81, 8, 2, 55, 62, 89, 25, 0]|[2, 1, 1, 2, 1, 2, 1, 1, 1, 1, 1, 0, 2, 2, 1, 2, 0, 0, 0, 2, 2, 1, 0, 2, 0, 2, 2, 1, 0, 1, 1, 1, 0, 0, 1, 0, 2, 1, 2, 2, 0, 0, 1, 1, 0, 2, 0, 2, 1, 0, 0, 2, 0, 0, 2, 0, 1, 0, 0, 0, 2, 1, 0, 2, 2, 0, 2, 2, 0, 1, 2, 1, 1, 2, 0, 1, 1, 1, 1, 2, 2, 1, 1, 2, 1, 1, 1, 0, 1, 0, 0, 1, 1, 1, 2, 0, 1, 1, 1, 0]|[1, 3, 2, 0, 4, 1, 4, 4, 2, 4, 3, 2, 1, 0, 2, 1, 1, 1, 2, 1, 1, 3, 0, 1, 0, 1, 1, 4, 1, 4, 3, 2, 2, 0, 4, 1, 1, 4, 0, 1, 2, 1, 4, 4, 1, 1, 0, 2, 3, 1, 2, 1, 2, 1, 1, 2, 4, 2, 0, 2, 2, 3, 1, 0, 1, 2, 0, 1, 2, 4, 1, 3, 4, 1, 2, 4, 3, 3, 3, 1, 1, 4, 3, 1, 3, 3, 4, 2, 4, 2, 2, 4, 1, 3, 1, 2, 3, 4, 4, 2]|[1, 2, 1, 0, 3, 0, 1, 3, 0, 0, 2, 0, 1, 0, 1, 0, 0, 0, 1, 0, 0, 2, 0, 0, 1, 0, 0, 3, 0, 1, 0, 2, 0, 1, 3, 0, 1, 3, 1, 0, 0, 0, 1, 3, 0, 0, 1, 0, 2, 0, 0, 0, 0, 0, 1, 0, 1, 0, 1, 1, 0, 2, 0, 0, 0, 0, 0, 0, 0, 2, 0, 0, 1, 0, 0, 1, 0, 0, 3, 0, 0, 1, 0, 0, 0, 0, 3, 0, 2, 0, 0, 2, 1, 0, 0, 0, 0, 1, 3, 0],836.569815134707,52504.092339752446,107095.57005228325,false
22,G2_TEC,G2_TEC,[31, 22, 82, 15, 26, 9, 95, 42, 77, 68, 47, 5, 93, 78, 86, 54, 85, 63, 18, 44, 20, 49, 36, 14, 74, 50, 53, 17, 21, 28, 11, 64, 3, 23, 30, 83, 24, 41, 40, 52, 65, 27, 90, 70, 39, 87, 48, 69, 99, 4, 46, 1, 13, 58, 97, 59, 45, 8, 73, 37, 35, 79, 71, 66, 76, 32, 60, 80, 96, 6, 16, 61, 33, 7, 57, 34, 12, 67, 10, 98, 56, 88, 29, 75, 91, 38, 19, 92, 43, 84, 51, 72, 81, 25, 2, 55, 62, 89, 94, 0]|[2, 1, 2, 1, 1, 2, 1, 1, 1, 1, 1, 0, 2, 2, 1, 2, 0, 0, 0, 2, 2, 1, 0, 2, 0, 2, 2, 1, 0, 1, 1, 1, 0, 0, 1, 0, 2, 1, 2, 2, 0, 0, 1, 1, 0, 2, 0, 2, 1, 0, 0, 2, 0, 0, 2, 0, 1, 1, 0, 0, 2, 1, 1, 2, 2, 0, 2, 2, 0, 1, 2, 1, 1, 2, 0, 1, 1, 1, 1, 2, 2, 1, 1, 0, 1, 0, 1, 0, 1, 0, 1, 1, 1, 1, 2, 0, 1, 1, 2, 0]|[0, 3, 0, 3, 4, 1, 4, 4, 2, 4, 3, 2, 1, 0, 2, 1, 1, 1, 2, 1, 1, 3, 0, 1, 0, 1, 1, 4, 1, 4, 3, 2, 2, 0, 4, 1, 1, 4, 0, 1, 2, 1, 4, 4, 1, 1, 0, 2, 3, 2, 2, 1, 2, 1, 1, 2, 4, 3, 0, 2, 2, 3, 3, 0, 1, 2, 0, 1, 2, 4, 1, 3, 4, 1, 2, 4, 3, 3, 3, 1, 1, 4, 3, 2, 3, 2, 4, 2, 4, 2, 3, 4, 4, 4, 1, 2, 3, 4, 1, 2]|[0, 2, 0, 0, 3, 0, 1, 3, 0, 0, 2, 0, 1, 0, 1, 0, 0, 0, 1, 0, 0, 2, 0, 0, 1, 0, 0, 3, 0, 1, 0, 2, 0, 0, 3, 0, 1, 3, 0, 0, 0, 0, 1, 3, 0, 0, 1, 0, 2, 0, 0, 0, 0, 0, 1, 0, 1, 0, 1, 1, 0, 2, 0, 0, 0, 0, 0, 0, 0, 2, 0, 0, 1, 0, 0, 1, 0, 0, 3, 0, 0, 1, 0, 0, 0, 0, 1, 0, 2, 0, 0, 2, 1, 3, 0, 0, 0, 1, 0, 0],896.1029292898813,50428.13444364295,114595.46915086164,false
22,G3_TWC,G3_TWC,[31, 22, 82, 15, 26, 9, 95, 42, 77, 12, 47, 5, 93, 78, 86, 54, 85, 63, 18, 44, 20, 35, 43, 97, 91, 76, 10, 30, 21, 45, 71, 64, 1, 23, 17, 83, 24, 14, 60, 36, 6, 57, 40, 88, 65, 56, 79, 94, 67, 68, 46, 75, 38, 58, 19, 32, 81, 41, 27, 62, 87, 90, 99, 59, 11, 16, 72, 73, 69, 39, 37, 84, 3, 92, 25, 55, 28, 29, 51, 7, 66, 61, 98, 48, 89, 50, 4, 96, 53, 80, 8, 33, 34, 2, 52, 13, 0, 70, 74, 49]|[1, 1, 0, 1, 1, 1, 1, 2, 2, 1, 2, 2, 2, 1, 1, 0, 0, 1, 0, 2, 2, 0, 1, 2, 0, 1, 2, 2, 0, 0, 1, 2, 1, 2, 1, 0, 2, 0, 1, 1, 0, 1, 1, 1, 0, 2, 1, 1, 0, 0, 0, 0, 1, 1, 2, 1, 2, 0, 0, 0, 2, 1, 0, 1, 2, 1, 2, 1, 1, 1, 1, 1, 1, 0, 1, 1, 0, 0, 0, 1, 2, 1, 2, 0, 1, 0, 0, 0, 0, 0, 1, 2, 2, 0, 1, 0, 0, 1, 2, 0]|[4, 3, 2, 2, 0, 0, 2, 2, 2, 4, 1, 1, 2, 4, 4, 1, 2, 4, 2, 1, 1, 1, 1, 2, 1, 2, 1, 1, 1, 1, 3, 2, 3, 0, 4, 0, 1, 1, 0, 3, 2, 2, 2, 0, 1, 1, 0, 4, 0, 1, 2, 2, 1, 4, 0, 3, 2, 1, 1, 2, 1, 3, 1, 1, 1, 3, 0, 4, 3, 1, 4, 1, 1, 0, 4, 4, 2, 1, 1, 3, 1, 3, 1, 1, 1, 1, 2, 1, 2, 1, 3, 1, 1, 2, 1, 2, 2, 4, 1, 1]|[0, 2, 1, 1, 3, 3, 1, 0, 0, 0, 0, 0, 1, 0, 1, 0, 0, 3, 1, 0, 0, 0, 3, 1, 0, 2, 0, 0, 0, 1, 0, 0, 0, 0, 3, 0, 1, 0, 0, 2, 1, 1, 1, 0, 0, 0, 0, 2, 1, 0, 0, 0, 1, 3, 0, 0, 1, 0, 0, 1, 0, 2, 0, 1, 0, 2, 1, 0, 0, 1, 1, 3, 1, 1, 3, 3, 1, 0, 0, 2, 0, 0, 0, 0, 1, 0, 1, 0, 1, 0, 2, 0, 0, 0, 1, 0, 0, 2, 0, 1],795.9209522169074,58176.61051743866,90980.22022110094,false
22,G1_CMAX,G1_CMAX,[31, 22, 82, 15, 26, 9, 42, 77, 12, 5, 47, 93, 78, 86, 54, 6, 63, 18, 44, 20, 35, 43, 97, 91, 76, 10, 30, 21, 45, 17, 23, 1, 71, 83, 24, 14, 60, 36, 85, 57, 40, 95, 88, 65, 56, 79, 94, 67, 68, 46, 75, 38, 58, 19, 32, 81, 41, 62, 87, 28, 90, 59, 11, 16, 72, 73, 69, 52, 37, 64, 84, 3, 25, 29, 55, 51, 7, 98, 61, 66, 99, 33, 89, 48, 50, 96, 53, 80, 4, 8, 27, 2, 39, 13, 0, 92, 49, 74, 34, 70]|[1, 1, 0, 1, 1, 1, 2, 2, 1, 2, 2, 1, 1, 1, 0, 0, 1, 0, 2, 2, 0, 1, 2, 2, 1, 2, 2, 0, 0, 1, 2, 1, 1, 0, 2, 0, 1, 1, 0, 1, 1, 1, 1, 0, 2, 1, 1, 0, 0, 0, 0, 1, 1, 2, 1, 2, 0, 0, 2, 0, 1, 2, 2, 1, 2, 1, 1, 1, 1, 1, 1, 2, 1, 0, 2, 0, 1, 2, 1, 0, 0, 2, 1, 0, 0, 2, 0, 0, 1, 1, 0, 0, 1, 0, 0, 0, 0, 2, 2, 1]|[0, 3, 1, 2, 0, 0, 1, 1, 4, 1, 1, 4, 4, 4, 2, 2, 4, 2, 1, 1, 1, 1, 2, 1, 2, 1, 1, 1, 1, 4, 0, 3, 3, 0, 1, 1, 0, 3, 2, 2, 2, 2, 0, 1, 1, 0, 4, 0, 1, 2, 2, 1, 4, 0, 3, 2, 1, 2, 1, 2, 3, 1, 1, 3, 0, 4, 4, 1, 4, 3, 1, 2, 4, 1, 1, 1, 1, 1, 3, 1, 1, 1, 1, 1, 1, 1, 2, 1, 4, 3, 2, 2, 1, 2, 2, 0, 1, 1, 1, 4]|[1, 1, 1, 1, 3, 3, 0, 0, 0, 0, 0, 2, 0, 1, 0, 0, 3, 1, 0, 0, 0, 3, 1, 0, 2, 0, 0, 0, 1, 3, 0, 0, 0, 0, 1, 0, 0, 2, 1, 1, 1, 1, 0, 0, 0, 0, 2, 1, 0, 0, 0, 1, 3, 0, 0, 1, 0, 1, 0, 1, 2, 0, 0, 2, 1, 0, 2, 1, 1, 0, 3, 1, 3, 0, 0, 0, 2, 0, 0, 0, 0, 0, 1, 0, 0, 0, 1, 0, 0, 2, 1, 0, 1, 0, 0, 1, 1, 0, 0, 2],733.3116759547878,58140.55643565909,96674.14109675489,false
22,G4_BALANCED,G4_BALANCED,[31, 11, 15, 82, 26, 9, 95, 32, 77, 68, 47, 5, 93, 78, 86, 54, 85, 63, 18, 44, 20, 49, 36, 14, 74, 50, 53, 17, 21, 45, 71, 64, 3, 23, 30, 83, 24, 41, 60, 52, 65, 27, 90, 70, 39, 87, 48, 69, 99, 4, 46, 1, 13, 58, 97, 59, 28, 75, 73, 37, 35, 79, 22, 66, 76, 42, 40, 80, 96, 6, 16, 61, 33, 7, 57, 34, 12, 67, 10, 98, 56, 88, 29, 94, 91, 51, 19, 92, 43, 84, 38, 72, 81, 8, 2, 55, 62, 89, 25, 0]|[2, 1, 1, 2, 1, 2, 1, 1, 1, 1, 1, 0, 2, 2, 1, 2, 0, 0, 0, 2, 2, 1, 0, 2, 0, 2, 2, 1, 0, 1, 1, 1, 0, 0, 1, 0, 2, 1, 2, 2, 0, 0, 1, 1, 0, 2, 0, 2, 1, 0, 0, 2, 0, 0, 2, 0, 1, 0, 0, 0, 2, 1, 0, 2, 2, 0, 2, 2, 0, 1, 2, 1, 1, 2, 0, 1, 1, 1, 1, 2, 2, 1, 1, 2, 1, 1, 1, 0, 1, 0, 0, 1, 1, 1, 2, 0, 1, 1, 1, 0]|[1, 3, 2, 0, 4, 1, 4, 4, 2, 4, 3, 2, 1, 0, 2, 1, 1, 1, 2, 1, 1, 3, 0, 1, 0, 1, 1, 4, 1, 4, 3, 2, 2, 0, 4, 1, 1, 4, 0, 1, 2, 1, 4, 4, 1, 1, 0, 2, 3, 1, 2, 1, 2, 1, 1, 2, 4, 2, 0, 2, 2, 3, 1, 0, 1, 2, 0, 1, 2, 4, 1, 3, 4, 1, 2, 4, 3, 3, 3, 1, 1, 4, 3, 1, 3, 3, 4, 2, 4, 2, 2, 4, 1, 3, 1, 2, 3, 4, 4, 2]|[1, 2, 1, 0, 3, 0, 1, 3, 0, 0, 2, 0, 1, 0, 1, 0, 0, 0, 1, 0, 0, 2, 0, 0, 1, 0, 0, 3, 0, 1, 0, 2, 0, 1, 3, 0, 1, 3, 1, 0, 0, 0, 1, 3, 0, 0, 1, 0, 2, 0, 0, 0, 0, 0, 1, 0, 1, 0, 1, 1, 0, 2, 0, 0, 0, 0, 0, 0, 0, 2, 0, 0, 1, 0, 0, 1, 0, 0, 3, 0, 0, 1, 0, 0, 0, 0, 3, 0, 2, 0, 0, 2, 1, 0, 0, 0, 0, 1, 3, 0],836.569815134707,52504.092339752446,107095.57005228325,false
22,G2_TEC,G2_TEC,[31, 22, 82, 15, 26, 9, 95, 42, 77, 68, 47, 5, 93, 78, 86, 54, 85, 63, 18, 44, 20, 49, 36, 14, 74, 50, 53, 17, 21, 28, 11, 64, 3, 23, 30, 83, 24, 41, 40, 52, 65, 27, 90, 70, 39, 87, 48, 69, 99, 4, 46, 1, 13, 58, 97, 59, 45, 8, 73, 37, 35, 79, 71, 66, 76, 32, 60, 80, 96, 6, 16, 61, 33, 7, 57, 34, 12, 67, 10, 98, 56, 88, 29, 75, 91, 38, 19, 92, 43, 84, 51, 72, 81, 25, 2, 55, 62, 89, 94, 0]|[2, 1, 2, 1, 1, 2, 1, 1, 1, 1, 1, 0, 2, 2, 1, 2, 0, 0, 0, 2, 2, 1, 0, 2, 0, 2, 2, 1, 0, 1, 1, 1, 0, 0, 1, 0, 2, 1, 2, 2, 0, 0, 1, 1, 0, 2, 0, 2, 1, 0, 0, 2, 0, 0, 2, 0, 1, 1, 0, 0, 2, 1, 1, 2, 2, 0, 2, 2, 0, 1, 2, 1, 1, 2, 0, 1, 1, 1, 1, 2, 2, 1, 1, 0, 1, 0, 1, 0, 1, 0, 1, 1, 1, 1, 2, 0, 1, 1, 2, 0]|[0, 3, 0, 3, 4, 1, 4, 4, 2, 4, 3, 2, 1, 0, 2, 1, 1, 1, 2, 1, 1, 3, 0, 1, 0, 1, 1, 4, 1, 4, 3, 2, 2, 0, 4, 1, 1, 4, 0, 1, 2, 1, 4, 4, 1, 1, 0, 2, 3, 2, 2, 1, 2, 1, 1, 2, 4, 3, 0, 2, 2, 3, 3, 0, 1, 2, 0, 1, 2, 4, 1, 3, 4, 1, 2, 4, 3, 3, 3, 1, 1, 4, 3, 2, 3, 2, 4, 2, 4, 2, 3, 4, 4, 4, 1, 2, 3, 4, 1, 2]|[0, 2, 0, 0, 3, 0, 1, 3, 0, 0, 2, 0, 1, 0, 1, 0, 0, 0, 1, 0, 0, 2, 0, 0, 1, 0, 0, 3, 0, 1, 0, 2, 0, 0, 3, 0, 1, 3, 0, 0, 0, 0, 1, 3, 0, 0, 1, 0, 2, 0, 0, 0, 0, 0, 1, 0, 1, 0, 1, 1, 0, 2, 0, 0, 0, 0, 0, 0, 0, 2, 0, 0, 1, 0, 0, 1, 0, 0, 3, 0, 0, 1, 0, 0, 0, 0, 1, 0, 2, 0, 0, 2, 1, 3, 0, 0, 0, 1, 0, 0],896.1029292898813,50428.13444364295,114595.46915086164,false
22,G3_TWC,G3_TWC,[31, 22, 82, 15, 26, 9, 95, 42, 77, 12, 47, 5, 93, 78, 86, 54, 85, 63, 18, 44, 20, 35, 43, 97, 91, 76, 10, 30, 21, 45, 71, 64, 1, 23, 17, 83, 24, 14, 60, 36, 6, 57, 40, 88, 65, 56, 79, 94, 67, 68, 46, 75, 38, 58, 19, 32, 81, 41, 27, 62, 87, 90, 99, 59, 11, 16, 72, 73, 69, 39, 37, 84, 3, 92, 25, 55, 28, 29, 51, 7, 66, 61, 98, 48, 89, 50, 4, 96, 53, 80, 8, 33, 34, 2, 52, 13, 0, 70, 74, 49]|[1, 1, 0, 1, 1, 1, 1, 2, 2, 1, 2, 2, 2, 1, 1, 0, 0, 1, 0, 2, 2, 0, 1, 2, 0, 1, 2, 2, 0, 0, 1, 2, 1, 2, 1, 0, 2, 0, 1, 1, 0, 1, 1, 1, 0, 2, 1, 1, 0, 0, 0, 0, 1, 1, 2, 1, 2, 0, 0, 0, 2, 1, 0, 1, 2, 1, 2, 1, 1, 1, 1, 1, 1, 0, 1, 1, 0, 0, 0, 1, 2, 1, 2, 0, 1, 0, 0, 0, 0, 0, 1, 2, 2, 0, 1, 0, 0, 1, 2, 0]|[4, 3, 2, 2, 0, 0, 2, 2, 2, 4, 1, 1, 2, 4, 4, 1, 2, 4, 2, 1, 1, 1, 1, 2, 1, 2, 1, 1, 1, 1, 3, 2, 3, 0, 4, 0, 1, 1, 0, 3, 2, 2, 2, 0, 1, 1, 0, 4, 0, 1, 2, 2, 1, 4, 0, 3, 2, 1, 1, 2, 1, 3, 1, 1, 1, 3, 0, 4, 3, 1, 4, 1, 1, 0, 4, 4, 2, 1, 1, 3, 1, 3, 1, 1, 1, 1, 2, 1, 2, 1, 3, 1, 1, 2, 1, 2, 2, 4, 1, 1]|[0, 2, 1, 1, 3, 3, 1, 0, 0, 0, 0, 0, 1, 0, 1, 0, 0, 3, 1, 0, 0, 0, 3, 1, 0, 2, 0, 0, 0, 1, 0, 0, 0, 0, 3, 0, 1, 0, 0, 2, 1, 1, 1, 0, 0, 0, 0, 2, 1, 0, 0, 0, 1, 3, 0, 0, 1, 0, 0, 1, 0, 2, 0, 1, 0, 2, 1, 0, 0, 1, 1, 3, 1, 1, 3, 3, 1, 0, 0, 2, 0, 0, 0, 0, 1, 0, 1, 0, 1, 0, 2, 0, 0, 0, 1, 0, 0, 2, 0, 1],795.9209522169074,58176.61051743866,90980.22022110094,false
22,G1_CMAX,G1_CMAX,[31, 22, 82, 15, 26, 9, 42, 77, 12, 5, 47, 93, 78, 86, 54, 6, 63, 18, 44, 20, 35, 43, 97, 91, 76, 10, 30, 21, 45, 17, 23, 1, 71, 83, 24, 14, 60, 36, 85, 57, 40, 95, 88, 65, 56, 79, 94, 67, 68, 46, 75, 38, 58, 19, 32, 81, 41, 62, 87, 28, 90, 59, 11, 16, 72, 73, 69, 52, 37, 64, 84, 3, 25, 29, 55, 51, 7, 98, 61, 66, 99, 33, 89, 48, 50, 96, 53, 80, 4, 8, 27, 2, 39, 13, 0, 92, 49, 74, 34, 70]|[1, 1, 0, 1, 1, 1, 2, 2, 1, 2, 2, 1, 1, 1, 0, 0, 1, 0, 2, 2, 0, 1, 2, 2, 1, 2, 2, 0, 0, 1, 2, 1, 1, 0, 2, 0, 1, 1, 0, 1, 1, 1, 1, 0, 2, 1, 1, 0, 0, 0, 0, 1, 1, 2, 1, 2, 0, 0, 2, 0, 1, 2, 2, 1, 2, 1, 1, 1, 1, 1, 1, 2, 1, 0, 2, 0, 1, 2, 1, 0, 0, 2, 1, 0, 0, 2, 0, 0, 1, 1, 0, 0, 1, 0, 0, 0, 0, 2, 2, 1]|[0, 3, 1, 2, 0, 0, 1, 1, 4, 1, 1, 4, 4, 4, 2, 2, 4, 2, 1, 1, 1, 1, 2, 1, 2, 1, 1, 1, 1, 4, 0, 3, 3, 0, 1, 1, 0, 3, 2, 2, 2, 2, 0, 1, 1, 0, 4, 0, 1, 2, 2, 1, 4, 0, 3, 2, 1, 2, 1, 2, 3, 1, 1, 3, 0, 4, 4, 1, 4, 3, 1, 2, 4, 1, 1, 1, 1, 1, 3, 1, 1, 1, 1, 1, 1, 1, 2, 1, 4, 3, 2, 2, 1, 2, 2, 0, 1, 1, 1, 4]|[1, 1, 1, 1, 3, 3, 0, 0, 0, 0, 0, 2, 0, 1, 0, 0, 3, 1, 0, 0, 0, 3, 1, 0, 2, 0, 0, 0, 1, 3, 0, 0, 0, 0, 1, 0, 0, 2, 1, 1, 1, 1, 0, 0, 0, 0, 2, 1, 0, 0, 0, 1, 3, 0, 0, 1, 0, 1, 0, 1, 2, 0, 0, 2, 1, 0, 2, 1, 1, 0, 3, 1, 3, 0, 0, 0, 2, 0, 0, 0, 0, 0, 1, 0, 0, 0, 1, 0, 0, 2, 1, 0, 1, 0, 0, 1, 1, 0, 0, 2],733.3116759547878,58140.55643565909,96674.14109675489,false
22,G4_BALANCED,G4_BALANCED,[31, 11, 15, 82, 26, 9, 95, 32, 77, 68, 47, 5, 93, 78, 86, 54, 85, 63, 18, 44, 20, 49, 36, 14, 74, 50, 53, 17, 21, 45, 71, 64, 3, 23, 30, 83, 24, 41, 60, 52, 65, 27, 90, 70, 39, 87, 48, 69, 99, 4, 46, 1, 13, 58, 97, 59, 28, 75, 73, 37, 35, 79, 22, 66, 76, 42, 40, 80, 96, 6, 16, 61, 33, 7, 57, 34, 12, 67, 10, 98, 56, 88, 29, 94, 91, 51, 19, 92, 43, 84, 38, 72, 81, 8, 2, 55, 62, 89, 25, 0]|[2, 1, 1, 2, 1, 2, 1, 1, 1, 1, 1, 0, 2, 2, 1, 2, 0, 0, 0, 2, 2, 1, 0, 2, 0, 2, 2, 1, 0, 1, 1, 1, 0, 0, 1, 0, 2, 1, 2, 2, 0, 0, 1, 1, 0, 2, 0, 2, 1, 0, 0, 2, 0, 0, 2, 0, 1, 0, 0, 0, 2, 1, 0, 2, 2, 0, 2, 2, 0, 1, 2, 1, 1, 2, 0, 1, 1, 1, 1, 2, 2, 1, 1, 2, 1, 1, 1, 0, 1, 0, 0, 1, 1, 1, 2, 0, 1, 1, 1, 0]|[1, 3, 2, 0, 4, 1, 4, 4, 2, 4, 3, 2, 1, 0, 2, 1, 1, 1, 2, 1, 1, 3, 0, 1, 0, 1, 1, 4, 1, 4, 3, 2, 2, 0, 4, 1, 1, 4, 0, 1, 2, 1, 4, 4, 1, 1, 0, 2, 3, 1, 2, 1, 2, 1, 1, 2, 4, 2, 0, 2, 2, 3, 1, 0, 1, 2, 0, 1, 2, 4, 1, 3, 4, 1, 2, 4, 3, 3, 3, 1, 1, 4, 3, 1, 3, 3, 4, 2, 4, 2, 2, 4, 1, 3, 1, 2, 3, 4, 4, 2]|[1, 2, 1, 0, 3, 0, 1, 3, 0, 0, 2, 0, 1, 0, 1, 0, 0, 0, 1, 0, 0, 2, 0, 0, 1, 0, 0, 3, 0, 1, 0, 2, 0, 1, 3, 0, 1, 3, 1, 0, 0, 0, 1, 3, 0, 0, 1, 0, 2, 0, 0, 0, 0, 0, 1, 0, 1, 0, 1, 1, 0, 2, 0, 0, 0, 0, 0, 0, 0, 2, 0, 0, 1, 0, 0, 1, 0, 0, 3, 0, 0, 1, 0, 0, 0, 0, 3, 0, 2, 0, 0, 2, 1, 0, 0, 0, 0, 1, 3, 0],836.569815134707,52504.092339752446,107095.57005228325,false
22,G2_TEC,G2_TEC,[31, 22, 82, 15, 26, 9, 95, 42, 77, 68, 47, 5, 93, 78, 86, 54, 85, 63, 18, 44, 20, 49, 36, 14, 74, 50, 53, 17, 21, 28, 11, 64, 3, 23, 30, 83, 24, 41, 40, 52, 65, 27, 90, 70, 39, 87, 48, 69, 99, 4, 46, 1, 13, 58, 97, 59, 45, 8, 73, 37, 35, 79, 71, 66, 76, 32, 60, 80, 96, 6, 16, 61, 33, 7, 57, 34, 12, 67, 10, 98, 56, 88, 29, 75, 91, 38, 19, 92, 43, 84, 51, 72, 81, 25, 2, 55, 62, 89, 94, 0]|[2, 1, 2, 1, 1, 2, 1, 1, 1, 1, 1, 0, 2, 2, 1, 2, 0, 0, 0, 2, 2, 1, 0, 2, 0, 2, 2, 1, 0, 1, 1, 1, 0, 0, 1, 0, 2, 1, 2, 2, 0, 0, 1, 1, 0, 2, 0, 2, 1, 0, 0, 2, 0, 0, 2, 0, 1, 1, 0, 0, 2, 1, 1, 2, 2, 0, 2, 2, 0, 1, 2, 1, 1, 2, 0, 1, 1, 1, 1, 2, 2, 1, 1, 0, 1, 0, 1, 0, 1, 0, 1, 1, 1, 1, 2, 0, 1, 1, 2, 0]|[0, 3, 0, 3, 4, 1, 4, 4, 2, 4, 3, 2, 1, 0, 2, 1, 1, 1, 2, 1, 1, 3, 0, 1, 0, 1, 1, 4, 1, 4, 3, 2, 2, 0, 4, 1, 1, 4, 0, 1, 2, 1, 4, 4, 1, 1, 0, 2, 3, 2, 2, 1, 2, 1, 1, 2, 4, 3, 0, 2, 2, 3, 3, 0, 1, 2, 0, 1, 2, 4, 1, 3, 4, 1, 2, 4, 3, 3, 3, 1, 1, 4, 3, 2, 3, 2, 4, 2, 4, 2, 3, 4, 4, 4, 1, 2, 3, 4, 1, 2]|[0, 2, 0, 0, 3, 0, 1, 3, 0, 0, 2, 0, 1, 0, 1, 0, 0, 0, 1, 0, 0, 2, 0, 0, 1, 0, 0, 3, 0, 1, 0, 2, 0, 0, 3, 0, 1, 3, 0, 0, 0, 0, 1, 3, 0, 0, 1, 0, 2, 0, 0, 0, 0, 0, 1, 0, 1, 0, 1, 1, 0, 2, 0, 0, 0, 0, 0, 0, 0, 2, 0, 0, 1, 0, 0, 1, 0, 0, 3, 0, 0, 1, 0, 0, 0, 0, 1, 0, 2, 0, 0, 2, 1, 3, 0, 0, 0, 1, 0, 0],896.1029292898813,50428.13444364295,114595.46915086164,false
22,G3_TWC,G4_BALANCED,[31, 22, 82, 15, 26, 9, 42, 77, 95, 12, 47, 5, 93, 78, 86, 54, 85, 63, 18, 44, 20, 35, 43, 97, 91, 76, 10, 30, 29, 45, 71, 64, 1, 23, 17, 83, 24, 14, 60, 36, 6, 57, 94, 88, 65, 56, 79, 40, 67, 68, 46, 75, 38, 58, 19, 32, 81, 41, 27, 62, 87, 90, 99, 59, 11, 16, 72, 73, 69, 39, 37, 84, 3, 92, 98, 55, 28, 21, 51, 7, 66, 61, 25, 48, 89, 50, 4, 96, 8, 53, 80, 33, 34, 49, 52, 0, 13, 70, 2, 74]|[1, 1, 0, 1, 1, 1, 2, 2, 1, 1, 2, 2, 2, 1, 1, 0, 0, 1, 0, 2, 2, 0, 1, 2, 0, 1, 2, 2, 0, 0, 1, 2, 1, 2, 1, 0, 2, 0, 1, 1, 0, 1, 1, 1, 0, 2, 1, 1, 0, 0, 0, 0, 1, 1, 2, 1, 2, 0, 0, 0, 2, 1, 0, 1, 2, 1, 2, 1, 1, 1, 1, 1, 1, 0, 0, 2, 0, 0, 0, 1, 2, 1, 1, 0, 1, 0, 0, 0, 0, 0, 0, 2, 2, 0, 1, 0, 0, 1, 0, 2]|[4, 3, 2, 2, 4, 0, 2, 2, 2, 3, 1, 1, 2, 4, 4, 1, 2, 4, 2, 1, 1, 1, 1, 2, 1, 2, 1, 1, 1, 1, 3, 2, 3, 1, 4, 0, 1, 1, 0, 3, 2, 2, 4, 0, 1, 1, 0, 2, 0, 1, 2, 2, 1, 4, 0, 3, 2, 1, 1, 2, 1, 3, 1, 1, 1, 3, 0, 4, 3, 1, 4, 1, 1, 2, 1, 1, 2, 1, 1, 3, 1, 3, 4, 1, 1, 1, 2, 1, 1, 2, 1, 1, 1, 1, 1, 2, 2, 3, 2, 1]|[0, 2, 1, 1, 3, 3, 0, 0, 1, 0, 0, 0, 1, 0, 1, 0, 0, 3, 1, 0, 0, 0, 3, 1, 0, 2, 0, 0, 0, 1, 0, 0, 0, 0, 3, 0, 1, 0, 0, 2, 1, 1, 2, 0, 0, 0, 0, 1, 1, 0, 0, 0, 1, 3, 0, 0, 1, 0, 0, 1, 0, 2, 0, 1, 0, 2, 1, 0, 0, 1, 1, 3, 1, 1, 0, 0, 1, 0, 0, 2, 0, 0, 3, 0, 1, 0, 1, 0, 0, 1, 0, 0, 0, 1, 1, 0, 0, 0, 0, 0],825.74158669438,57638.90651734475,91409.24094405938,true
22,G1_CMAX,G1_CMAX,[31, 22, 82, 15, 26, 9, 42, 77, 12, 5, 47, 93, 78, 86, 54, 6, 63, 18, 44, 20, 35, 43, 97, 91, 76, 10, 30, 21, 45, 17, 23, 1, 71, 83, 24, 14, 60, 36, 85, 57, 40, 95, 88, 65, 56, 79, 94, 67, 68, 46, 75, 38, 58, 19, 32, 81, 41, 62, 87, 28, 90, 59, 11, 16, 72, 73, 69, 52, 37, 64, 84, 3, 25, 29, 55, 51, 7, 98, 61, 66, 99, 33, 89, 48, 50, 96, 53, 80, 4, 8, 27, 2, 39, 13, 0, 92, 49, 74, 34, 70]|[1, 1, 0, 1, 1, 1, 2, 2, 1, 2, 2, 1, 1, 1, 0, 0, 1, 0, 2, 2, 0, 1, 2, 2, 1, 2, 2, 0, 0, 1, 2, 1, 1, 0, 2, 0, 1, 1, 0, 1, 1, 1, 1, 0, 2, 1, 1, 0, 0, 0, 0, 1, 1, 2, 1, 2, 0, 0, 2, 0, 1, 2, 2, 1, 2, 1, 1, 1, 1, 1, 1, 2, 1, 0, 2, 0, 1, 2, 1, 0, 0, 2, 1, 0, 0, 2, 0, 0, 1, 1, 0, 0, 1, 0, 0, 0, 0, 2, 2, 1]|[0, 3, 1, 2, 0, 0, 1, 1, 4, 1, 1, 4, 4, 4, 2, 2, 4, 2, 1, 1, 1, 1, 2, 1, 2, 1, 1, 1, 1, 4, 0, 3, 3, 0, 1, 1, 0, 3, 2, 2, 2, 2, 0, 1, 1, 0, 4, 0, 1, 2, 2, 1, 4, 0, 3, 2, 1, 2, 1, 2, 3, 1, 1, 3, 0, 4, 4, 1, 4, 3, 1, 2, 4, 1, 1, 1, 1, 1, 3, 1, 1, 1, 1, 1, 1, 1, 2, 1, 4, 3, 2, 2, 1, 2, 2, 0, 1, 1, 1, 4]|[1, 1, 1, 1, 3, 3, 0, 0, 0, 0, 0, 2, 0, 1, 0, 0, 3, 1, 0, 0, 0, 3, 1, 0, 2, 0, 0, 0, 1, 3, 0, 0, 0, 0, 1, 0, 0, 2, 1, 1, 1, 1, 0, 0, 0, 0, 2, 1, 0, 0, 0, 1, 3, 0, 0, 1, 0, 1, 0, 1, 2, 0, 0, 2, 1, 0, 2, 1, 1, 0, 3, 1, 3, 0, 0, 0, 2, 0, 0, 0, 0, 0, 1, 0, 0, 0, 1, 0, 0, 2, 1, 0, 1, 0, 0, 1, 1, 0, 0, 2],733.3116759547878,58140.55643565909,96674.14109675489,false
22,G4_BALANCED,G4_BALANCED,[31, 11, 15, 82, 26, 9, 95, 32, 77, 68, 47, 5, 93, 78, 86, 54, 85, 63, 18, 44, 20, 49, 36, 14, 74, 50, 53, 17, 21, 45, 71, 64, 3, 23, 30, 83, 24, 41, 60, 52, 65, 27, 90, 70, 39, 87, 48, 69, 99, 4, 46, 1, 13, 58, 97, 59, 28, 75, 73, 37, 35, 79, 22, 66, 76, 42, 40, 80, 96, 6, 16, 61, 33, 7, 57, 34, 12, 67, 10, 98, 56, 88, 29, 94, 91, 51, 19, 92, 43, 84, 38, 72, 81, 8, 2, 55, 62, 89, 25, 0]|[2, 1, 1, 2, 1, 2, 1, 1, 1, 1, 1, 0, 2, 2, 1, 2, 0, 0, 0, 2, 2, 1, 0, 2, 0, 2, 2, 1, 0, 1, 1, 1, 0, 0, 1, 0, 2, 1, 2, 2, 0, 0, 1, 1, 0, 2, 0, 2, 1, 0, 0, 2, 0, 0, 2, 0, 1, 0, 0, 0, 2, 1, 0, 2, 2, 0, 2, 2, 0, 1, 2, 1, 1, 2, 0, 1, 1, 1, 1, 2, 2, 1, 1, 2, 1, 1, 1, 0, 1, 0, 0, 1, 1, 1, 2, 0, 1, 1, 1, 0]|[1, 3, 2, 0, 4, 1, 4, 4, 2, 4, 3, 2, 1, 0, 2, 1, 1, 1, 2, 1, 1, 3, 0, 1, 0, 1, 1, 4, 1, 4, 3, 2, 2, 0, 4, 1, 1, 4, 0, 1, 2, 1, 4, 4, 1, 1, 0, 2, 3, 1, 2, 1, 2, 1, 1, 2, 4, 2, 0, 2, 2, 3, 1, 0, 1, 2, 0, 1, 2, 4, 1, 3, 4, 1, 2, 4, 3, 3, 3, 1, 1, 4, 3, 1, 3, 3, 4, 2, 4, 2, 2, 4, 1, 3, 1, 2, 3, 4, 4, 2]|[1, 2, 1, 0, 3, 0, 1, 3, 0, 0, 2, 0, 1, 0, 1, 0, 0, 0, 1, 0, 0, 2, 0, 0, 1, 0, 0, 3, 0, 1, 0, 2, 0, 1, 3, 0, 1, 3, 1, 0, 0, 0, 1, 3, 0, 0, 1, 0, 2, 0, 0, 0, 0, 0, 1, 0, 1, 0, 1, 1, 0, 2, 0, 0, 0, 0, 0, 0, 0, 2, 0, 0, 1, 0, 0, 1, 0, 0, 3, 0, 0, 1, 0, 0, 0, 0, 3, 0, 2, 0, 0, 2, 1, 0, 0, 0, 0, 1, 3, 0],836.569815134707,52504.092339752446,107095.57005228325,false
22,G2_TEC,G2_TEC,[31, 22, 82, 15, 26, 9, 95, 42, 77, 68, 47, 5, 93, 78, 86, 54, 85, 63, 18, 44, 20, 49, 36, 14, 74, 50, 53, 17, 21, 28, 11, 64, 3, 23, 30, 83, 24, 41, 40, 52, 65, 27, 90, 70, 39, 87, 48, 69, 99, 4, 46, 1, 13, 58, 97, 59, 45, 8, 73, 37, 35, 79, 71, 66, 76, 32, 60, 80, 96, 6, 16, 61, 33, 7, 57, 34, 12, 67, 10, 98, 56, 88, 29, 75, 91, 38, 19, 92, 43, 84, 51, 72, 81, 25, 2, 55, 62, 89, 94, 0]|[2, 1, 2, 1, 1, 2, 1, 1, 1, 1, 1, 0, 2, 2, 1, 2, 0, 0, 0, 2, 2, 1, 0, 2, 0, 2, 2, 1, 0, 1, 1, 1, 0, 0, 1, 0, 2, 1, 2, 2, 0, 0, 1, 1, 0, 2, 0, 2, 1, 0, 0, 2, 0, 0, 2, 0, 1, 1, 0, 0, 2, 1, 1, 2, 2, 0, 2, 2, 0, 1, 2, 1, 1, 2, 0, 1, 1, 1, 1, 2, 2, 1, 1, 0, 1, 0, 1, 0, 1, 0, 1, 1, 1, 1, 2, 0, 1, 1, 2, 0]|[0, 3, 0, 3, 4, 1, 4, 4, 2, 4, 3, 2, 1, 0, 2, 1, 1, 1, 2, 1, 1, 3, 0, 1, 0, 1, 1, 4, 1, 4, 3, 2, 2, 0, 4, 1, 1, 4, 0, 1, 2, 1, 4, 4, 1, 1, 0, 2, 3, 2, 2, 1, 2, 1, 1, 2, 4, 3, 0, 2, 2, 3, 3, 0, 1, 2, 0, 1, 2, 4, 1, 3, 4, 1, 2, 4, 3, 3, 3, 1, 1, 4, 3, 2, 3, 2, 4, 2, 4, 2, 3, 4, 4, 4, 1, 2, 3, 4, 1, 2]|[0, 2, 0, 0, 3, 0, 1, 3, 0, 0, 2, 0, 1, 0, 1, 0, 0, 0, 1, 0, 0, 2, 0, 0, 1, 0, 0, 3, 0, 1, 0, 2, 0, 0, 3, 0, 1, 3, 0, 0, 0, 0, 1, 3, 0, 0, 1, 0, 2, 0, 0, 0, 0, 0, 1, 0, 1, 0, 1, 1, 0, 2, 0, 0, 0, 0, 0, 0, 0, 2, 0, 0, 1, 0, 0, 1, 0, 0, 3, 0, 0, 1, 0, 0, 0, 0, 1, 0, 2, 0, 0, 2, 1, 3, 0, 0, 0, 1, 0, 0],896.1029292898813,50428.13444364295,114595.46915086164,false
22,G3_TWC,G4_BALANCED,[31, 22, 82, 15, 26, 58, 95, 42, 77, 12, 47, 5, 93, 78, 86, 54, 85, 63, 18, 44, 20, 35, 43, 97, 91, 76, 10, 30, 21, 45, 71, 64, 1, 23, 17, 83, 24, 14, 60, 36, 6, 57, 40, 88, 65, 56, 79, 94, 67, 68, 46, 75, 38, 9, 19, 32, 81, 41, 27, 62, 87, 90, 99, 59, 11, 16, 72, 73, 70, 39, 37, 84, 3, 92, 25, 55, 28, 29, 51, 7, 33, 61, 48, 98, 89, 8, 4, 96, 66, 53, 80, 50, 34, 2, 52, 0, 13, 69, 49, 74]|[1, 1, 0, 1, 1, 0, 1, 2, 2, 1, 2, 2, 2, 1, 1, 0, 0, 1, 0, 2, 2, 0, 1, 2, 0, 1, 2, 2, 0, 0, 1, 2, 1, 2, 1, 0, 2, 0, 1, 1, 0, 1, 1, 1, 0, 2, 1, 1, 0, 0, 0, 0, 1, 1, 2, 1, 2, 2, 0, 0, 2, 1, 0, 1, 2, 1, 2, 1, 1, 1, 1, 1, 1, 0, 1, 2, 2, 2, 0, 1, 2, 1, 0, 2, 1, 1, 1, 2, 2, 0, 0, 0, 2, 0, 1, 0, 0, 1, 0, 2]|[4, 3, 2, 2, 4, 1, 2, 2, 2, 4, 1, 1, 2, 4, 4, 1, 2, 4, 2, 1, 1, 1, 1, 2, 1, 2, 1, 1, 1, 1, 3, 2, 3, 1, 4, 0, 1, 1, 0, 3, 2, 2, 2, 0, 1, 1, 0, 4, 0, 1, 2, 2, 1, 4, 0, 3, 2, 1, 1, 2, 1, 3, 1, 1, 1, 3, 1, 4, 3, 1, 4, 1, 1, 0, 4, 1, 1, 1, 1, 1, 1, 3, 1, 1, 1, 3, 4, 1, 1, 2, 1, 1, 1, 2, 1, 2, 2, 4, 1, 1]|[0, 2, 1, 1, 3, 0, 1, 0, 0, 0, 0, 0, 1, 0, 1, 0, 0, 3, 1, 0, 0, 0, 3, 1, 0, 2, 0, 0, 0, 1, 0, 0, 0, 0, 3, 0, 1, 0, 0, 2, 1, 1, 1, 0, 0, 0, 0, 2, 1, 0, 0, 0, 1, 3, 0, 0, 1, 0, 0, 1, 0, 2, 0, 1, 0, 2, 0, 0, 0, 1, 1, 3, 1, 1, 3, 0, 0, 0, 0, 2, 0, 0, 0, 0, 1, 2, 0, 0, 0, 1, 0, 0, 0, 0, 1, 0, 0, 2, 1, 0],874.9115310545249,55469.742285446024,97708.86092672561,true
22,G1_CMAX,G1_CMAX,[31, 22, 82, 15, 26, 9, 42, 77, 12, 5, 47, 93, 78, 86, 54, 6, 63, 18, 44, 20, 35, 43, 97, 91, 76, 10, 30, 21, 45, 17, 23, 1, 71, 83, 24, 14, 60, 36, 85, 57, 40, 95, 88, 65, 56, 79, 94, 67, 68, 46, 75, 38, 58, 19, 32, 81, 41, 62, 87, 28, 90, 59, 11, 16, 72, 73, 69, 52, 37, 64, 84, 3, 25, 29, 55, 51, 7, 98, 61, 66, 99, 33, 89, 48, 50, 96, 53, 80, 4, 8, 27, 2, 39, 13, 0, 92, 49, 74, 34, 70]|[1, 1, 0, 1, 1, 1, 2, 2, 1, 2, 2, 1, 1, 1, 0, 0, 1, 0, 2, 2, 0, 1, 2, 2, 1, 2, 2, 0, 0, 1, 2, 1, 1, 0, 2, 0, 1, 1, 0, 1, 1, 1, 1, 0, 2, 1, 1, 0, 0, 0, 0, 1, 1, 2, 1, 2, 0, 0, 2, 0, 1, 2, 2, 1, 2, 1, 1, 1, 1, 1, 1, 2, 1, 0, 2, 0, 1, 2, 1, 0, 0, 2, 1, 0, 0, 2, 0, 0, 1, 1, 0, 0, 1, 0, 0, 0, 0, 2, 2, 1]|[0, 3, 1, 2, 0, 0, 1, 1, 4, 1, 1, 4, 4, 4, 2, 2, 4, 2, 1, 1, 1, 1, 2, 1, 2, 1, 1, 1, 1, 4, 0, 3, 3, 0, 1, 1, 0, 3, 2, 2, 2, 2, 0, 1, 1, 0, 4, 0, 1, 2, 2, 1, 4, 0, 3, 2, 1, 2, 1, 2, 3, 1, 1, 3, 0, 4, 4, 1, 4, 3, 1, 2, 4, 1, 1, 1, 1, 1, 3, 1, 1, 1, 1, 1, 1, 1, 2, 1, 4, 3, 2, 2, 1, 2, 2, 0, 1, 1, 1, 4]|[1, 1, 1, 1, 3, 3, 0, 0, 0, 0, 0, 2, 0, 1, 0, 0, 3, 1, 0, 0, 0, 3, 1, 0, 2, 0, 0, 0, 1, 3, 0, 0, 0, 0, 1, 0, 0, 2, 1, 1, 1, 1, 0, 0, 0, 0, 2, 1, 0, 0, 0, 1, 3, 0, 0, 1, 0, 1, 0, 1, 2, 0, 0, 2, 1, 0, 2, 1, 1, 0, 3, 1, 3, 0, 0, 0, 2, 0, 0, 0, 0, 0, 1, 0, 0, 0, 1, 0, 0, 2, 1, 0, 1, 0, 0, 1, 1, 0, 0, 2],733.3116759547878,58140.55643565909,96674.14109675489,false
22,G4_BALANCED,G4_BALANCED,[31, 22, 82, 15, 26, 58, 95, 42, 77, 12, 47, 5, 93, 78, 86, 54, 85, 63, 18, 44, 20, 35, 43, 97, 66, 76, 79, 30, 21, 45, 71, 64, 1, 23, 17, 83, 24, 14, 60, 36, 6, 57, 40, 88, 65, 56, 10, 94, 67, 68, 46, 75, 38, 9, 19, 32, 41, 81, 27, 62, 87, 90, 99, 59, 11, 16, 72, 73, 69, 39, 37, 84, 3, 92, 25, 55, 29, 28, 51, 7, 33, 61, 48, 98, 89, 8, 4, 96, 53, 80, 50, 91, 34, 2, 52, 0, 49, 70, 13, 74]|[1, 1, 0, 1, 1, 0, 1, 2, 2, 1, 2, 2, 2, 1, 1, 0, 0, 1, 0, 2, 2, 0, 1, 2, 2, 1, 2, 2, 0, 0, 1, 2, 1, 2, 1, 0, 2, 0, 1, 1, 0, 1, 1, 1, 0, 2, 2, 1, 0, 0, 0, 0, 1, 1, 2, 1, 0, 2, 0, 0, 2, 1, 0, 1, 2, 1, 2, 1, 1, 1, 1, 1, 1, 0, 1, 2, 0, 0, 0, 1, 2, 1, 0, 2, 1, 1, 1, 2, 0, 0, 0, 0, 2, 0, 1, 0, 0, 1, 0, 2]|[4, 3, 2, 2, 4, 1, 2, 2, 2, 4, 1, 1, 2, 4, 4, 1, 2, 4, 2, 1, 1, 1, 1, 2, 1, 2, 1, 1, 1, 1, 3, 1, 3, 1, 4, 0, 1, 1, 0, 3, 2, 2, 2, 0, 1, 1, 1, 4, 0, 1, 2, 2, 1, 4, 0, 3, 1, 1, 1, 2, 1, 3, 1, 1, 1, 3, 0, 4, 4, 1, 4, 1, 1, 0, 4, 1, 1, 2, 1, 1, 1, 3, 1, 1, 1, 3, 4, 1, 2, 1, 1, 1, 1, 2, 1, 2, 1, 3, 2, 1]|[0, 2, 1, 1, 3, 0, 1, 0, 0, 0, 0, 0, 1, 0, 1, 0, 0, 3, 1, 0, 0, 0, 3, 1, 0, 2, 0, 0, 0, 0, 0, 0, 0, 0, 3, 0, 1, 0, 0, 2, 1, 1, 1, 0, 0, 0, 0, 2, 1, 0, 0, 0, 1, 3, 0, 0, 0, 0, 0, 1, 0, 2, 0, 1, 0, 2, 1, 0, 2, 1, 1, 3, 1, 1, 3, 0, 0, 1, 0, 2, 0, 0, 0, 0, 1, 2, 0, 0, 1, 0, 0, 0, 0, 0, 1, 0, 1, 0, 0, 0],777.436160111927,55378.96358309585,98756.68483674081,false
22,G2_TEC,G4_BALANCED,[31, 22, 82, 15, 26, 58, 95, 42, 77, 12, 47, 5, 93, 78, 86, 54, 85, 63, 18, 44, 20, 35, 43, 97, 66, 76, 10, 30, 21, 45, 71, 1, 23, 64, 17, 83, 24, 14, 60, 36, 6, 57, 40, 88, 65, 56, 79, 94, 67, 68, 46, 75, 38, 9, 98, 32, 81, 41, 27, 62, 87, 90, 29, 59, 11, 16, 72, 73, 70, 39, 37, 84, 3, 92, 25, 55, 28, 99, 2, 7, 33, 61, 19, 48, 89, 50, 4, 96, 53, 80, 8, 91, 34, 51, 52, 13, 0, 69, 74, 49]|[1, 1, 0, 1, 1, 0, 1, 2, 2, 1, 2, 2, 2, 1, 1, 0, 0, 1, 0, 2, 2, 0, 1, 2, 2, 1, 2, 2, 0, 0, 1, 1, 2, 2, 1, 0, 2, 0, 1, 1, 0, 1, 1, 1, 0, 2, 1, 1, 0, 0, 0, 0, 1, 1, 2, 1, 2, 0, 0, 0, 2, 1, 0, 1, 2, 1, 2, 1, 1, 1, 1, 1, 1, 0, 1, 2, 0, 0, 0, 1, 2, 1, 2, 0, 1, 0, 1, 2, 0, 0, 1, 2, 2, 0, 1, 0, 0, 1, 2, 0]|[4, 3, 2, 2, 4, 1, 2, 2, 2, 4, 1, 1, 2, 4, 4, 1, 2, 4, 2, 1, 1, 1, 1, 2, 1, 2, 1, 1, 1, 1, 3, 3, 1, 2, 4, 0, 1, 1, 0, 3, 2, 2, 2, 0, 1, 1, 0, 4, 0, 1, 2, 2, 1, 4, 1, 3, 2, 1, 1, 2, 1, 3, 1, 1, 1, 3, 0, 4, 3, 1, 4, 1, 1, 0, 4, 1, 2, 1, 1, 1, 1, 3, 1, 1, 1, 1, 4, 1, 2, 1, 3, 1, 1, 1, 1, 2, 2, 4, 1, 1]|[0, 2, 1, 1, 3, 0, 1, 0, 0, 0, 0, 0, 1, 0, 1, 0, 0, 3, 1, 0, 0, 0, 3, 1, 0, 2, 0, 0, 0, 1, 0, 0, 0, 0, 3, 0, 1, 0, 0, 2, 1, 1, 1, 0, 0, 0, 0, 2, 1, 0, 0, 0, 1, 3, 0, 0, 1, 0, 0, 1, 0, 2, 0, 1, 0, 2, 1, 0, 0, 1, 1, 3, 1, 1, 3, 0, 1, 0, 0, 2, 0, 0, 0, 0, 1, 0, 0, 0, 1, 0, 2, 0, 0, 0, 1, 0, 0, 2, 0, 1],746.3158067004242,56513.822621017054,95092.80198098958,true
22,G3_TWC,G3_TWC,[31, 22, 82, 15, 26, 9, 95, 42, 77, 12, 47, 5, 93, 78, 86, 54, 85, 63, 18, 44, 20, 35, 43, 97, 91, 76, 10, 30, 21, 45, 71, 64, 1, 23, 17, 83, 24, 14, 60, 36, 6, 57, 40, 88, 65, 56, 79, 94, 67, 68, 46, 75, 38, 58, 19, 32, 81, 41, 27, 62, 87, 90, 99, 59, 11, 16, 72, 73, 69, 39, 37, 84, 3, 92, 25, 55, 28, 29, 51, 7, 66, 61, 98, 48, 89, 50, 4, 96, 53, 80, 8, 33, 34, 2, 52, 13, 0, 70, 74, 49]|[1, 1, 0, 1, 1, 1, 1, 2, 2, 1, 2, 2, 2, 1, 1, 0, 0, 1, 0, 2, 2, 0, 1, 2, 0, 1, 2, 2, 0, 0, 1, 2, 1, 2, 1, 0, 2, 0, 1, 1, 0, 1, 1, 1, 0, 2, 1, 1, 0, 0, 0, 0, 1, 1, 2, 1, 2, 0, 0, 0, 2, 1, 0, 1, 2, 1, 2, 1, 1, 1, 1, 1, 1, 0, 1, 1, 0, 0, 0, 1, 2, 1, 2, 0, 1, 0, 0, 0, 0, 0, 1, 2, 2, 0, 1, 0, 0, 1, 2, 0]|[4, 3, 2, 2, 0, 0, 2, 2, 2, 4, 1, 1, 2, 4, 4, 1, 2, 4, 2, 1, 1, 1, 1, 2, 1, 2, 1, 1, 1, 1, 3, 2, 3, 0, 4, 0, 1, 1, 0, 3, 2, 2, 2, 0, 1, 1, 0, 4, 0, 1, 2, 2, 1, 4, 0, 3, 2, 1, 1, 2, 1, 3, 1, 1, 1, 3, 0, 4, 3, 1, 4, 1, 1, 0, 4, 4, 2, 1, 1, 3, 1, 3, 1, 1, 1, 1, 2, 1, 2, 1, 3, 1, 1, 2, 1, 2, 2, 4, 1, 1]|[0, 2, 1, 1, 3, 3, 1, 0, 0, 0, 0, 0, 1, 0, 1, 0, 0, 3, 1, 0, 0, 0, 3, 1, 0, 2, 0, 0, 0, 1, 0, 0, 0, 0, 3, 0, 1, 0, 0, 2, 1, 1, 1, 0, 0, 0, 0, 2, 1, 0, 0, 0, 1, 3, 0, 0, 1, 0, 0, 1, 0, 2, 0, 1, 0, 2, 1, 0, 0, 1, 1, 3, 1, 1, 3, 3, 1, 0, 0, 2, 0, 0, 0, 0, 1, 0, 1, 0, 1, 0, 2, 0, 0, 0, 1, 0, 0, 2, 0, 1],795.9209522169074,58176.61051743866,90980.22022110094,false
22,G1_CMAX,G1_CMAX,[31, 22, 82, 15, 26, 9, 42, 77, 12, 5, 47, 93, 78, 86, 54, 6, 63, 18, 44, 20, 35, 43, 97, 91, 76, 10, 30, 21, 45, 17, 23, 1, 71, 83, 24, 14, 60, 36, 85, 57, 40, 95, 88, 65, 56, 79, 94, 67, 68, 46, 75, 38, 58, 19, 32, 81, 41, 62, 87, 28, 90, 59, 11, 16, 72, 73, 69, 52, 37, 64, 84, 3, 25, 29, 55, 51, 7, 98, 61, 66, 99, 33, 89, 48, 50, 96, 53, 80, 4, 8, 27, 2, 39, 13, 0, 92, 49, 74, 34, 70]|[1, 1, 0, 1, 1, 1, 2, 2, 1, 2, 2, 1, 1, 1, 0, 0, 1, 0, 2, 2, 0, 1, 2, 2, 1, 2, 2, 0, 0, 1, 2, 1, 1, 0, 2, 0, 1, 1, 0, 1, 1, 1, 1, 0, 2, 1, 1, 0, 0, 0, 0, 1, 1, 2, 1, 2, 0, 0, 2, 0, 1, 2, 2, 1, 2, 1, 1, 1, 1, 1, 1, 2, 1, 0, 2, 0, 1, 2, 1, 0, 0, 2, 1, 0, 0, 2, 0, 0, 1, 1, 0, 0, 1, 0, 0, 0, 0, 2, 2, 1]|[0, 3, 1, 2, 0, 0, 1, 1, 4, 1, 1, 4, 4, 4, 2, 2, 4, 2, 1, 1, 1, 1, 2, 1, 2, 1, 1, 1, 1, 4, 0, 3, 3, 0, 1, 1, 0, 3, 2, 2, 2, 2, 0, 1, 1, 0, 4, 0, 1, 2, 2, 1, 4, 0, 3, 2, 1, 2, 1, 2, 3, 1, 1, 3, 0, 4, 4, 1, 4, 3, 1, 2, 4, 1, 1, 1, 1, 1, 3, 1, 1, 1, 1, 1, 1, 1, 2, 1, 4, 3, 2, 2, 1, 2, 2, 0, 1, 1, 1, 4]|[1, 1, 1, 1, 3, 3, 0, 0, 0, 0, 0, 2, 0, 1, 0, 0, 3, 1, 0, 0, 0, 3, 1, 0, 2, 0, 0, 0, 1, 3, 0, 0, 0, 0, 1, 0, 0, 2, 1, 1, 1, 1, 0, 0, 0, 0, 2, 1, 0, 0, 0, 1, 3, 0, 0, 1, 0, 1, 0, 1, 2, 0, 0, 2, 1, 0, 2, 1, 1, 0, 3, 1, 3, 0, 0, 0, 2, 0, 0, 0, 0, 0, 1, 0, 0, 0, 1, 0, 0, 2, 1, 0, 1, 0, 0, 1, 1, 0, 0, 2],733.3116759547878,58140.55643565909,96674.14109675489,false
22,G4_BALANCED,G4_BALANCED,[31, 22, 82, 15, 26, 58, 95, 42, 77, 12, 47, 5, 93, 78, 86, 54, 85, 63, 18, 44, 20, 35, 43, 97, 66, 76, 79, 30, 21, 45, 71, 64, 1, 23, 17, 83, 24, 14, 60, 36, 6, 57, 40, 88, 65, 56, 10, 94, 67, 68, 46, 75, 38, 9, 19, 32, 41, 81, 27, 62, 87, 90, 99, 59, 11, 16, 72, 73, 69, 39, 37, 84, 3, 92, 25, 55, 29, 28, 51, 7, 33, 61, 48, 98, 89, 8, 4, 96, 53, 80, 50, 91, 34, 2, 52, 0, 49, 70, 13, 74]|[1, 1, 0, 1, 1, 0, 1, 2, 2, 1, 2, 2, 2, 1, 1, 0, 0, 1, 0, 2, 2, 0, 1, 2, 2, 1, 2, 2, 0, 0, 1, 2, 1, 2, 1, 0, 2, 0, 1, 1, 0, 1, 1, 1, 0, 2, 2, 1, 0, 0, 0, 0, 1, 1, 2, 1, 0, 2, 0, 0, 2, 1, 0, 1, 2, 1, 2, 1, 1, 1, 1, 1, 1, 0, 1, 2, 0, 0, 0, 1, 2, 1, 0, 2, 1, 1, 1, 2, 0, 0, 0, 0, 2, 0, 1, 0, 0, 1, 0, 2]|[4, 3, 2, 2, 4, 1, 2, 2, 2, 4, 1, 1, 2, 4, 4, 1, 2, 4, 2, 1, 1, 1, 1, 2, 1, 2, 1, 1, 1, 1, 3, 1, 3, 1, 4, 0, 1, 1, 0, 3, 2, 2, 2, 0, 1, 1, 1, 4, 0, 1, 2, 2, 1, 4, 0, 3, 1, 1, 1, 2, 1, 3, 1, 1, 1, 3, 0, 4, 4, 1, 4, 1, 1, 0, 4, 1, 1, 2, 1, 1, 1, 3, 1, 1, 1, 3, 4, 1, 2, 1, 1, 1, 1, 2, 1, 2, 1, 3, 2, 1]|[0, 2, 1, 1, 3, 0, 1, 0, 0, 0, 0, 0, 1, 0, 1, 0, 0, 3, 1, 0, 0, 0, 3, 1, 0, 2, 0, 0, 0, 0, 0, 0, 0, 0, 3, 0, 1, 0, 0, 2, 1, 1, 1, 0, 0, 0, 0, 2, 1, 0, 0, 0, 1, 3, 0, 0, 0, 0, 0, 1, 0, 2, 0, 1, 0, 2, 1, 0, 2, 1, 1, 3, 1, 1, 3, 0, 0, 1, 0, 2, 0, 0, 0, 0, 1, 2, 0, 0, 1, 0, 0, 0, 0, 0, 1, 0, 1, 0, 0, 0],777.436160111927,55378.96358309585,98756.68483674081,false
22,G2_TEC,G2_TEC,[31, 22, 82, 15, 26, 9, 95, 42, 77, 68, 47, 5, 93, 78, 86, 54, 85, 63, 18, 44, 20, 49, 36, 14, 74, 50, 53, 17, 21, 28, 11, 64, 3, 23, 30, 83, 24, 41, 40, 52, 65, 27, 90, 70, 39, 87, 48, 69, 99, 4, 46, 1, 13, 58, 97, 59, 45, 8, 73, 37, 35, 79, 71, 66, 76, 32, 60, 80, 96, 6, 16, 61, 33, 7, 57, 34, 12, 67, 10, 98, 56, 88, 29, 75, 91, 38, 19, 92, 43, 84, 51, 72, 81, 25, 2, 55, 62, 89, 94, 0]|[2, 1, 2, 1, 1, 2, 1, 1, 1, 1, 1, 0, 2, 2, 1, 2, 0, 0, 0, 2, 2, 1, 0, 2, 0, 2, 2, 1, 0, 1, 1, 1, 0, 0, 1, 0, 2, 1, 2, 2, 0, 0, 1, 1, 0, 2, 0, 2, 1, 0, 0, 2, 0, 0, 2, 0, 1, 1, 0, 0, 2, 1, 1, 2, 2, 0, 2, 2, 0, 1, 2, 1, 1, 2, 0, 1, 1, 1, 1, 2, 2, 1, 1, 0, 1, 0, 1, 0, 1, 0, 1, 1, 1, 1, 2, 0, 1, 1, 2, 0]|[0, 3, 0, 3, 4, 1, 4, 4, 2, 4, 3, 2, 1, 0, 2, 1, 1, 1, 2, 1, 1, 3, 0, 1, 0, 1, 1, 4, 1, 4, 3, 2, 2, 0, 4, 1, 1, 4, 0, 1, 2, 1, 4, 4, 1, 1, 0, 2, 3, 2, 2, 1, 2, 1, 1, 2, 4, 3, 0, 2, 2, 3, 3, 0, 1, 2, 0, 1, 2, 4, 1, 3, 4, 1, 2, 4, 3, 3, 3, 1, 1, 4, 3, 2, 3, 2, 4, 2, 4, 2, 3, 4, 4, 4, 1, 2, 3, 4, 1, 2]|[0, 2, 0, 0, 3, 0, 1, 3, 0, 0, 2, 0, 1, 0, 1, 0, 0, 0, 1, 0, 0, 2, 0, 0, 1, 0, 0, 3, 0, 1, 0, 2, 0, 0, 3, 0, 1, 3, 0, 0, 0, 0, 1, 3, 0, 0, 1, 0, 2, 0, 0, 0, 0, 0, 1, 0, 1, 0, 1, 1, 0, 2, 0, 0, 0, 0, 0, 0, 0, 2, 0, 0, 1, 0, 0, 1, 0, 0, 3, 0, 0, 1, 0, 0, 0, 0, 1, 0, 2, 0, 0, 2, 1, 3, 0, 0, 0, 1, 0, 0],896.1029292898813,50428.13444364295,114595.46915086164,false
22,G3_TWC,G2_TEC,[31, 22, 82, 15, 26, 9, 95, 42, 77, 68, 47, 5, 93, 78, 86, 54, 85, 63, 18, 44, 20, 49, 36, 14, 74, 50, 53, 17, 21, 28, 71, 64, 3, 23, 30, 83, 24, 41, 40, 52, 65, 27, 90, 70, 39, 87, 48, 69, 99, 4, 46, 1, 13, 58, 97, 59, 33, 8, 73, 37, 35, 79, 11, 66, 76, 32, 60, 80, 96, 6, 16, 61, 45, 7, 57, 34, 12, 67, 10, 98, 56, 88, 29, 75, 91, 38, 19, 92, 43, 84, 62, 72, 81, 25, 94, 55, 0, 89, 2, 51]|[2, 1, 2, 1, 1, 2, 1, 1, 1, 1, 1, 0, 2, 2, 1, 2, 0, 0, 0, 2, 2, 1, 0, 2, 0, 2, 2, 1, 0, 1, 1, 1, 0, 0, 1, 0, 2, 1, 2, 2, 0, 0, 1, 1, 0, 2, 0, 2, 1, 0, 0, 2, 0, 0, 2, 0, 1, 1, 0, 0, 2, 1, 0, 2, 2, 0, 2, 2, 0, 1, 2, 1, 1, 2, 0, 1, 1, 1, 1, 2, 2, 1, 1, 0, 1, 0, 1, 0, 1, 0, 1, 1, 1, 1, 2, 0, 0, 1, 2, 1]|[0, 3, 0, 3, 4, 1, 4, 4, 2, 4, 3, 2, 1, 0, 2, 1, 1, 1, 2, 1, 1, 3, 0, 1, 0, 1, 1, 4, 1, 4, 3, 2, 2, 0, 4, 1, 1, 4, 0, 1, 2, 1, 4, 4, 1, 1, 0, 2, 3, 1, 2, 1, 2, 1, 1, 2, 4, 3, 0, 2, 2, 3, 1, 0, 1, 2, 0, 1, 2, 4, 1, 3, 4, 1, 2, 4, 3, 3, 3, 1, 1, 4, 3, 2, 3, 2, 4, 2, 4, 2, 3, 4, 4, 4, 1, 2, 2, 4, 1, 3]|[0, 2, 0, 0, 3, 0, 1, 3, 0, 0, 2, 0, 1, 0, 1, 0, 0, 0, 1, 0, 0, 2, 0, 0, 1, 0, 0, 3, 0, 1, 0, 2, 0, 0, 3, 0, 1, 3, 1, 0, 0, 0, 1, 3, 0, 0, 1, 0, 2, 0, 0, 0, 0, 0, 1, 0, 1, 0, 1, 1, 0, 2, 0, 0, 0, 0, 0, 0, 0, 2, 0, 0, 1, 0, 0, 1, 0, 0, 3, 0, 0, 1, 0, 0, 0, 0, 3, 0, 2, 0, 0, 2, 1, 3, 0, 0, 0, 1, 0, 0],890.9074744783937,50971.277531283944,110823.9630860667,true
22,G1_CMAX,G1_CMAX,[31, 22, 82, 15, 26, 9, 42, 77, 12, 5, 47, 93, 78, 86, 54, 6, 63, 18, 44, 20, 35, 43, 97, 91, 76, 10, 30, 21, 45, 17, 23, 1, 71, 83, 24, 14, 60, 36, 85, 57, 40, 95, 88, 65, 56, 79, 94, 67, 68, 46, 75, 38, 58, 19, 32, 81, 41, 62, 87, 28, 90, 59, 11, 16, 72, 73, 69, 52, 37, 64, 84, 3, 25, 29, 55, 51, 7, 98, 61, 66, 99, 33, 89, 48, 50, 96, 53, 80, 4, 8, 27, 2, 39, 13, 0, 92, 49, 74, 34, 70]|[1, 1, 0, 1, 1, 1, 2, 2, 1, 2, 2, 1, 1, 1, 0, 0, 1, 0, 2, 2, 0, 1, 2, 2, 1, 2, 2, 0, 0, 1, 2, 1, 1, 0, 2, 0, 1, 1, 0, 1, 1, 1, 1, 0, 2, 1, 1, 0, 0, 0, 0, 1, 1, 2, 1, 2, 0, 0, 2, 0, 1, 2, 2, 1, 2, 1, 1, 1, 1, 1, 1, 2, 1, 0, 2, 0, 1, 2, 1, 0, 0, 2, 1, 0, 0, 2, 0, 0, 1, 1, 0, 0, 1, 0, 0, 0, 0, 2, 2, 1]|[0, 3, 1, 2, 0, 0, 1, 1, 4, 1, 1, 4, 4, 4, 2, 2, 4, 2, 1, 1, 1, 1, 2, 1, 2, 1, 1, 1, 1, 4, 0, 3, 3, 0, 1, 1, 0, 3, 2, 2, 2, 2, 0, 1, 1, 0, 4, 0, 1, 2, 2, 1, 4, 0, 3, 2, 1, 2, 1, 2, 3, 1, 1, 3, 0, 4, 4, 1, 4, 3, 1, 2, 4, 1, 1, 1, 1, 1, 3, 1, 1, 1, 1, 1, 1, 1, 2, 1, 4, 3, 2, 2, 1, 2, 2, 0, 1, 1, 1, 4]|[1, 1, 1, 1, 3, 3, 0, 0, 0, 0, 0, 2, 0, 1, 0, 0, 3, 1, 0, 0, 0, 3, 1, 0, 2, 0, 0, 0, 1, 3, 0, 0, 0, 0, 1, 0, 0, 2, 1, 1, 1, 1, 0, 0, 0, 0, 2, 1, 0, 0, 0, 1, 3, 0, 0, 1, 0, 1, 0, 1, 2, 0, 0, 2, 1, 0, 2, 1, 1, 0, 3, 1, 3, 0, 0, 0, 2, 0, 0, 0, 0, 0, 1, 0, 0, 0, 1, 0, 0, 2, 1, 0, 1, 0, 0, 1, 1, 0, 0, 2],733.3116759547878,58140.55643565909,96674.14109675489,false
22,G4_BALANCED,G4_BALANCED,[31, 22, 82, 15, 26, 58, 95, 42, 77, 12, 47, 5, 93, 78, 86, 54, 85, 63, 18, 44, 20, 35, 43, 97, 66, 76, 79, 30, 21, 45, 71, 64, 1, 23, 17, 83, 24, 14, 60, 36, 6, 57, 40, 88, 65, 56, 10, 94, 67, 68, 46, 75, 38, 9, 19, 32, 41, 81, 27, 62, 87, 90, 99, 59, 11, 16, 72, 73, 69, 39, 37, 84, 3, 92, 25, 55, 29, 28, 51, 7, 33, 61, 48, 98, 89, 8, 4, 96, 53, 80, 50, 91, 34, 2, 52, 0, 49, 70, 13, 74]|[1, 1, 0, 1, 1, 0, 1, 2, 2, 1, 2, 2, 2, 1, 1, 0, 0, 1, 0, 2, 2, 0, 1, 2, 2, 1, 2, 2, 0, 0, 1, 2, 1, 2, 1, 0, 2, 0, 1, 1, 0, 1, 1, 1, 0, 2, 2, 1, 0, 0, 0, 0, 1, 1, 2, 1, 0, 2, 0, 0, 2, 1, 0, 1, 2, 1, 2, 1, 1, 1, 1, 1, 1, 0, 1, 2, 0, 0, 0, 1, 2, 1, 0, 2, 1, 1, 1, 2, 0, 0, 0, 0, 2, 0, 1, 0, 0, 1, 0, 2]|[4, 3, 2, 2, 4, 1, 2, 2, 2, 4, 1, 1, 2, 4, 4, 1, 2, 4, 2, 1, 1, 1, 1, 2, 1, 2, 1, 1, 1, 1, 3, 1, 3, 1, 4, 0, 1, 1, 0, 3, 2, 2, 2, 0, 1, 1, 1, 4, 0, 1, 2, 2, 1, 4, 0, 3, 1, 1, 1, 2, 1, 3, 1, 1, 1, 3, 0, 4, 4, 1, 4, 1, 1, 0, 4, 1, 1, 2, 1, 1, 1, 3, 1, 1, 1, 3, 4, 1, 2, 1, 1, 1, 1, 2, 1, 2, 1, 3, 2, 1]|[0, 2, 1, 1, 3, 0, 1, 0, 0, 0, 0, 0, 1, 0, 1, 0, 0, 3, 1, 0, 0, 0, 3, 1, 0, 2, 0, 0, 0, 0, 0, 0, 0, 0, 3, 0, 1, 0, 0, 2, 1, 1, 1, 0, 0, 0, 0, 2, 1, 0, 0, 0, 1, 3, 0, 0, 0, 0, 0, 1, 0, 2, 0, 1, 0, 2, 1, 0, 2, 1, 1, 3, 1, 1, 3, 0, 0, 1, 0, 2, 0, 0, 0, 0, 1, 2, 0, 0, 1, 0, 0, 0, 0, 0, 1, 0, 1, 0, 0, 0],777.436160111927,55378.96358309585,98756.68483674081,false
22,G2_TEC,G2_TEC,[31, 22, 82, 15, 26, 9, 95, 42, 77, 68, 47, 5, 93, 78, 86, 54, 85, 63, 18, 44, 20, 49, 36, 14, 74, 50, 53, 17, 21, 28, 11, 64, 3, 23, 30, 83, 24, 41, 40, 52, 65, 27, 90, 70, 39, 87, 48, 69, 99, 4, 46, 1, 13, 58, 97, 59, 45, 8, 73, 37, 35, 79, 71, 66, 76, 32, 60, 80, 96, 6, 16, 61, 33, 7, 57, 34, 12, 67, 10, 98, 56, 88, 29, 75, 91, 38, 19, 92, 43, 84, 51, 72, 81, 25, 2, 55, 62, 89, 94, 0]|[2, 1, 2, 1, 1, 2, 1, 1, 1, 1, 1, 0, 2, 2, 1, 2, 0, 0, 0, 2, 2, 1, 0, 2, 0, 2, 2, 1, 0, 1, 1, 1, 0, 0, 1, 0, 2, 1, 2, 2, 0, 0, 1, 1, 0, 2, 0, 2, 1, 0, 0, 2, 0, 0, 2, 0, 1, 1, 0, 0, 2, 1, 1, 2, 2, 0, 2, 2, 0, 1, 2, 1, 1, 2, 0, 1, 1, 1, 1, 2, 2, 1, 1, 0, 1, 0, 1, 0, 1, 0, 1, 1, 1, 1, 2, 0, 1, 1, 2, 0]|[0, 3, 0, 3, 4, 1, 4, 4, 2, 4, 3, 2, 1, 0, 2, 1, 1, 1, 2, 1, 1, 3, 0, 1, 0, 1, 1, 4, 1, 4, 3, 2, 2, 0, 4, 1, 1, 4, 0, 1, 2, 1, 4, 4, 1, 1, 0, 2, 3, 2, 2, 1, 2, 1, 1, 2, 4, 3, 0, 2, 2, 3, 3, 0, 1, 2, 0, 1, 2, 4, 1, 3, 4, 1, 2, 4, 3, 3, 3, 1, 1, 4, 3, 2, 3, 2, 4, 2, 4, 2, 3, 4, 4, 4, 1, 2, 3, 4, 1, 2]|[0, 2, 0, 0, 3, 0, 1, 3, 0, 0, 2, 0, 1, 0, 1, 0, 0, 0, 1, 0, 0, 2, 0, 0, 1, 0, 0, 3, 0, 1, 0, 2, 0, 0, 3, 0, 1, 3, 0, 0, 0, 0, 1, 3, 0, 0, 1, 0, 2, 0, 0, 0, 0, 0, 1, 0, 1, 0, 1, 1, 0, 2, 0, 0, 0, 0, 0, 0, 0, 2, 0, 0, 1, 0, 0, 1, 0, 0, 3, 0, 0, 1, 0, 0, 0, 0, 1, 0, 2, 0, 0, 2, 1, 3, 0, 0, 0, 1, 0, 0],896.1029292898813,50428.13444364295,114595.46915086164,false
22,G3_TWC,G3_TWC,[31, 22, 82, 15, 26, 9, 95, 42, 77, 12, 47, 5, 93, 78, 86, 54, 85, 63, 18, 44, 20, 35, 43, 97, 91, 76, 10, 30, 21, 45, 71, 64, 1, 23, 17, 83, 24, 14, 60, 36, 6, 57, 40, 88, 65, 56, 79, 94, 67, 68, 46, 75, 38, 58, 19, 32, 81, 41, 27, 62, 87, 90, 99, 59, 11, 16, 72, 73, 69, 39, 37, 84, 3, 92, 25, 55, 28, 29, 51, 7, 66, 61, 98, 48, 89, 50, 4, 96, 53, 80, 8, 33, 34, 2, 52, 13, 0, 70, 74, 49]|[1, 1, 0, 1, 1, 1, 1, 2, 2, 1, 2, 2, 2, 1, 1, 0, 0, 1, 0, 2, 2, 0, 1, 2, 0, 1, 2, 2, 0, 0, 1, 2, 1, 2, 1, 0, 2, 0, 1, 1, 0, 1, 1, 1, 0, 2, 1, 1, 0, 0, 0, 0, 1, 1, 2, 1, 2, 0, 0, 0, 2, 1, 0, 1, 2, 1, 2, 1, 1, 1, 1, 1, 1, 0, 1, 1, 0, 0, 0, 1, 2, 1, 2, 0, 1, 0, 0, 0, 0, 0, 1, 2, 2, 0, 1, 0, 0, 1, 2, 0]|[4, 3, 2, 2, 0, 0, 2, 2, 2, 4, 1, 1, 2, 4, 4, 1, 2, 4, 2, 1, 1, 1, 1, 2, 1, 2, 1, 1, 1, 1, 3, 2, 3, 0, 4, 0, 1, 1, 0, 3, 2, 2, 2, 0, 1, 1, 0, 4, 0, 1, 2, 2, 1, 4, 0, 3, 2, 1, 1, 2, 1, 3, 1, 1, 1, 3, 0, 4, 3, 1, 4, 1, 1, 0, 4, 4, 2, 1, 1, 3, 1, 3, 1, 1, 1, 1, 2, 1, 2, 1, 3, 1, 1, 2, 1, 2, 2, 4, 1, 1]|[0, 2, 1, 1, 3, 3, 1, 0, 0, 0, 0, 0, 1, 0, 1, 0, 0, 3, 1, 0, 0, 0, 3, 1, 0, 2, 0, 0, 0, 1, 0, 0, 0, 0, 3, 0, 1, 0, 0, 2, 1, 1, 1, 0, 0, 0, 0, 2, 1, 0, 0, 0, 1, 3, 0, 0, 1, 0, 0, 1, 0, 2, 0, 1, 0, 2, 1, 0, 0, 1, 1, 3, 1, 1, 3, 3, 1, 0, 0, 2, 0, 0, 0, 0, 1, 0, 1, 0, 1, 0, 2, 0, 0, 0, 1, 0, 0, 2, 0, 1],795.9209522169074,58176.61051743866,90980.22022110094,false
22,G1_CMAX,G1_CMAX,[31, 22, 82, 15, 26, 9, 42, 77, 12, 5, 47, 93, 78, 86, 54, 6, 63, 18, 44, 20, 35, 43, 97, 91, 76, 10, 30, 21, 45, 17, 23, 1, 71, 83, 24, 14, 60, 36, 85, 57, 40, 95, 88, 65, 56, 79, 94, 67, 68, 46, 75, 38, 58, 19, 32, 81, 41, 62, 87, 28, 90, 59, 11, 16, 72, 73, 69, 52, 37, 64, 84, 3, 25, 29, 55, 51, 7, 98, 61, 66, 99, 33, 89, 48, 50, 96, 53, 80, 4, 8, 27, 2, 39, 13, 0, 92, 49, 74, 34, 70]|[1, 1, 0, 1, 1, 1, 2, 2, 1, 2, 2, 1, 1, 1, 0, 0, 1, 0, 2, 2, 0, 1, 2, 2, 1, 2, 2, 0, 0, 1, 2, 1, 1, 0, 2, 0, 1, 1, 0, 1, 1, 1, 1, 0, 2, 1, 1, 0, 0, 0, 0, 1, 1, 2, 1, 2, 0, 0, 2, 0, 1, 2, 2, 1, 2, 1, 1, 1, 1, 1, 1, 2, 1, 0, 2, 0, 1, 2, 1, 0, 0, 2, 1, 0, 0, 2, 0, 0, 1, 1, 0, 0, 1, 0, 0, 0, 0, 2, 2, 1]|[0, 3, 1, 2, 0, 0, 1, 1, 4, 1, 1, 4, 4, 4, 2, 2, 4, 2, 1, 1, 1, 1, 2, 1, 2, 1, 1, 1, 1, 4, 0, 3, 3, 0, 1, 1, 0, 3, 2, 2, 2, 2, 0, 1, 1, 0, 4, 0, 1, 2, 2, 1, 4, 0, 3, 2, 1, 2, 1, 2, 3, 1, 1, 3, 0, 4, 4, 1, 4, 3, 1, 2, 4, 1, 1, 1, 1, 1, 3, 1, 1, 1, 1, 1, 1, 1, 2, 1, 4, 3, 2, 2, 1, 2, 2, 0, 1, 1, 1, 4]|[1, 1, 1, 1, 3, 3, 0, 0, 0, 0, 0, 2, 0, 1, 0, 0, 3, 1, 0, 0, 0, 3, 1, 0, 2, 0, 0, 0, 1, 3, 0, 0, 0, 0, 1, 0, 0, 2, 1, 1, 1, 1, 0, 0, 0, 0, 2, 1, 0, 0, 0, 1, 3, 0, 0, 1, 0, 1, 0, 1, 2, 0, 0, 2, 1, 0, 2, 1, 1, 0, 3, 1, 3, 0, 0, 0, 2, 0, 0, 0, 0, 0, 1, 0, 0, 0, 1, 0, 0, 2, 1, 0, 1, 0, 0, 1, 1, 0, 0, 2],733.3116759547878,58140.55643565909,96674.14109675489,false
22,G4_BALANCED,G4_BALANCED,[31, 22, 82, 15, 26, 58, 95, 42, 77, 12, 47, 5, 93, 78, 86, 54, 85, 63, 18, 44, 20, 35, 43, 97, 66, 76, 79, 30, 21, 45, 71, 64, 1, 23, 17, 83, 24, 14, 60, 36, 6, 57, 40, 88, 65, 56, 10, 94, 67, 68, 46, 75, 38, 9, 19, 32, 41, 81, 27, 62, 87, 90, 99, 59, 11, 16, 72, 73, 69, 39, 37, 84, 3, 92, 25, 55, 29, 28, 51, 7, 33, 61, 48, 98, 89, 8, 4, 96, 53, 80, 50, 91, 34, 2, 52, 0, 49, 70, 13, 74]|[1, 1, 0, 1, 1, 0, 1, 2, 2, 1, 2, 2, 2, 1, 1, 0, 0, 1, 0, 2, 2, 0, 1, 2, 2, 1, 2, 2, 0, 0, 1, 2, 1, 2, 1, 0, 2, 0, 1, 1, 0, 1, 1, 1, 0, 2, 2, 1, 0, 0, 0, 0, 1, 1, 2, 1, 0, 2, 0, 0, 2, 1, 0, 1, 2, 1, 2, 1, 1, 1, 1, 1, 1, 0, 1, 2, 0, 0, 0, 1, 2, 1, 0, 2, 1, 1, 1, 2, 0, 0, 0, 0, 2, 0, 1, 0, 0, 1, 0, 2]|[4, 3, 2, 2, 4, 1, 2, 2, 2, 4, 1, 1, 2, 4, 4, 1, 2, 4, 2, 1, 1, 1, 1, 2, 1, 2, 1, 1, 1, 1, 3, 1, 3, 1, 4, 0, 1, 1, 0, 3, 2, 2, 2, 0, 1, 1, 1, 4, 0, 1, 2, 2, 1, 4, 0, 3, 1, 1, 1, 2, 1, 3, 1, 1, 1, 3, 0, 4, 4, 1, 4, 1, 1, 0, 4, 1, 1, 2, 1, 1, 1, 3, 1, 1, 1, 3, 4, 1, 2, 1, 1, 1, 1, 2, 1, 2, 1, 3, 2, 1]|[0, 2, 1, 1, 3, 0, 1, 0, 0, 0, 0, 0, 1, 0, 1, 0, 0, 3, 1, 0, 0, 0, 3, 1, 0, 2, 0, 0, 0, 0, 0, 0, 0, 0, 3, 0, 1, 0, 0, 2, 1, 1, 1, 0, 0, 0, 0, 2, 1, 0, 0, 0, 1, 3, 0, 0, 0, 0, 0, 1, 0, 2, 0, 1, 0, 2, 1, 0, 2, 1, 1, 3, 1, 1, 3, 0, 0, 1, 0, 2, 0, 0, 0, 0, 1, 2, 0, 0, 1, 0, 0, 0, 0, 0, 1, 0, 1, 0, 0, 0],777.436160111927,55378.96358309585,98756.68483674081,false
22,G2_TEC,G2_TEC,[31, 22, 82, 15, 26, 9, 95, 42, 77, 68, 47, 5, 93, 78, 86, 54, 85, 63, 18, 44, 20, 49, 36, 14, 74, 50, 53, 17, 21, 28, 11, 64, 3, 23, 30, 83, 24, 41, 40, 52, 65, 27, 90, 70, 39, 87, 48, 69, 99, 4, 46, 1, 13, 58, 97, 59, 45, 8, 73, 37, 35, 79, 71, 66, 76, 32, 60, 80, 96, 6, 16, 61, 33, 7, 57, 34, 12, 67, 10, 98, 56, 88, 29, 75, 91, 38, 19, 92, 43, 84, 51, 72, 81, 25, 2, 55, 62, 89, 94, 0]|[2, 1, 2, 1, 1, 2, 1, 1, 1, 1, 1, 0, 2, 2, 1, 2, 0, 0, 0, 2, 2, 1, 0, 2, 0, 2, 2, 1, 0, 1, 1, 1, 0, 0, 1, 0, 2, 1, 2, 2, 0, 0, 1, 1, 0, 2, 0, 2, 1, 0, 0, 2, 0, 0, 2, 0, 1, 1, 0, 0, 2, 1, 1, 2, 2, 0, 2, 2, 0, 1, 2, 1, 1, 2, 0, 1, 1, 1, 1, 2, 2, 1, 1, 0, 1, 0, 1, 0, 1, 0, 1, 1, 1, 1, 2, 0, 1, 1, 2, 0]|[0, 3, 0, 3, 4, 1, 4, 4, 2, 4, 3, 2, 1, 0, 2, 1, 1, 1, 2, 1, 1, 3, 0, 1, 0, 1, 1, 4, 1, 4, 3, 2, 2, 0, 4, 1, 1, 4, 0, 1, 2, 1, 4, 4, 1, 1, 0, 2, 3, 2, 2, 1, 2, 1, 1, 2, 4, 3, 0, 2, 2, 3, 3, 0, 1, 2, 0, 1, 2, 4, 1, 3, 4, 1, 2, 4, 3, 3, 3, 1, 1, 4, 3, 2, 3, 2, 4, 2, 4, 2, 3, 4, 4, 4, 1, 2, 3, 4, 1, 2]|[0, 2, 0, 0, 3, 0, 1, 3, 0, 0, 2, 0, 1, 0, 1, 0, 0, 0, 1, 0, 0, 2, 0, 0, 1, 0, 0, 3, 0, 1, 0, 2, 0, 0, 3, 0, 1, 3, 0, 0, 0, 0, 1, 3, 0, 0, 1, 0, 2, 0, 0, 0, 0, 0, 1, 0, 1, 0, 1, 1, 0, 2, 0, 0, 0, 0, 0, 0, 0, 2, 0, 0, 1, 0, 0, 1, 0, 0, 3, 0, 0, 1, 0, 0, 0, 0, 1, 0, 2, 0, 0, 2, 1, 3, 0, 0, 0, 1, 0, 0],896.1029292898813,50428.13444364295,114595.46915086164,false
22,G3_TWC,G3_TWC,[31, 22, 82, 15, 26, 9, 95, 42, 77, 12, 47, 5, 93, 78, 86, 54, 85, 63, 18, 44, 20, 35, 43, 97, 91, 76, 10, 30, 21, 45, 71, 64, 1, 23, 17, 83, 24, 14, 60, 36, 6, 57, 40, 88, 65, 56, 79, 94, 67, 68, 46, 75, 38, 58, 19, 32, 81, 41, 27, 62, 87, 90, 99, 59, 11, 16, 72, 73, 69, 39, 37, 84, 3, 92, 25, 55, 28, 29, 51, 7, 66, 61, 98, 48, 89, 50, 4, 96, 53, 80, 8, 33, 34, 2, 52, 13, 0, 70, 74, 49]|[1, 1, 0, 1, 1, 1, 1, 2, 2, 1, 2, 2, 2, 1, 1, 0, 0, 1, 0, 2, 2, 0, 1, 2, 0, 1, 2, 2, 0, 0, 1, 2, 1, 2, 1, 0, 2, 0, 1, 1, 0, 1, 1, 1, 0, 2, 1, 1, 0, 0, 0, 0, 1, 1, 2, 1, 2, 0, 0, 0, 2, 1, 0, 1, 2, 1, 2, 1, 1, 1, 1, 1, 1, 0, 1, 1, 0, 0, 0, 1, 2, 1, 2, 0, 1, 0, 0, 0, 0, 0, 1, 2, 2, 0, 1, 0, 0, 1, 2, 0]|[4, 3, 2, 2, 0, 0, 2, 2, 2, 4, 1, 1, 2, 4, 4, 1, 2, 4, 2, 1, 1, 1, 1, 2, 1, 2, 1, 1, 1, 1, 3, 2, 3, 0, 4, 0, 1, 1, 0, 3, 2, 2, 2, 0, 1, 1, 0, 4, 0, 1, 2, 2, 1, 4, 0, 3, 2, 1, 1, 2, 1, 3, 1, 1, 1, 3, 0, 4, 3, 1, 4, 1, 1, 0, 4, 4, 2, 1, 1, 3, 1, 3, 1, 1, 1, 1, 2, 1, 2, 1, 3, 1, 1, 2, 1, 2, 2, 4, 1, 1]|[0, 2, 1, 1, 3, 3, 1, 0, 0, 0, 0, 0, 1, 0, 1, 0, 0, 3, 1, 0, 0, 0, 3, 1, 0, 2, 0, 0, 0, 1, 0, 0, 0, 0, 3, 0, 1, 0, 0, 2, 1, 1, 1, 0, 0, 0, 0, 2, 1, 0, 0, 0, 1, 3, 0, 0, 1, 0, 0, 1, 0, 2, 0, 1, 0, 2, 1, 0, 0, 1, 1, 3, 1, 1, 3, 3, 1, 0, 0, 2, 0, 0, 0, 0, 1, 0, 1, 0, 1, 0, 2, 0, 0, 0, 1, 0, 0, 2, 0, 1],795.9209522169074,58176.61051743866,90980.22022110094,false
22,G1_CMAX,G1_CMAX,[31, 22, 82, 15, 26, 9, 42, 77, 12, 5, 47, 93, 78, 86, 54, 6, 63, 18, 44, 20, 35, 43, 97, 91, 76, 10, 30, 21, 45, 17, 23, 1, 71, 83, 24, 14, 60, 36, 85, 57, 40, 95, 88, 65, 56, 79, 94, 67, 68, 46, 75, 38, 58, 19, 32, 81, 41, 62, 87, 28, 90, 59, 11, 16, 72, 73, 69, 52, 37, 64, 84, 3, 25, 29, 55, 51, 7, 98, 61, 66, 99, 33, 89, 48, 50, 96, 53, 80, 4, 8, 27, 2, 39, 13, 0, 92, 49, 74, 34, 70]|[1, 1, 0, 1, 1, 1, 2, 2, 1, 2, 2, 1, 1, 1, 0, 0, 1, 0, 2, 2, 0, 1, 2, 2, 1, 2, 2, 0, 0, 1, 2, 1, 1, 0, 2, 0, 1, 1, 0, 1, 1, 1, 1, 0, 2, 1, 1, 0, 0, 0, 0, 1, 1, 2, 1, 2, 0, 0, 2, 0, 1, 2, 2, 1, 2, 1, 1, 1, 1, 1, 1, 2, 1, 0, 2, 0, 1, 2, 1, 0, 0, 2, 1, 0, 0, 2, 0, 0, 1, 1, 0, 0, 1, 0, 0, 0, 0, 2, 2, 1]|[0, 3, 1, 2, 0, 0, 1, 1, 4, 1, 1, 4, 4, 4, 2, 2, 4, 2, 1, 1, 1, 1, 2, 1, 2, 1, 1, 1, 1, 4, 0, 3, 3, 0, 1, 1, 0, 3, 2, 2, 2, 2, 0, 1, 1, 0, 4, 0, 1, 2, 2, 1, 4, 0, 3, 2, 1, 2, 1, 2, 3, 1, 1, 3, 0, 4, 4, 1, 4, 3, 1, 2, 4, 1, 1, 1, 1, 1, 3, 1, 1, 1, 1, 1, 1, 1, 2, 1, 4, 3, 2, 2, 1, 2, 2, 0, 1, 1, 1, 4]|[1, 1, 1, 1, 3, 3, 0, 0, 0, 0, 0, 2, 0, 1, 0, 0, 3, 1, 0, 0, 0, 3, 1, 0, 2, 0, 0, 0, 1, 3, 0, 0, 0, 0, 1, 0, 0, 2, 1, 1, 1, 1, 0, 0, 0, 0, 2, 1, 0, 0, 0, 1, 3, 0, 0, 1, 0, 1, 0, 1, 2, 0, 0, 2, 1, 0, 2, 1, 1, 0, 3, 1, 3, 0, 0, 0, 2, 0, 0, 0, 0, 0, 1, 0, 0, 0, 1, 0, 0, 2, 1, 0, 1, 0, 0, 1, 1, 0, 0, 2],733.3116759547878,58140.55643565909,96674.14109675489,false
22,G4_BALANCED,G4_BALANCED,[31, 22, 82, 15, 26, 58, 95, 42, 77, 12, 47, 5, 93, 78, 86, 54, 85, 63, 18, 44, 20, 35, 43, 97, 66, 76, 79, 30, 21, 45, 71, 64, 1, 23, 17, 83, 24, 14, 60, 36, 6, 57, 40, 88, 65, 56, 10, 94, 67, 68, 46, 75, 38, 9, 19, 32, 41, 81, 27, 62, 87, 90, 99, 59, 11, 16, 72, 73, 69, 39, 37, 84, 3, 92, 25, 55, 29, 28, 51, 7, 33, 61, 48, 98, 89, 8, 4, 96, 53, 80, 50, 91, 34, 2, 52, 0, 49, 70, 13, 74]|[1, 1, 0, 1, 1, 0, 1, 2, 2, 1, 2, 2, 2, 1, 1, 0, 0, 1, 0, 2, 2, 0, 1, 2, 2, 1, 2, 2, 0, 0, 1, 2, 1, 2, 1, 0, 2, 0, 1, 1, 0, 1, 1, 1, 0, 2, 2, 1, 0, 0, 0, 0, 1, 1, 2, 1, 0, 2, 0, 0, 2, 1, 0, 1, 2, 1, 2, 1, 1, 1, 1, 1, 1, 0, 1, 2, 0, 0, 0, 1, 2, 1, 0, 2, 1, 1, 1, 2, 0, 0, 0, 0, 2, 0, 1, 0, 0, 1, 0, 2]|[4, 3, 2, 2, 4, 1, 2, 2, 2, 4, 1, 1, 2, 4, 4, 1, 2, 4, 2, 1, 1, 1, 1, 2, 1, 2, 1, 1, 1, 1, 3, 1, 3, 1, 4, 0, 1, 1, 0, 3, 2, 2, 2, 0, 1, 1, 1, 4, 0, 1, 2, 2, 1, 4, 0, 3, 1, 1, 1, 2, 1, 3, 1, 1, 1, 3, 0, 4, 4, 1, 4, 1, 1, 0, 4, 1, 1, 2, 1, 1, 1, 3, 1, 1, 1, 3, 4, 1, 2, 1, 1, 1, 1, 2, 1, 2, 1, 3, 2, 1]|[0, 2, 1, 1, 3, 0, 1, 0, 0, 0, 0, 0, 1, 0, 1, 0, 0, 3, 1, 0, 0, 0, 3, 1, 0, 2, 0, 0, 0, 0, 0, 0, 0, 0, 3, 0, 1, 0, 0, 2, 1, 1, 1, 0, 0, 0, 0, 2, 1, 0, 0, 0, 1, 3, 0, 0, 0, 0, 0, 1, 0, 2, 0, 1, 0, 2, 1, 0, 2, 1, 1, 3, 1, 1, 3, 0, 0, 1, 0, 2, 0, 0, 0, 0, 1, 2, 0, 0, 1, 0, 0, 0, 0, 0, 1, 0, 1, 0, 0, 0],777.436160111927,55378.96358309585,98756.68483674081,false
22,G2_TEC,G2_TEC,[31, 22, 82, 15, 26, 9, 95, 42, 77, 68, 47, 5, 93, 78, 86, 54, 85, 63, 18, 44, 20, 49, 36, 14, 74, 50, 53, 17, 21, 28, 11, 64, 3, 23, 30, 83, 24, 41, 40, 52, 65, 27, 90, 70, 39, 87, 48, 69, 99, 4, 46, 1, 13, 58, 97, 59, 45, 8, 73, 37, 35, 79, 71, 66, 76, 32, 60, 80, 96, 6, 16, 61, 33, 7, 57, 34, 12, 67, 10, 98, 56, 88, 29, 75, 91, 38, 19, 92, 43, 84, 51, 72, 81, 25, 2, 55, 62, 89, 94, 0]|[2, 1, 2, 1, 1, 2, 1, 1, 1, 1, 1, 0, 2, 2, 1, 2, 0, 0, 0, 2, 2, 1, 0, 2, 0, 2, 2, 1, 0, 1, 1, 1, 0, 0, 1, 0, 2, 1, 2, 2, 0, 0, 1, 1, 0, 2, 0, 2, 1, 0, 0, 2, 0, 0, 2, 0, 1, 1, 0, 0, 2, 1, 1, 2, 2, 0, 2, 2, 0, 1, 2, 1, 1, 2, 0, 1, 1, 1, 1, 2, 2, 1, 1, 0, 1, 0, 1, 0, 1, 0, 1, 1, 1, 1, 2, 0, 1, 1, 2, 0]|[0, 3, 0, 3, 4, 1, 4, 4, 2, 4, 3, 2, 1, 0, 2, 1, 1, 1, 2, 1, 1, 3, 0, 1, 0, 1, 1, 4, 1, 4, 3, 2, 2, 0, 4, 1, 1, 4, 0, 1, 2, 1, 4, 4, 1, 1, 0, 2, 3, 2, 2, 1, 2, 1, 1, 2, 4, 3, 0, 2, 2, 3, 3, 0, 1, 2, 0, 1, 2, 4, 1, 3, 4, 1, 2, 4, 3, 3, 3, 1, 1, 4, 3, 2, 3, 2, 4, 2, 4, 2, 3, 4, 4, 4, 1, 2, 3, 4, 1, 2]|[0, 2, 0, 0, 3, 0, 1, 3, 0, 0, 2, 0, 1, 0, 1, 0, 0, 0, 1, 0, 0, 2, 0, 0, 1, 0, 0, 3, 0, 1, 0, 2, 0, 0, 3, 0, 1, 3, 0, 0, 0, 0, 1, 3, 0, 0, 1, 0, 2, 0, 0, 0, 0, 0, 1, 0, 1, 0, 1, 1, 0, 2, 0, 0, 0, 0, 0, 0, 0, 2, 0, 0, 1, 0, 0, 1, 0, 0, 3, 0, 0, 1, 0, 0, 0, 0, 1, 0, 2, 0, 0, 2, 1, 3, 0, 0, 0, 1, 0, 0],896.1029292898813,50428.13444364295,114595.46915086164,false
22,G3_TWC,G3_TWC,[31, 22, 82, 15, 26, 9, 95, 42, 77, 12, 47, 5, 93, 78, 86, 54, 85, 63, 18, 44, 20, 35, 43, 97, 91, 76, 10, 30, 21, 45, 71, 64, 1, 23, 17, 83, 24, 14, 60, 36, 6, 57, 40, 88, 65, 56, 79, 94, 67, 68, 46, 75, 38, 58, 19, 32, 81, 41, 27, 62, 87, 90, 99, 59, 11, 16, 72, 73, 69, 39, 37, 84, 3, 92, 25, 55, 28, 29, 51, 7, 66, 61, 98, 48, 89, 50, 4, 96, 53, 80, 8, 33, 34, 2, 52, 13, 0, 70, 74, 49]|[1, 1, 0, 1, 1, 1, 1, 2, 2, 1, 2, 2, 2, 1, 1, 0, 0, 1, 0, 2, 2, 0, 1, 2, 0, 1, 2, 2, 0, 0, 1, 2, 1, 2, 1, 0, 2, 0, 1, 1, 0, 1, 1, 1, 0, 2, 1, 1, 0, 0, 0, 0, 1, 1, 2, 1, 2, 0, 0, 0, 2, 1, 0, 1, 2, 1, 2, 1, 1, 1, 1, 1, 1, 0, 1, 1, 0, 0, 0, 1, 2, 1, 2, 0, 1, 0, 0, 0, 0, 0, 1, 2, 2, 0, 1, 0, 0, 1, 2, 0]|[4, 3, 2, 2, 0, 0, 2, 2, 2, 4, 1, 1, 2, 4, 4, 1, 2, 4, 2, 1, 1, 1, 1, 2, 1, 2, 1, 1, 1, 1, 3, 2, 3, 0, 4, 0, 1, 1, 0, 3, 2, 2, 2, 0, 1, 1, 0, 4, 0, 1, 2, 2, 1, 4, 0, 3, 2, 1, 1, 2, 1, 3, 1, 1, 1, 3, 0, 4, 3, 1, 4, 1, 1, 0, 4, 4, 2, 1, 1, 3, 1, 3, 1, 1, 1, 1, 2, 1, 2, 1, 3, 1, 1, 2, 1, 2, 2, 4, 1, 1]|[0, 2, 1, 1, 3, 3, 1, 0, 0, 0, 0, 0, 1, 0, 1, 0, 0, 3, 1, 0, 0, 0, 3, 1, 0, 2, 0, 0, 0, 1, 0, 0, 0, 0, 3, 0, 1, 0, 0, 2, 1, 1, 1, 0, 0, 0, 0, 2, 1, 0, 0, 0, 1, 3, 0, 0, 1, 0, 0, 1, 0, 2, 0, 1, 0, 2, 1, 0, 0, 1, 1, 3, 1, 1, 3, 3, 1, 0, 0, 2, 0, 0, 0, 0, 1, 0, 1, 0, 1, 0, 2, 0, 0, 0, 1, 0, 0, 2, 0, 1],795.9209522169074,58176.61051743866,90980.22022110094,false
22,G1_CMAX,G1_CMAX,[31, 22, 82, 15, 26, 9, 42, 77, 12, 5, 47, 93, 78, 86, 54, 6, 63, 18, 44, 20, 35, 43, 97, 91, 76, 10, 30, 21, 45, 17, 23, 1, 71, 83, 24, 14, 60, 36, 85, 57, 40, 95, 88, 65, 56, 79, 94, 67, 68, 46, 75, 38, 58, 19, 32, 81, 41, 62, 87, 28, 90, 59, 11, 16, 72, 73, 69, 52, 37, 64, 84, 3, 25, 29, 55, 51, 7, 98, 61, 66, 99, 33, 89, 48, 50, 96, 53, 80, 4, 8, 27, 2, 39, 13, 0, 92, 49, 74, 34, 70]|[1, 1, 0, 1, 1, 1, 2, 2, 1, 2, 2, 1, 1, 1, 0, 0, 1, 0, 2, 2, 0, 1, 2, 2, 1, 2, 2, 0, 0, 1, 2, 1, 1, 0, 2, 0, 1, 1, 0, 1, 1, 1, 1, 0, 2, 1, 1, 0, 0, 0, 0, 1, 1, 2, 1, 2, 0, 0, 2, 0, 1, 2, 2, 1, 2, 1, 1, 1, 1, 1, 1, 2, 1, 0, 2, 0, 1, 2, 1, 0, 0, 2, 1, 0, 0, 2, 0, 0, 1, 1, 0, 0, 1, 0, 0, 0, 0, 2, 2, 1]|[0, 3, 1, 2, 0, 0, 1, 1, 4, 1, 1, 4, 4, 4, 2, 2, 4, 2, 1, 1, 1, 1, 2, 1, 2, 1, 1, 1, 1, 4, 0, 3, 3, 0, 1, 1, 0, 3, 2, 2, 2, 2, 0, 1, 1, 0, 4, 0, 1, 2, 2, 1, 4, 0, 3, 2, 1, 2, 1, 2, 3, 1, 1, 3, 0, 4, 4, 1, 4, 3, 1, 2, 4, 1, 1, 1, 1, 1, 3, 1, 1, 1, 1, 1, 1, 1, 2, 1, 4, 3, 2, 2, 1, 2, 2, 0, 1, 1, 1, 4]|[1, 1, 1, 1, 3, 3, 0, 0, 0, 0, 0, 2, 0, 1, 0, 0, 3, 1, 0, 0, 0, 3, 1, 0, 2, 0, 0, 0, 1, 3, 0, 0, 0, 0, 1, 0, 0, 2, 1, 1, 1, 1, 0, 0, 0, 0, 2, 1, 0, 0, 0, 1, 3, 0, 0, 1, 0, 1, 0, 1, 2, 0, 0, 2, 1, 0, 2, 1, 1, 0, 3, 1, 3, 0, 0, 0, 2, 0, 0, 0, 0, 0, 1, 0, 0, 0, 1, 0, 0, 2, 1, 0, 1, 0, 0, 1, 1, 0, 0, 2],733.3116759547878,58140.55643565909,96674.14109675489,false
22,G4_BALANCED,G4_BALANCED,[31, 22, 82, 15, 26, 58, 95, 42, 77, 12, 47, 5, 93, 78, 86, 54, 85, 63, 18, 44, 20, 35, 43, 97, 66, 76, 79, 30, 21, 45, 71, 64, 1, 23, 17, 83, 24, 14, 60, 36, 6, 57, 40, 88, 65, 56, 10, 94, 67, 68, 46, 75, 38, 9, 19, 32, 41, 81, 27, 62, 87, 90, 99, 59, 11, 16, 72, 73, 69, 39, 37, 84, 3, 92, 25, 55, 29, 28, 51, 7, 33, 61, 48, 98, 89, 8, 4, 96, 53, 80, 50, 91, 34, 2, 52, 0, 49, 70, 13, 74]|[1, 1, 0, 1, 1, 0, 1, 2, 2, 1, 2, 2, 2, 1, 1, 0, 0, 1, 0, 2, 2, 0, 1, 2, 2, 1, 2, 2, 0, 0, 1, 2, 1, 2, 1, 0, 2, 0, 1, 1, 0, 1, 1, 1, 0, 2, 2, 1, 0, 0, 0, 0, 1, 1, 2, 1, 0, 2, 0, 0, 2, 1, 0, 1, 2, 1, 2, 1, 1, 1, 1, 1, 1, 0, 1, 2, 0, 0, 0, 1, 2, 1, 0, 2, 1, 1, 1, 2, 0, 0, 0, 0, 2, 0, 1, 0, 0, 1, 0, 2]|[4, 3, 2, 2, 4, 1, 2, 2, 2, 4, 1, 1, 2, 4, 4, 1, 2, 4, 2, 1, 1, 1, 1, 2, 1, 2, 1, 1, 1, 1, 3, 1, 3, 1, 4, 0, 1, 1, 0, 3, 2, 2, 2, 0, 1, 1, 1, 4, 0, 1, 2, 2, 1, 4, 0, 3, 1, 1, 1, 2, 1, 3, 1, 1, 1, 3, 0, 4, 4, 1, 4, 1, 1, 0, 4, 1, 1, 2, 1, 1, 1, 3, 1, 1, 1, 3, 4, 1, 2, 1, 1, 1, 1, 2, 1, 2, 1, 3, 2, 1]|[0, 2, 1, 1, 3, 0, 1, 0, 0, 0, 0, 0, 1, 0, 1, 0, 0, 3, 1, 0, 0, 0, 3, 1, 0, 2, 0, 0, 0, 0, 0, 0, 0, 0, 3, 0, 1, 0, 0, 2, 1, 1, 1, 0, 0, 0, 0, 2, 1, 0, 0, 0, 1, 3, 0, 0, 0, 0, 0, 1, 0, 2, 0, 1, 0, 2, 1, 0, 2, 1, 1, 3, 1, 1, 3, 0, 0, 1, 0, 2, 0, 0, 0, 0, 1, 2, 0, 0, 1, 0, 0, 0, 0, 0, 1, 0, 1, 0, 0, 0],777.436160111927,55378.96358309585,98756.68483674081,false
22,G2_TEC,G2_TEC,[31, 22, 82, 15, 26, 9, 95, 42, 77, 68, 47, 5, 93, 78, 86, 54, 85, 63, 18, 44, 20, 49, 36, 14, 74, 50, 53, 17, 21, 28, 11, 64, 3, 23, 30, 83, 24, 41, 40, 52, 65, 27, 90, 70, 39, 87, 48, 69, 99, 4, 46, 1, 13, 58, 97, 59, 45, 8, 73, 37, 35, 79, 71, 66, 76, 32, 60, 80, 96, 6, 16, 61, 33, 7, 57, 34, 12, 67, 10, 98, 56, 88, 29, 75, 91, 38, 19, 92, 43, 84, 51, 72, 81, 25, 2, 55, 62, 89, 94, 0]|[2, 1, 2, 1, 1, 2, 1, 1, 1, 1, 1, 0, 2, 2, 1, 2, 0, 0, 0, 2, 2, 1, 0, 2, 0, 2, 2, 1, 0, 1, 1, 1, 0, 0, 1, 0, 2, 1, 2, 2, 0, 0, 1, 1, 0, 2, 0, 2, 1, 0, 0, 2, 0, 0, 2, 0, 1, 1, 0, 0, 2, 1, 1, 2, 2, 0, 2, 2, 0, 1, 2, 1, 1, 2, 0, 1, 1, 1, 1, 2, 2, 1, 1, 0, 1, 0, 1, 0, 1, 0, 1, 1, 1, 1, 2, 0, 1, 1, 2, 0]|[0, 3, 0, 3, 4, 1, 4, 4, 2, 4, 3, 2, 1, 0, 2, 1, 1, 1, 2, 1, 1, 3, 0, 1, 0, 1, 1, 4, 1, 4, 3, 2, 2, 0, 4, 1, 1, 4, 0, 1, 2, 1, 4, 4, 1, 1, 0, 2, 3, 2, 2, 1, 2, 1, 1, 2, 4, 3, 0, 2, 2, 3, 3, 0, 1, 2, 0, 1, 2, 4, 1, 3, 4, 1, 2, 4, 3, 3, 3, 1, 1, 4, 3, 2, 3, 2, 4, 2, 4, 2, 3, 4, 4, 4, 1, 2, 3, 4, 1, 2]|[0, 2, 0, 0, 3, 0, 1, 3, 0, 0, 2, 0, 1, 0, 1, 0, 0, 0, 1, 0, 0, 2, 0, 0, 1, 0, 0, 3, 0, 1, 0, 2, 0, 0, 3, 0, 1, 3, 0, 0, 0, 0, 1, 3, 0, 0, 1, 0, 2, 0, 0, 0, 0, 0, 1, 0, 1, 0, 1, 1, 0, 2, 0, 0, 0, 0, 0, 0, 0, 2, 0, 0, 1, 0, 0, 1, 0, 0, 3, 0, 0, 1, 0, 0, 0, 0, 1, 0, 2, 0, 0, 2, 1, 3, 0, 0, 0, 1, 0, 0],896.1029292898813,50428.13444364295,114595.46915086164,false
22,G3_TWC,G3_TWC,[31, 22, 82, 15, 26, 9, 95, 42, 77, 12, 47, 5, 93, 78, 86, 54, 85, 63, 18, 44, 20, 35, 43, 97, 91, 76, 10, 30, 21, 45, 71, 64, 1, 23, 17, 83, 24, 14, 60, 36, 6, 57, 40, 88, 65, 56, 79, 94, 67, 68, 46, 75, 38, 58, 19, 32, 81, 41, 27, 62, 87, 90, 99, 59, 11, 16, 72, 73, 69, 39, 37, 84, 3, 92, 25, 55, 28, 29, 51, 7, 66, 61, 98, 48, 89, 50, 4, 96, 53, 80, 8, 33, 34, 2, 52, 13, 0, 70, 74, 49]|[1, 1, 0, 1, 1, 1, 1, 2, 2, 1, 2, 2, 2, 1, 1, 0, 0, 1, 0, 2, 2, 0, 1, 2, 0, 1, 2, 2, 0, 0, 1, 2, 1, 2, 1, 0, 2, 0, 1, 1, 0, 1, 1, 1, 0, 2, 1, 1, 0, 0, 0, 0, 1, 1, 2, 1, 2, 0, 0, 0, 2, 1, 0, 1, 2, 1, 2, 1, 1, 1, 1, 1, 1, 0, 1, 1, 0, 0, 0, 1, 2, 1, 2, 0, 1, 0, 0, 0, 0, 0, 1, 2, 2, 0, 1, 0, 0, 1, 2, 0]|[4, 3, 2, 2, 0, 0, 2, 2, 2, 4, 1, 1, 2, 4, 4, 1, 2, 4, 2, 1, 1, 1, 1, 2, 1, 2, 1, 1, 1, 1, 3, 2, 3, 0, 4, 0, 1, 1, 0, 3, 2, 2, 2, 0, 1, 1, 0, 4, 0, 1, 2, 2, 1, 4, 0, 3, 2, 1, 1, 2, 1, 3, 1, 1, 1, 3, 0, 4, 3, 1, 4, 1, 1, 0, 4, 4, 2, 1, 1, 3, 1, 3, 1, 1, 1, 1, 2, 1, 2, 1, 3, 1, 1, 2, 1, 2, 2, 4, 1, 1]|[0, 2, 1, 1, 3, 3, 1, 0, 0, 0, 0, 0, 1, 0, 1, 0, 0, 3, 1, 0, 0, 0, 3, 1, 0, 2, 0, 0, 0, 1, 0, 0, 0, 0, 3, 0, 1, 0, 0, 2, 1, 1, 1, 0, 0, 0, 0, 2, 1, 0, 0, 0, 1, 3, 0, 0, 1, 0, 0, 1, 0, 2, 0, 1, 0, 2, 1, 0, 0, 1, 1, 3, 1, 1, 3, 3, 1, 0, 0, 2, 0, 0, 0, 0, 1, 0, 1, 0, 1, 0, 2, 0, 0, 0, 1, 0, 0, 2, 0, 1],795.9209522169074,58176.61051743866,90980.22022110094,false
22,G1_CMAX,G1_CMAX,[31, 22, 82, 15, 26, 9, 42, 77, 12, 5, 47, 93, 78, 86, 54, 6, 63, 18, 44, 20, 35, 43, 97, 91, 76, 10, 30, 21, 45, 17, 23, 1, 71, 83, 24, 14, 60, 36, 85, 57, 40, 95, 88, 65, 56, 79, 94, 67, 68, 46, 75, 38, 58, 19, 32, 81, 41, 62, 87, 28, 90, 59, 11, 16, 72, 73, 69, 52, 37, 64, 84, 3, 25, 29, 55, 51, 7, 98, 61, 66, 99, 33, 89, 48, 50, 96, 53, 80, 4, 8, 27, 2, 39, 13, 0, 92, 49, 74, 34, 70]|[1, 1, 0, 1, 1, 1, 2, 2, 1, 2, 2, 1, 1, 1, 0, 0, 1, 0, 2, 2, 0, 1, 2, 2, 1, 2, 2, 0, 0, 1, 2, 1, 1, 0, 2, 0, 1, 1, 0, 1, 1, 1, 1, 0, 2, 1, 1, 0, 0, 0, 0, 1, 1, 2, 1, 2, 0, 0, 2, 0, 1, 2, 2, 1, 2, 1, 1, 1, 1, 1, 1, 2, 1, 0, 2, 0, 1, 2, 1, 0, 0, 2, 1, 0, 0, 2, 0, 0, 1, 1, 0, 0, 1, 0, 0, 0, 0, 2, 2, 1]|[0, 3, 1, 2, 0, 0, 1, 1, 4, 1, 1, 4, 4, 4, 2, 2, 4, 2, 1, 1, 1, 1, 2, 1, 2, 1, 1, 1, 1, 4, 0, 3, 3, 0, 1, 1, 0, 3, 2, 2, 2, 2, 0, 1, 1, 0, 4, 0, 1, 2, 2, 1, 4, 0, 3, 2, 1, 2, 1, 2, 3, 1, 1, 3, 0, 4, 4, 1, 4, 3, 1, 2, 4, 1, 1, 1, 1, 1, 3, 1, 1, 1, 1, 1, 1, 1, 2, 1, 4, 3, 2, 2, 1, 2, 2, 0, 1, 1, 1, 4]|[1, 1, 1, 1, 3, 3, 0, 0, 0, 0, 0, 2, 0, 1, 0, 0, 3, 1, 0, 0, 0, 3, 1, 0, 2, 0, 0, 0, 1, 3, 0, 0, 0, 0, 1, 0, 0, 2, 1, 1, 1, 1, 0, 0, 0, 0, 2, 1, 0, 0, 0, 1, 3, 0, 0, 1, 0, 1, 0, 1, 2, 0, 0, 2, 1, 0, 2, 1, 1, 0, 3, 1, 3, 0, 0, 0, 2, 0, 0, 0, 0, 0, 1, 0, 0, 0, 1, 0, 0, 2, 1, 0, 1, 0, 0, 1, 1, 0, 0, 2],733.3116759547878,58140.55643565909,96674.14109675489,false
22,G4_BALANCED,G4_BALANCED,[31, 22, 82, 15, 26, 58, 95, 42, 77, 12, 47, 5, 93, 78, 86, 54, 85, 63, 18, 44, 20, 35, 43, 97, 66, 76, 79, 30, 21, 45, 71, 64, 1, 23, 17, 83, 24, 14, 60, 36, 6, 57, 40, 88, 65, 56, 10, 94, 67, 68, 46, 75, 38, 9, 19, 32, 41, 81, 27, 62, 87, 90, 99, 59, 11, 16, 72, 73, 69, 39, 37, 84, 3, 92, 25, 55, 29, 28, 51, 7, 33, 61, 48, 98, 89, 8, 4, 96, 53, 80, 50, 91, 34, 2, 52, 0, 49, 70, 13, 74]|[1, 1, 0, 1, 1, 0, 1, 2, 2, 1, 2, 2, 2, 1, 1, 0, 0, 1, 0, 2, 2, 0, 1, 2, 2, 1, 2, 2, 0, 0, 1, 2, 1, 2, 1, 0, 2, 0, 1, 1, 0, 1, 1, 1, 0, 2, 2, 1, 0, 0, 0, 0, 1, 1, 2, 1, 0, 2, 0, 0, 2, 1, 0, 1, 2, 1, 2, 1, 1, 1, 1, 1, 1, 0, 1, 2, 0, 0, 0, 1, 2, 1, 0, 2, 1, 1, 1, 2, 0, 0, 0, 0, 2, 0, 1, 0, 0, 1, 0, 2]|[4, 3, 2, 2, 4, 1, 2, 2, 2, 4, 1, 1, 2, 4, 4, 1, 2, 4, 2, 1, 1, 1, 1, 2, 1, 2, 1, 1, 1, 1, 3, 1, 3, 1, 4, 0, 1, 1, 0, 3, 2, 2, 2, 0, 1, 1, 1, 4, 0, 1, 2, 2, 1, 4, 0, 3, 1, 1, 1, 2, 1, 3, 1, 1, 1, 3, 0, 4, 4, 1, 4, 1, 1, 0, 4, 1, 1, 2, 1, 1, 1, 3, 1, 1, 1, 3, 4, 1, 2, 1, 1, 1, 1, 2, 1, 2, 1, 3, 2, 1]|[0, 2, 1, 1, 3, 0, 1, 0, 0, 0, 0, 0, 1, 0, 1, 0, 0, 3, 1, 0, 0, 0, 3, 1, 0, 2, 0, 0, 0, 0, 0, 0, 0, 0, 3, 0, 1, 0, 0, 2, 1, 1, 1, 0, 0, 0, 0, 2, 1, 0, 0, 0, 1, 3, 0, 0, 0, 0, 0, 1, 0, 2, 0, 1, 0, 2, 1, 0, 2, 1, 1, 3, 1, 1, 3, 0, 0, 1, 0, 2, 0, 0, 0, 0, 1, 2, 0, 0, 1, 0, 0, 0, 0, 0, 1, 0, 1, 0, 0, 0],777.436160111927,55378.96358309585,98756.68483674081,false
22,G2_TEC,G2_TEC,[31, 22, 82, 15, 26, 9, 95, 42, 77, 68, 47, 5, 93, 78, 86, 54, 85, 63, 18, 44, 20, 49, 36, 14, 74, 50, 53, 17, 21, 28, 11, 64, 3, 23, 30, 83, 24, 41, 40, 52, 65, 27, 90, 70, 39, 87, 48, 69, 99, 4, 46, 1, 13, 58, 97, 59, 45, 8, 73, 37, 35, 79, 71, 66, 76, 32, 60, 80, 96, 6, 16, 61, 33, 7, 57, 34, 12, 67, 10, 98, 56, 88, 29, 75, 91, 38, 19, 92, 43, 84, 51, 72, 81, 25, 2, 55, 62, 89, 94, 0]|[2, 1, 2, 1, 1, 2, 1, 1, 1, 1, 1, 0, 2, 2, 1, 2, 0, 0, 0, 2, 2, 1, 0, 2, 0, 2, 2, 1, 0, 1, 1, 1, 0, 0, 1, 0, 2, 1, 2, 2, 0, 0, 1, 1, 0, 2, 0, 2, 1, 0, 0, 2, 0, 0, 2, 0, 1, 1, 0, 0, 2, 1, 1, 2, 2, 0, 2, 2, 0, 1, 2, 1, 1, 2, 0, 1, 1, 1, 1, 2, 2, 1, 1, 0, 1, 0, 1, 0, 1, 0, 1, 1, 1, 1, 2, 0, 1, 1, 2, 0]|[0, 3, 0, 3, 4, 1, 4, 4, 2, 4, 3, 2, 1, 0, 2, 1, 1, 1, 2, 1, 1, 3, 0, 1, 0, 1, 1, 4, 1, 4, 3, 2, 2, 0, 4, 1, 1, 4, 0, 1, 2, 1, 4, 4, 1, 1, 0, 2, 3, 2, 2, 1, 2, 1, 1, 2, 4, 3, 0, 2, 2, 3, 3, 0, 1, 2, 0, 1, 2, 4, 1, 3, 4, 1, 2, 4, 3, 3, 3, 1, 1, 4, 3, 2, 3, 2, 4, 2, 4, 2, 3, 4, 4, 4, 1, 2, 3, 4, 1, 2]|[0, 2, 0, 0, 3, 0, 1, 3, 0, 0, 2, 0, 1, 0, 1, 0, 0, 0, 1, 0, 0, 2, 0, 0, 1, 0, 0, 3, 0, 1, 0, 2, 0, 0, 3, 0, 1, 3, 0, 0, 0, 0, 1, 3, 0, 0, 1, 0, 2, 0, 0, 0, 0, 0, 1, 0, 1, 0, 1, 1, 0, 2, 0, 0, 0, 0, 0, 0, 0, 2, 0, 0, 1, 0, 0, 1, 0, 0, 3, 0, 0, 1, 0, 0, 0, 0, 1, 0, 2, 0, 0, 2, 1, 3, 0, 0, 0, 1, 0, 0],896.1029292898813,50428.13444364295,114595.46915086164,false
22,G3_TWC,G3_TWC,[31, 22, 82, 15, 26, 9, 95, 42, 77, 12, 47, 5, 93, 78, 86, 54, 85, 63, 18, 44, 20, 35, 43, 97, 91, 76, 10, 30, 21, 45, 71, 64, 1, 23, 17, 83, 24, 14, 60, 36, 6, 57, 40, 88, 65, 56, 79, 94, 67, 68, 46, 75, 38, 58, 19, 32, 81, 41, 27, 62, 87, 90, 99, 59, 11, 16, 72, 73, 69, 39, 37, 84, 3, 92, 25, 55, 28, 29, 51, 7, 66, 61, 98, 48, 89, 50, 4, 96, 53, 80, 8, 33, 34, 2, 52, 13, 0, 70, 74, 49]|[1, 1, 0, 1, 1, 1, 1, 2, 2, 1, 2, 2, 2, 1, 1, 0, 0, 1, 0, 2, 2, 0, 1, 2, 0, 1, 2, 2, 0, 0, 1, 2, 1, 2, 1, 0, 2, 0, 1, 1, 0, 1, 1, 1, 0, 2, 1, 1, 0, 0, 0, 0, 1, 1, 2, 1, 2, 0, 0, 0, 2, 1, 0, 1, 2, 1, 2, 1, 1, 1, 1, 1, 1, 0, 1, 1, 0, 0, 0, 1, 2, 1, 2, 0, 1, 0, 0, 0, 0, 0, 1, 2, 2, 0, 1, 0, 0, 1, 2, 0]|[4, 3, 2, 2, 0, 0, 2, 2, 2, 4, 1, 1, 2, 4, 4, 1, 2, 4, 2, 1, 1, 1, 1, 2, 1, 2, 1, 1, 1, 1, 3, 2, 3, 0, 4, 0, 1, 1, 0, 3, 2, 2, 2, 0, 1, 1, 0, 4, 0, 1, 2, 2, 1, 4, 0, 3, 2, 1, 1, 2, 1, 3, 1, 1, 1, 3, 0, 4, 3, 1, 4, 1, 1, 0, 4, 4, 2, 1, 1, 3, 1, 3, 1, 1, 1, 1, 2, 1, 2, 1, 3, 1, 1, 2, 1, 2, 2, 4, 1, 1]|[0, 2, 1, 1, 3, 3, 1, 0, 0, 0, 0, 0, 1, 0, 1, 0, 0, 3, 1, 0, 0, 0, 3, 1, 0, 2, 0, 0, 0, 1, 0, 0, 0, 0, 3, 0, 1, 0, 0, 2, 1, 1, 1, 0, 0, 0, 0, 2, 1, 0, 0, 0, 1, 3, 0, 0, 1, 0, 0, 1, 0, 2, 0, 1, 0, 2, 1, 0, 0, 1, 1, 3, 1, 1, 3, 3, 1, 0, 0, 2, 0, 0, 0, 0, 1, 0, 1, 0, 1, 0, 2, 0, 0, 0, 1, 0, 0, 2, 0, 1],795.9209522169074,58176.61051743866,90980.22022110094,false
22,G1_CMAX,G1_CMAX,[31, 22, 82, 15, 26, 9, 42, 77, 12, 5, 47, 93, 78, 86, 54, 6, 63, 18, 44, 20, 35, 43, 97, 91, 76, 10, 30, 21, 45, 17, 23, 1, 71, 83, 24, 14, 60, 36, 85, 57, 40, 95, 88, 65, 56, 79, 94, 67, 68, 46, 75, 38, 58, 19, 32, 81, 41, 62, 87, 28, 90, 59, 11, 16, 72, 73, 69, 52, 37, 64, 84, 3, 25, 29, 55, 51, 7, 98, 61, 66, 99, 33, 89, 48, 50, 96, 53, 80, 4, 8, 27, 2, 39, 13, 0, 92, 49, 74, 34, 70]|[1, 1, 0, 1, 1, 1, 2, 2, 1, 2, 2, 1, 1, 1, 0, 0, 1, 0, 2, 2, 0, 1, 2, 2, 1, 2, 2, 0, 0, 1, 2, 1, 1, 0, 2, 0, 1, 1, 0, 1, 1, 1, 1, 0, 2, 1, 1, 0, 0, 0, 0, 1, 1, 2, 1, 2, 0, 0, 2, 0, 1, 2, 2, 1, 2, 1, 1, 1, 1, 1, 1, 2, 1, 0, 2, 0, 1, 2, 1, 0, 0, 2, 1, 0, 0, 2, 0, 0, 1, 1, 0, 0, 1, 0, 0, 0, 0, 2, 2, 1]|[0, 3, 1, 2, 0, 0, 1, 1, 4, 1, 1, 4, 4, 4, 2, 2, 4, 2, 1, 1, 1, 1, 2, 1, 2, 1, 1, 1, 1, 4, 0, 3, 3, 0, 1, 1, 0, 3, 2, 2, 2, 2, 0, 1, 1, 0, 4, 0, 1, 2, 2, 1, 4, 0, 3, 2, 1, 2, 1, 2, 3, 1, 1, 3, 0, 4, 4, 1, 4, 3, 1, 2, 4, 1, 1, 1, 1, 1, 3, 1, 1, 1, 1, 1, 1, 1, 2, 1, 4, 3, 2, 2, 1, 2, 2, 0, 1, 1, 1, 4]|[1, 1, 1, 1, 3, 3, 0, 0, 0, 0, 0, 2, 0, 1, 0, 0, 3, 1, 0, 0, 0, 3, 1, 0, 2, 0, 0, 0, 1, 3, 0, 0, 0, 0, 1, 0, 0, 2, 1, 1, 1, 1, 0, 0, 0, 0, 2, 1, 0, 0, 0, 1, 3, 0, 0, 1, 0, 1, 0, 1, 2, 0, 0, 2, 1, 0, 2, 1, 1, 0, 3, 1, 3, 0, 0, 0, 2, 0, 0, 0, 0, 0, 1, 0, 0, 0, 1, 0, 0, 2, 1, 0, 1, 0, 0, 1, 1, 0, 0, 2],733.3116759547878,58140.55643565909,96674.14109675489,false
22,G4_BALANCED,G4_BALANCED,[31, 22, 82, 15, 26, 58, 95, 42, 77, 12, 47, 5, 93, 78, 86, 54, 85, 63, 18, 44, 20, 35, 43, 97, 66, 76, 79, 30, 21, 45, 71, 64, 1, 23, 17, 83, 24, 14, 60, 36, 6, 57, 40, 88, 65, 56, 10, 94, 67, 68, 46, 75, 38, 9, 19, 32, 41, 81, 27, 62, 87, 90, 99, 59, 11, 16, 72, 73, 69, 39, 37, 84, 3, 92, 25, 55, 29, 28, 51, 7, 33, 61, 48, 98, 89, 8, 4, 96, 53, 80, 50, 91, 34, 2, 52, 0, 49, 70, 13, 74]|[1, 1, 0, 1, 1, 0, 1, 2, 2, 1, 2, 2, 2, 1, 1, 0, 0, 1, 0, 2, 2, 0, 1, 2, 2, 1, 2, 2, 0, 0, 1, 2, 1, 2, 1, 0, 2, 0, 1, 1, 0, 1, 1, 1, 0, 2, 2, 1, 0, 0, 0, 0, 1, 1, 2, 1, 0, 2, 0, 0, 2, 1, 0, 1, 2, 1, 2, 1, 1, 1, 1, 1, 1, 0, 1, 2, 0, 0, 0, 1, 2, 1, 0, 2, 1, 1, 1, 2, 0, 0, 0, 0, 2, 0, 1, 0, 0, 1, 0, 2]|[4, 3, 2, 2, 4, 1, 2, 2, 2, 4, 1, 1, 2, 4, 4, 1, 2, 4, 2, 1, 1, 1, 1, 2, 1, 2, 1, 1, 1, 1, 3, 1, 3, 1, 4, 0, 1, 1, 0, 3, 2, 2, 2, 0, 1, 1, 1, 4, 0, 1, 2, 2, 1, 4, 0, 3, 1, 1, 1, 2, 1, 3, 1, 1, 1, 3, 0, 4, 4, 1, 4, 1, 1, 0, 4, 1, 1, 2, 1, 1, 1, 3, 1, 1, 1, 3, 4, 1, 2, 1, 1, 1, 1, 2, 1, 2, 1, 3, 2, 1]|[0, 2, 1, 1, 3, 0, 1, 0, 0, 0, 0, 0, 1, 0, 1, 0, 0, 3, 1, 0, 0, 0, 3, 1, 0, 2, 0, 0, 0, 0, 0, 0, 0, 0, 3, 0, 1, 0, 0, 2, 1, 1, 1, 0, 0, 0, 0, 2, 1, 0, 0, 0, 1, 3, 0, 0, 0, 0, 0, 1, 0, 2, 0, 1, 0, 2, 1, 0, 2, 1, 1, 3, 1, 1, 3, 0, 0, 1, 0, 2, 0, 0, 0, 0, 1, 2, 0, 0, 1, 0, 0, 0, 0, 0, 1, 0, 1, 0, 0, 0],777.436160111927,55378.96358309585,98756.68483674081,false
22,G2_TEC,G2_TEC,[31, 22, 82, 15, 26, 9, 95, 42, 77, 68, 47, 5, 93, 78, 86, 54, 85, 63, 18, 44, 20, 49, 36, 14, 74, 50, 53, 17, 21, 28, 11, 64, 3, 23, 30, 83, 24, 41, 40, 52, 65, 27, 90, 70, 39, 87, 48, 69, 99, 4, 46, 1, 13, 58, 97, 59, 45, 8, 73, 37, 35, 79, 71, 66, 76, 32, 60, 80, 96, 6, 16, 61, 33, 7, 57, 34, 12, 67, 10, 98, 56, 88, 29, 75, 91, 38, 19, 92, 43, 84, 51, 72, 81, 25, 2, 55, 62, 89, 94, 0]|[2, 1, 2, 1, 1, 2, 1, 1, 1, 1, 1, 0, 2, 2, 1, 2, 0, 0, 0, 2, 2, 1, 0, 2, 0, 2, 2, 1, 0, 1, 1, 1, 0, 0, 1, 0, 2, 1, 2, 2, 0, 0, 1, 1, 0, 2, 0, 2, 1, 0, 0, 2, 0, 0, 2, 0, 1, 1, 0, 0, 2, 1, 1, 2, 2, 0, 2, 2, 0, 1, 2, 1, 1, 2, 0, 1, 1, 1, 1, 2, 2, 1, 1, 0, 1, 0, 1, 0, 1, 0, 1, 1, 1, 1, 2, 0, 1, 1, 2, 0]|[0, 3, 0, 3, 4, 1, 4, 4, 2, 4, 3, 2, 1, 0, 2, 1, 1, 1, 2, 1, 1, 3, 0, 1, 0, 1, 1, 4, 1, 4, 3, 2, 2, 0, 4, 1, 1, 4, 0, 1, 2, 1, 4, 4, 1, 1, 0, 2, 3, 2, 2, 1, 2, 1, 1, 2, 4, 3, 0, 2, 2, 3, 3, 0, 1, 2, 0, 1, 2, 4, 1, 3, 4, 1, 2, 4, 3, 3, 3, 1, 1, 4, 3, 2, 3, 2, 4, 2, 4, 2, 3, 4, 4, 4, 1, 2, 3, 4, 1, 2]|[0, 2, 0, 0, 3, 0, 1, 3, 0, 0, 2, 0, 1, 0, 1, 0, 0, 0, 1, 0, 0, 2, 0, 0, 1, 0, 0, 3, 0, 1, 0, 2, 0, 0, 3, 0, 1, 3, 0, 0, 0, 0, 1, 3, 0, 0, 1, 0, 2, 0, 0, 0, 0, 0, 1, 0, 1, 0, 1, 1, 0, 2, 0, 0, 0, 0, 0, 0, 0, 2, 0, 0, 1, 0, 0, 1, 0, 0, 3, 0, 0, 1, 0, 0, 0, 0, 1, 0, 2, 0, 0, 2, 1, 3, 0, 0, 0, 1, 0, 0],896.1029292898813,50428.13444364295,114595.46915086164,false
22,G3_TWC,G3_TWC,[31, 22, 82, 15, 26, 9, 95, 42, 77, 12, 47, 5, 93, 78, 86, 54, 85, 63, 18, 44, 20, 35, 43, 97, 91, 76, 10, 30, 21, 45, 71, 64, 1, 23, 17, 83, 24, 14, 60, 36, 6, 57, 40, 88, 65, 56, 79, 94, 67, 68, 46, 75, 38, 58, 19, 32, 81, 41, 27, 62, 87, 90, 99, 59, 11, 16, 72, 73, 69, 39, 37, 84, 3, 92, 25, 55, 28, 29, 51, 7, 66, 61, 98, 48, 89, 50, 4, 96, 53, 80, 8, 33, 34, 2, 52, 13, 0, 70, 74, 49]|[1, 1, 0, 1, 1, 1, 1, 2, 2, 1, 2, 2, 2, 1, 1, 0, 0, 1, 0, 2, 2, 0, 1, 2, 0, 1, 2, 2, 0, 0, 1, 2, 1, 2, 1, 0, 2, 0, 1, 1, 0, 1, 1, 1, 0, 2, 1, 1, 0, 0, 0, 0, 1, 1, 2, 1, 2, 0, 0, 0, 2, 1, 0, 1, 2, 1, 2, 1, 1, 1, 1, 1, 1, 0, 1, 1, 0, 0, 0, 1, 2, 1, 2, 0, 1, 0, 0, 0, 0, 0, 1, 2, 2, 0, 1, 0, 0, 1, 2, 0]|[4, 3, 2, 2, 0, 0, 2, 2, 2, 4, 1, 1, 2, 4, 4, 1, 2, 4, 2, 1, 1, 1, 1, 2, 1, 2, 1, 1, 1, 1, 3, 2, 3, 0, 4, 0, 1, 1, 0, 3, 2, 2, 2, 0, 1, 1, 0, 4, 0, 1, 2, 2, 1, 4, 0, 3, 2, 1, 1, 2, 1, 3, 1, 1, 1, 3, 0, 4, 3, 1, 4, 1, 1, 0, 4, 4, 2, 1, 1, 3, 1, 3, 1, 1, 1, 1, 2, 1, 2, 1, 3, 1, 1, 2, 1, 2, 2, 4, 1, 1]|[0, 2, 1, 1, 3, 3, 1, 0, 0, 0, 0, 0, 1, 0, 1, 0, 0, 3, 1, 0, 0, 0, 3, 1, 0, 2, 0, 0, 0, 1, 0, 0, 0, 0, 3, 0, 1, 0, 0, 2, 1, 1, 1, 0, 0, 0, 0, 2, 1, 0, 0, 0, 1, 3, 0, 0, 1, 0, 0, 1, 0, 2, 0, 1, 0, 2, 1, 0, 0, 1, 1, 3, 1, 1, 3, 3, 1, 0, 0, 2, 0, 0, 0, 0, 1, 0, 1, 0, 1, 0, 2, 0, 0, 0, 1, 0, 0, 2, 0, 1],795.9209522169074,58176.61051743866,90980.22022110094,false
22,G1_CMAX,G1_CMAX,[31, 22, 82, 15, 26, 9, 42, 77, 12, 5, 47, 93, 78, 86, 54, 6, 63, 18, 44, 20, 35, 43, 97, 91, 76, 10, 30, 21, 45, 17, 23, 1, 71, 83, 24, 14, 60, 36, 85, 57, 40, 95, 88, 65, 56, 79, 94, 67, 68, 46, 75, 38, 58, 19, 32, 81, 41, 62, 87, 28, 90, 59, 11, 16, 72, 73, 69, 52, 37, 64, 84, 3, 25, 29, 55, 51, 7, 98, 61, 66, 99, 33, 89, 48, 50, 96, 53, 80, 4, 8, 27, 2, 39, 13, 0, 92, 49, 74, 34, 70]|[1, 1, 0, 1, 1, 1, 2, 2, 1, 2, 2, 1, 1, 1, 0, 0, 1, 0, 2, 2, 0, 1, 2, 2, 1, 2, 2, 0, 0, 1, 2, 1, 1, 0, 2, 0, 1, 1, 0, 1, 1, 1, 1, 0, 2, 1, 1, 0, 0, 0, 0, 1, 1, 2, 1, 2, 0, 0, 2, 0, 1, 2, 2, 1, 2, 1, 1, 1, 1, 1, 1, 2, 1, 0, 2, 0, 1, 2, 1, 0, 0, 2, 1, 0, 0, 2, 0, 0, 1, 1, 0, 0, 1, 0, 0, 0, 0, 2, 2, 1]|[0, 3, 1, 2, 0, 0, 1, 1, 4, 1, 1, 4, 4, 4, 2, 2, 4, 2, 1, 1, 1, 1, 2, 1, 2, 1, 1, 1, 1, 4, 0, 3, 3, 0, 1, 1, 0, 3, 2, 2, 2, 2, 0, 1, 1, 0, 4, 0, 1, 2, 2, 1, 4, 0, 3, 2, 1, 2, 1, 2, 3, 1, 1, 3, 0, 4, 4, 1, 4, 3, 1, 2, 4, 1, 1, 1, 1, 1, 3, 1, 1, 1, 1, 1, 1, 1, 2, 1, 4, 3, 2, 2, 1, 2, 2, 0, 1, 1, 1, 4]|[1, 1, 1, 1, 3, 3, 0, 0, 0, 0, 0, 2, 0, 1, 0, 0, 3, 1, 0, 0, 0, 3, 1, 0, 2, 0, 0, 0, 1, 3, 0, 0, 0, 0, 1, 0, 0, 2, 1, 1, 1, 1, 0, 0, 0, 0, 2, 1, 0, 0, 0, 1, 3, 0, 0, 1, 0, 1, 0, 1, 2, 0, 0, 2, 1, 0, 2, 1, 1, 0, 3, 1, 3, 0, 0, 0, 2, 0, 0, 0, 0, 0, 1, 0, 0, 0, 1, 0, 0, 2, 1, 0, 1, 0, 0, 1, 1, 0, 0, 2],733.3116759547878,58140.55643565909,96674.14109675489,false
22,G4_BALANCED,G4_BALANCED,[31, 22, 82, 15, 26, 58, 95, 42, 77, 12, 47, 5, 93, 78, 86, 54, 85, 63, 18, 44, 20, 35, 43, 97, 66, 76, 79, 30, 21, 45, 71, 64, 1, 23, 17, 83, 24, 14, 60, 36, 6, 57, 40, 88, 65, 56, 10, 94, 67, 68, 46, 75, 38, 9, 19, 32, 41, 81, 27, 62, 87, 90, 99, 59, 11, 16, 72, 73, 69, 39, 37, 84, 3, 92, 25, 55, 29, 28, 51, 7, 33, 61, 48, 98, 89, 8, 4, 96, 53, 80, 50, 91, 34, 2, 52, 0, 49, 70, 13, 74]|[1, 1, 0, 1, 1, 0, 1, 2, 2, 1, 2, 2, 2, 1, 1, 0, 0, 1, 0, 2, 2, 0, 1, 2, 2, 1, 2, 2, 0, 0, 1, 2, 1, 2, 1, 0, 2, 0, 1, 1, 0, 1, 1, 1, 0, 2, 2, 1, 0, 0, 0, 0, 1, 1, 2, 1, 0, 2, 0, 0, 2, 1, 0, 1, 2, 1, 2, 1, 1, 1, 1, 1, 1, 0, 1, 2, 0, 0, 0, 1, 2, 1, 0, 2, 1, 1, 1, 2, 0, 0, 0, 0, 2, 0, 1, 0, 0, 1, 0, 2]|[4, 3, 2, 2, 4, 1, 2, 2, 2, 4, 1, 1, 2, 4, 4, 1, 2, 4, 2, 1, 1, 1, 1, 2, 1, 2, 1, 1, 1, 1, 3, 1, 3, 1, 4, 0, 1, 1, 0, 3, 2, 2, 2, 0, 1, 1, 1, 4, 0, 1, 2, 2, 1, 4, 0, 3, 1, 1, 1, 2, 1, 3, 1, 1, 1, 3, 0, 4, 4, 1, 4, 1, 1, 0, 4, 1, 1, 2, 1, 1, 1, 3, 1, 1, 1, 3, 4, 1, 2, 1, 1, 1, 1, 2, 1, 2, 1, 3, 2, 1]|[0, 2, 1, 1, 3, 0, 1, 0, 0, 0, 0, 0, 1, 0, 1, 0, 0, 3, 1, 0, 0, 0, 3, 1, 0, 2, 0, 0, 0, 0, 0, 0, 0, 0, 3, 0, 1, 0, 0, 2, 1, 1, 1, 0, 0, 0, 0, 2, 1, 0, 0, 0, 1, 3, 0, 0, 0, 0, 0, 1, 0, 2, 0, 1, 0, 2, 1, 0, 2, 1, 1, 3, 1, 1, 3, 0, 0, 1, 0, 2, 0, 0, 0, 0, 1, 2, 0, 0, 1, 0, 0, 0, 0, 0, 1, 0, 1, 0, 0, 0],777.436160111927,55378.96358309585,98756.68483674081,false
22,G2_TEC,G2_TEC,[31, 22, 82, 15, 26, 9, 95, 42, 77, 68, 47, 5, 93, 78, 86, 54, 85, 63, 18, 44, 20, 49, 36, 14, 74, 50, 53, 17, 21, 28, 11, 64, 3, 23, 30, 83, 24, 41, 40, 52, 65, 27, 90, 70, 39, 87, 48, 69, 99, 4, 46, 1, 13, 58, 97, 59, 45, 8, 73, 37, 35, 79, 71, 66, 76, 32, 60, 80, 96, 6, 16, 61, 33, 7, 57, 34, 12, 67, 10, 98, 56, 88, 29, 75, 91, 38, 19, 92, 43, 84, 51, 72, 81, 25, 2, 55, 62, 89, 94, 0]|[2, 1, 2, 1, 1, 2, 1, 1, 1, 1, 1, 0, 2, 2, 1, 2, 0, 0, 0, 2, 2, 1, 0, 2, 0, 2, 2, 1, 0, 1, 1, 1, 0, 0, 1, 0, 2, 1, 2, 2, 0, 0, 1, 1, 0, 2, 0, 2, 1, 0, 0, 2, 0, 0, 2, 0, 1, 1, 0, 0, 2, 1, 1, 2, 2, 0, 2, 2, 0, 1, 2, 1, 1, 2, 0, 1, 1, 1, 1, 2, 2, 1, 1, 0, 1, 0, 1, 0, 1, 0, 1, 1, 1, 1, 2, 0, 1, 1, 2, 0]|[0, 3, 0, 3, 4, 1, 4, 4, 2, 4, 3, 2, 1, 0, 2, 1, 1, 1, 2, 1, 1, 3, 0, 1, 0, 1, 1, 4, 1, 4, 3, 2, 2, 0, 4, 1, 1, 4, 0, 1, 2, 1, 4, 4, 1, 1, 0, 2, 3, 2, 2, 1, 2, 1, 1, 2, 4, 3, 0, 2, 2, 3, 3, 0, 1, 2, 0, 1, 2, 4, 1, 3, 4, 1, 2, 4, 3, 3, 3, 1, 1, 4, 3, 2, 3, 2, 4, 2, 4, 2, 3, 4, 4, 4, 1, 2, 3, 4, 1, 2]|[0, 2, 0, 0, 3, 0, 1, 3, 0, 0, 2, 0, 1, 0, 1, 0, 0, 0, 1, 0, 0, 2, 0, 0, 1, 0, 0, 3, 0, 1, 0, 2, 0, 0, 3, 0, 1, 3, 0, 0, 0, 0, 1, 3, 0, 0, 1, 0, 2, 0, 0, 0, 0, 0, 1, 0, 1, 0, 1, 1, 0, 2, 0, 0, 0, 0, 0, 0, 0, 2, 0, 0, 1, 0, 0, 1, 0, 0, 3, 0, 0, 1, 0, 0, 0, 0, 1, 0, 2, 0, 0, 2, 1, 3, 0, 0, 0, 1, 0, 0],896.1029292898813,50428.13444364295,114595.46915086164,false
22,G3_TWC,G3_TWC,[31, 22, 82, 15, 26, 9, 95, 42, 77, 12, 47, 5, 93, 78, 86, 54, 85, 63, 18, 44, 20, 35, 43, 97, 91, 76, 10, 30, 21, 45, 71, 64, 1, 23, 17, 83, 24, 14, 60, 36, 6, 57, 40, 88, 65, 56, 79, 94, 67, 68, 46, 75, 38, 58, 19, 32, 81, 41, 27, 62, 87, 90, 99, 59, 11, 16, 72, 73, 69, 39, 37, 84, 3, 92, 25, 55, 28, 29, 51, 7, 66, 61, 98, 48, 89, 50, 4, 96, 53, 80, 8, 33, 34, 2, 52, 13, 0, 70, 74, 49]|[1, 1, 0, 1, 1, 1, 1, 2, 2, 1, 2, 2, 2, 1, 1, 0, 0, 1, 0, 2, 2, 0, 1, 2, 0, 1, 2, 2, 0, 0, 1, 2, 1, 2, 1, 0, 2, 0, 1, 1, 0, 1, 1, 1, 0, 2, 1, 1, 0, 0, 0, 0, 1, 1, 2, 1, 2, 0, 0, 0, 2, 1, 0, 1, 2, 1, 2, 1, 1, 1, 1, 1, 1, 0, 1, 1, 0, 0, 0, 1, 2, 1, 2, 0, 1, 0, 0, 0, 0, 0, 1, 2, 2, 0, 1, 0, 0, 1, 2, 0]|[4, 3, 2, 2, 0, 0, 2, 2, 2, 4, 1, 1, 2, 4, 4, 1, 2, 4, 2, 1, 1, 1, 1, 2, 1, 2, 1, 1, 1, 1, 3, 2, 3, 0, 4, 0, 1, 1, 0, 3, 2, 2, 2, 0, 1, 1, 0, 4, 0, 1, 2, 2, 1, 4, 0, 3, 2, 1, 1, 2, 1, 3, 1, 1, 1, 3, 0, 4, 3, 1, 4, 1, 1, 0, 4, 4, 2, 1, 1, 3, 1, 3, 1, 1, 1, 1, 2, 1, 2, 1, 3, 1, 1, 2, 1, 2, 2, 4, 1, 1]|[0, 2, 1, 1, 3, 3, 1, 0, 0, 0, 0, 0, 1, 0, 1, 0, 0, 3, 1, 0, 0, 0, 3, 1, 0, 2, 0, 0, 0, 1, 0, 0, 0, 0, 3, 0, 1, 0, 0, 2, 1, 1, 1, 0, 0, 0, 0, 2, 1, 0, 0, 0, 1, 3, 0, 0, 1, 0, 0, 1, 0, 2, 0, 1, 0, 2, 1, 0, 0, 1, 1, 3, 1, 1, 3, 3, 1, 0, 0, 2, 0, 0, 0, 0, 1, 0, 1, 0, 1, 0, 2, 0, 0, 0, 1, 0, 0, 2, 0, 1],795.9209522169074,58176.61051743866,90980.22022110094,false
22,G1_CMAX,G1_CMAX,[31, 22, 82, 15, 26, 9, 42, 77, 12, 5, 47, 93, 78, 86, 54, 6, 63, 18, 44, 20, 35, 43, 97, 91, 76, 10, 30, 21, 45, 17, 23, 1, 71, 83, 24, 14, 60, 36, 85, 57, 40, 95, 88, 65, 56, 79, 94, 67, 68, 46, 75, 38, 58, 19, 32, 81, 41, 62, 87, 28, 90, 59, 11, 16, 72, 73, 69, 52, 37, 64, 84, 3, 25, 29, 55, 51, 7, 98, 61, 66, 99, 33, 89, 48, 50, 96, 53, 80, 4, 8, 27, 2, 39, 13, 0, 92, 49, 74, 34, 70]|[1, 1, 0, 1, 1, 1, 2, 2, 1, 2, 2, 1, 1, 1, 0, 0, 1, 0, 2, 2, 0, 1, 2, 2, 1, 2, 2, 0, 0, 1, 2, 1, 1, 0, 2, 0, 1, 1, 0, 1, 1, 1, 1, 0, 2, 1, 1, 0, 0, 0, 0, 1, 1, 2, 1, 2, 0, 0, 2, 0, 1, 2, 2, 1, 2, 1, 1, 1, 1, 1, 1, 2, 1, 0, 2, 0, 1, 2, 1, 0, 0, 2, 1, 0, 0, 2, 0, 0, 1, 1, 0, 0, 1, 0, 0, 0, 0, 2, 2, 1]|[0, 3, 1, 2, 0, 0, 1, 1, 4, 1, 1, 4, 4, 4, 2, 2, 4, 2, 1, 1, 1, 1, 2, 1, 2, 1, 1, 1, 1, 4, 0, 3, 3, 0, 1, 1, 0, 3, 2, 2, 2, 2, 0, 1, 1, 0, 4, 0, 1, 2, 2, 1, 4, 0, 3, 2, 1, 2, 1, 2, 3, 1, 1, 3, 0, 4, 4, 1, 4, 3, 1, 2, 4, 1, 1, 1, 1, 1, 3, 1, 1, 1, 1, 1, 1, 1, 2, 1, 4, 3, 2, 2, 1, 2, 2, 0, 1, 1, 1, 4]|[1, 1, 1, 1, 3, 3, 0, 0, 0, 0, 0, 2, 0, 1, 0, 0, 3, 1, 0, 0, 0, 3, 1, 0, 2, 0, 0, 0, 1, 3, 0, 0, 0, 0, 1, 0, 0, 2, 1, 1, 1, 1, 0, 0, 0, 0, 2, 1, 0, 0, 0, 1, 3, 0, 0, 1, 0, 1, 0, 1, 2, 0, 0, 2, 1, 0, 2, 1, 1, 0, 3, 1, 3, 0, 0, 0, 2, 0, 0, 0, 0, 0, 1, 0, 0, 0, 1, 0, 0, 2, 1, 0, 1, 0, 0, 1, 1, 0, 0, 2],733.3116759547878,58140.55643565909,96674.14109675489,false
22,G4_BALANCED,G4_BALANCED,[31, 22, 82, 15, 26, 58, 95, 42, 77, 12, 47, 5, 93, 78, 86, 54, 85, 63, 18, 44, 20, 35, 43, 97, 66, 76, 79, 30, 21, 45, 71, 64, 1, 23, 17, 83, 24, 14, 60, 36, 6, 57, 40, 88, 65, 56, 10, 94, 67, 68, 46, 75, 38, 9, 19, 32, 41, 81, 27, 62, 87, 90, 99, 59, 11, 16, 72, 73, 69, 39, 37, 84, 3, 92, 25, 55, 29, 28, 51, 7, 33, 61, 48, 98, 89, 8, 4, 96, 53, 80, 50, 91, 34, 2, 52, 0, 49, 70, 13, 74]|[1, 1, 0, 1, 1, 0, 1, 2, 2, 1, 2, 2, 2, 1, 1, 0, 0, 1, 0, 2, 2, 0, 1, 2, 2, 1, 2, 2, 0, 0, 1, 2, 1, 2, 1, 0, 2, 0, 1, 1, 0, 1, 1, 1, 0, 2, 2, 1, 0, 0, 0, 0, 1, 1, 2, 1, 0, 2, 0, 0, 2, 1, 0, 1, 2, 1, 2, 1, 1, 1, 1, 1, 1, 0, 1, 2, 0, 0, 0, 1, 2, 1, 0, 2, 1, 1, 1, 2, 0, 0, 0, 0, 2, 0, 1, 0, 0, 1, 0, 2]|[4, 3, 2, 2, 4, 1, 2, 2, 2, 4, 1, 1, 2, 4, 4, 1, 2, 4, 2, 1, 1, 1, 1, 2, 1, 2, 1, 1, 1, 1, 3, 1, 3, 1, 4, 0, 1, 1, 0, 3, 2, 2, 2, 0, 1, 1, 1, 4, 0, 1, 2, 2, 1, 4, 0, 3, 1, 1, 1, 2, 1, 3, 1, 1, 1, 3, 0, 4, 4, 1, 4, 1, 1, 0, 4, 1, 1, 2, 1, 1, 1, 3, 1, 1, 1, 3, 4, 1, 2, 1, 1, 1, 1, 2, 1, 2, 1, 3, 2, 1]|[0, 2, 1, 1, 3, 0, 1, 0, 0, 0, 0, 0, 1, 0, 1, 0, 0, 3, 1, 0, 0, 0, 3, 1, 0, 2, 0, 0, 0, 0, 0, 0, 0, 0, 3, 0, 1, 0, 0, 2, 1, 1, 1, 0, 0, 0, 0, 2, 1, 0, 0, 0, 1, 3, 0, 0, 0, 0, 0, 1, 0, 2, 0, 1, 0, 2, 1, 0, 2, 1, 1, 3, 1, 1, 3, 0, 0, 1, 0, 2, 0, 0, 0, 0, 1, 2, 0, 0, 1, 0, 0, 0, 0, 0, 1, 0, 1, 0, 0, 0],777.436160111927,55378.96358309585,98756.68483674081,false
22,G2_TEC,G2_TEC,[31, 22, 82, 15, 26, 9, 95, 42, 77, 68, 47, 5, 93, 78, 86, 54, 85, 63, 18, 44, 20, 49, 36, 14, 74, 50, 53, 17, 21, 28, 11, 64, 3, 23, 30, 83, 24, 41, 40, 52, 65, 27, 90, 70, 39, 87, 48, 69, 99, 4, 46, 1, 13, 58, 97, 59, 45, 8, 73, 37, 35, 79, 71, 66, 76, 32, 60, 80, 96, 6, 16, 61, 33, 7, 57, 34, 12, 67, 10, 98, 56, 88, 29, 75, 91, 38, 19, 92, 43, 84, 51, 72, 81, 25, 2, 55, 62, 89, 94, 0]|[2, 1, 2, 1, 1, 2, 1, 1, 1, 1, 1, 0, 2, 2, 1, 2, 0, 0, 0, 2, 2, 1, 0, 2, 0, 2, 2, 1, 0, 1, 1, 1, 0, 0, 1, 0, 2, 1, 2, 2, 0, 0, 1, 1, 0, 2, 0, 2, 1, 0, 0, 2, 0, 0, 2, 0, 1, 1, 0, 0, 2, 1, 1, 2, 2, 0, 2, 2, 0, 1, 2, 1, 1, 2, 0, 1, 1, 1, 1, 2, 2, 1, 1, 0, 1, 0, 1, 0, 1, 0, 1, 1, 1, 1, 2, 0, 1, 1, 2, 0]|[0, 3, 0, 3, 4, 1, 4, 4, 2, 4, 3, 2, 1, 0, 2, 1, 1, 1, 2, 1, 1, 3, 0, 1, 0, 1, 1, 4, 1, 4, 3, 2, 2, 0, 4, 1, 1, 4, 0, 1, 2, 1, 4, 4, 1, 1, 0, 2, 3, 2, 2, 1, 2, 1, 1, 2, 4, 3, 0, 2, 2, 3, 3, 0, 1, 2, 0, 1, 2, 4, 1, 3, 4, 1, 2, 4, 3, 3, 3, 1, 1, 4, 3, 2, 3, 2, 4, 2, 4, 2, 3, 4, 4, 4, 1, 2, 3, 4, 1, 2]|[0, 2, 0, 0, 3, 0, 1, 3, 0, 0, 2, 0, 1, 0, 1, 0, 0, 0, 1, 0, 0, 2, 0, 0, 1, 0, 0, 3, 0, 1, 0, 2, 0, 0, 3, 0, 1, 3, 0, 0, 0, 0, 1, 3, 0, 0, 1, 0, 2, 0, 0, 0, 0, 0, 1, 0, 1, 0, 1, 1, 0, 2, 0, 0, 0, 0, 0, 0, 0, 2, 0, 0, 1, 0, 0, 1, 0, 0, 3, 0, 0, 1, 0, 0, 0, 0, 1, 0, 2, 0, 0, 2, 1, 3, 0, 0, 0, 1, 0, 0],896.1029292898813,50428.13444364295,114595.46915086164,false
22,G3_TWC,G3_TWC,[31, 22, 82, 15, 26, 9, 95, 42, 77, 12, 47, 5, 93, 78, 86, 54, 85, 63, 18, 44, 20, 35, 43, 97, 91, 76, 10, 30, 21, 45, 71, 64, 1, 23, 17, 83, 24, 14, 60, 36, 6, 57, 40, 88, 65, 56, 79, 94, 67, 68, 46, 75, 38, 58, 19, 32, 81, 41, 27, 62, 87, 90, 99, 59, 11, 16, 72, 73, 69, 39, 37, 84, 3, 92, 25, 55, 28, 29, 51, 7, 66, 61, 98, 48, 89, 50, 4, 96, 53, 80, 8, 33, 34, 2, 52, 13, 0, 70, 74, 49]|[1, 1, 0, 1, 1, 1, 1, 2, 2, 1, 2, 2, 2, 1, 1, 0, 0, 1, 0, 2, 2, 0, 1, 2, 0, 1, 2, 2, 0, 0, 1, 2, 1, 2, 1, 0, 2, 0, 1, 1, 0, 1, 1, 1, 0, 2, 1, 1, 0, 0, 0, 0, 1, 1, 2, 1, 2, 0, 0, 0, 2, 1, 0, 1, 2, 1, 2, 1, 1, 1, 1, 1, 1, 0, 1, 1, 0, 0, 0, 1, 2, 1, 2, 0, 1, 0, 0, 0, 0, 0, 1, 2, 2, 0, 1, 0, 0, 1, 2, 0]|[4, 3, 2, 2, 0, 0, 2, 2, 2, 4, 1, 1, 2, 4, 4, 1, 2, 4, 2, 1, 1, 1, 1, 2, 1, 2, 1, 1, 1, 1, 3, 2, 3, 0, 4, 0, 1, 1, 0, 3, 2, 2, 2, 0, 1, 1, 0, 4, 0, 1, 2, 2, 1, 4, 0, 3, 2, 1, 1, 2, 1, 3, 1, 1, 1, 3, 0, 4, 3, 1, 4, 1, 1, 0, 4, 4, 2, 1, 1, 3, 1, 3, 1, 1, 1, 1, 2, 1, 2, 1, 3, 1, 1, 2, 1, 2, 2, 4, 1, 1]|[0, 2, 1, 1, 3, 3, 1, 0, 0, 0, 0, 0, 1, 0, 1, 0, 0, 3, 1, 0, 0, 0, 3, 1, 0, 2, 0, 0, 0, 1, 0, 0, 0, 0, 3, 0, 1, 0, 0, 2, 1, 1, 1, 0, 0, 0, 0, 2, 1, 0, 0, 0, 1, 3, 0, 0, 1, 0, 0, 1, 0, 2, 0, 1, 0, 2, 1, 0, 0, 1, 1, 3, 1, 1, 3, 3, 1, 0, 0, 2, 0, 0, 0, 0, 1, 0, 1, 0, 1, 0, 2, 0, 0, 0, 1, 0, 0, 2, 0, 1],795.9209522169074,58176.61051743866,90980.22022110094,false
22,G1_CMAX,G1_CMAX,[31, 22, 82, 15, 26, 9, 42, 77, 12, 5, 47, 93, 78, 86, 54, 6, 63, 18, 44, 20, 35, 43, 97, 91, 76, 10, 30, 21, 45, 17, 23, 1, 71, 83, 24, 14, 60, 36, 85, 57, 40, 95, 88, 65, 56, 79, 94, 67, 68, 46, 75, 38, 58, 19, 32, 81, 41, 62, 87, 28, 90, 59, 11, 16, 72, 73, 69, 52, 37, 64, 84, 3, 25, 29, 55, 51, 7, 98, 61, 66, 99, 33, 89, 48, 50, 96, 53, 80, 4, 8, 27, 2, 39, 13, 0, 92, 49, 74, 34, 70]|[1, 1, 0, 1, 1, 1, 2, 2, 1, 2, 2, 1, 1, 1, 0, 0, 1, 0, 2, 2, 0, 1, 2, 2, 1, 2, 2, 0, 0, 1, 2, 1, 1, 0, 2, 0, 1, 1, 0, 1, 1, 1, 1, 0, 2, 1, 1, 0, 0, 0, 0, 1, 1, 2, 1, 2, 0, 0, 2, 0, 1, 2, 2, 1, 2, 1, 1, 1, 1, 1, 1, 2, 1, 0, 2, 0, 1, 2, 1, 0, 0, 2, 1, 0, 0, 2, 0, 0, 1, 1, 0, 0, 1, 0, 0, 0, 0, 2, 2, 1]|[0, 3, 1, 2, 0, 0, 1, 1, 4, 1, 1, 4, 4, 4, 2, 2, 4, 2, 1, 1, 1, 1, 2, 1, 2, 1, 1, 1, 1, 4, 0, 3, 3, 0, 1, 1, 0, 3, 2, 2, 2, 2, 0, 1, 1, 0, 4, 0, 1, 2, 2, 1, 4, 0, 3, 2, 1, 2, 1, 2, 3, 1, 1, 3, 0, 4, 4, 1, 4, 3, 1, 2, 4, 1, 1, 1, 1, 1, 3, 1, 1, 1, 1, 1, 1, 1, 2, 1, 4, 3, 2, 2, 1, 2, 2, 0, 1, 1, 1, 4]|[1, 1, 1, 1, 3, 3, 0, 0, 0, 0, 0, 2, 0, 1, 0, 0, 3, 1, 0, 0, 0, 3, 1, 0, 2, 0, 0, 0, 1, 3, 0, 0, 0, 0, 1, 0, 0, 2, 1, 1, 1, 1, 0, 0, 0, 0, 2, 1, 0, 0, 0, 1, 3, 0, 0, 1, 0, 1, 0, 1, 2, 0, 0, 2, 1, 0, 2, 1, 1, 0, 3, 1, 3, 0, 0, 0, 2, 0, 0, 0, 0, 0, 1, 0, 0, 0, 1, 0, 0, 2, 1, 0, 1, 0, 0, 1, 1, 0, 0, 2],733.3116759547878,58140.55643565909,96674.14109675489,false
22,G4_BALANCED,G4_BALANCED,[31, 22, 82, 15, 26, 58, 95, 42, 77, 12, 47, 5, 93, 78, 86, 54, 85, 63, 18, 44, 20, 35, 43, 97, 66, 76, 79, 30, 21, 45, 71, 64, 1, 23, 17, 83, 24, 14, 60, 36, 6, 57, 40, 88, 65, 56, 10, 94, 67, 68, 46, 75, 38, 9, 19, 32, 41, 81, 27, 62, 87, 90, 99, 59, 11, 16, 72, 73, 69, 39, 37, 84, 3, 92, 25, 55, 29, 28, 51, 7, 33, 61, 48, 98, 89, 8, 4, 96, 53, 80, 50, 91, 34, 2, 52, 0, 49, 70, 13, 74]|[1, 1, 0, 1, 1, 0, 1, 2, 2, 1, 2, 2, 2, 1, 1, 0, 0, 1, 0, 2, 2, 0, 1, 2, 2, 1, 2, 2, 0, 0, 1, 2, 1, 2, 1, 0, 2, 0, 1, 1, 0, 1, 1, 1, 0, 2, 2, 1, 0, 0, 0, 0, 1, 1, 2, 1, 0, 2, 0, 0, 2, 1, 0, 1, 2, 1, 2, 1, 1, 1, 1, 1, 1, 0, 1, 2, 0, 0, 0, 1, 2, 1, 0, 2, 1, 1, 1, 2, 0, 0, 0, 0, 2, 0, 1, 0, 0, 1, 0, 2]|[4, 3, 2, 2, 4, 1, 2, 2, 2, 4, 1, 1, 2, 4, 4, 1, 2, 4, 2, 1, 1, 1, 1, 2, 1, 2, 1, 1, 1, 1, 3, 1, 3, 1, 4, 0, 1, 1, 0, 3, 2, 2, 2, 0, 1, 1, 1, 4, 0, 1, 2, 2, 1, 4, 0, 3, 1, 1, 1, 2, 1, 3, 1, 1, 1, 3, 0, 4, 4, 1, 4, 1, 1, 0, 4, 1, 1, 2, 1, 1, 1, 3, 1, 1, 1, 3, 4, 1, 2, 1, 1, 1, 1, 2, 1, 2, 1, 3, 2, 1]|[0, 2, 1, 1, 3, 0, 1, 0, 0, 0, 0, 0, 1, 0, 1, 0, 0, 3, 1, 0, 0, 0, 3, 1, 0, 2, 0, 0, 0, 0, 0, 0, 0, 0, 3, 0, 1, 0, 0, 2, 1, 1, 1, 0, 0, 0, 0, 2, 1, 0, 0, 0, 1, 3, 0, 0, 0, 0, 0, 1, 0, 2, 0, 1, 0, 2, 1, 0, 2, 1, 1, 3, 1, 1, 3, 0, 0, 1, 0, 2, 0, 0, 0, 0, 1, 2, 0, 0, 1, 0, 0, 0, 0, 0, 1, 0, 1, 0, 0, 0],777.436160111927,55378.96358309585,98756.68483674081,false
22,G2_TEC,G2_TEC,[31, 22, 82, 15, 26, 9, 95, 42, 77, 68, 47, 5, 93, 78, 86, 54, 85, 63, 18, 44, 20, 49, 36, 14, 74, 50, 53, 17, 21, 28, 11, 64, 3, 23, 30, 83, 24, 41, 40, 52, 65, 27, 90, 70, 39, 87, 48, 69, 99, 4, 46, 1, 13, 58, 97, 59, 45, 8, 73, 37, 35, 79, 71, 66, 76, 32, 60, 80, 96, 6, 16, 61, 33, 7, 57, 34, 12, 67, 10, 98, 56, 88, 29, 75, 91, 38, 19, 92, 43, 84, 51, 72, 81, 25, 2, 55, 62, 89, 94, 0]|[2, 1, 2, 1, 1, 2, 1, 1, 1, 1, 1, 0, 2, 2, 1, 2, 0, 0, 0, 2, 2, 1, 0, 2, 0, 2, 2, 1, 0, 1, 1, 1, 0, 0, 1, 0, 2, 1, 2, 2, 0, 0, 1, 1, 0, 2, 0, 2, 1, 0, 0, 2, 0, 0, 2, 0, 1, 1, 0, 0, 2, 1, 1, 2, 2, 0, 2, 2, 0, 1, 2, 1, 1, 2, 0, 1, 1, 1, 1, 2, 2, 1, 1, 0, 1, 0, 1, 0, 1, 0, 1, 1, 1, 1, 2, 0, 1, 1, 2, 0]|[0, 3, 0, 3, 4, 1, 4, 4, 2, 4, 3, 2, 1, 0, 2, 1, 1, 1, 2, 1, 1, 3, 0, 1, 0, 1, 1, 4, 1, 4, 3, 2, 2, 0, 4, 1, 1, 4, 0, 1, 2, 1, 4, 4, 1, 1, 0, 2, 3, 2, 2, 1, 2, 1, 1, 2, 4, 3, 0, 2, 2, 3, 3, 0, 1, 2, 0, 1, 2, 4, 1, 3, 4, 1, 2, 4, 3, 3, 3, 1, 1, 4, 3, 2, 3, 2, 4, 2, 4, 2, 3, 4, 4, 4, 1, 2, 3, 4, 1, 2]|[0, 2, 0, 0, 3, 0, 1, 3, 0, 0, 2, 0, 1, 0, 1, 0, 0, 0, 1, 0, 0, 2, 0, 0, 1, 0, 0, 3, 0, 1, 0, 2, 0, 0, 3, 0, 1, 3, 0, 0, 0, 0, 1, 3, 0, 0, 1, 0, 2, 0, 0, 0, 0, 0, 1, 0, 1, 0, 1, 1, 0, 2, 0, 0, 0, 0, 0, 0, 0, 2, 0, 0, 1, 0, 0, 1, 0, 0, 3, 0, 0, 1, 0, 0, 0, 0, 1, 0, 2, 0, 0, 2, 1, 3, 0, 0, 0, 1, 0, 0],896.1029292898813,50428.13444364295,114595.46915086164,false
22,G3_TWC,G3_TWC,[31, 22, 82, 15, 26, 9, 95, 42, 77, 12, 47, 5, 93, 78, 86, 54, 85, 63, 18, 44, 20, 35, 43, 97, 91, 76, 10, 30, 21, 45, 71, 64, 1, 23, 17, 83, 24, 14, 60, 36, 6, 57, 40, 88, 65, 56, 79, 94, 67, 68, 46, 75, 38, 58, 19, 32, 81, 41, 27, 62, 87, 90, 99, 59, 11, 16, 72, 73, 69, 39, 37, 84, 3, 92, 25, 55, 28, 29, 51, 7, 66, 61, 98, 48, 89, 50, 4, 96, 53, 80, 8, 33, 34, 2, 52, 13, 0, 70, 74, 49]|[1, 1, 0, 1, 1, 1, 1, 2, 2, 1, 2, 2, 2, 1, 1, 0, 0, 1, 0, 2, 2, 0, 1, 2, 0, 1, 2, 2, 0, 0, 1, 2, 1, 2, 1, 0, 2, 0, 1, 1, 0, 1, 1, 1, 0, 2, 1, 1, 0, 0, 0, 0, 1, 1, 2, 1, 2, 0, 0, 0, 2, 1, 0, 1, 2, 1, 2, 1, 1, 1, 1, 1, 1, 0, 1, 1, 0, 0, 0, 1, 2, 1, 2, 0, 1, 0, 0, 0, 0, 0, 1, 2, 2, 0, 1, 0, 0, 1, 2, 0]|[4, 3, 2, 2, 0, 0, 2, 2, 2, 4, 1, 1, 2, 4, 4, 1, 2, 4, 2, 1, 1, 1, 1, 2, 1, 2, 1, 1, 1, 1, 3, 2, 3, 0, 4, 0, 1, 1, 0, 3, 2, 2, 2, 0, 1, 1, 0, 4, 0, 1, 2, 2, 1, 4, 0, 3, 2, 1, 1, 2, 1, 3, 1, 1, 1, 3, 0, 4, 3, 1, 4, 1, 1, 0, 4, 4, 2, 1, 1, 3, 1, 3, 1, 1, 1, 1, 2, 1, 2, 1, 3, 1, 1, 2, 1, 2, 2, 4, 1, 1]|[0, 2, 1, 1, 3, 3, 1, 0, 0, 0, 0, 0, 1, 0, 1, 0, 0, 3, 1, 0, 0, 0, 3, 1, 0, 2, 0, 0, 0, 1, 0, 0, 0, 0, 3, 0, 1, 0, 0, 2, 1, 1, 1, 0, 0, 0, 0, 2, 1, 0, 0, 0, 1, 3, 0, 0, 1, 0, 0, 1, 0, 2, 0, 1, 0, 2, 1, 0, 0, 1, 1, 3, 1, 1, 3, 3, 1, 0, 0, 2, 0, 0, 0, 0, 1, 0, 1, 0, 1, 0, 2, 0, 0, 0, 1, 0, 0, 2, 0, 1],795.9209522169074,58176.61051743866,90980.22022110094,false
22,G1_CMAX,G4_BALANCED,[31, 11, 82, 15, 26, 9, 95, 42, 77, 68, 47, 5, 93, 78, 86, 54, 85, 63, 18, 44, 20, 49, 36, 14, 74, 50, 53, 17, 21, 45, 71, 64, 3, 23, 30, 83, 24, 41, 60, 52, 65, 27, 90, 70, 39, 87, 48, 69, 99, 4, 46, 1, 13, 58, 97, 59, 28, 75, 73, 37, 35, 79, 22, 66, 76, 32, 40, 80, 96, 6, 61, 16, 33, 7, 57, 34, 12, 67, 10, 98, 56, 88, 29, 25, 91, 38, 19, 92, 0, 84, 51, 72, 81, 8, 2, 55, 62, 89, 94, 43]|[2, 1, 2, 1, 1, 2, 1, 1, 1, 1, 1, 0, 2, 2, 1, 2, 0, 0, 0, 2, 2, 1, 0, 2, 0, 2, 2, 1, 0, 1, 1, 1, 0, 0, 1, 0, 2, 1, 2, 2, 0, 0, 1, 1, 0, 2, 0, 2, 1, 0, 0, 2, 0, 0, 2, 0, 1, 1, 0, 0, 2, 1, 0, 2, 2, 0, 2, 2, 0, 1, 1, 2, 1, 2, 0, 1, 1, 1, 1, 2, 2, 1, 1, 1, 1, 0, 1, 0, 0, 0, 1, 1, 1, 0, 2, 0, 1, 1, 2, 1]|[0, 3, 0, 2, 4, 1, 4, 4, 2, 4, 3, 2, 1, 0, 2, 1, 1, 1, 2, 1, 1, 3, 0, 1, 0, 1, 1, 4, 1, 4, 3, 2, 2, 0, 4, 1, 1, 4, 0, 1, 2, 1, 4, 4, 1, 1, 0, 2, 3, 1, 2, 1, 2, 1, 1, 2, 4, 3, 0, 2, 2, 3, 1, 0, 1, 2, 0, 1, 2, 4, 3, 1, 4, 1, 2, 4, 3, 3, 3, 1, 1, 4, 3, 4, 3, 2, 4, 2, 2, 2, 3, 4, 1, 2, 1, 2, 3, 4, 1, 4]|[0, 2, 0, 1, 3, 0, 1, 3, 0, 0, 2, 0, 1, 0, 1, 0, 0, 0, 1, 0, 0, 2, 0, 0, 1, 0, 0, 3, 0, 1, 0, 2, 0, 1, 3, 0, 1, 3, 0, 0, 0, 0, 1, 3, 0, 0, 1, 0, 2, 0, 0, 0, 0, 0, 1, 0, 1, 0, 1, 1, 0, 2, 0, 0, 0, 0, 0, 0, 0, 2, 0, 0, 1, 0, 0, 1, 0, 0, 3, 0, 0, 1, 0, 3, 0, 0, 3, 0, 0, 0, 0, 2, 1, 0, 0, 0, 0, 1, 0, 2],855.0393744413956,51688.686262513584,111271.77089583754,true
22,G4_BALANCED,G4_BALANCED,[31, 22, 82, 15, 26, 58, 95, 42, 77, 12, 47, 5, 93, 78, 86, 54, 85, 63, 18, 44, 20, 35, 43, 97, 66, 76, 79, 30, 21, 45, 71, 64, 1, 23, 17, 83, 24, 14, 60, 36, 6, 57, 40, 88, 65, 56, 10, 94, 67, 68, 46, 75, 38, 9, 19, 32, 41, 81, 27, 62, 87, 90, 99, 59, 11, 16, 72, 73, 69, 39, 37, 84, 3, 92, 25, 55, 29, 28, 51, 7, 33, 61, 48, 98, 89, 8, 4, 96, 53, 80, 50, 91, 34, 2, 52, 0, 49, 70, 13, 74]|[1, 1, 0, 1, 1, 0, 1, 2, 2, 1, 2, 2, 2, 1, 1, 0, 0, 1, 0, 2, 2, 0, 1, 2, 2, 1, 2, 2, 0, 0, 1, 2, 1, 2, 1, 0, 2, 0, 1, 1, 0, 1, 1, 1, 0, 2, 2, 1, 0, 0, 0, 0, 1, 1, 2, 1, 0, 2, 0, 0, 2, 1, 0, 1, 2, 1, 2, 1, 1, 1, 1, 1, 1, 0, 1, 2, 0, 0, 0, 1, 2, 1, 0, 2, 1, 1, 1, 2, 0, 0, 0, 0, 2, 0, 1, 0, 0, 1, 0, 2]|[4, 3, 2, 2, 4, 1, 2, 2, 2, 4, 1, 1, 2, 4, 4, 1, 2, 4, 2, 1, 1, 1, 1, 2, 1, 2, 1, 1, 1, 1, 3, 1, 3, 1, 4, 0, 1, 1, 0, 3, 2, 2, 2, 0, 1, 1, 1, 4, 0, 1, 2, 2, 1, 4, 0, 3, 1, 1, 1, 2, 1, 3, 1, 1, 1, 3, 0, 4, 4, 1, 4, 1, 1, 0, 4, 1, 1, 2, 1, 1, 1, 3, 1, 1, 1, 3, 4, 1, 2, 1, 1, 1, 1, 2, 1, 2, 1, 3, 2, 1]|[0, 2, 1, 1, 3, 0, 1, 0, 0, 0, 0, 0, 1, 0, 1, 0, 0, 3, 1, 0, 0, 0, 3, 1, 0, 2, 0, 0, 0, 0, 0, 0, 0, 0, 3, 0, 1, 0, 0, 2, 1, 1, 1, 0, 0, 0, 0, 2, 1, 0, 0, 0, 1, 3, 0, 0, 0, 0, 0, 1, 0, 2, 0, 1, 0, 2, 1, 0, 2, 1, 1, 3, 1, 1, 3, 0, 0, 1, 0, 2, 0, 0, 0, 0, 1, 2, 0, 0, 1, 0, 0, 0, 0, 0, 1, 0, 1, 0, 0, 0],777.436160111927,55378.96358309585,98756.68483674081,false
22,G2_TEC,G2_TEC,[31, 22, 82, 15, 26, 9, 95, 42, 77, 68, 47, 5, 93, 78, 86, 54, 85, 63, 18, 44, 20, 49, 36, 14, 74, 50, 53, 17, 21, 28, 11, 64, 3, 23, 30, 83, 24, 41, 40, 52, 65, 27, 90, 70, 39, 87, 48, 69, 99, 4, 46, 1, 13, 58, 97, 59, 45, 8, 73, 37, 35, 79, 71, 66, 76, 32, 60, 80, 96, 6, 16, 61, 33, 7, 57, 34, 12, 67, 10, 98, 56, 88, 29, 75, 91, 38, 19, 92, 43, 84, 51, 72, 81, 25, 2, 55, 62, 89, 94, 0]|[2, 1, 2, 1, 1, 2, 1, 1, 1, 1, 1, 0, 2, 2, 1, 2, 0, 0, 0, 2, 2, 1, 0, 2, 0, 2, 2, 1, 0, 1, 1, 1, 0, 0, 1, 0, 2, 1, 2, 2, 0, 0, 1, 1, 0, 2, 0, 2, 1, 0, 0, 2, 0, 0, 2, 0, 1, 1, 0, 0, 2, 1, 1, 2, 2, 0, 2, 2, 0, 1, 2, 1, 1, 2, 0, 1, 1, 1, 1, 2, 2, 1, 1, 0, 1, 0, 1, 0, 1, 0, 1, 1, 1, 1, 2, 0, 1, 1, 2, 0]|[0, 3, 0, 3, 4, 1, 4, 4, 2, 4, 3, 2, 1, 0, 2, 1, 1, 1, 2, 1, 1, 3, 0, 1, 0, 1, 1, 4, 1, 4, 3, 2, 2, 0, 4, 1, 1, 4, 0, 1, 2, 1, 4, 4, 1, 1, 0, 2, 3, 2, 2, 1, 2, 1, 1, 2, 4, 3, 0, 2, 2, 3, 3, 0, 1, 2, 0, 1, 2, 4, 1, 3, 4, 1, 2, 4, 3, 3, 3, 1, 1, 4, 3, 2, 3, 2, 4, 2, 4, 2, 3, 4, 4, 4, 1, 2, 3, 4, 1, 2]|[0, 2, 0, 0, 3, 0, 1, 3, 0, 0, 2, 0, 1, 0, 1, 0, 0, 0, 1, 0, 0, 2, 0, 0, 1, 0, 0, 3, 0, 1, 0, 2, 0, 0, 3, 0, 1, 3, 0, 0, 0, 0, 1, 3, 0, 0, 1, 0, 2, 0, 0, 0, 0, 0, 1, 0, 1, 0, 1, 1, 0, 2, 0, 0, 0, 0, 0, 0, 0, 2, 0, 0, 1, 0, 0, 1, 0, 0, 3, 0, 0, 1, 0, 0, 0, 0, 1, 0, 2, 0, 0, 2, 1, 3, 0, 0, 0, 1, 0, 0],896.1029292898813,50428.13444364295,114595.46915086164,false
22,G3_TWC,G3_TWC,[31, 22, 82, 15, 26, 9, 95, 42, 77, 12, 47, 5, 93, 78, 86, 54, 85, 63, 18, 44, 20, 35, 43, 97, 91, 76, 10, 30, 21, 45, 71, 64, 1, 23, 17, 83, 24, 14, 60, 36, 6, 57, 40, 88, 65, 56, 79, 94, 67, 68, 46, 75, 38, 58, 19, 32, 81, 41, 27, 62, 87, 90, 99, 59, 11, 16, 72, 73, 69, 39, 37, 84, 3, 92, 25, 55, 28, 29, 51, 7, 66, 61, 98, 48, 89, 50, 4, 96, 53, 80, 8, 33, 34, 2, 52, 13, 0, 70, 74, 49]|[1, 1, 0, 1, 1, 1, 1, 2, 2, 1, 2, 2, 2, 1, 1, 0, 0, 1, 0, 2, 2, 0, 1, 2, 0, 1, 2, 2, 0, 0, 1, 2, 1, 2, 1, 0, 2, 0, 1, 1, 0, 1, 1, 1, 0, 2, 1, 1, 0, 0, 0, 0, 1, 1, 2, 1, 2, 0, 0, 0, 2, 1, 0, 1, 2, 1, 2, 1, 1, 1, 1, 1, 1, 0, 1, 1, 0, 0, 0, 1, 2, 1, 2, 0, 1, 0, 0, 0, 0, 0, 1, 2, 2, 0, 1, 0, 0, 1, 2, 0]|[4, 3, 2, 2, 0, 0, 2, 2, 2, 4, 1, 1, 2, 4, 4, 1, 2, 4, 2, 1, 1, 1, 1, 2, 1, 2, 1, 1, 1, 1, 3, 2, 3, 0, 4, 0, 1, 1, 0, 3, 2, 2, 2, 0, 1, 1, 0, 4, 0, 1, 2, 2, 1, 4, 0, 3, 2, 1, 1, 2, 1, 3, 1, 1, 1, 3, 0, 4, 3, 1, 4, 1, 1, 0, 4, 4, 2, 1, 1, 3, 1, 3, 1, 1, 1, 1, 2, 1, 2, 1, 3, 1, 1, 2, 1, 2, 2, 4, 1, 1]|[0, 2, 1, 1, 3, 3, 1, 0, 0, 0, 0, 0, 1, 0, 1, 0, 0, 3, 1, 0, 0, 0, 3, 1, 0, 2, 0, 0, 0, 1, 0, 0, 0, 0, 3, 0, 1, 0, 0, 2, 1, 1, 1, 0, 0, 0, 0, 2, 1, 0, 0, 0, 1, 3, 0, 0, 1, 0, 0, 1, 0, 2, 0, 1, 0, 2, 1, 0, 0, 1, 1, 3, 1, 1, 3, 3, 1, 0, 0, 2, 0, 0, 0, 0, 1, 0, 1, 0, 1, 0, 2, 0, 0, 0, 1, 0, 0, 2, 0, 1],795.9209522169074,58176.61051743866,90980.22022110094,false
22,G1_CMAX,G4_BALANCED,[31, 11, 82, 15, 26, 9, 95, 42, 77, 68, 47, 5, 93, 78, 86, 54, 85, 63, 18, 44, 20, 49, 36, 14, 74, 50, 53, 17, 21, 45, 71, 64, 3, 23, 30, 83, 24, 41, 60, 52, 65, 27, 90, 70, 39, 87, 48, 69, 99, 4, 46, 1, 13, 58, 97, 59, 28, 75, 73, 37, 35, 79, 22, 66, 76, 32, 40, 80, 96, 6, 61, 16, 33, 7, 57, 34, 12, 67, 10, 98, 56, 88, 29, 25, 91, 38, 19, 92, 0, 84, 51, 72, 81, 8, 2, 55, 62, 89, 94, 43]|[2, 1, 2, 1, 1, 2, 1, 1, 1, 1, 1, 0, 2, 2, 1, 2, 0, 0, 0, 2, 2, 1, 0, 2, 0, 2, 2, 1, 0, 1, 1, 1, 0, 0, 1, 0, 2, 1, 2, 2, 0, 0, 1, 1, 0, 2, 0, 2, 1, 0, 0, 2, 0, 0, 2, 0, 1, 1, 0, 0, 2, 1, 0, 2, 2, 0, 2, 2, 0, 1, 1, 2, 1, 2, 0, 1, 1, 1, 1, 2, 2, 1, 1, 1, 1, 0, 1, 0, 0, 0, 1, 1, 1, 0, 2, 0, 1, 1, 2, 1]|[0, 3, 0, 2, 4, 1, 4, 4, 2, 4, 3, 2, 1, 0, 2, 1, 1, 1, 2, 1, 1, 3, 0, 1, 0, 1, 1, 4, 1, 4, 3, 2, 2, 0, 4, 1, 1, 4, 0, 1, 2, 1, 4, 4, 1, 1, 0, 2, 3, 1, 2, 1, 2, 1, 1, 2, 4, 3, 0, 2, 2, 3, 1, 0, 1, 2, 0, 1, 2, 4, 3, 1, 4, 1, 2, 4, 3, 3, 3, 1, 1, 4, 3, 4, 3, 2, 4, 2, 2, 2, 3, 4, 1, 2, 1, 2, 3, 4, 1, 4]|[0, 2, 0, 1, 3, 0, 1, 3, 0, 0, 2, 0, 1, 0, 1, 0, 0, 0, 1, 0, 0, 2, 0, 0, 1, 0, 0, 3, 0, 1, 0, 2, 0, 1, 3, 0, 1, 3, 0, 0, 0, 0, 1, 3, 0, 0, 1, 0, 2, 0, 0, 0, 0, 0, 1, 0, 1, 0, 1, 1, 0, 2, 0, 0, 0, 0, 0, 0, 0, 2, 0, 0, 1, 0, 0, 1, 0, 0, 3, 0, 0, 1, 0, 3, 0, 0, 3, 0, 0, 0, 0, 2, 1, 0, 0, 0, 0, 1, 0, 2],855.0393744413956,51688.686262513584,111271.77089583754,true
22,G4_BALANCED,G4_BALANCED,[31, 22, 82, 15, 26, 58, 95, 42, 77, 12, 47, 5, 93, 78, 86, 54, 85, 63, 18, 44, 20, 35, 43, 97, 66, 76, 79, 30, 21, 45, 71, 64, 1, 23, 17, 83, 24, 14, 60, 36, 6, 57, 40, 88, 65, 56, 10, 94, 67, 68, 46, 75, 38, 9, 19, 32, 41, 81, 27, 62, 87, 90, 99, 59, 11, 16, 72, 73, 69, 39, 37, 84, 3, 92, 25, 55, 29, 28, 51, 7, 33, 61, 48, 98, 89, 8, 4, 96, 53, 80, 50, 91, 34, 2, 52, 0, 49, 70, 13, 74]|[1, 1, 0, 1, 1, 0, 1, 2, 2, 1, 2, 2, 2, 1, 1, 0, 0, 1, 0, 2, 2, 0, 1, 2, 2, 1, 2, 2, 0, 0, 1, 2, 1, 2, 1, 0, 2, 0, 1, 1, 0, 1, 1, 1, 0, 2, 2, 1, 0, 0, 0, 0, 1, 1, 2, 1, 0, 2, 0, 0, 2, 1, 0, 1, 2, 1, 2, 1, 1, 1, 1, 1, 1, 0, 1, 2, 0, 0, 0, 1, 2, 1, 0, 2, 1, 1, 1, 2, 0, 0, 0, 0, 2, 0, 1, 0, 0, 1, 0, 2]|[4, 3, 2, 2, 4, 1, 2, 2, 2, 4, 1, 1, 2, 4, 4, 1, 2, 4, 2, 1, 1, 1, 1, 2, 1, 2, 1, 1, 1, 1, 3, 1, 3, 1, 4, 0, 1, 1, 0, 3, 2, 2, 2, 0, 1, 1, 1, 4, 0, 1, 2, 2, 1, 4, 0, 3, 1, 1, 1, 2, 1, 3, 1, 1, 1, 3, 0, 4, 4, 1, 4, 1, 1, 0, 4, 1, 1, 2, 1, 1, 1, 3, 1, 1, 1, 3, 4, 1, 2, 1, 1, 1, 1, 2, 1, 2, 1, 3, 2, 1]|[0, 2, 1, 1, 3, 0, 1, 0, 0, 0, 0, 0, 1, 0, 1, 0, 0, 3, 1, 0, 0, 0, 3, 1, 0, 2, 0, 0, 0, 0, 0, 0, 0, 0, 3, 0, 1, 0, 0, 2, 1, 1, 1, 0, 0, 0, 0, 2, 1, 0, 0, 0, 1, 3, 0, 0, 0, 0, 0, 1, 0, 2, 0, 1, 0, 2, 1, 0, 2, 1, 1, 3, 1, 1, 3, 0, 0, 1, 0, 2, 0, 0, 0, 0, 1, 2, 0, 0, 1, 0, 0, 0, 0, 0, 1, 0, 1, 0, 0, 0],777.436160111927,55378.96358309585,98756.68483674081,false
22,G2_TEC,G2_TEC,[31, 22, 82, 15, 26, 9, 95, 42, 77, 68, 47, 5, 93, 78, 86, 54, 85, 63, 18, 44, 20, 49, 36, 14, 74, 50, 53, 17, 21, 28, 11, 64, 3, 23, 30, 83, 24, 41, 40, 52, 65, 27, 90, 70, 39, 87, 48, 69, 99, 4, 46, 1, 13, 58, 97, 59, 45, 8, 73, 37, 35, 79, 71, 66, 76, 32, 60, 80, 96, 6, 16, 61, 33, 7, 57, 34, 12, 67, 10, 98, 56, 88, 29, 75, 91, 38, 19, 92, 43, 84, 51, 72, 81, 25, 2, 55, 62, 89, 94, 0]|[2, 1, 2, 1, 1, 2, 1, 1, 1, 1, 1, 0, 2, 2, 1, 2, 0, 0, 0, 2, 2, 1, 0, 2, 0, 2, 2, 1, 0, 1, 1, 1, 0, 0, 1, 0, 2, 1, 2, 2, 0, 0, 1, 1, 0, 2, 0, 2, 1, 0, 0, 2, 0, 0, 2, 0, 1, 1, 0, 0, 2, 1, 1, 2, 2, 0, 2, 2, 0, 1, 2, 1, 1, 2, 0, 1, 1, 1, 1, 2, 2, 1, 1, 0, 1, 0, 1, 0, 1, 0, 1, 1, 1, 1, 2, 0, 1, 1, 2, 0]|[0, 3, 0, 3, 4, 1, 4, 4, 2, 4, 3, 2, 1, 0, 2, 1, 1, 1, 2, 1, 1, 3, 0, 1, 0, 1, 1, 4, 1, 4, 3, 2, 2, 0, 4, 1, 1, 4, 0, 1, 2, 1, 4, 4, 1, 1, 0, 2, 3, 2, 2, 1, 2, 1, 1, 2, 4, 3, 0, 2, 2, 3, 3, 0, 1, 2, 0, 1, 2, 4, 1, 3, 4, 1, 2, 4, 3, 3, 3, 1, 1, 4, 3, 2, 3, 2, 4, 2, 4, 2, 3, 4, 4, 4, 1, 2, 3, 4, 1, 2]|[0, 2, 0, 0, 3, 0, 1, 3, 0, 0, 2, 0, 1, 0, 1, 0, 0, 0, 1, 0, 0, 2, 0, 0, 1, 0, 0, 3, 0, 1, 0, 2, 0, 0, 3, 0, 1, 3, 0, 0, 0, 0, 1, 3, 0, 0, 1, 0, 2, 0, 0, 0, 0, 0, 1, 0, 1, 0, 1, 1, 0, 2, 0, 0, 0, 0, 0, 0, 0, 2, 0, 0, 1, 0, 0, 1, 0, 0, 3, 0, 0, 1, 0, 0, 0, 0, 1, 0, 2, 0, 0, 2, 1, 3, 0, 0, 0, 1, 0, 0],896.1029292898813,50428.13444364295,114595.46915086164,false
22,G3_TWC,G3_TWC,[31, 22, 82, 15, 26, 9, 95, 42, 77, 12, 47, 5, 93, 78, 86, 54, 85, 63, 18, 44, 20, 35, 43, 97, 91, 76, 10, 30, 21, 45, 71, 64, 1, 23, 17, 83, 24, 14, 60, 36, 6, 57, 40, 88, 65, 56, 79, 94, 67, 68, 46, 75, 38, 58, 19, 32, 81, 41, 27, 62, 87, 90, 99, 59, 11, 16, 72, 73, 69, 39, 37, 84, 3, 92, 25, 55, 28, 29, 51, 7, 66, 61, 98, 48, 89, 50, 4, 96, 53, 80, 8, 33, 34, 2, 52, 13, 0, 70, 74, 49]|[1, 1, 0, 1, 1, 1, 1, 2, 2, 1, 2, 2, 2, 1, 1, 0, 0, 1, 0, 2, 2, 0, 1, 2, 0, 1, 2, 2, 0, 0, 1, 2, 1, 2, 1, 0, 2, 0, 1, 1, 0, 1, 1, 1, 0, 2, 1, 1, 0, 0, 0, 0, 1, 1, 2, 1, 2, 0, 0, 0, 2, 1, 0, 1, 2, 1, 2, 1, 1, 1, 1, 1, 1, 0, 1, 1, 0, 0, 0, 1, 2, 1, 2, 0, 1, 0, 0, 0, 0, 0, 1, 2, 2, 0, 1, 0, 0, 1, 2, 0]|[4, 3, 2, 2, 0, 0, 2, 2, 2, 4, 1, 1, 2, 4, 4, 1, 2, 4, 2, 1, 1, 1, 1, 2, 1, 2, 1, 1, 1, 1, 3, 2, 3, 0, 4, 0, 1, 1, 0, 3, 2, 2, 2, 0, 1, 1, 0, 4, 0, 1, 2, 2, 1, 4, 0, 3, 2, 1, 1, 2, 1, 3, 1, 1, 1, 3, 0, 4, 3, 1, 4, 1, 1, 0, 4, 4, 2, 1, 1, 3, 1, 3, 1, 1, 1, 1, 2, 1, 2, 1, 3, 1, 1, 2, 1, 2, 2, 4, 1, 1]|[0, 2, 1, 1, 3, 3, 1, 0, 0, 0, 0, 0, 1, 0, 1, 0, 0, 3, 1, 0, 0, 0, 3, 1, 0, 2, 0, 0, 0, 1, 0, 0, 0, 0, 3, 0, 1, 0, 0, 2, 1, 1, 1, 0, 0, 0, 0, 2, 1, 0, 0, 0, 1, 3, 0, 0, 1, 0, 0, 1, 0, 2, 0, 1, 0, 2, 1, 0, 0, 1, 1, 3, 1, 1, 3, 3, 1, 0, 0, 2, 0, 0, 0, 0, 1, 0, 1, 0, 1, 0, 2, 0, 0, 0, 1, 0, 0, 2, 0, 1],795.9209522169074,58176.61051743866,90980.22022110094,false
22,G1_CMAX,G4_BALANCED,[31, 11, 82, 15, 26, 9, 95, 42, 77, 68, 47, 5, 93, 78, 86, 54, 85, 63, 18, 44, 20, 49, 36, 14, 74, 50, 53, 17, 21, 45, 71, 64, 3, 23, 30, 83, 24, 41, 60, 52, 65, 27, 90, 70, 39, 87, 48, 69, 99, 4, 46, 1, 13, 58, 97, 59, 28, 75, 73, 37, 35, 79, 22, 66, 76, 32, 40, 80, 96, 6, 61, 16, 33, 7, 57, 34, 12, 67, 10, 98, 56, 88, 29, 25, 91, 38, 19, 92, 0, 84, 51, 72, 81, 8, 2, 55, 62, 89, 94, 43]|[2, 1, 2, 1, 1, 2, 1, 1, 1, 1, 1, 0, 2, 2, 1, 2, 0, 0, 0, 2, 2, 1, 0, 2, 0, 2, 2, 1, 0, 1, 1, 1, 0, 0, 1, 0, 2, 1, 2, 2, 0, 0, 1, 1, 0, 2, 0, 2, 1, 0, 0, 2, 0, 0, 2, 0, 1, 1, 0, 0, 2, 1, 0, 2, 2, 0, 2, 2, 0, 1, 1, 2, 1, 2, 0, 1, 1, 1, 1, 2, 2, 1, 1, 1, 1, 0, 1, 0, 0, 0, 1, 1, 1, 0, 2, 0, 1, 1, 2, 1]|[0, 3, 0, 2, 4, 1, 4, 4, 2, 4, 3, 2, 1, 0, 2, 1, 1, 1, 2, 1, 1, 3, 0, 1, 0, 1, 1, 4, 1, 4, 3, 2, 2, 0, 4, 1, 1, 4, 0, 1, 2, 1, 4, 4, 1, 1, 0, 2, 3, 1, 2, 1, 2, 1, 1, 2, 4, 3, 0, 2, 2, 3, 1, 0, 1, 2, 0, 1, 2, 4, 3, 1, 4, 1, 2, 4, 3, 3, 3, 1, 1, 4, 3, 4, 3, 2, 4, 2, 2, 2, 3, 4, 1, 2, 1, 2, 3, 4, 1, 4]|[0, 2, 0, 1, 3, 0, 1, 3, 0, 0, 2, 0, 1, 0, 1, 0, 0, 0, 1, 0, 0, 2, 0, 0, 1, 0, 0, 3, 0, 1, 0, 2, 0, 1, 3, 0, 1, 3, 0, 0, 0, 0, 1, 3, 0, 0, 1, 0, 2, 0, 0, 0, 0, 0, 1, 0, 1, 0, 1, 1, 0, 2, 0, 0, 0, 0, 0, 0, 0, 2, 0, 0, 1, 0, 0, 1, 0, 0, 3, 0, 0, 1, 0, 3, 0, 0, 3, 0, 0, 0, 0, 2, 1, 0, 0, 0, 0, 1, 0, 2],855.0393744413956,51688.686262513584,111271.77089583754,true
22,G4_BALANCED,G4_BALANCED,[31, 22, 82, 15, 26, 58, 95, 42, 77, 12, 47, 5, 93, 78, 86, 54, 85, 63, 18, 44, 20, 35, 43, 97, 66, 76, 79, 30, 21, 45, 71, 64, 1, 23, 17, 83, 24, 14, 60, 36, 6, 57, 40, 88, 65, 56, 10, 94, 67, 68, 46, 75, 38, 9, 19, 32, 41, 81, 27, 62, 87, 90, 99, 59, 11, 16, 72, 73, 69, 39, 37, 84, 3, 92, 25, 55, 29, 28, 51, 7, 33, 61, 48, 98, 89, 8, 4, 96, 53, 80, 50, 91, 34, 2, 52, 0, 49, 70, 13, 74]|[1, 1, 0, 1, 1, 0, 1, 2, 2, 1, 2, 2, 2, 1, 1, 0, 0, 1, 0, 2, 2, 0, 1, 2, 2, 1, 2, 2, 0, 0, 1, 2, 1, 2, 1, 0, 2, 0, 1, 1, 0, 1, 1, 1, 0, 2, 2, 1, 0, 0, 0, 0, 1, 1, 2, 1, 0, 2, 0, 0, 2, 1, 0, 1, 2, 1, 2, 1, 1, 1, 1, 1, 1, 0, 1, 2, 0, 0, 0, 1, 2, 1, 0, 2, 1, 1, 1, 2, 0, 0, 0, 0, 2, 0, 1, 0, 0, 1, 0, 2]|[4, 3, 2, 2, 4, 1, 2, 2, 2, 4, 1, 1, 2, 4, 4, 1, 2, 4, 2, 1, 1, 1, 1, 2, 1, 2, 1, 1, 1, 1, 3, 1, 3, 1, 4, 0, 1, 1, 0, 3, 2, 2, 2, 0, 1, 1, 1, 4, 0, 1, 2, 2, 1, 4, 0, 3, 1, 1, 1, 2, 1, 3, 1, 1, 1, 3, 0, 4, 4, 1, 4, 1, 1, 0, 4, 1, 1, 2, 1, 1, 1, 3, 1, 1, 1, 3, 4, 1, 2, 1, 1, 1, 1, 2, 1, 2, 1, 3, 2, 1]|[0, 2, 1, 1, 3, 0, 1, 0, 0, 0, 0, 0, 1, 0, 1, 0, 0, 3, 1, 0, 0, 0, 3, 1, 0, 2, 0, 0, 0, 0, 0, 0, 0, 0, 3, 0, 1, 0, 0, 2, 1, 1, 1, 0, 0, 0, 0, 2, 1, 0, 0, 0, 1, 3, 0, 0, 0, 0, 0, 1, 0, 2, 0, 1, 0, 2, 1, 0, 2, 1, 1, 3, 1, 1, 3, 0, 0, 1, 0, 2, 0, 0, 0, 0, 1, 2, 0, 0, 1, 0, 0, 0, 0, 0, 1, 0, 1, 0, 0, 0],777.436160111927,55378.96358309585,98756.68483674081,false
22,G2_TEC,G2_TEC,[31, 22, 82, 15, 26, 9, 95, 42, 77, 68, 47, 5, 93, 78, 86, 54, 85, 63, 18, 44, 20, 49, 36, 14, 74, 50, 53, 17, 21, 28, 11, 64, 3, 23, 30, 83, 24, 41, 40, 52, 65, 27, 90, 70, 39, 87, 48, 69, 99, 4, 46, 1, 13, 58, 97, 59, 45, 8, 73, 37, 35, 79, 71, 66, 76, 32, 60, 80, 96, 6, 16, 61, 33, 7, 57, 34, 12, 67, 10, 98, 56, 88, 29, 75, 91, 38, 19, 92, 43, 84, 51, 72, 81, 25, 2, 55, 62, 89, 94, 0]|[2, 1, 2, 1, 1, 2, 1, 1, 1, 1, 1, 0, 2, 2, 1, 2, 0, 0, 0, 2, 2, 1, 0, 2, 0, 2, 2, 1, 0, 1, 1, 1, 0, 0, 1, 0, 2, 1, 2, 2, 0, 0, 1, 1, 0, 2, 0, 2, 1, 0, 0, 2, 0, 0, 2, 0, 1, 1, 0, 0, 2, 1, 1, 2, 2, 0, 2, 2, 0, 1, 2, 1, 1, 2, 0, 1, 1, 1, 1, 2, 2, 1, 1, 0, 1, 0, 1, 0, 1, 0, 1, 1, 1, 1, 2, 0, 1, 1, 2, 0]|[0, 3, 0, 3, 4, 1, 4, 4, 2, 4, 3, 2, 1, 0, 2, 1, 1, 1, 2, 1, 1, 3, 0, 1, 0, 1, 1, 4, 1, 4, 3, 2, 2, 0, 4, 1, 1, 4, 0, 1, 2, 1, 4, 4, 1, 1, 0, 2, 3, 2, 2, 1, 2, 1, 1, 2, 4, 3, 0, 2, 2, 3, 3, 0, 1, 2, 0, 1, 2, 4, 1, 3, 4, 1, 2, 4, 3, 3, 3, 1, 1, 4, 3, 2, 3, 2, 4, 2, 4, 2, 3, 4, 4, 4, 1, 2, 3, 4, 1, 2]|[0, 2, 0, 0, 3, 0, 1, 3, 0, 0, 2, 0, 1, 0, 1, 0, 0, 0, 1, 0, 0, 2, 0, 0, 1, 0, 0, 3, 0, 1, 0, 2, 0, 0, 3, 0, 1, 3, 0, 0, 0, 0, 1, 3, 0, 0, 1, 0, 2, 0, 0, 0, 0, 0, 1, 0, 1, 0, 1, 1, 0, 2, 0, 0, 0, 0, 0, 0, 0, 2, 0, 0, 1, 0, 0, 1, 0, 0, 3, 0, 0, 1, 0, 0, 0, 0, 1, 0, 2, 0, 0, 2, 1, 3, 0, 0, 0, 1, 0, 0],896.1029292898813,50428.13444364295,114595.46915086164,false
22,G3_TWC,G3_TWC,[31, 22, 82, 15, 26, 9, 95, 42, 77, 12, 47, 5, 93, 78, 86, 54, 85, 63, 18, 44, 20, 35, 43, 97, 91, 76, 10, 30, 21, 45, 71, 64, 1, 23, 17, 83, 24, 14, 60, 36, 6, 57, 40, 88, 65, 56, 79, 94, 67, 68, 46, 75, 38, 58, 19, 32, 81, 41, 27, 62, 87, 90, 99, 59, 11, 16, 72, 73, 69, 39, 37, 84, 3, 92, 25, 55, 28, 29, 51, 7, 66, 61, 98, 48, 89, 50, 4, 96, 53, 80, 8, 33, 34, 2, 52, 13, 0, 70, 74, 49]|[1, 1, 0, 1, 1, 1, 1, 2, 2, 1, 2, 2, 2, 1, 1, 0, 0, 1, 0, 2, 2, 0, 1, 2, 0, 1, 2, 2, 0, 0, 1, 2, 1, 2, 1, 0, 2, 0, 1, 1, 0, 1, 1, 1, 0, 2, 1, 1, 0, 0, 0, 0, 1, 1, 2, 1, 2, 0, 0, 0, 2, 1, 0, 1, 2, 1, 2, 1, 1, 1, 1, 1, 1, 0, 1, 1, 0, 0, 0, 1, 2, 1, 2, 0, 1, 0, 0, 0, 0, 0, 1, 2, 2, 0, 1, 0, 0, 1, 2, 0]|[4, 3, 2, 2, 0, 0, 2, 2, 2, 4, 1, 1, 2, 4, 4, 1, 2, 4, 2, 1, 1, 1, 1, 2, 1, 2, 1, 1, 1, 1, 3, 2, 3, 0, 4, 0, 1, 1, 0, 3, 2, 2, 2, 0, 1, 1, 0, 4, 0, 1, 2, 2, 1, 4, 0, 3, 2, 1, 1, 2, 1, 3, 1, 1, 1, 3, 0, 4, 3, 1, 4, 1, 1, 0, 4, 4, 2, 1, 1, 3, 1, 3, 1, 1, 1, 1, 2, 1, 2, 1, 3, 1, 1, 2, 1, 2, 2, 4, 1, 1]|[0, 2, 1, 1, 3, 3, 1, 0, 0, 0, 0, 0, 1, 0, 1, 0, 0, 3, 1, 0, 0, 0, 3, 1, 0, 2, 0, 0, 0, 1, 0, 0, 0, 0, 3, 0, 1, 0, 0, 2, 1, 1, 1, 0, 0, 0, 0, 2, 1, 0, 0, 0, 1, 3, 0, 0, 1, 0, 0, 1, 0, 2, 0, 1, 0, 2, 1, 0, 0, 1, 1, 3, 1, 1, 3, 3, 1, 0, 0, 2, 0, 0, 0, 0, 1, 0, 1, 0, 1, 0, 2, 0, 0, 0, 1, 0, 0, 2, 0, 1],795.9209522169074,58176.61051743866,90980.22022110094,false
22,G1_CMAX,G4_BALANCED,[31, 11, 82, 15, 26, 9, 95, 42, 77, 68, 47, 5, 93, 78, 86, 54, 85, 63, 18, 44, 20, 49, 36, 14, 74, 50, 53, 17, 21, 45, 71, 64, 3, 23, 30, 83, 24, 41, 60, 52, 65, 27, 90, 70, 39, 87, 48, 69, 99, 4, 46, 1, 13, 58, 97, 59, 28, 75, 73, 37, 35, 79, 22, 66, 76, 32, 40, 80, 96, 6, 61, 16, 33, 7, 57, 34, 12, 67, 10, 98, 56, 88, 29, 25, 91, 38, 19, 92, 0, 84, 51, 72, 81, 8, 2, 55, 62, 89, 94, 43]|[2, 1, 2, 1, 1, 2, 1, 1, 1, 1, 1, 0, 2, 2, 1, 2, 0, 0, 0, 2, 2, 1, 0, 2, 0, 2, 2, 1, 0, 1, 1, 1, 0, 0, 1, 0, 2, 1, 2, 2, 0, 0, 1, 1, 0, 2, 0, 2, 1, 0, 0, 2, 0, 0, 2, 0, 1, 1, 0, 0, 2, 1, 0, 2, 2, 0, 2, 2, 0, 1, 1, 2, 1, 2, 0, 1, 1, 1, 1, 2, 2, 1, 1, 1, 1, 0, 1, 0, 0, 0, 1, 1, 1, 0, 2, 0, 1, 1, 2, 1]|[0, 3, 0, 2, 4, 1, 4, 4, 2, 4, 3, 2, 1, 0, 2, 1, 1, 1, 2, 1, 1, 3, 0, 1, 0, 1, 1, 4, 1, 4, 3, 2, 2, 0, 4, 1, 1, 4, 0, 1, 2, 1, 4, 4, 1, 1, 0, 2, 3, 1, 2, 1, 2, 1, 1, 2, 4, 3, 0, 2, 2, 3, 1, 0, 1, 2, 0, 1, 2, 4, 3, 1, 4, 1, 2, 4, 3, 3, 3, 1, 1, 4, 3, 4, 3, 2, 4, 2, 2, 2, 3, 4, 1, 2, 1, 2, 3, 4, 1, 4]|[0, 2, 0, 1, 3, 0, 1, 3, 0, 0, 2, 0, 1, 0, 1, 0, 0, 0, 1, 0, 0, 2, 0, 0, 1, 0, 0, 3, 0, 1, 0, 2, 0, 1, 3, 0, 1, 3, 0, 0, 0, 0, 1, 3, 0, 0, 1, 0, 2, 0, 0, 0, 0, 0, 1, 0, 1, 0, 1, 1, 0, 2, 0, 0, 0, 0, 0, 0, 0, 2, 0, 0, 1, 0, 0, 1, 0, 0, 3, 0, 0, 1, 0, 3, 0, 0, 3, 0, 0, 0, 0, 2, 1, 0, 0, 0, 0, 1, 0, 2],855.0393744413956,51688.686262513584,111271.77089583754,true
22,G4_BALANCED,G4_BALANCED,[31, 22, 82, 15, 26, 58, 95, 42, 77, 12, 47, 5, 93, 78, 86, 54, 85, 63, 18, 44, 20, 35, 43, 97, 66, 76, 79, 30, 21, 45, 71, 64, 1, 23, 17, 83, 24, 14, 60, 36, 6, 57, 40, 88, 65, 56, 10, 94, 67, 68, 46, 75, 38, 9, 19, 32, 41, 81, 27, 62, 87, 90, 99, 59, 11, 16, 72, 73, 69, 39, 37, 84, 3, 92, 25, 55, 29, 28, 51, 7, 33, 61, 48, 98, 89, 8, 4, 96, 53, 80, 50, 91, 34, 2, 52, 0, 49, 70, 13, 74]|[1, 1, 0, 1, 1, 0, 1, 2, 2, 1, 2, 2, 2, 1, 1, 0, 0, 1, 0, 2, 2, 0, 1, 2, 2, 1, 2, 2, 0, 0, 1, 2, 1, 2, 1, 0, 2, 0, 1, 1, 0, 1, 1, 1, 0, 2, 2, 1, 0, 0, 0, 0, 1, 1, 2, 1, 0, 2, 0, 0, 2, 1, 0, 1, 2, 1, 2, 1, 1, 1, 1, 1, 1, 0, 1, 2, 0, 0, 0, 1, 2, 1, 0, 2, 1, 1, 1, 2, 0, 0, 0, 0, 2, 0, 1, 0, 0, 1, 0, 2]|[4, 3, 2, 2, 4, 1, 2, 2, 2, 4, 1, 1, 2, 4, 4, 1, 2, 4, 2, 1, 1, 1, 1, 2, 1, 2, 1, 1, 1, 1, 3, 1, 3, 1, 4, 0, 1, 1, 0, 3, 2, 2, 2, 0, 1, 1, 1, 4, 0, 1, 2, 2, 1, 4, 0, 3, 1, 1, 1, 2, 1, 3, 1, 1, 1, 3, 0, 4, 4, 1, 4, 1, 1, 0, 4, 1, 1, 2, 1, 1, 1, 3, 1, 1, 1, 3, 4, 1, 2, 1, 1, 1, 1, 2, 1, 2, 1, 3, 2, 1]|[0, 2, 1, 1, 3, 0, 1, 0, 0, 0, 0, 0, 1, 0, 1, 0, 0, 3, 1, 0, 0, 0, 3, 1, 0, 2, 0, 0, 0, 0, 0, 0, 0, 0, 3, 0, 1, 0, 0, 2, 1, 1, 1, 0, 0, 0, 0, 2, 1, 0, 0, 0, 1, 3, 0, 0, 0, 0, 0, 1, 0, 2, 0, 1, 0, 2, 1, 0, 2, 1, 1, 3, 1, 1, 3, 0, 0, 1, 0, 2, 0, 0, 0, 0, 1, 2, 0, 0, 1, 0, 0, 0, 0, 0, 1, 0, 1, 0, 0, 0],777.436160111927,55378.96358309585,98756.68483674081,false
22,G2_TEC,G2_TEC,[31, 22, 82, 15, 26, 9, 95, 42, 77, 68, 47, 5, 93, 78, 86, 54, 85, 63, 18, 44, 20, 49, 36, 14, 74, 50, 53, 17, 21, 28, 11, 64, 3, 23, 30, 83, 24, 41, 40, 52, 65, 27, 90, 70, 39, 87, 48, 69, 99, 4, 46, 1, 13, 58, 97, 59, 45, 8, 73, 37, 35, 79, 71, 66, 76, 32, 60, 80, 96, 6, 16, 61, 33, 7, 57, 34, 12, 67, 10, 98, 56, 88, 29, 75, 91, 38, 19, 92, 43, 84, 51, 72, 81, 25, 2, 55, 62, 89, 94, 0]|[2, 1, 2, 1, 1, 2, 1, 1, 1, 1, 1, 0, 2, 2, 1, 2, 0, 0, 0, 2, 2, 1, 0, 2, 0, 2, 2, 1, 0, 1, 1, 1, 0, 0, 1, 0, 2, 1, 2, 2, 0, 0, 1, 1, 0, 2, 0, 2, 1, 0, 0, 2, 0, 0, 2, 0, 1, 1, 0, 0, 2, 1, 1, 2, 2, 0, 2, 2, 0, 1, 2, 1, 1, 2, 0, 1, 1, 1, 1, 2, 2, 1, 1, 0, 1, 0, 1, 0, 1, 0, 1, 1, 1, 1, 2, 0, 1, 1, 2, 0]|[0, 3, 0, 3, 4, 1, 4, 4, 2, 4, 3, 2, 1, 0, 2, 1, 1, 1, 2, 1, 1, 3, 0, 1, 0, 1, 1, 4, 1, 4, 3, 2, 2, 0, 4, 1, 1, 4, 0, 1, 2, 1, 4, 4, 1, 1, 0, 2, 3, 2, 2, 1, 2, 1, 1, 2, 4, 3, 0, 2, 2, 3, 3, 0, 1, 2, 0, 1, 2, 4, 1, 3, 4, 1, 2, 4, 3, 3, 3, 1, 1, 4, 3, 2, 3, 2, 4, 2, 4, 2, 3, 4, 4, 4, 1, 2, 3, 4, 1, 2]|[0, 2, 0, 0, 3, 0, 1, 3, 0, 0, 2, 0, 1, 0, 1, 0, 0, 0, 1, 0, 0, 2, 0, 0, 1, 0, 0, 3, 0, 1, 0, 2, 0, 0, 3, 0, 1, 3, 0, 0, 0, 0, 1, 3, 0, 0, 1, 0, 2, 0, 0, 0, 0, 0, 1, 0, 1, 0, 1, 1, 0, 2, 0, 0, 0, 0, 0, 0, 0, 2, 0, 0, 1, 0, 0, 1, 0, 0, 3, 0, 0, 1, 0, 0, 0, 0, 1, 0, 2, 0, 0, 2, 1, 3, 0, 0, 0, 1, 0, 0],896.1029292898813,50428.13444364295,114595.46915086164,false
22,G3_TWC,G3_TWC,[31, 22, 82, 15, 26, 9, 95, 42, 77, 12, 47, 5, 93, 78, 86, 54, 85, 63, 18, 44, 20, 35, 43, 97, 91, 76, 10, 30, 21, 45, 71, 64, 1, 23, 17, 83, 24, 14, 60, 36, 6, 57, 40, 88, 65, 56, 79, 94, 67, 68, 46, 75, 38, 58, 19, 32, 81, 41, 27, 62, 87, 90, 99, 59, 11, 16, 72, 73, 69, 39, 37, 84, 3, 92, 25, 55, 28, 29, 51, 7, 66, 61, 98, 48, 89, 50, 4, 96, 53, 80, 8, 33, 34, 2, 52, 13, 0, 70, 74, 49]|[1, 1, 0, 1, 1, 1, 1, 2, 2, 1, 2, 2, 2, 1, 1, 0, 0, 1, 0, 2, 2, 0, 1, 2, 0, 1, 2, 2, 0, 0, 1, 2, 1, 2, 1, 0, 2, 0, 1, 1, 0, 1, 1, 1, 0, 2, 1, 1, 0, 0, 0, 0, 1, 1, 2, 1, 2, 0, 0, 0, 2, 1, 0, 1, 2, 1, 2, 1, 1, 1, 1, 1, 1, 0, 1, 1, 0, 0, 0, 1, 2, 1, 2, 0, 1, 0, 0, 0, 0, 0, 1, 2, 2, 0, 1, 0, 0, 1, 2, 0]|[4, 3, 2, 2, 0, 0, 2, 2, 2, 4, 1, 1, 2, 4, 4, 1, 2, 4, 2, 1, 1, 1, 1, 2, 1, 2, 1, 1, 1, 1, 3, 2, 3, 0, 4, 0, 1, 1, 0, 3, 2, 2, 2, 0, 1, 1, 0, 4, 0, 1, 2, 2, 1, 4, 0, 3, 2, 1, 1, 2, 1, 3, 1, 1, 1, 3, 0, 4, 3, 1, 4, 1, 1, 0, 4, 4, 2, 1, 1, 3, 1, 3, 1, 1, 1, 1, 2, 1, 2, 1, 3, 1, 1, 2, 1, 2, 2, 4, 1, 1]|[0, 2, 1, 1, 3, 3, 1, 0, 0, 0, 0, 0, 1, 0, 1, 0, 0, 3, 1, 0, 0, 0, 3, 1, 0, 2, 0, 0, 0, 1, 0, 0, 0, 0, 3, 0, 1, 0, 0, 2, 1, 1, 1, 0, 0, 0, 0, 2, 1, 0, 0, 0, 1, 3, 0, 0, 1, 0, 0, 1, 0, 2, 0, 1, 0, 2, 1, 0, 0, 1, 1, 3, 1, 1, 3, 3, 1, 0, 0, 2, 0, 0, 0, 0, 1, 0, 1, 0, 1, 0, 2, 0, 0, 0, 1, 0, 0, 2, 0, 1],795.9209522169074,58176.61051743866,90980.22022110094,false
22,G1_CMAX,G4_BALANCED,[31, 11, 82, 15, 26, 9, 95, 42, 77, 68, 47, 5, 93, 78, 86, 54, 85, 63, 18, 44, 20, 49, 36, 14, 74, 50, 53, 17, 21, 45, 71, 64, 3, 23, 30, 83, 24, 41, 60, 52, 65, 27, 90, 70, 39, 87, 48, 69, 99, 4, 46, 1, 13, 58, 97, 59, 28, 75, 73, 37, 35, 79, 22, 66, 76, 32, 40, 80, 96, 6, 61, 16, 33, 7, 57, 34, 12, 67, 10, 98, 56, 88, 29, 25, 91, 38, 19, 92, 0, 84, 51, 72, 81, 8, 2, 55, 62, 89, 94, 43]|[2, 1, 2, 1, 1, 2, 1, 1, 1, 1, 1, 0, 2, 2, 1, 2, 0, 0, 0, 2, 2, 1, 0, 2, 0, 2, 2, 1, 0, 1, 1, 1, 0, 0, 1, 0, 2, 1, 2, 2, 0, 0, 1, 1, 0, 2, 0, 2, 1, 0, 0, 2, 0, 0, 2, 0, 1, 1, 0, 0, 2, 1, 0, 2, 2, 0, 2, 2, 0, 1, 1, 2, 1, 2, 0, 1, 1, 1, 1, 2, 2, 1, 1, 1, 1, 0, 1, 0, 0, 0, 1, 1, 1, 0, 2, 0, 1, 1, 2, 1]|[0, 3, 0, 2, 4, 1, 4, 4, 2, 4, 3, 2, 1, 0, 2, 1, 1, 1, 2, 1, 1, 3, 0, 1, 0, 1, 1, 4, 1, 4, 3, 2, 2, 0, 4, 1, 1, 4, 0, 1, 2, 1, 4, 4, 1, 1, 0, 2, 3, 1, 2, 1, 2, 1, 1, 2, 4, 3, 0, 2, 2, 3, 1, 0, 1, 2, 0, 1, 2, 4, 3, 1, 4, 1, 2, 4, 3, 3, 3, 1, 1, 4, 3, 4, 3, 2, 4, 2, 2, 2, 3, 4, 1, 2, 1, 2, 3, 4, 1, 4]|[0, 2, 0, 1, 3, 0, 1, 3, 0, 0, 2, 0, 1, 0, 1, 0, 0, 0, 1, 0, 0, 2, 0, 0, 1, 0, 0, 3, 0, 1, 0, 2, 0, 1, 3, 0, 1, 3, 0, 0, 0, 0, 1, 3, 0, 0, 1, 0, 2, 0, 0, 0, 0, 0, 1, 0, 1, 0, 1, 1, 0, 2, 0, 0, 0, 0, 0, 0, 0, 2, 0, 0, 1, 0, 0, 1, 0, 0, 3, 0, 0, 1, 0, 3, 0, 0, 3, 0, 0, 0, 0, 2, 1, 0, 0, 0, 0, 1, 0, 2],855.0393744413956,51688.686262513584,111271.77089583754,true
22,G4_BALANCED,G4_BALANCED,[31, 22, 82, 15, 26, 58, 95, 42, 77, 12, 47, 5, 93, 78, 86, 54, 85, 63, 18, 44, 20, 35, 43, 97, 66, 76, 79, 30, 21, 45, 71, 64, 1, 23, 17, 83, 24, 14, 60, 36, 6, 57, 40, 88, 65, 56, 10, 94, 67, 68, 46, 75, 38, 9, 19, 32, 41, 81, 27, 62, 87, 90, 99, 59, 11, 16, 72, 73, 69, 39, 37, 84, 3, 92, 25, 55, 29, 28, 51, 7, 33, 61, 48, 98, 89, 8, 4, 96, 53, 80, 50, 91, 34, 2, 52, 0, 49, 70, 13, 74]|[1, 1, 0, 1, 1, 0, 1, 2, 2, 1, 2, 2, 2, 1, 1, 0, 0, 1, 0, 2, 2, 0, 1, 2, 2, 1, 2, 2, 0, 0, 1, 2, 1, 2, 1, 0, 2, 0, 1, 1, 0, 1, 1, 1, 0, 2, 2, 1, 0, 0, 0, 0, 1, 1, 2, 1, 0, 2, 0, 0, 2, 1, 0, 1, 2, 1, 2, 1, 1, 1, 1, 1, 1, 0, 1, 2, 0, 0, 0, 1, 2, 1, 0, 2, 1, 1, 1, 2, 0, 0, 0, 0, 2, 0, 1, 0, 0, 1, 0, 2]|[4, 3, 2, 2, 4, 1, 2, 2, 2, 4, 1, 1, 2, 4, 4, 1, 2, 4, 2, 1, 1, 1, 1, 2, 1, 2, 1, 1, 1, 1, 3, 1, 3, 1, 4, 0, 1, 1, 0, 3, 2, 2, 2, 0, 1, 1, 1, 4, 0, 1, 2, 2, 1, 4, 0, 3, 1, 1, 1, 2, 1, 3, 1, 1, 1, 3, 0, 4, 4, 1, 4, 1, 1, 0, 4, 1, 1, 2, 1, 1, 1, 3, 1, 1, 1, 3, 4, 1, 2, 1, 1, 1, 1, 2, 1, 2, 1, 3, 2, 1]|[0, 2, 1, 1, 3, 0, 1, 0, 0, 0, 0, 0, 1, 0, 1, 0, 0, 3, 1, 0, 0, 0, 3, 1, 0, 2, 0, 0, 0, 0, 0, 0, 0, 0, 3, 0, 1, 0, 0, 2, 1, 1, 1, 0, 0, 0, 0, 2, 1, 0, 0, 0, 1, 3, 0, 0, 0, 0, 0, 1, 0, 2, 0, 1, 0, 2, 1, 0, 2, 1, 1, 3, 1, 1, 3, 0, 0, 1, 0, 2, 0, 0, 0, 0, 1, 2, 0, 0, 1, 0, 0, 0, 0, 0, 1, 0, 1, 0, 0, 0],777.436160111927,55378.96358309585,98756.68483674081,false
22,G2_TEC,G2_TEC,[31, 22, 82, 15, 26, 9, 95, 42, 77, 68, 47, 5, 93, 78, 86, 54, 85, 63, 18, 44, 20, 49, 36, 14, 74, 50, 53, 17, 21, 28, 11, 64, 3, 23, 30, 83, 24, 41, 40, 52, 65, 27, 90, 70, 39, 87, 48, 69, 99, 4, 46, 1, 13, 58, 97, 59, 45, 8, 73, 37, 35, 79, 71, 66, 76, 32, 60, 80, 96, 6, 16, 61, 33, 7, 57, 34, 12, 67, 10, 98, 56, 88, 29, 75, 91, 38, 19, 92, 43, 84, 51, 72, 81, 25, 2, 55, 62, 89, 94, 0]|[2, 1, 2, 1, 1, 2, 1, 1, 1, 1, 1, 0, 2, 2, 1, 2, 0, 0, 0, 2, 2, 1, 0, 2, 0, 2, 2, 1, 0, 1, 1, 1, 0, 0, 1, 0, 2, 1, 2, 2, 0, 0, 1, 1, 0, 2, 0, 2, 1, 0, 0, 2, 0, 0, 2, 0, 1, 1, 0, 0, 2, 1, 1, 2, 2, 0, 2, 2, 0, 1, 2, 1, 1, 2, 0, 1, 1, 1, 1, 2, 2, 1, 1, 0, 1, 0, 1, 0, 1, 0, 1, 1, 1, 1, 2, 0, 1, 1, 2, 0]|[0, 3, 0, 3, 4, 1, 4, 4, 2, 4, 3, 2, 1, 0, 2, 1, 1, 1, 2, 1, 1, 3, 0, 1, 0, 1, 1, 4, 1, 4, 3, 2, 2, 0, 4, 1, 1, 4, 0, 1, 2, 1, 4, 4, 1, 1, 0, 2, 3, 2, 2, 1, 2, 1, 1, 2, 4, 3, 0, 2, 2, 3, 3, 0, 1, 2, 0, 1, 2, 4, 1, 3, 4, 1, 2, 4, 3, 3, 3, 1, 1, 4, 3, 2, 3, 2, 4, 2, 4, 2, 3, 4, 4, 4, 1, 2, 3, 4, 1, 2]|[0, 2, 0, 0, 3, 0, 1, 3, 0, 0, 2, 0, 1, 0, 1, 0, 0, 0, 1, 0, 0, 2, 0, 0, 1, 0, 0, 3, 0, 1, 0, 2, 0, 0, 3, 0, 1, 3, 0, 0, 0, 0, 1, 3, 0, 0, 1, 0, 2, 0, 0, 0, 0, 0, 1, 0, 1, 0, 1, 1, 0, 2, 0, 0, 0, 0, 0, 0, 0, 2, 0, 0, 1, 0, 0, 1, 0, 0, 3, 0, 0, 1, 0, 0, 0, 0, 1, 0, 2, 0, 0, 2, 1, 3, 0, 0, 0, 1, 0, 0],896.1029292898813,50428.13444364295,114595.46915086164,false
22,G3_TWC,G3_TWC,[31, 22, 82, 15, 26, 9, 95, 42, 77, 12, 47, 5, 93, 78, 86, 54, 85, 63, 18, 44, 20, 35, 43, 97, 91, 76, 10, 30, 21, 45, 71, 64, 1, 23, 17, 83, 24, 14, 60, 36, 6, 57, 40, 88, 65, 56, 79, 94, 67, 68, 46, 75, 38, 58, 19, 32, 81, 41, 27, 62, 87, 90, 99, 59, 11, 16, 72, 73, 69, 39, 37, 84, 3, 92, 25, 55, 28, 29, 51, 7, 66, 61, 98, 48, 89, 50, 4, 96, 53, 80, 8, 33, 34, 2, 52, 13, 0, 70, 74, 49]|[1, 1, 0, 1, 1, 1, 1, 2, 2, 1, 2, 2, 2, 1, 1, 0, 0, 1, 0, 2, 2, 0, 1, 2, 0, 1, 2, 2, 0, 0, 1, 2, 1, 2, 1, 0, 2, 0, 1, 1, 0, 1, 1, 1, 0, 2, 1, 1, 0, 0, 0, 0, 1, 1, 2, 1, 2, 0, 0, 0, 2, 1, 0, 1, 2, 1, 2, 1, 1, 1, 1, 1, 1, 0, 1, 1, 0, 0, 0, 1, 2, 1, 2, 0, 1, 0, 0, 0, 0, 0, 1, 2, 2, 0, 1, 0, 0, 1, 2, 0]|[4, 3, 2, 2, 0, 0, 2, 2, 2, 4, 1, 1, 2, 4, 4, 1, 2, 4, 2, 1, 1, 1, 1, 2, 1, 2, 1, 1, 1, 1, 3, 2, 3, 0, 4, 0, 1, 1, 0, 3, 2, 2, 2, 0, 1, 1, 0, 4, 0, 1, 2, 2, 1, 4, 0, 3, 2, 1, 1, 2, 1, 3, 1, 1, 1, 3, 0, 4, 3, 1, 4, 1, 1, 0, 4, 4, 2, 1, 1, 3, 1, 3, 1, 1, 1, 1, 2, 1, 2, 1, 3, 1, 1, 2, 1, 2, 2, 4, 1, 1]|[0, 2, 1, 1, 3, 3, 1, 0, 0, 0, 0, 0, 1, 0, 1, 0, 0, 3, 1, 0, 0, 0, 3, 1, 0, 2, 0, 0, 0, 1, 0, 0, 0, 0, 3, 0, 1, 0, 0, 2, 1, 1, 1, 0, 0, 0, 0, 2, 1, 0, 0, 0, 1, 3, 0, 0, 1, 0, 0, 1, 0, 2, 0, 1, 0, 2, 1, 0, 0, 1, 1, 3, 1, 1, 3, 3, 1, 0, 0, 2, 0, 0, 0, 0, 1, 0, 1, 0, 1, 0, 2, 0, 0, 0, 1, 0, 0, 2, 0, 1],795.9209522169074,58176.61051743866,90980.22022110094,false
22,G1_CMAX,G4_BALANCED,[31, 11, 82, 15, 26, 9, 95, 42, 77, 68, 47, 5, 93, 78, 86, 54, 85, 63, 18, 44, 20, 49, 36, 14, 74, 50, 53, 17, 21, 45, 71, 64, 3, 23, 30, 83, 24, 41, 60, 52, 65, 27, 90, 70, 39, 87, 48, 69, 99, 4, 46, 1, 13, 58, 97, 59, 28, 75, 73, 37, 35, 79, 22, 66, 76, 32, 40, 80, 96, 6, 61, 16, 33, 7, 57, 34, 12, 67, 10, 98, 56, 88, 29, 25, 91, 38, 19, 92, 0, 84, 51, 72, 81, 8, 2, 55, 62, 89, 94, 43]|[2, 1, 2, 1, 1, 2, 1, 1, 1, 1, 1, 0, 2, 2, 1, 2, 0, 0, 0, 2, 2, 1, 0, 2, 0, 2, 2, 1, 0, 1, 1, 1, 0, 0, 1, 0, 2, 1, 2, 2, 0, 0, 1, 1, 0, 2, 0, 2, 1, 0, 0, 2, 0, 0, 2, 0, 1, 1, 0, 0, 2, 1, 0, 2, 2, 0, 2, 2, 0, 1, 1, 2, 1, 2, 0, 1, 1, 1, 1, 2, 2, 1, 1, 1, 1, 0, 1, 0, 0, 0, 1, 1, 1, 0, 2, 0, 1, 1, 2, 1]|[0, 3, 0, 2, 4, 1, 4, 4, 2, 4, 3, 2, 1, 0, 2, 1, 1, 1, 2, 1, 1, 3, 0, 1, 0, 1, 1, 4, 1, 4, 3, 2, 2, 0, 4, 1, 1, 4, 0, 1, 2, 1, 4, 4, 1, 1, 0, 2, 3, 1, 2, 1, 2, 1, 1, 2, 4, 3, 0, 2, 2, 3, 1, 0, 1, 2, 0, 1, 2, 4, 3, 1, 4, 1, 2, 4, 3, 3, 3, 1, 1, 4, 3, 4, 3, 2, 4, 2, 2, 2, 3, 4, 1, 2, 1, 2, 3, 4, 1, 4]|[0, 2, 0, 1, 3, 0, 1, 3, 0, 0, 2, 0, 1, 0, 1, 0, 0, 0, 1, 0, 0, 2, 0, 0, 1, 0, 0, 3, 0, 1, 0, 2, 0, 1, 3, 0, 1, 3, 0, 0, 0, 0, 1, 3, 0, 0, 1, 0, 2, 0, 0, 0, 0, 0, 1, 0, 1, 0, 1, 1, 0, 2, 0, 0, 0, 0, 0, 0, 0, 2, 0, 0, 1, 0, 0, 1, 0, 0, 3, 0, 0, 1, 0, 3, 0, 0, 3, 0, 0, 0, 0, 2, 1, 0, 0, 0, 0, 1, 0, 2],855.0393744413956,51688.686262513584,111271.77089583754,true
22,G4_BALANCED,G4_BALANCED,[31, 22, 82, 15, 26, 58, 95, 42, 77, 12, 47, 5, 93, 78, 86, 54, 85, 63, 18, 44, 20, 35, 43, 97, 66, 76, 79, 30, 21, 45, 71, 64, 1, 23, 17, 83, 24, 14, 60, 36, 6, 57, 40, 88, 65, 56, 10, 94, 67, 68, 46, 75, 38, 9, 19, 32, 41, 81, 27, 62, 87, 90, 99, 59, 11, 16, 72, 73, 69, 39, 37, 84, 3, 92, 25, 55, 29, 28, 51, 7, 33, 61, 48, 98, 89, 8, 4, 96, 53, 80, 50, 91, 34, 2, 52, 0, 49, 70, 13, 74]|[1, 1, 0, 1, 1, 0, 1, 2, 2, 1, 2, 2, 2, 1, 1, 0, 0, 1, 0, 2, 2, 0, 1, 2, 2, 1, 2, 2, 0, 0, 1, 2, 1, 2, 1, 0, 2, 0, 1, 1, 0, 1, 1, 1, 0, 2, 2, 1, 0, 0, 0, 0, 1, 1, 2, 1, 0, 2, 0, 0, 2, 1, 0, 1, 2, 1, 2, 1, 1, 1, 1, 1, 1, 0, 1, 2, 0, 0, 0, 1, 2, 1, 0, 2, 1, 1, 1, 2, 0, 0, 0, 0, 2, 0, 1, 0, 0, 1, 0, 2]|[4, 3, 2, 2, 4, 1, 2, 2, 2, 4, 1, 1, 2, 4, 4, 1, 2, 4, 2, 1, 1, 1, 1, 2, 1, 2, 1, 1, 1, 1, 3, 1, 3, 1, 4, 0, 1, 1, 0, 3, 2, 2, 2, 0, 1, 1, 1, 4, 0, 1, 2, 2, 1, 4, 0, 3, 1, 1, 1, 2, 1, 3, 1, 1, 1, 3, 0, 4, 4, 1, 4, 1, 1, 0, 4, 1, 1, 2, 1, 1, 1, 3, 1, 1, 1, 3, 4, 1, 2, 1, 1, 1, 1, 2, 1, 2, 1, 3, 2, 1]|[0, 2, 1, 1, 3, 0, 1, 0, 0, 0, 0, 0, 1, 0, 1, 0, 0, 3, 1, 0, 0, 0, 3, 1, 0, 2, 0, 0, 0, 0, 0, 0, 0, 0, 3, 0, 1, 0, 0, 2, 1, 1, 1, 0, 0, 0, 0, 2, 1, 0, 0, 0, 1, 3, 0, 0, 0, 0, 0, 1, 0, 2, 0, 1, 0, 2, 1, 0, 2, 1, 1, 3, 1, 1, 3, 0, 0, 1, 0, 2, 0, 0, 0, 0, 1, 2, 0, 0, 1, 0, 0, 0, 0, 0, 1, 0, 1, 0, 0, 0],777.436160111927,55378.96358309585,98756.68483674081,false
22,G2_TEC,G2_TEC,[31, 22, 82, 15, 26, 9, 95, 42, 77, 68, 47, 5, 93, 78, 86, 54, 85, 63, 18, 44, 20, 49, 36, 14, 74, 50, 53, 17, 21, 28, 11, 64, 3, 23, 30, 83, 24, 41, 40, 52, 65, 27, 90, 70, 39, 87, 48, 69, 99, 4, 46, 1, 13, 58, 97, 59, 45, 8, 73, 37, 35, 79, 71, 66, 76, 32, 60, 80, 96, 6, 16, 61, 33, 7, 57, 34, 12, 67, 10, 98, 56, 88, 29, 75, 91, 38, 19, 92, 43, 84, 51, 72, 81, 25, 2, 55, 62, 89, 94, 0]|[2, 1, 2, 1, 1, 2, 1, 1, 1, 1, 1, 0, 2, 2, 1, 2, 0, 0, 0, 2, 2, 1, 0, 2, 0, 2, 2, 1, 0, 1, 1, 1, 0, 0, 1, 0, 2, 1, 2, 2, 0, 0, 1, 1, 0, 2, 0, 2, 1, 0, 0, 2, 0, 0, 2, 0, 1, 1, 0, 0, 2, 1, 1, 2, 2, 0, 2, 2, 0, 1, 2, 1, 1, 2, 0, 1, 1, 1, 1, 2, 2, 1, 1, 0, 1, 0, 1, 0, 1, 0, 1, 1, 1, 1, 2, 0, 1, 1, 2, 0]|[0, 3, 0, 3, 4, 1, 4, 4, 2, 4, 3, 2, 1, 0, 2, 1, 1, 1, 2, 1, 1, 3, 0, 1, 0, 1, 1, 4, 1, 4, 3, 2, 2, 0, 4, 1, 1, 4, 0, 1, 2, 1, 4, 4, 1, 1, 0, 2, 3, 2, 2, 1, 2, 1, 1, 2, 4, 3, 0, 2, 2, 3, 3, 0, 1, 2, 0, 1, 2, 4, 1, 3, 4, 1, 2, 4, 3, 3, 3, 1, 1, 4, 3, 2, 3, 2, 4, 2, 4, 2, 3, 4, 4, 4, 1, 2, 3, 4, 1, 2]|[0, 2, 0, 0, 3, 0, 1, 3, 0, 0, 2, 0, 1, 0, 1, 0, 0, 0, 1, 0, 0, 2, 0, 0, 1, 0, 0, 3, 0, 1, 0, 2, 0, 0, 3, 0, 1, 3, 0, 0, 0, 0, 1, 3, 0, 0, 1, 0, 2, 0, 0, 0, 0, 0, 1, 0, 1, 0, 1, 1, 0, 2, 0, 0, 0, 0, 0, 0, 0, 2, 0, 0, 1, 0, 0, 1, 0, 0, 3, 0, 0, 1, 0, 0, 0, 0, 1, 0, 2, 0, 0, 2, 1, 3, 0, 0, 0, 1, 0, 0],896.1029292898813,50428.13444364295,114595.46915086164,false
22,G3_TWC,G3_TWC,[31, 22, 82, 15, 26, 9, 95, 42, 77, 12, 47, 5, 93, 78, 86, 54, 85, 63, 18, 44, 20, 35, 43, 97, 91, 76, 10, 30, 21, 45, 71, 64, 1, 23, 17, 83, 24, 14, 60, 36, 6, 57, 40, 88, 65, 56, 79, 94, 67, 68, 46, 75, 38, 58, 19, 32, 81, 41, 27, 62, 87, 90, 99, 59, 11, 16, 72, 73, 69, 39, 37, 84, 3, 92, 25, 55, 28, 29, 51, 7, 66, 61, 98, 48, 89, 50, 4, 96, 53, 80, 8, 33, 34, 2, 52, 13, 0, 70, 74, 49]|[1, 1, 0, 1, 1, 1, 1, 2, 2, 1, 2, 2, 2, 1, 1, 0, 0, 1, 0, 2, 2, 0, 1, 2, 0, 1, 2, 2, 0, 0, 1, 2, 1, 2, 1, 0, 2, 0, 1, 1, 0, 1, 1, 1, 0, 2, 1, 1, 0, 0, 0, 0, 1, 1, 2, 1, 2, 0, 0, 0, 2, 1, 0, 1, 2, 1, 2, 1, 1, 1, 1, 1, 1, 0, 1, 1, 0, 0, 0, 1, 2, 1, 2, 0, 1, 0, 0, 0, 0, 0, 1, 2, 2, 0, 1, 0, 0, 1, 2, 0]|[4, 3, 2, 2, 0, 0, 2, 2, 2, 4, 1, 1, 2, 4, 4, 1, 2, 4, 2, 1, 1, 1, 1, 2, 1, 2, 1, 1, 1, 1, 3, 2, 3, 0, 4, 0, 1, 1, 0, 3, 2, 2, 2, 0, 1, 1, 0, 4, 0, 1, 2, 2, 1, 4, 0, 3, 2, 1, 1, 2, 1, 3, 1, 1, 1, 3, 0, 4, 3, 1, 4, 1, 1, 0, 4, 4, 2, 1, 1, 3, 1, 3, 1, 1, 1, 1, 2, 1, 2, 1, 3, 1, 1, 2, 1, 2, 2, 4, 1, 1]|[0, 2, 1, 1, 3, 3, 1, 0, 0, 0, 0, 0, 1, 0, 1, 0, 0, 3, 1, 0, 0, 0, 3, 1, 0, 2, 0, 0, 0, 1, 0, 0, 0, 0, 3, 0, 1, 0, 0, 2, 1, 1, 1, 0, 0, 0, 0, 2, 1, 0, 0, 0, 1, 3, 0, 0, 1, 0, 0, 1, 0, 2, 0, 1, 0, 2, 1, 0, 0, 1, 1, 3, 1, 1, 3, 3, 1, 0, 0, 2, 0, 0, 0, 0, 1, 0, 1, 0, 1, 0, 2, 0, 0, 0, 1, 0, 0, 2, 0, 1],795.9209522169074,58176.61051743866,90980.22022110094,false
22,G1_CMAX,G4_BALANCED,[31, 11, 82, 15, 26, 9, 95, 42, 77, 68, 47, 5, 93, 78, 86, 54, 85, 63, 18, 44, 20, 49, 36, 14, 74, 50, 53, 17, 21, 45, 71, 64, 3, 23, 30, 83, 24, 41, 60, 52, 65, 27, 90, 70, 39, 87, 48, 69, 99, 4, 46, 1, 13, 58, 97, 59, 28, 75, 73, 37, 35, 79, 22, 66, 76, 32, 40, 80, 96, 6, 61, 16, 33, 7, 57, 34, 12, 67, 10, 98, 56, 88, 29, 25, 91, 38, 19, 92, 0, 84, 51, 72, 81, 8, 2, 55, 62, 89, 94, 43]|[2, 1, 2, 1, 1, 2, 1, 1, 1, 1, 1, 0, 2, 2, 1, 2, 0, 0, 0, 2, 2, 1, 0, 2, 0, 2, 2, 1, 0, 1, 1, 1, 0, 0, 1, 0, 2, 1, 2, 2, 0, 0, 1, 1, 0, 2, 0, 2, 1, 0, 0, 2, 0, 0, 2, 0, 1, 1, 0, 0, 2, 1, 0, 2, 2, 0, 2, 2, 0, 1, 1, 2, 1, 2, 0, 1, 1, 1, 1, 2, 2, 1, 1, 1, 1, 0, 1, 0, 0, 0, 1, 1, 1, 0, 2, 0, 1, 1, 2, 1]|[0, 3, 0, 2, 4, 1, 4, 4, 2, 4, 3, 2, 1, 0, 2, 1, 1, 1, 2, 1, 1, 3, 0, 1, 0, 1, 1, 4, 1, 4, 3, 2, 2, 0, 4, 1, 1, 4, 0, 1, 2, 1, 4, 4, 1, 1, 0, 2, 3, 1, 2, 1, 2, 1, 1, 2, 4, 3, 0, 2, 2, 3, 1, 0, 1, 2, 0, 1, 2, 4, 3, 1, 4, 1, 2, 4, 3, 3, 3, 1, 1, 4, 3, 4, 3, 2, 4, 2, 2, 2, 3, 4, 1, 2, 1, 2, 3, 4, 1, 4]|[0, 2, 0, 1, 3, 0, 1, 3, 0, 0, 2, 0, 1, 0, 1, 0, 0, 0, 1, 0, 0, 2, 0, 0, 1, 0, 0, 3, 0, 1, 0, 2, 0, 1, 3, 0, 1, 3, 0, 0, 0, 0, 1, 3, 0, 0, 1, 0, 2, 0, 0, 0, 0, 0, 1, 0, 1, 0, 1, 1, 0, 2, 0, 0, 0, 0, 0, 0, 0, 2, 0, 0, 1, 0, 0, 1, 0, 0, 3, 0, 0, 1, 0, 3, 0, 0, 3, 0, 0, 0, 0, 2, 1, 0, 0, 0, 0, 1, 0, 2],855.0393744413956,51688.686262513584,111271.77089583754,true
22,G4_BALANCED,G4_BALANCED,[31, 22, 82, 15, 26, 58, 95, 42, 77, 12, 47, 5, 93, 78, 86, 54, 85, 63, 18, 44, 20, 35, 43, 97, 66, 76, 79, 30, 21, 45, 71, 64, 1, 23, 17, 83, 24, 14, 60, 36, 6, 57, 40, 88, 65, 56, 10, 94, 67, 68, 46, 75, 38, 9, 19, 32, 41, 81, 27, 62, 87, 90, 99, 59, 11, 16, 72, 73, 69, 39, 37, 84, 3, 92, 25, 55, 29, 28, 51, 7, 33, 61, 48, 98, 89, 8, 4, 96, 53, 80, 50, 91, 34, 2, 52, 0, 49, 70, 13, 74]|[1, 1, 0, 1, 1, 0, 1, 2, 2, 1, 2, 2, 2, 1, 1, 0, 0, 1, 0, 2, 2, 0, 1, 2, 2, 1, 2, 2, 0, 0, 1, 2, 1, 2, 1, 0, 2, 0, 1, 1, 0, 1, 1, 1, 0, 2, 2, 1, 0, 0, 0, 0, 1, 1, 2, 1, 0, 2, 0, 0, 2, 1, 0, 1, 2, 1, 2, 1, 1, 1, 1, 1, 1, 0, 1, 2, 0, 0, 0, 1, 2, 1, 0, 2, 1, 1, 1, 2, 0, 0, 0, 0, 2, 0, 1, 0, 0, 1, 0, 2]|[4, 3, 2, 2, 4, 1, 2, 2, 2, 4, 1, 1, 2, 4, 4, 1, 2, 4, 2, 1, 1, 1, 1, 2, 1, 2, 1, 1, 1, 1, 3, 1, 3, 1, 4, 0, 1, 1, 0, 3, 2, 2, 2, 0, 1, 1, 1, 4, 0, 1, 2, 2, 1, 4, 0, 3, 1, 1, 1, 2, 1, 3, 1, 1, 1, 3, 0, 4, 4, 1, 4, 1, 1, 0, 4, 1, 1, 2, 1, 1, 1, 3, 1, 1, 1, 3, 4, 1, 2, 1, 1, 1, 1, 2, 1, 2, 1, 3, 2, 1]|[0, 2, 1, 1, 3, 0, 1, 0, 0, 0, 0, 0, 1, 0, 1, 0, 0, 3, 1, 0, 0, 0, 3, 1, 0, 2, 0, 0, 0, 0, 0, 0, 0, 0, 3, 0, 1, 0, 0, 2, 1, 1, 1, 0, 0, 0, 0, 2, 1, 0, 0, 0, 1, 3, 0, 0, 0, 0, 0, 1, 0, 2, 0, 1, 0, 2, 1, 0, 2, 1, 1, 3, 1, 1, 3, 0, 0, 1, 0, 2, 0, 0, 0, 0, 1, 2, 0, 0, 1, 0, 0, 0, 0, 0, 1, 0, 1, 0, 0, 0],777.436160111927,55378.96358309585,98756.68483674081,false
22,G2_TEC,G2_TEC,[31, 22, 82, 15, 26, 9, 95, 42, 77, 68, 47, 5, 93, 78, 86, 54, 85, 63, 18, 44, 20, 49, 36, 14, 74, 50, 53, 17, 21, 28, 11, 64, 3, 23, 30, 83, 24, 41, 40, 52, 65, 27, 90, 70, 39, 87, 48, 69, 99, 4, 46, 1, 13, 58, 97, 59, 45, 8, 73, 37, 35, 79, 71, 66, 76, 32, 60, 80, 96, 6, 16, 61, 33, 7, 57, 34, 12, 67, 10, 98, 56, 88, 29, 75, 91, 38, 19, 92, 43, 84, 51, 72, 81, 25, 2, 55, 62, 89, 94, 0]|[2, 1, 2, 1, 1, 2, 1, 1, 1, 1, 1, 0, 2, 2, 1, 2, 0, 0, 0, 2, 2, 1, 0, 2, 0, 2, 2, 1, 0, 1, 1, 1, 0, 0, 1, 0, 2, 1, 2, 2, 0, 0, 1, 1, 0, 2, 0, 2, 1, 0, 0, 2, 0, 0, 2, 0, 1, 1, 0, 0, 2, 1, 1, 2, 2, 0, 2, 2, 0, 1, 2, 1, 1, 2, 0, 1, 1, 1, 1, 2, 2, 1, 1, 0, 1, 0, 1, 0, 1, 0, 1, 1, 1, 1, 2, 0, 1, 1, 2, 0]|[0, 3, 0, 3, 4, 1, 4, 4, 2, 4, 3, 2, 1, 0, 2, 1, 1, 1, 2, 1, 1, 3, 0, 1, 0, 1, 1, 4, 1, 4, 3, 2, 2, 0, 4, 1, 1, 4, 0, 1, 2, 1, 4, 4, 1, 1, 0, 2, 3, 2, 2, 1, 2, 1, 1, 2, 4, 3, 0, 2, 2, 3, 3, 0, 1, 2, 0, 1, 2, 4, 1, 3, 4, 1, 2, 4, 3, 3, 3, 1, 1, 4, 3, 2, 3, 2, 4, 2, 4, 2, 3, 4, 4, 4, 1, 2, 3, 4, 1, 2]|[0, 2, 0, 0, 3, 0, 1, 3, 0, 0, 2, 0, 1, 0, 1, 0, 0, 0, 1, 0, 0, 2, 0, 0, 1, 0, 0, 3, 0, 1, 0, 2, 0, 0, 3, 0, 1, 3, 0, 0, 0, 0, 1, 3, 0, 0, 1, 0, 2, 0, 0, 0, 0, 0, 1, 0, 1, 0, 1, 1, 0, 2, 0, 0, 0, 0, 0, 0, 0, 2, 0, 0, 1, 0, 0, 1, 0, 0, 3, 0, 0, 1, 0, 0, 0, 0, 1, 0, 2, 0, 0, 2, 1, 3, 0, 0, 0, 1, 0, 0],896.1029292898813,50428.13444364295,114595.46915086164,false
22,G3_TWC,G3_TWC,[31, 22, 82, 15, 26, 9, 95, 42, 77, 12, 47, 5, 93, 78, 86, 54, 85, 63, 18, 44, 20, 35, 43, 97, 91, 76, 10, 30, 21, 45, 71, 64, 1, 23, 17, 83, 24, 14, 60, 36, 6, 57, 40, 88, 65, 56, 79, 94, 67, 68, 46, 75, 38, 58, 19, 32, 81, 41, 27, 62, 87, 90, 99, 59, 11, 16, 72, 73, 69, 39, 37, 84, 3, 92, 25, 55, 28, 29, 51, 7, 66, 61, 98, 48, 89, 50, 4, 96, 53, 80, 8, 33, 34, 2, 52, 13, 0, 70, 74, 49]|[1, 1, 0, 1, 1, 1, 1, 2, 2, 1, 2, 2, 2, 1, 1, 0, 0, 1, 0, 2, 2, 0, 1, 2, 0, 1, 2, 2, 0, 0, 1, 2, 1, 2, 1, 0, 2, 0, 1, 1, 0, 1, 1, 1, 0, 2, 1, 1, 0, 0, 0, 0, 1, 1, 2, 1, 2, 0, 0, 0, 2, 1, 0, 1, 2, 1, 2, 1, 1, 1, 1, 1, 1, 0, 1, 1, 0, 0, 0, 1, 2, 1, 2, 0, 1, 0, 0, 0, 0, 0, 1, 2, 2, 0, 1, 0, 0, 1, 2, 0]|[4, 3, 2, 2, 0, 0, 2, 2, 2, 4, 1, 1, 2, 4, 4, 1, 2, 4, 2, 1, 1, 1, 1, 2, 1, 2, 1, 1, 1, 1, 3, 2, 3, 0, 4, 0, 1, 1, 0, 3, 2, 2, 2, 0, 1, 1, 0, 4, 0, 1, 2, 2, 1, 4, 0, 3, 2, 1, 1, 2, 1, 3, 1, 1, 1, 3, 0, 4, 3, 1, 4, 1, 1, 0, 4, 4, 2, 1, 1, 3, 1, 3, 1, 1, 1, 1, 2, 1, 2, 1, 3, 1, 1, 2, 1, 2, 2, 4, 1, 1]|[0, 2, 1, 1, 3, 3, 1, 0, 0, 0, 0, 0, 1, 0, 1, 0, 0, 3, 1, 0, 0, 0, 3, 1, 0, 2, 0, 0, 0, 1, 0, 0, 0, 0, 3, 0, 1, 0, 0, 2, 1, 1, 1, 0, 0, 0, 0, 2, 1, 0, 0, 0, 1, 3, 0, 0, 1, 0, 0, 1, 0, 2, 0, 1, 0, 2, 1, 0, 0, 1, 1, 3, 1, 1, 3, 3, 1, 0, 0, 2, 0, 0, 0, 0, 1, 0, 1, 0, 1, 0, 2, 0, 0, 0, 1, 0, 0, 2, 0, 1],795.9209522169074,58176.61051743866,90980.22022110094,false
22,G1_CMAX,G1_CMAX,[31, 22, 82, 15, 26, 9, 42, 77, 12, 5, 47, 93, 78, 86, 54, 6, 63, 18, 44, 20, 35, 43, 97, 91, 76, 10, 30, 21, 45, 17, 23, 1, 71, 83, 24, 14, 60, 36, 85, 57, 40, 95, 88, 65, 56, 79, 94, 67, 68, 46, 75, 38, 58, 19, 32, 81, 41, 62, 87, 28, 90, 59, 11, 16, 72, 73, 69, 52, 37, 64, 84, 3, 25, 29, 55, 51, 7, 98, 61, 66, 99, 33, 89, 48, 50, 96, 53, 80, 4, 8, 27, 2, 39, 13, 0, 92, 49, 74, 34, 70]|[1, 1, 0, 1, 1, 1, 2, 2, 1, 2, 2, 1, 1, 1, 0, 0, 1, 0, 2, 2, 0, 1, 2, 2, 1, 2, 2, 0, 0, 1, 2, 1, 1, 0, 2, 0, 1, 1, 0, 1, 1, 1, 1, 0, 2, 1, 1, 0, 0, 0, 0, 1, 1, 2, 1, 2, 0, 0, 2, 0, 1, 2, 2, 1, 2, 1, 1, 1, 1, 1, 1, 2, 1, 0, 2, 0, 1, 2, 1, 0, 0, 2, 1, 0, 0, 2, 0, 0, 1, 1, 0, 0, 1, 0, 0, 0, 0, 2, 2, 1]|[0, 3, 1, 2, 0, 0, 1, 1, 4, 1, 1, 4, 4, 4, 2, 2, 4, 2, 1, 1, 1, 1, 2, 1, 2, 1, 1, 1, 1, 4, 0, 3, 3, 0, 1, 1, 0, 3, 2, 2, 2, 2, 0, 1, 1, 0, 4, 0, 1, 2, 2, 1, 4, 0, 3, 2, 1, 2, 1, 2, 3, 1, 1, 3, 0, 4, 4, 1, 4, 3, 1, 2, 4, 1, 1, 1, 1, 1, 3, 1, 1, 1, 1, 1, 1, 1, 2, 1, 4, 3, 2, 2, 1, 2, 2, 0, 1, 1, 1, 4]|[1, 1, 1, 1, 3, 3, 0, 0, 0, 0, 0, 2, 0, 1, 0, 0, 3, 1, 0, 0, 0, 3, 1, 0, 2, 0, 0, 0, 1, 3, 0, 0, 0, 0, 1, 0, 0, 2, 1, 1, 1, 1, 0, 0, 0, 0, 2, 1, 0, 0, 0, 1, 3, 0, 0, 1, 0, 1, 0, 1, 2, 0, 0, 2, 1, 0, 2, 1, 1, 0, 3, 1, 3, 0, 0, 0, 2, 0, 0, 0, 0, 0, 1, 0, 0, 0, 1, 0, 0, 2, 1, 0, 1, 0, 0, 1, 1, 0, 0, 2],733.3116759547878,58140.55643565909,96674.14109675489,false
22,G4_BALANCED,G4_BALANCED,[31, 22, 82, 15, 26, 58, 95, 42, 77, 12, 47, 5, 93, 78, 86, 54, 85, 63, 18, 44, 20, 35, 43, 97, 66, 76, 79, 30, 21, 45, 71, 64, 1, 23, 17, 83, 24, 14, 60, 36, 6, 57, 40, 88, 65, 56, 10, 94, 67, 68, 46, 75, 38, 9, 19, 32, 41, 81, 27, 62, 87, 90, 99, 59, 11, 16, 72, 73, 69, 39, 37, 84, 3, 92, 25, 55, 29, 28, 51, 7, 33, 61, 48, 98, 89, 8, 4, 96, 53, 80, 50, 91, 34, 2, 52, 0, 49, 70, 13, 74]|[1, 1, 0, 1, 1, 0, 1, 2, 2, 1, 2, 2, 2, 1, 1, 0, 0, 1, 0, 2, 2, 0, 1, 2, 2, 1, 2, 2, 0, 0, 1, 2, 1, 2, 1, 0, 2, 0, 1, 1, 0, 1, 1, 1, 0, 2, 2, 1, 0, 0, 0, 0, 1, 1, 2, 1, 0, 2, 0, 0, 2, 1, 0, 1, 2, 1, 2, 1, 1, 1, 1, 1, 1, 0, 1, 2, 0, 0, 0, 1, 2, 1, 0, 2, 1, 1, 1, 2, 0, 0, 0, 0, 2, 0, 1, 0, 0, 1, 0, 2]|[4, 3, 2, 2, 4, 1, 2, 2, 2, 4, 1, 1, 2, 4, 4, 1, 2, 4, 2, 1, 1, 1, 1, 2, 1, 2, 1, 1, 1, 1, 3, 1, 3, 1, 4, 0, 1, 1, 0, 3, 2, 2, 2, 0, 1, 1, 1, 4, 0, 1, 2, 2, 1, 4, 0, 3, 1, 1, 1, 2, 1, 3, 1, 1, 1, 3, 0, 4, 4, 1, 4, 1, 1, 0, 4, 1, 1, 2, 1, 1, 1, 3, 1, 1, 1, 3, 4, 1, 2, 1, 1, 1, 1, 2, 1, 2, 1, 3, 2, 1]|[0, 2, 1, 1, 3, 0, 1, 0, 0, 0, 0, 0, 1, 0, 1, 0, 0, 3, 1, 0, 0, 0, 3, 1, 0, 2, 0, 0, 0, 0, 0, 0, 0, 0, 3, 0, 1, 0, 0, 2, 1, 1, 1, 0, 0, 0, 0, 2, 1, 0, 0, 0, 1, 3, 0, 0, 0, 0, 0, 1, 0, 2, 0, 1, 0, 2, 1, 0, 2, 1, 1, 3, 1, 1, 3, 0, 0, 1, 0, 2, 0, 0, 0, 0, 1, 2, 0, 0, 1, 0, 0, 0, 0, 0, 1, 0, 1, 0, 0, 0],777.436160111927,55378.96358309585,98756.68483674081,false
22,G2_TEC,G2_TEC,[31, 22, 82, 15, 26, 9, 95, 42, 77, 68, 47, 5, 93, 78, 86, 54, 85, 63, 18, 44, 20, 49, 36, 14, 74, 50, 53, 17, 21, 28, 11, 64, 3, 23, 30, 83, 24, 41, 40, 52, 65, 27, 90, 70, 39, 87, 48, 69, 99, 4, 46, 1, 13, 58, 97, 59, 45, 8, 73, 37, 35, 79, 71, 66, 76, 32, 60, 80, 96, 6, 16, 61, 33, 7, 57, 34, 12, 67, 10, 98, 56, 88, 29, 75, 91, 38, 19, 92, 43, 84, 51, 72, 81, 25, 2, 55, 62, 89, 94, 0]|[2, 1, 2, 1, 1, 2, 1, 1, 1, 1, 1, 0, 2, 2, 1, 2, 0, 0, 0, 2, 2, 1, 0, 2, 0, 2, 2, 1, 0, 1, 1, 1, 0, 0, 1, 0, 2, 1, 2, 2, 0, 0, 1, 1, 0, 2, 0, 2, 1, 0, 0, 2, 0, 0, 2, 0, 1, 1, 0, 0, 2, 1, 1, 2, 2, 0, 2, 2, 0, 1, 2, 1, 1, 2, 0, 1, 1, 1, 1, 2, 2, 1, 1, 0, 1, 0, 1, 0, 1, 0, 1, 1, 1, 1, 2, 0, 1, 1, 2, 0]|[0, 3, 0, 3, 4, 1, 4, 4, 2, 4, 3, 2, 1, 0, 2, 1, 1, 1, 2, 1, 1, 3, 0, 1, 0, 1, 1, 4, 1, 4, 3, 2, 2, 0, 4, 1, 1, 4, 0, 1, 2, 1, 4, 4, 1, 1, 0, 2, 3, 2, 2, 1, 2, 1, 1, 2, 4, 3, 0, 2, 2, 3, 3, 0, 1, 2, 0, 1, 2, 4, 1, 3, 4, 1, 2, 4, 3, 3, 3, 1, 1, 4, 3, 2, 3, 2, 4, 2, 4, 2, 3, 4, 4, 4, 1, 2, 3, 4, 1, 2]|[0, 2, 0, 0, 3, 0, 1, 3, 0, 0, 2, 0, 1, 0, 1, 0, 0, 0, 1, 0, 0, 2, 0, 0, 1, 0, 0, 3, 0, 1, 0, 2, 0, 0, 3, 0, 1, 3, 0, 0, 0, 0, 1, 3, 0, 0, 1, 0, 2, 0, 0, 0, 0, 0, 1, 0, 1, 0, 1, 1, 0, 2, 0, 0, 0, 0, 0, 0, 0, 2, 0, 0, 1, 0, 0, 1, 0, 0, 3, 0, 0, 1, 0, 0, 0, 0, 1, 0, 2, 0, 0, 2, 1, 3, 0, 0, 0, 1, 0, 0],896.1029292898813,50428.13444364295,114595.46915086164,false
22,G3_TWC,G1_CMAX,[31, 22, 82, 15, 26, 9, 42, 95, 77, 12, 47, 5, 93, 78, 86, 54, 85, 63, 18, 44, 20, 35, 43, 97, 91, 76, 10, 30, 21, 45, 71, 64, 1, 23, 17, 83, 24, 14, 60, 36, 6, 57, 94, 88, 65, 56, 79, 40, 67, 68, 46, 75, 38, 58, 19, 32, 81, 41, 27, 62, 87, 90, 99, 59, 11, 16, 72, 73, 70, 39, 37, 84, 3, 92, 25, 55, 28, 29, 51, 7, 33, 61, 98, 66, 89, 50, 8, 96, 53, 4, 80, 13, 34, 49, 52, 0, 48, 69, 2, 74]|[1, 1, 0, 1, 1, 1, 2, 1, 2, 1, 2, 2, 2, 1, 1, 0, 0, 1, 0, 2, 2, 0, 1, 2, 0, 1, 2, 2, 0, 0, 1, 2, 1, 2, 1, 0, 2, 0, 1, 1, 0, 1, 1, 1, 0, 2, 1, 1, 0, 0, 0, 0, 1, 1, 2, 1, 2, 0, 0, 0, 2, 1, 0, 1, 2, 1, 2, 1, 1, 1, 1, 1, 1, 0, 1, 1, 0, 0, 0, 1, 2, 1, 0, 2, 1, 0, 1, 0, 0, 0, 0, 0, 2, 0, 1, 0, 0, 1, 0, 2]|[4, 3, 2, 2, 0, 0, 2, 2, 2, 4, 1, 1, 2, 4, 4, 1, 2, 4, 2, 1, 1, 1, 1, 2, 1, 2, 1, 1, 1, 1, 3, 2, 3, 0, 4, 0, 1, 1, 0, 3, 2, 2, 4, 0, 1, 1, 0, 2, 0, 1, 2, 2, 1, 4, 0, 3, 2, 1, 1, 2, 1, 3, 1, 1, 1, 3, 0, 4, 3, 1, 4, 1, 1, 0, 4, 4, 2, 1, 1, 3, 1, 3, 1, 1, 1, 1, 3, 1, 2, 2, 1, 1, 1, 1, 1, 2, 2, 3, 2, 1]|[0, 2, 1, 1, 3, 3, 0, 1, 0, 0, 0, 0, 1, 0, 1, 0, 0, 3, 1, 0, 0, 0, 3, 1, 0, 2, 0, 0, 0, 1, 0, 0, 0, 0, 3, 0, 1, 0, 0, 2, 1, 1, 2, 0, 0, 0, 0, 1, 1, 0, 0, 0, 1, 3, 0, 0, 1, 0, 0, 1, 0, 2, 0, 1, 0, 2, 1, 0, 0, 1, 1, 3, 1, 1, 3, 3, 1, 0, 0, 2, 0, 0, 0, 0, 1, 0, 2, 0, 1, 1, 0, 0, 0, 1, 1, 0, 0, 0, 0, 0],800.9728923351585,58117.763115372225,90558.04465999853,true
22,G1_CMAX,G1_CMAX,[31, 22, 82, 15, 26, 9, 42, 77, 12, 5, 47, 93, 78, 86, 54, 6, 63, 18, 44, 20, 35, 43, 97, 91, 76, 10, 30, 21, 45, 17, 23, 1, 71, 83, 24, 14, 60, 36, 85, 57, 40, 95, 88, 65, 56, 79, 94, 67, 68, 46, 75, 38, 58, 19, 32, 81, 41, 62, 87, 28, 90, 59, 11, 16, 72, 73, 69, 52, 37, 64, 84, 3, 25, 29, 55, 51, 7, 98, 61, 66, 99, 33, 89, 48, 50, 96, 53, 80, 4, 8, 27, 2, 39, 13, 0, 92, 49, 74, 34, 70]|[1, 1, 0, 1, 1, 1, 2, 2, 1, 2, 2, 1, 1, 1, 0, 0, 1, 0, 2, 2, 0, 1, 2, 2, 1, 2, 2, 0, 0, 1, 2, 1, 1, 0, 2, 0, 1, 1, 0, 1, 1, 1, 1, 0, 2, 1, 1, 0, 0, 0, 0, 1, 1, 2, 1, 2, 0, 0, 2, 0, 1, 2, 2, 1, 2, 1, 1, 1, 1, 1, 1, 2, 1, 0, 2, 0, 1, 2, 1, 0, 0, 2, 1, 0, 0, 2, 0, 0, 1, 1, 0, 0, 1, 0, 0, 0, 0, 2, 2, 1]|[0, 3, 1, 2, 0, 0, 1, 1, 4, 1, 1, 4, 4, 4, 2, 2, 4, 2, 1, 1, 1, 1, 2, 1, 2, 1, 1, 1, 1, 4, 0, 3, 3, 0, 1, 1, 0, 3, 2, 2, 2, 2, 0, 1, 1, 0, 4, 0, 1, 2, 2, 1, 4, 0, 3, 2, 1, 2, 1, 2, 3, 1, 1, 3, 0, 4, 4, 1, 4, 3, 1, 2, 4, 1, 1, 1, 1, 1, 3, 1, 1, 1, 1, 1, 1, 1, 2, 1, 4, 3, 2, 2, 1, 2, 2, 0, 1, 1, 1, 4]|[1, 1, 1, 1, 3, 3, 0, 0, 0, 0, 0, 2, 0, 1, 0, 0, 3, 1, 0, 0, 0, 3, 1, 0, 2, 0, 0, 0, 1, 3, 0, 0, 0, 0, 1, 0, 0, 2, 1, 1, 1, 1, 0, 0, 0, 0, 2, 1, 0, 0, 0, 1, 3, 0, 0, 1, 0, 1, 0, 1, 2, 0, 0, 2, 1, 0, 2, 1, 1, 0, 3, 1, 3, 0, 0, 0, 2, 0, 0, 0, 0, 0, 1, 0, 0, 0, 1, 0, 0, 2, 1, 0, 1, 0, 0, 1, 1, 0, 0, 2],733.3116759547878,58140.55643565909,96674.14109675489,false
22,G4_BALANCED,G4_BALANCED,[31, 22, 82, 15, 26, 58, 95, 42, 77, 12, 47, 5, 93, 78, 86, 54, 85, 63, 18, 44, 20, 35, 43, 97, 66, 76, 79, 30, 21, 45, 71, 64, 1, 23, 17, 83, 24, 14, 60, 36, 6, 57, 40, 88, 65, 56, 10, 94, 67, 68, 46, 75, 38, 9, 19, 32, 41, 81, 27, 62, 87, 90, 99, 59, 11, 16, 72, 73, 69, 39, 37, 84, 3, 92, 25, 55, 29, 28, 51, 7, 33, 61, 48, 98, 89, 8, 4, 96, 53, 80, 50, 91, 34, 2, 52, 0, 49, 70, 13, 74]|[1, 1, 0, 1, 1, 0, 1, 2, 2, 1, 2, 2, 2, 1, 1, 0, 0, 1, 0, 2, 2, 0, 1, 2, 2, 1, 2, 2, 0, 0, 1, 2, 1, 2, 1, 0, 2, 0, 1, 1, 0, 1, 1, 1, 0, 2, 2, 1, 0, 0, 0, 0, 1, 1, 2, 1, 0, 2, 0, 0, 2, 1, 0, 1, 2, 1, 2, 1, 1, 1, 1, 1, 1, 0, 1, 2, 0, 0, 0, 1, 2, 1, 0, 2, 1, 1, 1, 2, 0, 0, 0, 0, 2, 0, 1, 0, 0, 1, 0, 2]|[4, 3, 2, 2, 4, 1, 2, 2, 2, 4, 1, 1, 2, 4, 4, 1, 2, 4, 2, 1, 1, 1, 1, 2, 1, 2, 1, 1, 1, 1, 3, 1, 3, 1, 4, 0, 1, 1, 0, 3, 2, 2, 2, 0, 1, 1, 1, 4, 0, 1, 2, 2, 1, 4, 0, 3, 1, 1, 1, 2, 1, 3, 1, 1, 1, 3, 0, 4, 4, 1, 4, 1, 1, 0, 4, 1, 1, 2, 1, 1, 1, 3, 1, 1, 1, 3, 4, 1, 2, 1, 1, 1, 1, 2, 1, 2, 1, 3, 2, 1]|[0, 2, 1, 1, 3, 0, 1, 0, 0, 0, 0, 0, 1, 0, 1, 0, 0, 3, 1, 0, 0, 0, 3, 1, 0, 2, 0, 0, 0, 0, 0, 0, 0, 0, 3, 0, 1, 0, 0, 2, 1, 1, 1, 0, 0, 0, 0, 2, 1, 0, 0, 0, 1, 3, 0, 0, 0, 0, 0, 1, 0, 2, 0, 1, 0, 2, 1, 0, 2, 1, 1, 3, 1, 1, 3, 0, 0, 1, 0, 2, 0, 0, 0, 0, 1, 2, 0, 0, 1, 0, 0, 0, 0, 0, 1, 0, 1, 0, 0, 0],777.436160111927,55378.96358309585,98756.68483674081,false
22,G2_TEC,G2_TEC,[31, 22, 82, 15, 26, 9, 95, 42, 77, 68, 47, 5, 93, 78, 86, 54, 85, 63, 18, 44, 20, 49, 36, 14, 74, 50, 53, 17, 21, 28, 11, 64, 3, 23, 30, 83, 24, 41, 40, 52, 65, 27, 90, 70, 39, 87, 48, 69, 99, 4, 46, 1, 13, 58, 97, 59, 45, 8, 73, 37, 35, 79, 71, 66, 76, 32, 60, 80, 96, 6, 16, 61, 33, 7, 57, 34, 12, 67, 10, 98, 56, 88, 29, 75, 91, 38, 19, 92, 43, 84, 51, 72, 81, 25, 2, 55, 62, 89, 94, 0]|[2, 1, 2, 1, 1, 2, 1, 1, 1, 1, 1, 0, 2, 2, 1, 2, 0, 0, 0, 2, 2, 1, 0, 2, 0, 2, 2, 1, 0, 1, 1, 1, 0, 0, 1, 0, 2, 1, 2, 2, 0, 0, 1, 1, 0, 2, 0, 2, 1, 0, 0, 2, 0, 0, 2, 0, 1, 1, 0, 0, 2, 1, 1, 2, 2, 0, 2, 2, 0, 1, 2, 1, 1, 2, 0, 1, 1, 1, 1, 2, 2, 1, 1, 0, 1, 0, 1, 0, 1, 0, 1, 1, 1, 1, 2, 0, 1, 1, 2, 0]|[0, 3, 0, 3, 4, 1, 4, 4, 2, 4, 3, 2, 1, 0, 2, 1, 1, 1, 2, 1, 1, 3, 0, 1, 0, 1, 1, 4, 1, 4, 3, 2, 2, 0, 4, 1, 1, 4, 0, 1, 2, 1, 4, 4, 1, 1, 0, 2, 3, 2, 2, 1, 2, 1, 1, 2, 4, 3, 0, 2, 2, 3, 3, 0, 1, 2, 0, 1, 2, 4, 1, 3, 4, 1, 2, 4, 3, 3, 3, 1, 1, 4, 3, 2, 3, 2, 4, 2, 4, 2, 3, 4, 4, 4, 1, 2, 3, 4, 1, 2]|[0, 2, 0, 0, 3, 0, 1, 3, 0, 0, 2, 0, 1, 0, 1, 0, 0, 0, 1, 0, 0, 2, 0, 0, 1, 0, 0, 3, 0, 1, 0, 2, 0, 0, 3, 0, 1, 3, 0, 0, 0, 0, 1, 3, 0, 0, 1, 0, 2, 0, 0, 0, 0, 0, 1, 0, 1, 0, 1, 1, 0, 2, 0, 0, 0, 0, 0, 0, 0, 2, 0, 0, 1, 0, 0, 1, 0, 0, 3, 0, 0, 1, 0, 0, 0, 0, 1, 0, 2, 0, 0, 2, 1, 3, 0, 0, 0, 1, 0, 0],896.1029292898813,50428.13444364295,114595.46915086164,false
22,G3_TWC,G1_CMAX,[31, 22, 82, 15, 26, 9, 42, 95, 77, 12, 47, 5, 93, 78, 86, 54, 85, 63, 18, 44, 20, 35, 43, 97, 91, 76, 10, 30, 21, 45, 71, 64, 1, 23, 17, 83, 24, 14, 60, 36, 6, 57, 94, 88, 65, 56, 79, 40, 67, 68, 46, 75, 38, 58, 19, 32, 81, 41, 27, 62, 87, 90, 99, 59, 11, 16, 72, 73, 70, 39, 37, 84, 3, 92, 25, 55, 28, 29, 51, 7, 33, 61, 98, 66, 89, 50, 8, 96, 53, 4, 80, 13, 34, 49, 52, 0, 48, 69, 2, 74]|[1, 1, 0, 1, 1, 1, 2, 1, 2, 1, 2, 2, 2, 1, 1, 0, 0, 1, 0, 2, 2, 0, 1, 2, 0, 1, 2, 2, 0, 0, 1, 2, 1, 2, 1, 0, 2, 0, 1, 1, 0, 1, 1, 1, 0, 2, 1, 1, 0, 0, 0, 0, 1, 1, 2, 1, 2, 0, 0, 0, 2, 1, 0, 1, 2, 1, 2, 1, 1, 1, 1, 1, 1, 0, 1, 1, 0, 0, 0, 1, 2, 1, 0, 2, 1, 0, 1, 0, 0, 0, 0, 0, 2, 0, 1, 0, 0, 1, 0, 2]|[4, 3, 2, 2, 0, 0, 2, 2, 2, 4, 1, 1, 2, 4, 4, 1, 2, 4, 2, 1, 1, 1, 1, 2, 1, 2, 1, 1, 1, 1, 3, 2, 3, 0, 4, 0, 1, 1, 0, 3, 2, 2, 4, 0, 1, 1, 0, 2, 0, 1, 2, 2, 1, 4, 0, 3, 2, 1, 1, 2, 1, 3, 1, 1, 1, 3, 0, 4, 3, 1, 4, 1, 1, 0, 4, 4, 2, 1, 1, 3, 1, 3, 1, 1, 1, 1, 3, 1, 2, 2, 1, 1, 1, 1, 1, 2, 2, 3, 2, 1]|[0, 2, 1, 1, 3, 3, 0, 1, 0, 0, 0, 0, 1, 0, 1, 0, 0, 3, 1, 0, 0, 0, 3, 1, 0, 2, 0, 0, 0, 1, 0, 0, 0, 0, 3, 0, 1, 0, 0, 2, 1, 1, 2, 0, 0, 0, 0, 1, 1, 0, 0, 0, 1, 3, 0, 0, 1, 0, 0, 1, 0, 2, 0, 1, 0, 2, 1, 0, 0, 1, 1, 3, 1, 1, 3, 3, 1, 0, 0, 2, 0, 0, 0, 0, 1, 0, 2, 0, 1, 1, 0, 0, 0, 1, 1, 0, 0, 0, 0, 0],800.9728923351585,58117.763115372225,90558.04465999853,true
23,G1_CMAX,G1_CMAX,[31, 22, 82, 15, 26, 9, 42, 77, 12, 5, 47, 93, 78, 86, 54, 6, 63, 18, 44, 20, 35, 43, 97, 91, 76, 10, 30, 21, 45, 17, 23, 1, 71, 83, 24, 14, 60, 36, 85, 57, 40, 95, 88, 65, 56, 79, 94, 67, 68, 46, 75, 38, 58, 19, 32, 81, 41, 62, 87, 28, 90, 59, 11, 16, 72, 73, 69, 52, 37, 64, 84, 3, 25, 29, 55, 51, 7, 98, 61, 66, 99, 33, 89, 48, 50, 96, 53, 80, 4, 8, 27, 2, 39, 13, 0, 92, 49, 74, 34, 70]|[1, 1, 0, 1, 1, 1, 2, 2, 1, 2, 2, 1, 1, 1, 0, 0, 1, 0, 2, 2, 0, 1, 2, 2, 1, 2, 2, 0, 0, 1, 2, 1, 1, 0, 2, 0, 1, 1, 0, 1, 1, 1, 1, 0, 2, 1, 1, 0, 0, 0, 0, 1, 1, 2, 1, 2, 0, 0, 2, 0, 1, 2, 2, 1, 2, 1, 1, 1, 1, 1, 1, 2, 1, 0, 2, 0, 1, 2, 1, 0, 0, 2, 1, 0, 0, 2, 0, 0, 1, 1, 0, 0, 1, 0, 0, 0, 0, 2, 2, 1]|[0, 3, 1, 2, 0, 0, 1, 1, 4, 1, 1, 4, 4, 4, 2, 2, 4, 2, 1, 1, 1, 1, 2, 1, 2, 1, 1, 1, 1, 4, 0, 3, 3, 0, 1, 1, 0, 3, 2, 2, 2, 2, 0, 1, 1, 0, 4, 0, 1, 2, 2, 1, 4, 0, 3, 2, 1, 2, 1, 2, 3, 1, 1, 3, 0, 4, 4, 1, 4, 3, 1, 2, 4, 1, 1, 1, 1, 1, 3, 1, 1, 1, 1, 1, 1, 1, 2, 1, 4, 3, 2, 2, 1, 2, 2, 0, 1, 1, 1, 4]|[1, 1, 1, 1, 3, 3, 0, 0, 0, 0, 0, 2, 0, 1, 0, 0, 3, 1, 0, 0, 0, 3, 1, 0, 2, 0, 0, 0, 1, 3, 0, 0, 0, 0, 1, 0, 0, 2, 1, 1, 1, 1, 0, 0, 0, 0, 2, 1, 0, 0, 0, 1, 3, 0, 0, 1, 0, 1, 0, 1, 2, 0, 0, 2, 1, 0, 2, 1, 1, 0, 3, 1, 3, 0, 0, 0, 2, 0, 0, 0, 0, 0, 1, 0, 0, 0, 1, 0, 0, 2, 1, 0, 1, 0, 0, 1, 1, 0, 0, 2],733.3116759547878,58140.55643565909,96674.14109675489,false
23,G4_BALANCED,G4_BALANCED,[31, 11, 15, 82, 26, 9, 95, 32, 77, 68, 47, 5, 93, 78, 86, 54, 85, 63, 18, 44, 20, 49, 36, 14, 74, 50, 53, 17, 21, 45, 71, 64, 3, 23, 30, 83, 24, 41, 60, 52, 65, 27, 90, 70, 39, 87, 48, 69, 99, 4, 46, 1, 13, 58, 97, 59, 28, 75, 73, 37, 35, 79, 22, 66, 76, 42, 40, 80, 96, 6, 16, 61, 33, 7, 57, 34, 12, 67, 10, 98, 56, 88, 29, 94, 91, 51, 19, 92, 43, 84, 38, 72, 81, 8, 2, 55, 62, 89, 25, 0]|[2, 1, 1, 2, 1, 2, 1, 1, 1, 1, 1, 0, 2, 2, 1, 2, 0, 0, 0, 2, 2, 1, 0, 2, 0, 2, 2, 1, 0, 1, 1, 1, 0, 0, 1, 0, 2, 1, 2, 2, 0, 0, 1, 1, 0, 2, 0, 2, 1, 0, 0, 2, 0, 0, 2, 0, 1, 0, 0, 0, 2, 1, 0, 2, 2, 0, 2, 2, 0, 1, 2, 1, 1, 2, 0, 1, 1, 1, 1, 2, 2, 1, 1, 2, 1, 1, 1, 0, 1, 0, 0, 1, 1, 1, 2, 0, 1, 1, 1, 0]|[1, 3, 2, 0, 4, 1, 4, 4, 2, 4, 3, 2, 1, 0, 2, 1, 1, 1, 2, 1, 1, 3, 0, 1, 0, 1, 1, 4, 1, 4, 3, 2, 2, 0, 4, 1, 1, 4, 0, 1, 2, 1, 4, 4, 1, 1, 0, 2, 3, 1, 2, 1, 2, 1, 1, 2, 4, 2, 0, 2, 2, 3, 1, 0, 1, 2, 0, 1, 2, 4, 1, 3, 4, 1, 2, 4, 3, 3, 3, 1, 1, 4, 3, 1, 3, 3, 4, 2, 4, 2, 2, 4, 1, 3, 1, 2, 3, 4, 4, 2]|[1, 2, 1, 0, 3, 0, 1, 3, 0, 0, 2, 0, 1, 0, 1, 0, 0, 0, 1, 0, 0, 2, 0, 0, 1, 0, 0, 3, 0, 1, 0, 2, 0, 1, 3, 0, 1, 3, 1, 0, 0, 0, 1, 3, 0, 0, 1, 0, 2, 0, 0, 0, 0, 0, 1, 0, 1, 0, 1, 1, 0, 2, 0, 0, 0, 0, 0, 0, 0, 2, 0, 0, 1, 0, 0, 1, 0, 0, 3, 0, 0, 1, 0, 0, 0, 0, 3, 0, 2, 0, 0, 2, 1, 0, 0, 0, 0, 1, 3, 0],836.569815134707,52504.092339752446,107095.57005228325,false
23,G2_TEC,G4_BALANCED,[31, 22, 82, 15, 26, 9, 95, 42, 77, 68, 47, 5, 93, 78, 86, 54, 85, 63, 18, 44, 20, 49, 36, 14, 74, 50, 53, 17, 21, 28, 71, 64, 3, 23, 30, 83, 24, 41, 60, 52, 65, 27, 90, 70, 39, 87, 48, 69, 99, 4, 46, 1, 13, 58, 97, 59, 45, 8, 73, 37, 35, 40, 11, 66, 76, 32, 79, 80, 96, 6, 16, 61, 33, 7, 57, 34, 12, 67, 10, 98, 56, 88, 29, 75, 91, 38, 19, 92, 43, 84, 51, 72, 81, 25, 2, 55, 0, 62, 89, 94]|[2, 1, 2, 1, 1, 2, 1, 1, 1, 1, 1, 0, 2, 2, 1, 2, 0, 0, 0, 2, 2, 1, 0, 2, 0, 2, 2, 1, 0, 1, 1, 1, 0, 0, 1, 0, 2, 1, 2, 2, 0, 0, 1, 1, 0, 2, 0, 2, 1, 0, 0, 2, 0, 0, 2, 0, 1, 1, 0, 0, 2, 2, 0, 2, 2, 0, 1, 2, 0, 1, 2, 1, 1, 2, 0, 1, 1, 1, 1, 2, 2, 1, 1, 0, 1, 0, 1, 0, 1, 0, 1, 1, 1, 1, 2, 0, 0, 1, 1, 2]|[0, 3, 0, 3, 4, 1, 4, 4, 2, 4, 3, 2, 1, 0, 2, 1, 1, 1, 2, 1, 1, 3, 0, 1, 0, 1, 1, 4, 1, 4, 3, 2, 2, 0, 4, 1, 1, 4, 0, 1, 2, 1, 4, 4, 1, 1, 0, 2, 3, 1, 2, 1, 2, 1, 1, 2, 4, 3, 0, 2, 2, 0, 1, 0, 1, 2, 3, 1, 2, 4, 1, 3, 4, 1, 2, 4, 3, 3, 3, 1, 1, 4, 3, 2, 3, 2, 4, 2, 4, 2, 3, 4, 1, 4, 1, 2, 2, 3, 4, 1]|[0, 2, 0, 0, 3, 0, 1, 3, 0, 0, 2, 0, 1, 0, 1, 0, 0, 0, 1, 0, 0, 2, 0, 0, 1, 0, 0, 3, 0, 1, 0, 2, 0, 0, 3, 0, 1, 3, 1, 0, 0, 0, 1, 3, 0, 0, 1, 0, 2, 0, 0, 0, 0, 0, 1, 0, 1, 0, 1, 1, 0, 0, 0, 0, 0, 0, 2, 0, 0, 2, 0, 0, 1, 0, 0, 1, 0, 0, 3, 0, 0, 1, 0, 0, 0, 0, 3, 0, 2, 0, 0, 2, 1, 3, 0, 0, 0, 0, 1, 0],890.9074744783937,51342.63623751477,108916.42723404751,true
23,G3_TWC,G4_BALANCED,[31, 22, 82, 15, 26, 58, 95, 42, 77, 12, 47, 5, 93, 78, 86, 54, 85, 63, 18, 44, 20, 35, 43, 97, 66, 76, 79, 30, 21, 45, 71, 64, 1, 23, 17, 83, 24, 14, 60, 36, 6, 57, 40, 88, 65, 56, 10, 94, 67, 68, 46, 75, 38, 9, 19, 32, 41, 81, 27, 62, 87, 90, 99, 59, 11, 16, 72, 73, 69, 39, 37, 84, 3, 92, 25, 55, 29, 28, 51, 7, 33, 61, 48, 98, 89, 8, 4, 96, 80, 53, 91, 50, 34, 2, 52, 0, 13, 70, 49, 74]|[1, 1, 0, 1, 1, 0, 1, 2, 2, 1, 2, 2, 2, 1, 1, 0, 0, 1, 0, 2, 2, 0, 1, 2, 2, 1, 2, 2, 0, 0, 1, 2, 1, 2, 1, 0, 2, 0, 1, 1, 0, 1, 1, 1, 0, 2, 2, 1, 0, 0, 0, 0, 1, 1, 2, 1, 0, 2, 0, 0, 2, 1, 0, 0, 2, 1, 2, 1, 1, 1, 1, 1, 1, 0, 1, 2, 0, 0, 0, 1, 2, 1, 0, 2, 1, 0, 1, 2, 0, 0, 0, 1, 2, 0, 1, 0, 0, 1, 0, 2]|[4, 3, 2, 2, 4, 1, 2, 2, 2, 4, 1, 1, 2, 4, 4, 1, 2, 4, 2, 1, 1, 1, 1, 2, 1, 2, 1, 1, 1, 1, 3, 1, 3, 1, 4, 0, 1, 1, 0, 3, 2, 2, 2, 0, 1, 1, 1, 4, 0, 1, 2, 2, 1, 4, 0, 3, 1, 1, 1, 2, 1, 3, 1, 2, 1, 3, 0, 4, 4, 1, 4, 1, 1, 0, 4, 1, 1, 2, 1, 1, 1, 3, 1, 1, 1, 1, 4, 1, 1, 2, 1, 3, 1, 2, 1, 2, 2, 3, 1, 1]|[0, 2, 1, 1, 3, 0, 1, 0, 0, 0, 0, 0, 1, 0, 1, 0, 0, 3, 1, 0, 0, 0, 3, 1, 0, 2, 0, 0, 0, 0, 0, 0, 0, 0, 3, 0, 1, 0, 0, 2, 1, 1, 1, 0, 0, 0, 0, 2, 1, 0, 0, 0, 1, 3, 0, 0, 0, 0, 0, 1, 0, 2, 0, 0, 0, 2, 1, 0, 2, 1, 1, 3, 1, 1, 3, 0, 0, 1, 0, 2, 0, 0, 0, 0, 1, 0, 0, 0, 0, 1, 0, 2, 0, 0, 1, 0, 0, 0, 1, 0],809.1700377180216,55169.938406834335,100544.91953652461,true
23,G1_CMAX,G1_CMAX,[31, 22, 82, 15, 26, 9, 42, 77, 12, 5, 47, 93, 78, 86, 54, 6, 63, 18, 44, 20, 35, 43, 97, 91, 76, 10, 30, 21, 45, 17, 23, 1, 71, 83, 24, 14, 60, 36, 85, 57, 40, 95, 88, 65, 56, 79, 94, 67, 68, 46, 75, 38, 58, 19, 32, 81, 41, 62, 87, 28, 90, 59, 11, 16, 72, 73, 69, 52, 37, 64, 84, 3, 25, 29, 55, 51, 7, 98, 61, 66, 99, 33, 89, 48, 50, 96, 53, 80, 4, 8, 27, 2, 39, 13, 0, 92, 49, 74, 34, 70]|[1, 1, 0, 1, 1, 1, 2, 2, 1, 2, 2, 1, 1, 1, 0, 0, 1, 0, 2, 2, 0, 1, 2, 2, 1, 2, 2, 0, 0, 1, 2, 1, 1, 0, 2, 0, 1, 1, 0, 1, 1, 1, 1, 0, 2, 1, 1, 0, 0, 0, 0, 1, 1, 2, 1, 2, 0, 0, 2, 0, 1, 2, 2, 1, 2, 1, 1, 1, 1, 1, 1, 2, 1, 0, 2, 0, 1, 2, 1, 0, 0, 2, 1, 0, 0, 2, 0, 0, 1, 1, 0, 0, 1, 0, 0, 0, 0, 2, 2, 1]|[0, 3, 1, 2, 0, 0, 1, 1, 4, 1, 1, 4, 4, 4, 2, 2, 4, 2, 1, 1, 1, 1, 2, 1, 2, 1, 1, 1, 1, 4, 0, 3, 3, 0, 1, 1, 0, 3, 2, 2, 2, 2, 0, 1, 1, 0, 4, 0, 1, 2, 2, 1, 4, 0, 3, 2, 1, 2, 1, 2, 3, 1, 1, 3, 0, 4, 4, 1, 4, 3, 1, 2, 4, 1, 1, 1, 1, 1, 3, 1, 1, 1, 1, 1, 1, 1, 2, 1, 4, 3, 2, 2, 1, 2, 2, 0, 1, 1, 1, 4]|[1, 1, 1, 1, 3, 3, 0, 0, 0, 0, 0, 2, 0, 1, 0, 0, 3, 1, 0, 0, 0, 3, 1, 0, 2, 0, 0, 0, 1, 3, 0, 0, 0, 0, 1, 0, 0, 2, 1, 1, 1, 1, 0, 0, 0, 0, 2, 1, 0, 0, 0, 1, 3, 0, 0, 1, 0, 1, 0, 1, 2, 0, 0, 2, 1, 0, 2, 1, 1, 0, 3, 1, 3, 0, 0, 0, 2, 0, 0, 0, 0, 0, 1, 0, 0, 0, 1, 0, 0, 2, 1, 0, 1, 0, 0, 1, 1, 0, 0, 2],733.3116759547878,58140.55643565909,96674.14109675489,false
23,G4_BALANCED,G4_BALANCED,[31, 11, 15, 82, 26, 9, 95, 32, 77, 68, 47, 5, 93, 78, 86, 54, 85, 63, 18, 44, 20, 49, 36, 14, 74, 50, 53, 17, 21, 45, 71, 64, 3, 23, 30, 83, 24, 41, 60, 52, 65, 27, 90, 70, 39, 87, 48, 69, 99, 4, 46, 1, 13, 58, 97, 59, 28, 75, 73, 37, 35, 79, 22, 66, 76, 42, 40, 80, 96, 6, 16, 61, 33, 7, 57, 34, 12, 67, 10, 98, 56, 88, 29, 94, 91, 51, 19, 92, 43, 84, 38, 72, 81, 8, 2, 55, 62, 89, 25, 0]|[2, 1, 1, 2, 1, 2, 1, 1, 1, 1, 1, 0, 2, 2, 1, 2, 0, 0, 0, 2, 2, 1, 0, 2, 0, 2, 2, 1, 0, 1, 1, 1, 0, 0, 1, 0, 2, 1, 2, 2, 0, 0, 1, 1, 0, 2, 0, 2, 1, 0, 0, 2, 0, 0, 2, 0, 1, 0, 0, 0, 2, 1, 0, 2, 2, 0, 2, 2, 0, 1, 2, 1, 1, 2, 0, 1, 1, 1, 1, 2, 2, 1, 1, 2, 1, 1, 1, 0, 1, 0, 0, 1, 1, 1, 2, 0, 1, 1, 1, 0]|[1, 3, 2, 0, 4, 1, 4, 4, 2, 4, 3, 2, 1, 0, 2, 1, 1, 1, 2, 1, 1, 3, 0, 1, 0, 1, 1, 4, 1, 4, 3, 2, 2, 0, 4, 1, 1, 4, 0, 1, 2, 1, 4, 4, 1, 1, 0, 2, 3, 1, 2, 1, 2, 1, 1, 2, 4, 2, 0, 2, 2, 3, 1, 0, 1, 2, 0, 1, 2, 4, 1, 3, 4, 1, 2, 4, 3, 3, 3, 1, 1, 4, 3, 1, 3, 3, 4, 2, 4, 2, 2, 4, 1, 3, 1, 2, 3, 4, 4, 2]|[1, 2, 1, 0, 3, 0, 1, 3, 0, 0, 2, 0, 1, 0, 1, 0, 0, 0, 1, 0, 0, 2, 0, 0, 1, 0, 0, 3, 0, 1, 0, 2, 0, 1, 3, 0, 1, 3, 1, 0, 0, 0, 1, 3, 0, 0, 1, 0, 2, 0, 0, 0, 0, 0, 1, 0, 1, 0, 1, 1, 0, 2, 0, 0, 0, 0, 0, 0, 0, 2, 0, 0, 1, 0, 0, 1, 0, 0, 3, 0, 0, 1, 0, 0, 0, 0, 3, 0, 2, 0, 0, 2, 1, 0, 0, 0, 0, 1, 3, 0],836.569815134707,52504.092339752446,107095.57005228325,false
23,G2_TEC,G2_TEC,[31, 22, 82, 15, 26, 9, 95, 42, 77, 68, 47, 5, 93, 78, 86, 54, 85, 63, 18, 44, 20, 49, 36, 14, 74, 50, 53, 17, 21, 28, 11, 64, 3, 23, 30, 83, 24, 41, 40, 52, 65, 27, 90, 70, 39, 87, 48, 69, 99, 4, 46, 1, 13, 58, 97, 59, 45, 8, 73, 37, 35, 79, 71, 66, 76, 32, 60, 80, 96, 6, 16, 61, 33, 7, 57, 34, 12, 67, 10, 98, 56, 88, 29, 75, 91, 38, 19, 92, 43, 84, 51, 72, 81, 25, 2, 55, 62, 89, 94, 0]|[2, 1, 2, 1, 1, 2, 1, 1, 1, 1, 1, 0, 2, 2, 1, 2, 0, 0, 0, 2, 2, 1, 0, 2, 0, 2, 2, 1, 0, 1, 1, 1, 0, 0, 1, 0, 2, 1, 2, 2, 0, 0, 1, 1, 0, 2, 0, 2, 1, 0, 0, 2, 0, 0, 2, 0, 1, 1, 0, 0, 2, 1, 1, 2, 2, 0, 2, 2, 0, 1, 2, 1, 1, 2, 0, 1, 1, 1, 1, 2, 2, 1, 1, 0, 1, 0, 1, 0, 1, 0, 1, 1, 1, 1, 2, 0, 1, 1, 2, 0]|[0, 3, 0, 3, 4, 1, 4, 4, 2, 4, 3, 2, 1, 0, 2, 1, 1, 1, 2, 1, 1, 3, 0, 1, 0, 1, 1, 4, 1, 4, 3, 2, 2, 0, 4, 1, 1, 4, 0, 1, 2, 1, 4, 4, 1, 1, 0, 2, 3, 2, 2, 1, 2, 1, 1, 2, 4, 3, 0, 2, 2, 3, 3, 0, 1, 2, 0, 1, 2, 4, 1, 3, 4, 1, 2, 4, 3, 3, 3, 1, 1, 4, 3, 2, 3, 2, 4, 2, 4, 2, 3, 4, 4, 4, 1, 2, 3, 4, 1, 2]|[0, 2, 0, 0, 3, 0, 1, 3, 0, 0, 2, 0, 1, 0, 1, 0, 0, 0, 1, 0, 0, 2, 0, 0, 1, 0, 0, 3, 0, 1, 0, 2, 0, 0, 3, 0, 1, 3, 0, 0, 0, 0, 1, 3, 0, 0, 1, 0, 2, 0, 0, 0, 0, 0, 1, 0, 1, 0, 1, 1, 0, 2, 0, 0, 0, 0, 0, 0, 0, 2, 0, 0, 1, 0, 0, 1, 0, 0, 3, 0, 0, 1, 0, 0, 0, 0, 1, 0, 2, 0, 0, 2, 1, 3, 0, 0, 0, 1, 0, 0],896.1029292898813,50428.13444364295,114595.46915086164,false
23,G3_TWC,G4_BALANCED,[31, 22, 82, 15, 26, 58, 95, 42, 77, 12, 47, 5, 93, 78, 86, 54, 85, 63, 18, 44, 20, 35, 43, 97, 66, 76, 79, 30, 21, 45, 71, 64, 1, 23, 17, 83, 24, 14, 60, 36, 6, 57, 40, 88, 65, 56, 10, 94, 67, 68, 46, 75, 38, 9, 19, 32, 41, 81, 27, 62, 87, 90, 99, 59, 11, 16, 72, 73, 69, 39, 37, 84, 3, 92, 25, 55, 29, 28, 51, 7, 33, 61, 48, 98, 89, 8, 4, 96, 80, 53, 91, 50, 34, 2, 52, 0, 13, 70, 49, 74]|[1, 1, 0, 1, 1, 0, 1, 2, 2, 1, 2, 2, 2, 1, 1, 0, 0, 1, 0, 2, 2, 0, 1, 2, 2, 1, 2, 2, 0, 0, 1, 2, 1, 2, 1, 0, 2, 0, 1, 1, 0, 1, 1, 1, 0, 2, 2, 1, 0, 0, 0, 0, 1, 1, 2, 1, 0, 2, 0, 0, 2, 1, 0, 0, 2, 1, 2, 1, 1, 1, 1, 1, 1, 0, 1, 2, 0, 0, 0, 1, 2, 1, 0, 2, 1, 0, 1, 2, 0, 0, 0, 1, 2, 0, 1, 0, 0, 1, 0, 2]|[4, 3, 2, 2, 4, 1, 2, 2, 2, 4, 1, 1, 2, 4, 4, 1, 2, 4, 2, 1, 1, 1, 1, 2, 1, 2, 1, 1, 1, 1, 3, 1, 3, 1, 4, 0, 1, 1, 0, 3, 2, 2, 2, 0, 1, 1, 1, 4, 0, 1, 2, 2, 1, 4, 0, 3, 1, 1, 1, 2, 1, 3, 1, 2, 1, 3, 0, 4, 4, 1, 4, 1, 1, 0, 4, 1, 1, 2, 1, 1, 1, 3, 1, 1, 1, 1, 4, 1, 1, 2, 1, 3, 1, 2, 1, 2, 2, 3, 1, 1]|[0, 2, 1, 1, 3, 0, 1, 0, 0, 0, 0, 0, 1, 0, 1, 0, 0, 3, 1, 0, 0, 0, 3, 1, 0, 2, 0, 0, 0, 0, 0, 0, 0, 0, 3, 0, 1, 0, 0, 2, 1, 1, 1, 0, 0, 0, 0, 2, 1, 0, 0, 0, 1, 3, 0, 0, 0, 0, 0, 1, 0, 2, 0, 0, 0, 2, 1, 0, 2, 1, 1, 3, 1, 1, 3, 0, 0, 1, 0, 2, 0, 0, 0, 0, 1, 0, 0, 0, 0, 1, 0, 2, 0, 0, 1, 0, 0, 0, 1, 0],809.1700377180216,55169.938406834335,100544.91953652461,true
23,G1_CMAX,G1_CMAX,[31, 22, 82, 15, 26, 9, 42, 77, 12, 5, 47, 93, 78, 86, 54, 6, 63, 18, 44, 20, 35, 43, 97, 91, 76, 10, 30, 21, 45, 17, 23, 1, 71, 83, 24, 14, 60, 36, 85, 57, 40, 95, 88, 65, 56, 79, 94, 67, 68, 46, 75, 38, 58, 19, 32, 81, 41, 62, 87, 28, 90, 59, 11, 16, 72, 73, 69, 52, 37, 64, 84, 3, 25, 29, 55, 51, 7, 98, 61, 66, 99, 33, 89, 48, 50, 96, 53, 80, 4, 8, 27, 2, 39, 13, 0, 92, 49, 74, 34, 70]|[1, 1, 0, 1, 1, 1, 2, 2, 1, 2, 2, 1, 1, 1, 0, 0, 1, 0, 2, 2, 0, 1, 2, 2, 1, 2, 2, 0, 0, 1, 2, 1, 1, 0, 2, 0, 1, 1, 0, 1, 1, 1, 1, 0, 2, 1, 1, 0, 0, 0, 0, 1, 1, 2, 1, 2, 0, 0, 2, 0, 1, 2, 2, 1, 2, 1, 1, 1, 1, 1, 1, 2, 1, 0, 2, 0, 1, 2, 1, 0, 0, 2, 1, 0, 0, 2, 0, 0, 1, 1, 0, 0, 1, 0, 0, 0, 0, 2, 2, 1]|[0, 3, 1, 2, 0, 0, 1, 1, 4, 1, 1, 4, 4, 4, 2, 2, 4, 2, 1, 1, 1, 1, 2, 1, 2, 1, 1, 1, 1, 4, 0, 3, 3, 0, 1, 1, 0, 3, 2, 2, 2, 2, 0, 1, 1, 0, 4, 0, 1, 2, 2, 1, 4, 0, 3, 2, 1, 2, 1, 2, 3, 1, 1, 3, 0, 4, 4, 1, 4, 3, 1, 2, 4, 1, 1, 1, 1, 1, 3, 1, 1, 1, 1, 1, 1, 1, 2, 1, 4, 3, 2, 2, 1, 2, 2, 0, 1, 1, 1, 4]|[1, 1, 1, 1, 3, 3, 0, 0, 0, 0, 0, 2, 0, 1, 0, 0, 3, 1, 0, 0, 0, 3, 1, 0, 2, 0, 0, 0, 1, 3, 0, 0, 0, 0, 1, 0, 0, 2, 1, 1, 1, 1, 0, 0, 0, 0, 2, 1, 0, 0, 0, 1, 3, 0, 0, 1, 0, 1, 0, 1, 2, 0, 0, 2, 1, 0, 2, 1, 1, 0, 3, 1, 3, 0, 0, 0, 2, 0, 0, 0, 0, 0, 1, 0, 0, 0, 1, 0, 0, 2, 1, 0, 1, 0, 0, 1, 1, 0, 0, 2],733.3116759547878,58140.55643565909,96674.14109675489,false
23,G4_BALANCED,G4_BALANCED,[31, 11, 15, 82, 26, 9, 95, 32, 77, 68, 47, 5, 93, 78, 86, 54, 85, 63, 18, 44, 20, 49, 36, 14, 74, 50, 53, 17, 21, 45, 71, 64, 3, 23, 30, 83, 24, 41, 60, 52, 65, 27, 90, 70, 39, 87, 48, 69, 99, 4, 46, 1, 13, 58, 97, 59, 28, 75, 73, 37, 35, 79, 22, 66, 76, 42, 40, 80, 96, 6, 16, 61, 33, 7, 57, 34, 12, 67, 10, 98, 56, 88, 29, 94, 91, 51, 19, 92, 43, 84, 38, 72, 81, 8, 2, 55, 62, 89, 25, 0]|[2, 1, 1, 2, 1, 2, 1, 1, 1, 1, 1, 0, 2, 2, 1, 2, 0, 0, 0, 2, 2, 1, 0, 2, 0, 2, 2, 1, 0, 1, 1, 1, 0, 0, 1, 0, 2, 1, 2, 2, 0, 0, 1, 1, 0, 2, 0, 2, 1, 0, 0, 2, 0, 0, 2, 0, 1, 0, 0, 0, 2, 1, 0, 2, 2, 0, 2, 2, 0, 1, 2, 1, 1, 2, 0, 1, 1, 1, 1, 2, 2, 1, 1, 2, 1, 1, 1, 0, 1, 0, 0, 1, 1, 1, 2, 0, 1, 1, 1, 0]|[1, 3, 2, 0, 4, 1, 4, 4, 2, 4, 3, 2, 1, 0, 2, 1, 1, 1, 2, 1, 1, 3, 0, 1, 0, 1, 1, 4, 1, 4, 3, 2, 2, 0, 4, 1, 1, 4, 0, 1, 2, 1, 4, 4, 1, 1, 0, 2, 3, 1, 2, 1, 2, 1, 1, 2, 4, 2, 0, 2, 2, 3, 1, 0, 1, 2, 0, 1, 2, 4, 1, 3, 4, 1, 2, 4, 3, 3, 3, 1, 1, 4, 3, 1, 3, 3, 4, 2, 4, 2, 2, 4, 1, 3, 1, 2, 3, 4, 4, 2]|[1, 2, 1, 0, 3, 0, 1, 3, 0, 0, 2, 0, 1, 0, 1, 0, 0, 0, 1, 0, 0, 2, 0, 0, 1, 0, 0, 3, 0, 1, 0, 2, 0, 1, 3, 0, 1, 3, 1, 0, 0, 0, 1, 3, 0, 0, 1, 0, 2, 0, 0, 0, 0, 0, 1, 0, 1, 0, 1, 1, 0, 2, 0, 0, 0, 0, 0, 0, 0, 2, 0, 0, 1, 0, 0, 1, 0, 0, 3, 0, 0, 1, 0, 0, 0, 0, 3, 0, 2, 0, 0, 2, 1, 0, 0, 0, 0, 1, 3, 0],836.569815134707,52504.092339752446,107095.57005228325,false
23,G2_TEC,G2_TEC,[31, 22, 82, 15, 26, 9, 95, 42, 77, 68, 47, 5, 93, 78, 86, 54, 85, 63, 18, 44, 20, 49, 36, 14, 74, 50, 53, 17, 21, 28, 11, 64, 3, 23, 30, 83, 24, 41, 40, 52, 65, 27, 90, 70, 39, 87, 48, 69, 99, 4, 46, 1, 13, 58, 97, 59, 45, 8, 73, 37, 35, 79, 71, 66, 76, 32, 60, 80, 96, 6, 16, 61, 33, 7, 57, 34, 12, 67, 10, 98, 56, 88, 29, 75, 91, 38, 19, 92, 43, 84, 51, 72, 81, 25, 2, 55, 62, 89, 94, 0]|[2, 1, 2, 1, 1, 2, 1, 1, 1, 1, 1, 0, 2, 2, 1, 2, 0, 0, 0, 2, 2, 1, 0, 2, 0, 2, 2, 1, 0, 1, 1, 1, 0, 0, 1, 0, 2, 1, 2, 2, 0, 0, 1, 1, 0, 2, 0, 2, 1, 0, 0, 2, 0, 0, 2, 0, 1, 1, 0, 0, 2, 1, 1, 2, 2, 0, 2, 2, 0, 1, 2, 1, 1, 2, 0, 1, 1, 1, 1, 2, 2, 1, 1, 0, 1, 0, 1, 0, 1, 0, 1, 1, 1, 1, 2, 0, 1, 1, 2, 0]|[0, 3, 0, 3, 4, 1, 4, 4, 2, 4, 3, 2, 1, 0, 2, 1, 1, 1, 2, 1, 1, 3, 0, 1, 0, 1, 1, 4, 1, 4, 3, 2, 2, 0, 4, 1, 1, 4, 0, 1, 2, 1, 4, 4, 1, 1, 0, 2, 3, 2, 2, 1, 2, 1, 1, 2, 4, 3, 0, 2, 2, 3, 3, 0, 1, 2, 0, 1, 2, 4, 1, 3, 4, 1, 2, 4, 3, 3, 3, 1, 1, 4, 3, 2, 3, 2, 4, 2, 4, 2, 3, 4, 4, 4, 1, 2, 3, 4, 1, 2]|[0, 2, 0, 0, 3, 0, 1, 3, 0, 0, 2, 0, 1, 0, 1, 0, 0, 0, 1, 0, 0, 2, 0, 0, 1, 0, 0, 3, 0, 1, 0, 2, 0, 0, 3, 0, 1, 3, 0, 0, 0, 0, 1, 3, 0, 0, 1, 0, 2, 0, 0, 0, 0, 0, 1, 0, 1, 0, 1, 1, 0, 2, 0, 0, 0, 0, 0, 0, 0, 2, 0, 0, 1, 0, 0, 1, 0, 0, 3, 0, 0, 1, 0, 0, 0, 0, 1, 0, 2, 0, 0, 2, 1, 3, 0, 0, 0, 1, 0, 0],896.1029292898813,50428.13444364295,114595.46915086164,false
23,G3_TWC,G1_CMAX,[31, 22, 82, 15, 26, 9, 42, 95, 77, 12, 47, 5, 93, 78, 86, 54, 85, 63, 18, 44, 20, 35, 43, 97, 91, 76, 10, 30, 21, 45, 71, 64, 1, 23, 17, 83, 24, 14, 60, 36, 6, 57, 94, 88, 65, 56, 79, 40, 67, 68, 46, 75, 38, 58, 19, 32, 81, 41, 27, 62, 87, 90, 99, 59, 11, 16, 72, 73, 70, 39, 37, 84, 3, 92, 25, 55, 28, 29, 51, 7, 33, 61, 98, 66, 89, 50, 8, 96, 53, 4, 80, 13, 34, 49, 52, 0, 48, 69, 2, 74]|[1, 1, 0, 1, 1, 1, 2, 1, 2, 1, 2, 2, 2, 1, 1, 0, 0, 1, 0, 2, 2, 0, 1, 2, 0, 1, 2, 2, 0, 0, 1, 2, 1, 2, 1, 0, 2, 0, 1, 1, 0, 1, 1, 1, 0, 2, 1, 1, 0, 0, 0, 0, 1, 1, 2, 1, 2, 0, 0, 0, 2, 1, 0, 1, 2, 1, 2, 1, 1, 1, 1, 1, 1, 0, 1, 1, 0, 0, 0, 1, 2, 1, 0, 2, 1, 0, 1, 0, 0, 0, 0, 0, 2, 0, 1, 0, 0, 1, 0, 2]|[4, 3, 2, 2, 0, 0, 2, 2, 2, 4, 1, 1, 2, 4, 4, 1, 2, 4, 2, 1, 1, 1, 1, 2, 1, 2, 1, 1, 1, 1, 3, 2, 3, 0, 4, 0, 1, 1, 0, 3, 2, 2, 4, 0, 1, 1, 0, 2, 0, 1, 2, 2, 1, 4, 0, 3, 2, 1, 1, 2, 1, 3, 1, 1, 1, 3, 0, 4, 3, 1, 4, 1, 1, 0, 4, 4, 2, 1, 1, 3, 1, 3, 1, 1, 1, 1, 3, 1, 2, 2, 1, 1, 1, 1, 1, 2, 2, 3, 2, 1]|[0, 2, 1, 1, 3, 3, 0, 1, 0, 0, 0, 0, 1, 0, 1, 0, 0, 3, 1, 0, 0, 0, 3, 1, 0, 2, 0, 0, 0, 1, 0, 0, 0, 0, 3, 0, 1, 0, 0, 2, 1, 1, 2, 0, 0, 0, 0, 1, 1, 0, 0, 0, 1, 3, 0, 0, 1, 0, 0, 1, 0, 2, 0, 1, 0, 2, 1, 0, 0, 1, 1, 3, 1, 1, 3, 3, 1, 0, 0, 2, 0, 0, 0, 0, 1, 0, 2, 0, 1, 1, 0, 0, 0, 1, 1, 0, 0, 0, 0, 0],800.9728923351585,58117.763115372225,90558.04465999853,true
23,G1_CMAX,G1_CMAX,[31, 22, 82, 15, 26, 9, 42, 77, 12, 5, 47, 93, 78, 86, 54, 6, 63, 18, 44, 20, 35, 43, 97, 91, 76, 10, 30, 21, 45, 17, 23, 1, 71, 83, 24, 14, 60, 36, 85, 57, 40, 95, 88, 65, 56, 79, 94, 67, 68, 46, 75, 38, 58, 19, 32, 81, 41, 62, 87, 28, 90, 59, 11, 16, 72, 73, 69, 52, 37, 64, 84, 3, 25, 29, 55, 51, 7, 98, 61, 66, 99, 33, 89, 48, 50, 96, 53, 80, 4, 8, 27, 2, 39, 13, 0, 92, 49, 74, 34, 70]|[1, 1, 0, 1, 1, 1, 2, 2, 1, 2, 2, 1, 1, 1, 0, 0, 1, 0, 2, 2, 0, 1, 2, 2, 1, 2, 2, 0, 0, 1, 2, 1, 1, 0, 2, 0, 1, 1, 0, 1, 1, 1, 1, 0, 2, 1, 1, 0, 0, 0, 0, 1, 1, 2, 1, 2, 0, 0, 2, 0, 1, 2, 2, 1, 2, 1, 1, 1, 1, 1, 1, 2, 1, 0, 2, 0, 1, 2, 1, 0, 0, 2, 1, 0, 0, 2, 0, 0, 1, 1, 0, 0, 1, 0, 0, 0, 0, 2, 2, 1]|[0, 3, 1, 2, 0, 0, 1, 1, 4, 1, 1, 4, 4, 4, 2, 2, 4, 2, 1, 1, 1, 1, 2, 1, 2, 1, 1, 1, 1, 4, 0, 3, 3, 0, 1, 1, 0, 3, 2, 2, 2, 2, 0, 1, 1, 0, 4, 0, 1, 2, 2, 1, 4, 0, 3, 2, 1, 2, 1, 2, 3, 1, 1, 3, 0, 4, 4, 1, 4, 3, 1, 2, 4, 1, 1, 1, 1, 1, 3, 1, 1, 1, 1, 1, 1, 1, 2, 1, 4, 3, 2, 2, 1, 2, 2, 0, 1, 1, 1, 4]|[1, 1, 1, 1, 3, 3, 0, 0, 0, 0, 0, 2, 0, 1, 0, 0, 3, 1, 0, 0, 0, 3, 1, 0, 2, 0, 0, 0, 1, 3, 0, 0, 0, 0, 1, 0, 0, 2, 1, 1, 1, 1, 0, 0, 0, 0, 2, 1, 0, 0, 0, 1, 3, 0, 0, 1, 0, 1, 0, 1, 2, 0, 0, 2, 1, 0, 2, 1, 1, 0, 3, 1, 3, 0, 0, 0, 2, 0, 0, 0, 0, 0, 1, 0, 0, 0, 1, 0, 0, 2, 1, 0, 1, 0, 0, 1, 1, 0, 0, 2],733.3116759547878,58140.55643565909,96674.14109675489,false
23,G4_BALANCED,G4_BALANCED,[31, 11, 15, 82, 26, 9, 95, 32, 77, 68, 47, 5, 93, 78, 86, 54, 85, 63, 18, 44, 20, 49, 36, 14, 74, 50, 53, 17, 21, 45, 71, 64, 3, 23, 30, 83, 24, 41, 60, 52, 65, 27, 90, 70, 39, 87, 48, 69, 99, 4, 46, 1, 13, 58, 97, 59, 28, 75, 73, 37, 35, 79, 22, 66, 76, 42, 40, 80, 96, 6, 16, 61, 33, 7, 57, 34, 12, 67, 10, 98, 56, 88, 29, 94, 91, 51, 19, 92, 43, 84, 38, 72, 81, 8, 2, 55, 62, 89, 25, 0]|[2, 1, 1, 2, 1, 2, 1, 1, 1, 1, 1, 0, 2, 2, 1, 2, 0, 0, 0, 2, 2, 1, 0, 2, 0, 2, 2, 1, 0, 1, 1, 1, 0, 0, 1, 0, 2, 1, 2, 2, 0, 0, 1, 1, 0, 2, 0, 2, 1, 0, 0, 2, 0, 0, 2, 0, 1, 0, 0, 0, 2, 1, 0, 2, 2, 0, 2, 2, 0, 1, 2, 1, 1, 2, 0, 1, 1, 1, 1, 2, 2, 1, 1, 2, 1, 1, 1, 0, 1, 0, 0, 1, 1, 1, 2, 0, 1, 1, 1, 0]|[1, 3, 2, 0, 4, 1, 4, 4, 2, 4, 3, 2, 1, 0, 2, 1, 1, 1, 2, 1, 1, 3, 0, 1, 0, 1, 1, 4, 1, 4, 3, 2, 2, 0, 4, 1, 1, 4, 0, 1, 2, 1, 4, 4, 1, 1, 0, 2, 3, 1, 2, 1, 2, 1, 1, 2, 4, 2, 0, 2, 2, 3, 1, 0, 1, 2, 0, 1, 2, 4, 1, 3, 4, 1, 2, 4, 3, 3, 3, 1, 1, 4, 3, 1, 3, 3, 4, 2, 4, 2, 2, 4, 1, 3, 1, 2, 3, 4, 4, 2]|[1, 2, 1, 0, 3, 0, 1, 3, 0, 0, 2, 0, 1, 0, 1, 0, 0, 0, 1, 0, 0, 2, 0, 0, 1, 0, 0, 3, 0, 1, 0, 2, 0, 1, 3, 0, 1, 3, 1, 0, 0, 0, 1, 3, 0, 0, 1, 0, 2, 0, 0, 0, 0, 0, 1, 0, 1, 0, 1, 1, 0, 2, 0, 0, 0, 0, 0, 0, 0, 2, 0, 0, 1, 0, 0, 1, 0, 0, 3, 0, 0, 1, 0, 0, 0, 0, 3, 0, 2, 0, 0, 2, 1, 0, 0, 0, 0, 1, 3, 0],836.569815134707,52504.092339752446,107095.57005228325,false
23,G2_TEC,G2_TEC,[31, 22, 82, 15, 26, 9, 95, 42, 77, 68, 47, 5, 93, 78, 86, 54, 85, 63, 18, 44, 20, 49, 36, 14, 74, 50, 53, 17, 21, 28, 11, 64, 3, 23, 30, 83, 24, 41, 40, 52, 65, 27, 90, 70, 39, 87, 48, 69, 99, 4, 46, 1, 13, 58, 97, 59, 45, 8, 73, 37, 35, 79, 71, 66, 76, 32, 60, 80, 96, 6, 16, 61, 33, 7, 57, 34, 12, 67, 10, 98, 56, 88, 29, 75, 91, 38, 19, 92, 43, 84, 51, 72, 81, 25, 2, 55, 62, 89, 94, 0]|[2, 1, 2, 1, 1, 2, 1, 1, 1, 1, 1, 0, 2, 2, 1, 2, 0, 0, 0, 2, 2, 1, 0, 2, 0, 2, 2, 1, 0, 1, 1, 1, 0, 0, 1, 0, 2, 1, 2, 2, 0, 0, 1, 1, 0, 2, 0, 2, 1, 0, 0, 2, 0, 0, 2, 0, 1, 1, 0, 0, 2, 1, 1, 2, 2, 0, 2, 2, 0, 1, 2, 1, 1, 2, 0, 1, 1, 1, 1, 2, 2, 1, 1, 0, 1, 0, 1, 0, 1, 0, 1, 1, 1, 1, 2, 0, 1, 1, 2, 0]|[0, 3, 0, 3, 4, 1, 4, 4, 2, 4, 3, 2, 1, 0, 2, 1, 1, 1, 2, 1, 1, 3, 0, 1, 0, 1, 1, 4, 1, 4, 3, 2, 2, 0, 4, 1, 1, 4, 0, 1, 2, 1, 4, 4, 1, 1, 0, 2, 3, 2, 2, 1, 2, 1, 1, 2, 4, 3, 0, 2, 2, 3, 3, 0, 1, 2, 0, 1, 2, 4, 1, 3, 4, 1, 2, 4, 3, 3, 3, 1, 1, 4, 3, 2, 3, 2, 4, 2, 4, 2, 3, 4, 4, 4, 1, 2, 3, 4, 1, 2]|[0, 2, 0, 0, 3, 0, 1, 3, 0, 0, 2, 0, 1, 0, 1, 0, 0, 0, 1, 0, 0, 2, 0, 0, 1, 0, 0, 3, 0, 1, 0, 2, 0, 0, 3, 0, 1, 3, 0, 0, 0, 0, 1, 3, 0, 0, 1, 0, 2, 0, 0, 0, 0, 0, 1, 0, 1, 0, 1, 1, 0, 2, 0, 0, 0, 0, 0, 0, 0, 2, 0, 0, 1, 0, 0, 1, 0, 0, 3, 0, 0, 1, 0, 0, 0, 0, 1, 0, 2, 0, 0, 2, 1, 3, 0, 0, 0, 1, 0, 0],896.1029292898813,50428.13444364295,114595.46915086164,false
23,G3_TWC,G1_CMAX,[31, 22, 82, 15, 26, 9, 42, 95, 77, 12, 47, 5, 93, 78, 86, 54, 85, 63, 18, 44, 20, 35, 43, 97, 91, 76, 10, 30, 21, 45, 71, 64, 1, 23, 17, 83, 24, 14, 60, 36, 6, 57, 94, 88, 65, 56, 79, 40, 67, 68, 46, 75, 38, 58, 19, 32, 81, 41, 27, 62, 87, 90, 99, 59, 11, 16, 72, 73, 70, 39, 37, 84, 3, 92, 25, 55, 28, 29, 51, 7, 33, 61, 98, 66, 89, 50, 8, 96, 53, 4, 80, 13, 34, 49, 52, 0, 48, 69, 2, 74]|[1, 1, 0, 1, 1, 1, 2, 1, 2, 1, 2, 2, 2, 1, 1, 0, 0, 1, 0, 2, 2, 0, 1, 2, 0, 1, 2, 2, 0, 0, 1, 2, 1, 2, 1, 0, 2, 0, 1, 1, 0, 1, 1, 1, 0, 2, 1, 1, 0, 0, 0, 0, 1, 1, 2, 1, 2, 0, 0, 0, 2, 1, 0, 1, 2, 1, 2, 1, 1, 1, 1, 1, 1, 0, 1, 1, 0, 0, 0, 1, 2, 1, 0, 2, 1, 0, 1, 0, 0, 0, 0, 0, 2, 0, 1, 0, 0, 1, 0, 2]|[4, 3, 2, 2, 0, 0, 2, 2, 2, 4, 1, 1, 2, 4, 4, 1, 2, 4, 2, 1, 1, 1, 1, 2, 1, 2, 1, 1, 1, 1, 3, 2, 3, 0, 4, 0, 1, 1, 0, 3, 2, 2, 4, 0, 1, 1, 0, 2, 0, 1, 2, 2, 1, 4, 0, 3, 2, 1, 1, 2, 1, 3, 1, 1, 1, 3, 0, 4, 3, 1, 4, 1, 1, 0, 4, 4, 2, 1, 1, 3, 1, 3, 1, 1, 1, 1, 3, 1, 2, 2, 1, 1, 1, 1, 1, 2, 2, 3, 2, 1]|[0, 2, 1, 1, 3, 3, 0, 1, 0, 0, 0, 0, 1, 0, 1, 0, 0, 3, 1, 0, 0, 0, 3, 1, 0, 2, 0, 0, 0, 1, 0, 0, 0, 0, 3, 0, 1, 0, 0, 2, 1, 1, 2, 0, 0, 0, 0, 1, 1, 0, 0, 0, 1, 3, 0, 0, 1, 0, 0, 1, 0, 2, 0, 1, 0, 2, 1, 0, 0, 1, 1, 3, 1, 1, 3, 3, 1, 0, 0, 2, 0, 0, 0, 0, 1, 0, 2, 0, 1, 1, 0, 0, 0, 1, 1, 0, 0, 0, 0, 0],800.9728923351585,58117.763115372225,90558.04465999853,true
23,G1_CMAX,G1_CMAX,[31, 22, 82, 15, 26, 9, 42, 77, 12, 5, 47, 93, 78, 86, 54, 6, 63, 18, 44, 20, 35, 43, 97, 91, 76, 10, 30, 21, 45, 17, 23, 1, 71, 83, 24, 14, 60, 36, 85, 57, 40, 95, 88, 65, 56, 79, 94, 67, 68, 46, 75, 38, 58, 19, 32, 81, 41, 62, 87, 28, 90, 59, 11, 16, 72, 73, 69, 52, 37, 64, 84, 3, 25, 29, 55, 51, 7, 98, 61, 66, 99, 33, 89, 48, 50, 96, 53, 80, 4, 8, 27, 2, 39, 13, 0, 92, 49, 74, 34, 70]|[1, 1, 0, 1, 1, 1, 2, 2, 1, 2, 2, 1, 1, 1, 0, 0, 1, 0, 2, 2, 0, 1, 2, 2, 1, 2, 2, 0, 0, 1, 2, 1, 1, 0, 2, 0, 1, 1, 0, 1, 1, 1, 1, 0, 2, 1, 1, 0, 0, 0, 0, 1, 1, 2, 1, 2, 0, 0, 2, 0, 1, 2, 2, 1, 2, 1, 1, 1, 1, 1, 1, 2, 1, 0, 2, 0, 1, 2, 1, 0, 0, 2, 1, 0, 0, 2, 0, 0, 1, 1, 0, 0, 1, 0, 0, 0, 0, 2, 2, 1]|[0, 3, 1, 2, 0, 0, 1, 1, 4, 1, 1, 4, 4, 4, 2, 2, 4, 2, 1, 1, 1, 1, 2, 1, 2, 1, 1, 1, 1, 4, 0, 3, 3, 0, 1, 1, 0, 3, 2, 2, 2, 2, 0, 1, 1, 0, 4, 0, 1, 2, 2, 1, 4, 0, 3, 2, 1, 2, 1, 2, 3, 1, 1, 3, 0, 4, 4, 1, 4, 3, 1, 2, 4, 1, 1, 1, 1, 1, 3, 1, 1, 1, 1, 1, 1, 1, 2, 1, 4, 3, 2, 2, 1, 2, 2, 0, 1, 1, 1, 4]|[1, 1, 1, 1, 3, 3, 0, 0, 0, 0, 0, 2, 0, 1, 0, 0, 3, 1, 0, 0, 0, 3, 1, 0, 2, 0, 0, 0, 1, 3, 0, 0, 0, 0, 1, 0, 0, 2, 1, 1, 1, 1, 0, 0, 0, 0, 2, 1, 0, 0, 0, 1, 3, 0, 0, 1, 0, 1, 0, 1, 2, 0, 0, 2, 1, 0, 2, 1, 1, 0, 3, 1, 3, 0, 0, 0, 2, 0, 0, 0, 0, 0, 1, 0, 0, 0, 1, 0, 0, 2, 1, 0, 1, 0, 0, 1, 1, 0, 0, 2],733.3116759547878,58140.55643565909,96674.14109675489,false
23,G4_BALANCED,G4_BALANCED,[31, 11, 15, 82, 26, 9, 95, 32, 77, 68, 47, 5, 93, 78, 86, 54, 85, 63, 18, 44, 20, 49, 36, 14, 74, 50, 53, 17, 21, 45, 71, 64, 3, 23, 30, 83, 24, 41, 60, 52, 65, 27, 90, 70, 39, 87, 48, 69, 99, 4, 46, 1, 13, 58, 97, 59, 28, 75, 73, 37, 35, 79, 22, 66, 76, 42, 40, 80, 96, 6, 16, 61, 33, 7, 57, 34, 12, 67, 10, 98, 56, 88, 29, 94, 91, 51, 19, 92, 43, 84, 38, 72, 81, 8, 2, 55, 62, 89, 25, 0]|[2, 1, 1, 2, 1, 2, 1, 1, 1, 1, 1, 0, 2, 2, 1, 2, 0, 0, 0, 2, 2, 1, 0, 2, 0, 2, 2, 1, 0, 1, 1, 1, 0, 0, 1, 0, 2, 1, 2, 2, 0, 0, 1, 1, 0, 2, 0, 2, 1, 0, 0, 2, 0, 0, 2, 0, 1, 0, 0, 0, 2, 1, 0, 2, 2, 0, 2, 2, 0, 1, 2, 1, 1, 2, 0, 1, 1, 1, 1, 2, 2, 1, 1, 2, 1, 1, 1, 0, 1, 0, 0, 1, 1, 1, 2, 0, 1, 1, 1, 0]|[1, 3, 2, 0, 4, 1, 4, 4, 2, 4, 3, 2, 1, 0, 2, 1, 1, 1, 2, 1, 1, 3, 0, 1, 0, 1, 1, 4, 1, 4, 3, 2, 2, 0, 4, 1, 1, 4, 0, 1, 2, 1, 4, 4, 1, 1, 0, 2, 3, 1, 2, 1, 2, 1, 1, 2, 4, 2, 0, 2, 2, 3, 1, 0, 1, 2, 0, 1, 2, 4, 1, 3, 4, 1, 2, 4, 3, 3, 3, 1, 1, 4, 3, 1, 3, 3, 4, 2, 4, 2, 2, 4, 1, 3, 1, 2, 3, 4, 4, 2]|[1, 2, 1, 0, 3, 0, 1, 3, 0, 0, 2, 0, 1, 0, 1, 0, 0, 0, 1, 0, 0, 2, 0, 0, 1, 0, 0, 3, 0, 1, 0, 2, 0, 1, 3, 0, 1, 3, 1, 0, 0, 0, 1, 3, 0, 0, 1, 0, 2, 0, 0, 0, 0, 0, 1, 0, 1, 0, 1, 1, 0, 2, 0, 0, 0, 0, 0, 0, 0, 2, 0, 0, 1, 0, 0, 1, 0, 0, 3, 0, 0, 1, 0, 0, 0, 0, 3, 0, 2, 0, 0, 2, 1, 0, 0, 0, 0, 1, 3, 0],836.569815134707,52504.092339752446,107095.57005228325,false
23,G2_TEC,G2_TEC,[31, 22, 82, 15, 26, 9, 95, 42, 77, 68, 47, 5, 93, 78, 86, 54, 85, 63, 18, 44, 20, 49, 36, 14, 74, 50, 53, 17, 21, 28, 11, 64, 3, 23, 30, 83, 24, 41, 40, 52, 65, 27, 90, 70, 39, 87, 48, 69, 99, 4, 46, 1, 13, 58, 97, 59, 45, 8, 73, 37, 35, 79, 71, 66, 76, 32, 60, 80, 96, 6, 16, 61, 33, 7, 57, 34, 12, 67, 10, 98, 56, 88, 29, 75, 91, 38, 19, 92, 43, 84, 51, 72, 81, 25, 2, 55, 62, 89, 94, 0]|[2, 1, 2, 1, 1, 2, 1, 1, 1, 1, 1, 0, 2, 2, 1, 2, 0, 0, 0, 2, 2, 1, 0, 2, 0, 2, 2, 1, 0, 1, 1, 1, 0, 0, 1, 0, 2, 1, 2, 2, 0, 0, 1, 1, 0, 2, 0, 2, 1, 0, 0, 2, 0, 0, 2, 0, 1, 1, 0, 0, 2, 1, 1, 2, 2, 0, 2, 2, 0, 1, 2, 1, 1, 2, 0, 1, 1, 1, 1, 2, 2, 1, 1, 0, 1, 0, 1, 0, 1, 0, 1, 1, 1, 1, 2, 0, 1, 1, 2, 0]|[0, 3, 0, 3, 4, 1, 4, 4, 2, 4, 3, 2, 1, 0, 2, 1, 1, 1, 2, 1, 1, 3, 0, 1, 0, 1, 1, 4, 1, 4, 3, 2, 2, 0, 4, 1, 1, 4, 0, 1, 2, 1, 4, 4, 1, 1, 0, 2, 3, 2, 2, 1, 2, 1, 1, 2, 4, 3, 0, 2, 2, 3, 3, 0, 1, 2, 0, 1, 2, 4, 1, 3, 4, 1, 2, 4, 3, 3, 3, 1, 1, 4, 3, 2, 3, 2, 4, 2, 4, 2, 3, 4, 4, 4, 1, 2, 3, 4, 1, 2]|[0, 2, 0, 0, 3, 0, 1, 3, 0, 0, 2, 0, 1, 0, 1, 0, 0, 0, 1, 0, 0, 2, 0, 0, 1, 0, 0, 3, 0, 1, 0, 2, 0, 0, 3, 0, 1, 3, 0, 0, 0, 0, 1, 3, 0, 0, 1, 0, 2, 0, 0, 0, 0, 0, 1, 0, 1, 0, 1, 1, 0, 2, 0, 0, 0, 0, 0, 0, 0, 2, 0, 0, 1, 0, 0, 1, 0, 0, 3, 0, 0, 1, 0, 0, 0, 0, 1, 0, 2, 0, 0, 2, 1, 3, 0, 0, 0, 1, 0, 0],896.1029292898813,50428.13444364295,114595.46915086164,false
23,G3_TWC,G1_CMAX,[31, 22, 82, 15, 26, 9, 42, 95, 77, 12, 47, 5, 93, 78, 86, 54, 85, 63, 18, 44, 20, 35, 43, 97, 91, 76, 10, 30, 21, 45, 71, 64, 1, 23, 17, 83, 24, 14, 60, 36, 6, 57, 94, 88, 65, 56, 79, 40, 67, 68, 46, 75, 38, 58, 19, 32, 81, 41, 27, 62, 87, 90, 99, 59, 11, 16, 72, 73, 70, 39, 37, 84, 3, 92, 25, 55, 28, 29, 51, 7, 33, 61, 98, 66, 89, 50, 8, 96, 53, 4, 80, 13, 34, 49, 52, 0, 48, 69, 2, 74]|[1, 1, 0, 1, 1, 1, 2, 1, 2, 1, 2, 2, 2, 1, 1, 0, 0, 1, 0, 2, 2, 0, 1, 2, 0, 1, 2, 2, 0, 0, 1, 2, 1, 2, 1, 0, 2, 0, 1, 1, 0, 1, 1, 1, 0, 2, 1, 1, 0, 0, 0, 0, 1, 1, 2, 1, 2, 0, 0, 0, 2, 1, 0, 1, 2, 1, 2, 1, 1, 1, 1, 1, 1, 0, 1, 1, 0, 0, 0, 1, 2, 1, 0, 2, 1, 0, 1, 0, 0, 0, 0, 0, 2, 0, 1, 0, 0, 1, 0, 2]|[4, 3, 2, 2, 0, 0, 2, 2, 2, 4, 1, 1, 2, 4, 4, 1, 2, 4, 2, 1, 1, 1, 1, 2, 1, 2, 1, 1, 1, 1, 3, 2, 3, 0, 4, 0, 1, 1, 0, 3, 2, 2, 4, 0, 1, 1, 0, 2, 0, 1, 2, 2, 1, 4, 0, 3, 2, 1, 1, 2, 1, 3, 1, 1, 1, 3, 0, 4, 3, 1, 4, 1, 1, 0, 4, 4, 2, 1, 1, 3, 1, 3, 1, 1, 1, 1, 3, 1, 2, 2, 1, 1, 1, 1, 1, 2, 2, 3, 2, 1]|[0, 2, 1, 1, 3, 3, 0, 1, 0, 0, 0, 0, 1, 0, 1, 0, 0, 3, 1, 0, 0, 0, 3, 1, 0, 2, 0, 0, 0, 1, 0, 0, 0, 0, 3, 0, 1, 0, 0, 2, 1, 1, 2, 0, 0, 0, 0, 1, 1, 0, 0, 0, 1, 3, 0, 0, 1, 0, 0, 1, 0, 2, 0, 1, 0, 2, 1, 0, 0, 1, 1, 3, 1, 1, 3, 3, 1, 0, 0, 2, 0, 0, 0, 0, 1, 0, 2, 0, 1, 1, 0, 0, 0, 1, 1, 0, 0, 0, 0, 0],800.9728923351585,58117.763115372225,90558.04465999853,true
23,G1_CMAX,G1_CMAX,[31, 22, 82, 15, 26, 9, 42, 77, 12, 5, 47, 93, 78, 86, 54, 6, 63, 18, 44, 20, 35, 43, 97, 91, 76, 10, 30, 21, 45, 17, 23, 1, 71, 83, 24, 14, 60, 36, 85, 57, 40, 95, 88, 65, 56, 79, 94, 67, 68, 46, 75, 38, 58, 19, 32, 81, 41, 62, 87, 28, 90, 59, 11, 16, 72, 73, 69, 52, 37, 64, 84, 3, 25, 29, 55, 51, 7, 98, 61, 66, 99, 33, 89, 48, 50, 96, 53, 80, 4, 8, 27, 2, 39, 13, 0, 92, 49, 74, 34, 70]|[1, 1, 0, 1, 1, 1, 2, 2, 1, 2, 2, 1, 1, 1, 0, 0, 1, 0, 2, 2, 0, 1, 2, 2, 1, 2, 2, 0, 0, 1, 2, 1, 1, 0, 2, 0, 1, 1, 0, 1, 1, 1, 1, 0, 2, 1, 1, 0, 0, 0, 0, 1, 1, 2, 1, 2, 0, 0, 2, 0, 1, 2, 2, 1, 2, 1, 1, 1, 1, 1, 1, 2, 1, 0, 2, 0, 1, 2, 1, 0, 0, 2, 1, 0, 0, 2, 0, 0, 1, 1, 0, 0, 1, 0, 0, 0, 0, 2, 2, 1]|[0, 3, 1, 2, 0, 0, 1, 1, 4, 1, 1, 4, 4, 4, 2, 2, 4, 2, 1, 1, 1, 1, 2, 1, 2, 1, 1, 1, 1, 4, 0, 3, 3, 0, 1, 1, 0, 3, 2, 2, 2, 2, 0, 1, 1, 0, 4, 0, 1, 2, 2, 1, 4, 0, 3, 2, 1, 2, 1, 2, 3, 1, 1, 3, 0, 4, 4, 1, 4, 3, 1, 2, 4, 1, 1, 1, 1, 1, 3, 1, 1, 1, 1, 1, 1, 1, 2, 1, 4, 3, 2, 2, 1, 2, 2, 0, 1, 1, 1, 4]|[1, 1, 1, 1, 3, 3, 0, 0, 0, 0, 0, 2, 0, 1, 0, 0, 3, 1, 0, 0, 0, 3, 1, 0, 2, 0, 0, 0, 1, 3, 0, 0, 0, 0, 1, 0, 0, 2, 1, 1, 1, 1, 0, 0, 0, 0, 2, 1, 0, 0, 0, 1, 3, 0, 0, 1, 0, 1, 0, 1, 2, 0, 0, 2, 1, 0, 2, 1, 1, 0, 3, 1, 3, 0, 0, 0, 2, 0, 0, 0, 0, 0, 1, 0, 0, 0, 1, 0, 0, 2, 1, 0, 1, 0, 0, 1, 1, 0, 0, 2],733.3116759547878,58140.55643565909,96674.14109675489,false
23,G4_BALANCED,G4_BALANCED,[31, 11, 15, 82, 26, 9, 95, 32, 77, 68, 47, 5, 93, 78, 86, 54, 85, 63, 18, 44, 20, 49, 36, 14, 74, 50, 53, 17, 21, 45, 71, 64, 3, 23, 30, 83, 24, 41, 60, 52, 65, 27, 90, 70, 39, 87, 48, 69, 99, 4, 46, 1, 13, 58, 97, 59, 28, 75, 73, 37, 35, 79, 22, 66, 76, 42, 40, 80, 96, 6, 16, 61, 33, 7, 57, 34, 12, 67, 10, 98, 56, 88, 29, 94, 91, 51, 19, 92, 43, 84, 38, 72, 81, 8, 2, 55, 62, 89, 25, 0]|[2, 1, 1, 2, 1, 2, 1, 1, 1, 1, 1, 0, 2, 2, 1, 2, 0, 0, 0, 2, 2, 1, 0, 2, 0, 2, 2, 1, 0, 1, 1, 1, 0, 0, 1, 0, 2, 1, 2, 2, 0, 0, 1, 1, 0, 2, 0, 2, 1, 0, 0, 2, 0, 0, 2, 0, 1, 0, 0, 0, 2, 1, 0, 2, 2, 0, 2, 2, 0, 1, 2, 1, 1, 2, 0, 1, 1, 1, 1, 2, 2, 1, 1, 2, 1, 1, 1, 0, 1, 0, 0, 1, 1, 1, 2, 0, 1, 1, 1, 0]|[1, 3, 2, 0, 4, 1, 4, 4, 2, 4, 3, 2, 1, 0, 2, 1, 1, 1, 2, 1, 1, 3, 0, 1, 0, 1, 1, 4, 1, 4, 3, 2, 2, 0, 4, 1, 1, 4, 0, 1, 2, 1, 4, 4, 1, 1, 0, 2, 3, 1, 2, 1, 2, 1, 1, 2, 4, 2, 0, 2, 2, 3, 1, 0, 1, 2, 0, 1, 2, 4, 1, 3, 4, 1, 2, 4, 3, 3, 3, 1, 1, 4, 3, 1, 3, 3, 4, 2, 4, 2, 2, 4, 1, 3, 1, 2, 3, 4, 4, 2]|[1, 2, 1, 0, 3, 0, 1, 3, 0, 0, 2, 0, 1, 0, 1, 0, 0, 0, 1, 0, 0, 2, 0, 0, 1, 0, 0, 3, 0, 1, 0, 2, 0, 1, 3, 0, 1, 3, 1, 0, 0, 0, 1, 3, 0, 0, 1, 0, 2, 0, 0, 0, 0, 0, 1, 0, 1, 0, 1, 1, 0, 2, 0, 0, 0, 0, 0, 0, 0, 2, 0, 0, 1, 0, 0, 1, 0, 0, 3, 0, 0, 1, 0, 0, 0, 0, 3, 0, 2, 0, 0, 2, 1, 0, 0, 0, 0, 1, 3, 0],836.569815134707,52504.092339752446,107095.57005228325,false
23,G2_TEC,G2_TEC,[31, 22, 82, 15, 26, 9, 95, 42, 77, 68, 47, 5, 93, 78, 86, 54, 85, 63, 18, 44, 20, 49, 36, 14, 74, 50, 53, 17, 21, 28, 11, 64, 3, 23, 30, 83, 24, 41, 40, 52, 65, 27, 90, 70, 39, 87, 48, 69, 99, 4, 46, 1, 13, 58, 97, 59, 45, 8, 73, 37, 35, 79, 71, 66, 76, 32, 60, 80, 96, 6, 16, 61, 33, 7, 57, 34, 12, 67, 10, 98, 56, 88, 29, 75, 91, 38, 19, 92, 43, 84, 51, 72, 81, 25, 2, 55, 62, 89, 94, 0]|[2, 1, 2, 1, 1, 2, 1, 1, 1, 1, 1, 0, 2, 2, 1, 2, 0, 0, 0, 2, 2, 1, 0, 2, 0, 2, 2, 1, 0, 1, 1, 1, 0, 0, 1, 0, 2, 1, 2, 2, 0, 0, 1, 1, 0, 2, 0, 2, 1, 0, 0, 2, 0, 0, 2, 0, 1, 1, 0, 0, 2, 1, 1, 2, 2, 0, 2, 2, 0, 1, 2, 1, 1, 2, 0, 1, 1, 1, 1, 2, 2, 1, 1, 0, 1, 0, 1, 0, 1, 0, 1, 1, 1, 1, 2, 0, 1, 1, 2, 0]|[0, 3, 0, 3, 4, 1, 4, 4, 2, 4, 3, 2, 1, 0, 2, 1, 1, 1, 2, 1, 1, 3, 0, 1, 0, 1, 1, 4, 1, 4, 3, 2, 2, 0, 4, 1, 1, 4, 0, 1, 2, 1, 4, 4, 1, 1, 0, 2, 3, 2, 2, 1, 2, 1, 1, 2, 4, 3, 0, 2, 2, 3, 3, 0, 1, 2, 0, 1, 2, 4, 1, 3, 4, 1, 2, 4, 3, 3, 3, 1, 1, 4, 3, 2, 3, 2, 4, 2, 4, 2, 3, 4, 4, 4, 1, 2, 3, 4, 1, 2]|[0, 2, 0, 0, 3, 0, 1, 3, 0, 0, 2, 0, 1, 0, 1, 0, 0, 0, 1, 0, 0, 2, 0, 0, 1, 0, 0, 3, 0, 1, 0, 2, 0, 0, 3, 0, 1, 3, 0, 0, 0, 0, 1, 3, 0, 0, 1, 0, 2, 0, 0, 0, 0, 0, 1, 0, 1, 0, 1, 1, 0, 2, 0, 0, 0, 0, 0, 0, 0, 2, 0, 0, 1, 0, 0, 1, 0, 0, 3, 0, 0, 1, 0, 0, 0, 0, 1, 0, 2, 0, 0, 2, 1, 3, 0, 0, 0, 1, 0, 0],896.1029292898813,50428.13444364295,114595.46915086164,false
23,G3_TWC,G1_CMAX,[31, 22, 82, 15, 26, 9, 42, 95, 77, 12, 47, 5, 93, 78, 86, 54, 85, 63, 18, 44, 20, 35, 43, 97, 91, 76, 10, 30, 21, 45, 71, 64, 1, 23, 17, 83, 24, 14, 60, 36, 6, 57, 94, 88, 65, 56, 79, 40, 67, 68, 46, 75, 38, 58, 19, 32, 81, 41, 27, 62, 87, 90, 99, 59, 11, 16, 72, 73, 70, 39, 37, 84, 3, 92, 25, 55, 28, 29, 51, 7, 33, 61, 98, 66, 89, 50, 8, 96, 53, 4, 80, 13, 34, 49, 52, 0, 48, 69, 2, 74]|[1, 1, 0, 1, 1, 1, 2, 1, 2, 1, 2, 2, 2, 1, 1, 0, 0, 1, 0, 2, 2, 0, 1, 2, 0, 1, 2, 2, 0, 0, 1, 2, 1, 2, 1, 0, 2, 0, 1, 1, 0, 1, 1, 1, 0, 2, 1, 1, 0, 0, 0, 0, 1, 1, 2, 1, 2, 0, 0, 0, 2, 1, 0, 1, 2, 1, 2, 1, 1, 1, 1, 1, 1, 0, 1, 1, 0, 0, 0, 1, 2, 1, 0, 2, 1, 0, 1, 0, 0, 0, 0, 0, 2, 0, 1, 0, 0, 1, 0, 2]|[4, 3, 2, 2, 0, 0, 2, 2, 2, 4, 1, 1, 2, 4, 4, 1, 2, 4, 2, 1, 1, 1, 1, 2, 1, 2, 1, 1, 1, 1, 3, 2, 3, 0, 4, 0, 1, 1, 0, 3, 2, 2, 4, 0, 1, 1, 0, 2, 0, 1, 2, 2, 1, 4, 0, 3, 2, 1, 1, 2, 1, 3, 1, 1, 1, 3, 0, 4, 3, 1, 4, 1, 1, 0, 4, 4, 2, 1, 1, 3, 1, 3, 1, 1, 1, 1, 3, 1, 2, 2, 1, 1, 1, 1, 1, 2, 2, 3, 2, 1]|[0, 2, 1, 1, 3, 3, 0, 1, 0, 0, 0, 0, 1, 0, 1, 0, 0, 3, 1, 0, 0, 0, 3, 1, 0, 2, 0, 0, 0, 1, 0, 0, 0, 0, 3, 0, 1, 0, 0, 2, 1, 1, 2, 0, 0, 0, 0, 1, 1, 0, 0, 0, 1, 3, 0, 0, 1, 0, 0, 1, 0, 2, 0, 1, 0, 2, 1, 0, 0, 1, 1, 3, 1, 1, 3, 3, 1, 0, 0, 2, 0, 0, 0, 0, 1, 0, 2, 0, 1, 1, 0, 0, 0, 1, 1, 0, 0, 0, 0, 0],800.9728923351585,58117.763115372225,90558.04465999853,true
23,G1_CMAX,G1_CMAX,[31, 22, 82, 15, 26, 9, 42, 77, 12, 5, 47, 93, 78, 86, 54, 6, 63, 18, 44, 20, 35, 43, 97, 91, 76, 10, 30, 21, 45, 17, 23, 1, 71, 83, 24, 14, 60, 36, 85, 57, 40, 95, 88, 65, 56, 79, 94, 67, 68, 46, 75, 38, 58, 19, 32, 81, 41, 62, 87, 28, 90, 59, 11, 16, 72, 73, 69, 52, 37, 64, 84, 3, 25, 29, 55, 51, 7, 98, 61, 66, 99, 33, 89, 48, 50, 96, 53, 80, 4, 8, 27, 2, 39, 13, 0, 92, 49, 74, 34, 70]|[1, 1, 0, 1, 1, 1, 2, 2, 1, 2, 2, 1, 1, 1, 0, 0, 1, 0, 2, 2, 0, 1, 2, 2, 1, 2, 2, 0, 0, 1, 2, 1, 1, 0, 2, 0, 1, 1, 0, 1, 1, 1, 1, 0, 2, 1, 1, 0, 0, 0, 0, 1, 1, 2, 1, 2, 0, 0, 2, 0, 1, 2, 2, 1, 2, 1, 1, 1, 1, 1, 1, 2, 1, 0, 2, 0, 1, 2, 1, 0, 0, 2, 1, 0, 0, 2, 0, 0, 1, 1, 0, 0, 1, 0, 0, 0, 0, 2, 2, 1]|[0, 3, 1, 2, 0, 0, 1, 1, 4, 1, 1, 4, 4, 4, 2, 2, 4, 2, 1, 1, 1, 1, 2, 1, 2, 1, 1, 1, 1, 4, 0, 3, 3, 0, 1, 1, 0, 3, 2, 2, 2, 2, 0, 1, 1, 0, 4, 0, 1, 2, 2, 1, 4, 0, 3, 2, 1, 2, 1, 2, 3, 1, 1, 3, 0, 4, 4, 1, 4, 3, 1, 2, 4, 1, 1, 1, 1, 1, 3, 1, 1, 1, 1, 1, 1, 1, 2, 1, 4, 3, 2, 2, 1, 2, 2, 0, 1, 1, 1, 4]|[1, 1, 1, 1, 3, 3, 0, 0, 0, 0, 0, 2, 0, 1, 0, 0, 3, 1, 0, 0, 0, 3, 1, 0, 2, 0, 0, 0, 1, 3, 0, 0, 0, 0, 1, 0, 0, 2, 1, 1, 1, 1, 0, 0, 0, 0, 2, 1, 0, 0, 0, 1, 3, 0, 0, 1, 0, 1, 0, 1, 2, 0, 0, 2, 1, 0, 2, 1, 1, 0, 3, 1, 3, 0, 0, 0, 2, 0, 0, 0, 0, 0, 1, 0, 0, 0, 1, 0, 0, 2, 1, 0, 1, 0, 0, 1, 1, 0, 0, 2],733.3116759547878,58140.55643565909,96674.14109675489,false
23,G4_BALANCED,G4_BALANCED,[31, 11, 15, 82, 26, 9, 95, 32, 77, 68, 47, 5, 93, 78, 86, 54, 85, 63, 18, 44, 20, 49, 36, 14, 74, 50, 53, 17, 21, 45, 71, 64, 3, 23, 30, 83, 24, 41, 60, 52, 65, 27, 90, 70, 39, 87, 48, 69, 99, 4, 46, 1, 13, 58, 97, 59, 28, 75, 73, 37, 35, 79, 22, 66, 76, 42, 40, 80, 96, 6, 16, 61, 33, 7, 57, 34, 12, 67, 10, 98, 56, 88, 29, 94, 91, 51, 19, 92, 43, 84, 38, 72, 81, 8, 2, 55, 62, 89, 25, 0]|[2, 1, 1, 2, 1, 2, 1, 1, 1, 1, 1, 0, 2, 2, 1, 2, 0, 0, 0, 2, 2, 1, 0, 2, 0, 2, 2, 1, 0, 1, 1, 1, 0, 0, 1, 0, 2, 1, 2, 2, 0, 0, 1, 1, 0, 2, 0, 2, 1, 0, 0, 2, 0, 0, 2, 0, 1, 0, 0, 0, 2, 1, 0, 2, 2, 0, 2, 2, 0, 1, 2, 1, 1, 2, 0, 1, 1, 1, 1, 2, 2, 1, 1, 2, 1, 1, 1, 0, 1, 0, 0, 1, 1, 1, 2, 0, 1, 1, 1, 0]|[1, 3, 2, 0, 4, 1, 4, 4, 2, 4, 3, 2, 1, 0, 2, 1, 1, 1, 2, 1, 1, 3, 0, 1, 0, 1, 1, 4, 1, 4, 3, 2, 2, 0, 4, 1, 1, 4, 0, 1, 2, 1, 4, 4, 1, 1, 0, 2, 3, 1, 2, 1, 2, 1, 1, 2, 4, 2, 0, 2, 2, 3, 1, 0, 1, 2, 0, 1, 2, 4, 1, 3, 4, 1, 2, 4, 3, 3, 3, 1, 1, 4, 3, 1, 3, 3, 4, 2, 4, 2, 2, 4, 1, 3, 1, 2, 3, 4, 4, 2]|[1, 2, 1, 0, 3, 0, 1, 3, 0, 0, 2, 0, 1, 0, 1, 0, 0, 0, 1, 0, 0, 2, 0, 0, 1, 0, 0, 3, 0, 1, 0, 2, 0, 1, 3, 0, 1, 3, 1, 0, 0, 0, 1, 3, 0, 0, 1, 0, 2, 0, 0, 0, 0, 0, 1, 0, 1, 0, 1, 1, 0, 2, 0, 0, 0, 0, 0, 0, 0, 2, 0, 0, 1, 0, 0, 1, 0, 0, 3, 0, 0, 1, 0, 0, 0, 0, 3, 0, 2, 0, 0, 2, 1, 0, 0, 0, 0, 1, 3, 0],836.569815134707,52504.092339752446,107095.57005228325,false
23,G2_TEC,G2_TEC,[31, 22, 82, 15, 26, 9, 95, 42, 77, 68, 47, 5, 93, 78, 86, 54, 85, 63, 18, 44, 20, 49, 36, 14, 74, 50, 53, 17, 21, 28, 11, 64, 3, 23, 30, 83, 24, 41, 40, 52, 65, 27, 90, 70, 39, 87, 48, 69, 99, 4, 46, 1, 13, 58, 97, 59, 45, 8, 73, 37, 35, 79, 71, 66, 76, 32, 60, 80, 96, 6, 16, 61, 33, 7, 57, 34, 12, 67, 10, 98, 56, 88, 29, 75, 91, 38, 19, 92, 43, 84, 51, 72, 81, 25, 2, 55, 62, 89, 94, 0]|[2, 1, 2, 1, 1, 2, 1, 1, 1, 1, 1, 0, 2, 2, 1, 2, 0, 0, 0, 2, 2, 1, 0, 2, 0, 2, 2, 1, 0, 1, 1, 1, 0, 0, 1, 0, 2, 1, 2, 2, 0, 0, 1, 1, 0, 2, 0, 2, 1, 0, 0, 2, 0, 0, 2, 0, 1, 1, 0, 0, 2, 1, 1, 2, 2, 0, 2, 2, 0, 1, 2, 1, 1, 2, 0, 1, 1, 1, 1, 2, 2, 1, 1, 0, 1, 0, 1, 0, 1, 0, 1, 1, 1, 1, 2, 0, 1, 1, 2, 0]|[0, 3, 0, 3, 4, 1, 4, 4, 2, 4, 3, 2, 1, 0, 2, 1, 1, 1, 2, 1, 1, 3, 0, 1, 0, 1, 1, 4, 1, 4, 3, 2, 2, 0, 4, 1, 1, 4, 0, 1, 2, 1, 4, 4, 1, 1, 0, 2, 3, 2, 2, 1, 2, 1, 1, 2, 4, 3, 0, 2, 2, 3, 3, 0, 1, 2, 0, 1, 2, 4, 1, 3, 4, 1, 2, 4, 3, 3, 3, 1, 1, 4, 3, 2, 3, 2, 4, 2, 4, 2, 3, 4, 4, 4, 1, 2, 3, 4, 1, 2]|[0, 2, 0, 0, 3, 0, 1, 3, 0, 0, 2, 0, 1, 0, 1, 0, 0, 0, 1, 0, 0, 2, 0, 0, 1, 0, 0, 3, 0, 1, 0, 2, 0, 0, 3, 0, 1, 3, 0, 0, 0, 0, 1, 3, 0, 0, 1, 0, 2, 0, 0, 0, 0, 0, 1, 0, 1, 0, 1, 1, 0, 2, 0, 0, 0, 0, 0, 0, 0, 2, 0, 0, 1, 0, 0, 1, 0, 0, 3, 0, 0, 1, 0, 0, 0, 0, 1, 0, 2, 0, 0, 2, 1, 3, 0, 0, 0, 1, 0, 0],896.1029292898813,50428.13444364295,114595.46915086164,false
23,G3_TWC,G1_CMAX,[31, 22, 82, 15, 26, 9, 42, 95, 77, 12, 47, 5, 93, 78, 86, 54, 85, 63, 18, 44, 20, 35, 43, 97, 91, 76, 10, 30, 21, 45, 71, 64, 1, 23, 17, 83, 24, 14, 60, 36, 6, 57, 94, 88, 65, 56, 79, 40, 67, 68, 46, 75, 38, 58, 19, 32, 81, 41, 27, 62, 87, 90, 99, 59, 11, 16, 72, 73, 70, 39, 37, 84, 3, 92, 25, 55, 28, 29, 51, 7, 33, 61, 98, 66, 89, 50, 8, 96, 53, 4, 80, 13, 34, 49, 52, 0, 48, 69, 2, 74]|[1, 1, 0, 1, 1, 1, 2, 1, 2, 1, 2, 2, 2, 1, 1, 0, 0, 1, 0, 2, 2, 0, 1, 2, 0, 1, 2, 2, 0, 0, 1, 2, 1, 2, 1, 0, 2, 0, 1, 1, 0, 1, 1, 1, 0, 2, 1, 1, 0, 0, 0, 0, 1, 1, 2, 1, 2, 0, 0, 0, 2, 1, 0, 1, 2, 1, 2, 1, 1, 1, 1, 1, 1, 0, 1, 1, 0, 0, 0, 1, 2, 1, 0, 2, 1, 0, 1, 0, 0, 0, 0, 0, 2, 0, 1, 0, 0, 1, 0, 2]|[4, 3, 2, 2, 0, 0, 2, 2, 2, 4, 1, 1, 2, 4, 4, 1, 2, 4, 2, 1, 1, 1, 1, 2, 1, 2, 1, 1, 1, 1, 3, 2, 3, 0, 4, 0, 1, 1, 0, 3, 2, 2, 4, 0, 1, 1, 0, 2, 0, 1, 2, 2, 1, 4, 0, 3, 2, 1, 1, 2, 1, 3, 1, 1, 1, 3, 0, 4, 3, 1, 4, 1, 1, 0, 4, 4, 2, 1, 1, 3, 1, 3, 1, 1, 1, 1, 3, 1, 2, 2, 1, 1, 1, 1, 1, 2, 2, 3, 2, 1]|[0, 2, 1, 1, 3, 3, 0, 1, 0, 0, 0, 0, 1, 0, 1, 0, 0, 3, 1, 0, 0, 0, 3, 1, 0, 2, 0, 0, 0, 1, 0, 0, 0, 0, 3, 0, 1, 0, 0, 2, 1, 1, 2, 0, 0, 0, 0, 1, 1, 0, 0, 0, 1, 3, 0, 0, 1, 0, 0, 1, 0, 2, 0, 1, 0, 2, 1, 0, 0, 1, 1, 3, 1, 1, 3, 3, 1, 0, 0, 2, 0, 0, 0, 0, 1, 0, 2, 0, 1, 1, 0, 0, 0, 1, 1, 0, 0, 0, 0, 0],800.9728923351585,58117.763115372225,90558.04465999853,true
23,G1_CMAX,G1_CMAX,[31, 22, 82, 15, 26, 9, 42, 77, 12, 5, 47, 93, 78, 86, 54, 6, 63, 18, 44, 20, 35, 43, 97, 91, 76, 10, 30, 21, 45, 17, 23, 1, 71, 83, 24, 14, 60, 36, 85, 57, 40, 95, 88, 65, 56, 79, 94, 67, 68, 46, 75, 38, 58, 19, 32, 81, 41, 62, 87, 28, 90, 59, 11, 16, 72, 73, 69, 52, 37, 64, 84, 3, 25, 29, 55, 51, 7, 98, 61, 66, 99, 33, 89, 48, 50, 96, 53, 80, 4, 8, 27, 2, 39, 13, 0, 92, 49, 74, 34, 70]|[1, 1, 0, 1, 1, 1, 2, 2, 1, 2, 2, 1, 1, 1, 0, 0, 1, 0, 2, 2, 0, 1, 2, 2, 1, 2, 2, 0, 0, 1, 2, 1, 1, 0, 2, 0, 1, 1, 0, 1, 1, 1, 1, 0, 2, 1, 1, 0, 0, 0, 0, 1, 1, 2, 1, 2, 0, 0, 2, 0, 1, 2, 2, 1, 2, 1, 1, 1, 1, 1, 1, 2, 1, 0, 2, 0, 1, 2, 1, 0, 0, 2, 1, 0, 0, 2, 0, 0, 1, 1, 0, 0, 1, 0, 0, 0, 0, 2, 2, 1]|[0, 3, 1, 2, 0, 0, 1, 1, 4, 1, 1, 4, 4, 4, 2, 2, 4, 2, 1, 1, 1, 1, 2, 1, 2, 1, 1, 1, 1, 4, 0, 3, 3, 0, 1, 1, 0, 3, 2, 2, 2, 2, 0, 1, 1, 0, 4, 0, 1, 2, 2, 1, 4, 0, 3, 2, 1, 2, 1, 2, 3, 1, 1, 3, 0, 4, 4, 1, 4, 3, 1, 2, 4, 1, 1, 1, 1, 1, 3, 1, 1, 1, 1, 1, 1, 1, 2, 1, 4, 3, 2, 2, 1, 2, 2, 0, 1, 1, 1, 4]|[1, 1, 1, 1, 3, 3, 0, 0, 0, 0, 0, 2, 0, 1, 0, 0, 3, 1, 0, 0, 0, 3, 1, 0, 2, 0, 0, 0, 1, 3, 0, 0, 0, 0, 1, 0, 0, 2, 1, 1, 1, 1, 0, 0, 0, 0, 2, 1, 0, 0, 0, 1, 3, 0, 0, 1, 0, 1, 0, 1, 2, 0, 0, 2, 1, 0, 2, 1, 1, 0, 3, 1, 3, 0, 0, 0, 2, 0, 0, 0, 0, 0, 1, 0, 0, 0, 1, 0, 0, 2, 1, 0, 1, 0, 0, 1, 1, 0, 0, 2],733.3116759547878,58140.55643565909,96674.14109675489,false
23,G4_BALANCED,G4_BALANCED,[31, 11, 15, 82, 26, 9, 95, 32, 77, 68, 47, 5, 93, 78, 86, 54, 85, 63, 18, 44, 20, 49, 36, 14, 74, 50, 53, 17, 21, 45, 71, 64, 3, 23, 30, 83, 24, 41, 60, 52, 65, 27, 90, 70, 39, 87, 48, 69, 99, 4, 46, 1, 13, 58, 97, 59, 28, 75, 73, 37, 35, 79, 22, 66, 76, 42, 40, 80, 96, 6, 16, 61, 33, 7, 57, 34, 12, 67, 10, 98, 56, 88, 29, 94, 91, 51, 19, 92, 43, 84, 38, 72, 81, 8, 2, 55, 62, 89, 25, 0]|[2, 1, 1, 2, 1, 2, 1, 1, 1, 1, 1, 0, 2, 2, 1, 2, 0, 0, 0, 2, 2, 1, 0, 2, 0, 2, 2, 1, 0, 1, 1, 1, 0, 0, 1, 0, 2, 1, 2, 2, 0, 0, 1, 1, 0, 2, 0, 2, 1, 0, 0, 2, 0, 0, 2, 0, 1, 0, 0, 0, 2, 1, 0, 2, 2, 0, 2, 2, 0, 1, 2, 1, 1, 2, 0, 1, 1, 1, 1, 2, 2, 1, 1, 2, 1, 1, 1, 0, 1, 0, 0, 1, 1, 1, 2, 0, 1, 1, 1, 0]|[1, 3, 2, 0, 4, 1, 4, 4, 2, 4, 3, 2, 1, 0, 2, 1, 1, 1, 2, 1, 1, 3, 0, 1, 0, 1, 1, 4, 1, 4, 3, 2, 2, 0, 4, 1, 1, 4, 0, 1, 2, 1, 4, 4, 1, 1, 0, 2, 3, 1, 2, 1, 2, 1, 1, 2, 4, 2, 0, 2, 2, 3, 1, 0, 1, 2, 0, 1, 2, 4, 1, 3, 4, 1, 2, 4, 3, 3, 3, 1, 1, 4, 3, 1, 3, 3, 4, 2, 4, 2, 2, 4, 1, 3, 1, 2, 3, 4, 4, 2]|[1, 2, 1, 0, 3, 0, 1, 3, 0, 0, 2, 0, 1, 0, 1, 0, 0, 0, 1, 0, 0, 2, 0, 0, 1, 0, 0, 3, 0, 1, 0, 2, 0, 1, 3, 0, 1, 3, 1, 0, 0, 0, 1, 3, 0, 0, 1, 0, 2, 0, 0, 0, 0, 0, 1, 0, 1, 0, 1, 1, 0, 2, 0, 0, 0, 0, 0, 0, 0, 2, 0, 0, 1, 0, 0, 1, 0, 0, 3, 0, 0, 1, 0, 0, 0, 0, 3, 0, 2, 0, 0, 2, 1, 0, 0, 0, 0, 1, 3, 0],836.569815134707,52504.092339752446,107095.57005228325,false
23,G2_TEC,G2_TEC,[31, 22, 82, 15, 26, 9, 95, 42, 77, 68, 47, 5, 93, 78, 86, 54, 85, 63, 18, 44, 20, 49, 36, 14, 74, 50, 53, 17, 21, 28, 11, 64, 3, 23, 30, 83, 24, 41, 40, 52, 65, 27, 90, 70, 39, 87, 48, 69, 99, 4, 46, 1, 13, 58, 97, 59, 45, 8, 73, 37, 35, 79, 71, 66, 76, 32, 60, 80, 96, 6, 16, 61, 33, 7, 57, 34, 12, 67, 10, 98, 56, 88, 29, 75, 91, 38, 19, 92, 43, 84, 51, 72, 81, 25, 2, 55, 62, 89, 94, 0]|[2, 1, 2, 1, 1, 2, 1, 1, 1, 1, 1, 0, 2, 2, 1, 2, 0, 0, 0, 2, 2, 1, 0, 2, 0, 2, 2, 1, 0, 1, 1, 1, 0, 0, 1, 0, 2, 1, 2, 2, 0, 0, 1, 1, 0, 2, 0, 2, 1, 0, 0, 2, 0, 0, 2, 0, 1, 1, 0, 0, 2, 1, 1, 2, 2, 0, 2, 2, 0, 1, 2, 1, 1, 2, 0, 1, 1, 1, 1, 2, 2, 1, 1, 0, 1, 0, 1, 0, 1, 0, 1, 1, 1, 1, 2, 0, 1, 1, 2, 0]|[0, 3, 0, 3, 4, 1, 4, 4, 2, 4, 3, 2, 1, 0, 2, 1, 1, 1, 2, 1, 1, 3, 0, 1, 0, 1, 1, 4, 1, 4, 3, 2, 2, 0, 4, 1, 1, 4, 0, 1, 2, 1, 4, 4, 1, 1, 0, 2, 3, 2, 2, 1, 2, 1, 1, 2, 4, 3, 0, 2, 2, 3, 3, 0, 1, 2, 0, 1, 2, 4, 1, 3, 4, 1, 2, 4, 3, 3, 3, 1, 1, 4, 3, 2, 3, 2, 4, 2, 4, 2, 3, 4, 4, 4, 1, 2, 3, 4, 1, 2]|[0, 2, 0, 0, 3, 0, 1, 3, 0, 0, 2, 0, 1, 0, 1, 0, 0, 0, 1, 0, 0, 2, 0, 0, 1, 0, 0, 3, 0, 1, 0, 2, 0, 0, 3, 0, 1, 3, 0, 0, 0, 0, 1, 3, 0, 0, 1, 0, 2, 0, 0, 0, 0, 0, 1, 0, 1, 0, 1, 1, 0, 2, 0, 0, 0, 0, 0, 0, 0, 2, 0, 0, 1, 0, 0, 1, 0, 0, 3, 0, 0, 1, 0, 0, 0, 0, 1, 0, 2, 0, 0, 2, 1, 3, 0, 0, 0, 1, 0, 0],896.1029292898813,50428.13444364295,114595.46915086164,false
23,G3_TWC,G1_CMAX,[31, 22, 82, 15, 26, 9, 42, 95, 77, 12, 47, 5, 93, 78, 86, 54, 85, 63, 18, 44, 20, 35, 43, 97, 91, 76, 10, 30, 21, 45, 71, 64, 1, 23, 17, 83, 24, 14, 60, 36, 6, 57, 94, 88, 65, 56, 79, 40, 67, 68, 46, 75, 38, 58, 19, 32, 81, 41, 27, 62, 87, 90, 99, 59, 11, 16, 72, 73, 70, 39, 37, 84, 3, 92, 25, 55, 28, 29, 51, 7, 33, 61, 98, 66, 89, 50, 8, 96, 53, 4, 80, 13, 34, 49, 52, 0, 48, 69, 2, 74]|[1, 1, 0, 1, 1, 1, 2, 1, 2, 1, 2, 2, 2, 1, 1, 0, 0, 1, 0, 2, 2, 0, 1, 2, 0, 1, 2, 2, 0, 0, 1, 2, 1, 2, 1, 0, 2, 0, 1, 1, 0, 1, 1, 1, 0, 2, 1, 1, 0, 0, 0, 0, 1, 1, 2, 1, 2, 0, 0, 0, 2, 1, 0, 1, 2, 1, 2, 1, 1, 1, 1, 1, 1, 0, 1, 1, 0, 0, 0, 1, 2, 1, 0, 2, 1, 0, 1, 0, 0, 0, 0, 0, 2, 0, 1, 0, 0, 1, 0, 2]|[4, 3, 2, 2, 0, 0, 2, 2, 2, 4, 1, 1, 2, 4, 4, 1, 2, 4, 2, 1, 1, 1, 1, 2, 1, 2, 1, 1, 1, 1, 3, 2, 3, 0, 4, 0, 1, 1, 0, 3, 2, 2, 4, 0, 1, 1, 0, 2, 0, 1, 2, 2, 1, 4, 0, 3, 2, 1, 1, 2, 1, 3, 1, 1, 1, 3, 0, 4, 3, 1, 4, 1, 1, 0, 4, 4, 2, 1, 1, 3, 1, 3, 1, 1, 1, 1, 3, 1, 2, 2, 1, 1, 1, 1, 1, 2, 2, 3, 2, 1]|[0, 2, 1, 1, 3, 3, 0, 1, 0, 0, 0, 0, 1, 0, 1, 0, 0, 3, 1, 0, 0, 0, 3, 1, 0, 2, 0, 0, 0, 1, 0, 0, 0, 0, 3, 0, 1, 0, 0, 2, 1, 1, 2, 0, 0, 0, 0, 1, 1, 0, 0, 0, 1, 3, 0, 0, 1, 0, 0, 1, 0, 2, 0, 1, 0, 2, 1, 0, 0, 1, 1, 3, 1, 1, 3, 3, 1, 0, 0, 2, 0, 0, 0, 0, 1, 0, 2, 0, 1, 1, 0, 0, 0, 1, 1, 0, 0, 0, 0, 0],800.9728923351585,58117.763115372225,90558.04465999853,true
23,G1_CMAX,G1_CMAX,[31, 22, 82, 15, 26, 9, 42, 77, 12, 5, 47, 93, 78, 86, 54, 6, 63, 18, 44, 20, 35, 43, 97, 91, 76, 10, 30, 21, 45, 17, 23, 1, 71, 83, 24, 14, 60, 36, 85, 57, 40, 95, 88, 65, 56, 79, 94, 67, 68, 46, 75, 38, 58, 19, 32, 81, 41, 62, 87, 28, 90, 59, 11, 16, 72, 73, 69, 52, 37, 64, 84, 3, 25, 29, 55, 51, 7, 98, 61, 66, 99, 33, 89, 48, 50, 96, 53, 80, 4, 8, 27, 2, 39, 13, 0, 92, 49, 74, 34, 70]|[1, 1, 0, 1, 1, 1, 2, 2, 1, 2, 2, 1, 1, 1, 0, 0, 1, 0, 2, 2, 0, 1, 2, 2, 1, 2, 2, 0, 0, 1, 2, 1, 1, 0, 2, 0, 1, 1, 0, 1, 1, 1, 1, 0, 2, 1, 1, 0, 0, 0, 0, 1, 1, 2, 1, 2, 0, 0, 2, 0, 1, 2, 2, 1, 2, 1, 1, 1, 1, 1, 1, 2, 1, 0, 2, 0, 1, 2, 1, 0, 0, 2, 1, 0, 0, 2, 0, 0, 1, 1, 0, 0, 1, 0, 0, 0, 0, 2, 2, 1]|[0, 3, 1, 2, 0, 0, 1, 1, 4, 1, 1, 4, 4, 4, 2, 2, 4, 2, 1, 1, 1, 1, 2, 1, 2, 1, 1, 1, 1, 4, 0, 3, 3, 0, 1, 1, 0, 3, 2, 2, 2, 2, 0, 1, 1, 0, 4, 0, 1, 2, 2, 1, 4, 0, 3, 2, 1, 2, 1, 2, 3, 1, 1, 3, 0, 4, 4, 1, 4, 3, 1, 2, 4, 1, 1, 1, 1, 1, 3, 1, 1, 1, 1, 1, 1, 1, 2, 1, 4, 3, 2, 2, 1, 2, 2, 0, 1, 1, 1, 4]|[1, 1, 1, 1, 3, 3, 0, 0, 0, 0, 0, 2, 0, 1, 0, 0, 3, 1, 0, 0, 0, 3, 1, 0, 2, 0, 0, 0, 1, 3, 0, 0, 0, 0, 1, 0, 0, 2, 1, 1, 1, 1, 0, 0, 0, 0, 2, 1, 0, 0, 0, 1, 3, 0, 0, 1, 0, 1, 0, 1, 2, 0, 0, 2, 1, 0, 2, 1, 1, 0, 3, 1, 3, 0, 0, 0, 2, 0, 0, 0, 0, 0, 1, 0, 0, 0, 1, 0, 0, 2, 1, 0, 1, 0, 0, 1, 1, 0, 0, 2],733.3116759547878,58140.55643565909,96674.14109675489,false
23,G4_BALANCED,G4_BALANCED,[31, 11, 15, 82, 26, 9, 95, 32, 77, 68, 47, 5, 93, 78, 86, 54, 85, 63, 18, 44, 20, 49, 36, 14, 74, 50, 53, 17, 21, 45, 71, 64, 3, 23, 30, 83, 24, 41, 60, 52, 65, 27, 90, 70, 39, 87, 48, 69, 99, 4, 46, 1, 13, 58, 97, 59, 28, 75, 73, 37, 35, 79, 22, 66, 76, 42, 40, 80, 96, 6, 16, 61, 33, 7, 57, 34, 12, 67, 10, 98, 56, 88, 29, 94, 91, 51, 19, 92, 43, 84, 38, 72, 81, 8, 2, 55, 62, 89, 25, 0]|[2, 1, 1, 2, 1, 2, 1, 1, 1, 1, 1, 0, 2, 2, 1, 2, 0, 0, 0, 2, 2, 1, 0, 2, 0, 2, 2, 1, 0, 1, 1, 1, 0, 0, 1, 0, 2, 1, 2, 2, 0, 0, 1, 1, 0, 2, 0, 2, 1, 0, 0, 2, 0, 0, 2, 0, 1, 0, 0, 0, 2, 1, 0, 2, 2, 0, 2, 2, 0, 1, 2, 1, 1, 2, 0, 1, 1, 1, 1, 2, 2, 1, 1, 2, 1, 1, 1, 0, 1, 0, 0, 1, 1, 1, 2, 0, 1, 1, 1, 0]|[1, 3, 2, 0, 4, 1, 4, 4, 2, 4, 3, 2, 1, 0, 2, 1, 1, 1, 2, 1, 1, 3, 0, 1, 0, 1, 1, 4, 1, 4, 3, 2, 2, 0, 4, 1, 1, 4, 0, 1, 2, 1, 4, 4, 1, 1, 0, 2, 3, 1, 2, 1, 2, 1, 1, 2, 4, 2, 0, 2, 2, 3, 1, 0, 1, 2, 0, 1, 2, 4, 1, 3, 4, 1, 2, 4, 3, 3, 3, 1, 1, 4, 3, 1, 3, 3, 4, 2, 4, 2, 2, 4, 1, 3, 1, 2, 3, 4, 4, 2]|[1, 2, 1, 0, 3, 0, 1, 3, 0, 0, 2, 0, 1, 0, 1, 0, 0, 0, 1, 0, 0, 2, 0, 0, 1, 0, 0, 3, 0, 1, 0, 2, 0, 1, 3, 0, 1, 3, 1, 0, 0, 0, 1, 3, 0, 0, 1, 0, 2, 0, 0, 0, 0, 0, 1, 0, 1, 0, 1, 1, 0, 2, 0, 0, 0, 0, 0, 0, 0, 2, 0, 0, 1, 0, 0, 1, 0, 0, 3, 0, 0, 1, 0, 0, 0, 0, 3, 0, 2, 0, 0, 2, 1, 0, 0, 0, 0, 1, 3, 0],836.569815134707,52504.092339752446,107095.57005228325,false
23,G2_TEC,G2_TEC,[31, 22, 82, 15, 26, 9, 95, 42, 77, 68, 47, 5, 93, 78, 86, 54, 85, 63, 18, 44, 20, 49, 36, 14, 74, 50, 53, 17, 21, 28, 11, 64, 3, 23, 30, 83, 24, 41, 40, 52, 65, 27, 90, 70, 39, 87, 48, 69, 99, 4, 46, 1, 13, 58, 97, 59, 45, 8, 73, 37, 35, 79, 71, 66, 76, 32, 60, 80, 96, 6, 16, 61, 33, 7, 57, 34, 12, 67, 10, 98, 56, 88, 29, 75, 91, 38, 19, 92, 43, 84, 51, 72, 81, 25, 2, 55, 62, 89, 94, 0]|[2, 1, 2, 1, 1, 2, 1, 1, 1, 1, 1, 0, 2, 2, 1, 2, 0, 0, 0, 2, 2, 1, 0, 2, 0, 2, 2, 1, 0, 1, 1, 1, 0, 0, 1, 0, 2, 1, 2, 2, 0, 0, 1, 1, 0, 2, 0, 2, 1, 0, 0, 2, 0, 0, 2, 0, 1, 1, 0, 0, 2, 1, 1, 2, 2, 0, 2, 2, 0, 1, 2, 1, 1, 2, 0, 1, 1, 1, 1, 2, 2, 1, 1, 0, 1, 0, 1, 0, 1, 0, 1, 1, 1, 1, 2, 0, 1, 1, 2, 0]|[0, 3, 0, 3, 4, 1, 4, 4, 2, 4, 3, 2, 1, 0, 2, 1, 1, 1, 2, 1, 1, 3, 0, 1, 0, 1, 1, 4, 1, 4, 3, 2, 2, 0, 4, 1, 1, 4, 0, 1, 2, 1, 4, 4, 1, 1, 0, 2, 3, 2, 2, 1, 2, 1, 1, 2, 4, 3, 0, 2, 2, 3, 3, 0, 1, 2, 0, 1, 2, 4, 1, 3, 4, 1, 2, 4, 3, 3, 3, 1, 1, 4, 3, 2, 3, 2, 4, 2, 4, 2, 3, 4, 4, 4, 1, 2, 3, 4, 1, 2]|[0, 2, 0, 0, 3, 0, 1, 3, 0, 0, 2, 0, 1, 0, 1, 0, 0, 0, 1, 0, 0, 2, 0, 0, 1, 0, 0, 3, 0, 1, 0, 2, 0, 0, 3, 0, 1, 3, 0, 0, 0, 0, 1, 3, 0, 0, 1, 0, 2, 0, 0, 0, 0, 0, 1, 0, 1, 0, 1, 1, 0, 2, 0, 0, 0, 0, 0, 0, 0, 2, 0, 0, 1, 0, 0, 1, 0, 0, 3, 0, 0, 1, 0, 0, 0, 0, 1, 0, 2, 0, 0, 2, 1, 3, 0, 0, 0, 1, 0, 0],896.1029292898813,50428.13444364295,114595.46915086164,false
23,G3_TWC,G1_CMAX,[31, 22, 82, 15, 26, 9, 42, 95, 77, 12, 47, 5, 93, 78, 86, 54, 85, 63, 18, 44, 20, 35, 43, 97, 91, 76, 10, 30, 21, 45, 71, 64, 1, 23, 17, 83, 24, 14, 60, 36, 6, 57, 94, 88, 65, 56, 79, 40, 67, 68, 46, 75, 38, 58, 19, 32, 81, 41, 27, 62, 87, 90, 99, 59, 11, 16, 72, 73, 70, 39, 37, 84, 3, 92, 25, 55, 28, 29, 51, 7, 33, 61, 98, 66, 89, 50, 8, 96, 53, 4, 80, 13, 34, 49, 52, 0, 48, 69, 2, 74]|[1, 1, 0, 1, 1, 1, 2, 1, 2, 1, 2, 2, 2, 1, 1, 0, 0, 1, 0, 2, 2, 0, 1, 2, 0, 1, 2, 2, 0, 0, 1, 2, 1, 2, 1, 0, 2, 0, 1, 1, 0, 1, 1, 1, 0, 2, 1, 1, 0, 0, 0, 0, 1, 1, 2, 1, 2, 0, 0, 0, 2, 1, 0, 1, 2, 1, 2, 1, 1, 1, 1, 1, 1, 0, 1, 1, 0, 0, 0, 1, 2, 1, 0, 2, 1, 0, 1, 0, 0, 0, 0, 0, 2, 0, 1, 0, 0, 1, 0, 2]|[4, 3, 2, 2, 0, 0, 2, 2, 2, 4, 1, 1, 2, 4, 4, 1, 2, 4, 2, 1, 1, 1, 1, 2, 1, 2, 1, 1, 1, 1, 3, 2, 3, 0, 4, 0, 1, 1, 0, 3, 2, 2, 4, 0, 1, 1, 0, 2, 0, 1, 2, 2, 1, 4, 0, 3, 2, 1, 1, 2, 1, 3, 1, 1, 1, 3, 0, 4, 3, 1, 4, 1, 1, 0, 4, 4, 2, 1, 1, 3, 1, 3, 1, 1, 1, 1, 3, 1, 2, 2, 1, 1, 1, 1, 1, 2, 2, 3, 2, 1]|[0, 2, 1, 1, 3, 3, 0, 1, 0, 0, 0, 0, 1, 0, 1, 0, 0, 3, 1, 0, 0, 0, 3, 1, 0, 2, 0, 0, 0, 1, 0, 0, 0, 0, 3, 0, 1, 0, 0, 2, 1, 1, 2, 0, 0, 0, 0, 1, 1, 0, 0, 0, 1, 3, 0, 0, 1, 0, 0, 1, 0, 2, 0, 1, 0, 2, 1, 0, 0, 1, 1, 3, 1, 1, 3, 3, 1, 0, 0, 2, 0, 0, 0, 0, 1, 0, 2, 0, 1, 1, 0, 0, 0, 1, 1, 0, 0, 0, 0, 0],800.9728923351585,58117.763115372225,90558.04465999853,true
23,G1_CMAX,G1_CMAX,[31, 22, 82, 15, 26, 9, 42, 77, 12, 5, 47, 93, 78, 86, 54, 6, 63, 18, 44, 20, 35, 43, 97, 91, 76, 10, 30, 21, 45, 17, 23, 1, 71, 83, 24, 14, 60, 36, 85, 57, 40, 95, 88, 65, 56, 79, 94, 67, 68, 46, 75, 38, 58, 19, 32, 81, 41, 62, 87, 28, 90, 59, 11, 16, 72, 73, 69, 52, 37, 64, 84, 3, 25, 29, 55, 51, 7, 98, 61, 66, 99, 33, 89, 48, 50, 96, 53, 80, 4, 8, 27, 2, 39, 13, 0, 92, 49, 74, 34, 70]|[1, 1, 0, 1, 1, 1, 2, 2, 1, 2, 2, 1, 1, 1, 0, 0, 1, 0, 2, 2, 0, 1, 2, 2, 1, 2, 2, 0, 0, 1, 2, 1, 1, 0, 2, 0, 1, 1, 0, 1, 1, 1, 1, 0, 2, 1, 1, 0, 0, 0, 0, 1, 1, 2, 1, 2, 0, 0, 2, 0, 1, 2, 2, 1, 2, 1, 1, 1, 1, 1, 1, 2, 1, 0, 2, 0, 1, 2, 1, 0, 0, 2, 1, 0, 0, 2, 0, 0, 1, 1, 0, 0, 1, 0, 0, 0, 0, 2, 2, 1]|[0, 3, 1, 2, 0, 0, 1, 1, 4, 1, 1, 4, 4, 4, 2, 2, 4, 2, 1, 1, 1, 1, 2, 1, 2, 1, 1, 1, 1, 4, 0, 3, 3, 0, 1, 1, 0, 3, 2, 2, 2, 2, 0, 1, 1, 0, 4, 0, 1, 2, 2, 1, 4, 0, 3, 2, 1, 2, 1, 2, 3, 1, 1, 3, 0, 4, 4, 1, 4, 3, 1, 2, 4, 1, 1, 1, 1, 1, 3, 1, 1, 1, 1, 1, 1, 1, 2, 1, 4, 3, 2, 2, 1, 2, 2, 0, 1, 1, 1, 4]|[1, 1, 1, 1, 3, 3, 0, 0, 0, 0, 0, 2, 0, 1, 0, 0, 3, 1, 0, 0, 0, 3, 1, 0, 2, 0, 0, 0, 1, 3, 0, 0, 0, 0, 1, 0, 0, 2, 1, 1, 1, 1, 0, 0, 0, 0, 2, 1, 0, 0, 0, 1, 3, 0, 0, 1, 0, 1, 0, 1, 2, 0, 0, 2, 1, 0, 2, 1, 1, 0, 3, 1, 3, 0, 0, 0, 2, 0, 0, 0, 0, 0, 1, 0, 0, 0, 1, 0, 0, 2, 1, 0, 1, 0, 0, 1, 1, 0, 0, 2],733.3116759547878,58140.55643565909,96674.14109675489,false
23,G4_BALANCED,G4_BALANCED,[31, 11, 15, 82, 26, 9, 95, 32, 77, 68, 47, 5, 93, 78, 86, 54, 85, 63, 18, 44, 20, 49, 36, 14, 74, 50, 53, 17, 21, 45, 71, 64, 3, 23, 30, 83, 24, 41, 60, 52, 65, 27, 90, 70, 39, 87, 48, 69, 99, 4, 46, 1, 13, 58, 97, 59, 28, 75, 73, 37, 35, 79, 22, 66, 76, 42, 40, 80, 96, 6, 16, 61, 33, 7, 57, 34, 12, 67, 10, 98, 56, 88, 29, 94, 91, 51, 19, 92, 43, 84, 38, 72, 81, 8, 2, 55, 62, 89, 25, 0]|[2, 1, 1, 2, 1, 2, 1, 1, 1, 1, 1, 0, 2, 2, 1, 2, 0, 0, 0, 2, 2, 1, 0, 2, 0, 2, 2, 1, 0, 1, 1, 1, 0, 0, 1, 0, 2, 1, 2, 2, 0, 0, 1, 1, 0, 2, 0, 2, 1, 0, 0, 2, 0, 0, 2, 0, 1, 0, 0, 0, 2, 1, 0, 2, 2, 0, 2, 2, 0, 1, 2, 1, 1, 2, 0, 1, 1, 1, 1, 2, 2, 1, 1, 2, 1, 1, 1, 0, 1, 0, 0, 1, 1, 1, 2, 0, 1, 1, 1, 0]|[1, 3, 2, 0, 4, 1, 4, 4, 2, 4, 3, 2, 1, 0, 2, 1, 1, 1, 2, 1, 1, 3, 0, 1, 0, 1, 1, 4, 1, 4, 3, 2, 2, 0, 4, 1, 1, 4, 0, 1, 2, 1, 4, 4, 1, 1, 0, 2, 3, 1, 2, 1, 2, 1, 1, 2, 4, 2, 0, 2, 2, 3, 1, 0, 1, 2, 0, 1, 2, 4, 1, 3, 4, 1, 2, 4, 3, 3, 3, 1, 1, 4, 3, 1, 3, 3, 4, 2, 4, 2, 2, 4, 1, 3, 1, 2, 3, 4, 4, 2]|[1, 2, 1, 0, 3, 0, 1, 3, 0, 0, 2, 0, 1, 0, 1, 0, 0, 0, 1, 0, 0, 2, 0, 0, 1, 0, 0, 3, 0, 1, 0, 2, 0, 1, 3, 0, 1, 3, 1, 0, 0, 0, 1, 3, 0, 0, 1, 0, 2, 0, 0, 0, 0, 0, 1, 0, 1, 0, 1, 1, 0, 2, 0, 0, 0, 0, 0, 0, 0, 2, 0, 0, 1, 0, 0, 1, 0, 0, 3, 0, 0, 1, 0, 0, 0, 0, 3, 0, 2, 0, 0, 2, 1, 0, 0, 0, 0, 1, 3, 0],836.569815134707,52504.092339752446,107095.57005228325,false
23,G2_TEC,G2_TEC,[31, 22, 82, 15, 26, 9, 95, 42, 77, 68, 47, 5, 93, 78, 86, 54, 85, 63, 18, 44, 20, 49, 36, 14, 74, 50, 53, 17, 21, 28, 11, 64, 3, 23, 30, 83, 24, 41, 40, 52, 65, 27, 90, 70, 39, 87, 48, 69, 99, 4, 46, 1, 13, 58, 97, 59, 45, 8, 73, 37, 35, 79, 71, 66, 76, 32, 60, 80, 96, 6, 16, 61, 33, 7, 57, 34, 12, 67, 10, 98, 56, 88, 29, 75, 91, 38, 19, 92, 43, 84, 51, 72, 81, 25, 2, 55, 62, 89, 94, 0]|[2, 1, 2, 1, 1, 2, 1, 1, 1, 1, 1, 0, 2, 2, 1, 2, 0, 0, 0, 2, 2, 1, 0, 2, 0, 2, 2, 1, 0, 1, 1, 1, 0, 0, 1, 0, 2, 1, 2, 2, 0, 0, 1, 1, 0, 2, 0, 2, 1, 0, 0, 2, 0, 0, 2, 0, 1, 1, 0, 0, 2, 1, 1, 2, 2, 0, 2, 2, 0, 1, 2, 1, 1, 2, 0, 1, 1, 1, 1, 2, 2, 1, 1, 0, 1, 0, 1, 0, 1, 0, 1, 1, 1, 1, 2, 0, 1, 1, 2, 0]|[0, 3, 0, 3, 4, 1, 4, 4, 2, 4, 3, 2, 1, 0, 2, 1, 1, 1, 2, 1, 1, 3, 0, 1, 0, 1, 1, 4, 1, 4, 3, 2, 2, 0, 4, 1, 1, 4, 0, 1, 2, 1, 4, 4, 1, 1, 0, 2, 3, 2, 2, 1, 2, 1, 1, 2, 4, 3, 0, 2, 2, 3, 3, 0, 1, 2, 0, 1, 2, 4, 1, 3, 4, 1, 2, 4, 3, 3, 3, 1, 1, 4, 3, 2, 3, 2, 4, 2, 4, 2, 3, 4, 4, 4, 1, 2, 3, 4, 1, 2]|[0, 2, 0, 0, 3, 0, 1, 3, 0, 0, 2, 0, 1, 0, 1, 0, 0, 0, 1, 0, 0, 2, 0, 0, 1, 0, 0, 3, 0, 1, 0, 2, 0, 0, 3, 0, 1, 3, 0, 0, 0, 0, 1, 3, 0, 0, 1, 0, 2, 0, 0, 0, 0, 0, 1, 0, 1, 0, 1, 1, 0, 2, 0, 0, 0, 0, 0, 0, 0, 2, 0, 0, 1, 0, 0, 1, 0, 0, 3, 0, 0, 1, 0, 0, 0, 0, 1, 0, 2, 0, 0, 2, 1, 3, 0, 0, 0, 1, 0, 0],896.1029292898813,50428.13444364295,114595.46915086164,false
23,G3_TWC,G1_CMAX,[31, 22, 82, 15, 26, 9, 42, 95, 77, 12, 47, 5, 93, 78, 86, 54, 85, 63, 18, 44, 20, 35, 43, 97, 91, 76, 10, 30, 21, 45, 71, 64, 1, 23, 17, 83, 24, 14, 60, 36, 6, 57, 94, 88, 65, 56, 79, 40, 67, 68, 46, 75, 38, 58, 19, 32, 81, 41, 27, 62, 87, 90, 99, 59, 11, 16, 72, 73, 70, 39, 37, 84, 3, 92, 25, 55, 28, 29, 51, 7, 33, 61, 98, 66, 89, 50, 8, 96, 53, 4, 80, 13, 34, 49, 52, 0, 48, 69, 2, 74]|[1, 1, 0, 1, 1, 1, 2, 1, 2, 1, 2, 2, 2, 1, 1, 0, 0, 1, 0, 2, 2, 0, 1, 2, 0, 1, 2, 2, 0, 0, 1, 2, 1, 2, 1, 0, 2, 0, 1, 1, 0, 1, 1, 1, 0, 2, 1, 1, 0, 0, 0, 0, 1, 1, 2, 1, 2, 0, 0, 0, 2, 1, 0, 1, 2, 1, 2, 1, 1, 1, 1, 1, 1, 0, 1, 1, 0, 0, 0, 1, 2, 1, 0, 2, 1, 0, 1, 0, 0, 0, 0, 0, 2, 0, 1, 0, 0, 1, 0, 2]|[4, 3, 2, 2, 0, 0, 2, 2, 2, 4, 1, 1, 2, 4, 4, 1, 2, 4, 2, 1, 1, 1, 1, 2, 1, 2, 1, 1, 1, 1, 3, 2, 3, 0, 4, 0, 1, 1, 0, 3, 2, 2, 4, 0, 1, 1, 0, 2, 0, 1, 2, 2, 1, 4, 0, 3, 2, 1, 1, 2, 1, 3, 1, 1, 1, 3, 0, 4, 3, 1, 4, 1, 1, 0, 4, 4, 2, 1, 1, 3, 1, 3, 1, 1, 1, 1, 3, 1, 2, 2, 1, 1, 1, 1, 1, 2, 2, 3, 2, 1]|[0, 2, 1, 1, 3, 3, 0, 1, 0, 0, 0, 0, 1, 0, 1, 0, 0, 3, 1, 0, 0, 0, 3, 1, 0, 2, 0, 0, 0, 1, 0, 0, 0, 0, 3, 0, 1, 0, 0, 2, 1, 1, 2, 0, 0, 0, 0, 1, 1, 0, 0, 0, 1, 3, 0, 0, 1, 0, 0, 1, 0, 2, 0, 1, 0, 2, 1, 0, 0, 1, 1, 3, 1, 1, 3, 3, 1, 0, 0, 2, 0, 0, 0, 0, 1, 0, 2, 0, 1, 1, 0, 0, 0, 1, 1, 0, 0, 0, 0, 0],800.9728923351585,58117.763115372225,90558.04465999853,true
23,G1_CMAX,G1_CMAX,[31, 22, 82, 15, 26, 9, 42, 77, 12, 5, 47, 93, 78, 86, 54, 6, 63, 18, 44, 20, 35, 43, 97, 91, 76, 10, 30, 21, 45, 17, 23, 1, 71, 83, 24, 14, 60, 36, 85, 57, 40, 95, 88, 65, 56, 79, 94, 67, 68, 46, 75, 38, 58, 19, 32, 81, 41, 62, 87, 28, 90, 59, 11, 16, 72, 73, 69, 52, 37, 64, 84, 3, 25, 29, 55, 51, 7, 98, 61, 66, 99, 33, 89, 48, 50, 96, 53, 80, 4, 8, 27, 2, 39, 13, 0, 92, 49, 74, 34, 70]|[1, 1, 0, 1, 1, 1, 2, 2, 1, 2, 2, 1, 1, 1, 0, 0, 1, 0, 2, 2, 0, 1, 2, 2, 1, 2, 2, 0, 0, 1, 2, 1, 1, 0, 2, 0, 1, 1, 0, 1, 1, 1, 1, 0, 2, 1, 1, 0, 0, 0, 0, 1, 1, 2, 1, 2, 0, 0, 2, 0, 1, 2, 2, 1, 2, 1, 1, 1, 1, 1, 1, 2, 1, 0, 2, 0, 1, 2, 1, 0, 0, 2, 1, 0, 0, 2, 0, 0, 1, 1, 0, 0, 1, 0, 0, 0, 0, 2, 2, 1]|[0, 3, 1, 2, 0, 0, 1, 1, 4, 1, 1, 4, 4, 4, 2, 2, 4, 2, 1, 1, 1, 1, 2, 1, 2, 1, 1, 1, 1, 4, 0, 3, 3, 0, 1, 1, 0, 3, 2, 2, 2, 2, 0, 1, 1, 0, 4, 0, 1, 2, 2, 1, 4, 0, 3, 2, 1, 2, 1, 2, 3, 1, 1, 3, 0, 4, 4, 1, 4, 3, 1, 2, 4, 1, 1, 1, 1, 1, 3, 1, 1, 1, 1, 1, 1, 1, 2, 1, 4, 3, 2, 2, 1, 2, 2, 0, 1, 1, 1, 4]|[1, 1, 1, 1, 3, 3, 0, 0, 0, 0, 0, 2, 0, 1, 0, 0, 3, 1, 0, 0, 0, 3, 1, 0, 2, 0, 0, 0, 1, 3, 0, 0, 0, 0, 1, 0, 0, 2, 1, 1, 1, 1, 0, 0, 0, 0, 2, 1, 0, 0, 0, 1, 3, 0, 0, 1, 0, 1, 0, 1, 2, 0, 0, 2, 1, 0, 2, 1, 1, 0, 3, 1, 3, 0, 0, 0, 2, 0, 0, 0, 0, 0, 1, 0, 0, 0, 1, 0, 0, 2, 1, 0, 1, 0, 0, 1, 1, 0, 0, 2],733.3116759547878,58140.55643565909,96674.14109675489,false
23,G4_BALANCED,G4_BALANCED,[31, 11, 15, 82, 26, 9, 95, 32, 77, 68, 47, 5, 93, 78, 86, 54, 85, 63, 18, 44, 20, 49, 36, 14, 74, 50, 53, 17, 21, 45, 71, 64, 3, 23, 30, 83, 24, 41, 60, 52, 65, 27, 90, 70, 39, 87, 48, 69, 99, 4, 46, 1, 13, 58, 97, 59, 28, 75, 73, 37, 35, 79, 22, 66, 76, 42, 40, 80, 96, 6, 16, 61, 33, 7, 57, 34, 12, 67, 10, 98, 56, 88, 29, 94, 91, 51, 19, 92, 43, 84, 38, 72, 81, 8, 2, 55, 62, 89, 25, 0]|[2, 1, 1, 2, 1, 2, 1, 1, 1, 1, 1, 0, 2, 2, 1, 2, 0, 0, 0, 2, 2, 1, 0, 2, 0, 2, 2, 1, 0, 1, 1, 1, 0, 0, 1, 0, 2, 1, 2, 2, 0, 0, 1, 1, 0, 2, 0, 2, 1, 0, 0, 2, 0, 0, 2, 0, 1, 0, 0, 0, 2, 1, 0, 2, 2, 0, 2, 2, 0, 1, 2, 1, 1, 2, 0, 1, 1, 1, 1, 2, 2, 1, 1, 2, 1, 1, 1, 0, 1, 0, 0, 1, 1, 1, 2, 0, 1, 1, 1, 0]|[1, 3, 2, 0, 4, 1, 4, 4, 2, 4, 3, 2, 1, 0, 2, 1, 1, 1, 2, 1, 1, 3, 0, 1, 0, 1, 1, 4, 1, 4, 3, 2, 2, 0, 4, 1, 1, 4, 0, 1, 2, 1, 4, 4, 1, 1, 0, 2, 3, 1, 2, 1, 2, 1, 1, 2, 4, 2, 0, 2, 2, 3, 1, 0, 1, 2, 0, 1, 2, 4, 1, 3, 4, 1, 2, 4, 3, 3, 3, 1, 1, 4, 3, 1, 3, 3, 4, 2, 4, 2, 2, 4, 1, 3, 1, 2, 3, 4, 4, 2]|[1, 2, 1, 0, 3, 0, 1, 3, 0, 0, 2, 0, 1, 0, 1, 0, 0, 0, 1, 0, 0, 2, 0, 0, 1, 0, 0, 3, 0, 1, 0, 2, 0, 1, 3, 0, 1, 3, 1, 0, 0, 0, 1, 3, 0, 0, 1, 0, 2, 0, 0, 0, 0, 0, 1, 0, 1, 0, 1, 1, 0, 2, 0, 0, 0, 0, 0, 0, 0, 2, 0, 0, 1, 0, 0, 1, 0, 0, 3, 0, 0, 1, 0, 0, 0, 0, 3, 0, 2, 0, 0, 2, 1, 0, 0, 0, 0, 1, 3, 0],836.569815134707,52504.092339752446,107095.57005228325,false
23,G2_TEC,G2_TEC,[31, 22, 82, 15, 26, 9, 95, 42, 77, 68, 47, 5, 93, 78, 86, 54, 85, 63, 18, 44, 20, 49, 36, 14, 74, 50, 53, 17, 21, 28, 11, 64, 3, 23, 30, 83, 24, 41, 40, 52, 65, 27, 90, 70, 39, 87, 48, 69, 99, 4, 46, 1, 13, 58, 97, 59, 45, 8, 73, 37, 35, 79, 71, 66, 76, 32, 60, 80, 96, 6, 16, 61, 33, 7, 57, 34, 12, 67, 10, 98, 56, 88, 29, 75, 91, 38, 19, 92, 43, 84, 51, 72, 81, 25, 2, 55, 62, 89, 94, 0]|[2, 1, 2, 1, 1, 2, 1, 1, 1, 1, 1, 0, 2, 2, 1, 2, 0, 0, 0, 2, 2, 1, 0, 2, 0, 2, 2, 1, 0, 1, 1, 1, 0, 0, 1, 0, 2, 1, 2, 2, 0, 0, 1, 1, 0, 2, 0, 2, 1, 0, 0, 2, 0, 0, 2, 0, 1, 1, 0, 0, 2, 1, 1, 2, 2, 0, 2, 2, 0, 1, 2, 1, 1, 2, 0, 1, 1, 1, 1, 2, 2, 1, 1, 0, 1, 0, 1, 0, 1, 0, 1, 1, 1, 1, 2, 0, 1, 1, 2, 0]|[0, 3, 0, 3, 4, 1, 4, 4, 2, 4, 3, 2, 1, 0, 2, 1, 1, 1, 2, 1, 1, 3, 0, 1, 0, 1, 1, 4, 1, 4, 3, 2, 2, 0, 4, 1, 1, 4, 0, 1, 2, 1, 4, 4, 1, 1, 0, 2, 3, 2, 2, 1, 2, 1, 1, 2, 4, 3, 0, 2, 2, 3, 3, 0, 1, 2, 0, 1, 2, 4, 1, 3, 4, 1, 2, 4, 3, 3, 3, 1, 1, 4, 3, 2, 3, 2, 4, 2, 4, 2, 3, 4, 4, 4, 1, 2, 3, 4, 1, 2]|[0, 2, 0, 0, 3, 0, 1, 3, 0, 0, 2, 0, 1, 0, 1, 0, 0, 0, 1, 0, 0, 2, 0, 0, 1, 0, 0, 3, 0, 1, 0, 2, 0, 0, 3, 0, 1, 3, 0, 0, 0, 0, 1, 3, 0, 0, 1, 0, 2, 0, 0, 0, 0, 0, 1, 0, 1, 0, 1, 1, 0, 2, 0, 0, 0, 0, 0, 0, 0, 2, 0, 0, 1, 0, 0, 1, 0, 0, 3, 0, 0, 1, 0, 0, 0, 0, 1, 0, 2, 0, 0, 2, 1, 3, 0, 0, 0, 1, 0, 0],896.1029292898813,50428.13444364295,114595.46915086164,false
23,G3_TWC,G1_CMAX,[31, 22, 82, 15, 26, 9, 42, 95, 77, 12, 47, 5, 93, 78, 86, 54, 85, 63, 18, 44, 20, 35, 43, 97, 91, 76, 10, 30, 21, 45, 71, 64, 1, 23, 17, 83, 24, 14, 60, 36, 6, 57, 94, 88, 65, 56, 79, 40, 67, 68, 46, 75, 38, 58, 19, 32, 81, 41, 27, 62, 87, 90, 99, 59, 11, 16, 72, 73, 70, 39, 37, 84, 3, 92, 25, 55, 28, 29, 51, 7, 33, 61, 98, 66, 89, 50, 8, 96, 53, 4, 80, 13, 34, 49, 52, 0, 48, 69, 2, 74]|[1, 1, 0, 1, 1, 1, 2, 1, 2, 1, 2, 2, 2, 1, 1, 0, 0, 1, 0, 2, 2, 0, 1, 2, 0, 1, 2, 2, 0, 0, 1, 2, 1, 2, 1, 0, 2, 0, 1, 1, 0, 1, 1, 1, 0, 2, 1, 1, 0, 0, 0, 0, 1, 1, 2, 1, 2, 0, 0, 0, 2, 1, 0, 1, 2, 1, 2, 1, 1, 1, 1, 1, 1, 0, 1, 1, 0, 0, 0, 1, 2, 1, 0, 2, 1, 0, 1, 0, 0, 0, 0, 0, 2, 0, 1, 0, 0, 1, 0, 2]|[4, 3, 2, 2, 0, 0, 2, 2, 2, 4, 1, 1, 2, 4, 4, 1, 2, 4, 2, 1, 1, 1, 1, 2, 1, 2, 1, 1, 1, 1, 3, 2, 3, 0, 4, 0, 1, 1, 0, 3, 2, 2, 4, 0, 1, 1, 0, 2, 0, 1, 2, 2, 1, 4, 0, 3, 2, 1, 1, 2, 1, 3, 1, 1, 1, 3, 0, 4, 3, 1, 4, 1, 1, 0, 4, 4, 2, 1, 1, 3, 1, 3, 1, 1, 1, 1, 3, 1, 2, 2, 1, 1, 1, 1, 1, 2, 2, 3, 2, 1]|[0, 2, 1, 1, 3, 3, 0, 1, 0, 0, 0, 0, 1, 0, 1, 0, 0, 3, 1, 0, 0, 0, 3, 1, 0, 2, 0, 0, 0, 1, 0, 0, 0, 0, 3, 0, 1, 0, 0, 2, 1, 1, 2, 0, 0, 0, 0, 1, 1, 0, 0, 0, 1, 3, 0, 0, 1, 0, 0, 1, 0, 2, 0, 1, 0, 2, 1, 0, 0, 1, 1, 3, 1, 1, 3, 3, 1, 0, 0, 2, 0, 0, 0, 0, 1, 0, 2, 0, 1, 1, 0, 0, 0, 1, 1, 0, 0, 0, 0, 0],800.9728923351585,58117.763115372225,90558.04465999853,true
23,G1_CMAX,G1_CMAX,[31, 22, 82, 15, 26, 9, 42, 77, 12, 5, 47, 93, 78, 86, 54, 6, 63, 18, 44, 20, 35, 43, 97, 91, 76, 10, 30, 21, 45, 17, 23, 1, 71, 83, 24, 14, 60, 36, 85, 57, 40, 95, 88, 65, 56, 79, 94, 67, 68, 46, 75, 38, 58, 19, 32, 81, 41, 62, 87, 28, 90, 59, 11, 16, 72, 73, 69, 52, 37, 64, 84, 3, 25, 29, 55, 51, 7, 98, 61, 66, 99, 33, 89, 48, 50, 96, 53, 80, 4, 8, 27, 2, 39, 13, 0, 92, 49, 74, 34, 70]|[1, 1, 0, 1, 1, 1, 2, 2, 1, 2, 2, 1, 1, 1, 0, 0, 1, 0, 2, 2, 0, 1, 2, 2, 1, 2, 2, 0, 0, 1, 2, 1, 1, 0, 2, 0, 1, 1, 0, 1, 1, 1, 1, 0, 2, 1, 1, 0, 0, 0, 0, 1, 1, 2, 1, 2, 0, 0, 2, 0, 1, 2, 2, 1, 2, 1, 1, 1, 1, 1, 1, 2, 1, 0, 2, 0, 1, 2, 1, 0, 0, 2, 1, 0, 0, 2, 0, 0, 1, 1, 0, 0, 1, 0, 0, 0, 0, 2, 2, 1]|[0, 3, 1, 2, 0, 0, 1, 1, 4, 1, 1, 4, 4, 4, 2, 2, 4, 2, 1, 1, 1, 1, 2, 1, 2, 1, 1, 1, 1, 4, 0, 3, 3, 0, 1, 1, 0, 3, 2, 2, 2, 2, 0, 1, 1, 0, 4, 0, 1, 2, 2, 1, 4, 0, 3, 2, 1, 2, 1, 2, 3, 1, 1, 3, 0, 4, 4, 1, 4, 3, 1, 2, 4, 1, 1, 1, 1, 1, 3, 1, 1, 1, 1, 1, 1, 1, 2, 1, 4, 3, 2, 2, 1, 2, 2, 0, 1, 1, 1, 4]|[1, 1, 1, 1, 3, 3, 0, 0, 0, 0, 0, 2, 0, 1, 0, 0, 3, 1, 0, 0, 0, 3, 1, 0, 2, 0, 0, 0, 1, 3, 0, 0, 0, 0, 1, 0, 0, 2, 1, 1, 1, 1, 0, 0, 0, 0, 2, 1, 0, 0, 0, 1, 3, 0, 0, 1, 0, 1, 0, 1, 2, 0, 0, 2, 1, 0, 2, 1, 1, 0, 3, 1, 3, 0, 0, 0, 2, 0, 0, 0, 0, 0, 1, 0, 0, 0, 1, 0, 0, 2, 1, 0, 1, 0, 0, 1, 1, 0, 0, 2],733.3116759547878,58140.55643565909,96674.14109675489,false
23,G4_BALANCED,G4_BALANCED,[31, 11, 15, 82, 26, 9, 95, 32, 77, 68, 47, 5, 93, 78, 86, 54, 85, 63, 18, 44, 20, 49, 36, 14, 74, 50, 53, 17, 21, 45, 71, 64, 3, 23, 30, 83, 24, 41, 60, 52, 65, 27, 90, 70, 39, 87, 48, 69, 99, 4, 46, 1, 13, 58, 97, 59, 28, 75, 73, 37, 35, 79, 22, 66, 76, 42, 40, 80, 96, 6, 16, 61, 33, 7, 57, 34, 12, 67, 10, 98, 56, 88, 29, 94, 91, 51, 19, 92, 43, 84, 38, 72, 81, 8, 2, 55, 62, 89, 25, 0]|[2, 1, 1, 2, 1, 2, 1, 1, 1, 1, 1, 0, 2, 2, 1, 2, 0, 0, 0, 2, 2, 1, 0, 2, 0, 2, 2, 1, 0, 1, 1, 1, 0, 0, 1, 0, 2, 1, 2, 2, 0, 0, 1, 1, 0, 2, 0, 2, 1, 0, 0, 2, 0, 0, 2, 0, 1, 0, 0, 0, 2, 1, 0, 2, 2, 0, 2, 2, 0, 1, 2, 1, 1, 2, 0, 1, 1, 1, 1, 2, 2, 1, 1, 2, 1, 1, 1, 0, 1, 0, 0, 1, 1, 1, 2, 0, 1, 1, 1, 0]|[1, 3, 2, 0, 4, 1, 4, 4, 2, 4, 3, 2, 1, 0, 2, 1, 1, 1, 2, 1, 1, 3, 0, 1, 0, 1, 1, 4, 1, 4, 3, 2, 2, 0, 4, 1, 1, 4, 0, 1, 2, 1, 4, 4, 1, 1, 0, 2, 3, 1, 2, 1, 2, 1, 1, 2, 4, 2, 0, 2, 2, 3, 1, 0, 1, 2, 0, 1, 2, 4, 1, 3, 4, 1, 2, 4, 3, 3, 3, 1, 1, 4, 3, 1, 3, 3, 4, 2, 4, 2, 2, 4, 1, 3, 1, 2, 3, 4, 4, 2]|[1, 2, 1, 0, 3, 0, 1, 3, 0, 0, 2, 0, 1, 0, 1, 0, 0, 0, 1, 0, 0, 2, 0, 0, 1, 0, 0, 3, 0, 1, 0, 2, 0, 1, 3, 0, 1, 3, 1, 0, 0, 0, 1, 3, 0, 0, 1, 0, 2, 0, 0, 0, 0, 0, 1, 0, 1, 0, 1, 1, 0, 2, 0, 0, 0, 0, 0, 0, 0, 2, 0, 0, 1, 0, 0, 1, 0, 0, 3, 0, 0, 1, 0, 0, 0, 0, 3, 0, 2, 0, 0, 2, 1, 0, 0, 0, 0, 1, 3, 0],836.569815134707,52504.092339752446,107095.57005228325,false
23,G2_TEC,G2_TEC,[31, 22, 82, 15, 26, 9, 95, 42, 77, 68, 47, 5, 93, 78, 86, 54, 85, 63, 18, 44, 20, 49, 36, 14, 74, 50, 53, 17, 21, 28, 11, 64, 3, 23, 30, 83, 24, 41, 40, 52, 65, 27, 90, 70, 39, 87, 48, 69, 99, 4, 46, 1, 13, 58, 97, 59, 45, 8, 73, 37, 35, 79, 71, 66, 76, 32, 60, 80, 96, 6, 16, 61, 33, 7, 57, 34, 12, 67, 10, 98, 56, 88, 29, 75, 91, 38, 19, 92, 43, 84, 51, 72, 81, 25, 2, 55, 62, 89, 94, 0]|[2, 1, 2, 1, 1, 2, 1, 1, 1, 1, 1, 0, 2, 2, 1, 2, 0, 0, 0, 2, 2, 1, 0, 2, 0, 2, 2, 1, 0, 1, 1, 1, 0, 0, 1, 0, 2, 1, 2, 2, 0, 0, 1, 1, 0, 2, 0, 2, 1, 0, 0, 2, 0, 0, 2, 0, 1, 1, 0, 0, 2, 1, 1, 2, 2, 0, 2, 2, 0, 1, 2, 1, 1, 2, 0, 1, 1, 1, 1, 2, 2, 1, 1, 0, 1, 0, 1, 0, 1, 0, 1, 1, 1, 1, 2, 0, 1, 1, 2, 0]|[0, 3, 0, 3, 4, 1, 4, 4, 2, 4, 3, 2, 1, 0, 2, 1, 1, 1, 2, 1, 1, 3, 0, 1, 0, 1, 1, 4, 1, 4, 3, 2, 2, 0, 4, 1, 1, 4, 0, 1, 2, 1, 4, 4, 1, 1, 0, 2, 3, 2, 2, 1, 2, 1, 1, 2, 4, 3, 0, 2, 2, 3, 3, 0, 1, 2, 0, 1, 2, 4, 1, 3, 4, 1, 2, 4, 3, 3, 3, 1, 1, 4, 3, 2, 3, 2, 4, 2, 4, 2, 3, 4, 4, 4, 1, 2, 3, 4, 1, 2]|[0, 2, 0, 0, 3, 0, 1, 3, 0, 0, 2, 0, 1, 0, 1, 0, 0, 0, 1, 0, 0, 2, 0, 0, 1, 0, 0, 3, 0, 1, 0, 2, 0, 0, 3, 0, 1, 3, 0, 0, 0, 0, 1, 3, 0, 0, 1, 0, 2, 0, 0, 0, 0, 0, 1, 0, 1, 0, 1, 1, 0, 2, 0, 0, 0, 0, 0, 0, 0, 2, 0, 0, 1, 0, 0, 1, 0, 0, 3, 0, 0, 1, 0, 0, 0, 0, 1, 0, 2, 0, 0, 2, 1, 3, 0, 0, 0, 1, 0, 0],896.1029292898813,50428.13444364295,114595.46915086164,false
23,G3_TWC,G1_CMAX,[31, 22, 82, 15, 26, 9, 42, 95, 77, 12, 47, 5, 93, 78, 86, 54, 85, 63, 18, 44, 20, 35, 43, 97, 91, 76, 10, 30, 21, 45, 71, 64, 1, 23, 17, 83, 24, 14, 60, 36, 6, 57, 94, 88, 65, 56, 79, 40, 67, 68, 46, 75, 38, 58, 19, 32, 81, 41, 27, 62, 87, 90, 99, 59, 11, 16, 72, 73, 70, 39, 37, 84, 3, 92, 25, 55, 28, 29, 51, 7, 33, 61, 98, 66, 89, 50, 8, 96, 53, 4, 80, 13, 34, 49, 52, 0, 48, 69, 2, 74]|[1, 1, 0, 1, 1, 1, 2, 1, 2, 1, 2, 2, 2, 1, 1, 0, 0, 1, 0, 2, 2, 0, 1, 2, 0, 1, 2, 2, 0, 0, 1, 2, 1, 2, 1, 0, 2, 0, 1, 1, 0, 1, 1, 1, 0, 2, 1, 1, 0, 0, 0, 0, 1, 1, 2, 1, 2, 0, 0, 0, 2, 1, 0, 1, 2, 1, 2, 1, 1, 1, 1, 1, 1, 0, 1, 1, 0, 0, 0, 1, 2, 1, 0, 2, 1, 0, 1, 0, 0, 0, 0, 0, 2, 0, 1, 0, 0, 1, 0, 2]|[4, 3, 2, 2, 0, 0, 2, 2, 2, 4, 1, 1, 2, 4, 4, 1, 2, 4, 2, 1, 1, 1, 1, 2, 1, 2, 1, 1, 1, 1, 3, 2, 3, 0, 4, 0, 1, 1, 0, 3, 2, 2, 4, 0, 1, 1, 0, 2, 0, 1, 2, 2, 1, 4, 0, 3, 2, 1, 1, 2, 1, 3, 1, 1, 1, 3, 0, 4, 3, 1, 4, 1, 1, 0, 4, 4, 2, 1, 1, 3, 1, 3, 1, 1, 1, 1, 3, 1, 2, 2, 1, 1, 1, 1, 1, 2, 2, 3, 2, 1]|[0, 2, 1, 1, 3, 3, 0, 1, 0, 0, 0, 0, 1, 0, 1, 0, 0, 3, 1, 0, 0, 0, 3, 1, 0, 2, 0, 0, 0, 1, 0, 0, 0, 0, 3, 0, 1, 0, 0, 2, 1, 1, 2, 0, 0, 0, 0, 1, 1, 0, 0, 0, 1, 3, 0, 0, 1, 0, 0, 1, 0, 2, 0, 1, 0, 2, 1, 0, 0, 1, 1, 3, 1, 1, 3, 3, 1, 0, 0, 2, 0, 0, 0, 0, 1, 0, 2, 0, 1, 1, 0, 0, 0, 1, 1, 0, 0, 0, 0, 0],800.9728923351585,58117.763115372225,90558.04465999853,true
23,G1_CMAX,G1_CMAX,[31, 22, 82, 15, 26, 9, 42, 77, 12, 5, 47, 93, 78, 86, 54, 6, 63, 18, 44, 20, 35, 43, 97, 91, 76, 10, 30, 21, 45, 17, 23, 1, 71, 83, 24, 14, 60, 36, 85, 57, 40, 95, 88, 65, 56, 79, 94, 67, 68, 46, 75, 38, 58, 19, 32, 81, 41, 62, 87, 28, 90, 59, 11, 16, 72, 73, 69, 52, 37, 64, 84, 3, 25, 29, 55, 51, 7, 98, 61, 66, 99, 33, 89, 48, 50, 96, 53, 80, 4, 8, 27, 2, 39, 13, 0, 92, 49, 74, 34, 70]|[1, 1, 0, 1, 1, 1, 2, 2, 1, 2, 2, 1, 1, 1, 0, 0, 1, 0, 2, 2, 0, 1, 2, 2, 1, 2, 2, 0, 0, 1, 2, 1, 1, 0, 2, 0, 1, 1, 0, 1, 1, 1, 1, 0, 2, 1, 1, 0, 0, 0, 0, 1, 1, 2, 1, 2, 0, 0, 2, 0, 1, 2, 2, 1, 2, 1, 1, 1, 1, 1, 1, 2, 1, 0, 2, 0, 1, 2, 1, 0, 0, 2, 1, 0, 0, 2, 0, 0, 1, 1, 0, 0, 1, 0, 0, 0, 0, 2, 2, 1]|[0, 3, 1, 2, 0, 0, 1, 1, 4, 1, 1, 4, 4, 4, 2, 2, 4, 2, 1, 1, 1, 1, 2, 1, 2, 1, 1, 1, 1, 4, 0, 3, 3, 0, 1, 1, 0, 3, 2, 2, 2, 2, 0, 1, 1, 0, 4, 0, 1, 2, 2, 1, 4, 0, 3, 2, 1, 2, 1, 2, 3, 1, 1, 3, 0, 4, 4, 1, 4, 3, 1, 2, 4, 1, 1, 1, 1, 1, 3, 1, 1, 1, 1, 1, 1, 1, 2, 1, 4, 3, 2, 2, 1, 2, 2, 0, 1, 1, 1, 4]|[1, 1, 1, 1, 3, 3, 0, 0, 0, 0, 0, 2, 0, 1, 0, 0, 3, 1, 0, 0, 0, 3, 1, 0, 2, 0, 0, 0, 1, 3, 0, 0, 0, 0, 1, 0, 0, 2, 1, 1, 1, 1, 0, 0, 0, 0, 2, 1, 0, 0, 0, 1, 3, 0, 0, 1, 0, 1, 0, 1, 2, 0, 0, 2, 1, 0, 2, 1, 1, 0, 3, 1, 3, 0, 0, 0, 2, 0, 0, 0, 0, 0, 1, 0, 0, 0, 1, 0, 0, 2, 1, 0, 1, 0, 0, 1, 1, 0, 0, 2],733.3116759547878,58140.55643565909,96674.14109675489,false
23,G4_BALANCED,G4_BALANCED,[31, 11, 15, 82, 26, 9, 95, 32, 77, 68, 47, 5, 93, 78, 86, 54, 85, 63, 18, 44, 20, 49, 36, 14, 74, 50, 53, 17, 21, 45, 71, 64, 3, 23, 30, 83, 24, 41, 60, 52, 65, 27, 90, 70, 39, 87, 48, 69, 99, 4, 46, 1, 13, 58, 97, 59, 28, 75, 73, 37, 35, 79, 22, 66, 76, 42, 40, 80, 96, 6, 16, 61, 33, 7, 57, 34, 12, 67, 10, 98, 56, 88, 29, 94, 91, 51, 19, 92, 43, 84, 38, 72, 81, 8, 2, 55, 62, 89, 25, 0]|[2, 1, 1, 2, 1, 2, 1, 1, 1, 1, 1, 0, 2, 2, 1, 2, 0, 0, 0, 2, 2, 1, 0, 2, 0, 2, 2, 1, 0, 1, 1, 1, 0, 0, 1, 0, 2, 1, 2, 2, 0, 0, 1, 1, 0, 2, 0, 2, 1, 0, 0, 2, 0, 0, 2, 0, 1, 0, 0, 0, 2, 1, 0, 2, 2, 0, 2, 2, 0, 1, 2, 1, 1, 2, 0, 1, 1, 1, 1, 2, 2, 1, 1, 2, 1, 1, 1, 0, 1, 0, 0, 1, 1, 1, 2, 0, 1, 1, 1, 0]|[1, 3, 2, 0, 4, 1, 4, 4, 2, 4, 3, 2, 1, 0, 2, 1, 1, 1, 2, 1, 1, 3, 0, 1, 0, 1, 1, 4, 1, 4, 3, 2, 2, 0, 4, 1, 1, 4, 0, 1, 2, 1, 4, 4, 1, 1, 0, 2, 3, 1, 2, 1, 2, 1, 1, 2, 4, 2, 0, 2, 2, 3, 1, 0, 1, 2, 0, 1, 2, 4, 1, 3, 4, 1, 2, 4, 3, 3, 3, 1, 1, 4, 3, 1, 3, 3, 4, 2, 4, 2, 2, 4, 1, 3, 1, 2, 3, 4, 4, 2]|[1, 2, 1, 0, 3, 0, 1, 3, 0, 0, 2, 0, 1, 0, 1, 0, 0, 0, 1, 0, 0, 2, 0, 0, 1, 0, 0, 3, 0, 1, 0, 2, 0, 1, 3, 0, 1, 3, 1, 0, 0, 0, 1, 3, 0, 0, 1, 0, 2, 0, 0, 0, 0, 0, 1, 0, 1, 0, 1, 1, 0, 2, 0, 0, 0, 0, 0, 0, 0, 2, 0, 0, 1, 0, 0, 1, 0, 0, 3, 0, 0, 1, 0, 0, 0, 0, 3, 0, 2, 0, 0, 2, 1, 0, 0, 0, 0, 1, 3, 0],836.569815134707,52504.092339752446,107095.57005228325,false
23,G2_TEC,G2_TEC,[31, 22, 82, 15, 26, 9, 95, 42, 77, 68, 47, 5, 93, 78, 86, 54, 85, 63, 18, 44, 20, 49, 36, 14, 74, 50, 53, 17, 21, 28, 11, 64, 3, 23, 30, 83, 24, 41, 40, 52, 65, 27, 90, 70, 39, 87, 48, 69, 99, 4, 46, 1, 13, 58, 97, 59, 45, 8, 73, 37, 35, 79, 71, 66, 76, 32, 60, 80, 96, 6, 16, 61, 33, 7, 57, 34, 12, 67, 10, 98, 56, 88, 29, 75, 91, 38, 19, 92, 43, 84, 51, 72, 81, 25, 2, 55, 62, 89, 94, 0]|[2, 1, 2, 1, 1, 2, 1, 1, 1, 1, 1, 0, 2, 2, 1, 2, 0, 0, 0, 2, 2, 1, 0, 2, 0, 2, 2, 1, 0, 1, 1, 1, 0, 0, 1, 0, 2, 1, 2, 2, 0, 0, 1, 1, 0, 2, 0, 2, 1, 0, 0, 2, 0, 0, 2, 0, 1, 1, 0, 0, 2, 1, 1, 2, 2, 0, 2, 2, 0, 1, 2, 1, 1, 2, 0, 1, 1, 1, 1, 2, 2, 1, 1, 0, 1, 0, 1, 0, 1, 0, 1, 1, 1, 1, 2, 0, 1, 1, 2, 0]|[0, 3, 0, 3, 4, 1, 4, 4, 2, 4, 3, 2, 1, 0, 2, 1, 1, 1, 2, 1, 1, 3, 0, 1, 0, 1, 1, 4, 1, 4, 3, 2, 2, 0, 4, 1, 1, 4, 0, 1, 2, 1, 4, 4, 1, 1, 0, 2, 3, 2, 2, 1, 2, 1, 1, 2, 4, 3, 0, 2, 2, 3, 3, 0, 1, 2, 0, 1, 2, 4, 1, 3, 4, 1, 2, 4, 3, 3, 3, 1, 1, 4, 3, 2, 3, 2, 4, 2, 4, 2, 3, 4, 4, 4, 1, 2, 3, 4, 1, 2]|[0, 2, 0, 0, 3, 0, 1, 3, 0, 0, 2, 0, 1, 0, 1, 0, 0, 0, 1, 0, 0, 2, 0, 0, 1, 0, 0, 3, 0, 1, 0, 2, 0, 0, 3, 0, 1, 3, 0, 0, 0, 0, 1, 3, 0, 0, 1, 0, 2, 0, 0, 0, 0, 0, 1, 0, 1, 0, 1, 1, 0, 2, 0, 0, 0, 0, 0, 0, 0, 2, 0, 0, 1, 0, 0, 1, 0, 0, 3, 0, 0, 1, 0, 0, 0, 0, 1, 0, 2, 0, 0, 2, 1, 3, 0, 0, 0, 1, 0, 0],896.1029292898813,50428.13444364295,114595.46915086164,false
23,G3_TWC,G1_CMAX,[31, 22, 82, 15, 26, 9, 42, 95, 77, 12, 47, 5, 93, 78, 86, 54, 85, 63, 18, 44, 20, 35, 43, 97, 91, 76, 10, 30, 21, 45, 71, 64, 1, 23, 17, 83, 24, 14, 60, 36, 6, 57, 94, 88, 65, 56, 79, 40, 67, 68, 46, 75, 38, 58, 19, 32, 81, 41, 27, 62, 87, 90, 99, 59, 11, 16, 72, 73, 70, 39, 37, 84, 3, 92, 25, 55, 28, 29, 51, 7, 33, 61, 98, 66, 89, 50, 8, 96, 53, 4, 80, 13, 34, 49, 52, 0, 48, 69, 2, 74]|[1, 1, 0, 1, 1, 1, 2, 1, 2, 1, 2, 2, 2, 1, 1, 0, 0, 1, 0, 2, 2, 0, 1, 2, 0, 1, 2, 2, 0, 0, 1, 2, 1, 2, 1, 0, 2, 0, 1, 1, 0, 1, 1, 1, 0, 2, 1, 1, 0, 0, 0, 0, 1, 1, 2, 1, 2, 0, 0, 0, 2, 1, 0, 1, 2, 1, 2, 1, 1, 1, 1, 1, 1, 0, 1, 1, 0, 0, 0, 1, 2, 1, 0, 2, 1, 0, 1, 0, 0, 0, 0, 0, 2, 0, 1, 0, 0, 1, 0, 2]|[4, 3, 2, 2, 0, 0, 2, 2, 2, 4, 1, 1, 2, 4, 4, 1, 2, 4, 2, 1, 1, 1, 1, 2, 1, 2, 1, 1, 1, 1, 3, 2, 3, 0, 4, 0, 1, 1, 0, 3, 2, 2, 4, 0, 1, 1, 0, 2, 0, 1, 2, 2, 1, 4, 0, 3, 2, 1, 1, 2, 1, 3, 1, 1, 1, 3, 0, 4, 3, 1, 4, 1, 1, 0, 4, 4, 2, 1, 1, 3, 1, 3, 1, 1, 1, 1, 3, 1, 2, 2, 1, 1, 1, 1, 1, 2, 2, 3, 2, 1]|[0, 2, 1, 1, 3, 3, 0, 1, 0, 0, 0, 0, 1, 0, 1, 0, 0, 3, 1, 0, 0, 0, 3, 1, 0, 2, 0, 0, 0, 1, 0, 0, 0, 0, 3, 0, 1, 0, 0, 2, 1, 1, 2, 0, 0, 0, 0, 1, 1, 0, 0, 0, 1, 3, 0, 0, 1, 0, 0, 1, 0, 2, 0, 1, 0, 2, 1, 0, 0, 1, 1, 3, 1, 1, 3, 3, 1, 0, 0, 2, 0, 0, 0, 0, 1, 0, 2, 0, 1, 1, 0, 0, 0, 1, 1, 0, 0, 0, 0, 0],800.9728923351585,58117.763115372225,90558.04465999853,true
23,G1_CMAX,G1_CMAX,[31, 22, 82, 15, 26, 9, 42, 77, 12, 5, 47, 93, 78, 86, 54, 6, 63, 18, 44, 20, 35, 43, 97, 91, 76, 10, 30, 21, 45, 17, 23, 1, 71, 83, 24, 14, 60, 36, 85, 57, 40, 95, 88, 65, 56, 79, 94, 67, 68, 46, 75, 38, 58, 19, 32, 81, 41, 62, 87, 28, 90, 59, 11, 16, 72, 73, 69, 52, 37, 64, 84, 3, 25, 29, 55, 51, 7, 98, 61, 66, 99, 33, 89, 48, 50, 96, 53, 80, 4, 8, 27, 2, 39, 13, 0, 92, 49, 74, 34, 70]|[1, 1, 0, 1, 1, 1, 2, 2, 1, 2, 2, 1, 1, 1, 0, 0, 1, 0, 2, 2, 0, 1, 2, 2, 1, 2, 2, 0, 0, 1, 2, 1, 1, 0, 2, 0, 1, 1, 0, 1, 1, 1, 1, 0, 2, 1, 1, 0, 0, 0, 0, 1, 1, 2, 1, 2, 0, 0, 2, 0, 1, 2, 2, 1, 2, 1, 1, 1, 1, 1, 1, 2, 1, 0, 2, 0, 1, 2, 1, 0, 0, 2, 1, 0, 0, 2, 0, 0, 1, 1, 0, 0, 1, 0, 0, 0, 0, 2, 2, 1]|[0, 3, 1, 2, 0, 0, 1, 1, 4, 1, 1, 4, 4, 4, 2, 2, 4, 2, 1, 1, 1, 1, 2, 1, 2, 1, 1, 1, 1, 4, 0, 3, 3, 0, 1, 1, 0, 3, 2, 2, 2, 2, 0, 1, 1, 0, 4, 0, 1, 2, 2, 1, 4, 0, 3, 2, 1, 2, 1, 2, 3, 1, 1, 3, 0, 4, 4, 1, 4, 3, 1, 2, 4, 1, 1, 1, 1, 1, 3, 1, 1, 1, 1, 1, 1, 1, 2, 1, 4, 3, 2, 2, 1, 2, 2, 0, 1, 1, 1, 4]|[1, 1, 1, 1, 3, 3, 0, 0, 0, 0, 0, 2, 0, 1, 0, 0, 3, 1, 0, 0, 0, 3, 1, 0, 2, 0, 0, 0, 1, 3, 0, 0, 0, 0, 1, 0, 0, 2, 1, 1, 1, 1, 0, 0, 0, 0, 2, 1, 0, 0, 0, 1, 3, 0, 0, 1, 0, 1, 0, 1, 2, 0, 0, 2, 1, 0, 2, 1, 1, 0, 3, 1, 3, 0, 0, 0, 2, 0, 0, 0, 0, 0, 1, 0, 0, 0, 1, 0, 0, 2, 1, 0, 1, 0, 0, 1, 1, 0, 0, 2],733.3116759547878,58140.55643565909,96674.14109675489,false
23,G4_BALANCED,G4_BALANCED,[31, 11, 15, 82, 26, 9, 95, 32, 77, 68, 47, 5, 93, 78, 86, 54, 85, 63, 18, 44, 20, 49, 36, 14, 74, 50, 53, 17, 21, 45, 71, 64, 3, 23, 30, 83, 24, 41, 60, 52, 65, 27, 90, 70, 39, 87, 48, 69, 99, 4, 46, 1, 13, 58, 97, 59, 28, 75, 73, 37, 35, 79, 22, 66, 76, 42, 40, 80, 96, 6, 16, 61, 33, 7, 57, 34, 12, 67, 10, 98, 56, 88, 29, 94, 91, 51, 19, 92, 43, 84, 38, 72, 81, 8, 2, 55, 62, 89, 25, 0]|[2, 1, 1, 2, 1, 2, 1, 1, 1, 1, 1, 0, 2, 2, 1, 2, 0, 0, 0, 2, 2, 1, 0, 2, 0, 2, 2, 1, 0, 1, 1, 1, 0, 0, 1, 0, 2, 1, 2, 2, 0, 0, 1, 1, 0, 2, 0, 2, 1, 0, 0, 2, 0, 0, 2, 0, 1, 0, 0, 0, 2, 1, 0, 2, 2, 0, 2, 2, 0, 1, 2, 1, 1, 2, 0, 1, 1, 1, 1, 2, 2, 1, 1, 2, 1, 1, 1, 0, 1, 0, 0, 1, 1, 1, 2, 0, 1, 1, 1, 0]|[1, 3, 2, 0, 4, 1, 4, 4, 2, 4, 3, 2, 1, 0, 2, 1, 1, 1, 2, 1, 1, 3, 0, 1, 0, 1, 1, 4, 1, 4, 3, 2, 2, 0, 4, 1, 1, 4, 0, 1, 2, 1, 4, 4, 1, 1, 0, 2, 3, 1, 2, 1, 2, 1, 1, 2, 4, 2, 0, 2, 2, 3, 1, 0, 1, 2, 0, 1, 2, 4, 1, 3, 4, 1, 2, 4, 3, 3, 3, 1, 1, 4, 3, 1, 3, 3, 4, 2, 4, 2, 2, 4, 1, 3, 1, 2, 3, 4, 4, 2]|[1, 2, 1, 0, 3, 0, 1, 3, 0, 0, 2, 0, 1, 0, 1, 0, 0, 0, 1, 0, 0, 2, 0, 0, 1, 0, 0, 3, 0, 1, 0, 2, 0, 1, 3, 0, 1, 3, 1, 0, 0, 0, 1, 3, 0, 0, 1, 0, 2, 0, 0, 0, 0, 0, 1, 0, 1, 0, 1, 1, 0, 2, 0, 0, 0, 0, 0, 0, 0, 2, 0, 0, 1, 0, 0, 1, 0, 0, 3, 0, 0, 1, 0, 0, 0, 0, 3, 0, 2, 0, 0, 2, 1, 0, 0, 0, 0, 1, 3, 0],836.569815134707,52504.092339752446,107095.57005228325,false
23,G2_TEC,G2_TEC,[31, 22, 82, 15, 26, 9, 95, 42, 77, 68, 47, 5, 93, 78, 86, 54, 85, 63, 18, 44, 20, 49, 36, 14, 74, 50, 53, 17, 21, 28, 11, 64, 3, 23, 30, 83, 24, 41, 40, 52, 65, 27, 90, 70, 39, 87, 48, 69, 99, 4, 46, 1, 13, 58, 97, 59, 45, 8, 73, 37, 35, 79, 71, 66, 76, 32, 60, 80, 96, 6, 16, 61, 33, 7, 57, 34, 12, 67, 10, 98, 56, 88, 29, 75, 91, 38, 19, 92, 43, 84, 51, 72, 81, 25, 2, 55, 62, 89, 94, 0]|[2, 1, 2, 1, 1, 2, 1, 1, 1, 1, 1, 0, 2, 2, 1, 2, 0, 0, 0, 2, 2, 1, 0, 2, 0, 2, 2, 1, 0, 1, 1, 1, 0, 0, 1, 0, 2, 1, 2, 2, 0, 0, 1, 1, 0, 2, 0, 2, 1, 0, 0, 2, 0, 0, 2, 0, 1, 1, 0, 0, 2, 1, 1, 2, 2, 0, 2, 2, 0, 1, 2, 1, 1, 2, 0, 1, 1, 1, 1, 2, 2, 1, 1, 0, 1, 0, 1, 0, 1, 0, 1, 1, 1, 1, 2, 0, 1, 1, 2, 0]|[0, 3, 0, 3, 4, 1, 4, 4, 2, 4, 3, 2, 1, 0, 2, 1, 1, 1, 2, 1, 1, 3, 0, 1, 0, 1, 1, 4, 1, 4, 3, 2, 2, 0, 4, 1, 1, 4, 0, 1, 2, 1, 4, 4, 1, 1, 0, 2, 3, 2, 2, 1, 2, 1, 1, 2, 4, 3, 0, 2, 2, 3, 3, 0, 1, 2, 0, 1, 2, 4, 1, 3, 4, 1, 2, 4, 3, 3, 3, 1, 1, 4, 3, 2, 3, 2, 4, 2, 4, 2, 3, 4, 4, 4, 1, 2, 3, 4, 1, 2]|[0, 2, 0, 0, 3, 0, 1, 3, 0, 0, 2, 0, 1, 0, 1, 0, 0, 0, 1, 0, 0, 2, 0, 0, 1, 0, 0, 3, 0, 1, 0, 2, 0, 0, 3, 0, 1, 3, 0, 0, 0, 0, 1, 3, 0, 0, 1, 0, 2, 0, 0, 0, 0, 0, 1, 0, 1, 0, 1, 1, 0, 2, 0, 0, 0, 0, 0, 0, 0, 2, 0, 0, 1, 0, 0, 1, 0, 0, 3, 0, 0, 1, 0, 0, 0, 0, 1, 0, 2, 0, 0, 2, 1, 3, 0, 0, 0, 1, 0, 0],896.1029292898813,50428.13444364295,114595.46915086164,false
23,G3_TWC,G1_CMAX,[31, 22, 82, 15, 26, 9, 42, 95, 77, 12, 47, 5, 93, 78, 86, 54, 85, 63, 18, 44, 20, 35, 43, 97, 91, 76, 10, 30, 21, 45, 71, 64, 1, 23, 17, 83, 24, 14, 60, 36, 6, 57, 94, 88, 65, 56, 79, 40, 67, 68, 46, 75, 38, 58, 19, 32, 81, 41, 27, 62, 87, 90, 99, 59, 11, 16, 72, 73, 70, 39, 37, 84, 3, 92, 25, 55, 28, 29, 51, 7, 33, 61, 98, 66, 89, 50, 8, 96, 53, 4, 80, 13, 34, 49, 52, 0, 48, 69, 2, 74]|[1, 1, 0, 1, 1, 1, 2, 1, 2, 1, 2, 2, 2, 1, 1, 0, 0, 1, 0, 2, 2, 0, 1, 2, 0, 1, 2, 2, 0, 0, 1, 2, 1, 2, 1, 0, 2, 0, 1, 1, 0, 1, 1, 1, 0, 2, 1, 1, 0, 0, 0, 0, 1, 1, 2, 1, 2, 0, 0, 0, 2, 1, 0, 1, 2, 1, 2, 1, 1, 1, 1, 1, 1, 0, 1, 1, 0, 0, 0, 1, 2, 1, 0, 2, 1, 0, 1, 0, 0, 0, 0, 0, 2, 0, 1, 0, 0, 1, 0, 2]|[4, 3, 2, 2, 0, 0, 2, 2, 2, 4, 1, 1, 2, 4, 4, 1, 2, 4, 2, 1, 1, 1, 1, 2, 1, 2, 1, 1, 1, 1, 3, 2, 3, 0, 4, 0, 1, 1, 0, 3, 2, 2, 4, 0, 1, 1, 0, 2, 0, 1, 2, 2, 1, 4, 0, 3, 2, 1, 1, 2, 1, 3, 1, 1, 1, 3, 0, 4, 3, 1, 4, 1, 1, 0, 4, 4, 2, 1, 1, 3, 1, 3, 1, 1, 1, 1, 3, 1, 2, 2, 1, 1, 1, 1, 1, 2, 2, 3, 2, 1]|[0, 2, 1, 1, 3, 3, 0, 1, 0, 0, 0, 0, 1, 0, 1, 0, 0, 3, 1, 0, 0, 0, 3, 1, 0, 2, 0, 0, 0, 1, 0, 0, 0, 0, 3, 0, 1, 0, 0, 2, 1, 1, 2, 0, 0, 0, 0, 1, 1, 0, 0, 0, 1, 3, 0, 0, 1, 0, 0, 1, 0, 2, 0, 1, 0, 2, 1, 0, 0, 1, 1, 3, 1, 1, 3, 3, 1, 0, 0, 2, 0, 0, 0, 0, 1, 0, 2, 0, 1, 1, 0, 0, 0, 1, 1, 0, 0, 0, 0, 0],800.9728923351585,58117.763115372225,90558.04465999853,true
23,G1_CMAX,G1_CMAX,[31, 22, 82, 15, 26, 9, 42, 77, 12, 5, 47, 93, 78, 86, 54, 6, 63, 18, 44, 20, 35, 43, 97, 91, 76, 10, 30, 21, 45, 17, 23, 1, 71, 83, 24, 14, 60, 36, 85, 57, 40, 95, 88, 65, 56, 79, 94, 67, 68, 46, 75, 38, 58, 19, 32, 81, 41, 62, 87, 28, 90, 59, 11, 16, 72, 73, 69, 52, 37, 64, 84, 3, 25, 29, 55, 51, 7, 98, 61, 66, 99, 33, 89, 48, 50, 96, 53, 80, 4, 8, 27, 2, 39, 13, 0, 92, 49, 74, 34, 70]|[1, 1, 0, 1, 1, 1, 2, 2, 1, 2, 2, 1, 1, 1, 0, 0, 1, 0, 2, 2, 0, 1, 2, 2, 1, 2, 2, 0, 0, 1, 2, 1, 1, 0, 2, 0, 1, 1, 0, 1, 1, 1, 1, 0, 2, 1, 1, 0, 0, 0, 0, 1, 1, 2, 1, 2, 0, 0, 2, 0, 1, 2, 2, 1, 2, 1, 1, 1, 1, 1, 1, 2, 1, 0, 2, 0, 1, 2, 1, 0, 0, 2, 1, 0, 0, 2, 0, 0, 1, 1, 0, 0, 1, 0, 0, 0, 0, 2, 2, 1]|[0, 3, 1, 2, 0, 0, 1, 1, 4, 1, 1, 4, 4, 4, 2, 2, 4, 2, 1, 1, 1, 1, 2, 1, 2, 1, 1, 1, 1, 4, 0, 3, 3, 0, 1, 1, 0, 3, 2, 2, 2, 2, 0, 1, 1, 0, 4, 0, 1, 2, 2, 1, 4, 0, 3, 2, 1, 2, 1, 2, 3, 1, 1, 3, 0, 4, 4, 1, 4, 3, 1, 2, 4, 1, 1, 1, 1, 1, 3, 1, 1, 1, 1, 1, 1, 1, 2, 1, 4, 3, 2, 2, 1, 2, 2, 0, 1, 1, 1, 4]|[1, 1, 1, 1, 3, 3, 0, 0, 0, 0, 0, 2, 0, 1, 0, 0, 3, 1, 0, 0, 0, 3, 1, 0, 2, 0, 0, 0, 1, 3, 0, 0, 0, 0, 1, 0, 0, 2, 1, 1, 1, 1, 0, 0, 0, 0, 2, 1, 0, 0, 0, 1, 3, 0, 0, 1, 0, 1, 0, 1, 2, 0, 0, 2, 1, 0, 2, 1, 1, 0, 3, 1, 3, 0, 0, 0, 2, 0, 0, 0, 0, 0, 1, 0, 0, 0, 1, 0, 0, 2, 1, 0, 1, 0, 0, 1, 1, 0, 0, 2],733.3116759547878,58140.55643565909,96674.14109675489,false
23,G4_BALANCED,G4_BALANCED,[31, 11, 15, 82, 26, 9, 95, 32, 77, 68, 47, 5, 93, 78, 86, 54, 85, 63, 18, 44, 20, 49, 36, 14, 74, 50, 53, 17, 21, 45, 71, 64, 3, 23, 30, 83, 24, 41, 60, 52, 65, 27, 90, 70, 39, 87, 48, 69, 99, 4, 46, 1, 13, 58, 97, 59, 28, 75, 73, 37, 35, 79, 22, 66, 76, 42, 40, 80, 96, 6, 16, 61, 33, 7, 57, 34, 12, 67, 10, 98, 56, 88, 29, 94, 91, 51, 19, 92, 43, 84, 38, 72, 81, 8, 2, 55, 62, 89, 25, 0]|[2, 1, 1, 2, 1, 2, 1, 1, 1, 1, 1, 0, 2, 2, 1, 2, 0, 0, 0, 2, 2, 1, 0, 2, 0, 2, 2, 1, 0, 1, 1, 1, 0, 0, 1, 0, 2, 1, 2, 2, 0, 0, 1, 1, 0, 2, 0, 2, 1, 0, 0, 2, 0, 0, 2, 0, 1, 0, 0, 0, 2, 1, 0, 2, 2, 0, 2, 2, 0, 1, 2, 1, 1, 2, 0, 1, 1, 1, 1, 2, 2, 1, 1, 2, 1, 1, 1, 0, 1, 0, 0, 1, 1, 1, 2, 0, 1, 1, 1, 0]|[1, 3, 2, 0, 4, 1, 4, 4, 2, 4, 3, 2, 1, 0, 2, 1, 1, 1, 2, 1, 1, 3, 0, 1, 0, 1, 1, 4, 1, 4, 3, 2, 2, 0, 4, 1, 1, 4, 0, 1, 2, 1, 4, 4, 1, 1, 0, 2, 3, 1, 2, 1, 2, 1, 1, 2, 4, 2, 0, 2, 2, 3, 1, 0, 1, 2, 0, 1, 2, 4, 1, 3, 4, 1, 2, 4, 3, 3, 3, 1, 1, 4, 3, 1, 3, 3, 4, 2, 4, 2, 2, 4, 1, 3, 1, 2, 3, 4, 4, 2]|[1, 2, 1, 0, 3, 0, 1, 3, 0, 0, 2, 0, 1, 0, 1, 0, 0, 0, 1, 0, 0, 2, 0, 0, 1, 0, 0, 3, 0, 1, 0, 2, 0, 1, 3, 0, 1, 3, 1, 0, 0, 0, 1, 3, 0, 0, 1, 0, 2, 0, 0, 0, 0, 0, 1, 0, 1, 0, 1, 1, 0, 2, 0, 0, 0, 0, 0, 0, 0, 2, 0, 0, 1, 0, 0, 1, 0, 0, 3, 0, 0, 1, 0, 0, 0, 0, 3, 0, 2, 0, 0, 2, 1, 0, 0, 0, 0, 1, 3, 0],836.569815134707,52504.092339752446,107095.57005228325,false
23,G2_TEC,G2_TEC,[31, 22, 82, 15, 26, 9, 95, 42, 77, 68, 47, 5, 93, 78, 86, 54, 85, 63, 18, 44, 20, 49, 36, 14, 74, 50, 53, 17, 21, 28, 11, 64, 3, 23, 30, 83, 24, 41, 40, 52, 65, 27, 90, 70, 39, 87, 48, 69, 99, 4, 46, 1, 13, 58, 97, 59, 45, 8, 73, 37, 35, 79, 71, 66, 76, 32, 60, 80, 96, 6, 16, 61, 33, 7, 57, 34, 12, 67, 10, 98, 56, 88, 29, 75, 91, 38, 19, 92, 43, 84, 51, 72, 81, 25, 2, 55, 62, 89, 94, 0]|[2, 1, 2, 1, 1, 2, 1, 1, 1, 1, 1, 0, 2, 2, 1, 2, 0, 0, 0, 2, 2, 1, 0, 2, 0, 2, 2, 1, 0, 1, 1, 1, 0, 0, 1, 0, 2, 1, 2, 2, 0, 0, 1, 1, 0, 2, 0, 2, 1, 0, 0, 2, 0, 0, 2, 0, 1, 1, 0, 0, 2, 1, 1, 2, 2, 0, 2, 2, 0, 1, 2, 1, 1, 2, 0, 1, 1, 1, 1, 2, 2, 1, 1, 0, 1, 0, 1, 0, 1, 0, 1, 1, 1, 1, 2, 0, 1, 1, 2, 0]|[0, 3, 0, 3, 4, 1, 4, 4, 2, 4, 3, 2, 1, 0, 2, 1, 1, 1, 2, 1, 1, 3, 0, 1, 0, 1, 1, 4, 1, 4, 3, 2, 2, 0, 4, 1, 1, 4, 0, 1, 2, 1, 4, 4, 1, 1, 0, 2, 3, 2, 2, 1, 2, 1, 1, 2, 4, 3, 0, 2, 2, 3, 3, 0, 1, 2, 0, 1, 2, 4, 1, 3, 4, 1, 2, 4, 3, 3, 3, 1, 1, 4, 3, 2, 3, 2, 4, 2, 4, 2, 3, 4, 4, 4, 1, 2, 3, 4, 1, 2]|[0, 2, 0, 0, 3, 0, 1, 3, 0, 0, 2, 0, 1, 0, 1, 0, 0, 0, 1, 0, 0, 2, 0, 0, 1, 0, 0, 3, 0, 1, 0, 2, 0, 0, 3, 0, 1, 3, 0, 0, 0, 0, 1, 3, 0, 0, 1, 0, 2, 0, 0, 0, 0, 0, 1, 0, 1, 0, 1, 1, 0, 2, 0, 0, 0, 0, 0, 0, 0, 2, 0, 0, 1, 0, 0, 1, 0, 0, 3, 0, 0, 1, 0, 0, 0, 0, 1, 0, 2, 0, 0, 2, 1, 3, 0, 0, 0, 1, 0, 0],896.1029292898813,50428.13444364295,114595.46915086164,false
23,G3_TWC,G1_CMAX,[31, 22, 82, 15, 26, 9, 42, 95, 77, 12, 47, 5, 93, 78, 86, 54, 85, 63, 18, 44, 20, 35, 43, 97, 91, 76, 10, 30, 21, 45, 71, 64, 1, 23, 17, 83, 24, 14, 60, 36, 6, 57, 94, 88, 65, 56, 79, 40, 67, 68, 46, 75, 38, 58, 19, 32, 81, 41, 27, 62, 87, 90, 99, 59, 11, 16, 72, 73, 70, 39, 37, 84, 3, 92, 25, 55, 28, 29, 51, 7, 33, 61, 98, 66, 89, 50, 8, 96, 53, 4, 80, 13, 34, 49, 52, 0, 48, 69, 2, 74]|[1, 1, 0, 1, 1, 1, 2, 1, 2, 1, 2, 2, 2, 1, 1, 0, 0, 1, 0, 2, 2, 0, 1, 2, 0, 1, 2, 2, 0, 0, 1, 2, 1, 2, 1, 0, 2, 0, 1, 1, 0, 1, 1, 1, 0, 2, 1, 1, 0, 0, 0, 0, 1, 1, 2, 1, 2, 0, 0, 0, 2, 1, 0, 1, 2, 1, 2, 1, 1, 1, 1, 1, 1, 0, 1, 1, 0, 0, 0, 1, 2, 1, 0, 2, 1, 0, 1, 0, 0, 0, 0, 0, 2, 0, 1, 0, 0, 1, 0, 2]|[4, 3, 2, 2, 0, 0, 2, 2, 2, 4, 1, 1, 2, 4, 4, 1, 2, 4, 2, 1, 1, 1, 1, 2, 1, 2, 1, 1, 1, 1, 3, 2, 3, 0, 4, 0, 1, 1, 0, 3, 2, 2, 4, 0, 1, 1, 0, 2, 0, 1, 2, 2, 1, 4, 0, 3, 2, 1, 1, 2, 1, 3, 1, 1, 1, 3, 0, 4, 3, 1, 4, 1, 1, 0, 4, 4, 2, 1, 1, 3, 1, 3, 1, 1, 1, 1, 3, 1, 2, 2, 1, 1, 1, 1, 1, 2, 2, 3, 2, 1]|[0, 2, 1, 1, 3, 3, 0, 1, 0, 0, 0, 0, 1, 0, 1, 0, 0, 3, 1, 0, 0, 0, 3, 1, 0, 2, 0, 0, 0, 1, 0, 0, 0, 0, 3, 0, 1, 0, 0, 2, 1, 1, 2, 0, 0, 0, 0, 1, 1, 0, 0, 0, 1, 3, 0, 0, 1, 0, 0, 1, 0, 2, 0, 1, 0, 2, 1, 0, 0, 1, 1, 3, 1, 1, 3, 3, 1, 0, 0, 2, 0, 0, 0, 0, 1, 0, 2, 0, 1, 1, 0, 0, 0, 1, 1, 0, 0, 0, 0, 0],800.9728923351585,58117.763115372225,90558.04465999853,true
23,G1_CMAX,G1_CMAX,[31, 22, 82, 15, 26, 9, 42, 77, 12, 5, 47, 93, 78, 86, 54, 6, 63, 18, 44, 20, 35, 43, 97, 91, 76, 10, 30, 21, 45, 17, 23, 1, 71, 83, 24, 14, 60, 36, 85, 57, 40, 95, 88, 65, 56, 79, 94, 67, 68, 46, 75, 38, 58, 19, 32, 81, 41, 62, 87, 28, 90, 59, 11, 16, 72, 73, 69, 52, 37, 64, 84, 3, 25, 29, 55, 51, 7, 98, 61, 66, 99, 33, 89, 48, 50, 96, 53, 80, 4, 8, 27, 2, 39, 13, 0, 92, 49, 74, 34, 70]|[1, 1, 0, 1, 1, 1, 2, 2, 1, 2, 2, 1, 1, 1, 0, 0, 1, 0, 2, 2, 0, 1, 2, 2, 1, 2, 2, 0, 0, 1, 2, 1, 1, 0, 2, 0, 1, 1, 0, 1, 1, 1, 1, 0, 2, 1, 1, 0, 0, 0, 0, 1, 1, 2, 1, 2, 0, 0, 2, 0, 1, 2, 2, 1, 2, 1, 1, 1, 1, 1, 1, 2, 1, 0, 2, 0, 1, 2, 1, 0, 0, 2, 1, 0, 0, 2, 0, 0, 1, 1, 0, 0, 1, 0, 0, 0, 0, 2, 2, 1]|[0, 3, 1, 2, 0, 0, 1, 1, 4, 1, 1, 4, 4, 4, 2, 2, 4, 2, 1, 1, 1, 1, 2, 1, 2, 1, 1, 1, 1, 4, 0, 3, 3, 0, 1, 1, 0, 3, 2, 2, 2, 2, 0, 1, 1, 0, 4, 0, 1, 2, 2, 1, 4, 0, 3, 2, 1, 2, 1, 2, 3, 1, 1, 3, 0, 4, 4, 1, 4, 3, 1, 2, 4, 1, 1, 1, 1, 1, 3, 1, 1, 1, 1, 1, 1, 1, 2, 1, 4, 3, 2, 2, 1, 2, 2, 0, 1, 1, 1, 4]|[1, 1, 1, 1, 3, 3, 0, 0, 0, 0, 0, 2, 0, 1, 0, 0, 3, 1, 0, 0, 0, 3, 1, 0, 2, 0, 0, 0, 1, 3, 0, 0, 0, 0, 1, 0, 0, 2, 1, 1, 1, 1, 0, 0, 0, 0, 2, 1, 0, 0, 0, 1, 3, 0, 0, 1, 0, 1, 0, 1, 2, 0, 0, 2, 1, 0, 2, 1, 1, 0, 3, 1, 3, 0, 0, 0, 2, 0, 0, 0, 0, 0, 1, 0, 0, 0, 1, 0, 0, 2, 1, 0, 1, 0, 0, 1, 1, 0, 0, 2],733.3116759547878,58140.55643565909,96674.14109675489,false
23,G4_BALANCED,G4_BALANCED,[31, 11, 15, 82, 26, 9, 95, 32, 77, 68, 47, 5, 93, 78, 86, 54, 85, 63, 18, 44, 20, 49, 36, 14, 74, 50, 53, 17, 21, 45, 71, 64, 3, 23, 30, 83, 24, 41, 60, 52, 65, 27, 90, 70, 39, 87, 48, 69, 99, 4, 46, 1, 13, 58, 97, 59, 28, 75, 73, 37, 35, 79, 22, 66, 76, 42, 40, 80, 96, 6, 16, 61, 33, 7, 57, 34, 12, 67, 10, 98, 56, 88, 29, 94, 91, 51, 19, 92, 43, 84, 38, 72, 81, 8, 2, 55, 62, 89, 25, 0]|[2, 1, 1, 2, 1, 2, 1, 1, 1, 1, 1, 0, 2, 2, 1, 2, 0, 0, 0, 2, 2, 1, 0, 2, 0, 2, 2, 1, 0, 1, 1, 1, 0, 0, 1, 0, 2, 1, 2, 2, 0, 0, 1, 1, 0, 2, 0, 2, 1, 0, 0, 2, 0, 0, 2, 0, 1, 0, 0, 0, 2, 1, 0, 2, 2, 0, 2, 2, 0, 1, 2, 1, 1, 2, 0, 1, 1, 1, 1, 2, 2, 1, 1, 2, 1, 1, 1, 0, 1, 0, 0, 1, 1, 1, 2, 0, 1, 1, 1, 0]|[1, 3, 2, 0, 4, 1, 4, 4, 2, 4, 3, 2, 1, 0, 2, 1, 1, 1, 2, 1, 1, 3, 0, 1, 0, 1, 1, 4, 1, 4, 3, 2, 2, 0, 4, 1, 1, 4, 0, 1, 2, 1, 4, 4, 1, 1, 0, 2, 3, 1, 2, 1, 2, 1, 1, 2, 4, 2, 0, 2, 2, 3, 1, 0, 1, 2, 0, 1, 2, 4, 1, 3, 4, 1, 2, 4, 3, 3, 3, 1, 1, 4, 3, 1, 3, 3, 4, 2, 4, 2, 2, 4, 1, 3, 1, 2, 3, 4, 4, 2]|[1, 2, 1, 0, 3, 0, 1, 3, 0, 0, 2, 0, 1, 0, 1, 0, 0, 0, 1, 0, 0, 2, 0, 0, 1, 0, 0, 3, 0, 1, 0, 2, 0, 1, 3, 0, 1, 3, 1, 0, 0, 0, 1, 3, 0, 0, 1, 0, 2, 0, 0, 0, 0, 0, 1, 0, 1, 0, 1, 1, 0, 2, 0, 0, 0, 0, 0, 0, 0, 2, 0, 0, 1, 0, 0, 1, 0, 0, 3, 0, 0, 1, 0, 0, 0, 0, 3, 0, 2, 0, 0, 2, 1, 0, 0, 0, 0, 1, 3, 0],836.569815134707,52504.092339752446,107095.57005228325,false
23,G2_TEC,G2_TEC,[31, 22, 82, 15, 26, 9, 95, 42, 77, 68, 47, 5, 93, 78, 86, 54, 85, 63, 18, 44, 20, 49, 36, 14, 74, 50, 53, 17, 21, 28, 11, 64, 3, 23, 30, 83, 24, 41, 40, 52, 65, 27, 90, 70, 39, 87, 48, 69, 99, 4, 46, 1, 13, 58, 97, 59, 45, 8, 73, 37, 35, 79, 71, 66, 76, 32, 60, 80, 96, 6, 16, 61, 33, 7, 57, 34, 12, 67, 10, 98, 56, 88, 29, 75, 91, 38, 19, 92, 43, 84, 51, 72, 81, 25, 2, 55, 62, 89, 94, 0]|[2, 1, 2, 1, 1, 2, 1, 1, 1, 1, 1, 0, 2, 2, 1, 2, 0, 0, 0, 2, 2, 1, 0, 2, 0, 2, 2, 1, 0, 1, 1, 1, 0, 0, 1, 0, 2, 1, 2, 2, 0, 0, 1, 1, 0, 2, 0, 2, 1, 0, 0, 2, 0, 0, 2, 0, 1, 1, 0, 0, 2, 1, 1, 2, 2, 0, 2, 2, 0, 1, 2, 1, 1, 2, 0, 1, 1, 1, 1, 2, 2, 1, 1, 0, 1, 0, 1, 0, 1, 0, 1, 1, 1, 1, 2, 0, 1, 1, 2, 0]|[0, 3, 0, 3, 4, 1, 4, 4, 2, 4, 3, 2, 1, 0, 2, 1, 1, 1, 2, 1, 1, 3, 0, 1, 0, 1, 1, 4, 1, 4, 3, 2, 2, 0, 4, 1, 1, 4, 0, 1, 2, 1, 4, 4, 1, 1, 0, 2, 3, 2, 2, 1, 2, 1, 1, 2, 4, 3, 0, 2, 2, 3, 3, 0, 1, 2, 0, 1, 2, 4, 1, 3, 4, 1, 2, 4, 3, 3, 3, 1, 1, 4, 3, 2, 3, 2, 4, 2, 4, 2, 3, 4, 4, 4, 1, 2, 3, 4, 1, 2]|[0, 2, 0, 0, 3, 0, 1, 3, 0, 0, 2, 0, 1, 0, 1, 0, 0, 0, 1, 0, 0, 2, 0, 0, 1, 0, 0, 3, 0, 1, 0, 2, 0, 0, 3, 0, 1, 3, 0, 0, 0, 0, 1, 3, 0, 0, 1, 0, 2, 0, 0, 0, 0, 0, 1, 0, 1, 0, 1, 1, 0, 2, 0, 0, 0, 0, 0, 0, 0, 2, 0, 0, 1, 0, 0, 1, 0, 0, 3, 0, 0, 1, 0, 0, 0, 0, 1, 0, 2, 0, 0, 2, 1, 3, 0, 0, 0, 1, 0, 0],896.1029292898813,50428.13444364295,114595.46915086164,false
23,G3_TWC,G1_CMAX,[31, 22, 82, 15, 26, 9, 42, 95, 77, 12, 47, 5, 93, 78, 86, 54, 85, 63, 18, 44, 20, 35, 43, 97, 91, 76, 10, 30, 21, 45, 71, 64, 1, 23, 17, 83, 24, 14, 60, 36, 6, 57, 94, 88, 65, 56, 79, 40, 67, 68, 46, 75, 38, 58, 19, 32, 81, 41, 27, 62, 87, 90, 99, 59, 11, 16, 72, 73, 70, 39, 37, 84, 3, 92, 25, 55, 28, 29, 51, 7, 33, 61, 98, 66, 89, 50, 8, 96, 53, 4, 80, 13, 34, 49, 52, 0, 48, 69, 2, 74]|[1, 1, 0, 1, 1, 1, 2, 1, 2, 1, 2, 2, 2, 1, 1, 0, 0, 1, 0, 2, 2, 0, 1, 2, 0, 1, 2, 2, 0, 0, 1, 2, 1, 2, 1, 0, 2, 0, 1, 1, 0, 1, 1, 1, 0, 2, 1, 1, 0, 0, 0, 0, 1, 1, 2, 1, 2, 0, 0, 0, 2, 1, 0, 1, 2, 1, 2, 1, 1, 1, 1, 1, 1, 0, 1, 1, 0, 0, 0, 1, 2, 1, 0, 2, 1, 0, 1, 0, 0, 0, 0, 0, 2, 0, 1, 0, 0, 1, 0, 2]|[4, 3, 2, 2, 0, 0, 2, 2, 2, 4, 1, 1, 2, 4, 4, 1, 2, 4, 2, 1, 1, 1, 1, 2, 1, 2, 1, 1, 1, 1, 3, 2, 3, 0, 4, 0, 1, 1, 0, 3, 2, 2, 4, 0, 1, 1, 0, 2, 0, 1, 2, 2, 1, 4, 0, 3, 2, 1, 1, 2, 1, 3, 1, 1, 1, 3, 0, 4, 3, 1, 4, 1, 1, 0, 4, 4, 2, 1, 1, 3, 1, 3, 1, 1, 1, 1, 3, 1, 2, 2, 1, 1, 1, 1, 1, 2, 2, 3, 2, 1]|[0, 2, 1, 1, 3, 3, 0, 1, 0, 0, 0, 0, 1, 0, 1, 0, 0, 3, 1, 0, 0, 0, 3, 1, 0, 2, 0, 0, 0, 1, 0, 0, 0, 0, 3, 0, 1, 0, 0, 2, 1, 1, 2, 0, 0, 0, 0, 1, 1, 0, 0, 0, 1, 3, 0, 0, 1, 0, 0, 1, 0, 2, 0, 1, 0, 2, 1, 0, 0, 1, 1, 3, 1, 1, 3, 3, 1, 0, 0, 2, 0, 0, 0, 0, 1, 0, 2, 0, 1, 1, 0, 0, 0, 1, 1, 0, 0, 0, 0, 0],800.9728923351585,58117.763115372225,90558.04465999853,true
23,G1_CMAX,G1_CMAX,[31, 22, 82, 15, 26, 9, 42, 77, 12, 5, 47, 93, 78, 86, 54, 6, 63, 18, 44, 20, 35, 43, 97, 91, 76, 10, 30, 21, 45, 17, 23, 1, 71, 83, 24, 14, 60, 36, 85, 57, 40, 95, 88, 65, 56, 79, 94, 67, 68, 46, 75, 38, 58, 19, 32, 81, 41, 62, 87, 28, 90, 59, 11, 16, 72, 73, 69, 52, 37, 64, 84, 3, 25, 29, 55, 51, 7, 98, 61, 66, 99, 33, 89, 48, 50, 96, 53, 80, 4, 8, 27, 2, 39, 13, 0, 92, 49, 74, 34, 70]|[1, 1, 0, 1, 1, 1, 2, 2, 1, 2, 2, 1, 1, 1, 0, 0, 1, 0, 2, 2, 0, 1, 2, 2, 1, 2, 2, 0, 0, 1, 2, 1, 1, 0, 2, 0, 1, 1, 0, 1, 1, 1, 1, 0, 2, 1, 1, 0, 0, 0, 0, 1, 1, 2, 1, 2, 0, 0, 2, 0, 1, 2, 2, 1, 2, 1, 1, 1, 1, 1, 1, 2, 1, 0, 2, 0, 1, 2, 1, 0, 0, 2, 1, 0, 0, 2, 0, 0, 1, 1, 0, 0, 1, 0, 0, 0, 0, 2, 2, 1]|[0, 3, 1, 2, 0, 0, 1, 1, 4, 1, 1, 4, 4, 4, 2, 2, 4, 2, 1, 1, 1, 1, 2, 1, 2, 1, 1, 1, 1, 4, 0, 3, 3, 0, 1, 1, 0, 3, 2, 2, 2, 2, 0, 1, 1, 0, 4, 0, 1, 2, 2, 1, 4, 0, 3, 2, 1, 2, 1, 2, 3, 1, 1, 3, 0, 4, 4, 1, 4, 3, 1, 2, 4, 1, 1, 1, 1, 1, 3, 1, 1, 1, 1, 1, 1, 1, 2, 1, 4, 3, 2, 2, 1, 2, 2, 0, 1, 1, 1, 4]|[1, 1, 1, 1, 3, 3, 0, 0, 0, 0, 0, 2, 0, 1, 0, 0, 3, 1, 0, 0, 0, 3, 1, 0, 2, 0, 0, 0, 1, 3, 0, 0, 0, 0, 1, 0, 0, 2, 1, 1, 1, 1, 0, 0, 0, 0, 2, 1, 0, 0, 0, 1, 3, 0, 0, 1, 0, 1, 0, 1, 2, 0, 0, 2, 1, 0, 2, 1, 1, 0, 3, 1, 3, 0, 0, 0, 2, 0, 0, 0, 0, 0, 1, 0, 0, 0, 1, 0, 0, 2, 1, 0, 1, 0, 0, 1, 1, 0, 0, 2],733.3116759547878,58140.55643565909,96674.14109675489,false
23,G4_BALANCED,G4_BALANCED,[31, 11, 15, 82, 26, 9, 95, 32, 77, 68, 47, 5, 93, 78, 86, 54, 85, 63, 18, 44, 20, 49, 36, 14, 74, 50, 53, 17, 21, 45, 71, 64, 3, 23, 30, 83, 24, 41, 60, 52, 65, 27, 90, 70, 39, 87, 48, 69, 99, 4, 46, 1, 13, 58, 97, 59, 28, 75, 73, 37, 35, 79, 22, 66, 76, 42, 40, 80, 96, 6, 16, 61, 33, 7, 57, 34, 12, 67, 10, 98, 56, 88, 29, 94, 91, 51, 19, 92, 43, 84, 38, 72, 81, 8, 2, 55, 62, 89, 25, 0]|[2, 1, 1, 2, 1, 2, 1, 1, 1, 1, 1, 0, 2, 2, 1, 2, 0, 0, 0, 2, 2, 1, 0, 2, 0, 2, 2, 1, 0, 1, 1, 1, 0, 0, 1, 0, 2, 1, 2, 2, 0, 0, 1, 1, 0, 2, 0, 2, 1, 0, 0, 2, 0, 0, 2, 0, 1, 0, 0, 0, 2, 1, 0, 2, 2, 0, 2, 2, 0, 1, 2, 1, 1, 2, 0, 1, 1, 1, 1, 2, 2, 1, 1, 2, 1, 1, 1, 0, 1, 0, 0, 1, 1, 1, 2, 0, 1, 1, 1, 0]|[1, 3, 2, 0, 4, 1, 4, 4, 2, 4, 3, 2, 1, 0, 2, 1, 1, 1, 2, 1, 1, 3, 0, 1, 0, 1, 1, 4, 1, 4, 3, 2, 2, 0, 4, 1, 1, 4, 0, 1, 2, 1, 4, 4, 1, 1, 0, 2, 3, 1, 2, 1, 2, 1, 1, 2, 4, 2, 0, 2, 2, 3, 1, 0, 1, 2, 0, 1, 2, 4, 1, 3, 4, 1, 2, 4, 3, 3, 3, 1, 1, 4, 3, 1, 3, 3, 4, 2, 4, 2, 2, 4, 1, 3, 1, 2, 3, 4, 4, 2]|[1, 2, 1, 0, 3, 0, 1, 3, 0, 0, 2, 0, 1, 0, 1, 0, 0, 0, 1, 0, 0, 2, 0, 0, 1, 0, 0, 3, 0, 1, 0, 2, 0, 1, 3, 0, 1, 3, 1, 0, 0, 0, 1, 3, 0, 0, 1, 0, 2, 0, 0, 0, 0, 0, 1, 0, 1, 0, 1, 1, 0, 2, 0, 0, 0, 0, 0, 0, 0, 2, 0, 0, 1, 0, 0, 1, 0, 0, 3, 0, 0, 1, 0, 0, 0, 0, 3, 0, 2, 0, 0, 2, 1, 0, 0, 0, 0, 1, 3, 0],836.569815134707,52504.092339752446,107095.57005228325,false
23,G2_TEC,G2_TEC,[31, 22, 82, 15, 26, 9, 95, 42, 77, 68, 47, 5, 93, 78, 86, 54, 85, 63, 18, 44, 20, 49, 36, 14, 74, 50, 53, 17, 21, 28, 11, 64, 3, 23, 30, 83, 24, 41, 40, 52, 65, 27, 90, 70, 39, 87, 48, 69, 99, 4, 46, 1, 13, 58, 97, 59, 45, 8, 73, 37, 35, 79, 71, 66, 76, 32, 60, 80, 96, 6, 16, 61, 33, 7, 57, 34, 12, 67, 10, 98, 56, 88, 29, 75, 91, 38, 19, 92, 43, 84, 51, 72, 81, 25, 2, 55, 62, 89, 94, 0]|[2, 1, 2, 1, 1, 2, 1, 1, 1, 1, 1, 0, 2, 2, 1, 2, 0, 0, 0, 2, 2, 1, 0, 2, 0, 2, 2, 1, 0, 1, 1, 1, 0, 0, 1, 0, 2, 1, 2, 2, 0, 0, 1, 1, 0, 2, 0, 2, 1, 0, 0, 2, 0, 0, 2, 0, 1, 1, 0, 0, 2, 1, 1, 2, 2, 0, 2, 2, 0, 1, 2, 1, 1, 2, 0, 1, 1, 1, 1, 2, 2, 1, 1, 0, 1, 0, 1, 0, 1, 0, 1, 1, 1, 1, 2, 0, 1, 1, 2, 0]|[0, 3, 0, 3, 4, 1, 4, 4, 2, 4, 3, 2, 1, 0, 2, 1, 1, 1, 2, 1, 1, 3, 0, 1, 0, 1, 1, 4, 1, 4, 3, 2, 2, 0, 4, 1, 1, 4, 0, 1, 2, 1, 4, 4, 1, 1, 0, 2, 3, 2, 2, 1, 2, 1, 1, 2, 4, 3, 0, 2, 2, 3, 3, 0, 1, 2, 0, 1, 2, 4, 1, 3, 4, 1, 2, 4, 3, 3, 3, 1, 1, 4, 3, 2, 3, 2, 4, 2, 4, 2, 3, 4, 4, 4, 1, 2, 3, 4, 1, 2]|[0, 2, 0, 0, 3, 0, 1, 3, 0, 0, 2, 0, 1, 0, 1, 0, 0, 0, 1, 0, 0, 2, 0, 0, 1, 0, 0, 3, 0, 1, 0, 2, 0, 0, 3, 0, 1, 3, 0, 0, 0, 0, 1, 3, 0, 0, 1, 0, 2, 0, 0, 0, 0, 0, 1, 0, 1, 0, 1, 1, 0, 2, 0, 0, 0, 0, 0, 0, 0, 2, 0, 0, 1, 0, 0, 1, 0, 0, 3, 0, 0, 1, 0, 0, 0, 0, 1, 0, 2, 0, 0, 2, 1, 3, 0, 0, 0, 1, 0, 0],896.1029292898813,50428.13444364295,114595.46915086164,false
23,G3_TWC,G1_CMAX,[31, 22, 82, 15, 26, 9, 42, 95, 77, 12, 47, 5, 93, 78, 86, 54, 85, 63, 18, 44, 20, 35, 43, 97, 91, 76, 10, 30, 21, 45, 71, 64, 1, 23, 17, 83, 24, 14, 60, 36, 6, 57, 94, 88, 65, 56, 79, 40, 67, 68, 46, 75, 38, 58, 19, 32, 81, 41, 27, 62, 87, 90, 99, 59, 11, 16, 72, 73, 70, 39, 37, 84, 3, 92, 25, 55, 28, 29, 51, 7, 33, 61, 98, 66, 89, 50, 8, 96, 53, 4, 80, 13, 34, 49, 52, 0, 48, 69, 2, 74]|[1, 1, 0, 1, 1, 1, 2, 1, 2, 1, 2, 2, 2, 1, 1, 0, 0, 1, 0, 2, 2, 0, 1, 2, 0, 1, 2, 2, 0, 0, 1, 2, 1, 2, 1, 0, 2, 0, 1, 1, 0, 1, 1, 1, 0, 2, 1, 1, 0, 0, 0, 0, 1, 1, 2, 1, 2, 0, 0, 0, 2, 1, 0, 1, 2, 1, 2, 1, 1, 1, 1, 1, 1, 0, 1, 1, 0, 0, 0, 1, 2, 1, 0, 2, 1, 0, 1, 0, 0, 0, 0, 0, 2, 0, 1, 0, 0, 1, 0, 2]|[4, 3, 2, 2, 0, 0, 2, 2, 2, 4, 1, 1, 2, 4, 4, 1, 2, 4, 2, 1, 1, 1, 1, 2, 1, 2, 1, 1, 1, 1, 3, 2, 3, 0, 4, 0, 1, 1, 0, 3, 2, 2, 4, 0, 1, 1, 0, 2, 0, 1, 2, 2, 1, 4, 0, 3, 2, 1, 1, 2, 1, 3, 1, 1, 1, 3, 0, 4, 3, 1, 4, 1, 1, 0, 4, 4, 2, 1, 1, 3, 1, 3, 1, 1, 1, 1, 3, 1, 2, 2, 1, 1, 1, 1, 1, 2, 2, 3, 2, 1]|[0, 2, 1, 1, 3, 3, 0, 1, 0, 0, 0, 0, 1, 0, 1, 0, 0, 3, 1, 0, 0, 0, 3, 1, 0, 2, 0, 0, 0, 1, 0, 0, 0, 0, 3, 0, 1, 0, 0, 2, 1, 1, 2, 0, 0, 0, 0, 1, 1, 0, 0, 0, 1, 3, 0, 0, 1, 0, 0, 1, 0, 2, 0, 1, 0, 2, 1, 0, 0, 1, 1, 3, 1, 1, 3, 3, 1, 0, 0, 2, 0, 0, 0, 0, 1, 0, 2, 0, 1, 1, 0, 0, 0, 1, 1, 0, 0, 0, 0, 0],800.9728923351585,58117.763115372225,90558.04465999853,true
23,G1_CMAX,G1_CMAX,[31, 22, 82, 15, 26, 9, 42, 77, 12, 5, 47, 93, 78, 86, 54, 6, 63, 18, 44, 20, 35, 43, 97, 91, 76, 10, 30, 21, 45, 17, 23, 1, 71, 83, 24, 14, 60, 36, 85, 57, 40, 95, 88, 65, 56, 79, 94, 67, 68, 46, 75, 38, 58, 19, 32, 81, 41, 62, 87, 28, 90, 59, 11, 16, 72, 73, 69, 52, 37, 64, 84, 3, 25, 29, 55, 51, 7, 98, 61, 66, 99, 33, 89, 48, 50, 96, 53, 80, 4, 8, 27, 2, 39, 13, 0, 92, 49, 74, 34, 70]|[1, 1, 0, 1, 1, 1, 2, 2, 1, 2, 2, 1, 1, 1, 0, 0, 1, 0, 2, 2, 0, 1, 2, 2, 1, 2, 2, 0, 0, 1, 2, 1, 1, 0, 2, 0, 1, 1, 0, 1, 1, 1, 1, 0, 2, 1, 1, 0, 0, 0, 0, 1, 1, 2, 1, 2, 0, 0, 2, 0, 1, 2, 2, 1, 2, 1, 1, 1, 1, 1, 1, 2, 1, 0, 2, 0, 1, 2, 1, 0, 0, 2, 1, 0, 0, 2, 0, 0, 1, 1, 0, 0, 1, 0, 0, 0, 0, 2, 2, 1]|[0, 3, 1, 2, 0, 0, 1, 1, 4, 1, 1, 4, 4, 4, 2, 2, 4, 2, 1, 1, 1, 1, 2, 1, 2, 1, 1, 1, 1, 4, 0, 3, 3, 0, 1, 1, 0, 3, 2, 2, 2, 2, 0, 1, 1, 0, 4, 0, 1, 2, 2, 1, 4, 0, 3, 2, 1, 2, 1, 2, 3, 1, 1, 3, 0, 4, 4, 1, 4, 3, 1, 2, 4, 1, 1, 1, 1, 1, 3, 1, 1, 1, 1, 1, 1, 1, 2, 1, 4, 3, 2, 2, 1, 2, 2, 0, 1, 1, 1, 4]|[1, 1, 1, 1, 3, 3, 0, 0, 0, 0, 0, 2, 0, 1, 0, 0, 3, 1, 0, 0, 0, 3, 1, 0, 2, 0, 0, 0, 1, 3, 0, 0, 0, 0, 1, 0, 0, 2, 1, 1, 1, 1, 0, 0, 0, 0, 2, 1, 0, 0, 0, 1, 3, 0, 0, 1, 0, 1, 0, 1, 2, 0, 0, 2, 1, 0, 2, 1, 1, 0, 3, 1, 3, 0, 0, 0, 2, 0, 0, 0, 0, 0, 1, 0, 0, 0, 1, 0, 0, 2, 1, 0, 1, 0, 0, 1, 1, 0, 0, 2],733.3116759547878,58140.55643565909,96674.14109675489,false
23,G4_BALANCED,G4_BALANCED,[31, 11, 15, 82, 26, 9, 95, 32, 77, 68, 47, 5, 93, 78, 86, 54, 85, 63, 18, 44, 20, 49, 36, 14, 74, 50, 53, 17, 21, 45, 71, 64, 3, 23, 30, 83, 24, 41, 60, 52, 65, 27, 90, 70, 39, 87, 48, 69, 99, 4, 46, 1, 13, 58, 97, 59, 28, 75, 73, 37, 35, 79, 22, 66, 76, 42, 40, 80, 96, 6, 16, 61, 33, 7, 57, 34, 12, 67, 10, 98, 56, 88, 29, 94, 91, 51, 19, 92, 43, 84, 38, 72, 81, 8, 2, 55, 62, 89, 25, 0]|[2, 1, 1, 2, 1, 2, 1, 1, 1, 1, 1, 0, 2, 2, 1, 2, 0, 0, 0, 2, 2, 1, 0, 2, 0, 2, 2, 1, 0, 1, 1, 1, 0, 0, 1, 0, 2, 1, 2, 2, 0, 0, 1, 1, 0, 2, 0, 2, 1, 0, 0, 2, 0, 0, 2, 0, 1, 0, 0, 0, 2, 1, 0, 2, 2, 0, 2, 2, 0, 1, 2, 1, 1, 2, 0, 1, 1, 1, 1, 2, 2, 1, 1, 2, 1, 1, 1, 0, 1, 0, 0, 1, 1, 1, 2, 0, 1, 1, 1, 0]|[1, 3, 2, 0, 4, 1, 4, 4, 2, 4, 3, 2, 1, 0, 2, 1, 1, 1, 2, 1, 1, 3, 0, 1, 0, 1, 1, 4, 1, 4, 3, 2, 2, 0, 4, 1, 1, 4, 0, 1, 2, 1, 4, 4, 1, 1, 0, 2, 3, 1, 2, 1, 2, 1, 1, 2, 4, 2, 0, 2, 2, 3, 1, 0, 1, 2, 0, 1, 2, 4, 1, 3, 4, 1, 2, 4, 3, 3, 3, 1, 1, 4, 3, 1, 3, 3, 4, 2, 4, 2, 2, 4, 1, 3, 1, 2, 3, 4, 4, 2]|[1, 2, 1, 0, 3, 0, 1, 3, 0, 0, 2, 0, 1, 0, 1, 0, 0, 0, 1, 0, 0, 2, 0, 0, 1, 0, 0, 3, 0, 1, 0, 2, 0, 1, 3, 0, 1, 3, 1, 0, 0, 0, 1, 3, 0, 0, 1, 0, 2, 0, 0, 0, 0, 0, 1, 0, 1, 0, 1, 1, 0, 2, 0, 0, 0, 0, 0, 0, 0, 2, 0, 0, 1, 0, 0, 1, 0, 0, 3, 0, 0, 1, 0, 0, 0, 0, 3, 0, 2, 0, 0, 2, 1, 0, 0, 0, 0, 1, 3, 0],836.569815134707,52504.092339752446,107095.57005228325,false
23,G2_TEC,G2_TEC,[31, 22, 82, 15, 26, 9, 95, 42, 77, 68, 47, 5, 93, 78, 86, 54, 85, 63, 18, 44, 20, 49, 36, 14, 74, 50, 53, 17, 21, 28, 11, 64, 3, 23, 30, 83, 24, 41, 40, 52, 65, 27, 90, 70, 39, 87, 48, 69, 99, 4, 46, 1, 13, 58, 97, 59, 45, 8, 73, 37, 35, 79, 71, 66, 76, 32, 60, 80, 96, 6, 16, 61, 33, 7, 57, 34, 12, 67, 10, 98, 56, 88, 29, 75, 91, 38, 19, 92, 43, 84, 51, 72, 81, 25, 2, 55, 62, 89, 94, 0]|[2, 1, 2, 1, 1, 2, 1, 1, 1, 1, 1, 0, 2, 2, 1, 2, 0, 0, 0, 2, 2, 1, 0, 2, 0, 2, 2, 1, 0, 1, 1, 1, 0, 0, 1, 0, 2, 1, 2, 2, 0, 0, 1, 1, 0, 2, 0, 2, 1, 0, 0, 2, 0, 0, 2, 0, 1, 1, 0, 0, 2, 1, 1, 2, 2, 0, 2, 2, 0, 1, 2, 1, 1, 2, 0, 1, 1, 1, 1, 2, 2, 1, 1, 0, 1, 0, 1, 0, 1, 0, 1, 1, 1, 1, 2, 0, 1, 1, 2, 0]|[0, 3, 0, 3, 4, 1, 4, 4, 2, 4, 3, 2, 1, 0, 2, 1, 1, 1, 2, 1, 1, 3, 0, 1, 0, 1, 1, 4, 1, 4, 3, 2, 2, 0, 4, 1, 1, 4, 0, 1, 2, 1, 4, 4, 1, 1, 0, 2, 3, 2, 2, 1, 2, 1, 1, 2, 4, 3, 0, 2, 2, 3, 3, 0, 1, 2, 0, 1, 2, 4, 1, 3, 4, 1, 2, 4, 3, 3, 3, 1, 1, 4, 3, 2, 3, 2, 4, 2, 4, 2, 3, 4, 4, 4, 1, 2, 3, 4, 1, 2]|[0, 2, 0, 0, 3, 0, 1, 3, 0, 0, 2, 0, 1, 0, 1, 0, 0, 0, 1, 0, 0, 2, 0, 0, 1, 0, 0, 3, 0, 1, 0, 2, 0, 0, 3, 0, 1, 3, 0, 0, 0, 0, 1, 3, 0, 0, 1, 0, 2, 0, 0, 0, 0, 0, 1, 0, 1, 0, 1, 1, 0, 2, 0, 0, 0, 0, 0, 0, 0, 2, 0, 0, 1, 0, 0, 1, 0, 0, 3, 0, 0, 1, 0, 0, 0, 0, 1, 0, 2, 0, 0, 2, 1, 3, 0, 0, 0, 1, 0, 0],896.1029292898813,50428.13444364295,114595.46915086164,false
23,G3_TWC,G1_CMAX,[31, 22, 82, 15, 26, 9, 42, 95, 77, 12, 47, 5, 93, 78, 86, 54, 85, 63, 18, 44, 20, 35, 43, 97, 91, 76, 10, 30, 21, 45, 71, 64, 1, 23, 17, 83, 24, 14, 60, 36, 6, 57, 94, 88, 65, 56, 79, 40, 67, 68, 46, 75, 38, 58, 19, 32, 81, 41, 27, 62, 87, 90, 99, 59, 11, 16, 72, 73, 70, 39, 37, 84, 3, 92, 25, 55, 28, 29, 51, 7, 33, 61, 98, 66, 89, 50, 8, 96, 53, 4, 80, 13, 34, 49, 52, 0, 48, 69, 2, 74]|[1, 1, 0, 1, 1, 1, 2, 1, 2, 1, 2, 2, 2, 1, 1, 0, 0, 1, 0, 2, 2, 0, 1, 2, 0, 1, 2, 2, 0, 0, 1, 2, 1, 2, 1, 0, 2, 0, 1, 1, 0, 1, 1, 1, 0, 2, 1, 1, 0, 0, 0, 0, 1, 1, 2, 1, 2, 0, 0, 0, 2, 1, 0, 1, 2, 1, 2, 1, 1, 1, 1, 1, 1, 0, 1, 1, 0, 0, 0, 1, 2, 1, 0, 2, 1, 0, 1, 0, 0, 0, 0, 0, 2, 0, 1, 0, 0, 1, 0, 2]|[4, 3, 2, 2, 0, 0, 2, 2, 2, 4, 1, 1, 2, 4, 4, 1, 2, 4, 2, 1, 1, 1, 1, 2, 1, 2, 1, 1, 1, 1, 3, 2, 3, 0, 4, 0, 1, 1, 0, 3, 2, 2, 4, 0, 1, 1, 0, 2, 0, 1, 2, 2, 1, 4, 0, 3, 2, 1, 1, 2, 1, 3, 1, 1, 1, 3, 0, 4, 3, 1, 4, 1, 1, 0, 4, 4, 2, 1, 1, 3, 1, 3, 1, 1, 1, 1, 3, 1, 2, 2, 1, 1, 1, 1, 1, 2, 2, 3, 2, 1]|[0, 2, 1, 1, 3, 3, 0, 1, 0, 0, 0, 0, 1, 0, 1, 0, 0, 3, 1, 0, 0, 0, 3, 1, 0, 2, 0, 0, 0, 1, 0, 0, 0, 0, 3, 0, 1, 0, 0, 2, 1, 1, 2, 0, 0, 0, 0, 1, 1, 0, 0, 0, 1, 3, 0, 0, 1, 0, 0, 1, 0, 2, 0, 1, 0, 2, 1, 0, 0, 1, 1, 3, 1, 1, 3, 3, 1, 0, 0, 2, 0, 0, 0, 0, 1, 0, 2, 0, 1, 1, 0, 0, 0, 1, 1, 0, 0, 0, 0, 0],800.9728923351585,58117.763115372225,90558.04465999853,true
23,G1_CMAX,G1_CMAX,[31, 22, 82, 15, 26, 9, 42, 77, 12, 5, 47, 93, 78, 86, 54, 6, 63, 18, 44, 20, 35, 43, 97, 91, 76, 10, 30, 21, 45, 17, 23, 1, 71, 83, 24, 14, 60, 36, 85, 57, 40, 95, 88, 65, 56, 79, 94, 67, 68, 46, 75, 38, 58, 19, 32, 81, 41, 62, 87, 28, 90, 59, 11, 16, 72, 73, 69, 52, 37, 64, 84, 3, 25, 29, 55, 51, 7, 98, 61, 66, 99, 33, 89, 48, 50, 96, 53, 80, 4, 8, 27, 2, 39, 13, 0, 92, 49, 74, 34, 70]|[1, 1, 0, 1, 1, 1, 2, 2, 1, 2, 2, 1, 1, 1, 0, 0, 1, 0, 2, 2, 0, 1, 2, 2, 1, 2, 2, 0, 0, 1, 2, 1, 1, 0, 2, 0, 1, 1, 0, 1, 1, 1, 1, 0, 2, 1, 1, 0, 0, 0, 0, 1, 1, 2, 1, 2, 0, 0, 2, 0, 1, 2, 2, 1, 2, 1, 1, 1, 1, 1, 1, 2, 1, 0, 2, 0, 1, 2, 1, 0, 0, 2, 1, 0, 0, 2, 0, 0, 1, 1, 0, 0, 1, 0, 0, 0, 0, 2, 2, 1]|[0, 3, 1, 2, 0, 0, 1, 1, 4, 1, 1, 4, 4, 4, 2, 2, 4, 2, 1, 1, 1, 1, 2, 1, 2, 1, 1, 1, 1, 4, 0, 3, 3, 0, 1, 1, 0, 3, 2, 2, 2, 2, 0, 1, 1, 0, 4, 0, 1, 2, 2, 1, 4, 0, 3, 2, 1, 2, 1, 2, 3, 1, 1, 3, 0, 4, 4, 1, 4, 3, 1, 2, 4, 1, 1, 1, 1, 1, 3, 1, 1, 1, 1, 1, 1, 1, 2, 1, 4, 3, 2, 2, 1, 2, 2, 0, 1, 1, 1, 4]|[1, 1, 1, 1, 3, 3, 0, 0, 0, 0, 0, 2, 0, 1, 0, 0, 3, 1, 0, 0, 0, 3, 1, 0, 2, 0, 0, 0, 1, 3, 0, 0, 0, 0, 1, 0, 0, 2, 1, 1, 1, 1, 0, 0, 0, 0, 2, 1, 0, 0, 0, 1, 3, 0, 0, 1, 0, 1, 0, 1, 2, 0, 0, 2, 1, 0, 2, 1, 1, 0, 3, 1, 3, 0, 0, 0, 2, 0, 0, 0, 0, 0, 1, 0, 0, 0, 1, 0, 0, 2, 1, 0, 1, 0, 0, 1, 1, 0, 0, 2],733.3116759547878,58140.55643565909,96674.14109675489,false
23,G4_BALANCED,G4_BALANCED,[31, 11, 15, 82, 26, 9, 95, 32, 77, 68, 47, 5, 93, 78, 86, 54, 85, 63, 18, 44, 20, 49, 36, 14, 74, 50, 53, 17, 21, 45, 71, 64, 3, 23, 30, 83, 24, 41, 60, 52, 65, 27, 90, 70, 39, 87, 48, 69, 99, 4, 46, 1, 13, 58, 97, 59, 28, 75, 73, 37, 35, 79, 22, 66, 76, 42, 40, 80, 96, 6, 16, 61, 33, 7, 57, 34, 12, 67, 10, 98, 56, 88, 29, 94, 91, 51, 19, 92, 43, 84, 38, 72, 81, 8, 2, 55, 62, 89, 25, 0]|[2, 1, 1, 2, 1, 2, 1, 1, 1, 1, 1, 0, 2, 2, 1, 2, 0, 0, 0, 2, 2, 1, 0, 2, 0, 2, 2, 1, 0, 1, 1, 1, 0, 0, 1, 0, 2, 1, 2, 2, 0, 0, 1, 1, 0, 2, 0, 2, 1, 0, 0, 2, 0, 0, 2, 0, 1, 0, 0, 0, 2, 1, 0, 2, 2, 0, 2, 2, 0, 1, 2, 1, 1, 2, 0, 1, 1, 1, 1, 2, 2, 1, 1, 2, 1, 1, 1, 0, 1, 0, 0, 1, 1, 1, 2, 0, 1, 1, 1, 0]|[1, 3, 2, 0, 4, 1, 4, 4, 2, 4, 3, 2, 1, 0, 2, 1, 1, 1, 2, 1, 1, 3, 0, 1, 0, 1, 1, 4, 1, 4, 3, 2, 2, 0, 4, 1, 1, 4, 0, 1, 2, 1, 4, 4, 1, 1, 0, 2, 3, 1, 2, 1, 2, 1, 1, 2, 4, 2, 0, 2, 2, 3, 1, 0, 1, 2, 0, 1, 2, 4, 1, 3, 4, 1, 2, 4, 3, 3, 3, 1, 1, 4, 3, 1, 3, 3, 4, 2, 4, 2, 2, 4, 1, 3, 1, 2, 3, 4, 4, 2]|[1, 2, 1, 0, 3, 0, 1, 3, 0, 0, 2, 0, 1, 0, 1, 0, 0, 0, 1, 0, 0, 2, 0, 0, 1, 0, 0, 3, 0, 1, 0, 2, 0, 1, 3, 0, 1, 3, 1, 0, 0, 0, 1, 3, 0, 0, 1, 0, 2, 0, 0, 0, 0, 0, 1, 0, 1, 0, 1, 1, 0, 2, 0, 0, 0, 0, 0, 0, 0, 2, 0, 0, 1, 0, 0, 1, 0, 0, 3, 0, 0, 1, 0, 0, 0, 0, 3, 0, 2, 0, 0, 2, 1, 0, 0, 0, 0, 1, 3, 0],836.569815134707,52504.092339752446,107095.57005228325,false
23,G2_TEC,G2_TEC,[31, 22, 82, 15, 26, 9, 95, 42, 77, 68, 47, 5, 93, 78, 86, 54, 85, 63, 18, 44, 20, 49, 36, 14, 74, 50, 53, 17, 21, 28, 11, 64, 3, 23, 30, 83, 24, 41, 40, 52, 65, 27, 90, 70, 39, 87, 48, 69, 99, 4, 46, 1, 13, 58, 97, 59, 45, 8, 73, 37, 35, 79, 71, 66, 76, 32, 60, 80, 96, 6, 16, 61, 33, 7, 57, 34, 12, 67, 10, 98, 56, 88, 29, 75, 91, 38, 19, 92, 43, 84, 51, 72, 81, 25, 2, 55, 62, 89, 94, 0]|[2, 1, 2, 1, 1, 2, 1, 1, 1, 1, 1, 0, 2, 2, 1, 2, 0, 0, 0, 2, 2, 1, 0, 2, 0, 2, 2, 1, 0, 1, 1, 1, 0, 0, 1, 0, 2, 1, 2, 2, 0, 0, 1, 1, 0, 2, 0, 2, 1, 0, 0, 2, 0, 0, 2, 0, 1, 1, 0, 0, 2, 1, 1, 2, 2, 0, 2, 2, 0, 1, 2, 1, 1, 2, 0, 1, 1, 1, 1, 2, 2, 1, 1, 0, 1, 0, 1, 0, 1, 0, 1, 1, 1, 1, 2, 0, 1, 1, 2, 0]|[0, 3, 0, 3, 4, 1, 4, 4, 2, 4, 3, 2, 1, 0, 2, 1, 1, 1, 2, 1, 1, 3, 0, 1, 0, 1, 1, 4, 1, 4, 3, 2, 2, 0, 4, 1, 1, 4, 0, 1, 2, 1, 4, 4, 1, 1, 0, 2, 3, 2, 2, 1, 2, 1, 1, 2, 4, 3, 0, 2, 2, 3, 3, 0, 1, 2, 0, 1, 2, 4, 1, 3, 4, 1, 2, 4, 3, 3, 3, 1, 1, 4, 3, 2, 3, 2, 4, 2, 4, 2, 3, 4, 4, 4, 1, 2, 3, 4, 1, 2]|[0, 2, 0, 0, 3, 0, 1, 3, 0, 0, 2, 0, 1, 0, 1, 0, 0, 0, 1, 0, 0, 2, 0, 0, 1, 0, 0, 3, 0, 1, 0, 2, 0, 0, 3, 0, 1, 3, 0, 0, 0, 0, 1, 3, 0, 0, 1, 0, 2, 0, 0, 0, 0, 0, 1, 0, 1, 0, 1, 1, 0, 2, 0, 0, 0, 0, 0, 0, 0, 2, 0, 0, 1, 0, 0, 1, 0, 0, 3, 0, 0, 1, 0, 0, 0, 0, 1, 0, 2, 0, 0, 2, 1, 3, 0, 0, 0, 1, 0, 0],896.1029292898813,50428.13444364295,114595.46915086164,false
23,G3_TWC,G1_CMAX,[31, 22, 82, 15, 26, 9, 42, 95, 77, 12, 47, 5, 93, 78, 86, 54, 85, 63, 18, 44, 20, 35, 43, 97, 91, 76, 10, 30, 21, 45, 71, 64, 1, 23, 17, 83, 24, 14, 60, 36, 6, 57, 94, 88, 65, 56, 79, 40, 67, 68, 46, 75, 38, 58, 19, 32, 81, 41, 27, 62, 87, 90, 99, 59, 11, 16, 72, 73, 70, 39, 37, 84, 3, 92, 25, 55, 28, 29, 51, 7, 33, 61, 98, 66, 89, 50, 8, 96, 53, 4, 80, 13, 34, 49, 52, 0, 48, 69, 2, 74]|[1, 1, 0, 1, 1, 1, 2, 1, 2, 1, 2, 2, 2, 1, 1, 0, 0, 1, 0, 2, 2, 0, 1, 2, 0, 1, 2, 2, 0, 0, 1, 2, 1, 2, 1, 0, 2, 0, 1, 1, 0, 1, 1, 1, 0, 2, 1, 1, 0, 0, 0, 0, 1, 1, 2, 1, 2, 0, 0, 0, 2, 1, 0, 1, 2, 1, 2, 1, 1, 1, 1, 1, 1, 0, 1, 1, 0, 0, 0, 1, 2, 1, 0, 2, 1, 0, 1, 0, 0, 0, 0, 0, 2, 0, 1, 0, 0, 1, 0, 2]|[4, 3, 2, 2, 0, 0, 2, 2, 2, 4, 1, 1, 2, 4, 4, 1, 2, 4, 2, 1, 1, 1, 1, 2, 1, 2, 1, 1, 1, 1, 3, 2, 3, 0, 4, 0, 1, 1, 0, 3, 2, 2, 4, 0, 1, 1, 0, 2, 0, 1, 2, 2, 1, 4, 0, 3, 2, 1, 1, 2, 1, 3, 1, 1, 1, 3, 0, 4, 3, 1, 4, 1, 1, 0, 4, 4, 2, 1, 1, 3, 1, 3, 1, 1, 1, 1, 3, 1, 2, 2, 1, 1, 1, 1, 1, 2, 2, 3, 2, 1]|[0, 2, 1, 1, 3, 3, 0, 1, 0, 0, 0, 0, 1, 0, 1, 0, 0, 3, 1, 0, 0, 0, 3, 1, 0, 2, 0, 0, 0, 1, 0, 0, 0, 0, 3, 0, 1, 0, 0, 2, 1, 1, 2, 0, 0, 0, 0, 1, 1, 0, 0, 0, 1, 3, 0, 0, 1, 0, 0, 1, 0, 2, 0, 1, 0, 2, 1, 0, 0, 1, 1, 3, 1, 1, 3, 3, 1, 0, 0, 2, 0, 0, 0, 0, 1, 0, 2, 0, 1, 1, 0, 0, 0, 1, 1, 0, 0, 0, 0, 0],800.9728923351585,58117.763115372225,90558.04465999853,true
23,G1_CMAX,G1_CMAX,[31, 22, 82, 15, 26, 9, 42, 77, 12, 5, 47, 93, 78, 86, 54, 6, 63, 18, 44, 20, 35, 43, 97, 91, 76, 10, 30, 21, 45, 17, 23, 1, 71, 83, 24, 14, 60, 36, 85, 57, 40, 95, 88, 65, 56, 79, 94, 67, 68, 46, 75, 38, 58, 19, 32, 81, 41, 62, 87, 28, 90, 59, 11, 16, 72, 73, 69, 52, 37, 64, 84, 3, 25, 29, 55, 51, 7, 98, 61, 66, 99, 33, 89, 48, 50, 96, 53, 80, 4, 8, 27, 2, 39, 13, 0, 92, 49, 74, 34, 70]|[1, 1, 0, 1, 1, 1, 2, 2, 1, 2, 2, 1, 1, 1, 0, 0, 1, 0, 2, 2, 0, 1, 2, 2, 1, 2, 2, 0, 0, 1, 2, 1, 1, 0, 2, 0, 1, 1, 0, 1, 1, 1, 1, 0, 2, 1, 1, 0, 0, 0, 0, 1, 1, 2, 1, 2, 0, 0, 2, 0, 1, 2, 2, 1, 2, 1, 1, 1, 1, 1, 1, 2, 1, 0, 2, 0, 1, 2, 1, 0, 0, 2, 1, 0, 0, 2, 0, 0, 1, 1, 0, 0, 1, 0, 0, 0, 0, 2, 2, 1]|[0, 3, 1, 2, 0, 0, 1, 1, 4, 1, 1, 4, 4, 4, 2, 2, 4, 2, 1, 1, 1, 1, 2, 1, 2, 1, 1, 1, 1, 4, 0, 3, 3, 0, 1, 1, 0, 3, 2, 2, 2, 2, 0, 1, 1, 0, 4, 0, 1, 2, 2, 1, 4, 0, 3, 2, 1, 2, 1, 2, 3, 1, 1, 3, 0, 4, 4, 1, 4, 3, 1, 2, 4, 1, 1, 1, 1, 1, 3, 1, 1, 1, 1, 1, 1, 1, 2, 1, 4, 3, 2, 2, 1, 2, 2, 0, 1, 1, 1, 4]|[1, 1, 1, 1, 3, 3, 0, 0, 0, 0, 0, 2, 0, 1, 0, 0, 3, 1, 0, 0, 0, 3, 1, 0, 2, 0, 0, 0, 1, 3, 0, 0, 0, 0, 1, 0, 0, 2, 1, 1, 1, 1, 0, 0, 0, 0, 2, 1, 0, 0, 0, 1, 3, 0, 0, 1, 0, 1, 0, 1, 2, 0, 0, 2, 1, 0, 2, 1, 1, 0, 3, 1, 3, 0, 0, 0, 2, 0, 0, 0, 0, 0, 1, 0, 0, 0, 1, 0, 0, 2, 1, 0, 1, 0, 0, 1, 1, 0, 0, 2],733.3116759547878,58140.55643565909,96674.14109675489,false
23,G4_BALANCED,G4_BALANCED,[31, 11, 15, 82, 26, 9, 95, 32, 77, 68, 47, 5, 93, 78, 86, 54, 85, 63, 18, 44, 20, 49, 36, 14, 74, 50, 53, 17, 21, 45, 71, 64, 3, 23, 30, 83, 24, 41, 60, 52, 65, 27, 90, 70, 39, 87, 48, 69, 99, 4, 46, 1, 13, 58, 97, 59, 28, 75, 73, 37, 35, 79, 22, 66, 76, 42, 40, 80, 96, 6, 16, 61, 33, 7, 57, 34, 12, 67, 10, 98, 56, 88, 29, 94, 91, 51, 19, 92, 43, 84, 38, 72, 81, 8, 2, 55, 62, 89, 25, 0]|[2, 1, 1, 2, 1, 2, 1, 1, 1, 1, 1, 0, 2, 2, 1, 2, 0, 0, 0, 2, 2, 1, 0, 2, 0, 2, 2, 1, 0, 1, 1, 1, 0, 0, 1, 0, 2, 1, 2, 2, 0, 0, 1, 1, 0, 2, 0, 2, 1, 0, 0, 2, 0, 0, 2, 0, 1, 0, 0, 0, 2, 1, 0, 2, 2, 0, 2, 2, 0, 1, 2, 1, 1, 2, 0, 1, 1, 1, 1, 2, 2, 1, 1, 2, 1, 1, 1, 0, 1, 0, 0, 1, 1, 1, 2, 0, 1, 1, 1, 0]|[1, 3, 2, 0, 4, 1, 4, 4, 2, 4, 3, 2, 1, 0, 2, 1, 1, 1, 2, 1, 1, 3, 0, 1, 0, 1, 1, 4, 1, 4, 3, 2, 2, 0, 4, 1, 1, 4, 0, 1, 2, 1, 4, 4, 1, 1, 0, 2, 3, 1, 2, 1, 2, 1, 1, 2, 4, 2, 0, 2, 2, 3, 1, 0, 1, 2, 0, 1, 2, 4, 1, 3, 4, 1, 2, 4, 3, 3, 3, 1, 1, 4, 3, 1, 3, 3, 4, 2, 4, 2, 2, 4, 1, 3, 1, 2, 3, 4, 4, 2]|[1, 2, 1, 0, 3, 0, 1, 3, 0, 0, 2, 0, 1, 0, 1, 0, 0, 0, 1, 0, 0, 2, 0, 0, 1, 0, 0, 3, 0, 1, 0, 2, 0, 1, 3, 0, 1, 3, 1, 0, 0, 0, 1, 3, 0, 0, 1, 0, 2, 0, 0, 0, 0, 0, 1, 0, 1, 0, 1, 1, 0, 2, 0, 0, 0, 0, 0, 0, 0, 2, 0, 0, 1, 0, 0, 1, 0, 0, 3, 0, 0, 1, 0, 0, 0, 0, 3, 0, 2, 0, 0, 2, 1, 0, 0, 0, 0, 1, 3, 0],836.569815134707,52504.092339752446,107095.57005228325,false
23,G2_TEC,G2_TEC,[31, 22, 82, 15, 26, 9, 95, 42, 77, 68, 47, 5, 93, 78, 86, 54, 85, 63, 18, 44, 20, 49, 36, 14, 74, 50, 53, 17, 21, 28, 11, 64, 3, 23, 30, 83, 24, 41, 40, 52, 65, 27, 90, 70, 39, 87, 48, 69, 99, 4, 46, 1, 13, 58, 97, 59, 45, 8, 73, 37, 35, 79, 71, 66, 76, 32, 60, 80, 96, 6, 16, 61, 33, 7, 57, 34, 12, 67, 10, 98, 56, 88, 29, 75, 91, 38, 19, 92, 43, 84, 51, 72, 81, 25, 2, 55, 62, 89, 94, 0]|[2, 1, 2, 1, 1, 2, 1, 1, 1, 1, 1, 0, 2, 2, 1, 2, 0, 0, 0, 2, 2, 1, 0, 2, 0, 2, 2, 1, 0, 1, 1, 1, 0, 0, 1, 0, 2, 1, 2, 2, 0, 0, 1, 1, 0, 2, 0, 2, 1, 0, 0, 2, 0, 0, 2, 0, 1, 1, 0, 0, 2, 1, 1, 2, 2, 0, 2, 2, 0, 1, 2, 1, 1, 2, 0, 1, 1, 1, 1, 2, 2, 1, 1, 0, 1, 0, 1, 0, 1, 0, 1, 1, 1, 1, 2, 0, 1, 1, 2, 0]|[0, 3, 0, 3, 4, 1, 4, 4, 2, 4, 3, 2, 1, 0, 2, 1, 1, 1, 2, 1, 1, 3, 0, 1, 0, 1, 1, 4, 1, 4, 3, 2, 2, 0, 4, 1, 1, 4, 0, 1, 2, 1, 4, 4, 1, 1, 0, 2, 3, 2, 2, 1, 2, 1, 1, 2, 4, 3, 0, 2, 2, 3, 3, 0, 1, 2, 0, 1, 2, 4, 1, 3, 4, 1, 2, 4, 3, 3, 3, 1, 1, 4, 3, 2, 3, 2, 4, 2, 4, 2, 3, 4, 4, 4, 1, 2, 3, 4, 1, 2]|[0, 2, 0, 0, 3, 0, 1, 3, 0, 0, 2, 0, 1, 0, 1, 0, 0, 0, 1, 0, 0, 2, 0, 0, 1, 0, 0, 3, 0, 1, 0, 2, 0, 0, 3, 0, 1, 3, 0, 0, 0, 0, 1, 3, 0, 0, 1, 0, 2, 0, 0, 0, 0, 0, 1, 0, 1, 0, 1, 1, 0, 2, 0, 0, 0, 0, 0, 0, 0, 2, 0, 0, 1, 0, 0, 1, 0, 0, 3, 0, 0, 1, 0, 0, 0, 0, 1, 0, 2, 0, 0, 2, 1, 3, 0, 0, 0, 1, 0, 0],896.1029292898813,50428.13444364295,114595.46915086164,false
23,G3_TWC,G1_CMAX,[31, 22, 82, 15, 26, 9, 42, 95, 77, 12, 47, 5, 93, 78, 86, 54, 85, 63, 18, 44, 20, 35, 43, 97, 91, 76, 10, 30, 21, 45, 71, 64, 1, 23, 17, 83, 24, 14, 60, 36, 6, 57, 94, 88, 65, 56, 79, 40, 67, 68, 46, 75, 38, 58, 19, 32, 81, 41, 27, 62, 87, 90, 99, 59, 11, 16, 72, 73, 70, 39, 37, 84, 3, 92, 25, 55, 28, 29, 51, 7, 33, 61, 98, 66, 89, 50, 8, 96, 53, 4, 80, 13, 34, 49, 52, 0, 48, 69, 2, 74]|[1, 1, 0, 1, 1, 1, 2, 1, 2, 1, 2, 2, 2, 1, 1, 0, 0, 1, 0, 2, 2, 0, 1, 2, 0, 1, 2, 2, 0, 0, 1, 2, 1, 2, 1, 0, 2, 0, 1, 1, 0, 1, 1, 1, 0, 2, 1, 1, 0, 0, 0, 0, 1, 1, 2, 1, 2, 0, 0, 0, 2, 1, 0, 1, 2, 1, 2, 1, 1, 1, 1, 1, 1, 0, 1, 1, 0, 0, 0, 1, 2, 1, 0, 2, 1, 0, 1, 0, 0, 0, 0, 0, 2, 0, 1, 0, 0, 1, 0, 2]|[4, 3, 2, 2, 0, 0, 2, 2, 2, 4, 1, 1, 2, 4, 4, 1, 2, 4, 2, 1, 1, 1, 1, 2, 1, 2, 1, 1, 1, 1, 3, 2, 3, 0, 4, 0, 1, 1, 0, 3, 2, 2, 4, 0, 1, 1, 0, 2, 0, 1, 2, 2, 1, 4, 0, 3, 2, 1, 1, 2, 1, 3, 1, 1, 1, 3, 0, 4, 3, 1, 4, 1, 1, 0, 4, 4, 2, 1, 1, 3, 1, 3, 1, 1, 1, 1, 3, 1, 2, 2, 1, 1, 1, 1, 1, 2, 2, 3, 2, 1]|[0, 2, 1, 1, 3, 3, 0, 1, 0, 0, 0, 0, 1, 0, 1, 0, 0, 3, 1, 0, 0, 0, 3, 1, 0, 2, 0, 0, 0, 1, 0, 0, 0, 0, 3, 0, 1, 0, 0, 2, 1, 1, 2, 0, 0, 0, 0, 1, 1, 0, 0, 0, 1, 3, 0, 0, 1, 0, 0, 1, 0, 2, 0, 1, 0, 2, 1, 0, 0, 1, 1, 3, 1, 1, 3, 3, 1, 0, 0, 2, 0, 0, 0, 0, 1, 0, 2, 0, 1, 1, 0, 0, 0, 1, 1, 0, 0, 0, 0, 0],800.9728923351585,58117.763115372225,90558.04465999853,true
23,G1_CMAX,G1_CMAX,[31, 22, 82, 15, 26, 9, 42, 77, 12, 5, 47, 93, 78, 86, 54, 6, 63, 18, 44, 20, 35, 43, 97, 91, 76, 10, 30, 21, 45, 17, 23, 1, 71, 83, 24, 14, 60, 36, 85, 57, 40, 95, 88, 65, 56, 79, 94, 67, 68, 46, 75, 38, 58, 19, 32, 81, 41, 62, 87, 28, 90, 59, 11, 16, 72, 73, 69, 52, 37, 64, 84, 3, 25, 29, 55, 51, 7, 98, 61, 66, 99, 33, 89, 48, 50, 96, 53, 80, 4, 8, 27, 2, 39, 13, 0, 92, 49, 74, 34, 70]|[1, 1, 0, 1, 1, 1, 2, 2, 1, 2, 2, 1, 1, 1, 0, 0, 1, 0, 2, 2, 0, 1, 2, 2, 1, 2, 2, 0, 0, 1, 2, 1, 1, 0, 2, 0, 1, 1, 0, 1, 1, 1, 1, 0, 2, 1, 1, 0, 0, 0, 0, 1, 1, 2, 1, 2, 0, 0, 2, 0, 1, 2, 2, 1, 2, 1, 1, 1, 1, 1, 1, 2, 1, 0, 2, 0, 1, 2, 1, 0, 0, 2, 1, 0, 0, 2, 0, 0, 1, 1, 0, 0, 1, 0, 0, 0, 0, 2, 2, 1]|[0, 3, 1, 2, 0, 0, 1, 1, 4, 1, 1, 4, 4, 4, 2, 2, 4, 2, 1, 1, 1, 1, 2, 1, 2, 1, 1, 1, 1, 4, 0, 3, 3, 0, 1, 1, 0, 3, 2, 2, 2, 2, 0, 1, 1, 0, 4, 0, 1, 2, 2, 1, 4, 0, 3, 2, 1, 2, 1, 2, 3, 1, 1, 3, 0, 4, 4, 1, 4, 3, 1, 2, 4, 1, 1, 1, 1, 1, 3, 1, 1, 1, 1, 1, 1, 1, 2, 1, 4, 3, 2, 2, 1, 2, 2, 0, 1, 1, 1, 4]|[1, 1, 1, 1, 3, 3, 0, 0, 0, 0, 0, 2, 0, 1, 0, 0, 3, 1, 0, 0, 0, 3, 1, 0, 2, 0, 0, 0, 1, 3, 0, 0, 0, 0, 1, 0, 0, 2, 1, 1, 1, 1, 0, 0, 0, 0, 2, 1, 0, 0, 0, 1, 3, 0, 0, 1, 0, 1, 0, 1, 2, 0, 0, 2, 1, 0, 2, 1, 1, 0, 3, 1, 3, 0, 0, 0, 2, 0, 0, 0, 0, 0, 1, 0, 0, 0, 1, 0, 0, 2, 1, 0, 1, 0, 0, 1, 1, 0, 0, 2],733.3116759547878,58140.55643565909,96674.14109675489,false
23,G4_BALANCED,G4_BALANCED,[31, 11, 15, 82, 26, 9, 95, 32, 77, 68, 47, 5, 93, 78, 86, 54, 85, 63, 18, 44, 20, 49, 36, 14, 74, 50, 53, 17, 21, 45, 71, 64, 3, 23, 30, 83, 24, 41, 60, 52, 65, 27, 90, 70, 39, 87, 48, 69, 99, 4, 46, 1, 13, 58, 97, 59, 28, 75, 73, 37, 35, 79, 22, 66, 76, 42, 40, 80, 96, 6, 16, 61, 33, 7, 57, 34, 12, 67, 10, 98, 56, 88, 29, 94, 91, 51, 19, 92, 43, 84, 38, 72, 81, 8, 2, 55, 62, 89, 25, 0]|[2, 1, 1, 2, 1, 2, 1, 1, 1, 1, 1, 0, 2, 2, 1, 2, 0, 0, 0, 2, 2, 1, 0, 2, 0, 2, 2, 1, 0, 1, 1, 1, 0, 0, 1, 0, 2, 1, 2, 2, 0, 0, 1, 1, 0, 2, 0, 2, 1, 0, 0, 2, 0, 0, 2, 0, 1, 0, 0, 0, 2, 1, 0, 2, 2, 0, 2, 2, 0, 1, 2, 1, 1, 2, 0, 1, 1, 1, 1, 2, 2, 1, 1, 2, 1, 1, 1, 0, 1, 0, 0, 1, 1, 1, 2, 0, 1, 1, 1, 0]|[1, 3, 2, 0, 4, 1, 4, 4, 2, 4, 3, 2, 1, 0, 2, 1, 1, 1, 2, 1, 1, 3, 0, 1, 0, 1, 1, 4, 1, 4, 3, 2, 2, 0, 4, 1, 1, 4, 0, 1, 2, 1, 4, 4, 1, 1, 0, 2, 3, 1, 2, 1, 2, 1, 1, 2, 4, 2, 0, 2, 2, 3, 1, 0, 1, 2, 0, 1, 2, 4, 1, 3, 4, 1, 2, 4, 3, 3, 3, 1, 1, 4, 3, 1, 3, 3, 4, 2, 4, 2, 2, 4, 1, 3, 1, 2, 3, 4, 4, 2]|[1, 2, 1, 0, 3, 0, 1, 3, 0, 0, 2, 0, 1, 0, 1, 0, 0, 0, 1, 0, 0, 2, 0, 0, 1, 0, 0, 3, 0, 1, 0, 2, 0, 1, 3, 0, 1, 3, 1, 0, 0, 0, 1, 3, 0, 0, 1, 0, 2, 0, 0, 0, 0, 0, 1, 0, 1, 0, 1, 1, 0, 2, 0, 0, 0, 0, 0, 0, 0, 2, 0, 0, 1, 0, 0, 1, 0, 0, 3, 0, 0, 1, 0, 0, 0, 0, 3, 0, 2, 0, 0, 2, 1, 0, 0, 0, 0, 1, 3, 0],836.569815134707,52504.092339752446,107095.57005228325,false
23,G2_TEC,G2_TEC,[31, 22, 82, 15, 26, 9, 95, 42, 77, 68, 47, 5, 93, 78, 86, 54, 85, 63, 18, 44, 20, 49, 36, 14, 74, 50, 53, 17, 21, 28, 11, 64, 3, 23, 30, 83, 24, 41, 40, 52, 65, 27, 90, 70, 39, 87, 48, 69, 99, 4, 46, 1, 13, 58, 97, 59, 45, 8, 73, 37, 35, 79, 71, 66, 76, 32, 60, 80, 96, 6, 16, 61, 33, 7, 57, 34, 12, 67, 10, 98, 56, 88, 29, 75, 91, 38, 19, 92, 43, 84, 51, 72, 81, 25, 2, 55, 62, 89, 94, 0]|[2, 1, 2, 1, 1, 2, 1, 1, 1, 1, 1, 0, 2, 2, 1, 2, 0, 0, 0, 2, 2, 1, 0, 2, 0, 2, 2, 1, 0, 1, 1, 1, 0, 0, 1, 0, 2, 1, 2, 2, 0, 0, 1, 1, 0, 2, 0, 2, 1, 0, 0, 2, 0, 0, 2, 0, 1, 1, 0, 0, 2, 1, 1, 2, 2, 0, 2, 2, 0, 1, 2, 1, 1, 2, 0, 1, 1, 1, 1, 2, 2, 1, 1, 0, 1, 0, 1, 0, 1, 0, 1, 1, 1, 1, 2, 0, 1, 1, 2, 0]|[0, 3, 0, 3, 4, 1, 4, 4, 2, 4, 3, 2, 1, 0, 2, 1, 1, 1, 2, 1, 1, 3, 0, 1, 0, 1, 1, 4, 1, 4, 3, 2, 2, 0, 4, 1, 1, 4, 0, 1, 2, 1, 4, 4, 1, 1, 0, 2, 3, 2, 2, 1, 2, 1, 1, 2, 4, 3, 0, 2, 2, 3, 3, 0, 1, 2, 0, 1, 2, 4, 1, 3, 4, 1, 2, 4, 3, 3, 3, 1, 1, 4, 3, 2, 3, 2, 4, 2, 4, 2, 3, 4, 4, 4, 1, 2, 3, 4, 1, 2]|[0, 2, 0, 0, 3, 0, 1, 3, 0, 0, 2, 0, 1, 0, 1, 0, 0, 0, 1, 0, 0, 2, 0, 0, 1, 0, 0, 3, 0, 1, 0, 2, 0, 0, 3, 0, 1, 3, 0, 0, 0, 0, 1, 3, 0, 0, 1, 0, 2, 0, 0, 0, 0, 0, 1, 0, 1, 0, 1, 1, 0, 2, 0, 0, 0, 0, 0, 0, 0, 2, 0, 0, 1, 0, 0, 1, 0, 0, 3, 0, 0, 1, 0, 0, 0, 0, 1, 0, 2, 0, 0, 2, 1, 3, 0, 0, 0, 1, 0, 0],896.1029292898813,50428.13444364295,114595.46915086164,false
23,G3_TWC,G1_CMAX,[31, 22, 82, 15, 26, 9, 42, 95, 77, 12, 47, 5, 93, 78, 86, 54, 85, 63, 18, 44, 20, 35, 43, 97, 91, 76, 10, 30, 21, 45, 71, 64, 1, 23, 17, 83, 24, 14, 60, 36, 6, 57, 94, 88, 65, 56, 79, 40, 67, 68, 46, 75, 38, 58, 19, 32, 81, 41, 27, 62, 87, 90, 99, 59, 11, 16, 72, 73, 70, 39, 37, 84, 3, 92, 25, 55, 28, 29, 51, 7, 33, 61, 98, 66, 89, 50, 8, 96, 53, 4, 80, 13, 34, 49, 52, 0, 48, 69, 2, 74]|[1, 1, 0, 1, 1, 1, 2, 1, 2, 1, 2, 2, 2, 1, 1, 0, 0, 1, 0, 2, 2, 0, 1, 2, 0, 1, 2, 2, 0, 0, 1, 2, 1, 2, 1, 0, 2, 0, 1, 1, 0, 1, 1, 1, 0, 2, 1, 1, 0, 0, 0, 0, 1, 1, 2, 1, 2, 0, 0, 0, 2, 1, 0, 1, 2, 1, 2, 1, 1, 1, 1, 1, 1, 0, 1, 1, 0, 0, 0, 1, 2, 1, 0, 2, 1, 0, 1, 0, 0, 0, 0, 0, 2, 0, 1, 0, 0, 1, 0, 2]|[4, 3, 2, 2, 0, 0, 2, 2, 2, 4, 1, 1, 2, 4, 4, 1, 2, 4, 2, 1, 1, 1, 1, 2, 1, 2, 1, 1, 1, 1, 3, 2, 3, 0, 4, 0, 1, 1, 0, 3, 2, 2, 4, 0, 1, 1, 0, 2, 0, 1, 2, 2, 1, 4, 0, 3, 2, 1, 1, 2, 1, 3, 1, 1, 1, 3, 0, 4, 3, 1, 4, 1, 1, 0, 4, 4, 2, 1, 1, 3, 1, 3, 1, 1, 1, 1, 3, 1, 2, 2, 1, 1, 1, 1, 1, 2, 2, 3, 2, 1]|[0, 2, 1, 1, 3, 3, 0, 1, 0, 0, 0, 0, 1, 0, 1, 0, 0, 3, 1, 0, 0, 0, 3, 1, 0, 2, 0, 0, 0, 1, 0, 0, 0, 0, 3, 0, 1, 0, 0, 2, 1, 1, 2, 0, 0, 0, 0, 1, 1, 0, 0, 0, 1, 3, 0, 0, 1, 0, 0, 1, 0, 2, 0, 1, 0, 2, 1, 0, 0, 1, 1, 3, 1, 1, 3, 3, 1, 0, 0, 2, 0, 0, 0, 0, 1, 0, 2, 0, 1, 1, 0, 0, 0, 1, 1, 0, 0, 0, 0, 0],800.9728923351585,58117.763115372225,90558.04465999853,true
23,G1_CMAX,G1_CMAX,[31, 22, 82, 15, 26, 9, 42, 77, 12, 5, 47, 93, 78, 86, 54, 6, 63, 18, 44, 20, 35, 43, 97, 91, 76, 10, 30, 21, 45, 17, 23, 1, 71, 83, 24, 14, 60, 36, 85, 57, 40, 95, 88, 65, 56, 79, 94, 67, 68, 46, 75, 38, 58, 19, 32, 81, 41, 62, 87, 28, 90, 59, 11, 16, 72, 73, 69, 52, 37, 64, 84, 3, 25, 29, 55, 51, 7, 98, 61, 66, 99, 33, 89, 48, 50, 96, 53, 80, 4, 8, 27, 2, 39, 13, 0, 92, 49, 74, 34, 70]|[1, 1, 0, 1, 1, 1, 2, 2, 1, 2, 2, 1, 1, 1, 0, 0, 1, 0, 2, 2, 0, 1, 2, 2, 1, 2, 2, 0, 0, 1, 2, 1, 1, 0, 2, 0, 1, 1, 0, 1, 1, 1, 1, 0, 2, 1, 1, 0, 0, 0, 0, 1, 1, 2, 1, 2, 0, 0, 2, 0, 1, 2, 2, 1, 2, 1, 1, 1, 1, 1, 1, 2, 1, 0, 2, 0, 1, 2, 1, 0, 0, 2, 1, 0, 0, 2, 0, 0, 1, 1, 0, 0, 1, 0, 0, 0, 0, 2, 2, 1]|[0, 3, 1, 2, 0, 0, 1, 1, 4, 1, 1, 4, 4, 4, 2, 2, 4, 2, 1, 1, 1, 1, 2, 1, 2, 1, 1, 1, 1, 4, 0, 3, 3, 0, 1, 1, 0, 3, 2, 2, 2, 2, 0, 1, 1, 0, 4, 0, 1, 2, 2, 1, 4, 0, 3, 2, 1, 2, 1, 2, 3, 1, 1, 3, 0, 4, 4, 1, 4, 3, 1, 2, 4, 1, 1, 1, 1, 1, 3, 1, 1, 1, 1, 1, 1, 1, 2, 1, 4, 3, 2, 2, 1, 2, 2, 0, 1, 1, 1, 4]|[1, 1, 1, 1, 3, 3, 0, 0, 0, 0, 0, 2, 0, 1, 0, 0, 3, 1, 0, 0, 0, 3, 1, 0, 2, 0, 0, 0, 1, 3, 0, 0, 0, 0, 1, 0, 0, 2, 1, 1, 1, 1, 0, 0, 0, 0, 2, 1, 0, 0, 0, 1, 3, 0, 0, 1, 0, 1, 0, 1, 2, 0, 0, 2, 1, 0, 2, 1, 1, 0, 3, 1, 3, 0, 0, 0, 2, 0, 0, 0, 0, 0, 1, 0, 0, 0, 1, 0, 0, 2, 1, 0, 1, 0, 0, 1, 1, 0, 0, 2],733.3116759547878,58140.55643565909,96674.14109675489,false
23,G4_BALANCED,G4_BALANCED,[31, 11, 15, 82, 26, 9, 95, 32, 77, 68, 47, 5, 93, 78, 86, 54, 85, 63, 18, 44, 20, 49, 36, 14, 74, 50, 53, 17, 21, 45, 71, 64, 3, 23, 30, 83, 24, 41, 60, 52, 65, 27, 90, 70, 39, 87, 48, 69, 99, 4, 46, 1, 13, 58, 97, 59, 28, 75, 73, 37, 35, 79, 22, 66, 76, 42, 40, 80, 96, 6, 16, 61, 33, 7, 57, 34, 12, 67, 10, 98, 56, 88, 29, 94, 91, 51, 19, 92, 43, 84, 38, 72, 81, 8, 2, 55, 62, 89, 25, 0]|[2, 1, 1, 2, 1, 2, 1, 1, 1, 1, 1, 0, 2, 2, 1, 2, 0, 0, 0, 2, 2, 1, 0, 2, 0, 2, 2, 1, 0, 1, 1, 1, 0, 0, 1, 0, 2, 1, 2, 2, 0, 0, 1, 1, 0, 2, 0, 2, 1, 0, 0, 2, 0, 0, 2, 0, 1, 0, 0, 0, 2, 1, 0, 2, 2, 0, 2, 2, 0, 1, 2, 1, 1, 2, 0, 1, 1, 1, 1, 2, 2, 1, 1, 2, 1, 1, 1, 0, 1, 0, 0, 1, 1, 1, 2, 0, 1, 1, 1, 0]|[1, 3, 2, 0, 4, 1, 4, 4, 2, 4, 3, 2, 1, 0, 2, 1, 1, 1, 2, 1, 1, 3, 0, 1, 0, 1, 1, 4, 1, 4, 3, 2, 2, 0, 4, 1, 1, 4, 0, 1, 2, 1, 4, 4, 1, 1, 0, 2, 3, 1, 2, 1, 2, 1, 1, 2, 4, 2, 0, 2, 2, 3, 1, 0, 1, 2, 0, 1, 2, 4, 1, 3, 4, 1, 2, 4, 3, 3, 3, 1, 1, 4, 3, 1, 3, 3, 4, 2, 4, 2, 2, 4, 1, 3, 1, 2, 3, 4, 4, 2]|[1, 2, 1, 0, 3, 0, 1, 3, 0, 0, 2, 0, 1, 0, 1, 0, 0, 0, 1, 0, 0, 2, 0, 0, 1, 0, 0, 3, 0, 1, 0, 2, 0, 1, 3, 0, 1, 3, 1, 0, 0, 0, 1, 3, 0, 0, 1, 0, 2, 0, 0, 0, 0, 0, 1, 0, 1, 0, 1, 1, 0, 2, 0, 0, 0, 0, 0, 0, 0, 2, 0, 0, 1, 0, 0, 1, 0, 0, 3, 0, 0, 1, 0, 0, 0, 0, 3, 0, 2, 0, 0, 2, 1, 0, 0, 0, 0, 1, 3, 0],836.569815134707,52504.092339752446,107095.57005228325,false
23,G2_TEC,G2_TEC,[31, 22, 82, 15, 26, 9, 95, 42, 77, 68, 47, 5, 93, 78, 86, 54, 85, 63, 18, 44, 20, 49, 36, 14, 74, 50, 53, 17, 21, 28, 11, 64, 3, 23, 30, 83, 24, 41, 40, 52, 65, 27, 90, 70, 39, 87, 48, 69, 99, 4, 46, 1, 13, 58, 97, 59, 45, 8, 73, 37, 35, 79, 71, 66, 76, 32, 60, 80, 96, 6, 16, 61, 33, 7, 57, 34, 12, 67, 10, 98, 56, 88, 29, 75, 91, 38, 19, 92, 43, 84, 51, 72, 81, 25, 2, 55, 62, 89, 94, 0]|[2, 1, 2, 1, 1, 2, 1, 1, 1, 1, 1, 0, 2, 2, 1, 2, 0, 0, 0, 2, 2, 1, 0, 2, 0, 2, 2, 1, 0, 1, 1, 1, 0, 0, 1, 0, 2, 1, 2, 2, 0, 0, 1, 1, 0, 2, 0, 2, 1, 0, 0, 2, 0, 0, 2, 0, 1, 1, 0, 0, 2, 1, 1, 2, 2, 0, 2, 2, 0, 1, 2, 1, 1, 2, 0, 1, 1, 1, 1, 2, 2, 1, 1, 0, 1, 0, 1, 0, 1, 0, 1, 1, 1, 1, 2, 0, 1, 1, 2, 0]|[0, 3, 0, 3, 4, 1, 4, 4, 2, 4, 3, 2, 1, 0, 2, 1, 1, 1, 2, 1, 1, 3, 0, 1, 0, 1, 1, 4, 1, 4, 3, 2, 2, 0, 4, 1, 1, 4, 0, 1, 2, 1, 4, 4, 1, 1, 0, 2, 3, 2, 2, 1, 2, 1, 1, 2, 4, 3, 0, 2, 2, 3, 3, 0, 1, 2, 0, 1, 2, 4, 1, 3, 4, 1, 2, 4, 3, 3, 3, 1, 1, 4, 3, 2, 3, 2, 4, 2, 4, 2, 3, 4, 4, 4, 1, 2, 3, 4, 1, 2]|[0, 2, 0, 0, 3, 0, 1, 3, 0, 0, 2, 0, 1, 0, 1, 0, 0, 0, 1, 0, 0, 2, 0, 0, 1, 0, 0, 3, 0, 1, 0, 2, 0, 0, 3, 0, 1, 3, 0, 0, 0, 0, 1, 3, 0, 0, 1, 0, 2, 0, 0, 0, 0, 0, 1, 0, 1, 0, 1, 1, 0, 2, 0, 0, 0, 0, 0, 0, 0, 2, 0, 0, 1, 0, 0, 1, 0, 0, 3, 0, 0, 1, 0, 0, 0, 0, 1, 0, 2, 0, 0, 2, 1, 3, 0, 0, 0, 1, 0, 0],896.1029292898813,50428.13444364295,114595.46915086164,false
23,G3_TWC,G1_CMAX,[31, 22, 82, 15, 26, 9, 42, 95, 77, 12, 47, 5, 93, 78, 86, 54, 85, 63, 18, 44, 20, 35, 43, 97, 91, 76, 10, 30, 21, 45, 71, 64, 1, 23, 17, 83, 24, 14, 60, 36, 6, 57, 94, 88, 65, 56, 79, 40, 67, 68, 46, 75, 38, 58, 19, 32, 81, 41, 27, 62, 87, 90, 99, 59, 11, 16, 72, 73, 70, 39, 37, 84, 3, 92, 25, 55, 28, 29, 51, 7, 33, 61, 98, 66, 89, 50, 8, 96, 53, 4, 80, 13, 34, 49, 52, 0, 48, 69, 2, 74]|[1, 1, 0, 1, 1, 1, 2, 1, 2, 1, 2, 2, 2, 1, 1, 0, 0, 1, 0, 2, 2, 0, 1, 2, 0, 1, 2, 2, 0, 0, 1, 2, 1, 2, 1, 0, 2, 0, 1, 1, 0, 1, 1, 1, 0, 2, 1, 1, 0, 0, 0, 0, 1, 1, 2, 1, 2, 0, 0, 0, 2, 1, 0, 1, 2, 1, 2, 1, 1, 1, 1, 1, 1, 0, 1, 1, 0, 0, 0, 1, 2, 1, 0, 2, 1, 0, 1, 0, 0, 0, 0, 0, 2, 0, 1, 0, 0, 1, 0, 2]|[4, 3, 2, 2, 0, 0, 2, 2, 2, 4, 1, 1, 2, 4, 4, 1, 2, 4, 2, 1, 1, 1, 1, 2, 1, 2, 1, 1, 1, 1, 3, 2, 3, 0, 4, 0, 1, 1, 0, 3, 2, 2, 4, 0, 1, 1, 0, 2, 0, 1, 2, 2, 1, 4, 0, 3, 2, 1, 1, 2, 1, 3, 1, 1, 1, 3, 0, 4, 3, 1, 4, 1, 1, 0, 4, 4, 2, 1, 1, 3, 1, 3, 1, 1, 1, 1, 3, 1, 2, 2, 1, 1, 1, 1, 1, 2, 2, 3, 2, 1]|[0, 2, 1, 1, 3, 3, 0, 1, 0, 0, 0, 0, 1, 0, 1, 0, 0, 3, 1, 0, 0, 0, 3, 1, 0, 2, 0, 0, 0, 1, 0, 0, 0, 0, 3, 0, 1, 0, 0, 2, 1, 1, 2, 0, 0, 0, 0, 1, 1, 0, 0, 0, 1, 3, 0, 0, 1, 0, 0, 1, 0, 2, 0, 1, 0, 2, 1, 0, 0, 1, 1, 3, 1, 1, 3, 3, 1, 0, 0, 2, 0, 0, 0, 0, 1, 0, 2, 0, 1, 1, 0, 0, 0, 1, 1, 0, 0, 0, 0, 0],800.9728923351585,58117.763115372225,90558.04465999853,true
23,G1_CMAX,G1_CMAX,[31, 22, 82, 15, 26, 9, 42, 77, 12, 5, 47, 93, 78, 86, 54, 6, 63, 18, 44, 20, 35, 43, 97, 91, 76, 10, 30, 21, 45, 17, 23, 1, 71, 83, 24, 14, 60, 36, 85, 57, 40, 95, 88, 65, 56, 79, 94, 67, 68, 46, 75, 38, 58, 19, 32, 81, 41, 62, 87, 28, 90, 59, 11, 16, 72, 73, 69, 52, 37, 64, 84, 3, 25, 29, 55, 51, 7, 98, 61, 66, 99, 33, 89, 48, 50, 96, 53, 80, 4, 8, 27, 2, 39, 13, 0, 92, 49, 74, 34, 70]|[1, 1, 0, 1, 1, 1, 2, 2, 1, 2, 2, 1, 1, 1, 0, 0, 1, 0, 2, 2, 0, 1, 2, 2, 1, 2, 2, 0, 0, 1, 2, 1, 1, 0, 2, 0, 1, 1, 0, 1, 1, 1, 1, 0, 2, 1, 1, 0, 0, 0, 0, 1, 1, 2, 1, 2, 0, 0, 2, 0, 1, 2, 2, 1, 2, 1, 1, 1, 1, 1, 1, 2, 1, 0, 2, 0, 1, 2, 1, 0, 0, 2, 1, 0, 0, 2, 0, 0, 1, 1, 0, 0, 1, 0, 0, 0, 0, 2, 2, 1]|[0, 3, 1, 2, 0, 0, 1, 1, 4, 1, 1, 4, 4, 4, 2, 2, 4, 2, 1, 1, 1, 1, 2, 1, 2, 1, 1, 1, 1, 4, 0, 3, 3, 0, 1, 1, 0, 3, 2, 2, 2, 2, 0, 1, 1, 0, 4, 0, 1, 2, 2, 1, 4, 0, 3, 2, 1, 2, 1, 2, 3, 1, 1, 3, 0, 4, 4, 1, 4, 3, 1, 2, 4, 1, 1, 1, 1, 1, 3, 1, 1, 1, 1, 1, 1, 1, 2, 1, 4, 3, 2, 2, 1, 2, 2, 0, 1, 1, 1, 4]|[1, 1, 1, 1, 3, 3, 0, 0, 0, 0, 0, 2, 0, 1, 0, 0, 3, 1, 0, 0, 0, 3, 1, 0, 2, 0, 0, 0, 1, 3, 0, 0, 0, 0, 1, 0, 0, 2, 1, 1, 1, 1, 0, 0, 0, 0, 2, 1, 0, 0, 0, 1, 3, 0, 0, 1, 0, 1, 0, 1, 2, 0, 0, 2, 1, 0, 2, 1, 1, 0, 3, 1, 3, 0, 0, 0, 2, 0, 0, 0, 0, 0, 1, 0, 0, 0, 1, 0, 0, 2, 1, 0, 1, 0, 0, 1, 1, 0, 0, 2],733.3116759547878,58140.55643565909,96674.14109675489,false
23,G4_BALANCED,G4_BALANCED,[31, 11, 15, 82, 26, 9, 95, 32, 77, 68, 47, 5, 93, 78, 86, 54, 85, 63, 18, 44, 20, 49, 36, 14, 74, 50, 53, 17, 21, 45, 71, 64, 3, 23, 30, 83, 24, 41, 60, 52, 65, 27, 90, 70, 39, 87, 48, 69, 99, 4, 46, 1, 13, 58, 97, 59, 28, 75, 73, 37, 35, 79, 22, 66, 76, 42, 40, 80, 96, 6, 16, 61, 33, 7, 57, 34, 12, 67, 10, 98, 56, 88, 29, 94, 91, 51, 19, 92, 43, 84, 38, 72, 81, 8, 2, 55, 62, 89, 25, 0]|[2, 1, 1, 2, 1, 2, 1, 1, 1, 1, 1, 0, 2, 2, 1, 2, 0, 0, 0, 2, 2, 1, 0, 2, 0, 2, 2, 1, 0, 1, 1, 1, 0, 0, 1, 0, 2, 1, 2, 2, 0, 0, 1, 1, 0, 2, 0, 2, 1, 0, 0, 2, 0, 0, 2, 0, 1, 0, 0, 0, 2, 1, 0, 2, 2, 0, 2, 2, 0, 1, 2, 1, 1, 2, 0, 1, 1, 1, 1, 2, 2, 1, 1, 2, 1, 1, 1, 0, 1, 0, 0, 1, 1, 1, 2, 0, 1, 1, 1, 0]|[1, 3, 2, 0, 4, 1, 4, 4, 2, 4, 3, 2, 1, 0, 2, 1, 1, 1, 2, 1, 1, 3, 0, 1, 0, 1, 1, 4, 1, 4, 3, 2, 2, 0, 4, 1, 1, 4, 0, 1, 2, 1, 4, 4, 1, 1, 0, 2, 3, 1, 2, 1, 2, 1, 1, 2, 4, 2, 0, 2, 2, 3, 1, 0, 1, 2, 0, 1, 2, 4, 1, 3, 4, 1, 2, 4, 3, 3, 3, 1, 1, 4, 3, 1, 3, 3, 4, 2, 4, 2, 2, 4, 1, 3, 1, 2, 3, 4, 4, 2]|[1, 2, 1, 0, 3, 0, 1, 3, 0, 0, 2, 0, 1, 0, 1, 0, 0, 0, 1, 0, 0, 2, 0, 0, 1, 0, 0, 3, 0, 1, 0, 2, 0, 1, 3, 0, 1, 3, 1, 0, 0, 0, 1, 3, 0, 0, 1, 0, 2, 0, 0, 0, 0, 0, 1, 0, 1, 0, 1, 1, 0, 2, 0, 0, 0, 0, 0, 0, 0, 2, 0, 0, 1, 0, 0, 1, 0, 0, 3, 0, 0, 1, 0, 0, 0, 0, 3, 0, 2, 0, 0, 2, 1, 0, 0, 0, 0, 1, 3, 0],836.569815134707,52504.092339752446,107095.57005228325,false
23,G2_TEC,G2_TEC,[31, 22, 82, 15, 26, 9, 95, 42, 77, 68, 47, 5, 93, 78, 86, 54, 85, 63, 18, 44, 20, 49, 36, 14, 74, 50, 53, 17, 21, 28, 11, 64, 3, 23, 30, 83, 24, 41, 40, 52, 65, 27, 90, 70, 39, 87, 48, 69, 99, 4, 46, 1, 13, 58, 97, 59, 45, 8, 73, 37, 35, 79, 71, 66, 76, 32, 60, 80, 96, 6, 16, 61, 33, 7, 57, 34, 12, 67, 10, 98, 56, 88, 29, 75, 91, 38, 19, 92, 43, 84, 51, 72, 81, 25, 2, 55, 62, 89, 94, 0]|[2, 1, 2, 1, 1, 2, 1, 1, 1, 1, 1, 0, 2, 2, 1, 2, 0, 0, 0, 2, 2, 1, 0, 2, 0, 2, 2, 1, 0, 1, 1, 1, 0, 0, 1, 0, 2, 1, 2, 2, 0, 0, 1, 1, 0, 2, 0, 2, 1, 0, 0, 2, 0, 0, 2, 0, 1, 1, 0, 0, 2, 1, 1, 2, 2, 0, 2, 2, 0, 1, 2, 1, 1, 2, 0, 1, 1, 1, 1, 2, 2, 1, 1, 0, 1, 0, 1, 0, 1, 0, 1, 1, 1, 1, 2, 0, 1, 1, 2, 0]|[0, 3, 0, 3, 4, 1, 4, 4, 2, 4, 3, 2, 1, 0, 2, 1, 1, 1, 2, 1, 1, 3, 0, 1, 0, 1, 1, 4, 1, 4, 3, 2, 2, 0, 4, 1, 1, 4, 0, 1, 2, 1, 4, 4, 1, 1, 0, 2, 3, 2, 2, 1, 2, 1, 1, 2, 4, 3, 0, 2, 2, 3, 3, 0, 1, 2, 0, 1, 2, 4, 1, 3, 4, 1, 2, 4, 3, 3, 3, 1, 1, 4, 3, 2, 3, 2, 4, 2, 4, 2, 3, 4, 4, 4, 1, 2, 3, 4, 1, 2]|[0, 2, 0, 0, 3, 0, 1, 3, 0, 0, 2, 0, 1, 0, 1, 0, 0, 0, 1, 0, 0, 2, 0, 0, 1, 0, 0, 3, 0, 1, 0, 2, 0, 0, 3, 0, 1, 3, 0, 0, 0, 0, 1, 3, 0, 0, 1, 0, 2, 0, 0, 0, 0, 0, 1, 0, 1, 0, 1, 1, 0, 2, 0, 0, 0, 0, 0, 0, 0, 2, 0, 0, 1, 0, 0, 1, 0, 0, 3, 0, 0, 1, 0, 0, 0, 0, 1, 0, 2, 0, 0, 2, 1, 3, 0, 0, 0, 1, 0, 0],896.1029292898813,50428.13444364295,114595.46915086164,false
23,G3_TWC,G1_CMAX,[31, 22, 82, 15, 26, 9, 42, 95, 77, 12, 47, 5, 93, 78, 86, 54, 85, 63, 18, 44, 20, 35, 43, 97, 91, 76, 10, 30, 21, 45, 71, 64, 1, 23, 17, 83, 24, 14, 60, 36, 6, 57, 94, 88, 65, 56, 79, 40, 67, 68, 46, 75, 38, 58, 19, 32, 81, 41, 27, 62, 87, 90, 99, 59, 11, 16, 72, 73, 70, 39, 37, 84, 3, 92, 25, 55, 28, 29, 51, 7, 33, 61, 98, 66, 89, 50, 8, 96, 53, 4, 80, 13, 34, 49, 52, 0, 48, 69, 2, 74]|[1, 1, 0, 1, 1, 1, 2, 1, 2, 1, 2, 2, 2, 1, 1, 0, 0, 1, 0, 2, 2, 0, 1, 2, 0, 1, 2, 2, 0, 0, 1, 2, 1, 2, 1, 0, 2, 0, 1, 1, 0, 1, 1, 1, 0, 2, 1, 1, 0, 0, 0, 0, 1, 1, 2, 1, 2, 0, 0, 0, 2, 1, 0, 1, 2, 1, 2, 1, 1, 1, 1, 1, 1, 0, 1, 1, 0, 0, 0, 1, 2, 1, 0, 2, 1, 0, 1, 0, 0, 0, 0, 0, 2, 0, 1, 0, 0, 1, 0, 2]|[4, 3, 2, 2, 0, 0, 2, 2, 2, 4, 1, 1, 2, 4, 4, 1, 2, 4, 2, 1, 1, 1, 1, 2, 1, 2, 1, 1, 1, 1, 3, 2, 3, 0, 4, 0, 1, 1, 0, 3, 2, 2, 4, 0, 1, 1, 0, 2, 0, 1, 2, 2, 1, 4, 0, 3, 2, 1, 1, 2, 1, 3, 1, 1, 1, 3, 0, 4, 3, 1, 4, 1, 1, 0, 4, 4, 2, 1, 1, 3, 1, 3, 1, 1, 1, 1, 3, 1, 2, 2, 1, 1, 1, 1, 1, 2, 2, 3, 2, 1]|[0, 2, 1, 1, 3, 3, 0, 1, 0, 0, 0, 0, 1, 0, 1, 0, 0, 3, 1, 0, 0, 0, 3, 1, 0, 2, 0, 0, 0, 1, 0, 0, 0, 0, 3, 0, 1, 0, 0, 2, 1, 1, 2, 0, 0, 0, 0, 1, 1, 0, 0, 0, 1, 3, 0, 0, 1, 0, 0, 1, 0, 2, 0, 1, 0, 2, 1, 0, 0, 1, 1, 3, 1, 1, 3, 3, 1, 0, 0, 2, 0, 0, 0, 0, 1, 0, 2, 0, 1, 1, 0, 0, 0, 1, 1, 0, 0, 0, 0, 0],800.9728923351585,58117.763115372225,90558.04465999853,true
23,G1_CMAX,G1_CMAX,[31, 22, 82, 15, 26, 9, 42, 77, 12, 5, 47, 93, 78, 86, 54, 6, 63, 18, 44, 20, 35, 43, 97, 91, 76, 10, 30, 21, 45, 17, 23, 1, 71, 83, 24, 14, 60, 36, 85, 57, 40, 95, 88, 65, 56, 79, 94, 67, 68, 46, 75, 38, 58, 19, 32, 81, 41, 62, 87, 28, 90, 59, 11, 16, 72, 73, 69, 52, 37, 64, 84, 3, 25, 29, 55, 51, 7, 98, 61, 66, 99, 33, 89, 48, 50, 96, 53, 80, 4, 8, 27, 2, 39, 13, 0, 92, 49, 74, 34, 70]|[1, 1, 0, 1, 1, 1, 2, 2, 1, 2, 2, 1, 1, 1, 0, 0, 1, 0, 2, 2, 0, 1, 2, 2, 1, 2, 2, 0, 0, 1, 2, 1, 1, 0, 2, 0, 1, 1, 0, 1, 1, 1, 1, 0, 2, 1, 1, 0, 0, 0, 0, 1, 1, 2, 1, 2, 0, 0, 2, 0, 1, 2, 2, 1, 2, 1, 1, 1, 1, 1, 1, 2, 1, 0, 2, 0, 1, 2, 1, 0, 0, 2, 1, 0, 0, 2, 0, 0, 1, 1, 0, 0, 1, 0, 0, 0, 0, 2, 2, 1]|[0, 3, 1, 2, 0, 0, 1, 1, 4, 1, 1, 4, 4, 4, 2, 2, 4, 2, 1, 1, 1, 1, 2, 1, 2, 1, 1, 1, 1, 4, 0, 3, 3, 0, 1, 1, 0, 3, 2, 2, 2, 2, 0, 1, 1, 0, 4, 0, 1, 2, 2, 1, 4, 0, 3, 2, 1, 2, 1, 2, 3, 1, 1, 3, 0, 4, 4, 1, 4, 3, 1, 2, 4, 1, 1, 1, 1, 1, 3, 1, 1, 1, 1, 1, 1, 1, 2, 1, 4, 3, 2, 2, 1, 2, 2, 0, 1, 1, 1, 4]|[1, 1, 1, 1, 3, 3, 0, 0, 0, 0, 0, 2, 0, 1, 0, 0, 3, 1, 0, 0, 0, 3, 1, 0, 2, 0, 0, 0, 1, 3, 0, 0, 0, 0, 1, 0, 0, 2, 1, 1, 1, 1, 0, 0, 0, 0, 2, 1, 0, 0, 0, 1, 3, 0, 0, 1, 0, 1, 0, 1, 2, 0, 0, 2, 1, 0, 2, 1, 1, 0, 3, 1, 3, 0, 0, 0, 2, 0, 0, 0, 0, 0, 1, 0, 0, 0, 1, 0, 0, 2, 1, 0, 1, 0, 0, 1, 1, 0, 0, 2],733.3116759547878,58140.55643565909,96674.14109675489,false
23,G4_BALANCED,G4_BALANCED,[31, 11, 15, 82, 26, 9, 95, 32, 77, 68, 47, 5, 93, 78, 86, 54, 85, 63, 18, 44, 20, 49, 36, 14, 74, 50, 53, 17, 21, 45, 71, 64, 3, 23, 30, 83, 24, 41, 60, 52, 65, 27, 90, 70, 39, 87, 48, 69, 99, 4, 46, 1, 13, 58, 97, 59, 28, 75, 73, 37, 35, 79, 22, 66, 76, 42, 40, 80, 96, 6, 16, 61, 33, 7, 57, 34, 12, 67, 10, 98, 56, 88, 29, 94, 91, 51, 19, 92, 43, 84, 38, 72, 81, 8, 2, 55, 62, 89, 25, 0]|[2, 1, 1, 2, 1, 2, 1, 1, 1, 1, 1, 0, 2, 2, 1, 2, 0, 0, 0, 2, 2, 1, 0, 2, 0, 2, 2, 1, 0, 1, 1, 1, 0, 0, 1, 0, 2, 1, 2, 2, 0, 0, 1, 1, 0, 2, 0, 2, 1, 0, 0, 2, 0, 0, 2, 0, 1, 0, 0, 0, 2, 1, 0, 2, 2, 0, 2, 2, 0, 1, 2, 1, 1, 2, 0, 1, 1, 1, 1, 2, 2, 1, 1, 2, 1, 1, 1, 0, 1, 0, 0, 1, 1, 1, 2, 0, 1, 1, 1, 0]|[1, 3, 2, 0, 4, 1, 4, 4, 2, 4, 3, 2, 1, 0, 2, 1, 1, 1, 2, 1, 1, 3, 0, 1, 0, 1, 1, 4, 1, 4, 3, 2, 2, 0, 4, 1, 1, 4, 0, 1, 2, 1, 4, 4, 1, 1, 0, 2, 3, 1, 2, 1, 2, 1, 1, 2, 4, 2, 0, 2, 2, 3, 1, 0, 1, 2, 0, 1, 2, 4, 1, 3, 4, 1, 2, 4, 3, 3, 3, 1, 1, 4, 3, 1, 3, 3, 4, 2, 4, 2, 2, 4, 1, 3, 1, 2, 3, 4, 4, 2]|[1, 2, 1, 0, 3, 0, 1, 3, 0, 0, 2, 0, 1, 0, 1, 0, 0, 0, 1, 0, 0, 2, 0, 0, 1, 0, 0, 3, 0, 1, 0, 2, 0, 1, 3, 0, 1, 3, 1, 0, 0, 0, 1, 3, 0, 0, 1, 0, 2, 0, 0, 0, 0, 0, 1, 0, 1, 0, 1, 1, 0, 2, 0, 0, 0, 0, 0, 0, 0, 2, 0, 0, 1, 0, 0, 1, 0, 0, 3, 0, 0, 1, 0, 0, 0, 0, 3, 0, 2, 0, 0, 2, 1, 0, 0, 0, 0, 1, 3, 0],836.569815134707,52504.092339752446,107095.57005228325,false
23,G2_TEC,G2_TEC,[31, 22, 82, 15, 26, 9, 95, 42, 77, 68, 47, 5, 93, 78, 86, 54, 85, 63, 18, 44, 20, 49, 36, 14, 74, 50, 53, 17, 21, 28, 11, 64, 3, 23, 30, 83, 24, 41, 40, 52, 65, 27, 90, 70, 39, 87, 48, 69, 99, 4, 46, 1, 13, 58, 97, 59, 45, 8, 73, 37, 35, 79, 71, 66, 76, 32, 60, 80, 96, 6, 16, 61, 33, 7, 57, 34, 12, 67, 10, 98, 56, 88, 29, 75, 91, 38, 19, 92, 43, 84, 51, 72, 81, 25, 2, 55, 62, 89, 94, 0]|[2, 1, 2, 1, 1, 2, 1, 1, 1, 1, 1, 0, 2, 2, 1, 2, 0, 0, 0, 2, 2, 1, 0, 2, 0, 2, 2, 1, 0, 1, 1, 1, 0, 0, 1, 0, 2, 1, 2, 2, 0, 0, 1, 1, 0, 2, 0, 2, 1, 0, 0, 2, 0, 0, 2, 0, 1, 1, 0, 0, 2, 1, 1, 2, 2, 0, 2, 2, 0, 1, 2, 1, 1, 2, 0, 1, 1, 1, 1, 2, 2, 1, 1, 0, 1, 0, 1, 0, 1, 0, 1, 1, 1, 1, 2, 0, 1, 1, 2, 0]|[0, 3, 0, 3, 4, 1, 4, 4, 2, 4, 3, 2, 1, 0, 2, 1, 1, 1, 2, 1, 1, 3, 0, 1, 0, 1, 1, 4, 1, 4, 3, 2, 2, 0, 4, 1, 1, 4, 0, 1, 2, 1, 4, 4, 1, 1, 0, 2, 3, 2, 2, 1, 2, 1, 1, 2, 4, 3, 0, 2, 2, 3, 3, 0, 1, 2, 0, 1, 2, 4, 1, 3, 4, 1, 2, 4, 3, 3, 3, 1, 1, 4, 3, 2, 3, 2, 4, 2, 4, 2, 3, 4, 4, 4, 1, 2, 3, 4, 1, 2]|[0, 2, 0, 0, 3, 0, 1, 3, 0, 0, 2, 0, 1, 0, 1, 0, 0, 0, 1, 0, 0, 2, 0, 0, 1, 0, 0, 3, 0, 1, 0, 2, 0, 0, 3, 0, 1, 3, 0, 0, 0, 0, 1, 3, 0, 0, 1, 0, 2, 0, 0, 0, 0, 0, 1, 0, 1, 0, 1, 1, 0, 2, 0, 0, 0, 0, 0, 0, 0, 2, 0, 0, 1, 0, 0, 1, 0, 0, 3, 0, 0, 1, 0, 0, 0, 0, 1, 0, 2, 0, 0, 2, 1, 3, 0, 0, 0, 1, 0, 0],896.1029292898813,50428.13444364295,114595.46915086164,false
23,G3_TWC,G1_CMAX,[31, 22, 82, 15, 26, 9, 42, 95, 77, 12, 47, 5, 93, 78, 86, 54, 85, 63, 18, 44, 20, 35, 43, 97, 91, 76, 10, 30, 21, 45, 71, 64, 1, 23, 17, 83, 24, 14, 60, 36, 6, 57, 94, 88, 65, 56, 79, 40, 67, 68, 46, 75, 38, 58, 19, 32, 81, 41, 27, 62, 87, 90, 99, 59, 11, 16, 72, 73, 70, 39, 37, 84, 3, 92, 25, 55, 28, 29, 51, 7, 33, 61, 98, 66, 89, 50, 8, 96, 53, 4, 80, 13, 34, 49, 52, 0, 48, 69, 2, 74]|[1, 1, 0, 1, 1, 1, 2, 1, 2, 1, 2, 2, 2, 1, 1, 0, 0, 1, 0, 2, 2, 0, 1, 2, 0, 1, 2, 2, 0, 0, 1, 2, 1, 2, 1, 0, 2, 0, 1, 1, 0, 1, 1, 1, 0, 2, 1, 1, 0, 0, 0, 0, 1, 1, 2, 1, 2, 0, 0, 0, 2, 1, 0, 1, 2, 1, 2, 1, 1, 1, 1, 1, 1, 0, 1, 1, 0, 0, 0, 1, 2, 1, 0, 2, 1, 0, 1, 0, 0, 0, 0, 0, 2, 0, 1, 0, 0, 1, 0, 2]|[4, 3, 2, 2, 0, 0, 2, 2, 2, 4, 1, 1, 2, 4, 4, 1, 2, 4, 2, 1, 1, 1, 1, 2, 1, 2, 1, 1, 1, 1, 3, 2, 3, 0, 4, 0, 1, 1, 0, 3, 2, 2, 4, 0, 1, 1, 0, 2, 0, 1, 2, 2, 1, 4, 0, 3, 2, 1, 1, 2, 1, 3, 1, 1, 1, 3, 0, 4, 3, 1, 4, 1, 1, 0, 4, 4, 2, 1, 1, 3, 1, 3, 1, 1, 1, 1, 3, 1, 2, 2, 1, 1, 1, 1, 1, 2, 2, 3, 2, 1]|[0, 2, 1, 1, 3, 3, 0, 1, 0, 0, 0, 0, 1, 0, 1, 0, 0, 3, 1, 0, 0, 0, 3, 1, 0, 2, 0, 0, 0, 1, 0, 0, 0, 0, 3, 0, 1, 0, 0, 2, 1, 1, 2, 0, 0, 0, 0, 1, 1, 0, 0, 0, 1, 3, 0, 0, 1, 0, 0, 1, 0, 2, 0, 1, 0, 2, 1, 0, 0, 1, 1, 3, 1, 1, 3, 3, 1, 0, 0, 2, 0, 0, 0, 0, 1, 0, 2, 0, 1, 1, 0, 0, 0, 1, 1, 0, 0, 0, 0, 0],800.9728923351585,58117.763115372225,90558.04465999853,true
23,G1_CMAX,G1_CMAX,[31, 22, 82, 15, 26, 9, 42, 77, 12, 5, 47, 93, 78, 86, 54, 6, 63, 18, 44, 20, 35, 43, 97, 91, 76, 10, 30, 21, 45, 17, 23, 1, 71, 83, 24, 14, 60, 36, 85, 57, 40, 95, 88, 65, 56, 79, 94, 67, 68, 46, 75, 38, 58, 19, 32, 81, 41, 62, 87, 28, 90, 59, 11, 16, 72, 73, 69, 52, 37, 64, 84, 3, 25, 29, 55, 51, 7, 98, 61, 66, 99, 33, 89, 48, 50, 96, 53, 80, 4, 8, 27, 2, 39, 13, 0, 92, 49, 74, 34, 70]|[1, 1, 0, 1, 1, 1, 2, 2, 1, 2, 2, 1, 1, 1, 0, 0, 1, 0, 2, 2, 0, 1, 2, 2, 1, 2, 2, 0, 0, 1, 2, 1, 1, 0, 2, 0, 1, 1, 0, 1, 1, 1, 1, 0, 2, 1, 1, 0, 0, 0, 0, 1, 1, 2, 1, 2, 0, 0, 2, 0, 1, 2, 2, 1, 2, 1, 1, 1, 1, 1, 1, 2, 1, 0, 2, 0, 1, 2, 1, 0, 0, 2, 1, 0, 0, 2, 0, 0, 1, 1, 0, 0, 1, 0, 0, 0, 0, 2, 2, 1]|[0, 3, 1, 2, 0, 0, 1, 1, 4, 1, 1, 4, 4, 4, 2, 2, 4, 2, 1, 1, 1, 1, 2, 1, 2, 1, 1, 1, 1, 4, 0, 3, 3, 0, 1, 1, 0, 3, 2, 2, 2, 2, 0, 1, 1, 0, 4, 0, 1, 2, 2, 1, 4, 0, 3, 2, 1, 2, 1, 2, 3, 1, 1, 3, 0, 4, 4, 1, 4, 3, 1, 2, 4, 1, 1, 1, 1, 1, 3, 1, 1, 1, 1, 1, 1, 1, 2, 1, 4, 3, 2, 2, 1, 2, 2, 0, 1, 1, 1, 4]|[1, 1, 1, 1, 3, 3, 0, 0, 0, 0, 0, 2, 0, 1, 0, 0, 3, 1, 0, 0, 0, 3, 1, 0, 2, 0, 0, 0, 1, 3, 0, 0, 0, 0, 1, 0, 0, 2, 1, 1, 1, 1, 0, 0, 0, 0, 2, 1, 0, 0, 0, 1, 3, 0, 0, 1, 0, 1, 0, 1, 2, 0, 0, 2, 1, 0, 2, 1, 1, 0, 3, 1, 3, 0, 0, 0, 2, 0, 0, 0, 0, 0, 1, 0, 0, 0, 1, 0, 0, 2, 1, 0, 1, 0, 0, 1, 1, 0, 0, 2],733.3116759547878,58140.55643565909,96674.14109675489,false
23,G4_BALANCED,G4_BALANCED,[31, 11, 15, 82, 26, 9, 95, 32, 77, 68, 47, 5, 93, 78, 86, 54, 85, 63, 18, 44, 20, 49, 36, 14, 74, 50, 53, 17, 21, 45, 71, 64, 3, 23, 30, 83, 24, 41, 60, 52, 65, 27, 90, 70, 39, 87, 48, 69, 99, 4, 46, 1, 13, 58, 97, 59, 28, 75, 73, 37, 35, 79, 22, 66, 76, 42, 40, 80, 96, 6, 16, 61, 33, 7, 57, 34, 12, 67, 10, 98, 56, 88, 29, 94, 91, 51, 19, 92, 43, 84, 38, 72, 81, 8, 2, 55, 62, 89, 25, 0]|[2, 1, 1, 2, 1, 2, 1, 1, 1, 1, 1, 0, 2, 2, 1, 2, 0, 0, 0, 2, 2, 1, 0, 2, 0, 2, 2, 1, 0, 1, 1, 1, 0, 0, 1, 0, 2, 1, 2, 2, 0, 0, 1, 1, 0, 2, 0, 2, 1, 0, 0, 2, 0, 0, 2, 0, 1, 0, 0, 0, 2, 1, 0, 2, 2, 0, 2, 2, 0, 1, 2, 1, 1, 2, 0, 1, 1, 1, 1, 2, 2, 1, 1, 2, 1, 1, 1, 0, 1, 0, 0, 1, 1, 1, 2, 0, 1, 1, 1, 0]|[1, 3, 2, 0, 4, 1, 4, 4, 2, 4, 3, 2, 1, 0, 2, 1, 1, 1, 2, 1, 1, 3, 0, 1, 0, 1, 1, 4, 1, 4, 3, 2, 2, 0, 4, 1, 1, 4, 0, 1, 2, 1, 4, 4, 1, 1, 0, 2, 3, 1, 2, 1, 2, 1, 1, 2, 4, 2, 0, 2, 2, 3, 1, 0, 1, 2, 0, 1, 2, 4, 1, 3, 4, 1, 2, 4, 3, 3, 3, 1, 1, 4, 3, 1, 3, 3, 4, 2, 4, 2, 2, 4, 1, 3, 1, 2, 3, 4, 4, 2]|[1, 2, 1, 0, 3, 0, 1, 3, 0, 0, 2, 0, 1, 0, 1, 0, 0, 0, 1, 0, 0, 2, 0, 0, 1, 0, 0, 3, 0, 1, 0, 2, 0, 1, 3, 0, 1, 3, 1, 0, 0, 0, 1, 3, 0, 0, 1, 0, 2, 0, 0, 0, 0, 0, 1, 0, 1, 0, 1, 1, 0, 2, 0, 0, 0, 0, 0, 0, 0, 2, 0, 0, 1, 0, 0, 1, 0, 0, 3, 0, 0, 1, 0, 0, 0, 0, 3, 0, 2, 0, 0, 2, 1, 0, 0, 0, 0, 1, 3, 0],836.569815134707,52504.092339752446,107095.57005228325,false
23,G2_TEC,G2_TEC,[31, 22, 82, 15, 26, 9, 95, 42, 77, 68, 47, 5, 93, 78, 86, 54, 85, 63, 18, 44, 20, 49, 36, 14, 74, 50, 53, 17, 21, 28, 11, 64, 3, 23, 30, 83, 24, 41, 40, 52, 65, 27, 90, 70, 39, 87, 48, 69, 99, 4, 46, 1, 13, 58, 97, 59, 45, 8, 73, 37, 35, 79, 71, 66, 76, 32, 60, 80, 96, 6, 16, 61, 33, 7, 57, 34, 12, 67, 10, 98, 56, 88, 29, 75, 91, 38, 19, 92, 43, 84, 51, 72, 81, 25, 2, 55, 62, 89, 94, 0]|[2, 1, 2, 1, 1, 2, 1, 1, 1, 1, 1, 0, 2, 2, 1, 2, 0, 0, 0, 2, 2, 1, 0, 2, 0, 2, 2, 1, 0, 1, 1, 1, 0, 0, 1, 0, 2, 1, 2, 2, 0, 0, 1, 1, 0, 2, 0, 2, 1, 0, 0, 2, 0, 0, 2, 0, 1, 1, 0, 0, 2, 1, 1, 2, 2, 0, 2, 2, 0, 1, 2, 1, 1, 2, 0, 1, 1, 1, 1, 2, 2, 1, 1, 0, 1, 0, 1, 0, 1, 0, 1, 1, 1, 1, 2, 0, 1, 1, 2, 0]|[0, 3, 0, 3, 4, 1, 4, 4, 2, 4, 3, 2, 1, 0, 2, 1, 1, 1, 2, 1, 1, 3, 0, 1, 0, 1, 1, 4, 1, 4, 3, 2, 2, 0, 4, 1, 1, 4, 0, 1, 2, 1, 4, 4, 1, 1, 0, 2, 3, 2, 2, 1, 2, 1, 1, 2, 4, 3, 0, 2, 2, 3, 3, 0, 1, 2, 0, 1, 2, 4, 1, 3, 4, 1, 2, 4, 3, 3, 3, 1, 1, 4, 3, 2, 3, 2, 4, 2, 4, 2, 3, 4, 4, 4, 1, 2, 3, 4, 1, 2]|[0, 2, 0, 0, 3, 0, 1, 3, 0, 0, 2, 0, 1, 0, 1, 0, 0, 0, 1, 0, 0, 2, 0, 0, 1, 0, 0, 3, 0, 1, 0, 2, 0, 0, 3, 0, 1, 3, 0, 0, 0, 0, 1, 3, 0, 0, 1, 0, 2, 0, 0, 0, 0, 0, 1, 0, 1, 0, 1, 1, 0, 2, 0, 0, 0, 0, 0, 0, 0, 2, 0, 0, 1, 0, 0, 1, 0, 0, 3, 0, 0, 1, 0, 0, 0, 0, 1, 0, 2, 0, 0, 2, 1, 3, 0, 0, 0, 1, 0, 0],896.1029292898813,50428.13444364295,114595.46915086164,false
23,G3_TWC,G1_CMAX,[31, 22, 82, 15, 26, 9, 42, 95, 77, 12, 47, 5, 93, 78, 86, 54, 85, 63, 18, 44, 20, 35, 43, 97, 91, 76, 10, 30, 21, 45, 71, 64, 1, 23, 17, 83, 24, 14, 60, 36, 6, 57, 94, 88, 65, 56, 79, 40, 67, 68, 46, 75, 38, 58, 19, 32, 81, 41, 27, 62, 87, 90, 99, 59, 11, 16, 72, 73, 70, 39, 37, 84, 3, 92, 25, 55, 28, 29, 51, 7, 33, 61, 98, 66, 89, 50, 8, 96, 53, 4, 80, 13, 34, 49, 52, 0, 48, 69, 2, 74]|[1, 1, 0, 1, 1, 1, 2, 1, 2, 1, 2, 2, 2, 1, 1, 0, 0, 1, 0, 2, 2, 0, 1, 2, 0, 1, 2, 2, 0, 0, 1, 2, 1, 2, 1, 0, 2, 0, 1, 1, 0, 1, 1, 1, 0, 2, 1, 1, 0, 0, 0, 0, 1, 1, 2, 1, 2, 0, 0, 0, 2, 1, 0, 1, 2, 1, 2, 1, 1, 1, 1, 1, 1, 0, 1, 1, 0, 0, 0, 1, 2, 1, 0, 2, 1, 0, 1, 0, 0, 0, 0, 0, 2, 0, 1, 0, 0, 1, 0, 2]|[4, 3, 2, 2, 0, 0, 2, 2, 2, 4, 1, 1, 2, 4, 4, 1, 2, 4, 2, 1, 1, 1, 1, 2, 1, 2, 1, 1, 1, 1, 3, 2, 3, 0, 4, 0, 1, 1, 0, 3, 2, 2, 4, 0, 1, 1, 0, 2, 0, 1, 2, 2, 1, 4, 0, 3, 2, 1, 1, 2, 1, 3, 1, 1, 1, 3, 0, 4, 3, 1, 4, 1, 1, 0, 4, 4, 2, 1, 1, 3, 1, 3, 1, 1, 1, 1, 3, 1, 2, 2, 1, 1, 1, 1, 1, 2, 2, 3, 2, 1]|[0, 2, 1, 1, 3, 3, 0, 1, 0, 0, 0, 0, 1, 0, 1, 0, 0, 3, 1, 0, 0, 0, 3, 1, 0, 2, 0, 0, 0, 1, 0, 0, 0, 0, 3, 0, 1, 0, 0, 2, 1, 1, 2, 0, 0, 0, 0, 1, 1, 0, 0, 0, 1, 3, 0, 0, 1, 0, 0, 1, 0, 2, 0, 1, 0, 2, 1, 0, 0, 1, 1, 3, 1, 1, 3, 3, 1, 0, 0, 2, 0, 0, 0, 0, 1, 0, 2, 0, 1, 1, 0, 0, 0, 1, 1, 0, 0, 0, 0, 0],800.9728923351585,58117.763115372225,90558.04465999853,true
23,G1_CMAX,G1_CMAX,[31, 22, 82, 15, 26, 9, 42, 77, 12, 5, 47, 93, 78, 86, 54, 6, 63, 18, 44, 20, 35, 43, 97, 91, 76, 10, 30, 21, 45, 17, 23, 1, 71, 83, 24, 14, 60, 36, 85, 57, 40, 95, 88, 65, 56, 79, 94, 67, 68, 46, 75, 38, 58, 19, 32, 81, 41, 62, 87, 28, 90, 59, 11, 16, 72, 73, 69, 52, 37, 64, 84, 3, 25, 29, 55, 51, 7, 98, 61, 66, 99, 33, 89, 48, 50, 96, 53, 80, 4, 8, 27, 2, 39, 13, 0, 92, 49, 74, 34, 70]|[1, 1, 0, 1, 1, 1, 2, 2, 1, 2, 2, 1, 1, 1, 0, 0, 1, 0, 2, 2, 0, 1, 2, 2, 1, 2, 2, 0, 0, 1, 2, 1, 1, 0, 2, 0, 1, 1, 0, 1, 1, 1, 1, 0, 2, 1, 1, 0, 0, 0, 0, 1, 1, 2, 1, 2, 0, 0, 2, 0, 1, 2, 2, 1, 2, 1, 1, 1, 1, 1, 1, 2, 1, 0, 2, 0, 1, 2, 1, 0, 0, 2, 1, 0, 0, 2, 0, 0, 1, 1, 0, 0, 1, 0, 0, 0, 0, 2, 2, 1]|[0, 3, 1, 2, 0, 0, 1, 1, 4, 1, 1, 4, 4, 4, 2, 2, 4, 2, 1, 1, 1, 1, 2, 1, 2, 1, 1, 1, 1, 4, 0, 3, 3, 0, 1, 1, 0, 3, 2, 2, 2, 2, 0, 1, 1, 0, 4, 0, 1, 2, 2, 1, 4, 0, 3, 2, 1, 2, 1, 2, 3, 1, 1, 3, 0, 4, 4, 1, 4, 3, 1, 2, 4, 1, 1, 1, 1, 1, 3, 1, 1, 1, 1, 1, 1, 1, 2, 1, 4, 3, 2, 2, 1, 2, 2, 0, 1, 1, 1, 4]|[1, 1, 1, 1, 3, 3, 0, 0, 0, 0, 0, 2, 0, 1, 0, 0, 3, 1, 0, 0, 0, 3, 1, 0, 2, 0, 0, 0, 1, 3, 0, 0, 0, 0, 1, 0, 0, 2, 1, 1, 1, 1, 0, 0, 0, 0, 2, 1, 0, 0, 0, 1, 3, 0, 0, 1, 0, 1, 0, 1, 2, 0, 0, 2, 1, 0, 2, 1, 1, 0, 3, 1, 3, 0, 0, 0, 2, 0, 0, 0, 0, 0, 1, 0, 0, 0, 1, 0, 0, 2, 1, 0, 1, 0, 0, 1, 1, 0, 0, 2],733.3116759547878,58140.55643565909,96674.14109675489,false
23,G4_BALANCED,G4_BALANCED,[31, 11, 15, 82, 26, 9, 95, 32, 77, 68, 47, 5, 93, 78, 86, 54, 85, 63, 18, 44, 20, 49, 36, 14, 74, 50, 53, 17, 21, 45, 71, 64, 3, 23, 30, 83, 24, 41, 60, 52, 65, 27, 90, 70, 39, 87, 48, 69, 99, 4, 46, 1, 13, 58, 97, 59, 28, 75, 73, 37, 35, 79, 22, 66, 76, 42, 40, 80, 96, 6, 16, 61, 33, 7, 57, 34, 12, 67, 10, 98, 56, 88, 29, 94, 91, 51, 19, 92, 43, 84, 38, 72, 81, 8, 2, 55, 62, 89, 25, 0]|[2, 1, 1, 2, 1, 2, 1, 1, 1, 1, 1, 0, 2, 2, 1, 2, 0, 0, 0, 2, 2, 1, 0, 2, 0, 2, 2, 1, 0, 1, 1, 1, 0, 0, 1, 0, 2, 1, 2, 2, 0, 0, 1, 1, 0, 2, 0, 2, 1, 0, 0, 2, 0, 0, 2, 0, 1, 0, 0, 0, 2, 1, 0, 2, 2, 0, 2, 2, 0, 1, 2, 1, 1, 2, 0, 1, 1, 1, 1, 2, 2, 1, 1, 2, 1, 1, 1, 0, 1, 0, 0, 1, 1, 1, 2, 0, 1, 1, 1, 0]|[1, 3, 2, 0, 4, 1, 4, 4, 2, 4, 3, 2, 1, 0, 2, 1, 1, 1, 2, 1, 1, 3, 0, 1, 0, 1, 1, 4, 1, 4, 3, 2, 2, 0, 4, 1, 1, 4, 0, 1, 2, 1, 4, 4, 1, 1, 0, 2, 3, 1, 2, 1, 2, 1, 1, 2, 4, 2, 0, 2, 2, 3, 1, 0, 1, 2, 0, 1, 2, 4, 1, 3, 4, 1, 2, 4, 3, 3, 3, 1, 1, 4, 3, 1, 3, 3, 4, 2, 4, 2, 2, 4, 1, 3, 1, 2, 3, 4, 4, 2]|[1, 2, 1, 0, 3, 0, 1, 3, 0, 0, 2, 0, 1, 0, 1, 0, 0, 0, 1, 0, 0, 2, 0, 0, 1, 0, 0, 3, 0, 1, 0, 2, 0, 1, 3, 0, 1, 3, 1, 0, 0, 0, 1, 3, 0, 0, 1, 0, 2, 0, 0, 0, 0, 0, 1, 0, 1, 0, 1, 1, 0, 2, 0, 0, 0, 0, 0, 0, 0, 2, 0, 0, 1, 0, 0, 1, 0, 0, 3, 0, 0, 1, 0, 0, 0, 0, 3, 0, 2, 0, 0, 2, 1, 0, 0, 0, 0, 1, 3, 0],836.569815134707,52504.092339752446,107095.57005228325,false
23,G2_TEC,G2_TEC,[31, 22, 82, 15, 26, 9, 95, 42, 77, 68, 47, 5, 93, 78, 86, 54, 85, 63, 18, 44, 20, 49, 36, 14, 74, 50, 53, 17, 21, 28, 11, 64, 3, 23, 30, 83, 24, 41, 40, 52, 65, 27, 90, 70, 39, 87, 48, 69, 99, 4, 46, 1, 13, 58, 97, 59, 45, 8, 73, 37, 35, 79, 71, 66, 76, 32, 60, 80, 96, 6, 16, 61, 33, 7, 57, 34, 12, 67, 10, 98, 56, 88, 29, 75, 91, 38, 19, 92, 43, 84, 51, 72, 81, 25, 2, 55, 62, 89, 94, 0]|[2, 1, 2, 1, 1, 2, 1, 1, 1, 1, 1, 0, 2, 2, 1, 2, 0, 0, 0, 2, 2, 1, 0, 2, 0, 2, 2, 1, 0, 1, 1, 1, 0, 0, 1, 0, 2, 1, 2, 2, 0, 0, 1, 1, 0, 2, 0, 2, 1, 0, 0, 2, 0, 0, 2, 0, 1, 1, 0, 0, 2, 1, 1, 2, 2, 0, 2, 2, 0, 1, 2, 1, 1, 2, 0, 1, 1, 1, 1, 2, 2, 1, 1, 0, 1, 0, 1, 0, 1, 0, 1, 1, 1, 1, 2, 0, 1, 1, 2, 0]|[0, 3, 0, 3, 4, 1, 4, 4, 2, 4, 3, 2, 1, 0, 2, 1, 1, 1, 2, 1, 1, 3, 0, 1, 0, 1, 1, 4, 1, 4, 3, 2, 2, 0, 4, 1, 1, 4, 0, 1, 2, 1, 4, 4, 1, 1, 0, 2, 3, 2, 2, 1, 2, 1, 1, 2, 4, 3, 0, 2, 2, 3, 3, 0, 1, 2, 0, 1, 2, 4, 1, 3, 4, 1, 2, 4, 3, 3, 3, 1, 1, 4, 3, 2, 3, 2, 4, 2, 4, 2, 3, 4, 4, 4, 1, 2, 3, 4, 1, 2]|[0, 2, 0, 0, 3, 0, 1, 3, 0, 0, 2, 0, 1, 0, 1, 0, 0, 0, 1, 0, 0, 2, 0, 0, 1, 0, 0, 3, 0, 1, 0, 2, 0, 0, 3, 0, 1, 3, 0, 0, 0, 0, 1, 3, 0, 0, 1, 0, 2, 0, 0, 0, 0, 0, 1, 0, 1, 0, 1, 1, 0, 2, 0, 0, 0, 0, 0, 0, 0, 2, 0, 0, 1, 0, 0, 1, 0, 0, 3, 0, 0, 1, 0, 0, 0, 0, 1, 0, 2, 0, 0, 2, 1, 3, 0, 0, 0, 1, 0, 0],896.1029292898813,50428.13444364295,114595.46915086164,false
23,G3_TWC,G1_CMAX,[31, 22, 82, 15, 26, 9, 42, 95, 77, 12, 47, 5, 93, 78, 86, 54, 85, 63, 18, 44, 20, 35, 43, 97, 91, 76, 10, 30, 21, 45, 71, 64, 1, 23, 17, 83, 24, 14, 60, 36, 6, 57, 94, 88, 65, 56, 79, 40, 67, 68, 46, 75, 38, 58, 19, 32, 81, 41, 27, 62, 87, 90, 99, 59, 11, 16, 72, 73, 70, 39, 37, 84, 3, 92, 25, 55, 28, 29, 51, 7, 33, 61, 98, 66, 89, 50, 8, 96, 53, 4, 80, 13, 34, 49, 52, 0, 48, 69, 2, 74]|[1, 1, 0, 1, 1, 1, 2, 1, 2, 1, 2, 2, 2, 1, 1, 0, 0, 1, 0, 2, 2, 0, 1, 2, 0, 1, 2, 2, 0, 0, 1, 2, 1, 2, 1, 0, 2, 0, 1, 1, 0, 1, 1, 1, 0, 2, 1, 1, 0, 0, 0, 0, 1, 1, 2, 1, 2, 0, 0, 0, 2, 1, 0, 1, 2, 1, 2, 1, 1, 1, 1, 1, 1, 0, 1, 1, 0, 0, 0, 1, 2, 1, 0, 2, 1, 0, 1, 0, 0, 0, 0, 0, 2, 0, 1, 0, 0, 1, 0, 2]|[4, 3, 2, 2, 0, 0, 2, 2, 2, 4, 1, 1, 2, 4, 4, 1, 2, 4, 2, 1, 1, 1, 1, 2, 1, 2, 1, 1, 1, 1, 3, 2, 3, 0, 4, 0, 1, 1, 0, 3, 2, 2, 4, 0, 1, 1, 0, 2, 0, 1, 2, 2, 1, 4, 0, 3, 2, 1, 1, 2, 1, 3, 1, 1, 1, 3, 0, 4, 3, 1, 4, 1, 1, 0, 4, 4, 2, 1, 1, 3, 1, 3, 1, 1, 1, 1, 3, 1, 2, 2, 1, 1, 1, 1, 1, 2, 2, 3, 2, 1]|[0, 2, 1, 1, 3, 3, 0, 1, 0, 0, 0, 0, 1, 0, 1, 0, 0, 3, 1, 0, 0, 0, 3, 1, 0, 2, 0, 0, 0, 1, 0, 0, 0, 0, 3, 0, 1, 0, 0, 2, 1, 1, 2, 0, 0, 0, 0, 1, 1, 0, 0, 0, 1, 3, 0, 0, 1, 0, 0, 1, 0, 2, 0, 1, 0, 2, 1, 0, 0, 1, 1, 3, 1, 1, 3, 3, 1, 0, 0, 2, 0, 0, 0, 0, 1, 0, 2, 0, 1, 1, 0, 0, 0, 1, 1, 0, 0, 0, 0, 0],800.9728923351585,58117.763115372225,90558.04465999853,true
23,G1_CMAX,G1_CMAX,[31, 22, 82, 15, 26, 9, 42, 77, 12, 5, 47, 93, 78, 86, 54, 6, 63, 18, 44, 20, 35, 43, 97, 91, 76, 10, 30, 21, 45, 17, 23, 1, 71, 83, 24, 14, 60, 36, 85, 57, 40, 95, 88, 65, 56, 79, 94, 67, 68, 46, 75, 38, 58, 19, 32, 81, 41, 62, 87, 28, 90, 59, 11, 16, 72, 73, 69, 52, 37, 64, 84, 3, 25, 29, 55, 51, 7, 98, 61, 66, 99, 33, 89, 48, 50, 96, 53, 80, 4, 8, 27, 2, 39, 13, 0, 92, 49, 74, 34, 70]|[1, 1, 0, 1, 1, 1, 2, 2, 1, 2, 2, 1, 1, 1, 0, 0, 1, 0, 2, 2, 0, 1, 2, 2, 1, 2, 2, 0, 0, 1, 2, 1, 1, 0, 2, 0, 1, 1, 0, 1, 1, 1, 1, 0, 2, 1, 1, 0, 0, 0, 0, 1, 1, 2, 1, 2, 0, 0, 2, 0, 1, 2, 2, 1, 2, 1, 1, 1, 1, 1, 1, 2, 1, 0, 2, 0, 1, 2, 1, 0, 0, 2, 1, 0, 0, 2, 0, 0, 1, 1, 0, 0, 1, 0, 0, 0, 0, 2, 2, 1]|[0, 3, 1, 2, 0, 0, 1, 1, 4, 1, 1, 4, 4, 4, 2, 2, 4, 2, 1, 1, 1, 1, 2, 1, 2, 1, 1, 1, 1, 4, 0, 3, 3, 0, 1, 1, 0, 3, 2, 2, 2, 2, 0, 1, 1, 0, 4, 0, 1, 2, 2, 1, 4, 0, 3, 2, 1, 2, 1, 2, 3, 1, 1, 3, 0, 4, 4, 1, 4, 3, 1, 2, 4, 1, 1, 1, 1, 1, 3, 1, 1, 1, 1, 1, 1, 1, 2, 1, 4, 3, 2, 2, 1, 2, 2, 0, 1, 1, 1, 4]|[1, 1, 1, 1, 3, 3, 0, 0, 0, 0, 0, 2, 0, 1, 0, 0, 3, 1, 0, 0, 0, 3, 1, 0, 2, 0, 0, 0, 1, 3, 0, 0, 0, 0, 1, 0, 0, 2, 1, 1, 1, 1, 0, 0, 0, 0, 2, 1, 0, 0, 0, 1, 3, 0, 0, 1, 0, 1, 0, 1, 2, 0, 0, 2, 1, 0, 2, 1, 1, 0, 3, 1, 3, 0, 0, 0, 2, 0, 0, 0, 0, 0, 1, 0, 0, 0, 1, 0, 0, 2, 1, 0, 1, 0, 0, 1, 1, 0, 0, 2],733.3116759547878,58140.55643565909,96674.14109675489,false
23,G4_BALANCED,G4_BALANCED,[31, 11, 15, 82, 26, 9, 95, 32, 77, 68, 47, 5, 93, 78, 86, 54, 85, 63, 18, 44, 20, 49, 36, 14, 74, 50, 53, 17, 21, 45, 71, 64, 3, 23, 30, 83, 24, 41, 60, 52, 65, 27, 90, 70, 39, 87, 48, 69, 99, 4, 46, 1, 13, 58, 97, 59, 28, 75, 73, 37, 35, 79, 22, 66, 76, 42, 40, 80, 96, 6, 16, 61, 33, 7, 57, 34, 12, 67, 10, 98, 56, 88, 29, 94, 91, 51, 19, 92, 43, 84, 38, 72, 81, 8, 2, 55, 62, 89, 25, 0]|[2, 1, 1, 2, 1, 2, 1, 1, 1, 1, 1, 0, 2, 2, 1, 2, 0, 0, 0, 2, 2, 1, 0, 2, 0, 2, 2, 1, 0, 1, 1, 1, 0, 0, 1, 0, 2, 1, 2, 2, 0, 0, 1, 1, 0, 2, 0, 2, 1, 0, 0, 2, 0, 0, 2, 0, 1, 0, 0, 0, 2, 1, 0, 2, 2, 0, 2, 2, 0, 1, 2, 1, 1, 2, 0, 1, 1, 1, 1, 2, 2, 1, 1, 2, 1, 1, 1, 0, 1, 0, 0, 1, 1, 1, 2, 0, 1, 1, 1, 0]|[1, 3, 2, 0, 4, 1, 4, 4, 2, 4, 3, 2, 1, 0, 2, 1, 1, 1, 2, 1, 1, 3, 0, 1, 0, 1, 1, 4, 1, 4, 3, 2, 2, 0, 4, 1, 1, 4, 0, 1, 2, 1, 4, 4, 1, 1, 0, 2, 3, 1, 2, 1, 2, 1, 1, 2, 4, 2, 0, 2, 2, 3, 1, 0, 1, 2, 0, 1, 2, 4, 1, 3, 4, 1, 2, 4, 3, 3, 3, 1, 1, 4, 3, 1, 3, 3, 4, 2, 4, 2, 2, 4, 1, 3, 1, 2, 3, 4, 4, 2]|[1, 2, 1, 0, 3, 0, 1, 3, 0, 0, 2, 0, 1, 0, 1, 0, 0, 0, 1, 0, 0, 2, 0, 0, 1, 0, 0, 3, 0, 1, 0, 2, 0, 1, 3, 0, 1, 3, 1, 0, 0, 0, 1, 3, 0, 0, 1, 0, 2, 0, 0, 0, 0, 0, 1, 0, 1, 0, 1, 1, 0, 2, 0, 0, 0, 0, 0, 0, 0, 2, 0, 0, 1, 0, 0, 1, 0, 0, 3, 0, 0, 1, 0, 0, 0, 0, 3, 0, 2, 0, 0, 2, 1, 0, 0, 0, 0, 1, 3, 0],836.569815134707,52504.092339752446,107095.57005228325,false
23,G2_TEC,G2_TEC,[31, 22, 82, 15, 26, 9, 95, 42, 77, 68, 47, 5, 93, 78, 86, 54, 85, 63, 18, 44, 20, 49, 36, 14, 74, 50, 53, 17, 21, 28, 11, 64, 3, 23, 30, 83, 24, 41, 40, 52, 65, 27, 90, 70, 39, 87, 48, 69, 99, 4, 46, 1, 13, 58, 97, 59, 45, 8, 73, 37, 35, 79, 71, 66, 76, 32, 60, 80, 96, 6, 16, 61, 33, 7, 57, 34, 12, 67, 10, 98, 56, 88, 29, 75, 91, 38, 19, 92, 43, 84, 51, 72, 81, 25, 2, 55, 62, 89, 94, 0]|[2, 1, 2, 1, 1, 2, 1, 1, 1, 1, 1, 0, 2, 2, 1, 2, 0, 0, 0, 2, 2, 1, 0, 2, 0, 2, 2, 1, 0, 1, 1, 1, 0, 0, 1, 0, 2, 1, 2, 2, 0, 0, 1, 1, 0, 2, 0, 2, 1, 0, 0, 2, 0, 0, 2, 0, 1, 1, 0, 0, 2, 1, 1, 2, 2, 0, 2, 2, 0, 1, 2, 1, 1, 2, 0, 1, 1, 1, 1, 2, 2, 1, 1, 0, 1, 0, 1, 0, 1, 0, 1, 1, 1, 1, 2, 0, 1, 1, 2, 0]|[0, 3, 0, 3, 4, 1, 4, 4, 2, 4, 3, 2, 1, 0, 2, 1, 1, 1, 2, 1, 1, 3, 0, 1, 0, 1, 1, 4, 1, 4, 3, 2, 2, 0, 4, 1, 1, 4, 0, 1, 2, 1, 4, 4, 1, 1, 0, 2, 3, 2, 2, 1, 2, 1, 1, 2, 4, 3, 0, 2, 2, 3, 3, 0, 1, 2, 0, 1, 2, 4, 1, 3, 4, 1, 2, 4, 3, 3, 3, 1, 1, 4, 3, 2, 3, 2, 4, 2, 4, 2, 3, 4, 4, 4, 1, 2, 3, 4, 1, 2]|[0, 2, 0, 0, 3, 0, 1, 3, 0, 0, 2, 0, 1, 0, 1, 0, 0, 0, 1, 0, 0, 2, 0, 0, 1, 0, 0, 3, 0, 1, 0, 2, 0, 0, 3, 0, 1, 3, 0, 0, 0, 0, 1, 3, 0, 0, 1, 0, 2, 0, 0, 0, 0, 0, 1, 0, 1, 0, 1, 1, 0, 2, 0, 0, 0, 0, 0, 0, 0, 2, 0, 0, 1, 0, 0, 1, 0, 0, 3, 0, 0, 1, 0, 0, 0, 0, 1, 0, 2, 0, 0, 2, 1, 3, 0, 0, 0, 1, 0, 0],896.1029292898813,50428.13444364295,114595.46915086164,false
23,G3_TWC,G1_CMAX,[31, 22, 82, 15, 26, 9, 42, 95, 77, 12, 47, 5, 93, 78, 86, 54, 85, 63, 18, 44, 20, 35, 43, 97, 91, 76, 10, 30, 21, 45, 71, 64, 1, 23, 17, 83, 24, 14, 60, 36, 6, 57, 94, 88, 65, 56, 79, 40, 67, 68, 46, 75, 38, 58, 19, 32, 81, 41, 27, 62, 87, 90, 99, 59, 11, 16, 72, 73, 70, 39, 37, 84, 3, 92, 25, 55, 28, 29, 51, 7, 33, 61, 98, 66, 89, 50, 8, 96, 53, 4, 80, 13, 34, 49, 52, 0, 48, 69, 2, 74]|[1, 1, 0, 1, 1, 1, 2, 1, 2, 1, 2, 2, 2, 1, 1, 0, 0, 1, 0, 2, 2, 0, 1, 2, 0, 1, 2, 2, 0, 0, 1, 2, 1, 2, 1, 0, 2, 0, 1, 1, 0, 1, 1, 1, 0, 2, 1, 1, 0, 0, 0, 0, 1, 1, 2, 1, 2, 0, 0, 0, 2, 1, 0, 1, 2, 1, 2, 1, 1, 1, 1, 1, 1, 0, 1, 1, 0, 0, 0, 1, 2, 1, 0, 2, 1, 0, 1, 0, 0, 0, 0, 0, 2, 0, 1, 0, 0, 1, 0, 2]|[4, 3, 2, 2, 0, 0, 2, 2, 2, 4, 1, 1, 2, 4, 4, 1, 2, 4, 2, 1, 1, 1, 1, 2, 1, 2, 1, 1, 1, 1, 3, 2, 3, 0, 4, 0, 1, 1, 0, 3, 2, 2, 4, 0, 1, 1, 0, 2, 0, 1, 2, 2, 1, 4, 0, 3, 2, 1, 1, 2, 1, 3, 1, 1, 1, 3, 0, 4, 3, 1, 4, 1, 1, 0, 4, 4, 2, 1, 1, 3, 1, 3, 1, 1, 1, 1, 3, 1, 2, 2, 1, 1, 1, 1, 1, 2, 2, 3, 2, 1]|[0, 2, 1, 1, 3, 3, 0, 1, 0, 0, 0, 0, 1, 0, 1, 0, 0, 3, 1, 0, 0, 0, 3, 1, 0, 2, 0, 0, 0, 1, 0, 0, 0, 0, 3, 0, 1, 0, 0, 2, 1, 1, 2, 0, 0, 0, 0, 1, 1, 0, 0, 0, 1, 3, 0, 0, 1, 0, 0, 1, 0, 2, 0, 1, 0, 2, 1, 0, 0, 1, 1, 3, 1, 1, 3, 3, 1, 0, 0, 2, 0, 0, 0, 0, 1, 0, 2, 0, 1, 1, 0, 0, 0, 1, 1, 0, 0, 0, 0, 0],800.9728923351585,58117.763115372225,90558.04465999853,true
23,G1_CMAX,G1_CMAX,[31, 22, 82, 15, 26, 9, 42, 77, 12, 5, 47, 93, 78, 86, 54, 6, 63, 18, 44, 20, 35, 43, 97, 91, 76, 10, 30, 21, 45, 17, 23, 1, 71, 83, 24, 14, 60, 36, 85, 57, 40, 95, 88, 65, 56, 79, 94, 67, 68, 46, 75, 38, 58, 19, 32, 81, 41, 62, 87, 28, 90, 59, 11, 16, 72, 73, 69, 52, 37, 64, 84, 3, 25, 29, 55, 51, 7, 98, 61, 66, 99, 33, 89, 48, 50, 96, 53, 80, 4, 8, 27, 2, 39, 13, 0, 92, 49, 74, 34, 70]|[1, 1, 0, 1, 1, 1, 2, 2, 1, 2, 2, 1, 1, 1, 0, 0, 1, 0, 2, 2, 0, 1, 2, 2, 1, 2, 2, 0, 0, 1, 2, 1, 1, 0, 2, 0, 1, 1, 0, 1, 1, 1, 1, 0, 2, 1, 1, 0, 0, 0, 0, 1, 1, 2, 1, 2, 0, 0, 2, 0, 1, 2, 2, 1, 2, 1, 1, 1, 1, 1, 1, 2, 1, 0, 2, 0, 1, 2, 1, 0, 0, 2, 1, 0, 0, 2, 0, 0, 1, 1, 0, 0, 1, 0, 0, 0, 0, 2, 2, 1]|[0, 3, 1, 2, 0, 0, 1, 1, 4, 1, 1, 4, 4, 4, 2, 2, 4, 2, 1, 1, 1, 1, 2, 1, 2, 1, 1, 1, 1, 4, 0, 3, 3, 0, 1, 1, 0, 3, 2, 2, 2, 2, 0, 1, 1, 0, 4, 0, 1, 2, 2, 1, 4, 0, 3, 2, 1, 2, 1, 2, 3, 1, 1, 3, 0, 4, 4, 1, 4, 3, 1, 2, 4, 1, 1, 1, 1, 1, 3, 1, 1, 1, 1, 1, 1, 1, 2, 1, 4, 3, 2, 2, 1, 2, 2, 0, 1, 1, 1, 4]|[1, 1, 1, 1, 3, 3, 0, 0, 0, 0, 0, 2, 0, 1, 0, 0, 3, 1, 0, 0, 0, 3, 1, 0, 2, 0, 0, 0, 1, 3, 0, 0, 0, 0, 1, 0, 0, 2, 1, 1, 1, 1, 0, 0, 0, 0, 2, 1, 0, 0, 0, 1, 3, 0, 0, 1, 0, 1, 0, 1, 2, 0, 0, 2, 1, 0, 2, 1, 1, 0, 3, 1, 3, 0, 0, 0, 2, 0, 0, 0, 0, 0, 1, 0, 0, 0, 1, 0, 0, 2, 1, 0, 1, 0, 0, 1, 1, 0, 0, 2],733.3116759547878,58140.55643565909,96674.14109675489,false
23,G4_BALANCED,G4_BALANCED,[31, 11, 15, 82, 26, 9, 95, 32, 77, 68, 47, 5, 93, 78, 86, 54, 85, 63, 18, 44, 20, 49, 36, 14, 74, 50, 53, 17, 21, 45, 71, 64, 3, 23, 30, 83, 24, 41, 60, 52, 65, 27, 90, 70, 39, 87, 48, 69, 99, 4, 46, 1, 13, 58, 97, 59, 28, 75, 73, 37, 35, 79, 22, 66, 76, 42, 40, 80, 96, 6, 16, 61, 33, 7, 57, 34, 12, 67, 10, 98, 56, 88, 29, 94, 91, 51, 19, 92, 43, 84, 38, 72, 81, 8, 2, 55, 62, 89, 25, 0]|[2, 1, 1, 2, 1, 2, 1, 1, 1, 1, 1, 0, 2, 2, 1, 2, 0, 0, 0, 2, 2, 1, 0, 2, 0, 2, 2, 1, 0, 1, 1, 1, 0, 0, 1, 0, 2, 1, 2, 2, 0, 0, 1, 1, 0, 2, 0, 2, 1, 0, 0, 2, 0, 0, 2, 0, 1, 0, 0, 0, 2, 1, 0, 2, 2, 0, 2, 2, 0, 1, 2, 1, 1, 2, 0, 1, 1, 1, 1, 2, 2, 1, 1, 2, 1, 1, 1, 0, 1, 0, 0, 1, 1, 1, 2, 0, 1, 1, 1, 0]|[1, 3, 2, 0, 4, 1, 4, 4, 2, 4, 3, 2, 1, 0, 2, 1, 1, 1, 2, 1, 1, 3, 0, 1, 0, 1, 1, 4, 1, 4, 3, 2, 2, 0, 4, 1, 1, 4, 0, 1, 2, 1, 4, 4, 1, 1, 0, 2, 3, 1, 2, 1, 2, 1, 1, 2, 4, 2, 0, 2, 2, 3, 1, 0, 1, 2, 0, 1, 2, 4, 1, 3, 4, 1, 2, 4, 3, 3, 3, 1, 1, 4, 3, 1, 3, 3, 4, 2, 4, 2, 2, 4, 1, 3, 1, 2, 3, 4, 4, 2]|[1, 2, 1, 0, 3, 0, 1, 3, 0, 0, 2, 0, 1, 0, 1, 0, 0, 0, 1, 0, 0, 2, 0, 0, 1, 0, 0, 3, 0, 1, 0, 2, 0, 1, 3, 0, 1, 3, 1, 0, 0, 0, 1, 3, 0, 0, 1, 0, 2, 0, 0, 0, 0, 0, 1, 0, 1, 0, 1, 1, 0, 2, 0, 0, 0, 0, 0, 0, 0, 2, 0, 0, 1, 0, 0, 1, 0, 0, 3, 0, 0, 1, 0, 0, 0, 0, 3, 0, 2, 0, 0, 2, 1, 0, 0, 0, 0, 1, 3, 0],836.569815134707,52504.092339752446,107095.57005228325,false
23,G2_TEC,G2_TEC,[31, 22, 82, 15, 26, 9, 95, 42, 77, 68, 47, 5, 93, 78, 86, 54, 85, 63, 18, 44, 20, 49, 36, 14, 74, 50, 53, 17, 21, 28, 11, 64, 3, 23, 30, 83, 24, 41, 40, 52, 65, 27, 90, 70, 39, 87, 48, 69, 99, 4, 46, 1, 13, 58, 97, 59, 45, 8, 73, 37, 35, 79, 71, 66, 76, 32, 60, 80, 96, 6, 16, 61, 33, 7, 57, 34, 12, 67, 10, 98, 56, 88, 29, 75, 91, 38, 19, 92, 43, 84, 51, 72, 81, 25, 2, 55, 62, 89, 94, 0]|[2, 1, 2, 1, 1, 2, 1, 1, 1, 1, 1, 0, 2, 2, 1, 2, 0, 0, 0, 2, 2, 1, 0, 2, 0, 2, 2, 1, 0, 1, 1, 1, 0, 0, 1, 0, 2, 1, 2, 2, 0, 0, 1, 1, 0, 2, 0, 2, 1, 0, 0, 2, 0, 0, 2, 0, 1, 1, 0, 0, 2, 1, 1, 2, 2, 0, 2, 2, 0, 1, 2, 1, 1, 2, 0, 1, 1, 1, 1, 2, 2, 1, 1, 0, 1, 0, 1, 0, 1, 0, 1, 1, 1, 1, 2, 0, 1, 1, 2, 0]|[0, 3, 0, 3, 4, 1, 4, 4, 2, 4, 3, 2, 1, 0, 2, 1, 1, 1, 2, 1, 1, 3, 0, 1, 0, 1, 1, 4, 1, 4, 3, 2, 2, 0, 4, 1, 1, 4, 0, 1, 2, 1, 4, 4, 1, 1, 0, 2, 3, 2, 2, 1, 2, 1, 1, 2, 4, 3, 0, 2, 2, 3, 3, 0, 1, 2, 0, 1, 2, 4, 1, 3, 4, 1, 2, 4, 3, 3, 3, 1, 1, 4, 3, 2, 3, 2, 4, 2, 4, 2, 3, 4, 4, 4, 1, 2, 3, 4, 1, 2]|[0, 2, 0, 0, 3, 0, 1, 3, 0, 0, 2, 0, 1, 0, 1, 0, 0, 0, 1, 0, 0, 2, 0, 0, 1, 0, 0, 3, 0, 1, 0, 2, 0, 0, 3, 0, 1, 3, 0, 0, 0, 0, 1, 3, 0, 0, 1, 0, 2, 0, 0, 0, 0, 0, 1, 0, 1, 0, 1, 1, 0, 2, 0, 0, 0, 0, 0, 0, 0, 2, 0, 0, 1, 0, 0, 1, 0, 0, 3, 0, 0, 1, 0, 0, 0, 0, 1, 0, 2, 0, 0, 2, 1, 3, 0, 0, 0, 1, 0, 0],896.1029292898813,50428.13444364295,114595.46915086164,false
23,G3_TWC,G1_CMAX,[31, 22, 82, 15, 26, 9, 42, 95, 77, 12, 47, 5, 93, 78, 86, 54, 85, 63, 18, 44, 20, 35, 43, 97, 91, 76, 10, 30, 21, 45, 71, 64, 1, 23, 17, 83, 24, 14, 60, 36, 6, 57, 94, 88, 65, 56, 79, 40, 67, 68, 46, 75, 38, 58, 19, 32, 81, 41, 27, 62, 87, 90, 99, 59, 11, 16, 72, 73, 70, 39, 37, 84, 3, 92, 25, 55, 28, 29, 51, 7, 33, 61, 98, 66, 89, 50, 8, 96, 53, 4, 80, 13, 34, 49, 52, 0, 48, 69, 2, 74]|[1, 1, 0, 1, 1, 1, 2, 1, 2, 1, 2, 2, 2, 1, 1, 0, 0, 1, 0, 2, 2, 0, 1, 2, 0, 1, 2, 2, 0, 0, 1, 2, 1, 2, 1, 0, 2, 0, 1, 1, 0, 1, 1, 1, 0, 2, 1, 1, 0, 0, 0, 0, 1, 1, 2, 1, 2, 0, 0, 0, 2, 1, 0, 1, 2, 1, 2, 1, 1, 1, 1, 1, 1, 0, 1, 1, 0, 0, 0, 1, 2, 1, 0, 2, 1, 0, 1, 0, 0, 0, 0, 0, 2, 0, 1, 0, 0, 1, 0, 2]|[4, 3, 2, 2, 0, 0, 2, 2, 2, 4, 1, 1, 2, 4, 4, 1, 2, 4, 2, 1, 1, 1, 1, 2, 1, 2, 1, 1, 1, 1, 3, 2, 3, 0, 4, 0, 1, 1, 0, 3, 2, 2, 4, 0, 1, 1, 0, 2, 0, 1, 2, 2, 1, 4, 0, 3, 2, 1, 1, 2, 1, 3, 1, 1, 1, 3, 0, 4, 3, 1, 4, 1, 1, 0, 4, 4, 2, 1, 1, 3, 1, 3, 1, 1, 1, 1, 3, 1, 2, 2, 1, 1, 1, 1, 1, 2, 2, 3, 2, 1]|[0, 2, 1, 1, 3, 3, 0, 1, 0, 0, 0, 0, 1, 0, 1, 0, 0, 3, 1, 0, 0, 0, 3, 1, 0, 2, 0, 0, 0, 1, 0, 0, 0, 0, 3, 0, 1, 0, 0, 2, 1, 1, 2, 0, 0, 0, 0, 1, 1, 0, 0, 0, 1, 3, 0, 0, 1, 0, 0, 1, 0, 2, 0, 1, 0, 2, 1, 0, 0, 1, 1, 3, 1, 1, 3, 3, 1, 0, 0, 2, 0, 0, 0, 0, 1, 0, 2, 0, 1, 1, 0, 0, 0, 1, 1, 0, 0, 0, 0, 0],800.9728923351585,58117.763115372225,90558.04465999853,true
23,G1_CMAX,G1_CMAX,[31, 22, 82, 15, 26, 9, 42, 77, 12, 5, 47, 93, 78, 86, 54, 6, 63, 18, 44, 20, 35, 43, 97, 91, 76, 10, 30, 21, 45, 17, 23, 1, 71, 83, 24, 14, 60, 36, 85, 57, 40, 95, 88, 65, 56, 79, 94, 67, 68, 46, 75, 38, 58, 19, 32, 81, 41, 62, 87, 28, 90, 59, 11, 16, 72, 73, 69, 52, 37, 64, 84, 3, 25, 29, 55, 51, 7, 98, 61, 66, 99, 33, 89, 48, 50, 96, 53, 80, 4, 8, 27, 2, 39, 13, 0, 92, 49, 74, 34, 70]|[1, 1, 0, 1, 1, 1, 2, 2, 1, 2, 2, 1, 1, 1, 0, 0, 1, 0, 2, 2, 0, 1, 2, 2, 1, 2, 2, 0, 0, 1, 2, 1, 1, 0, 2, 0, 1, 1, 0, 1, 1, 1, 1, 0, 2, 1, 1, 0, 0, 0, 0, 1, 1, 2, 1, 2, 0, 0, 2, 0, 1, 2, 2, 1, 2, 1, 1, 1, 1, 1, 1, 2, 1, 0, 2, 0, 1, 2, 1, 0, 0, 2, 1, 0, 0, 2, 0, 0, 1, 1, 0, 0, 1, 0, 0, 0, 0, 2, 2, 1]|[0, 3, 1, 2, 0, 0, 1, 1, 4, 1, 1, 4, 4, 4, 2, 2, 4, 2, 1, 1, 1, 1, 2, 1, 2, 1, 1, 1, 1, 4, 0, 3, 3, 0, 1, 1, 0, 3, 2, 2, 2, 2, 0, 1, 1, 0, 4, 0, 1, 2, 2, 1, 4, 0, 3, 2, 1, 2, 1, 2, 3, 1, 1, 3, 0, 4, 4, 1, 4, 3, 1, 2, 4, 1, 1, 1, 1, 1, 3, 1, 1, 1, 1, 1, 1, 1, 2, 1, 4, 3, 2, 2, 1, 2, 2, 0, 1, 1, 1, 4]|[1, 1, 1, 1, 3, 3, 0, 0, 0, 0, 0, 2, 0, 1, 0, 0, 3, 1, 0, 0, 0, 3, 1, 0, 2, 0, 0, 0, 1, 3, 0, 0, 0, 0, 1, 0, 0, 2, 1, 1, 1, 1, 0, 0, 0, 0, 2, 1, 0, 0, 0, 1, 3, 0, 0, 1, 0, 1, 0, 1, 2, 0, 0, 2, 1, 0, 2, 1, 1, 0, 3, 1, 3, 0, 0, 0, 2, 0, 0, 0, 0, 0, 1, 0, 0, 0, 1, 0, 0, 2, 1, 0, 1, 0, 0, 1, 1, 0, 0, 2],733.3116759547878,58140.55643565909,96674.14109675489,false
23,G4_BALANCED,G4_BALANCED,[31, 11, 15, 82, 26, 9, 95, 32, 77, 68, 47, 5, 93, 78, 86, 54, 85, 63, 18, 44, 20, 49, 36, 14, 74, 50, 53, 17, 21, 45, 71, 64, 3, 23, 30, 83, 24, 41, 60, 52, 65, 27, 90, 70, 39, 87, 48, 69, 99, 4, 46, 1, 13, 58, 97, 59, 28, 75, 73, 37, 35, 79, 22, 66, 76, 42, 40, 80, 96, 6, 16, 61, 33, 7, 57, 34, 12, 67, 10, 98, 56, 88, 29, 94, 91, 51, 19, 92, 43, 84, 38, 72, 81, 8, 2, 55, 62, 89, 25, 0]|[2, 1, 1, 2, 1, 2, 1, 1, 1, 1, 1, 0, 2, 2, 1, 2, 0, 0, 0, 2, 2, 1, 0, 2, 0, 2, 2, 1, 0, 1, 1, 1, 0, 0, 1, 0, 2, 1, 2, 2, 0, 0, 1, 1, 0, 2, 0, 2, 1, 0, 0, 2, 0, 0, 2, 0, 1, 0, 0, 0, 2, 1, 0, 2, 2, 0, 2, 2, 0, 1, 2, 1, 1, 2, 0, 1, 1, 1, 1, 2, 2, 1, 1, 2, 1, 1, 1, 0, 1, 0, 0, 1, 1, 1, 2, 0, 1, 1, 1, 0]|[1, 3, 2, 0, 4, 1, 4, 4, 2, 4, 3, 2, 1, 0, 2, 1, 1, 1, 2, 1, 1, 3, 0, 1, 0, 1, 1, 4, 1, 4, 3, 2, 2, 0, 4, 1, 1, 4, 0, 1, 2, 1, 4, 4, 1, 1, 0, 2, 3, 1, 2, 1, 2, 1, 1, 2, 4, 2, 0, 2, 2, 3, 1, 0, 1, 2, 0, 1, 2, 4, 1, 3, 4, 1, 2, 4, 3, 3, 3, 1, 1, 4, 3, 1, 3, 3, 4, 2, 4, 2, 2, 4, 1, 3, 1, 2, 3, 4, 4, 2]|[1, 2, 1, 0, 3, 0, 1, 3, 0, 0, 2, 0, 1, 0, 1, 0, 0, 0, 1, 0, 0, 2, 0, 0, 1, 0, 0, 3, 0, 1, 0, 2, 0, 1, 3, 0, 1, 3, 1, 0, 0, 0, 1, 3, 0, 0, 1, 0, 2, 0, 0, 0, 0, 0, 1, 0, 1, 0, 1, 1, 0, 2, 0, 0, 0, 0, 0, 0, 0, 2, 0, 0, 1, 0, 0, 1, 0, 0, 3, 0, 0, 1, 0, 0, 0, 0, 3, 0, 2, 0, 0, 2, 1, 0, 0, 0, 0, 1, 3, 0],836.569815134707,52504.092339752446,107095.57005228325,false
23,G2_TEC,G2_TEC,[31, 22, 82, 15, 26, 9, 95, 42, 77, 68, 47, 5, 93, 78, 86, 54, 85, 63, 18, 44, 20, 49, 36, 14, 74, 50, 53, 17, 21, 28, 11, 64, 3, 23, 30, 83, 24, 41, 40, 52, 65, 27, 90, 70, 39, 87, 48, 69, 99, 4, 46, 1, 13, 58, 97, 59, 45, 8, 73, 37, 35, 79, 71, 66, 76, 32, 60, 80, 96, 6, 16, 61, 33, 7, 57, 34, 12, 67, 10, 98, 56, 88, 29, 75, 91, 38, 19, 92, 43, 84, 51, 72, 81, 25, 2, 55, 62, 89, 94, 0]|[2, 1, 2, 1, 1, 2, 1, 1, 1, 1, 1, 0, 2, 2, 1, 2, 0, 0, 0, 2, 2, 1, 0, 2, 0, 2, 2, 1, 0, 1, 1, 1, 0, 0, 1, 0, 2, 1, 2, 2, 0, 0, 1, 1, 0, 2, 0, 2, 1, 0, 0, 2, 0, 0, 2, 0, 1, 1, 0, 0, 2, 1, 1, 2, 2, 0, 2, 2, 0, 1, 2, 1, 1, 2, 0, 1, 1, 1, 1, 2, 2, 1, 1, 0, 1, 0, 1, 0, 1, 0, 1, 1, 1, 1, 2, 0, 1, 1, 2, 0]|[0, 3, 0, 3, 4, 1, 4, 4, 2, 4, 3, 2, 1, 0, 2, 1, 1, 1, 2, 1, 1, 3, 0, 1, 0, 1, 1, 4, 1, 4, 3, 2, 2, 0, 4, 1, 1, 4, 0, 1, 2, 1, 4, 4, 1, 1, 0, 2, 3, 2, 2, 1, 2, 1, 1, 2, 4, 3, 0, 2, 2, 3, 3, 0, 1, 2, 0, 1, 2, 4, 1, 3, 4, 1, 2, 4, 3, 3, 3, 1, 1, 4, 3, 2, 3, 2, 4, 2, 4, 2, 3, 4, 4, 4, 1, 2, 3, 4, 1, 2]|[0, 2, 0, 0, 3, 0, 1, 3, 0, 0, 2, 0, 1, 0, 1, 0, 0, 0, 1, 0, 0, 2, 0, 0, 1, 0, 0, 3, 0, 1, 0, 2, 0, 0, 3, 0, 1, 3, 0, 0, 0, 0, 1, 3, 0, 0, 1, 0, 2, 0, 0, 0, 0, 0, 1, 0, 1, 0, 1, 1, 0, 2, 0, 0, 0, 0, 0, 0, 0, 2, 0, 0, 1, 0, 0, 1, 0, 0, 3, 0, 0, 1, 0, 0, 0, 0, 1, 0, 2, 0, 0, 2, 1, 3, 0, 0, 0, 1, 0, 0],896.1029292898813,50428.13444364295,114595.46915086164,false
23,G3_TWC,G1_CMAX,[31, 22, 82, 15, 26, 9, 42, 95, 77, 12, 47, 5, 93, 78, 86, 54, 85, 63, 18, 44, 20, 35, 43, 97, 91, 76, 10, 30, 21, 45, 71, 64, 1, 23, 17, 83, 24, 14, 60, 36, 6, 57, 94, 88, 65, 56, 79, 40, 67, 68, 46, 75, 38, 58, 19, 32, 81, 41, 27, 62, 87, 90, 99, 59, 11, 16, 72, 73, 70, 39, 37, 84, 3, 92, 25, 55, 28, 29, 51, 7, 33, 61, 98, 66, 89, 50, 8, 96, 53, 4, 80, 13, 34, 49, 52, 0, 48, 69, 2, 74]|[1, 1, 0, 1, 1, 1, 2, 1, 2, 1, 2, 2, 2, 1, 1, 0, 0, 1, 0, 2, 2, 0, 1, 2, 0, 1, 2, 2, 0, 0, 1, 2, 1, 2, 1, 0, 2, 0, 1, 1, 0, 1, 1, 1, 0, 2, 1, 1, 0, 0, 0, 0, 1, 1, 2, 1, 2, 0, 0, 0, 2, 1, 0, 1, 2, 1, 2, 1, 1, 1, 1, 1, 1, 0, 1, 1, 0, 0, 0, 1, 2, 1, 0, 2, 1, 0, 1, 0, 0, 0, 0, 0, 2, 0, 1, 0, 0, 1, 0, 2]|[4, 3, 2, 2, 0, 0, 2, 2, 2, 4, 1, 1, 2, 4, 4, 1, 2, 4, 2, 1, 1, 1, 1, 2, 1, 2, 1, 1, 1, 1, 3, 2, 3, 0, 4, 0, 1, 1, 0, 3, 2, 2, 4, 0, 1, 1, 0, 2, 0, 1, 2, 2, 1, 4, 0, 3, 2, 1, 1, 2, 1, 3, 1, 1, 1, 3, 0, 4, 3, 1, 4, 1, 1, 0, 4, 4, 2, 1, 1, 3, 1, 3, 1, 1, 1, 1, 3, 1, 2, 2, 1, 1, 1, 1, 1, 2, 2, 3, 2, 1]|[0, 2, 1, 1, 3, 3, 0, 1, 0, 0, 0, 0, 1, 0, 1, 0, 0, 3, 1, 0, 0, 0, 3, 1, 0, 2, 0, 0, 0, 1, 0, 0, 0, 0, 3, 0, 1, 0, 0, 2, 1, 1, 2, 0, 0, 0, 0, 1, 1, 0, 0, 0, 1, 3, 0, 0, 1, 0, 0, 1, 0, 2, 0, 1, 0, 2, 1, 0, 0, 1, 1, 3, 1, 1, 3, 3, 1, 0, 0, 2, 0, 0, 0, 0, 1, 0, 2, 0, 1, 1, 0, 0, 0, 1, 1, 0, 0, 0, 0, 0],800.9728923351585,58117.763115372225,90558.04465999853,true
23,G1_CMAX,G1_CMAX,[31, 22, 82, 15, 26, 9, 42, 77, 12, 5, 47, 93, 78, 86, 54, 6, 63, 18, 44, 20, 35, 43, 97, 91, 76, 10, 30, 21, 45, 17, 23, 1, 71, 83, 24, 14, 60, 36, 85, 57, 40, 95, 88, 65, 56, 79, 94, 67, 68, 46, 75, 38, 58, 19, 32, 81, 41, 62, 87, 28, 90, 59, 11, 16, 72, 73, 69, 52, 37, 64, 84, 3, 25, 29, 55, 51, 7, 98, 61, 66, 99, 33, 89, 48, 50, 96, 53, 80, 4, 8, 27, 2, 39, 13, 0, 92, 49, 74, 34, 70]|[1, 1, 0, 1, 1, 1, 2, 2, 1, 2, 2, 1, 1, 1, 0, 0, 1, 0, 2, 2, 0, 1, 2, 2, 1, 2, 2, 0, 0, 1, 2, 1, 1, 0, 2, 0, 1, 1, 0, 1, 1, 1, 1, 0, 2, 1, 1, 0, 0, 0, 0, 1, 1, 2, 1, 2, 0, 0, 2, 0, 1, 2, 2, 1, 2, 1, 1, 1, 1, 1, 1, 2, 1, 0, 2, 0, 1, 2, 1, 0, 0, 2, 1, 0, 0, 2, 0, 0, 1, 1, 0, 0, 1, 0, 0, 0, 0, 2, 2, 1]|[0, 3, 1, 2, 0, 0, 1, 1, 4, 1, 1, 4, 4, 4, 2, 2, 4, 2, 1, 1, 1, 1, 2, 1, 2, 1, 1, 1, 1, 4, 0, 3, 3, 0, 1, 1, 0, 3, 2, 2, 2, 2, 0, 1, 1, 0, 4, 0, 1, 2, 2, 1, 4, 0, 3, 2, 1, 2, 1, 2, 3, 1, 1, 3, 0, 4, 4, 1, 4, 3, 1, 2, 4, 1, 1, 1, 1, 1, 3, 1, 1, 1, 1, 1, 1, 1, 2, 1, 4, 3, 2, 2, 1, 2, 2, 0, 1, 1, 1, 4]|[1, 1, 1, 1, 3, 3, 0, 0, 0, 0, 0, 2, 0, 1, 0, 0, 3, 1, 0, 0, 0, 3, 1, 0, 2, 0, 0, 0, 1, 3, 0, 0, 0, 0, 1, 0, 0, 2, 1, 1, 1, 1, 0, 0, 0, 0, 2, 1, 0, 0, 0, 1, 3, 0, 0, 1, 0, 1, 0, 1, 2, 0, 0, 2, 1, 0, 2, 1, 1, 0, 3, 1, 3, 0, 0, 0, 2, 0, 0, 0, 0, 0, 1, 0, 0, 0, 1, 0, 0, 2, 1, 0, 1, 0, 0, 1, 1, 0, 0, 2],733.3116759547878,58140.55643565909,96674.14109675489,false
23,G4_BALANCED,G4_BALANCED,[31, 11, 15, 82, 26, 9, 95, 32, 77, 68, 47, 5, 93, 78, 86, 54, 85, 63, 18, 44, 20, 49, 36, 14, 74, 50, 53, 17, 21, 45, 71, 64, 3, 23, 30, 83, 24, 41, 60, 52, 65, 27, 90, 70, 39, 87, 48, 69, 99, 4, 46, 1, 13, 58, 97, 59, 28, 75, 73, 37, 35, 79, 22, 66, 76, 42, 40, 80, 96, 6, 16, 61, 33, 7, 57, 34, 12, 67, 10, 98, 56, 88, 29, 94, 91, 51, 19, 92, 43, 84, 38, 72, 81, 8, 2, 55, 62, 89, 25, 0]|[2, 1, 1, 2, 1, 2, 1, 1, 1, 1, 1, 0, 2, 2, 1, 2, 0, 0, 0, 2, 2, 1, 0, 2, 0, 2, 2, 1, 0, 1, 1, 1, 0, 0, 1, 0, 2, 1, 2, 2, 0, 0, 1, 1, 0, 2, 0, 2, 1, 0, 0, 2, 0, 0, 2, 0, 1, 0, 0, 0, 2, 1, 0, 2, 2, 0, 2, 2, 0, 1, 2, 1, 1, 2, 0, 1, 1, 1, 1, 2, 2, 1, 1, 2, 1, 1, 1, 0, 1, 0, 0, 1, 1, 1, 2, 0, 1, 1, 1, 0]|[1, 3, 2, 0, 4, 1, 4, 4, 2, 4, 3, 2, 1, 0, 2, 1, 1, 1, 2, 1, 1, 3, 0, 1, 0, 1, 1, 4, 1, 4, 3, 2, 2, 0, 4, 1, 1, 4, 0, 1, 2, 1, 4, 4, 1, 1, 0, 2, 3, 1, 2, 1, 2, 1, 1, 2, 4, 2, 0, 2, 2, 3, 1, 0, 1, 2, 0, 1, 2, 4, 1, 3, 4, 1, 2, 4, 3, 3, 3, 1, 1, 4, 3, 1, 3, 3, 4, 2, 4, 2, 2, 4, 1, 3, 1, 2, 3, 4, 4, 2]|[1, 2, 1, 0, 3, 0, 1, 3, 0, 0, 2, 0, 1, 0, 1, 0, 0, 0, 1, 0, 0, 2, 0, 0, 1, 0, 0, 3, 0, 1, 0, 2, 0, 1, 3, 0, 1, 3, 1, 0, 0, 0, 1, 3, 0, 0, 1, 0, 2, 0, 0, 0, 0, 0, 1, 0, 1, 0, 1, 1, 0, 2, 0, 0, 0, 0, 0, 0, 0, 2, 0, 0, 1, 0, 0, 1, 0, 0, 3, 0, 0, 1, 0, 0, 0, 0, 3, 0, 2, 0, 0, 2, 1, 0, 0, 0, 0, 1, 3, 0],836.569815134707,52504.092339752446,107095.57005228325,false
23,G2_TEC,G2_TEC,[31, 22, 82, 15, 26, 9, 95, 42, 77, 68, 47, 5, 93, 78, 86, 54, 85, 63, 18, 44, 20, 49, 36, 14, 74, 50, 53, 17, 21, 28, 11, 64, 3, 23, 30, 83, 24, 41, 40, 52, 65, 27, 90, 70, 39, 87, 48, 69, 99, 4, 46, 1, 13, 58, 97, 59, 45, 8, 73, 37, 35, 79, 71, 66, 76, 32, 60, 80, 96, 6, 16, 61, 33, 7, 57, 34, 12, 67, 10, 98, 56, 88, 29, 75, 91, 38, 19, 92, 43, 84, 51, 72, 81, 25, 2, 55, 62, 89, 94, 0]|[2, 1, 2, 1, 1, 2, 1, 1, 1, 1, 1, 0, 2, 2, 1, 2, 0, 0, 0, 2, 2, 1, 0, 2, 0, 2, 2, 1, 0, 1, 1, 1, 0, 0, 1, 0, 2, 1, 2, 2, 0, 0, 1, 1, 0, 2, 0, 2, 1, 0, 0, 2, 0, 0, 2, 0, 1, 1, 0, 0, 2, 1, 1, 2, 2, 0, 2, 2, 0, 1, 2, 1, 1, 2, 0, 1, 1, 1, 1, 2, 2, 1, 1, 0, 1, 0, 1, 0, 1, 0, 1, 1, 1, 1, 2, 0, 1, 1, 2, 0]|[0, 3, 0, 3, 4, 1, 4, 4, 2, 4, 3, 2, 1, 0, 2, 1, 1, 1, 2, 1, 1, 3, 0, 1, 0, 1, 1, 4, 1, 4, 3, 2, 2, 0, 4, 1, 1, 4, 0, 1, 2, 1, 4, 4, 1, 1, 0, 2, 3, 2, 2, 1, 2, 1, 1, 2, 4, 3, 0, 2, 2, 3, 3, 0, 1, 2, 0, 1, 2, 4, 1, 3, 4, 1, 2, 4, 3, 3, 3, 1, 1, 4, 3, 2, 3, 2, 4, 2, 4, 2, 3, 4, 4, 4, 1, 2, 3, 4, 1, 2]|[0, 2, 0, 0, 3, 0, 1, 3, 0, 0, 2, 0, 1, 0, 1, 0, 0, 0, 1, 0, 0, 2, 0, 0, 1, 0, 0, 3, 0, 1, 0, 2, 0, 0, 3, 0, 1, 3, 0, 0, 0, 0, 1, 3, 0, 0, 1, 0, 2, 0, 0, 0, 0, 0, 1, 0, 1, 0, 1, 1, 0, 2, 0, 0, 0, 0, 0, 0, 0, 2, 0, 0, 1, 0, 0, 1, 0, 0, 3, 0, 0, 1, 0, 0, 0, 0, 1, 0, 2, 0, 0, 2, 1, 3, 0, 0, 0, 1, 0, 0],896.1029292898813,50428.13444364295,114595.46915086164,false
23,G3_TWC,G1_CMAX,[31, 22, 82, 15, 26, 9, 42, 95, 77, 12, 47, 5, 93, 78, 86, 54, 85, 63, 18, 44, 20, 35, 43, 97, 91, 76, 10, 30, 21, 45, 71, 64, 1, 23, 17, 83, 24, 14, 60, 36, 6, 57, 94, 88, 65, 56, 79, 40, 67, 68, 46, 75, 38, 58, 19, 32, 81, 41, 27, 62, 87, 90, 99, 59, 11, 16, 72, 73, 70, 39, 37, 84, 3, 92, 25, 55, 28, 29, 51, 7, 33, 61, 98, 66, 89, 50, 8, 96, 53, 4, 80, 13, 34, 49, 52, 0, 48, 69, 2, 74]|[1, 1, 0, 1, 1, 1, 2, 1, 2, 1, 2, 2, 2, 1, 1, 0, 0, 1, 0, 2, 2, 0, 1, 2, 0, 1, 2, 2, 0, 0, 1, 2, 1, 2, 1, 0, 2, 0, 1, 1, 0, 1, 1, 1, 0, 2, 1, 1, 0, 0, 0, 0, 1, 1, 2, 1, 2, 0, 0, 0, 2, 1, 0, 1, 2, 1, 2, 1, 1, 1, 1, 1, 1, 0, 1, 1, 0, 0, 0, 1, 2, 1, 0, 2, 1, 0, 1, 0, 0, 0, 0, 0, 2, 0, 1, 0, 0, 1, 0, 2]|[4, 3, 2, 2, 0, 0, 2, 2, 2, 4, 1, 1, 2, 4, 4, 1, 2, 4, 2, 1, 1, 1, 1, 2, 1, 2, 1, 1, 1, 1, 3, 2, 3, 0, 4, 0, 1, 1, 0, 3, 2, 2, 4, 0, 1, 1, 0, 2, 0, 1, 2, 2, 1, 4, 0, 3, 2, 1, 1, 2, 1, 3, 1, 1, 1, 3, 0, 4, 3, 1, 4, 1, 1, 0, 4, 4, 2, 1, 1, 3, 1, 3, 1, 1, 1, 1, 3, 1, 2, 2, 1, 1, 1, 1, 1, 2, 2, 3, 2, 1]|[0, 2, 1, 1, 3, 3, 0, 1, 0, 0, 0, 0, 1, 0, 1, 0, 0, 3, 1, 0, 0, 0, 3, 1, 0, 2, 0, 0, 0, 1, 0, 0, 0, 0, 3, 0, 1, 0, 0, 2, 1, 1, 2, 0, 0, 0, 0, 1, 1, 0, 0, 0, 1, 3, 0, 0, 1, 0, 0, 1, 0, 2, 0, 1, 0, 2, 1, 0, 0, 1, 1, 3, 1, 1, 3, 3, 1, 0, 0, 2, 0, 0, 0, 0, 1, 0, 2, 0, 1, 1, 0, 0, 0, 1, 1, 0, 0, 0, 0, 0],800.9728923351585,58117.763115372225,90558.04465999853,true
23,G1_CMAX,G1_CMAX,[31, 22, 82, 15, 26, 9, 42, 77, 12, 5, 47, 93, 78, 86, 54, 6, 63, 18, 44, 20, 35, 43, 97, 91, 76, 10, 30, 21, 45, 17, 23, 1, 71, 83, 24, 14, 60, 36, 85, 57, 40, 95, 88, 65, 56, 79, 94, 67, 68, 46, 75, 38, 58, 19, 32, 81, 41, 62, 87, 28, 90, 59, 11, 16, 72, 73, 69, 52, 37, 64, 84, 3, 25, 29, 55, 51, 7, 98, 61, 66, 99, 33, 89, 48, 50, 96, 53, 80, 4, 8, 27, 2, 39, 13, 0, 92, 49, 74, 34, 70]|[1, 1, 0, 1, 1, 1, 2, 2, 1, 2, 2, 1, 1, 1, 0, 0, 1, 0, 2, 2, 0, 1, 2, 2, 1, 2, 2, 0, 0, 1, 2, 1, 1, 0, 2, 0, 1, 1, 0, 1, 1, 1, 1, 0, 2, 1, 1, 0, 0, 0, 0, 1, 1, 2, 1, 2, 0, 0, 2, 0, 1, 2, 2, 1, 2, 1, 1, 1, 1, 1, 1, 2, 1, 0, 2, 0, 1, 2, 1, 0, 0, 2, 1, 0, 0, 2, 0, 0, 1, 1, 0, 0, 1, 0, 0, 0, 0, 2, 2, 1]|[0, 3, 1, 2, 0, 0, 1, 1, 4, 1, 1, 4, 4, 4, 2, 2, 4, 2, 1, 1, 1, 1, 2, 1, 2, 1, 1, 1, 1, 4, 0, 3, 3, 0, 1, 1, 0, 3, 2, 2, 2, 2, 0, 1, 1, 0, 4, 0, 1, 2, 2, 1, 4, 0, 3, 2, 1, 2, 1, 2, 3, 1, 1, 3, 0, 4, 4, 1, 4, 3, 1, 2, 4, 1, 1, 1, 1, 1, 3, 1, 1, 1, 1, 1, 1, 1, 2, 1, 4, 3, 2, 2, 1, 2, 2, 0, 1, 1, 1, 4]|[1, 1, 1, 1, 3, 3, 0, 0, 0, 0, 0, 2, 0, 1, 0, 0, 3, 1, 0, 0, 0, 3, 1, 0, 2, 0, 0, 0, 1, 3, 0, 0, 0, 0, 1, 0, 0, 2, 1, 1, 1, 1, 0, 0, 0, 0, 2, 1, 0, 0, 0, 1, 3, 0, 0, 1, 0, 1, 0, 1, 2, 0, 0, 2, 1, 0, 2, 1, 1, 0, 3, 1, 3, 0, 0, 0, 2, 0, 0, 0, 0, 0, 1, 0, 0, 0, 1, 0, 0, 2, 1, 0, 1, 0, 0, 1, 1, 0, 0, 2],733.3116759547878,58140.55643565909,96674.14109675489,false
23,G4_BALANCED,G4_BALANCED,[31, 11, 15, 82, 26, 9, 95, 32, 77, 68, 47, 5, 93, 78, 86, 54, 85, 63, 18, 44, 20, 49, 36, 14, 74, 50, 53, 17, 21, 45, 71, 64, 3, 23, 30, 83, 24, 41, 60, 52, 65, 27, 90, 70, 39, 87, 48, 69, 99, 4, 46, 1, 13, 58, 97, 59, 28, 75, 73, 37, 35, 79, 22, 66, 76, 42, 40, 80, 96, 6, 16, 61, 33, 7, 57, 34, 12, 67, 10, 98, 56, 88, 29, 94, 91, 51, 19, 92, 43, 84, 38, 72, 81, 8, 2, 55, 62, 89, 25, 0]|[2, 1, 1, 2, 1, 2, 1, 1, 1, 1, 1, 0, 2, 2, 1, 2, 0, 0, 0, 2, 2, 1, 0, 2, 0, 2, 2, 1, 0, 1, 1, 1, 0, 0, 1, 0, 2, 1, 2, 2, 0, 0, 1, 1, 0, 2, 0, 2, 1, 0, 0, 2, 0, 0, 2, 0, 1, 0, 0, 0, 2, 1, 0, 2, 2, 0, 2, 2, 0, 1, 2, 1, 1, 2, 0, 1, 1, 1, 1, 2, 2, 1, 1, 2, 1, 1, 1, 0, 1, 0, 0, 1, 1, 1, 2, 0, 1, 1, 1, 0]|[1, 3, 2, 0, 4, 1, 4, 4, 2, 4, 3, 2, 1, 0, 2, 1, 1, 1, 2, 1, 1, 3, 0, 1, 0, 1, 1, 4, 1, 4, 3, 2, 2, 0, 4, 1, 1, 4, 0, 1, 2, 1, 4, 4, 1, 1, 0, 2, 3, 1, 2, 1, 2, 1, 1, 2, 4, 2, 0, 2, 2, 3, 1, 0, 1, 2, 0, 1, 2, 4, 1, 3, 4, 1, 2, 4, 3, 3, 3, 1, 1, 4, 3, 1, 3, 3, 4, 2, 4, 2, 2, 4, 1, 3, 1, 2, 3, 4, 4, 2]|[1, 2, 1, 0, 3, 0, 1, 3, 0, 0, 2, 0, 1, 0, 1, 0, 0, 0, 1, 0, 0, 2, 0, 0, 1, 0, 0, 3, 0, 1, 0, 2, 0, 1, 3, 0, 1, 3, 1, 0, 0, 0, 1, 3, 0, 0, 1, 0, 2, 0, 0, 0, 0, 0, 1, 0, 1, 0, 1, 1, 0, 2, 0, 0, 0, 0, 0, 0, 0, 2, 0, 0, 1, 0, 0, 1, 0, 0, 3, 0, 0, 1, 0, 0, 0, 0, 3, 0, 2, 0, 0, 2, 1, 0, 0, 0, 0, 1, 3, 0],836.569815134707,52504.092339752446,107095.57005228325,false
23,G2_TEC,G2_TEC,[31, 22, 82, 15, 26, 9, 95, 42, 77, 68, 47, 5, 93, 78, 86, 54, 85, 63, 18, 44, 20, 49, 36, 14, 74, 50, 53, 17, 21, 28, 11, 64, 3, 23, 30, 83, 24, 41, 40, 52, 65, 27, 90, 70, 39, 87, 48, 69, 99, 4, 46, 1, 13, 58, 97, 59, 45, 8, 73, 37, 35, 79, 71, 66, 76, 32, 60, 80, 96, 6, 16, 61, 33, 7, 57, 34, 12, 67, 10, 98, 56, 88, 29, 75, 91, 38, 19, 92, 43, 84, 51, 72, 81, 25, 2, 55, 62, 89, 94, 0]|[2, 1, 2, 1, 1, 2, 1, 1, 1, 1, 1, 0, 2, 2, 1, 2, 0, 0, 0, 2, 2, 1, 0, 2, 0, 2, 2, 1, 0, 1, 1, 1, 0, 0, 1, 0, 2, 1, 2, 2, 0, 0, 1, 1, 0, 2, 0, 2, 1, 0, 0, 2, 0, 0, 2, 0, 1, 1, 0, 0, 2, 1, 1, 2, 2, 0, 2, 2, 0, 1, 2, 1, 1, 2, 0, 1, 1, 1, 1, 2, 2, 1, 1, 0, 1, 0, 1, 0, 1, 0, 1, 1, 1, 1, 2, 0, 1, 1, 2, 0]|[0, 3, 0, 3, 4, 1, 4, 4, 2, 4, 3, 2, 1, 0, 2, 1, 1, 1, 2, 1, 1, 3, 0, 1, 0, 1, 1, 4, 1, 4, 3, 2, 2, 0, 4, 1, 1, 4, 0, 1, 2, 1, 4, 4, 1, 1, 0, 2, 3, 2, 2, 1, 2, 1, 1, 2, 4, 3, 0, 2, 2, 3, 3, 0, 1, 2, 0, 1, 2, 4, 1, 3, 4, 1, 2, 4, 3, 3, 3, 1, 1, 4, 3, 2, 3, 2, 4, 2, 4, 2, 3, 4, 4, 4, 1, 2, 3, 4, 1, 2]|[0, 2, 0, 0, 3, 0, 1, 3, 0, 0, 2, 0, 1, 0, 1, 0, 0, 0, 1, 0, 0, 2, 0, 0, 1, 0, 0, 3, 0, 1, 0, 2, 0, 0, 3, 0, 1, 3, 0, 0, 0, 0, 1, 3, 0, 0, 1, 0, 2, 0, 0, 0, 0, 0, 1, 0, 1, 0, 1, 1, 0, 2, 0, 0, 0, 0, 0, 0, 0, 2, 0, 0, 1, 0, 0, 1, 0, 0, 3, 0, 0, 1, 0, 0, 0, 0, 1, 0, 2, 0, 0, 2, 1, 3, 0, 0, 0, 1, 0, 0],896.1029292898813,50428.13444364295,114595.46915086164,false
23,G3_TWC,G1_CMAX,[31, 22, 82, 15, 26, 9, 42, 95, 77, 12, 47, 5, 93, 78, 86, 54, 85, 63, 18, 44, 20, 35, 43, 97, 91, 76, 10, 30, 21, 45, 71, 64, 1, 23, 17, 83, 24, 14, 60, 36, 6, 57, 94, 88, 65, 56, 79, 40, 67, 68, 46, 75, 38, 58, 19, 32, 81, 41, 27, 62, 87, 90, 99, 59, 11, 16, 72, 73, 70, 39, 37, 84, 3, 92, 25, 55, 28, 29, 51, 7, 33, 61, 98, 66, 89, 50, 8, 96, 53, 4, 80, 13, 34, 49, 52, 0, 48, 69, 2, 74]|[1, 1, 0, 1, 1, 1, 2, 1, 2, 1, 2, 2, 2, 1, 1, 0, 0, 1, 0, 2, 2, 0, 1, 2, 0, 1, 2, 2, 0, 0, 1, 2, 1, 2, 1, 0, 2, 0, 1, 1, 0, 1, 1, 1, 0, 2, 1, 1, 0, 0, 0, 0, 1, 1, 2, 1, 2, 0, 0, 0, 2, 1, 0, 1, 2, 1, 2, 1, 1, 1, 1, 1, 1, 0, 1, 1, 0, 0, 0, 1, 2, 1, 0, 2, 1, 0, 1, 0, 0, 0, 0, 0, 2, 0, 1, 0, 0, 1, 0, 2]|[4, 3, 2, 2, 0, 0, 2, 2, 2, 4, 1, 1, 2, 4, 4, 1, 2, 4, 2, 1, 1, 1, 1, 2, 1, 2, 1, 1, 1, 1, 3, 2, 3, 0, 4, 0, 1, 1, 0, 3, 2, 2, 4, 0, 1, 1, 0, 2, 0, 1, 2, 2, 1, 4, 0, 3, 2, 1, 1, 2, 1, 3, 1, 1, 1, 3, 0, 4, 3, 1, 4, 1, 1, 0, 4, 4, 2, 1, 1, 3, 1, 3, 1, 1, 1, 1, 3, 1, 2, 2, 1, 1, 1, 1, 1, 2, 2, 3, 2, 1]|[0, 2, 1, 1, 3, 3, 0, 1, 0, 0, 0, 0, 1, 0, 1, 0, 0, 3, 1, 0, 0, 0, 3, 1, 0, 2, 0, 0, 0, 1, 0, 0, 0, 0, 3, 0, 1, 0, 0, 2, 1, 1, 2, 0, 0, 0, 0, 1, 1, 0, 0, 0, 1, 3, 0, 0, 1, 0, 0, 1, 0, 2, 0, 1, 0, 2, 1, 0, 0, 1, 1, 3, 1, 1, 3, 3, 1, 0, 0, 2, 0, 0, 0, 0, 1, 0, 2, 0, 1, 1, 0, 0, 0, 1, 1, 0, 0, 0, 0, 0],800.9728923351585,58117.763115372225,90558.04465999853,true
23,G1_CMAX,G1_CMAX,[31, 22, 82, 15, 26, 9, 42, 77, 12, 5, 47, 93, 78, 86, 54, 6, 63, 18, 44, 20, 35, 43, 97, 91, 76, 10, 30, 21, 45, 17, 23, 1, 71, 83, 24, 14, 60, 36, 85, 57, 40, 95, 88, 65, 56, 79, 94, 67, 68, 46, 75, 38, 58, 19, 32, 81, 41, 62, 87, 28, 90, 59, 11, 16, 72, 73, 69, 52, 37, 64, 84, 3, 25, 29, 55, 51, 7, 98, 61, 66, 99, 33, 89, 48, 50, 96, 53, 80, 4, 8, 27, 2, 39, 13, 0, 92, 49, 74, 34, 70]|[1, 1, 0, 1, 1, 1, 2, 2, 1, 2, 2, 1, 1, 1, 0, 0, 1, 0, 2, 2, 0, 1, 2, 2, 1, 2, 2, 0, 0, 1, 2, 1, 1, 0, 2, 0, 1, 1, 0, 1, 1, 1, 1, 0, 2, 1, 1, 0, 0, 0, 0, 1, 1, 2, 1, 2, 0, 0, 2, 0, 1, 2, 2, 1, 2, 1, 1, 1, 1, 1, 1, 2, 1, 0, 2, 0, 1, 2, 1, 0, 0, 2, 1, 0, 0, 2, 0, 0, 1, 1, 0, 0, 1, 0, 0, 0, 0, 2, 2, 1]|[0, 3, 1, 2, 0, 0, 1, 1, 4, 1, 1, 4, 4, 4, 2, 2, 4, 2, 1, 1, 1, 1, 2, 1, 2, 1, 1, 1, 1, 4, 0, 3, 3, 0, 1, 1, 0, 3, 2, 2, 2, 2, 0, 1, 1, 0, 4, 0, 1, 2, 2, 1, 4, 0, 3, 2, 1, 2, 1, 2, 3, 1, 1, 3, 0, 4, 4, 1, 4, 3, 1, 2, 4, 1, 1, 1, 1, 1, 3, 1, 1, 1, 1, 1, 1, 1, 2, 1, 4, 3, 2, 2, 1, 2, 2, 0, 1, 1, 1, 4]|[1, 1, 1, 1, 3, 3, 0, 0, 0, 0, 0, 2, 0, 1, 0, 0, 3, 1, 0, 0, 0, 3, 1, 0, 2, 0, 0, 0, 1, 3, 0, 0, 0, 0, 1, 0, 0, 2, 1, 1, 1, 1, 0, 0, 0, 0, 2, 1, 0, 0, 0, 1, 3, 0, 0, 1, 0, 1, 0, 1, 2, 0, 0, 2, 1, 0, 2, 1, 1, 0, 3, 1, 3, 0, 0, 0, 2, 0, 0, 0, 0, 0, 1, 0, 0, 0, 1, 0, 0, 2, 1, 0, 1, 0, 0, 1, 1, 0, 0, 2],733.3116759547878,58140.55643565909,96674.14109675489,false
23,G4_BALANCED,G4_BALANCED,[31, 11, 15, 82, 26, 9, 95, 32, 77, 68, 47, 5, 93, 78, 86, 54, 85, 63, 18, 44, 20, 49, 36, 14, 74, 50, 53, 17, 21, 45, 71, 64, 3, 23, 30, 83, 24, 41, 60, 52, 65, 27, 90, 70, 39, 87, 48, 69, 99, 4, 46, 1, 13, 58, 97, 59, 28, 75, 73, 37, 35, 79, 22, 66, 76, 42, 40, 80, 96, 6, 16, 61, 33, 7, 57, 34, 12, 67, 10, 98, 56, 88, 29, 94, 91, 51, 19, 92, 43, 84, 38, 72, 81, 8, 2, 55, 62, 89, 25, 0]|[2, 1, 1, 2, 1, 2, 1, 1, 1, 1, 1, 0, 2, 2, 1, 2, 0, 0, 0, 2, 2, 1, 0, 2, 0, 2, 2, 1, 0, 1, 1, 1, 0, 0, 1, 0, 2, 1, 2, 2, 0, 0, 1, 1, 0, 2, 0, 2, 1, 0, 0, 2, 0, 0, 2, 0, 1, 0, 0, 0, 2, 1, 0, 2, 2, 0, 2, 2, 0, 1, 2, 1, 1, 2, 0, 1, 1, 1, 1, 2, 2, 1, 1, 2, 1, 1, 1, 0, 1, 0, 0, 1, 1, 1, 2, 0, 1, 1, 1, 0]|[1, 3, 2, 0, 4, 1, 4, 4, 2, 4, 3, 2, 1, 0, 2, 1, 1, 1, 2, 1, 1, 3, 0, 1, 0, 1, 1, 4, 1, 4, 3, 2, 2, 0, 4, 1, 1, 4, 0, 1, 2, 1, 4, 4, 1, 1, 0, 2, 3, 1, 2, 1, 2, 1, 1, 2, 4, 2, 0, 2, 2, 3, 1, 0, 1, 2, 0, 1, 2, 4, 1, 3, 4, 1, 2, 4, 3, 3, 3, 1, 1, 4, 3, 1, 3, 3, 4, 2, 4, 2, 2, 4, 1, 3, 1, 2, 3, 4, 4, 2]|[1, 2, 1, 0, 3, 0, 1, 3, 0, 0, 2, 0, 1, 0, 1, 0, 0, 0, 1, 0, 0, 2, 0, 0, 1, 0, 0, 3, 0, 1, 0, 2, 0, 1, 3, 0, 1, 3, 1, 0, 0, 0, 1, 3, 0, 0, 1, 0, 2, 0, 0, 0, 0, 0, 1, 0, 1, 0, 1, 1, 0, 2, 0, 0, 0, 0, 0, 0, 0, 2, 0, 0, 1, 0, 0, 1, 0, 0, 3, 0, 0, 1, 0, 0, 0, 0, 3, 0, 2, 0, 0, 2, 1, 0, 0, 0, 0, 1, 3, 0],836.569815134707,52504.092339752446,107095.57005228325,false
23,G2_TEC,G2_TEC,[31, 22, 82, 15, 26, 9, 95, 42, 77, 68, 47, 5, 93, 78, 86, 54, 85, 63, 18, 44, 20, 49, 36, 14, 74, 50, 53, 17, 21, 28, 11, 64, 3, 23, 30, 83, 24, 41, 40, 52, 65, 27, 90, 70, 39, 87, 48, 69, 99, 4, 46, 1, 13, 58, 97, 59, 45, 8, 73, 37, 35, 79, 71, 66, 76, 32, 60, 80, 96, 6, 16, 61, 33, 7, 57, 34, 12, 67, 10, 98, 56, 88, 29, 75, 91, 38, 19, 92, 43, 84, 51, 72, 81, 25, 2, 55, 62, 89, 94, 0]|[2, 1, 2, 1, 1, 2, 1, 1, 1, 1, 1, 0, 2, 2, 1, 2, 0, 0, 0, 2, 2, 1, 0, 2, 0, 2, 2, 1, 0, 1, 1, 1, 0, 0, 1, 0, 2, 1, 2, 2, 0, 0, 1, 1, 0, 2, 0, 2, 1, 0, 0, 2, 0, 0, 2, 0, 1, 1, 0, 0, 2, 1, 1, 2, 2, 0, 2, 2, 0, 1, 2, 1, 1, 2, 0, 1, 1, 1, 1, 2, 2, 1, 1, 0, 1, 0, 1, 0, 1, 0, 1, 1, 1, 1, 2, 0, 1, 1, 2, 0]|[0, 3, 0, 3, 4, 1, 4, 4, 2, 4, 3, 2, 1, 0, 2, 1, 1, 1, 2, 1, 1, 3, 0, 1, 0, 1, 1, 4, 1, 4, 3, 2, 2, 0, 4, 1, 1, 4, 0, 1, 2, 1, 4, 4, 1, 1, 0, 2, 3, 2, 2, 1, 2, 1, 1, 2, 4, 3, 0, 2, 2, 3, 3, 0, 1, 2, 0, 1, 2, 4, 1, 3, 4, 1, 2, 4, 3, 3, 3, 1, 1, 4, 3, 2, 3, 2, 4, 2, 4, 2, 3, 4, 4, 4, 1, 2, 3, 4, 1, 2]|[0, 2, 0, 0, 3, 0, 1, 3, 0, 0, 2, 0, 1, 0, 1, 0, 0, 0, 1, 0, 0, 2, 0, 0, 1, 0, 0, 3, 0, 1, 0, 2, 0, 0, 3, 0, 1, 3, 0, 0, 0, 0, 1, 3, 0, 0, 1, 0, 2, 0, 0, 0, 0, 0, 1, 0, 1, 0, 1, 1, 0, 2, 0, 0, 0, 0, 0, 0, 0, 2, 0, 0, 1, 0, 0, 1, 0, 0, 3, 0, 0, 1, 0, 0, 0, 0, 1, 0, 2, 0, 0, 2, 1, 3, 0, 0, 0, 1, 0, 0],896.1029292898813,50428.13444364295,114595.46915086164,false
23,G3_TWC,G1_CMAX,[31, 22, 82, 15, 26, 9, 42, 95, 77, 12, 47, 5, 93, 78, 86, 54, 85, 63, 18, 44, 20, 35, 43, 97, 91, 76, 10, 30, 21, 45, 71, 64, 1, 23, 17, 83, 24, 14, 60, 36, 6, 57, 94, 88, 65, 56, 79, 40, 67, 68, 46, 75, 38, 58, 19, 32, 81, 41, 27, 62, 87, 90, 99, 59, 11, 16, 72, 73, 70, 39, 37, 84, 3, 92, 25, 55, 28, 29, 51, 7, 33, 61, 98, 66, 89, 50, 8, 96, 53, 4, 80, 13, 34, 49, 52, 0, 48, 69, 2, 74]|[1, 1, 0, 1, 1, 1, 2, 1, 2, 1, 2, 2, 2, 1, 1, 0, 0, 1, 0, 2, 2, 0, 1, 2, 0, 1, 2, 2, 0, 0, 1, 2, 1, 2, 1, 0, 2, 0, 1, 1, 0, 1, 1, 1, 0, 2, 1, 1, 0, 0, 0, 0, 1, 1, 2, 1, 2, 0, 0, 0, 2, 1, 0, 1, 2, 1, 2, 1, 1, 1, 1, 1, 1, 0, 1, 1, 0, 0, 0, 1, 2, 1, 0, 2, 1, 0, 1, 0, 0, 0, 0, 0, 2, 0, 1, 0, 0, 1, 0, 2]|[4, 3, 2, 2, 0, 0, 2, 2, 2, 4, 1, 1, 2, 4, 4, 1, 2, 4, 2, 1, 1, 1, 1, 2, 1, 2, 1, 1, 1, 1, 3, 2, 3, 0, 4, 0, 1, 1, 0, 3, 2, 2, 4, 0, 1, 1, 0, 2, 0, 1, 2, 2, 1, 4, 0, 3, 2, 1, 1, 2, 1, 3, 1, 1, 1, 3, 0, 4, 3, 1, 4, 1, 1, 0, 4, 4, 2, 1, 1, 3, 1, 3, 1, 1, 1, 1, 3, 1, 2, 2, 1, 1, 1, 1, 1, 2, 2, 3, 2, 1]|[0, 2, 1, 1, 3, 3, 0, 1, 0, 0, 0, 0, 1, 0, 1, 0, 0, 3, 1, 0, 0, 0, 3, 1, 0, 2, 0, 0, 0, 1, 0, 0, 0, 0, 3, 0, 1, 0, 0, 2, 1, 1, 2, 0, 0, 0, 0, 1, 1, 0, 0, 0, 1, 3, 0, 0, 1, 0, 0, 1, 0, 2, 0, 1, 0, 2, 1, 0, 0, 1, 1, 3, 1, 1, 3, 3, 1, 0, 0, 2, 0, 0, 0, 0, 1, 0, 2, 0, 1, 1, 0, 0, 0, 1, 1, 0, 0, 0, 0, 0],800.9728923351585,58117.763115372225,90558.04465999853,true
23,G1_CMAX,G1_CMAX,[31, 22, 82, 15, 26, 9, 42, 77, 12, 5, 47, 93, 78, 86, 54, 6, 63, 18, 44, 20, 35, 43, 97, 91, 76, 10, 30, 21, 45, 17, 23, 1, 71, 83, 24, 14, 60, 36, 85, 57, 40, 95, 88, 65, 56, 79, 94, 67, 68, 46, 75, 38, 58, 19, 32, 81, 41, 62, 87, 28, 90, 59, 11, 16, 72, 73, 69, 52, 37, 64, 84, 3, 25, 29, 55, 51, 7, 98, 61, 66, 99, 33, 89, 48, 50, 96, 53, 80, 4, 8, 27, 2, 39, 13, 0, 92, 49, 74, 34, 70]|[1, 1, 0, 1, 1, 1, 2, 2, 1, 2, 2, 1, 1, 1, 0, 0, 1, 0, 2, 2, 0, 1, 2, 2, 1, 2, 2, 0, 0, 1, 2, 1, 1, 0, 2, 0, 1, 1, 0, 1, 1, 1, 1, 0, 2, 1, 1, 0, 0, 0, 0, 1, 1, 2, 1, 2, 0, 0, 2, 0, 1, 2, 2, 1, 2, 1, 1, 1, 1, 1, 1, 2, 1, 0, 2, 0, 1, 2, 1, 0, 0, 2, 1, 0, 0, 2, 0, 0, 1, 1, 0, 0, 1, 0, 0, 0, 0, 2, 2, 1]|[0, 3, 1, 2, 0, 0, 1, 1, 4, 1, 1, 4, 4, 4, 2, 2, 4, 2, 1, 1, 1, 1, 2, 1, 2, 1, 1, 1, 1, 4, 0, 3, 3, 0, 1, 1, 0, 3, 2, 2, 2, 2, 0, 1, 1, 0, 4, 0, 1, 2, 2, 1, 4, 0, 3, 2, 1, 2, 1, 2, 3, 1, 1, 3, 0, 4, 4, 1, 4, 3, 1, 2, 4, 1, 1, 1, 1, 1, 3, 1, 1, 1, 1, 1, 1, 1, 2, 1, 4, 3, 2, 2, 1, 2, 2, 0, 1, 1, 1, 4]|[1, 1, 1, 1, 3, 3, 0, 0, 0, 0, 0, 2, 0, 1, 0, 0, 3, 1, 0, 0, 0, 3, 1, 0, 2, 0, 0, 0, 1, 3, 0, 0, 0, 0, 1, 0, 0, 2, 1, 1, 1, 1, 0, 0, 0, 0, 2, 1, 0, 0, 0, 1, 3, 0, 0, 1, 0, 1, 0, 1, 2, 0, 0, 2, 1, 0, 2, 1, 1, 0, 3, 1, 3, 0, 0, 0, 2, 0, 0, 0, 0, 0, 1, 0, 0, 0, 1, 0, 0, 2, 1, 0, 1, 0, 0, 1, 1, 0, 0, 2],733.3116759547878,58140.55643565909,96674.14109675489,false
23,G4_BALANCED,G4_BALANCED,[31, 11, 15, 82, 26, 9, 95, 32, 77, 68, 47, 5, 93, 78, 86, 54, 85, 63, 18, 44, 20, 49, 36, 14, 74, 50, 53, 17, 21, 45, 71, 64, 3, 23, 30, 83, 24, 41, 60, 52, 65, 27, 90, 70, 39, 87, 48, 69, 99, 4, 46, 1, 13, 58, 97, 59, 28, 75, 73, 37, 35, 79, 22, 66, 76, 42, 40, 80, 96, 6, 16, 61, 33, 7, 57, 34, 12, 67, 10, 98, 56, 88, 29, 94, 91, 51, 19, 92, 43, 84, 38, 72, 81, 8, 2, 55, 62, 89, 25, 0]|[2, 1, 1, 2, 1, 2, 1, 1, 1, 1, 1, 0, 2, 2, 1, 2, 0, 0, 0, 2, 2, 1, 0, 2, 0, 2, 2, 1, 0, 1, 1, 1, 0, 0, 1, 0, 2, 1, 2, 2, 0, 0, 1, 1, 0, 2, 0, 2, 1, 0, 0, 2, 0, 0, 2, 0, 1, 0, 0, 0, 2, 1, 0, 2, 2, 0, 2, 2, 0, 1, 2, 1, 1, 2, 0, 1, 1, 1, 1, 2, 2, 1, 1, 2, 1, 1, 1, 0, 1, 0, 0, 1, 1, 1, 2, 0, 1, 1, 1, 0]|[1, 3, 2, 0, 4, 1, 4, 4, 2, 4, 3, 2, 1, 0, 2, 1, 1, 1, 2, 1, 1, 3, 0, 1, 0, 1, 1, 4, 1, 4, 3, 2, 2, 0, 4, 1, 1, 4, 0, 1, 2, 1, 4, 4, 1, 1, 0, 2, 3, 1, 2, 1, 2, 1, 1, 2, 4, 2, 0, 2, 2, 3, 1, 0, 1, 2, 0, 1, 2, 4, 1, 3, 4, 1, 2, 4, 3, 3, 3, 1, 1, 4, 3, 1, 3, 3, 4, 2, 4, 2, 2, 4, 1, 3, 1, 2, 3, 4, 4, 2]|[1, 2, 1, 0, 3, 0, 1, 3, 0, 0, 2, 0, 1, 0, 1, 0, 0, 0, 1, 0, 0, 2, 0, 0, 1, 0, 0, 3, 0, 1, 0, 2, 0, 1, 3, 0, 1, 3, 1, 0, 0, 0, 1, 3, 0, 0, 1, 0, 2, 0, 0, 0, 0, 0, 1, 0, 1, 0, 1, 1, 0, 2, 0, 0, 0, 0, 0, 0, 0, 2, 0, 0, 1, 0, 0, 1, 0, 0, 3, 0, 0, 1, 0, 0, 0, 0, 3, 0, 2, 0, 0, 2, 1, 0, 0, 0, 0, 1, 3, 0],836.569815134707,52504.092339752446,107095.57005228325,false
23,G2_TEC,G2_TEC,[31, 22, 82, 15, 26, 9, 95, 42, 77, 68, 47, 5, 93, 78, 86, 54, 85, 63, 18, 44, 20, 49, 36, 14, 74, 50, 53, 17, 21, 28, 11, 64, 3, 23, 30, 83, 24, 41, 40, 52, 65, 27, 90, 70, 39, 87, 48, 69, 99, 4, 46, 1, 13, 58, 97, 59, 45, 8, 73, 37, 35, 79, 71, 66, 76, 32, 60, 80, 96, 6, 16, 61, 33, 7, 57, 34, 12, 67, 10, 98, 56, 88, 29, 75, 91, 38, 19, 92, 43, 84, 51, 72, 81, 25, 2, 55, 62, 89, 94, 0]|[2, 1, 2, 1, 1, 2, 1, 1, 1, 1, 1, 0, 2, 2, 1, 2, 0, 0, 0, 2, 2, 1, 0, 2, 0, 2, 2, 1, 0, 1, 1, 1, 0, 0, 1, 0, 2, 1, 2, 2, 0, 0, 1, 1, 0, 2, 0, 2, 1, 0, 0, 2, 0, 0, 2, 0, 1, 1, 0, 0, 2, 1, 1, 2, 2, 0, 2, 2, 0, 1, 2, 1, 1, 2, 0, 1, 1, 1, 1, 2, 2, 1, 1, 0, 1, 0, 1, 0, 1, 0, 1, 1, 1, 1, 2, 0, 1, 1, 2, 0]|[0, 3, 0, 3, 4, 1, 4, 4, 2, 4, 3, 2, 1, 0, 2, 1, 1, 1, 2, 1, 1, 3, 0, 1, 0, 1, 1, 4, 1, 4, 3, 2, 2, 0, 4, 1, 1, 4, 0, 1, 2, 1, 4, 4, 1, 1, 0, 2, 3, 2, 2, 1, 2, 1, 1, 2, 4, 3, 0, 2, 2, 3, 3, 0, 1, 2, 0, 1, 2, 4, 1, 3, 4, 1, 2, 4, 3, 3, 3, 1, 1, 4, 3, 2, 3, 2, 4, 2, 4, 2, 3, 4, 4, 4, 1, 2, 3, 4, 1, 2]|[0, 2, 0, 0, 3, 0, 1, 3, 0, 0, 2, 0, 1, 0, 1, 0, 0, 0, 1, 0, 0, 2, 0, 0, 1, 0, 0, 3, 0, 1, 0, 2, 0, 0, 3, 0, 1, 3, 0, 0, 0, 0, 1, 3, 0, 0, 1, 0, 2, 0, 0, 0, 0, 0, 1, 0, 1, 0, 1, 1, 0, 2, 0, 0, 0, 0, 0, 0, 0, 2, 0, 0, 1, 0, 0, 1, 0, 0, 3, 0, 0, 1, 0, 0, 0, 0, 1, 0, 2, 0, 0, 2, 1, 3, 0, 0, 0, 1, 0, 0],896.1029292898813,50428.13444364295,114595.46915086164,false
23,G3_TWC,G1_CMAX,[31, 22, 82, 15, 26, 9, 42, 95, 77, 12, 47, 5, 93, 78, 86, 54, 85, 63, 18, 44, 20, 35, 43, 97, 91, 76, 10, 30, 21, 45, 71, 64, 1, 23, 17, 83, 24, 14, 60, 36, 6, 57, 94, 88, 65, 56, 79, 40, 67, 68, 46, 75, 38, 58, 19, 32, 81, 41, 27, 62, 87, 90, 99, 59, 11, 16, 72, 73, 70, 39, 37, 84, 3, 92, 25, 55, 28, 29, 51, 7, 33, 61, 98, 66, 89, 50, 8, 96, 53, 4, 80, 13, 34, 49, 52, 0, 48, 69, 2, 74]|[1, 1, 0, 1, 1, 1, 2, 1, 2, 1, 2, 2, 2, 1, 1, 0, 0, 1, 0, 2, 2, 0, 1, 2, 0, 1, 2, 2, 0, 0, 1, 2, 1, 2, 1, 0, 2, 0, 1, 1, 0, 1, 1, 1, 0, 2, 1, 1, 0, 0, 0, 0, 1, 1, 2, 1, 2, 0, 0, 0, 2, 1, 0, 1, 2, 1, 2, 1, 1, 1, 1, 1, 1, 0, 1, 1, 0, 0, 0, 1, 2, 1, 0, 2, 1, 0, 1, 0, 0, 0, 0, 0, 2, 0, 1, 0, 0, 1, 0, 2]|[4, 3, 2, 2, 0, 0, 2, 2, 2, 4, 1, 1, 2, 4, 4, 1, 2, 4, 2, 1, 1, 1, 1, 2, 1, 2, 1, 1, 1, 1, 3, 2, 3, 0, 4, 0, 1, 1, 0, 3, 2, 2, 4, 0, 1, 1, 0, 2, 0, 1, 2, 2, 1, 4, 0, 3, 2, 1, 1, 2, 1, 3, 1, 1, 1, 3, 0, 4, 3, 1, 4, 1, 1, 0, 4, 4, 2, 1, 1, 3, 1, 3, 1, 1, 1, 1, 3, 1, 2, 2, 1, 1, 1, 1, 1, 2, 2, 3, 2, 1]|[0, 2, 1, 1, 3, 3, 0, 1, 0, 0, 0, 0, 1, 0, 1, 0, 0, 3, 1, 0, 0, 0, 3, 1, 0, 2, 0, 0, 0, 1, 0, 0, 0, 0, 3, 0, 1, 0, 0, 2, 1, 1, 2, 0, 0, 0, 0, 1, 1, 0, 0, 0, 1, 3, 0, 0, 1, 0, 0, 1, 0, 2, 0, 1, 0, 2, 1, 0, 0, 1, 1, 3, 1, 1, 3, 3, 1, 0, 0, 2, 0, 0, 0, 0, 1, 0, 2, 0, 1, 1, 0, 0, 0, 1, 1, 0, 0, 0, 0, 0],800.9728923351585,58117.763115372225,90558.04465999853,true
23,G1_CMAX,G1_CMAX,[31, 22, 82, 15, 26, 9, 42, 77, 12, 5, 47, 93, 78, 86, 54, 6, 63, 18, 44, 20, 35, 43, 97, 91, 76, 10, 30, 21, 45, 17, 23, 1, 71, 83, 24, 14, 60, 36, 85, 57, 40, 95, 88, 65, 56, 79, 94, 67, 68, 46, 75, 38, 58, 19, 32, 81, 41, 62, 87, 28, 90, 59, 11, 16, 72, 73, 69, 52, 37, 64, 84, 3, 25, 29, 55, 51, 7, 98, 61, 66, 99, 33, 89, 48, 50, 96, 53, 80, 4, 8, 27, 2, 39, 13, 0, 92, 49, 74, 34, 70]|[1, 1, 0, 1, 1, 1, 2, 2, 1, 2, 2, 1, 1, 1, 0, 0, 1, 0, 2, 2, 0, 1, 2, 2, 1, 2, 2, 0, 0, 1, 2, 1, 1, 0, 2, 0, 1, 1, 0, 1, 1, 1, 1, 0, 2, 1, 1, 0, 0, 0, 0, 1, 1, 2, 1, 2, 0, 0, 2, 0, 1, 2, 2, 1, 2, 1, 1, 1, 1, 1, 1, 2, 1, 0, 2, 0, 1, 2, 1, 0, 0, 2, 1, 0, 0, 2, 0, 0, 1, 1, 0, 0, 1, 0, 0, 0, 0, 2, 2, 1]|[0, 3, 1, 2, 0, 0, 1, 1, 4, 1, 1, 4, 4, 4, 2, 2, 4, 2, 1, 1, 1, 1, 2, 1, 2, 1, 1, 1, 1, 4, 0, 3, 3, 0, 1, 1, 0, 3, 2, 2, 2, 2, 0, 1, 1, 0, 4, 0, 1, 2, 2, 1, 4, 0, 3, 2, 1, 2, 1, 2, 3, 1, 1, 3, 0, 4, 4, 1, 4, 3, 1, 2, 4, 1, 1, 1, 1, 1, 3, 1, 1, 1, 1, 1, 1, 1, 2, 1, 4, 3, 2, 2, 1, 2, 2, 0, 1, 1, 1, 4]|[1, 1, 1, 1, 3, 3, 0, 0, 0, 0, 0, 2, 0, 1, 0, 0, 3, 1, 0, 0, 0, 3, 1, 0, 2, 0, 0, 0, 1, 3, 0, 0, 0, 0, 1, 0, 0, 2, 1, 1, 1, 1, 0, 0, 0, 0, 2, 1, 0, 0, 0, 1, 3, 0, 0, 1, 0, 1, 0, 1, 2, 0, 0, 2, 1, 0, 2, 1, 1, 0, 3, 1, 3, 0, 0, 0, 2, 0, 0, 0, 0, 0, 1, 0, 0, 0, 1, 0, 0, 2, 1, 0, 1, 0, 0, 1, 1, 0, 0, 2],733.3116759547878,58140.55643565909,96674.14109675489,false
23,G4_BALANCED,G4_BALANCED,[31, 11, 15, 82, 26, 9, 95, 32, 77, 68, 47, 5, 93, 78, 86, 54, 85, 63, 18, 44, 20, 49, 36, 14, 74, 50, 53, 17, 21, 45, 71, 64, 3, 23, 30, 83, 24, 41, 60, 52, 65, 27, 90, 70, 39, 87, 48, 69, 99, 4, 46, 1, 13, 58, 97, 59, 28, 75, 73, 37, 35, 79, 22, 66, 76, 42, 40, 80, 96, 6, 16, 61, 33, 7, 57, 34, 12, 67, 10, 98, 56, 88, 29, 94, 91, 51, 19, 92, 43, 84, 38, 72, 81, 8, 2, 55, 62, 89, 25, 0]|[2, 1, 1, 2, 1, 2, 1, 1, 1, 1, 1, 0, 2, 2, 1, 2, 0, 0, 0, 2, 2, 1, 0, 2, 0, 2, 2, 1, 0, 1, 1, 1, 0, 0, 1, 0, 2, 1, 2, 2, 0, 0, 1, 1, 0, 2, 0, 2, 1, 0, 0, 2, 0, 0, 2, 0, 1, 0, 0, 0, 2, 1, 0, 2, 2, 0, 2, 2, 0, 1, 2, 1, 1, 2, 0, 1, 1, 1, 1, 2, 2, 1, 1, 2, 1, 1, 1, 0, 1, 0, 0, 1, 1, 1, 2, 0, 1, 1, 1, 0]|[1, 3, 2, 0, 4, 1, 4, 4, 2, 4, 3, 2, 1, 0, 2, 1, 1, 1, 2, 1, 1, 3, 0, 1, 0, 1, 1, 4, 1, 4, 3, 2, 2, 0, 4, 1, 1, 4, 0, 1, 2, 1, 4, 4, 1, 1, 0, 2, 3, 1, 2, 1, 2, 1, 1, 2, 4, 2, 0, 2, 2, 3, 1, 0, 1, 2, 0, 1, 2, 4, 1, 3, 4, 1, 2, 4, 3, 3, 3, 1, 1, 4, 3, 1, 3, 3, 4, 2, 4, 2, 2, 4, 1, 3, 1, 2, 3, 4, 4, 2]|[1, 2, 1, 0, 3, 0, 1, 3, 0, 0, 2, 0, 1, 0, 1, 0, 0, 0, 1, 0, 0, 2, 0, 0, 1, 0, 0, 3, 0, 1, 0, 2, 0, 1, 3, 0, 1, 3, 1, 0, 0, 0, 1, 3, 0, 0, 1, 0, 2, 0, 0, 0, 0, 0, 1, 0, 1, 0, 1, 1, 0, 2, 0, 0, 0, 0, 0, 0, 0, 2, 0, 0, 1, 0, 0, 1, 0, 0, 3, 0, 0, 1, 0, 0, 0, 0, 3, 0, 2, 0, 0, 2, 1, 0, 0, 0, 0, 1, 3, 0],836.569815134707,52504.092339752446,107095.57005228325,false
23,G2_TEC,G2_TEC,[31, 22, 82, 15, 26, 9, 95, 42, 77, 68, 47, 5, 93, 78, 86, 54, 85, 63, 18, 44, 20, 49, 36, 14, 74, 50, 53, 17, 21, 28, 11, 64, 3, 23, 30, 83, 24, 41, 40, 52, 65, 27, 90, 70, 39, 87, 48, 69, 99, 4, 46, 1, 13, 58, 97, 59, 45, 8, 73, 37, 35, 79, 71, 66, 76, 32, 60, 80, 96, 6, 16, 61, 33, 7, 57, 34, 12, 67, 10, 98, 56, 88, 29, 75, 91, 38, 19, 92, 43, 84, 51, 72, 81, 25, 2, 55, 62, 89, 94, 0]|[2, 1, 2, 1, 1, 2, 1, 1, 1, 1, 1, 0, 2, 2, 1, 2, 0, 0, 0, 2, 2, 1, 0, 2, 0, 2, 2, 1, 0, 1, 1, 1, 0, 0, 1, 0, 2, 1, 2, 2, 0, 0, 1, 1, 0, 2, 0, 2, 1, 0, 0, 2, 0, 0, 2, 0, 1, 1, 0, 0, 2, 1, 1, 2, 2, 0, 2, 2, 0, 1, 2, 1, 1, 2, 0, 1, 1, 1, 1, 2, 2, 1, 1, 0, 1, 0, 1, 0, 1, 0, 1, 1, 1, 1, 2, 0, 1, 1, 2, 0]|[0, 3, 0, 3, 4, 1, 4, 4, 2, 4, 3, 2, 1, 0, 2, 1, 1, 1, 2, 1, 1, 3, 0, 1, 0, 1, 1, 4, 1, 4, 3, 2, 2, 0, 4, 1, 1, 4, 0, 1, 2, 1, 4, 4, 1, 1, 0, 2, 3, 2, 2, 1, 2, 1, 1, 2, 4, 3, 0, 2, 2, 3, 3, 0, 1, 2, 0, 1, 2, 4, 1, 3, 4, 1, 2, 4, 3, 3, 3, 1, 1, 4, 3, 2, 3, 2, 4, 2, 4, 2, 3, 4, 4, 4, 1, 2, 3, 4, 1, 2]|[0, 2, 0, 0, 3, 0, 1, 3, 0, 0, 2, 0, 1, 0, 1, 0, 0, 0, 1, 0, 0, 2, 0, 0, 1, 0, 0, 3, 0, 1, 0, 2, 0, 0, 3, 0, 1, 3, 0, 0, 0, 0, 1, 3, 0, 0, 1, 0, 2, 0, 0, 0, 0, 0, 1, 0, 1, 0, 1, 1, 0, 2, 0, 0, 0, 0, 0, 0, 0, 2, 0, 0, 1, 0, 0, 1, 0, 0, 3, 0, 0, 1, 0, 0, 0, 0, 1, 0, 2, 0, 0, 2, 1, 3, 0, 0, 0, 1, 0, 0],896.1029292898813,50428.13444364295,114595.46915086164,false
23,G3_TWC,G1_CMAX,[31, 22, 82, 15, 26, 9, 42, 95, 77, 12, 47, 5, 93, 78, 86, 54, 85, 63, 18, 44, 20, 35, 43, 97, 91, 76, 10, 30, 21, 45, 71, 64, 1, 23, 17, 83, 24, 14, 60, 36, 6, 57, 94, 88, 65, 56, 79, 40, 67, 68, 46, 75, 38, 58, 19, 32, 81, 41, 27, 62, 87, 90, 99, 59, 11, 16, 72, 73, 70, 39, 37, 84, 3, 92, 25, 55, 28, 29, 51, 7, 33, 61, 98, 66, 89, 50, 8, 96, 53, 4, 80, 13, 34, 49, 52, 0, 48, 69, 2, 74]|[1, 1, 0, 1, 1, 1, 2, 1, 2, 1, 2, 2, 2, 1, 1, 0, 0, 1, 0, 2, 2, 0, 1, 2, 0, 1, 2, 2, 0, 0, 1, 2, 1, 2, 1, 0, 2, 0, 1, 1, 0, 1, 1, 1, 0, 2, 1, 1, 0, 0, 0, 0, 1, 1, 2, 1, 2, 0, 0, 0, 2, 1, 0, 1, 2, 1, 2, 1, 1, 1, 1, 1, 1, 0, 1, 1, 0, 0, 0, 1, 2, 1, 0, 2, 1, 0, 1, 0, 0, 0, 0, 0, 2, 0, 1, 0, 0, 1, 0, 2]|[4, 3, 2, 2, 0, 0, 2, 2, 2, 4, 1, 1, 2, 4, 4, 1, 2, 4, 2, 1, 1, 1, 1, 2, 1, 2, 1, 1, 1, 1, 3, 2, 3, 0, 4, 0, 1, 1, 0, 3, 2, 2, 4, 0, 1, 1, 0, 2, 0, 1, 2, 2, 1, 4, 0, 3, 2, 1, 1, 2, 1, 3, 1, 1, 1, 3, 0, 4, 3, 1, 4, 1, 1, 0, 4, 4, 2, 1, 1, 3, 1, 3, 1, 1, 1, 1, 3, 1, 2, 2, 1, 1, 1, 1, 1, 2, 2, 3, 2, 1]|[0, 2, 1, 1, 3, 3, 0, 1, 0, 0, 0, 0, 1, 0, 1, 0, 0, 3, 1, 0, 0, 0, 3, 1, 0, 2, 0, 0, 0, 1, 0, 0, 0, 0, 3, 0, 1, 0, 0, 2, 1, 1, 2, 0, 0, 0, 0, 1, 1, 0, 0, 0, 1, 3, 0, 0, 1, 0, 0, 1, 0, 2, 0, 1, 0, 2, 1, 0, 0, 1, 1, 3, 1, 1, 3, 3, 1, 0, 0, 2, 0, 0, 0, 0, 1, 0, 2, 0, 1, 1, 0, 0, 0, 1, 1, 0, 0, 0, 0, 0],800.9728923351585,58117.763115372225,90558.04465999853,true
23,G1_CMAX,G1_CMAX,[31, 22, 82, 15, 26, 9, 42, 77, 12, 5, 47, 93, 78, 86, 54, 6, 63, 18, 44, 20, 35, 43, 97, 91, 76, 10, 30, 21, 45, 17, 23, 1, 71, 83, 24, 14, 60, 36, 85, 57, 40, 95, 88, 65, 56, 79, 94, 67, 68, 46, 75, 38, 58, 19, 32, 81, 41, 62, 87, 28, 90, 59, 11, 16, 72, 73, 69, 52, 37, 64, 84, 3, 25, 29, 55, 51, 7, 98, 61, 66, 99, 33, 89, 48, 50, 96, 53, 80, 4, 8, 27, 2, 39, 13, 0, 92, 49, 74, 34, 70]|[1, 1, 0, 1, 1, 1, 2, 2, 1, 2, 2, 1, 1, 1, 0, 0, 1, 0, 2, 2, 0, 1, 2, 2, 1, 2, 2, 0, 0, 1, 2, 1, 1, 0, 2, 0, 1, 1, 0, 1, 1, 1, 1, 0, 2, 1, 1, 0, 0, 0, 0, 1, 1, 2, 1, 2, 0, 0, 2, 0, 1, 2, 2, 1, 2, 1, 1, 1, 1, 1, 1, 2, 1, 0, 2, 0, 1, 2, 1, 0, 0, 2, 1, 0, 0, 2, 0, 0, 1, 1, 0, 0, 1, 0, 0, 0, 0, 2, 2, 1]|[0, 3, 1, 2, 0, 0, 1, 1, 4, 1, 1, 4, 4, 4, 2, 2, 4, 2, 1, 1, 1, 1, 2, 1, 2, 1, 1, 1, 1, 4, 0, 3, 3, 0, 1, 1, 0, 3, 2, 2, 2, 2, 0, 1, 1, 0, 4, 0, 1, 2, 2, 1, 4, 0, 3, 2, 1, 2, 1, 2, 3, 1, 1, 3, 0, 4, 4, 1, 4, 3, 1, 2, 4, 1, 1, 1, 1, 1, 3, 1, 1, 1, 1, 1, 1, 1, 2, 1, 4, 3, 2, 2, 1, 2, 2, 0, 1, 1, 1, 4]|[1, 1, 1, 1, 3, 3, 0, 0, 0, 0, 0, 2, 0, 1, 0, 0, 3, 1, 0, 0, 0, 3, 1, 0, 2, 0, 0, 0, 1, 3, 0, 0, 0, 0, 1, 0, 0, 2, 1, 1, 1, 1, 0, 0, 0, 0, 2, 1, 0, 0, 0, 1, 3, 0, 0, 1, 0, 1, 0, 1, 2, 0, 0, 2, 1, 0, 2, 1, 1, 0, 3, 1, 3, 0, 0, 0, 2, 0, 0, 0, 0, 0, 1, 0, 0, 0, 1, 0, 0, 2, 1, 0, 1, 0, 0, 1, 1, 0, 0, 2],733.3116759547878,58140.55643565909,96674.14109675489,false
23,G4_BALANCED,G4_BALANCED,[31, 11, 15, 82, 26, 9, 95, 32, 77, 68, 47, 5, 93, 78, 86, 54, 85, 63, 18, 44, 20, 49, 36, 14, 74, 50, 53, 17, 21, 45, 71, 64, 3, 23, 30, 83, 24, 41, 60, 52, 65, 27, 90, 70, 39, 87, 48, 69, 99, 4, 46, 1, 13, 58, 97, 59, 28, 75, 73, 37, 35, 79, 22, 66, 76, 42, 40, 80, 96, 6, 16, 61, 33, 7, 57, 34, 12, 67, 10, 98, 56, 88, 29, 94, 91, 51, 19, 92, 43, 84, 38, 72, 81, 8, 2, 55, 62, 89, 25, 0]|[2, 1, 1, 2, 1, 2, 1, 1, 1, 1, 1, 0, 2, 2, 1, 2, 0, 0, 0, 2, 2, 1, 0, 2, 0, 2, 2, 1, 0, 1, 1, 1, 0, 0, 1, 0, 2, 1, 2, 2, 0, 0, 1, 1, 0, 2, 0, 2, 1, 0, 0, 2, 0, 0, 2, 0, 1, 0, 0, 0, 2, 1, 0, 2, 2, 0, 2, 2, 0, 1, 2, 1, 1, 2, 0, 1, 1, 1, 1, 2, 2, 1, 1, 2, 1, 1, 1, 0, 1, 0, 0, 1, 1, 1, 2, 0, 1, 1, 1, 0]|[1, 3, 2, 0, 4, 1, 4, 4, 2, 4, 3, 2, 1, 0, 2, 1, 1, 1, 2, 1, 1, 3, 0, 1, 0, 1, 1, 4, 1, 4, 3, 2, 2, 0, 4, 1, 1, 4, 0, 1, 2, 1, 4, 4, 1, 1, 0, 2, 3, 1, 2, 1, 2, 1, 1, 2, 4, 2, 0, 2, 2, 3, 1, 0, 1, 2, 0, 1, 2, 4, 1, 3, 4, 1, 2, 4, 3, 3, 3, 1, 1, 4, 3, 1, 3, 3, 4, 2, 4, 2, 2, 4, 1, 3, 1, 2, 3, 4, 4, 2]|[1, 2, 1, 0, 3, 0, 1, 3, 0, 0, 2, 0, 1, 0, 1, 0, 0, 0, 1, 0, 0, 2, 0, 0, 1, 0, 0, 3, 0, 1, 0, 2, 0, 1, 3, 0, 1, 3, 1, 0, 0, 0, 1, 3, 0, 0, 1, 0, 2, 0, 0, 0, 0, 0, 1, 0, 1, 0, 1, 1, 0, 2, 0, 0, 0, 0, 0, 0, 0, 2, 0, 0, 1, 0, 0, 1, 0, 0, 3, 0, 0, 1, 0, 0, 0, 0, 3, 0, 2, 0, 0, 2, 1, 0, 0, 0, 0, 1, 3, 0],836.569815134707,52504.092339752446,107095.57005228325,false
23,G2_TEC,G2_TEC,[31, 22, 82, 15, 26, 9, 95, 42, 77, 68, 47, 5, 93, 78, 86, 54, 85, 63, 18, 44, 20, 49, 36, 14, 74, 50, 53, 17, 21, 28, 11, 64, 3, 23, 30, 83, 24, 41, 40, 52, 65, 27, 90, 70, 39, 87, 48, 69, 99, 4, 46, 1, 13, 58, 97, 59, 45, 8, 73, 37, 35, 79, 71, 66, 76, 32, 60, 80, 96, 6, 16, 61, 33, 7, 57, 34, 12, 67, 10, 98, 56, 88, 29, 75, 91, 38, 19, 92, 43, 84, 51, 72, 81, 25, 2, 55, 62, 89, 94, 0]|[2, 1, 2, 1, 1, 2, 1, 1, 1, 1, 1, 0, 2, 2, 1, 2, 0, 0, 0, 2, 2, 1, 0, 2, 0, 2, 2, 1, 0, 1, 1, 1, 0, 0, 1, 0, 2, 1, 2, 2, 0, 0, 1, 1, 0, 2, 0, 2, 1, 0, 0, 2, 0, 0, 2, 0, 1, 1, 0, 0, 2, 1, 1, 2, 2, 0, 2, 2, 0, 1, 2, 1, 1, 2, 0, 1, 1, 1, 1, 2, 2, 1, 1, 0, 1, 0, 1, 0, 1, 0, 1, 1, 1, 1, 2, 0, 1, 1, 2, 0]|[0, 3, 0, 3, 4, 1, 4, 4, 2, 4, 3, 2, 1, 0, 2, 1, 1, 1, 2, 1, 1, 3, 0, 1, 0, 1, 1, 4, 1, 4, 3, 2, 2, 0, 4, 1, 1, 4, 0, 1, 2, 1, 4, 4, 1, 1, 0, 2, 3, 2, 2, 1, 2, 1, 1, 2, 4, 3, 0, 2, 2, 3, 3, 0, 1, 2, 0, 1, 2, 4, 1, 3, 4, 1, 2, 4, 3, 3, 3, 1, 1, 4, 3, 2, 3, 2, 4, 2, 4, 2, 3, 4, 4, 4, 1, 2, 3, 4, 1, 2]|[0, 2, 0, 0, 3, 0, 1, 3, 0, 0, 2, 0, 1, 0, 1, 0, 0, 0, 1, 0, 0, 2, 0, 0, 1, 0, 0, 3, 0, 1, 0, 2, 0, 0, 3, 0, 1, 3, 0, 0, 0, 0, 1, 3, 0, 0, 1, 0, 2, 0, 0, 0, 0, 0, 1, 0, 1, 0, 1, 1, 0, 2, 0, 0, 0, 0, 0, 0, 0, 2, 0, 0, 1, 0, 0, 1, 0, 0, 3, 0, 0, 1, 0, 0, 0, 0, 1, 0, 2, 0, 0, 2, 1, 3, 0, 0, 0, 1, 0, 0],896.1029292898813,50428.13444364295,114595.46915086164,false
23,G3_TWC,G1_CMAX,[31, 22, 82, 15, 26, 9, 42, 95, 77, 12, 47, 5, 93, 78, 86, 54, 85, 63, 18, 44, 20, 35, 43, 97, 91, 76, 10, 30, 21, 45, 71, 64, 1, 23, 17, 83, 24, 14, 60, 36, 6, 57, 94, 88, 65, 56, 79, 40, 67, 68, 46, 75, 38, 58, 19, 32, 81, 41, 27, 62, 87, 90, 99, 59, 11, 16, 72, 73, 70, 39, 37, 84, 3, 92, 25, 55, 28, 29, 51, 7, 33, 61, 98, 66, 89, 50, 8, 96, 53, 4, 80, 13, 34, 49, 52, 0, 48, 69, 2, 74]|[1, 1, 0, 1, 1, 1, 2, 1, 2, 1, 2, 2, 2, 1, 1, 0, 0, 1, 0, 2, 2, 0, 1, 2, 0, 1, 2, 2, 0, 0, 1, 2, 1, 2, 1, 0, 2, 0, 1, 1, 0, 1, 1, 1, 0, 2, 1, 1, 0, 0, 0, 0, 1, 1, 2, 1, 2, 0, 0, 0, 2, 1, 0, 1, 2, 1, 2, 1, 1, 1, 1, 1, 1, 0, 1, 1, 0, 0, 0, 1, 2, 1, 0, 2, 1, 0, 1, 0, 0, 0, 0, 0, 2, 0, 1, 0, 0, 1, 0, 2]|[4, 3, 2, 2, 0, 0, 2, 2, 2, 4, 1, 1, 2, 4, 4, 1, 2, 4, 2, 1, 1, 1, 1, 2, 1, 2, 1, 1, 1, 1, 3, 2, 3, 0, 4, 0, 1, 1, 0, 3, 2, 2, 4, 0, 1, 1, 0, 2, 0, 1, 2, 2, 1, 4, 0, 3, 2, 1, 1, 2, 1, 3, 1, 1, 1, 3, 0, 4, 3, 1, 4, 1, 1, 0, 4, 4, 2, 1, 1, 3, 1, 3, 1, 1, 1, 1, 3, 1, 2, 2, 1, 1, 1, 1, 1, 2, 2, 3, 2, 1]|[0, 2, 1, 1, 3, 3, 0, 1, 0, 0, 0, 0, 1, 0, 1, 0, 0, 3, 1, 0, 0, 0, 3, 1, 0, 2, 0, 0, 0, 1, 0, 0, 0, 0, 3, 0, 1, 0, 0, 2, 1, 1, 2, 0, 0, 0, 0, 1, 1, 0, 0, 0, 1, 3, 0, 0, 1, 0, 0, 1, 0, 2, 0, 1, 0, 2, 1, 0, 0, 1, 1, 3, 1, 1, 3, 3, 1, 0, 0, 2, 0, 0, 0, 0, 1, 0, 2, 0, 1, 1, 0, 0, 0, 1, 1, 0, 0, 0, 0, 0],800.9728923351585,58117.763115372225,90558.04465999853,true
23,G1_CMAX,G1_CMAX,[31, 22, 82, 15, 26, 9, 42, 77, 12, 5, 47, 93, 78, 86, 54, 6, 63, 18, 44, 20, 35, 43, 97, 91, 76, 10, 30, 21, 45, 17, 23, 1, 71, 83, 24, 14, 60, 36, 85, 57, 40, 95, 88, 65, 56, 79, 94, 67, 68, 46, 75, 38, 58, 19, 32, 81, 41, 62, 87, 28, 90, 59, 11, 16, 72, 73, 69, 52, 37, 64, 84, 3, 25, 29, 55, 51, 7, 98, 61, 66, 99, 33, 89, 48, 50, 96, 53, 80, 4, 8, 27, 2, 39, 13, 0, 92, 49, 74, 34, 70]|[1, 1, 0, 1, 1, 1, 2, 2, 1, 2, 2, 1, 1, 1, 0, 0, 1, 0, 2, 2, 0, 1, 2, 2, 1, 2, 2, 0, 0, 1, 2, 1, 1, 0, 2, 0, 1, 1, 0, 1, 1, 1, 1, 0, 2, 1, 1, 0, 0, 0, 0, 1, 1, 2, 1, 2, 0, 0, 2, 0, 1, 2, 2, 1, 2, 1, 1, 1, 1, 1, 1, 2, 1, 0, 2, 0, 1, 2, 1, 0, 0, 2, 1, 0, 0, 2, 0, 0, 1, 1, 0, 0, 1, 0, 0, 0, 0, 2, 2, 1]|[0, 3, 1, 2, 0, 0, 1, 1, 4, 1, 1, 4, 4, 4, 2, 2, 4, 2, 1, 1, 1, 1, 2, 1, 2, 1, 1, 1, 1, 4, 0, 3, 3, 0, 1, 1, 0, 3, 2, 2, 2, 2, 0, 1, 1, 0, 4, 0, 1, 2, 2, 1, 4, 0, 3, 2, 1, 2, 1, 2, 3, 1, 1, 3, 0, 4, 4, 1, 4, 3, 1, 2, 4, 1, 1, 1, 1, 1, 3, 1, 1, 1, 1, 1, 1, 1, 2, 1, 4, 3, 2, 2, 1, 2, 2, 0, 1, 1, 1, 4]|[1, 1, 1, 1, 3, 3, 0, 0, 0, 0, 0, 2, 0, 1, 0, 0, 3, 1, 0, 0, 0, 3, 1, 0, 2, 0, 0, 0, 1, 3, 0, 0, 0, 0, 1, 0, 0, 2, 1, 1, 1, 1, 0, 0, 0, 0, 2, 1, 0, 0, 0, 1, 3, 0, 0, 1, 0, 1, 0, 1, 2, 0, 0, 2, 1, 0, 2, 1, 1, 0, 3, 1, 3, 0, 0, 0, 2, 0, 0, 0, 0, 0, 1, 0, 0, 0, 1, 0, 0, 2, 1, 0, 1, 0, 0, 1, 1, 0, 0, 2],733.3116759547878,58140.55643565909,96674.14109675489,false
23,G4_BALANCED,G4_BALANCED,[31, 11, 15, 82, 26, 9, 95, 32, 77, 68, 47, 5, 93, 78, 86, 54, 85, 63, 18, 44, 20, 49, 36, 14, 74, 50, 53, 17, 21, 45, 71, 64, 3, 23, 30, 83, 24, 41, 60, 52, 65, 27, 90, 70, 39, 87, 48, 69, 99, 4, 46, 1, 13, 58, 97, 59, 28, 75, 73, 37, 35, 79, 22, 66, 76, 42, 40, 80, 96, 6, 16, 61, 33, 7, 57, 34, 12, 67, 10, 98, 56, 88, 29, 94, 91, 51, 19, 92, 43, 84, 38, 72, 81, 8, 2, 55, 62, 89, 25, 0]|[2, 1, 1, 2, 1, 2, 1, 1, 1, 1, 1, 0, 2, 2, 1, 2, 0, 0, 0, 2, 2, 1, 0, 2, 0, 2, 2, 1, 0, 1, 1, 1, 0, 0, 1, 0, 2, 1, 2, 2, 0, 0, 1, 1, 0, 2, 0, 2, 1, 0, 0, 2, 0, 0, 2, 0, 1, 0, 0, 0, 2, 1, 0, 2, 2, 0, 2, 2, 0, 1, 2, 1, 1, 2, 0, 1, 1, 1, 1, 2, 2, 1, 1, 2, 1, 1, 1, 0, 1, 0, 0, 1, 1, 1, 2, 0, 1, 1, 1, 0]|[1, 3, 2, 0, 4, 1, 4, 4, 2, 4, 3, 2, 1, 0, 2, 1, 1, 1, 2, 1, 1, 3, 0, 1, 0, 1, 1, 4, 1, 4, 3, 2, 2, 0, 4, 1, 1, 4, 0, 1, 2, 1, 4, 4, 1, 1, 0, 2, 3, 1, 2, 1, 2, 1, 1, 2, 4, 2, 0, 2, 2, 3, 1, 0, 1, 2, 0, 1, 2, 4, 1, 3, 4, 1, 2, 4, 3, 3, 3, 1, 1, 4, 3, 1, 3, 3, 4, 2, 4, 2, 2, 4, 1, 3, 1, 2, 3, 4, 4, 2]|[1, 2, 1, 0, 3, 0, 1, 3, 0, 0, 2, 0, 1, 0, 1, 0, 0, 0, 1, 0, 0, 2, 0, 0, 1, 0, 0, 3, 0, 1, 0, 2, 0, 1, 3, 0, 1, 3, 1, 0, 0, 0, 1, 3, 0, 0, 1, 0, 2, 0, 0, 0, 0, 0, 1, 0, 1, 0, 1, 1, 0, 2, 0, 0, 0, 0, 0, 0, 0, 2, 0, 0, 1, 0, 0, 1, 0, 0, 3, 0, 0, 1, 0, 0, 0, 0, 3, 0, 2, 0, 0, 2, 1, 0, 0, 0, 0, 1, 3, 0],836.569815134707,52504.092339752446,107095.57005228325,false
23,G2_TEC,G2_TEC,[31, 22, 82, 15, 26, 9, 95, 42, 77, 68, 47, 5, 93, 78, 86, 54, 85, 63, 18, 44, 20, 49, 36, 14, 74, 50, 53, 17, 21, 28, 11, 64, 3, 23, 30, 83, 24, 41, 40, 52, 65, 27, 90, 70, 39, 87, 48, 69, 99, 4, 46, 1, 13, 58, 97, 59, 45, 8, 73, 37, 35, 79, 71, 66, 76, 32, 60, 80, 96, 6, 16, 61, 33, 7, 57, 34, 12, 67, 10, 98, 56, 88, 29, 75, 91, 38, 19, 92, 43, 84, 51, 72, 81, 25, 2, 55, 62, 89, 94, 0]|[2, 1, 2, 1, 1, 2, 1, 1, 1, 1, 1, 0, 2, 2, 1, 2, 0, 0, 0, 2, 2, 1, 0, 2, 0, 2, 2, 1, 0, 1, 1, 1, 0, 0, 1, 0, 2, 1, 2, 2, 0, 0, 1, 1, 0, 2, 0, 2, 1, 0, 0, 2, 0, 0, 2, 0, 1, 1, 0, 0, 2, 1, 1, 2, 2, 0, 2, 2, 0, 1, 2, 1, 1, 2, 0, 1, 1, 1, 1, 2, 2, 1, 1, 0, 1, 0, 1, 0, 1, 0, 1, 1, 1, 1, 2, 0, 1, 1, 2, 0]|[0, 3, 0, 3, 4, 1, 4, 4, 2, 4, 3, 2, 1, 0, 2, 1, 1, 1, 2, 1, 1, 3, 0, 1, 0, 1, 1, 4, 1, 4, 3, 2, 2, 0, 4, 1, 1, 4, 0, 1, 2, 1, 4, 4, 1, 1, 0, 2, 3, 2, 2, 1, 2, 1, 1, 2, 4, 3, 0, 2, 2, 3, 3, 0, 1, 2, 0, 1, 2, 4, 1, 3, 4, 1, 2, 4, 3, 3, 3, 1, 1, 4, 3, 2, 3, 2, 4, 2, 4, 2, 3, 4, 4, 4, 1, 2, 3, 4, 1, 2]|[0, 2, 0, 0, 3, 0, 1, 3, 0, 0, 2, 0, 1, 0, 1, 0, 0, 0, 1, 0, 0, 2, 0, 0, 1, 0, 0, 3, 0, 1, 0, 2, 0, 0, 3, 0, 1, 3, 0, 0, 0, 0, 1, 3, 0, 0, 1, 0, 2, 0, 0, 0, 0, 0, 1, 0, 1, 0, 1, 1, 0, 2, 0, 0, 0, 0, 0, 0, 0, 2, 0, 0, 1, 0, 0, 1, 0, 0, 3, 0, 0, 1, 0, 0, 0, 0, 1, 0, 2, 0, 0, 2, 1, 3, 0, 0, 0, 1, 0, 0],896.1029292898813,50428.13444364295,114595.46915086164,false
23,G3_TWC,G1_CMAX,[31, 22, 82, 15, 26, 9, 42, 95, 77, 12, 47, 5, 93, 78, 86, 54, 85, 63, 18, 44, 20, 35, 43, 97, 91, 76, 10, 30, 21, 45, 71, 64, 1, 23, 17, 83, 24, 14, 60, 36, 6, 57, 94, 88, 65, 56, 79, 40, 67, 68, 46, 75, 38, 58, 19, 32, 81, 41, 27, 62, 87, 90, 99, 59, 11, 16, 72, 73, 70, 39, 37, 84, 3, 92, 25, 55, 28, 29, 51, 7, 33, 61, 98, 66, 89, 50, 8, 96, 53, 4, 80, 13, 34, 49, 52, 0, 48, 69, 2, 74]|[1, 1, 0, 1, 1, 1, 2, 1, 2, 1, 2, 2, 2, 1, 1, 0, 0, 1, 0, 2, 2, 0, 1, 2, 0, 1, 2, 2, 0, 0, 1, 2, 1, 2, 1, 0, 2, 0, 1, 1, 0, 1, 1, 1, 0, 2, 1, 1, 0, 0, 0, 0, 1, 1, 2, 1, 2, 0, 0, 0, 2, 1, 0, 1, 2, 1, 2, 1, 1, 1, 1, 1, 1, 0, 1, 1, 0, 0, 0, 1, 2, 1, 0, 2, 1, 0, 1, 0, 0, 0, 0, 0, 2, 0, 1, 0, 0, 1, 0, 2]|[4, 3, 2, 2, 0, 0, 2, 2, 2, 4, 1, 1, 2, 4, 4, 1, 2, 4, 2, 1, 1, 1, 1, 2, 1, 2, 1, 1, 1, 1, 3, 2, 3, 0, 4, 0, 1, 1, 0, 3, 2, 2, 4, 0, 1, 1, 0, 2, 0, 1, 2, 2, 1, 4, 0, 3, 2, 1, 1, 2, 1, 3, 1, 1, 1, 3, 0, 4, 3, 1, 4, 1, 1, 0, 4, 4, 2, 1, 1, 3, 1, 3, 1, 1, 1, 1, 3, 1, 2, 2, 1, 1, 1, 1, 1, 2, 2, 3, 2, 1]|[0, 2, 1, 1, 3, 3, 0, 1, 0, 0, 0, 0, 1, 0, 1, 0, 0, 3, 1, 0, 0, 0, 3, 1, 0, 2, 0, 0, 0, 1, 0, 0, 0, 0, 3, 0, 1, 0, 0, 2, 1, 1, 2, 0, 0, 0, 0, 1, 1, 0, 0, 0, 1, 3, 0, 0, 1, 0, 0, 1, 0, 2, 0, 1, 0, 2, 1, 0, 0, 1, 1, 3, 1, 1, 3, 3, 1, 0, 0, 2, 0, 0, 0, 0, 1, 0, 2, 0, 1, 1, 0, 0, 0, 1, 1, 0, 0, 0, 0, 0],800.9728923351585,58117.763115372225,90558.04465999853,true
23,G1_CMAX,G1_CMAX,[31, 22, 82, 15, 26, 9, 42, 77, 12, 5, 47, 93, 78, 86, 54, 6, 63, 18, 44, 20, 35, 43, 97, 91, 76, 10, 30, 21, 45, 17, 23, 1, 71, 83, 24, 14, 60, 36, 85, 57, 40, 95, 88, 65, 56, 79, 94, 67, 68, 46, 75, 38, 58, 19, 32, 81, 41, 62, 87, 28, 90, 59, 11, 16, 72, 73, 69, 52, 37, 64, 84, 3, 25, 29, 55, 51, 7, 98, 61, 66, 99, 33, 89, 48, 50, 96, 53, 80, 4, 8, 27, 2, 39, 13, 0, 92, 49, 74, 34, 70]|[1, 1, 0, 1, 1, 1, 2, 2, 1, 2, 2, 1, 1, 1, 0, 0, 1, 0, 2, 2, 0, 1, 2, 2, 1, 2, 2, 0, 0, 1, 2, 1, 1, 0, 2, 0, 1, 1, 0, 1, 1, 1, 1, 0, 2, 1, 1, 0, 0, 0, 0, 1, 1, 2, 1, 2, 0, 0, 2, 0, 1, 2, 2, 1, 2, 1, 1, 1, 1, 1, 1, 2, 1, 0, 2, 0, 1, 2, 1, 0, 0, 2, 1, 0, 0, 2, 0, 0, 1, 1, 0, 0, 1, 0, 0, 0, 0, 2, 2, 1]|[0, 3, 1, 2, 0, 0, 1, 1, 4, 1, 1, 4, 4, 4, 2, 2, 4, 2, 1, 1, 1, 1, 2, 1, 2, 1, 1, 1, 1, 4, 0, 3, 3, 0, 1, 1, 0, 3, 2, 2, 2, 2, 0, 1, 1, 0, 4, 0, 1, 2, 2, 1, 4, 0, 3, 2, 1, 2, 1, 2, 3, 1, 1, 3, 0, 4, 4, 1, 4, 3, 1, 2, 4, 1, 1, 1, 1, 1, 3, 1, 1, 1, 1, 1, 1, 1, 2, 1, 4, 3, 2, 2, 1, 2, 2, 0, 1, 1, 1, 4]|[1, 1, 1, 1, 3, 3, 0, 0, 0, 0, 0, 2, 0, 1, 0, 0, 3, 1, 0, 0, 0, 3, 1, 0, 2, 0, 0, 0, 1, 3, 0, 0, 0, 0, 1, 0, 0, 2, 1, 1, 1, 1, 0, 0, 0, 0, 2, 1, 0, 0, 0, 1, 3, 0, 0, 1, 0, 1, 0, 1, 2, 0, 0, 2, 1, 0, 2, 1, 1, 0, 3, 1, 3, 0, 0, 0, 2, 0, 0, 0, 0, 0, 1, 0, 0, 0, 1, 0, 0, 2, 1, 0, 1, 0, 0, 1, 1, 0, 0, 2],733.3116759547878,58140.55643565909,96674.14109675489,false
23,G4_BALANCED,G4_BALANCED,[31, 11, 15, 82, 26, 9, 95, 32, 77, 68, 47, 5, 93, 78, 86, 54, 85, 63, 18, 44, 20, 49, 36, 14, 74, 50, 53, 17, 21, 45, 71, 64, 3, 23, 30, 83, 24, 41, 60, 52, 65, 27, 90, 70, 39, 87, 48, 69, 99, 4, 46, 1, 13, 58, 97, 59, 28, 75, 73, 37, 35, 79, 22, 66, 76, 42, 40, 80, 96, 6, 16, 61, 33, 7, 57, 34, 12, 67, 10, 98, 56, 88, 29, 94, 91, 51, 19, 92, 43, 84, 38, 72, 81, 8, 2, 55, 62, 89, 25, 0]|[2, 1, 1, 2, 1, 2, 1, 1, 1, 1, 1, 0, 2, 2, 1, 2, 0, 0, 0, 2, 2, 1, 0, 2, 0, 2, 2, 1, 0, 1, 1, 1, 0, 0, 1, 0, 2, 1, 2, 2, 0, 0, 1, 1, 0, 2, 0, 2, 1, 0, 0, 2, 0, 0, 2, 0, 1, 0, 0, 0, 2, 1, 0, 2, 2, 0, 2, 2, 0, 1, 2, 1, 1, 2, 0, 1, 1, 1, 1, 2, 2, 1, 1, 2, 1, 1, 1, 0, 1, 0, 0, 1, 1, 1, 2, 0, 1, 1, 1, 0]|[1, 3, 2, 0, 4, 1, 4, 4, 2, 4, 3, 2, 1, 0, 2, 1, 1, 1, 2, 1, 1, 3, 0, 1, 0, 1, 1, 4, 1, 4, 3, 2, 2, 0, 4, 1, 1, 4, 0, 1, 2, 1, 4, 4, 1, 1, 0, 2, 3, 1, 2, 1, 2, 1, 1, 2, 4, 2, 0, 2, 2, 3, 1, 0, 1, 2, 0, 1, 2, 4, 1, 3, 4, 1, 2, 4, 3, 3, 3, 1, 1, 4, 3, 1, 3, 3, 4, 2, 4, 2, 2, 4, 1, 3, 1, 2, 3, 4, 4, 2]|[1, 2, 1, 0, 3, 0, 1, 3, 0, 0, 2, 0, 1, 0, 1, 0, 0, 0, 1, 0, 0, 2, 0, 0, 1, 0, 0, 3, 0, 1, 0, 2, 0, 1, 3, 0, 1, 3, 1, 0, 0, 0, 1, 3, 0, 0, 1, 0, 2, 0, 0, 0, 0, 0, 1, 0, 1, 0, 1, 1, 0, 2, 0, 0, 0, 0, 0, 0, 0, 2, 0, 0, 1, 0, 0, 1, 0, 0, 3, 0, 0, 1, 0, 0, 0, 0, 3, 0, 2, 0, 0, 2, 1, 0, 0, 0, 0, 1, 3, 0],836.569815134707,52504.092339752446,107095.57005228325,false
23,G2_TEC,G2_TEC,[31, 22, 82, 15, 26, 9, 95, 42, 77, 68, 47, 5, 93, 78, 86, 54, 85, 63, 18, 44, 20, 49, 36, 14, 74, 50, 53, 17, 21, 28, 11, 64, 3, 23, 30, 83, 24, 41, 40, 52, 65, 27, 90, 70, 39, 87, 48, 69, 99, 4, 46, 1, 13, 58, 97, 59, 45, 8, 73, 37, 35, 79, 71, 66, 76, 32, 60, 80, 96, 6, 16, 61, 33, 7, 57, 34, 12, 67, 10, 98, 56, 88, 29, 75, 91, 38, 19, 92, 43, 84, 51, 72, 81, 25, 2, 55, 62, 89, 94, 0]|[2, 1, 2, 1, 1, 2, 1, 1, 1, 1, 1, 0, 2, 2, 1, 2, 0, 0, 0, 2, 2, 1, 0, 2, 0, 2, 2, 1, 0, 1, 1, 1, 0, 0, 1, 0, 2, 1, 2, 2, 0, 0, 1, 1, 0, 2, 0, 2, 1, 0, 0, 2, 0, 0, 2, 0, 1, 1, 0, 0, 2, 1, 1, 2, 2, 0, 2, 2, 0, 1, 2, 1, 1, 2, 0, 1, 1, 1, 1, 2, 2, 1, 1, 0, 1, 0, 1, 0, 1, 0, 1, 1, 1, 1, 2, 0, 1, 1, 2, 0]|[0, 3, 0, 3, 4, 1, 4, 4, 2, 4, 3, 2, 1, 0, 2, 1, 1, 1, 2, 1, 1, 3, 0, 1, 0, 1, 1, 4, 1, 4, 3, 2, 2, 0, 4, 1, 1, 4, 0, 1, 2, 1, 4, 4, 1, 1, 0, 2, 3, 2, 2, 1, 2, 1, 1, 2, 4, 3, 0, 2, 2, 3, 3, 0, 1, 2, 0, 1, 2, 4, 1, 3, 4, 1, 2, 4, 3, 3, 3, 1, 1, 4, 3, 2, 3, 2, 4, 2, 4, 2, 3, 4, 4, 4, 1, 2, 3, 4, 1, 2]|[0, 2, 0, 0, 3, 0, 1, 3, 0, 0, 2, 0, 1, 0, 1, 0, 0, 0, 1, 0, 0, 2, 0, 0, 1, 0, 0, 3, 0, 1, 0, 2, 0, 0, 3, 0, 1, 3, 0, 0, 0, 0, 1, 3, 0, 0, 1, 0, 2, 0, 0, 0, 0, 0, 1, 0, 1, 0, 1, 1, 0, 2, 0, 0, 0, 0, 0, 0, 0, 2, 0, 0, 1, 0, 0, 1, 0, 0, 3, 0, 0, 1, 0, 0, 0, 0, 1, 0, 2, 0, 0, 2, 1, 3, 0, 0, 0, 1, 0, 0],896.1029292898813,50428.13444364295,114595.46915086164,false
23,G3_TWC,G1_CMAX,[31, 22, 82, 15, 26, 9, 42, 95, 77, 12, 47, 5, 93, 78, 86, 54, 85, 63, 18, 44, 20, 35, 43, 97, 91, 76, 10, 30, 21, 45, 71, 64, 1, 23, 17, 83, 24, 14, 60, 36, 6, 57, 94, 88, 65, 56, 79, 40, 67, 68, 46, 75, 38, 58, 19, 32, 81, 41, 27, 62, 87, 90, 99, 59, 11, 16, 72, 73, 70, 39, 37, 84, 3, 92, 25, 55, 28, 29, 51, 7, 33, 61, 98, 66, 89, 50, 8, 96, 53, 4, 80, 13, 34, 49, 52, 0, 48, 69, 2, 74]|[1, 1, 0, 1, 1, 1, 2, 1, 2, 1, 2, 2, 2, 1, 1, 0, 0, 1, 0, 2, 2, 0, 1, 2, 0, 1, 2, 2, 0, 0, 1, 2, 1, 2, 1, 0, 2, 0, 1, 1, 0, 1, 1, 1, 0, 2, 1, 1, 0, 0, 0, 0, 1, 1, 2, 1, 2, 0, 0, 0, 2, 1, 0, 1, 2, 1, 2, 1, 1, 1, 1, 1, 1, 0, 1, 1, 0, 0, 0, 1, 2, 1, 0, 2, 1, 0, 1, 0, 0, 0, 0, 0, 2, 0, 1, 0, 0, 1, 0, 2]|[4, 3, 2, 2, 0, 0, 2, 2, 2, 4, 1, 1, 2, 4, 4, 1, 2, 4, 2, 1, 1, 1, 1, 2, 1, 2, 1, 1, 1, 1, 3, 2, 3, 0, 4, 0, 1, 1, 0, 3, 2, 2, 4, 0, 1, 1, 0, 2, 0, 1, 2, 2, 1, 4, 0, 3, 2, 1, 1, 2, 1, 3, 1, 1, 1, 3, 0, 4, 3, 1, 4, 1, 1, 0, 4, 4, 2, 1, 1, 3, 1, 3, 1, 1, 1, 1, 3, 1, 2, 2, 1, 1, 1, 1, 1, 2, 2, 3, 2, 1]|[0, 2, 1, 1, 3, 3, 0, 1, 0, 0, 0, 0, 1, 0, 1, 0, 0, 3, 1, 0, 0, 0, 3, 1, 0, 2, 0, 0, 0, 1, 0, 0, 0, 0, 3, 0, 1, 0, 0, 2, 1, 1, 2, 0, 0, 0, 0, 1, 1, 0, 0, 0, 1, 3, 0, 0, 1, 0, 0, 1, 0, 2, 0, 1, 0, 2, 1, 0, 0, 1, 1, 3, 1, 1, 3, 3, 1, 0, 0, 2, 0, 0, 0, 0, 1, 0, 2, 0, 1, 1, 0, 0, 0, 1, 1, 0, 0, 0, 0, 0],800.9728923351585,58117.763115372225,90558.04465999853,true
23,G1_CMAX,G1_CMAX,[31, 22, 82, 15, 26, 9, 42, 77, 12, 5, 47, 93, 78, 86, 54, 6, 63, 18, 44, 20, 35, 43, 97, 91, 76, 10, 30, 21, 45, 17, 23, 1, 71, 83, 24, 14, 60, 36, 85, 57, 40, 95, 88, 65, 56, 79, 94, 67, 68, 46, 75, 38, 58, 19, 32, 81, 41, 62, 87, 28, 90, 59, 11, 16, 72, 73, 69, 52, 37, 64, 84, 3, 25, 29, 55, 51, 7, 98, 61, 66, 99, 33, 89, 48, 50, 96, 53, 80, 4, 8, 27, 2, 39, 13, 0, 92, 49, 74, 34, 70]|[1, 1, 0, 1, 1, 1, 2, 2, 1, 2, 2, 1, 1, 1, 0, 0, 1, 0, 2, 2, 0, 1, 2, 2, 1, 2, 2, 0, 0, 1, 2, 1, 1, 0, 2, 0, 1, 1, 0, 1, 1, 1, 1, 0, 2, 1, 1, 0, 0, 0, 0, 1, 1, 2, 1, 2, 0, 0, 2, 0, 1, 2, 2, 1, 2, 1, 1, 1, 1, 1, 1, 2, 1, 0, 2, 0, 1, 2, 1, 0, 0, 2, 1, 0, 0, 2, 0, 0, 1, 1, 0, 0, 1, 0, 0, 0, 0, 2, 2, 1]|[0, 3, 1, 2, 0, 0, 1, 1, 4, 1, 1, 4, 4, 4, 2, 2, 4, 2, 1, 1, 1, 1, 2, 1, 2, 1, 1, 1, 1, 4, 0, 3, 3, 0, 1, 1, 0, 3, 2, 2, 2, 2, 0, 1, 1, 0, 4, 0, 1, 2, 2, 1, 4, 0, 3, 2, 1, 2, 1, 2, 3, 1, 1, 3, 0, 4, 4, 1, 4, 3, 1, 2, 4, 1, 1, 1, 1, 1, 3, 1, 1, 1, 1, 1, 1, 1, 2, 1, 4, 3, 2, 2, 1, 2, 2, 0, 1, 1, 1, 4]|[1, 1, 1, 1, 3, 3, 0, 0, 0, 0, 0, 2, 0, 1, 0, 0, 3, 1, 0, 0, 0, 3, 1, 0, 2, 0, 0, 0, 1, 3, 0, 0, 0, 0, 1, 0, 0, 2, 1, 1, 1, 1, 0, 0, 0, 0, 2, 1, 0, 0, 0, 1, 3, 0, 0, 1, 0, 1, 0, 1, 2, 0, 0, 2, 1, 0, 2, 1, 1, 0, 3, 1, 3, 0, 0, 0, 2, 0, 0, 0, 0, 0, 1, 0, 0, 0, 1, 0, 0, 2, 1, 0, 1, 0, 0, 1, 1, 0, 0, 2],733.3116759547878,58140.55643565909,96674.14109675489,false
23,G4_BALANCED,G4_BALANCED,[31, 11, 15, 82, 26, 9, 95, 32, 77, 68, 47, 5, 93, 78, 86, 54, 85, 63, 18, 44, 20, 49, 36, 14, 74, 50, 53, 17, 21, 45, 71, 64, 3, 23, 30, 83, 24, 41, 60, 52, 65, 27, 90, 70, 39, 87, 48, 69, 99, 4, 46, 1, 13, 58, 97, 59, 28, 75, 73, 37, 35, 79, 22, 66, 76, 42, 40, 80, 96, 6, 16, 61, 33, 7, 57, 34, 12, 67, 10, 98, 56, 88, 29, 94, 91, 51, 19, 92, 43, 84, 38, 72, 81, 8, 2, 55, 62, 89, 25, 0]|[2, 1, 1, 2, 1, 2, 1, 1, 1, 1, 1, 0, 2, 2, 1, 2, 0, 0, 0, 2, 2, 1, 0, 2, 0, 2, 2, 1, 0, 1, 1, 1, 0, 0, 1, 0, 2, 1, 2, 2, 0, 0, 1, 1, 0, 2, 0, 2, 1, 0, 0, 2, 0, 0, 2, 0, 1, 0, 0, 0, 2, 1, 0, 2, 2, 0, 2, 2, 0, 1, 2, 1, 1, 2, 0, 1, 1, 1, 1, 2, 2, 1, 1, 2, 1, 1, 1, 0, 1, 0, 0, 1, 1, 1, 2, 0, 1, 1, 1, 0]|[1, 3, 2, 0, 4, 1, 4, 4, 2, 4, 3, 2, 1, 0, 2, 1, 1, 1, 2, 1, 1, 3, 0, 1, 0, 1, 1, 4, 1, 4, 3, 2, 2, 0, 4, 1, 1, 4, 0, 1, 2, 1, 4, 4, 1, 1, 0, 2, 3, 1, 2, 1, 2, 1, 1, 2, 4, 2, 0, 2, 2, 3, 1, 0, 1, 2, 0, 1, 2, 4, 1, 3, 4, 1, 2, 4, 3, 3, 3, 1, 1, 4, 3, 1, 3, 3, 4, 2, 4, 2, 2, 4, 1, 3, 1, 2, 3, 4, 4, 2]|[1, 2, 1, 0, 3, 0, 1, 3, 0, 0, 2, 0, 1, 0, 1, 0, 0, 0, 1, 0, 0, 2, 0, 0, 1, 0, 0, 3, 0, 1, 0, 2, 0, 1, 3, 0, 1, 3, 1, 0, 0, 0, 1, 3, 0, 0, 1, 0, 2, 0, 0, 0, 0, 0, 1, 0, 1, 0, 1, 1, 0, 2, 0, 0, 0, 0, 0, 0, 0, 2, 0, 0, 1, 0, 0, 1, 0, 0, 3, 0, 0, 1, 0, 0, 0, 0, 3, 0, 2, 0, 0, 2, 1, 0, 0, 0, 0, 1, 3, 0],836.569815134707,52504.092339752446,107095.57005228325,false
23,G2_TEC,G2_TEC,[31, 22, 82, 15, 26, 9, 95, 42, 77, 68, 47, 5, 93, 78, 86, 54, 85, 63, 18, 44, 20, 49, 36, 14, 74, 50, 53, 17, 21, 28, 11, 64, 3, 23, 30, 83, 24, 41, 40, 52, 65, 27, 90, 70, 39, 87, 48, 69, 99, 4, 46, 1, 13, 58, 97, 59, 45, 8, 73, 37, 35, 79, 71, 66, 76, 32, 60, 80, 96, 6, 16, 61, 33, 7, 57, 34, 12, 67, 10, 98, 56, 88, 29, 75, 91, 38, 19, 92, 43, 84, 51, 72, 81, 25, 2, 55, 62, 89, 94, 0]|[2, 1, 2, 1, 1, 2, 1, 1, 1, 1, 1, 0, 2, 2, 1, 2, 0, 0, 0, 2, 2, 1, 0, 2, 0, 2, 2, 1, 0, 1, 1, 1, 0, 0, 1, 0, 2, 1, 2, 2, 0, 0, 1, 1, 0, 2, 0, 2, 1, 0, 0, 2, 0, 0, 2, 0, 1, 1, 0, 0, 2, 1, 1, 2, 2, 0, 2, 2, 0, 1, 2, 1, 1, 2, 0, 1, 1, 1, 1, 2, 2, 1, 1, 0, 1, 0, 1, 0, 1, 0, 1, 1, 1, 1, 2, 0, 1, 1, 2, 0]|[0, 3, 0, 3, 4, 1, 4, 4, 2, 4, 3, 2, 1, 0, 2, 1, 1, 1, 2, 1, 1, 3, 0, 1, 0, 1, 1, 4, 1, 4, 3, 2, 2, 0, 4, 1, 1, 4, 0, 1, 2, 1, 4, 4, 1, 1, 0, 2, 3, 2, 2, 1, 2, 1, 1, 2, 4, 3, 0, 2, 2, 3, 3, 0, 1, 2, 0, 1, 2, 4, 1, 3, 4, 1, 2, 4, 3, 3, 3, 1, 1, 4, 3, 2, 3, 2, 4, 2, 4, 2, 3, 4, 4, 4, 1, 2, 3, 4, 1, 2]|[0, 2, 0, 0, 3, 0, 1, 3, 0, 0, 2, 0, 1, 0, 1, 0, 0, 0, 1, 0, 0, 2, 0, 0, 1, 0, 0, 3, 0, 1, 0, 2, 0, 0, 3, 0, 1, 3, 0, 0, 0, 0, 1, 3, 0, 0, 1, 0, 2, 0, 0, 0, 0, 0, 1, 0, 1, 0, 1, 1, 0, 2, 0, 0, 0, 0, 0, 0, 0, 2, 0, 0, 1, 0, 0, 1, 0, 0, 3, 0, 0, 1, 0, 0, 0, 0, 1, 0, 2, 0, 0, 2, 1, 3, 0, 0, 0, 1, 0, 0],896.1029292898813,50428.13444364295,114595.46915086164,false
23,G3_TWC,G1_CMAX,[31, 22, 82, 15, 26, 9, 42, 95, 77, 12, 47, 5, 93, 78, 86, 54, 85, 63, 18, 44, 20, 35, 43, 97, 91, 76, 10, 30, 21, 45, 71, 64, 1, 23, 17, 83, 24, 14, 60, 36, 6, 57, 94, 88, 65, 56, 79, 40, 67, 68, 46, 75, 38, 58, 19, 32, 81, 41, 27, 62, 87, 90, 99, 59, 11, 16, 72, 73, 70, 39, 37, 84, 3, 92, 25, 55, 28, 29, 51, 7, 33, 61, 98, 66, 89, 50, 8, 96, 53, 4, 80, 13, 34, 49, 52, 0, 48, 69, 2, 74]|[1, 1, 0, 1, 1, 1, 2, 1, 2, 1, 2, 2, 2, 1, 1, 0, 0, 1, 0, 2, 2, 0, 1, 2, 0, 1, 2, 2, 0, 0, 1, 2, 1, 2, 1, 0, 2, 0, 1, 1, 0, 1, 1, 1, 0, 2, 1, 1, 0, 0, 0, 0, 1, 1, 2, 1, 2, 0, 0, 0, 2, 1, 0, 1, 2, 1, 2, 1, 1, 1, 1, 1, 1, 0, 1, 1, 0, 0, 0, 1, 2, 1, 0, 2, 1, 0, 1, 0, 0, 0, 0, 0, 2, 0, 1, 0, 0, 1, 0, 2]|[4, 3, 2, 2, 0, 0, 2, 2, 2, 4, 1, 1, 2, 4, 4, 1, 2, 4, 2, 1, 1, 1, 1, 2, 1, 2, 1, 1, 1, 1, 3, 2, 3, 0, 4, 0, 1, 1, 0, 3, 2, 2, 4, 0, 1, 1, 0, 2, 0, 1, 2, 2, 1, 4, 0, 3, 2, 1, 1, 2, 1, 3, 1, 1, 1, 3, 0, 4, 3, 1, 4, 1, 1, 0, 4, 4, 2, 1, 1, 3, 1, 3, 1, 1, 1, 1, 3, 1, 2, 2, 1, 1, 1, 1, 1, 2, 2, 3, 2, 1]|[0, 2, 1, 1, 3, 3, 0, 1, 0, 0, 0, 0, 1, 0, 1, 0, 0, 3, 1, 0, 0, 0, 3, 1, 0, 2, 0, 0, 0, 1, 0, 0, 0, 0, 3, 0, 1, 0, 0, 2, 1, 1, 2, 0, 0, 0, 0, 1, 1, 0, 0, 0, 1, 3, 0, 0, 1, 0, 0, 1, 0, 2, 0, 1, 0, 2, 1, 0, 0, 1, 1, 3, 1, 1, 3, 3, 1, 0, 0, 2, 0, 0, 0, 0, 1, 0, 2, 0, 1, 1, 0, 0, 0, 1, 1, 0, 0, 0, 0, 0],800.9728923351585,58117.763115372225,90558.04465999853,true
23,G1_CMAX,G1_CMAX,[31, 22, 82, 15, 26, 9, 42, 77, 12, 5, 47, 93, 78, 86, 54, 6, 63, 18, 44, 20, 35, 43, 97, 91, 76, 10, 30, 21, 45, 17, 23, 1, 71, 83, 24, 14, 60, 36, 85, 57, 40, 95, 88, 65, 56, 79, 94, 67, 68, 46, 75, 38, 58, 19, 32, 81, 41, 62, 87, 28, 90, 59, 11, 16, 72, 73, 69, 52, 37, 64, 84, 3, 25, 29, 55, 51, 7, 98, 61, 66, 99, 33, 89, 48, 50, 96, 53, 80, 4, 8, 27, 2, 39, 13, 0, 92, 49, 74, 34, 70]|[1, 1, 0, 1, 1, 1, 2, 2, 1, 2, 2, 1, 1, 1, 0, 0, 1, 0, 2, 2, 0, 1, 2, 2, 1, 2, 2, 0, 0, 1, 2, 1, 1, 0, 2, 0, 1, 1, 0, 1, 1, 1, 1, 0, 2, 1, 1, 0, 0, 0, 0, 1, 1, 2, 1, 2, 0, 0, 2, 0, 1, 2, 2, 1, 2, 1, 1, 1, 1, 1, 1, 2, 1, 0, 2, 0, 1, 2, 1, 0, 0, 2, 1, 0, 0, 2, 0, 0, 1, 1, 0, 0, 1, 0, 0, 0, 0, 2, 2, 1]|[0, 3, 1, 2, 0, 0, 1, 1, 4, 1, 1, 4, 4, 4, 2, 2, 4, 2, 1, 1, 1, 1, 2, 1, 2, 1, 1, 1, 1, 4, 0, 3, 3, 0, 1, 1, 0, 3, 2, 2, 2, 2, 0, 1, 1, 0, 4, 0, 1, 2, 2, 1, 4, 0, 3, 2, 1, 2, 1, 2, 3, 1, 1, 3, 0, 4, 4, 1, 4, 3, 1, 2, 4, 1, 1, 1, 1, 1, 3, 1, 1, 1, 1, 1, 1, 1, 2, 1, 4, 3, 2, 2, 1, 2, 2, 0, 1, 1, 1, 4]|[1, 1, 1, 1, 3, 3, 0, 0, 0, 0, 0, 2, 0, 1, 0, 0, 3, 1, 0, 0, 0, 3, 1, 0, 2, 0, 0, 0, 1, 3, 0, 0, 0, 0, 1, 0, 0, 2, 1, 1, 1, 1, 0, 0, 0, 0, 2, 1, 0, 0, 0, 1, 3, 0, 0, 1, 0, 1, 0, 1, 2, 0, 0, 2, 1, 0, 2, 1, 1, 0, 3, 1, 3, 0, 0, 0, 2, 0, 0, 0, 0, 0, 1, 0, 0, 0, 1, 0, 0, 2, 1, 0, 1, 0, 0, 1, 1, 0, 0, 2],733.3116759547878,58140.55643565909,96674.14109675489,false
23,G4_BALANCED,G4_BALANCED,[31, 11, 82, 15, 26, 9, 95, 42, 77, 68, 47, 5, 93, 78, 86, 54, 85, 63, 76, 44, 20, 49, 36, 14, 74, 50, 53, 17, 21, 45, 71, 64, 3, 23, 30, 83, 24, 41, 60, 52, 65, 27, 90, 70, 39, 87, 48, 69, 99, 4, 46, 1, 13, 58, 97, 59, 28, 75, 73, 37, 35, 79, 22, 66, 18, 32, 40, 80, 96, 6, 56, 61, 33, 7, 57, 34, 12, 67, 10, 98, 16, 88, 29, 8, 91, 38, 19, 92, 72, 84, 51, 43, 81, 25, 2, 55, 0, 94, 89, 62]|[2, 1, 2, 1, 1, 2, 1, 1, 1, 1, 1, 0, 2, 2, 1, 2, 0, 0, 0, 2, 2, 1, 0, 2, 0, 2, 2, 1, 0, 1, 1, 1, 0, 0, 1, 0, 2, 1, 2, 2, 0, 0, 1, 1, 0, 2, 0, 2, 1, 0, 0, 2, 0, 0, 2, 0, 1, 0, 0, 0, 2, 1, 0, 2, 2, 0, 2, 2, 0, 1, 2, 1, 1, 2, 0, 1, 1, 1, 1, 2, 2, 1, 1, 1, 1, 0, 1, 0, 1, 0, 1, 1, 1, 1, 2, 0, 0, 2, 1, 1]|[0, 3, 0, 2, 4, 1, 4, 4, 2, 4, 3, 2, 1, 0, 2, 1, 1, 1, 2, 1, 1, 3, 0, 1, 0, 1, 1, 4, 1, 4, 3, 2, 2, 0, 4, 1, 1, 4, 0, 1, 2, 1, 4, 4, 1, 1, 0, 2, 3, 1, 2, 1, 2, 1, 1, 2, 4, 2, 0, 2, 2, 3, 1, 0, 1, 2, 0, 1, 2, 4, 1, 3, 4, 1, 2, 4, 3, 3, 3, 1, 1, 4, 3, 3, 3, 2, 4, 2, 4, 2, 3, 4, 1, 4, 1, 2, 2, 1, 4, 3]|[0, 2, 0, 1, 3, 0, 1, 3, 0, 0, 2, 0, 1, 0, 1, 0, 0, 0, 1, 0, 0, 2, 0, 0, 1, 0, 0, 3, 0, 1, 0, 2, 0, 1, 3, 0, 1, 3, 1, 0, 0, 0, 1, 3, 0, 0, 1, 0, 2, 0, 0, 0, 0, 0, 1, 0, 1, 0, 1, 1, 0, 2, 0, 0, 0, 0, 0, 0, 0, 2, 0, 0, 1, 0, 0, 1, 0, 0, 3, 0, 0, 1, 0, 0, 0, 0, 3, 0, 2, 0, 0, 2, 1, 3, 0, 0, 0, 0, 1, 0],839.7308016558047,52103.26715956506,108081.52425448055,false
23,G2_TEC,G2_TEC,[31, 22, 82, 15, 26, 9, 95, 42, 77, 68, 47, 5, 93, 78, 86, 54, 85, 63, 18, 44, 20, 49, 36, 14, 74, 50, 53, 17, 21, 28, 11, 64, 3, 23, 30, 83, 24, 41, 40, 52, 65, 27, 90, 70, 39, 87, 48, 69, 99, 4, 46, 1, 13, 58, 97, 59, 45, 8, 73, 37, 35, 79, 71, 66, 76, 32, 60, 80, 96, 6, 16, 61, 33, 7, 57, 34, 12, 67, 10, 98, 56, 88, 29, 75, 91, 38, 19, 92, 43, 84, 51, 72, 81, 25, 2, 55, 62, 89, 94, 0]|[2, 1, 2, 1, 1, 2, 1, 1, 1, 1, 1, 0, 2, 2, 1, 2, 0, 0, 0, 2, 2, 1, 0, 2, 0, 2, 2, 1, 0, 1, 1, 1, 0, 0, 1, 0, 2, 1, 2, 2, 0, 0, 1, 1, 0, 2, 0, 2, 1, 0, 0, 2, 0, 0, 2, 0, 1, 1, 0, 0, 2, 1, 1, 2, 2, 0, 2, 2, 0, 1, 2, 1, 1, 2, 0, 1, 1, 1, 1, 2, 2, 1, 1, 0, 1, 0, 1, 0, 1, 0, 1, 1, 1, 1, 2, 0, 1, 1, 2, 0]|[0, 3, 0, 3, 4, 1, 4, 4, 2, 4, 3, 2, 1, 0, 2, 1, 1, 1, 2, 1, 1, 3, 0, 1, 0, 1, 1, 4, 1, 4, 3, 2, 2, 0, 4, 1, 1, 4, 0, 1, 2, 1, 4, 4, 1, 1, 0, 2, 3, 2, 2, 1, 2, 1, 1, 2, 4, 3, 0, 2, 2, 3, 3, 0, 1, 2, 0, 1, 2, 4, 1, 3, 4, 1, 2, 4, 3, 3, 3, 1, 1, 4, 3, 2, 3, 2, 4, 2, 4, 2, 3, 4, 4, 4, 1, 2, 3, 4, 1, 2]|[0, 2, 0, 0, 3, 0, 1, 3, 0, 0, 2, 0, 1, 0, 1, 0, 0, 0, 1, 0, 0, 2, 0, 0, 1, 0, 0, 3, 0, 1, 0, 2, 0, 0, 3, 0, 1, 3, 0, 0, 0, 0, 1, 3, 0, 0, 1, 0, 2, 0, 0, 0, 0, 0, 1, 0, 1, 0, 1, 1, 0, 2, 0, 0, 0, 0, 0, 0, 0, 2, 0, 0, 1, 0, 0, 1, 0, 0, 3, 0, 0, 1, 0, 0, 0, 0, 1, 0, 2, 0, 0, 2, 1, 3, 0, 0, 0, 1, 0, 0],896.1029292898813,50428.13444364295,114595.46915086164,false
23,G3_TWC,G4_BALANCED,[31, 22, 82, 15, 26, 9, 95, 42, 77, 68, 47, 5, 93, 78, 86, 54, 85, 63, 18, 44, 20, 49, 36, 14, 74, 50, 53, 17, 21, 28, 71, 64, 3, 23, 30, 83, 24, 41, 60, 52, 65, 27, 90, 70, 39, 87, 48, 69, 99, 4, 46, 1, 13, 58, 97, 59, 45, 8, 73, 37, 35, 40, 11, 66, 76, 32, 79, 80, 96, 6, 16, 61, 33, 7, 57, 34, 12, 67, 10, 98, 56, 88, 29, 75, 91, 38, 19, 92, 43, 84, 51, 72, 81, 25, 2, 55, 0, 62, 89, 94]|[2, 1, 2, 1, 1, 2, 1, 1, 1, 1, 1, 0, 2, 2, 1, 2, 0, 0, 0, 2, 2, 1, 0, 2, 0, 2, 2, 1, 0, 1, 1, 1, 0, 0, 1, 0, 2, 1, 2, 2, 0, 0, 1, 1, 0, 2, 0, 2, 1, 0, 0, 2, 0, 0, 2, 0, 1, 1, 0, 0, 2, 2, 0, 2, 2, 0, 1, 2, 0, 1, 2, 1, 1, 2, 0, 1, 1, 1, 1, 0, 0, 1, 1, 0, 1, 0, 1, 0, 1, 0, 1, 1, 1, 1, 2, 0, 0, 1, 1, 1]|[0, 3, 0, 3, 4, 1, 4, 4, 2, 4, 3, 2, 1, 0, 2, 1, 1, 1, 2, 1, 1, 3, 0, 1, 0, 1, 1, 4, 1, 4, 3, 2, 2, 0, 4, 1, 1, 4, 0, 1, 2, 1, 4, 4, 1, 1, 0, 2, 3, 1, 2, 1, 2, 1, 1, 2, 4, 3, 0, 2, 2, 0, 1, 0, 1, 2, 3, 1, 2, 4, 1, 3, 4, 1, 2, 4, 3, 3, 3, 2, 2, 4, 3, 2, 3, 2, 4, 2, 4, 2, 3, 4, 1, 4, 1, 2, 2, 3, 4, 4]|[0, 2, 0, 0, 3, 0, 1, 3, 0, 0, 2, 0, 1, 0, 1, 0, 0, 0, 1, 0, 0, 2, 0, 0, 1, 0, 0, 3, 0, 1, 0, 2, 0, 1, 3, 0, 1, 3, 1, 0, 0, 0, 1, 3, 0, 0, 1, 0, 2, 0, 0, 0, 0, 0, 1, 0, 1, 0, 1, 1, 0, 0, 0, 0, 0, 0, 2, 0, 0, 2, 0, 0, 1, 0, 0, 1, 0, 0, 3, 0, 0, 1, 0, 0, 0, 0, 3, 0, 2, 0, 0, 2, 1, 3, 0, 0, 0, 0, 1, 2],895.882654114783,51790.905477397624,105782.20215547305,true
23,G1_CMAX,G1_CMAX,[31, 22, 82, 15, 26, 9, 42, 77, 12, 5, 47, 93, 78, 86, 54, 6, 63, 18, 44, 20, 35, 43, 97, 91, 76, 10, 30, 21, 45, 17, 23, 1, 71, 83, 24, 14, 60, 36, 85, 57, 40, 95, 88, 65, 56, 79, 94, 67, 68, 46, 75, 38, 58, 19, 32, 81, 41, 62, 87, 28, 90, 59, 11, 16, 72, 73, 69, 52, 37, 64, 84, 3, 25, 29, 55, 51, 7, 98, 61, 66, 99, 33, 89, 48, 50, 96, 53, 80, 4, 8, 27, 2, 39, 13, 0, 92, 49, 74, 34, 70]|[1, 1, 0, 1, 1, 1, 2, 2, 1, 2, 2, 1, 1, 1, 0, 0, 1, 0, 2, 2, 0, 1, 2, 2, 1, 2, 2, 0, 0, 1, 2, 1, 1, 0, 2, 0, 1, 1, 0, 1, 1, 1, 1, 0, 2, 1, 1, 0, 0, 0, 0, 1, 1, 2, 1, 2, 0, 0, 2, 0, 1, 2, 2, 1, 2, 1, 1, 1, 1, 1, 1, 2, 1, 0, 2, 0, 1, 2, 1, 0, 0, 2, 1, 0, 0, 2, 0, 0, 1, 1, 0, 0, 1, 0, 0, 0, 0, 2, 2, 1]|[0, 3, 1, 2, 0, 0, 1, 1, 4, 1, 1, 4, 4, 4, 2, 2, 4, 2, 1, 1, 1, 1, 2, 1, 2, 1, 1, 1, 1, 4, 0, 3, 3, 0, 1, 1, 0, 3, 2, 2, 2, 2, 0, 1, 1, 0, 4, 0, 1, 2, 2, 1, 4, 0, 3, 2, 1, 2, 1, 2, 3, 1, 1, 3, 0, 4, 4, 1, 4, 3, 1, 2, 4, 1, 1, 1, 1, 1, 3, 1, 1, 1, 1, 1, 1, 1, 2, 1, 4, 3, 2, 2, 1, 2, 2, 0, 1, 1, 1, 4]|[1, 1, 1, 1, 3, 3, 0, 0, 0, 0, 0, 2, 0, 1, 0, 0, 3, 1, 0, 0, 0, 3, 1, 0, 2, 0, 0, 0, 1, 3, 0, 0, 0, 0, 1, 0, 0, 2, 1, 1, 1, 1, 0, 0, 0, 0, 2, 1, 0, 0, 0, 1, 3, 0, 0, 1, 0, 1, 0, 1, 2, 0, 0, 2, 1, 0, 2, 1, 1, 0, 3, 1, 3, 0, 0, 0, 2, 0, 0, 0, 0, 0, 1, 0, 0, 0, 1, 0, 0, 2, 1, 0, 1, 0, 0, 1, 1, 0, 0, 2],733.3116759547878,58140.55643565909,96674.14109675489,false
23,G4_BALANCED,G1_CMAX,[31, 22, 82, 15, 26, 9, 42, 77, 12, 5, 47, 93, 78, 86, 54, 95, 85, 63, 18, 44, 20, 35, 43, 97, 50, 76, 10, 30, 27, 45, 71, 64, 1, 23, 17, 83, 24, 21, 60, 36, 6, 57, 40, 88, 65, 56, 79, 94, 67, 75, 46, 68, 38, 58, 19, 32, 81, 41, 14, 62, 87, 90, 99, 59, 11, 16, 72, 73, 70, 39, 37, 84, 3, 92, 25, 55, 28, 29, 51, 7, 33, 61, 98, 66, 89, 91, 4, 96, 80, 53, 48, 8, 34, 49, 52, 0, 13, 69, 2, 74]|[1, 1, 0, 1, 1, 1, 2, 1, 1, 2, 2, 2, 1, 1, 0, 0, 0, 1, 0, 2, 2, 0, 1, 2, 0, 1, 2, 2, 0, 0, 1, 2, 1, 2, 1, 0, 2, 0, 1, 1, 0, 1, 1, 1, 0, 2, 1, 1, 0, 0, 0, 0, 1, 1, 2, 1, 2, 0, 0, 0, 2, 1, 0, 1, 2, 1, 2, 1, 1, 1, 1, 1, 1, 0, 1, 2, 0, 0, 0, 1, 2, 1, 2, 2, 1, 0, 1, 2, 2, 0, 0, 1, 2, 0, 1, 0, 0, 1, 0, 2]|[0, 3, 2, 2, 4, 0, 2, 2, 4, 1, 1, 1, 4, 4, 1, 1, 2, 4, 2, 1, 1, 1, 1, 2, 1, 2, 1, 1, 1, 1, 3, 2, 3, 1, 4, 0, 1, 1, 0, 3, 2, 2, 4, 0, 1, 1, 0, 4, 0, 2, 2, 1, 1, 4, 0, 3, 2, 1, 1, 2, 1, 3, 1, 1, 1, 3, 0, 4, 3, 1, 4, 1, 1, 0, 4, 1, 2, 1, 1, 1, 1, 3, 1, 1, 1, 1, 4, 1, 2, 2, 1, 3, 1, 1, 1, 2, 2, 4, 2, 1]|[0, 2, 1, 1, 3, 3, 1, 1, 0, 0, 0, 0, 0, 1, 0, 0, 0, 3, 1, 0, 0, 0, 3, 1, 0, 2, 0, 0, 0, 1, 0, 0, 0, 0, 3, 0, 1, 0, 0, 2, 1, 1, 2, 0, 0, 0, 0, 2, 1, 0, 0, 0, 1, 3, 0, 0, 1, 0, 0, 1, 0, 2, 0, 1, 0, 2, 1, 0, 0, 1, 1, 3, 1, 1, 3, 0, 1, 0, 0, 2, 0, 0, 0, 0, 1, 0, 0, 0, 0, 1, 0, 2, 0, 1, 1, 0, 0, 2, 0, 0],736.0923829551245,57765.61696048635,97510.03305760011,true
23,G2_TEC,G2_TEC,[31, 22, 82, 15, 26, 9, 95, 42, 77, 68, 47, 5, 93, 78, 86, 54, 85, 63, 18, 44, 20, 49, 36, 14, 74, 50, 53, 17, 21, 28, 11, 64, 3, 23, 30, 83, 24, 41, 40, 52, 65, 27, 90, 70, 39, 87, 48, 69, 99, 4, 46, 1, 13, 58, 97, 59, 45, 8, 73, 37, 35, 79, 71, 66, 76, 32, 60, 80, 96, 6, 16, 61, 33, 7, 57, 34, 12, 67, 10, 98, 56, 88, 29, 75, 91, 38, 19, 92, 43, 84, 51, 72, 81, 25, 2, 55, 62, 89, 94, 0]|[2, 1, 2, 1, 1, 2, 1, 1, 1, 1, 1, 0, 2, 2, 1, 2, 0, 0, 0, 2, 2, 1, 0, 2, 0, 2, 2, 1, 0, 1, 1, 1, 0, 0, 1, 0, 2, 1, 2, 2, 0, 0, 1, 1, 0, 2, 0, 2, 1, 0, 0, 2, 0, 0, 2, 0, 1, 1, 0, 0, 2, 1, 1, 2, 2, 0, 2, 2, 0, 1, 2, 1, 1, 2, 0, 1, 1, 1, 1, 2, 2, 1, 1, 0, 1, 0, 1, 0, 1, 0, 1, 1, 1, 1, 2, 0, 1, 1, 2, 0]|[0, 3, 0, 3, 4, 1, 4, 4, 2, 4, 3, 2, 1, 0, 2, 1, 1, 1, 2, 1, 1, 3, 0, 1, 0, 1, 1, 4, 1, 4, 3, 2, 2, 0, 4, 1, 1, 4, 0, 1, 2, 1, 4, 4, 1, 1, 0, 2, 3, 2, 2, 1, 2, 1, 1, 2, 4, 3, 0, 2, 2, 3, 3, 0, 1, 2, 0, 1, 2, 4, 1, 3, 4, 1, 2, 4, 3, 3, 3, 1, 1, 4, 3, 2, 3, 2, 4, 2, 4, 2, 3, 4, 4, 4, 1, 2, 3, 4, 1, 2]|[0, 2, 0, 0, 3, 0, 1, 3, 0, 0, 2, 0, 1, 0, 1, 0, 0, 0, 1, 0, 0, 2, 0, 0, 1, 0, 0, 3, 0, 1, 0, 2, 0, 0, 3, 0, 1, 3, 0, 0, 0, 0, 1, 3, 0, 0, 1, 0, 2, 0, 0, 0, 0, 0, 1, 0, 1, 0, 1, 1, 0, 2, 0, 0, 0, 0, 0, 0, 0, 2, 0, 0, 1, 0, 0, 1, 0, 0, 3, 0, 0, 1, 0, 0, 0, 0, 1, 0, 2, 0, 0, 2, 1, 3, 0, 0, 0, 1, 0, 0],896.1029292898813,50428.13444364295,114595.46915086164,false
23,G3_TWC,G1_CMAX,[31, 22, 82, 15, 26, 9, 42, 95, 77, 12, 47, 5, 93, 78, 86, 54, 85, 63, 18, 44, 20, 35, 43, 97, 91, 76, 10, 30, 21, 45, 71, 64, 1, 23, 17, 83, 24, 14, 60, 36, 6, 57, 94, 88, 65, 56, 79, 40, 67, 68, 46, 75, 38, 58, 19, 32, 81, 41, 27, 62, 87, 90, 99, 59, 11, 16, 72, 73, 70, 39, 37, 84, 3, 92, 25, 55, 28, 29, 51, 7, 33, 61, 98, 66, 89, 50, 8, 96, 53, 4, 80, 13, 34, 49, 52, 0, 48, 69, 2, 74]|[1, 1, 0, 1, 1, 1, 2, 1, 2, 1, 2, 2, 2, 1, 1, 0, 0, 1, 0, 2, 2, 0, 1, 2, 0, 1, 2, 2, 0, 0, 1, 2, 1, 2, 1, 0, 2, 0, 1, 1, 0, 1, 1, 1, 0, 2, 1, 1, 0, 0, 0, 0, 1, 1, 2, 1, 2, 0, 0, 0, 2, 1, 0, 1, 2, 1, 2, 1, 1, 1, 1, 1, 1, 0, 1, 1, 0, 0, 0, 1, 2, 1, 0, 2, 1, 0, 1, 0, 0, 0, 0, 0, 2, 0, 1, 0, 0, 1, 0, 2]|[4, 3, 2, 2, 0, 0, 2, 2, 2, 4, 1, 1, 2, 4, 4, 1, 2, 4, 2, 1, 1, 1, 1, 2, 1, 2, 1, 1, 1, 1, 3, 2, 3, 0, 4, 0, 1, 1, 0, 3, 2, 2, 4, 0, 1, 1, 0, 2, 0, 1, 2, 2, 1, 4, 0, 3, 2, 1, 1, 2, 1, 3, 1, 1, 1, 3, 0, 4, 3, 1, 4, 1, 1, 0, 4, 4, 2, 1, 1, 3, 1, 3, 1, 1, 1, 1, 3, 1, 2, 2, 1, 1, 1, 1, 1, 2, 2, 3, 2, 1]|[0, 2, 1, 1, 3, 3, 0, 1, 0, 0, 0, 0, 1, 0, 1, 0, 0, 3, 1, 0, 0, 0, 3, 1, 0, 2, 0, 0, 0, 1, 0, 0, 0, 0, 3, 0, 1, 0, 0, 2, 1, 1, 2, 0, 0, 0, 0, 1, 1, 0, 0, 0, 1, 3, 0, 0, 1, 0, 0, 1, 0, 2, 0, 1, 0, 2, 1, 0, 0, 1, 1, 3, 1, 1, 3, 3, 1, 0, 0, 2, 0, 0, 0, 0, 1, 0, 2, 0, 1, 1, 0, 0, 0, 1, 1, 0, 0, 0, 0, 0],800.9728923351585,58117.763115372225,90558.04465999853,true
23,G1_CMAX,G1_CMAX,[31, 22, 82, 15, 26, 9, 42, 77, 12, 5, 47, 93, 78, 86, 54, 6, 63, 18, 44, 20, 35, 43, 97, 91, 76, 10, 30, 21, 45, 17, 23, 1, 71, 83, 24, 14, 60, 36, 85, 57, 40, 95, 88, 65, 56, 79, 94, 67, 68, 46, 75, 38, 58, 19, 32, 81, 41, 62, 87, 28, 90, 59, 11, 16, 72, 73, 69, 52, 37, 64, 84, 3, 25, 29, 55, 51, 7, 98, 61, 66, 99, 33, 89, 48, 50, 96, 53, 80, 4, 8, 27, 2, 39, 13, 0, 92, 49, 74, 34, 70]|[1, 1, 0, 1, 1, 1, 2, 2, 1, 2, 2, 1, 1, 1, 0, 0, 1, 0, 2, 2, 0, 1, 2, 2, 1, 2, 2, 0, 0, 1, 2, 1, 1, 0, 2, 0, 1, 1, 0, 1, 1, 1, 1, 0, 2, 1, 1, 0, 0, 0, 0, 1, 1, 2, 1, 2, 0, 0, 2, 0, 1, 2, 2, 1, 2, 1, 1, 1, 1, 1, 1, 2, 1, 0, 2, 0, 1, 2, 1, 0, 0, 2, 1, 0, 0, 2, 0, 0, 1, 1, 0, 0, 1, 0, 0, 0, 0, 2, 2, 1]|[0, 3, 1, 2, 0, 0, 1, 1, 4, 1, 1, 4, 4, 4, 2, 2, 4, 2, 1, 1, 1, 1, 2, 1, 2, 1, 1, 1, 1, 4, 0, 3, 3, 0, 1, 1, 0, 3, 2, 2, 2, 2, 0, 1, 1, 0, 4, 0, 1, 2, 2, 1, 4, 0, 3, 2, 1, 2, 1, 2, 3, 1, 1, 3, 0, 4, 4, 1, 4, 3, 1, 2, 4, 1, 1, 1, 1, 1, 3, 1, 1, 1, 1, 1, 1, 1, 2, 1, 4, 3, 2, 2, 1, 2, 2, 0, 1, 1, 1, 4]|[1, 1, 1, 1, 3, 3, 0, 0, 0, 0, 0, 2, 0, 1, 0, 0, 3, 1, 0, 0, 0, 3, 1, 0, 2, 0, 0, 0, 1, 3, 0, 0, 0, 0, 1, 0, 0, 2, 1, 1, 1, 1, 0, 0, 0, 0, 2, 1, 0, 0, 0, 1, 3, 0, 0, 1, 0, 1, 0, 1, 2, 0, 0, 2, 1, 0, 2, 1, 1, 0, 3, 1, 3, 0, 0, 0, 2, 0, 0, 0, 0, 0, 1, 0, 0, 0, 1, 0, 0, 2, 1, 0, 1, 0, 0, 1, 1, 0, 0, 2],733.3116759547878,58140.55643565909,96674.14109675489,false
23,G4_BALANCED,G4_BALANCED,[31, 11, 15, 82, 26, 9, 95, 32, 77, 68, 47, 5, 93, 78, 86, 54, 85, 63, 18, 44, 20, 49, 36, 14, 74, 50, 53, 17, 21, 45, 71, 64, 3, 23, 30, 83, 24, 41, 60, 52, 65, 27, 90, 70, 39, 87, 48, 69, 99, 4, 46, 1, 13, 58, 97, 59, 28, 75, 73, 37, 35, 79, 22, 66, 76, 42, 40, 80, 96, 6, 16, 61, 33, 7, 57, 34, 12, 67, 10, 98, 56, 88, 29, 94, 91, 51, 19, 92, 43, 84, 38, 72, 81, 8, 2, 55, 62, 89, 25, 0]|[2, 1, 1, 2, 1, 2, 1, 1, 1, 1, 1, 0, 2, 2, 1, 2, 0, 0, 0, 2, 2, 1, 0, 2, 0, 2, 2, 1, 0, 1, 1, 1, 0, 0, 1, 0, 2, 1, 2, 2, 0, 0, 1, 1, 0, 2, 0, 2, 1, 0, 0, 2, 0, 0, 2, 0, 1, 0, 0, 0, 2, 1, 0, 2, 2, 0, 2, 2, 0, 1, 2, 1, 1, 2, 0, 1, 1, 1, 1, 2, 2, 1, 1, 2, 1, 1, 1, 0, 1, 0, 0, 1, 1, 1, 2, 0, 1, 1, 1, 0]|[1, 3, 2, 0, 4, 1, 4, 4, 2, 4, 3, 2, 1, 0, 2, 1, 1, 1, 2, 1, 1, 3, 0, 1, 0, 1, 1, 4, 1, 4, 3, 2, 2, 0, 4, 1, 1, 4, 0, 1, 2, 1, 4, 4, 1, 1, 0, 2, 3, 1, 2, 1, 2, 1, 1, 2, 4, 2, 0, 2, 2, 3, 1, 0, 1, 2, 0, 1, 2, 4, 1, 3, 4, 1, 2, 4, 3, 3, 3, 1, 1, 4, 3, 1, 3, 3, 4, 2, 4, 2, 2, 4, 1, 3, 1, 2, 3, 4, 4, 2]|[1, 2, 1, 0, 3, 0, 1, 3, 0, 0, 2, 0, 1, 0, 1, 0, 0, 0, 1, 0, 0, 2, 0, 0, 1, 0, 0, 3, 0, 1, 0, 2, 0, 1, 3, 0, 1, 3, 1, 0, 0, 0, 1, 3, 0, 0, 1, 0, 2, 0, 0, 0, 0, 0, 1, 0, 1, 0, 1, 1, 0, 2, 0, 0, 0, 0, 0, 0, 0, 2, 0, 0, 1, 0, 0, 1, 0, 0, 3, 0, 0, 1, 0, 0, 0, 0, 3, 0, 2, 0, 0, 2, 1, 0, 0, 0, 0, 1, 3, 0],836.569815134707,52504.092339752446,107095.57005228325,false
23,G2_TEC,G2_TEC,[31, 22, 82, 15, 26, 9, 95, 42, 77, 68, 47, 5, 93, 78, 86, 54, 85, 63, 18, 44, 20, 49, 36, 14, 74, 50, 53, 17, 21, 28, 11, 64, 3, 23, 30, 83, 24, 41, 40, 52, 65, 27, 90, 70, 39, 87, 48, 69, 99, 4, 46, 1, 13, 58, 97, 59, 45, 8, 73, 37, 35, 79, 71, 66, 76, 32, 60, 80, 96, 6, 16, 61, 33, 7, 57, 34, 12, 67, 10, 98, 56, 88, 29, 75, 91, 38, 19, 92, 43, 84, 51, 72, 81, 25, 2, 55, 62, 89, 94, 0]|[2, 1, 2, 1, 1, 2, 1, 1, 1, 1, 1, 0, 2, 2, 1, 2, 0, 0, 0, 2, 2, 1, 0, 2, 0, 2, 2, 1, 0, 1, 1, 1, 0, 0, 1, 0, 2, 1, 2, 2, 0, 0, 1, 1, 0, 2, 0, 2, 1, 0, 0, 2, 0, 0, 2, 0, 1, 1, 0, 0, 2, 1, 1, 2, 2, 0, 2, 2, 0, 1, 2, 1, 1, 2, 0, 1, 1, 1, 1, 2, 2, 1, 1, 0, 1, 0, 1, 0, 1, 0, 1, 1, 1, 1, 2, 0, 1, 1, 2, 0]|[0, 3, 0, 3, 4, 1, 4, 4, 2, 4, 3, 2, 1, 0, 2, 1, 1, 1, 2, 1, 1, 3, 0, 1, 0, 1, 1, 4, 1, 4, 3, 2, 2, 0, 4, 1, 1, 4, 0, 1, 2, 1, 4, 4, 1, 1, 0, 2, 3, 2, 2, 1, 2, 1, 1, 2, 4, 3, 0, 2, 2, 3, 3, 0, 1, 2, 0, 1, 2, 4, 1, 3, 4, 1, 2, 4, 3, 3, 3, 1, 1, 4, 3, 2, 3, 2, 4, 2, 4, 2, 3, 4, 4, 4, 1, 2, 3, 4, 1, 2]|[0, 2, 0, 0, 3, 0, 1, 3, 0, 0, 2, 0, 1, 0, 1, 0, 0, 0, 1, 0, 0, 2, 0, 0, 1, 0, 0, 3, 0, 1, 0, 2, 0, 0, 3, 0, 1, 3, 0, 0, 0, 0, 1, 3, 0, 0, 1, 0, 2, 0, 0, 0, 0, 0, 1, 0, 1, 0, 1, 1, 0, 2, 0, 0, 0, 0, 0, 0, 0, 2, 0, 0, 1, 0, 0, 1, 0, 0, 3, 0, 0, 1, 0, 0, 0, 0, 1, 0, 2, 0, 0, 2, 1, 3, 0, 0, 0, 1, 0, 0],896.1029292898813,50428.13444364295,114595.46915086164,false
23,G3_TWC,G1_CMAX,[31, 22, 82, 15, 26, 9, 42, 95, 77, 12, 47, 5, 93, 78, 86, 54, 85, 63, 18, 44, 20, 35, 43, 97, 91, 76, 10, 30, 21, 45, 71, 64, 1, 23, 17, 83, 24, 14, 60, 36, 6, 57, 94, 88, 65, 56, 79, 40, 67, 68, 46, 75, 38, 58, 19, 32, 81, 41, 27, 62, 87, 90, 99, 59, 11, 16, 72, 73, 70, 39, 37, 84, 3, 92, 25, 55, 28, 29, 51, 7, 33, 61, 98, 66, 89, 50, 8, 96, 53, 4, 80, 13, 34, 49, 52, 0, 48, 69, 2, 74]|[1, 1, 0, 1, 1, 1, 2, 1, 2, 1, 2, 2, 2, 1, 1, 0, 0, 1, 0, 2, 2, 0, 1, 2, 0, 1, 2, 2, 0, 0, 1, 2, 1, 2, 1, 0, 2, 0, 1, 1, 0, 1, 1, 1, 0, 2, 1, 1, 0, 0, 0, 0, 1, 1, 2, 1, 2, 0, 0, 0, 2, 1, 0, 1, 2, 1, 2, 1, 1, 1, 1, 1, 1, 0, 1, 1, 0, 0, 0, 1, 2, 1, 0, 2, 1, 0, 1, 0, 0, 0, 0, 0, 2, 0, 1, 0, 0, 1, 0, 2]|[4, 3, 2, 2, 0, 0, 2, 2, 2, 4, 1, 1, 2, 4, 4, 1, 2, 4, 2, 1, 1, 1, 1, 2, 1, 2, 1, 1, 1, 1, 3, 2, 3, 0, 4, 0, 1, 1, 0, 3, 2, 2, 4, 0, 1, 1, 0, 2, 0, 1, 2, 2, 1, 4, 0, 3, 2, 1, 1, 2, 1, 3, 1, 1, 1, 3, 0, 4, 3, 1, 4, 1, 1, 0, 4, 4, 2, 1, 1, 3, 1, 3, 1, 1, 1, 1, 3, 1, 2, 2, 1, 1, 1, 1, 1, 2, 2, 3, 2, 1]|[0, 2, 1, 1, 3, 3, 0, 1, 0, 0, 0, 0, 1, 0, 1, 0, 0, 3, 1, 0, 0, 0, 3, 1, 0, 2, 0, 0, 0, 1, 0, 0, 0, 0, 3, 0, 1, 0, 0, 2, 1, 1, 2, 0, 0, 0, 0, 1, 1, 0, 0, 0, 1, 3, 0, 0, 1, 0, 0, 1, 0, 2, 0, 1, 0, 2, 1, 0, 0, 1, 1, 3, 1, 1, 3, 3, 1, 0, 0, 2, 0, 0, 0, 0, 1, 0, 2, 0, 1, 1, 0, 0, 0, 1, 1, 0, 0, 0, 0, 0],800.9728923351585,58117.763115372225,90558.04465999853,true
23,G1_CMAX,G1_CMAX,[31, 22, 82, 15, 26, 9, 42, 77, 12, 5, 47, 93, 78, 86, 54, 6, 63, 18, 44, 20, 35, 43, 97, 91, 76, 10, 30, 21, 45, 17, 23, 1, 71, 83, 24, 14, 60, 36, 85, 57, 40, 95, 88, 65, 56, 79, 94, 67, 68, 46, 75, 38, 58, 19, 32, 81, 41, 62, 87, 28, 90, 59, 11, 16, 72, 73, 69, 52, 37, 64, 84, 3, 25, 29, 55, 51, 7, 98, 61, 66, 99, 33, 89, 48, 50, 96, 53, 80, 4, 8, 27, 2, 39, 13, 0, 92, 49, 74, 34, 70]|[1, 1, 0, 1, 1, 1, 2, 2, 1, 2, 2, 1, 1, 1, 0, 0, 1, 0, 2, 2, 0, 1, 2, 2, 1, 2, 2, 0, 0, 1, 2, 1, 1, 0, 2, 0, 1, 1, 0, 1, 1, 1, 1, 0, 2, 1, 1, 0, 0, 0, 0, 1, 1, 2, 1, 2, 0, 0, 2, 0, 1, 2, 2, 1, 2, 1, 1, 1, 1, 1, 1, 2, 1, 0, 2, 0, 1, 2, 1, 0, 0, 2, 1, 0, 0, 2, 0, 0, 1, 1, 0, 0, 1, 0, 0, 0, 0, 2, 2, 1]|[0, 3, 1, 2, 0, 0, 1, 1, 4, 1, 1, 4, 4, 4, 2, 2, 4, 2, 1, 1, 1, 1, 2, 1, 2, 1, 1, 1, 1, 4, 0, 3, 3, 0, 1, 1, 0, 3, 2, 2, 2, 2, 0, 1, 1, 0, 4, 0, 1, 2, 2, 1, 4, 0, 3, 2, 1, 2, 1, 2, 3, 1, 1, 3, 0, 4, 4, 1, 4, 3, 1, 2, 4, 1, 1, 1, 1, 1, 3, 1, 1, 1, 1, 1, 1, 1, 2, 1, 4, 3, 2, 2, 1, 2, 2, 0, 1, 1, 1, 4]|[1, 1, 1, 1, 3, 3, 0, 0, 0, 0, 0, 2, 0, 1, 0, 0, 3, 1, 0, 0, 0, 3, 1, 0, 2, 0, 0, 0, 1, 3, 0, 0, 0, 0, 1, 0, 0, 2, 1, 1, 1, 1, 0, 0, 0, 0, 2, 1, 0, 0, 0, 1, 3, 0, 0, 1, 0, 1, 0, 1, 2, 0, 0, 2, 1, 0, 2, 1, 1, 0, 3, 1, 3, 0, 0, 0, 2, 0, 0, 0, 0, 0, 1, 0, 0, 0, 1, 0, 0, 2, 1, 0, 1, 0, 0, 1, 1, 0, 0, 2],733.3116759547878,58140.55643565909,96674.14109675489,false
23,G4_BALANCED,G4_BALANCED,[31, 11, 15, 82, 26, 9, 95, 32, 77, 68, 47, 5, 93, 78, 86, 54, 85, 63, 18, 44, 20, 49, 36, 14, 74, 50, 53, 17, 21, 45, 71, 64, 3, 23, 30, 83, 24, 41, 60, 52, 65, 27, 90, 70, 39, 87, 48, 69, 99, 4, 46, 1, 13, 58, 97, 59, 28, 75, 73, 37, 35, 79, 22, 66, 76, 42, 40, 80, 96, 6, 16, 61, 33, 7, 57, 34, 12, 67, 10, 98, 56, 88, 29, 94, 91, 51, 19, 92, 43, 84, 38, 72, 81, 8, 2, 55, 62, 89, 25, 0]|[2, 1, 1, 2, 1, 2, 1, 1, 1, 1, 1, 0, 2, 2, 1, 2, 0, 0, 0, 2, 2, 1, 0, 2, 0, 2, 2, 1, 0, 1, 1, 1, 0, 0, 1, 0, 2, 1, 2, 2, 0, 0, 1, 1, 0, 2, 0, 2, 1, 0, 0, 2, 0, 0, 2, 0, 1, 0, 0, 0, 2, 1, 0, 2, 2, 0, 2, 2, 0, 1, 2, 1, 1, 2, 0, 1, 1, 1, 1, 2, 2, 1, 1, 2, 1, 1, 1, 0, 1, 0, 0, 1, 1, 1, 2, 0, 1, 1, 1, 0]|[1, 3, 2, 0, 4, 1, 4, 4, 2, 4, 3, 2, 1, 0, 2, 1, 1, 1, 2, 1, 1, 3, 0, 1, 0, 1, 1, 4, 1, 4, 3, 2, 2, 0, 4, 1, 1, 4, 0, 1, 2, 1, 4, 4, 1, 1, 0, 2, 3, 1, 2, 1, 2, 1, 1, 2, 4, 2, 0, 2, 2, 3, 1, 0, 1, 2, 0, 1, 2, 4, 1, 3, 4, 1, 2, 4, 3, 3, 3, 1, 1, 4, 3, 1, 3, 3, 4, 2, 4, 2, 2, 4, 1, 3, 1, 2, 3, 4, 4, 2]|[1, 2, 1, 0, 3, 0, 1, 3, 0, 0, 2, 0, 1, 0, 1, 0, 0, 0, 1, 0, 0, 2, 0, 0, 1, 0, 0, 3, 0, 1, 0, 2, 0, 1, 3, 0, 1, 3, 1, 0, 0, 0, 1, 3, 0, 0, 1, 0, 2, 0, 0, 0, 0, 0, 1, 0, 1, 0, 1, 1, 0, 2, 0, 0, 0, 0, 0, 0, 0, 2, 0, 0, 1, 0, 0, 1, 0, 0, 3, 0, 0, 1, 0, 0, 0, 0, 3, 0, 2, 0, 0, 2, 1, 0, 0, 0, 0, 1, 3, 0],836.569815134707,52504.092339752446,107095.57005228325,false
23,G2_TEC,G2_TEC,[31, 22, 82, 15, 26, 9, 95, 42, 77, 68, 47, 5, 93, 78, 86, 54, 85, 63, 18, 44, 20, 49, 36, 14, 74, 50, 53, 17, 21, 28, 11, 64, 3, 23, 30, 83, 24, 41, 40, 52, 65, 27, 90, 70, 39, 87, 48, 69, 99, 4, 46, 1, 13, 58, 97, 59, 45, 8, 73, 37, 35, 79, 71, 66, 76, 32, 60, 80, 96, 6, 16, 61, 33, 7, 57, 34, 12, 67, 10, 98, 56, 88, 29, 75, 91, 38, 19, 92, 43, 84, 51, 72, 81, 25, 2, 55, 62, 89, 94, 0]|[2, 1, 2, 1, 1, 2, 1, 1, 1, 1, 1, 0, 2, 2, 1, 2, 0, 0, 0, 2, 2, 1, 0, 2, 0, 2, 2, 1, 0, 1, 1, 1, 0, 0, 1, 0, 2, 1, 2, 2, 0, 0, 1, 1, 0, 2, 0, 2, 1, 0, 0, 2, 0, 0, 2, 0, 1, 1, 0, 0, 2, 1, 1, 2, 2, 0, 2, 2, 0, 1, 2, 1, 1, 2, 0, 1, 1, 1, 1, 2, 2, 1, 1, 0, 1, 0, 1, 0, 1, 0, 1, 1, 1, 1, 2, 0, 1, 1, 2, 0]|[0, 3, 0, 3, 4, 1, 4, 4, 2, 4, 3, 2, 1, 0, 2, 1, 1, 1, 2, 1, 1, 3, 0, 1, 0, 1, 1, 4, 1, 4, 3, 2, 2, 0, 4, 1, 1, 4, 0, 1, 2, 1, 4, 4, 1, 1, 0, 2, 3, 2, 2, 1, 2, 1, 1, 2, 4, 3, 0, 2, 2, 3, 3, 0, 1, 2, 0, 1, 2, 4, 1, 3, 4, 1, 2, 4, 3, 3, 3, 1, 1, 4, 3, 2, 3, 2, 4, 2, 4, 2, 3, 4, 4, 4, 1, 2, 3, 4, 1, 2]|[0, 2, 0, 0, 3, 0, 1, 3, 0, 0, 2, 0, 1, 0, 1, 0, 0, 0, 1, 0, 0, 2, 0, 0, 1, 0, 0, 3, 0, 1, 0, 2, 0, 0, 3, 0, 1, 3, 0, 0, 0, 0, 1, 3, 0, 0, 1, 0, 2, 0, 0, 0, 0, 0, 1, 0, 1, 0, 1, 1, 0, 2, 0, 0, 0, 0, 0, 0, 0, 2, 0, 0, 1, 0, 0, 1, 0, 0, 3, 0, 0, 1, 0, 0, 0, 0, 1, 0, 2, 0, 0, 2, 1, 3, 0, 0, 0, 1, 0, 0],896.1029292898813,50428.13444364295,114595.46915086164,false
23,G3_TWC,G1_CMAX,[31, 22, 82, 15, 26, 9, 42, 95, 77, 12, 47, 5, 93, 78, 86, 54, 85, 63, 18, 44, 20, 35, 43, 97, 91, 76, 10, 30, 21, 45, 71, 64, 1, 23, 17, 83, 24, 14, 60, 36, 6, 57, 94, 88, 65, 56, 79, 40, 67, 68, 46, 75, 38, 58, 19, 32, 81, 41, 27, 62, 87, 90, 99, 59, 11, 16, 72, 73, 70, 39, 37, 84, 3, 92, 25, 55, 28, 29, 51, 7, 33, 61, 98, 66, 89, 50, 8, 96, 53, 4, 80, 13, 34, 49, 52, 0, 48, 69, 2, 74]|[1, 1, 0, 1, 1, 1, 2, 1, 2, 1, 2, 2, 2, 1, 1, 0, 0, 1, 0, 2, 2, 0, 1, 2, 0, 1, 2, 2, 0, 0, 1, 2, 1, 2, 1, 0, 2, 0, 1, 1, 0, 1, 1, 1, 0, 2, 1, 1, 0, 0, 0, 0, 1, 1, 2, 1, 2, 0, 0, 0, 2, 1, 0, 1, 2, 1, 2, 1, 1, 1, 1, 1, 1, 0, 1, 1, 0, 0, 0, 1, 2, 1, 0, 2, 1, 0, 1, 0, 0, 0, 0, 0, 2, 0, 1, 0, 0, 1, 0, 2]|[4, 3, 2, 2, 0, 0, 2, 2, 2, 4, 1, 1, 2, 4, 4, 1, 2, 4, 2, 1, 1, 1, 1, 2, 1, 2, 1, 1, 1, 1, 3, 2, 3, 0, 4, 0, 1, 1, 0, 3, 2, 2, 4, 0, 1, 1, 0, 2, 0, 1, 2, 2, 1, 4, 0, 3, 2, 1, 1, 2, 1, 3, 1, 1, 1, 3, 0, 4, 3, 1, 4, 1, 1, 0, 4, 4, 2, 1, 1, 3, 1, 3, 1, 1, 1, 1, 3, 1, 2, 2, 1, 1, 1, 1, 1, 2, 2, 3, 2, 1]|[0, 2, 1, 1, 3, 3, 0, 1, 0, 0, 0, 0, 1, 0, 1, 0, 0, 3, 1, 0, 0, 0, 3, 1, 0, 2, 0, 0, 0, 1, 0, 0, 0, 0, 3, 0, 1, 0, 0, 2, 1, 1, 2, 0, 0, 0, 0, 1, 1, 0, 0, 0, 1, 3, 0, 0, 1, 0, 0, 1, 0, 2, 0, 1, 0, 2, 1, 0, 0, 1, 1, 3, 1, 1, 3, 3, 1, 0, 0, 2, 0, 0, 0, 0, 1, 0, 2, 0, 1, 1, 0, 0, 0, 1, 1, 0, 0, 0, 0, 0],800.9728923351585,58117.763115372225,90558.04465999853,true
23,G1_CMAX,G1_CMAX,[31, 22, 82, 15, 26, 9, 42, 77, 12, 5, 47, 93, 78, 86, 54, 6, 63, 18, 44, 20, 35, 43, 97, 91, 76, 10, 30, 21, 45, 17, 23, 1, 71, 83, 24, 14, 60, 36, 85, 57, 40, 95, 88, 65, 56, 79, 94, 67, 68, 46, 75, 38, 58, 19, 32, 81, 41, 62, 87, 28, 90, 59, 11, 16, 72, 73, 69, 52, 37, 64, 84, 3, 25, 29, 55, 51, 7, 98, 61, 66, 99, 33, 89, 48, 50, 96, 53, 80, 4, 8, 27, 2, 39, 13, 0, 92, 49, 74, 34, 70]|[1, 1, 0, 1, 1, 1, 2, 2, 1, 2, 2, 1, 1, 1, 0, 0, 1, 0, 2, 2, 0, 1, 2, 2, 1, 2, 2, 0, 0, 1, 2, 1, 1, 0, 2, 0, 1, 1, 0, 1, 1, 1, 1, 0, 2, 1, 1, 0, 0, 0, 0, 1, 1, 2, 1, 2, 0, 0, 2, 0, 1, 2, 2, 1, 2, 1, 1, 1, 1, 1, 1, 2, 1, 0, 2, 0, 1, 2, 1, 0, 0, 2, 1, 0, 0, 2, 0, 0, 1, 1, 0, 0, 1, 0, 0, 0, 0, 2, 2, 1]|[0, 3, 1, 2, 0, 0, 1, 1, 4, 1, 1, 4, 4, 4, 2, 2, 4, 2, 1, 1, 1, 1, 2, 1, 2, 1, 1, 1, 1, 4, 0, 3, 3, 0, 1, 1, 0, 3, 2, 2, 2, 2, 0, 1, 1, 0, 4, 0, 1, 2, 2, 1, 4, 0, 3, 2, 1, 2, 1, 2, 3, 1, 1, 3, 0, 4, 4, 1, 4, 3, 1, 2, 4, 1, 1, 1, 1, 1, 3, 1, 1, 1, 1, 1, 1, 1, 2, 1, 4, 3, 2, 2, 1, 2, 2, 0, 1, 1, 1, 4]|[1, 1, 1, 1, 3, 3, 0, 0, 0, 0, 0, 2, 0, 1, 0, 0, 3, 1, 0, 0, 0, 3, 1, 0, 2, 0, 0, 0, 1, 3, 0, 0, 0, 0, 1, 0, 0, 2, 1, 1, 1, 1, 0, 0, 0, 0, 2, 1, 0, 0, 0, 1, 3, 0, 0, 1, 0, 1, 0, 1, 2, 0, 0, 2, 1, 0, 2, 1, 1, 0, 3, 1, 3, 0, 0, 0, 2, 0, 0, 0, 0, 0, 1, 0, 0, 0, 1, 0, 0, 2, 1, 0, 1, 0, 0, 1, 1, 0, 0, 2],733.3116759547878,58140.55643565909,96674.14109675489,false
23,G4_BALANCED,G4_BALANCED,[31, 11, 15, 82, 26, 9, 95, 32, 77, 68, 47, 5, 93, 78, 86, 54, 85, 63, 18, 44, 20, 49, 36, 14, 74, 50, 53, 17, 21, 45, 71, 64, 3, 23, 30, 83, 24, 41, 60, 52, 65, 27, 90, 70, 39, 87, 48, 69, 99, 4, 46, 1, 13, 58, 97, 59, 28, 75, 73, 37, 35, 79, 22, 66, 76, 42, 40, 80, 96, 6, 16, 61, 33, 7, 57, 34, 12, 67, 10, 98, 56, 88, 29, 94, 91, 51, 19, 92, 43, 84, 38, 72, 81, 8, 2, 55, 62, 89, 25, 0]|[2, 1, 1, 2, 1, 2, 1, 1, 1, 1, 1, 0, 2, 2, 1, 2, 0, 0, 0, 2, 2, 1, 0, 2, 0, 2, 2, 1, 0, 1, 1, 1, 0, 0, 1, 0, 2, 1, 2, 2, 0, 0, 1, 1, 0, 2, 0, 2, 1, 0, 0, 2, 0, 0, 2, 0, 1, 0, 0, 0, 2, 1, 0, 2, 2, 0, 2, 2, 0, 1, 2, 1, 1, 2, 0, 1, 1, 1, 1, 2, 2, 1, 1, 2, 1, 1, 1, 0, 1, 0, 0, 1, 1, 1, 2, 0, 1, 1, 1, 0]|[1, 3, 2, 0, 4, 1, 4, 4, 2, 4, 3, 2, 1, 0, 2, 1, 1, 1, 2, 1, 1, 3, 0, 1, 0, 1, 1, 4, 1, 4, 3, 2, 2, 0, 4, 1, 1, 4, 0, 1, 2, 1, 4, 4, 1, 1, 0, 2, 3, 1, 2, 1, 2, 1, 1, 2, 4, 2, 0, 2, 2, 3, 1, 0, 1, 2, 0, 1, 2, 4, 1, 3, 4, 1, 2, 4, 3, 3, 3, 1, 1, 4, 3, 1, 3, 3, 4, 2, 4, 2, 2, 4, 1, 3, 1, 2, 3, 4, 4, 2]|[1, 2, 1, 0, 3, 0, 1, 3, 0, 0, 2, 0, 1, 0, 1, 0, 0, 0, 1, 0, 0, 2, 0, 0, 1, 0, 0, 3, 0, 1, 0, 2, 0, 1, 3, 0, 1, 3, 1, 0, 0, 0, 1, 3, 0, 0, 1, 0, 2, 0, 0, 0, 0, 0, 1, 0, 1, 0, 1, 1, 0, 2, 0, 0, 0, 0, 0, 0, 0, 2, 0, 0, 1, 0, 0, 1, 0, 0, 3, 0, 0, 1, 0, 0, 0, 0, 3, 0, 2, 0, 0, 2, 1, 0, 0, 0, 0, 1, 3, 0],836.569815134707,52504.092339752446,107095.57005228325,false
23,G2_TEC,G2_TEC,[31, 22, 82, 15, 26, 9, 95, 42, 77, 68, 47, 5, 93, 78, 86, 54, 85, 63, 18, 44, 20, 49, 36, 14, 74, 50, 53, 17, 21, 28, 11, 64, 3, 23, 30, 83, 24, 41, 40, 52, 65, 27, 90, 70, 39, 87, 48, 69, 99, 4, 46, 1, 13, 58, 97, 59, 45, 8, 73, 37, 35, 79, 71, 66, 76, 32, 60, 80, 96, 6, 16, 61, 33, 7, 57, 34, 12, 67, 10, 98, 56, 88, 29, 75, 91, 38, 19, 92, 43, 84, 51, 72, 81, 25, 2, 55, 62, 89, 94, 0]|[2, 1, 2, 1, 1, 2, 1, 1, 1, 1, 1, 0, 2, 2, 1, 2, 0, 0, 0, 2, 2, 1, 0, 2, 0, 2, 2, 1, 0, 1, 1, 1, 0, 0, 1, 0, 2, 1, 2, 2, 0, 0, 1, 1, 0, 2, 0, 2, 1, 0, 0, 2, 0, 0, 2, 0, 1, 1, 0, 0, 2, 1, 1, 2, 2, 0, 2, 2, 0, 1, 2, 1, 1, 2, 0, 1, 1, 1, 1, 2, 2, 1, 1, 0, 1, 0, 1, 0, 1, 0, 1, 1, 1, 1, 2, 0, 1, 1, 2, 0]|[0, 3, 0, 3, 4, 1, 4, 4, 2, 4, 3, 2, 1, 0, 2, 1, 1, 1, 2, 1, 1, 3, 0, 1, 0, 1, 1, 4, 1, 4, 3, 2, 2, 0, 4, 1, 1, 4, 0, 1, 2, 1, 4, 4, 1, 1, 0, 2, 3, 2, 2, 1, 2, 1, 1, 2, 4, 3, 0, 2, 2, 3, 3, 0, 1, 2, 0, 1, 2, 4, 1, 3, 4, 1, 2, 4, 3, 3, 3, 1, 1, 4, 3, 2, 3, 2, 4, 2, 4, 2, 3, 4, 4, 4, 1, 2, 3, 4, 1, 2]|[0, 2, 0, 0, 3, 0, 1, 3, 0, 0, 2, 0, 1, 0, 1, 0, 0, 0, 1, 0, 0, 2, 0, 0, 1, 0, 0, 3, 0, 1, 0, 2, 0, 0, 3, 0, 1, 3, 0, 0, 0, 0, 1, 3, 0, 0, 1, 0, 2, 0, 0, 0, 0, 0, 1, 0, 1, 0, 1, 1, 0, 2, 0, 0, 0, 0, 0, 0, 0, 2, 0, 0, 1, 0, 0, 1, 0, 0, 3, 0, 0, 1, 0, 0, 0, 0, 1, 0, 2, 0, 0, 2, 1, 3, 0, 0, 0, 1, 0, 0],896.1029292898813,50428.13444364295,114595.46915086164,false
23,G3_TWC,G1_CMAX,[31, 22, 82, 15, 26, 9, 42, 95, 77, 12, 47, 5, 93, 78, 86, 54, 85, 63, 18, 44, 20, 35, 43, 97, 91, 76, 10, 30, 21, 45, 71, 64, 1, 23, 17, 83, 24, 14, 60, 36, 6, 57, 94, 88, 65, 56, 79, 40, 67, 68, 46, 75, 38, 58, 19, 32, 81, 41, 27, 62, 87, 90, 99, 59, 11, 16, 72, 73, 70, 39, 37, 84, 3, 92, 25, 55, 28, 29, 51, 7, 33, 61, 98, 66, 89, 50, 8, 96, 53, 4, 80, 13, 34, 49, 52, 0, 48, 69, 2, 74]|[1, 1, 0, 1, 1, 1, 2, 1, 2, 1, 2, 2, 2, 1, 1, 0, 0, 1, 0, 2, 2, 0, 1, 2, 0, 1, 2, 2, 0, 0, 1, 2, 1, 2, 1, 0, 2, 0, 1, 1, 0, 1, 1, 1, 0, 2, 1, 1, 0, 0, 0, 0, 1, 1, 2, 1, 2, 0, 0, 0, 2, 1, 0, 1, 2, 1, 2, 1, 1, 1, 1, 1, 1, 0, 1, 1, 0, 0, 0, 1, 2, 1, 0, 2, 1, 0, 1, 0, 0, 0, 0, 0, 2, 0, 1, 0, 0, 1, 0, 2]|[4, 3, 2, 2, 0, 0, 2, 2, 2, 4, 1, 1, 2, 4, 4, 1, 2, 4, 2, 1, 1, 1, 1, 2, 1, 2, 1, 1, 1, 1, 3, 2, 3, 0, 4, 0, 1, 1, 0, 3, 2, 2, 4, 0, 1, 1, 0, 2, 0, 1, 2, 2, 1, 4, 0, 3, 2, 1, 1, 2, 1, 3, 1, 1, 1, 3, 0, 4, 3, 1, 4, 1, 1, 0, 4, 4, 2, 1, 1, 3, 1, 3, 1, 1, 1, 1, 3, 1, 2, 2, 1, 1, 1, 1, 1, 2, 2, 3, 2, 1]|[0, 2, 1, 1, 3, 3, 0, 1, 0, 0, 0, 0, 1, 0, 1, 0, 0, 3, 1, 0, 0, 0, 3, 1, 0, 2, 0, 0, 0, 1, 0, 0, 0, 0, 3, 0, 1, 0, 0, 2, 1, 1, 2, 0, 0, 0, 0, 1, 1, 0, 0, 0, 1, 3, 0, 0, 1, 0, 0, 1, 0, 2, 0, 1, 0, 2, 1, 0, 0, 1, 1, 3, 1, 1, 3, 3, 1, 0, 0, 2, 0, 0, 0, 0, 1, 0, 2, 0, 1, 1, 0, 0, 0, 1, 1, 0, 0, 0, 0, 0],800.9728923351585,58117.763115372225,90558.04465999853,true
23,G1_CMAX,G1_CMAX,[31, 22, 82, 15, 26, 9, 42, 77, 12, 5, 47, 93, 78, 86, 54, 6, 63, 18, 44, 20, 35, 43, 97, 91, 76, 10, 30, 21, 45, 17, 23, 1, 71, 83, 24, 14, 60, 36, 85, 57, 40, 95, 88, 65, 56, 79, 94, 67, 68, 46, 75, 38, 58, 19, 32, 81, 41, 62, 87, 28, 90, 59, 11, 16, 72, 73, 69, 52, 37, 64, 84, 3, 25, 29, 55, 51, 7, 98, 61, 66, 99, 33, 89, 48, 50, 96, 53, 80, 4, 8, 27, 2, 39, 13, 0, 92, 49, 74, 34, 70]|[1, 1, 0, 1, 1, 1, 2, 2, 1, 2, 2, 1, 1, 1, 0, 0, 1, 0, 2, 2, 0, 1, 2, 2, 1, 2, 2, 0, 0, 1, 2, 1, 1, 0, 2, 0, 1, 1, 0, 1, 1, 1, 1, 0, 2, 1, 1, 0, 0, 0, 0, 1, 1, 2, 1, 2, 0, 0, 2, 0, 1, 2, 2, 1, 2, 1, 1, 1, 1, 1, 1, 2, 1, 0, 2, 0, 1, 2, 1, 0, 0, 2, 1, 0, 0, 2, 0, 0, 1, 1, 0, 0, 1, 0, 0, 0, 0, 2, 2, 1]|[0, 3, 1, 2, 0, 0, 1, 1, 4, 1, 1, 4, 4, 4, 2, 2, 4, 2, 1, 1, 1, 1, 2, 1, 2, 1, 1, 1, 1, 4, 0, 3, 3, 0, 1, 1, 0, 3, 2, 2, 2, 2, 0, 1, 1, 0, 4, 0, 1, 2, 2, 1, 4, 0, 3, 2, 1, 2, 1, 2, 3, 1, 1, 3, 0, 4, 4, 1, 4, 3, 1, 2, 4, 1, 1, 1, 1, 1, 3, 1, 1, 1, 1, 1, 1, 1, 2, 1, 4, 3, 2, 2, 1, 2, 2, 0, 1, 1, 1, 4]|[1, 1, 1, 1, 3, 3, 0, 0, 0, 0, 0, 2, 0, 1, 0, 0, 3, 1, 0, 0, 0, 3, 1, 0, 2, 0, 0, 0, 1, 3, 0, 0, 0, 0, 1, 0, 0, 2, 1, 1, 1, 1, 0, 0, 0, 0, 2, 1, 0, 0, 0, 1, 3, 0, 0, 1, 0, 1, 0, 1, 2, 0, 0, 2, 1, 0, 2, 1, 1, 0, 3, 1, 3, 0, 0, 0, 2, 0, 0, 0, 0, 0, 1, 0, 0, 0, 1, 0, 0, 2, 1, 0, 1, 0, 0, 1, 1, 0, 0, 2],733.3116759547878,58140.55643565909,96674.14109675489,false
23,G4_BALANCED,G4_BALANCED,[31, 11, 15, 82, 26, 9, 95, 32, 77, 68, 47, 5, 93, 78, 86, 54, 85, 63, 18, 44, 20, 49, 36, 14, 74, 50, 53, 17, 21, 45, 71, 64, 3, 23, 30, 83, 24, 41, 60, 52, 65, 27, 90, 70, 39, 87, 48, 69, 99, 4, 46, 1, 13, 58, 97, 59, 28, 75, 73, 37, 35, 79, 22, 66, 76, 42, 40, 80, 96, 6, 16, 61, 33, 7, 57, 34, 12, 67, 10, 98, 56, 88, 29, 94, 91, 51, 19, 92, 43, 84, 38, 72, 81, 8, 2, 55, 62, 89, 25, 0]|[2, 1, 1, 2, 1, 2, 1, 1, 1, 1, 1, 0, 2, 2, 1, 2, 0, 0, 0, 2, 2, 1, 0, 2, 0, 2, 2, 1, 0, 1, 1, 1, 0, 0, 1, 0, 2, 1, 2, 2, 0, 0, 1, 1, 0, 2, 0, 2, 1, 0, 0, 2, 0, 0, 2, 0, 1, 0, 0, 0, 2, 1, 0, 2, 2, 0, 2, 2, 0, 1, 2, 1, 1, 2, 0, 1, 1, 1, 1, 2, 2, 1, 1, 2, 1, 1, 1, 0, 1, 0, 0, 1, 1, 1, 2, 0, 1, 1, 1, 0]|[1, 3, 2, 0, 4, 1, 4, 4, 2, 4, 3, 2, 1, 0, 2, 1, 1, 1, 2, 1, 1, 3, 0, 1, 0, 1, 1, 4, 1, 4, 3, 2, 2, 0, 4, 1, 1, 4, 0, 1, 2, 1, 4, 4, 1, 1, 0, 2, 3, 1, 2, 1, 2, 1, 1, 2, 4, 2, 0, 2, 2, 3, 1, 0, 1, 2, 0, 1, 2, 4, 1, 3, 4, 1, 2, 4, 3, 3, 3, 1, 1, 4, 3, 1, 3, 3, 4, 2, 4, 2, 2, 4, 1, 3, 1, 2, 3, 4, 4, 2]|[1, 2, 1, 0, 3, 0, 1, 3, 0, 0, 2, 0, 1, 0, 1, 0, 0, 0, 1, 0, 0, 2, 0, 0, 1, 0, 0, 3, 0, 1, 0, 2, 0, 1, 3, 0, 1, 3, 1, 0, 0, 0, 1, 3, 0, 0, 1, 0, 2, 0, 0, 0, 0, 0, 1, 0, 1, 0, 1, 1, 0, 2, 0, 0, 0, 0, 0, 0, 0, 2, 0, 0, 1, 0, 0, 1, 0, 0, 3, 0, 0, 1, 0, 0, 0, 0, 3, 0, 2, 0, 0, 2, 1, 0, 0, 0, 0, 1, 3, 0],836.569815134707,52504.092339752446,107095.57005228325,false
23,G2_TEC,G2_TEC,[31, 22, 82, 15, 26, 9, 95, 42, 77, 68, 47, 5, 93, 78, 86, 54, 85, 63, 18, 44, 20, 49, 36, 14, 74, 50, 53, 17, 21, 28, 11, 64, 3, 23, 30, 83, 24, 41, 40, 52, 65, 27, 90, 70, 39, 87, 48, 69, 99, 4, 46, 1, 13, 58, 97, 59, 45, 8, 73, 37, 35, 79, 71, 66, 76, 32, 60, 80, 96, 6, 16, 61, 33, 7, 57, 34, 12, 67, 10, 98, 56, 88, 29, 75, 91, 38, 19, 92, 43, 84, 51, 72, 81, 25, 2, 55, 62, 89, 94, 0]|[2, 1, 2, 1, 1, 2, 1, 1, 1, 1, 1, 0, 2, 2, 1, 2, 0, 0, 0, 2, 2, 1, 0, 2, 0, 2, 2, 1, 0, 1, 1, 1, 0, 0, 1, 0, 2, 1, 2, 2, 0, 0, 1, 1, 0, 2, 0, 2, 1, 0, 0, 2, 0, 0, 2, 0, 1, 1, 0, 0, 2, 1, 1, 2, 2, 0, 2, 2, 0, 1, 2, 1, 1, 2, 0, 1, 1, 1, 1, 2, 2, 1, 1, 0, 1, 0, 1, 0, 1, 0, 1, 1, 1, 1, 2, 0, 1, 1, 2, 0]|[0, 3, 0, 3, 4, 1, 4, 4, 2, 4, 3, 2, 1, 0, 2, 1, 1, 1, 2, 1, 1, 3, 0, 1, 0, 1, 1, 4, 1, 4, 3, 2, 2, 0, 4, 1, 1, 4, 0, 1, 2, 1, 4, 4, 1, 1, 0, 2, 3, 2, 2, 1, 2, 1, 1, 2, 4, 3, 0, 2, 2, 3, 3, 0, 1, 2, 0, 1, 2, 4, 1, 3, 4, 1, 2, 4, 3, 3, 3, 1, 1, 4, 3, 2, 3, 2, 4, 2, 4, 2, 3, 4, 4, 4, 1, 2, 3, 4, 1, 2]|[0, 2, 0, 0, 3, 0, 1, 3, 0, 0, 2, 0, 1, 0, 1, 0, 0, 0, 1, 0, 0, 2, 0, 0, 1, 0, 0, 3, 0, 1, 0, 2, 0, 0, 3, 0, 1, 3, 0, 0, 0, 0, 1, 3, 0, 0, 1, 0, 2, 0, 0, 0, 0, 0, 1, 0, 1, 0, 1, 1, 0, 2, 0, 0, 0, 0, 0, 0, 0, 2, 0, 0, 1, 0, 0, 1, 0, 0, 3, 0, 0, 1, 0, 0, 0, 0, 1, 0, 2, 0, 0, 2, 1, 3, 0, 0, 0, 1, 0, 0],896.1029292898813,50428.13444364295,114595.46915086164,false
23,G3_TWC,G1_CMAX,[31, 22, 82, 15, 26, 9, 42, 95, 77, 12, 47, 5, 93, 78, 86, 54, 85, 63, 18, 44, 20, 35, 43, 97, 91, 76, 10, 30, 21, 45, 71, 64, 1, 23, 17, 83, 24, 14, 60, 36, 6, 57, 94, 88, 65, 56, 79, 40, 67, 68, 46, 75, 38, 58, 19, 32, 81, 41, 27, 62, 87, 90, 99, 59, 11, 16, 72, 73, 70, 39, 37, 84, 3, 92, 25, 55, 28, 29, 51, 7, 33, 61, 98, 66, 89, 50, 8, 96, 53, 4, 80, 13, 34, 49, 52, 0, 48, 69, 2, 74]|[1, 1, 0, 1, 1, 1, 2, 1, 2, 1, 2, 2, 2, 1, 1, 0, 0, 1, 0, 2, 2, 0, 1, 2, 0, 1, 2, 2, 0, 0, 1, 2, 1, 2, 1, 0, 2, 0, 1, 1, 0, 1, 1, 1, 0, 2, 1, 1, 0, 0, 0, 0, 1, 1, 2, 1, 2, 0, 0, 0, 2, 1, 0, 1, 2, 1, 2, 1, 1, 1, 1, 1, 1, 0, 1, 1, 0, 0, 0, 1, 2, 1, 0, 2, 1, 0, 1, 0, 0, 0, 0, 0, 2, 0, 1, 0, 0, 1, 0, 2]|[4, 3, 2, 2, 0, 0, 2, 2, 2, 4, 1, 1, 2, 4, 4, 1, 2, 4, 2, 1, 1, 1, 1, 2, 1, 2, 1, 1, 1, 1, 3, 2, 3, 0, 4, 0, 1, 1, 0, 3, 2, 2, 4, 0, 1, 1, 0, 2, 0, 1, 2, 2, 1, 4, 0, 3, 2, 1, 1, 2, 1, 3, 1, 1, 1, 3, 0, 4, 3, 1, 4, 1, 1, 0, 4, 4, 2, 1, 1, 3, 1, 3, 1, 1, 1, 1, 3, 1, 2, 2, 1, 1, 1, 1, 1, 2, 2, 3, 2, 1]|[0, 2, 1, 1, 3, 3, 0, 1, 0, 0, 0, 0, 1, 0, 1, 0, 0, 3, 1, 0, 0, 0, 3, 1, 0, 2, 0, 0, 0, 1, 0, 0, 0, 0, 3, 0, 1, 0, 0, 2, 1, 1, 2, 0, 0, 0, 0, 1, 1, 0, 0, 0, 1, 3, 0, 0, 1, 0, 0, 1, 0, 2, 0, 1, 0, 2, 1, 0, 0, 1, 1, 3, 1, 1, 3, 3, 1, 0, 0, 2, 0, 0, 0, 0, 1, 0, 2, 0, 1, 1, 0, 0, 0, 1, 1, 0, 0, 0, 0, 0],800.9728923351585,58117.763115372225,90558.04465999853,true
23,G1_CMAX,G1_CMAX,[31, 22, 82, 15, 26, 9, 42, 77, 12, 5, 47, 93, 78, 86, 54, 6, 63, 18, 44, 20, 35, 43, 97, 91, 76, 10, 30, 21, 45, 17, 23, 1, 71, 83, 24, 14, 60, 36, 85, 57, 40, 95, 88, 65, 56, 79, 94, 67, 68, 46, 75, 38, 58, 19, 32, 81, 41, 62, 87, 28, 90, 59, 11, 16, 72, 73, 69, 52, 37, 64, 84, 3, 25, 29, 55, 51, 7, 98, 61, 66, 99, 33, 89, 48, 50, 96, 53, 80, 4, 8, 27, 2, 39, 13, 0, 92, 49, 74, 34, 70]|[1, 1, 0, 1, 1, 1, 2, 2, 1, 2, 2, 1, 1, 1, 0, 0, 1, 0, 2, 2, 0, 1, 2, 2, 1, 2, 2, 0, 0, 1, 2, 1, 1, 0, 2, 0, 1, 1, 0, 1, 1, 1, 1, 0, 2, 1, 1, 0, 0, 0, 0, 1, 1, 2, 1, 2, 0, 0, 2, 0, 1, 2, 2, 1, 2, 1, 1, 1, 1, 1, 1, 2, 1, 0, 2, 0, 1, 2, 1, 0, 0, 2, 1, 0, 0, 2, 0, 0, 1, 1, 0, 0, 1, 0, 0, 0, 0, 2, 2, 1]|[0, 3, 1, 2, 0, 0, 1, 1, 4, 1, 1, 4, 4, 4, 2, 2, 4, 2, 1, 1, 1, 1, 2, 1, 2, 1, 1, 1, 1, 4, 0, 3, 3, 0, 1, 1, 0, 3, 2, 2, 2, 2, 0, 1, 1, 0, 4, 0, 1, 2, 2, 1, 4, 0, 3, 2, 1, 2, 1, 2, 3, 1, 1, 3, 0, 4, 4, 1, 4, 3, 1, 2, 4, 1, 1, 1, 1, 1, 3, 1, 1, 1, 1, 1, 1, 1, 2, 1, 4, 3, 2, 2, 1, 2, 2, 0, 1, 1, 1, 4]|[1, 1, 1, 1, 3, 3, 0, 0, 0, 0, 0, 2, 0, 1, 0, 0, 3, 1, 0, 0, 0, 3, 1, 0, 2, 0, 0, 0, 1, 3, 0, 0, 0, 0, 1, 0, 0, 2, 1, 1, 1, 1, 0, 0, 0, 0, 2, 1, 0, 0, 0, 1, 3, 0, 0, 1, 0, 1, 0, 1, 2, 0, 0, 2, 1, 0, 2, 1, 1, 0, 3, 1, 3, 0, 0, 0, 2, 0, 0, 0, 0, 0, 1, 0, 0, 0, 1, 0, 0, 2, 1, 0, 1, 0, 0, 1, 1, 0, 0, 2],733.3116759547878,58140.55643565909,96674.14109675489,false
23,G4_BALANCED,G4_BALANCED,[31, 11, 15, 82, 26, 9, 95, 32, 77, 68, 47, 5, 93, 78, 86, 54, 85, 63, 18, 44, 20, 49, 36, 14, 74, 50, 53, 17, 21, 45, 71, 64, 3, 23, 30, 83, 24, 41, 60, 52, 65, 27, 90, 70, 39, 87, 48, 69, 99, 4, 46, 1, 13, 58, 97, 59, 28, 75, 73, 37, 35, 79, 22, 66, 76, 42, 40, 80, 96, 6, 16, 61, 33, 7, 57, 34, 12, 67, 10, 98, 56, 88, 29, 94, 91, 51, 19, 92, 43, 84, 38, 72, 81, 8, 2, 55, 62, 89, 25, 0]|[2, 1, 1, 2, 1, 2, 1, 1, 1, 1, 1, 0, 2, 2, 1, 2, 0, 0, 0, 2, 2, 1, 0, 2, 0, 2, 2, 1, 0, 1, 1, 1, 0, 0, 1, 0, 2, 1, 2, 2, 0, 0, 1, 1, 0, 2, 0, 2, 1, 0, 0, 2, 0, 0, 2, 0, 1, 0, 0, 0, 2, 1, 0, 2, 2, 0, 2, 2, 0, 1, 2, 1, 1, 2, 0, 1, 1, 1, 1, 2, 2, 1, 1, 2, 1, 1, 1, 0, 1, 0, 0, 1, 1, 1, 2, 0, 1, 1, 1, 0]|[1, 3, 2, 0, 4, 1, 4, 4, 2, 4, 3, 2, 1, 0, 2, 1, 1, 1, 2, 1, 1, 3, 0, 1, 0, 1, 1, 4, 1, 4, 3, 2, 2, 0, 4, 1, 1, 4, 0, 1, 2, 1, 4, 4, 1, 1, 0, 2, 3, 1, 2, 1, 2, 1, 1, 2, 4, 2, 0, 2, 2, 3, 1, 0, 1, 2, 0, 1, 2, 4, 1, 3, 4, 1, 2, 4, 3, 3, 3, 1, 1, 4, 3, 1, 3, 3, 4, 2, 4, 2, 2, 4, 1, 3, 1, 2, 3, 4, 4, 2]|[1, 2, 1, 0, 3, 0, 1, 3, 0, 0, 2, 0, 1, 0, 1, 0, 0, 0, 1, 0, 0, 2, 0, 0, 1, 0, 0, 3, 0, 1, 0, 2, 0, 1, 3, 0, 1, 3, 1, 0, 0, 0, 1, 3, 0, 0, 1, 0, 2, 0, 0, 0, 0, 0, 1, 0, 1, 0, 1, 1, 0, 2, 0, 0, 0, 0, 0, 0, 0, 2, 0, 0, 1, 0, 0, 1, 0, 0, 3, 0, 0, 1, 0, 0, 0, 0, 3, 0, 2, 0, 0, 2, 1, 0, 0, 0, 0, 1, 3, 0],836.569815134707,52504.092339752446,107095.57005228325,false
23,G2_TEC,G2_TEC,[31, 22, 82, 15, 26, 9, 95, 42, 77, 68, 47, 5, 93, 78, 86, 54, 85, 63, 18, 44, 20, 49, 36, 14, 74, 50, 53, 17, 21, 28, 11, 64, 3, 23, 30, 83, 24, 41, 40, 52, 65, 27, 90, 70, 39, 87, 48, 69, 99, 4, 46, 1, 13, 58, 97, 59, 45, 8, 73, 37, 35, 79, 71, 66, 76, 32, 60, 80, 96, 6, 16, 61, 33, 7, 57, 34, 12, 67, 10, 98, 56, 88, 29, 75, 91, 38, 19, 92, 43, 84, 51, 72, 81, 25, 2, 55, 62, 89, 94, 0]|[2, 1, 2, 1, 1, 2, 1, 1, 1, 1, 1, 0, 2, 2, 1, 2, 0, 0, 0, 2, 2, 1, 0, 2, 0, 2, 2, 1, 0, 1, 1, 1, 0, 0, 1, 0, 2, 1, 2, 2, 0, 0, 1, 1, 0, 2, 0, 2, 1, 0, 0, 2, 0, 0, 2, 0, 1, 1, 0, 0, 2, 1, 1, 2, 2, 0, 2, 2, 0, 1, 2, 1, 1, 2, 0, 1, 1, 1, 1, 2, 2, 1, 1, 0, 1, 0, 1, 0, 1, 0, 1, 1, 1, 1, 2, 0, 1, 1, 2, 0]|[0, 3, 0, 3, 4, 1, 4, 4, 2, 4, 3, 2, 1, 0, 2, 1, 1, 1, 2, 1, 1, 3, 0, 1, 0, 1, 1, 4, 1, 4, 3, 2, 2, 0, 4, 1, 1, 4, 0, 1, 2, 1, 4, 4, 1, 1, 0, 2, 3, 2, 2, 1, 2, 1, 1, 2, 4, 3, 0, 2, 2, 3, 3, 0, 1, 2, 0, 1, 2, 4, 1, 3, 4, 1, 2, 4, 3, 3, 3, 1, 1, 4, 3, 2, 3, 2, 4, 2, 4, 2, 3, 4, 4, 4, 1, 2, 3, 4, 1, 2]|[0, 2, 0, 0, 3, 0, 1, 3, 0, 0, 2, 0, 1, 0, 1, 0, 0, 0, 1, 0, 0, 2, 0, 0, 1, 0, 0, 3, 0, 1, 0, 2, 0, 0, 3, 0, 1, 3, 0, 0, 0, 0, 1, 3, 0, 0, 1, 0, 2, 0, 0, 0, 0, 0, 1, 0, 1, 0, 1, 1, 0, 2, 0, 0, 0, 0, 0, 0, 0, 2, 0, 0, 1, 0, 0, 1, 0, 0, 3, 0, 0, 1, 0, 0, 0, 0, 1, 0, 2, 0, 0, 2, 1, 3, 0, 0, 0, 1, 0, 0],896.1029292898813,50428.13444364295,114595.46915086164,false
23,G3_TWC,G1_CMAX,[31, 22, 82, 15, 26, 9, 42, 95, 77, 12, 47, 5, 93, 78, 86, 54, 85, 63, 18, 44, 20, 35, 43, 97, 91, 76, 10, 30, 21, 45, 71, 64, 1, 23, 17, 83, 24, 14, 60, 36, 6, 57, 94, 88, 65, 56, 79, 40, 67, 68, 46, 75, 38, 58, 19, 32, 81, 41, 27, 62, 87, 90, 99, 59, 11, 16, 72, 73, 70, 39, 37, 84, 3, 92, 25, 55, 28, 29, 51, 7, 33, 61, 98, 66, 89, 50, 8, 96, 53, 4, 80, 13, 34, 49, 52, 0, 48, 69, 2, 74]|[1, 1, 0, 1, 1, 1, 2, 1, 2, 1, 2, 2, 2, 1, 1, 0, 0, 1, 0, 2, 2, 0, 1, 2, 0, 1, 2, 2, 0, 0, 1, 2, 1, 2, 1, 0, 2, 0, 1, 1, 0, 1, 1, 1, 0, 2, 1, 1, 0, 0, 0, 0, 1, 1, 2, 1, 2, 0, 0, 0, 2, 1, 0, 1, 2, 1, 2, 1, 1, 1, 1, 1, 1, 0, 1, 1, 0, 0, 0, 1, 2, 1, 0, 2, 1, 0, 1, 0, 0, 0, 0, 0, 2, 0, 1, 0, 0, 1, 0, 2]|[4, 3, 2, 2, 0, 0, 2, 2, 2, 4, 1, 1, 2, 4, 4, 1, 2, 4, 2, 1, 1, 1, 1, 2, 1, 2, 1, 1, 1, 1, 3, 2, 3, 0, 4, 0, 1, 1, 0, 3, 2, 2, 4, 0, 1, 1, 0, 2, 0, 1, 2, 2, 1, 4, 0, 3, 2, 1, 1, 2, 1, 3, 1, 1, 1, 3, 0, 4, 3, 1, 4, 1, 1, 0, 4, 4, 2, 1, 1, 3, 1, 3, 1, 1, 1, 1, 3, 1, 2, 2, 1, 1, 1, 1, 1, 2, 2, 3, 2, 1]|[0, 2, 1, 1, 3, 3, 0, 1, 0, 0, 0, 0, 1, 0, 1, 0, 0, 3, 1, 0, 0, 0, 3, 1, 0, 2, 0, 0, 0, 1, 0, 0, 0, 0, 3, 0, 1, 0, 0, 2, 1, 1, 2, 0, 0, 0, 0, 1, 1, 0, 0, 0, 1, 3, 0, 0, 1, 0, 0, 1, 0, 2, 0, 1, 0, 2, 1, 0, 0, 1, 1, 3, 1, 1, 3, 3, 1, 0, 0, 2, 0, 0, 0, 0, 1, 0, 2, 0, 1, 1, 0, 0, 0, 1, 1, 0, 0, 0, 0, 0],800.9728923351585,58117.763115372225,90558.04465999853,true
23,G1_CMAX,G1_CMAX,[31, 22, 82, 15, 26, 9, 42, 77, 12, 5, 47, 93, 78, 86, 54, 6, 63, 18, 44, 20, 35, 43, 97, 91, 76, 10, 30, 21, 45, 17, 23, 1, 71, 83, 24, 14, 60, 36, 85, 57, 40, 95, 88, 65, 56, 79, 94, 67, 68, 46, 75, 38, 58, 19, 32, 81, 41, 62, 87, 28, 90, 59, 11, 16, 72, 73, 69, 52, 37, 64, 84, 3, 25, 29, 55, 51, 7, 98, 61, 66, 99, 33, 89, 48, 50, 96, 53, 80, 4, 8, 27, 2, 39, 13, 0, 92, 49, 74, 34, 70]|[1, 1, 0, 1, 1, 1, 2, 2, 1, 2, 2, 1, 1, 1, 0, 0, 1, 0, 2, 2, 0, 1, 2, 2, 1, 2, 2, 0, 0, 1, 2, 1, 1, 0, 2, 0, 1, 1, 0, 1, 1, 1, 1, 0, 2, 1, 1, 0, 0, 0, 0, 1, 1, 2, 1, 2, 0, 0, 2, 0, 1, 2, 2, 1, 2, 1, 1, 1, 1, 1, 1, 2, 1, 0, 2, 0, 1, 2, 1, 0, 0, 2, 1, 0, 0, 2, 0, 0, 1, 1, 0, 0, 1, 0, 0, 0, 0, 2, 2, 1]|[0, 3, 1, 2, 0, 0, 1, 1, 4, 1, 1, 4, 4, 4, 2, 2, 4, 2, 1, 1, 1, 1, 2, 1, 2, 1, 1, 1, 1, 4, 0, 3, 3, 0, 1, 1, 0, 3, 2, 2, 2, 2, 0, 1, 1, 0, 4, 0, 1, 2, 2, 1, 4, 0, 3, 2, 1, 2, 1, 2, 3, 1, 1, 3, 0, 4, 4, 1, 4, 3, 1, 2, 4, 1, 1, 1, 1, 1, 3, 1, 1, 1, 1, 1, 1, 1, 2, 1, 4, 3, 2, 2, 1, 2, 2, 0, 1, 1, 1, 4]|[1, 1, 1, 1, 3, 3, 0, 0, 0, 0, 0, 2, 0, 1, 0, 0, 3, 1, 0, 0, 0, 3, 1, 0, 2, 0, 0, 0, 1, 3, 0, 0, 0, 0, 1, 0, 0, 2, 1, 1, 1, 1, 0, 0, 0, 0, 2, 1, 0, 0, 0, 1, 3, 0, 0, 1, 0, 1, 0, 1, 2, 0, 0, 2, 1, 0, 2, 1, 1, 0, 3, 1, 3, 0, 0, 0, 2, 0, 0, 0, 0, 0, 1, 0, 0, 0, 1, 0, 0, 2, 1, 0, 1, 0, 0, 1, 1, 0, 0, 2],733.3116759547878,58140.55643565909,96674.14109675489,false
23,G4_BALANCED,G4_BALANCED,[31, 11, 15, 82, 26, 9, 95, 32, 77, 68, 47, 5, 93, 78, 86, 54, 85, 63, 18, 44, 20, 49, 36, 14, 74, 50, 53, 17, 21, 45, 71, 64, 3, 23, 30, 83, 24, 41, 60, 52, 65, 27, 90, 70, 39, 87, 48, 69, 99, 4, 46, 1, 13, 58, 97, 59, 28, 75, 73, 37, 35, 79, 22, 66, 76, 42, 40, 80, 96, 6, 16, 61, 33, 7, 57, 34, 12, 67, 10, 98, 56, 88, 29, 94, 91, 51, 19, 92, 43, 84, 38, 72, 81, 8, 2, 55, 62, 89, 25, 0]|[2, 1, 1, 2, 1, 2, 1, 1, 1, 1, 1, 0, 2, 2, 1, 2, 0, 0, 0, 2, 2, 1, 0, 2, 0, 2, 2, 1, 0, 1, 1, 1, 0, 0, 1, 0, 2, 1, 2, 2, 0, 0, 1, 1, 0, 2, 0, 2, 1, 0, 0, 2, 0, 0, 2, 0, 1, 0, 0, 0, 2, 1, 0, 2, 2, 0, 2, 2, 0, 1, 2, 1, 1, 2, 0, 1, 1, 1, 1, 2, 2, 1, 1, 2, 1, 1, 1, 0, 1, 0, 0, 1, 1, 1, 2, 0, 1, 1, 1, 0]|[1, 3, 2, 0, 4, 1, 4, 4, 2, 4, 3, 2, 1, 0, 2, 1, 1, 1, 2, 1, 1, 3, 0, 1, 0, 1, 1, 4, 1, 4, 3, 2, 2, 0, 4, 1, 1, 4, 0, 1, 2, 1, 4, 4, 1, 1, 0, 2, 3, 1, 2, 1, 2, 1, 1, 2, 4, 2, 0, 2, 2, 3, 1, 0, 1, 2, 0, 1, 2, 4, 1, 3, 4, 1, 2, 4, 3, 3, 3, 1, 1, 4, 3, 1, 3, 3, 4, 2, 4, 2, 2, 4, 1, 3, 1, 2, 3, 4, 4, 2]|[1, 2, 1, 0, 3, 0, 1, 3, 0, 0, 2, 0, 1, 0, 1, 0, 0, 0, 1, 0, 0, 2, 0, 0, 1, 0, 0, 3, 0, 1, 0, 2, 0, 1, 3, 0, 1, 3, 1, 0, 0, 0, 1, 3, 0, 0, 1, 0, 2, 0, 0, 0, 0, 0, 1, 0, 1, 0, 1, 1, 0, 2, 0, 0, 0, 0, 0, 0, 0, 2, 0, 0, 1, 0, 0, 1, 0, 0, 3, 0, 0, 1, 0, 0, 0, 0, 3, 0, 2, 0, 0, 2, 1, 0, 0, 0, 0, 1, 3, 0],836.569815134707,52504.092339752446,107095.57005228325,false
23,G2_TEC,G2_TEC,[31, 22, 82, 15, 26, 9, 95, 42, 77, 68, 47, 5, 93, 78, 86, 54, 85, 63, 18, 44, 20, 49, 36, 14, 74, 50, 53, 17, 21, 28, 11, 64, 3, 23, 30, 83, 24, 41, 40, 52, 65, 27, 90, 70, 39, 87, 48, 69, 99, 4, 46, 1, 13, 58, 97, 59, 45, 8, 73, 37, 35, 79, 71, 66, 76, 32, 60, 80, 96, 6, 16, 61, 33, 7, 57, 34, 12, 67, 10, 98, 56, 88, 29, 75, 91, 38, 19, 92, 43, 84, 51, 72, 81, 25, 2, 55, 62, 89, 94, 0]|[2, 1, 2, 1, 1, 2, 1, 1, 1, 1, 1, 0, 2, 2, 1, 2, 0, 0, 0, 2, 2, 1, 0, 2, 0, 2, 2, 1, 0, 1, 1, 1, 0, 0, 1, 0, 2, 1, 2, 2, 0, 0, 1, 1, 0, 2, 0, 2, 1, 0, 0, 2, 0, 0, 2, 0, 1, 1, 0, 0, 2, 1, 1, 2, 2, 0, 2, 2, 0, 1, 2, 1, 1, 2, 0, 1, 1, 1, 1, 2, 2, 1, 1, 0, 1, 0, 1, 0, 1, 0, 1, 1, 1, 1, 2, 0, 1, 1, 2, 0]|[0, 3, 0, 3, 4, 1, 4, 4, 2, 4, 3, 2, 1, 0, 2, 1, 1, 1, 2, 1, 1, 3, 0, 1, 0, 1, 1, 4, 1, 4, 3, 2, 2, 0, 4, 1, 1, 4, 0, 1, 2, 1, 4, 4, 1, 1, 0, 2, 3, 2, 2, 1, 2, 1, 1, 2, 4, 3, 0, 2, 2, 3, 3, 0, 1, 2, 0, 1, 2, 4, 1, 3, 4, 1, 2, 4, 3, 3, 3, 1, 1, 4, 3, 2, 3, 2, 4, 2, 4, 2, 3, 4, 4, 4, 1, 2, 3, 4, 1, 2]|[0, 2, 0, 0, 3, 0, 1, 3, 0, 0, 2, 0, 1, 0, 1, 0, 0, 0, 1, 0, 0, 2, 0, 0, 1, 0, 0, 3, 0, 1, 0, 2, 0, 0, 3, 0, 1, 3, 0, 0, 0, 0, 1, 3, 0, 0, 1, 0, 2, 0, 0, 0, 0, 0, 1, 0, 1, 0, 1, 1, 0, 2, 0, 0, 0, 0, 0, 0, 0, 2, 0, 0, 1, 0, 0, 1, 0, 0, 3, 0, 0, 1, 0, 0, 0, 0, 1, 0, 2, 0, 0, 2, 1, 3, 0, 0, 0, 1, 0, 0],896.1029292898813,50428.13444364295,114595.46915086164,false
23,G3_TWC,G1_CMAX,[31, 22, 82, 15, 26, 9, 42, 95, 77, 12, 47, 5, 93, 78, 86, 54, 85, 63, 18, 44, 20, 35, 43, 97, 91, 76, 10, 30, 21, 45, 71, 64, 1, 23, 17, 83, 24, 14, 60, 36, 6, 57, 94, 88, 65, 56, 79, 40, 67, 68, 46, 75, 38, 58, 19, 32, 81, 41, 27, 62, 87, 90, 99, 59, 11, 16, 72, 73, 70, 39, 37, 84, 3, 92, 25, 55, 28, 29, 51, 7, 33, 61, 98, 66, 89, 50, 8, 96, 53, 4, 80, 13, 34, 49, 52, 0, 48, 69, 2, 74]|[1, 1, 0, 1, 1, 1, 2, 1, 2, 1, 2, 2, 2, 1, 1, 0, 0, 1, 0, 2, 2, 0, 1, 2, 0, 1, 2, 2, 0, 0, 1, 2, 1, 2, 1, 0, 2, 0, 1, 1, 0, 1, 1, 1, 0, 2, 1, 1, 0, 0, 0, 0, 1, 1, 2, 1, 2, 0, 0, 0, 2, 1, 0, 1, 2, 1, 2, 1, 1, 1, 1, 1, 1, 0, 1, 1, 0, 0, 0, 1, 2, 1, 0, 2, 1, 0, 1, 0, 0, 0, 0, 0, 2, 0, 1, 0, 0, 1, 0, 2]|[4, 3, 2, 2, 0, 0, 2, 2, 2, 4, 1, 1, 2, 4, 4, 1, 2, 4, 2, 1, 1, 1, 1, 2, 1, 2, 1, 1, 1, 1, 3, 2, 3, 0, 4, 0, 1, 1, 0, 3, 2, 2, 4, 0, 1, 1, 0, 2, 0, 1, 2, 2, 1, 4, 0, 3, 2, 1, 1, 2, 1, 3, 1, 1, 1, 3, 0, 4, 3, 1, 4, 1, 1, 0, 4, 4, 2, 1, 1, 3, 1, 3, 1, 1, 1, 1, 3, 1, 2, 2, 1, 1, 1, 1, 1, 2, 2, 3, 2, 1]|[0, 2, 1, 1, 3, 3, 0, 1, 0, 0, 0, 0, 1, 0, 1, 0, 0, 3, 1, 0, 0, 0, 3, 1, 0, 2, 0, 0, 0, 1, 0, 0, 0, 0, 3, 0, 1, 0, 0, 2, 1, 1, 2, 0, 0, 0, 0, 1, 1, 0, 0, 0, 1, 3, 0, 0, 1, 0, 0, 1, 0, 2, 0, 1, 0, 2, 1, 0, 0, 1, 1, 3, 1, 1, 3, 3, 1, 0, 0, 2, 0, 0, 0, 0, 1, 0, 2, 0, 1, 1, 0, 0, 0, 1, 1, 0, 0, 0, 0, 0],800.9728923351585,58117.763115372225,90558.04465999853,true
23,G1_CMAX,G1_CMAX,[31, 22, 82, 15, 26, 9, 42, 77, 12, 5, 47, 93, 78, 86, 54, 6, 63, 18, 44, 20, 35, 43, 97, 91, 76, 10, 30, 21, 45, 17, 23, 1, 71, 83, 24, 14, 60, 36, 85, 57, 40, 95, 88, 65, 56, 79, 94, 67, 68, 46, 75, 38, 58, 19, 32, 81, 41, 62, 87, 28, 90, 59, 11, 16, 72, 73, 69, 52, 37, 64, 84, 3, 25, 29, 55, 51, 7, 98, 61, 66, 99, 33, 89, 48, 50, 96, 53, 80, 4, 8, 27, 2, 39, 13, 0, 92, 49, 74, 34, 70]|[1, 1, 0, 1, 1, 1, 2, 2, 1, 2, 2, 1, 1, 1, 0, 0, 1, 0, 2, 2, 0, 1, 2, 2, 1, 2, 2, 0, 0, 1, 2, 1, 1, 0, 2, 0, 1, 1, 0, 1, 1, 1, 1, 0, 2, 1, 1, 0, 0, 0, 0, 1, 1, 2, 1, 2, 0, 0, 2, 0, 1, 2, 2, 1, 2, 1, 1, 1, 1, 1, 1, 2, 1, 0, 2, 0, 1, 2, 1, 0, 0, 2, 1, 0, 0, 2, 0, 0, 1, 1, 0, 0, 1, 0, 0, 0, 0, 2, 2, 1]|[0, 3, 1, 2, 0, 0, 1, 1, 4, 1, 1, 4, 4, 4, 2, 2, 4, 2, 1, 1, 1, 1, 2, 1, 2, 1, 1, 1, 1, 4, 0, 3, 3, 0, 1, 1, 0, 3, 2, 2, 2, 2, 0, 1, 1, 0, 4, 0, 1, 2, 2, 1, 4, 0, 3, 2, 1, 2, 1, 2, 3, 1, 1, 3, 0, 4, 4, 1, 4, 3, 1, 2, 4, 1, 1, 1, 1, 1, 3, 1, 1, 1, 1, 1, 1, 1, 2, 1, 4, 3, 2, 2, 1, 2, 2, 0, 1, 1, 1, 4]|[1, 1, 1, 1, 3, 3, 0, 0, 0, 0, 0, 2, 0, 1, 0, 0, 3, 1, 0, 0, 0, 3, 1, 0, 2, 0, 0, 0, 1, 3, 0, 0, 0, 0, 1, 0, 0, 2, 1, 1, 1, 1, 0, 0, 0, 0, 2, 1, 0, 0, 0, 1, 3, 0, 0, 1, 0, 1, 0, 1, 2, 0, 0, 2, 1, 0, 2, 1, 1, 0, 3, 1, 3, 0, 0, 0, 2, 0, 0, 0, 0, 0, 1, 0, 0, 0, 1, 0, 0, 2, 1, 0, 1, 0, 0, 1, 1, 0, 0, 2],733.3116759547878,58140.55643565909,96674.14109675489,false
23,G4_BALANCED,G4_BALANCED,[31, 11, 15, 82, 26, 9, 95, 32, 77, 68, 47, 5, 93, 78, 86, 54, 85, 63, 18, 44, 20, 49, 36, 14, 74, 50, 53, 17, 21, 45, 71, 64, 3, 23, 30, 83, 24, 41, 60, 52, 65, 27, 90, 70, 39, 87, 48, 69, 99, 4, 46, 1, 13, 58, 97, 59, 28, 75, 73, 37, 35, 79, 22, 66, 76, 42, 40, 80, 96, 6, 16, 61, 33, 7, 57, 34, 12, 67, 10, 98, 56, 88, 29, 94, 91, 51, 19, 92, 43, 84, 38, 72, 81, 8, 2, 55, 62, 89, 25, 0]|[2, 1, 1, 2, 1, 2, 1, 1, 1, 1, 1, 0, 2, 2, 1, 2, 0, 0, 0, 2, 2, 1, 0, 2, 0, 2, 2, 1, 0, 1, 1, 1, 0, 0, 1, 0, 2, 1, 2, 2, 0, 0, 1, 1, 0, 2, 0, 2, 1, 0, 0, 2, 0, 0, 2, 0, 1, 0, 0, 0, 2, 1, 0, 2, 2, 0, 2, 2, 0, 1, 2, 1, 1, 2, 0, 1, 1, 1, 1, 2, 2, 1, 1, 2, 1, 1, 1, 0, 1, 0, 0, 1, 1, 1, 2, 0, 1, 1, 1, 0]|[1, 3, 2, 0, 4, 1, 4, 4, 2, 4, 3, 2, 1, 0, 2, 1, 1, 1, 2, 1, 1, 3, 0, 1, 0, 1, 1, 4, 1, 4, 3, 2, 2, 0, 4, 1, 1, 4, 0, 1, 2, 1, 4, 4, 1, 1, 0, 2, 3, 1, 2, 1, 2, 1, 1, 2, 4, 2, 0, 2, 2, 3, 1, 0, 1, 2, 0, 1, 2, 4, 1, 3, 4, 1, 2, 4, 3, 3, 3, 1, 1, 4, 3, 1, 3, 3, 4, 2, 4, 2, 2, 4, 1, 3, 1, 2, 3, 4, 4, 2]|[1, 2, 1, 0, 3, 0, 1, 3, 0, 0, 2, 0, 1, 0, 1, 0, 0, 0, 1, 0, 0, 2, 0, 0, 1, 0, 0, 3, 0, 1, 0, 2, 0, 1, 3, 0, 1, 3, 1, 0, 0, 0, 1, 3, 0, 0, 1, 0, 2, 0, 0, 0, 0, 0, 1, 0, 1, 0, 1, 1, 0, 2, 0, 0, 0, 0, 0, 0, 0, 2, 0, 0, 1, 0, 0, 1, 0, 0, 3, 0, 0, 1, 0, 0, 0, 0, 3, 0, 2, 0, 0, 2, 1, 0, 0, 0, 0, 1, 3, 0],836.569815134707,52504.092339752446,107095.57005228325,false
23,G2_TEC,G2_TEC,[31, 22, 82, 15, 26, 9, 95, 42, 77, 68, 47, 5, 93, 78, 86, 54, 85, 63, 18, 44, 20, 49, 36, 14, 74, 50, 53, 17, 21, 28, 11, 64, 3, 23, 30, 83, 24, 41, 40, 52, 65, 27, 90, 70, 39, 87, 48, 69, 99, 4, 46, 1, 13, 58, 97, 59, 45, 8, 73, 37, 35, 79, 71, 66, 76, 32, 60, 80, 96, 6, 16, 61, 33, 7, 57, 34, 12, 67, 10, 98, 56, 88, 29, 75, 91, 38, 19, 92, 43, 84, 51, 72, 81, 25, 2, 55, 62, 89, 94, 0]|[2, 1, 2, 1, 1, 2, 1, 1, 1, 1, 1, 0, 2, 2, 1, 2, 0, 0, 0, 2, 2, 1, 0, 2, 0, 2, 2, 1, 0, 1, 1, 1, 0, 0, 1, 0, 2, 1, 2, 2, 0, 0, 1, 1, 0, 2, 0, 2, 1, 0, 0, 2, 0, 0, 2, 0, 1, 1, 0, 0, 2, 1, 1, 2, 2, 0, 2, 2, 0, 1, 2, 1, 1, 2, 0, 1, 1, 1, 1, 2, 2, 1, 1, 0, 1, 0, 1, 0, 1, 0, 1, 1, 1, 1, 2, 0, 1, 1, 2, 0]|[0, 3, 0, 3, 4, 1, 4, 4, 2, 4, 3, 2, 1, 0, 2, 1, 1, 1, 2, 1, 1, 3, 0, 1, 0, 1, 1, 4, 1, 4, 3, 2, 2, 0, 4, 1, 1, 4, 0, 1, 2, 1, 4, 4, 1, 1, 0, 2, 3, 2, 2, 1, 2, 1, 1, 2, 4, 3, 0, 2, 2, 3, 3, 0, 1, 2, 0, 1, 2, 4, 1, 3, 4, 1, 2, 4, 3, 3, 3, 1, 1, 4, 3, 2, 3, 2, 4, 2, 4, 2, 3, 4, 4, 4, 1, 2, 3, 4, 1, 2]|[0, 2, 0, 0, 3, 0, 1, 3, 0, 0, 2, 0, 1, 0, 1, 0, 0, 0, 1, 0, 0, 2, 0, 0, 1, 0, 0, 3, 0, 1, 0, 2, 0, 0, 3, 0, 1, 3, 0, 0, 0, 0, 1, 3, 0, 0, 1, 0, 2, 0, 0, 0, 0, 0, 1, 0, 1, 0, 1, 1, 0, 2, 0, 0, 0, 0, 0, 0, 0, 2, 0, 0, 1, 0, 0, 1, 0, 0, 3, 0, 0, 1, 0, 0, 0, 0, 1, 0, 2, 0, 0, 2, 1, 3, 0, 0, 0, 1, 0, 0],896.1029292898813,50428.13444364295,114595.46915086164,false
23,G3_TWC,G1_CMAX,[31, 22, 82, 15, 26, 9, 42, 95, 77, 12, 47, 5, 93, 78, 86, 54, 85, 63, 18, 44, 20, 35, 43, 97, 91, 76, 10, 30, 21, 45, 71, 64, 1, 23, 17, 83, 24, 14, 60, 36, 6, 57, 94, 88, 65, 56, 79, 40, 67, 68, 46, 75, 38, 58, 19, 32, 81, 41, 27, 62, 87, 90, 99, 59, 11, 16, 72, 73, 70, 39, 37, 84, 3, 92, 25, 55, 28, 29, 51, 7, 33, 61, 98, 66, 89, 50, 8, 96, 53, 4, 80, 13, 34, 49, 52, 0, 48, 69, 2, 74]|[1, 1, 0, 1, 1, 1, 2, 1, 2, 1, 2, 2, 2, 1, 1, 0, 0, 1, 0, 2, 2, 0, 1, 2, 0, 1, 2, 2, 0, 0, 1, 2, 1, 2, 1, 0, 2, 0, 1, 1, 0, 1, 1, 1, 0, 2, 1, 1, 0, 0, 0, 0, 1, 1, 2, 1, 2, 0, 0, 0, 2, 1, 0, 1, 2, 1, 2, 1, 1, 1, 1, 1, 1, 0, 1, 1, 0, 0, 0, 1, 2, 1, 0, 2, 1, 0, 1, 0, 0, 0, 0, 0, 2, 0, 1, 0, 0, 1, 0, 2]|[4, 3, 2, 2, 0, 0, 2, 2, 2, 4, 1, 1, 2, 4, 4, 1, 2, 4, 2, 1, 1, 1, 1, 2, 1, 2, 1, 1, 1, 1, 3, 2, 3, 0, 4, 0, 1, 1, 0, 3, 2, 2, 4, 0, 1, 1, 0, 2, 0, 1, 2, 2, 1, 4, 0, 3, 2, 1, 1, 2, 1, 3, 1, 1, 1, 3, 0, 4, 3, 1, 4, 1, 1, 0, 4, 4, 2, 1, 1, 3, 1, 3, 1, 1, 1, 1, 3, 1, 2, 2, 1, 1, 1, 1, 1, 2, 2, 3, 2, 1]|[0, 2, 1, 1, 3, 3, 0, 1, 0, 0, 0, 0, 1, 0, 1, 0, 0, 3, 1, 0, 0, 0, 3, 1, 0, 2, 0, 0, 0, 1, 0, 0, 0, 0, 3, 0, 1, 0, 0, 2, 1, 1, 2, 0, 0, 0, 0, 1, 1, 0, 0, 0, 1, 3, 0, 0, 1, 0, 0, 1, 0, 2, 0, 1, 0, 2, 1, 0, 0, 1, 1, 3, 1, 1, 3, 3, 1, 0, 0, 2, 0, 0, 0, 0, 1, 0, 2, 0, 1, 1, 0, 0, 0, 1, 1, 0, 0, 0, 0, 0],800.9728923351585,58117.763115372225,90558.04465999853,true
23,G1_CMAX,G1_CMAX,[31, 22, 82, 15, 26, 9, 42, 77, 12, 5, 47, 93, 78, 86, 54, 6, 63, 18, 44, 20, 35, 43, 97, 91, 76, 10, 30, 21, 45, 17, 23, 1, 71, 83, 24, 14, 60, 36, 85, 57, 40, 95, 88, 65, 56, 79, 94, 67, 68, 46, 75, 38, 58, 19, 32, 81, 41, 62, 87, 28, 90, 59, 11, 16, 72, 73, 69, 52, 37, 64, 84, 3, 25, 29, 55, 51, 7, 98, 61, 66, 99, 33, 89, 48, 50, 96, 53, 80, 4, 8, 27, 2, 39, 13, 0, 92, 49, 74, 34, 70]|[1, 1, 0, 1, 1, 1, 2, 2, 1, 2, 2, 1, 1, 1, 0, 0, 1, 0, 2, 2, 0, 1, 2, 2, 1, 2, 2, 0, 0, 1, 2, 1, 1, 0, 2, 0, 1, 1, 0, 1, 1, 1, 1, 0, 2, 1, 1, 0, 0, 0, 0, 1, 1, 2, 1, 2, 0, 0, 2, 0, 1, 2, 2, 1, 2, 1, 1, 1, 1, 1, 1, 2, 1, 0, 2, 0, 1, 2, 1, 0, 0, 2, 1, 0, 0, 2, 0, 0, 1, 1, 0, 0, 1, 0, 0, 0, 0, 2, 2, 1]|[0, 3, 1, 2, 0, 0, 1, 1, 4, 1, 1, 4, 4, 4, 2, 2, 4, 2, 1, 1, 1, 1, 2, 1, 2, 1, 1, 1, 1, 4, 0, 3, 3, 0, 1, 1, 0, 3, 2, 2, 2, 2, 0, 1, 1, 0, 4, 0, 1, 2, 2, 1, 4, 0, 3, 2, 1, 2, 1, 2, 3, 1, 1, 3, 0, 4, 4, 1, 4, 3, 1, 2, 4, 1, 1, 1, 1, 1, 3, 1, 1, 1, 1, 1, 1, 1, 2, 1, 4, 3, 2, 2, 1, 2, 2, 0, 1, 1, 1, 4]|[1, 1, 1, 1, 3, 3, 0, 0, 0, 0, 0, 2, 0, 1, 0, 0, 3, 1, 0, 0, 0, 3, 1, 0, 2, 0, 0, 0, 1, 3, 0, 0, 0, 0, 1, 0, 0, 2, 1, 1, 1, 1, 0, 0, 0, 0, 2, 1, 0, 0, 0, 1, 3, 0, 0, 1, 0, 1, 0, 1, 2, 0, 0, 2, 1, 0, 2, 1, 1, 0, 3, 1, 3, 0, 0, 0, 2, 0, 0, 0, 0, 0, 1, 0, 0, 0, 1, 0, 0, 2, 1, 0, 1, 0, 0, 1, 1, 0, 0, 2],733.3116759547878,58140.55643565909,96674.14109675489,false
23,G4_BALANCED,G4_BALANCED,[31, 11, 15, 82, 26, 9, 95, 32, 77, 68, 47, 5, 93, 78, 86, 54, 85, 63, 18, 44, 20, 49, 36, 14, 74, 50, 53, 17, 21, 45, 71, 64, 3, 23, 30, 83, 24, 41, 60, 52, 65, 27, 90, 70, 39, 87, 48, 69, 99, 4, 46, 1, 13, 58, 97, 59, 28, 75, 73, 37, 35, 79, 22, 66, 76, 42, 40, 80, 96, 6, 16, 61, 33, 7, 57, 34, 12, 67, 10, 98, 56, 88, 29, 94, 91, 51, 19, 92, 43, 84, 38, 72, 81, 8, 2, 55, 62, 89, 25, 0]|[2, 1, 1, 2, 1, 2, 1, 1, 1, 1, 1, 0, 2, 2, 1, 2, 0, 0, 0, 2, 2, 1, 0, 2, 0, 2, 2, 1, 0, 1, 1, 1, 0, 0, 1, 0, 2, 1, 2, 2, 0, 0, 1, 1, 0, 2, 0, 2, 1, 0, 0, 2, 0, 0, 2, 0, 1, 0, 0, 0, 2, 1, 0, 2, 2, 0, 2, 2, 0, 1, 2, 1, 1, 2, 0, 1, 1, 1, 1, 2, 2, 1, 1, 2, 1, 1, 1, 0, 1, 0, 0, 1, 1, 1, 2, 0, 1, 1, 1, 0]|[1, 3, 2, 0, 4, 1, 4, 4, 2, 4, 3, 2, 1, 0, 2, 1, 1, 1, 2, 1, 1, 3, 0, 1, 0, 1, 1, 4, 1, 4, 3, 2, 2, 0, 4, 1, 1, 4, 0, 1, 2, 1, 4, 4, 1, 1, 0, 2, 3, 1, 2, 1, 2, 1, 1, 2, 4, 2, 0, 2, 2, 3, 1, 0, 1, 2, 0, 1, 2, 4, 1, 3, 4, 1, 2, 4, 3, 3, 3, 1, 1, 4, 3, 1, 3, 3, 4, 2, 4, 2, 2, 4, 1, 3, 1, 2, 3, 4, 4, 2]|[1, 2, 1, 0, 3, 0, 1, 3, 0, 0, 2, 0, 1, 0, 1, 0, 0, 0, 1, 0, 0, 2, 0, 0, 1, 0, 0, 3, 0, 1, 0, 2, 0, 1, 3, 0, 1, 3, 1, 0, 0, 0, 1, 3, 0, 0, 1, 0, 2, 0, 0, 0, 0, 0, 1, 0, 1, 0, 1, 1, 0, 2, 0, 0, 0, 0, 0, 0, 0, 2, 0, 0, 1, 0, 0, 1, 0, 0, 3, 0, 0, 1, 0, 0, 0, 0, 3, 0, 2, 0, 0, 2, 1, 0, 0, 0, 0, 1, 3, 0],836.569815134707,52504.092339752446,107095.57005228325,false
23,G2_TEC,G2_TEC,[31, 22, 82, 15, 26, 9, 95, 42, 77, 68, 47, 5, 93, 78, 86, 54, 85, 63, 18, 44, 20, 49, 36, 14, 74, 50, 53, 17, 21, 28, 11, 64, 3, 23, 30, 83, 24, 41, 40, 52, 65, 27, 90, 70, 39, 87, 48, 69, 99, 4, 46, 1, 13, 58, 97, 59, 45, 8, 73, 37, 35, 79, 71, 66, 76, 32, 60, 80, 96, 6, 16, 61, 33, 7, 57, 34, 12, 67, 10, 98, 56, 88, 29, 75, 91, 38, 19, 92, 43, 84, 51, 72, 81, 25, 2, 55, 62, 89, 94, 0]|[2, 1, 2, 1, 1, 2, 1, 1, 1, 1, 1, 0, 2, 2, 1, 2, 0, 0, 0, 2, 2, 1, 0, 2, 0, 2, 2, 1, 0, 1, 1, 1, 0, 0, 1, 0, 2, 1, 2, 2, 0, 0, 1, 1, 0, 2, 0, 2, 1, 0, 0, 2, 0, 0, 2, 0, 1, 1, 0, 0, 2, 1, 1, 2, 2, 0, 2, 2, 0, 1, 2, 1, 1, 2, 0, 1, 1, 1, 1, 2, 2, 1, 1, 0, 1, 0, 1, 0, 1, 0, 1, 1, 1, 1, 2, 0, 1, 1, 2, 0]|[0, 3, 0, 3, 4, 1, 4, 4, 2, 4, 3, 2, 1, 0, 2, 1, 1, 1, 2, 1, 1, 3, 0, 1, 0, 1, 1, 4, 1, 4, 3, 2, 2, 0, 4, 1, 1, 4, 0, 1, 2, 1, 4, 4, 1, 1, 0, 2, 3, 2, 2, 1, 2, 1, 1, 2, 4, 3, 0, 2, 2, 3, 3, 0, 1, 2, 0, 1, 2, 4, 1, 3, 4, 1, 2, 4, 3, 3, 3, 1, 1, 4, 3, 2, 3, 2, 4, 2, 4, 2, 3, 4, 4, 4, 1, 2, 3, 4, 1, 2]|[0, 2, 0, 0, 3, 0, 1, 3, 0, 0, 2, 0, 1, 0, 1, 0, 0, 0, 1, 0, 0, 2, 0, 0, 1, 0, 0, 3, 0, 1, 0, 2, 0, 0, 3, 0, 1, 3, 0, 0, 0, 0, 1, 3, 0, 0, 1, 0, 2, 0, 0, 0, 0, 0, 1, 0, 1, 0, 1, 1, 0, 2, 0, 0, 0, 0, 0, 0, 0, 2, 0, 0, 1, 0, 0, 1, 0, 0, 3, 0, 0, 1, 0, 0, 0, 0, 1, 0, 2, 0, 0, 2, 1, 3, 0, 0, 0, 1, 0, 0],896.1029292898813,50428.13444364295,114595.46915086164,false
23,G3_TWC,G1_CMAX,[31, 22, 82, 15, 26, 9, 42, 95, 77, 12, 47, 5, 93, 78, 86, 54, 85, 63, 18, 44, 20, 35, 43, 97, 91, 76, 10, 30, 21, 45, 71, 64, 1, 23, 17, 83, 24, 14, 60, 36, 6, 57, 94, 88, 65, 56, 79, 40, 67, 68, 46, 75, 38, 58, 19, 32, 81, 41, 27, 62, 87, 90, 99, 59, 11, 16, 72, 73, 70, 39, 37, 84, 3, 92, 25, 55, 28, 29, 51, 7, 33, 61, 98, 66, 89, 50, 8, 96, 53, 4, 80, 13, 34, 49, 52, 0, 48, 69, 2, 74]|[1, 1, 0, 1, 1, 1, 2, 1, 2, 1, 2, 2, 2, 1, 1, 0, 0, 1, 0, 2, 2, 0, 1, 2, 0, 1, 2, 2, 0, 0, 1, 2, 1, 2, 1, 0, 2, 0, 1, 1, 0, 1, 1, 1, 0, 2, 1, 1, 0, 0, 0, 0, 1, 1, 2, 1, 2, 0, 0, 0, 2, 1, 0, 1, 2, 1, 2, 1, 1, 1, 1, 1, 1, 0, 1, 1, 0, 0, 0, 1, 2, 1, 0, 2, 1, 0, 1, 0, 0, 0, 0, 0, 2, 0, 1, 0, 0, 1, 0, 2]|[4, 3, 2, 2, 0, 0, 2, 2, 2, 4, 1, 1, 2, 4, 4, 1, 2, 4, 2, 1, 1, 1, 1, 2, 1, 2, 1, 1, 1, 1, 3, 2, 3, 0, 4, 0, 1, 1, 0, 3, 2, 2, 4, 0, 1, 1, 0, 2, 0, 1, 2, 2, 1, 4, 0, 3, 2, 1, 1, 2, 1, 3, 1, 1, 1, 3, 0, 4, 3, 1, 4, 1, 1, 0, 4, 4, 2, 1, 1, 3, 1, 3, 1, 1, 1, 1, 3, 1, 2, 2, 1, 1, 1, 1, 1, 2, 2, 3, 2, 1]|[0, 2, 1, 1, 3, 3, 0, 1, 0, 0, 0, 0, 1, 0, 1, 0, 0, 3, 1, 0, 0, 0, 3, 1, 0, 2, 0, 0, 0, 1, 0, 0, 0, 0, 3, 0, 1, 0, 0, 2, 1, 1, 2, 0, 0, 0, 0, 1, 1, 0, 0, 0, 1, 3, 0, 0, 1, 0, 0, 1, 0, 2, 0, 1, 0, 2, 1, 0, 0, 1, 1, 3, 1, 1, 3, 3, 1, 0, 0, 2, 0, 0, 0, 0, 1, 0, 2, 0, 1, 1, 0, 0, 0, 1, 1, 0, 0, 0, 0, 0],800.9728923351585,58117.763115372225,90558.04465999853,true
23,G1_CMAX,G1_CMAX,[31, 22, 82, 15, 26, 9, 42, 77, 12, 5, 47, 93, 78, 86, 54, 6, 63, 18, 44, 20, 35, 43, 97, 91, 76, 10, 30, 21, 45, 17, 23, 1, 71, 83, 24, 14, 60, 36, 85, 57, 40, 95, 88, 65, 56, 79, 94, 67, 68, 46, 75, 38, 58, 19, 32, 81, 41, 62, 87, 28, 90, 59, 11, 16, 72, 73, 69, 52, 37, 64, 84, 3, 25, 29, 55, 51, 7, 98, 61, 66, 99, 33, 89, 48, 50, 96, 53, 80, 4, 8, 27, 2, 39, 13, 0, 92, 49, 74, 34, 70]|[1, 1, 0, 1, 1, 1, 2, 2, 1, 2, 2, 1, 1, 1, 0, 0, 1, 0, 2, 2, 0, 1, 2, 2, 1, 2, 2, 0, 0, 1, 2, 1, 1, 0, 2, 0, 1, 1, 0, 1, 1, 1, 1, 0, 2, 1, 1, 0, 0, 0, 0, 1, 1, 2, 1, 2, 0, 0, 2, 0, 1, 2, 2, 1, 2, 1, 1, 1, 1, 1, 1, 2, 1, 0, 2, 0, 1, 2, 1, 0, 0, 2, 1, 0, 0, 2, 0, 0, 1, 1, 0, 0, 1, 0, 0, 0, 0, 2, 2, 1]|[0, 3, 1, 2, 0, 0, 1, 1, 4, 1, 1, 4, 4, 4, 2, 2, 4, 2, 1, 1, 1, 1, 2, 1, 2, 1, 1, 1, 1, 4, 0, 3, 3, 0, 1, 1, 0, 3, 2, 2, 2, 2, 0, 1, 1, 0, 4, 0, 1, 2, 2, 1, 4, 0, 3, 2, 1, 2, 1, 2, 3, 1, 1, 3, 0, 4, 4, 1, 4, 3, 1, 2, 4, 1, 1, 1, 1, 1, 3, 1, 1, 1, 1, 1, 1, 1, 2, 1, 4, 3, 2, 2, 1, 2, 2, 0, 1, 1, 1, 4]|[1, 1, 1, 1, 3, 3, 0, 0, 0, 0, 0, 2, 0, 1, 0, 0, 3, 1, 0, 0, 0, 3, 1, 0, 2, 0, 0, 0, 1, 3, 0, 0, 0, 0, 1, 0, 0, 2, 1, 1, 1, 1, 0, 0, 0, 0, 2, 1, 0, 0, 0, 1, 3, 0, 0, 1, 0, 1, 0, 1, 2, 0, 0, 2, 1, 0, 2, 1, 1, 0, 3, 1, 3, 0, 0, 0, 2, 0, 0, 0, 0, 0, 1, 0, 0, 0, 1, 0, 0, 2, 1, 0, 1, 0, 0, 1, 1, 0, 0, 2],733.3116759547878,58140.55643565909,96674.14109675489,false
23,G4_BALANCED,G4_BALANCED,[31, 11, 15, 82, 26, 9, 95, 32, 77, 68, 47, 5, 93, 78, 86, 54, 85, 63, 18, 44, 20, 49, 36, 14, 74, 50, 53, 17, 21, 45, 71, 64, 3, 23, 30, 83, 24, 41, 60, 52, 65, 27, 90, 70, 39, 87, 48, 69, 99, 4, 46, 1, 13, 58, 97, 59, 28, 75, 73, 37, 35, 79, 22, 66, 76, 42, 40, 80, 96, 6, 16, 61, 33, 7, 57, 34, 12, 67, 10, 98, 56, 88, 29, 94, 91, 51, 19, 92, 43, 84, 38, 72, 81, 8, 2, 55, 62, 89, 25, 0]|[2, 1, 1, 2, 1, 2, 1, 1, 1, 1, 1, 0, 2, 2, 1, 2, 0, 0, 0, 2, 2, 1, 0, 2, 0, 2, 2, 1, 0, 1, 1, 1, 0, 0, 1, 0, 2, 1, 2, 2, 0, 0, 1, 1, 0, 2, 0, 2, 1, 0, 0, 2, 0, 0, 2, 0, 1, 0, 0, 0, 2, 1, 0, 2, 2, 0, 2, 2, 0, 1, 2, 1, 1, 2, 0, 1, 1, 1, 1, 2, 2, 1, 1, 2, 1, 1, 1, 0, 1, 0, 0, 1, 1, 1, 2, 0, 1, 1, 1, 0]|[1, 3, 2, 0, 4, 1, 4, 4, 2, 4, 3, 2, 1, 0, 2, 1, 1, 1, 2, 1, 1, 3, 0, 1, 0, 1, 1, 4, 1, 4, 3, 2, 2, 0, 4, 1, 1, 4, 0, 1, 2, 1, 4, 4, 1, 1, 0, 2, 3, 1, 2, 1, 2, 1, 1, 2, 4, 2, 0, 2, 2, 3, 1, 0, 1, 2, 0, 1, 2, 4, 1, 3, 4, 1, 2, 4, 3, 3, 3, 1, 1, 4, 3, 1, 3, 3, 4, 2, 4, 2, 2, 4, 1, 3, 1, 2, 3, 4, 4, 2]|[1, 2, 1, 0, 3, 0, 1, 3, 0, 0, 2, 0, 1, 0, 1, 0, 0, 0, 1, 0, 0, 2, 0, 0, 1, 0, 0, 3, 0, 1, 0, 2, 0, 1, 3, 0, 1, 3, 1, 0, 0, 0, 1, 3, 0, 0, 1, 0, 2, 0, 0, 0, 0, 0, 1, 0, 1, 0, 1, 1, 0, 2, 0, 0, 0, 0, 0, 0, 0, 2, 0, 0, 1, 0, 0, 1, 0, 0, 3, 0, 0, 1, 0, 0, 0, 0, 3, 0, 2, 0, 0, 2, 1, 0, 0, 0, 0, 1, 3, 0],836.569815134707,52504.092339752446,107095.57005228325,false
23,G2_TEC,G2_TEC,[31, 22, 82, 15, 26, 9, 95, 42, 77, 68, 47, 5, 93, 78, 86, 54, 85, 63, 18, 44, 20, 49, 36, 14, 74, 50, 53, 17, 21, 28, 11, 64, 3, 23, 30, 83, 24, 41, 40, 52, 65, 27, 90, 70, 39, 87, 48, 69, 99, 4, 46, 1, 13, 58, 97, 59, 45, 8, 73, 37, 35, 79, 71, 66, 76, 32, 60, 80, 96, 6, 16, 61, 33, 7, 57, 34, 12, 67, 10, 98, 56, 88, 29, 75, 91, 38, 19, 92, 43, 84, 51, 72, 81, 25, 2, 55, 62, 89, 94, 0]|[2, 1, 2, 1, 1, 2, 1, 1, 1, 1, 1, 0, 2, 2, 1, 2, 0, 0, 0, 2, 2, 1, 0, 2, 0, 2, 2, 1, 0, 1, 1, 1, 0, 0, 1, 0, 2, 1, 2, 2, 0, 0, 1, 1, 0, 2, 0, 2, 1, 0, 0, 2, 0, 0, 2, 0, 1, 1, 0, 0, 2, 1, 1, 2, 2, 0, 2, 2, 0, 1, 2, 1, 1, 2, 0, 1, 1, 1, 1, 2, 2, 1, 1, 0, 1, 0, 1, 0, 1, 0, 1, 1, 1, 1, 2, 0, 1, 1, 2, 0]|[0, 3, 0, 3, 4, 1, 4, 4, 2, 4, 3, 2, 1, 0, 2, 1, 1, 1, 2, 1, 1, 3, 0, 1, 0, 1, 1, 4, 1, 4, 3, 2, 2, 0, 4, 1, 1, 4, 0, 1, 2, 1, 4, 4, 1, 1, 0, 2, 3, 2, 2, 1, 2, 1, 1, 2, 4, 3, 0, 2, 2, 3, 3, 0, 1, 2, 0, 1, 2, 4, 1, 3, 4, 1, 2, 4, 3, 3, 3, 1, 1, 4, 3, 2, 3, 2, 4, 2, 4, 2, 3, 4, 4, 4, 1, 2, 3, 4, 1, 2]|[0, 2, 0, 0, 3, 0, 1, 3, 0, 0, 2, 0, 1, 0, 1, 0, 0, 0, 1, 0, 0, 2, 0, 0, 1, 0, 0, 3, 0, 1, 0, 2, 0, 0, 3, 0, 1, 3, 0, 0, 0, 0, 1, 3, 0, 0, 1, 0, 2, 0, 0, 0, 0, 0, 1, 0, 1, 0, 1, 1, 0, 2, 0, 0, 0, 0, 0, 0, 0, 2, 0, 0, 1, 0, 0, 1, 0, 0, 3, 0, 0, 1, 0, 0, 0, 0, 1, 0, 2, 0, 0, 2, 1, 3, 0, 0, 0, 1, 0, 0],896.1029292898813,50428.13444364295,114595.46915086164,false
23,G3_TWC,G1_CMAX,[31, 22, 82, 15, 26, 9, 42, 95, 77, 12, 47, 5, 93, 78, 86, 54, 85, 63, 18, 44, 20, 35, 43, 97, 91, 76, 10, 30, 21, 45, 71, 64, 1, 23, 17, 83, 24, 14, 60, 36, 6, 57, 94, 88, 65, 56, 79, 40, 67, 68, 46, 75, 38, 58, 19, 32, 81, 41, 27, 62, 87, 90, 99, 59, 11, 16, 72, 73, 70, 39, 37, 84, 3, 92, 25, 55, 28, 29, 51, 7, 33, 61, 98, 66, 89, 50, 8, 96, 53, 4, 80, 13, 34, 49, 52, 0, 48, 69, 2, 74]|[1, 1, 0, 1, 1, 1, 2, 1, 2, 1, 2, 2, 2, 1, 1, 0, 0, 1, 0, 2, 2, 0, 1, 2, 0, 1, 2, 2, 0, 0, 1, 2, 1, 2, 1, 0, 2, 0, 1, 1, 0, 1, 1, 1, 0, 2, 1, 1, 0, 0, 0, 0, 1, 1, 2, 1, 2, 0, 0, 0, 2, 1, 0, 1, 2, 1, 2, 1, 1, 1, 1, 1, 1, 0, 1, 1, 0, 0, 0, 1, 2, 1, 0, 2, 1, 0, 1, 0, 0, 0, 0, 0, 2, 0, 1, 0, 0, 1, 0, 2]|[4, 3, 2, 2, 0, 0, 2, 2, 2, 4, 1, 1, 2, 4, 4, 1, 2, 4, 2, 1, 1, 1, 1, 2, 1, 2, 1, 1, 1, 1, 3, 2, 3, 0, 4, 0, 1, 1, 0, 3, 2, 2, 4, 0, 1, 1, 0, 2, 0, 1, 2, 2, 1, 4, 0, 3, 2, 1, 1, 2, 1, 3, 1, 1, 1, 3, 0, 4, 3, 1, 4, 1, 1, 0, 4, 4, 2, 1, 1, 3, 1, 3, 1, 1, 1, 1, 3, 1, 2, 2, 1, 1, 1, 1, 1, 2, 2, 3, 2, 1]|[0, 2, 1, 1, 3, 3, 0, 1, 0, 0, 0, 0, 1, 0, 1, 0, 0, 3, 1, 0, 0, 0, 3, 1, 0, 2, 0, 0, 0, 1, 0, 0, 0, 0, 3, 0, 1, 0, 0, 2, 1, 1, 2, 0, 0, 0, 0, 1, 1, 0, 0, 0, 1, 3, 0, 0, 1, 0, 0, 1, 0, 2, 0, 1, 0, 2, 1, 0, 0, 1, 1, 3, 1, 1, 3, 3, 1, 0, 0, 2, 0, 0, 0, 0, 1, 0, 2, 0, 1, 1, 0, 0, 0, 1, 1, 0, 0, 0, 0, 0],800.9728923351585,58117.763115372225,90558.04465999853,true
23,G1_CMAX,G1_CMAX,[31, 22, 82, 15, 26, 9, 42, 77, 12, 5, 47, 93, 78, 86, 54, 6, 63, 18, 44, 20, 35, 43, 97, 91, 76, 10, 30, 21, 45, 17, 23, 1, 71, 83, 24, 14, 60, 36, 85, 57, 40, 95, 88, 65, 56, 79, 94, 67, 68, 46, 75, 38, 58, 19, 32, 81, 41, 62, 87, 28, 90, 59, 11, 16, 72, 73, 69, 52, 37, 64, 84, 3, 25, 29, 55, 51, 7, 98, 61, 66, 99, 33, 89, 48, 50, 96, 53, 80, 4, 8, 27, 2, 39, 13, 0, 92, 49, 74, 34, 70]|[1, 1, 0, 1, 1, 1, 2, 2, 1, 2, 2, 1, 1, 1, 0, 0, 1, 0, 2, 2, 0, 1, 2, 2, 1, 2, 2, 0, 0, 1, 2, 1, 1, 0, 2, 0, 1, 1, 0, 1, 1, 1, 1, 0, 2, 1, 1, 0, 0, 0, 0, 1, 1, 2, 1, 2, 0, 0, 2, 0, 1, 2, 2, 1, 2, 1, 1, 1, 1, 1, 1, 2, 1, 0, 2, 0, 1, 2, 1, 0, 0, 2, 1, 0, 0, 2, 0, 0, 1, 1, 0, 0, 1, 0, 0, 0, 0, 2, 2, 1]|[0, 3, 1, 2, 0, 0, 1, 1, 4, 1, 1, 4, 4, 4, 2, 2, 4, 2, 1, 1, 1, 1, 2, 1, 2, 1, 1, 1, 1, 4, 0, 3, 3, 0, 1, 1, 0, 3, 2, 2, 2, 2, 0, 1, 1, 0, 4, 0, 1, 2, 2, 1, 4, 0, 3, 2, 1, 2, 1, 2, 3, 1, 1, 3, 0, 4, 4, 1, 4, 3, 1, 2, 4, 1, 1, 1, 1, 1, 3, 1, 1, 1, 1, 1, 1, 1, 2, 1, 4, 3, 2, 2, 1, 2, 2, 0, 1, 1, 1, 4]|[1, 1, 1, 1, 3, 3, 0, 0, 0, 0, 0, 2, 0, 1, 0, 0, 3, 1, 0, 0, 0, 3, 1, 0, 2, 0, 0, 0, 1, 3, 0, 0, 0, 0, 1, 0, 0, 2, 1, 1, 1, 1, 0, 0, 0, 0, 2, 1, 0, 0, 0, 1, 3, 0, 0, 1, 0, 1, 0, 1, 2, 0, 0, 2, 1, 0, 2, 1, 1, 0, 3, 1, 3, 0, 0, 0, 2, 0, 0, 0, 0, 0, 1, 0, 0, 0, 1, 0, 0, 2, 1, 0, 1, 0, 0, 1, 1, 0, 0, 2],733.3116759547878,58140.55643565909,96674.14109675489,false
23,G4_BALANCED,G4_BALANCED,[31, 11, 15, 82, 26, 9, 95, 32, 77, 68, 47, 5, 93, 78, 86, 54, 85, 63, 18, 44, 20, 49, 36, 14, 74, 50, 53, 17, 21, 45, 71, 64, 3, 23, 30, 83, 24, 41, 60, 52, 65, 27, 90, 70, 39, 87, 48, 69, 99, 4, 46, 1, 13, 58, 97, 59, 28, 75, 73, 37, 35, 79, 22, 66, 76, 42, 40, 80, 96, 6, 16, 61, 33, 7, 57, 34, 12, 67, 10, 98, 56, 88, 29, 94, 91, 51, 19, 92, 43, 84, 38, 72, 81, 8, 2, 55, 62, 89, 25, 0]|[2, 1, 1, 2, 1, 2, 1, 1, 1, 1, 1, 0, 2, 2, 1, 2, 0, 0, 0, 2, 2, 1, 0, 2, 0, 2, 2, 1, 0, 1, 1, 1, 0, 0, 1, 0, 2, 1, 2, 2, 0, 0, 1, 1, 0, 2, 0, 2, 1, 0, 0, 2, 0, 0, 2, 0, 1, 0, 0, 0, 2, 1, 0, 2, 2, 0, 2, 2, 0, 1, 2, 1, 1, 2, 0, 1, 1, 1, 1, 2, 2, 1, 1, 2, 1, 1, 1, 0, 1, 0, 0, 1, 1, 1, 2, 0, 1, 1, 1, 0]|[1, 3, 2, 0, 4, 1, 4, 4, 2, 4, 3, 2, 1, 0, 2, 1, 1, 1, 2, 1, 1, 3, 0, 1, 0, 1, 1, 4, 1, 4, 3, 2, 2, 0, 4, 1, 1, 4, 0, 1, 2, 1, 4, 4, 1, 1, 0, 2, 3, 1, 2, 1, 2, 1, 1, 2, 4, 2, 0, 2, 2, 3, 1, 0, 1, 2, 0, 1, 2, 4, 1, 3, 4, 1, 2, 4, 3, 3, 3, 1, 1, 4, 3, 1, 3, 3, 4, 2, 4, 2, 2, 4, 1, 3, 1, 2, 3, 4, 4, 2]|[1, 2, 1, 0, 3, 0, 1, 3, 0, 0, 2, 0, 1, 0, 1, 0, 0, 0, 1, 0, 0, 2, 0, 0, 1, 0, 0, 3, 0, 1, 0, 2, 0, 1, 3, 0, 1, 3, 1, 0, 0, 0, 1, 3, 0, 0, 1, 0, 2, 0, 0, 0, 0, 0, 1, 0, 1, 0, 1, 1, 0, 2, 0, 0, 0, 0, 0, 0, 0, 2, 0, 0, 1, 0, 0, 1, 0, 0, 3, 0, 0, 1, 0, 0, 0, 0, 3, 0, 2, 0, 0, 2, 1, 0, 0, 0, 0, 1, 3, 0],836.569815134707,52504.092339752446,107095.57005228325,false
23,G2_TEC,G2_TEC,[31, 22, 82, 15, 26, 9, 95, 42, 77, 68, 47, 5, 93, 78, 86, 54, 85, 63, 18, 44, 20, 49, 36, 14, 74, 50, 53, 17, 21, 28, 11, 64, 3, 23, 30, 83, 24, 41, 40, 52, 65, 27, 90, 70, 39, 87, 48, 69, 99, 4, 46, 1, 13, 58, 97, 59, 45, 8, 73, 37, 35, 79, 71, 66, 76, 32, 60, 80, 96, 6, 16, 61, 33, 7, 57, 34, 12, 67, 10, 98, 56, 88, 29, 75, 91, 38, 19, 92, 43, 84, 51, 72, 81, 25, 2, 55, 62, 89, 94, 0]|[2, 1, 2, 1, 1, 2, 1, 1, 1, 1, 1, 0, 2, 2, 1, 2, 0, 0, 0, 2, 2, 1, 0, 2, 0, 2, 2, 1, 0, 1, 1, 1, 0, 0, 1, 0, 2, 1, 2, 2, 0, 0, 1, 1, 0, 2, 0, 2, 1, 0, 0, 2, 0, 0, 2, 0, 1, 1, 0, 0, 2, 1, 1, 2, 2, 0, 2, 2, 0, 1, 2, 1, 1, 2, 0, 1, 1, 1, 1, 2, 2, 1, 1, 0, 1, 0, 1, 0, 1, 0, 1, 1, 1, 1, 2, 0, 1, 1, 2, 0]|[0, 3, 0, 3, 4, 1, 4, 4, 2, 4, 3, 2, 1, 0, 2, 1, 1, 1, 2, 1, 1, 3, 0, 1, 0, 1, 1, 4, 1, 4, 3, 2, 2, 0, 4, 1, 1, 4, 0, 1, 2, 1, 4, 4, 1, 1, 0, 2, 3, 2, 2, 1, 2, 1, 1, 2, 4, 3, 0, 2, 2, 3, 3, 0, 1, 2, 0, 1, 2, 4, 1, 3, 4, 1, 2, 4, 3, 3, 3, 1, 1, 4, 3, 2, 3, 2, 4, 2, 4, 2, 3, 4, 4, 4, 1, 2, 3, 4, 1, 2]|[0, 2, 0, 0, 3, 0, 1, 3, 0, 0, 2, 0, 1, 0, 1, 0, 0, 0, 1, 0, 0, 2, 0, 0, 1, 0, 0, 3, 0, 1, 0, 2, 0, 0, 3, 0, 1, 3, 0, 0, 0, 0, 1, 3, 0, 0, 1, 0, 2, 0, 0, 0, 0, 0, 1, 0, 1, 0, 1, 1, 0, 2, 0, 0, 0, 0, 0, 0, 0, 2, 0, 0, 1, 0, 0, 1, 0, 0, 3, 0, 0, 1, 0, 0, 0, 0, 1, 0, 2, 0, 0, 2, 1, 3, 0, 0, 0, 1, 0, 0],896.1029292898813,50428.13444364295,114595.46915086164,false
23,G3_TWC,G1_CMAX,[31, 22, 82, 15, 26, 9, 42, 95, 77, 12, 47, 5, 93, 78, 86, 54, 85, 63, 18, 44, 20, 35, 43, 97, 91, 76, 10, 30, 21, 45, 71, 64, 1, 23, 17, 83, 24, 14, 60, 36, 6, 57, 94, 88, 65, 56, 79, 40, 67, 68, 46, 75, 38, 58, 19, 32, 81, 41, 27, 62, 87, 90, 99, 59, 11, 16, 72, 73, 70, 39, 37, 84, 3, 92, 25, 55, 28, 29, 51, 7, 33, 61, 98, 66, 89, 50, 8, 96, 53, 4, 80, 13, 34, 49, 52, 0, 48, 69, 2, 74]|[1, 1, 0, 1, 1, 1, 2, 1, 2, 1, 2, 2, 2, 1, 1, 0, 0, 1, 0, 2, 2, 0, 1, 2, 0, 1, 2, 2, 0, 0, 1, 2, 1, 2, 1, 0, 2, 0, 1, 1, 0, 1, 1, 1, 0, 2, 1, 1, 0, 0, 0, 0, 1, 1, 2, 1, 2, 0, 0, 0, 2, 1, 0, 1, 2, 1, 2, 1, 1, 1, 1, 1, 1, 0, 1, 1, 0, 0, 0, 1, 2, 1, 0, 2, 1, 0, 1, 0, 0, 0, 0, 0, 2, 0, 1, 0, 0, 1, 0, 2]|[4, 3, 2, 2, 0, 0, 2, 2, 2, 4, 1, 1, 2, 4, 4, 1, 2, 4, 2, 1, 1, 1, 1, 2, 1, 2, 1, 1, 1, 1, 3, 2, 3, 0, 4, 0, 1, 1, 0, 3, 2, 2, 4, 0, 1, 1, 0, 2, 0, 1, 2, 2, 1, 4, 0, 3, 2, 1, 1, 2, 1, 3, 1, 1, 1, 3, 0, 4, 3, 1, 4, 1, 1, 0, 4, 4, 2, 1, 1, 3, 1, 3, 1, 1, 1, 1, 3, 1, 2, 2, 1, 1, 1, 1, 1, 2, 2, 3, 2, 1]|[0, 2, 1, 1, 3, 3, 0, 1, 0, 0, 0, 0, 1, 0, 1, 0, 0, 3, 1, 0, 0, 0, 3, 1, 0, 2, 0, 0, 0, 1, 0, 0, 0, 0, 3, 0, 1, 0, 0, 2, 1, 1, 2, 0, 0, 0, 0, 1, 1, 0, 0, 0, 1, 3, 0, 0, 1, 0, 0, 1, 0, 2, 0, 1, 0, 2, 1, 0, 0, 1, 1, 3, 1, 1, 3, 3, 1, 0, 0, 2, 0, 0, 0, 0, 1, 0, 2, 0, 1, 1, 0, 0, 0, 1, 1, 0, 0, 0, 0, 0],800.9728923351585,58117.763115372225,90558.04465999853,true
24,G1_CMAX,G1_CMAX,[31, 22, 82, 15, 26, 9, 42, 77, 12, 5, 47, 93, 78, 86, 54, 6, 63, 18, 44, 20, 35, 43, 97, 91, 76, 10, 30, 21, 45, 17, 23, 1, 71, 83, 24, 14, 60, 36, 85, 57, 40, 95, 88, 65, 56, 79, 94, 67, 68, 46, 75, 38, 58, 19, 32, 81, 41, 62, 87, 28, 90, 59, 11, 16, 72, 73, 69, 52, 37, 64, 84, 3, 25, 29, 55, 51, 7, 98, 61, 66, 99, 33, 89, 48, 50, 96, 53, 80, 4, 8, 27, 2, 39, 13, 0, 92, 49, 74, 34, 70]|[1, 1, 0, 1, 1, 1, 2, 2, 1, 2, 2, 1, 1, 1, 0, 0, 1, 0, 2, 2, 0, 1, 2, 2, 1, 2, 2, 0, 0, 1, 2, 1, 1, 0, 2, 0, 1, 1, 0, 1, 1, 1, 1, 0, 2, 1, 1, 0, 0, 0, 0, 1, 1, 2, 1, 2, 0, 0, 2, 0, 1, 2, 2, 1, 2, 1, 1, 1, 1, 1, 1, 2, 1, 0, 2, 0, 1, 2, 1, 0, 0, 2, 1, 0, 0, 2, 0, 0, 1, 1, 0, 0, 1, 0, 0, 0, 0, 2, 2, 1]|[0, 3, 1, 2, 0, 0, 1, 1, 4, 1, 1, 4, 4, 4, 2, 2, 4, 2, 1, 1, 1, 1, 2, 1, 2, 1, 1, 1, 1, 4, 0, 3, 3, 0, 1, 1, 0, 3, 2, 2, 2, 2, 0, 1, 1, 0, 4, 0, 1, 2, 2, 1, 4, 0, 3, 2, 1, 2, 1, 2, 3, 1, 1, 3, 0, 4, 4, 1, 4, 3, 1, 2, 4, 1, 1, 1, 1, 1, 3, 1, 1, 1, 1, 1, 1, 1, 2, 1, 4, 3, 2, 2, 1, 2, 2, 0, 1, 1, 1, 4]|[1, 1, 1, 1, 3, 3, 0, 0, 0, 0, 0, 2, 0, 1, 0, 0, 3, 1, 0, 0, 0, 3, 1, 0, 2, 0, 0, 0, 1, 3, 0, 0, 0, 0, 1, 0, 0, 2, 1, 1, 1, 1, 0, 0, 0, 0, 2, 1, 0, 0, 0, 1, 3, 0, 0, 1, 0, 1, 0, 1, 2, 0, 0, 2, 1, 0, 2, 1, 1, 0, 3, 1, 3, 0, 0, 0, 2, 0, 0, 0, 0, 0, 1, 0, 0, 0, 1, 0, 0, 2, 1, 0, 1, 0, 0, 1, 1, 0, 0, 2],733.3116759547878,58140.55643565909,96674.14109675489,false
24,G4_BALANCED,G4_BALANCED,[31, 11, 15, 82, 26, 9, 95, 32, 77, 68, 47, 5, 93, 78, 86, 54, 85, 63, 18, 44, 20, 49, 36, 14, 74, 50, 53, 17, 21, 45, 71, 64, 3, 23, 30, 83, 24, 41, 60, 52, 65, 27, 90, 70, 39, 87, 48, 69, 99, 4, 46, 1, 13, 58, 97, 59, 28, 75, 73, 37, 35, 79, 22, 66, 76, 42, 40, 80, 96, 6, 16, 61, 33, 7, 57, 34, 12, 67, 10, 98, 56, 88, 29, 94, 91, 51, 19, 92, 43, 84, 38, 72, 81, 8, 2, 55, 62, 89, 25, 0]|[2, 1, 1, 2, 1, 2, 1, 1, 1, 1, 1, 0, 2, 2, 1, 2, 0, 0, 0, 2, 2, 1, 0, 2, 0, 2, 2, 1, 0, 1, 1, 1, 0, 0, 1, 0, 2, 1, 2, 2, 0, 0, 1, 1, 0, 2, 0, 2, 1, 0, 0, 2, 0, 0, 2, 0, 1, 0, 0, 0, 2, 1, 0, 2, 2, 0, 2, 2, 0, 1, 2, 1, 1, 2, 0, 1, 1, 1, 1, 2, 2, 1, 1, 2, 1, 1, 1, 0, 1, 0, 0, 1, 1, 1, 2, 0, 1, 1, 1, 0]|[1, 3, 2, 0, 4, 1, 4, 4, 2, 4, 3, 2, 1, 0, 2, 1, 1, 1, 2, 1, 1, 3, 0, 1, 0, 1, 1, 4, 1, 4, 3, 2, 2, 0, 4, 1, 1, 4, 0, 1, 2, 1, 4, 4, 1, 1, 0, 2, 3, 1, 2, 1, 2, 1, 1, 2, 4, 2, 0, 2, 2, 3, 1, 0, 1, 2, 0, 1, 2, 4, 1, 3, 4, 1, 2, 4, 3, 3, 3, 1, 1, 4, 3, 1, 3, 3, 4, 2, 4, 2, 2, 4, 1, 3, 1, 2, 3, 4, 4, 2]|[1, 2, 1, 0, 3, 0, 1, 3, 0, 0, 2, 0, 1, 0, 1, 0, 0, 0, 1, 0, 0, 2, 0, 0, 1, 0, 0, 3, 0, 1, 0, 2, 0, 1, 3, 0, 1, 3, 1, 0, 0, 0, 1, 3, 0, 0, 1, 0, 2, 0, 0, 0, 0, 0, 1, 0, 1, 0, 1, 1, 0, 2, 0, 0, 0, 0, 0, 0, 0, 2, 0, 0, 1, 0, 0, 1, 0, 0, 3, 0, 0, 1, 0, 0, 0, 0, 3, 0, 2, 0, 0, 2, 1, 0, 0, 0, 0, 1, 3, 0],836.569815134707,52504.092339752446,107095.57005228325,false
24,G2_TEC,G2_TEC,[31, 22, 82, 15, 26, 9, 95, 42, 77, 68, 47, 5, 93, 78, 86, 54, 85, 63, 18, 44, 20, 49, 36, 14, 74, 50, 53, 17, 21, 28, 11, 64, 3, 23, 30, 83, 24, 41, 40, 52, 65, 27, 90, 70, 39, 87, 48, 69, 99, 4, 46, 1, 13, 58, 97, 59, 45, 8, 73, 37, 35, 79, 71, 66, 76, 32, 60, 80, 96, 6, 16, 61, 33, 7, 57, 34, 12, 67, 10, 98, 56, 88, 29, 75, 91, 38, 19, 92, 43, 84, 51, 72, 81, 25, 2, 55, 62, 89, 94, 0]|[2, 1, 2, 1, 1, 2, 1, 1, 1, 1, 1, 0, 2, 2, 1, 2, 0, 0, 0, 2, 2, 1, 0, 2, 0, 2, 2, 1, 0, 1, 1, 1, 0, 0, 1, 0, 2, 1, 2, 2, 0, 0, 1, 1, 0, 2, 0, 2, 1, 0, 0, 2, 0, 0, 2, 0, 1, 1, 0, 0, 2, 1, 1, 2, 2, 0, 2, 2, 0, 1, 2, 1, 1, 2, 0, 1, 1, 1, 1, 2, 2, 1, 1, 0, 1, 0, 1, 0, 1, 0, 1, 1, 1, 1, 2, 0, 1, 1, 2, 0]|[0, 3, 0, 3, 4, 1, 4, 4, 2, 4, 3, 2, 1, 0, 2, 1, 1, 1, 2, 1, 1, 3, 0, 1, 0, 1, 1, 4, 1, 4, 3, 2, 2, 0, 4, 1, 1, 4, 0, 1, 2, 1, 4, 4, 1, 1, 0, 2, 3, 2, 2, 1, 2, 1, 1, 2, 4, 3, 0, 2, 2, 3, 3, 0, 1, 2, 0, 1, 2, 4, 1, 3, 4, 1, 2, 4, 3, 3, 3, 1, 1, 4, 3, 2, 3, 2, 4, 2, 4, 2, 3, 4, 4, 4, 1, 2, 3, 4, 1, 2]|[0, 2, 0, 0, 3, 0, 1, 3, 0, 0, 2, 0, 1, 0, 1, 0, 0, 0, 1, 0, 0, 2, 0, 0, 1, 0, 0, 3, 0, 1, 0, 2, 0, 0, 3, 0, 1, 3, 0, 0, 0, 0, 1, 3, 0, 0, 1, 0, 2, 0, 0, 0, 0, 0, 1, 0, 1, 0, 1, 1, 0, 2, 0, 0, 0, 0, 0, 0, 0, 2, 0, 0, 1, 0, 0, 1, 0, 0, 3, 0, 0, 1, 0, 0, 0, 0, 1, 0, 2, 0, 0, 2, 1, 3, 0, 0, 0, 1, 0, 0],896.1029292898813,50428.13444364295,114595.46915086164,false
24,G3_TWC,G1_CMAX,[31, 22, 82, 15, 26, 9, 42, 95, 77, 12, 47, 5, 93, 78, 86, 54, 85, 63, 18, 44, 20, 35, 43, 97, 91, 76, 10, 30, 21, 45, 71, 64, 1, 23, 17, 83, 24, 14, 60, 36, 6, 57, 94, 88, 65, 56, 79, 40, 67, 68, 46, 75, 38, 58, 19, 32, 81, 41, 27, 62, 87, 90, 99, 59, 11, 16, 72, 73, 70, 39, 37, 84, 3, 92, 25, 55, 28, 29, 51, 7, 33, 61, 98, 66, 89, 50, 8, 96, 53, 4, 80, 13, 34, 49, 52, 0, 48, 69, 2, 74]|[1, 1, 0, 1, 1, 1, 2, 1, 2, 1, 2, 2, 2, 1, 1, 0, 0, 1, 0, 2, 2, 0, 1, 2, 0, 1, 2, 2, 0, 0, 1, 2, 1, 2, 1, 0, 2, 0, 1, 1, 0, 1, 1, 1, 0, 2, 1, 1, 0, 0, 0, 0, 1, 1, 2, 1, 2, 0, 0, 0, 2, 1, 0, 1, 2, 1, 2, 1, 1, 1, 1, 1, 1, 0, 1, 1, 0, 0, 0, 1, 2, 1, 0, 2, 1, 0, 1, 0, 0, 0, 0, 0, 2, 0, 1, 0, 0, 1, 0, 2]|[4, 3, 2, 2, 0, 0, 2, 2, 2, 4, 1, 1, 2, 4, 4, 1, 2, 4, 2, 1, 1, 1, 1, 2, 1, 2, 1, 1, 1, 1, 3, 2, 3, 0, 4, 0, 1, 1, 0, 3, 2, 2, 4, 0, 1, 1, 0, 2, 0, 1, 2, 2, 1, 4, 0, 3, 2, 1, 1, 2, 1, 3, 1, 1, 1, 3, 0, 4, 3, 1, 4, 1, 1, 0, 4, 4, 2, 1, 1, 3, 1, 3, 1, 1, 1, 1, 3, 1, 2, 2, 1, 1, 1, 1, 1, 2, 2, 3, 2, 1]|[0, 2, 1, 1, 3, 3, 0, 1, 0, 0, 0, 0, 1, 0, 1, 0, 0, 3, 1, 0, 0, 0, 3, 1, 0, 2, 0, 0, 0, 1, 0, 0, 0, 0, 3, 0, 1, 0, 0, 2, 1, 1, 2, 0, 0, 0, 0, 1, 1, 0, 0, 0, 1, 3, 0, 0, 1, 0, 0, 1, 0, 2, 0, 1, 0, 2, 1, 0, 0, 1, 1, 3, 1, 1, 3, 3, 1, 0, 0, 2, 0, 0, 0, 0, 1, 0, 2, 0, 1, 1, 0, 0, 0, 1, 1, 0, 0, 0, 0, 0],800.9728923351585,58117.763115372225,90558.04465999853,true
24,G1_CMAX,G1_CMAX,[31, 22, 82, 15, 26, 9, 42, 77, 12, 5, 47, 93, 78, 86, 54, 6, 63, 18, 44, 20, 35, 43, 97, 91, 76, 10, 30, 21, 45, 17, 23, 1, 71, 83, 24, 14, 60, 36, 85, 57, 40, 95, 88, 65, 56, 79, 94, 67, 68, 46, 75, 38, 58, 19, 32, 81, 41, 62, 87, 28, 90, 59, 11, 16, 72, 73, 69, 52, 37, 64, 84, 3, 25, 29, 55, 51, 7, 98, 61, 66, 99, 33, 89, 48, 50, 96, 53, 80, 4, 8, 27, 2, 39, 13, 0, 92, 49, 74, 34, 70]|[1, 1, 0, 1, 1, 1, 2, 2, 1, 2, 2, 1, 1, 1, 0, 0, 1, 0, 2, 2, 0, 1, 2, 2, 1, 2, 2, 0, 0, 1, 2, 1, 1, 0, 2, 0, 1, 1, 0, 1, 1, 1, 1, 0, 2, 1, 1, 0, 0, 0, 0, 1, 1, 2, 1, 2, 0, 0, 2, 0, 1, 2, 2, 1, 2, 1, 1, 1, 1, 1, 1, 2, 1, 0, 2, 0, 1, 2, 1, 0, 0, 2, 1, 0, 0, 2, 0, 0, 1, 1, 0, 0, 1, 0, 0, 0, 0, 2, 2, 1]|[0, 3, 1, 2, 0, 0, 1, 1, 4, 1, 1, 4, 4, 4, 2, 2, 4, 2, 1, 1, 1, 1, 2, 1, 2, 1, 1, 1, 1, 4, 0, 3, 3, 0, 1, 1, 0, 3, 2, 2, 2, 2, 0, 1, 1, 0, 4, 0, 1, 2, 2, 1, 4, 0, 3, 2, 1, 2, 1, 2, 3, 1, 1, 3, 0, 4, 4, 1, 4, 3, 1, 2, 4, 1, 1, 1, 1, 1, 3, 1, 1, 1, 1, 1, 1, 1, 2, 1, 4, 3, 2, 2, 1, 2, 2, 0, 1, 1, 1, 4]|[1, 1, 1, 1, 3, 3, 0, 0, 0, 0, 0, 2, 0, 1, 0, 0, 3, 1, 0, 0, 0, 3, 1, 0, 2, 0, 0, 0, 1, 3, 0, 0, 0, 0, 1, 0, 0, 2, 1, 1, 1, 1, 0, 0, 0, 0, 2, 1, 0, 0, 0, 1, 3, 0, 0, 1, 0, 1, 0, 1, 2, 0, 0, 2, 1, 0, 2, 1, 1, 0, 3, 1, 3, 0, 0, 0, 2, 0, 0, 0, 0, 0, 1, 0, 0, 0, 1, 0, 0, 2, 1, 0, 1, 0, 0, 1, 1, 0, 0, 2],733.3116759547878,58140.55643565909,96674.14109675489,false
24,G4_BALANCED,G4_BALANCED,[31, 11, 15, 82, 26, 9, 95, 32, 77, 68, 47, 5, 93, 78, 86, 54, 85, 63, 18, 44, 20, 49, 36, 14, 74, 50, 53, 17, 21, 45, 71, 64, 3, 23, 30, 83, 24, 41, 60, 52, 65, 27, 90, 70, 39, 87, 48, 69, 99, 4, 46, 1, 13, 58, 97, 59, 28, 75, 73, 37, 35, 79, 22, 66, 76, 42, 40, 80, 96, 6, 16, 61, 33, 7, 57, 34, 12, 67, 10, 98, 56, 88, 29, 94, 91, 51, 19, 92, 43, 84, 38, 72, 81, 8, 2, 55, 62, 89, 25, 0]|[2, 1, 1, 2, 1, 2, 1, 1, 1, 1, 1, 0, 2, 2, 1, 2, 0, 0, 0, 2, 2, 1, 0, 2, 0, 2, 2, 1, 0, 1, 1, 1, 0, 0, 1, 0, 2, 1, 2, 2, 0, 0, 1, 1, 0, 2, 0, 2, 1, 0, 0, 2, 0, 0, 2, 0, 1, 0, 0, 0, 2, 1, 0, 2, 2, 0, 2, 2, 0, 1, 2, 1, 1, 2, 0, 1, 1, 1, 1, 2, 2, 1, 1, 2, 1, 1, 1, 0, 1, 0, 0, 1, 1, 1, 2, 0, 1, 1, 1, 0]|[1, 3, 2, 0, 4, 1, 4, 4, 2, 4, 3, 2, 1, 0, 2, 1, 1, 1, 2, 1, 1, 3, 0, 1, 0, 1, 1, 4, 1, 4, 3, 2, 2, 0, 4, 1, 1, 4, 0, 1, 2, 1, 4, 4, 1, 1, 0, 2, 3, 1, 2, 1, 2, 1, 1, 2, 4, 2, 0, 2, 2, 3, 1, 0, 1, 2, 0, 1, 2, 4, 1, 3, 4, 1, 2, 4, 3, 3, 3, 1, 1, 4, 3, 1, 3, 3, 4, 2, 4, 2, 2, 4, 1, 3, 1, 2, 3, 4, 4, 2]|[1, 2, 1, 0, 3, 0, 1, 3, 0, 0, 2, 0, 1, 0, 1, 0, 0, 0, 1, 0, 0, 2, 0, 0, 1, 0, 0, 3, 0, 1, 0, 2, 0, 1, 3, 0, 1, 3, 1, 0, 0, 0, 1, 3, 0, 0, 1, 0, 2, 0, 0, 0, 0, 0, 1, 0, 1, 0, 1, 1, 0, 2, 0, 0, 0, 0, 0, 0, 0, 2, 0, 0, 1, 0, 0, 1, 0, 0, 3, 0, 0, 1, 0, 0, 0, 0, 3, 0, 2, 0, 0, 2, 1, 0, 0, 0, 0, 1, 3, 0],836.569815134707,52504.092339752446,107095.57005228325,false
24,G2_TEC,G2_TEC,[31, 22, 82, 15, 26, 9, 95, 42, 77, 68, 47, 5, 93, 78, 86, 54, 85, 63, 18, 44, 20, 49, 36, 14, 74, 50, 53, 17, 21, 28, 11, 64, 3, 23, 30, 83, 24, 41, 40, 52, 65, 27, 90, 70, 39, 87, 48, 69, 99, 4, 46, 1, 13, 58, 97, 59, 45, 8, 73, 37, 35, 79, 71, 66, 76, 32, 60, 80, 96, 6, 16, 61, 33, 7, 57, 34, 12, 67, 10, 98, 56, 88, 29, 75, 91, 38, 19, 92, 43, 84, 51, 72, 81, 25, 2, 55, 62, 89, 94, 0]|[2, 1, 2, 1, 1, 2, 1, 1, 1, 1, 1, 0, 2, 2, 1, 2, 0, 0, 0, 2, 2, 1, 0, 2, 0, 2, 2, 1, 0, 1, 1, 1, 0, 0, 1, 0, 2, 1, 2, 2, 0, 0, 1, 1, 0, 2, 0, 2, 1, 0, 0, 2, 0, 0, 2, 0, 1, 1, 0, 0, 2, 1, 1, 2, 2, 0, 2, 2, 0, 1, 2, 1, 1, 2, 0, 1, 1, 1, 1, 2, 2, 1, 1, 0, 1, 0, 1, 0, 1, 0, 1, 1, 1, 1, 2, 0, 1, 1, 2, 0]|[0, 3, 0, 3, 4, 1, 4, 4, 2, 4, 3, 2, 1, 0, 2, 1, 1, 1, 2, 1, 1, 3, 0, 1, 0, 1, 1, 4, 1, 4, 3, 2, 2, 0, 4, 1, 1, 4, 0, 1, 2, 1, 4, 4, 1, 1, 0, 2, 3, 2, 2, 1, 2, 1, 1, 2, 4, 3, 0, 2, 2, 3, 3, 0, 1, 2, 0, 1, 2, 4, 1, 3, 4, 1, 2, 4, 3, 3, 3, 1, 1, 4, 3, 2, 3, 2, 4, 2, 4, 2, 3, 4, 4, 4, 1, 2, 3, 4, 1, 2]|[0, 2, 0, 0, 3, 0, 1, 3, 0, 0, 2, 0, 1, 0, 1, 0, 0, 0, 1, 0, 0, 2, 0, 0, 1, 0, 0, 3, 0, 1, 0, 2, 0, 0, 3, 0, 1, 3, 0, 0, 0, 0, 1, 3, 0, 0, 1, 0, 2, 0, 0, 0, 0, 0, 1, 0, 1, 0, 1, 1, 0, 2, 0, 0, 0, 0, 0, 0, 0, 2, 0, 0, 1, 0, 0, 1, 0, 0, 3, 0, 0, 1, 0, 0, 0, 0, 1, 0, 2, 0, 0, 2, 1, 3, 0, 0, 0, 1, 0, 0],896.1029292898813,50428.13444364295,114595.46915086164,false
24,G3_TWC,G1_CMAX,[31, 22, 82, 15, 26, 9, 42, 95, 77, 12, 47, 5, 93, 78, 86, 54, 85, 63, 18, 44, 20, 35, 43, 97, 91, 76, 10, 30, 21, 45, 71, 64, 1, 23, 17, 83, 24, 14, 60, 36, 6, 57, 94, 88, 65, 56, 79, 40, 67, 68, 46, 75, 38, 58, 19, 32, 81, 41, 27, 62, 87, 90, 99, 59, 11, 16, 72, 73, 70, 39, 37, 84, 3, 92, 25, 55, 28, 29, 51, 7, 33, 61, 98, 66, 89, 50, 8, 96, 53, 4, 80, 13, 34, 49, 52, 0, 48, 69, 2, 74]|[1, 1, 0, 1, 1, 1, 2, 1, 2, 1, 2, 2, 2, 1, 1, 0, 0, 1, 0, 2, 2, 0, 1, 2, 0, 1, 2, 2, 0, 0, 1, 2, 1, 2, 1, 0, 2, 0, 1, 1, 0, 1, 1, 1, 0, 2, 1, 1, 0, 0, 0, 0, 1, 1, 2, 1, 2, 0, 0, 0, 2, 1, 0, 1, 2, 1, 2, 1, 1, 1, 1, 1, 1, 0, 1, 1, 0, 0, 0, 1, 2, 1, 0, 2, 1, 0, 1, 0, 0, 0, 0, 0, 2, 0, 1, 0, 0, 1, 0, 2]|[4, 3, 2, 2, 0, 0, 2, 2, 2, 4, 1, 1, 2, 4, 4, 1, 2, 4, 2, 1, 1, 1, 1, 2, 1, 2, 1, 1, 1, 1, 3, 2, 3, 0, 4, 0, 1, 1, 0, 3, 2, 2, 4, 0, 1, 1, 0, 2, 0, 1, 2, 2, 1, 4, 0, 3, 2, 1, 1, 2, 1, 3, 1, 1, 1, 3, 0, 4, 3, 1, 4, 1, 1, 0, 4, 4, 2, 1, 1, 3, 1, 3, 1, 1, 1, 1, 3, 1, 2, 2, 1, 1, 1, 1, 1, 2, 2, 3, 2, 1]|[0, 2, 1, 1, 3, 3, 0, 1, 0, 0, 0, 0, 1, 0, 1, 0, 0, 3, 1, 0, 0, 0, 3, 1, 0, 2, 0, 0, 0, 1, 0, 0, 0, 0, 3, 0, 1, 0, 0, 2, 1, 1, 2, 0, 0, 0, 0, 1, 1, 0, 0, 0, 1, 3, 0, 0, 1, 0, 0, 1, 0, 2, 0, 1, 0, 2, 1, 0, 0, 1, 1, 3, 1, 1, 3, 3, 1, 0, 0, 2, 0, 0, 0, 0, 1, 0, 2, 0, 1, 1, 0, 0, 0, 1, 1, 0, 0, 0, 0, 0],800.9728923351585,58117.763115372225,90558.04465999853,true
24,G1_CMAX,G1_CMAX,[31, 22, 82, 15, 26, 9, 42, 77, 12, 5, 47, 93, 78, 86, 54, 6, 63, 18, 44, 20, 35, 43, 97, 91, 76, 10, 30, 21, 45, 17, 23, 1, 71, 83, 24, 14, 60, 36, 85, 57, 40, 95, 88, 65, 56, 79, 94, 67, 68, 46, 75, 38, 58, 19, 32, 81, 41, 62, 87, 28, 90, 59, 11, 16, 72, 73, 69, 52, 37, 64, 84, 3, 25, 29, 55, 51, 7, 98, 61, 66, 99, 33, 89, 48, 50, 96, 53, 80, 4, 8, 27, 2, 39, 13, 0, 92, 49, 74, 34, 70]|[1, 1, 0, 1, 1, 1, 2, 2, 1, 2, 2, 1, 1, 1, 0, 0, 1, 0, 2, 2, 0, 1, 2, 2, 1, 2, 2, 0, 0, 1, 2, 1, 1, 0, 2, 0, 1, 1, 0, 1, 1, 1, 1, 0, 2, 1, 1, 0, 0, 0, 0, 1, 1, 2, 1, 2, 0, 0, 2, 0, 1, 2, 2, 1, 2, 1, 1, 1, 1, 1, 1, 2, 1, 0, 2, 0, 1, 2, 1, 0, 0, 2, 1, 0, 0, 2, 0, 0, 1, 1, 0, 0, 1, 0, 0, 0, 0, 2, 2, 1]|[0, 3, 1, 2, 0, 0, 1, 1, 4, 1, 1, 4, 4, 4, 2, 2, 4, 2, 1, 1, 1, 1, 2, 1, 2, 1, 1, 1, 1, 4, 0, 3, 3, 0, 1, 1, 0, 3, 2, 2, 2, 2, 0, 1, 1, 0, 4, 0, 1, 2, 2, 1, 4, 0, 3, 2, 1, 2, 1, 2, 3, 1, 1, 3, 0, 4, 4, 1, 4, 3, 1, 2, 4, 1, 1, 1, 1, 1, 3, 1, 1, 1, 1, 1, 1, 1, 2, 1, 4, 3, 2, 2, 1, 2, 2, 0, 1, 1, 1, 4]|[1, 1, 1, 1, 3, 3, 0, 0, 0, 0, 0, 2, 0, 1, 0, 0, 3, 1, 0, 0, 0, 3, 1, 0, 2, 0, 0, 0, 1, 3, 0, 0, 0, 0, 1, 0, 0, 2, 1, 1, 1, 1, 0, 0, 0, 0, 2, 1, 0, 0, 0, 1, 3, 0, 0, 1, 0, 1, 0, 1, 2, 0, 0, 2, 1, 0, 2, 1, 1, 0, 3, 1, 3, 0, 0, 0, 2, 0, 0, 0, 0, 0, 1, 0, 0, 0, 1, 0, 0, 2, 1, 0, 1, 0, 0, 1, 1, 0, 0, 2],733.3116759547878,58140.55643565909,96674.14109675489,false
24,G4_BALANCED,G4_BALANCED,[31, 11, 15, 82, 26, 9, 95, 32, 77, 68, 47, 5, 93, 78, 86, 54, 85, 63, 18, 44, 20, 49, 36, 14, 74, 50, 53, 17, 21, 45, 71, 64, 3, 23, 30, 83, 24, 41, 60, 52, 65, 27, 90, 70, 39, 87, 48, 69, 99, 4, 46, 1, 13, 58, 97, 59, 28, 75, 73, 37, 35, 79, 22, 66, 76, 42, 40, 80, 96, 6, 16, 61, 33, 7, 57, 34, 12, 67, 10, 98, 56, 88, 29, 94, 91, 51, 19, 92, 43, 84, 38, 72, 81, 8, 2, 55, 62, 89, 25, 0]|[2, 1, 1, 2, 1, 2, 1, 1, 1, 1, 1, 0, 2, 2, 1, 2, 0, 0, 0, 2, 2, 1, 0, 2, 0, 2, 2, 1, 0, 1, 1, 1, 0, 0, 1, 0, 2, 1, 2, 2, 0, 0, 1, 1, 0, 2, 0, 2, 1, 0, 0, 2, 0, 0, 2, 0, 1, 0, 0, 0, 2, 1, 0, 2, 2, 0, 2, 2, 0, 1, 2, 1, 1, 2, 0, 1, 1, 1, 1, 2, 2, 1, 1, 2, 1, 1, 1, 0, 1, 0, 0, 1, 1, 1, 2, 0, 1, 1, 1, 0]|[1, 3, 2, 0, 4, 1, 4, 4, 2, 4, 3, 2, 1, 0, 2, 1, 1, 1, 2, 1, 1, 3, 0, 1, 0, 1, 1, 4, 1, 4, 3, 2, 2, 0, 4, 1, 1, 4, 0, 1, 2, 1, 4, 4, 1, 1, 0, 2, 3, 1, 2, 1, 2, 1, 1, 2, 4, 2, 0, 2, 2, 3, 1, 0, 1, 2, 0, 1, 2, 4, 1, 3, 4, 1, 2, 4, 3, 3, 3, 1, 1, 4, 3, 1, 3, 3, 4, 2, 4, 2, 2, 4, 1, 3, 1, 2, 3, 4, 4, 2]|[1, 2, 1, 0, 3, 0, 1, 3, 0, 0, 2, 0, 1, 0, 1, 0, 0, 0, 1, 0, 0, 2, 0, 0, 1, 0, 0, 3, 0, 1, 0, 2, 0, 1, 3, 0, 1, 3, 1, 0, 0, 0, 1, 3, 0, 0, 1, 0, 2, 0, 0, 0, 0, 0, 1, 0, 1, 0, 1, 1, 0, 2, 0, 0, 0, 0, 0, 0, 0, 2, 0, 0, 1, 0, 0, 1, 0, 0, 3, 0, 0, 1, 0, 0, 0, 0, 3, 0, 2, 0, 0, 2, 1, 0, 0, 0, 0, 1, 3, 0],836.569815134707,52504.092339752446,107095.57005228325,false
24,G2_TEC,G2_TEC,[31, 22, 82, 15, 26, 9, 95, 42, 77, 68, 47, 5, 93, 78, 86, 54, 85, 63, 18, 44, 20, 49, 36, 14, 74, 50, 53, 17, 21, 28, 11, 64, 3, 23, 30, 83, 24, 41, 40, 52, 65, 27, 90, 70, 39, 87, 48, 69, 99, 4, 46, 1, 13, 58, 97, 59, 45, 8, 73, 37, 35, 79, 71, 66, 76, 32, 60, 80, 96, 6, 16, 61, 33, 7, 57, 34, 12, 67, 10, 98, 56, 88, 29, 75, 91, 38, 19, 92, 43, 84, 51, 72, 81, 25, 2, 55, 62, 89, 94, 0]|[2, 1, 2, 1, 1, 2, 1, 1, 1, 1, 1, 0, 2, 2, 1, 2, 0, 0, 0, 2, 2, 1, 0, 2, 0, 2, 2, 1, 0, 1, 1, 1, 0, 0, 1, 0, 2, 1, 2, 2, 0, 0, 1, 1, 0, 2, 0, 2, 1, 0, 0, 2, 0, 0, 2, 0, 1, 1, 0, 0, 2, 1, 1, 2, 2, 0, 2, 2, 0, 1, 2, 1, 1, 2, 0, 1, 1, 1, 1, 2, 2, 1, 1, 0, 1, 0, 1, 0, 1, 0, 1, 1, 1, 1, 2, 0, 1, 1, 2, 0]|[0, 3, 0, 3, 4, 1, 4, 4, 2, 4, 3, 2, 1, 0, 2, 1, 1, 1, 2, 1, 1, 3, 0, 1, 0, 1, 1, 4, 1, 4, 3, 2, 2, 0, 4, 1, 1, 4, 0, 1, 2, 1, 4, 4, 1, 1, 0, 2, 3, 2, 2, 1, 2, 1, 1, 2, 4, 3, 0, 2, 2, 3, 3, 0, 1, 2, 0, 1, 2, 4, 1, 3, 4, 1, 2, 4, 3, 3, 3, 1, 1, 4, 3, 2, 3, 2, 4, 2, 4, 2, 3, 4, 4, 4, 1, 2, 3, 4, 1, 2]|[0, 2, 0, 0, 3, 0, 1, 3, 0, 0, 2, 0, 1, 0, 1, 0, 0, 0, 1, 0, 0, 2, 0, 0, 1, 0, 0, 3, 0, 1, 0, 2, 0, 0, 3, 0, 1, 3, 0, 0, 0, 0, 1, 3, 0, 0, 1, 0, 2, 0, 0, 0, 0, 0, 1, 0, 1, 0, 1, 1, 0, 2, 0, 0, 0, 0, 0, 0, 0, 2, 0, 0, 1, 0, 0, 1, 0, 0, 3, 0, 0, 1, 0, 0, 0, 0, 1, 0, 2, 0, 0, 2, 1, 3, 0, 0, 0, 1, 0, 0],896.1029292898813,50428.13444364295,114595.46915086164,false
24,G3_TWC,G1_CMAX,[31, 22, 82, 15, 26, 9, 42, 95, 77, 12, 47, 5, 93, 78, 86, 54, 85, 63, 18, 44, 20, 35, 43, 97, 91, 76, 10, 30, 21, 45, 71, 64, 1, 23, 17, 83, 24, 14, 60, 36, 6, 57, 94, 88, 65, 56, 79, 40, 67, 68, 46, 75, 38, 58, 19, 32, 81, 41, 27, 62, 87, 90, 99, 59, 11, 16, 72, 73, 70, 39, 37, 84, 3, 92, 25, 55, 28, 29, 51, 7, 33, 61, 98, 66, 89, 50, 8, 96, 53, 4, 80, 13, 34, 49, 52, 0, 48, 69, 2, 74]|[1, 1, 0, 1, 1, 1, 2, 1, 2, 1, 2, 2, 2, 1, 1, 0, 0, 1, 0, 2, 2, 0, 1, 2, 0, 1, 2, 2, 0, 0, 1, 2, 1, 2, 1, 0, 2, 0, 1, 1, 0, 1, 1, 1, 0, 2, 1, 1, 0, 0, 0, 0, 1, 1, 2, 1, 2, 0, 0, 0, 2, 1, 0, 1, 2, 1, 2, 1, 1, 1, 1, 1, 1, 0, 1, 1, 0, 0, 0, 1, 2, 1, 0, 2, 1, 0, 1, 0, 0, 0, 0, 0, 2, 0, 1, 0, 0, 1, 0, 2]|[4, 3, 2, 2, 0, 0, 2, 2, 2, 4, 1, 1, 2, 4, 4, 1, 2, 4, 2, 1, 1, 1, 1, 2, 1, 2, 1, 1, 1, 1, 3, 2, 3, 0, 4, 0, 1, 1, 0, 3, 2, 2, 4, 0, 1, 1, 0, 2, 0, 1, 2, 2, 1, 4, 0, 3, 2, 1, 1, 2, 1, 3, 1, 1, 1, 3, 0, 4, 3, 1, 4, 1, 1, 0, 4, 4, 2, 1, 1, 3, 1, 3, 1, 1, 1, 1, 3, 1, 2, 2, 1, 1, 1, 1, 1, 2, 2, 3, 2, 1]|[0, 2, 1, 1, 3, 3, 0, 1, 0, 0, 0, 0, 1, 0, 1, 0, 0, 3, 1, 0, 0, 0, 3, 1, 0, 2, 0, 0, 0, 1, 0, 0, 0, 0, 3, 0, 1, 0, 0, 2, 1, 1, 2, 0, 0, 0, 0, 1, 1, 0, 0, 0, 1, 3, 0, 0, 1, 0, 0, 1, 0, 2, 0, 1, 0, 2, 1, 0, 0, 1, 1, 3, 1, 1, 3, 3, 1, 0, 0, 2, 0, 0, 0, 0, 1, 0, 2, 0, 1, 1, 0, 0, 0, 1, 1, 0, 0, 0, 0, 0],800.9728923351585,58117.763115372225,90558.04465999853,true
24,G1_CMAX,G1_CMAX,[31, 22, 82, 15, 26, 9, 42, 77, 12, 5, 47, 93, 78, 86, 54, 6, 63, 18, 44, 20, 35, 43, 97, 91, 76, 10, 30, 21, 45, 17, 23, 1, 71, 83, 24, 14, 60, 36, 85, 57, 40, 95, 88, 65, 56, 79, 94, 67, 68, 46, 75, 38, 58, 19, 32, 81, 41, 62, 87, 28, 90, 59, 11, 16, 72, 73, 69, 52, 37, 64, 84, 3, 25, 29, 55, 51, 7, 98, 61, 66, 99, 33, 89, 48, 50, 96, 53, 80, 4, 8, 27, 2, 39, 13, 0, 92, 49, 74, 34, 70]|[1, 1, 0, 1, 1, 1, 2, 2, 1, 2, 2, 1, 1, 1, 0, 0, 1, 0, 2, 2, 0, 1, 2, 2, 1, 2, 2, 0, 0, 1, 2, 1, 1, 0, 2, 0, 1, 1, 0, 1, 1, 1, 1, 0, 2, 1, 1, 0, 0, 0, 0, 1, 1, 2, 1, 2, 0, 0, 2, 0, 1, 2, 2, 1, 2, 1, 1, 1, 1, 1, 1, 2, 1, 0, 2, 0, 1, 2, 1, 0, 0, 2, 1, 0, 0, 2, 0, 0, 1, 1, 0, 0, 1, 0, 0, 0, 0, 2, 2, 1]|[0, 3, 1, 2, 0, 0, 1, 1, 4, 1, 1, 4, 4, 4, 2, 2, 4, 2, 1, 1, 1, 1, 2, 1, 2, 1, 1, 1, 1, 4, 0, 3, 3, 0, 1, 1, 0, 3, 2, 2, 2, 2, 0, 1, 1, 0, 4, 0, 1, 2, 2, 1, 4, 0, 3, 2, 1, 2, 1, 2, 3, 1, 1, 3, 0, 4, 4, 1, 4, 3, 1, 2, 4, 1, 1, 1, 1, 1, 3, 1, 1, 1, 1, 1, 1, 1, 2, 1, 4, 3, 2, 2, 1, 2, 2, 0, 1, 1, 1, 4]|[1, 1, 1, 1, 3, 3, 0, 0, 0, 0, 0, 2, 0, 1, 0, 0, 3, 1, 0, 0, 0, 3, 1, 0, 2, 0, 0, 0, 1, 3, 0, 0, 0, 0, 1, 0, 0, 2, 1, 1, 1, 1, 0, 0, 0, 0, 2, 1, 0, 0, 0, 1, 3, 0, 0, 1, 0, 1, 0, 1, 2, 0, 0, 2, 1, 0, 2, 1, 1, 0, 3, 1, 3, 0, 0, 0, 2, 0, 0, 0, 0, 0, 1, 0, 0, 0, 1, 0, 0, 2, 1, 0, 1, 0, 0, 1, 1, 0, 0, 2],733.3116759547878,58140.55643565909,96674.14109675489,false
24,G4_BALANCED,G4_BALANCED,[31, 11, 15, 82, 26, 9, 95, 32, 77, 68, 47, 5, 93, 78, 86, 54, 85, 63, 18, 44, 20, 49, 36, 14, 74, 50, 53, 17, 21, 45, 71, 64, 3, 23, 30, 83, 24, 41, 60, 52, 65, 27, 90, 70, 39, 87, 48, 69, 99, 4, 46, 1, 13, 58, 97, 59, 28, 75, 73, 37, 35, 79, 22, 66, 76, 42, 40, 80, 96, 6, 16, 61, 33, 7, 57, 34, 12, 67, 10, 98, 56, 88, 29, 94, 91, 51, 19, 92, 43, 84, 38, 72, 81, 8, 2, 55, 62, 89, 25, 0]|[2, 1, 1, 2, 1, 2, 1, 1, 1, 1, 1, 0, 2, 2, 1, 2, 0, 0, 0, 2, 2, 1, 0, 2, 0, 2, 2, 1, 0, 1, 1, 1, 0, 0, 1, 0, 2, 1, 2, 2, 0, 0, 1, 1, 0, 2, 0, 2, 1, 0, 0, 2, 0, 0, 2, 0, 1, 0, 0, 0, 2, 1, 0, 2, 2, 0, 2, 2, 0, 1, 2, 1, 1, 2, 0, 1, 1, 1, 1, 2, 2, 1, 1, 2, 1, 1, 1, 0, 1, 0, 0, 1, 1, 1, 2, 0, 1, 1, 1, 0]|[1, 3, 2, 0, 4, 1, 4, 4, 2, 4, 3, 2, 1, 0, 2, 1, 1, 1, 2, 1, 1, 3, 0, 1, 0, 1, 1, 4, 1, 4, 3, 2, 2, 0, 4, 1, 1, 4, 0, 1, 2, 1, 4, 4, 1, 1, 0, 2, 3, 1, 2, 1, 2, 1, 1, 2, 4, 2, 0, 2, 2, 3, 1, 0, 1, 2, 0, 1, 2, 4, 1, 3, 4, 1, 2, 4, 3, 3, 3, 1, 1, 4, 3, 1, 3, 3, 4, 2, 4, 2, 2, 4, 1, 3, 1, 2, 3, 4, 4, 2]|[1, 2, 1, 0, 3, 0, 1, 3, 0, 0, 2, 0, 1, 0, 1, 0, 0, 0, 1, 0, 0, 2, 0, 0, 1, 0, 0, 3, 0, 1, 0, 2, 0, 1, 3, 0, 1, 3, 1, 0, 0, 0, 1, 3, 0, 0, 1, 0, 2, 0, 0, 0, 0, 0, 1, 0, 1, 0, 1, 1, 0, 2, 0, 0, 0, 0, 0, 0, 0, 2, 0, 0, 1, 0, 0, 1, 0, 0, 3, 0, 0, 1, 0, 0, 0, 0, 3, 0, 2, 0, 0, 2, 1, 0, 0, 0, 0, 1, 3, 0],836.569815134707,52504.092339752446,107095.57005228325,false
24,G2_TEC,G2_TEC,[31, 22, 82, 15, 26, 9, 95, 42, 77, 68, 47, 5, 93, 78, 86, 54, 85, 63, 18, 44, 20, 49, 36, 14, 74, 50, 53, 17, 21, 28, 11, 64, 3, 23, 30, 83, 24, 41, 40, 52, 65, 27, 90, 70, 39, 87, 48, 69, 99, 4, 46, 1, 13, 58, 97, 59, 45, 8, 73, 37, 35, 79, 71, 66, 76, 32, 60, 80, 96, 6, 16, 61, 33, 7, 57, 34, 12, 67, 10, 98, 56, 88, 29, 75, 91, 38, 19, 92, 43, 84, 51, 72, 81, 25, 2, 55, 62, 89, 94, 0]|[2, 1, 2, 1, 1, 2, 1, 1, 1, 1, 1, 0, 2, 2, 1, 2, 0, 0, 0, 2, 2, 1, 0, 2, 0, 2, 2, 1, 0, 1, 1, 1, 0, 0, 1, 0, 2, 1, 2, 2, 0, 0, 1, 1, 0, 2, 0, 2, 1, 0, 0, 2, 0, 0, 2, 0, 1, 1, 0, 0, 2, 1, 1, 2, 2, 0, 2, 2, 0, 1, 2, 1, 1, 2, 0, 1, 1, 1, 1, 2, 2, 1, 1, 0, 1, 0, 1, 0, 1, 0, 1, 1, 1, 1, 2, 0, 1, 1, 2, 0]|[0, 3, 0, 3, 4, 1, 4, 4, 2, 4, 3, 2, 1, 0, 2, 1, 1, 1, 2, 1, 1, 3, 0, 1, 0, 1, 1, 4, 1, 4, 3, 2, 2, 0, 4, 1, 1, 4, 0, 1, 2, 1, 4, 4, 1, 1, 0, 2, 3, 2, 2, 1, 2, 1, 1, 2, 4, 3, 0, 2, 2, 3, 3, 0, 1, 2, 0, 1, 2, 4, 1, 3, 4, 1, 2, 4, 3, 3, 3, 1, 1, 4, 3, 2, 3, 2, 4, 2, 4, 2, 3, 4, 4, 4, 1, 2, 3, 4, 1, 2]|[0, 2, 0, 0, 3, 0, 1, 3, 0, 0, 2, 0, 1, 0, 1, 0, 0, 0, 1, 0, 0, 2, 0, 0, 1, 0, 0, 3, 0, 1, 0, 2, 0, 0, 3, 0, 1, 3, 0, 0, 0, 0, 1, 3, 0, 0, 1, 0, 2, 0, 0, 0, 0, 0, 1, 0, 1, 0, 1, 1, 0, 2, 0, 0, 0, 0, 0, 0, 0, 2, 0, 0, 1, 0, 0, 1, 0, 0, 3, 0, 0, 1, 0, 0, 0, 0, 1, 0, 2, 0, 0, 2, 1, 3, 0, 0, 0, 1, 0, 0],896.1029292898813,50428.13444364295,114595.46915086164,false
24,G3_TWC,G1_CMAX,[31, 22, 82, 15, 26, 9, 42, 95, 77, 12, 47, 5, 93, 78, 86, 54, 85, 63, 18, 44, 20, 35, 43, 97, 91, 76, 10, 30, 21, 45, 71, 64, 1, 23, 17, 83, 24, 14, 60, 36, 6, 57, 94, 88, 65, 56, 79, 40, 67, 68, 46, 75, 38, 58, 19, 32, 81, 41, 27, 62, 87, 90, 99, 59, 11, 16, 72, 73, 70, 39, 37, 84, 3, 92, 25, 55, 28, 29, 51, 7, 33, 61, 98, 66, 89, 50, 8, 96, 53, 4, 80, 13, 34, 49, 52, 0, 48, 69, 2, 74]|[1, 1, 0, 1, 1, 1, 2, 1, 2, 1, 2, 2, 2, 1, 1, 0, 0, 1, 0, 2, 2, 0, 1, 2, 0, 1, 2, 2, 0, 0, 1, 2, 1, 2, 1, 0, 2, 0, 1, 1, 0, 1, 1, 1, 0, 2, 1, 1, 0, 0, 0, 0, 1, 1, 2, 1, 2, 0, 0, 0, 2, 1, 0, 1, 2, 1, 2, 1, 1, 1, 1, 1, 1, 0, 1, 1, 0, 0, 0, 1, 2, 1, 0, 2, 1, 0, 1, 0, 0, 0, 0, 0, 2, 0, 1, 0, 0, 1, 0, 2]|[4, 3, 2, 2, 0, 0, 2, 2, 2, 4, 1, 1, 2, 4, 4, 1, 2, 4, 2, 1, 1, 1, 1, 2, 1, 2, 1, 1, 1, 1, 3, 2, 3, 0, 4, 0, 1, 1, 0, 3, 2, 2, 4, 0, 1, 1, 0, 2, 0, 1, 2, 2, 1, 4, 0, 3, 2, 1, 1, 2, 1, 3, 1, 1, 1, 3, 0, 4, 3, 1, 4, 1, 1, 0, 4, 4, 2, 1, 1, 3, 1, 3, 1, 1, 1, 1, 3, 1, 2, 2, 1, 1, 1, 1, 1, 2, 2, 3, 2, 1]|[0, 2, 1, 1, 3, 3, 0, 1, 0, 0, 0, 0, 1, 0, 1, 0, 0, 3, 1, 0, 0, 0, 3, 1, 0, 2, 0, 0, 0, 1, 0, 0, 0, 0, 3, 0, 1, 0, 0, 2, 1, 1, 2, 0, 0, 0, 0, 1, 1, 0, 0, 0, 1, 3, 0, 0, 1, 0, 0, 1, 0, 2, 0, 1, 0, 2, 1, 0, 0, 1, 1, 3, 1, 1, 3, 3, 1, 0, 0, 2, 0, 0, 0, 0, 1, 0, 2, 0, 1, 1, 0, 0, 0, 1, 1, 0, 0, 0, 0, 0],800.9728923351585,58117.763115372225,90558.04465999853,true
24,G1_CMAX,G1_CMAX,[31, 22, 82, 15, 26, 9, 42, 77, 12, 5, 47, 93, 78, 86, 54, 6, 63, 18, 44, 20, 35, 43, 97, 91, 76, 10, 30, 21, 45, 17, 23, 1, 71, 83, 24, 14, 60, 36, 85, 57, 40, 95, 88, 65, 56, 79, 94, 67, 68, 46, 75, 38, 58, 19, 32, 81, 41, 62, 87, 28, 90, 59, 11, 16, 72, 73, 69, 52, 37, 64, 84, 3, 25, 29, 55, 51, 7, 98, 61, 66, 99, 33, 89, 48, 50, 96, 53, 80, 4, 8, 27, 2, 39, 13, 0, 92, 49, 74, 34, 70]|[1, 1, 0, 1, 1, 1, 2, 2, 1, 2, 2, 1, 1, 1, 0, 0, 1, 0, 2, 2, 0, 1, 2, 2, 1, 2, 2, 0, 0, 1, 2, 1, 1, 0, 2, 0, 1, 1, 0, 1, 1, 1, 1, 0, 2, 1, 1, 0, 0, 0, 0, 1, 1, 2, 1, 2, 0, 0, 2, 0, 1, 2, 2, 1, 2, 1, 1, 1, 1, 1, 1, 2, 1, 0, 2, 0, 1, 2, 1, 0, 0, 2, 1, 0, 0, 2, 0, 0, 1, 1, 0, 0, 1, 0, 0, 0, 0, 2, 2, 1]|[0, 3, 1, 2, 0, 0, 1, 1, 4, 1, 1, 4, 4, 4, 2, 2, 4, 2, 1, 1, 1, 1, 2, 1, 2, 1, 1, 1, 1, 4, 0, 3, 3, 0, 1, 1, 0, 3, 2, 2, 2, 2, 0, 1, 1, 0, 4, 0, 1, 2, 2, 1, 4, 0, 3, 2, 1, 2, 1, 2, 3, 1, 1, 3, 0, 4, 4, 1, 4, 3, 1, 2, 4, 1, 1, 1, 1, 1, 3, 1, 1, 1, 1, 1, 1, 1, 2, 1, 4, 3, 2, 2, 1, 2, 2, 0, 1, 1, 1, 4]|[1, 1, 1, 1, 3, 3, 0, 0, 0, 0, 0, 2, 0, 1, 0, 0, 3, 1, 0, 0, 0, 3, 1, 0, 2, 0, 0, 0, 1, 3, 0, 0, 0, 0, 1, 0, 0, 2, 1, 1, 1, 1, 0, 0, 0, 0, 2, 1, 0, 0, 0, 1, 3, 0, 0, 1, 0, 1, 0, 1, 2, 0, 0, 2, 1, 0, 2, 1, 1, 0, 3, 1, 3, 0, 0, 0, 2, 0, 0, 0, 0, 0, 1, 0, 0, 0, 1, 0, 0, 2, 1, 0, 1, 0, 0, 1, 1, 0, 0, 2],733.3116759547878,58140.55643565909,96674.14109675489,false
24,G4_BALANCED,G4_BALANCED,[31, 11, 15, 82, 26, 9, 95, 32, 77, 68, 47, 5, 93, 78, 86, 54, 85, 63, 18, 44, 20, 49, 36, 14, 74, 50, 53, 17, 21, 45, 71, 64, 3, 23, 30, 83, 24, 41, 60, 52, 65, 27, 90, 70, 39, 87, 48, 69, 99, 4, 46, 1, 13, 58, 97, 59, 28, 75, 73, 37, 35, 79, 22, 66, 76, 42, 40, 80, 96, 6, 16, 61, 33, 7, 57, 34, 12, 67, 10, 98, 56, 88, 29, 94, 91, 51, 19, 92, 43, 84, 38, 72, 81, 8, 2, 55, 62, 89, 25, 0]|[2, 1, 1, 2, 1, 2, 1, 1, 1, 1, 1, 0, 2, 2, 1, 2, 0, 0, 0, 2, 2, 1, 0, 2, 0, 2, 2, 1, 0, 1, 1, 1, 0, 0, 1, 0, 2, 1, 2, 2, 0, 0, 1, 1, 0, 2, 0, 2, 1, 0, 0, 2, 0, 0, 2, 0, 1, 0, 0, 0, 2, 1, 0, 2, 2, 0, 2, 2, 0, 1, 2, 1, 1, 2, 0, 1, 1, 1, 1, 2, 2, 1, 1, 2, 1, 1, 1, 0, 1, 0, 0, 1, 1, 1, 2, 0, 1, 1, 1, 0]|[1, 3, 2, 0, 4, 1, 4, 4, 2, 4, 3, 2, 1, 0, 2, 1, 1, 1, 2, 1, 1, 3, 0, 1, 0, 1, 1, 4, 1, 4, 3, 2, 2, 0, 4, 1, 1, 4, 0, 1, 2, 1, 4, 4, 1, 1, 0, 2, 3, 1, 2, 1, 2, 1, 1, 2, 4, 2, 0, 2, 2, 3, 1, 0, 1, 2, 0, 1, 2, 4, 1, 3, 4, 1, 2, 4, 3, 3, 3, 1, 1, 4, 3, 1, 3, 3, 4, 2, 4, 2, 2, 4, 1, 3, 1, 2, 3, 4, 4, 2]|[1, 2, 1, 0, 3, 0, 1, 3, 0, 0, 2, 0, 1, 0, 1, 0, 0, 0, 1, 0, 0, 2, 0, 0, 1, 0, 0, 3, 0, 1, 0, 2, 0, 1, 3, 0, 1, 3, 1, 0, 0, 0, 1, 3, 0, 0, 1, 0, 2, 0, 0, 0, 0, 0, 1, 0, 1, 0, 1, 1, 0, 2, 0, 0, 0, 0, 0, 0, 0, 2, 0, 0, 1, 0, 0, 1, 0, 0, 3, 0, 0, 1, 0, 0, 0, 0, 3, 0, 2, 0, 0, 2, 1, 0, 0, 0, 0, 1, 3, 0],836.569815134707,52504.092339752446,107095.57005228325,false
24,G2_TEC,G2_TEC,[31, 22, 82, 15, 26, 9, 95, 42, 77, 68, 47, 5, 93, 78, 86, 54, 85, 63, 18, 44, 20, 49, 36, 14, 74, 50, 53, 17, 21, 28, 11, 64, 3, 23, 30, 83, 24, 41, 40, 52, 65, 27, 90, 70, 39, 87, 48, 69, 99, 4, 46, 1, 13, 58, 97, 59, 45, 8, 73, 37, 35, 79, 71, 66, 76, 32, 60, 80, 96, 6, 16, 61, 33, 7, 57, 34, 12, 67, 10, 98, 56, 88, 29, 75, 91, 38, 19, 92, 43, 84, 51, 72, 81, 25, 2, 55, 62, 89, 94, 0]|[2, 1, 2, 1, 1, 2, 1, 1, 1, 1, 1, 0, 2, 2, 1, 2, 0, 0, 0, 2, 2, 1, 0, 2, 0, 2, 2, 1, 0, 1, 1, 1, 0, 0, 1, 0, 2, 1, 2, 2, 0, 0, 1, 1, 0, 2, 0, 2, 1, 0, 0, 2, 0, 0, 2, 0, 1, 1, 0, 0, 2, 1, 1, 2, 2, 0, 2, 2, 0, 1, 2, 1, 1, 2, 0, 1, 1, 1, 1, 2, 2, 1, 1, 0, 1, 0, 1, 0, 1, 0, 1, 1, 1, 1, 2, 0, 1, 1, 2, 0]|[0, 3, 0, 3, 4, 1, 4, 4, 2, 4, 3, 2, 1, 0, 2, 1, 1, 1, 2, 1, 1, 3, 0, 1, 0, 1, 1, 4, 1, 4, 3, 2, 2, 0, 4, 1, 1, 4, 0, 1, 2, 1, 4, 4, 1, 1, 0, 2, 3, 2, 2, 1, 2, 1, 1, 2, 4, 3, 0, 2, 2, 3, 3, 0, 1, 2, 0, 1, 2, 4, 1, 3, 4, 1, 2, 4, 3, 3, 3, 1, 1, 4, 3, 2, 3, 2, 4, 2, 4, 2, 3, 4, 4, 4, 1, 2, 3, 4, 1, 2]|[0, 2, 0, 0, 3, 0, 1, 3, 0, 0, 2, 0, 1, 0, 1, 0, 0, 0, 1, 0, 0, 2, 0, 0, 1, 0, 0, 3, 0, 1, 0, 2, 0, 0, 3, 0, 1, 3, 0, 0, 0, 0, 1, 3, 0, 0, 1, 0, 2, 0, 0, 0, 0, 0, 1, 0, 1, 0, 1, 1, 0, 2, 0, 0, 0, 0, 0, 0, 0, 2, 0, 0, 1, 0, 0, 1, 0, 0, 3, 0, 0, 1, 0, 0, 0, 0, 1, 0, 2, 0, 0, 2, 1, 3, 0, 0, 0, 1, 0, 0],896.1029292898813,50428.13444364295,114595.46915086164,false
24,G3_TWC,G1_CMAX,[31, 22, 82, 15, 26, 9, 42, 95, 77, 12, 47, 5, 93, 78, 86, 54, 85, 63, 18, 44, 20, 35, 43, 97, 91, 76, 10, 30, 21, 45, 71, 64, 1, 23, 17, 83, 24, 14, 60, 36, 6, 57, 94, 88, 65, 56, 79, 40, 67, 68, 46, 75, 38, 58, 19, 32, 81, 41, 27, 62, 87, 90, 99, 59, 11, 16, 72, 73, 70, 39, 37, 84, 3, 92, 25, 55, 28, 29, 51, 7, 33, 61, 98, 66, 89, 50, 8, 96, 53, 4, 80, 13, 34, 49, 52, 0, 48, 69, 2, 74]|[1, 1, 0, 1, 1, 1, 2, 1, 2, 1, 2, 2, 2, 1, 1, 0, 0, 1, 0, 2, 2, 0, 1, 2, 0, 1, 2, 2, 0, 0, 1, 2, 1, 2, 1, 0, 2, 0, 1, 1, 0, 1, 1, 1, 0, 2, 1, 1, 0, 0, 0, 0, 1, 1, 2, 1, 2, 0, 0, 0, 2, 1, 0, 1, 2, 1, 2, 1, 1, 1, 1, 1, 1, 0, 1, 1, 0, 0, 0, 1, 2, 1, 0, 2, 1, 0, 1, 0, 0, 0, 0, 0, 2, 0, 1, 0, 0, 1, 0, 2]|[4, 3, 2, 2, 0, 0, 2, 2, 2, 4, 1, 1, 2, 4, 4, 1, 2, 4, 2, 1, 1, 1, 1, 2, 1, 2, 1, 1, 1, 1, 3, 2, 3, 0, 4, 0, 1, 1, 0, 3, 2, 2, 4, 0, 1, 1, 0, 2, 0, 1, 2, 2, 1, 4, 0, 3, 2, 1, 1, 2, 1, 3, 1, 1, 1, 3, 0, 4, 3, 1, 4, 1, 1, 0, 4, 4, 2, 1, 1, 3, 1, 3, 1, 1, 1, 1, 3, 1, 2, 2, 1, 1, 1, 1, 1, 2, 2, 3, 2, 1]|[0, 2, 1, 1, 3, 3, 0, 1, 0, 0, 0, 0, 1, 0, 1, 0, 0, 3, 1, 0, 0, 0, 3, 1, 0, 2, 0, 0, 0, 1, 0, 0, 0, 0, 3, 0, 1, 0, 0, 2, 1, 1, 2, 0, 0, 0, 0, 1, 1, 0, 0, 0, 1, 3, 0, 0, 1, 0, 0, 1, 0, 2, 0, 1, 0, 2, 1, 0, 0, 1, 1, 3, 1, 1, 3, 3, 1, 0, 0, 2, 0, 0, 0, 0, 1, 0, 2, 0, 1, 1, 0, 0, 0, 1, 1, 0, 0, 0, 0, 0],800.9728923351585,58117.763115372225,90558.04465999853,true
24,G1_CMAX,G1_CMAX,[31, 22, 82, 15, 26, 9, 42, 77, 12, 5, 47, 93, 78, 86, 54, 6, 63, 18, 44, 20, 35, 43, 97, 91, 76, 10, 30, 21, 45, 17, 23, 1, 71, 83, 24, 14, 60, 36, 85, 57, 40, 95, 88, 65, 56, 79, 94, 67, 68, 46, 75, 38, 58, 19, 32, 81, 41, 62, 87, 28, 90, 59, 11, 16, 72, 73, 69, 52, 37, 64, 84, 3, 25, 29, 55, 51, 7, 98, 61, 66, 99, 33, 89, 48, 50, 96, 53, 80, 4, 8, 27, 2, 39, 13, 0, 92, 49, 74, 34, 70]|[1, 1, 0, 1, 1, 1, 2, 2, 1, 2, 2, 1, 1, 1, 0, 0, 1, 0, 2, 2, 0, 1, 2, 2, 1, 2, 2, 0, 0, 1, 2, 1, 1, 0, 2, 0, 1, 1, 0, 1, 1, 1, 1, 0, 2, 1, 1, 0, 0, 0, 0, 1, 1, 2, 1, 2, 0, 0, 2, 0, 1, 2, 2, 1, 2, 1, 1, 1, 1, 1, 1, 2, 1, 0, 2, 0, 1, 2, 1, 0, 0, 2, 1, 0, 0, 2, 0, 0, 1, 1, 0, 0, 1, 0, 0, 0, 0, 2, 2, 1]|[0, 3, 1, 2, 0, 0, 1, 1, 4, 1, 1, 4, 4, 4, 2, 2, 4, 2, 1, 1, 1, 1, 2, 1, 2, 1, 1, 1, 1, 4, 0, 3, 3, 0, 1, 1, 0, 3, 2, 2, 2, 2, 0, 1, 1, 0, 4, 0, 1, 2, 2, 1, 4, 0, 3, 2, 1, 2, 1, 2, 3, 1, 1, 3, 0, 4, 4, 1, 4, 3, 1, 2, 4, 1, 1, 1, 1, 1, 3, 1, 1, 1, 1, 1, 1, 1, 2, 1, 4, 3, 2, 2, 1, 2, 2, 0, 1, 1, 1, 4]|[1, 1, 1, 1, 3, 3, 0, 0, 0, 0, 0, 2, 0, 1, 0, 0, 3, 1, 0, 0, 0, 3, 1, 0, 2, 0, 0, 0, 1, 3, 0, 0, 0, 0, 1, 0, 0, 2, 1, 1, 1, 1, 0, 0, 0, 0, 2, 1, 0, 0, 0, 1, 3, 0, 0, 1, 0, 1, 0, 1, 2, 0, 0, 2, 1, 0, 2, 1, 1, 0, 3, 1, 3, 0, 0, 0, 2, 0, 0, 0, 0, 0, 1, 0, 0, 0, 1, 0, 0, 2, 1, 0, 1, 0, 0, 1, 1, 0, 0, 2],733.3116759547878,58140.55643565909,96674.14109675489,false
24,G4_BALANCED,G4_BALANCED,[31, 11, 15, 82, 26, 9, 95, 32, 77, 68, 47, 5, 93, 78, 86, 54, 85, 63, 18, 44, 20, 49, 36, 14, 74, 50, 53, 17, 21, 45, 71, 64, 3, 23, 30, 83, 24, 41, 60, 52, 65, 27, 90, 70, 39, 87, 48, 69, 99, 4, 46, 1, 13, 58, 97, 59, 28, 75, 73, 37, 35, 79, 22, 66, 76, 42, 40, 80, 96, 6, 16, 61, 33, 7, 57, 34, 12, 67, 10, 98, 56, 88, 29, 94, 91, 51, 19, 92, 43, 84, 38, 72, 81, 8, 2, 55, 62, 89, 25, 0]|[2, 1, 1, 2, 1, 2, 1, 1, 1, 1, 1, 0, 2, 2, 1, 2, 0, 0, 0, 2, 2, 1, 0, 2, 0, 2, 2, 1, 0, 1, 1, 1, 0, 0, 1, 0, 2, 1, 2, 2, 0, 0, 1, 1, 0, 2, 0, 2, 1, 0, 0, 2, 0, 0, 2, 0, 1, 0, 0, 0, 2, 1, 0, 2, 2, 0, 2, 2, 0, 1, 2, 1, 1, 2, 0, 1, 1, 1, 1, 2, 2, 1, 1, 2, 1, 1, 1, 0, 1, 0, 0, 1, 1, 1, 2, 0, 1, 1, 1, 0]|[1, 3, 2, 0, 4, 1, 4, 4, 2, 4, 3, 2, 1, 0, 2, 1, 1, 1, 2, 1, 1, 3, 0, 1, 0, 1, 1, 4, 1, 4, 3, 2, 2, 0, 4, 1, 1, 4, 0, 1, 2, 1, 4, 4, 1, 1, 0, 2, 3, 1, 2, 1, 2, 1, 1, 2, 4, 2, 0, 2, 2, 3, 1, 0, 1, 2, 0, 1, 2, 4, 1, 3, 4, 1, 2, 4, 3, 3, 3, 1, 1, 4, 3, 1, 3, 3, 4, 2, 4, 2, 2, 4, 1, 3, 1, 2, 3, 4, 4, 2]|[1, 2, 1, 0, 3, 0, 1, 3, 0, 0, 2, 0, 1, 0, 1, 0, 0, 0, 1, 0, 0, 2, 0, 0, 1, 0, 0, 3, 0, 1, 0, 2, 0, 1, 3, 0, 1, 3, 1, 0, 0, 0, 1, 3, 0, 0, 1, 0, 2, 0, 0, 0, 0, 0, 1, 0, 1, 0, 1, 1, 0, 2, 0, 0, 0, 0, 0, 0, 0, 2, 0, 0, 1, 0, 0, 1, 0, 0, 3, 0, 0, 1, 0, 0, 0, 0, 3, 0, 2, 0, 0, 2, 1, 0, 0, 0, 0, 1, 3, 0],836.569815134707,52504.092339752446,107095.57005228325,false
24,G2_TEC,G2_TEC,[31, 22, 82, 15, 26, 9, 95, 42, 77, 68, 47, 5, 93, 78, 86, 54, 85, 63, 18, 44, 20, 49, 36, 14, 74, 50, 53, 17, 21, 28, 11, 64, 3, 23, 30, 83, 24, 41, 40, 52, 65, 27, 90, 70, 39, 87, 48, 69, 99, 4, 46, 1, 13, 58, 97, 59, 45, 8, 73, 37, 35, 79, 71, 66, 76, 32, 60, 80, 96, 6, 16, 61, 33, 7, 57, 34, 12, 67, 10, 98, 56, 88, 29, 75, 91, 38, 19, 92, 43, 84, 51, 72, 81, 25, 2, 55, 62, 89, 94, 0]|[2, 1, 2, 1, 1, 2, 1, 1, 1, 1, 1, 0, 2, 2, 1, 2, 0, 0, 0, 2, 2, 1, 0, 2, 0, 2, 2, 1, 0, 1, 1, 1, 0, 0, 1, 0, 2, 1, 2, 2, 0, 0, 1, 1, 0, 2, 0, 2, 1, 0, 0, 2, 0, 0, 2, 0, 1, 1, 0, 0, 2, 1, 1, 2, 2, 0, 2, 2, 0, 1, 2, 1, 1, 2, 0, 1, 1, 1, 1, 2, 2, 1, 1, 0, 1, 0, 1, 0, 1, 0, 1, 1, 1, 1, 2, 0, 1, 1, 2, 0]|[0, 3, 0, 3, 4, 1, 4, 4, 2, 4, 3, 2, 1, 0, 2, 1, 1, 1, 2, 1, 1, 3, 0, 1, 0, 1, 1, 4, 1, 4, 3, 2, 2, 0, 4, 1, 1, 4, 0, 1, 2, 1, 4, 4, 1, 1, 0, 2, 3, 2, 2, 1, 2, 1, 1, 2, 4, 3, 0, 2, 2, 3, 3, 0, 1, 2, 0, 1, 2, 4, 1, 3, 4, 1, 2, 4, 3, 3, 3, 1, 1, 4, 3, 2, 3, 2, 4, 2, 4, 2, 3, 4, 4, 4, 1, 2, 3, 4, 1, 2]|[0, 2, 0, 0, 3, 0, 1, 3, 0, 0, 2, 0, 1, 0, 1, 0, 0, 0, 1, 0, 0, 2, 0, 0, 1, 0, 0, 3, 0, 1, 0, 2, 0, 0, 3, 0, 1, 3, 0, 0, 0, 0, 1, 3, 0, 0, 1, 0, 2, 0, 0, 0, 0, 0, 1, 0, 1, 0, 1, 1, 0, 2, 0, 0, 0, 0, 0, 0, 0, 2, 0, 0, 1, 0, 0, 1, 0, 0, 3, 0, 0, 1, 0, 0, 0, 0, 1, 0, 2, 0, 0, 2, 1, 3, 0, 0, 0, 1, 0, 0],896.1029292898813,50428.13444364295,114595.46915086164,false
24,G3_TWC,G1_CMAX,[31, 22, 82, 15, 26, 9, 42, 95, 77, 12, 47, 5, 93, 78, 86, 54, 85, 63, 18, 44, 20, 35, 43, 97, 91, 76, 10, 30, 21, 45, 71, 64, 1, 23, 17, 83, 24, 14, 60, 36, 6, 57, 94, 88, 65, 56, 79, 40, 67, 68, 46, 75, 38, 58, 19, 32, 81, 41, 27, 62, 87, 90, 99, 59, 11, 16, 72, 73, 70, 39, 37, 84, 3, 92, 25, 55, 28, 29, 51, 7, 33, 61, 98, 66, 89, 50, 8, 96, 53, 4, 80, 13, 34, 49, 52, 0, 48, 69, 2, 74]|[1, 1, 0, 1, 1, 1, 2, 1, 2, 1, 2, 2, 2, 1, 1, 0, 0, 1, 0, 2, 2, 0, 1, 2, 0, 1, 2, 2, 0, 0, 1, 2, 1, 2, 1, 0, 2, 0, 1, 1, 0, 1, 1, 1, 0, 2, 1, 1, 0, 0, 0, 0, 1, 1, 2, 1, 2, 0, 0, 0, 2, 1, 0, 1, 2, 1, 2, 1, 1, 1, 1, 1, 1, 0, 1, 1, 0, 0, 0, 1, 2, 1, 0, 2, 1, 0, 1, 0, 0, 0, 0, 0, 2, 0, 1, 0, 0, 1, 0, 2]|[4, 3, 2, 2, 0, 0, 2, 2, 2, 4, 1, 1, 2, 4, 4, 1, 2, 4, 2, 1, 1, 1, 1, 2, 1, 2, 1, 1, 1, 1, 3, 2, 3, 0, 4, 0, 1, 1, 0, 3, 2, 2, 4, 0, 1, 1, 0, 2, 0, 1, 2, 2, 1, 4, 0, 3, 2, 1, 1, 2, 1, 3, 1, 1, 1, 3, 0, 4, 3, 1, 4, 1, 1, 0, 4, 4, 2, 1, 1, 3, 1, 3, 1, 1, 1, 1, 3, 1, 2, 2, 1, 1, 1, 1, 1, 2, 2, 3, 2, 1]|[0, 2, 1, 1, 3, 3, 0, 1, 0, 0, 0, 0, 1, 0, 1, 0, 0, 3, 1, 0, 0, 0, 3, 1, 0, 2, 0, 0, 0, 1, 0, 0, 0, 0, 3, 0, 1, 0, 0, 2, 1, 1, 2, 0, 0, 0, 0, 1, 1, 0, 0, 0, 1, 3, 0, 0, 1, 0, 0, 1, 0, 2, 0, 1, 0, 2, 1, 0, 0, 1, 1, 3, 1, 1, 3, 3, 1, 0, 0, 2, 0, 0, 0, 0, 1, 0, 2, 0, 1, 1, 0, 0, 0, 1, 1, 0, 0, 0, 0, 0],800.9728923351585,58117.763115372225,90558.04465999853,true
24,G1_CMAX,G1_CMAX,[31, 22, 82, 15, 26, 9, 42, 77, 12, 5, 47, 93, 78, 86, 54, 6, 63, 18, 44, 20, 35, 43, 97, 91, 76, 10, 30, 21, 45, 17, 23, 1, 71, 83, 24, 14, 60, 36, 85, 57, 40, 95, 88, 65, 56, 79, 94, 67, 68, 46, 75, 38, 58, 19, 32, 81, 41, 62, 87, 28, 90, 59, 11, 16, 72, 73, 69, 52, 37, 64, 84, 3, 25, 29, 55, 51, 7, 98, 61, 66, 99, 33, 89, 48, 50, 96, 53, 80, 4, 8, 27, 2, 39, 13, 0, 92, 49, 74, 34, 70]|[1, 1, 0, 1, 1, 1, 2, 2, 1, 2, 2, 1, 1, 1, 0, 0, 1, 0, 2, 2, 0, 1, 2, 2, 1, 2, 2, 0, 0, 1, 2, 1, 1, 0, 2, 0, 1, 1, 0, 1, 1, 1, 1, 0, 2, 1, 1, 0, 0, 0, 0, 1, 1, 2, 1, 2, 0, 0, 2, 0, 1, 2, 2, 1, 2, 1, 1, 1, 1, 1, 1, 2, 1, 0, 2, 0, 1, 2, 1, 0, 0, 2, 1, 0, 0, 2, 0, 0, 1, 1, 0, 0, 1, 0, 0, 0, 0, 2, 2, 1]|[0, 3, 1, 2, 0, 0, 1, 1, 4, 1, 1, 4, 4, 4, 2, 2, 4, 2, 1, 1, 1, 1, 2, 1, 2, 1, 1, 1, 1, 4, 0, 3, 3, 0, 1, 1, 0, 3, 2, 2, 2, 2, 0, 1, 1, 0, 4, 0, 1, 2, 2, 1, 4, 0, 3, 2, 1, 2, 1, 2, 3, 1, 1, 3, 0, 4, 4, 1, 4, 3, 1, 2, 4, 1, 1, 1, 1, 1, 3, 1, 1, 1, 1, 1, 1, 1, 2, 1, 4, 3, 2, 2, 1, 2, 2, 0, 1, 1, 1, 4]|[1, 1, 1, 1, 3, 3, 0, 0, 0, 0, 0, 2, 0, 1, 0, 0, 3, 1, 0, 0, 0, 3, 1, 0, 2, 0, 0, 0, 1, 3, 0, 0, 0, 0, 1, 0, 0, 2, 1, 1, 1, 1, 0, 0, 0, 0, 2, 1, 0, 0, 0, 1, 3, 0, 0, 1, 0, 1, 0, 1, 2, 0, 0, 2, 1, 0, 2, 1, 1, 0, 3, 1, 3, 0, 0, 0, 2, 0, 0, 0, 0, 0, 1, 0, 0, 0, 1, 0, 0, 2, 1, 0, 1, 0, 0, 1, 1, 0, 0, 2],733.3116759547878,58140.55643565909,96674.14109675489,false
24,G4_BALANCED,G4_BALANCED,[31, 11, 15, 82, 26, 9, 95, 32, 77, 68, 47, 5, 93, 78, 86, 54, 85, 63, 18, 44, 20, 49, 36, 14, 74, 50, 53, 17, 21, 45, 71, 64, 3, 23, 30, 83, 24, 41, 60, 52, 65, 27, 90, 70, 39, 87, 48, 69, 99, 4, 46, 1, 13, 58, 97, 59, 28, 75, 73, 37, 35, 79, 22, 66, 76, 42, 40, 80, 96, 6, 16, 61, 33, 7, 57, 34, 12, 67, 10, 98, 56, 88, 29, 94, 91, 51, 19, 92, 43, 84, 38, 72, 81, 8, 2, 55, 62, 89, 25, 0]|[2, 1, 1, 2, 1, 2, 1, 1, 1, 1, 1, 0, 2, 2, 1, 2, 0, 0, 0, 2, 2, 1, 0, 2, 0, 2, 2, 1, 0, 1, 1, 1, 0, 0, 1, 0, 2, 1, 2, 2, 0, 0, 1, 1, 0, 2, 0, 2, 1, 0, 0, 2, 0, 0, 2, 0, 1, 0, 0, 0, 2, 1, 0, 2, 2, 0, 2, 2, 0, 1, 2, 1, 1, 2, 0, 1, 1, 1, 1, 2, 2, 1, 1, 2, 1, 1, 1, 0, 1, 0, 0, 1, 1, 1, 2, 0, 1, 1, 1, 0]|[1, 3, 2, 0, 4, 1, 4, 4, 2, 4, 3, 2, 1, 0, 2, 1, 1, 1, 2, 1, 1, 3, 0, 1, 0, 1, 1, 4, 1, 4, 3, 2, 2, 0, 4, 1, 1, 4, 0, 1, 2, 1, 4, 4, 1, 1, 0, 2, 3, 1, 2, 1, 2, 1, 1, 2, 4, 2, 0, 2, 2, 3, 1, 0, 1, 2, 0, 1, 2, 4, 1, 3, 4, 1, 2, 4, 3, 3, 3, 1, 1, 4, 3, 1, 3, 3, 4, 2, 4, 2, 2, 4, 1, 3, 1, 2, 3, 4, 4, 2]|[1, 2, 1, 0, 3, 0, 1, 3, 0, 0, 2, 0, 1, 0, 1, 0, 0, 0, 1, 0, 0, 2, 0, 0, 1, 0, 0, 3, 0, 1, 0, 2, 0, 1, 3, 0, 1, 3, 1, 0, 0, 0, 1, 3, 0, 0, 1, 0, 2, 0, 0, 0, 0, 0, 1, 0, 1, 0, 1, 1, 0, 2, 0, 0, 0, 0, 0, 0, 0, 2, 0, 0, 1, 0, 0, 1, 0, 0, 3, 0, 0, 1, 0, 0, 0, 0, 3, 0, 2, 0, 0, 2, 1, 0, 0, 0, 0, 1, 3, 0],836.569815134707,52504.092339752446,107095.57005228325,false
24,G2_TEC,G2_TEC,[31, 22, 82, 15, 26, 9, 95, 42, 77, 68, 47, 5, 93, 78, 86, 54, 85, 63, 18, 44, 20, 49, 36, 14, 74, 50, 53, 17, 21, 28, 11, 64, 3, 23, 30, 83, 24, 41, 40, 52, 65, 27, 90, 70, 39, 87, 48, 69, 99, 4, 46, 1, 13, 58, 97, 59, 45, 8, 73, 37, 35, 79, 71, 66, 76, 32, 60, 80, 96, 6, 16, 61, 33, 7, 57, 34, 12, 67, 10, 98, 56, 88, 29, 75, 91, 38, 19, 92, 43, 84, 51, 72, 81, 25, 2, 55, 62, 89, 94, 0]|[2, 1, 2, 1, 1, 2, 1, 1, 1, 1, 1, 0, 2, 2, 1, 2, 0, 0, 0, 2, 2, 1, 0, 2, 0, 2, 2, 1, 0, 1, 1, 1, 0, 0, 1, 0, 2, 1, 2, 2, 0, 0, 1, 1, 0, 2, 0, 2, 1, 0, 0, 2, 0, 0, 2, 0, 1, 1, 0, 0, 2, 1, 1, 2, 2, 0, 2, 2, 0, 1, 2, 1, 1, 2, 0, 1, 1, 1, 1, 2, 2, 1, 1, 0, 1, 0, 1, 0, 1, 0, 1, 1, 1, 1, 2, 0, 1, 1, 2, 0]|[0, 3, 0, 3, 4, 1, 4, 4, 2, 4, 3, 2, 1, 0, 2, 1, 1, 1, 2, 1, 1, 3, 0, 1, 0, 1, 1, 4, 1, 4, 3, 2, 2, 0, 4, 1, 1, 4, 0, 1, 2, 1, 4, 4, 1, 1, 0, 2, 3, 2, 2, 1, 2, 1, 1, 2, 4, 3, 0, 2, 2, 3, 3, 0, 1, 2, 0, 1, 2, 4, 1, 3, 4, 1, 2, 4, 3, 3, 3, 1, 1, 4, 3, 2, 3, 2, 4, 2, 4, 2, 3, 4, 4, 4, 1, 2, 3, 4, 1, 2]|[0, 2, 0, 0, 3, 0, 1, 3, 0, 0, 2, 0, 1, 0, 1, 0, 0, 0, 1, 0, 0, 2, 0, 0, 1, 0, 0, 3, 0, 1, 0, 2, 0, 0, 3, 0, 1, 3, 0, 0, 0, 0, 1, 3, 0, 0, 1, 0, 2, 0, 0, 0, 0, 0, 1, 0, 1, 0, 1, 1, 0, 2, 0, 0, 0, 0, 0, 0, 0, 2, 0, 0, 1, 0, 0, 1, 0, 0, 3, 0, 0, 1, 0, 0, 0, 0, 1, 0, 2, 0, 0, 2, 1, 3, 0, 0, 0, 1, 0, 0],896.1029292898813,50428.13444364295,114595.46915086164,false
24,G3_TWC,G1_CMAX,[31, 22, 82, 15, 26, 9, 42, 95, 77, 12, 47, 5, 93, 78, 86, 54, 85, 63, 18, 44, 20, 35, 43, 97, 91, 76, 10, 30, 21, 45, 71, 64, 1, 23, 17, 83, 24, 14, 60, 36, 6, 57, 94, 88, 65, 56, 79, 40, 67, 68, 46, 75, 38, 58, 19, 32, 81, 41, 27, 62, 87, 90, 99, 59, 11, 16, 72, 73, 70, 39, 37, 84, 3, 92, 25, 55, 28, 29, 51, 7, 33, 61, 98, 66, 89, 50, 8, 96, 53, 4, 80, 13, 34, 49, 52, 0, 48, 69, 2, 74]|[1, 1, 0, 1, 1, 1, 2, 1, 2, 1, 2, 2, 2, 1, 1, 0, 0, 1, 0, 2, 2, 0, 1, 2, 0, 1, 2, 2, 0, 0, 1, 2, 1, 2, 1, 0, 2, 0, 1, 1, 0, 1, 1, 1, 0, 2, 1, 1, 0, 0, 0, 0, 1, 1, 2, 1, 2, 0, 0, 0, 2, 1, 0, 1, 2, 1, 2, 1, 1, 1, 1, 1, 1, 0, 1, 1, 0, 0, 0, 1, 2, 1, 0, 2, 1, 0, 1, 0, 0, 0, 0, 0, 2, 0, 1, 0, 0, 1, 0, 2]|[4, 3, 2, 2, 0, 0, 2, 2, 2, 4, 1, 1, 2, 4, 4, 1, 2, 4, 2, 1, 1, 1, 1, 2, 1, 2, 1, 1, 1, 1, 3, 2, 3, 0, 4, 0, 1, 1, 0, 3, 2, 2, 4, 0, 1, 1, 0, 2, 0, 1, 2, 2, 1, 4, 0, 3, 2, 1, 1, 2, 1, 3, 1, 1, 1, 3, 0, 4, 3, 1, 4, 1, 1, 0, 4, 4, 2, 1, 1, 3, 1, 3, 1, 1, 1, 1, 3, 1, 2, 2, 1, 1, 1, 1, 1, 2, 2, 3, 2, 1]|[0, 2, 1, 1, 3, 3, 0, 1, 0, 0, 0, 0, 1, 0, 1, 0, 0, 3, 1, 0, 0, 0, 3, 1, 0, 2, 0, 0, 0, 1, 0, 0, 0, 0, 3, 0, 1, 0, 0, 2, 1, 1, 2, 0, 0, 0, 0, 1, 1, 0, 0, 0, 1, 3, 0, 0, 1, 0, 0, 1, 0, 2, 0, 1, 0, 2, 1, 0, 0, 1, 1, 3, 1, 1, 3, 3, 1, 0, 0, 2, 0, 0, 0, 0, 1, 0, 2, 0, 1, 1, 0, 0, 0, 1, 1, 0, 0, 0, 0, 0],800.9728923351585,58117.763115372225,90558.04465999853,true
24,G1_CMAX,G1_CMAX,[31, 22, 82, 15, 26, 9, 42, 77, 12, 5, 47, 93, 78, 86, 54, 6, 63, 18, 44, 20, 35, 43, 97, 91, 76, 10, 30, 21, 45, 17, 23, 1, 71, 83, 24, 14, 60, 36, 85, 57, 40, 95, 88, 65, 56, 79, 94, 67, 68, 46, 75, 38, 58, 19, 32, 81, 41, 62, 87, 28, 90, 59, 11, 16, 72, 73, 69, 52, 37, 64, 84, 3, 25, 29, 55, 51, 7, 98, 61, 66, 99, 33, 89, 48, 50, 96, 53, 80, 4, 8, 27, 2, 39, 13, 0, 92, 49, 74, 34, 70]|[1, 1, 0, 1, 1, 1, 2, 2, 1, 2, 2, 1, 1, 1, 0, 0, 1, 0, 2, 2, 0, 1, 2, 2, 1, 2, 2, 0, 0, 1, 2, 1, 1, 0, 2, 0, 1, 1, 0, 1, 1, 1, 1, 0, 2, 1, 1, 0, 0, 0, 0, 1, 1, 2, 1, 2, 0, 0, 2, 0, 1, 2, 2, 1, 2, 1, 1, 1, 1, 1, 1, 2, 1, 0, 2, 0, 1, 2, 1, 0, 0, 2, 1, 0, 0, 2, 0, 0, 1, 1, 0, 0, 1, 0, 0, 0, 0, 2, 2, 1]|[0, 3, 1, 2, 0, 0, 1, 1, 4, 1, 1, 4, 4, 4, 2, 2, 4, 2, 1, 1, 1, 1, 2, 1, 2, 1, 1, 1, 1, 4, 0, 3, 3, 0, 1, 1, 0, 3, 2, 2, 2, 2, 0, 1, 1, 0, 4, 0, 1, 2, 2, 1, 4, 0, 3, 2, 1, 2, 1, 2, 3, 1, 1, 3, 0, 4, 4, 1, 4, 3, 1, 2, 4, 1, 1, 1, 1, 1, 3, 1, 1, 1, 1, 1, 1, 1, 2, 1, 4, 3, 2, 2, 1, 2, 2, 0, 1, 1, 1, 4]|[1, 1, 1, 1, 3, 3, 0, 0, 0, 0, 0, 2, 0, 1, 0, 0, 3, 1, 0, 0, 0, 3, 1, 0, 2, 0, 0, 0, 1, 3, 0, 0, 0, 0, 1, 0, 0, 2, 1, 1, 1, 1, 0, 0, 0, 0, 2, 1, 0, 0, 0, 1, 3, 0, 0, 1, 0, 1, 0, 1, 2, 0, 0, 2, 1, 0, 2, 1, 1, 0, 3, 1, 3, 0, 0, 0, 2, 0, 0, 0, 0, 0, 1, 0, 0, 0, 1, 0, 0, 2, 1, 0, 1, 0, 0, 1, 1, 0, 0, 2],733.3116759547878,58140.55643565909,96674.14109675489,false
24,G4_BALANCED,G4_BALANCED,[31, 11, 15, 82, 26, 9, 95, 32, 77, 68, 47, 5, 93, 78, 86, 54, 85, 63, 18, 44, 20, 49, 36, 14, 74, 50, 53, 17, 21, 45, 71, 64, 3, 23, 30, 83, 24, 41, 60, 52, 65, 27, 90, 70, 39, 87, 48, 69, 99, 4, 46, 1, 13, 58, 97, 59, 28, 75, 73, 37, 35, 79, 22, 66, 76, 42, 40, 80, 96, 6, 16, 61, 33, 7, 57, 34, 12, 67, 10, 98, 56, 88, 29, 94, 91, 51, 19, 92, 43, 84, 38, 72, 81, 8, 2, 55, 62, 89, 25, 0]|[2, 1, 1, 2, 1, 2, 1, 1, 1, 1, 1, 0, 2, 2, 1, 2, 0, 0, 0, 2, 2, 1, 0, 2, 0, 2, 2, 1, 0, 1, 1, 1, 0, 0, 1, 0, 2, 1, 2, 2, 0, 0, 1, 1, 0, 2, 0, 2, 1, 0, 0, 2, 0, 0, 2, 0, 1, 0, 0, 0, 2, 1, 0, 2, 2, 0, 2, 2, 0, 1, 2, 1, 1, 2, 0, 1, 1, 1, 1, 2, 2, 1, 1, 2, 1, 1, 1, 0, 1, 0, 0, 1, 1, 1, 2, 0, 1, 1, 1, 0]|[1, 3, 2, 0, 4, 1, 4, 4, 2, 4, 3, 2, 1, 0, 2, 1, 1, 1, 2, 1, 1, 3, 0, 1, 0, 1, 1, 4, 1, 4, 3, 2, 2, 0, 4, 1, 1, 4, 0, 1, 2, 1, 4, 4, 1, 1, 0, 2, 3, 1, 2, 1, 2, 1, 1, 2, 4, 2, 0, 2, 2, 3, 1, 0, 1, 2, 0, 1, 2, 4, 1, 3, 4, 1, 2, 4, 3, 3, 3, 1, 1, 4, 3, 1, 3, 3, 4, 2, 4, 2, 2, 4, 1, 3, 1, 2, 3, 4, 4, 2]|[1, 2, 1, 0, 3, 0, 1, 3, 0, 0, 2, 0, 1, 0, 1, 0, 0, 0, 1, 0, 0, 2, 0, 0, 1, 0, 0, 3, 0, 1, 0, 2, 0, 1, 3, 0, 1, 3, 1, 0, 0, 0, 1, 3, 0, 0, 1, 0, 2, 0, 0, 0, 0, 0, 1, 0, 1, 0, 1, 1, 0, 2, 0, 0, 0, 0, 0, 0, 0, 2, 0, 0, 1, 0, 0, 1, 0, 0, 3, 0, 0, 1, 0, 0, 0, 0, 3, 0, 2, 0, 0, 2, 1, 0, 0, 0, 0, 1, 3, 0],836.569815134707,52504.092339752446,107095.57005228325,false
24,G2_TEC,G2_TEC,[31, 22, 82, 15, 26, 9, 95, 42, 77, 68, 47, 5, 93, 78, 86, 54, 85, 63, 18, 44, 20, 49, 36, 14, 74, 50, 53, 17, 21, 28, 11, 64, 3, 23, 30, 83, 24, 41, 40, 52, 65, 27, 90, 70, 39, 87, 48, 69, 99, 4, 46, 1, 13, 58, 97, 59, 45, 8, 73, 37, 35, 79, 71, 66, 76, 32, 60, 80, 96, 6, 16, 61, 33, 7, 57, 34, 12, 67, 10, 98, 56, 88, 29, 75, 91, 38, 19, 92, 43, 84, 51, 72, 81, 25, 2, 55, 62, 89, 94, 0]|[2, 1, 2, 1, 1, 2, 1, 1, 1, 1, 1, 0, 2, 2, 1, 2, 0, 0, 0, 2, 2, 1, 0, 2, 0, 2, 2, 1, 0, 1, 1, 1, 0, 0, 1, 0, 2, 1, 2, 2, 0, 0, 1, 1, 0, 2, 0, 2, 1, 0, 0, 2, 0, 0, 2, 0, 1, 1, 0, 0, 2, 1, 1, 2, 2, 0, 2, 2, 0, 1, 2, 1, 1, 2, 0, 1, 1, 1, 1, 2, 2, 1, 1, 0, 1, 0, 1, 0, 1, 0, 1, 1, 1, 1, 2, 0, 1, 1, 2, 0]|[0, 3, 0, 3, 4, 1, 4, 4, 2, 4, 3, 2, 1, 0, 2, 1, 1, 1, 2, 1, 1, 3, 0, 1, 0, 1, 1, 4, 1, 4, 3, 2, 2, 0, 4, 1, 1, 4, 0, 1, 2, 1, 4, 4, 1, 1, 0, 2, 3, 2, 2, 1, 2, 1, 1, 2, 4, 3, 0, 2, 2, 3, 3, 0, 1, 2, 0, 1, 2, 4, 1, 3, 4, 1, 2, 4, 3, 3, 3, 1, 1, 4, 3, 2, 3, 2, 4, 2, 4, 2, 3, 4, 4, 4, 1, 2, 3, 4, 1, 2]|[0, 2, 0, 0, 3, 0, 1, 3, 0, 0, 2, 0, 1, 0, 1, 0, 0, 0, 1, 0, 0, 2, 0, 0, 1, 0, 0, 3, 0, 1, 0, 2, 0, 0, 3, 0, 1, 3, 0, 0, 0, 0, 1, 3, 0, 0, 1, 0, 2, 0, 0, 0, 0, 0, 1, 0, 1, 0, 1, 1, 0, 2, 0, 0, 0, 0, 0, 0, 0, 2, 0, 0, 1, 0, 0, 1, 0, 0, 3, 0, 0, 1, 0, 0, 0, 0, 1, 0, 2, 0, 0, 2, 1, 3, 0, 0, 0, 1, 0, 0],896.1029292898813,50428.13444364295,114595.46915086164,false
24,G3_TWC,G1_CMAX,[31, 22, 82, 15, 26, 9, 42, 95, 77, 12, 47, 5, 93, 78, 86, 54, 85, 63, 18, 44, 20, 35, 43, 97, 91, 76, 10, 30, 21, 45, 71, 64, 1, 23, 17, 83, 24, 14, 60, 36, 6, 57, 94, 88, 65, 56, 79, 40, 67, 68, 46, 75, 38, 58, 19, 32, 81, 41, 27, 62, 87, 90, 99, 59, 11, 16, 72, 73, 70, 39, 37, 84, 3, 92, 25, 55, 28, 29, 51, 7, 33, 61, 98, 66, 89, 50, 8, 96, 53, 4, 80, 13, 34, 49, 52, 0, 48, 69, 2, 74]|[1, 1, 0, 1, 1, 1, 2, 1, 2, 1, 2, 2, 2, 1, 1, 0, 0, 1, 0, 2, 2, 0, 1, 2, 0, 1, 2, 2, 0, 0, 1, 2, 1, 2, 1, 0, 2, 0, 1, 1, 0, 1, 1, 1, 0, 2, 1, 1, 0, 0, 0, 0, 1, 1, 2, 1, 2, 0, 0, 0, 2, 1, 0, 1, 2, 1, 2, 1, 1, 1, 1, 1, 1, 0, 1, 1, 0, 0, 0, 1, 2, 1, 0, 2, 1, 0, 1, 0, 0, 0, 0, 0, 2, 0, 1, 0, 0, 1, 0, 2]|[4, 3, 2, 2, 0, 0, 2, 2, 2, 4, 1, 1, 2, 4, 4, 1, 2, 4, 2, 1, 1, 1, 1, 2, 1, 2, 1, 1, 1, 1, 3, 2, 3, 0, 4, 0, 1, 1, 0, 3, 2, 2, 4, 0, 1, 1, 0, 2, 0, 1, 2, 2, 1, 4, 0, 3, 2, 1, 1, 2, 1, 3, 1, 1, 1, 3, 0, 4, 3, 1, 4, 1, 1, 0, 4, 4, 2, 1, 1, 3, 1, 3, 1, 1, 1, 1, 3, 1, 2, 2, 1, 1, 1, 1, 1, 2, 2, 3, 2, 1]|[0, 2, 1, 1, 3, 3, 0, 1, 0, 0, 0, 0, 1, 0, 1, 0, 0, 3, 1, 0, 0, 0, 3, 1, 0, 2, 0, 0, 0, 1, 0, 0, 0, 0, 3, 0, 1, 0, 0, 2, 1, 1, 2, 0, 0, 0, 0, 1, 1, 0, 0, 0, 1, 3, 0, 0, 1, 0, 0, 1, 0, 2, 0, 1, 0, 2, 1, 0, 0, 1, 1, 3, 1, 1, 3, 3, 1, 0, 0, 2, 0, 0, 0, 0, 1, 0, 2, 0, 1, 1, 0, 0, 0, 1, 1, 0, 0, 0, 0, 0],800.9728923351585,58117.763115372225,90558.04465999853,true
24,G1_CMAX,G1_CMAX,[31, 22, 82, 15, 26, 9, 42, 77, 12, 5, 47, 93, 78, 86, 54, 6, 63, 18, 44, 20, 35, 43, 97, 91, 76, 10, 30, 21, 45, 17, 23, 1, 71, 83, 24, 14, 60, 36, 85, 57, 40, 95, 88, 65, 56, 79, 94, 67, 68, 46, 75, 38, 58, 19, 32, 81, 41, 62, 87, 28, 90, 59, 11, 16, 72, 73, 69, 52, 37, 64, 84, 3, 25, 29, 55, 51, 7, 98, 61, 66, 99, 33, 89, 48, 50, 96, 53, 80, 4, 8, 27, 2, 39, 13, 0, 92, 49, 74, 34, 70]|[1, 1, 0, 1, 1, 1, 2, 2, 1, 2, 2, 1, 1, 1, 0, 0, 1, 0, 2, 2, 0, 1, 2, 2, 1, 2, 2, 0, 0, 1, 2, 1, 1, 0, 2, 0, 1, 1, 0, 1, 1, 1, 1, 0, 2, 1, 1, 0, 0, 0, 0, 1, 1, 2, 1, 2, 0, 0, 2, 0, 1, 2, 2, 1, 2, 1, 1, 1, 1, 1, 1, 2, 1, 0, 2, 0, 1, 2, 1, 0, 0, 2, 1, 0, 0, 2, 0, 0, 1, 1, 0, 0, 1, 0, 0, 0, 0, 2, 2, 1]|[0, 3, 1, 2, 0, 0, 1, 1, 4, 1, 1, 4, 4, 4, 2, 2, 4, 2, 1, 1, 1, 1, 2, 1, 2, 1, 1, 1, 1, 4, 0, 3, 3, 0, 1, 1, 0, 3, 2, 2, 2, 2, 0, 1, 1, 0, 4, 0, 1, 2, 2, 1, 4, 0, 3, 2, 1, 2, 1, 2, 3, 1, 1, 3, 0, 4, 4, 1, 4, 3, 1, 2, 4, 1, 1, 1, 1, 1, 3, 1, 1, 1, 1, 1, 1, 1, 2, 1, 4, 3, 2, 2, 1, 2, 2, 0, 1, 1, 1, 4]|[1, 1, 1, 1, 3, 3, 0, 0, 0, 0, 0, 2, 0, 1, 0, 0, 3, 1, 0, 0, 0, 3, 1, 0, 2, 0, 0, 0, 1, 3, 0, 0, 0, 0, 1, 0, 0, 2, 1, 1, 1, 1, 0, 0, 0, 0, 2, 1, 0, 0, 0, 1, 3, 0, 0, 1, 0, 1, 0, 1, 2, 0, 0, 2, 1, 0, 2, 1, 1, 0, 3, 1, 3, 0, 0, 0, 2, 0, 0, 0, 0, 0, 1, 0, 0, 0, 1, 0, 0, 2, 1, 0, 1, 0, 0, 1, 1, 0, 0, 2],733.3116759547878,58140.55643565909,96674.14109675489,false
24,G4_BALANCED,G4_BALANCED,[31, 11, 15, 82, 26, 9, 95, 32, 77, 68, 47, 5, 93, 78, 86, 54, 85, 63, 18, 44, 20, 49, 36, 14, 74, 50, 53, 17, 21, 45, 71, 64, 3, 23, 30, 83, 24, 41, 60, 52, 65, 27, 90, 70, 39, 87, 48, 69, 99, 4, 46, 1, 13, 58, 97, 59, 28, 75, 73, 37, 35, 79, 22, 66, 76, 42, 40, 80, 96, 6, 16, 61, 33, 7, 57, 34, 12, 67, 10, 98, 56, 88, 29, 94, 91, 51, 19, 92, 43, 84, 38, 72, 81, 8, 2, 55, 62, 89, 25, 0]|[2, 1, 1, 2, 1, 2, 1, 1, 1, 1, 1, 0, 2, 2, 1, 2, 0, 0, 0, 2, 2, 1, 0, 2, 0, 2, 2, 1, 0, 1, 1, 1, 0, 0, 1, 0, 2, 1, 2, 2, 0, 0, 1, 1, 0, 2, 0, 2, 1, 0, 0, 2, 0, 0, 2, 0, 1, 0, 0, 0, 2, 1, 0, 2, 2, 0, 2, 2, 0, 1, 2, 1, 1, 2, 0, 1, 1, 1, 1, 2, 2, 1, 1, 2, 1, 1, 1, 0, 1, 0, 0, 1, 1, 1, 2, 0, 1, 1, 1, 0]|[1, 3, 2, 0, 4, 1, 4, 4, 2, 4, 3, 2, 1, 0, 2, 1, 1, 1, 2, 1, 1, 3, 0, 1, 0, 1, 1, 4, 1, 4, 3, 2, 2, 0, 4, 1, 1, 4, 0, 1, 2, 1, 4, 4, 1, 1, 0, 2, 3, 1, 2, 1, 2, 1, 1, 2, 4, 2, 0, 2, 2, 3, 1, 0, 1, 2, 0, 1, 2, 4, 1, 3, 4, 1, 2, 4, 3, 3, 3, 1, 1, 4, 3, 1, 3, 3, 4, 2, 4, 2, 2, 4, 1, 3, 1, 2, 3, 4, 4, 2]|[1, 2, 1, 0, 3, 0, 1, 3, 0, 0, 2, 0, 1, 0, 1, 0, 0, 0, 1, 0, 0, 2, 0, 0, 1, 0, 0, 3, 0, 1, 0, 2, 0, 1, 3, 0, 1, 3, 1, 0, 0, 0, 1, 3, 0, 0, 1, 0, 2, 0, 0, 0, 0, 0, 1, 0, 1, 0, 1, 1, 0, 2, 0, 0, 0, 0, 0, 0, 0, 2, 0, 0, 1, 0, 0, 1, 0, 0, 3, 0, 0, 1, 0, 0, 0, 0, 3, 0, 2, 0, 0, 2, 1, 0, 0, 0, 0, 1, 3, 0],836.569815134707,52504.092339752446,107095.57005228325,false
24,G2_TEC,G2_TEC,[31, 22, 82, 15, 26, 9, 95, 42, 77, 68, 47, 5, 93, 78, 86, 54, 85, 63, 18, 44, 20, 49, 36, 14, 74, 50, 53, 17, 21, 28, 11, 64, 3, 23, 30, 83, 24, 41, 40, 52, 65, 27, 90, 70, 39, 87, 48, 69, 99, 4, 46, 1, 13, 58, 97, 59, 45, 8, 73, 37, 35, 79, 71, 66, 76, 32, 60, 80, 96, 6, 16, 61, 33, 7, 57, 34, 12, 67, 10, 98, 56, 88, 29, 75, 91, 38, 19, 92, 43, 84, 51, 72, 81, 25, 2, 55, 62, 89, 94, 0]|[2, 1, 2, 1, 1, 2, 1, 1, 1, 1, 1, 0, 2, 2, 1, 2, 0, 0, 0, 2, 2, 1, 0, 2, 0, 2, 2, 1, 0, 1, 1, 1, 0, 0, 1, 0, 2, 1, 2, 2, 0, 0, 1, 1, 0, 2, 0, 2, 1, 0, 0, 2, 0, 0, 2, 0, 1, 1, 0, 0, 2, 1, 1, 2, 2, 0, 2, 2, 0, 1, 2, 1, 1, 2, 0, 1, 1, 1, 1, 2, 2, 1, 1, 0, 1, 0, 1, 0, 1, 0, 1, 1, 1, 1, 2, 0, 1, 1, 2, 0]|[0, 3, 0, 3, 4, 1, 4, 4, 2, 4, 3, 2, 1, 0, 2, 1, 1, 1, 2, 1, 1, 3, 0, 1, 0, 1, 1, 4, 1, 4, 3, 2, 2, 0, 4, 1, 1, 4, 0, 1, 2, 1, 4, 4, 1, 1, 0, 2, 3, 2, 2, 1, 2, 1, 1, 2, 4, 3, 0, 2, 2, 3, 3, 0, 1, 2, 0, 1, 2, 4, 1, 3, 4, 1, 2, 4, 3, 3, 3, 1, 1, 4, 3, 2, 3, 2, 4, 2, 4, 2, 3, 4, 4, 4, 1, 2, 3, 4, 1, 2]|[0, 2, 0, 0, 3, 0, 1, 3, 0, 0, 2, 0, 1, 0, 1, 0, 0, 0, 1, 0, 0, 2, 0, 0, 1, 0, 0, 3, 0, 1, 0, 2, 0, 0, 3, 0, 1, 3, 0, 0, 0, 0, 1, 3, 0, 0, 1, 0, 2, 0, 0, 0, 0, 0, 1, 0, 1, 0, 1, 1, 0, 2, 0, 0, 0, 0, 0, 0, 0, 2, 0, 0, 1, 0, 0, 1, 0, 0, 3, 0, 0, 1, 0, 0, 0, 0, 1, 0, 2, 0, 0, 2, 1, 3, 0, 0, 0, 1, 0, 0],896.1029292898813,50428.13444364295,114595.46915086164,false
24,G3_TWC,G1_CMAX,[31, 22, 82, 15, 26, 9, 42, 95, 77, 12, 47, 5, 93, 78, 86, 54, 85, 63, 18, 44, 20, 35, 43, 97, 91, 76, 10, 30, 21, 45, 71, 64, 1, 23, 17, 83, 24, 14, 60, 36, 6, 57, 94, 88, 65, 56, 79, 40, 67, 68, 46, 75, 38, 58, 19, 32, 81, 41, 27, 62, 87, 90, 99, 59, 11, 16, 72, 73, 70, 39, 37, 84, 3, 92, 25, 55, 28, 29, 51, 7, 33, 61, 98, 66, 89, 50, 8, 96, 53, 4, 80, 13, 34, 49, 52, 0, 48, 69, 2, 74]|[1, 1, 0, 1, 1, 1, 2, 1, 2, 1, 2, 2, 2, 1, 1, 0, 0, 1, 0, 2, 2, 0, 1, 2, 0, 1, 2, 2, 0, 0, 1, 2, 1, 2, 1, 0, 2, 0, 1, 1, 0, 1, 1, 1, 0, 2, 1, 1, 0, 0, 0, 0, 1, 1, 2, 1, 2, 0, 0, 0, 2, 1, 0, 1, 2, 1, 2, 1, 1, 1, 1, 1, 1, 0, 1, 1, 0, 0, 0, 1, 2, 1, 0, 2, 1, 0, 1, 0, 0, 0, 0, 0, 2, 0, 1, 0, 0, 1, 0, 2]|[4, 3, 2, 2, 0, 0, 2, 2, 2, 4, 1, 1, 2, 4, 4, 1, 2, 4, 2, 1, 1, 1, 1, 2, 1, 2, 1, 1, 1, 1, 3, 2, 3, 0, 4, 0, 1, 1, 0, 3, 2, 2, 4, 0, 1, 1, 0, 2, 0, 1, 2, 2, 1, 4, 0, 3, 2, 1, 1, 2, 1, 3, 1, 1, 1, 3, 0, 4, 3, 1, 4, 1, 1, 0, 4, 4, 2, 1, 1, 3, 1, 3, 1, 1, 1, 1, 3, 1, 2, 2, 1, 1, 1, 1, 1, 2, 2, 3, 2, 1]|[0, 2, 1, 1, 3, 3, 0, 1, 0, 0, 0, 0, 1, 0, 1, 0, 0, 3, 1, 0, 0, 0, 3, 1, 0, 2, 0, 0, 0, 1, 0, 0, 0, 0, 3, 0, 1, 0, 0, 2, 1, 1, 2, 0, 0, 0, 0, 1, 1, 0, 0, 0, 1, 3, 0, 0, 1, 0, 0, 1, 0, 2, 0, 1, 0, 2, 1, 0, 0, 1, 1, 3, 1, 1, 3, 3, 1, 0, 0, 2, 0, 0, 0, 0, 1, 0, 2, 0, 1, 1, 0, 0, 0, 1, 1, 0, 0, 0, 0, 0],800.9728923351585,58117.763115372225,90558.04465999853,true
24,G1_CMAX,G1_CMAX,[31, 22, 82, 15, 26, 9, 42, 77, 12, 5, 47, 93, 78, 86, 54, 6, 63, 18, 44, 20, 35, 43, 97, 91, 76, 10, 30, 21, 45, 17, 23, 1, 71, 83, 24, 14, 60, 36, 85, 57, 40, 95, 88, 65, 56, 79, 94, 67, 68, 46, 75, 38, 58, 19, 32, 81, 41, 62, 87, 28, 90, 59, 11, 16, 72, 73, 69, 52, 37, 64, 84, 3, 25, 29, 55, 51, 7, 98, 61, 66, 99, 33, 89, 48, 50, 96, 53, 80, 4, 8, 27, 2, 39, 13, 0, 92, 49, 74, 34, 70]|[1, 1, 0, 1, 1, 1, 2, 2, 1, 2, 2, 1, 1, 1, 0, 0, 1, 0, 2, 2, 0, 1, 2, 2, 1, 2, 2, 0, 0, 1, 2, 1, 1, 0, 2, 0, 1, 1, 0, 1, 1, 1, 1, 0, 2, 1, 1, 0, 0, 0, 0, 1, 1, 2, 1, 2, 0, 0, 2, 0, 1, 2, 2, 1, 2, 1, 1, 1, 1, 1, 1, 2, 1, 0, 2, 0, 1, 2, 1, 0, 0, 2, 1, 0, 0, 2, 0, 0, 1, 1, 0, 0, 1, 0, 0, 0, 0, 2, 2, 1]|[0, 3, 1, 2, 0, 0, 1, 1, 4, 1, 1, 4, 4, 4, 2, 2, 4, 2, 1, 1, 1, 1, 2, 1, 2, 1, 1, 1, 1, 4, 0, 3, 3, 0, 1, 1, 0, 3, 2, 2, 2, 2, 0, 1, 1, 0, 4, 0, 1, 2, 2, 1, 4, 0, 3, 2, 1, 2, 1, 2, 3, 1, 1, 3, 0, 4, 4, 1, 4, 3, 1, 2, 4, 1, 1, 1, 1, 1, 3, 1, 1, 1, 1, 1, 1, 1, 2, 1, 4, 3, 2, 2, 1, 2, 2, 0, 1, 1, 1, 4]|[1, 1, 1, 1, 3, 3, 0, 0, 0, 0, 0, 2, 0, 1, 0, 0, 3, 1, 0, 0, 0, 3, 1, 0, 2, 0, 0, 0, 1, 3, 0, 0, 0, 0, 1, 0, 0, 2, 1, 1, 1, 1, 0, 0, 0, 0, 2, 1, 0, 0, 0, 1, 3, 0, 0, 1, 0, 1, 0, 1, 2, 0, 0, 2, 1, 0, 2, 1, 1, 0, 3, 1, 3, 0, 0, 0, 2, 0, 0, 0, 0, 0, 1, 0, 0, 0, 1, 0, 0, 2, 1, 0, 1, 0, 0, 1, 1, 0, 0, 2],733.3116759547878,58140.55643565909,96674.14109675489,false
24,G4_BALANCED,G4_BALANCED,[31, 11, 15, 82, 26, 9, 95, 32, 77, 68, 47, 5, 93, 78, 86, 54, 85, 63, 18, 44, 20, 49, 36, 14, 74, 50, 53, 17, 21, 45, 71, 64, 3, 23, 30, 83, 24, 41, 60, 52, 65, 27, 90, 70, 39, 87, 48, 69, 99, 4, 46, 1, 13, 58, 97, 59, 28, 75, 73, 37, 35, 79, 22, 66, 76, 42, 40, 80, 96, 6, 16, 61, 33, 7, 57, 34, 12, 67, 10, 98, 56, 88, 29, 94, 91, 51, 19, 92, 43, 84, 38, 72, 81, 8, 2, 55, 62, 89, 25, 0]|[2, 1, 1, 2, 1, 2, 1, 1, 1, 1, 1, 0, 2, 2, 1, 2, 0, 0, 0, 2, 2, 1, 0, 2, 0, 2, 2, 1, 0, 1, 1, 1, 0, 0, 1, 0, 2, 1, 2, 2, 0, 0, 1, 1, 0, 2, 0, 2, 1, 0, 0, 2, 0, 0, 2, 0, 1, 0, 0, 0, 2, 1, 0, 2, 2, 0, 2, 2, 0, 1, 2, 1, 1, 2, 0, 1, 1, 1, 1, 2, 2, 1, 1, 2, 1, 1, 1, 0, 1, 0, 0, 1, 1, 1, 2, 0, 1, 1, 1, 0]|[1, 3, 2, 0, 4, 1, 4, 4, 2, 4, 3, 2, 1, 0, 2, 1, 1, 1, 2, 1, 1, 3, 0, 1, 0, 1, 1, 4, 1, 4, 3, 2, 2, 0, 4, 1, 1, 4, 0, 1, 2, 1, 4, 4, 1, 1, 0, 2, 3, 1, 2, 1, 2, 1, 1, 2, 4, 2, 0, 2, 2, 3, 1, 0, 1, 2, 0, 1, 2, 4, 1, 3, 4, 1, 2, 4, 3, 3, 3, 1, 1, 4, 3, 1, 3, 3, 4, 2, 4, 2, 2, 4, 1, 3, 1, 2, 3, 4, 4, 2]|[1, 2, 1, 0, 3, 0, 1, 3, 0, 0, 2, 0, 1, 0, 1, 0, 0, 0, 1, 0, 0, 2, 0, 0, 1, 0, 0, 3, 0, 1, 0, 2, 0, 1, 3, 0, 1, 3, 1, 0, 0, 0, 1, 3, 0, 0, 1, 0, 2, 0, 0, 0, 0, 0, 1, 0, 1, 0, 1, 1, 0, 2, 0, 0, 0, 0, 0, 0, 0, 2, 0, 0, 1, 0, 0, 1, 0, 0, 3, 0, 0, 1, 0, 0, 0, 0, 3, 0, 2, 0, 0, 2, 1, 0, 0, 0, 0, 1, 3, 0],836.569815134707,52504.092339752446,107095.57005228325,false
24,G2_TEC,G2_TEC,[31, 22, 82, 15, 26, 9, 95, 42, 77, 68, 47, 5, 93, 78, 86, 54, 85, 63, 18, 44, 20, 49, 36, 14, 74, 50, 53, 17, 21, 28, 11, 64, 3, 23, 30, 83, 24, 41, 40, 52, 65, 27, 90, 70, 39, 87, 48, 69, 99, 4, 46, 1, 13, 58, 97, 59, 45, 8, 73, 37, 35, 79, 71, 66, 76, 32, 60, 80, 96, 6, 16, 61, 33, 7, 57, 34, 12, 67, 10, 98, 56, 88, 29, 75, 91, 38, 19, 92, 43, 84, 51, 72, 81, 25, 2, 55, 62, 89, 94, 0]|[2, 1, 2, 1, 1, 2, 1, 1, 1, 1, 1, 0, 2, 2, 1, 2, 0, 0, 0, 2, 2, 1, 0, 2, 0, 2, 2, 1, 0, 1, 1, 1, 0, 0, 1, 0, 2, 1, 2, 2, 0, 0, 1, 1, 0, 2, 0, 2, 1, 0, 0, 2, 0, 0, 2, 0, 1, 1, 0, 0, 2, 1, 1, 2, 2, 0, 2, 2, 0, 1, 2, 1, 1, 2, 0, 1, 1, 1, 1, 2, 2, 1, 1, 0, 1, 0, 1, 0, 1, 0, 1, 1, 1, 1, 2, 0, 1, 1, 2, 0]|[0, 3, 0, 3, 4, 1, 4, 4, 2, 4, 3, 2, 1, 0, 2, 1, 1, 1, 2, 1, 1, 3, 0, 1, 0, 1, 1, 4, 1, 4, 3, 2, 2, 0, 4, 1, 1, 4, 0, 1, 2, 1, 4, 4, 1, 1, 0, 2, 3, 2, 2, 1, 2, 1, 1, 2, 4, 3, 0, 2, 2, 3, 3, 0, 1, 2, 0, 1, 2, 4, 1, 3, 4, 1, 2, 4, 3, 3, 3, 1, 1, 4, 3, 2, 3, 2, 4, 2, 4, 2, 3, 4, 4, 4, 1, 2, 3, 4, 1, 2]|[0, 2, 0, 0, 3, 0, 1, 3, 0, 0, 2, 0, 1, 0, 1, 0, 0, 0, 1, 0, 0, 2, 0, 0, 1, 0, 0, 3, 0, 1, 0, 2, 0, 0, 3, 0, 1, 3, 0, 0, 0, 0, 1, 3, 0, 0, 1, 0, 2, 0, 0, 0, 0, 0, 1, 0, 1, 0, 1, 1, 0, 2, 0, 0, 0, 0, 0, 0, 0, 2, 0, 0, 1, 0, 0, 1, 0, 0, 3, 0, 0, 1, 0, 0, 0, 0, 1, 0, 2, 0, 0, 2, 1, 3, 0, 0, 0, 1, 0, 0],896.1029292898813,50428.13444364295,114595.46915086164,false
24,G3_TWC,G1_CMAX,[31, 22, 82, 15, 26, 9, 42, 95, 77, 12, 47, 5, 93, 78, 86, 54, 85, 63, 18, 44, 20, 35, 43, 97, 91, 76, 10, 30, 21, 45, 71, 64, 1, 23, 17, 83, 24, 14, 60, 36, 6, 57, 94, 88, 65, 56, 79, 40, 67, 68, 46, 75, 38, 58, 19, 32, 81, 41, 27, 62, 87, 90, 99, 59, 11, 16, 72, 73, 70, 39, 37, 84, 3, 92, 25, 55, 28, 29, 51, 7, 33, 61, 98, 66, 89, 50, 8, 96, 53, 4, 80, 13, 34, 49, 52, 0, 48, 69, 2, 74]|[1, 1, 0, 1, 1, 1, 2, 1, 2, 1, 2, 2, 2, 1, 1, 0, 0, 1, 0, 2, 2, 0, 1, 2, 0, 1, 2, 2, 0, 0, 1, 2, 1, 2, 1, 0, 2, 0, 1, 1, 0, 1, 1, 1, 0, 2, 1, 1, 0, 0, 0, 0, 1, 1, 2, 1, 2, 0, 0, 0, 2, 1, 0, 1, 2, 1, 2, 1, 1, 1, 1, 1, 1, 0, 1, 1, 0, 0, 0, 1, 2, 1, 0, 2, 1, 0, 1, 0, 0, 0, 0, 0, 2, 0, 1, 0, 0, 1, 0, 2]|[4, 3, 2, 2, 0, 0, 2, 2, 2, 4, 1, 1, 2, 4, 4, 1, 2, 4, 2, 1, 1, 1, 1, 2, 1, 2, 1, 1, 1, 1, 3, 2, 3, 0, 4, 0, 1, 1, 0, 3, 2, 2, 4, 0, 1, 1, 0, 2, 0, 1, 2, 2, 1, 4, 0, 3, 2, 1, 1, 2, 1, 3, 1, 1, 1, 3, 0, 4, 3, 1, 4, 1, 1, 0, 4, 4, 2, 1, 1, 3, 1, 3, 1, 1, 1, 1, 3, 1, 2, 2, 1, 1, 1, 1, 1, 2, 2, 3, 2, 1]|[0, 2, 1, 1, 3, 3, 0, 1, 0, 0, 0, 0, 1, 0, 1, 0, 0, 3, 1, 0, 0, 0, 3, 1, 0, 2, 0, 0, 0, 1, 0, 0, 0, 0, 3, 0, 1, 0, 0, 2, 1, 1, 2, 0, 0, 0, 0, 1, 1, 0, 0, 0, 1, 3, 0, 0, 1, 0, 0, 1, 0, 2, 0, 1, 0, 2, 1, 0, 0, 1, 1, 3, 1, 1, 3, 3, 1, 0, 0, 2, 0, 0, 0, 0, 1, 0, 2, 0, 1, 1, 0, 0, 0, 1, 1, 0, 0, 0, 0, 0],800.9728923351585,58117.763115372225,90558.04465999853,true
24,G1_CMAX,G1_CMAX,[31, 22, 82, 15, 26, 9, 42, 77, 12, 5, 47, 93, 78, 86, 54, 6, 63, 18, 44, 20, 35, 43, 97, 91, 76, 10, 30, 21, 45, 17, 23, 1, 71, 83, 24, 14, 60, 36, 85, 57, 40, 95, 88, 65, 56, 79, 94, 67, 68, 46, 75, 38, 58, 19, 32, 81, 41, 62, 87, 28, 90, 59, 11, 16, 72, 73, 69, 52, 37, 64, 84, 3, 25, 29, 55, 51, 7, 98, 61, 66, 99, 33, 89, 48, 50, 96, 53, 80, 4, 8, 27, 2, 39, 13, 0, 92, 49, 74, 34, 70]|[1, 1, 0, 1, 1, 1, 2, 2, 1, 2, 2, 1, 1, 1, 0, 0, 1, 0, 2, 2, 0, 1, 2, 2, 1, 2, 2, 0, 0, 1, 2, 1, 1, 0, 2, 0, 1, 1, 0, 1, 1, 1, 1, 0, 2, 1, 1, 0, 0, 0, 0, 1, 1, 2, 1, 2, 0, 0, 2, 0, 1, 2, 2, 1, 2, 1, 1, 1, 1, 1, 1, 2, 1, 0, 2, 0, 1, 2, 1, 0, 0, 2, 1, 0, 0, 2, 0, 0, 1, 1, 0, 0, 1, 0, 0, 0, 0, 2, 2, 1]|[0, 3, 1, 2, 0, 0, 1, 1, 4, 1, 1, 4, 4, 4, 2, 2, 4, 2, 1, 1, 1, 1, 2, 1, 2, 1, 1, 1, 1, 4, 0, 3, 3, 0, 1, 1, 0, 3, 2, 2, 2, 2, 0, 1, 1, 0, 4, 0, 1, 2, 2, 1, 4, 0, 3, 2, 1, 2, 1, 2, 3, 1, 1, 3, 0, 4, 4, 1, 4, 3, 1, 2, 4, 1, 1, 1, 1, 1, 3, 1, 1, 1, 1, 1, 1, 1, 2, 1, 4, 3, 2, 2, 1, 2, 2, 0, 1, 1, 1, 4]|[1, 1, 1, 1, 3, 3, 0, 0, 0, 0, 0, 2, 0, 1, 0, 0, 3, 1, 0, 0, 0, 3, 1, 0, 2, 0, 0, 0, 1, 3, 0, 0, 0, 0, 1, 0, 0, 2, 1, 1, 1, 1, 0, 0, 0, 0, 2, 1, 0, 0, 0, 1, 3, 0, 0, 1, 0, 1, 0, 1, 2, 0, 0, 2, 1, 0, 2, 1, 1, 0, 3, 1, 3, 0, 0, 0, 2, 0, 0, 0, 0, 0, 1, 0, 0, 0, 1, 0, 0, 2, 1, 0, 1, 0, 0, 1, 1, 0, 0, 2],733.3116759547878,58140.55643565909,96674.14109675489,false
24,G4_BALANCED,G4_BALANCED,[31, 11, 15, 82, 26, 9, 95, 32, 77, 68, 47, 5, 93, 78, 86, 54, 85, 63, 18, 44, 20, 49, 36, 14, 74, 50, 53, 17, 21, 45, 71, 64, 3, 23, 30, 83, 24, 41, 60, 52, 65, 27, 90, 70, 39, 87, 48, 69, 99, 4, 46, 1, 13, 58, 97, 59, 28, 75, 73, 37, 35, 79, 22, 66, 76, 42, 40, 80, 96, 6, 16, 61, 33, 7, 57, 34, 12, 67, 10, 98, 56, 88, 29, 94, 91, 51, 19, 92, 43, 84, 38, 72, 81, 8, 2, 55, 62, 89, 25, 0]|[2, 1, 1, 2, 1, 2, 1, 1, 1, 1, 1, 0, 2, 2, 1, 2, 0, 0, 0, 2, 2, 1, 0, 2, 0, 2, 2, 1, 0, 1, 1, 1, 0, 0, 1, 0, 2, 1, 2, 2, 0, 0, 1, 1, 0, 2, 0, 2, 1, 0, 0, 2, 0, 0, 2, 0, 1, 0, 0, 0, 2, 1, 0, 2, 2, 0, 2, 2, 0, 1, 2, 1, 1, 2, 0, 1, 1, 1, 1, 2, 2, 1, 1, 2, 1, 1, 1, 0, 1, 0, 0, 1, 1, 1, 2, 0, 1, 1, 1, 0]|[1, 3, 2, 0, 4, 1, 4, 4, 2, 4, 3, 2, 1, 0, 2, 1, 1, 1, 2, 1, 1, 3, 0, 1, 0, 1, 1, 4, 1, 4, 3, 2, 2, 0, 4, 1, 1, 4, 0, 1, 2, 1, 4, 4, 1, 1, 0, 2, 3, 1, 2, 1, 2, 1, 1, 2, 4, 2, 0, 2, 2, 3, 1, 0, 1, 2, 0, 1, 2, 4, 1, 3, 4, 1, 2, 4, 3, 3, 3, 1, 1, 4, 3, 1, 3, 3, 4, 2, 4, 2, 2, 4, 1, 3, 1, 2, 3, 4, 4, 2]|[1, 2, 1, 0, 3, 0, 1, 3, 0, 0, 2, 0, 1, 0, 1, 0, 0, 0, 1, 0, 0, 2, 0, 0, 1, 0, 0, 3, 0, 1, 0, 2, 0, 1, 3, 0, 1, 3, 1, 0, 0, 0, 1, 3, 0, 0, 1, 0, 2, 0, 0, 0, 0, 0, 1, 0, 1, 0, 1, 1, 0, 2, 0, 0, 0, 0, 0, 0, 0, 2, 0, 0, 1, 0, 0, 1, 0, 0, 3, 0, 0, 1, 0, 0, 0, 0, 3, 0, 2, 0, 0, 2, 1, 0, 0, 0, 0, 1, 3, 0],836.569815134707,52504.092339752446,107095.57005228325,false
24,G2_TEC,G2_TEC,[31, 22, 82, 15, 26, 9, 95, 42, 77, 68, 47, 5, 93, 78, 86, 54, 85, 63, 18, 44, 20, 49, 36, 14, 74, 50, 53, 17, 21, 28, 11, 64, 3, 23, 30, 83, 59, 41, 40, 56, 65, 27, 90, 70, 39, 87, 48, 69, 99, 4, 46, 1, 13, 58, 97, 24, 45, 8, 73, 37, 35, 79, 71, 66, 76, 32, 60, 80, 96, 6, 16, 61, 33, 7, 57, 34, 12, 67, 10, 98, 52, 88, 29, 75, 91, 38, 19, 92, 2, 84, 51, 72, 81, 25, 43, 55, 62, 89, 94, 0]|[2, 1, 2, 1, 1, 2, 1, 1, 1, 1, 1, 0, 2, 2, 1, 2, 0, 0, 0, 2, 2, 1, 0, 2, 0, 2, 2, 1, 0, 1, 1, 1, 0, 0, 1, 0, 0, 1, 2, 2, 0, 0, 1, 1, 0, 2, 0, 2, 1, 0, 0, 2, 0, 0, 2, 2, 1, 1, 0, 0, 2, 1, 0, 2, 2, 0, 2, 2, 0, 1, 2, 1, 1, 2, 0, 1, 1, 1, 1, 2, 2, 1, 1, 0, 1, 0, 1, 0, 2, 0, 1, 1, 1, 1, 1, 0, 1, 1, 2, 0]|[0, 3, 0, 3, 4, 1, 4, 4, 2, 4, 3, 2, 1, 0, 2, 1, 1, 1, 2, 1, 1, 3, 0, 1, 0, 1, 1, 4, 1, 4, 3, 2, 2, 0, 4, 1, 2, 4, 0, 1, 2, 1, 4, 4, 1, 1, 0, 2, 3, 1, 2, 1, 2, 1, 1, 1, 4, 3, 0, 2, 2, 3, 1, 0, 1, 2, 0, 1, 2, 4, 1, 3, 4, 1, 2, 4, 3, 3, 3, 1, 1, 4, 3, 2, 3, 2, 4, 2, 1, 2, 3, 4, 4, 4, 4, 2, 3, 4, 1, 2]|[0, 2, 0, 0, 3, 0, 1, 3, 0, 0, 2, 0, 1, 0, 1, 0, 0, 0, 1, 0, 0, 2, 0, 0, 1, 0, 0, 3, 0, 1, 0, 2, 0, 0, 3, 0, 0, 3, 0, 0, 0, 0, 1, 3, 0, 0, 1, 0, 2, 0, 0, 0, 0, 0, 1, 1, 1, 0, 1, 1, 0, 2, 0, 0, 0, 0, 0, 0, 0, 2, 0, 0, 1, 0, 0, 1, 0, 0, 3, 0, 0, 1, 0, 0, 0, 0, 3, 0, 0, 0, 0, 2, 1, 3, 2, 0, 0, 1, 0, 0],879.6636499791592,50610.77639461144,114333.63053057043,false
24,G3_TWC,G1_CMAX,[31, 22, 82, 15, 26, 9, 42, 95, 77, 12, 47, 5, 93, 78, 86, 54, 85, 63, 18, 44, 20, 35, 43, 97, 91, 76, 10, 30, 21, 45, 71, 64, 1, 23, 17, 83, 24, 14, 60, 36, 6, 57, 94, 88, 65, 56, 79, 40, 67, 68, 46, 75, 38, 58, 19, 32, 81, 41, 27, 62, 87, 90, 99, 59, 11, 16, 72, 73, 70, 39, 37, 84, 3, 92, 25, 55, 28, 29, 51, 7, 33, 61, 98, 66, 89, 50, 8, 96, 53, 4, 80, 13, 34, 49, 52, 0, 48, 69, 2, 74]|[1, 1, 0, 1, 1, 1, 2, 1, 2, 1, 2, 2, 2, 1, 1, 0, 0, 1, 0, 2, 2, 0, 1, 2, 0, 1, 2, 2, 0, 0, 1, 2, 1, 2, 1, 0, 2, 0, 1, 1, 0, 1, 1, 1, 0, 2, 1, 1, 0, 0, 0, 0, 1, 1, 2, 1, 2, 0, 0, 0, 2, 1, 0, 1, 2, 1, 2, 1, 1, 1, 1, 1, 1, 0, 1, 1, 0, 0, 0, 1, 2, 1, 0, 2, 1, 0, 1, 0, 0, 0, 0, 0, 2, 0, 1, 0, 0, 1, 0, 2]|[4, 3, 2, 2, 0, 0, 2, 2, 2, 4, 1, 1, 2, 4, 4, 1, 2, 4, 2, 1, 1, 1, 1, 2, 1, 2, 1, 1, 1, 1, 3, 2, 3, 0, 4, 0, 1, 1, 0, 3, 2, 2, 4, 0, 1, 1, 0, 2, 0, 1, 2, 2, 1, 4, 0, 3, 2, 1, 1, 2, 1, 3, 1, 1, 1, 3, 0, 4, 3, 1, 4, 1, 1, 0, 4, 4, 2, 1, 1, 3, 1, 3, 1, 1, 1, 1, 3, 1, 2, 2, 1, 1, 1, 1, 1, 2, 2, 3, 2, 1]|[0, 2, 1, 1, 3, 3, 0, 1, 0, 0, 0, 0, 1, 0, 1, 0, 0, 3, 1, 0, 0, 0, 3, 1, 0, 2, 0, 0, 0, 1, 0, 0, 0, 0, 3, 0, 1, 0, 0, 2, 1, 1, 2, 0, 0, 0, 0, 1, 1, 0, 0, 0, 1, 3, 0, 0, 1, 0, 0, 1, 0, 2, 0, 1, 0, 2, 1, 0, 0, 1, 1, 3, 1, 1, 3, 3, 1, 0, 0, 2, 0, 0, 0, 0, 1, 0, 2, 0, 1, 1, 0, 0, 0, 1, 1, 0, 0, 0, 0, 0],800.9728923351585,58117.763115372225,90558.04465999853,true
24,G1_CMAX,G1_CMAX,[31, 22, 82, 15, 26, 9, 42, 77, 12, 5, 47, 93, 78, 86, 54, 6, 63, 18, 44, 20, 35, 43, 97, 91, 76, 10, 30, 21, 45, 17, 23, 1, 71, 83, 24, 14, 60, 36, 85, 57, 40, 95, 88, 65, 56, 79, 94, 67, 68, 46, 75, 38, 58, 19, 32, 81, 41, 62, 87, 28, 90, 59, 11, 16, 72, 73, 69, 52, 37, 64, 84, 3, 25, 29, 55, 51, 7, 98, 61, 66, 99, 33, 89, 48, 50, 96, 53, 80, 4, 8, 27, 2, 39, 13, 0, 92, 49, 74, 34, 70]|[1, 1, 0, 1, 1, 1, 2, 2, 1, 2, 2, 1, 1, 1, 0, 0, 1, 0, 2, 2, 0, 1, 2, 2, 1, 2, 2, 0, 0, 1, 2, 1, 1, 0, 2, 0, 1, 1, 0, 1, 1, 1, 1, 0, 2, 1, 1, 0, 0, 0, 0, 1, 1, 2, 1, 2, 0, 0, 2, 0, 1, 2, 2, 1, 2, 1, 1, 1, 1, 1, 1, 2, 1, 0, 2, 0, 1, 2, 1, 0, 0, 2, 1, 0, 0, 2, 0, 0, 1, 1, 0, 0, 1, 0, 0, 0, 0, 2, 2, 1]|[0, 3, 1, 2, 0, 0, 1, 1, 4, 1, 1, 4, 4, 4, 2, 2, 4, 2, 1, 1, 1, 1, 2, 1, 2, 1, 1, 1, 1, 4, 0, 3, 3, 0, 1, 1, 0, 3, 2, 2, 2, 2, 0, 1, 1, 0, 4, 0, 1, 2, 2, 1, 4, 0, 3, 2, 1, 2, 1, 2, 3, 1, 1, 3, 0, 4, 4, 1, 4, 3, 1, 2, 4, 1, 1, 1, 1, 1, 3, 1, 1, 1, 1, 1, 1, 1, 2, 1, 4, 3, 2, 2, 1, 2, 2, 0, 1, 1, 1, 4]|[1, 1, 1, 1, 3, 3, 0, 0, 0, 0, 0, 2, 0, 1, 0, 0, 3, 1, 0, 0, 0, 3, 1, 0, 2, 0, 0, 0, 1, 3, 0, 0, 0, 0, 1, 0, 0, 2, 1, 1, 1, 1, 0, 0, 0, 0, 2, 1, 0, 0, 0, 1, 3, 0, 0, 1, 0, 1, 0, 1, 2, 0, 0, 2, 1, 0, 2, 1, 1, 0, 3, 1, 3, 0, 0, 0, 2, 0, 0, 0, 0, 0, 1, 0, 0, 0, 1, 0, 0, 2, 1, 0, 1, 0, 0, 1, 1, 0, 0, 2],733.3116759547878,58140.55643565909,96674.14109675489,false
24,G4_BALANCED,G4_BALANCED,[31, 11, 15, 82, 26, 9, 95, 32, 77, 68, 47, 5, 93, 78, 86, 54, 85, 63, 18, 44, 20, 49, 36, 14, 74, 50, 53, 17, 21, 45, 71, 64, 3, 23, 30, 83, 24, 41, 60, 52, 65, 27, 90, 70, 39, 87, 48, 69, 99, 4, 46, 1, 13, 58, 97, 59, 28, 75, 73, 37, 35, 79, 22, 66, 76, 42, 40, 80, 96, 6, 16, 61, 33, 7, 57, 34, 12, 67, 10, 98, 56, 88, 29, 94, 91, 51, 19, 92, 43, 84, 38, 72, 81, 8, 2, 55, 62, 89, 25, 0]|[2, 1, 1, 2, 1, 2, 1, 1, 1, 1, 1, 0, 2, 2, 1, 2, 0, 0, 0, 2, 2, 1, 0, 2, 0, 2, 2, 1, 0, 1, 1, 1, 0, 0, 1, 0, 2, 1, 2, 2, 0, 0, 1, 1, 0, 2, 0, 2, 1, 0, 0, 2, 0, 0, 2, 0, 1, 0, 0, 0, 2, 1, 0, 2, 2, 0, 2, 2, 0, 1, 2, 1, 1, 2, 0, 1, 1, 1, 1, 2, 2, 1, 1, 2, 1, 1, 1, 0, 1, 0, 0, 1, 1, 1, 2, 0, 1, 1, 1, 0]|[1, 3, 2, 0, 4, 1, 4, 4, 2, 4, 3, 2, 1, 0, 2, 1, 1, 1, 2, 1, 1, 3, 0, 1, 0, 1, 1, 4, 1, 4, 3, 2, 2, 0, 4, 1, 1, 4, 0, 1, 2, 1, 4, 4, 1, 1, 0, 2, 3, 1, 2, 1, 2, 1, 1, 2, 4, 2, 0, 2, 2, 3, 1, 0, 1, 2, 0, 1, 2, 4, 1, 3, 4, 1, 2, 4, 3, 3, 3, 1, 1, 4, 3, 1, 3, 3, 4, 2, 4, 2, 2, 4, 1, 3, 1, 2, 3, 4, 4, 2]|[1, 2, 1, 0, 3, 0, 1, 3, 0, 0, 2, 0, 1, 0, 1, 0, 0, 0, 1, 0, 0, 2, 0, 0, 1, 0, 0, 3, 0, 1, 0, 2, 0, 1, 3, 0, 1, 3, 1, 0, 0, 0, 1, 3, 0, 0, 1, 0, 2, 0, 0, 0, 0, 0, 1, 0, 1, 0, 1, 1, 0, 2, 0, 0, 0, 0, 0, 0, 0, 2, 0, 0, 1, 0, 0, 1, 0, 0, 3, 0, 0, 1, 0, 0, 0, 0, 3, 0, 2, 0, 0, 2, 1, 0, 0, 0, 0, 1, 3, 0],836.569815134707,52504.092339752446,107095.57005228325,false
24,G2_TEC,G2_TEC,[31, 22, 82, 15, 26, 9, 95, 42, 77, 68, 47, 5, 93, 78, 86, 54, 85, 63, 18, 44, 20, 49, 36, 14, 74, 50, 53, 17, 21, 28, 11, 64, 3, 23, 30, 83, 24, 41, 40, 52, 65, 27, 90, 70, 39, 87, 48, 69, 99, 4, 46, 1, 13, 58, 97, 59, 45, 8, 73, 37, 35, 79, 71, 66, 76, 32, 60, 80, 96, 6, 16, 61, 33, 7, 57, 34, 12, 67, 10, 98, 56, 88, 29, 75, 91, 38, 19, 92, 43, 84, 51, 72, 81, 25, 2, 55, 62, 89, 94, 0]|[2, 1, 2, 1, 1, 2, 1, 1, 1, 1, 1, 0, 2, 2, 1, 2, 0, 0, 0, 2, 2, 1, 0, 2, 0, 2, 2, 1, 0, 1, 1, 1, 0, 0, 1, 0, 2, 1, 2, 2, 0, 0, 1, 1, 0, 2, 0, 2, 1, 0, 0, 2, 0, 0, 2, 0, 1, 1, 0, 0, 2, 1, 1, 2, 2, 0, 2, 2, 0, 1, 2, 1, 1, 2, 0, 1, 1, 1, 1, 2, 2, 1, 1, 0, 1, 0, 1, 0, 1, 0, 1, 1, 1, 1, 2, 0, 1, 1, 2, 0]|[0, 3, 0, 3, 4, 1, 4, 4, 2, 4, 3, 2, 1, 0, 2, 1, 1, 1, 2, 1, 1, 3, 0, 1, 0, 1, 1, 4, 1, 4, 3, 2, 2, 0, 4, 1, 1, 4, 0, 1, 2, 1, 4, 4, 1, 1, 0, 2, 3, 2, 2, 1, 2, 1, 1, 2, 4, 3, 0, 2, 2, 3, 3, 0, 1, 2, 0, 1, 2, 4, 1, 3, 4, 1, 2, 4, 3, 3, 3, 1, 1, 4, 3, 2, 3, 2, 4, 2, 4, 2, 3, 4, 4, 4, 1, 2, 3, 4, 1, 2]|[0, 2, 0, 0, 3, 0, 1, 3, 0, 0, 2, 0, 1, 0, 1, 0, 0, 0, 1, 0, 0, 2, 0, 0, 1, 0, 0, 3, 0, 1, 0, 2, 0, 0, 3, 0, 1, 3, 0, 0, 0, 0, 1, 3, 0, 0, 1, 0, 2, 0, 0, 0, 0, 0, 1, 0, 1, 0, 1, 1, 0, 2, 0, 0, 0, 0, 0, 0, 0, 2, 0, 0, 1, 0, 0, 1, 0, 0, 3, 0, 0, 1, 0, 0, 0, 0, 1, 0, 2, 0, 0, 2, 1, 3, 0, 0, 0, 1, 0, 0],896.1029292898813,50428.13444364295,114595.46915086164,false
24,G3_TWC,G1_CMAX,[31, 22, 82, 15, 26, 9, 42, 95, 77, 12, 47, 5, 93, 78, 86, 54, 85, 63, 18, 44, 20, 35, 43, 97, 91, 76, 10, 30, 21, 45, 71, 64, 1, 23, 17, 83, 24, 14, 60, 36, 6, 57, 94, 88, 65, 56, 79, 40, 67, 68, 46, 75, 38, 58, 19, 32, 81, 41, 27, 62, 87, 90, 99, 59, 11, 16, 72, 73, 70, 39, 37, 84, 3, 92, 25, 55, 28, 29, 51, 7, 33, 61, 98, 66, 89, 50, 8, 96, 53, 4, 80, 13, 34, 49, 52, 0, 48, 69, 2, 74]|[1, 1, 0, 1, 1, 1, 2, 1, 2, 1, 2, 2, 2, 1, 1, 0, 0, 1, 0, 2, 2, 0, 1, 2, 0, 1, 2, 2, 0, 0, 1, 2, 1, 2, 1, 0, 2, 0, 1, 1, 0, 1, 1, 1, 0, 2, 1, 1, 0, 0, 0, 0, 1, 1, 2, 1, 2, 0, 0, 0, 2, 1, 0, 1, 2, 1, 2, 1, 1, 1, 1, 1, 1, 0, 1, 1, 0, 0, 0, 1, 2, 1, 0, 2, 1, 0, 1, 0, 0, 0, 0, 0, 2, 0, 1, 0, 0, 1, 0, 2]|[4, 3, 2, 2, 0, 0, 2, 2, 2, 4, 1, 1, 2, 4, 4, 1, 2, 4, 2, 1, 1, 1, 1, 2, 1, 2, 1, 1, 1, 1, 3, 2, 3, 0, 4, 0, 1, 1, 0, 3, 2, 2, 4, 0, 1, 1, 0, 2, 0, 1, 2, 2, 1, 4, 0, 3, 2, 1, 1, 2, 1, 3, 1, 1, 1, 3, 0, 4, 3, 1, 4, 1, 1, 0, 4, 4, 2, 1, 1, 3, 1, 3, 1, 1, 1, 1, 3, 1, 2, 2, 1, 1, 1, 1, 1, 2, 2, 3, 2, 1]|[0, 2, 1, 1, 3, 3, 0, 1, 0, 0, 0, 0, 1, 0, 1, 0, 0, 3, 1, 0, 0, 0, 3, 1, 0, 2, 0, 0, 0, 1, 0, 0, 0, 0, 3, 0, 1, 0, 0, 2, 1, 1, 2, 0, 0, 0, 0, 1, 1, 0, 0, 0, 1, 3, 0, 0, 1, 0, 0, 1, 0, 2, 0, 1, 0, 2, 1, 0, 0, 1, 1, 3, 1, 1, 3, 3, 1, 0, 0, 2, 0, 0, 0, 0, 1, 0, 2, 0, 1, 1, 0, 0, 0, 1, 1, 0, 0, 0, 0, 0],800.9728923351585,58117.763115372225,90558.04465999853,true
24,G1_CMAX,G1_CMAX,[31, 22, 82, 15, 26, 9, 42, 77, 12, 5, 47, 93, 78, 86, 54, 6, 63, 18, 44, 20, 35, 43, 97, 91, 76, 10, 30, 21, 45, 17, 23, 1, 71, 83, 24, 14, 60, 36, 85, 57, 40, 95, 88, 65, 56, 79, 94, 67, 68, 46, 75, 38, 58, 19, 32, 81, 41, 62, 87, 28, 90, 59, 11, 16, 72, 73, 69, 52, 37, 64, 84, 3, 25, 29, 55, 51, 7, 98, 61, 66, 99, 33, 89, 48, 50, 96, 53, 80, 4, 8, 27, 2, 39, 13, 0, 92, 49, 74, 34, 70]|[1, 1, 0, 1, 1, 1, 2, 2, 1, 2, 2, 1, 1, 1, 0, 0, 1, 0, 2, 2, 0, 1, 2, 2, 1, 2, 2, 0, 0, 1, 2, 1, 1, 0, 2, 0, 1, 1, 0, 1, 1, 1, 1, 0, 2, 1, 1, 0, 0, 0, 0, 1, 1, 2, 1, 2, 0, 0, 2, 0, 1, 2, 2, 1, 2, 1, 1, 1, 1, 1, 1, 2, 1, 0, 2, 0, 1, 2, 1, 0, 0, 2, 1, 0, 0, 2, 0, 0, 1, 1, 0, 0, 1, 0, 0, 0, 0, 2, 2, 1]|[0, 3, 1, 2, 0, 0, 1, 1, 4, 1, 1, 4, 4, 4, 2, 2, 4, 2, 1, 1, 1, 1, 2, 1, 2, 1, 1, 1, 1, 4, 0, 3, 3, 0, 1, 1, 0, 3, 2, 2, 2, 2, 0, 1, 1, 0, 4, 0, 1, 2, 2, 1, 4, 0, 3, 2, 1, 2, 1, 2, 3, 1, 1, 3, 0, 4, 4, 1, 4, 3, 1, 2, 4, 1, 1, 1, 1, 1, 3, 1, 1, 1, 1, 1, 1, 1, 2, 1, 4, 3, 2, 2, 1, 2, 2, 0, 1, 1, 1, 4]|[1, 1, 1, 1, 3, 3, 0, 0, 0, 0, 0, 2, 0, 1, 0, 0, 3, 1, 0, 0, 0, 3, 1, 0, 2, 0, 0, 0, 1, 3, 0, 0, 0, 0, 1, 0, 0, 2, 1, 1, 1, 1, 0, 0, 0, 0, 2, 1, 0, 0, 0, 1, 3, 0, 0, 1, 0, 1, 0, 1, 2, 0, 0, 2, 1, 0, 2, 1, 1, 0, 3, 1, 3, 0, 0, 0, 2, 0, 0, 0, 0, 0, 1, 0, 0, 0, 1, 0, 0, 2, 1, 0, 1, 0, 0, 1, 1, 0, 0, 2],733.3116759547878,58140.55643565909,96674.14109675489,false
24,G4_BALANCED,G4_BALANCED,[31, 11, 15, 82, 26, 9, 95, 32, 77, 68, 47, 5, 93, 78, 86, 54, 85, 63, 18, 44, 20, 49, 36, 14, 74, 50, 53, 17, 21, 45, 71, 64, 3, 23, 30, 83, 24, 41, 60, 52, 65, 27, 90, 70, 39, 87, 48, 69, 99, 4, 46, 1, 13, 58, 97, 59, 28, 75, 73, 37, 35, 79, 22, 66, 76, 42, 40, 80, 96, 6, 16, 61, 33, 7, 57, 34, 12, 67, 10, 98, 56, 88, 29, 94, 91, 51, 19, 92, 43, 84, 38, 72, 81, 8, 2, 55, 62, 89, 25, 0]|[2, 1, 1, 2, 1, 2, 1, 1, 1, 1, 1, 0, 2, 2, 1, 2, 0, 0, 0, 2, 2, 1, 0, 2, 0, 2, 2, 1, 0, 1, 1, 1, 0, 0, 1, 0, 2, 1, 2, 2, 0, 0, 1, 1, 0, 2, 0, 2, 1, 0, 0, 2, 0, 0, 2, 0, 1, 0, 0, 0, 2, 1, 0, 2, 2, 0, 2, 2, 0, 1, 2, 1, 1, 2, 0, 1, 1, 1, 1, 2, 2, 1, 1, 2, 1, 1, 1, 0, 1, 0, 0, 1, 1, 1, 2, 0, 1, 1, 1, 0]|[1, 3, 2, 0, 4, 1, 4, 4, 2, 4, 3, 2, 1, 0, 2, 1, 1, 1, 2, 1, 1, 3, 0, 1, 0, 1, 1, 4, 1, 4, 3, 2, 2, 0, 4, 1, 1, 4, 0, 1, 2, 1, 4, 4, 1, 1, 0, 2, 3, 1, 2, 1, 2, 1, 1, 2, 4, 2, 0, 2, 2, 3, 1, 0, 1, 2, 0, 1, 2, 4, 1, 3, 4, 1, 2, 4, 3, 3, 3, 1, 1, 4, 3, 1, 3, 3, 4, 2, 4, 2, 2, 4, 1, 3, 1, 2, 3, 4, 4, 2]|[1, 2, 1, 0, 3, 0, 1, 3, 0, 0, 2, 0, 1, 0, 1, 0, 0, 0, 1, 0, 0, 2, 0, 0, 1, 0, 0, 3, 0, 1, 0, 2, 0, 1, 3, 0, 1, 3, 1, 0, 0, 0, 1, 3, 0, 0, 1, 0, 2, 0, 0, 0, 0, 0, 1, 0, 1, 0, 1, 1, 0, 2, 0, 0, 0, 0, 0, 0, 0, 2, 0, 0, 1, 0, 0, 1, 0, 0, 3, 0, 0, 1, 0, 0, 0, 0, 3, 0, 2, 0, 0, 2, 1, 0, 0, 0, 0, 1, 3, 0],836.569815134707,52504.092339752446,107095.57005228325,false
24,G2_TEC,G2_TEC,[31, 22, 82, 15, 26, 9, 95, 42, 77, 68, 47, 5, 93, 78, 86, 54, 85, 63, 18, 44, 20, 49, 36, 14, 74, 50, 53, 17, 21, 28, 11, 64, 3, 23, 30, 83, 24, 41, 40, 52, 65, 27, 90, 70, 39, 87, 48, 69, 99, 4, 46, 1, 13, 58, 97, 59, 45, 8, 73, 37, 35, 79, 71, 66, 76, 32, 60, 80, 96, 6, 16, 61, 33, 7, 57, 34, 12, 67, 10, 98, 56, 88, 29, 75, 91, 38, 19, 92, 43, 84, 51, 72, 81, 25, 2, 55, 62, 89, 94, 0]|[2, 1, 2, 1, 1, 2, 1, 1, 1, 1, 1, 0, 2, 2, 1, 2, 0, 0, 0, 2, 2, 1, 0, 2, 0, 2, 2, 1, 0, 1, 1, 1, 0, 0, 1, 0, 2, 1, 2, 2, 0, 0, 1, 1, 0, 2, 0, 2, 1, 0, 0, 2, 0, 0, 2, 0, 1, 1, 0, 0, 2, 1, 1, 2, 2, 0, 2, 2, 0, 1, 2, 1, 1, 2, 0, 1, 1, 1, 1, 2, 2, 1, 1, 0, 1, 0, 1, 0, 1, 0, 1, 1, 1, 1, 2, 0, 1, 1, 2, 0]|[0, 3, 0, 3, 4, 1, 4, 4, 2, 4, 3, 2, 1, 0, 2, 1, 1, 1, 2, 1, 1, 3, 0, 1, 0, 1, 1, 4, 1, 4, 3, 2, 2, 0, 4, 1, 1, 4, 0, 1, 2, 1, 4, 4, 1, 1, 0, 2, 3, 2, 2, 1, 2, 1, 1, 2, 4, 3, 0, 2, 2, 3, 3, 0, 1, 2, 0, 1, 2, 4, 1, 3, 4, 1, 2, 4, 3, 3, 3, 1, 1, 4, 3, 2, 3, 2, 4, 2, 4, 2, 3, 4, 4, 4, 1, 2, 3, 4, 1, 2]|[0, 2, 0, 0, 3, 0, 1, 3, 0, 0, 2, 0, 1, 0, 1, 0, 0, 0, 1, 0, 0, 2, 0, 0, 1, 0, 0, 3, 0, 1, 0, 2, 0, 0, 3, 0, 1, 3, 0, 0, 0, 0, 1, 3, 0, 0, 1, 0, 2, 0, 0, 0, 0, 0, 1, 0, 1, 0, 1, 1, 0, 2, 0, 0, 0, 0, 0, 0, 0, 2, 0, 0, 1, 0, 0, 1, 0, 0, 3, 0, 0, 1, 0, 0, 0, 0, 1, 0, 2, 0, 0, 2, 1, 3, 0, 0, 0, 1, 0, 0],896.1029292898813,50428.13444364295,114595.46915086164,false
24,G3_TWC,G1_CMAX,[31, 22, 82, 15, 26, 9, 42, 95, 77, 12, 47, 5, 93, 78, 86, 54, 85, 63, 18, 44, 20, 35, 43, 97, 91, 76, 10, 30, 21, 45, 71, 64, 1, 23, 17, 83, 24, 14, 60, 36, 6, 57, 94, 88, 65, 56, 79, 40, 67, 68, 46, 75, 38, 58, 19, 32, 81, 41, 27, 62, 87, 90, 99, 59, 11, 16, 72, 73, 70, 39, 37, 84, 3, 92, 25, 55, 28, 29, 51, 7, 33, 61, 98, 66, 89, 50, 8, 96, 53, 4, 80, 13, 34, 49, 52, 0, 48, 69, 2, 74]|[1, 1, 0, 1, 1, 1, 2, 1, 2, 1, 2, 2, 2, 1, 1, 0, 0, 1, 0, 2, 2, 0, 1, 2, 0, 1, 2, 2, 0, 0, 1, 2, 1, 2, 1, 0, 2, 0, 1, 1, 0, 1, 1, 1, 0, 2, 1, 1, 0, 0, 0, 0, 1, 1, 2, 1, 2, 0, 0, 0, 2, 1, 0, 1, 2, 1, 2, 1, 1, 1, 1, 1, 1, 0, 1, 1, 0, 0, 0, 1, 2, 1, 0, 2, 1, 0, 1, 0, 0, 0, 0, 0, 2, 0, 1, 0, 0, 1, 0, 2]|[4, 3, 2, 2, 0, 0, 2, 2, 2, 4, 1, 1, 2, 4, 4, 1, 2, 4, 2, 1, 1, 1, 1, 2, 1, 2, 1, 1, 1, 1, 3, 2, 3, 0, 4, 0, 1, 1, 0, 3, 2, 2, 4, 0, 1, 1, 0, 2, 0, 1, 2, 2, 1, 4, 0, 3, 2, 1, 1, 2, 1, 3, 1, 1, 1, 3, 0, 4, 3, 1, 4, 1, 1, 0, 4, 4, 2, 1, 1, 3, 1, 3, 1, 1, 1, 1, 3, 1, 2, 2, 1, 1, 1, 1, 1, 2, 2, 3, 2, 1]|[0, 2, 1, 1, 3, 3, 0, 1, 0, 0, 0, 0, 1, 0, 1, 0, 0, 3, 1, 0, 0, 0, 3, 1, 0, 2, 0, 0, 0, 1, 0, 0, 0, 0, 3, 0, 1, 0, 0, 2, 1, 1, 2, 0, 0, 0, 0, 1, 1, 0, 0, 0, 1, 3, 0, 0, 1, 0, 0, 1, 0, 2, 0, 1, 0, 2, 1, 0, 0, 1, 1, 3, 1, 1, 3, 3, 1, 0, 0, 2, 0, 0, 0, 0, 1, 0, 2, 0, 1, 1, 0, 0, 0, 1, 1, 0, 0, 0, 0, 0],800.9728923351585,58117.763115372225,90558.04465999853,true
24,G1_CMAX,G1_CMAX,[31, 22, 82, 15, 26, 9, 42, 77, 12, 5, 47, 93, 78, 86, 54, 6, 63, 18, 44, 20, 35, 43, 97, 91, 76, 10, 30, 21, 45, 17, 23, 1, 71, 83, 24, 14, 60, 36, 85, 57, 40, 95, 88, 65, 56, 79, 94, 67, 68, 46, 75, 38, 58, 19, 32, 81, 41, 62, 87, 28, 90, 59, 11, 16, 72, 73, 69, 52, 37, 64, 84, 3, 25, 29, 55, 51, 7, 98, 61, 66, 99, 33, 89, 48, 50, 96, 53, 80, 4, 8, 27, 2, 39, 13, 0, 92, 49, 74, 34, 70]|[1, 1, 0, 1, 1, 1, 2, 2, 1, 2, 2, 1, 1, 1, 0, 0, 1, 0, 2, 2, 0, 1, 2, 2, 1, 2, 2, 0, 0, 1, 2, 1, 1, 0, 2, 0, 1, 1, 0, 1, 1, 1, 1, 0, 2, 1, 1, 0, 0, 0, 0, 1, 1, 2, 1, 2, 0, 0, 2, 0, 1, 2, 2, 1, 2, 1, 1, 1, 1, 1, 1, 2, 1, 0, 2, 0, 1, 2, 1, 0, 0, 2, 1, 0, 0, 2, 0, 0, 1, 1, 0, 0, 1, 0, 0, 0, 0, 2, 2, 1]|[0, 3, 1, 2, 0, 0, 1, 1, 4, 1, 1, 4, 4, 4, 2, 2, 4, 2, 1, 1, 1, 1, 2, 1, 2, 1, 1, 1, 1, 4, 0, 3, 3, 0, 1, 1, 0, 3, 2, 2, 2, 2, 0, 1, 1, 0, 4, 0, 1, 2, 2, 1, 4, 0, 3, 2, 1, 2, 1, 2, 3, 1, 1, 3, 0, 4, 4, 1, 4, 3, 1, 2, 4, 1, 1, 1, 1, 1, 3, 1, 1, 1, 1, 1, 1, 1, 2, 1, 4, 3, 2, 2, 1, 2, 2, 0, 1, 1, 1, 4]|[1, 1, 1, 1, 3, 3, 0, 0, 0, 0, 0, 2, 0, 1, 0, 0, 3, 1, 0, 0, 0, 3, 1, 0, 2, 0, 0, 0, 1, 3, 0, 0, 0, 0, 1, 0, 0, 2, 1, 1, 1, 1, 0, 0, 0, 0, 2, 1, 0, 0, 0, 1, 3, 0, 0, 1, 0, 1, 0, 1, 2, 0, 0, 2, 1, 0, 2, 1, 1, 0, 3, 1, 3, 0, 0, 0, 2, 0, 0, 0, 0, 0, 1, 0, 0, 0, 1, 0, 0, 2, 1, 0, 1, 0, 0, 1, 1, 0, 0, 2],733.3116759547878,58140.55643565909,96674.14109675489,false
24,G4_BALANCED,G4_BALANCED,[31, 11, 15, 82, 26, 9, 95, 32, 77, 68, 47, 5, 93, 78, 86, 54, 85, 63, 18, 44, 20, 49, 36, 14, 74, 50, 53, 17, 21, 45, 71, 64, 3, 23, 30, 83, 24, 41, 60, 52, 65, 27, 90, 70, 39, 87, 48, 69, 99, 4, 46, 1, 13, 58, 97, 59, 28, 75, 73, 37, 35, 79, 22, 66, 76, 42, 40, 80, 96, 6, 16, 61, 33, 7, 57, 34, 12, 67, 10, 98, 56, 88, 29, 94, 91, 51, 19, 92, 43, 84, 38, 72, 81, 8, 2, 55, 62, 89, 25, 0]|[2, 1, 1, 2, 1, 2, 1, 1, 1, 1, 1, 0, 2, 2, 1, 2, 0, 0, 0, 2, 2, 1, 0, 2, 0, 2, 2, 1, 0, 1, 1, 1, 0, 0, 1, 0, 2, 1, 2, 2, 0, 0, 1, 1, 0, 2, 0, 2, 1, 0, 0, 2, 0, 0, 2, 0, 1, 0, 0, 0, 2, 1, 0, 2, 2, 0, 2, 2, 0, 1, 2, 1, 1, 2, 0, 1, 1, 1, 1, 2, 2, 1, 1, 2, 1, 1, 1, 0, 1, 0, 0, 1, 1, 1, 2, 0, 1, 1, 1, 0]|[1, 3, 2, 0, 4, 1, 4, 4, 2, 4, 3, 2, 1, 0, 2, 1, 1, 1, 2, 1, 1, 3, 0, 1, 0, 1, 1, 4, 1, 4, 3, 2, 2, 0, 4, 1, 1, 4, 0, 1, 2, 1, 4, 4, 1, 1, 0, 2, 3, 1, 2, 1, 2, 1, 1, 2, 4, 2, 0, 2, 2, 3, 1, 0, 1, 2, 0, 1, 2, 4, 1, 3, 4, 1, 2, 4, 3, 3, 3, 1, 1, 4, 3, 1, 3, 3, 4, 2, 4, 2, 2, 4, 1, 3, 1, 2, 3, 4, 4, 2]|[1, 2, 1, 0, 3, 0, 1, 3, 0, 0, 2, 0, 1, 0, 1, 0, 0, 0, 1, 0, 0, 2, 0, 0, 1, 0, 0, 3, 0, 1, 0, 2, 0, 1, 3, 0, 1, 3, 1, 0, 0, 0, 1, 3, 0, 0, 1, 0, 2, 0, 0, 0, 0, 0, 1, 0, 1, 0, 1, 1, 0, 2, 0, 0, 0, 0, 0, 0, 0, 2, 0, 0, 1, 0, 0, 1, 0, 0, 3, 0, 0, 1, 0, 0, 0, 0, 3, 0, 2, 0, 0, 2, 1, 0, 0, 0, 0, 1, 3, 0],836.569815134707,52504.092339752446,107095.57005228325,false
24,G2_TEC,G2_TEC,[31, 22, 82, 15, 26, 9, 95, 42, 77, 68, 47, 5, 93, 78, 86, 54, 85, 63, 18, 44, 20, 49, 36, 14, 74, 50, 53, 17, 21, 28, 11, 64, 3, 23, 30, 83, 24, 41, 40, 52, 65, 27, 90, 70, 39, 87, 48, 69, 99, 4, 46, 1, 13, 58, 97, 59, 45, 8, 73, 37, 35, 79, 71, 66, 76, 32, 60, 80, 96, 6, 16, 61, 33, 7, 57, 34, 12, 67, 10, 98, 56, 88, 29, 75, 91, 38, 19, 92, 43, 84, 51, 72, 81, 25, 2, 55, 62, 89, 94, 0]|[2, 1, 2, 1, 1, 2, 1, 1, 1, 1, 1, 0, 2, 2, 1, 2, 0, 0, 0, 2, 2, 1, 0, 2, 0, 2, 2, 1, 0, 1, 1, 1, 0, 0, 1, 0, 2, 1, 2, 2, 0, 0, 1, 1, 0, 2, 0, 2, 1, 0, 0, 2, 0, 0, 2, 0, 1, 1, 0, 0, 2, 1, 1, 2, 2, 0, 2, 2, 0, 1, 2, 1, 1, 2, 0, 1, 1, 1, 1, 2, 2, 1, 1, 0, 1, 0, 1, 0, 1, 0, 1, 1, 1, 1, 2, 0, 1, 1, 2, 0]|[0, 3, 0, 3, 4, 1, 4, 4, 2, 4, 3, 2, 1, 0, 2, 1, 1, 1, 2, 1, 1, 3, 0, 1, 0, 1, 1, 4, 1, 4, 3, 2, 2, 0, 4, 1, 1, 4, 0, 1, 2, 1, 4, 4, 1, 1, 0, 2, 3, 2, 2, 1, 2, 1, 1, 2, 4, 3, 0, 2, 2, 3, 3, 0, 1, 2, 0, 1, 2, 4, 1, 3, 4, 1, 2, 4, 3, 3, 3, 1, 1, 4, 3, 2, 3, 2, 4, 2, 4, 2, 3, 4, 4, 4, 1, 2, 3, 4, 1, 2]|[0, 2, 0, 0, 3, 0, 1, 3, 0, 0, 2, 0, 1, 0, 1, 0, 0, 0, 1, 0, 0, 2, 0, 0, 1, 0, 0, 3, 0, 1, 0, 2, 0, 0, 3, 0, 1, 3, 0, 0, 0, 0, 1, 3, 0, 0, 1, 0, 2, 0, 0, 0, 0, 0, 1, 0, 1, 0, 1, 1, 0, 2, 0, 0, 0, 0, 0, 0, 0, 2, 0, 0, 1, 0, 0, 1, 0, 0, 3, 0, 0, 1, 0, 0, 0, 0, 1, 0, 2, 0, 0, 2, 1, 3, 0, 0, 0, 1, 0, 0],896.1029292898813,50428.13444364295,114595.46915086164,false
24,G3_TWC,G1_CMAX,[31, 22, 82, 15, 26, 9, 42, 95, 77, 12, 47, 5, 93, 78, 86, 54, 85, 63, 18, 44, 20, 35, 43, 97, 91, 76, 10, 30, 21, 45, 71, 64, 1, 23, 17, 83, 24, 14, 60, 36, 6, 57, 94, 88, 65, 56, 79, 40, 67, 68, 46, 75, 38, 58, 19, 32, 81, 41, 27, 62, 87, 90, 99, 59, 11, 16, 72, 73, 70, 39, 37, 84, 3, 92, 25, 55, 28, 29, 51, 7, 33, 61, 98, 66, 89, 50, 8, 96, 53, 4, 80, 13, 34, 49, 52, 0, 48, 69, 2, 74]|[1, 1, 0, 1, 1, 1, 2, 1, 2, 1, 2, 2, 2, 1, 1, 0, 0, 1, 0, 2, 2, 0, 1, 2, 0, 1, 2, 2, 0, 0, 1, 2, 1, 2, 1, 0, 2, 0, 1, 1, 0, 1, 1, 1, 0, 2, 1, 1, 0, 0, 0, 0, 1, 1, 2, 1, 2, 0, 0, 0, 2, 1, 0, 1, 2, 1, 2, 1, 1, 1, 1, 1, 1, 0, 1, 1, 0, 0, 0, 1, 2, 1, 0, 2, 1, 0, 1, 0, 0, 0, 0, 0, 2, 0, 1, 0, 0, 1, 0, 2]|[4, 3, 2, 2, 0, 0, 2, 2, 2, 4, 1, 1, 2, 4, 4, 1, 2, 4, 2, 1, 1, 1, 1, 2, 1, 2, 1, 1, 1, 1, 3, 2, 3, 0, 4, 0, 1, 1, 0, 3, 2, 2, 4, 0, 1, 1, 0, 2, 0, 1, 2, 2, 1, 4, 0, 3, 2, 1, 1, 2, 1, 3, 1, 1, 1, 3, 0, 4, 3, 1, 4, 1, 1, 0, 4, 4, 2, 1, 1, 3, 1, 3, 1, 1, 1, 1, 3, 1, 2, 2, 1, 1, 1, 1, 1, 2, 2, 3, 2, 1]|[0, 2, 1, 1, 3, 3, 0, 1, 0, 0, 0, 0, 1, 0, 1, 0, 0, 3, 1, 0, 0, 0, 3, 1, 0, 2, 0, 0, 0, 1, 0, 0, 0, 0, 3, 0, 1, 0, 0, 2, 1, 1, 2, 0, 0, 0, 0, 1, 1, 0, 0, 0, 1, 3, 0, 0, 1, 0, 0, 1, 0, 2, 0, 1, 0, 2, 1, 0, 0, 1, 1, 3, 1, 1, 3, 3, 1, 0, 0, 2, 0, 0, 0, 0, 1, 0, 2, 0, 1, 1, 0, 0, 0, 1, 1, 0, 0, 0, 0, 0],800.9728923351585,58117.763115372225,90558.04465999853,true
24,G1_CMAX,G1_CMAX,[31, 22, 82, 15, 26, 9, 42, 77, 12, 5, 47, 93, 78, 86, 54, 6, 63, 18, 44, 20, 35, 43, 97, 91, 76, 10, 30, 21, 45, 17, 23, 1, 71, 83, 24, 14, 60, 36, 85, 57, 40, 95, 88, 65, 56, 79, 94, 67, 68, 46, 75, 38, 58, 19, 32, 81, 41, 62, 87, 28, 90, 59, 11, 16, 72, 73, 69, 52, 37, 64, 84, 3, 25, 29, 55, 51, 7, 98, 61, 66, 99, 33, 89, 48, 50, 96, 53, 80, 4, 8, 27, 2, 39, 13, 0, 92, 49, 74, 34, 70]|[1, 1, 0, 1, 1, 1, 2, 2, 1, 2, 2, 1, 1, 1, 0, 0, 1, 0, 2, 2, 0, 1, 2, 2, 1, 2, 2, 0, 0, 1, 2, 1, 1, 0, 2, 0, 1, 1, 0, 1, 1, 1, 1, 0, 2, 1, 1, 0, 0, 0, 0, 1, 1, 2, 1, 2, 0, 0, 2, 0, 1, 2, 2, 1, 2, 1, 1, 1, 1, 1, 1, 2, 1, 0, 2, 0, 1, 2, 1, 0, 0, 2, 1, 0, 0, 2, 0, 0, 1, 1, 0, 0, 1, 0, 0, 0, 0, 2, 2, 1]|[0, 3, 1, 2, 0, 0, 1, 1, 4, 1, 1, 4, 4, 4, 2, 2, 4, 2, 1, 1, 1, 1, 2, 1, 2, 1, 1, 1, 1, 4, 0, 3, 3, 0, 1, 1, 0, 3, 2, 2, 2, 2, 0, 1, 1, 0, 4, 0, 1, 2, 2, 1, 4, 0, 3, 2, 1, 2, 1, 2, 3, 1, 1, 3, 0, 4, 4, 1, 4, 3, 1, 2, 4, 1, 1, 1, 1, 1, 3, 1, 1, 1, 1, 1, 1, 1, 2, 1, 4, 3, 2, 2, 1, 2, 2, 0, 1, 1, 1, 4]|[1, 1, 1, 1, 3, 3, 0, 0, 0, 0, 0, 2, 0, 1, 0, 0, 3, 1, 0, 0, 0, 3, 1, 0, 2, 0, 0, 0, 1, 3, 0, 0, 0, 0, 1, 0, 0, 2, 1, 1, 1, 1, 0, 0, 0, 0, 2, 1, 0, 0, 0, 1, 3, 0, 0, 1, 0, 1, 0, 1, 2, 0, 0, 2, 1, 0, 2, 1, 1, 0, 3, 1, 3, 0, 0, 0, 2, 0, 0, 0, 0, 0, 1, 0, 0, 0, 1, 0, 0, 2, 1, 0, 1, 0, 0, 1, 1, 0, 0, 2],733.3116759547878,58140.55643565909,96674.14109675489,false
24,G4_BALANCED,G4_BALANCED,[31, 11, 15, 82, 26, 9, 95, 32, 77, 68, 47, 5, 93, 78, 86, 54, 85, 63, 18, 44, 20, 49, 36, 14, 74, 50, 53, 17, 21, 45, 71, 64, 3, 23, 30, 83, 24, 41, 60, 52, 65, 27, 90, 70, 39, 87, 48, 69, 99, 4, 46, 1, 13, 58, 97, 59, 28, 75, 73, 37, 35, 79, 22, 66, 76, 42, 40, 80, 96, 6, 16, 61, 33, 7, 57, 34, 12, 67, 10, 98, 56, 88, 29, 94, 91, 51, 19, 92, 43, 84, 38, 72, 81, 8, 2, 55, 62, 89, 25, 0]|[2, 1, 1, 2, 1, 2, 1, 1, 1, 1, 1, 0, 2, 2, 1, 2, 0, 0, 0, 2, 2, 1, 0, 2, 0, 2, 2, 1, 0, 1, 1, 1, 0, 0, 1, 0, 2, 1, 2, 2, 0, 0, 1, 1, 0, 2, 0, 2, 1, 0, 0, 2, 0, 0, 2, 0, 1, 0, 0, 0, 2, 1, 0, 2, 2, 0, 2, 2, 0, 1, 2, 1, 1, 2, 0, 1, 1, 1, 1, 2, 2, 1, 1, 2, 1, 1, 1, 0, 1, 0, 0, 1, 1, 1, 2, 0, 1, 1, 1, 0]|[1, 3, 2, 0, 4, 1, 4, 4, 2, 4, 3, 2, 1, 0, 2, 1, 1, 1, 2, 1, 1, 3, 0, 1, 0, 1, 1, 4, 1, 4, 3, 2, 2, 0, 4, 1, 1, 4, 0, 1, 2, 1, 4, 4, 1, 1, 0, 2, 3, 1, 2, 1, 2, 1, 1, 2, 4, 2, 0, 2, 2, 3, 1, 0, 1, 2, 0, 1, 2, 4, 1, 3, 4, 1, 2, 4, 3, 3, 3, 1, 1, 4, 3, 1, 3, 3, 4, 2, 4, 2, 2, 4, 1, 3, 1, 2, 3, 4, 4, 2]|[1, 2, 1, 0, 3, 0, 1, 3, 0, 0, 2, 0, 1, 0, 1, 0, 0, 0, 1, 0, 0, 2, 0, 0, 1, 0, 0, 3, 0, 1, 0, 2, 0, 1, 3, 0, 1, 3, 1, 0, 0, 0, 1, 3, 0, 0, 1, 0, 2, 0, 0, 0, 0, 0, 1, 0, 1, 0, 1, 1, 0, 2, 0, 0, 0, 0, 0, 0, 0, 2, 0, 0, 1, 0, 0, 1, 0, 0, 3, 0, 0, 1, 0, 0, 0, 0, 3, 0, 2, 0, 0, 2, 1, 0, 0, 0, 0, 1, 3, 0],836.569815134707,52504.092339752446,107095.57005228325,false
24,G2_TEC,G2_TEC,[31, 22, 82, 15, 26, 9, 95, 42, 77, 68, 47, 5, 93, 78, 86, 54, 85, 63, 18, 44, 20, 49, 36, 14, 74, 50, 53, 17, 21, 28, 11, 64, 3, 23, 30, 83, 24, 41, 40, 52, 65, 27, 90, 70, 39, 87, 48, 69, 99, 4, 46, 1, 13, 58, 97, 59, 45, 8, 73, 37, 35, 79, 71, 66, 76, 32, 60, 80, 96, 6, 16, 61, 33, 7, 57, 34, 12, 67, 10, 98, 56, 88, 29, 75, 91, 38, 19, 92, 43, 84, 51, 72, 81, 25, 2, 55, 62, 89, 94, 0]|[2, 1, 2, 1, 1, 2, 1, 1, 1, 1, 1, 0, 2, 2, 1, 2, 0, 0, 0, 2, 2, 1, 0, 2, 0, 2, 2, 1, 0, 1, 1, 1, 0, 0, 1, 0, 2, 1, 2, 2, 0, 0, 1, 1, 0, 2, 0, 2, 1, 0, 0, 2, 0, 0, 2, 0, 1, 1, 0, 0, 2, 1, 1, 2, 2, 0, 2, 2, 0, 1, 2, 1, 1, 2, 0, 1, 1, 1, 1, 2, 2, 1, 1, 0, 1, 0, 1, 0, 1, 0, 1, 1, 1, 1, 2, 0, 1, 1, 2, 0]|[0, 3, 0, 3, 4, 1, 4, 4, 2, 4, 3, 2, 1, 0, 2, 1, 1, 1, 2, 1, 1, 3, 0, 1, 0, 1, 1, 4, 1, 4, 3, 2, 2, 0, 4, 1, 1, 4, 0, 1, 2, 1, 4, 4, 1, 1, 0, 2, 3, 2, 2, 1, 2, 1, 1, 2, 4, 3, 0, 2, 2, 3, 3, 0, 1, 2, 0, 1, 2, 4, 1, 3, 4, 1, 2, 4, 3, 3, 3, 1, 1, 4, 3, 2, 3, 2, 4, 2, 4, 2, 3, 4, 4, 4, 1, 2, 3, 4, 1, 2]|[0, 2, 0, 0, 3, 0, 1, 3, 0, 0, 2, 0, 1, 0, 1, 0, 0, 0, 1, 0, 0, 2, 0, 0, 1, 0, 0, 3, 0, 1, 0, 2, 0, 0, 3, 0, 1, 3, 0, 0, 0, 0, 1, 3, 0, 0, 1, 0, 2, 0, 0, 0, 0, 0, 1, 0, 1, 0, 1, 1, 0, 2, 0, 0, 0, 0, 0, 0, 0, 2, 0, 0, 1, 0, 0, 1, 0, 0, 3, 0, 0, 1, 0, 0, 0, 0, 1, 0, 2, 0, 0, 2, 1, 3, 0, 0, 0, 1, 0, 0],896.1029292898813,50428.13444364295,114595.46915086164,false
24,G3_TWC,G1_CMAX,[31, 22, 82, 15, 26, 9, 42, 95, 77, 12, 47, 5, 93, 78, 86, 54, 85, 63, 18, 44, 20, 35, 43, 97, 91, 76, 10, 30, 21, 45, 71, 64, 1, 23, 17, 83, 24, 14, 60, 36, 6, 57, 94, 88, 65, 56, 79, 40, 67, 68, 46, 75, 38, 58, 19, 32, 81, 41, 27, 62, 87, 90, 99, 59, 11, 16, 72, 73, 70, 39, 37, 84, 3, 92, 25, 55, 28, 29, 51, 7, 33, 61, 98, 66, 89, 50, 8, 96, 53, 4, 80, 13, 34, 49, 52, 0, 48, 69, 2, 74]|[1, 1, 0, 1, 1, 1, 2, 1, 2, 1, 2, 2, 2, 1, 1, 0, 0, 1, 0, 2, 2, 0, 1, 2, 0, 1, 2, 2, 0, 0, 1, 2, 1, 2, 1, 0, 2, 0, 1, 1, 0, 1, 1, 1, 0, 2, 1, 1, 0, 0, 0, 0, 1, 1, 2, 1, 2, 0, 0, 0, 2, 1, 0, 1, 2, 1, 2, 1, 1, 1, 1, 1, 1, 0, 1, 1, 0, 0, 0, 1, 2, 1, 0, 2, 1, 0, 1, 0, 0, 0, 0, 0, 2, 0, 1, 0, 0, 1, 0, 2]|[4, 3, 2, 2, 0, 0, 2, 2, 2, 4, 1, 1, 2, 4, 4, 1, 2, 4, 2, 1, 1, 1, 1, 2, 1, 2, 1, 1, 1, 1, 3, 2, 3, 0, 4, 0, 1, 1, 0, 3, 2, 2, 4, 0, 1, 1, 0, 2, 0, 1, 2, 2, 1, 4, 0, 3, 2, 1, 1, 2, 1, 3, 1, 1, 1, 3, 0, 4, 3, 1, 4, 1, 1, 0, 4, 4, 2, 1, 1, 3, 1, 3, 1, 1, 1, 1, 3, 1, 2, 2, 1, 1, 1, 1, 1, 2, 2, 3, 2, 1]|[0, 2, 1, 1, 3, 3, 0, 1, 0, 0, 0, 0, 1, 0, 1, 0, 0, 3, 1, 0, 0, 0, 3, 1, 0, 2, 0, 0, 0, 1, 0, 0, 0, 0, 3, 0, 1, 0, 0, 2, 1, 1, 2, 0, 0, 0, 0, 1, 1, 0, 0, 0, 1, 3, 0, 0, 1, 0, 0, 1, 0, 2, 0, 1, 0, 2, 1, 0, 0, 1, 1, 3, 1, 1, 3, 3, 1, 0, 0, 2, 0, 0, 0, 0, 1, 0, 2, 0, 1, 1, 0, 0, 0, 1, 1, 0, 0, 0, 0, 0],800.9728923351585,58117.763115372225,90558.04465999853,true
24,G1_CMAX,G1_CMAX,[31, 22, 82, 15, 26, 9, 42, 77, 12, 5, 47, 93, 78, 86, 54, 6, 63, 18, 44, 20, 35, 43, 97, 91, 76, 10, 30, 21, 45, 17, 23, 1, 71, 83, 24, 14, 60, 36, 85, 57, 40, 95, 88, 65, 56, 79, 94, 67, 68, 46, 75, 38, 58, 19, 32, 81, 41, 62, 87, 28, 90, 59, 11, 16, 72, 73, 69, 52, 37, 64, 84, 3, 25, 29, 55, 51, 7, 98, 61, 66, 99, 33, 89, 48, 50, 96, 53, 80, 4, 8, 27, 2, 39, 13, 0, 92, 49, 74, 34, 70]|[1, 1, 0, 1, 1, 1, 2, 2, 1, 2, 2, 1, 1, 1, 0, 0, 1, 0, 2, 2, 0, 1, 2, 2, 1, 2, 2, 0, 0, 1, 2, 1, 1, 0, 2, 0, 1, 1, 0, 1, 1, 1, 1, 0, 2, 1, 1, 0, 0, 0, 0, 1, 1, 2, 1, 2, 0, 0, 2, 0, 1, 2, 2, 1, 2, 1, 1, 1, 1, 1, 1, 2, 1, 0, 2, 0, 1, 2, 1, 0, 0, 2, 1, 0, 0, 2, 0, 0, 1, 1, 0, 0, 1, 0, 0, 0, 0, 2, 2, 1]|[0, 3, 1, 2, 0, 0, 1, 1, 4, 1, 1, 4, 4, 4, 2, 2, 4, 2, 1, 1, 1, 1, 2, 1, 2, 1, 1, 1, 1, 4, 0, 3, 3, 0, 1, 1, 0, 3, 2, 2, 2, 2, 0, 1, 1, 0, 4, 0, 1, 2, 2, 1, 4, 0, 3, 2, 1, 2, 1, 2, 3, 1, 1, 3, 0, 4, 4, 1, 4, 3, 1, 2, 4, 1, 1, 1, 1, 1, 3, 1, 1, 1, 1, 1, 1, 1, 2, 1, 4, 3, 2, 2, 1, 2, 2, 0, 1, 1, 1, 4]|[1, 1, 1, 1, 3, 3, 0, 0, 0, 0, 0, 2, 0, 1, 0, 0, 3, 1, 0, 0, 0, 3, 1, 0, 2, 0, 0, 0, 1, 3, 0, 0, 0, 0, 1, 0, 0, 2, 1, 1, 1, 1, 0, 0, 0, 0, 2, 1, 0, 0, 0, 1, 3, 0, 0, 1, 0, 1, 0, 1, 2, 0, 0, 2, 1, 0, 2, 1, 1, 0, 3, 1, 3, 0, 0, 0, 2, 0, 0, 0, 0, 0, 1, 0, 0, 0, 1, 0, 0, 2, 1, 0, 1, 0, 0, 1, 1, 0, 0, 2],733.3116759547878,58140.55643565909,96674.14109675489,false
24,G4_BALANCED,G4_BALANCED,[31, 11, 15, 82, 26, 9, 95, 32, 77, 68, 47, 5, 93, 78, 86, 54, 85, 63, 18, 44, 20, 49, 36, 14, 74, 50, 53, 17, 21, 45, 71, 64, 3, 23, 30, 83, 24, 41, 60, 52, 65, 27, 90, 70, 39, 87, 48, 69, 99, 4, 46, 1, 13, 58, 97, 59, 28, 75, 73, 37, 35, 79, 22, 66, 76, 42, 40, 80, 96, 6, 16, 61, 33, 7, 57, 34, 12, 67, 10, 98, 56, 88, 29, 94, 91, 51, 19, 92, 43, 84, 38, 72, 81, 8, 2, 55, 62, 89, 25, 0]|[2, 1, 1, 2, 1, 2, 1, 1, 1, 1, 1, 0, 2, 2, 1, 2, 0, 0, 0, 2, 2, 1, 0, 2, 0, 2, 2, 1, 0, 1, 1, 1, 0, 0, 1, 0, 2, 1, 2, 2, 0, 0, 1, 1, 0, 2, 0, 2, 1, 0, 0, 2, 0, 0, 2, 0, 1, 0, 0, 0, 2, 1, 0, 2, 2, 0, 2, 2, 0, 1, 2, 1, 1, 2, 0, 1, 1, 1, 1, 2, 2, 1, 1, 2, 1, 1, 1, 0, 1, 0, 0, 1, 1, 1, 2, 0, 1, 1, 1, 0]|[1, 3, 2, 0, 4, 1, 4, 4, 2, 4, 3, 2, 1, 0, 2, 1, 1, 1, 2, 1, 1, 3, 0, 1, 0, 1, 1, 4, 1, 4, 3, 2, 2, 0, 4, 1, 1, 4, 0, 1, 2, 1, 4, 4, 1, 1, 0, 2, 3, 1, 2, 1, 2, 1, 1, 2, 4, 2, 0, 2, 2, 3, 1, 0, 1, 2, 0, 1, 2, 4, 1, 3, 4, 1, 2, 4, 3, 3, 3, 1, 1, 4, 3, 1, 3, 3, 4, 2, 4, 2, 2, 4, 1, 3, 1, 2, 3, 4, 4, 2]|[1, 2, 1, 0, 3, 0, 1, 3, 0, 0, 2, 0, 1, 0, 1, 0, 0, 0, 1, 0, 0, 2, 0, 0, 1, 0, 0, 3, 0, 1, 0, 2, 0, 1, 3, 0, 1, 3, 1, 0, 0, 0, 1, 3, 0, 0, 1, 0, 2, 0, 0, 0, 0, 0, 1, 0, 1, 0, 1, 1, 0, 2, 0, 0, 0, 0, 0, 0, 0, 2, 0, 0, 1, 0, 0, 1, 0, 0, 3, 0, 0, 1, 0, 0, 0, 0, 3, 0, 2, 0, 0, 2, 1, 0, 0, 0, 0, 1, 3, 0],836.569815134707,52504.092339752446,107095.57005228325,false
24,G2_TEC,G2_TEC,[31, 22, 82, 15, 26, 9, 95, 42, 77, 68, 47, 5, 93, 78, 86, 54, 85, 63, 18, 44, 20, 49, 36, 14, 74, 50, 53, 17, 21, 28, 11, 64, 3, 23, 30, 83, 24, 41, 40, 52, 65, 27, 90, 70, 39, 87, 48, 69, 99, 4, 46, 1, 13, 58, 97, 59, 45, 8, 73, 37, 35, 79, 71, 66, 76, 32, 60, 80, 96, 6, 16, 61, 33, 7, 57, 34, 12, 67, 10, 98, 56, 88, 29, 75, 91, 38, 19, 92, 43, 84, 51, 72, 81, 25, 2, 55, 62, 89, 94, 0]|[2, 1, 2, 1, 1, 2, 1, 1, 1, 1, 1, 0, 2, 2, 1, 2, 0, 0, 0, 2, 2, 1, 0, 2, 0, 2, 2, 1, 0, 1, 1, 1, 0, 0, 1, 0, 2, 1, 2, 2, 0, 0, 1, 1, 0, 2, 0, 2, 1, 0, 0, 2, 0, 0, 2, 0, 1, 1, 0, 0, 2, 1, 1, 2, 2, 0, 2, 2, 0, 1, 2, 1, 1, 2, 0, 1, 1, 1, 1, 2, 2, 1, 1, 0, 1, 0, 1, 0, 1, 0, 1, 1, 1, 1, 2, 0, 1, 1, 2, 0]|[0, 3, 0, 3, 4, 1, 4, 4, 2, 4, 3, 2, 1, 0, 2, 1, 1, 1, 2, 1, 1, 3, 0, 1, 0, 1, 1, 4, 1, 4, 3, 2, 2, 0, 4, 1, 1, 4, 0, 1, 2, 1, 4, 4, 1, 1, 0, 2, 3, 2, 2, 1, 2, 1, 1, 2, 4, 3, 0, 2, 2, 3, 3, 0, 1, 2, 0, 1, 2, 4, 1, 3, 4, 1, 2, 4, 3, 3, 3, 1, 1, 4, 3, 2, 3, 2, 4, 2, 4, 2, 3, 4, 4, 4, 1, 2, 3, 4, 1, 2]|[0, 2, 0, 0, 3, 0, 1, 3, 0, 0, 2, 0, 1, 0, 1, 0, 0, 0, 1, 0, 0, 2, 0, 0, 1, 0, 0, 3, 0, 1, 0, 2, 0, 0, 3, 0, 1, 3, 0, 0, 0, 0, 1, 3, 0, 0, 1, 0, 2, 0, 0, 0, 0, 0, 1, 0, 1, 0, 1, 1, 0, 2, 0, 0, 0, 0, 0, 0, 0, 2, 0, 0, 1, 0, 0, 1, 0, 0, 3, 0, 0, 1, 0, 0, 0, 0, 1, 0, 2, 0, 0, 2, 1, 3, 0, 0, 0, 1, 0, 0],896.1029292898813,50428.13444364295,114595.46915086164,false
24,G3_TWC,G1_CMAX,[31, 22, 82, 15, 26, 9, 42, 95, 77, 12, 47, 5, 93, 78, 86, 54, 85, 63, 18, 44, 20, 35, 43, 97, 91, 76, 10, 30, 21, 45, 71, 64, 1, 23, 17, 83, 24, 14, 60, 36, 6, 57, 94, 88, 65, 56, 79, 40, 67, 68, 46, 75, 38, 58, 19, 32, 81, 41, 27, 62, 87, 90, 99, 59, 11, 16, 72, 73, 70, 39, 37, 84, 3, 92, 25, 55, 28, 29, 51, 7, 33, 61, 98, 66, 89, 50, 8, 96, 53, 4, 80, 13, 34, 49, 52, 0, 48, 69, 2, 74]|[1, 1, 0, 1, 1, 1, 2, 1, 2, 1, 2, 2, 2, 1, 1, 0, 0, 1, 0, 2, 2, 0, 1, 2, 0, 1, 2, 2, 0, 0, 1, 2, 1, 2, 1, 0, 2, 0, 1, 1, 0, 1, 1, 1, 0, 2, 1, 1, 0, 0, 0, 0, 1, 1, 2, 1, 2, 0, 0, 0, 2, 1, 0, 1, 2, 1, 2, 1, 1, 1, 1, 1, 1, 0, 1, 1, 0, 0, 0, 1, 2, 1, 0, 2, 1, 0, 1, 0, 0, 0, 0, 0, 2, 0, 1, 0, 0, 1, 0, 2]|[4, 3, 2, 2, 0, 0, 2, 2, 2, 4, 1, 1, 2, 4, 4, 1, 2, 4, 2, 1, 1, 1, 1, 2, 1, 2, 1, 1, 1, 1, 3, 2, 3, 0, 4, 0, 1, 1, 0, 3, 2, 2, 4, 0, 1, 1, 0, 2, 0, 1, 2, 2, 1, 4, 0, 3, 2, 1, 1, 2, 1, 3, 1, 1, 1, 3, 0, 4, 3, 1, 4, 1, 1, 0, 4, 4, 2, 1, 1, 3, 1, 3, 1, 1, 1, 1, 3, 1, 2, 2, 1, 1, 1, 1, 1, 2, 2, 3, 2, 1]|[0, 2, 1, 1, 3, 3, 0, 1, 0, 0, 0, 0, 1, 0, 1, 0, 0, 3, 1, 0, 0, 0, 3, 1, 0, 2, 0, 0, 0, 1, 0, 0, 0, 0, 3, 0, 1, 0, 0, 2, 1, 1, 2, 0, 0, 0, 0, 1, 1, 0, 0, 0, 1, 3, 0, 0, 1, 0, 0, 1, 0, 2, 0, 1, 0, 2, 1, 0, 0, 1, 1, 3, 1, 1, 3, 3, 1, 0, 0, 2, 0, 0, 0, 0, 1, 0, 2, 0, 1, 1, 0, 0, 0, 1, 1, 0, 0, 0, 0, 0],800.9728923351585,58117.763115372225,90558.04465999853,true
24,G1_CMAX,G1_CMAX,[31, 22, 82, 15, 26, 9, 42, 77, 12, 5, 47, 93, 78, 86, 54, 6, 63, 18, 44, 20, 35, 43, 97, 91, 76, 10, 30, 21, 45, 17, 23, 1, 71, 83, 24, 14, 60, 36, 85, 57, 40, 95, 88, 65, 56, 79, 94, 67, 68, 46, 75, 38, 58, 19, 32, 81, 41, 62, 87, 28, 90, 59, 11, 16, 72, 73, 69, 52, 37, 64, 84, 3, 25, 29, 55, 51, 7, 98, 61, 66, 99, 33, 89, 48, 50, 96, 53, 80, 4, 8, 27, 2, 39, 13, 0, 92, 49, 74, 34, 70]|[1, 1, 0, 1, 1, 1, 2, 2, 1, 2, 2, 1, 1, 1, 0, 0, 1, 0, 2, 2, 0, 1, 2, 2, 1, 2, 2, 0, 0, 1, 2, 1, 1, 0, 2, 0, 1, 1, 0, 1, 1, 1, 1, 0, 2, 1, 1, 0, 0, 0, 0, 1, 1, 2, 1, 2, 0, 0, 2, 0, 1, 2, 2, 1, 2, 1, 1, 1, 1, 1, 1, 2, 1, 0, 2, 0, 1, 2, 1, 0, 0, 2, 1, 0, 0, 2, 0, 0, 1, 1, 0, 0, 1, 0, 0, 0, 0, 2, 2, 1]|[0, 3, 1, 2, 0, 0, 1, 1, 4, 1, 1, 4, 4, 4, 2, 2, 4, 2, 1, 1, 1, 1, 2, 1, 2, 1, 1, 1, 1, 4, 0, 3, 3, 0, 1, 1, 0, 3, 2, 2, 2, 2, 0, 1, 1, 0, 4, 0, 1, 2, 2, 1, 4, 0, 3, 2, 1, 2, 1, 2, 3, 1, 1, 3, 0, 4, 4, 1, 4, 3, 1, 2, 4, 1, 1, 1, 1, 1, 3, 1, 1, 1, 1, 1, 1, 1, 2, 1, 4, 3, 2, 2, 1, 2, 2, 0, 1, 1, 1, 4]|[1, 1, 1, 1, 3, 3, 0, 0, 0, 0, 0, 2, 0, 1, 0, 0, 3, 1, 0, 0, 0, 3, 1, 0, 2, 0, 0, 0, 1, 3, 0, 0, 0, 0, 1, 0, 0, 2, 1, 1, 1, 1, 0, 0, 0, 0, 2, 1, 0, 0, 0, 1, 3, 0, 0, 1, 0, 1, 0, 1, 2, 0, 0, 2, 1, 0, 2, 1, 1, 0, 3, 1, 3, 0, 0, 0, 2, 0, 0, 0, 0, 0, 1, 0, 0, 0, 1, 0, 0, 2, 1, 0, 1, 0, 0, 1, 1, 0, 0, 2],733.3116759547878,58140.55643565909,96674.14109675489,false
24,G4_BALANCED,G4_BALANCED,[31, 11, 15, 82, 26, 9, 95, 32, 77, 68, 47, 5, 93, 78, 86, 54, 85, 63, 18, 44, 20, 49, 36, 14, 74, 50, 53, 17, 21, 45, 71, 64, 3, 23, 30, 83, 24, 41, 60, 52, 65, 27, 90, 70, 39, 87, 48, 69, 99, 4, 46, 1, 13, 58, 97, 59, 28, 75, 73, 37, 35, 79, 22, 66, 76, 42, 40, 80, 96, 6, 16, 61, 33, 7, 57, 34, 12, 67, 10, 98, 56, 88, 29, 94, 91, 51, 19, 92, 43, 84, 38, 72, 81, 8, 2, 55, 62, 89, 25, 0]|[2, 1, 1, 2, 1, 2, 1, 1, 1, 1, 1, 0, 2, 2, 1, 2, 0, 0, 0, 2, 2, 1, 0, 2, 0, 2, 2, 1, 0, 1, 1, 1, 0, 0, 1, 0, 2, 1, 2, 2, 0, 0, 1, 1, 0, 2, 0, 2, 1, 0, 0, 2, 0, 0, 2, 0, 1, 0, 0, 0, 2, 1, 0, 2, 2, 0, 2, 2, 0, 1, 2, 1, 1, 2, 0, 1, 1, 1, 1, 2, 2, 1, 1, 2, 1, 1, 1, 0, 1, 0, 0, 1, 1, 1, 2, 0, 1, 1, 1, 0]|[1, 3, 2, 0, 4, 1, 4, 4, 2, 4, 3, 2, 1, 0, 2, 1, 1, 1, 2, 1, 1, 3, 0, 1, 0, 1, 1, 4, 1, 4, 3, 2, 2, 0, 4, 1, 1, 4, 0, 1, 2, 1, 4, 4, 1, 1, 0, 2, 3, 1, 2, 1, 2, 1, 1, 2, 4, 2, 0, 2, 2, 3, 1, 0, 1, 2, 0, 1, 2, 4, 1, 3, 4, 1, 2, 4, 3, 3, 3, 1, 1, 4, 3, 1, 3, 3, 4, 2, 4, 2, 2, 4, 1, 3, 1, 2, 3, 4, 4, 2]|[1, 2, 1, 0, 3, 0, 1, 3, 0, 0, 2, 0, 1, 0, 1, 0, 0, 0, 1, 0, 0, 2, 0, 0, 1, 0, 0, 3, 0, 1, 0, 2, 0, 1, 3, 0, 1, 3, 1, 0, 0, 0, 1, 3, 0, 0, 1, 0, 2, 0, 0, 0, 0, 0, 1, 0, 1, 0, 1, 1, 0, 2, 0, 0, 0, 0, 0, 0, 0, 2, 0, 0, 1, 0, 0, 1, 0, 0, 3, 0, 0, 1, 0, 0, 0, 0, 3, 0, 2, 0, 0, 2, 1, 0, 0, 0, 0, 1, 3, 0],836.569815134707,52504.092339752446,107095.57005228325,false
24,G2_TEC,G2_TEC,[31, 22, 82, 15, 26, 9, 95, 42, 77, 68, 47, 5, 93, 78, 86, 54, 85, 63, 18, 44, 20, 49, 36, 14, 74, 50, 53, 17, 21, 28, 11, 64, 3, 23, 30, 83, 24, 41, 40, 52, 65, 27, 90, 70, 39, 87, 48, 69, 99, 4, 46, 1, 13, 58, 97, 59, 45, 8, 73, 37, 35, 79, 71, 66, 76, 32, 60, 80, 96, 6, 16, 61, 33, 7, 57, 34, 12, 67, 10, 98, 56, 88, 29, 75, 91, 38, 19, 92, 43, 84, 51, 72, 81, 25, 2, 55, 62, 89, 94, 0]|[2, 1, 2, 1, 1, 2, 1, 1, 1, 1, 1, 0, 2, 2, 1, 2, 0, 0, 0, 2, 2, 1, 0, 2, 0, 2, 2, 1, 0, 1, 1, 1, 0, 0, 1, 0, 2, 1, 2, 2, 0, 0, 1, 1, 0, 2, 0, 2, 1, 0, 0, 2, 0, 0, 2, 0, 1, 1, 0, 0, 2, 1, 1, 2, 2, 0, 2, 2, 0, 1, 2, 1, 1, 2, 0, 1, 1, 1, 1, 2, 2, 1, 1, 0, 1, 0, 1, 0, 1, 0, 1, 1, 1, 1, 2, 0, 1, 1, 2, 0]|[0, 3, 0, 3, 4, 1, 4, 4, 2, 4, 3, 2, 1, 0, 2, 1, 1, 1, 2, 1, 1, 3, 0, 1, 0, 1, 1, 4, 1, 4, 3, 2, 2, 0, 4, 1, 1, 4, 0, 1, 2, 1, 4, 4, 1, 1, 0, 2, 3, 2, 2, 1, 2, 1, 1, 2, 4, 3, 0, 2, 2, 3, 3, 0, 1, 2, 0, 1, 2, 4, 1, 3, 4, 1, 2, 4, 3, 3, 3, 1, 1, 4, 3, 2, 3, 2, 4, 2, 4, 2, 3, 4, 4, 4, 1, 2, 3, 4, 1, 2]|[0, 2, 0, 0, 3, 0, 1, 3, 0, 0, 2, 0, 1, 0, 1, 0, 0, 0, 1, 0, 0, 2, 0, 0, 1, 0, 0, 3, 0, 1, 0, 2, 0, 0, 3, 0, 1, 3, 0, 0, 0, 0, 1, 3, 0, 0, 1, 0, 2, 0, 0, 0, 0, 0, 1, 0, 1, 0, 1, 1, 0, 2, 0, 0, 0, 0, 0, 0, 0, 2, 0, 0, 1, 0, 0, 1, 0, 0, 3, 0, 0, 1, 0, 0, 0, 0, 1, 0, 2, 0, 0, 2, 1, 3, 0, 0, 0, 1, 0, 0],896.1029292898813,50428.13444364295,114595.46915086164,false
24,G3_TWC,G1_CMAX,[31, 22, 82, 15, 26, 9, 42, 95, 77, 12, 47, 5, 93, 78, 86, 54, 85, 63, 18, 44, 20, 35, 43, 97, 91, 76, 10, 30, 21, 45, 71, 64, 1, 23, 17, 83, 24, 14, 60, 36, 6, 57, 94, 88, 65, 56, 79, 40, 67, 68, 46, 75, 38, 58, 19, 32, 81, 41, 27, 62, 87, 90, 99, 59, 11, 16, 72, 73, 70, 39, 37, 84, 3, 92, 25, 55, 28, 29, 51, 7, 33, 61, 98, 66, 89, 50, 8, 96, 53, 4, 80, 13, 34, 49, 52, 0, 48, 69, 2, 74]|[1, 1, 0, 1, 1, 1, 2, 1, 2, 1, 2, 2, 2, 1, 1, 0, 0, 1, 0, 2, 2, 0, 1, 2, 0, 1, 2, 2, 0, 0, 1, 2, 1, 2, 1, 0, 2, 0, 1, 1, 0, 1, 1, 1, 0, 2, 1, 1, 0, 0, 0, 0, 1, 1, 2, 1, 2, 0, 0, 0, 2, 1, 0, 1, 2, 1, 2, 1, 1, 1, 1, 1, 1, 0, 1, 1, 0, 0, 0, 1, 2, 1, 0, 2, 1, 0, 1, 0, 0, 0, 0, 0, 2, 0, 1, 0, 0, 1, 0, 2]|[4, 3, 2, 2, 0, 0, 2, 2, 2, 4, 1, 1, 2, 4, 4, 1, 2, 4, 2, 1, 1, 1, 1, 2, 1, 2, 1, 1, 1, 1, 3, 2, 3, 0, 4, 0, 1, 1, 0, 3, 2, 2, 4, 0, 1, 1, 0, 2, 0, 1, 2, 2, 1, 4, 0, 3, 2, 1, 1, 2, 1, 3, 1, 1, 1, 3, 0, 4, 3, 1, 4, 1, 1, 0, 4, 4, 2, 1, 1, 3, 1, 3, 1, 1, 1, 1, 3, 1, 2, 2, 1, 1, 1, 1, 1, 2, 2, 3, 2, 1]|[0, 2, 1, 1, 3, 3, 0, 1, 0, 0, 0, 0, 1, 0, 1, 0, 0, 3, 1, 0, 0, 0, 3, 1, 0, 2, 0, 0, 0, 1, 0, 0, 0, 0, 3, 0, 1, 0, 0, 2, 1, 1, 2, 0, 0, 0, 0, 1, 1, 0, 0, 0, 1, 3, 0, 0, 1, 0, 0, 1, 0, 2, 0, 1, 0, 2, 1, 0, 0, 1, 1, 3, 1, 1, 3, 3, 1, 0, 0, 2, 0, 0, 0, 0, 1, 0, 2, 0, 1, 1, 0, 0, 0, 1, 1, 0, 0, 0, 0, 0],800.9728923351585,58117.763115372225,90558.04465999853,true
24,G1_CMAX,G1_CMAX,[31, 22, 82, 15, 26, 9, 42, 77, 12, 5, 47, 93, 78, 86, 54, 6, 63, 18, 44, 20, 35, 43, 97, 91, 76, 10, 30, 21, 45, 17, 23, 1, 71, 83, 24, 14, 60, 36, 85, 57, 40, 95, 88, 65, 56, 79, 94, 67, 68, 46, 75, 38, 58, 19, 32, 81, 41, 62, 87, 28, 90, 59, 11, 16, 72, 73, 69, 52, 37, 64, 84, 3, 25, 29, 55, 51, 7, 98, 61, 66, 99, 33, 89, 48, 50, 96, 53, 80, 4, 8, 27, 2, 39, 13, 0, 92, 49, 74, 34, 70]|[1, 1, 0, 1, 1, 1, 2, 2, 1, 2, 2, 1, 1, 1, 0, 0, 1, 0, 2, 2, 0, 1, 2, 2, 1, 2, 2, 0, 0, 1, 2, 1, 1, 0, 2, 0, 1, 1, 0, 1, 1, 1, 1, 0, 2, 1, 1, 0, 0, 0, 0, 1, 1, 2, 1, 2, 0, 0, 2, 0, 1, 2, 2, 1, 2, 1, 1, 1, 1, 1, 1, 2, 1, 0, 2, 0, 1, 2, 1, 0, 0, 2, 1, 0, 0, 2, 0, 0, 1, 1, 0, 0, 1, 0, 0, 0, 0, 2, 2, 1]|[0, 3, 1, 2, 0, 0, 1, 1, 4, 1, 1, 4, 4, 4, 2, 2, 4, 2, 1, 1, 1, 1, 2, 1, 2, 1, 1, 1, 1, 4, 0, 3, 3, 0, 1, 1, 0, 3, 2, 2, 2, 2, 0, 1, 1, 0, 4, 0, 1, 2, 2, 1, 4, 0, 3, 2, 1, 2, 1, 2, 3, 1, 1, 3, 0, 4, 4, 1, 4, 3, 1, 2, 4, 1, 1, 1, 1, 1, 3, 1, 1, 1, 1, 1, 1, 1, 2, 1, 4, 3, 2, 2, 1, 2, 2, 0, 1, 1, 1, 4]|[1, 1, 1, 1, 3, 3, 0, 0, 0, 0, 0, 2, 0, 1, 0, 0, 3, 1, 0, 0, 0, 3, 1, 0, 2, 0, 0, 0, 1, 3, 0, 0, 0, 0, 1, 0, 0, 2, 1, 1, 1, 1, 0, 0, 0, 0, 2, 1, 0, 0, 0, 1, 3, 0, 0, 1, 0, 1, 0, 1, 2, 0, 0, 2, 1, 0, 2, 1, 1, 0, 3, 1, 3, 0, 0, 0, 2, 0, 0, 0, 0, 0, 1, 0, 0, 0, 1, 0, 0, 2, 1, 0, 1, 0, 0, 1, 1, 0, 0, 2],733.3116759547878,58140.55643565909,96674.14109675489,false
24,G4_BALANCED,G4_BALANCED,[31, 11, 15, 82, 26, 9, 95, 32, 77, 68, 47, 5, 93, 78, 86, 54, 85, 63, 18, 44, 20, 49, 36, 14, 74, 50, 53, 17, 21, 45, 71, 64, 3, 23, 30, 83, 24, 41, 60, 52, 65, 27, 90, 70, 39, 87, 48, 69, 99, 4, 46, 1, 13, 58, 97, 59, 28, 75, 73, 37, 35, 79, 22, 66, 76, 42, 40, 80, 96, 6, 16, 61, 33, 7, 57, 34, 12, 67, 10, 98, 56, 88, 29, 94, 91, 51, 19, 92, 43, 84, 38, 72, 81, 8, 2, 55, 62, 89, 25, 0]|[2, 1, 1, 2, 1, 2, 1, 1, 1, 1, 1, 0, 2, 2, 1, 2, 0, 0, 0, 2, 2, 1, 0, 2, 0, 2, 2, 1, 0, 1, 1, 1, 0, 0, 1, 0, 2, 1, 2, 2, 0, 0, 1, 1, 0, 2, 0, 2, 1, 0, 0, 2, 0, 0, 2, 0, 1, 0, 0, 0, 2, 1, 0, 2, 2, 0, 2, 2, 0, 1, 2, 1, 1, 2, 0, 1, 1, 1, 1, 2, 2, 1, 1, 2, 1, 1, 1, 0, 1, 0, 0, 1, 1, 1, 2, 0, 1, 1, 1, 0]|[1, 3, 2, 0, 4, 1, 4, 4, 2, 4, 3, 2, 1, 0, 2, 1, 1, 1, 2, 1, 1, 3, 0, 1, 0, 1, 1, 4, 1, 4, 3, 2, 2, 0, 4, 1, 1, 4, 0, 1, 2, 1, 4, 4, 1, 1, 0, 2, 3, 1, 2, 1, 2, 1, 1, 2, 4, 2, 0, 2, 2, 3, 1, 0, 1, 2, 0, 1, 2, 4, 1, 3, 4, 1, 2, 4, 3, 3, 3, 1, 1, 4, 3, 1, 3, 3, 4, 2, 4, 2, 2, 4, 1, 3, 1, 2, 3, 4, 4, 2]|[1, 2, 1, 0, 3, 0, 1, 3, 0, 0, 2, 0, 1, 0, 1, 0, 0, 0, 1, 0, 0, 2, 0, 0, 1, 0, 0, 3, 0, 1, 0, 2, 0, 1, 3, 0, 1, 3, 1, 0, 0, 0, 1, 3, 0, 0, 1, 0, 2, 0, 0, 0, 0, 0, 1, 0, 1, 0, 1, 1, 0, 2, 0, 0, 0, 0, 0, 0, 0, 2, 0, 0, 1, 0, 0, 1, 0, 0, 3, 0, 0, 1, 0, 0, 0, 0, 3, 0, 2, 0, 0, 2, 1, 0, 0, 0, 0, 1, 3, 0],836.569815134707,52504.092339752446,107095.57005228325,false
24,G2_TEC,G2_TEC,[31, 22, 82, 15, 26, 9, 95, 42, 77, 68, 47, 5, 93, 78, 86, 54, 85, 63, 18, 44, 20, 49, 36, 14, 74, 50, 53, 17, 21, 28, 11, 64, 3, 23, 30, 83, 24, 41, 40, 52, 65, 27, 90, 70, 39, 87, 48, 69, 99, 4, 46, 1, 13, 58, 97, 59, 45, 8, 73, 37, 35, 79, 71, 66, 76, 32, 60, 80, 96, 6, 16, 61, 33, 7, 57, 34, 12, 67, 10, 98, 56, 88, 29, 75, 91, 38, 19, 92, 43, 84, 51, 72, 81, 25, 2, 55, 62, 89, 94, 0]|[2, 1, 2, 1, 1, 2, 1, 1, 1, 1, 1, 0, 2, 2, 1, 2, 0, 0, 0, 2, 2, 1, 0, 2, 0, 2, 2, 1, 0, 1, 1, 1, 0, 0, 1, 0, 2, 1, 2, 2, 0, 0, 1, 1, 0, 2, 0, 2, 1, 0, 0, 2, 0, 0, 2, 0, 1, 1, 0, 0, 2, 1, 1, 2, 2, 0, 2, 2, 0, 1, 2, 1, 1, 2, 0, 1, 1, 1, 1, 2, 2, 1, 1, 0, 1, 0, 1, 0, 1, 0, 1, 1, 1, 1, 2, 0, 1, 1, 2, 0]|[0, 3, 0, 3, 4, 1, 4, 4, 2, 4, 3, 2, 1, 0, 2, 1, 1, 1, 2, 1, 1, 3, 0, 1, 0, 1, 1, 4, 1, 4, 3, 2, 2, 0, 4, 1, 1, 4, 0, 1, 2, 1, 4, 4, 1, 1, 0, 2, 3, 2, 2, 1, 2, 1, 1, 2, 4, 3, 0, 2, 2, 3, 3, 0, 1, 2, 0, 1, 2, 4, 1, 3, 4, 1, 2, 4, 3, 3, 3, 1, 1, 4, 3, 2, 3, 2, 4, 2, 4, 2, 3, 4, 4, 4, 1, 2, 3, 4, 1, 2]|[0, 2, 0, 0, 3, 0, 1, 3, 0, 0, 2, 0, 1, 0, 1, 0, 0, 0, 1, 0, 0, 2, 0, 0, 1, 0, 0, 3, 0, 1, 0, 2, 0, 0, 3, 0, 1, 3, 0, 0, 0, 0, 1, 3, 0, 0, 1, 0, 2, 0, 0, 0, 0, 0, 1, 0, 1, 0, 1, 1, 0, 2, 0, 0, 0, 0, 0, 0, 0, 2, 0, 0, 1, 0, 0, 1, 0, 0, 3, 0, 0, 1, 0, 0, 0, 0, 1, 0, 2, 0, 0, 2, 1, 3, 0, 0, 0, 1, 0, 0],896.1029292898813,50428.13444364295,114595.46915086164,false
24,G3_TWC,G1_CMAX,[31, 22, 82, 15, 26, 9, 42, 95, 77, 12, 47, 5, 93, 78, 86, 54, 85, 63, 18, 44, 20, 35, 43, 97, 91, 76, 10, 30, 21, 45, 71, 64, 1, 23, 17, 83, 24, 14, 60, 36, 6, 57, 94, 88, 65, 56, 79, 40, 67, 68, 46, 75, 38, 58, 19, 32, 81, 41, 27, 62, 87, 90, 99, 59, 11, 16, 72, 73, 70, 39, 37, 84, 3, 92, 25, 55, 28, 29, 51, 7, 33, 61, 98, 66, 89, 50, 8, 96, 53, 4, 80, 13, 34, 49, 52, 0, 48, 69, 2, 74]|[1, 1, 0, 1, 1, 1, 2, 1, 2, 1, 2, 2, 2, 1, 1, 0, 0, 1, 0, 2, 2, 0, 1, 2, 0, 1, 2, 2, 0, 0, 1, 2, 1, 2, 1, 0, 2, 0, 1, 1, 0, 1, 1, 1, 0, 2, 1, 1, 0, 0, 0, 0, 1, 1, 2, 1, 2, 0, 0, 0, 2, 1, 0, 1, 2, 1, 2, 1, 1, 1, 1, 1, 1, 0, 1, 1, 0, 0, 0, 1, 2, 1, 0, 2, 1, 0, 1, 0, 0, 0, 0, 0, 2, 0, 1, 0, 0, 1, 0, 2]|[4, 3, 2, 2, 0, 0, 2, 2, 2, 4, 1, 1, 2, 4, 4, 1, 2, 4, 2, 1, 1, 1, 1, 2, 1, 2, 1, 1, 1, 1, 3, 2, 3, 0, 4, 0, 1, 1, 0, 3, 2, 2, 4, 0, 1, 1, 0, 2, 0, 1, 2, 2, 1, 4, 0, 3, 2, 1, 1, 2, 1, 3, 1, 1, 1, 3, 0, 4, 3, 1, 4, 1, 1, 0, 4, 4, 2, 1, 1, 3, 1, 3, 1, 1, 1, 1, 3, 1, 2, 2, 1, 1, 1, 1, 1, 2, 2, 3, 2, 1]|[0, 2, 1, 1, 3, 3, 0, 1, 0, 0, 0, 0, 1, 0, 1, 0, 0, 3, 1, 0, 0, 0, 3, 1, 0, 2, 0, 0, 0, 1, 0, 0, 0, 0, 3, 0, 1, 0, 0, 2, 1, 1, 2, 0, 0, 0, 0, 1, 1, 0, 0, 0, 1, 3, 0, 0, 1, 0, 0, 1, 0, 2, 0, 1, 0, 2, 1, 0, 0, 1, 1, 3, 1, 1, 3, 3, 1, 0, 0, 2, 0, 0, 0, 0, 1, 0, 2, 0, 1, 1, 0, 0, 0, 1, 1, 0, 0, 0, 0, 0],800.9728923351585,58117.763115372225,90558.04465999853,true
24,G1_CMAX,G1_CMAX,[31, 22, 82, 15, 26, 9, 42, 77, 12, 5, 47, 93, 78, 86, 54, 6, 63, 18, 44, 20, 35, 43, 97, 91, 76, 10, 30, 21, 45, 17, 23, 1, 71, 83, 24, 14, 60, 36, 85, 57, 40, 95, 88, 65, 56, 79, 94, 67, 68, 46, 75, 38, 58, 19, 32, 81, 41, 62, 87, 28, 90, 59, 11, 16, 72, 73, 69, 52, 37, 64, 84, 3, 25, 29, 55, 51, 7, 98, 61, 66, 99, 33, 89, 48, 50, 96, 53, 80, 4, 8, 27, 2, 39, 13, 0, 92, 49, 74, 34, 70]|[1, 1, 0, 1, 1, 1, 2, 2, 1, 2, 2, 1, 1, 1, 0, 0, 1, 0, 2, 2, 0, 1, 2, 2, 1, 2, 2, 0, 0, 1, 2, 1, 1, 0, 2, 0, 1, 1, 0, 1, 1, 1, 1, 0, 2, 1, 1, 0, 0, 0, 0, 1, 1, 2, 1, 2, 0, 0, 2, 0, 1, 2, 2, 1, 2, 1, 1, 1, 1, 1, 1, 2, 1, 0, 2, 0, 1, 2, 1, 0, 0, 2, 1, 0, 0, 2, 0, 0, 1, 1, 0, 0, 1, 0, 0, 0, 0, 2, 2, 1]|[0, 3, 1, 2, 0, 0, 1, 1, 4, 1, 1, 4, 4, 4, 2, 2, 4, 2, 1, 1, 1, 1, 2, 1, 2, 1, 1, 1, 1, 4, 0, 3, 3, 0, 1, 1, 0, 3, 2, 2, 2, 2, 0, 1, 1, 0, 4, 0, 1, 2, 2, 1, 4, 0, 3, 2, 1, 2, 1, 2, 3, 1, 1, 3, 0, 4, 4, 1, 4, 3, 1, 2, 4, 1, 1, 1, 1, 1, 3, 1, 1, 1, 1, 1, 1, 1, 2, 1, 4, 3, 2, 2, 1, 2, 2, 0, 1, 1, 1, 4]|[1, 1, 1, 1, 3, 3, 0, 0, 0, 0, 0, 2, 0, 1, 0, 0, 3, 1, 0, 0, 0, 3, 1, 0, 2, 0, 0, 0, 1, 3, 0, 0, 0, 0, 1, 0, 0, 2, 1, 1, 1, 1, 0, 0, 0, 0, 2, 1, 0, 0, 0, 1, 3, 0, 0, 1, 0, 1, 0, 1, 2, 0, 0, 2, 1, 0, 2, 1, 1, 0, 3, 1, 3, 0, 0, 0, 2, 0, 0, 0, 0, 0, 1, 0, 0, 0, 1, 0, 0, 2, 1, 0, 1, 0, 0, 1, 1, 0, 0, 2],733.3116759547878,58140.55643565909,96674.14109675489,false
24,G4_BALANCED,G4_BALANCED,[31, 22, 82, 15, 26, 58, 95, 42, 77, 12, 47, 5, 93, 78, 86, 54, 85, 63, 18, 44, 20, 35, 43, 97, 91, 76, 10, 30, 21, 45, 71, 64, 1, 23, 17, 83, 24, 14, 60, 36, 6, 57, 94, 88, 65, 56, 79, 40, 69, 68, 46, 75, 38, 9, 19, 32, 81, 41, 27, 62, 87, 90, 99, 59, 11, 16, 72, 73, 67, 39, 37, 84, 3, 92, 25, 55, 28, 29, 51, 7, 66, 61, 98, 33, 89, 50, 8, 96, 53, 80, 48, 4, 52, 2, 34, 0, 13, 70, 49, 74]|[1, 1, 0, 1, 1, 1, 2, 1, 2, 1, 2, 2, 2, 1, 1, 0, 0, 1, 0, 2, 2, 0, 1, 2, 0, 1, 2, 2, 0, 0, 1, 2, 1, 2, 1, 0, 2, 0, 1, 1, 0, 1, 1, 1, 0, 2, 1, 1, 0, 0, 0, 0, 1, 1, 2, 1, 2, 0, 0, 0, 2, 1, 0, 1, 2, 1, 2, 1, 1, 1, 1, 1, 1, 0, 1, 2, 0, 0, 0, 1, 2, 1, 2, 2, 1, 0, 1, 0, 0, 0, 0, 0, 1, 0, 2, 0, 0, 1, 0, 2]|[4, 3, 2, 2, 0, 0, 2, 2, 2, 4, 1, 1, 2, 4, 4, 1, 2, 4, 2, 1, 1, 1, 1, 2, 1, 2, 1, 1, 1, 1, 3, 2, 3, 0, 4, 0, 1, 1, 0, 3, 2, 2, 4, 0, 1, 1, 0, 2, 0, 1, 2, 2, 1, 0, 0, 3, 2, 1, 1, 2, 1, 3, 1, 1, 1, 3, 0, 4, 3, 1, 4, 1, 1, 0, 4, 1, 2, 1, 1, 3, 1, 3, 1, 1, 1, 1, 3, 1, 2, 1, 1, 2, 1, 2, 1, 2, 2, 3, 1, 1]|[0, 2, 1, 1, 3, 3, 0, 1, 0, 0, 0, 0, 1, 0, 1, 0, 0, 3, 1, 0, 0, 0, 3, 1, 0, 2, 0, 0, 0, 1, 0, 0, 0, 0, 3, 0, 1, 0, 0, 2, 1, 1, 2, 0, 0, 0, 0, 1, 1, 0, 0, 0, 1, 3, 0, 0, 1, 0, 0, 1, 0, 2, 0, 1, 0, 2, 1, 0, 0, 1, 1, 3, 1, 1, 3, 0, 1, 0, 0, 2, 0, 0, 0, 0, 1, 0, 2, 0, 1, 0, 0, 1, 1, 0, 0, 0, 0, 0, 1, 0],782.3266071264997,58440.132431540726,91750.00015215392,false
24,G2_TEC,G2_TEC,[31, 22, 82, 15, 26, 9, 95, 42, 77, 68, 47, 5, 93, 78, 86, 54, 85, 63, 18, 44, 20, 49, 36, 14, 74, 50, 53, 17, 21, 28, 11, 64, 3, 23, 30, 83, 24, 41, 40, 52, 65, 27, 90, 70, 39, 87, 48, 69, 99, 4, 46, 1, 13, 58, 97, 59, 45, 8, 73, 37, 35, 79, 71, 66, 76, 32, 60, 80, 96, 6, 16, 61, 33, 7, 57, 34, 12, 67, 10, 98, 56, 88, 29, 75, 91, 38, 19, 92, 43, 84, 51, 72, 81, 25, 2, 55, 62, 89, 94, 0]|[2, 1, 2, 1, 1, 2, 1, 1, 1, 1, 1, 0, 2, 2, 1, 2, 0, 0, 0, 2, 2, 1, 0, 2, 0, 2, 2, 1, 0, 1, 1, 1, 0, 0, 1, 0, 2, 1, 2, 2, 0, 0, 1, 1, 0, 2, 0, 2, 1, 0, 0, 2, 0, 0, 2, 0, 1, 1, 0, 0, 2, 1, 1, 2, 2, 0, 2, 2, 0, 1, 2, 1, 1, 2, 0, 1, 1, 1, 1, 2, 2, 1, 1, 0, 1, 0, 1, 0, 1, 0, 1, 1, 1, 1, 2, 0, 1, 1, 2, 0]|[0, 3, 0, 3, 4, 1, 4, 4, 2, 4, 3, 2, 1, 0, 2, 1, 1, 1, 2, 1, 1, 3, 0, 1, 0, 1, 1, 4, 1, 4, 3, 2, 2, 0, 4, 1, 1, 4, 0, 1, 2, 1, 4, 4, 1, 1, 0, 2, 3, 2, 2, 1, 2, 1, 1, 2, 4, 3, 0, 2, 2, 3, 3, 0, 1, 2, 0, 1, 2, 4, 1, 3, 4, 1, 2, 4, 3, 3, 3, 1, 1, 4, 3, 2, 3, 2, 4, 2, 4, 2, 3, 4, 4, 4, 1, 2, 3, 4, 1, 2]|[0, 2, 0, 0, 3, 0, 1, 3, 0, 0, 2, 0, 1, 0, 1, 0, 0, 0, 1, 0, 0, 2, 0, 0, 1, 0, 0, 3, 0, 1, 0, 2, 0, 0, 3, 0, 1, 3, 0, 0, 0, 0, 1, 3, 0, 0, 1, 0, 2, 0, 0, 0, 0, 0, 1, 0, 1, 0, 1, 1, 0, 2, 0, 0, 0, 0, 0, 0, 0, 2, 0, 0, 1, 0, 0, 1, 0, 0, 3, 0, 0, 1, 0, 0, 0, 0, 1, 0, 2, 0, 0, 2, 1, 3, 0, 0, 0, 1, 0, 0],896.1029292898813,50428.13444364295,114595.46915086164,false
24,G3_TWC,G1_CMAX,[31, 22, 82, 15, 26, 9, 42, 95, 77, 12, 47, 5, 93, 78, 86, 54, 85, 63, 18, 44, 20, 35, 43, 97, 91, 76, 10, 30, 21, 45, 71, 64, 1, 23, 17, 83, 24, 14, 60, 36, 6, 57, 94, 88, 65, 56, 79, 40, 67, 68, 46, 75, 38, 58, 19, 32, 81, 41, 27, 62, 87, 90, 99, 59, 11, 16, 72, 73, 70, 39, 37, 84, 3, 92, 25, 55, 28, 29, 51, 7, 33, 61, 98, 66, 89, 50, 8, 96, 53, 4, 80, 13, 34, 49, 52, 0, 48, 69, 2, 74]|[1, 1, 0, 1, 1, 1, 2, 1, 2, 1, 2, 2, 2, 1, 1, 0, 0, 1, 0, 2, 2, 0, 1, 2, 0, 1, 2, 2, 0, 0, 1, 2, 1, 2, 1, 0, 2, 0, 1, 1, 0, 1, 1, 1, 0, 2, 1, 1, 0, 0, 0, 0, 1, 1, 2, 1, 2, 0, 0, 0, 2, 1, 0, 1, 2, 1, 2, 1, 1, 1, 1, 1, 1, 0, 1, 1, 0, 0, 0, 1, 2, 1, 0, 2, 1, 0, 1, 0, 0, 0, 0, 0, 2, 0, 1, 0, 0, 1, 0, 2]|[4, 3, 2, 2, 0, 0, 2, 2, 2, 4, 1, 1, 2, 4, 4, 1, 2, 4, 2, 1, 1, 1, 1, 2, 1, 2, 1, 1, 1, 1, 3, 2, 3, 0, 4, 0, 1, 1, 0, 3, 2, 2, 4, 0, 1, 1, 0, 2, 0, 1, 2, 2, 1, 4, 0, 3, 2, 1, 1, 2, 1, 3, 1, 1, 1, 3, 0, 4, 3, 1, 4, 1, 1, 0, 4, 4, 2, 1, 1, 3, 1, 3, 1, 1, 1, 1, 3, 1, 2, 2, 1, 1, 1, 1, 1, 2, 2, 3, 2, 1]|[0, 2, 1, 1, 3, 3, 0, 1, 0, 0, 0, 0, 1, 0, 1, 0, 0, 3, 1, 0, 0, 0, 3, 1, 0, 2, 0, 0, 0, 1, 0, 0, 0, 0, 3, 0, 1, 0, 0, 2, 1, 1, 2, 0, 0, 0, 0, 1, 1, 0, 0, 0, 1, 3, 0, 0, 1, 0, 0, 1, 0, 2, 0, 1, 0, 2, 1, 0, 0, 1, 1, 3, 1, 1, 3, 3, 1, 0, 0, 2, 0, 0, 0, 0, 1, 0, 2, 0, 1, 1, 0, 0, 0, 1, 1, 0, 0, 0, 0, 0],800.9728923351585,58117.763115372225,90558.04465999853,true
24,G1_CMAX,G1_CMAX,[31, 22, 82, 15, 26, 9, 42, 77, 12, 5, 47, 93, 78, 86, 54, 6, 63, 18, 44, 20, 35, 43, 97, 91, 76, 10, 30, 21, 45, 17, 23, 1, 71, 83, 24, 14, 60, 36, 85, 57, 40, 95, 88, 65, 56, 79, 94, 67, 68, 46, 75, 38, 58, 19, 32, 81, 41, 62, 87, 28, 90, 59, 11, 16, 72, 73, 69, 52, 37, 64, 84, 3, 25, 29, 55, 51, 7, 98, 61, 66, 99, 33, 89, 48, 50, 96, 53, 80, 4, 8, 27, 2, 39, 13, 0, 92, 49, 74, 34, 70]|[1, 1, 0, 1, 1, 1, 2, 2, 1, 2, 2, 1, 1, 1, 0, 0, 1, 0, 2, 2, 0, 1, 2, 2, 1, 2, 2, 0, 0, 1, 2, 1, 1, 0, 2, 0, 1, 1, 0, 1, 1, 1, 1, 0, 2, 1, 1, 0, 0, 0, 0, 1, 1, 2, 1, 2, 0, 0, 2, 0, 1, 2, 2, 1, 2, 1, 1, 1, 1, 1, 1, 2, 1, 0, 2, 0, 1, 2, 1, 0, 0, 2, 1, 0, 0, 2, 0, 0, 1, 1, 0, 0, 1, 0, 0, 0, 0, 2, 2, 1]|[0, 3, 1, 2, 0, 0, 1, 1, 4, 1, 1, 4, 4, 4, 2, 2, 4, 2, 1, 1, 1, 1, 2, 1, 2, 1, 1, 1, 1, 4, 0, 3, 3, 0, 1, 1, 0, 3, 2, 2, 2, 2, 0, 1, 1, 0, 4, 0, 1, 2, 2, 1, 4, 0, 3, 2, 1, 2, 1, 2, 3, 1, 1, 3, 0, 4, 4, 1, 4, 3, 1, 2, 4, 1, 1, 1, 1, 1, 3, 1, 1, 1, 1, 1, 1, 1, 2, 1, 4, 3, 2, 2, 1, 2, 2, 0, 1, 1, 1, 4]|[1, 1, 1, 1, 3, 3, 0, 0, 0, 0, 0, 2, 0, 1, 0, 0, 3, 1, 0, 0, 0, 3, 1, 0, 2, 0, 0, 0, 1, 3, 0, 0, 0, 0, 1, 0, 0, 2, 1, 1, 1, 1, 0, 0, 0, 0, 2, 1, 0, 0, 0, 1, 3, 0, 0, 1, 0, 1, 0, 1, 2, 0, 0, 2, 1, 0, 2, 1, 1, 0, 3, 1, 3, 0, 0, 0, 2, 0, 0, 0, 0, 0, 1, 0, 0, 0, 1, 0, 0, 2, 1, 0, 1, 0, 0, 1, 1, 0, 0, 2],733.3116759547878,58140.55643565909,96674.14109675489,false
24,G4_BALANCED,G4_BALANCED,[31, 22, 82, 15, 26, 9, 95, 42, 77, 68, 47, 5, 93, 78, 86, 54, 85, 63, 18, 44, 20, 49, 36, 14, 74, 50, 53, 17, 21, 28, 71, 64, 3, 23, 30, 83, 24, 41, 60, 52, 65, 27, 90, 70, 39, 87, 48, 69, 99, 4, 46, 1, 13, 58, 97, 59, 11, 8, 73, 37, 35, 79, 45, 66, 76, 32, 40, 80, 96, 6, 16, 61, 43, 7, 57, 34, 12, 67, 10, 98, 56, 88, 29, 75, 91, 38, 19, 92, 33, 84, 51, 72, 81, 25, 2, 55, 0, 89, 94, 62]|[2, 1, 2, 1, 1, 2, 1, 1, 1, 2, 1, 0, 2, 2, 1, 2, 0, 0, 0, 2, 2, 1, 0, 2, 0, 2, 2, 1, 0, 1, 1, 1, 0, 0, 1, 0, 2, 1, 2, 2, 0, 0, 1, 1, 0, 2, 0, 2, 1, 0, 0, 2, 0, 0, 2, 0, 1, 1, 0, 0, 2, 1, 0, 2, 2, 0, 2, 2, 0, 1, 2, 1, 1, 2, 0, 1, 1, 1, 1, 0, 2, 1, 1, 0, 1, 0, 1, 0, 1, 0, 1, 1, 1, 1, 2, 0, 0, 1, 1, 1]|[0, 3, 0, 3, 4, 1, 4, 4, 2, 0, 3, 2, 1, 0, 2, 1, 1, 1, 2, 1, 1, 3, 0, 1, 0, 1, 1, 4, 1, 4, 3, 2, 2, 0, 4, 1, 1, 4, 0, 1, 2, 1, 4, 4, 1, 1, 0, 2, 3, 1, 2, 1, 2, 1, 1, 2, 4, 3, 0, 2, 2, 3, 1, 0, 1, 2, 0, 1, 2, 4, 1, 3, 4, 1, 2, 4, 3, 3, 3, 2, 1, 4, 3, 2, 3, 2, 4, 2, 4, 2, 3, 4, 1, 4, 1, 2, 2, 4, 4, 3]|[0, 2, 0, 0, 3, 0, 1, 3, 0, 0, 2, 0, 1, 0, 1, 0, 0, 0, 1, 0, 0, 2, 0, 0, 1, 0, 0, 3, 0, 1, 0, 2, 0, 1, 3, 0, 1, 3, 1, 0, 0, 0, 1, 3, 0, 0, 1, 0, 2, 0, 0, 0, 0, 0, 1, 0, 1, 0, 1, 1, 0, 2, 0, 0, 0, 0, 0, 0, 0, 2, 0, 0, 2, 0, 0, 1, 0, 0, 3, 0, 0, 1, 0, 0, 0, 0, 3, 0, 1, 0, 0, 2, 1, 3, 0, 0, 0, 1, 2, 0],876.5294353074332,51943.573676107844,106043.27236170563,false
24,G2_TEC,G2_TEC,[31, 22, 82, 15, 26, 9, 95, 42, 77, 68, 47, 5, 93, 78, 86, 54, 85, 63, 18, 44, 20, 49, 36, 14, 74, 50, 53, 17, 21, 28, 11, 64, 3, 23, 30, 83, 24, 41, 40, 52, 65, 27, 90, 70, 39, 87, 48, 69, 99, 4, 46, 1, 13, 58, 97, 59, 45, 8, 73, 37, 35, 79, 71, 66, 76, 32, 60, 80, 96, 6, 16, 61, 33, 7, 57, 34, 12, 67, 10, 98, 56, 88, 29, 75, 91, 38, 19, 92, 43, 84, 51, 72, 81, 25, 2, 55, 62, 89, 94, 0]|[2, 1, 2, 1, 1, 2, 1, 1, 1, 1, 1, 0, 2, 2, 1, 2, 0, 0, 0, 2, 2, 1, 0, 2, 0, 2, 2, 1, 0, 1, 1, 1, 0, 0, 1, 0, 2, 1, 2, 2, 0, 0, 1, 1, 0, 2, 0, 2, 1, 0, 0, 2, 0, 0, 2, 0, 1, 1, 0, 0, 2, 1, 1, 2, 2, 0, 2, 2, 0, 1, 2, 1, 1, 2, 0, 1, 1, 1, 1, 2, 2, 1, 1, 0, 1, 0, 1, 0, 1, 0, 1, 1, 1, 1, 2, 0, 1, 1, 2, 0]|[0, 3, 0, 3, 4, 1, 4, 4, 2, 4, 3, 2, 1, 0, 2, 1, 1, 1, 2, 1, 1, 3, 0, 1, 0, 1, 1, 4, 1, 4, 3, 2, 2, 0, 4, 1, 1, 4, 0, 1, 2, 1, 4, 4, 1, 1, 0, 2, 3, 2, 2, 1, 2, 1, 1, 2, 4, 3, 0, 2, 2, 3, 3, 0, 1, 2, 0, 1, 2, 4, 1, 3, 4, 1, 2, 4, 3, 3, 3, 1, 1, 4, 3, 2, 3, 2, 4, 2, 4, 2, 3, 4, 4, 4, 1, 2, 3, 4, 1, 2]|[0, 2, 0, 0, 3, 0, 1, 3, 0, 0, 2, 0, 1, 0, 1, 0, 0, 0, 1, 0, 0, 2, 0, 0, 1, 0, 0, 3, 0, 1, 0, 2, 0, 0, 3, 0, 1, 3, 0, 0, 0, 0, 1, 3, 0, 0, 1, 0, 2, 0, 0, 0, 0, 0, 1, 0, 1, 0, 1, 1, 0, 2, 0, 0, 0, 0, 0, 0, 0, 2, 0, 0, 1, 0, 0, 1, 0, 0, 3, 0, 0, 1, 0, 0, 0, 0, 1, 0, 2, 0, 0, 2, 1, 3, 0, 0, 0, 1, 0, 0],896.1029292898813,50428.13444364295,114595.46915086164,false
24,G3_TWC,G1_CMAX,[31, 22, 82, 15, 26, 9, 42, 95, 77, 12, 47, 5, 93, 78, 86, 54, 85, 63, 18, 44, 20, 35, 43, 97, 91, 76, 10, 30, 21, 45, 71, 64, 1, 23, 17, 83, 24, 14, 60, 36, 6, 57, 94, 88, 65, 56, 79, 40, 67, 68, 46, 75, 38, 58, 19, 32, 81, 41, 27, 62, 87, 90, 99, 59, 11, 16, 72, 73, 70, 39, 37, 84, 3, 92, 25, 55, 28, 29, 51, 7, 33, 61, 98, 66, 89, 50, 8, 96, 53, 4, 80, 13, 34, 49, 52, 0, 48, 69, 2, 74]|[1, 1, 0, 1, 1, 1, 2, 1, 2, 1, 2, 2, 2, 1, 1, 0, 0, 1, 0, 2, 2, 0, 1, 2, 0, 1, 2, 2, 0, 0, 1, 2, 1, 2, 1, 0, 2, 0, 1, 1, 0, 1, 1, 1, 0, 2, 1, 1, 0, 0, 0, 0, 1, 1, 2, 1, 2, 0, 0, 0, 2, 1, 0, 1, 2, 1, 2, 1, 1, 1, 1, 1, 1, 0, 1, 1, 0, 0, 0, 1, 2, 1, 0, 2, 1, 0, 1, 0, 0, 0, 0, 0, 2, 0, 1, 0, 0, 1, 0, 2]|[4, 3, 2, 2, 0, 0, 2, 2, 2, 4, 1, 1, 2, 4, 4, 1, 2, 4, 2, 1, 1, 1, 1, 2, 1, 2, 1, 1, 1, 1, 3, 2, 3, 0, 4, 0, 1, 1, 0, 3, 2, 2, 4, 0, 1, 1, 0, 2, 0, 1, 2, 2, 1, 4, 0, 3, 2, 1, 1, 2, 1, 3, 1, 1, 1, 3, 0, 4, 3, 1, 4, 1, 1, 0, 4, 4, 2, 1, 1, 3, 1, 3, 1, 1, 1, 1, 3, 1, 2, 2, 1, 1, 1, 1, 1, 2, 2, 3, 2, 1]|[0, 2, 1, 1, 3, 3, 0, 1, 0, 0, 0, 0, 1, 0, 1, 0, 0, 3, 1, 0, 0, 0, 3, 1, 0, 2, 0, 0, 0, 1, 0, 0, 0, 0, 3, 0, 1, 0, 0, 2, 1, 1, 2, 0, 0, 0, 0, 1, 1, 0, 0, 0, 1, 3, 0, 0, 1, 0, 0, 1, 0, 2, 0, 1, 0, 2, 1, 0, 0, 1, 1, 3, 1, 1, 3, 3, 1, 0, 0, 2, 0, 0, 0, 0, 1, 0, 2, 0, 1, 1, 0, 0, 0, 1, 1, 0, 0, 0, 0, 0],800.9728923351585,58117.763115372225,90558.04465999853,true
24,G1_CMAX,G1_CMAX,[31, 22, 82, 15, 26, 9, 42, 77, 12, 5, 47, 93, 78, 86, 54, 6, 63, 18, 44, 20, 35, 43, 97, 91, 76, 10, 30, 21, 45, 17, 23, 1, 71, 83, 24, 14, 60, 36, 85, 57, 40, 95, 88, 65, 56, 79, 94, 67, 68, 46, 75, 38, 58, 19, 32, 81, 41, 62, 87, 28, 90, 59, 11, 16, 72, 73, 69, 52, 37, 64, 84, 3, 25, 29, 55, 51, 7, 98, 61, 66, 99, 33, 89, 48, 50, 96, 53, 80, 4, 8, 27, 2, 39, 13, 0, 92, 49, 74, 34, 70]|[1, 1, 0, 1, 1, 1, 2, 2, 1, 2, 2, 1, 1, 1, 0, 0, 1, 0, 2, 2, 0, 1, 2, 2, 1, 2, 2, 0, 0, 1, 2, 1, 1, 0, 2, 0, 1, 1, 0, 1, 1, 1, 1, 0, 2, 1, 1, 0, 0, 0, 0, 1, 1, 2, 1, 2, 0, 0, 2, 0, 1, 2, 2, 1, 2, 1, 1, 1, 1, 1, 1, 2, 1, 0, 2, 0, 1, 2, 1, 0, 0, 2, 1, 0, 0, 2, 0, 0, 1, 1, 0, 0, 1, 0, 0, 0, 0, 2, 2, 1]|[0, 3, 1, 2, 0, 0, 1, 1, 4, 1, 1, 4, 4, 4, 2, 2, 4, 2, 1, 1, 1, 1, 2, 1, 2, 1, 1, 1, 1, 4, 0, 3, 3, 0, 1, 1, 0, 3, 2, 2, 2, 2, 0, 1, 1, 0, 4, 0, 1, 2, 2, 1, 4, 0, 3, 2, 1, 2, 1, 2, 3, 1, 1, 3, 0, 4, 4, 1, 4, 3, 1, 2, 4, 1, 1, 1, 1, 1, 3, 1, 1, 1, 1, 1, 1, 1, 2, 1, 4, 3, 2, 2, 1, 2, 2, 0, 1, 1, 1, 4]|[1, 1, 1, 1, 3, 3, 0, 0, 0, 0, 0, 2, 0, 1, 0, 0, 3, 1, 0, 0, 0, 3, 1, 0, 2, 0, 0, 0, 1, 3, 0, 0, 0, 0, 1, 0, 0, 2, 1, 1, 1, 1, 0, 0, 0, 0, 2, 1, 0, 0, 0, 1, 3, 0, 0, 1, 0, 1, 0, 1, 2, 0, 0, 2, 1, 0, 2, 1, 1, 0, 3, 1, 3, 0, 0, 0, 2, 0, 0, 0, 0, 0, 1, 0, 0, 0, 1, 0, 0, 2, 1, 0, 1, 0, 0, 1, 1, 0, 0, 2],733.3116759547878,58140.55643565909,96674.14109675489,false
24,G4_BALANCED,G4_BALANCED,[31, 22, 82, 15, 26, 9, 95, 42, 77, 68, 47, 5, 93, 78, 86, 54, 85, 63, 18, 44, 20, 49, 36, 14, 74, 50, 53, 17, 21, 28, 71, 64, 3, 23, 30, 83, 24, 41, 60, 52, 65, 27, 90, 70, 39, 87, 48, 69, 99, 4, 46, 1, 13, 58, 97, 59, 11, 8, 73, 37, 35, 79, 45, 66, 76, 32, 40, 80, 96, 6, 16, 61, 43, 7, 57, 34, 12, 67, 10, 98, 56, 88, 29, 75, 91, 33, 19, 92, 38, 2, 51, 72, 89, 25, 84, 55, 62, 81, 94, 0]|[2, 1, 2, 1, 1, 2, 1, 1, 1, 2, 1, 0, 2, 2, 1, 2, 0, 0, 0, 2, 2, 1, 0, 2, 0, 2, 2, 1, 0, 1, 1, 1, 0, 0, 1, 0, 2, 1, 2, 2, 0, 0, 1, 1, 0, 2, 0, 2, 1, 0, 0, 2, 0, 0, 2, 0, 1, 1, 0, 0, 2, 1, 0, 2, 2, 0, 2, 2, 0, 1, 2, 1, 1, 2, 0, 1, 1, 1, 1, 0, 2, 1, 1, 0, 1, 1, 1, 0, 0, 2, 1, 1, 1, 1, 0, 0, 1, 1, 1, 0]|[0, 3, 0, 3, 4, 1, 4, 4, 2, 0, 3, 2, 1, 0, 2, 1, 1, 1, 2, 1, 1, 3, 0, 1, 0, 1, 1, 4, 1, 4, 3, 2, 2, 0, 4, 1, 1, 4, 0, 1, 2, 1, 4, 4, 1, 1, 0, 2, 3, 2, 2, 1, 2, 1, 1, 2, 4, 3, 0, 2, 2, 3, 1, 0, 1, 2, 0, 1, 2, 4, 1, 3, 4, 1, 2, 4, 3, 3, 3, 2, 1, 4, 3, 2, 3, 4, 4, 2, 2, 1, 3, 4, 4, 4, 2, 2, 3, 1, 4, 2]|[0, 2, 0, 0, 3, 0, 1, 3, 0, 0, 2, 0, 1, 0, 1, 0, 0, 0, 1, 0, 0, 2, 0, 0, 1, 0, 0, 3, 0, 1, 0, 2, 0, 1, 3, 0, 1, 3, 1, 0, 0, 0, 1, 3, 0, 0, 1, 0, 2, 0, 0, 0, 0, 0, 1, 0, 1, 0, 1, 1, 0, 2, 0, 0, 0, 0, 0, 0, 0, 2, 0, 0, 2, 0, 0, 1, 0, 0, 3, 0, 0, 1, 0, 0, 0, 1, 1, 0, 0, 0, 0, 2, 1, 3, 0, 0, 0, 1, 2, 0],873.3578163090156,51903.45220338045,105941.05628224279,false
24,G2_TEC,G2_TEC,[31, 22, 82, 15, 26, 9, 95, 42, 77, 68, 47, 5, 93, 78, 86, 54, 85, 63, 18, 44, 20, 49, 36, 14, 74, 50, 53, 17, 21, 28, 11, 64, 3, 23, 30, 83, 24, 41, 40, 52, 65, 27, 90, 70, 39, 87, 48, 69, 99, 4, 46, 1, 13, 58, 97, 59, 45, 8, 73, 37, 35, 79, 71, 66, 76, 32, 60, 80, 96, 6, 16, 61, 33, 7, 57, 34, 12, 67, 10, 98, 56, 88, 29, 75, 91, 38, 19, 92, 43, 84, 51, 72, 81, 25, 2, 55, 62, 89, 94, 0]|[2, 1, 2, 1, 1, 2, 1, 1, 1, 1, 1, 0, 2, 2, 1, 2, 0, 0, 0, 2, 2, 1, 0, 2, 0, 2, 2, 1, 0, 1, 1, 1, 0, 0, 1, 0, 2, 1, 2, 2, 0, 0, 1, 1, 0, 2, 0, 2, 1, 0, 0, 2, 0, 0, 2, 0, 1, 1, 0, 0, 2, 1, 1, 2, 2, 0, 2, 2, 0, 1, 2, 1, 1, 2, 0, 1, 1, 1, 1, 2, 2, 1, 1, 0, 1, 0, 1, 0, 1, 0, 1, 1, 1, 1, 2, 0, 1, 1, 2, 0]|[0, 3, 0, 3, 4, 1, 4, 4, 2, 4, 3, 2, 1, 0, 2, 1, 1, 1, 2, 1, 1, 3, 0, 1, 0, 1, 1, 4, 1, 4, 3, 2, 2, 0, 4, 1, 1, 4, 0, 1, 2, 1, 4, 4, 1, 1, 0, 2, 3, 2, 2, 1, 2, 1, 1, 2, 4, 3, 0, 2, 2, 3, 3, 0, 1, 2, 0, 1, 2, 4, 1, 3, 4, 1, 2, 4, 3, 3, 3, 1, 1, 4, 3, 2, 3, 2, 4, 2, 4, 2, 3, 4, 4, 4, 1, 2, 3, 4, 1, 2]|[0, 2, 0, 0, 3, 0, 1, 3, 0, 0, 2, 0, 1, 0, 1, 0, 0, 0, 1, 0, 0, 2, 0, 0, 1, 0, 0, 3, 0, 1, 0, 2, 0, 0, 3, 0, 1, 3, 0, 0, 0, 0, 1, 3, 0, 0, 1, 0, 2, 0, 0, 0, 0, 0, 1, 0, 1, 0, 1, 1, 0, 2, 0, 0, 0, 0, 0, 0, 0, 2, 0, 0, 1, 0, 0, 1, 0, 0, 3, 0, 0, 1, 0, 0, 0, 0, 1, 0, 2, 0, 0, 2, 1, 3, 0, 0, 0, 1, 0, 0],896.1029292898813,50428.13444364295,114595.46915086164,false
24,G3_TWC,G1_CMAX,[31, 22, 82, 15, 26, 9, 42, 95, 77, 12, 47, 5, 93, 78, 86, 54, 85, 63, 18, 44, 20, 35, 43, 97, 91, 76, 10, 30, 21, 45, 71, 64, 1, 23, 17, 83, 24, 14, 60, 36, 6, 57, 94, 88, 65, 56, 79, 40, 67, 68, 46, 75, 38, 58, 19, 32, 81, 41, 27, 62, 87, 90, 99, 59, 11, 16, 72, 73, 70, 39, 37, 84, 3, 92, 25, 55, 28, 29, 51, 7, 33, 61, 98, 66, 89, 50, 8, 96, 53, 4, 80, 13, 34, 49, 52, 0, 48, 69, 2, 74]|[1, 1, 0, 1, 1, 1, 2, 1, 2, 1, 2, 2, 2, 1, 1, 0, 0, 1, 0, 2, 2, 0, 1, 2, 0, 1, 2, 2, 0, 0, 1, 2, 1, 2, 1, 0, 2, 0, 1, 1, 0, 1, 1, 1, 0, 2, 1, 1, 0, 0, 0, 0, 1, 1, 2, 1, 2, 0, 0, 0, 2, 1, 0, 1, 2, 1, 2, 1, 1, 1, 1, 1, 1, 0, 1, 1, 0, 0, 0, 1, 2, 1, 0, 2, 1, 0, 1, 0, 0, 0, 0, 0, 2, 0, 1, 0, 0, 1, 0, 2]|[4, 3, 2, 2, 0, 0, 2, 2, 2, 4, 1, 1, 2, 4, 4, 1, 2, 4, 2, 1, 1, 1, 1, 2, 1, 2, 1, 1, 1, 1, 3, 2, 3, 0, 4, 0, 1, 1, 0, 3, 2, 2, 4, 0, 1, 1, 0, 2, 0, 1, 2, 2, 1, 4, 0, 3, 2, 1, 1, 2, 1, 3, 1, 1, 1, 3, 0, 4, 3, 1, 4, 1, 1, 0, 4, 4, 2, 1, 1, 3, 1, 3, 1, 1, 1, 1, 3, 1, 2, 2, 1, 1, 1, 1, 1, 2, 2, 3, 2, 1]|[0, 2, 1, 1, 3, 3, 0, 1, 0, 0, 0, 0, 1, 0, 1, 0, 0, 3, 1, 0, 0, 0, 3, 1, 0, 2, 0, 0, 0, 1, 0, 0, 0, 0, 3, 0, 1, 0, 0, 2, 1, 1, 2, 0, 0, 0, 0, 1, 1, 0, 0, 0, 1, 3, 0, 0, 1, 0, 0, 1, 0, 2, 0, 1, 0, 2, 1, 0, 0, 1, 1, 3, 1, 1, 3, 3, 1, 0, 0, 2, 0, 0, 0, 0, 1, 0, 2, 0, 1, 1, 0, 0, 0, 1, 1, 0, 0, 0, 0, 0],800.9728923351585,58117.763115372225,90558.04465999853,true
24,G1_CMAX,G1_CMAX,[31, 22, 82, 15, 26, 9, 42, 77, 12, 5, 47, 93, 78, 86, 54, 6, 63, 18, 44, 20, 35, 43, 97, 91, 76, 10, 30, 21, 45, 17, 23, 1, 71, 83, 24, 14, 60, 36, 85, 57, 40, 95, 88, 65, 56, 79, 94, 67, 68, 46, 75, 38, 58, 19, 32, 81, 41, 62, 87, 28, 90, 59, 11, 16, 72, 73, 69, 52, 37, 64, 84, 3, 25, 29, 55, 51, 7, 98, 61, 66, 99, 33, 89, 48, 50, 96, 53, 80, 4, 8, 27, 2, 39, 13, 0, 92, 49, 74, 34, 70]|[1, 1, 0, 1, 1, 1, 2, 2, 1, 2, 2, 1, 1, 1, 0, 0, 1, 0, 2, 2, 0, 1, 2, 2, 1, 2, 2, 0, 0, 1, 2, 1, 1, 0, 2, 0, 1, 1, 0, 1, 1, 1, 1, 0, 2, 1, 1, 0, 0, 0, 0, 1, 1, 2, 1, 2, 0, 0, 2, 0, 1, 2, 2, 1, 2, 1, 1, 1, 1, 1, 1, 2, 1, 0, 2, 0, 1, 2, 1, 0, 0, 2, 1, 0, 0, 2, 0, 0, 1, 1, 0, 0, 1, 0, 0, 0, 0, 2, 2, 1]|[0, 3, 1, 2, 0, 0, 1, 1, 4, 1, 1, 4, 4, 4, 2, 2, 4, 2, 1, 1, 1, 1, 2, 1, 2, 1, 1, 1, 1, 4, 0, 3, 3, 0, 1, 1, 0, 3, 2, 2, 2, 2, 0, 1, 1, 0, 4, 0, 1, 2, 2, 1, 4, 0, 3, 2, 1, 2, 1, 2, 3, 1, 1, 3, 0, 4, 4, 1, 4, 3, 1, 2, 4, 1, 1, 1, 1, 1, 3, 1, 1, 1, 1, 1, 1, 1, 2, 1, 4, 3, 2, 2, 1, 2, 2, 0, 1, 1, 1, 4]|[1, 1, 1, 1, 3, 3, 0, 0, 0, 0, 0, 2, 0, 1, 0, 0, 3, 1, 0, 0, 0, 3, 1, 0, 2, 0, 0, 0, 1, 3, 0, 0, 0, 0, 1, 0, 0, 2, 1, 1, 1, 1, 0, 0, 0, 0, 2, 1, 0, 0, 0, 1, 3, 0, 0, 1, 0, 1, 0, 1, 2, 0, 0, 2, 1, 0, 2, 1, 1, 0, 3, 1, 3, 0, 0, 0, 2, 0, 0, 0, 0, 0, 1, 0, 0, 0, 1, 0, 0, 2, 1, 0, 1, 0, 0, 1, 1, 0, 0, 2],733.3116759547878,58140.55643565909,96674.14109675489,false
24,G4_BALANCED,G4_BALANCED,[31, 11, 15, 82, 26, 9, 95, 32, 77, 68, 47, 5, 93, 78, 86, 54, 85, 63, 18, 44, 20, 49, 36, 14, 74, 50, 53, 17, 21, 45, 71, 64, 3, 23, 30, 83, 24, 41, 60, 52, 65, 27, 90, 70, 39, 87, 48, 69, 99, 4, 46, 1, 13, 58, 97, 59, 28, 75, 73, 37, 35, 79, 22, 66, 76, 42, 40, 80, 96, 6, 16, 61, 33, 7, 57, 34, 12, 67, 10, 98, 56, 88, 29, 94, 91, 51, 19, 92, 43, 84, 38, 72, 81, 8, 2, 55, 62, 89, 25, 0]|[2, 1, 1, 2, 1, 2, 1, 1, 1, 1, 1, 0, 2, 2, 1, 2, 0, 0, 0, 2, 2, 1, 0, 2, 0, 2, 2, 1, 0, 1, 1, 1, 0, 0, 1, 0, 2, 1, 2, 2, 0, 0, 1, 1, 0, 2, 0, 2, 1, 0, 0, 2, 0, 0, 2, 0, 1, 0, 0, 0, 2, 1, 0, 2, 2, 0, 2, 2, 0, 1, 2, 1, 1, 2, 0, 1, 1, 1, 1, 2, 2, 1, 1, 2, 1, 1, 1, 0, 1, 0, 0, 1, 1, 1, 2, 0, 1, 1, 1, 0]|[1, 3, 2, 0, 4, 1, 4, 4, 2, 4, 3, 2, 1, 0, 2, 1, 1, 1, 2, 1, 1, 3, 0, 1, 0, 1, 1, 4, 1, 4, 3, 2, 2, 0, 4, 1, 1, 4, 0, 1, 2, 1, 4, 4, 1, 1, 0, 2, 3, 1, 2, 1, 2, 1, 1, 2, 4, 2, 0, 2, 2, 3, 1, 0, 1, 2, 0, 1, 2, 4, 1, 3, 4, 1, 2, 4, 3, 3, 3, 1, 1, 4, 3, 1, 3, 3, 4, 2, 4, 2, 2, 4, 1, 3, 1, 2, 3, 4, 4, 2]|[1, 2, 1, 0, 3, 0, 1, 3, 0, 0, 2, 0, 1, 0, 1, 0, 0, 0, 1, 0, 0, 2, 0, 0, 1, 0, 0, 3, 0, 1, 0, 2, 0, 1, 3, 0, 1, 3, 1, 0, 0, 0, 1, 3, 0, 0, 1, 0, 2, 0, 0, 0, 0, 0, 1, 0, 1, 0, 1, 1, 0, 2, 0, 0, 0, 0, 0, 0, 0, 2, 0, 0, 1, 0, 0, 1, 0, 0, 3, 0, 0, 1, 0, 0, 0, 0, 3, 0, 2, 0, 0, 2, 1, 0, 0, 0, 0, 1, 3, 0],836.569815134707,52504.092339752446,107095.57005228325,false
24,G2_TEC,G2_TEC,[31, 22, 82, 15, 26, 9, 95, 42, 77, 68, 47, 5, 93, 78, 86, 54, 85, 63, 18, 44, 20, 49, 36, 14, 74, 50, 53, 17, 21, 28, 11, 64, 3, 23, 30, 83, 24, 41, 40, 52, 65, 27, 90, 70, 39, 87, 48, 69, 99, 4, 46, 1, 13, 58, 97, 59, 45, 8, 73, 37, 35, 79, 71, 66, 76, 32, 60, 80, 96, 6, 16, 61, 33, 7, 57, 34, 12, 67, 10, 98, 56, 88, 29, 75, 91, 38, 19, 92, 43, 84, 51, 72, 81, 25, 2, 55, 62, 89, 94, 0]|[2, 1, 2, 1, 1, 2, 1, 1, 1, 1, 1, 0, 2, 2, 1, 2, 0, 0, 0, 2, 2, 1, 0, 2, 0, 2, 2, 1, 0, 1, 1, 1, 0, 0, 1, 0, 2, 1, 2, 2, 0, 0, 1, 1, 0, 2, 0, 2, 1, 0, 0, 2, 0, 0, 2, 0, 1, 1, 0, 0, 2, 1, 1, 2, 2, 0, 2, 2, 0, 1, 2, 1, 1, 2, 0, 1, 1, 1, 1, 2, 2, 1, 1, 0, 1, 0, 1, 0, 1, 0, 1, 1, 1, 1, 2, 0, 1, 1, 2, 0]|[0, 3, 0, 3, 4, 1, 4, 4, 2, 4, 3, 2, 1, 0, 2, 1, 1, 1, 2, 1, 1, 3, 0, 1, 0, 1, 1, 4, 1, 4, 3, 2, 2, 0, 4, 1, 1, 4, 0, 1, 2, 1, 4, 4, 1, 1, 0, 2, 3, 2, 2, 1, 2, 1, 1, 2, 4, 3, 0, 2, 2, 3, 3, 0, 1, 2, 0, 1, 2, 4, 1, 3, 4, 1, 2, 4, 3, 3, 3, 1, 1, 4, 3, 2, 3, 2, 4, 2, 4, 2, 3, 4, 4, 4, 1, 2, 3, 4, 1, 2]|[0, 2, 0, 0, 3, 0, 1, 3, 0, 0, 2, 0, 1, 0, 1, 0, 0, 0, 1, 0, 0, 2, 0, 0, 1, 0, 0, 3, 0, 1, 0, 2, 0, 0, 3, 0, 1, 3, 0, 0, 0, 0, 1, 3, 0, 0, 1, 0, 2, 0, 0, 0, 0, 0, 1, 0, 1, 0, 1, 1, 0, 2, 0, 0, 0, 0, 0, 0, 0, 2, 0, 0, 1, 0, 0, 1, 0, 0, 3, 0, 0, 1, 0, 0, 0, 0, 1, 0, 2, 0, 0, 2, 1, 3, 0, 0, 0, 1, 0, 0],896.1029292898813,50428.13444364295,114595.46915086164,false
24,G3_TWC,G1_CMAX,[31, 22, 82, 15, 26, 9, 42, 95, 77, 12, 47, 5, 93, 78, 86, 54, 85, 63, 18, 44, 20, 35, 43, 97, 91, 76, 10, 30, 21, 45, 71, 64, 1, 23, 17, 83, 24, 14, 60, 36, 6, 57, 94, 88, 65, 56, 79, 40, 67, 68, 46, 75, 38, 58, 19, 32, 81, 41, 27, 62, 87, 90, 99, 59, 11, 16, 72, 73, 70, 39, 37, 84, 3, 92, 25, 55, 28, 29, 51, 7, 33, 61, 98, 66, 89, 50, 8, 96, 53, 4, 80, 13, 34, 49, 52, 0, 48, 69, 2, 74]|[1, 1, 0, 1, 1, 1, 2, 1, 2, 1, 2, 2, 2, 1, 1, 0, 0, 1, 0, 2, 2, 0, 1, 2, 0, 1, 2, 2, 0, 0, 1, 2, 1, 2, 1, 0, 2, 0, 1, 1, 0, 1, 1, 1, 0, 2, 1, 1, 0, 0, 0, 0, 1, 1, 2, 1, 2, 0, 0, 0, 2, 1, 0, 1, 2, 1, 2, 1, 1, 1, 1, 1, 1, 0, 1, 1, 0, 0, 0, 1, 2, 1, 0, 2, 1, 0, 1, 0, 0, 0, 0, 0, 2, 0, 1, 0, 0, 1, 0, 2]|[4, 3, 2, 2, 0, 0, 2, 2, 2, 4, 1, 1, 2, 4, 4, 1, 2, 4, 2, 1, 1, 1, 1, 2, 1, 2, 1, 1, 1, 1, 3, 2, 3, 0, 4, 0, 1, 1, 0, 3, 2, 2, 4, 0, 1, 1, 0, 2, 0, 1, 2, 2, 1, 4, 0, 3, 2, 1, 1, 2, 1, 3, 1, 1, 1, 3, 0, 4, 3, 1, 4, 1, 1, 0, 4, 4, 2, 1, 1, 3, 1, 3, 1, 1, 1, 1, 3, 1, 2, 2, 1, 1, 1, 1, 1, 2, 2, 3, 2, 1]|[0, 2, 1, 1, 3, 3, 0, 1, 0, 0, 0, 0, 1, 0, 1, 0, 0, 3, 1, 0, 0, 0, 3, 1, 0, 2, 0, 0, 0, 1, 0, 0, 0, 0, 3, 0, 1, 0, 0, 2, 1, 1, 2, 0, 0, 0, 0, 1, 1, 0, 0, 0, 1, 3, 0, 0, 1, 0, 0, 1, 0, 2, 0, 1, 0, 2, 1, 0, 0, 1, 1, 3, 1, 1, 3, 3, 1, 0, 0, 2, 0, 0, 0, 0, 1, 0, 2, 0, 1, 1, 0, 0, 0, 1, 1, 0, 0, 0, 0, 0],800.9728923351585,58117.763115372225,90558.04465999853,true
24,G1_CMAX,G1_CMAX,[31, 22, 82, 15, 26, 9, 42, 77, 12, 5, 47, 93, 78, 86, 54, 6, 63, 18, 44, 20, 35, 43, 97, 91, 76, 10, 30, 21, 45, 17, 23, 1, 71, 83, 24, 14, 60, 36, 85, 57, 40, 95, 88, 65, 56, 79, 94, 67, 68, 46, 75, 38, 58, 19, 32, 81, 41, 62, 87, 28, 90, 59, 11, 16, 72, 73, 69, 52, 37, 64, 84, 3, 25, 29, 55, 51, 7, 98, 61, 66, 99, 33, 89, 48, 50, 96, 53, 80, 4, 8, 27, 2, 39, 13, 0, 92, 49, 74, 34, 70]|[1, 1, 0, 1, 1, 1, 2, 2, 1, 2, 2, 1, 1, 1, 0, 0, 1, 0, 2, 2, 0, 1, 2, 2, 1, 2, 2, 0, 0, 1, 2, 1, 1, 0, 2, 0, 1, 1, 0, 1, 1, 1, 1, 0, 2, 1, 1, 0, 0, 0, 0, 1, 1, 2, 1, 2, 0, 0, 2, 0, 1, 2, 2, 1, 2, 1, 1, 1, 1, 1, 1, 2, 1, 0, 2, 0, 1, 2, 1, 0, 0, 2, 1, 0, 0, 2, 0, 0, 1, 1, 0, 0, 1, 0, 0, 0, 0, 2, 2, 1]|[0, 3, 1, 2, 0, 0, 1, 1, 4, 1, 1, 4, 4, 4, 2, 2, 4, 2, 1, 1, 1, 1, 2, 1, 2, 1, 1, 1, 1, 4, 0, 3, 3, 0, 1, 1, 0, 3, 2, 2, 2, 2, 0, 1, 1, 0, 4, 0, 1, 2, 2, 1, 4, 0, 3, 2, 1, 2, 1, 2, 3, 1, 1, 3, 0, 4, 4, 1, 4, 3, 1, 2, 4, 1, 1, 1, 1, 1, 3, 1, 1, 1, 1, 1, 1, 1, 2, 1, 4, 3, 2, 2, 1, 2, 2, 0, 1, 1, 1, 4]|[1, 1, 1, 1, 3, 3, 0, 0, 0, 0, 0, 2, 0, 1, 0, 0, 3, 1, 0, 0, 0, 3, 1, 0, 2, 0, 0, 0, 1, 3, 0, 0, 0, 0, 1, 0, 0, 2, 1, 1, 1, 1, 0, 0, 0, 0, 2, 1, 0, 0, 0, 1, 3, 0, 0, 1, 0, 1, 0, 1, 2, 0, 0, 2, 1, 0, 2, 1, 1, 0, 3, 1, 3, 0, 0, 0, 2, 0, 0, 0, 0, 0, 1, 0, 0, 0, 1, 0, 0, 2, 1, 0, 1, 0, 0, 1, 1, 0, 0, 2],733.3116759547878,58140.55643565909,96674.14109675489,false
24,G4_BALANCED,G4_BALANCED,[31, 11, 15, 82, 26, 9, 95, 32, 77, 68, 47, 5, 93, 78, 86, 54, 85, 63, 18, 44, 20, 49, 36, 14, 74, 50, 53, 17, 21, 45, 71, 64, 3, 23, 30, 83, 24, 41, 60, 52, 65, 27, 90, 70, 39, 87, 48, 69, 99, 4, 46, 1, 13, 58, 97, 59, 28, 75, 73, 37, 35, 79, 22, 66, 76, 42, 40, 80, 96, 6, 16, 61, 33, 7, 57, 34, 12, 67, 10, 98, 56, 88, 29, 94, 91, 51, 19, 92, 43, 84, 38, 72, 81, 8, 2, 55, 62, 89, 25, 0]|[2, 1, 1, 2, 1, 2, 1, 1, 1, 1, 1, 0, 2, 2, 1, 2, 0, 0, 0, 2, 2, 1, 0, 2, 0, 2, 2, 1, 0, 1, 1, 1, 0, 0, 1, 0, 2, 1, 2, 2, 0, 0, 1, 1, 0, 2, 0, 2, 1, 0, 0, 2, 0, 0, 2, 0, 1, 0, 0, 0, 2, 1, 0, 2, 2, 0, 2, 2, 0, 1, 2, 1, 1, 2, 0, 1, 1, 1, 1, 2, 2, 1, 1, 2, 1, 1, 1, 0, 1, 0, 0, 1, 1, 1, 2, 0, 1, 1, 1, 0]|[1, 3, 2, 0, 4, 1, 4, 4, 2, 4, 3, 2, 1, 0, 2, 1, 1, 1, 2, 1, 1, 3, 0, 1, 0, 1, 1, 4, 1, 4, 3, 2, 2, 0, 4, 1, 1, 4, 0, 1, 2, 1, 4, 4, 1, 1, 0, 2, 3, 1, 2, 1, 2, 1, 1, 2, 4, 2, 0, 2, 2, 3, 1, 0, 1, 2, 0, 1, 2, 4, 1, 3, 4, 1, 2, 4, 3, 3, 3, 1, 1, 4, 3, 1, 3, 3, 4, 2, 4, 2, 2, 4, 1, 3, 1, 2, 3, 4, 4, 2]|[1, 2, 1, 0, 3, 0, 1, 3, 0, 0, 2, 0, 1, 0, 1, 0, 0, 0, 1, 0, 0, 2, 0, 0, 1, 0, 0, 3, 0, 1, 0, 2, 0, 1, 3, 0, 1, 3, 1, 0, 0, 0, 1, 3, 0, 0, 1, 0, 2, 0, 0, 0, 0, 0, 1, 0, 1, 0, 1, 1, 0, 2, 0, 0, 0, 0, 0, 0, 0, 2, 0, 0, 1, 0, 0, 1, 0, 0, 3, 0, 0, 1, 0, 0, 0, 0, 3, 0, 2, 0, 0, 2, 1, 0, 0, 0, 0, 1, 3, 0],836.569815134707,52504.092339752446,107095.57005228325,false
24,G2_TEC,G2_TEC,[31, 22, 82, 15, 26, 9, 95, 42, 77, 68, 47, 5, 93, 78, 86, 54, 85, 63, 18, 44, 20, 49, 36, 14, 74, 50, 53, 17, 21, 28, 11, 64, 3, 23, 30, 83, 24, 41, 40, 52, 65, 27, 90, 70, 39, 87, 48, 69, 99, 4, 46, 1, 13, 58, 97, 59, 45, 8, 73, 37, 35, 79, 71, 66, 76, 32, 60, 80, 96, 6, 16, 61, 33, 7, 57, 34, 12, 67, 10, 98, 56, 88, 29, 75, 91, 38, 19, 92, 43, 84, 51, 72, 81, 25, 2, 55, 62, 89, 94, 0]|[2, 1, 2, 1, 1, 2, 1, 1, 1, 1, 1, 0, 2, 2, 1, 2, 0, 0, 0, 2, 2, 1, 0, 2, 0, 2, 2, 1, 0, 1, 1, 1, 0, 0, 1, 0, 2, 1, 2, 2, 0, 0, 1, 1, 0, 2, 0, 2, 1, 0, 0, 2, 0, 0, 2, 0, 1, 1, 0, 0, 2, 1, 1, 2, 2, 0, 2, 2, 0, 1, 2, 1, 1, 2, 0, 1, 1, 1, 1, 2, 2, 1, 1, 0, 1, 0, 1, 0, 1, 0, 1, 1, 1, 1, 2, 0, 1, 1, 2, 0]|[0, 3, 0, 3, 4, 1, 4, 4, 2, 4, 3, 2, 1, 0, 2, 1, 1, 1, 2, 1, 1, 3, 0, 1, 0, 1, 1, 4, 1, 4, 3, 2, 2, 0, 4, 1, 1, 4, 0, 1, 2, 1, 4, 4, 1, 1, 0, 2, 3, 2, 2, 1, 2, 1, 1, 2, 4, 3, 0, 2, 2, 3, 3, 0, 1, 2, 0, 1, 2, 4, 1, 3, 4, 1, 2, 4, 3, 3, 3, 1, 1, 4, 3, 2, 3, 2, 4, 2, 4, 2, 3, 4, 4, 4, 1, 2, 3, 4, 1, 2]|[0, 2, 0, 0, 3, 0, 1, 3, 0, 0, 2, 0, 1, 0, 1, 0, 0, 0, 1, 0, 0, 2, 0, 0, 1, 0, 0, 3, 0, 1, 0, 2, 0, 0, 3, 0, 1, 3, 0, 0, 0, 0, 1, 3, 0, 0, 1, 0, 2, 0, 0, 0, 0, 0, 1, 0, 1, 0, 1, 1, 0, 2, 0, 0, 0, 0, 0, 0, 0, 2, 0, 0, 1, 0, 0, 1, 0, 0, 3, 0, 0, 1, 0, 0, 0, 0, 1, 0, 2, 0, 0, 2, 1, 3, 0, 0, 0, 1, 0, 0],896.1029292898813,50428.13444364295,114595.46915086164,false
24,G3_TWC,G1_CMAX,[31, 22, 82, 15, 26, 9, 42, 95, 77, 12, 47, 5, 93, 78, 86, 54, 85, 63, 18, 44, 20, 35, 43, 97, 91, 76, 10, 30, 21, 45, 71, 64, 1, 23, 17, 83, 24, 14, 60, 36, 6, 57, 94, 88, 65, 56, 79, 40, 67, 68, 46, 75, 38, 58, 19, 32, 81, 41, 27, 62, 87, 90, 99, 59, 11, 16, 72, 73, 70, 39, 37, 84, 3, 92, 25, 55, 28, 29, 51, 7, 33, 61, 98, 66, 89, 50, 8, 96, 53, 4, 80, 13, 34, 49, 52, 0, 48, 69, 2, 74]|[1, 1, 0, 1, 1, 1, 2, 1, 2, 1, 2, 2, 2, 1, 1, 0, 0, 1, 0, 2, 2, 0, 1, 2, 0, 1, 2, 2, 0, 0, 1, 2, 1, 2, 1, 0, 2, 0, 1, 1, 0, 1, 1, 1, 0, 2, 1, 1, 0, 0, 0, 0, 1, 1, 2, 1, 2, 0, 0, 0, 2, 1, 0, 1, 2, 1, 2, 1, 1, 1, 1, 1, 1, 0, 1, 1, 0, 0, 0, 1, 2, 1, 0, 2, 1, 0, 1, 0, 0, 0, 0, 0, 2, 0, 1, 0, 0, 1, 0, 2]|[4, 3, 2, 2, 0, 0, 2, 2, 2, 4, 1, 1, 2, 4, 4, 1, 2, 4, 2, 1, 1, 1, 1, 2, 1, 2, 1, 1, 1, 1, 3, 2, 3, 0, 4, 0, 1, 1, 0, 3, 2, 2, 4, 0, 1, 1, 0, 2, 0, 1, 2, 2, 1, 4, 0, 3, 2, 1, 1, 2, 1, 3, 1, 1, 1, 3, 0, 4, 3, 1, 4, 1, 1, 0, 4, 4, 2, 1, 1, 3, 1, 3, 1, 1, 1, 1, 3, 1, 2, 2, 1, 1, 1, 1, 1, 2, 2, 3, 2, 1]|[0, 2, 1, 1, 3, 3, 0, 1, 0, 0, 0, 0, 1, 0, 1, 0, 0, 3, 1, 0, 0, 0, 3, 1, 0, 2, 0, 0, 0, 1, 0, 0, 0, 0, 3, 0, 1, 0, 0, 2, 1, 1, 2, 0, 0, 0, 0, 1, 1, 0, 0, 0, 1, 3, 0, 0, 1, 0, 0, 1, 0, 2, 0, 1, 0, 2, 1, 0, 0, 1, 1, 3, 1, 1, 3, 3, 1, 0, 0, 2, 0, 0, 0, 0, 1, 0, 2, 0, 1, 1, 0, 0, 0, 1, 1, 0, 0, 0, 0, 0],800.9728923351585,58117.763115372225,90558.04465999853,true
24,G1_CMAX,G1_CMAX,[31, 22, 82, 15, 26, 9, 42, 77, 12, 5, 47, 93, 78, 86, 54, 6, 63, 18, 44, 20, 35, 43, 97, 91, 76, 10, 30, 21, 45, 17, 23, 1, 71, 83, 24, 14, 60, 36, 85, 57, 40, 95, 88, 65, 56, 79, 94, 67, 68, 46, 75, 38, 58, 19, 32, 81, 41, 62, 87, 28, 90, 59, 11, 16, 72, 73, 69, 52, 37, 64, 84, 3, 25, 29, 55, 51, 7, 98, 61, 66, 99, 33, 89, 48, 50, 96, 53, 80, 4, 8, 27, 2, 39, 13, 0, 92, 49, 74, 34, 70]|[1, 1, 0, 1, 1, 1, 2, 2, 1, 2, 2, 1, 1, 1, 0, 0, 1, 0, 2, 2, 0, 1, 2, 2, 1, 2, 2, 0, 0, 1, 2, 1, 1, 0, 2, 0, 1, 1, 0, 1, 1, 1, 1, 0, 2, 1, 1, 0, 0, 0, 0, 1, 1, 2, 1, 2, 0, 0, 2, 0, 1, 2, 2, 1, 2, 1, 1, 1, 1, 1, 1, 2, 1, 0, 2, 0, 1, 2, 1, 0, 0, 2, 1, 0, 0, 2, 0, 0, 1, 1, 0, 0, 1, 0, 0, 0, 0, 2, 2, 1]|[0, 3, 1, 2, 0, 0, 1, 1, 4, 1, 1, 4, 4, 4, 2, 2, 4, 2, 1, 1, 1, 1, 2, 1, 2, 1, 1, 1, 1, 4, 0, 3, 3, 0, 1, 1, 0, 3, 2, 2, 2, 2, 0, 1, 1, 0, 4, 0, 1, 2, 2, 1, 4, 0, 3, 2, 1, 2, 1, 2, 3, 1, 1, 3, 0, 4, 4, 1, 4, 3, 1, 2, 4, 1, 1, 1, 1, 1, 3, 1, 1, 1, 1, 1, 1, 1, 2, 1, 4, 3, 2, 2, 1, 2, 2, 0, 1, 1, 1, 4]|[1, 1, 1, 1, 3, 3, 0, 0, 0, 0, 0, 2, 0, 1, 0, 0, 3, 1, 0, 0, 0, 3, 1, 0, 2, 0, 0, 0, 1, 3, 0, 0, 0, 0, 1, 0, 0, 2, 1, 1, 1, 1, 0, 0, 0, 0, 2, 1, 0, 0, 0, 1, 3, 0, 0, 1, 0, 1, 0, 1, 2, 0, 0, 2, 1, 0, 2, 1, 1, 0, 3, 1, 3, 0, 0, 0, 2, 0, 0, 0, 0, 0, 1, 0, 0, 0, 1, 0, 0, 2, 1, 0, 1, 0, 0, 1, 1, 0, 0, 2],733.3116759547878,58140.55643565909,96674.14109675489,false
24,G4_BALANCED,G4_BALANCED,[31, 11, 15, 82, 26, 9, 95, 32, 77, 68, 47, 5, 93, 78, 86, 54, 85, 63, 18, 44, 20, 49, 36, 14, 74, 50, 53, 17, 21, 45, 71, 64, 3, 23, 30, 83, 24, 41, 60, 52, 65, 27, 90, 70, 39, 87, 48, 69, 99, 4, 46, 1, 13, 58, 97, 59, 28, 75, 73, 37, 35, 79, 22, 66, 76, 42, 40, 80, 96, 6, 16, 61, 33, 7, 57, 34, 12, 67, 10, 98, 56, 88, 29, 94, 91, 51, 19, 92, 43, 84, 38, 72, 81, 8, 2, 55, 62, 89, 25, 0]|[2, 1, 1, 2, 1, 2, 1, 1, 1, 1, 1, 0, 2, 2, 1, 2, 0, 0, 0, 2, 2, 1, 0, 2, 0, 2, 2, 1, 0, 1, 1, 1, 0, 0, 1, 0, 2, 1, 2, 2, 0, 0, 1, 1, 0, 2, 0, 2, 1, 0, 0, 2, 0, 0, 2, 0, 1, 0, 0, 0, 2, 1, 0, 2, 2, 0, 2, 2, 0, 1, 2, 1, 1, 2, 0, 1, 1, 1, 1, 2, 2, 1, 1, 2, 1, 1, 1, 0, 1, 0, 0, 1, 1, 1, 2, 0, 1, 1, 1, 0]|[1, 3, 2, 0, 4, 1, 4, 4, 2, 4, 3, 2, 1, 0, 2, 1, 1, 1, 2, 1, 1, 3, 0, 1, 0, 1, 1, 4, 1, 4, 3, 2, 2, 0, 4, 1, 1, 4, 0, 1, 2, 1, 4, 4, 1, 1, 0, 2, 3, 1, 2, 1, 2, 1, 1, 2, 4, 2, 0, 2, 2, 3, 1, 0, 1, 2, 0, 1, 2, 4, 1, 3, 4, 1, 2, 4, 3, 3, 3, 1, 1, 4, 3, 1, 3, 3, 4, 2, 4, 2, 2, 4, 1, 3, 1, 2, 3, 4, 4, 2]|[1, 2, 1, 0, 3, 0, 1, 3, 0, 0, 2, 0, 1, 0, 1, 0, 0, 0, 1, 0, 0, 2, 0, 0, 1, 0, 0, 3, 0, 1, 0, 2, 0, 1, 3, 0, 1, 3, 1, 0, 0, 0, 1, 3, 0, 0, 1, 0, 2, 0, 0, 0, 0, 0, 1, 0, 1, 0, 1, 1, 0, 2, 0, 0, 0, 0, 0, 0, 0, 2, 0, 0, 1, 0, 0, 1, 0, 0, 3, 0, 0, 1, 0, 0, 0, 0, 3, 0, 2, 0, 0, 2, 1, 0, 0, 0, 0, 1, 3, 0],836.569815134707,52504.092339752446,107095.57005228325,false
24,G2_TEC,G2_TEC,[31, 22, 82, 15, 26, 9, 95, 42, 77, 68, 47, 5, 93, 78, 86, 54, 85, 63, 18, 44, 20, 49, 36, 14, 74, 50, 53, 17, 21, 28, 11, 64, 3, 23, 30, 83, 24, 41, 40, 52, 65, 27, 90, 70, 39, 87, 48, 69, 99, 4, 46, 1, 13, 58, 97, 59, 45, 8, 73, 37, 35, 79, 71, 66, 76, 32, 60, 80, 96, 6, 16, 61, 33, 7, 57, 34, 12, 67, 10, 98, 56, 88, 29, 75, 91, 38, 19, 92, 43, 84, 51, 72, 81, 25, 2, 55, 62, 89, 94, 0]|[2, 1, 2, 1, 1, 2, 1, 1, 1, 1, 1, 0, 2, 2, 1, 2, 0, 0, 0, 2, 2, 1, 0, 2, 0, 2, 2, 1, 0, 1, 1, 1, 0, 0, 1, 0, 2, 1, 2, 2, 0, 0, 1, 1, 0, 2, 0, 2, 1, 0, 0, 2, 0, 0, 2, 0, 1, 1, 0, 0, 2, 1, 1, 2, 2, 0, 2, 2, 0, 1, 2, 1, 1, 2, 0, 1, 1, 1, 1, 2, 2, 1, 1, 0, 1, 0, 1, 0, 1, 0, 1, 1, 1, 1, 2, 0, 1, 1, 2, 0]|[0, 3, 0, 3, 4, 1, 4, 4, 2, 4, 3, 2, 1, 0, 2, 1, 1, 1, 2, 1, 1, 3, 0, 1, 0, 1, 1, 4, 1, 4, 3, 2, 2, 0, 4, 1, 1, 4, 0, 1, 2, 1, 4, 4, 1, 1, 0, 2, 3, 2, 2, 1, 2, 1, 1, 2, 4, 3, 0, 2, 2, 3, 3, 0, 1, 2, 0, 1, 2, 4, 1, 3, 4, 1, 2, 4, 3, 3, 3, 1, 1, 4, 3, 2, 3, 2, 4, 2, 4, 2, 3, 4, 4, 4, 1, 2, 3, 4, 1, 2]|[0, 2, 0, 0, 3, 0, 1, 3, 0, 0, 2, 0, 1, 0, 1, 0, 0, 0, 1, 0, 0, 2, 0, 0, 1, 0, 0, 3, 0, 1, 0, 2, 0, 0, 3, 0, 1, 3, 0, 0, 0, 0, 1, 3, 0, 0, 1, 0, 2, 0, 0, 0, 0, 0, 1, 0, 1, 0, 1, 1, 0, 2, 0, 0, 0, 0, 0, 0, 0, 2, 0, 0, 1, 0, 0, 1, 0, 0, 3, 0, 0, 1, 0, 0, 0, 0, 1, 0, 2, 0, 0, 2, 1, 3, 0, 0, 0, 1, 0, 0],896.1029292898813,50428.13444364295,114595.46915086164,false
24,G3_TWC,G1_CMAX,[31, 22, 82, 15, 26, 9, 42, 95, 77, 12, 47, 5, 93, 78, 86, 54, 85, 63, 18, 44, 20, 35, 43, 97, 91, 76, 10, 30, 21, 45, 71, 64, 1, 23, 17, 83, 24, 14, 60, 36, 6, 57, 94, 88, 65, 56, 79, 40, 67, 68, 46, 75, 38, 58, 19, 32, 81, 41, 27, 62, 87, 90, 99, 59, 11, 16, 72, 73, 70, 39, 37, 84, 3, 92, 25, 55, 28, 29, 51, 7, 33, 61, 98, 66, 89, 50, 8, 96, 53, 4, 80, 13, 34, 49, 52, 0, 48, 69, 2, 74]|[1, 1, 0, 1, 1, 1, 2, 1, 2, 1, 2, 2, 2, 1, 1, 0, 0, 1, 0, 2, 2, 0, 1, 2, 0, 1, 2, 2, 0, 0, 1, 2, 1, 2, 1, 0, 2, 0, 1, 1, 0, 1, 1, 1, 0, 2, 1, 1, 0, 0, 0, 0, 1, 1, 2, 1, 2, 0, 0, 0, 2, 1, 0, 1, 2, 1, 2, 1, 1, 1, 1, 1, 1, 0, 1, 1, 0, 0, 0, 1, 2, 1, 0, 2, 1, 0, 1, 0, 0, 0, 0, 0, 2, 0, 1, 0, 0, 1, 0, 2]|[4, 3, 2, 2, 0, 0, 2, 2, 2, 4, 1, 1, 2, 4, 4, 1, 2, 4, 2, 1, 1, 1, 1, 2, 1, 2, 1, 1, 1, 1, 3, 2, 3, 0, 4, 0, 1, 1, 0, 3, 2, 2, 4, 0, 1, 1, 0, 2, 0, 1, 2, 2, 1, 4, 0, 3, 2, 1, 1, 2, 1, 3, 1, 1, 1, 3, 0, 4, 3, 1, 4, 1, 1, 0, 4, 4, 2, 1, 1, 3, 1, 3, 1, 1, 1, 1, 3, 1, 2, 2, 1, 1, 1, 1, 1, 2, 2, 3, 2, 1]|[0, 2, 1, 1, 3, 3, 0, 1, 0, 0, 0, 0, 1, 0, 1, 0, 0, 3, 1, 0, 0, 0, 3, 1, 0, 2, 0, 0, 0, 1, 0, 0, 0, 0, 3, 0, 1, 0, 0, 2, 1, 1, 2, 0, 0, 0, 0, 1, 1, 0, 0, 0, 1, 3, 0, 0, 1, 0, 0, 1, 0, 2, 0, 1, 0, 2, 1, 0, 0, 1, 1, 3, 1, 1, 3, 3, 1, 0, 0, 2, 0, 0, 0, 0, 1, 0, 2, 0, 1, 1, 0, 0, 0, 1, 1, 0, 0, 0, 0, 0],800.9728923351585,58117.763115372225,90558.04465999853,true
24,G1_CMAX,G1_CMAX,[31, 22, 82, 15, 26, 9, 42, 77, 12, 5, 47, 93, 78, 86, 54, 6, 63, 18, 44, 20, 35, 43, 97, 91, 76, 10, 30, 21, 45, 17, 23, 1, 71, 83, 24, 14, 60, 36, 85, 57, 40, 95, 88, 65, 56, 79, 94, 67, 68, 46, 75, 38, 58, 19, 32, 81, 41, 62, 87, 28, 90, 59, 11, 16, 72, 73, 69, 52, 37, 64, 84, 3, 25, 29, 55, 51, 7, 98, 61, 66, 99, 33, 89, 48, 50, 96, 53, 80, 4, 8, 27, 2, 39, 13, 0, 92, 49, 74, 34, 70]|[1, 1, 0, 1, 1, 1, 2, 2, 1, 2, 2, 1, 1, 1, 0, 0, 1, 0, 2, 2, 0, 1, 2, 2, 1, 2, 2, 0, 0, 1, 2, 1, 1, 0, 2, 0, 1, 1, 0, 1, 1, 1, 1, 0, 2, 1, 1, 0, 0, 0, 0, 1, 1, 2, 1, 2, 0, 0, 2, 0, 1, 2, 2, 1, 2, 1, 1, 1, 1, 1, 1, 2, 1, 0, 2, 0, 1, 2, 1, 0, 0, 2, 1, 0, 0, 2, 0, 0, 1, 1, 0, 0, 1, 0, 0, 0, 0, 2, 2, 1]|[0, 3, 1, 2, 0, 0, 1, 1, 4, 1, 1, 4, 4, 4, 2, 2, 4, 2, 1, 1, 1, 1, 2, 1, 2, 1, 1, 1, 1, 4, 0, 3, 3, 0, 1, 1, 0, 3, 2, 2, 2, 2, 0, 1, 1, 0, 4, 0, 1, 2, 2, 1, 4, 0, 3, 2, 1, 2, 1, 2, 3, 1, 1, 3, 0, 4, 4, 1, 4, 3, 1, 2, 4, 1, 1, 1, 1, 1, 3, 1, 1, 1, 1, 1, 1, 1, 2, 1, 4, 3, 2, 2, 1, 2, 2, 0, 1, 1, 1, 4]|[1, 1, 1, 1, 3, 3, 0, 0, 0, 0, 0, 2, 0, 1, 0, 0, 3, 1, 0, 0, 0, 3, 1, 0, 2, 0, 0, 0, 1, 3, 0, 0, 0, 0, 1, 0, 0, 2, 1, 1, 1, 1, 0, 0, 0, 0, 2, 1, 0, 0, 0, 1, 3, 0, 0, 1, 0, 1, 0, 1, 2, 0, 0, 2, 1, 0, 2, 1, 1, 0, 3, 1, 3, 0, 0, 0, 2, 0, 0, 0, 0, 0, 1, 0, 0, 0, 1, 0, 0, 2, 1, 0, 1, 0, 0, 1, 1, 0, 0, 2],733.3116759547878,58140.55643565909,96674.14109675489,false
24,G4_BALANCED,G4_BALANCED,[31, 11, 15, 82, 26, 9, 95, 32, 77, 68, 47, 5, 93, 78, 86, 54, 85, 63, 18, 44, 20, 49, 36, 14, 74, 50, 53, 17, 21, 45, 71, 64, 3, 23, 30, 83, 24, 41, 60, 52, 65, 27, 90, 70, 39, 87, 48, 69, 99, 4, 46, 1, 13, 58, 97, 59, 28, 75, 73, 37, 35, 79, 22, 66, 76, 42, 40, 80, 96, 6, 16, 61, 33, 7, 57, 34, 12, 67, 10, 98, 56, 88, 29, 94, 91, 51, 19, 92, 43, 84, 38, 72, 81, 8, 2, 55, 62, 89, 25, 0]|[2, 1, 1, 2, 1, 2, 1, 1, 1, 1, 1, 0, 2, 2, 1, 2, 0, 0, 0, 2, 2, 1, 0, 2, 0, 2, 2, 1, 0, 1, 1, 1, 0, 0, 1, 0, 2, 1, 2, 2, 0, 0, 1, 1, 0, 2, 0, 2, 1, 0, 0, 2, 0, 0, 2, 0, 1, 0, 0, 0, 2, 1, 0, 2, 2, 0, 2, 2, 0, 1, 2, 1, 1, 2, 0, 1, 1, 1, 1, 2, 2, 1, 1, 2, 1, 1, 1, 0, 1, 0, 0, 1, 1, 1, 2, 0, 1, 1, 1, 0]|[1, 3, 2, 0, 4, 1, 4, 4, 2, 4, 3, 2, 1, 0, 2, 1, 1, 1, 2, 1, 1, 3, 0, 1, 0, 1, 1, 4, 1, 4, 3, 2, 2, 0, 4, 1, 1, 4, 0, 1, 2, 1, 4, 4, 1, 1, 0, 2, 3, 1, 2, 1, 2, 1, 1, 2, 4, 2, 0, 2, 2, 3, 1, 0, 1, 2, 0, 1, 2, 4, 1, 3, 4, 1, 2, 4, 3, 3, 3, 1, 1, 4, 3, 1, 3, 3, 4, 2, 4, 2, 2, 4, 1, 3, 1, 2, 3, 4, 4, 2]|[1, 2, 1, 0, 3, 0, 1, 3, 0, 0, 2, 0, 1, 0, 1, 0, 0, 0, 1, 0, 0, 2, 0, 0, 1, 0, 0, 3, 0, 1, 0, 2, 0, 1, 3, 0, 1, 3, 1, 0, 0, 0, 1, 3, 0, 0, 1, 0, 2, 0, 0, 0, 0, 0, 1, 0, 1, 0, 1, 1, 0, 2, 0, 0, 0, 0, 0, 0, 0, 2, 0, 0, 1, 0, 0, 1, 0, 0, 3, 0, 0, 1, 0, 0, 0, 0, 3, 0, 2, 0, 0, 2, 1, 0, 0, 0, 0, 1, 3, 0],836.569815134707,52504.092339752446,107095.57005228325,false
24,G2_TEC,G2_TEC,[31, 22, 82, 15, 26, 9, 95, 42, 77, 68, 47, 5, 93, 78, 86, 54, 85, 63, 18, 44, 20, 49, 36, 14, 74, 50, 53, 17, 21, 28, 11, 64, 3, 23, 30, 83, 24, 41, 40, 52, 65, 27, 90, 70, 39, 87, 48, 69, 99, 4, 46, 1, 13, 58, 97, 59, 45, 8, 73, 37, 35, 79, 71, 66, 76, 32, 60, 80, 96, 6, 16, 61, 33, 7, 57, 34, 12, 67, 10, 98, 56, 88, 29, 75, 91, 38, 19, 92, 43, 84, 51, 72, 81, 25, 2, 55, 62, 89, 94, 0]|[2, 1, 2, 1, 1, 2, 1, 1, 1, 1, 1, 0, 2, 2, 1, 2, 0, 0, 0, 2, 2, 1, 0, 2, 0, 2, 2, 1, 0, 1, 1, 1, 0, 0, 1, 0, 2, 1, 2, 2, 0, 0, 1, 1, 0, 2, 0, 2, 1, 0, 0, 2, 0, 0, 2, 0, 1, 1, 0, 0, 2, 1, 1, 2, 2, 0, 2, 2, 0, 1, 2, 1, 1, 2, 0, 1, 1, 1, 1, 2, 2, 1, 1, 0, 1, 0, 1, 0, 1, 0, 1, 1, 1, 1, 2, 0, 1, 1, 2, 0]|[0, 3, 0, 3, 4, 1, 4, 4, 2, 4, 3, 2, 1, 0, 2, 1, 1, 1, 2, 1, 1, 3, 0, 1, 0, 1, 1, 4, 1, 4, 3, 2, 2, 0, 4, 1, 1, 4, 0, 1, 2, 1, 4, 4, 1, 1, 0, 2, 3, 2, 2, 1, 2, 1, 1, 2, 4, 3, 0, 2, 2, 3, 3, 0, 1, 2, 0, 1, 2, 4, 1, 3, 4, 1, 2, 4, 3, 3, 3, 1, 1, 4, 3, 2, 3, 2, 4, 2, 4, 2, 3, 4, 4, 4, 1, 2, 3, 4, 1, 2]|[0, 2, 0, 0, 3, 0, 1, 3, 0, 0, 2, 0, 1, 0, 1, 0, 0, 0, 1, 0, 0, 2, 0, 0, 1, 0, 0, 3, 0, 1, 0, 2, 0, 0, 3, 0, 1, 3, 0, 0, 0, 0, 1, 3, 0, 0, 1, 0, 2, 0, 0, 0, 0, 0, 1, 0, 1, 0, 1, 1, 0, 2, 0, 0, 0, 0, 0, 0, 0, 2, 0, 0, 1, 0, 0, 1, 0, 0, 3, 0, 0, 1, 0, 0, 0, 0, 1, 0, 2, 0, 0, 2, 1, 3, 0, 0, 0, 1, 0, 0],896.1029292898813,50428.13444364295,114595.46915086164,false
24,G3_TWC,G1_CMAX,[31, 22, 82, 15, 26, 9, 42, 95, 77, 12, 47, 5, 93, 78, 86, 54, 85, 63, 18, 44, 20, 35, 43, 97, 91, 76, 10, 30, 21, 45, 71, 64, 1, 23, 17, 83, 24, 14, 60, 36, 6, 57, 94, 88, 65, 56, 79, 40, 67, 68, 46, 75, 38, 58, 19, 32, 81, 41, 27, 62, 87, 90, 99, 59, 11, 16, 72, 73, 70, 39, 37, 84, 3, 92, 25, 55, 28, 29, 51, 7, 33, 61, 98, 66, 89, 50, 8, 96, 53, 4, 80, 13, 34, 49, 52, 0, 48, 69, 2, 74]|[1, 1, 0, 1, 1, 1, 2, 1, 2, 1, 2, 2, 2, 1, 1, 0, 0, 1, 0, 2, 2, 0, 1, 2, 0, 1, 2, 2, 0, 0, 1, 2, 1, 2, 1, 0, 2, 0, 1, 1, 0, 1, 1, 1, 0, 2, 1, 1, 0, 0, 0, 0, 1, 1, 2, 1, 2, 0, 0, 0, 2, 1, 0, 1, 2, 1, 2, 1, 1, 1, 1, 1, 1, 0, 1, 1, 0, 0, 0, 1, 2, 1, 0, 2, 1, 0, 1, 0, 0, 0, 0, 0, 2, 0, 1, 0, 0, 1, 0, 2]|[4, 3, 2, 2, 0, 0, 2, 2, 2, 4, 1, 1, 2, 4, 4, 1, 2, 4, 2, 1, 1, 1, 1, 2, 1, 2, 1, 1, 1, 1, 3, 2, 3, 0, 4, 0, 1, 1, 0, 3, 2, 2, 4, 0, 1, 1, 0, 2, 0, 1, 2, 2, 1, 4, 0, 3, 2, 1, 1, 2, 1, 3, 1, 1, 1, 3, 0, 4, 3, 1, 4, 1, 1, 0, 4, 4, 2, 1, 1, 3, 1, 3, 1, 1, 1, 1, 3, 1, 2, 2, 1, 1, 1, 1, 1, 2, 2, 3, 2, 1]|[0, 2, 1, 1, 3, 3, 0, 1, 0, 0, 0, 0, 1, 0, 1, 0, 0, 3, 1, 0, 0, 0, 3, 1, 0, 2, 0, 0, 0, 1, 0, 0, 0, 0, 3, 0, 1, 0, 0, 2, 1, 1, 2, 0, 0, 0, 0, 1, 1, 0, 0, 0, 1, 3, 0, 0, 1, 0, 0, 1, 0, 2, 0, 1, 0, 2, 1, 0, 0, 1, 1, 3, 1, 1, 3, 3, 1, 0, 0, 2, 0, 0, 0, 0, 1, 0, 2, 0, 1, 1, 0, 0, 0, 1, 1, 0, 0, 0, 0, 0],800.9728923351585,58117.763115372225,90558.04465999853,true
24,G1_CMAX,G1_CMAX,[31, 22, 82, 15, 26, 9, 42, 77, 12, 5, 47, 93, 78, 86, 54, 6, 63, 18, 44, 20, 35, 43, 97, 91, 76, 10, 30, 21, 45, 17, 23, 1, 71, 83, 24, 14, 60, 36, 85, 57, 40, 95, 88, 65, 56, 79, 94, 67, 68, 46, 75, 38, 58, 19, 32, 81, 41, 62, 87, 28, 90, 59, 11, 16, 72, 73, 69, 52, 37, 64, 84, 3, 25, 29, 55, 51, 7, 98, 61, 66, 99, 33, 89, 48, 50, 96, 53, 80, 4, 8, 27, 2, 39, 13, 0, 92, 49, 74, 34, 70]|[1, 1, 0, 1, 1, 1, 2, 2, 1, 2, 2, 1, 1, 1, 0, 0, 1, 0, 2, 2, 0, 1, 2, 2, 1, 2, 2, 0, 0, 1, 2, 1, 1, 0, 2, 0, 1, 1, 0, 1, 1, 1, 1, 0, 2, 1, 1, 0, 0, 0, 0, 1, 1, 2, 1, 2, 0, 0, 2, 0, 1, 2, 2, 1, 2, 1, 1, 1, 1, 1, 1, 2, 1, 0, 2, 0, 1, 2, 1, 0, 0, 2, 1, 0, 0, 2, 0, 0, 1, 1, 0, 0, 1, 0, 0, 0, 0, 2, 2, 1]|[0, 3, 1, 2, 0, 0, 1, 1, 4, 1, 1, 4, 4, 4, 2, 2, 4, 2, 1, 1, 1, 1, 2, 1, 2, 1, 1, 1, 1, 4, 0, 3, 3, 0, 1, 1, 0, 3, 2, 2, 2, 2, 0, 1, 1, 0, 4, 0, 1, 2, 2, 1, 4, 0, 3, 2, 1, 2, 1, 2, 3, 1, 1, 3, 0, 4, 4, 1, 4, 3, 1, 2, 4, 1, 1, 1, 1, 1, 3, 1, 1, 1, 1, 1, 1, 1, 2, 1, 4, 3, 2, 2, 1, 2, 2, 0, 1, 1, 1, 4]|[1, 1, 1, 1, 3, 3, 0, 0, 0, 0, 0, 2, 0, 1, 0, 0, 3, 1, 0, 0, 0, 3, 1, 0, 2, 0, 0, 0, 1, 3, 0, 0, 0, 0, 1, 0, 0, 2, 1, 1, 1, 1, 0, 0, 0, 0, 2, 1, 0, 0, 0, 1, 3, 0, 0, 1, 0, 1, 0, 1, 2, 0, 0, 2, 1, 0, 2, 1, 1, 0, 3, 1, 3, 0, 0, 0, 2, 0, 0, 0, 0, 0, 1, 0, 0, 0, 1, 0, 0, 2, 1, 0, 1, 0, 0, 1, 1, 0, 0, 2],733.3116759547878,58140.55643565909,96674.14109675489,false
24,G4_BALANCED,G4_BALANCED,[31, 11, 15, 82, 26, 9, 95, 32, 77, 68, 47, 5, 93, 78, 86, 54, 85, 63, 18, 44, 20, 49, 36, 14, 74, 50, 53, 17, 21, 45, 71, 64, 3, 23, 30, 83, 24, 41, 60, 52, 65, 27, 90, 70, 39, 87, 48, 69, 99, 4, 46, 1, 13, 58, 97, 59, 28, 75, 73, 37, 35, 79, 22, 66, 76, 42, 40, 80, 96, 6, 16, 61, 33, 7, 57, 34, 12, 67, 10, 98, 56, 88, 29, 94, 91, 51, 19, 92, 43, 84, 38, 72, 81, 8, 2, 55, 62, 89, 25, 0]|[2, 1, 1, 2, 1, 2, 1, 1, 1, 1, 1, 0, 2, 2, 1, 2, 0, 0, 0, 2, 2, 1, 0, 2, 0, 2, 2, 1, 0, 1, 1, 1, 0, 0, 1, 0, 2, 1, 2, 2, 0, 0, 1, 1, 0, 2, 0, 2, 1, 0, 0, 2, 0, 0, 2, 0, 1, 0, 0, 0, 2, 1, 0, 2, 2, 0, 2, 2, 0, 1, 2, 1, 1, 2, 0, 1, 1, 1, 1, 2, 2, 1, 1, 2, 1, 1, 1, 0, 1, 0, 0, 1, 1, 1, 2, 0, 1, 1, 1, 0]|[1, 3, 2, 0, 4, 1, 4, 4, 2, 4, 3, 2, 1, 0, 2, 1, 1, 1, 2, 1, 1, 3, 0, 1, 0, 1, 1, 4, 1, 4, 3, 2, 2, 0, 4, 1, 1, 4, 0, 1, 2, 1, 4, 4, 1, 1, 0, 2, 3, 1, 2, 1, 2, 1, 1, 2, 4, 2, 0, 2, 2, 3, 1, 0, 1, 2, 0, 1, 2, 4, 1, 3, 4, 1, 2, 4, 3, 3, 3, 1, 1, 4, 3, 1, 3, 3, 4, 2, 4, 2, 2, 4, 1, 3, 1, 2, 3, 4, 4, 2]|[1, 2, 1, 0, 3, 0, 1, 3, 0, 0, 2, 0, 1, 0, 1, 0, 0, 0, 1, 0, 0, 2, 0, 0, 1, 0, 0, 3, 0, 1, 0, 2, 0, 1, 3, 0, 1, 3, 1, 0, 0, 0, 1, 3, 0, 0, 1, 0, 2, 0, 0, 0, 0, 0, 1, 0, 1, 0, 1, 1, 0, 2, 0, 0, 0, 0, 0, 0, 0, 2, 0, 0, 1, 0, 0, 1, 0, 0, 3, 0, 0, 1, 0, 0, 0, 0, 3, 0, 2, 0, 0, 2, 1, 0, 0, 0, 0, 1, 3, 0],836.569815134707,52504.092339752446,107095.57005228325,false
24,G2_TEC,G2_TEC,[31, 22, 82, 15, 26, 9, 95, 42, 77, 68, 47, 5, 93, 78, 86, 54, 85, 63, 18, 44, 20, 49, 36, 14, 74, 50, 53, 17, 21, 28, 11, 64, 3, 23, 30, 83, 24, 41, 40, 52, 65, 27, 90, 70, 39, 87, 48, 69, 99, 4, 46, 1, 13, 58, 97, 59, 45, 8, 73, 37, 35, 79, 71, 66, 76, 32, 60, 80, 96, 6, 16, 61, 33, 7, 57, 34, 12, 67, 10, 98, 56, 88, 29, 75, 91, 38, 19, 92, 43, 84, 51, 72, 81, 25, 2, 55, 62, 89, 94, 0]|[2, 1, 2, 1, 1, 2, 1, 1, 1, 1, 1, 0, 2, 2, 1, 2, 0, 0, 0, 2, 2, 1, 0, 2, 0, 2, 2, 1, 0, 1, 1, 1, 0, 0, 1, 0, 2, 1, 2, 2, 0, 0, 1, 1, 0, 2, 0, 2, 1, 0, 0, 2, 0, 0, 2, 0, 1, 1, 0, 0, 2, 1, 1, 2, 2, 0, 2, 2, 0, 1, 2, 1, 1, 2, 0, 1, 1, 1, 1, 2, 2, 1, 1, 0, 1, 0, 1, 0, 1, 0, 1, 1, 1, 1, 2, 0, 1, 1, 2, 0]|[0, 3, 0, 3, 4, 1, 4, 4, 2, 4, 3, 2, 1, 0, 2, 1, 1, 1, 2, 1, 1, 3, 0, 1, 0, 1, 1, 4, 1, 4, 3, 2, 2, 0, 4, 1, 1, 4, 0, 1, 2, 1, 4, 4, 1, 1, 0, 2, 3, 2, 2, 1, 2, 1, 1, 2, 4, 3, 0, 2, 2, 3, 3, 0, 1, 2, 0, 1, 2, 4, 1, 3, 4, 1, 2, 4, 3, 3, 3, 1, 1, 4, 3, 2, 3, 2, 4, 2, 4, 2, 3, 4, 4, 4, 1, 2, 3, 4, 1, 2]|[0, 2, 0, 0, 3, 0, 1, 3, 0, 0, 2, 0, 1, 0, 1, 0, 0, 0, 1, 0, 0, 2, 0, 0, 1, 0, 0, 3, 0, 1, 0, 2, 0, 0, 3, 0, 1, 3, 0, 0, 0, 0, 1, 3, 0, 0, 1, 0, 2, 0, 0, 0, 0, 0, 1, 0, 1, 0, 1, 1, 0, 2, 0, 0, 0, 0, 0, 0, 0, 2, 0, 0, 1, 0, 0, 1, 0, 0, 3, 0, 0, 1, 0, 0, 0, 0, 1, 0, 2, 0, 0, 2, 1, 3, 0, 0, 0, 1, 0, 0],896.1029292898813,50428.13444364295,114595.46915086164,false
24,G3_TWC,G1_CMAX,[31, 22, 82, 15, 26, 9, 42, 95, 77, 12, 47, 5, 93, 78, 86, 54, 85, 63, 18, 44, 20, 35, 43, 97, 91, 76, 10, 30, 21, 45, 71, 64, 1, 23, 17, 83, 24, 14, 60, 36, 6, 57, 94, 88, 65, 56, 79, 40, 67, 68, 46, 75, 38, 58, 19, 32, 81, 41, 27, 62, 87, 90, 99, 59, 11, 16, 72, 73, 70, 39, 37, 84, 3, 92, 25, 55, 28, 29, 51, 7, 33, 61, 98, 66, 89, 50, 8, 96, 53, 4, 80, 13, 34, 49, 52, 0, 48, 69, 2, 74]|[1, 1, 0, 1, 1, 1, 2, 1, 2, 1, 2, 2, 2, 1, 1, 0, 0, 1, 0, 2, 2, 0, 1, 2, 0, 1, 2, 2, 0, 0, 1, 2, 1, 2, 1, 0, 2, 0, 1, 1, 0, 1, 1, 1, 0, 2, 1, 1, 0, 0, 0, 0, 1, 1, 2, 1, 2, 0, 0, 0, 2, 1, 0, 1, 2, 1, 2, 1, 1, 1, 1, 1, 1, 0, 1, 1, 0, 0, 0, 1, 2, 1, 0, 2, 1, 0, 1, 0, 0, 0, 0, 0, 2, 0, 1, 0, 0, 1, 0, 2]|[4, 3, 2, 2, 0, 0, 2, 2, 2, 4, 1, 1, 2, 4, 4, 1, 2, 4, 2, 1, 1, 1, 1, 2, 1, 2, 1, 1, 1, 1, 3, 2, 3, 0, 4, 0, 1, 1, 0, 3, 2, 2, 4, 0, 1, 1, 0, 2, 0, 1, 2, 2, 1, 4, 0, 3, 2, 1, 1, 2, 1, 3, 1, 1, 1, 3, 0, 4, 3, 1, 4, 1, 1, 0, 4, 4, 2, 1, 1, 3, 1, 3, 1, 1, 1, 1, 3, 1, 2, 2, 1, 1, 1, 1, 1, 2, 2, 3, 2, 1]|[0, 2, 1, 1, 3, 3, 0, 1, 0, 0, 0, 0, 1, 0, 1, 0, 0, 3, 1, 0, 0, 0, 3, 1, 0, 2, 0, 0, 0, 1, 0, 0, 0, 0, 3, 0, 1, 0, 0, 2, 1, 1, 2, 0, 0, 0, 0, 1, 1, 0, 0, 0, 1, 3, 0, 0, 1, 0, 0, 1, 0, 2, 0, 1, 0, 2, 1, 0, 0, 1, 1, 3, 1, 1, 3, 3, 1, 0, 0, 2, 0, 0, 0, 0, 1, 0, 2, 0, 1, 1, 0, 0, 0, 1, 1, 0, 0, 0, 0, 0],800.9728923351585,58117.763115372225,90558.04465999853,true
24,G1_CMAX,G1_CMAX,[31, 22, 82, 15, 26, 9, 42, 77, 12, 5, 47, 93, 78, 86, 54, 6, 63, 18, 44, 20, 35, 43, 97, 91, 76, 10, 30, 21, 45, 17, 23, 1, 71, 83, 24, 14, 60, 36, 85, 57, 40, 95, 88, 65, 56, 79, 94, 67, 68, 46, 75, 38, 58, 19, 32, 81, 41, 62, 87, 28, 90, 59, 11, 16, 72, 73, 69, 52, 37, 64, 84, 3, 25, 29, 55, 51, 7, 98, 61, 66, 99, 33, 89, 48, 50, 96, 53, 80, 4, 8, 27, 2, 39, 13, 0, 92, 49, 74, 34, 70]|[1, 1, 0, 1, 1, 1, 2, 2, 1, 2, 2, 1, 1, 1, 0, 0, 1, 0, 2, 2, 0, 1, 2, 2, 1, 2, 2, 0, 0, 1, 2, 1, 1, 0, 2, 0, 1, 1, 0, 1, 1, 1, 1, 0, 2, 1, 1, 0, 0, 0, 0, 1, 1, 2, 1, 2, 0, 0, 2, 0, 1, 2, 2, 1, 2, 1, 1, 1, 1, 1, 1, 2, 1, 0, 2, 0, 1, 2, 1, 0, 0, 2, 1, 0, 0, 2, 0, 0, 1, 1, 0, 0, 1, 0, 0, 0, 0, 2, 2, 1]|[0, 3, 1, 2, 0, 0, 1, 1, 4, 1, 1, 4, 4, 4, 2, 2, 4, 2, 1, 1, 1, 1, 2, 1, 2, 1, 1, 1, 1, 4, 0, 3, 3, 0, 1, 1, 0, 3, 2, 2, 2, 2, 0, 1, 1, 0, 4, 0, 1, 2, 2, 1, 4, 0, 3, 2, 1, 2, 1, 2, 3, 1, 1, 3, 0, 4, 4, 1, 4, 3, 1, 2, 4, 1, 1, 1, 1, 1, 3, 1, 1, 1, 1, 1, 1, 1, 2, 1, 4, 3, 2, 2, 1, 2, 2, 0, 1, 1, 1, 4]|[1, 1, 1, 1, 3, 3, 0, 0, 0, 0, 0, 2, 0, 1, 0, 0, 3, 1, 0, 0, 0, 3, 1, 0, 2, 0, 0, 0, 1, 3, 0, 0, 0, 0, 1, 0, 0, 2, 1, 1, 1, 1, 0, 0, 0, 0, 2, 1, 0, 0, 0, 1, 3, 0, 0, 1, 0, 1, 0, 1, 2, 0, 0, 2, 1, 0, 2, 1, 1, 0, 3, 1, 3, 0, 0, 0, 2, 0, 0, 0, 0, 0, 1, 0, 0, 0, 1, 0, 0, 2, 1, 0, 1, 0, 0, 1, 1, 0, 0, 2],733.3116759547878,58140.55643565909,96674.14109675489,false
24,G4_BALANCED,G4_BALANCED,[31, 11, 15, 82, 26, 9, 95, 32, 77, 68, 47, 5, 93, 78, 86, 54, 85, 63, 18, 44, 20, 49, 36, 14, 74, 50, 53, 17, 21, 45, 71, 64, 3, 23, 30, 83, 24, 41, 60, 52, 65, 27, 90, 70, 39, 87, 48, 69, 99, 4, 46, 1, 13, 58, 97, 59, 28, 75, 73, 37, 35, 79, 22, 66, 76, 42, 40, 80, 96, 6, 16, 61, 33, 7, 57, 34, 12, 67, 10, 98, 56, 88, 29, 94, 91, 51, 19, 92, 43, 84, 38, 72, 81, 8, 2, 55, 62, 89, 25, 0]|[2, 1, 1, 2, 1, 2, 1, 1, 1, 1, 1, 0, 2, 2, 1, 2, 0, 0, 0, 2, 2, 1, 0, 2, 0, 2, 2, 1, 0, 1, 1, 1, 0, 0, 1, 0, 2, 1, 2, 2, 0, 0, 1, 1, 0, 2, 0, 2, 1, 0, 0, 2, 0, 0, 2, 0, 1, 0, 0, 0, 2, 1, 0, 2, 2, 0, 2, 2, 0, 1, 2, 1, 1, 2, 0, 1, 1, 1, 1, 2, 2, 1, 1, 2, 1, 1, 1, 0, 1, 0, 0, 1, 1, 1, 2, 0, 1, 1, 1, 0]|[1, 3, 2, 0, 4, 1, 4, 4, 2, 4, 3, 2, 1, 0, 2, 1, 1, 1, 2, 1, 1, 3, 0, 1, 0, 1, 1, 4, 1, 4, 3, 2, 2, 0, 4, 1, 1, 4, 0, 1, 2, 1, 4, 4, 1, 1, 0, 2, 3, 1, 2, 1, 2, 1, 1, 2, 4, 2, 0, 2, 2, 3, 1, 0, 1, 2, 0, 1, 2, 4, 1, 3, 4, 1, 2, 4, 3, 3, 3, 1, 1, 4, 3, 1, 3, 3, 4, 2, 4, 2, 2, 4, 1, 3, 1, 2, 3, 4, 4, 2]|[1, 2, 1, 0, 3, 0, 1, 3, 0, 0, 2, 0, 1, 0, 1, 0, 0, 0, 1, 0, 0, 2, 0, 0, 1, 0, 0, 3, 0, 1, 0, 2, 0, 1, 3, 0, 1, 3, 1, 0, 0, 0, 1, 3, 0, 0, 1, 0, 2, 0, 0, 0, 0, 0, 1, 0, 1, 0, 1, 1, 0, 2, 0, 0, 0, 0, 0, 0, 0, 2, 0, 0, 1, 0, 0, 1, 0, 0, 3, 0, 0, 1, 0, 0, 0, 0, 3, 0, 2, 0, 0, 2, 1, 0, 0, 0, 0, 1, 3, 0],836.569815134707,52504.092339752446,107095.57005228325,false
24,G2_TEC,G2_TEC,[31, 22, 82, 15, 26, 9, 95, 42, 77, 68, 47, 5, 93, 78, 86, 54, 85, 63, 18, 44, 20, 49, 36, 14, 74, 50, 53, 17, 21, 28, 11, 64, 3, 23, 30, 83, 24, 41, 40, 52, 65, 27, 90, 70, 39, 87, 48, 69, 99, 4, 46, 1, 13, 58, 97, 59, 45, 8, 73, 37, 35, 79, 71, 66, 76, 32, 60, 80, 96, 6, 16, 61, 33, 7, 57, 34, 12, 67, 10, 98, 56, 88, 29, 75, 91, 38, 19, 92, 43, 84, 51, 72, 81, 25, 2, 55, 62, 89, 94, 0]|[2, 1, 2, 1, 1, 2, 1, 1, 1, 1, 1, 0, 2, 2, 1, 2, 0, 0, 0, 2, 2, 1, 0, 2, 0, 2, 2, 1, 0, 1, 1, 1, 0, 0, 1, 0, 2, 1, 2, 2, 0, 0, 1, 1, 0, 2, 0, 2, 1, 0, 0, 2, 0, 0, 2, 0, 1, 1, 0, 0, 2, 1, 1, 2, 2, 0, 2, 2, 0, 1, 2, 1, 1, 2, 0, 1, 1, 1, 1, 2, 2, 1, 1, 0, 1, 0, 1, 0, 1, 0, 1, 1, 1, 1, 2, 0, 1, 1, 2, 0]|[0, 3, 0, 3, 4, 1, 4, 4, 2, 4, 3, 2, 1, 0, 2, 1, 1, 1, 2, 1, 1, 3, 0, 1, 0, 1, 1, 4, 1, 4, 3, 2, 2, 0, 4, 1, 1, 4, 0, 1, 2, 1, 4, 4, 1, 1, 0, 2, 3, 2, 2, 1, 2, 1, 1, 2, 4, 3, 0, 2, 2, 3, 3, 0, 1, 2, 0, 1, 2, 4, 1, 3, 4, 1, 2, 4, 3, 3, 3, 1, 1, 4, 3, 2, 3, 2, 4, 2, 4, 2, 3, 4, 4, 4, 1, 2, 3, 4, 1, 2]|[0, 2, 0, 0, 3, 0, 1, 3, 0, 0, 2, 0, 1, 0, 1, 0, 0, 0, 1, 0, 0, 2, 0, 0, 1, 0, 0, 3, 0, 1, 0, 2, 0, 0, 3, 0, 1, 3, 0, 0, 0, 0, 1, 3, 0, 0, 1, 0, 2, 0, 0, 0, 0, 0, 1, 0, 1, 0, 1, 1, 0, 2, 0, 0, 0, 0, 0, 0, 0, 2, 0, 0, 1, 0, 0, 1, 0, 0, 3, 0, 0, 1, 0, 0, 0, 0, 1, 0, 2, 0, 0, 2, 1, 3, 0, 0, 0, 1, 0, 0],896.1029292898813,50428.13444364295,114595.46915086164,false
24,G3_TWC,G1_CMAX,[31, 22, 82, 15, 26, 9, 42, 95, 77, 12, 47, 5, 93, 78, 86, 54, 85, 63, 18, 44, 20, 35, 43, 97, 91, 76, 10, 30, 21, 45, 71, 64, 1, 23, 17, 83, 24, 14, 60, 36, 6, 57, 94, 88, 65, 56, 79, 40, 67, 68, 46, 75, 38, 58, 19, 32, 81, 41, 27, 62, 87, 90, 99, 59, 11, 16, 72, 73, 70, 39, 37, 84, 3, 92, 25, 55, 28, 29, 51, 7, 33, 61, 98, 66, 89, 50, 8, 96, 53, 4, 80, 13, 34, 49, 52, 0, 48, 69, 2, 74]|[1, 1, 0, 1, 1, 1, 2, 1, 2, 1, 2, 2, 2, 1, 1, 0, 0, 1, 0, 2, 2, 0, 1, 2, 0, 1, 2, 2, 0, 0, 1, 2, 1, 2, 1, 0, 2, 0, 1, 1, 0, 1, 1, 1, 0, 2, 1, 1, 0, 0, 0, 0, 1, 1, 2, 1, 2, 0, 0, 0, 2, 1, 0, 1, 2, 1, 2, 1, 1, 1, 1, 1, 1, 0, 1, 1, 0, 0, 0, 1, 2, 1, 0, 2, 1, 0, 1, 0, 0, 0, 0, 0, 2, 0, 1, 0, 0, 1, 0, 2]|[4, 3, 2, 2, 0, 0, 2, 2, 2, 4, 1, 1, 2, 4, 4, 1, 2, 4, 2, 1, 1, 1, 1, 2, 1, 2, 1, 1, 1, 1, 3, 2, 3, 0, 4, 0, 1, 1, 0, 3, 2, 2, 4, 0, 1, 1, 0, 2, 0, 1, 2, 2, 1, 4, 0, 3, 2, 1, 1, 2, 1, 3, 1, 1, 1, 3, 0, 4, 3, 1, 4, 1, 1, 0, 4, 4, 2, 1, 1, 3, 1, 3, 1, 1, 1, 1, 3, 1, 2, 2, 1, 1, 1, 1, 1, 2, 2, 3, 2, 1]|[0, 2, 1, 1, 3, 3, 0, 1, 0, 0, 0, 0, 1, 0, 1, 0, 0, 3, 1, 0, 0, 0, 3, 1, 0, 2, 0, 0, 0, 1, 0, 0, 0, 0, 3, 0, 1, 0, 0, 2, 1, 1, 2, 0, 0, 0, 0, 1, 1, 0, 0, 0, 1, 3, 0, 0, 1, 0, 0, 1, 0, 2, 0, 1, 0, 2, 1, 0, 0, 1, 1, 3, 1, 1, 3, 3, 1, 0, 0, 2, 0, 0, 0, 0, 1, 0, 2, 0, 1, 1, 0, 0, 0, 1, 1, 0, 0, 0, 0, 0],800.9728923351585,58117.763115372225,90558.04465999853,true
24,G1_CMAX,G1_CMAX,[31, 22, 82, 15, 26, 9, 42, 77, 12, 5, 47, 93, 78, 86, 54, 6, 63, 18, 44, 20, 35, 43, 97, 91, 76, 10, 30, 21, 45, 17, 23, 1, 71, 83, 24, 14, 60, 36, 85, 57, 40, 95, 88, 65, 56, 79, 94, 67, 68, 46, 75, 38, 58, 19, 32, 81, 41, 62, 87, 28, 90, 59, 11, 16, 72, 73, 69, 52, 37, 64, 84, 3, 25, 29, 55, 51, 7, 98, 61, 66, 99, 33, 89, 48, 50, 96, 53, 80, 4, 8, 27, 2, 39, 13, 0, 92, 49, 74, 34, 70]|[1, 1, 0, 1, 1, 1, 2, 2, 1, 2, 2, 1, 1, 1, 0, 0, 1, 0, 2, 2, 0, 1, 2, 2, 1, 2, 2, 0, 0, 1, 2, 1, 1, 0, 2, 0, 1, 1, 0, 1, 1, 1, 1, 0, 2, 1, 1, 0, 0, 0, 0, 1, 1, 2, 1, 2, 0, 0, 2, 0, 1, 2, 2, 1, 2, 1, 1, 1, 1, 1, 1, 2, 1, 0, 2, 0, 1, 2, 1, 0, 0, 2, 1, 0, 0, 2, 0, 0, 1, 1, 0, 0, 1, 0, 0, 0, 0, 2, 2, 1]|[0, 3, 1, 2, 0, 0, 1, 1, 4, 1, 1, 4, 4, 4, 2, 2, 4, 2, 1, 1, 1, 1, 2, 1, 2, 1, 1, 1, 1, 4, 0, 3, 3, 0, 1, 1, 0, 3, 2, 2, 2, 2, 0, 1, 1, 0, 4, 0, 1, 2, 2, 1, 4, 0, 3, 2, 1, 2, 1, 2, 3, 1, 1, 3, 0, 4, 4, 1, 4, 3, 1, 2, 4, 1, 1, 1, 1, 1, 3, 1, 1, 1, 1, 1, 1, 1, 2, 1, 4, 3, 2, 2, 1, 2, 2, 0, 1, 1, 1, 4]|[1, 1, 1, 1, 3, 3, 0, 0, 0, 0, 0, 2, 0, 1, 0, 0, 3, 1, 0, 0, 0, 3, 1, 0, 2, 0, 0, 0, 1, 3, 0, 0, 0, 0, 1, 0, 0, 2, 1, 1, 1, 1, 0, 0, 0, 0, 2, 1, 0, 0, 0, 1, 3, 0, 0, 1, 0, 1, 0, 1, 2, 0, 0, 2, 1, 0, 2, 1, 1, 0, 3, 1, 3, 0, 0, 0, 2, 0, 0, 0, 0, 0, 1, 0, 0, 0, 1, 0, 0, 2, 1, 0, 1, 0, 0, 1, 1, 0, 0, 2],733.3116759547878,58140.55643565909,96674.14109675489,false
24,G4_BALANCED,G4_BALANCED,[31, 11, 15, 82, 26, 9, 95, 32, 77, 68, 47, 5, 93, 78, 86, 54, 85, 63, 18, 44, 20, 49, 36, 14, 74, 50, 53, 17, 21, 45, 71, 64, 3, 23, 30, 83, 24, 41, 60, 52, 65, 27, 90, 70, 39, 87, 48, 69, 99, 4, 46, 1, 13, 58, 97, 59, 28, 75, 73, 37, 35, 79, 22, 66, 76, 42, 40, 80, 96, 6, 16, 61, 33, 7, 57, 34, 12, 67, 10, 98, 56, 88, 29, 94, 91, 51, 19, 92, 43, 84, 38, 72, 81, 8, 2, 55, 62, 89, 25, 0]|[2, 1, 1, 2, 1, 2, 1, 1, 1, 1, 1, 0, 2, 2, 1, 2, 0, 0, 0, 2, 2, 1, 0, 2, 0, 2, 2, 1, 0, 1, 1, 1, 0, 0, 1, 0, 2, 1, 2, 2, 0, 0, 1, 1, 0, 2, 0, 2, 1, 0, 0, 2, 0, 0, 2, 0, 1, 0, 0, 0, 2, 1, 0, 2, 2, 0, 2, 2, 0, 1, 2, 1, 1, 2, 0, 1, 1, 1, 1, 2, 2, 1, 1, 2, 1, 1, 1, 0, 1, 0, 0, 1, 1, 1, 2, 0, 1, 1, 1, 0]|[1, 3, 2, 0, 4, 1, 4, 4, 2, 4, 3, 2, 1, 0, 2, 1, 1, 1, 2, 1, 1, 3, 0, 1, 0, 1, 1, 4, 1, 4, 3, 2, 2, 0, 4, 1, 1, 4, 0, 1, 2, 1, 4, 4, 1, 1, 0, 2, 3, 1, 2, 1, 2, 1, 1, 2, 4, 2, 0, 2, 2, 3, 1, 0, 1, 2, 0, 1, 2, 4, 1, 3, 4, 1, 2, 4, 3, 3, 3, 1, 1, 4, 3, 1, 3, 3, 4, 2, 4, 2, 2, 4, 1, 3, 1, 2, 3, 4, 4, 2]|[1, 2, 1, 0, 3, 0, 1, 3, 0, 0, 2, 0, 1, 0, 1, 0, 0, 0, 1, 0, 0, 2, 0, 0, 1, 0, 0, 3, 0, 1, 0, 2, 0, 1, 3, 0, 1, 3, 1, 0, 0, 0, 1, 3, 0, 0, 1, 0, 2, 0, 0, 0, 0, 0, 1, 0, 1, 0, 1, 1, 0, 2, 0, 0, 0, 0, 0, 0, 0, 2, 0, 0, 1, 0, 0, 1, 0, 0, 3, 0, 0, 1, 0, 0, 0, 0, 3, 0, 2, 0, 0, 2, 1, 0, 0, 0, 0, 1, 3, 0],836.569815134707,52504.092339752446,107095.57005228325,false
24,G2_TEC,G4_BALANCED,[31, 22, 82, 15, 26, 9, 95, 42, 77, 68, 47, 5, 93, 78, 86, 54, 85, 63, 18, 44, 20, 49, 36, 14, 74, 50, 53, 17, 21, 28, 71, 64, 3, 23, 30, 83, 24, 41, 60, 52, 65, 27, 90, 70, 39, 87, 48, 69, 99, 4, 46, 1, 13, 58, 97, 59, 45, 8, 73, 37, 35, 40, 11, 66, 76, 32, 79, 80, 96, 6, 16, 61, 33, 7, 57, 34, 12, 67, 10, 98, 56, 88, 29, 75, 91, 38, 19, 92, 43, 84, 51, 72, 81, 25, 2, 55, 0, 62, 89, 94]|[2, 1, 2, 1, 1, 2, 1, 1, 1, 1, 1, 0, 2, 2, 1, 2, 0, 0, 0, 2, 2, 1, 0, 2, 0, 2, 2, 1, 0, 1, 1, 1, 0, 0, 1, 0, 2, 1, 2, 2, 0, 0, 1, 1, 0, 2, 0, 2, 1, 0, 0, 2, 0, 0, 2, 0, 1, 1, 0, 0, 2, 2, 0, 2, 2, 0, 1, 2, 0, 1, 2, 1, 1, 2, 0, 1, 1, 1, 1, 2, 2, 1, 1, 0, 1, 0, 1, 0, 1, 0, 1, 1, 1, 1, 2, 0, 0, 1, 1, 1]|[0, 3, 0, 3, 4, 1, 4, 4, 2, 4, 3, 2, 1, 0, 2, 1, 1, 1, 2, 1, 1, 3, 0, 1, 0, 1, 1, 4, 1, 4, 3, 2, 2, 0, 4, 1, 1, 4, 0, 1, 2, 1, 4, 4, 1, 1, 0, 2, 3, 1, 2, 1, 2, 1, 1, 2, 4, 3, 0, 2, 2, 0, 1, 0, 1, 2, 3, 1, 2, 4, 1, 3, 4, 1, 2, 4, 3, 3, 3, 1, 1, 4, 3, 2, 3, 2, 4, 2, 4, 2, 3, 4, 1, 4, 1, 2, 2, 3, 4, 4]|[0, 2, 0, 0, 3, 0, 1, 3, 0, 0, 2, 0, 1, 0, 1, 0, 0, 0, 1, 0, 0, 2, 0, 0, 1, 0, 0, 3, 0, 1, 0, 2, 0, 0, 3, 0, 1, 3, 1, 0, 0, 0, 1, 3, 0, 0, 1, 0, 2, 0, 0, 0, 0, 0, 1, 0, 1, 0, 1, 1, 0, 0, 0, 0, 0, 0, 2, 0, 0, 2, 0, 0, 1, 0, 0, 1, 0, 0, 3, 0, 0, 1, 0, 0, 0, 0, 3, 0, 2, 0, 0, 2, 1, 3, 0, 0, 0, 0, 1, 2],892.7401490794913,51299.15930948922,108816.93252312683,true
24,G3_TWC,G1_CMAX,[31, 22, 82, 15, 26, 9, 42, 95, 77, 12, 47, 5, 93, 78, 86, 54, 85, 63, 18, 44, 20, 35, 43, 97, 91, 76, 10, 30, 21, 45, 71, 64, 1, 23, 17, 83, 24, 14, 60, 36, 6, 57, 94, 88, 65, 56, 79, 40, 67, 68, 46, 75, 38, 58, 19, 32, 81, 41, 27, 62, 87, 90, 99, 59, 11, 16, 72, 73, 70, 39, 37, 84, 3, 92, 25, 55, 28, 29, 51, 7, 33, 61, 98, 66, 89, 50, 8, 96, 53, 4, 80, 13, 34, 49, 52, 0, 48, 69, 2, 74]|[1, 1, 0, 1, 1, 1, 2, 1, 2, 1, 2, 2, 2, 1, 1, 0, 0, 1, 0, 2, 2, 0, 1, 2, 0, 1, 2, 2, 0, 0, 1, 2, 1, 2, 1, 0, 2, 0, 1, 1, 0, 1, 1, 1, 0, 2, 1, 1, 0, 0, 0, 0, 1, 1, 2, 1, 2, 0, 0, 0, 2, 1, 0, 1, 2, 1, 2, 1, 1, 1, 1, 1, 1, 0, 1, 1, 0, 0, 0, 1, 2, 1, 0, 2, 1, 0, 1, 0, 0, 0, 0, 0, 2, 0, 1, 0, 0, 1, 0, 2]|[4, 3, 2, 2, 0, 0, 2, 2, 2, 4, 1, 1, 2, 4, 4, 1, 2, 4, 2, 1, 1, 1, 1, 2, 1, 2, 1, 1, 1, 1, 3, 2, 3, 0, 4, 0, 1, 1, 0, 3, 2, 2, 4, 0, 1, 1, 0, 2, 0, 1, 2, 2, 1, 4, 0, 3, 2, 1, 1, 2, 1, 3, 1, 1, 1, 3, 0, 4, 3, 1, 4, 1, 1, 0, 4, 4, 2, 1, 1, 3, 1, 3, 1, 1, 1, 1, 3, 1, 2, 2, 1, 1, 1, 1, 1, 2, 2, 3, 2, 1]|[0, 2, 1, 1, 3, 3, 0, 1, 0, 0, 0, 0, 1, 0, 1, 0, 0, 3, 1, 0, 0, 0, 3, 1, 0, 2, 0, 0, 0, 1, 0, 0, 0, 0, 3, 0, 1, 0, 0, 2, 1, 1, 2, 0, 0, 0, 0, 1, 1, 0, 0, 0, 1, 3, 0, 0, 1, 0, 0, 1, 0, 2, 0, 1, 0, 2, 1, 0, 0, 1, 1, 3, 1, 1, 3, 3, 1, 0, 0, 2, 0, 0, 0, 0, 1, 0, 2, 0, 1, 1, 0, 0, 0, 1, 1, 0, 0, 0, 0, 0],800.9728923351585,58117.763115372225,90558.04465999853,true
24,G1_CMAX,G1_CMAX,[31, 22, 82, 15, 26, 9, 42, 77, 12, 5, 47, 93, 78, 86, 54, 6, 63, 18, 44, 20, 35, 43, 97, 91, 76, 10, 30, 21, 45, 17, 23, 1, 71, 83, 24, 14, 60, 36, 85, 57, 40, 95, 88, 65, 56, 79, 94, 67, 68, 46, 75, 38, 58, 19, 32, 81, 41, 62, 87, 28, 90, 59, 11, 16, 72, 73, 69, 52, 37, 64, 84, 3, 25, 29, 55, 51, 7, 98, 61, 66, 99, 33, 89, 48, 50, 96, 53, 80, 4, 8, 27, 2, 39, 13, 0, 92, 49, 74, 34, 70]|[1, 1, 0, 1, 1, 1, 2, 2, 1, 2, 2, 1, 1, 1, 0, 0, 1, 0, 2, 2, 0, 1, 2, 2, 1, 2, 2, 0, 0, 1, 2, 1, 1, 0, 2, 0, 1, 1, 0, 1, 1, 1, 1, 0, 2, 1, 1, 0, 0, 0, 0, 1, 1, 2, 1, 2, 0, 0, 2, 0, 1, 2, 2, 1, 2, 1, 1, 1, 1, 1, 1, 2, 1, 0, 2, 0, 1, 2, 1, 0, 0, 2, 1, 0, 0, 2, 0, 0, 1, 1, 0, 0, 1, 0, 0, 0, 0, 2, 2, 1]|[0, 3, 1, 2, 0, 0, 1, 1, 4, 1, 1, 4, 4, 4, 2, 2, 4, 2, 1, 1, 1, 1, 2, 1, 2, 1, 1, 1, 1, 4, 0, 3, 3, 0, 1, 1, 0, 3, 2, 2, 2, 2, 0, 1, 1, 0, 4, 0, 1, 2, 2, 1, 4, 0, 3, 2, 1, 2, 1, 2, 3, 1, 1, 3, 0, 4, 4, 1, 4, 3, 1, 2, 4, 1, 1, 1, 1, 1, 3, 1, 1, 1, 1, 1, 1, 1, 2, 1, 4, 3, 2, 2, 1, 2, 2, 0, 1, 1, 1, 4]|[1, 1, 1, 1, 3, 3, 0, 0, 0, 0, 0, 2, 0, 1, 0, 0, 3, 1, 0, 0, 0, 3, 1, 0, 2, 0, 0, 0, 1, 3, 0, 0, 0, 0, 1, 0, 0, 2, 1, 1, 1, 1, 0, 0, 0, 0, 2, 1, 0, 0, 0, 1, 3, 0, 0, 1, 0, 1, 0, 1, 2, 0, 0, 2, 1, 0, 2, 1, 1, 0, 3, 1, 3, 0, 0, 0, 2, 0, 0, 0, 0, 0, 1, 0, 0, 0, 1, 0, 0, 2, 1, 0, 1, 0, 0, 1, 1, 0, 0, 2],733.3116759547878,58140.55643565909,96674.14109675489,false
24,G4_BALANCED,G4_BALANCED,[31, 11, 15, 82, 26, 9, 95, 32, 77, 68, 47, 5, 93, 78, 86, 54, 85, 63, 18, 44, 20, 49, 36, 14, 74, 50, 53, 17, 21, 45, 71, 64, 3, 23, 30, 83, 24, 41, 60, 52, 65, 27, 90, 70, 39, 87, 48, 69, 99, 4, 46, 1, 13, 58, 97, 59, 28, 75, 73, 37, 35, 79, 22, 66, 76, 42, 40, 80, 96, 6, 16, 61, 33, 7, 57, 34, 12, 67, 10, 98, 56, 88, 29, 94, 91, 51, 19, 92, 43, 84, 38, 72, 81, 8, 2, 55, 62, 89, 25, 0]|[2, 1, 1, 2, 1, 2, 1, 1, 1, 1, 1, 0, 2, 2, 1, 2, 0, 0, 0, 2, 2, 1, 0, 2, 0, 2, 2, 1, 0, 1, 1, 1, 0, 0, 1, 0, 2, 1, 2, 2, 0, 0, 1, 1, 0, 2, 0, 2, 1, 0, 0, 2, 0, 0, 2, 0, 1, 0, 0, 0, 2, 1, 0, 2, 2, 0, 2, 2, 0, 1, 2, 1, 1, 2, 0, 1, 1, 1, 1, 2, 2, 1, 1, 2, 1, 1, 1, 0, 1, 0, 0, 1, 1, 1, 2, 0, 1, 1, 1, 0]|[1, 3, 2, 0, 4, 1, 4, 4, 2, 4, 3, 2, 1, 0, 2, 1, 1, 1, 2, 1, 1, 3, 0, 1, 0, 1, 1, 4, 1, 4, 3, 2, 2, 0, 4, 1, 1, 4, 0, 1, 2, 1, 4, 4, 1, 1, 0, 2, 3, 1, 2, 1, 2, 1, 1, 2, 4, 2, 0, 2, 2, 3, 1, 0, 1, 2, 0, 1, 2, 4, 1, 3, 4, 1, 2, 4, 3, 3, 3, 1, 1, 4, 3, 1, 3, 3, 4, 2, 4, 2, 2, 4, 1, 3, 1, 2, 3, 4, 4, 2]|[1, 2, 1, 0, 3, 0, 1, 3, 0, 0, 2, 0, 1, 0, 1, 0, 0, 0, 1, 0, 0, 2, 0, 0, 1, 0, 0, 3, 0, 1, 0, 2, 0, 1, 3, 0, 1, 3, 1, 0, 0, 0, 1, 3, 0, 0, 1, 0, 2, 0, 0, 0, 0, 0, 1, 0, 1, 0, 1, 1, 0, 2, 0, 0, 0, 0, 0, 0, 0, 2, 0, 0, 1, 0, 0, 1, 0, 0, 3, 0, 0, 1, 0, 0, 0, 0, 3, 0, 2, 0, 0, 2, 1, 0, 0, 0, 0, 1, 3, 0],836.569815134707,52504.092339752446,107095.57005228325,false
24,G2_TEC,G2_TEC,[31, 22, 82, 15, 26, 9, 95, 42, 77, 68, 47, 5, 93, 78, 86, 54, 85, 63, 18, 44, 20, 49, 36, 14, 74, 50, 53, 17, 21, 28, 11, 64, 3, 23, 30, 83, 24, 41, 40, 52, 65, 27, 90, 70, 39, 87, 48, 69, 99, 4, 46, 1, 13, 58, 97, 59, 45, 8, 73, 37, 35, 79, 71, 66, 76, 32, 60, 80, 96, 6, 16, 61, 33, 7, 57, 34, 12, 67, 10, 98, 56, 88, 29, 75, 91, 38, 19, 92, 43, 84, 51, 72, 81, 25, 2, 55, 62, 89, 94, 0]|[2, 1, 2, 1, 1, 2, 1, 1, 1, 1, 1, 0, 2, 2, 1, 2, 0, 0, 0, 2, 2, 1, 0, 2, 0, 2, 2, 1, 0, 1, 1, 1, 0, 0, 1, 0, 2, 1, 2, 2, 0, 0, 1, 1, 0, 2, 0, 2, 1, 0, 0, 2, 0, 0, 2, 0, 1, 1, 0, 0, 2, 1, 1, 2, 2, 0, 2, 2, 0, 1, 2, 1, 1, 2, 0, 1, 1, 1, 1, 2, 2, 1, 1, 0, 1, 0, 1, 0, 1, 0, 1, 1, 1, 1, 2, 0, 1, 1, 2, 0]|[0, 3, 0, 3, 4, 1, 4, 4, 2, 4, 3, 2, 1, 0, 2, 1, 1, 1, 2, 1, 1, 3, 0, 1, 0, 1, 1, 4, 1, 4, 3, 2, 2, 0, 4, 1, 1, 4, 0, 1, 2, 1, 4, 4, 1, 1, 0, 2, 3, 2, 2, 1, 2, 1, 1, 2, 4, 3, 0, 2, 2, 3, 3, 0, 1, 2, 0, 1, 2, 4, 1, 3, 4, 1, 2, 4, 3, 3, 3, 1, 1, 4, 3, 2, 3, 2, 4, 2, 4, 2, 3, 4, 4, 4, 1, 2, 3, 4, 1, 2]|[0, 2, 0, 0, 3, 0, 1, 3, 0, 0, 2, 0, 1, 0, 1, 0, 0, 0, 1, 0, 0, 2, 0, 0, 1, 0, 0, 3, 0, 1, 0, 2, 0, 0, 3, 0, 1, 3, 0, 0, 0, 0, 1, 3, 0, 0, 1, 0, 2, 0, 0, 0, 0, 0, 1, 0, 1, 0, 1, 1, 0, 2, 0, 0, 0, 0, 0, 0, 0, 2, 0, 0, 1, 0, 0, 1, 0, 0, 3, 0, 0, 1, 0, 0, 0, 0, 1, 0, 2, 0, 0, 2, 1, 3, 0, 0, 0, 1, 0, 0],896.1029292898813,50428.13444364295,114595.46915086164,false
24,G3_TWC,G1_CMAX,[31, 22, 82, 15, 26, 9, 42, 95, 77, 12, 47, 5, 93, 78, 86, 54, 85, 63, 18, 44, 20, 35, 43, 97, 91, 76, 10, 30, 21, 45, 71, 64, 1, 23, 17, 83, 24, 14, 60, 36, 6, 57, 94, 88, 65, 56, 79, 40, 67, 68, 46, 75, 38, 58, 19, 32, 81, 41, 27, 62, 87, 90, 99, 59, 11, 16, 72, 73, 70, 39, 37, 84, 3, 92, 25, 55, 28, 29, 51, 7, 33, 61, 98, 66, 89, 50, 8, 96, 53, 4, 80, 13, 34, 49, 52, 0, 48, 69, 2, 74]|[1, 1, 0, 1, 1, 1, 2, 1, 2, 1, 2, 2, 2, 1, 1, 0, 0, 1, 0, 2, 2, 0, 1, 2, 0, 1, 2, 2, 0, 0, 1, 2, 1, 2, 1, 0, 2, 0, 1, 1, 0, 1, 1, 1, 0, 2, 1, 1, 0, 0, 0, 0, 1, 1, 2, 1, 2, 0, 0, 0, 2, 1, 0, 1, 2, 1, 2, 1, 1, 1, 1, 1, 1, 0, 1, 1, 0, 0, 0, 1, 2, 1, 0, 2, 1, 0, 1, 0, 0, 0, 0, 0, 2, 0, 1, 0, 0, 1, 0, 2]|[4, 3, 2, 2, 0, 0, 2, 2, 2, 4, 1, 1, 2, 4, 4, 1, 2, 4, 2, 1, 1, 1, 1, 2, 1, 2, 1, 1, 1, 1, 3, 2, 3, 0, 4, 0, 1, 1, 0, 3, 2, 2, 4, 0, 1, 1, 0, 2, 0, 1, 2, 2, 1, 4, 0, 3, 2, 1, 1, 2, 1, 3, 1, 1, 1, 3, 0, 4, 3, 1, 4, 1, 1, 0, 4, 4, 2, 1, 1, 3, 1, 3, 1, 1, 1, 1, 3, 1, 2, 2, 1, 1, 1, 1, 1, 2, 2, 3, 2, 1]|[0, 2, 1, 1, 3, 3, 0, 1, 0, 0, 0, 0, 1, 0, 1, 0, 0, 3, 1, 0, 0, 0, 3, 1, 0, 2, 0, 0, 0, 1, 0, 0, 0, 0, 3, 0, 1, 0, 0, 2, 1, 1, 2, 0, 0, 0, 0, 1, 1, 0, 0, 0, 1, 3, 0, 0, 1, 0, 0, 1, 0, 2, 0, 1, 0, 2, 1, 0, 0, 1, 1, 3, 1, 1, 3, 3, 1, 0, 0, 2, 0, 0, 0, 0, 1, 0, 2, 0, 1, 1, 0, 0, 0, 1, 1, 0, 0, 0, 0, 0],800.9728923351585,58117.763115372225,90558.04465999853,true
24,G1_CMAX,G1_CMAX,[31, 22, 82, 15, 26, 9, 42, 77, 12, 5, 47, 93, 78, 86, 54, 6, 63, 18, 44, 20, 35, 43, 97, 91, 76, 10, 30, 21, 45, 17, 23, 1, 71, 83, 24, 14, 60, 36, 85, 57, 40, 95, 88, 65, 56, 79, 94, 67, 68, 46, 75, 38, 58, 19, 32, 81, 41, 62, 87, 28, 90, 59, 11, 16, 72, 73, 69, 52, 37, 64, 84, 3, 25, 29, 55, 51, 7, 98, 61, 66, 99, 33, 89, 48, 50, 96, 53, 80, 4, 8, 27, 2, 39, 13, 0, 92, 49, 74, 34, 70]|[1, 1, 0, 1, 1, 1, 2, 2, 1, 2, 2, 1, 1, 1, 0, 0, 1, 0, 2, 2, 0, 1, 2, 2, 1, 2, 2, 0, 0, 1, 2, 1, 1, 0, 2, 0, 1, 1, 0, 1, 1, 1, 1, 0, 2, 1, 1, 0, 0, 0, 0, 1, 1, 2, 1, 2, 0, 0, 2, 0, 1, 2, 2, 1, 2, 1, 1, 1, 1, 1, 1, 2, 1, 0, 2, 0, 1, 2, 1, 0, 0, 2, 1, 0, 0, 2, 0, 0, 1, 1, 0, 0, 1, 0, 0, 0, 0, 2, 2, 1]|[0, 3, 1, 2, 0, 0, 1, 1, 4, 1, 1, 4, 4, 4, 2, 2, 4, 2, 1, 1, 1, 1, 2, 1, 2, 1, 1, 1, 1, 4, 0, 3, 3, 0, 1, 1, 0, 3, 2, 2, 2, 2, 0, 1, 1, 0, 4, 0, 1, 2, 2, 1, 4, 0, 3, 2, 1, 2, 1, 2, 3, 1, 1, 3, 0, 4, 4, 1, 4, 3, 1, 2, 4, 1, 1, 1, 1, 1, 3, 1, 1, 1, 1, 1, 1, 1, 2, 1, 4, 3, 2, 2, 1, 2, 2, 0, 1, 1, 1, 4]|[1, 1, 1, 1, 3, 3, 0, 0, 0, 0, 0, 2, 0, 1, 0, 0, 3, 1, 0, 0, 0, 3, 1, 0, 2, 0, 0, 0, 1, 3, 0, 0, 0, 0, 1, 0, 0, 2, 1, 1, 1, 1, 0, 0, 0, 0, 2, 1, 0, 0, 0, 1, 3, 0, 0, 1, 0, 1, 0, 1, 2, 0, 0, 2, 1, 0, 2, 1, 1, 0, 3, 1, 3, 0, 0, 0, 2, 0, 0, 0, 0, 0, 1, 0, 0, 0, 1, 0, 0, 2, 1, 0, 1, 0, 0, 1, 1, 0, 0, 2],733.3116759547878,58140.55643565909,96674.14109675489,false
24,G4_BALANCED,G4_BALANCED,[31, 11, 15, 82, 26, 9, 95, 32, 77, 68, 47, 5, 93, 78, 86, 54, 85, 63, 18, 44, 20, 49, 36, 14, 74, 50, 53, 17, 21, 45, 71, 64, 3, 23, 30, 83, 24, 41, 60, 52, 65, 27, 90, 70, 39, 87, 48, 69, 99, 4, 46, 1, 13, 58, 97, 59, 28, 75, 73, 37, 35, 79, 22, 66, 76, 42, 40, 80, 96, 6, 16, 61, 33, 7, 57, 34, 12, 67, 10, 98, 56, 88, 29, 94, 91, 51, 19, 92, 43, 84, 38, 72, 81, 8, 2, 55, 62, 89, 25, 0]|[2, 1, 1, 2, 1, 2, 1, 1, 1, 1, 1, 0, 2, 2, 1, 2, 0, 0, 0, 2, 2, 1, 0, 2, 0, 2, 2, 1, 0, 1, 1, 1, 0, 0, 1, 0, 2, 1, 2, 2, 0, 0, 1, 1, 0, 2, 0, 2, 1, 0, 0, 2, 0, 0, 2, 0, 1, 0, 0, 0, 2, 1, 0, 2, 2, 0, 2, 2, 0, 1, 2, 1, 1, 2, 0, 1, 1, 1, 1, 2, 2, 1, 1, 2, 1, 1, 1, 0, 1, 0, 0, 1, 1, 1, 2, 0, 1, 1, 1, 0]|[1, 3, 2, 0, 4, 1, 4, 4, 2, 4, 3, 2, 1, 0, 2, 1, 1, 1, 2, 1, 1, 3, 0, 1, 0, 1, 1, 4, 1, 4, 3, 2, 2, 0, 4, 1, 1, 4, 0, 1, 2, 1, 4, 4, 1, 1, 0, 2, 3, 1, 2, 1, 2, 1, 1, 2, 4, 2, 0, 2, 2, 3, 1, 0, 1, 2, 0, 1, 2, 4, 1, 3, 4, 1, 2, 4, 3, 3, 3, 1, 1, 4, 3, 1, 3, 3, 4, 2, 4, 2, 2, 4, 1, 3, 1, 2, 3, 4, 4, 2]|[1, 2, 1, 0, 3, 0, 1, 3, 0, 0, 2, 0, 1, 0, 1, 0, 0, 0, 1, 0, 0, 2, 0, 0, 1, 0, 0, 3, 0, 1, 0, 2, 0, 1, 3, 0, 1, 3, 1, 0, 0, 0, 1, 3, 0, 0, 1, 0, 2, 0, 0, 0, 0, 0, 1, 0, 1, 0, 1, 1, 0, 2, 0, 0, 0, 0, 0, 0, 0, 2, 0, 0, 1, 0, 0, 1, 0, 0, 3, 0, 0, 1, 0, 0, 0, 0, 3, 0, 2, 0, 0, 2, 1, 0, 0, 0, 0, 1, 3, 0],836.569815134707,52504.092339752446,107095.57005228325,false
24,G2_TEC,G2_TEC,[31, 22, 82, 15, 26, 9, 95, 42, 77, 68, 47, 5, 93, 78, 86, 54, 85, 63, 18, 44, 20, 49, 36, 14, 74, 50, 53, 17, 21, 28, 11, 64, 3, 23, 30, 83, 24, 41, 40, 52, 65, 27, 90, 70, 39, 87, 48, 69, 99, 4, 46, 1, 13, 58, 97, 59, 45, 8, 73, 37, 35, 79, 71, 66, 76, 32, 60, 80, 96, 6, 16, 61, 33, 7, 57, 34, 12, 67, 10, 98, 56, 88, 29, 75, 91, 38, 19, 92, 43, 84, 51, 72, 81, 25, 2, 55, 62, 89, 94, 0]|[2, 1, 2, 1, 1, 2, 1, 1, 1, 1, 1, 0, 2, 2, 1, 2, 0, 0, 0, 2, 2, 1, 0, 2, 0, 2, 2, 1, 0, 1, 1, 1, 0, 0, 1, 0, 2, 1, 2, 2, 0, 0, 1, 1, 0, 2, 0, 2, 1, 0, 0, 2, 0, 0, 2, 0, 1, 1, 0, 0, 2, 1, 1, 2, 2, 0, 2, 2, 0, 1, 2, 1, 1, 2, 0, 1, 1, 1, 1, 2, 2, 1, 1, 0, 1, 0, 1, 0, 1, 0, 1, 1, 1, 1, 2, 0, 1, 1, 2, 0]|[0, 3, 0, 3, 4, 1, 4, 4, 2, 4, 3, 2, 1, 0, 2, 1, 1, 1, 2, 1, 1, 3, 0, 1, 0, 1, 1, 4, 1, 4, 3, 2, 2, 0, 4, 1, 1, 4, 0, 1, 2, 1, 4, 4, 1, 1, 0, 2, 3, 2, 2, 1, 2, 1, 1, 2, 4, 3, 0, 2, 2, 3, 3, 0, 1, 2, 0, 1, 2, 4, 1, 3, 4, 1, 2, 4, 3, 3, 3, 1, 1, 4, 3, 2, 3, 2, 4, 2, 4, 2, 3, 4, 4, 4, 1, 2, 3, 4, 1, 2]|[0, 2, 0, 0, 3, 0, 1, 3, 0, 0, 2, 0, 1, 0, 1, 0, 0, 0, 1, 0, 0, 2, 0, 0, 1, 0, 0, 3, 0, 1, 0, 2, 0, 0, 3, 0, 1, 3, 0, 0, 0, 0, 1, 3, 0, 0, 1, 0, 2, 0, 0, 0, 0, 0, 1, 0, 1, 0, 1, 1, 0, 2, 0, 0, 0, 0, 0, 0, 0, 2, 0, 0, 1, 0, 0, 1, 0, 0, 3, 0, 0, 1, 0, 0, 0, 0, 1, 0, 2, 0, 0, 2, 1, 3, 0, 0, 0, 1, 0, 0],896.1029292898813,50428.13444364295,114595.46915086164,false
24,G3_TWC,G1_CMAX,[31, 22, 82, 15, 26, 9, 42, 95, 77, 12, 47, 5, 93, 78, 86, 54, 85, 63, 18, 44, 20, 35, 43, 97, 91, 76, 10, 30, 21, 45, 71, 64, 1, 23, 17, 83, 24, 14, 60, 36, 6, 57, 94, 88, 65, 56, 79, 40, 67, 68, 46, 75, 38, 58, 19, 32, 81, 41, 27, 62, 87, 90, 99, 59, 11, 16, 72, 73, 70, 39, 37, 84, 3, 92, 25, 55, 28, 29, 51, 7, 33, 61, 98, 66, 89, 50, 8, 96, 53, 4, 80, 13, 34, 49, 52, 0, 48, 69, 2, 74]|[1, 1, 0, 1, 1, 1, 2, 1, 2, 1, 2, 2, 2, 1, 1, 0, 0, 1, 0, 2, 2, 0, 1, 2, 0, 1, 2, 2, 0, 0, 1, 2, 1, 2, 1, 0, 2, 0, 1, 1, 0, 1, 1, 1, 0, 2, 1, 1, 0, 0, 0, 0, 1, 1, 2, 1, 2, 0, 0, 0, 2, 1, 0, 1, 2, 1, 2, 1, 1, 1, 1, 1, 1, 0, 1, 1, 0, 0, 0, 1, 2, 1, 0, 2, 1, 0, 1, 0, 0, 0, 0, 0, 2, 0, 1, 0, 0, 1, 0, 2]|[4, 3, 2, 2, 0, 0, 2, 2, 2, 4, 1, 1, 2, 4, 4, 1, 2, 4, 2, 1, 1, 1, 1, 2, 1, 2, 1, 1, 1, 1, 3, 2, 3, 0, 4, 0, 1, 1, 0, 3, 2, 2, 4, 0, 1, 1, 0, 2, 0, 1, 2, 2, 1, 4, 0, 3, 2, 1, 1, 2, 1, 3, 1, 1, 1, 3, 0, 4, 3, 1, 4, 1, 1, 0, 4, 4, 2, 1, 1, 3, 1, 3, 1, 1, 1, 1, 3, 1, 2, 2, 1, 1, 1, 1, 1, 2, 2, 3, 2, 1]|[0, 2, 1, 1, 3, 3, 0, 1, 0, 0, 0, 0, 1, 0, 1, 0, 0, 3, 1, 0, 0, 0, 3, 1, 0, 2, 0, 0, 0, 1, 0, 0, 0, 0, 3, 0, 1, 0, 0, 2, 1, 1, 2, 0, 0, 0, 0, 1, 1, 0, 0, 0, 1, 3, 0, 0, 1, 0, 0, 1, 0, 2, 0, 1, 0, 2, 1, 0, 0, 1, 1, 3, 1, 1, 3, 3, 1, 0, 0, 2, 0, 0, 0, 0, 1, 0, 2, 0, 1, 1, 0, 0, 0, 1, 1, 0, 0, 0, 0, 0],800.9728923351585,58117.763115372225,90558.04465999853,true
24,G1_CMAX,G1_CMAX,[31, 22, 82, 15, 26, 9, 42, 77, 12, 5, 47, 93, 78, 86, 54, 6, 63, 18, 44, 20, 35, 43, 97, 91, 76, 10, 30, 21, 45, 17, 23, 1, 71, 83, 24, 14, 60, 36, 85, 57, 40, 95, 88, 65, 56, 79, 94, 67, 68, 46, 75, 38, 58, 19, 32, 81, 41, 62, 87, 28, 90, 59, 11, 16, 72, 73, 69, 52, 37, 64, 84, 3, 25, 29, 55, 51, 7, 98, 61, 66, 99, 33, 89, 48, 50, 96, 53, 80, 4, 8, 27, 2, 39, 13, 0, 92, 49, 74, 34, 70]|[1, 1, 0, 1, 1, 1, 2, 2, 1, 2, 2, 1, 1, 1, 0, 0, 1, 0, 2, 2, 0, 1, 2, 2, 1, 2, 2, 0, 0, 1, 2, 1, 1, 0, 2, 0, 1, 1, 0, 1, 1, 1, 1, 0, 2, 1, 1, 0, 0, 0, 0, 1, 1, 2, 1, 2, 0, 0, 2, 0, 1, 2, 2, 1, 2, 1, 1, 1, 1, 1, 1, 2, 1, 0, 2, 0, 1, 2, 1, 0, 0, 2, 1, 0, 0, 2, 0, 0, 1, 1, 0, 0, 1, 0, 0, 0, 0, 2, 2, 1]|[0, 3, 1, 2, 0, 0, 1, 1, 4, 1, 1, 4, 4, 4, 2, 2, 4, 2, 1, 1, 1, 1, 2, 1, 2, 1, 1, 1, 1, 4, 0, 3, 3, 0, 1, 1, 0, 3, 2, 2, 2, 2, 0, 1, 1, 0, 4, 0, 1, 2, 2, 1, 4, 0, 3, 2, 1, 2, 1, 2, 3, 1, 1, 3, 0, 4, 4, 1, 4, 3, 1, 2, 4, 1, 1, 1, 1, 1, 3, 1, 1, 1, 1, 1, 1, 1, 2, 1, 4, 3, 2, 2, 1, 2, 2, 0, 1, 1, 1, 4]|[1, 1, 1, 1, 3, 3, 0, 0, 0, 0, 0, 2, 0, 1, 0, 0, 3, 1, 0, 0, 0, 3, 1, 0, 2, 0, 0, 0, 1, 3, 0, 0, 0, 0, 1, 0, 0, 2, 1, 1, 1, 1, 0, 0, 0, 0, 2, 1, 0, 0, 0, 1, 3, 0, 0, 1, 0, 1, 0, 1, 2, 0, 0, 2, 1, 0, 2, 1, 1, 0, 3, 1, 3, 0, 0, 0, 2, 0, 0, 0, 0, 0, 1, 0, 0, 0, 1, 0, 0, 2, 1, 0, 1, 0, 0, 1, 1, 0, 0, 2],733.3116759547878,58140.55643565909,96674.14109675489,false
24,G4_BALANCED,G4_BALANCED,[31, 11, 15, 82, 26, 9, 95, 32, 77, 68, 47, 5, 93, 78, 86, 54, 85, 63, 18, 44, 20, 49, 36, 14, 74, 50, 53, 17, 21, 45, 71, 64, 3, 23, 30, 83, 24, 41, 60, 52, 65, 27, 90, 70, 39, 87, 48, 69, 99, 4, 46, 1, 13, 58, 97, 59, 28, 75, 73, 37, 35, 79, 22, 66, 76, 42, 40, 80, 96, 6, 16, 61, 33, 7, 57, 34, 12, 67, 10, 98, 56, 88, 29, 94, 91, 51, 19, 92, 43, 84, 38, 72, 81, 8, 2, 55, 62, 89, 25, 0]|[2, 1, 1, 2, 1, 2, 1, 1, 1, 1, 1, 0, 2, 2, 1, 2, 0, 0, 0, 2, 2, 1, 0, 2, 0, 2, 2, 1, 0, 1, 1, 1, 0, 0, 1, 0, 2, 1, 2, 2, 0, 0, 1, 1, 0, 2, 0, 2, 1, 0, 0, 2, 0, 0, 2, 0, 1, 0, 0, 0, 2, 1, 0, 2, 2, 0, 2, 2, 0, 1, 2, 1, 1, 2, 0, 1, 1, 1, 1, 2, 2, 1, 1, 2, 1, 1, 1, 0, 1, 0, 0, 1, 1, 1, 2, 0, 1, 1, 1, 0]|[1, 3, 2, 0, 4, 1, 4, 4, 2, 4, 3, 2, 1, 0, 2, 1, 1, 1, 2, 1, 1, 3, 0, 1, 0, 1, 1, 4, 1, 4, 3, 2, 2, 0, 4, 1, 1, 4, 0, 1, 2, 1, 4, 4, 1, 1, 0, 2, 3, 1, 2, 1, 2, 1, 1, 2, 4, 2, 0, 2, 2, 3, 1, 0, 1, 2, 0, 1, 2, 4, 1, 3, 4, 1, 2, 4, 3, 3, 3, 1, 1, 4, 3, 1, 3, 3, 4, 2, 4, 2, 2, 4, 1, 3, 1, 2, 3, 4, 4, 2]|[1, 2, 1, 0, 3, 0, 1, 3, 0, 0, 2, 0, 1, 0, 1, 0, 0, 0, 1, 0, 0, 2, 0, 0, 1, 0, 0, 3, 0, 1, 0, 2, 0, 1, 3, 0, 1, 3, 1, 0, 0, 0, 1, 3, 0, 0, 1, 0, 2, 0, 0, 0, 0, 0, 1, 0, 1, 0, 1, 1, 0, 2, 0, 0, 0, 0, 0, 0, 0, 2, 0, 0, 1, 0, 0, 1, 0, 0, 3, 0, 0, 1, 0, 0, 0, 0, 3, 0, 2, 0, 0, 2, 1, 0, 0, 0, 0, 1, 3, 0],836.569815134707,52504.092339752446,107095.57005228325,false
24,G2_TEC,G2_TEC,[31, 22, 82, 15, 26, 9, 95, 42, 77, 68, 47, 5, 93, 78, 86, 54, 85, 63, 18, 44, 20, 49, 36, 14, 74, 50, 53, 17, 21, 28, 11, 64, 3, 23, 30, 83, 24, 41, 40, 52, 65, 27, 90, 70, 39, 87, 48, 69, 99, 4, 46, 1, 13, 58, 97, 59, 45, 8, 73, 37, 35, 79, 71, 66, 76, 32, 60, 80, 96, 6, 16, 61, 33, 7, 57, 34, 12, 67, 10, 98, 56, 88, 29, 75, 91, 38, 19, 92, 43, 84, 51, 72, 81, 25, 2, 55, 62, 89, 94, 0]|[2, 1, 2, 1, 1, 2, 1, 1, 1, 1, 1, 0, 2, 2, 1, 2, 0, 0, 0, 2, 2, 1, 0, 2, 0, 2, 2, 1, 0, 1, 1, 1, 0, 0, 1, 0, 2, 1, 2, 2, 0, 0, 1, 1, 0, 2, 0, 2, 1, 0, 0, 2, 0, 0, 2, 0, 1, 1, 0, 0, 2, 1, 1, 2, 2, 0, 2, 2, 0, 1, 2, 1, 1, 2, 0, 1, 1, 1, 1, 2, 2, 1, 1, 0, 1, 0, 1, 0, 1, 0, 1, 1, 1, 1, 2, 0, 1, 1, 2, 0]|[0, 3, 0, 3, 4, 1, 4, 4, 2, 4, 3, 2, 1, 0, 2, 1, 1, 1, 2, 1, 1, 3, 0, 1, 0, 1, 1, 4, 1, 4, 3, 2, 2, 0, 4, 1, 1, 4, 0, 1, 2, 1, 4, 4, 1, 1, 0, 2, 3, 2, 2, 1, 2, 1, 1, 2, 4, 3, 0, 2, 2, 3, 3, 0, 1, 2, 0, 1, 2, 4, 1, 3, 4, 1, 2, 4, 3, 3, 3, 1, 1, 4, 3, 2, 3, 2, 4, 2, 4, 2, 3, 4, 4, 4, 1, 2, 3, 4, 1, 2]|[0, 2, 0, 0, 3, 0, 1, 3, 0, 0, 2, 0, 1, 0, 1, 0, 0, 0, 1, 0, 0, 2, 0, 0, 1, 0, 0, 3, 0, 1, 0, 2, 0, 0, 3, 0, 1, 3, 0, 0, 0, 0, 1, 3, 0, 0, 1, 0, 2, 0, 0, 0, 0, 0, 1, 0, 1, 0, 1, 1, 0, 2, 0, 0, 0, 0, 0, 0, 0, 2, 0, 0, 1, 0, 0, 1, 0, 0, 3, 0, 0, 1, 0, 0, 0, 0, 1, 0, 2, 0, 0, 2, 1, 3, 0, 0, 0, 1, 0, 0],896.1029292898813,50428.13444364295,114595.46915086164,false
24,G3_TWC,G1_CMAX,[31, 22, 82, 15, 26, 9, 42, 95, 77, 12, 47, 5, 93, 78, 86, 54, 85, 63, 18, 44, 20, 35, 43, 97, 91, 76, 10, 30, 21, 45, 71, 64, 1, 23, 17, 83, 24, 14, 60, 36, 6, 57, 94, 88, 65, 56, 79, 40, 67, 68, 46, 75, 38, 58, 19, 32, 81, 41, 27, 62, 87, 90, 99, 59, 11, 16, 72, 73, 70, 39, 37, 84, 3, 92, 25, 55, 28, 29, 51, 7, 33, 61, 98, 66, 89, 50, 8, 96, 53, 4, 80, 13, 34, 49, 52, 0, 48, 69, 2, 74]|[1, 1, 0, 1, 1, 1, 2, 1, 2, 1, 2, 2, 2, 1, 1, 0, 0, 1, 0, 2, 2, 0, 1, 2, 0, 1, 2, 2, 0, 0, 1, 2, 1, 2, 1, 0, 2, 0, 1, 1, 0, 1, 1, 1, 0, 2, 1, 1, 0, 0, 0, 0, 1, 1, 2, 1, 2, 0, 0, 0, 2, 1, 0, 1, 2, 1, 2, 1, 1, 1, 1, 1, 1, 0, 1, 1, 0, 0, 0, 1, 2, 1, 0, 2, 1, 0, 1, 0, 0, 0, 0, 0, 2, 0, 1, 0, 0, 1, 0, 2]|[4, 3, 2, 2, 0, 0, 2, 2, 2, 4, 1, 1, 2, 4, 4, 1, 2, 4, 2, 1, 1, 1, 1, 2, 1, 2, 1, 1, 1, 1, 3, 2, 3, 0, 4, 0, 1, 1, 0, 3, 2, 2, 4, 0, 1, 1, 0, 2, 0, 1, 2, 2, 1, 4, 0, 3, 2, 1, 1, 2, 1, 3, 1, 1, 1, 3, 0, 4, 3, 1, 4, 1, 1, 0, 4, 4, 2, 1, 1, 3, 1, 3, 1, 1, 1, 1, 3, 1, 2, 2, 1, 1, 1, 1, 1, 2, 2, 3, 2, 1]|[0, 2, 1, 1, 3, 3, 0, 1, 0, 0, 0, 0, 1, 0, 1, 0, 0, 3, 1, 0, 0, 0, 3, 1, 0, 2, 0, 0, 0, 1, 0, 0, 0, 0, 3, 0, 1, 0, 0, 2, 1, 1, 2, 0, 0, 0, 0, 1, 1, 0, 0, 0, 1, 3, 0, 0, 1, 0, 0, 1, 0, 2, 0, 1, 0, 2, 1, 0, 0, 1, 1, 3, 1, 1, 3, 3, 1, 0, 0, 2, 0, 0, 0, 0, 1, 0, 2, 0, 1, 1, 0, 0, 0, 1, 1, 0, 0, 0, 0, 0],800.9728923351585,58117.763115372225,90558.04465999853,true
24,G1_CMAX,G1_CMAX,[31, 22, 82, 15, 26, 9, 42, 77, 12, 5, 47, 93, 78, 86, 54, 6, 63, 18, 44, 20, 35, 43, 97, 91, 76, 10, 30, 21, 45, 17, 23, 1, 71, 83, 24, 14, 60, 36, 85, 57, 40, 95, 88, 65, 56, 79, 94, 67, 68, 46, 75, 38, 58, 19, 32, 81, 41, 62, 87, 28, 90, 59, 11, 16, 72, 73, 69, 52, 37, 64, 84, 3, 25, 29, 55, 51, 7, 98, 61, 66, 99, 33, 89, 48, 50, 96, 53, 80, 4, 8, 27, 2, 39, 13, 0, 92, 49, 74, 34, 70]|[1, 1, 0, 1, 1, 1, 2, 2, 1, 2, 2, 1, 1, 1, 0, 0, 1, 0, 2, 2, 0, 1, 2, 2, 1, 2, 2, 0, 0, 1, 2, 1, 1, 0, 2, 0, 1, 1, 0, 1, 1, 1, 1, 0, 2, 1, 1, 0, 0, 0, 0, 1, 1, 2, 1, 2, 0, 0, 2, 0, 1, 2, 2, 1, 2, 1, 1, 1, 1, 1, 1, 2, 1, 0, 2, 0, 1, 2, 1, 0, 0, 2, 1, 0, 0, 2, 0, 0, 1, 1, 0, 0, 1, 0, 0, 0, 0, 2, 2, 1]|[0, 3, 1, 2, 0, 0, 1, 1, 4, 1, 1, 4, 4, 4, 2, 2, 4, 2, 1, 1, 1, 1, 2, 1, 2, 1, 1, 1, 1, 4, 0, 3, 3, 0, 1, 1, 0, 3, 2, 2, 2, 2, 0, 1, 1, 0, 4, 0, 1, 2, 2, 1, 4, 0, 3, 2, 1, 2, 1, 2, 3, 1, 1, 3, 0, 4, 4, 1, 4, 3, 1, 2, 4, 1, 1, 1, 1, 1, 3, 1, 1, 1, 1, 1, 1, 1, 2, 1, 4, 3, 2, 2, 1, 2, 2, 0, 1, 1, 1, 4]|[1, 1, 1, 1, 3, 3, 0, 0, 0, 0, 0, 2, 0, 1, 0, 0, 3, 1, 0, 0, 0, 3, 1, 0, 2, 0, 0, 0, 1, 3, 0, 0, 0, 0, 1, 0, 0, 2, 1, 1, 1, 1, 0, 0, 0, 0, 2, 1, 0, 0, 0, 1, 3, 0, 0, 1, 0, 1, 0, 1, 2, 0, 0, 2, 1, 0, 2, 1, 1, 0, 3, 1, 3, 0, 0, 0, 2, 0, 0, 0, 0, 0, 1, 0, 0, 0, 1, 0, 0, 2, 1, 0, 1, 0, 0, 1, 1, 0, 0, 2],733.3116759547878,58140.55643565909,96674.14109675489,false
24,G4_BALANCED,G4_BALANCED,[31, 11, 15, 82, 26, 9, 95, 32, 77, 68, 47, 5, 93, 78, 86, 54, 85, 63, 18, 44, 20, 49, 36, 14, 74, 50, 53, 17, 21, 45, 71, 64, 3, 23, 30, 83, 24, 41, 60, 52, 65, 27, 90, 70, 39, 87, 48, 69, 99, 4, 46, 1, 13, 58, 97, 59, 28, 75, 73, 37, 35, 79, 22, 66, 76, 42, 40, 80, 96, 6, 16, 61, 33, 7, 57, 34, 12, 67, 10, 98, 56, 88, 29, 94, 91, 51, 19, 92, 43, 84, 38, 72, 81, 8, 2, 55, 62, 89, 25, 0]|[2, 1, 1, 2, 1, 2, 1, 1, 1, 1, 1, 0, 2, 2, 1, 2, 0, 0, 0, 2, 2, 1, 0, 2, 0, 2, 2, 1, 0, 1, 1, 1, 0, 0, 1, 0, 2, 1, 2, 2, 0, 0, 1, 1, 0, 2, 0, 2, 1, 0, 0, 2, 0, 0, 2, 0, 1, 0, 0, 0, 2, 1, 0, 2, 2, 0, 2, 2, 0, 1, 2, 1, 1, 2, 0, 1, 1, 1, 1, 2, 2, 1, 1, 2, 1, 1, 1, 0, 1, 0, 0, 1, 1, 1, 2, 0, 1, 1, 1, 0]|[1, 3, 2, 0, 4, 1, 4, 4, 2, 4, 3, 2, 1, 0, 2, 1, 1, 1, 2, 1, 1, 3, 0, 1, 0, 1, 1, 4, 1, 4, 3, 2, 2, 0, 4, 1, 1, 4, 0, 1, 2, 1, 4, 4, 1, 1, 0, 2, 3, 1, 2, 1, 2, 1, 1, 2, 4, 2, 0, 2, 2, 3, 1, 0, 1, 2, 0, 1, 2, 4, 1, 3, 4, 1, 2, 4, 3, 3, 3, 1, 1, 4, 3, 1, 3, 3, 4, 2, 4, 2, 2, 4, 1, 3, 1, 2, 3, 4, 4, 2]|[1, 2, 1, 0, 3, 0, 1, 3, 0, 0, 2, 0, 1, 0, 1, 0, 0, 0, 1, 0, 0, 2, 0, 0, 1, 0, 0, 3, 0, 1, 0, 2, 0, 1, 3, 0, 1, 3, 1, 0, 0, 0, 1, 3, 0, 0, 1, 0, 2, 0, 0, 0, 0, 0, 1, 0, 1, 0, 1, 1, 0, 2, 0, 0, 0, 0, 0, 0, 0, 2, 0, 0, 1, 0, 0, 1, 0, 0, 3, 0, 0, 1, 0, 0, 0, 0, 3, 0, 2, 0, 0, 2, 1, 0, 0, 0, 0, 1, 3, 0],836.569815134707,52504.092339752446,107095.57005228325,false
24,G2_TEC,G2_TEC,[31, 22, 82, 15, 26, 9, 95, 42, 77, 68, 47, 5, 93, 78, 86, 54, 85, 63, 18, 44, 20, 49, 36, 14, 74, 50, 53, 17, 21, 28, 11, 64, 3, 23, 30, 83, 24, 41, 40, 52, 65, 27, 90, 70, 39, 87, 48, 69, 99, 4, 46, 1, 13, 58, 97, 59, 45, 8, 73, 37, 35, 79, 71, 66, 76, 32, 60, 80, 96, 6, 16, 61, 33, 7, 57, 34, 12, 67, 10, 98, 56, 88, 29, 75, 91, 38, 19, 92, 43, 84, 51, 72, 81, 25, 2, 55, 62, 89, 94, 0]|[2, 1, 2, 1, 1, 2, 1, 1, 1, 1, 1, 0, 2, 2, 1, 2, 0, 0, 0, 2, 2, 1, 0, 2, 0, 2, 2, 1, 0, 1, 1, 1, 0, 0, 1, 0, 2, 1, 2, 2, 0, 0, 1, 1, 0, 2, 0, 2, 1, 0, 0, 2, 0, 0, 2, 0, 1, 1, 0, 0, 2, 1, 1, 2, 2, 0, 2, 2, 0, 1, 2, 1, 1, 2, 0, 1, 1, 1, 1, 2, 2, 1, 1, 0, 1, 0, 1, 0, 1, 0, 1, 1, 1, 1, 2, 0, 1, 1, 2, 0]|[0, 3, 0, 3, 4, 1, 4, 4, 2, 4, 3, 2, 1, 0, 2, 1, 1, 1, 2, 1, 1, 3, 0, 1, 0, 1, 1, 4, 1, 4, 3, 2, 2, 0, 4, 1, 1, 4, 0, 1, 2, 1, 4, 4, 1, 1, 0, 2, 3, 2, 2, 1, 2, 1, 1, 2, 4, 3, 0, 2, 2, 3, 3, 0, 1, 2, 0, 1, 2, 4, 1, 3, 4, 1, 2, 4, 3, 3, 3, 1, 1, 4, 3, 2, 3, 2, 4, 2, 4, 2, 3, 4, 4, 4, 1, 2, 3, 4, 1, 2]|[0, 2, 0, 0, 3, 0, 1, 3, 0, 0, 2, 0, 1, 0, 1, 0, 0, 0, 1, 0, 0, 2, 0, 0, 1, 0, 0, 3, 0, 1, 0, 2, 0, 0, 3, 0, 1, 3, 0, 0, 0, 0, 1, 3, 0, 0, 1, 0, 2, 0, 0, 0, 0, 0, 1, 0, 1, 0, 1, 1, 0, 2, 0, 0, 0, 0, 0, 0, 0, 2, 0, 0, 1, 0, 0, 1, 0, 0, 3, 0, 0, 1, 0, 0, 0, 0, 1, 0, 2, 0, 0, 2, 1, 3, 0, 0, 0, 1, 0, 0],896.1029292898813,50428.13444364295,114595.46915086164,false
24,G3_TWC,G1_CMAX,[31, 22, 82, 15, 26, 9, 42, 95, 77, 12, 47, 5, 93, 78, 86, 54, 85, 63, 18, 44, 20, 35, 43, 97, 91, 76, 10, 30, 21, 45, 71, 64, 1, 23, 17, 83, 24, 14, 60, 36, 6, 57, 94, 88, 65, 56, 79, 40, 67, 68, 46, 75, 38, 58, 19, 32, 81, 41, 27, 62, 87, 90, 99, 59, 11, 16, 72, 73, 70, 39, 37, 84, 3, 92, 25, 55, 28, 29, 51, 7, 33, 61, 98, 66, 89, 50, 8, 96, 53, 4, 80, 13, 34, 49, 52, 0, 48, 69, 2, 74]|[1, 1, 0, 1, 1, 1, 2, 1, 2, 1, 2, 2, 2, 1, 1, 0, 0, 1, 0, 2, 2, 0, 1, 2, 0, 1, 2, 2, 0, 0, 1, 2, 1, 2, 1, 0, 2, 0, 1, 1, 0, 1, 1, 1, 0, 2, 1, 1, 0, 0, 0, 0, 1, 1, 2, 1, 2, 0, 0, 0, 2, 1, 0, 1, 2, 1, 2, 1, 1, 1, 1, 1, 1, 0, 1, 1, 0, 0, 0, 1, 2, 1, 0, 2, 1, 0, 1, 0, 0, 0, 0, 0, 2, 0, 1, 0, 0, 1, 0, 2]|[4, 3, 2, 2, 0, 0, 2, 2, 2, 4, 1, 1, 2, 4, 4, 1, 2, 4, 2, 1, 1, 1, 1, 2, 1, 2, 1, 1, 1, 1, 3, 2, 3, 0, 4, 0, 1, 1, 0, 3, 2, 2, 4, 0, 1, 1, 0, 2, 0, 1, 2, 2, 1, 4, 0, 3, 2, 1, 1, 2, 1, 3, 1, 1, 1, 3, 0, 4, 3, 1, 4, 1, 1, 0, 4, 4, 2, 1, 1, 3, 1, 3, 1, 1, 1, 1, 3, 1, 2, 2, 1, 1, 1, 1, 1, 2, 2, 3, 2, 1]|[0, 2, 1, 1, 3, 3, 0, 1, 0, 0, 0, 0, 1, 0, 1, 0, 0, 3, 1, 0, 0, 0, 3, 1, 0, 2, 0, 0, 0, 1, 0, 0, 0, 0, 3, 0, 1, 0, 0, 2, 1, 1, 2, 0, 0, 0, 0, 1, 1, 0, 0, 0, 1, 3, 0, 0, 1, 0, 0, 1, 0, 2, 0, 1, 0, 2, 1, 0, 0, 1, 1, 3, 1, 1, 3, 3, 1, 0, 0, 2, 0, 0, 0, 0, 1, 0, 2, 0, 1, 1, 0, 0, 0, 1, 1, 0, 0, 0, 0, 0],800.9728923351585,58117.763115372225,90558.04465999853,true
24,G1_CMAX,G1_CMAX,[31, 22, 82, 15, 26, 9, 42, 77, 12, 5, 47, 93, 78, 86, 54, 6, 63, 18, 44, 20, 35, 43, 97, 91, 76, 10, 30, 21, 45, 17, 23, 1, 71, 83, 24, 14, 60, 36, 85, 57, 40, 95, 88, 65, 56, 79, 94, 67, 68, 46, 75, 38, 58, 19, 32, 81, 41, 62, 87, 28, 90, 59, 11, 16, 72, 73, 69, 52, 37, 64, 84, 3, 25, 29, 55, 51, 7, 98, 61, 66, 99, 33, 89, 48, 50, 96, 53, 80, 4, 8, 27, 2, 39, 13, 0, 92, 49, 74, 34, 70]|[1, 1, 0, 1, 1, 1, 2, 2, 1, 2, 2, 1, 1, 1, 0, 0, 1, 0, 2, 2, 0, 1, 2, 2, 1, 2, 2, 0, 0, 1, 2, 1, 1, 0, 2, 0, 1, 1, 0, 1, 1, 1, 1, 0, 2, 1, 1, 0, 0, 0, 0, 1, 1, 2, 1, 2, 0, 0, 2, 0, 1, 2, 2, 1, 2, 1, 1, 1, 1, 1, 1, 2, 1, 0, 2, 0, 1, 2, 1, 0, 0, 2, 1, 0, 0, 2, 0, 0, 1, 1, 0, 0, 1, 0, 0, 0, 0, 2, 2, 1]|[0, 3, 1, 2, 0, 0, 1, 1, 4, 1, 1, 4, 4, 4, 2, 2, 4, 2, 1, 1, 1, 1, 2, 1, 2, 1, 1, 1, 1, 4, 0, 3, 3, 0, 1, 1, 0, 3, 2, 2, 2, 2, 0, 1, 1, 0, 4, 0, 1, 2, 2, 1, 4, 0, 3, 2, 1, 2, 1, 2, 3, 1, 1, 3, 0, 4, 4, 1, 4, 3, 1, 2, 4, 1, 1, 1, 1, 1, 3, 1, 1, 1, 1, 1, 1, 1, 2, 1, 4, 3, 2, 2, 1, 2, 2, 0, 1, 1, 1, 4]|[1, 1, 1, 1, 3, 3, 0, 0, 0, 0, 0, 2, 0, 1, 0, 0, 3, 1, 0, 0, 0, 3, 1, 0, 2, 0, 0, 0, 1, 3, 0, 0, 0, 0, 1, 0, 0, 2, 1, 1, 1, 1, 0, 0, 0, 0, 2, 1, 0, 0, 0, 1, 3, 0, 0, 1, 0, 1, 0, 1, 2, 0, 0, 2, 1, 0, 2, 1, 1, 0, 3, 1, 3, 0, 0, 0, 2, 0, 0, 0, 0, 0, 1, 0, 0, 0, 1, 0, 0, 2, 1, 0, 1, 0, 0, 1, 1, 0, 0, 2],733.3116759547878,58140.55643565909,96674.14109675489,false
24,G4_BALANCED,G4_BALANCED,[31, 11, 15, 82, 26, 9, 95, 32, 77, 68, 47, 5, 93, 78, 86, 54, 85, 63, 18, 44, 20, 49, 36, 14, 74, 50, 53, 17, 21, 45, 71, 64, 3, 23, 30, 83, 24, 41, 60, 52, 65, 27, 90, 70, 39, 87, 48, 69, 99, 4, 46, 1, 13, 58, 97, 59, 28, 75, 73, 37, 35, 79, 22, 66, 76, 42, 40, 80, 96, 6, 16, 61, 33, 7, 57, 34, 12, 67, 10, 98, 56, 88, 29, 94, 91, 51, 19, 92, 43, 84, 38, 72, 81, 8, 2, 55, 62, 89, 25, 0]|[2, 1, 1, 2, 1, 2, 1, 1, 1, 1, 1, 0, 2, 2, 1, 2, 0, 0, 0, 2, 2, 1, 0, 2, 0, 2, 2, 1, 0, 1, 1, 1, 0, 0, 1, 0, 2, 1, 2, 2, 0, 0, 1, 1, 0, 2, 0, 2, 1, 0, 0, 2, 0, 0, 2, 0, 1, 0, 0, 0, 2, 1, 0, 2, 2, 0, 2, 2, 0, 1, 2, 1, 1, 2, 0, 1, 1, 1, 1, 2, 2, 1, 1, 2, 1, 1, 1, 0, 1, 0, 0, 1, 1, 1, 2, 0, 1, 1, 1, 0]|[1, 3, 2, 0, 4, 1, 4, 4, 2, 4, 3, 2, 1, 0, 2, 1, 1, 1, 2, 1, 1, 3, 0, 1, 0, 1, 1, 4, 1, 4, 3, 2, 2, 0, 4, 1, 1, 4, 0, 1, 2, 1, 4, 4, 1, 1, 0, 2, 3, 1, 2, 1, 2, 1, 1, 2, 4, 2, 0, 2, 2, 3, 1, 0, 1, 2, 0, 1, 2, 4, 1, 3, 4, 1, 2, 4, 3, 3, 3, 1, 1, 4, 3, 1, 3, 3, 4, 2, 4, 2, 2, 4, 1, 3, 1, 2, 3, 4, 4, 2]|[1, 2, 1, 0, 3, 0, 1, 3, 0, 0, 2, 0, 1, 0, 1, 0, 0, 0, 1, 0, 0, 2, 0, 0, 1, 0, 0, 3, 0, 1, 0, 2, 0, 1, 3, 0, 1, 3, 1, 0, 0, 0, 1, 3, 0, 0, 1, 0, 2, 0, 0, 0, 0, 0, 1, 0, 1, 0, 1, 1, 0, 2, 0, 0, 0, 0, 0, 0, 0, 2, 0, 0, 1, 0, 0, 1, 0, 0, 3, 0, 0, 1, 0, 0, 0, 0, 3, 0, 2, 0, 0, 2, 1, 0, 0, 0, 0, 1, 3, 0],836.569815134707,52504.092339752446,107095.57005228325,false
24,G2_TEC,G2_TEC,[31, 22, 82, 15, 26, 9, 95, 42, 77, 68, 47, 5, 93, 78, 86, 54, 85, 63, 18, 44, 20, 49, 36, 14, 74, 50, 53, 17, 21, 28, 11, 64, 3, 23, 30, 83, 24, 41, 40, 52, 65, 27, 90, 70, 39, 87, 48, 69, 99, 4, 46, 1, 13, 58, 97, 59, 45, 8, 73, 37, 35, 79, 71, 66, 76, 32, 60, 80, 96, 6, 16, 61, 33, 7, 57, 34, 12, 67, 10, 98, 56, 88, 29, 75, 91, 38, 19, 92, 43, 84, 51, 72, 81, 25, 2, 55, 62, 89, 94, 0]|[2, 1, 2, 1, 1, 2, 1, 1, 1, 1, 1, 0, 2, 2, 1, 2, 0, 0, 0, 2, 2, 1, 0, 2, 0, 2, 2, 1, 0, 1, 1, 1, 0, 0, 1, 0, 2, 1, 2, 2, 0, 0, 1, 1, 0, 2, 0, 2, 1, 0, 0, 2, 0, 0, 2, 0, 1, 1, 0, 0, 2, 1, 1, 2, 2, 0, 2, 2, 0, 1, 2, 1, 1, 2, 0, 1, 1, 1, 1, 2, 2, 1, 1, 0, 1, 0, 1, 0, 1, 0, 1, 1, 1, 1, 2, 0, 1, 1, 2, 0]|[0, 3, 0, 3, 4, 1, 4, 4, 2, 4, 3, 2, 1, 0, 2, 1, 1, 1, 2, 1, 1, 3, 0, 1, 0, 1, 1, 4, 1, 4, 3, 2, 2, 0, 4, 1, 1, 4, 0, 1, 2, 1, 4, 4, 1, 1, 0, 2, 3, 2, 2, 1, 2, 1, 1, 2, 4, 3, 0, 2, 2, 3, 3, 0, 1, 2, 0, 1, 2, 4, 1, 3, 4, 1, 2, 4, 3, 3, 3, 1, 1, 4, 3, 2, 3, 2, 4, 2, 4, 2, 3, 4, 4, 4, 1, 2, 3, 4, 1, 2]|[0, 2, 0, 0, 3, 0, 1, 3, 0, 0, 2, 0, 1, 0, 1, 0, 0, 0, 1, 0, 0, 2, 0, 0, 1, 0, 0, 3, 0, 1, 0, 2, 0, 0, 3, 0, 1, 3, 0, 0, 0, 0, 1, 3, 0, 0, 1, 0, 2, 0, 0, 0, 0, 0, 1, 0, 1, 0, 1, 1, 0, 2, 0, 0, 0, 0, 0, 0, 0, 2, 0, 0, 1, 0, 0, 1, 0, 0, 3, 0, 0, 1, 0, 0, 0, 0, 1, 0, 2, 0, 0, 2, 1, 3, 0, 0, 0, 1, 0, 0],896.1029292898813,50428.13444364295,114595.46915086164,false
24,G3_TWC,G1_CMAX,[31, 22, 82, 15, 26, 9, 42, 95, 77, 12, 47, 5, 93, 78, 86, 54, 85, 63, 18, 44, 20, 35, 43, 97, 91, 76, 10, 30, 21, 45, 71, 64, 1, 23, 17, 83, 24, 14, 60, 36, 6, 57, 94, 88, 65, 56, 79, 40, 67, 68, 46, 75, 38, 58, 19, 32, 81, 41, 27, 62, 87, 90, 99, 59, 11, 16, 72, 73, 70, 39, 37, 84, 3, 92, 25, 55, 28, 29, 51, 7, 33, 61, 98, 66, 89, 50, 8, 96, 53, 4, 80, 13, 34, 49, 52, 0, 48, 69, 2, 74]|[1, 1, 0, 1, 1, 1, 2, 1, 2, 1, 2, 2, 2, 1, 1, 0, 0, 1, 0, 2, 2, 0, 1, 2, 0, 1, 2, 2, 0, 0, 1, 2, 1, 2, 1, 0, 2, 0, 1, 1, 0, 1, 1, 1, 0, 2, 1, 1, 0, 0, 0, 0, 1, 1, 2, 1, 2, 0, 0, 0, 2, 1, 0, 1, 2, 1, 2, 1, 1, 1, 1, 1, 1, 0, 1, 1, 0, 0, 0, 1, 2, 1, 0, 2, 1, 0, 1, 0, 0, 0, 0, 0, 2, 0, 1, 0, 0, 1, 0, 2]|[4, 3, 2, 2, 0, 0, 2, 2, 2, 4, 1, 1, 2, 4, 4, 1, 2, 4, 2, 1, 1, 1, 1, 2, 1, 2, 1, 1, 1, 1, 3, 2, 3, 0, 4, 0, 1, 1, 0, 3, 2, 2, 4, 0, 1, 1, 0, 2, 0, 1, 2, 2, 1, 4, 0, 3, 2, 1, 1, 2, 1, 3, 1, 1, 1, 3, 0, 4, 3, 1, 4, 1, 1, 0, 4, 4, 2, 1, 1, 3, 1, 3, 1, 1, 1, 1, 3, 1, 2, 2, 1, 1, 1, 1, 1, 2, 2, 3, 2, 1]|[0, 2, 1, 1, 3, 3, 0, 1, 0, 0, 0, 0, 1, 0, 1, 0, 0, 3, 1, 0, 0, 0, 3, 1, 0, 2, 0, 0, 0, 1, 0, 0, 0, 0, 3, 0, 1, 0, 0, 2, 1, 1, 2, 0, 0, 0, 0, 1, 1, 0, 0, 0, 1, 3, 0, 0, 1, 0, 0, 1, 0, 2, 0, 1, 0, 2, 1, 0, 0, 1, 1, 3, 1, 1, 3, 3, 1, 0, 0, 2, 0, 0, 0, 0, 1, 0, 2, 0, 1, 1, 0, 0, 0, 1, 1, 0, 0, 0, 0, 0],800.9728923351585,58117.763115372225,90558.04465999853,true
24,G1_CMAX,G1_CMAX,[31, 22, 82, 15, 26, 9, 42, 77, 12, 5, 47, 93, 78, 86, 54, 6, 63, 18, 44, 20, 35, 43, 97, 91, 76, 10, 30, 21, 45, 17, 23, 1, 71, 83, 24, 14, 60, 36, 85, 57, 40, 95, 88, 65, 56, 79, 94, 67, 68, 46, 75, 38, 58, 19, 32, 81, 41, 62, 87, 28, 90, 59, 11, 16, 72, 73, 69, 52, 37, 64, 84, 3, 25, 29, 55, 51, 7, 98, 61, 66, 99, 33, 89, 48, 50, 96, 53, 80, 4, 8, 27, 2, 39, 13, 0, 92, 49, 74, 34, 70]|[1, 1, 0, 1, 1, 1, 2, 2, 1, 2, 2, 1, 1, 1, 0, 0, 1, 0, 2, 2, 0, 1, 2, 2, 1, 2, 2, 0, 0, 1, 2, 1, 1, 0, 2, 0, 1, 1, 0, 1, 1, 1, 1, 0, 2, 1, 1, 0, 0, 0, 0, 1, 1, 2, 1, 2, 0, 0, 2, 0, 1, 2, 2, 1, 2, 1, 1, 1, 1, 1, 1, 2, 1, 0, 2, 0, 1, 2, 1, 0, 0, 2, 1, 0, 0, 2, 0, 0, 1, 1, 0, 0, 1, 0, 0, 0, 0, 2, 2, 1]|[0, 3, 1, 2, 0, 0, 1, 1, 4, 1, 1, 4, 4, 4, 2, 2, 4, 2, 1, 1, 1, 1, 2, 1, 2, 1, 1, 1, 1, 4, 0, 3, 3, 0, 1, 1, 0, 3, 2, 2, 2, 2, 0, 1, 1, 0, 4, 0, 1, 2, 2, 1, 4, 0, 3, 2, 1, 2, 1, 2, 3, 1, 1, 3, 0, 4, 4, 1, 4, 3, 1, 2, 4, 1, 1, 1, 1, 1, 3, 1, 1, 1, 1, 1, 1, 1, 2, 1, 4, 3, 2, 2, 1, 2, 2, 0, 1, 1, 1, 4]|[1, 1, 1, 1, 3, 3, 0, 0, 0, 0, 0, 2, 0, 1, 0, 0, 3, 1, 0, 0, 0, 3, 1, 0, 2, 0, 0, 0, 1, 3, 0, 0, 0, 0, 1, 0, 0, 2, 1, 1, 1, 1, 0, 0, 0, 0, 2, 1, 0, 0, 0, 1, 3, 0, 0, 1, 0, 1, 0, 1, 2, 0, 0, 2, 1, 0, 2, 1, 1, 0, 3, 1, 3, 0, 0, 0, 2, 0, 0, 0, 0, 0, 1, 0, 0, 0, 1, 0, 0, 2, 1, 0, 1, 0, 0, 1, 1, 0, 0, 2],733.3116759547878,58140.55643565909,96674.14109675489,false
24,G4_BALANCED,G4_BALANCED,[31, 11, 15, 82, 26, 9, 95, 32, 77, 68, 47, 5, 93, 78, 86, 54, 85, 63, 18, 44, 20, 49, 36, 14, 74, 50, 53, 17, 21, 45, 71, 64, 3, 23, 30, 83, 24, 41, 60, 52, 65, 27, 90, 70, 39, 87, 48, 69, 99, 4, 46, 1, 13, 58, 97, 59, 28, 75, 73, 37, 35, 79, 22, 66, 76, 42, 40, 80, 96, 6, 16, 61, 33, 7, 57, 34, 12, 67, 10, 98, 56, 88, 29, 94, 91, 51, 19, 92, 43, 84, 38, 72, 81, 8, 2, 55, 62, 89, 25, 0]|[2, 1, 1, 2, 1, 2, 1, 1, 1, 1, 1, 0, 2, 2, 1, 2, 0, 0, 0, 2, 2, 1, 0, 2, 0, 2, 2, 1, 0, 1, 1, 1, 0, 0, 1, 0, 2, 1, 2, 2, 0, 0, 1, 1, 0, 2, 0, 2, 1, 0, 0, 2, 0, 0, 2, 0, 1, 0, 0, 0, 2, 1, 0, 2, 2, 0, 2, 2, 0, 1, 2, 1, 1, 2, 0, 1, 1, 1, 1, 2, 2, 1, 1, 2, 1, 1, 1, 0, 1, 0, 0, 1, 1, 1, 2, 0, 1, 1, 1, 0]|[1, 3, 2, 0, 4, 1, 4, 4, 2, 4, 3, 2, 1, 0, 2, 1, 1, 1, 2, 1, 1, 3, 0, 1, 0, 1, 1, 4, 1, 4, 3, 2, 2, 0, 4, 1, 1, 4, 0, 1, 2, 1, 4, 4, 1, 1, 0, 2, 3, 1, 2, 1, 2, 1, 1, 2, 4, 2, 0, 2, 2, 3, 1, 0, 1, 2, 0, 1, 2, 4, 1, 3, 4, 1, 2, 4, 3, 3, 3, 1, 1, 4, 3, 1, 3, 3, 4, 2, 4, 2, 2, 4, 1, 3, 1, 2, 3, 4, 4, 2]|[1, 2, 1, 0, 3, 0, 1, 3, 0, 0, 2, 0, 1, 0, 1, 0, 0, 0, 1, 0, 0, 2, 0, 0, 1, 0, 0, 3, 0, 1, 0, 2, 0, 1, 3, 0, 1, 3, 1, 0, 0, 0, 1, 3, 0, 0, 1, 0, 2, 0, 0, 0, 0, 0, 1, 0, 1, 0, 1, 1, 0, 2, 0, 0, 0, 0, 0, 0, 0, 2, 0, 0, 1, 0, 0, 1, 0, 0, 3, 0, 0, 1, 0, 0, 0, 0, 3, 0, 2, 0, 0, 2, 1, 0, 0, 0, 0, 1, 3, 0],836.569815134707,52504.092339752446,107095.57005228325,false
24,G2_TEC,G2_TEC,[31, 22, 82, 15, 26, 9, 95, 42, 77, 68, 47, 5, 93, 78, 86, 54, 85, 63, 18, 44, 20, 49, 36, 14, 74, 50, 53, 17, 21, 28, 11, 64, 3, 23, 30, 83, 24, 41, 40, 52, 65, 27, 90, 70, 39, 87, 48, 69, 99, 4, 46, 1, 13, 58, 97, 59, 45, 8, 73, 37, 35, 79, 71, 66, 76, 32, 60, 80, 96, 6, 16, 61, 33, 7, 57, 34, 12, 67, 10, 98, 56, 88, 29, 75, 91, 38, 19, 92, 43, 84, 51, 72, 81, 25, 2, 55, 62, 89, 94, 0]|[2, 1, 2, 1, 1, 2, 1, 1, 1, 1, 1, 0, 2, 2, 1, 2, 0, 0, 0, 2, 2, 1, 0, 2, 0, 2, 2, 1, 0, 1, 1, 1, 0, 0, 1, 0, 2, 1, 2, 2, 0, 0, 1, 1, 0, 2, 0, 2, 1, 0, 0, 2, 0, 0, 2, 0, 1, 1, 0, 0, 2, 1, 1, 2, 2, 0, 2, 2, 0, 1, 2, 1, 1, 2, 0, 1, 1, 1, 1, 2, 2, 1, 1, 0, 1, 0, 1, 0, 1, 0, 1, 1, 1, 1, 2, 0, 1, 1, 2, 0]|[0, 3, 0, 3, 4, 1, 4, 4, 2, 4, 3, 2, 1, 0, 2, 1, 1, 1, 2, 1, 1, 3, 0, 1, 0, 1, 1, 4, 1, 4, 3, 2, 2, 0, 4, 1, 1, 4, 0, 1, 2, 1, 4, 4, 1, 1, 0, 2, 3, 2, 2, 1, 2, 1, 1, 2, 4, 3, 0, 2, 2, 3, 3, 0, 1, 2, 0, 1, 2, 4, 1, 3, 4, 1, 2, 4, 3, 3, 3, 1, 1, 4, 3, 2, 3, 2, 4, 2, 4, 2, 3, 4, 4, 4, 1, 2, 3, 4, 1, 2]|[0, 2, 0, 0, 3, 0, 1, 3, 0, 0, 2, 0, 1, 0, 1, 0, 0, 0, 1, 0, 0, 2, 0, 0, 1, 0, 0, 3, 0, 1, 0, 2, 0, 0, 3, 0, 1, 3, 0, 0, 0, 0, 1, 3, 0, 0, 1, 0, 2, 0, 0, 0, 0, 0, 1, 0, 1, 0, 1, 1, 0, 2, 0, 0, 0, 0, 0, 0, 0, 2, 0, 0, 1, 0, 0, 1, 0, 0, 3, 0, 0, 1, 0, 0, 0, 0, 1, 0, 2, 0, 0, 2, 1, 3, 0, 0, 0, 1, 0, 0],896.1029292898813,50428.13444364295,114595.46915086164,false
24,G3_TWC,G1_CMAX,[31, 22, 82, 15, 26, 9, 42, 95, 77, 12, 47, 5, 93, 78, 86, 54, 85, 63, 18, 44, 20, 35, 43, 97, 91, 76, 10, 30, 21, 45, 71, 64, 1, 23, 17, 83, 24, 14, 60, 36, 6, 57, 94, 88, 65, 56, 79, 40, 67, 68, 46, 75, 38, 58, 19, 32, 81, 41, 27, 62, 87, 90, 99, 59, 11, 16, 72, 73, 70, 39, 37, 84, 3, 92, 25, 55, 28, 29, 51, 7, 33, 61, 98, 66, 89, 50, 8, 96, 53, 4, 80, 13, 34, 49, 52, 0, 48, 69, 2, 74]|[1, 1, 0, 1, 1, 1, 2, 1, 2, 1, 2, 2, 2, 1, 1, 0, 0, 1, 0, 2, 2, 0, 1, 2, 0, 1, 2, 2, 0, 0, 1, 2, 1, 2, 1, 0, 2, 0, 1, 1, 0, 1, 1, 1, 0, 2, 1, 1, 0, 0, 0, 0, 1, 1, 2, 1, 2, 0, 0, 0, 2, 1, 0, 1, 2, 1, 2, 1, 1, 1, 1, 1, 1, 0, 1, 1, 0, 0, 0, 1, 2, 1, 0, 2, 1, 0, 1, 0, 0, 0, 0, 0, 2, 0, 1, 0, 0, 1, 0, 2]|[4, 3, 2, 2, 0, 0, 2, 2, 2, 4, 1, 1, 2, 4, 4, 1, 2, 4, 2, 1, 1, 1, 1, 2, 1, 2, 1, 1, 1, 1, 3, 2, 3, 0, 4, 0, 1, 1, 0, 3, 2, 2, 4, 0, 1, 1, 0, 2, 0, 1, 2, 2, 1, 4, 0, 3, 2, 1, 1, 2, 1, 3, 1, 1, 1, 3, 0, 4, 3, 1, 4, 1, 1, 0, 4, 4, 2, 1, 1, 3, 1, 3, 1, 1, 1, 1, 3, 1, 2, 2, 1, 1, 1, 1, 1, 2, 2, 3, 2, 1]|[0, 2, 1, 1, 3, 3, 0, 1, 0, 0, 0, 0, 1, 0, 1, 0, 0, 3, 1, 0, 0, 0, 3, 1, 0, 2, 0, 0, 0, 1, 0, 0, 0, 0, 3, 0, 1, 0, 0, 2, 1, 1, 2, 0, 0, 0, 0, 1, 1, 0, 0, 0, 1, 3, 0, 0, 1, 0, 0, 1, 0, 2, 0, 1, 0, 2, 1, 0, 0, 1, 1, 3, 1, 1, 3, 3, 1, 0, 0, 2, 0, 0, 0, 0, 1, 0, 2, 0, 1, 1, 0, 0, 0, 1, 1, 0, 0, 0, 0, 0],800.9728923351585,58117.763115372225,90558.04465999853,true
24,G1_CMAX,G1_CMAX,[31, 22, 82, 15, 26, 9, 42, 77, 12, 5, 47, 93, 78, 86, 54, 6, 63, 18, 44, 20, 35, 43, 97, 91, 76, 10, 30, 21, 45, 17, 23, 1, 71, 83, 24, 14, 60, 36, 85, 57, 40, 95, 88, 65, 56, 79, 94, 67, 68, 46, 75, 38, 58, 19, 32, 81, 41, 62, 87, 28, 90, 59, 11, 16, 72, 73, 69, 52, 37, 64, 84, 3, 25, 29, 55, 51, 7, 98, 61, 66, 99, 33, 89, 48, 50, 96, 53, 80, 4, 8, 27, 2, 39, 13, 0, 92, 49, 74, 34, 70]|[1, 1, 0, 1, 1, 1, 2, 2, 1, 2, 2, 1, 1, 1, 0, 0, 1, 0, 2, 2, 0, 1, 2, 2, 1, 2, 2, 0, 0, 1, 2, 1, 1, 0, 2, 0, 1, 1, 0, 1, 1, 1, 1, 0, 2, 1, 1, 0, 0, 0, 0, 1, 1, 2, 1, 2, 0, 0, 2, 0, 1, 2, 2, 1, 2, 1, 1, 1, 1, 1, 1, 2, 1, 0, 2, 0, 1, 2, 1, 0, 0, 2, 1, 0, 0, 2, 0, 0, 1, 1, 0, 0, 1, 0, 0, 0, 0, 2, 2, 1]|[0, 3, 1, 2, 0, 0, 1, 1, 4, 1, 1, 4, 4, 4, 2, 2, 4, 2, 1, 1, 1, 1, 2, 1, 2, 1, 1, 1, 1, 4, 0, 3, 3, 0, 1, 1, 0, 3, 2, 2, 2, 2, 0, 1, 1, 0, 4, 0, 1, 2, 2, 1, 4, 0, 3, 2, 1, 2, 1, 2, 3, 1, 1, 3, 0, 4, 4, 1, 4, 3, 1, 2, 4, 1, 1, 1, 1, 1, 3, 1, 1, 1, 1, 1, 1, 1, 2, 1, 4, 3, 2, 2, 1, 2, 2, 0, 1, 1, 1, 4]|[1, 1, 1, 1, 3, 3, 0, 0, 0, 0, 0, 2, 0, 1, 0, 0, 3, 1, 0, 0, 0, 3, 1, 0, 2, 0, 0, 0, 1, 3, 0, 0, 0, 0, 1, 0, 0, 2, 1, 1, 1, 1, 0, 0, 0, 0, 2, 1, 0, 0, 0, 1, 3, 0, 0, 1, 0, 1, 0, 1, 2, 0, 0, 2, 1, 0, 2, 1, 1, 0, 3, 1, 3, 0, 0, 0, 2, 0, 0, 0, 0, 0, 1, 0, 0, 0, 1, 0, 0, 2, 1, 0, 1, 0, 0, 1, 1, 0, 0, 2],733.3116759547878,58140.55643565909,96674.14109675489,false
24,G4_BALANCED,G4_BALANCED,[31, 11, 15, 82, 26, 9, 95, 32, 77, 68, 47, 5, 93, 78, 86, 54, 85, 63, 18, 44, 20, 49, 36, 14, 74, 50, 53, 17, 21, 45, 71, 64, 3, 23, 30, 83, 24, 41, 60, 52, 65, 27, 90, 70, 39, 87, 48, 69, 99, 4, 46, 1, 13, 58, 97, 59, 28, 75, 73, 37, 35, 79, 22, 66, 76, 42, 40, 80, 96, 6, 16, 61, 33, 7, 57, 34, 12, 67, 10, 98, 56, 88, 29, 94, 91, 51, 19, 92, 43, 84, 38, 72, 81, 8, 2, 55, 62, 89, 25, 0]|[2, 1, 1, 2, 1, 2, 1, 1, 1, 1, 1, 0, 2, 2, 1, 2, 0, 0, 0, 2, 2, 1, 0, 2, 0, 2, 2, 1, 0, 1, 1, 1, 0, 0, 1, 0, 2, 1, 2, 2, 0, 0, 1, 1, 0, 2, 0, 2, 1, 0, 0, 2, 0, 0, 2, 0, 1, 0, 0, 0, 2, 1, 0, 2, 2, 0, 2, 2, 0, 1, 2, 1, 1, 2, 0, 1, 1, 1, 1, 2, 2, 1, 1, 2, 1, 1, 1, 0, 1, 0, 0, 1, 1, 1, 2, 0, 1, 1, 1, 0]|[1, 3, 2, 0, 4, 1, 4, 4, 2, 4, 3, 2, 1, 0, 2, 1, 1, 1, 2, 1, 1, 3, 0, 1, 0, 1, 1, 4, 1, 4, 3, 2, 2, 0, 4, 1, 1, 4, 0, 1, 2, 1, 4, 4, 1, 1, 0, 2, 3, 1, 2, 1, 2, 1, 1, 2, 4, 2, 0, 2, 2, 3, 1, 0, 1, 2, 0, 1, 2, 4, 1, 3, 4, 1, 2, 4, 3, 3, 3, 1, 1, 4, 3, 1, 3, 3, 4, 2, 4, 2, 2, 4, 1, 3, 1, 2, 3, 4, 4, 2]|[1, 2, 1, 0, 3, 0, 1, 3, 0, 0, 2, 0, 1, 0, 1, 0, 0, 0, 1, 0, 0, 2, 0, 0, 1, 0, 0, 3, 0, 1, 0, 2, 0, 1, 3, 0, 1, 3, 1, 0, 0, 0, 1, 3, 0, 0, 1, 0, 2, 0, 0, 0, 0, 0, 1, 0, 1, 0, 1, 1, 0, 2, 0, 0, 0, 0, 0, 0, 0, 2, 0, 0, 1, 0, 0, 1, 0, 0, 3, 0, 0, 1, 0, 0, 0, 0, 3, 0, 2, 0, 0, 2, 1, 0, 0, 0, 0, 1, 3, 0],836.569815134707,52504.092339752446,107095.57005228325,false
24,G2_TEC,G2_TEC,[31, 22, 82, 15, 26, 9, 95, 42, 77, 68, 47, 5, 93, 78, 86, 54, 85, 63, 18, 44, 20, 49, 36, 14, 74, 50, 53, 17, 21, 28, 11, 64, 3, 23, 30, 83, 24, 41, 40, 52, 65, 27, 90, 70, 39, 87, 48, 69, 99, 4, 46, 1, 13, 58, 97, 59, 45, 8, 73, 37, 35, 79, 71, 66, 76, 32, 60, 80, 96, 6, 16, 61, 33, 7, 57, 34, 12, 67, 10, 98, 56, 88, 29, 75, 91, 38, 19, 92, 43, 84, 51, 72, 81, 25, 2, 55, 62, 89, 94, 0]|[2, 1, 2, 1, 1, 2, 1, 1, 1, 1, 1, 0, 2, 2, 1, 2, 0, 0, 0, 2, 2, 1, 0, 2, 0, 2, 2, 1, 0, 1, 1, 1, 0, 0, 1, 0, 2, 1, 2, 2, 0, 0, 1, 1, 0, 2, 0, 2, 1, 0, 0, 2, 0, 0, 2, 0, 1, 1, 0, 0, 2, 1, 1, 2, 2, 0, 2, 2, 0, 1, 2, 1, 1, 2, 0, 1, 1, 1, 1, 2, 2, 1, 1, 0, 1, 0, 1, 0, 1, 0, 1, 1, 1, 1, 2, 0, 1, 1, 2, 0]|[0, 3, 0, 3, 4, 1, 4, 4, 2, 4, 3, 2, 1, 0, 2, 1, 1, 1, 2, 1, 1, 3, 0, 1, 0, 1, 1, 4, 1, 4, 3, 2, 2, 0, 4, 1, 1, 4, 0, 1, 2, 1, 4, 4, 1, 1, 0, 2, 3, 2, 2, 1, 2, 1, 1, 2, 4, 3, 0, 2, 2, 3, 3, 0, 1, 2, 0, 1, 2, 4, 1, 3, 4, 1, 2, 4, 3, 3, 3, 1, 1, 4, 3, 2, 3, 2, 4, 2, 4, 2, 3, 4, 4, 4, 1, 2, 3, 4, 1, 2]|[0, 2, 0, 0, 3, 0, 1, 3, 0, 0, 2, 0, 1, 0, 1, 0, 0, 0, 1, 0, 0, 2, 0, 0, 1, 0, 0, 3, 0, 1, 0, 2, 0, 0, 3, 0, 1, 3, 0, 0, 0, 0, 1, 3, 0, 0, 1, 0, 2, 0, 0, 0, 0, 0, 1, 0, 1, 0, 1, 1, 0, 2, 0, 0, 0, 0, 0, 0, 0, 2, 0, 0, 1, 0, 0, 1, 0, 0, 3, 0, 0, 1, 0, 0, 0, 0, 1, 0, 2, 0, 0, 2, 1, 3, 0, 0, 0, 1, 0, 0],896.1029292898813,50428.13444364295,114595.46915086164,false
24,G3_TWC,G1_CMAX,[31, 22, 82, 15, 26, 9, 42, 95, 77, 12, 47, 5, 93, 78, 86, 54, 85, 63, 18, 44, 20, 35, 43, 97, 91, 76, 10, 30, 21, 45, 71, 64, 1, 23, 17, 83, 24, 14, 60, 36, 6, 57, 94, 88, 65, 56, 79, 40, 67, 68, 46, 75, 38, 58, 19, 32, 81, 41, 27, 62, 87, 90, 99, 59, 11, 16, 72, 73, 70, 39, 37, 84, 3, 92, 25, 55, 28, 29, 51, 7, 33, 61, 98, 66, 89, 50, 8, 96, 53, 4, 80, 13, 34, 49, 52, 0, 48, 69, 2, 74]|[1, 1, 0, 1, 1, 1, 2, 1, 2, 1, 2, 2, 2, 1, 1, 0, 0, 1, 0, 2, 2, 0, 1, 2, 0, 1, 2, 2, 0, 0, 1, 2, 1, 2, 1, 0, 2, 0, 1, 1, 0, 1, 1, 1, 0, 2, 1, 1, 0, 0, 0, 0, 1, 1, 2, 1, 2, 0, 0, 0, 2, 1, 0, 1, 2, 1, 2, 1, 1, 1, 1, 1, 1, 0, 1, 1, 0, 0, 0, 1, 2, 1, 0, 2, 1, 0, 1, 0, 0, 0, 0, 0, 2, 0, 1, 0, 0, 1, 0, 2]|[4, 3, 2, 2, 0, 0, 2, 2, 2, 4, 1, 1, 2, 4, 4, 1, 2, 4, 2, 1, 1, 1, 1, 2, 1, 2, 1, 1, 1, 1, 3, 2, 3, 0, 4, 0, 1, 1, 0, 3, 2, 2, 4, 0, 1, 1, 0, 2, 0, 1, 2, 2, 1, 4, 0, 3, 2, 1, 1, 2, 1, 3, 1, 1, 1, 3, 0, 4, 3, 1, 4, 1, 1, 0, 4, 4, 2, 1, 1, 3, 1, 3, 1, 1, 1, 1, 3, 1, 2, 2, 1, 1, 1, 1, 1, 2, 2, 3, 2, 1]|[0, 2, 1, 1, 3, 3, 0, 1, 0, 0, 0, 0, 1, 0, 1, 0, 0, 3, 1, 0, 0, 0, 3, 1, 0, 2, 0, 0, 0, 1, 0, 0, 0, 0, 3, 0, 1, 0, 0, 2, 1, 1, 2, 0, 0, 0, 0, 1, 1, 0, 0, 0, 1, 3, 0, 0, 1, 0, 0, 1, 0, 2, 0, 1, 0, 2, 1, 0, 0, 1, 1, 3, 1, 1, 3, 3, 1, 0, 0, 2, 0, 0, 0, 0, 1, 0, 2, 0, 1, 1, 0, 0, 0, 1, 1, 0, 0, 0, 0, 0],800.9728923351585,58117.763115372225,90558.04465999853,true
24,G1_CMAX,G1_CMAX,[31, 22, 82, 15, 26, 9, 42, 77, 12, 5, 47, 93, 78, 86, 54, 6, 63, 18, 44, 20, 35, 43, 97, 91, 76, 10, 30, 21, 45, 17, 23, 1, 71, 83, 24, 14, 60, 36, 85, 57, 40, 95, 88, 65, 56, 79, 94, 67, 68, 46, 75, 38, 58, 19, 32, 81, 41, 62, 87, 28, 90, 59, 11, 16, 72, 73, 69, 52, 37, 64, 84, 3, 25, 29, 55, 51, 7, 98, 61, 66, 99, 33, 89, 48, 50, 96, 53, 80, 4, 8, 27, 2, 39, 13, 0, 92, 49, 74, 34, 70]|[1, 1, 0, 1, 1, 1, 2, 2, 1, 2, 2, 1, 1, 1, 0, 0, 1, 0, 2, 2, 0, 1, 2, 2, 1, 2, 2, 0, 0, 1, 2, 1, 1, 0, 2, 0, 1, 1, 0, 1, 1, 1, 1, 0, 2, 1, 1, 0, 0, 0, 0, 1, 1, 2, 1, 2, 0, 0, 2, 0, 1, 2, 2, 1, 2, 1, 1, 1, 1, 1, 1, 2, 1, 0, 2, 0, 1, 2, 1, 0, 0, 2, 1, 0, 0, 2, 0, 0, 1, 1, 0, 0, 1, 0, 0, 0, 0, 2, 2, 1]|[0, 3, 1, 2, 0, 0, 1, 1, 4, 1, 1, 4, 4, 4, 2, 2, 4, 2, 1, 1, 1, 1, 2, 1, 2, 1, 1, 1, 1, 4, 0, 3, 3, 0, 1, 1, 0, 3, 2, 2, 2, 2, 0, 1, 1, 0, 4, 0, 1, 2, 2, 1, 4, 0, 3, 2, 1, 2, 1, 2, 3, 1, 1, 3, 0, 4, 4, 1, 4, 3, 1, 2, 4, 1, 1, 1, 1, 1, 3, 1, 1, 1, 1, 1, 1, 1, 2, 1, 4, 3, 2, 2, 1, 2, 2, 0, 1, 1, 1, 4]|[1, 1, 1, 1, 3, 3, 0, 0, 0, 0, 0, 2, 0, 1, 0, 0, 3, 1, 0, 0, 0, 3, 1, 0, 2, 0, 0, 0, 1, 3, 0, 0, 0, 0, 1, 0, 0, 2, 1, 1, 1, 1, 0, 0, 0, 0, 2, 1, 0, 0, 0, 1, 3, 0, 0, 1, 0, 1, 0, 1, 2, 0, 0, 2, 1, 0, 2, 1, 1, 0, 3, 1, 3, 0, 0, 0, 2, 0, 0, 0, 0, 0, 1, 0, 0, 0, 1, 0, 0, 2, 1, 0, 1, 0, 0, 1, 1, 0, 0, 2],733.3116759547878,58140.55643565909,96674.14109675489,false
24,G4_BALANCED,G4_BALANCED,[31, 11, 15, 82, 26, 9, 95, 32, 77, 68, 47, 5, 93, 78, 86, 54, 85, 63, 18, 44, 20, 49, 36, 14, 74, 50, 53, 17, 21, 45, 71, 64, 3, 23, 30, 83, 24, 41, 60, 52, 65, 27, 90, 70, 39, 87, 48, 69, 99, 4, 46, 1, 13, 58, 97, 59, 28, 75, 73, 37, 35, 79, 22, 66, 76, 42, 40, 80, 96, 6, 16, 61, 33, 7, 57, 34, 12, 67, 10, 98, 56, 88, 29, 94, 91, 51, 19, 92, 43, 84, 38, 72, 81, 8, 2, 55, 62, 89, 25, 0]|[2, 1, 1, 2, 1, 2, 1, 1, 1, 1, 1, 0, 2, 2, 1, 2, 0, 0, 0, 2, 2, 1, 0, 2, 0, 2, 2, 1, 0, 1, 1, 1, 0, 0, 1, 0, 2, 1, 2, 2, 0, 0, 1, 1, 0, 2, 0, 2, 1, 0, 0, 2, 0, 0, 2, 0, 1, 0, 0, 0, 2, 1, 0, 2, 2, 0, 2, 2, 0, 1, 2, 1, 1, 2, 0, 1, 1, 1, 1, 2, 2, 1, 1, 2, 1, 1, 1, 0, 1, 0, 0, 1, 1, 1, 2, 0, 1, 1, 1, 0]|[1, 3, 2, 0, 4, 1, 4, 4, 2, 4, 3, 2, 1, 0, 2, 1, 1, 1, 2, 1, 1, 3, 0, 1, 0, 1, 1, 4, 1, 4, 3, 2, 2, 0, 4, 1, 1, 4, 0, 1, 2, 1, 4, 4, 1, 1, 0, 2, 3, 1, 2, 1, 2, 1, 1, 2, 4, 2, 0, 2, 2, 3, 1, 0, 1, 2, 0, 1, 2, 4, 1, 3, 4, 1, 2, 4, 3, 3, 3, 1, 1, 4, 3, 1, 3, 3, 4, 2, 4, 2, 2, 4, 1, 3, 1, 2, 3, 4, 4, 2]|[1, 2, 1, 0, 3, 0, 1, 3, 0, 0, 2, 0, 1, 0, 1, 0, 0, 0, 1, 0, 0, 2, 0, 0, 1, 0, 0, 3, 0, 1, 0, 2, 0, 1, 3, 0, 1, 3, 1, 0, 0, 0, 1, 3, 0, 0, 1, 0, 2, 0, 0, 0, 0, 0, 1, 0, 1, 0, 1, 1, 0, 2, 0, 0, 0, 0, 0, 0, 0, 2, 0, 0, 1, 0, 0, 1, 0, 0, 3, 0, 0, 1, 0, 0, 0, 0, 3, 0, 2, 0, 0, 2, 1, 0, 0, 0, 0, 1, 3, 0],836.569815134707,52504.092339752446,107095.57005228325,false
24,G2_TEC,G2_TEC,[31, 22, 82, 15, 26, 9, 95, 42, 77, 68, 47, 5, 93, 78, 86, 54, 85, 63, 18, 44, 20, 49, 36, 14, 74, 50, 53, 17, 21, 28, 11, 64, 3, 23, 30, 83, 24, 41, 40, 52, 65, 27, 90, 70, 39, 87, 48, 69, 99, 4, 46, 1, 13, 58, 97, 59, 45, 8, 73, 37, 35, 79, 71, 66, 76, 32, 60, 80, 96, 6, 16, 61, 33, 7, 57, 34, 12, 67, 10, 98, 56, 88, 29, 75, 91, 38, 19, 92, 43, 84, 51, 72, 81, 25, 2, 55, 62, 89, 94, 0]|[2, 1, 2, 1, 1, 2, 1, 1, 1, 1, 1, 0, 2, 2, 1, 2, 0, 0, 0, 2, 2, 1, 0, 2, 0, 2, 2, 1, 0, 1, 1, 1, 0, 0, 1, 0, 2, 1, 2, 2, 0, 0, 1, 1, 0, 2, 0, 2, 1, 0, 0, 2, 0, 0, 2, 0, 1, 1, 0, 0, 2, 1, 1, 2, 2, 0, 2, 2, 0, 1, 2, 1, 1, 2, 0, 1, 1, 1, 1, 2, 2, 1, 1, 0, 1, 0, 1, 0, 1, 0, 1, 1, 1, 1, 2, 0, 1, 1, 2, 0]|[0, 3, 0, 3, 4, 1, 4, 4, 2, 4, 3, 2, 1, 0, 2, 1, 1, 1, 2, 1, 1, 3, 0, 1, 0, 1, 1, 4, 1, 4, 3, 2, 2, 0, 4, 1, 1, 4, 0, 1, 2, 1, 4, 4, 1, 1, 0, 2, 3, 2, 2, 1, 2, 1, 1, 2, 4, 3, 0, 2, 2, 3, 3, 0, 1, 2, 0, 1, 2, 4, 1, 3, 4, 1, 2, 4, 3, 3, 3, 1, 1, 4, 3, 2, 3, 2, 4, 2, 4, 2, 3, 4, 4, 4, 1, 2, 3, 4, 1, 2]|[0, 2, 0, 0, 3, 0, 1, 3, 0, 0, 2, 0, 1, 0, 1, 0, 0, 0, 1, 0, 0, 2, 0, 0, 1, 0, 0, 3, 0, 1, 0, 2, 0, 0, 3, 0, 1, 3, 0, 0, 0, 0, 1, 3, 0, 0, 1, 0, 2, 0, 0, 0, 0, 0, 1, 0, 1, 0, 1, 1, 0, 2, 0, 0, 0, 0, 0, 0, 0, 2, 0, 0, 1, 0, 0, 1, 0, 0, 3, 0, 0, 1, 0, 0, 0, 0, 1, 0, 2, 0, 0, 2, 1, 3, 0, 0, 0, 1, 0, 0],896.1029292898813,50428.13444364295,114595.46915086164,false
24,G3_TWC,G1_CMAX,[31, 22, 82, 15, 26, 9, 42, 95, 77, 12, 47, 5, 93, 78, 86, 54, 85, 63, 18, 44, 20, 35, 43, 97, 91, 76, 10, 30, 21, 45, 71, 64, 1, 23, 17, 83, 24, 14, 60, 36, 6, 57, 94, 88, 65, 56, 79, 40, 67, 68, 46, 75, 38, 58, 19, 32, 81, 41, 27, 62, 87, 90, 99, 59, 11, 16, 72, 73, 70, 39, 37, 84, 3, 92, 25, 55, 28, 29, 51, 7, 33, 61, 98, 66, 89, 50, 8, 96, 53, 4, 80, 13, 34, 49, 52, 0, 48, 69, 2, 74]|[1, 1, 0, 1, 1, 1, 2, 1, 2, 1, 2, 2, 2, 1, 1, 0, 0, 1, 0, 2, 2, 0, 1, 2, 0, 1, 2, 2, 0, 0, 1, 2, 1, 2, 1, 0, 2, 0, 1, 1, 0, 1, 1, 1, 0, 2, 1, 1, 0, 0, 0, 0, 1, 1, 2, 1, 2, 0, 0, 0, 2, 1, 0, 1, 2, 1, 2, 1, 1, 1, 1, 1, 1, 0, 1, 1, 0, 0, 0, 1, 2, 1, 0, 2, 1, 0, 1, 0, 0, 0, 0, 0, 2, 0, 1, 0, 0, 1, 0, 2]|[4, 3, 2, 2, 0, 0, 2, 2, 2, 4, 1, 1, 2, 4, 4, 1, 2, 4, 2, 1, 1, 1, 1, 2, 1, 2, 1, 1, 1, 1, 3, 2, 3, 0, 4, 0, 1, 1, 0, 3, 2, 2, 4, 0, 1, 1, 0, 2, 0, 1, 2, 2, 1, 4, 0, 3, 2, 1, 1, 2, 1, 3, 1, 1, 1, 3, 0, 4, 3, 1, 4, 1, 1, 0, 4, 4, 2, 1, 1, 3, 1, 3, 1, 1, 1, 1, 3, 1, 2, 2, 1, 1, 1, 1, 1, 2, 2, 3, 2, 1]|[0, 2, 1, 1, 3, 3, 0, 1, 0, 0, 0, 0, 1, 0, 1, 0, 0, 3, 1, 0, 0, 0, 3, 1, 0, 2, 0, 0, 0, 1, 0, 0, 0, 0, 3, 0, 1, 0, 0, 2, 1, 1, 2, 0, 0, 0, 0, 1, 1, 0, 0, 0, 1, 3, 0, 0, 1, 0, 0, 1, 0, 2, 0, 1, 0, 2, 1, 0, 0, 1, 1, 3, 1, 1, 3, 3, 1, 0, 0, 2, 0, 0, 0, 0, 1, 0, 2, 0, 1, 1, 0, 0, 0, 1, 1, 0, 0, 0, 0, 0],800.9728923351585,58117.763115372225,90558.04465999853,true
24,G1_CMAX,G1_CMAX,[31, 22, 82, 15, 26, 9, 42, 77, 12, 5, 47, 93, 78, 86, 54, 6, 63, 18, 44, 20, 35, 43, 97, 91, 76, 10, 30, 21, 45, 17, 23, 1, 71, 83, 24, 14, 60, 36, 85, 57, 40, 95, 88, 65, 56, 79, 94, 67, 68, 46, 75, 38, 58, 19, 32, 81, 41, 62, 87, 28, 90, 59, 11, 16, 72, 73, 69, 52, 37, 64, 84, 3, 25, 29, 55, 51, 7, 98, 61, 66, 99, 33, 89, 48, 50, 96, 53, 80, 4, 8, 27, 2, 39, 13, 0, 92, 49, 74, 34, 70]|[1, 1, 0, 1, 1, 1, 2, 2, 1, 2, 2, 1, 1, 1, 0, 0, 1, 0, 2, 2, 0, 1, 2, 2, 1, 2, 2, 0, 0, 1, 2, 1, 1, 0, 2, 0, 1, 1, 0, 1, 1, 1, 1, 0, 2, 1, 1, 0, 0, 0, 0, 1, 1, 2, 1, 2, 0, 0, 2, 0, 1, 2, 2, 1, 2, 1, 1, 1, 1, 1, 1, 2, 1, 0, 2, 0, 1, 2, 1, 0, 0, 2, 1, 0, 0, 2, 0, 0, 1, 1, 0, 0, 1, 0, 0, 0, 0, 2, 2, 1]|[0, 3, 1, 2, 0, 0, 1, 1, 4, 1, 1, 4, 4, 4, 2, 2, 4, 2, 1, 1, 1, 1, 2, 1, 2, 1, 1, 1, 1, 4, 0, 3, 3, 0, 1, 1, 0, 3, 2, 2, 2, 2, 0, 1, 1, 0, 4, 0, 1, 2, 2, 1, 4, 0, 3, 2, 1, 2, 1, 2, 3, 1, 1, 3, 0, 4, 4, 1, 4, 3, 1, 2, 4, 1, 1, 1, 1, 1, 3, 1, 1, 1, 1, 1, 1, 1, 2, 1, 4, 3, 2, 2, 1, 2, 2, 0, 1, 1, 1, 4]|[1, 1, 1, 1, 3, 3, 0, 0, 0, 0, 0, 2, 0, 1, 0, 0, 3, 1, 0, 0, 0, 3, 1, 0, 2, 0, 0, 0, 1, 3, 0, 0, 0, 0, 1, 0, 0, 2, 1, 1, 1, 1, 0, 0, 0, 0, 2, 1, 0, 0, 0, 1, 3, 0, 0, 1, 0, 1, 0, 1, 2, 0, 0, 2, 1, 0, 2, 1, 1, 0, 3, 1, 3, 0, 0, 0, 2, 0, 0, 0, 0, 0, 1, 0, 0, 0, 1, 0, 0, 2, 1, 0, 1, 0, 0, 1, 1, 0, 0, 2],733.3116759547878,58140.55643565909,96674.14109675489,false
24,G4_BALANCED,G4_BALANCED,[31, 11, 15, 82, 26, 9, 95, 32, 77, 68, 47, 5, 93, 78, 86, 54, 85, 63, 18, 44, 20, 49, 36, 14, 74, 50, 53, 17, 21, 45, 71, 64, 3, 23, 30, 83, 24, 41, 60, 52, 65, 27, 90, 70, 39, 87, 48, 69, 99, 4, 46, 1, 13, 58, 97, 59, 28, 75, 73, 37, 35, 79, 22, 66, 76, 42, 40, 80, 96, 6, 16, 61, 33, 7, 57, 34, 12, 67, 10, 98, 56, 88, 29, 94, 91, 51, 19, 92, 43, 84, 38, 72, 81, 8, 2, 55, 62, 89, 25, 0]|[2, 1, 1, 2, 1, 2, 1, 1, 1, 1, 1, 0, 2, 2, 1, 2, 0, 0, 0, 2, 2, 1, 0, 2, 0, 2, 2, 1, 0, 1, 1, 1, 0, 0, 1, 0, 2, 1, 2, 2, 0, 0, 1, 1, 0, 2, 0, 2, 1, 0, 0, 2, 0, 0, 2, 0, 1, 0, 0, 0, 2, 1, 0, 2, 2, 0, 2, 2, 0, 1, 2, 1, 1, 2, 0, 1, 1, 1, 1, 2, 2, 1, 1, 2, 1, 1, 1, 0, 1, 0, 0, 1, 1, 1, 2, 0, 1, 1, 1, 0]|[1, 3, 2, 0, 4, 1, 4, 4, 2, 4, 3, 2, 1, 0, 2, 1, 1, 1, 2, 1, 1, 3, 0, 1, 0, 1, 1, 4, 1, 4, 3, 2, 2, 0, 4, 1, 1, 4, 0, 1, 2, 1, 4, 4, 1, 1, 0, 2, 3, 1, 2, 1, 2, 1, 1, 2, 4, 2, 0, 2, 2, 3, 1, 0, 1, 2, 0, 1, 2, 4, 1, 3, 4, 1, 2, 4, 3, 3, 3, 1, 1, 4, 3, 1, 3, 3, 4, 2, 4, 2, 2, 4, 1, 3, 1, 2, 3, 4, 4, 2]|[1, 2, 1, 0, 3, 0, 1, 3, 0, 0, 2, 0, 1, 0, 1, 0, 0, 0, 1, 0, 0, 2, 0, 0, 1, 0, 0, 3, 0, 1, 0, 2, 0, 1, 3, 0, 1, 3, 1, 0, 0, 0, 1, 3, 0, 0, 1, 0, 2, 0, 0, 0, 0, 0, 1, 0, 1, 0, 1, 1, 0, 2, 0, 0, 0, 0, 0, 0, 0, 2, 0, 0, 1, 0, 0, 1, 0, 0, 3, 0, 0, 1, 0, 0, 0, 0, 3, 0, 2, 0, 0, 2, 1, 0, 0, 0, 0, 1, 3, 0],836.569815134707,52504.092339752446,107095.57005228325,false
24,G2_TEC,G2_TEC,[31, 22, 82, 15, 26, 9, 95, 42, 77, 68, 47, 5, 93, 78, 86, 54, 85, 63, 18, 44, 20, 49, 36, 14, 74, 50, 53, 17, 21, 28, 11, 64, 3, 23, 30, 83, 24, 41, 40, 52, 65, 27, 90, 70, 39, 87, 48, 69, 99, 4, 46, 1, 13, 58, 97, 59, 45, 8, 73, 37, 35, 79, 71, 66, 76, 32, 60, 80, 96, 6, 16, 61, 33, 7, 57, 34, 12, 67, 10, 98, 56, 88, 29, 75, 91, 38, 19, 92, 43, 84, 51, 72, 81, 25, 2, 55, 62, 89, 94, 0]|[2, 1, 2, 1, 1, 2, 1, 1, 1, 1, 1, 0, 2, 2, 1, 2, 0, 0, 0, 2, 2, 1, 0, 2, 0, 2, 2, 1, 0, 1, 1, 1, 0, 0, 1, 0, 2, 1, 2, 2, 0, 0, 1, 1, 0, 2, 0, 2, 1, 0, 0, 2, 0, 0, 2, 0, 1, 1, 0, 0, 2, 1, 1, 2, 2, 0, 2, 2, 0, 1, 2, 1, 1, 2, 0, 1, 1, 1, 1, 2, 2, 1, 1, 0, 1, 0, 1, 0, 1, 0, 1, 1, 1, 1, 2, 0, 1, 1, 2, 0]|[0, 3, 0, 3, 4, 1, 4, 4, 2, 4, 3, 2, 1, 0, 2, 1, 1, 1, 2, 1, 1, 3, 0, 1, 0, 1, 1, 4, 1, 4, 3, 2, 2, 0, 4, 1, 1, 4, 0, 1, 2, 1, 4, 4, 1, 1, 0, 2, 3, 2, 2, 1, 2, 1, 1, 2, 4, 3, 0, 2, 2, 3, 3, 0, 1, 2, 0, 1, 2, 4, 1, 3, 4, 1, 2, 4, 3, 3, 3, 1, 1, 4, 3, 2, 3, 2, 4, 2, 4, 2, 3, 4, 4, 4, 1, 2, 3, 4, 1, 2]|[0, 2, 0, 0, 3, 0, 1, 3, 0, 0, 2, 0, 1, 0, 1, 0, 0, 0, 1, 0, 0, 2, 0, 0, 1, 0, 0, 3, 0, 1, 0, 2, 0, 0, 3, 0, 1, 3, 0, 0, 0, 0, 1, 3, 0, 0, 1, 0, 2, 0, 0, 0, 0, 0, 1, 0, 1, 0, 1, 1, 0, 2, 0, 0, 0, 0, 0, 0, 0, 2, 0, 0, 1, 0, 0, 1, 0, 0, 3, 0, 0, 1, 0, 0, 0, 0, 1, 0, 2, 0, 0, 2, 1, 3, 0, 0, 0, 1, 0, 0],896.1029292898813,50428.13444364295,114595.46915086164,false
24,G3_TWC,G1_CMAX,[31, 22, 82, 15, 26, 9, 42, 95, 77, 12, 47, 5, 93, 78, 86, 54, 85, 63, 18, 44, 20, 35, 43, 97, 91, 76, 10, 30, 21, 45, 71, 64, 1, 23, 17, 83, 24, 14, 60, 36, 6, 57, 94, 88, 65, 56, 79, 40, 67, 68, 46, 75, 38, 58, 19, 32, 81, 41, 27, 62, 87, 90, 99, 59, 11, 16, 72, 73, 70, 39, 37, 84, 3, 92, 25, 55, 28, 29, 51, 7, 33, 61, 98, 66, 89, 50, 8, 96, 53, 4, 80, 13, 34, 49, 52, 0, 48, 69, 2, 74]|[1, 1, 0, 1, 1, 1, 2, 1, 2, 1, 2, 2, 2, 1, 1, 0, 0, 1, 0, 2, 2, 0, 1, 2, 0, 1, 2, 2, 0, 0, 1, 2, 1, 2, 1, 0, 2, 0, 1, 1, 0, 1, 1, 1, 0, 2, 1, 1, 0, 0, 0, 0, 1, 1, 2, 1, 2, 0, 0, 0, 2, 1, 0, 1, 2, 1, 2, 1, 1, 1, 1, 1, 1, 0, 1, 1, 0, 0, 0, 1, 2, 1, 0, 2, 1, 0, 1, 0, 0, 0, 0, 0, 2, 0, 1, 0, 0, 1, 0, 2]|[4, 3, 2, 2, 0, 0, 2, 2, 2, 4, 1, 1, 2, 4, 4, 1, 2, 4, 2, 1, 1, 1, 1, 2, 1, 2, 1, 1, 1, 1, 3, 2, 3, 0, 4, 0, 1, 1, 0, 3, 2, 2, 4, 0, 1, 1, 0, 2, 0, 1, 2, 2, 1, 4, 0, 3, 2, 1, 1, 2, 1, 3, 1, 1, 1, 3, 0, 4, 3, 1, 4, 1, 1, 0, 4, 4, 2, 1, 1, 3, 1, 3, 1, 1, 1, 1, 3, 1, 2, 2, 1, 1, 1, 1, 1, 2, 2, 3, 2, 1]|[0, 2, 1, 1, 3, 3, 0, 1, 0, 0, 0, 0, 1, 0, 1, 0, 0, 3, 1, 0, 0, 0, 3, 1, 0, 2, 0, 0, 0, 1, 0, 0, 0, 0, 3, 0, 1, 0, 0, 2, 1, 1, 2, 0, 0, 0, 0, 1, 1, 0, 0, 0, 1, 3, 0, 0, 1, 0, 0, 1, 0, 2, 0, 1, 0, 2, 1, 0, 0, 1, 1, 3, 1, 1, 3, 3, 1, 0, 0, 2, 0, 0, 0, 0, 1, 0, 2, 0, 1, 1, 0, 0, 0, 1, 1, 0, 0, 0, 0, 0],800.9728923351585,58117.763115372225,90558.04465999853,true
24,G1_CMAX,G1_CMAX,[31, 22, 82, 15, 26, 9, 42, 77, 12, 5, 47, 93, 78, 86, 54, 6, 63, 18, 44, 20, 35, 43, 97, 91, 76, 10, 30, 21, 45, 17, 23, 1, 71, 83, 24, 14, 60, 36, 85, 57, 40, 95, 88, 65, 56, 79, 94, 67, 68, 46, 75, 38, 58, 19, 32, 81, 41, 62, 87, 28, 90, 59, 11, 16, 72, 73, 69, 52, 37, 64, 84, 3, 25, 29, 55, 51, 7, 98, 61, 66, 99, 33, 89, 48, 50, 96, 53, 80, 4, 8, 27, 2, 39, 13, 0, 92, 49, 74, 34, 70]|[1, 1, 0, 1, 1, 1, 2, 2, 1, 2, 2, 1, 1, 1, 0, 0, 1, 0, 2, 2, 0, 1, 2, 2, 1, 2, 2, 0, 0, 1, 2, 1, 1, 0, 2, 0, 1, 1, 0, 1, 1, 1, 1, 0, 2, 1, 1, 0, 0, 0, 0, 1, 1, 2, 1, 2, 0, 0, 2, 0, 1, 2, 2, 1, 2, 1, 1, 1, 1, 1, 1, 2, 1, 0, 2, 0, 1, 2, 1, 0, 0, 2, 1, 0, 0, 2, 0, 0, 1, 1, 0, 0, 1, 0, 0, 0, 0, 2, 2, 1]|[0, 3, 1, 2, 0, 0, 1, 1, 4, 1, 1, 4, 4, 4, 2, 2, 4, 2, 1, 1, 1, 1, 2, 1, 2, 1, 1, 1, 1, 4, 0, 3, 3, 0, 1, 1, 0, 3, 2, 2, 2, 2, 0, 1, 1, 0, 4, 0, 1, 2, 2, 1, 4, 0, 3, 2, 1, 2, 1, 2, 3, 1, 1, 3, 0, 4, 4, 1, 4, 3, 1, 2, 4, 1, 1, 1, 1, 1, 3, 1, 1, 1, 1, 1, 1, 1, 2, 1, 4, 3, 2, 2, 1, 2, 2, 0, 1, 1, 1, 4]|[1, 1, 1, 1, 3, 3, 0, 0, 0, 0, 0, 2, 0, 1, 0, 0, 3, 1, 0, 0, 0, 3, 1, 0, 2, 0, 0, 0, 1, 3, 0, 0, 0, 0, 1, 0, 0, 2, 1, 1, 1, 1, 0, 0, 0, 0, 2, 1, 0, 0, 0, 1, 3, 0, 0, 1, 0, 1, 0, 1, 2, 0, 0, 2, 1, 0, 2, 1, 1, 0, 3, 1, 3, 0, 0, 0, 2, 0, 0, 0, 0, 0, 1, 0, 0, 0, 1, 0, 0, 2, 1, 0, 1, 0, 0, 1, 1, 0, 0, 2],733.3116759547878,58140.55643565909,96674.14109675489,false
24,G4_BALANCED,G4_BALANCED,[31, 11, 15, 82, 26, 9, 95, 32, 77, 68, 47, 5, 93, 78, 86, 54, 85, 63, 18, 44, 20, 49, 36, 14, 74, 50, 53, 17, 21, 45, 71, 64, 3, 23, 30, 83, 24, 41, 60, 52, 65, 27, 90, 70, 39, 87, 48, 69, 99, 4, 46, 1, 13, 58, 97, 59, 28, 75, 73, 37, 35, 79, 22, 66, 76, 42, 40, 80, 96, 6, 16, 61, 33, 7, 57, 34, 12, 67, 10, 98, 56, 88, 29, 94, 91, 51, 19, 92, 43, 84, 38, 72, 81, 8, 2, 55, 62, 89, 25, 0]|[2, 1, 1, 2, 1, 2, 1, 1, 1, 1, 1, 0, 2, 2, 1, 2, 0, 0, 0, 2, 2, 1, 0, 2, 0, 2, 2, 1, 0, 1, 1, 1, 0, 0, 1, 0, 2, 1, 2, 2, 0, 0, 1, 1, 0, 2, 0, 2, 1, 0, 0, 2, 0, 0, 2, 0, 1, 0, 0, 0, 2, 1, 0, 2, 2, 0, 2, 2, 0, 1, 2, 1, 1, 2, 0, 1, 1, 1, 1, 2, 2, 1, 1, 2, 1, 1, 1, 0, 1, 0, 0, 1, 1, 1, 2, 0, 1, 1, 1, 0]|[1, 3, 2, 0, 4, 1, 4, 4, 2, 4, 3, 2, 1, 0, 2, 1, 1, 1, 2, 1, 1, 3, 0, 1, 0, 1, 1, 4, 1, 4, 3, 2, 2, 0, 4, 1, 1, 4, 0, 1, 2, 1, 4, 4, 1, 1, 0, 2, 3, 1, 2, 1, 2, 1, 1, 2, 4, 2, 0, 2, 2, 3, 1, 0, 1, 2, 0, 1, 2, 4, 1, 3, 4, 1, 2, 4, 3, 3, 3, 1, 1, 4, 3, 1, 3, 3, 4, 2, 4, 2, 2, 4, 1, 3, 1, 2, 3, 4, 4, 2]|[1, 2, 1, 0, 3, 0, 1, 3, 0, 0, 2, 0, 1, 0, 1, 0, 0, 0, 1, 0, 0, 2, 0, 0, 1, 0, 0, 3, 0, 1, 0, 2, 0, 1, 3, 0, 1, 3, 1, 0, 0, 0, 1, 3, 0, 0, 1, 0, 2, 0, 0, 0, 0, 0, 1, 0, 1, 0, 1, 1, 0, 2, 0, 0, 0, 0, 0, 0, 0, 2, 0, 0, 1, 0, 0, 1, 0, 0, 3, 0, 0, 1, 0, 0, 0, 0, 3, 0, 2, 0, 0, 2, 1, 0, 0, 0, 0, 1, 3, 0],836.569815134707,52504.092339752446,107095.57005228325,false
24,G2_TEC,G4_BALANCED,[31, 22, 82, 15, 26, 9, 95, 42, 77, 68, 47, 5, 93, 78, 86, 54, 85, 63, 18, 44, 20, 49, 36, 14, 74, 50, 53, 17, 21, 28, 71, 64, 3, 23, 30, 83, 24, 41, 60, 52, 65, 27, 90, 70, 39, 87, 48, 69, 99, 4, 46, 1, 13, 58, 97, 59, 45, 8, 73, 37, 35, 79, 11, 66, 76, 32, 40, 80, 96, 6, 16, 61, 33, 7, 57, 34, 12, 67, 10, 98, 56, 88, 29, 75, 91, 38, 19, 92, 43, 84, 62, 72, 81, 25, 94, 55, 0, 89, 2, 51]|[2, 1, 2, 1, 1, 2, 1, 1, 1, 2, 1, 0, 2, 2, 1, 2, 0, 0, 0, 2, 2, 1, 0, 2, 0, 2, 2, 1, 0, 1, 1, 1, 0, 0, 1, 0, 2, 1, 2, 2, 0, 0, 1, 1, 0, 2, 0, 2, 1, 0, 0, 2, 0, 0, 2, 0, 1, 1, 0, 0, 2, 1, 0, 2, 2, 0, 2, 2, 0, 1, 2, 1, 1, 2, 0, 1, 1, 1, 1, 2, 0, 1, 1, 0, 1, 0, 1, 0, 1, 0, 1, 1, 1, 1, 2, 0, 0, 1, 2, 1]|[0, 3, 0, 3, 4, 1, 4, 4, 2, 0, 3, 2, 1, 0, 2, 1, 1, 1, 2, 1, 1, 3, 0, 1, 0, 1, 1, 4, 1, 4, 3, 2, 2, 0, 4, 1, 1, 4, 0, 1, 2, 1, 4, 4, 1, 1, 0, 2, 3, 1, 2, 1, 2, 1, 1, 2, 4, 3, 0, 2, 2, 3, 1, 0, 1, 2, 0, 1, 2, 4, 1, 3, 4, 1, 2, 4, 3, 3, 3, 1, 2, 4, 3, 2, 3, 2, 4, 2, 4, 2, 3, 4, 4, 4, 1, 2, 2, 4, 1, 3]|[0, 2, 0, 0, 3, 0, 1, 3, 0, 0, 2, 0, 1, 0, 1, 0, 0, 0, 1, 0, 0, 2, 0, 0, 1, 0, 0, 3, 0, 1, 0, 2, 0, 1, 3, 0, 1, 3, 1, 0, 0, 0, 1, 3, 0, 0, 1, 0, 2, 0, 0, 0, 0, 0, 1, 0, 1, 0, 1, 1, 0, 2, 0, 0, 0, 0, 1, 0, 0, 2, 0, 0, 1, 0, 0, 1, 0, 0, 3, 0, 0, 1, 0, 0, 0, 1, 3, 0, 2, 0, 0, 2, 1, 3, 0, 0, 0, 1, 0, 0],877.434816408231,52482.06369012011,105055.25018021531,true
24,G3_TWC,G1_CMAX,[31, 22, 82, 15, 26, 9, 95, 42, 77, 12, 47, 5, 93, 86, 54, 6, 63, 18, 44, 20, 99, 43, 97, 91, 76, 10, 30, 21, 85, 45, 71, 64, 1, 23, 17, 83, 24, 14, 60, 36, 78, 57, 94, 65, 56, 79, 40, 67, 68, 46, 75, 38, 58, 19, 32, 81, 41, 27, 62, 87, 69, 35, 59, 88, 11, 16, 72, 73, 70, 39, 37, 84, 3, 92, 25, 55, 28, 29, 51, 7, 33, 61, 98, 89, 8, 53, 96, 80, 48, 50, 4, 34, 52, 66, 13, 2, 0, 90, 49, 74]|[1, 1, 0, 1, 1, 1, 1, 2, 2, 2, 2, 2, 2, 1, 0, 0, 1, 0, 2, 2, 0, 1, 2, 2, 0, 1, 2, 2, 0, 0, 1, 1, 1, 2, 1, 0, 2, 0, 1, 1, 1, 1, 1, 0, 2, 1, 1, 0, 0, 0, 0, 1, 1, 2, 1, 2, 0, 0, 0, 2, 1, 0, 1, 1, 2, 1, 2, 1, 1, 1, 1, 1, 2, 0, 1, 2, 0, 0, 0, 1, 2, 1, 2, 1, 0, 0, 2, 0, 0, 0, 1, 2, 1, 1, 0, 0, 0, 1, 0, 2]|[4, 3, 2, 2, 0, 0, 2, 1, 2, 1, 1, 1, 2, 4, 1, 1, 4, 2, 1, 1, 1, 1, 2, 2, 1, 2, 1, 1, 2, 1, 3, 3, 3, 0, 4, 0, 1, 1, 0, 3, 2, 2, 4, 1, 1, 0, 2, 0, 1, 2, 2, 1, 4, 0, 3, 2, 1, 1, 2, 1, 4, 1, 1, 0, 1, 3, 0, 4, 3, 1, 4, 1, 2, 0, 4, 1, 2, 1, 1, 1, 1, 3, 1, 1, 1, 2, 1, 1, 1, 1, 4, 1, 1, 1, 2, 2, 2, 3, 1, 1]|[0, 2, 1, 1, 3, 3, 1, 0, 0, 0, 0, 0, 1, 1, 0, 0, 3, 1, 0, 0, 0, 3, 1, 1, 0, 2, 0, 0, 0, 1, 0, 0, 0, 0, 3, 0, 1, 0, 0, 2, 1, 1, 2, 0, 0, 0, 1, 1, 0, 0, 0, 1, 3, 0, 0, 1, 0, 0, 1, 0, 2, 0, 1, 0, 0, 2, 1, 0, 0, 1, 1, 3, 1, 1, 3, 0, 1, 0, 0, 2, 0, 0, 0, 1, 0, 1, 0, 0, 0, 0, 0, 0, 1, 3, 0, 0, 0, 2, 1, 0],725.6706204660959,58561.53142733348,95788.50864560703,true
24,G1_CMAX,G1_CMAX,[31, 22, 82, 15, 26, 9, 42, 77, 12, 5, 47, 93, 78, 86, 54, 6, 63, 18, 44, 20, 35, 43, 97, 91, 76, 10, 30, 21, 45, 17, 23, 1, 71, 83, 24, 14, 60, 36, 85, 57, 40, 95, 88, 65, 56, 79, 94, 67, 68, 46, 75, 38, 58, 19, 32, 81, 41, 62, 87, 28, 90, 59, 11, 16, 72, 73, 69, 52, 37, 64, 84, 3, 25, 29, 55, 51, 7, 98, 61, 66, 99, 33, 89, 48, 50, 96, 53, 80, 4, 8, 27, 2, 39, 13, 0, 92, 49, 74, 34, 70]|[1, 1, 0, 1, 1, 1, 2, 2, 1, 2, 2, 1, 1, 1, 0, 0, 1, 0, 2, 2, 0, 1, 2, 2, 1, 2, 2, 0, 0, 1, 2, 1, 1, 0, 2, 0, 1, 1, 0, 1, 1, 1, 1, 0, 2, 1, 1, 0, 0, 0, 0, 1, 1, 2, 1, 2, 0, 0, 2, 0, 1, 2, 2, 1, 2, 1, 1, 1, 1, 1, 1, 2, 1, 0, 2, 0, 1, 2, 1, 0, 0, 2, 1, 0, 0, 2, 0, 0, 1, 1, 0, 0, 1, 0, 0, 0, 0, 2, 2, 1]|[0, 3, 1, 2, 0, 0, 1, 1, 4, 1, 1, 4, 4, 4, 2, 2, 4, 2, 1, 1, 1, 1, 2, 1, 2, 1, 1, 1, 1, 4, 0, 3, 3, 0, 1, 1, 0, 3, 2, 2, 2, 2, 0, 1, 1, 0, 4, 0, 1, 2, 2, 1, 4, 0, 3, 2, 1, 2, 1, 2, 3, 1, 1, 3, 0, 4, 4, 1, 4, 3, 1, 2, 4, 1, 1, 1, 1, 1, 3, 1, 1, 1, 1, 1, 1, 1, 2, 1, 4, 3, 2, 2, 1, 2, 2, 0, 1, 1, 1, 4]|[1, 1, 1, 1, 3, 3, 0, 0, 0, 0, 0, 2, 0, 1, 0, 0, 3, 1, 0, 0, 0, 3, 1, 0, 2, 0, 0, 0, 1, 3, 0, 0, 0, 0, 1, 0, 0, 2, 1, 1, 1, 1, 0, 0, 0, 0, 2, 1, 0, 0, 0, 1, 3, 0, 0, 1, 0, 1, 0, 1, 2, 0, 0, 2, 1, 0, 2, 1, 1, 0, 3, 1, 3, 0, 0, 0, 2, 0, 0, 0, 0, 0, 1, 0, 0, 0, 1, 0, 0, 2, 1, 0, 1, 0, 0, 1, 1, 0, 0, 2],733.3116759547878,58140.55643565909,96674.14109675489,false
24,G4_BALANCED,G4_BALANCED,[31, 11, 15, 82, 26, 9, 95, 32, 77, 68, 47, 5, 93, 78, 86, 54, 85, 63, 18, 44, 20, 49, 36, 14, 74, 50, 53, 17, 21, 45, 71, 64, 3, 23, 30, 83, 24, 41, 60, 52, 65, 27, 90, 70, 39, 87, 48, 69, 99, 4, 46, 1, 13, 58, 97, 59, 28, 75, 73, 37, 35, 79, 22, 66, 76, 42, 40, 80, 96, 6, 16, 61, 33, 7, 57, 34, 12, 67, 10, 98, 56, 88, 29, 94, 91, 51, 19, 92, 43, 84, 38, 72, 81, 8, 2, 55, 62, 89, 25, 0]|[2, 1, 1, 2, 1, 2, 1, 1, 1, 1, 1, 0, 2, 2, 1, 2, 0, 0, 0, 2, 2, 1, 0, 2, 0, 2, 2, 1, 0, 1, 1, 1, 0, 0, 1, 0, 2, 1, 2, 2, 0, 0, 1, 1, 0, 2, 0, 2, 1, 0, 0, 2, 0, 0, 2, 0, 1, 0, 0, 0, 2, 1, 0, 2, 2, 0, 2, 2, 0, 1, 2, 1, 1, 2, 0, 1, 1, 1, 1, 2, 2, 1, 1, 2, 1, 1, 1, 0, 1, 0, 0, 1, 1, 1, 2, 0, 1, 1, 1, 0]|[1, 3, 2, 0, 4, 1, 4, 4, 2, 4, 3, 2, 1, 0, 2, 1, 1, 1, 2, 1, 1, 3, 0, 1, 0, 1, 1, 4, 1, 4, 3, 2, 2, 0, 4, 1, 1, 4, 0, 1, 2, 1, 4, 4, 1, 1, 0, 2, 3, 1, 2, 1, 2, 1, 1, 2, 4, 2, 0, 2, 2, 3, 1, 0, 1, 2, 0, 1, 2, 4, 1, 3, 4, 1, 2, 4, 3, 3, 3, 1, 1, 4, 3, 1, 3, 3, 4, 2, 4, 2, 2, 4, 1, 3, 1, 2, 3, 4, 4, 2]|[1, 2, 1, 0, 3, 0, 1, 3, 0, 0, 2, 0, 1, 0, 1, 0, 0, 0, 1, 0, 0, 2, 0, 0, 1, 0, 0, 3, 0, 1, 0, 2, 0, 1, 3, 0, 1, 3, 1, 0, 0, 0, 1, 3, 0, 0, 1, 0, 2, 0, 0, 0, 0, 0, 1, 0, 1, 0, 1, 1, 0, 2, 0, 0, 0, 0, 0, 0, 0, 2, 0, 0, 1, 0, 0, 1, 0, 0, 3, 0, 0, 1, 0, 0, 0, 0, 3, 0, 2, 0, 0, 2, 1, 0, 0, 0, 0, 1, 3, 0],836.569815134707,52504.092339752446,107095.57005228325,false
24,G2_TEC,G2_TEC,[31, 22, 82, 15, 26, 9, 95, 42, 77, 68, 47, 5, 93, 78, 86, 54, 85, 63, 18, 44, 20, 49, 36, 14, 74, 50, 53, 17, 21, 28, 11, 64, 3, 23, 30, 83, 24, 41, 40, 52, 65, 27, 90, 70, 39, 87, 48, 69, 99, 4, 46, 1, 13, 58, 97, 59, 45, 8, 73, 37, 35, 79, 71, 66, 76, 32, 60, 80, 96, 6, 16, 61, 33, 7, 57, 34, 12, 67, 10, 98, 56, 88, 29, 75, 91, 38, 19, 92, 43, 84, 51, 72, 81, 25, 2, 55, 62, 89, 94, 0]|[2, 1, 2, 1, 1, 2, 1, 1, 1, 1, 1, 0, 2, 2, 1, 2, 0, 0, 0, 2, 2, 1, 0, 2, 0, 2, 2, 1, 0, 1, 1, 1, 0, 0, 1, 0, 2, 1, 2, 2, 0, 0, 1, 1, 0, 2, 0, 2, 1, 0, 0, 2, 0, 0, 2, 0, 1, 1, 0, 0, 2, 1, 1, 2, 2, 0, 2, 2, 0, 1, 2, 1, 1, 2, 0, 1, 1, 1, 1, 2, 2, 1, 1, 0, 1, 0, 1, 0, 1, 0, 1, 1, 1, 1, 2, 0, 1, 1, 2, 0]|[0, 3, 0, 3, 4, 1, 4, 4, 2, 4, 3, 2, 1, 0, 2, 1, 1, 1, 2, 1, 1, 3, 0, 1, 0, 1, 1, 4, 1, 4, 3, 2, 2, 0, 4, 1, 1, 4, 0, 1, 2, 1, 4, 4, 1, 1, 0, 2, 3, 2, 2, 1, 2, 1, 1, 2, 4, 3, 0, 2, 2, 3, 3, 0, 1, 2, 0, 1, 2, 4, 1, 3, 4, 1, 2, 4, 3, 3, 3, 1, 1, 4, 3, 2, 3, 2, 4, 2, 4, 2, 3, 4, 4, 4, 1, 2, 3, 4, 1, 2]|[0, 2, 0, 0, 3, 0, 1, 3, 0, 0, 2, 0, 1, 0, 1, 0, 0, 0, 1, 0, 0, 2, 0, 0, 1, 0, 0, 3, 0, 1, 0, 2, 0, 0, 3, 0, 1, 3, 0, 0, 0, 0, 1, 3, 0, 0, 1, 0, 2, 0, 0, 0, 0, 0, 1, 0, 1, 0, 1, 1, 0, 2, 0, 0, 0, 0, 0, 0, 0, 2, 0, 0, 1, 0, 0, 1, 0, 0, 3, 0, 0, 1, 0, 0, 0, 0, 1, 0, 2, 0, 0, 2, 1, 3, 0, 0, 0, 1, 0, 0],896.1029292898813,50428.13444364295,114595.46915086164,false
24,G3_TWC,G1_CMAX,[31, 22, 82, 15, 26, 9, 42, 95, 77, 12, 47, 5, 93, 78, 86, 54, 85, 63, 18, 44, 20, 35, 43, 97, 91, 76, 10, 30, 21, 45, 71, 64, 1, 23, 17, 83, 24, 14, 60, 36, 6, 57, 94, 88, 65, 56, 79, 40, 67, 68, 46, 75, 38, 58, 19, 32, 81, 41, 27, 62, 87, 90, 99, 59, 11, 16, 72, 73, 70, 39, 37, 84, 3, 92, 25, 55, 28, 29, 51, 7, 33, 61, 98, 66, 89, 50, 8, 96, 53, 4, 80, 13, 34, 49, 52, 0, 48, 69, 2, 74]|[1, 1, 0, 1, 1, 1, 2, 1, 2, 1, 2, 2, 2, 1, 1, 0, 0, 1, 0, 2, 2, 0, 1, 2, 0, 1, 2, 2, 0, 0, 1, 2, 1, 2, 1, 0, 2, 0, 1, 1, 0, 1, 1, 1, 0, 2, 1, 1, 0, 0, 0, 0, 1, 1, 2, 1, 2, 0, 0, 0, 2, 1, 0, 1, 2, 1, 2, 1, 1, 1, 1, 1, 1, 0, 1, 1, 0, 0, 0, 1, 2, 1, 0, 2, 1, 0, 1, 0, 0, 0, 0, 0, 2, 0, 1, 0, 0, 1, 0, 2]|[4, 3, 2, 2, 0, 0, 2, 2, 2, 4, 1, 1, 2, 4, 4, 1, 2, 4, 2, 1, 1, 1, 1, 2, 1, 2, 1, 1, 1, 1, 3, 2, 3, 0, 4, 0, 1, 1, 0, 3, 2, 2, 4, 0, 1, 1, 0, 2, 0, 1, 2, 2, 1, 4, 0, 3, 2, 1, 1, 2, 1, 3, 1, 1, 1, 3, 0, 4, 3, 1, 4, 1, 1, 0, 4, 4, 2, 1, 1, 3, 1, 3, 1, 1, 1, 1, 3, 1, 2, 2, 1, 1, 1, 1, 1, 2, 2, 3, 2, 1]|[0, 2, 1, 1, 3, 3, 0, 1, 0, 0, 0, 0, 1, 0, 1, 0, 0, 3, 1, 0, 0, 0, 3, 1, 0, 2, 0, 0, 0, 1, 0, 0, 0, 0, 3, 0, 1, 0, 0, 2, 1, 1, 2, 0, 0, 0, 0, 1, 1, 0, 0, 0, 1, 3, 0, 0, 1, 0, 0, 1, 0, 2, 0, 1, 0, 2, 1, 0, 0, 1, 1, 3, 1, 1, 3, 3, 1, 0, 0, 2, 0, 0, 0, 0, 1, 0, 2, 0, 1, 1, 0, 0, 0, 1, 1, 0, 0, 0, 0, 0],800.9728923351585,58117.763115372225,90558.04465999853,true
24,G1_CMAX,G1_CMAX,[31, 22, 82, 15, 26, 9, 42, 77, 12, 5, 47, 93, 78, 86, 54, 6, 63, 18, 44, 20, 35, 43, 97, 91, 76, 10, 30, 21, 45, 17, 23, 1, 71, 83, 24, 14, 60, 36, 85, 57, 40, 95, 88, 65, 56, 79, 94, 67, 68, 46, 75, 38, 58, 19, 32, 81, 41, 62, 87, 28, 90, 59, 11, 16, 72, 73, 69, 52, 37, 64, 84, 3, 25, 29, 55, 51, 7, 98, 61, 66, 99, 33, 89, 48, 50, 96, 53, 80, 4, 8, 27, 2, 39, 13, 0, 92, 49, 74, 34, 70]|[1, 1, 0, 1, 1, 1, 2, 2, 1, 2, 2, 1, 1, 1, 0, 0, 1, 0, 2, 2, 0, 1, 2, 2, 1, 2, 2, 0, 0, 1, 2, 1, 1, 0, 2, 0, 1, 1, 0, 1, 1, 1, 1, 0, 2, 1, 1, 0, 0, 0, 0, 1, 1, 2, 1, 2, 0, 0, 2, 0, 1, 2, 2, 1, 2, 1, 1, 1, 1, 1, 1, 2, 1, 0, 2, 0, 1, 2, 1, 0, 0, 2, 1, 0, 0, 2, 0, 0, 1, 1, 0, 0, 1, 0, 0, 0, 0, 2, 2, 1]|[0, 3, 1, 2, 0, 0, 1, 1, 4, 1, 1, 4, 4, 4, 2, 2, 4, 2, 1, 1, 1, 1, 2, 1, 2, 1, 1, 1, 1, 4, 0, 3, 3, 0, 1, 1, 0, 3, 2, 2, 2, 2, 0, 1, 1, 0, 4, 0, 1, 2, 2, 1, 4, 0, 3, 2, 1, 2, 1, 2, 3, 1, 1, 3, 0, 4, 4, 1, 4, 3, 1, 2, 4, 1, 1, 1, 1, 1, 3, 1, 1, 1, 1, 1, 1, 1, 2, 1, 4, 3, 2, 2, 1, 2, 2, 0, 1, 1, 1, 4]|[1, 1, 1, 1, 3, 3, 0, 0, 0, 0, 0, 2, 0, 1, 0, 0, 3, 1, 0, 0, 0, 3, 1, 0, 2, 0, 0, 0, 1, 3, 0, 0, 0, 0, 1, 0, 0, 2, 1, 1, 1, 1, 0, 0, 0, 0, 2, 1, 0, 0, 0, 1, 3, 0, 0, 1, 0, 1, 0, 1, 2, 0, 0, 2, 1, 0, 2, 1, 1, 0, 3, 1, 3, 0, 0, 0, 2, 0, 0, 0, 0, 0, 1, 0, 0, 0, 1, 0, 0, 2, 1, 0, 1, 0, 0, 1, 1, 0, 0, 2],733.3116759547878,58140.55643565909,96674.14109675489,false
24,G4_BALANCED,G4_BALANCED,[31, 11, 15, 82, 26, 9, 95, 32, 77, 68, 47, 5, 93, 78, 86, 54, 85, 63, 18, 44, 20, 49, 36, 14, 74, 50, 53, 17, 21, 45, 71, 64, 3, 23, 30, 83, 24, 41, 60, 52, 65, 27, 90, 70, 39, 87, 48, 69, 99, 4, 46, 1, 13, 58, 97, 59, 28, 75, 73, 37, 35, 79, 22, 66, 76, 42, 40, 80, 96, 6, 16, 61, 33, 7, 57, 34, 12, 67, 10, 98, 56, 88, 29, 94, 91, 51, 19, 92, 43, 84, 38, 72, 81, 8, 2, 55, 62, 89, 25, 0]|[2, 1, 1, 2, 1, 2, 1, 1, 1, 1, 1, 0, 2, 2, 1, 2, 0, 0, 0, 2, 2, 1, 0, 2, 0, 2, 2, 1, 0, 1, 1, 1, 0, 0, 1, 0, 2, 1, 2, 2, 0, 0, 1, 1, 0, 2, 0, 2, 1, 0, 0, 2, 0, 0, 2, 0, 1, 0, 0, 0, 2, 1, 0, 2, 2, 0, 2, 2, 0, 1, 2, 1, 1, 2, 0, 1, 1, 1, 1, 2, 2, 1, 1, 2, 1, 1, 1, 0, 1, 0, 0, 1, 1, 1, 2, 0, 1, 1, 1, 0]|[1, 3, 2, 0, 4, 1, 4, 4, 2, 4, 3, 2, 1, 0, 2, 1, 1, 1, 2, 1, 1, 3, 0, 1, 0, 1, 1, 4, 1, 4, 3, 2, 2, 0, 4, 1, 1, 4, 0, 1, 2, 1, 4, 4, 1, 1, 0, 2, 3, 1, 2, 1, 2, 1, 1, 2, 4, 2, 0, 2, 2, 3, 1, 0, 1, 2, 0, 1, 2, 4, 1, 3, 4, 1, 2, 4, 3, 3, 3, 1, 1, 4, 3, 1, 3, 3, 4, 2, 4, 2, 2, 4, 1, 3, 1, 2, 3, 4, 4, 2]|[1, 2, 1, 0, 3, 0, 1, 3, 0, 0, 2, 0, 1, 0, 1, 0, 0, 0, 1, 0, 0, 2, 0, 0, 1, 0, 0, 3, 0, 1, 0, 2, 0, 1, 3, 0, 1, 3, 1, 0, 0, 0, 1, 3, 0, 0, 1, 0, 2, 0, 0, 0, 0, 0, 1, 0, 1, 0, 1, 1, 0, 2, 0, 0, 0, 0, 0, 0, 0, 2, 0, 0, 1, 0, 0, 1, 0, 0, 3, 0, 0, 1, 0, 0, 0, 0, 3, 0, 2, 0, 0, 2, 1, 0, 0, 0, 0, 1, 3, 0],836.569815134707,52504.092339752446,107095.57005228325,false
24,G2_TEC,G2_TEC,[31, 22, 82, 15, 26, 9, 95, 42, 77, 68, 47, 5, 93, 78, 86, 54, 85, 63, 18, 44, 20, 49, 36, 14, 74, 50, 53, 17, 21, 28, 11, 64, 3, 23, 30, 83, 24, 41, 40, 52, 65, 27, 90, 70, 39, 87, 48, 69, 99, 4, 46, 1, 13, 58, 97, 59, 45, 8, 73, 37, 35, 79, 71, 66, 76, 32, 60, 80, 96, 6, 16, 61, 33, 7, 57, 34, 12, 67, 10, 98, 56, 88, 29, 75, 91, 38, 19, 92, 43, 84, 51, 72, 81, 25, 2, 55, 62, 89, 94, 0]|[2, 1, 2, 1, 1, 2, 1, 1, 1, 1, 1, 0, 2, 2, 1, 2, 0, 0, 0, 2, 2, 1, 0, 2, 0, 2, 2, 1, 0, 1, 1, 1, 0, 0, 1, 0, 2, 1, 2, 2, 0, 0, 1, 1, 0, 2, 0, 2, 1, 0, 0, 2, 0, 0, 2, 0, 1, 1, 0, 0, 2, 1, 1, 2, 2, 0, 2, 2, 0, 1, 2, 1, 1, 2, 0, 1, 1, 1, 1, 2, 2, 1, 1, 0, 1, 0, 1, 0, 1, 0, 1, 1, 1, 1, 2, 0, 1, 1, 2, 0]|[0, 3, 0, 3, 4, 1, 4, 4, 2, 4, 3, 2, 1, 0, 2, 1, 1, 1, 2, 1, 1, 3, 0, 1, 0, 1, 1, 4, 1, 4, 3, 2, 2, 0, 4, 1, 1, 4, 0, 1, 2, 1, 4, 4, 1, 1, 0, 2, 3, 2, 2, 1, 2, 1, 1, 2, 4, 3, 0, 2, 2, 3, 3, 0, 1, 2, 0, 1, 2, 4, 1, 3, 4, 1, 2, 4, 3, 3, 3, 1, 1, 4, 3, 2, 3, 2, 4, 2, 4, 2, 3, 4, 4, 4, 1, 2, 3, 4, 1, 2]|[0, 2, 0, 0, 3, 0, 1, 3, 0, 0, 2, 0, 1, 0, 1, 0, 0, 0, 1, 0, 0, 2, 0, 0, 1, 0, 0, 3, 0, 1, 0, 2, 0, 0, 3, 0, 1, 3, 0, 0, 0, 0, 1, 3, 0, 0, 1, 0, 2, 0, 0, 0, 0, 0, 1, 0, 1, 0, 1, 1, 0, 2, 0, 0, 0, 0, 0, 0, 0, 2, 0, 0, 1, 0, 0, 1, 0, 0, 3, 0, 0, 1, 0, 0, 0, 0, 1, 0, 2, 0, 0, 2, 1, 3, 0, 0, 0, 1, 0, 0],896.1029292898813,50428.13444364295,114595.46915086164,false
24,G3_TWC,G1_CMAX,[31, 22, 82, 15, 26, 9, 42, 95, 77, 12, 47, 5, 93, 78, 86, 54, 85, 63, 18, 44, 20, 35, 43, 97, 91, 76, 10, 30, 21, 45, 71, 64, 1, 23, 17, 83, 24, 14, 60, 36, 6, 57, 94, 88, 65, 56, 79, 40, 67, 68, 46, 75, 38, 58, 19, 32, 81, 41, 27, 62, 87, 90, 99, 59, 11, 16, 72, 73, 70, 39, 37, 84, 3, 92, 25, 55, 28, 29, 51, 7, 33, 61, 98, 66, 89, 50, 8, 96, 53, 4, 80, 13, 34, 49, 52, 0, 48, 69, 2, 74]|[1, 1, 0, 1, 1, 1, 2, 1, 2, 1, 2, 2, 2, 1, 1, 0, 0, 1, 0, 2, 2, 0, 1, 2, 0, 1, 2, 2, 0, 0, 1, 2, 1, 2, 1, 0, 2, 0, 1, 1, 0, 1, 1, 1, 0, 2, 1, 1, 0, 0, 0, 0, 1, 1, 2, 1, 2, 0, 0, 0, 2, 1, 0, 1, 2, 1, 2, 1, 1, 1, 1, 1, 1, 0, 1, 1, 0, 0, 0, 1, 2, 1, 0, 2, 1, 0, 1, 0, 0, 0, 0, 0, 2, 0, 1, 0, 0, 1, 0, 2]|[4, 3, 2, 2, 0, 0, 2, 2, 2, 4, 1, 1, 2, 4, 4, 1, 2, 4, 2, 1, 1, 1, 1, 2, 1, 2, 1, 1, 1, 1, 3, 2, 3, 0, 4, 0, 1, 1, 0, 3, 2, 2, 4, 0, 1, 1, 0, 2, 0, 1, 2, 2, 1, 4, 0, 3, 2, 1, 1, 2, 1, 3, 1, 1, 1, 3, 0, 4, 3, 1, 4, 1, 1, 0, 4, 4, 2, 1, 1, 3, 1, 3, 1, 1, 1, 1, 3, 1, 2, 2, 1, 1, 1, 1, 1, 2, 2, 3, 2, 1]|[0, 2, 1, 1, 3, 3, 0, 1, 0, 0, 0, 0, 1, 0, 1, 0, 0, 3, 1, 0, 0, 0, 3, 1, 0, 2, 0, 0, 0, 1, 0, 0, 0, 0, 3, 0, 1, 0, 0, 2, 1, 1, 2, 0, 0, 0, 0, 1, 1, 0, 0, 0, 1, 3, 0, 0, 1, 0, 0, 1, 0, 2, 0, 1, 0, 2, 1, 0, 0, 1, 1, 3, 1, 1, 3, 3, 1, 0, 0, 2, 0, 0, 0, 0, 1, 0, 2, 0, 1, 1, 0, 0, 0, 1, 1, 0, 0, 0, 0, 0],800.9728923351585,58117.763115372225,90558.04465999853,true
24,G1_CMAX,G1_CMAX,[31, 22, 82, 15, 26, 9, 42, 77, 12, 5, 47, 93, 78, 86, 54, 6, 63, 18, 44, 20, 35, 43, 97, 91, 76, 10, 30, 21, 45, 17, 23, 1, 71, 83, 24, 14, 60, 36, 85, 57, 40, 95, 88, 65, 56, 79, 94, 67, 68, 46, 75, 38, 58, 19, 32, 81, 41, 62, 87, 28, 90, 59, 11, 16, 72, 73, 69, 52, 37, 64, 84, 3, 25, 29, 55, 51, 7, 98, 61, 66, 99, 33, 89, 48, 50, 96, 53, 80, 4, 8, 27, 2, 39, 13, 0, 92, 49, 74, 34, 70]|[1, 1, 0, 1, 1, 1, 2, 2, 1, 2, 2, 1, 1, 1, 0, 0, 1, 0, 2, 2, 0, 1, 2, 2, 1, 2, 2, 0, 0, 1, 2, 1, 1, 0, 2, 0, 1, 1, 0, 1, 1, 1, 1, 0, 2, 1, 1, 0, 0, 0, 0, 1, 1, 2, 1, 2, 0, 0, 2, 0, 1, 2, 2, 1, 2, 1, 1, 1, 1, 1, 1, 2, 1, 0, 2, 0, 1, 2, 1, 0, 0, 2, 1, 0, 0, 2, 0, 0, 1, 1, 0, 0, 1, 0, 0, 0, 0, 2, 2, 1]|[0, 3, 1, 2, 0, 0, 1, 1, 4, 1, 1, 4, 4, 4, 2, 2, 4, 2, 1, 1, 1, 1, 2, 1, 2, 1, 1, 1, 1, 4, 0, 3, 3, 0, 1, 1, 0, 3, 2, 2, 2, 2, 0, 1, 1, 0, 4, 0, 1, 2, 2, 1, 4, 0, 3, 2, 1, 2, 1, 2, 3, 1, 1, 3, 0, 4, 4, 1, 4, 3, 1, 2, 4, 1, 1, 1, 1, 1, 3, 1, 1, 1, 1, 1, 1, 1, 2, 1, 4, 3, 2, 2, 1, 2, 2, 0, 1, 1, 1, 4]|[1, 1, 1, 1, 3, 3, 0, 0, 0, 0, 0, 2, 0, 1, 0, 0, 3, 1, 0, 0, 0, 3, 1, 0, 2, 0, 0, 0, 1, 3, 0, 0, 0, 0, 1, 0, 0, 2, 1, 1, 1, 1, 0, 0, 0, 0, 2, 1, 0, 0, 0, 1, 3, 0, 0, 1, 0, 1, 0, 1, 2, 0, 0, 2, 1, 0, 2, 1, 1, 0, 3, 1, 3, 0, 0, 0, 2, 0, 0, 0, 0, 0, 1, 0, 0, 0, 1, 0, 0, 2, 1, 0, 1, 0, 0, 1, 1, 0, 0, 2],733.3116759547878,58140.55643565909,96674.14109675489,false
24,G4_BALANCED,G4_BALANCED,[31, 11, 15, 82, 26, 9, 95, 32, 77, 68, 47, 5, 93, 78, 86, 54, 85, 63, 18, 44, 20, 49, 36, 14, 74, 50, 53, 17, 21, 45, 71, 64, 3, 23, 30, 83, 24, 41, 60, 52, 65, 27, 90, 70, 39, 87, 48, 69, 99, 4, 46, 1, 13, 58, 97, 59, 28, 75, 73, 37, 35, 79, 22, 66, 76, 42, 40, 80, 96, 6, 16, 61, 33, 7, 57, 34, 12, 67, 10, 98, 56, 88, 29, 94, 91, 51, 19, 92, 43, 84, 38, 72, 81, 8, 2, 55, 62, 89, 25, 0]|[2, 1, 1, 2, 1, 2, 1, 1, 1, 1, 1, 0, 2, 2, 1, 2, 0, 0, 0, 2, 2, 1, 0, 2, 0, 2, 2, 1, 0, 1, 1, 1, 0, 0, 1, 0, 2, 1, 2, 2, 0, 0, 1, 1, 0, 2, 0, 2, 1, 0, 0, 2, 0, 0, 2, 0, 1, 0, 0, 0, 2, 1, 0, 2, 2, 0, 2, 2, 0, 1, 2, 1, 1, 2, 0, 1, 1, 1, 1, 2, 2, 1, 1, 2, 1, 1, 1, 0, 1, 0, 0, 1, 1, 1, 2, 0, 1, 1, 1, 0]|[1, 3, 2, 0, 4, 1, 4, 4, 2, 4, 3, 2, 1, 0, 2, 1, 1, 1, 2, 1, 1, 3, 0, 1, 0, 1, 1, 4, 1, 4, 3, 2, 2, 0, 4, 1, 1, 4, 0, 1, 2, 1, 4, 4, 1, 1, 0, 2, 3, 1, 2, 1, 2, 1, 1, 2, 4, 2, 0, 2, 2, 3, 1, 0, 1, 2, 0, 1, 2, 4, 1, 3, 4, 1, 2, 4, 3, 3, 3, 1, 1, 4, 3, 1, 3, 3, 4, 2, 4, 2, 2, 4, 1, 3, 1, 2, 3, 4, 4, 2]|[1, 2, 1, 0, 3, 0, 1, 3, 0, 0, 2, 0, 1, 0, 1, 0, 0, 0, 1, 0, 0, 2, 0, 0, 1, 0, 0, 3, 0, 1, 0, 2, 0, 1, 3, 0, 1, 3, 1, 0, 0, 0, 1, 3, 0, 0, 1, 0, 2, 0, 0, 0, 0, 0, 1, 0, 1, 0, 1, 1, 0, 2, 0, 0, 0, 0, 0, 0, 0, 2, 0, 0, 1, 0, 0, 1, 0, 0, 3, 0, 0, 1, 0, 0, 0, 0, 3, 0, 2, 0, 0, 2, 1, 0, 0, 0, 0, 1, 3, 0],836.569815134707,52504.092339752446,107095.57005228325,false
24,G2_TEC,G2_TEC,[31, 22, 82, 15, 26, 9, 95, 42, 77, 68, 47, 5, 93, 78, 86, 54, 85, 63, 18, 44, 20, 49, 36, 14, 74, 50, 53, 17, 21, 28, 11, 64, 3, 23, 30, 83, 24, 41, 40, 52, 65, 27, 90, 70, 39, 87, 48, 69, 99, 4, 46, 1, 13, 58, 97, 59, 45, 8, 73, 37, 35, 79, 71, 66, 76, 32, 60, 80, 96, 6, 16, 61, 33, 7, 57, 34, 12, 67, 10, 98, 56, 88, 29, 75, 91, 38, 19, 92, 43, 84, 51, 72, 81, 25, 2, 55, 62, 89, 94, 0]|[2, 1, 2, 1, 1, 2, 1, 1, 1, 1, 1, 0, 2, 2, 1, 2, 0, 0, 0, 2, 2, 1, 0, 2, 0, 2, 2, 1, 0, 1, 1, 1, 0, 0, 1, 0, 2, 1, 2, 2, 0, 0, 1, 1, 0, 2, 0, 2, 1, 0, 0, 2, 0, 0, 2, 0, 1, 1, 0, 0, 2, 1, 1, 2, 2, 0, 2, 2, 0, 1, 2, 1, 1, 2, 0, 1, 1, 1, 1, 2, 2, 1, 1, 0, 1, 0, 1, 0, 1, 0, 1, 1, 1, 1, 2, 0, 1, 1, 2, 0]|[0, 3, 0, 3, 4, 1, 4, 4, 2, 4, 3, 2, 1, 0, 2, 1, 1, 1, 2, 1, 1, 3, 0, 1, 0, 1, 1, 4, 1, 4, 3, 2, 2, 0, 4, 1, 1, 4, 0, 1, 2, 1, 4, 4, 1, 1, 0, 2, 3, 2, 2, 1, 2, 1, 1, 2, 4, 3, 0, 2, 2, 3, 3, 0, 1, 2, 0, 1, 2, 4, 1, 3, 4, 1, 2, 4, 3, 3, 3, 1, 1, 4, 3, 2, 3, 2, 4, 2, 4, 2, 3, 4, 4, 4, 1, 2, 3, 4, 1, 2]|[0, 2, 0, 0, 3, 0, 1, 3, 0, 0, 2, 0, 1, 0, 1, 0, 0, 0, 1, 0, 0, 2, 0, 0, 1, 0, 0, 3, 0, 1, 0, 2, 0, 0, 3, 0, 1, 3, 0, 0, 0, 0, 1, 3, 0, 0, 1, 0, 2, 0, 0, 0, 0, 0, 1, 0, 1, 0, 1, 1, 0, 2, 0, 0, 0, 0, 0, 0, 0, 2, 0, 0, 1, 0, 0, 1, 0, 0, 3, 0, 0, 1, 0, 0, 0, 0, 1, 0, 2, 0, 0, 2, 1, 3, 0, 0, 0, 1, 0, 0],896.1029292898813,50428.13444364295,114595.46915086164,false
24,G3_TWC,G1_CMAX,[31, 22, 82, 15, 26, 9, 42, 95, 77, 12, 47, 5, 93, 78, 86, 54, 85, 63, 18, 44, 20, 35, 43, 97, 91, 76, 10, 30, 21, 45, 71, 64, 1, 23, 17, 83, 24, 14, 60, 36, 6, 57, 94, 88, 65, 56, 79, 40, 67, 68, 46, 75, 38, 58, 19, 32, 81, 41, 27, 62, 87, 90, 99, 59, 11, 16, 72, 73, 70, 39, 37, 84, 3, 92, 25, 55, 28, 29, 51, 7, 33, 61, 98, 66, 89, 50, 8, 96, 53, 4, 80, 13, 34, 49, 52, 0, 48, 69, 2, 74]|[1, 1, 0, 1, 1, 1, 2, 1, 2, 1, 2, 2, 2, 1, 1, 0, 0, 1, 0, 2, 2, 0, 1, 2, 0, 1, 2, 2, 0, 0, 1, 2, 1, 2, 1, 0, 2, 0, 1, 1, 0, 1, 1, 1, 0, 2, 1, 1, 0, 0, 0, 0, 1, 1, 2, 1, 2, 0, 0, 0, 2, 1, 0, 1, 2, 1, 2, 1, 1, 1, 1, 1, 1, 0, 1, 1, 0, 0, 0, 1, 2, 1, 0, 2, 1, 0, 1, 0, 0, 0, 0, 0, 2, 0, 1, 0, 0, 1, 0, 2]|[4, 3, 2, 2, 0, 0, 2, 2, 2, 4, 1, 1, 2, 4, 4, 1, 2, 4, 2, 1, 1, 1, 1, 2, 1, 2, 1, 1, 1, 1, 3, 2, 3, 0, 4, 0, 1, 1, 0, 3, 2, 2, 4, 0, 1, 1, 0, 2, 0, 1, 2, 2, 1, 4, 0, 3, 2, 1, 1, 2, 1, 3, 1, 1, 1, 3, 0, 4, 3, 1, 4, 1, 1, 0, 4, 4, 2, 1, 1, 3, 1, 3, 1, 1, 1, 1, 3, 1, 2, 2, 1, 1, 1, 1, 1, 2, 2, 3, 2, 1]|[0, 2, 1, 1, 3, 3, 0, 1, 0, 0, 0, 0, 1, 0, 1, 0, 0, 3, 1, 0, 0, 0, 3, 1, 0, 2, 0, 0, 0, 1, 0, 0, 0, 0, 3, 0, 1, 0, 0, 2, 1, 1, 2, 0, 0, 0, 0, 1, 1, 0, 0, 0, 1, 3, 0, 0, 1, 0, 0, 1, 0, 2, 0, 1, 0, 2, 1, 0, 0, 1, 1, 3, 1, 1, 3, 3, 1, 0, 0, 2, 0, 0, 0, 0, 1, 0, 2, 0, 1, 1, 0, 0, 0, 1, 1, 0, 0, 0, 0, 0],800.9728923351585,58117.763115372225,90558.04465999853,true
24,G1_CMAX,G1_CMAX,[31, 22, 82, 15, 26, 9, 42, 77, 12, 5, 47, 93, 78, 86, 54, 6, 63, 18, 44, 20, 35, 43, 97, 91, 76, 10, 30, 21, 45, 17, 23, 1, 71, 83, 24, 14, 60, 36, 85, 57, 40, 95, 88, 65, 56, 79, 94, 67, 68, 46, 75, 38, 58, 19, 32, 81, 41, 62, 87, 28, 90, 59, 11, 16, 72, 73, 69, 52, 37, 64, 84, 3, 25, 29, 55, 51, 7, 98, 61, 66, 99, 33, 89, 48, 50, 96, 53, 80, 4, 8, 27, 2, 39, 13, 0, 92, 49, 74, 34, 70]|[1, 1, 0, 1, 1, 1, 2, 2, 1, 2, 2, 1, 1, 1, 0, 0, 1, 0, 2, 2, 0, 1, 2, 2, 1, 2, 2, 0, 0, 1, 2, 1, 1, 0, 2, 0, 1, 1, 0, 1, 1, 1, 1, 0, 2, 1, 1, 0, 0, 0, 0, 1, 1, 2, 1, 2, 0, 0, 2, 0, 1, 2, 2, 1, 2, 1, 1, 1, 1, 1, 1, 2, 1, 0, 2, 0, 1, 2, 1, 0, 0, 2, 1, 0, 0, 2, 0, 0, 1, 1, 0, 0, 1, 0, 0, 0, 0, 2, 2, 1]|[0, 3, 1, 2, 0, 0, 1, 1, 4, 1, 1, 4, 4, 4, 2, 2, 4, 2, 1, 1, 1, 1, 2, 1, 2, 1, 1, 1, 1, 4, 0, 3, 3, 0, 1, 1, 0, 3, 2, 2, 2, 2, 0, 1, 1, 0, 4, 0, 1, 2, 2, 1, 4, 0, 3, 2, 1, 2, 1, 2, 3, 1, 1, 3, 0, 4, 4, 1, 4, 3, 1, 2, 4, 1, 1, 1, 1, 1, 3, 1, 1, 1, 1, 1, 1, 1, 2, 1, 4, 3, 2, 2, 1, 2, 2, 0, 1, 1, 1, 4]|[1, 1, 1, 1, 3, 3, 0, 0, 0, 0, 0, 2, 0, 1, 0, 0, 3, 1, 0, 0, 0, 3, 1, 0, 2, 0, 0, 0, 1, 3, 0, 0, 0, 0, 1, 0, 0, 2, 1, 1, 1, 1, 0, 0, 0, 0, 2, 1, 0, 0, 0, 1, 3, 0, 0, 1, 0, 1, 0, 1, 2, 0, 0, 2, 1, 0, 2, 1, 1, 0, 3, 1, 3, 0, 0, 0, 2, 0, 0, 0, 0, 0, 1, 0, 0, 0, 1, 0, 0, 2, 1, 0, 1, 0, 0, 1, 1, 0, 0, 2],733.3116759547878,58140.55643565909,96674.14109675489,false
24,G4_BALANCED,G4_BALANCED,[31, 11, 15, 82, 26, 9, 95, 32, 77, 68, 47, 5, 93, 78, 86, 54, 85, 63, 18, 44, 20, 49, 36, 14, 74, 50, 53, 17, 21, 45, 71, 64, 3, 23, 30, 83, 24, 41, 60, 52, 65, 27, 90, 70, 39, 87, 48, 69, 99, 4, 46, 1, 13, 58, 97, 59, 28, 75, 73, 37, 35, 79, 22, 66, 76, 42, 40, 80, 96, 6, 16, 61, 33, 7, 57, 34, 12, 67, 10, 98, 56, 88, 29, 94, 91, 51, 19, 92, 43, 84, 38, 72, 81, 8, 2, 55, 62, 89, 25, 0]|[2, 1, 1, 2, 1, 2, 1, 1, 1, 1, 1, 0, 2, 2, 1, 2, 0, 0, 0, 2, 2, 1, 0, 2, 0, 2, 2, 1, 0, 1, 1, 1, 0, 0, 1, 0, 2, 1, 2, 2, 0, 0, 1, 1, 0, 2, 0, 2, 1, 0, 0, 2, 0, 0, 2, 0, 1, 0, 0, 0, 2, 1, 0, 2, 2, 0, 2, 2, 0, 1, 2, 1, 1, 2, 0, 1, 1, 1, 1, 2, 2, 1, 1, 2, 1, 1, 1, 0, 1, 0, 0, 1, 1, 1, 2, 0, 1, 1, 1, 0]|[1, 3, 2, 0, 4, 1, 4, 4, 2, 4, 3, 2, 1, 0, 2, 1, 1, 1, 2, 1, 1, 3, 0, 1, 0, 1, 1, 4, 1, 4, 3, 2, 2, 0, 4, 1, 1, 4, 0, 1, 2, 1, 4, 4, 1, 1, 0, 2, 3, 1, 2, 1, 2, 1, 1, 2, 4, 2, 0, 2, 2, 3, 1, 0, 1, 2, 0, 1, 2, 4, 1, 3, 4, 1, 2, 4, 3, 3, 3, 1, 1, 4, 3, 1, 3, 3, 4, 2, 4, 2, 2, 4, 1, 3, 1, 2, 3, 4, 4, 2]|[1, 2, 1, 0, 3, 0, 1, 3, 0, 0, 2, 0, 1, 0, 1, 0, 0, 0, 1, 0, 0, 2, 0, 0, 1, 0, 0, 3, 0, 1, 0, 2, 0, 1, 3, 0, 1, 3, 1, 0, 0, 0, 1, 3, 0, 0, 1, 0, 2, 0, 0, 0, 0, 0, 1, 0, 1, 0, 1, 1, 0, 2, 0, 0, 0, 0, 0, 0, 0, 2, 0, 0, 1, 0, 0, 1, 0, 0, 3, 0, 0, 1, 0, 0, 0, 0, 3, 0, 2, 0, 0, 2, 1, 0, 0, 0, 0, 1, 3, 0],836.569815134707,52504.092339752446,107095.57005228325,false
24,G2_TEC,G2_TEC,[31, 22, 82, 15, 26, 9, 95, 42, 77, 68, 47, 5, 93, 78, 86, 54, 85, 63, 18, 44, 20, 49, 36, 14, 74, 50, 53, 17, 21, 28, 11, 64, 3, 23, 30, 83, 24, 41, 40, 52, 65, 27, 90, 70, 39, 87, 48, 69, 99, 4, 46, 1, 13, 58, 97, 59, 45, 8, 73, 37, 35, 79, 71, 66, 76, 32, 60, 80, 96, 6, 16, 61, 33, 7, 57, 34, 12, 67, 10, 98, 56, 88, 29, 75, 91, 38, 19, 92, 43, 84, 51, 72, 81, 25, 2, 55, 62, 89, 94, 0]|[2, 1, 2, 1, 1, 2, 1, 1, 1, 1, 1, 0, 2, 2, 1, 2, 0, 0, 0, 2, 2, 1, 0, 2, 0, 2, 2, 1, 0, 1, 1, 1, 0, 0, 1, 0, 2, 1, 2, 2, 0, 0, 1, 1, 0, 2, 0, 2, 1, 0, 0, 2, 0, 0, 2, 0, 1, 1, 0, 0, 2, 1, 1, 2, 2, 0, 2, 2, 0, 1, 2, 1, 1, 2, 0, 1, 1, 1, 1, 2, 2, 1, 1, 0, 1, 0, 1, 0, 1, 0, 1, 1, 1, 1, 2, 0, 1, 1, 2, 0]|[0, 3, 0, 3, 4, 1, 4, 4, 2, 4, 3, 2, 1, 0, 2, 1, 1, 1, 2, 1, 1, 3, 0, 1, 0, 1, 1, 4, 1, 4, 3, 2, 2, 0, 4, 1, 1, 4, 0, 1, 2, 1, 4, 4, 1, 1, 0, 2, 3, 2, 2, 1, 2, 1, 1, 2, 4, 3, 0, 2, 2, 3, 3, 0, 1, 2, 0, 1, 2, 4, 1, 3, 4, 1, 2, 4, 3, 3, 3, 1, 1, 4, 3, 2, 3, 2, 4, 2, 4, 2, 3, 4, 4, 4, 1, 2, 3, 4, 1, 2]|[0, 2, 0, 0, 3, 0, 1, 3, 0, 0, 2, 0, 1, 0, 1, 0, 0, 0, 1, 0, 0, 2, 0, 0, 1, 0, 0, 3, 0, 1, 0, 2, 0, 0, 3, 0, 1, 3, 0, 0, 0, 0, 1, 3, 0, 0, 1, 0, 2, 0, 0, 0, 0, 0, 1, 0, 1, 0, 1, 1, 0, 2, 0, 0, 0, 0, 0, 0, 0, 2, 0, 0, 1, 0, 0, 1, 0, 0, 3, 0, 0, 1, 0, 0, 0, 0, 1, 0, 2, 0, 0, 2, 1, 3, 0, 0, 0, 1, 0, 0],896.1029292898813,50428.13444364295,114595.46915086164,false
24,G3_TWC,G1_CMAX,[31, 22, 82, 15, 26, 9, 42, 95, 77, 12, 47, 5, 93, 78, 86, 54, 85, 63, 18, 44, 20, 35, 43, 97, 91, 76, 10, 30, 21, 45, 71, 64, 1, 23, 17, 83, 24, 14, 60, 36, 6, 57, 94, 88, 65, 56, 79, 40, 67, 68, 46, 75, 38, 58, 19, 32, 81, 41, 27, 62, 87, 90, 99, 59, 11, 16, 72, 73, 70, 39, 37, 84, 3, 92, 25, 55, 28, 29, 51, 7, 33, 61, 98, 66, 89, 50, 8, 96, 53, 4, 80, 13, 34, 49, 52, 0, 48, 69, 2, 74]|[1, 1, 0, 1, 1, 1, 2, 1, 2, 1, 2, 2, 2, 1, 1, 0, 0, 1, 0, 2, 2, 0, 1, 2, 0, 1, 2, 2, 0, 0, 1, 2, 1, 2, 1, 0, 2, 0, 1, 1, 0, 1, 1, 1, 0, 2, 1, 1, 0, 0, 0, 0, 1, 1, 2, 1, 2, 0, 0, 0, 2, 1, 0, 1, 2, 1, 2, 1, 1, 1, 1, 1, 1, 0, 1, 1, 0, 0, 0, 1, 2, 1, 0, 2, 1, 0, 1, 0, 0, 0, 0, 0, 2, 0, 1, 0, 0, 1, 0, 2]|[4, 3, 2, 2, 0, 0, 2, 2, 2, 4, 1, 1, 2, 4, 4, 1, 2, 4, 2, 1, 1, 1, 1, 2, 1, 2, 1, 1, 1, 1, 3, 2, 3, 0, 4, 0, 1, 1, 0, 3, 2, 2, 4, 0, 1, 1, 0, 2, 0, 1, 2, 2, 1, 4, 0, 3, 2, 1, 1, 2, 1, 3, 1, 1, 1, 3, 0, 4, 3, 1, 4, 1, 1, 0, 4, 4, 2, 1, 1, 3, 1, 3, 1, 1, 1, 1, 3, 1, 2, 2, 1, 1, 1, 1, 1, 2, 2, 3, 2, 1]|[0, 2, 1, 1, 3, 3, 0, 1, 0, 0, 0, 0, 1, 0, 1, 0, 0, 3, 1, 0, 0, 0, 3, 1, 0, 2, 0, 0, 0, 1, 0, 0, 0, 0, 3, 0, 1, 0, 0, 2, 1, 1, 2, 0, 0, 0, 0, 1, 1, 0, 0, 0, 1, 3, 0, 0, 1, 0, 0, 1, 0, 2, 0, 1, 0, 2, 1, 0, 0, 1, 1, 3, 1, 1, 3, 3, 1, 0, 0, 2, 0, 0, 0, 0, 1, 0, 2, 0, 1, 1, 0, 0, 0, 1, 1, 0, 0, 0, 0, 0],800.9728923351585,58117.763115372225,90558.04465999853,true
24,G1_CMAX,G1_CMAX,[31, 22, 82, 15, 26, 9, 42, 77, 12, 5, 47, 93, 78, 86, 54, 6, 63, 18, 44, 20, 35, 43, 97, 91, 76, 10, 30, 21, 45, 17, 23, 1, 71, 83, 24, 14, 60, 36, 85, 57, 40, 95, 88, 65, 56, 79, 94, 67, 68, 46, 75, 38, 58, 19, 32, 81, 41, 62, 87, 28, 90, 59, 11, 16, 72, 73, 69, 52, 37, 64, 84, 3, 25, 29, 55, 51, 7, 98, 61, 66, 99, 33, 89, 48, 50, 96, 53, 80, 4, 8, 27, 2, 39, 13, 0, 92, 49, 74, 34, 70]|[1, 1, 0, 1, 1, 1, 2, 2, 1, 2, 2, 1, 1, 1, 0, 0, 1, 0, 2, 2, 0, 1, 2, 2, 1, 2, 2, 0, 0, 1, 2, 1, 1, 0, 2, 0, 1, 1, 0, 1, 1, 1, 1, 0, 2, 1, 1, 0, 0, 0, 0, 1, 1, 2, 1, 2, 0, 0, 2, 0, 1, 2, 2, 1, 2, 1, 1, 1, 1, 1, 1, 2, 1, 0, 2, 0, 1, 2, 1, 0, 0, 2, 1, 0, 0, 2, 0, 0, 1, 1, 0, 0, 1, 0, 0, 0, 0, 2, 2, 1]|[0, 3, 1, 2, 0, 0, 1, 1, 4, 1, 1, 4, 4, 4, 2, 2, 4, 2, 1, 1, 1, 1, 2, 1, 2, 1, 1, 1, 1, 4, 0, 3, 3, 0, 1, 1, 0, 3, 2, 2, 2, 2, 0, 1, 1, 0, 4, 0, 1, 2, 2, 1, 4, 0, 3, 2, 1, 2, 1, 2, 3, 1, 1, 3, 0, 4, 4, 1, 4, 3, 1, 2, 4, 1, 1, 1, 1, 1, 3, 1, 1, 1, 1, 1, 1, 1, 2, 1, 4, 3, 2, 2, 1, 2, 2, 0, 1, 1, 1, 4]|[1, 1, 1, 1, 3, 3, 0, 0, 0, 0, 0, 2, 0, 1, 0, 0, 3, 1, 0, 0, 0, 3, 1, 0, 2, 0, 0, 0, 1, 3, 0, 0, 0, 0, 1, 0, 0, 2, 1, 1, 1, 1, 0, 0, 0, 0, 2, 1, 0, 0, 0, 1, 3, 0, 0, 1, 0, 1, 0, 1, 2, 0, 0, 2, 1, 0, 2, 1, 1, 0, 3, 1, 3, 0, 0, 0, 2, 0, 0, 0, 0, 0, 1, 0, 0, 0, 1, 0, 0, 2, 1, 0, 1, 0, 0, 1, 1, 0, 0, 2],733.3116759547878,58140.55643565909,96674.14109675489,false
24,G4_BALANCED,G4_BALANCED,[31, 11, 15, 82, 26, 9, 95, 32, 77, 68, 47, 5, 93, 78, 86, 54, 85, 63, 18, 44, 20, 49, 36, 14, 74, 50, 53, 17, 21, 45, 71, 64, 3, 23, 30, 83, 24, 41, 60, 52, 65, 27, 90, 70, 39, 87, 48, 69, 99, 4, 46, 1, 13, 58, 97, 59, 28, 75, 73, 37, 35, 79, 22, 66, 76, 42, 40, 80, 96, 6, 16, 61, 33, 7, 57, 34, 12, 67, 10, 98, 56, 88, 29, 94, 91, 51, 19, 92, 43, 84, 38, 72, 81, 8, 2, 55, 62, 89, 25, 0]|[2, 1, 1, 2, 1, 2, 1, 1, 1, 1, 1, 0, 2, 2, 1, 2, 0, 0, 0, 2, 2, 1, 0, 2, 0, 2, 2, 1, 0, 1, 1, 1, 0, 0, 1, 0, 2, 1, 2, 2, 0, 0, 1, 1, 0, 2, 0, 2, 1, 0, 0, 2, 0, 0, 2, 0, 1, 0, 0, 0, 2, 1, 0, 2, 2, 0, 2, 2, 0, 1, 2, 1, 1, 2, 0, 1, 1, 1, 1, 2, 2, 1, 1, 2, 1, 1, 1, 0, 1, 0, 0, 1, 1, 1, 2, 0, 1, 1, 1, 0]|[1, 3, 2, 0, 4, 1, 4, 4, 2, 4, 3, 2, 1, 0, 2, 1, 1, 1, 2, 1, 1, 3, 0, 1, 0, 1, 1, 4, 1, 4, 3, 2, 2, 0, 4, 1, 1, 4, 0, 1, 2, 1, 4, 4, 1, 1, 0, 2, 3, 1, 2, 1, 2, 1, 1, 2, 4, 2, 0, 2, 2, 3, 1, 0, 1, 2, 0, 1, 2, 4, 1, 3, 4, 1, 2, 4, 3, 3, 3, 1, 1, 4, 3, 1, 3, 3, 4, 2, 4, 2, 2, 4, 1, 3, 1, 2, 3, 4, 4, 2]|[1, 2, 1, 0, 3, 0, 1, 3, 0, 0, 2, 0, 1, 0, 1, 0, 0, 0, 1, 0, 0, 2, 0, 0, 1, 0, 0, 3, 0, 1, 0, 2, 0, 1, 3, 0, 1, 3, 1, 0, 0, 0, 1, 3, 0, 0, 1, 0, 2, 0, 0, 0, 0, 0, 1, 0, 1, 0, 1, 1, 0, 2, 0, 0, 0, 0, 0, 0, 0, 2, 0, 0, 1, 0, 0, 1, 0, 0, 3, 0, 0, 1, 0, 0, 0, 0, 3, 0, 2, 0, 0, 2, 1, 0, 0, 0, 0, 1, 3, 0],836.569815134707,52504.092339752446,107095.57005228325,false
24,G2_TEC,G2_TEC,[31, 22, 82, 15, 26, 9, 95, 42, 77, 68, 47, 5, 93, 78, 86, 54, 85, 63, 18, 44, 20, 49, 36, 14, 74, 50, 53, 17, 21, 28, 11, 64, 3, 23, 30, 83, 24, 41, 40, 52, 65, 27, 90, 70, 39, 87, 48, 69, 99, 4, 46, 1, 13, 58, 97, 59, 45, 8, 73, 37, 35, 79, 71, 66, 76, 32, 60, 80, 96, 6, 16, 61, 33, 7, 57, 34, 12, 67, 10, 98, 56, 88, 29, 75, 91, 38, 19, 92, 43, 84, 51, 72, 81, 25, 2, 55, 62, 89, 94, 0]|[2, 1, 2, 1, 1, 2, 1, 1, 1, 1, 1, 0, 2, 2, 1, 2, 0, 0, 0, 2, 2, 1, 0, 2, 0, 2, 2, 1, 0, 1, 1, 1, 0, 0, 1, 0, 2, 1, 2, 2, 0, 0, 1, 1, 0, 2, 0, 2, 1, 0, 0, 2, 0, 0, 2, 0, 1, 1, 0, 0, 2, 1, 1, 2, 2, 0, 2, 2, 0, 1, 2, 1, 1, 2, 0, 1, 1, 1, 1, 2, 2, 1, 1, 0, 1, 0, 1, 0, 1, 0, 1, 1, 1, 1, 2, 0, 1, 1, 2, 0]|[0, 3, 0, 3, 4, 1, 4, 4, 2, 4, 3, 2, 1, 0, 2, 1, 1, 1, 2, 1, 1, 3, 0, 1, 0, 1, 1, 4, 1, 4, 3, 2, 2, 0, 4, 1, 1, 4, 0, 1, 2, 1, 4, 4, 1, 1, 0, 2, 3, 2, 2, 1, 2, 1, 1, 2, 4, 3, 0, 2, 2, 3, 3, 0, 1, 2, 0, 1, 2, 4, 1, 3, 4, 1, 2, 4, 3, 3, 3, 1, 1, 4, 3, 2, 3, 2, 4, 2, 4, 2, 3, 4, 4, 4, 1, 2, 3, 4, 1, 2]|[0, 2, 0, 0, 3, 0, 1, 3, 0, 0, 2, 0, 1, 0, 1, 0, 0, 0, 1, 0, 0, 2, 0, 0, 1, 0, 0, 3, 0, 1, 0, 2, 0, 0, 3, 0, 1, 3, 0, 0, 0, 0, 1, 3, 0, 0, 1, 0, 2, 0, 0, 0, 0, 0, 1, 0, 1, 0, 1, 1, 0, 2, 0, 0, 0, 0, 0, 0, 0, 2, 0, 0, 1, 0, 0, 1, 0, 0, 3, 0, 0, 1, 0, 0, 0, 0, 1, 0, 2, 0, 0, 2, 1, 3, 0, 0, 0, 1, 0, 0],896.1029292898813,50428.13444364295,114595.46915086164,false
24,G3_TWC,G1_CMAX,[31, 22, 82, 15, 26, 9, 42, 95, 77, 12, 47, 5, 93, 78, 86, 54, 85, 63, 18, 44, 20, 35, 43, 97, 91, 76, 10, 30, 21, 45, 71, 64, 1, 23, 17, 83, 24, 14, 60, 36, 6, 57, 94, 88, 65, 56, 79, 40, 67, 68, 46, 75, 38, 58, 19, 32, 81, 41, 27, 62, 87, 90, 99, 59, 11, 16, 72, 73, 70, 39, 37, 84, 3, 92, 25, 55, 28, 29, 51, 7, 33, 61, 98, 66, 89, 50, 8, 96, 53, 4, 80, 13, 34, 49, 52, 0, 48, 69, 2, 74]|[1, 1, 0, 1, 1, 1, 2, 1, 2, 1, 2, 2, 2, 1, 1, 0, 0, 1, 0, 2, 2, 0, 1, 2, 0, 1, 2, 2, 0, 0, 1, 2, 1, 2, 1, 0, 2, 0, 1, 1, 0, 1, 1, 1, 0, 2, 1, 1, 0, 0, 0, 0, 1, 1, 2, 1, 2, 0, 0, 0, 2, 1, 0, 1, 2, 1, 2, 1, 1, 1, 1, 1, 1, 0, 1, 1, 0, 0, 0, 1, 2, 1, 0, 2, 1, 0, 1, 0, 0, 0, 0, 0, 2, 0, 1, 0, 0, 1, 0, 2]|[4, 3, 2, 2, 0, 0, 2, 2, 2, 4, 1, 1, 2, 4, 4, 1, 2, 4, 2, 1, 1, 1, 1, 2, 1, 2, 1, 1, 1, 1, 3, 2, 3, 0, 4, 0, 1, 1, 0, 3, 2, 2, 4, 0, 1, 1, 0, 2, 0, 1, 2, 2, 1, 4, 0, 3, 2, 1, 1, 2, 1, 3, 1, 1, 1, 3, 0, 4, 3, 1, 4, 1, 1, 0, 4, 4, 2, 1, 1, 3, 1, 3, 1, 1, 1, 1, 3, 1, 2, 2, 1, 1, 1, 1, 1, 2, 2, 3, 2, 1]|[0, 2, 1, 1, 3, 3, 0, 1, 0, 0, 0, 0, 1, 0, 1, 0, 0, 3, 1, 0, 0, 0, 3, 1, 0, 2, 0, 0, 0, 1, 0, 0, 0, 0, 3, 0, 1, 0, 0, 2, 1, 1, 2, 0, 0, 0, 0, 1, 1, 0, 0, 0, 1, 3, 0, 0, 1, 0, 0, 1, 0, 2, 0, 1, 0, 2, 1, 0, 0, 1, 1, 3, 1, 1, 3, 3, 1, 0, 0, 2, 0, 0, 0, 0, 1, 0, 2, 0, 1, 1, 0, 0, 0, 1, 1, 0, 0, 0, 0, 0],800.9728923351585,58117.763115372225,90558.04465999853,true
24,G1_CMAX,G1_CMAX,[31, 22, 82, 15, 26, 9, 42, 77, 12, 5, 47, 93, 78, 86, 54, 6, 63, 18, 44, 20, 35, 43, 97, 91, 76, 10, 30, 21, 45, 17, 23, 1, 71, 83, 24, 14, 60, 36, 85, 57, 40, 95, 88, 65, 56, 79, 94, 67, 68, 46, 75, 38, 58, 19, 32, 81, 41, 62, 87, 28, 90, 59, 11, 16, 72, 73, 69, 52, 37, 64, 84, 3, 25, 29, 55, 51, 7, 98, 61, 66, 99, 33, 89, 48, 50, 96, 53, 80, 4, 8, 27, 2, 39, 13, 0, 92, 49, 74, 34, 70]|[1, 1, 0, 1, 1, 1, 2, 2, 1, 2, 2, 1, 1, 1, 0, 0, 1, 0, 2, 2, 0, 1, 2, 2, 1, 2, 2, 0, 0, 1, 2, 1, 1, 0, 2, 0, 1, 1, 0, 1, 1, 1, 1, 0, 2, 1, 1, 0, 0, 0, 0, 1, 1, 2, 1, 2, 0, 0, 2, 0, 1, 2, 2, 1, 2, 1, 1, 1, 1, 1, 1, 2, 1, 0, 2, 0, 1, 2, 1, 0, 0, 2, 1, 0, 0, 2, 0, 0, 1, 1, 0, 0, 1, 0, 0, 0, 0, 2, 2, 1]|[0, 3, 1, 2, 0, 0, 1, 1, 4, 1, 1, 4, 4, 4, 2, 2, 4, 2, 1, 1, 1, 1, 2, 1, 2, 1, 1, 1, 1, 4, 0, 3, 3, 0, 1, 1, 0, 3, 2, 2, 2, 2, 0, 1, 1, 0, 4, 0, 1, 2, 2, 1, 4, 0, 3, 2, 1, 2, 1, 2, 3, 1, 1, 3, 0, 4, 4, 1, 4, 3, 1, 2, 4, 1, 1, 1, 1, 1, 3, 1, 1, 1, 1, 1, 1, 1, 2, 1, 4, 3, 2, 2, 1, 2, 2, 0, 1, 1, 1, 4]|[1, 1, 1, 1, 3, 3, 0, 0, 0, 0, 0, 2, 0, 1, 0, 0, 3, 1, 0, 0, 0, 3, 1, 0, 2, 0, 0, 0, 1, 3, 0, 0, 0, 0, 1, 0, 0, 2, 1, 1, 1, 1, 0, 0, 0, 0, 2, 1, 0, 0, 0, 1, 3, 0, 0, 1, 0, 1, 0, 1, 2, 0, 0, 2, 1, 0, 2, 1, 1, 0, 3, 1, 3, 0, 0, 0, 2, 0, 0, 0, 0, 0, 1, 0, 0, 0, 1, 0, 0, 2, 1, 0, 1, 0, 0, 1, 1, 0, 0, 2],733.3116759547878,58140.55643565909,96674.14109675489,false
24,G4_BALANCED,G4_BALANCED,[31, 11, 15, 82, 26, 9, 95, 32, 77, 68, 47, 5, 93, 78, 86, 54, 85, 63, 18, 44, 20, 49, 36, 14, 74, 50, 53, 17, 21, 45, 71, 64, 3, 23, 30, 83, 24, 41, 60, 52, 65, 27, 90, 70, 39, 87, 48, 69, 99, 4, 46, 1, 13, 58, 97, 59, 28, 75, 73, 37, 35, 79, 22, 66, 76, 42, 40, 80, 96, 6, 16, 61, 33, 7, 57, 34, 12, 67, 10, 98, 56, 88, 29, 94, 91, 51, 19, 92, 43, 84, 38, 72, 81, 8, 2, 55, 62, 89, 25, 0]|[2, 1, 1, 2, 1, 2, 1, 1, 1, 1, 1, 0, 2, 2, 1, 2, 0, 0, 0, 2, 2, 1, 0, 2, 0, 2, 2, 1, 0, 1, 1, 1, 0, 0, 1, 0, 2, 1, 2, 2, 0, 0, 1, 1, 0, 2, 0, 2, 1, 0, 0, 2, 0, 0, 2, 0, 1, 0, 0, 0, 2, 1, 0, 2, 2, 0, 2, 2, 0, 1, 2, 1, 1, 2, 0, 1, 1, 1, 1, 2, 2, 1, 1, 2, 1, 1, 1, 0, 1, 0, 0, 1, 1, 1, 2, 0, 1, 1, 1, 0]|[1, 3, 2, 0, 4, 1, 4, 4, 2, 4, 3, 2, 1, 0, 2, 1, 1, 1, 2, 1, 1, 3, 0, 1, 0, 1, 1, 4, 1, 4, 3, 2, 2, 0, 4, 1, 1, 4, 0, 1, 2, 1, 4, 4, 1, 1, 0, 2, 3, 1, 2, 1, 2, 1, 1, 2, 4, 2, 0, 2, 2, 3, 1, 0, 1, 2, 0, 1, 2, 4, 1, 3, 4, 1, 2, 4, 3, 3, 3, 1, 1, 4, 3, 1, 3, 3, 4, 2, 4, 2, 2, 4, 1, 3, 1, 2, 3, 4, 4, 2]|[1, 2, 1, 0, 3, 0, 1, 3, 0, 0, 2, 0, 1, 0, 1, 0, 0, 0, 1, 0, 0, 2, 0, 0, 1, 0, 0, 3, 0, 1, 0, 2, 0, 1, 3, 0, 1, 3, 1, 0, 0, 0, 1, 3, 0, 0, 1, 0, 2, 0, 0, 0, 0, 0, 1, 0, 1, 0, 1, 1, 0, 2, 0, 0, 0, 0, 0, 0, 0, 2, 0, 0, 1, 0, 0, 1, 0, 0, 3, 0, 0, 1, 0, 0, 0, 0, 3, 0, 2, 0, 0, 2, 1, 0, 0, 0, 0, 1, 3, 0],836.569815134707,52504.092339752446,107095.57005228325,false
24,G2_TEC,G2_TEC,[31, 22, 82, 15, 26, 9, 95, 42, 77, 68, 47, 5, 93, 78, 86, 54, 85, 63, 18, 44, 20, 49, 36, 14, 74, 50, 53, 17, 21, 28, 11, 64, 3, 23, 30, 83, 24, 41, 40, 52, 65, 27, 90, 70, 39, 87, 48, 69, 99, 4, 46, 1, 13, 58, 97, 59, 45, 8, 73, 37, 35, 79, 71, 66, 76, 32, 60, 80, 96, 6, 16, 61, 33, 7, 57, 34, 12, 67, 10, 98, 56, 88, 29, 75, 91, 38, 19, 92, 43, 84, 51, 72, 81, 25, 2, 55, 62, 89, 94, 0]|[2, 1, 2, 1, 1, 2, 1, 1, 1, 1, 1, 0, 2, 2, 1, 2, 0, 0, 0, 2, 2, 1, 0, 2, 0, 2, 2, 1, 0, 1, 1, 1, 0, 0, 1, 0, 2, 1, 2, 2, 0, 0, 1, 1, 0, 2, 0, 2, 1, 0, 0, 2, 0, 0, 2, 0, 1, 1, 0, 0, 2, 1, 1, 2, 2, 0, 2, 2, 0, 1, 2, 1, 1, 2, 0, 1, 1, 1, 1, 2, 2, 1, 1, 0, 1, 0, 1, 0, 1, 0, 1, 1, 1, 1, 2, 0, 1, 1, 2, 0]|[0, 3, 0, 3, 4, 1, 4, 4, 2, 4, 3, 2, 1, 0, 2, 1, 1, 1, 2, 1, 1, 3, 0, 1, 0, 1, 1, 4, 1, 4, 3, 2, 2, 0, 4, 1, 1, 4, 0, 1, 2, 1, 4, 4, 1, 1, 0, 2, 3, 2, 2, 1, 2, 1, 1, 2, 4, 3, 0, 2, 2, 3, 3, 0, 1, 2, 0, 1, 2, 4, 1, 3, 4, 1, 2, 4, 3, 3, 3, 1, 1, 4, 3, 2, 3, 2, 4, 2, 4, 2, 3, 4, 4, 4, 1, 2, 3, 4, 1, 2]|[0, 2, 0, 0, 3, 0, 1, 3, 0, 0, 2, 0, 1, 0, 1, 0, 0, 0, 1, 0, 0, 2, 0, 0, 1, 0, 0, 3, 0, 1, 0, 2, 0, 0, 3, 0, 1, 3, 0, 0, 0, 0, 1, 3, 0, 0, 1, 0, 2, 0, 0, 0, 0, 0, 1, 0, 1, 0, 1, 1, 0, 2, 0, 0, 0, 0, 0, 0, 0, 2, 0, 0, 1, 0, 0, 1, 0, 0, 3, 0, 0, 1, 0, 0, 0, 0, 1, 0, 2, 0, 0, 2, 1, 3, 0, 0, 0, 1, 0, 0],896.1029292898813,50428.13444364295,114595.46915086164,false
24,G3_TWC,G1_CMAX,[31, 22, 82, 15, 26, 9, 42, 95, 77, 12, 47, 5, 93, 78, 86, 54, 85, 63, 18, 44, 20, 35, 43, 97, 91, 76, 10, 30, 21, 45, 71, 64, 1, 23, 17, 83, 24, 14, 60, 36, 6, 57, 94, 88, 65, 56, 79, 40, 67, 68, 46, 75, 38, 58, 19, 32, 81, 41, 27, 62, 87, 90, 99, 59, 11, 16, 72, 73, 70, 39, 37, 84, 3, 92, 25, 55, 28, 29, 51, 7, 33, 61, 98, 66, 89, 50, 8, 96, 53, 4, 80, 13, 34, 49, 52, 0, 48, 69, 2, 74]|[1, 1, 0, 1, 1, 1, 2, 1, 2, 1, 2, 2, 2, 1, 1, 0, 0, 1, 0, 2, 2, 0, 1, 2, 0, 1, 2, 2, 0, 0, 1, 2, 1, 2, 1, 0, 2, 0, 1, 1, 0, 1, 1, 1, 0, 2, 1, 1, 0, 0, 0, 0, 1, 1, 2, 1, 2, 0, 0, 0, 2, 1, 0, 1, 2, 1, 2, 1, 1, 1, 1, 1, 1, 0, 1, 1, 0, 0, 0, 1, 2, 1, 0, 2, 1, 0, 1, 0, 0, 0, 0, 0, 2, 0, 1, 0, 0, 1, 0, 2]|[4, 3, 2, 2, 0, 0, 2, 2, 2, 4, 1, 1, 2, 4, 4, 1, 2, 4, 2, 1, 1, 1, 1, 2, 1, 2, 1, 1, 1, 1, 3, 2, 3, 0, 4, 0, 1, 1, 0, 3, 2, 2, 4, 0, 1, 1, 0, 2, 0, 1, 2, 2, 1, 4, 0, 3, 2, 1, 1, 2, 1, 3, 1, 1, 1, 3, 0, 4, 3, 1, 4, 1, 1, 0, 4, 4, 2, 1, 1, 3, 1, 3, 1, 1, 1, 1, 3, 1, 2, 2, 1, 1, 1, 1, 1, 2, 2, 3, 2, 1]|[0, 2, 1, 1, 3, 3, 0, 1, 0, 0, 0, 0, 1, 0, 1, 0, 0, 3, 1, 0, 0, 0, 3, 1, 0, 2, 0, 0, 0, 1, 0, 0, 0, 0, 3, 0, 1, 0, 0, 2, 1, 1, 2, 0, 0, 0, 0, 1, 1, 0, 0, 0, 1, 3, 0, 0, 1, 0, 0, 1, 0, 2, 0, 1, 0, 2, 1, 0, 0, 1, 1, 3, 1, 1, 3, 3, 1, 0, 0, 2, 0, 0, 0, 0, 1, 0, 2, 0, 1, 1, 0, 0, 0, 1, 1, 0, 0, 0, 0, 0],800.9728923351585,58117.763115372225,90558.04465999853,true
24,G1_CMAX,G1_CMAX,[31, 22, 82, 15, 26, 9, 42, 77, 12, 5, 47, 93, 78, 86, 54, 6, 63, 18, 44, 20, 35, 43, 97, 91, 76, 10, 30, 21, 45, 17, 23, 1, 71, 83, 24, 14, 60, 36, 85, 57, 40, 95, 88, 65, 56, 79, 94, 67, 68, 46, 75, 38, 58, 19, 32, 81, 41, 62, 87, 28, 90, 59, 11, 16, 72, 73, 69, 52, 37, 64, 84, 3, 25, 29, 55, 51, 7, 98, 61, 66, 99, 33, 89, 48, 50, 96, 53, 80, 4, 8, 27, 2, 39, 13, 0, 92, 49, 74, 34, 70]|[1, 1, 0, 1, 1, 1, 2, 2, 1, 2, 2, 1, 1, 1, 0, 0, 1, 0, 2, 2, 0, 1, 2, 2, 1, 2, 2, 0, 0, 1, 2, 1, 1, 0, 2, 0, 1, 1, 0, 1, 1, 1, 1, 0, 2, 1, 1, 0, 0, 0, 0, 1, 1, 2, 1, 2, 0, 0, 2, 0, 1, 2, 2, 1, 2, 1, 1, 1, 1, 1, 1, 2, 1, 0, 2, 0, 1, 2, 1, 0, 0, 2, 1, 0, 0, 2, 0, 0, 1, 1, 0, 0, 1, 0, 0, 0, 0, 2, 2, 1]|[0, 3, 1, 2, 0, 0, 1, 1, 4, 1, 1, 4, 4, 4, 2, 2, 4, 2, 1, 1, 1, 1, 2, 1, 2, 1, 1, 1, 1, 4, 0, 3, 3, 0, 1, 1, 0, 3, 2, 2, 2, 2, 0, 1, 1, 0, 4, 0, 1, 2, 2, 1, 4, 0, 3, 2, 1, 2, 1, 2, 3, 1, 1, 3, 0, 4, 4, 1, 4, 3, 1, 2, 4, 1, 1, 1, 1, 1, 3, 1, 1, 1, 1, 1, 1, 1, 2, 1, 4, 3, 2, 2, 1, 2, 2, 0, 1, 1, 1, 4]|[1, 1, 1, 1, 3, 3, 0, 0, 0, 0, 0, 2, 0, 1, 0, 0, 3, 1, 0, 0, 0, 3, 1, 0, 2, 0, 0, 0, 1, 3, 0, 0, 0, 0, 1, 0, 0, 2, 1, 1, 1, 1, 0, 0, 0, 0, 2, 1, 0, 0, 0, 1, 3, 0, 0, 1, 0, 1, 0, 1, 2, 0, 0, 2, 1, 0, 2, 1, 1, 0, 3, 1, 3, 0, 0, 0, 2, 0, 0, 0, 0, 0, 1, 0, 0, 0, 1, 0, 0, 2, 1, 0, 1, 0, 0, 1, 1, 0, 0, 2],733.3116759547878,58140.55643565909,96674.14109675489,false
24,G4_BALANCED,G4_BALANCED,[31, 11, 15, 82, 26, 9, 95, 32, 77, 68, 47, 5, 93, 78, 86, 54, 85, 63, 18, 44, 20, 49, 36, 14, 74, 50, 53, 17, 21, 45, 71, 64, 3, 23, 30, 83, 24, 41, 60, 52, 65, 27, 90, 70, 39, 87, 48, 69, 99, 4, 46, 1, 13, 58, 97, 59, 28, 75, 73, 37, 35, 79, 22, 66, 76, 42, 40, 80, 96, 6, 16, 61, 33, 7, 57, 34, 12, 67, 10, 98, 56, 88, 29, 94, 91, 51, 19, 92, 43, 84, 38, 72, 81, 8, 2, 55, 62, 89, 25, 0]|[2, 1, 1, 2, 1, 2, 1, 1, 1, 1, 1, 0, 2, 2, 1, 2, 0, 0, 0, 2, 2, 1, 0, 2, 0, 2, 2, 1, 0, 1, 1, 1, 0, 0, 1, 0, 2, 1, 2, 2, 0, 0, 1, 1, 0, 2, 0, 2, 1, 0, 0, 2, 0, 0, 2, 0, 1, 0, 0, 0, 2, 1, 0, 2, 2, 0, 2, 2, 0, 1, 2, 1, 1, 2, 0, 1, 1, 1, 1, 2, 2, 1, 1, 2, 1, 1, 1, 0, 1, 0, 0, 1, 1, 1, 2, 0, 1, 1, 1, 0]|[1, 3, 2, 0, 4, 1, 4, 4, 2, 4, 3, 2, 1, 0, 2, 1, 1, 1, 2, 1, 1, 3, 0, 1, 0, 1, 1, 4, 1, 4, 3, 2, 2, 0, 4, 1, 1, 4, 0, 1, 2, 1, 4, 4, 1, 1, 0, 2, 3, 1, 2, 1, 2, 1, 1, 2, 4, 2, 0, 2, 2, 3, 1, 0, 1, 2, 0, 1, 2, 4, 1, 3, 4, 1, 2, 4, 3, 3, 3, 1, 1, 4, 3, 1, 3, 3, 4, 2, 4, 2, 2, 4, 1, 3, 1, 2, 3, 4, 4, 2]|[1, 2, 1, 0, 3, 0, 1, 3, 0, 0, 2, 0, 1, 0, 1, 0, 0, 0, 1, 0, 0, 2, 0, 0, 1, 0, 0, 3, 0, 1, 0, 2, 0, 1, 3, 0, 1, 3, 1, 0, 0, 0, 1, 3, 0, 0, 1, 0, 2, 0, 0, 0, 0, 0, 1, 0, 1, 0, 1, 1, 0, 2, 0, 0, 0, 0, 0, 0, 0, 2, 0, 0, 1, 0, 0, 1, 0, 0, 3, 0, 0, 1, 0, 0, 0, 0, 3, 0, 2, 0, 0, 2, 1, 0, 0, 0, 0, 1, 3, 0],836.569815134707,52504.092339752446,107095.57005228325,false
24,G2_TEC,G2_TEC,[31, 22, 82, 15, 26, 9, 95, 42, 77, 68, 47, 5, 93, 78, 86, 54, 85, 63, 18, 44, 20, 49, 36, 14, 74, 50, 53, 17, 21, 28, 11, 64, 3, 23, 30, 83, 24, 41, 40, 52, 65, 27, 90, 70, 39, 87, 48, 69, 99, 4, 46, 1, 13, 58, 97, 59, 45, 8, 73, 37, 35, 79, 71, 66, 76, 32, 60, 80, 96, 6, 16, 61, 33, 7, 57, 34, 12, 67, 10, 98, 56, 88, 29, 75, 91, 38, 19, 92, 43, 84, 51, 72, 81, 25, 2, 55, 62, 89, 94, 0]|[2, 1, 2, 1, 1, 2, 1, 1, 1, 1, 1, 0, 2, 2, 1, 2, 0, 0, 0, 2, 2, 1, 0, 2, 0, 2, 2, 1, 0, 1, 1, 1, 0, 0, 1, 0, 2, 1, 2, 2, 0, 0, 1, 1, 0, 2, 0, 2, 1, 0, 0, 2, 0, 0, 2, 0, 1, 1, 0, 0, 2, 1, 1, 2, 2, 0, 2, 2, 0, 1, 2, 1, 1, 2, 0, 1, 1, 1, 1, 2, 2, 1, 1, 0, 1, 0, 1, 0, 1, 0, 1, 1, 1, 1, 2, 0, 1, 1, 2, 0]|[0, 3, 0, 3, 4, 1, 4, 4, 2, 4, 3, 2, 1, 0, 2, 1, 1, 1, 2, 1, 1, 3, 0, 1, 0, 1, 1, 4, 1, 4, 3, 2, 2, 0, 4, 1, 1, 4, 0, 1, 2, 1, 4, 4, 1, 1, 0, 2, 3, 2, 2, 1, 2, 1, 1, 2, 4, 3, 0, 2, 2, 3, 3, 0, 1, 2, 0, 1, 2, 4, 1, 3, 4, 1, 2, 4, 3, 3, 3, 1, 1, 4, 3, 2, 3, 2, 4, 2, 4, 2, 3, 4, 4, 4, 1, 2, 3, 4, 1, 2]|[0, 2, 0, 0, 3, 0, 1, 3, 0, 0, 2, 0, 1, 0, 1, 0, 0, 0, 1, 0, 0, 2, 0, 0, 1, 0, 0, 3, 0, 1, 0, 2, 0, 0, 3, 0, 1, 3, 0, 0, 0, 0, 1, 3, 0, 0, 1, 0, 2, 0, 0, 0, 0, 0, 1, 0, 1, 0, 1, 1, 0, 2, 0, 0, 0, 0, 0, 0, 0, 2, 0, 0, 1, 0, 0, 1, 0, 0, 3, 0, 0, 1, 0, 0, 0, 0, 1, 0, 2, 0, 0, 2, 1, 3, 0, 0, 0, 1, 0, 0],896.1029292898813,50428.13444364295,114595.46915086164,false
24,G3_TWC,G1_CMAX,[31, 22, 82, 15, 26, 9, 42, 95, 77, 12, 47, 5, 93, 78, 86, 54, 85, 63, 18, 44, 20, 35, 43, 97, 91, 76, 10, 30, 21, 45, 71, 64, 1, 23, 17, 83, 24, 14, 60, 36, 6, 57, 94, 88, 65, 56, 79, 40, 67, 68, 46, 75, 38, 58, 19, 32, 81, 41, 27, 62, 87, 90, 99, 59, 11, 16, 72, 73, 70, 39, 37, 84, 3, 92, 25, 55, 28, 29, 51, 7, 33, 61, 98, 66, 89, 50, 8, 96, 53, 4, 80, 13, 34, 49, 52, 0, 48, 69, 2, 74]|[1, 1, 0, 1, 1, 1, 2, 1, 2, 1, 2, 2, 2, 1, 1, 0, 0, 1, 0, 2, 2, 0, 1, 2, 0, 1, 2, 2, 0, 0, 1, 2, 1, 2, 1, 0, 2, 0, 1, 1, 0, 1, 1, 1, 0, 2, 1, 1, 0, 0, 0, 0, 1, 1, 2, 1, 2, 0, 0, 0, 2, 1, 0, 1, 2, 1, 2, 1, 1, 1, 1, 1, 1, 0, 1, 1, 0, 0, 0, 1, 2, 1, 0, 2, 1, 0, 1, 0, 0, 0, 0, 0, 2, 0, 1, 0, 0, 1, 0, 2]|[4, 3, 2, 2, 0, 0, 2, 2, 2, 4, 1, 1, 2, 4, 4, 1, 2, 4, 2, 1, 1, 1, 1, 2, 1, 2, 1, 1, 1, 1, 3, 2, 3, 0, 4, 0, 1, 1, 0, 3, 2, 2, 4, 0, 1, 1, 0, 2, 0, 1, 2, 2, 1, 4, 0, 3, 2, 1, 1, 2, 1, 3, 1, 1, 1, 3, 0, 4, 3, 1, 4, 1, 1, 0, 4, 4, 2, 1, 1, 3, 1, 3, 1, 1, 1, 1, 3, 1, 2, 2, 1, 1, 1, 1, 1, 2, 2, 3, 2, 1]|[0, 2, 1, 1, 3, 3, 0, 1, 0, 0, 0, 0, 1, 0, 1, 0, 0, 3, 1, 0, 0, 0, 3, 1, 0, 2, 0, 0, 0, 1, 0, 0, 0, 0, 3, 0, 1, 0, 0, 2, 1, 1, 2, 0, 0, 0, 0, 1, 1, 0, 0, 0, 1, 3, 0, 0, 1, 0, 0, 1, 0, 2, 0, 1, 0, 2, 1, 0, 0, 1, 1, 3, 1, 1, 3, 3, 1, 0, 0, 2, 0, 0, 0, 0, 1, 0, 2, 0, 1, 1, 0, 0, 0, 1, 1, 0, 0, 0, 0, 0],800.9728923351585,58117.763115372225,90558.04465999853,true
24,G1_CMAX,G1_CMAX,[31, 22, 82, 15, 26, 9, 42, 77, 12, 5, 47, 93, 78, 86, 54, 6, 63, 18, 44, 20, 35, 43, 97, 91, 76, 10, 30, 21, 45, 17, 23, 1, 71, 83, 24, 14, 60, 36, 85, 57, 40, 95, 88, 65, 56, 79, 94, 67, 68, 46, 75, 38, 58, 19, 32, 81, 41, 62, 87, 28, 90, 59, 11, 16, 72, 73, 69, 52, 37, 64, 84, 3, 25, 29, 55, 51, 7, 98, 61, 66, 99, 33, 89, 48, 50, 96, 53, 80, 4, 8, 27, 2, 39, 13, 0, 92, 49, 74, 34, 70]|[1, 1, 0, 1, 1, 1, 2, 2, 1, 2, 2, 1, 1, 1, 0, 0, 1, 0, 2, 2, 0, 1, 2, 2, 1, 2, 2, 0, 0, 1, 2, 1, 1, 0, 2, 0, 1, 1, 0, 1, 1, 1, 1, 0, 2, 1, 1, 0, 0, 0, 0, 1, 1, 2, 1, 2, 0, 0, 2, 0, 1, 2, 2, 1, 2, 1, 1, 1, 1, 1, 1, 2, 1, 0, 2, 0, 1, 2, 1, 0, 0, 2, 1, 0, 0, 2, 0, 0, 1, 1, 0, 0, 1, 0, 0, 0, 0, 2, 2, 1]|[0, 3, 1, 2, 0, 0, 1, 1, 4, 1, 1, 4, 4, 4, 2, 2, 4, 2, 1, 1, 1, 1, 2, 1, 2, 1, 1, 1, 1, 4, 0, 3, 3, 0, 1, 1, 0, 3, 2, 2, 2, 2, 0, 1, 1, 0, 4, 0, 1, 2, 2, 1, 4, 0, 3, 2, 1, 2, 1, 2, 3, 1, 1, 3, 0, 4, 4, 1, 4, 3, 1, 2, 4, 1, 1, 1, 1, 1, 3, 1, 1, 1, 1, 1, 1, 1, 2, 1, 4, 3, 2, 2, 1, 2, 2, 0, 1, 1, 1, 4]|[1, 1, 1, 1, 3, 3, 0, 0, 0, 0, 0, 2, 0, 1, 0, 0, 3, 1, 0, 0, 0, 3, 1, 0, 2, 0, 0, 0, 1, 3, 0, 0, 0, 0, 1, 0, 0, 2, 1, 1, 1, 1, 0, 0, 0, 0, 2, 1, 0, 0, 0, 1, 3, 0, 0, 1, 0, 1, 0, 1, 2, 0, 0, 2, 1, 0, 2, 1, 1, 0, 3, 1, 3, 0, 0, 0, 2, 0, 0, 0, 0, 0, 1, 0, 0, 0, 1, 0, 0, 2, 1, 0, 1, 0, 0, 1, 1, 0, 0, 2],733.3116759547878,58140.55643565909,96674.14109675489,false
24,G4_BALANCED,G4_BALANCED,[31, 11, 15, 82, 26, 9, 95, 32, 77, 68, 47, 5, 93, 78, 86, 54, 85, 63, 18, 44, 20, 49, 36, 14, 74, 50, 53, 17, 21, 45, 71, 64, 3, 23, 30, 83, 24, 41, 60, 52, 65, 27, 90, 70, 39, 87, 48, 69, 99, 4, 46, 1, 13, 58, 97, 59, 28, 75, 73, 37, 35, 79, 22, 66, 76, 42, 40, 80, 96, 6, 16, 61, 33, 7, 57, 34, 12, 67, 10, 98, 56, 88, 29, 94, 91, 51, 19, 92, 43, 84, 38, 72, 81, 8, 2, 55, 62, 89, 25, 0]|[2, 1, 1, 2, 1, 2, 1, 1, 1, 1, 1, 0, 2, 2, 1, 2, 0, 0, 0, 2, 2, 1, 0, 2, 0, 2, 2, 1, 0, 1, 1, 1, 0, 0, 1, 0, 2, 1, 2, 2, 0, 0, 1, 1, 0, 2, 0, 2, 1, 0, 0, 2, 0, 0, 2, 0, 1, 0, 0, 0, 2, 1, 0, 2, 2, 0, 2, 2, 0, 1, 2, 1, 1, 2, 0, 1, 1, 1, 1, 2, 2, 1, 1, 2, 1, 1, 1, 0, 1, 0, 0, 1, 1, 1, 2, 0, 1, 1, 1, 0]|[1, 3, 2, 0, 4, 1, 4, 4, 2, 4, 3, 2, 1, 0, 2, 1, 1, 1, 2, 1, 1, 3, 0, 1, 0, 1, 1, 4, 1, 4, 3, 2, 2, 0, 4, 1, 1, 4, 0, 1, 2, 1, 4, 4, 1, 1, 0, 2, 3, 1, 2, 1, 2, 1, 1, 2, 4, 2, 0, 2, 2, 3, 1, 0, 1, 2, 0, 1, 2, 4, 1, 3, 4, 1, 2, 4, 3, 3, 3, 1, 1, 4, 3, 1, 3, 3, 4, 2, 4, 2, 2, 4, 1, 3, 1, 2, 3, 4, 4, 2]|[1, 2, 1, 0, 3, 0, 1, 3, 0, 0, 2, 0, 1, 0, 1, 0, 0, 0, 1, 0, 0, 2, 0, 0, 1, 0, 0, 3, 0, 1, 0, 2, 0, 1, 3, 0, 1, 3, 1, 0, 0, 0, 1, 3, 0, 0, 1, 0, 2, 0, 0, 0, 0, 0, 1, 0, 1, 0, 1, 1, 0, 2, 0, 0, 0, 0, 0, 0, 0, 2, 0, 0, 1, 0, 0, 1, 0, 0, 3, 0, 0, 1, 0, 0, 0, 0, 3, 0, 2, 0, 0, 2, 1, 0, 0, 0, 0, 1, 3, 0],836.569815134707,52504.092339752446,107095.57005228325,false
24,G2_TEC,G2_TEC,[31, 22, 82, 15, 26, 9, 95, 42, 77, 68, 47, 5, 93, 78, 86, 54, 85, 63, 18, 44, 20, 49, 36, 14, 74, 50, 53, 17, 21, 28, 11, 64, 3, 23, 30, 83, 24, 41, 40, 52, 65, 27, 90, 70, 39, 87, 48, 69, 99, 4, 46, 1, 13, 58, 97, 59, 45, 8, 73, 37, 35, 79, 71, 66, 76, 32, 60, 80, 96, 6, 16, 61, 33, 7, 57, 34, 12, 67, 10, 98, 56, 88, 29, 75, 91, 38, 19, 92, 43, 84, 51, 72, 81, 25, 2, 55, 62, 89, 94, 0]|[2, 1, 2, 1, 1, 2, 1, 1, 1, 1, 1, 0, 2, 2, 1, 2, 0, 0, 0, 2, 2, 1, 0, 2, 0, 2, 2, 1, 0, 1, 1, 1, 0, 0, 1, 0, 2, 1, 2, 2, 0, 0, 1, 1, 0, 2, 0, 2, 1, 0, 0, 2, 0, 0, 2, 0, 1, 1, 0, 0, 2, 1, 1, 2, 2, 0, 2, 2, 0, 1, 2, 1, 1, 2, 0, 1, 1, 1, 1, 2, 2, 1, 1, 0, 1, 0, 1, 0, 1, 0, 1, 1, 1, 1, 2, 0, 1, 1, 2, 0]|[0, 3, 0, 3, 4, 1, 4, 4, 2, 4, 3, 2, 1, 0, 2, 1, 1, 1, 2, 1, 1, 3, 0, 1, 0, 1, 1, 4, 1, 4, 3, 2, 2, 0, 4, 1, 1, 4, 0, 1, 2, 1, 4, 4, 1, 1, 0, 2, 3, 2, 2, 1, 2, 1, 1, 2, 4, 3, 0, 2, 2, 3, 3, 0, 1, 2, 0, 1, 2, 4, 1, 3, 4, 1, 2, 4, 3, 3, 3, 1, 1, 4, 3, 2, 3, 2, 4, 2, 4, 2, 3, 4, 4, 4, 1, 2, 3, 4, 1, 2]|[0, 2, 0, 0, 3, 0, 1, 3, 0, 0, 2, 0, 1, 0, 1, 0, 0, 0, 1, 0, 0, 2, 0, 0, 1, 0, 0, 3, 0, 1, 0, 2, 0, 0, 3, 0, 1, 3, 0, 0, 0, 0, 1, 3, 0, 0, 1, 0, 2, 0, 0, 0, 0, 0, 1, 0, 1, 0, 1, 1, 0, 2, 0, 0, 0, 0, 0, 0, 0, 2, 0, 0, 1, 0, 0, 1, 0, 0, 3, 0, 0, 1, 0, 0, 0, 0, 1, 0, 2, 0, 0, 2, 1, 3, 0, 0, 0, 1, 0, 0],896.1029292898813,50428.13444364295,114595.46915086164,false
24,G3_TWC,G1_CMAX,[31, 22, 82, 15, 26, 9, 42, 95, 77, 12, 47, 5, 93, 78, 86, 54, 85, 63, 18, 44, 20, 35, 43, 97, 91, 76, 10, 30, 21, 45, 71, 64, 1, 23, 17, 83, 24, 14, 60, 36, 6, 57, 94, 88, 65, 56, 79, 40, 67, 68, 46, 75, 38, 58, 19, 32, 81, 41, 27, 62, 87, 90, 99, 59, 11, 16, 72, 73, 70, 39, 37, 84, 3, 92, 25, 55, 28, 29, 51, 7, 33, 61, 98, 66, 89, 50, 8, 96, 53, 4, 80, 13, 34, 49, 52, 0, 48, 69, 2, 74]|[1, 1, 0, 1, 1, 1, 2, 1, 2, 1, 2, 2, 2, 1, 1, 0, 0, 1, 0, 2, 2, 0, 1, 2, 0, 1, 2, 2, 0, 0, 1, 2, 1, 2, 1, 0, 2, 0, 1, 1, 0, 1, 1, 1, 0, 2, 1, 1, 0, 0, 0, 0, 1, 1, 2, 1, 2, 0, 0, 0, 2, 1, 0, 1, 2, 1, 2, 1, 1, 1, 1, 1, 1, 0, 1, 1, 0, 0, 0, 1, 2, 1, 0, 2, 1, 0, 1, 0, 0, 0, 0, 0, 2, 0, 1, 0, 0, 1, 0, 2]|[4, 3, 2, 2, 0, 0, 2, 2, 2, 4, 1, 1, 2, 4, 4, 1, 2, 4, 2, 1, 1, 1, 1, 2, 1, 2, 1, 1, 1, 1, 3, 2, 3, 0, 4, 0, 1, 1, 0, 3, 2, 2, 4, 0, 1, 1, 0, 2, 0, 1, 2, 2, 1, 4, 0, 3, 2, 1, 1, 2, 1, 3, 1, 1, 1, 3, 0, 4, 3, 1, 4, 1, 1, 0, 4, 4, 2, 1, 1, 3, 1, 3, 1, 1, 1, 1, 3, 1, 2, 2, 1, 1, 1, 1, 1, 2, 2, 3, 2, 1]|[0, 2, 1, 1, 3, 3, 0, 1, 0, 0, 0, 0, 1, 0, 1, 0, 0, 3, 1, 0, 0, 0, 3, 1, 0, 2, 0, 0, 0, 1, 0, 0, 0, 0, 3, 0, 1, 0, 0, 2, 1, 1, 2, 0, 0, 0, 0, 1, 1, 0, 0, 0, 1, 3, 0, 0, 1, 0, 0, 1, 0, 2, 0, 1, 0, 2, 1, 0, 0, 1, 1, 3, 1, 1, 3, 3, 1, 0, 0, 2, 0, 0, 0, 0, 1, 0, 2, 0, 1, 1, 0, 0, 0, 1, 1, 0, 0, 0, 0, 0],800.9728923351585,58117.763115372225,90558.04465999853,true
24,G1_CMAX,G1_CMAX,[31, 22, 82, 15, 26, 9, 42, 77, 12, 5, 47, 93, 78, 86, 54, 6, 63, 18, 44, 20, 35, 43, 97, 91, 76, 10, 30, 21, 45, 17, 23, 1, 71, 83, 24, 14, 60, 36, 85, 57, 40, 95, 88, 65, 56, 79, 94, 67, 68, 46, 75, 38, 58, 19, 32, 81, 41, 62, 87, 28, 90, 59, 11, 16, 72, 73, 69, 52, 37, 64, 84, 3, 25, 29, 55, 51, 7, 98, 61, 66, 99, 33, 89, 48, 50, 96, 53, 80, 4, 8, 27, 2, 39, 13, 0, 92, 49, 74, 34, 70]|[1, 1, 0, 1, 1, 1, 2, 2, 1, 2, 2, 1, 1, 1, 0, 0, 1, 0, 2, 2, 0, 1, 2, 2, 1, 2, 2, 0, 0, 1, 2, 1, 1, 0, 2, 0, 1, 1, 0, 1, 1, 1, 1, 0, 2, 1, 1, 0, 0, 0, 0, 1, 1, 2, 1, 2, 0, 0, 2, 0, 1, 2, 2, 1, 2, 1, 1, 1, 1, 1, 1, 2, 1, 0, 2, 0, 1, 2, 1, 0, 0, 2, 1, 0, 0, 2, 0, 0, 1, 1, 0, 0, 1, 0, 0, 0, 0, 2, 2, 1]|[0, 3, 1, 2, 0, 0, 1, 1, 4, 1, 1, 4, 4, 4, 2, 2, 4, 2, 1, 1, 1, 1, 2, 1, 2, 1, 1, 1, 1, 4, 0, 3, 3, 0, 1, 1, 0, 3, 2, 2, 2, 2, 0, 1, 1, 0, 4, 0, 1, 2, 2, 1, 4, 0, 3, 2, 1, 2, 1, 2, 3, 1, 1, 3, 0, 4, 4, 1, 4, 3, 1, 2, 4, 1, 1, 1, 1, 1, 3, 1, 1, 1, 1, 1, 1, 1, 2, 1, 4, 3, 2, 2, 1, 2, 2, 0, 1, 1, 1, 4]|[1, 1, 1, 1, 3, 3, 0, 0, 0, 0, 0, 2, 0, 1, 0, 0, 3, 1, 0, 0, 0, 3, 1, 0, 2, 0, 0, 0, 1, 3, 0, 0, 0, 0, 1, 0, 0, 2, 1, 1, 1, 1, 0, 0, 0, 0, 2, 1, 0, 0, 0, 1, 3, 0, 0, 1, 0, 1, 0, 1, 2, 0, 0, 2, 1, 0, 2, 1, 1, 0, 3, 1, 3, 0, 0, 0, 2, 0, 0, 0, 0, 0, 1, 0, 0, 0, 1, 0, 0, 2, 1, 0, 1, 0, 0, 1, 1, 0, 0, 2],733.3116759547878,58140.55643565909,96674.14109675489,false
24,G4_BALANCED,G4_BALANCED,[31, 11, 15, 82, 26, 9, 95, 32, 77, 68, 47, 5, 93, 78, 86, 54, 85, 63, 18, 44, 20, 49, 36, 14, 74, 50, 53, 17, 21, 45, 71, 64, 3, 23, 30, 83, 24, 41, 60, 52, 65, 27, 90, 70, 39, 87, 48, 69, 99, 4, 46, 1, 13, 58, 97, 59, 28, 75, 73, 37, 35, 79, 22, 66, 76, 42, 40, 80, 96, 6, 16, 61, 33, 7, 57, 34, 12, 67, 10, 98, 56, 88, 29, 94, 91, 51, 19, 92, 43, 84, 38, 72, 81, 8, 2, 55, 62, 89, 25, 0]|[2, 1, 1, 2, 1, 2, 1, 1, 1, 1, 1, 0, 2, 2, 1, 2, 0, 0, 0, 2, 2, 1, 0, 2, 0, 2, 2, 1, 0, 1, 1, 1, 0, 0, 1, 0, 2, 1, 2, 2, 0, 0, 1, 1, 0, 2, 0, 2, 1, 0, 0, 2, 0, 0, 2, 0, 1, 0, 0, 0, 2, 1, 0, 2, 2, 0, 2, 2, 0, 1, 2, 1, 1, 2, 0, 1, 1, 1, 1, 2, 2, 1, 1, 2, 1, 1, 1, 0, 1, 0, 0, 1, 1, 1, 2, 0, 1, 1, 1, 0]|[1, 3, 2, 0, 4, 1, 4, 4, 2, 4, 3, 2, 1, 0, 2, 1, 1, 1, 2, 1, 1, 3, 0, 1, 0, 1, 1, 4, 1, 4, 3, 2, 2, 0, 4, 1, 1, 4, 0, 1, 2, 1, 4, 4, 1, 1, 0, 2, 3, 1, 2, 1, 2, 1, 1, 2, 4, 2, 0, 2, 2, 3, 1, 0, 1, 2, 0, 1, 2, 4, 1, 3, 4, 1, 2, 4, 3, 3, 3, 1, 1, 4, 3, 1, 3, 3, 4, 2, 4, 2, 2, 4, 1, 3, 1, 2, 3, 4, 4, 2]|[1, 2, 1, 0, 3, 0, 1, 3, 0, 0, 2, 0, 1, 0, 1, 0, 0, 0, 1, 0, 0, 2, 0, 0, 1, 0, 0, 3, 0, 1, 0, 2, 0, 1, 3, 0, 1, 3, 1, 0, 0, 0, 1, 3, 0, 0, 1, 0, 2, 0, 0, 0, 0, 0, 1, 0, 1, 0, 1, 1, 0, 2, 0, 0, 0, 0, 0, 0, 0, 2, 0, 0, 1, 0, 0, 1, 0, 0, 3, 0, 0, 1, 0, 0, 0, 0, 3, 0, 2, 0, 0, 2, 1, 0, 0, 0, 0, 1, 3, 0],836.569815134707,52504.092339752446,107095.57005228325,false
24,G2_TEC,G2_TEC,[31, 22, 82, 15, 26, 9, 95, 42, 77, 68, 47, 5, 93, 78, 86, 54, 85, 63, 18, 44, 20, 49, 36, 14, 74, 50, 53, 17, 21, 28, 11, 64, 3, 23, 30, 83, 24, 41, 40, 52, 65, 27, 90, 70, 39, 87, 48, 69, 99, 4, 46, 1, 13, 58, 97, 59, 45, 8, 73, 37, 35, 79, 71, 66, 76, 32, 60, 80, 96, 6, 16, 61, 33, 7, 57, 34, 12, 67, 10, 98, 56, 88, 29, 75, 91, 38, 19, 92, 43, 84, 51, 72, 81, 25, 2, 55, 62, 89, 94, 0]|[2, 1, 2, 1, 1, 2, 1, 1, 1, 1, 1, 0, 2, 2, 1, 2, 0, 0, 0, 2, 2, 1, 0, 2, 0, 2, 2, 1, 0, 1, 1, 1, 0, 0, 1, 0, 2, 1, 2, 2, 0, 0, 1, 1, 0, 2, 0, 2, 1, 0, 0, 2, 0, 0, 2, 0, 1, 1, 0, 0, 2, 1, 1, 2, 2, 0, 2, 2, 0, 1, 2, 1, 1, 2, 0, 1, 1, 1, 1, 2, 2, 1, 1, 0, 1, 0, 1, 0, 1, 0, 1, 1, 1, 1, 2, 0, 1, 1, 2, 0]|[0, 3, 0, 3, 4, 1, 4, 4, 2, 4, 3, 2, 1, 0, 2, 1, 1, 1, 2, 1, 1, 3, 0, 1, 0, 1, 1, 4, 1, 4, 3, 2, 2, 0, 4, 1, 1, 4, 0, 1, 2, 1, 4, 4, 1, 1, 0, 2, 3, 2, 2, 1, 2, 1, 1, 2, 4, 3, 0, 2, 2, 3, 3, 0, 1, 2, 0, 1, 2, 4, 1, 3, 4, 1, 2, 4, 3, 3, 3, 1, 1, 4, 3, 2, 3, 2, 4, 2, 4, 2, 3, 4, 4, 4, 1, 2, 3, 4, 1, 2]|[0, 2, 0, 0, 3, 0, 1, 3, 0, 0, 2, 0, 1, 0, 1, 0, 0, 0, 1, 0, 0, 2, 0, 0, 1, 0, 0, 3, 0, 1, 0, 2, 0, 0, 3, 0, 1, 3, 0, 0, 0, 0, 1, 3, 0, 0, 1, 0, 2, 0, 0, 0, 0, 0, 1, 0, 1, 0, 1, 1, 0, 2, 0, 0, 0, 0, 0, 0, 0, 2, 0, 0, 1, 0, 0, 1, 0, 0, 3, 0, 0, 1, 0, 0, 0, 0, 1, 0, 2, 0, 0, 2, 1, 3, 0, 0, 0, 1, 0, 0],896.1029292898813,50428.13444364295,114595.46915086164,false
24,G3_TWC,G1_CMAX,[31, 22, 82, 15, 26, 9, 42, 95, 77, 12, 47, 5, 93, 78, 86, 54, 85, 63, 18, 44, 20, 35, 43, 97, 91, 76, 10, 30, 21, 45, 71, 64, 1, 23, 17, 83, 24, 14, 60, 36, 6, 57, 94, 88, 65, 56, 79, 40, 67, 68, 46, 75, 38, 58, 19, 32, 81, 41, 27, 62, 87, 90, 99, 59, 11, 16, 72, 73, 70, 39, 37, 84, 3, 92, 25, 55, 28, 29, 51, 7, 33, 61, 98, 66, 89, 50, 8, 96, 53, 4, 80, 13, 34, 49, 52, 0, 48, 69, 2, 74]|[1, 1, 0, 1, 1, 1, 2, 1, 2, 1, 2, 2, 2, 1, 1, 0, 0, 1, 0, 2, 2, 0, 1, 2, 0, 1, 2, 2, 0, 0, 1, 2, 1, 2, 1, 0, 2, 0, 1, 1, 0, 1, 1, 1, 0, 2, 1, 1, 0, 0, 0, 0, 1, 1, 2, 1, 2, 0, 0, 0, 2, 1, 0, 1, 2, 1, 2, 1, 1, 1, 1, 1, 1, 0, 1, 1, 0, 0, 0, 1, 2, 1, 0, 2, 1, 0, 1, 0, 0, 0, 0, 0, 2, 0, 1, 0, 0, 1, 0, 2]|[4, 3, 2, 2, 0, 0, 2, 2, 2, 4, 1, 1, 2, 4, 4, 1, 2, 4, 2, 1, 1, 1, 1, 2, 1, 2, 1, 1, 1, 1, 3, 2, 3, 0, 4, 0, 1, 1, 0, 3, 2, 2, 4, 0, 1, 1, 0, 2, 0, 1, 2, 2, 1, 4, 0, 3, 2, 1, 1, 2, 1, 3, 1, 1, 1, 3, 0, 4, 3, 1, 4, 1, 1, 0, 4, 4, 2, 1, 1, 3, 1, 3, 1, 1, 1, 1, 3, 1, 2, 2, 1, 1, 1, 1, 1, 2, 2, 3, 2, 1]|[0, 2, 1, 1, 3, 3, 0, 1, 0, 0, 0, 0, 1, 0, 1, 0, 0, 3, 1, 0, 0, 0, 3, 1, 0, 2, 0, 0, 0, 1, 0, 0, 0, 0, 3, 0, 1, 0, 0, 2, 1, 1, 2, 0, 0, 0, 0, 1, 1, 0, 0, 0, 1, 3, 0, 0, 1, 0, 0, 1, 0, 2, 0, 1, 0, 2, 1, 0, 0, 1, 1, 3, 1, 1, 3, 3, 1, 0, 0, 2, 0, 0, 0, 0, 1, 0, 2, 0, 1, 1, 0, 0, 0, 1, 1, 0, 0, 0, 0, 0],800.9728923351585,58117.763115372225,90558.04465999853,true
24,G1_CMAX,G1_CMAX,[31, 22, 82, 15, 26, 9, 42, 77, 12, 5, 47, 93, 78, 86, 54, 6, 63, 18, 44, 20, 35, 43, 97, 91, 76, 10, 30, 21, 45, 17, 23, 1, 71, 83, 24, 14, 60, 36, 85, 57, 40, 95, 88, 65, 56, 79, 94, 67, 68, 46, 75, 38, 58, 19, 32, 81, 41, 62, 87, 28, 90, 59, 11, 16, 72, 73, 69, 52, 37, 64, 84, 3, 25, 29, 55, 51, 7, 98, 61, 66, 99, 33, 89, 48, 50, 96, 53, 80, 4, 8, 27, 2, 39, 13, 0, 92, 49, 74, 34, 70]|[1, 1, 0, 1, 1, 1, 2, 2, 1, 2, 2, 1, 1, 1, 0, 0, 1, 0, 2, 2, 0, 1, 2, 2, 1, 2, 2, 0, 0, 1, 2, 1, 1, 0, 2, 0, 1, 1, 0, 1, 1, 1, 1, 0, 2, 1, 1, 0, 0, 0, 0, 1, 1, 2, 1, 2, 0, 0, 2, 0, 1, 2, 2, 1, 2, 1, 1, 1, 1, 1, 1, 2, 1, 0, 2, 0, 1, 2, 1, 0, 0, 2, 1, 0, 0, 2, 0, 0, 1, 1, 0, 0, 1, 0, 0, 0, 0, 2, 2, 1]|[0, 3, 1, 2, 0, 0, 1, 1, 4, 1, 1, 4, 4, 4, 2, 2, 4, 2, 1, 1, 1, 1, 2, 1, 2, 1, 1, 1, 1, 4, 0, 3, 3, 0, 1, 1, 0, 3, 2, 2, 2, 2, 0, 1, 1, 0, 4, 0, 1, 2, 2, 1, 4, 0, 3, 2, 1, 2, 1, 2, 3, 1, 1, 3, 0, 4, 4, 1, 4, 3, 1, 2, 4, 1, 1, 1, 1, 1, 3, 1, 1, 1, 1, 1, 1, 1, 2, 1, 4, 3, 2, 2, 1, 2, 2, 0, 1, 1, 1, 4]|[1, 1, 1, 1, 3, 3, 0, 0, 0, 0, 0, 2, 0, 1, 0, 0, 3, 1, 0, 0, 0, 3, 1, 0, 2, 0, 0, 0, 1, 3, 0, 0, 0, 0, 1, 0, 0, 2, 1, 1, 1, 1, 0, 0, 0, 0, 2, 1, 0, 0, 0, 1, 3, 0, 0, 1, 0, 1, 0, 1, 2, 0, 0, 2, 1, 0, 2, 1, 1, 0, 3, 1, 3, 0, 0, 0, 2, 0, 0, 0, 0, 0, 1, 0, 0, 0, 1, 0, 0, 2, 1, 0, 1, 0, 0, 1, 1, 0, 0, 2],733.3116759547878,58140.55643565909,96674.14109675489,false
24,G4_BALANCED,G4_BALANCED,[31, 11, 15, 82, 26, 9, 95, 32, 77, 68, 47, 5, 93, 78, 86, 54, 85, 63, 18, 44, 20, 49, 36, 14, 74, 50, 53, 17, 21, 45, 71, 64, 3, 23, 30, 83, 24, 41, 60, 52, 65, 27, 90, 70, 39, 87, 48, 69, 99, 4, 46, 1, 13, 58, 97, 59, 28, 75, 73, 37, 35, 79, 22, 66, 76, 42, 40, 80, 96, 6, 16, 61, 33, 7, 57, 34, 12, 67, 10, 98, 56, 88, 29, 94, 91, 51, 19, 92, 43, 84, 38, 72, 81, 8, 2, 55, 62, 89, 25, 0]|[2, 1, 1, 2, 1, 2, 1, 1, 1, 1, 1, 0, 2, 2, 1, 2, 0, 0, 0, 2, 2, 1, 0, 2, 0, 2, 2, 1, 0, 1, 1, 1, 0, 0, 1, 0, 2, 1, 2, 2, 0, 0, 1, 1, 0, 2, 0, 2, 1, 0, 0, 2, 0, 0, 2, 0, 1, 0, 0, 0, 2, 1, 0, 2, 2, 0, 2, 2, 0, 1, 2, 1, 1, 2, 0, 1, 1, 1, 1, 2, 2, 1, 1, 2, 1, 1, 1, 0, 1, 0, 0, 1, 1, 1, 2, 0, 1, 1, 1, 0]|[1, 3, 2, 0, 4, 1, 4, 4, 2, 4, 3, 2, 1, 0, 2, 1, 1, 1, 2, 1, 1, 3, 0, 1, 0, 1, 1, 4, 1, 4, 3, 2, 2, 0, 4, 1, 1, 4, 0, 1, 2, 1, 4, 4, 1, 1, 0, 2, 3, 1, 2, 1, 2, 1, 1, 2, 4, 2, 0, 2, 2, 3, 1, 0, 1, 2, 0, 1, 2, 4, 1, 3, 4, 1, 2, 4, 3, 3, 3, 1, 1, 4, 3, 1, 3, 3, 4, 2, 4, 2, 2, 4, 1, 3, 1, 2, 3, 4, 4, 2]|[1, 2, 1, 0, 3, 0, 1, 3, 0, 0, 2, 0, 1, 0, 1, 0, 0, 0, 1, 0, 0, 2, 0, 0, 1, 0, 0, 3, 0, 1, 0, 2, 0, 1, 3, 0, 1, 3, 1, 0, 0, 0, 1, 3, 0, 0, 1, 0, 2, 0, 0, 0, 0, 0, 1, 0, 1, 0, 1, 1, 0, 2, 0, 0, 0, 0, 0, 0, 0, 2, 0, 0, 1, 0, 0, 1, 0, 0, 3, 0, 0, 1, 0, 0, 0, 0, 3, 0, 2, 0, 0, 2, 1, 0, 0, 0, 0, 1, 3, 0],836.569815134707,52504.092339752446,107095.57005228325,false
24,G2_TEC,G2_TEC,[31, 22, 82, 15, 26, 9, 95, 42, 77, 68, 47, 5, 93, 78, 86, 54, 85, 63, 18, 44, 20, 49, 36, 14, 74, 50, 53, 17, 21, 28, 11, 64, 3, 23, 30, 83, 24, 41, 40, 52, 65, 27, 90, 70, 39, 87, 48, 69, 99, 4, 46, 1, 13, 58, 97, 59, 45, 8, 73, 37, 35, 79, 71, 66, 76, 32, 60, 80, 96, 6, 16, 61, 33, 7, 57, 34, 12, 67, 10, 98, 56, 88, 29, 75, 91, 38, 19, 92, 43, 84, 51, 72, 81, 25, 2, 55, 62, 89, 94, 0]|[2, 1, 2, 1, 1, 2, 1, 1, 1, 1, 1, 0, 2, 2, 1, 2, 0, 0, 0, 2, 2, 1, 0, 2, 0, 2, 2, 1, 0, 1, 1, 1, 0, 0, 1, 0, 2, 1, 2, 2, 0, 0, 1, 1, 0, 2, 0, 2, 1, 0, 0, 2, 0, 0, 2, 0, 1, 1, 0, 0, 2, 1, 1, 2, 2, 0, 2, 2, 0, 1, 2, 1, 1, 2, 0, 1, 1, 1, 1, 2, 2, 1, 1, 0, 1, 0, 1, 0, 1, 0, 1, 1, 1, 1, 2, 0, 1, 1, 2, 0]|[0, 3, 0, 3, 4, 1, 4, 4, 2, 4, 3, 2, 1, 0, 2, 1, 1, 1, 2, 1, 1, 3, 0, 1, 0, 1, 1, 4, 1, 4, 3, 2, 2, 0, 4, 1, 1, 4, 0, 1, 2, 1, 4, 4, 1, 1, 0, 2, 3, 2, 2, 1, 2, 1, 1, 2, 4, 3, 0, 2, 2, 3, 3, 0, 1, 2, 0, 1, 2, 4, 1, 3, 4, 1, 2, 4, 3, 3, 3, 1, 1, 4, 3, 2, 3, 2, 4, 2, 4, 2, 3, 4, 4, 4, 1, 2, 3, 4, 1, 2]|[0, 2, 0, 0, 3, 0, 1, 3, 0, 0, 2, 0, 1, 0, 1, 0, 0, 0, 1, 0, 0, 2, 0, 0, 1, 0, 0, 3, 0, 1, 0, 2, 0, 0, 3, 0, 1, 3, 0, 0, 0, 0, 1, 3, 0, 0, 1, 0, 2, 0, 0, 0, 0, 0, 1, 0, 1, 0, 1, 1, 0, 2, 0, 0, 0, 0, 0, 0, 0, 2, 0, 0, 1, 0, 0, 1, 0, 0, 3, 0, 0, 1, 0, 0, 0, 0, 1, 0, 2, 0, 0, 2, 1, 3, 0, 0, 0, 1, 0, 0],896.1029292898813,50428.13444364295,114595.46915086164,false
24,G3_TWC,G1_CMAX,[31, 22, 82, 15, 26, 9, 42, 95, 77, 12, 47, 5, 93, 78, 86, 54, 85, 63, 18, 44, 20, 35, 43, 97, 91, 76, 10, 30, 21, 45, 71, 64, 1, 23, 17, 83, 24, 14, 60, 36, 6, 57, 94, 88, 65, 56, 79, 40, 67, 68, 46, 75, 38, 58, 19, 32, 81, 41, 27, 62, 87, 90, 99, 59, 11, 16, 72, 73, 70, 39, 37, 84, 3, 92, 25, 55, 28, 29, 51, 7, 33, 61, 98, 66, 89, 50, 8, 96, 53, 4, 80, 13, 34, 49, 52, 0, 48, 69, 2, 74]|[1, 1, 0, 1, 1, 1, 2, 1, 2, 1, 2, 2, 2, 1, 1, 0, 0, 1, 0, 2, 2, 0, 1, 2, 0, 1, 2, 2, 0, 0, 1, 2, 1, 2, 1, 0, 2, 0, 1, 1, 0, 1, 1, 1, 0, 2, 1, 1, 0, 0, 0, 0, 1, 1, 2, 1, 2, 0, 0, 0, 2, 1, 0, 1, 2, 1, 2, 1, 1, 1, 1, 1, 1, 0, 1, 1, 0, 0, 0, 1, 2, 1, 0, 2, 1, 0, 1, 0, 0, 0, 0, 0, 2, 0, 1, 0, 0, 1, 0, 2]|[4, 3, 2, 2, 0, 0, 2, 2, 2, 4, 1, 1, 2, 4, 4, 1, 2, 4, 2, 1, 1, 1, 1, 2, 1, 2, 1, 1, 1, 1, 3, 2, 3, 0, 4, 0, 1, 1, 0, 3, 2, 2, 4, 0, 1, 1, 0, 2, 0, 1, 2, 2, 1, 4, 0, 3, 2, 1, 1, 2, 1, 3, 1, 1, 1, 3, 0, 4, 3, 1, 4, 1, 1, 0, 4, 4, 2, 1, 1, 3, 1, 3, 1, 1, 1, 1, 3, 1, 2, 2, 1, 1, 1, 1, 1, 2, 2, 3, 2, 1]|[0, 2, 1, 1, 3, 3, 0, 1, 0, 0, 0, 0, 1, 0, 1, 0, 0, 3, 1, 0, 0, 0, 3, 1, 0, 2, 0, 0, 0, 1, 0, 0, 0, 0, 3, 0, 1, 0, 0, 2, 1, 1, 2, 0, 0, 0, 0, 1, 1, 0, 0, 0, 1, 3, 0, 0, 1, 0, 0, 1, 0, 2, 0, 1, 0, 2, 1, 0, 0, 1, 1, 3, 1, 1, 3, 3, 1, 0, 0, 2, 0, 0, 0, 0, 1, 0, 2, 0, 1, 1, 0, 0, 0, 1, 1, 0, 0, 0, 0, 0],800.9728923351585,58117.763115372225,90558.04465999853,true
24,G1_CMAX,G1_CMAX,[31, 22, 82, 15, 26, 9, 42, 77, 12, 5, 47, 93, 78, 86, 54, 6, 63, 18, 44, 20, 35, 43, 97, 91, 76, 10, 30, 21, 45, 17, 23, 1, 71, 83, 24, 14, 60, 36, 85, 57, 40, 95, 88, 65, 56, 79, 94, 67, 68, 46, 75, 38, 58, 19, 32, 81, 41, 62, 87, 28, 90, 59, 11, 16, 72, 73, 69, 52, 37, 64, 84, 3, 25, 29, 55, 51, 7, 98, 61, 66, 99, 33, 89, 48, 50, 96, 53, 80, 4, 8, 27, 2, 39, 13, 0, 92, 49, 74, 34, 70]|[1, 1, 0, 1, 1, 1, 2, 2, 1, 2, 2, 1, 1, 1, 0, 0, 1, 0, 2, 2, 0, 1, 2, 2, 1, 2, 2, 0, 0, 1, 2, 1, 1, 0, 2, 0, 1, 1, 0, 1, 1, 1, 1, 0, 2, 1, 1, 0, 0, 0, 0, 1, 1, 2, 1, 2, 0, 0, 2, 0, 1, 2, 2, 1, 2, 1, 1, 1, 1, 1, 1, 2, 1, 0, 2, 0, 1, 2, 1, 0, 0, 2, 1, 0, 0, 2, 0, 0, 1, 1, 0, 0, 1, 0, 0, 0, 0, 2, 2, 1]|[0, 3, 1, 2, 0, 0, 1, 1, 4, 1, 1, 4, 4, 4, 2, 2, 4, 2, 1, 1, 1, 1, 2, 1, 2, 1, 1, 1, 1, 4, 0, 3, 3, 0, 1, 1, 0, 3, 2, 2, 2, 2, 0, 1, 1, 0, 4, 0, 1, 2, 2, 1, 4, 0, 3, 2, 1, 2, 1, 2, 3, 1, 1, 3, 0, 4, 4, 1, 4, 3, 1, 2, 4, 1, 1, 1, 1, 1, 3, 1, 1, 1, 1, 1, 1, 1, 2, 1, 4, 3, 2, 2, 1, 2, 2, 0, 1, 1, 1, 4]|[1, 1, 1, 1, 3, 3, 0, 0, 0, 0, 0, 2, 0, 1, 0, 0, 3, 1, 0, 0, 0, 3, 1, 0, 2, 0, 0, 0, 1, 3, 0, 0, 0, 0, 1, 0, 0, 2, 1, 1, 1, 1, 0, 0, 0, 0, 2, 1, 0, 0, 0, 1, 3, 0, 0, 1, 0, 1, 0, 1, 2, 0, 0, 2, 1, 0, 2, 1, 1, 0, 3, 1, 3, 0, 0, 0, 2, 0, 0, 0, 0, 0, 1, 0, 0, 0, 1, 0, 0, 2, 1, 0, 1, 0, 0, 1, 1, 0, 0, 2],733.3116759547878,58140.55643565909,96674.14109675489,false
24,G4_BALANCED,G4_BALANCED,[31, 11, 15, 82, 26, 9, 95, 32, 77, 68, 47, 5, 93, 78, 86, 54, 85, 63, 18, 44, 20, 49, 36, 14, 74, 50, 53, 17, 21, 45, 71, 64, 3, 23, 30, 83, 24, 41, 60, 52, 65, 27, 90, 70, 39, 87, 48, 69, 99, 4, 46, 1, 13, 58, 97, 59, 28, 75, 73, 37, 35, 79, 22, 66, 76, 42, 40, 80, 96, 6, 16, 61, 33, 7, 57, 34, 12, 67, 10, 98, 56, 88, 29, 94, 91, 51, 19, 92, 43, 84, 38, 72, 81, 8, 2, 55, 62, 89, 25, 0]|[2, 1, 1, 2, 1, 2, 1, 1, 1, 1, 1, 0, 2, 2, 1, 2, 0, 0, 0, 2, 2, 1, 0, 2, 0, 2, 2, 1, 0, 1, 1, 1, 0, 0, 1, 0, 2, 1, 2, 2, 0, 0, 1, 1, 0, 2, 0, 2, 1, 0, 0, 2, 0, 0, 2, 0, 1, 0, 0, 0, 2, 1, 0, 2, 2, 0, 2, 2, 0, 1, 2, 1, 1, 2, 0, 1, 1, 1, 1, 2, 2, 1, 1, 2, 1, 1, 1, 0, 1, 0, 0, 1, 1, 1, 2, 0, 1, 1, 1, 0]|[1, 3, 2, 0, 4, 1, 4, 4, 2, 4, 3, 2, 1, 0, 2, 1, 1, 1, 2, 1, 1, 3, 0, 1, 0, 1, 1, 4, 1, 4, 3, 2, 2, 0, 4, 1, 1, 4, 0, 1, 2, 1, 4, 4, 1, 1, 0, 2, 3, 1, 2, 1, 2, 1, 1, 2, 4, 2, 0, 2, 2, 3, 1, 0, 1, 2, 0, 1, 2, 4, 1, 3, 4, 1, 2, 4, 3, 3, 3, 1, 1, 4, 3, 1, 3, 3, 4, 2, 4, 2, 2, 4, 1, 3, 1, 2, 3, 4, 4, 2]|[1, 2, 1, 0, 3, 0, 1, 3, 0, 0, 2, 0, 1, 0, 1, 0, 0, 0, 1, 0, 0, 2, 0, 0, 1, 0, 0, 3, 0, 1, 0, 2, 0, 1, 3, 0, 1, 3, 1, 0, 0, 0, 1, 3, 0, 0, 1, 0, 2, 0, 0, 0, 0, 0, 1, 0, 1, 0, 1, 1, 0, 2, 0, 0, 0, 0, 0, 0, 0, 2, 0, 0, 1, 0, 0, 1, 0, 0, 3, 0, 0, 1, 0, 0, 0, 0, 3, 0, 2, 0, 0, 2, 1, 0, 0, 0, 0, 1, 3, 0],836.569815134707,52504.092339752446,107095.57005228325,false
24,G2_TEC,G2_TEC,[31, 22, 82, 15, 26, 9, 95, 42, 77, 68, 47, 5, 93, 78, 86, 54, 85, 63, 18, 44, 20, 49, 36, 14, 74, 50, 53, 17, 21, 28, 11, 64, 3, 23, 30, 83, 24, 41, 40, 52, 65, 27, 90, 70, 39, 87, 48, 69, 99, 4, 46, 1, 13, 58, 97, 59, 45, 8, 73, 37, 35, 79, 71, 66, 76, 32, 60, 80, 96, 6, 16, 61, 33, 7, 57, 34, 12, 67, 10, 98, 56, 88, 29, 75, 91, 38, 19, 92, 43, 84, 51, 72, 81, 25, 2, 55, 62, 89, 94, 0]|[2, 1, 2, 1, 1, 2, 1, 1, 1, 1, 1, 0, 2, 2, 1, 2, 0, 0, 0, 2, 2, 1, 0, 2, 0, 2, 2, 1, 0, 1, 1, 1, 0, 0, 1, 0, 2, 1, 2, 2, 0, 0, 1, 1, 0, 2, 0, 2, 1, 0, 0, 2, 0, 0, 2, 0, 1, 1, 0, 0, 2, 1, 1, 2, 2, 0, 2, 2, 0, 1, 2, 1, 1, 2, 0, 1, 1, 1, 1, 2, 2, 1, 1, 0, 1, 0, 1, 0, 1, 0, 1, 1, 1, 1, 2, 0, 1, 1, 2, 0]|[0, 3, 0, 3, 4, 1, 4, 4, 2, 4, 3, 2, 1, 0, 2, 1, 1, 1, 2, 1, 1, 3, 0, 1, 0, 1, 1, 4, 1, 4, 3, 2, 2, 0, 4, 1, 1, 4, 0, 1, 2, 1, 4, 4, 1, 1, 0, 2, 3, 2, 2, 1, 2, 1, 1, 2, 4, 3, 0, 2, 2, 3, 3, 0, 1, 2, 0, 1, 2, 4, 1, 3, 4, 1, 2, 4, 3, 3, 3, 1, 1, 4, 3, 2, 3, 2, 4, 2, 4, 2, 3, 4, 4, 4, 1, 2, 3, 4, 1, 2]|[0, 2, 0, 0, 3, 0, 1, 3, 0, 0, 2, 0, 1, 0, 1, 0, 0, 0, 1, 0, 0, 2, 0, 0, 1, 0, 0, 3, 0, 1, 0, 2, 0, 0, 3, 0, 1, 3, 0, 0, 0, 0, 1, 3, 0, 0, 1, 0, 2, 0, 0, 0, 0, 0, 1, 0, 1, 0, 1, 1, 0, 2, 0, 0, 0, 0, 0, 0, 0, 2, 0, 0, 1, 0, 0, 1, 0, 0, 3, 0, 0, 1, 0, 0, 0, 0, 1, 0, 2, 0, 0, 2, 1, 3, 0, 0, 0, 1, 0, 0],896.1029292898813,50428.13444364295,114595.46915086164,false
24,G3_TWC,G1_CMAX,[31, 22, 82, 15, 26, 9, 42, 95, 77, 12, 47, 5, 93, 78, 86, 54, 85, 63, 18, 44, 20, 35, 43, 97, 91, 76, 10, 30, 21, 45, 71, 64, 1, 23, 17, 83, 24, 14, 60, 36, 6, 57, 94, 88, 65, 56, 79, 40, 67, 68, 46, 75, 38, 58, 19, 32, 81, 41, 27, 62, 87, 90, 99, 59, 11, 16, 72, 73, 70, 39, 37, 84, 3, 92, 25, 55, 28, 29, 51, 7, 33, 61, 98, 66, 89, 50, 8, 96, 53, 4, 80, 13, 34, 49, 52, 0, 48, 69, 2, 74]|[1, 1, 0, 1, 1, 1, 2, 1, 2, 1, 2, 2, 2, 1, 1, 0, 0, 1, 0, 2, 2, 0, 1, 2, 0, 1, 2, 2, 0, 0, 1, 2, 1, 2, 1, 0, 2, 0, 1, 1, 0, 1, 1, 1, 0, 2, 1, 1, 0, 0, 0, 0, 1, 1, 2, 1, 2, 0, 0, 0, 2, 1, 0, 1, 2, 1, 2, 1, 1, 1, 1, 1, 1, 0, 1, 1, 0, 0, 0, 1, 2, 1, 0, 2, 1, 0, 1, 0, 0, 0, 0, 0, 2, 0, 1, 0, 0, 1, 0, 2]|[4, 3, 2, 2, 0, 0, 2, 2, 2, 4, 1, 1, 2, 4, 4, 1, 2, 4, 2, 1, 1, 1, 1, 2, 1, 2, 1, 1, 1, 1, 3, 2, 3, 0, 4, 0, 1, 1, 0, 3, 2, 2, 4, 0, 1, 1, 0, 2, 0, 1, 2, 2, 1, 4, 0, 3, 2, 1, 1, 2, 1, 3, 1, 1, 1, 3, 0, 4, 3, 1, 4, 1, 1, 0, 4, 4, 2, 1, 1, 3, 1, 3, 1, 1, 1, 1, 3, 1, 2, 2, 1, 1, 1, 1, 1, 2, 2, 3, 2, 1]|[0, 2, 1, 1, 3, 3, 0, 1, 0, 0, 0, 0, 1, 0, 1, 0, 0, 3, 1, 0, 0, 0, 3, 1, 0, 2, 0, 0, 0, 1, 0, 0, 0, 0, 3, 0, 1, 0, 0, 2, 1, 1, 2, 0, 0, 0, 0, 1, 1, 0, 0, 0, 1, 3, 0, 0, 1, 0, 0, 1, 0, 2, 0, 1, 0, 2, 1, 0, 0, 1, 1, 3, 1, 1, 3, 3, 1, 0, 0, 2, 0, 0, 0, 0, 1, 0, 2, 0, 1, 1, 0, 0, 0, 1, 1, 0, 0, 0, 0, 0],800.9728923351585,58117.763115372225,90558.04465999853,true
24,G1_CMAX,G1_CMAX,[31, 22, 82, 15, 26, 9, 42, 77, 12, 5, 47, 93, 78, 86, 54, 6, 63, 18, 44, 20, 35, 43, 97, 91, 76, 10, 30, 21, 45, 17, 23, 1, 71, 83, 24, 14, 60, 36, 85, 57, 40, 95, 88, 65, 56, 79, 94, 67, 68, 46, 75, 38, 58, 19, 32, 81, 41, 62, 87, 28, 90, 59, 11, 16, 72, 73, 69, 52, 37, 64, 84, 3, 25, 29, 55, 51, 7, 98, 61, 66, 99, 33, 89, 48, 50, 96, 53, 80, 4, 8, 27, 2, 39, 13, 0, 92, 49, 74, 34, 70]|[1, 1, 0, 1, 1, 1, 2, 2, 1, 2, 2, 1, 1, 1, 0, 0, 1, 0, 2, 2, 0, 1, 2, 2, 1, 2, 2, 0, 0, 1, 2, 1, 1, 0, 2, 0, 1, 1, 0, 1, 1, 1, 1, 0, 2, 1, 1, 0, 0, 0, 0, 1, 1, 2, 1, 2, 0, 0, 2, 0, 1, 2, 2, 1, 2, 1, 1, 1, 1, 1, 1, 2, 1, 0, 2, 0, 1, 2, 1, 0, 0, 2, 1, 0, 0, 2, 0, 0, 1, 1, 0, 0, 1, 0, 0, 0, 0, 2, 2, 1]|[0, 3, 1, 2, 0, 0, 1, 1, 4, 1, 1, 4, 4, 4, 2, 2, 4, 2, 1, 1, 1, 1, 2, 1, 2, 1, 1, 1, 1, 4, 0, 3, 3, 0, 1, 1, 0, 3, 2, 2, 2, 2, 0, 1, 1, 0, 4, 0, 1, 2, 2, 1, 4, 0, 3, 2, 1, 2, 1, 2, 3, 1, 1, 3, 0, 4, 4, 1, 4, 3, 1, 2, 4, 1, 1, 1, 1, 1, 3, 1, 1, 1, 1, 1, 1, 1, 2, 1, 4, 3, 2, 2, 1, 2, 2, 0, 1, 1, 1, 4]|[1, 1, 1, 1, 3, 3, 0, 0, 0, 0, 0, 2, 0, 1, 0, 0, 3, 1, 0, 0, 0, 3, 1, 0, 2, 0, 0, 0, 1, 3, 0, 0, 0, 0, 1, 0, 0, 2, 1, 1, 1, 1, 0, 0, 0, 0, 2, 1, 0, 0, 0, 1, 3, 0, 0, 1, 0, 1, 0, 1, 2, 0, 0, 2, 1, 0, 2, 1, 1, 0, 3, 1, 3, 0, 0, 0, 2, 0, 0, 0, 0, 0, 1, 0, 0, 0, 1, 0, 0, 2, 1, 0, 1, 0, 0, 1, 1, 0, 0, 2],733.3116759547878,58140.55643565909,96674.14109675489,false
24,G4_BALANCED,G4_BALANCED,[31, 11, 15, 82, 26, 9, 95, 32, 77, 68, 47, 5, 93, 78, 86, 54, 85, 63, 18, 44, 20, 49, 36, 14, 74, 50, 53, 17, 21, 45, 71, 64, 3, 23, 30, 83, 24, 41, 60, 52, 65, 27, 90, 70, 39, 87, 48, 69, 99, 4, 46, 1, 13, 58, 97, 59, 28, 75, 73, 37, 35, 79, 22, 66, 76, 42, 40, 80, 96, 6, 16, 61, 33, 7, 57, 34, 12, 67, 10, 98, 56, 88, 29, 94, 91, 51, 19, 92, 43, 84, 38, 72, 81, 8, 2, 55, 62, 89, 25, 0]|[2, 1, 1, 2, 1, 2, 1, 1, 1, 1, 1, 0, 2, 2, 1, 2, 0, 0, 0, 2, 2, 1, 0, 2, 0, 2, 2, 1, 0, 1, 1, 1, 0, 0, 1, 0, 2, 1, 2, 2, 0, 0, 1, 1, 0, 2, 0, 2, 1, 0, 0, 2, 0, 0, 2, 0, 1, 0, 0, 0, 2, 1, 0, 2, 2, 0, 2, 2, 0, 1, 2, 1, 1, 2, 0, 1, 1, 1, 1, 2, 2, 1, 1, 2, 1, 1, 1, 0, 1, 0, 0, 1, 1, 1, 2, 0, 1, 1, 1, 0]|[1, 3, 2, 0, 4, 1, 4, 4, 2, 4, 3, 2, 1, 0, 2, 1, 1, 1, 2, 1, 1, 3, 0, 1, 0, 1, 1, 4, 1, 4, 3, 2, 2, 0, 4, 1, 1, 4, 0, 1, 2, 1, 4, 4, 1, 1, 0, 2, 3, 1, 2, 1, 2, 1, 1, 2, 4, 2, 0, 2, 2, 3, 1, 0, 1, 2, 0, 1, 2, 4, 1, 3, 4, 1, 2, 4, 3, 3, 3, 1, 1, 4, 3, 1, 3, 3, 4, 2, 4, 2, 2, 4, 1, 3, 1, 2, 3, 4, 4, 2]|[1, 2, 1, 0, 3, 0, 1, 3, 0, 0, 2, 0, 1, 0, 1, 0, 0, 0, 1, 0, 0, 2, 0, 0, 1, 0, 0, 3, 0, 1, 0, 2, 0, 1, 3, 0, 1, 3, 1, 0, 0, 0, 1, 3, 0, 0, 1, 0, 2, 0, 0, 0, 0, 0, 1, 0, 1, 0, 1, 1, 0, 2, 0, 0, 0, 0, 0, 0, 0, 2, 0, 0, 1, 0, 0, 1, 0, 0, 3, 0, 0, 1, 0, 0, 0, 0, 3, 0, 2, 0, 0, 2, 1, 0, 0, 0, 0, 1, 3, 0],836.569815134707,52504.092339752446,107095.57005228325,false
24,G2_TEC,G2_TEC,[31, 22, 82, 15, 26, 9, 95, 42, 77, 68, 47, 5, 93, 78, 86, 54, 85, 63, 18, 44, 20, 49, 36, 14, 74, 50, 53, 17, 21, 28, 11, 64, 3, 23, 30, 83, 24, 41, 40, 52, 65, 27, 90, 70, 39, 87, 48, 69, 99, 4, 46, 1, 13, 58, 97, 59, 45, 8, 73, 37, 35, 79, 71, 66, 76, 32, 60, 80, 96, 6, 16, 61, 33, 7, 57, 34, 12, 67, 10, 98, 56, 88, 29, 75, 91, 38, 19, 92, 43, 84, 51, 72, 81, 25, 2, 55, 62, 89, 94, 0]|[2, 1, 2, 1, 1, 2, 1, 1, 1, 1, 1, 0, 2, 2, 1, 2, 0, 0, 0, 2, 2, 1, 0, 2, 0, 2, 2, 1, 0, 1, 1, 1, 0, 0, 1, 0, 2, 1, 2, 2, 0, 0, 1, 1, 0, 2, 0, 2, 1, 0, 0, 2, 0, 0, 2, 0, 1, 1, 0, 0, 2, 1, 1, 2, 2, 0, 2, 2, 0, 1, 2, 1, 1, 2, 0, 1, 1, 1, 1, 2, 2, 1, 1, 0, 1, 0, 1, 0, 1, 0, 1, 1, 1, 1, 2, 0, 1, 1, 2, 0]|[0, 3, 0, 3, 4, 1, 4, 4, 2, 4, 3, 2, 1, 0, 2, 1, 1, 1, 2, 1, 1, 3, 0, 1, 0, 1, 1, 4, 1, 4, 3, 2, 2, 0, 4, 1, 1, 4, 0, 1, 2, 1, 4, 4, 1, 1, 0, 2, 3, 2, 2, 1, 2, 1, 1, 2, 4, 3, 0, 2, 2, 3, 3, 0, 1, 2, 0, 1, 2, 4, 1, 3, 4, 1, 2, 4, 3, 3, 3, 1, 1, 4, 3, 2, 3, 2, 4, 2, 4, 2, 3, 4, 4, 4, 1, 2, 3, 4, 1, 2]|[0, 2, 0, 0, 3, 0, 1, 3, 0, 0, 2, 0, 1, 0, 1, 0, 0, 0, 1, 0, 0, 2, 0, 0, 1, 0, 0, 3, 0, 1, 0, 2, 0, 0, 3, 0, 1, 3, 0, 0, 0, 0, 1, 3, 0, 0, 1, 0, 2, 0, 0, 0, 0, 0, 1, 0, 1, 0, 1, 1, 0, 2, 0, 0, 0, 0, 0, 0, 0, 2, 0, 0, 1, 0, 0, 1, 0, 0, 3, 0, 0, 1, 0, 0, 0, 0, 1, 0, 2, 0, 0, 2, 1, 3, 0, 0, 0, 1, 0, 0],896.1029292898813,50428.13444364295,114595.46915086164,false
24,G3_TWC,G1_CMAX,[31, 22, 82, 15, 26, 9, 42, 95, 77, 12, 47, 5, 93, 78, 86, 54, 85, 63, 18, 44, 20, 35, 43, 97, 91, 76, 10, 30, 21, 45, 71, 64, 1, 23, 17, 83, 24, 14, 60, 36, 6, 57, 94, 88, 65, 56, 79, 40, 67, 68, 46, 75, 38, 58, 19, 32, 81, 41, 27, 62, 87, 90, 99, 59, 11, 16, 72, 73, 70, 39, 37, 84, 3, 92, 25, 55, 28, 29, 51, 7, 33, 61, 98, 66, 89, 50, 8, 96, 53, 4, 80, 13, 34, 49, 52, 0, 48, 69, 2, 74]|[1, 1, 0, 1, 1, 1, 2, 1, 2, 1, 2, 2, 2, 1, 1, 0, 0, 1, 0, 2, 2, 0, 1, 2, 0, 1, 2, 2, 0, 0, 1, 2, 1, 2, 1, 0, 2, 0, 1, 1, 0, 1, 1, 1, 0, 2, 1, 1, 0, 0, 0, 0, 1, 1, 2, 1, 2, 0, 0, 0, 2, 1, 0, 1, 2, 1, 2, 1, 1, 1, 1, 1, 1, 0, 1, 1, 0, 0, 0, 1, 2, 1, 0, 2, 1, 0, 1, 0, 0, 0, 0, 0, 2, 0, 1, 0, 0, 1, 0, 2]|[4, 3, 2, 2, 0, 0, 2, 2, 2, 4, 1, 1, 2, 4, 4, 1, 2, 4, 2, 1, 1, 1, 1, 2, 1, 2, 1, 1, 1, 1, 3, 2, 3, 0, 4, 0, 1, 1, 0, 3, 2, 2, 4, 0, 1, 1, 0, 2, 0, 1, 2, 2, 1, 4, 0, 3, 2, 1, 1, 2, 1, 3, 1, 1, 1, 3, 0, 4, 3, 1, 4, 1, 1, 0, 4, 4, 2, 1, 1, 3, 1, 3, 1, 1, 1, 1, 3, 1, 2, 2, 1, 1, 1, 1, 1, 2, 2, 3, 2, 1]|[0, 2, 1, 1, 3, 3, 0, 1, 0, 0, 0, 0, 1, 0, 1, 0, 0, 3, 1, 0, 0, 0, 3, 1, 0, 2, 0, 0, 0, 1, 0, 0, 0, 0, 3, 0, 1, 0, 0, 2, 1, 1, 2, 0, 0, 0, 0, 1, 1, 0, 0, 0, 1, 3, 0, 0, 1, 0, 0, 1, 0, 2, 0, 1, 0, 2, 1, 0, 0, 1, 1, 3, 1, 1, 3, 3, 1, 0, 0, 2, 0, 0, 0, 0, 1, 0, 2, 0, 1, 1, 0, 0, 0, 1, 1, 0, 0, 0, 0, 0],800.9728923351585,58117.763115372225,90558.04465999853,true
25,G1_CMAX,G1_CMAX,[31, 22, 82, 15, 26, 9, 42, 77, 12, 5, 47, 93, 78, 86, 54, 6, 63, 18, 44, 20, 35, 43, 97, 91, 76, 10, 30, 21, 45, 17, 23, 1, 71, 83, 24, 14, 60, 36, 85, 57, 40, 95, 88, 65, 56, 79, 94, 67, 68, 46, 75, 38, 58, 19, 32, 81, 41, 62, 87, 28, 90, 59, 11, 16, 72, 73, 69, 52, 37, 64, 84, 3, 25, 29, 55, 51, 7, 98, 61, 66, 99, 33, 89, 48, 50, 96, 53, 80, 4, 8, 27, 2, 39, 13, 0, 92, 49, 74, 34, 70]|[1, 1, 0, 1, 1, 1, 2, 2, 1, 2, 2, 1, 1, 1, 0, 0, 1, 0, 2, 2, 0, 1, 2, 2, 1, 2, 2, 0, 0, 1, 2, 1, 1, 0, 2, 0, 1, 1, 0, 1, 1, 1, 1, 0, 2, 1, 1, 0, 0, 0, 0, 1, 1, 2, 1, 2, 0, 0, 2, 0, 1, 2, 2, 1, 2, 1, 1, 1, 1, 1, 1, 2, 1, 0, 2, 0, 1, 2, 1, 0, 0, 2, 1, 0, 0, 2, 0, 0, 1, 1, 0, 0, 1, 0, 0, 0, 0, 2, 2, 1]|[0, 3, 1, 2, 0, 0, 1, 1, 4, 1, 1, 4, 4, 4, 2, 2, 4, 2, 1, 1, 1, 1, 2, 1, 2, 1, 1, 1, 1, 4, 0, 3, 3, 0, 1, 1, 0, 3, 2, 2, 2, 2, 0, 1, 1, 0, 4, 0, 1, 2, 2, 1, 4, 0, 3, 2, 1, 2, 1, 2, 3, 1, 1, 3, 0, 4, 4, 1, 4, 3, 1, 2, 4, 1, 1, 1, 1, 1, 3, 1, 1, 1, 1, 1, 1, 1, 2, 1, 4, 3, 2, 2, 1, 2, 2, 0, 1, 1, 1, 4]|[1, 1, 1, 1, 3, 3, 0, 0, 0, 0, 0, 2, 0, 1, 0, 0, 3, 1, 0, 0, 0, 3, 1, 0, 2, 0, 0, 0, 1, 3, 0, 0, 0, 0, 1, 0, 0, 2, 1, 1, 1, 1, 0, 0, 0, 0, 2, 1, 0, 0, 0, 1, 3, 0, 0, 1, 0, 1, 0, 1, 2, 0, 0, 2, 1, 0, 2, 1, 1, 0, 3, 1, 3, 0, 0, 0, 2, 0, 0, 0, 0, 0, 1, 0, 0, 0, 1, 0, 0, 2, 1, 0, 1, 0, 0, 1, 1, 0, 0, 2],733.3116759547878,58140.55643565909,96674.14109675489,false
25,G4_BALANCED,G4_BALANCED,[31, 11, 15, 82, 26, 9, 95, 32, 77, 68, 47, 5, 93, 78, 86, 54, 85, 63, 18, 44, 20, 49, 36, 14, 74, 50, 53, 17, 21, 45, 71, 64, 3, 23, 30, 83, 24, 41, 60, 52, 65, 27, 90, 70, 39, 87, 48, 69, 99, 4, 46, 1, 13, 58, 97, 59, 28, 75, 73, 37, 35, 79, 22, 66, 76, 42, 40, 80, 96, 6, 16, 61, 33, 7, 57, 34, 12, 67, 10, 98, 56, 88, 29, 94, 91, 51, 19, 92, 43, 84, 38, 72, 81, 8, 2, 55, 62, 89, 25, 0]|[2, 1, 1, 2, 1, 2, 1, 1, 1, 1, 1, 0, 2, 2, 1, 2, 0, 0, 0, 2, 2, 1, 0, 2, 0, 2, 2, 1, 0, 1, 1, 1, 0, 0, 1, 0, 2, 1, 2, 2, 0, 0, 1, 1, 0, 2, 0, 2, 1, 0, 0, 2, 0, 0, 2, 0, 1, 0, 0, 0, 2, 1, 0, 2, 2, 0, 2, 2, 0, 1, 2, 1, 1, 2, 0, 1, 1, 1, 1, 2, 2, 1, 1, 2, 1, 1, 1, 0, 1, 0, 0, 1, 1, 1, 2, 0, 1, 1, 1, 0]|[1, 3, 2, 0, 4, 1, 4, 4, 2, 4, 3, 2, 1, 0, 2, 1, 1, 1, 2, 1, 1, 3, 0, 1, 0, 1, 1, 4, 1, 4, 3, 2, 2, 0, 4, 1, 1, 4, 0, 1, 2, 1, 4, 4, 1, 1, 0, 2, 3, 1, 2, 1, 2, 1, 1, 2, 4, 2, 0, 2, 2, 3, 1, 0, 1, 2, 0, 1, 2, 4, 1, 3, 4, 1, 2, 4, 3, 3, 3, 1, 1, 4, 3, 1, 3, 3, 4, 2, 4, 2, 2, 4, 1, 3, 1, 2, 3, 4, 4, 2]|[1, 2, 1, 0, 3, 0, 1, 3, 0, 0, 2, 0, 1, 0, 1, 0, 0, 0, 1, 0, 0, 2, 0, 0, 1, 0, 0, 3, 0, 1, 0, 2, 0, 1, 3, 0, 1, 3, 1, 0, 0, 0, 1, 3, 0, 0, 1, 0, 2, 0, 0, 0, 0, 0, 1, 0, 1, 0, 1, 1, 0, 2, 0, 0, 0, 0, 0, 0, 0, 2, 0, 0, 1, 0, 0, 1, 0, 0, 3, 0, 0, 1, 0, 0, 0, 0, 3, 0, 2, 0, 0, 2, 1, 0, 0, 0, 0, 1, 3, 0],836.569815134707,52504.092339752446,107095.57005228325,false
25,G2_TEC,G2_TEC,[31, 22, 82, 15, 26, 9, 95, 42, 77, 68, 47, 5, 93, 78, 86, 54, 85, 63, 18, 44, 20, 49, 36, 14, 74, 50, 53, 17, 21, 28, 11, 64, 3, 23, 30, 83, 24, 41, 40, 52, 65, 27, 90, 70, 39, 87, 48, 69, 99, 4, 46, 1, 13, 58, 97, 59, 45, 8, 73, 37, 35, 79, 71, 66, 76, 32, 60, 80, 96, 6, 16, 61, 33, 7, 57, 34, 12, 67, 10, 98, 56, 88, 43, 75, 91, 38, 19, 92, 29, 84, 51, 72, 81, 25, 2, 55, 94, 89, 62, 0]|[2, 1, 2, 1, 1, 2, 1, 1, 1, 1, 1, 0, 2, 2, 1, 2, 0, 0, 0, 2, 2, 1, 0, 2, 0, 2, 2, 1, 0, 1, 1, 1, 0, 0, 1, 0, 2, 1, 2, 2, 0, 0, 1, 1, 0, 2, 0, 2, 1, 0, 0, 2, 0, 0, 2, 0, 1, 1, 0, 0, 2, 1, 1, 2, 2, 0, 2, 2, 0, 1, 2, 1, 1, 2, 0, 1, 1, 1, 1, 2, 2, 1, 1, 0, 1, 0, 1, 0, 1, 0, 1, 1, 1, 1, 2, 0, 2, 1, 1, 0]|[0, 3, 0, 3, 4, 1, 4, 4, 2, 4, 3, 2, 1, 0, 2, 1, 1, 1, 2, 1, 1, 3, 0, 1, 0, 1, 1, 4, 1, 4, 3, 2, 2, 0, 4, 1, 1, 4, 0, 1, 2, 1, 4, 4, 1, 1, 0, 2, 3, 2, 2, 1, 2, 1, 1, 2, 4, 3, 0, 2, 2, 3, 3, 0, 1, 2, 0, 1, 2, 4, 1, 3, 4, 1, 2, 4, 3, 3, 3, 1, 1, 4, 4, 2, 3, 2, 4, 2, 3, 2, 3, 4, 4, 4, 1, 2, 1, 4, 3, 2]|[0, 2, 0, 0, 3, 0, 1, 3, 0, 0, 2, 0, 1, 0, 1, 0, 0, 0, 1, 0, 0, 2, 0, 0, 1, 0, 0, 3, 0, 1, 0, 2, 0, 0, 3, 0, 1, 3, 0, 0, 0, 0, 1, 3, 0, 0, 1, 0, 2, 0, 0, 0, 0, 0, 1, 0, 1, 0, 1, 1, 0, 2, 0, 0, 0, 0, 0, 0, 0, 2, 0, 0, 1, 0, 0, 1, 0, 0, 3, 0, 0, 1, 2, 0, 0, 0, 1, 0, 3, 0, 0, 2, 1, 3, 0, 0, 0, 1, 0, 0],884.1935202920454,50350.47642403707,113845.06305296552,false
25,G3_TWC,G1_CMAX,[31, 22, 82, 15, 26, 9, 42, 95, 77, 12, 47, 5, 93, 78, 86, 54, 85, 63, 18, 44, 20, 35, 43, 97, 91, 76, 10, 30, 21, 45, 71, 64, 1, 23, 17, 83, 24, 14, 60, 36, 6, 57, 94, 88, 65, 56, 79, 40, 67, 68, 46, 75, 38, 58, 19, 32, 81, 41, 27, 62, 87, 90, 99, 59, 11, 16, 72, 73, 70, 39, 37, 84, 3, 92, 25, 55, 28, 29, 51, 7, 33, 61, 98, 66, 89, 50, 8, 96, 53, 4, 80, 13, 34, 49, 52, 0, 48, 69, 2, 74]|[1, 1, 0, 1, 1, 1, 2, 1, 2, 1, 2, 2, 2, 1, 1, 0, 0, 1, 0, 2, 2, 0, 1, 2, 0, 1, 2, 2, 0, 0, 1, 2, 1, 2, 1, 0, 2, 0, 1, 1, 0, 1, 1, 1, 0, 2, 1, 1, 0, 0, 0, 0, 1, 1, 2, 1, 2, 0, 0, 0, 2, 1, 0, 1, 2, 1, 2, 1, 1, 1, 1, 1, 1, 0, 1, 1, 0, 0, 0, 1, 2, 1, 0, 2, 1, 0, 1, 0, 0, 0, 0, 0, 2, 0, 1, 0, 0, 1, 0, 2]|[4, 3, 2, 2, 0, 0, 2, 2, 2, 4, 1, 1, 2, 4, 4, 1, 2, 4, 2, 1, 1, 1, 1, 2, 1, 2, 1, 1, 1, 1, 3, 2, 3, 0, 4, 0, 1, 1, 0, 3, 2, 2, 4, 0, 1, 1, 0, 2, 0, 1, 2, 2, 1, 4, 0, 3, 2, 1, 1, 2, 1, 3, 1, 1, 1, 3, 0, 4, 3, 1, 4, 1, 1, 0, 4, 4, 2, 1, 1, 3, 1, 3, 1, 1, 1, 1, 3, 1, 2, 2, 1, 1, 1, 1, 1, 2, 2, 3, 2, 1]|[0, 2, 1, 1, 3, 3, 0, 1, 0, 0, 0, 0, 1, 0, 1, 0, 0, 3, 1, 0, 0, 0, 3, 1, 0, 2, 0, 0, 0, 1, 0, 0, 0, 0, 3, 0, 1, 0, 0, 2, 1, 1, 2, 0, 0, 0, 0, 1, 1, 0, 0, 0, 1, 3, 0, 0, 1, 0, 0, 1, 0, 2, 0, 1, 0, 2, 1, 0, 0, 1, 1, 3, 1, 1, 3, 3, 1, 0, 0, 2, 0, 0, 0, 0, 1, 0, 2, 0, 1, 1, 0, 0, 0, 1, 1, 0, 0, 0, 0, 0],800.9728923351585,58117.763115372225,90558.04465999853,true
25,G1_CMAX,G1_CMAX,[31, 22, 82, 15, 26, 9, 42, 77, 12, 5, 47, 93, 78, 86, 54, 6, 63, 18, 44, 20, 35, 43, 97, 91, 76, 10, 30, 21, 45, 17, 23, 1, 71, 83, 24, 14, 60, 36, 85, 57, 40, 95, 88, 65, 56, 79, 94, 67, 68, 46, 75, 38, 58, 19, 32, 81, 41, 62, 87, 28, 90, 59, 11, 16, 72, 73, 69, 52, 37, 64, 84, 3, 25, 29, 55, 51, 7, 98, 61, 66, 99, 33, 89, 48, 50, 96, 53, 80, 4, 8, 27, 2, 39, 13, 0, 92, 49, 74, 34, 70]|[1, 1, 0, 1, 1, 1, 2, 2, 1, 2, 2, 1, 1, 1, 0, 0, 1, 0, 2, 2, 0, 1, 2, 2, 1, 2, 2, 0, 0, 1, 2, 1, 1, 0, 2, 0, 1, 1, 0, 1, 1, 1, 1, 0, 2, 1, 1, 0, 0, 0, 0, 1, 1, 2, 1, 2, 0, 0, 2, 0, 1, 2, 2, 1, 2, 1, 1, 1, 1, 1, 1, 2, 1, 0, 2, 0, 1, 2, 1, 0, 0, 2, 1, 0, 0, 2, 0, 0, 1, 1, 0, 0, 1, 0, 0, 0, 0, 2, 2, 1]|[0, 3, 1, 2, 0, 0, 1, 1, 4, 1, 1, 4, 4, 4, 2, 2, 4, 2, 1, 1, 1, 1, 2, 1, 2, 1, 1, 1, 1, 4, 0, 3, 3, 0, 1, 1, 0, 3, 2, 2, 2, 2, 0, 1, 1, 0, 4, 0, 1, 2, 2, 1, 4, 0, 3, 2, 1, 2, 1, 2, 3, 1, 1, 3, 0, 4, 4, 1, 4, 3, 1, 2, 4, 1, 1, 1, 1, 1, 3, 1, 1, 1, 1, 1, 1, 1, 2, 1, 4, 3, 2, 2, 1, 2, 2, 0, 1, 1, 1, 4]|[1, 1, 1, 1, 3, 3, 0, 0, 0, 0, 0, 2, 0, 1, 0, 0, 3, 1, 0, 0, 0, 3, 1, 0, 2, 0, 0, 0, 1, 3, 0, 0, 0, 0, 1, 0, 0, 2, 1, 1, 1, 1, 0, 0, 0, 0, 2, 1, 0, 0, 0, 1, 3, 0, 0, 1, 0, 1, 0, 1, 2, 0, 0, 2, 1, 0, 2, 1, 1, 0, 3, 1, 3, 0, 0, 0, 2, 0, 0, 0, 0, 0, 1, 0, 0, 0, 1, 0, 0, 2, 1, 0, 1, 0, 0, 1, 1, 0, 0, 2],733.3116759547878,58140.55643565909,96674.14109675489,false
25,G4_BALANCED,G4_BALANCED,[31, 11, 15, 82, 26, 9, 95, 32, 77, 68, 47, 5, 93, 78, 86, 54, 85, 63, 18, 44, 20, 49, 36, 14, 74, 50, 53, 17, 21, 45, 71, 64, 3, 23, 30, 83, 24, 41, 60, 52, 65, 27, 90, 70, 39, 87, 48, 69, 99, 4, 46, 1, 13, 58, 97, 59, 28, 75, 73, 37, 35, 79, 22, 66, 76, 42, 40, 80, 96, 6, 16, 61, 33, 7, 57, 34, 12, 67, 10, 98, 56, 88, 29, 94, 91, 51, 19, 92, 43, 84, 38, 72, 81, 8, 2, 55, 62, 89, 25, 0]|[2, 1, 1, 2, 1, 2, 1, 1, 1, 1, 1, 0, 2, 2, 1, 2, 0, 0, 0, 2, 2, 1, 0, 2, 0, 2, 2, 1, 0, 1, 1, 1, 0, 0, 1, 0, 2, 1, 2, 2, 0, 0, 1, 1, 0, 2, 0, 2, 1, 0, 0, 2, 0, 0, 2, 0, 1, 0, 0, 0, 2, 1, 0, 2, 2, 0, 2, 2, 0, 1, 2, 1, 1, 2, 0, 1, 1, 1, 1, 2, 2, 1, 1, 2, 1, 1, 1, 0, 1, 0, 0, 1, 1, 1, 2, 0, 1, 1, 1, 0]|[1, 3, 2, 0, 4, 1, 4, 4, 2, 4, 3, 2, 1, 0, 2, 1, 1, 1, 2, 1, 1, 3, 0, 1, 0, 1, 1, 4, 1, 4, 3, 2, 2, 0, 4, 1, 1, 4, 0, 1, 2, 1, 4, 4, 1, 1, 0, 2, 3, 1, 2, 1, 2, 1, 1, 2, 4, 2, 0, 2, 2, 3, 1, 0, 1, 2, 0, 1, 2, 4, 1, 3, 4, 1, 2, 4, 3, 3, 3, 1, 1, 4, 3, 1, 3, 3, 4, 2, 4, 2, 2, 4, 1, 3, 1, 2, 3, 4, 4, 2]|[1, 2, 1, 0, 3, 0, 1, 3, 0, 0, 2, 0, 1, 0, 1, 0, 0, 0, 1, 0, 0, 2, 0, 0, 1, 0, 0, 3, 0, 1, 0, 2, 0, 1, 3, 0, 1, 3, 1, 0, 0, 0, 1, 3, 0, 0, 1, 0, 2, 0, 0, 0, 0, 0, 1, 0, 1, 0, 1, 1, 0, 2, 0, 0, 0, 0, 0, 0, 0, 2, 0, 0, 1, 0, 0, 1, 0, 0, 3, 0, 0, 1, 0, 0, 0, 0, 3, 0, 2, 0, 0, 2, 1, 0, 0, 0, 0, 1, 3, 0],836.569815134707,52504.092339752446,107095.57005228325,false
25,G2_TEC,G2_TEC,[31, 22, 82, 15, 26, 9, 95, 42, 77, 68, 47, 5, 93, 78, 86, 54, 85, 63, 18, 44, 20, 49, 36, 14, 74, 50, 53, 17, 21, 28, 11, 64, 3, 23, 30, 83, 24, 41, 40, 52, 65, 27, 90, 70, 39, 87, 48, 69, 99, 4, 46, 1, 13, 58, 97, 59, 45, 8, 73, 37, 35, 79, 71, 66, 76, 32, 60, 80, 96, 6, 16, 61, 33, 7, 57, 34, 12, 67, 10, 98, 56, 88, 43, 75, 91, 38, 19, 92, 29, 84, 51, 72, 81, 25, 2, 55, 94, 89, 62, 0]|[2, 1, 2, 1, 1, 2, 1, 1, 1, 1, 1, 0, 2, 2, 1, 2, 0, 0, 0, 2, 2, 1, 0, 2, 0, 2, 2, 1, 0, 1, 1, 1, 0, 0, 1, 0, 2, 1, 2, 2, 0, 0, 1, 1, 0, 2, 0, 2, 1, 0, 0, 2, 0, 0, 2, 0, 1, 1, 0, 0, 2, 1, 1, 2, 2, 0, 2, 2, 0, 1, 2, 1, 1, 2, 0, 1, 1, 1, 1, 2, 2, 1, 1, 0, 1, 0, 1, 0, 1, 0, 1, 1, 1, 1, 2, 0, 2, 1, 1, 0]|[0, 3, 0, 3, 4, 1, 4, 4, 2, 4, 3, 2, 1, 0, 2, 1, 1, 1, 2, 1, 1, 3, 0, 1, 0, 1, 1, 4, 1, 4, 3, 2, 2, 0, 4, 1, 1, 4, 0, 1, 2, 1, 4, 4, 1, 1, 0, 2, 3, 2, 2, 1, 2, 1, 1, 2, 4, 3, 0, 2, 2, 3, 3, 0, 1, 2, 0, 1, 2, 4, 1, 3, 4, 1, 2, 4, 3, 3, 3, 1, 1, 4, 4, 2, 3, 2, 4, 2, 3, 2, 3, 4, 4, 4, 1, 2, 1, 4, 3, 2]|[0, 2, 0, 0, 3, 0, 1, 3, 0, 0, 2, 0, 1, 0, 1, 0, 0, 0, 1, 0, 0, 2, 0, 0, 1, 0, 0, 3, 0, 1, 0, 2, 0, 0, 3, 0, 1, 3, 0, 0, 0, 0, 1, 3, 0, 0, 1, 0, 2, 0, 0, 0, 0, 0, 1, 0, 1, 0, 1, 1, 0, 2, 0, 0, 0, 0, 0, 0, 0, 2, 0, 0, 1, 0, 0, 1, 0, 0, 3, 0, 0, 1, 2, 0, 0, 0, 1, 0, 3, 0, 0, 2, 1, 3, 0, 0, 0, 1, 0, 0],884.1935202920454,50350.47642403707,113845.06305296552,false
25,G3_TWC,G1_CMAX,[31, 22, 82, 15, 26, 9, 42, 95, 77, 12, 47, 5, 93, 78, 86, 54, 85, 63, 18, 44, 20, 35, 43, 97, 91, 76, 10, 30, 21, 45, 71, 64, 1, 23, 17, 83, 24, 14, 60, 36, 6, 57, 94, 88, 65, 56, 79, 40, 67, 68, 46, 75, 38, 58, 19, 32, 81, 41, 27, 62, 87, 90, 99, 59, 11, 16, 72, 73, 70, 39, 37, 84, 3, 92, 25, 55, 28, 29, 51, 7, 33, 61, 98, 66, 89, 50, 8, 96, 53, 4, 80, 13, 34, 49, 52, 0, 48, 69, 2, 74]|[1, 1, 0, 1, 1, 1, 2, 1, 2, 1, 2, 2, 2, 1, 1, 0, 0, 1, 0, 2, 2, 0, 1, 2, 0, 1, 2, 2, 0, 0, 1, 2, 1, 2, 1, 0, 2, 0, 1, 1, 0, 1, 1, 1, 0, 2, 1, 1, 0, 0, 0, 0, 1, 1, 2, 1, 2, 0, 0, 0, 2, 1, 0, 1, 2, 1, 2, 1, 1, 1, 1, 1, 1, 0, 1, 1, 0, 0, 0, 1, 2, 1, 0, 2, 1, 0, 1, 0, 0, 0, 0, 0, 2, 0, 1, 0, 0, 1, 0, 2]|[4, 3, 2, 2, 0, 0, 2, 2, 2, 4, 1, 1, 2, 4, 4, 1, 2, 4, 2, 1, 1, 1, 1, 2, 1, 2, 1, 1, 1, 1, 3, 2, 3, 0, 4, 0, 1, 1, 0, 3, 2, 2, 4, 0, 1, 1, 0, 2, 0, 1, 2, 2, 1, 4, 0, 3, 2, 1, 1, 2, 1, 3, 1, 1, 1, 3, 0, 4, 3, 1, 4, 1, 1, 0, 4, 4, 2, 1, 1, 3, 1, 3, 1, 1, 1, 1, 3, 1, 2, 2, 1, 1, 1, 1, 1, 2, 2, 3, 2, 1]|[0, 2, 1, 1, 3, 3, 0, 1, 0, 0, 0, 0, 1, 0, 1, 0, 0, 3, 1, 0, 0, 0, 3, 1, 0, 2, 0, 0, 0, 1, 0, 0, 0, 0, 3, 0, 1, 0, 0, 2, 1, 1, 2, 0, 0, 0, 0, 1, 1, 0, 0, 0, 1, 3, 0, 0, 1, 0, 0, 1, 0, 2, 0, 1, 0, 2, 1, 0, 0, 1, 1, 3, 1, 1, 3, 3, 1, 0, 0, 2, 0, 0, 0, 0, 1, 0, 2, 0, 1, 1, 0, 0, 0, 1, 1, 0, 0, 0, 0, 0],800.9728923351585,58117.763115372225,90558.04465999853,true
25,G1_CMAX,G1_CMAX,[31, 22, 82, 15, 26, 9, 42, 77, 12, 5, 47, 93, 78, 86, 54, 6, 63, 18, 44, 20, 35, 43, 97, 91, 76, 10, 30, 21, 45, 17, 23, 1, 71, 83, 24, 14, 60, 36, 85, 57, 40, 95, 88, 65, 56, 79, 94, 67, 68, 46, 75, 38, 58, 19, 32, 81, 41, 62, 87, 28, 90, 59, 11, 16, 72, 73, 69, 52, 37, 64, 84, 3, 25, 29, 55, 51, 7, 98, 61, 66, 99, 33, 89, 48, 50, 96, 53, 80, 4, 8, 27, 2, 39, 13, 0, 92, 49, 74, 34, 70]|[1, 1, 0, 1, 1, 1, 2, 2, 1, 2, 2, 1, 1, 1, 0, 0, 1, 0, 2, 2, 0, 1, 2, 2, 1, 2, 2, 0, 0, 1, 2, 1, 1, 0, 2, 0, 1, 1, 0, 1, 1, 1, 1, 0, 2, 1, 1, 0, 0, 0, 0, 1, 1, 2, 1, 2, 0, 0, 2, 0, 1, 2, 2, 1, 2, 1, 1, 1, 1, 1, 1, 2, 1, 0, 2, 0, 1, 2, 1, 0, 0, 2, 1, 0, 0, 2, 0, 0, 1, 1, 0, 0, 1, 0, 0, 0, 0, 2, 2, 1]|[0, 3, 1, 2, 0, 0, 1, 1, 4, 1, 1, 4, 4, 4, 2, 2, 4, 2, 1, 1, 1, 1, 2, 1, 2, 1, 1, 1, 1, 4, 0, 3, 3, 0, 1, 1, 0, 3, 2, 2, 2, 2, 0, 1, 1, 0, 4, 0, 1, 2, 2, 1, 4, 0, 3, 2, 1, 2, 1, 2, 3, 1, 1, 3, 0, 4, 4, 1, 4, 3, 1, 2, 4, 1, 1, 1, 1, 1, 3, 1, 1, 1, 1, 1, 1, 1, 2, 1, 4, 3, 2, 2, 1, 2, 2, 0, 1, 1, 1, 4]|[1, 1, 1, 1, 3, 3, 0, 0, 0, 0, 0, 2, 0, 1, 0, 0, 3, 1, 0, 0, 0, 3, 1, 0, 2, 0, 0, 0, 1, 3, 0, 0, 0, 0, 1, 0, 0, 2, 1, 1, 1, 1, 0, 0, 0, 0, 2, 1, 0, 0, 0, 1, 3, 0, 0, 1, 0, 1, 0, 1, 2, 0, 0, 2, 1, 0, 2, 1, 1, 0, 3, 1, 3, 0, 0, 0, 2, 0, 0, 0, 0, 0, 1, 0, 0, 0, 1, 0, 0, 2, 1, 0, 1, 0, 0, 1, 1, 0, 0, 2],733.3116759547878,58140.55643565909,96674.14109675489,false
25,G4_BALANCED,G4_BALANCED,[31, 11, 15, 82, 26, 9, 95, 32, 77, 68, 47, 5, 93, 78, 86, 54, 85, 63, 18, 44, 20, 49, 36, 14, 74, 50, 53, 17, 21, 45, 71, 64, 3, 23, 30, 83, 24, 41, 60, 52, 65, 27, 90, 70, 39, 87, 48, 69, 99, 4, 46, 1, 13, 58, 97, 59, 28, 75, 73, 37, 35, 79, 22, 66, 76, 42, 40, 80, 96, 6, 16, 61, 33, 7, 57, 34, 12, 67, 10, 98, 56, 88, 29, 94, 91, 51, 19, 92, 43, 84, 38, 72, 81, 8, 2, 55, 62, 89, 25, 0]|[2, 1, 1, 2, 1, 2, 1, 1, 1, 1, 1, 0, 2, 2, 1, 2, 0, 0, 0, 2, 2, 1, 0, 2, 0, 2, 2, 1, 0, 1, 1, 1, 0, 0, 1, 0, 2, 1, 2, 2, 0, 0, 1, 1, 0, 2, 0, 2, 1, 0, 0, 2, 0, 0, 2, 0, 1, 0, 0, 0, 2, 1, 0, 2, 2, 0, 2, 2, 0, 1, 2, 1, 1, 2, 0, 1, 1, 1, 1, 2, 2, 1, 1, 2, 1, 1, 1, 0, 1, 0, 0, 1, 1, 1, 2, 0, 1, 1, 1, 0]|[1, 3, 2, 0, 4, 1, 4, 4, 2, 4, 3, 2, 1, 0, 2, 1, 1, 1, 2, 1, 1, 3, 0, 1, 0, 1, 1, 4, 1, 4, 3, 2, 2, 0, 4, 1, 1, 4, 0, 1, 2, 1, 4, 4, 1, 1, 0, 2, 3, 1, 2, 1, 2, 1, 1, 2, 4, 2, 0, 2, 2, 3, 1, 0, 1, 2, 0, 1, 2, 4, 1, 3, 4, 1, 2, 4, 3, 3, 3, 1, 1, 4, 3, 1, 3, 3, 4, 2, 4, 2, 2, 4, 1, 3, 1, 2, 3, 4, 4, 2]|[1, 2, 1, 0, 3, 0, 1, 3, 0, 0, 2, 0, 1, 0, 1, 0, 0, 0, 1, 0, 0, 2, 0, 0, 1, 0, 0, 3, 0, 1, 0, 2, 0, 1, 3, 0, 1, 3, 1, 0, 0, 0, 1, 3, 0, 0, 1, 0, 2, 0, 0, 0, 0, 0, 1, 0, 1, 0, 1, 1, 0, 2, 0, 0, 0, 0, 0, 0, 0, 2, 0, 0, 1, 0, 0, 1, 0, 0, 3, 0, 0, 1, 0, 0, 0, 0, 3, 0, 2, 0, 0, 2, 1, 0, 0, 0, 0, 1, 3, 0],836.569815134707,52504.092339752446,107095.57005228325,false
25,G2_TEC,G2_TEC,[31, 22, 82, 15, 26, 9, 95, 42, 77, 68, 47, 5, 93, 78, 86, 54, 85, 63, 18, 44, 20, 49, 36, 14, 74, 50, 53, 17, 21, 28, 11, 64, 3, 23, 30, 83, 24, 41, 40, 52, 65, 27, 90, 70, 39, 87, 48, 69, 99, 4, 46, 1, 13, 58, 97, 59, 45, 8, 73, 37, 35, 79, 71, 66, 76, 32, 60, 80, 96, 6, 16, 61, 33, 7, 57, 34, 12, 67, 10, 98, 56, 88, 43, 75, 91, 38, 19, 92, 29, 84, 51, 72, 81, 25, 2, 55, 94, 89, 62, 0]|[2, 1, 2, 1, 1, 2, 1, 1, 1, 1, 1, 0, 2, 2, 1, 2, 0, 0, 0, 2, 2, 1, 0, 2, 0, 2, 2, 1, 0, 1, 1, 1, 0, 0, 1, 0, 2, 1, 2, 2, 0, 0, 1, 1, 0, 2, 0, 2, 1, 0, 0, 2, 0, 0, 2, 0, 1, 1, 0, 0, 2, 1, 1, 2, 2, 0, 2, 2, 0, 1, 2, 1, 1, 2, 0, 1, 1, 1, 1, 2, 2, 1, 1, 0, 1, 0, 1, 0, 1, 0, 1, 1, 1, 1, 2, 0, 2, 1, 1, 0]|[0, 3, 0, 3, 4, 1, 4, 4, 2, 4, 3, 2, 1, 0, 2, 1, 1, 1, 2, 1, 1, 3, 0, 1, 0, 1, 1, 4, 1, 4, 3, 2, 2, 0, 4, 1, 1, 4, 0, 1, 2, 1, 4, 4, 1, 1, 0, 2, 3, 2, 2, 1, 2, 1, 1, 2, 4, 3, 0, 2, 2, 3, 3, 0, 1, 2, 0, 1, 2, 4, 1, 3, 4, 1, 2, 4, 3, 3, 3, 1, 1, 4, 4, 2, 3, 2, 4, 2, 3, 2, 3, 4, 4, 4, 1, 2, 1, 4, 3, 2]|[0, 2, 0, 0, 3, 0, 1, 3, 0, 0, 2, 0, 1, 0, 1, 0, 0, 0, 1, 0, 0, 2, 0, 0, 1, 0, 0, 3, 0, 1, 0, 2, 0, 0, 3, 0, 1, 3, 0, 0, 0, 0, 1, 3, 0, 0, 1, 0, 2, 0, 0, 0, 0, 0, 1, 0, 1, 0, 1, 1, 0, 2, 0, 0, 0, 0, 0, 0, 0, 2, 0, 0, 1, 0, 0, 1, 0, 0, 3, 0, 0, 1, 2, 0, 0, 0, 1, 0, 3, 0, 0, 2, 1, 3, 0, 0, 0, 1, 0, 0],884.1935202920454,50350.47642403707,113845.06305296552,false
25,G3_TWC,G1_CMAX,[31, 22, 82, 15, 26, 9, 42, 95, 77, 12, 47, 5, 93, 78, 86, 54, 85, 63, 18, 44, 20, 35, 43, 97, 91, 76, 10, 30, 21, 45, 71, 64, 1, 23, 17, 83, 24, 14, 60, 36, 6, 57, 94, 88, 65, 56, 79, 40, 67, 68, 46, 75, 38, 58, 19, 32, 81, 41, 27, 62, 87, 90, 99, 59, 11, 16, 72, 73, 70, 39, 37, 84, 3, 92, 25, 55, 28, 29, 51, 7, 33, 61, 98, 66, 89, 50, 8, 96, 53, 4, 80, 13, 34, 49, 52, 0, 48, 69, 2, 74]|[1, 1, 0, 1, 1, 1, 2, 1, 2, 1, 2, 2, 2, 1, 1, 0, 0, 1, 0, 2, 2, 0, 1, 2, 0, 1, 2, 2, 0, 0, 1, 2, 1, 2, 1, 0, 2, 0, 1, 1, 0, 1, 1, 1, 0, 2, 1, 1, 0, 0, 0, 0, 1, 1, 2, 1, 2, 0, 0, 0, 2, 1, 0, 1, 2, 1, 2, 1, 1, 1, 1, 1, 1, 0, 1, 1, 0, 0, 0, 1, 2, 1, 0, 2, 1, 0, 1, 0, 0, 0, 0, 0, 2, 0, 1, 0, 0, 1, 0, 2]|[4, 3, 2, 2, 0, 0, 2, 2, 2, 4, 1, 1, 2, 4, 4, 1, 2, 4, 2, 1, 1, 1, 1, 2, 1, 2, 1, 1, 1, 1, 3, 2, 3, 0, 4, 0, 1, 1, 0, 3, 2, 2, 4, 0, 1, 1, 0, 2, 0, 1, 2, 2, 1, 4, 0, 3, 2, 1, 1, 2, 1, 3, 1, 1, 1, 3, 0, 4, 3, 1, 4, 1, 1, 0, 4, 4, 2, 1, 1, 3, 1, 3, 1, 1, 1, 1, 3, 1, 2, 2, 1, 1, 1, 1, 1, 2, 2, 3, 2, 1]|[0, 2, 1, 1, 3, 3, 0, 1, 0, 0, 0, 0, 1, 0, 1, 0, 0, 3, 1, 0, 0, 0, 3, 1, 0, 2, 0, 0, 0, 1, 0, 0, 0, 0, 3, 0, 1, 0, 0, 2, 1, 1, 2, 0, 0, 0, 0, 1, 1, 0, 0, 0, 1, 3, 0, 0, 1, 0, 0, 1, 0, 2, 0, 1, 0, 2, 1, 0, 0, 1, 1, 3, 1, 1, 3, 3, 1, 0, 0, 2, 0, 0, 0, 0, 1, 0, 2, 0, 1, 1, 0, 0, 0, 1, 1, 0, 0, 0, 0, 0],800.9728923351585,58117.763115372225,90558.04465999853,true
25,G1_CMAX,G1_CMAX,[31, 22, 82, 15, 26, 9, 42, 77, 12, 5, 47, 93, 78, 86, 54, 6, 63, 18, 44, 20, 35, 43, 97, 91, 76, 10, 30, 21, 45, 17, 23, 1, 71, 83, 24, 14, 60, 36, 85, 57, 40, 95, 88, 65, 56, 79, 94, 67, 68, 46, 75, 38, 58, 19, 32, 81, 41, 62, 87, 28, 90, 59, 11, 16, 72, 73, 69, 52, 37, 64, 84, 3, 25, 29, 55, 51, 7, 98, 61, 66, 99, 33, 89, 48, 50, 96, 53, 80, 4, 8, 27, 2, 39, 13, 0, 92, 49, 74, 34, 70]|[1, 1, 0, 1, 1, 1, 2, 2, 1, 2, 2, 1, 1, 1, 0, 0, 1, 0, 2, 2, 0, 1, 2, 2, 1, 2, 2, 0, 0, 1, 2, 1, 1, 0, 2, 0, 1, 1, 0, 1, 1, 1, 1, 0, 2, 1, 1, 0, 0, 0, 0, 1, 1, 2, 1, 2, 0, 0, 2, 0, 1, 2, 2, 1, 2, 1, 1, 1, 1, 1, 1, 2, 1, 0, 2, 0, 1, 2, 1, 0, 0, 2, 1, 0, 0, 2, 0, 0, 1, 1, 0, 0, 1, 0, 0, 0, 0, 2, 2, 1]|[0, 3, 1, 2, 0, 0, 1, 1, 4, 1, 1, 4, 4, 4, 2, 2, 4, 2, 1, 1, 1, 1, 2, 1, 2, 1, 1, 1, 1, 4, 0, 3, 3, 0, 1, 1, 0, 3, 2, 2, 2, 2, 0, 1, 1, 0, 4, 0, 1, 2, 2, 1, 4, 0, 3, 2, 1, 2, 1, 2, 3, 1, 1, 3, 0, 4, 4, 1, 4, 3, 1, 2, 4, 1, 1, 1, 1, 1, 3, 1, 1, 1, 1, 1, 1, 1, 2, 1, 4, 3, 2, 2, 1, 2, 2, 0, 1, 1, 1, 4]|[1, 1, 1, 1, 3, 3, 0, 0, 0, 0, 0, 2, 0, 1, 0, 0, 3, 1, 0, 0, 0, 3, 1, 0, 2, 0, 0, 0, 1, 3, 0, 0, 0, 0, 1, 0, 0, 2, 1, 1, 1, 1, 0, 0, 0, 0, 2, 1, 0, 0, 0, 1, 3, 0, 0, 1, 0, 1, 0, 1, 2, 0, 0, 2, 1, 0, 2, 1, 1, 0, 3, 1, 3, 0, 0, 0, 2, 0, 0, 0, 0, 0, 1, 0, 0, 0, 1, 0, 0, 2, 1, 0, 1, 0, 0, 1, 1, 0, 0, 2],733.3116759547878,58140.55643565909,96674.14109675489,false
25,G4_BALANCED,G4_BALANCED,[31, 11, 15, 82, 26, 9, 95, 32, 77, 68, 47, 5, 93, 78, 86, 54, 85, 63, 18, 44, 20, 49, 36, 14, 74, 50, 53, 17, 21, 45, 71, 64, 3, 23, 30, 83, 24, 41, 60, 52, 65, 27, 90, 70, 39, 87, 48, 69, 99, 4, 46, 1, 13, 58, 97, 59, 28, 75, 73, 37, 35, 79, 22, 66, 76, 42, 40, 80, 96, 6, 16, 61, 33, 7, 57, 34, 12, 67, 10, 98, 56, 88, 29, 94, 91, 51, 19, 92, 43, 84, 38, 72, 81, 8, 2, 55, 62, 89, 25, 0]|[2, 1, 1, 2, 1, 2, 1, 1, 1, 1, 1, 0, 2, 2, 1, 2, 0, 0, 0, 2, 2, 1, 0, 2, 0, 2, 2, 1, 0, 1, 1, 1, 0, 0, 1, 0, 2, 1, 2, 2, 0, 0, 1, 1, 0, 2, 0, 2, 1, 0, 0, 2, 0, 0, 2, 0, 1, 0, 0, 0, 2, 1, 0, 2, 2, 0, 2, 2, 0, 1, 2, 1, 1, 2, 0, 1, 1, 1, 1, 2, 2, 1, 1, 2, 1, 1, 1, 0, 1, 0, 0, 1, 1, 1, 2, 0, 1, 1, 1, 0]|[1, 3, 2, 0, 4, 1, 4, 4, 2, 4, 3, 2, 1, 0, 2, 1, 1, 1, 2, 1, 1, 3, 0, 1, 0, 1, 1, 4, 1, 4, 3, 2, 2, 0, 4, 1, 1, 4, 0, 1, 2, 1, 4, 4, 1, 1, 0, 2, 3, 1, 2, 1, 2, 1, 1, 2, 4, 2, 0, 2, 2, 3, 1, 0, 1, 2, 0, 1, 2, 4, 1, 3, 4, 1, 2, 4, 3, 3, 3, 1, 1, 4, 3, 1, 3, 3, 4, 2, 4, 2, 2, 4, 1, 3, 1, 2, 3, 4, 4, 2]|[1, 2, 1, 0, 3, 0, 1, 3, 0, 0, 2, 0, 1, 0, 1, 0, 0, 0, 1, 0, 0, 2, 0, 0, 1, 0, 0, 3, 0, 1, 0, 2, 0, 1, 3, 0, 1, 3, 1, 0, 0, 0, 1, 3, 0, 0, 1, 0, 2, 0, 0, 0, 0, 0, 1, 0, 1, 0, 1, 1, 0, 2, 0, 0, 0, 0, 0, 0, 0, 2, 0, 0, 1, 0, 0, 1, 0, 0, 3, 0, 0, 1, 0, 0, 0, 0, 3, 0, 2, 0, 0, 2, 1, 0, 0, 0, 0, 1, 3, 0],836.569815134707,52504.092339752446,107095.57005228325,false
25,G2_TEC,G2_TEC,[31, 22, 82, 15, 26, 9, 95, 42, 77, 68, 47, 5, 93, 78, 86, 54, 85, 63, 18, 44, 20, 49, 36, 14, 74, 50, 53, 17, 21, 28, 11, 64, 3, 23, 30, 83, 24, 41, 40, 52, 65, 27, 90, 70, 39, 87, 48, 69, 99, 4, 46, 1, 13, 58, 97, 59, 45, 8, 73, 37, 35, 79, 71, 66, 76, 32, 60, 80, 96, 6, 16, 61, 33, 7, 57, 34, 12, 67, 10, 98, 56, 88, 43, 75, 91, 38, 19, 92, 29, 84, 51, 72, 81, 25, 2, 55, 94, 89, 62, 0]|[2, 1, 2, 1, 1, 2, 1, 1, 1, 1, 1, 0, 2, 2, 1, 2, 0, 0, 0, 2, 2, 1, 0, 2, 0, 2, 2, 1, 0, 1, 1, 1, 0, 0, 1, 0, 2, 1, 2, 2, 0, 0, 1, 1, 0, 2, 0, 2, 1, 0, 0, 2, 0, 0, 2, 0, 1, 1, 0, 0, 2, 1, 1, 2, 2, 0, 2, 2, 0, 1, 2, 1, 1, 2, 0, 1, 1, 1, 1, 2, 2, 1, 1, 0, 1, 0, 1, 0, 1, 0, 1, 1, 1, 1, 2, 0, 2, 1, 1, 0]|[0, 3, 0, 3, 4, 1, 4, 4, 2, 4, 3, 2, 1, 0, 2, 1, 1, 1, 2, 1, 1, 3, 0, 1, 0, 1, 1, 4, 1, 4, 3, 2, 2, 0, 4, 1, 1, 4, 0, 1, 2, 1, 4, 4, 1, 1, 0, 2, 3, 2, 2, 1, 2, 1, 1, 2, 4, 3, 0, 2, 2, 3, 3, 0, 1, 2, 0, 1, 2, 4, 1, 3, 4, 1, 2, 4, 3, 3, 3, 1, 1, 4, 4, 2, 3, 2, 4, 2, 3, 2, 3, 4, 4, 4, 1, 2, 1, 4, 3, 2]|[0, 2, 0, 0, 3, 0, 1, 3, 0, 0, 2, 0, 1, 0, 1, 0, 0, 0, 1, 0, 0, 2, 0, 0, 1, 0, 0, 3, 0, 1, 0, 2, 0, 0, 3, 0, 1, 3, 0, 0, 0, 0, 1, 3, 0, 0, 1, 0, 2, 0, 0, 0, 0, 0, 1, 0, 1, 0, 1, 1, 0, 2, 0, 0, 0, 0, 0, 0, 0, 2, 0, 0, 1, 0, 0, 1, 0, 0, 3, 0, 0, 1, 2, 0, 0, 0, 1, 0, 3, 0, 0, 2, 1, 3, 0, 0, 0, 1, 0, 0],884.1935202920454,50350.47642403707,113845.06305296552,false
25,G3_TWC,G1_CMAX,[31, 22, 82, 15, 26, 9, 42, 95, 77, 12, 47, 5, 93, 78, 86, 54, 85, 63, 18, 44, 20, 35, 43, 97, 91, 76, 10, 30, 21, 45, 71, 64, 1, 23, 17, 83, 24, 14, 60, 36, 6, 57, 94, 88, 65, 56, 79, 40, 67, 68, 46, 75, 38, 58, 19, 32, 81, 41, 27, 62, 87, 90, 99, 59, 11, 16, 72, 73, 70, 39, 37, 84, 3, 92, 25, 55, 28, 29, 51, 7, 33, 61, 98, 66, 89, 50, 8, 96, 53, 4, 80, 13, 34, 49, 52, 0, 48, 69, 2, 74]|[1, 1, 0, 1, 1, 1, 2, 1, 2, 1, 2, 2, 2, 1, 1, 0, 0, 1, 0, 2, 2, 0, 1, 2, 0, 1, 2, 2, 0, 0, 1, 2, 1, 2, 1, 0, 2, 0, 1, 1, 0, 1, 1, 1, 0, 2, 1, 1, 0, 0, 0, 0, 1, 1, 2, 1, 2, 0, 0, 0, 2, 1, 0, 1, 2, 1, 2, 1, 1, 1, 1, 1, 1, 0, 1, 1, 0, 0, 0, 1, 2, 1, 0, 2, 1, 0, 1, 0, 0, 0, 0, 0, 2, 0, 1, 0, 0, 1, 0, 2]|[4, 3, 2, 2, 0, 0, 2, 2, 2, 4, 1, 1, 2, 4, 4, 1, 2, 4, 2, 1, 1, 1, 1, 2, 1, 2, 1, 1, 1, 1, 3, 2, 3, 0, 4, 0, 1, 1, 0, 3, 2, 2, 4, 0, 1, 1, 0, 2, 0, 1, 2, 2, 1, 4, 0, 3, 2, 1, 1, 2, 1, 3, 1, 1, 1, 3, 0, 4, 3, 1, 4, 1, 1, 0, 4, 4, 2, 1, 1, 3, 1, 3, 1, 1, 1, 1, 3, 1, 2, 2, 1, 1, 1, 1, 1, 2, 2, 3, 2, 1]|[0, 2, 1, 1, 3, 3, 0, 1, 0, 0, 0, 0, 1, 0, 1, 0, 0, 3, 1, 0, 0, 0, 3, 1, 0, 2, 0, 0, 0, 1, 0, 0, 0, 0, 3, 0, 1, 0, 0, 2, 1, 1, 2, 0, 0, 0, 0, 1, 1, 0, 0, 0, 1, 3, 0, 0, 1, 0, 0, 1, 0, 2, 0, 1, 0, 2, 1, 0, 0, 1, 1, 3, 1, 1, 3, 3, 1, 0, 0, 2, 0, 0, 0, 0, 1, 0, 2, 0, 1, 1, 0, 0, 0, 1, 1, 0, 0, 0, 0, 0],800.9728923351585,58117.763115372225,90558.04465999853,true
25,G1_CMAX,G1_CMAX,[31, 22, 82, 15, 26, 9, 42, 77, 12, 5, 47, 93, 78, 86, 54, 6, 63, 18, 44, 20, 35, 43, 97, 91, 76, 10, 30, 21, 45, 17, 23, 1, 71, 83, 24, 14, 60, 36, 85, 57, 40, 95, 88, 65, 56, 79, 94, 67, 68, 46, 75, 38, 58, 19, 32, 81, 41, 62, 87, 28, 90, 59, 11, 16, 72, 73, 69, 52, 37, 64, 84, 3, 25, 29, 55, 51, 7, 98, 61, 66, 99, 33, 89, 48, 50, 96, 53, 80, 4, 8, 27, 2, 39, 13, 0, 92, 49, 74, 34, 70]|[1, 1, 0, 1, 1, 1, 2, 2, 1, 2, 2, 1, 1, 1, 0, 0, 1, 0, 2, 2, 0, 1, 2, 2, 1, 2, 2, 0, 0, 1, 2, 1, 1, 0, 2, 0, 1, 1, 0, 1, 1, 1, 1, 0, 2, 1, 1, 0, 0, 0, 0, 1, 1, 2, 1, 2, 0, 0, 2, 0, 1, 2, 2, 1, 2, 1, 1, 1, 1, 1, 1, 2, 1, 0, 2, 0, 1, 2, 1, 0, 0, 2, 1, 0, 0, 2, 0, 0, 1, 1, 0, 0, 1, 0, 0, 0, 0, 2, 2, 1]|[0, 3, 1, 2, 0, 0, 1, 1, 4, 1, 1, 4, 4, 4, 2, 2, 4, 2, 1, 1, 1, 1, 2, 1, 2, 1, 1, 1, 1, 4, 0, 3, 3, 0, 1, 1, 0, 3, 2, 2, 2, 2, 0, 1, 1, 0, 4, 0, 1, 2, 2, 1, 4, 0, 3, 2, 1, 2, 1, 2, 3, 1, 1, 3, 0, 4, 4, 1, 4, 3, 1, 2, 4, 1, 1, 1, 1, 1, 3, 1, 1, 1, 1, 1, 1, 1, 2, 1, 4, 3, 2, 2, 1, 2, 2, 0, 1, 1, 1, 4]|[1, 1, 1, 1, 3, 3, 0, 0, 0, 0, 0, 2, 0, 1, 0, 0, 3, 1, 0, 0, 0, 3, 1, 0, 2, 0, 0, 0, 1, 3, 0, 0, 0, 0, 1, 0, 0, 2, 1, 1, 1, 1, 0, 0, 0, 0, 2, 1, 0, 0, 0, 1, 3, 0, 0, 1, 0, 1, 0, 1, 2, 0, 0, 2, 1, 0, 2, 1, 1, 0, 3, 1, 3, 0, 0, 0, 2, 0, 0, 0, 0, 0, 1, 0, 0, 0, 1, 0, 0, 2, 1, 0, 1, 0, 0, 1, 1, 0, 0, 2],733.3116759547878,58140.55643565909,96674.14109675489,false
25,G4_BALANCED,G4_BALANCED,[31, 11, 15, 82, 26, 9, 95, 32, 77, 68, 47, 5, 93, 78, 86, 54, 85, 63, 18, 44, 20, 49, 36, 14, 74, 50, 53, 17, 21, 45, 71, 64, 3, 23, 30, 83, 24, 41, 60, 52, 65, 27, 90, 70, 39, 87, 48, 69, 99, 4, 46, 1, 13, 58, 97, 59, 28, 75, 73, 37, 35, 79, 22, 66, 76, 42, 40, 80, 96, 6, 16, 61, 33, 7, 57, 34, 12, 67, 10, 98, 56, 88, 29, 94, 91, 51, 19, 92, 43, 84, 38, 72, 81, 8, 2, 55, 62, 89, 25, 0]|[2, 1, 1, 2, 1, 2, 1, 1, 1, 1, 1, 0, 2, 2, 1, 2, 0, 0, 0, 2, 2, 1, 0, 2, 0, 2, 2, 1, 0, 1, 1, 1, 0, 0, 1, 0, 2, 1, 2, 2, 0, 0, 1, 1, 0, 2, 0, 2, 1, 0, 0, 2, 0, 0, 2, 0, 1, 0, 0, 0, 2, 1, 0, 2, 2, 0, 2, 2, 0, 1, 2, 1, 1, 2, 0, 1, 1, 1, 1, 2, 2, 1, 1, 2, 1, 1, 1, 0, 1, 0, 0, 1, 1, 1, 2, 0, 1, 1, 1, 0]|[1, 3, 2, 0, 4, 1, 4, 4, 2, 4, 3, 2, 1, 0, 2, 1, 1, 1, 2, 1, 1, 3, 0, 1, 0, 1, 1, 4, 1, 4, 3, 2, 2, 0, 4, 1, 1, 4, 0, 1, 2, 1, 4, 4, 1, 1, 0, 2, 3, 1, 2, 1, 2, 1, 1, 2, 4, 2, 0, 2, 2, 3, 1, 0, 1, 2, 0, 1, 2, 4, 1, 3, 4, 1, 2, 4, 3, 3, 3, 1, 1, 4, 3, 1, 3, 3, 4, 2, 4, 2, 2, 4, 1, 3, 1, 2, 3, 4, 4, 2]|[1, 2, 1, 0, 3, 0, 1, 3, 0, 0, 2, 0, 1, 0, 1, 0, 0, 0, 1, 0, 0, 2, 0, 0, 1, 0, 0, 3, 0, 1, 0, 2, 0, 1, 3, 0, 1, 3, 1, 0, 0, 0, 1, 3, 0, 0, 1, 0, 2, 0, 0, 0, 0, 0, 1, 0, 1, 0, 1, 1, 0, 2, 0, 0, 0, 0, 0, 0, 0, 2, 0, 0, 1, 0, 0, 1, 0, 0, 3, 0, 0, 1, 0, 0, 0, 0, 3, 0, 2, 0, 0, 2, 1, 0, 0, 0, 0, 1, 3, 0],836.569815134707,52504.092339752446,107095.57005228325,false
25,G2_TEC,G2_TEC,[31, 22, 82, 15, 26, 9, 95, 42, 77, 68, 47, 5, 93, 78, 86, 54, 85, 63, 18, 44, 20, 49, 36, 14, 74, 50, 53, 17, 21, 28, 11, 64, 3, 23, 30, 83, 24, 41, 40, 52, 65, 27, 90, 70, 39, 87, 48, 69, 99, 4, 46, 1, 13, 58, 97, 59, 45, 8, 73, 37, 35, 79, 71, 66, 76, 32, 60, 80, 96, 6, 16, 61, 33, 7, 57, 34, 12, 67, 10, 98, 56, 88, 43, 75, 91, 38, 19, 92, 29, 84, 51, 72, 81, 25, 2, 55, 94, 89, 62, 0]|[2, 1, 2, 1, 1, 2, 1, 1, 1, 1, 1, 0, 2, 2, 1, 2, 0, 0, 0, 2, 2, 1, 0, 2, 0, 2, 2, 1, 0, 1, 1, 1, 0, 0, 1, 0, 2, 1, 2, 2, 0, 0, 1, 1, 0, 2, 0, 2, 1, 0, 0, 2, 0, 0, 2, 0, 1, 1, 0, 0, 2, 1, 1, 2, 2, 0, 2, 2, 0, 1, 2, 1, 1, 2, 0, 1, 1, 1, 1, 2, 2, 1, 1, 0, 1, 0, 1, 0, 1, 0, 1, 1, 1, 1, 2, 0, 2, 1, 1, 0]|[0, 3, 0, 3, 4, 1, 4, 4, 2, 4, 3, 2, 1, 0, 2, 1, 1, 1, 2, 1, 1, 3, 0, 1, 0, 1, 1, 4, 1, 4, 3, 2, 2, 0, 4, 1, 1, 4, 0, 1, 2, 1, 4, 4, 1, 1, 0, 2, 3, 2, 2, 1, 2, 1, 1, 2, 4, 3, 0, 2, 2, 3, 3, 0, 1, 2, 0, 1, 2, 4, 1, 3, 4, 1, 2, 4, 3, 3, 3, 1, 1, 4, 4, 2, 3, 2, 4, 2, 3, 2, 3, 4, 4, 4, 1, 2, 1, 4, 3, 2]|[0, 2, 0, 0, 3, 0, 1, 3, 0, 0, 2, 0, 1, 0, 1, 0, 0, 0, 1, 0, 0, 2, 0, 0, 1, 0, 0, 3, 0, 1, 0, 2, 0, 0, 3, 0, 1, 3, 0, 0, 0, 0, 1, 3, 0, 0, 1, 0, 2, 0, 0, 0, 0, 0, 1, 0, 1, 0, 1, 1, 0, 2, 0, 0, 0, 0, 0, 0, 0, 2, 0, 0, 1, 0, 0, 1, 0, 0, 3, 0, 0, 1, 2, 0, 0, 0, 1, 0, 3, 0, 0, 2, 1, 3, 0, 0, 0, 1, 0, 0],884.1935202920454,50350.47642403707,113845.06305296552,false
25,G3_TWC,G1_CMAX,[31, 22, 82, 15, 26, 9, 42, 95, 77, 12, 47, 5, 93, 78, 86, 54, 85, 63, 18, 44, 20, 35, 43, 97, 91, 76, 10, 30, 21, 45, 71, 64, 1, 23, 17, 83, 24, 14, 60, 36, 6, 57, 94, 88, 65, 56, 79, 40, 67, 68, 46, 75, 38, 58, 19, 32, 81, 41, 27, 62, 87, 90, 99, 59, 11, 16, 72, 73, 70, 39, 37, 84, 3, 92, 25, 55, 28, 29, 51, 7, 33, 61, 98, 66, 89, 50, 8, 96, 53, 4, 80, 13, 34, 49, 52, 0, 48, 69, 2, 74]|[1, 1, 0, 1, 1, 1, 2, 1, 2, 1, 2, 2, 2, 1, 1, 0, 0, 1, 0, 2, 2, 0, 1, 2, 0, 1, 2, 2, 0, 0, 1, 2, 1, 2, 1, 0, 2, 0, 1, 1, 0, 1, 1, 1, 0, 2, 1, 1, 0, 0, 0, 0, 1, 1, 2, 1, 2, 0, 0, 0, 2, 1, 0, 1, 2, 1, 2, 1, 1, 1, 1, 1, 1, 0, 1, 1, 0, 0, 0, 1, 2, 1, 0, 2, 1, 0, 1, 0, 0, 0, 0, 0, 2, 0, 1, 0, 0, 1, 0, 2]|[4, 3, 2, 2, 0, 0, 2, 2, 2, 4, 1, 1, 2, 4, 4, 1, 2, 4, 2, 1, 1, 1, 1, 2, 1, 2, 1, 1, 1, 1, 3, 2, 3, 0, 4, 0, 1, 1, 0, 3, 2, 2, 4, 0, 1, 1, 0, 2, 0, 1, 2, 2, 1, 4, 0, 3, 2, 1, 1, 2, 1, 3, 1, 1, 1, 3, 0, 4, 3, 1, 4, 1, 1, 0, 4, 4, 2, 1, 1, 3, 1, 3, 1, 1, 1, 1, 3, 1, 2, 2, 1, 1, 1, 1, 1, 2, 2, 3, 2, 1]|[0, 2, 1, 1, 3, 3, 0, 1, 0, 0, 0, 0, 1, 0, 1, 0, 0, 3, 1, 0, 0, 0, 3, 1, 0, 2, 0, 0, 0, 1, 0, 0, 0, 0, 3, 0, 1, 0, 0, 2, 1, 1, 2, 0, 0, 0, 0, 1, 1, 0, 0, 0, 1, 3, 0, 0, 1, 0, 0, 1, 0, 2, 0, 1, 0, 2, 1, 0, 0, 1, 1, 3, 1, 1, 3, 3, 1, 0, 0, 2, 0, 0, 0, 0, 1, 0, 2, 0, 1, 1, 0, 0, 0, 1, 1, 0, 0, 0, 0, 0],800.9728923351585,58117.763115372225,90558.04465999853,true
25,G1_CMAX,G1_CMAX,[31, 22, 82, 15, 26, 9, 42, 77, 12, 5, 47, 93, 78, 86, 54, 6, 63, 18, 44, 20, 35, 43, 97, 91, 76, 10, 30, 21, 45, 17, 23, 1, 71, 83, 24, 14, 60, 36, 85, 57, 40, 95, 88, 65, 56, 79, 94, 67, 68, 46, 75, 38, 58, 19, 32, 81, 41, 62, 87, 28, 90, 59, 11, 16, 72, 73, 69, 52, 37, 64, 84, 3, 25, 29, 55, 51, 7, 98, 61, 66, 99, 33, 89, 48, 50, 96, 53, 80, 4, 8, 27, 2, 39, 13, 0, 92, 49, 74, 34, 70]|[1, 1, 0, 1, 1, 1, 2, 2, 1, 2, 2, 1, 1, 1, 0, 0, 1, 0, 2, 2, 0, 1, 2, 2, 1, 2, 2, 0, 0, 1, 2, 1, 1, 0, 2, 0, 1, 1, 0, 1, 1, 1, 1, 0, 2, 1, 1, 0, 0, 0, 0, 1, 1, 2, 1, 2, 0, 0, 2, 0, 1, 2, 2, 1, 2, 1, 1, 1, 1, 1, 1, 2, 1, 0, 2, 0, 1, 2, 1, 0, 0, 2, 1, 0, 0, 2, 0, 0, 1, 1, 0, 0, 1, 0, 0, 0, 0, 2, 2, 1]|[0, 3, 1, 2, 0, 0, 1, 1, 4, 1, 1, 4, 4, 4, 2, 2, 4, 2, 1, 1, 1, 1, 2, 1, 2, 1, 1, 1, 1, 4, 0, 3, 3, 0, 1, 1, 0, 3, 2, 2, 2, 2, 0, 1, 1, 0, 4, 0, 1, 2, 2, 1, 4, 0, 3, 2, 1, 2, 1, 2, 3, 1, 1, 3, 0, 4, 4, 1, 4, 3, 1, 2, 4, 1, 1, 1, 1, 1, 3, 1, 1, 1, 1, 1, 1, 1, 2, 1, 4, 3, 2, 2, 1, 2, 2, 0, 1, 1, 1, 4]|[1, 1, 1, 1, 3, 3, 0, 0, 0, 0, 0, 2, 0, 1, 0, 0, 3, 1, 0, 0, 0, 3, 1, 0, 2, 0, 0, 0, 1, 3, 0, 0, 0, 0, 1, 0, 0, 2, 1, 1, 1, 1, 0, 0, 0, 0, 2, 1, 0, 0, 0, 1, 3, 0, 0, 1, 0, 1, 0, 1, 2, 0, 0, 2, 1, 0, 2, 1, 1, 0, 3, 1, 3, 0, 0, 0, 2, 0, 0, 0, 0, 0, 1, 0, 0, 0, 1, 0, 0, 2, 1, 0, 1, 0, 0, 1, 1, 0, 0, 2],733.3116759547878,58140.55643565909,96674.14109675489,false
25,G4_BALANCED,G4_BALANCED,[31, 11, 15, 82, 26, 9, 95, 32, 77, 68, 47, 5, 93, 78, 86, 54, 85, 63, 18, 44, 20, 49, 36, 14, 74, 50, 53, 17, 21, 45, 71, 64, 3, 23, 30, 83, 24, 41, 60, 52, 65, 27, 90, 70, 39, 87, 48, 69, 99, 4, 46, 1, 13, 58, 97, 59, 28, 75, 73, 37, 35, 79, 22, 66, 76, 42, 40, 80, 96, 6, 16, 61, 33, 7, 57, 34, 12, 67, 10, 98, 56, 88, 29, 94, 91, 51, 19, 92, 43, 84, 38, 72, 81, 8, 2, 55, 62, 89, 25, 0]|[2, 1, 1, 2, 1, 2, 1, 1, 1, 1, 1, 0, 2, 2, 1, 2, 0, 0, 0, 2, 2, 1, 0, 2, 0, 2, 2, 1, 0, 1, 1, 1, 0, 0, 1, 0, 2, 1, 2, 2, 0, 0, 1, 1, 0, 2, 0, 2, 1, 0, 0, 2, 0, 0, 2, 0, 1, 0, 0, 0, 2, 1, 0, 2, 2, 0, 2, 2, 0, 1, 2, 1, 1, 2, 0, 1, 1, 1, 1, 2, 2, 1, 1, 2, 1, 1, 1, 0, 1, 0, 0, 1, 1, 1, 2, 0, 1, 1, 1, 0]|[1, 3, 2, 0, 4, 1, 4, 4, 2, 4, 3, 2, 1, 0, 2, 1, 1, 1, 2, 1, 1, 3, 0, 1, 0, 1, 1, 4, 1, 4, 3, 2, 2, 0, 4, 1, 1, 4, 0, 1, 2, 1, 4, 4, 1, 1, 0, 2, 3, 1, 2, 1, 2, 1, 1, 2, 4, 2, 0, 2, 2, 3, 1, 0, 1, 2, 0, 1, 2, 4, 1, 3, 4, 1, 2, 4, 3, 3, 3, 1, 1, 4, 3, 1, 3, 3, 4, 2, 4, 2, 2, 4, 1, 3, 1, 2, 3, 4, 4, 2]|[1, 2, 1, 0, 3, 0, 1, 3, 0, 0, 2, 0, 1, 0, 1, 0, 0, 0, 1, 0, 0, 2, 0, 0, 1, 0, 0, 3, 0, 1, 0, 2, 0, 1, 3, 0, 1, 3, 1, 0, 0, 0, 1, 3, 0, 0, 1, 0, 2, 0, 0, 0, 0, 0, 1, 0, 1, 0, 1, 1, 0, 2, 0, 0, 0, 0, 0, 0, 0, 2, 0, 0, 1, 0, 0, 1, 0, 0, 3, 0, 0, 1, 0, 0, 0, 0, 3, 0, 2, 0, 0, 2, 1, 0, 0, 0, 0, 1, 3, 0],836.569815134707,52504.092339752446,107095.57005228325,false
25,G2_TEC,G2_TEC,[31, 22, 82, 15, 26, 9, 95, 42, 77, 68, 47, 5, 93, 78, 86, 54, 85, 63, 18, 44, 20, 49, 36, 14, 74, 50, 53, 17, 21, 28, 11, 64, 3, 23, 30, 83, 24, 41, 40, 52, 65, 27, 90, 70, 39, 87, 48, 69, 99, 4, 46, 1, 13, 58, 97, 59, 45, 8, 73, 37, 35, 79, 71, 66, 76, 32, 60, 80, 96, 6, 16, 61, 33, 7, 57, 34, 12, 67, 10, 98, 56, 88, 43, 75, 91, 38, 19, 92, 29, 84, 51, 72, 81, 25, 2, 55, 94, 89, 62, 0]|[2, 1, 2, 1, 1, 2, 1, 1, 1, 1, 1, 0, 2, 2, 1, 2, 0, 0, 0, 2, 2, 1, 0, 2, 0, 2, 2, 1, 0, 1, 1, 1, 0, 0, 1, 0, 2, 1, 2, 2, 0, 0, 1, 1, 0, 2, 0, 2, 1, 0, 0, 2, 0, 0, 2, 0, 1, 1, 0, 0, 2, 1, 1, 2, 2, 0, 2, 2, 0, 1, 2, 1, 1, 2, 0, 1, 1, 1, 1, 2, 2, 1, 1, 0, 1, 0, 1, 0, 1, 0, 1, 1, 1, 1, 2, 0, 2, 1, 1, 0]|[0, 3, 0, 3, 4, 1, 4, 4, 2, 4, 3, 2, 1, 0, 2, 1, 1, 1, 2, 1, 1, 3, 0, 1, 0, 1, 1, 4, 1, 4, 3, 2, 2, 0, 4, 1, 1, 4, 0, 1, 2, 1, 4, 4, 1, 1, 0, 2, 3, 2, 2, 1, 2, 1, 1, 2, 4, 3, 0, 2, 2, 3, 3, 0, 1, 2, 0, 1, 2, 4, 1, 3, 4, 1, 2, 4, 3, 3, 3, 1, 1, 4, 4, 2, 3, 2, 4, 2, 3, 2, 3, 4, 4, 4, 1, 2, 1, 4, 3, 2]|[0, 2, 0, 0, 3, 0, 1, 3, 0, 0, 2, 0, 1, 0, 1, 0, 0, 0, 1, 0, 0, 2, 0, 0, 1, 0, 0, 3, 0, 1, 0, 2, 0, 0, 3, 0, 1, 3, 0, 0, 0, 0, 1, 3, 0, 0, 1, 0, 2, 0, 0, 0, 0, 0, 1, 0, 1, 0, 1, 1, 0, 2, 0, 0, 0, 0, 0, 0, 0, 2, 0, 0, 1, 0, 0, 1, 0, 0, 3, 0, 0, 1, 2, 0, 0, 0, 1, 0, 3, 0, 0, 2, 1, 3, 0, 0, 0, 1, 0, 0],884.1935202920454,50350.47642403707,113845.06305296552,false
25,G3_TWC,G1_CMAX,[31, 22, 82, 15, 26, 9, 42, 95, 77, 12, 47, 5, 93, 78, 86, 54, 85, 63, 18, 44, 20, 35, 43, 97, 91, 76, 10, 30, 21, 45, 71, 64, 1, 23, 17, 83, 24, 14, 60, 36, 6, 57, 94, 88, 65, 56, 79, 40, 67, 68, 46, 75, 38, 58, 19, 32, 81, 41, 27, 62, 87, 90, 99, 59, 11, 16, 72, 73, 70, 39, 37, 84, 3, 92, 25, 55, 28, 29, 51, 7, 33, 61, 98, 66, 89, 50, 8, 96, 53, 4, 80, 13, 34, 49, 52, 0, 48, 69, 2, 74]|[1, 1, 0, 1, 1, 1, 2, 1, 2, 1, 2, 2, 2, 1, 1, 0, 0, 1, 0, 2, 2, 0, 1, 2, 0, 1, 2, 2, 0, 0, 1, 2, 1, 2, 1, 0, 2, 0, 1, 1, 0, 1, 1, 1, 0, 2, 1, 1, 0, 0, 0, 0, 1, 1, 2, 1, 2, 0, 0, 0, 2, 1, 0, 1, 2, 1, 2, 1, 1, 1, 1, 1, 1, 0, 1, 1, 0, 0, 0, 1, 2, 1, 0, 2, 1, 0, 1, 0, 0, 0, 0, 0, 2, 0, 1, 0, 0, 1, 0, 2]|[4, 3, 2, 2, 0, 0, 2, 2, 2, 4, 1, 1, 2, 4, 4, 1, 2, 4, 2, 1, 1, 1, 1, 2, 1, 2, 1, 1, 1, 1, 3, 2, 3, 0, 4, 0, 1, 1, 0, 3, 2, 2, 4, 0, 1, 1, 0, 2, 0, 1, 2, 2, 1, 4, 0, 3, 2, 1, 1, 2, 1, 3, 1, 1, 1, 3, 0, 4, 3, 1, 4, 1, 1, 0, 4, 4, 2, 1, 1, 3, 1, 3, 1, 1, 1, 1, 3, 1, 2, 2, 1, 1, 1, 1, 1, 2, 2, 3, 2, 1]|[0, 2, 1, 1, 3, 3, 0, 1, 0, 0, 0, 0, 1, 0, 1, 0, 0, 3, 1, 0, 0, 0, 3, 1, 0, 2, 0, 0, 0, 1, 0, 0, 0, 0, 3, 0, 1, 0, 0, 2, 1, 1, 2, 0, 0, 0, 0, 1, 1, 0, 0, 0, 1, 3, 0, 0, 1, 0, 0, 1, 0, 2, 0, 1, 0, 2, 1, 0, 0, 1, 1, 3, 1, 1, 3, 3, 1, 0, 0, 2, 0, 0, 0, 0, 1, 0, 2, 0, 1, 1, 0, 0, 0, 1, 1, 0, 0, 0, 0, 0],800.9728923351585,58117.763115372225,90558.04465999853,true
25,G1_CMAX,G1_CMAX,[31, 22, 82, 15, 26, 9, 42, 77, 12, 5, 47, 93, 78, 86, 54, 6, 63, 18, 44, 20, 35, 43, 97, 91, 76, 10, 30, 21, 45, 17, 23, 1, 71, 83, 24, 14, 60, 36, 85, 57, 40, 95, 88, 65, 56, 79, 94, 67, 68, 46, 75, 38, 58, 19, 32, 81, 41, 62, 87, 28, 90, 59, 11, 16, 72, 73, 69, 52, 37, 64, 84, 3, 25, 29, 55, 51, 7, 98, 61, 66, 99, 33, 89, 48, 50, 96, 53, 80, 4, 8, 27, 2, 39, 13, 0, 92, 49, 74, 34, 70]|[1, 1, 0, 1, 1, 1, 2, 2, 1, 2, 2, 1, 1, 1, 0, 0, 1, 0, 2, 2, 0, 1, 2, 2, 1, 2, 2, 0, 0, 1, 2, 1, 1, 0, 2, 0, 1, 1, 0, 1, 1, 1, 1, 0, 2, 1, 1, 0, 0, 0, 0, 1, 1, 2, 1, 2, 0, 0, 2, 0, 1, 2, 2, 1, 2, 1, 1, 1, 1, 1, 1, 2, 1, 0, 2, 0, 1, 2, 1, 0, 0, 2, 1, 0, 0, 2, 0, 0, 1, 1, 0, 0, 1, 0, 0, 0, 0, 2, 2, 1]|[0, 3, 1, 2, 0, 0, 1, 1, 4, 1, 1, 4, 4, 4, 2, 2, 4, 2, 1, 1, 1, 1, 2, 1, 2, 1, 1, 1, 1, 4, 0, 3, 3, 0, 1, 1, 0, 3, 2, 2, 2, 2, 0, 1, 1, 0, 4, 0, 1, 2, 2, 1, 4, 0, 3, 2, 1, 2, 1, 2, 3, 1, 1, 3, 0, 4, 4, 1, 4, 3, 1, 2, 4, 1, 1, 1, 1, 1, 3, 1, 1, 1, 1, 1, 1, 1, 2, 1, 4, 3, 2, 2, 1, 2, 2, 0, 1, 1, 1, 4]|[1, 1, 1, 1, 3, 3, 0, 0, 0, 0, 0, 2, 0, 1, 0, 0, 3, 1, 0, 0, 0, 3, 1, 0, 2, 0, 0, 0, 1, 3, 0, 0, 0, 0, 1, 0, 0, 2, 1, 1, 1, 1, 0, 0, 0, 0, 2, 1, 0, 0, 0, 1, 3, 0, 0, 1, 0, 1, 0, 1, 2, 0, 0, 2, 1, 0, 2, 1, 1, 0, 3, 1, 3, 0, 0, 0, 2, 0, 0, 0, 0, 0, 1, 0, 0, 0, 1, 0, 0, 2, 1, 0, 1, 0, 0, 1, 1, 0, 0, 2],733.3116759547878,58140.55643565909,96674.14109675489,false
25,G4_BALANCED,G4_BALANCED,[31, 11, 15, 82, 26, 9, 95, 32, 77, 68, 47, 5, 93, 78, 86, 54, 85, 63, 18, 44, 20, 49, 36, 14, 74, 50, 53, 17, 21, 45, 71, 64, 3, 23, 30, 83, 24, 41, 60, 52, 65, 27, 90, 70, 39, 87, 48, 69, 99, 4, 46, 1, 13, 58, 97, 59, 28, 75, 73, 37, 35, 79, 22, 66, 76, 42, 40, 80, 96, 6, 16, 61, 33, 7, 57, 34, 12, 67, 10, 98, 56, 88, 29, 94, 91, 51, 19, 92, 43, 84, 38, 72, 81, 8, 2, 55, 62, 89, 25, 0]|[2, 1, 1, 2, 1, 2, 1, 1, 1, 1, 1, 0, 2, 2, 1, 2, 0, 0, 0, 2, 2, 1, 0, 2, 0, 2, 2, 1, 0, 1, 1, 1, 0, 0, 1, 0, 2, 1, 2, 2, 0, 0, 1, 1, 0, 2, 0, 2, 1, 0, 0, 2, 0, 0, 2, 0, 1, 0, 0, 0, 2, 1, 0, 2, 2, 0, 2, 2, 0, 1, 2, 1, 1, 2, 0, 1, 1, 1, 1, 2, 2, 1, 1, 2, 1, 1, 1, 0, 1, 0, 0, 1, 1, 1, 2, 0, 1, 1, 1, 0]|[1, 3, 2, 0, 4, 1, 4, 4, 2, 4, 3, 2, 1, 0, 2, 1, 1, 1, 2, 1, 1, 3, 0, 1, 0, 1, 1, 4, 1, 4, 3, 2, 2, 0, 4, 1, 1, 4, 0, 1, 2, 1, 4, 4, 1, 1, 0, 2, 3, 1, 2, 1, 2, 1, 1, 2, 4, 2, 0, 2, 2, 3, 1, 0, 1, 2, 0, 1, 2, 4, 1, 3, 4, 1, 2, 4, 3, 3, 3, 1, 1, 4, 3, 1, 3, 3, 4, 2, 4, 2, 2, 4, 1, 3, 1, 2, 3, 4, 4, 2]|[1, 2, 1, 0, 3, 0, 1, 3, 0, 0, 2, 0, 1, 0, 1, 0, 0, 0, 1, 0, 0, 2, 0, 0, 1, 0, 0, 3, 0, 1, 0, 2, 0, 1, 3, 0, 1, 3, 1, 0, 0, 0, 1, 3, 0, 0, 1, 0, 2, 0, 0, 0, 0, 0, 1, 0, 1, 0, 1, 1, 0, 2, 0, 0, 0, 0, 0, 0, 0, 2, 0, 0, 1, 0, 0, 1, 0, 0, 3, 0, 0, 1, 0, 0, 0, 0, 3, 0, 2, 0, 0, 2, 1, 0, 0, 0, 0, 1, 3, 0],836.569815134707,52504.092339752446,107095.57005228325,false
25,G2_TEC,G2_TEC,[31, 22, 82, 15, 26, 9, 95, 42, 77, 68, 47, 5, 93, 78, 86, 54, 85, 63, 18, 44, 20, 49, 36, 14, 74, 50, 53, 17, 21, 28, 11, 64, 3, 23, 30, 83, 24, 41, 40, 52, 65, 27, 90, 70, 39, 87, 48, 69, 99, 4, 46, 1, 13, 58, 97, 59, 45, 8, 73, 37, 35, 79, 71, 66, 76, 32, 60, 80, 96, 6, 16, 61, 33, 7, 57, 34, 12, 67, 10, 98, 56, 88, 43, 75, 91, 38, 19, 92, 29, 84, 51, 72, 81, 25, 2, 55, 94, 89, 62, 0]|[2, 1, 2, 1, 1, 2, 1, 1, 1, 1, 1, 0, 2, 2, 1, 2, 0, 0, 0, 2, 2, 1, 0, 2, 0, 2, 2, 1, 0, 1, 1, 1, 0, 0, 1, 0, 2, 1, 2, 2, 0, 0, 1, 1, 0, 2, 0, 2, 1, 0, 0, 2, 0, 0, 2, 0, 1, 1, 0, 0, 2, 1, 1, 2, 2, 0, 2, 2, 0, 1, 2, 1, 1, 2, 0, 1, 1, 1, 1, 2, 2, 1, 1, 0, 1, 0, 1, 0, 1, 0, 1, 1, 1, 1, 2, 0, 2, 1, 1, 0]|[0, 3, 0, 3, 4, 1, 4, 4, 2, 4, 3, 2, 1, 0, 2, 1, 1, 1, 2, 1, 1, 3, 0, 1, 0, 1, 1, 4, 1, 4, 3, 2, 2, 0, 4, 1, 1, 4, 0, 1, 2, 1, 4, 4, 1, 1, 0, 2, 3, 2, 2, 1, 2, 1, 1, 2, 4, 3, 0, 2, 2, 3, 3, 0, 1, 2, 0, 1, 2, 4, 1, 3, 4, 1, 2, 4, 3, 3, 3, 1, 1, 4, 4, 2, 3, 2, 4, 2, 3, 2, 3, 4, 4, 4, 1, 2, 1, 4, 3, 2]|[0, 2, 0, 0, 3, 0, 1, 3, 0, 0, 2, 0, 1, 0, 1, 0, 0, 0, 1, 0, 0, 2, 0, 0, 1, 0, 0, 3, 0, 1, 0, 2, 0, 0, 3, 0, 1, 3, 0, 0, 0, 0, 1, 3, 0, 0, 1, 0, 2, 0, 0, 0, 0, 0, 1, 0, 1, 0, 1, 1, 0, 2, 0, 0, 0, 0, 0, 0, 0, 2, 0, 0, 1, 0, 0, 1, 0, 0, 3, 0, 0, 1, 2, 0, 0, 0, 1, 0, 3, 0, 0, 2, 1, 3, 0, 0, 0, 1, 0, 0],884.1935202920454,50350.47642403707,113845.06305296552,false
25,G3_TWC,G1_CMAX,[31, 22, 82, 15, 26, 9, 42, 95, 77, 12, 47, 5, 93, 78, 86, 54, 85, 63, 18, 44, 20, 35, 43, 97, 91, 76, 10, 30, 21, 45, 71, 64, 1, 23, 17, 83, 24, 14, 60, 36, 6, 57, 94, 88, 65, 56, 79, 40, 67, 68, 46, 75, 38, 58, 19, 32, 81, 41, 27, 62, 87, 90, 99, 59, 11, 16, 72, 73, 70, 39, 37, 84, 3, 92, 25, 55, 28, 29, 51, 7, 33, 61, 98, 66, 89, 50, 8, 96, 53, 4, 80, 13, 34, 49, 52, 0, 48, 69, 2, 74]|[1, 1, 0, 1, 1, 1, 2, 1, 2, 1, 2, 2, 2, 1, 1, 0, 0, 1, 0, 2, 2, 0, 1, 2, 0, 1, 2, 2, 0, 0, 1, 2, 1, 2, 1, 0, 2, 0, 1, 1, 0, 1, 1, 1, 0, 2, 1, 1, 0, 0, 0, 0, 1, 1, 2, 1, 2, 0, 0, 0, 2, 1, 0, 1, 2, 1, 2, 1, 1, 1, 1, 1, 1, 0, 1, 1, 0, 0, 0, 1, 2, 1, 0, 2, 1, 0, 1, 0, 0, 0, 0, 0, 2, 0, 1, 0, 0, 1, 0, 2]|[4, 3, 2, 2, 0, 0, 2, 2, 2, 4, 1, 1, 2, 4, 4, 1, 2, 4, 2, 1, 1, 1, 1, 2, 1, 2, 1, 1, 1, 1, 3, 2, 3, 0, 4, 0, 1, 1, 0, 3, 2, 2, 4, 0, 1, 1, 0, 2, 0, 1, 2, 2, 1, 4, 0, 3, 2, 1, 1, 2, 1, 3, 1, 1, 1, 3, 0, 4, 3, 1, 4, 1, 1, 0, 4, 4, 2, 1, 1, 3, 1, 3, 1, 1, 1, 1, 3, 1, 2, 2, 1, 1, 1, 1, 1, 2, 2, 3, 2, 1]|[0, 2, 1, 1, 3, 3, 0, 1, 0, 0, 0, 0, 1, 0, 1, 0, 0, 3, 1, 0, 0, 0, 3, 1, 0, 2, 0, 0, 0, 1, 0, 0, 0, 0, 3, 0, 1, 0, 0, 2, 1, 1, 2, 0, 0, 0, 0, 1, 1, 0, 0, 0, 1, 3, 0, 0, 1, 0, 0, 1, 0, 2, 0, 1, 0, 2, 1, 0, 0, 1, 1, 3, 1, 1, 3, 3, 1, 0, 0, 2, 0, 0, 0, 0, 1, 0, 2, 0, 1, 1, 0, 0, 0, 1, 1, 0, 0, 0, 0, 0],800.9728923351585,58117.763115372225,90558.04465999853,true
25,G1_CMAX,G1_CMAX,[31, 22, 82, 15, 26, 9, 42, 77, 12, 5, 47, 93, 78, 86, 54, 6, 63, 18, 44, 20, 35, 43, 97, 91, 76, 10, 30, 21, 45, 17, 23, 1, 71, 83, 24, 14, 60, 36, 85, 57, 40, 95, 88, 65, 56, 79, 94, 67, 68, 46, 75, 38, 58, 19, 32, 81, 41, 62, 87, 28, 90, 59, 11, 16, 72, 73, 69, 52, 37, 64, 84, 3, 25, 29, 55, 51, 7, 98, 61, 66, 99, 33, 89, 48, 50, 96, 53, 80, 4, 8, 27, 2, 39, 13, 0, 92, 49, 74, 34, 70]|[1, 1, 0, 1, 1, 1, 2, 2, 1, 2, 2, 1, 1, 1, 0, 0, 1, 0, 2, 2, 0, 1, 2, 2, 1, 2, 2, 0, 0, 1, 2, 1, 1, 0, 2, 0, 1, 1, 0, 1, 1, 1, 1, 0, 2, 1, 1, 0, 0, 0, 0, 1, 1, 2, 1, 2, 0, 0, 2, 0, 1, 2, 2, 1, 2, 1, 1, 1, 1, 1, 1, 2, 1, 0, 2, 0, 1, 2, 1, 0, 0, 2, 1, 0, 0, 2, 0, 0, 1, 1, 0, 0, 1, 0, 0, 0, 0, 2, 2, 1]|[0, 3, 1, 2, 0, 0, 1, 1, 4, 1, 1, 4, 4, 4, 2, 2, 4, 2, 1, 1, 1, 1, 2, 1, 2, 1, 1, 1, 1, 4, 0, 3, 3, 0, 1, 1, 0, 3, 2, 2, 2, 2, 0, 1, 1, 0, 4, 0, 1, 2, 2, 1, 4, 0, 3, 2, 1, 2, 1, 2, 3, 1, 1, 3, 0, 4, 4, 1, 4, 3, 1, 2, 4, 1, 1, 1, 1, 1, 3, 1, 1, 1, 1, 1, 1, 1, 2, 1, 4, 3, 2, 2, 1, 2, 2, 0, 1, 1, 1, 4]|[1, 1, 1, 1, 3, 3, 0, 0, 0, 0, 0, 2, 0, 1, 0, 0, 3, 1, 0, 0, 0, 3, 1, 0, 2, 0, 0, 0, 1, 3, 0, 0, 0, 0, 1, 0, 0, 2, 1, 1, 1, 1, 0, 0, 0, 0, 2, 1, 0, 0, 0, 1, 3, 0, 0, 1, 0, 1, 0, 1, 2, 0, 0, 2, 1, 0, 2, 1, 1, 0, 3, 1, 3, 0, 0, 0, 2, 0, 0, 0, 0, 0, 1, 0, 0, 0, 1, 0, 0, 2, 1, 0, 1, 0, 0, 1, 1, 0, 0, 2],733.3116759547878,58140.55643565909,96674.14109675489,false
25,G4_BALANCED,G4_BALANCED,[31, 11, 15, 82, 26, 9, 95, 32, 77, 68, 47, 5, 93, 78, 86, 54, 85, 63, 18, 44, 20, 49, 36, 14, 74, 50, 53, 17, 21, 45, 71, 64, 3, 23, 30, 83, 24, 41, 60, 52, 65, 27, 90, 70, 39, 87, 48, 69, 99, 4, 46, 1, 13, 58, 97, 59, 28, 75, 73, 37, 35, 79, 22, 66, 76, 42, 40, 80, 96, 6, 16, 61, 33, 7, 57, 34, 12, 67, 10, 98, 56, 88, 29, 94, 91, 51, 19, 92, 43, 84, 38, 72, 81, 8, 2, 55, 62, 89, 25, 0]|[2, 1, 1, 2, 1, 2, 1, 1, 1, 1, 1, 0, 2, 2, 1, 2, 0, 0, 0, 2, 2, 1, 0, 2, 0, 2, 2, 1, 0, 1, 1, 1, 0, 0, 1, 0, 2, 1, 2, 2, 0, 0, 1, 1, 0, 2, 0, 2, 1, 0, 0, 2, 0, 0, 2, 0, 1, 0, 0, 0, 2, 1, 0, 2, 2, 0, 2, 2, 0, 1, 2, 1, 1, 2, 0, 1, 1, 1, 1, 2, 2, 1, 1, 2, 1, 1, 1, 0, 1, 0, 0, 1, 1, 1, 2, 0, 1, 1, 1, 0]|[1, 3, 2, 0, 4, 1, 4, 4, 2, 4, 3, 2, 1, 0, 2, 1, 1, 1, 2, 1, 1, 3, 0, 1, 0, 1, 1, 4, 1, 4, 3, 2, 2, 0, 4, 1, 1, 4, 0, 1, 2, 1, 4, 4, 1, 1, 0, 2, 3, 1, 2, 1, 2, 1, 1, 2, 4, 2, 0, 2, 2, 3, 1, 0, 1, 2, 0, 1, 2, 4, 1, 3, 4, 1, 2, 4, 3, 3, 3, 1, 1, 4, 3, 1, 3, 3, 4, 2, 4, 2, 2, 4, 1, 3, 1, 2, 3, 4, 4, 2]|[1, 2, 1, 0, 3, 0, 1, 3, 0, 0, 2, 0, 1, 0, 1, 0, 0, 0, 1, 0, 0, 2, 0, 0, 1, 0, 0, 3, 0, 1, 0, 2, 0, 1, 3, 0, 1, 3, 1, 0, 0, 0, 1, 3, 0, 0, 1, 0, 2, 0, 0, 0, 0, 0, 1, 0, 1, 0, 1, 1, 0, 2, 0, 0, 0, 0, 0, 0, 0, 2, 0, 0, 1, 0, 0, 1, 0, 0, 3, 0, 0, 1, 0, 0, 0, 0, 3, 0, 2, 0, 0, 2, 1, 0, 0, 0, 0, 1, 3, 0],836.569815134707,52504.092339752446,107095.57005228325,false
25,G2_TEC,G2_TEC,[31, 22, 82, 15, 26, 9, 95, 42, 77, 68, 47, 5, 93, 78, 86, 54, 85, 63, 18, 44, 20, 49, 36, 14, 74, 50, 53, 17, 21, 28, 11, 64, 3, 23, 30, 83, 24, 41, 40, 52, 65, 27, 90, 70, 39, 87, 48, 69, 99, 4, 46, 1, 13, 58, 97, 59, 45, 8, 73, 37, 35, 79, 71, 66, 76, 32, 60, 80, 96, 6, 16, 61, 33, 7, 57, 34, 12, 67, 10, 98, 56, 88, 43, 75, 91, 38, 19, 92, 29, 84, 51, 72, 81, 25, 2, 55, 94, 89, 62, 0]|[2, 1, 2, 1, 1, 2, 1, 1, 1, 1, 1, 0, 2, 2, 1, 2, 0, 0, 0, 2, 2, 1, 0, 2, 0, 2, 2, 1, 0, 1, 1, 1, 0, 0, 1, 0, 2, 1, 2, 2, 0, 0, 1, 1, 0, 2, 0, 2, 1, 0, 0, 2, 0, 0, 2, 0, 1, 1, 0, 0, 2, 1, 1, 2, 2, 0, 2, 2, 0, 1, 2, 1, 1, 2, 0, 1, 1, 1, 1, 2, 2, 1, 1, 0, 1, 0, 1, 0, 1, 0, 1, 1, 1, 1, 2, 0, 2, 1, 1, 0]|[0, 3, 0, 3, 4, 1, 4, 4, 2, 4, 3, 2, 1, 0, 2, 1, 1, 1, 2, 1, 1, 3, 0, 1, 0, 1, 1, 4, 1, 4, 3, 2, 2, 0, 4, 1, 1, 4, 0, 1, 2, 1, 4, 4, 1, 1, 0, 2, 3, 2, 2, 1, 2, 1, 1, 2, 4, 3, 0, 2, 2, 3, 3, 0, 1, 2, 0, 1, 2, 4, 1, 3, 4, 1, 2, 4, 3, 3, 3, 1, 1, 4, 4, 2, 3, 2, 4, 2, 3, 2, 3, 4, 4, 4, 1, 2, 1, 4, 3, 2]|[0, 2, 0, 0, 3, 0, 1, 3, 0, 0, 2, 0, 1, 0, 1, 0, 0, 0, 1, 0, 0, 2, 0, 0, 1, 0, 0, 3, 0, 1, 0, 2, 0, 0, 3, 0, 1, 3, 0, 0, 0, 0, 1, 3, 0, 0, 1, 0, 2, 0, 0, 0, 0, 0, 1, 0, 1, 0, 1, 1, 0, 2, 0, 0, 0, 0, 0, 0, 0, 2, 0, 0, 1, 0, 0, 1, 0, 0, 3, 0, 0, 1, 2, 0, 0, 0, 1, 0, 3, 0, 0, 2, 1, 3, 0, 0, 0, 1, 0, 0],884.1935202920454,50350.47642403707,113845.06305296552,false
25,G3_TWC,G1_CMAX,[31, 22, 82, 15, 26, 9, 42, 95, 77, 12, 47, 5, 93, 78, 86, 54, 85, 63, 18, 44, 20, 35, 43, 97, 91, 76, 10, 30, 21, 45, 71, 64, 1, 23, 17, 83, 24, 14, 60, 36, 6, 57, 94, 88, 65, 56, 79, 40, 67, 68, 46, 75, 38, 58, 19, 32, 81, 41, 27, 62, 87, 90, 99, 59, 11, 16, 72, 73, 70, 39, 37, 84, 3, 92, 25, 55, 28, 29, 51, 7, 33, 61, 98, 66, 89, 50, 8, 96, 53, 4, 80, 13, 34, 49, 52, 0, 48, 69, 2, 74]|[1, 1, 0, 1, 1, 1, 2, 1, 2, 1, 2, 2, 2, 1, 1, 0, 0, 1, 0, 2, 2, 0, 1, 2, 0, 1, 2, 2, 0, 0, 1, 2, 1, 2, 1, 0, 2, 0, 1, 1, 0, 1, 1, 1, 0, 2, 1, 1, 0, 0, 0, 0, 1, 1, 2, 1, 2, 0, 0, 0, 2, 1, 0, 1, 2, 1, 2, 1, 1, 1, 1, 1, 1, 0, 1, 1, 0, 0, 0, 1, 2, 1, 0, 2, 1, 0, 1, 0, 0, 0, 0, 0, 2, 0, 1, 0, 0, 1, 0, 2]|[4, 3, 2, 2, 0, 0, 2, 2, 2, 4, 1, 1, 2, 4, 4, 1, 2, 4, 2, 1, 1, 1, 1, 2, 1, 2, 1, 1, 1, 1, 3, 2, 3, 0, 4, 0, 1, 1, 0, 3, 2, 2, 4, 0, 1, 1, 0, 2, 0, 1, 2, 2, 1, 4, 0, 3, 2, 1, 1, 2, 1, 3, 1, 1, 1, 3, 0, 4, 3, 1, 4, 1, 1, 0, 4, 4, 2, 1, 1, 3, 1, 3, 1, 1, 1, 1, 3, 1, 2, 2, 1, 1, 1, 1, 1, 2, 2, 3, 2, 1]|[0, 2, 1, 1, 3, 3, 0, 1, 0, 0, 0, 0, 1, 0, 1, 0, 0, 3, 1, 0, 0, 0, 3, 1, 0, 2, 0, 0, 0, 1, 0, 0, 0, 0, 3, 0, 1, 0, 0, 2, 1, 1, 2, 0, 0, 0, 0, 1, 1, 0, 0, 0, 1, 3, 0, 0, 1, 0, 0, 1, 0, 2, 0, 1, 0, 2, 1, 0, 0, 1, 1, 3, 1, 1, 3, 3, 1, 0, 0, 2, 0, 0, 0, 0, 1, 0, 2, 0, 1, 1, 0, 0, 0, 1, 1, 0, 0, 0, 0, 0],800.9728923351585,58117.763115372225,90558.04465999853,true
25,G1_CMAX,G4_BALANCED,[31, 22, 82, 15, 26, 9, 95, 42, 77, 68, 47, 5, 93, 78, 86, 54, 85, 63, 18, 44, 20, 49, 36, 14, 74, 50, 53, 17, 21, 28, 71, 64, 3, 23, 30, 83, 24, 41, 60, 52, 65, 27, 90, 70, 39, 87, 48, 69, 99, 4, 46, 1, 13, 58, 97, 59, 45, 8, 73, 37, 35, 40, 11, 66, 76, 32, 79, 80, 96, 6, 16, 61, 33, 7, 57, 34, 12, 67, 10, 98, 56, 88, 29, 75, 91, 38, 19, 92, 43, 84, 51, 72, 81, 25, 2, 55, 0, 94, 89, 62]|[2, 1, 2, 1, 1, 2, 1, 1, 1, 1, 1, 0, 2, 2, 1, 2, 0, 0, 0, 2, 2, 1, 0, 2, 0, 2, 2, 1, 0, 1, 1, 1, 0, 0, 1, 0, 2, 1, 2, 2, 0, 0, 1, 1, 0, 2, 0, 2, 1, 0, 0, 2, 0, 0, 2, 0, 1, 1, 0, 0, 2, 2, 0, 2, 2, 0, 1, 2, 0, 1, 2, 1, 1, 2, 0, 1, 1, 1, 1, 2, 2, 1, 1, 0, 1, 0, 1, 0, 1, 0, 1, 1, 1, 1, 2, 0, 0, 2, 1, 1]|[0, 3, 0, 3, 4, 1, 4, 4, 2, 4, 3, 2, 1, 0, 2, 1, 1, 1, 2, 1, 1, 3, 0, 1, 0, 1, 1, 4, 1, 4, 3, 2, 2, 0, 4, 1, 1, 4, 0, 1, 2, 1, 4, 4, 1, 1, 0, 2, 3, 1, 2, 1, 2, 1, 1, 2, 4, 3, 0, 2, 2, 0, 1, 0, 1, 2, 3, 1, 2, 4, 1, 3, 4, 1, 2, 4, 3, 3, 3, 1, 1, 4, 3, 2, 3, 2, 4, 2, 4, 2, 3, 4, 1, 4, 1, 2, 2, 1, 4, 3]|[0, 2, 0, 0, 3, 0, 1, 3, 0, 0, 2, 0, 1, 0, 1, 0, 0, 0, 1, 0, 0, 2, 0, 0, 1, 0, 0, 3, 0, 1, 0, 2, 0, 1, 3, 0, 1, 3, 1, 0, 0, 0, 1, 3, 0, 0, 1, 0, 2, 0, 0, 0, 0, 0, 1, 0, 1, 0, 1, 1, 0, 0, 0, 0, 0, 0, 2, 0, 0, 2, 0, 0, 1, 0, 0, 1, 0, 0, 3, 0, 0, 1, 0, 0, 0, 0, 3, 0, 2, 0, 0, 2, 1, 3, 0, 0, 0, 0, 1, 0],856.549241947346,51732.79840203645,106640.40418311646,true
25,G4_BALANCED,G4_BALANCED,[31, 11, 15, 82, 26, 9, 95, 32, 77, 68, 47, 5, 93, 78, 86, 54, 85, 63, 18, 44, 20, 49, 36, 14, 74, 50, 53, 17, 21, 45, 71, 64, 3, 23, 30, 83, 24, 41, 60, 52, 65, 27, 90, 70, 39, 87, 48, 69, 99, 4, 46, 1, 13, 58, 97, 59, 28, 75, 73, 37, 35, 79, 22, 66, 76, 42, 40, 80, 96, 6, 16, 61, 33, 7, 57, 34, 12, 67, 10, 98, 56, 88, 29, 94, 91, 51, 19, 92, 43, 84, 38, 72, 81, 8, 2, 55, 62, 89, 25, 0]|[2, 1, 1, 2, 1, 2, 1, 1, 1, 1, 1, 0, 2, 2, 1, 2, 0, 0, 0, 2, 2, 1, 0, 2, 0, 2, 2, 1, 0, 1, 1, 1, 0, 0, 1, 0, 2, 1, 2, 2, 0, 0, 1, 1, 0, 2, 0, 2, 1, 0, 0, 2, 0, 0, 2, 0, 1, 0, 0, 0, 2, 1, 0, 2, 2, 0, 2, 2, 0, 1, 2, 1, 1, 2, 0, 1, 1, 1, 1, 2, 2, 1, 1, 2, 1, 1, 1, 0, 1, 0, 0, 1, 1, 1, 2, 0, 1, 1, 1, 0]|[1, 3, 2, 0, 4, 1, 4, 4, 2, 4, 3, 2, 1, 0, 2, 1, 1, 1, 2, 1, 1, 3, 0, 1, 0, 1, 1, 4, 1, 4, 3, 2, 2, 0, 4, 1, 1, 4, 0, 1, 2, 1, 4, 4, 1, 1, 0, 2, 3, 1, 2, 1, 2, 1, 1, 2, 4, 2, 0, 2, 2, 3, 1, 0, 1, 2, 0, 1, 2, 4, 1, 3, 4, 1, 2, 4, 3, 3, 3, 1, 1, 4, 3, 1, 3, 3, 4, 2, 4, 2, 2, 4, 1, 3, 1, 2, 3, 4, 4, 2]|[1, 2, 1, 0, 3, 0, 1, 3, 0, 0, 2, 0, 1, 0, 1, 0, 0, 0, 1, 0, 0, 2, 0, 0, 1, 0, 0, 3, 0, 1, 0, 2, 0, 1, 3, 0, 1, 3, 1, 0, 0, 0, 1, 3, 0, 0, 1, 0, 2, 0, 0, 0, 0, 0, 1, 0, 1, 0, 1, 1, 0, 2, 0, 0, 0, 0, 0, 0, 0, 2, 0, 0, 1, 0, 0, 1, 0, 0, 3, 0, 0, 1, 0, 0, 0, 0, 3, 0, 2, 0, 0, 2, 1, 0, 0, 0, 0, 1, 3, 0],836.569815134707,52504.092339752446,107095.57005228325,false
25,G2_TEC,G2_TEC,[31, 22, 82, 15, 26, 9, 95, 42, 77, 68, 47, 5, 93, 78, 86, 54, 85, 63, 18, 44, 20, 49, 36, 14, 74, 50, 53, 17, 21, 28, 11, 64, 3, 23, 30, 83, 24, 41, 40, 52, 65, 27, 90, 70, 39, 87, 48, 69, 99, 4, 46, 1, 13, 58, 97, 59, 45, 8, 73, 37, 35, 79, 71, 66, 76, 32, 60, 80, 96, 6, 16, 61, 33, 7, 57, 34, 12, 67, 10, 98, 56, 88, 43, 75, 91, 38, 19, 92, 29, 84, 51, 72, 81, 25, 2, 55, 94, 89, 62, 0]|[2, 1, 2, 1, 1, 2, 1, 1, 1, 1, 1, 0, 2, 2, 1, 2, 0, 0, 0, 2, 2, 1, 0, 2, 0, 2, 2, 1, 0, 1, 1, 1, 0, 0, 1, 0, 2, 1, 2, 2, 0, 0, 1, 1, 0, 2, 0, 2, 1, 0, 0, 2, 0, 0, 2, 0, 1, 1, 0, 0, 2, 1, 1, 2, 2, 0, 2, 2, 0, 1, 2, 1, 1, 2, 0, 1, 1, 1, 1, 2, 2, 1, 1, 0, 1, 0, 1, 0, 1, 0, 1, 1, 1, 1, 2, 0, 2, 1, 1, 0]|[0, 3, 0, 3, 4, 1, 4, 4, 2, 4, 3, 2, 1, 0, 2, 1, 1, 1, 2, 1, 1, 3, 0, 1, 0, 1, 1, 4, 1, 4, 3, 2, 2, 0, 4, 1, 1, 4, 0, 1, 2, 1, 4, 4, 1, 1, 0, 2, 3, 2, 2, 1, 2, 1, 1, 2, 4, 3, 0, 2, 2, 3, 3, 0, 1, 2, 0, 1, 2, 4, 1, 3, 4, 1, 2, 4, 3, 3, 3, 1, 1, 4, 4, 2, 3, 2, 4, 2, 3, 2, 3, 4, 4, 4, 1, 2, 1, 4, 3, 2]|[0, 2, 0, 0, 3, 0, 1, 3, 0, 0, 2, 0, 1, 0, 1, 0, 0, 0, 1, 0, 0, 2, 0, 0, 1, 0, 0, 3, 0, 1, 0, 2, 0, 0, 3, 0, 1, 3, 0, 0, 0, 0, 1, 3, 0, 0, 1, 0, 2, 0, 0, 0, 0, 0, 1, 0, 1, 0, 1, 1, 0, 2, 0, 0, 0, 0, 0, 0, 0, 2, 0, 0, 1, 0, 0, 1, 0, 0, 3, 0, 0, 1, 2, 0, 0, 0, 1, 0, 3, 0, 0, 2, 1, 3, 0, 0, 0, 1, 0, 0],884.1935202920454,50350.47642403707,113845.06305296552,false
25,G3_TWC,G1_CMAX,[31, 22, 82, 15, 26, 9, 42, 95, 77, 12, 47, 5, 93, 78, 86, 54, 85, 63, 18, 44, 20, 35, 43, 97, 91, 76, 10, 30, 21, 45, 71, 64, 1, 23, 17, 83, 24, 14, 60, 36, 6, 57, 94, 88, 65, 56, 79, 40, 67, 68, 46, 75, 38, 58, 19, 32, 81, 41, 27, 62, 87, 90, 99, 59, 11, 16, 72, 73, 70, 39, 37, 84, 3, 92, 25, 55, 28, 29, 51, 7, 33, 61, 98, 66, 89, 50, 8, 96, 53, 4, 80, 13, 34, 49, 52, 0, 48, 69, 2, 74]|[1, 1, 0, 1, 1, 1, 2, 1, 2, 1, 2, 2, 2, 1, 1, 0, 0, 1, 0, 2, 2, 0, 1, 2, 0, 1, 2, 2, 0, 0, 1, 2, 1, 2, 1, 0, 2, 0, 1, 1, 0, 1, 1, 1, 0, 2, 1, 1, 0, 0, 0, 0, 1, 1, 2, 1, 2, 0, 0, 0, 2, 1, 0, 1, 2, 1, 2, 1, 1, 1, 1, 1, 1, 0, 1, 1, 0, 0, 0, 1, 2, 1, 0, 2, 1, 0, 1, 0, 0, 0, 0, 0, 2, 0, 1, 0, 0, 1, 0, 2]|[4, 3, 2, 2, 0, 0, 2, 2, 2, 4, 1, 1, 2, 4, 4, 1, 2, 4, 2, 1, 1, 1, 1, 2, 1, 2, 1, 1, 1, 1, 3, 2, 3, 0, 4, 0, 1, 1, 0, 3, 2, 2, 4, 0, 1, 1, 0, 2, 0, 1, 2, 2, 1, 4, 0, 3, 2, 1, 1, 2, 1, 3, 1, 1, 1, 3, 0, 4, 3, 1, 4, 1, 1, 0, 4, 4, 2, 1, 1, 3, 1, 3, 1, 1, 1, 1, 3, 1, 2, 2, 1, 1, 1, 1, 1, 2, 2, 3, 2, 1]|[0, 2, 1, 1, 3, 3, 0, 1, 0, 0, 0, 0, 1, 0, 1, 0, 0, 3, 1, 0, 0, 0, 3, 1, 0, 2, 0, 0, 0, 1, 0, 0, 0, 0, 3, 0, 1, 0, 0, 2, 1, 1, 2, 0, 0, 0, 0, 1, 1, 0, 0, 0, 1, 3, 0, 0, 1, 0, 0, 1, 0, 2, 0, 1, 0, 2, 1, 0, 0, 1, 1, 3, 1, 1, 3, 3, 1, 0, 0, 2, 0, 0, 0, 0, 1, 0, 2, 0, 1, 1, 0, 0, 0, 1, 1, 0, 0, 0, 0, 0],800.9728923351585,58117.763115372225,90558.04465999853,true
25,G1_CMAX,G4_BALANCED,[31, 22, 82, 15, 26, 9, 95, 42, 77, 68, 47, 5, 93, 78, 86, 54, 85, 63, 18, 44, 20, 49, 36, 14, 74, 50, 53, 17, 21, 28, 71, 64, 3, 23, 30, 83, 24, 41, 60, 52, 65, 27, 90, 70, 39, 87, 48, 69, 99, 4, 46, 1, 13, 58, 97, 59, 45, 8, 73, 37, 35, 40, 11, 66, 76, 32, 79, 80, 96, 6, 16, 61, 33, 7, 57, 34, 12, 67, 10, 98, 56, 88, 29, 75, 91, 38, 19, 92, 43, 84, 51, 72, 81, 25, 2, 55, 0, 94, 89, 62]|[2, 1, 2, 1, 1, 2, 1, 1, 1, 1, 1, 0, 2, 2, 1, 2, 0, 0, 0, 2, 2, 1, 0, 2, 0, 2, 2, 1, 0, 1, 1, 1, 0, 0, 1, 0, 2, 1, 2, 2, 0, 0, 1, 1, 0, 2, 0, 2, 1, 0, 0, 2, 0, 0, 2, 0, 1, 1, 0, 0, 2, 2, 0, 2, 2, 0, 1, 2, 0, 1, 2, 1, 1, 2, 0, 1, 1, 1, 1, 2, 2, 1, 1, 0, 1, 0, 1, 0, 1, 0, 1, 1, 1, 1, 2, 0, 0, 2, 1, 1]|[0, 3, 0, 3, 4, 1, 4, 4, 2, 4, 3, 2, 1, 0, 2, 1, 1, 1, 2, 1, 1, 3, 0, 1, 0, 1, 1, 4, 1, 4, 3, 2, 2, 0, 4, 1, 1, 4, 0, 1, 2, 1, 4, 4, 1, 1, 0, 2, 3, 1, 2, 1, 2, 1, 1, 2, 4, 3, 0, 2, 2, 0, 1, 0, 1, 2, 3, 1, 2, 4, 1, 3, 4, 1, 2, 4, 3, 3, 3, 1, 1, 4, 3, 2, 3, 2, 4, 2, 4, 2, 3, 4, 1, 4, 1, 2, 2, 1, 4, 3]|[0, 2, 0, 0, 3, 0, 1, 3, 0, 0, 2, 0, 1, 0, 1, 0, 0, 0, 1, 0, 0, 2, 0, 0, 1, 0, 0, 3, 0, 1, 0, 2, 0, 1, 3, 0, 1, 3, 1, 0, 0, 0, 1, 3, 0, 0, 1, 0, 2, 0, 0, 0, 0, 0, 1, 0, 1, 0, 1, 1, 0, 0, 0, 0, 0, 0, 2, 0, 0, 2, 0, 0, 1, 0, 0, 1, 0, 0, 3, 0, 0, 1, 0, 0, 0, 0, 3, 0, 2, 0, 0, 2, 1, 3, 0, 0, 0, 0, 1, 0],856.549241947346,51732.79840203645,106640.40418311646,true
25,G4_BALANCED,G4_BALANCED,[31, 11, 15, 82, 26, 9, 95, 32, 77, 68, 47, 5, 93, 78, 86, 54, 85, 63, 18, 44, 20, 49, 36, 14, 74, 50, 53, 17, 21, 45, 71, 64, 3, 23, 30, 83, 24, 41, 60, 52, 65, 27, 90, 70, 39, 87, 48, 69, 99, 4, 46, 1, 13, 58, 97, 59, 28, 75, 73, 37, 35, 79, 22, 66, 76, 42, 40, 80, 96, 6, 16, 61, 33, 7, 57, 34, 12, 67, 10, 98, 56, 88, 29, 94, 91, 51, 19, 92, 43, 84, 38, 72, 81, 8, 2, 55, 62, 89, 25, 0]|[2, 1, 1, 2, 1, 2, 1, 1, 1, 1, 1, 0, 2, 2, 1, 2, 0, 0, 0, 2, 2, 1, 0, 2, 0, 2, 2, 1, 0, 1, 1, 1, 0, 0, 1, 0, 2, 1, 2, 2, 0, 0, 1, 1, 0, 2, 0, 2, 1, 0, 0, 2, 0, 0, 2, 0, 1, 0, 0, 0, 2, 1, 0, 2, 2, 0, 2, 2, 0, 1, 2, 1, 1, 2, 0, 1, 1, 1, 1, 2, 2, 1, 1, 2, 1, 1, 1, 0, 1, 0, 0, 1, 1, 1, 2, 0, 1, 1, 1, 0]|[1, 3, 2, 0, 4, 1, 4, 4, 2, 4, 3, 2, 1, 0, 2, 1, 1, 1, 2, 1, 1, 3, 0, 1, 0, 1, 1, 4, 1, 4, 3, 2, 2, 0, 4, 1, 1, 4, 0, 1, 2, 1, 4, 4, 1, 1, 0, 2, 3, 1, 2, 1, 2, 1, 1, 2, 4, 2, 0, 2, 2, 3, 1, 0, 1, 2, 0, 1, 2, 4, 1, 3, 4, 1, 2, 4, 3, 3, 3, 1, 1, 4, 3, 1, 3, 3, 4, 2, 4, 2, 2, 4, 1, 3, 1, 2, 3, 4, 4, 2]|[1, 2, 1, 0, 3, 0, 1, 3, 0, 0, 2, 0, 1, 0, 1, 0, 0, 0, 1, 0, 0, 2, 0, 0, 1, 0, 0, 3, 0, 1, 0, 2, 0, 1, 3, 0, 1, 3, 1, 0, 0, 0, 1, 3, 0, 0, 1, 0, 2, 0, 0, 0, 0, 0, 1, 0, 1, 0, 1, 1, 0, 2, 0, 0, 0, 0, 0, 0, 0, 2, 0, 0, 1, 0, 0, 1, 0, 0, 3, 0, 0, 1, 0, 0, 0, 0, 3, 0, 2, 0, 0, 2, 1, 0, 0, 0, 0, 1, 3, 0],836.569815134707,52504.092339752446,107095.57005228325,false
25,G2_TEC,G2_TEC,[31, 22, 82, 15, 26, 9, 95, 42, 77, 68, 47, 5, 93, 78, 86, 54, 85, 63, 18, 44, 20, 49, 36, 14, 74, 50, 53, 17, 21, 28, 11, 64, 3, 23, 30, 83, 24, 41, 40, 52, 65, 27, 90, 70, 39, 87, 48, 69, 99, 4, 46, 1, 13, 58, 97, 59, 45, 8, 73, 37, 35, 79, 71, 66, 76, 32, 60, 80, 96, 6, 16, 61, 33, 7, 57, 34, 12, 67, 10, 98, 56, 88, 43, 75, 91, 38, 19, 92, 29, 84, 51, 72, 81, 25, 2, 55, 94, 89, 62, 0]|[2, 1, 2, 1, 1, 2, 1, 1, 1, 1, 1, 0, 2, 2, 1, 2, 0, 0, 0, 2, 2, 1, 0, 2, 0, 2, 2, 1, 0, 1, 1, 1, 0, 0, 1, 0, 2, 1, 2, 2, 0, 0, 1, 1, 0, 2, 0, 2, 1, 0, 0, 2, 0, 0, 2, 0, 1, 1, 0, 0, 2, 1, 1, 2, 2, 0, 2, 2, 0, 1, 2, 1, 1, 2, 0, 1, 1, 1, 1, 2, 2, 1, 1, 0, 1, 0, 1, 0, 1, 0, 1, 1, 1, 1, 2, 0, 2, 1, 1, 0]|[0, 3, 0, 3, 4, 1, 4, 4, 2, 4, 3, 2, 1, 0, 2, 1, 1, 1, 2, 1, 1, 3, 0, 1, 0, 1, 1, 4, 1, 4, 3, 2, 2, 0, 4, 1, 1, 4, 0, 1, 2, 1, 4, 4, 1, 1, 0, 2, 3, 2, 2, 1, 2, 1, 1, 2, 4, 3, 0, 2, 2, 3, 3, 0, 1, 2, 0, 1, 2, 4, 1, 3, 4, 1, 2, 4, 3, 3, 3, 1, 1, 4, 4, 2, 3, 2, 4, 2, 3, 2, 3, 4, 4, 4, 1, 2, 1, 4, 3, 2]|[0, 2, 0, 0, 3, 0, 1, 3, 0, 0, 2, 0, 1, 0, 1, 0, 0, 0, 1, 0, 0, 2, 0, 0, 1, 0, 0, 3, 0, 1, 0, 2, 0, 0, 3, 0, 1, 3, 0, 0, 0, 0, 1, 3, 0, 0, 1, 0, 2, 0, 0, 0, 0, 0, 1, 0, 1, 0, 1, 1, 0, 2, 0, 0, 0, 0, 0, 0, 0, 2, 0, 0, 1, 0, 0, 1, 0, 0, 3, 0, 0, 1, 2, 0, 0, 0, 1, 0, 3, 0, 0, 2, 1, 3, 0, 0, 0, 1, 0, 0],884.1935202920454,50350.47642403707,113845.06305296552,false
25,G3_TWC,G3_TWC,[31, 22, 82, 15, 26, 9, 42, 95, 77, 12, 47, 5, 93, 78, 86, 54, 85, 63, 18, 44, 20, 35, 43, 97, 91, 76, 10, 30, 21, 45, 71, 64, 1, 23, 17, 83, 24, 14, 60, 36, 6, 57, 94, 88, 65, 56, 79, 40, 67, 68, 46, 75, 38, 58, 19, 32, 81, 41, 27, 62, 87, 90, 99, 59, 11, 16, 72, 73, 70, 39, 37, 84, 3, 92, 25, 55, 28, 29, 51, 7, 33, 61, 98, 66, 89, 50, 8, 96, 53, 4, 80, 48, 34, 49, 52, 0, 13, 69, 2, 74]|[1, 1, 0, 1, 1, 1, 2, 1, 2, 1, 2, 2, 2, 1, 1, 0, 0, 1, 0, 2, 2, 0, 1, 2, 0, 1, 2, 2, 0, 0, 1, 2, 1, 2, 1, 0, 2, 0, 1, 1, 0, 1, 1, 1, 0, 2, 1, 1, 0, 0, 0, 0, 1, 1, 2, 1, 2, 0, 0, 0, 2, 1, 0, 1, 2, 1, 2, 1, 1, 1, 1, 1, 1, 0, 1, 1, 0, 0, 0, 1, 2, 1, 0, 2, 1, 0, 1, 2, 0, 0, 0, 0, 2, 0, 1, 0, 0, 1, 0, 2]|[4, 3, 2, 2, 0, 0, 2, 2, 2, 4, 1, 1, 2, 4, 4, 1, 2, 4, 2, 1, 1, 1, 1, 2, 1, 2, 1, 1, 1, 1, 3, 2, 3, 1, 4, 0, 1, 1, 0, 3, 2, 2, 4, 0, 1, 1, 0, 2, 0, 1, 2, 2, 1, 0, 0, 3, 2, 1, 1, 2, 1, 3, 1, 1, 1, 3, 0, 4, 3, 1, 4, 1, 1, 2, 4, 4, 2, 1, 1, 3, 1, 3, 1, 1, 1, 1, 3, 1, 2, 2, 1, 1, 1, 1, 1, 2, 2, 3, 2, 1]|[0, 2, 1, 1, 3, 3, 0, 1, 0, 0, 0, 0, 1, 0, 1, 0, 0, 3, 1, 0, 0, 0, 3, 1, 0, 2, 0, 0, 0, 1, 0, 0, 0, 0, 3, 0, 1, 0, 0, 2, 1, 1, 2, 0, 0, 0, 0, 1, 1, 0, 0, 0, 1, 3, 0, 0, 1, 0, 0, 1, 0, 2, 0, 1, 0, 2, 1, 0, 0, 1, 1, 3, 1, 1, 3, 3, 1, 0, 0, 2, 0, 0, 0, 0, 1, 0, 2, 0, 1, 1, 0, 0, 0, 1, 1, 0, 0, 0, 0, 0],788.1392979397363,58488.54517121075,91082.07458942154,false
25,G1_CMAX,G1_CMAX,[31, 22, 82, 15, 26, 9, 42, 77, 12, 5, 47, 93, 78, 86, 54, 6, 63, 18, 44, 20, 35, 43, 97, 91, 76, 10, 30, 21, 45, 17, 23, 1, 71, 83, 24, 14, 60, 36, 85, 57, 40, 95, 88, 65, 56, 79, 94, 67, 68, 46, 75, 38, 58, 19, 32, 81, 41, 62, 87, 28, 90, 59, 11, 16, 72, 73, 69, 52, 37, 64, 84, 3, 25, 29, 55, 51, 7, 98, 61, 66, 99, 33, 89, 48, 50, 96, 53, 80, 4, 8, 27, 2, 39, 13, 0, 92, 49, 74, 34, 70]|[1, 1, 0, 1, 1, 1, 2, 2, 1, 2, 2, 1, 1, 1, 0, 0, 1, 0, 2, 2, 0, 1, 2, 2, 1, 2, 2, 0, 0, 1, 2, 1, 1, 0, 2, 0, 1, 1, 0, 1, 1, 1, 1, 0, 2, 1, 1, 0, 0, 0, 0, 1, 1, 2, 1, 2, 0, 0, 2, 0, 1, 2, 2, 1, 2, 1, 1, 1, 1, 1, 1, 2, 1, 0, 2, 0, 1, 2, 1, 0, 0, 2, 1, 0, 0, 2, 0, 0, 1, 1, 0, 0, 1, 0, 0, 0, 0, 2, 2, 1]|[0, 3, 1, 2, 0, 0, 1, 1, 4, 1, 1, 4, 4, 4, 2, 2, 4, 2, 1, 1, 1, 1, 2, 1, 2, 1, 1, 1, 1, 4, 0, 3, 3, 0, 1, 1, 0, 3, 2, 2, 2, 2, 0, 1, 1, 0, 4, 0, 1, 2, 2, 1, 4, 0, 3, 2, 1, 2, 1, 2, 3, 1, 1, 3, 0, 4, 4, 1, 4, 3, 1, 2, 4, 1, 1, 1, 1, 1, 3, 1, 1, 1, 1, 1, 1, 1, 2, 1, 4, 3, 2, 2, 1, 2, 2, 0, 1, 1, 1, 4]|[1, 1, 1, 1, 3, 3, 0, 0, 0, 0, 0, 2, 0, 1, 0, 0, 3, 1, 0, 0, 0, 3, 1, 0, 2, 0, 0, 0, 1, 3, 0, 0, 0, 0, 1, 0, 0, 2, 1, 1, 1, 1, 0, 0, 0, 0, 2, 1, 0, 0, 0, 1, 3, 0, 0, 1, 0, 1, 0, 1, 2, 0, 0, 2, 1, 0, 2, 1, 1, 0, 3, 1, 3, 0, 0, 0, 2, 0, 0, 0, 0, 0, 1, 0, 0, 0, 1, 0, 0, 2, 1, 0, 1, 0, 0, 1, 1, 0, 0, 2],733.3116759547878,58140.55643565909,96674.14109675489,false
25,G4_BALANCED,G4_BALANCED,[31, 11, 15, 82, 26, 9, 95, 32, 77, 68, 47, 5, 93, 78, 86, 54, 85, 63, 18, 44, 20, 49, 36, 14, 74, 50, 53, 17, 21, 45, 71, 64, 3, 23, 30, 83, 24, 41, 60, 52, 65, 27, 90, 70, 39, 87, 48, 69, 99, 4, 46, 1, 13, 58, 97, 59, 28, 75, 73, 37, 35, 79, 22, 66, 76, 42, 40, 80, 96, 6, 16, 61, 33, 7, 57, 34, 12, 67, 10, 98, 56, 88, 29, 94, 91, 51, 19, 92, 43, 84, 38, 72, 81, 8, 2, 55, 62, 89, 25, 0]|[2, 1, 1, 2, 1, 2, 1, 1, 1, 1, 1, 0, 2, 2, 1, 2, 0, 0, 0, 2, 2, 1, 0, 2, 0, 2, 2, 1, 0, 1, 1, 1, 0, 0, 1, 0, 2, 1, 2, 2, 0, 0, 1, 1, 0, 2, 0, 2, 1, 0, 0, 2, 0, 0, 2, 0, 1, 0, 0, 0, 2, 1, 0, 2, 2, 0, 2, 2, 0, 1, 2, 1, 1, 2, 0, 1, 1, 1, 1, 2, 2, 1, 1, 2, 1, 1, 1, 0, 1, 0, 0, 1, 1, 1, 2, 0, 1, 1, 1, 0]|[1, 3, 2, 0, 4, 1, 4, 4, 2, 4, 3, 2, 1, 0, 2, 1, 1, 1, 2, 1, 1, 3, 0, 1, 0, 1, 1, 4, 1, 4, 3, 2, 2, 0, 4, 1, 1, 4, 0, 1, 2, 1, 4, 4, 1, 1, 0, 2, 3, 1, 2, 1, 2, 1, 1, 2, 4, 2, 0, 2, 2, 3, 1, 0, 1, 2, 0, 1, 2, 4, 1, 3, 4, 1, 2, 4, 3, 3, 3, 1, 1, 4, 3, 1, 3, 3, 4, 2, 4, 2, 2, 4, 1, 3, 1, 2, 3, 4, 4, 2]|[1, 2, 1, 0, 3, 0, 1, 3, 0, 0, 2, 0, 1, 0, 1, 0, 0, 0, 1, 0, 0, 2, 0, 0, 1, 0, 0, 3, 0, 1, 0, 2, 0, 1, 3, 0, 1, 3, 1, 0, 0, 0, 1, 3, 0, 0, 1, 0, 2, 0, 0, 0, 0, 0, 1, 0, 1, 0, 1, 1, 0, 2, 0, 0, 0, 0, 0, 0, 0, 2, 0, 0, 1, 0, 0, 1, 0, 0, 3, 0, 0, 1, 0, 0, 0, 0, 3, 0, 2, 0, 0, 2, 1, 0, 0, 0, 0, 1, 3, 0],836.569815134707,52504.092339752446,107095.57005228325,false
25,G2_TEC,G2_TEC,[31, 22, 82, 15, 26, 9, 95, 42, 77, 68, 47, 5, 93, 78, 86, 54, 85, 63, 18, 44, 20, 49, 36, 14, 74, 50, 53, 17, 21, 28, 11, 64, 3, 23, 30, 83, 24, 41, 40, 52, 65, 27, 90, 70, 39, 87, 48, 69, 99, 4, 46, 1, 13, 58, 97, 59, 45, 8, 73, 37, 35, 79, 71, 66, 76, 32, 60, 80, 96, 6, 16, 61, 33, 7, 57, 34, 12, 67, 10, 98, 56, 88, 43, 75, 91, 38, 19, 92, 29, 84, 51, 72, 81, 25, 2, 55, 94, 89, 62, 0]|[2, 1, 2, 1, 1, 2, 1, 1, 1, 1, 1, 0, 2, 2, 1, 2, 0, 0, 0, 2, 2, 1, 0, 2, 0, 2, 2, 1, 0, 1, 1, 1, 0, 0, 1, 0, 2, 1, 2, 2, 0, 0, 1, 1, 0, 2, 0, 2, 1, 0, 0, 2, 0, 0, 2, 0, 1, 1, 0, 0, 2, 1, 1, 2, 2, 0, 2, 2, 0, 1, 2, 1, 1, 2, 0, 1, 1, 1, 1, 2, 2, 1, 1, 0, 1, 0, 1, 0, 1, 0, 1, 1, 1, 1, 2, 0, 2, 1, 1, 0]|[0, 3, 0, 3, 4, 1, 4, 4, 2, 4, 3, 2, 1, 0, 2, 1, 1, 1, 2, 1, 1, 3, 0, 1, 0, 1, 1, 4, 1, 4, 3, 2, 2, 0, 4, 1, 1, 4, 0, 1, 2, 1, 4, 4, 1, 1, 0, 2, 3, 2, 2, 1, 2, 1, 1, 2, 4, 3, 0, 2, 2, 3, 3, 0, 1, 2, 0, 1, 2, 4, 1, 3, 4, 1, 2, 4, 3, 3, 3, 1, 1, 4, 4, 2, 3, 2, 4, 2, 3, 2, 3, 4, 4, 4, 1, 2, 1, 4, 3, 2]|[0, 2, 0, 0, 3, 0, 1, 3, 0, 0, 2, 0, 1, 0, 1, 0, 0, 0, 1, 0, 0, 2, 0, 0, 1, 0, 0, 3, 0, 1, 0, 2, 0, 0, 3, 0, 1, 3, 0, 0, 0, 0, 1, 3, 0, 0, 1, 0, 2, 0, 0, 0, 0, 0, 1, 0, 1, 0, 1, 1, 0, 2, 0, 0, 0, 0, 0, 0, 0, 2, 0, 0, 1, 0, 0, 1, 0, 0, 3, 0, 0, 1, 2, 0, 0, 0, 1, 0, 3, 0, 0, 2, 1, 3, 0, 0, 0, 1, 0, 0],884.1935202920454,50350.47642403707,113845.06305296552,false
25,G3_TWC,G3_TWC,[31, 22, 82, 15, 26, 9, 42, 95, 77, 12, 47, 93, 5, 78, 86, 54, 71, 63, 18, 44, 20, 35, 43, 97, 91, 76, 10, 30, 21, 45, 85, 64, 1, 23, 17, 83, 24, 14, 60, 36, 6, 57, 94, 88, 65, 56, 79, 40, 67, 68, 46, 75, 38, 58, 19, 32, 81, 41, 27, 62, 87, 90, 99, 59, 11, 16, 72, 73, 70, 39, 37, 84, 3, 92, 25, 55, 28, 29, 51, 7, 33, 61, 98, 48, 89, 8, 50, 96, 53, 4, 80, 13, 69, 49, 52, 0, 74, 34, 2, 66]|[1, 1, 0, 1, 1, 1, 2, 1, 2, 1, 2, 2, 1, 1, 1, 0, 1, 1, 0, 2, 2, 0, 1, 2, 0, 1, 2, 2, 0, 0, 0, 2, 1, 2, 1, 0, 2, 0, 1, 1, 0, 1, 1, 1, 0, 2, 1, 1, 0, 0, 0, 0, 1, 1, 2, 1, 2, 0, 0, 0, 2, 1, 0, 1, 2, 1, 2, 1, 1, 1, 1, 1, 1, 0, 1, 1, 0, 0, 0, 1, 2, 1, 0, 0, 1, 0, 0, 2, 0, 0, 0, 0, 1, 0, 1, 0, 2, 2, 0, 2]|[4, 3, 2, 2, 0, 0, 2, 2, 2, 4, 1, 2, 4, 4, 4, 1, 3, 4, 2, 1, 1, 1, 1, 2, 1, 2, 1, 1, 1, 1, 2, 2, 3, 1, 4, 0, 1, 1, 0, 3, 2, 2, 4, 0, 1, 1, 0, 2, 0, 1, 2, 2, 1, 4, 0, 3, 2, 1, 1, 2, 1, 3, 1, 1, 1, 3, 0, 4, 3, 1, 4, 1, 1, 2, 4, 4, 2, 1, 1, 3, 1, 3, 1, 1, 1, 1, 1, 1, 2, 2, 1, 2, 3, 1, 1, 2, 1, 1, 2, 1]|[0, 2, 1, 1, 3, 3, 0, 1, 0, 0, 0, 1, 0, 0, 1, 0, 0, 3, 1, 0, 0, 0, 3, 1, 0, 2, 0, 0, 0, 1, 0, 0, 0, 0, 3, 0, 1, 0, 0, 2, 1, 1, 2, 0, 0, 0, 0, 1, 1, 0, 0, 0, 1, 3, 0, 0, 1, 0, 0, 1, 0, 2, 0, 1, 0, 2, 1, 0, 0, 1, 1, 3, 1, 1, 3, 3, 1, 0, 0, 2, 0, 0, 0, 0, 1, 0, 0, 0, 1, 1, 0, 0, 0, 1, 1, 0, 0, 0, 0, 0],780.0187620696662,57889.80770804357,90392.96942598815,false
25,G1_CMAX,G1_CMAX,[31, 22, 82, 15, 26, 9, 42, 77, 12, 5, 47, 93, 78, 86, 54, 6, 63, 18, 44, 20, 35, 43, 97, 91, 76, 10, 30, 21, 45, 17, 23, 1, 71, 83, 24, 14, 60, 36, 85, 57, 40, 95, 88, 65, 56, 79, 94, 67, 68, 46, 75, 38, 58, 19, 32, 81, 41, 62, 87, 28, 90, 59, 11, 16, 72, 73, 69, 52, 37, 64, 84, 3, 25, 29, 55, 51, 7, 98, 61, 66, 99, 33, 89, 48, 50, 96, 53, 80, 4, 8, 27, 2, 39, 13, 0, 92, 49, 74, 34, 70]|[1, 1, 0, 1, 1, 1, 2, 2, 1, 2, 2, 1, 1, 1, 0, 0, 1, 0, 2, 2, 0, 1, 2, 2, 1, 2, 2, 0, 0, 1, 2, 1, 1, 0, 2, 0, 1, 1, 0, 1, 1, 1, 1, 0, 2, 1, 1, 0, 0, 0, 0, 1, 1, 2, 1, 2, 0, 0, 2, 0, 1, 2, 2, 1, 2, 1, 1, 1, 1, 1, 1, 2, 1, 0, 2, 0, 1, 2, 1, 0, 0, 2, 1, 0, 0, 2, 0, 0, 1, 1, 0, 0, 1, 0, 0, 0, 0, 2, 2, 1]|[0, 3, 1, 2, 0, 0, 1, 1, 4, 1, 1, 4, 4, 4, 2, 2, 4, 2, 1, 1, 1, 1, 2, 1, 2, 1, 1, 1, 1, 4, 0, 3, 3, 0, 1, 1, 0, 3, 2, 2, 2, 2, 0, 1, 1, 0, 4, 0, 1, 2, 2, 1, 4, 0, 3, 2, 1, 2, 1, 2, 3, 1, 1, 3, 0, 4, 4, 1, 4, 3, 1, 2, 4, 1, 1, 1, 1, 1, 3, 1, 1, 1, 1, 1, 1, 1, 2, 1, 4, 3, 2, 2, 1, 2, 2, 0, 1, 1, 1, 4]|[1, 1, 1, 1, 3, 3, 0, 0, 0, 0, 0, 2, 0, 1, 0, 0, 3, 1, 0, 0, 0, 3, 1, 0, 2, 0, 0, 0, 1, 3, 0, 0, 0, 0, 1, 0, 0, 2, 1, 1, 1, 1, 0, 0, 0, 0, 2, 1, 0, 0, 0, 1, 3, 0, 0, 1, 0, 1, 0, 1, 2, 0, 0, 2, 1, 0, 2, 1, 1, 0, 3, 1, 3, 0, 0, 0, 2, 0, 0, 0, 0, 0, 1, 0, 0, 0, 1, 0, 0, 2, 1, 0, 1, 0, 0, 1, 1, 0, 0, 2],733.3116759547878,58140.55643565909,96674.14109675489,false
25,G4_BALANCED,G4_BALANCED,[31, 11, 15, 82, 26, 9, 95, 32, 77, 68, 47, 5, 93, 78, 86, 54, 85, 63, 18, 44, 20, 49, 36, 14, 74, 50, 53, 17, 21, 45, 71, 64, 3, 23, 30, 83, 24, 41, 60, 52, 65, 27, 90, 70, 39, 87, 48, 69, 99, 4, 46, 1, 13, 58, 97, 59, 28, 75, 73, 37, 35, 79, 22, 66, 76, 42, 40, 80, 96, 6, 16, 61, 33, 7, 57, 34, 12, 67, 10, 98, 56, 88, 29, 94, 91, 51, 19, 92, 43, 84, 38, 72, 81, 8, 2, 55, 62, 89, 25, 0]|[2, 1, 1, 2, 1, 2, 1, 1, 1, 1, 1, 0, 2, 2, 1, 2, 0, 0, 0, 2, 2, 1, 0, 2, 0, 2, 2, 1, 0, 1, 1, 1, 0, 0, 1, 0, 2, 1, 2, 2, 0, 0, 1, 1, 0, 2, 0, 2, 1, 0, 0, 2, 0, 0, 2, 0, 1, 0, 0, 0, 2, 1, 0, 2, 2, 0, 2, 2, 0, 1, 2, 1, 1, 2, 0, 1, 1, 1, 1, 2, 2, 1, 1, 2, 1, 1, 1, 0, 1, 0, 0, 1, 1, 1, 2, 0, 1, 1, 1, 0]|[1, 3, 2, 0, 4, 1, 4, 4, 2, 4, 3, 2, 1, 0, 2, 1, 1, 1, 2, 1, 1, 3, 0, 1, 0, 1, 1, 4, 1, 4, 3, 2, 2, 0, 4, 1, 1, 4, 0, 1, 2, 1, 4, 4, 1, 1, 0, 2, 3, 1, 2, 1, 2, 1, 1, 2, 4, 2, 0, 2, 2, 3, 1, 0, 1, 2, 0, 1, 2, 4, 1, 3, 4, 1, 2, 4, 3, 3, 3, 1, 1, 4, 3, 1, 3, 3, 4, 2, 4, 2, 2, 4, 1, 3, 1, 2, 3, 4, 4, 2]|[1, 2, 1, 0, 3, 0, 1, 3, 0, 0, 2, 0, 1, 0, 1, 0, 0, 0, 1, 0, 0, 2, 0, 0, 1, 0, 0, 3, 0, 1, 0, 2, 0, 1, 3, 0, 1, 3, 1, 0, 0, 0, 1, 3, 0, 0, 1, 0, 2, 0, 0, 0, 0, 0, 1, 0, 1, 0, 1, 1, 0, 2, 0, 0, 0, 0, 0, 0, 0, 2, 0, 0, 1, 0, 0, 1, 0, 0, 3, 0, 0, 1, 0, 0, 0, 0, 3, 0, 2, 0, 0, 2, 1, 0, 0, 0, 0, 1, 3, 0],836.569815134707,52504.092339752446,107095.57005228325,false
25,G2_TEC,G2_TEC,[31, 22, 82, 15, 26, 9, 95, 42, 77, 68, 47, 5, 93, 78, 86, 54, 85, 63, 18, 44, 20, 49, 36, 14, 74, 50, 53, 17, 21, 28, 11, 64, 3, 23, 30, 83, 24, 41, 40, 52, 65, 27, 90, 70, 39, 87, 48, 69, 99, 4, 46, 1, 13, 58, 97, 59, 45, 8, 73, 37, 35, 79, 71, 66, 76, 32, 60, 80, 96, 6, 16, 61, 33, 7, 57, 34, 12, 67, 10, 98, 56, 88, 43, 75, 91, 38, 19, 92, 29, 84, 51, 72, 81, 25, 2, 55, 94, 89, 62, 0]|[2, 1, 2, 1, 1, 2, 1, 1, 1, 1, 1, 0, 2, 2, 1, 2, 0, 0, 0, 2, 2, 1, 0, 2, 0, 2, 2, 1, 0, 1, 1, 1, 0, 0, 1, 0, 2, 1, 2, 2, 0, 0, 1, 1, 0, 2, 0, 2, 1, 0, 0, 2, 0, 0, 2, 0, 1, 1, 0, 0, 2, 1, 1, 2, 2, 0, 2, 2, 0, 1, 2, 1, 1, 2, 0, 1, 1, 1, 1, 2, 2, 1, 1, 0, 1, 0, 1, 0, 1, 0, 1, 1, 1, 1, 2, 0, 2, 1, 1, 0]|[0, 3, 0, 3, 4, 1, 4, 4, 2, 4, 3, 2, 1, 0, 2, 1, 1, 1, 2, 1, 1, 3, 0, 1, 0, 1, 1, 4, 1, 4, 3, 2, 2, 0, 4, 1, 1, 4, 0, 1, 2, 1, 4, 4, 1, 1, 0, 2, 3, 2, 2, 1, 2, 1, 1, 2, 4, 3, 0, 2, 2, 3, 3, 0, 1, 2, 0, 1, 2, 4, 1, 3, 4, 1, 2, 4, 3, 3, 3, 1, 1, 4, 4, 2, 3, 2, 4, 2, 3, 2, 3, 4, 4, 4, 1, 2, 1, 4, 3, 2]|[0, 2, 0, 0, 3, 0, 1, 3, 0, 0, 2, 0, 1, 0, 1, 0, 0, 0, 1, 0, 0, 2, 0, 0, 1, 0, 0, 3, 0, 1, 0, 2, 0, 0, 3, 0, 1, 3, 0, 0, 0, 0, 1, 3, 0, 0, 1, 0, 2, 0, 0, 0, 0, 0, 1, 0, 1, 0, 1, 1, 0, 2, 0, 0, 0, 0, 0, 0, 0, 2, 0, 0, 1, 0, 0, 1, 0, 0, 3, 0, 0, 1, 2, 0, 0, 0, 1, 0, 3, 0, 0, 2, 1, 3, 0, 0, 0, 1, 0, 0],884.1935202920454,50350.47642403707,113845.06305296552,false
25,G3_TWC,G3_TWC,[31, 22, 82, 15, 26, 9, 42, 95, 77, 12, 47, 93, 5, 78, 86, 54, 71, 63, 18, 44, 20, 35, 43, 97, 91, 76, 10, 30, 21, 45, 85, 64, 1, 23, 17, 83, 24, 14, 60, 36, 6, 57, 94, 88, 65, 56, 79, 40, 67, 68, 46, 75, 38, 58, 19, 32, 81, 41, 27, 62, 87, 90, 99, 59, 11, 16, 72, 73, 70, 39, 37, 84, 3, 92, 25, 55, 28, 29, 51, 7, 33, 61, 98, 48, 89, 8, 50, 96, 53, 4, 80, 13, 69, 49, 52, 0, 74, 34, 2, 66]|[1, 1, 0, 1, 1, 1, 2, 1, 2, 1, 2, 2, 1, 1, 1, 0, 1, 1, 0, 2, 2, 0, 1, 2, 0, 1, 2, 2, 0, 0, 0, 2, 1, 2, 1, 0, 2, 0, 1, 1, 0, 1, 1, 1, 0, 2, 1, 1, 0, 0, 0, 0, 1, 1, 2, 1, 2, 0, 0, 0, 2, 1, 0, 1, 2, 1, 2, 1, 1, 1, 1, 1, 1, 0, 1, 1, 0, 0, 0, 1, 2, 1, 0, 0, 1, 0, 0, 2, 0, 0, 0, 0, 1, 0, 1, 0, 2, 2, 0, 2]|[4, 3, 2, 2, 0, 0, 2, 2, 2, 4, 1, 2, 4, 4, 4, 1, 3, 4, 2, 1, 1, 1, 1, 2, 1, 2, 1, 1, 1, 1, 2, 2, 3, 1, 4, 0, 1, 1, 0, 3, 2, 2, 4, 0, 1, 1, 0, 2, 0, 1, 2, 2, 1, 4, 0, 3, 2, 1, 1, 2, 1, 3, 1, 1, 1, 3, 0, 4, 3, 1, 4, 1, 1, 2, 4, 4, 2, 1, 1, 3, 1, 3, 1, 1, 1, 1, 1, 1, 2, 2, 1, 2, 3, 1, 1, 2, 1, 1, 2, 1]|[0, 2, 1, 1, 3, 3, 0, 1, 0, 0, 0, 1, 0, 0, 1, 0, 0, 3, 1, 0, 0, 0, 3, 1, 0, 2, 0, 0, 0, 1, 0, 0, 0, 0, 3, 0, 1, 0, 0, 2, 1, 1, 2, 0, 0, 0, 0, 1, 1, 0, 0, 0, 1, 3, 0, 0, 1, 0, 0, 1, 0, 2, 0, 1, 0, 2, 1, 0, 0, 1, 1, 3, 1, 1, 3, 3, 1, 0, 0, 2, 0, 0, 0, 0, 1, 0, 0, 0, 1, 1, 0, 0, 0, 1, 1, 0, 0, 0, 0, 0],780.0187620696662,57889.80770804357,90392.96942598815,false
25,G1_CMAX,G1_CMAX,[31, 22, 82, 15, 26, 9, 42, 77, 12, 5, 47, 93, 78, 86, 54, 6, 63, 18, 44, 20, 35, 43, 97, 91, 76, 10, 30, 21, 45, 17, 23, 1, 71, 83, 24, 14, 60, 36, 85, 57, 40, 95, 88, 65, 56, 79, 94, 67, 68, 46, 75, 38, 58, 19, 32, 81, 41, 62, 87, 28, 90, 59, 11, 16, 72, 73, 69, 52, 37, 64, 84, 3, 25, 29, 55, 51, 7, 98, 61, 66, 99, 33, 89, 48, 50, 96, 53, 80, 4, 8, 27, 2, 39, 13, 0, 92, 49, 74, 34, 70]|[1, 1, 0, 1, 1, 1, 2, 2, 1, 2, 2, 1, 1, 1, 0, 0, 1, 0, 2, 2, 0, 1, 2, 2, 1, 2, 2, 0, 0, 1, 2, 1, 1, 0, 2, 0, 1, 1, 0, 1, 1, 1, 1, 0, 2, 1, 1, 0, 0, 0, 0, 1, 1, 2, 1, 2, 0, 0, 2, 0, 1, 2, 2, 1, 2, 1, 1, 1, 1, 1, 1, 2, 1, 0, 2, 0, 1, 2, 1, 0, 0, 2, 1, 0, 0, 2, 0, 0, 1, 1, 0, 0, 1, 0, 0, 0, 0, 2, 2, 1]|[0, 3, 1, 2, 0, 0, 1, 1, 4, 1, 1, 4, 4, 4, 2, 2, 4, 2, 1, 1, 1, 1, 2, 1, 2, 1, 1, 1, 1, 4, 0, 3, 3, 0, 1, 1, 0, 3, 2, 2, 2, 2, 0, 1, 1, 0, 4, 0, 1, 2, 2, 1, 4, 0, 3, 2, 1, 2, 1, 2, 3, 1, 1, 3, 0, 4, 4, 1, 4, 3, 1, 2, 4, 1, 1, 1, 1, 1, 3, 1, 1, 1, 1, 1, 1, 1, 2, 1, 4, 3, 2, 2, 1, 2, 2, 0, 1, 1, 1, 4]|[1, 1, 1, 1, 3, 3, 0, 0, 0, 0, 0, 2, 0, 1, 0, 0, 3, 1, 0, 0, 0, 3, 1, 0, 2, 0, 0, 0, 1, 3, 0, 0, 0, 0, 1, 0, 0, 2, 1, 1, 1, 1, 0, 0, 0, 0, 2, 1, 0, 0, 0, 1, 3, 0, 0, 1, 0, 1, 0, 1, 2, 0, 0, 2, 1, 0, 2, 1, 1, 0, 3, 1, 3, 0, 0, 0, 2, 0, 0, 0, 0, 0, 1, 0, 0, 0, 1, 0, 0, 2, 1, 0, 1, 0, 0, 1, 1, 0, 0, 2],733.3116759547878,58140.55643565909,96674.14109675489,false
25,G4_BALANCED,G4_BALANCED,[31, 11, 15, 82, 26, 9, 95, 32, 77, 68, 47, 5, 93, 78, 86, 54, 85, 63, 18, 44, 20, 49, 36, 14, 74, 50, 53, 17, 21, 45, 71, 64, 3, 23, 30, 83, 24, 41, 60, 52, 65, 27, 90, 70, 39, 87, 48, 69, 99, 4, 46, 1, 13, 58, 97, 59, 28, 75, 73, 37, 35, 79, 22, 66, 76, 42, 40, 80, 96, 6, 16, 61, 33, 7, 57, 34, 12, 67, 10, 98, 56, 88, 29, 94, 91, 51, 19, 92, 43, 84, 38, 72, 81, 8, 2, 55, 62, 89, 25, 0]|[2, 1, 1, 2, 1, 2, 1, 1, 1, 1, 1, 0, 2, 2, 1, 2, 0, 0, 0, 2, 2, 1, 0, 2, 0, 2, 2, 1, 0, 1, 1, 1, 0, 0, 1, 0, 2, 1, 2, 2, 0, 0, 1, 1, 0, 2, 0, 2, 1, 0, 0, 2, 0, 0, 2, 0, 1, 0, 0, 0, 2, 1, 0, 2, 2, 0, 2, 2, 0, 1, 2, 1, 1, 2, 0, 1, 1, 1, 1, 2, 2, 1, 1, 2, 1, 1, 1, 0, 1, 0, 0, 1, 1, 1, 2, 0, 1, 1, 1, 0]|[1, 3, 2, 0, 4, 1, 4, 4, 2, 4, 3, 2, 1, 0, 2, 1, 1, 1, 2, 1, 1, 3, 0, 1, 0, 1, 1, 4, 1, 4, 3, 2, 2, 0, 4, 1, 1, 4, 0, 1, 2, 1, 4, 4, 1, 1, 0, 2, 3, 1, 2, 1, 2, 1, 1, 2, 4, 2, 0, 2, 2, 3, 1, 0, 1, 2, 0, 1, 2, 4, 1, 3, 4, 1, 2, 4, 3, 3, 3, 1, 1, 4, 3, 1, 3, 3, 4, 2, 4, 2, 2, 4, 1, 3, 1, 2, 3, 4, 4, 2]|[1, 2, 1, 0, 3, 0, 1, 3, 0, 0, 2, 0, 1, 0, 1, 0, 0, 0, 1, 0, 0, 2, 0, 0, 1, 0, 0, 3, 0, 1, 0, 2, 0, 1, 3, 0, 1, 3, 1, 0, 0, 0, 1, 3, 0, 0, 1, 0, 2, 0, 0, 0, 0, 0, 1, 0, 1, 0, 1, 1, 0, 2, 0, 0, 0, 0, 0, 0, 0, 2, 0, 0, 1, 0, 0, 1, 0, 0, 3, 0, 0, 1, 0, 0, 0, 0, 3, 0, 2, 0, 0, 2, 1, 0, 0, 0, 0, 1, 3, 0],836.569815134707,52504.092339752446,107095.57005228325,false
25,G2_TEC,G2_TEC,[31, 22, 82, 15, 26, 9, 95, 42, 77, 68, 47, 5, 93, 78, 86, 54, 85, 63, 18, 44, 20, 49, 36, 14, 74, 50, 53, 17, 21, 28, 11, 64, 3, 23, 30, 83, 24, 41, 40, 52, 65, 27, 90, 70, 39, 87, 48, 69, 99, 4, 46, 1, 13, 58, 97, 59, 45, 8, 73, 37, 35, 79, 71, 66, 76, 32, 60, 80, 96, 6, 16, 61, 33, 7, 57, 34, 12, 67, 10, 98, 56, 88, 43, 75, 91, 38, 19, 92, 29, 84, 51, 72, 81, 25, 2, 55, 94, 89, 62, 0]|[2, 1, 2, 1, 1, 2, 1, 1, 1, 1, 1, 0, 2, 2, 1, 2, 0, 0, 0, 2, 2, 1, 0, 2, 0, 2, 2, 1, 0, 1, 1, 1, 0, 0, 1, 0, 2, 1, 2, 2, 0, 0, 1, 1, 0, 2, 0, 2, 1, 0, 0, 2, 0, 0, 2, 0, 1, 1, 0, 0, 2, 1, 1, 2, 2, 0, 2, 2, 0, 1, 2, 1, 1, 2, 0, 1, 1, 1, 1, 2, 2, 1, 1, 0, 1, 0, 1, 0, 1, 0, 1, 1, 1, 1, 2, 0, 2, 1, 1, 0]|[0, 3, 0, 3, 4, 1, 4, 4, 2, 4, 3, 2, 1, 0, 2, 1, 1, 1, 2, 1, 1, 3, 0, 1, 0, 1, 1, 4, 1, 4, 3, 2, 2, 0, 4, 1, 1, 4, 0, 1, 2, 1, 4, 4, 1, 1, 0, 2, 3, 2, 2, 1, 2, 1, 1, 2, 4, 3, 0, 2, 2, 3, 3, 0, 1, 2, 0, 1, 2, 4, 1, 3, 4, 1, 2, 4, 3, 3, 3, 1, 1, 4, 4, 2, 3, 2, 4, 2, 3, 2, 3, 4, 4, 4, 1, 2, 1, 4, 3, 2]|[0, 2, 0, 0, 3, 0, 1, 3, 0, 0, 2, 0, 1, 0, 1, 0, 0, 0, 1, 0, 0, 2, 0, 0, 1, 0, 0, 3, 0, 1, 0, 2, 0, 0, 3, 0, 1, 3, 0, 0, 0, 0, 1, 3, 0, 0, 1, 0, 2, 0, 0, 0, 0, 0, 1, 0, 1, 0, 1, 1, 0, 2, 0, 0, 0, 0, 0, 0, 0, 2, 0, 0, 1, 0, 0, 1, 0, 0, 3, 0, 0, 1, 2, 0, 0, 0, 1, 0, 3, 0, 0, 2, 1, 3, 0, 0, 0, 1, 0, 0],884.1935202920454,50350.47642403707,113845.06305296552,false
25,G3_TWC,G3_TWC,[31, 22, 82, 15, 26, 9, 42, 95, 77, 12, 47, 93, 5, 78, 86, 54, 71, 63, 18, 44, 20, 35, 43, 97, 91, 76, 10, 30, 21, 45, 85, 64, 1, 23, 17, 83, 24, 14, 60, 36, 6, 57, 94, 88, 65, 56, 79, 40, 67, 68, 46, 75, 38, 58, 19, 32, 81, 41, 27, 62, 87, 90, 99, 59, 11, 16, 72, 73, 70, 39, 37, 84, 3, 92, 25, 55, 28, 29, 51, 7, 33, 61, 98, 48, 89, 8, 50, 96, 53, 4, 80, 13, 69, 49, 52, 0, 74, 34, 2, 66]|[1, 1, 0, 1, 1, 1, 2, 1, 2, 1, 2, 2, 1, 1, 1, 0, 1, 1, 0, 2, 2, 0, 1, 2, 0, 1, 2, 2, 0, 0, 0, 2, 1, 2, 1, 0, 2, 0, 1, 1, 0, 1, 1, 1, 0, 2, 1, 1, 0, 0, 0, 0, 1, 1, 2, 1, 2, 0, 0, 0, 2, 1, 0, 1, 2, 1, 2, 1, 1, 1, 1, 1, 1, 0, 1, 1, 0, 0, 0, 1, 2, 1, 0, 0, 1, 0, 0, 2, 0, 0, 0, 0, 1, 0, 1, 0, 2, 2, 0, 2]|[4, 3, 2, 2, 0, 0, 2, 2, 2, 4, 1, 2, 4, 4, 4, 1, 3, 4, 2, 1, 1, 1, 1, 2, 1, 2, 1, 1, 1, 1, 2, 2, 3, 1, 4, 0, 1, 1, 0, 3, 2, 2, 4, 0, 1, 1, 0, 2, 0, 1, 2, 2, 1, 4, 0, 3, 2, 1, 1, 2, 1, 3, 1, 1, 1, 3, 0, 4, 3, 1, 4, 1, 1, 2, 4, 4, 2, 1, 1, 3, 1, 3, 1, 1, 1, 1, 1, 1, 2, 2, 1, 2, 3, 1, 1, 2, 1, 1, 2, 1]|[0, 2, 1, 1, 3, 3, 0, 1, 0, 0, 0, 1, 0, 0, 1, 0, 0, 3, 1, 0, 0, 0, 3, 1, 0, 2, 0, 0, 0, 1, 0, 0, 0, 0, 3, 0, 1, 0, 0, 2, 1, 1, 2, 0, 0, 0, 0, 1, 1, 0, 0, 0, 1, 3, 0, 0, 1, 0, 0, 1, 0, 2, 0, 1, 0, 2, 1, 0, 0, 1, 1, 3, 1, 1, 3, 3, 1, 0, 0, 2, 0, 0, 0, 0, 1, 0, 0, 0, 1, 1, 0, 0, 0, 1, 1, 0, 0, 0, 0, 0],780.0187620696662,57889.80770804357,90392.96942598815,false
25,G1_CMAX,G1_CMAX,[31, 22, 82, 15, 26, 9, 42, 77, 12, 5, 47, 93, 78, 86, 54, 6, 63, 18, 44, 20, 35, 43, 97, 91, 76, 10, 30, 21, 45, 17, 23, 1, 71, 83, 24, 14, 60, 36, 85, 57, 40, 95, 88, 65, 56, 79, 94, 67, 68, 46, 75, 38, 58, 19, 32, 81, 41, 62, 87, 28, 90, 59, 11, 16, 72, 73, 69, 52, 37, 64, 84, 3, 25, 29, 55, 51, 7, 98, 61, 66, 99, 33, 89, 48, 50, 96, 53, 80, 4, 8, 27, 2, 39, 13, 0, 92, 49, 74, 34, 70]|[1, 1, 0, 1, 1, 1, 2, 2, 1, 2, 2, 1, 1, 1, 0, 0, 1, 0, 2, 2, 0, 1, 2, 2, 1, 2, 2, 0, 0, 1, 2, 1, 1, 0, 2, 0, 1, 1, 0, 1, 1, 1, 1, 0, 2, 1, 1, 0, 0, 0, 0, 1, 1, 2, 1, 2, 0, 0, 2, 0, 1, 2, 2, 1, 2, 1, 1, 1, 1, 1, 1, 2, 1, 0, 2, 0, 1, 2, 1, 0, 0, 2, 1, 0, 0, 2, 0, 0, 1, 1, 0, 0, 1, 0, 0, 0, 0, 2, 2, 1]|[0, 3, 1, 2, 0, 0, 1, 1, 4, 1, 1, 4, 4, 4, 2, 2, 4, 2, 1, 1, 1, 1, 2, 1, 2, 1, 1, 1, 1, 4, 0, 3, 3, 0, 1, 1, 0, 3, 2, 2, 2, 2, 0, 1, 1, 0, 4, 0, 1, 2, 2, 1, 4, 0, 3, 2, 1, 2, 1, 2, 3, 1, 1, 3, 0, 4, 4, 1, 4, 3, 1, 2, 4, 1, 1, 1, 1, 1, 3, 1, 1, 1, 1, 1, 1, 1, 2, 1, 4, 3, 2, 2, 1, 2, 2, 0, 1, 1, 1, 4]|[1, 1, 1, 1, 3, 3, 0, 0, 0, 0, 0, 2, 0, 1, 0, 0, 3, 1, 0, 0, 0, 3, 1, 0, 2, 0, 0, 0, 1, 3, 0, 0, 0, 0, 1, 0, 0, 2, 1, 1, 1, 1, 0, 0, 0, 0, 2, 1, 0, 0, 0, 1, 3, 0, 0, 1, 0, 1, 0, 1, 2, 0, 0, 2, 1, 0, 2, 1, 1, 0, 3, 1, 3, 0, 0, 0, 2, 0, 0, 0, 0, 0, 1, 0, 0, 0, 1, 0, 0, 2, 1, 0, 1, 0, 0, 1, 1, 0, 0, 2],733.3116759547878,58140.55643565909,96674.14109675489,false
25,G4_BALANCED,G4_BALANCED,[31, 11, 15, 82, 26, 9, 95, 32, 77, 68, 47, 5, 93, 78, 86, 54, 85, 63, 18, 44, 20, 49, 36, 14, 74, 50, 53, 17, 21, 45, 71, 64, 3, 23, 30, 83, 24, 41, 60, 52, 65, 27, 90, 70, 39, 87, 48, 69, 99, 4, 46, 1, 13, 58, 97, 59, 28, 75, 73, 37, 35, 79, 22, 66, 76, 42, 40, 80, 96, 6, 16, 61, 33, 7, 57, 34, 12, 67, 10, 98, 56, 88, 29, 94, 91, 51, 19, 92, 43, 84, 38, 72, 81, 8, 2, 55, 62, 89, 25, 0]|[2, 1, 1, 2, 1, 2, 1, 1, 1, 1, 1, 0, 2, 2, 1, 2, 0, 0, 0, 2, 2, 1, 0, 2, 0, 2, 2, 1, 0, 1, 1, 1, 0, 0, 1, 0, 2, 1, 2, 2, 0, 0, 1, 1, 0, 2, 0, 2, 1, 0, 0, 2, 0, 0, 2, 0, 1, 0, 0, 0, 2, 1, 0, 2, 2, 0, 2, 2, 0, 1, 2, 1, 1, 2, 0, 1, 1, 1, 1, 2, 2, 1, 1, 2, 1, 1, 1, 0, 1, 0, 0, 1, 1, 1, 2, 0, 1, 1, 1, 0]|[1, 3, 2, 0, 4, 1, 4, 4, 2, 4, 3, 2, 1, 0, 2, 1, 1, 1, 2, 1, 1, 3, 0, 1, 0, 1, 1, 4, 1, 4, 3, 2, 2, 0, 4, 1, 1, 4, 0, 1, 2, 1, 4, 4, 1, 1, 0, 2, 3, 1, 2, 1, 2, 1, 1, 2, 4, 2, 0, 2, 2, 3, 1, 0, 1, 2, 0, 1, 2, 4, 1, 3, 4, 1, 2, 4, 3, 3, 3, 1, 1, 4, 3, 1, 3, 3, 4, 2, 4, 2, 2, 4, 1, 3, 1, 2, 3, 4, 4, 2]|[1, 2, 1, 0, 3, 0, 1, 3, 0, 0, 2, 0, 1, 0, 1, 0, 0, 0, 1, 0, 0, 2, 0, 0, 1, 0, 0, 3, 0, 1, 0, 2, 0, 1, 3, 0, 1, 3, 1, 0, 0, 0, 1, 3, 0, 0, 1, 0, 2, 0, 0, 0, 0, 0, 1, 0, 1, 0, 1, 1, 0, 2, 0, 0, 0, 0, 0, 0, 0, 2, 0, 0, 1, 0, 0, 1, 0, 0, 3, 0, 0, 1, 0, 0, 0, 0, 3, 0, 2, 0, 0, 2, 1, 0, 0, 0, 0, 1, 3, 0],836.569815134707,52504.092339752446,107095.57005228325,false
25,G2_TEC,G2_TEC,[31, 22, 82, 15, 26, 9, 95, 42, 77, 68, 47, 5, 93, 78, 86, 54, 85, 63, 18, 44, 20, 49, 36, 14, 74, 50, 53, 17, 21, 28, 11, 64, 3, 23, 30, 83, 24, 41, 40, 52, 65, 27, 90, 70, 39, 87, 48, 69, 99, 4, 46, 1, 13, 58, 97, 59, 45, 8, 73, 37, 35, 79, 71, 66, 76, 32, 60, 80, 96, 6, 16, 61, 33, 7, 57, 34, 12, 67, 10, 98, 56, 88, 43, 75, 91, 38, 19, 92, 29, 84, 51, 72, 81, 25, 2, 55, 94, 89, 62, 0]|[2, 1, 2, 1, 1, 2, 1, 1, 1, 1, 1, 0, 2, 2, 1, 2, 0, 0, 0, 2, 2, 1, 0, 2, 0, 2, 2, 1, 0, 1, 1, 1, 0, 0, 1, 0, 2, 1, 2, 2, 0, 0, 1, 1, 0, 2, 0, 2, 1, 0, 0, 2, 0, 0, 2, 0, 1, 1, 0, 0, 2, 1, 1, 2, 2, 0, 2, 2, 0, 1, 2, 1, 1, 2, 0, 1, 1, 1, 1, 2, 2, 1, 1, 0, 1, 0, 1, 0, 1, 0, 1, 1, 1, 1, 2, 0, 2, 1, 1, 0]|[0, 3, 0, 3, 4, 1, 4, 4, 2, 4, 3, 2, 1, 0, 2, 1, 1, 1, 2, 1, 1, 3, 0, 1, 0, 1, 1, 4, 1, 4, 3, 2, 2, 0, 4, 1, 1, 4, 0, 1, 2, 1, 4, 4, 1, 1, 0, 2, 3, 2, 2, 1, 2, 1, 1, 2, 4, 3, 0, 2, 2, 3, 3, 0, 1, 2, 0, 1, 2, 4, 1, 3, 4, 1, 2, 4, 3, 3, 3, 1, 1, 4, 4, 2, 3, 2, 4, 2, 3, 2, 3, 4, 4, 4, 1, 2, 1, 4, 3, 2]|[0, 2, 0, 0, 3, 0, 1, 3, 0, 0, 2, 0, 1, 0, 1, 0, 0, 0, 1, 0, 0, 2, 0, 0, 1, 0, 0, 3, 0, 1, 0, 2, 0, 0, 3, 0, 1, 3, 0, 0, 0, 0, 1, 3, 0, 0, 1, 0, 2, 0, 0, 0, 0, 0, 1, 0, 1, 0, 1, 1, 0, 2, 0, 0, 0, 0, 0, 0, 0, 2, 0, 0, 1, 0, 0, 1, 0, 0, 3, 0, 0, 1, 2, 0, 0, 0, 1, 0, 3, 0, 0, 2, 1, 3, 0, 0, 0, 1, 0, 0],884.1935202920454,50350.47642403707,113845.06305296552,false
25,G3_TWC,G3_TWC,[31, 22, 82, 15, 26, 9, 42, 95, 77, 12, 47, 93, 5, 78, 86, 54, 71, 63, 18, 44, 20, 35, 43, 97, 91, 76, 10, 30, 21, 45, 85, 64, 1, 23, 17, 83, 24, 14, 60, 36, 6, 57, 94, 88, 65, 56, 79, 40, 67, 68, 46, 75, 38, 58, 19, 32, 81, 41, 27, 62, 87, 90, 99, 59, 11, 16, 72, 73, 70, 39, 37, 84, 3, 92, 25, 55, 28, 29, 51, 7, 33, 61, 98, 48, 89, 8, 50, 96, 53, 4, 80, 13, 69, 49, 52, 0, 74, 34, 2, 66]|[1, 1, 0, 1, 1, 1, 2, 1, 2, 1, 2, 2, 1, 1, 1, 0, 1, 1, 0, 2, 2, 0, 1, 2, 0, 1, 2, 2, 0, 0, 0, 2, 1, 2, 1, 0, 2, 0, 1, 1, 0, 1, 1, 1, 0, 2, 1, 1, 0, 0, 0, 0, 1, 1, 2, 1, 2, 0, 0, 0, 2, 1, 0, 1, 2, 1, 2, 1, 1, 1, 1, 1, 1, 0, 1, 1, 0, 0, 0, 1, 2, 1, 0, 0, 1, 0, 0, 2, 0, 0, 0, 0, 1, 0, 1, 0, 2, 2, 0, 2]|[4, 3, 2, 2, 0, 0, 2, 2, 2, 4, 1, 2, 4, 4, 4, 1, 3, 4, 2, 1, 1, 1, 1, 2, 1, 2, 1, 1, 1, 1, 2, 2, 3, 1, 4, 0, 1, 1, 0, 3, 2, 2, 4, 0, 1, 1, 0, 2, 0, 1, 2, 2, 1, 4, 0, 3, 2, 1, 1, 2, 1, 3, 1, 1, 1, 3, 0, 4, 3, 1, 4, 1, 1, 2, 4, 4, 2, 1, 1, 3, 1, 3, 1, 1, 1, 1, 1, 1, 2, 2, 1, 2, 3, 1, 1, 2, 1, 1, 2, 1]|[0, 2, 1, 1, 3, 3, 0, 1, 0, 0, 0, 1, 0, 0, 1, 0, 0, 3, 1, 0, 0, 0, 3, 1, 0, 2, 0, 0, 0, 1, 0, 0, 0, 0, 3, 0, 1, 0, 0, 2, 1, 1, 2, 0, 0, 0, 0, 1, 1, 0, 0, 0, 1, 3, 0, 0, 1, 0, 0, 1, 0, 2, 0, 1, 0, 2, 1, 0, 0, 1, 1, 3, 1, 1, 3, 3, 1, 0, 0, 2, 0, 0, 0, 0, 1, 0, 0, 0, 1, 1, 0, 0, 0, 1, 1, 0, 0, 0, 0, 0],780.0187620696662,57889.80770804357,90392.96942598815,false
25,G1_CMAX,G1_CMAX,[31, 22, 82, 15, 26, 9, 42, 77, 12, 5, 47, 93, 78, 86, 54, 6, 63, 18, 44, 20, 35, 43, 97, 91, 76, 10, 30, 21, 45, 17, 23, 1, 71, 83, 24, 14, 60, 36, 85, 57, 40, 95, 88, 65, 56, 79, 94, 67, 68, 46, 75, 38, 58, 19, 32, 81, 41, 62, 87, 28, 90, 59, 11, 16, 72, 73, 69, 52, 37, 64, 84, 3, 25, 29, 55, 51, 7, 98, 61, 66, 99, 33, 89, 48, 50, 96, 53, 80, 4, 8, 27, 2, 39, 13, 0, 92, 49, 74, 34, 70]|[1, 1, 0, 1, 1, 1, 2, 2, 1, 2, 2, 1, 1, 1, 0, 0, 1, 0, 2, 2, 0, 1, 2, 2, 1, 2, 2, 0, 0, 1, 2, 1, 1, 0, 2, 0, 1, 1, 0, 1, 1, 1, 1, 0, 2, 1, 1, 0, 0, 0, 0, 1, 1, 2, 1, 2, 0, 0, 2, 0, 1, 2, 2, 1, 2, 1, 1, 1, 1, 1, 1, 2, 1, 0, 2, 0, 1, 2, 1, 0, 0, 2, 1, 0, 0, 2, 0, 0, 1, 1, 0, 0, 1, 0, 0, 0, 0, 2, 2, 1]|[0, 3, 1, 2, 0, 0, 1, 1, 4, 1, 1, 4, 4, 4, 2, 2, 4, 2, 1, 1, 1, 1, 2, 1, 2, 1, 1, 1, 1, 4, 0, 3, 3, 0, 1, 1, 0, 3, 2, 2, 2, 2, 0, 1, 1, 0, 4, 0, 1, 2, 2, 1, 4, 0, 3, 2, 1, 2, 1, 2, 3, 1, 1, 3, 0, 4, 4, 1, 4, 3, 1, 2, 4, 1, 1, 1, 1, 1, 3, 1, 1, 1, 1, 1, 1, 1, 2, 1, 4, 3, 2, 2, 1, 2, 2, 0, 1, 1, 1, 4]|[1, 1, 1, 1, 3, 3, 0, 0, 0, 0, 0, 2, 0, 1, 0, 0, 3, 1, 0, 0, 0, 3, 1, 0, 2, 0, 0, 0, 1, 3, 0, 0, 0, 0, 1, 0, 0, 2, 1, 1, 1, 1, 0, 0, 0, 0, 2, 1, 0, 0, 0, 1, 3, 0, 0, 1, 0, 1, 0, 1, 2, 0, 0, 2, 1, 0, 2, 1, 1, 0, 3, 1, 3, 0, 0, 0, 2, 0, 0, 0, 0, 0, 1, 0, 0, 0, 1, 0, 0, 2, 1, 0, 1, 0, 0, 1, 1, 0, 0, 2],733.3116759547878,58140.55643565909,96674.14109675489,false
25,G4_BALANCED,G4_BALANCED,[31, 11, 15, 82, 26, 9, 95, 32, 77, 68, 47, 5, 93, 78, 86, 54, 85, 63, 18, 44, 20, 49, 36, 14, 74, 50, 53, 17, 21, 45, 71, 64, 3, 23, 30, 83, 24, 41, 60, 52, 65, 27, 90, 70, 39, 87, 48, 69, 99, 4, 46, 1, 13, 58, 97, 59, 28, 75, 73, 37, 35, 79, 22, 66, 76, 42, 40, 80, 96, 6, 16, 61, 33, 7, 57, 34, 12, 67, 10, 98, 56, 88, 29, 94, 91, 51, 19, 92, 43, 84, 38, 72, 81, 8, 2, 55, 62, 89, 25, 0]|[2, 1, 1, 2, 1, 2, 1, 1, 1, 1, 1, 0, 2, 2, 1, 2, 0, 0, 0, 2, 2, 1, 0, 2, 0, 2, 2, 1, 0, 1, 1, 1, 0, 0, 1, 0, 2, 1, 2, 2, 0, 0, 1, 1, 0, 2, 0, 2, 1, 0, 0, 2, 0, 0, 2, 0, 1, 0, 0, 0, 2, 1, 0, 2, 2, 0, 2, 2, 0, 1, 2, 1, 1, 2, 0, 1, 1, 1, 1, 2, 2, 1, 1, 2, 1, 1, 1, 0, 1, 0, 0, 1, 1, 1, 2, 0, 1, 1, 1, 0]|[1, 3, 2, 0, 4, 1, 4, 4, 2, 4, 3, 2, 1, 0, 2, 1, 1, 1, 2, 1, 1, 3, 0, 1, 0, 1, 1, 4, 1, 4, 3, 2, 2, 0, 4, 1, 1, 4, 0, 1, 2, 1, 4, 4, 1, 1, 0, 2, 3, 1, 2, 1, 2, 1, 1, 2, 4, 2, 0, 2, 2, 3, 1, 0, 1, 2, 0, 1, 2, 4, 1, 3, 4, 1, 2, 4, 3, 3, 3, 1, 1, 4, 3, 1, 3, 3, 4, 2, 4, 2, 2, 4, 1, 3, 1, 2, 3, 4, 4, 2]|[1, 2, 1, 0, 3, 0, 1, 3, 0, 0, 2, 0, 1, 0, 1, 0, 0, 0, 1, 0, 0, 2, 0, 0, 1, 0, 0, 3, 0, 1, 0, 2, 0, 1, 3, 0, 1, 3, 1, 0, 0, 0, 1, 3, 0, 0, 1, 0, 2, 0, 0, 0, 0, 0, 1, 0, 1, 0, 1, 1, 0, 2, 0, 0, 0, 0, 0, 0, 0, 2, 0, 0, 1, 0, 0, 1, 0, 0, 3, 0, 0, 1, 0, 0, 0, 0, 3, 0, 2, 0, 0, 2, 1, 0, 0, 0, 0, 1, 3, 0],836.569815134707,52504.092339752446,107095.57005228325,false
25,G2_TEC,G2_TEC,[31, 22, 82, 15, 26, 9, 95, 42, 77, 68, 47, 5, 93, 78, 86, 54, 85, 63, 18, 44, 20, 49, 36, 14, 74, 50, 53, 17, 21, 28, 11, 64, 3, 23, 30, 83, 24, 41, 40, 52, 65, 27, 90, 70, 39, 87, 48, 69, 99, 4, 46, 1, 13, 58, 97, 59, 45, 8, 73, 37, 35, 79, 71, 66, 76, 32, 60, 80, 96, 6, 16, 61, 33, 7, 57, 34, 12, 67, 10, 98, 56, 88, 43, 75, 91, 38, 19, 92, 29, 84, 51, 72, 81, 25, 2, 55, 94, 89, 62, 0]|[2, 1, 2, 1, 1, 2, 1, 1, 1, 1, 1, 0, 2, 2, 1, 2, 0, 0, 0, 2, 2, 1, 0, 2, 0, 2, 2, 1, 0, 1, 1, 1, 0, 0, 1, 0, 2, 1, 2, 2, 0, 0, 1, 1, 0, 2, 0, 2, 1, 0, 0, 2, 0, 0, 2, 0, 1, 1, 0, 0, 2, 1, 1, 2, 2, 0, 2, 2, 0, 1, 2, 1, 1, 2, 0, 1, 1, 1, 1, 2, 2, 1, 1, 0, 1, 0, 1, 0, 1, 0, 1, 1, 1, 1, 2, 0, 2, 1, 1, 0]|[0, 3, 0, 3, 4, 1, 4, 4, 2, 4, 3, 2, 1, 0, 2, 1, 1, 1, 2, 1, 1, 3, 0, 1, 0, 1, 1, 4, 1, 4, 3, 2, 2, 0, 4, 1, 1, 4, 0, 1, 2, 1, 4, 4, 1, 1, 0, 2, 3, 2, 2, 1, 2, 1, 1, 2, 4, 3, 0, 2, 2, 3, 3, 0, 1, 2, 0, 1, 2, 4, 1, 3, 4, 1, 2, 4, 3, 3, 3, 1, 1, 4, 4, 2, 3, 2, 4, 2, 3, 2, 3, 4, 4, 4, 1, 2, 1, 4, 3, 2]|[0, 2, 0, 0, 3, 0, 1, 3, 0, 0, 2, 0, 1, 0, 1, 0, 0, 0, 1, 0, 0, 2, 0, 0, 1, 0, 0, 3, 0, 1, 0, 2, 0, 0, 3, 0, 1, 3, 0, 0, 0, 0, 1, 3, 0, 0, 1, 0, 2, 0, 0, 0, 0, 0, 1, 0, 1, 0, 1, 1, 0, 2, 0, 0, 0, 0, 0, 0, 0, 2, 0, 0, 1, 0, 0, 1, 0, 0, 3, 0, 0, 1, 2, 0, 0, 0, 1, 0, 3, 0, 0, 2, 1, 3, 0, 0, 0, 1, 0, 0],884.1935202920454,50350.47642403707,113845.06305296552,false
25,G3_TWC,G3_TWC,[31, 22, 82, 15, 26, 9, 42, 95, 77, 12, 47, 93, 5, 78, 86, 54, 71, 63, 18, 44, 20, 35, 43, 97, 91, 76, 10, 30, 21, 45, 85, 64, 1, 23, 17, 83, 24, 14, 60, 36, 6, 57, 94, 88, 65, 56, 79, 40, 67, 68, 46, 75, 38, 58, 19, 32, 81, 41, 27, 62, 87, 90, 99, 59, 11, 16, 72, 73, 70, 39, 37, 84, 3, 92, 25, 55, 28, 29, 51, 7, 33, 61, 98, 48, 89, 8, 50, 96, 53, 4, 80, 13, 69, 49, 52, 0, 74, 34, 2, 66]|[1, 1, 0, 1, 1, 1, 2, 1, 2, 1, 2, 2, 1, 1, 1, 0, 1, 1, 0, 2, 2, 0, 1, 2, 0, 1, 2, 2, 0, 0, 0, 2, 1, 2, 1, 0, 2, 0, 1, 1, 0, 1, 1, 1, 0, 2, 1, 1, 0, 0, 0, 0, 1, 1, 2, 1, 2, 0, 0, 0, 2, 1, 0, 1, 2, 1, 2, 1, 1, 1, 1, 1, 1, 0, 1, 1, 0, 0, 0, 1, 2, 1, 0, 0, 1, 0, 0, 2, 0, 0, 0, 0, 1, 0, 1, 0, 2, 2, 0, 2]|[4, 3, 2, 2, 0, 0, 2, 2, 2, 4, 1, 2, 4, 4, 4, 1, 3, 4, 2, 1, 1, 1, 1, 2, 1, 2, 1, 1, 1, 1, 2, 2, 3, 1, 4, 0, 1, 1, 0, 3, 2, 2, 4, 0, 1, 1, 0, 2, 0, 1, 2, 2, 1, 4, 0, 3, 2, 1, 1, 2, 1, 3, 1, 1, 1, 3, 0, 4, 3, 1, 4, 1, 1, 2, 4, 4, 2, 1, 1, 3, 1, 3, 1, 1, 1, 1, 1, 1, 2, 2, 1, 2, 3, 1, 1, 2, 1, 1, 2, 1]|[0, 2, 1, 1, 3, 3, 0, 1, 0, 0, 0, 1, 0, 0, 1, 0, 0, 3, 1, 0, 0, 0, 3, 1, 0, 2, 0, 0, 0, 1, 0, 0, 0, 0, 3, 0, 1, 0, 0, 2, 1, 1, 2, 0, 0, 0, 0, 1, 1, 0, 0, 0, 1, 3, 0, 0, 1, 0, 0, 1, 0, 2, 0, 1, 0, 2, 1, 0, 0, 1, 1, 3, 1, 1, 3, 3, 1, 0, 0, 2, 0, 0, 0, 0, 1, 0, 0, 0, 1, 1, 0, 0, 0, 1, 1, 0, 0, 0, 0, 0],780.0187620696662,57889.80770804357,90392.96942598815,false
25,G1_CMAX,G1_CMAX,[31, 22, 82, 15, 26, 9, 42, 77, 12, 5, 47, 93, 78, 86, 54, 6, 63, 18, 44, 20, 35, 43, 97, 91, 76, 10, 30, 21, 45, 17, 23, 1, 71, 83, 24, 14, 60, 36, 85, 57, 40, 95, 88, 65, 56, 79, 94, 67, 68, 46, 75, 38, 58, 19, 32, 81, 41, 62, 87, 28, 90, 59, 11, 16, 72, 73, 69, 52, 37, 64, 84, 3, 25, 29, 55, 51, 7, 98, 61, 66, 99, 33, 89, 48, 50, 96, 53, 80, 4, 8, 27, 2, 39, 13, 0, 92, 49, 74, 34, 70]|[1, 1, 0, 1, 1, 1, 2, 2, 1, 2, 2, 1, 1, 1, 0, 0, 1, 0, 2, 2, 0, 1, 2, 2, 1, 2, 2, 0, 0, 1, 2, 1, 1, 0, 2, 0, 1, 1, 0, 1, 1, 1, 1, 0, 2, 1, 1, 0, 0, 0, 0, 1, 1, 2, 1, 2, 0, 0, 2, 0, 1, 2, 2, 1, 2, 1, 1, 1, 1, 1, 1, 2, 1, 0, 2, 0, 1, 2, 1, 0, 0, 2, 1, 0, 0, 2, 0, 0, 1, 1, 0, 0, 1, 0, 0, 0, 0, 2, 2, 1]|[0, 3, 1, 2, 0, 0, 1, 1, 4, 1, 1, 4, 4, 4, 2, 2, 4, 2, 1, 1, 1, 1, 2, 1, 2, 1, 1, 1, 1, 4, 0, 3, 3, 0, 1, 1, 0, 3, 2, 2, 2, 2, 0, 1, 1, 0, 4, 0, 1, 2, 2, 1, 4, 0, 3, 2, 1, 2, 1, 2, 3, 1, 1, 3, 0, 4, 4, 1, 4, 3, 1, 2, 4, 1, 1, 1, 1, 1, 3, 1, 1, 1, 1, 1, 1, 1, 2, 1, 4, 3, 2, 2, 1, 2, 2, 0, 1, 1, 1, 4]|[1, 1, 1, 1, 3, 3, 0, 0, 0, 0, 0, 2, 0, 1, 0, 0, 3, 1, 0, 0, 0, 3, 1, 0, 2, 0, 0, 0, 1, 3, 0, 0, 0, 0, 1, 0, 0, 2, 1, 1, 1, 1, 0, 0, 0, 0, 2, 1, 0, 0, 0, 1, 3, 0, 0, 1, 0, 1, 0, 1, 2, 0, 0, 2, 1, 0, 2, 1, 1, 0, 3, 1, 3, 0, 0, 0, 2, 0, 0, 0, 0, 0, 1, 0, 0, 0, 1, 0, 0, 2, 1, 0, 1, 0, 0, 1, 1, 0, 0, 2],733.3116759547878,58140.55643565909,96674.14109675489,false
25,G4_BALANCED,G4_BALANCED,[31, 11, 15, 82, 26, 9, 95, 32, 77, 68, 47, 5, 93, 78, 86, 54, 85, 63, 18, 44, 20, 49, 36, 14, 74, 50, 53, 17, 21, 45, 71, 64, 3, 23, 30, 83, 24, 41, 60, 52, 65, 27, 90, 70, 39, 87, 48, 69, 99, 4, 46, 1, 13, 58, 97, 59, 28, 75, 73, 37, 35, 79, 22, 66, 76, 42, 40, 80, 96, 6, 16, 61, 33, 7, 57, 34, 12, 67, 10, 98, 56, 88, 29, 94, 91, 51, 19, 92, 43, 84, 38, 72, 81, 8, 2, 55, 62, 89, 25, 0]|[2, 1, 1, 2, 1, 2, 1, 1, 1, 1, 1, 0, 2, 2, 1, 2, 0, 0, 0, 2, 2, 1, 0, 2, 0, 2, 2, 1, 0, 1, 1, 1, 0, 0, 1, 0, 2, 1, 2, 2, 0, 0, 1, 1, 0, 2, 0, 2, 1, 0, 0, 2, 0, 0, 2, 0, 1, 0, 0, 0, 2, 1, 0, 2, 2, 0, 2, 2, 0, 1, 2, 1, 1, 2, 0, 1, 1, 1, 1, 2, 2, 1, 1, 2, 1, 1, 1, 0, 1, 0, 0, 1, 1, 1, 2, 0, 1, 1, 1, 0]|[1, 3, 2, 0, 4, 1, 4, 4, 2, 4, 3, 2, 1, 0, 2, 1, 1, 1, 2, 1, 1, 3, 0, 1, 0, 1, 1, 4, 1, 4, 3, 2, 2, 0, 4, 1, 1, 4, 0, 1, 2, 1, 4, 4, 1, 1, 0, 2, 3, 1, 2, 1, 2, 1, 1, 2, 4, 2, 0, 2, 2, 3, 1, 0, 1, 2, 0, 1, 2, 4, 1, 3, 4, 1, 2, 4, 3, 3, 3, 1, 1, 4, 3, 1, 3, 3, 4, 2, 4, 2, 2, 4, 1, 3, 1, 2, 3, 4, 4, 2]|[1, 2, 1, 0, 3, 0, 1, 3, 0, 0, 2, 0, 1, 0, 1, 0, 0, 0, 1, 0, 0, 2, 0, 0, 1, 0, 0, 3, 0, 1, 0, 2, 0, 1, 3, 0, 1, 3, 1, 0, 0, 0, 1, 3, 0, 0, 1, 0, 2, 0, 0, 0, 0, 0, 1, 0, 1, 0, 1, 1, 0, 2, 0, 0, 0, 0, 0, 0, 0, 2, 0, 0, 1, 0, 0, 1, 0, 0, 3, 0, 0, 1, 0, 0, 0, 0, 3, 0, 2, 0, 0, 2, 1, 0, 0, 0, 0, 1, 3, 0],836.569815134707,52504.092339752446,107095.57005228325,false
25,G2_TEC,G2_TEC,[31, 22, 82, 15, 26, 9, 95, 42, 77, 68, 47, 5, 93, 78, 86, 54, 85, 63, 18, 44, 20, 49, 36, 14, 74, 50, 53, 17, 21, 28, 11, 64, 3, 23, 30, 83, 24, 41, 40, 52, 65, 27, 90, 70, 39, 87, 48, 69, 99, 4, 46, 1, 13, 58, 97, 59, 45, 8, 73, 37, 35, 79, 71, 66, 76, 32, 60, 80, 96, 6, 16, 61, 33, 7, 57, 34, 12, 67, 10, 98, 56, 88, 43, 75, 91, 38, 19, 92, 29, 84, 51, 72, 81, 25, 2, 55, 94, 89, 62, 0]|[2, 1, 2, 1, 1, 2, 1, 1, 1, 1, 1, 0, 2, 2, 1, 2, 0, 0, 0, 2, 2, 1, 0, 2, 0, 2, 2, 1, 0, 1, 1, 1, 0, 0, 1, 0, 2, 1, 2, 2, 0, 0, 1, 1, 0, 2, 0, 2, 1, 0, 0, 2, 0, 0, 2, 0, 1, 1, 0, 0, 2, 1, 1, 2, 2, 0, 2, 2, 0, 1, 2, 1, 1, 2, 0, 1, 1, 1, 1, 2, 2, 1, 1, 0, 1, 0, 1, 0, 1, 0, 1, 1, 1, 1, 2, 0, 2, 1, 1, 0]|[0, 3, 0, 3, 4, 1, 4, 4, 2, 4, 3, 2, 1, 0, 2, 1, 1, 1, 2, 1, 1, 3, 0, 1, 0, 1, 1, 4, 1, 4, 3, 2, 2, 0, 4, 1, 1, 4, 0, 1, 2, 1, 4, 4, 1, 1, 0, 2, 3, 2, 2, 1, 2, 1, 1, 2, 4, 3, 0, 2, 2, 3, 3, 0, 1, 2, 0, 1, 2, 4, 1, 3, 4, 1, 2, 4, 3, 3, 3, 1, 1, 4, 4, 2, 3, 2, 4, 2, 3, 2, 3, 4, 4, 4, 1, 2, 1, 4, 3, 2]|[0, 2, 0, 0, 3, 0, 1, 3, 0, 0, 2, 0, 1, 0, 1, 0, 0, 0, 1, 0, 0, 2, 0, 0, 1, 0, 0, 3, 0, 1, 0, 2, 0, 0, 3, 0, 1, 3, 0, 0, 0, 0, 1, 3, 0, 0, 1, 0, 2, 0, 0, 0, 0, 0, 1, 0, 1, 0, 1, 1, 0, 2, 0, 0, 0, 0, 0, 0, 0, 2, 0, 0, 1, 0, 0, 1, 0, 0, 3, 0, 0, 1, 2, 0, 0, 0, 1, 0, 3, 0, 0, 2, 1, 3, 0, 0, 0, 1, 0, 0],884.1935202920454,50350.47642403707,113845.06305296552,false
25,G3_TWC,G3_TWC,[31, 22, 82, 15, 26, 9, 42, 95, 77, 12, 47, 93, 5, 78, 86, 54, 71, 63, 18, 44, 20, 35, 43, 97, 91, 76, 10, 30, 21, 45, 85, 64, 1, 23, 17, 83, 24, 14, 60, 36, 6, 57, 94, 88, 65, 56, 79, 40, 67, 68, 46, 75, 38, 58, 19, 32, 81, 41, 27, 62, 87, 90, 99, 59, 11, 16, 72, 73, 70, 39, 37, 84, 3, 92, 25, 55, 28, 29, 51, 7, 33, 61, 98, 48, 89, 8, 50, 96, 53, 4, 80, 13, 69, 49, 52, 0, 74, 34, 2, 66]|[1, 1, 0, 1, 1, 1, 2, 1, 2, 1, 2, 2, 1, 1, 1, 0, 1, 1, 0, 2, 2, 0, 1, 2, 0, 1, 2, 2, 0, 0, 0, 2, 1, 2, 1, 0, 2, 0, 1, 1, 0, 1, 1, 1, 0, 2, 1, 1, 0, 0, 0, 0, 1, 1, 2, 1, 2, 0, 0, 0, 2, 1, 0, 1, 2, 1, 2, 1, 1, 1, 1, 1, 1, 0, 1, 1, 0, 0, 0, 1, 2, 1, 0, 0, 1, 0, 0, 2, 0, 0, 0, 0, 1, 0, 1, 0, 2, 2, 0, 2]|[4, 3, 2, 2, 0, 0, 2, 2, 2, 4, 1, 2, 4, 4, 4, 1, 3, 4, 2, 1, 1, 1, 1, 2, 1, 2, 1, 1, 1, 1, 2, 2, 3, 1, 4, 0, 1, 1, 0, 3, 2, 2, 4, 0, 1, 1, 0, 2, 0, 1, 2, 2, 1, 4, 0, 3, 2, 1, 1, 2, 1, 3, 1, 1, 1, 3, 0, 4, 3, 1, 4, 1, 1, 2, 4, 4, 2, 1, 1, 3, 1, 3, 1, 1, 1, 1, 1, 1, 2, 2, 1, 2, 3, 1, 1, 2, 1, 1, 2, 1]|[0, 2, 1, 1, 3, 3, 0, 1, 0, 0, 0, 1, 0, 0, 1, 0, 0, 3, 1, 0, 0, 0, 3, 1, 0, 2, 0, 0, 0, 1, 0, 0, 0, 0, 3, 0, 1, 0, 0, 2, 1, 1, 2, 0, 0, 0, 0, 1, 1, 0, 0, 0, 1, 3, 0, 0, 1, 0, 0, 1, 0, 2, 0, 1, 0, 2, 1, 0, 0, 1, 1, 3, 1, 1, 3, 3, 1, 0, 0, 2, 0, 0, 0, 0, 1, 0, 0, 0, 1, 1, 0, 0, 0, 1, 1, 0, 0, 0, 0, 0],780.0187620696662,57889.80770804357,90392.96942598815,false
25,G1_CMAX,G1_CMAX,[31, 22, 82, 15, 26, 9, 42, 77, 12, 5, 47, 93, 78, 86, 54, 6, 63, 18, 44, 20, 35, 43, 97, 91, 76, 10, 30, 21, 45, 17, 23, 1, 71, 83, 24, 14, 60, 36, 85, 57, 40, 95, 88, 65, 56, 79, 94, 67, 68, 46, 75, 38, 58, 19, 32, 81, 41, 62, 87, 28, 90, 59, 11, 16, 72, 73, 69, 52, 37, 64, 84, 3, 25, 29, 55, 51, 7, 98, 61, 66, 99, 33, 89, 48, 50, 96, 53, 80, 4, 8, 27, 2, 39, 13, 0, 92, 49, 74, 34, 70]|[1, 1, 0, 1, 1, 1, 2, 2, 1, 2, 2, 1, 1, 1, 0, 0, 1, 0, 2, 2, 0, 1, 2, 2, 1, 2, 2, 0, 0, 1, 2, 1, 1, 0, 2, 0, 1, 1, 0, 1, 1, 1, 1, 0, 2, 1, 1, 0, 0, 0, 0, 1, 1, 2, 1, 2, 0, 0, 2, 0, 1, 2, 2, 1, 2, 1, 1, 1, 1, 1, 1, 2, 1, 0, 2, 0, 1, 2, 1, 0, 0, 2, 1, 0, 0, 2, 0, 0, 1, 1, 0, 0, 1, 0, 0, 0, 0, 2, 2, 1]|[0, 3, 1, 2, 0, 0, 1, 1, 4, 1, 1, 4, 4, 4, 2, 2, 4, 2, 1, 1, 1, 1, 2, 1, 2, 1, 1, 1, 1, 4, 0, 3, 3, 0, 1, 1, 0, 3, 2, 2, 2, 2, 0, 1, 1, 0, 4, 0, 1, 2, 2, 1, 4, 0, 3, 2, 1, 2, 1, 2, 3, 1, 1, 3, 0, 4, 4, 1, 4, 3, 1, 2, 4, 1, 1, 1, 1, 1, 3, 1, 1, 1, 1, 1, 1, 1, 2, 1, 4, 3, 2, 2, 1, 2, 2, 0, 1, 1, 1, 4]|[1, 1, 1, 1, 3, 3, 0, 0, 0, 0, 0, 2, 0, 1, 0, 0, 3, 1, 0, 0, 0, 3, 1, 0, 2, 0, 0, 0, 1, 3, 0, 0, 0, 0, 1, 0, 0, 2, 1, 1, 1, 1, 0, 0, 0, 0, 2, 1, 0, 0, 0, 1, 3, 0, 0, 1, 0, 1, 0, 1, 2, 0, 0, 2, 1, 0, 2, 1, 1, 0, 3, 1, 3, 0, 0, 0, 2, 0, 0, 0, 0, 0, 1, 0, 0, 0, 1, 0, 0, 2, 1, 0, 1, 0, 0, 1, 1, 0, 0, 2],733.3116759547878,58140.55643565909,96674.14109675489,false
25,G4_BALANCED,G4_BALANCED,[31, 11, 15, 82, 26, 9, 95, 32, 77, 68, 47, 5, 93, 78, 86, 54, 85, 63, 18, 44, 20, 49, 36, 14, 74, 50, 53, 17, 21, 45, 71, 64, 3, 23, 30, 83, 24, 41, 60, 52, 65, 27, 90, 70, 39, 87, 48, 69, 99, 4, 46, 1, 13, 58, 97, 59, 28, 75, 73, 37, 35, 79, 22, 66, 76, 42, 40, 80, 96, 6, 16, 61, 33, 7, 57, 34, 12, 67, 10, 98, 56, 88, 29, 94, 91, 51, 19, 92, 43, 84, 38, 72, 81, 8, 2, 55, 62, 89, 25, 0]|[2, 1, 1, 2, 1, 2, 1, 1, 1, 1, 1, 0, 2, 2, 1, 2, 0, 0, 0, 2, 2, 1, 0, 2, 0, 2, 2, 1, 0, 1, 1, 1, 0, 0, 1, 0, 2, 1, 2, 2, 0, 0, 1, 1, 0, 2, 0, 2, 1, 0, 0, 2, 0, 0, 2, 0, 1, 0, 0, 0, 2, 1, 0, 2, 2, 0, 2, 2, 0, 1, 2, 1, 1, 2, 0, 1, 1, 1, 1, 2, 2, 1, 1, 2, 1, 1, 1, 0, 1, 0, 0, 1, 1, 1, 2, 0, 1, 1, 1, 0]|[1, 3, 2, 0, 4, 1, 4, 4, 2, 4, 3, 2, 1, 0, 2, 1, 1, 1, 2, 1, 1, 3, 0, 1, 0, 1, 1, 4, 1, 4, 3, 2, 2, 0, 4, 1, 1, 4, 0, 1, 2, 1, 4, 4, 1, 1, 0, 2, 3, 1, 2, 1, 2, 1, 1, 2, 4, 2, 0, 2, 2, 3, 1, 0, 1, 2, 0, 1, 2, 4, 1, 3, 4, 1, 2, 4, 3, 3, 3, 1, 1, 4, 3, 1, 3, 3, 4, 2, 4, 2, 2, 4, 1, 3, 1, 2, 3, 4, 4, 2]|[1, 2, 1, 0, 3, 0, 1, 3, 0, 0, 2, 0, 1, 0, 1, 0, 0, 0, 1, 0, 0, 2, 0, 0, 1, 0, 0, 3, 0, 1, 0, 2, 0, 1, 3, 0, 1, 3, 1, 0, 0, 0, 1, 3, 0, 0, 1, 0, 2, 0, 0, 0, 0, 0, 1, 0, 1, 0, 1, 1, 0, 2, 0, 0, 0, 0, 0, 0, 0, 2, 0, 0, 1, 0, 0, 1, 0, 0, 3, 0, 0, 1, 0, 0, 0, 0, 3, 0, 2, 0, 0, 2, 1, 0, 0, 0, 0, 1, 3, 0],836.569815134707,52504.092339752446,107095.57005228325,false
25,G2_TEC,G2_TEC,[31, 22, 82, 15, 26, 9, 95, 42, 77, 68, 47, 5, 93, 78, 86, 54, 85, 63, 18, 44, 20, 49, 36, 14, 74, 50, 53, 17, 21, 28, 11, 64, 3, 23, 30, 83, 24, 41, 40, 52, 65, 27, 90, 70, 39, 87, 48, 69, 99, 4, 46, 1, 13, 58, 97, 59, 45, 8, 73, 37, 35, 79, 71, 66, 76, 32, 60, 80, 96, 6, 16, 61, 33, 7, 57, 34, 12, 67, 10, 98, 56, 88, 43, 75, 91, 38, 19, 92, 29, 84, 51, 72, 81, 25, 2, 55, 94, 89, 62, 0]|[2, 1, 2, 1, 1, 2, 1, 1, 1, 1, 1, 0, 2, 2, 1, 2, 0, 0, 0, 2, 2, 1, 0, 2, 0, 2, 2, 1, 0, 1, 1, 1, 0, 0, 1, 0, 2, 1, 2, 2, 0, 0, 1, 1, 0, 2, 0, 2, 1, 0, 0, 2, 0, 0, 2, 0, 1, 1, 0, 0, 2, 1, 1, 2, 2, 0, 2, 2, 0, 1, 2, 1, 1, 2, 0, 1, 1, 1, 1, 2, 2, 1, 1, 0, 1, 0, 1, 0, 1, 0, 1, 1, 1, 1, 2, 0, 2, 1, 1, 0]|[0, 3, 0, 3, 4, 1, 4, 4, 2, 4, 3, 2, 1, 0, 2, 1, 1, 1, 2, 1, 1, 3, 0, 1, 0, 1, 1, 4, 1, 4, 3, 2, 2, 0, 4, 1, 1, 4, 0, 1, 2, 1, 4, 4, 1, 1, 0, 2, 3, 2, 2, 1, 2, 1, 1, 2, 4, 3, 0, 2, 2, 3, 3, 0, 1, 2, 0, 1, 2, 4, 1, 3, 4, 1, 2, 4, 3, 3, 3, 1, 1, 4, 4, 2, 3, 2, 4, 2, 3, 2, 3, 4, 4, 4, 1, 2, 1, 4, 3, 2]|[0, 2, 0, 0, 3, 0, 1, 3, 0, 0, 2, 0, 1, 0, 1, 0, 0, 0, 1, 0, 0, 2, 0, 0, 1, 0, 0, 3, 0, 1, 0, 2, 0, 0, 3, 0, 1, 3, 0, 0, 0, 0, 1, 3, 0, 0, 1, 0, 2, 0, 0, 0, 0, 0, 1, 0, 1, 0, 1, 1, 0, 2, 0, 0, 0, 0, 0, 0, 0, 2, 0, 0, 1, 0, 0, 1, 0, 0, 3, 0, 0, 1, 2, 0, 0, 0, 1, 0, 3, 0, 0, 2, 1, 3, 0, 0, 0, 1, 0, 0],884.1935202920454,50350.47642403707,113845.06305296552,false
25,G3_TWC,G3_TWC,[31, 22, 82, 15, 26, 9, 42, 95, 77, 12, 47, 93, 5, 78, 86, 54, 71, 63, 18, 44, 20, 35, 43, 97, 91, 76, 10, 30, 21, 45, 85, 64, 1, 23, 17, 83, 24, 14, 60, 36, 6, 57, 94, 88, 65, 56, 79, 40, 67, 68, 46, 75, 38, 58, 19, 32, 81, 41, 27, 62, 87, 90, 99, 59, 11, 16, 72, 73, 70, 39, 37, 84, 3, 92, 25, 55, 28, 29, 51, 7, 33, 61, 98, 48, 89, 8, 50, 96, 53, 4, 80, 13, 69, 49, 52, 0, 74, 34, 2, 66]|[1, 1, 0, 1, 1, 1, 2, 1, 2, 1, 2, 2, 1, 1, 1, 0, 1, 1, 0, 2, 2, 0, 1, 2, 0, 1, 2, 2, 0, 0, 0, 2, 1, 2, 1, 0, 2, 0, 1, 1, 0, 1, 1, 1, 0, 2, 1, 1, 0, 0, 0, 0, 1, 1, 2, 1, 2, 0, 0, 0, 2, 1, 0, 1, 2, 1, 2, 1, 1, 1, 1, 1, 1, 0, 1, 1, 0, 0, 0, 1, 2, 1, 0, 0, 1, 0, 0, 2, 0, 0, 0, 0, 1, 0, 1, 0, 2, 2, 0, 2]|[4, 3, 2, 2, 0, 0, 2, 2, 2, 4, 1, 2, 4, 4, 4, 1, 3, 4, 2, 1, 1, 1, 1, 2, 1, 2, 1, 1, 1, 1, 2, 2, 3, 1, 4, 0, 1, 1, 0, 3, 2, 2, 4, 0, 1, 1, 0, 2, 0, 1, 2, 2, 1, 4, 0, 3, 2, 1, 1, 2, 1, 3, 1, 1, 1, 3, 0, 4, 3, 1, 4, 1, 1, 2, 4, 4, 2, 1, 1, 3, 1, 3, 1, 1, 1, 1, 1, 1, 2, 2, 1, 2, 3, 1, 1, 2, 1, 1, 2, 1]|[0, 2, 1, 1, 3, 3, 0, 1, 0, 0, 0, 1, 0, 0, 1, 0, 0, 3, 1, 0, 0, 0, 3, 1, 0, 2, 0, 0, 0, 1, 0, 0, 0, 0, 3, 0, 1, 0, 0, 2, 1, 1, 2, 0, 0, 0, 0, 1, 1, 0, 0, 0, 1, 3, 0, 0, 1, 0, 0, 1, 0, 2, 0, 1, 0, 2, 1, 0, 0, 1, 1, 3, 1, 1, 3, 3, 1, 0, 0, 2, 0, 0, 0, 0, 1, 0, 0, 0, 1, 1, 0, 0, 0, 1, 1, 0, 0, 0, 0, 0],780.0187620696662,57889.80770804357,90392.96942598815,false
25,G1_CMAX,G1_CMAX,[31, 22, 82, 15, 26, 9, 42, 77, 12, 5, 47, 93, 78, 86, 54, 6, 63, 18, 44, 20, 35, 43, 97, 91, 76, 10, 30, 21, 45, 17, 23, 1, 71, 83, 24, 14, 60, 36, 85, 57, 40, 95, 88, 65, 56, 79, 94, 67, 68, 46, 75, 38, 58, 19, 32, 81, 41, 62, 87, 28, 90, 59, 11, 16, 72, 73, 69, 52, 37, 64, 84, 3, 25, 29, 55, 51, 7, 98, 61, 66, 99, 33, 89, 48, 50, 96, 53, 80, 4, 8, 27, 2, 39, 13, 0, 92, 49, 74, 34, 70]|[1, 1, 0, 1, 1, 1, 2, 2, 1, 2, 2, 1, 1, 1, 0, 0, 1, 0, 2, 2, 0, 1, 2, 2, 1, 2, 2, 0, 0, 1, 2, 1, 1, 0, 2, 0, 1, 1, 0, 1, 1, 1, 1, 0, 2, 1, 1, 0, 0, 0, 0, 1, 1, 2, 1, 2, 0, 0, 2, 0, 1, 2, 2, 1, 2, 1, 1, 1, 1, 1, 1, 2, 1, 0, 2, 0, 1, 2, 1, 0, 0, 2, 1, 0, 0, 2, 0, 0, 1, 1, 0, 0, 1, 0, 0, 0, 0, 2, 2, 1]|[0, 3, 1, 2, 0, 0, 1, 1, 4, 1, 1, 4, 4, 4, 2, 2, 4, 2, 1, 1, 1, 1, 2, 1, 2, 1, 1, 1, 1, 4, 0, 3, 3, 0, 1, 1, 0, 3, 2, 2, 2, 2, 0, 1, 1, 0, 4, 0, 1, 2, 2, 1, 4, 0, 3, 2, 1, 2, 1, 2, 3, 1, 1, 3, 0, 4, 4, 1, 4, 3, 1, 2, 4, 1, 1, 1, 1, 1, 3, 1, 1, 1, 1, 1, 1, 1, 2, 1, 4, 3, 2, 2, 1, 2, 2, 0, 1, 1, 1, 4]|[1, 1, 1, 1, 3, 3, 0, 0, 0, 0, 0, 2, 0, 1, 0, 0, 3, 1, 0, 0, 0, 3, 1, 0, 2, 0, 0, 0, 1, 3, 0, 0, 0, 0, 1, 0, 0, 2, 1, 1, 1, 1, 0, 0, 0, 0, 2, 1, 0, 0, 0, 1, 3, 0, 0, 1, 0, 1, 0, 1, 2, 0, 0, 2, 1, 0, 2, 1, 1, 0, 3, 1, 3, 0, 0, 0, 2, 0, 0, 0, 0, 0, 1, 0, 0, 0, 1, 0, 0, 2, 1, 0, 1, 0, 0, 1, 1, 0, 0, 2],733.3116759547878,58140.55643565909,96674.14109675489,false
25,G4_BALANCED,G4_BALANCED,[31, 11, 15, 82, 26, 9, 95, 32, 77, 68, 47, 5, 93, 78, 86, 54, 85, 63, 18, 44, 20, 49, 36, 14, 74, 50, 53, 17, 21, 45, 71, 64, 3, 23, 30, 83, 24, 41, 60, 52, 65, 27, 90, 70, 39, 87, 48, 69, 99, 4, 46, 1, 13, 58, 97, 59, 28, 75, 73, 37, 35, 79, 22, 66, 76, 42, 40, 80, 96, 6, 16, 61, 33, 7, 57, 34, 12, 67, 10, 98, 56, 88, 29, 94, 91, 51, 19, 92, 43, 84, 38, 72, 81, 8, 2, 55, 62, 89, 25, 0]|[2, 1, 1, 2, 1, 2, 1, 1, 1, 1, 1, 0, 2, 2, 1, 2, 0, 0, 0, 2, 2, 1, 0, 2, 0, 2, 2, 1, 0, 1, 1, 1, 0, 0, 1, 0, 2, 1, 2, 2, 0, 0, 1, 1, 0, 2, 0, 2, 1, 0, 0, 2, 0, 0, 2, 0, 1, 0, 0, 0, 2, 1, 0, 2, 2, 0, 2, 2, 0, 1, 2, 1, 1, 2, 0, 1, 1, 1, 1, 2, 2, 1, 1, 2, 1, 1, 1, 0, 1, 0, 0, 1, 1, 1, 2, 0, 1, 1, 1, 0]|[1, 3, 2, 0, 4, 1, 4, 4, 2, 4, 3, 2, 1, 0, 2, 1, 1, 1, 2, 1, 1, 3, 0, 1, 0, 1, 1, 4, 1, 4, 3, 2, 2, 0, 4, 1, 1, 4, 0, 1, 2, 1, 4, 4, 1, 1, 0, 2, 3, 1, 2, 1, 2, 1, 1, 2, 4, 2, 0, 2, 2, 3, 1, 0, 1, 2, 0, 1, 2, 4, 1, 3, 4, 1, 2, 4, 3, 3, 3, 1, 1, 4, 3, 1, 3, 3, 4, 2, 4, 2, 2, 4, 1, 3, 1, 2, 3, 4, 4, 2]|[1, 2, 1, 0, 3, 0, 1, 3, 0, 0, 2, 0, 1, 0, 1, 0, 0, 0, 1, 0, 0, 2, 0, 0, 1, 0, 0, 3, 0, 1, 0, 2, 0, 1, 3, 0, 1, 3, 1, 0, 0, 0, 1, 3, 0, 0, 1, 0, 2, 0, 0, 0, 0, 0, 1, 0, 1, 0, 1, 1, 0, 2, 0, 0, 0, 0, 0, 0, 0, 2, 0, 0, 1, 0, 0, 1, 0, 0, 3, 0, 0, 1, 0, 0, 0, 0, 3, 0, 2, 0, 0, 2, 1, 0, 0, 0, 0, 1, 3, 0],836.569815134707,52504.092339752446,107095.57005228325,false
25,G2_TEC,G2_TEC,[31, 22, 82, 15, 26, 9, 95, 42, 77, 68, 47, 5, 93, 78, 86, 54, 85, 63, 18, 44, 20, 49, 36, 14, 74, 50, 53, 17, 21, 28, 11, 64, 3, 23, 30, 83, 24, 41, 40, 52, 65, 27, 90, 70, 39, 87, 48, 69, 99, 4, 46, 1, 13, 58, 97, 59, 45, 8, 73, 37, 35, 79, 71, 66, 76, 32, 60, 80, 96, 6, 16, 61, 33, 7, 57, 34, 12, 67, 10, 98, 56, 88, 43, 75, 91, 38, 19, 92, 29, 84, 51, 72, 81, 25, 2, 55, 94, 89, 62, 0]|[2, 1, 2, 1, 1, 2, 1, 1, 1, 1, 1, 0, 2, 2, 1, 2, 0, 0, 0, 2, 2, 1, 0, 2, 0, 2, 2, 1, 0, 1, 1, 1, 0, 0, 1, 0, 2, 1, 2, 2, 0, 0, 1, 1, 0, 2, 0, 2, 1, 0, 0, 2, 0, 0, 2, 0, 1, 1, 0, 0, 2, 1, 1, 2, 2, 0, 2, 2, 0, 1, 2, 1, 1, 2, 0, 1, 1, 1, 1, 2, 2, 1, 1, 0, 1, 0, 1, 0, 1, 0, 1, 1, 1, 1, 2, 0, 2, 1, 1, 0]|[0, 3, 0, 3, 4, 1, 4, 4, 2, 4, 3, 2, 1, 0, 2, 1, 1, 1, 2, 1, 1, 3, 0, 1, 0, 1, 1, 4, 1, 4, 3, 2, 2, 0, 4, 1, 1, 4, 0, 1, 2, 1, 4, 4, 1, 1, 0, 2, 3, 2, 2, 1, 2, 1, 1, 2, 4, 3, 0, 2, 2, 3, 3, 0, 1, 2, 0, 1, 2, 4, 1, 3, 4, 1, 2, 4, 3, 3, 3, 1, 1, 4, 4, 2, 3, 2, 4, 2, 3, 2, 3, 4, 4, 4, 1, 2, 1, 4, 3, 2]|[0, 2, 0, 0, 3, 0, 1, 3, 0, 0, 2, 0, 1, 0, 1, 0, 0, 0, 1, 0, 0, 2, 0, 0, 1, 0, 0, 3, 0, 1, 0, 2, 0, 0, 3, 0, 1, 3, 0, 0, 0, 0, 1, 3, 0, 0, 1, 0, 2, 0, 0, 0, 0, 0, 1, 0, 1, 0, 1, 1, 0, 2, 0, 0, 0, 0, 0, 0, 0, 2, 0, 0, 1, 0, 0, 1, 0, 0, 3, 0, 0, 1, 2, 0, 0, 0, 1, 0, 3, 0, 0, 2, 1, 3, 0, 0, 0, 1, 0, 0],884.1935202920454,50350.47642403707,113845.06305296552,false
25,G3_TWC,G3_TWC,[31, 22, 82, 15, 26, 9, 42, 95, 77, 12, 47, 93, 5, 78, 86, 54, 71, 63, 18, 44, 20, 35, 43, 97, 91, 76, 10, 30, 21, 45, 85, 64, 1, 23, 17, 83, 24, 14, 60, 36, 6, 57, 94, 88, 65, 56, 79, 40, 67, 68, 46, 75, 38, 58, 19, 32, 81, 41, 27, 62, 87, 90, 99, 59, 11, 16, 72, 73, 70, 39, 37, 84, 3, 92, 25, 55, 28, 29, 51, 7, 33, 61, 98, 48, 89, 8, 50, 96, 53, 4, 80, 13, 69, 49, 52, 0, 74, 34, 2, 66]|[1, 1, 0, 1, 1, 1, 2, 1, 2, 1, 2, 2, 1, 1, 1, 0, 1, 1, 0, 2, 2, 0, 1, 2, 0, 1, 2, 2, 0, 0, 0, 2, 1, 2, 1, 0, 2, 0, 1, 1, 0, 1, 1, 1, 0, 2, 1, 1, 0, 0, 0, 0, 1, 1, 2, 1, 2, 0, 0, 0, 2, 1, 0, 1, 2, 1, 2, 1, 1, 1, 1, 1, 1, 0, 1, 1, 0, 0, 0, 1, 2, 1, 0, 0, 1, 0, 0, 2, 0, 0, 0, 0, 1, 0, 1, 0, 2, 2, 0, 2]|[4, 3, 2, 2, 0, 0, 2, 2, 2, 4, 1, 2, 4, 4, 4, 1, 3, 4, 2, 1, 1, 1, 1, 2, 1, 2, 1, 1, 1, 1, 2, 2, 3, 1, 4, 0, 1, 1, 0, 3, 2, 2, 4, 0, 1, 1, 0, 2, 0, 1, 2, 2, 1, 4, 0, 3, 2, 1, 1, 2, 1, 3, 1, 1, 1, 3, 0, 4, 3, 1, 4, 1, 1, 2, 4, 4, 2, 1, 1, 3, 1, 3, 1, 1, 1, 1, 1, 1, 2, 2, 1, 2, 3, 1, 1, 2, 1, 1, 2, 1]|[0, 2, 1, 1, 3, 3, 0, 1, 0, 0, 0, 1, 0, 0, 1, 0, 0, 3, 1, 0, 0, 0, 3, 1, 0, 2, 0, 0, 0, 1, 0, 0, 0, 0, 3, 0, 1, 0, 0, 2, 1, 1, 2, 0, 0, 0, 0, 1, 1, 0, 0, 0, 1, 3, 0, 0, 1, 0, 0, 1, 0, 2, 0, 1, 0, 2, 1, 0, 0, 1, 1, 3, 1, 1, 3, 3, 1, 0, 0, 2, 0, 0, 0, 0, 1, 0, 0, 0, 1, 1, 0, 0, 0, 1, 1, 0, 0, 0, 0, 0],780.0187620696662,57889.80770804357,90392.96942598815,false
25,G1_CMAX,G1_CMAX,[31, 22, 82, 15, 26, 9, 42, 77, 12, 5, 47, 93, 78, 86, 54, 6, 63, 18, 44, 20, 35, 43, 97, 91, 76, 10, 30, 21, 45, 17, 23, 1, 71, 83, 24, 14, 60, 36, 85, 57, 40, 95, 88, 65, 56, 79, 94, 67, 68, 46, 75, 38, 58, 19, 32, 81, 41, 62, 87, 28, 90, 59, 11, 16, 72, 73, 69, 52, 37, 64, 84, 3, 25, 29, 55, 51, 7, 98, 61, 66, 99, 33, 89, 48, 50, 96, 53, 80, 4, 8, 27, 2, 39, 13, 0, 92, 49, 74, 34, 70]|[1, 1, 0, 1, 1, 1, 2, 2, 1, 2, 2, 1, 1, 1, 0, 0, 1, 0, 2, 2, 0, 1, 2, 2, 1, 2, 2, 0, 0, 1, 2, 1, 1, 0, 2, 0, 1, 1, 0, 1, 1, 1, 1, 0, 2, 1, 1, 0, 0, 0, 0, 1, 1, 2, 1, 2, 0, 0, 2, 0, 1, 2, 2, 1, 2, 1, 1, 1, 1, 1, 1, 2, 1, 0, 2, 0, 1, 2, 1, 0, 0, 2, 1, 0, 0, 2, 0, 0, 1, 1, 0, 0, 1, 0, 0, 0, 0, 2, 2, 1]|[0, 3, 1, 2, 0, 0, 1, 1, 4, 1, 1, 4, 4, 4, 2, 2, 4, 2, 1, 1, 1, 1, 2, 1, 2, 1, 1, 1, 1, 4, 0, 3, 3, 0, 1, 1, 0, 3, 2, 2, 2, 2, 0, 1, 1, 0, 4, 0, 1, 2, 2, 1, 4, 0, 3, 2, 1, 2, 1, 2, 3, 1, 1, 3, 0, 4, 4, 1, 4, 3, 1, 2, 4, 1, 1, 1, 1, 1, 3, 1, 1, 1, 1, 1, 1, 1, 2, 1, 4, 3, 2, 2, 1, 2, 2, 0, 1, 1, 1, 4]|[1, 1, 1, 1, 3, 3, 0, 0, 0, 0, 0, 2, 0, 1, 0, 0, 3, 1, 0, 0, 0, 3, 1, 0, 2, 0, 0, 0, 1, 3, 0, 0, 0, 0, 1, 0, 0, 2, 1, 1, 1, 1, 0, 0, 0, 0, 2, 1, 0, 0, 0, 1, 3, 0, 0, 1, 0, 1, 0, 1, 2, 0, 0, 2, 1, 0, 2, 1, 1, 0, 3, 1, 3, 0, 0, 0, 2, 0, 0, 0, 0, 0, 1, 0, 0, 0, 1, 0, 0, 2, 1, 0, 1, 0, 0, 1, 1, 0, 0, 2],733.3116759547878,58140.55643565909,96674.14109675489,false
25,G4_BALANCED,G4_BALANCED,[31, 11, 15, 82, 26, 9, 95, 32, 77, 68, 47, 5, 93, 78, 86, 54, 85, 63, 18, 44, 20, 49, 36, 14, 74, 50, 53, 17, 21, 45, 71, 64, 3, 23, 30, 83, 24, 41, 60, 52, 65, 27, 90, 70, 39, 87, 48, 69, 99, 4, 46, 1, 13, 58, 97, 59, 28, 75, 73, 37, 35, 79, 22, 66, 76, 42, 40, 80, 96, 6, 16, 61, 33, 7, 57, 34, 12, 67, 10, 98, 56, 88, 29, 94, 91, 51, 19, 92, 43, 84, 38, 72, 81, 8, 2, 55, 62, 89, 25, 0]|[2, 1, 1, 2, 1, 2, 1, 1, 1, 1, 1, 0, 2, 2, 1, 2, 0, 0, 0, 2, 2, 1, 0, 2, 0, 2, 2, 1, 0, 1, 1, 1, 0, 0, 1, 0, 2, 1, 2, 2, 0, 0, 1, 1, 0, 2, 0, 2, 1, 0, 0, 2, 0, 0, 2, 0, 1, 0, 0, 0, 2, 1, 0, 2, 2, 0, 2, 2, 0, 1, 2, 1, 1, 2, 0, 1, 1, 1, 1, 2, 2, 1, 1, 2, 1, 1, 1, 0, 1, 0, 0, 1, 1, 1, 2, 0, 1, 1, 1, 0]|[1, 3, 2, 0, 4, 1, 4, 4, 2, 4, 3, 2, 1, 0, 2, 1, 1, 1, 2, 1, 1, 3, 0, 1, 0, 1, 1, 4, 1, 4, 3, 2, 2, 0, 4, 1, 1, 4, 0, 1, 2, 1, 4, 4, 1, 1, 0, 2, 3, 1, 2, 1, 2, 1, 1, 2, 4, 2, 0, 2, 2, 3, 1, 0, 1, 2, 0, 1, 2, 4, 1, 3, 4, 1, 2, 4, 3, 3, 3, 1, 1, 4, 3, 1, 3, 3, 4, 2, 4, 2, 2, 4, 1, 3, 1, 2, 3, 4, 4, 2]|[1, 2, 1, 0, 3, 0, 1, 3, 0, 0, 2, 0, 1, 0, 1, 0, 0, 0, 1, 0, 0, 2, 0, 0, 1, 0, 0, 3, 0, 1, 0, 2, 0, 1, 3, 0, 1, 3, 1, 0, 0, 0, 1, 3, 0, 0, 1, 0, 2, 0, 0, 0, 0, 0, 1, 0, 1, 0, 1, 1, 0, 2, 0, 0, 0, 0, 0, 0, 0, 2, 0, 0, 1, 0, 0, 1, 0, 0, 3, 0, 0, 1, 0, 0, 0, 0, 3, 0, 2, 0, 0, 2, 1, 0, 0, 0, 0, 1, 3, 0],836.569815134707,52504.092339752446,107095.57005228325,false
25,G2_TEC,G2_TEC,[31, 22, 82, 15, 26, 9, 95, 42, 77, 68, 47, 5, 93, 78, 86, 54, 85, 63, 18, 44, 20, 49, 36, 14, 74, 50, 53, 17, 21, 28, 11, 64, 3, 23, 30, 83, 24, 41, 40, 52, 65, 27, 90, 70, 39, 87, 48, 69, 99, 4, 46, 1, 13, 58, 97, 59, 45, 8, 73, 37, 35, 79, 71, 66, 76, 32, 60, 80, 96, 6, 16, 61, 33, 7, 57, 34, 12, 67, 10, 98, 56, 88, 43, 75, 91, 38, 19, 92, 29, 84, 51, 72, 81, 25, 2, 55, 94, 89, 62, 0]|[2, 1, 2, 1, 1, 2, 1, 1, 1, 1, 1, 0, 2, 2, 1, 2, 0, 0, 0, 2, 2, 1, 0, 2, 0, 2, 2, 1, 0, 1, 1, 1, 0, 0, 1, 0, 2, 1, 2, 2, 0, 0, 1, 1, 0, 2, 0, 2, 1, 0, 0, 2, 0, 0, 2, 0, 1, 1, 0, 0, 2, 1, 1, 2, 2, 0, 2, 2, 0, 1, 2, 1, 1, 2, 0, 1, 1, 1, 1, 2, 2, 1, 1, 0, 1, 0, 1, 0, 1, 0, 1, 1, 1, 1, 2, 0, 2, 1, 1, 0]|[0, 3, 0, 3, 4, 1, 4, 4, 2, 4, 3, 2, 1, 0, 2, 1, 1, 1, 2, 1, 1, 3, 0, 1, 0, 1, 1, 4, 1, 4, 3, 2, 2, 0, 4, 1, 1, 4, 0, 1, 2, 1, 4, 4, 1, 1, 0, 2, 3, 2, 2, 1, 2, 1, 1, 2, 4, 3, 0, 2, 2, 3, 3, 0, 1, 2, 0, 1, 2, 4, 1, 3, 4, 1, 2, 4, 3, 3, 3, 1, 1, 4, 4, 2, 3, 2, 4, 2, 3, 2, 3, 4, 4, 4, 1, 2, 1, 4, 3, 2]|[0, 2, 0, 0, 3, 0, 1, 3, 0, 0, 2, 0, 1, 0, 1, 0, 0, 0, 1, 0, 0, 2, 0, 0, 1, 0, 0, 3, 0, 1, 0, 2, 0, 0, 3, 0, 1, 3, 0, 0, 0, 0, 1, 3, 0, 0, 1, 0, 2, 0, 0, 0, 0, 0, 1, 0, 1, 0, 1, 1, 0, 2, 0, 0, 0, 0, 0, 0, 0, 2, 0, 0, 1, 0, 0, 1, 0, 0, 3, 0, 0, 1, 2, 0, 0, 0, 1, 0, 3, 0, 0, 2, 1, 3, 0, 0, 0, 1, 0, 0],884.1935202920454,50350.47642403707,113845.06305296552,false
25,G3_TWC,G3_TWC,[31, 22, 82, 15, 26, 9, 42, 95, 77, 12, 47, 5, 93, 78, 86, 54, 85, 63, 18, 44, 20, 35, 43, 97, 91, 76, 10, 30, 21, 45, 71, 64, 1, 23, 17, 83, 24, 14, 60, 36, 6, 57, 94, 88, 65, 56, 79, 40, 67, 68, 46, 75, 38, 58, 19, 32, 81, 41, 27, 62, 87, 90, 99, 59, 11, 16, 72, 73, 69, 39, 37, 84, 3, 92, 25, 55, 28, 29, 51, 7, 33, 61, 98, 66, 89, 50, 4, 96, 53, 8, 80, 13, 70, 49, 52, 0, 74, 34, 2, 48]|[1, 1, 0, 1, 1, 1, 2, 1, 2, 2, 2, 2, 2, 1, 1, 0, 0, 1, 0, 2, 2, 0, 1, 2, 0, 1, 2, 2, 0, 0, 1, 2, 1, 2, 1, 0, 2, 0, 1, 1, 0, 1, 1, 1, 0, 2, 1, 1, 0, 0, 0, 0, 1, 1, 2, 1, 2, 0, 0, 0, 2, 1, 0, 1, 2, 1, 2, 1, 1, 1, 1, 1, 1, 0, 1, 1, 0, 0, 0, 1, 2, 1, 2, 2, 0, 0, 0, 0, 2, 0, 0, 0, 1, 0, 1, 0, 2, 2, 0, 0]|[4, 3, 2, 2, 0, 0, 2, 2, 2, 1, 1, 1, 2, 4, 4, 1, 2, 4, 2, 1, 1, 1, 1, 2, 1, 2, 1, 1, 1, 1, 3, 2, 3, 0, 4, 0, 1, 1, 0, 3, 2, 2, 4, 0, 1, 1, 0, 2, 0, 1, 2, 2, 1, 4, 0, 3, 2, 1, 1, 2, 1, 3, 1, 1, 1, 3, 0, 4, 3, 1, 4, 1, 1, 2, 4, 4, 2, 1, 1, 3, 1, 3, 1, 1, 2, 1, 2, 1, 0, 1, 1, 2, 3, 1, 1, 2, 1, 1, 2, 2]|[0, 2, 1, 1, 3, 3, 0, 1, 0, 0, 0, 0, 1, 0, 1, 0, 0, 3, 1, 0, 0, 0, 3, 1, 0, 2, 0, 0, 0, 1, 0, 0, 0, 0, 3, 0, 1, 0, 0, 2, 1, 1, 2, 0, 0, 0, 0, 1, 1, 0, 0, 0, 1, 3, 0, 0, 1, 0, 0, 1, 0, 2, 0, 1, 0, 2, 1, 0, 0, 1, 1, 3, 1, 1, 3, 3, 1, 0, 0, 2, 0, 0, 0, 0, 1, 0, 1, 0, 1, 0, 0, 0, 0, 1, 1, 0, 0, 0, 0, 0],799.1002142476597,58766.469869081004,90067.55034105257,false
25,G1_CMAX,G1_CMAX,[31, 22, 82, 15, 26, 9, 42, 77, 12, 5, 47, 93, 78, 86, 54, 6, 63, 18, 44, 20, 35, 43, 97, 91, 76, 10, 30, 21, 45, 17, 23, 1, 71, 83, 24, 14, 60, 36, 85, 57, 40, 95, 88, 65, 56, 79, 94, 67, 68, 46, 75, 38, 58, 19, 32, 81, 41, 62, 87, 28, 90, 59, 11, 16, 72, 73, 69, 52, 37, 64, 84, 3, 25, 29, 55, 51, 7, 98, 61, 66, 99, 33, 89, 48, 50, 96, 53, 80, 4, 8, 27, 2, 39, 13, 0, 92, 49, 74, 34, 70]|[1, 1, 0, 1, 1, 1, 2, 2, 1, 2, 2, 1, 1, 1, 0, 0, 1, 0, 2, 2, 0, 1, 2, 2, 1, 2, 2, 0, 0, 1, 2, 1, 1, 0, 2, 0, 1, 1, 0, 1, 1, 1, 1, 0, 2, 1, 1, 0, 0, 0, 0, 1, 1, 2, 1, 2, 0, 0, 2, 0, 1, 2, 2, 1, 2, 1, 1, 1, 1, 1, 1, 2, 1, 0, 2, 0, 1, 2, 1, 0, 0, 2, 1, 0, 0, 2, 0, 0, 1, 1, 0, 0, 1, 0, 0, 0, 0, 2, 2, 1]|[0, 3, 1, 2, 0, 0, 1, 1, 4, 1, 1, 4, 4, 4, 2, 2, 4, 2, 1, 1, 1, 1, 2, 1, 2, 1, 1, 1, 1, 4, 0, 3, 3, 0, 1, 1, 0, 3, 2, 2, 2, 2, 0, 1, 1, 0, 4, 0, 1, 2, 2, 1, 4, 0, 3, 2, 1, 2, 1, 2, 3, 1, 1, 3, 0, 4, 4, 1, 4, 3, 1, 2, 4, 1, 1, 1, 1, 1, 3, 1, 1, 1, 1, 1, 1, 1, 2, 1, 4, 3, 2, 2, 1, 2, 2, 0, 1, 1, 1, 4]|[1, 1, 1, 1, 3, 3, 0, 0, 0, 0, 0, 2, 0, 1, 0, 0, 3, 1, 0, 0, 0, 3, 1, 0, 2, 0, 0, 0, 1, 3, 0, 0, 0, 0, 1, 0, 0, 2, 1, 1, 1, 1, 0, 0, 0, 0, 2, 1, 0, 0, 0, 1, 3, 0, 0, 1, 0, 1, 0, 1, 2, 0, 0, 2, 1, 0, 2, 1, 1, 0, 3, 1, 3, 0, 0, 0, 2, 0, 0, 0, 0, 0, 1, 0, 0, 0, 1, 0, 0, 2, 1, 0, 1, 0, 0, 1, 1, 0, 0, 2],733.3116759547878,58140.55643565909,96674.14109675489,false
25,G4_BALANCED,G4_BALANCED,[31, 11, 15, 82, 26, 9, 95, 32, 77, 68, 47, 5, 93, 78, 86, 54, 85, 63, 18, 44, 20, 49, 36, 14, 74, 50, 53, 17, 21, 45, 71, 64, 3, 23, 30, 83, 24, 41, 60, 52, 65, 27, 90, 70, 39, 87, 48, 69, 99, 4, 46, 1, 13, 58, 97, 59, 28, 75, 73, 37, 35, 79, 22, 66, 76, 42, 40, 80, 96, 6, 16, 61, 33, 7, 57, 34, 12, 67, 10, 98, 56, 88, 29, 94, 91, 51, 19, 92, 43, 84, 38, 72, 81, 8, 2, 55, 62, 89, 25, 0]|[2, 1, 1, 2, 1, 2, 1, 1, 1, 1, 1, 0, 2, 2, 1, 2, 0, 0, 0, 2, 2, 1, 0, 2, 0, 2, 2, 1, 0, 1, 1, 1, 0, 0, 1, 0, 2, 1, 2, 2, 0, 0, 1, 1, 0, 2, 0, 2, 1, 0, 0, 2, 0, 0, 2, 0, 1, 0, 0, 0, 2, 1, 0, 2, 2, 0, 2, 2, 0, 1, 2, 1, 1, 2, 0, 1, 1, 1, 1, 2, 2, 1, 1, 2, 1, 1, 1, 0, 1, 0, 0, 1, 1, 1, 2, 0, 1, 1, 1, 0]|[1, 3, 2, 0, 4, 1, 4, 4, 2, 4, 3, 2, 1, 0, 2, 1, 1, 1, 2, 1, 1, 3, 0, 1, 0, 1, 1, 4, 1, 4, 3, 2, 2, 0, 4, 1, 1, 4, 0, 1, 2, 1, 4, 4, 1, 1, 0, 2, 3, 1, 2, 1, 2, 1, 1, 2, 4, 2, 0, 2, 2, 3, 1, 0, 1, 2, 0, 1, 2, 4, 1, 3, 4, 1, 2, 4, 3, 3, 3, 1, 1, 4, 3, 1, 3, 3, 4, 2, 4, 2, 2, 4, 1, 3, 1, 2, 3, 4, 4, 2]|[1, 2, 1, 0, 3, 0, 1, 3, 0, 0, 2, 0, 1, 0, 1, 0, 0, 0, 1, 0, 0, 2, 0, 0, 1, 0, 0, 3, 0, 1, 0, 2, 0, 1, 3, 0, 1, 3, 1, 0, 0, 0, 1, 3, 0, 0, 1, 0, 2, 0, 0, 0, 0, 0, 1, 0, 1, 0, 1, 1, 0, 2, 0, 0, 0, 0, 0, 0, 0, 2, 0, 0, 1, 0, 0, 1, 0, 0, 3, 0, 0, 1, 0, 0, 0, 0, 3, 0, 2, 0, 0, 2, 1, 0, 0, 0, 0, 1, 3, 0],836.569815134707,52504.092339752446,107095.57005228325,false
25,G2_TEC,G2_TEC,[31, 22, 82, 15, 26, 9, 95, 42, 77, 68, 47, 5, 93, 78, 86, 54, 85, 63, 18, 44, 20, 49, 36, 14, 74, 50, 53, 17, 21, 28, 11, 64, 3, 23, 30, 83, 24, 41, 40, 52, 65, 27, 90, 70, 39, 87, 48, 69, 99, 4, 46, 1, 13, 58, 97, 59, 45, 8, 73, 37, 35, 79, 71, 66, 76, 32, 60, 80, 96, 6, 16, 61, 33, 7, 57, 34, 12, 67, 10, 98, 56, 88, 43, 75, 91, 38, 19, 92, 29, 84, 51, 72, 81, 25, 2, 55, 94, 89, 62, 0]|[2, 1, 2, 1, 1, 2, 1, 1, 1, 1, 1, 0, 2, 2, 1, 2, 0, 0, 0, 2, 2, 1, 0, 2, 0, 2, 2, 1, 0, 1, 1, 1, 0, 0, 1, 0, 2, 1, 2, 2, 0, 0, 1, 1, 0, 2, 0, 2, 1, 0, 0, 2, 0, 0, 2, 0, 1, 1, 0, 0, 2, 1, 1, 2, 2, 0, 2, 2, 0, 1, 2, 1, 1, 2, 0, 1, 1, 1, 1, 2, 2, 1, 1, 0, 1, 0, 1, 0, 1, 0, 1, 1, 1, 1, 2, 0, 2, 1, 1, 0]|[0, 3, 0, 3, 4, 1, 4, 4, 2, 4, 3, 2, 1, 0, 2, 1, 1, 1, 2, 1, 1, 3, 0, 1, 0, 1, 1, 4, 1, 4, 3, 2, 2, 0, 4, 1, 1, 4, 0, 1, 2, 1, 4, 4, 1, 1, 0, 2, 3, 2, 2, 1, 2, 1, 1, 2, 4, 3, 0, 2, 2, 3, 3, 0, 1, 2, 0, 1, 2, 4, 1, 3, 4, 1, 2, 4, 3, 3, 3, 1, 1, 4, 4, 2, 3, 2, 4, 2, 3, 2, 3, 4, 4, 4, 1, 2, 1, 4, 3, 2]|[0, 2, 0, 0, 3, 0, 1, 3, 0, 0, 2, 0, 1, 0, 1, 0, 0, 0, 1, 0, 0, 2, 0, 0, 1, 0, 0, 3, 0, 1, 0, 2, 0, 0, 3, 0, 1, 3, 0, 0, 0, 0, 1, 3, 0, 0, 1, 0, 2, 0, 0, 0, 0, 0, 1, 0, 1, 0, 1, 1, 0, 2, 0, 0, 0, 0, 0, 0, 0, 2, 0, 0, 1, 0, 0, 1, 0, 0, 3, 0, 0, 1, 2, 0, 0, 0, 1, 0, 3, 0, 0, 2, 1, 3, 0, 0, 0, 1, 0, 0],884.1935202920454,50350.47642403707,113845.06305296552,false
25,G3_TWC,G1_CMAX,[31, 22, 82, 15, 26, 9, 42, 77, 12, 5, 47, 93, 78, 86, 54, 6, 63, 18, 44, 20, 35, 43, 97, 91, 76, 10, 30, 21, 45, 17, 23, 1, 71, 83, 24, 14, 60, 36, 85, 57, 40, 95, 88, 65, 56, 79, 94, 67, 68, 46, 75, 38, 58, 19, 32, 81, 41, 62, 87, 28, 90, 59, 11, 16, 72, 73, 69, 52, 37, 64, 84, 3, 25, 29, 55, 51, 7, 98, 61, 66, 99, 33, 89, 48, 50, 96, 53, 80, 4, 8, 27, 2, 39, 13, 0, 92, 49, 74, 34, 70]|[1, 1, 0, 1, 1, 1, 2, 2, 1, 2, 2, 1, 1, 1, 0, 0, 1, 0, 2, 2, 0, 1, 2, 2, 1, 2, 2, 0, 0, 1, 2, 1, 1, 0, 2, 0, 1, 1, 0, 1, 1, 1, 1, 0, 2, 1, 1, 0, 0, 0, 0, 1, 1, 2, 1, 2, 0, 0, 2, 0, 1, 2, 2, 1, 2, 1, 1, 1, 1, 1, 1, 2, 1, 0, 2, 0, 1, 2, 1, 0, 0, 2, 1, 0, 0, 2, 0, 0, 1, 1, 0, 0, 1, 0, 0, 0, 0, 2, 2, 1]|[0, 3, 1, 2, 0, 0, 1, 1, 4, 1, 1, 4, 4, 4, 2, 2, 4, 2, 1, 1, 1, 1, 2, 1, 2, 1, 1, 1, 1, 4, 0, 3, 3, 0, 1, 1, 0, 3, 2, 2, 2, 2, 0, 1, 1, 0, 4, 0, 1, 2, 2, 1, 4, 0, 3, 2, 1, 2, 1, 2, 3, 1, 1, 3, 0, 4, 4, 1, 4, 3, 1, 2, 4, 1, 1, 1, 1, 1, 3, 1, 1, 1, 1, 1, 1, 1, 2, 1, 4, 3, 2, 2, 1, 2, 2, 0, 1, 1, 1, 4]|[1, 1, 1, 1, 3, 3, 0, 0, 0, 0, 0, 2, 0, 1, 0, 0, 3, 1, 0, 0, 0, 3, 1, 0, 2, 0, 0, 0, 1, 3, 0, 0, 0, 0, 1, 0, 0, 2, 1, 1, 1, 1, 0, 0, 0, 0, 2, 1, 0, 0, 0, 1, 3, 0, 0, 1, 0, 1, 0, 1, 2, 0, 0, 2, 1, 0, 2, 1, 1, 0, 3, 1, 3, 0, 0, 0, 2, 0, 0, 0, 0, 0, 1, 0, 0, 0, 1, 0, 0, 2, 1, 0, 1, 0, 0, 1, 1, 0, 0, 2],733.3116759547878,58140.55643565909,96674.14109675489,true
25,G1_CMAX,G1_CMAX,[31, 22, 82, 15, 26, 9, 42, 77, 12, 5, 47, 93, 78, 86, 54, 6, 63, 18, 44, 20, 35, 43, 97, 91, 76, 10, 30, 21, 45, 17, 23, 1, 71, 83, 24, 14, 60, 36, 85, 57, 40, 95, 88, 65, 56, 79, 94, 67, 68, 46, 75, 38, 58, 19, 32, 81, 41, 62, 87, 28, 90, 59, 11, 16, 72, 73, 69, 52, 37, 64, 84, 3, 25, 29, 55, 51, 7, 98, 61, 66, 99, 33, 89, 48, 50, 96, 53, 80, 4, 8, 27, 2, 39, 13, 0, 92, 49, 74, 34, 70]|[1, 1, 0, 1, 1, 1, 2, 2, 1, 2, 2, 1, 1, 1, 0, 0, 1, 0, 2, 2, 0, 1, 2, 2, 1, 2, 2, 0, 0, 1, 2, 1, 1, 0, 2, 0, 1, 1, 0, 1, 1, 1, 1, 0, 2, 1, 1, 0, 0, 0, 0, 1, 1, 2, 1, 2, 0, 0, 2, 0, 1, 2, 2, 1, 2, 1, 1, 1, 1, 1, 1, 2, 1, 0, 2, 0, 1, 2, 1, 0, 0, 2, 1, 0, 0, 2, 0, 0, 1, 1, 0, 0, 1, 0, 0, 0, 0, 2, 2, 1]|[0, 3, 1, 2, 0, 0, 1, 1, 4, 1, 1, 4, 4, 4, 2, 2, 4, 2, 1, 1, 1, 1, 2, 1, 2, 1, 1, 1, 1, 4, 0, 3, 3, 0, 1, 1, 0, 3, 2, 2, 2, 2, 0, 1, 1, 0, 4, 0, 1, 2, 2, 1, 4, 0, 3, 2, 1, 2, 1, 2, 3, 1, 1, 3, 0, 4, 4, 1, 4, 3, 1, 2, 4, 1, 1, 1, 1, 1, 3, 1, 1, 1, 1, 1, 1, 1, 2, 1, 4, 3, 2, 2, 1, 2, 2, 0, 1, 1, 1, 4]|[1, 1, 1, 1, 3, 3, 0, 0, 0, 0, 0, 2, 0, 1, 0, 0, 3, 1, 0, 0, 0, 3, 1, 0, 2, 0, 0, 0, 1, 3, 0, 0, 0, 0, 1, 0, 0, 2, 1, 1, 1, 1, 0, 0, 0, 0, 2, 1, 0, 0, 0, 1, 3, 0, 0, 1, 0, 1, 0, 1, 2, 0, 0, 2, 1, 0, 2, 1, 1, 0, 3, 1, 3, 0, 0, 0, 2, 0, 0, 0, 0, 0, 1, 0, 0, 0, 1, 0, 0, 2, 1, 0, 1, 0, 0, 1, 1, 0, 0, 2],733.3116759547878,58140.55643565909,96674.14109675489,false
25,G4_BALANCED,G4_BALANCED,[31, 11, 15, 82, 26, 9, 95, 32, 77, 68, 47, 5, 93, 78, 86, 54, 85, 63, 18, 44, 20, 49, 36, 14, 74, 50, 53, 17, 21, 45, 71, 64, 3, 23, 30, 83, 24, 41, 60, 52, 65, 27, 90, 70, 39, 87, 48, 69, 99, 4, 46, 1, 13, 58, 97, 59, 28, 75, 73, 37, 35, 79, 22, 66, 76, 42, 40, 80, 96, 6, 16, 61, 33, 7, 57, 34, 12, 67, 10, 98, 56, 88, 29, 94, 91, 51, 19, 92, 43, 84, 38, 72, 81, 8, 2, 55, 62, 89, 25, 0]|[2, 1, 1, 2, 1, 2, 1, 1, 1, 1, 1, 0, 2, 2, 1, 2, 0, 0, 0, 2, 2, 1, 0, 2, 0, 2, 2, 1, 0, 1, 1, 1, 0, 0, 1, 0, 2, 1, 2, 2, 0, 0, 1, 1, 0, 2, 0, 2, 1, 0, 0, 2, 0, 0, 2, 0, 1, 0, 0, 0, 2, 1, 0, 2, 2, 0, 2, 2, 0, 1, 2, 1, 1, 2, 0, 1, 1, 1, 1, 2, 2, 1, 1, 2, 1, 1, 1, 0, 1, 0, 0, 1, 1, 1, 2, 0, 1, 1, 1, 0]|[1, 3, 2, 0, 4, 1, 4, 4, 2, 4, 3, 2, 1, 0, 2, 1, 1, 1, 2, 1, 1, 3, 0, 1, 0, 1, 1, 4, 1, 4, 3, 2, 2, 0, 4, 1, 1, 4, 0, 1, 2, 1, 4, 4, 1, 1, 0, 2, 3, 1, 2, 1, 2, 1, 1, 2, 4, 2, 0, 2, 2, 3, 1, 0, 1, 2, 0, 1, 2, 4, 1, 3, 4, 1, 2, 4, 3, 3, 3, 1, 1, 4, 3, 1, 3, 3, 4, 2, 4, 2, 2, 4, 1, 3, 1, 2, 3, 4, 4, 2]|[1, 2, 1, 0, 3, 0, 1, 3, 0, 0, 2, 0, 1, 0, 1, 0, 0, 0, 1, 0, 0, 2, 0, 0, 1, 0, 0, 3, 0, 1, 0, 2, 0, 1, 3, 0, 1, 3, 1, 0, 0, 0, 1, 3, 0, 0, 1, 0, 2, 0, 0, 0, 0, 0, 1, 0, 1, 0, 1, 1, 0, 2, 0, 0, 0, 0, 0, 0, 0, 2, 0, 0, 1, 0, 0, 1, 0, 0, 3, 0, 0, 1, 0, 0, 0, 0, 3, 0, 2, 0, 0, 2, 1, 0, 0, 0, 0, 1, 3, 0],836.569815134707,52504.092339752446,107095.57005228325,false
25,G2_TEC,G2_TEC,[31, 22, 82, 15, 26, 9, 95, 42, 77, 68, 47, 5, 93, 78, 86, 54, 85, 63, 18, 44, 20, 49, 36, 14, 74, 50, 53, 17, 21, 28, 11, 64, 3, 23, 30, 83, 24, 41, 40, 52, 65, 27, 90, 70, 39, 87, 48, 69, 99, 4, 46, 1, 13, 58, 97, 59, 45, 8, 73, 37, 35, 79, 71, 66, 76, 32, 60, 80, 96, 6, 16, 61, 33, 7, 57, 34, 12, 67, 10, 98, 56, 88, 43, 75, 91, 38, 19, 92, 29, 84, 51, 72, 81, 25, 2, 55, 94, 89, 62, 0]|[2, 1, 2, 1, 1, 2, 1, 1, 1, 1, 1, 0, 2, 2, 1, 2, 0, 0, 0, 2, 2, 1, 0, 2, 0, 2, 2, 1, 0, 1, 1, 1, 0, 0, 1, 0, 2, 1, 2, 2, 0, 0, 1, 1, 0, 2, 0, 2, 1, 0, 0, 2, 0, 0, 2, 0, 1, 1, 0, 0, 2, 1, 1, 2, 2, 0, 2, 2, 0, 1, 2, 1, 1, 2, 0, 1, 1, 1, 1, 2, 2, 1, 1, 0, 1, 0, 1, 0, 1, 0, 1, 1, 1, 1, 2, 0, 2, 1, 1, 0]|[0, 3, 0, 3, 4, 1, 4, 4, 2, 4, 3, 2, 1, 0, 2, 1, 1, 1, 2, 1, 1, 3, 0, 1, 0, 1, 1, 4, 1, 4, 3, 2, 2, 0, 4, 1, 1, 4, 0, 1, 2, 1, 4, 4, 1, 1, 0, 2, 3, 2, 2, 1, 2, 1, 1, 2, 4, 3, 0, 2, 2, 3, 3, 0, 1, 2, 0, 1, 2, 4, 1, 3, 4, 1, 2, 4, 3, 3, 3, 1, 1, 4, 4, 2, 3, 2, 4, 2, 3, 2, 3, 4, 4, 4, 1, 2, 1, 4, 3, 2]|[0, 2, 0, 0, 3, 0, 1, 3, 0, 0, 2, 0, 1, 0, 1, 0, 0, 0, 1, 0, 0, 2, 0, 0, 1, 0, 0, 3, 0, 1, 0, 2, 0, 0, 3, 0, 1, 3, 0, 0, 0, 0, 1, 3, 0, 0, 1, 0, 2, 0, 0, 0, 0, 0, 1, 0, 1, 0, 1, 1, 0, 2, 0, 0, 0, 0, 0, 0, 0, 2, 0, 0, 1, 0, 0, 1, 0, 0, 3, 0, 0, 1, 2, 0, 0, 0, 1, 0, 3, 0, 0, 2, 1, 3, 0, 0, 0, 1, 0, 0],884.1935202920454,50350.47642403707,113845.06305296552,false
25,G3_TWC,G3_TWC,[31, 22, 82, 15, 26, 9, 42, 95, 77, 12, 47, 5, 93, 78, 86, 54, 85, 63, 18, 44, 20, 35, 43, 97, 91, 76, 10, 30, 21, 45, 71, 64, 1, 23, 17, 83, 24, 14, 60, 36, 6, 57, 94, 88, 65, 56, 79, 40, 67, 68, 46, 75, 38, 58, 19, 32, 81, 41, 27, 62, 87, 90, 99, 59, 11, 16, 72, 73, 69, 39, 37, 84, 3, 92, 25, 55, 28, 29, 51, 7, 33, 61, 98, 66, 89, 50, 4, 96, 53, 8, 80, 13, 70, 49, 52, 0, 74, 34, 2, 48]|[1, 1, 0, 1, 1, 1, 2, 1, 2, 2, 2, 2, 2, 1, 1, 0, 0, 1, 0, 2, 2, 0, 1, 2, 0, 1, 2, 2, 0, 0, 1, 2, 1, 2, 1, 0, 2, 0, 1, 1, 0, 1, 1, 1, 0, 2, 1, 1, 0, 0, 0, 0, 1, 1, 2, 1, 2, 0, 0, 0, 2, 1, 0, 1, 2, 1, 2, 1, 1, 1, 1, 1, 1, 0, 1, 1, 0, 0, 0, 1, 2, 1, 2, 2, 0, 0, 0, 0, 2, 0, 0, 0, 1, 0, 1, 0, 2, 2, 0, 0]|[4, 3, 2, 2, 0, 0, 2, 2, 2, 1, 1, 1, 2, 4, 4, 1, 2, 4, 2, 1, 1, 1, 1, 2, 1, 2, 1, 1, 1, 1, 3, 2, 3, 0, 4, 0, 1, 1, 0, 3, 2, 2, 4, 0, 1, 1, 0, 2, 0, 1, 2, 2, 1, 4, 0, 3, 2, 1, 1, 2, 1, 3, 1, 1, 1, 3, 0, 4, 3, 1, 4, 1, 1, 2, 4, 4, 2, 1, 1, 3, 1, 3, 1, 1, 2, 1, 2, 1, 0, 1, 1, 2, 3, 1, 1, 2, 1, 1, 2, 2]|[0, 2, 1, 1, 3, 3, 0, 1, 0, 0, 0, 0, 1, 0, 1, 0, 0, 3, 1, 0, 0, 0, 3, 1, 0, 2, 0, 0, 0, 1, 0, 0, 0, 0, 3, 0, 1, 0, 0, 2, 1, 1, 2, 0, 0, 0, 0, 1, 1, 0, 0, 0, 1, 3, 0, 0, 1, 0, 0, 1, 0, 2, 0, 1, 0, 2, 1, 0, 0, 1, 1, 3, 1, 1, 3, 3, 1, 0, 0, 2, 0, 0, 0, 0, 1, 0, 1, 0, 1, 0, 0, 0, 0, 1, 1, 0, 0, 0, 0, 0],799.1002142476597,58766.469869081004,90067.55034105257,false
25,G1_CMAX,G1_CMAX,[31, 22, 82, 15, 26, 9, 42, 77, 12, 5, 47, 93, 78, 86, 54, 6, 63, 18, 44, 20, 35, 43, 97, 91, 76, 10, 30, 21, 45, 17, 23, 1, 71, 83, 24, 14, 60, 36, 85, 57, 40, 95, 88, 65, 56, 79, 94, 67, 68, 46, 75, 38, 58, 19, 32, 81, 41, 62, 87, 28, 90, 59, 11, 16, 72, 73, 69, 52, 37, 64, 84, 3, 25, 29, 55, 51, 7, 98, 61, 66, 99, 33, 89, 48, 50, 96, 53, 80, 4, 8, 27, 2, 39, 13, 0, 92, 49, 74, 34, 70]|[1, 1, 0, 1, 1, 1, 2, 2, 1, 2, 2, 1, 1, 1, 0, 0, 1, 0, 2, 2, 0, 1, 2, 2, 1, 2, 2, 0, 0, 1, 2, 1, 1, 0, 2, 0, 1, 1, 0, 1, 1, 1, 1, 0, 2, 1, 1, 0, 0, 0, 0, 1, 1, 2, 1, 2, 0, 0, 2, 0, 1, 2, 2, 1, 2, 1, 1, 1, 1, 1, 1, 2, 1, 0, 2, 0, 1, 2, 1, 0, 0, 2, 1, 0, 0, 2, 0, 0, 1, 1, 0, 0, 1, 0, 0, 0, 0, 2, 2, 1]|[0, 3, 1, 2, 0, 0, 1, 1, 4, 1, 1, 4, 4, 4, 2, 2, 4, 2, 1, 1, 1, 1, 2, 1, 2, 1, 1, 1, 1, 4, 0, 3, 3, 0, 1, 1, 0, 3, 2, 2, 2, 2, 0, 1, 1, 0, 4, 0, 1, 2, 2, 1, 4, 0, 3, 2, 1, 2, 1, 2, 3, 1, 1, 3, 0, 4, 4, 1, 4, 3, 1, 2, 4, 1, 1, 1, 1, 1, 3, 1, 1, 1, 1, 1, 1, 1, 2, 1, 4, 3, 2, 2, 1, 2, 2, 0, 1, 1, 1, 4]|[1, 1, 1, 1, 3, 3, 0, 0, 0, 0, 0, 2, 0, 1, 0, 0, 3, 1, 0, 0, 0, 3, 1, 0, 2, 0, 0, 0, 1, 3, 0, 0, 0, 0, 1, 0, 0, 2, 1, 1, 1, 1, 0, 0, 0, 0, 2, 1, 0, 0, 0, 1, 3, 0, 0, 1, 0, 1, 0, 1, 2, 0, 0, 2, 1, 0, 2, 1, 1, 0, 3, 1, 3, 0, 0, 0, 2, 0, 0, 0, 0, 0, 1, 0, 0, 0, 1, 0, 0, 2, 1, 0, 1, 0, 0, 1, 1, 0, 0, 2],733.3116759547878,58140.55643565909,96674.14109675489,false
25,G4_BALANCED,G1_CMAX,[31, 22, 82, 15, 26, 9, 42, 95, 77, 12, 47, 5, 93, 78, 86, 54, 85, 63, 18, 44, 20, 35, 43, 97, 91, 76, 10, 30, 21, 45, 71, 64, 1, 23, 17, 83, 24, 14, 60, 36, 6, 57, 94, 88, 65, 56, 79, 40, 67, 68, 46, 75, 38, 58, 19, 32, 81, 41, 27, 62, 87, 90, 99, 59, 11, 16, 72, 73, 69, 39, 37, 84, 3, 92, 25, 55, 28, 29, 51, 7, 98, 61, 33, 66, 89, 50, 8, 96, 53, 80, 4, 48, 52, 2, 34, 0, 13, 70, 49, 74]|[1, 1, 0, 1, 1, 1, 1, 2, 2, 1, 2, 2, 2, 1, 1, 0, 0, 1, 0, 2, 2, 0, 1, 2, 0, 1, 2, 2, 0, 0, 1, 2, 1, 2, 1, 0, 2, 0, 1, 1, 0, 1, 1, 1, 0, 2, 1, 1, 0, 0, 0, 0, 1, 1, 2, 1, 2, 0, 0, 0, 2, 1, 0, 1, 2, 1, 2, 1, 1, 1, 1, 1, 1, 0, 1, 2, 0, 0, 0, 1, 2, 1, 2, 2, 1, 0, 0, 2, 0, 0, 0, 0, 1, 0, 2, 0, 0, 1, 0, 2]|[4, 3, 2, 2, 4, 0, 2, 2, 2, 4, 1, 1, 2, 4, 4, 1, 2, 4, 2, 1, 1, 1, 1, 2, 1, 2, 1, 1, 1, 1, 3, 2, 3, 1, 4, 0, 1, 1, 0, 3, 2, 2, 2, 0, 1, 1, 0, 4, 0, 1, 2, 2, 1, 4, 0, 3, 2, 1, 1, 2, 1, 3, 1, 1, 1, 3, 0, 4, 3, 1, 4, 1, 1, 2, 4, 1, 2, 1, 1, 1, 1, 3, 1, 1, 1, 1, 1, 1, 2, 1, 2, 1, 1, 2, 1, 2, 2, 3, 1, 1]|[0, 2, 1, 1, 3, 3, 1, 0, 0, 0, 0, 0, 1, 0, 1, 0, 0, 3, 1, 0, 0, 0, 3, 1, 0, 2, 0, 0, 0, 1, 0, 0, 0, 0, 3, 0, 1, 0, 0, 2, 1, 1, 1, 0, 0, 0, 0, 2, 1, 0, 0, 0, 1, 3, 0, 0, 1, 0, 0, 1, 0, 2, 0, 1, 0, 2, 1, 0, 0, 1, 1, 3, 1, 1, 3, 0, 1, 0, 0, 2, 0, 0, 0, 0, 1, 0, 0, 0, 1, 0, 1, 0, 1, 0, 0, 0, 0, 0, 1, 0],779.9874732025453,57476.05373568449,93137.81414191051,true
25,G2_TEC,G2_TEC,[31, 22, 82, 15, 26, 9, 95, 42, 77, 68, 47, 5, 93, 78, 86, 54, 85, 63, 18, 44, 20, 49, 36, 14, 74, 50, 53, 17, 21, 28, 11, 64, 3, 23, 30, 83, 24, 41, 40, 52, 65, 27, 90, 70, 39, 87, 48, 69, 99, 4, 46, 1, 13, 58, 97, 59, 45, 8, 73, 37, 35, 79, 71, 66, 76, 32, 60, 80, 96, 6, 16, 61, 33, 7, 57, 34, 12, 67, 10, 98, 56, 88, 43, 75, 91, 38, 19, 92, 29, 84, 51, 72, 81, 25, 2, 55, 94, 89, 62, 0]|[2, 1, 2, 1, 1, 2, 1, 1, 1, 1, 1, 0, 2, 2, 1, 2, 0, 0, 0, 2, 2, 1, 0, 2, 0, 2, 2, 1, 0, 1, 1, 1, 0, 0, 1, 0, 2, 1, 2, 2, 0, 0, 1, 1, 0, 2, 0, 2, 1, 0, 0, 2, 0, 0, 2, 0, 1, 1, 0, 0, 2, 1, 1, 2, 2, 0, 2, 2, 0, 1, 2, 1, 1, 2, 0, 1, 1, 1, 1, 2, 2, 1, 1, 0, 1, 0, 1, 0, 1, 0, 1, 1, 1, 1, 2, 0, 2, 1, 1, 0]|[0, 3, 0, 3, 4, 1, 4, 4, 2, 4, 3, 2, 1, 0, 2, 1, 1, 1, 2, 1, 1, 3, 0, 1, 0, 1, 1, 4, 1, 4, 3, 2, 2, 0, 4, 1, 1, 4, 0, 1, 2, 1, 4, 4, 1, 1, 0, 2, 3, 2, 2, 1, 2, 1, 1, 2, 4, 3, 0, 2, 2, 3, 3, 0, 1, 2, 0, 1, 2, 4, 1, 3, 4, 1, 2, 4, 3, 3, 3, 1, 1, 4, 4, 2, 3, 2, 4, 2, 3, 2, 3, 4, 4, 4, 1, 2, 1, 4, 3, 2]|[0, 2, 0, 0, 3, 0, 1, 3, 0, 0, 2, 0, 1, 0, 1, 0, 0, 0, 1, 0, 0, 2, 0, 0, 1, 0, 0, 3, 0, 1, 0, 2, 0, 0, 3, 0, 1, 3, 0, 0, 0, 0, 1, 3, 0, 0, 1, 0, 2, 0, 0, 0, 0, 0, 1, 0, 1, 0, 1, 1, 0, 2, 0, 0, 0, 0, 0, 0, 0, 2, 0, 0, 1, 0, 0, 1, 0, 0, 3, 0, 0, 1, 2, 0, 0, 0, 1, 0, 3, 0, 0, 2, 1, 3, 0, 0, 0, 1, 0, 0],884.1935202920454,50350.47642403707,113845.06305296552,false
25,G3_TWC,G3_TWC,[31, 22, 82, 15, 26, 9, 42, 95, 77, 12, 47, 5, 93, 78, 86, 54, 85, 63, 18, 44, 20, 35, 43, 97, 91, 76, 10, 30, 21, 45, 71, 64, 1, 23, 17, 83, 24, 14, 60, 36, 6, 57, 94, 88, 65, 56, 79, 40, 67, 68, 46, 75, 38, 58, 19, 32, 81, 41, 27, 62, 87, 90, 99, 59, 11, 16, 72, 73, 69, 39, 37, 84, 3, 92, 25, 55, 28, 29, 51, 7, 33, 61, 98, 66, 89, 50, 4, 96, 53, 8, 80, 13, 70, 49, 52, 0, 74, 34, 2, 48]|[1, 1, 0, 1, 1, 1, 2, 1, 2, 2, 2, 2, 2, 1, 1, 0, 0, 1, 0, 2, 2, 0, 1, 2, 0, 1, 2, 2, 0, 0, 1, 2, 1, 2, 1, 0, 2, 0, 1, 1, 0, 1, 1, 1, 0, 2, 1, 1, 0, 0, 0, 0, 1, 1, 2, 1, 2, 0, 0, 0, 2, 1, 0, 1, 2, 1, 2, 1, 1, 1, 1, 1, 1, 0, 1, 1, 0, 0, 0, 1, 2, 1, 2, 2, 0, 0, 0, 0, 2, 0, 0, 0, 1, 0, 1, 0, 2, 2, 0, 0]|[4, 3, 2, 2, 0, 0, 2, 2, 2, 1, 1, 1, 2, 4, 4, 1, 2, 4, 2, 1, 1, 1, 1, 2, 1, 2, 1, 1, 1, 1, 3, 2, 3, 0, 4, 0, 1, 1, 0, 3, 2, 2, 4, 0, 1, 1, 0, 2, 0, 1, 2, 2, 1, 4, 0, 3, 2, 1, 1, 2, 1, 3, 1, 1, 1, 3, 0, 4, 3, 1, 4, 1, 1, 2, 4, 4, 2, 1, 1, 3, 1, 3, 1, 1, 2, 1, 2, 1, 0, 1, 1, 2, 3, 1, 1, 2, 1, 1, 2, 2]|[0, 2, 1, 1, 3, 3, 0, 1, 0, 0, 0, 0, 1, 0, 1, 0, 0, 3, 1, 0, 0, 0, 3, 1, 0, 2, 0, 0, 0, 1, 0, 0, 0, 0, 3, 0, 1, 0, 0, 2, 1, 1, 2, 0, 0, 0, 0, 1, 1, 0, 0, 0, 1, 3, 0, 0, 1, 0, 0, 1, 0, 2, 0, 1, 0, 2, 1, 0, 0, 1, 1, 3, 1, 1, 3, 3, 1, 0, 0, 2, 0, 0, 0, 0, 1, 0, 1, 0, 1, 0, 0, 0, 0, 1, 1, 0, 0, 0, 0, 0],799.1002142476597,58766.469869081004,90067.55034105257,false
25,G1_CMAX,G1_CMAX,[31, 22, 82, 15, 26, 9, 42, 77, 12, 5, 47, 93, 78, 86, 54, 6, 63, 18, 44, 20, 35, 43, 97, 91, 76, 10, 30, 21, 45, 17, 23, 1, 71, 83, 24, 14, 60, 36, 85, 57, 40, 95, 88, 65, 56, 79, 94, 67, 68, 46, 75, 38, 58, 19, 32, 81, 41, 62, 87, 28, 90, 59, 11, 16, 72, 73, 69, 52, 37, 64, 84, 3, 25, 29, 55, 51, 7, 98, 61, 66, 99, 33, 89, 48, 50, 96, 53, 80, 4, 8, 27, 2, 39, 13, 0, 92, 49, 74, 34, 70]|[1, 1, 0, 1, 1, 1, 2, 2, 1, 2, 2, 1, 1, 1, 0, 0, 1, 0, 2, 2, 0, 1, 2, 2, 1, 2, 2, 0, 0, 1, 2, 1, 1, 0, 2, 0, 1, 1, 0, 1, 1, 1, 1, 0, 2, 1, 1, 0, 0, 0, 0, 1, 1, 2, 1, 2, 0, 0, 2, 0, 1, 2, 2, 1, 2, 1, 1, 1, 1, 1, 1, 2, 1, 0, 2, 0, 1, 2, 1, 0, 0, 2, 1, 0, 0, 2, 0, 0, 1, 1, 0, 0, 1, 0, 0, 0, 0, 2, 2, 1]|[0, 3, 1, 2, 0, 0, 1, 1, 4, 1, 1, 4, 4, 4, 2, 2, 4, 2, 1, 1, 1, 1, 2, 1, 2, 1, 1, 1, 1, 4, 0, 3, 3, 0, 1, 1, 0, 3, 2, 2, 2, 2, 0, 1, 1, 0, 4, 0, 1, 2, 2, 1, 4, 0, 3, 2, 1, 2, 1, 2, 3, 1, 1, 3, 0, 4, 4, 1, 4, 3, 1, 2, 4, 1, 1, 1, 1, 1, 3, 1, 1, 1, 1, 1, 1, 1, 2, 1, 4, 3, 2, 2, 1, 2, 2, 0, 1, 1, 1, 4]|[1, 1, 1, 1, 3, 3, 0, 0, 0, 0, 0, 2, 0, 1, 0, 0, 3, 1, 0, 0, 0, 3, 1, 0, 2, 0, 0, 0, 1, 3, 0, 0, 0, 0, 1, 0, 0, 2, 1, 1, 1, 1, 0, 0, 0, 0, 2, 1, 0, 0, 0, 1, 3, 0, 0, 1, 0, 1, 0, 1, 2, 0, 0, 2, 1, 0, 2, 1, 1, 0, 3, 1, 3, 0, 0, 0, 2, 0, 0, 0, 0, 0, 1, 0, 0, 0, 1, 0, 0, 2, 1, 0, 1, 0, 0, 1, 1, 0, 0, 2],733.3116759547878,58140.55643565909,96674.14109675489,false
25,G4_BALANCED,G4_BALANCED,[31, 11, 15, 82, 26, 9, 95, 32, 77, 68, 47, 5, 93, 78, 86, 54, 85, 63, 18, 44, 20, 49, 36, 14, 74, 50, 53, 17, 21, 45, 71, 64, 3, 23, 30, 83, 24, 41, 60, 52, 65, 27, 90, 70, 39, 87, 48, 69, 99, 4, 46, 1, 13, 58, 97, 59, 28, 75, 73, 37, 35, 79, 22, 66, 76, 42, 40, 80, 96, 6, 16, 61, 33, 7, 57, 34, 12, 67, 10, 98, 56, 88, 29, 94, 91, 51, 19, 92, 43, 84, 38, 72, 81, 8, 2, 55, 62, 89, 25, 0]|[2, 1, 1, 2, 1, 2, 1, 1, 1, 1, 1, 0, 2, 2, 1, 2, 0, 0, 0, 2, 2, 1, 0, 2, 0, 2, 2, 1, 0, 1, 1, 1, 0, 0, 1, 0, 2, 1, 2, 2, 0, 0, 1, 1, 0, 2, 0, 2, 1, 0, 0, 2, 0, 0, 2, 0, 1, 0, 0, 0, 2, 1, 0, 2, 2, 0, 2, 2, 0, 1, 2, 1, 1, 2, 0, 1, 1, 1, 1, 2, 2, 1, 1, 2, 1, 1, 1, 0, 1, 0, 0, 1, 1, 1, 2, 0, 1, 1, 1, 0]|[1, 3, 2, 0, 4, 1, 4, 4, 2, 4, 3, 2, 1, 0, 2, 1, 1, 1, 2, 1, 1, 3, 0, 1, 0, 1, 1, 4, 1, 4, 3, 2, 2, 0, 4, 1, 1, 4, 0, 1, 2, 1, 4, 4, 1, 1, 0, 2, 3, 1, 2, 1, 2, 1, 1, 2, 4, 2, 0, 2, 2, 3, 1, 0, 1, 2, 0, 1, 2, 4, 1, 3, 4, 1, 2, 4, 3, 3, 3, 1, 1, 4, 3, 1, 3, 3, 4, 2, 4, 2, 2, 4, 1, 3, 1, 2, 3, 4, 4, 2]|[1, 2, 1, 0, 3, 0, 1, 3, 0, 0, 2, 0, 1, 0, 1, 0, 0, 0, 1, 0, 0, 2, 0, 0, 1, 0, 0, 3, 0, 1, 0, 2, 0, 1, 3, 0, 1, 3, 1, 0, 0, 0, 1, 3, 0, 0, 1, 0, 2, 0, 0, 0, 0, 0, 1, 0, 1, 0, 1, 1, 0, 2, 0, 0, 0, 0, 0, 0, 0, 2, 0, 0, 1, 0, 0, 1, 0, 0, 3, 0, 0, 1, 0, 0, 0, 0, 3, 0, 2, 0, 0, 2, 1, 0, 0, 0, 0, 1, 3, 0],836.569815134707,52504.092339752446,107095.57005228325,false
25,G2_TEC,G2_TEC,[31, 22, 82, 15, 26, 9, 95, 42, 77, 68, 47, 5, 93, 78, 86, 54, 85, 63, 18, 44, 20, 49, 36, 14, 74, 50, 53, 17, 21, 28, 11, 64, 3, 23, 30, 83, 24, 41, 40, 52, 65, 27, 90, 70, 39, 87, 48, 69, 99, 4, 46, 1, 13, 58, 97, 59, 45, 8, 73, 37, 35, 79, 71, 66, 76, 32, 60, 80, 96, 6, 16, 61, 33, 7, 57, 34, 12, 67, 10, 98, 56, 88, 43, 75, 91, 38, 19, 92, 29, 84, 51, 72, 81, 25, 2, 55, 94, 89, 62, 0]|[2, 1, 2, 1, 1, 2, 1, 1, 1, 1, 1, 0, 2, 2, 1, 2, 0, 0, 0, 2, 2, 1, 0, 2, 0, 2, 2, 1, 0, 1, 1, 1, 0, 0, 1, 0, 2, 1, 2, 2, 0, 0, 1, 1, 0, 2, 0, 2, 1, 0, 0, 2, 0, 0, 2, 0, 1, 1, 0, 0, 2, 1, 1, 2, 2, 0, 2, 2, 0, 1, 2, 1, 1, 2, 0, 1, 1, 1, 1, 2, 2, 1, 1, 0, 1, 0, 1, 0, 1, 0, 1, 1, 1, 1, 2, 0, 2, 1, 1, 0]|[0, 3, 0, 3, 4, 1, 4, 4, 2, 4, 3, 2, 1, 0, 2, 1, 1, 1, 2, 1, 1, 3, 0, 1, 0, 1, 1, 4, 1, 4, 3, 2, 2, 0, 4, 1, 1, 4, 0, 1, 2, 1, 4, 4, 1, 1, 0, 2, 3, 2, 2, 1, 2, 1, 1, 2, 4, 3, 0, 2, 2, 3, 3, 0, 1, 2, 0, 1, 2, 4, 1, 3, 4, 1, 2, 4, 3, 3, 3, 1, 1, 4, 4, 2, 3, 2, 4, 2, 3, 2, 3, 4, 4, 4, 1, 2, 1, 4, 3, 2]|[0, 2, 0, 0, 3, 0, 1, 3, 0, 0, 2, 0, 1, 0, 1, 0, 0, 0, 1, 0, 0, 2, 0, 0, 1, 0, 0, 3, 0, 1, 0, 2, 0, 0, 3, 0, 1, 3, 0, 0, 0, 0, 1, 3, 0, 0, 1, 0, 2, 0, 0, 0, 0, 0, 1, 0, 1, 0, 1, 1, 0, 2, 0, 0, 0, 0, 0, 0, 0, 2, 0, 0, 1, 0, 0, 1, 0, 0, 3, 0, 0, 1, 2, 0, 0, 0, 1, 0, 3, 0, 0, 2, 1, 3, 0, 0, 0, 1, 0, 0],884.1935202920454,50350.47642403707,113845.06305296552,false
25,G3_TWC,G3_TWC,[31, 22, 82, 15, 26, 9, 42, 95, 77, 12, 47, 5, 93, 78, 86, 54, 85, 63, 18, 44, 20, 35, 43, 97, 91, 76, 10, 30, 21, 45, 71, 64, 1, 23, 17, 83, 24, 14, 60, 36, 6, 57, 94, 88, 65, 56, 79, 40, 67, 68, 46, 75, 38, 58, 19, 32, 81, 41, 27, 62, 87, 90, 99, 59, 11, 16, 72, 73, 69, 39, 37, 84, 3, 92, 25, 55, 28, 29, 51, 7, 33, 61, 98, 66, 89, 50, 4, 96, 53, 8, 80, 13, 70, 49, 52, 0, 74, 34, 2, 48]|[1, 1, 0, 1, 1, 1, 2, 1, 2, 2, 2, 2, 2, 1, 1, 0, 0, 1, 0, 2, 2, 0, 1, 2, 0, 1, 2, 2, 0, 0, 1, 2, 1, 2, 1, 0, 2, 0, 1, 1, 0, 1, 1, 1, 0, 2, 1, 1, 0, 0, 0, 0, 1, 1, 2, 1, 2, 0, 0, 0, 2, 1, 0, 1, 2, 1, 2, 1, 1, 1, 1, 1, 1, 0, 1, 1, 0, 0, 0, 1, 2, 1, 2, 2, 0, 0, 0, 0, 2, 0, 0, 0, 1, 0, 1, 0, 2, 2, 0, 0]|[4, 3, 2, 2, 0, 0, 2, 2, 2, 1, 1, 1, 2, 4, 4, 1, 2, 4, 2, 1, 1, 1, 1, 2, 1, 2, 1, 1, 1, 1, 3, 2, 3, 0, 4, 0, 1, 1, 0, 3, 2, 2, 4, 0, 1, 1, 0, 2, 0, 1, 2, 2, 1, 4, 0, 3, 2, 1, 1, 2, 1, 3, 1, 1, 1, 3, 0, 4, 3, 1, 4, 1, 1, 2, 4, 4, 2, 1, 1, 3, 1, 3, 1, 1, 2, 1, 2, 1, 0, 1, 1, 2, 3, 1, 1, 2, 1, 1, 2, 2]|[0, 2, 1, 1, 3, 3, 0, 1, 0, 0, 0, 0, 1, 0, 1, 0, 0, 3, 1, 0, 0, 0, 3, 1, 0, 2, 0, 0, 0, 1, 0, 0, 0, 0, 3, 0, 1, 0, 0, 2, 1, 1, 2, 0, 0, 0, 0, 1, 1, 0, 0, 0, 1, 3, 0, 0, 1, 0, 0, 1, 0, 2, 0, 1, 0, 2, 1, 0, 0, 1, 1, 3, 1, 1, 3, 3, 1, 0, 0, 2, 0, 0, 0, 0, 1, 0, 1, 0, 1, 0, 0, 0, 0, 1, 1, 0, 0, 0, 0, 0],799.1002142476597,58766.469869081004,90067.55034105257,false
25,G1_CMAX,G1_CMAX,[31, 22, 82, 15, 26, 9, 42, 77, 12, 5, 47, 93, 78, 86, 54, 6, 63, 18, 44, 20, 35, 43, 97, 91, 76, 10, 30, 21, 45, 17, 23, 1, 71, 83, 24, 14, 60, 36, 85, 57, 40, 95, 88, 65, 56, 79, 94, 67, 68, 46, 75, 38, 58, 19, 32, 81, 41, 62, 87, 28, 90, 59, 11, 16, 72, 73, 69, 52, 37, 64, 84, 3, 25, 29, 55, 51, 7, 98, 61, 66, 99, 33, 89, 48, 50, 96, 53, 80, 4, 8, 27, 2, 39, 13, 0, 92, 49, 74, 34, 70]|[1, 1, 0, 1, 1, 1, 2, 2, 1, 2, 2, 1, 1, 1, 0, 0, 1, 0, 2, 2, 0, 1, 2, 2, 1, 2, 2, 0, 0, 1, 2, 1, 1, 0, 2, 0, 1, 1, 0, 1, 1, 1, 1, 0, 2, 1, 1, 0, 0, 0, 0, 1, 1, 2, 1, 2, 0, 0, 2, 0, 1, 2, 2, 1, 2, 1, 1, 1, 1, 1, 1, 2, 1, 0, 2, 0, 1, 2, 1, 0, 0, 2, 1, 0, 0, 2, 0, 0, 1, 1, 0, 0, 1, 0, 0, 0, 0, 2, 2, 1]|[0, 3, 1, 2, 0, 0, 1, 1, 4, 1, 1, 4, 4, 4, 2, 2, 4, 2, 1, 1, 1, 1, 2, 1, 2, 1, 1, 1, 1, 4, 0, 3, 3, 0, 1, 1, 0, 3, 2, 2, 2, 2, 0, 1, 1, 0, 4, 0, 1, 2, 2, 1, 4, 0, 3, 2, 1, 2, 1, 2, 3, 1, 1, 3, 0, 4, 4, 1, 4, 3, 1, 2, 4, 1, 1, 1, 1, 1, 3, 1, 1, 1, 1, 1, 1, 1, 2, 1, 4, 3, 2, 2, 1, 2, 2, 0, 1, 1, 1, 4]|[1, 1, 1, 1, 3, 3, 0, 0, 0, 0, 0, 2, 0, 1, 0, 0, 3, 1, 0, 0, 0, 3, 1, 0, 2, 0, 0, 0, 1, 3, 0, 0, 0, 0, 1, 0, 0, 2, 1, 1, 1, 1, 0, 0, 0, 0, 2, 1, 0, 0, 0, 1, 3, 0, 0, 1, 0, 1, 0, 1, 2, 0, 0, 2, 1, 0, 2, 1, 1, 0, 3, 1, 3, 0, 0, 0, 2, 0, 0, 0, 0, 0, 1, 0, 0, 0, 1, 0, 0, 2, 1, 0, 1, 0, 0, 1, 1, 0, 0, 2],733.3116759547878,58140.55643565909,96674.14109675489,false
25,G4_BALANCED,G4_BALANCED,[31, 11, 15, 82, 26, 9, 95, 32, 77, 68, 47, 5, 93, 78, 86, 54, 85, 63, 18, 44, 20, 49, 36, 14, 74, 50, 53, 17, 21, 45, 71, 64, 3, 23, 30, 83, 24, 41, 60, 52, 65, 27, 90, 70, 39, 87, 48, 69, 99, 4, 46, 1, 13, 58, 97, 59, 28, 75, 73, 37, 35, 79, 22, 66, 76, 42, 40, 80, 96, 6, 16, 61, 33, 7, 57, 34, 12, 67, 10, 98, 56, 88, 29, 94, 91, 51, 19, 92, 43, 84, 38, 72, 81, 8, 2, 55, 62, 89, 25, 0]|[2, 1, 1, 2, 1, 2, 1, 1, 1, 1, 1, 0, 2, 2, 1, 2, 0, 0, 0, 2, 2, 1, 0, 2, 0, 2, 2, 1, 0, 1, 1, 1, 0, 0, 1, 0, 2, 1, 2, 2, 0, 0, 1, 1, 0, 2, 0, 2, 1, 0, 0, 2, 0, 0, 2, 0, 1, 0, 0, 0, 2, 1, 0, 2, 2, 0, 2, 2, 0, 1, 2, 1, 1, 2, 0, 1, 1, 1, 1, 2, 2, 1, 1, 2, 1, 1, 1, 0, 1, 0, 0, 1, 1, 1, 2, 0, 1, 1, 1, 0]|[1, 3, 2, 0, 4, 1, 4, 4, 2, 4, 3, 2, 1, 0, 2, 1, 1, 1, 2, 1, 1, 3, 0, 1, 0, 1, 1, 4, 1, 4, 3, 2, 2, 0, 4, 1, 1, 4, 0, 1, 2, 1, 4, 4, 1, 1, 0, 2, 3, 1, 2, 1, 2, 1, 1, 2, 4, 2, 0, 2, 2, 3, 1, 0, 1, 2, 0, 1, 2, 4, 1, 3, 4, 1, 2, 4, 3, 3, 3, 1, 1, 4, 3, 1, 3, 3, 4, 2, 4, 2, 2, 4, 1, 3, 1, 2, 3, 4, 4, 2]|[1, 2, 1, 0, 3, 0, 1, 3, 0, 0, 2, 0, 1, 0, 1, 0, 0, 0, 1, 0, 0, 2, 0, 0, 1, 0, 0, 3, 0, 1, 0, 2, 0, 1, 3, 0, 1, 3, 1, 0, 0, 0, 1, 3, 0, 0, 1, 0, 2, 0, 0, 0, 0, 0, 1, 0, 1, 0, 1, 1, 0, 2, 0, 0, 0, 0, 0, 0, 0, 2, 0, 0, 1, 0, 0, 1, 0, 0, 3, 0, 0, 1, 0, 0, 0, 0, 3, 0, 2, 0, 0, 2, 1, 0, 0, 0, 0, 1, 3, 0],836.569815134707,52504.092339752446,107095.57005228325,false
25,G2_TEC,G2_TEC,[31, 22, 82, 15, 26, 9, 95, 42, 77, 68, 47, 5, 93, 78, 86, 54, 85, 63, 18, 44, 20, 49, 36, 14, 74, 50, 53, 17, 21, 28, 11, 64, 3, 23, 30, 83, 24, 41, 40, 52, 65, 27, 90, 70, 39, 87, 48, 69, 99, 4, 46, 1, 13, 58, 97, 59, 45, 8, 73, 37, 35, 79, 71, 66, 76, 32, 60, 80, 96, 6, 16, 61, 33, 7, 57, 34, 12, 67, 10, 98, 56, 88, 43, 75, 91, 38, 19, 92, 29, 84, 51, 72, 81, 25, 2, 55, 94, 89, 62, 0]|[2, 1, 2, 1, 1, 2, 1, 1, 1, 1, 1, 0, 2, 2, 1, 2, 0, 0, 0, 2, 2, 1, 0, 2, 0, 2, 2, 1, 0, 1, 1, 1, 0, 0, 1, 0, 2, 1, 2, 2, 0, 0, 1, 1, 0, 2, 0, 2, 1, 0, 0, 2, 0, 0, 2, 0, 1, 1, 0, 0, 2, 1, 1, 2, 2, 0, 2, 2, 0, 1, 2, 1, 1, 2, 0, 1, 1, 1, 1, 2, 2, 1, 1, 0, 1, 0, 1, 0, 1, 0, 1, 1, 1, 1, 2, 0, 2, 1, 1, 0]|[0, 3, 0, 3, 4, 1, 4, 4, 2, 4, 3, 2, 1, 0, 2, 1, 1, 1, 2, 1, 1, 3, 0, 1, 0, 1, 1, 4, 1, 4, 3, 2, 2, 0, 4, 1, 1, 4, 0, 1, 2, 1, 4, 4, 1, 1, 0, 2, 3, 2, 2, 1, 2, 1, 1, 2, 4, 3, 0, 2, 2, 3, 3, 0, 1, 2, 0, 1, 2, 4, 1, 3, 4, 1, 2, 4, 3, 3, 3, 1, 1, 4, 4, 2, 3, 2, 4, 2, 3, 2, 3, 4, 4, 4, 1, 2, 1, 4, 3, 2]|[0, 2, 0, 0, 3, 0, 1, 3, 0, 0, 2, 0, 1, 0, 1, 0, 0, 0, 1, 0, 0, 2, 0, 0, 1, 0, 0, 3, 0, 1, 0, 2, 0, 0, 3, 0, 1, 3, 0, 0, 0, 0, 1, 3, 0, 0, 1, 0, 2, 0, 0, 0, 0, 0, 1, 0, 1, 0, 1, 1, 0, 2, 0, 0, 0, 0, 0, 0, 0, 2, 0, 0, 1, 0, 0, 1, 0, 0, 3, 0, 0, 1, 2, 0, 0, 0, 1, 0, 3, 0, 0, 2, 1, 3, 0, 0, 0, 1, 0, 0],884.1935202920454,50350.47642403707,113845.06305296552,false
25,G3_TWC,G3_TWC,[31, 22, 82, 15, 26, 9, 42, 95, 77, 12, 47, 5, 93, 78, 86, 54, 85, 63, 18, 44, 20, 35, 43, 97, 91, 76, 10, 30, 21, 45, 71, 64, 1, 23, 17, 83, 24, 14, 60, 36, 6, 57, 94, 88, 65, 56, 79, 40, 67, 68, 46, 75, 38, 58, 19, 32, 81, 41, 27, 62, 87, 90, 99, 59, 11, 16, 72, 73, 69, 39, 37, 84, 3, 92, 25, 55, 28, 29, 51, 7, 33, 61, 98, 66, 89, 50, 4, 96, 53, 8, 80, 13, 70, 49, 52, 0, 74, 34, 2, 48]|[1, 1, 0, 1, 1, 1, 2, 1, 2, 2, 2, 2, 2, 1, 1, 0, 0, 1, 0, 2, 2, 0, 1, 2, 0, 1, 2, 2, 0, 0, 1, 2, 1, 2, 1, 0, 2, 0, 1, 1, 0, 1, 1, 1, 0, 2, 1, 1, 0, 0, 0, 0, 1, 1, 2, 1, 2, 0, 0, 0, 2, 1, 0, 1, 2, 1, 2, 1, 1, 1, 1, 1, 1, 0, 1, 1, 0, 0, 0, 1, 2, 1, 2, 2, 0, 0, 0, 0, 2, 0, 0, 0, 1, 0, 1, 0, 2, 2, 0, 0]|[4, 3, 2, 2, 0, 0, 2, 2, 2, 1, 1, 1, 2, 4, 4, 1, 2, 4, 2, 1, 1, 1, 1, 2, 1, 2, 1, 1, 1, 1, 3, 2, 3, 0, 4, 0, 1, 1, 0, 3, 2, 2, 4, 0, 1, 1, 0, 2, 0, 1, 2, 2, 1, 4, 0, 3, 2, 1, 1, 2, 1, 3, 1, 1, 1, 3, 0, 4, 3, 1, 4, 1, 1, 2, 4, 4, 2, 1, 1, 3, 1, 3, 1, 1, 2, 1, 2, 1, 0, 1, 1, 2, 3, 1, 1, 2, 1, 1, 2, 2]|[0, 2, 1, 1, 3, 3, 0, 1, 0, 0, 0, 0, 1, 0, 1, 0, 0, 3, 1, 0, 0, 0, 3, 1, 0, 2, 0, 0, 0, 1, 0, 0, 0, 0, 3, 0, 1, 0, 0, 2, 1, 1, 2, 0, 0, 0, 0, 1, 1, 0, 0, 0, 1, 3, 0, 0, 1, 0, 0, 1, 0, 2, 0, 1, 0, 2, 1, 0, 0, 1, 1, 3, 1, 1, 3, 3, 1, 0, 0, 2, 0, 0, 0, 0, 1, 0, 1, 0, 1, 0, 0, 0, 0, 1, 1, 0, 0, 0, 0, 0],799.1002142476597,58766.469869081004,90067.55034105257,false
25,G1_CMAX,G1_CMAX,[31, 22, 82, 15, 26, 9, 42, 77, 12, 5, 47, 93, 78, 86, 54, 6, 63, 18, 44, 20, 35, 43, 97, 91, 76, 10, 30, 21, 45, 17, 23, 1, 71, 83, 24, 14, 60, 36, 85, 57, 40, 95, 88, 65, 56, 79, 94, 67, 68, 46, 75, 38, 58, 19, 32, 81, 41, 62, 87, 28, 90, 59, 11, 16, 72, 73, 69, 52, 37, 64, 84, 3, 25, 29, 55, 51, 7, 98, 61, 66, 99, 33, 89, 48, 50, 96, 53, 80, 4, 8, 27, 2, 39, 13, 0, 92, 49, 74, 34, 70]|[1, 1, 0, 1, 1, 1, 2, 2, 1, 2, 2, 1, 1, 1, 0, 0, 1, 0, 2, 2, 0, 1, 2, 2, 1, 2, 2, 0, 0, 1, 2, 1, 1, 0, 2, 0, 1, 1, 0, 1, 1, 1, 1, 0, 2, 1, 1, 0, 0, 0, 0, 1, 1, 2, 1, 2, 0, 0, 2, 0, 1, 2, 2, 1, 2, 1, 1, 1, 1, 1, 1, 2, 1, 0, 2, 0, 1, 2, 1, 0, 0, 2, 1, 0, 0, 2, 0, 0, 1, 1, 0, 0, 1, 0, 0, 0, 0, 2, 2, 1]|[0, 3, 1, 2, 0, 0, 1, 1, 4, 1, 1, 4, 4, 4, 2, 2, 4, 2, 1, 1, 1, 1, 2, 1, 2, 1, 1, 1, 1, 4, 0, 3, 3, 0, 1, 1, 0, 3, 2, 2, 2, 2, 0, 1, 1, 0, 4, 0, 1, 2, 2, 1, 4, 0, 3, 2, 1, 2, 1, 2, 3, 1, 1, 3, 0, 4, 4, 1, 4, 3, 1, 2, 4, 1, 1, 1, 1, 1, 3, 1, 1, 1, 1, 1, 1, 1, 2, 1, 4, 3, 2, 2, 1, 2, 2, 0, 1, 1, 1, 4]|[1, 1, 1, 1, 3, 3, 0, 0, 0, 0, 0, 2, 0, 1, 0, 0, 3, 1, 0, 0, 0, 3, 1, 0, 2, 0, 0, 0, 1, 3, 0, 0, 0, 0, 1, 0, 0, 2, 1, 1, 1, 1, 0, 0, 0, 0, 2, 1, 0, 0, 0, 1, 3, 0, 0, 1, 0, 1, 0, 1, 2, 0, 0, 2, 1, 0, 2, 1, 1, 0, 3, 1, 3, 0, 0, 0, 2, 0, 0, 0, 0, 0, 1, 0, 0, 0, 1, 0, 0, 2, 1, 0, 1, 0, 0, 1, 1, 0, 0, 2],733.3116759547878,58140.55643565909,96674.14109675489,false
25,G4_BALANCED,G4_BALANCED,[31, 11, 15, 82, 26, 9, 95, 32, 77, 68, 47, 5, 93, 78, 86, 54, 85, 63, 18, 44, 20, 49, 36, 14, 74, 50, 53, 17, 21, 45, 71, 64, 3, 23, 30, 83, 24, 41, 60, 52, 65, 27, 90, 70, 39, 87, 48, 69, 99, 4, 46, 1, 13, 58, 97, 59, 28, 75, 73, 37, 35, 79, 22, 66, 76, 42, 40, 80, 96, 6, 16, 61, 33, 7, 57, 34, 12, 67, 10, 98, 56, 88, 29, 94, 91, 51, 19, 92, 43, 84, 38, 72, 81, 8, 2, 55, 62, 89, 25, 0]|[2, 1, 1, 2, 1, 2, 1, 1, 1, 1, 1, 0, 2, 2, 1, 2, 0, 0, 0, 2, 2, 1, 0, 2, 0, 2, 2, 1, 0, 1, 1, 1, 0, 0, 1, 0, 2, 1, 2, 2, 0, 0, 1, 1, 0, 2, 0, 2, 1, 0, 0, 2, 0, 0, 2, 0, 1, 0, 0, 0, 2, 1, 0, 2, 2, 0, 2, 2, 0, 1, 2, 1, 1, 2, 0, 1, 1, 1, 1, 2, 2, 1, 1, 2, 1, 1, 1, 0, 1, 0, 0, 1, 1, 1, 2, 0, 1, 1, 1, 0]|[1, 3, 2, 0, 4, 1, 4, 4, 2, 4, 3, 2, 1, 0, 2, 1, 1, 1, 2, 1, 1, 3, 0, 1, 0, 1, 1, 4, 1, 4, 3, 2, 2, 0, 4, 1, 1, 4, 0, 1, 2, 1, 4, 4, 1, 1, 0, 2, 3, 1, 2, 1, 2, 1, 1, 2, 4, 2, 0, 2, 2, 3, 1, 0, 1, 2, 0, 1, 2, 4, 1, 3, 4, 1, 2, 4, 3, 3, 3, 1, 1, 4, 3, 1, 3, 3, 4, 2, 4, 2, 2, 4, 1, 3, 1, 2, 3, 4, 4, 2]|[1, 2, 1, 0, 3, 0, 1, 3, 0, 0, 2, 0, 1, 0, 1, 0, 0, 0, 1, 0, 0, 2, 0, 0, 1, 0, 0, 3, 0, 1, 0, 2, 0, 1, 3, 0, 1, 3, 1, 0, 0, 0, 1, 3, 0, 0, 1, 0, 2, 0, 0, 0, 0, 0, 1, 0, 1, 0, 1, 1, 0, 2, 0, 0, 0, 0, 0, 0, 0, 2, 0, 0, 1, 0, 0, 1, 0, 0, 3, 0, 0, 1, 0, 0, 0, 0, 3, 0, 2, 0, 0, 2, 1, 0, 0, 0, 0, 1, 3, 0],836.569815134707,52504.092339752446,107095.57005228325,false
25,G2_TEC,G2_TEC,[31, 22, 82, 15, 26, 9, 95, 42, 77, 68, 47, 5, 93, 78, 86, 54, 85, 63, 18, 44, 20, 49, 36, 14, 74, 50, 53, 17, 21, 28, 11, 64, 3, 23, 30, 83, 24, 41, 40, 52, 65, 27, 90, 70, 39, 87, 48, 69, 99, 4, 46, 1, 13, 58, 97, 59, 45, 8, 73, 37, 35, 79, 71, 66, 76, 32, 60, 80, 96, 6, 16, 61, 33, 7, 57, 34, 12, 67, 10, 98, 56, 88, 43, 75, 91, 38, 19, 92, 29, 84, 51, 72, 81, 25, 2, 55, 94, 89, 62, 0]|[2, 1, 2, 1, 1, 2, 1, 1, 1, 1, 1, 0, 2, 2, 1, 2, 0, 0, 0, 2, 2, 1, 0, 2, 0, 2, 2, 1, 0, 1, 1, 1, 0, 0, 1, 0, 2, 1, 2, 2, 0, 0, 1, 1, 0, 2, 0, 2, 1, 0, 0, 2, 0, 0, 2, 0, 1, 1, 0, 0, 2, 1, 1, 2, 2, 0, 2, 2, 0, 1, 2, 1, 1, 2, 0, 1, 1, 1, 1, 2, 2, 1, 1, 0, 1, 0, 1, 0, 1, 0, 1, 1, 1, 1, 2, 0, 2, 1, 1, 0]|[0, 3, 0, 3, 4, 1, 4, 4, 2, 4, 3, 2, 1, 0, 2, 1, 1, 1, 2, 1, 1, 3, 0, 1, 0, 1, 1, 4, 1, 4, 3, 2, 2, 0, 4, 1, 1, 4, 0, 1, 2, 1, 4, 4, 1, 1, 0, 2, 3, 2, 2, 1, 2, 1, 1, 2, 4, 3, 0, 2, 2, 3, 3, 0, 1, 2, 0, 1, 2, 4, 1, 3, 4, 1, 2, 4, 3, 3, 3, 1, 1, 4, 4, 2, 3, 2, 4, 2, 3, 2, 3, 4, 4, 4, 1, 2, 1, 4, 3, 2]|[0, 2, 0, 0, 3, 0, 1, 3, 0, 0, 2, 0, 1, 0, 1, 0, 0, 0, 1, 0, 0, 2, 0, 0, 1, 0, 0, 3, 0, 1, 0, 2, 0, 0, 3, 0, 1, 3, 0, 0, 0, 0, 1, 3, 0, 0, 1, 0, 2, 0, 0, 0, 0, 0, 1, 0, 1, 0, 1, 1, 0, 2, 0, 0, 0, 0, 0, 0, 0, 2, 0, 0, 1, 0, 0, 1, 0, 0, 3, 0, 0, 1, 2, 0, 0, 0, 1, 0, 3, 0, 0, 2, 1, 3, 0, 0, 0, 1, 0, 0],884.1935202920454,50350.47642403707,113845.06305296552,false
25,G3_TWC,G3_TWC,[31, 22, 82, 15, 26, 9, 42, 95, 77, 12, 47, 5, 93, 78, 86, 54, 85, 63, 18, 44, 20, 35, 43, 97, 91, 76, 10, 30, 21, 45, 71, 64, 1, 23, 17, 83, 24, 14, 60, 36, 6, 57, 94, 88, 65, 56, 79, 40, 67, 68, 46, 75, 38, 58, 19, 32, 81, 41, 27, 62, 87, 90, 99, 59, 11, 16, 72, 73, 69, 39, 37, 84, 3, 92, 25, 55, 28, 29, 51, 7, 33, 61, 98, 66, 89, 50, 4, 96, 53, 8, 80, 13, 70, 49, 52, 0, 74, 34, 2, 48]|[1, 1, 0, 1, 1, 1, 2, 1, 2, 2, 2, 2, 2, 1, 1, 0, 0, 1, 0, 2, 2, 0, 1, 2, 0, 1, 2, 2, 0, 0, 1, 2, 1, 2, 1, 0, 2, 0, 1, 1, 0, 1, 1, 1, 0, 2, 1, 1, 0, 0, 0, 0, 1, 1, 2, 1, 2, 0, 0, 0, 2, 1, 0, 1, 2, 1, 2, 1, 1, 1, 1, 1, 1, 0, 1, 1, 0, 0, 0, 1, 2, 1, 2, 2, 0, 0, 0, 0, 2, 0, 0, 0, 1, 0, 1, 0, 2, 2, 0, 0]|[4, 3, 2, 2, 0, 0, 2, 2, 2, 1, 1, 1, 2, 4, 4, 1, 2, 4, 2, 1, 1, 1, 1, 2, 1, 2, 1, 1, 1, 1, 3, 2, 3, 0, 4, 0, 1, 1, 0, 3, 2, 2, 4, 0, 1, 1, 0, 2, 0, 1, 2, 2, 1, 4, 0, 3, 2, 1, 1, 2, 1, 3, 1, 1, 1, 3, 0, 4, 3, 1, 4, 1, 1, 2, 4, 4, 2, 1, 1, 3, 1, 3, 1, 1, 2, 1, 2, 1, 0, 1, 1, 2, 3, 1, 1, 2, 1, 1, 2, 2]|[0, 2, 1, 1, 3, 3, 0, 1, 0, 0, 0, 0, 1, 0, 1, 0, 0, 3, 1, 0, 0, 0, 3, 1, 0, 2, 0, 0, 0, 1, 0, 0, 0, 0, 3, 0, 1, 0, 0, 2, 1, 1, 2, 0, 0, 0, 0, 1, 1, 0, 0, 0, 1, 3, 0, 0, 1, 0, 0, 1, 0, 2, 0, 1, 0, 2, 1, 0, 0, 1, 1, 3, 1, 1, 3, 3, 1, 0, 0, 2, 0, 0, 0, 0, 1, 0, 1, 0, 1, 0, 0, 0, 0, 1, 1, 0, 0, 0, 0, 0],799.1002142476597,58766.469869081004,90067.55034105257,false
25,G1_CMAX,G1_CMAX,[31, 22, 82, 15, 26, 9, 42, 77, 12, 5, 47, 93, 78, 86, 54, 6, 63, 18, 44, 20, 35, 43, 97, 91, 76, 10, 30, 21, 45, 17, 23, 1, 71, 83, 24, 14, 60, 36, 85, 57, 40, 95, 88, 65, 56, 79, 94, 67, 68, 46, 75, 38, 58, 19, 32, 81, 41, 62, 87, 28, 90, 59, 11, 16, 72, 73, 69, 52, 37, 64, 84, 3, 25, 29, 55, 51, 7, 98, 61, 66, 99, 33, 89, 48, 50, 96, 53, 80, 4, 8, 27, 2, 39, 13, 0, 92, 49, 74, 34, 70]|[1, 1, 0, 1, 1, 1, 2, 2, 1, 2, 2, 1, 1, 1, 0, 0, 1, 0, 2, 2, 0, 1, 2, 2, 1, 2, 2, 0, 0, 1, 2, 1, 1, 0, 2, 0, 1, 1, 0, 1, 1, 1, 1, 0, 2, 1, 1, 0, 0, 0, 0, 1, 1, 2, 1, 2, 0, 0, 2, 0, 1, 2, 2, 1, 2, 1, 1, 1, 1, 1, 1, 2, 1, 0, 2, 0, 1, 2, 1, 0, 0, 2, 1, 0, 0, 2, 0, 0, 1, 1, 0, 0, 1, 0, 0, 0, 0, 2, 2, 1]|[0, 3, 1, 2, 0, 0, 1, 1, 4, 1, 1, 4, 4, 4, 2, 2, 4, 2, 1, 1, 1, 1, 2, 1, 2, 1, 1, 1, 1, 4, 0, 3, 3, 0, 1, 1, 0, 3, 2, 2, 2, 2, 0, 1, 1, 0, 4, 0, 1, 2, 2, 1, 4, 0, 3, 2, 1, 2, 1, 2, 3, 1, 1, 3, 0, 4, 4, 1, 4, 3, 1, 2, 4, 1, 1, 1, 1, 1, 3, 1, 1, 1, 1, 1, 1, 1, 2, 1, 4, 3, 2, 2, 1, 2, 2, 0, 1, 1, 1, 4]|[1, 1, 1, 1, 3, 3, 0, 0, 0, 0, 0, 2, 0, 1, 0, 0, 3, 1, 0, 0, 0, 3, 1, 0, 2, 0, 0, 0, 1, 3, 0, 0, 0, 0, 1, 0, 0, 2, 1, 1, 1, 1, 0, 0, 0, 0, 2, 1, 0, 0, 0, 1, 3, 0, 0, 1, 0, 1, 0, 1, 2, 0, 0, 2, 1, 0, 2, 1, 1, 0, 3, 1, 3, 0, 0, 0, 2, 0, 0, 0, 0, 0, 1, 0, 0, 0, 1, 0, 0, 2, 1, 0, 1, 0, 0, 1, 1, 0, 0, 2],733.3116759547878,58140.55643565909,96674.14109675489,false
25,G4_BALANCED,G4_BALANCED,[31, 11, 15, 82, 26, 9, 95, 32, 77, 68, 47, 5, 93, 78, 86, 54, 85, 63, 18, 44, 20, 49, 36, 14, 74, 50, 53, 17, 21, 45, 71, 64, 3, 23, 30, 83, 24, 41, 60, 52, 65, 27, 90, 70, 39, 87, 48, 69, 99, 4, 46, 1, 13, 58, 97, 59, 28, 75, 73, 37, 35, 79, 22, 66, 76, 42, 40, 80, 96, 6, 16, 61, 33, 7, 57, 34, 12, 67, 10, 98, 56, 88, 29, 94, 91, 51, 19, 92, 43, 84, 38, 72, 81, 8, 2, 55, 62, 89, 25, 0]|[2, 1, 1, 2, 1, 2, 1, 1, 1, 1, 1, 0, 2, 2, 1, 2, 0, 0, 0, 2, 2, 1, 0, 2, 0, 2, 2, 1, 0, 1, 1, 1, 0, 0, 1, 0, 2, 1, 2, 2, 0, 0, 1, 1, 0, 2, 0, 2, 1, 0, 0, 2, 0, 0, 2, 0, 1, 0, 0, 0, 2, 1, 0, 2, 2, 0, 2, 2, 0, 1, 2, 1, 1, 2, 0, 1, 1, 1, 1, 2, 2, 1, 1, 2, 1, 1, 1, 0, 1, 0, 0, 1, 1, 1, 2, 0, 1, 1, 1, 0]|[1, 3, 2, 0, 4, 1, 4, 4, 2, 4, 3, 2, 1, 0, 2, 1, 1, 1, 2, 1, 1, 3, 0, 1, 0, 1, 1, 4, 1, 4, 3, 2, 2, 0, 4, 1, 1, 4, 0, 1, 2, 1, 4, 4, 1, 1, 0, 2, 3, 1, 2, 1, 2, 1, 1, 2, 4, 2, 0, 2, 2, 3, 1, 0, 1, 2, 0, 1, 2, 4, 1, 3, 4, 1, 2, 4, 3, 3, 3, 1, 1, 4, 3, 1, 3, 3, 4, 2, 4, 2, 2, 4, 1, 3, 1, 2, 3, 4, 4, 2]|[1, 2, 1, 0, 3, 0, 1, 3, 0, 0, 2, 0, 1, 0, 1, 0, 0, 0, 1, 0, 0, 2, 0, 0, 1, 0, 0, 3, 0, 1, 0, 2, 0, 1, 3, 0, 1, 3, 1, 0, 0, 0, 1, 3, 0, 0, 1, 0, 2, 0, 0, 0, 0, 0, 1, 0, 1, 0, 1, 1, 0, 2, 0, 0, 0, 0, 0, 0, 0, 2, 0, 0, 1, 0, 0, 1, 0, 0, 3, 0, 0, 1, 0, 0, 0, 0, 3, 0, 2, 0, 0, 2, 1, 0, 0, 0, 0, 1, 3, 0],836.569815134707,52504.092339752446,107095.57005228325,false
25,G2_TEC,G2_TEC,[31, 22, 82, 15, 26, 9, 95, 42, 77, 68, 47, 5, 93, 78, 86, 54, 85, 63, 18, 44, 20, 49, 36, 14, 74, 50, 53, 17, 21, 28, 11, 64, 3, 23, 30, 83, 24, 41, 40, 52, 65, 27, 90, 70, 39, 87, 48, 69, 99, 4, 46, 1, 13, 58, 97, 59, 45, 8, 73, 37, 35, 79, 71, 66, 76, 32, 60, 80, 96, 6, 16, 61, 33, 7, 57, 34, 12, 67, 10, 98, 56, 88, 43, 75, 91, 38, 19, 92, 29, 84, 51, 72, 81, 25, 2, 55, 94, 89, 62, 0]|[2, 1, 2, 1, 1, 2, 1, 1, 1, 1, 1, 0, 2, 2, 1, 2, 0, 0, 0, 2, 2, 1, 0, 2, 0, 2, 2, 1, 0, 1, 1, 1, 0, 0, 1, 0, 2, 1, 2, 2, 0, 0, 1, 1, 0, 2, 0, 2, 1, 0, 0, 2, 0, 0, 2, 0, 1, 1, 0, 0, 2, 1, 1, 2, 2, 0, 2, 2, 0, 1, 2, 1, 1, 2, 0, 1, 1, 1, 1, 2, 2, 1, 1, 0, 1, 0, 1, 0, 1, 0, 1, 1, 1, 1, 2, 0, 2, 1, 1, 0]|[0, 3, 0, 3, 4, 1, 4, 4, 2, 4, 3, 2, 1, 0, 2, 1, 1, 1, 2, 1, 1, 3, 0, 1, 0, 1, 1, 4, 1, 4, 3, 2, 2, 0, 4, 1, 1, 4, 0, 1, 2, 1, 4, 4, 1, 1, 0, 2, 3, 2, 2, 1, 2, 1, 1, 2, 4, 3, 0, 2, 2, 3, 3, 0, 1, 2, 0, 1, 2, 4, 1, 3, 4, 1, 2, 4, 3, 3, 3, 1, 1, 4, 4, 2, 3, 2, 4, 2, 3, 2, 3, 4, 4, 4, 1, 2, 1, 4, 3, 2]|[0, 2, 0, 0, 3, 0, 1, 3, 0, 0, 2, 0, 1, 0, 1, 0, 0, 0, 1, 0, 0, 2, 0, 0, 1, 0, 0, 3, 0, 1, 0, 2, 0, 0, 3, 0, 1, 3, 0, 0, 0, 0, 1, 3, 0, 0, 1, 0, 2, 0, 0, 0, 0, 0, 1, 0, 1, 0, 1, 1, 0, 2, 0, 0, 0, 0, 0, 0, 0, 2, 0, 0, 1, 0, 0, 1, 0, 0, 3, 0, 0, 1, 2, 0, 0, 0, 1, 0, 3, 0, 0, 2, 1, 3, 0, 0, 0, 1, 0, 0],884.1935202920454,50350.47642403707,113845.06305296552,false
25,G3_TWC,G3_TWC,[31, 22, 82, 15, 26, 9, 42, 95, 77, 12, 47, 5, 93, 78, 86, 54, 85, 63, 18, 44, 20, 35, 43, 97, 91, 76, 10, 30, 21, 45, 71, 64, 1, 23, 17, 83, 24, 14, 60, 36, 6, 57, 94, 88, 65, 56, 79, 40, 67, 68, 46, 75, 38, 58, 19, 32, 81, 41, 27, 62, 87, 90, 99, 59, 11, 16, 72, 73, 69, 39, 37, 84, 3, 92, 25, 55, 28, 29, 51, 7, 33, 61, 98, 66, 89, 50, 4, 96, 53, 8, 80, 13, 70, 49, 52, 0, 74, 34, 2, 48]|[1, 1, 0, 1, 1, 1, 2, 1, 2, 2, 2, 2, 2, 1, 1, 0, 0, 1, 0, 2, 2, 0, 1, 2, 0, 1, 2, 2, 0, 0, 1, 2, 1, 2, 1, 0, 2, 0, 1, 1, 0, 1, 1, 1, 0, 2, 1, 1, 0, 0, 0, 0, 1, 1, 2, 1, 2, 0, 0, 0, 2, 1, 0, 1, 2, 1, 2, 1, 1, 1, 1, 1, 1, 0, 1, 1, 0, 0, 0, 1, 2, 1, 2, 2, 0, 0, 0, 0, 2, 0, 0, 0, 1, 0, 1, 0, 2, 2, 0, 0]|[4, 3, 2, 2, 0, 0, 2, 2, 2, 1, 1, 1, 2, 4, 4, 1, 2, 4, 2, 1, 1, 1, 1, 2, 1, 2, 1, 1, 1, 1, 3, 2, 3, 0, 4, 0, 1, 1, 0, 3, 2, 2, 4, 0, 1, 1, 0, 2, 0, 1, 2, 2, 1, 4, 0, 3, 2, 1, 1, 2, 1, 3, 1, 1, 1, 3, 0, 4, 3, 1, 4, 1, 1, 2, 4, 4, 2, 1, 1, 3, 1, 3, 1, 1, 2, 1, 2, 1, 0, 1, 1, 2, 3, 1, 1, 2, 1, 1, 2, 2]|[0, 2, 1, 1, 3, 3, 0, 1, 0, 0, 0, 0, 1, 0, 1, 0, 0, 3, 1, 0, 0, 0, 3, 1, 0, 2, 0, 0, 0, 1, 0, 0, 0, 0, 3, 0, 1, 0, 0, 2, 1, 1, 2, 0, 0, 0, 0, 1, 1, 0, 0, 0, 1, 3, 0, 0, 1, 0, 0, 1, 0, 2, 0, 1, 0, 2, 1, 0, 0, 1, 1, 3, 1, 1, 3, 3, 1, 0, 0, 2, 0, 0, 0, 0, 1, 0, 1, 0, 1, 0, 0, 0, 0, 1, 1, 0, 0, 0, 0, 0],799.1002142476597,58766.469869081004,90067.55034105257,false
25,G1_CMAX,G1_CMAX,[31, 22, 82, 15, 26, 9, 42, 77, 12, 5, 47, 93, 78, 86, 54, 6, 63, 18, 44, 20, 35, 43, 97, 91, 76, 10, 30, 21, 45, 17, 23, 1, 71, 83, 24, 14, 60, 36, 85, 57, 40, 95, 88, 65, 56, 79, 94, 67, 68, 46, 75, 38, 58, 19, 32, 81, 41, 62, 87, 28, 90, 59, 11, 16, 72, 73, 69, 52, 37, 64, 84, 3, 25, 29, 55, 51, 7, 98, 61, 66, 99, 33, 89, 48, 50, 96, 53, 80, 4, 8, 27, 2, 39, 13, 0, 92, 49, 74, 34, 70]|[1, 1, 0, 1, 1, 1, 2, 2, 1, 2, 2, 1, 1, 1, 0, 0, 1, 0, 2, 2, 0, 1, 2, 2, 1, 2, 2, 0, 0, 1, 2, 1, 1, 0, 2, 0, 1, 1, 0, 1, 1, 1, 1, 0, 2, 1, 1, 0, 0, 0, 0, 1, 1, 2, 1, 2, 0, 0, 2, 0, 1, 2, 2, 1, 2, 1, 1, 1, 1, 1, 1, 2, 1, 0, 2, 0, 1, 2, 1, 0, 0, 2, 1, 0, 0, 2, 0, 0, 1, 1, 0, 0, 1, 0, 0, 0, 0, 2, 2, 1]|[0, 3, 1, 2, 0, 0, 1, 1, 4, 1, 1, 4, 4, 4, 2, 2, 4, 2, 1, 1, 1, 1, 2, 1, 2, 1, 1, 1, 1, 4, 0, 3, 3, 0, 1, 1, 0, 3, 2, 2, 2, 2, 0, 1, 1, 0, 4, 0, 1, 2, 2, 1, 4, 0, 3, 2, 1, 2, 1, 2, 3, 1, 1, 3, 0, 4, 4, 1, 4, 3, 1, 2, 4, 1, 1, 1, 1, 1, 3, 1, 1, 1, 1, 1, 1, 1, 2, 1, 4, 3, 2, 2, 1, 2, 2, 0, 1, 1, 1, 4]|[1, 1, 1, 1, 3, 3, 0, 0, 0, 0, 0, 2, 0, 1, 0, 0, 3, 1, 0, 0, 0, 3, 1, 0, 2, 0, 0, 0, 1, 3, 0, 0, 0, 0, 1, 0, 0, 2, 1, 1, 1, 1, 0, 0, 0, 0, 2, 1, 0, 0, 0, 1, 3, 0, 0, 1, 0, 1, 0, 1, 2, 0, 0, 2, 1, 0, 2, 1, 1, 0, 3, 1, 3, 0, 0, 0, 2, 0, 0, 0, 0, 0, 1, 0, 0, 0, 1, 0, 0, 2, 1, 0, 1, 0, 0, 1, 1, 0, 0, 2],733.3116759547878,58140.55643565909,96674.14109675489,false
25,G4_BALANCED,G4_BALANCED,[31, 11, 15, 82, 26, 9, 95, 32, 77, 68, 47, 5, 93, 78, 86, 54, 85, 63, 18, 44, 20, 49, 36, 14, 74, 50, 53, 17, 21, 45, 71, 64, 3, 23, 30, 83, 24, 41, 60, 52, 65, 27, 90, 70, 39, 87, 48, 69, 99, 4, 46, 1, 13, 58, 97, 59, 28, 75, 73, 37, 35, 79, 22, 66, 76, 42, 40, 80, 96, 6, 16, 61, 33, 7, 57, 34, 12, 67, 10, 98, 56, 88, 29, 94, 91, 51, 19, 92, 43, 84, 38, 72, 81, 8, 2, 55, 62, 89, 25, 0]|[2, 1, 1, 2, 1, 2, 1, 1, 1, 1, 1, 0, 2, 2, 1, 2, 0, 0, 0, 2, 2, 1, 0, 2, 0, 2, 2, 1, 0, 1, 1, 1, 0, 0, 1, 0, 2, 1, 2, 2, 0, 0, 1, 1, 0, 2, 0, 2, 1, 0, 0, 2, 0, 0, 2, 0, 1, 0, 0, 0, 2, 1, 0, 2, 2, 0, 2, 2, 0, 1, 2, 1, 1, 2, 0, 1, 1, 1, 1, 2, 2, 1, 1, 2, 1, 1, 1, 0, 1, 0, 0, 1, 1, 1, 2, 0, 1, 1, 1, 0]|[1, 3, 2, 0, 4, 1, 4, 4, 2, 4, 3, 2, 1, 0, 2, 1, 1, 1, 2, 1, 1, 3, 0, 1, 0, 1, 1, 4, 1, 4, 3, 2, 2, 0, 4, 1, 1, 4, 0, 1, 2, 1, 4, 4, 1, 1, 0, 2, 3, 1, 2, 1, 2, 1, 1, 2, 4, 2, 0, 2, 2, 3, 1, 0, 1, 2, 0, 1, 2, 4, 1, 3, 4, 1, 2, 4, 3, 3, 3, 1, 1, 4, 3, 1, 3, 3, 4, 2, 4, 2, 2, 4, 1, 3, 1, 2, 3, 4, 4, 2]|[1, 2, 1, 0, 3, 0, 1, 3, 0, 0, 2, 0, 1, 0, 1, 0, 0, 0, 1, 0, 0, 2, 0, 0, 1, 0, 0, 3, 0, 1, 0, 2, 0, 1, 3, 0, 1, 3, 1, 0, 0, 0, 1, 3, 0, 0, 1, 0, 2, 0, 0, 0, 0, 0, 1, 0, 1, 0, 1, 1, 0, 2, 0, 0, 0, 0, 0, 0, 0, 2, 0, 0, 1, 0, 0, 1, 0, 0, 3, 0, 0, 1, 0, 0, 0, 0, 3, 0, 2, 0, 0, 2, 1, 0, 0, 0, 0, 1, 3, 0],836.569815134707,52504.092339752446,107095.57005228325,false
25,G2_TEC,G2_TEC,[31, 22, 82, 15, 26, 9, 95, 42, 77, 68, 47, 5, 93, 78, 86, 54, 85, 63, 18, 44, 20, 49, 36, 14, 74, 50, 53, 17, 21, 28, 11, 64, 3, 23, 30, 83, 24, 41, 40, 52, 65, 27, 90, 70, 39, 87, 48, 69, 99, 4, 46, 1, 13, 58, 97, 59, 45, 8, 73, 37, 35, 79, 71, 66, 76, 32, 60, 80, 96, 6, 16, 61, 33, 7, 57, 34, 12, 67, 10, 98, 56, 88, 43, 75, 91, 38, 19, 92, 29, 84, 51, 72, 81, 25, 2, 55, 94, 89, 62, 0]|[2, 1, 2, 1, 1, 2, 1, 1, 1, 1, 1, 0, 2, 2, 1, 2, 0, 0, 0, 2, 2, 1, 0, 2, 0, 2, 2, 1, 0, 1, 1, 1, 0, 0, 1, 0, 2, 1, 2, 2, 0, 0, 1, 1, 0, 2, 0, 2, 1, 0, 0, 2, 0, 0, 2, 0, 1, 1, 0, 0, 2, 1, 1, 2, 2, 0, 2, 2, 0, 1, 2, 1, 1, 2, 0, 1, 1, 1, 1, 2, 2, 1, 1, 0, 1, 0, 1, 0, 1, 0, 1, 1, 1, 1, 2, 0, 2, 1, 1, 0]|[0, 3, 0, 3, 4, 1, 4, 4, 2, 4, 3, 2, 1, 0, 2, 1, 1, 1, 2, 1, 1, 3, 0, 1, 0, 1, 1, 4, 1, 4, 3, 2, 2, 0, 4, 1, 1, 4, 0, 1, 2, 1, 4, 4, 1, 1, 0, 2, 3, 2, 2, 1, 2, 1, 1, 2, 4, 3, 0, 2, 2, 3, 3, 0, 1, 2, 0, 1, 2, 4, 1, 3, 4, 1, 2, 4, 3, 3, 3, 1, 1, 4, 4, 2, 3, 2, 4, 2, 3, 2, 3, 4, 4, 4, 1, 2, 1, 4, 3, 2]|[0, 2, 0, 0, 3, 0, 1, 3, 0, 0, 2, 0, 1, 0, 1, 0, 0, 0, 1, 0, 0, 2, 0, 0, 1, 0, 0, 3, 0, 1, 0, 2, 0, 0, 3, 0, 1, 3, 0, 0, 0, 0, 1, 3, 0, 0, 1, 0, 2, 0, 0, 0, 0, 0, 1, 0, 1, 0, 1, 1, 0, 2, 0, 0, 0, 0, 0, 0, 0, 2, 0, 0, 1, 0, 0, 1, 0, 0, 3, 0, 0, 1, 2, 0, 0, 0, 1, 0, 3, 0, 0, 2, 1, 3, 0, 0, 0, 1, 0, 0],884.1935202920454,50350.47642403707,113845.06305296552,false
25,G3_TWC,G3_TWC,[31, 22, 82, 15, 26, 9, 42, 95, 77, 12, 47, 5, 93, 78, 86, 54, 85, 63, 18, 44, 20, 35, 43, 97, 91, 76, 10, 30, 21, 45, 71, 64, 1, 23, 17, 83, 24, 14, 60, 36, 6, 57, 94, 88, 65, 56, 79, 40, 67, 68, 46, 75, 38, 58, 19, 32, 81, 41, 27, 62, 87, 90, 99, 59, 11, 16, 72, 73, 69, 39, 37, 84, 3, 92, 25, 55, 28, 29, 51, 7, 33, 61, 98, 66, 89, 50, 4, 96, 53, 8, 80, 13, 70, 49, 52, 0, 74, 34, 2, 48]|[1, 1, 0, 1, 1, 1, 2, 1, 2, 2, 2, 2, 2, 1, 1, 0, 0, 1, 0, 2, 2, 0, 1, 2, 0, 1, 2, 2, 0, 0, 1, 2, 1, 2, 1, 0, 2, 0, 1, 1, 0, 1, 1, 1, 0, 2, 1, 1, 0, 0, 0, 0, 1, 1, 2, 1, 2, 0, 0, 0, 2, 1, 0, 1, 2, 1, 2, 1, 1, 1, 1, 1, 1, 0, 1, 1, 0, 0, 0, 1, 2, 1, 2, 2, 0, 0, 0, 0, 2, 0, 0, 0, 1, 0, 1, 0, 2, 2, 0, 0]|[4, 3, 2, 2, 0, 0, 2, 2, 2, 1, 1, 1, 2, 4, 4, 1, 2, 4, 2, 1, 1, 1, 1, 2, 1, 2, 1, 1, 1, 1, 3, 2, 3, 0, 4, 0, 1, 1, 0, 3, 2, 2, 4, 0, 1, 1, 0, 2, 0, 1, 2, 2, 1, 4, 0, 3, 2, 1, 1, 2, 1, 3, 1, 1, 1, 3, 0, 4, 3, 1, 4, 1, 1, 2, 4, 4, 2, 1, 1, 3, 1, 3, 1, 1, 2, 1, 2, 1, 0, 1, 1, 2, 3, 1, 1, 2, 1, 1, 2, 2]|[0, 2, 1, 1, 3, 3, 0, 1, 0, 0, 0, 0, 1, 0, 1, 0, 0, 3, 1, 0, 0, 0, 3, 1, 0, 2, 0, 0, 0, 1, 0, 0, 0, 0, 3, 0, 1, 0, 0, 2, 1, 1, 2, 0, 0, 0, 0, 1, 1, 0, 0, 0, 1, 3, 0, 0, 1, 0, 0, 1, 0, 2, 0, 1, 0, 2, 1, 0, 0, 1, 1, 3, 1, 1, 3, 3, 1, 0, 0, 2, 0, 0, 0, 0, 1, 0, 1, 0, 1, 0, 0, 0, 0, 1, 1, 0, 0, 0, 0, 0],799.1002142476597,58766.469869081004,90067.55034105257,false
25,G1_CMAX,G1_CMAX,[31, 22, 82, 15, 26, 9, 42, 77, 12, 5, 47, 93, 78, 86, 54, 6, 63, 18, 44, 20, 35, 43, 97, 91, 76, 10, 30, 21, 45, 17, 23, 1, 71, 83, 24, 14, 60, 36, 85, 57, 40, 95, 88, 65, 56, 79, 94, 67, 68, 46, 75, 38, 58, 19, 32, 81, 41, 62, 87, 28, 90, 59, 11, 16, 72, 73, 69, 52, 37, 64, 84, 3, 25, 29, 55, 51, 7, 98, 61, 66, 99, 33, 89, 48, 50, 96, 53, 80, 4, 8, 27, 2, 39, 13, 0, 92, 49, 74, 34, 70]|[1, 1, 0, 1, 1, 1, 2, 2, 1, 2, 2, 1, 1, 1, 0, 0, 1, 0, 2, 2, 0, 1, 2, 2, 1, 2, 2, 0, 0, 1, 2, 1, 1, 0, 2, 0, 1, 1, 0, 1, 1, 1, 1, 0, 2, 1, 1, 0, 0, 0, 0, 1, 1, 2, 1, 2, 0, 0, 2, 0, 1, 2, 2, 1, 2, 1, 1, 1, 1, 1, 1, 2, 1, 0, 2, 0, 1, 2, 1, 0, 0, 2, 1, 0, 0, 2, 0, 0, 1, 1, 0, 0, 1, 0, 0, 0, 0, 2, 2, 1]|[0, 3, 1, 2, 0, 0, 1, 1, 4, 1, 1, 4, 4, 4, 2, 2, 4, 2, 1, 1, 1, 1, 2, 1, 2, 1, 1, 1, 1, 4, 0, 3, 3, 0, 1, 1, 0, 3, 2, 2, 2, 2, 0, 1, 1, 0, 4, 0, 1, 2, 2, 1, 4, 0, 3, 2, 1, 2, 1, 2, 3, 1, 1, 3, 0, 4, 4, 1, 4, 3, 1, 2, 4, 1, 1, 1, 1, 1, 3, 1, 1, 1, 1, 1, 1, 1, 2, 1, 4, 3, 2, 2, 1, 2, 2, 0, 1, 1, 1, 4]|[1, 1, 1, 1, 3, 3, 0, 0, 0, 0, 0, 2, 0, 1, 0, 0, 3, 1, 0, 0, 0, 3, 1, 0, 2, 0, 0, 0, 1, 3, 0, 0, 0, 0, 1, 0, 0, 2, 1, 1, 1, 1, 0, 0, 0, 0, 2, 1, 0, 0, 0, 1, 3, 0, 0, 1, 0, 1, 0, 1, 2, 0, 0, 2, 1, 0, 2, 1, 1, 0, 3, 1, 3, 0, 0, 0, 2, 0, 0, 0, 0, 0, 1, 0, 0, 0, 1, 0, 0, 2, 1, 0, 1, 0, 0, 1, 1, 0, 0, 2],733.3116759547878,58140.55643565909,96674.14109675489,false
25,G4_BALANCED,G4_BALANCED,[31, 11, 15, 82, 26, 9, 95, 32, 77, 68, 47, 5, 93, 78, 86, 54, 85, 63, 18, 44, 20, 49, 36, 14, 74, 50, 53, 17, 21, 45, 71, 64, 3, 23, 30, 83, 24, 41, 60, 52, 65, 27, 90, 70, 39, 87, 48, 69, 99, 4, 46, 1, 13, 58, 97, 59, 28, 75, 73, 37, 35, 79, 22, 66, 76, 42, 40, 80, 96, 6, 16, 61, 33, 7, 57, 34, 12, 67, 10, 98, 56, 88, 29, 94, 91, 51, 19, 92, 43, 84, 38, 72, 81, 8, 2, 55, 62, 89, 25, 0]|[2, 1, 1, 2, 1, 2, 1, 1, 1, 1, 1, 0, 2, 2, 1, 2, 0, 0, 0, 2, 2, 1, 0, 2, 0, 2, 2, 1, 0, 1, 1, 1, 0, 0, 1, 0, 2, 1, 2, 2, 0, 0, 1, 1, 0, 2, 0, 2, 1, 0, 0, 2, 0, 0, 2, 0, 1, 0, 0, 0, 2, 1, 0, 2, 2, 0, 2, 2, 0, 1, 2, 1, 1, 2, 0, 1, 1, 1, 1, 2, 2, 1, 1, 2, 1, 1, 1, 0, 1, 0, 0, 1, 1, 1, 2, 0, 1, 1, 1, 0]|[1, 3, 2, 0, 4, 1, 4, 4, 2, 4, 3, 2, 1, 0, 2, 1, 1, 1, 2, 1, 1, 3, 0, 1, 0, 1, 1, 4, 1, 4, 3, 2, 2, 0, 4, 1, 1, 4, 0, 1, 2, 1, 4, 4, 1, 1, 0, 2, 3, 1, 2, 1, 2, 1, 1, 2, 4, 2, 0, 2, 2, 3, 1, 0, 1, 2, 0, 1, 2, 4, 1, 3, 4, 1, 2, 4, 3, 3, 3, 1, 1, 4, 3, 1, 3, 3, 4, 2, 4, 2, 2, 4, 1, 3, 1, 2, 3, 4, 4, 2]|[1, 2, 1, 0, 3, 0, 1, 3, 0, 0, 2, 0, 1, 0, 1, 0, 0, 0, 1, 0, 0, 2, 0, 0, 1, 0, 0, 3, 0, 1, 0, 2, 0, 1, 3, 0, 1, 3, 1, 0, 0, 0, 1, 3, 0, 0, 1, 0, 2, 0, 0, 0, 0, 0, 1, 0, 1, 0, 1, 1, 0, 2, 0, 0, 0, 0, 0, 0, 0, 2, 0, 0, 1, 0, 0, 1, 0, 0, 3, 0, 0, 1, 0, 0, 0, 0, 3, 0, 2, 0, 0, 2, 1, 0, 0, 0, 0, 1, 3, 0],836.569815134707,52504.092339752446,107095.57005228325,false
25,G2_TEC,G2_TEC,[31, 22, 82, 15, 26, 9, 95, 42, 77, 68, 47, 5, 93, 78, 86, 54, 85, 63, 18, 44, 20, 49, 36, 14, 74, 50, 53, 17, 21, 28, 11, 64, 3, 23, 30, 83, 24, 41, 40, 52, 65, 27, 90, 70, 39, 87, 48, 69, 99, 4, 46, 1, 13, 58, 97, 59, 45, 8, 73, 37, 35, 79, 71, 66, 76, 32, 60, 80, 96, 6, 16, 61, 33, 7, 57, 34, 12, 67, 10, 98, 56, 88, 43, 75, 91, 38, 19, 92, 29, 84, 51, 72, 81, 25, 2, 55, 94, 89, 62, 0]|[2, 1, 2, 1, 1, 2, 1, 1, 1, 1, 1, 0, 2, 2, 1, 2, 0, 0, 0, 2, 2, 1, 0, 2, 0, 2, 2, 1, 0, 1, 1, 1, 0, 0, 1, 0, 2, 1, 2, 2, 0, 0, 1, 1, 0, 2, 0, 2, 1, 0, 0, 2, 0, 0, 2, 0, 1, 1, 0, 0, 2, 1, 1, 2, 2, 0, 2, 2, 0, 1, 2, 1, 1, 2, 0, 1, 1, 1, 1, 2, 2, 1, 1, 0, 1, 0, 1, 0, 1, 0, 1, 1, 1, 1, 2, 0, 2, 1, 1, 0]|[0, 3, 0, 3, 4, 1, 4, 4, 2, 4, 3, 2, 1, 0, 2, 1, 1, 1, 2, 1, 1, 3, 0, 1, 0, 1, 1, 4, 1, 4, 3, 2, 2, 0, 4, 1, 1, 4, 0, 1, 2, 1, 4, 4, 1, 1, 0, 2, 3, 2, 2, 1, 2, 1, 1, 2, 4, 3, 0, 2, 2, 3, 3, 0, 1, 2, 0, 1, 2, 4, 1, 3, 4, 1, 2, 4, 3, 3, 3, 1, 1, 4, 4, 2, 3, 2, 4, 2, 3, 2, 3, 4, 4, 4, 1, 2, 1, 4, 3, 2]|[0, 2, 0, 0, 3, 0, 1, 3, 0, 0, 2, 0, 1, 0, 1, 0, 0, 0, 1, 0, 0, 2, 0, 0, 1, 0, 0, 3, 0, 1, 0, 2, 0, 0, 3, 0, 1, 3, 0, 0, 0, 0, 1, 3, 0, 0, 1, 0, 2, 0, 0, 0, 0, 0, 1, 0, 1, 0, 1, 1, 0, 2, 0, 0, 0, 0, 0, 0, 0, 2, 0, 0, 1, 0, 0, 1, 0, 0, 3, 0, 0, 1, 2, 0, 0, 0, 1, 0, 3, 0, 0, 2, 1, 3, 0, 0, 0, 1, 0, 0],884.1935202920454,50350.47642403707,113845.06305296552,false
25,G3_TWC,G3_TWC,[31, 22, 82, 15, 26, 9, 42, 95, 77, 12, 47, 5, 93, 78, 86, 54, 85, 63, 18, 44, 20, 35, 43, 97, 91, 76, 10, 30, 21, 45, 71, 64, 1, 23, 17, 83, 24, 14, 60, 36, 6, 57, 94, 88, 65, 56, 79, 40, 67, 68, 46, 75, 38, 58, 19, 32, 81, 41, 27, 62, 87, 90, 99, 59, 11, 16, 72, 73, 69, 39, 37, 84, 3, 92, 25, 55, 28, 29, 51, 7, 33, 61, 98, 66, 89, 50, 4, 96, 53, 8, 80, 13, 70, 49, 52, 0, 74, 34, 2, 48]|[1, 1, 0, 1, 1, 1, 2, 1, 2, 2, 2, 2, 2, 1, 1, 0, 0, 1, 0, 2, 2, 0, 1, 2, 0, 1, 2, 2, 0, 0, 1, 2, 1, 2, 1, 0, 2, 0, 1, 1, 0, 1, 1, 1, 0, 2, 1, 1, 0, 0, 0, 0, 1, 1, 2, 1, 2, 0, 0, 0, 2, 1, 0, 1, 2, 1, 2, 1, 1, 1, 1, 1, 1, 0, 1, 1, 0, 0, 0, 1, 2, 1, 2, 2, 0, 0, 0, 0, 2, 0, 0, 0, 1, 0, 1, 0, 2, 2, 0, 0]|[4, 3, 2, 2, 0, 0, 2, 2, 2, 1, 1, 1, 2, 4, 4, 1, 2, 4, 2, 1, 1, 1, 1, 2, 1, 2, 1, 1, 1, 1, 3, 2, 3, 0, 4, 0, 1, 1, 0, 3, 2, 2, 4, 0, 1, 1, 0, 2, 0, 1, 2, 2, 1, 4, 0, 3, 2, 1, 1, 2, 1, 3, 1, 1, 1, 3, 0, 4, 3, 1, 4, 1, 1, 2, 4, 4, 2, 1, 1, 3, 1, 3, 1, 1, 2, 1, 2, 1, 0, 1, 1, 2, 3, 1, 1, 2, 1, 1, 2, 2]|[0, 2, 1, 1, 3, 3, 0, 1, 0, 0, 0, 0, 1, 0, 1, 0, 0, 3, 1, 0, 0, 0, 3, 1, 0, 2, 0, 0, 0, 1, 0, 0, 0, 0, 3, 0, 1, 0, 0, 2, 1, 1, 2, 0, 0, 0, 0, 1, 1, 0, 0, 0, 1, 3, 0, 0, 1, 0, 0, 1, 0, 2, 0, 1, 0, 2, 1, 0, 0, 1, 1, 3, 1, 1, 3, 3, 1, 0, 0, 2, 0, 0, 0, 0, 1, 0, 1, 0, 1, 0, 0, 0, 0, 1, 1, 0, 0, 0, 0, 0],799.1002142476597,58766.469869081004,90067.55034105257,false
25,G1_CMAX,G4_BALANCED,[31, 22, 82, 15, 26, 58, 95, 42, 77, 12, 47, 5, 93, 78, 86, 54, 85, 63, 18, 44, 20, 35, 43, 97, 66, 76, 79, 30, 21, 45, 71, 64, 1, 23, 17, 83, 24, 14, 60, 36, 6, 57, 40, 88, 65, 56, 10, 94, 67, 68, 46, 75, 38, 9, 19, 32, 41, 81, 27, 87, 28, 90, 99, 59, 11, 16, 72, 73, 70, 39, 37, 84, 3, 92, 25, 55, 62, 29, 51, 7, 33, 61, 98, 48, 89, 50, 4, 96, 53, 80, 8, 91, 34, 69, 52, 13, 0, 2, 74, 49]|[1, 1, 0, 1, 1, 0, 1, 2, 2, 1, 2, 2, 2, 1, 1, 0, 0, 1, 0, 2, 2, 0, 1, 2, 2, 1, 2, 2, 0, 0, 1, 2, 1, 2, 1, 0, 2, 0, 1, 1, 0, 1, 1, 1, 0, 2, 2, 1, 0, 0, 0, 0, 1, 1, 2, 1, 0, 0, 0, 2, 0, 1, 0, 1, 2, 1, 2, 1, 1, 1, 1, 1, 1, 0, 1, 2, 0, 0, 0, 1, 2, 1, 2, 0, 1, 0, 1, 2, 0, 0, 1, 2, 2, 1, 1, 0, 0, 0, 2, 0]|[4, 3, 2, 2, 4, 1, 2, 2, 2, 4, 1, 1, 2, 4, 4, 1, 2, 4, 2, 1, 1, 1, 1, 2, 1, 2, 1, 1, 1, 1, 3, 2, 3, 1, 4, 0, 1, 1, 0, 3, 2, 2, 2, 0, 1, 1, 1, 4, 0, 1, 2, 2, 1, 4, 0, 3, 1, 1, 1, 1, 2, 3, 1, 1, 1, 3, 0, 4, 3, 1, 4, 1, 1, 0, 4, 1, 2, 1, 1, 1, 1, 3, 1, 1, 1, 1, 4, 1, 2, 1, 3, 1, 1, 4, 1, 2, 2, 2, 1, 1]|[0, 2, 1, 1, 3, 0, 1, 0, 0, 0, 0, 0, 1, 0, 1, 0, 0, 3, 1, 0, 0, 0, 3, 1, 0, 2, 0, 0, 0, 1, 0, 0, 0, 0, 3, 0, 1, 0, 0, 2, 1, 1, 1, 0, 0, 0, 0, 2, 1, 0, 0, 0, 1, 3, 0, 0, 0, 0, 0, 0, 1, 2, 0, 1, 0, 2, 1, 0, 0, 1, 1, 3, 1, 1, 3, 0, 1, 0, 0, 2, 0, 0, 0, 0, 1, 0, 0, 0, 1, 0, 2, 0, 0, 2, 1, 0, 0, 0, 0, 1],779.4157875228544,55773.95482290022,95868.19405613806,true
25,G4_BALANCED,G4_BALANCED,[31, 22, 82, 15, 26, 58, 95, 42, 77, 12, 47, 5, 93, 78, 86, 54, 85, 63, 18, 44, 20, 35, 43, 97, 91, 76, 10, 30, 21, 45, 71, 64, 1, 23, 17, 83, 24, 14, 60, 36, 6, 57, 40, 88, 65, 56, 79, 94, 67, 68, 46, 75, 38, 9, 19, 32, 81, 41, 27, 62, 87, 90, 99, 59, 11, 16, 72, 73, 70, 39, 37, 84, 3, 92, 25, 55, 28, 29, 51, 7, 33, 61, 98, 48, 89, 50, 4, 96, 80, 53, 8, 66, 34, 2, 52, 69, 13, 0, 49, 74]|[1, 1, 0, 1, 1, 0, 1, 2, 2, 1, 2, 2, 2, 1, 1, 0, 0, 1, 0, 2, 2, 0, 1, 2, 0, 1, 2, 2, 0, 0, 1, 2, 1, 2, 1, 0, 2, 0, 1, 1, 0, 1, 1, 1, 0, 2, 1, 1, 0, 0, 0, 0, 1, 1, 2, 1, 2, 0, 0, 0, 2, 1, 0, 1, 2, 1, 2, 1, 1, 1, 1, 1, 1, 0, 1, 2, 0, 0, 0, 1, 2, 1, 2, 0, 1, 0, 1, 2, 0, 0, 1, 2, 2, 0, 1, 1, 0, 0, 0, 2]|[4, 3, 2, 2, 4, 1, 2, 2, 2, 4, 1, 1, 2, 4, 4, 1, 2, 4, 2, 1, 1, 1, 1, 2, 1, 2, 1, 1, 1, 1, 3, 2, 3, 1, 4, 0, 1, 1, 0, 3, 2, 2, 2, 0, 1, 1, 0, 4, 0, 1, 2, 2, 1, 4, 0, 3, 1, 1, 1, 2, 1, 3, 1, 1, 1, 3, 0, 4, 3, 1, 4, 1, 1, 0, 4, 1, 2, 1, 1, 3, 1, 3, 1, 1, 1, 1, 4, 1, 1, 2, 3, 1, 1, 2, 1, 4, 2, 2, 1, 1]|[0, 2, 1, 1, 3, 0, 1, 0, 0, 0, 0, 0, 1, 0, 1, 0, 0, 3, 1, 0, 0, 0, 3, 1, 0, 2, 0, 0, 0, 1, 0, 0, 0, 0, 3, 0, 1, 0, 0, 2, 1, 1, 1, 0, 0, 0, 0, 2, 1, 0, 0, 0, 1, 3, 0, 0, 1, 0, 0, 1, 0, 2, 0, 1, 0, 2, 1, 0, 0, 1, 1, 3, 1, 1, 3, 0, 1, 0, 0, 2, 0, 0, 0, 0, 1, 0, 0, 0, 0, 1, 2, 0, 0, 0, 1, 2, 0, 0, 1, 0],761.902226197437,56258.0912092417,94769.6981188261,false
25,G2_TEC,G2_TEC,[31, 22, 82, 15, 26, 9, 95, 42, 77, 68, 47, 5, 93, 78, 86, 54, 85, 63, 18, 44, 20, 49, 36, 14, 74, 50, 53, 17, 21, 28, 11, 64, 3, 23, 30, 83, 24, 41, 40, 52, 65, 27, 90, 70, 39, 87, 48, 69, 99, 4, 46, 1, 13, 58, 97, 59, 45, 8, 73, 37, 35, 79, 71, 66, 76, 32, 60, 80, 96, 6, 16, 61, 33, 7, 57, 34, 12, 67, 10, 98, 56, 88, 43, 75, 91, 38, 19, 92, 29, 84, 51, 72, 81, 25, 2, 55, 94, 89, 62, 0]|[2, 1, 2, 1, 1, 2, 1, 1, 1, 1, 1, 0, 2, 2, 1, 2, 0, 0, 0, 2, 2, 1, 0, 2, 0, 2, 2, 1, 0, 1, 1, 1, 0, 0, 1, 0, 2, 1, 2, 2, 0, 0, 1, 1, 0, 2, 0, 2, 1, 0, 0, 2, 0, 0, 2, 0, 1, 1, 0, 0, 2, 1, 1, 2, 2, 0, 2, 2, 0, 1, 2, 1, 1, 2, 0, 1, 1, 1, 1, 2, 2, 1, 1, 0, 1, 0, 1, 0, 1, 0, 1, 1, 1, 1, 2, 0, 2, 1, 1, 0]|[0, 3, 0, 3, 4, 1, 4, 4, 2, 4, 3, 2, 1, 0, 2, 1, 1, 1, 2, 1, 1, 3, 0, 1, 0, 1, 1, 4, 1, 4, 3, 2, 2, 0, 4, 1, 1, 4, 0, 1, 2, 1, 4, 4, 1, 1, 0, 2, 3, 2, 2, 1, 2, 1, 1, 2, 4, 3, 0, 2, 2, 3, 3, 0, 1, 2, 0, 1, 2, 4, 1, 3, 4, 1, 2, 4, 3, 3, 3, 1, 1, 4, 4, 2, 3, 2, 4, 2, 3, 2, 3, 4, 4, 4, 1, 2, 1, 4, 3, 2]|[0, 2, 0, 0, 3, 0, 1, 3, 0, 0, 2, 0, 1, 0, 1, 0, 0, 0, 1, 0, 0, 2, 0, 0, 1, 0, 0, 3, 0, 1, 0, 2, 0, 0, 3, 0, 1, 3, 0, 0, 0, 0, 1, 3, 0, 0, 1, 0, 2, 0, 0, 0, 0, 0, 1, 0, 1, 0, 1, 1, 0, 2, 0, 0, 0, 0, 0, 0, 0, 2, 0, 0, 1, 0, 0, 1, 0, 0, 3, 0, 0, 1, 2, 0, 0, 0, 1, 0, 3, 0, 0, 2, 1, 3, 0, 0, 0, 1, 0, 0],884.1935202920454,50350.47642403707,113845.06305296552,false
25,G3_TWC,G3_TWC,[31, 22, 82, 15, 26, 9, 42, 95, 77, 12, 47, 5, 93, 78, 86, 54, 85, 63, 18, 44, 20, 35, 43, 97, 91, 76, 10, 30, 21, 45, 71, 64, 1, 23, 17, 83, 24, 14, 60, 36, 6, 57, 94, 88, 65, 56, 79, 40, 67, 68, 46, 75, 38, 58, 19, 32, 81, 41, 27, 62, 87, 90, 99, 59, 11, 16, 72, 73, 69, 39, 37, 84, 3, 92, 25, 55, 28, 29, 51, 7, 33, 61, 98, 66, 89, 50, 4, 96, 53, 8, 80, 13, 70, 49, 52, 0, 74, 34, 2, 48]|[1, 1, 0, 1, 1, 1, 2, 1, 2, 2, 2, 2, 2, 1, 1, 0, 0, 1, 0, 2, 2, 0, 1, 2, 0, 1, 2, 2, 0, 0, 1, 2, 1, 2, 1, 0, 2, 0, 1, 1, 0, 1, 1, 1, 0, 2, 1, 1, 0, 0, 0, 0, 1, 1, 2, 1, 2, 0, 0, 0, 2, 1, 0, 1, 2, 1, 2, 1, 1, 1, 1, 1, 1, 0, 1, 1, 0, 0, 0, 1, 2, 1, 2, 2, 0, 0, 0, 0, 2, 0, 0, 0, 1, 0, 1, 0, 2, 2, 0, 0]|[4, 3, 2, 2, 0, 0, 2, 2, 2, 1, 1, 1, 2, 4, 4, 1, 2, 4, 2, 1, 1, 1, 1, 2, 1, 2, 1, 1, 1, 1, 3, 2, 3, 0, 4, 0, 1, 1, 0, 3, 2, 2, 4, 0, 1, 1, 0, 2, 0, 1, 2, 2, 1, 4, 0, 3, 2, 1, 1, 2, 1, 3, 1, 1, 1, 3, 0, 4, 3, 1, 4, 1, 1, 2, 4, 4, 2, 1, 1, 3, 1, 3, 1, 1, 2, 1, 2, 1, 0, 1, 1, 2, 3, 1, 1, 2, 1, 1, 2, 2]|[0, 2, 1, 1, 3, 3, 0, 1, 0, 0, 0, 0, 1, 0, 1, 0, 0, 3, 1, 0, 0, 0, 3, 1, 0, 2, 0, 0, 0, 1, 0, 0, 0, 0, 3, 0, 1, 0, 0, 2, 1, 1, 2, 0, 0, 0, 0, 1, 1, 0, 0, 0, 1, 3, 0, 0, 1, 0, 0, 1, 0, 2, 0, 1, 0, 2, 1, 0, 0, 1, 1, 3, 1, 1, 3, 3, 1, 0, 0, 2, 0, 0, 0, 0, 1, 0, 1, 0, 1, 0, 0, 0, 0, 1, 1, 0, 0, 0, 0, 0],799.1002142476597,58766.469869081004,90067.55034105257,false
25,G1_CMAX,G2_TEC,[31, 22, 82, 15, 26, 9, 95, 42, 77, 68, 47, 5, 93, 78, 86, 54, 85, 63, 18, 44, 20, 49, 36, 14, 74, 50, 53, 17, 21, 28, 11, 64, 3, 23, 30, 83, 24, 41, 40, 52, 65, 27, 90, 70, 39, 87, 48, 69, 99, 4, 46, 1, 13, 58, 97, 59, 45, 8, 73, 37, 35, 79, 71, 66, 76, 32, 60, 80, 96, 6, 16, 61, 33, 7, 57, 34, 12, 67, 10, 98, 56, 88, 29, 75, 91, 43, 19, 92, 38, 2, 51, 72, 89, 25, 84, 55, 62, 81, 94, 0]|[2, 1, 2, 1, 1, 2, 1, 1, 1, 1, 1, 0, 2, 2, 1, 2, 0, 0, 0, 2, 2, 1, 0, 2, 0, 2, 2, 1, 0, 1, 1, 1, 0, 0, 1, 0, 2, 1, 2, 2, 0, 0, 1, 1, 0, 2, 0, 2, 1, 0, 0, 2, 0, 0, 2, 0, 1, 1, 0, 0, 2, 1, 1, 2, 2, 0, 2, 2, 0, 1, 2, 1, 1, 2, 0, 1, 2, 1, 1, 0, 2, 1, 1, 2, 1, 1, 1, 0, 0, 2, 1, 1, 1, 1, 0, 0, 1, 1, 2, 0]|[0, 3, 0, 3, 4, 1, 4, 4, 2, 4, 3, 2, 1, 0, 2, 1, 1, 1, 2, 1, 1, 3, 0, 1, 0, 1, 1, 4, 1, 4, 3, 2, 2, 0, 4, 1, 1, 4, 0, 1, 2, 1, 4, 4, 1, 1, 0, 2, 3, 2, 2, 1, 2, 1, 1, 2, 4, 3, 0, 2, 2, 3, 3, 0, 1, 2, 0, 1, 2, 4, 1, 3, 4, 1, 2, 4, 1, 3, 3, 2, 1, 4, 3, 1, 3, 4, 4, 2, 2, 1, 3, 4, 4, 4, 2, 2, 3, 4, 1, 2]|[0, 2, 0, 0, 3, 0, 1, 3, 0, 0, 2, 0, 1, 0, 1, 0, 0, 0, 1, 0, 0, 2, 0, 0, 1, 0, 0, 3, 0, 1, 0, 2, 0, 0, 3, 0, 1, 3, 0, 0, 0, 0, 1, 3, 0, 0, 1, 0, 2, 0, 0, 0, 0, 0, 1, 0, 1, 0, 1, 1, 0, 2, 0, 0, 0, 0, 0, 0, 0, 2, 0, 0, 1, 0, 0, 1, 0, 0, 3, 0, 0, 1, 0, 0, 0, 2, 1, 0, 0, 0, 0, 2, 1, 3, 0, 0, 0, 1, 0, 0],881.409087925408,50719.63942771456,114109.24169835789,true
25,G4_BALANCED,G4_BALANCED,[31, 22, 82, 15, 26, 58, 95, 42, 77, 12, 47, 5, 93, 78, 86, 54, 85, 63, 18, 44, 20, 35, 43, 97, 66, 76, 10, 30, 21, 45, 71, 64, 1, 23, 17, 83, 24, 14, 60, 36, 6, 57, 40, 88, 65, 56, 79, 94, 67, 68, 46, 75, 38, 9, 19, 32, 41, 81, 27, 62, 87, 90, 99, 59, 11, 16, 72, 73, 69, 39, 37, 84, 3, 92, 25, 55, 29, 28, 51, 7, 33, 61, 98, 48, 89, 50, 4, 96, 53, 80, 8, 91, 34, 2, 52, 13, 49, 0, 70, 74]|[1, 1, 0, 1, 1, 0, 1, 2, 2, 1, 2, 2, 2, 1, 1, 0, 0, 1, 0, 2, 2, 0, 1, 2, 2, 1, 2, 2, 0, 0, 1, 2, 1, 2, 1, 0, 2, 0, 1, 1, 0, 1, 1, 1, 0, 2, 1, 1, 0, 0, 0, 0, 1, 1, 2, 1, 0, 2, 0, 0, 2, 1, 0, 1, 2, 1, 2, 1, 1, 1, 1, 1, 1, 0, 1, 2, 0, 0, 0, 1, 2, 1, 2, 0, 1, 0, 1, 2, 0, 0, 1, 0, 2, 0, 1, 0, 0, 0, 1, 2]|[4, 3, 2, 2, 4, 1, 2, 2, 2, 4, 1, 1, 2, 4, 4, 1, 2, 4, 2, 1, 1, 1, 1, 2, 1, 2, 1, 1, 1, 1, 3, 2, 3, 1, 4, 0, 1, 1, 0, 3, 2, 2, 2, 0, 1, 1, 0, 4, 0, 1, 2, 2, 1, 4, 0, 3, 1, 1, 1, 2, 1, 3, 1, 1, 1, 3, 0, 4, 3, 1, 4, 1, 1, 0, 4, 1, 1, 2, 1, 1, 1, 3, 1, 1, 1, 1, 4, 1, 2, 1, 3, 1, 1, 2, 1, 2, 1, 2, 3, 1]|[0, 2, 1, 1, 3, 0, 1, 0, 0, 0, 0, 0, 1, 0, 1, 0, 0, 3, 1, 0, 0, 0, 3, 1, 0, 2, 0, 0, 0, 0, 0, 0, 0, 0, 3, 0, 1, 0, 0, 2, 1, 1, 1, 0, 0, 0, 0, 2, 1, 0, 0, 0, 1, 3, 0, 0, 0, 0, 0, 1, 0, 2, 0, 1, 0, 2, 1, 0, 0, 1, 1, 3, 1, 1, 3, 0, 0, 1, 0, 2, 0, 0, 0, 0, 1, 0, 0, 0, 1, 0, 2, 0, 0, 0, 1, 0, 1, 0, 0, 0],776.2367051429478,55758.37307472066,97231.78732993925,false
25,G2_TEC,G2_TEC,[31, 22, 82, 15, 26, 9, 95, 42, 77, 68, 47, 5, 93, 78, 86, 54, 85, 63, 18, 44, 20, 49, 36, 14, 74, 50, 53, 17, 21, 28, 11, 64, 3, 23, 30, 83, 24, 41, 40, 52, 65, 27, 90, 70, 39, 87, 48, 69, 99, 4, 46, 1, 13, 58, 97, 59, 45, 8, 73, 37, 35, 79, 71, 66, 76, 32, 60, 80, 96, 6, 16, 61, 33, 7, 57, 34, 12, 67, 10, 98, 56, 88, 43, 75, 91, 38, 19, 92, 29, 84, 51, 72, 81, 25, 2, 55, 94, 89, 62, 0]|[2, 1, 2, 1, 1, 2, 1, 1, 1, 1, 1, 0, 2, 2, 1, 2, 0, 0, 0, 2, 2, 1, 0, 2, 0, 2, 2, 1, 0, 1, 1, 1, 0, 0, 1, 0, 2, 1, 2, 2, 0, 0, 1, 1, 0, 2, 0, 2, 1, 0, 0, 2, 0, 0, 2, 0, 1, 1, 0, 0, 2, 1, 1, 2, 2, 0, 2, 2, 0, 1, 2, 1, 1, 2, 0, 1, 1, 1, 1, 2, 2, 1, 1, 0, 1, 0, 1, 0, 1, 0, 1, 1, 1, 1, 2, 0, 2, 1, 1, 0]|[0, 3, 0, 3, 4, 1, 4, 4, 2, 4, 3, 2, 1, 0, 2, 1, 1, 1, 2, 1, 1, 3, 0, 1, 0, 1, 1, 4, 1, 4, 3, 2, 2, 0, 4, 1, 1, 4, 0, 1, 2, 1, 4, 4, 1, 1, 0, 2, 3, 2, 2, 1, 2, 1, 1, 2, 4, 3, 0, 2, 2, 3, 3, 0, 1, 2, 0, 1, 2, 4, 1, 3, 4, 1, 2, 4, 3, 3, 3, 1, 1, 4, 4, 2, 3, 2, 4, 2, 3, 2, 3, 4, 4, 4, 1, 2, 1, 4, 3, 2]|[0, 2, 0, 0, 3, 0, 1, 3, 0, 0, 2, 0, 1, 0, 1, 0, 0, 0, 1, 0, 0, 2, 0, 0, 1, 0, 0, 3, 0, 1, 0, 2, 0, 0, 3, 0, 1, 3, 0, 0, 0, 0, 1, 3, 0, 0, 1, 0, 2, 0, 0, 0, 0, 0, 1, 0, 1, 0, 1, 1, 0, 2, 0, 0, 0, 0, 0, 0, 0, 2, 0, 0, 1, 0, 0, 1, 0, 0, 3, 0, 0, 1, 2, 0, 0, 0, 1, 0, 3, 0, 0, 2, 1, 3, 0, 0, 0, 1, 0, 0],884.1935202920454,50350.47642403707,113845.06305296552,false
25,G3_TWC,G3_TWC,[31, 22, 82, 15, 26, 9, 42, 95, 77, 12, 47, 5, 93, 78, 86, 54, 85, 63, 18, 44, 20, 35, 43, 97, 91, 76, 10, 30, 21, 45, 71, 64, 1, 23, 17, 83, 24, 14, 60, 36, 6, 57, 94, 88, 65, 56, 79, 40, 67, 68, 46, 75, 38, 58, 19, 32, 81, 41, 27, 62, 87, 90, 99, 59, 11, 16, 72, 73, 69, 39, 37, 84, 3, 92, 25, 55, 28, 29, 51, 7, 33, 61, 98, 66, 89, 50, 4, 96, 53, 8, 80, 13, 70, 49, 52, 0, 74, 34, 2, 48]|[1, 1, 0, 1, 1, 1, 2, 1, 2, 2, 2, 2, 2, 1, 1, 0, 0, 1, 0, 2, 2, 0, 1, 2, 0, 1, 2, 2, 0, 0, 1, 2, 1, 2, 1, 0, 2, 0, 1, 1, 0, 1, 1, 1, 0, 2, 1, 1, 0, 0, 0, 0, 1, 1, 2, 1, 2, 0, 0, 0, 2, 1, 0, 1, 2, 1, 2, 1, 1, 1, 1, 1, 1, 0, 1, 1, 0, 0, 0, 1, 2, 1, 2, 2, 0, 0, 0, 0, 2, 0, 0, 0, 1, 0, 1, 0, 2, 2, 0, 0]|[4, 3, 2, 2, 0, 0, 2, 2, 2, 1, 1, 1, 2, 4, 4, 1, 2, 4, 2, 1, 1, 1, 1, 2, 1, 2, 1, 1, 1, 1, 3, 2, 3, 0, 4, 0, 1, 1, 0, 3, 2, 2, 4, 0, 1, 1, 0, 2, 0, 1, 2, 2, 1, 4, 0, 3, 2, 1, 1, 2, 1, 3, 1, 1, 1, 3, 0, 4, 3, 1, 4, 1, 1, 2, 4, 4, 2, 1, 1, 3, 1, 3, 1, 1, 2, 1, 2, 1, 0, 1, 1, 2, 3, 1, 1, 2, 1, 1, 2, 2]|[0, 2, 1, 1, 3, 3, 0, 1, 0, 0, 0, 0, 1, 0, 1, 0, 0, 3, 1, 0, 0, 0, 3, 1, 0, 2, 0, 0, 0, 1, 0, 0, 0, 0, 3, 0, 1, 0, 0, 2, 1, 1, 2, 0, 0, 0, 0, 1, 1, 0, 0, 0, 1, 3, 0, 0, 1, 0, 0, 1, 0, 2, 0, 1, 0, 2, 1, 0, 0, 1, 1, 3, 1, 1, 3, 3, 1, 0, 0, 2, 0, 0, 0, 0, 1, 0, 1, 0, 1, 0, 0, 0, 0, 1, 1, 0, 0, 0, 0, 0],799.1002142476597,58766.469869081004,90067.55034105257,false
25,G1_CMAX,G1_CMAX,[31, 22, 82, 15, 26, 9, 42, 77, 12, 5, 47, 93, 78, 86, 54, 6, 63, 18, 44, 20, 35, 43, 97, 91, 76, 10, 30, 21, 45, 17, 23, 1, 71, 83, 24, 14, 60, 36, 85, 57, 40, 95, 88, 65, 56, 79, 94, 67, 68, 46, 75, 38, 58, 19, 32, 81, 41, 62, 87, 28, 90, 59, 11, 16, 72, 73, 69, 52, 37, 64, 84, 3, 25, 29, 55, 51, 7, 98, 61, 66, 99, 33, 89, 48, 50, 96, 53, 80, 4, 8, 27, 2, 39, 13, 0, 92, 49, 74, 34, 70]|[1, 1, 0, 1, 1, 1, 2, 2, 1, 2, 2, 1, 1, 1, 0, 0, 1, 0, 2, 2, 0, 1, 2, 2, 1, 2, 2, 0, 0, 1, 2, 1, 1, 0, 2, 0, 1, 1, 0, 1, 1, 1, 1, 0, 2, 1, 1, 0, 0, 0, 0, 1, 1, 2, 1, 2, 0, 0, 2, 0, 1, 2, 2, 1, 2, 1, 1, 1, 1, 1, 1, 2, 1, 0, 2, 0, 1, 2, 1, 0, 0, 2, 1, 0, 0, 2, 0, 0, 1, 1, 0, 0, 1, 0, 0, 0, 0, 2, 2, 1]|[0, 3, 1, 2, 0, 0, 1, 1, 4, 1, 1, 4, 4, 4, 2, 2, 4, 2, 1, 1, 1, 1, 2, 1, 2, 1, 1, 1, 1, 4, 0, 3, 3, 0, 1, 1, 0, 3, 2, 2, 2, 2, 0, 1, 1, 0, 4, 0, 1, 2, 2, 1, 4, 0, 3, 2, 1, 2, 1, 2, 3, 1, 1, 3, 0, 4, 4, 1, 4, 3, 1, 2, 4, 1, 1, 1, 1, 1, 3, 1, 1, 1, 1, 1, 1, 1, 2, 1, 4, 3, 2, 2, 1, 2, 2, 0, 1, 1, 1, 4]|[1, 1, 1, 1, 3, 3, 0, 0, 0, 0, 0, 2, 0, 1, 0, 0, 3, 1, 0, 0, 0, 3, 1, 0, 2, 0, 0, 0, 1, 3, 0, 0, 0, 0, 1, 0, 0, 2, 1, 1, 1, 1, 0, 0, 0, 0, 2, 1, 0, 0, 0, 1, 3, 0, 0, 1, 0, 1, 0, 1, 2, 0, 0, 2, 1, 0, 2, 1, 1, 0, 3, 1, 3, 0, 0, 0, 2, 0, 0, 0, 0, 0, 1, 0, 0, 0, 1, 0, 0, 2, 1, 0, 1, 0, 0, 1, 1, 0, 0, 2],733.3116759547878,58140.55643565909,96674.14109675489,false
25,G4_BALANCED,G4_BALANCED,[31, 11, 15, 82, 26, 9, 95, 32, 77, 68, 47, 5, 93, 78, 86, 54, 85, 63, 18, 44, 20, 49, 36, 14, 74, 50, 53, 17, 21, 45, 71, 64, 3, 23, 30, 83, 24, 41, 60, 52, 65, 27, 90, 70, 39, 87, 48, 69, 99, 4, 46, 1, 13, 58, 97, 59, 28, 75, 73, 37, 35, 79, 22, 66, 76, 42, 40, 80, 96, 6, 16, 61, 33, 7, 57, 34, 12, 67, 10, 98, 56, 88, 29, 94, 91, 51, 19, 92, 43, 84, 38, 72, 81, 8, 2, 55, 62, 89, 25, 0]|[2, 1, 1, 2, 1, 2, 1, 1, 1, 1, 1, 0, 2, 2, 1, 2, 0, 0, 0, 2, 2, 1, 0, 2, 0, 2, 2, 1, 0, 1, 1, 1, 0, 0, 1, 0, 2, 1, 2, 2, 0, 0, 1, 1, 0, 2, 0, 2, 1, 0, 0, 2, 0, 0, 2, 0, 1, 0, 0, 0, 2, 1, 0, 2, 2, 0, 2, 2, 0, 1, 2, 1, 1, 2, 0, 1, 1, 1, 1, 2, 2, 1, 1, 2, 1, 1, 1, 0, 1, 0, 0, 1, 1, 1, 2, 0, 1, 1, 1, 0]|[1, 3, 2, 0, 4, 1, 4, 4, 2, 4, 3, 2, 1, 0, 2, 1, 1, 1, 2, 1, 1, 3, 0, 1, 0, 1, 1, 4, 1, 4, 3, 2, 2, 0, 4, 1, 1, 4, 0, 1, 2, 1, 4, 4, 1, 1, 0, 2, 3, 1, 2, 1, 2, 1, 1, 2, 4, 2, 0, 2, 2, 3, 1, 0, 1, 2, 0, 1, 2, 4, 1, 3, 4, 1, 2, 4, 3, 3, 3, 1, 1, 4, 3, 1, 3, 3, 4, 2, 4, 2, 2, 4, 1, 3, 1, 2, 3, 4, 4, 2]|[1, 2, 1, 0, 3, 0, 1, 3, 0, 0, 2, 0, 1, 0, 1, 0, 0, 0, 1, 0, 0, 2, 0, 0, 1, 0, 0, 3, 0, 1, 0, 2, 0, 1, 3, 0, 1, 3, 1, 0, 0, 0, 1, 3, 0, 0, 1, 0, 2, 0, 0, 0, 0, 0, 1, 0, 1, 0, 1, 1, 0, 2, 0, 0, 0, 0, 0, 0, 0, 2, 0, 0, 1, 0, 0, 1, 0, 0, 3, 0, 0, 1, 0, 0, 0, 0, 3, 0, 2, 0, 0, 2, 1, 0, 0, 0, 0, 1, 3, 0],836.569815134707,52504.092339752446,107095.57005228325,false
25,G2_TEC,G2_TEC,[31, 22, 82, 15, 26, 9, 95, 42, 77, 68, 47, 5, 93, 78, 86, 54, 85, 63, 18, 44, 20, 49, 36, 14, 74, 50, 53, 17, 21, 28, 11, 64, 3, 23, 30, 83, 24, 41, 40, 52, 65, 27, 90, 70, 39, 87, 48, 69, 99, 4, 46, 1, 13, 58, 97, 59, 45, 8, 73, 37, 35, 79, 71, 66, 76, 32, 60, 80, 96, 6, 16, 61, 33, 7, 57, 34, 12, 67, 10, 98, 56, 88, 43, 75, 91, 38, 19, 92, 29, 84, 51, 72, 81, 25, 2, 55, 94, 89, 62, 0]|[2, 1, 2, 1, 1, 2, 1, 1, 1, 1, 1, 0, 2, 2, 1, 2, 0, 0, 0, 2, 2, 1, 0, 2, 0, 2, 2, 1, 0, 1, 1, 1, 0, 0, 1, 0, 2, 1, 2, 2, 0, 0, 1, 1, 0, 2, 0, 2, 1, 0, 0, 2, 0, 0, 2, 0, 1, 1, 0, 0, 2, 1, 1, 2, 2, 0, 2, 2, 0, 1, 2, 1, 1, 2, 0, 1, 1, 1, 1, 2, 2, 1, 1, 0, 1, 0, 1, 0, 1, 0, 1, 1, 1, 1, 2, 0, 2, 1, 1, 0]|[0, 3, 0, 3, 4, 1, 4, 4, 2, 4, 3, 2, 1, 0, 2, 1, 1, 1, 2, 1, 1, 3, 0, 1, 0, 1, 1, 4, 1, 4, 3, 2, 2, 0, 4, 1, 1, 4, 0, 1, 2, 1, 4, 4, 1, 1, 0, 2, 3, 2, 2, 1, 2, 1, 1, 2, 4, 3, 0, 2, 2, 3, 3, 0, 1, 2, 0, 1, 2, 4, 1, 3, 4, 1, 2, 4, 3, 3, 3, 1, 1, 4, 4, 2, 3, 2, 4, 2, 3, 2, 3, 4, 4, 4, 1, 2, 1, 4, 3, 2]|[0, 2, 0, 0, 3, 0, 1, 3, 0, 0, 2, 0, 1, 0, 1, 0, 0, 0, 1, 0, 0, 2, 0, 0, 1, 0, 0, 3, 0, 1, 0, 2, 0, 0, 3, 0, 1, 3, 0, 0, 0, 0, 1, 3, 0, 0, 1, 0, 2, 0, 0, 0, 0, 0, 1, 0, 1, 0, 1, 1, 0, 2, 0, 0, 0, 0, 0, 0, 0, 2, 0, 0, 1, 0, 0, 1, 0, 0, 3, 0, 0, 1, 2, 0, 0, 0, 1, 0, 3, 0, 0, 2, 1, 3, 0, 0, 0, 1, 0, 0],884.1935202920454,50350.47642403707,113845.06305296552,false
25,G3_TWC,G3_TWC,[31, 22, 82, 15, 26, 9, 42, 95, 77, 12, 47, 5, 93, 78, 86, 54, 85, 63, 18, 44, 20, 35, 43, 97, 91, 76, 10, 30, 21, 45, 71, 64, 1, 23, 17, 83, 24, 14, 60, 36, 6, 57, 94, 88, 65, 56, 79, 40, 67, 68, 46, 75, 38, 58, 19, 32, 81, 41, 27, 62, 87, 90, 99, 59, 11, 16, 72, 73, 69, 39, 37, 84, 3, 92, 25, 55, 28, 29, 51, 7, 33, 61, 98, 66, 89, 50, 4, 96, 53, 8, 80, 13, 70, 49, 52, 0, 74, 34, 2, 48]|[1, 1, 0, 1, 1, 1, 2, 1, 2, 2, 2, 2, 2, 1, 1, 0, 0, 1, 0, 2, 2, 0, 1, 2, 0, 1, 2, 2, 0, 0, 1, 2, 1, 2, 1, 0, 2, 0, 1, 1, 0, 1, 1, 1, 0, 2, 1, 1, 0, 0, 0, 0, 1, 1, 2, 1, 2, 0, 0, 0, 2, 1, 0, 1, 2, 1, 2, 1, 1, 1, 1, 1, 1, 0, 1, 1, 0, 0, 0, 1, 2, 1, 2, 2, 0, 0, 0, 0, 2, 0, 0, 0, 1, 0, 1, 0, 2, 2, 0, 0]|[4, 3, 2, 2, 0, 0, 2, 2, 2, 1, 1, 1, 2, 4, 4, 1, 2, 4, 2, 1, 1, 1, 1, 2, 1, 2, 1, 1, 1, 1, 3, 2, 3, 0, 4, 0, 1, 1, 0, 3, 2, 2, 4, 0, 1, 1, 0, 2, 0, 1, 2, 2, 1, 4, 0, 3, 2, 1, 1, 2, 1, 3, 1, 1, 1, 3, 0, 4, 3, 1, 4, 1, 1, 2, 4, 4, 2, 1, 1, 3, 1, 3, 1, 1, 2, 1, 2, 1, 0, 1, 1, 2, 3, 1, 1, 2, 1, 1, 2, 2]|[0, 2, 1, 1, 3, 3, 0, 1, 0, 0, 0, 0, 1, 0, 1, 0, 0, 3, 1, 0, 0, 0, 3, 1, 0, 2, 0, 0, 0, 1, 0, 0, 0, 0, 3, 0, 1, 0, 0, 2, 1, 1, 2, 0, 0, 0, 0, 1, 1, 0, 0, 0, 1, 3, 0, 0, 1, 0, 0, 1, 0, 2, 0, 1, 0, 2, 1, 0, 0, 1, 1, 3, 1, 1, 3, 3, 1, 0, 0, 2, 0, 0, 0, 0, 1, 0, 1, 0, 1, 0, 0, 0, 0, 1, 1, 0, 0, 0, 0, 0],799.1002142476597,58766.469869081004,90067.55034105257,false
25,G1_CMAX,G1_CMAX,[31, 22, 82, 15, 26, 9, 42, 77, 12, 5, 47, 93, 78, 86, 54, 6, 63, 18, 44, 20, 35, 43, 97, 91, 76, 10, 30, 21, 45, 17, 23, 1, 71, 83, 24, 14, 60, 36, 85, 57, 40, 95, 88, 65, 56, 79, 94, 67, 68, 46, 75, 38, 58, 19, 32, 81, 41, 62, 87, 28, 90, 59, 11, 16, 72, 73, 69, 52, 37, 64, 84, 3, 25, 29, 55, 51, 7, 98, 61, 66, 99, 33, 89, 48, 50, 96, 53, 80, 4, 8, 27, 2, 39, 13, 0, 92, 49, 74, 34, 70]|[1, 1, 0, 1, 1, 1, 2, 2, 1, 2, 2, 1, 1, 1, 0, 0, 1, 0, 2, 2, 0, 1, 2, 2, 1, 2, 2, 0, 0, 1, 2, 1, 1, 0, 2, 0, 1, 1, 0, 1, 1, 1, 1, 0, 2, 1, 1, 0, 0, 0, 0, 1, 1, 2, 1, 2, 0, 0, 2, 0, 1, 2, 2, 1, 2, 1, 1, 1, 1, 1, 1, 2, 1, 0, 2, 0, 1, 2, 1, 0, 0, 2, 1, 0, 0, 2, 0, 0, 1, 1, 0, 0, 1, 0, 0, 0, 0, 2, 2, 1]|[0, 3, 1, 2, 0, 0, 1, 1, 4, 1, 1, 4, 4, 4, 2, 2, 4, 2, 1, 1, 1, 1, 2, 1, 2, 1, 1, 1, 1, 4, 0, 3, 3, 0, 1, 1, 0, 3, 2, 2, 2, 2, 0, 1, 1, 0, 4, 0, 1, 2, 2, 1, 4, 0, 3, 2, 1, 2, 1, 2, 3, 1, 1, 3, 0, 4, 4, 1, 4, 3, 1, 2, 4, 1, 1, 1, 1, 1, 3, 1, 1, 1, 1, 1, 1, 1, 2, 1, 4, 3, 2, 2, 1, 2, 2, 0, 1, 1, 1, 4]|[1, 1, 1, 1, 3, 3, 0, 0, 0, 0, 0, 2, 0, 1, 0, 0, 3, 1, 0, 0, 0, 3, 1, 0, 2, 0, 0, 0, 1, 3, 0, 0, 0, 0, 1, 0, 0, 2, 1, 1, 1, 1, 0, 0, 0, 0, 2, 1, 0, 0, 0, 1, 3, 0, 0, 1, 0, 1, 0, 1, 2, 0, 0, 2, 1, 0, 2, 1, 1, 0, 3, 1, 3, 0, 0, 0, 2, 0, 0, 0, 0, 0, 1, 0, 0, 0, 1, 0, 0, 2, 1, 0, 1, 0, 0, 1, 1, 0, 0, 2],733.3116759547878,58140.55643565909,96674.14109675489,false
25,G4_BALANCED,G4_BALANCED,[31, 22, 82, 15, 26, 58, 95, 42, 77, 12, 47, 5, 93, 78, 86, 54, 85, 63, 18, 44, 20, 35, 43, 97, 91, 76, 10, 30, 21, 45, 71, 64, 1, 23, 17, 83, 24, 14, 60, 36, 6, 57, 94, 88, 65, 56, 79, 40, 67, 68, 46, 75, 38, 9, 19, 32, 81, 41, 27, 62, 87, 90, 99, 59, 11, 16, 72, 73, 69, 39, 37, 84, 3, 92, 25, 55, 28, 29, 51, 7, 33, 61, 98, 48, 89, 50, 4, 96, 53, 80, 8, 66, 34, 49, 52, 0, 2, 70, 13, 74]|[1, 1, 0, 1, 1, 1, 1, 2, 2, 1, 2, 2, 2, 1, 1, 0, 0, 1, 0, 2, 2, 0, 1, 2, 0, 1, 2, 2, 0, 0, 1, 2, 1, 2, 1, 0, 2, 0, 1, 1, 0, 1, 1, 1, 0, 2, 1, 1, 0, 0, 0, 0, 1, 1, 2, 1, 2, 0, 0, 0, 2, 1, 0, 1, 2, 1, 2, 1, 1, 1, 1, 1, 1, 0, 1, 2, 0, 0, 0, 1, 2, 1, 0, 0, 1, 0, 0, 2, 0, 0, 0, 2, 2, 0, 1, 0, 0, 1, 0, 2]|[4, 3, 2, 2, 0, 0, 2, 2, 2, 4, 1, 1, 2, 4, 4, 1, 2, 4, 2, 1, 1, 1, 1, 2, 1, 2, 1, 1, 1, 1, 3, 1, 3, 1, 4, 0, 1, 1, 0, 3, 2, 2, 4, 0, 1, 1, 0, 2, 0, 1, 2, 2, 1, 4, 0, 3, 2, 1, 1, 2, 1, 3, 1, 1, 1, 3, 0, 4, 3, 1, 4, 1, 1, 2, 4, 1, 2, 1, 1, 3, 1, 3, 1, 1, 1, 1, 2, 1, 2, 1, 1, 1, 1, 1, 1, 2, 2, 3, 2, 1]|[0, 2, 1, 1, 3, 3, 1, 0, 0, 0, 0, 0, 1, 0, 1, 0, 0, 3, 1, 0, 0, 0, 3, 1, 0, 2, 0, 0, 0, 0, 0, 0, 0, 0, 3, 0, 1, 0, 0, 2, 1, 1, 2, 0, 0, 0, 0, 1, 1, 0, 0, 0, 1, 3, 0, 0, 1, 0, 0, 1, 0, 2, 0, 1, 0, 2, 1, 0, 0, 1, 1, 3, 1, 1, 3, 0, 1, 0, 0, 2, 0, 0, 0, 0, 1, 0, 1, 0, 1, 0, 0, 0, 0, 1, 1, 0, 0, 0, 0, 0],804.4771695176521,56985.408027208774,92152.84292774009,false
25,G2_TEC,G2_TEC,[31, 22, 82, 15, 26, 9, 95, 42, 77, 68, 47, 5, 93, 78, 86, 54, 85, 63, 18, 44, 20, 49, 36, 14, 74, 50, 53, 17, 21, 28, 11, 64, 3, 23, 30, 83, 24, 41, 40, 52, 65, 27, 90, 70, 39, 87, 48, 69, 99, 4, 46, 1, 13, 58, 97, 59, 45, 8, 73, 37, 35, 79, 71, 66, 76, 32, 60, 80, 96, 6, 16, 61, 33, 7, 57, 34, 12, 67, 10, 98, 56, 88, 43, 75, 91, 38, 19, 92, 29, 84, 51, 72, 81, 25, 2, 55, 94, 89, 62, 0]|[2, 1, 2, 1, 1, 2, 1, 1, 1, 1, 1, 0, 2, 2, 1, 2, 0, 0, 0, 2, 2, 1, 0, 2, 0, 2, 2, 1, 0, 1, 1, 1, 0, 0, 1, 0, 2, 1, 2, 2, 0, 0, 1, 1, 0, 2, 0, 2, 1, 0, 0, 2, 0, 0, 2, 0, 1, 1, 0, 0, 2, 1, 1, 2, 2, 0, 2, 2, 0, 1, 2, 1, 1, 2, 0, 1, 1, 1, 1, 2, 2, 1, 1, 0, 1, 0, 1, 0, 1, 0, 1, 1, 1, 1, 2, 0, 2, 1, 1, 0]|[0, 3, 0, 3, 4, 1, 4, 4, 2, 4, 3, 2, 1, 0, 2, 1, 1, 1, 2, 1, 1, 3, 0, 1, 0, 1, 1, 4, 1, 4, 3, 2, 2, 0, 4, 1, 1, 4, 0, 1, 2, 1, 4, 4, 1, 1, 0, 2, 3, 2, 2, 1, 2, 1, 1, 2, 4, 3, 0, 2, 2, 3, 3, 0, 1, 2, 0, 1, 2, 4, 1, 3, 4, 1, 2, 4, 3, 3, 3, 1, 1, 4, 4, 2, 3, 2, 4, 2, 3, 2, 3, 4, 4, 4, 1, 2, 1, 4, 3, 2]|[0, 2, 0, 0, 3, 0, 1, 3, 0, 0, 2, 0, 1, 0, 1, 0, 0, 0, 1, 0, 0, 2, 0, 0, 1, 0, 0, 3, 0, 1, 0, 2, 0, 0, 3, 0, 1, 3, 0, 0, 0, 0, 1, 3, 0, 0, 1, 0, 2, 0, 0, 0, 0, 0, 1, 0, 1, 0, 1, 1, 0, 2, 0, 0, 0, 0, 0, 0, 0, 2, 0, 0, 1, 0, 0, 1, 0, 0, 3, 0, 0, 1, 2, 0, 0, 0, 1, 0, 3, 0, 0, 2, 1, 3, 0, 0, 0, 1, 0, 0],884.1935202920454,50350.47642403707,113845.06305296552,false
25,G3_TWC,G3_TWC,[31, 22, 82, 15, 26, 9, 42, 95, 77, 12, 47, 5, 93, 78, 86, 54, 85, 63, 18, 44, 20, 35, 43, 97, 91, 76, 10, 30, 21, 45, 71, 64, 1, 23, 17, 83, 24, 14, 60, 36, 6, 57, 94, 88, 65, 56, 79, 40, 67, 68, 46, 75, 38, 58, 19, 32, 81, 41, 27, 62, 87, 90, 99, 59, 11, 16, 72, 73, 69, 39, 37, 84, 3, 92, 25, 55, 28, 29, 51, 7, 33, 61, 98, 66, 89, 50, 4, 96, 53, 8, 80, 13, 70, 49, 52, 0, 74, 34, 2, 48]|[1, 1, 0, 1, 1, 1, 2, 1, 2, 2, 2, 2, 2, 1, 1, 0, 0, 1, 0, 2, 2, 0, 1, 2, 0, 1, 2, 2, 0, 0, 1, 2, 1, 2, 1, 0, 2, 0, 1, 1, 0, 1, 1, 1, 0, 2, 1, 1, 0, 0, 0, 0, 1, 1, 2, 1, 2, 0, 0, 0, 2, 1, 0, 1, 2, 1, 2, 1, 1, 1, 1, 1, 1, 0, 1, 1, 0, 0, 0, 1, 2, 1, 2, 2, 0, 0, 0, 0, 2, 0, 0, 0, 1, 0, 1, 0, 2, 2, 0, 0]|[4, 3, 2, 2, 0, 0, 2, 2, 2, 1, 1, 1, 2, 4, 4, 1, 2, 4, 2, 1, 1, 1, 1, 2, 1, 2, 1, 1, 1, 1, 3, 2, 3, 0, 4, 0, 1, 1, 0, 3, 2, 2, 4, 0, 1, 1, 0, 2, 0, 1, 2, 2, 1, 4, 0, 3, 2, 1, 1, 2, 1, 3, 1, 1, 1, 3, 0, 4, 3, 1, 4, 1, 1, 2, 4, 4, 2, 1, 1, 3, 1, 3, 1, 1, 2, 1, 2, 1, 0, 1, 1, 2, 3, 1, 1, 2, 1, 1, 2, 2]|[0, 2, 1, 1, 3, 3, 0, 1, 0, 0, 0, 0, 1, 0, 1, 0, 0, 3, 1, 0, 0, 0, 3, 1, 0, 2, 0, 0, 0, 1, 0, 0, 0, 0, 3, 0, 1, 0, 0, 2, 1, 1, 2, 0, 0, 0, 0, 1, 1, 0, 0, 0, 1, 3, 0, 0, 1, 0, 0, 1, 0, 2, 0, 1, 0, 2, 1, 0, 0, 1, 1, 3, 1, 1, 3, 3, 1, 0, 0, 2, 0, 0, 0, 0, 1, 0, 1, 0, 1, 0, 0, 0, 0, 1, 1, 0, 0, 0, 0, 0],799.1002142476597,58766.469869081004,90067.55034105257,false
25,G1_CMAX,G1_CMAX,[31, 22, 82, 15, 26, 9, 42, 77, 12, 5, 47, 93, 78, 86, 54, 6, 63, 18, 44, 20, 35, 43, 97, 91, 76, 10, 30, 21, 45, 17, 23, 1, 71, 83, 24, 14, 60, 36, 85, 57, 40, 95, 88, 65, 56, 79, 94, 67, 68, 46, 75, 38, 58, 19, 32, 81, 41, 62, 87, 28, 90, 59, 11, 16, 72, 73, 69, 52, 37, 64, 84, 3, 25, 29, 55, 51, 7, 98, 61, 66, 99, 33, 89, 48, 50, 96, 53, 80, 4, 8, 27, 2, 39, 13, 0, 92, 49, 74, 34, 70]|[1, 1, 0, 1, 1, 1, 2, 2, 1, 2, 2, 1, 1, 1, 0, 0, 1, 0, 2, 2, 0, 1, 2, 2, 1, 2, 2, 0, 0, 1, 2, 1, 1, 0, 2, 0, 1, 1, 0, 1, 1, 1, 1, 0, 2, 1, 1, 0, 0, 0, 0, 1, 1, 2, 1, 2, 0, 0, 2, 0, 1, 2, 2, 1, 2, 1, 1, 1, 1, 1, 1, 2, 1, 0, 2, 0, 1, 2, 1, 0, 0, 2, 1, 0, 0, 2, 0, 0, 1, 1, 0, 0, 1, 0, 0, 0, 0, 2, 2, 1]|[0, 3, 1, 2, 0, 0, 1, 1, 4, 1, 1, 4, 4, 4, 2, 2, 4, 2, 1, 1, 1, 1, 2, 1, 2, 1, 1, 1, 1, 4, 0, 3, 3, 0, 1, 1, 0, 3, 2, 2, 2, 2, 0, 1, 1, 0, 4, 0, 1, 2, 2, 1, 4, 0, 3, 2, 1, 2, 1, 2, 3, 1, 1, 3, 0, 4, 4, 1, 4, 3, 1, 2, 4, 1, 1, 1, 1, 1, 3, 1, 1, 1, 1, 1, 1, 1, 2, 1, 4, 3, 2, 2, 1, 2, 2, 0, 1, 1, 1, 4]|[1, 1, 1, 1, 3, 3, 0, 0, 0, 0, 0, 2, 0, 1, 0, 0, 3, 1, 0, 0, 0, 3, 1, 0, 2, 0, 0, 0, 1, 3, 0, 0, 0, 0, 1, 0, 0, 2, 1, 1, 1, 1, 0, 0, 0, 0, 2, 1, 0, 0, 0, 1, 3, 0, 0, 1, 0, 1, 0, 1, 2, 0, 0, 2, 1, 0, 2, 1, 1, 0, 3, 1, 3, 0, 0, 0, 2, 0, 0, 0, 0, 0, 1, 0, 0, 0, 1, 0, 0, 2, 1, 0, 1, 0, 0, 1, 1, 0, 0, 2],733.3116759547878,58140.55643565909,96674.14109675489,false
25,G4_BALANCED,G1_CMAX,[31, 22, 82, 15, 26, 9, 42, 77, 12, 5, 47, 93, 78, 86, 54, 6, 63, 18, 44, 20, 35, 43, 97, 91, 76, 10, 30, 21, 45, 17, 23, 64, 1, 71, 98, 83, 24, 14, 60, 36, 95, 57, 94, 88, 65, 56, 79, 40, 67, 68, 46, 75, 38, 58, 19, 32, 81, 41, 27, 62, 87, 90, 99, 59, 11, 16, 72, 73, 69, 39, 37, 84, 3, 92, 25, 55, 28, 29, 51, 7, 66, 61, 85, 48, 89, 50, 8, 96, 4, 53, 80, 33, 34, 49, 52, 0, 13, 70, 2, 74]|[1, 1, 0, 1, 1, 1, 2, 1, 2, 1, 2, 2, 1, 1, 1, 0, 0, 1, 0, 2, 2, 0, 2, 2, 1, 2, 2, 2, 0, 1, 1, 2, 1, 2, 1, 0, 2, 0, 1, 1, 0, 1, 1, 1, 0, 2, 1, 1, 0, 0, 0, 0, 1, 0, 2, 1, 2, 0, 0, 0, 2, 1, 0, 1, 2, 1, 2, 1, 1, 1, 1, 1, 1, 0, 1, 2, 0, 0, 0, 1, 2, 1, 2, 0, 1, 0, 1, 2, 1, 0, 0, 2, 2, 0, 1, 0, 0, 1, 0, 2]|[4, 3, 2, 2, 0, 0, 1, 2, 2, 4, 1, 1, 4, 4, 4, 1, 2, 4, 2, 1, 1, 1, 2, 2, 2, 1, 1, 1, 1, 4, 3, 2, 3, 1, 4, 0, 1, 1, 0, 3, 2, 2, 4, 0, 1, 1, 0, 2, 0, 1, 2, 2, 1, 1, 0, 3, 2, 1, 2, 2, 1, 3, 1, 1, 1, 3, 0, 4, 3, 1, 4, 1, 1, 0, 4, 1, 2, 1, 1, 3, 1, 3, 1, 1, 1, 1, 3, 1, 4, 2, 1, 1, 1, 1, 1, 2, 2, 3, 2, 1]|[0, 2, 1, 1, 3, 3, 0, 1, 0, 0, 0, 0, 0, 1, 1, 0, 0, 3, 1, 0, 0, 0, 1, 1, 2, 0, 0, 0, 0, 3, 0, 0, 0, 0, 3, 0, 1, 0, 0, 2, 1, 1, 2, 0, 0, 0, 0, 1, 1, 0, 0, 0, 1, 0, 0, 0, 1, 0, 1, 1, 0, 2, 0, 1, 0, 2, 1, 0, 0, 1, 1, 3, 1, 1, 3, 0, 1, 0, 0, 2, 0, 0, 0, 0, 1, 0, 2, 0, 0, 1, 0, 0, 0, 1, 1, 0, 0, 0, 0, 0],737.2541849392055,56765.879691817245,97204.38825524179,true
25,G2_TEC,G2_TEC,[31, 22, 82, 15, 26, 9, 95, 42, 77, 68, 47, 5, 93, 78, 86, 54, 85, 63, 18, 44, 20, 49, 36, 14, 74, 50, 53, 17, 21, 28, 11, 64, 3, 23, 30, 83, 24, 41, 40, 52, 65, 27, 90, 70, 39, 87, 48, 69, 99, 4, 46, 1, 13, 58, 97, 59, 45, 8, 73, 37, 35, 79, 71, 66, 76, 32, 60, 80, 96, 6, 16, 61, 33, 7, 57, 34, 12, 67, 10, 98, 56, 88, 43, 75, 91, 38, 19, 92, 29, 84, 51, 72, 81, 25, 2, 55, 94, 89, 62, 0]|[2, 1, 2, 1, 1, 2, 1, 1, 1, 1, 1, 0, 2, 2, 1, 2, 0, 0, 0, 2, 2, 1, 0, 2, 0, 2, 2, 1, 0, 1, 1, 1, 0, 0, 1, 0, 2, 1, 2, 2, 0, 0, 1, 1, 0, 2, 0, 2, 1, 0, 0, 2, 0, 0, 2, 0, 1, 1, 0, 0, 2, 1, 1, 2, 2, 0, 2, 2, 0, 1, 2, 1, 1, 2, 0, 1, 1, 1, 1, 2, 2, 1, 1, 0, 1, 0, 1, 0, 1, 0, 1, 1, 1, 1, 2, 0, 2, 1, 1, 0]|[0, 3, 0, 3, 4, 1, 4, 4, 2, 4, 3, 2, 1, 0, 2, 1, 1, 1, 2, 1, 1, 3, 0, 1, 0, 1, 1, 4, 1, 4, 3, 2, 2, 0, 4, 1, 1, 4, 0, 1, 2, 1, 4, 4, 1, 1, 0, 2, 3, 2, 2, 1, 2, 1, 1, 2, 4, 3, 0, 2, 2, 3, 3, 0, 1, 2, 0, 1, 2, 4, 1, 3, 4, 1, 2, 4, 3, 3, 3, 1, 1, 4, 4, 2, 3, 2, 4, 2, 3, 2, 3, 4, 4, 4, 1, 2, 1, 4, 3, 2]|[0, 2, 0, 0, 3, 0, 1, 3, 0, 0, 2, 0, 1, 0, 1, 0, 0, 0, 1, 0, 0, 2, 0, 0, 1, 0, 0, 3, 0, 1, 0, 2, 0, 0, 3, 0, 1, 3, 0, 0, 0, 0, 1, 3, 0, 0, 1, 0, 2, 0, 0, 0, 0, 0, 1, 0, 1, 0, 1, 1, 0, 2, 0, 0, 0, 0, 0, 0, 0, 2, 0, 0, 1, 0, 0, 1, 0, 0, 3, 0, 0, 1, 2, 0, 0, 0, 1, 0, 3, 0, 0, 2, 1, 3, 0, 0, 0, 1, 0, 0],884.1935202920454,50350.47642403707,113845.06305296552,false
25,G3_TWC,G3_TWC,[31, 22, 82, 15, 26, 9, 42, 95, 77, 12, 47, 5, 93, 78, 86, 54, 85, 63, 18, 44, 20, 35, 43, 97, 91, 76, 10, 30, 21, 45, 71, 64, 1, 23, 17, 83, 24, 14, 60, 36, 6, 57, 94, 88, 65, 56, 79, 40, 67, 68, 46, 75, 38, 58, 19, 32, 81, 41, 27, 62, 87, 90, 99, 59, 11, 16, 72, 73, 69, 39, 37, 84, 3, 92, 25, 55, 28, 29, 51, 7, 33, 61, 98, 66, 89, 50, 4, 96, 53, 8, 80, 13, 70, 49, 52, 0, 74, 34, 2, 48]|[1, 1, 0, 1, 1, 1, 2, 1, 2, 2, 2, 2, 2, 1, 1, 0, 0, 1, 0, 2, 2, 0, 1, 2, 0, 1, 2, 2, 0, 0, 1, 2, 1, 2, 1, 0, 2, 0, 1, 1, 0, 1, 1, 1, 0, 2, 1, 1, 0, 0, 0, 0, 1, 1, 2, 1, 2, 0, 0, 0, 2, 1, 0, 1, 2, 1, 2, 1, 1, 1, 1, 1, 1, 0, 1, 1, 0, 0, 0, 1, 2, 1, 2, 2, 0, 0, 0, 0, 2, 0, 0, 0, 1, 0, 1, 0, 2, 2, 0, 0]|[4, 3, 2, 2, 0, 0, 2, 2, 2, 1, 1, 1, 2, 4, 4, 1, 2, 4, 2, 1, 1, 1, 1, 2, 1, 2, 1, 1, 1, 1, 3, 2, 3, 0, 4, 0, 1, 1, 0, 3, 2, 2, 4, 0, 1, 1, 0, 2, 0, 1, 2, 2, 1, 4, 0, 3, 2, 1, 1, 2, 1, 3, 1, 1, 1, 3, 0, 4, 3, 1, 4, 1, 1, 2, 4, 4, 2, 1, 1, 3, 1, 3, 1, 1, 2, 1, 2, 1, 0, 1, 1, 2, 3, 1, 1, 2, 1, 1, 2, 2]|[0, 2, 1, 1, 3, 3, 0, 1, 0, 0, 0, 0, 1, 0, 1, 0, 0, 3, 1, 0, 0, 0, 3, 1, 0, 2, 0, 0, 0, 1, 0, 0, 0, 0, 3, 0, 1, 0, 0, 2, 1, 1, 2, 0, 0, 0, 0, 1, 1, 0, 0, 0, 1, 3, 0, 0, 1, 0, 0, 1, 0, 2, 0, 1, 0, 2, 1, 0, 0, 1, 1, 3, 1, 1, 3, 3, 1, 0, 0, 2, 0, 0, 0, 0, 1, 0, 1, 0, 1, 0, 0, 0, 0, 1, 1, 0, 0, 0, 0, 0],799.1002142476597,58766.469869081004,90067.55034105257,false
25,G1_CMAX,G1_CMAX,[31, 22, 82, 15, 26, 9, 42, 77, 12, 5, 47, 93, 78, 86, 54, 6, 63, 18, 44, 20, 35, 43, 97, 91, 76, 10, 30, 21, 45, 17, 23, 1, 71, 83, 24, 14, 60, 36, 85, 57, 40, 95, 88, 65, 56, 79, 94, 67, 68, 46, 75, 38, 58, 19, 32, 81, 41, 62, 87, 28, 90, 59, 11, 16, 72, 73, 69, 52, 37, 64, 84, 3, 25, 29, 55, 51, 7, 98, 61, 66, 99, 33, 89, 48, 50, 96, 53, 80, 4, 8, 27, 2, 39, 13, 0, 92, 49, 74, 34, 70]|[1, 1, 0, 1, 1, 1, 2, 2, 1, 2, 2, 1, 1, 1, 0, 0, 1, 0, 2, 2, 0, 1, 2, 2, 1, 2, 2, 0, 0, 1, 2, 1, 1, 0, 2, 0, 1, 1, 0, 1, 1, 1, 1, 0, 2, 1, 1, 0, 0, 0, 0, 1, 1, 2, 1, 2, 0, 0, 2, 0, 1, 2, 2, 1, 2, 1, 1, 1, 1, 1, 1, 2, 1, 0, 2, 0, 1, 2, 1, 0, 0, 2, 1, 0, 0, 2, 0, 0, 1, 1, 0, 0, 1, 0, 0, 0, 0, 2, 2, 1]|[0, 3, 1, 2, 0, 0, 1, 1, 4, 1, 1, 4, 4, 4, 2, 2, 4, 2, 1, 1, 1, 1, 2, 1, 2, 1, 1, 1, 1, 4, 0, 3, 3, 0, 1, 1, 0, 3, 2, 2, 2, 2, 0, 1, 1, 0, 4, 0, 1, 2, 2, 1, 4, 0, 3, 2, 1, 2, 1, 2, 3, 1, 1, 3, 0, 4, 4, 1, 4, 3, 1, 2, 4, 1, 1, 1, 1, 1, 3, 1, 1, 1, 1, 1, 1, 1, 2, 1, 4, 3, 2, 2, 1, 2, 2, 0, 1, 1, 1, 4]|[1, 1, 1, 1, 3, 3, 0, 0, 0, 0, 0, 2, 0, 1, 0, 0, 3, 1, 0, 0, 0, 3, 1, 0, 2, 0, 0, 0, 1, 3, 0, 0, 0, 0, 1, 0, 0, 2, 1, 1, 1, 1, 0, 0, 0, 0, 2, 1, 0, 0, 0, 1, 3, 0, 0, 1, 0, 1, 0, 1, 2, 0, 0, 2, 1, 0, 2, 1, 1, 0, 3, 1, 3, 0, 0, 0, 2, 0, 0, 0, 0, 0, 1, 0, 0, 0, 1, 0, 0, 2, 1, 0, 1, 0, 0, 1, 1, 0, 0, 2],733.3116759547878,58140.55643565909,96674.14109675489,false
25,G4_BALANCED,G1_CMAX,[31, 22, 82, 15, 26, 9, 42, 95, 77, 12, 47, 5, 93, 78, 86, 54, 85, 63, 18, 44, 20, 35, 43, 97, 91, 76, 10, 30, 21, 45, 71, 64, 1, 23, 17, 83, 24, 14, 60, 36, 6, 57, 40, 88, 65, 56, 79, 94, 67, 68, 46, 75, 38, 58, 19, 32, 81, 41, 27, 62, 87, 90, 99, 59, 11, 16, 72, 73, 70, 39, 37, 84, 3, 92, 25, 55, 28, 29, 51, 7, 33, 50, 98, 66, 89, 61, 8, 96, 53, 80, 4, 48, 52, 2, 34, 0, 13, 69, 49, 74]|[1, 1, 0, 1, 1, 1, 1, 2, 2, 1, 2, 2, 2, 1, 1, 0, 0, 1, 0, 2, 2, 0, 1, 2, 0, 1, 2, 2, 0, 0, 1, 2, 1, 2, 1, 0, 2, 0, 1, 1, 0, 1, 1, 1, 0, 2, 1, 1, 0, 0, 0, 0, 1, 1, 2, 1, 2, 0, 0, 0, 2, 1, 0, 1, 2, 1, 2, 1, 1, 1, 1, 1, 1, 0, 1, 2, 0, 0, 0, 1, 2, 0, 2, 2, 1, 1, 1, 2, 0, 0, 1, 0, 1, 0, 2, 0, 0, 1, 0, 2]|[4, 3, 2, 2, 4, 0, 2, 2, 2, 4, 1, 1, 2, 4, 4, 1, 2, 4, 2, 1, 1, 1, 1, 2, 1, 2, 1, 1, 1, 1, 3, 2, 3, 1, 4, 0, 1, 1, 0, 3, 2, 2, 2, 0, 1, 1, 0, 4, 0, 1, 2, 2, 1, 4, 0, 3, 2, 1, 1, 2, 1, 3, 1, 1, 1, 3, 0, 4, 3, 1, 4, 1, 1, 2, 4, 1, 2, 1, 1, 1, 1, 1, 1, 1, 1, 3, 3, 1, 2, 1, 4, 1, 1, 2, 1, 2, 2, 4, 1, 1]|[0, 2, 1, 1, 3, 3, 1, 0, 0, 0, 0, 0, 1, 0, 1, 0, 0, 3, 1, 0, 0, 0, 3, 1, 0, 2, 0, 0, 0, 1, 0, 0, 0, 0, 3, 0, 1, 0, 0, 2, 1, 1, 1, 0, 0, 0, 0, 2, 1, 0, 0, 0, 1, 3, 0, 0, 1, 0, 0, 1, 0, 2, 0, 1, 0, 2, 1, 0, 0, 1, 1, 3, 1, 1, 3, 0, 1, 0, 0, 2, 0, 0, 0, 0, 1, 0, 2, 0, 1, 0, 0, 0, 1, 0, 0, 0, 0, 2, 1, 0],742.1580946277694,57106.02409486362,93281.26328827158,true
25,G2_TEC,G2_TEC,[31, 22, 82, 15, 26, 9, 95, 42, 77, 68, 47, 5, 93, 78, 86, 54, 85, 63, 18, 44, 20, 49, 36, 14, 74, 50, 53, 17, 21, 28, 11, 64, 3, 23, 30, 83, 24, 41, 40, 52, 65, 27, 90, 70, 39, 87, 48, 69, 99, 4, 46, 1, 13, 58, 97, 59, 45, 8, 73, 37, 35, 79, 71, 66, 76, 32, 60, 80, 96, 6, 16, 61, 33, 7, 57, 34, 12, 67, 10, 98, 56, 88, 43, 75, 91, 38, 19, 92, 29, 84, 51, 72, 81, 25, 2, 55, 94, 89, 62, 0]|[2, 1, 2, 1, 1, 2, 1, 1, 1, 1, 1, 0, 2, 2, 1, 2, 0, 0, 0, 2, 2, 1, 0, 2, 0, 2, 2, 1, 0, 1, 1, 1, 0, 0, 1, 0, 2, 1, 2, 2, 0, 0, 1, 1, 0, 2, 0, 2, 1, 0, 0, 2, 0, 0, 2, 0, 1, 1, 0, 0, 2, 1, 1, 2, 2, 0, 2, 2, 0, 1, 2, 1, 1, 2, 0, 1, 1, 1, 1, 2, 2, 1, 1, 0, 1, 0, 1, 0, 1, 0, 1, 1, 1, 1, 2, 0, 2, 1, 1, 0]|[0, 3, 0, 3, 4, 1, 4, 4, 2, 4, 3, 2, 1, 0, 2, 1, 1, 1, 2, 1, 1, 3, 0, 1, 0, 1, 1, 4, 1, 4, 3, 2, 2, 0, 4, 1, 1, 4, 0, 1, 2, 1, 4, 4, 1, 1, 0, 2, 3, 2, 2, 1, 2, 1, 1, 2, 4, 3, 0, 2, 2, 3, 3, 0, 1, 2, 0, 1, 2, 4, 1, 3, 4, 1, 2, 4, 3, 3, 3, 1, 1, 4, 4, 2, 3, 2, 4, 2, 3, 2, 3, 4, 4, 4, 1, 2, 1, 4, 3, 2]|[0, 2, 0, 0, 3, 0, 1, 3, 0, 0, 2, 0, 1, 0, 1, 0, 0, 0, 1, 0, 0, 2, 0, 0, 1, 0, 0, 3, 0, 1, 0, 2, 0, 0, 3, 0, 1, 3, 0, 0, 0, 0, 1, 3, 0, 0, 1, 0, 2, 0, 0, 0, 0, 0, 1, 0, 1, 0, 1, 1, 0, 2, 0, 0, 0, 0, 0, 0, 0, 2, 0, 0, 1, 0, 0, 1, 0, 0, 3, 0, 0, 1, 2, 0, 0, 0, 1, 0, 3, 0, 0, 2, 1, 3, 0, 0, 0, 1, 0, 0],884.1935202920454,50350.47642403707,113845.06305296552,false
25,G3_TWC,G3_TWC,[31, 22, 82, 15, 26, 9, 42, 95, 77, 12, 47, 5, 93, 78, 86, 54, 85, 63, 18, 44, 20, 35, 43, 97, 91, 76, 10, 30, 21, 45, 71, 64, 1, 23, 17, 83, 24, 14, 60, 36, 6, 57, 94, 88, 65, 56, 79, 40, 67, 68, 46, 75, 38, 58, 19, 32, 81, 41, 27, 62, 87, 90, 99, 59, 11, 16, 72, 73, 69, 39, 37, 84, 3, 92, 25, 55, 28, 29, 51, 7, 33, 61, 98, 66, 89, 50, 4, 96, 53, 8, 80, 13, 70, 49, 52, 0, 74, 34, 2, 48]|[1, 1, 0, 1, 1, 1, 2, 1, 2, 2, 2, 2, 2, 1, 1, 0, 0, 1, 0, 2, 2, 0, 1, 2, 0, 1, 2, 2, 0, 0, 1, 2, 1, 2, 1, 0, 2, 0, 1, 1, 0, 1, 1, 1, 0, 2, 1, 1, 0, 0, 0, 0, 1, 1, 2, 1, 2, 0, 0, 0, 2, 1, 0, 1, 2, 1, 2, 1, 1, 1, 1, 1, 1, 0, 1, 1, 0, 0, 0, 1, 2, 1, 2, 2, 0, 0, 0, 0, 2, 0, 0, 0, 1, 0, 1, 0, 2, 2, 0, 0]|[4, 3, 2, 2, 0, 0, 2, 2, 2, 1, 1, 1, 2, 4, 4, 1, 2, 4, 2, 1, 1, 1, 1, 2, 1, 2, 1, 1, 1, 1, 3, 2, 3, 0, 4, 0, 1, 1, 0, 3, 2, 2, 4, 0, 1, 1, 0, 2, 0, 1, 2, 2, 1, 4, 0, 3, 2, 1, 1, 2, 1, 3, 1, 1, 1, 3, 0, 4, 3, 1, 4, 1, 1, 2, 4, 4, 2, 1, 1, 3, 1, 3, 1, 1, 2, 1, 2, 1, 0, 1, 1, 2, 3, 1, 1, 2, 1, 1, 2, 2]|[0, 2, 1, 1, 3, 3, 0, 1, 0, 0, 0, 0, 1, 0, 1, 0, 0, 3, 1, 0, 0, 0, 3, 1, 0, 2, 0, 0, 0, 1, 0, 0, 0, 0, 3, 0, 1, 0, 0, 2, 1, 1, 2, 0, 0, 0, 0, 1, 1, 0, 0, 0, 1, 3, 0, 0, 1, 0, 0, 1, 0, 2, 0, 1, 0, 2, 1, 0, 0, 1, 1, 3, 1, 1, 3, 3, 1, 0, 0, 2, 0, 0, 0, 0, 1, 0, 1, 0, 1, 0, 0, 0, 0, 1, 1, 0, 0, 0, 0, 0],799.1002142476597,58766.469869081004,90067.55034105257,false
25,G1_CMAX,G1_CMAX,[31, 22, 82, 15, 26, 9, 42, 77, 12, 5, 47, 93, 78, 86, 54, 6, 63, 18, 44, 20, 35, 43, 97, 91, 76, 10, 30, 21, 45, 17, 23, 1, 71, 83, 24, 14, 60, 36, 85, 57, 40, 95, 88, 65, 56, 79, 94, 67, 68, 46, 75, 38, 58, 19, 32, 81, 41, 62, 87, 28, 90, 59, 11, 16, 72, 73, 69, 52, 37, 64, 84, 3, 25, 29, 55, 51, 7, 98, 61, 66, 99, 33, 89, 48, 50, 96, 53, 80, 4, 8, 27, 2, 39, 13, 0, 92, 49, 74, 34, 70]|[1, 1, 0, 1, 1, 1, 2, 2, 1, 2, 2, 1, 1, 1, 0, 0, 1, 0, 2, 2, 0, 1, 2, 2, 1, 2, 2, 0, 0, 1, 2, 1, 1, 0, 2, 0, 1, 1, 0, 1, 1, 1, 1, 0, 2, 1, 1, 0, 0, 0, 0, 1, 1, 2, 1, 2, 0, 0, 2, 0, 1, 2, 2, 1, 2, 1, 1, 1, 1, 1, 1, 2, 1, 0, 2, 0, 1, 2, 1, 0, 0, 2, 1, 0, 0, 2, 0, 0, 1, 1, 0, 0, 1, 0, 0, 0, 0, 2, 2, 1]|[0, 3, 1, 2, 0, 0, 1, 1, 4, 1, 1, 4, 4, 4, 2, 2, 4, 2, 1, 1, 1, 1, 2, 1, 2, 1, 1, 1, 1, 4, 0, 3, 3, 0, 1, 1, 0, 3, 2, 2, 2, 2, 0, 1, 1, 0, 4, 0, 1, 2, 2, 1, 4, 0, 3, 2, 1, 2, 1, 2, 3, 1, 1, 3, 0, 4, 4, 1, 4, 3, 1, 2, 4, 1, 1, 1, 1, 1, 3, 1, 1, 1, 1, 1, 1, 1, 2, 1, 4, 3, 2, 2, 1, 2, 2, 0, 1, 1, 1, 4]|[1, 1, 1, 1, 3, 3, 0, 0, 0, 0, 0, 2, 0, 1, 0, 0, 3, 1, 0, 0, 0, 3, 1, 0, 2, 0, 0, 0, 1, 3, 0, 0, 0, 0, 1, 0, 0, 2, 1, 1, 1, 1, 0, 0, 0, 0, 2, 1, 0, 0, 0, 1, 3, 0, 0, 1, 0, 1, 0, 1, 2, 0, 0, 2, 1, 0, 2, 1, 1, 0, 3, 1, 3, 0, 0, 0, 2, 0, 0, 0, 0, 0, 1, 0, 0, 0, 1, 0, 0, 2, 1, 0, 1, 0, 0, 1, 1, 0, 0, 2],733.3116759547878,58140.55643565909,96674.14109675489,false
25,G4_BALANCED,G4_BALANCED,[31, 22, 82, 15, 26, 58, 95, 42, 77, 12, 47, 5, 93, 78, 86, 54, 85, 63, 18, 44, 20, 35, 43, 97, 66, 76, 10, 30, 21, 45, 71, 64, 1, 23, 17, 83, 24, 14, 60, 36, 6, 57, 40, 88, 65, 56, 79, 94, 67, 68, 46, 75, 38, 9, 19, 32, 81, 41, 27, 62, 87, 90, 99, 59, 11, 16, 72, 73, 70, 39, 37, 84, 3, 92, 25, 55, 29, 28, 51, 7, 33, 61, 48, 98, 89, 50, 4, 96, 53, 80, 91, 8, 34, 2, 52, 69, 13, 0, 49, 74]|[1, 1, 0, 1, 1, 0, 1, 2, 2, 1, 2, 2, 2, 1, 1, 0, 0, 1, 0, 2, 2, 0, 1, 2, 2, 1, 2, 2, 0, 0, 1, 2, 1, 2, 1, 0, 2, 0, 1, 1, 0, 1, 1, 1, 0, 2, 2, 1, 0, 0, 0, 0, 1, 1, 2, 1, 0, 0, 0, 0, 2, 1, 0, 1, 2, 1, 2, 1, 1, 1, 1, 1, 1, 0, 1, 2, 0, 0, 0, 1, 2, 1, 0, 2, 1, 0, 1, 2, 0, 0, 0, 1, 2, 0, 1, 1, 0, 0, 0, 2]|[4, 3, 2, 2, 4, 1, 2, 2, 2, 4, 1, 1, 2, 4, 4, 1, 2, 4, 2, 1, 1, 1, 1, 2, 1, 2, 1, 1, 1, 1, 3, 1, 3, 1, 4, 0, 1, 1, 0, 3, 2, 2, 2, 0, 1, 1, 1, 4, 0, 1, 2, 2, 1, 4, 0, 3, 1, 1, 1, 2, 1, 3, 1, 1, 1, 3, 0, 4, 3, 1, 4, 1, 1, 0, 4, 1, 1, 2, 1, 1, 1, 3, 1, 1, 1, 1, 4, 1, 2, 1, 1, 3, 1, 2, 1, 4, 2, 2, 1, 1]|[0, 2, 1, 1, 3, 0, 1, 0, 0, 0, 0, 0, 1, 0, 1, 0, 0, 3, 1, 0, 0, 0, 3, 1, 0, 2, 0, 0, 0, 0, 0, 0, 0, 0, 3, 0, 1, 0, 0, 2, 1, 1, 1, 0, 0, 0, 0, 2, 1, 0, 0, 0, 1, 3, 0, 0, 0, 0, 0, 1, 0, 2, 0, 1, 0, 2, 1, 0, 0, 1, 1, 3, 1, 1, 3, 0, 0, 1, 0, 2, 0, 0, 0, 0, 1, 0, 0, 0, 1, 0, 0, 2, 0, 0, 1, 2, 0, 0, 1, 0],805.1989446849021,55434.38301955114,96467.15379338842,false
25,G2_TEC,G2_TEC,[31, 22, 82, 15, 26, 9, 95, 42, 77, 68, 47, 5, 93, 78, 86, 54, 85, 63, 18, 44, 20, 49, 36, 14, 74, 50, 53, 17, 21, 28, 11, 64, 3, 23, 30, 83, 24, 41, 40, 52, 65, 27, 90, 70, 39, 87, 48, 69, 99, 4, 46, 1, 13, 58, 97, 59, 45, 8, 73, 37, 35, 79, 71, 66, 76, 32, 60, 80, 96, 6, 16, 61, 33, 7, 57, 34, 12, 67, 10, 98, 56, 88, 43, 75, 91, 38, 19, 92, 29, 84, 51, 72, 81, 25, 2, 55, 94, 89, 62, 0]|[2, 1, 2, 1, 1, 2, 1, 1, 1, 1, 1, 0, 2, 2, 1, 2, 0, 0, 0, 2, 2, 1, 0, 2, 0, 2, 2, 1, 0, 1, 1, 1, 0, 0, 1, 0, 2, 1, 2, 2, 0, 0, 1, 1, 0, 2, 0, 2, 1, 0, 0, 2, 0, 0, 2, 0, 1, 1, 0, 0, 2, 1, 1, 2, 2, 0, 2, 2, 0, 1, 2, 1, 1, 2, 0, 1, 1, 1, 1, 2, 2, 1, 1, 0, 1, 0, 1, 0, 1, 0, 1, 1, 1, 1, 2, 0, 2, 1, 1, 0]|[0, 3, 0, 3, 4, 1, 4, 4, 2, 4, 3, 2, 1, 0, 2, 1, 1, 1, 2, 1, 1, 3, 0, 1, 0, 1, 1, 4, 1, 4, 3, 2, 2, 0, 4, 1, 1, 4, 0, 1, 2, 1, 4, 4, 1, 1, 0, 2, 3, 2, 2, 1, 2, 1, 1, 2, 4, 3, 0, 2, 2, 3, 3, 0, 1, 2, 0, 1, 2, 4, 1, 3, 4, 1, 2, 4, 3, 3, 3, 1, 1, 4, 4, 2, 3, 2, 4, 2, 3, 2, 3, 4, 4, 4, 1, 2, 1, 4, 3, 2]|[0, 2, 0, 0, 3, 0, 1, 3, 0, 0, 2, 0, 1, 0, 1, 0, 0, 0, 1, 0, 0, 2, 0, 0, 1, 0, 0, 3, 0, 1, 0, 2, 0, 0, 3, 0, 1, 3, 0, 0, 0, 0, 1, 3, 0, 0, 1, 0, 2, 0, 0, 0, 0, 0, 1, 0, 1, 0, 1, 1, 0, 2, 0, 0, 0, 0, 0, 0, 0, 2, 0, 0, 1, 0, 0, 1, 0, 0, 3, 0, 0, 1, 2, 0, 0, 0, 1, 0, 3, 0, 0, 2, 1, 3, 0, 0, 0, 1, 0, 0],884.1935202920454,50350.47642403707,113845.06305296552,false
25,G3_TWC,G3_TWC,[31, 22, 82, 15, 26, 9, 42, 95, 77, 12, 47, 5, 93, 78, 86, 54, 85, 63, 18, 44, 20, 35, 43, 97, 91, 76, 10, 30, 21, 45, 71, 64, 1, 23, 17, 83, 24, 14, 60, 36, 6, 57, 94, 88, 65, 56, 79, 40, 67, 68, 46, 75, 38, 58, 19, 32, 81, 41, 27, 62, 87, 90, 99, 59, 11, 16, 72, 73, 69, 39, 37, 84, 3, 92, 25, 55, 28, 29, 51, 7, 33, 61, 98, 66, 89, 50, 4, 96, 53, 8, 80, 13, 70, 49, 52, 0, 74, 34, 2, 48]|[1, 1, 0, 1, 1, 1, 2, 1, 2, 2, 2, 2, 2, 1, 1, 0, 0, 1, 0, 2, 2, 0, 1, 2, 0, 1, 2, 2, 0, 0, 1, 2, 1, 2, 1, 0, 2, 0, 1, 1, 0, 1, 1, 1, 0, 2, 1, 1, 0, 0, 0, 0, 1, 1, 2, 1, 2, 0, 0, 0, 2, 1, 0, 1, 2, 1, 2, 1, 1, 1, 1, 1, 1, 0, 1, 1, 0, 0, 0, 1, 2, 1, 2, 2, 0, 0, 0, 0, 2, 0, 0, 0, 1, 0, 1, 0, 2, 2, 0, 0]|[4, 3, 2, 2, 0, 0, 2, 2, 2, 1, 1, 1, 2, 4, 4, 1, 2, 4, 2, 1, 1, 1, 1, 2, 1, 2, 1, 1, 1, 1, 3, 2, 3, 0, 4, 0, 1, 1, 0, 3, 2, 2, 4, 0, 1, 1, 0, 2, 0, 1, 2, 2, 1, 4, 0, 3, 2, 1, 1, 2, 1, 3, 1, 1, 1, 3, 0, 4, 3, 1, 4, 1, 1, 2, 4, 4, 2, 1, 1, 3, 1, 3, 1, 1, 2, 1, 2, 1, 0, 1, 1, 2, 3, 1, 1, 2, 1, 1, 2, 2]|[0, 2, 1, 1, 3, 3, 0, 1, 0, 0, 0, 0, 1, 0, 1, 0, 0, 3, 1, 0, 0, 0, 3, 1, 0, 2, 0, 0, 0, 1, 0, 0, 0, 0, 3, 0, 1, 0, 0, 2, 1, 1, 2, 0, 0, 0, 0, 1, 1, 0, 0, 0, 1, 3, 0, 0, 1, 0, 0, 1, 0, 2, 0, 1, 0, 2, 1, 0, 0, 1, 1, 3, 1, 1, 3, 3, 1, 0, 0, 2, 0, 0, 0, 0, 1, 0, 1, 0, 1, 0, 0, 0, 0, 1, 1, 0, 0, 0, 0, 0],799.1002142476597,58766.469869081004,90067.55034105257,false
25,G1_CMAX,G1_CMAX,[31, 22, 82, 15, 26, 9, 42, 77, 12, 5, 47, 93, 78, 86, 54, 6, 63, 18, 44, 20, 35, 43, 97, 91, 76, 10, 30, 21, 45, 17, 23, 1, 71, 83, 24, 14, 60, 36, 85, 57, 40, 95, 88, 65, 56, 79, 94, 67, 68, 46, 75, 38, 58, 19, 32, 81, 41, 62, 87, 28, 90, 59, 11, 16, 72, 73, 69, 52, 37, 64, 84, 3, 25, 29, 55, 51, 7, 98, 61, 66, 99, 33, 89, 48, 50, 96, 53, 80, 4, 8, 27, 2, 39, 13, 0, 92, 49, 74, 34, 70]|[1, 1, 0, 1, 1, 1, 2, 2, 1, 2, 2, 1, 1, 1, 0, 0, 1, 0, 2, 2, 0, 1, 2, 2, 1, 2, 2, 0, 0, 1, 2, 1, 1, 0, 2, 0, 1, 1, 0, 1, 1, 1, 1, 0, 2, 1, 1, 0, 0, 0, 0, 1, 1, 2, 1, 2, 0, 0, 2, 0, 1, 2, 2, 1, 2, 1, 1, 1, 1, 1, 1, 2, 1, 0, 2, 0, 1, 2, 1, 0, 0, 2, 1, 0, 0, 2, 0, 0, 1, 1, 0, 0, 1, 0, 0, 0, 0, 2, 2, 1]|[0, 3, 1, 2, 0, 0, 1, 1, 4, 1, 1, 4, 4, 4, 2, 2, 4, 2, 1, 1, 1, 1, 2, 1, 2, 1, 1, 1, 1, 4, 0, 3, 3, 0, 1, 1, 0, 3, 2, 2, 2, 2, 0, 1, 1, 0, 4, 0, 1, 2, 2, 1, 4, 0, 3, 2, 1, 2, 1, 2, 3, 1, 1, 3, 0, 4, 4, 1, 4, 3, 1, 2, 4, 1, 1, 1, 1, 1, 3, 1, 1, 1, 1, 1, 1, 1, 2, 1, 4, 3, 2, 2, 1, 2, 2, 0, 1, 1, 1, 4]|[1, 1, 1, 1, 3, 3, 0, 0, 0, 0, 0, 2, 0, 1, 0, 0, 3, 1, 0, 0, 0, 3, 1, 0, 2, 0, 0, 0, 1, 3, 0, 0, 0, 0, 1, 0, 0, 2, 1, 1, 1, 1, 0, 0, 0, 0, 2, 1, 0, 0, 0, 1, 3, 0, 0, 1, 0, 1, 0, 1, 2, 0, 0, 2, 1, 0, 2, 1, 1, 0, 3, 1, 3, 0, 0, 0, 2, 0, 0, 0, 0, 0, 1, 0, 0, 0, 1, 0, 0, 2, 1, 0, 1, 0, 0, 1, 1, 0, 0, 2],733.3116759547878,58140.55643565909,96674.14109675489,false
25,G4_BALANCED,G4_BALANCED,[31, 22, 82, 15, 26, 9, 95, 42, 77, 68, 47, 5, 93, 78, 86, 54, 85, 63, 18, 44, 20, 49, 36, 14, 74, 50, 53, 17, 21, 28, 71, 64, 3, 23, 30, 83, 24, 41, 60, 52, 65, 27, 90, 70, 39, 87, 48, 69, 99, 4, 46, 1, 13, 58, 97, 59, 45, 8, 73, 37, 35, 40, 11, 66, 76, 32, 79, 80, 96, 6, 16, 61, 33, 7, 57, 34, 12, 67, 10, 98, 56, 88, 29, 25, 91, 38, 19, 92, 43, 84, 51, 72, 81, 75, 2, 55, 0, 62, 89, 94]|[2, 1, 2, 1, 1, 2, 1, 1, 1, 1, 1, 0, 2, 2, 1, 2, 0, 0, 0, 2, 2, 1, 0, 2, 0, 2, 2, 1, 0, 1, 1, 1, 0, 0, 1, 0, 2, 1, 2, 2, 0, 0, 1, 1, 0, 2, 0, 2, 1, 0, 0, 2, 0, 0, 2, 0, 1, 1, 0, 0, 2, 2, 0, 2, 2, 0, 1, 2, 0, 1, 2, 1, 1, 2, 0, 1, 1, 1, 1, 2, 2, 1, 1, 1, 1, 0, 1, 0, 1, 0, 1, 1, 1, 0, 2, 0, 0, 1, 1, 2]|[0, 3, 0, 3, 4, 1, 4, 4, 2, 4, 3, 2, 1, 0, 2, 1, 1, 1, 2, 1, 1, 3, 0, 1, 0, 1, 1, 4, 1, 4, 3, 2, 2, 0, 4, 1, 1, 4, 0, 1, 2, 1, 4, 4, 1, 1, 0, 2, 3, 1, 2, 1, 2, 1, 1, 2, 4, 3, 0, 2, 2, 0, 1, 0, 1, 2, 3, 1, 2, 4, 1, 3, 4, 1, 2, 4, 3, 3, 3, 1, 1, 4, 3, 4, 3, 2, 4, 2, 4, 2, 3, 4, 1, 2, 1, 2, 2, 3, 4, 1]|[0, 2, 0, 0, 3, 0, 1, 3, 0, 0, 2, 0, 1, 0, 1, 0, 0, 0, 1, 0, 0, 2, 0, 0, 1, 0, 0, 3, 0, 1, 0, 2, 0, 1, 3, 0, 1, 3, 1, 0, 0, 0, 1, 3, 0, 0, 1, 0, 2, 0, 0, 0, 0, 0, 1, 0, 1, 0, 1, 1, 0, 0, 0, 0, 0, 0, 2, 0, 0, 2, 0, 0, 1, 0, 0, 1, 0, 0, 3, 0, 0, 1, 0, 3, 0, 0, 3, 0, 2, 0, 0, 2, 1, 0, 0, 0, 0, 0, 1, 0],865.1682911866744,51566.998767914876,107163.30301675062,false
25,G2_TEC,G2_TEC,[31, 22, 82, 15, 26, 9, 95, 42, 77, 68, 47, 5, 93, 78, 86, 54, 85, 63, 18, 44, 20, 49, 36, 14, 74, 50, 53, 17, 21, 28, 11, 64, 3, 23, 30, 83, 24, 41, 40, 52, 65, 27, 90, 70, 39, 87, 48, 69, 99, 4, 46, 1, 13, 58, 97, 59, 45, 8, 73, 37, 35, 79, 71, 66, 76, 32, 60, 80, 96, 6, 16, 61, 33, 7, 57, 34, 12, 67, 10, 98, 56, 88, 43, 75, 91, 38, 19, 92, 29, 84, 51, 72, 81, 25, 2, 55, 94, 89, 62, 0]|[2, 1, 2, 1, 1, 2, 1, 1, 1, 1, 1, 0, 2, 2, 1, 2, 0, 0, 0, 2, 2, 1, 0, 2, 0, 2, 2, 1, 0, 1, 1, 1, 0, 0, 1, 0, 2, 1, 2, 2, 0, 0, 1, 1, 0, 2, 0, 2, 1, 0, 0, 2, 0, 0, 2, 0, 1, 1, 0, 0, 2, 1, 1, 2, 2, 0, 2, 2, 0, 1, 2, 1, 1, 2, 0, 1, 1, 1, 1, 2, 2, 1, 1, 0, 1, 0, 1, 0, 1, 0, 1, 1, 1, 1, 2, 0, 2, 1, 1, 0]|[0, 3, 0, 3, 4, 1, 4, 4, 2, 4, 3, 2, 1, 0, 2, 1, 1, 1, 2, 1, 1, 3, 0, 1, 0, 1, 1, 4, 1, 4, 3, 2, 2, 0, 4, 1, 1, 4, 0, 1, 2, 1, 4, 4, 1, 1, 0, 2, 3, 2, 2, 1, 2, 1, 1, 2, 4, 3, 0, 2, 2, 3, 3, 0, 1, 2, 0, 1, 2, 4, 1, 3, 4, 1, 2, 4, 3, 3, 3, 1, 1, 4, 4, 2, 3, 2, 4, 2, 3, 2, 3, 4, 4, 4, 1, 2, 1, 4, 3, 2]|[0, 2, 0, 0, 3, 0, 1, 3, 0, 0, 2, 0, 1, 0, 1, 0, 0, 0, 1, 0, 0, 2, 0, 0, 1, 0, 0, 3, 0, 1, 0, 2, 0, 0, 3, 0, 1, 3, 0, 0, 0, 0, 1, 3, 0, 0, 1, 0, 2, 0, 0, 0, 0, 0, 1, 0, 1, 0, 1, 1, 0, 2, 0, 0, 0, 0, 0, 0, 0, 2, 0, 0, 1, 0, 0, 1, 0, 0, 3, 0, 0, 1, 2, 0, 0, 0, 1, 0, 3, 0, 0, 2, 1, 3, 0, 0, 0, 1, 0, 0],884.1935202920454,50350.47642403707,113845.06305296552,false
25,G3_TWC,G3_TWC,[31, 22, 82, 15, 26, 9, 42, 95, 77, 12, 47, 5, 93, 78, 86, 54, 85, 63, 18, 44, 20, 35, 43, 97, 91, 76, 10, 30, 21, 45, 71, 64, 1, 23, 17, 83, 24, 14, 60, 36, 6, 57, 94, 88, 65, 56, 79, 40, 67, 68, 46, 75, 38, 58, 19, 32, 81, 41, 27, 62, 87, 90, 99, 59, 11, 16, 72, 73, 69, 39, 37, 84, 3, 92, 25, 55, 28, 29, 51, 7, 33, 61, 98, 66, 89, 50, 4, 96, 53, 8, 80, 13, 70, 49, 52, 0, 74, 34, 2, 48]|[1, 1, 0, 1, 1, 1, 2, 1, 2, 2, 2, 2, 2, 1, 1, 0, 0, 1, 0, 2, 2, 0, 1, 2, 0, 1, 2, 2, 0, 0, 1, 2, 1, 2, 1, 0, 2, 0, 1, 1, 0, 1, 1, 1, 0, 2, 1, 1, 0, 0, 0, 0, 1, 1, 2, 1, 2, 0, 0, 0, 2, 1, 0, 1, 2, 1, 2, 1, 1, 1, 1, 1, 1, 0, 1, 1, 0, 0, 0, 1, 2, 1, 2, 2, 0, 0, 0, 0, 2, 0, 0, 0, 1, 0, 1, 0, 2, 2, 0, 0]|[4, 3, 2, 2, 0, 0, 2, 2, 2, 1, 1, 1, 2, 4, 4, 1, 2, 4, 2, 1, 1, 1, 1, 2, 1, 2, 1, 1, 1, 1, 3, 2, 3, 0, 4, 0, 1, 1, 0, 3, 2, 2, 4, 0, 1, 1, 0, 2, 0, 1, 2, 2, 1, 4, 0, 3, 2, 1, 1, 2, 1, 3, 1, 1, 1, 3, 0, 4, 3, 1, 4, 1, 1, 2, 4, 4, 2, 1, 1, 3, 1, 3, 1, 1, 2, 1, 2, 1, 0, 1, 1, 2, 3, 1, 1, 2, 1, 1, 2, 2]|[0, 2, 1, 1, 3, 3, 0, 1, 0, 0, 0, 0, 1, 0, 1, 0, 0, 3, 1, 0, 0, 0, 3, 1, 0, 2, 0, 0, 0, 1, 0, 0, 0, 0, 3, 0, 1, 0, 0, 2, 1, 1, 2, 0, 0, 0, 0, 1, 1, 0, 0, 0, 1, 3, 0, 0, 1, 0, 0, 1, 0, 2, 0, 1, 0, 2, 1, 0, 0, 1, 1, 3, 1, 1, 3, 3, 1, 0, 0, 2, 0, 0, 0, 0, 1, 0, 1, 0, 1, 0, 0, 0, 0, 1, 1, 0, 0, 0, 0, 0],799.1002142476597,58766.469869081004,90067.55034105257,false
25,G1_CMAX,G1_CMAX,[31, 22, 82, 15, 26, 9, 42, 77, 12, 5, 47, 93, 78, 86, 54, 6, 63, 18, 44, 20, 35, 43, 97, 91, 76, 10, 30, 21, 45, 17, 23, 1, 71, 83, 24, 14, 60, 36, 85, 57, 40, 95, 88, 65, 56, 79, 94, 67, 68, 46, 75, 38, 58, 19, 32, 81, 41, 62, 87, 28, 90, 59, 11, 16, 72, 73, 69, 52, 37, 64, 84, 3, 25, 29, 55, 51, 7, 98, 61, 66, 99, 33, 89, 48, 50, 96, 53, 80, 4, 8, 27, 2, 39, 13, 0, 92, 49, 74, 34, 70]|[1, 1, 0, 1, 1, 1, 2, 2, 1, 2, 2, 1, 1, 1, 0, 0, 1, 0, 2, 2, 0, 1, 2, 2, 1, 2, 2, 0, 0, 1, 2, 1, 1, 0, 2, 0, 1, 1, 0, 1, 1, 1, 1, 0, 2, 1, 1, 0, 0, 0, 0, 1, 1, 2, 1, 2, 0, 0, 2, 0, 1, 2, 2, 1, 2, 1, 1, 1, 1, 1, 1, 2, 1, 0, 2, 0, 1, 2, 1, 0, 0, 2, 1, 0, 0, 2, 0, 0, 1, 1, 0, 0, 1, 0, 0, 0, 0, 2, 2, 1]|[0, 3, 1, 2, 0, 0, 1, 1, 4, 1, 1, 4, 4, 4, 2, 2, 4, 2, 1, 1, 1, 1, 2, 1, 2, 1, 1, 1, 1, 4, 0, 3, 3, 0, 1, 1, 0, 3, 2, 2, 2, 2, 0, 1, 1, 0, 4, 0, 1, 2, 2, 1, 4, 0, 3, 2, 1, 2, 1, 2, 3, 1, 1, 3, 0, 4, 4, 1, 4, 3, 1, 2, 4, 1, 1, 1, 1, 1, 3, 1, 1, 1, 1, 1, 1, 1, 2, 1, 4, 3, 2, 2, 1, 2, 2, 0, 1, 1, 1, 4]|[1, 1, 1, 1, 3, 3, 0, 0, 0, 0, 0, 2, 0, 1, 0, 0, 3, 1, 0, 0, 0, 3, 1, 0, 2, 0, 0, 0, 1, 3, 0, 0, 0, 0, 1, 0, 0, 2, 1, 1, 1, 1, 0, 0, 0, 0, 2, 1, 0, 0, 0, 1, 3, 0, 0, 1, 0, 1, 0, 1, 2, 0, 0, 2, 1, 0, 2, 1, 1, 0, 3, 1, 3, 0, 0, 0, 2, 0, 0, 0, 0, 0, 1, 0, 0, 0, 1, 0, 0, 2, 1, 0, 1, 0, 0, 1, 1, 0, 0, 2],733.3116759547878,58140.55643565909,96674.14109675489,false
25,G4_BALANCED,G4_BALANCED,[31, 22, 82, 15, 26, 58, 95, 42, 77, 12, 47, 5, 93, 78, 86, 54, 85, 63, 18, 44, 20, 35, 43, 97, 91, 76, 10, 30, 21, 45, 71, 64, 1, 23, 17, 83, 24, 14, 60, 36, 6, 57, 94, 88, 65, 56, 79, 40, 67, 68, 46, 75, 38, 9, 19, 32, 81, 41, 27, 62, 87, 90, 99, 59, 11, 16, 72, 73, 69, 39, 37, 84, 3, 92, 25, 55, 28, 29, 51, 50, 66, 61, 98, 33, 89, 7, 48, 96, 80, 53, 8, 4, 34, 2, 52, 0, 13, 70, 49, 74]|[1, 1, 0, 1, 1, 1, 1, 2, 2, 1, 2, 2, 2, 1, 1, 0, 0, 1, 0, 2, 2, 0, 1, 2, 0, 1, 2, 2, 0, 0, 1, 2, 1, 2, 1, 0, 2, 0, 1, 1, 0, 1, 1, 1, 0, 2, 1, 1, 0, 0, 0, 1, 0, 1, 2, 1, 2, 0, 0, 0, 2, 1, 0, 1, 2, 1, 2, 1, 1, 1, 1, 1, 1, 0, 1, 2, 0, 0, 0, 0, 2, 1, 2, 2, 1, 1, 0, 2, 0, 0, 0, 0, 2, 0, 1, 0, 0, 1, 0, 2]|[4, 3, 2, 2, 0, 0, 2, 2, 2, 4, 1, 1, 2, 4, 4, 1, 2, 4, 2, 1, 1, 1, 1, 2, 1, 2, 1, 1, 1, 1, 3, 1, 3, 1, 4, 0, 1, 1, 0, 3, 2, 2, 2, 0, 1, 1, 0, 4, 0, 1, 2, 1, 2, 4, 0, 3, 2, 1, 1, 2, 1, 3, 1, 1, 1, 3, 0, 4, 3, 1, 4, 1, 1, 2, 4, 1, 2, 1, 1, 1, 1, 3, 1, 1, 1, 1, 1, 1, 1, 2, 1, 2, 1, 2, 1, 2, 2, 4, 1, 1]|[0, 2, 1, 1, 3, 3, 1, 0, 0, 0, 0, 0, 1, 0, 1, 0, 0, 3, 1, 0, 0, 0, 3, 1, 0, 2, 0, 0, 0, 1, 0, 0, 0, 0, 3, 0, 1, 0, 0, 2, 1, 1, 1, 0, 0, 0, 0, 2, 1, 0, 0, 1, 0, 3, 0, 0, 1, 0, 0, 1, 0, 2, 0, 1, 0, 2, 1, 0, 0, 1, 1, 3, 1, 1, 3, 0, 1, 0, 0, 0, 0, 0, 0, 0, 1, 2, 0, 0, 0, 1, 0, 1, 0, 0, 1, 0, 0, 2, 1, 0],782.502061522631,57326.81258506175,91920.71491525978,false
25,G2_TEC,G2_TEC,[31, 22, 82, 15, 26, 9, 95, 42, 77, 68, 47, 5, 93, 78, 86, 54, 85, 63, 18, 44, 20, 49, 36, 14, 74, 50, 53, 17, 21, 28, 11, 64, 3, 23, 30, 83, 24, 41, 40, 52, 65, 27, 90, 70, 39, 87, 48, 69, 99, 4, 46, 1, 13, 58, 97, 59, 45, 8, 73, 37, 35, 79, 71, 66, 76, 32, 60, 80, 96, 6, 16, 61, 33, 7, 57, 34, 12, 67, 10, 98, 56, 88, 43, 75, 91, 38, 19, 92, 29, 84, 51, 72, 81, 25, 2, 55, 94, 89, 62, 0]|[2, 1, 2, 1, 1, 2, 1, 1, 1, 1, 1, 0, 2, 2, 1, 2, 0, 0, 0, 2, 2, 1, 0, 2, 0, 2, 2, 1, 0, 1, 1, 1, 0, 0, 1, 0, 2, 1, 2, 2, 0, 0, 1, 1, 0, 2, 0, 2, 1, 0, 0, 2, 0, 0, 2, 0, 1, 1, 0, 0, 2, 1, 1, 2, 2, 0, 2, 2, 0, 1, 2, 1, 1, 2, 0, 1, 1, 1, 1, 2, 2, 1, 1, 0, 1, 0, 1, 0, 1, 0, 1, 1, 1, 1, 2, 0, 2, 1, 1, 0]|[0, 3, 0, 3, 4, 1, 4, 4, 2, 4, 3, 2, 1, 0, 2, 1, 1, 1, 2, 1, 1, 3, 0, 1, 0, 1, 1, 4, 1, 4, 3, 2, 2, 0, 4, 1, 1, 4, 0, 1, 2, 1, 4, 4, 1, 1, 0, 2, 3, 2, 2, 1, 2, 1, 1, 2, 4, 3, 0, 2, 2, 3, 3, 0, 1, 2, 0, 1, 2, 4, 1, 3, 4, 1, 2, 4, 3, 3, 3, 1, 1, 4, 4, 2, 3, 2, 4, 2, 3, 2, 3, 4, 4, 4, 1, 2, 1, 4, 3, 2]|[0, 2, 0, 0, 3, 0, 1, 3, 0, 0, 2, 0, 1, 0, 1, 0, 0, 0, 1, 0, 0, 2, 0, 0, 1, 0, 0, 3, 0, 1, 0, 2, 0, 0, 3, 0, 1, 3, 0, 0, 0, 0, 1, 3, 0, 0, 1, 0, 2, 0, 0, 0, 0, 0, 1, 0, 1, 0, 1, 1, 0, 2, 0, 0, 0, 0, 0, 0, 0, 2, 0, 0, 1, 0, 0, 1, 0, 0, 3, 0, 0, 1, 2, 0, 0, 0, 1, 0, 3, 0, 0, 2, 1, 3, 0, 0, 0, 1, 0, 0],884.1935202920454,50350.47642403707,113845.06305296552,false
25,G3_TWC,G3_TWC,[31, 22, 82, 15, 26, 9, 42, 95, 77, 12, 47, 5, 93, 78, 86, 54, 85, 63, 18, 44, 20, 35, 43, 97, 91, 76, 10, 30, 21, 45, 71, 64, 1, 23, 17, 83, 24, 14, 60, 36, 6, 57, 94, 88, 65, 56, 79, 40, 67, 68, 46, 75, 38, 58, 19, 32, 81, 41, 27, 62, 87, 90, 99, 59, 11, 16, 72, 73, 69, 39, 37, 84, 3, 92, 25, 55, 28, 29, 51, 7, 33, 61, 98, 66, 89, 50, 4, 96, 53, 8, 80, 13, 70, 49, 52, 0, 74, 34, 2, 48]|[1, 1, 0, 1, 1, 1, 2, 1, 2, 2, 2, 2, 2, 1, 1, 0, 0, 1, 0, 2, 2, 0, 1, 2, 0, 1, 2, 2, 0, 0, 1, 2, 1, 2, 1, 0, 2, 0, 1, 1, 0, 1, 1, 1, 0, 2, 1, 1, 0, 0, 0, 0, 1, 1, 2, 1, 2, 0, 0, 0, 2, 1, 0, 1, 2, 1, 2, 1, 1, 1, 1, 1, 1, 0, 1, 1, 0, 0, 0, 1, 2, 1, 2, 2, 0, 0, 0, 0, 2, 0, 0, 0, 1, 0, 1, 0, 2, 2, 0, 0]|[4, 3, 2, 2, 0, 0, 2, 2, 2, 1, 1, 1, 2, 4, 4, 1, 2, 4, 2, 1, 1, 1, 1, 2, 1, 2, 1, 1, 1, 1, 3, 2, 3, 0, 4, 0, 1, 1, 0, 3, 2, 2, 4, 0, 1, 1, 0, 2, 0, 1, 2, 2, 1, 4, 0, 3, 2, 1, 1, 2, 1, 3, 1, 1, 1, 3, 0, 4, 3, 1, 4, 1, 1, 2, 4, 4, 2, 1, 1, 3, 1, 3, 1, 1, 2, 1, 2, 1, 0, 1, 1, 2, 3, 1, 1, 2, 1, 1, 2, 2]|[0, 2, 1, 1, 3, 3, 0, 1, 0, 0, 0, 0, 1, 0, 1, 0, 0, 3, 1, 0, 0, 0, 3, 1, 0, 2, 0, 0, 0, 1, 0, 0, 0, 0, 3, 0, 1, 0, 0, 2, 1, 1, 2, 0, 0, 0, 0, 1, 1, 0, 0, 0, 1, 3, 0, 0, 1, 0, 0, 1, 0, 2, 0, 1, 0, 2, 1, 0, 0, 1, 1, 3, 1, 1, 3, 3, 1, 0, 0, 2, 0, 0, 0, 0, 1, 0, 1, 0, 1, 0, 0, 0, 0, 1, 1, 0, 0, 0, 0, 0],799.1002142476597,58766.469869081004,90067.55034105257,false
25,G1_CMAX,G1_CMAX,[31, 22, 82, 15, 26, 9, 42, 77, 12, 5, 47, 93, 78, 86, 54, 6, 63, 18, 44, 20, 35, 43, 97, 91, 76, 10, 30, 21, 45, 17, 23, 1, 71, 83, 24, 14, 60, 36, 85, 57, 40, 95, 88, 65, 56, 79, 94, 67, 68, 46, 75, 38, 58, 19, 32, 81, 41, 62, 87, 28, 90, 59, 11, 16, 72, 73, 69, 52, 37, 64, 84, 3, 25, 29, 55, 51, 7, 98, 61, 66, 99, 33, 89, 48, 50, 96, 53, 80, 4, 8, 27, 2, 39, 13, 0, 92, 49, 74, 34, 70]|[1, 1, 0, 1, 1, 1, 2, 2, 1, 2, 2, 1, 1, 1, 0, 0, 1, 0, 2, 2, 0, 1, 2, 2, 1, 2, 2, 0, 0, 1, 2, 1, 1, 0, 2, 0, 1, 1, 0, 1, 1, 1, 1, 0, 2, 1, 1, 0, 0, 0, 0, 1, 1, 2, 1, 2, 0, 0, 2, 0, 1, 2, 2, 1, 2, 1, 1, 1, 1, 1, 1, 2, 1, 0, 2, 0, 1, 2, 1, 0, 0, 2, 1, 0, 0, 2, 0, 0, 1, 1, 0, 0, 1, 0, 0, 0, 0, 2, 2, 1]|[0, 3, 1, 2, 0, 0, 1, 1, 4, 1, 1, 4, 4, 4, 2, 2, 4, 2, 1, 1, 1, 1, 2, 1, 2, 1, 1, 1, 1, 4, 0, 3, 3, 0, 1, 1, 0, 3, 2, 2, 2, 2, 0, 1, 1, 0, 4, 0, 1, 2, 2, 1, 4, 0, 3, 2, 1, 2, 1, 2, 3, 1, 1, 3, 0, 4, 4, 1, 4, 3, 1, 2, 4, 1, 1, 1, 1, 1, 3, 1, 1, 1, 1, 1, 1, 1, 2, 1, 4, 3, 2, 2, 1, 2, 2, 0, 1, 1, 1, 4]|[1, 1, 1, 1, 3, 3, 0, 0, 0, 0, 0, 2, 0, 1, 0, 0, 3, 1, 0, 0, 0, 3, 1, 0, 2, 0, 0, 0, 1, 3, 0, 0, 0, 0, 1, 0, 0, 2, 1, 1, 1, 1, 0, 0, 0, 0, 2, 1, 0, 0, 0, 1, 3, 0, 0, 1, 0, 1, 0, 1, 2, 0, 0, 2, 1, 0, 2, 1, 1, 0, 3, 1, 3, 0, 0, 0, 2, 0, 0, 0, 0, 0, 1, 0, 0, 0, 1, 0, 0, 2, 1, 0, 1, 0, 0, 1, 1, 0, 0, 2],733.3116759547878,58140.55643565909,96674.14109675489,false
25,G4_BALANCED,G1_CMAX,[31, 22, 82, 15, 26, 58, 95, 42, 77, 12, 47, 5, 93, 78, 98, 54, 85, 63, 18, 44, 20, 35, 43, 57, 91, 76, 10, 30, 21, 45, 71, 64, 1, 23, 17, 83, 24, 14, 60, 36, 6, 97, 40, 88, 65, 56, 79, 94, 67, 68, 46, 75, 38, 34, 19, 32, 81, 41, 27, 62, 87, 90, 99, 59, 11, 16, 72, 73, 69, 39, 37, 84, 3, 92, 25, 55, 28, 29, 51, 50, 66, 61, 86, 48, 89, 7, 8, 96, 80, 53, 33, 4, 9, 2, 52, 0, 13, 70, 49, 74]|[1, 1, 0, 1, 1, 1, 2, 1, 2, 1, 2, 2, 2, 1, 1, 0, 0, 1, 0, 2, 2, 0, 1, 2, 0, 1, 2, 2, 0, 0, 1, 2, 1, 2, 1, 0, 2, 0, 1, 1, 0, 1, 1, 1, 0, 2, 1, 1, 0, 0, 0, 0, 1, 2, 2, 1, 2, 0, 0, 0, 2, 1, 0, 1, 2, 1, 2, 1, 1, 1, 1, 1, 1, 0, 1, 2, 0, 0, 0, 0, 2, 1, 0, 0, 1, 1, 0, 2, 0, 0, 2, 0, 1, 0, 1, 0, 0, 1, 0, 2]|[4, 3, 2, 2, 4, 0, 2, 2, 2, 4, 1, 1, 2, 4, 4, 1, 2, 4, 2, 1, 1, 1, 1, 2, 1, 2, 1, 1, 1, 1, 3, 2, 3, 1, 4, 0, 1, 1, 0, 3, 2, 2, 4, 0, 1, 1, 0, 4, 0, 1, 2, 2, 1, 1, 0, 3, 2, 1, 1, 2, 1, 3, 1, 1, 1, 3, 0, 4, 3, 1, 4, 1, 1, 2, 4, 1, 2, 1, 1, 1, 1, 3, 1, 1, 1, 1, 1, 1, 1, 2, 1, 2, 4, 2, 1, 2, 2, 3, 1, 1]|[0, 2, 1, 1, 3, 3, 0, 1, 0, 0, 0, 0, 1, 0, 1, 0, 0, 3, 1, 0, 0, 0, 3, 1, 0, 2, 0, 0, 0, 1, 0, 0, 0, 0, 3, 0, 1, 0, 0, 2, 1, 1, 2, 0, 0, 0, 0, 2, 1, 0, 0, 0, 1, 0, 0, 0, 1, 0, 0, 1, 0, 2, 0, 1, 0, 2, 1, 0, 0, 1, 1, 3, 1, 1, 3, 0, 1, 0, 0, 0, 0, 0, 0, 0, 1, 2, 0, 0, 0, 1, 0, 1, 3, 0, 1, 0, 0, 0, 1, 0],786.5560617502435,56909.23126395378,92656.4199346418,true
25,G2_TEC,G2_TEC,[31, 22, 82, 15, 26, 9, 95, 42, 77, 68, 47, 5, 93, 78, 86, 54, 85, 63, 18, 44, 20, 49, 36, 14, 74, 50, 53, 17, 21, 28, 11, 64, 3, 23, 30, 83, 24, 41, 40, 52, 65, 27, 90, 70, 39, 87, 48, 69, 99, 4, 46, 1, 13, 58, 97, 59, 45, 8, 73, 37, 35, 79, 71, 66, 76, 32, 60, 80, 96, 6, 16, 61, 33, 7, 57, 34, 12, 67, 10, 98, 56, 88, 43, 75, 91, 38, 19, 92, 29, 84, 51, 72, 81, 25, 2, 55, 94, 89, 62, 0]|[2, 1, 2, 1, 1, 2, 1, 1, 1, 1, 1, 0, 2, 2, 1, 2, 0, 0, 0, 2, 2, 1, 0, 2, 0, 2, 2, 1, 0, 1, 1, 1, 0, 0, 1, 0, 2, 1, 2, 2, 0, 0, 1, 1, 0, 2, 0, 2, 1, 0, 0, 2, 0, 0, 2, 0, 1, 1, 0, 0, 2, 1, 1, 2, 2, 0, 2, 2, 0, 1, 2, 1, 1, 2, 0, 1, 1, 1, 1, 2, 2, 1, 1, 0, 1, 0, 1, 0, 1, 0, 1, 1, 1, 1, 2, 0, 2, 1, 1, 0]|[0, 3, 0, 3, 4, 1, 4, 4, 2, 4, 3, 2, 1, 0, 2, 1, 1, 1, 2, 1, 1, 3, 0, 1, 0, 1, 1, 4, 1, 4, 3, 2, 2, 0, 4, 1, 1, 4, 0, 1, 2, 1, 4, 4, 1, 1, 0, 2, 3, 2, 2, 1, 2, 1, 1, 2, 4, 3, 0, 2, 2, 3, 3, 0, 1, 2, 0, 1, 2, 4, 1, 3, 4, 1, 2, 4, 3, 3, 3, 1, 1, 4, 4, 2, 3, 2, 4, 2, 3, 2, 3, 4, 4, 4, 1, 2, 1, 4, 3, 2]|[0, 2, 0, 0, 3, 0, 1, 3, 0, 0, 2, 0, 1, 0, 1, 0, 0, 0, 1, 0, 0, 2, 0, 0, 1, 0, 0, 3, 0, 1, 0, 2, 0, 0, 3, 0, 1, 3, 0, 0, 0, 0, 1, 3, 0, 0, 1, 0, 2, 0, 0, 0, 0, 0, 1, 0, 1, 0, 1, 1, 0, 2, 0, 0, 0, 0, 0, 0, 0, 2, 0, 0, 1, 0, 0, 1, 0, 0, 3, 0, 0, 1, 2, 0, 0, 0, 1, 0, 3, 0, 0, 2, 1, 3, 0, 0, 0, 1, 0, 0],884.1935202920454,50350.47642403707,113845.06305296552,false
25,G3_TWC,G3_TWC,[31, 22, 82, 15, 26, 9, 42, 95, 77, 12, 47, 5, 93, 78, 86, 54, 85, 63, 18, 44, 20, 35, 43, 97, 91, 76, 10, 30, 21, 45, 71, 64, 1, 23, 17, 83, 24, 14, 60, 36, 6, 57, 94, 88, 65, 56, 79, 40, 67, 68, 46, 75, 38, 58, 19, 32, 81, 41, 27, 62, 87, 90, 99, 59, 11, 16, 72, 73, 69, 39, 37, 84, 3, 92, 25, 55, 28, 29, 51, 7, 33, 61, 98, 66, 89, 50, 4, 96, 53, 8, 80, 13, 70, 49, 52, 0, 74, 34, 2, 48]|[1, 1, 0, 1, 1, 1, 2, 1, 2, 2, 2, 2, 2, 1, 1, 0, 0, 1, 0, 2, 2, 0, 1, 2, 0, 1, 2, 2, 0, 0, 1, 2, 1, 2, 1, 0, 2, 0, 1, 1, 0, 1, 1, 1, 0, 2, 1, 1, 0, 0, 0, 0, 1, 1, 2, 1, 2, 0, 0, 0, 2, 1, 0, 1, 2, 1, 2, 1, 1, 1, 1, 1, 1, 0, 1, 1, 0, 0, 0, 1, 2, 1, 2, 2, 0, 0, 0, 0, 2, 0, 0, 0, 1, 0, 1, 0, 2, 2, 0, 0]|[4, 3, 2, 2, 0, 0, 2, 2, 2, 1, 1, 1, 2, 4, 4, 1, 2, 4, 2, 1, 1, 1, 1, 2, 1, 2, 1, 1, 1, 1, 3, 2, 3, 0, 4, 0, 1, 1, 0, 3, 2, 2, 4, 0, 1, 1, 0, 2, 0, 1, 2, 2, 1, 4, 0, 3, 2, 1, 1, 2, 1, 3, 1, 1, 1, 3, 0, 4, 3, 1, 4, 1, 1, 2, 4, 4, 2, 1, 1, 3, 1, 3, 1, 1, 2, 1, 2, 1, 0, 1, 1, 2, 3, 1, 1, 2, 1, 1, 2, 2]|[0, 2, 1, 1, 3, 3, 0, 1, 0, 0, 0, 0, 1, 0, 1, 0, 0, 3, 1, 0, 0, 0, 3, 1, 0, 2, 0, 0, 0, 1, 0, 0, 0, 0, 3, 0, 1, 0, 0, 2, 1, 1, 2, 0, 0, 0, 0, 1, 1, 0, 0, 0, 1, 3, 0, 0, 1, 0, 0, 1, 0, 2, 0, 1, 0, 2, 1, 0, 0, 1, 1, 3, 1, 1, 3, 3, 1, 0, 0, 2, 0, 0, 0, 0, 1, 0, 1, 0, 1, 0, 0, 0, 0, 1, 1, 0, 0, 0, 0, 0],799.1002142476597,58766.469869081004,90067.55034105257,false
25,G1_CMAX,G1_CMAX,[31, 22, 82, 15, 26, 9, 42, 77, 12, 5, 47, 93, 78, 86, 54, 6, 63, 18, 44, 20, 35, 43, 97, 91, 76, 10, 30, 21, 45, 17, 23, 1, 71, 83, 24, 14, 60, 36, 85, 57, 40, 95, 88, 65, 56, 79, 94, 67, 68, 46, 75, 38, 58, 19, 32, 81, 41, 62, 87, 28, 90, 59, 11, 16, 72, 73, 69, 52, 37, 64, 84, 3, 25, 29, 55, 51, 7, 98, 61, 66, 99, 33, 89, 48, 50, 96, 53, 80, 4, 8, 27, 2, 39, 13, 0, 92, 49, 74, 34, 70]|[1, 1, 0, 1, 1, 1, 2, 2, 1, 2, 2, 1, 1, 1, 0, 0, 1, 0, 2, 2, 0, 1, 2, 2, 1, 2, 2, 0, 0, 1, 2, 1, 1, 0, 2, 0, 1, 1, 0, 1, 1, 1, 1, 0, 2, 1, 1, 0, 0, 0, 0, 1, 1, 2, 1, 2, 0, 0, 2, 0, 1, 2, 2, 1, 2, 1, 1, 1, 1, 1, 1, 2, 1, 0, 2, 0, 1, 2, 1, 0, 0, 2, 1, 0, 0, 2, 0, 0, 1, 1, 0, 0, 1, 0, 0, 0, 0, 2, 2, 1]|[0, 3, 1, 2, 0, 0, 1, 1, 4, 1, 1, 4, 4, 4, 2, 2, 4, 2, 1, 1, 1, 1, 2, 1, 2, 1, 1, 1, 1, 4, 0, 3, 3, 0, 1, 1, 0, 3, 2, 2, 2, 2, 0, 1, 1, 0, 4, 0, 1, 2, 2, 1, 4, 0, 3, 2, 1, 2, 1, 2, 3, 1, 1, 3, 0, 4, 4, 1, 4, 3, 1, 2, 4, 1, 1, 1, 1, 1, 3, 1, 1, 1, 1, 1, 1, 1, 2, 1, 4, 3, 2, 2, 1, 2, 2, 0, 1, 1, 1, 4]|[1, 1, 1, 1, 3, 3, 0, 0, 0, 0, 0, 2, 0, 1, 0, 0, 3, 1, 0, 0, 0, 3, 1, 0, 2, 0, 0, 0, 1, 3, 0, 0, 0, 0, 1, 0, 0, 2, 1, 1, 1, 1, 0, 0, 0, 0, 2, 1, 0, 0, 0, 1, 3, 0, 0, 1, 0, 1, 0, 1, 2, 0, 0, 2, 1, 0, 2, 1, 1, 0, 3, 1, 3, 0, 0, 0, 2, 0, 0, 0, 0, 0, 1, 0, 0, 0, 1, 0, 0, 2, 1, 0, 1, 0, 0, 1, 1, 0, 0, 2],733.3116759547878,58140.55643565909,96674.14109675489,false
25,G4_BALANCED,G3_TWC,[31, 22, 82, 15, 26, 58, 95, 42, 77, 12, 47, 5, 93, 78, 98, 54, 85, 63, 18, 44, 20, 35, 43, 57, 91, 76, 10, 30, 21, 45, 71, 64, 1, 23, 17, 83, 24, 14, 60, 36, 6, 97, 94, 88, 65, 56, 79, 40, 67, 68, 46, 75, 38, 9, 19, 32, 81, 41, 27, 62, 87, 90, 99, 59, 11, 16, 72, 73, 69, 39, 37, 84, 3, 92, 25, 55, 28, 29, 51, 7, 33, 61, 86, 48, 89, 50, 8, 96, 80, 53, 66, 4, 34, 2, 52, 0, 13, 70, 49, 74]|[1, 1, 0, 1, 1, 1, 2, 1, 2, 1, 2, 2, 2, 1, 1, 0, 0, 1, 0, 2, 2, 0, 1, 2, 0, 1, 2, 2, 0, 0, 1, 2, 1, 2, 1, 0, 2, 0, 1, 1, 0, 1, 1, 1, 0, 2, 1, 1, 0, 0, 0, 0, 1, 1, 2, 1, 2, 0, 0, 0, 2, 1, 0, 1, 2, 1, 2, 1, 1, 1, 1, 1, 1, 0, 1, 2, 0, 0, 0, 1, 2, 1, 0, 2, 1, 0, 1, 0, 0, 0, 2, 0, 2, 0, 1, 0, 0, 1, 0, 2]|[4, 3, 2, 2, 4, 0, 2, 2, 2, 4, 1, 1, 2, 4, 4, 1, 2, 4, 2, 1, 1, 1, 1, 2, 1, 2, 1, 1, 1, 1, 3, 2, 3, 0, 4, 0, 1, 1, 0, 3, 2, 2, 2, 0, 1, 1, 0, 4, 0, 1, 2, 2, 1, 4, 0, 3, 2, 1, 1, 2, 1, 3, 1, 1, 1, 3, 0, 4, 3, 1, 4, 1, 1, 2, 4, 1, 2, 1, 1, 1, 1, 3, 1, 1, 1, 1, 3, 1, 1, 2, 1, 2, 1, 2, 1, 2, 2, 3, 1, 1]|[0, 2, 1, 1, 3, 3, 0, 1, 0, 0, 0, 0, 1, 0, 1, 0, 0, 3, 1, 0, 0, 0, 3, 1, 0, 2, 0, 0, 0, 1, 0, 0, 0, 0, 3, 0, 1, 0, 0, 2, 1, 1, 1, 0, 0, 0, 0, 2, 1, 0, 0, 0, 1, 3, 0, 0, 1, 0, 0, 1, 0, 2, 0, 1, 0, 2, 1, 0, 0, 1, 1, 3, 1, 1, 3, 0, 1, 0, 0, 2, 0, 0, 0, 0, 1, 0, 2, 0, 0, 1, 0, 1, 0, 0, 1, 0, 0, 0, 1, 0],778.5063074256296,57662.43399212064,92577.3517954991,true
25,G2_TEC,G2_TEC,[31, 22, 82, 15, 26, 9, 95, 42, 77, 68, 47, 5, 93, 78, 86, 54, 85, 63, 18, 44, 20, 49, 36, 14, 74, 50, 53, 17, 21, 28, 11, 64, 3, 23, 30, 83, 24, 41, 40, 52, 65, 27, 90, 70, 39, 87, 48, 69, 99, 4, 46, 1, 13, 58, 97, 59, 45, 8, 73, 37, 35, 79, 71, 66, 76, 32, 60, 80, 96, 6, 16, 61, 33, 7, 57, 34, 12, 67, 10, 98, 56, 88, 43, 75, 91, 38, 19, 92, 29, 84, 51, 72, 81, 25, 2, 55, 94, 89, 62, 0]|[2, 1, 2, 1, 1, 2, 1, 1, 1, 1, 1, 0, 2, 2, 1, 2, 0, 0, 0, 2, 2, 1, 0, 2, 0, 2, 2, 1, 0, 1, 1, 1, 0, 0, 1, 0, 2, 1, 2, 2, 0, 0, 1, 1, 0, 2, 0, 2, 1, 0, 0, 2, 0, 0, 2, 0, 1, 1, 0, 0, 2, 1, 1, 2, 2, 0, 2, 2, 0, 1, 2, 1, 1, 2, 0, 1, 1, 1, 1, 2, 2, 1, 1, 0, 1, 0, 1, 0, 1, 0, 1, 1, 1, 1, 2, 0, 2, 1, 1, 0]|[0, 3, 0, 3, 4, 1, 4, 4, 2, 4, 3, 2, 1, 0, 2, 1, 1, 1, 2, 1, 1, 3, 0, 1, 0, 1, 1, 4, 1, 4, 3, 2, 2, 0, 4, 1, 1, 4, 0, 1, 2, 1, 4, 4, 1, 1, 0, 2, 3, 2, 2, 1, 2, 1, 1, 2, 4, 3, 0, 2, 2, 3, 3, 0, 1, 2, 0, 1, 2, 4, 1, 3, 4, 1, 2, 4, 3, 3, 3, 1, 1, 4, 4, 2, 3, 2, 4, 2, 3, 2, 3, 4, 4, 4, 1, 2, 1, 4, 3, 2]|[0, 2, 0, 0, 3, 0, 1, 3, 0, 0, 2, 0, 1, 0, 1, 0, 0, 0, 1, 0, 0, 2, 0, 0, 1, 0, 0, 3, 0, 1, 0, 2, 0, 0, 3, 0, 1, 3, 0, 0, 0, 0, 1, 3, 0, 0, 1, 0, 2, 0, 0, 0, 0, 0, 1, 0, 1, 0, 1, 1, 0, 2, 0, 0, 0, 0, 0, 0, 0, 2, 0, 0, 1, 0, 0, 1, 0, 0, 3, 0, 0, 1, 2, 0, 0, 0, 1, 0, 3, 0, 0, 2, 1, 3, 0, 0, 0, 1, 0, 0],884.1935202920454,50350.47642403707,113845.06305296552,false
25,G3_TWC,G3_TWC,[31, 22, 82, 15, 26, 9, 42, 95, 77, 12, 47, 5, 93, 78, 86, 54, 85, 63, 18, 44, 20, 35, 43, 97, 91, 76, 10, 30, 21, 45, 71, 64, 1, 23, 17, 83, 24, 14, 60, 36, 6, 57, 94, 88, 65, 56, 79, 40, 67, 68, 46, 75, 38, 58, 19, 32, 81, 41, 27, 62, 87, 90, 99, 59, 11, 16, 72, 73, 69, 39, 37, 84, 3, 92, 25, 55, 28, 29, 51, 7, 33, 61, 98, 66, 89, 50, 4, 96, 53, 8, 80, 13, 70, 49, 52, 0, 74, 34, 2, 48]|[1, 1, 0, 1, 1, 1, 2, 1, 2, 2, 2, 2, 2, 1, 1, 0, 0, 1, 0, 2, 2, 0, 1, 2, 0, 1, 2, 2, 0, 0, 1, 2, 1, 2, 1, 0, 2, 0, 1, 1, 0, 1, 1, 1, 0, 2, 1, 1, 0, 0, 0, 0, 1, 1, 2, 1, 2, 0, 0, 0, 2, 1, 0, 1, 2, 1, 2, 1, 1, 1, 1, 1, 1, 0, 1, 1, 0, 0, 0, 1, 2, 1, 2, 2, 0, 0, 0, 0, 2, 0, 0, 0, 1, 0, 1, 0, 2, 2, 0, 0]|[4, 3, 2, 2, 0, 0, 2, 2, 2, 1, 1, 1, 2, 4, 4, 1, 2, 4, 2, 1, 1, 1, 1, 2, 1, 2, 1, 1, 1, 1, 3, 2, 3, 0, 4, 0, 1, 1, 0, 3, 2, 2, 4, 0, 1, 1, 0, 2, 0, 1, 2, 2, 1, 4, 0, 3, 2, 1, 1, 2, 1, 3, 1, 1, 1, 3, 0, 4, 3, 1, 4, 1, 1, 2, 4, 4, 2, 1, 1, 3, 1, 3, 1, 1, 2, 1, 2, 1, 0, 1, 1, 2, 3, 1, 1, 2, 1, 1, 2, 2]|[0, 2, 1, 1, 3, 3, 0, 1, 0, 0, 0, 0, 1, 0, 1, 0, 0, 3, 1, 0, 0, 0, 3, 1, 0, 2, 0, 0, 0, 1, 0, 0, 0, 0, 3, 0, 1, 0, 0, 2, 1, 1, 2, 0, 0, 0, 0, 1, 1, 0, 0, 0, 1, 3, 0, 0, 1, 0, 0, 1, 0, 2, 0, 1, 0, 2, 1, 0, 0, 1, 1, 3, 1, 1, 3, 3, 1, 0, 0, 2, 0, 0, 0, 0, 1, 0, 1, 0, 1, 0, 0, 0, 0, 1, 1, 0, 0, 0, 0, 0],799.1002142476597,58766.469869081004,90067.55034105257,false
25,G1_CMAX,G1_CMAX,[31, 22, 82, 15, 26, 9, 42, 77, 12, 5, 47, 93, 78, 86, 54, 6, 63, 18, 44, 20, 35, 43, 97, 91, 76, 10, 30, 21, 45, 17, 23, 1, 71, 83, 24, 14, 60, 36, 85, 57, 40, 95, 88, 65, 56, 79, 94, 67, 68, 46, 75, 38, 58, 19, 32, 81, 41, 62, 87, 28, 90, 59, 11, 16, 72, 73, 69, 52, 37, 64, 84, 3, 25, 29, 55, 51, 7, 98, 61, 66, 99, 33, 89, 48, 50, 96, 53, 80, 4, 8, 27, 2, 39, 13, 0, 92, 49, 74, 34, 70]|[1, 1, 0, 1, 1, 1, 2, 2, 1, 2, 2, 1, 1, 1, 0, 0, 1, 0, 2, 2, 0, 1, 2, 2, 1, 2, 2, 0, 0, 1, 2, 1, 1, 0, 2, 0, 1, 1, 0, 1, 1, 1, 1, 0, 2, 1, 1, 0, 0, 0, 0, 1, 1, 2, 1, 2, 0, 0, 2, 0, 1, 2, 2, 1, 2, 1, 1, 1, 1, 1, 1, 2, 1, 0, 2, 0, 1, 2, 1, 0, 0, 2, 1, 0, 0, 2, 0, 0, 1, 1, 0, 0, 1, 0, 0, 0, 0, 2, 2, 1]|[0, 3, 1, 2, 0, 0, 1, 1, 4, 1, 1, 4, 4, 4, 2, 2, 4, 2, 1, 1, 1, 1, 2, 1, 2, 1, 1, 1, 1, 4, 0, 3, 3, 0, 1, 1, 0, 3, 2, 2, 2, 2, 0, 1, 1, 0, 4, 0, 1, 2, 2, 1, 4, 0, 3, 2, 1, 2, 1, 2, 3, 1, 1, 3, 0, 4, 4, 1, 4, 3, 1, 2, 4, 1, 1, 1, 1, 1, 3, 1, 1, 1, 1, 1, 1, 1, 2, 1, 4, 3, 2, 2, 1, 2, 2, 0, 1, 1, 1, 4]|[1, 1, 1, 1, 3, 3, 0, 0, 0, 0, 0, 2, 0, 1, 0, 0, 3, 1, 0, 0, 0, 3, 1, 0, 2, 0, 0, 0, 1, 3, 0, 0, 0, 0, 1, 0, 0, 2, 1, 1, 1, 1, 0, 0, 0, 0, 2, 1, 0, 0, 0, 1, 3, 0, 0, 1, 0, 1, 0, 1, 2, 0, 0, 2, 1, 0, 2, 1, 1, 0, 3, 1, 3, 0, 0, 0, 2, 0, 0, 0, 0, 0, 1, 0, 0, 0, 1, 0, 0, 2, 1, 0, 1, 0, 0, 1, 1, 0, 0, 2],733.3116759547878,58140.55643565909,96674.14109675489,false
25,G4_BALANCED,G2_TEC,[31, 22, 82, 15, 26, 9, 95, 42, 77, 68, 47, 5, 93, 78, 86, 54, 85, 63, 18, 44, 20, 49, 36, 14, 74, 50, 53, 17, 21, 28, 71, 64, 3, 23, 30, 83, 24, 41, 60, 52, 65, 27, 90, 70, 39, 87, 48, 69, 99, 4, 46, 1, 13, 58, 97, 59, 33, 8, 73, 37, 35, 79, 11, 66, 76, 32, 40, 80, 96, 6, 16, 61, 45, 7, 57, 34, 12, 67, 10, 98, 56, 88, 43, 75, 91, 38, 19, 92, 29, 2, 51, 72, 89, 25, 84, 55, 62, 81, 94, 0]|[2, 1, 2, 1, 1, 2, 1, 1, 1, 1, 1, 0, 2, 2, 1, 2, 0, 0, 0, 2, 2, 1, 0, 2, 0, 2, 2, 1, 0, 1, 1, 1, 0, 0, 1, 0, 2, 1, 2, 2, 0, 0, 1, 1, 0, 2, 0, 2, 1, 0, 0, 2, 0, 0, 2, 0, 1, 1, 0, 0, 2, 1, 1, 2, 2, 0, 2, 2, 0, 1, 2, 1, 1, 2, 0, 1, 2, 1, 1, 2, 2, 1, 1, 0, 1, 0, 1, 0, 1, 2, 1, 1, 1, 1, 0, 0, 1, 1, 1, 0]|[0, 3, 0, 3, 4, 1, 4, 4, 2, 4, 3, 2, 1, 0, 2, 1, 1, 1, 2, 1, 1, 3, 0, 1, 0, 1, 1, 4, 1, 4, 3, 2, 2, 0, 4, 1, 1, 4, 0, 1, 2, 1, 4, 4, 1, 1, 0, 2, 3, 2, 2, 1, 2, 1, 1, 2, 4, 3, 0, 2, 2, 3, 3, 0, 1, 2, 0, 1, 2, 4, 1, 3, 4, 1, 2, 4, 1, 3, 3, 1, 1, 4, 4, 2, 3, 2, 4, 2, 3, 1, 3, 4, 4, 4, 2, 2, 3, 4, 4, 2]|[0, 2, 0, 0, 3, 0, 1, 3, 0, 0, 2, 0, 1, 0, 1, 0, 0, 0, 1, 0, 0, 2, 0, 0, 1, 0, 0, 3, 0, 1, 0, 2, 0, 0, 3, 0, 1, 3, 1, 0, 0, 0, 1, 3, 0, 0, 1, 0, 2, 0, 0, 0, 0, 0, 1, 0, 1, 0, 1, 1, 0, 2, 0, 0, 0, 0, 0, 0, 0, 2, 0, 0, 1, 0, 0, 1, 0, 0, 3, 0, 0, 1, 2, 0, 0, 0, 1, 0, 3, 0, 0, 2, 1, 3, 0, 0, 0, 1, 2, 0],918.6331048787094,50709.259129087535,111044.62666786989,true
25,G2_TEC,G2_TEC,[31, 22, 82, 15, 26, 9, 95, 42, 77, 68, 47, 5, 93, 78, 86, 54, 85, 63, 18, 44, 20, 49, 36, 14, 74, 50, 53, 17, 21, 28, 11, 64, 3, 23, 30, 83, 24, 41, 40, 52, 65, 27, 90, 70, 39, 87, 48, 69, 99, 4, 46, 1, 13, 58, 97, 59, 45, 8, 73, 37, 35, 79, 71, 66, 76, 32, 60, 80, 96, 6, 16, 61, 33, 7, 57, 34, 12, 67, 10, 98, 56, 88, 43, 75, 91, 38, 19, 92, 29, 84, 51, 72, 81, 25, 2, 55, 94, 89, 62, 0]|[2, 1, 2, 1, 1, 2, 1, 1, 1, 1, 1, 0, 2, 2, 1, 2, 0, 0, 0, 2, 2, 1, 0, 2, 0, 2, 2, 1, 0, 1, 1, 1, 0, 0, 1, 0, 2, 1, 2, 2, 0, 0, 1, 1, 0, 2, 0, 2, 1, 0, 0, 2, 0, 0, 2, 0, 1, 1, 0, 0, 2, 1, 1, 2, 2, 0, 2, 2, 0, 1, 2, 1, 1, 2, 0, 1, 1, 1, 1, 2, 2, 1, 1, 0, 1, 0, 1, 0, 1, 0, 1, 1, 1, 1, 2, 0, 2, 1, 1, 0]|[0, 3, 0, 3, 4, 1, 4, 4, 2, 4, 3, 2, 1, 0, 2, 1, 1, 1, 2, 1, 1, 3, 0, 1, 0, 1, 1, 4, 1, 4, 3, 2, 2, 0, 4, 1, 1, 4, 0, 1, 2, 1, 4, 4, 1, 1, 0, 2, 3, 2, 2, 1, 2, 1, 1, 2, 4, 3, 0, 2, 2, 3, 3, 0, 1, 2, 0, 1, 2, 4, 1, 3, 4, 1, 2, 4, 3, 3, 3, 1, 1, 4, 4, 2, 3, 2, 4, 2, 3, 2, 3, 4, 4, 4, 1, 2, 1, 4, 3, 2]|[0, 2, 0, 0, 3, 0, 1, 3, 0, 0, 2, 0, 1, 0, 1, 0, 0, 0, 1, 0, 0, 2, 0, 0, 1, 0, 0, 3, 0, 1, 0, 2, 0, 0, 3, 0, 1, 3, 0, 0, 0, 0, 1, 3, 0, 0, 1, 0, 2, 0, 0, 0, 0, 0, 1, 0, 1, 0, 1, 1, 0, 2, 0, 0, 0, 0, 0, 0, 0, 2, 0, 0, 1, 0, 0, 1, 0, 0, 3, 0, 0, 1, 2, 0, 0, 0, 1, 0, 3, 0, 0, 2, 1, 3, 0, 0, 0, 1, 0, 0],884.1935202920454,50350.47642403707,113845.06305296552,false
25,G3_TWC,G2_TEC,[31, 22, 82, 15, 26, 9, 95, 42, 77, 68, 47, 5, 93, 78, 86, 54, 85, 63, 18, 44, 20, 49, 36, 14, 74, 50, 53, 17, 21, 28, 71, 64, 3, 23, 30, 83, 24, 41, 40, 52, 65, 27, 90, 70, 39, 87, 48, 69, 99, 4, 46, 1, 13, 58, 97, 11, 45, 8, 73, 29, 35, 79, 59, 66, 76, 32, 60, 43, 96, 6, 61, 16, 33, 7, 57, 34, 12, 67, 10, 98, 56, 88, 62, 75, 91, 38, 19, 92, 80, 84, 51, 72, 81, 37, 2, 55, 25, 89, 94, 0]|[2, 1, 2, 1, 1, 2, 1, 1, 1, 1, 1, 0, 2, 2, 1, 2, 0, 0, 0, 2, 2, 1, 0, 2, 0, 2, 2, 1, 0, 1, 1, 1, 0, 0, 1, 0, 2, 1, 2, 2, 0, 0, 1, 1, 0, 2, 0, 2, 1, 0, 0, 2, 0, 0, 2, 0, 1, 0, 0, 1, 2, 1, 0, 2, 2, 0, 2, 2, 0, 1, 1, 2, 1, 2, 0, 1, 1, 1, 1, 2, 2, 1, 1, 0, 1, 0, 1, 0, 1, 0, 1, 1, 1, 0, 2, 0, 1, 1, 2, 0]|[0, 3, 0, 3, 4, 1, 4, 4, 2, 4, 3, 2, 1, 0, 2, 1, 1, 1, 2, 1, 1, 3, 0, 1, 0, 1, 1, 4, 1, 4, 3, 2, 2, 0, 4, 1, 1, 4, 0, 1, 2, 1, 4, 4, 1, 1, 0, 2, 3, 1, 2, 1, 2, 1, 1, 2, 4, 2, 0, 3, 2, 3, 2, 0, 1, 2, 0, 1, 2, 4, 3, 1, 4, 1, 2, 4, 3, 3, 3, 1, 1, 4, 3, 2, 3, 2, 4, 2, 4, 2, 3, 4, 1, 2, 1, 2, 4, 4, 1, 2]|[0, 2, 0, 0, 3, 0, 1, 3, 0, 0, 2, 0, 1, 0, 1, 0, 0, 0, 1, 0, 0, 2, 0, 0, 1, 0, 0, 3, 0, 1, 0, 2, 0, 1, 3, 0, 1, 3, 1, 0, 0, 0, 1, 3, 0, 0, 1, 0, 2, 0, 0, 0, 0, 0, 1, 0, 1, 0, 1, 0, 0, 2, 0, 0, 0, 0, 0, 0, 0, 2, 0, 0, 1, 0, 0, 1, 0, 0, 3, 0, 0, 1, 0, 0, 0, 0, 3, 0, 2, 0, 0, 2, 1, 1, 0, 0, 3, 1, 0, 0],884.1681373821539,51358.08375928599,108457.8487614918,true
25,G1_CMAX,G1_CMAX,[31, 22, 82, 15, 26, 9, 42, 77, 12, 5, 47, 93, 78, 86, 54, 6, 63, 18, 44, 20, 35, 43, 97, 91, 76, 10, 30, 21, 45, 17, 23, 1, 71, 83, 24, 14, 60, 36, 85, 57, 40, 95, 88, 65, 56, 79, 94, 67, 68, 46, 75, 38, 58, 19, 32, 81, 41, 62, 87, 28, 90, 59, 11, 16, 72, 73, 69, 52, 37, 64, 84, 3, 25, 29, 55, 51, 7, 98, 61, 66, 99, 33, 89, 48, 50, 96, 53, 80, 4, 8, 27, 2, 39, 13, 0, 92, 49, 74, 34, 70]|[1, 1, 0, 1, 1, 1, 2, 2, 1, 2, 2, 1, 1, 1, 0, 0, 1, 0, 2, 2, 0, 1, 2, 2, 1, 2, 2, 0, 0, 1, 2, 1, 1, 0, 2, 0, 1, 1, 0, 1, 1, 1, 1, 0, 2, 1, 1, 0, 0, 0, 0, 1, 1, 2, 1, 2, 0, 0, 2, 0, 1, 2, 2, 1, 2, 1, 1, 1, 1, 1, 1, 2, 1, 0, 2, 0, 1, 2, 1, 0, 0, 2, 1, 0, 0, 2, 0, 0, 1, 1, 0, 0, 1, 0, 0, 0, 0, 2, 2, 1]|[0, 3, 1, 2, 0, 0, 1, 1, 4, 1, 1, 4, 4, 4, 2, 2, 4, 2, 1, 1, 1, 1, 2, 1, 2, 1, 1, 1, 1, 4, 0, 3, 3, 0, 1, 1, 0, 3, 2, 2, 2, 2, 0, 1, 1, 0, 4, 0, 1, 2, 2, 1, 4, 0, 3, 2, 1, 2, 1, 2, 3, 1, 1, 3, 0, 4, 4, 1, 4, 3, 1, 2, 4, 1, 1, 1, 1, 1, 3, 1, 1, 1, 1, 1, 1, 1, 2, 1, 4, 3, 2, 2, 1, 2, 2, 0, 1, 1, 1, 4]|[1, 1, 1, 1, 3, 3, 0, 0, 0, 0, 0, 2, 0, 1, 0, 0, 3, 1, 0, 0, 0, 3, 1, 0, 2, 0, 0, 0, 1, 3, 0, 0, 0, 0, 1, 0, 0, 2, 1, 1, 1, 1, 0, 0, 0, 0, 2, 1, 0, 0, 0, 1, 3, 0, 0, 1, 0, 1, 0, 1, 2, 0, 0, 2, 1, 0, 2, 1, 1, 0, 3, 1, 3, 0, 0, 0, 2, 0, 0, 0, 0, 0, 1, 0, 0, 0, 1, 0, 0, 2, 1, 0, 1, 0, 0, 1, 1, 0, 0, 2],733.3116759547878,58140.55643565909,96674.14109675489,false
25,G4_BALANCED,G4_BALANCED,[31, 11, 15, 82, 26, 9, 95, 32, 77, 68, 47, 5, 93, 78, 86, 54, 85, 63, 18, 44, 20, 49, 36, 14, 74, 50, 53, 17, 21, 45, 71, 64, 3, 23, 30, 83, 24, 41, 60, 52, 65, 27, 90, 70, 39, 87, 48, 69, 99, 4, 46, 1, 13, 58, 97, 59, 28, 75, 73, 37, 35, 79, 22, 66, 76, 42, 40, 80, 96, 6, 16, 61, 33, 7, 57, 34, 12, 67, 10, 98, 56, 88, 29, 94, 91, 51, 19, 92, 43, 84, 38, 72, 81, 8, 2, 55, 62, 89, 25, 0]|[2, 1, 1, 2, 1, 2, 1, 1, 1, 1, 1, 0, 2, 2, 1, 2, 0, 0, 0, 2, 2, 1, 0, 2, 0, 2, 2, 1, 0, 1, 1, 1, 0, 0, 1, 0, 2, 1, 2, 2, 0, 0, 1, 1, 0, 2, 0, 2, 1, 0, 0, 2, 0, 0, 2, 0, 1, 0, 0, 0, 2, 1, 0, 2, 2, 0, 2, 2, 0, 1, 2, 1, 1, 2, 0, 1, 1, 1, 1, 2, 2, 1, 1, 2, 1, 1, 1, 0, 1, 0, 0, 1, 1, 1, 2, 0, 1, 1, 1, 0]|[1, 3, 2, 0, 4, 1, 4, 4, 2, 4, 3, 2, 1, 0, 2, 1, 1, 1, 2, 1, 1, 3, 0, 1, 0, 1, 1, 4, 1, 4, 3, 2, 2, 0, 4, 1, 1, 4, 0, 1, 2, 1, 4, 4, 1, 1, 0, 2, 3, 1, 2, 1, 2, 1, 1, 2, 4, 2, 0, 2, 2, 3, 1, 0, 1, 2, 0, 1, 2, 4, 1, 3, 4, 1, 2, 4, 3, 3, 3, 1, 1, 4, 3, 1, 3, 3, 4, 2, 4, 2, 2, 4, 1, 3, 1, 2, 3, 4, 4, 2]|[1, 2, 1, 0, 3, 0, 1, 3, 0, 0, 2, 0, 1, 0, 1, 0, 0, 0, 1, 0, 0, 2, 0, 0, 1, 0, 0, 3, 0, 1, 0, 2, 0, 1, 3, 0, 1, 3, 1, 0, 0, 0, 1, 3, 0, 0, 1, 0, 2, 0, 0, 0, 0, 0, 1, 0, 1, 0, 1, 1, 0, 2, 0, 0, 0, 0, 0, 0, 0, 2, 0, 0, 1, 0, 0, 1, 0, 0, 3, 0, 0, 1, 0, 0, 0, 0, 3, 0, 2, 0, 0, 2, 1, 0, 0, 0, 0, 1, 3, 0],836.569815134707,52504.092339752446,107095.57005228325,false
25,G2_TEC,G2_TEC,[31, 22, 82, 15, 26, 9, 95, 42, 77, 68, 47, 5, 93, 78, 86, 54, 85, 63, 18, 44, 20, 49, 36, 14, 74, 50, 53, 17, 21, 28, 11, 64, 3, 23, 30, 83, 24, 41, 40, 52, 65, 27, 90, 70, 39, 87, 48, 69, 99, 4, 46, 1, 13, 58, 97, 59, 45, 8, 73, 37, 35, 79, 71, 66, 76, 32, 60, 80, 96, 6, 16, 61, 33, 7, 57, 34, 12, 67, 10, 98, 56, 88, 43, 75, 91, 38, 19, 92, 29, 84, 51, 72, 81, 25, 2, 55, 94, 89, 62, 0]|[2, 1, 2, 1, 1, 2, 1, 1, 1, 1, 1, 0, 2, 2, 1, 2, 0, 0, 0, 2, 2, 1, 0, 2, 0, 2, 2, 1, 0, 1, 1, 1, 0, 0, 1, 0, 2, 1, 2, 2, 0, 0, 1, 1, 0, 2, 0, 2, 1, 0, 0, 2, 0, 0, 2, 0, 1, 1, 0, 0, 2, 1, 1, 2, 2, 0, 2, 2, 0, 1, 2, 1, 1, 2, 0, 1, 1, 1, 1, 2, 2, 1, 1, 0, 1, 0, 1, 0, 1, 0, 1, 1, 1, 1, 2, 0, 2, 1, 1, 0]|[0, 3, 0, 3, 4, 1, 4, 4, 2, 4, 3, 2, 1, 0, 2, 1, 1, 1, 2, 1, 1, 3, 0, 1, 0, 1, 1, 4, 1, 4, 3, 2, 2, 0, 4, 1, 1, 4, 0, 1, 2, 1, 4, 4, 1, 1, 0, 2, 3, 2, 2, 1, 2, 1, 1, 2, 4, 3, 0, 2, 2, 3, 3, 0, 1, 2, 0, 1, 2, 4, 1, 3, 4, 1, 2, 4, 3, 3, 3, 1, 1, 4, 4, 2, 3, 2, 4, 2, 3, 2, 3, 4, 4, 4, 1, 2, 1, 4, 3, 2]|[0, 2, 0, 0, 3, 0, 1, 3, 0, 0, 2, 0, 1, 0, 1, 0, 0, 0, 1, 0, 0, 2, 0, 0, 1, 0, 0, 3, 0, 1, 0, 2, 0, 0, 3, 0, 1, 3, 0, 0, 0, 0, 1, 3, 0, 0, 1, 0, 2, 0, 0, 0, 0, 0, 1, 0, 1, 0, 1, 1, 0, 2, 0, 0, 0, 0, 0, 0, 0, 2, 0, 0, 1, 0, 0, 1, 0, 0, 3, 0, 0, 1, 2, 0, 0, 0, 1, 0, 3, 0, 0, 2, 1, 3, 0, 0, 0, 1, 0, 0],884.1935202920454,50350.47642403707,113845.06305296552,false
25,G3_TWC,G2_TEC,[31, 22, 82, 15, 26, 9, 95, 42, 77, 68, 47, 5, 93, 78, 86, 54, 85, 63, 18, 44, 20, 49, 36, 14, 74, 50, 53, 17, 21, 28, 71, 64, 3, 23, 30, 83, 24, 41, 40, 52, 65, 27, 90, 70, 39, 87, 48, 69, 99, 4, 46, 1, 13, 58, 97, 11, 45, 8, 73, 29, 35, 79, 59, 66, 76, 32, 60, 43, 96, 6, 61, 16, 33, 7, 57, 34, 12, 67, 10, 98, 56, 88, 62, 75, 91, 38, 19, 92, 80, 84, 51, 72, 81, 37, 2, 55, 25, 89, 94, 0]|[2, 1, 2, 1, 1, 2, 1, 1, 1, 1, 1, 0, 2, 2, 1, 2, 0, 0, 0, 2, 2, 1, 0, 2, 0, 2, 2, 1, 0, 1, 1, 1, 0, 0, 1, 0, 2, 1, 2, 2, 0, 0, 1, 1, 0, 2, 0, 2, 1, 0, 0, 2, 0, 0, 2, 0, 1, 0, 0, 1, 2, 1, 0, 2, 2, 0, 2, 2, 0, 1, 1, 2, 1, 2, 0, 1, 1, 1, 1, 2, 2, 1, 1, 0, 1, 0, 1, 0, 1, 0, 1, 1, 1, 0, 2, 0, 1, 1, 2, 0]|[0, 3, 0, 3, 4, 1, 4, 4, 2, 4, 3, 2, 1, 0, 2, 1, 1, 1, 2, 1, 1, 3, 0, 1, 0, 1, 1, 4, 1, 4, 3, 2, 2, 0, 4, 1, 1, 4, 0, 1, 2, 1, 4, 4, 1, 1, 0, 2, 3, 1, 2, 1, 2, 1, 1, 2, 4, 2, 0, 3, 2, 3, 2, 0, 1, 2, 0, 1, 2, 4, 3, 1, 4, 1, 2, 4, 3, 3, 3, 1, 1, 4, 3, 2, 3, 2, 4, 2, 4, 2, 3, 4, 1, 2, 1, 2, 4, 4, 1, 2]|[0, 2, 0, 0, 3, 0, 1, 3, 0, 0, 2, 0, 1, 0, 1, 0, 0, 0, 1, 0, 0, 2, 0, 0, 1, 0, 0, 3, 0, 1, 0, 2, 0, 1, 3, 0, 1, 3, 1, 0, 0, 0, 1, 3, 0, 0, 1, 0, 2, 0, 0, 0, 0, 0, 1, 0, 1, 0, 1, 0, 0, 2, 0, 0, 0, 0, 0, 0, 0, 2, 0, 0, 1, 0, 0, 1, 0, 0, 3, 0, 0, 1, 0, 0, 0, 0, 3, 0, 2, 0, 0, 2, 1, 1, 0, 0, 3, 1, 0, 0],884.1681373821539,51358.08375928599,108457.8487614918,true
25,G1_CMAX,G1_CMAX,[31, 22, 82, 15, 26, 9, 42, 77, 12, 5, 47, 93, 78, 86, 54, 6, 63, 18, 44, 20, 35, 43, 97, 91, 76, 10, 30, 21, 45, 17, 23, 1, 71, 83, 24, 14, 60, 36, 85, 57, 40, 95, 88, 65, 56, 79, 94, 67, 68, 46, 75, 38, 58, 19, 32, 81, 41, 62, 87, 28, 90, 59, 11, 16, 72, 73, 69, 52, 37, 64, 84, 3, 25, 29, 55, 51, 7, 98, 61, 66, 99, 33, 89, 48, 50, 96, 53, 80, 4, 8, 27, 2, 39, 13, 0, 92, 49, 74, 34, 70]|[1, 1, 0, 1, 1, 1, 2, 2, 1, 2, 2, 1, 1, 1, 0, 0, 1, 0, 2, 2, 0, 1, 2, 2, 1, 2, 2, 0, 0, 1, 2, 1, 1, 0, 2, 0, 1, 1, 0, 1, 1, 1, 1, 0, 2, 1, 1, 0, 0, 0, 0, 1, 1, 2, 1, 2, 0, 0, 2, 0, 1, 2, 2, 1, 2, 1, 1, 1, 1, 1, 1, 2, 1, 0, 2, 0, 1, 2, 1, 0, 0, 2, 1, 0, 0, 2, 0, 0, 1, 1, 0, 0, 1, 0, 0, 0, 0, 2, 2, 1]|[0, 3, 1, 2, 0, 0, 1, 1, 4, 1, 1, 4, 4, 4, 2, 2, 4, 2, 1, 1, 1, 1, 2, 1, 2, 1, 1, 1, 1, 4, 0, 3, 3, 0, 1, 1, 0, 3, 2, 2, 2, 2, 0, 1, 1, 0, 4, 0, 1, 2, 2, 1, 4, 0, 3, 2, 1, 2, 1, 2, 3, 1, 1, 3, 0, 4, 4, 1, 4, 3, 1, 2, 4, 1, 1, 1, 1, 1, 3, 1, 1, 1, 1, 1, 1, 1, 2, 1, 4, 3, 2, 2, 1, 2, 2, 0, 1, 1, 1, 4]|[1, 1, 1, 1, 3, 3, 0, 0, 0, 0, 0, 2, 0, 1, 0, 0, 3, 1, 0, 0, 0, 3, 1, 0, 2, 0, 0, 0, 1, 3, 0, 0, 0, 0, 1, 0, 0, 2, 1, 1, 1, 1, 0, 0, 0, 0, 2, 1, 0, 0, 0, 1, 3, 0, 0, 1, 0, 1, 0, 1, 2, 0, 0, 2, 1, 0, 2, 1, 1, 0, 3, 1, 3, 0, 0, 0, 2, 0, 0, 0, 0, 0, 1, 0, 0, 0, 1, 0, 0, 2, 1, 0, 1, 0, 0, 1, 1, 0, 0, 2],733.3116759547878,58140.55643565909,96674.14109675489,false
25,G4_BALANCED,G4_BALANCED,[31, 11, 15, 82, 26, 9, 95, 32, 77, 68, 47, 5, 93, 78, 86, 54, 85, 63, 18, 44, 20, 49, 36, 14, 74, 50, 53, 17, 21, 45, 71, 64, 3, 23, 30, 83, 24, 41, 60, 52, 65, 27, 90, 70, 39, 87, 48, 69, 99, 4, 46, 1, 13, 58, 97, 59, 28, 75, 73, 37, 35, 79, 22, 66, 76, 42, 40, 80, 96, 6, 16, 61, 33, 7, 57, 34, 12, 67, 10, 98, 56, 88, 29, 94, 91, 51, 19, 92, 43, 84, 38, 72, 81, 8, 2, 55, 62, 89, 25, 0]|[2, 1, 1, 2, 1, 2, 1, 1, 1, 1, 1, 0, 2, 2, 1, 2, 0, 0, 0, 2, 2, 1, 0, 2, 0, 2, 2, 1, 0, 1, 1, 1, 0, 0, 1, 0, 2, 1, 2, 2, 0, 0, 1, 1, 0, 2, 0, 2, 1, 0, 0, 2, 0, 0, 2, 0, 1, 0, 0, 0, 2, 1, 0, 2, 2, 0, 2, 2, 0, 1, 2, 1, 1, 2, 0, 1, 1, 1, 1, 2, 2, 1, 1, 2, 1, 1, 1, 0, 1, 0, 0, 1, 1, 1, 2, 0, 1, 1, 1, 0]|[1, 3, 2, 0, 4, 1, 4, 4, 2, 4, 3, 2, 1, 0, 2, 1, 1, 1, 2, 1, 1, 3, 0, 1, 0, 1, 1, 4, 1, 4, 3, 2, 2, 0, 4, 1, 1, 4, 0, 1, 2, 1, 4, 4, 1, 1, 0, 2, 3, 1, 2, 1, 2, 1, 1, 2, 4, 2, 0, 2, 2, 3, 1, 0, 1, 2, 0, 1, 2, 4, 1, 3, 4, 1, 2, 4, 3, 3, 3, 1, 1, 4, 3, 1, 3, 3, 4, 2, 4, 2, 2, 4, 1, 3, 1, 2, 3, 4, 4, 2]|[1, 2, 1, 0, 3, 0, 1, 3, 0, 0, 2, 0, 1, 0, 1, 0, 0, 0, 1, 0, 0, 2, 0, 0, 1, 0, 0, 3, 0, 1, 0, 2, 0, 1, 3, 0, 1, 3, 1, 0, 0, 0, 1, 3, 0, 0, 1, 0, 2, 0, 0, 0, 0, 0, 1, 0, 1, 0, 1, 1, 0, 2, 0, 0, 0, 0, 0, 0, 0, 2, 0, 0, 1, 0, 0, 1, 0, 0, 3, 0, 0, 1, 0, 0, 0, 0, 3, 0, 2, 0, 0, 2, 1, 0, 0, 0, 0, 1, 3, 0],836.569815134707,52504.092339752446,107095.57005228325,false
25,G2_TEC,G2_TEC,[31, 22, 82, 15, 26, 9, 95, 42, 77, 68, 47, 5, 93, 78, 86, 54, 85, 63, 18, 44, 20, 49, 36, 14, 74, 50, 53, 17, 21, 28, 11, 64, 3, 23, 30, 83, 24, 41, 40, 52, 65, 27, 90, 70, 39, 87, 48, 69, 99, 4, 46, 1, 13, 58, 97, 59, 45, 8, 73, 37, 35, 79, 71, 66, 76, 32, 60, 80, 96, 6, 16, 61, 33, 7, 57, 34, 12, 67, 10, 98, 56, 88, 43, 75, 91, 38, 19, 92, 29, 84, 51, 72, 81, 25, 2, 55, 94, 89, 62, 0]|[2, 1, 2, 1, 1, 2, 1, 1, 1, 1, 1, 0, 2, 2, 1, 2, 0, 0, 0, 2, 2, 1, 0, 2, 0, 2, 2, 1, 0, 1, 1, 1, 0, 0, 1, 0, 2, 1, 2, 2, 0, 0, 1, 1, 0, 2, 0, 2, 1, 0, 0, 2, 0, 0, 2, 0, 1, 1, 0, 0, 2, 1, 1, 2, 2, 0, 2, 2, 0, 1, 2, 1, 1, 2, 0, 1, 1, 1, 1, 2, 2, 1, 1, 0, 1, 0, 1, 0, 1, 0, 1, 1, 1, 1, 2, 0, 2, 1, 1, 0]|[0, 3, 0, 3, 4, 1, 4, 4, 2, 4, 3, 2, 1, 0, 2, 1, 1, 1, 2, 1, 1, 3, 0, 1, 0, 1, 1, 4, 1, 4, 3, 2, 2, 0, 4, 1, 1, 4, 0, 1, 2, 1, 4, 4, 1, 1, 0, 2, 3, 2, 2, 1, 2, 1, 1, 2, 4, 3, 0, 2, 2, 3, 3, 0, 1, 2, 0, 1, 2, 4, 1, 3, 4, 1, 2, 4, 3, 3, 3, 1, 1, 4, 4, 2, 3, 2, 4, 2, 3, 2, 3, 4, 4, 4, 1, 2, 1, 4, 3, 2]|[0, 2, 0, 0, 3, 0, 1, 3, 0, 0, 2, 0, 1, 0, 1, 0, 0, 0, 1, 0, 0, 2, 0, 0, 1, 0, 0, 3, 0, 1, 0, 2, 0, 0, 3, 0, 1, 3, 0, 0, 0, 0, 1, 3, 0, 0, 1, 0, 2, 0, 0, 0, 0, 0, 1, 0, 1, 0, 1, 1, 0, 2, 0, 0, 0, 0, 0, 0, 0, 2, 0, 0, 1, 0, 0, 1, 0, 0, 3, 0, 0, 1, 2, 0, 0, 0, 1, 0, 3, 0, 0, 2, 1, 3, 0, 0, 0, 1, 0, 0],884.1935202920454,50350.47642403707,113845.06305296552,false
25,G3_TWC,G3_TWC,[31, 22, 82, 15, 26, 9, 42, 95, 77, 12, 47, 5, 93, 78, 86, 54, 85, 63, 18, 44, 20, 35, 43, 97, 91, 76, 10, 30, 21, 45, 71, 64, 1, 23, 17, 83, 24, 14, 60, 36, 6, 57, 94, 88, 65, 56, 79, 40, 67, 68, 46, 75, 38, 58, 19, 32, 81, 41, 27, 62, 87, 90, 99, 59, 11, 16, 72, 73, 69, 39, 37, 84, 3, 92, 25, 55, 28, 29, 51, 7, 33, 61, 98, 66, 89, 50, 4, 96, 53, 8, 80, 13, 70, 49, 52, 0, 74, 34, 2, 48]|[1, 1, 0, 1, 1, 1, 2, 1, 2, 2, 2, 2, 2, 1, 1, 0, 0, 1, 0, 2, 2, 0, 1, 2, 0, 1, 2, 2, 0, 0, 1, 2, 1, 2, 1, 0, 2, 0, 1, 1, 0, 1, 1, 1, 0, 2, 1, 1, 0, 0, 0, 0, 1, 1, 2, 1, 2, 0, 0, 0, 2, 1, 0, 1, 2, 1, 2, 1, 1, 1, 1, 1, 1, 0, 1, 1, 0, 0, 0, 1, 2, 1, 2, 2, 0, 0, 0, 0, 2, 0, 0, 0, 1, 0, 1, 0, 2, 2, 0, 0]|[4, 3, 2, 2, 0, 0, 2, 2, 2, 1, 1, 1, 2, 4, 4, 1, 2, 4, 2, 1, 1, 1, 1, 2, 1, 2, 1, 1, 1, 1, 3, 2, 3, 0, 4, 0, 1, 1, 0, 3, 2, 2, 4, 0, 1, 1, 0, 2, 0, 1, 2, 2, 1, 4, 0, 3, 2, 1, 1, 2, 1, 3, 1, 1, 1, 3, 0, 4, 3, 1, 4, 1, 1, 2, 4, 4, 2, 1, 1, 3, 1, 3, 1, 1, 2, 1, 2, 1, 0, 1, 1, 2, 3, 1, 1, 2, 1, 1, 2, 2]|[0, 2, 1, 1, 3, 3, 0, 1, 0, 0, 0, 0, 1, 0, 1, 0, 0, 3, 1, 0, 0, 0, 3, 1, 0, 2, 0, 0, 0, 1, 0, 0, 0, 0, 3, 0, 1, 0, 0, 2, 1, 1, 2, 0, 0, 0, 0, 1, 1, 0, 0, 0, 1, 3, 0, 0, 1, 0, 0, 1, 0, 2, 0, 1, 0, 2, 1, 0, 0, 1, 1, 3, 1, 1, 3, 3, 1, 0, 0, 2, 0, 0, 0, 0, 1, 0, 1, 0, 1, 0, 0, 0, 0, 1, 1, 0, 0, 0, 0, 0],799.1002142476597,58766.469869081004,90067.55034105257,false
25,G1_CMAX,G1_CMAX,[31, 22, 82, 15, 26, 9, 42, 77, 12, 5, 47, 93, 78, 86, 54, 6, 63, 18, 44, 20, 35, 43, 97, 91, 76, 10, 30, 21, 45, 17, 23, 1, 71, 83, 24, 14, 60, 36, 85, 57, 40, 95, 88, 65, 56, 79, 94, 67, 68, 46, 75, 38, 58, 19, 32, 81, 41, 62, 87, 28, 90, 59, 11, 16, 72, 73, 69, 52, 37, 64, 84, 3, 25, 29, 55, 51, 7, 98, 61, 66, 99, 33, 89, 48, 50, 96, 53, 80, 4, 8, 27, 2, 39, 13, 0, 92, 49, 74, 34, 70]|[1, 1, 0, 1, 1, 1, 2, 2, 1, 2, 2, 1, 1, 1, 0, 0, 1, 0, 2, 2, 0, 1, 2, 2, 1, 2, 2, 0, 0, 1, 2, 1, 1, 0, 2, 0, 1, 1, 0, 1, 1, 1, 1, 0, 2, 1, 1, 0, 0, 0, 0, 1, 1, 2, 1, 2, 0, 0, 2, 0, 1, 2, 2, 1, 2, 1, 1, 1, 1, 1, 1, 2, 1, 0, 2, 0, 1, 2, 1, 0, 0, 2, 1, 0, 0, 2, 0, 0, 1, 1, 0, 0, 1, 0, 0, 0, 0, 2, 2, 1]|[0, 3, 1, 2, 0, 0, 1, 1, 4, 1, 1, 4, 4, 4, 2, 2, 4, 2, 1, 1, 1, 1, 2, 1, 2, 1, 1, 1, 1, 4, 0, 3, 3, 0, 1, 1, 0, 3, 2, 2, 2, 2, 0, 1, 1, 0, 4, 0, 1, 2, 2, 1, 4, 0, 3, 2, 1, 2, 1, 2, 3, 1, 1, 3, 0, 4, 4, 1, 4, 3, 1, 2, 4, 1, 1, 1, 1, 1, 3, 1, 1, 1, 1, 1, 1, 1, 2, 1, 4, 3, 2, 2, 1, 2, 2, 0, 1, 1, 1, 4]|[1, 1, 1, 1, 3, 3, 0, 0, 0, 0, 0, 2, 0, 1, 0, 0, 3, 1, 0, 0, 0, 3, 1, 0, 2, 0, 0, 0, 1, 3, 0, 0, 0, 0, 1, 0, 0, 2, 1, 1, 1, 1, 0, 0, 0, 0, 2, 1, 0, 0, 0, 1, 3, 0, 0, 1, 0, 1, 0, 1, 2, 0, 0, 2, 1, 0, 2, 1, 1, 0, 3, 1, 3, 0, 0, 0, 2, 0, 0, 0, 0, 0, 1, 0, 0, 0, 1, 0, 0, 2, 1, 0, 1, 0, 0, 1, 1, 0, 0, 2],733.3116759547878,58140.55643565909,96674.14109675489,false
25,G4_BALANCED,G4_BALANCED,[31, 11, 15, 82, 26, 9, 95, 32, 77, 68, 47, 5, 93, 78, 86, 54, 85, 63, 18, 44, 20, 49, 36, 14, 74, 50, 53, 17, 21, 45, 71, 64, 3, 23, 30, 83, 24, 41, 60, 52, 65, 27, 90, 70, 39, 87, 48, 69, 99, 4, 46, 1, 13, 58, 97, 59, 28, 75, 73, 37, 35, 79, 22, 66, 76, 42, 40, 80, 96, 6, 16, 61, 33, 7, 57, 34, 12, 67, 10, 98, 56, 88, 29, 94, 91, 51, 19, 92, 43, 84, 38, 72, 81, 8, 2, 55, 62, 89, 25, 0]|[2, 1, 1, 2, 1, 2, 1, 1, 1, 1, 1, 0, 2, 2, 1, 2, 0, 0, 0, 2, 2, 1, 0, 2, 0, 2, 2, 1, 0, 1, 1, 1, 0, 0, 1, 0, 2, 1, 2, 2, 0, 0, 1, 1, 0, 2, 0, 2, 1, 0, 0, 2, 0, 0, 2, 0, 1, 0, 0, 0, 2, 1, 0, 2, 2, 0, 2, 2, 0, 1, 2, 1, 1, 2, 0, 1, 1, 1, 1, 2, 2, 1, 1, 2, 1, 1, 1, 0, 1, 0, 0, 1, 1, 1, 2, 0, 1, 1, 1, 0]|[1, 3, 2, 0, 4, 1, 4, 4, 2, 4, 3, 2, 1, 0, 2, 1, 1, 1, 2, 1, 1, 3, 0, 1, 0, 1, 1, 4, 1, 4, 3, 2, 2, 0, 4, 1, 1, 4, 0, 1, 2, 1, 4, 4, 1, 1, 0, 2, 3, 1, 2, 1, 2, 1, 1, 2, 4, 2, 0, 2, 2, 3, 1, 0, 1, 2, 0, 1, 2, 4, 1, 3, 4, 1, 2, 4, 3, 3, 3, 1, 1, 4, 3, 1, 3, 3, 4, 2, 4, 2, 2, 4, 1, 3, 1, 2, 3, 4, 4, 2]|[1, 2, 1, 0, 3, 0, 1, 3, 0, 0, 2, 0, 1, 0, 1, 0, 0, 0, 1, 0, 0, 2, 0, 0, 1, 0, 0, 3, 0, 1, 0, 2, 0, 1, 3, 0, 1, 3, 1, 0, 0, 0, 1, 3, 0, 0, 1, 0, 2, 0, 0, 0, 0, 0, 1, 0, 1, 0, 1, 1, 0, 2, 0, 0, 0, 0, 0, 0, 0, 2, 0, 0, 1, 0, 0, 1, 0, 0, 3, 0, 0, 1, 0, 0, 0, 0, 3, 0, 2, 0, 0, 2, 1, 0, 0, 0, 0, 1, 3, 0],836.569815134707,52504.092339752446,107095.57005228325,false
25,G2_TEC,G2_TEC,[31, 22, 82, 15, 26, 9, 95, 42, 77, 68, 47, 5, 93, 78, 86, 54, 85, 63, 18, 44, 20, 49, 36, 14, 74, 50, 53, 17, 21, 28, 11, 64, 3, 23, 30, 83, 24, 41, 40, 52, 65, 27, 90, 70, 39, 87, 48, 69, 99, 4, 46, 1, 13, 58, 97, 59, 45, 8, 73, 37, 35, 79, 71, 66, 76, 32, 60, 80, 96, 6, 16, 61, 33, 7, 57, 34, 12, 67, 10, 98, 56, 88, 43, 75, 91, 38, 19, 92, 29, 84, 51, 72, 81, 25, 2, 55, 94, 89, 62, 0]|[2, 1, 2, 1, 1, 2, 1, 1, 1, 1, 1, 0, 2, 2, 1, 2, 0, 0, 0, 2, 2, 1, 0, 2, 0, 2, 2, 1, 0, 1, 1, 1, 0, 0, 1, 0, 2, 1, 2, 2, 0, 0, 1, 1, 0, 2, 0, 2, 1, 0, 0, 2, 0, 0, 2, 0, 1, 1, 0, 0, 2, 1, 1, 2, 2, 0, 2, 2, 0, 1, 2, 1, 1, 2, 0, 1, 1, 1, 1, 2, 2, 1, 1, 0, 1, 0, 1, 0, 1, 0, 1, 1, 1, 1, 2, 0, 2, 1, 1, 0]|[0, 3, 0, 3, 4, 1, 4, 4, 2, 4, 3, 2, 1, 0, 2, 1, 1, 1, 2, 1, 1, 3, 0, 1, 0, 1, 1, 4, 1, 4, 3, 2, 2, 0, 4, 1, 1, 4, 0, 1, 2, 1, 4, 4, 1, 1, 0, 2, 3, 2, 2, 1, 2, 1, 1, 2, 4, 3, 0, 2, 2, 3, 3, 0, 1, 2, 0, 1, 2, 4, 1, 3, 4, 1, 2, 4, 3, 3, 3, 1, 1, 4, 4, 2, 3, 2, 4, 2, 3, 2, 3, 4, 4, 4, 1, 2, 1, 4, 3, 2]|[0, 2, 0, 0, 3, 0, 1, 3, 0, 0, 2, 0, 1, 0, 1, 0, 0, 0, 1, 0, 0, 2, 0, 0, 1, 0, 0, 3, 0, 1, 0, 2, 0, 0, 3, 0, 1, 3, 0, 0, 0, 0, 1, 3, 0, 0, 1, 0, 2, 0, 0, 0, 0, 0, 1, 0, 1, 0, 1, 1, 0, 2, 0, 0, 0, 0, 0, 0, 0, 2, 0, 0, 1, 0, 0, 1, 0, 0, 3, 0, 0, 1, 2, 0, 0, 0, 1, 0, 3, 0, 0, 2, 1, 3, 0, 0, 0, 1, 0, 0],884.1935202920454,50350.47642403707,113845.06305296552,false
25,G3_TWC,G3_TWC,[31, 22, 82, 15, 26, 9, 42, 95, 77, 12, 47, 5, 93, 78, 86, 54, 85, 63, 18, 44, 20, 35, 43, 97, 91, 76, 10, 30, 21, 45, 71, 64, 1, 23, 17, 83, 24, 14, 60, 36, 6, 57, 94, 88, 65, 56, 79, 40, 67, 68, 46, 75, 38, 58, 19, 32, 81, 41, 27, 62, 87, 90, 99, 59, 11, 16, 72, 73, 69, 39, 37, 84, 3, 92, 25, 55, 28, 29, 51, 7, 33, 61, 98, 66, 89, 50, 4, 96, 53, 8, 80, 13, 70, 49, 52, 0, 74, 34, 2, 48]|[1, 1, 0, 1, 1, 1, 2, 1, 2, 2, 2, 2, 2, 1, 1, 0, 0, 1, 0, 2, 2, 0, 1, 2, 0, 1, 2, 2, 0, 0, 1, 2, 1, 2, 1, 0, 2, 0, 1, 1, 0, 1, 1, 1, 0, 2, 1, 1, 0, 0, 0, 0, 1, 1, 2, 1, 2, 0, 0, 0, 2, 1, 0, 1, 2, 1, 2, 1, 1, 1, 1, 1, 1, 0, 1, 1, 0, 0, 0, 1, 2, 1, 2, 2, 0, 0, 0, 0, 2, 0, 0, 0, 1, 0, 1, 0, 2, 2, 0, 0]|[4, 3, 2, 2, 0, 0, 2, 2, 2, 1, 1, 1, 2, 4, 4, 1, 2, 4, 2, 1, 1, 1, 1, 2, 1, 2, 1, 1, 1, 1, 3, 2, 3, 0, 4, 0, 1, 1, 0, 3, 2, 2, 4, 0, 1, 1, 0, 2, 0, 1, 2, 2, 1, 4, 0, 3, 2, 1, 1, 2, 1, 3, 1, 1, 1, 3, 0, 4, 3, 1, 4, 1, 1, 2, 4, 4, 2, 1, 1, 3, 1, 3, 1, 1, 2, 1, 2, 1, 0, 1, 1, 2, 3, 1, 1, 2, 1, 1, 2, 2]|[0, 2, 1, 1, 3, 3, 0, 1, 0, 0, 0, 0, 1, 0, 1, 0, 0, 3, 1, 0, 0, 0, 3, 1, 0, 2, 0, 0, 0, 1, 0, 0, 0, 0, 3, 0, 1, 0, 0, 2, 1, 1, 2, 0, 0, 0, 0, 1, 1, 0, 0, 0, 1, 3, 0, 0, 1, 0, 0, 1, 0, 2, 0, 1, 0, 2, 1, 0, 0, 1, 1, 3, 1, 1, 3, 3, 1, 0, 0, 2, 0, 0, 0, 0, 1, 0, 1, 0, 1, 0, 0, 0, 0, 1, 1, 0, 0, 0, 0, 0],799.1002142476597,58766.469869081004,90067.55034105257,false
25,G1_CMAX,G1_CMAX,[31, 22, 82, 15, 26, 9, 42, 77, 12, 5, 47, 93, 78, 86, 54, 6, 63, 18, 44, 20, 35, 43, 97, 91, 76, 10, 30, 21, 45, 17, 23, 1, 71, 83, 24, 14, 60, 36, 85, 57, 40, 95, 88, 65, 56, 79, 94, 67, 68, 46, 75, 38, 58, 19, 32, 81, 41, 62, 87, 28, 90, 59, 11, 16, 72, 73, 69, 52, 37, 64, 84, 3, 25, 29, 55, 51, 7, 98, 61, 66, 99, 33, 89, 48, 50, 96, 53, 80, 4, 8, 27, 2, 39, 13, 0, 92, 49, 74, 34, 70]|[1, 1, 0, 1, 1, 1, 2, 2, 1, 2, 2, 1, 1, 1, 0, 0, 1, 0, 2, 2, 0, 1, 2, 2, 1, 2, 2, 0, 0, 1, 2, 1, 1, 0, 2, 0, 1, 1, 0, 1, 1, 1, 1, 0, 2, 1, 1, 0, 0, 0, 0, 1, 1, 2, 1, 2, 0, 0, 2, 0, 1, 2, 2, 1, 2, 1, 1, 1, 1, 1, 1, 2, 1, 0, 2, 0, 1, 2, 1, 0, 0, 2, 1, 0, 0, 2, 0, 0, 1, 1, 0, 0, 1, 0, 0, 0, 0, 2, 2, 1]|[0, 3, 1, 2, 0, 0, 1, 1, 4, 1, 1, 4, 4, 4, 2, 2, 4, 2, 1, 1, 1, 1, 2, 1, 2, 1, 1, 1, 1, 4, 0, 3, 3, 0, 1, 1, 0, 3, 2, 2, 2, 2, 0, 1, 1, 0, 4, 0, 1, 2, 2, 1, 4, 0, 3, 2, 1, 2, 1, 2, 3, 1, 1, 3, 0, 4, 4, 1, 4, 3, 1, 2, 4, 1, 1, 1, 1, 1, 3, 1, 1, 1, 1, 1, 1, 1, 2, 1, 4, 3, 2, 2, 1, 2, 2, 0, 1, 1, 1, 4]|[1, 1, 1, 1, 3, 3, 0, 0, 0, 0, 0, 2, 0, 1, 0, 0, 3, 1, 0, 0, 0, 3, 1, 0, 2, 0, 0, 0, 1, 3, 0, 0, 0, 0, 1, 0, 0, 2, 1, 1, 1, 1, 0, 0, 0, 0, 2, 1, 0, 0, 0, 1, 3, 0, 0, 1, 0, 1, 0, 1, 2, 0, 0, 2, 1, 0, 2, 1, 1, 0, 3, 1, 3, 0, 0, 0, 2, 0, 0, 0, 0, 0, 1, 0, 0, 0, 1, 0, 0, 2, 1, 0, 1, 0, 0, 1, 1, 0, 0, 2],733.3116759547878,58140.55643565909,96674.14109675489,false
25,G4_BALANCED,G4_BALANCED,[31, 11, 15, 82, 26, 9, 95, 32, 77, 68, 47, 5, 93, 78, 86, 54, 85, 63, 18, 44, 20, 49, 36, 14, 74, 50, 53, 17, 21, 45, 71, 64, 3, 23, 30, 83, 24, 41, 60, 52, 65, 27, 90, 70, 39, 87, 48, 69, 99, 4, 46, 1, 13, 58, 97, 59, 28, 75, 73, 37, 35, 79, 22, 66, 76, 42, 40, 80, 96, 6, 16, 61, 33, 7, 57, 34, 12, 67, 10, 98, 56, 88, 29, 94, 91, 51, 19, 92, 43, 84, 38, 72, 81, 8, 2, 55, 62, 89, 25, 0]|[2, 1, 1, 2, 1, 2, 1, 1, 1, 1, 1, 0, 2, 2, 1, 2, 0, 0, 0, 2, 2, 1, 0, 2, 0, 2, 2, 1, 0, 1, 1, 1, 0, 0, 1, 0, 2, 1, 2, 2, 0, 0, 1, 1, 0, 2, 0, 2, 1, 0, 0, 2, 0, 0, 2, 0, 1, 0, 0, 0, 2, 1, 0, 2, 2, 0, 2, 2, 0, 1, 2, 1, 1, 2, 0, 1, 1, 1, 1, 2, 2, 1, 1, 2, 1, 1, 1, 0, 1, 0, 0, 1, 1, 1, 2, 0, 1, 1, 1, 0]|[1, 3, 2, 0, 4, 1, 4, 4, 2, 4, 3, 2, 1, 0, 2, 1, 1, 1, 2, 1, 1, 3, 0, 1, 0, 1, 1, 4, 1, 4, 3, 2, 2, 0, 4, 1, 1, 4, 0, 1, 2, 1, 4, 4, 1, 1, 0, 2, 3, 1, 2, 1, 2, 1, 1, 2, 4, 2, 0, 2, 2, 3, 1, 0, 1, 2, 0, 1, 2, 4, 1, 3, 4, 1, 2, 4, 3, 3, 3, 1, 1, 4, 3, 1, 3, 3, 4, 2, 4, 2, 2, 4, 1, 3, 1, 2, 3, 4, 4, 2]|[1, 2, 1, 0, 3, 0, 1, 3, 0, 0, 2, 0, 1, 0, 1, 0, 0, 0, 1, 0, 0, 2, 0, 0, 1, 0, 0, 3, 0, 1, 0, 2, 0, 1, 3, 0, 1, 3, 1, 0, 0, 0, 1, 3, 0, 0, 1, 0, 2, 0, 0, 0, 0, 0, 1, 0, 1, 0, 1, 1, 0, 2, 0, 0, 0, 0, 0, 0, 0, 2, 0, 0, 1, 0, 0, 1, 0, 0, 3, 0, 0, 1, 0, 0, 0, 0, 3, 0, 2, 0, 0, 2, 1, 0, 0, 0, 0, 1, 3, 0],836.569815134707,52504.092339752446,107095.57005228325,false
25,G2_TEC,G2_TEC,[31, 22, 82, 15, 26, 9, 95, 42, 77, 68, 47, 5, 93, 78, 86, 54, 85, 63, 18, 44, 20, 49, 36, 14, 74, 50, 53, 17, 21, 28, 11, 64, 3, 23, 30, 83, 24, 41, 40, 52, 65, 27, 90, 70, 39, 87, 48, 69, 99, 4, 46, 1, 13, 58, 97, 59, 45, 8, 73, 37, 35, 79, 71, 66, 76, 32, 60, 80, 96, 6, 16, 61, 33, 7, 57, 34, 12, 67, 10, 98, 56, 88, 43, 75, 91, 38, 19, 92, 29, 84, 51, 72, 81, 25, 2, 55, 94, 89, 62, 0]|[2, 1, 2, 1, 1, 2, 1, 1, 1, 1, 1, 0, 2, 2, 1, 2, 0, 0, 0, 2, 2, 1, 0, 2, 0, 2, 2, 1, 0, 1, 1, 1, 0, 0, 1, 0, 2, 1, 2, 2, 0, 0, 1, 1, 0, 2, 0, 2, 1, 0, 0, 2, 0, 0, 2, 0, 1, 1, 0, 0, 2, 1, 1, 2, 2, 0, 2, 2, 0, 1, 2, 1, 1, 2, 0, 1, 1, 1, 1, 2, 2, 1, 1, 0, 1, 0, 1, 0, 1, 0, 1, 1, 1, 1, 2, 0, 2, 1, 1, 0]|[0, 3, 0, 3, 4, 1, 4, 4, 2, 4, 3, 2, 1, 0, 2, 1, 1, 1, 2, 1, 1, 3, 0, 1, 0, 1, 1, 4, 1, 4, 3, 2, 2, 0, 4, 1, 1, 4, 0, 1, 2, 1, 4, 4, 1, 1, 0, 2, 3, 2, 2, 1, 2, 1, 1, 2, 4, 3, 0, 2, 2, 3, 3, 0, 1, 2, 0, 1, 2, 4, 1, 3, 4, 1, 2, 4, 3, 3, 3, 1, 1, 4, 4, 2, 3, 2, 4, 2, 3, 2, 3, 4, 4, 4, 1, 2, 1, 4, 3, 2]|[0, 2, 0, 0, 3, 0, 1, 3, 0, 0, 2, 0, 1, 0, 1, 0, 0, 0, 1, 0, 0, 2, 0, 0, 1, 0, 0, 3, 0, 1, 0, 2, 0, 0, 3, 0, 1, 3, 0, 0, 0, 0, 1, 3, 0, 0, 1, 0, 2, 0, 0, 0, 0, 0, 1, 0, 1, 0, 1, 1, 0, 2, 0, 0, 0, 0, 0, 0, 0, 2, 0, 0, 1, 0, 0, 1, 0, 0, 3, 0, 0, 1, 2, 0, 0, 0, 1, 0, 3, 0, 0, 2, 1, 3, 0, 0, 0, 1, 0, 0],884.1935202920454,50350.47642403707,113845.06305296552,false
25,G3_TWC,G3_TWC,[31, 22, 82, 15, 26, 9, 42, 95, 77, 12, 47, 5, 93, 78, 86, 54, 85, 63, 18, 44, 20, 35, 43, 97, 91, 76, 10, 30, 21, 45, 71, 64, 1, 23, 17, 83, 24, 14, 60, 36, 6, 57, 94, 88, 65, 56, 79, 40, 67, 68, 46, 75, 38, 58, 19, 32, 81, 41, 27, 62, 87, 90, 99, 59, 11, 16, 72, 73, 69, 39, 37, 84, 3, 92, 25, 55, 28, 29, 51, 7, 33, 61, 98, 66, 89, 50, 4, 96, 53, 8, 80, 13, 70, 49, 52, 0, 74, 34, 2, 48]|[1, 1, 0, 1, 1, 1, 2, 1, 2, 2, 2, 2, 2, 1, 1, 0, 0, 1, 0, 2, 2, 0, 1, 2, 0, 1, 2, 2, 0, 0, 1, 2, 1, 2, 1, 0, 2, 0, 1, 1, 0, 1, 1, 1, 0, 2, 1, 1, 0, 0, 0, 0, 1, 1, 2, 1, 2, 0, 0, 0, 2, 1, 0, 1, 2, 1, 2, 1, 1, 1, 1, 1, 1, 0, 1, 1, 0, 0, 0, 1, 2, 1, 2, 2, 0, 0, 0, 0, 2, 0, 0, 0, 1, 0, 1, 0, 2, 2, 0, 0]|[4, 3, 2, 2, 0, 0, 2, 2, 2, 1, 1, 1, 2, 4, 4, 1, 2, 4, 2, 1, 1, 1, 1, 2, 1, 2, 1, 1, 1, 1, 3, 2, 3, 0, 4, 0, 1, 1, 0, 3, 2, 2, 4, 0, 1, 1, 0, 2, 0, 1, 2, 2, 1, 4, 0, 3, 2, 1, 1, 2, 1, 3, 1, 1, 1, 3, 0, 4, 3, 1, 4, 1, 1, 2, 4, 4, 2, 1, 1, 3, 1, 3, 1, 1, 2, 1, 2, 1, 0, 1, 1, 2, 3, 1, 1, 2, 1, 1, 2, 2]|[0, 2, 1, 1, 3, 3, 0, 1, 0, 0, 0, 0, 1, 0, 1, 0, 0, 3, 1, 0, 0, 0, 3, 1, 0, 2, 0, 0, 0, 1, 0, 0, 0, 0, 3, 0, 1, 0, 0, 2, 1, 1, 2, 0, 0, 0, 0, 1, 1, 0, 0, 0, 1, 3, 0, 0, 1, 0, 0, 1, 0, 2, 0, 1, 0, 2, 1, 0, 0, 1, 1, 3, 1, 1, 3, 3, 1, 0, 0, 2, 0, 0, 0, 0, 1, 0, 1, 0, 1, 0, 0, 0, 0, 1, 1, 0, 0, 0, 0, 0],799.1002142476597,58766.469869081004,90067.55034105257,false
25,G1_CMAX,G1_CMAX,[31, 22, 82, 15, 26, 9, 42, 77, 12, 5, 47, 93, 78, 86, 54, 6, 63, 18, 44, 20, 35, 43, 97, 91, 76, 10, 30, 21, 45, 17, 23, 1, 71, 83, 24, 14, 60, 36, 85, 57, 40, 95, 88, 65, 56, 79, 94, 67, 68, 46, 75, 38, 58, 19, 32, 81, 41, 62, 87, 28, 90, 59, 11, 16, 72, 73, 69, 52, 37, 64, 84, 3, 25, 29, 55, 51, 7, 98, 61, 66, 99, 33, 89, 48, 50, 96, 53, 80, 4, 8, 27, 2, 39, 13, 0, 92, 49, 74, 34, 70]|[1, 1, 0, 1, 1, 1, 2, 2, 1, 2, 2, 1, 1, 1, 0, 0, 1, 0, 2, 2, 0, 1, 2, 2, 1, 2, 2, 0, 0, 1, 2, 1, 1, 0, 2, 0, 1, 1, 0, 1, 1, 1, 1, 0, 2, 1, 1, 0, 0, 0, 0, 1, 1, 2, 1, 2, 0, 0, 2, 0, 1, 2, 2, 1, 2, 1, 1, 1, 1, 1, 1, 2, 1, 0, 2, 0, 1, 2, 1, 0, 0, 2, 1, 0, 0, 2, 0, 0, 1, 1, 0, 0, 1, 0, 0, 0, 0, 2, 2, 1]|[0, 3, 1, 2, 0, 0, 1, 1, 4, 1, 1, 4, 4, 4, 2, 2, 4, 2, 1, 1, 1, 1, 2, 1, 2, 1, 1, 1, 1, 4, 0, 3, 3, 0, 1, 1, 0, 3, 2, 2, 2, 2, 0, 1, 1, 0, 4, 0, 1, 2, 2, 1, 4, 0, 3, 2, 1, 2, 1, 2, 3, 1, 1, 3, 0, 4, 4, 1, 4, 3, 1, 2, 4, 1, 1, 1, 1, 1, 3, 1, 1, 1, 1, 1, 1, 1, 2, 1, 4, 3, 2, 2, 1, 2, 2, 0, 1, 1, 1, 4]|[1, 1, 1, 1, 3, 3, 0, 0, 0, 0, 0, 2, 0, 1, 0, 0, 3, 1, 0, 0, 0, 3, 1, 0, 2, 0, 0, 0, 1, 3, 0, 0, 0, 0, 1, 0, 0, 2, 1, 1, 1, 1, 0, 0, 0, 0, 2, 1, 0, 0, 0, 1, 3, 0, 0, 1, 0, 1, 0, 1, 2, 0, 0, 2, 1, 0, 2, 1, 1, 0, 3, 1, 3, 0, 0, 0, 2, 0, 0, 0, 0, 0, 1, 0, 0, 0, 1, 0, 0, 2, 1, 0, 1, 0, 0, 1, 1, 0, 0, 2],733.3116759547878,58140.55643565909,96674.14109675489,false
25,G4_BALANCED,G4_BALANCED,[31, 11, 15, 82, 26, 9, 95, 32, 77, 68, 47, 5, 93, 78, 86, 54, 85, 63, 18, 44, 20, 49, 36, 14, 74, 50, 53, 17, 21, 45, 71, 64, 3, 23, 30, 83, 24, 41, 60, 52, 65, 27, 90, 70, 39, 87, 48, 69, 99, 4, 46, 1, 13, 58, 97, 59, 28, 75, 73, 37, 35, 79, 22, 66, 76, 42, 40, 80, 96, 6, 16, 61, 33, 7, 57, 34, 12, 67, 10, 98, 56, 88, 29, 94, 91, 51, 19, 92, 43, 84, 38, 72, 81, 8, 2, 55, 62, 89, 25, 0]|[2, 1, 1, 2, 1, 2, 1, 1, 1, 1, 1, 0, 2, 2, 1, 2, 0, 0, 0, 2, 2, 1, 0, 2, 0, 2, 2, 1, 0, 1, 1, 1, 0, 0, 1, 0, 2, 1, 2, 2, 0, 0, 1, 1, 0, 2, 0, 2, 1, 0, 0, 2, 0, 0, 2, 0, 1, 0, 0, 0, 2, 1, 0, 2, 2, 0, 2, 2, 0, 1, 2, 1, 1, 2, 0, 1, 1, 1, 1, 2, 2, 1, 1, 2, 1, 1, 1, 0, 1, 0, 0, 1, 1, 1, 2, 0, 1, 1, 1, 0]|[1, 3, 2, 0, 4, 1, 4, 4, 2, 4, 3, 2, 1, 0, 2, 1, 1, 1, 2, 1, 1, 3, 0, 1, 0, 1, 1, 4, 1, 4, 3, 2, 2, 0, 4, 1, 1, 4, 0, 1, 2, 1, 4, 4, 1, 1, 0, 2, 3, 1, 2, 1, 2, 1, 1, 2, 4, 2, 0, 2, 2, 3, 1, 0, 1, 2, 0, 1, 2, 4, 1, 3, 4, 1, 2, 4, 3, 3, 3, 1, 1, 4, 3, 1, 3, 3, 4, 2, 4, 2, 2, 4, 1, 3, 1, 2, 3, 4, 4, 2]|[1, 2, 1, 0, 3, 0, 1, 3, 0, 0, 2, 0, 1, 0, 1, 0, 0, 0, 1, 0, 0, 2, 0, 0, 1, 0, 0, 3, 0, 1, 0, 2, 0, 1, 3, 0, 1, 3, 1, 0, 0, 0, 1, 3, 0, 0, 1, 0, 2, 0, 0, 0, 0, 0, 1, 0, 1, 0, 1, 1, 0, 2, 0, 0, 0, 0, 0, 0, 0, 2, 0, 0, 1, 0, 0, 1, 0, 0, 3, 0, 0, 1, 0, 0, 0, 0, 3, 0, 2, 0, 0, 2, 1, 0, 0, 0, 0, 1, 3, 0],836.569815134707,52504.092339752446,107095.57005228325,false
25,G2_TEC,G2_TEC,[31, 22, 82, 15, 26, 9, 95, 42, 77, 68, 47, 5, 93, 78, 86, 54, 85, 63, 18, 44, 20, 49, 36, 14, 74, 50, 53, 17, 21, 28, 11, 64, 3, 23, 30, 83, 24, 41, 40, 52, 65, 27, 90, 70, 39, 87, 48, 69, 99, 4, 46, 1, 13, 58, 97, 59, 45, 8, 73, 37, 35, 79, 71, 66, 76, 32, 60, 80, 96, 6, 16, 61, 33, 7, 57, 34, 12, 67, 10, 98, 56, 88, 43, 75, 91, 38, 19, 92, 29, 84, 51, 72, 81, 25, 2, 55, 94, 89, 62, 0]|[2, 1, 2, 1, 1, 2, 1, 1, 1, 1, 1, 0, 2, 2, 1, 2, 0, 0, 0, 2, 2, 1, 0, 2, 0, 2, 2, 1, 0, 1, 1, 1, 0, 0, 1, 0, 2, 1, 2, 2, 0, 0, 1, 1, 0, 2, 0, 2, 1, 0, 0, 2, 0, 0, 2, 0, 1, 1, 0, 0, 2, 1, 1, 2, 2, 0, 2, 2, 0, 1, 2, 1, 1, 2, 0, 1, 1, 1, 1, 2, 2, 1, 1, 0, 1, 0, 1, 0, 1, 0, 1, 1, 1, 1, 2, 0, 2, 1, 1, 0]|[0, 3, 0, 3, 4, 1, 4, 4, 2, 4, 3, 2, 1, 0, 2, 1, 1, 1, 2, 1, 1, 3, 0, 1, 0, 1, 1, 4, 1, 4, 3, 2, 2, 0, 4, 1, 1, 4, 0, 1, 2, 1, 4, 4, 1, 1, 0, 2, 3, 2, 2, 1, 2, 1, 1, 2, 4, 3, 0, 2, 2, 3, 3, 0, 1, 2, 0, 1, 2, 4, 1, 3, 4, 1, 2, 4, 3, 3, 3, 1, 1, 4, 4, 2, 3, 2, 4, 2, 3, 2, 3, 4, 4, 4, 1, 2, 1, 4, 3, 2]|[0, 2, 0, 0, 3, 0, 1, 3, 0, 0, 2, 0, 1, 0, 1, 0, 0, 0, 1, 0, 0, 2, 0, 0, 1, 0, 0, 3, 0, 1, 0, 2, 0, 0, 3, 0, 1, 3, 0, 0, 0, 0, 1, 3, 0, 0, 1, 0, 2, 0, 0, 0, 0, 0, 1, 0, 1, 0, 1, 1, 0, 2, 0, 0, 0, 0, 0, 0, 0, 2, 0, 0, 1, 0, 0, 1, 0, 0, 3, 0, 0, 1, 2, 0, 0, 0, 1, 0, 3, 0, 0, 2, 1, 3, 0, 0, 0, 1, 0, 0],884.1935202920454,50350.47642403707,113845.06305296552,false
25,G3_TWC,G3_TWC,[31, 22, 82, 15, 26, 9, 42, 95, 77, 12, 47, 5, 93, 78, 86, 54, 85, 63, 18, 44, 20, 35, 43, 97, 91, 76, 10, 30, 21, 45, 71, 64, 1, 23, 17, 83, 24, 14, 60, 36, 6, 57, 94, 88, 65, 56, 79, 40, 67, 68, 46, 75, 38, 58, 19, 32, 81, 41, 27, 62, 87, 90, 99, 59, 11, 16, 72, 73, 69, 39, 37, 84, 3, 92, 25, 55, 28, 29, 51, 7, 33, 61, 98, 66, 89, 50, 4, 96, 53, 8, 80, 13, 70, 49, 52, 0, 74, 34, 2, 48]|[1, 1, 0, 1, 1, 1, 2, 1, 2, 2, 2, 2, 2, 1, 1, 0, 0, 1, 0, 2, 2, 0, 1, 2, 0, 1, 2, 2, 0, 0, 1, 2, 1, 2, 1, 0, 2, 0, 1, 1, 0, 1, 1, 1, 0, 2, 1, 1, 0, 0, 0, 0, 1, 1, 2, 1, 2, 0, 0, 0, 2, 1, 0, 1, 2, 1, 2, 1, 1, 1, 1, 1, 1, 0, 1, 1, 0, 0, 0, 1, 2, 1, 2, 2, 0, 0, 0, 0, 2, 0, 0, 0, 1, 0, 1, 0, 2, 2, 0, 0]|[4, 3, 2, 2, 0, 0, 2, 2, 2, 1, 1, 1, 2, 4, 4, 1, 2, 4, 2, 1, 1, 1, 1, 2, 1, 2, 1, 1, 1, 1, 3, 2, 3, 0, 4, 0, 1, 1, 0, 3, 2, 2, 4, 0, 1, 1, 0, 2, 0, 1, 2, 2, 1, 4, 0, 3, 2, 1, 1, 2, 1, 3, 1, 1, 1, 3, 0, 4, 3, 1, 4, 1, 1, 2, 4, 4, 2, 1, 1, 3, 1, 3, 1, 1, 2, 1, 2, 1, 0, 1, 1, 2, 3, 1, 1, 2, 1, 1, 2, 2]|[0, 2, 1, 1, 3, 3, 0, 1, 0, 0, 0, 0, 1, 0, 1, 0, 0, 3, 1, 0, 0, 0, 3, 1, 0, 2, 0, 0, 0, 1, 0, 0, 0, 0, 3, 0, 1, 0, 0, 2, 1, 1, 2, 0, 0, 0, 0, 1, 1, 0, 0, 0, 1, 3, 0, 0, 1, 0, 0, 1, 0, 2, 0, 1, 0, 2, 1, 0, 0, 1, 1, 3, 1, 1, 3, 3, 1, 0, 0, 2, 0, 0, 0, 0, 1, 0, 1, 0, 1, 0, 0, 0, 0, 1, 1, 0, 0, 0, 0, 0],799.1002142476597,58766.469869081004,90067.55034105257,false
25,G1_CMAX,G1_CMAX,[31, 22, 82, 15, 26, 9, 42, 77, 12, 5, 47, 93, 78, 86, 54, 6, 63, 18, 44, 20, 35, 43, 97, 91, 76, 10, 30, 21, 45, 17, 23, 1, 71, 83, 24, 14, 60, 36, 85, 57, 40, 95, 88, 65, 56, 79, 94, 67, 68, 46, 75, 38, 58, 19, 32, 81, 41, 62, 87, 28, 90, 59, 11, 16, 72, 73, 69, 52, 37, 64, 84, 3, 25, 29, 55, 51, 7, 98, 61, 66, 99, 33, 89, 48, 50, 96, 53, 80, 4, 8, 27, 2, 39, 13, 0, 92, 49, 74, 34, 70]|[1, 1, 0, 1, 1, 1, 2, 2, 1, 2, 2, 1, 1, 1, 0, 0, 1, 0, 2, 2, 0, 1, 2, 2, 1, 2, 2, 0, 0, 1, 2, 1, 1, 0, 2, 0, 1, 1, 0, 1, 1, 1, 1, 0, 2, 1, 1, 0, 0, 0, 0, 1, 1, 2, 1, 2, 0, 0, 2, 0, 1, 2, 2, 1, 2, 1, 1, 1, 1, 1, 1, 2, 1, 0, 2, 0, 1, 2, 1, 0, 0, 2, 1, 0, 0, 2, 0, 0, 1, 1, 0, 0, 1, 0, 0, 0, 0, 2, 2, 1]|[0, 3, 1, 2, 0, 0, 1, 1, 4, 1, 1, 4, 4, 4, 2, 2, 4, 2, 1, 1, 1, 1, 2, 1, 2, 1, 1, 1, 1, 4, 0, 3, 3, 0, 1, 1, 0, 3, 2, 2, 2, 2, 0, 1, 1, 0, 4, 0, 1, 2, 2, 1, 4, 0, 3, 2, 1, 2, 1, 2, 3, 1, 1, 3, 0, 4, 4, 1, 4, 3, 1, 2, 4, 1, 1, 1, 1, 1, 3, 1, 1, 1, 1, 1, 1, 1, 2, 1, 4, 3, 2, 2, 1, 2, 2, 0, 1, 1, 1, 4]|[1, 1, 1, 1, 3, 3, 0, 0, 0, 0, 0, 2, 0, 1, 0, 0, 3, 1, 0, 0, 0, 3, 1, 0, 2, 0, 0, 0, 1, 3, 0, 0, 0, 0, 1, 0, 0, 2, 1, 1, 1, 1, 0, 0, 0, 0, 2, 1, 0, 0, 0, 1, 3, 0, 0, 1, 0, 1, 0, 1, 2, 0, 0, 2, 1, 0, 2, 1, 1, 0, 3, 1, 3, 0, 0, 0, 2, 0, 0, 0, 0, 0, 1, 0, 0, 0, 1, 0, 0, 2, 1, 0, 1, 0, 0, 1, 1, 0, 0, 2],733.3116759547878,58140.55643565909,96674.14109675489,false
25,G4_BALANCED,G4_BALANCED,[31, 11, 15, 82, 26, 9, 95, 32, 77, 68, 47, 5, 93, 78, 86, 54, 85, 63, 18, 44, 20, 49, 36, 14, 74, 50, 53, 17, 21, 45, 71, 64, 3, 23, 30, 83, 24, 41, 60, 52, 65, 27, 90, 70, 39, 87, 48, 69, 99, 4, 46, 1, 13, 58, 97, 59, 28, 75, 73, 37, 35, 79, 22, 66, 76, 42, 40, 80, 96, 6, 16, 61, 33, 7, 57, 34, 12, 67, 10, 98, 56, 88, 29, 94, 91, 51, 19, 92, 43, 84, 38, 72, 81, 8, 2, 55, 62, 89, 25, 0]|[2, 1, 1, 2, 1, 2, 1, 1, 1, 1, 1, 0, 2, 2, 1, 2, 0, 0, 0, 2, 2, 1, 0, 2, 0, 2, 2, 1, 0, 1, 1, 1, 0, 0, 1, 0, 2, 1, 2, 2, 0, 0, 1, 1, 0, 2, 0, 2, 1, 0, 0, 2, 0, 0, 2, 0, 1, 0, 0, 0, 2, 1, 0, 2, 2, 0, 2, 2, 0, 1, 2, 1, 1, 2, 0, 1, 1, 1, 1, 2, 2, 1, 1, 2, 1, 1, 1, 0, 1, 0, 0, 1, 1, 1, 2, 0, 1, 1, 1, 0]|[1, 3, 2, 0, 4, 1, 4, 4, 2, 4, 3, 2, 1, 0, 2, 1, 1, 1, 2, 1, 1, 3, 0, 1, 0, 1, 1, 4, 1, 4, 3, 2, 2, 0, 4, 1, 1, 4, 0, 1, 2, 1, 4, 4, 1, 1, 0, 2, 3, 1, 2, 1, 2, 1, 1, 2, 4, 2, 0, 2, 2, 3, 1, 0, 1, 2, 0, 1, 2, 4, 1, 3, 4, 1, 2, 4, 3, 3, 3, 1, 1, 4, 3, 1, 3, 3, 4, 2, 4, 2, 2, 4, 1, 3, 1, 2, 3, 4, 4, 2]|[1, 2, 1, 0, 3, 0, 1, 3, 0, 0, 2, 0, 1, 0, 1, 0, 0, 0, 1, 0, 0, 2, 0, 0, 1, 0, 0, 3, 0, 1, 0, 2, 0, 1, 3, 0, 1, 3, 1, 0, 0, 0, 1, 3, 0, 0, 1, 0, 2, 0, 0, 0, 0, 0, 1, 0, 1, 0, 1, 1, 0, 2, 0, 0, 0, 0, 0, 0, 0, 2, 0, 0, 1, 0, 0, 1, 0, 0, 3, 0, 0, 1, 0, 0, 0, 0, 3, 0, 2, 0, 0, 2, 1, 0, 0, 0, 0, 1, 3, 0],836.569815134707,52504.092339752446,107095.57005228325,false
25,G2_TEC,G2_TEC,[31, 22, 82, 15, 26, 9, 95, 42, 77, 68, 47, 5, 93, 78, 86, 54, 85, 63, 18, 44, 20, 49, 36, 14, 74, 50, 53, 17, 21, 28, 11, 64, 3, 23, 30, 83, 24, 41, 40, 52, 65, 27, 90, 70, 39, 87, 48, 69, 99, 4, 46, 1, 13, 58, 97, 59, 45, 8, 73, 37, 35, 79, 71, 66, 76, 32, 60, 80, 96, 6, 16, 61, 33, 7, 57, 34, 12, 67, 10, 98, 56, 88, 43, 75, 91, 38, 19, 92, 29, 2, 51, 72, 89, 25, 84, 55, 62, 81, 94, 0]|[2, 1, 2, 1, 1, 2, 1, 1, 1, 1, 1, 0, 2, 2, 1, 2, 0, 0, 0, 2, 2, 1, 0, 2, 0, 2, 2, 1, 0, 1, 1, 1, 0, 0, 1, 0, 2, 1, 2, 2, 0, 0, 1, 1, 0, 2, 0, 2, 1, 0, 0, 2, 0, 0, 2, 0, 1, 1, 0, 0, 2, 1, 1, 2, 2, 0, 2, 2, 0, 1, 2, 1, 1, 2, 0, 1, 1, 1, 1, 2, 2, 1, 1, 0, 1, 0, 1, 0, 1, 2, 1, 1, 1, 1, 0, 0, 1, 1, 2, 0]|[0, 3, 0, 3, 4, 1, 4, 4, 2, 4, 3, 2, 1, 0, 2, 1, 1, 1, 2, 1, 1, 3, 0, 1, 0, 1, 1, 4, 1, 4, 3, 2, 2, 0, 4, 1, 1, 4, 1, 1, 2, 1, 4, 4, 1, 1, 0, 2, 3, 2, 2, 1, 2, 1, 1, 2, 4, 3, 0, 2, 2, 3, 3, 0, 1, 2, 1, 1, 2, 4, 1, 3, 4, 1, 2, 4, 3, 3, 3, 1, 1, 4, 4, 2, 3, 2, 4, 2, 3, 1, 3, 4, 4, 4, 2, 2, 3, 4, 1, 2]|[0, 2, 0, 0, 3, 0, 1, 3, 0, 0, 2, 0, 1, 0, 1, 0, 0, 0, 1, 0, 0, 2, 0, 0, 1, 0, 0, 3, 0, 1, 0, 2, 0, 0, 3, 0, 1, 3, 0, 0, 0, 0, 1, 3, 0, 0, 1, 0, 2, 0, 0, 0, 0, 0, 1, 0, 1, 0, 1, 1, 0, 2, 0, 0, 0, 0, 0, 0, 0, 2, 0, 0, 1, 0, 0, 1, 0, 0, 3, 0, 0, 1, 2, 0, 0, 0, 1, 0, 3, 0, 0, 2, 1, 3, 0, 0, 0, 1, 0, 0],884.1935202920454,50179.24430758428,113572.41328703976,false
25,G3_TWC,G3_TWC,[31, 22, 82, 15, 26, 9, 42, 95, 77, 12, 47, 5, 93, 78, 86, 54, 85, 63, 18, 44, 20, 35, 43, 97, 91, 76, 10, 30, 21, 45, 71, 64, 1, 23, 17, 83, 24, 14, 60, 36, 6, 57, 94, 88, 65, 56, 79, 40, 67, 68, 46, 75, 38, 58, 19, 32, 81, 41, 27, 62, 87, 90, 99, 59, 11, 16, 72, 73, 69, 39, 37, 84, 3, 92, 25, 55, 28, 29, 51, 7, 33, 61, 98, 66, 89, 50, 4, 96, 53, 8, 80, 13, 70, 49, 52, 0, 74, 34, 2, 48]|[1, 1, 0, 1, 1, 1, 2, 1, 2, 2, 2, 2, 2, 1, 1, 0, 0, 1, 0, 2, 2, 0, 1, 2, 0, 1, 2, 2, 0, 0, 1, 2, 1, 2, 1, 0, 2, 0, 1, 1, 0, 1, 1, 1, 0, 2, 1, 1, 0, 0, 0, 0, 1, 1, 2, 1, 2, 0, 0, 0, 2, 1, 0, 1, 2, 1, 2, 1, 1, 1, 1, 1, 1, 0, 1, 1, 0, 0, 0, 1, 2, 1, 2, 2, 0, 0, 0, 0, 2, 0, 0, 0, 1, 0, 1, 0, 2, 2, 0, 0]|[4, 3, 2, 2, 0, 0, 2, 2, 2, 1, 1, 1, 2, 4, 4, 1, 2, 4, 2, 1, 1, 1, 1, 2, 1, 2, 1, 1, 1, 1, 3, 2, 3, 0, 4, 0, 1, 1, 0, 3, 2, 2, 4, 0, 1, 1, 0, 2, 0, 1, 2, 2, 1, 4, 0, 3, 2, 1, 1, 2, 1, 3, 1, 1, 1, 3, 0, 4, 3, 1, 4, 1, 1, 2, 4, 4, 2, 1, 1, 3, 1, 3, 1, 1, 2, 1, 2, 1, 0, 1, 1, 2, 3, 1, 1, 2, 1, 1, 2, 2]|[0, 2, 1, 1, 3, 3, 0, 1, 0, 0, 0, 0, 1, 0, 1, 0, 0, 3, 1, 0, 0, 0, 3, 1, 0, 2, 0, 0, 0, 1, 0, 0, 0, 0, 3, 0, 1, 0, 0, 2, 1, 1, 2, 0, 0, 0, 0, 1, 1, 0, 0, 0, 1, 3, 0, 0, 1, 0, 0, 1, 0, 2, 0, 1, 0, 2, 1, 0, 0, 1, 1, 3, 1, 1, 3, 3, 1, 0, 0, 2, 0, 0, 0, 0, 1, 0, 1, 0, 1, 0, 0, 0, 0, 1, 1, 0, 0, 0, 0, 0],799.1002142476597,58766.469869081004,90067.55034105257,false
25,G1_CMAX,G1_CMAX,[31, 22, 82, 15, 26, 9, 42, 77, 12, 5, 47, 93, 78, 86, 54, 6, 63, 18, 44, 20, 35, 43, 97, 91, 76, 10, 30, 21, 45, 17, 23, 1, 71, 83, 24, 14, 60, 36, 85, 57, 40, 95, 88, 65, 56, 79, 94, 67, 68, 46, 75, 38, 58, 19, 32, 81, 41, 62, 87, 28, 90, 59, 11, 16, 72, 73, 69, 52, 37, 64, 84, 3, 25, 29, 55, 51, 7, 98, 61, 66, 99, 33, 89, 48, 50, 96, 53, 80, 4, 8, 27, 2, 39, 13, 0, 92, 49, 74, 34, 70]|[1, 1, 0, 1, 1, 1, 2, 2, 1, 2, 2, 1, 1, 1, 0, 0, 1, 0, 2, 2, 0, 1, 2, 2, 1, 2, 2, 0, 0, 1, 2, 1, 1, 0, 2, 0, 1, 1, 0, 1, 1, 1, 1, 0, 2, 1, 1, 0, 0, 0, 0, 1, 1, 2, 1, 2, 0, 0, 2, 0, 1, 2, 2, 1, 2, 1, 1, 1, 1, 1, 1, 2, 1, 0, 2, 0, 1, 2, 1, 0, 0, 2, 1, 0, 0, 2, 0, 0, 1, 1, 0, 0, 1, 0, 0, 0, 0, 2, 2, 1]|[0, 3, 1, 2, 0, 0, 1, 1, 4, 1, 1, 4, 4, 4, 2, 2, 4, 2, 1, 1, 1, 1, 2, 1, 2, 1, 1, 1, 1, 4, 0, 3, 3, 0, 1, 1, 0, 3, 2, 2, 2, 2, 0, 1, 1, 0, 4, 0, 1, 2, 2, 1, 4, 0, 3, 2, 1, 2, 1, 2, 3, 1, 1, 3, 0, 4, 4, 1, 4, 3, 1, 2, 4, 1, 1, 1, 1, 1, 3, 1, 1, 1, 1, 1, 1, 1, 2, 1, 4, 3, 2, 2, 1, 2, 2, 0, 1, 1, 1, 4]|[1, 1, 1, 1, 3, 3, 0, 0, 0, 0, 0, 2, 0, 1, 0, 0, 3, 1, 0, 0, 0, 3, 1, 0, 2, 0, 0, 0, 1, 3, 0, 0, 0, 0, 1, 0, 0, 2, 1, 1, 1, 1, 0, 0, 0, 0, 2, 1, 0, 0, 0, 1, 3, 0, 0, 1, 0, 1, 0, 1, 2, 0, 0, 2, 1, 0, 2, 1, 1, 0, 3, 1, 3, 0, 0, 0, 2, 0, 0, 0, 0, 0, 1, 0, 0, 0, 1, 0, 0, 2, 1, 0, 1, 0, 0, 1, 1, 0, 0, 2],733.3116759547878,58140.55643565909,96674.14109675489,false
25,G4_BALANCED,G4_BALANCED,[31, 11, 15, 82, 26, 9, 95, 32, 77, 68, 47, 5, 93, 78, 86, 54, 85, 63, 18, 44, 20, 49, 36, 14, 74, 50, 53, 17, 21, 45, 71, 64, 3, 23, 30, 83, 24, 41, 60, 52, 65, 27, 90, 70, 39, 87, 48, 69, 99, 4, 46, 1, 13, 58, 97, 59, 28, 75, 73, 37, 35, 79, 22, 66, 76, 42, 40, 80, 96, 6, 16, 61, 33, 7, 57, 34, 12, 67, 10, 98, 56, 88, 29, 94, 91, 51, 19, 92, 43, 84, 38, 72, 81, 8, 2, 55, 62, 89, 25, 0]|[2, 1, 1, 2, 1, 2, 1, 1, 1, 1, 1, 0, 2, 2, 1, 2, 0, 0, 0, 2, 2, 1, 0, 2, 0, 2, 2, 1, 0, 1, 1, 1, 0, 0, 1, 0, 2, 1, 2, 2, 0, 0, 1, 1, 0, 2, 0, 2, 1, 0, 0, 2, 0, 0, 2, 0, 1, 0, 0, 0, 2, 1, 0, 2, 2, 0, 2, 2, 0, 1, 2, 1, 1, 2, 0, 1, 1, 1, 1, 2, 2, 1, 1, 2, 1, 1, 1, 0, 1, 0, 0, 1, 1, 1, 2, 0, 1, 1, 1, 0]|[1, 3, 2, 0, 4, 1, 4, 4, 2, 4, 3, 2, 1, 0, 2, 1, 1, 1, 2, 1, 1, 3, 0, 1, 0, 1, 1, 4, 1, 4, 3, 2, 2, 0, 4, 1, 1, 4, 0, 1, 2, 1, 4, 4, 1, 1, 0, 2, 3, 1, 2, 1, 2, 1, 1, 2, 4, 2, 0, 2, 2, 3, 1, 0, 1, 2, 0, 1, 2, 4, 1, 3, 4, 1, 2, 4, 3, 3, 3, 1, 1, 4, 3, 1, 3, 3, 4, 2, 4, 2, 2, 4, 1, 3, 1, 2, 3, 4, 4, 2]|[1, 2, 1, 0, 3, 0, 1, 3, 0, 0, 2, 0, 1, 0, 1, 0, 0, 0, 1, 0, 0, 2, 0, 0, 1, 0, 0, 3, 0, 1, 0, 2, 0, 1, 3, 0, 1, 3, 1, 0, 0, 0, 1, 3, 0, 0, 1, 0, 2, 0, 0, 0, 0, 0, 1, 0, 1, 0, 1, 1, 0, 2, 0, 0, 0, 0, 0, 0, 0, 2, 0, 0, 1, 0, 0, 1, 0, 0, 3, 0, 0, 1, 0, 0, 0, 0, 3, 0, 2, 0, 0, 2, 1, 0, 0, 0, 0, 1, 3, 0],836.569815134707,52504.092339752446,107095.57005228325,false
25,G2_TEC,G2_TEC,[31, 22, 82, 15, 26, 9, 95, 42, 77, 68, 47, 5, 93, 78, 86, 54, 85, 63, 18, 44, 20, 49, 36, 14, 74, 50, 53, 17, 21, 28, 11, 64, 3, 23, 30, 83, 24, 41, 40, 52, 65, 27, 90, 70, 39, 87, 48, 69, 99, 4, 46, 1, 13, 58, 97, 59, 45, 8, 73, 37, 35, 79, 71, 66, 76, 32, 60, 80, 96, 6, 16, 61, 33, 7, 57, 34, 12, 67, 10, 98, 56, 88, 43, 75, 91, 38, 19, 92, 29, 2, 51, 72, 89, 25, 84, 55, 62, 81, 94, 0]|[2, 1, 2, 1, 1, 2, 1, 1, 1, 1, 1, 0, 2, 2, 1, 2, 0, 0, 0, 2, 2, 1, 0, 2, 0, 2, 2, 1, 0, 1, 1, 1, 0, 0, 1, 0, 2, 1, 2, 2, 0, 0, 1, 1, 0, 2, 0, 2, 1, 0, 0, 2, 0, 0, 2, 0, 1, 1, 0, 0, 2, 1, 1, 2, 2, 0, 2, 2, 0, 1, 2, 1, 1, 2, 0, 1, 1, 1, 1, 2, 2, 1, 1, 0, 1, 0, 1, 0, 1, 2, 1, 1, 1, 1, 0, 0, 1, 1, 2, 0]|[0, 3, 0, 3, 4, 1, 4, 4, 2, 4, 3, 2, 1, 0, 2, 1, 1, 1, 2, 1, 1, 3, 0, 1, 0, 1, 1, 4, 1, 4, 3, 2, 2, 0, 4, 1, 1, 4, 1, 1, 2, 1, 4, 4, 1, 1, 0, 2, 3, 2, 2, 1, 2, 1, 1, 2, 4, 3, 0, 2, 2, 3, 3, 0, 1, 2, 1, 1, 2, 4, 1, 3, 4, 1, 2, 4, 3, 3, 3, 1, 1, 4, 4, 2, 3, 2, 4, 2, 3, 1, 3, 4, 4, 4, 2, 2, 3, 4, 1, 2]|[0, 2, 0, 0, 3, 0, 1, 3, 0, 0, 2, 0, 1, 0, 1, 0, 0, 0, 1, 0, 0, 2, 0, 0, 1, 0, 0, 3, 0, 1, 0, 2, 0, 0, 3, 0, 1, 3, 0, 0, 0, 0, 1, 3, 0, 0, 1, 0, 2, 0, 0, 0, 0, 0, 1, 0, 1, 0, 1, 1, 0, 2, 0, 0, 0, 0, 0, 0, 0, 2, 0, 0, 1, 0, 0, 1, 0, 0, 3, 0, 0, 1, 2, 0, 0, 0, 1, 0, 3, 0, 0, 2, 1, 3, 0, 0, 0, 1, 0, 0],884.1935202920454,50179.24430758428,113572.41328703976,false
25,G3_TWC,G3_TWC,[31, 22, 82, 15, 26, 9, 42, 95, 77, 12, 47, 5, 93, 78, 86, 54, 85, 63, 18, 44, 20, 35, 43, 97, 91, 76, 10, 30, 21, 45, 71, 64, 1, 23, 17, 83, 24, 14, 60, 36, 6, 57, 94, 88, 65, 56, 79, 40, 67, 68, 46, 75, 38, 58, 19, 32, 81, 41, 27, 62, 87, 90, 99, 59, 11, 16, 72, 73, 69, 39, 37, 84, 3, 92, 25, 55, 28, 29, 51, 7, 33, 61, 98, 66, 89, 50, 4, 96, 53, 8, 80, 13, 70, 49, 52, 0, 74, 34, 2, 48]|[1, 1, 0, 1, 1, 1, 2, 1, 2, 2, 2, 2, 2, 1, 1, 0, 0, 1, 0, 2, 2, 0, 1, 2, 0, 1, 2, 2, 0, 0, 1, 2, 1, 2, 1, 0, 2, 0, 1, 1, 0, 1, 1, 1, 0, 2, 1, 1, 0, 0, 0, 0, 1, 1, 2, 1, 2, 0, 0, 0, 2, 1, 0, 1, 2, 1, 2, 1, 1, 1, 1, 1, 1, 0, 1, 1, 0, 0, 0, 1, 2, 1, 2, 2, 0, 0, 0, 0, 2, 0, 0, 0, 1, 0, 1, 0, 2, 2, 0, 0]|[4, 3, 2, 2, 0, 0, 2, 2, 2, 1, 1, 1, 2, 4, 4, 1, 2, 4, 2, 1, 1, 1, 1, 2, 1, 2, 1, 1, 1, 1, 3, 2, 3, 0, 4, 0, 1, 1, 0, 3, 2, 2, 4, 0, 1, 1, 0, 2, 0, 1, 2, 2, 1, 4, 0, 3, 2, 1, 1, 2, 1, 3, 1, 1, 1, 3, 0, 4, 3, 1, 4, 1, 1, 2, 4, 4, 2, 1, 1, 3, 1, 3, 1, 1, 2, 1, 2, 1, 0, 1, 1, 2, 3, 1, 1, 2, 1, 1, 2, 2]|[0, 2, 1, 1, 3, 3, 0, 1, 0, 0, 0, 0, 1, 0, 1, 0, 0, 3, 1, 0, 0, 0, 3, 1, 0, 2, 0, 0, 0, 1, 0, 0, 0, 0, 3, 0, 1, 0, 0, 2, 1, 1, 2, 0, 0, 0, 0, 1, 1, 0, 0, 0, 1, 3, 0, 0, 1, 0, 0, 1, 0, 2, 0, 1, 0, 2, 1, 0, 0, 1, 1, 3, 1, 1, 3, 3, 1, 0, 0, 2, 0, 0, 0, 0, 1, 0, 1, 0, 1, 0, 0, 0, 0, 1, 1, 0, 0, 0, 0, 0],799.1002142476597,58766.469869081004,90067.55034105257,false
25,G1_CMAX,G1_CMAX,[31, 22, 82, 15, 26, 9, 42, 77, 12, 5, 47, 93, 78, 86, 54, 6, 63, 18, 44, 20, 35, 43, 97, 91, 76, 10, 30, 21, 45, 17, 23, 1, 71, 83, 24, 14, 60, 36, 85, 57, 40, 95, 88, 65, 56, 79, 94, 67, 68, 46, 75, 38, 58, 19, 32, 81, 41, 62, 87, 28, 90, 59, 11, 16, 72, 73, 69, 52, 37, 64, 84, 3, 25, 29, 55, 51, 7, 98, 61, 66, 99, 33, 89, 48, 50, 96, 53, 80, 4, 8, 27, 2, 39, 13, 0, 92, 49, 74, 34, 70]|[1, 1, 0, 1, 1, 1, 2, 2, 1, 2, 2, 1, 1, 1, 0, 0, 1, 0, 2, 2, 0, 1, 2, 2, 1, 2, 2, 0, 0, 1, 2, 1, 1, 0, 2, 0, 1, 1, 0, 1, 1, 1, 1, 0, 2, 1, 1, 0, 0, 0, 0, 1, 1, 2, 1, 2, 0, 0, 2, 0, 1, 2, 2, 1, 2, 1, 1, 1, 1, 1, 1, 2, 1, 0, 2, 0, 1, 2, 1, 0, 0, 2, 1, 0, 0, 2, 0, 0, 1, 1, 0, 0, 1, 0, 0, 0, 0, 2, 2, 1]|[0, 3, 1, 2, 0, 0, 1, 1, 4, 1, 1, 4, 4, 4, 2, 2, 4, 2, 1, 1, 1, 1, 2, 1, 2, 1, 1, 1, 1, 4, 0, 3, 3, 0, 1, 1, 0, 3, 2, 2, 2, 2, 0, 1, 1, 0, 4, 0, 1, 2, 2, 1, 4, 0, 3, 2, 1, 2, 1, 2, 3, 1, 1, 3, 0, 4, 4, 1, 4, 3, 1, 2, 4, 1, 1, 1, 1, 1, 3, 1, 1, 1, 1, 1, 1, 1, 2, 1, 4, 3, 2, 2, 1, 2, 2, 0, 1, 1, 1, 4]|[1, 1, 1, 1, 3, 3, 0, 0, 0, 0, 0, 2, 0, 1, 0, 0, 3, 1, 0, 0, 0, 3, 1, 0, 2, 0, 0, 0, 1, 3, 0, 0, 0, 0, 1, 0, 0, 2, 1, 1, 1, 1, 0, 0, 0, 0, 2, 1, 0, 0, 0, 1, 3, 0, 0, 1, 0, 1, 0, 1, 2, 0, 0, 2, 1, 0, 2, 1, 1, 0, 3, 1, 3, 0, 0, 0, 2, 0, 0, 0, 0, 0, 1, 0, 0, 0, 1, 0, 0, 2, 1, 0, 1, 0, 0, 1, 1, 0, 0, 2],733.3116759547878,58140.55643565909,96674.14109675489,false
25,G4_BALANCED,G4_BALANCED,[31, 11, 15, 82, 26, 9, 95, 32, 77, 68, 47, 5, 93, 78, 86, 54, 85, 63, 18, 44, 20, 49, 36, 14, 74, 50, 53, 17, 21, 45, 71, 64, 3, 23, 30, 83, 24, 41, 60, 52, 65, 27, 90, 70, 39, 87, 48, 69, 99, 4, 46, 1, 13, 58, 97, 59, 28, 75, 73, 37, 35, 79, 22, 66, 76, 42, 40, 80, 96, 6, 16, 61, 33, 7, 57, 34, 12, 67, 10, 98, 56, 88, 29, 94, 91, 51, 19, 92, 43, 84, 38, 72, 81, 8, 2, 55, 62, 89, 25, 0]|[2, 1, 1, 2, 1, 2, 1, 1, 1, 1, 1, 0, 2, 2, 1, 2, 0, 0, 0, 2, 2, 1, 0, 2, 0, 2, 2, 1, 0, 1, 1, 1, 0, 0, 1, 0, 2, 1, 2, 2, 0, 0, 1, 1, 0, 2, 0, 2, 1, 0, 0, 2, 0, 0, 2, 0, 1, 0, 0, 0, 2, 1, 0, 2, 2, 0, 2, 2, 0, 1, 2, 1, 1, 2, 0, 1, 1, 1, 1, 2, 2, 1, 1, 2, 1, 1, 1, 0, 1, 0, 0, 1, 1, 1, 2, 0, 1, 1, 1, 0]|[1, 3, 2, 0, 4, 1, 4, 4, 2, 4, 3, 2, 1, 0, 2, 1, 1, 1, 2, 1, 1, 3, 0, 1, 0, 1, 1, 4, 1, 4, 3, 2, 2, 0, 4, 1, 1, 4, 0, 1, 2, 1, 4, 4, 1, 1, 0, 2, 3, 1, 2, 1, 2, 1, 1, 2, 4, 2, 0, 2, 2, 3, 1, 0, 1, 2, 0, 1, 2, 4, 1, 3, 4, 1, 2, 4, 3, 3, 3, 1, 1, 4, 3, 1, 3, 3, 4, 2, 4, 2, 2, 4, 1, 3, 1, 2, 3, 4, 4, 2]|[1, 2, 1, 0, 3, 0, 1, 3, 0, 0, 2, 0, 1, 0, 1, 0, 0, 0, 1, 0, 0, 2, 0, 0, 1, 0, 0, 3, 0, 1, 0, 2, 0, 1, 3, 0, 1, 3, 1, 0, 0, 0, 1, 3, 0, 0, 1, 0, 2, 0, 0, 0, 0, 0, 1, 0, 1, 0, 1, 1, 0, 2, 0, 0, 0, 0, 0, 0, 0, 2, 0, 0, 1, 0, 0, 1, 0, 0, 3, 0, 0, 1, 0, 0, 0, 0, 3, 0, 2, 0, 0, 2, 1, 0, 0, 0, 0, 1, 3, 0],836.569815134707,52504.092339752446,107095.57005228325,false
25,G2_TEC,G2_TEC,[31, 22, 82, 15, 26, 9, 95, 42, 77, 68, 47, 5, 93, 78, 86, 54, 85, 63, 18, 44, 20, 49, 36, 14, 74, 50, 53, 17, 21, 28, 11, 64, 3, 23, 30, 83, 24, 41, 40, 52, 65, 27, 90, 70, 39, 87, 48, 69, 99, 4, 46, 1, 13, 58, 97, 59, 45, 8, 73, 37, 35, 79, 71, 66, 76, 32, 60, 80, 96, 6, 16, 61, 33, 7, 57, 34, 12, 67, 10, 98, 56, 88, 43, 75, 91, 38, 19, 92, 29, 2, 51, 72, 89, 25, 84, 55, 62, 81, 94, 0]|[2, 1, 2, 1, 1, 2, 1, 1, 1, 1, 1, 0, 2, 2, 1, 2, 0, 0, 0, 2, 2, 1, 0, 2, 0, 2, 2, 1, 0, 1, 1, 1, 0, 0, 1, 0, 2, 1, 2, 2, 0, 0, 1, 1, 0, 2, 0, 2, 1, 0, 0, 2, 0, 0, 2, 0, 1, 1, 0, 0, 2, 1, 1, 2, 2, 0, 2, 2, 0, 1, 2, 1, 1, 2, 0, 1, 1, 1, 1, 2, 2, 1, 1, 0, 1, 0, 1, 0, 1, 2, 1, 1, 1, 1, 0, 0, 1, 1, 2, 0]|[0, 3, 0, 3, 4, 1, 4, 4, 2, 4, 3, 2, 1, 0, 2, 1, 1, 1, 2, 1, 1, 3, 0, 1, 0, 1, 1, 4, 1, 4, 3, 2, 2, 0, 4, 1, 1, 4, 1, 1, 2, 1, 4, 4, 1, 1, 0, 2, 3, 2, 2, 1, 2, 1, 1, 2, 4, 3, 0, 2, 2, 3, 3, 0, 1, 2, 1, 1, 2, 4, 1, 3, 4, 1, 2, 4, 3, 3, 3, 1, 1, 4, 4, 2, 3, 2, 4, 2, 3, 1, 3, 4, 4, 4, 2, 2, 3, 4, 1, 2]|[0, 2, 0, 0, 3, 0, 1, 3, 0, 0, 2, 0, 1, 0, 1, 0, 0, 0, 1, 0, 0, 2, 0, 0, 1, 0, 0, 3, 0, 1, 0, 2, 0, 0, 3, 0, 1, 3, 0, 0, 0, 0, 1, 3, 0, 0, 1, 0, 2, 0, 0, 0, 0, 0, 1, 0, 1, 0, 1, 1, 0, 2, 0, 0, 0, 0, 0, 0, 0, 2, 0, 0, 1, 0, 0, 1, 0, 0, 3, 0, 0, 1, 2, 0, 0, 0, 1, 0, 3, 0, 0, 2, 1, 3, 0, 0, 0, 1, 0, 0],884.1935202920454,50179.24430758428,113572.41328703976,false
25,G3_TWC,G3_TWC,[31, 22, 82, 15, 26, 9, 42, 95, 77, 12, 47, 5, 93, 78, 86, 54, 85, 63, 18, 44, 20, 35, 43, 97, 91, 76, 10, 30, 21, 45, 71, 64, 1, 23, 17, 83, 24, 14, 60, 36, 6, 57, 94, 88, 65, 56, 79, 40, 67, 68, 46, 75, 38, 58, 19, 32, 81, 41, 27, 62, 87, 90, 99, 59, 11, 16, 72, 73, 69, 39, 37, 84, 3, 92, 25, 55, 28, 29, 51, 7, 33, 61, 98, 66, 89, 50, 4, 96, 53, 8, 80, 13, 70, 49, 52, 0, 74, 34, 2, 48]|[1, 1, 0, 1, 1, 1, 2, 1, 2, 2, 2, 2, 2, 1, 1, 0, 0, 1, 0, 2, 2, 0, 1, 2, 0, 1, 2, 2, 0, 0, 1, 2, 1, 2, 1, 0, 2, 0, 1, 1, 0, 1, 1, 1, 0, 2, 1, 1, 0, 0, 0, 0, 1, 1, 2, 1, 2, 0, 0, 0, 2, 1, 0, 1, 2, 1, 2, 1, 1, 1, 1, 1, 1, 0, 1, 1, 0, 0, 0, 1, 2, 1, 2, 2, 0, 0, 0, 0, 2, 0, 0, 0, 1, 0, 1, 0, 2, 2, 0, 0]|[4, 3, 2, 2, 0, 0, 2, 2, 2, 1, 1, 1, 2, 4, 4, 1, 2, 4, 2, 1, 1, 1, 1, 2, 1, 2, 1, 1, 1, 1, 3, 2, 3, 0, 4, 0, 1, 1, 0, 3, 2, 2, 4, 0, 1, 1, 0, 2, 0, 1, 2, 2, 1, 4, 0, 3, 2, 1, 1, 2, 1, 3, 1, 1, 1, 3, 0, 4, 3, 1, 4, 1, 1, 2, 4, 4, 2, 1, 1, 3, 1, 3, 1, 1, 2, 1, 2, 1, 0, 1, 1, 2, 3, 1, 1, 2, 1, 1, 2, 2]|[0, 2, 1, 1, 3, 3, 0, 1, 0, 0, 0, 0, 1, 0, 1, 0, 0, 3, 1, 0, 0, 0, 3, 1, 0, 2, 0, 0, 0, 1, 0, 0, 0, 0, 3, 0, 1, 0, 0, 2, 1, 1, 2, 0, 0, 0, 0, 1, 1, 0, 0, 0, 1, 3, 0, 0, 1, 0, 0, 1, 0, 2, 0, 1, 0, 2, 1, 0, 0, 1, 1, 3, 1, 1, 3, 3, 1, 0, 0, 2, 0, 0, 0, 0, 1, 0, 1, 0, 1, 0, 0, 0, 0, 1, 1, 0, 0, 0, 0, 0],799.1002142476597,58766.469869081004,90067.55034105257,false
25,G1_CMAX,G1_CMAX,[31, 22, 82, 15, 26, 9, 42, 77, 12, 5, 47, 93, 78, 86, 54, 6, 63, 18, 44, 20, 35, 43, 97, 91, 76, 10, 30, 21, 45, 17, 23, 1, 71, 83, 24, 14, 60, 36, 85, 57, 40, 95, 88, 65, 56, 79, 94, 67, 68, 46, 75, 38, 58, 19, 32, 81, 41, 62, 87, 28, 90, 59, 11, 16, 72, 73, 69, 52, 37, 64, 84, 3, 25, 29, 55, 51, 7, 98, 61, 66, 99, 33, 89, 48, 50, 96, 53, 80, 4, 8, 27, 2, 39, 13, 0, 92, 49, 74, 34, 70]|[1, 1, 0, 1, 1, 1, 2, 2, 1, 2, 2, 1, 1, 1, 0, 0, 1, 0, 2, 2, 0, 1, 2, 2, 1, 2, 2, 0, 0, 1, 2, 1, 1, 0, 2, 0, 1, 1, 0, 1, 1, 1, 1, 0, 2, 1, 1, 0, 0, 0, 0, 1, 1, 2, 1, 2, 0, 0, 2, 0, 1, 2, 2, 1, 2, 1, 1, 1, 1, 1, 1, 2, 1, 0, 2, 0, 1, 2, 1, 0, 0, 2, 1, 0, 0, 2, 0, 0, 1, 1, 0, 0, 1, 0, 0, 0, 0, 2, 2, 1]|[0, 3, 1, 2, 0, 0, 1, 1, 4, 1, 1, 4, 4, 4, 2, 2, 4, 2, 1, 1, 1, 1, 2, 1, 2, 1, 1, 1, 1, 4, 0, 3, 3, 0, 1, 1, 0, 3, 2, 2, 2, 2, 0, 1, 1, 0, 4, 0, 1, 2, 2, 1, 4, 0, 3, 2, 1, 2, 1, 2, 3, 1, 1, 3, 0, 4, 4, 1, 4, 3, 1, 2, 4, 1, 1, 1, 1, 1, 3, 1, 1, 1, 1, 1, 1, 1, 2, 1, 4, 3, 2, 2, 1, 2, 2, 0, 1, 1, 1, 4]|[1, 1, 1, 1, 3, 3, 0, 0, 0, 0, 0, 2, 0, 1, 0, 0, 3, 1, 0, 0, 0, 3, 1, 0, 2, 0, 0, 0, 1, 3, 0, 0, 0, 0, 1, 0, 0, 2, 1, 1, 1, 1, 0, 0, 0, 0, 2, 1, 0, 0, 0, 1, 3, 0, 0, 1, 0, 1, 0, 1, 2, 0, 0, 2, 1, 0, 2, 1, 1, 0, 3, 1, 3, 0, 0, 0, 2, 0, 0, 0, 0, 0, 1, 0, 0, 0, 1, 0, 0, 2, 1, 0, 1, 0, 0, 1, 1, 0, 0, 2],733.3116759547878,58140.55643565909,96674.14109675489,false
25,G4_BALANCED,G4_BALANCED,[31, 11, 15, 82, 26, 9, 95, 32, 77, 68, 47, 5, 93, 78, 86, 54, 85, 63, 18, 44, 20, 49, 36, 14, 74, 50, 53, 17, 21, 45, 71, 64, 3, 23, 30, 83, 24, 41, 60, 52, 65, 27, 90, 70, 39, 87, 48, 69, 99, 4, 46, 1, 13, 58, 97, 59, 28, 75, 73, 37, 35, 79, 22, 66, 76, 42, 40, 80, 96, 6, 16, 61, 33, 7, 57, 34, 12, 67, 10, 98, 56, 88, 29, 94, 91, 51, 19, 92, 43, 84, 38, 72, 81, 8, 2, 55, 62, 89, 25, 0]|[2, 1, 1, 2, 1, 2, 1, 1, 1, 1, 1, 0, 2, 2, 1, 2, 0, 0, 0, 2, 2, 1, 0, 2, 0, 2, 2, 1, 0, 1, 1, 1, 0, 0, 1, 0, 2, 1, 2, 2, 0, 0, 1, 1, 0, 2, 0, 2, 1, 0, 0, 2, 0, 0, 2, 0, 1, 0, 0, 0, 2, 1, 0, 2, 2, 0, 2, 2, 0, 1, 2, 1, 1, 2, 0, 1, 1, 1, 1, 2, 2, 1, 1, 2, 1, 1, 1, 0, 1, 0, 0, 1, 1, 1, 2, 0, 1, 1, 1, 0]|[1, 3, 2, 0, 4, 1, 4, 4, 2, 4, 3, 2, 1, 0, 2, 1, 1, 1, 2, 1, 1, 3, 0, 1, 0, 1, 1, 4, 1, 4, 3, 2, 2, 0, 4, 1, 1, 4, 0, 1, 2, 1, 4, 4, 1, 1, 0, 2, 3, 1, 2, 1, 2, 1, 1, 2, 4, 2, 0, 2, 2, 3, 1, 0, 1, 2, 0, 1, 2, 4, 1, 3, 4, 1, 2, 4, 3, 3, 3, 1, 1, 4, 3, 1, 3, 3, 4, 2, 4, 2, 2, 4, 1, 3, 1, 2, 3, 4, 4, 2]|[1, 2, 1, 0, 3, 0, 1, 3, 0, 0, 2, 0, 1, 0, 1, 0, 0, 0, 1, 0, 0, 2, 0, 0, 1, 0, 0, 3, 0, 1, 0, 2, 0, 1, 3, 0, 1, 3, 1, 0, 0, 0, 1, 3, 0, 0, 1, 0, 2, 0, 0, 0, 0, 0, 1, 0, 1, 0, 1, 1, 0, 2, 0, 0, 0, 0, 0, 0, 0, 2, 0, 0, 1, 0, 0, 1, 0, 0, 3, 0, 0, 1, 0, 0, 0, 0, 3, 0, 2, 0, 0, 2, 1, 0, 0, 0, 0, 1, 3, 0],836.569815134707,52504.092339752446,107095.57005228325,false
25,G2_TEC,G2_TEC,[31, 22, 82, 15, 26, 9, 95, 42, 77, 68, 47, 5, 93, 78, 86, 54, 85, 63, 18, 44, 20, 49, 36, 14, 74, 50, 53, 17, 21, 28, 11, 64, 3, 23, 30, 83, 24, 41, 40, 52, 65, 27, 90, 70, 39, 87, 48, 69, 99, 4, 46, 1, 13, 58, 97, 59, 45, 8, 73, 37, 35, 79, 71, 66, 76, 32, 60, 80, 96, 6, 16, 61, 33, 7, 57, 34, 12, 67, 10, 98, 56, 88, 43, 75, 91, 38, 19, 92, 29, 2, 51, 72, 89, 25, 84, 55, 62, 81, 94, 0]|[2, 1, 2, 1, 1, 2, 1, 1, 1, 1, 1, 0, 2, 2, 1, 2, 0, 0, 0, 2, 2, 1, 0, 2, 0, 2, 2, 1, 0, 1, 1, 1, 0, 0, 1, 0, 2, 1, 2, 2, 0, 0, 1, 1, 0, 2, 0, 2, 1, 0, 0, 2, 0, 0, 2, 0, 1, 1, 0, 0, 2, 1, 1, 2, 2, 0, 2, 2, 0, 1, 2, 1, 1, 2, 0, 1, 1, 1, 1, 2, 2, 1, 1, 0, 1, 0, 1, 0, 1, 2, 1, 1, 1, 1, 0, 0, 1, 1, 2, 0]|[0, 3, 0, 3, 4, 1, 4, 4, 2, 4, 3, 2, 1, 0, 2, 1, 1, 1, 2, 1, 1, 3, 0, 1, 0, 1, 1, 4, 1, 4, 3, 2, 2, 0, 4, 1, 1, 4, 1, 1, 2, 1, 4, 4, 1, 1, 0, 2, 3, 2, 2, 1, 2, 1, 1, 2, 4, 3, 0, 2, 2, 3, 3, 0, 1, 2, 1, 1, 2, 4, 1, 3, 4, 1, 2, 4, 3, 3, 3, 1, 1, 4, 4, 2, 3, 2, 4, 2, 3, 1, 3, 4, 4, 4, 2, 2, 3, 4, 1, 2]|[0, 2, 0, 0, 3, 0, 1, 3, 0, 0, 2, 0, 1, 0, 1, 0, 0, 0, 1, 0, 0, 2, 0, 0, 1, 0, 0, 3, 0, 1, 0, 2, 0, 0, 3, 0, 1, 3, 0, 0, 0, 0, 1, 3, 0, 0, 1, 0, 2, 0, 0, 0, 0, 0, 1, 0, 1, 0, 1, 1, 0, 2, 0, 0, 0, 0, 0, 0, 0, 2, 0, 0, 1, 0, 0, 1, 0, 0, 3, 0, 0, 1, 2, 0, 0, 0, 1, 0, 3, 0, 0, 2, 1, 3, 0, 0, 0, 1, 0, 0],884.1935202920454,50179.24430758428,113572.41328703976,false
25,G3_TWC,G3_TWC,[31, 22, 82, 15, 26, 9, 42, 95, 77, 12, 47, 5, 93, 78, 86, 54, 85, 63, 18, 44, 20, 35, 43, 97, 91, 76, 10, 30, 21, 45, 71, 64, 1, 23, 17, 83, 24, 14, 60, 36, 6, 57, 94, 88, 65, 56, 79, 40, 67, 68, 46, 75, 38, 58, 19, 32, 81, 41, 27, 62, 87, 90, 99, 59, 11, 16, 72, 73, 69, 39, 37, 84, 3, 92, 25, 55, 28, 29, 51, 7, 33, 61, 98, 66, 89, 50, 4, 96, 53, 8, 80, 13, 70, 49, 52, 0, 74, 34, 2, 48]|[1, 1, 0, 1, 1, 1, 2, 1, 2, 2, 2, 2, 2, 1, 1, 0, 0, 1, 0, 2, 2, 0, 1, 2, 0, 1, 2, 2, 0, 0, 1, 2, 1, 2, 1, 0, 2, 0, 1, 1, 0, 1, 1, 1, 0, 2, 1, 1, 0, 0, 0, 0, 1, 1, 2, 1, 2, 0, 0, 0, 2, 1, 0, 1, 2, 1, 2, 1, 1, 1, 1, 1, 1, 0, 1, 1, 0, 0, 0, 1, 2, 1, 2, 2, 0, 0, 0, 0, 2, 0, 0, 0, 1, 0, 1, 0, 2, 2, 0, 0]|[4, 3, 2, 2, 0, 0, 2, 2, 2, 1, 1, 1, 2, 4, 4, 1, 2, 4, 2, 1, 1, 1, 1, 2, 1, 2, 1, 1, 1, 1, 3, 2, 3, 0, 4, 0, 1, 1, 0, 3, 2, 2, 4, 0, 1, 1, 0, 2, 0, 1, 2, 2, 1, 4, 0, 3, 2, 1, 1, 2, 1, 3, 1, 1, 1, 3, 0, 4, 3, 1, 4, 1, 1, 2, 4, 4, 2, 1, 1, 3, 1, 3, 1, 1, 2, 1, 2, 1, 0, 1, 1, 2, 3, 1, 1, 2, 1, 1, 2, 2]|[0, 2, 1, 1, 3, 3, 0, 1, 0, 0, 0, 0, 1, 0, 1, 0, 0, 3, 1, 0, 0, 0, 3, 1, 0, 2, 0, 0, 0, 1, 0, 0, 0, 0, 3, 0, 1, 0, 0, 2, 1, 1, 2, 0, 0, 0, 0, 1, 1, 0, 0, 0, 1, 3, 0, 0, 1, 0, 0, 1, 0, 2, 0, 1, 0, 2, 1, 0, 0, 1, 1, 3, 1, 1, 3, 3, 1, 0, 0, 2, 0, 0, 0, 0, 1, 0, 1, 0, 1, 0, 0, 0, 0, 1, 1, 0, 0, 0, 0, 0],799.1002142476597,58766.469869081004,90067.55034105257,false
25,G1_CMAX,G1_CMAX,[31, 22, 82, 15, 26, 9, 42, 77, 12, 5, 47, 93, 78, 86, 54, 6, 63, 18, 44, 20, 35, 43, 97, 91, 76, 10, 30, 21, 45, 17, 23, 1, 71, 83, 24, 14, 60, 36, 85, 57, 40, 95, 88, 65, 56, 79, 94, 67, 68, 46, 75, 38, 58, 19, 32, 81, 41, 62, 87, 28, 90, 59, 11, 16, 72, 73, 69, 52, 37, 64, 84, 3, 25, 29, 55, 51, 7, 98, 61, 66, 99, 33, 89, 48, 50, 96, 53, 80, 4, 8, 27, 2, 39, 13, 0, 92, 49, 74, 34, 70]|[1, 1, 0, 1, 1, 1, 2, 2, 1, 2, 2, 1, 1, 1, 0, 0, 1, 0, 2, 2, 0, 1, 2, 2, 1, 2, 2, 0, 0, 1, 2, 1, 1, 0, 2, 0, 1, 1, 0, 1, 1, 1, 1, 0, 2, 1, 1, 0, 0, 0, 0, 1, 1, 2, 1, 2, 0, 0, 2, 0, 1, 2, 2, 1, 2, 1, 1, 1, 1, 1, 1, 2, 1, 0, 2, 0, 1, 2, 1, 0, 0, 2, 1, 0, 0, 2, 0, 0, 1, 1, 0, 0, 1, 0, 0, 0, 0, 2, 2, 1]|[0, 3, 1, 2, 0, 0, 1, 1, 4, 1, 1, 4, 4, 4, 2, 2, 4, 2, 1, 1, 1, 1, 2, 1, 2, 1, 1, 1, 1, 4, 0, 3, 3, 0, 1, 1, 0, 3, 2, 2, 2, 2, 0, 1, 1, 0, 4, 0, 1, 2, 2, 1, 4, 0, 3, 2, 1, 2, 1, 2, 3, 1, 1, 3, 0, 4, 4, 1, 4, 3, 1, 2, 4, 1, 1, 1, 1, 1, 3, 1, 1, 1, 1, 1, 1, 1, 2, 1, 4, 3, 2, 2, 1, 2, 2, 0, 1, 1, 1, 4]|[1, 1, 1, 1, 3, 3, 0, 0, 0, 0, 0, 2, 0, 1, 0, 0, 3, 1, 0, 0, 0, 3, 1, 0, 2, 0, 0, 0, 1, 3, 0, 0, 0, 0, 1, 0, 0, 2, 1, 1, 1, 1, 0, 0, 0, 0, 2, 1, 0, 0, 0, 1, 3, 0, 0, 1, 0, 1, 0, 1, 2, 0, 0, 2, 1, 0, 2, 1, 1, 0, 3, 1, 3, 0, 0, 0, 2, 0, 0, 0, 0, 0, 1, 0, 0, 0, 1, 0, 0, 2, 1, 0, 1, 0, 0, 1, 1, 0, 0, 2],733.3116759547878,58140.55643565909,96674.14109675489,false
25,G4_BALANCED,G4_BALANCED,[31, 11, 15, 82, 26, 9, 95, 32, 77, 68, 47, 5, 93, 78, 86, 54, 85, 63, 18, 44, 20, 49, 36, 14, 74, 50, 53, 17, 21, 45, 71, 64, 3, 23, 30, 83, 24, 41, 60, 52, 65, 27, 90, 70, 39, 87, 48, 69, 99, 4, 46, 1, 13, 58, 97, 59, 28, 75, 73, 37, 35, 79, 22, 66, 76, 42, 40, 80, 96, 6, 16, 61, 33, 7, 57, 34, 12, 67, 10, 98, 56, 88, 29, 94, 91, 51, 19, 92, 43, 84, 38, 72, 81, 8, 2, 55, 62, 89, 25, 0]|[2, 1, 1, 2, 1, 2, 1, 1, 1, 1, 1, 0, 2, 2, 1, 2, 0, 0, 0, 2, 2, 1, 0, 2, 0, 2, 2, 1, 0, 1, 1, 1, 0, 0, 1, 0, 2, 1, 2, 2, 0, 0, 1, 1, 0, 2, 0, 2, 1, 0, 0, 2, 0, 0, 2, 0, 1, 0, 0, 0, 2, 1, 0, 2, 2, 0, 2, 2, 0, 1, 2, 1, 1, 2, 0, 1, 1, 1, 1, 2, 2, 1, 1, 2, 1, 1, 1, 0, 1, 0, 0, 1, 1, 1, 2, 0, 1, 1, 1, 0]|[1, 3, 2, 0, 4, 1, 4, 4, 2, 4, 3, 2, 1, 0, 2, 1, 1, 1, 2, 1, 1, 3, 0, 1, 0, 1, 1, 4, 1, 4, 3, 2, 2, 0, 4, 1, 1, 4, 0, 1, 2, 1, 4, 4, 1, 1, 0, 2, 3, 1, 2, 1, 2, 1, 1, 2, 4, 2, 0, 2, 2, 3, 1, 0, 1, 2, 0, 1, 2, 4, 1, 3, 4, 1, 2, 4, 3, 3, 3, 1, 1, 4, 3, 1, 3, 3, 4, 2, 4, 2, 2, 4, 1, 3, 1, 2, 3, 4, 4, 2]|[1, 2, 1, 0, 3, 0, 1, 3, 0, 0, 2, 0, 1, 0, 1, 0, 0, 0, 1, 0, 0, 2, 0, 0, 1, 0, 0, 3, 0, 1, 0, 2, 0, 1, 3, 0, 1, 3, 1, 0, 0, 0, 1, 3, 0, 0, 1, 0, 2, 0, 0, 0, 0, 0, 1, 0, 1, 0, 1, 1, 0, 2, 0, 0, 0, 0, 0, 0, 0, 2, 0, 0, 1, 0, 0, 1, 0, 0, 3, 0, 0, 1, 0, 0, 0, 0, 3, 0, 2, 0, 0, 2, 1, 0, 0, 0, 0, 1, 3, 0],836.569815134707,52504.092339752446,107095.57005228325,false
25,G2_TEC,G2_TEC,[31, 22, 82, 15, 26, 9, 95, 42, 77, 68, 47, 5, 93, 78, 86, 54, 85, 63, 18, 44, 20, 49, 36, 14, 74, 50, 53, 17, 21, 28, 11, 64, 3, 23, 30, 83, 24, 41, 40, 52, 65, 27, 90, 70, 39, 87, 48, 69, 99, 4, 46, 1, 13, 58, 97, 59, 45, 8, 73, 37, 35, 79, 71, 66, 76, 32, 60, 80, 96, 6, 16, 61, 33, 7, 57, 34, 12, 67, 10, 98, 56, 88, 43, 75, 91, 38, 19, 92, 29, 2, 51, 72, 89, 25, 84, 55, 62, 81, 94, 0]|[2, 1, 2, 1, 1, 2, 1, 1, 1, 1, 1, 0, 2, 2, 1, 2, 0, 0, 0, 2, 2, 1, 0, 2, 0, 2, 2, 1, 0, 1, 1, 1, 0, 0, 1, 0, 2, 1, 2, 2, 0, 0, 1, 1, 0, 2, 0, 2, 1, 0, 0, 2, 0, 0, 2, 0, 1, 1, 0, 0, 2, 1, 1, 2, 2, 0, 2, 2, 0, 1, 2, 1, 1, 2, 0, 1, 1, 1, 1, 2, 2, 1, 1, 0, 1, 0, 1, 0, 1, 2, 1, 1, 1, 1, 0, 0, 1, 1, 2, 0]|[0, 3, 0, 3, 4, 1, 4, 4, 2, 4, 3, 2, 1, 0, 2, 1, 1, 1, 2, 1, 1, 3, 0, 1, 0, 1, 1, 4, 1, 4, 3, 2, 2, 0, 4, 1, 1, 4, 1, 1, 2, 1, 4, 4, 1, 1, 0, 2, 3, 2, 2, 1, 2, 1, 1, 2, 4, 3, 0, 2, 2, 3, 3, 0, 1, 2, 1, 1, 2, 4, 1, 3, 4, 1, 2, 4, 3, 3, 3, 1, 1, 4, 4, 2, 3, 2, 4, 2, 3, 1, 3, 4, 4, 4, 2, 2, 3, 4, 1, 2]|[0, 2, 0, 0, 3, 0, 1, 3, 0, 0, 2, 0, 1, 0, 1, 0, 0, 0, 1, 0, 0, 2, 0, 0, 1, 0, 0, 3, 0, 1, 0, 2, 0, 0, 3, 0, 1, 3, 0, 0, 0, 0, 1, 3, 0, 0, 1, 0, 2, 0, 0, 0, 0, 0, 1, 0, 1, 0, 1, 1, 0, 2, 0, 0, 0, 0, 0, 0, 0, 2, 0, 0, 1, 0, 0, 1, 0, 0, 3, 0, 0, 1, 2, 0, 0, 0, 1, 0, 3, 0, 0, 2, 1, 3, 0, 0, 0, 1, 0, 0],884.1935202920454,50179.24430758428,113572.41328703976,false
25,G3_TWC,G3_TWC,[31, 22, 82, 15, 26, 9, 42, 95, 77, 12, 47, 5, 93, 78, 86, 54, 85, 63, 18, 44, 20, 35, 43, 97, 91, 76, 10, 30, 21, 45, 71, 64, 1, 23, 17, 83, 24, 14, 60, 36, 6, 57, 94, 88, 65, 56, 79, 40, 67, 68, 46, 75, 38, 58, 19, 32, 81, 41, 27, 62, 87, 90, 99, 59, 11, 16, 72, 73, 69, 39, 37, 84, 3, 92, 25, 55, 28, 29, 51, 7, 33, 61, 98, 66, 89, 50, 4, 96, 53, 8, 80, 13, 70, 49, 52, 0, 74, 34, 2, 48]|[1, 1, 0, 1, 1, 1, 2, 1, 2, 2, 2, 2, 2, 1, 1, 0, 0, 1, 0, 2, 2, 0, 1, 2, 0, 1, 2, 2, 0, 0, 1, 2, 1, 2, 1, 0, 2, 0, 1, 1, 0, 1, 1, 1, 0, 2, 1, 1, 0, 0, 0, 0, 1, 1, 2, 1, 2, 0, 0, 0, 2, 1, 0, 1, 2, 1, 2, 1, 1, 1, 1, 1, 1, 0, 1, 1, 0, 0, 0, 1, 2, 1, 2, 2, 0, 0, 0, 0, 2, 0, 0, 0, 1, 0, 1, 0, 2, 2, 0, 0]|[4, 3, 2, 2, 0, 0, 2, 2, 2, 1, 1, 1, 2, 4, 4, 1, 2, 4, 2, 1, 1, 1, 1, 2, 1, 2, 1, 1, 1, 1, 3, 2, 3, 0, 4, 0, 1, 1, 0, 3, 2, 2, 4, 0, 1, 1, 0, 2, 0, 1, 2, 2, 1, 4, 0, 3, 2, 1, 1, 2, 1, 3, 1, 1, 1, 3, 0, 4, 3, 1, 4, 1, 1, 2, 4, 4, 2, 1, 1, 3, 1, 3, 1, 1, 2, 1, 2, 1, 0, 1, 1, 2, 3, 1, 1, 2, 1, 1, 2, 2]|[0, 2, 1, 1, 3, 3, 0, 1, 0, 0, 0, 0, 1, 0, 1, 0, 0, 3, 1, 0, 0, 0, 3, 1, 0, 2, 0, 0, 0, 1, 0, 0, 0, 0, 3, 0, 1, 0, 0, 2, 1, 1, 2, 0, 0, 0, 0, 1, 1, 0, 0, 0, 1, 3, 0, 0, 1, 0, 0, 1, 0, 2, 0, 1, 0, 2, 1, 0, 0, 1, 1, 3, 1, 1, 3, 3, 1, 0, 0, 2, 0, 0, 0, 0, 1, 0, 1, 0, 1, 0, 0, 0, 0, 1, 1, 0, 0, 0, 0, 0],799.1002142476597,58766.469869081004,90067.55034105257,false
26,G1_CMAX,G2_TEC,[31, 22, 82, 15, 26, 9, 95, 42, 77, 68, 47, 5, 93, 78, 86, 54, 85, 63, 18, 44, 20, 49, 36, 14, 74, 50, 53, 17, 21, 28, 11, 64, 3, 23, 30, 83, 24, 41, 40, 52, 65, 76, 90, 70, 39, 87, 48, 69, 99, 4, 46, 1, 13, 58, 97, 59, 45, 8, 73, 37, 35, 79, 71, 66, 27, 32, 60, 80, 96, 6, 16, 61, 33, 7, 57, 34, 12, 67, 10, 98, 56, 88, 43, 75, 29, 38, 19, 92, 91, 2, 51, 72, 89, 25, 84, 55, 62, 81, 94, 0]|[2, 1, 2, 1, 1, 2, 1, 1, 1, 1, 1, 0, 2, 2, 1, 2, 0, 0, 0, 2, 2, 1, 0, 2, 0, 2, 2, 1, 0, 1, 1, 1, 0, 0, 1, 0, 2, 1, 2, 2, 0, 2, 1, 1, 0, 2, 0, 2, 1, 0, 0, 2, 0, 0, 2, 0, 1, 1, 0, 0, 2, 1, 1, 2, 0, 0, 2, 2, 0, 1, 2, 1, 1, 2, 0, 1, 2, 1, 1, 2, 2, 1, 1, 0, 1, 0, 1, 0, 1, 2, 1, 1, 1, 1, 0, 0, 1, 1, 2, 0]|[0, 3, 0, 3, 4, 1, 4, 4, 2, 4, 3, 2, 1, 0, 2, 1, 1, 1, 2, 1, 1, 3, 0, 1, 0, 1, 1, 4, 1, 4, 3, 2, 2, 0, 4, 1, 1, 4, 0, 1, 2, 1, 4, 4, 1, 1, 0, 2, 3, 2, 2, 1, 2, 1, 1, 2, 4, 3, 0, 2, 2, 3, 3, 0, 1, 2, 1, 1, 2, 4, 1, 3, 4, 1, 2, 4, 1, 3, 3, 1, 1, 4, 4, 2, 3, 2, 4, 2, 3, 1, 3, 4, 4, 4, 2, 2, 3, 4, 1, 2]|[0, 2, 0, 0, 3, 0, 1, 3, 0, 0, 2, 0, 1, 0, 1, 0, 0, 0, 1, 0, 0, 2, 0, 0, 1, 0, 0, 3, 0, 1, 0, 2, 0, 0, 3, 0, 1, 3, 0, 0, 0, 0, 1, 3, 0, 0, 1, 0, 2, 0, 0, 0, 0, 0, 1, 0, 1, 0, 1, 1, 0, 2, 0, 0, 0, 0, 0, 0, 0, 2, 0, 0, 1, 0, 0, 1, 0, 0, 3, 0, 0, 1, 2, 0, 3, 0, 1, 0, 0, 0, 0, 2, 1, 3, 0, 0, 0, 1, 0, 0],877.6609145523522,50551.153222561974,113000.97803889177,true
26,G4_BALANCED,G4_BALANCED,[31, 11, 15, 82, 26, 9, 95, 32, 77, 68, 47, 5, 93, 78, 86, 54, 85, 63, 18, 44, 20, 49, 36, 14, 74, 50, 53, 17, 21, 45, 71, 64, 3, 23, 30, 83, 24, 41, 60, 52, 65, 27, 90, 70, 39, 87, 48, 69, 99, 4, 46, 1, 13, 58, 97, 59, 28, 75, 73, 37, 35, 79, 22, 66, 76, 42, 40, 80, 96, 6, 16, 61, 33, 7, 57, 34, 12, 67, 10, 98, 56, 88, 29, 94, 91, 51, 19, 92, 43, 84, 38, 72, 81, 8, 2, 55, 62, 89, 25, 0]|[2, 1, 1, 2, 1, 2, 1, 1, 1, 1, 1, 0, 2, 2, 1, 2, 0, 0, 0, 2, 2, 1, 0, 2, 0, 2, 2, 1, 0, 1, 1, 1, 0, 0, 1, 0, 2, 1, 2, 2, 0, 0, 1, 1, 0, 2, 0, 2, 1, 0, 0, 2, 0, 0, 2, 0, 1, 0, 0, 0, 2, 1, 0, 2, 2, 0, 2, 2, 0, 1, 2, 1, 1, 2, 0, 1, 1, 1, 1, 2, 2, 1, 1, 2, 1, 1, 1, 0, 1, 0, 0, 1, 1, 1, 2, 0, 1, 1, 1, 0]|[1, 3, 2, 0, 4, 1, 4, 4, 2, 4, 3, 2, 1, 0, 2, 1, 1, 1, 2, 1, 1, 3, 0, 1, 0, 1, 1, 4, 1, 4, 3, 2, 2, 0, 4, 1, 1, 4, 0, 1, 2, 1, 4, 4, 1, 1, 0, 2, 3, 1, 2, 1, 2, 1, 1, 2, 4, 2, 0, 2, 2, 3, 1, 0, 1, 2, 0, 1, 2, 4, 1, 3, 4, 1, 2, 4, 3, 3, 3, 1, 1, 4, 3, 1, 3, 3, 4, 2, 4, 2, 2, 4, 1, 3, 1, 2, 3, 4, 4, 2]|[1, 2, 1, 0, 3, 0, 1, 3, 0, 0, 2, 0, 1, 0, 1, 0, 0, 0, 1, 0, 0, 2, 0, 0, 1, 0, 0, 3, 0, 1, 0, 2, 0, 1, 3, 0, 1, 3, 1, 0, 0, 0, 1, 3, 0, 0, 1, 0, 2, 0, 0, 0, 0, 0, 1, 0, 1, 0, 1, 1, 0, 2, 0, 0, 0, 0, 0, 0, 0, 2, 0, 0, 1, 0, 0, 1, 0, 0, 3, 0, 0, 1, 0, 0, 0, 0, 3, 0, 2, 0, 0, 2, 1, 0, 0, 0, 0, 1, 3, 0],836.569815134707,52504.092339752446,107095.57005228325,false
26,G2_TEC,G2_TEC,[31, 22, 82, 15, 26, 9, 95, 42, 77, 68, 47, 5, 93, 78, 86, 54, 85, 63, 18, 44, 20, 49, 36, 14, 74, 50, 53, 17, 21, 28, 11, 64, 3, 23, 30, 83, 24, 41, 40, 52, 65, 27, 90, 70, 39, 87, 48, 69, 99, 4, 46, 1, 13, 58, 97, 59, 45, 8, 73, 37, 35, 79, 71, 66, 76, 32, 60, 80, 96, 6, 16, 61, 33, 7, 57, 34, 12, 67, 10, 98, 56, 88, 43, 75, 91, 38, 19, 92, 29, 2, 51, 72, 89, 25, 84, 55, 62, 81, 94, 0]|[2, 1, 2, 1, 1, 2, 1, 1, 1, 1, 1, 0, 2, 2, 1, 2, 0, 0, 0, 2, 2, 1, 0, 2, 0, 2, 2, 1, 0, 1, 1, 1, 0, 0, 1, 0, 2, 1, 2, 2, 0, 0, 1, 1, 0, 2, 0, 2, 1, 0, 0, 2, 0, 0, 2, 0, 1, 1, 0, 0, 2, 1, 1, 2, 2, 0, 2, 2, 0, 1, 2, 1, 1, 2, 0, 1, 1, 1, 1, 2, 2, 1, 1, 0, 1, 0, 1, 0, 1, 2, 1, 1, 1, 1, 0, 0, 1, 1, 2, 0]|[0, 3, 0, 3, 4, 1, 4, 4, 2, 4, 3, 2, 1, 0, 2, 1, 1, 1, 2, 1, 1, 3, 0, 1, 0, 1, 1, 4, 1, 4, 3, 2, 2, 0, 4, 1, 1, 4, 1, 1, 2, 1, 4, 4, 1, 1, 0, 2, 3, 2, 2, 1, 2, 1, 1, 2, 4, 3, 0, 2, 2, 3, 3, 0, 1, 2, 1, 1, 2, 4, 1, 3, 4, 1, 2, 4, 3, 3, 3, 1, 1, 4, 4, 2, 3, 2, 4, 2, 3, 1, 3, 4, 4, 4, 2, 2, 3, 4, 1, 2]|[0, 2, 0, 0, 3, 0, 1, 3, 0, 0, 2, 0, 1, 0, 1, 0, 0, 0, 1, 0, 0, 2, 0, 0, 1, 0, 0, 3, 0, 1, 0, 2, 0, 0, 3, 0, 1, 3, 0, 0, 0, 0, 1, 3, 0, 0, 1, 0, 2, 0, 0, 0, 0, 0, 1, 0, 1, 0, 1, 1, 0, 2, 0, 0, 0, 0, 0, 0, 0, 2, 0, 0, 1, 0, 0, 1, 0, 0, 3, 0, 0, 1, 2, 0, 0, 0, 1, 0, 3, 0, 0, 2, 1, 3, 0, 0, 0, 1, 0, 0],884.1935202920454,50179.24430758428,113572.41328703976,false
26,G3_TWC,G3_TWC,[31, 22, 82, 15, 26, 9, 42, 95, 77, 12, 47, 5, 93, 78, 86, 54, 85, 63, 18, 44, 20, 35, 43, 97, 91, 76, 10, 30, 21, 45, 71, 64, 1, 23, 17, 83, 24, 14, 60, 36, 6, 57, 94, 88, 65, 56, 79, 40, 67, 68, 46, 75, 38, 58, 19, 32, 81, 41, 27, 62, 87, 90, 99, 59, 11, 16, 72, 73, 69, 39, 37, 84, 3, 92, 25, 55, 28, 29, 51, 7, 33, 61, 98, 66, 89, 50, 4, 96, 53, 8, 80, 13, 70, 49, 52, 0, 74, 34, 2, 48]|[1, 1, 0, 1, 1, 1, 2, 1, 2, 2, 2, 2, 2, 1, 1, 0, 0, 1, 0, 2, 2, 0, 1, 2, 0, 1, 2, 2, 0, 0, 1, 2, 1, 2, 1, 0, 2, 0, 1, 1, 0, 1, 1, 1, 0, 2, 1, 1, 0, 0, 0, 0, 1, 1, 2, 1, 2, 0, 0, 0, 2, 1, 0, 1, 2, 1, 2, 1, 1, 1, 1, 1, 1, 0, 1, 1, 0, 0, 0, 1, 2, 1, 2, 2, 0, 0, 0, 0, 2, 0, 0, 0, 1, 0, 1, 0, 2, 2, 0, 0]|[4, 3, 2, 2, 0, 0, 2, 2, 2, 1, 1, 1, 2, 4, 4, 1, 2, 4, 2, 1, 1, 1, 1, 2, 1, 2, 1, 1, 1, 1, 3, 2, 3, 0, 4, 0, 1, 1, 0, 3, 2, 2, 4, 0, 1, 1, 0, 2, 0, 1, 2, 2, 1, 4, 0, 3, 2, 1, 1, 2, 1, 3, 1, 1, 1, 3, 0, 4, 3, 1, 4, 1, 1, 2, 4, 4, 2, 1, 1, 3, 1, 3, 1, 1, 2, 1, 2, 1, 0, 1, 1, 2, 3, 1, 1, 2, 1, 1, 2, 2]|[0, 2, 1, 1, 3, 3, 0, 1, 0, 0, 0, 0, 1, 0, 1, 0, 0, 3, 1, 0, 0, 0, 3, 1, 0, 2, 0, 0, 0, 1, 0, 0, 0, 0, 3, 0, 1, 0, 0, 2, 1, 1, 2, 0, 0, 0, 0, 1, 1, 0, 0, 0, 1, 3, 0, 0, 1, 0, 0, 1, 0, 2, 0, 1, 0, 2, 1, 0, 0, 1, 1, 3, 1, 1, 3, 3, 1, 0, 0, 2, 0, 0, 0, 0, 1, 0, 1, 0, 1, 0, 0, 0, 0, 1, 1, 0, 0, 0, 0, 0],799.1002142476597,58766.469869081004,90067.55034105257,false
26,G1_CMAX,G1_CMAX,[31, 22, 82, 15, 26, 9, 42, 77, 12, 5, 47, 93, 78, 86, 54, 6, 63, 18, 44, 20, 35, 43, 97, 91, 76, 10, 30, 21, 45, 17, 23, 1, 71, 83, 24, 14, 60, 36, 85, 57, 40, 95, 88, 65, 56, 79, 94, 67, 68, 46, 75, 38, 58, 19, 32, 81, 41, 62, 87, 28, 90, 59, 11, 16, 72, 73, 69, 52, 37, 64, 84, 3, 25, 29, 55, 51, 7, 98, 61, 66, 99, 33, 89, 48, 50, 96, 53, 80, 4, 8, 27, 2, 39, 13, 0, 92, 49, 74, 34, 70]|[1, 1, 0, 1, 1, 1, 2, 2, 1, 2, 2, 1, 1, 1, 0, 0, 1, 0, 2, 2, 0, 1, 2, 2, 1, 2, 2, 0, 0, 1, 2, 1, 1, 0, 2, 0, 1, 1, 0, 1, 1, 1, 1, 0, 2, 1, 1, 0, 0, 0, 0, 1, 1, 2, 1, 2, 0, 0, 2, 0, 1, 2, 2, 1, 2, 1, 1, 1, 1, 1, 1, 2, 1, 0, 2, 0, 1, 2, 1, 0, 0, 2, 1, 0, 0, 2, 0, 0, 1, 1, 0, 0, 1, 0, 0, 0, 0, 2, 2, 1]|[0, 3, 1, 2, 0, 0, 1, 1, 4, 1, 1, 4, 4, 4, 2, 2, 4, 2, 1, 1, 1, 1, 2, 1, 2, 1, 1, 1, 1, 4, 0, 3, 3, 0, 1, 1, 0, 3, 2, 2, 2, 2, 0, 1, 1, 0, 4, 0, 1, 2, 2, 1, 4, 0, 3, 2, 1, 2, 1, 2, 3, 1, 1, 3, 0, 4, 4, 1, 4, 3, 1, 2, 4, 1, 1, 1, 1, 1, 3, 1, 1, 1, 1, 1, 1, 1, 2, 1, 4, 3, 2, 2, 1, 2, 2, 0, 1, 1, 1, 4]|[1, 1, 1, 1, 3, 3, 0, 0, 0, 0, 0, 2, 0, 1, 0, 0, 3, 1, 0, 0, 0, 3, 1, 0, 2, 0, 0, 0, 1, 3, 0, 0, 0, 0, 1, 0, 0, 2, 1, 1, 1, 1, 0, 0, 0, 0, 2, 1, 0, 0, 0, 1, 3, 0, 0, 1, 0, 1, 0, 1, 2, 0, 0, 2, 1, 0, 2, 1, 1, 0, 3, 1, 3, 0, 0, 0, 2, 0, 0, 0, 0, 0, 1, 0, 0, 0, 1, 0, 0, 2, 1, 0, 1, 0, 0, 1, 1, 0, 0, 2],733.3116759547878,58140.55643565909,96674.14109675489,false
26,G4_BALANCED,G4_BALANCED,[31, 11, 15, 82, 26, 9, 95, 32, 77, 68, 47, 5, 93, 78, 86, 54, 85, 63, 18, 44, 20, 49, 36, 14, 74, 50, 53, 17, 21, 45, 71, 64, 3, 23, 30, 83, 24, 41, 60, 52, 65, 27, 90, 70, 39, 87, 48, 69, 99, 4, 46, 1, 13, 58, 97, 59, 28, 75, 73, 37, 35, 79, 22, 66, 76, 42, 40, 80, 96, 6, 16, 61, 33, 7, 57, 34, 12, 67, 10, 98, 56, 88, 29, 94, 91, 51, 19, 92, 43, 84, 38, 72, 81, 8, 2, 55, 62, 89, 25, 0]|[2, 1, 1, 2, 1, 2, 1, 1, 1, 1, 1, 0, 2, 2, 1, 2, 0, 0, 0, 2, 2, 1, 0, 2, 0, 2, 2, 1, 0, 1, 1, 1, 0, 0, 1, 0, 2, 1, 2, 2, 0, 0, 1, 1, 0, 2, 0, 2, 1, 0, 0, 2, 0, 0, 2, 0, 1, 0, 0, 0, 2, 1, 0, 2, 2, 0, 2, 2, 0, 1, 2, 1, 1, 2, 0, 1, 1, 1, 1, 2, 2, 1, 1, 2, 1, 1, 1, 0, 1, 0, 0, 1, 1, 1, 2, 0, 1, 1, 1, 0]|[1, 3, 2, 0, 4, 1, 4, 4, 2, 4, 3, 2, 1, 0, 2, 1, 1, 1, 2, 1, 1, 3, 0, 1, 0, 1, 1, 4, 1, 4, 3, 2, 2, 0, 4, 1, 1, 4, 0, 1, 2, 1, 4, 4, 1, 1, 0, 2, 3, 1, 2, 1, 2, 1, 1, 2, 4, 2, 0, 2, 2, 3, 1, 0, 1, 2, 0, 1, 2, 4, 1, 3, 4, 1, 2, 4, 3, 3, 3, 1, 1, 4, 3, 1, 3, 3, 4, 2, 4, 2, 2, 4, 1, 3, 1, 2, 3, 4, 4, 2]|[1, 2, 1, 0, 3, 0, 1, 3, 0, 0, 2, 0, 1, 0, 1, 0, 0, 0, 1, 0, 0, 2, 0, 0, 1, 0, 0, 3, 0, 1, 0, 2, 0, 1, 3, 0, 1, 3, 1, 0, 0, 0, 1, 3, 0, 0, 1, 0, 2, 0, 0, 0, 0, 0, 1, 0, 1, 0, 1, 1, 0, 2, 0, 0, 0, 0, 0, 0, 0, 2, 0, 0, 1, 0, 0, 1, 0, 0, 3, 0, 0, 1, 0, 0, 0, 0, 3, 0, 2, 0, 0, 2, 1, 0, 0, 0, 0, 1, 3, 0],836.569815134707,52504.092339752446,107095.57005228325,false
26,G2_TEC,G2_TEC,[31, 22, 82, 15, 26, 9, 95, 42, 77, 68, 47, 5, 93, 78, 86, 54, 85, 63, 18, 44, 20, 49, 36, 14, 74, 50, 53, 17, 21, 28, 11, 64, 3, 23, 30, 83, 24, 41, 40, 52, 65, 27, 90, 70, 39, 87, 48, 69, 99, 4, 46, 1, 13, 58, 97, 59, 45, 8, 73, 37, 35, 79, 71, 66, 76, 32, 60, 80, 96, 6, 16, 61, 33, 7, 57, 34, 12, 67, 10, 98, 56, 88, 43, 75, 91, 38, 19, 92, 29, 2, 51, 72, 89, 25, 84, 55, 62, 81, 94, 0]|[2, 1, 2, 1, 1, 2, 1, 1, 1, 1, 1, 0, 2, 2, 1, 2, 0, 0, 0, 2, 2, 1, 0, 2, 0, 2, 2, 1, 0, 1, 1, 1, 0, 0, 1, 0, 2, 1, 2, 2, 0, 0, 1, 1, 0, 2, 0, 2, 1, 0, 0, 2, 0, 0, 2, 0, 1, 1, 0, 0, 2, 1, 1, 2, 2, 0, 2, 2, 0, 1, 2, 1, 1, 2, 0, 1, 1, 1, 1, 2, 2, 1, 1, 0, 1, 0, 1, 0, 1, 2, 1, 1, 1, 1, 0, 0, 1, 1, 2, 0]|[0, 3, 0, 3, 4, 1, 4, 4, 2, 4, 3, 2, 1, 0, 2, 1, 1, 1, 2, 1, 1, 3, 0, 1, 0, 1, 1, 4, 1, 4, 3, 2, 2, 0, 4, 1, 1, 4, 1, 1, 2, 1, 4, 4, 1, 1, 0, 2, 3, 2, 2, 1, 2, 1, 1, 2, 4, 3, 0, 2, 2, 3, 3, 0, 1, 2, 1, 1, 2, 4, 1, 3, 4, 1, 2, 4, 3, 3, 3, 1, 1, 4, 4, 2, 3, 2, 4, 2, 3, 1, 3, 4, 4, 4, 2, 2, 3, 4, 1, 2]|[0, 2, 0, 0, 3, 0, 1, 3, 0, 0, 2, 0, 1, 0, 1, 0, 0, 0, 1, 0, 0, 2, 0, 0, 1, 0, 0, 3, 0, 1, 0, 2, 0, 0, 3, 0, 1, 3, 0, 0, 0, 0, 1, 3, 0, 0, 1, 0, 2, 0, 0, 0, 0, 0, 1, 0, 1, 0, 1, 1, 0, 2, 0, 0, 0, 0, 0, 0, 0, 2, 0, 0, 1, 0, 0, 1, 0, 0, 3, 0, 0, 1, 2, 0, 0, 0, 1, 0, 3, 0, 0, 2, 1, 3, 0, 0, 0, 1, 0, 0],884.1935202920454,50179.24430758428,113572.41328703976,false
26,G3_TWC,G3_TWC,[31, 22, 82, 15, 26, 9, 42, 95, 77, 12, 47, 5, 93, 78, 86, 54, 85, 63, 18, 44, 20, 35, 43, 97, 91, 76, 10, 30, 21, 45, 71, 64, 1, 23, 17, 83, 24, 14, 60, 36, 6, 57, 94, 88, 65, 56, 79, 40, 67, 68, 46, 75, 38, 58, 19, 32, 81, 41, 27, 62, 87, 90, 99, 59, 11, 16, 72, 73, 69, 39, 37, 84, 3, 92, 25, 55, 28, 29, 51, 7, 33, 61, 98, 66, 89, 50, 4, 96, 53, 8, 80, 13, 70, 49, 52, 0, 74, 34, 2, 48]|[1, 1, 0, 1, 1, 1, 2, 1, 2, 2, 2, 2, 2, 1, 1, 0, 0, 1, 0, 2, 2, 0, 1, 2, 0, 1, 2, 2, 0, 0, 1, 2, 1, 2, 1, 0, 2, 0, 1, 1, 0, 1, 1, 1, 0, 2, 1, 1, 0, 0, 0, 0, 1, 1, 2, 1, 2, 0, 0, 0, 2, 1, 0, 1, 2, 1, 2, 1, 1, 1, 1, 1, 1, 0, 1, 1, 0, 0, 0, 1, 2, 1, 2, 2, 0, 0, 0, 0, 2, 0, 0, 0, 1, 0, 1, 0, 2, 2, 0, 0]|[4, 3, 2, 2, 0, 0, 2, 2, 2, 1, 1, 1, 2, 4, 4, 1, 2, 4, 2, 1, 1, 1, 1, 2, 1, 2, 1, 1, 1, 1, 3, 2, 3, 0, 4, 0, 1, 1, 0, 3, 2, 2, 4, 0, 1, 1, 0, 2, 0, 1, 2, 2, 1, 4, 0, 3, 2, 1, 1, 2, 1, 3, 1, 1, 1, 3, 0, 4, 3, 1, 4, 1, 1, 2, 4, 4, 2, 1, 1, 3, 1, 3, 1, 1, 2, 1, 2, 1, 0, 1, 1, 2, 3, 1, 1, 2, 1, 1, 2, 2]|[0, 2, 1, 1, 3, 3, 0, 1, 0, 0, 0, 0, 1, 0, 1, 0, 0, 3, 1, 0, 0, 0, 3, 1, 0, 2, 0, 0, 0, 1, 0, 0, 0, 0, 3, 0, 1, 0, 0, 2, 1, 1, 2, 0, 0, 0, 0, 1, 1, 0, 0, 0, 1, 3, 0, 0, 1, 0, 0, 1, 0, 2, 0, 1, 0, 2, 1, 0, 0, 1, 1, 3, 1, 1, 3, 3, 1, 0, 0, 2, 0, 0, 0, 0, 1, 0, 1, 0, 1, 0, 0, 0, 0, 1, 1, 0, 0, 0, 0, 0],799.1002142476597,58766.469869081004,90067.55034105257,false
26,G1_CMAX,G1_CMAX,[31, 22, 82, 15, 26, 9, 42, 77, 12, 5, 47, 93, 78, 86, 54, 6, 63, 18, 44, 20, 35, 43, 97, 91, 76, 10, 30, 21, 45, 17, 23, 1, 71, 83, 24, 14, 60, 36, 85, 57, 40, 95, 88, 65, 56, 79, 94, 67, 68, 46, 75, 38, 58, 19, 32, 81, 41, 62, 87, 28, 90, 59, 11, 16, 72, 73, 69, 52, 37, 64, 84, 3, 25, 29, 55, 51, 7, 98, 61, 66, 99, 33, 89, 48, 50, 96, 53, 80, 4, 8, 27, 2, 39, 13, 0, 92, 49, 74, 34, 70]|[1, 1, 0, 1, 1, 1, 2, 2, 1, 2, 2, 1, 1, 1, 0, 0, 1, 0, 2, 2, 0, 1, 2, 2, 1, 2, 2, 0, 0, 1, 2, 1, 1, 0, 2, 0, 1, 1, 0, 1, 1, 1, 1, 0, 2, 1, 1, 0, 0, 0, 0, 1, 1, 2, 1, 2, 0, 0, 2, 0, 1, 2, 2, 1, 2, 1, 1, 1, 1, 1, 1, 2, 1, 0, 2, 0, 1, 2, 1, 0, 0, 2, 1, 0, 0, 2, 0, 0, 1, 1, 0, 0, 1, 0, 0, 0, 0, 2, 2, 1]|[0, 3, 1, 2, 0, 0, 1, 1, 4, 1, 1, 4, 4, 4, 2, 2, 4, 2, 1, 1, 1, 1, 2, 1, 2, 1, 1, 1, 1, 4, 0, 3, 3, 0, 1, 1, 0, 3, 2, 2, 2, 2, 0, 1, 1, 0, 4, 0, 1, 2, 2, 1, 4, 0, 3, 2, 1, 2, 1, 2, 3, 1, 1, 3, 0, 4, 4, 1, 4, 3, 1, 2, 4, 1, 1, 1, 1, 1, 3, 1, 1, 1, 1, 1, 1, 1, 2, 1, 4, 3, 2, 2, 1, 2, 2, 0, 1, 1, 1, 4]|[1, 1, 1, 1, 3, 3, 0, 0, 0, 0, 0, 2, 0, 1, 0, 0, 3, 1, 0, 0, 0, 3, 1, 0, 2, 0, 0, 0, 1, 3, 0, 0, 0, 0, 1, 0, 0, 2, 1, 1, 1, 1, 0, 0, 0, 0, 2, 1, 0, 0, 0, 1, 3, 0, 0, 1, 0, 1, 0, 1, 2, 0, 0, 2, 1, 0, 2, 1, 1, 0, 3, 1, 3, 0, 0, 0, 2, 0, 0, 0, 0, 0, 1, 0, 0, 0, 1, 0, 0, 2, 1, 0, 1, 0, 0, 1, 1, 0, 0, 2],733.3116759547878,58140.55643565909,96674.14109675489,false
26,G4_BALANCED,G4_BALANCED,[31, 11, 15, 82, 26, 9, 95, 32, 77, 68, 47, 5, 93, 78, 86, 54, 85, 63, 18, 44, 20, 49, 36, 14, 74, 50, 53, 17, 21, 45, 71, 64, 3, 23, 30, 83, 24, 41, 60, 52, 65, 27, 90, 70, 39, 87, 48, 69, 99, 4, 46, 1, 13, 58, 97, 59, 28, 75, 73, 37, 35, 79, 22, 66, 76, 42, 40, 80, 96, 6, 16, 61, 33, 7, 57, 34, 12, 67, 10, 98, 56, 88, 29, 94, 91, 51, 19, 92, 43, 84, 38, 72, 81, 8, 2, 55, 62, 89, 25, 0]|[2, 1, 1, 2, 1, 2, 1, 1, 1, 1, 1, 0, 2, 2, 1, 2, 0, 0, 0, 2, 2, 1, 0, 2, 0, 2, 2, 1, 0, 1, 1, 1, 0, 0, 1, 0, 2, 1, 2, 2, 0, 0, 1, 1, 0, 2, 0, 2, 1, 0, 0, 2, 0, 0, 2, 0, 1, 0, 0, 0, 2, 1, 0, 2, 2, 0, 2, 2, 0, 1, 2, 1, 1, 2, 0, 1, 1, 1, 1, 2, 2, 1, 1, 2, 1, 1, 1, 0, 1, 0, 0, 1, 1, 1, 2, 0, 1, 1, 1, 0]|[1, 3, 2, 0, 4, 1, 4, 4, 2, 4, 3, 2, 1, 0, 2, 1, 1, 1, 2, 1, 1, 3, 0, 1, 0, 1, 1, 4, 1, 4, 3, 2, 2, 0, 4, 1, 1, 4, 0, 1, 2, 1, 4, 4, 1, 1, 0, 2, 3, 1, 2, 1, 2, 1, 1, 2, 4, 2, 0, 2, 2, 3, 1, 0, 1, 2, 0, 1, 2, 4, 1, 3, 4, 1, 2, 4, 3, 3, 3, 1, 1, 4, 3, 1, 3, 3, 4, 2, 4, 2, 2, 4, 1, 3, 1, 2, 3, 4, 4, 2]|[1, 2, 1, 0, 3, 0, 1, 3, 0, 0, 2, 0, 1, 0, 1, 0, 0, 0, 1, 0, 0, 2, 0, 0, 1, 0, 0, 3, 0, 1, 0, 2, 0, 1, 3, 0, 1, 3, 1, 0, 0, 0, 1, 3, 0, 0, 1, 0, 2, 0, 0, 0, 0, 0, 1, 0, 1, 0, 1, 1, 0, 2, 0, 0, 0, 0, 0, 0, 0, 2, 0, 0, 1, 0, 0, 1, 0, 0, 3, 0, 0, 1, 0, 0, 0, 0, 3, 0, 2, 0, 0, 2, 1, 0, 0, 0, 0, 1, 3, 0],836.569815134707,52504.092339752446,107095.57005228325,false
26,G2_TEC,G2_TEC,[31, 22, 82, 15, 26, 9, 95, 42, 77, 68, 47, 5, 93, 78, 86, 54, 85, 63, 18, 44, 20, 49, 36, 14, 74, 50, 53, 17, 21, 28, 11, 64, 3, 23, 30, 83, 24, 41, 40, 52, 65, 27, 90, 70, 39, 87, 48, 69, 99, 4, 46, 1, 13, 58, 97, 59, 45, 8, 73, 37, 35, 79, 71, 66, 76, 32, 60, 80, 96, 6, 16, 61, 33, 7, 57, 34, 12, 67, 10, 98, 56, 88, 43, 75, 91, 38, 19, 92, 29, 2, 51, 72, 89, 25, 84, 55, 62, 81, 94, 0]|[2, 1, 2, 1, 1, 2, 1, 1, 1, 1, 1, 0, 2, 2, 1, 2, 0, 0, 0, 2, 2, 1, 0, 2, 0, 2, 2, 1, 0, 1, 1, 1, 0, 0, 1, 0, 2, 1, 2, 2, 0, 0, 1, 1, 0, 2, 0, 2, 1, 0, 0, 2, 0, 0, 2, 0, 1, 1, 0, 0, 2, 1, 1, 2, 2, 0, 2, 2, 0, 1, 2, 1, 1, 2, 0, 1, 1, 1, 1, 2, 2, 1, 1, 0, 1, 0, 1, 0, 1, 2, 1, 1, 1, 1, 0, 0, 1, 1, 2, 0]|[0, 3, 0, 3, 4, 1, 4, 4, 2, 4, 3, 2, 1, 0, 2, 1, 1, 1, 2, 1, 1, 3, 0, 1, 0, 1, 1, 4, 1, 4, 3, 2, 2, 0, 4, 1, 1, 4, 1, 1, 2, 1, 4, 4, 1, 1, 0, 2, 3, 2, 2, 1, 2, 1, 1, 2, 4, 3, 0, 2, 2, 3, 3, 0, 1, 2, 1, 1, 2, 4, 1, 3, 4, 1, 2, 4, 3, 3, 3, 1, 1, 4, 4, 2, 3, 2, 4, 2, 3, 1, 3, 4, 4, 4, 2, 2, 3, 4, 1, 2]|[0, 2, 0, 0, 3, 0, 1, 3, 0, 0, 2, 0, 1, 0, 1, 0, 0, 0, 1, 0, 0, 2, 0, 0, 1, 0, 0, 3, 0, 1, 0, 2, 0, 0, 3, 0, 1, 3, 0, 0, 0, 0, 1, 3, 0, 0, 1, 0, 2, 0, 0, 0, 0, 0, 1, 0, 1, 0, 1, 1, 0, 2, 0, 0, 0, 0, 0, 0, 0, 2, 0, 0, 1, 0, 0, 1, 0, 0, 3, 0, 0, 1, 2, 0, 0, 0, 1, 0, 3, 0, 0, 2, 1, 3, 0, 0, 0, 1, 0, 0],884.1935202920454,50179.24430758428,113572.41328703976,false
26,G3_TWC,G3_TWC,[31, 22, 82, 15, 26, 9, 42, 95, 77, 12, 47, 5, 93, 78, 86, 54, 85, 63, 18, 44, 20, 35, 43, 97, 91, 76, 10, 30, 21, 45, 71, 64, 1, 23, 17, 83, 24, 14, 60, 36, 6, 57, 94, 88, 65, 56, 79, 40, 67, 68, 46, 75, 38, 58, 19, 32, 81, 41, 27, 62, 87, 90, 99, 59, 11, 16, 72, 73, 69, 39, 37, 84, 3, 92, 25, 55, 28, 29, 51, 7, 33, 61, 98, 66, 89, 50, 4, 96, 53, 8, 80, 13, 70, 49, 52, 0, 74, 34, 2, 48]|[1, 1, 0, 1, 1, 1, 2, 1, 2, 2, 2, 2, 2, 1, 1, 0, 0, 1, 0, 2, 2, 0, 1, 2, 0, 1, 2, 2, 0, 0, 1, 2, 1, 2, 1, 0, 2, 0, 1, 1, 0, 1, 1, 1, 0, 2, 1, 1, 0, 0, 0, 0, 1, 1, 2, 1, 2, 0, 0, 0, 2, 1, 0, 1, 2, 1, 2, 1, 1, 1, 1, 1, 1, 0, 1, 1, 0, 0, 0, 1, 2, 1, 2, 2, 0, 0, 0, 0, 2, 0, 0, 0, 1, 0, 1, 0, 2, 2, 0, 0]|[4, 3, 2, 2, 0, 0, 2, 2, 2, 1, 1, 1, 2, 4, 4, 1, 2, 4, 2, 1, 1, 1, 1, 2, 1, 2, 1, 1, 1, 1, 3, 2, 3, 0, 4, 0, 1, 1, 0, 3, 2, 2, 4, 0, 1, 1, 0, 2, 0, 1, 2, 2, 1, 4, 0, 3, 2, 1, 1, 2, 1, 3, 1, 1, 1, 3, 0, 4, 3, 1, 4, 1, 1, 2, 4, 4, 2, 1, 1, 3, 1, 3, 1, 1, 2, 1, 2, 1, 0, 1, 1, 2, 3, 1, 1, 2, 1, 1, 2, 2]|[0, 2, 1, 1, 3, 3, 0, 1, 0, 0, 0, 0, 1, 0, 1, 0, 0, 3, 1, 0, 0, 0, 3, 1, 0, 2, 0, 0, 0, 1, 0, 0, 0, 0, 3, 0, 1, 0, 0, 2, 1, 1, 2, 0, 0, 0, 0, 1, 1, 0, 0, 0, 1, 3, 0, 0, 1, 0, 0, 1, 0, 2, 0, 1, 0, 2, 1, 0, 0, 1, 1, 3, 1, 1, 3, 3, 1, 0, 0, 2, 0, 0, 0, 0, 1, 0, 1, 0, 1, 0, 0, 0, 0, 1, 1, 0, 0, 0, 0, 0],799.1002142476597,58766.469869081004,90067.55034105257,false
26,G1_CMAX,G1_CMAX,[31, 22, 82, 15, 26, 9, 42, 77, 12, 5, 47, 93, 78, 86, 54, 6, 63, 18, 44, 20, 35, 43, 97, 91, 76, 10, 30, 21, 45, 17, 23, 1, 71, 83, 24, 14, 60, 36, 85, 57, 40, 95, 88, 65, 56, 79, 94, 67, 68, 46, 75, 38, 58, 19, 32, 81, 41, 62, 87, 28, 90, 59, 11, 16, 72, 73, 69, 52, 37, 64, 84, 3, 25, 29, 55, 51, 7, 98, 61, 66, 99, 33, 89, 48, 50, 96, 53, 80, 4, 8, 27, 2, 39, 13, 0, 92, 49, 74, 34, 70]|[1, 1, 0, 1, 1, 1, 2, 2, 1, 2, 2, 1, 1, 1, 0, 0, 1, 0, 2, 2, 0, 1, 2, 2, 1, 2, 2, 0, 0, 1, 2, 1, 1, 0, 2, 0, 1, 1, 0, 1, 1, 1, 1, 0, 2, 1, 1, 0, 0, 0, 0, 1, 1, 2, 1, 2, 0, 0, 2, 0, 1, 2, 2, 1, 2, 1, 1, 1, 1, 1, 1, 2, 1, 0, 2, 0, 1, 2, 1, 0, 0, 2, 1, 0, 0, 2, 0, 0, 1, 1, 0, 0, 1, 0, 0, 0, 0, 2, 2, 1]|[0, 3, 1, 2, 0, 0, 1, 1, 4, 1, 1, 4, 4, 4, 2, 2, 4, 2, 1, 1, 1, 1, 2, 1, 2, 1, 1, 1, 1, 4, 0, 3, 3, 0, 1, 1, 0, 3, 2, 2, 2, 2, 0, 1, 1, 0, 4, 0, 1, 2, 2, 1, 4, 0, 3, 2, 1, 2, 1, 2, 3, 1, 1, 3, 0, 4, 4, 1, 4, 3, 1, 2, 4, 1, 1, 1, 1, 1, 3, 1, 1, 1, 1, 1, 1, 1, 2, 1, 4, 3, 2, 2, 1, 2, 2, 0, 1, 1, 1, 4]|[1, 1, 1, 1, 3, 3, 0, 0, 0, 0, 0, 2, 0, 1, 0, 0, 3, 1, 0, 0, 0, 3, 1, 0, 2, 0, 0, 0, 1, 3, 0, 0, 0, 0, 1, 0, 0, 2, 1, 1, 1, 1, 0, 0, 0, 0, 2, 1, 0, 0, 0, 1, 3, 0, 0, 1, 0, 1, 0, 1, 2, 0, 0, 2, 1, 0, 2, 1, 1, 0, 3, 1, 3, 0, 0, 0, 2, 0, 0, 0, 0, 0, 1, 0, 0, 0, 1, 0, 0, 2, 1, 0, 1, 0, 0, 1, 1, 0, 0, 2],733.3116759547878,58140.55643565909,96674.14109675489,false
26,G4_BALANCED,G4_BALANCED,[31, 11, 15, 82, 26, 9, 95, 32, 77, 68, 47, 5, 93, 78, 86, 54, 85, 63, 18, 44, 20, 49, 36, 14, 74, 50, 53, 17, 21, 45, 71, 64, 3, 23, 30, 83, 24, 41, 60, 52, 65, 27, 90, 70, 39, 87, 48, 69, 99, 4, 46, 1, 13, 58, 97, 59, 28, 75, 73, 37, 35, 79, 22, 66, 76, 42, 40, 80, 96, 6, 16, 61, 33, 7, 57, 34, 12, 67, 10, 98, 56, 88, 29, 94, 91, 51, 19, 92, 43, 84, 38, 72, 81, 8, 2, 55, 62, 89, 25, 0]|[2, 1, 1, 2, 1, 2, 1, 1, 1, 1, 1, 0, 2, 2, 1, 2, 0, 0, 0, 2, 2, 1, 0, 2, 0, 2, 2, 1, 0, 1, 1, 1, 0, 0, 1, 0, 2, 1, 2, 2, 0, 0, 1, 1, 0, 2, 0, 2, 1, 0, 0, 2, 0, 0, 2, 0, 1, 0, 0, 0, 2, 1, 0, 2, 2, 0, 2, 2, 0, 1, 2, 1, 1, 2, 0, 1, 1, 1, 1, 2, 2, 1, 1, 2, 1, 1, 1, 0, 1, 0, 0, 1, 1, 1, 2, 0, 1, 1, 1, 0]|[1, 3, 2, 0, 4, 1, 4, 4, 2, 4, 3, 2, 1, 0, 2, 1, 1, 1, 2, 1, 1, 3, 0, 1, 0, 1, 1, 4, 1, 4, 3, 2, 2, 0, 4, 1, 1, 4, 0, 1, 2, 1, 4, 4, 1, 1, 0, 2, 3, 1, 2, 1, 2, 1, 1, 2, 4, 2, 0, 2, 2, 3, 1, 0, 1, 2, 0, 1, 2, 4, 1, 3, 4, 1, 2, 4, 3, 3, 3, 1, 1, 4, 3, 1, 3, 3, 4, 2, 4, 2, 2, 4, 1, 3, 1, 2, 3, 4, 4, 2]|[1, 2, 1, 0, 3, 0, 1, 3, 0, 0, 2, 0, 1, 0, 1, 0, 0, 0, 1, 0, 0, 2, 0, 0, 1, 0, 0, 3, 0, 1, 0, 2, 0, 1, 3, 0, 1, 3, 1, 0, 0, 0, 1, 3, 0, 0, 1, 0, 2, 0, 0, 0, 0, 0, 1, 0, 1, 0, 1, 1, 0, 2, 0, 0, 0, 0, 0, 0, 0, 2, 0, 0, 1, 0, 0, 1, 0, 0, 3, 0, 0, 1, 0, 0, 0, 0, 3, 0, 2, 0, 0, 2, 1, 0, 0, 0, 0, 1, 3, 0],836.569815134707,52504.092339752446,107095.57005228325,false
26,G2_TEC,G2_TEC,[31, 22, 82, 15, 26, 9, 95, 42, 77, 68, 47, 5, 93, 78, 86, 54, 85, 63, 18, 44, 20, 49, 36, 14, 74, 50, 53, 17, 21, 28, 11, 64, 3, 23, 30, 83, 24, 41, 40, 52, 65, 27, 90, 70, 39, 87, 48, 69, 99, 4, 46, 1, 13, 58, 97, 59, 45, 8, 73, 37, 35, 79, 71, 66, 76, 32, 60, 80, 96, 6, 16, 61, 33, 7, 57, 34, 12, 67, 10, 98, 56, 88, 43, 75, 91, 38, 19, 92, 29, 2, 51, 72, 89, 25, 84, 55, 62, 81, 94, 0]|[2, 1, 2, 1, 1, 2, 1, 1, 1, 1, 1, 0, 2, 2, 1, 2, 0, 0, 0, 2, 2, 1, 0, 2, 0, 2, 2, 1, 0, 1, 1, 1, 0, 0, 1, 0, 2, 1, 2, 2, 0, 0, 1, 1, 0, 2, 0, 2, 1, 0, 0, 2, 0, 0, 2, 0, 1, 1, 0, 0, 2, 1, 1, 2, 2, 0, 2, 2, 0, 1, 2, 1, 1, 2, 0, 1, 1, 1, 1, 2, 2, 1, 1, 0, 1, 0, 1, 0, 1, 2, 1, 1, 1, 1, 0, 0, 1, 1, 2, 0]|[0, 3, 0, 3, 4, 1, 4, 4, 2, 4, 3, 2, 1, 0, 2, 1, 1, 1, 2, 1, 1, 3, 0, 1, 0, 1, 1, 4, 1, 4, 3, 2, 2, 0, 4, 1, 1, 4, 1, 1, 2, 1, 4, 4, 1, 1, 0, 2, 3, 2, 2, 1, 2, 1, 1, 2, 4, 3, 0, 2, 2, 3, 3, 0, 1, 2, 1, 1, 2, 4, 1, 3, 4, 1, 2, 4, 3, 3, 3, 1, 1, 4, 4, 2, 3, 2, 4, 2, 3, 1, 3, 4, 4, 4, 2, 2, 3, 4, 1, 2]|[0, 2, 0, 0, 3, 0, 1, 3, 0, 0, 2, 0, 1, 0, 1, 0, 0, 0, 1, 0, 0, 2, 0, 0, 1, 0, 0, 3, 0, 1, 0, 2, 0, 0, 3, 0, 1, 3, 0, 0, 0, 0, 1, 3, 0, 0, 1, 0, 2, 0, 0, 0, 0, 0, 1, 0, 1, 0, 1, 1, 0, 2, 0, 0, 0, 0, 0, 0, 0, 2, 0, 0, 1, 0, 0, 1, 0, 0, 3, 0, 0, 1, 2, 0, 0, 0, 1, 0, 3, 0, 0, 2, 1, 3, 0, 0, 0, 1, 0, 0],884.1935202920454,50179.24430758428,113572.41328703976,false
26,G3_TWC,G3_TWC,[31, 22, 82, 15, 26, 9, 42, 95, 77, 12, 47, 5, 93, 78, 86, 54, 85, 63, 18, 44, 20, 35, 43, 97, 91, 76, 10, 30, 21, 45, 71, 64, 1, 23, 17, 83, 24, 14, 60, 36, 6, 57, 94, 88, 65, 56, 79, 40, 67, 68, 46, 75, 38, 58, 19, 32, 81, 41, 27, 62, 87, 90, 99, 59, 11, 16, 72, 73, 69, 39, 37, 84, 3, 92, 25, 55, 28, 29, 51, 7, 33, 61, 98, 66, 89, 50, 4, 96, 53, 8, 80, 13, 70, 49, 52, 0, 74, 34, 2, 48]|[1, 1, 0, 1, 1, 1, 2, 1, 2, 2, 2, 2, 2, 1, 1, 0, 0, 1, 0, 2, 2, 0, 1, 2, 0, 1, 2, 2, 0, 0, 1, 2, 1, 2, 1, 0, 2, 0, 1, 1, 0, 1, 1, 1, 0, 2, 1, 1, 0, 0, 0, 0, 1, 1, 2, 1, 2, 0, 0, 0, 2, 1, 0, 1, 2, 1, 2, 1, 1, 1, 1, 1, 1, 0, 1, 1, 0, 0, 0, 1, 2, 1, 2, 2, 0, 0, 0, 0, 2, 0, 0, 0, 1, 0, 1, 0, 2, 2, 0, 0]|[4, 3, 2, 2, 0, 0, 2, 2, 2, 1, 1, 1, 2, 4, 4, 1, 2, 4, 2, 1, 1, 1, 1, 2, 1, 2, 1, 1, 1, 1, 3, 2, 3, 0, 4, 0, 1, 1, 0, 3, 2, 2, 4, 0, 1, 1, 0, 2, 0, 1, 2, 2, 1, 4, 0, 3, 2, 1, 1, 2, 1, 3, 1, 1, 1, 3, 0, 4, 3, 1, 4, 1, 1, 2, 4, 4, 2, 1, 1, 3, 1, 3, 1, 1, 2, 1, 2, 1, 0, 1, 1, 2, 3, 1, 1, 2, 1, 1, 2, 2]|[0, 2, 1, 1, 3, 3, 0, 1, 0, 0, 0, 0, 1, 0, 1, 0, 0, 3, 1, 0, 0, 0, 3, 1, 0, 2, 0, 0, 0, 1, 0, 0, 0, 0, 3, 0, 1, 0, 0, 2, 1, 1, 2, 0, 0, 0, 0, 1, 1, 0, 0, 0, 1, 3, 0, 0, 1, 0, 0, 1, 0, 2, 0, 1, 0, 2, 1, 0, 0, 1, 1, 3, 1, 1, 3, 3, 1, 0, 0, 2, 0, 0, 0, 0, 1, 0, 1, 0, 1, 0, 0, 0, 0, 1, 1, 0, 0, 0, 0, 0],799.1002142476597,58766.469869081004,90067.55034105257,false
26,G1_CMAX,G1_CMAX,[31, 22, 82, 15, 26, 9, 42, 77, 12, 5, 47, 93, 78, 86, 54, 6, 63, 18, 44, 20, 35, 43, 97, 91, 76, 10, 30, 21, 45, 17, 23, 1, 71, 83, 24, 14, 60, 36, 85, 57, 40, 95, 88, 65, 56, 79, 94, 67, 68, 46, 75, 38, 58, 19, 32, 81, 41, 62, 87, 28, 90, 59, 11, 16, 72, 73, 69, 52, 37, 64, 84, 3, 25, 29, 55, 51, 7, 98, 61, 66, 99, 33, 89, 48, 50, 96, 53, 80, 4, 8, 27, 2, 39, 13, 0, 92, 49, 74, 34, 70]|[1, 1, 0, 1, 1, 1, 2, 2, 1, 2, 2, 1, 1, 1, 0, 0, 1, 0, 2, 2, 0, 1, 2, 2, 1, 2, 2, 0, 0, 1, 2, 1, 1, 0, 2, 0, 1, 1, 0, 1, 1, 1, 1, 0, 2, 1, 1, 0, 0, 0, 0, 1, 1, 2, 1, 2, 0, 0, 2, 0, 1, 2, 2, 1, 2, 1, 1, 1, 1, 1, 1, 2, 1, 0, 2, 0, 1, 2, 1, 0, 0, 2, 1, 0, 0, 2, 0, 0, 1, 1, 0, 0, 1, 0, 0, 0, 0, 2, 2, 1]|[0, 3, 1, 2, 0, 0, 1, 1, 4, 1, 1, 4, 4, 4, 2, 2, 4, 2, 1, 1, 1, 1, 2, 1, 2, 1, 1, 1, 1, 4, 0, 3, 3, 0, 1, 1, 0, 3, 2, 2, 2, 2, 0, 1, 1, 0, 4, 0, 1, 2, 2, 1, 4, 0, 3, 2, 1, 2, 1, 2, 3, 1, 1, 3, 0, 4, 4, 1, 4, 3, 1, 2, 4, 1, 1, 1, 1, 1, 3, 1, 1, 1, 1, 1, 1, 1, 2, 1, 4, 3, 2, 2, 1, 2, 2, 0, 1, 1, 1, 4]|[1, 1, 1, 1, 3, 3, 0, 0, 0, 0, 0, 2, 0, 1, 0, 0, 3, 1, 0, 0, 0, 3, 1, 0, 2, 0, 0, 0, 1, 3, 0, 0, 0, 0, 1, 0, 0, 2, 1, 1, 1, 1, 0, 0, 0, 0, 2, 1, 0, 0, 0, 1, 3, 0, 0, 1, 0, 1, 0, 1, 2, 0, 0, 2, 1, 0, 2, 1, 1, 0, 3, 1, 3, 0, 0, 0, 2, 0, 0, 0, 0, 0, 1, 0, 0, 0, 1, 0, 0, 2, 1, 0, 1, 0, 0, 1, 1, 0, 0, 2],733.3116759547878,58140.55643565909,96674.14109675489,false
26,G4_BALANCED,G4_BALANCED,[31, 11, 15, 82, 26, 9, 95, 32, 77, 68, 47, 5, 93, 78, 86, 54, 85, 63, 18, 44, 20, 49, 36, 14, 74, 50, 53, 17, 21, 45, 71, 64, 3, 23, 30, 83, 24, 41, 60, 52, 65, 27, 90, 70, 39, 87, 48, 69, 99, 4, 46, 1, 13, 58, 97, 59, 28, 75, 73, 37, 35, 79, 22, 66, 76, 42, 40, 80, 96, 6, 16, 61, 33, 7, 57, 34, 12, 67, 10, 98, 56, 88, 29, 94, 91, 51, 19, 92, 43, 84, 38, 72, 81, 8, 2, 55, 62, 89, 25, 0]|[2, 1, 1, 2, 1, 2, 1, 1, 1, 1, 1, 0, 2, 2, 1, 2, 0, 0, 0, 2, 2, 1, 0, 2, 0, 2, 2, 1, 0, 1, 1, 1, 0, 0, 1, 0, 2, 1, 2, 2, 0, 0, 1, 1, 0, 2, 0, 2, 1, 0, 0, 2, 0, 0, 2, 0, 1, 0, 0, 0, 2, 1, 0, 2, 2, 0, 2, 2, 0, 1, 2, 1, 1, 2, 0, 1, 1, 1, 1, 2, 2, 1, 1, 2, 1, 1, 1, 0, 1, 0, 0, 1, 1, 1, 2, 0, 1, 1, 1, 0]|[1, 3, 2, 0, 4, 1, 4, 4, 2, 4, 3, 2, 1, 0, 2, 1, 1, 1, 2, 1, 1, 3, 0, 1, 0, 1, 1, 4, 1, 4, 3, 2, 2, 0, 4, 1, 1, 4, 0, 1, 2, 1, 4, 4, 1, 1, 0, 2, 3, 1, 2, 1, 2, 1, 1, 2, 4, 2, 0, 2, 2, 3, 1, 0, 1, 2, 0, 1, 2, 4, 1, 3, 4, 1, 2, 4, 3, 3, 3, 1, 1, 4, 3, 1, 3, 3, 4, 2, 4, 2, 2, 4, 1, 3, 1, 2, 3, 4, 4, 2]|[1, 2, 1, 0, 3, 0, 1, 3, 0, 0, 2, 0, 1, 0, 1, 0, 0, 0, 1, 0, 0, 2, 0, 0, 1, 0, 0, 3, 0, 1, 0, 2, 0, 1, 3, 0, 1, 3, 1, 0, 0, 0, 1, 3, 0, 0, 1, 0, 2, 0, 0, 0, 0, 0, 1, 0, 1, 0, 1, 1, 0, 2, 0, 0, 0, 0, 0, 0, 0, 2, 0, 0, 1, 0, 0, 1, 0, 0, 3, 0, 0, 1, 0, 0, 0, 0, 3, 0, 2, 0, 0, 2, 1, 0, 0, 0, 0, 1, 3, 0],836.569815134707,52504.092339752446,107095.57005228325,false
26,G2_TEC,G2_TEC,[31, 22, 82, 15, 26, 9, 95, 42, 77, 68, 47, 5, 93, 78, 86, 54, 85, 63, 18, 44, 20, 49, 36, 14, 74, 50, 53, 17, 21, 28, 11, 64, 3, 23, 30, 83, 24, 41, 40, 52, 65, 27, 90, 70, 39, 87, 48, 69, 99, 4, 46, 1, 13, 58, 97, 59, 45, 8, 73, 37, 35, 79, 71, 66, 76, 32, 60, 80, 96, 6, 16, 61, 33, 7, 57, 34, 12, 67, 10, 98, 56, 88, 43, 75, 91, 38, 19, 92, 29, 2, 51, 72, 89, 25, 84, 55, 62, 81, 94, 0]|[2, 1, 2, 1, 1, 2, 1, 1, 1, 1, 1, 0, 2, 2, 1, 2, 0, 0, 0, 2, 2, 1, 0, 2, 0, 2, 2, 1, 0, 1, 1, 1, 0, 0, 1, 0, 2, 1, 2, 2, 0, 0, 1, 1, 0, 2, 0, 2, 1, 0, 0, 2, 0, 0, 2, 0, 1, 1, 0, 0, 2, 1, 1, 2, 2, 0, 2, 2, 0, 1, 2, 1, 1, 2, 0, 1, 1, 1, 1, 2, 2, 1, 1, 0, 1, 0, 1, 0, 1, 2, 1, 1, 1, 1, 0, 0, 1, 1, 2, 0]|[0, 3, 0, 3, 4, 1, 4, 4, 2, 4, 3, 2, 1, 0, 2, 1, 1, 1, 2, 1, 1, 3, 0, 1, 0, 1, 1, 4, 1, 4, 3, 2, 2, 0, 4, 1, 1, 4, 1, 1, 2, 1, 4, 4, 1, 1, 0, 2, 3, 2, 2, 1, 2, 1, 1, 2, 4, 3, 0, 2, 2, 3, 3, 0, 1, 2, 1, 1, 2, 4, 1, 3, 4, 1, 2, 4, 3, 3, 3, 1, 1, 4, 4, 2, 3, 2, 4, 2, 3, 1, 3, 4, 4, 4, 2, 2, 3, 4, 1, 2]|[0, 2, 0, 0, 3, 0, 1, 3, 0, 0, 2, 0, 1, 0, 1, 0, 0, 0, 1, 0, 0, 2, 0, 0, 1, 0, 0, 3, 0, 1, 0, 2, 0, 0, 3, 0, 1, 3, 0, 0, 0, 0, 1, 3, 0, 0, 1, 0, 2, 0, 0, 0, 0, 0, 1, 0, 1, 0, 1, 1, 0, 2, 0, 0, 0, 0, 0, 0, 0, 2, 0, 0, 1, 0, 0, 1, 0, 0, 3, 0, 0, 1, 2, 0, 0, 0, 1, 0, 3, 0, 0, 2, 1, 3, 0, 0, 0, 1, 0, 0],884.1935202920454,50179.24430758428,113572.41328703976,false
26,G3_TWC,G3_TWC,[31, 22, 82, 15, 26, 9, 42, 95, 77, 12, 47, 5, 93, 78, 86, 54, 85, 63, 18, 44, 20, 35, 43, 97, 91, 76, 10, 30, 21, 45, 71, 64, 1, 23, 17, 83, 24, 14, 60, 36, 6, 57, 94, 88, 65, 56, 79, 40, 67, 68, 46, 75, 38, 58, 19, 32, 81, 41, 27, 62, 87, 90, 99, 59, 11, 16, 72, 73, 69, 39, 37, 84, 3, 92, 25, 55, 28, 29, 51, 7, 33, 61, 98, 66, 89, 50, 4, 96, 53, 8, 80, 13, 70, 49, 52, 0, 74, 34, 2, 48]|[1, 1, 0, 1, 1, 1, 2, 1, 2, 2, 2, 2, 2, 1, 1, 0, 0, 1, 0, 2, 2, 0, 1, 2, 0, 1, 2, 2, 0, 0, 1, 2, 1, 2, 1, 0, 2, 0, 1, 1, 0, 1, 1, 1, 0, 2, 1, 1, 0, 0, 0, 0, 1, 1, 2, 1, 2, 0, 0, 0, 2, 1, 0, 1, 2, 1, 2, 1, 1, 1, 1, 1, 1, 0, 1, 1, 0, 0, 0, 1, 2, 1, 2, 2, 0, 0, 0, 0, 2, 0, 0, 0, 1, 0, 1, 0, 2, 2, 0, 0]|[4, 3, 2, 2, 0, 0, 2, 2, 2, 1, 1, 1, 2, 4, 4, 1, 2, 4, 2, 1, 1, 1, 1, 2, 1, 2, 1, 1, 1, 1, 3, 2, 3, 0, 4, 0, 1, 1, 0, 3, 2, 2, 4, 0, 1, 1, 0, 2, 0, 1, 2, 2, 1, 4, 0, 3, 2, 1, 1, 2, 1, 3, 1, 1, 1, 3, 0, 4, 3, 1, 4, 1, 1, 2, 4, 4, 2, 1, 1, 3, 1, 3, 1, 1, 2, 1, 2, 1, 0, 1, 1, 2, 3, 1, 1, 2, 1, 1, 2, 2]|[0, 2, 1, 1, 3, 3, 0, 1, 0, 0, 0, 0, 1, 0, 1, 0, 0, 3, 1, 0, 0, 0, 3, 1, 0, 2, 0, 0, 0, 1, 0, 0, 0, 0, 3, 0, 1, 0, 0, 2, 1, 1, 2, 0, 0, 0, 0, 1, 1, 0, 0, 0, 1, 3, 0, 0, 1, 0, 0, 1, 0, 2, 0, 1, 0, 2, 1, 0, 0, 1, 1, 3, 1, 1, 3, 3, 1, 0, 0, 2, 0, 0, 0, 0, 1, 0, 1, 0, 1, 0, 0, 0, 0, 1, 1, 0, 0, 0, 0, 0],799.1002142476597,58766.469869081004,90067.55034105257,false
26,G1_CMAX,G1_CMAX,[31, 22, 82, 15, 26, 9, 42, 77, 12, 5, 47, 93, 78, 86, 54, 6, 63, 18, 44, 20, 35, 43, 97, 91, 76, 10, 30, 21, 45, 17, 23, 1, 71, 83, 24, 14, 60, 36, 85, 57, 40, 95, 88, 65, 56, 79, 94, 67, 68, 46, 75, 38, 58, 19, 32, 81, 41, 62, 87, 28, 90, 59, 11, 16, 72, 73, 69, 52, 37, 64, 84, 3, 25, 29, 55, 51, 7, 98, 61, 66, 99, 33, 89, 48, 50, 96, 53, 80, 4, 8, 27, 2, 39, 13, 0, 92, 49, 74, 34, 70]|[1, 1, 0, 1, 1, 1, 2, 2, 1, 2, 2, 1, 1, 1, 0, 0, 1, 0, 2, 2, 0, 1, 2, 2, 1, 2, 2, 0, 0, 1, 2, 1, 1, 0, 2, 0, 1, 1, 0, 1, 1, 1, 1, 0, 2, 1, 1, 0, 0, 0, 0, 1, 1, 2, 1, 2, 0, 0, 2, 0, 1, 2, 2, 1, 2, 1, 1, 1, 1, 1, 1, 2, 1, 0, 2, 0, 1, 2, 1, 0, 0, 2, 1, 0, 0, 2, 0, 0, 1, 1, 0, 0, 1, 0, 0, 0, 0, 2, 2, 1]|[0, 3, 1, 2, 0, 0, 1, 1, 4, 1, 1, 4, 4, 4, 2, 2, 4, 2, 1, 1, 1, 1, 2, 1, 2, 1, 1, 1, 1, 4, 0, 3, 3, 0, 1, 1, 0, 3, 2, 2, 2, 2, 0, 1, 1, 0, 4, 0, 1, 2, 2, 1, 4, 0, 3, 2, 1, 2, 1, 2, 3, 1, 1, 3, 0, 4, 4, 1, 4, 3, 1, 2, 4, 1, 1, 1, 1, 1, 3, 1, 1, 1, 1, 1, 1, 1, 2, 1, 4, 3, 2, 2, 1, 2, 2, 0, 1, 1, 1, 4]|[1, 1, 1, 1, 3, 3, 0, 0, 0, 0, 0, 2, 0, 1, 0, 0, 3, 1, 0, 0, 0, 3, 1, 0, 2, 0, 0, 0, 1, 3, 0, 0, 0, 0, 1, 0, 0, 2, 1, 1, 1, 1, 0, 0, 0, 0, 2, 1, 0, 0, 0, 1, 3, 0, 0, 1, 0, 1, 0, 1, 2, 0, 0, 2, 1, 0, 2, 1, 1, 0, 3, 1, 3, 0, 0, 0, 2, 0, 0, 0, 0, 0, 1, 0, 0, 0, 1, 0, 0, 2, 1, 0, 1, 0, 0, 1, 1, 0, 0, 2],733.3116759547878,58140.55643565909,96674.14109675489,false
26,G4_BALANCED,G4_BALANCED,[31, 11, 15, 82, 26, 9, 95, 32, 77, 68, 47, 5, 93, 78, 86, 54, 85, 63, 18, 44, 20, 49, 36, 14, 74, 50, 53, 17, 21, 45, 71, 64, 3, 23, 30, 83, 24, 41, 60, 52, 65, 27, 90, 70, 39, 87, 48, 69, 99, 4, 46, 1, 13, 58, 97, 59, 28, 75, 73, 37, 35, 79, 22, 66, 76, 42, 40, 80, 96, 6, 16, 61, 33, 7, 57, 34, 12, 67, 10, 98, 56, 88, 29, 94, 91, 51, 19, 92, 43, 84, 38, 72, 81, 8, 2, 55, 62, 89, 25, 0]|[2, 1, 1, 2, 1, 2, 1, 1, 1, 1, 1, 0, 2, 2, 1, 2, 0, 0, 0, 2, 2, 1, 0, 2, 0, 2, 2, 1, 0, 1, 1, 1, 0, 0, 1, 0, 2, 1, 2, 2, 0, 0, 1, 1, 0, 2, 0, 2, 1, 0, 0, 2, 0, 0, 2, 0, 1, 0, 0, 0, 2, 1, 0, 2, 2, 0, 2, 2, 0, 1, 2, 1, 1, 2, 0, 1, 1, 1, 1, 2, 2, 1, 1, 2, 1, 1, 1, 0, 1, 0, 0, 1, 1, 1, 2, 0, 1, 1, 1, 0]|[1, 3, 2, 0, 4, 1, 4, 4, 2, 4, 3, 2, 1, 0, 2, 1, 1, 1, 2, 1, 1, 3, 0, 1, 0, 1, 1, 4, 1, 4, 3, 2, 2, 0, 4, 1, 1, 4, 0, 1, 2, 1, 4, 4, 1, 1, 0, 2, 3, 1, 2, 1, 2, 1, 1, 2, 4, 2, 0, 2, 2, 3, 1, 0, 1, 2, 0, 1, 2, 4, 1, 3, 4, 1, 2, 4, 3, 3, 3, 1, 1, 4, 3, 1, 3, 3, 4, 2, 4, 2, 2, 4, 1, 3, 1, 2, 3, 4, 4, 2]|[1, 2, 1, 0, 3, 0, 1, 3, 0, 0, 2, 0, 1, 0, 1, 0, 0, 0, 1, 0, 0, 2, 0, 0, 1, 0, 0, 3, 0, 1, 0, 2, 0, 1, 3, 0, 1, 3, 1, 0, 0, 0, 1, 3, 0, 0, 1, 0, 2, 0, 0, 0, 0, 0, 1, 0, 1, 0, 1, 1, 0, 2, 0, 0, 0, 0, 0, 0, 0, 2, 0, 0, 1, 0, 0, 1, 0, 0, 3, 0, 0, 1, 0, 0, 0, 0, 3, 0, 2, 0, 0, 2, 1, 0, 0, 0, 0, 1, 3, 0],836.569815134707,52504.092339752446,107095.57005228325,false
26,G2_TEC,G2_TEC,[31, 22, 82, 15, 26, 9, 95, 42, 77, 68, 47, 5, 93, 78, 86, 54, 85, 63, 18, 44, 20, 49, 36, 14, 74, 50, 53, 17, 21, 28, 11, 64, 3, 23, 30, 83, 24, 41, 40, 52, 65, 27, 90, 70, 39, 87, 48, 69, 99, 4, 46, 1, 13, 58, 97, 59, 45, 8, 73, 37, 35, 79, 71, 66, 76, 32, 60, 80, 96, 6, 16, 61, 33, 7, 57, 34, 12, 67, 10, 98, 56, 88, 43, 75, 91, 38, 19, 92, 29, 2, 51, 72, 89, 25, 84, 55, 62, 81, 94, 0]|[2, 1, 2, 1, 1, 2, 1, 1, 1, 1, 1, 0, 2, 2, 1, 2, 0, 0, 0, 2, 2, 1, 0, 2, 0, 2, 2, 1, 0, 1, 1, 1, 0, 0, 1, 0, 2, 1, 2, 2, 0, 0, 1, 1, 0, 2, 0, 2, 1, 0, 0, 2, 0, 0, 2, 0, 1, 1, 0, 0, 2, 1, 1, 2, 2, 0, 2, 2, 0, 1, 2, 1, 1, 2, 0, 1, 1, 1, 1, 2, 2, 1, 1, 0, 1, 0, 1, 0, 1, 2, 1, 1, 1, 1, 0, 0, 1, 1, 2, 0]|[0, 3, 0, 3, 4, 1, 4, 4, 2, 4, 3, 2, 1, 0, 2, 1, 1, 1, 2, 1, 1, 3, 0, 1, 0, 1, 1, 4, 1, 4, 3, 2, 2, 0, 4, 1, 1, 4, 1, 1, 2, 1, 4, 4, 1, 1, 0, 2, 3, 2, 2, 1, 2, 1, 1, 2, 4, 3, 0, 2, 2, 3, 3, 0, 1, 2, 1, 1, 2, 4, 1, 3, 4, 1, 2, 4, 3, 3, 3, 1, 1, 4, 4, 2, 3, 2, 4, 2, 3, 1, 3, 4, 4, 4, 2, 2, 3, 4, 1, 2]|[0, 2, 0, 0, 3, 0, 1, 3, 0, 0, 2, 0, 1, 0, 1, 0, 0, 0, 1, 0, 0, 2, 0, 0, 1, 0, 0, 3, 0, 1, 0, 2, 0, 0, 3, 0, 1, 3, 0, 0, 0, 0, 1, 3, 0, 0, 1, 0, 2, 0, 0, 0, 0, 0, 1, 0, 1, 0, 1, 1, 0, 2, 0, 0, 0, 0, 0, 0, 0, 2, 0, 0, 1, 0, 0, 1, 0, 0, 3, 0, 0, 1, 2, 0, 0, 0, 1, 0, 3, 0, 0, 2, 1, 3, 0, 0, 0, 1, 0, 0],884.1935202920454,50179.24430758428,113572.41328703976,false
26,G3_TWC,G3_TWC,[31, 22, 82, 15, 26, 9, 42, 95, 77, 12, 47, 5, 93, 78, 86, 54, 85, 63, 18, 44, 20, 35, 43, 97, 91, 76, 10, 30, 21, 45, 71, 64, 1, 23, 17, 83, 24, 14, 60, 36, 6, 57, 94, 88, 65, 56, 79, 40, 67, 68, 46, 75, 38, 58, 19, 32, 81, 41, 27, 62, 87, 90, 99, 59, 11, 16, 72, 73, 69, 39, 37, 84, 3, 92, 25, 55, 28, 29, 51, 7, 33, 61, 98, 66, 89, 50, 4, 96, 53, 8, 80, 13, 70, 49, 52, 0, 74, 34, 2, 48]|[1, 1, 0, 1, 1, 1, 2, 1, 2, 2, 2, 2, 2, 1, 1, 0, 0, 1, 0, 2, 2, 0, 1, 2, 0, 1, 2, 2, 0, 0, 1, 2, 1, 2, 1, 0, 2, 0, 1, 1, 0, 1, 1, 1, 0, 2, 1, 1, 0, 0, 0, 0, 1, 1, 2, 1, 2, 0, 0, 0, 2, 1, 0, 1, 2, 1, 2, 1, 1, 1, 1, 1, 1, 0, 1, 1, 0, 0, 0, 1, 2, 1, 2, 2, 0, 0, 0, 0, 2, 0, 0, 0, 1, 0, 1, 0, 2, 2, 0, 0]|[4, 3, 2, 2, 0, 0, 2, 2, 2, 1, 1, 1, 2, 4, 4, 1, 2, 4, 2, 1, 1, 1, 1, 2, 1, 2, 1, 1, 1, 1, 3, 2, 3, 0, 4, 0, 1, 1, 0, 3, 2, 2, 4, 0, 1, 1, 0, 2, 0, 1, 2, 2, 1, 4, 0, 3, 2, 1, 1, 2, 1, 3, 1, 1, 1, 3, 0, 4, 3, 1, 4, 1, 1, 2, 4, 4, 2, 1, 1, 3, 1, 3, 1, 1, 2, 1, 2, 1, 0, 1, 1, 2, 3, 1, 1, 2, 1, 1, 2, 2]|[0, 2, 1, 1, 3, 3, 0, 1, 0, 0, 0, 0, 1, 0, 1, 0, 0, 3, 1, 0, 0, 0, 3, 1, 0, 2, 0, 0, 0, 1, 0, 0, 0, 0, 3, 0, 1, 0, 0, 2, 1, 1, 2, 0, 0, 0, 0, 1, 1, 0, 0, 0, 1, 3, 0, 0, 1, 0, 0, 1, 0, 2, 0, 1, 0, 2, 1, 0, 0, 1, 1, 3, 1, 1, 3, 3, 1, 0, 0, 2, 0, 0, 0, 0, 1, 0, 1, 0, 1, 0, 0, 0, 0, 1, 1, 0, 0, 0, 0, 0],799.1002142476597,58766.469869081004,90067.55034105257,false
26,G1_CMAX,G1_CMAX,[31, 22, 82, 15, 26, 9, 42, 77, 12, 5, 47, 93, 78, 86, 54, 6, 63, 18, 44, 20, 35, 43, 97, 91, 76, 10, 30, 21, 45, 17, 23, 1, 71, 83, 24, 14, 60, 36, 85, 57, 40, 95, 88, 65, 56, 79, 94, 67, 68, 46, 75, 38, 58, 19, 32, 81, 41, 62, 87, 28, 90, 59, 11, 16, 72, 73, 69, 52, 37, 64, 84, 3, 25, 29, 55, 51, 7, 98, 61, 66, 99, 33, 89, 48, 50, 96, 53, 80, 4, 8, 27, 2, 39, 13, 0, 92, 49, 74, 34, 70]|[1, 1, 0, 1, 1, 1, 2, 2, 1, 2, 2, 1, 1, 1, 0, 0, 1, 0, 2, 2, 0, 1, 2, 2, 1, 2, 2, 0, 0, 1, 2, 1, 1, 0, 2, 0, 1, 1, 0, 1, 1, 1, 1, 0, 2, 1, 1, 0, 0, 0, 0, 1, 1, 2, 1, 2, 0, 0, 2, 0, 1, 2, 2, 1, 2, 1, 1, 1, 1, 1, 1, 2, 1, 0, 2, 0, 1, 2, 1, 0, 0, 2, 1, 0, 0, 2, 0, 0, 1, 1, 0, 0, 1, 0, 0, 0, 0, 2, 2, 1]|[0, 3, 1, 2, 0, 0, 1, 1, 4, 1, 1, 4, 4, 4, 2, 2, 4, 2, 1, 1, 1, 1, 2, 1, 2, 1, 1, 1, 1, 4, 0, 3, 3, 0, 1, 1, 0, 3, 2, 2, 2, 2, 0, 1, 1, 0, 4, 0, 1, 2, 2, 1, 4, 0, 3, 2, 1, 2, 1, 2, 3, 1, 1, 3, 0, 4, 4, 1, 4, 3, 1, 2, 4, 1, 1, 1, 1, 1, 3, 1, 1, 1, 1, 1, 1, 1, 2, 1, 4, 3, 2, 2, 1, 2, 2, 0, 1, 1, 1, 4]|[1, 1, 1, 1, 3, 3, 0, 0, 0, 0, 0, 2, 0, 1, 0, 0, 3, 1, 0, 0, 0, 3, 1, 0, 2, 0, 0, 0, 1, 3, 0, 0, 0, 0, 1, 0, 0, 2, 1, 1, 1, 1, 0, 0, 0, 0, 2, 1, 0, 0, 0, 1, 3, 0, 0, 1, 0, 1, 0, 1, 2, 0, 0, 2, 1, 0, 2, 1, 1, 0, 3, 1, 3, 0, 0, 0, 2, 0, 0, 0, 0, 0, 1, 0, 0, 0, 1, 0, 0, 2, 1, 0, 1, 0, 0, 1, 1, 0, 0, 2],733.3116759547878,58140.55643565909,96674.14109675489,false
26,G4_BALANCED,G4_BALANCED,[31, 11, 15, 82, 26, 9, 95, 32, 77, 68, 47, 5, 93, 78, 86, 54, 85, 63, 18, 44, 20, 49, 36, 14, 74, 50, 53, 17, 21, 45, 71, 64, 3, 23, 30, 83, 24, 41, 60, 52, 65, 27, 90, 70, 39, 87, 48, 69, 99, 4, 46, 1, 13, 58, 97, 59, 28, 75, 73, 37, 35, 79, 22, 66, 76, 42, 40, 80, 96, 6, 16, 61, 33, 7, 57, 34, 12, 67, 10, 98, 56, 88, 29, 94, 91, 51, 19, 92, 43, 84, 38, 72, 81, 8, 2, 55, 62, 89, 25, 0]|[2, 1, 1, 2, 1, 2, 1, 1, 1, 1, 1, 0, 2, 2, 1, 2, 0, 0, 0, 2, 2, 1, 0, 2, 0, 2, 2, 1, 0, 1, 1, 1, 0, 0, 1, 0, 2, 1, 2, 2, 0, 0, 1, 1, 0, 2, 0, 2, 1, 0, 0, 2, 0, 0, 2, 0, 1, 0, 0, 0, 2, 1, 0, 2, 2, 0, 2, 2, 0, 1, 2, 1, 1, 2, 0, 1, 1, 1, 1, 2, 2, 1, 1, 2, 1, 1, 1, 0, 1, 0, 0, 1, 1, 1, 2, 0, 1, 1, 1, 0]|[1, 3, 2, 0, 4, 1, 4, 4, 2, 4, 3, 2, 1, 0, 2, 1, 1, 1, 2, 1, 1, 3, 0, 1, 0, 1, 1, 4, 1, 4, 3, 2, 2, 0, 4, 1, 1, 4, 0, 1, 2, 1, 4, 4, 1, 1, 0, 2, 3, 1, 2, 1, 2, 1, 1, 2, 4, 2, 0, 2, 2, 3, 1, 0, 1, 2, 0, 1, 2, 4, 1, 3, 4, 1, 2, 4, 3, 3, 3, 1, 1, 4, 3, 1, 3, 3, 4, 2, 4, 2, 2, 4, 1, 3, 1, 2, 3, 4, 4, 2]|[1, 2, 1, 0, 3, 0, 1, 3, 0, 0, 2, 0, 1, 0, 1, 0, 0, 0, 1, 0, 0, 2, 0, 0, 1, 0, 0, 3, 0, 1, 0, 2, 0, 1, 3, 0, 1, 3, 1, 0, 0, 0, 1, 3, 0, 0, 1, 0, 2, 0, 0, 0, 0, 0, 1, 0, 1, 0, 1, 1, 0, 2, 0, 0, 0, 0, 0, 0, 0, 2, 0, 0, 1, 0, 0, 1, 0, 0, 3, 0, 0, 1, 0, 0, 0, 0, 3, 0, 2, 0, 0, 2, 1, 0, 0, 0, 0, 1, 3, 0],836.569815134707,52504.092339752446,107095.57005228325,false
26,G2_TEC,G2_TEC,[31, 22, 82, 15, 26, 9, 95, 42, 77, 68, 47, 5, 93, 78, 86, 54, 85, 63, 18, 44, 20, 49, 36, 14, 74, 50, 53, 17, 21, 28, 11, 64, 3, 23, 30, 83, 24, 41, 40, 52, 65, 27, 90, 70, 39, 87, 48, 69, 99, 4, 46, 1, 13, 58, 97, 59, 45, 8, 73, 37, 35, 79, 71, 66, 76, 32, 60, 80, 96, 6, 16, 61, 33, 7, 57, 34, 12, 67, 10, 98, 56, 88, 43, 75, 91, 38, 19, 92, 29, 2, 51, 72, 89, 25, 84, 55, 62, 81, 94, 0]|[2, 1, 2, 1, 1, 2, 1, 1, 1, 1, 1, 0, 2, 2, 1, 2, 0, 0, 0, 2, 2, 1, 0, 2, 0, 2, 2, 1, 0, 1, 1, 1, 0, 0, 1, 0, 2, 1, 2, 2, 0, 0, 1, 1, 0, 2, 0, 2, 1, 0, 0, 2, 0, 0, 2, 0, 1, 1, 0, 0, 2, 1, 1, 2, 2, 0, 2, 2, 0, 1, 2, 1, 1, 2, 0, 1, 1, 1, 1, 2, 2, 1, 1, 0, 1, 0, 1, 0, 1, 2, 1, 1, 1, 1, 0, 0, 1, 1, 2, 0]|[0, 3, 0, 3, 4, 1, 4, 4, 2, 4, 3, 2, 1, 0, 2, 1, 1, 1, 2, 1, 1, 3, 0, 1, 0, 1, 1, 4, 1, 4, 3, 2, 2, 0, 4, 1, 1, 4, 1, 1, 2, 1, 4, 4, 1, 1, 0, 2, 3, 2, 2, 1, 2, 1, 1, 2, 4, 3, 0, 2, 2, 3, 3, 0, 1, 2, 1, 1, 2, 4, 1, 3, 4, 1, 2, 4, 3, 3, 3, 1, 1, 4, 4, 2, 3, 2, 4, 2, 3, 1, 3, 4, 4, 4, 2, 2, 3, 4, 1, 2]|[0, 2, 0, 0, 3, 0, 1, 3, 0, 0, 2, 0, 1, 0, 1, 0, 0, 0, 1, 0, 0, 2, 0, 0, 1, 0, 0, 3, 0, 1, 0, 2, 0, 0, 3, 0, 1, 3, 0, 0, 0, 0, 1, 3, 0, 0, 1, 0, 2, 0, 0, 0, 0, 0, 1, 0, 1, 0, 1, 1, 0, 2, 0, 0, 0, 0, 0, 0, 0, 2, 0, 0, 1, 0, 0, 1, 0, 0, 3, 0, 0, 1, 2, 0, 0, 0, 1, 0, 3, 0, 0, 2, 1, 3, 0, 0, 0, 1, 0, 0],884.1935202920454,50179.24430758428,113572.41328703976,false
26,G3_TWC,G3_TWC,[31, 22, 82, 15, 26, 9, 42, 95, 77, 12, 47, 5, 93, 78, 86, 54, 85, 63, 18, 44, 20, 35, 43, 97, 91, 76, 10, 30, 21, 45, 71, 64, 1, 23, 17, 83, 24, 14, 60, 36, 6, 57, 94, 88, 65, 56, 79, 40, 67, 68, 46, 75, 38, 58, 19, 32, 81, 41, 27, 62, 87, 90, 99, 59, 11, 16, 72, 73, 69, 39, 37, 84, 3, 92, 25, 55, 28, 29, 51, 7, 33, 61, 98, 66, 89, 50, 4, 96, 53, 8, 80, 13, 70, 49, 52, 0, 74, 34, 2, 48]|[1, 1, 0, 1, 1, 1, 2, 1, 2, 2, 2, 2, 2, 1, 1, 0, 0, 1, 0, 2, 2, 0, 1, 2, 0, 1, 2, 2, 0, 0, 1, 2, 1, 2, 1, 0, 2, 0, 1, 1, 0, 1, 1, 1, 0, 2, 1, 1, 0, 0, 0, 0, 1, 1, 2, 1, 2, 0, 0, 0, 2, 1, 0, 1, 2, 1, 2, 1, 1, 1, 1, 1, 1, 0, 1, 1, 0, 0, 0, 1, 2, 1, 2, 2, 0, 0, 0, 0, 2, 0, 0, 0, 1, 0, 1, 0, 2, 2, 0, 0]|[4, 3, 2, 2, 0, 0, 2, 2, 2, 1, 1, 1, 2, 4, 4, 1, 2, 4, 2, 1, 1, 1, 1, 2, 1, 2, 1, 1, 1, 1, 3, 2, 3, 0, 4, 0, 1, 1, 0, 3, 2, 2, 4, 0, 1, 1, 0, 2, 0, 1, 2, 2, 1, 4, 0, 3, 2, 1, 1, 2, 1, 3, 1, 1, 1, 3, 0, 4, 3, 1, 4, 1, 1, 2, 4, 4, 2, 1, 1, 3, 1, 3, 1, 1, 2, 1, 2, 1, 0, 1, 1, 2, 3, 1, 1, 2, 1, 1, 2, 2]|[0, 2, 1, 1, 3, 3, 0, 1, 0, 0, 0, 0, 1, 0, 1, 0, 0, 3, 1, 0, 0, 0, 3, 1, 0, 2, 0, 0, 0, 1, 0, 0, 0, 0, 3, 0, 1, 0, 0, 2, 1, 1, 2, 0, 0, 0, 0, 1, 1, 0, 0, 0, 1, 3, 0, 0, 1, 0, 0, 1, 0, 2, 0, 1, 0, 2, 1, 0, 0, 1, 1, 3, 1, 1, 3, 3, 1, 0, 0, 2, 0, 0, 0, 0, 1, 0, 1, 0, 1, 0, 0, 0, 0, 1, 1, 0, 0, 0, 0, 0],799.1002142476597,58766.469869081004,90067.55034105257,false
26,G1_CMAX,G1_CMAX,[31, 22, 82, 15, 26, 9, 42, 77, 12, 5, 47, 93, 78, 86, 54, 6, 63, 18, 44, 20, 35, 43, 97, 91, 76, 10, 30, 21, 45, 17, 23, 1, 71, 83, 24, 14, 60, 36, 85, 57, 40, 95, 88, 65, 56, 79, 94, 67, 68, 46, 75, 38, 58, 19, 32, 81, 41, 62, 87, 28, 90, 59, 11, 16, 72, 73, 69, 52, 37, 64, 84, 3, 25, 29, 55, 51, 7, 98, 61, 66, 99, 33, 89, 48, 50, 96, 53, 80, 4, 8, 27, 2, 39, 13, 0, 92, 49, 74, 34, 70]|[1, 1, 0, 1, 1, 1, 2, 2, 1, 2, 2, 1, 1, 1, 0, 0, 1, 0, 2, 2, 0, 1, 2, 2, 1, 2, 2, 0, 0, 1, 2, 1, 1, 0, 2, 0, 1, 1, 0, 1, 1, 1, 1, 0, 2, 1, 1, 0, 0, 0, 0, 1, 1, 2, 1, 2, 0, 0, 2, 0, 1, 2, 2, 1, 2, 1, 1, 1, 1, 1, 1, 2, 1, 0, 2, 0, 1, 2, 1, 0, 0, 2, 1, 0, 0, 2, 0, 0, 1, 1, 0, 0, 1, 0, 0, 0, 0, 2, 2, 1]|[0, 3, 1, 2, 0, 0, 1, 1, 4, 1, 1, 4, 4, 4, 2, 2, 4, 2, 1, 1, 1, 1, 2, 1, 2, 1, 1, 1, 1, 4, 0, 3, 3, 0, 1, 1, 0, 3, 2, 2, 2, 2, 0, 1, 1, 0, 4, 0, 1, 2, 2, 1, 4, 0, 3, 2, 1, 2, 1, 2, 3, 1, 1, 3, 0, 4, 4, 1, 4, 3, 1, 2, 4, 1, 1, 1, 1, 1, 3, 1, 1, 1, 1, 1, 1, 1, 2, 1, 4, 3, 2, 2, 1, 2, 2, 0, 1, 1, 1, 4]|[1, 1, 1, 1, 3, 3, 0, 0, 0, 0, 0, 2, 0, 1, 0, 0, 3, 1, 0, 0, 0, 3, 1, 0, 2, 0, 0, 0, 1, 3, 0, 0, 0, 0, 1, 0, 0, 2, 1, 1, 1, 1, 0, 0, 0, 0, 2, 1, 0, 0, 0, 1, 3, 0, 0, 1, 0, 1, 0, 1, 2, 0, 0, 2, 1, 0, 2, 1, 1, 0, 3, 1, 3, 0, 0, 0, 2, 0, 0, 0, 0, 0, 1, 0, 0, 0, 1, 0, 0, 2, 1, 0, 1, 0, 0, 1, 1, 0, 0, 2],733.3116759547878,58140.55643565909,96674.14109675489,false
26,G4_BALANCED,G4_BALANCED,[31, 11, 15, 82, 26, 9, 95, 32, 77, 68, 47, 5, 93, 78, 86, 54, 85, 63, 18, 44, 20, 49, 36, 14, 74, 50, 53, 17, 21, 45, 71, 64, 3, 23, 30, 83, 24, 41, 60, 52, 65, 27, 90, 70, 39, 87, 48, 69, 99, 4, 46, 1, 13, 58, 97, 59, 28, 75, 73, 37, 35, 79, 22, 66, 76, 42, 40, 80, 96, 6, 16, 61, 33, 7, 57, 34, 12, 67, 10, 98, 56, 88, 29, 94, 91, 51, 19, 92, 43, 84, 38, 72, 81, 8, 2, 55, 62, 89, 25, 0]|[2, 1, 1, 2, 1, 2, 1, 1, 1, 1, 1, 0, 2, 2, 1, 2, 0, 0, 0, 2, 2, 1, 0, 2, 0, 2, 2, 1, 0, 1, 1, 1, 0, 0, 1, 0, 2, 1, 2, 2, 0, 0, 1, 1, 0, 2, 0, 2, 1, 0, 0, 2, 0, 0, 2, 0, 1, 0, 0, 0, 2, 1, 0, 2, 2, 0, 2, 2, 0, 1, 2, 1, 1, 2, 0, 1, 1, 1, 1, 2, 2, 1, 1, 2, 1, 1, 1, 0, 1, 0, 0, 1, 1, 1, 2, 0, 1, 1, 1, 0]|[1, 3, 2, 0, 4, 1, 4, 4, 2, 4, 3, 2, 1, 0, 2, 1, 1, 1, 2, 1, 1, 3, 0, 1, 0, 1, 1, 4, 1, 4, 3, 2, 2, 0, 4, 1, 1, 4, 0, 1, 2, 1, 4, 4, 1, 1, 0, 2, 3, 1, 2, 1, 2, 1, 1, 2, 4, 2, 0, 2, 2, 3, 1, 0, 1, 2, 0, 1, 2, 4, 1, 3, 4, 1, 2, 4, 3, 3, 3, 1, 1, 4, 3, 1, 3, 3, 4, 2, 4, 2, 2, 4, 1, 3, 1, 2, 3, 4, 4, 2]|[1, 2, 1, 0, 3, 0, 1, 3, 0, 0, 2, 0, 1, 0, 1, 0, 0, 0, 1, 0, 0, 2, 0, 0, 1, 0, 0, 3, 0, 1, 0, 2, 0, 1, 3, 0, 1, 3, 1, 0, 0, 0, 1, 3, 0, 0, 1, 0, 2, 0, 0, 0, 0, 0, 1, 0, 1, 0, 1, 1, 0, 2, 0, 0, 0, 0, 0, 0, 0, 2, 0, 0, 1, 0, 0, 1, 0, 0, 3, 0, 0, 1, 0, 0, 0, 0, 3, 0, 2, 0, 0, 2, 1, 0, 0, 0, 0, 1, 3, 0],836.569815134707,52504.092339752446,107095.57005228325,false
26,G2_TEC,G2_TEC,[31, 22, 82, 15, 26, 9, 95, 42, 77, 68, 47, 5, 93, 78, 86, 54, 85, 63, 18, 44, 20, 49, 36, 14, 74, 50, 53, 17, 21, 28, 11, 64, 3, 23, 30, 83, 24, 41, 40, 52, 65, 27, 90, 70, 39, 87, 48, 69, 99, 4, 46, 1, 13, 58, 97, 59, 45, 8, 73, 37, 35, 79, 71, 66, 76, 32, 60, 80, 96, 6, 16, 61, 33, 7, 57, 34, 12, 67, 10, 98, 56, 88, 43, 75, 91, 38, 19, 92, 29, 2, 51, 72, 89, 25, 84, 55, 62, 81, 94, 0]|[2, 1, 2, 1, 1, 2, 1, 1, 1, 1, 1, 0, 2, 2, 1, 2, 0, 0, 0, 2, 2, 1, 0, 2, 0, 2, 2, 1, 0, 1, 1, 1, 0, 0, 1, 0, 2, 1, 2, 2, 0, 0, 1, 1, 0, 2, 0, 2, 1, 0, 0, 2, 0, 0, 2, 0, 1, 1, 0, 0, 2, 1, 1, 2, 2, 0, 2, 2, 0, 1, 2, 1, 1, 2, 0, 1, 1, 1, 1, 2, 2, 1, 1, 0, 1, 0, 1, 0, 1, 2, 1, 1, 1, 1, 0, 0, 1, 1, 2, 0]|[0, 3, 0, 3, 4, 1, 4, 4, 2, 4, 3, 2, 1, 0, 2, 1, 1, 1, 2, 1, 1, 3, 0, 1, 0, 1, 1, 4, 1, 4, 3, 2, 2, 0, 4, 1, 1, 4, 1, 1, 2, 1, 4, 4, 1, 1, 0, 2, 3, 2, 2, 1, 2, 1, 1, 2, 4, 3, 0, 2, 2, 3, 3, 0, 1, 2, 1, 1, 2, 4, 1, 3, 4, 1, 2, 4, 3, 3, 3, 1, 1, 4, 4, 2, 3, 2, 4, 2, 3, 1, 3, 4, 4, 4, 2, 2, 3, 4, 1, 2]|[0, 2, 0, 0, 3, 0, 1, 3, 0, 0, 2, 0, 1, 0, 1, 0, 0, 0, 1, 0, 0, 2, 0, 0, 1, 0, 0, 3, 0, 1, 0, 2, 0, 0, 3, 0, 1, 3, 0, 0, 0, 0, 1, 3, 0, 0, 1, 0, 2, 0, 0, 0, 0, 0, 1, 0, 1, 0, 1, 1, 0, 2, 0, 0, 0, 0, 0, 0, 0, 2, 0, 0, 1, 0, 0, 1, 0, 0, 3, 0, 0, 1, 2, 0, 0, 0, 1, 0, 3, 0, 0, 2, 1, 3, 0, 0, 0, 1, 0, 0],884.1935202920454,50179.24430758428,113572.41328703976,false
26,G3_TWC,G3_TWC,[31, 22, 82, 15, 26, 9, 42, 95, 77, 12, 47, 5, 93, 78, 86, 54, 85, 63, 18, 44, 20, 35, 43, 97, 91, 76, 10, 30, 21, 45, 71, 64, 1, 23, 17, 83, 24, 14, 60, 36, 6, 57, 94, 88, 65, 56, 79, 40, 67, 68, 46, 75, 38, 58, 19, 32, 81, 41, 27, 62, 87, 90, 99, 59, 11, 16, 72, 73, 69, 39, 37, 84, 3, 92, 25, 55, 28, 29, 51, 7, 33, 61, 98, 66, 89, 50, 4, 96, 53, 8, 80, 13, 70, 49, 52, 0, 74, 34, 2, 48]|[1, 1, 0, 1, 1, 1, 2, 1, 2, 2, 2, 2, 2, 1, 1, 0, 0, 1, 0, 2, 2, 0, 1, 2, 0, 1, 2, 2, 0, 0, 1, 2, 1, 2, 1, 0, 2, 0, 1, 1, 0, 1, 1, 1, 0, 2, 1, 1, 0, 0, 0, 0, 1, 1, 2, 1, 2, 0, 0, 0, 2, 1, 0, 1, 2, 1, 2, 1, 1, 1, 1, 1, 1, 0, 1, 1, 0, 0, 0, 1, 2, 1, 2, 2, 0, 0, 0, 0, 2, 0, 0, 0, 1, 0, 1, 0, 2, 2, 0, 0]|[4, 3, 2, 2, 0, 0, 2, 2, 2, 1, 1, 1, 2, 4, 4, 1, 2, 4, 2, 1, 1, 1, 1, 2, 1, 2, 1, 1, 1, 1, 3, 2, 3, 0, 4, 0, 1, 1, 0, 3, 2, 2, 4, 0, 1, 1, 0, 2, 0, 1, 2, 2, 1, 4, 0, 3, 2, 1, 1, 2, 1, 3, 1, 1, 1, 3, 0, 4, 3, 1, 4, 1, 1, 2, 4, 4, 2, 1, 1, 3, 1, 3, 1, 1, 2, 1, 2, 1, 0, 1, 1, 2, 3, 1, 1, 2, 1, 1, 2, 2]|[0, 2, 1, 1, 3, 3, 0, 1, 0, 0, 0, 0, 1, 0, 1, 0, 0, 3, 1, 0, 0, 0, 3, 1, 0, 2, 0, 0, 0, 1, 0, 0, 0, 0, 3, 0, 1, 0, 0, 2, 1, 1, 2, 0, 0, 0, 0, 1, 1, 0, 0, 0, 1, 3, 0, 0, 1, 0, 0, 1, 0, 2, 0, 1, 0, 2, 1, 0, 0, 1, 1, 3, 1, 1, 3, 3, 1, 0, 0, 2, 0, 0, 0, 0, 1, 0, 1, 0, 1, 0, 0, 0, 0, 1, 1, 0, 0, 0, 0, 0],799.1002142476597,58766.469869081004,90067.55034105257,false
26,G1_CMAX,G1_CMAX,[31, 22, 82, 15, 26, 9, 42, 77, 12, 5, 47, 93, 78, 86, 54, 6, 63, 18, 44, 20, 35, 43, 97, 91, 76, 10, 30, 21, 45, 17, 23, 1, 71, 83, 24, 14, 60, 36, 85, 57, 40, 95, 88, 65, 56, 79, 94, 67, 68, 46, 75, 38, 58, 19, 32, 81, 41, 62, 87, 28, 90, 59, 11, 16, 72, 73, 69, 52, 37, 64, 84, 3, 25, 29, 55, 51, 7, 98, 61, 66, 99, 33, 89, 48, 50, 96, 53, 80, 4, 8, 27, 2, 39, 13, 0, 92, 49, 74, 34, 70]|[1, 1, 0, 1, 1, 1, 2, 2, 1, 2, 2, 1, 1, 1, 0, 0, 1, 0, 2, 2, 0, 1, 2, 2, 1, 2, 2, 0, 0, 1, 2, 1, 1, 0, 2, 0, 1, 1, 0, 1, 1, 1, 1, 0, 2, 1, 1, 0, 0, 0, 0, 1, 1, 2, 1, 2, 0, 0, 2, 0, 1, 2, 2, 1, 2, 1, 1, 1, 1, 1, 1, 2, 1, 0, 2, 0, 1, 2, 1, 0, 0, 2, 1, 0, 0, 2, 0, 0, 1, 1, 0, 0, 1, 0, 0, 0, 0, 2, 2, 1]|[0, 3, 1, 2, 0, 0, 1, 1, 4, 1, 1, 4, 4, 4, 2, 2, 4, 2, 1, 1, 1, 1, 2, 1, 2, 1, 1, 1, 1, 4, 0, 3, 3, 0, 1, 1, 0, 3, 2, 2, 2, 2, 0, 1, 1, 0, 4, 0, 1, 2, 2, 1, 4, 0, 3, 2, 1, 2, 1, 2, 3, 1, 1, 3, 0, 4, 4, 1, 4, 3, 1, 2, 4, 1, 1, 1, 1, 1, 3, 1, 1, 1, 1, 1, 1, 1, 2, 1, 4, 3, 2, 2, 1, 2, 2, 0, 1, 1, 1, 4]|[1, 1, 1, 1, 3, 3, 0, 0, 0, 0, 0, 2, 0, 1, 0, 0, 3, 1, 0, 0, 0, 3, 1, 0, 2, 0, 0, 0, 1, 3, 0, 0, 0, 0, 1, 0, 0, 2, 1, 1, 1, 1, 0, 0, 0, 0, 2, 1, 0, 0, 0, 1, 3, 0, 0, 1, 0, 1, 0, 1, 2, 0, 0, 2, 1, 0, 2, 1, 1, 0, 3, 1, 3, 0, 0, 0, 2, 0, 0, 0, 0, 0, 1, 0, 0, 0, 1, 0, 0, 2, 1, 0, 1, 0, 0, 1, 1, 0, 0, 2],733.3116759547878,58140.55643565909,96674.14109675489,false
26,G4_BALANCED,G4_BALANCED,[31, 11, 15, 82, 26, 9, 95, 32, 77, 68, 47, 5, 93, 78, 86, 54, 85, 63, 18, 44, 20, 49, 36, 14, 74, 50, 53, 17, 21, 45, 71, 64, 3, 23, 30, 83, 24, 41, 60, 52, 65, 27, 90, 70, 39, 87, 48, 69, 99, 4, 46, 1, 13, 58, 97, 59, 28, 75, 73, 37, 35, 79, 22, 66, 76, 42, 40, 80, 96, 6, 16, 61, 33, 7, 57, 34, 12, 67, 10, 98, 56, 88, 29, 94, 91, 51, 19, 92, 43, 84, 38, 72, 81, 8, 2, 55, 62, 89, 25, 0]|[2, 1, 1, 2, 1, 2, 1, 1, 1, 1, 1, 0, 2, 2, 1, 2, 0, 0, 0, 2, 2, 1, 0, 2, 0, 2, 2, 1, 0, 1, 1, 1, 0, 0, 1, 0, 2, 1, 2, 2, 0, 0, 1, 1, 0, 2, 0, 2, 1, 0, 0, 2, 0, 0, 2, 0, 1, 0, 0, 0, 2, 1, 0, 2, 2, 0, 2, 2, 0, 1, 2, 1, 1, 2, 0, 1, 1, 1, 1, 2, 2, 1, 1, 2, 1, 1, 1, 0, 1, 0, 0, 1, 1, 1, 2, 0, 1, 1, 1, 0]|[1, 3, 2, 0, 4, 1, 4, 4, 2, 4, 3, 2, 1, 0, 2, 1, 1, 1, 2, 1, 1, 3, 0, 1, 0, 1, 1, 4, 1, 4, 3, 2, 2, 0, 4, 1, 1, 4, 0, 1, 2, 1, 4, 4, 1, 1, 0, 2, 3, 1, 2, 1, 2, 1, 1, 2, 4, 2, 0, 2, 2, 3, 1, 0, 1, 2, 0, 1, 2, 4, 1, 3, 4, 1, 2, 4, 3, 3, 3, 1, 1, 4, 3, 1, 3, 3, 4, 2, 4, 2, 2, 4, 1, 3, 1, 2, 3, 4, 4, 2]|[1, 2, 1, 0, 3, 0, 1, 3, 0, 0, 2, 0, 1, 0, 1, 0, 0, 0, 1, 0, 0, 2, 0, 0, 1, 0, 0, 3, 0, 1, 0, 2, 0, 1, 3, 0, 1, 3, 1, 0, 0, 0, 1, 3, 0, 0, 1, 0, 2, 0, 0, 0, 0, 0, 1, 0, 1, 0, 1, 1, 0, 2, 0, 0, 0, 0, 0, 0, 0, 2, 0, 0, 1, 0, 0, 1, 0, 0, 3, 0, 0, 1, 0, 0, 0, 0, 3, 0, 2, 0, 0, 2, 1, 0, 0, 0, 0, 1, 3, 0],836.569815134707,52504.092339752446,107095.57005228325,false
26,G2_TEC,G2_TEC,[31, 22, 82, 15, 26, 9, 95, 42, 77, 68, 47, 5, 93, 78, 86, 54, 85, 63, 18, 44, 20, 49, 36, 14, 74, 50, 53, 17, 21, 28, 11, 64, 3, 23, 30, 83, 24, 41, 40, 52, 65, 27, 90, 70, 39, 87, 48, 69, 99, 4, 46, 1, 13, 58, 97, 59, 45, 8, 73, 37, 35, 79, 71, 66, 76, 32, 60, 80, 96, 6, 16, 61, 33, 7, 57, 34, 12, 67, 10, 98, 56, 88, 43, 75, 91, 38, 19, 92, 29, 2, 51, 72, 89, 25, 84, 55, 62, 81, 94, 0]|[2, 1, 2, 1, 1, 2, 1, 1, 1, 1, 1, 0, 2, 2, 1, 2, 0, 0, 0, 2, 2, 1, 0, 2, 0, 2, 2, 1, 0, 1, 1, 1, 0, 0, 1, 0, 2, 1, 2, 2, 0, 0, 1, 1, 0, 2, 0, 2, 1, 0, 0, 2, 0, 0, 2, 0, 1, 1, 0, 0, 2, 1, 1, 2, 2, 0, 2, 2, 0, 1, 2, 1, 1, 2, 0, 1, 1, 1, 1, 2, 2, 1, 1, 0, 1, 0, 1, 0, 1, 2, 1, 1, 1, 1, 0, 0, 1, 1, 2, 0]|[0, 3, 0, 3, 4, 1, 4, 4, 2, 4, 3, 2, 1, 0, 2, 1, 1, 1, 2, 1, 1, 3, 0, 1, 0, 1, 1, 4, 1, 4, 3, 2, 2, 0, 4, 1, 1, 4, 1, 1, 2, 1, 4, 4, 1, 1, 0, 2, 3, 2, 2, 1, 2, 1, 1, 2, 4, 3, 0, 2, 2, 3, 3, 0, 1, 2, 1, 1, 2, 4, 1, 3, 4, 1, 2, 4, 3, 3, 3, 1, 1, 4, 4, 2, 3, 2, 4, 2, 3, 1, 3, 4, 4, 4, 2, 2, 3, 4, 1, 2]|[0, 2, 0, 0, 3, 0, 1, 3, 0, 0, 2, 0, 1, 0, 1, 0, 0, 0, 1, 0, 0, 2, 0, 0, 1, 0, 0, 3, 0, 1, 0, 2, 0, 0, 3, 0, 1, 3, 0, 0, 0, 0, 1, 3, 0, 0, 1, 0, 2, 0, 0, 0, 0, 0, 1, 0, 1, 0, 1, 1, 0, 2, 0, 0, 0, 0, 0, 0, 0, 2, 0, 0, 1, 0, 0, 1, 0, 0, 3, 0, 0, 1, 2, 0, 0, 0, 1, 0, 3, 0, 0, 2, 1, 3, 0, 0, 0, 1, 0, 0],884.1935202920454,50179.24430758428,113572.41328703976,false
26,G3_TWC,G3_TWC,[31, 22, 82, 15, 26, 9, 42, 95, 77, 12, 47, 5, 93, 78, 86, 54, 85, 63, 18, 44, 20, 35, 43, 97, 91, 76, 10, 30, 21, 45, 71, 64, 1, 23, 17, 83, 24, 14, 60, 36, 6, 57, 94, 88, 65, 56, 79, 40, 67, 68, 46, 75, 38, 58, 19, 32, 81, 41, 27, 62, 87, 90, 99, 59, 11, 16, 72, 73, 69, 39, 37, 84, 3, 92, 25, 55, 28, 29, 51, 7, 33, 61, 98, 66, 89, 50, 4, 96, 53, 8, 80, 13, 70, 49, 52, 0, 74, 34, 2, 48]|[1, 1, 0, 1, 1, 1, 2, 1, 2, 2, 2, 2, 2, 1, 1, 0, 0, 1, 0, 2, 2, 0, 1, 2, 0, 1, 2, 2, 0, 0, 1, 2, 1, 2, 1, 0, 2, 0, 1, 1, 0, 1, 1, 1, 0, 2, 1, 1, 0, 0, 0, 0, 1, 1, 2, 1, 2, 0, 0, 0, 2, 1, 0, 1, 2, 1, 2, 1, 1, 1, 1, 1, 1, 0, 1, 1, 0, 0, 0, 1, 2, 1, 2, 2, 0, 0, 0, 0, 2, 0, 0, 0, 1, 0, 1, 0, 2, 2, 0, 0]|[4, 3, 2, 2, 0, 0, 2, 2, 2, 1, 1, 1, 2, 4, 4, 1, 2, 4, 2, 1, 1, 1, 1, 2, 1, 2, 1, 1, 1, 1, 3, 2, 3, 0, 4, 0, 1, 1, 0, 3, 2, 2, 4, 0, 1, 1, 0, 2, 0, 1, 2, 2, 1, 4, 0, 3, 2, 1, 1, 2, 1, 3, 1, 1, 1, 3, 0, 4, 3, 1, 4, 1, 1, 2, 4, 4, 2, 1, 1, 3, 1, 3, 1, 1, 2, 1, 2, 1, 0, 1, 1, 2, 3, 1, 1, 2, 1, 1, 2, 2]|[0, 2, 1, 1, 3, 3, 0, 1, 0, 0, 0, 0, 1, 0, 1, 0, 0, 3, 1, 0, 0, 0, 3, 1, 0, 2, 0, 0, 0, 1, 0, 0, 0, 0, 3, 0, 1, 0, 0, 2, 1, 1, 2, 0, 0, 0, 0, 1, 1, 0, 0, 0, 1, 3, 0, 0, 1, 0, 0, 1, 0, 2, 0, 1, 0, 2, 1, 0, 0, 1, 1, 3, 1, 1, 3, 3, 1, 0, 0, 2, 0, 0, 0, 0, 1, 0, 1, 0, 1, 0, 0, 0, 0, 1, 1, 0, 0, 0, 0, 0],799.1002142476597,58766.469869081004,90067.55034105257,false
26,G1_CMAX,G1_CMAX,[31, 22, 82, 15, 26, 9, 42, 77, 12, 5, 47, 93, 78, 86, 54, 6, 63, 18, 44, 20, 35, 43, 97, 91, 76, 10, 30, 21, 45, 17, 23, 1, 71, 83, 24, 14, 60, 36, 85, 57, 40, 95, 88, 65, 56, 79, 94, 67, 68, 46, 75, 38, 58, 19, 32, 81, 41, 62, 87, 28, 90, 59, 11, 16, 72, 73, 69, 52, 37, 64, 84, 3, 25, 29, 55, 51, 7, 98, 61, 66, 99, 33, 89, 48, 50, 96, 53, 80, 4, 8, 27, 2, 39, 13, 0, 92, 49, 74, 34, 70]|[1, 1, 0, 1, 1, 1, 2, 2, 1, 2, 2, 1, 1, 1, 0, 0, 1, 0, 2, 2, 0, 1, 2, 2, 1, 2, 2, 0, 0, 1, 2, 1, 1, 0, 2, 0, 1, 1, 0, 1, 1, 1, 1, 0, 2, 1, 1, 0, 0, 0, 0, 1, 1, 2, 1, 2, 0, 0, 2, 0, 1, 2, 2, 1, 2, 1, 1, 1, 1, 1, 1, 2, 1, 0, 2, 0, 1, 2, 1, 0, 0, 2, 1, 0, 0, 2, 0, 0, 1, 1, 0, 0, 1, 0, 0, 0, 0, 2, 2, 1]|[0, 3, 1, 2, 0, 0, 1, 1, 4, 1, 1, 4, 4, 4, 2, 2, 4, 2, 1, 1, 1, 1, 2, 1, 2, 1, 1, 1, 1, 4, 0, 3, 3, 0, 1, 1, 0, 3, 2, 2, 2, 2, 0, 1, 1, 0, 4, 0, 1, 2, 2, 1, 4, 0, 3, 2, 1, 2, 1, 2, 3, 1, 1, 3, 0, 4, 4, 1, 4, 3, 1, 2, 4, 1, 1, 1, 1, 1, 3, 1, 1, 1, 1, 1, 1, 1, 2, 1, 4, 3, 2, 2, 1, 2, 2, 0, 1, 1, 1, 4]|[1, 1, 1, 1, 3, 3, 0, 0, 0, 0, 0, 2, 0, 1, 0, 0, 3, 1, 0, 0, 0, 3, 1, 0, 2, 0, 0, 0, 1, 3, 0, 0, 0, 0, 1, 0, 0, 2, 1, 1, 1, 1, 0, 0, 0, 0, 2, 1, 0, 0, 0, 1, 3, 0, 0, 1, 0, 1, 0, 1, 2, 0, 0, 2, 1, 0, 2, 1, 1, 0, 3, 1, 3, 0, 0, 0, 2, 0, 0, 0, 0, 0, 1, 0, 0, 0, 1, 0, 0, 2, 1, 0, 1, 0, 0, 1, 1, 0, 0, 2],733.3116759547878,58140.55643565909,96674.14109675489,false
26,G4_BALANCED,G4_BALANCED,[31, 11, 15, 82, 26, 9, 95, 32, 77, 68, 47, 5, 93, 78, 86, 54, 85, 63, 18, 44, 20, 49, 36, 14, 74, 50, 53, 17, 21, 45, 71, 64, 3, 23, 30, 83, 24, 41, 60, 52, 65, 27, 90, 70, 39, 87, 48, 69, 99, 4, 46, 1, 13, 58, 97, 59, 28, 75, 73, 37, 35, 79, 22, 66, 76, 42, 40, 80, 96, 6, 16, 61, 33, 7, 57, 34, 12, 67, 10, 98, 56, 88, 29, 94, 91, 51, 19, 92, 43, 84, 38, 72, 81, 8, 2, 55, 62, 89, 25, 0]|[2, 1, 1, 2, 1, 2, 1, 1, 1, 1, 1, 0, 2, 2, 1, 2, 0, 0, 0, 2, 2, 1, 0, 2, 0, 2, 2, 1, 0, 1, 1, 1, 0, 0, 1, 0, 2, 1, 2, 2, 0, 0, 1, 1, 0, 2, 0, 2, 1, 0, 0, 2, 0, 0, 2, 0, 1, 0, 0, 0, 2, 1, 0, 2, 2, 0, 2, 2, 0, 1, 2, 1, 1, 2, 0, 1, 1, 1, 1, 2, 2, 1, 1, 2, 1, 1, 1, 0, 1, 0, 0, 1, 1, 1, 2, 0, 1, 1, 1, 0]|[1, 3, 2, 0, 4, 1, 4, 4, 2, 4, 3, 2, 1, 0, 2, 1, 1, 1, 2, 1, 1, 3, 0, 1, 0, 1, 1, 4, 1, 4, 3, 2, 2, 0, 4, 1, 1, 4, 0, 1, 2, 1, 4, 4, 1, 1, 0, 2, 3, 1, 2, 1, 2, 1, 1, 2, 4, 2, 0, 2, 2, 3, 1, 0, 1, 2, 0, 1, 2, 4, 1, 3, 4, 1, 2, 4, 3, 3, 3, 1, 1, 4, 3, 1, 3, 3, 4, 2, 4, 2, 2, 4, 1, 3, 1, 2, 3, 4, 4, 2]|[1, 2, 1, 0, 3, 0, 1, 3, 0, 0, 2, 0, 1, 0, 1, 0, 0, 0, 1, 0, 0, 2, 0, 0, 1, 0, 0, 3, 0, 1, 0, 2, 0, 1, 3, 0, 1, 3, 1, 0, 0, 0, 1, 3, 0, 0, 1, 0, 2, 0, 0, 0, 0, 0, 1, 0, 1, 0, 1, 1, 0, 2, 0, 0, 0, 0, 0, 0, 0, 2, 0, 0, 1, 0, 0, 1, 0, 0, 3, 0, 0, 1, 0, 0, 0, 0, 3, 0, 2, 0, 0, 2, 1, 0, 0, 0, 0, 1, 3, 0],836.569815134707,52504.092339752446,107095.57005228325,false
26,G2_TEC,G2_TEC,[31, 22, 82, 15, 26, 9, 95, 42, 77, 68, 47, 5, 93, 78, 86, 54, 85, 63, 18, 44, 20, 49, 36, 14, 74, 50, 53, 17, 21, 28, 11, 64, 3, 23, 30, 83, 24, 41, 40, 52, 65, 27, 90, 70, 39, 87, 48, 69, 99, 4, 46, 1, 13, 58, 97, 59, 45, 8, 73, 37, 35, 79, 71, 66, 76, 32, 60, 80, 96, 6, 16, 61, 33, 7, 57, 34, 12, 67, 10, 98, 56, 88, 43, 75, 91, 38, 19, 92, 29, 2, 51, 72, 89, 25, 84, 55, 62, 81, 94, 0]|[2, 1, 2, 1, 1, 2, 1, 1, 1, 1, 1, 0, 2, 2, 1, 2, 0, 0, 0, 2, 2, 1, 0, 2, 0, 2, 2, 1, 0, 1, 1, 1, 0, 0, 1, 0, 2, 1, 2, 2, 0, 0, 1, 1, 0, 2, 0, 2, 1, 0, 0, 2, 0, 0, 2, 0, 1, 1, 0, 0, 2, 1, 1, 2, 2, 0, 2, 2, 0, 1, 2, 1, 1, 2, 0, 1, 1, 1, 1, 2, 2, 1, 1, 0, 1, 0, 1, 0, 1, 2, 1, 1, 1, 1, 0, 0, 1, 1, 2, 0]|[0, 3, 0, 3, 4, 1, 4, 4, 2, 4, 3, 2, 1, 0, 2, 1, 1, 1, 2, 1, 1, 3, 0, 1, 0, 1, 1, 4, 1, 4, 3, 2, 2, 0, 4, 1, 1, 4, 1, 1, 2, 1, 4, 4, 1, 1, 0, 2, 3, 2, 2, 1, 2, 1, 1, 2, 4, 3, 0, 2, 2, 3, 3, 0, 1, 2, 1, 1, 2, 4, 1, 3, 4, 1, 2, 4, 3, 3, 3, 1, 1, 4, 4, 2, 3, 2, 4, 2, 3, 1, 3, 4, 4, 4, 2, 2, 3, 4, 1, 2]|[0, 2, 0, 0, 3, 0, 1, 3, 0, 0, 2, 0, 1, 0, 1, 0, 0, 0, 1, 0, 0, 2, 0, 0, 1, 0, 0, 3, 0, 1, 0, 2, 0, 0, 3, 0, 1, 3, 0, 0, 0, 0, 1, 3, 0, 0, 1, 0, 2, 0, 0, 0, 0, 0, 1, 0, 1, 0, 1, 1, 0, 2, 0, 0, 0, 0, 0, 0, 0, 2, 0, 0, 1, 0, 0, 1, 0, 0, 3, 0, 0, 1, 2, 0, 0, 0, 1, 0, 3, 0, 0, 2, 1, 3, 0, 0, 0, 1, 0, 0],884.1935202920454,50179.24430758428,113572.41328703976,false
26,G3_TWC,G3_TWC,[31, 22, 82, 15, 26, 9, 42, 95, 77, 12, 47, 5, 93, 78, 86, 54, 85, 63, 18, 44, 20, 35, 43, 97, 91, 76, 10, 30, 21, 45, 71, 64, 1, 23, 17, 83, 24, 14, 60, 36, 6, 57, 94, 88, 65, 56, 79, 40, 67, 68, 46, 75, 38, 58, 19, 32, 81, 41, 27, 62, 87, 90, 99, 59, 11, 16, 72, 73, 69, 39, 37, 84, 3, 92, 25, 55, 28, 29, 51, 7, 33, 61, 98, 66, 89, 50, 4, 96, 53, 8, 80, 13, 70, 49, 52, 0, 74, 34, 2, 48]|[1, 1, 0, 1, 1, 1, 2, 1, 2, 2, 2, 2, 2, 1, 1, 0, 0, 1, 0, 2, 2, 0, 1, 2, 0, 1, 2, 2, 0, 0, 1, 2, 1, 2, 1, 0, 2, 0, 1, 1, 0, 1, 1, 1, 0, 2, 1, 1, 0, 0, 0, 0, 1, 1, 2, 1, 2, 0, 0, 0, 2, 1, 0, 1, 2, 1, 2, 1, 1, 1, 1, 1, 1, 0, 1, 1, 0, 0, 0, 1, 2, 1, 2, 2, 0, 0, 0, 0, 2, 0, 0, 0, 1, 0, 1, 0, 2, 2, 0, 0]|[4, 3, 2, 2, 0, 0, 2, 2, 2, 1, 1, 1, 2, 4, 4, 1, 2, 4, 2, 1, 1, 1, 1, 2, 1, 2, 1, 1, 1, 1, 3, 2, 3, 0, 4, 0, 1, 1, 0, 3, 2, 2, 4, 0, 1, 1, 0, 2, 0, 1, 2, 2, 1, 4, 0, 3, 2, 1, 1, 2, 1, 3, 1, 1, 1, 3, 0, 4, 3, 1, 4, 1, 1, 2, 4, 4, 2, 1, 1, 3, 1, 3, 1, 1, 2, 1, 2, 1, 0, 1, 1, 2, 3, 1, 1, 2, 1, 1, 2, 2]|[0, 2, 1, 1, 3, 3, 0, 1, 0, 0, 0, 0, 1, 0, 1, 0, 0, 3, 1, 0, 0, 0, 3, 1, 0, 2, 0, 0, 0, 1, 0, 0, 0, 0, 3, 0, 1, 0, 0, 2, 1, 1, 2, 0, 0, 0, 0, 1, 1, 0, 0, 0, 1, 3, 0, 0, 1, 0, 0, 1, 0, 2, 0, 1, 0, 2, 1, 0, 0, 1, 1, 3, 1, 1, 3, 3, 1, 0, 0, 2, 0, 0, 0, 0, 1, 0, 1, 0, 1, 0, 0, 0, 0, 1, 1, 0, 0, 0, 0, 0],799.1002142476597,58766.469869081004,90067.55034105257,false
26,G1_CMAX,G1_CMAX,[31, 22, 82, 15, 26, 9, 42, 77, 12, 5, 47, 93, 78, 86, 54, 6, 63, 18, 44, 20, 35, 43, 97, 91, 76, 10, 30, 21, 45, 17, 23, 1, 71, 83, 24, 14, 60, 36, 85, 57, 40, 95, 88, 65, 56, 79, 94, 67, 68, 46, 75, 38, 58, 19, 32, 81, 41, 62, 87, 28, 90, 59, 11, 16, 72, 73, 69, 52, 37, 64, 84, 3, 25, 29, 55, 51, 7, 98, 61, 66, 99, 33, 89, 48, 50, 96, 53, 80, 4, 8, 27, 2, 39, 13, 0, 92, 49, 74, 34, 70]|[1, 1, 0, 1, 1, 1, 2, 2, 1, 2, 2, 1, 1, 1, 0, 0, 1, 0, 2, 2, 0, 1, 2, 2, 1, 2, 2, 0, 0, 1, 2, 1, 1, 0, 2, 0, 1, 1, 0, 1, 1, 1, 1, 0, 2, 1, 1, 0, 0, 0, 0, 1, 1, 2, 1, 2, 0, 0, 2, 0, 1, 2, 2, 1, 2, 1, 1, 1, 1, 1, 1, 2, 1, 0, 2, 0, 1, 2, 1, 0, 0, 2, 1, 0, 0, 2, 0, 0, 1, 1, 0, 0, 1, 0, 0, 0, 0, 2, 2, 1]|[0, 3, 1, 2, 0, 0, 1, 1, 4, 1, 1, 4, 4, 4, 2, 2, 4, 2, 1, 1, 1, 1, 2, 1, 2, 1, 1, 1, 1, 4, 0, 3, 3, 0, 1, 1, 0, 3, 2, 2, 2, 2, 0, 1, 1, 0, 4, 0, 1, 2, 2, 1, 4, 0, 3, 2, 1, 2, 1, 2, 3, 1, 1, 3, 0, 4, 4, 1, 4, 3, 1, 2, 4, 1, 1, 1, 1, 1, 3, 1, 1, 1, 1, 1, 1, 1, 2, 1, 4, 3, 2, 2, 1, 2, 2, 0, 1, 1, 1, 4]|[1, 1, 1, 1, 3, 3, 0, 0, 0, 0, 0, 2, 0, 1, 0, 0, 3, 1, 0, 0, 0, 3, 1, 0, 2, 0, 0, 0, 1, 3, 0, 0, 0, 0, 1, 0, 0, 2, 1, 1, 1, 1, 0, 0, 0, 0, 2, 1, 0, 0, 0, 1, 3, 0, 0, 1, 0, 1, 0, 1, 2, 0, 0, 2, 1, 0, 2, 1, 1, 0, 3, 1, 3, 0, 0, 0, 2, 0, 0, 0, 0, 0, 1, 0, 0, 0, 1, 0, 0, 2, 1, 0, 1, 0, 0, 1, 1, 0, 0, 2],733.3116759547878,58140.55643565909,96674.14109675489,false
26,G4_BALANCED,G4_BALANCED,[31, 22, 82, 15, 26, 9, 95, 42, 77, 68, 47, 5, 93, 78, 86, 54, 85, 63, 18, 44, 20, 49, 36, 14, 74, 50, 53, 17, 21, 28, 71, 64, 3, 23, 30, 83, 24, 41, 60, 52, 65, 27, 90, 70, 39, 87, 48, 69, 99, 4, 46, 1, 13, 58, 97, 59, 45, 8, 73, 37, 35, 79, 11, 66, 76, 32, 40, 80, 96, 6, 16, 61, 33, 7, 57, 34, 12, 67, 10, 98, 56, 88, 29, 75, 91, 38, 19, 92, 43, 84, 51, 72, 81, 62, 2, 55, 0, 89, 94, 25]|[2, 1, 2, 1, 1, 2, 1, 1, 1, 1, 1, 0, 2, 2, 1, 2, 0, 0, 0, 2, 2, 1, 0, 2, 0, 2, 2, 1, 0, 1, 1, 1, 0, 0, 1, 0, 2, 1, 2, 2, 0, 0, 1, 1, 0, 2, 0, 2, 1, 0, 0, 2, 0, 0, 2, 0, 1, 1, 0, 0, 2, 1, 0, 2, 2, 0, 2, 2, 0, 1, 2, 1, 1, 2, 0, 1, 1, 1, 1, 2, 2, 1, 1, 0, 1, 0, 1, 0, 1, 0, 1, 1, 1, 1, 2, 0, 0, 1, 2, 1]|[0, 3, 0, 3, 4, 1, 4, 4, 2, 4, 3, 2, 1, 0, 2, 1, 1, 1, 2, 1, 1, 3, 0, 1, 0, 1, 1, 4, 1, 4, 3, 2, 2, 0, 4, 1, 1, 4, 0, 1, 2, 1, 4, 4, 1, 1, 0, 2, 3, 1, 2, 1, 2, 1, 1, 2, 4, 3, 0, 2, 2, 3, 1, 0, 1, 2, 0, 1, 2, 4, 1, 3, 4, 1, 2, 4, 3, 3, 3, 1, 1, 4, 3, 2, 3, 2, 4, 2, 4, 2, 3, 4, 1, 3, 1, 2, 2, 4, 1, 4]|[0, 2, 0, 0, 3, 0, 1, 3, 0, 0, 2, 0, 1, 0, 1, 0, 0, 0, 1, 0, 0, 2, 0, 0, 1, 0, 0, 3, 0, 1, 0, 2, 0, 1, 3, 0, 1, 3, 1, 0, 0, 0, 1, 3, 0, 0, 1, 0, 2, 0, 0, 0, 0, 0, 1, 0, 1, 0, 1, 1, 0, 2, 0, 0, 0, 0, 0, 0, 0, 2, 0, 0, 1, 0, 0, 1, 0, 0, 3, 0, 0, 1, 0, 0, 0, 0, 3, 0, 2, 0, 0, 2, 1, 0, 0, 0, 0, 1, 0, 3],851.9092314412391,51705.36297778711,107381.05157087493,false
26,G2_TEC,G2_TEC,[31, 22, 82, 15, 26, 9, 95, 42, 77, 68, 47, 5, 93, 78, 86, 54, 85, 63, 18, 44, 20, 49, 36, 14, 74, 50, 53, 17, 21, 28, 11, 64, 3, 23, 30, 83, 24, 41, 40, 52, 65, 27, 90, 70, 39, 87, 48, 69, 99, 4, 46, 1, 13, 58, 97, 59, 45, 8, 73, 37, 35, 79, 71, 66, 76, 32, 60, 80, 96, 6, 16, 61, 33, 7, 57, 34, 12, 67, 10, 98, 56, 88, 43, 75, 91, 38, 19, 92, 29, 2, 51, 72, 89, 25, 84, 55, 62, 81, 94, 0]|[2, 1, 2, 1, 1, 2, 1, 1, 1, 1, 1, 0, 2, 2, 1, 2, 0, 0, 0, 2, 2, 1, 0, 2, 0, 2, 2, 1, 0, 1, 1, 1, 0, 0, 1, 0, 2, 1, 2, 2, 0, 0, 1, 1, 0, 2, 0, 2, 1, 0, 0, 2, 0, 0, 2, 0, 1, 1, 0, 0, 2, 1, 1, 2, 2, 0, 2, 2, 0, 1, 2, 1, 1, 2, 0, 1, 1, 1, 1, 2, 2, 1, 1, 0, 1, 0, 1, 0, 1, 2, 1, 1, 1, 1, 0, 0, 1, 1, 2, 0]|[0, 3, 0, 3, 4, 1, 4, 4, 2, 4, 3, 2, 1, 0, 2, 1, 1, 1, 2, 1, 1, 3, 0, 1, 0, 1, 1, 4, 1, 4, 3, 2, 2, 0, 4, 1, 1, 4, 1, 1, 2, 1, 4, 4, 1, 1, 0, 2, 3, 2, 2, 1, 2, 1, 1, 2, 4, 3, 0, 2, 2, 3, 3, 0, 1, 2, 1, 1, 2, 4, 1, 3, 4, 1, 2, 4, 3, 3, 3, 1, 1, 4, 4, 2, 3, 2, 4, 2, 3, 1, 3, 4, 4, 4, 2, 2, 3, 4, 1, 2]|[0, 2, 0, 0, 3, 0, 1, 3, 0, 0, 2, 0, 1, 0, 1, 0, 0, 0, 1, 0, 0, 2, 0, 0, 1, 0, 0, 3, 0, 1, 0, 2, 0, 0, 3, 0, 1, 3, 0, 0, 0, 0, 1, 3, 0, 0, 1, 0, 2, 0, 0, 0, 0, 0, 1, 0, 1, 0, 1, 1, 0, 2, 0, 0, 0, 0, 0, 0, 0, 2, 0, 0, 1, 0, 0, 1, 0, 0, 3, 0, 0, 1, 2, 0, 0, 0, 1, 0, 3, 0, 0, 2, 1, 3, 0, 0, 0, 1, 0, 0],884.1935202920454,50179.24430758428,113572.41328703976,false
26,G3_TWC,G3_TWC,[31, 22, 82, 15, 26, 9, 42, 95, 77, 12, 47, 5, 93, 78, 86, 54, 85, 63, 18, 44, 20, 35, 43, 97, 91, 76, 10, 30, 21, 45, 71, 64, 1, 23, 17, 83, 24, 14, 60, 36, 6, 57, 94, 88, 65, 56, 79, 40, 67, 68, 46, 75, 38, 58, 19, 32, 81, 41, 27, 62, 87, 90, 99, 59, 11, 16, 72, 73, 69, 39, 37, 84, 3, 92, 25, 55, 28, 29, 51, 7, 33, 61, 98, 66, 89, 50, 4, 96, 53, 8, 80, 13, 70, 49, 52, 0, 74, 34, 2, 48]|[1, 1, 0, 1, 1, 1, 2, 1, 2, 2, 2, 2, 2, 1, 1, 0, 0, 1, 0, 2, 2, 0, 1, 2, 0, 1, 2, 2, 0, 0, 1, 2, 1, 2, 1, 0, 2, 0, 1, 1, 0, 1, 1, 1, 0, 2, 1, 1, 0, 0, 0, 0, 1, 1, 2, 1, 2, 0, 0, 0, 2, 1, 0, 1, 2, 1, 2, 1, 1, 1, 1, 1, 1, 0, 1, 1, 0, 0, 0, 1, 2, 1, 2, 2, 0, 0, 0, 0, 2, 0, 0, 0, 1, 0, 1, 0, 2, 2, 0, 0]|[4, 3, 2, 2, 0, 0, 2, 2, 2, 1, 1, 1, 2, 4, 4, 1, 2, 4, 2, 1, 1, 1, 1, 2, 1, 2, 1, 1, 1, 1, 3, 2, 3, 0, 4, 0, 1, 1, 0, 3, 2, 2, 4, 0, 1, 1, 0, 2, 0, 1, 2, 2, 1, 4, 0, 3, 2, 1, 1, 2, 1, 3, 1, 1, 1, 3, 0, 4, 3, 1, 4, 1, 1, 2, 4, 4, 2, 1, 1, 3, 1, 3, 1, 1, 2, 1, 2, 1, 0, 1, 1, 2, 3, 1, 1, 2, 1, 1, 2, 2]|[0, 2, 1, 1, 3, 3, 0, 1, 0, 0, 0, 0, 1, 0, 1, 0, 0, 3, 1, 0, 0, 0, 3, 1, 0, 2, 0, 0, 0, 1, 0, 0, 0, 0, 3, 0, 1, 0, 0, 2, 1, 1, 2, 0, 0, 0, 0, 1, 1, 0, 0, 0, 1, 3, 0, 0, 1, 0, 0, 1, 0, 2, 0, 1, 0, 2, 1, 0, 0, 1, 1, 3, 1, 1, 3, 3, 1, 0, 0, 2, 0, 0, 0, 0, 1, 0, 1, 0, 1, 0, 0, 0, 0, 1, 1, 0, 0, 0, 0, 0],799.1002142476597,58766.469869081004,90067.55034105257,false
26,G1_CMAX,G1_CMAX,[31, 22, 82, 15, 26, 9, 42, 77, 12, 5, 47, 93, 78, 86, 54, 6, 63, 18, 44, 20, 35, 43, 97, 91, 76, 10, 30, 21, 45, 17, 23, 1, 71, 83, 24, 14, 60, 36, 85, 57, 40, 95, 88, 65, 56, 79, 94, 67, 68, 46, 75, 38, 58, 19, 32, 81, 41, 62, 87, 28, 90, 59, 11, 16, 72, 73, 69, 52, 37, 64, 84, 3, 25, 29, 55, 51, 7, 98, 61, 66, 99, 33, 89, 48, 50, 96, 53, 80, 4, 8, 27, 2, 39, 13, 0, 92, 49, 74, 34, 70]|[1, 1, 0, 1, 1, 1, 2, 2, 1, 2, 2, 1, 1, 1, 0, 0, 1, 0, 2, 2, 0, 1, 2, 2, 1, 2, 2, 0, 0, 1, 2, 1, 1, 0, 2, 0, 1, 1, 0, 1, 1, 1, 1, 0, 2, 1, 1, 0, 0, 0, 0, 1, 1, 2, 1, 2, 0, 0, 2, 0, 1, 2, 2, 1, 2, 1, 1, 1, 1, 1, 1, 2, 1, 0, 2, 0, 1, 2, 1, 0, 0, 2, 1, 0, 0, 2, 0, 0, 1, 1, 0, 0, 1, 0, 0, 0, 0, 2, 2, 1]|[0, 3, 1, 2, 0, 0, 1, 1, 4, 1, 1, 4, 4, 4, 2, 2, 4, 2, 1, 1, 1, 1, 2, 1, 2, 1, 1, 1, 1, 4, 0, 3, 3, 0, 1, 1, 0, 3, 2, 2, 2, 2, 0, 1, 1, 0, 4, 0, 1, 2, 2, 1, 4, 0, 3, 2, 1, 2, 1, 2, 3, 1, 1, 3, 0, 4, 4, 1, 4, 3, 1, 2, 4, 1, 1, 1, 1, 1, 3, 1, 1, 1, 1, 1, 1, 1, 2, 1, 4, 3, 2, 2, 1, 2, 2, 0, 1, 1, 1, 4]|[1, 1, 1, 1, 3, 3, 0, 0, 0, 0, 0, 2, 0, 1, 0, 0, 3, 1, 0, 0, 0, 3, 1, 0, 2, 0, 0, 0, 1, 3, 0, 0, 0, 0, 1, 0, 0, 2, 1, 1, 1, 1, 0, 0, 0, 0, 2, 1, 0, 0, 0, 1, 3, 0, 0, 1, 0, 1, 0, 1, 2, 0, 0, 2, 1, 0, 2, 1, 1, 0, 3, 1, 3, 0, 0, 0, 2, 0, 0, 0, 0, 0, 1, 0, 0, 0, 1, 0, 0, 2, 1, 0, 1, 0, 0, 1, 1, 0, 0, 2],733.3116759547878,58140.55643565909,96674.14109675489,false
26,G4_BALANCED,G4_BALANCED,[31, 22, 82, 15, 26, 9, 95, 42, 77, 68, 47, 5, 93, 78, 86, 54, 85, 63, 18, 44, 20, 49, 36, 14, 74, 50, 53, 17, 21, 28, 71, 64, 3, 23, 30, 83, 24, 41, 60, 52, 65, 27, 90, 70, 39, 87, 48, 69, 99, 4, 46, 1, 13, 58, 97, 59, 45, 8, 73, 37, 35, 79, 11, 66, 76, 32, 40, 80, 96, 6, 16, 61, 33, 7, 57, 34, 12, 67, 10, 98, 56, 88, 29, 75, 91, 38, 19, 92, 43, 84, 51, 72, 81, 62, 2, 55, 0, 89, 94, 25]|[2, 1, 2, 1, 1, 2, 1, 1, 1, 1, 1, 0, 2, 2, 1, 2, 0, 0, 0, 2, 2, 1, 0, 2, 0, 2, 2, 1, 0, 1, 1, 1, 0, 0, 1, 0, 2, 1, 2, 2, 0, 0, 1, 1, 0, 2, 0, 2, 1, 0, 0, 2, 0, 0, 2, 0, 1, 1, 0, 0, 2, 1, 0, 2, 2, 0, 2, 2, 0, 1, 2, 1, 1, 2, 0, 1, 1, 1, 1, 2, 2, 1, 1, 0, 1, 0, 1, 0, 1, 0, 1, 1, 1, 1, 2, 0, 0, 1, 2, 1]|[0, 3, 0, 3, 4, 1, 4, 4, 2, 4, 3, 2, 1, 0, 2, 1, 1, 1, 2, 1, 1, 3, 0, 1, 0, 1, 1, 4, 1, 4, 3, 2, 2, 0, 4, 1, 1, 4, 0, 1, 2, 1, 4, 4, 1, 1, 0, 2, 3, 1, 2, 1, 2, 1, 1, 2, 4, 3, 0, 2, 2, 3, 1, 0, 1, 2, 0, 1, 2, 4, 1, 3, 4, 1, 2, 4, 3, 3, 3, 1, 1, 4, 3, 2, 3, 2, 4, 2, 4, 2, 3, 4, 1, 3, 1, 2, 2, 4, 1, 4]|[0, 2, 0, 0, 3, 0, 1, 3, 0, 0, 2, 0, 1, 0, 1, 0, 0, 0, 1, 0, 0, 2, 0, 0, 1, 0, 0, 3, 0, 1, 0, 2, 0, 1, 3, 0, 1, 3, 1, 0, 0, 0, 1, 3, 0, 0, 1, 0, 2, 0, 0, 0, 0, 0, 1, 0, 1, 0, 1, 1, 0, 2, 0, 0, 0, 0, 0, 0, 0, 2, 0, 0, 1, 0, 0, 1, 0, 0, 3, 0, 0, 1, 0, 0, 0, 0, 3, 0, 2, 0, 0, 2, 1, 0, 0, 0, 0, 1, 0, 3],851.9092314412391,51705.36297778711,107381.05157087493,false
26,G2_TEC,G2_TEC,[31, 22, 82, 15, 26, 9, 95, 42, 77, 68, 47, 5, 93, 78, 86, 54, 85, 63, 18, 44, 20, 49, 36, 14, 74, 50, 53, 17, 21, 28, 11, 64, 3, 23, 30, 83, 24, 41, 40, 52, 65, 27, 90, 70, 39, 87, 48, 69, 99, 4, 46, 1, 13, 58, 97, 59, 45, 8, 73, 37, 35, 79, 71, 66, 76, 32, 60, 80, 96, 6, 16, 61, 33, 7, 57, 34, 12, 67, 10, 98, 56, 88, 43, 75, 91, 38, 19, 92, 29, 2, 51, 72, 89, 25, 84, 55, 62, 81, 94, 0]|[2, 1, 2, 1, 1, 2, 1, 1, 1, 1, 1, 0, 2, 2, 1, 2, 0, 0, 0, 2, 2, 1, 0, 2, 0, 2, 2, 1, 0, 1, 1, 1, 0, 0, 1, 0, 2, 1, 2, 2, 0, 0, 1, 1, 0, 2, 0, 2, 1, 0, 0, 2, 0, 0, 2, 0, 1, 1, 0, 0, 2, 1, 1, 2, 2, 0, 2, 2, 0, 1, 2, 1, 1, 2, 0, 1, 1, 1, 1, 2, 2, 1, 1, 0, 1, 0, 1, 0, 1, 2, 1, 1, 1, 1, 0, 0, 1, 1, 2, 0]|[0, 3, 0, 3, 4, 1, 4, 4, 2, 4, 3, 2, 1, 0, 2, 1, 1, 1, 2, 1, 1, 3, 0, 1, 0, 1, 1, 4, 1, 4, 3, 2, 2, 0, 4, 1, 1, 4, 1, 1, 2, 1, 4, 4, 1, 1, 0, 2, 3, 2, 2, 1, 2, 1, 1, 2, 4, 3, 0, 2, 2, 3, 3, 0, 1, 2, 1, 1, 2, 4, 1, 3, 4, 1, 2, 4, 3, 3, 3, 1, 1, 4, 4, 2, 3, 2, 4, 2, 3, 1, 3, 4, 4, 4, 2, 2, 3, 4, 1, 2]|[0, 2, 0, 0, 3, 0, 1, 3, 0, 0, 2, 0, 1, 0, 1, 0, 0, 0, 1, 0, 0, 2, 0, 0, 1, 0, 0, 3, 0, 1, 0, 2, 0, 0, 3, 0, 1, 3, 0, 0, 0, 0, 1, 3, 0, 0, 1, 0, 2, 0, 0, 0, 0, 0, 1, 0, 1, 0, 1, 1, 0, 2, 0, 0, 0, 0, 0, 0, 0, 2, 0, 0, 1, 0, 0, 1, 0, 0, 3, 0, 0, 1, 2, 0, 0, 0, 1, 0, 3, 0, 0, 2, 1, 3, 0, 0, 0, 1, 0, 0],884.1935202920454,50179.24430758428,113572.41328703976,false
26,G3_TWC,G3_TWC,[31, 22, 82, 15, 26, 9, 42, 95, 77, 12, 47, 5, 93, 78, 86, 54, 85, 63, 18, 44, 20, 35, 43, 97, 91, 76, 10, 30, 21, 45, 71, 64, 1, 23, 17, 83, 24, 14, 60, 36, 6, 57, 94, 88, 65, 56, 79, 40, 67, 68, 46, 75, 38, 58, 19, 32, 81, 41, 27, 62, 87, 90, 99, 59, 11, 16, 72, 73, 69, 39, 37, 84, 3, 92, 25, 55, 28, 29, 51, 7, 33, 61, 98, 66, 89, 50, 4, 96, 53, 8, 80, 13, 70, 49, 52, 0, 74, 34, 2, 48]|[1, 1, 0, 1, 1, 1, 2, 1, 2, 2, 2, 2, 2, 1, 1, 0, 0, 1, 0, 2, 2, 0, 1, 2, 0, 1, 2, 2, 0, 0, 1, 2, 1, 2, 1, 0, 2, 0, 1, 1, 0, 1, 1, 1, 0, 2, 1, 1, 0, 0, 0, 0, 1, 1, 2, 1, 2, 0, 0, 0, 2, 1, 0, 1, 2, 1, 2, 1, 1, 1, 1, 1, 1, 0, 1, 1, 0, 0, 0, 1, 2, 1, 2, 2, 0, 0, 0, 0, 2, 0, 0, 0, 1, 0, 1, 0, 2, 2, 0, 0]|[4, 3, 2, 2, 0, 0, 2, 2, 2, 1, 1, 1, 2, 4, 4, 1, 2, 4, 2, 1, 1, 1, 1, 2, 1, 2, 1, 1, 1, 1, 3, 2, 3, 0, 4, 0, 1, 1, 0, 3, 2, 2, 4, 0, 1, 1, 0, 2, 0, 1, 2, 2, 1, 4, 0, 3, 2, 1, 1, 2, 1, 3, 1, 1, 1, 3, 0, 4, 3, 1, 4, 1, 1, 2, 4, 4, 2, 1, 1, 3, 1, 3, 1, 1, 2, 1, 2, 1, 0, 1, 1, 2, 3, 1, 1, 2, 1, 1, 2, 2]|[0, 2, 1, 1, 3, 3, 0, 1, 0, 0, 0, 0, 1, 0, 1, 0, 0, 3, 1, 0, 0, 0, 3, 1, 0, 2, 0, 0, 0, 1, 0, 0, 0, 0, 3, 0, 1, 0, 0, 2, 1, 1, 2, 0, 0, 0, 0, 1, 1, 0, 0, 0, 1, 3, 0, 0, 1, 0, 0, 1, 0, 2, 0, 1, 0, 2, 1, 0, 0, 1, 1, 3, 1, 1, 3, 3, 1, 0, 0, 2, 0, 0, 0, 0, 1, 0, 1, 0, 1, 0, 0, 0, 0, 1, 1, 0, 0, 0, 0, 0],799.1002142476597,58766.469869081004,90067.55034105257,false
26,G1_CMAX,G1_CMAX,[31, 22, 82, 15, 26, 9, 42, 77, 12, 5, 47, 93, 78, 86, 54, 6, 63, 18, 44, 20, 35, 43, 97, 91, 76, 10, 30, 21, 45, 17, 23, 1, 71, 83, 24, 14, 60, 36, 85, 57, 40, 95, 88, 65, 56, 79, 94, 67, 68, 46, 75, 38, 58, 19, 32, 81, 41, 62, 87, 28, 90, 59, 11, 16, 72, 73, 69, 52, 37, 64, 84, 3, 25, 29, 55, 51, 7, 98, 61, 66, 99, 33, 89, 48, 50, 96, 53, 80, 4, 8, 27, 2, 39, 13, 0, 92, 49, 74, 34, 70]|[1, 1, 0, 1, 1, 1, 2, 2, 1, 2, 2, 1, 1, 1, 0, 0, 1, 0, 2, 2, 0, 1, 2, 2, 1, 2, 2, 0, 0, 1, 2, 1, 1, 0, 2, 0, 1, 1, 0, 1, 1, 1, 1, 0, 2, 1, 1, 0, 0, 0, 0, 1, 1, 2, 1, 2, 0, 0, 2, 0, 1, 2, 2, 1, 2, 1, 1, 1, 1, 1, 1, 2, 1, 0, 2, 0, 1, 2, 1, 0, 0, 2, 1, 0, 0, 2, 0, 0, 1, 1, 0, 0, 1, 0, 0, 0, 0, 2, 2, 1]|[0, 3, 1, 2, 0, 0, 1, 1, 4, 1, 1, 4, 4, 4, 2, 2, 4, 2, 1, 1, 1, 1, 2, 1, 2, 1, 1, 1, 1, 4, 0, 3, 3, 0, 1, 1, 0, 3, 2, 2, 2, 2, 0, 1, 1, 0, 4, 0, 1, 2, 2, 1, 4, 0, 3, 2, 1, 2, 1, 2, 3, 1, 1, 3, 0, 4, 4, 1, 4, 3, 1, 2, 4, 1, 1, 1, 1, 1, 3, 1, 1, 1, 1, 1, 1, 1, 2, 1, 4, 3, 2, 2, 1, 2, 2, 0, 1, 1, 1, 4]|[1, 1, 1, 1, 3, 3, 0, 0, 0, 0, 0, 2, 0, 1, 0, 0, 3, 1, 0, 0, 0, 3, 1, 0, 2, 0, 0, 0, 1, 3, 0, 0, 0, 0, 1, 0, 0, 2, 1, 1, 1, 1, 0, 0, 0, 0, 2, 1, 0, 0, 0, 1, 3, 0, 0, 1, 0, 1, 0, 1, 2, 0, 0, 2, 1, 0, 2, 1, 1, 0, 3, 1, 3, 0, 0, 0, 2, 0, 0, 0, 0, 0, 1, 0, 0, 0, 1, 0, 0, 2, 1, 0, 1, 0, 0, 1, 1, 0, 0, 2],733.3116759547878,58140.55643565909,96674.14109675489,false
26,G4_BALANCED,G4_BALANCED,[31, 22, 82, 15, 26, 9, 95, 42, 77, 68, 47, 5, 93, 78, 86, 54, 85, 63, 18, 44, 20, 49, 36, 14, 74, 50, 53, 17, 21, 28, 71, 64, 3, 23, 30, 83, 24, 41, 60, 52, 65, 27, 90, 70, 39, 87, 48, 69, 99, 4, 46, 1, 13, 58, 97, 59, 45, 8, 73, 37, 35, 79, 11, 66, 76, 32, 40, 80, 96, 6, 16, 61, 33, 7, 57, 34, 12, 67, 10, 98, 56, 88, 29, 75, 91, 38, 19, 92, 43, 84, 51, 72, 81, 62, 2, 55, 0, 89, 94, 25]|[2, 1, 2, 1, 1, 2, 1, 1, 1, 1, 1, 0, 2, 2, 1, 2, 0, 0, 0, 2, 2, 1, 0, 2, 0, 2, 2, 1, 0, 1, 1, 1, 0, 0, 1, 0, 2, 1, 2, 2, 0, 0, 1, 1, 0, 2, 0, 2, 1, 0, 0, 2, 0, 0, 2, 0, 1, 1, 0, 0, 2, 1, 0, 2, 2, 0, 2, 2, 0, 1, 2, 1, 1, 2, 0, 1, 1, 1, 1, 2, 2, 1, 1, 0, 1, 0, 1, 0, 1, 0, 1, 1, 1, 1, 2, 0, 0, 1, 2, 1]|[0, 3, 0, 3, 4, 1, 4, 4, 2, 4, 3, 2, 1, 0, 2, 1, 1, 1, 2, 1, 1, 3, 0, 1, 0, 1, 1, 4, 1, 4, 3, 2, 2, 0, 4, 1, 1, 4, 0, 1, 2, 1, 4, 4, 1, 1, 0, 2, 3, 1, 2, 1, 2, 1, 1, 2, 4, 3, 0, 2, 2, 3, 1, 0, 1, 2, 0, 1, 2, 4, 1, 3, 4, 1, 2, 4, 3, 3, 3, 1, 1, 4, 3, 2, 3, 2, 4, 2, 4, 2, 3, 4, 1, 3, 1, 2, 2, 4, 1, 4]|[0, 2, 0, 0, 3, 0, 1, 3, 0, 0, 2, 0, 1, 0, 1, 0, 0, 0, 1, 0, 0, 2, 0, 0, 1, 0, 0, 3, 0, 1, 0, 2, 0, 1, 3, 0, 1, 3, 1, 0, 0, 0, 1, 3, 0, 0, 1, 0, 2, 0, 0, 0, 0, 0, 1, 0, 1, 0, 1, 1, 0, 2, 0, 0, 0, 0, 0, 0, 0, 2, 0, 0, 1, 0, 0, 1, 0, 0, 3, 0, 0, 1, 0, 0, 0, 0, 3, 0, 2, 0, 0, 2, 1, 0, 0, 0, 0, 1, 0, 3],851.9092314412391,51705.36297778711,107381.05157087493,false
26,G2_TEC,G2_TEC,[31, 22, 82, 15, 26, 9, 95, 42, 77, 68, 47, 5, 93, 78, 86, 54, 85, 63, 18, 44, 20, 49, 36, 14, 74, 50, 53, 17, 21, 28, 11, 64, 3, 23, 30, 83, 24, 41, 40, 52, 65, 27, 90, 70, 39, 87, 48, 69, 99, 4, 46, 1, 13, 58, 97, 59, 45, 8, 73, 37, 35, 79, 71, 66, 76, 32, 60, 80, 96, 6, 16, 61, 33, 7, 57, 34, 12, 67, 10, 98, 56, 88, 43, 75, 91, 38, 19, 92, 29, 2, 51, 72, 89, 25, 84, 55, 62, 81, 94, 0]|[2, 1, 2, 1, 1, 2, 1, 1, 1, 1, 1, 0, 2, 2, 1, 2, 0, 0, 0, 2, 2, 1, 0, 2, 0, 2, 2, 1, 0, 1, 1, 1, 0, 0, 1, 0, 2, 1, 2, 2, 0, 0, 1, 1, 0, 2, 0, 2, 1, 0, 0, 2, 0, 0, 2, 0, 1, 1, 0, 0, 2, 1, 1, 2, 2, 0, 2, 2, 0, 1, 2, 1, 1, 2, 0, 1, 1, 1, 1, 2, 2, 1, 1, 0, 1, 0, 1, 0, 1, 2, 1, 1, 1, 1, 0, 0, 1, 1, 2, 0]|[0, 3, 0, 3, 4, 1, 4, 4, 2, 4, 3, 2, 1, 0, 2, 1, 1, 1, 2, 1, 1, 3, 0, 1, 0, 1, 1, 4, 1, 4, 3, 2, 2, 0, 4, 1, 1, 4, 1, 1, 2, 1, 4, 4, 1, 1, 0, 2, 3, 2, 2, 1, 2, 1, 1, 2, 4, 3, 0, 2, 2, 3, 3, 0, 1, 2, 1, 1, 2, 4, 1, 3, 4, 1, 2, 4, 3, 3, 3, 1, 1, 4, 4, 2, 3, 2, 4, 2, 3, 1, 3, 4, 4, 4, 2, 2, 3, 4, 1, 2]|[0, 2, 0, 0, 3, 0, 1, 3, 0, 0, 2, 0, 1, 0, 1, 0, 0, 0, 1, 0, 0, 2, 0, 0, 1, 0, 0, 3, 0, 1, 0, 2, 0, 0, 3, 0, 1, 3, 0, 0, 0, 0, 1, 3, 0, 0, 1, 0, 2, 0, 0, 0, 0, 0, 1, 0, 1, 0, 1, 1, 0, 2, 0, 0, 0, 0, 0, 0, 0, 2, 0, 0, 1, 0, 0, 1, 0, 0, 3, 0, 0, 1, 2, 0, 0, 0, 1, 0, 3, 0, 0, 2, 1, 3, 0, 0, 0, 1, 0, 0],884.1935202920454,50179.24430758428,113572.41328703976,false
26,G3_TWC,G3_TWC,[31, 22, 82, 15, 26, 9, 42, 95, 77, 12, 47, 5, 93, 78, 86, 54, 85, 63, 18, 44, 20, 35, 43, 97, 91, 76, 10, 30, 21, 45, 71, 64, 1, 23, 17, 83, 24, 14, 60, 36, 6, 57, 94, 88, 65, 56, 79, 40, 67, 68, 46, 75, 38, 58, 19, 32, 81, 41, 27, 62, 87, 90, 99, 59, 11, 16, 72, 73, 69, 39, 37, 84, 3, 92, 25, 55, 28, 29, 51, 7, 33, 61, 98, 66, 89, 50, 4, 96, 53, 8, 80, 13, 70, 49, 52, 0, 74, 34, 2, 48]|[1, 1, 0, 1, 1, 1, 2, 1, 2, 2, 2, 2, 2, 1, 1, 0, 0, 1, 0, 2, 2, 0, 1, 2, 0, 1, 2, 2, 0, 0, 1, 2, 1, 2, 1, 0, 2, 0, 1, 1, 0, 1, 1, 1, 0, 2, 1, 1, 0, 0, 0, 0, 1, 1, 2, 1, 2, 0, 0, 0, 2, 1, 0, 1, 2, 1, 2, 1, 1, 1, 1, 1, 1, 0, 1, 1, 0, 0, 0, 1, 2, 1, 2, 2, 0, 0, 0, 0, 2, 0, 0, 0, 1, 0, 1, 0, 2, 2, 0, 0]|[4, 3, 2, 2, 0, 0, 2, 2, 2, 1, 1, 1, 2, 4, 4, 1, 2, 4, 2, 1, 1, 1, 1, 2, 1, 2, 1, 1, 1, 1, 3, 2, 3, 0, 4, 0, 1, 1, 0, 3, 2, 2, 4, 0, 1, 1, 0, 2, 0, 1, 2, 2, 1, 4, 0, 3, 2, 1, 1, 2, 1, 3, 1, 1, 1, 3, 0, 4, 3, 1, 4, 1, 1, 2, 4, 4, 2, 1, 1, 3, 1, 3, 1, 1, 2, 1, 2, 1, 0, 1, 1, 2, 3, 1, 1, 2, 1, 1, 2, 2]|[0, 2, 1, 1, 3, 3, 0, 1, 0, 0, 0, 0, 1, 0, 1, 0, 0, 3, 1, 0, 0, 0, 3, 1, 0, 2, 0, 0, 0, 1, 0, 0, 0, 0, 3, 0, 1, 0, 0, 2, 1, 1, 2, 0, 0, 0, 0, 1, 1, 0, 0, 0, 1, 3, 0, 0, 1, 0, 0, 1, 0, 2, 0, 1, 0, 2, 1, 0, 0, 1, 1, 3, 1, 1, 3, 3, 1, 0, 0, 2, 0, 0, 0, 0, 1, 0, 1, 0, 1, 0, 0, 0, 0, 1, 1, 0, 0, 0, 0, 0],799.1002142476597,58766.469869081004,90067.55034105257,false
26,G1_CMAX,G1_CMAX,[31, 22, 82, 15, 26, 9, 42, 77, 12, 5, 47, 93, 78, 86, 54, 6, 63, 18, 44, 20, 35, 43, 97, 91, 76, 10, 30, 21, 45, 17, 23, 1, 71, 83, 24, 14, 60, 36, 85, 57, 40, 95, 88, 65, 56, 79, 94, 67, 68, 46, 75, 38, 58, 19, 32, 81, 41, 62, 87, 28, 90, 59, 11, 16, 72, 73, 69, 52, 37, 64, 84, 3, 25, 29, 55, 51, 7, 98, 61, 66, 99, 33, 89, 48, 50, 96, 53, 80, 4, 8, 27, 2, 39, 13, 0, 92, 49, 74, 34, 70]|[1, 1, 0, 1, 1, 1, 2, 2, 1, 2, 2, 1, 1, 1, 0, 0, 1, 0, 2, 2, 0, 1, 2, 2, 1, 2, 2, 0, 0, 1, 2, 1, 1, 0, 2, 0, 1, 1, 0, 1, 1, 1, 1, 0, 2, 1, 1, 0, 0, 0, 0, 1, 1, 2, 1, 2, 0, 0, 2, 0, 1, 2, 2, 1, 2, 1, 1, 1, 1, 1, 1, 2, 1, 0, 2, 0, 1, 2, 1, 0, 0, 2, 1, 0, 0, 2, 0, 0, 1, 1, 0, 0, 1, 0, 0, 0, 0, 2, 2, 1]|[0, 3, 1, 2, 0, 0, 1, 1, 4, 1, 1, 4, 4, 4, 2, 2, 4, 2, 1, 1, 1, 1, 2, 1, 2, 1, 1, 1, 1, 4, 0, 3, 3, 0, 1, 1, 0, 3, 2, 2, 2, 2, 0, 1, 1, 0, 4, 0, 1, 2, 2, 1, 4, 0, 3, 2, 1, 2, 1, 2, 3, 1, 1, 3, 0, 4, 4, 1, 4, 3, 1, 2, 4, 1, 1, 1, 1, 1, 3, 1, 1, 1, 1, 1, 1, 1, 2, 1, 4, 3, 2, 2, 1, 2, 2, 0, 1, 1, 1, 4]|[1, 1, 1, 1, 3, 3, 0, 0, 0, 0, 0, 2, 0, 1, 0, 0, 3, 1, 0, 0, 0, 3, 1, 0, 2, 0, 0, 0, 1, 3, 0, 0, 0, 0, 1, 0, 0, 2, 1, 1, 1, 1, 0, 0, 0, 0, 2, 1, 0, 0, 0, 1, 3, 0, 0, 1, 0, 1, 0, 1, 2, 0, 0, 2, 1, 0, 2, 1, 1, 0, 3, 1, 3, 0, 0, 0, 2, 0, 0, 0, 0, 0, 1, 0, 0, 0, 1, 0, 0, 2, 1, 0, 1, 0, 0, 1, 1, 0, 0, 2],733.3116759547878,58140.55643565909,96674.14109675489,false
26,G4_BALANCED,G4_BALANCED,[31, 22, 82, 15, 26, 9, 95, 42, 77, 68, 47, 5, 93, 78, 86, 54, 85, 63, 18, 44, 20, 49, 36, 14, 74, 50, 53, 17, 21, 28, 71, 64, 3, 23, 30, 83, 24, 41, 60, 52, 65, 27, 90, 70, 39, 87, 48, 69, 99, 4, 46, 1, 13, 58, 97, 59, 45, 8, 73, 37, 35, 79, 11, 66, 76, 32, 40, 80, 96, 6, 16, 61, 33, 7, 57, 34, 12, 67, 10, 98, 56, 88, 29, 75, 91, 38, 19, 92, 43, 84, 51, 72, 81, 62, 2, 55, 0, 89, 94, 25]|[2, 1, 2, 1, 1, 2, 1, 1, 1, 1, 1, 0, 2, 2, 1, 2, 0, 0, 0, 2, 2, 1, 0, 2, 0, 2, 2, 1, 0, 1, 1, 1, 0, 0, 1, 0, 2, 1, 2, 2, 0, 0, 1, 1, 0, 2, 0, 2, 1, 0, 0, 2, 0, 0, 2, 0, 1, 1, 0, 0, 2, 1, 0, 2, 2, 0, 2, 2, 0, 1, 2, 1, 1, 2, 0, 1, 1, 1, 1, 2, 2, 1, 1, 0, 1, 0, 1, 0, 1, 0, 1, 1, 1, 1, 2, 0, 0, 1, 2, 1]|[0, 3, 0, 3, 4, 1, 4, 4, 2, 4, 3, 2, 1, 0, 2, 1, 1, 1, 2, 1, 1, 3, 0, 1, 0, 1, 1, 4, 1, 4, 3, 2, 2, 0, 4, 1, 1, 4, 0, 1, 2, 1, 4, 4, 1, 1, 0, 2, 3, 1, 2, 1, 2, 1, 1, 2, 4, 3, 0, 2, 2, 3, 1, 0, 1, 2, 0, 1, 2, 4, 1, 3, 4, 1, 2, 4, 3, 3, 3, 1, 1, 4, 3, 2, 3, 2, 4, 2, 4, 2, 3, 4, 1, 3, 1, 2, 2, 4, 1, 4]|[0, 2, 0, 0, 3, 0, 1, 3, 0, 0, 2, 0, 1, 0, 1, 0, 0, 0, 1, 0, 0, 2, 0, 0, 1, 0, 0, 3, 0, 1, 0, 2, 0, 1, 3, 0, 1, 3, 1, 0, 0, 0, 1, 3, 0, 0, 1, 0, 2, 0, 0, 0, 0, 0, 1, 0, 1, 0, 1, 1, 0, 2, 0, 0, 0, 0, 0, 0, 0, 2, 0, 0, 1, 0, 0, 1, 0, 0, 3, 0, 0, 1, 0, 0, 0, 0, 3, 0, 2, 0, 0, 2, 1, 0, 0, 0, 0, 1, 0, 3],851.9092314412391,51705.36297778711,107381.05157087493,false
26,G2_TEC,G2_TEC,[31, 22, 82, 15, 26, 9, 95, 42, 77, 68, 47, 5, 93, 78, 86, 54, 85, 63, 18, 44, 20, 49, 36, 14, 74, 50, 53, 17, 21, 28, 11, 64, 3, 23, 30, 83, 24, 41, 40, 52, 65, 27, 90, 70, 39, 87, 48, 69, 99, 4, 46, 1, 13, 58, 97, 59, 45, 8, 73, 37, 35, 79, 71, 66, 76, 32, 60, 80, 96, 6, 16, 61, 33, 7, 57, 34, 12, 67, 10, 98, 56, 88, 43, 75, 91, 38, 19, 92, 29, 2, 51, 72, 89, 25, 84, 55, 62, 81, 94, 0]|[2, 1, 2, 1, 1, 2, 1, 1, 1, 1, 1, 0, 2, 2, 1, 2, 0, 0, 0, 2, 2, 1, 0, 2, 0, 2, 2, 1, 0, 1, 1, 1, 0, 0, 1, 0, 2, 1, 2, 2, 0, 0, 1, 1, 0, 2, 0, 2, 1, 0, 0, 2, 0, 0, 2, 0, 1, 1, 0, 0, 2, 1, 1, 2, 2, 0, 2, 2, 0, 1, 2, 1, 1, 2, 0, 1, 1, 1, 1, 2, 2, 1, 1, 0, 1, 0, 1, 0, 1, 2, 1, 1, 1, 1, 0, 0, 1, 1, 2, 0]|[0, 3, 0, 3, 4, 1, 4, 4, 2, 4, 3, 2, 1, 0, 2, 1, 1, 1, 2, 1, 1, 3, 0, 1, 0, 1, 1, 4, 1, 4, 3, 2, 2, 0, 4, 1, 1, 4, 1, 1, 2, 1, 4, 4, 1, 1, 0, 2, 3, 2, 2, 1, 2, 1, 1, 2, 4, 3, 0, 2, 2, 3, 3, 0, 1, 2, 1, 1, 2, 4, 1, 3, 4, 1, 2, 4, 3, 3, 3, 1, 1, 4, 4, 2, 3, 2, 4, 2, 3, 1, 3, 4, 4, 4, 2, 2, 3, 4, 1, 2]|[0, 2, 0, 0, 3, 0, 1, 3, 0, 0, 2, 0, 1, 0, 1, 0, 0, 0, 1, 0, 0, 2, 0, 0, 1, 0, 0, 3, 0, 1, 0, 2, 0, 0, 3, 0, 1, 3, 0, 0, 0, 0, 1, 3, 0, 0, 1, 0, 2, 0, 0, 0, 0, 0, 1, 0, 1, 0, 1, 1, 0, 2, 0, 0, 0, 0, 0, 0, 0, 2, 0, 0, 1, 0, 0, 1, 0, 0, 3, 0, 0, 1, 2, 0, 0, 0, 1, 0, 3, 0, 0, 2, 1, 3, 0, 0, 0, 1, 0, 0],884.1935202920454,50179.24430758428,113572.41328703976,false
26,G3_TWC,G3_TWC,[31, 22, 82, 15, 26, 9, 42, 95, 77, 12, 47, 5, 93, 78, 86, 54, 85, 63, 18, 44, 20, 35, 43, 97, 91, 76, 10, 30, 21, 45, 71, 64, 1, 23, 17, 83, 24, 14, 60, 36, 6, 57, 94, 88, 65, 56, 79, 40, 67, 68, 46, 75, 38, 58, 19, 32, 81, 41, 27, 62, 87, 90, 99, 59, 11, 16, 72, 73, 69, 39, 37, 84, 3, 92, 25, 55, 28, 29, 51, 7, 33, 61, 98, 66, 89, 50, 4, 96, 53, 8, 80, 13, 70, 49, 52, 0, 74, 34, 2, 48]|[1, 1, 0, 1, 1, 1, 2, 1, 2, 2, 2, 2, 2, 1, 1, 0, 0, 1, 0, 2, 2, 0, 1, 2, 0, 1, 2, 2, 0, 0, 1, 2, 1, 2, 1, 0, 2, 0, 1, 1, 0, 1, 1, 1, 0, 2, 1, 1, 0, 0, 0, 0, 1, 1, 2, 1, 2, 0, 0, 0, 2, 1, 0, 1, 2, 1, 2, 1, 1, 1, 1, 1, 1, 0, 1, 1, 0, 0, 0, 1, 2, 1, 2, 2, 0, 0, 0, 0, 2, 0, 0, 0, 1, 0, 1, 0, 2, 2, 0, 0]|[4, 3, 2, 2, 0, 0, 2, 2, 2, 1, 1, 1, 2, 4, 4, 1, 2, 4, 2, 1, 1, 1, 1, 2, 1, 2, 1, 1, 1, 1, 3, 2, 3, 0, 4, 0, 1, 1, 0, 3, 2, 2, 4, 0, 1, 1, 0, 2, 0, 1, 2, 2, 1, 4, 0, 3, 2, 1, 1, 2, 1, 3, 1, 1, 1, 3, 0, 4, 3, 1, 4, 1, 1, 2, 4, 4, 2, 1, 1, 3, 1, 3, 1, 1, 2, 1, 2, 1, 0, 1, 1, 2, 3, 1, 1, 2, 1, 1, 2, 2]|[0, 2, 1, 1, 3, 3, 0, 1, 0, 0, 0, 0, 1, 0, 1, 0, 0, 3, 1, 0, 0, 0, 3, 1, 0, 2, 0, 0, 0, 1, 0, 0, 0, 0, 3, 0, 1, 0, 0, 2, 1, 1, 2, 0, 0, 0, 0, 1, 1, 0, 0, 0, 1, 3, 0, 0, 1, 0, 0, 1, 0, 2, 0, 1, 0, 2, 1, 0, 0, 1, 1, 3, 1, 1, 3, 3, 1, 0, 0, 2, 0, 0, 0, 0, 1, 0, 1, 0, 1, 0, 0, 0, 0, 1, 1, 0, 0, 0, 0, 0],799.1002142476597,58766.469869081004,90067.55034105257,false
26,G1_CMAX,G1_CMAX,[31, 22, 82, 15, 26, 9, 42, 77, 12, 5, 47, 93, 78, 86, 54, 6, 63, 18, 44, 20, 35, 43, 97, 91, 76, 10, 30, 21, 45, 17, 23, 1, 71, 83, 24, 14, 60, 36, 85, 57, 40, 95, 88, 65, 56, 79, 94, 67, 68, 46, 75, 38, 58, 19, 32, 81, 41, 62, 87, 28, 90, 59, 11, 16, 72, 73, 69, 52, 37, 64, 84, 3, 25, 29, 55, 51, 7, 98, 61, 66, 99, 33, 89, 48, 50, 96, 53, 80, 4, 8, 27, 2, 39, 13, 0, 92, 49, 74, 34, 70]|[1, 1, 0, 1, 1, 1, 2, 2, 1, 2, 2, 1, 1, 1, 0, 0, 1, 0, 2, 2, 0, 1, 2, 2, 1, 2, 2, 0, 0, 1, 2, 1, 1, 0, 2, 0, 1, 1, 0, 1, 1, 1, 1, 0, 2, 1, 1, 0, 0, 0, 0, 1, 1, 2, 1, 2, 0, 0, 2, 0, 1, 2, 2, 1, 2, 1, 1, 1, 1, 1, 1, 2, 1, 0, 2, 0, 1, 2, 1, 0, 0, 2, 1, 0, 0, 2, 0, 0, 1, 1, 0, 0, 1, 0, 0, 0, 0, 2, 2, 1]|[0, 3, 1, 2, 0, 0, 1, 1, 4, 1, 1, 4, 4, 4, 2, 2, 4, 2, 1, 1, 1, 1, 2, 1, 2, 1, 1, 1, 1, 4, 0, 3, 3, 0, 1, 1, 0, 3, 2, 2, 2, 2, 0, 1, 1, 0, 4, 0, 1, 2, 2, 1, 4, 0, 3, 2, 1, 2, 1, 2, 3, 1, 1, 3, 0, 4, 4, 1, 4, 3, 1, 2, 4, 1, 1, 1, 1, 1, 3, 1, 1, 1, 1, 1, 1, 1, 2, 1, 4, 3, 2, 2, 1, 2, 2, 0, 1, 1, 1, 4]|[1, 1, 1, 1, 3, 3, 0, 0, 0, 0, 0, 2, 0, 1, 0, 0, 3, 1, 0, 0, 0, 3, 1, 0, 2, 0, 0, 0, 1, 3, 0, 0, 0, 0, 1, 0, 0, 2, 1, 1, 1, 1, 0, 0, 0, 0, 2, 1, 0, 0, 0, 1, 3, 0, 0, 1, 0, 1, 0, 1, 2, 0, 0, 2, 1, 0, 2, 1, 1, 0, 3, 1, 3, 0, 0, 0, 2, 0, 0, 0, 0, 0, 1, 0, 0, 0, 1, 0, 0, 2, 1, 0, 1, 0, 0, 1, 1, 0, 0, 2],733.3116759547878,58140.55643565909,96674.14109675489,false
26,G4_BALANCED,G4_BALANCED,[31, 22, 82, 15, 26, 9, 95, 42, 77, 68, 47, 5, 93, 78, 86, 54, 85, 63, 18, 44, 20, 49, 36, 14, 74, 50, 53, 17, 21, 28, 71, 64, 3, 23, 30, 83, 24, 41, 60, 52, 65, 27, 90, 70, 39, 87, 48, 69, 99, 4, 46, 1, 13, 58, 97, 59, 45, 8, 73, 37, 35, 79, 11, 66, 76, 32, 40, 80, 96, 6, 16, 61, 33, 7, 57, 34, 12, 67, 10, 98, 56, 88, 29, 75, 91, 38, 19, 92, 43, 84, 51, 72, 81, 62, 2, 55, 0, 89, 94, 25]|[2, 1, 2, 1, 1, 2, 1, 1, 1, 1, 1, 0, 2, 2, 1, 2, 0, 0, 0, 2, 2, 1, 0, 2, 0, 2, 2, 1, 0, 1, 1, 1, 0, 0, 1, 0, 2, 1, 2, 2, 0, 0, 1, 1, 0, 2, 0, 2, 1, 0, 0, 2, 0, 0, 2, 0, 1, 1, 0, 0, 2, 1, 0, 2, 2, 0, 2, 2, 0, 1, 2, 1, 1, 2, 0, 1, 1, 1, 1, 2, 2, 1, 1, 0, 1, 0, 1, 0, 1, 0, 1, 1, 1, 1, 2, 0, 0, 1, 2, 1]|[0, 3, 0, 3, 4, 1, 4, 4, 2, 4, 3, 2, 1, 0, 2, 1, 1, 1, 2, 1, 1, 3, 0, 1, 0, 1, 1, 4, 1, 4, 3, 2, 2, 0, 4, 1, 1, 4, 0, 1, 2, 1, 4, 4, 1, 1, 0, 2, 3, 1, 2, 1, 2, 1, 1, 2, 4, 3, 0, 2, 2, 3, 1, 0, 1, 2, 0, 1, 2, 4, 1, 3, 4, 1, 2, 4, 3, 3, 3, 1, 1, 4, 3, 2, 3, 2, 4, 2, 4, 2, 3, 4, 1, 3, 1, 2, 2, 4, 1, 4]|[0, 2, 0, 0, 3, 0, 1, 3, 0, 0, 2, 0, 1, 0, 1, 0, 0, 0, 1, 0, 0, 2, 0, 0, 1, 0, 0, 3, 0, 1, 0, 2, 0, 1, 3, 0, 1, 3, 1, 0, 0, 0, 1, 3, 0, 0, 1, 0, 2, 0, 0, 0, 0, 0, 1, 0, 1, 0, 1, 1, 0, 2, 0, 0, 0, 0, 0, 0, 0, 2, 0, 0, 1, 0, 0, 1, 0, 0, 3, 0, 0, 1, 0, 0, 0, 0, 3, 0, 2, 0, 0, 2, 1, 0, 0, 0, 0, 1, 0, 3],851.9092314412391,51705.36297778711,107381.05157087493,false
26,G2_TEC,G2_TEC,[31, 22, 82, 15, 26, 9, 95, 42, 77, 68, 47, 5, 93, 78, 86, 54, 85, 63, 18, 44, 20, 49, 36, 14, 74, 50, 53, 17, 21, 28, 11, 64, 3, 23, 30, 83, 24, 41, 40, 52, 65, 27, 90, 70, 39, 87, 48, 69, 99, 4, 46, 1, 13, 58, 97, 59, 45, 8, 73, 37, 35, 79, 71, 66, 76, 32, 60, 80, 96, 6, 16, 61, 33, 7, 57, 34, 12, 67, 10, 98, 56, 88, 43, 75, 91, 38, 19, 92, 29, 2, 51, 72, 89, 25, 84, 55, 62, 81, 94, 0]|[2, 1, 2, 1, 1, 2, 1, 1, 1, 1, 1, 0, 2, 2, 1, 2, 0, 0, 0, 2, 2, 1, 0, 2, 0, 2, 2, 1, 0, 1, 1, 1, 0, 0, 1, 0, 2, 1, 2, 2, 0, 0, 1, 1, 0, 2, 0, 2, 1, 0, 0, 2, 0, 0, 2, 0, 1, 1, 0, 0, 2, 1, 1, 2, 2, 0, 2, 2, 0, 1, 2, 1, 1, 2, 0, 1, 1, 1, 1, 2, 2, 1, 1, 0, 1, 0, 1, 0, 1, 2, 1, 1, 1, 1, 0, 0, 1, 1, 2, 0]|[0, 3, 0, 3, 4, 1, 4, 4, 2, 4, 3, 2, 1, 0, 2, 1, 1, 1, 2, 1, 1, 3, 0, 1, 0, 1, 1, 4, 1, 4, 3, 2, 2, 0, 4, 1, 1, 4, 1, 1, 2, 1, 4, 4, 1, 1, 0, 2, 3, 2, 2, 1, 2, 1, 1, 2, 4, 3, 0, 2, 2, 3, 3, 0, 1, 2, 1, 1, 2, 4, 1, 3, 4, 1, 2, 4, 3, 3, 3, 1, 1, 4, 4, 2, 3, 2, 4, 2, 3, 1, 3, 4, 4, 4, 2, 2, 3, 4, 1, 2]|[0, 2, 0, 0, 3, 0, 1, 3, 0, 0, 2, 0, 1, 0, 1, 0, 0, 0, 1, 0, 0, 2, 0, 0, 1, 0, 0, 3, 0, 1, 0, 2, 0, 0, 3, 0, 1, 3, 0, 0, 0, 0, 1, 3, 0, 0, 1, 0, 2, 0, 0, 0, 0, 0, 1, 0, 1, 0, 1, 1, 0, 2, 0, 0, 0, 0, 0, 0, 0, 2, 0, 0, 1, 0, 0, 1, 0, 0, 3, 0, 0, 1, 2, 0, 0, 0, 1, 0, 3, 0, 0, 2, 1, 3, 0, 0, 0, 1, 0, 0],884.1935202920454,50179.24430758428,113572.41328703976,false
26,G3_TWC,G3_TWC,[31, 22, 82, 15, 26, 9, 42, 95, 77, 12, 47, 5, 93, 78, 86, 54, 85, 63, 18, 44, 20, 35, 43, 97, 91, 76, 10, 30, 21, 45, 71, 64, 1, 23, 17, 83, 24, 14, 60, 36, 6, 57, 94, 88, 65, 56, 79, 40, 67, 68, 46, 75, 38, 58, 19, 32, 81, 41, 27, 62, 87, 90, 99, 59, 11, 16, 72, 73, 69, 39, 37, 84, 3, 92, 25, 55, 28, 29, 51, 7, 33, 61, 98, 66, 89, 50, 4, 96, 53, 8, 80, 13, 70, 49, 52, 0, 74, 34, 2, 48]|[1, 1, 0, 1, 1, 1, 2, 1, 2, 2, 2, 2, 2, 1, 1, 0, 0, 1, 0, 2, 2, 0, 1, 2, 0, 1, 2, 2, 0, 0, 1, 2, 1, 2, 1, 0, 2, 0, 1, 1, 0, 1, 1, 1, 0, 2, 1, 1, 0, 0, 0, 0, 1, 1, 2, 1, 2, 0, 0, 0, 2, 1, 0, 1, 2, 1, 2, 1, 1, 1, 1, 1, 1, 0, 1, 1, 0, 0, 0, 1, 2, 1, 2, 2, 0, 0, 0, 0, 2, 0, 0, 0, 1, 0, 1, 0, 2, 2, 0, 0]|[4, 3, 2, 2, 0, 0, 2, 2, 2, 1, 1, 1, 2, 4, 4, 1, 2, 4, 2, 1, 1, 1, 1, 2, 1, 2, 1, 1, 1, 1, 3, 2, 3, 0, 4, 0, 1, 1, 0, 3, 2, 2, 4, 0, 1, 1, 0, 2, 0, 1, 2, 2, 1, 4, 0, 3, 2, 1, 1, 2, 1, 3, 1, 1, 1, 3, 0, 4, 3, 1, 4, 1, 1, 2, 4, 4, 2, 1, 1, 3, 1, 3, 1, 1, 2, 1, 2, 1, 0, 1, 1, 2, 3, 1, 1, 2, 1, 1, 2, 2]|[0, 2, 1, 1, 3, 3, 0, 1, 0, 0, 0, 0, 1, 0, 1, 0, 0, 3, 1, 0, 0, 0, 3, 1, 0, 2, 0, 0, 0, 1, 0, 0, 0, 0, 3, 0, 1, 0, 0, 2, 1, 1, 2, 0, 0, 0, 0, 1, 1, 0, 0, 0, 1, 3, 0, 0, 1, 0, 0, 1, 0, 2, 0, 1, 0, 2, 1, 0, 0, 1, 1, 3, 1, 1, 3, 3, 1, 0, 0, 2, 0, 0, 0, 0, 1, 0, 1, 0, 1, 0, 0, 0, 0, 1, 1, 0, 0, 0, 0, 0],799.1002142476597,58766.469869081004,90067.55034105257,false
26,G1_CMAX,G1_CMAX,[31, 22, 82, 15, 26, 9, 42, 77, 12, 5, 47, 93, 78, 86, 54, 6, 63, 18, 44, 20, 35, 43, 97, 91, 76, 10, 30, 21, 45, 17, 23, 1, 71, 83, 24, 14, 60, 36, 85, 57, 40, 95, 88, 65, 56, 79, 94, 67, 68, 46, 75, 38, 58, 19, 32, 81, 41, 62, 87, 28, 90, 59, 11, 16, 72, 73, 69, 52, 37, 64, 84, 3, 25, 29, 55, 51, 7, 98, 61, 66, 99, 33, 89, 48, 50, 96, 53, 80, 4, 8, 27, 2, 39, 13, 0, 92, 49, 74, 34, 70]|[1, 1, 0, 1, 1, 1, 2, 2, 1, 2, 2, 1, 1, 1, 0, 0, 1, 0, 2, 2, 0, 1, 2, 2, 1, 2, 2, 0, 0, 1, 2, 1, 1, 0, 2, 0, 1, 1, 0, 1, 1, 1, 1, 0, 2, 1, 1, 0, 0, 0, 0, 1, 1, 2, 1, 2, 0, 0, 2, 0, 1, 2, 2, 1, 2, 1, 1, 1, 1, 1, 1, 2, 1, 0, 2, 0, 1, 2, 1, 0, 0, 2, 1, 0, 0, 2, 0, 0, 1, 1, 0, 0, 1, 0, 0, 0, 0, 2, 2, 1]|[0, 3, 1, 2, 0, 0, 1, 1, 4, 1, 1, 4, 4, 4, 2, 2, 4, 2, 1, 1, 1, 1, 2, 1, 2, 1, 1, 1, 1, 4, 0, 3, 3, 0, 1, 1, 0, 3, 2, 2, 2, 2, 0, 1, 1, 0, 4, 0, 1, 2, 2, 1, 4, 0, 3, 2, 1, 2, 1, 2, 3, 1, 1, 3, 0, 4, 4, 1, 4, 3, 1, 2, 4, 1, 1, 1, 1, 1, 3, 1, 1, 1, 1, 1, 1, 1, 2, 1, 4, 3, 2, 2, 1, 2, 2, 0, 1, 1, 1, 4]|[1, 1, 1, 1, 3, 3, 0, 0, 0, 0, 0, 2, 0, 1, 0, 0, 3, 1, 0, 0, 0, 3, 1, 0, 2, 0, 0, 0, 1, 3, 0, 0, 0, 0, 1, 0, 0, 2, 1, 1, 1, 1, 0, 0, 0, 0, 2, 1, 0, 0, 0, 1, 3, 0, 0, 1, 0, 1, 0, 1, 2, 0, 0, 2, 1, 0, 2, 1, 1, 0, 3, 1, 3, 0, 0, 0, 2, 0, 0, 0, 0, 0, 1, 0, 0, 0, 1, 0, 0, 2, 1, 0, 1, 0, 0, 1, 1, 0, 0, 2],733.3116759547878,58140.55643565909,96674.14109675489,false
26,G4_BALANCED,G4_BALANCED,[31, 22, 82, 15, 26, 9, 95, 42, 77, 68, 47, 5, 93, 78, 86, 54, 85, 63, 18, 44, 20, 49, 36, 14, 74, 50, 53, 17, 21, 28, 71, 64, 3, 23, 30, 83, 24, 41, 60, 52, 65, 27, 90, 70, 39, 87, 48, 69, 99, 4, 46, 1, 13, 58, 97, 59, 45, 8, 73, 37, 35, 79, 11, 66, 76, 32, 40, 80, 96, 6, 16, 61, 33, 7, 57, 34, 12, 67, 10, 98, 56, 88, 29, 75, 91, 38, 19, 92, 43, 84, 51, 72, 81, 62, 2, 55, 0, 89, 94, 25]|[2, 1, 2, 1, 1, 2, 1, 1, 1, 1, 1, 0, 2, 2, 1, 2, 0, 0, 0, 2, 2, 1, 0, 2, 0, 2, 2, 1, 0, 1, 1, 1, 0, 0, 1, 0, 2, 1, 2, 2, 0, 0, 1, 1, 0, 2, 0, 2, 1, 0, 0, 2, 0, 0, 2, 0, 1, 1, 0, 0, 2, 1, 0, 2, 2, 0, 2, 2, 0, 1, 2, 1, 1, 2, 0, 1, 1, 1, 1, 2, 2, 1, 1, 0, 1, 0, 1, 0, 1, 0, 1, 1, 1, 1, 2, 0, 0, 1, 2, 1]|[0, 3, 0, 3, 4, 1, 4, 4, 2, 4, 3, 2, 1, 0, 2, 1, 1, 1, 2, 1, 1, 3, 0, 1, 0, 1, 1, 4, 1, 4, 3, 2, 2, 0, 4, 1, 1, 4, 0, 1, 2, 1, 4, 4, 1, 1, 0, 2, 3, 1, 2, 1, 2, 1, 1, 2, 4, 3, 0, 2, 2, 3, 1, 0, 1, 2, 0, 1, 2, 4, 1, 3, 4, 1, 2, 4, 3, 3, 3, 1, 1, 4, 3, 2, 3, 2, 4, 2, 4, 2, 3, 4, 1, 3, 1, 2, 2, 4, 1, 4]|[0, 2, 0, 0, 3, 0, 1, 3, 0, 0, 2, 0, 1, 0, 1, 0, 0, 0, 1, 0, 0, 2, 0, 0, 1, 0, 0, 3, 0, 1, 0, 2, 0, 1, 3, 0, 1, 3, 1, 0, 0, 0, 1, 3, 0, 0, 1, 0, 2, 0, 0, 0, 0, 0, 1, 0, 1, 0, 1, 1, 0, 2, 0, 0, 0, 0, 0, 0, 0, 2, 0, 0, 1, 0, 0, 1, 0, 0, 3, 0, 0, 1, 0, 0, 0, 0, 3, 0, 2, 0, 0, 2, 1, 0, 0, 0, 0, 1, 0, 3],851.9092314412391,51705.36297778711,107381.05157087493,false
26,G2_TEC,G2_TEC,[31, 22, 82, 15, 26, 9, 95, 42, 77, 68, 47, 5, 93, 78, 86, 54, 85, 63, 18, 44, 20, 49, 36, 14, 74, 50, 53, 17, 21, 28, 11, 64, 3, 23, 30, 83, 24, 41, 40, 52, 65, 27, 90, 70, 39, 87, 48, 69, 99, 4, 46, 1, 13, 58, 97, 59, 45, 8, 73, 37, 35, 79, 71, 66, 76, 32, 60, 80, 96, 6, 16, 61, 33, 7, 57, 34, 12, 67, 10, 98, 56, 88, 43, 75, 91, 38, 19, 92, 29, 2, 51, 72, 89, 25, 84, 55, 62, 81, 94, 0]|[2, 1, 2, 1, 1, 2, 1, 1, 1, 1, 1, 0, 2, 2, 1, 2, 0, 0, 0, 2, 2, 1, 0, 2, 0, 2, 2, 1, 0, 1, 1, 1, 0, 0, 1, 0, 2, 1, 2, 2, 0, 0, 1, 1, 0, 2, 0, 2, 1, 0, 0, 2, 0, 0, 2, 0, 1, 1, 0, 0, 2, 1, 1, 2, 2, 0, 2, 2, 0, 1, 2, 1, 1, 2, 0, 1, 1, 1, 1, 2, 2, 1, 1, 0, 1, 0, 1, 0, 1, 2, 1, 1, 1, 1, 0, 0, 1, 1, 2, 0]|[0, 3, 0, 3, 4, 1, 4, 4, 2, 4, 3, 2, 1, 0, 2, 1, 1, 1, 2, 1, 1, 3, 0, 1, 0, 1, 1, 4, 1, 4, 3, 2, 2, 0, 4, 1, 1, 4, 1, 1, 2, 1, 4, 4, 1, 1, 0, 2, 3, 2, 2, 1, 2, 1, 1, 2, 4, 3, 0, 2, 2, 3, 3, 0, 1, 2, 1, 1, 2, 4, 1, 3, 4, 1, 2, 4, 3, 3, 3, 1, 1, 4, 4, 2, 3, 2, 4, 2, 3, 1, 3, 4, 4, 4, 2, 2, 3, 4, 1, 2]|[0, 2, 0, 0, 3, 0, 1, 3, 0, 0, 2, 0, 1, 0, 1, 0, 0, 0, 1, 0, 0, 2, 0, 0, 1, 0, 0, 3, 0, 1, 0, 2, 0, 0, 3, 0, 1, 3, 0, 0, 0, 0, 1, 3, 0, 0, 1, 0, 2, 0, 0, 0, 0, 0, 1, 0, 1, 0, 1, 1, 0, 2, 0, 0, 0, 0, 0, 0, 0, 2, 0, 0, 1, 0, 0, 1, 0, 0, 3, 0, 0, 1, 2, 0, 0, 0, 1, 0, 3, 0, 0, 2, 1, 3, 0, 0, 0, 1, 0, 0],884.1935202920454,50179.24430758428,113572.41328703976,false
26,G3_TWC,G3_TWC,[31, 22, 82, 15, 26, 9, 42, 95, 77, 12, 47, 5, 93, 78, 86, 54, 85, 63, 18, 44, 20, 35, 43, 97, 91, 76, 10, 30, 21, 45, 71, 64, 1, 23, 17, 83, 24, 14, 60, 36, 6, 57, 94, 88, 65, 56, 79, 40, 67, 68, 46, 75, 38, 58, 19, 32, 81, 41, 27, 62, 87, 90, 99, 59, 11, 16, 72, 73, 69, 39, 37, 84, 3, 92, 25, 55, 28, 29, 51, 7, 33, 61, 98, 66, 89, 50, 4, 96, 53, 8, 80, 13, 70, 49, 52, 0, 74, 34, 2, 48]|[1, 1, 0, 1, 1, 1, 2, 1, 2, 2, 2, 2, 2, 1, 1, 0, 0, 1, 0, 2, 2, 0, 1, 2, 0, 1, 2, 2, 0, 0, 1, 2, 1, 2, 1, 0, 2, 0, 1, 1, 0, 1, 1, 1, 0, 2, 1, 1, 0, 0, 0, 0, 1, 1, 2, 1, 2, 0, 0, 0, 2, 1, 0, 1, 2, 1, 2, 1, 1, 1, 1, 1, 1, 0, 1, 1, 0, 0, 0, 1, 2, 1, 2, 2, 0, 0, 0, 0, 2, 0, 0, 0, 1, 0, 1, 0, 2, 2, 0, 0]|[4, 3, 2, 2, 0, 0, 2, 2, 2, 1, 1, 1, 2, 4, 4, 1, 2, 4, 2, 1, 1, 1, 1, 2, 1, 2, 1, 1, 1, 1, 3, 2, 3, 0, 4, 0, 1, 1, 0, 3, 2, 2, 4, 0, 1, 1, 0, 2, 0, 1, 2, 2, 1, 4, 0, 3, 2, 1, 1, 2, 1, 3, 1, 1, 1, 3, 0, 4, 3, 1, 4, 1, 1, 2, 4, 4, 2, 1, 1, 3, 1, 3, 1, 1, 2, 1, 2, 1, 0, 1, 1, 2, 3, 1, 1, 2, 1, 1, 2, 2]|[0, 2, 1, 1, 3, 3, 0, 1, 0, 0, 0, 0, 1, 0, 1, 0, 0, 3, 1, 0, 0, 0, 3, 1, 0, 2, 0, 0, 0, 1, 0, 0, 0, 0, 3, 0, 1, 0, 0, 2, 1, 1, 2, 0, 0, 0, 0, 1, 1, 0, 0, 0, 1, 3, 0, 0, 1, 0, 0, 1, 0, 2, 0, 1, 0, 2, 1, 0, 0, 1, 1, 3, 1, 1, 3, 3, 1, 0, 0, 2, 0, 0, 0, 0, 1, 0, 1, 0, 1, 0, 0, 0, 0, 1, 1, 0, 0, 0, 0, 0],799.1002142476597,58766.469869081004,90067.55034105257,false
26,G1_CMAX,G1_CMAX,[31, 22, 82, 15, 26, 9, 42, 77, 12, 5, 47, 93, 78, 86, 54, 6, 63, 18, 44, 20, 35, 43, 97, 91, 76, 10, 30, 21, 45, 17, 23, 1, 71, 83, 24, 14, 60, 36, 85, 57, 40, 95, 88, 65, 56, 79, 94, 67, 68, 46, 75, 38, 58, 19, 32, 81, 41, 62, 87, 28, 90, 59, 11, 16, 72, 73, 69, 52, 37, 64, 84, 3, 25, 29, 55, 51, 7, 98, 61, 66, 99, 33, 89, 48, 50, 96, 53, 80, 4, 8, 27, 2, 39, 13, 0, 92, 49, 74, 34, 70]|[1, 1, 0, 1, 1, 1, 2, 2, 1, 2, 2, 1, 1, 1, 0, 0, 1, 0, 2, 2, 0, 1, 2, 2, 1, 2, 2, 0, 0, 1, 2, 1, 1, 0, 2, 0, 1, 1, 0, 1, 1, 1, 1, 0, 2, 1, 1, 0, 0, 0, 0, 1, 1, 2, 1, 2, 0, 0, 2, 0, 1, 2, 2, 1, 2, 1, 1, 1, 1, 1, 1, 2, 1, 0, 2, 0, 1, 2, 1, 0, 0, 2, 1, 0, 0, 2, 0, 0, 1, 1, 0, 0, 1, 0, 0, 0, 0, 2, 2, 1]|[0, 3, 1, 2, 0, 0, 1, 1, 4, 1, 1, 4, 4, 4, 2, 2, 4, 2, 1, 1, 1, 1, 2, 1, 2, 1, 1, 1, 1, 4, 0, 3, 3, 0, 1, 1, 0, 3, 2, 2, 2, 2, 0, 1, 1, 0, 4, 0, 1, 2, 2, 1, 4, 0, 3, 2, 1, 2, 1, 2, 3, 1, 1, 3, 0, 4, 4, 1, 4, 3, 1, 2, 4, 1, 1, 1, 1, 1, 3, 1, 1, 1, 1, 1, 1, 1, 2, 1, 4, 3, 2, 2, 1, 2, 2, 0, 1, 1, 1, 4]|[1, 1, 1, 1, 3, 3, 0, 0, 0, 0, 0, 2, 0, 1, 0, 0, 3, 1, 0, 0, 0, 3, 1, 0, 2, 0, 0, 0, 1, 3, 0, 0, 0, 0, 1, 0, 0, 2, 1, 1, 1, 1, 0, 0, 0, 0, 2, 1, 0, 0, 0, 1, 3, 0, 0, 1, 0, 1, 0, 1, 2, 0, 0, 2, 1, 0, 2, 1, 1, 0, 3, 1, 3, 0, 0, 0, 2, 0, 0, 0, 0, 0, 1, 0, 0, 0, 1, 0, 0, 2, 1, 0, 1, 0, 0, 1, 1, 0, 0, 2],733.3116759547878,58140.55643565909,96674.14109675489,false
26,G4_BALANCED,G4_BALANCED,[31, 22, 82, 15, 26, 9, 95, 42, 77, 68, 47, 5, 93, 78, 86, 54, 85, 63, 18, 44, 20, 49, 36, 14, 74, 50, 53, 17, 21, 28, 71, 64, 3, 23, 30, 83, 24, 41, 60, 52, 65, 27, 90, 70, 39, 87, 48, 69, 99, 4, 46, 1, 13, 58, 97, 59, 45, 8, 73, 37, 35, 79, 11, 66, 76, 32, 40, 80, 96, 6, 16, 61, 33, 7, 57, 34, 12, 67, 10, 98, 56, 88, 29, 75, 91, 38, 19, 92, 43, 84, 51, 72, 81, 62, 2, 55, 0, 89, 94, 25]|[2, 1, 2, 1, 1, 2, 1, 1, 1, 1, 1, 0, 2, 2, 1, 2, 0, 0, 0, 2, 2, 1, 0, 2, 0, 2, 2, 1, 0, 1, 1, 1, 0, 0, 1, 0, 2, 1, 2, 2, 0, 0, 1, 1, 0, 2, 0, 2, 1, 0, 0, 2, 0, 0, 2, 0, 1, 1, 0, 0, 2, 1, 0, 2, 2, 0, 2, 2, 0, 1, 2, 1, 1, 2, 0, 1, 1, 1, 1, 2, 2, 1, 1, 0, 1, 0, 1, 0, 1, 0, 1, 1, 1, 1, 2, 0, 0, 1, 2, 1]|[0, 3, 0, 3, 4, 1, 4, 4, 2, 4, 3, 2, 1, 0, 2, 1, 1, 1, 2, 1, 1, 3, 0, 1, 0, 1, 1, 4, 1, 4, 3, 2, 2, 0, 4, 1, 1, 4, 0, 1, 2, 1, 4, 4, 1, 1, 0, 2, 3, 1, 2, 1, 2, 1, 1, 2, 4, 3, 0, 2, 2, 3, 1, 0, 1, 2, 0, 1, 2, 4, 1, 3, 4, 1, 2, 4, 3, 3, 3, 1, 1, 4, 3, 2, 3, 2, 4, 2, 4, 2, 3, 4, 1, 3, 1, 2, 2, 4, 1, 4]|[0, 2, 0, 0, 3, 0, 1, 3, 0, 0, 2, 0, 1, 0, 1, 0, 0, 0, 1, 0, 0, 2, 0, 0, 1, 0, 0, 3, 0, 1, 0, 2, 0, 1, 3, 0, 1, 3, 1, 0, 0, 0, 1, 3, 0, 0, 1, 0, 2, 0, 0, 0, 0, 0, 1, 0, 1, 0, 1, 1, 0, 2, 0, 0, 0, 0, 0, 0, 0, 2, 0, 0, 1, 0, 0, 1, 0, 0, 3, 0, 0, 1, 0, 0, 0, 0, 3, 0, 2, 0, 0, 2, 1, 0, 0, 0, 0, 1, 0, 3],851.9092314412391,51705.36297778711,107381.05157087493,false
26,G2_TEC,G2_TEC,[31, 22, 82, 15, 26, 9, 95, 42, 77, 68, 47, 5, 93, 78, 86, 54, 85, 63, 18, 44, 20, 49, 36, 14, 74, 50, 53, 17, 21, 28, 11, 64, 3, 23, 30, 83, 24, 41, 40, 52, 65, 27, 90, 70, 39, 87, 48, 69, 99, 4, 46, 1, 13, 58, 97, 59, 45, 8, 73, 37, 35, 79, 71, 66, 76, 32, 60, 80, 96, 6, 16, 61, 33, 7, 57, 34, 12, 67, 10, 98, 56, 88, 43, 75, 91, 38, 19, 92, 29, 2, 51, 72, 89, 25, 84, 55, 62, 81, 94, 0]|[2, 1, 2, 1, 1, 2, 1, 1, 1, 1, 1, 0, 2, 2, 1, 2, 0, 0, 0, 2, 2, 1, 0, 2, 0, 2, 2, 1, 0, 1, 1, 1, 0, 0, 1, 0, 2, 1, 2, 2, 0, 0, 1, 1, 0, 2, 0, 2, 1, 0, 0, 2, 0, 0, 2, 0, 1, 1, 0, 0, 2, 1, 1, 2, 2, 0, 2, 2, 0, 1, 2, 1, 1, 2, 0, 1, 1, 1, 1, 2, 2, 1, 1, 0, 1, 0, 1, 0, 1, 2, 1, 1, 1, 1, 0, 0, 1, 1, 2, 0]|[0, 3, 0, 3, 4, 1, 4, 4, 2, 4, 3, 2, 1, 0, 2, 1, 1, 1, 2, 1, 1, 3, 0, 1, 0, 1, 1, 4, 1, 4, 3, 2, 2, 0, 4, 1, 1, 4, 1, 1, 2, 1, 4, 4, 1, 1, 0, 2, 3, 2, 2, 1, 2, 1, 1, 2, 4, 3, 0, 2, 2, 3, 3, 0, 1, 2, 1, 1, 2, 4, 1, 3, 4, 1, 2, 4, 3, 3, 3, 1, 1, 4, 4, 2, 3, 2, 4, 2, 3, 1, 3, 4, 4, 4, 2, 2, 3, 4, 1, 2]|[0, 2, 0, 0, 3, 0, 1, 3, 0, 0, 2, 0, 1, 0, 1, 0, 0, 0, 1, 0, 0, 2, 0, 0, 1, 0, 0, 3, 0, 1, 0, 2, 0, 0, 3, 0, 1, 3, 0, 0, 0, 0, 1, 3, 0, 0, 1, 0, 2, 0, 0, 0, 0, 0, 1, 0, 1, 0, 1, 1, 0, 2, 0, 0, 0, 0, 0, 0, 0, 2, 0, 0, 1, 0, 0, 1, 0, 0, 3, 0, 0, 1, 2, 0, 0, 0, 1, 0, 3, 0, 0, 2, 1, 3, 0, 0, 0, 1, 0, 0],884.1935202920454,50179.24430758428,113572.41328703976,false
26,G3_TWC,G3_TWC,[31, 22, 82, 15, 26, 9, 42, 95, 77, 12, 47, 5, 93, 78, 86, 54, 85, 63, 18, 44, 20, 35, 43, 97, 91, 76, 10, 30, 21, 45, 71, 64, 1, 23, 17, 83, 24, 14, 60, 36, 6, 57, 94, 88, 65, 56, 79, 40, 67, 68, 46, 75, 38, 58, 19, 32, 81, 41, 27, 62, 87, 90, 99, 59, 11, 16, 72, 73, 69, 39, 37, 84, 3, 92, 25, 55, 28, 29, 51, 7, 33, 61, 98, 66, 89, 50, 4, 96, 53, 8, 80, 13, 70, 49, 52, 0, 74, 34, 2, 48]|[1, 1, 0, 1, 1, 1, 2, 1, 2, 2, 2, 2, 2, 1, 1, 0, 0, 1, 0, 2, 2, 0, 1, 2, 0, 1, 2, 2, 0, 0, 1, 2, 1, 2, 1, 0, 2, 0, 1, 1, 0, 1, 1, 1, 0, 2, 1, 1, 0, 0, 0, 0, 1, 1, 2, 1, 2, 0, 0, 0, 2, 1, 0, 1, 2, 1, 2, 1, 1, 1, 1, 1, 1, 0, 1, 1, 0, 0, 0, 1, 2, 1, 2, 2, 0, 0, 0, 0, 2, 0, 0, 0, 1, 0, 1, 0, 2, 2, 0, 0]|[4, 3, 2, 2, 0, 0, 2, 2, 2, 1, 1, 1, 2, 4, 4, 1, 2, 4, 2, 1, 1, 1, 1, 2, 1, 2, 1, 1, 1, 1, 3, 2, 3, 0, 4, 0, 1, 1, 0, 3, 2, 2, 4, 0, 1, 1, 0, 2, 0, 1, 2, 2, 1, 4, 0, 3, 2, 1, 1, 2, 1, 3, 1, 1, 1, 3, 0, 4, 3, 1, 4, 1, 1, 2, 4, 4, 2, 1, 1, 3, 1, 3, 1, 1, 2, 1, 2, 1, 0, 1, 1, 2, 3, 1, 1, 2, 1, 1, 2, 2]|[0, 2, 1, 1, 3, 3, 0, 1, 0, 0, 0, 0, 1, 0, 1, 0, 0, 3, 1, 0, 0, 0, 3, 1, 0, 2, 0, 0, 0, 1, 0, 0, 0, 0, 3, 0, 1, 0, 0, 2, 1, 1, 2, 0, 0, 0, 0, 1, 1, 0, 0, 0, 1, 3, 0, 0, 1, 0, 0, 1, 0, 2, 0, 1, 0, 2, 1, 0, 0, 1, 1, 3, 1, 1, 3, 3, 1, 0, 0, 2, 0, 0, 0, 0, 1, 0, 1, 0, 1, 0, 0, 0, 0, 1, 1, 0, 0, 0, 0, 0],799.1002142476597,58766.469869081004,90067.55034105257,false
26,G1_CMAX,G1_CMAX,[31, 22, 82, 15, 26, 9, 42, 77, 12, 5, 47, 93, 78, 86, 54, 6, 63, 18, 44, 20, 35, 43, 97, 91, 76, 10, 30, 21, 45, 17, 23, 1, 71, 83, 24, 14, 60, 36, 85, 57, 40, 95, 88, 65, 56, 79, 94, 67, 68, 46, 75, 38, 58, 19, 32, 81, 41, 62, 87, 28, 90, 59, 11, 16, 72, 73, 69, 52, 37, 64, 84, 3, 25, 29, 55, 51, 7, 98, 61, 66, 99, 33, 89, 48, 50, 96, 53, 80, 4, 8, 27, 2, 39, 13, 0, 92, 49, 74, 34, 70]|[1, 1, 0, 1, 1, 1, 2, 2, 1, 2, 2, 1, 1, 1, 0, 0, 1, 0, 2, 2, 0, 1, 2, 2, 1, 2, 2, 0, 0, 1, 2, 1, 1, 0, 2, 0, 1, 1, 0, 1, 1, 1, 1, 0, 2, 1, 1, 0, 0, 0, 0, 1, 1, 2, 1, 2, 0, 0, 2, 0, 1, 2, 2, 1, 2, 1, 1, 1, 1, 1, 1, 2, 1, 0, 2, 0, 1, 2, 1, 0, 0, 2, 1, 0, 0, 2, 0, 0, 1, 1, 0, 0, 1, 0, 0, 0, 0, 2, 2, 1]|[0, 3, 1, 2, 0, 0, 1, 1, 4, 1, 1, 4, 4, 4, 2, 2, 4, 2, 1, 1, 1, 1, 2, 1, 2, 1, 1, 1, 1, 4, 0, 3, 3, 0, 1, 1, 0, 3, 2, 2, 2, 2, 0, 1, 1, 0, 4, 0, 1, 2, 2, 1, 4, 0, 3, 2, 1, 2, 1, 2, 3, 1, 1, 3, 0, 4, 4, 1, 4, 3, 1, 2, 4, 1, 1, 1, 1, 1, 3, 1, 1, 1, 1, 1, 1, 1, 2, 1, 4, 3, 2, 2, 1, 2, 2, 0, 1, 1, 1, 4]|[1, 1, 1, 1, 3, 3, 0, 0, 0, 0, 0, 2, 0, 1, 0, 0, 3, 1, 0, 0, 0, 3, 1, 0, 2, 0, 0, 0, 1, 3, 0, 0, 0, 0, 1, 0, 0, 2, 1, 1, 1, 1, 0, 0, 0, 0, 2, 1, 0, 0, 0, 1, 3, 0, 0, 1, 0, 1, 0, 1, 2, 0, 0, 2, 1, 0, 2, 1, 1, 0, 3, 1, 3, 0, 0, 0, 2, 0, 0, 0, 0, 0, 1, 0, 0, 0, 1, 0, 0, 2, 1, 0, 1, 0, 0, 1, 1, 0, 0, 2],733.3116759547878,58140.55643565909,96674.14109675489,false
26,G4_BALANCED,G4_BALANCED,[31, 22, 82, 15, 26, 9, 95, 42, 77, 68, 47, 5, 93, 78, 86, 54, 85, 63, 18, 44, 20, 49, 36, 14, 74, 50, 53, 17, 21, 28, 71, 64, 3, 23, 30, 83, 24, 41, 60, 52, 65, 27, 90, 70, 39, 87, 48, 69, 99, 4, 46, 1, 13, 58, 97, 59, 45, 8, 73, 37, 35, 79, 11, 66, 76, 32, 40, 80, 96, 6, 16, 61, 33, 7, 57, 34, 12, 67, 10, 98, 56, 88, 29, 75, 91, 38, 19, 92, 43, 84, 51, 72, 81, 62, 2, 55, 0, 89, 94, 25]|[2, 1, 2, 1, 1, 2, 1, 1, 1, 1, 1, 0, 2, 2, 1, 2, 0, 0, 0, 2, 2, 1, 0, 2, 0, 2, 2, 1, 0, 1, 1, 1, 0, 0, 1, 0, 2, 1, 2, 2, 0, 0, 1, 1, 0, 2, 0, 2, 1, 0, 0, 2, 0, 0, 2, 0, 1, 1, 0, 0, 2, 1, 0, 2, 2, 0, 2, 2, 0, 1, 2, 1, 1, 2, 0, 1, 1, 1, 1, 2, 2, 1, 1, 0, 1, 0, 1, 0, 1, 0, 1, 1, 1, 1, 2, 0, 0, 1, 2, 1]|[0, 3, 0, 3, 4, 1, 4, 4, 2, 4, 3, 2, 1, 0, 2, 1, 1, 1, 2, 1, 1, 3, 0, 1, 0, 1, 1, 4, 1, 4, 3, 2, 2, 0, 4, 1, 1, 4, 0, 1, 2, 1, 4, 4, 1, 1, 0, 2, 3, 1, 2, 1, 2, 1, 1, 2, 4, 3, 0, 2, 2, 3, 1, 0, 1, 2, 0, 1, 2, 4, 1, 3, 4, 1, 2, 4, 3, 3, 3, 1, 1, 4, 3, 2, 3, 2, 4, 2, 4, 2, 3, 4, 1, 3, 1, 2, 2, 4, 1, 4]|[0, 2, 0, 0, 3, 0, 1, 3, 0, 0, 2, 0, 1, 0, 1, 0, 0, 0, 1, 0, 0, 2, 0, 0, 1, 0, 0, 3, 0, 1, 0, 2, 0, 1, 3, 0, 1, 3, 1, 0, 0, 0, 1, 3, 0, 0, 1, 0, 2, 0, 0, 0, 0, 0, 1, 0, 1, 0, 1, 1, 0, 2, 0, 0, 0, 0, 0, 0, 0, 2, 0, 0, 1, 0, 0, 1, 0, 0, 3, 0, 0, 1, 0, 0, 0, 0, 3, 0, 2, 0, 0, 2, 1, 0, 0, 0, 0, 1, 0, 3],851.9092314412391,51705.36297778711,107381.05157087493,false
26,G2_TEC,G2_TEC,[31, 22, 82, 15, 26, 9, 95, 42, 77, 68, 47, 5, 93, 78, 86, 54, 85, 63, 18, 44, 20, 49, 36, 14, 74, 50, 53, 17, 21, 28, 11, 64, 3, 23, 30, 83, 24, 41, 40, 52, 65, 27, 90, 70, 39, 87, 48, 69, 99, 4, 46, 1, 13, 58, 97, 59, 45, 8, 73, 37, 35, 79, 71, 66, 76, 32, 60, 80, 96, 6, 16, 61, 33, 7, 57, 34, 12, 67, 10, 98, 56, 88, 43, 75, 91, 38, 19, 92, 29, 2, 51, 72, 89, 25, 84, 55, 62, 81, 94, 0]|[2, 1, 2, 1, 1, 2, 1, 1, 1, 1, 1, 0, 2, 2, 1, 2, 0, 0, 0, 2, 2, 1, 0, 2, 0, 2, 2, 1, 0, 1, 1, 1, 0, 0, 1, 0, 2, 1, 2, 2, 0, 0, 1, 1, 0, 2, 0, 2, 1, 0, 0, 2, 0, 0, 2, 0, 1, 1, 0, 0, 2, 1, 1, 2, 2, 0, 2, 2, 0, 1, 2, 1, 1, 2, 0, 1, 1, 1, 1, 2, 2, 1, 1, 0, 1, 0, 1, 0, 1, 2, 1, 1, 1, 1, 0, 0, 1, 1, 2, 0]|[0, 3, 0, 3, 4, 1, 4, 4, 2, 4, 3, 2, 1, 0, 2, 1, 1, 1, 2, 1, 1, 3, 0, 1, 0, 1, 1, 4, 1, 4, 3, 2, 2, 0, 4, 1, 1, 4, 1, 1, 2, 1, 4, 4, 1, 1, 0, 2, 3, 2, 2, 1, 2, 1, 1, 2, 4, 3, 0, 2, 2, 3, 3, 0, 1, 2, 1, 1, 2, 4, 1, 3, 4, 1, 2, 4, 3, 3, 3, 1, 1, 4, 4, 2, 3, 2, 4, 2, 3, 1, 3, 4, 4, 4, 2, 2, 3, 4, 1, 2]|[0, 2, 0, 0, 3, 0, 1, 3, 0, 0, 2, 0, 1, 0, 1, 0, 0, 0, 1, 0, 0, 2, 0, 0, 1, 0, 0, 3, 0, 1, 0, 2, 0, 0, 3, 0, 1, 3, 0, 0, 0, 0, 1, 3, 0, 0, 1, 0, 2, 0, 0, 0, 0, 0, 1, 0, 1, 0, 1, 1, 0, 2, 0, 0, 0, 0, 0, 0, 0, 2, 0, 0, 1, 0, 0, 1, 0, 0, 3, 0, 0, 1, 2, 0, 0, 0, 1, 0, 3, 0, 0, 2, 1, 3, 0, 0, 0, 1, 0, 0],884.1935202920454,50179.24430758428,113572.41328703976,false
26,G3_TWC,G3_TWC,[31, 22, 82, 15, 26, 9, 42, 95, 77, 12, 47, 5, 93, 78, 86, 54, 85, 63, 18, 44, 20, 35, 43, 97, 91, 76, 10, 30, 21, 45, 71, 64, 1, 23, 17, 83, 24, 14, 60, 36, 6, 57, 94, 88, 65, 56, 79, 40, 67, 68, 46, 75, 38, 58, 19, 32, 81, 41, 27, 62, 87, 90, 99, 59, 11, 16, 72, 73, 69, 39, 37, 84, 3, 92, 25, 55, 28, 29, 51, 7, 33, 61, 96, 66, 89, 98, 4, 50, 53, 8, 80, 48, 52, 49, 70, 0, 74, 34, 2, 13]|[1, 1, 0, 1, 1, 1, 2, 1, 2, 2, 2, 2, 2, 1, 1, 0, 0, 1, 0, 2, 2, 0, 1, 2, 0, 1, 2, 2, 0, 0, 1, 2, 1, 2, 1, 0, 2, 0, 1, 1, 0, 1, 1, 1, 0, 2, 1, 1, 0, 0, 0, 0, 1, 1, 2, 1, 2, 0, 0, 0, 2, 1, 0, 1, 2, 1, 2, 1, 1, 1, 1, 1, 1, 0, 1, 1, 0, 0, 0, 1, 2, 1, 0, 2, 0, 2, 0, 0, 2, 0, 0, 0, 1, 0, 1, 0, 2, 2, 0, 0]|[4, 3, 2, 2, 0, 0, 2, 2, 2, 1, 1, 1, 2, 4, 4, 1, 2, 4, 2, 1, 1, 1, 1, 2, 1, 2, 1, 1, 1, 1, 3, 2, 3, 0, 4, 0, 1, 1, 0, 3, 2, 2, 4, 0, 1, 1, 0, 2, 0, 1, 2, 2, 1, 4, 0, 3, 2, 1, 1, 2, 1, 3, 1, 1, 1, 3, 0, 4, 3, 1, 4, 1, 1, 2, 4, 4, 2, 1, 1, 3, 1, 3, 1, 1, 2, 1, 2, 1, 0, 1, 1, 2, 1, 1, 3, 2, 1, 1, 2, 2]|[0, 2, 1, 1, 3, 3, 0, 1, 0, 0, 0, 0, 1, 0, 1, 0, 0, 3, 1, 0, 0, 0, 3, 1, 0, 2, 0, 0, 0, 1, 0, 0, 0, 0, 3, 0, 1, 0, 0, 2, 1, 1, 2, 0, 0, 0, 0, 1, 1, 0, 0, 0, 1, 3, 0, 0, 1, 0, 0, 1, 0, 2, 0, 1, 0, 2, 1, 0, 0, 1, 1, 3, 1, 1, 3, 3, 1, 0, 0, 2, 0, 0, 0, 0, 1, 0, 1, 0, 1, 0, 0, 0, 1, 1, 0, 0, 0, 0, 0, 0],796.6898737612546,58776.89067831621,90107.71043706297,false
26,G1_CMAX,G1_CMAX,[31, 22, 82, 15, 26, 9, 42, 77, 12, 5, 47, 93, 78, 86, 54, 6, 63, 18, 44, 20, 35, 43, 97, 91, 76, 10, 30, 21, 45, 17, 23, 1, 71, 83, 24, 14, 60, 36, 85, 57, 40, 95, 88, 65, 56, 79, 94, 67, 68, 46, 75, 38, 58, 19, 32, 81, 41, 62, 87, 28, 90, 59, 11, 16, 72, 73, 69, 52, 37, 64, 84, 3, 25, 29, 55, 51, 7, 98, 61, 66, 99, 33, 89, 48, 50, 96, 53, 80, 4, 8, 27, 2, 39, 13, 0, 92, 49, 74, 34, 70]|[1, 1, 0, 1, 1, 1, 2, 2, 1, 2, 2, 1, 1, 1, 0, 0, 1, 0, 2, 2, 0, 1, 2, 2, 1, 2, 2, 0, 0, 1, 2, 1, 1, 0, 2, 0, 1, 1, 0, 1, 1, 1, 1, 0, 2, 1, 1, 0, 0, 0, 0, 1, 1, 2, 1, 2, 0, 0, 2, 0, 1, 2, 2, 1, 2, 1, 1, 1, 1, 1, 1, 2, 1, 0, 2, 0, 1, 2, 1, 0, 0, 2, 1, 0, 0, 2, 0, 0, 1, 1, 0, 0, 1, 0, 0, 0, 0, 2, 2, 1]|[0, 3, 1, 2, 0, 0, 1, 1, 4, 1, 1, 4, 4, 4, 2, 2, 4, 2, 1, 1, 1, 1, 2, 1, 2, 1, 1, 1, 1, 4, 0, 3, 3, 0, 1, 1, 0, 3, 2, 2, 2, 2, 0, 1, 1, 0, 4, 0, 1, 2, 2, 1, 4, 0, 3, 2, 1, 2, 1, 2, 3, 1, 1, 3, 0, 4, 4, 1, 4, 3, 1, 2, 4, 1, 1, 1, 1, 1, 3, 1, 1, 1, 1, 1, 1, 1, 2, 1, 4, 3, 2, 2, 1, 2, 2, 0, 1, 1, 1, 4]|[1, 1, 1, 1, 3, 3, 0, 0, 0, 0, 0, 2, 0, 1, 0, 0, 3, 1, 0, 0, 0, 3, 1, 0, 2, 0, 0, 0, 1, 3, 0, 0, 0, 0, 1, 0, 0, 2, 1, 1, 1, 1, 0, 0, 0, 0, 2, 1, 0, 0, 0, 1, 3, 0, 0, 1, 0, 1, 0, 1, 2, 0, 0, 2, 1, 0, 2, 1, 1, 0, 3, 1, 3, 0, 0, 0, 2, 0, 0, 0, 0, 0, 1, 0, 0, 0, 1, 0, 0, 2, 1, 0, 1, 0, 0, 1, 1, 0, 0, 2],733.3116759547878,58140.55643565909,96674.14109675489,false
26,G4_BALANCED,G4_BALANCED,[31, 22, 82, 15, 26, 9, 95, 42, 77, 68, 47, 5, 93, 78, 86, 54, 85, 63, 18, 44, 20, 49, 36, 14, 74, 50, 53, 17, 21, 28, 71, 64, 3, 23, 30, 83, 24, 41, 60, 52, 65, 27, 90, 70, 39, 87, 48, 69, 99, 4, 46, 1, 13, 58, 97, 59, 45, 8, 73, 37, 35, 79, 11, 66, 76, 32, 40, 80, 96, 6, 16, 61, 33, 7, 57, 34, 12, 67, 10, 98, 56, 88, 29, 75, 91, 38, 19, 92, 43, 84, 51, 72, 81, 62, 2, 55, 0, 89, 94, 25]|[2, 1, 2, 1, 1, 2, 1, 1, 1, 1, 1, 0, 2, 2, 1, 2, 0, 0, 0, 2, 2, 1, 0, 2, 0, 2, 2, 1, 0, 1, 1, 1, 0, 0, 1, 0, 2, 1, 2, 2, 0, 0, 1, 1, 0, 2, 0, 2, 1, 0, 0, 2, 0, 0, 2, 0, 1, 1, 0, 0, 2, 1, 0, 2, 2, 0, 2, 2, 0, 1, 2, 1, 1, 2, 0, 1, 1, 1, 1, 2, 2, 1, 1, 0, 1, 0, 1, 0, 1, 0, 1, 1, 1, 1, 2, 0, 0, 1, 2, 1]|[0, 3, 0, 3, 4, 1, 4, 4, 2, 4, 3, 2, 1, 0, 2, 1, 1, 1, 2, 1, 1, 3, 0, 1, 0, 1, 1, 4, 1, 4, 3, 2, 2, 0, 4, 1, 1, 4, 0, 1, 2, 1, 4, 4, 1, 1, 0, 2, 3, 1, 2, 1, 2, 1, 1, 2, 4, 3, 0, 2, 2, 3, 1, 0, 1, 2, 0, 1, 2, 4, 1, 3, 4, 1, 2, 4, 3, 3, 3, 1, 1, 4, 3, 2, 3, 2, 4, 2, 4, 2, 3, 4, 1, 3, 1, 2, 2, 4, 1, 4]|[0, 2, 0, 0, 3, 0, 1, 3, 0, 0, 2, 0, 1, 0, 1, 0, 0, 0, 1, 0, 0, 2, 0, 0, 1, 0, 0, 3, 0, 1, 0, 2, 0, 1, 3, 0, 1, 3, 1, 0, 0, 0, 1, 3, 0, 0, 1, 0, 2, 0, 0, 0, 0, 0, 1, 0, 1, 0, 1, 1, 0, 2, 0, 0, 0, 0, 0, 0, 0, 2, 0, 0, 1, 0, 0, 1, 0, 0, 3, 0, 0, 1, 0, 0, 0, 0, 3, 0, 2, 0, 0, 2, 1, 0, 0, 0, 0, 1, 0, 3],851.9092314412391,51705.36297778711,107381.05157087493,false
26,G2_TEC,G2_TEC,[31, 22, 82, 15, 26, 9, 95, 42, 77, 68, 47, 5, 93, 78, 86, 54, 85, 63, 18, 44, 20, 49, 36, 14, 74, 50, 53, 17, 21, 28, 11, 64, 3, 23, 30, 83, 24, 41, 40, 52, 65, 27, 90, 70, 39, 87, 48, 69, 99, 4, 46, 1, 13, 58, 97, 59, 45, 8, 73, 37, 35, 79, 71, 66, 76, 32, 60, 80, 96, 6, 16, 61, 33, 7, 57, 34, 12, 67, 10, 98, 56, 88, 43, 75, 91, 38, 19, 92, 29, 2, 51, 72, 89, 25, 84, 55, 62, 81, 94, 0]|[2, 1, 2, 1, 1, 2, 1, 1, 1, 1, 1, 0, 2, 2, 1, 2, 0, 0, 0, 2, 2, 1, 0, 2, 0, 2, 2, 1, 0, 1, 1, 1, 0, 0, 1, 0, 2, 1, 2, 2, 0, 0, 1, 1, 0, 2, 0, 2, 1, 0, 0, 2, 0, 0, 2, 0, 1, 1, 0, 0, 2, 1, 1, 2, 2, 0, 2, 2, 0, 1, 2, 1, 1, 2, 0, 1, 1, 1, 1, 2, 2, 1, 1, 0, 1, 0, 1, 0, 1, 2, 1, 1, 1, 1, 0, 0, 1, 1, 2, 0]|[0, 3, 0, 3, 4, 1, 4, 4, 2, 4, 3, 2, 1, 0, 2, 1, 1, 1, 2, 1, 1, 3, 0, 1, 0, 1, 1, 4, 1, 4, 3, 2, 2, 0, 4, 1, 1, 4, 1, 1, 2, 1, 4, 4, 1, 1, 0, 2, 3, 2, 2, 1, 2, 1, 1, 2, 4, 3, 0, 2, 2, 3, 3, 0, 1, 2, 1, 1, 2, 4, 1, 3, 4, 1, 2, 4, 3, 3, 3, 1, 1, 4, 4, 2, 3, 2, 4, 2, 3, 1, 3, 4, 4, 4, 2, 2, 3, 4, 1, 2]|[0, 2, 0, 0, 3, 0, 1, 3, 0, 0, 2, 0, 1, 0, 1, 0, 0, 0, 1, 0, 0, 2, 0, 0, 1, 0, 0, 3, 0, 1, 0, 2, 0, 0, 3, 0, 1, 3, 0, 0, 0, 0, 1, 3, 0, 0, 1, 0, 2, 0, 0, 0, 0, 0, 1, 0, 1, 0, 1, 1, 0, 2, 0, 0, 0, 0, 0, 0, 0, 2, 0, 0, 1, 0, 0, 1, 0, 0, 3, 0, 0, 1, 2, 0, 0, 0, 1, 0, 3, 0, 0, 2, 1, 3, 0, 0, 0, 1, 0, 0],884.1935202920454,50179.24430758428,113572.41328703976,false
26,G3_TWC,G3_TWC,[31, 22, 82, 15, 26, 9, 42, 95, 77, 12, 47, 5, 93, 78, 86, 54, 85, 63, 18, 44, 20, 35, 43, 97, 91, 76, 10, 30, 21, 45, 71, 64, 1, 23, 17, 83, 24, 14, 60, 36, 6, 57, 94, 88, 65, 56, 79, 40, 67, 68, 46, 75, 38, 58, 19, 32, 81, 41, 27, 62, 87, 90, 99, 59, 11, 16, 72, 73, 69, 39, 37, 84, 3, 92, 25, 55, 28, 29, 51, 7, 33, 61, 98, 66, 89, 50, 4, 96, 53, 8, 80, 48, 70, 0, 52, 49, 74, 34, 2, 13]|[1, 1, 0, 1, 1, 1, 2, 1, 2, 1, 2, 2, 2, 1, 1, 0, 0, 1, 0, 2, 2, 0, 1, 2, 0, 1, 2, 2, 0, 0, 1, 1, 1, 2, 1, 0, 2, 0, 1, 1, 0, 1, 1, 1, 0, 2, 1, 1, 0, 0, 0, 0, 1, 1, 2, 1, 2, 0, 0, 0, 2, 1, 0, 1, 2, 1, 2, 1, 1, 1, 1, 1, 1, 0, 1, 2, 0, 0, 0, 1, 2, 1, 2, 2, 0, 0, 0, 0, 2, 2, 0, 0, 1, 0, 1, 0, 2, 2, 0, 0]|[4, 3, 2, 2, 0, 0, 2, 2, 2, 4, 1, 1, 2, 4, 4, 1, 2, 4, 2, 1, 1, 1, 1, 2, 1, 2, 1, 1, 1, 1, 3, 3, 3, 0, 4, 0, 1, 1, 0, 3, 2, 2, 4, 0, 1, 1, 0, 2, 0, 1, 2, 2, 1, 4, 0, 3, 2, 1, 1, 2, 1, 3, 1, 1, 1, 3, 0, 4, 3, 1, 4, 1, 1, 2, 4, 1, 2, 1, 1, 3, 1, 3, 1, 1, 2, 1, 2, 1, 0, 0, 1, 2, 3, 2, 1, 1, 1, 1, 2, 2]|[0, 2, 1, 1, 3, 3, 0, 1, 0, 0, 0, 0, 1, 0, 1, 0, 0, 3, 1, 0, 0, 0, 3, 1, 0, 2, 0, 0, 0, 1, 0, 0, 0, 0, 3, 0, 1, 0, 0, 2, 1, 1, 2, 0, 0, 0, 0, 1, 1, 0, 0, 0, 1, 3, 0, 0, 1, 0, 0, 1, 0, 2, 0, 1, 0, 2, 1, 0, 0, 1, 1, 3, 1, 1, 3, 0, 1, 0, 0, 2, 0, 0, 0, 0, 1, 0, 1, 0, 1, 1, 0, 0, 0, 0, 1, 1, 0, 0, 0, 0],788.9003009064769,59172.44047958622,90143.14955205742,false
26,G1_CMAX,G1_CMAX,[31, 22, 82, 15, 26, 9, 42, 77, 12, 5, 47, 93, 78, 86, 54, 6, 63, 18, 44, 20, 35, 43, 97, 91, 76, 10, 30, 21, 45, 17, 23, 1, 71, 83, 24, 14, 60, 36, 85, 57, 40, 95, 88, 65, 56, 79, 94, 67, 68, 46, 75, 38, 58, 19, 32, 81, 41, 62, 87, 28, 90, 59, 11, 16, 72, 73, 69, 52, 37, 64, 84, 3, 25, 29, 55, 51, 7, 98, 61, 66, 99, 33, 89, 48, 50, 96, 53, 80, 4, 8, 27, 2, 39, 13, 0, 92, 49, 74, 34, 70]|[1, 1, 0, 1, 1, 1, 2, 2, 1, 2, 2, 1, 1, 1, 0, 0, 1, 0, 2, 2, 0, 1, 2, 2, 1, 2, 2, 0, 0, 1, 2, 1, 1, 0, 2, 0, 1, 1, 0, 1, 1, 1, 1, 0, 2, 1, 1, 0, 0, 0, 0, 1, 1, 2, 1, 2, 0, 0, 2, 0, 1, 2, 2, 1, 2, 1, 1, 1, 1, 1, 1, 2, 1, 0, 2, 0, 1, 2, 1, 0, 0, 2, 1, 0, 0, 2, 0, 0, 1, 1, 0, 0, 1, 0, 0, 0, 0, 2, 2, 1]|[0, 3, 1, 2, 0, 0, 1, 1, 4, 1, 1, 4, 4, 4, 2, 2, 4, 2, 1, 1, 1, 1, 2, 1, 2, 1, 1, 1, 1, 4, 0, 3, 3, 0, 1, 1, 0, 3, 2, 2, 2, 2, 0, 1, 1, 0, 4, 0, 1, 2, 2, 1, 4, 0, 3, 2, 1, 2, 1, 2, 3, 1, 1, 3, 0, 4, 4, 1, 4, 3, 1, 2, 4, 1, 1, 1, 1, 1, 3, 1, 1, 1, 1, 1, 1, 1, 2, 1, 4, 3, 2, 2, 1, 2, 2, 0, 1, 1, 1, 4]|[1, 1, 1, 1, 3, 3, 0, 0, 0, 0, 0, 2, 0, 1, 0, 0, 3, 1, 0, 0, 0, 3, 1, 0, 2, 0, 0, 0, 1, 3, 0, 0, 0, 0, 1, 0, 0, 2, 1, 1, 1, 1, 0, 0, 0, 0, 2, 1, 0, 0, 0, 1, 3, 0, 0, 1, 0, 1, 0, 1, 2, 0, 0, 2, 1, 0, 2, 1, 1, 0, 3, 1, 3, 0, 0, 0, 2, 0, 0, 0, 0, 0, 1, 0, 0, 0, 1, 0, 0, 2, 1, 0, 1, 0, 0, 1, 1, 0, 0, 2],733.3116759547878,58140.55643565909,96674.14109675489,false
26,G4_BALANCED,G4_BALANCED,[31, 22, 82, 15, 26, 9, 95, 42, 77, 68, 47, 5, 93, 78, 86, 54, 85, 63, 18, 44, 20, 49, 36, 14, 74, 50, 53, 17, 21, 28, 71, 64, 3, 23, 30, 83, 24, 41, 60, 52, 65, 27, 90, 70, 39, 87, 48, 69, 99, 4, 46, 1, 13, 58, 97, 59, 45, 8, 73, 37, 35, 79, 11, 66, 76, 32, 40, 80, 96, 6, 16, 61, 33, 7, 57, 34, 12, 67, 10, 98, 56, 88, 29, 75, 91, 38, 19, 92, 43, 84, 51, 72, 81, 62, 2, 55, 0, 89, 94, 25]|[2, 1, 2, 1, 1, 2, 1, 1, 1, 1, 1, 0, 2, 2, 1, 2, 0, 0, 0, 2, 2, 1, 0, 2, 0, 2, 2, 1, 0, 1, 1, 1, 0, 0, 1, 0, 2, 1, 2, 2, 0, 0, 1, 1, 0, 2, 0, 2, 1, 0, 0, 2, 0, 0, 2, 0, 1, 1, 0, 0, 2, 1, 0, 2, 2, 0, 2, 2, 0, 1, 2, 1, 1, 2, 0, 1, 1, 1, 1, 2, 2, 1, 1, 0, 1, 0, 1, 0, 1, 0, 1, 1, 1, 1, 2, 0, 0, 1, 2, 1]|[0, 3, 0, 3, 4, 1, 4, 4, 2, 4, 3, 2, 1, 0, 2, 1, 1, 1, 2, 1, 1, 3, 0, 1, 0, 1, 1, 4, 1, 4, 3, 2, 2, 0, 4, 1, 1, 4, 0, 1, 2, 1, 4, 4, 1, 1, 0, 2, 3, 1, 2, 1, 2, 1, 1, 2, 4, 3, 0, 2, 2, 3, 1, 0, 1, 2, 0, 1, 2, 4, 1, 3, 4, 1, 2, 4, 3, 3, 3, 1, 1, 4, 3, 2, 3, 2, 4, 2, 4, 2, 3, 4, 1, 3, 1, 2, 2, 4, 1, 4]|[0, 2, 0, 0, 3, 0, 1, 3, 0, 0, 2, 0, 1, 0, 1, 0, 0, 0, 1, 0, 0, 2, 0, 0, 1, 0, 0, 3, 0, 1, 0, 2, 0, 1, 3, 0, 1, 3, 1, 0, 0, 0, 1, 3, 0, 0, 1, 0, 2, 0, 0, 0, 0, 0, 1, 0, 1, 0, 1, 1, 0, 2, 0, 0, 0, 0, 0, 0, 0, 2, 0, 0, 1, 0, 0, 1, 0, 0, 3, 0, 0, 1, 0, 0, 0, 0, 3, 0, 2, 0, 0, 2, 1, 0, 0, 0, 0, 1, 0, 3],851.9092314412391,51705.36297778711,107381.05157087493,false
26,G2_TEC,G2_TEC,[31, 22, 82, 15, 26, 9, 95, 42, 77, 68, 47, 5, 93, 78, 86, 54, 85, 63, 18, 44, 20, 49, 36, 14, 74, 50, 53, 17, 21, 28, 11, 64, 3, 23, 30, 83, 24, 41, 40, 52, 65, 27, 90, 70, 39, 87, 48, 69, 99, 4, 46, 1, 13, 58, 97, 59, 45, 8, 73, 37, 35, 79, 71, 66, 76, 32, 60, 80, 96, 6, 16, 61, 33, 7, 57, 34, 12, 67, 10, 98, 56, 88, 43, 75, 91, 38, 19, 92, 29, 2, 51, 72, 89, 25, 84, 55, 62, 81, 94, 0]|[2, 1, 2, 1, 1, 2, 1, 1, 1, 1, 1, 0, 2, 2, 1, 2, 0, 0, 0, 2, 2, 1, 0, 2, 0, 2, 2, 1, 0, 1, 1, 1, 0, 0, 1, 0, 2, 1, 2, 2, 0, 0, 1, 1, 0, 2, 0, 2, 1, 0, 0, 2, 0, 0, 2, 0, 1, 1, 0, 0, 2, 1, 1, 2, 2, 0, 2, 2, 0, 1, 2, 1, 1, 2, 0, 1, 1, 1, 1, 2, 2, 1, 1, 0, 1, 0, 1, 0, 1, 2, 1, 1, 1, 1, 0, 0, 1, 1, 2, 0]|[0, 3, 0, 3, 4, 1, 4, 4, 2, 4, 3, 2, 1, 0, 2, 1, 1, 1, 2, 1, 1, 3, 0, 1, 0, 1, 1, 4, 1, 4, 3, 2, 2, 0, 4, 1, 1, 4, 1, 1, 2, 1, 4, 4, 1, 1, 0, 2, 3, 2, 2, 1, 2, 1, 1, 2, 4, 3, 0, 2, 2, 3, 3, 0, 1, 2, 1, 1, 2, 4, 1, 3, 4, 1, 2, 4, 3, 3, 3, 1, 1, 4, 4, 2, 3, 2, 4, 2, 3, 1, 3, 4, 4, 4, 2, 2, 3, 4, 1, 2]|[0, 2, 0, 0, 3, 0, 1, 3, 0, 0, 2, 0, 1, 0, 1, 0, 0, 0, 1, 0, 0, 2, 0, 0, 1, 0, 0, 3, 0, 1, 0, 2, 0, 0, 3, 0, 1, 3, 0, 0, 0, 0, 1, 3, 0, 0, 1, 0, 2, 0, 0, 0, 0, 0, 1, 0, 1, 0, 1, 1, 0, 2, 0, 0, 0, 0, 0, 0, 0, 2, 0, 0, 1, 0, 0, 1, 0, 0, 3, 0, 0, 1, 2, 0, 0, 0, 1, 0, 3, 0, 0, 2, 1, 3, 0, 0, 0, 1, 0, 0],884.1935202920454,50179.24430758428,113572.41328703976,false
26,G3_TWC,G3_TWC,[31, 22, 82, 15, 26, 58, 95, 42, 77, 12, 47, 5, 93, 78, 98, 54, 85, 63, 18, 44, 20, 35, 43, 97, 91, 76, 10, 30, 21, 45, 71, 64, 1, 23, 17, 83, 24, 14, 60, 36, 6, 57, 94, 88, 65, 56, 79, 40, 67, 68, 46, 75, 38, 9, 19, 32, 81, 41, 27, 62, 87, 90, 99, 59, 11, 16, 72, 73, 70, 39, 37, 84, 3, 92, 25, 55, 28, 29, 51, 7, 33, 61, 86, 66, 89, 50, 48, 96, 53, 8, 80, 4, 34, 49, 52, 0, 13, 69, 2, 74]|[1, 1, 0, 1, 1, 1, 2, 1, 2, 1, 2, 2, 2, 1, 1, 0, 0, 1, 0, 2, 2, 0, 1, 2, 0, 1, 2, 2, 0, 0, 1, 2, 1, 2, 1, 0, 2, 0, 1, 1, 0, 1, 1, 1, 0, 2, 1, 1, 0, 0, 0, 0, 1, 1, 2, 1, 2, 0, 0, 0, 2, 1, 0, 1, 2, 1, 2, 1, 1, 1, 1, 1, 1, 0, 1, 1, 0, 0, 0, 1, 2, 1, 0, 2, 1, 0, 0, 0, 0, 1, 0, 0, 2, 0, 1, 0, 0, 1, 0, 2]|[4, 3, 2, 2, 0, 0, 2, 2, 2, 4, 1, 1, 2, 4, 4, 1, 2, 4, 2, 1, 1, 1, 1, 2, 1, 2, 1, 1, 1, 1, 3, 2, 3, 0, 4, 0, 1, 1, 0, 3, 2, 2, 4, 0, 1, 1, 0, 2, 0, 1, 2, 2, 1, 4, 0, 3, 2, 1, 1, 2, 1, 3, 1, 1, 1, 3, 0, 4, 3, 1, 4, 1, 1, 2, 4, 4, 2, 1, 1, 3, 1, 3, 1, 1, 1, 1, 1, 1, 2, 3, 1, 2, 1, 1, 1, 2, 2, 3, 2, 1]|[0, 2, 1, 1, 3, 3, 0, 1, 0, 0, 0, 0, 1, 0, 1, 0, 0, 3, 1, 0, 0, 0, 3, 1, 0, 2, 0, 0, 0, 1, 0, 0, 0, 0, 3, 0, 1, 0, 0, 2, 1, 1, 2, 0, 0, 0, 0, 1, 1, 0, 0, 0, 1, 3, 0, 0, 1, 0, 0, 1, 0, 2, 0, 1, 0, 2, 1, 0, 0, 1, 1, 3, 1, 1, 3, 3, 1, 0, 0, 2, 0, 0, 0, 0, 1, 0, 0, 0, 1, 2, 0, 1, 0, 1, 1, 0, 0, 0, 0, 0],802.1274951829081,57956.38699448537,89691.2003308727,false
26,G1_CMAX,G1_CMAX,[31, 22, 82, 15, 26, 9, 42, 77, 12, 5, 47, 93, 78, 86, 54, 6, 63, 18, 44, 20, 35, 43, 97, 91, 76, 10, 30, 21, 45, 17, 23, 1, 71, 83, 24, 14, 60, 36, 85, 57, 40, 95, 88, 65, 56, 79, 94, 67, 68, 46, 75, 38, 58, 19, 32, 81, 41, 62, 87, 28, 90, 59, 11, 16, 72, 73, 69, 52, 37, 64, 84, 3, 25, 29, 55, 51, 7, 98, 61, 66, 99, 33, 89, 48, 50, 96, 53, 80, 4, 8, 27, 2, 39, 13, 0, 92, 49, 74, 34, 70]|[1, 1, 0, 1, 1, 1, 2, 2, 1, 2, 2, 1, 1, 1, 0, 0, 1, 0, 2, 2, 0, 1, 2, 2, 1, 2, 2, 0, 0, 1, 2, 1, 1, 0, 2, 0, 1, 1, 0, 1, 1, 1, 1, 0, 2, 1, 1, 0, 0, 0, 0, 1, 1, 2, 1, 2, 0, 0, 2, 0, 1, 2, 2, 1, 2, 1, 1, 1, 1, 1, 1, 2, 1, 0, 2, 0, 1, 2, 1, 0, 0, 2, 1, 0, 0, 2, 0, 0, 1, 1, 0, 0, 1, 0, 0, 0, 0, 2, 2, 1]|[0, 3, 1, 2, 0, 0, 1, 1, 4, 1, 1, 4, 4, 4, 2, 2, 4, 2, 1, 1, 1, 1, 2, 1, 2, 1, 1, 1, 1, 4, 0, 3, 3, 0, 1, 1, 0, 3, 2, 2, 2, 2, 0, 1, 1, 0, 4, 0, 1, 2, 2, 1, 4, 0, 3, 2, 1, 2, 1, 2, 3, 1, 1, 3, 0, 4, 4, 1, 4, 3, 1, 2, 4, 1, 1, 1, 1, 1, 3, 1, 1, 1, 1, 1, 1, 1, 2, 1, 4, 3, 2, 2, 1, 2, 2, 0, 1, 1, 1, 4]|[1, 1, 1, 1, 3, 3, 0, 0, 0, 0, 0, 2, 0, 1, 0, 0, 3, 1, 0, 0, 0, 3, 1, 0, 2, 0, 0, 0, 1, 3, 0, 0, 0, 0, 1, 0, 0, 2, 1, 1, 1, 1, 0, 0, 0, 0, 2, 1, 0, 0, 0, 1, 3, 0, 0, 1, 0, 1, 0, 1, 2, 0, 0, 2, 1, 0, 2, 1, 1, 0, 3, 1, 3, 0, 0, 0, 2, 0, 0, 0, 0, 0, 1, 0, 0, 0, 1, 0, 0, 2, 1, 0, 1, 0, 0, 1, 1, 0, 0, 2],733.3116759547878,58140.55643565909,96674.14109675489,false
26,G4_BALANCED,G4_BALANCED,[31, 22, 82, 15, 26, 9, 95, 42, 77, 68, 47, 5, 93, 78, 86, 54, 85, 63, 18, 44, 20, 49, 36, 14, 74, 50, 53, 17, 21, 28, 71, 64, 3, 23, 30, 83, 24, 41, 60, 52, 65, 27, 90, 70, 39, 87, 48, 69, 99, 4, 46, 1, 13, 58, 97, 59, 45, 8, 73, 37, 35, 79, 11, 66, 76, 32, 40, 80, 96, 6, 16, 61, 33, 7, 57, 34, 12, 67, 10, 98, 56, 88, 29, 75, 91, 38, 19, 92, 43, 84, 51, 72, 81, 62, 2, 55, 0, 89, 94, 25]|[2, 1, 2, 1, 1, 2, 1, 1, 1, 1, 1, 0, 2, 2, 1, 2, 0, 0, 0, 2, 2, 1, 0, 2, 0, 2, 2, 1, 0, 1, 1, 1, 0, 0, 1, 0, 2, 1, 2, 2, 0, 0, 1, 1, 0, 2, 0, 2, 1, 0, 0, 2, 0, 0, 2, 0, 1, 1, 0, 0, 2, 1, 0, 2, 2, 0, 2, 2, 0, 1, 2, 1, 1, 2, 0, 1, 1, 1, 1, 2, 2, 1, 1, 0, 1, 0, 1, 0, 1, 0, 1, 1, 1, 1, 2, 0, 0, 1, 2, 1]|[0, 3, 0, 3, 4, 1, 4, 4, 2, 4, 3, 2, 1, 0, 2, 1, 1, 1, 2, 1, 1, 3, 0, 1, 0, 1, 1, 4, 1, 4, 3, 2, 2, 0, 4, 1, 1, 4, 0, 1, 2, 1, 4, 4, 1, 1, 0, 2, 3, 1, 2, 1, 2, 1, 1, 2, 4, 3, 0, 2, 2, 3, 1, 0, 1, 2, 0, 1, 2, 4, 1, 3, 4, 1, 2, 4, 3, 3, 3, 1, 1, 4, 3, 2, 3, 2, 4, 2, 4, 2, 3, 4, 1, 3, 1, 2, 2, 4, 1, 4]|[0, 2, 0, 0, 3, 0, 1, 3, 0, 0, 2, 0, 1, 0, 1, 0, 0, 0, 1, 0, 0, 2, 0, 0, 1, 0, 0, 3, 0, 1, 0, 2, 0, 1, 3, 0, 1, 3, 1, 0, 0, 0, 1, 3, 0, 0, 1, 0, 2, 0, 0, 0, 0, 0, 1, 0, 1, 0, 1, 1, 0, 2, 0, 0, 0, 0, 0, 0, 0, 2, 0, 0, 1, 0, 0, 1, 0, 0, 3, 0, 0, 1, 0, 0, 0, 0, 3, 0, 2, 0, 0, 2, 1, 0, 0, 0, 0, 1, 0, 3],851.9092314412391,51705.36297778711,107381.05157087493,false
26,G2_TEC,G2_TEC,[31, 22, 82, 15, 26, 9, 95, 42, 77, 68, 47, 5, 93, 78, 86, 54, 85, 63, 18, 44, 20, 49, 36, 14, 74, 50, 53, 17, 21, 28, 11, 64, 3, 23, 30, 83, 24, 41, 40, 52, 65, 27, 90, 70, 39, 87, 48, 69, 99, 4, 46, 1, 13, 58, 97, 59, 45, 8, 73, 37, 35, 79, 71, 66, 76, 32, 60, 80, 96, 6, 16, 61, 33, 7, 57, 67, 12, 34, 10, 98, 56, 88, 43, 75, 91, 38, 72, 92, 29, 2, 51, 19, 89, 25, 84, 55, 62, 81, 94, 0]|[2, 1, 2, 1, 1, 2, 1, 1, 1, 1, 1, 0, 2, 2, 1, 2, 0, 0, 0, 2, 2, 1, 0, 2, 0, 2, 2, 1, 0, 1, 1, 1, 0, 0, 1, 0, 2, 1, 2, 2, 0, 0, 1, 1, 0, 2, 0, 2, 1, 0, 0, 2, 0, 0, 2, 0, 1, 1, 0, 0, 2, 1, 1, 2, 2, 0, 2, 2, 0, 1, 2, 1, 1, 2, 0, 1, 2, 1, 1, 2, 2, 1, 1, 0, 1, 0, 1, 0, 1, 2, 1, 1, 1, 1, 0, 0, 1, 1, 2, 0]|[1, 3, 0, 3, 4, 1, 4, 4, 2, 4, 3, 2, 1, 0, 2, 1, 1, 1, 2, 1, 1, 3, 0, 1, 0, 1, 1, 4, 1, 4, 3, 2, 2, 0, 4, 1, 1, 4, 0, 1, 2, 1, 4, 4, 1, 1, 0, 2, 3, 2, 2, 1, 2, 1, 1, 2, 4, 3, 0, 2, 2, 3, 3, 0, 1, 2, 1, 1, 2, 4, 1, 3, 4, 1, 2, 3, 1, 4, 3, 1, 1, 4, 4, 2, 3, 2, 4, 2, 3, 1, 3, 4, 4, 4, 2, 2, 3, 4, 1, 2]|[1, 2, 0, 0, 3, 0, 1, 3, 0, 0, 2, 0, 1, 0, 1, 0, 0, 0, 1, 0, 0, 2, 0, 0, 1, 0, 0, 3, 0, 1, 0, 2, 0, 0, 3, 0, 1, 3, 0, 0, 0, 0, 1, 3, 0, 0, 1, 0, 2, 0, 0, 0, 0, 0, 1, 0, 1, 0, 1, 1, 0, 2, 0, 0, 0, 0, 0, 0, 0, 2, 0, 0, 1, 0, 0, 0, 0, 1, 3, 0, 0, 1, 2, 0, 0, 0, 2, 0, 3, 0, 0, 1, 1, 3, 0, 0, 0, 1, 0, 0],884.1935202920454,50448.6010827891,111928.0026051198,false
26,G3_TWC,G3_TWC,[31, 22, 82, 15, 26, 58, 95, 42, 77, 12, 47, 5, 93, 78, 98, 54, 85, 63, 18, 44, 20, 35, 43, 97, 91, 76, 10, 30, 21, 45, 71, 64, 1, 23, 17, 83, 24, 14, 60, 36, 6, 57, 94, 88, 65, 56, 79, 40, 67, 68, 46, 75, 38, 9, 19, 32, 81, 41, 27, 62, 87, 90, 99, 59, 11, 16, 72, 73, 70, 39, 37, 84, 3, 92, 25, 55, 28, 29, 51, 7, 33, 61, 86, 66, 89, 50, 48, 96, 53, 8, 80, 4, 34, 49, 52, 0, 13, 69, 2, 74]|[1, 1, 0, 1, 1, 1, 2, 1, 2, 1, 2, 2, 2, 1, 1, 0, 0, 1, 0, 2, 2, 0, 1, 2, 0, 1, 2, 2, 0, 0, 1, 2, 1, 2, 1, 0, 2, 0, 1, 1, 0, 1, 1, 1, 0, 2, 1, 1, 0, 0, 0, 0, 1, 1, 2, 1, 2, 0, 0, 0, 2, 1, 0, 1, 2, 1, 2, 1, 1, 1, 1, 1, 1, 0, 1, 1, 0, 0, 0, 1, 2, 1, 0, 2, 1, 0, 0, 0, 0, 1, 0, 0, 2, 0, 1, 0, 0, 1, 0, 2]|[4, 3, 2, 2, 0, 0, 2, 2, 2, 4, 1, 1, 2, 4, 4, 1, 2, 4, 2, 1, 1, 1, 1, 2, 1, 2, 1, 1, 1, 1, 3, 2, 3, 0, 4, 0, 1, 1, 0, 3, 2, 2, 4, 0, 1, 1, 0, 2, 0, 1, 2, 2, 1, 4, 0, 3, 2, 1, 1, 2, 1, 3, 1, 1, 1, 3, 0, 4, 3, 1, 4, 1, 1, 2, 4, 4, 2, 1, 1, 3, 1, 3, 1, 1, 1, 1, 1, 1, 2, 3, 1, 2, 1, 1, 1, 2, 2, 3, 2, 1]|[0, 2, 1, 1, 3, 3, 0, 1, 0, 0, 0, 0, 1, 0, 1, 0, 0, 3, 1, 0, 0, 0, 3, 1, 0, 2, 0, 0, 0, 1, 0, 0, 0, 0, 3, 0, 1, 0, 0, 2, 1, 1, 2, 0, 0, 0, 0, 1, 1, 0, 0, 0, 1, 3, 0, 0, 1, 0, 0, 1, 0, 2, 0, 1, 0, 2, 1, 0, 0, 1, 1, 3, 1, 1, 3, 3, 1, 0, 0, 2, 0, 0, 0, 0, 1, 0, 0, 0, 1, 2, 0, 1, 0, 1, 1, 0, 0, 0, 0, 0],802.1274951829081,57956.38699448537,89691.2003308727,false
26,G1_CMAX,G1_CMAX,[31, 22, 82, 15, 26, 9, 42, 77, 12, 5, 47, 93, 78, 86, 54, 6, 63, 18, 44, 20, 35, 43, 97, 91, 76, 10, 30, 21, 45, 17, 23, 1, 71, 83, 24, 14, 60, 36, 85, 57, 40, 95, 88, 65, 56, 79, 94, 67, 68, 46, 75, 38, 58, 19, 32, 81, 41, 62, 87, 28, 90, 59, 11, 16, 72, 73, 69, 52, 37, 64, 84, 3, 25, 29, 55, 51, 7, 98, 61, 66, 99, 33, 89, 48, 50, 96, 53, 80, 4, 8, 27, 2, 39, 13, 0, 92, 49, 74, 34, 70]|[1, 1, 0, 1, 1, 1, 2, 2, 1, 2, 2, 1, 1, 1, 0, 0, 1, 0, 2, 2, 0, 1, 2, 2, 1, 2, 2, 0, 0, 1, 2, 1, 1, 0, 2, 0, 1, 1, 0, 1, 1, 1, 1, 0, 2, 1, 1, 0, 0, 0, 0, 1, 1, 2, 1, 2, 0, 0, 2, 0, 1, 2, 2, 1, 2, 1, 1, 1, 1, 1, 1, 2, 1, 0, 2, 0, 1, 2, 1, 0, 0, 2, 1, 0, 0, 2, 0, 0, 1, 1, 0, 0, 1, 0, 0, 0, 0, 2, 2, 1]|[0, 3, 1, 2, 0, 0, 1, 1, 4, 1, 1, 4, 4, 4, 2, 2, 4, 2, 1, 1, 1, 1, 2, 1, 2, 1, 1, 1, 1, 4, 0, 3, 3, 0, 1, 1, 0, 3, 2, 2, 2, 2, 0, 1, 1, 0, 4, 0, 1, 2, 2, 1, 4, 0, 3, 2, 1, 2, 1, 2, 3, 1, 1, 3, 0, 4, 4, 1, 4, 3, 1, 2, 4, 1, 1, 1, 1, 1, 3, 1, 1, 1, 1, 1, 1, 1, 2, 1, 4, 3, 2, 2, 1, 2, 2, 0, 1, 1, 1, 4]|[1, 1, 1, 1, 3, 3, 0, 0, 0, 0, 0, 2, 0, 1, 0, 0, 3, 1, 0, 0, 0, 3, 1, 0, 2, 0, 0, 0, 1, 3, 0, 0, 0, 0, 1, 0, 0, 2, 1, 1, 1, 1, 0, 0, 0, 0, 2, 1, 0, 0, 0, 1, 3, 0, 0, 1, 0, 1, 0, 1, 2, 0, 0, 2, 1, 0, 2, 1, 1, 0, 3, 1, 3, 0, 0, 0, 2, 0, 0, 0, 0, 0, 1, 0, 0, 0, 1, 0, 0, 2, 1, 0, 1, 0, 0, 1, 1, 0, 0, 2],733.3116759547878,58140.55643565909,96674.14109675489,false
26,G4_BALANCED,G4_BALANCED,[31, 22, 82, 15, 26, 9, 95, 42, 77, 68, 47, 5, 93, 78, 86, 54, 85, 63, 18, 44, 20, 49, 36, 14, 74, 50, 53, 17, 21, 28, 71, 64, 3, 23, 30, 83, 24, 41, 60, 52, 65, 27, 90, 70, 39, 87, 48, 69, 99, 4, 46, 1, 13, 58, 97, 59, 45, 8, 73, 37, 35, 79, 11, 66, 76, 32, 40, 80, 96, 6, 16, 61, 33, 7, 57, 34, 12, 67, 10, 98, 56, 88, 29, 75, 91, 38, 19, 92, 43, 84, 51, 72, 81, 62, 2, 55, 0, 89, 94, 25]|[2, 1, 2, 1, 1, 2, 1, 1, 1, 1, 1, 0, 2, 2, 1, 2, 0, 0, 0, 2, 2, 1, 0, 2, 0, 2, 2, 1, 0, 1, 1, 1, 0, 0, 1, 0, 2, 1, 2, 2, 0, 0, 1, 1, 0, 2, 0, 2, 1, 0, 0, 2, 0, 0, 2, 0, 1, 1, 0, 0, 2, 1, 0, 2, 2, 0, 2, 2, 0, 1, 2, 1, 1, 2, 0, 1, 1, 1, 1, 2, 2, 1, 1, 0, 1, 0, 1, 0, 1, 0, 1, 1, 1, 1, 2, 0, 0, 1, 2, 1]|[0, 3, 0, 3, 4, 1, 4, 4, 2, 4, 3, 2, 1, 0, 2, 1, 1, 1, 2, 1, 1, 3, 0, 1, 0, 1, 1, 4, 1, 4, 3, 2, 2, 0, 4, 1, 1, 4, 0, 1, 2, 1, 4, 4, 1, 1, 0, 2, 3, 1, 2, 1, 2, 1, 1, 2, 4, 3, 0, 2, 2, 3, 1, 0, 1, 2, 0, 1, 2, 4, 1, 3, 4, 1, 2, 4, 3, 3, 3, 1, 1, 4, 3, 2, 3, 2, 4, 2, 4, 2, 3, 4, 1, 3, 1, 2, 2, 4, 1, 4]|[0, 2, 0, 0, 3, 0, 1, 3, 0, 0, 2, 0, 1, 0, 1, 0, 0, 0, 1, 0, 0, 2, 0, 0, 1, 0, 0, 3, 0, 1, 0, 2, 0, 1, 3, 0, 1, 3, 1, 0, 0, 0, 1, 3, 0, 0, 1, 0, 2, 0, 0, 0, 0, 0, 1, 0, 1, 0, 1, 1, 0, 2, 0, 0, 0, 0, 0, 0, 0, 2, 0, 0, 1, 0, 0, 1, 0, 0, 3, 0, 0, 1, 0, 0, 0, 0, 3, 0, 2, 0, 0, 2, 1, 0, 0, 0, 0, 1, 0, 3],851.9092314412391,51705.36297778711,107381.05157087493,false
26,G2_TEC,G2_TEC,[31, 22, 82, 15, 26, 9, 95, 42, 77, 68, 47, 5, 93, 78, 86, 54, 85, 63, 18, 44, 20, 49, 36, 14, 74, 50, 53, 17, 21, 28, 11, 64, 3, 23, 30, 83, 24, 41, 40, 52, 65, 27, 90, 70, 39, 87, 48, 69, 99, 4, 46, 1, 13, 58, 97, 59, 45, 8, 73, 37, 35, 79, 71, 66, 76, 32, 60, 80, 96, 6, 16, 61, 33, 7, 57, 67, 12, 34, 10, 98, 56, 88, 43, 75, 91, 38, 72, 92, 29, 2, 51, 19, 89, 25, 84, 55, 62, 81, 94, 0]|[2, 1, 2, 1, 1, 2, 1, 1, 1, 1, 1, 0, 2, 2, 1, 2, 0, 0, 0, 2, 2, 1, 0, 2, 0, 2, 2, 1, 0, 1, 1, 1, 0, 0, 1, 0, 2, 1, 2, 2, 0, 0, 1, 1, 0, 2, 0, 2, 1, 0, 0, 2, 0, 0, 2, 0, 1, 1, 0, 0, 2, 1, 1, 2, 2, 0, 2, 2, 0, 1, 2, 1, 1, 2, 0, 1, 2, 1, 1, 2, 2, 1, 1, 0, 1, 0, 1, 0, 1, 2, 1, 1, 1, 1, 0, 0, 1, 1, 2, 0]|[1, 3, 0, 3, 4, 1, 4, 4, 2, 4, 3, 2, 1, 0, 2, 1, 1, 1, 2, 1, 1, 3, 0, 1, 0, 1, 1, 4, 1, 4, 3, 2, 2, 0, 4, 1, 1, 4, 0, 1, 2, 1, 4, 4, 1, 1, 0, 2, 3, 2, 2, 1, 2, 1, 1, 2, 4, 3, 0, 2, 2, 3, 3, 0, 1, 2, 1, 1, 2, 4, 1, 3, 4, 1, 2, 3, 1, 4, 3, 1, 1, 4, 4, 2, 3, 2, 4, 2, 3, 1, 3, 4, 4, 4, 2, 2, 3, 4, 1, 2]|[1, 2, 0, 0, 3, 0, 1, 3, 0, 0, 2, 0, 1, 0, 1, 0, 0, 0, 1, 0, 0, 2, 0, 0, 1, 0, 0, 3, 0, 1, 0, 2, 0, 0, 3, 0, 1, 3, 0, 0, 0, 0, 1, 3, 0, 0, 1, 0, 2, 0, 0, 0, 0, 0, 1, 0, 1, 0, 1, 1, 0, 2, 0, 0, 0, 0, 0, 0, 0, 2, 0, 0, 1, 0, 0, 0, 0, 1, 3, 0, 0, 1, 2, 0, 0, 0, 2, 0, 3, 0, 0, 1, 1, 3, 0, 0, 0, 1, 0, 0],884.1935202920454,50448.6010827891,111928.0026051198,false
26,G3_TWC,G3_TWC,[31, 22, 82, 15, 26, 58, 95, 42, 77, 12, 47, 5, 93, 78, 98, 54, 85, 63, 18, 44, 20, 35, 43, 97, 91, 76, 10, 30, 21, 45, 71, 64, 1, 23, 17, 83, 24, 14, 60, 36, 6, 57, 94, 88, 65, 56, 79, 40, 67, 68, 46, 75, 38, 9, 19, 32, 81, 41, 27, 62, 87, 90, 99, 59, 11, 16, 72, 73, 70, 39, 37, 84, 3, 92, 25, 55, 28, 29, 51, 7, 33, 61, 86, 66, 89, 50, 48, 96, 53, 8, 80, 4, 34, 49, 52, 0, 13, 69, 2, 74]|[1, 1, 0, 1, 1, 1, 2, 1, 2, 1, 2, 2, 2, 1, 1, 0, 0, 1, 0, 2, 2, 0, 1, 2, 0, 1, 2, 2, 0, 0, 1, 2, 1, 2, 1, 0, 2, 0, 1, 1, 0, 1, 1, 1, 0, 2, 1, 1, 0, 0, 0, 0, 1, 1, 2, 1, 2, 0, 0, 0, 2, 1, 0, 1, 2, 1, 2, 1, 1, 1, 1, 1, 1, 0, 1, 1, 0, 0, 0, 1, 2, 1, 0, 2, 1, 0, 0, 0, 0, 1, 0, 0, 2, 0, 1, 0, 0, 1, 0, 2]|[4, 3, 2, 2, 0, 0, 2, 2, 2, 4, 1, 1, 2, 4, 4, 1, 2, 4, 2, 1, 1, 1, 1, 2, 1, 2, 1, 1, 1, 1, 3, 2, 3, 0, 4, 0, 1, 1, 0, 3, 2, 2, 4, 0, 1, 1, 0, 2, 0, 1, 2, 2, 1, 4, 0, 3, 2, 1, 1, 2, 1, 3, 1, 1, 1, 3, 0, 4, 3, 1, 4, 1, 1, 2, 4, 4, 2, 1, 1, 3, 1, 3, 1, 1, 1, 1, 1, 1, 2, 3, 1, 2, 1, 1, 1, 2, 2, 3, 2, 1]|[0, 2, 1, 1, 3, 3, 0, 1, 0, 0, 0, 0, 1, 0, 1, 0, 0, 3, 1, 0, 0, 0, 3, 1, 0, 2, 0, 0, 0, 1, 0, 0, 0, 0, 3, 0, 1, 0, 0, 2, 1, 1, 2, 0, 0, 0, 0, 1, 1, 0, 0, 0, 1, 3, 0, 0, 1, 0, 0, 1, 0, 2, 0, 1, 0, 2, 1, 0, 0, 1, 1, 3, 1, 1, 3, 3, 1, 0, 0, 2, 0, 0, 0, 0, 1, 0, 0, 0, 1, 2, 0, 1, 0, 1, 1, 0, 0, 0, 0, 0],802.1274951829081,57956.38699448537,89691.2003308727,false
26,G1_CMAX,G1_CMAX,[31, 22, 82, 15, 26, 9, 42, 77, 12, 5, 47, 93, 78, 86, 54, 6, 63, 18, 44, 20, 35, 43, 97, 91, 76, 10, 30, 21, 45, 17, 23, 1, 71, 83, 24, 14, 60, 36, 85, 57, 40, 95, 88, 65, 56, 79, 94, 67, 68, 46, 75, 38, 58, 19, 32, 81, 41, 62, 87, 28, 90, 59, 11, 16, 72, 73, 69, 52, 37, 64, 84, 3, 25, 29, 55, 51, 7, 98, 61, 66, 99, 33, 89, 48, 50, 96, 53, 80, 4, 8, 27, 2, 39, 13, 0, 92, 49, 74, 34, 70]|[1, 1, 0, 1, 1, 1, 2, 2, 1, 2, 2, 1, 1, 1, 0, 0, 1, 0, 2, 2, 0, 1, 2, 2, 1, 2, 2, 0, 0, 1, 2, 1, 1, 0, 2, 0, 1, 1, 0, 1, 1, 1, 1, 0, 2, 1, 1, 0, 0, 0, 0, 1, 1, 2, 1, 2, 0, 0, 2, 0, 1, 2, 2, 1, 2, 1, 1, 1, 1, 1, 1, 2, 1, 0, 2, 0, 1, 2, 1, 0, 0, 2, 1, 0, 0, 2, 0, 0, 1, 1, 0, 0, 1, 0, 0, 0, 0, 2, 2, 1]|[0, 3, 1, 2, 0, 0, 1, 1, 4, 1, 1, 4, 4, 4, 2, 2, 4, 2, 1, 1, 1, 1, 2, 1, 2, 1, 1, 1, 1, 4, 0, 3, 3, 0, 1, 1, 0, 3, 2, 2, 2, 2, 0, 1, 1, 0, 4, 0, 1, 2, 2, 1, 4, 0, 3, 2, 1, 2, 1, 2, 3, 1, 1, 3, 0, 4, 4, 1, 4, 3, 1, 2, 4, 1, 1, 1, 1, 1, 3, 1, 1, 1, 1, 1, 1, 1, 2, 1, 4, 3, 2, 2, 1, 2, 2, 0, 1, 1, 1, 4]|[1, 1, 1, 1, 3, 3, 0, 0, 0, 0, 0, 2, 0, 1, 0, 0, 3, 1, 0, 0, 0, 3, 1, 0, 2, 0, 0, 0, 1, 3, 0, 0, 0, 0, 1, 0, 0, 2, 1, 1, 1, 1, 0, 0, 0, 0, 2, 1, 0, 0, 0, 1, 3, 0, 0, 1, 0, 1, 0, 1, 2, 0, 0, 2, 1, 0, 2, 1, 1, 0, 3, 1, 3, 0, 0, 0, 2, 0, 0, 0, 0, 0, 1, 0, 0, 0, 1, 0, 0, 2, 1, 0, 1, 0, 0, 1, 1, 0, 0, 2],733.3116759547878,58140.55643565909,96674.14109675489,false
26,G4_BALANCED,G4_BALANCED,[31, 22, 82, 15, 26, 9, 95, 42, 77, 68, 47, 5, 93, 78, 86, 54, 85, 63, 18, 44, 20, 49, 36, 14, 74, 50, 53, 17, 21, 28, 71, 64, 3, 23, 30, 83, 24, 41, 60, 52, 65, 27, 90, 70, 39, 87, 48, 69, 99, 4, 46, 1, 13, 58, 97, 59, 45, 8, 73, 37, 35, 79, 11, 66, 76, 32, 40, 80, 96, 6, 16, 61, 33, 7, 57, 34, 12, 67, 10, 98, 56, 88, 29, 75, 91, 38, 19, 92, 43, 84, 51, 72, 81, 62, 2, 55, 0, 89, 94, 25]|[2, 1, 2, 1, 1, 2, 1, 1, 1, 1, 1, 0, 2, 2, 1, 2, 0, 0, 0, 2, 2, 1, 0, 2, 0, 2, 2, 1, 0, 1, 1, 1, 0, 0, 1, 0, 2, 1, 2, 2, 0, 0, 1, 1, 0, 2, 0, 2, 1, 0, 0, 2, 0, 0, 2, 0, 1, 1, 0, 0, 2, 1, 0, 2, 2, 0, 2, 2, 0, 1, 2, 1, 1, 2, 0, 1, 1, 1, 1, 2, 2, 1, 1, 0, 1, 0, 1, 0, 1, 0, 1, 1, 1, 1, 2, 0, 0, 1, 2, 1]|[0, 3, 0, 3, 4, 1, 4, 4, 2, 4, 3, 2, 1, 0, 2, 1, 1, 1, 2, 1, 1, 3, 0, 1, 0, 1, 1, 4, 1, 4, 3, 2, 2, 0, 4, 1, 1, 4, 0, 1, 2, 1, 4, 4, 1, 1, 0, 2, 3, 1, 2, 1, 2, 1, 1, 2, 4, 3, 0, 2, 2, 3, 1, 0, 1, 2, 0, 1, 2, 4, 1, 3, 4, 1, 2, 4, 3, 3, 3, 1, 1, 4, 3, 2, 3, 2, 4, 2, 4, 2, 3, 4, 1, 3, 1, 2, 2, 4, 1, 4]|[0, 2, 0, 0, 3, 0, 1, 3, 0, 0, 2, 0, 1, 0, 1, 0, 0, 0, 1, 0, 0, 2, 0, 0, 1, 0, 0, 3, 0, 1, 0, 2, 0, 1, 3, 0, 1, 3, 1, 0, 0, 0, 1, 3, 0, 0, 1, 0, 2, 0, 0, 0, 0, 0, 1, 0, 1, 0, 1, 1, 0, 2, 0, 0, 0, 0, 0, 0, 0, 2, 0, 0, 1, 0, 0, 1, 0, 0, 3, 0, 0, 1, 0, 0, 0, 0, 3, 0, 2, 0, 0, 2, 1, 0, 0, 0, 0, 1, 0, 3],851.9092314412391,51705.36297778711,107381.05157087493,false
26,G2_TEC,G2_TEC,[31, 22, 82, 15, 26, 9, 95, 42, 77, 68, 47, 5, 93, 78, 86, 54, 85, 63, 18, 44, 20, 49, 36, 14, 74, 50, 53, 17, 21, 28, 11, 64, 3, 23, 30, 83, 24, 41, 40, 52, 65, 27, 90, 70, 39, 87, 48, 69, 99, 4, 46, 1, 13, 58, 97, 59, 45, 8, 73, 37, 35, 79, 71, 66, 76, 32, 60, 80, 96, 6, 16, 61, 33, 7, 57, 67, 12, 34, 10, 98, 56, 88, 43, 75, 91, 38, 72, 92, 29, 2, 51, 19, 89, 25, 84, 55, 62, 81, 94, 0]|[2, 1, 2, 1, 1, 2, 1, 1, 1, 1, 1, 0, 2, 2, 1, 2, 0, 0, 0, 2, 2, 1, 0, 2, 0, 2, 2, 1, 0, 1, 1, 1, 0, 0, 1, 0, 2, 1, 2, 2, 0, 0, 1, 1, 0, 2, 0, 2, 1, 0, 0, 2, 0, 0, 2, 0, 1, 1, 0, 0, 2, 1, 1, 2, 2, 0, 2, 2, 0, 1, 2, 1, 1, 2, 0, 1, 2, 1, 1, 2, 2, 1, 1, 0, 1, 0, 1, 0, 1, 2, 1, 1, 1, 1, 0, 0, 1, 1, 2, 0]|[1, 3, 0, 3, 4, 1, 4, 4, 2, 4, 3, 2, 1, 0, 2, 1, 1, 1, 2, 1, 1, 3, 0, 1, 0, 1, 1, 4, 1, 4, 3, 2, 2, 0, 4, 1, 1, 4, 0, 1, 2, 1, 4, 4, 1, 1, 0, 2, 3, 2, 2, 1, 2, 1, 1, 2, 4, 3, 0, 2, 2, 3, 3, 0, 1, 2, 1, 1, 2, 4, 1, 3, 4, 1, 2, 3, 1, 4, 3, 1, 1, 4, 4, 2, 3, 2, 4, 2, 3, 1, 3, 4, 4, 4, 2, 2, 3, 4, 1, 2]|[1, 2, 0, 0, 3, 0, 1, 3, 0, 0, 2, 0, 1, 0, 1, 0, 0, 0, 1, 0, 0, 2, 0, 0, 1, 0, 0, 3, 0, 1, 0, 2, 0, 0, 3, 0, 1, 3, 0, 0, 0, 0, 1, 3, 0, 0, 1, 0, 2, 0, 0, 0, 0, 0, 1, 0, 1, 0, 1, 1, 0, 2, 0, 0, 0, 0, 0, 0, 0, 2, 0, 0, 1, 0, 0, 0, 0, 1, 3, 0, 0, 1, 2, 0, 0, 0, 2, 0, 3, 0, 0, 1, 1, 3, 0, 0, 0, 1, 0, 0],884.1935202920454,50448.6010827891,111928.0026051198,false
26,G3_TWC,G3_TWC,[31, 22, 82, 15, 26, 58, 95, 42, 77, 12, 47, 5, 93, 78, 98, 54, 85, 63, 18, 44, 20, 35, 43, 97, 91, 76, 10, 30, 21, 45, 71, 64, 1, 23, 17, 83, 24, 14, 60, 36, 6, 57, 94, 88, 65, 56, 79, 40, 67, 68, 46, 75, 38, 9, 19, 32, 81, 41, 27, 62, 87, 90, 99, 59, 11, 16, 72, 73, 70, 39, 37, 84, 3, 92, 25, 55, 28, 29, 51, 7, 33, 61, 86, 66, 89, 50, 48, 96, 53, 8, 80, 4, 34, 49, 52, 0, 13, 69, 2, 74]|[1, 1, 0, 1, 1, 1, 2, 1, 2, 1, 2, 2, 2, 1, 1, 0, 0, 1, 0, 2, 2, 0, 1, 2, 0, 1, 2, 2, 0, 0, 1, 2, 1, 2, 1, 0, 2, 0, 1, 1, 0, 1, 1, 1, 0, 2, 1, 1, 0, 0, 0, 0, 1, 1, 2, 1, 2, 0, 0, 0, 2, 1, 0, 1, 2, 1, 2, 1, 1, 1, 1, 1, 1, 0, 1, 1, 0, 0, 0, 1, 2, 1, 0, 2, 1, 0, 0, 0, 0, 1, 0, 0, 2, 0, 1, 0, 0, 1, 0, 2]|[4, 3, 2, 2, 0, 0, 2, 2, 2, 4, 1, 1, 2, 4, 4, 1, 2, 4, 2, 1, 1, 1, 1, 2, 1, 2, 1, 1, 1, 1, 3, 2, 3, 0, 4, 0, 1, 1, 0, 3, 2, 2, 4, 0, 1, 1, 0, 2, 0, 1, 2, 2, 1, 4, 0, 3, 2, 1, 1, 2, 1, 3, 1, 1, 1, 3, 0, 4, 3, 1, 4, 1, 1, 2, 4, 4, 2, 1, 1, 3, 1, 3, 1, 1, 1, 1, 1, 1, 2, 3, 1, 2, 1, 1, 1, 2, 2, 3, 2, 1]|[0, 2, 1, 1, 3, 3, 0, 1, 0, 0, 0, 0, 1, 0, 1, 0, 0, 3, 1, 0, 0, 0, 3, 1, 0, 2, 0, 0, 0, 1, 0, 0, 0, 0, 3, 0, 1, 0, 0, 2, 1, 1, 2, 0, 0, 0, 0, 1, 1, 0, 0, 0, 1, 3, 0, 0, 1, 0, 0, 1, 0, 2, 0, 1, 0, 2, 1, 0, 0, 1, 1, 3, 1, 1, 3, 3, 1, 0, 0, 2, 0, 0, 0, 0, 1, 0, 0, 0, 1, 2, 0, 1, 0, 1, 1, 0, 0, 0, 0, 0],802.1274951829081,57956.38699448537,89691.2003308727,false
26,G1_CMAX,G1_CMAX,[31, 22, 82, 15, 26, 58, 95, 42, 77, 12, 47, 5, 93, 78, 86, 54, 85, 63, 18, 44, 20, 35, 43, 97, 91, 76, 10, 30, 21, 45, 71, 64, 1, 23, 17, 83, 24, 14, 60, 36, 6, 57, 40, 88, 65, 56, 79, 94, 67, 68, 46, 75, 38, 9, 19, 32, 81, 41, 27, 62, 87, 90, 99, 59, 11, 16, 72, 73, 70, 39, 37, 84, 3, 92, 25, 55, 28, 29, 51, 7, 33, 61, 98, 48, 89, 50, 8, 96, 4, 53, 80, 66, 34, 49, 69, 0, 74, 52, 2, 13]|[1, 1, 0, 1, 1, 1, 2, 1, 2, 1, 2, 2, 2, 1, 1, 0, 0, 1, 0, 2, 2, 0, 1, 2, 0, 1, 2, 2, 0, 0, 1, 2, 1, 2, 1, 0, 2, 0, 1, 1, 0, 1, 1, 1, 0, 2, 1, 1, 0, 0, 0, 0, 1, 1, 2, 1, 2, 0, 0, 0, 2, 1, 0, 1, 2, 1, 2, 1, 1, 1, 1, 1, 1, 0, 1, 2, 0, 0, 0, 1, 2, 1, 2, 2, 1, 0, 1, 0, 1, 0, 0, 2, 2, 0, 1, 0, 2, 1, 0, 0]|[4, 3, 2, 2, 4, 0, 2, 2, 2, 4, 1, 1, 2, 4, 4, 1, 2, 4, 2, 1, 1, 1, 1, 2, 1, 2, 1, 1, 1, 1, 3, 2, 3, 0, 4, 0, 1, 1, 0, 3, 2, 2, 4, 0, 1, 1, 0, 2, 0, 1, 2, 2, 1, 4, 0, 3, 2, 1, 1, 2, 1, 3, 1, 1, 1, 3, 0, 4, 3, 1, 4, 1, 1, 2, 4, 1, 2, 1, 1, 3, 1, 3, 1, 1, 1, 1, 3, 1, 4, 2, 1, 1, 1, 1, 4, 2, 1, 1, 2, 2]|[0, 2, 1, 1, 3, 3, 0, 1, 0, 0, 0, 0, 1, 0, 1, 0, 0, 3, 1, 0, 0, 0, 3, 1, 0, 2, 0, 0, 0, 1, 0, 0, 0, 0, 3, 0, 1, 0, 0, 2, 1, 1, 2, 0, 0, 0, 0, 1, 1, 0, 0, 0, 1, 3, 0, 0, 1, 0, 0, 1, 0, 2, 0, 1, 0, 2, 1, 0, 0, 1, 1, 3, 1, 1, 3, 0, 1, 0, 0, 2, 0, 0, 0, 0, 1, 0, 2, 0, 0, 1, 0, 0, 0, 1, 2, 0, 0, 1, 0, 0],733.0810611054357,57333.598972040745,93692.95134536352,false
26,G4_BALANCED,G4_BALANCED,[31, 22, 82, 15, 26, 9, 95, 42, 77, 68, 47, 5, 93, 78, 86, 54, 85, 63, 18, 44, 20, 49, 36, 14, 74, 50, 53, 17, 21, 28, 71, 64, 3, 23, 30, 83, 24, 41, 60, 52, 65, 27, 90, 70, 39, 87, 48, 69, 99, 4, 46, 1, 13, 58, 97, 59, 45, 8, 73, 37, 35, 79, 11, 66, 76, 32, 40, 80, 96, 6, 16, 61, 33, 7, 57, 34, 12, 67, 10, 98, 56, 88, 29, 75, 91, 38, 19, 92, 43, 84, 51, 72, 81, 62, 2, 55, 0, 89, 94, 25]|[2, 1, 2, 1, 1, 2, 1, 1, 1, 1, 1, 0, 2, 2, 1, 2, 0, 0, 0, 2, 2, 1, 0, 2, 0, 2, 2, 1, 0, 1, 1, 1, 0, 0, 1, 0, 2, 1, 2, 2, 0, 0, 1, 1, 0, 2, 0, 2, 1, 0, 0, 2, 0, 0, 2, 0, 1, 1, 0, 0, 2, 1, 0, 2, 2, 0, 2, 2, 0, 1, 2, 1, 1, 2, 0, 1, 1, 1, 1, 2, 2, 1, 1, 0, 1, 0, 1, 0, 1, 0, 1, 1, 1, 1, 2, 0, 0, 1, 2, 1]|[0, 3, 0, 3, 4, 1, 4, 4, 2, 4, 3, 2, 1, 0, 2, 1, 1, 1, 2, 1, 1, 3, 0, 1, 0, 1, 1, 4, 1, 4, 3, 2, 2, 0, 4, 1, 1, 4, 0, 1, 2, 1, 4, 4, 1, 1, 0, 2, 3, 1, 2, 1, 2, 1, 1, 2, 4, 3, 0, 2, 2, 3, 1, 0, 1, 2, 0, 1, 2, 4, 1, 3, 4, 1, 2, 4, 3, 3, 3, 1, 1, 4, 3, 2, 3, 2, 4, 2, 4, 2, 3, 4, 1, 3, 1, 2, 2, 4, 1, 4]|[0, 2, 0, 0, 3, 0, 1, 3, 0, 0, 2, 0, 1, 0, 1, 0, 0, 0, 1, 0, 0, 2, 0, 0, 1, 0, 0, 3, 0, 1, 0, 2, 0, 1, 3, 0, 1, 3, 1, 0, 0, 0, 1, 3, 0, 0, 1, 0, 2, 0, 0, 0, 0, 0, 1, 0, 1, 0, 1, 1, 0, 2, 0, 0, 0, 0, 0, 0, 0, 2, 0, 0, 1, 0, 0, 1, 0, 0, 3, 0, 0, 1, 0, 0, 0, 0, 3, 0, 2, 0, 0, 2, 1, 0, 0, 0, 0, 1, 0, 3],851.9092314412391,51705.36297778711,107381.05157087493,false
26,G2_TEC,G2_TEC,[31, 22, 82, 15, 26, 9, 95, 42, 77, 68, 47, 5, 93, 78, 86, 54, 85, 63, 18, 44, 20, 49, 36, 14, 74, 50, 53, 17, 21, 28, 11, 64, 3, 23, 30, 83, 24, 41, 40, 52, 65, 27, 90, 70, 39, 87, 48, 69, 99, 4, 46, 1, 13, 58, 97, 59, 45, 8, 73, 37, 35, 79, 71, 66, 76, 32, 60, 80, 96, 6, 16, 61, 33, 7, 57, 67, 12, 34, 10, 98, 56, 88, 43, 75, 91, 38, 72, 92, 29, 2, 51, 19, 89, 25, 84, 55, 62, 81, 94, 0]|[2, 1, 2, 1, 1, 2, 1, 1, 1, 1, 1, 0, 2, 2, 1, 2, 0, 0, 0, 2, 2, 1, 0, 2, 0, 2, 2, 1, 0, 1, 1, 1, 0, 0, 1, 0, 2, 1, 2, 2, 0, 0, 1, 1, 0, 2, 0, 2, 1, 0, 0, 2, 0, 0, 2, 0, 1, 1, 0, 0, 2, 1, 1, 2, 2, 0, 2, 2, 0, 1, 2, 1, 1, 2, 0, 1, 2, 1, 1, 2, 2, 1, 1, 0, 1, 0, 1, 0, 1, 2, 1, 1, 1, 1, 0, 0, 1, 1, 2, 0]|[1, 3, 0, 3, 4, 1, 4, 4, 2, 4, 3, 2, 1, 0, 2, 1, 1, 1, 2, 1, 1, 3, 0, 1, 0, 1, 1, 4, 1, 4, 3, 2, 2, 0, 4, 1, 1, 4, 0, 1, 2, 1, 4, 4, 1, 1, 0, 2, 3, 2, 2, 1, 2, 1, 1, 2, 4, 3, 0, 2, 2, 3, 3, 0, 1, 2, 1, 1, 2, 4, 1, 3, 4, 1, 2, 3, 1, 4, 3, 1, 1, 4, 4, 2, 3, 2, 4, 2, 3, 1, 3, 4, 4, 4, 2, 2, 3, 4, 1, 2]|[1, 2, 0, 0, 3, 0, 1, 3, 0, 0, 2, 0, 1, 0, 1, 0, 0, 0, 1, 0, 0, 2, 0, 0, 1, 0, 0, 3, 0, 1, 0, 2, 0, 0, 3, 0, 1, 3, 0, 0, 0, 0, 1, 3, 0, 0, 1, 0, 2, 0, 0, 0, 0, 0, 1, 0, 1, 0, 1, 1, 0, 2, 0, 0, 0, 0, 0, 0, 0, 2, 0, 0, 1, 0, 0, 0, 0, 1, 3, 0, 0, 1, 2, 0, 0, 0, 2, 0, 3, 0, 0, 1, 1, 3, 0, 0, 0, 1, 0, 0],884.1935202920454,50448.6010827891,111928.0026051198,false
26,G3_TWC,G3_TWC,[31, 22, 82, 15, 26, 58, 95, 42, 77, 12, 47, 5, 93, 78, 98, 54, 85, 63, 18, 44, 20, 35, 43, 97, 91, 76, 10, 30, 21, 45, 71, 64, 1, 23, 17, 83, 24, 14, 60, 36, 6, 57, 94, 88, 65, 56, 79, 40, 67, 68, 46, 75, 38, 9, 19, 32, 81, 41, 27, 62, 87, 90, 99, 59, 11, 16, 72, 73, 70, 39, 37, 84, 3, 92, 25, 55, 28, 29, 51, 7, 33, 61, 86, 66, 89, 50, 48, 96, 53, 8, 80, 4, 34, 49, 52, 0, 13, 69, 2, 74]|[1, 1, 0, 1, 1, 1, 2, 1, 2, 1, 2, 2, 2, 1, 1, 0, 0, 1, 0, 2, 2, 0, 1, 2, 0, 1, 2, 2, 0, 0, 1, 2, 1, 2, 1, 0, 2, 0, 1, 1, 0, 1, 1, 1, 0, 2, 1, 1, 0, 0, 0, 0, 1, 1, 2, 1, 2, 0, 0, 0, 2, 1, 0, 1, 2, 1, 2, 1, 1, 1, 1, 1, 1, 0, 1, 1, 0, 0, 0, 1, 2, 1, 0, 2, 1, 0, 0, 0, 0, 1, 0, 0, 2, 0, 1, 0, 0, 1, 0, 2]|[4, 3, 2, 2, 0, 0, 2, 2, 2, 4, 1, 1, 2, 4, 4, 1, 2, 4, 2, 1, 1, 1, 1, 2, 1, 2, 1, 1, 1, 1, 3, 2, 3, 0, 4, 0, 1, 1, 0, 3, 2, 2, 4, 0, 1, 1, 0, 2, 0, 1, 2, 2, 1, 4, 0, 3, 2, 1, 1, 2, 1, 3, 1, 1, 1, 3, 0, 4, 3, 1, 4, 1, 1, 2, 4, 4, 2, 1, 1, 3, 1, 3, 1, 1, 1, 1, 1, 1, 2, 3, 1, 2, 1, 1, 1, 2, 2, 3, 2, 1]|[0, 2, 1, 1, 3, 3, 0, 1, 0, 0, 0, 0, 1, 0, 1, 0, 0, 3, 1, 0, 0, 0, 3, 1, 0, 2, 0, 0, 0, 1, 0, 0, 0, 0, 3, 0, 1, 0, 0, 2, 1, 1, 2, 0, 0, 0, 0, 1, 1, 0, 0, 0, 1, 3, 0, 0, 1, 0, 0, 1, 0, 2, 0, 1, 0, 2, 1, 0, 0, 1, 1, 3, 1, 1, 3, 3, 1, 0, 0, 2, 0, 0, 0, 0, 1, 0, 0, 0, 1, 2, 0, 1, 0, 1, 1, 0, 0, 0, 0, 0],802.1274951829081,57956.38699448537,89691.2003308727,false
26,G1_CMAX,G1_CMAX,[31, 22, 82, 15, 26, 58, 95, 42, 77, 12, 47, 5, 93, 78, 86, 54, 85, 63, 18, 44, 20, 35, 43, 97, 91, 76, 10, 30, 21, 45, 71, 64, 1, 23, 17, 83, 24, 14, 60, 36, 6, 57, 40, 88, 65, 56, 79, 94, 67, 68, 46, 75, 38, 9, 19, 32, 81, 41, 27, 62, 87, 90, 99, 59, 11, 16, 72, 73, 70, 39, 37, 84, 3, 92, 25, 55, 28, 29, 51, 7, 33, 61, 98, 48, 89, 50, 8, 96, 4, 53, 80, 66, 34, 49, 69, 0, 74, 52, 2, 13]|[1, 1, 0, 1, 1, 1, 2, 1, 2, 1, 2, 2, 2, 1, 1, 0, 0, 1, 0, 2, 2, 0, 1, 2, 0, 1, 2, 2, 0, 0, 1, 2, 1, 2, 1, 0, 2, 0, 1, 1, 0, 1, 1, 1, 0, 2, 1, 1, 0, 0, 0, 0, 1, 1, 2, 1, 2, 0, 0, 0, 2, 1, 0, 1, 2, 1, 2, 1, 1, 1, 1, 1, 1, 0, 1, 2, 0, 0, 0, 1, 2, 1, 2, 2, 1, 0, 1, 0, 1, 0, 0, 2, 2, 0, 1, 0, 2, 1, 0, 0]|[4, 3, 2, 2, 4, 0, 2, 2, 2, 4, 1, 1, 2, 4, 4, 1, 2, 4, 2, 1, 1, 1, 1, 2, 1, 2, 1, 1, 1, 1, 3, 2, 3, 0, 4, 0, 1, 1, 0, 3, 2, 2, 4, 0, 1, 1, 0, 2, 0, 1, 2, 2, 1, 4, 0, 3, 2, 1, 1, 2, 1, 3, 1, 1, 1, 3, 0, 4, 3, 1, 4, 1, 1, 2, 4, 1, 2, 1, 1, 3, 1, 3, 1, 1, 1, 1, 3, 1, 4, 2, 1, 1, 1, 1, 4, 2, 1, 1, 2, 2]|[0, 2, 1, 1, 3, 3, 0, 1, 0, 0, 0, 0, 1, 0, 1, 0, 0, 3, 1, 0, 0, 0, 3, 1, 0, 2, 0, 0, 0, 1, 0, 0, 0, 0, 3, 0, 1, 0, 0, 2, 1, 1, 2, 0, 0, 0, 0, 1, 1, 0, 0, 0, 1, 3, 0, 0, 1, 0, 0, 1, 0, 2, 0, 1, 0, 2, 1, 0, 0, 1, 1, 3, 1, 1, 3, 0, 1, 0, 0, 2, 0, 0, 0, 0, 1, 0, 2, 0, 0, 1, 0, 0, 0, 1, 2, 0, 0, 1, 0, 0],733.0810611054357,57333.598972040745,93692.95134536352,false
26,G4_BALANCED,G4_BALANCED,[31, 22, 82, 15, 26, 9, 95, 42, 77, 68, 47, 5, 93, 78, 86, 54, 85, 63, 18, 44, 20, 49, 36, 14, 74, 50, 53, 17, 21, 28, 71, 64, 3, 23, 30, 83, 24, 41, 60, 52, 65, 27, 90, 70, 39, 87, 48, 69, 99, 4, 46, 1, 13, 58, 97, 59, 45, 8, 73, 37, 35, 79, 11, 66, 76, 32, 40, 80, 96, 6, 16, 61, 33, 7, 57, 34, 12, 67, 10, 98, 56, 88, 29, 75, 91, 38, 19, 92, 43, 84, 51, 72, 81, 62, 2, 55, 0, 89, 94, 25]|[2, 1, 2, 1, 1, 2, 1, 1, 1, 1, 1, 0, 2, 2, 1, 2, 0, 0, 0, 2, 2, 1, 0, 2, 0, 2, 2, 1, 0, 1, 1, 1, 0, 0, 1, 0, 2, 1, 2, 2, 0, 0, 1, 1, 0, 2, 0, 2, 1, 0, 0, 2, 0, 0, 2, 0, 1, 1, 0, 0, 2, 1, 0, 2, 2, 0, 2, 2, 0, 1, 2, 1, 1, 2, 0, 1, 1, 1, 1, 2, 2, 1, 1, 0, 1, 0, 1, 0, 1, 0, 1, 1, 1, 1, 2, 0, 0, 1, 2, 1]|[0, 3, 0, 3, 4, 1, 4, 4, 2, 4, 3, 2, 1, 0, 2, 1, 1, 1, 2, 1, 1, 3, 0, 1, 0, 1, 1, 4, 1, 4, 3, 2, 2, 0, 4, 1, 1, 4, 0, 1, 2, 1, 4, 4, 1, 1, 0, 2, 3, 1, 2, 1, 2, 1, 1, 2, 4, 3, 0, 2, 2, 3, 1, 0, 1, 2, 0, 1, 2, 4, 1, 3, 4, 1, 2, 4, 3, 3, 3, 1, 1, 4, 3, 2, 3, 2, 4, 2, 4, 2, 3, 4, 1, 3, 1, 2, 2, 4, 1, 4]|[0, 2, 0, 0, 3, 0, 1, 3, 0, 0, 2, 0, 1, 0, 1, 0, 0, 0, 1, 0, 0, 2, 0, 0, 1, 0, 0, 3, 0, 1, 0, 2, 0, 1, 3, 0, 1, 3, 1, 0, 0, 0, 1, 3, 0, 0, 1, 0, 2, 0, 0, 0, 0, 0, 1, 0, 1, 0, 1, 1, 0, 2, 0, 0, 0, 0, 0, 0, 0, 2, 0, 0, 1, 0, 0, 1, 0, 0, 3, 0, 0, 1, 0, 0, 0, 0, 3, 0, 2, 0, 0, 2, 1, 0, 0, 0, 0, 1, 0, 3],851.9092314412391,51705.36297778711,107381.05157087493,false
26,G2_TEC,G2_TEC,[31, 22, 82, 15, 26, 9, 95, 42, 77, 68, 47, 5, 93, 78, 86, 54, 85, 63, 18, 44, 20, 49, 36, 14, 74, 50, 53, 17, 21, 28, 11, 64, 3, 23, 30, 83, 24, 41, 40, 52, 65, 27, 90, 70, 39, 87, 48, 69, 99, 4, 46, 1, 13, 58, 97, 59, 45, 8, 73, 37, 35, 79, 71, 66, 76, 32, 60, 80, 96, 6, 16, 61, 33, 7, 57, 67, 12, 34, 10, 98, 56, 88, 43, 75, 91, 38, 72, 92, 29, 2, 51, 19, 89, 25, 84, 55, 62, 81, 94, 0]|[2, 1, 2, 1, 1, 2, 1, 1, 1, 1, 1, 0, 2, 2, 1, 2, 0, 0, 0, 2, 2, 1, 0, 2, 0, 2, 2, 1, 0, 1, 1, 1, 0, 0, 1, 0, 2, 1, 2, 2, 0, 0, 1, 1, 0, 2, 0, 2, 1, 0, 0, 2, 0, 0, 2, 0, 1, 1, 0, 0, 2, 1, 1, 2, 2, 0, 2, 2, 0, 1, 2, 1, 1, 2, 0, 1, 2, 1, 1, 2, 2, 1, 1, 0, 1, 0, 1, 0, 1, 2, 1, 1, 1, 1, 0, 0, 1, 1, 2, 0]|[1, 3, 0, 3, 4, 1, 4, 4, 2, 4, 3, 2, 1, 0, 2, 1, 1, 1, 2, 1, 1, 3, 0, 1, 0, 1, 1, 4, 1, 4, 3, 2, 2, 0, 4, 1, 1, 4, 0, 1, 2, 1, 4, 4, 1, 1, 0, 2, 3, 2, 2, 1, 2, 1, 1, 2, 4, 3, 0, 2, 2, 3, 3, 0, 1, 2, 1, 1, 2, 4, 1, 3, 4, 1, 2, 3, 1, 4, 3, 1, 1, 4, 4, 2, 3, 2, 4, 2, 3, 1, 3, 4, 4, 4, 2, 2, 3, 4, 1, 2]|[1, 2, 0, 0, 3, 0, 1, 3, 0, 0, 2, 0, 1, 0, 1, 0, 0, 0, 1, 0, 0, 2, 0, 0, 1, 0, 0, 3, 0, 1, 0, 2, 0, 0, 3, 0, 1, 3, 0, 0, 0, 0, 1, 3, 0, 0, 1, 0, 2, 0, 0, 0, 0, 0, 1, 0, 1, 0, 1, 1, 0, 2, 0, 0, 0, 0, 0, 0, 0, 2, 0, 0, 1, 0, 0, 0, 0, 1, 3, 0, 0, 1, 2, 0, 0, 0, 2, 0, 3, 0, 0, 1, 1, 3, 0, 0, 0, 1, 0, 0],884.1935202920454,50448.6010827891,111928.0026051198,false
26,G3_TWC,G3_TWC,[31, 22, 82, 15, 26, 58, 95, 42, 77, 12, 47, 5, 93, 78, 98, 54, 85, 63, 18, 44, 20, 35, 43, 97, 91, 76, 10, 30, 21, 45, 71, 64, 1, 23, 17, 83, 24, 14, 60, 36, 6, 57, 94, 88, 65, 56, 79, 40, 67, 68, 46, 75, 38, 9, 19, 32, 81, 41, 27, 62, 87, 90, 99, 59, 11, 16, 72, 73, 70, 39, 37, 84, 3, 92, 25, 55, 28, 29, 51, 7, 33, 61, 86, 66, 89, 50, 48, 96, 53, 8, 80, 4, 34, 49, 52, 0, 13, 69, 2, 74]|[1, 1, 0, 1, 1, 1, 2, 1, 2, 1, 2, 2, 2, 1, 1, 0, 0, 1, 0, 2, 2, 0, 1, 2, 0, 1, 2, 2, 0, 0, 1, 2, 1, 2, 1, 0, 2, 0, 1, 1, 0, 1, 1, 1, 0, 2, 1, 1, 0, 0, 0, 0, 1, 1, 2, 1, 2, 0, 0, 0, 2, 1, 0, 1, 2, 1, 2, 1, 1, 1, 1, 1, 1, 0, 1, 1, 0, 0, 0, 1, 2, 1, 0, 2, 1, 0, 0, 0, 0, 1, 0, 0, 2, 0, 1, 0, 0, 1, 0, 2]|[4, 3, 2, 2, 0, 0, 2, 2, 2, 4, 1, 1, 2, 4, 4, 1, 2, 4, 2, 1, 1, 1, 1, 2, 1, 2, 1, 1, 1, 1, 3, 2, 3, 0, 4, 0, 1, 1, 0, 3, 2, 2, 4, 0, 1, 1, 0, 2, 0, 1, 2, 2, 1, 4, 0, 3, 2, 1, 1, 2, 1, 3, 1, 1, 1, 3, 0, 4, 3, 1, 4, 1, 1, 2, 4, 4, 2, 1, 1, 3, 1, 3, 1, 1, 1, 1, 1, 1, 2, 3, 1, 2, 1, 1, 1, 2, 2, 3, 2, 1]|[0, 2, 1, 1, 3, 3, 0, 1, 0, 0, 0, 0, 1, 0, 1, 0, 0, 3, 1, 0, 0, 0, 3, 1, 0, 2, 0, 0, 0, 1, 0, 0, 0, 0, 3, 0, 1, 0, 0, 2, 1, 1, 2, 0, 0, 0, 0, 1, 1, 0, 0, 0, 1, 3, 0, 0, 1, 0, 0, 1, 0, 2, 0, 1, 0, 2, 1, 0, 0, 1, 1, 3, 1, 1, 3, 3, 1, 0, 0, 2, 0, 0, 0, 0, 1, 0, 0, 0, 1, 2, 0, 1, 0, 1, 1, 0, 0, 0, 0, 0],802.1274951829081,57956.38699448537,89691.2003308727,false
26,G1_CMAX,G1_CMAX,[31, 22, 82, 15, 26, 58, 95, 42, 77, 12, 47, 5, 93, 78, 86, 54, 85, 63, 18, 44, 20, 35, 43, 97, 91, 76, 10, 30, 21, 45, 71, 64, 1, 23, 17, 83, 24, 14, 60, 36, 6, 57, 40, 88, 65, 56, 79, 94, 67, 68, 46, 75, 38, 9, 19, 32, 81, 41, 27, 62, 87, 90, 99, 59, 11, 16, 72, 73, 70, 39, 37, 84, 3, 92, 25, 55, 28, 29, 51, 7, 33, 61, 98, 48, 89, 50, 8, 96, 4, 53, 80, 66, 34, 49, 69, 0, 74, 52, 2, 13]|[1, 1, 0, 1, 1, 1, 2, 1, 2, 1, 2, 2, 2, 1, 1, 0, 0, 1, 0, 2, 2, 0, 1, 2, 0, 1, 2, 2, 0, 0, 1, 2, 1, 2, 1, 0, 2, 0, 1, 1, 0, 1, 1, 1, 0, 2, 1, 1, 0, 0, 0, 0, 1, 1, 2, 1, 2, 0, 0, 0, 2, 1, 0, 1, 2, 1, 2, 1, 1, 1, 1, 1, 1, 0, 1, 2, 0, 0, 0, 1, 2, 1, 2, 2, 1, 0, 1, 0, 1, 0, 0, 2, 2, 0, 1, 0, 2, 1, 0, 0]|[4, 3, 2, 2, 4, 0, 2, 2, 2, 4, 1, 1, 2, 4, 4, 1, 2, 4, 2, 1, 1, 1, 1, 2, 1, 2, 1, 1, 1, 1, 3, 2, 3, 0, 4, 0, 1, 1, 0, 3, 2, 2, 4, 0, 1, 1, 0, 2, 0, 1, 2, 2, 1, 4, 0, 3, 2, 1, 1, 2, 1, 3, 1, 1, 1, 3, 0, 4, 3, 1, 4, 1, 1, 2, 4, 1, 2, 1, 1, 3, 1, 3, 1, 1, 1, 1, 3, 1, 4, 2, 1, 1, 1, 1, 4, 2, 1, 1, 2, 2]|[0, 2, 1, 1, 3, 3, 0, 1, 0, 0, 0, 0, 1, 0, 1, 0, 0, 3, 1, 0, 0, 0, 3, 1, 0, 2, 0, 0, 0, 1, 0, 0, 0, 0, 3, 0, 1, 0, 0, 2, 1, 1, 2, 0, 0, 0, 0, 1, 1, 0, 0, 0, 1, 3, 0, 0, 1, 0, 0, 1, 0, 2, 0, 1, 0, 2, 1, 0, 0, 1, 1, 3, 1, 1, 3, 0, 1, 0, 0, 2, 0, 0, 0, 0, 1, 0, 2, 0, 0, 1, 0, 0, 0, 1, 2, 0, 0, 1, 0, 0],733.0810611054357,57333.598972040745,93692.95134536352,false
26,G4_BALANCED,G4_BALANCED,[31, 22, 82, 15, 26, 9, 95, 42, 77, 68, 47, 5, 93, 78, 86, 54, 85, 63, 18, 44, 20, 49, 36, 14, 74, 50, 53, 17, 21, 28, 71, 64, 3, 23, 30, 83, 24, 41, 60, 52, 65, 27, 90, 70, 39, 87, 48, 69, 99, 4, 46, 1, 13, 58, 97, 59, 45, 8, 73, 37, 35, 79, 11, 66, 76, 32, 40, 80, 96, 6, 16, 61, 33, 7, 57, 34, 12, 67, 10, 98, 56, 88, 29, 75, 91, 38, 19, 92, 43, 84, 51, 72, 81, 62, 2, 55, 0, 89, 94, 25]|[2, 1, 2, 1, 1, 2, 1, 1, 1, 1, 1, 0, 2, 2, 1, 2, 0, 0, 0, 2, 2, 1, 0, 2, 0, 2, 2, 1, 0, 1, 1, 1, 0, 0, 1, 0, 2, 1, 2, 2, 0, 0, 1, 1, 0, 2, 0, 2, 1, 0, 0, 2, 0, 0, 2, 0, 1, 1, 0, 0, 2, 1, 0, 2, 2, 0, 2, 2, 0, 1, 2, 1, 1, 2, 0, 1, 1, 1, 1, 2, 2, 1, 1, 0, 1, 0, 1, 0, 1, 0, 1, 1, 1, 1, 2, 0, 0, 1, 2, 1]|[0, 3, 0, 3, 4, 1, 4, 4, 2, 4, 3, 2, 1, 0, 2, 1, 1, 1, 2, 1, 1, 3, 0, 1, 0, 1, 1, 4, 1, 4, 3, 2, 2, 0, 4, 1, 1, 4, 0, 1, 2, 1, 4, 4, 1, 1, 0, 2, 3, 1, 2, 1, 2, 1, 1, 2, 4, 3, 0, 2, 2, 3, 1, 0, 1, 2, 0, 1, 2, 4, 1, 3, 4, 1, 2, 4, 3, 3, 3, 1, 1, 4, 3, 2, 3, 2, 4, 2, 4, 2, 3, 4, 1, 3, 1, 2, 2, 4, 1, 4]|[0, 2, 0, 0, 3, 0, 1, 3, 0, 0, 2, 0, 1, 0, 1, 0, 0, 0, 1, 0, 0, 2, 0, 0, 1, 0, 0, 3, 0, 1, 0, 2, 0, 1, 3, 0, 1, 3, 1, 0, 0, 0, 1, 3, 0, 0, 1, 0, 2, 0, 0, 0, 0, 0, 1, 0, 1, 0, 1, 1, 0, 2, 0, 0, 0, 0, 0, 0, 0, 2, 0, 0, 1, 0, 0, 1, 0, 0, 3, 0, 0, 1, 0, 0, 0, 0, 3, 0, 2, 0, 0, 2, 1, 0, 0, 0, 0, 1, 0, 3],851.9092314412391,51705.36297778711,107381.05157087493,false
26,G2_TEC,G2_TEC,[31, 22, 82, 15, 26, 9, 95, 42, 77, 68, 47, 5, 93, 78, 86, 54, 85, 63, 18, 44, 20, 49, 36, 14, 74, 50, 53, 17, 21, 28, 11, 64, 3, 23, 30, 83, 24, 41, 40, 52, 65, 27, 90, 70, 39, 87, 48, 69, 99, 4, 46, 1, 13, 58, 97, 59, 45, 8, 73, 37, 35, 79, 71, 66, 76, 32, 60, 80, 96, 6, 16, 61, 33, 7, 57, 67, 12, 34, 10, 98, 56, 88, 43, 75, 91, 38, 72, 92, 29, 2, 51, 19, 89, 25, 84, 55, 62, 81, 94, 0]|[2, 1, 2, 1, 1, 2, 1, 1, 1, 1, 1, 0, 2, 2, 1, 2, 0, 0, 0, 2, 2, 1, 0, 2, 0, 2, 2, 1, 0, 1, 1, 1, 0, 0, 1, 0, 2, 1, 2, 2, 0, 0, 1, 1, 0, 2, 0, 2, 1, 0, 0, 2, 0, 0, 2, 0, 1, 1, 0, 0, 2, 1, 1, 2, 2, 0, 2, 2, 0, 1, 2, 1, 1, 2, 0, 1, 2, 1, 1, 2, 2, 1, 1, 0, 1, 0, 1, 0, 1, 2, 1, 1, 1, 1, 0, 0, 1, 1, 2, 0]|[1, 3, 0, 3, 4, 1, 4, 4, 2, 4, 3, 2, 1, 0, 2, 1, 1, 1, 2, 1, 1, 3, 0, 1, 0, 1, 1, 4, 1, 4, 3, 2, 2, 0, 4, 1, 1, 4, 0, 1, 2, 1, 4, 4, 1, 1, 0, 2, 3, 2, 2, 1, 2, 1, 1, 2, 4, 3, 0, 2, 2, 3, 3, 0, 1, 2, 1, 1, 2, 4, 1, 3, 4, 1, 2, 3, 1, 4, 3, 1, 1, 4, 4, 2, 3, 2, 4, 2, 3, 1, 3, 4, 4, 4, 2, 2, 3, 4, 1, 2]|[1, 2, 0, 0, 3, 0, 1, 3, 0, 0, 2, 0, 1, 0, 1, 0, 0, 0, 1, 0, 0, 2, 0, 0, 1, 0, 0, 3, 0, 1, 0, 2, 0, 0, 3, 0, 1, 3, 0, 0, 0, 0, 1, 3, 0, 0, 1, 0, 2, 0, 0, 0, 0, 0, 1, 0, 1, 0, 1, 1, 0, 2, 0, 0, 0, 0, 0, 0, 0, 2, 0, 0, 1, 0, 0, 0, 0, 1, 3, 0, 0, 1, 2, 0, 0, 0, 2, 0, 3, 0, 0, 1, 1, 3, 0, 0, 0, 1, 0, 0],884.1935202920454,50448.6010827891,111928.0026051198,false
26,G3_TWC,G3_TWC,[31, 22, 82, 15, 26, 58, 95, 42, 77, 12, 47, 5, 93, 78, 98, 54, 85, 63, 18, 44, 20, 35, 43, 97, 91, 76, 10, 30, 21, 45, 71, 64, 1, 23, 17, 83, 24, 14, 60, 36, 6, 57, 94, 88, 65, 56, 79, 40, 67, 68, 46, 75, 38, 9, 19, 32, 81, 41, 27, 62, 87, 90, 99, 59, 11, 16, 72, 73, 70, 39, 37, 84, 3, 92, 25, 55, 28, 29, 51, 7, 33, 61, 86, 66, 89, 50, 48, 96, 53, 8, 80, 4, 34, 49, 52, 0, 13, 69, 2, 74]|[1, 1, 0, 1, 1, 1, 2, 1, 2, 1, 2, 2, 2, 1, 1, 0, 0, 1, 0, 2, 2, 0, 1, 2, 0, 1, 2, 2, 0, 0, 1, 2, 1, 2, 1, 0, 2, 0, 1, 1, 0, 1, 1, 1, 0, 2, 1, 1, 0, 0, 0, 0, 1, 1, 2, 1, 2, 0, 0, 0, 2, 1, 0, 1, 2, 1, 2, 1, 1, 1, 1, 1, 1, 0, 1, 1, 0, 0, 0, 1, 2, 1, 0, 2, 1, 0, 0, 0, 0, 1, 0, 0, 2, 0, 1, 0, 0, 1, 0, 2]|[4, 3, 2, 2, 0, 0, 2, 2, 2, 4, 1, 1, 2, 4, 4, 1, 2, 4, 2, 1, 1, 1, 1, 2, 1, 2, 1, 1, 1, 1, 3, 2, 3, 0, 4, 0, 1, 1, 0, 3, 2, 2, 4, 0, 1, 1, 0, 2, 0, 1, 2, 2, 1, 4, 0, 3, 2, 1, 1, 2, 1, 3, 1, 1, 1, 3, 0, 4, 3, 1, 4, 1, 1, 2, 4, 4, 2, 1, 1, 3, 1, 3, 1, 1, 1, 1, 1, 1, 2, 3, 1, 2, 1, 1, 1, 2, 2, 3, 2, 1]|[0, 2, 1, 1, 3, 3, 0, 1, 0, 0, 0, 0, 1, 0, 1, 0, 0, 3, 1, 0, 0, 0, 3, 1, 0, 2, 0, 0, 0, 1, 0, 0, 0, 0, 3, 0, 1, 0, 0, 2, 1, 1, 2, 0, 0, 0, 0, 1, 1, 0, 0, 0, 1, 3, 0, 0, 1, 0, 0, 1, 0, 2, 0, 1, 0, 2, 1, 0, 0, 1, 1, 3, 1, 1, 3, 3, 1, 0, 0, 2, 0, 0, 0, 0, 1, 0, 0, 0, 1, 2, 0, 1, 0, 1, 1, 0, 0, 0, 0, 0],802.1274951829081,57956.38699448537,89691.2003308727,false
26,G1_CMAX,G1_CMAX,[31, 22, 82, 15, 26, 58, 95, 42, 77, 12, 47, 5, 93, 78, 86, 54, 85, 63, 18, 44, 20, 35, 43, 97, 91, 76, 10, 30, 21, 45, 71, 64, 1, 23, 17, 83, 24, 14, 60, 36, 6, 57, 40, 88, 65, 56, 79, 94, 67, 68, 46, 75, 38, 9, 19, 32, 81, 41, 27, 62, 87, 90, 99, 59, 11, 16, 72, 73, 70, 39, 37, 84, 3, 92, 25, 55, 28, 29, 51, 7, 33, 61, 98, 48, 89, 50, 8, 96, 4, 53, 80, 66, 34, 49, 69, 0, 74, 52, 2, 13]|[1, 1, 0, 1, 1, 1, 2, 1, 2, 1, 2, 2, 2, 1, 1, 0, 0, 1, 0, 2, 2, 0, 1, 2, 0, 1, 2, 2, 0, 0, 1, 2, 1, 2, 1, 0, 2, 0, 1, 1, 0, 1, 1, 1, 0, 2, 1, 1, 0, 0, 0, 0, 1, 1, 2, 1, 2, 0, 0, 0, 2, 1, 0, 1, 2, 1, 2, 1, 1, 1, 1, 1, 1, 0, 1, 2, 0, 0, 0, 1, 2, 1, 2, 2, 1, 0, 1, 0, 1, 0, 0, 2, 2, 0, 1, 0, 2, 1, 0, 0]|[4, 3, 2, 2, 4, 0, 2, 2, 2, 4, 1, 1, 2, 4, 4, 1, 2, 4, 2, 1, 1, 1, 1, 2, 1, 2, 1, 1, 1, 1, 3, 2, 3, 0, 4, 0, 1, 1, 0, 3, 2, 2, 4, 0, 1, 1, 0, 2, 0, 1, 2, 2, 1, 4, 0, 3, 2, 1, 1, 2, 1, 3, 1, 1, 1, 3, 0, 4, 3, 1, 4, 1, 1, 2, 4, 1, 2, 1, 1, 3, 1, 3, 1, 1, 1, 1, 3, 1, 4, 2, 1, 1, 1, 1, 4, 2, 1, 1, 2, 2]|[0, 2, 1, 1, 3, 3, 0, 1, 0, 0, 0, 0, 1, 0, 1, 0, 0, 3, 1, 0, 0, 0, 3, 1, 0, 2, 0, 0, 0, 1, 0, 0, 0, 0, 3, 0, 1, 0, 0, 2, 1, 1, 2, 0, 0, 0, 0, 1, 1, 0, 0, 0, 1, 3, 0, 0, 1, 0, 0, 1, 0, 2, 0, 1, 0, 2, 1, 0, 0, 1, 1, 3, 1, 1, 3, 0, 1, 0, 0, 2, 0, 0, 0, 0, 1, 0, 2, 0, 0, 1, 0, 0, 0, 1, 2, 0, 0, 1, 0, 0],733.0810611054357,57333.598972040745,93692.95134536352,false
26,G4_BALANCED,G4_BALANCED,[31, 22, 82, 15, 26, 9, 95, 42, 77, 68, 47, 5, 93, 78, 86, 54, 85, 63, 18, 44, 20, 49, 36, 14, 74, 50, 53, 17, 21, 28, 71, 64, 3, 23, 30, 83, 24, 41, 60, 52, 65, 27, 90, 70, 39, 87, 48, 69, 99, 4, 46, 1, 13, 58, 97, 59, 45, 8, 73, 37, 35, 79, 11, 66, 76, 32, 40, 80, 96, 6, 16, 61, 33, 7, 57, 34, 12, 67, 10, 98, 56, 88, 29, 75, 91, 38, 19, 92, 43, 84, 51, 72, 81, 62, 2, 55, 0, 89, 94, 25]|[2, 1, 2, 1, 1, 2, 1, 1, 1, 1, 1, 0, 2, 2, 1, 2, 0, 0, 0, 2, 2, 1, 0, 2, 0, 2, 2, 1, 0, 1, 1, 1, 0, 0, 1, 0, 2, 1, 2, 2, 0, 0, 1, 1, 0, 2, 0, 2, 1, 0, 0, 2, 0, 0, 2, 0, 1, 1, 0, 0, 2, 1, 0, 2, 2, 0, 2, 2, 0, 1, 2, 1, 1, 2, 0, 1, 1, 1, 1, 2, 2, 1, 1, 0, 1, 0, 1, 0, 1, 0, 1, 1, 1, 1, 2, 0, 0, 1, 2, 1]|[0, 3, 0, 3, 4, 1, 4, 4, 2, 4, 3, 2, 1, 0, 2, 1, 1, 1, 2, 1, 1, 3, 0, 1, 0, 1, 1, 4, 1, 4, 3, 2, 2, 0, 4, 1, 1, 4, 0, 1, 2, 1, 4, 4, 1, 1, 0, 2, 3, 1, 2, 1, 2, 1, 1, 2, 4, 3, 0, 2, 2, 3, 1, 0, 1, 2, 0, 1, 2, 4, 1, 3, 4, 1, 2, 4, 3, 3, 3, 1, 1, 4, 3, 2, 3, 2, 4, 2, 4, 2, 3, 4, 1, 3, 1, 2, 2, 4, 1, 4]|[0, 2, 0, 0, 3, 0, 1, 3, 0, 0, 2, 0, 1, 0, 1, 0, 0, 0, 1, 0, 0, 2, 0, 0, 1, 0, 0, 3, 0, 1, 0, 2, 0, 1, 3, 0, 1, 3, 1, 0, 0, 0, 1, 3, 0, 0, 1, 0, 2, 0, 0, 0, 0, 0, 1, 0, 1, 0, 1, 1, 0, 2, 0, 0, 0, 0, 0, 0, 0, 2, 0, 0, 1, 0, 0, 1, 0, 0, 3, 0, 0, 1, 0, 0, 0, 0, 3, 0, 2, 0, 0, 2, 1, 0, 0, 0, 0, 1, 0, 3],851.9092314412391,51705.36297778711,107381.05157087493,false
26,G2_TEC,G2_TEC,[31, 22, 82, 15, 26, 9, 95, 42, 77, 68, 47, 5, 93, 78, 86, 54, 85, 63, 18, 44, 20, 49, 36, 14, 74, 50, 53, 17, 21, 28, 11, 64, 3, 23, 30, 83, 24, 41, 40, 52, 65, 27, 90, 70, 39, 87, 48, 69, 99, 4, 46, 1, 13, 58, 97, 59, 45, 8, 73, 37, 35, 79, 71, 66, 76, 32, 60, 80, 96, 6, 16, 61, 33, 7, 57, 67, 12, 34, 10, 98, 56, 88, 43, 75, 91, 38, 72, 92, 29, 2, 51, 19, 89, 25, 84, 55, 62, 81, 94, 0]|[2, 1, 2, 1, 1, 2, 1, 1, 1, 1, 1, 0, 2, 2, 1, 2, 0, 0, 0, 2, 2, 1, 0, 2, 0, 2, 2, 1, 0, 1, 1, 1, 0, 0, 1, 0, 2, 1, 2, 2, 0, 0, 1, 1, 0, 2, 0, 2, 1, 0, 0, 2, 0, 0, 2, 0, 1, 1, 0, 0, 2, 1, 1, 2, 2, 0, 2, 2, 0, 1, 2, 1, 1, 2, 0, 1, 2, 1, 1, 2, 2, 1, 1, 0, 1, 0, 1, 0, 1, 2, 1, 1, 1, 1, 0, 0, 1, 1, 2, 0]|[1, 3, 0, 3, 4, 1, 4, 4, 2, 4, 3, 2, 1, 0, 2, 1, 1, 1, 2, 1, 1, 3, 0, 1, 0, 1, 1, 4, 1, 4, 3, 2, 2, 0, 4, 1, 1, 4, 0, 1, 2, 1, 4, 4, 1, 1, 0, 2, 3, 2, 2, 1, 2, 1, 1, 2, 4, 3, 0, 2, 2, 3, 3, 0, 1, 2, 1, 1, 2, 4, 1, 3, 4, 1, 2, 3, 1, 4, 3, 1, 1, 4, 4, 2, 3, 2, 4, 2, 3, 1, 3, 4, 4, 4, 2, 2, 3, 4, 1, 2]|[1, 2, 0, 0, 3, 0, 1, 3, 0, 0, 2, 0, 1, 0, 1, 0, 0, 0, 1, 0, 0, 2, 0, 0, 1, 0, 0, 3, 0, 1, 0, 2, 0, 0, 3, 0, 1, 3, 0, 0, 0, 0, 1, 3, 0, 0, 1, 0, 2, 0, 0, 0, 0, 0, 1, 0, 1, 0, 1, 1, 0, 2, 0, 0, 0, 0, 0, 0, 0, 2, 0, 0, 1, 0, 0, 0, 0, 1, 3, 0, 0, 1, 2, 0, 0, 0, 2, 0, 3, 0, 0, 1, 1, 3, 0, 0, 0, 1, 0, 0],884.1935202920454,50448.6010827891,111928.0026051198,false
26,G3_TWC,G3_TWC,[31, 22, 82, 15, 26, 58, 95, 42, 77, 12, 47, 5, 93, 78, 98, 54, 85, 63, 18, 44, 20, 35, 43, 97, 91, 76, 10, 30, 21, 45, 71, 64, 1, 23, 17, 83, 24, 14, 60, 36, 6, 57, 94, 88, 65, 56, 79, 40, 67, 68, 46, 75, 38, 9, 19, 32, 81, 41, 27, 62, 87, 90, 99, 59, 11, 16, 72, 73, 70, 39, 37, 84, 3, 92, 25, 55, 28, 29, 51, 7, 33, 61, 86, 66, 89, 50, 48, 96, 53, 8, 80, 4, 34, 49, 52, 0, 13, 69, 2, 74]|[1, 1, 0, 1, 1, 1, 2, 1, 2, 1, 2, 2, 2, 1, 1, 0, 0, 1, 0, 2, 2, 0, 1, 2, 0, 1, 2, 2, 0, 0, 1, 2, 1, 2, 1, 0, 2, 0, 1, 1, 0, 1, 1, 1, 0, 2, 1, 1, 0, 0, 0, 0, 1, 1, 2, 1, 2, 0, 0, 0, 2, 1, 0, 1, 2, 1, 2, 1, 1, 1, 1, 1, 1, 0, 1, 1, 0, 0, 0, 1, 2, 1, 0, 2, 1, 0, 0, 0, 0, 1, 0, 0, 2, 0, 1, 0, 0, 1, 0, 2]|[4, 3, 2, 2, 0, 0, 2, 2, 2, 4, 1, 1, 2, 4, 4, 1, 2, 4, 2, 1, 1, 1, 1, 2, 1, 2, 1, 1, 1, 1, 3, 2, 3, 0, 4, 0, 1, 1, 0, 3, 2, 2, 4, 0, 1, 1, 0, 2, 0, 1, 2, 2, 1, 4, 0, 3, 2, 1, 1, 2, 1, 3, 1, 1, 1, 3, 0, 4, 3, 1, 4, 1, 1, 2, 4, 4, 2, 1, 1, 3, 1, 3, 1, 1, 1, 1, 1, 1, 2, 3, 1, 2, 1, 1, 1, 2, 2, 3, 2, 1]|[0, 2, 1, 1, 3, 3, 0, 1, 0, 0, 0, 0, 1, 0, 1, 0, 0, 3, 1, 0, 0, 0, 3, 1, 0, 2, 0, 0, 0, 1, 0, 0, 0, 0, 3, 0, 1, 0, 0, 2, 1, 1, 2, 0, 0, 0, 0, 1, 1, 0, 0, 0, 1, 3, 0, 0, 1, 0, 0, 1, 0, 2, 0, 1, 0, 2, 1, 0, 0, 1, 1, 3, 1, 1, 3, 3, 1, 0, 0, 2, 0, 0, 0, 0, 1, 0, 0, 0, 1, 2, 0, 1, 0, 1, 1, 0, 0, 0, 0, 0],802.1274951829081,57956.38699448537,89691.2003308727,false
26,G1_CMAX,G1_CMAX,[31, 22, 82, 15, 26, 58, 95, 42, 77, 12, 47, 5, 93, 78, 86, 54, 85, 63, 18, 44, 20, 35, 43, 97, 91, 76, 10, 30, 21, 45, 71, 64, 1, 23, 17, 83, 24, 14, 60, 36, 6, 57, 40, 88, 65, 56, 79, 94, 67, 68, 46, 75, 38, 9, 19, 32, 81, 41, 27, 62, 87, 90, 99, 59, 11, 16, 72, 73, 70, 39, 37, 84, 3, 92, 25, 55, 28, 29, 51, 7, 33, 61, 98, 48, 89, 50, 8, 96, 4, 53, 80, 66, 34, 49, 69, 0, 74, 52, 2, 13]|[1, 1, 0, 1, 1, 1, 2, 1, 2, 1, 2, 2, 2, 1, 1, 0, 0, 1, 0, 2, 2, 0, 1, 2, 0, 1, 2, 2, 0, 0, 1, 2, 1, 2, 1, 0, 2, 0, 1, 1, 0, 1, 1, 1, 0, 2, 1, 1, 0, 0, 0, 0, 1, 1, 2, 1, 2, 0, 0, 0, 2, 1, 0, 1, 2, 1, 2, 1, 1, 1, 1, 1, 1, 0, 1, 2, 0, 0, 0, 1, 2, 1, 2, 2, 1, 0, 1, 0, 1, 0, 0, 2, 2, 0, 1, 0, 2, 1, 0, 0]|[4, 3, 2, 2, 4, 0, 2, 2, 2, 4, 1, 1, 2, 4, 4, 1, 2, 4, 2, 1, 1, 1, 1, 2, 1, 2, 1, 1, 1, 1, 3, 2, 3, 0, 4, 0, 1, 1, 0, 3, 2, 2, 4, 0, 1, 1, 0, 2, 0, 1, 2, 2, 1, 4, 0, 3, 2, 1, 1, 2, 1, 3, 1, 1, 1, 3, 0, 4, 3, 1, 4, 1, 1, 2, 4, 1, 2, 1, 1, 3, 1, 3, 1, 1, 1, 1, 3, 1, 4, 2, 1, 1, 1, 1, 4, 2, 1, 1, 2, 2]|[0, 2, 1, 1, 3, 3, 0, 1, 0, 0, 0, 0, 1, 0, 1, 0, 0, 3, 1, 0, 0, 0, 3, 1, 0, 2, 0, 0, 0, 1, 0, 0, 0, 0, 3, 0, 1, 0, 0, 2, 1, 1, 2, 0, 0, 0, 0, 1, 1, 0, 0, 0, 1, 3, 0, 0, 1, 0, 0, 1, 0, 2, 0, 1, 0, 2, 1, 0, 0, 1, 1, 3, 1, 1, 3, 0, 1, 0, 0, 2, 0, 0, 0, 0, 1, 0, 2, 0, 0, 1, 0, 0, 0, 1, 2, 0, 0, 1, 0, 0],733.0810611054357,57333.598972040745,93692.95134536352,false
26,G4_BALANCED,G4_BALANCED,[31, 22, 82, 15, 26, 9, 95, 42, 77, 68, 47, 5, 93, 78, 86, 54, 85, 63, 18, 44, 20, 49, 36, 14, 74, 50, 53, 17, 21, 28, 71, 64, 3, 23, 30, 83, 24, 41, 60, 52, 65, 27, 90, 70, 39, 87, 48, 69, 99, 4, 46, 1, 13, 58, 97, 59, 45, 8, 73, 37, 35, 79, 11, 66, 76, 32, 40, 80, 96, 6, 16, 61, 33, 7, 57, 34, 12, 67, 10, 98, 56, 88, 29, 75, 91, 38, 19, 92, 43, 84, 51, 72, 81, 62, 2, 55, 0, 89, 94, 25]|[2, 1, 2, 1, 1, 2, 1, 1, 1, 1, 1, 0, 2, 2, 1, 2, 0, 0, 0, 2, 2, 1, 0, 2, 0, 2, 2, 1, 0, 1, 1, 1, 0, 0, 1, 0, 2, 1, 2, 2, 0, 0, 1, 1, 0, 2, 0, 2, 1, 0, 0, 2, 0, 0, 2, 0, 1, 1, 0, 0, 2, 1, 0, 2, 2, 0, 2, 2, 0, 1, 2, 1, 1, 2, 0, 1, 1, 1, 1, 2, 2, 1, 1, 0, 1, 0, 1, 0, 1, 0, 1, 1, 1, 1, 2, 0, 0, 1, 2, 1]|[0, 3, 0, 3, 4, 1, 4, 4, 2, 4, 3, 2, 1, 0, 2, 1, 1, 1, 2, 1, 1, 3, 0, 1, 0, 1, 1, 4, 1, 4, 3, 2, 2, 0, 4, 1, 1, 4, 0, 1, 2, 1, 4, 4, 1, 1, 0, 2, 3, 1, 2, 1, 2, 1, 1, 2, 4, 3, 0, 2, 2, 3, 1, 0, 1, 2, 0, 1, 2, 4, 1, 3, 4, 1, 2, 4, 3, 3, 3, 1, 1, 4, 3, 2, 3, 2, 4, 2, 4, 2, 3, 4, 1, 3, 1, 2, 2, 4, 1, 4]|[0, 2, 0, 0, 3, 0, 1, 3, 0, 0, 2, 0, 1, 0, 1, 0, 0, 0, 1, 0, 0, 2, 0, 0, 1, 0, 0, 3, 0, 1, 0, 2, 0, 1, 3, 0, 1, 3, 1, 0, 0, 0, 1, 3, 0, 0, 1, 0, 2, 0, 0, 0, 0, 0, 1, 0, 1, 0, 1, 1, 0, 2, 0, 0, 0, 0, 0, 0, 0, 2, 0, 0, 1, 0, 0, 1, 0, 0, 3, 0, 0, 1, 0, 0, 0, 0, 3, 0, 2, 0, 0, 2, 1, 0, 0, 0, 0, 1, 0, 3],851.9092314412391,51705.36297778711,107381.05157087493,false
26,G2_TEC,G4_BALANCED,[31, 22, 82, 15, 26, 9, 95, 42, 77, 68, 47, 5, 93, 78, 86, 54, 85, 63, 18, 44, 20, 49, 36, 14, 74, 89, 53, 17, 21, 45, 71, 64, 3, 23, 30, 83, 24, 41, 60, 52, 65, 27, 90, 70, 39, 87, 48, 69, 99, 4, 46, 1, 13, 58, 97, 59, 28, 8, 73, 37, 35, 79, 11, 66, 76, 32, 40, 80, 96, 6, 16, 61, 33, 7, 57, 34, 12, 67, 10, 98, 56, 88, 29, 75, 91, 38, 19, 92, 43, 84, 51, 72, 81, 25, 2, 55, 0, 62, 50, 94]|[2, 1, 2, 1, 1, 2, 1, 1, 1, 1, 1, 0, 2, 2, 1, 2, 0, 0, 0, 2, 2, 1, 0, 2, 0, 2, 2, 1, 0, 1, 1, 1, 0, 0, 1, 0, 2, 1, 2, 2, 0, 0, 1, 1, 0, 2, 0, 2, 1, 0, 0, 2, 0, 0, 2, 0, 1, 1, 0, 0, 2, 1, 0, 2, 2, 0, 2, 2, 0, 1, 2, 1, 1, 2, 0, 1, 1, 1, 1, 2, 2, 1, 1, 0, 1, 0, 1, 0, 1, 0, 1, 1, 1, 1, 2, 0, 0, 1, 1, 2]|[0, 3, 0, 2, 4, 1, 4, 4, 2, 4, 3, 2, 1, 0, 2, 1, 1, 1, 2, 1, 1, 3, 0, 1, 0, 1, 1, 4, 1, 4, 3, 2, 2, 0, 4, 1, 1, 4, 0, 1, 2, 1, 4, 4, 1, 1, 0, 2, 3, 1, 2, 1, 2, 1, 1, 2, 4, 3, 0, 2, 2, 3, 1, 0, 1, 2, 0, 1, 2, 4, 1, 3, 4, 1, 2, 4, 3, 3, 3, 1, 1, 4, 3, 2, 3, 2, 4, 2, 4, 2, 3, 4, 1, 4, 1, 2, 2, 3, 4, 1]|[0, 2, 0, 1, 3, 0, 1, 3, 0, 0, 2, 0, 1, 0, 1, 0, 0, 0, 1, 0, 0, 2, 0, 0, 1, 0, 0, 3, 0, 1, 0, 2, 0, 1, 3, 0, 1, 3, 0, 0, 0, 0, 1, 3, 0, 0, 1, 0, 2, 0, 0, 0, 0, 0, 1, 0, 1, 0, 1, 1, 0, 2, 0, 0, 0, 0, 0, 0, 0, 2, 0, 0, 1, 0, 0, 1, 0, 0, 3, 0, 0, 1, 0, 0, 0, 0, 3, 0, 2, 0, 0, 2, 1, 3, 0, 0, 0, 0, 1, 0],848.7210464257236,51852.78829288572,110511.95315601578,true
26,G3_TWC,G3_TWC,[31, 22, 82, 15, 26, 58, 95, 42, 77, 12, 47, 5, 93, 78, 98, 54, 85, 63, 18, 44, 20, 35, 43, 97, 91, 76, 10, 30, 21, 45, 71, 64, 1, 23, 17, 83, 24, 14, 60, 36, 6, 57, 94, 88, 65, 56, 79, 40, 67, 68, 46, 75, 38, 9, 19, 32, 81, 41, 27, 62, 87, 90, 99, 59, 11, 16, 72, 73, 70, 39, 37, 84, 3, 92, 25, 55, 28, 29, 51, 7, 33, 61, 86, 66, 89, 50, 48, 96, 53, 8, 80, 4, 34, 49, 52, 0, 13, 69, 2, 74]|[1, 1, 0, 1, 1, 1, 2, 1, 2, 1, 2, 2, 2, 1, 1, 0, 0, 1, 0, 2, 2, 0, 1, 2, 0, 1, 2, 2, 0, 0, 1, 2, 1, 2, 1, 0, 2, 0, 1, 1, 0, 1, 1, 1, 0, 2, 1, 1, 0, 0, 0, 0, 1, 1, 2, 1, 2, 0, 0, 0, 2, 1, 0, 1, 2, 1, 2, 1, 1, 1, 1, 1, 1, 0, 1, 1, 0, 0, 0, 1, 2, 1, 0, 2, 1, 0, 0, 0, 0, 1, 0, 0, 2, 0, 1, 0, 0, 1, 0, 2]|[4, 3, 2, 2, 0, 0, 2, 2, 2, 4, 1, 1, 2, 4, 4, 1, 2, 4, 2, 1, 1, 1, 1, 2, 1, 2, 1, 1, 1, 1, 3, 2, 3, 0, 4, 0, 1, 1, 0, 3, 2, 2, 4, 0, 1, 1, 0, 2, 0, 1, 2, 2, 1, 4, 0, 3, 2, 1, 1, 2, 1, 3, 1, 1, 1, 3, 0, 4, 3, 1, 4, 1, 1, 2, 4, 4, 2, 1, 1, 3, 1, 3, 1, 1, 1, 1, 1, 1, 2, 3, 1, 2, 1, 1, 1, 2, 2, 3, 2, 1]|[0, 2, 1, 1, 3, 3, 0, 1, 0, 0, 0, 0, 1, 0, 1, 0, 0, 3, 1, 0, 0, 0, 3, 1, 0, 2, 0, 0, 0, 1, 0, 0, 0, 0, 3, 0, 1, 0, 0, 2, 1, 1, 2, 0, 0, 0, 0, 1, 1, 0, 0, 0, 1, 3, 0, 0, 1, 0, 0, 1, 0, 2, 0, 1, 0, 2, 1, 0, 0, 1, 1, 3, 1, 1, 3, 3, 1, 0, 0, 2, 0, 0, 0, 0, 1, 0, 0, 0, 1, 2, 0, 1, 0, 1, 1, 0, 0, 0, 0, 0],802.1274951829081,57956.38699448537,89691.2003308727,false
26,G1_CMAX,G1_CMAX,[31, 22, 82, 15, 26, 58, 95, 42, 77, 12, 47, 5, 93, 78, 86, 54, 85, 63, 18, 44, 20, 35, 43, 97, 91, 76, 10, 30, 21, 45, 71, 64, 1, 23, 17, 83, 24, 14, 60, 36, 6, 57, 40, 88, 65, 56, 79, 94, 67, 68, 46, 75, 38, 9, 19, 32, 81, 41, 27, 62, 87, 90, 99, 59, 11, 16, 72, 73, 70, 39, 37, 84, 3, 92, 25, 55, 28, 29, 51, 7, 33, 61, 98, 48, 89, 50, 8, 96, 4, 53, 80, 66, 34, 49, 69, 0, 74, 52, 2, 13]|[1, 1, 0, 1, 1, 1, 2, 1, 2, 1, 2, 2, 2, 1, 1, 0, 0, 1, 0, 2, 2, 0, 1, 2, 0, 1, 2, 2, 0, 0, 1, 2, 1, 2, 1, 0, 2, 0, 1, 1, 0, 1, 1, 1, 0, 2, 1, 1, 0, 0, 0, 0, 1, 1, 2, 1, 2, 0, 0, 0, 2, 1, 0, 1, 2, 1, 2, 1, 1, 1, 1, 1, 1, 0, 1, 2, 0, 0, 0, 1, 2, 1, 2, 2, 1, 0, 1, 0, 1, 0, 0, 2, 2, 0, 1, 0, 2, 1, 0, 0]|[4, 3, 2, 2, 4, 0, 2, 2, 2, 4, 1, 1, 2, 4, 4, 1, 2, 4, 2, 1, 1, 1, 1, 2, 1, 2, 1, 1, 1, 1, 3, 2, 3, 0, 4, 0, 1, 1, 0, 3, 2, 2, 4, 0, 1, 1, 0, 2, 0, 1, 2, 2, 1, 4, 0, 3, 2, 1, 1, 2, 1, 3, 1, 1, 1, 3, 0, 4, 3, 1, 4, 1, 1, 2, 4, 1, 2, 1, 1, 3, 1, 3, 1, 1, 1, 1, 3, 1, 4, 2, 1, 1, 1, 1, 4, 2, 1, 1, 2, 2]|[0, 2, 1, 1, 3, 3, 0, 1, 0, 0, 0, 0, 1, 0, 1, 0, 0, 3, 1, 0, 0, 0, 3, 1, 0, 2, 0, 0, 0, 1, 0, 0, 0, 0, 3, 0, 1, 0, 0, 2, 1, 1, 2, 0, 0, 0, 0, 1, 1, 0, 0, 0, 1, 3, 0, 0, 1, 0, 0, 1, 0, 2, 0, 1, 0, 2, 1, 0, 0, 1, 1, 3, 1, 1, 3, 0, 1, 0, 0, 2, 0, 0, 0, 0, 1, 0, 2, 0, 0, 1, 0, 0, 0, 1, 2, 0, 0, 1, 0, 0],733.0810611054357,57333.598972040745,93692.95134536352,false
26,G4_BALANCED,G4_BALANCED,[31, 22, 82, 15, 26, 9, 95, 42, 77, 68, 47, 5, 93, 78, 86, 54, 85, 63, 18, 44, 20, 49, 36, 14, 74, 50, 53, 17, 21, 28, 71, 64, 3, 23, 30, 83, 24, 41, 60, 52, 65, 27, 90, 70, 39, 87, 48, 69, 99, 4, 46, 1, 13, 58, 97, 59, 45, 8, 73, 37, 35, 79, 11, 66, 76, 32, 40, 80, 96, 6, 16, 61, 33, 7, 57, 34, 12, 67, 10, 98, 56, 88, 29, 75, 91, 38, 19, 92, 43, 84, 51, 72, 81, 62, 2, 55, 0, 89, 94, 25]|[2, 1, 2, 1, 1, 2, 1, 1, 1, 1, 1, 0, 2, 2, 1, 2, 0, 0, 0, 2, 2, 1, 0, 2, 0, 2, 2, 1, 0, 1, 1, 1, 0, 0, 1, 0, 2, 1, 2, 2, 0, 0, 1, 1, 0, 2, 0, 2, 1, 0, 0, 2, 0, 0, 2, 0, 1, 1, 0, 0, 2, 1, 0, 2, 2, 0, 2, 2, 0, 1, 2, 1, 1, 2, 0, 1, 1, 1, 1, 2, 2, 1, 1, 0, 1, 0, 1, 0, 1, 0, 1, 1, 1, 1, 2, 0, 0, 1, 2, 1]|[0, 3, 0, 3, 4, 1, 4, 4, 2, 4, 3, 2, 1, 0, 2, 1, 1, 1, 2, 1, 1, 3, 0, 1, 0, 1, 1, 4, 1, 4, 3, 2, 2, 0, 4, 1, 1, 4, 0, 1, 2, 1, 4, 4, 1, 1, 0, 2, 3, 1, 2, 1, 2, 1, 1, 2, 4, 3, 0, 2, 2, 3, 1, 0, 1, 2, 0, 1, 2, 4, 1, 3, 4, 1, 2, 4, 3, 3, 3, 1, 1, 4, 3, 2, 3, 2, 4, 2, 4, 2, 3, 4, 1, 3, 1, 2, 2, 4, 1, 4]|[0, 2, 0, 0, 3, 0, 1, 3, 0, 0, 2, 0, 1, 0, 1, 0, 0, 0, 1, 0, 0, 2, 0, 0, 1, 0, 0, 3, 0, 1, 0, 2, 0, 1, 3, 0, 1, 3, 1, 0, 0, 0, 1, 3, 0, 0, 1, 0, 2, 0, 0, 0, 0, 0, 1, 0, 1, 0, 1, 1, 0, 2, 0, 0, 0, 0, 0, 0, 0, 2, 0, 0, 1, 0, 0, 1, 0, 0, 3, 0, 0, 1, 0, 0, 0, 0, 3, 0, 2, 0, 0, 2, 1, 0, 0, 0, 0, 1, 0, 3],851.9092314412391,51705.36297778711,107381.05157087493,false
26,G2_TEC,G4_BALANCED,[31, 22, 82, 15, 26, 9, 95, 42, 77, 68, 47, 5, 93, 78, 86, 54, 85, 63, 18, 44, 20, 49, 36, 14, 74, 89, 53, 17, 21, 45, 71, 64, 3, 23, 30, 83, 24, 41, 60, 52, 65, 27, 90, 70, 39, 87, 48, 69, 99, 4, 46, 1, 13, 58, 97, 59, 28, 8, 73, 37, 35, 79, 11, 66, 76, 32, 40, 80, 96, 6, 16, 61, 33, 7, 57, 34, 12, 67, 10, 98, 56, 88, 29, 75, 91, 38, 19, 92, 43, 84, 51, 72, 81, 25, 2, 55, 0, 62, 50, 94]|[2, 1, 2, 1, 1, 2, 1, 1, 1, 1, 1, 0, 2, 2, 1, 2, 0, 0, 0, 2, 2, 1, 0, 2, 0, 2, 2, 1, 0, 1, 1, 1, 0, 0, 1, 0, 2, 1, 2, 2, 0, 0, 1, 1, 0, 2, 0, 2, 1, 0, 0, 2, 0, 0, 2, 0, 1, 1, 0, 0, 2, 1, 0, 2, 2, 0, 2, 2, 0, 1, 2, 1, 1, 2, 0, 1, 1, 1, 1, 2, 2, 1, 1, 0, 1, 0, 1, 0, 1, 0, 1, 1, 1, 1, 2, 0, 0, 1, 1, 2]|[0, 3, 0, 2, 4, 1, 4, 4, 2, 4, 3, 2, 1, 0, 2, 1, 1, 1, 2, 1, 1, 3, 0, 1, 0, 1, 1, 4, 1, 4, 3, 2, 2, 0, 4, 1, 1, 4, 0, 1, 2, 1, 4, 4, 1, 1, 0, 2, 3, 1, 2, 1, 2, 1, 1, 2, 4, 3, 0, 2, 2, 3, 1, 0, 1, 2, 0, 1, 2, 4, 1, 3, 4, 1, 2, 4, 3, 3, 3, 1, 1, 4, 3, 2, 3, 2, 4, 2, 4, 2, 3, 4, 1, 4, 1, 2, 2, 3, 4, 1]|[0, 2, 0, 1, 3, 0, 1, 3, 0, 0, 2, 0, 1, 0, 1, 0, 0, 0, 1, 0, 0, 2, 0, 0, 1, 0, 0, 3, 0, 1, 0, 2, 0, 1, 3, 0, 1, 3, 0, 0, 0, 0, 1, 3, 0, 0, 1, 0, 2, 0, 0, 0, 0, 0, 1, 0, 1, 0, 1, 1, 0, 2, 0, 0, 0, 0, 0, 0, 0, 2, 0, 0, 1, 0, 0, 1, 0, 0, 3, 0, 0, 1, 0, 0, 0, 0, 3, 0, 2, 0, 0, 2, 1, 3, 0, 0, 0, 0, 1, 0],848.7210464257236,51852.78829288572,110511.95315601578,true
26,G3_TWC,G3_TWC,[31, 22, 82, 15, 26, 58, 95, 42, 77, 12, 47, 5, 93, 78, 98, 54, 85, 63, 18, 44, 20, 35, 43, 97, 91, 76, 10, 30, 21, 45, 71, 64, 1, 23, 17, 83, 24, 14, 60, 36, 6, 57, 94, 88, 65, 56, 79, 40, 67, 68, 46, 75, 38, 9, 19, 32, 81, 41, 27, 62, 87, 90, 99, 59, 11, 16, 72, 73, 70, 39, 37, 84, 3, 92, 25, 55, 28, 29, 51, 7, 33, 61, 86, 66, 89, 50, 48, 96, 53, 8, 80, 4, 34, 49, 52, 0, 13, 69, 2, 74]|[1, 1, 0, 1, 1, 1, 2, 1, 2, 1, 2, 2, 2, 1, 1, 0, 0, 1, 0, 2, 2, 0, 1, 2, 0, 1, 2, 2, 0, 0, 1, 2, 1, 2, 1, 0, 2, 0, 1, 1, 0, 1, 1, 1, 0, 2, 1, 1, 0, 0, 0, 0, 1, 1, 2, 1, 2, 0, 0, 0, 2, 1, 0, 1, 2, 1, 2, 1, 1, 1, 1, 1, 1, 0, 1, 1, 0, 0, 0, 1, 2, 1, 0, 2, 1, 0, 0, 0, 0, 1, 0, 0, 2, 0, 1, 0, 0, 1, 0, 2]|[4, 3, 2, 2, 0, 0, 2, 2, 2, 4, 1, 1, 2, 4, 4, 1, 2, 4, 2, 1, 1, 1, 1, 2, 1, 2, 1, 1, 1, 1, 3, 2, 3, 0, 4, 0, 1, 1, 0, 3, 2, 2, 4, 0, 1, 1, 0, 2, 0, 1, 2, 2, 1, 4, 0, 3, 2, 1, 1, 2, 1, 3, 1, 1, 1, 3, 0, 4, 3, 1, 4, 1, 1, 2, 4, 4, 2, 1, 1, 3, 1, 3, 1, 1, 1, 1, 1, 1, 2, 3, 1, 2, 1, 1, 1, 2, 2, 3, 2, 1]|[0, 2, 1, 1, 3, 3, 0, 1, 0, 0, 0, 0, 1, 0, 1, 0, 0, 3, 1, 0, 0, 0, 3, 1, 0, 2, 0, 0, 0, 1, 0, 0, 0, 0, 3, 0, 1, 0, 0, 2, 1, 1, 2, 0, 0, 0, 0, 1, 1, 0, 0, 0, 1, 3, 0, 0, 1, 0, 0, 1, 0, 2, 0, 1, 0, 2, 1, 0, 0, 1, 1, 3, 1, 1, 3, 3, 1, 0, 0, 2, 0, 0, 0, 0, 1, 0, 0, 0, 1, 2, 0, 1, 0, 1, 1, 0, 0, 0, 0, 0],802.1274951829081,57956.38699448537,89691.2003308727,false
26,G1_CMAX,G1_CMAX,[31, 22, 82, 15, 26, 58, 95, 42, 77, 12, 47, 5, 93, 78, 86, 54, 85, 63, 18, 44, 20, 35, 43, 97, 91, 76, 10, 30, 21, 45, 71, 64, 1, 23, 17, 83, 24, 14, 60, 36, 6, 57, 40, 88, 65, 56, 79, 94, 67, 68, 46, 75, 38, 9, 19, 32, 81, 41, 27, 62, 87, 90, 99, 59, 11, 16, 72, 73, 70, 39, 37, 84, 3, 92, 25, 55, 28, 29, 51, 7, 33, 61, 98, 48, 89, 50, 8, 96, 4, 53, 80, 66, 34, 49, 69, 0, 74, 52, 2, 13]|[1, 1, 0, 1, 1, 1, 2, 1, 2, 1, 2, 2, 2, 1, 1, 0, 0, 1, 0, 2, 2, 0, 1, 2, 0, 1, 2, 2, 0, 0, 1, 2, 1, 2, 1, 0, 2, 0, 1, 1, 0, 1, 1, 1, 0, 2, 1, 1, 0, 0, 0, 0, 1, 1, 2, 1, 2, 0, 0, 0, 2, 1, 0, 1, 2, 1, 2, 1, 1, 1, 1, 1, 1, 0, 1, 2, 0, 0, 0, 1, 2, 1, 2, 2, 1, 0, 1, 0, 1, 0, 0, 2, 2, 0, 1, 0, 2, 1, 0, 0]|[4, 3, 2, 2, 4, 0, 2, 2, 2, 4, 1, 1, 2, 4, 4, 1, 2, 4, 2, 1, 1, 1, 1, 2, 1, 2, 1, 1, 1, 1, 3, 2, 3, 0, 4, 0, 1, 1, 0, 3, 2, 2, 4, 0, 1, 1, 0, 2, 0, 1, 2, 2, 1, 4, 0, 3, 2, 1, 1, 2, 1, 3, 1, 1, 1, 3, 0, 4, 3, 1, 4, 1, 1, 2, 4, 1, 2, 1, 1, 3, 1, 3, 1, 1, 1, 1, 3, 1, 4, 2, 1, 1, 1, 1, 4, 2, 1, 1, 2, 2]|[0, 2, 1, 1, 3, 3, 0, 1, 0, 0, 0, 0, 1, 0, 1, 0, 0, 3, 1, 0, 0, 0, 3, 1, 0, 2, 0, 0, 0, 1, 0, 0, 0, 0, 3, 0, 1, 0, 0, 2, 1, 1, 2, 0, 0, 0, 0, 1, 1, 0, 0, 0, 1, 3, 0, 0, 1, 0, 0, 1, 0, 2, 0, 1, 0, 2, 1, 0, 0, 1, 1, 3, 1, 1, 3, 0, 1, 0, 0, 2, 0, 0, 0, 0, 1, 0, 2, 0, 0, 1, 0, 0, 0, 1, 2, 0, 0, 1, 0, 0],733.0810611054357,57333.598972040745,93692.95134536352,false
26,G4_BALANCED,G4_BALANCED,[31, 22, 82, 15, 26, 58, 95, 42, 77, 12, 47, 5, 93, 78, 86, 54, 85, 63, 18, 44, 20, 35, 43, 97, 66, 76, 79, 30, 21, 45, 71, 64, 1, 23, 17, 83, 24, 14, 60, 36, 6, 57, 40, 88, 65, 56, 10, 94, 67, 68, 46, 75, 38, 9, 19, 32, 41, 81, 27, 62, 87, 90, 99, 59, 11, 16, 72, 73, 69, 39, 37, 84, 3, 92, 98, 55, 28, 29, 51, 7, 91, 61, 25, 48, 89, 50, 4, 52, 53, 80, 8, 33, 34, 2, 96, 13, 0, 70, 74, 49]|[1, 1, 0, 1, 1, 0, 1, 2, 2, 1, 2, 2, 2, 1, 1, 0, 0, 1, 0, 2, 2, 0, 1, 2, 2, 1, 2, 2, 0, 0, 1, 2, 1, 2, 1, 0, 2, 0, 1, 1, 0, 1, 1, 1, 0, 2, 2, 1, 0, 0, 0, 0, 1, 1, 2, 1, 0, 2, 0, 0, 2, 1, 0, 1, 2, 1, 2, 1, 1, 1, 1, 1, 1, 0, 2, 2, 0, 0, 0, 1, 0, 1, 1, 0, 1, 0, 1, 1, 0, 0, 1, 2, 2, 0, 2, 0, 0, 1, 2, 0]|[4, 3, 2, 2, 4, 1, 2, 2, 2, 4, 1, 1, 2, 4, 4, 1, 2, 4, 2, 1, 1, 1, 1, 2, 1, 2, 1, 1, 1, 1, 3, 1, 3, 1, 4, 0, 1, 1, 0, 3, 2, 2, 2, 0, 1, 1, 1, 4, 0, 1, 2, 2, 1, 4, 0, 3, 1, 2, 1, 2, 1, 3, 1, 1, 1, 3, 0, 4, 3, 1, 4, 1, 1, 0, 1, 1, 2, 1, 1, 1, 1, 3, 4, 1, 1, 1, 4, 1, 2, 1, 3, 1, 1, 2, 1, 2, 2, 3, 1, 1]|[0, 2, 1, 1, 3, 0, 1, 0, 0, 0, 0, 0, 1, 0, 1, 0, 0, 3, 1, 0, 0, 0, 3, 1, 0, 2, 0, 0, 0, 1, 0, 0, 0, 0, 3, 0, 1, 0, 0, 2, 1, 1, 1, 0, 0, 0, 0, 2, 1, 0, 0, 0, 1, 3, 0, 0, 0, 1, 0, 1, 0, 2, 0, 1, 0, 2, 1, 0, 0, 1, 1, 3, 1, 1, 0, 0, 1, 0, 0, 2, 0, 0, 3, 0, 1, 0, 0, 1, 1, 0, 2, 0, 0, 0, 0, 0, 0, 0, 0, 1],749.836682488049,56554.129371230425,94435.12543297782,false
26,G2_TEC,G4_BALANCED,[31, 22, 82, 15, 26, 9, 95, 42, 77, 68, 47, 5, 93, 78, 86, 54, 85, 63, 18, 44, 20, 49, 36, 14, 74, 50, 53, 17, 21, 28, 71, 64, 3, 23, 30, 83, 24, 41, 60, 52, 65, 27, 90, 70, 39, 87, 48, 69, 99, 4, 46, 1, 13, 58, 97, 59, 45, 8, 73, 37, 35, 40, 11, 66, 76, 32, 79, 80, 96, 6, 16, 61, 33, 7, 57, 34, 12, 67, 10, 98, 56, 88, 29, 75, 91, 38, 19, 92, 43, 84, 2, 72, 81, 25, 51, 55, 0, 89, 94, 62]|[2, 1, 2, 1, 1, 2, 1, 1, 1, 1, 1, 0, 2, 2, 1, 2, 0, 0, 0, 2, 2, 1, 0, 2, 0, 2, 2, 1, 0, 1, 1, 1, 0, 0, 1, 0, 2, 1, 2, 2, 0, 0, 1, 1, 0, 2, 0, 2, 1, 0, 0, 2, 0, 0, 2, 0, 1, 1, 0, 0, 2, 1, 0, 2, 2, 0, 1, 2, 0, 1, 2, 1, 1, 2, 0, 1, 1, 1, 1, 0, 2, 1, 1, 0, 1, 0, 2, 0, 1, 0, 2, 1, 1, 1, 1, 0, 0, 1, 2, 1]|[0, 3, 0, 3, 4, 1, 4, 4, 2, 4, 3, 2, 1, 0, 2, 1, 1, 1, 2, 1, 1, 3, 0, 1, 0, 1, 1, 4, 1, 4, 3, 2, 2, 0, 4, 1, 1, 4, 0, 1, 2, 1, 4, 4, 1, 1, 0, 2, 3, 1, 2, 1, 2, 1, 1, 2, 4, 3, 0, 2, 2, 3, 1, 0, 1, 2, 3, 1, 2, 4, 1, 3, 4, 1, 2, 4, 3, 3, 3, 2, 1, 4, 3, 2, 3, 2, 1, 2, 4, 2, 1, 4, 4, 4, 3, 2, 2, 4, 1, 3]|[0, 2, 0, 0, 3, 0, 1, 3, 0, 0, 2, 0, 1, 0, 1, 0, 0, 0, 1, 0, 0, 2, 0, 0, 1, 0, 0, 3, 0, 1, 0, 2, 0, 1, 3, 0, 1, 3, 1, 0, 0, 0, 1, 3, 0, 0, 1, 0, 2, 0, 0, 0, 0, 0, 1, 0, 1, 0, 1, 1, 0, 2, 0, 0, 0, 0, 2, 0, 0, 2, 0, 0, 1, 0, 0, 1, 0, 0, 3, 0, 0, 1, 0, 0, 0, 0, 0, 0, 2, 0, 0, 2, 1, 3, 0, 0, 0, 1, 0, 0],876.5086670129755,51581.85217731347,106965.29210461266,true
26,G3_TWC,G3_TWC,[31, 22, 82, 15, 26, 58, 95, 42, 77, 12, 47, 5, 93, 78, 86, 54, 85, 63, 18, 72, 20, 35, 43, 97, 91, 76, 10, 30, 21, 45, 71, 64, 1, 23, 17, 83, 24, 14, 60, 36, 6, 57, 40, 88, 65, 56, 79, 94, 67, 68, 46, 75, 38, 9, 19, 32, 81, 41, 27, 62, 87, 50, 99, 59, 11, 16, 44, 73, 70, 39, 37, 84, 3, 92, 25, 55, 28, 29, 51, 98, 7, 61, 33, 48, 89, 90, 4, 96, 80, 53, 66, 8, 34, 2, 52, 0, 13, 69, 49, 74]|[1, 1, 0, 1, 1, 0, 1, 2, 2, 1, 2, 2, 2, 1, 1, 0, 0, 1, 0, 2, 2, 0, 1, 2, 0, 1, 2, 2, 0, 0, 1, 2, 1, 2, 1, 0, 2, 0, 1, 1, 0, 1, 1, 1, 0, 2, 1, 1, 0, 0, 0, 0, 1, 1, 2, 1, 2, 0, 0, 0, 2, 1, 0, 1, 2, 1, 2, 1, 1, 1, 1, 1, 1, 0, 1, 2, 0, 0, 0, 2, 2, 1, 2, 0, 1, 1, 1, 2, 0, 0, 2, 0, 2, 0, 1, 0, 0, 1, 0, 2]|[4, 3, 2, 2, 4, 1, 2, 2, 2, 4, 1, 1, 2, 4, 4, 1, 2, 4, 2, 1, 1, 1, 1, 2, 1, 2, 1, 1, 1, 1, 3, 2, 3, 1, 4, 0, 1, 1, 0, 3, 2, 2, 2, 0, 1, 1, 0, 4, 0, 1, 2, 2, 1, 4, 0, 3, 2, 1, 1, 2, 1, 3, 1, 1, 1, 3, 1, 4, 3, 1, 4, 1, 1, 0, 4, 1, 2, 1, 1, 1, 1, 3, 1, 1, 1, 3, 4, 1, 1, 2, 1, 1, 1, 2, 1, 2, 2, 4, 1, 1]|[0, 2, 1, 1, 3, 0, 1, 0, 0, 0, 0, 0, 1, 0, 1, 0, 0, 3, 1, 0, 0, 0, 3, 1, 0, 2, 0, 0, 0, 1, 0, 0, 0, 0, 3, 0, 1, 0, 0, 2, 1, 1, 1, 0, 0, 0, 0, 2, 1, 0, 0, 0, 1, 3, 0, 0, 1, 0, 0, 1, 0, 2, 0, 1, 0, 2, 0, 0, 0, 1, 1, 3, 1, 1, 3, 0, 1, 0, 0, 0, 0, 0, 0, 0, 1, 2, 0, 0, 0, 1, 0, 0, 0, 0, 1, 0, 0, 2, 1, 0],774.8774257758522,56101.32980135571,94883.90774023655,false
26,G1_CMAX,G1_CMAX,[31, 22, 82, 15, 26, 58, 95, 42, 77, 12, 47, 5, 93, 78, 86, 54, 85, 63, 18, 44, 20, 35, 43, 97, 91, 76, 10, 30, 21, 45, 71, 64, 1, 23, 17, 83, 24, 14, 60, 36, 6, 57, 40, 88, 65, 56, 79, 94, 67, 68, 46, 75, 38, 9, 19, 32, 81, 41, 27, 62, 87, 90, 99, 59, 11, 16, 72, 73, 70, 39, 37, 84, 3, 92, 25, 55, 28, 29, 51, 7, 33, 61, 98, 48, 89, 50, 8, 96, 4, 53, 80, 66, 34, 49, 69, 0, 74, 52, 2, 13]|[1, 1, 0, 1, 1, 1, 2, 1, 2, 1, 2, 2, 2, 1, 1, 0, 0, 1, 0, 2, 2, 0, 1, 2, 0, 1, 2, 2, 0, 0, 1, 2, 1, 2, 1, 0, 2, 0, 1, 1, 0, 1, 1, 1, 0, 2, 1, 1, 0, 0, 0, 0, 1, 1, 2, 1, 2, 0, 0, 0, 2, 1, 0, 1, 2, 1, 2, 1, 1, 1, 1, 1, 1, 0, 1, 2, 0, 0, 0, 1, 2, 1, 2, 2, 1, 0, 1, 0, 1, 0, 0, 2, 2, 0, 1, 0, 2, 1, 0, 0]|[4, 3, 2, 2, 4, 0, 2, 2, 2, 4, 1, 1, 2, 4, 4, 1, 2, 4, 2, 1, 1, 1, 1, 2, 1, 2, 1, 1, 1, 1, 3, 2, 3, 0, 4, 0, 1, 1, 0, 3, 2, 2, 4, 0, 1, 1, 0, 2, 0, 1, 2, 2, 1, 4, 0, 3, 2, 1, 1, 2, 1, 3, 1, 1, 1, 3, 0, 4, 3, 1, 4, 1, 1, 2, 4, 1, 2, 1, 1, 3, 1, 3, 1, 1, 1, 1, 3, 1, 4, 2, 1, 1, 1, 1, 4, 2, 1, 1, 2, 2]|[0, 2, 1, 1, 3, 3, 0, 1, 0, 0, 0, 0, 1, 0, 1, 0, 0, 3, 1, 0, 0, 0, 3, 1, 0, 2, 0, 0, 0, 1, 0, 0, 0, 0, 3, 0, 1, 0, 0, 2, 1, 1, 2, 0, 0, 0, 0, 1, 1, 0, 0, 0, 1, 3, 0, 0, 1, 0, 0, 1, 0, 2, 0, 1, 0, 2, 1, 0, 0, 1, 1, 3, 1, 1, 3, 0, 1, 0, 0, 2, 0, 0, 0, 0, 1, 0, 2, 0, 0, 1, 0, 0, 0, 1, 2, 0, 0, 1, 0, 0],733.0810611054357,57333.598972040745,93692.95134536352,false
26,G4_BALANCED,G4_BALANCED,[31, 22, 82, 15, 26, 58, 95, 42, 77, 12, 47, 5, 93, 78, 86, 54, 85, 63, 18, 44, 20, 35, 43, 97, 66, 76, 79, 30, 21, 45, 71, 64, 1, 23, 17, 83, 24, 14, 60, 36, 6, 57, 40, 88, 65, 56, 10, 94, 67, 68, 46, 75, 38, 9, 19, 32, 41, 81, 27, 62, 87, 90, 99, 59, 11, 16, 72, 73, 69, 39, 37, 84, 3, 92, 98, 55, 28, 29, 51, 7, 91, 61, 25, 48, 89, 50, 4, 52, 53, 80, 8, 33, 34, 2, 96, 13, 0, 70, 74, 49]|[1, 1, 0, 1, 1, 0, 1, 2, 2, 1, 2, 2, 2, 1, 1, 0, 0, 1, 0, 2, 2, 0, 1, 2, 2, 1, 2, 2, 0, 0, 1, 2, 1, 2, 1, 0, 2, 0, 1, 1, 0, 1, 1, 1, 0, 2, 2, 1, 0, 0, 0, 0, 1, 1, 2, 1, 0, 2, 0, 0, 2, 1, 0, 1, 2, 1, 2, 1, 1, 1, 1, 1, 1, 0, 2, 2, 0, 0, 0, 1, 0, 1, 1, 0, 1, 0, 1, 1, 0, 0, 1, 2, 2, 0, 2, 0, 0, 1, 2, 0]|[4, 3, 2, 2, 4, 1, 2, 2, 2, 4, 1, 1, 2, 4, 4, 1, 2, 4, 2, 1, 1, 1, 1, 2, 1, 2, 1, 1, 1, 1, 3, 1, 3, 1, 4, 0, 1, 1, 0, 3, 2, 2, 2, 0, 1, 1, 1, 4, 0, 1, 2, 2, 1, 4, 0, 3, 1, 2, 1, 2, 1, 3, 1, 1, 1, 3, 0, 4, 3, 1, 4, 1, 1, 0, 1, 1, 2, 1, 1, 1, 1, 3, 4, 1, 1, 1, 4, 1, 2, 1, 3, 1, 1, 2, 1, 2, 2, 3, 1, 1]|[0, 2, 1, 1, 3, 0, 1, 0, 0, 0, 0, 0, 1, 0, 1, 0, 0, 3, 1, 0, 0, 0, 3, 1, 0, 2, 0, 0, 0, 1, 0, 0, 0, 0, 3, 0, 1, 0, 0, 2, 1, 1, 1, 0, 0, 0, 0, 2, 1, 0, 0, 0, 1, 3, 0, 0, 0, 1, 0, 1, 0, 2, 0, 1, 0, 2, 1, 0, 0, 1, 1, 3, 1, 1, 0, 0, 1, 0, 0, 2, 0, 0, 3, 0, 1, 0, 0, 1, 1, 0, 2, 0, 0, 0, 0, 0, 0, 0, 0, 1],749.836682488049,56554.129371230425,94435.12543297782,false
26,G2_TEC,G2_TEC,[31, 22, 82, 15, 26, 9, 95, 42, 77, 68, 47, 5, 93, 78, 86, 54, 85, 63, 18, 44, 20, 49, 36, 14, 74, 50, 53, 17, 21, 28, 11, 64, 3, 23, 30, 83, 24, 41, 40, 52, 65, 27, 90, 70, 39, 87, 48, 69, 99, 4, 46, 1, 13, 58, 97, 59, 45, 8, 73, 37, 35, 79, 71, 66, 76, 32, 60, 80, 96, 6, 16, 61, 33, 7, 57, 34, 12, 67, 10, 98, 56, 88, 43, 75, 91, 38, 19, 92, 29, 2, 51, 72, 89, 25, 84, 55, 62, 81, 94, 0]|[2, 1, 2, 1, 1, 2, 1, 1, 1, 1, 1, 0, 2, 2, 1, 2, 0, 0, 0, 2, 2, 1, 0, 2, 0, 2, 2, 1, 0, 1, 1, 1, 0, 0, 1, 0, 2, 1, 2, 2, 0, 0, 1, 1, 0, 2, 0, 2, 1, 0, 0, 2, 0, 0, 2, 0, 1, 1, 0, 0, 2, 1, 1, 2, 2, 0, 2, 2, 0, 1, 2, 1, 1, 2, 0, 1, 1, 1, 1, 2, 2, 1, 1, 0, 1, 0, 1, 0, 1, 2, 1, 1, 1, 1, 0, 0, 1, 1, 2, 0]|[0, 3, 0, 3, 4, 1, 4, 4, 2, 4, 3, 2, 1, 0, 2, 1, 1, 1, 2, 1, 1, 3, 0, 1, 0, 1, 1, 4, 1, 4, 3, 2, 2, 0, 4, 1, 1, 4, 1, 1, 2, 1, 4, 4, 1, 1, 0, 2, 3, 2, 2, 1, 2, 1, 1, 2, 4, 3, 0, 2, 2, 3, 3, 0, 1, 2, 1, 1, 2, 4, 1, 3, 4, 1, 2, 4, 3, 3, 3, 1, 1, 4, 4, 2, 3, 2, 4, 2, 3, 1, 3, 4, 4, 4, 2, 2, 3, 4, 1, 2]|[0, 2, 0, 0, 3, 0, 1, 3, 0, 0, 2, 0, 1, 0, 1, 0, 0, 0, 1, 0, 0, 2, 0, 0, 1, 0, 0, 3, 0, 1, 0, 2, 0, 0, 3, 0, 1, 3, 0, 0, 0, 0, 1, 3, 0, 0, 1, 0, 2, 0, 0, 0, 0, 0, 1, 0, 1, 0, 1, 1, 0, 2, 0, 0, 0, 0, 0, 0, 0, 2, 0, 0, 1, 0, 0, 1, 0, 0, 3, 0, 0, 1, 2, 0, 0, 0, 1, 0, 3, 0, 0, 2, 1, 3, 0, 0, 0, 1, 0, 0],884.1935202920454,50179.24430758428,113572.41328703976,false
26,G3_TWC,G3_TWC,[31, 22, 82, 15, 26, 58, 95, 42, 77, 12, 47, 5, 93, 78, 98, 54, 85, 63, 18, 44, 20, 35, 43, 97, 91, 76, 10, 30, 21, 45, 71, 64, 1, 23, 17, 83, 24, 14, 60, 36, 6, 57, 94, 88, 65, 56, 79, 40, 67, 68, 46, 75, 38, 9, 19, 32, 81, 41, 27, 62, 87, 90, 99, 59, 11, 16, 72, 73, 70, 39, 37, 84, 3, 92, 25, 55, 28, 29, 51, 7, 33, 61, 86, 66, 89, 50, 48, 96, 53, 8, 80, 4, 34, 49, 52, 0, 13, 69, 2, 74]|[1, 1, 0, 1, 1, 1, 2, 1, 2, 1, 2, 2, 2, 1, 1, 0, 0, 1, 0, 2, 2, 0, 1, 2, 0, 1, 2, 2, 0, 0, 1, 2, 1, 2, 1, 0, 2, 0, 1, 1, 0, 1, 1, 1, 0, 2, 1, 1, 0, 0, 0, 0, 1, 1, 2, 1, 2, 0, 0, 0, 2, 1, 0, 1, 2, 1, 2, 1, 1, 1, 1, 1, 1, 0, 1, 1, 0, 0, 0, 1, 2, 1, 0, 2, 1, 0, 0, 0, 0, 1, 0, 0, 2, 0, 1, 0, 0, 1, 0, 2]|[4, 3, 2, 2, 0, 0, 2, 2, 2, 4, 1, 1, 2, 4, 4, 1, 2, 4, 2, 1, 1, 1, 1, 2, 1, 2, 1, 1, 1, 1, 3, 2, 3, 0, 4, 0, 1, 1, 0, 3, 2, 2, 4, 0, 1, 1, 0, 2, 0, 1, 2, 2, 1, 4, 0, 3, 2, 1, 1, 2, 1, 3, 1, 1, 1, 3, 0, 4, 3, 1, 4, 1, 1, 2, 4, 4, 2, 1, 1, 3, 1, 3, 1, 1, 1, 1, 1, 1, 2, 3, 1, 2, 1, 1, 1, 2, 2, 3, 2, 1]|[0, 2, 1, 1, 3, 3, 0, 1, 0, 0, 0, 0, 1, 0, 1, 0, 0, 3, 1, 0, 0, 0, 3, 1, 0, 2, 0, 0, 0, 1, 0, 0, 0, 0, 3, 0, 1, 0, 0, 2, 1, 1, 2, 0, 0, 0, 0, 1, 1, 0, 0, 0, 1, 3, 0, 0, 1, 0, 0, 1, 0, 2, 0, 1, 0, 2, 1, 0, 0, 1, 1, 3, 1, 1, 3, 3, 1, 0, 0, 2, 0, 0, 0, 0, 1, 0, 0, 0, 1, 2, 0, 1, 0, 1, 1, 0, 0, 0, 0, 0],802.1274951829081,57956.38699448537,89691.2003308727,false
26,G1_CMAX,G1_CMAX,[31, 22, 82, 15, 26, 58, 95, 42, 77, 12, 47, 5, 93, 78, 86, 54, 85, 63, 18, 44, 20, 35, 43, 97, 91, 76, 10, 30, 21, 45, 71, 64, 1, 23, 17, 83, 24, 14, 60, 36, 6, 57, 40, 88, 65, 56, 79, 94, 67, 68, 46, 75, 38, 9, 19, 32, 81, 41, 27, 62, 87, 90, 99, 59, 11, 16, 72, 73, 70, 39, 37, 84, 3, 92, 25, 55, 28, 29, 51, 7, 33, 61, 98, 48, 89, 50, 8, 96, 4, 53, 80, 66, 34, 49, 69, 0, 74, 52, 2, 13]|[1, 1, 0, 1, 1, 1, 2, 1, 2, 1, 2, 2, 2, 1, 1, 0, 0, 1, 0, 2, 2, 0, 1, 2, 0, 1, 2, 2, 0, 0, 1, 2, 1, 2, 1, 0, 2, 0, 1, 1, 0, 1, 1, 1, 0, 2, 1, 1, 0, 0, 0, 0, 1, 1, 2, 1, 2, 0, 0, 0, 2, 1, 0, 1, 2, 1, 2, 1, 1, 1, 1, 1, 1, 0, 1, 2, 0, 0, 0, 1, 2, 1, 2, 2, 1, 0, 1, 0, 1, 0, 0, 2, 2, 0, 1, 0, 2, 1, 0, 0]|[4, 3, 2, 2, 4, 0, 2, 2, 2, 4, 1, 1, 2, 4, 4, 1, 2, 4, 2, 1, 1, 1, 1, 2, 1, 2, 1, 1, 1, 1, 3, 2, 3, 0, 4, 0, 1, 1, 0, 3, 2, 2, 4, 0, 1, 1, 0, 2, 0, 1, 2, 2, 1, 4, 0, 3, 2, 1, 1, 2, 1, 3, 1, 1, 1, 3, 0, 4, 3, 1, 4, 1, 1, 2, 4, 1, 2, 1, 1, 3, 1, 3, 1, 1, 1, 1, 3, 1, 4, 2, 1, 1, 1, 1, 4, 2, 1, 1, 2, 2]|[0, 2, 1, 1, 3, 3, 0, 1, 0, 0, 0, 0, 1, 0, 1, 0, 0, 3, 1, 0, 0, 0, 3, 1, 0, 2, 0, 0, 0, 1, 0, 0, 0, 0, 3, 0, 1, 0, 0, 2, 1, 1, 2, 0, 0, 0, 0, 1, 1, 0, 0, 0, 1, 3, 0, 0, 1, 0, 0, 1, 0, 2, 0, 1, 0, 2, 1, 0, 0, 1, 1, 3, 1, 1, 3, 0, 1, 0, 0, 2, 0, 0, 0, 0, 1, 0, 2, 0, 0, 1, 0, 0, 0, 1, 2, 0, 0, 1, 0, 0],733.0810611054357,57333.598972040745,93692.95134536352,false
26,G4_BALANCED,G4_BALANCED,[31, 22, 82, 15, 26, 58, 95, 42, 77, 12, 47, 5, 93, 78, 86, 54, 85, 63, 18, 44, 20, 35, 43, 97, 66, 76, 79, 30, 21, 45, 71, 64, 1, 23, 17, 83, 24, 14, 60, 36, 6, 57, 40, 88, 65, 56, 10, 94, 67, 68, 46, 75, 38, 9, 19, 32, 41, 81, 27, 62, 87, 90, 99, 59, 11, 16, 72, 73, 69, 39, 37, 84, 3, 92, 98, 55, 28, 29, 51, 7, 91, 61, 25, 48, 89, 50, 4, 52, 53, 80, 8, 33, 34, 2, 96, 13, 0, 70, 74, 49]|[1, 1, 0, 1, 1, 0, 1, 2, 2, 1, 2, 2, 2, 1, 1, 0, 0, 1, 0, 2, 2, 0, 1, 2, 2, 1, 2, 2, 0, 0, 1, 2, 1, 2, 1, 0, 2, 0, 1, 1, 0, 1, 1, 1, 0, 2, 2, 1, 0, 0, 0, 0, 1, 1, 2, 1, 0, 2, 0, 0, 2, 1, 0, 1, 2, 1, 2, 1, 1, 1, 1, 1, 1, 0, 2, 2, 0, 0, 0, 1, 0, 1, 1, 0, 1, 0, 1, 1, 0, 0, 1, 2, 2, 0, 2, 0, 0, 1, 2, 0]|[4, 3, 2, 2, 4, 1, 2, 2, 2, 4, 1, 1, 2, 4, 4, 1, 2, 4, 2, 1, 1, 1, 1, 2, 1, 2, 1, 1, 1, 1, 3, 1, 3, 1, 4, 0, 1, 1, 0, 3, 2, 2, 2, 0, 1, 1, 1, 4, 0, 1, 2, 2, 1, 4, 0, 3, 1, 2, 1, 2, 1, 3, 1, 1, 1, 3, 0, 4, 3, 1, 4, 1, 1, 0, 1, 1, 2, 1, 1, 1, 1, 3, 4, 1, 1, 1, 4, 1, 2, 1, 3, 1, 1, 2, 1, 2, 2, 3, 1, 1]|[0, 2, 1, 1, 3, 0, 1, 0, 0, 0, 0, 0, 1, 0, 1, 0, 0, 3, 1, 0, 0, 0, 3, 1, 0, 2, 0, 0, 0, 1, 0, 0, 0, 0, 3, 0, 1, 0, 0, 2, 1, 1, 1, 0, 0, 0, 0, 2, 1, 0, 0, 0, 1, 3, 0, 0, 0, 1, 0, 1, 0, 2, 0, 1, 0, 2, 1, 0, 0, 1, 1, 3, 1, 1, 0, 0, 1, 0, 0, 2, 0, 0, 3, 0, 1, 0, 0, 1, 1, 0, 2, 0, 0, 0, 0, 0, 0, 0, 0, 1],749.836682488049,56554.129371230425,94435.12543297782,false
26,G2_TEC,G2_TEC,[31, 22, 82, 15, 26, 9, 95, 42, 77, 68, 47, 5, 93, 78, 86, 54, 85, 63, 18, 44, 20, 49, 36, 14, 74, 50, 53, 17, 21, 28, 11, 64, 3, 23, 30, 83, 24, 41, 40, 52, 65, 27, 90, 70, 39, 87, 48, 69, 99, 4, 46, 1, 13, 58, 97, 59, 45, 8, 73, 37, 35, 79, 71, 66, 76, 32, 60, 80, 96, 6, 16, 61, 33, 7, 57, 34, 12, 67, 10, 98, 56, 88, 43, 75, 91, 38, 19, 92, 29, 2, 51, 72, 89, 25, 84, 55, 62, 81, 94, 0]|[2, 1, 2, 1, 1, 2, 1, 1, 1, 1, 1, 0, 2, 2, 1, 2, 0, 0, 0, 2, 2, 1, 0, 2, 0, 2, 2, 1, 0, 1, 1, 1, 0, 0, 1, 0, 2, 1, 2, 2, 0, 0, 1, 1, 0, 2, 0, 2, 1, 0, 0, 2, 0, 0, 2, 0, 1, 1, 0, 0, 2, 1, 1, 2, 2, 0, 2, 2, 0, 1, 2, 1, 1, 2, 0, 1, 1, 1, 1, 2, 2, 1, 1, 0, 1, 0, 1, 0, 1, 2, 1, 1, 1, 1, 0, 0, 1, 1, 2, 0]|[0, 3, 0, 3, 4, 1, 4, 4, 2, 4, 3, 2, 1, 0, 2, 1, 1, 1, 2, 1, 1, 3, 0, 1, 0, 1, 1, 4, 1, 4, 3, 2, 2, 0, 4, 1, 1, 4, 1, 1, 2, 1, 4, 4, 1, 1, 0, 2, 3, 2, 2, 1, 2, 1, 1, 2, 4, 3, 0, 2, 2, 3, 3, 0, 1, 2, 1, 1, 2, 4, 1, 3, 4, 1, 2, 4, 3, 3, 3, 1, 1, 4, 4, 2, 3, 2, 4, 2, 3, 1, 3, 4, 4, 4, 2, 2, 3, 4, 1, 2]|[0, 2, 0, 0, 3, 0, 1, 3, 0, 0, 2, 0, 1, 0, 1, 0, 0, 0, 1, 0, 0, 2, 0, 0, 1, 0, 0, 3, 0, 1, 0, 2, 0, 0, 3, 0, 1, 3, 0, 0, 0, 0, 1, 3, 0, 0, 1, 0, 2, 0, 0, 0, 0, 0, 1, 0, 1, 0, 1, 1, 0, 2, 0, 0, 0, 0, 0, 0, 0, 2, 0, 0, 1, 0, 0, 1, 0, 0, 3, 0, 0, 1, 2, 0, 0, 0, 1, 0, 3, 0, 0, 2, 1, 3, 0, 0, 0, 1, 0, 0],884.1935202920454,50179.24430758428,113572.41328703976,false
26,G3_TWC,G3_TWC,[31, 22, 82, 15, 26, 58, 95, 42, 77, 12, 47, 5, 93, 78, 98, 54, 85, 63, 18, 44, 20, 35, 43, 97, 91, 76, 10, 30, 21, 45, 71, 64, 1, 23, 17, 83, 24, 14, 60, 36, 6, 57, 94, 88, 65, 56, 79, 40, 67, 68, 46, 75, 38, 9, 19, 32, 81, 41, 27, 62, 87, 90, 99, 59, 11, 16, 72, 73, 70, 39, 37, 84, 3, 92, 25, 55, 28, 29, 51, 7, 33, 61, 86, 66, 89, 50, 48, 96, 53, 8, 80, 4, 34, 49, 52, 0, 13, 69, 2, 74]|[1, 1, 0, 1, 1, 1, 2, 1, 2, 1, 2, 2, 2, 1, 1, 0, 0, 1, 0, 2, 2, 0, 1, 2, 0, 1, 2, 2, 0, 0, 1, 2, 1, 2, 1, 0, 2, 0, 1, 1, 0, 1, 1, 1, 0, 2, 1, 1, 0, 0, 0, 0, 1, 1, 2, 1, 2, 0, 0, 0, 2, 1, 0, 1, 2, 1, 2, 1, 1, 1, 1, 1, 1, 0, 1, 1, 0, 0, 0, 1, 2, 1, 0, 2, 1, 0, 0, 0, 0, 1, 0, 0, 2, 0, 1, 0, 0, 1, 0, 2]|[4, 3, 2, 2, 0, 0, 2, 2, 2, 4, 1, 1, 2, 4, 4, 1, 2, 4, 2, 1, 1, 1, 1, 2, 1, 2, 1, 1, 1, 1, 3, 2, 3, 0, 4, 0, 1, 1, 0, 3, 2, 2, 4, 0, 1, 1, 0, 2, 0, 1, 2, 2, 1, 4, 0, 3, 2, 1, 1, 2, 1, 3, 1, 1, 1, 3, 0, 4, 3, 1, 4, 1, 1, 2, 4, 4, 2, 1, 1, 3, 1, 3, 1, 1, 1, 1, 1, 1, 2, 3, 1, 2, 1, 1, 1, 2, 2, 3, 2, 1]|[0, 2, 1, 1, 3, 3, 0, 1, 0, 0, 0, 0, 1, 0, 1, 0, 0, 3, 1, 0, 0, 0, 3, 1, 0, 2, 0, 0, 0, 1, 0, 0, 0, 0, 3, 0, 1, 0, 0, 2, 1, 1, 2, 0, 0, 0, 0, 1, 1, 0, 0, 0, 1, 3, 0, 0, 1, 0, 0, 1, 0, 2, 0, 1, 0, 2, 1, 0, 0, 1, 1, 3, 1, 1, 3, 3, 1, 0, 0, 2, 0, 0, 0, 0, 1, 0, 0, 0, 1, 2, 0, 1, 0, 1, 1, 0, 0, 0, 0, 0],802.1274951829081,57956.38699448537,89691.2003308727,false
26,G1_CMAX,G1_CMAX,[31, 22, 82, 15, 26, 58, 95, 42, 77, 12, 47, 5, 93, 78, 86, 54, 85, 63, 18, 44, 20, 35, 43, 97, 91, 76, 10, 30, 21, 45, 71, 64, 1, 23, 17, 83, 24, 14, 60, 36, 6, 57, 40, 88, 65, 56, 79, 94, 67, 68, 46, 75, 38, 9, 19, 32, 81, 41, 27, 62, 87, 90, 99, 59, 11, 16, 72, 73, 70, 39, 37, 84, 3, 92, 25, 55, 28, 29, 51, 7, 33, 61, 98, 48, 89, 50, 8, 96, 4, 53, 80, 66, 34, 49, 69, 0, 74, 52, 2, 13]|[1, 1, 0, 1, 1, 1, 2, 1, 2, 1, 2, 2, 2, 1, 1, 0, 0, 1, 0, 2, 2, 0, 1, 2, 0, 1, 2, 2, 0, 0, 1, 2, 1, 2, 1, 0, 2, 0, 1, 1, 0, 1, 1, 1, 0, 2, 1, 1, 0, 0, 0, 0, 1, 1, 2, 1, 2, 0, 0, 0, 2, 1, 0, 1, 2, 1, 2, 1, 1, 1, 1, 1, 1, 0, 1, 2, 0, 0, 0, 1, 2, 1, 2, 2, 1, 0, 1, 0, 1, 0, 0, 2, 2, 0, 1, 0, 2, 1, 0, 0]|[4, 3, 2, 2, 4, 0, 2, 2, 2, 4, 1, 1, 2, 4, 4, 1, 2, 4, 2, 1, 1, 1, 1, 2, 1, 2, 1, 1, 1, 1, 3, 2, 3, 0, 4, 0, 1, 1, 0, 3, 2, 2, 4, 0, 1, 1, 0, 2, 0, 1, 2, 2, 1, 4, 0, 3, 2, 1, 1, 2, 1, 3, 1, 1, 1, 3, 0, 4, 3, 1, 4, 1, 1, 2, 4, 1, 2, 1, 1, 3, 1, 3, 1, 1, 1, 1, 3, 1, 4, 2, 1, 1, 1, 1, 4, 2, 1, 1, 2, 2]|[0, 2, 1, 1, 3, 3, 0, 1, 0, 0, 0, 0, 1, 0, 1, 0, 0, 3, 1, 0, 0, 0, 3, 1, 0, 2, 0, 0, 0, 1, 0, 0, 0, 0, 3, 0, 1, 0, 0, 2, 1, 1, 2, 0, 0, 0, 0, 1, 1, 0, 0, 0, 1, 3, 0, 0, 1, 0, 0, 1, 0, 2, 0, 1, 0, 2, 1, 0, 0, 1, 1, 3, 1, 1, 3, 0, 1, 0, 0, 2, 0, 0, 0, 0, 1, 0, 2, 0, 0, 1, 0, 0, 0, 1, 2, 0, 0, 1, 0, 0],733.0810611054357,57333.598972040745,93692.95134536352,false
26,G4_BALANCED,G4_BALANCED,[31, 22, 82, 15, 26, 58, 95, 42, 77, 12, 47, 5, 93, 78, 86, 54, 85, 63, 18, 44, 20, 35, 43, 97, 66, 76, 79, 30, 21, 45, 71, 64, 1, 23, 17, 83, 24, 14, 60, 36, 6, 57, 40, 88, 65, 56, 10, 94, 67, 68, 46, 75, 38, 9, 19, 32, 41, 81, 27, 62, 87, 90, 99, 59, 11, 16, 72, 73, 69, 39, 37, 84, 3, 92, 98, 55, 28, 29, 51, 7, 91, 61, 25, 48, 89, 50, 4, 52, 53, 80, 8, 33, 34, 2, 96, 13, 0, 70, 74, 49]|[1, 1, 0, 1, 1, 0, 1, 2, 2, 1, 2, 2, 2, 1, 1, 0, 0, 1, 0, 2, 2, 0, 1, 2, 2, 1, 2, 2, 0, 0, 1, 2, 1, 2, 1, 0, 2, 0, 1, 1, 0, 1, 1, 1, 0, 2, 2, 1, 0, 0, 0, 0, 1, 1, 2, 1, 0, 2, 0, 0, 2, 1, 0, 1, 2, 1, 2, 1, 1, 1, 1, 1, 1, 0, 2, 2, 0, 0, 0, 1, 0, 1, 1, 0, 1, 0, 1, 1, 0, 0, 1, 2, 2, 0, 2, 0, 0, 1, 2, 0]|[4, 3, 2, 2, 4, 1, 2, 2, 2, 4, 1, 1, 2, 4, 4, 1, 2, 4, 2, 1, 1, 1, 1, 2, 1, 2, 1, 1, 1, 1, 3, 1, 3, 1, 4, 0, 1, 1, 0, 3, 2, 2, 2, 0, 1, 1, 1, 4, 0, 1, 2, 2, 1, 4, 0, 3, 1, 2, 1, 2, 1, 3, 1, 1, 1, 3, 0, 4, 3, 1, 4, 1, 1, 0, 1, 1, 2, 1, 1, 1, 1, 3, 4, 1, 1, 1, 4, 1, 2, 1, 3, 1, 1, 2, 1, 2, 2, 3, 1, 1]|[0, 2, 1, 1, 3, 0, 1, 0, 0, 0, 0, 0, 1, 0, 1, 0, 0, 3, 1, 0, 0, 0, 3, 1, 0, 2, 0, 0, 0, 1, 0, 0, 0, 0, 3, 0, 1, 0, 0, 2, 1, 1, 1, 0, 0, 0, 0, 2, 1, 0, 0, 0, 1, 3, 0, 0, 0, 1, 0, 1, 0, 2, 0, 1, 0, 2, 1, 0, 0, 1, 1, 3, 1, 1, 0, 0, 1, 0, 0, 2, 0, 0, 3, 0, 1, 0, 0, 1, 1, 0, 2, 0, 0, 0, 0, 0, 0, 0, 0, 1],749.836682488049,56554.129371230425,94435.12543297782,false
26,G2_TEC,G2_TEC,[31, 22, 82, 15, 26, 9, 95, 42, 77, 68, 47, 5, 93, 78, 86, 54, 85, 63, 18, 44, 20, 49, 36, 14, 74, 50, 53, 17, 21, 28, 11, 64, 3, 23, 30, 83, 24, 41, 40, 52, 65, 27, 90, 70, 39, 87, 48, 69, 99, 4, 46, 1, 13, 58, 97, 59, 45, 8, 73, 37, 35, 79, 71, 66, 76, 32, 60, 80, 96, 6, 16, 61, 33, 7, 57, 34, 12, 67, 10, 98, 56, 88, 43, 75, 91, 38, 19, 92, 29, 2, 51, 72, 89, 25, 84, 55, 62, 81, 94, 0]|[2, 1, 2, 1, 1, 2, 1, 1, 1, 1, 1, 0, 2, 2, 1, 2, 0, 0, 0, 2, 2, 1, 0, 2, 0, 2, 2, 1, 0, 1, 1, 1, 0, 0, 1, 0, 2, 1, 2, 2, 0, 0, 1, 1, 0, 2, 0, 2, 1, 0, 0, 2, 0, 0, 2, 0, 1, 1, 0, 0, 2, 1, 1, 2, 2, 0, 2, 2, 0, 1, 2, 1, 1, 2, 0, 1, 1, 1, 1, 2, 2, 1, 1, 0, 1, 0, 1, 0, 1, 2, 1, 1, 1, 1, 0, 0, 1, 1, 2, 0]|[0, 3, 0, 3, 4, 1, 4, 4, 2, 4, 3, 2, 1, 0, 2, 1, 1, 1, 2, 1, 1, 3, 0, 1, 0, 1, 1, 4, 1, 4, 3, 2, 2, 0, 4, 1, 1, 4, 1, 1, 2, 1, 4, 4, 1, 1, 0, 2, 3, 2, 2, 1, 2, 1, 1, 2, 4, 3, 0, 2, 2, 3, 3, 0, 1, 2, 1, 1, 2, 4, 1, 3, 4, 1, 2, 4, 3, 3, 3, 1, 1, 4, 4, 2, 3, 2, 4, 2, 3, 1, 3, 4, 4, 4, 2, 2, 3, 4, 1, 2]|[0, 2, 0, 0, 3, 0, 1, 3, 0, 0, 2, 0, 1, 0, 1, 0, 0, 0, 1, 0, 0, 2, 0, 0, 1, 0, 0, 3, 0, 1, 0, 2, 0, 0, 3, 0, 1, 3, 0, 0, 0, 0, 1, 3, 0, 0, 1, 0, 2, 0, 0, 0, 0, 0, 1, 0, 1, 0, 1, 1, 0, 2, 0, 0, 0, 0, 0, 0, 0, 2, 0, 0, 1, 0, 0, 1, 0, 0, 3, 0, 0, 1, 2, 0, 0, 0, 1, 0, 3, 0, 0, 2, 1, 3, 0, 0, 0, 1, 0, 0],884.1935202920454,50179.24430758428,113572.41328703976,false
26,G3_TWC,G3_TWC,[31, 22, 82, 15, 26, 58, 95, 42, 77, 12, 47, 5, 93, 78, 98, 54, 85, 63, 18, 44, 20, 35, 43, 97, 91, 76, 10, 30, 21, 45, 71, 64, 1, 23, 17, 83, 24, 14, 60, 36, 6, 57, 94, 88, 65, 56, 79, 40, 67, 68, 46, 75, 38, 9, 19, 32, 81, 41, 27, 62, 87, 90, 99, 59, 11, 16, 72, 73, 70, 39, 37, 84, 3, 92, 25, 55, 28, 29, 51, 7, 33, 61, 86, 66, 89, 50, 48, 96, 53, 8, 80, 4, 34, 49, 52, 0, 13, 69, 2, 74]|[1, 1, 0, 1, 1, 1, 2, 1, 2, 1, 2, 2, 2, 1, 1, 0, 0, 1, 0, 2, 2, 0, 1, 2, 0, 1, 2, 2, 0, 0, 1, 2, 1, 2, 1, 0, 2, 0, 1, 1, 0, 1, 1, 1, 0, 2, 1, 1, 0, 0, 0, 0, 1, 1, 2, 1, 2, 0, 0, 0, 2, 1, 0, 1, 2, 1, 2, 1, 1, 1, 1, 1, 1, 0, 1, 1, 0, 0, 0, 1, 2, 1, 0, 2, 1, 0, 0, 0, 0, 1, 0, 0, 2, 0, 1, 0, 0, 1, 0, 2]|[4, 3, 2, 2, 0, 0, 2, 2, 2, 4, 1, 1, 2, 4, 4, 1, 2, 4, 2, 1, 1, 1, 1, 2, 1, 2, 1, 1, 1, 1, 3, 2, 3, 0, 4, 0, 1, 1, 0, 3, 2, 2, 4, 0, 1, 1, 0, 2, 0, 1, 2, 2, 1, 4, 0, 3, 2, 1, 1, 2, 1, 3, 1, 1, 1, 3, 0, 4, 3, 1, 4, 1, 1, 2, 4, 4, 2, 1, 1, 3, 1, 3, 1, 1, 1, 1, 1, 1, 2, 3, 1, 2, 1, 1, 1, 2, 2, 3, 2, 1]|[0, 2, 1, 1, 3, 3, 0, 1, 0, 0, 0, 0, 1, 0, 1, 0, 0, 3, 1, 0, 0, 0, 3, 1, 0, 2, 0, 0, 0, 1, 0, 0, 0, 0, 3, 0, 1, 0, 0, 2, 1, 1, 2, 0, 0, 0, 0, 1, 1, 0, 0, 0, 1, 3, 0, 0, 1, 0, 0, 1, 0, 2, 0, 1, 0, 2, 1, 0, 0, 1, 1, 3, 1, 1, 3, 3, 1, 0, 0, 2, 0, 0, 0, 0, 1, 0, 0, 0, 1, 2, 0, 1, 0, 1, 1, 0, 0, 0, 0, 0],802.1274951829081,57956.38699448537,89691.2003308727,false
26,G1_CMAX,G1_CMAX,[31, 22, 82, 15, 26, 58, 95, 42, 77, 12, 47, 5, 93, 78, 86, 54, 85, 63, 18, 44, 20, 35, 43, 97, 91, 76, 10, 30, 21, 45, 71, 64, 1, 23, 17, 83, 24, 14, 60, 36, 6, 57, 40, 88, 65, 56, 79, 94, 67, 68, 46, 75, 38, 9, 19, 32, 81, 41, 27, 62, 87, 90, 99, 59, 11, 16, 72, 73, 70, 39, 37, 84, 3, 92, 25, 55, 28, 29, 51, 7, 33, 61, 98, 48, 89, 50, 8, 96, 4, 53, 80, 66, 34, 49, 69, 0, 74, 52, 2, 13]|[1, 1, 0, 1, 1, 1, 2, 1, 2, 1, 2, 2, 2, 1, 1, 0, 0, 1, 0, 2, 2, 0, 1, 2, 0, 1, 2, 2, 0, 0, 1, 2, 1, 2, 1, 0, 2, 0, 1, 1, 0, 1, 1, 1, 0, 2, 1, 1, 0, 0, 0, 0, 1, 1, 2, 1, 2, 0, 0, 0, 2, 1, 0, 1, 2, 1, 2, 1, 1, 1, 1, 1, 1, 0, 1, 2, 0, 0, 0, 1, 2, 1, 2, 2, 1, 0, 1, 0, 1, 0, 0, 2, 2, 0, 1, 0, 2, 1, 0, 0]|[4, 3, 2, 2, 4, 0, 2, 2, 2, 4, 1, 1, 2, 4, 4, 1, 2, 4, 2, 1, 1, 1, 1, 2, 1, 2, 1, 1, 1, 1, 3, 2, 3, 0, 4, 0, 1, 1, 0, 3, 2, 2, 4, 0, 1, 1, 0, 2, 0, 1, 2, 2, 1, 4, 0, 3, 2, 1, 1, 2, 1, 3, 1, 1, 1, 3, 0, 4, 3, 1, 4, 1, 1, 2, 4, 1, 2, 1, 1, 3, 1, 3, 1, 1, 1, 1, 3, 1, 4, 2, 1, 1, 1, 1, 4, 2, 1, 1, 2, 2]|[0, 2, 1, 1, 3, 3, 0, 1, 0, 0, 0, 0, 1, 0, 1, 0, 0, 3, 1, 0, 0, 0, 3, 1, 0, 2, 0, 0, 0, 1, 0, 0, 0, 0, 3, 0, 1, 0, 0, 2, 1, 1, 2, 0, 0, 0, 0, 1, 1, 0, 0, 0, 1, 3, 0, 0, 1, 0, 0, 1, 0, 2, 0, 1, 0, 2, 1, 0, 0, 1, 1, 3, 1, 1, 3, 0, 1, 0, 0, 2, 0, 0, 0, 0, 1, 0, 2, 0, 0, 1, 0, 0, 0, 1, 2, 0, 0, 1, 0, 0],733.0810611054357,57333.598972040745,93692.95134536352,false
26,G4_BALANCED,G4_BALANCED,[31, 22, 82, 15, 26, 58, 95, 42, 77, 12, 47, 5, 93, 78, 86, 54, 85, 63, 18, 44, 20, 35, 43, 97, 66, 76, 79, 30, 21, 45, 71, 64, 1, 23, 17, 83, 24, 14, 60, 36, 6, 57, 40, 88, 65, 56, 10, 94, 67, 68, 46, 75, 38, 9, 19, 32, 41, 81, 27, 62, 87, 90, 99, 59, 11, 16, 72, 73, 69, 39, 37, 84, 3, 92, 98, 55, 28, 29, 51, 7, 91, 61, 25, 48, 89, 50, 4, 52, 53, 80, 8, 33, 34, 2, 96, 13, 0, 70, 74, 49]|[1, 1, 0, 1, 1, 0, 1, 2, 2, 1, 2, 2, 2, 1, 1, 0, 0, 1, 0, 2, 2, 0, 1, 2, 2, 1, 2, 2, 0, 0, 1, 2, 1, 2, 1, 0, 2, 0, 1, 1, 0, 1, 1, 1, 0, 2, 2, 1, 0, 0, 0, 0, 1, 1, 2, 1, 0, 2, 0, 0, 2, 1, 0, 1, 2, 1, 2, 1, 1, 1, 1, 1, 1, 0, 2, 2, 0, 0, 0, 1, 0, 1, 1, 0, 1, 0, 1, 1, 0, 0, 1, 2, 2, 0, 2, 0, 0, 1, 2, 0]|[4, 3, 2, 2, 4, 1, 2, 2, 2, 4, 1, 1, 2, 4, 4, 1, 2, 4, 2, 1, 1, 1, 1, 2, 1, 2, 1, 1, 1, 1, 3, 1, 3, 1, 4, 0, 1, 1, 0, 3, 2, 2, 2, 0, 1, 1, 1, 4, 0, 1, 2, 2, 1, 4, 0, 3, 1, 2, 1, 2, 1, 3, 1, 1, 1, 3, 0, 4, 3, 1, 4, 1, 1, 0, 1, 1, 2, 1, 1, 1, 1, 3, 4, 1, 1, 1, 4, 1, 2, 1, 3, 1, 1, 2, 1, 2, 2, 3, 1, 1]|[0, 2, 1, 1, 3, 0, 1, 0, 0, 0, 0, 0, 1, 0, 1, 0, 0, 3, 1, 0, 0, 0, 3, 1, 0, 2, 0, 0, 0, 1, 0, 0, 0, 0, 3, 0, 1, 0, 0, 2, 1, 1, 1, 0, 0, 0, 0, 2, 1, 0, 0, 0, 1, 3, 0, 0, 0, 1, 0, 1, 0, 2, 0, 1, 0, 2, 1, 0, 0, 1, 1, 3, 1, 1, 0, 0, 1, 0, 0, 2, 0, 0, 3, 0, 1, 0, 0, 1, 1, 0, 2, 0, 0, 0, 0, 0, 0, 0, 0, 1],749.836682488049,56554.129371230425,94435.12543297782,false
26,G2_TEC,G2_TEC,[31, 22, 82, 15, 26, 9, 95, 42, 77, 68, 47, 5, 93, 78, 86, 54, 85, 63, 18, 44, 20, 49, 36, 14, 74, 50, 53, 17, 21, 28, 11, 64, 3, 23, 30, 83, 24, 41, 40, 52, 65, 27, 90, 70, 39, 87, 48, 69, 99, 4, 46, 1, 13, 58, 97, 59, 45, 8, 73, 37, 35, 79, 71, 66, 76, 32, 60, 80, 96, 6, 16, 61, 33, 7, 57, 34, 12, 67, 10, 98, 56, 88, 43, 75, 91, 38, 19, 92, 29, 2, 51, 72, 89, 25, 84, 55, 62, 81, 94, 0]|[2, 1, 2, 1, 1, 2, 1, 1, 1, 1, 1, 0, 2, 2, 1, 2, 0, 0, 0, 2, 2, 1, 0, 2, 0, 2, 2, 1, 0, 1, 1, 1, 0, 0, 1, 0, 2, 1, 2, 2, 0, 0, 1, 1, 0, 2, 0, 2, 1, 0, 0, 2, 0, 0, 2, 0, 1, 1, 0, 0, 2, 1, 1, 2, 2, 0, 2, 2, 0, 1, 2, 1, 1, 2, 0, 1, 1, 1, 1, 2, 2, 1, 1, 0, 1, 0, 1, 0, 1, 2, 1, 1, 1, 1, 0, 0, 1, 1, 2, 0]|[0, 3, 0, 3, 4, 1, 4, 4, 2, 4, 3, 2, 1, 0, 2, 1, 1, 1, 2, 1, 1, 3, 0, 1, 0, 1, 1, 4, 1, 4, 3, 2, 2, 0, 4, 1, 1, 4, 1, 1, 2, 1, 4, 4, 1, 1, 0, 2, 3, 2, 2, 1, 2, 1, 1, 2, 4, 3, 0, 2, 2, 3, 3, 0, 1, 2, 1, 1, 2, 4, 1, 3, 4, 1, 2, 4, 3, 3, 3, 1, 1, 4, 4, 2, 3, 2, 4, 2, 3, 1, 3, 4, 4, 4, 2, 2, 3, 4, 1, 2]|[0, 2, 0, 0, 3, 0, 1, 3, 0, 0, 2, 0, 1, 0, 1, 0, 0, 0, 1, 0, 0, 2, 0, 0, 1, 0, 0, 3, 0, 1, 0, 2, 0, 0, 3, 0, 1, 3, 0, 0, 0, 0, 1, 3, 0, 0, 1, 0, 2, 0, 0, 0, 0, 0, 1, 0, 1, 0, 1, 1, 0, 2, 0, 0, 0, 0, 0, 0, 0, 2, 0, 0, 1, 0, 0, 1, 0, 0, 3, 0, 0, 1, 2, 0, 0, 0, 1, 0, 3, 0, 0, 2, 1, 3, 0, 0, 0, 1, 0, 0],884.1935202920454,50179.24430758428,113572.41328703976,false
26,G3_TWC,G3_TWC,[31, 22, 82, 15, 26, 58, 95, 42, 77, 12, 47, 5, 93, 78, 98, 54, 85, 63, 18, 44, 20, 35, 43, 97, 91, 76, 10, 30, 21, 45, 71, 64, 1, 23, 17, 83, 24, 14, 60, 36, 6, 57, 94, 88, 65, 56, 79, 40, 67, 68, 46, 75, 38, 9, 19, 32, 81, 41, 27, 62, 87, 90, 99, 59, 11, 16, 72, 73, 70, 39, 37, 84, 3, 92, 25, 55, 28, 29, 51, 7, 33, 61, 86, 66, 89, 50, 48, 96, 53, 8, 80, 4, 34, 49, 52, 0, 13, 69, 2, 74]|[1, 1, 0, 1, 1, 1, 2, 1, 2, 1, 2, 2, 2, 1, 1, 0, 0, 1, 0, 2, 2, 0, 1, 2, 0, 1, 2, 2, 0, 0, 1, 2, 1, 2, 1, 0, 2, 0, 1, 1, 0, 1, 1, 1, 0, 2, 1, 1, 0, 0, 0, 0, 1, 1, 2, 1, 2, 0, 0, 0, 2, 1, 0, 1, 2, 1, 2, 1, 1, 1, 1, 1, 1, 0, 1, 1, 0, 0, 0, 1, 2, 1, 0, 2, 1, 0, 0, 0, 0, 1, 0, 0, 2, 0, 1, 0, 0, 1, 0, 2]|[4, 3, 2, 2, 0, 0, 2, 2, 2, 4, 1, 1, 2, 4, 4, 1, 2, 4, 2, 1, 1, 1, 1, 2, 1, 2, 1, 1, 1, 1, 3, 2, 3, 0, 4, 0, 1, 1, 0, 3, 2, 2, 4, 0, 1, 1, 0, 2, 0, 1, 2, 2, 1, 4, 0, 3, 2, 1, 1, 2, 1, 3, 1, 1, 1, 3, 0, 4, 3, 1, 4, 1, 1, 2, 4, 4, 2, 1, 1, 3, 1, 3, 1, 1, 1, 1, 1, 1, 2, 3, 1, 2, 1, 1, 1, 2, 2, 3, 2, 1]|[0, 2, 1, 1, 3, 3, 0, 1, 0, 0, 0, 0, 1, 0, 1, 0, 0, 3, 1, 0, 0, 0, 3, 1, 0, 2, 0, 0, 0, 1, 0, 0, 0, 0, 3, 0, 1, 0, 0, 2, 1, 1, 2, 0, 0, 0, 0, 1, 1, 0, 0, 0, 1, 3, 0, 0, 1, 0, 0, 1, 0, 2, 0, 1, 0, 2, 1, 0, 0, 1, 1, 3, 1, 1, 3, 3, 1, 0, 0, 2, 0, 0, 0, 0, 1, 0, 0, 0, 1, 2, 0, 1, 0, 1, 1, 0, 0, 0, 0, 0],802.1274951829081,57956.38699448537,89691.2003308727,false
26,G1_CMAX,G1_CMAX,[31, 22, 82, 15, 26, 58, 95, 42, 77, 12, 47, 5, 93, 78, 86, 54, 85, 63, 18, 44, 20, 35, 43, 97, 91, 76, 10, 30, 21, 45, 71, 64, 1, 23, 17, 83, 24, 14, 60, 36, 6, 57, 40, 88, 65, 56, 79, 94, 67, 68, 46, 75, 38, 9, 19, 32, 81, 41, 27, 62, 87, 90, 99, 59, 11, 16, 72, 73, 70, 39, 37, 84, 3, 92, 25, 55, 28, 29, 51, 7, 33, 61, 98, 48, 89, 50, 8, 96, 4, 53, 80, 66, 34, 49, 69, 0, 74, 52, 2, 13]|[1, 1, 0, 1, 1, 1, 2, 1, 2, 1, 2, 2, 2, 1, 1, 0, 0, 1, 0, 2, 2, 0, 1, 2, 0, 1, 2, 2, 0, 0, 1, 2, 1, 2, 1, 0, 2, 0, 1, 1, 0, 1, 1, 1, 0, 2, 1, 1, 0, 0, 0, 0, 1, 1, 2, 1, 2, 0, 0, 0, 2, 1, 0, 1, 2, 1, 2, 1, 1, 1, 1, 1, 1, 0, 1, 2, 0, 0, 0, 1, 2, 1, 2, 2, 1, 0, 1, 0, 1, 0, 0, 2, 2, 0, 1, 0, 2, 1, 0, 0]|[4, 3, 2, 2, 4, 0, 2, 2, 2, 4, 1, 1, 2, 4, 4, 1, 2, 4, 2, 1, 1, 1, 1, 2, 1, 2, 1, 1, 1, 1, 3, 2, 3, 0, 4, 0, 1, 1, 0, 3, 2, 2, 4, 0, 1, 1, 0, 2, 0, 1, 2, 2, 1, 4, 0, 3, 2, 1, 1, 2, 1, 3, 1, 1, 1, 3, 0, 4, 3, 1, 4, 1, 1, 2, 4, 1, 2, 1, 1, 3, 1, 3, 1, 1, 1, 1, 3, 1, 4, 2, 1, 1, 1, 1, 4, 2, 1, 1, 2, 2]|[0, 2, 1, 1, 3, 3, 0, 1, 0, 0, 0, 0, 1, 0, 1, 0, 0, 3, 1, 0, 0, 0, 3, 1, 0, 2, 0, 0, 0, 1, 0, 0, 0, 0, 3, 0, 1, 0, 0, 2, 1, 1, 2, 0, 0, 0, 0, 1, 1, 0, 0, 0, 1, 3, 0, 0, 1, 0, 0, 1, 0, 2, 0, 1, 0, 2, 1, 0, 0, 1, 1, 3, 1, 1, 3, 0, 1, 0, 0, 2, 0, 0, 0, 0, 1, 0, 2, 0, 0, 1, 0, 0, 0, 1, 2, 0, 0, 1, 0, 0],733.0810611054357,57333.598972040745,93692.95134536352,false
26,G4_BALANCED,G4_BALANCED,[31, 22, 82, 15, 26, 58, 95, 42, 77, 12, 47, 5, 93, 78, 86, 54, 85, 63, 18, 44, 20, 35, 43, 97, 66, 76, 79, 30, 21, 45, 71, 64, 1, 23, 17, 83, 24, 14, 60, 36, 6, 57, 40, 88, 65, 56, 10, 94, 67, 68, 46, 75, 38, 9, 19, 32, 41, 81, 27, 62, 87, 90, 99, 59, 11, 16, 72, 73, 69, 39, 37, 84, 3, 92, 98, 55, 28, 29, 51, 7, 91, 61, 25, 48, 89, 50, 4, 52, 53, 80, 8, 33, 34, 2, 96, 13, 0, 70, 74, 49]|[1, 1, 0, 1, 1, 0, 1, 2, 2, 1, 2, 2, 2, 1, 1, 0, 0, 1, 0, 2, 2, 0, 1, 2, 2, 1, 2, 2, 0, 0, 1, 2, 1, 2, 1, 0, 2, 0, 1, 1, 0, 1, 1, 1, 0, 2, 2, 1, 0, 0, 0, 0, 1, 1, 2, 1, 0, 2, 0, 0, 2, 1, 0, 1, 2, 1, 2, 1, 1, 1, 1, 1, 1, 0, 2, 2, 0, 0, 0, 1, 0, 1, 1, 0, 1, 0, 1, 1, 0, 0, 1, 2, 2, 0, 2, 0, 0, 1, 2, 0]|[4, 3, 2, 2, 4, 1, 2, 2, 2, 4, 1, 1, 2, 4, 4, 1, 2, 4, 2, 1, 1, 1, 1, 2, 1, 2, 1, 1, 1, 1, 3, 1, 3, 1, 4, 0, 1, 1, 0, 3, 2, 2, 2, 0, 1, 1, 1, 4, 0, 1, 2, 2, 1, 4, 0, 3, 1, 2, 1, 2, 1, 3, 1, 1, 1, 3, 0, 4, 3, 1, 4, 1, 1, 0, 1, 1, 2, 1, 1, 1, 1, 3, 4, 1, 1, 1, 4, 1, 2, 1, 3, 1, 1, 2, 1, 2, 2, 3, 1, 1]|[0, 2, 1, 1, 3, 0, 1, 0, 0, 0, 0, 0, 1, 0, 1, 0, 0, 3, 1, 0, 0, 0, 3, 1, 0, 2, 0, 0, 0, 1, 0, 0, 0, 0, 3, 0, 1, 0, 0, 2, 1, 1, 1, 0, 0, 0, 0, 2, 1, 0, 0, 0, 1, 3, 0, 0, 0, 1, 0, 1, 0, 2, 0, 1, 0, 2, 1, 0, 0, 1, 1, 3, 1, 1, 0, 0, 1, 0, 0, 2, 0, 0, 3, 0, 1, 0, 0, 1, 1, 0, 2, 0, 0, 0, 0, 0, 0, 0, 0, 1],749.836682488049,56554.129371230425,94435.12543297782,false
26,G2_TEC,G2_TEC,[31, 22, 82, 15, 26, 9, 95, 42, 77, 68, 47, 5, 93, 78, 86, 54, 85, 63, 18, 44, 20, 49, 36, 14, 74, 50, 53, 17, 21, 28, 11, 64, 3, 23, 30, 83, 24, 41, 40, 52, 65, 27, 90, 70, 39, 87, 48, 69, 99, 4, 46, 1, 13, 58, 97, 59, 45, 8, 73, 37, 35, 79, 71, 66, 76, 32, 60, 80, 96, 6, 16, 61, 33, 7, 57, 34, 12, 67, 10, 98, 56, 88, 43, 75, 91, 38, 19, 92, 29, 2, 51, 72, 89, 25, 84, 55, 62, 81, 94, 0]|[2, 1, 2, 1, 1, 2, 1, 1, 1, 1, 1, 0, 2, 2, 1, 2, 0, 0, 0, 2, 2, 1, 0, 2, 0, 2, 2, 1, 0, 1, 1, 1, 0, 0, 1, 0, 2, 1, 2, 2, 0, 0, 1, 1, 0, 2, 0, 2, 1, 0, 0, 2, 0, 0, 2, 0, 1, 1, 0, 0, 2, 1, 1, 2, 2, 0, 2, 2, 0, 1, 2, 1, 1, 2, 0, 1, 1, 1, 1, 2, 2, 1, 1, 0, 1, 0, 1, 0, 1, 2, 1, 1, 1, 1, 0, 0, 1, 1, 2, 0]|[0, 3, 0, 3, 4, 1, 4, 4, 2, 4, 3, 2, 1, 0, 2, 1, 1, 1, 2, 1, 1, 3, 0, 1, 0, 1, 1, 4, 1, 4, 3, 2, 2, 0, 4, 1, 1, 4, 1, 1, 2, 1, 4, 4, 1, 1, 0, 2, 3, 2, 2, 1, 2, 1, 1, 2, 4, 3, 0, 2, 2, 3, 3, 0, 1, 2, 1, 1, 2, 4, 1, 3, 4, 1, 2, 4, 3, 3, 3, 1, 1, 4, 4, 2, 3, 2, 4, 2, 3, 1, 3, 4, 4, 4, 2, 2, 3, 4, 1, 2]|[0, 2, 0, 0, 3, 0, 1, 3, 0, 0, 2, 0, 1, 0, 1, 0, 0, 0, 1, 0, 0, 2, 0, 0, 1, 0, 0, 3, 0, 1, 0, 2, 0, 0, 3, 0, 1, 3, 0, 0, 0, 0, 1, 3, 0, 0, 1, 0, 2, 0, 0, 0, 0, 0, 1, 0, 1, 0, 1, 1, 0, 2, 0, 0, 0, 0, 0, 0, 0, 2, 0, 0, 1, 0, 0, 1, 0, 0, 3, 0, 0, 1, 2, 0, 0, 0, 1, 0, 3, 0, 0, 2, 1, 3, 0, 0, 0, 1, 0, 0],884.1935202920454,50179.24430758428,113572.41328703976,false
26,G3_TWC,G3_TWC,[31, 22, 82, 15, 26, 58, 95, 42, 77, 12, 47, 5, 93, 78, 98, 54, 85, 63, 18, 44, 20, 35, 43, 97, 91, 76, 10, 30, 21, 45, 71, 64, 1, 23, 17, 83, 24, 14, 60, 36, 6, 57, 94, 88, 65, 56, 79, 40, 67, 68, 46, 75, 38, 9, 19, 32, 81, 41, 27, 62, 87, 90, 99, 59, 11, 16, 72, 73, 70, 39, 37, 84, 3, 92, 25, 55, 28, 29, 51, 7, 33, 61, 86, 66, 89, 50, 48, 96, 53, 8, 80, 4, 34, 49, 52, 0, 13, 69, 2, 74]|[1, 1, 0, 1, 1, 1, 2, 1, 2, 1, 2, 2, 2, 1, 1, 0, 0, 1, 0, 2, 2, 0, 1, 2, 0, 1, 2, 2, 0, 0, 1, 2, 1, 2, 1, 0, 2, 0, 1, 1, 0, 1, 1, 1, 0, 2, 1, 1, 0, 0, 0, 0, 1, 1, 2, 1, 2, 0, 0, 0, 2, 1, 0, 1, 2, 1, 2, 1, 1, 1, 1, 1, 1, 0, 1, 1, 0, 0, 0, 1, 2, 1, 0, 2, 1, 0, 0, 0, 0, 1, 0, 0, 2, 0, 1, 0, 0, 1, 0, 2]|[4, 3, 2, 2, 0, 0, 2, 2, 2, 4, 1, 1, 2, 4, 4, 1, 2, 4, 2, 1, 1, 1, 1, 2, 1, 2, 1, 1, 1, 1, 3, 2, 3, 0, 4, 0, 1, 1, 0, 3, 2, 2, 4, 0, 1, 1, 0, 2, 0, 1, 2, 2, 1, 4, 0, 3, 2, 1, 1, 2, 1, 3, 1, 1, 1, 3, 0, 4, 3, 1, 4, 1, 1, 2, 4, 4, 2, 1, 1, 3, 1, 3, 1, 1, 1, 1, 1, 1, 2, 3, 1, 2, 1, 1, 1, 2, 2, 3, 2, 1]|[0, 2, 1, 1, 3, 3, 0, 1, 0, 0, 0, 0, 1, 0, 1, 0, 0, 3, 1, 0, 0, 0, 3, 1, 0, 2, 0, 0, 0, 1, 0, 0, 0, 0, 3, 0, 1, 0, 0, 2, 1, 1, 2, 0, 0, 0, 0, 1, 1, 0, 0, 0, 1, 3, 0, 0, 1, 0, 0, 1, 0, 2, 0, 1, 0, 2, 1, 0, 0, 1, 1, 3, 1, 1, 3, 3, 1, 0, 0, 2, 0, 0, 0, 0, 1, 0, 0, 0, 1, 2, 0, 1, 0, 1, 1, 0, 0, 0, 0, 0],802.1274951829081,57956.38699448537,89691.2003308727,false
26,G1_CMAX,G1_CMAX,[31, 22, 82, 15, 26, 58, 95, 42, 77, 12, 47, 5, 93, 78, 86, 54, 85, 63, 18, 44, 20, 35, 43, 97, 91, 76, 10, 30, 21, 45, 71, 64, 1, 23, 17, 83, 24, 14, 60, 36, 6, 57, 40, 88, 65, 56, 79, 94, 67, 68, 46, 75, 38, 9, 19, 32, 81, 41, 27, 62, 87, 90, 99, 59, 11, 16, 72, 73, 70, 39, 37, 84, 3, 92, 25, 55, 28, 29, 51, 7, 33, 61, 98, 48, 89, 50, 8, 96, 4, 53, 80, 66, 34, 49, 69, 0, 74, 52, 2, 13]|[1, 1, 0, 1, 1, 1, 2, 1, 2, 1, 2, 2, 2, 1, 1, 0, 0, 1, 0, 2, 2, 0, 1, 2, 0, 1, 2, 2, 0, 0, 1, 2, 1, 2, 1, 0, 2, 0, 1, 1, 0, 1, 1, 1, 0, 2, 1, 1, 0, 0, 0, 0, 1, 1, 2, 1, 2, 0, 0, 0, 2, 1, 0, 1, 2, 1, 2, 1, 1, 1, 1, 1, 1, 0, 1, 2, 0, 0, 0, 1, 2, 1, 2, 2, 1, 0, 1, 0, 1, 0, 0, 2, 2, 0, 1, 0, 2, 1, 0, 0]|[4, 3, 2, 2, 4, 0, 2, 2, 2, 4, 1, 1, 2, 4, 4, 1, 2, 4, 2, 1, 1, 1, 1, 2, 1, 2, 1, 1, 1, 1, 3, 2, 3, 0, 4, 0, 1, 1, 0, 3, 2, 2, 4, 0, 1, 1, 0, 2, 0, 1, 2, 2, 1, 4, 0, 3, 2, 1, 1, 2, 1, 3, 1, 1, 1, 3, 0, 4, 3, 1, 4, 1, 1, 2, 4, 1, 2, 1, 1, 3, 1, 3, 1, 1, 1, 1, 3, 1, 4, 2, 1, 1, 1, 1, 4, 2, 1, 1, 2, 2]|[0, 2, 1, 1, 3, 3, 0, 1, 0, 0, 0, 0, 1, 0, 1, 0, 0, 3, 1, 0, 0, 0, 3, 1, 0, 2, 0, 0, 0, 1, 0, 0, 0, 0, 3, 0, 1, 0, 0, 2, 1, 1, 2, 0, 0, 0, 0, 1, 1, 0, 0, 0, 1, 3, 0, 0, 1, 0, 0, 1, 0, 2, 0, 1, 0, 2, 1, 0, 0, 1, 1, 3, 1, 1, 3, 0, 1, 0, 0, 2, 0, 0, 0, 0, 1, 0, 2, 0, 0, 1, 0, 0, 0, 1, 2, 0, 0, 1, 0, 0],733.0810611054357,57333.598972040745,93692.95134536352,false
26,G4_BALANCED,G4_BALANCED,[31, 22, 82, 15, 26, 58, 95, 42, 77, 12, 47, 5, 93, 78, 86, 54, 85, 63, 18, 44, 20, 35, 43, 97, 66, 76, 79, 30, 21, 45, 71, 64, 1, 23, 17, 83, 24, 14, 60, 36, 6, 57, 40, 88, 65, 56, 10, 94, 67, 68, 46, 75, 38, 9, 19, 32, 41, 81, 27, 62, 87, 90, 99, 59, 11, 16, 72, 73, 69, 39, 37, 84, 3, 92, 98, 55, 28, 29, 51, 7, 91, 61, 25, 48, 89, 50, 4, 52, 53, 80, 8, 33, 34, 2, 96, 13, 0, 70, 74, 49]|[1, 1, 0, 1, 1, 0, 1, 2, 2, 1, 2, 2, 2, 1, 1, 0, 0, 1, 0, 2, 2, 0, 1, 2, 2, 1, 2, 2, 0, 0, 1, 2, 1, 2, 1, 0, 2, 0, 1, 1, 0, 1, 1, 1, 0, 2, 2, 1, 0, 0, 0, 0, 1, 1, 2, 1, 0, 2, 0, 0, 2, 1, 0, 1, 2, 1, 2, 1, 1, 1, 1, 1, 1, 0, 2, 2, 0, 0, 0, 1, 0, 1, 1, 0, 1, 0, 1, 1, 0, 0, 1, 2, 2, 0, 2, 0, 0, 1, 2, 0]|[4, 3, 2, 2, 4, 1, 2, 2, 2, 4, 1, 1, 2, 4, 4, 1, 2, 4, 2, 1, 1, 1, 1, 2, 1, 2, 1, 1, 1, 1, 3, 1, 3, 1, 4, 0, 1, 1, 0, 3, 2, 2, 2, 0, 1, 1, 1, 4, 0, 1, 2, 2, 1, 4, 0, 3, 1, 2, 1, 2, 1, 3, 1, 1, 1, 3, 0, 4, 3, 1, 4, 1, 1, 0, 1, 1, 2, 1, 1, 1, 1, 3, 4, 1, 1, 1, 4, 1, 2, 1, 3, 1, 1, 2, 1, 2, 2, 3, 1, 1]|[0, 2, 1, 1, 3, 0, 1, 0, 0, 0, 0, 0, 1, 0, 1, 0, 0, 3, 1, 0, 0, 0, 3, 1, 0, 2, 0, 0, 0, 1, 0, 0, 0, 0, 3, 0, 1, 0, 0, 2, 1, 1, 1, 0, 0, 0, 0, 2, 1, 0, 0, 0, 1, 3, 0, 0, 0, 1, 0, 1, 0, 2, 0, 1, 0, 2, 1, 0, 0, 1, 1, 3, 1, 1, 0, 0, 1, 0, 0, 2, 0, 0, 3, 0, 1, 0, 0, 1, 1, 0, 2, 0, 0, 0, 0, 0, 0, 0, 0, 1],749.836682488049,56554.129371230425,94435.12543297782,false
26,G2_TEC,G2_TEC,[31, 22, 82, 15, 26, 9, 95, 42, 77, 68, 47, 5, 93, 78, 86, 54, 85, 63, 18, 44, 20, 49, 36, 14, 74, 50, 53, 17, 21, 28, 11, 64, 3, 23, 30, 83, 24, 41, 40, 52, 65, 27, 90, 70, 39, 87, 48, 69, 99, 4, 46, 1, 13, 58, 97, 59, 45, 8, 73, 37, 35, 79, 71, 66, 76, 32, 60, 80, 96, 6, 16, 61, 33, 7, 57, 34, 12, 67, 10, 98, 56, 88, 43, 75, 91, 38, 19, 92, 29, 2, 51, 72, 89, 25, 84, 55, 62, 81, 94, 0]|[2, 1, 2, 1, 1, 2, 1, 1, 1, 1, 1, 0, 2, 2, 1, 2, 0, 0, 0, 2, 2, 1, 0, 2, 0, 2, 2, 1, 0, 1, 1, 1, 0, 0, 1, 0, 2, 1, 2, 2, 0, 0, 1, 1, 0, 2, 0, 2, 1, 0, 0, 2, 0, 0, 2, 0, 1, 1, 0, 0, 2, 1, 1, 2, 2, 0, 2, 2, 0, 1, 2, 1, 1, 2, 0, 1, 1, 1, 1, 2, 2, 1, 1, 0, 1, 0, 1, 0, 1, 2, 1, 1, 1, 1, 0, 0, 1, 1, 2, 0]|[0, 3, 0, 3, 4, 1, 4, 4, 2, 4, 3, 2, 1, 0, 2, 1, 1, 1, 2, 1, 1, 3, 0, 1, 0, 1, 1, 4, 1, 4, 3, 2, 2, 0, 4, 1, 1, 4, 1, 1, 2, 1, 4, 4, 1, 1, 0, 2, 3, 2, 2, 1, 2, 1, 1, 2, 4, 3, 0, 2, 2, 3, 3, 0, 1, 2, 1, 1, 2, 4, 1, 3, 4, 1, 2, 4, 3, 3, 3, 1, 1, 4, 4, 2, 3, 2, 4, 2, 3, 1, 3, 4, 4, 4, 2, 2, 3, 4, 1, 2]|[0, 2, 0, 0, 3, 0, 1, 3, 0, 0, 2, 0, 1, 0, 1, 0, 0, 0, 1, 0, 0, 2, 0, 0, 1, 0, 0, 3, 0, 1, 0, 2, 0, 0, 3, 0, 1, 3, 0, 0, 0, 0, 1, 3, 0, 0, 1, 0, 2, 0, 0, 0, 0, 0, 1, 0, 1, 0, 1, 1, 0, 2, 0, 0, 0, 0, 0, 0, 0, 2, 0, 0, 1, 0, 0, 1, 0, 0, 3, 0, 0, 1, 2, 0, 0, 0, 1, 0, 3, 0, 0, 2, 1, 3, 0, 0, 0, 1, 0, 0],884.1935202920454,50179.24430758428,113572.41328703976,false
26,G3_TWC,G3_TWC,[31, 22, 82, 15, 26, 58, 95, 42, 77, 12, 47, 5, 93, 78, 98, 54, 85, 63, 18, 44, 20, 35, 43, 97, 91, 76, 10, 30, 21, 45, 71, 64, 1, 23, 17, 83, 24, 14, 60, 36, 6, 57, 94, 88, 65, 56, 79, 40, 67, 68, 46, 75, 38, 9, 19, 32, 81, 41, 27, 62, 87, 90, 99, 59, 11, 16, 72, 73, 70, 39, 37, 84, 3, 92, 25, 55, 28, 29, 51, 7, 33, 61, 86, 66, 89, 50, 48, 96, 53, 8, 80, 4, 34, 49, 52, 0, 13, 69, 2, 74]|[1, 1, 0, 1, 1, 1, 2, 1, 2, 1, 2, 2, 2, 1, 1, 0, 0, 1, 0, 2, 2, 0, 1, 2, 0, 1, 2, 2, 0, 0, 1, 2, 1, 2, 1, 0, 2, 0, 1, 1, 0, 1, 1, 1, 0, 2, 1, 1, 0, 0, 0, 0, 1, 1, 2, 1, 2, 0, 0, 0, 2, 1, 0, 1, 2, 1, 2, 1, 1, 1, 1, 1, 1, 0, 1, 1, 0, 0, 0, 1, 2, 1, 0, 2, 1, 0, 0, 0, 0, 1, 0, 0, 2, 0, 1, 0, 0, 1, 0, 2]|[4, 3, 2, 2, 0, 0, 2, 2, 2, 4, 1, 1, 2, 4, 4, 1, 2, 4, 2, 1, 1, 1, 1, 2, 1, 2, 1, 1, 1, 1, 3, 2, 3, 0, 4, 0, 1, 1, 0, 3, 2, 2, 4, 0, 1, 1, 0, 2, 0, 1, 2, 2, 1, 4, 0, 3, 2, 1, 1, 2, 1, 3, 1, 1, 1, 3, 0, 4, 3, 1, 4, 1, 1, 2, 4, 4, 2, 1, 1, 3, 1, 3, 1, 1, 1, 1, 1, 1, 2, 3, 1, 2, 1, 1, 1, 2, 2, 3, 2, 1]|[0, 2, 1, 1, 3, 3, 0, 1, 0, 0, 0, 0, 1, 0, 1, 0, 0, 3, 1, 0, 0, 0, 3, 1, 0, 2, 0, 0, 0, 1, 0, 0, 0, 0, 3, 0, 1, 0, 0, 2, 1, 1, 2, 0, 0, 0, 0, 1, 1, 0, 0, 0, 1, 3, 0, 0, 1, 0, 0, 1, 0, 2, 0, 1, 0, 2, 1, 0, 0, 1, 1, 3, 1, 1, 3, 3, 1, 0, 0, 2, 0, 0, 0, 0, 1, 0, 0, 0, 1, 2, 0, 1, 0, 1, 1, 0, 0, 0, 0, 0],802.1274951829081,57956.38699448537,89691.2003308727,false
26,G1_CMAX,G1_CMAX,[31, 22, 82, 15, 26, 58, 95, 42, 77, 12, 47, 5, 93, 78, 86, 54, 85, 63, 18, 44, 20, 35, 43, 97, 91, 76, 10, 30, 21, 45, 71, 64, 1, 23, 17, 83, 24, 14, 60, 36, 6, 57, 40, 88, 65, 56, 79, 94, 67, 68, 46, 75, 38, 9, 19, 32, 81, 41, 27, 62, 87, 90, 99, 59, 11, 16, 72, 73, 70, 39, 37, 84, 3, 92, 25, 55, 28, 29, 51, 7, 33, 61, 98, 48, 89, 50, 8, 96, 4, 53, 80, 66, 34, 49, 69, 0, 74, 52, 2, 13]|[1, 1, 0, 1, 1, 1, 2, 1, 2, 1, 2, 2, 2, 1, 1, 0, 0, 1, 0, 2, 2, 0, 1, 2, 0, 1, 2, 2, 0, 0, 1, 2, 1, 2, 1, 0, 2, 0, 1, 1, 0, 1, 1, 1, 0, 2, 1, 1, 0, 0, 0, 0, 1, 1, 2, 1, 2, 0, 0, 0, 2, 1, 0, 1, 2, 1, 2, 1, 1, 1, 1, 1, 1, 0, 1, 2, 0, 0, 0, 1, 2, 1, 2, 2, 1, 0, 1, 0, 1, 0, 0, 2, 2, 0, 1, 0, 2, 1, 0, 0]|[4, 3, 2, 2, 4, 0, 2, 2, 2, 4, 1, 1, 2, 4, 4, 1, 2, 4, 2, 1, 1, 1, 1, 2, 1, 2, 1, 1, 1, 1, 3, 2, 3, 0, 4, 0, 1, 1, 0, 3, 2, 2, 4, 0, 1, 1, 0, 2, 0, 1, 2, 2, 1, 4, 0, 3, 2, 1, 1, 2, 1, 3, 1, 1, 1, 3, 0, 4, 3, 1, 4, 1, 1, 2, 4, 1, 2, 1, 1, 3, 1, 3, 1, 1, 1, 1, 3, 1, 4, 2, 1, 1, 1, 1, 4, 2, 1, 1, 2, 2]|[0, 2, 1, 1, 3, 3, 0, 1, 0, 0, 0, 0, 1, 0, 1, 0, 0, 3, 1, 0, 0, 0, 3, 1, 0, 2, 0, 0, 0, 1, 0, 0, 0, 0, 3, 0, 1, 0, 0, 2, 1, 1, 2, 0, 0, 0, 0, 1, 1, 0, 0, 0, 1, 3, 0, 0, 1, 0, 0, 1, 0, 2, 0, 1, 0, 2, 1, 0, 0, 1, 1, 3, 1, 1, 3, 0, 1, 0, 0, 2, 0, 0, 0, 0, 1, 0, 2, 0, 0, 1, 0, 0, 0, 1, 2, 0, 0, 1, 0, 0],733.0810611054357,57333.598972040745,93692.95134536352,false
26,G4_BALANCED,G4_BALANCED,[31, 22, 82, 15, 26, 58, 95, 42, 77, 12, 47, 5, 93, 78, 86, 54, 85, 63, 18, 44, 20, 35, 43, 97, 66, 76, 79, 30, 21, 45, 71, 64, 1, 23, 17, 83, 24, 14, 60, 36, 6, 57, 40, 88, 65, 56, 10, 94, 67, 68, 46, 75, 38, 9, 19, 32, 41, 81, 27, 62, 87, 90, 99, 59, 11, 16, 72, 73, 69, 39, 37, 84, 3, 92, 98, 55, 28, 29, 51, 7, 91, 61, 25, 48, 89, 50, 4, 52, 53, 80, 8, 33, 34, 2, 96, 13, 0, 70, 74, 49]|[1, 1, 0, 1, 1, 0, 1, 2, 2, 1, 2, 2, 2, 1, 1, 0, 0, 1, 0, 2, 2, 0, 1, 2, 2, 1, 2, 2, 0, 0, 1, 2, 1, 2, 1, 0, 2, 0, 1, 1, 0, 1, 1, 1, 0, 2, 2, 1, 0, 0, 0, 0, 1, 1, 2, 1, 0, 2, 0, 0, 2, 1, 0, 1, 2, 1, 2, 1, 1, 1, 1, 1, 1, 0, 2, 2, 0, 0, 0, 1, 0, 1, 1, 0, 1, 0, 1, 1, 0, 0, 1, 2, 2, 0, 2, 0, 0, 1, 2, 0]|[4, 3, 2, 2, 4, 1, 2, 2, 2, 4, 1, 1, 2, 4, 4, 1, 2, 4, 2, 1, 1, 1, 1, 2, 1, 2, 1, 1, 1, 1, 3, 1, 3, 1, 4, 0, 1, 1, 0, 3, 2, 2, 2, 0, 1, 1, 1, 4, 0, 1, 2, 2, 1, 4, 0, 3, 1, 2, 1, 2, 1, 3, 1, 1, 1, 3, 0, 4, 3, 1, 4, 1, 1, 0, 1, 1, 2, 1, 1, 1, 1, 3, 4, 1, 1, 1, 4, 1, 2, 1, 3, 1, 1, 2, 1, 2, 2, 3, 1, 1]|[0, 2, 1, 1, 3, 0, 1, 0, 0, 0, 0, 0, 1, 0, 1, 0, 0, 3, 1, 0, 0, 0, 3, 1, 0, 2, 0, 0, 0, 1, 0, 0, 0, 0, 3, 0, 1, 0, 0, 2, 1, 1, 1, 0, 0, 0, 0, 2, 1, 0, 0, 0, 1, 3, 0, 0, 0, 1, 0, 1, 0, 2, 0, 1, 0, 2, 1, 0, 0, 1, 1, 3, 1, 1, 0, 0, 1, 0, 0, 2, 0, 0, 3, 0, 1, 0, 0, 1, 1, 0, 2, 0, 0, 0, 0, 0, 0, 0, 0, 1],749.836682488049,56554.129371230425,94435.12543297782,false
26,G2_TEC,G2_TEC,[31, 22, 82, 15, 26, 9, 95, 42, 77, 68, 47, 5, 93, 78, 86, 54, 85, 63, 18, 44, 20, 49, 36, 14, 74, 50, 53, 17, 21, 28, 11, 64, 3, 23, 30, 83, 24, 41, 40, 52, 65, 27, 90, 70, 39, 87, 48, 69, 99, 4, 46, 1, 13, 58, 97, 59, 45, 8, 73, 37, 35, 79, 71, 66, 76, 32, 60, 80, 96, 6, 16, 61, 33, 7, 57, 34, 12, 67, 10, 98, 56, 88, 43, 75, 91, 38, 19, 92, 29, 2, 51, 72, 89, 25, 84, 55, 62, 81, 94, 0]|[2, 1, 2, 1, 1, 2, 1, 1, 1, 1, 1, 0, 2, 2, 1, 2, 0, 0, 0, 2, 2, 1, 0, 2, 0, 2, 2, 1, 0, 1, 1, 1, 0, 0, 1, 0, 2, 1, 2, 2, 0, 0, 1, 1, 0, 2, 0, 2, 1, 0, 0, 2, 0, 0, 2, 0, 1, 1, 0, 0, 2, 1, 1, 2, 2, 0, 2, 2, 0, 1, 2, 1, 1, 2, 0, 1, 1, 1, 1, 2, 2, 1, 1, 0, 1, 0, 1, 0, 1, 2, 1, 1, 1, 1, 0, 0, 1, 1, 2, 0]|[0, 3, 0, 3, 4, 1, 4, 4, 2, 4, 3, 2, 1, 0, 2, 1, 1, 1, 2, 1, 1, 3, 0, 1, 0, 1, 1, 4, 1, 4, 3, 2, 2, 0, 4, 1, 1, 4, 1, 1, 2, 1, 4, 4, 1, 1, 0, 2, 3, 2, 2, 1, 2, 1, 1, 2, 4, 3, 0, 2, 2, 3, 3, 0, 1, 2, 1, 1, 2, 4, 1, 3, 4, 1, 2, 4, 3, 3, 3, 1, 1, 4, 4, 2, 3, 2, 4, 2, 3, 1, 3, 4, 4, 4, 2, 2, 3, 4, 1, 2]|[0, 2, 0, 0, 3, 0, 1, 3, 0, 0, 2, 0, 1, 0, 1, 0, 0, 0, 1, 0, 0, 2, 0, 0, 1, 0, 0, 3, 0, 1, 0, 2, 0, 0, 3, 0, 1, 3, 0, 0, 0, 0, 1, 3, 0, 0, 1, 0, 2, 0, 0, 0, 0, 0, 1, 0, 1, 0, 1, 1, 0, 2, 0, 0, 0, 0, 0, 0, 0, 2, 0, 0, 1, 0, 0, 1, 0, 0, 3, 0, 0, 1, 2, 0, 0, 0, 1, 0, 3, 0, 0, 2, 1, 3, 0, 0, 0, 1, 0, 0],884.1935202920454,50179.24430758428,113572.41328703976,false
26,G3_TWC,G3_TWC,[31, 22, 82, 15, 26, 58, 95, 42, 77, 12, 47, 5, 93, 78, 98, 54, 85, 63, 18, 44, 20, 35, 43, 97, 91, 76, 10, 30, 21, 45, 71, 64, 1, 23, 17, 83, 24, 14, 60, 36, 6, 57, 94, 88, 65, 56, 79, 40, 67, 68, 46, 75, 38, 9, 19, 32, 81, 41, 27, 62, 87, 90, 99, 59, 11, 16, 72, 73, 70, 39, 37, 84, 3, 92, 25, 55, 28, 29, 51, 7, 33, 61, 86, 66, 89, 50, 48, 96, 53, 8, 80, 4, 34, 49, 52, 0, 13, 69, 2, 74]|[1, 1, 0, 1, 1, 1, 2, 1, 2, 1, 2, 2, 2, 1, 1, 0, 0, 1, 0, 2, 2, 0, 1, 2, 0, 1, 2, 2, 0, 0, 1, 2, 1, 2, 1, 0, 2, 0, 1, 1, 0, 1, 1, 1, 0, 2, 1, 1, 0, 0, 0, 0, 1, 1, 2, 1, 2, 0, 0, 0, 2, 1, 0, 1, 2, 1, 2, 1, 1, 1, 1, 1, 1, 0, 1, 1, 0, 0, 0, 1, 2, 1, 0, 2, 1, 0, 0, 0, 0, 1, 0, 0, 2, 0, 1, 0, 0, 1, 0, 2]|[4, 3, 2, 2, 0, 0, 2, 2, 2, 4, 1, 1, 2, 4, 4, 1, 2, 4, 2, 1, 1, 1, 1, 2, 1, 2, 1, 1, 1, 1, 3, 2, 3, 0, 4, 0, 1, 1, 0, 3, 2, 2, 4, 0, 1, 1, 0, 2, 0, 1, 2, 2, 1, 4, 0, 3, 2, 1, 1, 2, 1, 3, 1, 1, 1, 3, 0, 4, 3, 1, 4, 1, 1, 2, 4, 4, 2, 1, 1, 3, 1, 3, 1, 1, 1, 1, 1, 1, 2, 3, 1, 2, 1, 1, 1, 2, 2, 3, 2, 1]|[0, 2, 1, 1, 3, 3, 0, 1, 0, 0, 0, 0, 1, 0, 1, 0, 0, 3, 1, 0, 0, 0, 3, 1, 0, 2, 0, 0, 0, 1, 0, 0, 0, 0, 3, 0, 1, 0, 0, 2, 1, 1, 2, 0, 0, 0, 0, 1, 1, 0, 0, 0, 1, 3, 0, 0, 1, 0, 0, 1, 0, 2, 0, 1, 0, 2, 1, 0, 0, 1, 1, 3, 1, 1, 3, 3, 1, 0, 0, 2, 0, 0, 0, 0, 1, 0, 0, 0, 1, 2, 0, 1, 0, 1, 1, 0, 0, 0, 0, 0],802.1274951829081,57956.38699448537,89691.2003308727,false
26,G1_CMAX,G1_CMAX,[31, 22, 82, 15, 26, 58, 95, 42, 77, 12, 47, 5, 93, 78, 86, 54, 85, 63, 18, 44, 20, 35, 43, 97, 91, 76, 10, 30, 21, 45, 71, 64, 1, 23, 17, 83, 24, 14, 60, 36, 6, 57, 40, 88, 65, 56, 79, 94, 67, 68, 46, 75, 38, 9, 19, 32, 81, 41, 27, 62, 87, 90, 99, 59, 11, 16, 72, 73, 70, 39, 37, 84, 3, 92, 25, 55, 28, 29, 51, 7, 33, 61, 98, 48, 89, 50, 8, 96, 4, 53, 80, 66, 34, 49, 69, 0, 74, 52, 2, 13]|[1, 1, 0, 1, 1, 1, 2, 1, 2, 1, 2, 2, 2, 1, 1, 0, 0, 1, 0, 2, 2, 0, 1, 2, 0, 1, 2, 2, 0, 0, 1, 2, 1, 2, 1, 0, 2, 0, 1, 1, 0, 1, 1, 1, 0, 2, 1, 1, 0, 0, 0, 0, 1, 1, 2, 1, 2, 0, 0, 0, 2, 1, 0, 1, 2, 1, 2, 1, 1, 1, 1, 1, 1, 0, 1, 2, 0, 0, 0, 1, 2, 1, 2, 2, 1, 0, 1, 0, 1, 0, 0, 2, 2, 0, 1, 0, 2, 1, 0, 0]|[4, 3, 2, 2, 4, 0, 2, 2, 2, 4, 1, 1, 2, 4, 4, 1, 2, 4, 2, 1, 1, 1, 1, 2, 1, 2, 1, 1, 1, 1, 3, 2, 3, 0, 4, 0, 1, 1, 0, 3, 2, 2, 4, 0, 1, 1, 0, 2, 0, 1, 2, 2, 1, 4, 0, 3, 2, 1, 1, 2, 1, 3, 1, 1, 1, 3, 0, 4, 3, 1, 4, 1, 1, 2, 4, 1, 2, 1, 1, 3, 1, 3, 1, 1, 1, 1, 3, 1, 4, 2, 1, 1, 1, 1, 4, 2, 1, 1, 2, 2]|[0, 2, 1, 1, 3, 3, 0, 1, 0, 0, 0, 0, 1, 0, 1, 0, 0, 3, 1, 0, 0, 0, 3, 1, 0, 2, 0, 0, 0, 1, 0, 0, 0, 0, 3, 0, 1, 0, 0, 2, 1, 1, 2, 0, 0, 0, 0, 1, 1, 0, 0, 0, 1, 3, 0, 0, 1, 0, 0, 1, 0, 2, 0, 1, 0, 2, 1, 0, 0, 1, 1, 3, 1, 1, 3, 0, 1, 0, 0, 2, 0, 0, 0, 0, 1, 0, 2, 0, 0, 1, 0, 0, 0, 1, 2, 0, 0, 1, 0, 0],733.0810611054357,57333.598972040745,93692.95134536352,false
26,G4_BALANCED,G4_BALANCED,[31, 11, 15, 82, 26, 9, 95, 32, 77, 68, 47, 5, 93, 78, 86, 54, 85, 63, 18, 44, 20, 49, 36, 14, 74, 50, 53, 17, 21, 45, 71, 64, 3, 23, 30, 83, 24, 41, 60, 52, 65, 27, 90, 70, 39, 87, 48, 69, 99, 4, 46, 1, 13, 58, 97, 59, 28, 75, 73, 37, 35, 79, 22, 66, 76, 42, 40, 80, 96, 6, 16, 61, 33, 7, 57, 34, 12, 67, 10, 98, 56, 88, 29, 94, 91, 51, 19, 92, 43, 84, 38, 72, 81, 8, 2, 55, 62, 89, 25, 0]|[2, 1, 1, 2, 1, 2, 1, 1, 1, 1, 1, 0, 2, 2, 1, 2, 0, 0, 0, 2, 2, 1, 0, 2, 0, 2, 2, 1, 0, 1, 1, 1, 0, 0, 1, 0, 2, 1, 2, 2, 0, 0, 1, 1, 0, 2, 0, 2, 1, 0, 0, 2, 0, 0, 2, 0, 1, 0, 0, 0, 2, 1, 0, 2, 2, 0, 2, 2, 0, 1, 2, 1, 1, 2, 0, 1, 1, 1, 1, 2, 2, 1, 1, 2, 1, 1, 1, 0, 1, 0, 0, 1, 1, 1, 2, 0, 1, 1, 1, 0]|[1, 3, 2, 0, 4, 1, 4, 4, 2, 4, 3, 2, 1, 0, 2, 1, 1, 1, 2, 1, 1, 3, 0, 1, 0, 1, 1, 4, 1, 4, 3, 2, 2, 0, 4, 1, 1, 4, 0, 1, 2, 1, 4, 4, 1, 1, 0, 2, 3, 1, 2, 1, 2, 1, 1, 2, 4, 2, 0, 2, 2, 3, 1, 0, 1, 2, 0, 1, 2, 4, 1, 3, 4, 1, 2, 4, 3, 3, 3, 1, 1, 4, 3, 1, 3, 3, 4, 2, 4, 2, 2, 4, 1, 3, 1, 2, 3, 4, 4, 2]|[1, 2, 1, 0, 3, 0, 1, 3, 0, 0, 2, 0, 1, 0, 1, 0, 0, 0, 1, 0, 0, 2, 0, 0, 1, 0, 0, 3, 0, 1, 0, 2, 0, 1, 3, 0, 1, 3, 1, 0, 0, 0, 1, 3, 0, 0, 1, 0, 2, 0, 0, 0, 0, 0, 1, 0, 1, 0, 1, 1, 0, 2, 0, 0, 0, 0, 0, 0, 0, 2, 0, 0, 1, 0, 0, 1, 0, 0, 3, 0, 0, 1, 0, 0, 0, 0, 3, 0, 2, 0, 0, 2, 1, 0, 0, 0, 0, 1, 3, 0],836.569815134707,52504.092339752446,107095.57005228325,false
26,G2_TEC,G2_TEC,[31, 22, 82, 15, 26, 9, 95, 42, 77, 68, 47, 5, 93, 78, 86, 54, 85, 63, 18, 44, 20, 49, 36, 14, 74, 50, 53, 17, 21, 28, 11, 64, 3, 23, 30, 83, 24, 41, 40, 52, 65, 27, 90, 70, 39, 87, 48, 69, 99, 4, 46, 1, 13, 58, 97, 59, 45, 8, 73, 37, 35, 79, 71, 66, 76, 32, 60, 80, 96, 6, 16, 61, 33, 7, 57, 34, 12, 67, 10, 98, 56, 88, 43, 75, 91, 38, 19, 92, 29, 2, 51, 72, 89, 25, 84, 55, 62, 81, 94, 0]|[2, 1, 2, 1, 1, 2, 1, 1, 1, 1, 1, 0, 2, 2, 1, 2, 0, 0, 0, 2, 2, 1, 0, 2, 0, 2, 2, 1, 0, 1, 1, 1, 0, 0, 1, 0, 2, 1, 2, 2, 0, 0, 1, 1, 0, 2, 0, 2, 1, 0, 0, 2, 0, 0, 2, 0, 1, 1, 0, 0, 2, 1, 1, 2, 2, 0, 2, 2, 0, 1, 2, 1, 1, 2, 0, 1, 1, 1, 1, 2, 2, 1, 1, 0, 1, 0, 1, 0, 1, 2, 1, 1, 1, 1, 0, 0, 1, 1, 2, 0]|[0, 3, 0, 3, 4, 1, 4, 4, 2, 4, 3, 2, 1, 0, 2, 1, 1, 1, 2, 1, 1, 3, 0, 1, 0, 1, 1, 4, 1, 4, 3, 2, 2, 0, 4, 1, 1, 4, 1, 1, 2, 1, 4, 4, 1, 1, 0, 2, 3, 2, 2, 1, 2, 1, 1, 2, 4, 3, 0, 2, 2, 3, 3, 0, 1, 2, 1, 1, 2, 4, 1, 3, 4, 1, 2, 4, 3, 3, 3, 1, 1, 4, 4, 2, 3, 2, 4, 2, 3, 1, 3, 4, 4, 4, 2, 2, 3, 4, 1, 2]|[0, 2, 0, 0, 3, 0, 1, 3, 0, 0, 2, 0, 1, 0, 1, 0, 0, 0, 1, 0, 0, 2, 0, 0, 1, 0, 0, 3, 0, 1, 0, 2, 0, 0, 3, 0, 1, 3, 0, 0, 0, 0, 1, 3, 0, 0, 1, 0, 2, 0, 0, 0, 0, 0, 1, 0, 1, 0, 1, 1, 0, 2, 0, 0, 0, 0, 0, 0, 0, 2, 0, 0, 1, 0, 0, 1, 0, 0, 3, 0, 0, 1, 2, 0, 0, 0, 1, 0, 3, 0, 0, 2, 1, 3, 0, 0, 0, 1, 0, 0],884.1935202920454,50179.24430758428,113572.41328703976,false
26,G3_TWC,G3_TWC,[31, 22, 82, 15, 26, 58, 95, 42, 77, 12, 47, 5, 93, 78, 98, 54, 85, 63, 18, 44, 20, 35, 43, 97, 91, 76, 10, 30, 21, 45, 71, 64, 1, 23, 17, 83, 24, 14, 60, 36, 6, 57, 94, 88, 65, 56, 79, 40, 67, 68, 46, 75, 38, 9, 19, 32, 81, 41, 27, 62, 87, 90, 99, 59, 11, 16, 72, 73, 70, 39, 37, 84, 3, 92, 25, 55, 28, 29, 51, 7, 33, 61, 86, 66, 89, 50, 48, 96, 53, 8, 80, 4, 34, 49, 52, 0, 13, 69, 2, 74]|[1, 1, 0, 1, 1, 1, 2, 1, 2, 1, 2, 2, 2, 1, 1, 0, 0, 1, 0, 2, 2, 0, 1, 2, 0, 1, 2, 2, 0, 0, 1, 2, 1, 2, 1, 0, 2, 0, 1, 1, 0, 1, 1, 1, 0, 2, 1, 1, 0, 0, 0, 0, 1, 1, 2, 1, 2, 0, 0, 0, 2, 1, 0, 1, 2, 1, 2, 1, 1, 1, 1, 1, 1, 0, 1, 1, 0, 0, 0, 1, 2, 1, 0, 2, 1, 0, 0, 0, 0, 1, 0, 0, 2, 0, 1, 0, 0, 1, 0, 2]|[4, 3, 2, 2, 0, 0, 2, 2, 2, 4, 1, 1, 2, 4, 4, 1, 2, 4, 2, 1, 1, 1, 1, 2, 1, 2, 1, 1, 1, 1, 3, 2, 3, 0, 4, 0, 1, 1, 0, 3, 2, 2, 4, 0, 1, 1, 0, 2, 0, 1, 2, 2, 1, 4, 0, 3, 2, 1, 1, 2, 1, 3, 1, 1, 1, 3, 0, 4, 3, 1, 4, 1, 1, 2, 4, 4, 2, 1, 1, 3, 1, 3, 1, 1, 1, 1, 1, 1, 2, 3, 1, 2, 1, 1, 1, 2, 2, 3, 2, 1]|[0, 2, 1, 1, 3, 3, 0, 1, 0, 0, 0, 0, 1, 0, 1, 0, 0, 3, 1, 0, 0, 0, 3, 1, 0, 2, 0, 0, 0, 1, 0, 0, 0, 0, 3, 0, 1, 0, 0, 2, 1, 1, 2, 0, 0, 0, 0, 1, 1, 0, 0, 0, 1, 3, 0, 0, 1, 0, 0, 1, 0, 2, 0, 1, 0, 2, 1, 0, 0, 1, 1, 3, 1, 1, 3, 3, 1, 0, 0, 2, 0, 0, 0, 0, 1, 0, 0, 0, 1, 2, 0, 1, 0, 1, 1, 0, 0, 0, 0, 0],802.1274951829081,57956.38699448537,89691.2003308727,false
26,G1_CMAX,G1_CMAX,[31, 22, 82, 15, 26, 58, 95, 42, 77, 12, 47, 5, 93, 78, 86, 54, 85, 63, 18, 44, 20, 35, 43, 97, 91, 76, 10, 30, 21, 45, 71, 64, 1, 23, 17, 83, 24, 14, 60, 36, 6, 57, 40, 88, 65, 56, 79, 94, 67, 68, 46, 75, 38, 9, 19, 32, 81, 41, 27, 62, 87, 90, 99, 59, 11, 16, 72, 73, 70, 39, 37, 84, 3, 92, 25, 55, 28, 29, 51, 7, 33, 61, 98, 48, 89, 50, 8, 96, 4, 53, 80, 66, 34, 49, 69, 0, 74, 52, 2, 13]|[1, 1, 0, 1, 1, 1, 2, 1, 2, 1, 2, 2, 2, 1, 1, 0, 0, 1, 0, 2, 2, 0, 1, 2, 0, 1, 2, 2, 0, 0, 1, 2, 1, 2, 1, 0, 2, 0, 1, 1, 0, 1, 1, 1, 0, 2, 1, 1, 0, 0, 0, 0, 1, 1, 2, 1, 2, 0, 0, 0, 2, 1, 0, 1, 2, 1, 2, 1, 1, 1, 1, 1, 1, 0, 1, 2, 0, 0, 0, 1, 2, 1, 2, 2, 1, 0, 1, 0, 1, 0, 0, 2, 2, 0, 1, 0, 2, 1, 0, 0]|[4, 3, 2, 2, 4, 0, 2, 2, 2, 4, 1, 1, 2, 4, 4, 1, 2, 4, 2, 1, 1, 1, 1, 2, 1, 2, 1, 1, 1, 1, 3, 2, 3, 0, 4, 0, 1, 1, 0, 3, 2, 2, 4, 0, 1, 1, 0, 2, 0, 1, 2, 2, 1, 4, 0, 3, 2, 1, 1, 2, 1, 3, 1, 1, 1, 3, 0, 4, 3, 1, 4, 1, 1, 2, 4, 1, 2, 1, 1, 3, 1, 3, 1, 1, 1, 1, 3, 1, 4, 2, 1, 1, 1, 1, 4, 2, 1, 1, 2, 2]|[0, 2, 1, 1, 3, 3, 0, 1, 0, 0, 0, 0, 1, 0, 1, 0, 0, 3, 1, 0, 0, 0, 3, 1, 0, 2, 0, 0, 0, 1, 0, 0, 0, 0, 3, 0, 1, 0, 0, 2, 1, 1, 2, 0, 0, 0, 0, 1, 1, 0, 0, 0, 1, 3, 0, 0, 1, 0, 0, 1, 0, 2, 0, 1, 0, 2, 1, 0, 0, 1, 1, 3, 1, 1, 3, 0, 1, 0, 0, 2, 0, 0, 0, 0, 1, 0, 2, 0, 0, 1, 0, 0, 0, 1, 2, 0, 0, 1, 0, 0],733.0810611054357,57333.598972040745,93692.95134536352,false
26,G4_BALANCED,G4_BALANCED,[31, 11, 15, 82, 26, 9, 95, 32, 77, 68, 47, 5, 93, 78, 86, 54, 85, 63, 18, 44, 20, 49, 36, 14, 74, 50, 53, 17, 21, 45, 71, 64, 3, 23, 30, 83, 24, 41, 60, 52, 65, 27, 90, 70, 39, 87, 48, 69, 99, 4, 46, 1, 13, 58, 97, 59, 28, 75, 73, 37, 35, 79, 22, 66, 76, 42, 40, 80, 96, 6, 16, 61, 33, 7, 57, 34, 12, 67, 10, 98, 56, 88, 29, 94, 91, 51, 19, 92, 43, 84, 38, 72, 81, 8, 2, 55, 62, 89, 25, 0]|[2, 1, 1, 2, 1, 2, 1, 1, 1, 1, 1, 0, 2, 2, 1, 2, 0, 0, 0, 2, 2, 1, 0, 2, 0, 2, 2, 1, 0, 1, 1, 1, 0, 0, 1, 0, 2, 1, 2, 2, 0, 0, 1, 1, 0, 2, 0, 2, 1, 0, 0, 2, 0, 0, 2, 0, 1, 0, 0, 0, 2, 1, 0, 2, 2, 0, 2, 2, 0, 1, 2, 1, 1, 2, 0, 1, 1, 1, 1, 2, 2, 1, 1, 2, 1, 1, 1, 0, 1, 0, 0, 1, 1, 1, 2, 0, 1, 1, 1, 0]|[1, 3, 2, 0, 4, 1, 4, 4, 2, 4, 3, 2, 1, 0, 2, 1, 1, 1, 2, 1, 1, 3, 0, 1, 0, 1, 1, 4, 1, 4, 3, 2, 2, 0, 4, 1, 1, 4, 0, 1, 2, 1, 4, 4, 1, 1, 0, 2, 3, 1, 2, 1, 2, 1, 1, 2, 4, 2, 0, 2, 2, 3, 1, 0, 1, 2, 0, 1, 2, 4, 1, 3, 4, 1, 2, 4, 3, 3, 3, 1, 1, 4, 3, 1, 3, 3, 4, 2, 4, 2, 2, 4, 1, 3, 1, 2, 3, 4, 4, 2]|[1, 2, 1, 0, 3, 0, 1, 3, 0, 0, 2, 0, 1, 0, 1, 0, 0, 0, 1, 0, 0, 2, 0, 0, 1, 0, 0, 3, 0, 1, 0, 2, 0, 1, 3, 0, 1, 3, 1, 0, 0, 0, 1, 3, 0, 0, 1, 0, 2, 0, 0, 0, 0, 0, 1, 0, 1, 0, 1, 1, 0, 2, 0, 0, 0, 0, 0, 0, 0, 2, 0, 0, 1, 0, 0, 1, 0, 0, 3, 0, 0, 1, 0, 0, 0, 0, 3, 0, 2, 0, 0, 2, 1, 0, 0, 0, 0, 1, 3, 0],836.569815134707,52504.092339752446,107095.57005228325,false
26,G2_TEC,G2_TEC,[31, 22, 82, 15, 26, 9, 95, 42, 77, 68, 47, 5, 93, 78, 86, 54, 85, 63, 18, 44, 20, 49, 36, 14, 74, 50, 53, 17, 21, 28, 11, 64, 3, 23, 30, 83, 24, 41, 40, 52, 65, 27, 90, 70, 39, 87, 48, 69, 99, 4, 46, 1, 13, 58, 97, 59, 45, 8, 73, 37, 35, 79, 71, 66, 76, 32, 60, 80, 96, 6, 16, 61, 33, 7, 57, 34, 12, 67, 10, 98, 56, 88, 43, 75, 91, 38, 19, 92, 29, 2, 51, 72, 89, 25, 84, 55, 62, 81, 94, 0]|[2, 1, 2, 1, 1, 2, 1, 1, 1, 1, 1, 0, 2, 2, 1, 2, 0, 0, 0, 2, 2, 1, 0, 2, 0, 2, 2, 1, 0, 1, 1, 1, 0, 0, 1, 0, 2, 1, 2, 2, 0, 0, 1, 1, 0, 2, 0, 2, 1, 0, 0, 2, 0, 0, 2, 0, 1, 1, 0, 0, 2, 1, 1, 2, 2, 0, 2, 2, 0, 1, 2, 1, 1, 2, 0, 1, 1, 1, 1, 2, 2, 1, 1, 0, 1, 0, 1, 0, 1, 2, 1, 1, 1, 1, 0, 0, 1, 1, 2, 0]|[0, 3, 0, 3, 4, 1, 4, 4, 2, 4, 3, 2, 1, 0, 2, 1, 1, 1, 2, 1, 1, 3, 0, 1, 0, 1, 1, 4, 1, 4, 3, 2, 2, 0, 4, 1, 1, 4, 1, 1, 2, 1, 4, 4, 1, 1, 0, 2, 3, 2, 2, 1, 2, 1, 1, 2, 4, 3, 0, 2, 2, 3, 3, 0, 1, 2, 1, 1, 2, 4, 1, 3, 4, 1, 2, 4, 3, 3, 3, 1, 1, 4, 4, 2, 3, 2, 4, 2, 3, 1, 3, 4, 4, 4, 2, 2, 3, 4, 1, 2]|[0, 2, 0, 0, 3, 0, 1, 3, 0, 0, 2, 0, 1, 0, 1, 0, 0, 0, 1, 0, 0, 2, 0, 0, 1, 0, 0, 3, 0, 1, 0, 2, 0, 0, 3, 0, 1, 3, 0, 0, 0, 0, 1, 3, 0, 0, 1, 0, 2, 0, 0, 0, 0, 0, 1, 0, 1, 0, 1, 1, 0, 2, 0, 0, 0, 0, 0, 0, 0, 2, 0, 0, 1, 0, 0, 1, 0, 0, 3, 0, 0, 1, 2, 0, 0, 0, 1, 0, 3, 0, 0, 2, 1, 3, 0, 0, 0, 1, 0, 0],884.1935202920454,50179.24430758428,113572.41328703976,false
26,G3_TWC,G3_TWC,[31, 22, 82, 15, 26, 58, 95, 42, 77, 12, 47, 5, 93, 78, 98, 54, 85, 63, 18, 44, 20, 35, 43, 97, 91, 76, 10, 30, 21, 45, 71, 64, 1, 23, 17, 83, 24, 14, 60, 36, 6, 57, 94, 88, 65, 56, 79, 40, 67, 68, 46, 75, 38, 9, 19, 32, 81, 41, 27, 62, 87, 90, 99, 59, 11, 16, 72, 73, 70, 39, 37, 84, 3, 92, 25, 55, 28, 29, 51, 7, 33, 61, 86, 66, 89, 50, 48, 96, 53, 8, 80, 4, 34, 49, 52, 0, 13, 69, 2, 74]|[1, 1, 0, 1, 1, 1, 2, 1, 2, 1, 2, 2, 2, 1, 1, 0, 0, 1, 0, 2, 2, 0, 1, 2, 0, 1, 2, 2, 0, 0, 1, 2, 1, 2, 1, 0, 2, 0, 1, 1, 0, 1, 1, 1, 0, 2, 1, 1, 0, 0, 0, 0, 1, 1, 2, 1, 2, 0, 0, 0, 2, 1, 0, 1, 2, 1, 2, 1, 1, 1, 1, 1, 1, 0, 1, 1, 0, 0, 0, 1, 2, 1, 0, 2, 1, 0, 0, 0, 0, 1, 0, 0, 2, 0, 1, 0, 0, 1, 0, 2]|[4, 3, 2, 2, 0, 0, 2, 2, 2, 4, 1, 1, 2, 4, 4, 1, 2, 4, 2, 1, 1, 1, 1, 2, 1, 2, 1, 1, 1, 1, 3, 2, 3, 0, 4, 0, 1, 1, 0, 3, 2, 2, 4, 0, 1, 1, 0, 2, 0, 1, 2, 2, 1, 4, 0, 3, 2, 1, 1, 2, 1, 3, 1, 1, 1, 3, 0, 4, 3, 1, 4, 1, 1, 2, 4, 4, 2, 1, 1, 3, 1, 3, 1, 1, 1, 1, 1, 1, 2, 3, 1, 2, 1, 1, 1, 2, 2, 3, 2, 1]|[0, 2, 1, 1, 3, 3, 0, 1, 0, 0, 0, 0, 1, 0, 1, 0, 0, 3, 1, 0, 0, 0, 3, 1, 0, 2, 0, 0, 0, 1, 0, 0, 0, 0, 3, 0, 1, 0, 0, 2, 1, 1, 2, 0, 0, 0, 0, 1, 1, 0, 0, 0, 1, 3, 0, 0, 1, 0, 0, 1, 0, 2, 0, 1, 0, 2, 1, 0, 0, 1, 1, 3, 1, 1, 3, 3, 1, 0, 0, 2, 0, 0, 0, 0, 1, 0, 0, 0, 1, 2, 0, 1, 0, 1, 1, 0, 0, 0, 0, 0],802.1274951829081,57956.38699448537,89691.2003308727,false
26,G1_CMAX,G1_CMAX,[31, 22, 82, 15, 26, 58, 95, 42, 77, 12, 47, 5, 93, 78, 86, 54, 85, 63, 18, 44, 20, 35, 43, 97, 91, 76, 10, 30, 21, 45, 71, 64, 1, 23, 17, 83, 24, 14, 60, 36, 6, 57, 40, 88, 65, 56, 79, 94, 67, 68, 46, 75, 38, 9, 19, 32, 81, 41, 27, 62, 87, 90, 99, 59, 11, 16, 72, 73, 70, 39, 37, 84, 3, 92, 25, 55, 28, 29, 51, 7, 33, 61, 98, 48, 89, 50, 8, 96, 4, 53, 80, 66, 34, 49, 69, 0, 74, 52, 2, 13]|[1, 1, 0, 1, 1, 1, 2, 1, 2, 1, 2, 2, 2, 1, 1, 0, 0, 1, 0, 2, 2, 0, 1, 2, 0, 1, 2, 2, 0, 0, 1, 2, 1, 2, 1, 0, 2, 0, 1, 1, 0, 1, 1, 1, 0, 2, 1, 1, 0, 0, 0, 0, 1, 1, 2, 1, 2, 0, 0, 0, 2, 1, 0, 1, 2, 1, 2, 1, 1, 1, 1, 1, 1, 0, 1, 2, 0, 0, 0, 1, 2, 1, 2, 2, 1, 0, 1, 0, 1, 0, 0, 2, 2, 0, 1, 0, 2, 1, 0, 0]|[4, 3, 2, 2, 4, 0, 2, 2, 2, 4, 1, 1, 2, 4, 4, 1, 2, 4, 2, 1, 1, 1, 1, 2, 1, 2, 1, 1, 1, 1, 3, 2, 3, 0, 4, 0, 1, 1, 0, 3, 2, 2, 4, 0, 1, 1, 0, 2, 0, 1, 2, 2, 1, 4, 0, 3, 2, 1, 1, 2, 1, 3, 1, 1, 1, 3, 0, 4, 3, 1, 4, 1, 1, 2, 4, 1, 2, 1, 1, 3, 1, 3, 1, 1, 1, 1, 3, 1, 4, 2, 1, 1, 1, 1, 4, 2, 1, 1, 2, 2]|[0, 2, 1, 1, 3, 3, 0, 1, 0, 0, 0, 0, 1, 0, 1, 0, 0, 3, 1, 0, 0, 0, 3, 1, 0, 2, 0, 0, 0, 1, 0, 0, 0, 0, 3, 0, 1, 0, 0, 2, 1, 1, 2, 0, 0, 0, 0, 1, 1, 0, 0, 0, 1, 3, 0, 0, 1, 0, 0, 1, 0, 2, 0, 1, 0, 2, 1, 0, 0, 1, 1, 3, 1, 1, 3, 0, 1, 0, 0, 2, 0, 0, 0, 0, 1, 0, 2, 0, 0, 1, 0, 0, 0, 1, 2, 0, 0, 1, 0, 0],733.0810611054357,57333.598972040745,93692.95134536352,false
26,G4_BALANCED,G4_BALANCED,[31, 11, 15, 82, 26, 9, 95, 32, 77, 68, 47, 5, 93, 78, 86, 54, 85, 63, 18, 44, 20, 49, 36, 14, 74, 50, 53, 17, 21, 45, 71, 64, 3, 23, 30, 83, 24, 41, 60, 52, 65, 27, 90, 70, 39, 87, 48, 69, 99, 4, 46, 1, 13, 58, 97, 59, 28, 75, 73, 37, 35, 79, 22, 66, 76, 42, 40, 80, 96, 6, 16, 61, 33, 7, 57, 34, 12, 67, 10, 98, 56, 88, 29, 94, 91, 51, 19, 92, 43, 84, 38, 72, 81, 8, 2, 55, 62, 89, 25, 0]|[2, 1, 1, 2, 1, 2, 1, 1, 1, 1, 1, 0, 2, 2, 1, 2, 0, 0, 0, 2, 2, 1, 0, 2, 0, 2, 2, 1, 0, 1, 1, 1, 0, 0, 1, 0, 2, 1, 2, 2, 0, 0, 1, 1, 0, 2, 0, 2, 1, 0, 0, 2, 0, 0, 2, 0, 1, 0, 0, 0, 2, 1, 0, 2, 2, 0, 2, 2, 0, 1, 2, 1, 1, 2, 0, 1, 1, 1, 1, 2, 2, 1, 1, 2, 1, 1, 1, 0, 1, 0, 0, 1, 1, 1, 2, 0, 1, 1, 1, 0]|[1, 3, 2, 0, 4, 1, 4, 4, 2, 4, 3, 2, 1, 0, 2, 1, 1, 1, 2, 1, 1, 3, 0, 1, 0, 1, 1, 4, 1, 4, 3, 2, 2, 0, 4, 1, 1, 4, 0, 1, 2, 1, 4, 4, 1, 1, 0, 2, 3, 1, 2, 1, 2, 1, 1, 2, 4, 2, 0, 2, 2, 3, 1, 0, 1, 2, 0, 1, 2, 4, 1, 3, 4, 1, 2, 4, 3, 3, 3, 1, 1, 4, 3, 1, 3, 3, 4, 2, 4, 2, 2, 4, 1, 3, 1, 2, 3, 4, 4, 2]|[1, 2, 1, 0, 3, 0, 1, 3, 0, 0, 2, 0, 1, 0, 1, 0, 0, 0, 1, 0, 0, 2, 0, 0, 1, 0, 0, 3, 0, 1, 0, 2, 0, 1, 3, 0, 1, 3, 1, 0, 0, 0, 1, 3, 0, 0, 1, 0, 2, 0, 0, 0, 0, 0, 1, 0, 1, 0, 1, 1, 0, 2, 0, 0, 0, 0, 0, 0, 0, 2, 0, 0, 1, 0, 0, 1, 0, 0, 3, 0, 0, 1, 0, 0, 0, 0, 3, 0, 2, 0, 0, 2, 1, 0, 0, 0, 0, 1, 3, 0],836.569815134707,52504.092339752446,107095.57005228325,false
26,G2_TEC,G2_TEC,[31, 22, 82, 15, 26, 9, 95, 42, 77, 68, 47, 5, 93, 78, 86, 54, 85, 63, 18, 44, 20, 49, 36, 14, 74, 50, 53, 17, 21, 28, 11, 64, 3, 23, 30, 83, 24, 41, 40, 52, 65, 27, 90, 70, 39, 87, 48, 69, 99, 4, 46, 1, 13, 58, 97, 59, 45, 8, 73, 37, 35, 79, 71, 66, 76, 32, 60, 80, 96, 6, 16, 61, 33, 7, 57, 34, 12, 67, 10, 98, 56, 88, 43, 75, 91, 38, 19, 92, 29, 2, 51, 72, 89, 25, 84, 55, 62, 81, 94, 0]|[2, 1, 2, 1, 1, 2, 1, 1, 1, 1, 1, 0, 2, 2, 1, 2, 0, 0, 0, 2, 2, 1, 0, 2, 0, 2, 2, 1, 0, 1, 1, 1, 0, 0, 1, 0, 2, 1, 2, 2, 0, 0, 1, 1, 0, 2, 0, 2, 1, 0, 0, 2, 0, 0, 2, 0, 1, 1, 0, 0, 2, 1, 1, 2, 2, 0, 2, 2, 0, 1, 2, 1, 1, 2, 0, 1, 1, 1, 1, 2, 2, 1, 1, 0, 1, 0, 1, 0, 1, 2, 1, 1, 1, 1, 0, 0, 1, 1, 2, 0]|[0, 3, 0, 3, 4, 1, 4, 4, 2, 4, 3, 2, 1, 0, 2, 1, 1, 1, 2, 1, 1, 3, 0, 1, 0, 1, 1, 4, 1, 4, 3, 2, 2, 0, 4, 1, 1, 4, 1, 1, 2, 1, 4, 4, 1, 1, 0, 2, 3, 2, 2, 1, 2, 1, 1, 2, 4, 3, 0, 2, 2, 3, 3, 0, 1, 2, 1, 1, 2, 4, 1, 3, 4, 1, 2, 4, 3, 3, 3, 1, 1, 4, 4, 2, 3, 2, 4, 2, 3, 1, 3, 4, 4, 4, 2, 2, 3, 4, 1, 2]|[0, 2, 0, 0, 3, 0, 1, 3, 0, 0, 2, 0, 1, 0, 1, 0, 0, 0, 1, 0, 0, 2, 0, 0, 1, 0, 0, 3, 0, 1, 0, 2, 0, 0, 3, 0, 1, 3, 0, 0, 0, 0, 1, 3, 0, 0, 1, 0, 2, 0, 0, 0, 0, 0, 1, 0, 1, 0, 1, 1, 0, 2, 0, 0, 0, 0, 0, 0, 0, 2, 0, 0, 1, 0, 0, 1, 0, 0, 3, 0, 0, 1, 2, 0, 0, 0, 1, 0, 3, 0, 0, 2, 1, 3, 0, 0, 0, 1, 0, 0],884.1935202920454,50179.24430758428,113572.41328703976,false
26,G3_TWC,G3_TWC,[31, 22, 82, 15, 26, 58, 95, 42, 77, 12, 47, 5, 93, 78, 98, 54, 85, 63, 18, 44, 20, 35, 43, 97, 91, 76, 10, 30, 21, 45, 71, 64, 1, 23, 17, 83, 24, 14, 60, 36, 6, 57, 94, 88, 65, 56, 79, 40, 67, 68, 46, 75, 38, 9, 19, 32, 81, 41, 27, 62, 87, 90, 99, 59, 11, 16, 72, 73, 70, 39, 37, 84, 3, 92, 25, 55, 28, 29, 51, 7, 33, 61, 86, 66, 89, 50, 48, 96, 53, 8, 80, 4, 34, 49, 52, 0, 13, 69, 2, 74]|[1, 1, 0, 1, 1, 1, 2, 1, 2, 1, 2, 2, 2, 1, 1, 0, 0, 1, 0, 2, 2, 0, 1, 2, 0, 1, 2, 2, 0, 0, 1, 2, 1, 2, 1, 0, 2, 0, 1, 1, 0, 1, 1, 1, 0, 2, 1, 1, 0, 0, 0, 0, 1, 1, 2, 1, 2, 0, 0, 0, 2, 1, 0, 1, 2, 1, 2, 1, 1, 1, 1, 1, 1, 0, 1, 1, 0, 0, 0, 1, 2, 1, 0, 2, 1, 0, 0, 0, 0, 1, 0, 0, 2, 0, 1, 0, 0, 1, 0, 2]|[4, 3, 2, 2, 0, 0, 2, 2, 2, 4, 1, 1, 2, 4, 4, 1, 2, 4, 2, 1, 1, 1, 1, 2, 1, 2, 1, 1, 1, 1, 3, 2, 3, 0, 4, 0, 1, 1, 0, 3, 2, 2, 4, 0, 1, 1, 0, 2, 0, 1, 2, 2, 1, 4, 0, 3, 2, 1, 1, 2, 1, 3, 1, 1, 1, 3, 0, 4, 3, 1, 4, 1, 1, 2, 4, 4, 2, 1, 1, 3, 1, 3, 1, 1, 1, 1, 1, 1, 2, 3, 1, 2, 1, 1, 1, 2, 2, 3, 2, 1]|[0, 2, 1, 1, 3, 3, 0, 1, 0, 0, 0, 0, 1, 0, 1, 0, 0, 3, 1, 0, 0, 0, 3, 1, 0, 2, 0, 0, 0, 1, 0, 0, 0, 0, 3, 0, 1, 0, 0, 2, 1, 1, 2, 0, 0, 0, 0, 1, 1, 0, 0, 0, 1, 3, 0, 0, 1, 0, 0, 1, 0, 2, 0, 1, 0, 2, 1, 0, 0, 1, 1, 3, 1, 1, 3, 3, 1, 0, 0, 2, 0, 0, 0, 0, 1, 0, 0, 0, 1, 2, 0, 1, 0, 1, 1, 0, 0, 0, 0, 0],802.1274951829081,57956.38699448537,89691.2003308727,false
26,G1_CMAX,G1_CMAX,[31, 22, 82, 15, 26, 58, 95, 42, 77, 12, 47, 5, 93, 78, 86, 54, 85, 63, 18, 44, 20, 35, 43, 97, 91, 76, 10, 30, 21, 45, 71, 64, 1, 23, 17, 83, 24, 14, 60, 36, 6, 57, 40, 88, 65, 56, 79, 94, 67, 68, 46, 75, 38, 9, 19, 32, 81, 41, 27, 62, 87, 90, 99, 59, 11, 16, 72, 73, 70, 39, 37, 84, 3, 92, 25, 55, 28, 29, 51, 7, 33, 61, 98, 48, 89, 50, 8, 96, 4, 53, 80, 66, 34, 49, 69, 0, 74, 52, 2, 13]|[1, 1, 0, 1, 1, 1, 2, 1, 2, 1, 2, 2, 2, 1, 1, 0, 0, 1, 0, 2, 2, 0, 1, 2, 0, 1, 2, 2, 0, 0, 1, 2, 1, 2, 1, 0, 2, 0, 1, 1, 0, 1, 1, 1, 0, 2, 1, 1, 0, 0, 0, 0, 1, 1, 2, 1, 2, 0, 0, 0, 2, 1, 0, 1, 2, 1, 2, 1, 1, 1, 1, 1, 1, 0, 1, 2, 0, 0, 0, 1, 2, 1, 2, 2, 1, 0, 1, 0, 1, 0, 0, 2, 2, 0, 1, 0, 2, 1, 0, 0]|[4, 3, 2, 2, 4, 0, 2, 2, 2, 4, 1, 1, 2, 4, 4, 1, 2, 4, 2, 1, 1, 1, 1, 2, 1, 2, 1, 1, 1, 1, 3, 2, 3, 0, 4, 0, 1, 1, 0, 3, 2, 2, 4, 0, 1, 1, 0, 2, 0, 1, 2, 2, 1, 4, 0, 3, 2, 1, 1, 2, 1, 3, 1, 1, 1, 3, 0, 4, 3, 1, 4, 1, 1, 2, 4, 1, 2, 1, 1, 3, 1, 3, 1, 1, 1, 1, 3, 1, 4, 2, 1, 1, 1, 1, 4, 2, 1, 1, 2, 2]|[0, 2, 1, 1, 3, 3, 0, 1, 0, 0, 0, 0, 1, 0, 1, 0, 0, 3, 1, 0, 0, 0, 3, 1, 0, 2, 0, 0, 0, 1, 0, 0, 0, 0, 3, 0, 1, 0, 0, 2, 1, 1, 2, 0, 0, 0, 0, 1, 1, 0, 0, 0, 1, 3, 0, 0, 1, 0, 0, 1, 0, 2, 0, 1, 0, 2, 1, 0, 0, 1, 1, 3, 1, 1, 3, 0, 1, 0, 0, 2, 0, 0, 0, 0, 1, 0, 2, 0, 0, 1, 0, 0, 0, 1, 2, 0, 0, 1, 0, 0],733.0810611054357,57333.598972040745,93692.95134536352,false
26,G4_BALANCED,G4_BALANCED,[31, 11, 15, 82, 26, 9, 95, 32, 77, 68, 47, 5, 93, 78, 86, 54, 85, 63, 18, 44, 20, 49, 36, 14, 74, 50, 53, 17, 21, 45, 71, 64, 3, 23, 30, 83, 24, 41, 60, 52, 65, 27, 90, 70, 39, 87, 48, 69, 99, 4, 46, 1, 13, 58, 97, 59, 28, 75, 73, 37, 35, 79, 22, 66, 76, 42, 40, 80, 96, 6, 16, 61, 33, 7, 57, 34, 12, 67, 10, 98, 56, 88, 29, 94, 91, 51, 19, 92, 43, 84, 38, 72, 81, 8, 2, 55, 62, 89, 25, 0]|[2, 1, 1, 2, 1, 2, 1, 1, 1, 1, 1, 0, 2, 2, 1, 2, 0, 0, 0, 2, 2, 1, 0, 2, 0, 2, 2, 1, 0, 1, 1, 1, 0, 0, 1, 0, 2, 1, 2, 2, 0, 0, 1, 1, 0, 2, 0, 2, 1, 0, 0, 2, 0, 0, 2, 0, 1, 0, 0, 0, 2, 1, 0, 2, 2, 0, 2, 2, 0, 1, 2, 1, 1, 2, 0, 1, 1, 1, 1, 2, 2, 1, 1, 2, 1, 1, 1, 0, 1, 0, 0, 1, 1, 1, 2, 0, 1, 1, 1, 0]|[1, 3, 2, 0, 4, 1, 4, 4, 2, 4, 3, 2, 1, 0, 2, 1, 1, 1, 2, 1, 1, 3, 0, 1, 0, 1, 1, 4, 1, 4, 3, 2, 2, 0, 4, 1, 1, 4, 0, 1, 2, 1, 4, 4, 1, 1, 0, 2, 3, 1, 2, 1, 2, 1, 1, 2, 4, 2, 0, 2, 2, 3, 1, 0, 1, 2, 0, 1, 2, 4, 1, 3, 4, 1, 2, 4, 3, 3, 3, 1, 1, 4, 3, 1, 3, 3, 4, 2, 4, 2, 2, 4, 1, 3, 1, 2, 3, 4, 4, 2]|[1, 2, 1, 0, 3, 0, 1, 3, 0, 0, 2, 0, 1, 0, 1, 0, 0, 0, 1, 0, 0, 2, 0, 0, 1, 0, 0, 3, 0, 1, 0, 2, 0, 1, 3, 0, 1, 3, 1, 0, 0, 0, 1, 3, 0, 0, 1, 0, 2, 0, 0, 0, 0, 0, 1, 0, 1, 0, 1, 1, 0, 2, 0, 0, 0, 0, 0, 0, 0, 2, 0, 0, 1, 0, 0, 1, 0, 0, 3, 0, 0, 1, 0, 0, 0, 0, 3, 0, 2, 0, 0, 2, 1, 0, 0, 0, 0, 1, 3, 0],836.569815134707,52504.092339752446,107095.57005228325,false
26,G2_TEC,G2_TEC,[31, 22, 82, 15, 26, 9, 95, 42, 77, 68, 47, 5, 93, 78, 86, 54, 85, 63, 18, 44, 20, 49, 36, 14, 74, 50, 53, 17, 21, 28, 11, 64, 3, 23, 30, 83, 24, 41, 40, 52, 65, 27, 90, 70, 39, 87, 48, 69, 99, 4, 46, 1, 13, 58, 97, 59, 45, 8, 73, 37, 35, 79, 71, 66, 76, 32, 60, 80, 96, 6, 16, 61, 33, 7, 57, 34, 12, 67, 10, 98, 56, 88, 43, 75, 91, 38, 19, 92, 29, 2, 51, 72, 89, 25, 84, 55, 62, 81, 94, 0]|[2, 1, 2, 1, 1, 2, 1, 1, 1, 1, 1, 0, 2, 2, 1, 2, 0, 0, 0, 2, 2, 1, 0, 2, 0, 2, 2, 1, 0, 1, 1, 1, 0, 0, 1, 0, 2, 1, 2, 2, 0, 0, 1, 1, 0, 2, 0, 2, 1, 0, 0, 2, 0, 0, 2, 0, 1, 1, 0, 0, 2, 1, 1, 2, 2, 0, 2, 2, 0, 1, 2, 1, 1, 2, 0, 1, 1, 1, 1, 2, 2, 1, 1, 0, 1, 0, 1, 0, 1, 2, 1, 1, 1, 1, 0, 0, 1, 1, 2, 0]|[0, 3, 0, 3, 4, 1, 4, 4, 2, 4, 3, 2, 1, 0, 2, 1, 1, 1, 2, 1, 1, 3, 0, 1, 0, 1, 1, 4, 1, 4, 3, 2, 2, 0, 4, 1, 1, 4, 1, 1, 2, 1, 4, 4, 1, 1, 0, 2, 3, 2, 2, 1, 2, 1, 1, 2, 4, 3, 0, 2, 2, 3, 3, 0, 1, 2, 1, 1, 2, 4, 1, 3, 4, 1, 2, 4, 3, 3, 3, 1, 1, 4, 4, 2, 3, 2, 4, 2, 3, 1, 3, 4, 4, 4, 2, 2, 3, 4, 1, 2]|[0, 2, 0, 0, 3, 0, 1, 3, 0, 0, 2, 0, 1, 0, 1, 0, 0, 0, 1, 0, 0, 2, 0, 0, 1, 0, 0, 3, 0, 1, 0, 2, 0, 0, 3, 0, 1, 3, 0, 0, 0, 0, 1, 3, 0, 0, 1, 0, 2, 0, 0, 0, 0, 0, 1, 0, 1, 0, 1, 1, 0, 2, 0, 0, 0, 0, 0, 0, 0, 2, 0, 0, 1, 0, 0, 1, 0, 0, 3, 0, 0, 1, 2, 0, 0, 0, 1, 0, 3, 0, 0, 2, 1, 3, 0, 0, 0, 1, 0, 0],884.1935202920454,50179.24430758428,113572.41328703976,false
26,G3_TWC,G3_TWC,[31, 22, 82, 15, 26, 58, 95, 42, 77, 12, 47, 5, 93, 78, 98, 54, 85, 63, 18, 44, 20, 35, 43, 97, 91, 76, 10, 30, 21, 45, 71, 64, 1, 23, 17, 83, 24, 14, 60, 36, 6, 57, 94, 88, 65, 56, 79, 40, 67, 68, 46, 75, 38, 9, 19, 32, 81, 41, 27, 62, 87, 90, 99, 59, 11, 16, 72, 73, 70, 39, 37, 84, 3, 92, 25, 55, 28, 29, 51, 7, 33, 61, 86, 66, 89, 50, 48, 96, 53, 8, 80, 4, 34, 49, 52, 0, 13, 69, 2, 74]|[1, 1, 0, 1, 1, 1, 2, 1, 2, 1, 2, 2, 2, 1, 1, 0, 0, 1, 0, 2, 2, 0, 1, 2, 0, 1, 2, 2, 0, 0, 1, 2, 1, 2, 1, 0, 2, 0, 1, 1, 0, 1, 1, 1, 0, 2, 1, 1, 0, 0, 0, 0, 1, 1, 2, 1, 2, 0, 0, 0, 2, 1, 0, 1, 2, 1, 2, 1, 1, 1, 1, 1, 1, 0, 1, 1, 0, 0, 0, 1, 2, 1, 0, 2, 1, 0, 0, 0, 0, 1, 0, 0, 2, 0, 1, 0, 0, 1, 0, 2]|[4, 3, 2, 2, 0, 0, 2, 2, 2, 4, 1, 1, 2, 4, 4, 1, 2, 4, 2, 1, 1, 1, 1, 2, 1, 2, 1, 1, 1, 1, 3, 2, 3, 0, 4, 0, 1, 1, 0, 3, 2, 2, 4, 0, 1, 1, 0, 2, 0, 1, 2, 2, 1, 4, 0, 3, 2, 1, 1, 2, 1, 3, 1, 1, 1, 3, 0, 4, 3, 1, 4, 1, 1, 2, 4, 4, 2, 1, 1, 3, 1, 3, 1, 1, 1, 1, 1, 1, 2, 3, 1, 2, 1, 1, 1, 2, 2, 3, 2, 1]|[0, 2, 1, 1, 3, 3, 0, 1, 0, 0, 0, 0, 1, 0, 1, 0, 0, 3, 1, 0, 0, 0, 3, 1, 0, 2, 0, 0, 0, 1, 0, 0, 0, 0, 3, 0, 1, 0, 0, 2, 1, 1, 2, 0, 0, 0, 0, 1, 1, 0, 0, 0, 1, 3, 0, 0, 1, 0, 0, 1, 0, 2, 0, 1, 0, 2, 1, 0, 0, 1, 1, 3, 1, 1, 3, 3, 1, 0, 0, 2, 0, 0, 0, 0, 1, 0, 0, 0, 1, 2, 0, 1, 0, 1, 1, 0, 0, 0, 0, 0],802.1274951829081,57956.38699448537,89691.2003308727,false
26,G1_CMAX,G1_CMAX,[31, 22, 82, 15, 26, 58, 95, 42, 77, 12, 47, 5, 93, 78, 86, 54, 85, 63, 18, 44, 20, 35, 43, 97, 91, 76, 10, 30, 21, 45, 71, 64, 1, 23, 17, 83, 24, 14, 60, 36, 6, 57, 40, 88, 65, 56, 79, 94, 67, 68, 46, 75, 38, 9, 19, 32, 81, 41, 27, 62, 87, 90, 99, 59, 11, 16, 72, 73, 70, 39, 37, 84, 3, 92, 25, 55, 28, 29, 51, 7, 33, 61, 98, 48, 89, 50, 8, 96, 4, 53, 80, 66, 34, 49, 69, 0, 74, 52, 2, 13]|[1, 1, 0, 1, 1, 1, 2, 1, 2, 1, 2, 2, 2, 1, 1, 0, 0, 1, 0, 2, 2, 0, 1, 2, 0, 1, 2, 2, 0, 0, 1, 2, 1, 2, 1, 0, 2, 0, 1, 1, 0, 1, 1, 1, 0, 2, 1, 1, 0, 0, 0, 0, 1, 1, 2, 1, 2, 0, 0, 0, 2, 1, 0, 1, 2, 1, 2, 1, 1, 1, 1, 1, 1, 0, 1, 2, 0, 0, 0, 1, 2, 1, 2, 2, 1, 0, 1, 0, 1, 0, 0, 2, 2, 0, 1, 0, 2, 1, 0, 0]|[4, 3, 2, 2, 4, 0, 2, 2, 2, 4, 1, 1, 2, 4, 4, 1, 2, 4, 2, 1, 1, 1, 1, 2, 1, 2, 1, 1, 1, 1, 3, 2, 3, 0, 4, 0, 1, 1, 0, 3, 2, 2, 4, 0, 1, 1, 0, 2, 0, 1, 2, 2, 1, 4, 0, 3, 2, 1, 1, 2, 1, 3, 1, 1, 1, 3, 0, 4, 3, 1, 4, 1, 1, 2, 4, 1, 2, 1, 1, 3, 1, 3, 1, 1, 1, 1, 3, 1, 4, 2, 1, 1, 1, 1, 4, 2, 1, 1, 2, 2]|[0, 2, 1, 1, 3, 3, 0, 1, 0, 0, 0, 0, 1, 0, 1, 0, 0, 3, 1, 0, 0, 0, 3, 1, 0, 2, 0, 0, 0, 1, 0, 0, 0, 0, 3, 0, 1, 0, 0, 2, 1, 1, 2, 0, 0, 0, 0, 1, 1, 0, 0, 0, 1, 3, 0, 0, 1, 0, 0, 1, 0, 2, 0, 1, 0, 2, 1, 0, 0, 1, 1, 3, 1, 1, 3, 0, 1, 0, 0, 2, 0, 0, 0, 0, 1, 0, 2, 0, 0, 1, 0, 0, 0, 1, 2, 0, 0, 1, 0, 0],733.0810611054357,57333.598972040745,93692.95134536352,false
26,G4_BALANCED,G4_BALANCED,[31, 11, 15, 82, 26, 9, 95, 32, 77, 68, 47, 5, 93, 78, 86, 54, 85, 63, 18, 44, 20, 49, 36, 14, 74, 50, 53, 17, 21, 45, 71, 64, 3, 23, 30, 83, 24, 41, 60, 52, 65, 27, 90, 70, 39, 87, 48, 69, 99, 4, 46, 1, 13, 58, 97, 59, 28, 75, 73, 37, 35, 79, 22, 66, 76, 42, 40, 80, 96, 6, 16, 61, 33, 7, 57, 34, 12, 67, 10, 98, 56, 88, 29, 94, 91, 51, 19, 92, 43, 84, 38, 72, 81, 8, 2, 55, 62, 89, 25, 0]|[2, 1, 1, 2, 1, 2, 1, 1, 1, 1, 1, 0, 2, 2, 1, 2, 0, 0, 0, 2, 2, 1, 0, 2, 0, 2, 2, 1, 0, 1, 1, 1, 0, 0, 1, 0, 2, 1, 2, 2, 0, 0, 1, 1, 0, 2, 0, 2, 1, 0, 0, 2, 0, 0, 2, 0, 1, 0, 0, 0, 2, 1, 0, 2, 2, 0, 2, 2, 0, 1, 2, 1, 1, 2, 0, 1, 1, 1, 1, 2, 2, 1, 1, 2, 1, 1, 1, 0, 1, 0, 0, 1, 1, 1, 2, 0, 1, 1, 1, 0]|[1, 3, 2, 0, 4, 1, 4, 4, 2, 4, 3, 2, 1, 0, 2, 1, 1, 1, 2, 1, 1, 3, 0, 1, 0, 1, 1, 4, 1, 4, 3, 2, 2, 0, 4, 1, 1, 4, 0, 1, 2, 1, 4, 4, 1, 1, 0, 2, 3, 1, 2, 1, 2, 1, 1, 2, 4, 2, 0, 2, 2, 3, 1, 0, 1, 2, 0, 1, 2, 4, 1, 3, 4, 1, 2, 4, 3, 3, 3, 1, 1, 4, 3, 1, 3, 3, 4, 2, 4, 2, 2, 4, 1, 3, 1, 2, 3, 4, 4, 2]|[1, 2, 1, 0, 3, 0, 1, 3, 0, 0, 2, 0, 1, 0, 1, 0, 0, 0, 1, 0, 0, 2, 0, 0, 1, 0, 0, 3, 0, 1, 0, 2, 0, 1, 3, 0, 1, 3, 1, 0, 0, 0, 1, 3, 0, 0, 1, 0, 2, 0, 0, 0, 0, 0, 1, 0, 1, 0, 1, 1, 0, 2, 0, 0, 0, 0, 0, 0, 0, 2, 0, 0, 1, 0, 0, 1, 0, 0, 3, 0, 0, 1, 0, 0, 0, 0, 3, 0, 2, 0, 0, 2, 1, 0, 0, 0, 0, 1, 3, 0],836.569815134707,52504.092339752446,107095.57005228325,false
26,G2_TEC,G2_TEC,[31, 22, 82, 15, 26, 9, 95, 42, 77, 68, 47, 5, 93, 78, 86, 54, 85, 63, 18, 44, 20, 49, 36, 14, 74, 50, 53, 17, 21, 28, 11, 64, 3, 23, 30, 83, 24, 41, 40, 52, 65, 27, 90, 70, 39, 87, 48, 69, 99, 4, 46, 1, 13, 58, 97, 59, 45, 8, 73, 37, 35, 79, 71, 66, 76, 32, 60, 80, 96, 6, 16, 61, 33, 7, 57, 34, 12, 67, 10, 98, 56, 88, 43, 75, 91, 38, 19, 92, 29, 2, 51, 72, 89, 25, 84, 55, 62, 81, 94, 0]|[2, 1, 2, 1, 1, 2, 1, 1, 1, 1, 1, 0, 2, 2, 1, 2, 0, 0, 0, 2, 2, 1, 0, 2, 0, 2, 2, 1, 0, 1, 1, 1, 0, 0, 1, 0, 2, 1, 2, 2, 0, 0, 1, 1, 0, 2, 0, 2, 1, 0, 0, 2, 0, 0, 2, 0, 1, 1, 0, 0, 2, 1, 1, 2, 2, 0, 2, 2, 0, 1, 2, 1, 1, 2, 0, 1, 1, 1, 1, 2, 2, 1, 1, 0, 1, 0, 1, 0, 1, 2, 1, 1, 1, 1, 0, 0, 1, 1, 2, 0]|[0, 3, 0, 3, 4, 1, 4, 4, 2, 4, 3, 2, 1, 0, 2, 1, 1, 1, 2, 1, 1, 3, 0, 1, 0, 1, 1, 4, 1, 4, 3, 2, 2, 0, 4, 1, 1, 4, 1, 1, 2, 1, 4, 4, 1, 1, 0, 2, 3, 2, 2, 1, 2, 1, 1, 2, 4, 3, 0, 2, 2, 3, 3, 0, 1, 2, 1, 1, 2, 4, 1, 3, 4, 1, 2, 4, 3, 3, 3, 1, 1, 4, 4, 2, 3, 2, 4, 2, 3, 1, 3, 4, 4, 4, 2, 2, 3, 4, 1, 2]|[0, 2, 0, 0, 3, 0, 1, 3, 0, 0, 2, 0, 1, 0, 1, 0, 0, 0, 1, 0, 0, 2, 0, 0, 1, 0, 0, 3, 0, 1, 0, 2, 0, 0, 3, 0, 1, 3, 0, 0, 0, 0, 1, 3, 0, 0, 1, 0, 2, 0, 0, 0, 0, 0, 1, 0, 1, 0, 1, 1, 0, 2, 0, 0, 0, 0, 0, 0, 0, 2, 0, 0, 1, 0, 0, 1, 0, 0, 3, 0, 0, 1, 2, 0, 0, 0, 1, 0, 3, 0, 0, 2, 1, 3, 0, 0, 0, 1, 0, 0],884.1935202920454,50179.24430758428,113572.41328703976,false
26,G3_TWC,G2_TEC,[31, 22, 82, 15, 26, 9, 95, 42, 77, 68, 47, 5, 93, 78, 86, 54, 85, 63, 18, 44, 20, 49, 36, 14, 74, 50, 53, 17, 21, 28, 71, 64, 3, 23, 30, 83, 24, 41, 40, 52, 65, 27, 90, 70, 39, 87, 48, 69, 99, 4, 46, 1, 13, 58, 97, 59, 45, 8, 73, 37, 35, 60, 11, 66, 76, 32, 79, 80, 96, 6, 16, 61, 33, 7, 57, 34, 12, 67, 10, 98, 56, 88, 29, 75, 91, 38, 19, 92, 43, 84, 51, 72, 81, 25, 2, 55, 0, 62, 89, 94]|[2, 1, 2, 1, 1, 2, 1, 1, 1, 1, 1, 0, 2, 2, 1, 2, 0, 0, 0, 2, 2, 1, 0, 2, 0, 2, 2, 1, 0, 1, 1, 1, 0, 0, 1, 0, 2, 1, 2, 2, 0, 0, 1, 1, 0, 2, 0, 2, 1, 0, 0, 2, 0, 0, 2, 0, 1, 1, 0, 0, 2, 2, 0, 2, 2, 0, 1, 2, 0, 1, 2, 1, 1, 2, 0, 1, 1, 1, 1, 2, 2, 1, 1, 0, 1, 0, 1, 0, 1, 0, 1, 1, 1, 1, 2, 0, 0, 1, 1, 1]|[0, 3, 0, 3, 4, 1, 4, 4, 2, 4, 3, 2, 1, 0, 2, 1, 1, 1, 2, 1, 1, 3, 0, 1, 0, 1, 1, 4, 1, 4, 3, 2, 2, 0, 4, 1, 1, 4, 0, 1, 2, 1, 4, 4, 1, 1, 0, 2, 3, 1, 2, 1, 2, 1, 1, 2, 4, 3, 0, 2, 2, 0, 1, 0, 1, 2, 3, 1, 2, 4, 1, 3, 4, 1, 2, 4, 3, 3, 3, 1, 1, 4, 3, 2, 3, 2, 4, 2, 4, 2, 3, 4, 1, 4, 1, 2, 2, 3, 4, 4]|[0, 2, 0, 0, 3, 0, 1, 3, 0, 0, 2, 0, 1, 0, 1, 0, 0, 0, 1, 0, 0, 2, 0, 0, 1, 0, 0, 3, 0, 1, 0, 2, 0, 0, 3, 0, 1, 3, 1, 0, 0, 0, 1, 3, 0, 0, 1, 0, 2, 0, 0, 0, 0, 0, 1, 0, 1, 0, 1, 1, 0, 0, 0, 0, 0, 0, 2, 0, 0, 2, 0, 0, 1, 0, 0, 1, 0, 0, 3, 0, 0, 1, 0, 0, 0, 0, 3, 0, 2, 0, 0, 2, 1, 3, 0, 0, 0, 0, 1, 2],892.7401490794913,51281.32958573768,109301.63739857412,true
26,G1_CMAX,G1_CMAX,[31, 22, 82, 15, 26, 58, 95, 42, 77, 12, 47, 5, 93, 78, 86, 54, 85, 63, 18, 44, 20, 35, 43, 97, 91, 76, 10, 30, 21, 45, 71, 64, 1, 23, 17, 83, 24, 14, 60, 36, 6, 57, 40, 88, 65, 56, 79, 94, 67, 68, 46, 75, 38, 9, 19, 32, 81, 41, 27, 62, 87, 90, 99, 59, 11, 16, 72, 73, 70, 39, 37, 84, 3, 92, 25, 55, 28, 29, 51, 7, 33, 61, 98, 48, 89, 50, 8, 96, 4, 53, 80, 66, 34, 49, 69, 0, 74, 52, 2, 13]|[1, 1, 0, 1, 1, 1, 2, 1, 2, 1, 2, 2, 2, 1, 1, 0, 0, 1, 0, 2, 2, 0, 1, 2, 0, 1, 2, 2, 0, 0, 1, 2, 1, 2, 1, 0, 2, 0, 1, 1, 0, 1, 1, 1, 0, 2, 1, 1, 0, 0, 0, 0, 1, 1, 2, 1, 2, 0, 0, 0, 2, 1, 0, 1, 2, 1, 2, 1, 1, 1, 1, 1, 1, 0, 1, 2, 0, 0, 0, 1, 2, 1, 2, 2, 1, 0, 1, 0, 1, 0, 0, 2, 2, 0, 1, 0, 2, 1, 0, 0]|[4, 3, 2, 2, 4, 0, 2, 2, 2, 4, 1, 1, 2, 4, 4, 1, 2, 4, 2, 1, 1, 1, 1, 2, 1, 2, 1, 1, 1, 1, 3, 2, 3, 0, 4, 0, 1, 1, 0, 3, 2, 2, 4, 0, 1, 1, 0, 2, 0, 1, 2, 2, 1, 4, 0, 3, 2, 1, 1, 2, 1, 3, 1, 1, 1, 3, 0, 4, 3, 1, 4, 1, 1, 2, 4, 1, 2, 1, 1, 3, 1, 3, 1, 1, 1, 1, 3, 1, 4, 2, 1, 1, 1, 1, 4, 2, 1, 1, 2, 2]|[0, 2, 1, 1, 3, 3, 0, 1, 0, 0, 0, 0, 1, 0, 1, 0, 0, 3, 1, 0, 0, 0, 3, 1, 0, 2, 0, 0, 0, 1, 0, 0, 0, 0, 3, 0, 1, 0, 0, 2, 1, 1, 2, 0, 0, 0, 0, 1, 1, 0, 0, 0, 1, 3, 0, 0, 1, 0, 0, 1, 0, 2, 0, 1, 0, 2, 1, 0, 0, 1, 1, 3, 1, 1, 3, 0, 1, 0, 0, 2, 0, 0, 0, 0, 1, 0, 2, 0, 0, 1, 0, 0, 0, 1, 2, 0, 0, 1, 0, 0],733.0810611054357,57333.598972040745,93692.95134536352,false
26,G4_BALANCED,G4_BALANCED,[31, 11, 15, 82, 26, 9, 95, 32, 77, 68, 47, 5, 93, 78, 86, 54, 85, 63, 18, 44, 20, 49, 36, 14, 74, 50, 53, 17, 21, 45, 71, 64, 3, 23, 30, 83, 24, 41, 60, 52, 65, 27, 90, 70, 39, 87, 48, 69, 99, 4, 46, 1, 13, 58, 97, 59, 28, 75, 73, 37, 35, 79, 22, 66, 76, 42, 40, 80, 96, 6, 16, 61, 33, 7, 57, 34, 12, 67, 10, 98, 56, 88, 29, 94, 91, 51, 19, 92, 43, 84, 38, 72, 81, 8, 2, 55, 62, 89, 25, 0]|[2, 1, 1, 2, 1, 2, 1, 1, 1, 1, 1, 0, 2, 2, 1, 2, 0, 0, 0, 2, 2, 1, 0, 2, 0, 2, 2, 1, 0, 1, 1, 1, 0, 0, 1, 0, 2, 1, 2, 2, 0, 0, 1, 1, 0, 2, 0, 2, 1, 0, 0, 2, 0, 0, 2, 0, 1, 0, 0, 0, 2, 1, 0, 2, 2, 0, 2, 2, 0, 1, 2, 1, 1, 2, 0, 1, 1, 1, 1, 2, 2, 1, 1, 2, 1, 1, 1, 0, 1, 0, 0, 1, 1, 1, 2, 0, 1, 1, 1, 0]|[1, 3, 2, 0, 4, 1, 4, 4, 2, 4, 3, 2, 1, 0, 2, 1, 1, 1, 2, 1, 1, 3, 0, 1, 0, 1, 1, 4, 1, 4, 3, 2, 2, 0, 4, 1, 1, 4, 0, 1, 2, 1, 4, 4, 1, 1, 0, 2, 3, 1, 2, 1, 2, 1, 1, 2, 4, 2, 0, 2, 2, 3, 1, 0, 1, 2, 0, 1, 2, 4, 1, 3, 4, 1, 2, 4, 3, 3, 3, 1, 1, 4, 3, 1, 3, 3, 4, 2, 4, 2, 2, 4, 1, 3, 1, 2, 3, 4, 4, 2]|[1, 2, 1, 0, 3, 0, 1, 3, 0, 0, 2, 0, 1, 0, 1, 0, 0, 0, 1, 0, 0, 2, 0, 0, 1, 0, 0, 3, 0, 1, 0, 2, 0, 1, 3, 0, 1, 3, 1, 0, 0, 0, 1, 3, 0, 0, 1, 0, 2, 0, 0, 0, 0, 0, 1, 0, 1, 0, 1, 1, 0, 2, 0, 0, 0, 0, 0, 0, 0, 2, 0, 0, 1, 0, 0, 1, 0, 0, 3, 0, 0, 1, 0, 0, 0, 0, 3, 0, 2, 0, 0, 2, 1, 0, 0, 0, 0, 1, 3, 0],836.569815134707,52504.092339752446,107095.57005228325,false
26,G2_TEC,G2_TEC,[31, 22, 82, 15, 26, 9, 95, 42, 77, 68, 47, 5, 93, 78, 86, 54, 85, 63, 18, 44, 20, 49, 36, 14, 74, 50, 53, 17, 21, 28, 11, 64, 3, 23, 30, 83, 24, 41, 40, 52, 65, 27, 90, 70, 39, 87, 48, 69, 99, 4, 46, 1, 13, 58, 97, 59, 45, 8, 73, 37, 35, 79, 71, 66, 76, 32, 60, 80, 96, 6, 16, 61, 33, 7, 57, 34, 12, 67, 10, 98, 56, 88, 43, 75, 91, 38, 19, 92, 29, 2, 51, 72, 89, 25, 84, 55, 62, 81, 94, 0]|[2, 1, 2, 1, 1, 2, 1, 1, 1, 1, 1, 0, 2, 2, 1, 2, 0, 0, 0, 2, 2, 1, 0, 2, 0, 2, 2, 1, 0, 1, 1, 1, 0, 0, 1, 0, 2, 1, 2, 2, 0, 0, 1, 1, 0, 2, 0, 2, 1, 0, 0, 2, 0, 0, 2, 0, 1, 1, 0, 0, 2, 1, 1, 2, 2, 0, 2, 2, 0, 1, 2, 1, 1, 2, 0, 1, 1, 1, 1, 2, 2, 1, 1, 0, 1, 0, 1, 0, 1, 2, 1, 1, 1, 1, 0, 0, 1, 1, 2, 0]|[0, 3, 0, 3, 4, 1, 4, 4, 2, 4, 3, 2, 1, 0, 2, 1, 1, 1, 2, 1, 1, 3, 0, 1, 0, 1, 1, 4, 1, 4, 3, 2, 2, 0, 4, 1, 1, 4, 1, 1, 2, 1, 4, 4, 1, 1, 0, 2, 3, 2, 2, 1, 2, 1, 1, 2, 4, 3, 0, 2, 2, 3, 3, 0, 1, 2, 1, 1, 2, 4, 1, 3, 4, 1, 2, 4, 3, 3, 3, 1, 1, 4, 4, 2, 3, 2, 4, 2, 3, 1, 3, 4, 4, 4, 2, 2, 3, 4, 1, 2]|[0, 2, 0, 0, 3, 0, 1, 3, 0, 0, 2, 0, 1, 0, 1, 0, 0, 0, 1, 0, 0, 2, 0, 0, 1, 0, 0, 3, 0, 1, 0, 2, 0, 0, 3, 0, 1, 3, 0, 0, 0, 0, 1, 3, 0, 0, 1, 0, 2, 0, 0, 0, 0, 0, 1, 0, 1, 0, 1, 1, 0, 2, 0, 0, 0, 0, 0, 0, 0, 2, 0, 0, 1, 0, 0, 1, 0, 0, 3, 0, 0, 1, 2, 0, 0, 0, 1, 0, 3, 0, 0, 2, 1, 3, 0, 0, 0, 1, 0, 0],884.1935202920454,50179.24430758428,113572.41328703976,false
26,G3_TWC,G3_TWC,[31, 22, 82, 15, 26, 58, 95, 42, 77, 12, 47, 5, 93, 78, 98, 54, 85, 63, 18, 44, 20, 35, 43, 97, 91, 76, 10, 30, 21, 45, 71, 64, 1, 23, 17, 83, 24, 14, 60, 36, 6, 57, 94, 88, 65, 56, 79, 40, 67, 68, 46, 75, 38, 9, 19, 32, 81, 41, 27, 62, 87, 90, 99, 59, 11, 16, 72, 73, 70, 39, 37, 84, 3, 92, 25, 55, 28, 29, 51, 7, 33, 61, 86, 66, 89, 50, 48, 96, 53, 8, 80, 4, 34, 49, 52, 0, 13, 69, 2, 74]|[1, 1, 0, 1, 1, 1, 2, 1, 2, 1, 2, 2, 2, 1, 1, 0, 0, 1, 0, 2, 2, 0, 1, 2, 0, 1, 2, 2, 0, 0, 1, 2, 1, 2, 1, 0, 2, 0, 1, 1, 0, 1, 1, 1, 0, 2, 1, 1, 0, 0, 0, 0, 1, 1, 2, 1, 2, 0, 0, 0, 2, 1, 0, 1, 2, 1, 2, 1, 1, 1, 1, 1, 1, 0, 1, 1, 0, 0, 0, 1, 2, 1, 0, 2, 1, 0, 0, 0, 0, 1, 0, 0, 2, 0, 1, 0, 0, 1, 0, 2]|[4, 3, 2, 2, 0, 0, 2, 2, 2, 4, 1, 1, 2, 4, 4, 1, 2, 4, 2, 1, 1, 1, 1, 2, 1, 2, 1, 1, 1, 1, 3, 2, 3, 0, 4, 0, 1, 1, 0, 3, 2, 2, 4, 0, 1, 1, 0, 2, 0, 1, 2, 2, 1, 4, 0, 3, 2, 1, 1, 2, 1, 3, 1, 1, 1, 3, 0, 4, 3, 1, 4, 1, 1, 2, 4, 4, 2, 1, 1, 3, 1, 3, 1, 1, 1, 1, 1, 1, 2, 3, 1, 2, 1, 1, 1, 2, 2, 3, 2, 1]|[0, 2, 1, 1, 3, 3, 0, 1, 0, 0, 0, 0, 1, 0, 1, 0, 0, 3, 1, 0, 0, 0, 3, 1, 0, 2, 0, 0, 0, 1, 0, 0, 0, 0, 3, 0, 1, 0, 0, 2, 1, 1, 2, 0, 0, 0, 0, 1, 1, 0, 0, 0, 1, 3, 0, 0, 1, 0, 0, 1, 0, 2, 0, 1, 0, 2, 1, 0, 0, 1, 1, 3, 1, 1, 3, 3, 1, 0, 0, 2, 0, 0, 0, 0, 1, 0, 0, 0, 1, 2, 0, 1, 0, 1, 1, 0, 0, 0, 0, 0],802.1274951829081,57956.38699448537,89691.2003308727,false
26,G1_CMAX,G1_CMAX,[31, 22, 82, 15, 26, 58, 95, 42, 77, 12, 47, 5, 93, 78, 86, 54, 85, 63, 18, 44, 20, 35, 43, 97, 91, 76, 10, 30, 21, 45, 71, 64, 1, 23, 17, 83, 24, 14, 60, 36, 6, 57, 40, 88, 65, 56, 79, 94, 67, 68, 46, 75, 38, 9, 19, 32, 81, 41, 27, 62, 87, 90, 99, 59, 11, 16, 72, 73, 70, 39, 37, 84, 3, 92, 25, 55, 28, 29, 51, 7, 33, 61, 98, 48, 89, 50, 8, 96, 4, 53, 80, 66, 34, 49, 69, 0, 74, 52, 2, 13]|[1, 1, 0, 1, 1, 1, 2, 1, 2, 1, 2, 2, 2, 1, 1, 0, 0, 1, 0, 2, 2, 0, 1, 2, 0, 1, 2, 2, 0, 0, 1, 2, 1, 2, 1, 0, 2, 0, 1, 1, 0, 1, 1, 1, 0, 2, 1, 1, 0, 0, 0, 0, 1, 1, 2, 1, 2, 0, 0, 0, 2, 1, 0, 1, 2, 1, 2, 1, 1, 1, 1, 1, 1, 0, 1, 2, 0, 0, 0, 1, 2, 1, 2, 2, 1, 0, 1, 0, 1, 0, 0, 2, 2, 0, 1, 0, 2, 1, 0, 0]|[4, 3, 2, 2, 4, 0, 2, 2, 2, 4, 1, 1, 2, 4, 4, 1, 2, 4, 2, 1, 1, 1, 1, 2, 1, 2, 1, 1, 1, 1, 3, 2, 3, 0, 4, 0, 1, 1, 0, 3, 2, 2, 4, 0, 1, 1, 0, 2, 0, 1, 2, 2, 1, 4, 0, 3, 2, 1, 1, 2, 1, 3, 1, 1, 1, 3, 0, 4, 3, 1, 4, 1, 1, 2, 4, 1, 2, 1, 1, 3, 1, 3, 1, 1, 1, 1, 3, 1, 4, 2, 1, 1, 1, 1, 4, 2, 1, 1, 2, 2]|[0, 2, 1, 1, 3, 3, 0, 1, 0, 0, 0, 0, 1, 0, 1, 0, 0, 3, 1, 0, 0, 0, 3, 1, 0, 2, 0, 0, 0, 1, 0, 0, 0, 0, 3, 0, 1, 0, 0, 2, 1, 1, 2, 0, 0, 0, 0, 1, 1, 0, 0, 0, 1, 3, 0, 0, 1, 0, 0, 1, 0, 2, 0, 1, 0, 2, 1, 0, 0, 1, 1, 3, 1, 1, 3, 0, 1, 0, 0, 2, 0, 0, 0, 0, 1, 0, 2, 0, 0, 1, 0, 0, 0, 1, 2, 0, 0, 1, 0, 0],733.0810611054357,57333.598972040745,93692.95134536352,false
26,G4_BALANCED,G4_BALANCED,[31, 11, 15, 82, 26, 9, 95, 32, 77, 68, 47, 5, 93, 78, 86, 54, 85, 63, 18, 44, 20, 49, 36, 14, 74, 50, 53, 17, 21, 45, 71, 64, 3, 23, 30, 83, 24, 41, 60, 52, 65, 27, 90, 70, 39, 87, 48, 69, 99, 4, 46, 1, 13, 58, 97, 59, 28, 75, 73, 37, 35, 79, 22, 66, 76, 42, 40, 80, 96, 6, 16, 61, 33, 7, 57, 34, 12, 67, 10, 98, 56, 88, 29, 94, 91, 51, 19, 92, 43, 84, 38, 72, 81, 8, 2, 55, 62, 89, 25, 0]|[2, 1, 1, 2, 1, 2, 1, 1, 1, 1, 1, 0, 2, 2, 1, 2, 0, 0, 0, 2, 2, 1, 0, 2, 0, 2, 2, 1, 0, 1, 1, 1, 0, 0, 1, 0, 2, 1, 2, 2, 0, 0, 1, 1, 0, 2, 0, 2, 1, 0, 0, 2, 0, 0, 2, 0, 1, 0, 0, 0, 2, 1, 0, 2, 2, 0, 2, 2, 0, 1, 2, 1, 1, 2, 0, 1, 1, 1, 1, 2, 2, 1, 1, 2, 1, 1, 1, 0, 1, 0, 0, 1, 1, 1, 2, 0, 1, 1, 1, 0]|[1, 3, 2, 0, 4, 1, 4, 4, 2, 4, 3, 2, 1, 0, 2, 1, 1, 1, 2, 1, 1, 3, 0, 1, 0, 1, 1, 4, 1, 4, 3, 2, 2, 0, 4, 1, 1, 4, 0, 1, 2, 1, 4, 4, 1, 1, 0, 2, 3, 1, 2, 1, 2, 1, 1, 2, 4, 2, 0, 2, 2, 3, 1, 0, 1, 2, 0, 1, 2, 4, 1, 3, 4, 1, 2, 4, 3, 3, 3, 1, 1, 4, 3, 1, 3, 3, 4, 2, 4, 2, 2, 4, 1, 3, 1, 2, 3, 4, 4, 2]|[1, 2, 1, 0, 3, 0, 1, 3, 0, 0, 2, 0, 1, 0, 1, 0, 0, 0, 1, 0, 0, 2, 0, 0, 1, 0, 0, 3, 0, 1, 0, 2, 0, 1, 3, 0, 1, 3, 1, 0, 0, 0, 1, 3, 0, 0, 1, 0, 2, 0, 0, 0, 0, 0, 1, 0, 1, 0, 1, 1, 0, 2, 0, 0, 0, 0, 0, 0, 0, 2, 0, 0, 1, 0, 0, 1, 0, 0, 3, 0, 0, 1, 0, 0, 0, 0, 3, 0, 2, 0, 0, 2, 1, 0, 0, 0, 0, 1, 3, 0],836.569815134707,52504.092339752446,107095.57005228325,false
26,G2_TEC,G2_TEC,[31, 22, 82, 15, 26, 9, 95, 42, 77, 68, 47, 5, 93, 78, 86, 54, 85, 63, 18, 44, 20, 49, 36, 14, 74, 50, 53, 17, 21, 28, 11, 64, 3, 23, 30, 83, 24, 41, 40, 52, 65, 27, 90, 70, 39, 87, 48, 69, 99, 4, 46, 1, 13, 58, 97, 59, 45, 8, 73, 37, 35, 79, 71, 66, 76, 32, 60, 80, 96, 6, 16, 61, 33, 7, 57, 34, 12, 67, 10, 98, 56, 88, 43, 75, 91, 38, 19, 92, 29, 2, 51, 72, 89, 25, 84, 55, 62, 81, 94, 0]|[2, 1, 2, 1, 1, 2, 1, 1, 1, 1, 1, 0, 2, 2, 1, 2, 0, 0, 0, 2, 2, 1, 0, 2, 0, 2, 2, 1, 0, 1, 1, 1, 0, 0, 1, 0, 2, 1, 2, 2, 0, 0, 1, 1, 0, 2, 0, 2, 1, 0, 0, 2, 0, 0, 2, 0, 1, 1, 0, 0, 2, 1, 1, 2, 2, 0, 2, 2, 0, 1, 2, 1, 1, 2, 0, 1, 1, 1, 1, 2, 2, 1, 1, 0, 1, 0, 1, 0, 1, 2, 1, 1, 1, 1, 0, 0, 1, 1, 2, 0]|[0, 3, 0, 3, 4, 1, 4, 4, 2, 4, 3, 2, 1, 0, 2, 1, 1, 1, 2, 1, 1, 3, 0, 1, 0, 1, 1, 4, 1, 4, 3, 2, 2, 0, 4, 1, 1, 4, 1, 1, 2, 1, 4, 4, 1, 1, 0, 2, 3, 2, 2, 1, 2, 1, 1, 2, 4, 3, 0, 2, 2, 3, 3, 0, 1, 2, 1, 1, 2, 4, 1, 3, 4, 1, 2, 4, 3, 3, 3, 1, 1, 4, 4, 2, 3, 2, 4, 2, 3, 1, 3, 4, 4, 4, 2, 2, 3, 4, 1, 2]|[0, 2, 0, 0, 3, 0, 1, 3, 0, 0, 2, 0, 1, 0, 1, 0, 0, 0, 1, 0, 0, 2, 0, 0, 1, 0, 0, 3, 0, 1, 0, 2, 0, 0, 3, 0, 1, 3, 0, 0, 0, 0, 1, 3, 0, 0, 1, 0, 2, 0, 0, 0, 0, 0, 1, 0, 1, 0, 1, 1, 0, 2, 0, 0, 0, 0, 0, 0, 0, 2, 0, 0, 1, 0, 0, 1, 0, 0, 3, 0, 0, 1, 2, 0, 0, 0, 1, 0, 3, 0, 0, 2, 1, 3, 0, 0, 0, 1, 0, 0],884.1935202920454,50179.24430758428,113572.41328703976,false
26,G3_TWC,G3_TWC,[31, 22, 82, 15, 26, 58, 95, 42, 77, 12, 47, 5, 93, 78, 98, 54, 85, 63, 18, 44, 20, 35, 43, 97, 91, 76, 10, 30, 21, 45, 71, 64, 1, 23, 17, 83, 24, 14, 60, 36, 6, 57, 94, 88, 65, 56, 79, 40, 67, 68, 46, 75, 38, 9, 19, 32, 81, 41, 27, 62, 87, 90, 99, 59, 11, 16, 72, 73, 70, 39, 37, 84, 3, 92, 25, 55, 28, 29, 51, 7, 33, 61, 86, 66, 89, 50, 48, 96, 53, 8, 80, 4, 34, 49, 52, 0, 13, 69, 2, 74]|[1, 1, 0, 1, 1, 1, 2, 1, 2, 1, 2, 2, 2, 1, 1, 0, 0, 1, 0, 2, 2, 0, 1, 2, 0, 1, 2, 2, 0, 0, 1, 2, 1, 2, 1, 0, 2, 0, 1, 1, 0, 1, 1, 1, 0, 2, 1, 1, 0, 0, 0, 0, 1, 1, 2, 1, 2, 0, 0, 0, 2, 1, 0, 1, 2, 1, 2, 1, 1, 1, 1, 1, 1, 0, 1, 1, 0, 0, 0, 1, 2, 1, 0, 2, 1, 0, 0, 0, 0, 1, 0, 0, 2, 0, 1, 0, 0, 1, 0, 2]|[4, 3, 2, 2, 0, 0, 2, 2, 2, 4, 1, 1, 2, 4, 4, 1, 2, 4, 2, 1, 1, 1, 1, 2, 1, 2, 1, 1, 1, 1, 3, 2, 3, 0, 4, 0, 1, 1, 0, 3, 2, 2, 4, 0, 1, 1, 0, 2, 0, 1, 2, 2, 1, 4, 0, 3, 2, 1, 1, 2, 1, 3, 1, 1, 1, 3, 0, 4, 3, 1, 4, 1, 1, 2, 4, 4, 2, 1, 1, 3, 1, 3, 1, 1, 1, 1, 1, 1, 2, 3, 1, 2, 1, 1, 1, 2, 2, 3, 2, 1]|[0, 2, 1, 1, 3, 3, 0, 1, 0, 0, 0, 0, 1, 0, 1, 0, 0, 3, 1, 0, 0, 0, 3, 1, 0, 2, 0, 0, 0, 1, 0, 0, 0, 0, 3, 0, 1, 0, 0, 2, 1, 1, 2, 0, 0, 0, 0, 1, 1, 0, 0, 0, 1, 3, 0, 0, 1, 0, 0, 1, 0, 2, 0, 1, 0, 2, 1, 0, 0, 1, 1, 3, 1, 1, 3, 3, 1, 0, 0, 2, 0, 0, 0, 0, 1, 0, 0, 0, 1, 2, 0, 1, 0, 1, 1, 0, 0, 0, 0, 0],802.1274951829081,57956.38699448537,89691.2003308727,false
26,G1_CMAX,G1_CMAX,[31, 22, 82, 15, 26, 58, 95, 42, 77, 12, 47, 5, 93, 78, 86, 54, 85, 63, 18, 44, 20, 35, 43, 97, 91, 76, 10, 30, 21, 45, 71, 64, 1, 23, 17, 83, 24, 14, 60, 36, 6, 57, 40, 88, 65, 56, 79, 94, 67, 68, 46, 75, 38, 9, 19, 32, 81, 41, 27, 62, 87, 90, 99, 59, 11, 16, 72, 73, 70, 39, 37, 84, 3, 92, 25, 55, 28, 29, 51, 7, 33, 61, 98, 48, 89, 50, 8, 96, 4, 53, 80, 66, 34, 49, 69, 0, 74, 52, 2, 13]|[1, 1, 0, 1, 1, 1, 2, 1, 2, 1, 2, 2, 2, 1, 1, 0, 0, 1, 0, 2, 2, 0, 1, 2, 0, 1, 2, 2, 0, 0, 1, 2, 1, 2, 1, 0, 2, 0, 1, 1, 0, 1, 1, 1, 0, 2, 1, 1, 0, 0, 0, 0, 1, 1, 2, 1, 2, 0, 0, 0, 2, 1, 0, 1, 2, 1, 2, 1, 1, 1, 1, 1, 1, 0, 1, 2, 0, 0, 0, 1, 2, 1, 2, 2, 1, 0, 1, 0, 1, 0, 0, 2, 2, 0, 1, 0, 2, 1, 0, 0]|[4, 3, 2, 2, 4, 0, 2, 2, 2, 4, 1, 1, 2, 4, 4, 1, 2, 4, 2, 1, 1, 1, 1, 2, 1, 2, 1, 1, 1, 1, 3, 2, 3, 0, 4, 0, 1, 1, 0, 3, 2, 2, 4, 0, 1, 1, 0, 2, 0, 1, 2, 2, 1, 4, 0, 3, 2, 1, 1, 2, 1, 3, 1, 1, 1, 3, 0, 4, 3, 1, 4, 1, 1, 2, 4, 1, 2, 1, 1, 3, 1, 3, 1, 1, 1, 1, 3, 1, 4, 2, 1, 1, 1, 1, 4, 2, 1, 1, 2, 2]|[0, 2, 1, 1, 3, 3, 0, 1, 0, 0, 0, 0, 1, 0, 1, 0, 0, 3, 1, 0, 0, 0, 3, 1, 0, 2, 0, 0, 0, 1, 0, 0, 0, 0, 3, 0, 1, 0, 0, 2, 1, 1, 2, 0, 0, 0, 0, 1, 1, 0, 0, 0, 1, 3, 0, 0, 1, 0, 0, 1, 0, 2, 0, 1, 0, 2, 1, 0, 0, 1, 1, 3, 1, 1, 3, 0, 1, 0, 0, 2, 0, 0, 0, 0, 1, 0, 2, 0, 0, 1, 0, 0, 0, 1, 2, 0, 0, 1, 0, 0],733.0810611054357,57333.598972040745,93692.95134536352,false
26,G4_BALANCED,G4_BALANCED,[31, 11, 15, 82, 26, 9, 95, 32, 77, 68, 47, 5, 93, 78, 86, 54, 85, 63, 18, 44, 20, 49, 36, 14, 74, 50, 53, 17, 21, 45, 71, 64, 3, 23, 30, 83, 24, 41, 60, 52, 65, 27, 90, 70, 39, 87, 48, 69, 99, 4, 46, 1, 13, 58, 97, 59, 28, 75, 73, 37, 35, 79, 22, 66, 76, 42, 40, 80, 96, 6, 16, 61, 33, 7, 57, 34, 12, 67, 10, 98, 56, 88, 29, 94, 91, 51, 19, 92, 43, 84, 38, 72, 81, 8, 2, 55, 62, 89, 25, 0]|[2, 1, 1, 2, 1, 2, 1, 1, 1, 1, 1, 0, 2, 2, 1, 2, 0, 0, 0, 2, 2, 1, 0, 2, 0, 2, 2, 1, 0, 1, 1, 1, 0, 0, 1, 0, 2, 1, 2, 2, 0, 0, 1, 1, 0, 2, 0, 2, 1, 0, 0, 2, 0, 0, 2, 0, 1, 0, 0, 0, 2, 1, 0, 2, 2, 0, 2, 2, 0, 1, 2, 1, 1, 2, 0, 1, 1, 1, 1, 2, 2, 1, 1, 2, 1, 1, 1, 0, 1, 0, 0, 1, 1, 1, 2, 0, 1, 1, 1, 0]|[1, 3, 2, 0, 4, 1, 4, 4, 2, 4, 3, 2, 1, 0, 2, 1, 1, 1, 2, 1, 1, 3, 0, 1, 0, 1, 1, 4, 1, 4, 3, 2, 2, 0, 4, 1, 1, 4, 0, 1, 2, 1, 4, 4, 1, 1, 0, 2, 3, 1, 2, 1, 2, 1, 1, 2, 4, 2, 0, 2, 2, 3, 1, 0, 1, 2, 0, 1, 2, 4, 1, 3, 4, 1, 2, 4, 3, 3, 3, 1, 1, 4, 3, 1, 3, 3, 4, 2, 4, 2, 2, 4, 1, 3, 1, 2, 3, 4, 4, 2]|[1, 2, 1, 0, 3, 0, 1, 3, 0, 0, 2, 0, 1, 0, 1, 0, 0, 0, 1, 0, 0, 2, 0, 0, 1, 0, 0, 3, 0, 1, 0, 2, 0, 1, 3, 0, 1, 3, 1, 0, 0, 0, 1, 3, 0, 0, 1, 0, 2, 0, 0, 0, 0, 0, 1, 0, 1, 0, 1, 1, 0, 2, 0, 0, 0, 0, 0, 0, 0, 2, 0, 0, 1, 0, 0, 1, 0, 0, 3, 0, 0, 1, 0, 0, 0, 0, 3, 0, 2, 0, 0, 2, 1, 0, 0, 0, 0, 1, 3, 0],836.569815134707,52504.092339752446,107095.57005228325,false
26,G2_TEC,G2_TEC,[31, 22, 82, 15, 26, 9, 95, 42, 77, 68, 47, 5, 93, 78, 86, 54, 85, 63, 18, 44, 20, 49, 36, 14, 74, 50, 53, 17, 21, 28, 11, 64, 3, 23, 30, 83, 24, 41, 40, 52, 65, 27, 90, 70, 39, 87, 48, 69, 99, 4, 46, 1, 13, 58, 97, 59, 45, 8, 73, 37, 35, 79, 71, 66, 76, 32, 60, 80, 96, 6, 16, 61, 33, 7, 57, 34, 12, 67, 10, 98, 56, 88, 43, 75, 91, 38, 19, 92, 29, 2, 51, 72, 89, 25, 84, 55, 62, 81, 94, 0]|[2, 1, 2, 1, 1, 2, 1, 1, 1, 1, 1, 0, 2, 2, 1, 2, 0, 0, 0, 2, 2, 1, 0, 2, 0, 2, 2, 1, 0, 1, 1, 1, 0, 0, 1, 0, 2, 1, 2, 2, 0, 0, 1, 1, 0, 2, 0, 2, 1, 0, 0, 2, 0, 0, 2, 0, 1, 1, 0, 0, 2, 1, 1, 2, 2, 0, 2, 2, 0, 1, 2, 1, 1, 2, 0, 1, 1, 1, 1, 2, 2, 1, 1, 0, 1, 0, 1, 0, 1, 2, 1, 1, 1, 1, 0, 0, 1, 1, 2, 0]|[0, 3, 0, 3, 4, 1, 4, 4, 2, 4, 3, 2, 1, 0, 2, 1, 1, 1, 2, 1, 1, 3, 0, 1, 0, 1, 1, 4, 1, 4, 3, 2, 2, 0, 4, 1, 1, 4, 1, 1, 2, 1, 4, 4, 1, 1, 0, 2, 3, 2, 2, 1, 2, 1, 1, 2, 4, 3, 0, 2, 2, 3, 3, 0, 1, 2, 1, 1, 2, 4, 1, 3, 4, 1, 2, 4, 3, 3, 3, 1, 1, 4, 4, 2, 3, 2, 4, 2, 3, 1, 3, 4, 4, 4, 2, 2, 3, 4, 1, 2]|[0, 2, 0, 0, 3, 0, 1, 3, 0, 0, 2, 0, 1, 0, 1, 0, 0, 0, 1, 0, 0, 2, 0, 0, 1, 0, 0, 3, 0, 1, 0, 2, 0, 0, 3, 0, 1, 3, 0, 0, 0, 0, 1, 3, 0, 0, 1, 0, 2, 0, 0, 0, 0, 0, 1, 0, 1, 0, 1, 1, 0, 2, 0, 0, 0, 0, 0, 0, 0, 2, 0, 0, 1, 0, 0, 1, 0, 0, 3, 0, 0, 1, 2, 0, 0, 0, 1, 0, 3, 0, 0, 2, 1, 3, 0, 0, 0, 1, 0, 0],884.1935202920454,50179.24430758428,113572.41328703976,false
26,G3_TWC,G3_TWC,[31, 22, 82, 15, 26, 58, 95, 42, 77, 12, 47, 5, 93, 78, 98, 54, 85, 63, 18, 44, 20, 35, 43, 97, 91, 76, 10, 30, 21, 45, 71, 64, 1, 23, 17, 83, 24, 14, 60, 36, 6, 57, 94, 88, 65, 56, 79, 40, 67, 68, 46, 75, 38, 9, 19, 32, 81, 41, 27, 62, 87, 90, 99, 59, 11, 16, 72, 73, 70, 39, 37, 84, 3, 92, 25, 55, 28, 29, 51, 7, 33, 61, 86, 66, 89, 50, 48, 96, 53, 8, 80, 4, 34, 49, 52, 0, 13, 69, 2, 74]|[1, 1, 0, 1, 1, 1, 2, 1, 2, 1, 2, 2, 2, 1, 1, 0, 0, 1, 0, 2, 2, 0, 1, 2, 0, 1, 2, 2, 0, 0, 1, 2, 1, 2, 1, 0, 2, 0, 1, 1, 0, 1, 1, 1, 0, 2, 1, 1, 0, 0, 0, 0, 1, 1, 2, 1, 2, 0, 0, 0, 2, 1, 0, 1, 2, 1, 2, 1, 1, 1, 1, 1, 1, 0, 1, 1, 0, 0, 0, 1, 2, 1, 0, 2, 1, 0, 0, 0, 0, 1, 0, 0, 2, 0, 1, 0, 0, 1, 0, 2]|[4, 3, 2, 2, 0, 0, 2, 2, 2, 4, 1, 1, 2, 4, 4, 1, 2, 4, 2, 1, 1, 1, 1, 2, 1, 2, 1, 1, 1, 1, 3, 2, 3, 0, 4, 0, 1, 1, 0, 3, 2, 2, 4, 0, 1, 1, 0, 2, 0, 1, 2, 2, 1, 4, 0, 3, 2, 1, 1, 2, 1, 3, 1, 1, 1, 3, 0, 4, 3, 1, 4, 1, 1, 2, 4, 4, 2, 1, 1, 3, 1, 3, 1, 1, 1, 1, 1, 1, 2, 3, 1, 2, 1, 1, 1, 2, 2, 3, 2, 1]|[0, 2, 1, 1, 3, 3, 0, 1, 0, 0, 0, 0, 1, 0, 1, 0, 0, 3, 1, 0, 0, 0, 3, 1, 0, 2, 0, 0, 0, 1, 0, 0, 0, 0, 3, 0, 1, 0, 0, 2, 1, 1, 2, 0, 0, 0, 0, 1, 1, 0, 0, 0, 1, 3, 0, 0, 1, 0, 0, 1, 0, 2, 0, 1, 0, 2, 1, 0, 0, 1, 1, 3, 1, 1, 3, 3, 1, 0, 0, 2, 0, 0, 0, 0, 1, 0, 0, 0, 1, 2, 0, 1, 0, 1, 1, 0, 0, 0, 0, 0],802.1274951829081,57956.38699448537,89691.2003308727,false
26,G1_CMAX,G1_CMAX,[31, 22, 82, 15, 26, 58, 95, 42, 77, 12, 47, 5, 93, 78, 86, 54, 85, 63, 18, 44, 20, 35, 43, 97, 91, 76, 10, 30, 21, 45, 71, 64, 1, 23, 17, 83, 24, 14, 60, 36, 6, 57, 40, 88, 65, 56, 79, 94, 67, 68, 46, 75, 38, 9, 19, 32, 81, 41, 27, 62, 87, 90, 99, 59, 11, 16, 72, 73, 70, 39, 37, 84, 3, 92, 25, 55, 28, 29, 51, 7, 33, 61, 98, 48, 89, 50, 8, 96, 4, 53, 80, 66, 34, 49, 69, 0, 74, 52, 2, 13]|[1, 1, 0, 1, 1, 1, 2, 1, 2, 1, 2, 2, 2, 1, 1, 0, 0, 1, 0, 2, 2, 0, 1, 2, 0, 1, 2, 2, 0, 0, 1, 2, 1, 2, 1, 0, 2, 0, 1, 1, 0, 1, 1, 1, 0, 2, 1, 1, 0, 0, 0, 0, 1, 1, 2, 1, 2, 0, 0, 0, 2, 1, 0, 1, 2, 1, 2, 1, 1, 1, 1, 1, 1, 0, 1, 2, 0, 0, 0, 1, 2, 1, 2, 2, 1, 0, 1, 0, 1, 0, 0, 2, 2, 0, 1, 0, 2, 1, 0, 0]|[4, 3, 2, 2, 4, 0, 2, 2, 2, 4, 1, 1, 2, 4, 4, 1, 2, 4, 2, 1, 1, 1, 1, 2, 1, 2, 1, 1, 1, 1, 3, 2, 3, 0, 4, 0, 1, 1, 0, 3, 2, 2, 4, 0, 1, 1, 0, 2, 0, 1, 2, 2, 1, 4, 0, 3, 2, 1, 1, 2, 1, 3, 1, 1, 1, 3, 0, 4, 3, 1, 4, 1, 1, 2, 4, 1, 2, 1, 1, 3, 1, 3, 1, 1, 1, 1, 3, 1, 4, 2, 1, 1, 1, 1, 4, 2, 1, 1, 2, 2]|[0, 2, 1, 1, 3, 3, 0, 1, 0, 0, 0, 0, 1, 0, 1, 0, 0, 3, 1, 0, 0, 0, 3, 1, 0, 2, 0, 0, 0, 1, 0, 0, 0, 0, 3, 0, 1, 0, 0, 2, 1, 1, 2, 0, 0, 0, 0, 1, 1, 0, 0, 0, 1, 3, 0, 0, 1, 0, 0, 1, 0, 2, 0, 1, 0, 2, 1, 0, 0, 1, 1, 3, 1, 1, 3, 0, 1, 0, 0, 2, 0, 0, 0, 0, 1, 0, 2, 0, 0, 1, 0, 0, 0, 1, 2, 0, 0, 1, 0, 0],733.0810611054357,57333.598972040745,93692.95134536352,false
26,G4_BALANCED,G4_BALANCED,[31, 11, 15, 82, 26, 9, 95, 32, 77, 68, 47, 5, 93, 78, 86, 54, 85, 63, 18, 44, 20, 49, 36, 14, 74, 50, 53, 17, 21, 45, 71, 64, 3, 23, 30, 83, 24, 41, 60, 52, 65, 27, 90, 70, 39, 87, 48, 69, 99, 4, 46, 1, 13, 58, 97, 59, 28, 75, 73, 37, 35, 79, 22, 66, 76, 42, 40, 80, 96, 6, 16, 61, 33, 7, 57, 34, 12, 67, 10, 98, 56, 88, 29, 94, 91, 51, 19, 92, 43, 84, 38, 72, 81, 8, 2, 55, 62, 89, 25, 0]|[2, 1, 1, 2, 1, 2, 1, 1, 1, 1, 1, 0, 2, 2, 1, 2, 0, 0, 0, 2, 2, 1, 0, 2, 0, 2, 2, 1, 0, 1, 1, 1, 0, 0, 1, 0, 2, 1, 2, 2, 0, 0, 1, 1, 0, 2, 0, 2, 1, 0, 0, 2, 0, 0, 2, 0, 1, 0, 0, 0, 2, 1, 0, 2, 2, 0, 2, 2, 0, 1, 2, 1, 1, 2, 0, 1, 1, 1, 1, 2, 2, 1, 1, 2, 1, 1, 1, 0, 1, 0, 0, 1, 1, 1, 2, 0, 1, 1, 1, 0]|[1, 3, 2, 0, 4, 1, 4, 4, 2, 4, 3, 2, 1, 0, 2, 1, 1, 1, 2, 1, 1, 3, 0, 1, 0, 1, 1, 4, 1, 4, 3, 2, 2, 0, 4, 1, 1, 4, 0, 1, 2, 1, 4, 4, 1, 1, 0, 2, 3, 1, 2, 1, 2, 1, 1, 2, 4, 2, 0, 2, 2, 3, 1, 0, 1, 2, 0, 1, 2, 4, 1, 3, 4, 1, 2, 4, 3, 3, 3, 1, 1, 4, 3, 1, 3, 3, 4, 2, 4, 2, 2, 4, 1, 3, 1, 2, 3, 4, 4, 2]|[1, 2, 1, 0, 3, 0, 1, 3, 0, 0, 2, 0, 1, 0, 1, 0, 0, 0, 1, 0, 0, 2, 0, 0, 1, 0, 0, 3, 0, 1, 0, 2, 0, 1, 3, 0, 1, 3, 1, 0, 0, 0, 1, 3, 0, 0, 1, 0, 2, 0, 0, 0, 0, 0, 1, 0, 1, 0, 1, 1, 0, 2, 0, 0, 0, 0, 0, 0, 0, 2, 0, 0, 1, 0, 0, 1, 0, 0, 3, 0, 0, 1, 0, 0, 0, 0, 3, 0, 2, 0, 0, 2, 1, 0, 0, 0, 0, 1, 3, 0],836.569815134707,52504.092339752446,107095.57005228325,false
26,G2_TEC,G2_TEC,[31, 22, 82, 15, 26, 9, 95, 42, 77, 68, 47, 5, 93, 78, 86, 54, 85, 63, 18, 44, 20, 49, 36, 14, 74, 50, 53, 17, 21, 28, 11, 64, 3, 23, 30, 83, 24, 41, 40, 52, 65, 27, 90, 70, 39, 87, 48, 69, 99, 4, 46, 1, 13, 58, 97, 59, 45, 8, 73, 37, 35, 79, 71, 66, 76, 32, 60, 80, 96, 6, 16, 61, 33, 7, 57, 34, 12, 67, 10, 98, 56, 88, 43, 75, 91, 38, 19, 92, 29, 2, 51, 72, 89, 25, 84, 55, 62, 81, 94, 0]|[2, 1, 2, 1, 1, 2, 1, 1, 1, 1, 1, 0, 2, 2, 1, 2, 0, 0, 0, 2, 2, 1, 0, 2, 0, 2, 2, 1, 0, 1, 1, 1, 0, 0, 1, 0, 2, 1, 2, 2, 0, 0, 1, 1, 0, 2, 0, 2, 1, 0, 0, 2, 0, 0, 2, 0, 1, 1, 0, 0, 2, 1, 1, 2, 2, 0, 2, 2, 0, 1, 2, 1, 1, 2, 0, 1, 1, 1, 1, 2, 2, 1, 1, 0, 1, 0, 1, 0, 1, 2, 1, 1, 1, 1, 0, 0, 1, 1, 2, 0]|[0, 3, 0, 3, 4, 1, 4, 4, 2, 4, 3, 2, 1, 0, 2, 1, 1, 1, 2, 1, 1, 3, 0, 1, 0, 1, 1, 4, 1, 4, 3, 2, 2, 0, 4, 1, 1, 4, 1, 1, 2, 1, 4, 4, 1, 1, 0, 2, 3, 2, 2, 1, 2, 1, 1, 2, 4, 3, 0, 2, 2, 3, 3, 0, 1, 2, 1, 1, 2, 4, 1, 3, 4, 1, 2, 4, 3, 3, 3, 1, 1, 4, 4, 2, 3, 2, 4, 2, 3, 1, 3, 4, 4, 4, 2, 2, 3, 4, 1, 2]|[0, 2, 0, 0, 3, 0, 1, 3, 0, 0, 2, 0, 1, 0, 1, 0, 0, 0, 1, 0, 0, 2, 0, 0, 1, 0, 0, 3, 0, 1, 0, 2, 0, 0, 3, 0, 1, 3, 0, 0, 0, 0, 1, 3, 0, 0, 1, 0, 2, 0, 0, 0, 0, 0, 1, 0, 1, 0, 1, 1, 0, 2, 0, 0, 0, 0, 0, 0, 0, 2, 0, 0, 1, 0, 0, 1, 0, 0, 3, 0, 0, 1, 2, 0, 0, 0, 1, 0, 3, 0, 0, 2, 1, 3, 0, 0, 0, 1, 0, 0],884.1935202920454,50179.24430758428,113572.41328703976,false
26,G3_TWC,G3_TWC,[31, 22, 82, 15, 26, 58, 95, 42, 77, 12, 47, 5, 93, 78, 98, 54, 85, 63, 18, 44, 20, 35, 43, 97, 91, 76, 10, 30, 21, 45, 71, 64, 1, 23, 17, 83, 24, 14, 60, 36, 6, 57, 94, 88, 65, 56, 79, 40, 67, 68, 46, 75, 38, 9, 19, 32, 81, 41, 27, 62, 87, 90, 99, 59, 11, 16, 72, 73, 70, 39, 37, 84, 3, 92, 25, 55, 28, 29, 51, 7, 33, 61, 86, 66, 89, 50, 48, 96, 53, 8, 80, 4, 34, 49, 52, 0, 13, 69, 2, 74]|[1, 1, 0, 1, 1, 1, 2, 1, 2, 1, 2, 2, 2, 1, 1, 0, 0, 1, 0, 2, 2, 0, 1, 2, 0, 1, 2, 2, 0, 0, 1, 2, 1, 2, 1, 0, 2, 0, 1, 1, 0, 1, 1, 1, 0, 2, 1, 1, 0, 0, 0, 0, 1, 1, 2, 1, 2, 0, 0, 0, 2, 1, 0, 1, 2, 1, 2, 1, 1, 1, 1, 1, 1, 0, 1, 1, 0, 0, 0, 1, 2, 1, 0, 2, 1, 0, 0, 0, 0, 1, 0, 0, 2, 0, 1, 0, 0, 1, 0, 2]|[4, 3, 2, 2, 0, 0, 2, 2, 2, 4, 1, 1, 2, 4, 4, 1, 2, 4, 2, 1, 1, 1, 1, 2, 1, 2, 1, 1, 1, 1, 3, 2, 3, 0, 4, 0, 1, 1, 0, 3, 2, 2, 4, 0, 1, 1, 0, 2, 0, 1, 2, 2, 1, 4, 0, 3, 2, 1, 1, 2, 1, 3, 1, 1, 1, 3, 0, 4, 3, 1, 4, 1, 1, 2, 4, 4, 2, 1, 1, 3, 1, 3, 1, 1, 1, 1, 1, 1, 2, 3, 1, 2, 1, 1, 1, 2, 2, 3, 2, 1]|[0, 2, 1, 1, 3, 3, 0, 1, 0, 0, 0, 0, 1, 0, 1, 0, 0, 3, 1, 0, 0, 0, 3, 1, 0, 2, 0, 0, 0, 1, 0, 0, 0, 0, 3, 0, 1, 0, 0, 2, 1, 1, 2, 0, 0, 0, 0, 1, 1, 0, 0, 0, 1, 3, 0, 0, 1, 0, 0, 1, 0, 2, 0, 1, 0, 2, 1, 0, 0, 1, 1, 3, 1, 1, 3, 3, 1, 0, 0, 2, 0, 0, 0, 0, 1, 0, 0, 0, 1, 2, 0, 1, 0, 1, 1, 0, 0, 0, 0, 0],802.1274951829081,57956.38699448537,89691.2003308727,false
26,G1_CMAX,G1_CMAX,[31, 22, 82, 15, 26, 58, 95, 42, 77, 12, 47, 5, 93, 78, 86, 54, 85, 63, 18, 44, 20, 35, 43, 97, 91, 76, 10, 30, 21, 45, 71, 64, 1, 23, 17, 83, 24, 14, 60, 36, 6, 57, 40, 88, 65, 56, 79, 94, 67, 68, 46, 75, 38, 9, 19, 32, 81, 41, 27, 62, 87, 90, 99, 59, 11, 16, 72, 73, 70, 39, 37, 84, 3, 92, 25, 55, 28, 29, 51, 7, 33, 61, 98, 48, 89, 50, 8, 96, 4, 53, 80, 66, 34, 49, 69, 0, 74, 52, 2, 13]|[1, 1, 0, 1, 1, 1, 2, 1, 2, 1, 2, 2, 2, 1, 1, 0, 0, 1, 0, 2, 2, 0, 1, 2, 0, 1, 2, 2, 0, 0, 1, 2, 1, 2, 1, 0, 2, 0, 1, 1, 0, 1, 1, 1, 0, 2, 1, 1, 0, 0, 0, 0, 1, 1, 2, 1, 2, 0, 0, 0, 2, 1, 0, 1, 2, 1, 2, 1, 1, 1, 1, 1, 1, 0, 1, 2, 0, 0, 0, 1, 2, 1, 2, 2, 1, 0, 1, 0, 1, 0, 0, 2, 2, 0, 1, 0, 2, 1, 0, 0]|[4, 3, 2, 2, 4, 0, 2, 2, 2, 4, 1, 1, 2, 4, 4, 1, 2, 4, 2, 1, 1, 1, 1, 2, 1, 2, 1, 1, 1, 1, 3, 2, 3, 0, 4, 0, 1, 1, 0, 3, 2, 2, 4, 0, 1, 1, 0, 2, 0, 1, 2, 2, 1, 4, 0, 3, 2, 1, 1, 2, 1, 3, 1, 1, 1, 3, 0, 4, 3, 1, 4, 1, 1, 2, 4, 1, 2, 1, 1, 3, 1, 3, 1, 1, 1, 1, 3, 1, 4, 2, 1, 1, 1, 1, 4, 2, 1, 1, 2, 2]|[0, 2, 1, 1, 3, 3, 0, 1, 0, 0, 0, 0, 1, 0, 1, 0, 0, 3, 1, 0, 0, 0, 3, 1, 0, 2, 0, 0, 0, 1, 0, 0, 0, 0, 3, 0, 1, 0, 0, 2, 1, 1, 2, 0, 0, 0, 0, 1, 1, 0, 0, 0, 1, 3, 0, 0, 1, 0, 0, 1, 0, 2, 0, 1, 0, 2, 1, 0, 0, 1, 1, 3, 1, 1, 3, 0, 1, 0, 0, 2, 0, 0, 0, 0, 1, 0, 2, 0, 0, 1, 0, 0, 0, 1, 2, 0, 0, 1, 0, 0],733.0810611054357,57333.598972040745,93692.95134536352,false
26,G4_BALANCED,G4_BALANCED,[31, 11, 15, 82, 26, 9, 95, 32, 77, 68, 47, 5, 93, 78, 86, 54, 85, 63, 18, 44, 20, 49, 36, 14, 74, 50, 53, 17, 21, 45, 71, 64, 3, 23, 30, 83, 24, 41, 60, 52, 65, 27, 90, 70, 39, 87, 48, 69, 99, 4, 46, 1, 13, 58, 97, 59, 28, 75, 73, 37, 35, 79, 22, 66, 76, 42, 40, 80, 96, 6, 16, 61, 33, 7, 57, 34, 12, 67, 10, 98, 56, 88, 29, 94, 91, 51, 19, 92, 43, 84, 38, 72, 81, 8, 2, 55, 62, 89, 25, 0]|[2, 1, 1, 2, 1, 2, 1, 1, 1, 1, 1, 0, 2, 2, 1, 2, 0, 0, 0, 2, 2, 1, 0, 2, 0, 2, 2, 1, 0, 1, 1, 1, 0, 0, 1, 0, 2, 1, 2, 2, 0, 0, 1, 1, 0, 2, 0, 2, 1, 0, 0, 2, 0, 0, 2, 0, 1, 0, 0, 0, 2, 1, 0, 2, 2, 0, 2, 2, 0, 1, 2, 1, 1, 2, 0, 1, 1, 1, 1, 2, 2, 1, 1, 2, 1, 1, 1, 0, 1, 0, 0, 1, 1, 1, 2, 0, 1, 1, 1, 0]|[1, 3, 2, 0, 4, 1, 4, 4, 2, 4, 3, 2, 1, 0, 2, 1, 1, 1, 2, 1, 1, 3, 0, 1, 0, 1, 1, 4, 1, 4, 3, 2, 2, 0, 4, 1, 1, 4, 0, 1, 2, 1, 4, 4, 1, 1, 0, 2, 3, 1, 2, 1, 2, 1, 1, 2, 4, 2, 0, 2, 2, 3, 1, 0, 1, 2, 0, 1, 2, 4, 1, 3, 4, 1, 2, 4, 3, 3, 3, 1, 1, 4, 3, 1, 3, 3, 4, 2, 4, 2, 2, 4, 1, 3, 1, 2, 3, 4, 4, 2]|[1, 2, 1, 0, 3, 0, 1, 3, 0, 0, 2, 0, 1, 0, 1, 0, 0, 0, 1, 0, 0, 2, 0, 0, 1, 0, 0, 3, 0, 1, 0, 2, 0, 1, 3, 0, 1, 3, 1, 0, 0, 0, 1, 3, 0, 0, 1, 0, 2, 0, 0, 0, 0, 0, 1, 0, 1, 0, 1, 1, 0, 2, 0, 0, 0, 0, 0, 0, 0, 2, 0, 0, 1, 0, 0, 1, 0, 0, 3, 0, 0, 1, 0, 0, 0, 0, 3, 0, 2, 0, 0, 2, 1, 0, 0, 0, 0, 1, 3, 0],836.569815134707,52504.092339752446,107095.57005228325,false
26,G2_TEC,G2_TEC,[31, 22, 82, 15, 26, 9, 95, 42, 77, 68, 47, 5, 93, 78, 86, 54, 85, 63, 18, 44, 20, 49, 36, 14, 74, 50, 53, 17, 21, 28, 11, 64, 3, 23, 30, 83, 24, 41, 40, 52, 65, 27, 90, 70, 39, 87, 48, 69, 99, 4, 46, 1, 13, 58, 97, 59, 45, 8, 73, 37, 35, 79, 71, 66, 76, 32, 60, 80, 96, 6, 16, 61, 33, 7, 57, 34, 12, 67, 10, 98, 56, 88, 43, 75, 91, 38, 19, 92, 29, 2, 51, 72, 89, 25, 84, 55, 62, 81, 94, 0]|[2, 1, 2, 1, 1, 2, 1, 1, 1, 1, 1, 0, 2, 2, 1, 2, 0, 0, 0, 2, 2, 1, 0, 2, 0, 2, 2, 1, 0, 1, 1, 1, 0, 0, 1, 0, 2, 1, 2, 2, 0, 0, 1, 1, 0, 2, 0, 2, 1, 0, 0, 2, 0, 0, 2, 0, 1, 1, 0, 0, 2, 1, 1, 2, 2, 0, 2, 2, 0, 1, 2, 1, 1, 2, 0, 1, 1, 1, 1, 2, 2, 1, 1, 0, 1, 0, 1, 0, 1, 2, 1, 1, 1, 1, 0, 0, 1, 1, 2, 0]|[0, 3, 0, 3, 4, 1, 4, 4, 2, 4, 3, 2, 1, 0, 2, 1, 1, 1, 2, 1, 1, 3, 0, 1, 0, 1, 1, 4, 1, 4, 3, 2, 2, 0, 4, 1, 1, 4, 1, 1, 2, 1, 4, 4, 1, 1, 0, 2, 3, 2, 2, 1, 2, 1, 1, 2, 4, 3, 0, 2, 2, 3, 3, 0, 1, 2, 1, 1, 2, 4, 1, 3, 4, 1, 2, 4, 3, 3, 3, 1, 1, 4, 4, 2, 3, 2, 4, 2, 3, 1, 3, 4, 4, 4, 2, 2, 3, 4, 1, 2]|[0, 2, 0, 0, 3, 0, 1, 3, 0, 0, 2, 0, 1, 0, 1, 0, 0, 0, 1, 0, 0, 2, 0, 0, 1, 0, 0, 3, 0, 1, 0, 2, 0, 0, 3, 0, 1, 3, 0, 0, 0, 0, 1, 3, 0, 0, 1, 0, 2, 0, 0, 0, 0, 0, 1, 0, 1, 0, 1, 1, 0, 2, 0, 0, 0, 0, 0, 0, 0, 2, 0, 0, 1, 0, 0, 1, 0, 0, 3, 0, 0, 1, 2, 0, 0, 0, 1, 0, 3, 0, 0, 2, 1, 3, 0, 0, 0, 1, 0, 0],884.1935202920454,50179.24430758428,113572.41328703976,false
26,G3_TWC,G3_TWC,[31, 22, 82, 15, 26, 58, 95, 42, 77, 12, 47, 5, 93, 78, 98, 54, 85, 63, 18, 44, 20, 35, 43, 97, 91, 76, 10, 30, 21, 45, 71, 64, 1, 23, 17, 83, 24, 14, 60, 36, 6, 57, 94, 88, 65, 56, 79, 40, 67, 68, 46, 75, 38, 9, 19, 32, 81, 41, 27, 62, 87, 90, 99, 59, 11, 16, 72, 73, 70, 39, 37, 84, 3, 92, 25, 55, 28, 29, 51, 7, 33, 61, 86, 66, 89, 50, 48, 96, 53, 8, 80, 4, 34, 49, 52, 0, 13, 69, 2, 74]|[1, 1, 0, 1, 1, 1, 2, 1, 2, 1, 2, 2, 2, 1, 1, 0, 0, 1, 0, 2, 2, 0, 1, 2, 0, 1, 2, 2, 0, 0, 1, 2, 1, 2, 1, 0, 2, 0, 1, 1, 0, 1, 1, 1, 0, 2, 1, 1, 0, 0, 0, 0, 1, 1, 2, 1, 2, 0, 0, 0, 2, 1, 0, 1, 2, 1, 2, 1, 1, 1, 1, 1, 1, 0, 1, 1, 0, 0, 0, 1, 2, 1, 0, 2, 1, 0, 0, 0, 0, 1, 0, 0, 2, 0, 1, 0, 0, 1, 0, 2]|[4, 3, 2, 2, 0, 0, 2, 2, 2, 4, 1, 1, 2, 4, 4, 1, 2, 4, 2, 1, 1, 1, 1, 2, 1, 2, 1, 1, 1, 1, 3, 2, 3, 0, 4, 0, 1, 1, 0, 3, 2, 2, 4, 0, 1, 1, 0, 2, 0, 1, 2, 2, 1, 4, 0, 3, 2, 1, 1, 2, 1, 3, 1, 1, 1, 3, 0, 4, 3, 1, 4, 1, 1, 2, 4, 4, 2, 1, 1, 3, 1, 3, 1, 1, 1, 1, 1, 1, 2, 3, 1, 2, 1, 1, 1, 2, 2, 3, 2, 1]|[0, 2, 1, 1, 3, 3, 0, 1, 0, 0, 0, 0, 1, 0, 1, 0, 0, 3, 1, 0, 0, 0, 3, 1, 0, 2, 0, 0, 0, 1, 0, 0, 0, 0, 3, 0, 1, 0, 0, 2, 1, 1, 2, 0, 0, 0, 0, 1, 1, 0, 0, 0, 1, 3, 0, 0, 1, 0, 0, 1, 0, 2, 0, 1, 0, 2, 1, 0, 0, 1, 1, 3, 1, 1, 3, 3, 1, 0, 0, 2, 0, 0, 0, 0, 1, 0, 0, 0, 1, 2, 0, 1, 0, 1, 1, 0, 0, 0, 0, 0],802.1274951829081,57956.38699448537,89691.2003308727,false
26,G1_CMAX,G1_CMAX,[31, 22, 82, 15, 26, 58, 95, 42, 77, 12, 47, 5, 93, 78, 86, 54, 85, 63, 18, 44, 20, 35, 43, 97, 91, 76, 10, 30, 21, 45, 71, 64, 1, 23, 17, 83, 24, 14, 60, 36, 6, 57, 40, 88, 65, 56, 79, 94, 67, 68, 46, 75, 38, 9, 19, 32, 81, 41, 27, 62, 87, 90, 99, 59, 11, 16, 72, 73, 70, 39, 37, 84, 3, 92, 25, 55, 28, 29, 51, 7, 33, 61, 98, 48, 89, 50, 8, 96, 4, 53, 80, 66, 34, 49, 69, 0, 74, 52, 2, 13]|[1, 1, 0, 1, 1, 1, 2, 1, 2, 1, 2, 2, 2, 1, 1, 0, 0, 1, 0, 2, 2, 0, 1, 2, 0, 1, 2, 2, 0, 0, 1, 2, 1, 2, 1, 0, 2, 0, 1, 1, 0, 1, 1, 1, 0, 2, 1, 1, 0, 0, 0, 0, 1, 1, 2, 1, 2, 0, 0, 0, 2, 1, 0, 1, 2, 1, 2, 1, 1, 1, 1, 1, 1, 0, 1, 2, 0, 0, 0, 1, 2, 1, 2, 2, 1, 0, 1, 0, 1, 0, 0, 2, 2, 0, 1, 0, 2, 1, 0, 0]|[4, 3, 2, 2, 4, 0, 2, 2, 2, 4, 1, 1, 2, 4, 4, 1, 2, 4, 2, 1, 1, 1, 1, 2, 1, 2, 1, 1, 1, 1, 3, 2, 3, 0, 4, 0, 1, 1, 0, 3, 2, 2, 4, 0, 1, 1, 0, 2, 0, 1, 2, 2, 1, 4, 0, 3, 2, 1, 1, 2, 1, 3, 1, 1, 1, 3, 0, 4, 3, 1, 4, 1, 1, 2, 4, 1, 2, 1, 1, 3, 1, 3, 1, 1, 1, 1, 3, 1, 4, 2, 1, 1, 1, 1, 4, 2, 1, 1, 2, 2]|[0, 2, 1, 1, 3, 3, 0, 1, 0, 0, 0, 0, 1, 0, 1, 0, 0, 3, 1, 0, 0, 0, 3, 1, 0, 2, 0, 0, 0, 1, 0, 0, 0, 0, 3, 0, 1, 0, 0, 2, 1, 1, 2, 0, 0, 0, 0, 1, 1, 0, 0, 0, 1, 3, 0, 0, 1, 0, 0, 1, 0, 2, 0, 1, 0, 2, 1, 0, 0, 1, 1, 3, 1, 1, 3, 0, 1, 0, 0, 2, 0, 0, 0, 0, 1, 0, 2, 0, 0, 1, 0, 0, 0, 1, 2, 0, 0, 1, 0, 0],733.0810611054357,57333.598972040745,93692.95134536352,false
26,G4_BALANCED,G4_BALANCED,[31, 11, 15, 82, 26, 9, 95, 32, 77, 68, 47, 5, 93, 78, 86, 54, 85, 63, 18, 44, 20, 49, 36, 14, 74, 50, 53, 17, 21, 45, 71, 64, 3, 23, 30, 83, 24, 41, 60, 52, 65, 27, 90, 70, 39, 87, 48, 69, 99, 4, 46, 1, 13, 58, 97, 59, 28, 75, 73, 37, 35, 79, 22, 66, 76, 42, 40, 80, 96, 6, 16, 61, 33, 7, 57, 34, 12, 67, 10, 98, 56, 88, 29, 94, 91, 51, 19, 92, 43, 84, 38, 72, 81, 8, 2, 55, 62, 89, 25, 0]|[2, 1, 1, 2, 1, 2, 1, 1, 1, 1, 1, 0, 2, 2, 1, 2, 0, 0, 0, 2, 2, 1, 0, 2, 0, 2, 2, 1, 0, 1, 1, 1, 0, 0, 1, 0, 2, 1, 2, 2, 0, 0, 1, 1, 0, 2, 0, 2, 1, 0, 0, 2, 0, 0, 2, 0, 1, 0, 0, 0, 2, 1, 0, 2, 2, 0, 2, 2, 0, 1, 2, 1, 1, 2, 0, 1, 1, 1, 1, 2, 2, 1, 1, 2, 1, 1, 1, 0, 1, 0, 0, 1, 1, 1, 2, 0, 1, 1, 1, 0]|[1, 3, 2, 0, 4, 1, 4, 4, 2, 4, 3, 2, 1, 0, 2, 1, 1, 1, 2, 1, 1, 3, 0, 1, 0, 1, 1, 4, 1, 4, 3, 2, 2, 0, 4, 1, 1, 4, 0, 1, 2, 1, 4, 4, 1, 1, 0, 2, 3, 1, 2, 1, 2, 1, 1, 2, 4, 2, 0, 2, 2, 3, 1, 0, 1, 2, 0, 1, 2, 4, 1, 3, 4, 1, 2, 4, 3, 3, 3, 1, 1, 4, 3, 1, 3, 3, 4, 2, 4, 2, 2, 4, 1, 3, 1, 2, 3, 4, 4, 2]|[1, 2, 1, 0, 3, 0, 1, 3, 0, 0, 2, 0, 1, 0, 1, 0, 0, 0, 1, 0, 0, 2, 0, 0, 1, 0, 0, 3, 0, 1, 0, 2, 0, 1, 3, 0, 1, 3, 1, 0, 0, 0, 1, 3, 0, 0, 1, 0, 2, 0, 0, 0, 0, 0, 1, 0, 1, 0, 1, 1, 0, 2, 0, 0, 0, 0, 0, 0, 0, 2, 0, 0, 1, 0, 0, 1, 0, 0, 3, 0, 0, 1, 0, 0, 0, 0, 3, 0, 2, 0, 0, 2, 1, 0, 0, 0, 0, 1, 3, 0],836.569815134707,52504.092339752446,107095.57005228325,false
26,G2_TEC,G2_TEC,[31, 22, 82, 15, 26, 9, 95, 42, 77, 68, 47, 5, 93, 78, 86, 54, 85, 63, 18, 44, 20, 49, 36, 14, 74, 50, 53, 17, 21, 28, 11, 64, 3, 23, 30, 83, 24, 41, 40, 52, 65, 27, 90, 70, 39, 87, 48, 69, 99, 4, 46, 1, 13, 58, 97, 59, 45, 8, 73, 37, 35, 79, 71, 66, 76, 32, 60, 80, 96, 6, 16, 61, 33, 7, 57, 34, 12, 67, 10, 98, 56, 88, 43, 75, 91, 38, 19, 92, 29, 2, 51, 72, 89, 25, 84, 55, 62, 81, 94, 0]|[2, 1, 2, 1, 1, 2, 1, 1, 1, 1, 1, 0, 2, 2, 1, 2, 0, 0, 0, 2, 2, 1, 0, 2, 0, 2, 2, 1, 0, 1, 1, 1, 0, 0, 1, 0, 2, 1, 2, 2, 0, 0, 1, 1, 0, 2, 0, 2, 1, 0, 0, 2, 0, 0, 2, 0, 1, 1, 0, 0, 2, 1, 1, 2, 2, 0, 2, 2, 0, 1, 2, 1, 1, 2, 0, 1, 1, 1, 1, 2, 2, 1, 1, 0, 1, 0, 1, 0, 1, 2, 1, 1, 1, 1, 0, 0, 1, 1, 2, 0]|[0, 3, 0, 3, 4, 1, 4, 4, 2, 4, 3, 2, 1, 0, 2, 1, 1, 1, 2, 1, 1, 3, 0, 1, 0, 1, 1, 4, 1, 4, 3, 2, 2, 0, 4, 1, 1, 4, 1, 1, 2, 1, 4, 4, 1, 1, 0, 2, 3, 2, 2, 1, 2, 1, 1, 2, 4, 3, 0, 2, 2, 3, 3, 0, 1, 2, 1, 1, 2, 4, 1, 3, 4, 1, 2, 4, 3, 3, 3, 1, 1, 4, 4, 2, 3, 2, 4, 2, 3, 1, 3, 4, 4, 4, 2, 2, 3, 4, 1, 2]|[0, 2, 0, 0, 3, 0, 1, 3, 0, 0, 2, 0, 1, 0, 1, 0, 0, 0, 1, 0, 0, 2, 0, 0, 1, 0, 0, 3, 0, 1, 0, 2, 0, 0, 3, 0, 1, 3, 0, 0, 0, 0, 1, 3, 0, 0, 1, 0, 2, 0, 0, 0, 0, 0, 1, 0, 1, 0, 1, 1, 0, 2, 0, 0, 0, 0, 0, 0, 0, 2, 0, 0, 1, 0, 0, 1, 0, 0, 3, 0, 0, 1, 2, 0, 0, 0, 1, 0, 3, 0, 0, 2, 1, 3, 0, 0, 0, 1, 0, 0],884.1935202920454,50179.24430758428,113572.41328703976,false
26,G3_TWC,G3_TWC,[31, 22, 82, 15, 26, 58, 95, 42, 77, 12, 47, 5, 93, 78, 98, 54, 85, 63, 18, 44, 20, 35, 43, 97, 91, 76, 10, 30, 21, 45, 71, 64, 1, 23, 17, 83, 24, 14, 60, 36, 6, 57, 94, 88, 65, 56, 79, 40, 67, 68, 46, 75, 38, 9, 19, 32, 81, 41, 27, 62, 87, 90, 99, 59, 11, 16, 72, 73, 70, 39, 37, 84, 3, 92, 25, 55, 28, 29, 51, 7, 33, 61, 86, 66, 89, 50, 48, 96, 53, 8, 80, 4, 34, 49, 52, 0, 13, 69, 2, 74]|[1, 1, 0, 1, 1, 1, 2, 1, 2, 1, 2, 2, 2, 1, 1, 0, 0, 1, 0, 2, 2, 0, 1, 2, 0, 1, 2, 2, 0, 0, 1, 2, 1, 2, 1, 0, 2, 0, 1, 1, 0, 1, 1, 1, 0, 2, 1, 1, 0, 0, 0, 0, 1, 1, 2, 1, 2, 0, 0, 0, 2, 1, 0, 1, 2, 1, 2, 1, 1, 1, 1, 1, 1, 0, 1, 1, 0, 0, 0, 1, 2, 1, 0, 2, 1, 0, 0, 0, 0, 1, 0, 0, 2, 0, 1, 0, 0, 1, 0, 2]|[4, 3, 2, 2, 0, 0, 2, 2, 2, 4, 1, 1, 2, 4, 4, 1, 2, 4, 2, 1, 1, 1, 1, 2, 1, 2, 1, 1, 1, 1, 3, 2, 3, 0, 4, 0, 1, 1, 0, 3, 2, 2, 4, 0, 1, 1, 0, 2, 0, 1, 2, 2, 1, 4, 0, 3, 2, 1, 1, 2, 1, 3, 1, 1, 1, 3, 0, 4, 3, 1, 4, 1, 1, 2, 4, 4, 2, 1, 1, 3, 1, 3, 1, 1, 1, 1, 1, 1, 2, 3, 1, 2, 1, 1, 1, 2, 2, 3, 2, 1]|[0, 2, 1, 1, 3, 3, 0, 1, 0, 0, 0, 0, 1, 0, 1, 0, 0, 3, 1, 0, 0, 0, 3, 1, 0, 2, 0, 0, 0, 1, 0, 0, 0, 0, 3, 0, 1, 0, 0, 2, 1, 1, 2, 0, 0, 0, 0, 1, 1, 0, 0, 0, 1, 3, 0, 0, 1, 0, 0, 1, 0, 2, 0, 1, 0, 2, 1, 0, 0, 1, 1, 3, 1, 1, 3, 3, 1, 0, 0, 2, 0, 0, 0, 0, 1, 0, 0, 0, 1, 2, 0, 1, 0, 1, 1, 0, 0, 0, 0, 0],802.1274951829081,57956.38699448537,89691.2003308727,false
26,G1_CMAX,G1_CMAX,[31, 22, 82, 15, 26, 58, 95, 42, 77, 12, 47, 5, 93, 78, 86, 54, 85, 63, 18, 44, 20, 35, 43, 97, 91, 76, 10, 30, 21, 45, 71, 64, 1, 23, 17, 83, 24, 14, 60, 36, 6, 57, 40, 88, 65, 56, 79, 94, 67, 68, 46, 75, 38, 9, 19, 32, 81, 41, 27, 62, 87, 90, 99, 59, 11, 16, 72, 73, 70, 39, 37, 84, 3, 92, 25, 55, 28, 29, 51, 7, 33, 61, 98, 48, 89, 50, 8, 96, 4, 53, 80, 66, 34, 49, 69, 0, 74, 52, 2, 13]|[1, 1, 0, 1, 1, 1, 2, 1, 2, 1, 2, 2, 2, 1, 1, 0, 0, 1, 0, 2, 2, 0, 1, 2, 0, 1, 2, 2, 0, 0, 1, 2, 1, 2, 1, 0, 2, 0, 1, 1, 0, 1, 1, 1, 0, 2, 1, 1, 0, 0, 0, 0, 1, 1, 2, 1, 2, 0, 0, 0, 2, 1, 0, 1, 2, 1, 2, 1, 1, 1, 1, 1, 1, 0, 1, 2, 0, 0, 0, 1, 2, 1, 2, 2, 1, 0, 1, 0, 1, 0, 0, 2, 2, 0, 1, 0, 2, 1, 0, 0]|[4, 3, 2, 2, 4, 0, 2, 2, 2, 4, 1, 1, 2, 4, 4, 1, 2, 4, 2, 1, 1, 1, 1, 2, 1, 2, 1, 1, 1, 1, 3, 2, 3, 0, 4, 0, 1, 1, 0, 3, 2, 2, 4, 0, 1, 1, 0, 2, 0, 1, 2, 2, 1, 4, 0, 3, 2, 1, 1, 2, 1, 3, 1, 1, 1, 3, 0, 4, 3, 1, 4, 1, 1, 2, 4, 1, 2, 1, 1, 3, 1, 3, 1, 1, 1, 1, 3, 1, 4, 2, 1, 1, 1, 1, 4, 2, 1, 1, 2, 2]|[0, 2, 1, 1, 3, 3, 0, 1, 0, 0, 0, 0, 1, 0, 1, 0, 0, 3, 1, 0, 0, 0, 3, 1, 0, 2, 0, 0, 0, 1, 0, 0, 0, 0, 3, 0, 1, 0, 0, 2, 1, 1, 2, 0, 0, 0, 0, 1, 1, 0, 0, 0, 1, 3, 0, 0, 1, 0, 0, 1, 0, 2, 0, 1, 0, 2, 1, 0, 0, 1, 1, 3, 1, 1, 3, 0, 1, 0, 0, 2, 0, 0, 0, 0, 1, 0, 2, 0, 0, 1, 0, 0, 0, 1, 2, 0, 0, 1, 0, 0],733.0810611054357,57333.598972040745,93692.95134536352,false
26,G4_BALANCED,G3_TWC,[31, 22, 82, 15, 26, 58, 95, 42, 77, 12, 47, 5, 93, 78, 86, 54, 85, 63, 18, 44, 20, 35, 43, 97, 91, 76, 10, 30, 21, 45, 71, 64, 1, 23, 17, 83, 24, 14, 60, 36, 6, 57, 40, 88, 65, 56, 79, 94, 67, 68, 46, 75, 38, 9, 19, 32, 41, 81, 27, 62, 87, 90, 99, 59, 11, 16, 72, 73, 70, 39, 37, 84, 3, 92, 25, 55, 29, 28, 51, 7, 66, 61, 98, 48, 89, 50, 4, 96, 53, 80, 8, 33, 34, 2, 52, 69, 13, 0, 49, 74]|[1, 1, 0, 1, 1, 0, 1, 2, 2, 1, 2, 2, 2, 1, 1, 0, 0, 1, 0, 2, 2, 0, 1, 2, 0, 1, 2, 2, 0, 0, 1, 2, 1, 2, 1, 0, 2, 0, 1, 1, 0, 1, 1, 1, 0, 2, 2, 1, 0, 0, 0, 0, 1, 1, 2, 1, 0, 2, 0, 0, 2, 1, 0, 1, 2, 1, 2, 1, 1, 1, 1, 1, 1, 0, 1, 2, 0, 0, 0, 1, 2, 1, 2, 0, 1, 0, 1, 0, 0, 0, 1, 2, 2, 0, 1, 1, 0, 0, 0, 2]|[4, 3, 2, 2, 4, 1, 2, 2, 2, 4, 1, 1, 2, 4, 4, 1, 2, 4, 2, 1, 1, 1, 1, 2, 1, 2, 1, 1, 1, 1, 3, 2, 3, 1, 4, 0, 1, 1, 0, 3, 2, 2, 2, 0, 1, 1, 1, 4, 0, 1, 2, 2, 1, 4, 0, 3, 1, 1, 1, 2, 1, 3, 1, 1, 1, 3, 0, 4, 3, 1, 4, 1, 1, 0, 4, 1, 1, 2, 1, 1, 1, 3, 1, 1, 1, 1, 4, 1, 2, 1, 3, 1, 1, 2, 1, 4, 2, 2, 1, 1]|[0, 2, 1, 1, 3, 0, 1, 0, 0, 0, 0, 0, 1, 0, 1, 0, 0, 3, 1, 0, 0, 0, 3, 1, 0, 2, 0, 0, 0, 1, 0, 0, 0, 0, 3, 0, 1, 0, 0, 2, 1, 1, 1, 0, 0, 0, 0, 2, 1, 0, 0, 0, 1, 3, 0, 0, 0, 0, 0, 1, 0, 2, 0, 1, 0, 2, 1, 0, 0, 1, 1, 3, 1, 1, 3, 0, 0, 1, 0, 2, 0, 0, 0, 0, 1, 0, 0, 0, 1, 0, 2, 0, 0, 0, 1, 2, 0, 0, 1, 0],791.9176472752484,55814.23806251362,94971.58781824574,true
26,G2_TEC,G2_TEC,[31, 22, 82, 15, 26, 9, 95, 42, 77, 68, 47, 5, 93, 78, 86, 54, 85, 63, 18, 44, 20, 49, 36, 14, 74, 50, 53, 17, 21, 28, 11, 64, 3, 23, 30, 83, 24, 41, 40, 52, 65, 27, 90, 70, 39, 87, 48, 69, 99, 4, 46, 1, 13, 58, 97, 59, 45, 8, 73, 37, 35, 79, 71, 66, 76, 32, 60, 80, 96, 6, 16, 61, 33, 7, 57, 34, 12, 67, 10, 98, 56, 88, 43, 75, 91, 38, 19, 92, 29, 2, 51, 72, 89, 25, 84, 55, 62, 81, 94, 0]|[2, 1, 2, 1, 1, 2, 1, 1, 1, 1, 1, 0, 2, 2, 1, 2, 0, 0, 0, 2, 2, 1, 0, 2, 0, 2, 2, 1, 0, 1, 1, 1, 0, 0, 1, 0, 2, 1, 2, 2, 0, 0, 1, 1, 0, 2, 0, 2, 1, 0, 0, 2, 0, 0, 2, 0, 1, 1, 0, 0, 2, 1, 1, 2, 2, 0, 2, 2, 0, 1, 2, 1, 1, 2, 0, 1, 1, 1, 1, 2, 2, 1, 1, 0, 1, 0, 1, 0, 1, 2, 1, 1, 1, 1, 0, 0, 1, 1, 2, 0]|[0, 3, 0, 3, 4, 1, 4, 4, 2, 4, 3, 2, 1, 0, 2, 1, 1, 1, 2, 1, 1, 3, 0, 1, 0, 1, 1, 4, 1, 4, 3, 2, 2, 0, 4, 1, 1, 4, 1, 1, 2, 1, 4, 4, 1, 1, 0, 2, 3, 2, 2, 1, 2, 1, 1, 2, 4, 3, 0, 2, 2, 3, 3, 0, 1, 2, 1, 1, 2, 4, 1, 3, 4, 1, 2, 4, 3, 3, 3, 1, 1, 4, 4, 2, 3, 2, 4, 2, 3, 1, 3, 4, 4, 4, 2, 2, 3, 4, 1, 2]|[0, 2, 0, 0, 3, 0, 1, 3, 0, 0, 2, 0, 1, 0, 1, 0, 0, 0, 1, 0, 0, 2, 0, 0, 1, 0, 0, 3, 0, 1, 0, 2, 0, 0, 3, 0, 1, 3, 0, 0, 0, 0, 1, 3, 0, 0, 1, 0, 2, 0, 0, 0, 0, 0, 1, 0, 1, 0, 1, 1, 0, 2, 0, 0, 0, 0, 0, 0, 0, 2, 0, 0, 1, 0, 0, 1, 0, 0, 3, 0, 0, 1, 2, 0, 0, 0, 1, 0, 3, 0, 0, 2, 1, 3, 0, 0, 0, 1, 0, 0],884.1935202920454,50179.24430758428,113572.41328703976,false
26,G3_TWC,G3_TWC,[31, 22, 82, 15, 26, 58, 95, 42, 77, 12, 47, 5, 93, 78, 98, 54, 85, 63, 18, 44, 20, 35, 43, 97, 91, 76, 10, 30, 21, 45, 71, 64, 1, 23, 17, 83, 24, 14, 60, 36, 6, 57, 94, 88, 65, 56, 79, 40, 67, 68, 46, 75, 38, 9, 19, 32, 81, 41, 27, 62, 87, 90, 99, 59, 11, 16, 72, 73, 70, 39, 37, 84, 3, 92, 25, 55, 28, 29, 51, 7, 33, 61, 86, 66, 89, 50, 48, 96, 53, 8, 80, 4, 34, 49, 52, 0, 13, 69, 2, 74]|[1, 1, 0, 1, 1, 1, 2, 1, 2, 1, 2, 2, 2, 1, 1, 0, 0, 1, 0, 2, 2, 0, 1, 2, 0, 1, 2, 2, 0, 0, 1, 2, 1, 2, 1, 0, 2, 0, 1, 1, 0, 1, 1, 1, 0, 2, 1, 1, 0, 0, 0, 0, 1, 1, 2, 1, 2, 0, 0, 0, 2, 1, 0, 1, 2, 1, 2, 1, 1, 1, 1, 1, 1, 0, 1, 1, 0, 0, 0, 1, 2, 1, 0, 2, 1, 0, 0, 0, 0, 1, 0, 0, 2, 0, 1, 0, 0, 1, 0, 2]|[4, 3, 2, 2, 0, 0, 2, 2, 2, 4, 1, 1, 2, 4, 4, 1, 2, 4, 2, 1, 1, 1, 1, 2, 1, 2, 1, 1, 1, 1, 3, 2, 3, 0, 4, 0, 1, 1, 0, 3, 2, 2, 4, 0, 1, 1, 0, 2, 0, 1, 2, 2, 1, 4, 0, 3, 2, 1, 1, 2, 1, 3, 1, 1, 1, 3, 0, 4, 3, 1, 4, 1, 1, 2, 4, 4, 2, 1, 1, 3, 1, 3, 1, 1, 1, 1, 1, 1, 2, 3, 1, 2, 1, 1, 1, 2, 2, 3, 2, 1]|[0, 2, 1, 1, 3, 3, 0, 1, 0, 0, 0, 0, 1, 0, 1, 0, 0, 3, 1, 0, 0, 0, 3, 1, 0, 2, 0, 0, 0, 1, 0, 0, 0, 0, 3, 0, 1, 0, 0, 2, 1, 1, 2, 0, 0, 0, 0, 1, 1, 0, 0, 0, 1, 3, 0, 0, 1, 0, 0, 1, 0, 2, 0, 1, 0, 2, 1, 0, 0, 1, 1, 3, 1, 1, 3, 3, 1, 0, 0, 2, 0, 0, 0, 0, 1, 0, 0, 0, 1, 2, 0, 1, 0, 1, 1, 0, 0, 0, 0, 0],802.1274951829081,57956.38699448537,89691.2003308727,false
26,G1_CMAX,G1_CMAX,[31, 22, 82, 15, 26, 58, 95, 42, 77, 12, 47, 5, 93, 78, 86, 54, 85, 63, 18, 44, 20, 35, 43, 97, 91, 76, 10, 30, 21, 45, 71, 64, 1, 23, 17, 83, 24, 14, 60, 36, 6, 57, 40, 88, 65, 56, 79, 94, 67, 68, 46, 75, 38, 9, 19, 32, 81, 41, 27, 62, 87, 90, 99, 59, 11, 16, 72, 73, 70, 39, 37, 84, 3, 92, 25, 55, 28, 29, 51, 7, 33, 61, 98, 48, 89, 50, 8, 96, 4, 53, 80, 66, 34, 49, 69, 0, 74, 52, 2, 13]|[1, 1, 0, 1, 1, 1, 2, 1, 2, 1, 2, 2, 2, 1, 1, 0, 0, 1, 0, 2, 2, 0, 1, 2, 0, 1, 2, 2, 0, 0, 1, 2, 1, 2, 1, 0, 2, 0, 1, 1, 0, 1, 1, 1, 0, 2, 1, 1, 0, 0, 0, 0, 1, 1, 2, 1, 2, 0, 0, 0, 2, 1, 0, 1, 2, 1, 2, 1, 1, 1, 1, 1, 1, 0, 1, 2, 0, 0, 0, 1, 2, 1, 2, 2, 1, 0, 1, 0, 1, 0, 0, 2, 2, 0, 1, 0, 2, 1, 0, 0]|[4, 3, 2, 2, 4, 0, 2, 2, 2, 4, 1, 1, 2, 4, 4, 1, 2, 4, 2, 1, 1, 1, 1, 2, 1, 2, 1, 1, 1, 1, 3, 2, 3, 0, 4, 0, 1, 1, 0, 3, 2, 2, 4, 0, 1, 1, 0, 2, 0, 1, 2, 2, 1, 4, 0, 3, 2, 1, 1, 2, 1, 3, 1, 1, 1, 3, 0, 4, 3, 1, 4, 1, 1, 2, 4, 1, 2, 1, 1, 3, 1, 3, 1, 1, 1, 1, 3, 1, 4, 2, 1, 1, 1, 1, 4, 2, 1, 1, 2, 2]|[0, 2, 1, 1, 3, 3, 0, 1, 0, 0, 0, 0, 1, 0, 1, 0, 0, 3, 1, 0, 0, 0, 3, 1, 0, 2, 0, 0, 0, 1, 0, 0, 0, 0, 3, 0, 1, 0, 0, 2, 1, 1, 2, 0, 0, 0, 0, 1, 1, 0, 0, 0, 1, 3, 0, 0, 1, 0, 0, 1, 0, 2, 0, 1, 0, 2, 1, 0, 0, 1, 1, 3, 1, 1, 3, 0, 1, 0, 0, 2, 0, 0, 0, 0, 1, 0, 2, 0, 0, 1, 0, 0, 0, 1, 2, 0, 0, 1, 0, 0],733.0810611054357,57333.598972040745,93692.95134536352,false
26,G4_BALANCED,G4_BALANCED,[31, 22, 82, 15, 26, 58, 95, 42, 77, 12, 47, 5, 93, 78, 86, 54, 85, 63, 18, 72, 20, 35, 43, 97, 91, 76, 10, 30, 21, 45, 71, 64, 1, 23, 17, 83, 24, 14, 60, 36, 6, 57, 40, 88, 65, 56, 79, 94, 67, 41, 68, 75, 38, 9, 19, 32, 81, 55, 27, 62, 87, 90, 99, 59, 11, 16, 44, 73, 70, 39, 37, 84, 3, 92, 25, 34, 28, 29, 51, 7, 66, 61, 98, 48, 89, 50, 4, 96, 53, 80, 8, 33, 46, 2, 52, 49, 0, 69, 74, 13]|[1, 1, 0, 1, 1, 0, 1, 2, 2, 1, 2, 2, 2, 1, 1, 0, 0, 1, 0, 2, 2, 0, 0, 2, 0, 1, 2, 2, 0, 0, 1, 2, 1, 2, 1, 0, 2, 0, 1, 1, 0, 1, 1, 1, 0, 2, 1, 1, 0, 0, 0, 0, 1, 1, 2, 1, 2, 0, 0, 0, 2, 1, 0, 1, 2, 1, 2, 1, 1, 1, 1, 1, 1, 0, 1, 2, 2, 0, 0, 1, 2, 1, 2, 0, 1, 0, 1, 2, 0, 0, 1, 2, 0, 0, 1, 0, 0, 1, 2, 0]|[4, 3, 2, 2, 4, 1, 2, 2, 2, 4, 1, 1, 2, 4, 4, 1, 2, 4, 2, 1, 1, 1, 1, 2, 1, 2, 1, 1, 1, 1, 3, 2, 3, 1, 4, 0, 1, 1, 0, 3, 2, 2, 2, 0, 1, 1, 0, 4, 0, 1, 1, 2, 1, 4, 0, 3, 2, 1, 1, 2, 1, 3, 1, 1, 1, 3, 1, 4, 3, 1, 4, 1, 1, 0, 4, 1, 1, 1, 1, 1, 1, 3, 1, 1, 1, 1, 4, 1, 2, 1, 3, 1, 2, 2, 1, 1, 2, 4, 1, 2]|[0, 2, 1, 1, 3, 0, 1, 0, 0, 0, 0, 0, 1, 0, 1, 0, 0, 3, 1, 0, 0, 0, 0, 1, 0, 2, 0, 0, 0, 1, 0, 0, 0, 0, 3, 0, 1, 0, 0, 2, 1, 1, 1, 0, 0, 0, 0, 2, 1, 0, 0, 0, 1, 3, 0, 0, 1, 0, 0, 1, 0, 2, 0, 1, 0, 2, 0, 0, 0, 1, 1, 3, 1, 1, 3, 0, 0, 0, 0, 2, 0, 0, 0, 0, 1, 0, 0, 0, 1, 0, 2, 0, 0, 0, 1, 1, 0, 2, 0, 0],784.1481185900863,55756.271812642575,96112.54558848144,false
26,G2_TEC,G2_TEC,[31, 22, 82, 15, 26, 9, 95, 42, 77, 68, 47, 5, 93, 78, 86, 54, 85, 63, 18, 44, 20, 49, 36, 14, 74, 50, 53, 17, 21, 28, 11, 64, 3, 23, 30, 83, 24, 41, 40, 52, 65, 27, 90, 70, 39, 87, 48, 69, 99, 4, 46, 1, 13, 58, 97, 59, 45, 8, 73, 37, 35, 79, 71, 66, 76, 32, 60, 80, 96, 6, 16, 61, 33, 7, 57, 34, 12, 67, 10, 98, 56, 88, 43, 75, 91, 38, 19, 92, 29, 2, 51, 72, 89, 25, 84, 55, 62, 81, 94, 0]|[2, 1, 2, 1, 1, 2, 1, 1, 1, 1, 1, 0, 2, 2, 1, 2, 0, 0, 0, 2, 2, 1, 0, 2, 0, 2, 2, 1, 0, 1, 1, 1, 0, 0, 1, 0, 2, 1, 2, 2, 0, 0, 1, 1, 0, 2, 0, 2, 1, 0, 0, 2, 0, 0, 2, 0, 1, 1, 0, 0, 2, 1, 1, 2, 2, 0, 2, 2, 0, 1, 2, 1, 1, 2, 0, 1, 1, 1, 1, 2, 2, 1, 1, 0, 1, 0, 1, 0, 1, 2, 1, 1, 1, 1, 0, 0, 1, 1, 2, 0]|[0, 3, 0, 3, 4, 1, 4, 4, 2, 4, 3, 2, 1, 0, 2, 1, 1, 1, 2, 1, 1, 3, 0, 1, 0, 1, 1, 4, 1, 4, 3, 2, 2, 0, 4, 1, 1, 4, 1, 1, 2, 1, 4, 4, 1, 1, 0, 2, 3, 2, 2, 1, 2, 1, 1, 2, 4, 3, 0, 2, 2, 3, 3, 0, 1, 2, 1, 1, 2, 4, 1, 3, 4, 1, 2, 4, 3, 3, 3, 1, 1, 4, 4, 2, 3, 2, 4, 2, 3, 1, 3, 4, 4, 4, 2, 2, 3, 4, 1, 2]|[0, 2, 0, 0, 3, 0, 1, 3, 0, 0, 2, 0, 1, 0, 1, 0, 0, 0, 1, 0, 0, 2, 0, 0, 1, 0, 0, 3, 0, 1, 0, 2, 0, 0, 3, 0, 1, 3, 0, 0, 0, 0, 1, 3, 0, 0, 1, 0, 2, 0, 0, 0, 0, 0, 1, 0, 1, 0, 1, 1, 0, 2, 0, 0, 0, 0, 0, 0, 0, 2, 0, 0, 1, 0, 0, 1, 0, 0, 3, 0, 0, 1, 2, 0, 0, 0, 1, 0, 3, 0, 0, 2, 1, 3, 0, 0, 0, 1, 0, 0],884.1935202920454,50179.24430758428,113572.41328703976,false
26,G3_TWC,G3_TWC,[31, 22, 82, 15, 26, 58, 95, 42, 77, 12, 47, 5, 93, 78, 98, 54, 85, 63, 18, 44, 20, 35, 43, 97, 91, 76, 10, 30, 21, 45, 71, 64, 1, 23, 17, 83, 24, 14, 60, 36, 6, 57, 94, 88, 65, 56, 79, 40, 67, 68, 46, 75, 38, 9, 19, 32, 81, 41, 27, 62, 87, 90, 99, 59, 11, 16, 72, 73, 70, 39, 37, 84, 3, 92, 25, 55, 28, 29, 51, 7, 33, 61, 86, 66, 89, 50, 48, 96, 53, 8, 80, 4, 34, 49, 52, 0, 13, 69, 2, 74]|[1, 1, 0, 1, 1, 1, 2, 1, 2, 1, 2, 2, 2, 1, 1, 0, 0, 1, 0, 2, 2, 0, 1, 2, 0, 1, 2, 2, 0, 0, 1, 2, 1, 2, 1, 0, 2, 0, 1, 1, 0, 1, 1, 1, 0, 2, 1, 1, 0, 0, 0, 0, 1, 1, 2, 1, 2, 0, 0, 0, 2, 1, 0, 1, 2, 1, 2, 1, 1, 1, 1, 1, 1, 0, 1, 1, 0, 0, 0, 1, 2, 1, 0, 2, 1, 0, 0, 0, 0, 1, 0, 0, 2, 0, 1, 0, 0, 1, 0, 2]|[4, 3, 2, 2, 0, 0, 2, 2, 2, 4, 1, 1, 2, 4, 4, 1, 2, 4, 2, 1, 1, 1, 1, 2, 1, 2, 1, 1, 1, 1, 3, 2, 3, 0, 4, 0, 1, 1, 0, 3, 2, 2, 4, 0, 1, 1, 0, 2, 0, 1, 2, 2, 1, 4, 0, 3, 2, 1, 1, 2, 1, 3, 1, 1, 1, 3, 0, 4, 3, 1, 4, 1, 1, 2, 4, 4, 2, 1, 1, 3, 1, 3, 1, 1, 1, 1, 1, 1, 2, 3, 1, 2, 1, 1, 1, 2, 2, 3, 2, 1]|[0, 2, 1, 1, 3, 3, 0, 1, 0, 0, 0, 0, 1, 0, 1, 0, 0, 3, 1, 0, 0, 0, 3, 1, 0, 2, 0, 0, 0, 1, 0, 0, 0, 0, 3, 0, 1, 0, 0, 2, 1, 1, 2, 0, 0, 0, 0, 1, 1, 0, 0, 0, 1, 3, 0, 0, 1, 0, 0, 1, 0, 2, 0, 1, 0, 2, 1, 0, 0, 1, 1, 3, 1, 1, 3, 3, 1, 0, 0, 2, 0, 0, 0, 0, 1, 0, 0, 0, 1, 2, 0, 1, 0, 1, 1, 0, 0, 0, 0, 0],802.1274951829081,57956.38699448537,89691.2003308727,false
27,G1_CMAX,G1_CMAX,[31, 22, 82, 15, 26, 99, 95, 42, 77, 12, 47, 5, 93, 78, 86, 54, 21, 63, 18, 44, 20, 35, 43, 97, 91, 76, 10, 30, 85, 45, 71, 64, 1, 23, 17, 83, 24, 14, 60, 36, 6, 57, 40, 88, 65, 56, 79, 94, 67, 68, 46, 75, 38, 9, 19, 32, 41, 81, 27, 87, 90, 58, 59, 11, 16, 72, 73, 70, 39, 37, 84, 3, 92, 25, 55, 48, 62, 29, 51, 7, 33, 61, 98, 28, 89, 50, 4, 96, 53, 80, 8, 66, 34, 49, 52, 0, 74, 69, 2, 13]|[1, 1, 0, 1, 1, 0, 1, 1, 2, 1, 2, 2, 2, 1, 1, 0, 0, 1, 0, 2, 2, 0, 1, 2, 0, 1, 2, 2, 0, 0, 1, 2, 1, 2, 1, 0, 2, 0, 1, 1, 0, 1, 1, 1, 0, 2, 1, 1, 0, 0, 0, 0, 1, 1, 2, 1, 0, 2, 0, 2, 1, 0, 1, 2, 1, 2, 1, 1, 1, 1, 1, 1, 0, 1, 2, 0, 0, 0, 0, 1, 2, 1, 2, 0, 1, 0, 1, 2, 0, 0, 1, 2, 2, 0, 1, 0, 2, 1, 0, 0]|[0, 3, 2, 2, 4, 1, 2, 3, 2, 4, 1, 1, 2, 4, 4, 1, 1, 4, 2, 1, 1, 1, 1, 2, 1, 2, 1, 1, 2, 1, 3, 2, 3, 1, 4, 0, 1, 1, 0, 3, 2, 2, 2, 0, 1, 1, 0, 4, 0, 1, 2, 2, 1, 4, 0, 3, 1, 1, 1, 1, 3, 1, 1, 1, 3, 0, 4, 3, 1, 4, 1, 1, 0, 4, 1, 1, 2, 1, 1, 1, 1, 3, 1, 2, 1, 1, 4, 1, 2, 1, 3, 1, 1, 1, 1, 2, 1, 4, 2, 2]|[0, 2, 1, 1, 3, 0, 1, 3, 0, 0, 0, 0, 1, 0, 1, 0, 0, 3, 1, 0, 0, 0, 3, 1, 0, 2, 0, 0, 0, 1, 0, 0, 0, 0, 3, 0, 1, 0, 0, 2, 1, 1, 1, 0, 0, 0, 0, 2, 1, 0, 0, 0, 1, 3, 0, 0, 0, 0, 0, 0, 2, 0, 1, 0, 2, 1, 0, 0, 1, 1, 3, 1, 1, 3, 0, 0, 1, 0, 0, 2, 0, 0, 0, 1, 1, 0, 0, 0, 1, 0, 2, 0, 0, 1, 1, 0, 0, 2, 0, 0],731.2476204416437,56806.84376103422,93275.64763277225,false
27,G4_BALANCED,G4_BALANCED,[31, 11, 15, 82, 26, 9, 95, 32, 77, 68, 47, 5, 93, 78, 86, 54, 85, 63, 18, 44, 20, 49, 36, 14, 74, 50, 53, 17, 21, 45, 71, 64, 3, 23, 30, 83, 24, 41, 60, 52, 65, 27, 90, 70, 39, 87, 48, 69, 99, 4, 46, 1, 13, 58, 97, 59, 28, 75, 73, 37, 35, 79, 22, 66, 76, 42, 40, 80, 96, 6, 16, 61, 33, 7, 57, 34, 12, 67, 10, 98, 56, 88, 29, 94, 91, 51, 19, 92, 43, 84, 38, 72, 81, 8, 2, 55, 62, 89, 25, 0]|[2, 1, 1, 2, 1, 2, 1, 1, 1, 1, 1, 0, 2, 2, 1, 2, 0, 0, 0, 2, 2, 1, 0, 2, 0, 2, 2, 1, 0, 1, 1, 1, 0, 0, 1, 0, 2, 1, 2, 2, 0, 0, 1, 1, 0, 2, 0, 2, 1, 0, 0, 2, 0, 0, 2, 0, 1, 0, 0, 0, 2, 1, 0, 2, 2, 0, 2, 2, 0, 1, 2, 1, 1, 2, 0, 1, 1, 1, 1, 2, 2, 1, 1, 2, 1, 1, 1, 0, 1, 0, 0, 1, 1, 1, 2, 0, 1, 1, 1, 0]|[1, 3, 2, 0, 4, 1, 4, 4, 2, 4, 3, 2, 1, 0, 2, 1, 1, 1, 2, 1, 1, 3, 0, 1, 0, 1, 1, 4, 1, 4, 3, 2, 2, 0, 4, 1, 1, 4, 0, 1, 2, 1, 4, 4, 1, 1, 0, 2, 3, 1, 2, 1, 2, 1, 1, 2, 4, 2, 0, 2, 2, 3, 1, 0, 1, 2, 0, 1, 2, 4, 1, 3, 4, 1, 2, 4, 3, 3, 3, 1, 1, 4, 3, 1, 3, 3, 4, 2, 4, 2, 2, 4, 1, 3, 1, 2, 3, 4, 4, 2]|[1, 2, 1, 0, 3, 0, 1, 3, 0, 0, 2, 0, 1, 0, 1, 0, 0, 0, 1, 0, 0, 2, 0, 0, 1, 0, 0, 3, 0, 1, 0, 2, 0, 1, 3, 0, 1, 3, 1, 0, 0, 0, 1, 3, 0, 0, 1, 0, 2, 0, 0, 0, 0, 0, 1, 0, 1, 0, 1, 1, 0, 2, 0, 0, 0, 0, 0, 0, 0, 2, 0, 0, 1, 0, 0, 1, 0, 0, 3, 0, 0, 1, 0, 0, 0, 0, 3, 0, 2, 0, 0, 2, 1, 0, 0, 0, 0, 1, 3, 0],836.569815134707,52504.092339752446,107095.57005228325,false
27,G2_TEC,G2_TEC,[31, 22, 82, 15, 26, 9, 95, 42, 77, 68, 47, 5, 93, 78, 86, 54, 85, 63, 18, 44, 20, 49, 36, 14, 74, 50, 53, 17, 21, 28, 11, 64, 3, 23, 30, 83, 24, 41, 40, 52, 65, 27, 90, 70, 39, 87, 48, 69, 99, 4, 46, 1, 13, 58, 97, 59, 45, 8, 73, 37, 35, 79, 71, 66, 76, 32, 60, 80, 96, 6, 16, 61, 33, 7, 57, 34, 12, 67, 10, 98, 56, 88, 43, 75, 91, 38, 19, 92, 29, 2, 51, 72, 89, 25, 84, 55, 62, 81, 94, 0]|[2, 1, 2, 1, 1, 2, 1, 1, 1, 1, 1, 0, 2, 2, 1, 2, 0, 0, 0, 2, 2, 1, 0, 2, 0, 2, 2, 1, 0, 1, 1, 1, 0, 0, 1, 0, 2, 1, 2, 2, 0, 0, 1, 1, 0, 2, 0, 2, 1, 0, 0, 2, 0, 0, 2, 0, 1, 1, 0, 0, 2, 1, 1, 2, 2, 0, 2, 2, 0, 1, 2, 1, 1, 2, 0, 1, 1, 1, 1, 2, 2, 1, 1, 0, 1, 0, 1, 0, 1, 2, 1, 1, 1, 1, 0, 0, 1, 1, 2, 0]|[0, 3, 0, 3, 4, 1, 4, 4, 2, 4, 3, 2, 1, 0, 2, 1, 1, 1, 2, 1, 1, 3, 0, 1, 0, 1, 1, 4, 1, 4, 3, 2, 2, 0, 4, 1, 1, 4, 1, 1, 2, 1, 4, 4, 1, 1, 0, 2, 3, 2, 2, 1, 2, 1, 1, 2, 4, 3, 0, 2, 2, 3, 3, 0, 1, 2, 1, 1, 2, 4, 1, 3, 4, 1, 2, 4, 3, 3, 3, 1, 1, 4, 4, 2, 3, 2, 4, 2, 3, 1, 3, 4, 4, 4, 2, 2, 3, 4, 1, 2]|[0, 2, 0, 0, 3, 0, 1, 3, 0, 0, 2, 0, 1, 0, 1, 0, 0, 0, 1, 0, 0, 2, 0, 0, 1, 0, 0, 3, 0, 1, 0, 2, 0, 0, 3, 0, 1, 3, 0, 0, 0, 0, 1, 3, 0, 0, 1, 0, 2, 0, 0, 0, 0, 0, 1, 0, 1, 0, 1, 1, 0, 2, 0, 0, 0, 0, 0, 0, 0, 2, 0, 0, 1, 0, 0, 1, 0, 0, 3, 0, 0, 1, 2, 0, 0, 0, 1, 0, 3, 0, 0, 2, 1, 3, 0, 0, 0, 1, 0, 0],884.1935202920454,50179.24430758428,113572.41328703976,false
27,G3_TWC,G3_TWC,[31, 22, 82, 15, 26, 58, 95, 42, 77, 12, 47, 5, 93, 78, 98, 54, 85, 63, 18, 44, 20, 35, 43, 97, 91, 76, 10, 30, 21, 45, 71, 64, 1, 23, 17, 83, 24, 14, 60, 36, 6, 57, 94, 88, 65, 56, 79, 40, 67, 68, 46, 75, 38, 9, 19, 32, 81, 41, 27, 62, 87, 90, 99, 59, 11, 16, 72, 73, 70, 39, 37, 84, 3, 92, 25, 55, 28, 29, 51, 7, 33, 61, 86, 66, 89, 50, 48, 96, 53, 8, 80, 4, 34, 49, 52, 0, 13, 69, 2, 74]|[1, 1, 0, 1, 1, 1, 2, 1, 2, 1, 2, 2, 2, 1, 1, 0, 0, 1, 0, 2, 2, 0, 1, 2, 0, 1, 2, 2, 0, 0, 1, 2, 1, 2, 1, 0, 2, 0, 1, 1, 0, 1, 1, 1, 0, 2, 1, 1, 0, 0, 0, 0, 1, 1, 2, 1, 2, 0, 0, 0, 2, 1, 0, 1, 2, 1, 2, 1, 1, 1, 1, 1, 1, 0, 1, 1, 0, 0, 0, 1, 2, 1, 0, 2, 1, 0, 0, 0, 0, 1, 0, 0, 2, 0, 1, 0, 0, 1, 0, 2]|[4, 3, 2, 2, 0, 0, 2, 2, 2, 4, 1, 1, 2, 4, 4, 1, 2, 4, 2, 1, 1, 1, 1, 2, 1, 2, 1, 1, 1, 1, 3, 2, 3, 0, 4, 0, 1, 1, 0, 3, 2, 2, 4, 0, 1, 1, 0, 2, 0, 1, 2, 2, 1, 4, 0, 3, 2, 1, 1, 2, 1, 3, 1, 1, 1, 3, 0, 4, 3, 1, 4, 1, 1, 2, 4, 4, 2, 1, 1, 3, 1, 3, 1, 1, 1, 1, 1, 1, 2, 3, 1, 2, 1, 1, 1, 2, 2, 3, 2, 1]|[0, 2, 1, 1, 3, 3, 0, 1, 0, 0, 0, 0, 1, 0, 1, 0, 0, 3, 1, 0, 0, 0, 3, 1, 0, 2, 0, 0, 0, 1, 0, 0, 0, 0, 3, 0, 1, 0, 0, 2, 1, 1, 2, 0, 0, 0, 0, 1, 1, 0, 0, 0, 1, 3, 0, 0, 1, 0, 0, 1, 0, 2, 0, 1, 0, 2, 1, 0, 0, 1, 1, 3, 1, 1, 3, 3, 1, 0, 0, 2, 0, 0, 0, 0, 1, 0, 0, 0, 1, 2, 0, 1, 0, 1, 1, 0, 0, 0, 0, 0],802.1274951829081,57956.38699448537,89691.2003308727,false
27,G1_CMAX,G4_BALANCED,[31, 22, 82, 15, 26, 58, 95, 42, 77, 12, 47, 5, 93, 78, 86, 54, 85, 63, 18, 44, 20, 35, 43, 97, 66, 76, 10, 30, 21, 45, 71, 64, 1, 23, 17, 83, 24, 14, 60, 36, 6, 57, 40, 88, 65, 56, 79, 94, 67, 68, 46, 75, 38, 9, 19, 32, 81, 41, 27, 62, 87, 90, 99, 59, 11, 16, 72, 73, 70, 39, 37, 84, 3, 92, 25, 55, 96, 29, 51, 7, 33, 61, 98, 48, 89, 50, 4, 28, 8, 53, 80, 91, 52, 49, 34, 0, 74, 69, 2, 13]|[1, 1, 0, 1, 1, 1, 2, 1, 2, 1, 2, 2, 2, 1, 1, 0, 0, 1, 0, 2, 2, 0, 1, 2, 0, 1, 2, 2, 0, 0, 1, 2, 1, 2, 1, 0, 2, 0, 1, 1, 0, 1, 1, 1, 0, 2, 1, 1, 0, 0, 0, 0, 1, 1, 2, 1, 2, 0, 0, 0, 2, 1, 0, 1, 2, 1, 2, 1, 1, 1, 1, 1, 1, 0, 1, 1, 2, 0, 0, 1, 2, 1, 2, 0, 1, 0, 0, 0, 1, 0, 0, 2, 1, 0, 2, 0, 2, 1, 0, 0]|[4, 3, 2, 2, 4, 0, 2, 2, 2, 4, 1, 1, 2, 4, 4, 1, 2, 4, 2, 1, 1, 1, 1, 2, 1, 2, 1, 1, 1, 1, 3, 2, 3, 0, 4, 0, 1, 1, 0, 3, 2, 2, 2, 0, 1, 1, 0, 4, 0, 1, 2, 2, 1, 4, 0, 3, 2, 1, 1, 2, 1, 3, 1, 1, 1, 3, 0, 4, 3, 1, 4, 1, 1, 2, 4, 4, 1, 1, 1, 3, 1, 3, 1, 1, 1, 1, 2, 2, 3, 2, 1, 1, 1, 1, 1, 2, 1, 3, 2, 2]|[0, 2, 1, 1, 3, 3, 0, 1, 0, 0, 0, 0, 1, 0, 1, 0, 0, 3, 1, 0, 0, 0, 3, 1, 0, 2, 0, 0, 0, 1, 0, 0, 0, 0, 3, 0, 1, 0, 0, 2, 1, 1, 1, 0, 0, 0, 0, 2, 1, 0, 0, 0, 1, 3, 0, 0, 1, 0, 0, 1, 0, 2, 0, 1, 0, 2, 1, 0, 0, 1, 1, 3, 1, 1, 3, 3, 0, 0, 0, 2, 0, 0, 0, 0, 1, 0, 1, 1, 2, 1, 0, 0, 1, 1, 0, 0, 0, 0, 0, 0],771.8511225570155,57435.19217907296,92803.383275704,true
27,G4_BALANCED,G4_BALANCED,[31, 11, 15, 82, 26, 9, 95, 32, 77, 68, 47, 5, 93, 78, 86, 54, 85, 63, 18, 44, 20, 49, 36, 14, 74, 50, 53, 17, 21, 45, 71, 64, 3, 23, 30, 83, 24, 41, 60, 52, 65, 27, 90, 70, 39, 87, 48, 69, 99, 4, 46, 1, 13, 58, 97, 59, 28, 75, 73, 37, 35, 79, 22, 66, 76, 42, 40, 80, 96, 6, 16, 61, 33, 7, 57, 34, 12, 67, 10, 98, 56, 88, 29, 94, 91, 38, 19, 92, 43, 84, 62, 72, 81, 25, 2, 55, 8, 89, 51, 0]|[2, 1, 1, 2, 1, 2, 1, 1, 1, 1, 1, 0, 2, 2, 1, 2, 0, 0, 0, 2, 2, 1, 0, 2, 0, 2, 2, 1, 0, 1, 1, 1, 0, 0, 1, 0, 2, 1, 2, 2, 0, 0, 1, 1, 0, 2, 0, 2, 1, 0, 0, 2, 0, 0, 2, 0, 1, 0, 0, 0, 2, 1, 0, 2, 2, 0, 2, 2, 0, 1, 2, 1, 1, 2, 0, 1, 1, 1, 1, 2, 2, 1, 1, 2, 1, 0, 1, 0, 1, 0, 1, 1, 1, 1, 2, 0, 1, 1, 1, 0]|[1, 3, 2, 0, 4, 1, 4, 4, 2, 4, 3, 2, 1, 0, 2, 1, 1, 1, 2, 1, 1, 3, 0, 1, 0, 1, 1, 4, 1, 4, 3, 2, 2, 0, 4, 1, 1, 4, 0, 1, 2, 1, 4, 4, 1, 1, 0, 2, 3, 2, 2, 1, 2, 1, 1, 2, 4, 2, 0, 2, 2, 3, 1, 0, 1, 2, 0, 1, 2, 4, 1, 3, 4, 1, 2, 4, 3, 3, 3, 1, 1, 4, 3, 1, 3, 2, 4, 2, 4, 2, 3, 4, 1, 4, 1, 2, 3, 4, 3, 2]|[1, 2, 1, 0, 3, 0, 1, 3, 0, 0, 2, 0, 1, 0, 1, 0, 0, 0, 1, 0, 0, 2, 0, 0, 1, 0, 0, 3, 0, 1, 0, 2, 0, 1, 3, 0, 1, 3, 1, 0, 0, 0, 1, 3, 0, 0, 1, 0, 2, 0, 0, 0, 0, 0, 1, 0, 1, 0, 1, 1, 0, 2, 0, 0, 0, 0, 0, 0, 0, 2, 0, 0, 1, 0, 0, 1, 0, 0, 3, 0, 0, 1, 0, 0, 0, 0, 3, 0, 2, 0, 0, 2, 1, 3, 0, 0, 0, 1, 0, 0],842.584363225019,52352.15155925938,107294.36147715819,false
27,G2_TEC,G2_TEC,[31, 22, 82, 15, 26, 9, 95, 42, 77, 68, 47, 5, 93, 78, 86, 54, 85, 63, 18, 44, 20, 49, 36, 14, 74, 50, 53, 17, 21, 28, 11, 64, 3, 23, 30, 83, 24, 41, 40, 52, 65, 27, 90, 70, 39, 87, 48, 69, 99, 4, 46, 1, 13, 58, 97, 59, 45, 8, 73, 37, 35, 79, 71, 66, 76, 32, 60, 80, 96, 6, 16, 61, 33, 7, 57, 34, 12, 67, 10, 98, 56, 88, 43, 75, 91, 38, 19, 92, 29, 84, 2, 72, 81, 25, 51, 55, 62, 89, 94, 0]|[2, 1, 2, 1, 1, 2, 1, 1, 1, 1, 1, 0, 2, 2, 1, 2, 0, 0, 0, 2, 2, 1, 0, 2, 0, 2, 2, 1, 0, 1, 1, 1, 0, 0, 1, 0, 2, 1, 2, 2, 0, 0, 1, 1, 0, 2, 0, 2, 1, 0, 0, 2, 0, 0, 2, 0, 1, 1, 0, 0, 2, 1, 1, 2, 2, 0, 2, 2, 0, 1, 2, 1, 1, 2, 0, 1, 1, 1, 1, 2, 2, 1, 1, 0, 1, 0, 1, 0, 1, 0, 2, 1, 1, 1, 1, 0, 1, 1, 2, 0]|[0, 3, 0, 3, 4, 1, 4, 4, 2, 4, 3, 2, 1, 0, 2, 1, 1, 1, 2, 1, 1, 3, 0, 1, 0, 1, 1, 4, 1, 4, 3, 2, 2, 0, 4, 1, 1, 4, 1, 1, 2, 1, 4, 4, 1, 1, 0, 2, 3, 2, 2, 1, 2, 1, 1, 2, 4, 3, 0, 2, 2, 3, 3, 0, 1, 2, 1, 1, 2, 4, 1, 3, 4, 1, 2, 4, 3, 3, 3, 1, 1, 4, 4, 2, 3, 2, 4, 2, 3, 2, 1, 4, 4, 4, 3, 2, 3, 4, 1, 2]|[0, 2, 0, 0, 3, 0, 1, 3, 0, 0, 2, 0, 1, 0, 1, 0, 0, 0, 1, 0, 0, 2, 0, 0, 1, 0, 0, 3, 0, 1, 0, 2, 0, 0, 3, 0, 1, 3, 0, 0, 0, 0, 1, 3, 0, 0, 1, 0, 2, 0, 0, 0, 0, 0, 1, 0, 1, 0, 1, 1, 0, 2, 0, 0, 0, 0, 0, 0, 0, 2, 0, 0, 1, 0, 0, 1, 0, 0, 3, 0, 0, 1, 2, 0, 0, 0, 1, 0, 3, 0, 0, 2, 1, 3, 0, 0, 0, 1, 0, 0],884.1935202920454,50174.268870086526,113547.00447605085,false
27,G3_TWC,G3_TWC,[31, 22, 82, 15, 26, 58, 95, 42, 77, 12, 47, 5, 93, 78, 98, 54, 85, 63, 18, 44, 20, 35, 43, 97, 91, 76, 10, 30, 21, 45, 71, 64, 1, 23, 17, 83, 24, 14, 60, 36, 6, 57, 94, 88, 65, 56, 79, 40, 67, 68, 46, 75, 38, 9, 19, 32, 81, 41, 27, 62, 87, 90, 99, 59, 11, 16, 72, 73, 70, 39, 37, 84, 3, 92, 25, 55, 28, 29, 51, 7, 33, 61, 86, 66, 89, 50, 48, 96, 53, 8, 80, 4, 34, 49, 52, 0, 13, 69, 2, 74]|[1, 1, 0, 1, 1, 1, 2, 1, 2, 1, 2, 2, 2, 1, 1, 0, 0, 1, 0, 2, 2, 0, 1, 2, 0, 1, 2, 2, 0, 0, 1, 2, 1, 2, 1, 0, 2, 0, 1, 1, 0, 1, 1, 1, 0, 2, 1, 1, 0, 0, 0, 0, 1, 1, 2, 1, 2, 0, 0, 0, 2, 1, 0, 1, 2, 1, 2, 1, 1, 1, 1, 1, 1, 0, 1, 1, 0, 0, 0, 1, 2, 1, 0, 2, 1, 0, 0, 0, 0, 1, 0, 0, 2, 0, 1, 0, 0, 1, 0, 2]|[4, 3, 2, 2, 0, 0, 2, 2, 2, 4, 1, 1, 2, 4, 4, 1, 2, 4, 2, 1, 1, 1, 1, 2, 1, 2, 1, 1, 1, 1, 3, 2, 3, 0, 4, 0, 1, 1, 0, 3, 2, 2, 4, 0, 1, 1, 0, 2, 0, 1, 2, 2, 1, 4, 0, 3, 2, 1, 1, 2, 1, 3, 1, 1, 1, 3, 0, 4, 3, 1, 4, 1, 1, 2, 4, 4, 2, 1, 1, 3, 1, 3, 1, 1, 1, 1, 1, 1, 2, 3, 1, 2, 1, 1, 1, 2, 2, 3, 2, 1]|[0, 2, 1, 1, 3, 3, 0, 1, 0, 0, 0, 0, 1, 0, 1, 0, 0, 3, 1, 0, 0, 0, 3, 1, 0, 2, 0, 0, 0, 1, 0, 0, 0, 0, 3, 0, 1, 0, 0, 2, 1, 1, 2, 0, 0, 0, 0, 1, 1, 0, 0, 0, 1, 3, 0, 0, 1, 0, 0, 1, 0, 2, 0, 1, 0, 2, 1, 0, 0, 1, 1, 3, 1, 1, 3, 3, 1, 0, 0, 2, 0, 0, 0, 0, 1, 0, 0, 0, 1, 2, 0, 1, 0, 1, 1, 0, 0, 0, 0, 0],802.1274951829081,57956.38699448537,89691.2003308727,false
27,G1_CMAX,G4_BALANCED,[31, 22, 82, 15, 26, 58, 95, 42, 77, 12, 47, 5, 93, 78, 86, 54, 85, 63, 18, 44, 20, 35, 43, 97, 66, 76, 10, 30, 21, 45, 71, 64, 1, 23, 17, 83, 24, 14, 60, 36, 6, 57, 40, 88, 65, 56, 79, 94, 67, 68, 46, 75, 38, 9, 19, 32, 81, 41, 27, 62, 87, 90, 99, 59, 11, 16, 72, 73, 70, 39, 37, 84, 3, 92, 25, 55, 96, 29, 51, 7, 33, 61, 98, 48, 89, 50, 4, 28, 8, 53, 80, 91, 52, 49, 34, 0, 74, 69, 2, 13]|[1, 1, 0, 1, 1, 1, 2, 1, 2, 1, 2, 2, 2, 1, 1, 0, 0, 1, 0, 2, 2, 0, 1, 2, 0, 1, 2, 2, 0, 0, 1, 2, 1, 2, 1, 0, 2, 0, 1, 1, 0, 1, 1, 1, 0, 2, 1, 1, 0, 0, 0, 0, 1, 1, 2, 1, 2, 0, 0, 0, 2, 1, 0, 1, 2, 1, 2, 1, 1, 1, 1, 1, 1, 0, 1, 1, 2, 0, 0, 1, 2, 1, 2, 0, 1, 0, 0, 0, 1, 0, 0, 2, 1, 0, 2, 0, 2, 1, 0, 0]|[4, 3, 2, 2, 4, 0, 2, 2, 2, 4, 1, 1, 2, 4, 4, 1, 2, 4, 2, 1, 1, 1, 1, 2, 1, 2, 1, 1, 1, 1, 3, 2, 3, 0, 4, 0, 1, 1, 0, 3, 2, 2, 2, 0, 1, 1, 0, 4, 0, 1, 2, 2, 1, 4, 0, 3, 2, 1, 1, 2, 1, 3, 1, 1, 1, 3, 0, 4, 3, 1, 4, 1, 1, 2, 4, 4, 1, 1, 1, 3, 1, 3, 1, 1, 1, 1, 2, 2, 3, 2, 1, 1, 1, 1, 1, 2, 1, 3, 2, 2]|[0, 2, 1, 1, 3, 3, 0, 1, 0, 0, 0, 0, 1, 0, 1, 0, 0, 3, 1, 0, 0, 0, 3, 1, 0, 2, 0, 0, 0, 1, 0, 0, 0, 0, 3, 0, 1, 0, 0, 2, 1, 1, 1, 0, 0, 0, 0, 2, 1, 0, 0, 0, 1, 3, 0, 0, 1, 0, 0, 1, 0, 2, 0, 1, 0, 2, 1, 0, 0, 1, 1, 3, 1, 1, 3, 3, 0, 0, 0, 2, 0, 0, 0, 0, 1, 0, 1, 1, 2, 1, 0, 0, 1, 1, 0, 0, 0, 0, 0, 0],771.8511225570155,57435.19217907296,92803.383275704,true
27,G4_BALANCED,G4_BALANCED,[31, 11, 15, 82, 26, 9, 95, 32, 77, 68, 47, 5, 93, 78, 86, 54, 85, 63, 18, 44, 20, 49, 36, 14, 74, 50, 53, 17, 21, 45, 71, 64, 3, 23, 30, 83, 24, 41, 60, 52, 65, 27, 90, 70, 39, 87, 48, 69, 99, 4, 46, 1, 13, 58, 97, 59, 28, 75, 73, 37, 35, 79, 22, 66, 76, 42, 40, 80, 96, 6, 16, 61, 33, 7, 57, 34, 12, 67, 10, 98, 56, 88, 29, 94, 91, 38, 19, 92, 43, 84, 62, 72, 81, 25, 2, 55, 8, 89, 51, 0]|[2, 1, 1, 2, 1, 2, 1, 1, 1, 1, 1, 0, 2, 2, 1, 2, 0, 0, 0, 2, 2, 1, 0, 2, 0, 2, 2, 1, 0, 1, 1, 1, 0, 0, 1, 0, 2, 1, 2, 2, 0, 0, 1, 1, 0, 2, 0, 2, 1, 0, 0, 2, 0, 0, 2, 0, 1, 0, 0, 0, 2, 1, 0, 2, 2, 0, 2, 2, 0, 1, 2, 1, 1, 2, 0, 1, 1, 1, 1, 2, 2, 1, 1, 2, 1, 0, 1, 0, 1, 0, 1, 1, 1, 1, 2, 0, 1, 1, 1, 0]|[1, 3, 2, 0, 4, 1, 4, 4, 2, 4, 3, 2, 1, 0, 2, 1, 1, 1, 2, 1, 1, 3, 0, 1, 0, 1, 1, 4, 1, 4, 3, 2, 2, 0, 4, 1, 1, 4, 0, 1, 2, 1, 4, 4, 1, 1, 0, 2, 3, 2, 2, 1, 2, 1, 1, 2, 4, 2, 0, 2, 2, 3, 1, 0, 1, 2, 0, 1, 2, 4, 1, 3, 4, 1, 2, 4, 3, 3, 3, 1, 1, 4, 3, 1, 3, 2, 4, 2, 4, 2, 3, 4, 1, 4, 1, 2, 3, 4, 3, 2]|[1, 2, 1, 0, 3, 0, 1, 3, 0, 0, 2, 0, 1, 0, 1, 0, 0, 0, 1, 0, 0, 2, 0, 0, 1, 0, 0, 3, 0, 1, 0, 2, 0, 1, 3, 0, 1, 3, 1, 0, 0, 0, 1, 3, 0, 0, 1, 0, 2, 0, 0, 0, 0, 0, 1, 0, 1, 0, 1, 1, 0, 2, 0, 0, 0, 0, 0, 0, 0, 2, 0, 0, 1, 0, 0, 1, 0, 0, 3, 0, 0, 1, 0, 0, 0, 0, 3, 0, 2, 0, 0, 2, 1, 3, 0, 0, 0, 1, 0, 0],842.584363225019,52352.15155925938,107294.36147715819,false
27,G2_TEC,G2_TEC,[31, 22, 82, 15, 26, 9, 95, 42, 77, 68, 47, 5, 93, 78, 86, 54, 85, 63, 18, 44, 20, 49, 36, 14, 74, 50, 53, 17, 21, 28, 11, 64, 3, 23, 30, 83, 24, 41, 40, 52, 65, 27, 90, 70, 39, 87, 48, 69, 99, 4, 46, 1, 13, 58, 97, 59, 45, 8, 73, 37, 35, 79, 71, 66, 76, 32, 60, 80, 96, 6, 16, 61, 33, 7, 57, 34, 12, 67, 10, 98, 56, 88, 43, 75, 91, 38, 19, 92, 29, 84, 2, 72, 81, 25, 51, 55, 62, 89, 94, 0]|[2, 1, 2, 1, 1, 2, 1, 1, 1, 1, 1, 0, 2, 2, 1, 2, 0, 0, 0, 2, 2, 1, 0, 2, 0, 2, 2, 1, 0, 1, 1, 1, 0, 0, 1, 0, 2, 1, 2, 2, 0, 0, 1, 1, 0, 2, 0, 2, 1, 0, 0, 2, 0, 0, 2, 0, 1, 1, 0, 0, 2, 1, 1, 2, 2, 0, 2, 2, 0, 1, 2, 1, 1, 2, 0, 1, 1, 1, 1, 2, 2, 1, 1, 0, 1, 0, 1, 0, 1, 0, 2, 1, 1, 1, 1, 0, 1, 1, 2, 0]|[0, 3, 0, 3, 4, 1, 4, 4, 2, 4, 3, 2, 1, 0, 2, 1, 1, 1, 2, 1, 1, 3, 0, 1, 0, 1, 1, 4, 1, 4, 3, 2, 2, 0, 4, 1, 1, 4, 1, 1, 2, 1, 4, 4, 1, 1, 0, 2, 3, 2, 2, 1, 2, 1, 1, 2, 4, 3, 0, 2, 2, 3, 3, 0, 1, 2, 1, 1, 2, 4, 1, 3, 4, 1, 2, 4, 3, 3, 3, 1, 1, 4, 4, 2, 3, 2, 4, 2, 3, 2, 1, 4, 4, 4, 3, 2, 3, 4, 1, 2]|[0, 2, 0, 0, 3, 0, 1, 3, 0, 0, 2, 0, 1, 0, 1, 0, 0, 0, 1, 0, 0, 2, 0, 0, 1, 0, 0, 3, 0, 1, 0, 2, 0, 0, 3, 0, 1, 3, 0, 0, 0, 0, 1, 3, 0, 0, 1, 0, 2, 0, 0, 0, 0, 0, 1, 0, 1, 0, 1, 1, 0, 2, 0, 0, 0, 0, 0, 0, 0, 2, 0, 0, 1, 0, 0, 1, 0, 0, 3, 0, 0, 1, 2, 0, 0, 0, 1, 0, 3, 0, 0, 2, 1, 3, 0, 0, 0, 1, 0, 0],884.1935202920454,50174.268870086526,113547.00447605085,false
27,G3_TWC,G3_TWC,[31, 22, 82, 15, 26, 58, 95, 42, 77, 12, 47, 5, 93, 78, 98, 54, 85, 63, 18, 44, 20, 35, 43, 97, 91, 76, 10, 30, 21, 45, 71, 64, 1, 23, 17, 83, 24, 14, 60, 36, 6, 57, 94, 88, 65, 56, 79, 40, 67, 68, 46, 75, 38, 9, 19, 32, 81, 41, 27, 62, 87, 90, 99, 59, 11, 16, 72, 73, 70, 39, 37, 84, 3, 92, 25, 55, 28, 29, 51, 7, 33, 61, 86, 66, 89, 50, 48, 96, 53, 8, 80, 4, 34, 49, 52, 0, 13, 69, 2, 74]|[1, 1, 0, 1, 1, 1, 2, 1, 2, 1, 2, 2, 2, 1, 1, 0, 0, 1, 0, 2, 2, 0, 1, 2, 0, 1, 2, 2, 0, 0, 1, 2, 1, 2, 1, 0, 2, 0, 1, 1, 0, 1, 1, 1, 0, 2, 1, 1, 0, 0, 0, 0, 1, 1, 2, 1, 2, 0, 0, 0, 2, 1, 0, 1, 2, 1, 2, 1, 1, 1, 1, 1, 1, 0, 1, 1, 0, 0, 0, 1, 2, 1, 0, 2, 1, 0, 0, 0, 0, 1, 0, 0, 2, 0, 1, 0, 0, 1, 0, 2]|[4, 3, 2, 2, 0, 0, 2, 2, 2, 4, 1, 1, 2, 4, 4, 1, 2, 4, 2, 1, 1, 1, 1, 2, 1, 2, 1, 1, 1, 1, 3, 2, 3, 0, 4, 0, 1, 1, 0, 3, 2, 2, 4, 0, 1, 1, 0, 2, 0, 1, 2, 2, 1, 4, 0, 3, 2, 1, 1, 2, 1, 3, 1, 1, 1, 3, 0, 4, 3, 1, 4, 1, 1, 2, 4, 4, 2, 1, 1, 3, 1, 3, 1, 1, 1, 1, 1, 1, 2, 3, 1, 2, 1, 1, 1, 2, 2, 3, 2, 1]|[0, 2, 1, 1, 3, 3, 0, 1, 0, 0, 0, 0, 1, 0, 1, 0, 0, 3, 1, 0, 0, 0, 3, 1, 0, 2, 0, 0, 0, 1, 0, 0, 0, 0, 3, 0, 1, 0, 0, 2, 1, 1, 2, 0, 0, 0, 0, 1, 1, 0, 0, 0, 1, 3, 0, 0, 1, 0, 0, 1, 0, 2, 0, 1, 0, 2, 1, 0, 0, 1, 1, 3, 1, 1, 3, 3, 1, 0, 0, 2, 0, 0, 0, 0, 1, 0, 0, 0, 1, 2, 0, 1, 0, 1, 1, 0, 0, 0, 0, 0],802.1274951829081,57956.38699448537,89691.2003308727,false
27,G1_CMAX,G4_BALANCED,[31, 22, 82, 15, 26, 58, 95, 42, 77, 12, 47, 5, 93, 78, 86, 54, 85, 63, 18, 44, 20, 35, 43, 97, 66, 76, 10, 30, 21, 45, 71, 64, 1, 23, 17, 83, 24, 14, 60, 36, 6, 57, 40, 88, 65, 56, 79, 94, 67, 68, 46, 75, 38, 9, 19, 32, 81, 41, 27, 62, 87, 90, 99, 59, 11, 16, 72, 73, 70, 39, 37, 84, 3, 92, 25, 55, 96, 29, 51, 7, 33, 61, 98, 48, 89, 50, 4, 28, 8, 53, 80, 91, 52, 49, 34, 0, 74, 69, 2, 13]|[1, 1, 0, 1, 1, 1, 2, 1, 2, 1, 2, 2, 2, 1, 1, 0, 0, 1, 0, 2, 2, 0, 1, 2, 0, 1, 2, 2, 0, 0, 1, 2, 1, 2, 1, 0, 2, 0, 1, 1, 0, 1, 1, 1, 0, 2, 1, 1, 0, 0, 0, 0, 1, 1, 2, 1, 2, 0, 0, 0, 2, 1, 0, 1, 2, 1, 2, 1, 1, 1, 1, 1, 1, 0, 1, 1, 2, 0, 0, 1, 2, 1, 2, 0, 1, 0, 0, 0, 1, 0, 0, 2, 1, 0, 2, 0, 2, 1, 0, 0]|[4, 3, 2, 2, 4, 0, 2, 2, 2, 4, 1, 1, 2, 4, 4, 1, 2, 4, 2, 1, 1, 1, 1, 2, 1, 2, 1, 1, 1, 1, 3, 2, 3, 0, 4, 0, 1, 1, 0, 3, 2, 2, 2, 0, 1, 1, 0, 4, 0, 1, 2, 2, 1, 4, 0, 3, 2, 1, 1, 2, 1, 3, 1, 1, 1, 3, 0, 4, 3, 1, 4, 1, 1, 2, 4, 4, 1, 1, 1, 3, 1, 3, 1, 1, 1, 1, 2, 2, 3, 2, 1, 1, 1, 1, 1, 2, 1, 3, 2, 2]|[0, 2, 1, 1, 3, 3, 0, 1, 0, 0, 0, 0, 1, 0, 1, 0, 0, 3, 1, 0, 0, 0, 3, 1, 0, 2, 0, 0, 0, 1, 0, 0, 0, 0, 3, 0, 1, 0, 0, 2, 1, 1, 1, 0, 0, 0, 0, 2, 1, 0, 0, 0, 1, 3, 0, 0, 1, 0, 0, 1, 0, 2, 0, 1, 0, 2, 1, 0, 0, 1, 1, 3, 1, 1, 3, 3, 0, 0, 0, 2, 0, 0, 0, 0, 1, 0, 1, 1, 2, 1, 0, 0, 1, 1, 0, 0, 0, 0, 0, 0],771.8511225570155,57435.19217907296,92803.383275704,true
27,G4_BALANCED,G4_BALANCED,[31, 11, 15, 82, 26, 9, 95, 32, 77, 68, 47, 5, 93, 78, 86, 54, 85, 63, 18, 44, 20, 49, 36, 14, 74, 50, 53, 17, 21, 45, 71, 64, 3, 23, 30, 83, 24, 41, 60, 52, 65, 27, 90, 70, 39, 87, 48, 69, 99, 4, 46, 1, 13, 58, 97, 59, 28, 75, 73, 37, 35, 79, 22, 66, 76, 42, 40, 80, 96, 6, 16, 61, 33, 7, 57, 34, 12, 67, 10, 98, 56, 88, 29, 94, 91, 38, 19, 92, 43, 84, 62, 72, 81, 25, 2, 55, 8, 89, 51, 0]|[2, 1, 1, 2, 1, 2, 1, 1, 1, 1, 1, 0, 2, 2, 1, 2, 0, 0, 0, 2, 2, 1, 0, 2, 0, 2, 2, 1, 0, 1, 1, 1, 0, 0, 1, 0, 2, 1, 2, 2, 0, 0, 1, 1, 0, 2, 0, 2, 1, 0, 0, 2, 0, 0, 2, 0, 1, 0, 0, 0, 2, 1, 0, 2, 2, 0, 2, 2, 0, 1, 2, 1, 1, 2, 0, 1, 1, 1, 1, 2, 2, 1, 1, 2, 1, 0, 1, 0, 1, 0, 1, 1, 1, 1, 2, 0, 1, 1, 1, 0]|[1, 3, 2, 0, 4, 1, 4, 4, 2, 4, 3, 2, 1, 0, 2, 1, 1, 1, 2, 1, 1, 3, 0, 1, 0, 1, 1, 4, 1, 4, 3, 2, 2, 0, 4, 1, 1, 4, 0, 1, 2, 1, 4, 4, 1, 1, 0, 2, 3, 2, 2, 1, 2, 1, 1, 2, 4, 2, 0, 2, 2, 3, 1, 0, 1, 2, 0, 1, 2, 4, 1, 3, 4, 1, 2, 4, 3, 3, 3, 1, 1, 4, 3, 1, 3, 2, 4, 2, 4, 2, 3, 4, 1, 4, 1, 2, 3, 4, 3, 2]|[1, 2, 1, 0, 3, 0, 1, 3, 0, 0, 2, 0, 1, 0, 1, 0, 0, 0, 1, 0, 0, 2, 0, 0, 1, 0, 0, 3, 0, 1, 0, 2, 0, 1, 3, 0, 1, 3, 1, 0, 0, 0, 1, 3, 0, 0, 1, 0, 2, 0, 0, 0, 0, 0, 1, 0, 1, 0, 1, 1, 0, 2, 0, 0, 0, 0, 0, 0, 0, 2, 0, 0, 1, 0, 0, 1, 0, 0, 3, 0, 0, 1, 0, 0, 0, 0, 3, 0, 2, 0, 0, 2, 1, 3, 0, 0, 0, 1, 0, 0],842.584363225019,52352.15155925938,107294.36147715819,false
27,G2_TEC,G2_TEC,[31, 22, 82, 15, 26, 9, 95, 42, 77, 68, 47, 5, 93, 78, 86, 54, 85, 63, 18, 44, 20, 49, 36, 14, 74, 50, 53, 17, 21, 28, 11, 64, 3, 23, 30, 83, 24, 41, 40, 52, 65, 27, 90, 70, 39, 87, 48, 69, 99, 4, 46, 1, 13, 58, 97, 59, 45, 8, 73, 37, 35, 79, 71, 66, 76, 32, 60, 80, 96, 6, 16, 61, 33, 7, 57, 34, 12, 67, 10, 98, 56, 88, 43, 75, 91, 38, 19, 92, 29, 84, 2, 72, 81, 25, 51, 55, 62, 89, 94, 0]|[2, 1, 2, 1, 1, 2, 1, 1, 1, 1, 1, 0, 2, 2, 1, 2, 0, 0, 0, 2, 2, 1, 0, 2, 0, 2, 2, 1, 0, 1, 1, 1, 0, 0, 1, 0, 2, 1, 2, 2, 0, 0, 1, 1, 0, 2, 0, 2, 1, 0, 0, 2, 0, 0, 2, 0, 1, 1, 0, 0, 2, 1, 1, 2, 2, 0, 2, 2, 0, 1, 2, 1, 1, 2, 0, 1, 1, 1, 1, 2, 2, 1, 1, 0, 1, 0, 1, 0, 1, 0, 2, 1, 1, 1, 1, 0, 1, 1, 2, 0]|[0, 3, 0, 3, 4, 1, 4, 4, 2, 4, 3, 2, 1, 0, 2, 1, 1, 1, 2, 1, 1, 3, 0, 1, 0, 1, 1, 4, 1, 4, 3, 2, 2, 0, 4, 1, 1, 4, 1, 1, 2, 1, 4, 4, 1, 1, 0, 2, 3, 2, 2, 1, 2, 1, 1, 2, 4, 3, 0, 2, 2, 3, 3, 0, 1, 2, 1, 1, 2, 4, 1, 3, 4, 1, 2, 4, 3, 3, 3, 1, 1, 4, 4, 2, 3, 2, 4, 2, 3, 2, 1, 4, 4, 4, 3, 2, 3, 4, 1, 2]|[0, 2, 0, 0, 3, 0, 1, 3, 0, 0, 2, 0, 1, 0, 1, 0, 0, 0, 1, 0, 0, 2, 0, 0, 1, 0, 0, 3, 0, 1, 0, 2, 0, 0, 3, 0, 1, 3, 0, 0, 0, 0, 1, 3, 0, 0, 1, 0, 2, 0, 0, 0, 0, 0, 1, 0, 1, 0, 1, 1, 0, 2, 0, 0, 0, 0, 0, 0, 0, 2, 0, 0, 1, 0, 0, 1, 0, 0, 3, 0, 0, 1, 2, 0, 0, 0, 1, 0, 3, 0, 0, 2, 1, 3, 0, 0, 0, 1, 0, 0],884.1935202920454,50174.268870086526,113547.00447605085,false
27,G3_TWC,G3_TWC,[31, 22, 82, 15, 26, 58, 95, 42, 77, 12, 47, 5, 93, 78, 98, 54, 85, 63, 18, 44, 20, 35, 43, 97, 91, 76, 10, 30, 21, 45, 71, 64, 1, 23, 17, 83, 24, 14, 60, 36, 6, 57, 94, 88, 65, 56, 79, 40, 67, 68, 46, 75, 38, 9, 19, 32, 81, 41, 27, 62, 87, 90, 99, 59, 11, 16, 72, 73, 70, 39, 37, 84, 3, 92, 25, 55, 28, 29, 51, 7, 33, 61, 86, 66, 89, 50, 48, 96, 53, 8, 80, 4, 34, 49, 52, 0, 13, 69, 2, 74]|[1, 1, 0, 1, 1, 1, 2, 1, 2, 1, 2, 2, 2, 1, 1, 0, 0, 1, 0, 2, 2, 0, 1, 2, 0, 1, 2, 2, 0, 0, 1, 2, 1, 2, 1, 0, 2, 0, 1, 1, 0, 1, 1, 1, 0, 2, 1, 1, 0, 0, 0, 0, 1, 1, 2, 1, 2, 0, 0, 0, 2, 1, 0, 1, 2, 1, 2, 1, 1, 1, 1, 1, 1, 0, 1, 1, 0, 0, 0, 1, 2, 1, 0, 2, 1, 0, 0, 0, 0, 1, 0, 0, 2, 0, 1, 0, 0, 1, 0, 2]|[4, 3, 2, 2, 0, 0, 2, 2, 2, 4, 1, 1, 2, 4, 4, 1, 2, 4, 2, 1, 1, 1, 1, 2, 1, 2, 1, 1, 1, 1, 3, 2, 3, 0, 4, 0, 1, 1, 0, 3, 2, 2, 4, 0, 1, 1, 0, 2, 0, 1, 2, 2, 1, 4, 0, 3, 2, 1, 1, 2, 1, 3, 1, 1, 1, 3, 0, 4, 3, 1, 4, 1, 1, 2, 4, 4, 2, 1, 1, 3, 1, 3, 1, 1, 1, 1, 1, 1, 2, 3, 1, 2, 1, 1, 1, 2, 2, 3, 2, 1]|[0, 2, 1, 1, 3, 3, 0, 1, 0, 0, 0, 0, 1, 0, 1, 0, 0, 3, 1, 0, 0, 0, 3, 1, 0, 2, 0, 0, 0, 1, 0, 0, 0, 0, 3, 0, 1, 0, 0, 2, 1, 1, 2, 0, 0, 0, 0, 1, 1, 0, 0, 0, 1, 3, 0, 0, 1, 0, 0, 1, 0, 2, 0, 1, 0, 2, 1, 0, 0, 1, 1, 3, 1, 1, 3, 3, 1, 0, 0, 2, 0, 0, 0, 0, 1, 0, 0, 0, 1, 2, 0, 1, 0, 1, 1, 0, 0, 0, 0, 0],802.1274951829081,57956.38699448537,89691.2003308727,false
27,G1_CMAX,G4_BALANCED,[31, 22, 82, 15, 26, 58, 95, 42, 77, 12, 47, 5, 93, 78, 86, 54, 85, 63, 18, 44, 20, 35, 43, 97, 66, 76, 10, 30, 21, 45, 71, 64, 1, 23, 17, 83, 24, 14, 60, 36, 6, 57, 40, 88, 65, 56, 79, 94, 67, 68, 46, 75, 38, 9, 19, 32, 81, 41, 27, 62, 87, 90, 99, 59, 11, 16, 72, 73, 70, 39, 37, 84, 3, 92, 25, 55, 96, 29, 51, 7, 33, 61, 98, 48, 89, 50, 4, 28, 8, 53, 80, 91, 52, 49, 34, 0, 74, 69, 2, 13]|[1, 1, 0, 1, 1, 1, 2, 1, 2, 1, 2, 2, 2, 1, 1, 0, 0, 1, 0, 2, 2, 0, 1, 2, 0, 1, 2, 2, 0, 0, 1, 2, 1, 2, 1, 0, 2, 0, 1, 1, 0, 1, 1, 1, 0, 2, 1, 1, 0, 0, 0, 0, 1, 1, 2, 1, 2, 0, 0, 0, 2, 1, 0, 1, 2, 1, 2, 1, 1, 1, 1, 1, 1, 0, 1, 1, 2, 0, 0, 1, 2, 1, 2, 0, 1, 0, 0, 0, 1, 0, 0, 2, 1, 0, 2, 0, 2, 1, 0, 0]|[4, 3, 2, 2, 4, 0, 2, 2, 2, 4, 1, 1, 2, 4, 4, 1, 2, 4, 2, 1, 1, 1, 1, 2, 1, 2, 1, 1, 1, 1, 3, 2, 3, 0, 4, 0, 1, 1, 0, 3, 2, 2, 2, 0, 1, 1, 0, 4, 0, 1, 2, 2, 1, 4, 0, 3, 2, 1, 1, 2, 1, 3, 1, 1, 1, 3, 0, 4, 3, 1, 4, 1, 1, 2, 4, 4, 1, 1, 1, 3, 1, 3, 1, 1, 1, 1, 2, 2, 3, 2, 1, 1, 1, 1, 1, 2, 1, 3, 2, 2]|[0, 2, 1, 1, 3, 3, 0, 1, 0, 0, 0, 0, 1, 0, 1, 0, 0, 3, 1, 0, 0, 0, 3, 1, 0, 2, 0, 0, 0, 1, 0, 0, 0, 0, 3, 0, 1, 0, 0, 2, 1, 1, 1, 0, 0, 0, 0, 2, 1, 0, 0, 0, 1, 3, 0, 0, 1, 0, 0, 1, 0, 2, 0, 1, 0, 2, 1, 0, 0, 1, 1, 3, 1, 1, 3, 3, 0, 0, 0, 2, 0, 0, 0, 0, 1, 0, 1, 1, 2, 1, 0, 0, 1, 1, 0, 0, 0, 0, 0, 0],771.8511225570155,57435.19217907296,92803.383275704,true
27,G4_BALANCED,G4_BALANCED,[31, 11, 15, 82, 26, 9, 95, 32, 77, 68, 47, 5, 93, 78, 86, 54, 85, 63, 18, 44, 20, 49, 36, 14, 74, 50, 53, 17, 21, 45, 71, 64, 3, 23, 30, 83, 24, 41, 60, 52, 65, 27, 90, 70, 39, 87, 48, 69, 99, 4, 46, 1, 13, 58, 97, 59, 28, 75, 73, 37, 35, 79, 22, 66, 76, 42, 40, 80, 96, 6, 16, 61, 33, 7, 57, 34, 12, 67, 10, 98, 56, 88, 29, 94, 91, 38, 19, 92, 43, 84, 62, 72, 81, 25, 2, 55, 8, 89, 51, 0]|[2, 1, 1, 2, 1, 2, 1, 1, 1, 1, 1, 0, 2, 2, 1, 2, 0, 0, 0, 2, 2, 1, 0, 2, 0, 2, 2, 1, 0, 1, 1, 1, 0, 0, 1, 0, 2, 1, 2, 2, 0, 0, 1, 1, 0, 2, 0, 2, 1, 0, 0, 2, 0, 0, 2, 0, 1, 0, 0, 0, 2, 1, 0, 2, 2, 0, 2, 2, 0, 1, 2, 1, 1, 2, 0, 1, 1, 1, 1, 2, 2, 1, 1, 2, 1, 0, 1, 0, 1, 0, 1, 1, 1, 1, 2, 0, 1, 1, 1, 0]|[1, 3, 2, 0, 4, 1, 4, 4, 2, 4, 3, 2, 1, 0, 2, 1, 1, 1, 2, 1, 1, 3, 0, 1, 0, 1, 1, 4, 1, 4, 3, 2, 2, 0, 4, 1, 1, 4, 0, 1, 2, 1, 4, 4, 1, 1, 0, 2, 3, 2, 2, 1, 2, 1, 1, 2, 4, 2, 0, 2, 2, 3, 1, 0, 1, 2, 0, 1, 2, 4, 1, 3, 4, 1, 2, 4, 3, 3, 3, 1, 1, 4, 3, 1, 3, 2, 4, 2, 4, 2, 3, 4, 1, 4, 1, 2, 3, 4, 3, 2]|[1, 2, 1, 0, 3, 0, 1, 3, 0, 0, 2, 0, 1, 0, 1, 0, 0, 0, 1, 0, 0, 2, 0, 0, 1, 0, 0, 3, 0, 1, 0, 2, 0, 1, 3, 0, 1, 3, 1, 0, 0, 0, 1, 3, 0, 0, 1, 0, 2, 0, 0, 0, 0, 0, 1, 0, 1, 0, 1, 1, 0, 2, 0, 0, 0, 0, 0, 0, 0, 2, 0, 0, 1, 0, 0, 1, 0, 0, 3, 0, 0, 1, 0, 0, 0, 0, 3, 0, 2, 0, 0, 2, 1, 3, 0, 0, 0, 1, 0, 0],842.584363225019,52352.15155925938,107294.36147715819,false
27,G2_TEC,G2_TEC,[31, 22, 82, 15, 26, 9, 95, 42, 77, 68, 47, 5, 93, 78, 86, 54, 85, 63, 18, 44, 20, 49, 36, 14, 74, 50, 53, 17, 21, 28, 11, 64, 3, 23, 30, 83, 24, 41, 40, 52, 65, 27, 90, 70, 39, 87, 48, 69, 99, 4, 46, 1, 13, 58, 97, 59, 45, 8, 73, 37, 35, 79, 71, 66, 76, 32, 60, 80, 96, 6, 16, 61, 33, 7, 57, 34, 12, 67, 10, 98, 56, 88, 43, 75, 91, 38, 19, 92, 29, 84, 2, 72, 81, 25, 51, 55, 62, 89, 94, 0]|[2, 1, 2, 1, 1, 2, 1, 1, 1, 1, 1, 0, 2, 2, 1, 2, 0, 0, 0, 2, 2, 1, 0, 2, 0, 2, 2, 1, 0, 1, 1, 1, 0, 0, 1, 0, 2, 1, 2, 2, 0, 0, 1, 1, 0, 2, 0, 2, 1, 0, 0, 2, 0, 0, 2, 0, 1, 1, 0, 0, 2, 1, 1, 2, 2, 0, 2, 2, 0, 1, 2, 1, 1, 2, 0, 1, 1, 1, 1, 2, 2, 1, 1, 0, 1, 0, 1, 0, 1, 0, 2, 1, 1, 1, 1, 0, 1, 1, 2, 0]|[0, 3, 0, 3, 4, 1, 4, 4, 2, 4, 3, 2, 1, 0, 2, 1, 1, 1, 2, 1, 1, 3, 0, 1, 0, 1, 1, 4, 1, 4, 3, 2, 2, 0, 4, 1, 1, 4, 1, 1, 2, 1, 4, 4, 1, 1, 0, 2, 3, 2, 2, 1, 2, 1, 1, 2, 4, 3, 0, 2, 2, 3, 3, 0, 1, 2, 1, 1, 2, 4, 1, 3, 4, 1, 2, 4, 3, 3, 3, 1, 1, 4, 4, 2, 3, 2, 4, 2, 3, 2, 1, 4, 4, 4, 3, 2, 3, 4, 1, 2]|[0, 2, 0, 0, 3, 0, 1, 3, 0, 0, 2, 0, 1, 0, 1, 0, 0, 0, 1, 0, 0, 2, 0, 0, 1, 0, 0, 3, 0, 1, 0, 2, 0, 0, 3, 0, 1, 3, 0, 0, 0, 0, 1, 3, 0, 0, 1, 0, 2, 0, 0, 0, 0, 0, 1, 0, 1, 0, 1, 1, 0, 2, 0, 0, 0, 0, 0, 0, 0, 2, 0, 0, 1, 0, 0, 1, 0, 0, 3, 0, 0, 1, 2, 0, 0, 0, 1, 0, 3, 0, 0, 2, 1, 3, 0, 0, 0, 1, 0, 0],884.1935202920454,50174.268870086526,113547.00447605085,false
27,G3_TWC,G3_TWC,[31, 22, 82, 15, 26, 58, 95, 42, 77, 12, 47, 5, 93, 78, 98, 54, 85, 63, 18, 44, 20, 35, 43, 97, 91, 76, 10, 30, 21, 45, 71, 64, 1, 23, 17, 83, 24, 14, 60, 36, 6, 57, 94, 88, 65, 56, 79, 40, 67, 68, 46, 75, 38, 9, 19, 32, 81, 41, 27, 62, 87, 90, 99, 59, 11, 16, 72, 73, 70, 39, 37, 84, 3, 92, 25, 55, 28, 29, 51, 7, 33, 61, 86, 66, 89, 50, 48, 96, 53, 8, 80, 4, 34, 49, 52, 0, 13, 69, 2, 74]|[1, 1, 0, 1, 1, 1, 2, 1, 2, 1, 2, 2, 2, 1, 1, 0, 0, 1, 0, 2, 2, 0, 1, 2, 0, 1, 2, 2, 0, 0, 1, 2, 1, 2, 1, 0, 2, 0, 1, 1, 0, 1, 1, 1, 0, 2, 1, 1, 0, 0, 0, 0, 1, 1, 2, 1, 2, 0, 0, 0, 2, 1, 0, 1, 2, 1, 2, 1, 1, 1, 1, 1, 1, 0, 1, 1, 0, 0, 0, 1, 2, 1, 0, 2, 1, 0, 0, 0, 0, 1, 0, 0, 2, 0, 1, 0, 0, 1, 0, 2]|[4, 3, 2, 2, 0, 0, 2, 2, 2, 4, 1, 1, 2, 4, 4, 1, 2, 4, 2, 1, 1, 1, 1, 2, 1, 2, 1, 1, 1, 1, 3, 2, 3, 0, 4, 0, 1, 1, 0, 3, 2, 2, 4, 0, 1, 1, 0, 2, 0, 1, 2, 2, 1, 4, 0, 3, 2, 1, 1, 2, 1, 3, 1, 1, 1, 3, 0, 4, 3, 1, 4, 1, 1, 2, 4, 4, 2, 1, 1, 3, 1, 3, 1, 1, 1, 1, 1, 1, 2, 3, 1, 2, 1, 1, 1, 2, 2, 3, 2, 1]|[0, 2, 1, 1, 3, 3, 0, 1, 0, 0, 0, 0, 1, 0, 1, 0, 0, 3, 1, 0, 0, 0, 3, 1, 0, 2, 0, 0, 0, 1, 0, 0, 0, 0, 3, 0, 1, 0, 0, 2, 1, 1, 2, 0, 0, 0, 0, 1, 1, 0, 0, 0, 1, 3, 0, 0, 1, 0, 0, 1, 0, 2, 0, 1, 0, 2, 1, 0, 0, 1, 1, 3, 1, 1, 3, 3, 1, 0, 0, 2, 0, 0, 0, 0, 1, 0, 0, 0, 1, 2, 0, 1, 0, 1, 1, 0, 0, 0, 0, 0],802.1274951829081,57956.38699448537,89691.2003308727,false
27,G1_CMAX,G4_BALANCED,[31, 22, 82, 15, 26, 58, 95, 42, 77, 12, 47, 5, 93, 78, 86, 54, 85, 63, 18, 44, 20, 35, 43, 97, 66, 76, 10, 30, 21, 45, 71, 64, 1, 23, 17, 83, 24, 14, 60, 36, 6, 57, 40, 88, 65, 56, 79, 94, 67, 68, 46, 75, 38, 9, 19, 32, 81, 41, 27, 62, 87, 90, 99, 59, 11, 16, 72, 73, 70, 39, 37, 84, 3, 92, 25, 55, 96, 29, 51, 7, 33, 61, 98, 48, 89, 50, 4, 28, 8, 53, 80, 91, 52, 49, 34, 0, 74, 69, 2, 13]|[1, 1, 0, 1, 1, 1, 2, 1, 2, 1, 2, 2, 2, 1, 1, 0, 0, 1, 0, 2, 2, 0, 1, 2, 0, 1, 2, 2, 0, 0, 1, 2, 1, 2, 1, 0, 2, 0, 1, 1, 0, 1, 1, 1, 0, 2, 1, 1, 0, 0, 0, 0, 1, 1, 2, 1, 2, 0, 0, 0, 2, 1, 0, 1, 2, 1, 2, 1, 1, 1, 1, 1, 1, 0, 1, 1, 2, 0, 0, 1, 2, 1, 2, 0, 1, 0, 0, 0, 1, 0, 0, 2, 1, 0, 2, 0, 2, 1, 0, 0]|[4, 3, 2, 2, 4, 0, 2, 2, 2, 4, 1, 1, 2, 4, 4, 1, 2, 4, 2, 1, 1, 1, 1, 2, 1, 2, 1, 1, 1, 1, 3, 2, 3, 0, 4, 0, 1, 1, 0, 3, 2, 2, 2, 0, 1, 1, 0, 4, 0, 1, 2, 2, 1, 4, 0, 3, 2, 1, 1, 2, 1, 3, 1, 1, 1, 3, 0, 4, 3, 1, 4, 1, 1, 2, 4, 4, 1, 1, 1, 3, 1, 3, 1, 1, 1, 1, 2, 2, 3, 2, 1, 1, 1, 1, 1, 2, 1, 3, 2, 2]|[0, 2, 1, 1, 3, 3, 0, 1, 0, 0, 0, 0, 1, 0, 1, 0, 0, 3, 1, 0, 0, 0, 3, 1, 0, 2, 0, 0, 0, 1, 0, 0, 0, 0, 3, 0, 1, 0, 0, 2, 1, 1, 1, 0, 0, 0, 0, 2, 1, 0, 0, 0, 1, 3, 0, 0, 1, 0, 0, 1, 0, 2, 0, 1, 0, 2, 1, 0, 0, 1, 1, 3, 1, 1, 3, 3, 0, 0, 0, 2, 0, 0, 0, 0, 1, 0, 1, 1, 2, 1, 0, 0, 1, 1, 0, 0, 0, 0, 0, 0],771.8511225570155,57435.19217907296,92803.383275704,true
27,G4_BALANCED,G4_BALANCED,[31, 11, 15, 82, 26, 9, 95, 32, 77, 68, 47, 5, 93, 78, 86, 54, 85, 63, 18, 44, 20, 49, 36, 14, 74, 50, 53, 17, 21, 45, 71, 64, 3, 23, 30, 83, 24, 41, 60, 52, 65, 27, 90, 70, 39, 87, 48, 69, 99, 4, 46, 1, 13, 58, 97, 59, 28, 75, 73, 37, 35, 79, 22, 66, 76, 42, 40, 80, 96, 6, 16, 61, 33, 7, 57, 34, 12, 67, 10, 98, 56, 88, 29, 94, 91, 38, 19, 92, 43, 84, 62, 72, 81, 25, 2, 55, 8, 89, 51, 0]|[2, 1, 1, 2, 1, 2, 1, 1, 1, 1, 1, 0, 2, 2, 1, 2, 0, 0, 0, 2, 2, 1, 0, 2, 0, 2, 2, 1, 0, 1, 1, 1, 0, 0, 1, 0, 2, 1, 2, 2, 0, 0, 1, 1, 0, 2, 0, 2, 1, 0, 0, 2, 0, 0, 2, 0, 1, 0, 0, 0, 2, 1, 0, 2, 2, 0, 2, 2, 0, 1, 2, 1, 1, 2, 0, 1, 1, 1, 1, 2, 2, 1, 1, 2, 1, 0, 1, 0, 1, 0, 1, 1, 1, 1, 2, 0, 1, 1, 1, 0]|[1, 3, 2, 0, 4, 1, 4, 4, 2, 4, 3, 2, 1, 0, 2, 1, 1, 1, 2, 1, 1, 3, 0, 1, 0, 1, 1, 4, 1, 4, 3, 2, 2, 0, 4, 1, 1, 4, 0, 1, 2, 1, 4, 4, 1, 1, 0, 2, 3, 2, 2, 1, 2, 1, 1, 2, 4, 2, 0, 2, 2, 3, 1, 0, 1, 2, 0, 1, 2, 4, 1, 3, 4, 1, 2, 4, 3, 3, 3, 1, 1, 4, 3, 1, 3, 2, 4, 2, 4, 2, 3, 4, 1, 4, 1, 2, 3, 4, 3, 2]|[1, 2, 1, 0, 3, 0, 1, 3, 0, 0, 2, 0, 1, 0, 1, 0, 0, 0, 1, 0, 0, 2, 0, 0, 1, 0, 0, 3, 0, 1, 0, 2, 0, 1, 3, 0, 1, 3, 1, 0, 0, 0, 1, 3, 0, 0, 1, 0, 2, 0, 0, 0, 0, 0, 1, 0, 1, 0, 1, 1, 0, 2, 0, 0, 0, 0, 0, 0, 0, 2, 0, 0, 1, 0, 0, 1, 0, 0, 3, 0, 0, 1, 0, 0, 0, 0, 3, 0, 2, 0, 0, 2, 1, 3, 0, 0, 0, 1, 0, 0],842.584363225019,52352.15155925938,107294.36147715819,false
27,G2_TEC,G2_TEC,[31, 22, 82, 15, 26, 9, 95, 42, 77, 68, 47, 5, 93, 78, 86, 54, 85, 63, 18, 44, 20, 49, 36, 14, 74, 50, 53, 17, 21, 28, 11, 64, 3, 23, 30, 83, 24, 41, 40, 52, 65, 27, 90, 70, 39, 87, 48, 69, 99, 4, 46, 1, 13, 58, 97, 59, 45, 8, 73, 37, 35, 79, 71, 66, 76, 32, 60, 80, 96, 6, 16, 61, 33, 7, 57, 34, 12, 67, 10, 98, 56, 88, 43, 75, 91, 38, 19, 92, 29, 84, 2, 72, 81, 25, 51, 55, 62, 89, 94, 0]|[2, 1, 2, 1, 1, 2, 1, 1, 1, 1, 1, 0, 2, 2, 1, 2, 0, 0, 0, 2, 2, 1, 0, 2, 0, 2, 2, 1, 0, 1, 1, 1, 0, 0, 1, 0, 2, 1, 2, 2, 0, 0, 1, 1, 0, 2, 0, 2, 1, 0, 0, 2, 0, 0, 2, 0, 1, 1, 0, 0, 2, 1, 1, 2, 2, 0, 2, 2, 0, 1, 2, 1, 1, 2, 0, 1, 1, 1, 1, 2, 2, 1, 1, 0, 1, 0, 1, 0, 1, 0, 2, 1, 1, 1, 1, 0, 1, 1, 2, 0]|[0, 3, 0, 3, 4, 1, 4, 4, 2, 4, 3, 2, 1, 0, 2, 1, 1, 1, 2, 1, 1, 3, 0, 1, 0, 1, 1, 4, 1, 4, 3, 2, 2, 0, 4, 1, 1, 4, 1, 1, 2, 1, 4, 4, 1, 1, 0, 2, 3, 2, 2, 1, 2, 1, 1, 2, 4, 3, 0, 2, 2, 3, 3, 0, 1, 2, 1, 1, 2, 4, 1, 3, 4, 1, 2, 4, 3, 3, 3, 1, 1, 4, 4, 2, 3, 2, 4, 2, 3, 2, 1, 4, 4, 4, 3, 2, 3, 4, 1, 2]|[0, 2, 0, 0, 3, 0, 1, 3, 0, 0, 2, 0, 1, 0, 1, 0, 0, 0, 1, 0, 0, 2, 0, 0, 1, 0, 0, 3, 0, 1, 0, 2, 0, 0, 3, 0, 1, 3, 0, 0, 0, 0, 1, 3, 0, 0, 1, 0, 2, 0, 0, 0, 0, 0, 1, 0, 1, 0, 1, 1, 0, 2, 0, 0, 0, 0, 0, 0, 0, 2, 0, 0, 1, 0, 0, 1, 0, 0, 3, 0, 0, 1, 2, 0, 0, 0, 1, 0, 3, 0, 0, 2, 1, 3, 0, 0, 0, 1, 0, 0],884.1935202920454,50174.268870086526,113547.00447605085,false
27,G3_TWC,G3_TWC,[31, 22, 82, 15, 26, 58, 95, 42, 77, 12, 47, 5, 93, 78, 98, 54, 85, 63, 18, 44, 20, 35, 43, 97, 91, 76, 10, 30, 21, 45, 71, 64, 1, 23, 17, 83, 24, 14, 60, 36, 6, 57, 94, 88, 65, 56, 79, 40, 67, 68, 46, 75, 38, 9, 19, 32, 81, 41, 27, 62, 87, 90, 99, 59, 11, 16, 72, 73, 70, 39, 37, 84, 3, 92, 25, 55, 28, 29, 51, 7, 33, 61, 86, 66, 89, 50, 48, 96, 53, 8, 80, 4, 34, 49, 52, 0, 13, 69, 2, 74]|[1, 1, 0, 1, 1, 1, 2, 1, 2, 1, 2, 2, 2, 1, 1, 0, 0, 1, 0, 2, 2, 0, 1, 2, 0, 1, 2, 2, 0, 0, 1, 2, 1, 2, 1, 0, 2, 0, 1, 1, 0, 1, 1, 1, 0, 2, 1, 1, 0, 0, 0, 0, 1, 1, 2, 1, 2, 0, 0, 0, 2, 1, 0, 1, 2, 1, 2, 1, 1, 1, 1, 1, 1, 0, 1, 1, 0, 0, 0, 1, 2, 1, 0, 2, 1, 0, 0, 0, 0, 1, 0, 0, 2, 0, 1, 0, 0, 1, 0, 2]|[4, 3, 2, 2, 0, 0, 2, 2, 2, 4, 1, 1, 2, 4, 4, 1, 2, 4, 2, 1, 1, 1, 1, 2, 1, 2, 1, 1, 1, 1, 3, 2, 3, 0, 4, 0, 1, 1, 0, 3, 2, 2, 4, 0, 1, 1, 0, 2, 0, 1, 2, 2, 1, 4, 0, 3, 2, 1, 1, 2, 1, 3, 1, 1, 1, 3, 0, 4, 3, 1, 4, 1, 1, 2, 4, 4, 2, 1, 1, 3, 1, 3, 1, 1, 1, 1, 1, 1, 2, 3, 1, 2, 1, 1, 1, 2, 2, 3, 2, 1]|[0, 2, 1, 1, 3, 3, 0, 1, 0, 0, 0, 0, 1, 0, 1, 0, 0, 3, 1, 0, 0, 0, 3, 1, 0, 2, 0, 0, 0, 1, 0, 0, 0, 0, 3, 0, 1, 0, 0, 2, 1, 1, 2, 0, 0, 0, 0, 1, 1, 0, 0, 0, 1, 3, 0, 0, 1, 0, 0, 1, 0, 2, 0, 1, 0, 2, 1, 0, 0, 1, 1, 3, 1, 1, 3, 3, 1, 0, 0, 2, 0, 0, 0, 0, 1, 0, 0, 0, 1, 2, 0, 1, 0, 1, 1, 0, 0, 0, 0, 0],802.1274951829081,57956.38699448537,89691.2003308727,false
27,G1_CMAX,G4_BALANCED,[31, 22, 82, 15, 26, 58, 95, 42, 77, 12, 47, 5, 93, 78, 86, 54, 85, 63, 18, 44, 20, 35, 43, 97, 66, 76, 10, 30, 21, 45, 71, 64, 1, 23, 17, 83, 24, 14, 60, 36, 6, 57, 40, 88, 65, 56, 79, 94, 67, 68, 46, 75, 38, 9, 19, 32, 81, 41, 27, 62, 87, 90, 99, 59, 11, 16, 72, 73, 70, 39, 37, 84, 3, 92, 25, 55, 96, 29, 51, 7, 33, 61, 98, 48, 89, 50, 4, 28, 8, 53, 80, 91, 52, 49, 34, 0, 74, 69, 2, 13]|[1, 1, 0, 1, 1, 1, 2, 1, 2, 1, 2, 2, 2, 1, 1, 0, 0, 1, 0, 2, 2, 0, 1, 2, 0, 1, 2, 2, 0, 0, 1, 2, 1, 2, 1, 0, 2, 0, 1, 1, 0, 1, 1, 1, 0, 2, 1, 1, 0, 0, 0, 0, 1, 1, 2, 1, 2, 0, 0, 0, 2, 1, 0, 1, 2, 1, 2, 1, 1, 1, 1, 1, 1, 0, 1, 1, 2, 0, 0, 1, 2, 1, 2, 0, 1, 0, 0, 0, 1, 0, 0, 2, 1, 0, 2, 0, 2, 1, 0, 0]|[4, 3, 2, 2, 4, 0, 2, 2, 2, 4, 1, 1, 2, 4, 4, 1, 2, 4, 2, 1, 1, 1, 1, 2, 1, 2, 1, 1, 1, 1, 3, 2, 3, 0, 4, 0, 1, 1, 0, 3, 2, 2, 2, 0, 1, 1, 0, 4, 0, 1, 2, 2, 1, 4, 0, 3, 2, 1, 1, 2, 1, 3, 1, 1, 1, 3, 0, 4, 3, 1, 4, 1, 1, 2, 4, 4, 1, 1, 1, 3, 1, 3, 1, 1, 1, 1, 2, 2, 3, 2, 1, 1, 1, 1, 1, 2, 1, 3, 2, 2]|[0, 2, 1, 1, 3, 3, 0, 1, 0, 0, 0, 0, 1, 0, 1, 0, 0, 3, 1, 0, 0, 0, 3, 1, 0, 2, 0, 0, 0, 1, 0, 0, 0, 0, 3, 0, 1, 0, 0, 2, 1, 1, 1, 0, 0, 0, 0, 2, 1, 0, 0, 0, 1, 3, 0, 0, 1, 0, 0, 1, 0, 2, 0, 1, 0, 2, 1, 0, 0, 1, 1, 3, 1, 1, 3, 3, 0, 0, 0, 2, 0, 0, 0, 0, 1, 0, 1, 1, 2, 1, 0, 0, 1, 1, 0, 0, 0, 0, 0, 0],771.8511225570155,57435.19217907296,92803.383275704,true
27,G4_BALANCED,G4_BALANCED,[31, 11, 15, 82, 26, 9, 95, 32, 77, 68, 47, 5, 93, 78, 86, 54, 85, 63, 18, 44, 20, 49, 36, 14, 74, 50, 53, 17, 21, 45, 71, 64, 3, 23, 30, 83, 24, 41, 60, 52, 65, 27, 90, 70, 39, 87, 48, 69, 99, 4, 46, 1, 13, 58, 97, 59, 28, 75, 73, 37, 35, 79, 22, 66, 76, 42, 40, 80, 96, 6, 16, 61, 33, 7, 57, 34, 12, 67, 10, 98, 56, 88, 29, 94, 91, 38, 19, 92, 43, 84, 62, 72, 81, 25, 2, 55, 8, 89, 51, 0]|[2, 1, 1, 2, 1, 2, 1, 1, 1, 1, 1, 0, 2, 2, 1, 2, 0, 0, 0, 2, 2, 1, 0, 2, 0, 2, 2, 1, 0, 1, 1, 1, 0, 0, 1, 0, 2, 1, 2, 2, 0, 0, 1, 1, 0, 2, 0, 2, 1, 0, 0, 2, 0, 0, 2, 0, 1, 0, 0, 0, 2, 1, 0, 2, 2, 0, 2, 2, 0, 1, 2, 1, 1, 2, 0, 1, 1, 1, 1, 2, 2, 1, 1, 2, 1, 0, 1, 0, 1, 0, 1, 1, 1, 1, 2, 0, 1, 1, 1, 0]|[1, 3, 2, 0, 4, 1, 4, 4, 2, 4, 3, 2, 1, 0, 2, 1, 1, 1, 2, 1, 1, 3, 0, 1, 0, 1, 1, 4, 1, 4, 3, 2, 2, 0, 4, 1, 1, 4, 0, 1, 2, 1, 4, 4, 1, 1, 0, 2, 3, 2, 2, 1, 2, 1, 1, 2, 4, 2, 0, 2, 2, 3, 1, 0, 1, 2, 0, 1, 2, 4, 1, 3, 4, 1, 2, 4, 3, 3, 3, 1, 1, 4, 3, 1, 3, 2, 4, 2, 4, 2, 3, 4, 1, 4, 1, 2, 3, 4, 3, 2]|[1, 2, 1, 0, 3, 0, 1, 3, 0, 0, 2, 0, 1, 0, 1, 0, 0, 0, 1, 0, 0, 2, 0, 0, 1, 0, 0, 3, 0, 1, 0, 2, 0, 1, 3, 0, 1, 3, 1, 0, 0, 0, 1, 3, 0, 0, 1, 0, 2, 0, 0, 0, 0, 0, 1, 0, 1, 0, 1, 1, 0, 2, 0, 0, 0, 0, 0, 0, 0, 2, 0, 0, 1, 0, 0, 1, 0, 0, 3, 0, 0, 1, 0, 0, 0, 0, 3, 0, 2, 0, 0, 2, 1, 3, 0, 0, 0, 1, 0, 0],842.584363225019,52352.15155925938,107294.36147715819,false
27,G2_TEC,G2_TEC,[31, 22, 82, 15, 26, 9, 95, 42, 77, 68, 47, 5, 93, 78, 86, 54, 85, 63, 18, 44, 20, 49, 36, 14, 74, 50, 53, 17, 21, 28, 11, 64, 3, 23, 30, 83, 24, 41, 40, 52, 65, 27, 90, 70, 39, 87, 48, 69, 99, 4, 46, 1, 13, 58, 97, 59, 45, 8, 73, 37, 35, 79, 71, 66, 76, 32, 60, 80, 96, 6, 16, 61, 33, 7, 57, 34, 12, 67, 10, 98, 56, 88, 43, 75, 91, 38, 19, 92, 29, 84, 2, 72, 81, 25, 51, 55, 62, 89, 94, 0]|[2, 1, 2, 1, 1, 2, 1, 1, 1, 1, 1, 0, 2, 2, 1, 2, 0, 0, 0, 2, 2, 1, 0, 2, 0, 2, 2, 1, 0, 1, 1, 1, 0, 0, 1, 0, 2, 1, 2, 2, 0, 0, 1, 1, 0, 2, 0, 2, 1, 0, 0, 2, 0, 0, 2, 0, 1, 1, 0, 0, 2, 1, 1, 2, 2, 0, 2, 2, 0, 1, 2, 1, 1, 2, 0, 1, 1, 1, 1, 2, 2, 1, 1, 0, 1, 0, 1, 0, 1, 0, 2, 1, 1, 1, 1, 0, 1, 1, 2, 0]|[0, 3, 0, 3, 4, 1, 4, 4, 2, 4, 3, 2, 1, 0, 2, 1, 1, 1, 2, 1, 1, 3, 0, 1, 0, 1, 1, 4, 1, 4, 3, 2, 2, 0, 4, 1, 1, 4, 1, 1, 2, 1, 4, 4, 1, 1, 0, 2, 3, 2, 2, 1, 2, 1, 1, 2, 4, 3, 0, 2, 2, 3, 3, 0, 1, 2, 1, 1, 2, 4, 1, 3, 4, 1, 2, 4, 3, 3, 3, 1, 1, 4, 4, 2, 3, 2, 4, 2, 3, 2, 1, 4, 4, 4, 3, 2, 3, 4, 1, 2]|[0, 2, 0, 0, 3, 0, 1, 3, 0, 0, 2, 0, 1, 0, 1, 0, 0, 0, 1, 0, 0, 2, 0, 0, 1, 0, 0, 3, 0, 1, 0, 2, 0, 0, 3, 0, 1, 3, 0, 0, 0, 0, 1, 3, 0, 0, 1, 0, 2, 0, 0, 0, 0, 0, 1, 0, 1, 0, 1, 1, 0, 2, 0, 0, 0, 0, 0, 0, 0, 2, 0, 0, 1, 0, 0, 1, 0, 0, 3, 0, 0, 1, 2, 0, 0, 0, 1, 0, 3, 0, 0, 2, 1, 3, 0, 0, 0, 1, 0, 0],884.1935202920454,50174.268870086526,113547.00447605085,false
27,G3_TWC,G3_TWC,[31, 22, 82, 15, 26, 58, 95, 42, 77, 12, 47, 5, 93, 78, 98, 54, 85, 63, 18, 44, 20, 35, 43, 97, 91, 76, 10, 30, 21, 45, 71, 64, 1, 23, 17, 83, 24, 14, 60, 36, 6, 57, 94, 88, 65, 56, 79, 40, 67, 68, 46, 75, 38, 9, 19, 32, 81, 41, 27, 62, 87, 90, 99, 59, 11, 16, 72, 73, 70, 39, 37, 84, 3, 92, 25, 55, 28, 29, 51, 7, 33, 61, 86, 66, 89, 50, 48, 96, 53, 8, 80, 4, 34, 49, 52, 0, 13, 69, 2, 74]|[1, 1, 0, 1, 1, 1, 2, 1, 2, 1, 2, 2, 2, 1, 1, 0, 0, 1, 0, 2, 2, 0, 1, 2, 0, 1, 2, 2, 0, 0, 1, 2, 1, 2, 1, 0, 2, 0, 1, 1, 0, 1, 1, 1, 0, 2, 1, 1, 0, 0, 0, 0, 1, 1, 2, 1, 2, 0, 0, 0, 2, 1, 0, 1, 2, 1, 2, 1, 1, 1, 1, 1, 1, 0, 1, 1, 0, 0, 0, 1, 2, 1, 0, 2, 1, 0, 0, 0, 0, 1, 0, 0, 2, 0, 1, 0, 0, 1, 0, 2]|[4, 3, 2, 2, 0, 0, 2, 2, 2, 4, 1, 1, 2, 4, 4, 1, 2, 4, 2, 1, 1, 1, 1, 2, 1, 2, 1, 1, 1, 1, 3, 2, 3, 0, 4, 0, 1, 1, 0, 3, 2, 2, 4, 0, 1, 1, 0, 2, 0, 1, 2, 2, 1, 4, 0, 3, 2, 1, 1, 2, 1, 3, 1, 1, 1, 3, 0, 4, 3, 1, 4, 1, 1, 2, 4, 4, 2, 1, 1, 3, 1, 3, 1, 1, 1, 1, 1, 1, 2, 3, 1, 2, 1, 1, 1, 2, 2, 3, 2, 1]|[0, 2, 1, 1, 3, 3, 0, 1, 0, 0, 0, 0, 1, 0, 1, 0, 0, 3, 1, 0, 0, 0, 3, 1, 0, 2, 0, 0, 0, 1, 0, 0, 0, 0, 3, 0, 1, 0, 0, 2, 1, 1, 2, 0, 0, 0, 0, 1, 1, 0, 0, 0, 1, 3, 0, 0, 1, 0, 0, 1, 0, 2, 0, 1, 0, 2, 1, 0, 0, 1, 1, 3, 1, 1, 3, 3, 1, 0, 0, 2, 0, 0, 0, 0, 1, 0, 0, 0, 1, 2, 0, 1, 0, 1, 1, 0, 0, 0, 0, 0],802.1274951829081,57956.38699448537,89691.2003308727,false
27,G1_CMAX,G1_CMAX,[31, 22, 82, 15, 26, 99, 95, 42, 77, 12, 47, 5, 93, 78, 86, 54, 21, 63, 18, 44, 20, 35, 43, 97, 91, 76, 10, 30, 85, 45, 71, 64, 1, 23, 17, 83, 24, 14, 60, 36, 6, 57, 40, 88, 65, 56, 79, 94, 67, 68, 46, 75, 38, 9, 19, 32, 41, 81, 27, 87, 90, 58, 59, 11, 16, 72, 73, 70, 39, 37, 84, 3, 92, 25, 55, 48, 62, 29, 51, 7, 33, 61, 98, 28, 89, 50, 4, 96, 53, 80, 8, 66, 34, 49, 52, 0, 74, 69, 2, 13]|[1, 1, 0, 1, 1, 0, 1, 1, 2, 1, 2, 2, 2, 1, 1, 0, 0, 1, 0, 2, 2, 0, 1, 2, 0, 1, 2, 2, 0, 0, 1, 2, 1, 2, 1, 0, 2, 0, 1, 1, 0, 1, 1, 1, 0, 2, 1, 1, 0, 0, 0, 0, 1, 1, 2, 1, 0, 2, 0, 2, 1, 0, 1, 2, 1, 2, 1, 1, 1, 1, 1, 1, 0, 1, 2, 0, 0, 0, 0, 1, 2, 1, 2, 0, 1, 0, 1, 2, 0, 0, 1, 2, 2, 0, 1, 0, 2, 1, 0, 0]|[0, 3, 2, 2, 4, 1, 2, 3, 2, 4, 1, 1, 2, 4, 4, 1, 1, 4, 2, 1, 1, 1, 1, 2, 1, 2, 1, 1, 2, 1, 3, 2, 3, 1, 4, 0, 1, 1, 0, 3, 2, 2, 2, 0, 1, 1, 0, 4, 0, 1, 2, 2, 1, 4, 0, 3, 1, 1, 1, 1, 3, 1, 1, 1, 3, 0, 4, 3, 1, 4, 1, 1, 0, 4, 1, 1, 2, 1, 1, 1, 1, 3, 1, 2, 1, 1, 4, 1, 2, 1, 3, 1, 1, 1, 1, 2, 1, 4, 2, 2]|[0, 2, 1, 1, 3, 0, 1, 3, 0, 0, 0, 0, 1, 0, 1, 0, 0, 3, 1, 0, 0, 0, 3, 1, 0, 2, 0, 0, 0, 1, 0, 0, 0, 0, 3, 0, 1, 0, 0, 2, 1, 1, 1, 0, 0, 0, 0, 2, 1, 0, 0, 0, 1, 3, 0, 0, 0, 0, 0, 0, 2, 0, 1, 0, 2, 1, 0, 0, 1, 1, 3, 1, 1, 3, 0, 0, 1, 0, 0, 2, 0, 0, 0, 1, 1, 0, 0, 0, 1, 0, 2, 0, 0, 1, 1, 0, 0, 2, 0, 0],731.2476204416437,56806.84376103422,93275.64763277225,false
27,G4_BALANCED,G4_BALANCED,[31, 11, 15, 82, 26, 9, 95, 32, 77, 68, 47, 5, 93, 78, 86, 54, 85, 63, 18, 44, 20, 49, 36, 14, 74, 50, 53, 17, 21, 45, 71, 64, 3, 23, 30, 83, 24, 41, 60, 52, 65, 27, 90, 70, 39, 87, 48, 69, 99, 4, 46, 1, 13, 58, 97, 59, 28, 75, 73, 37, 35, 79, 22, 66, 76, 42, 40, 80, 96, 6, 16, 61, 33, 7, 57, 34, 12, 67, 10, 98, 56, 88, 29, 94, 91, 38, 19, 92, 43, 84, 62, 72, 81, 25, 2, 55, 8, 89, 51, 0]|[2, 1, 1, 2, 1, 2, 1, 1, 1, 1, 1, 0, 2, 2, 1, 2, 0, 0, 0, 2, 2, 1, 0, 2, 0, 2, 2, 1, 0, 1, 1, 1, 0, 0, 1, 0, 2, 1, 2, 2, 0, 0, 1, 1, 0, 2, 0, 2, 1, 0, 0, 2, 0, 0, 2, 0, 1, 0, 0, 0, 2, 1, 0, 2, 2, 0, 2, 2, 0, 1, 2, 1, 1, 2, 0, 1, 1, 1, 1, 2, 2, 1, 1, 2, 1, 0, 1, 0, 1, 0, 1, 1, 1, 1, 2, 0, 1, 1, 1, 0]|[1, 3, 2, 0, 4, 1, 4, 4, 2, 4, 3, 2, 1, 0, 2, 1, 1, 1, 2, 1, 1, 3, 0, 1, 0, 1, 1, 4, 1, 4, 3, 2, 2, 0, 4, 1, 1, 4, 0, 1, 2, 1, 4, 4, 1, 1, 0, 2, 3, 2, 2, 1, 2, 1, 1, 2, 4, 2, 0, 2, 2, 3, 1, 0, 1, 2, 0, 1, 2, 4, 1, 3, 4, 1, 2, 4, 3, 3, 3, 1, 1, 4, 3, 1, 3, 2, 4, 2, 4, 2, 3, 4, 1, 4, 1, 2, 3, 4, 3, 2]|[1, 2, 1, 0, 3, 0, 1, 3, 0, 0, 2, 0, 1, 0, 1, 0, 0, 0, 1, 0, 0, 2, 0, 0, 1, 0, 0, 3, 0, 1, 0, 2, 0, 1, 3, 0, 1, 3, 1, 0, 0, 0, 1, 3, 0, 0, 1, 0, 2, 0, 0, 0, 0, 0, 1, 0, 1, 0, 1, 1, 0, 2, 0, 0, 0, 0, 0, 0, 0, 2, 0, 0, 1, 0, 0, 1, 0, 0, 3, 0, 0, 1, 0, 0, 0, 0, 3, 0, 2, 0, 0, 2, 1, 3, 0, 0, 0, 1, 0, 0],842.584363225019,52352.15155925938,107294.36147715819,false
27,G2_TEC,G2_TEC,[31, 22, 82, 15, 26, 9, 95, 42, 77, 68, 47, 5, 93, 78, 86, 54, 85, 63, 18, 44, 20, 49, 36, 14, 74, 50, 53, 17, 21, 28, 11, 64, 3, 23, 30, 83, 24, 41, 40, 52, 65, 27, 90, 70, 39, 87, 48, 69, 99, 4, 46, 1, 13, 58, 97, 59, 45, 8, 73, 37, 35, 79, 71, 66, 76, 32, 60, 80, 96, 6, 16, 61, 33, 7, 57, 34, 12, 67, 10, 98, 56, 88, 43, 75, 91, 38, 19, 92, 29, 84, 2, 72, 81, 25, 51, 55, 62, 89, 94, 0]|[2, 1, 2, 1, 1, 2, 1, 1, 1, 1, 1, 0, 2, 2, 1, 2, 0, 0, 0, 2, 2, 1, 0, 2, 0, 2, 2, 1, 0, 1, 1, 1, 0, 0, 1, 0, 2, 1, 2, 2, 0, 0, 1, 1, 0, 2, 0, 2, 1, 0, 0, 2, 0, 0, 2, 0, 1, 1, 0, 0, 2, 1, 1, 2, 2, 0, 2, 2, 0, 1, 2, 1, 1, 2, 0, 1, 1, 1, 1, 2, 2, 1, 1, 0, 1, 0, 1, 0, 1, 0, 2, 1, 1, 1, 1, 0, 1, 1, 2, 0]|[0, 3, 0, 3, 4, 1, 4, 4, 2, 4, 3, 2, 1, 0, 2, 1, 1, 1, 2, 1, 1, 3, 0, 1, 0, 1, 1, 4, 1, 4, 3, 2, 2, 0, 4, 1, 1, 4, 1, 1, 2, 1, 4, 4, 1, 1, 0, 2, 3, 2, 2, 1, 2, 1, 1, 2, 4, 3, 0, 2, 2, 3, 3, 0, 1, 2, 1, 1, 2, 4, 1, 3, 4, 1, 2, 4, 3, 3, 3, 1, 1, 4, 4, 2, 3, 2, 4, 2, 3, 2, 1, 4, 4, 4, 3, 2, 3, 4, 1, 2]|[0, 2, 0, 0, 3, 0, 1, 3, 0, 0, 2, 0, 1, 0, 1, 0, 0, 0, 1, 0, 0, 2, 0, 0, 1, 0, 0, 3, 0, 1, 0, 2, 0, 0, 3, 0, 1, 3, 0, 0, 0, 0, 1, 3, 0, 0, 1, 0, 2, 0, 0, 0, 0, 0, 1, 0, 1, 0, 1, 1, 0, 2, 0, 0, 0, 0, 0, 0, 0, 2, 0, 0, 1, 0, 0, 1, 0, 0, 3, 0, 0, 1, 2, 0, 0, 0, 1, 0, 3, 0, 0, 2, 1, 3, 0, 0, 0, 1, 0, 0],884.1935202920454,50174.268870086526,113547.00447605085,false
27,G3_TWC,G1_CMAX,[31, 22, 82, 15, 26, 9, 95, 42, 77, 12, 47, 5, 93, 86, 54, 6, 63, 18, 44, 20, 99, 43, 97, 91, 76, 10, 30, 21, 85, 45, 71, 64, 1, 23, 17, 83, 24, 14, 60, 36, 78, 57, 94, 65, 56, 79, 40, 67, 68, 46, 75, 38, 58, 19, 32, 81, 41, 27, 62, 87, 69, 35, 59, 88, 11, 16, 72, 73, 70, 39, 37, 84, 3, 92, 25, 55, 28, 29, 51, 7, 33, 61, 98, 89, 8, 53, 96, 80, 48, 50, 4, 34, 52, 66, 13, 2, 0, 90, 49, 74]|[1, 1, 0, 1, 1, 1, 1, 2, 2, 2, 2, 2, 2, 1, 0, 0, 1, 0, 2, 2, 0, 1, 2, 2, 0, 1, 2, 2, 0, 0, 1, 1, 1, 2, 1, 0, 2, 0, 1, 1, 1, 1, 1, 0, 2, 1, 1, 0, 0, 0, 0, 1, 1, 2, 1, 2, 0, 0, 0, 2, 1, 0, 1, 1, 2, 1, 2, 1, 1, 1, 1, 1, 2, 0, 1, 2, 0, 0, 0, 1, 2, 1, 2, 1, 0, 0, 2, 0, 0, 0, 1, 2, 1, 1, 0, 0, 0, 1, 0, 2]|[4, 3, 2, 2, 0, 0, 2, 1, 2, 1, 1, 1, 2, 4, 1, 1, 4, 2, 1, 1, 1, 1, 2, 2, 1, 2, 1, 1, 2, 1, 3, 3, 3, 0, 4, 0, 1, 1, 0, 3, 2, 2, 4, 1, 1, 0, 2, 0, 1, 2, 2, 1, 4, 0, 3, 2, 1, 1, 2, 1, 4, 1, 1, 0, 1, 3, 0, 4, 3, 1, 4, 1, 2, 0, 4, 1, 2, 1, 1, 1, 1, 3, 1, 1, 1, 2, 1, 1, 1, 1, 4, 1, 1, 1, 2, 2, 2, 3, 1, 1]|[0, 2, 1, 1, 3, 3, 1, 0, 0, 0, 0, 0, 1, 1, 0, 0, 3, 1, 0, 0, 0, 3, 1, 1, 0, 2, 0, 0, 0, 1, 0, 0, 0, 0, 3, 0, 1, 0, 0, 2, 1, 1, 2, 0, 0, 0, 1, 1, 0, 0, 0, 1, 3, 0, 0, 1, 0, 0, 1, 0, 2, 0, 1, 0, 0, 2, 1, 0, 0, 1, 1, 3, 1, 1, 3, 0, 1, 0, 0, 2, 0, 0, 0, 1, 0, 1, 0, 0, 0, 0, 0, 0, 1, 3, 0, 0, 0, 2, 1, 0],725.6706204660959,58561.53142733348,95788.50864560703,true
27,G1_CMAX,G1_CMAX,[31, 22, 82, 15, 26, 99, 95, 42, 77, 12, 47, 5, 93, 78, 86, 54, 21, 63, 18, 44, 20, 35, 43, 97, 91, 76, 10, 30, 85, 45, 71, 64, 1, 23, 17, 83, 24, 14, 60, 36, 6, 57, 40, 88, 65, 56, 79, 94, 67, 68, 46, 75, 38, 9, 19, 32, 41, 81, 27, 87, 90, 58, 59, 11, 16, 72, 73, 70, 39, 37, 84, 3, 92, 25, 55, 48, 62, 29, 51, 7, 33, 61, 98, 28, 89, 50, 4, 96, 53, 80, 8, 66, 34, 49, 52, 0, 74, 69, 2, 13]|[1, 1, 0, 1, 1, 0, 1, 1, 2, 1, 2, 2, 2, 1, 1, 0, 0, 1, 0, 2, 2, 0, 1, 2, 0, 1, 2, 2, 0, 0, 1, 2, 1, 2, 1, 0, 2, 0, 1, 1, 0, 1, 1, 1, 0, 2, 1, 1, 0, 0, 0, 0, 1, 1, 2, 1, 0, 2, 0, 2, 1, 0, 1, 2, 1, 2, 1, 1, 1, 1, 1, 1, 0, 1, 2, 0, 0, 0, 0, 1, 2, 1, 2, 0, 1, 0, 1, 2, 0, 0, 1, 2, 2, 0, 1, 0, 2, 1, 0, 0]|[0, 3, 2, 2, 4, 1, 2, 3, 2, 4, 1, 1, 2, 4, 4, 1, 1, 4, 2, 1, 1, 1, 1, 2, 1, 2, 1, 1, 2, 1, 3, 2, 3, 1, 4, 0, 1, 1, 0, 3, 2, 2, 2, 0, 1, 1, 0, 4, 0, 1, 2, 2, 1, 4, 0, 3, 1, 1, 1, 1, 3, 1, 1, 1, 3, 0, 4, 3, 1, 4, 1, 1, 0, 4, 1, 1, 2, 1, 1, 1, 1, 3, 1, 2, 1, 1, 4, 1, 2, 1, 3, 1, 1, 1, 1, 2, 1, 4, 2, 2]|[0, 2, 1, 1, 3, 0, 1, 3, 0, 0, 0, 0, 1, 0, 1, 0, 0, 3, 1, 0, 0, 0, 3, 1, 0, 2, 0, 0, 0, 1, 0, 0, 0, 0, 3, 0, 1, 0, 0, 2, 1, 1, 1, 0, 0, 0, 0, 2, 1, 0, 0, 0, 1, 3, 0, 0, 0, 0, 0, 0, 2, 0, 1, 0, 2, 1, 0, 0, 1, 1, 3, 1, 1, 3, 0, 0, 1, 0, 0, 2, 0, 0, 0, 1, 1, 0, 0, 0, 1, 0, 2, 0, 0, 1, 1, 0, 0, 2, 0, 0],731.2476204416437,56806.84376103422,93275.64763277225,false
27,G4_BALANCED,G4_BALANCED,[31, 11, 15, 82, 26, 9, 95, 32, 77, 68, 47, 5, 93, 78, 86, 54, 85, 63, 18, 44, 20, 49, 36, 14, 74, 50, 53, 17, 21, 45, 71, 64, 3, 23, 30, 83, 24, 41, 60, 52, 65, 27, 90, 70, 39, 87, 48, 69, 99, 4, 46, 1, 13, 58, 97, 59, 28, 75, 73, 37, 35, 79, 22, 66, 76, 42, 40, 80, 96, 6, 16, 61, 33, 7, 57, 34, 12, 67, 10, 98, 56, 88, 29, 94, 91, 38, 19, 92, 43, 84, 62, 72, 81, 25, 2, 55, 8, 89, 51, 0]|[2, 1, 1, 2, 1, 2, 1, 1, 1, 1, 1, 0, 2, 2, 1, 2, 0, 0, 0, 2, 2, 1, 0, 2, 0, 2, 2, 1, 0, 1, 1, 1, 0, 0, 1, 0, 2, 1, 2, 2, 0, 0, 1, 1, 0, 2, 0, 2, 1, 0, 0, 2, 0, 0, 2, 0, 1, 0, 0, 0, 2, 1, 0, 2, 2, 0, 2, 2, 0, 1, 2, 1, 1, 2, 0, 1, 1, 1, 1, 2, 2, 1, 1, 2, 1, 0, 1, 0, 1, 0, 1, 1, 1, 1, 2, 0, 1, 1, 1, 0]|[1, 3, 2, 0, 4, 1, 4, 4, 2, 4, 3, 2, 1, 0, 2, 1, 1, 1, 2, 1, 1, 3, 0, 1, 0, 1, 1, 4, 1, 4, 3, 2, 2, 0, 4, 1, 1, 4, 0, 1, 2, 1, 4, 4, 1, 1, 0, 2, 3, 2, 2, 1, 2, 1, 1, 2, 4, 2, 0, 2, 2, 3, 1, 0, 1, 2, 0, 1, 2, 4, 1, 3, 4, 1, 2, 4, 3, 3, 3, 1, 1, 4, 3, 1, 3, 2, 4, 2, 4, 2, 3, 4, 1, 4, 1, 2, 3, 4, 3, 2]|[1, 2, 1, 0, 3, 0, 1, 3, 0, 0, 2, 0, 1, 0, 1, 0, 0, 0, 1, 0, 0, 2, 0, 0, 1, 0, 0, 3, 0, 1, 0, 2, 0, 1, 3, 0, 1, 3, 1, 0, 0, 0, 1, 3, 0, 0, 1, 0, 2, 0, 0, 0, 0, 0, 1, 0, 1, 0, 1, 1, 0, 2, 0, 0, 0, 0, 0, 0, 0, 2, 0, 0, 1, 0, 0, 1, 0, 0, 3, 0, 0, 1, 0, 0, 0, 0, 3, 0, 2, 0, 0, 2, 1, 3, 0, 0, 0, 1, 0, 0],842.584363225019,52352.15155925938,107294.36147715819,false
27,G2_TEC,G2_TEC,[31, 22, 82, 15, 26, 9, 95, 42, 77, 68, 47, 5, 93, 78, 86, 54, 85, 63, 18, 44, 20, 49, 36, 14, 74, 50, 53, 17, 21, 28, 11, 64, 3, 23, 30, 83, 24, 41, 40, 52, 65, 27, 90, 70, 39, 87, 48, 69, 99, 4, 46, 1, 13, 58, 97, 59, 45, 8, 73, 37, 35, 79, 71, 66, 76, 32, 60, 80, 96, 6, 16, 61, 33, 7, 57, 34, 12, 67, 10, 98, 56, 88, 43, 75, 91, 38, 19, 92, 29, 84, 2, 72, 81, 25, 51, 55, 62, 89, 94, 0]|[2, 1, 2, 1, 1, 2, 1, 1, 1, 1, 1, 0, 2, 2, 1, 2, 0, 0, 0, 2, 2, 1, 0, 2, 0, 2, 2, 1, 0, 1, 1, 1, 0, 0, 1, 0, 2, 1, 2, 2, 0, 0, 1, 1, 0, 2, 0, 2, 1, 0, 0, 2, 0, 0, 2, 0, 1, 1, 0, 0, 2, 1, 1, 2, 2, 0, 2, 2, 0, 1, 2, 1, 1, 2, 0, 1, 1, 1, 1, 2, 2, 1, 1, 0, 1, 0, 1, 0, 1, 0, 2, 1, 1, 1, 1, 0, 1, 1, 2, 0]|[0, 3, 0, 3, 4, 1, 4, 4, 2, 4, 3, 2, 1, 0, 2, 1, 1, 1, 2, 1, 1, 3, 0, 1, 0, 1, 1, 4, 1, 4, 3, 2, 2, 0, 4, 1, 1, 4, 1, 1, 2, 1, 4, 4, 1, 1, 0, 2, 3, 2, 2, 1, 2, 1, 1, 2, 4, 3, 0, 2, 2, 3, 3, 0, 1, 2, 1, 1, 2, 4, 1, 3, 4, 1, 2, 4, 3, 3, 3, 1, 1, 4, 4, 2, 3, 2, 4, 2, 3, 2, 1, 4, 4, 4, 3, 2, 3, 4, 1, 2]|[0, 2, 0, 0, 3, 0, 1, 3, 0, 0, 2, 0, 1, 0, 1, 0, 0, 0, 1, 0, 0, 2, 0, 0, 1, 0, 0, 3, 0, 1, 0, 2, 0, 0, 3, 0, 1, 3, 0, 0, 0, 0, 1, 3, 0, 0, 1, 0, 2, 0, 0, 0, 0, 0, 1, 0, 1, 0, 1, 1, 0, 2, 0, 0, 0, 0, 0, 0, 0, 2, 0, 0, 1, 0, 0, 1, 0, 0, 3, 0, 0, 1, 2, 0, 0, 0, 1, 0, 3, 0, 0, 2, 1, 3, 0, 0, 0, 1, 0, 0],884.1935202920454,50174.268870086526,113547.00447605085,false
27,G3_TWC,G3_TWC,[31, 22, 82, 15, 26, 58, 95, 42, 77, 12, 47, 5, 93, 78, 98, 54, 85, 63, 18, 44, 20, 35, 43, 97, 91, 76, 10, 30, 21, 45, 71, 64, 1, 23, 17, 83, 24, 14, 60, 36, 6, 57, 94, 88, 65, 56, 79, 40, 67, 68, 46, 75, 38, 9, 19, 32, 81, 41, 27, 62, 87, 90, 99, 59, 11, 16, 72, 73, 70, 39, 37, 84, 3, 92, 25, 55, 28, 29, 51, 7, 33, 61, 86, 66, 89, 50, 48, 96, 53, 8, 80, 4, 34, 49, 52, 0, 13, 69, 2, 74]|[1, 1, 0, 1, 1, 1, 2, 1, 2, 1, 2, 2, 2, 1, 1, 0, 0, 1, 0, 2, 2, 0, 1, 2, 0, 1, 2, 2, 0, 0, 1, 2, 1, 2, 1, 0, 2, 0, 1, 1, 0, 1, 1, 1, 0, 2, 1, 1, 0, 0, 0, 0, 1, 1, 2, 1, 2, 0, 0, 0, 2, 1, 0, 1, 2, 1, 2, 1, 1, 1, 1, 1, 1, 0, 1, 1, 0, 0, 0, 1, 2, 1, 0, 2, 1, 0, 0, 0, 0, 1, 0, 0, 2, 0, 1, 0, 0, 1, 0, 2]|[4, 3, 2, 2, 0, 0, 2, 2, 2, 4, 1, 1, 2, 4, 4, 1, 2, 4, 2, 1, 1, 1, 1, 2, 1, 2, 1, 1, 1, 1, 3, 2, 3, 0, 4, 0, 1, 1, 0, 3, 2, 2, 4, 0, 1, 1, 0, 2, 0, 1, 2, 2, 1, 4, 0, 3, 2, 1, 1, 2, 1, 3, 1, 1, 1, 3, 0, 4, 3, 1, 4, 1, 1, 2, 4, 4, 2, 1, 1, 3, 1, 3, 1, 1, 1, 1, 1, 1, 2, 3, 1, 2, 1, 1, 1, 2, 2, 3, 2, 1]|[0, 2, 1, 1, 3, 3, 0, 1, 0, 0, 0, 0, 1, 0, 1, 0, 0, 3, 1, 0, 0, 0, 3, 1, 0, 2, 0, 0, 0, 1, 0, 0, 0, 0, 3, 0, 1, 0, 0, 2, 1, 1, 2, 0, 0, 0, 0, 1, 1, 0, 0, 0, 1, 3, 0, 0, 1, 0, 0, 1, 0, 2, 0, 1, 0, 2, 1, 0, 0, 1, 1, 3, 1, 1, 3, 3, 1, 0, 0, 2, 0, 0, 0, 0, 1, 0, 0, 0, 1, 2, 0, 1, 0, 1, 1, 0, 0, 0, 0, 0],802.1274951829081,57956.38699448537,89691.2003308727,false
27,G1_CMAX,G1_CMAX,[31, 22, 82, 15, 26, 99, 95, 42, 77, 12, 47, 5, 93, 78, 86, 54, 21, 63, 18, 44, 20, 35, 43, 97, 91, 76, 10, 30, 85, 45, 71, 64, 1, 23, 17, 83, 24, 14, 60, 36, 6, 57, 40, 88, 65, 56, 79, 94, 67, 68, 46, 75, 38, 9, 19, 32, 41, 81, 27, 87, 90, 58, 59, 11, 16, 72, 73, 70, 39, 37, 84, 3, 92, 25, 55, 48, 62, 29, 51, 7, 33, 61, 98, 28, 89, 50, 4, 96, 53, 80, 8, 66, 34, 49, 52, 0, 74, 69, 2, 13]|[1, 1, 0, 1, 1, 0, 1, 1, 2, 1, 2, 2, 2, 1, 1, 0, 0, 1, 0, 2, 2, 0, 1, 2, 0, 1, 2, 2, 0, 0, 1, 2, 1, 2, 1, 0, 2, 0, 1, 1, 0, 1, 1, 1, 0, 2, 1, 1, 0, 0, 0, 0, 1, 1, 2, 1, 0, 2, 0, 2, 1, 0, 1, 2, 1, 2, 1, 1, 1, 1, 1, 1, 0, 1, 2, 0, 0, 0, 0, 1, 2, 1, 2, 0, 1, 0, 1, 2, 0, 0, 1, 2, 2, 0, 1, 0, 2, 1, 0, 0]|[0, 3, 2, 2, 4, 1, 2, 3, 2, 4, 1, 1, 2, 4, 4, 1, 1, 4, 2, 1, 1, 1, 1, 2, 1, 2, 1, 1, 2, 1, 3, 2, 3, 1, 4, 0, 1, 1, 0, 3, 2, 2, 2, 0, 1, 1, 0, 4, 0, 1, 2, 2, 1, 4, 0, 3, 1, 1, 1, 1, 3, 1, 1, 1, 3, 0, 4, 3, 1, 4, 1, 1, 0, 4, 1, 1, 2, 1, 1, 1, 1, 3, 1, 2, 1, 1, 4, 1, 2, 1, 3, 1, 1, 1, 1, 2, 1, 4, 2, 2]|[0, 2, 1, 1, 3, 0, 1, 3, 0, 0, 0, 0, 1, 0, 1, 0, 0, 3, 1, 0, 0, 0, 3, 1, 0, 2, 0, 0, 0, 1, 0, 0, 0, 0, 3, 0, 1, 0, 0, 2, 1, 1, 1, 0, 0, 0, 0, 2, 1, 0, 0, 0, 1, 3, 0, 0, 0, 0, 0, 0, 2, 0, 1, 0, 2, 1, 0, 0, 1, 1, 3, 1, 1, 3, 0, 0, 1, 0, 0, 2, 0, 0, 0, 1, 1, 0, 0, 0, 1, 0, 2, 0, 0, 1, 1, 0, 0, 2, 0, 0],731.2476204416437,56806.84376103422,93275.64763277225,false
27,G4_BALANCED,G4_BALANCED,[31, 11, 15, 82, 26, 9, 95, 32, 77, 68, 47, 5, 93, 78, 86, 54, 85, 63, 18, 44, 20, 49, 36, 14, 74, 50, 53, 17, 21, 45, 71, 64, 3, 23, 30, 83, 24, 41, 60, 52, 65, 27, 90, 70, 39, 87, 48, 69, 99, 4, 46, 1, 13, 58, 97, 59, 28, 75, 73, 37, 35, 79, 22, 66, 76, 42, 40, 80, 96, 6, 16, 61, 33, 7, 57, 34, 12, 67, 10, 98, 56, 88, 29, 94, 91, 38, 19, 92, 43, 84, 62, 72, 81, 25, 2, 55, 8, 89, 51, 0]|[2, 1, 1, 2, 1, 2, 1, 1, 1, 1, 1, 0, 2, 2, 1, 2, 0, 0, 0, 2, 2, 1, 0, 2, 0, 2, 2, 1, 0, 1, 1, 1, 0, 0, 1, 0, 2, 1, 2, 2, 0, 0, 1, 1, 0, 2, 0, 2, 1, 0, 0, 2, 0, 0, 2, 0, 1, 0, 0, 0, 2, 1, 0, 2, 2, 0, 2, 2, 0, 1, 2, 1, 1, 2, 0, 1, 1, 1, 1, 2, 2, 1, 1, 2, 1, 0, 1, 0, 1, 0, 1, 1, 1, 1, 2, 0, 1, 1, 1, 0]|[1, 3, 2, 0, 4, 1, 4, 4, 2, 4, 3, 2, 1, 0, 2, 1, 1, 1, 2, 1, 1, 3, 0, 1, 0, 1, 1, 4, 1, 4, 3, 2, 2, 0, 4, 1, 1, 4, 0, 1, 2, 1, 4, 4, 1, 1, 0, 2, 3, 2, 2, 1, 2, 1, 1, 2, 4, 2, 0, 2, 2, 3, 1, 0, 1, 2, 0, 1, 2, 4, 1, 3, 4, 1, 2, 4, 3, 3, 3, 1, 1, 4, 3, 1, 3, 2, 4, 2, 4, 2, 3, 4, 1, 4, 1, 2, 3, 4, 3, 2]|[1, 2, 1, 0, 3, 0, 1, 3, 0, 0, 2, 0, 1, 0, 1, 0, 0, 0, 1, 0, 0, 2, 0, 0, 1, 0, 0, 3, 0, 1, 0, 2, 0, 1, 3, 0, 1, 3, 1, 0, 0, 0, 1, 3, 0, 0, 1, 0, 2, 0, 0, 0, 0, 0, 1, 0, 1, 0, 1, 1, 0, 2, 0, 0, 0, 0, 0, 0, 0, 2, 0, 0, 1, 0, 0, 1, 0, 0, 3, 0, 0, 1, 0, 0, 0, 0, 3, 0, 2, 0, 0, 2, 1, 3, 0, 0, 0, 1, 0, 0],842.584363225019,52352.15155925938,107294.36147715819,false
27,G2_TEC,G2_TEC,[31, 22, 82, 15, 26, 9, 95, 42, 77, 68, 47, 5, 93, 78, 86, 54, 85, 63, 18, 44, 20, 49, 36, 14, 74, 50, 53, 17, 21, 28, 11, 64, 3, 23, 30, 83, 24, 41, 40, 52, 65, 27, 90, 70, 39, 87, 48, 69, 99, 4, 46, 1, 13, 58, 97, 59, 45, 8, 73, 37, 35, 79, 71, 66, 76, 32, 60, 80, 96, 6, 16, 61, 33, 7, 57, 34, 12, 67, 10, 98, 56, 88, 43, 75, 91, 38, 19, 92, 29, 84, 2, 72, 81, 25, 51, 55, 62, 89, 94, 0]|[2, 1, 2, 1, 1, 2, 1, 1, 1, 1, 1, 0, 2, 2, 1, 2, 0, 0, 0, 2, 2, 1, 0, 2, 0, 2, 2, 1, 0, 1, 1, 1, 0, 0, 1, 0, 2, 1, 2, 2, 0, 0, 1, 1, 0, 2, 0, 2, 1, 0, 0, 2, 0, 0, 2, 0, 1, 1, 0, 0, 2, 1, 1, 2, 2, 0, 2, 2, 0, 1, 2, 1, 1, 2, 0, 1, 1, 1, 1, 2, 2, 1, 1, 0, 1, 0, 1, 0, 1, 0, 2, 1, 1, 1, 1, 0, 1, 1, 2, 0]|[0, 3, 0, 3, 4, 1, 4, 4, 2, 4, 3, 2, 1, 0, 2, 1, 1, 1, 2, 1, 1, 3, 0, 1, 0, 1, 1, 4, 1, 4, 3, 2, 2, 0, 4, 1, 1, 4, 1, 1, 2, 1, 4, 4, 1, 1, 0, 2, 3, 2, 2, 1, 2, 1, 1, 2, 4, 3, 0, 2, 2, 3, 3, 0, 1, 2, 1, 1, 2, 4, 1, 3, 4, 1, 2, 4, 3, 3, 3, 1, 1, 4, 4, 2, 3, 2, 4, 2, 3, 2, 1, 4, 4, 4, 3, 2, 3, 4, 1, 2]|[0, 2, 0, 0, 3, 0, 1, 3, 0, 0, 2, 0, 1, 0, 1, 0, 0, 0, 1, 0, 0, 2, 0, 0, 1, 0, 0, 3, 0, 1, 0, 2, 0, 0, 3, 0, 1, 3, 0, 0, 0, 0, 1, 3, 0, 0, 1, 0, 2, 0, 0, 0, 0, 0, 1, 0, 1, 0, 1, 1, 0, 2, 0, 0, 0, 0, 0, 0, 0, 2, 0, 0, 1, 0, 0, 1, 0, 0, 3, 0, 0, 1, 2, 0, 0, 0, 1, 0, 3, 0, 0, 2, 1, 3, 0, 0, 0, 1, 0, 0],884.1935202920454,50174.268870086526,113547.00447605085,false
27,G3_TWC,G3_TWC,[31, 22, 82, 15, 26, 58, 95, 42, 77, 12, 47, 5, 93, 78, 98, 54, 85, 63, 18, 44, 20, 35, 43, 97, 91, 76, 10, 30, 21, 45, 71, 64, 1, 23, 17, 83, 24, 14, 60, 36, 6, 57, 94, 88, 65, 56, 79, 40, 67, 68, 46, 75, 38, 9, 19, 32, 81, 41, 27, 62, 87, 90, 99, 59, 11, 16, 72, 73, 70, 39, 37, 84, 3, 92, 25, 55, 28, 29, 51, 7, 33, 61, 86, 66, 89, 50, 48, 96, 53, 8, 80, 4, 34, 49, 52, 0, 13, 69, 2, 74]|[1, 1, 0, 1, 1, 1, 2, 1, 2, 1, 2, 2, 2, 1, 1, 0, 0, 1, 0, 2, 2, 0, 1, 2, 0, 1, 2, 2, 0, 0, 1, 2, 1, 2, 1, 0, 2, 0, 1, 1, 0, 1, 1, 1, 0, 2, 1, 1, 0, 0, 0, 0, 1, 1, 2, 1, 2, 0, 0, 0, 2, 1, 0, 1, 2, 1, 2, 1, 1, 1, 1, 1, 1, 0, 1, 1, 0, 0, 0, 1, 2, 1, 0, 2, 1, 0, 0, 0, 0, 1, 0, 0, 2, 0, 1, 0, 0, 1, 0, 2]|[4, 3, 2, 2, 0, 0, 2, 2, 2, 4, 1, 1, 2, 4, 4, 1, 2, 4, 2, 1, 1, 1, 1, 2, 1, 2, 1, 1, 1, 1, 3, 2, 3, 0, 4, 0, 1, 1, 0, 3, 2, 2, 4, 0, 1, 1, 0, 2, 0, 1, 2, 2, 1, 4, 0, 3, 2, 1, 1, 2, 1, 3, 1, 1, 1, 3, 0, 4, 3, 1, 4, 1, 1, 2, 4, 4, 2, 1, 1, 3, 1, 3, 1, 1, 1, 1, 1, 1, 2, 3, 1, 2, 1, 1, 1, 2, 2, 3, 2, 1]|[0, 2, 1, 1, 3, 3, 0, 1, 0, 0, 0, 0, 1, 0, 1, 0, 0, 3, 1, 0, 0, 0, 3, 1, 0, 2, 0, 0, 0, 1, 0, 0, 0, 0, 3, 0, 1, 0, 0, 2, 1, 1, 2, 0, 0, 0, 0, 1, 1, 0, 0, 0, 1, 3, 0, 0, 1, 0, 0, 1, 0, 2, 0, 1, 0, 2, 1, 0, 0, 1, 1, 3, 1, 1, 3, 3, 1, 0, 0, 2, 0, 0, 0, 0, 1, 0, 0, 0, 1, 2, 0, 1, 0, 1, 1, 0, 0, 0, 0, 0],802.1274951829081,57956.38699448537,89691.2003308727,false
27,G1_CMAX,G1_CMAX,[31, 22, 82, 15, 26, 99, 95, 42, 77, 12, 47, 5, 93, 78, 86, 54, 21, 63, 18, 44, 20, 35, 43, 97, 91, 76, 10, 30, 85, 45, 71, 64, 1, 23, 17, 83, 24, 14, 60, 36, 6, 57, 40, 88, 65, 56, 79, 94, 67, 68, 46, 75, 38, 9, 19, 32, 41, 81, 27, 87, 90, 58, 59, 11, 16, 72, 73, 70, 39, 37, 84, 3, 92, 25, 55, 48, 62, 29, 51, 7, 33, 61, 98, 28, 89, 50, 4, 96, 53, 80, 8, 66, 34, 49, 52, 0, 74, 69, 2, 13]|[1, 1, 0, 1, 1, 0, 1, 1, 2, 1, 2, 2, 2, 1, 1, 0, 0, 1, 0, 2, 2, 0, 1, 2, 0, 1, 2, 2, 0, 0, 1, 2, 1, 2, 1, 0, 2, 0, 1, 1, 0, 1, 1, 1, 0, 2, 1, 1, 0, 0, 0, 0, 1, 1, 2, 1, 0, 2, 0, 2, 1, 0, 1, 2, 1, 2, 1, 1, 1, 1, 1, 1, 0, 1, 2, 0, 0, 0, 0, 1, 2, 1, 2, 0, 1, 0, 1, 2, 0, 0, 1, 2, 2, 0, 1, 0, 2, 1, 0, 0]|[0, 3, 2, 2, 4, 1, 2, 3, 2, 4, 1, 1, 2, 4, 4, 1, 1, 4, 2, 1, 1, 1, 1, 2, 1, 2, 1, 1, 2, 1, 3, 2, 3, 1, 4, 0, 1, 1, 0, 3, 2, 2, 2, 0, 1, 1, 0, 4, 0, 1, 2, 2, 1, 4, 0, 3, 1, 1, 1, 1, 3, 1, 1, 1, 3, 0, 4, 3, 1, 4, 1, 1, 0, 4, 1, 1, 2, 1, 1, 1, 1, 3, 1, 2, 1, 1, 4, 1, 2, 1, 3, 1, 1, 1, 1, 2, 1, 4, 2, 2]|[0, 2, 1, 1, 3, 0, 1, 3, 0, 0, 0, 0, 1, 0, 1, 0, 0, 3, 1, 0, 0, 0, 3, 1, 0, 2, 0, 0, 0, 1, 0, 0, 0, 0, 3, 0, 1, 0, 0, 2, 1, 1, 1, 0, 0, 0, 0, 2, 1, 0, 0, 0, 1, 3, 0, 0, 0, 0, 0, 0, 2, 0, 1, 0, 2, 1, 0, 0, 1, 1, 3, 1, 1, 3, 0, 0, 1, 0, 0, 2, 0, 0, 0, 1, 1, 0, 0, 0, 1, 0, 2, 0, 0, 1, 1, 0, 0, 2, 0, 0],731.2476204416437,56806.84376103422,93275.64763277225,false
27,G4_BALANCED,G2_TEC,[31, 22, 82, 15, 26, 9, 95, 42, 77, 68, 47, 5, 93, 78, 86, 54, 85, 63, 18, 44, 20, 49, 36, 14, 74, 50, 53, 17, 21, 28, 71, 64, 3, 23, 30, 83, 24, 41, 40, 52, 65, 27, 90, 70, 39, 87, 48, 69, 99, 4, 46, 1, 13, 58, 97, 59, 45, 8, 73, 37, 35, 60, 11, 66, 76, 32, 79, 80, 96, 6, 16, 61, 33, 7, 57, 34, 12, 67, 10, 98, 56, 88, 29, 75, 91, 38, 19, 92, 43, 84, 51, 72, 81, 25, 2, 55, 0, 62, 89, 94]|[2, 1, 2, 1, 1, 2, 1, 1, 1, 1, 1, 0, 2, 2, 1, 2, 0, 0, 0, 2, 2, 1, 0, 2, 0, 2, 2, 1, 0, 1, 1, 1, 0, 0, 1, 0, 2, 1, 2, 2, 0, 0, 1, 1, 0, 2, 0, 2, 1, 0, 0, 2, 0, 0, 2, 0, 1, 1, 0, 0, 2, 2, 0, 2, 2, 0, 1, 2, 0, 1, 2, 1, 1, 2, 0, 1, 1, 1, 1, 2, 2, 1, 1, 0, 1, 0, 1, 0, 1, 0, 1, 1, 1, 1, 2, 0, 0, 1, 1, 1]|[0, 3, 0, 3, 4, 1, 4, 4, 2, 4, 3, 2, 1, 0, 2, 1, 1, 1, 2, 1, 1, 3, 0, 1, 0, 1, 1, 4, 1, 4, 3, 2, 2, 0, 4, 1, 1, 4, 0, 1, 2, 1, 4, 4, 1, 1, 0, 2, 3, 1, 2, 1, 2, 1, 1, 2, 4, 3, 0, 2, 2, 0, 1, 0, 1, 2, 3, 1, 2, 4, 1, 3, 4, 1, 2, 4, 3, 3, 3, 1, 1, 4, 3, 2, 3, 2, 4, 2, 4, 2, 3, 4, 1, 4, 1, 2, 2, 3, 4, 4]|[0, 2, 0, 0, 3, 0, 1, 3, 0, 0, 2, 0, 1, 0, 1, 0, 0, 0, 1, 0, 0, 2, 0, 0, 1, 0, 0, 3, 0, 1, 0, 2, 0, 0, 3, 0, 1, 3, 1, 0, 0, 0, 1, 3, 0, 0, 1, 0, 2, 0, 0, 0, 0, 0, 1, 0, 1, 0, 1, 1, 0, 0, 0, 0, 0, 0, 2, 0, 0, 2, 0, 0, 1, 0, 0, 1, 0, 0, 3, 0, 0, 1, 0, 0, 0, 0, 3, 0, 2, 0, 0, 2, 1, 3, 0, 0, 0, 0, 1, 2],892.7401490794913,51281.32958573768,109301.63739857412,true
27,G2_TEC,G2_TEC,[31, 22, 82, 15, 26, 9, 95, 42, 77, 68, 47, 5, 93, 78, 86, 54, 85, 63, 18, 44, 20, 49, 36, 14, 74, 50, 53, 17, 21, 28, 11, 64, 3, 23, 30, 83, 24, 41, 40, 52, 65, 27, 90, 70, 39, 87, 48, 69, 99, 4, 46, 1, 13, 58, 97, 59, 45, 8, 73, 37, 35, 79, 71, 66, 76, 32, 60, 80, 96, 6, 16, 61, 33, 7, 57, 34, 12, 67, 10, 98, 56, 88, 43, 75, 91, 38, 19, 92, 29, 84, 2, 72, 81, 25, 51, 55, 62, 89, 94, 0]|[2, 1, 2, 1, 1, 2, 1, 1, 1, 1, 1, 0, 2, 2, 1, 2, 0, 0, 0, 2, 2, 1, 0, 2, 0, 2, 2, 1, 0, 1, 1, 1, 0, 0, 1, 0, 2, 1, 2, 2, 0, 0, 1, 1, 0, 2, 0, 2, 1, 0, 0, 2, 0, 0, 2, 0, 1, 1, 0, 0, 2, 1, 1, 2, 2, 0, 2, 2, 0, 1, 2, 1, 1, 2, 0, 1, 1, 1, 1, 2, 2, 1, 1, 0, 1, 0, 1, 0, 1, 0, 2, 1, 1, 1, 1, 0, 1, 1, 2, 0]|[0, 3, 0, 3, 4, 1, 4, 4, 2, 4, 3, 2, 1, 0, 2, 1, 1, 1, 2, 1, 1, 3, 0, 1, 0, 1, 1, 4, 1, 4, 3, 2, 2, 0, 4, 1, 1, 4, 1, 1, 2, 1, 4, 4, 1, 1, 0, 2, 3, 2, 2, 1, 2, 1, 1, 2, 4, 3, 0, 2, 2, 3, 3, 0, 1, 2, 1, 1, 2, 4, 1, 3, 4, 1, 2, 4, 3, 3, 3, 1, 1, 4, 4, 2, 3, 2, 4, 2, 3, 2, 1, 4, 4, 4, 3, 2, 3, 4, 1, 2]|[0, 2, 0, 0, 3, 0, 1, 3, 0, 0, 2, 0, 1, 0, 1, 0, 0, 0, 1, 0, 0, 2, 0, 0, 1, 0, 0, 3, 0, 1, 0, 2, 0, 0, 3, 0, 1, 3, 0, 0, 0, 0, 1, 3, 0, 0, 1, 0, 2, 0, 0, 0, 0, 0, 1, 0, 1, 0, 1, 1, 0, 2, 0, 0, 0, 0, 0, 0, 0, 2, 0, 0, 1, 0, 0, 1, 0, 0, 3, 0, 0, 1, 2, 0, 0, 0, 1, 0, 3, 0, 0, 2, 1, 3, 0, 0, 0, 1, 0, 0],884.1935202920454,50174.268870086526,113547.00447605085,false
27,G3_TWC,G3_TWC,[31, 22, 82, 15, 26, 58, 95, 42, 77, 12, 47, 5, 93, 78, 98, 54, 85, 63, 18, 44, 20, 35, 43, 97, 91, 76, 10, 30, 21, 45, 71, 64, 1, 23, 17, 83, 24, 14, 60, 36, 6, 57, 94, 88, 65, 56, 79, 40, 67, 68, 46, 75, 38, 9, 19, 32, 81, 41, 27, 62, 87, 90, 99, 59, 11, 16, 72, 73, 70, 39, 37, 84, 3, 92, 25, 55, 28, 29, 51, 7, 33, 61, 86, 66, 89, 50, 48, 96, 53, 8, 80, 4, 34, 49, 52, 0, 13, 69, 2, 74]|[1, 1, 0, 1, 1, 1, 2, 1, 2, 1, 2, 2, 2, 1, 1, 0, 0, 1, 0, 2, 2, 0, 1, 2, 0, 1, 2, 2, 0, 0, 1, 2, 1, 2, 1, 0, 2, 0, 1, 1, 0, 1, 1, 1, 0, 2, 1, 1, 0, 0, 0, 0, 1, 1, 2, 1, 2, 0, 0, 0, 2, 1, 0, 1, 2, 1, 2, 1, 1, 1, 1, 1, 1, 0, 1, 1, 0, 0, 0, 1, 2, 1, 0, 2, 1, 0, 0, 0, 0, 1, 0, 0, 2, 0, 1, 0, 0, 1, 0, 2]|[4, 3, 2, 2, 0, 0, 2, 2, 2, 4, 1, 1, 2, 4, 4, 1, 2, 4, 2, 1, 1, 1, 1, 2, 1, 2, 1, 1, 1, 1, 3, 2, 3, 0, 4, 0, 1, 1, 0, 3, 2, 2, 4, 0, 1, 1, 0, 2, 0, 1, 2, 2, 1, 4, 0, 3, 2, 1, 1, 2, 1, 3, 1, 1, 1, 3, 0, 4, 3, 1, 4, 1, 1, 2, 4, 4, 2, 1, 1, 3, 1, 3, 1, 1, 1, 1, 1, 1, 2, 3, 1, 2, 1, 1, 1, 2, 2, 3, 2, 1]|[0, 2, 1, 1, 3, 3, 0, 1, 0, 0, 0, 0, 1, 0, 1, 0, 0, 3, 1, 0, 0, 0, 3, 1, 0, 2, 0, 0, 0, 1, 0, 0, 0, 0, 3, 0, 1, 0, 0, 2, 1, 1, 2, 0, 0, 0, 0, 1, 1, 0, 0, 0, 1, 3, 0, 0, 1, 0, 0, 1, 0, 2, 0, 1, 0, 2, 1, 0, 0, 1, 1, 3, 1, 1, 3, 3, 1, 0, 0, 2, 0, 0, 0, 0, 1, 0, 0, 0, 1, 2, 0, 1, 0, 1, 1, 0, 0, 0, 0, 0],802.1274951829081,57956.38699448537,89691.2003308727,false
27,G1_CMAX,G1_CMAX,[31, 22, 82, 15, 26, 99, 95, 42, 77, 12, 47, 5, 93, 78, 86, 54, 21, 63, 18, 44, 20, 35, 43, 97, 91, 76, 10, 30, 85, 45, 71, 64, 1, 23, 17, 83, 24, 14, 60, 36, 6, 57, 40, 88, 65, 56, 79, 94, 67, 68, 46, 75, 38, 9, 19, 32, 41, 81, 27, 87, 90, 58, 59, 11, 16, 72, 73, 70, 39, 37, 84, 3, 92, 25, 55, 48, 62, 29, 51, 7, 33, 61, 98, 28, 89, 50, 4, 96, 53, 80, 8, 66, 34, 49, 52, 0, 74, 69, 2, 13]|[1, 1, 0, 1, 1, 0, 1, 1, 2, 1, 2, 2, 2, 1, 1, 0, 0, 1, 0, 2, 2, 0, 1, 2, 0, 1, 2, 2, 0, 0, 1, 2, 1, 2, 1, 0, 2, 0, 1, 1, 0, 1, 1, 1, 0, 2, 1, 1, 0, 0, 0, 0, 1, 1, 2, 1, 0, 2, 0, 2, 1, 0, 1, 2, 1, 2, 1, 1, 1, 1, 1, 1, 0, 1, 2, 0, 0, 0, 0, 1, 2, 1, 2, 0, 1, 0, 1, 2, 0, 0, 1, 2, 2, 0, 1, 0, 2, 1, 0, 0]|[0, 3, 2, 2, 4, 1, 2, 3, 2, 4, 1, 1, 2, 4, 4, 1, 1, 4, 2, 1, 1, 1, 1, 2, 1, 2, 1, 1, 2, 1, 3, 2, 3, 1, 4, 0, 1, 1, 0, 3, 2, 2, 2, 0, 1, 1, 0, 4, 0, 1, 2, 2, 1, 4, 0, 3, 1, 1, 1, 1, 3, 1, 1, 1, 3, 0, 4, 3, 1, 4, 1, 1, 0, 4, 1, 1, 2, 1, 1, 1, 1, 3, 1, 2, 1, 1, 4, 1, 2, 1, 3, 1, 1, 1, 1, 2, 1, 4, 2, 2]|[0, 2, 1, 1, 3, 0, 1, 3, 0, 0, 0, 0, 1, 0, 1, 0, 0, 3, 1, 0, 0, 0, 3, 1, 0, 2, 0, 0, 0, 1, 0, 0, 0, 0, 3, 0, 1, 0, 0, 2, 1, 1, 1, 0, 0, 0, 0, 2, 1, 0, 0, 0, 1, 3, 0, 0, 0, 0, 0, 0, 2, 0, 1, 0, 2, 1, 0, 0, 1, 1, 3, 1, 1, 3, 0, 0, 1, 0, 0, 2, 0, 0, 0, 1, 1, 0, 0, 0, 1, 0, 2, 0, 0, 1, 1, 0, 0, 2, 0, 0],731.2476204416437,56806.84376103422,93275.64763277225,false
27,G4_BALANCED,G4_BALANCED,[31, 11, 15, 82, 26, 9, 95, 32, 77, 68, 47, 5, 93, 78, 86, 54, 85, 63, 18, 44, 20, 49, 36, 14, 74, 50, 53, 17, 21, 45, 71, 64, 3, 23, 30, 83, 24, 41, 60, 52, 65, 27, 90, 70, 39, 87, 48, 69, 99, 4, 46, 1, 13, 58, 97, 59, 28, 75, 73, 37, 35, 79, 22, 66, 76, 42, 40, 80, 96, 6, 16, 61, 33, 7, 57, 34, 12, 67, 10, 98, 56, 88, 29, 94, 91, 38, 19, 92, 43, 84, 62, 72, 81, 25, 2, 55, 8, 89, 51, 0]|[2, 1, 1, 2, 1, 2, 1, 1, 1, 1, 1, 0, 2, 2, 1, 2, 0, 0, 0, 2, 2, 1, 0, 2, 0, 2, 2, 1, 0, 1, 1, 1, 0, 0, 1, 0, 2, 1, 2, 2, 0, 0, 1, 1, 0, 2, 0, 2, 1, 0, 0, 2, 0, 0, 2, 0, 1, 0, 0, 0, 2, 1, 0, 2, 2, 0, 2, 2, 0, 1, 2, 1, 1, 2, 0, 1, 1, 1, 1, 2, 2, 1, 1, 2, 1, 0, 1, 0, 1, 0, 1, 1, 1, 1, 2, 0, 1, 1, 1, 0]|[1, 3, 2, 0, 4, 1, 4, 4, 2, 4, 3, 2, 1, 0, 2, 1, 1, 1, 2, 1, 1, 3, 0, 1, 0, 1, 1, 4, 1, 4, 3, 2, 2, 0, 4, 1, 1, 4, 0, 1, 2, 1, 4, 4, 1, 1, 0, 2, 3, 2, 2, 1, 2, 1, 1, 2, 4, 2, 0, 2, 2, 3, 1, 0, 1, 2, 0, 1, 2, 4, 1, 3, 4, 1, 2, 4, 3, 3, 3, 1, 1, 4, 3, 1, 3, 2, 4, 2, 4, 2, 3, 4, 1, 4, 1, 2, 3, 4, 3, 2]|[1, 2, 1, 0, 3, 0, 1, 3, 0, 0, 2, 0, 1, 0, 1, 0, 0, 0, 1, 0, 0, 2, 0, 0, 1, 0, 0, 3, 0, 1, 0, 2, 0, 1, 3, 0, 1, 3, 1, 0, 0, 0, 1, 3, 0, 0, 1, 0, 2, 0, 0, 0, 0, 0, 1, 0, 1, 0, 1, 1, 0, 2, 0, 0, 0, 0, 0, 0, 0, 2, 0, 0, 1, 0, 0, 1, 0, 0, 3, 0, 0, 1, 0, 0, 0, 0, 3, 0, 2, 0, 0, 2, 1, 3, 0, 0, 0, 1, 0, 0],842.584363225019,52352.15155925938,107294.36147715819,false
27,G2_TEC,G2_TEC,[31, 22, 82, 15, 26, 9, 95, 42, 77, 68, 47, 5, 93, 78, 86, 54, 85, 63, 18, 44, 20, 49, 36, 14, 74, 50, 53, 17, 21, 28, 11, 64, 3, 23, 30, 83, 24, 41, 40, 52, 65, 27, 90, 70, 39, 87, 48, 69, 99, 4, 46, 1, 13, 58, 97, 59, 45, 8, 73, 37, 35, 79, 71, 66, 76, 32, 60, 80, 96, 6, 16, 61, 33, 7, 57, 34, 12, 67, 10, 98, 56, 88, 43, 75, 91, 38, 19, 92, 29, 84, 2, 72, 81, 25, 51, 55, 62, 89, 94, 0]|[2, 1, 2, 1, 1, 2, 1, 1, 1, 1, 1, 0, 2, 2, 1, 2, 0, 0, 0, 2, 2, 1, 0, 2, 0, 2, 2, 1, 0, 1, 1, 1, 0, 0, 1, 0, 2, 1, 2, 2, 0, 0, 1, 1, 0, 2, 0, 2, 1, 0, 0, 2, 0, 0, 2, 0, 1, 1, 0, 0, 2, 1, 1, 2, 2, 0, 2, 2, 0, 1, 2, 1, 1, 2, 0, 1, 1, 1, 1, 2, 2, 1, 1, 0, 1, 0, 1, 0, 1, 0, 2, 1, 1, 1, 1, 0, 1, 1, 2, 0]|[0, 3, 0, 3, 4, 1, 4, 4, 2, 4, 3, 2, 1, 0, 2, 1, 1, 1, 2, 1, 1, 3, 0, 1, 0, 1, 1, 4, 1, 4, 3, 2, 2, 0, 4, 1, 1, 4, 1, 1, 2, 1, 4, 4, 1, 1, 0, 2, 3, 2, 2, 1, 2, 1, 1, 2, 4, 3, 0, 2, 2, 3, 3, 0, 1, 2, 1, 1, 2, 4, 1, 3, 4, 1, 2, 4, 3, 3, 3, 1, 1, 4, 4, 2, 3, 2, 4, 2, 3, 2, 1, 4, 4, 4, 3, 2, 3, 4, 1, 2]|[0, 2, 0, 0, 3, 0, 1, 3, 0, 0, 2, 0, 1, 0, 1, 0, 0, 0, 1, 0, 0, 2, 0, 0, 1, 0, 0, 3, 0, 1, 0, 2, 0, 0, 3, 0, 1, 3, 0, 0, 0, 0, 1, 3, 0, 0, 1, 0, 2, 0, 0, 0, 0, 0, 1, 0, 1, 0, 1, 1, 0, 2, 0, 0, 0, 0, 0, 0, 0, 2, 0, 0, 1, 0, 0, 1, 0, 0, 3, 0, 0, 1, 2, 0, 0, 0, 1, 0, 3, 0, 0, 2, 1, 3, 0, 0, 0, 1, 0, 0],884.1935202920454,50174.268870086526,113547.00447605085,false
27,G3_TWC,G3_TWC,[31, 22, 82, 15, 26, 58, 95, 42, 77, 12, 47, 5, 93, 78, 98, 54, 85, 63, 18, 44, 20, 35, 43, 97, 91, 76, 10, 30, 21, 45, 71, 64, 1, 23, 17, 83, 24, 14, 60, 36, 6, 57, 94, 88, 65, 56, 79, 40, 67, 68, 46, 75, 38, 9, 19, 32, 81, 41, 27, 62, 87, 90, 99, 59, 11, 16, 72, 73, 70, 39, 37, 84, 3, 92, 25, 55, 28, 29, 51, 7, 33, 61, 86, 66, 89, 50, 48, 96, 53, 8, 80, 4, 34, 49, 52, 0, 13, 69, 2, 74]|[1, 1, 0, 1, 1, 1, 2, 1, 2, 1, 2, 2, 2, 1, 1, 0, 0, 1, 0, 2, 2, 0, 1, 2, 0, 1, 2, 2, 0, 0, 1, 2, 1, 2, 1, 0, 2, 0, 1, 1, 0, 1, 1, 1, 0, 2, 1, 1, 0, 0, 0, 0, 1, 1, 2, 1, 2, 0, 0, 0, 2, 1, 0, 1, 2, 1, 2, 1, 1, 1, 1, 1, 1, 0, 1, 1, 0, 0, 0, 1, 2, 1, 0, 2, 1, 0, 0, 0, 0, 1, 0, 0, 2, 0, 1, 0, 0, 1, 0, 2]|[4, 3, 2, 2, 0, 0, 2, 2, 2, 4, 1, 1, 2, 4, 4, 1, 2, 4, 2, 1, 1, 1, 1, 2, 1, 2, 1, 1, 1, 1, 3, 2, 3, 0, 4, 0, 1, 1, 0, 3, 2, 2, 4, 0, 1, 1, 0, 2, 0, 1, 2, 2, 1, 4, 0, 3, 2, 1, 1, 2, 1, 3, 1, 1, 1, 3, 0, 4, 3, 1, 4, 1, 1, 2, 4, 4, 2, 1, 1, 3, 1, 3, 1, 1, 1, 1, 1, 1, 2, 3, 1, 2, 1, 1, 1, 2, 2, 3, 2, 1]|[0, 2, 1, 1, 3, 3, 0, 1, 0, 0, 0, 0, 1, 0, 1, 0, 0, 3, 1, 0, 0, 0, 3, 1, 0, 2, 0, 0, 0, 1, 0, 0, 0, 0, 3, 0, 1, 0, 0, 2, 1, 1, 2, 0, 0, 0, 0, 1, 1, 0, 0, 0, 1, 3, 0, 0, 1, 0, 0, 1, 0, 2, 0, 1, 0, 2, 1, 0, 0, 1, 1, 3, 1, 1, 3, 3, 1, 0, 0, 2, 0, 0, 0, 0, 1, 0, 0, 0, 1, 2, 0, 1, 0, 1, 1, 0, 0, 0, 0, 0],802.1274951829081,57956.38699448537,89691.2003308727,false
27,G1_CMAX,G1_CMAX,[31, 22, 82, 15, 26, 99, 95, 42, 77, 12, 47, 5, 93, 78, 86, 54, 21, 63, 18, 44, 20, 35, 43, 97, 91, 76, 10, 30, 85, 45, 71, 64, 1, 23, 17, 83, 24, 14, 60, 36, 6, 57, 40, 88, 65, 56, 79, 94, 67, 68, 46, 75, 38, 9, 19, 32, 41, 81, 27, 87, 90, 58, 59, 11, 16, 72, 73, 70, 39, 37, 84, 3, 92, 25, 55, 48, 62, 29, 51, 7, 33, 61, 98, 28, 89, 50, 4, 96, 53, 80, 8, 66, 34, 49, 52, 0, 74, 69, 2, 13]|[1, 1, 0, 1, 1, 0, 1, 1, 2, 1, 2, 2, 2, 1, 1, 0, 0, 1, 0, 2, 2, 0, 1, 2, 0, 1, 2, 2, 0, 0, 1, 2, 1, 2, 1, 0, 2, 0, 1, 1, 0, 1, 1, 1, 0, 2, 1, 1, 0, 0, 0, 0, 1, 1, 2, 1, 0, 2, 0, 2, 1, 0, 1, 2, 1, 2, 1, 1, 1, 1, 1, 1, 0, 1, 2, 0, 0, 0, 0, 1, 2, 1, 2, 0, 1, 0, 1, 2, 0, 0, 1, 2, 2, 0, 1, 0, 2, 1, 0, 0]|[0, 3, 2, 2, 4, 1, 2, 3, 2, 4, 1, 1, 2, 4, 4, 1, 1, 4, 2, 1, 1, 1, 1, 2, 1, 2, 1, 1, 2, 1, 3, 2, 3, 1, 4, 0, 1, 1, 0, 3, 2, 2, 2, 0, 1, 1, 0, 4, 0, 1, 2, 2, 1, 4, 0, 3, 1, 1, 1, 1, 3, 1, 1, 1, 3, 0, 4, 3, 1, 4, 1, 1, 0, 4, 1, 1, 2, 1, 1, 1, 1, 3, 1, 2, 1, 1, 4, 1, 2, 1, 3, 1, 1, 1, 1, 2, 1, 4, 2, 2]|[0, 2, 1, 1, 3, 0, 1, 3, 0, 0, 0, 0, 1, 0, 1, 0, 0, 3, 1, 0, 0, 0, 3, 1, 0, 2, 0, 0, 0, 1, 0, 0, 0, 0, 3, 0, 1, 0, 0, 2, 1, 1, 1, 0, 0, 0, 0, 2, 1, 0, 0, 0, 1, 3, 0, 0, 0, 0, 0, 0, 2, 0, 1, 0, 2, 1, 0, 0, 1, 1, 3, 1, 1, 3, 0, 0, 1, 0, 0, 2, 0, 0, 0, 1, 1, 0, 0, 0, 1, 0, 2, 0, 0, 1, 1, 0, 0, 2, 0, 0],731.2476204416437,56806.84376103422,93275.64763277225,false
27,G4_BALANCED,G4_BALANCED,[31, 11, 15, 82, 26, 9, 95, 32, 77, 68, 47, 5, 93, 78, 86, 54, 85, 63, 18, 44, 20, 49, 36, 14, 74, 50, 53, 17, 21, 45, 71, 64, 3, 23, 30, 83, 24, 41, 60, 52, 65, 27, 90, 70, 39, 87, 48, 69, 99, 4, 46, 1, 13, 58, 97, 59, 28, 75, 73, 37, 35, 79, 22, 66, 76, 42, 40, 80, 96, 6, 16, 61, 33, 7, 57, 34, 12, 67, 10, 98, 56, 88, 29, 94, 91, 38, 19, 92, 43, 84, 62, 72, 81, 25, 2, 55, 8, 89, 51, 0]|[2, 1, 1, 2, 1, 2, 1, 1, 1, 1, 1, 0, 2, 2, 1, 2, 0, 0, 0, 2, 2, 1, 0, 2, 0, 2, 2, 1, 0, 1, 1, 1, 0, 0, 1, 0, 2, 1, 2, 2, 0, 0, 1, 1, 0, 2, 0, 2, 1, 0, 0, 2, 0, 0, 2, 0, 1, 0, 0, 0, 2, 1, 0, 2, 2, 0, 2, 2, 0, 1, 2, 1, 1, 2, 0, 1, 1, 1, 1, 2, 2, 1, 1, 2, 1, 0, 1, 0, 1, 0, 1, 1, 1, 1, 2, 0, 1, 1, 1, 0]|[1, 3, 2, 0, 4, 1, 4, 4, 2, 4, 3, 2, 1, 0, 2, 1, 1, 1, 2, 1, 1, 3, 0, 1, 0, 1, 1, 4, 1, 4, 3, 2, 2, 0, 4, 1, 1, 4, 0, 1, 2, 1, 4, 4, 1, 1, 0, 2, 3, 2, 2, 1, 2, 1, 1, 2, 4, 2, 0, 2, 2, 3, 1, 0, 1, 2, 0, 1, 2, 4, 1, 3, 4, 1, 2, 4, 3, 3, 3, 1, 1, 4, 3, 1, 3, 2, 4, 2, 4, 2, 3, 4, 1, 4, 1, 2, 3, 4, 3, 2]|[1, 2, 1, 0, 3, 0, 1, 3, 0, 0, 2, 0, 1, 0, 1, 0, 0, 0, 1, 0, 0, 2, 0, 0, 1, 0, 0, 3, 0, 1, 0, 2, 0, 1, 3, 0, 1, 3, 1, 0, 0, 0, 1, 3, 0, 0, 1, 0, 2, 0, 0, 0, 0, 0, 1, 0, 1, 0, 1, 1, 0, 2, 0, 0, 0, 0, 0, 0, 0, 2, 0, 0, 1, 0, 0, 1, 0, 0, 3, 0, 0, 1, 0, 0, 0, 0, 3, 0, 2, 0, 0, 2, 1, 3, 0, 0, 0, 1, 0, 0],842.584363225019,52352.15155925938,107294.36147715819,false
27,G2_TEC,G2_TEC,[31, 22, 82, 15, 26, 9, 95, 42, 77, 68, 47, 5, 93, 78, 86, 54, 85, 63, 18, 44, 20, 49, 36, 14, 74, 50, 53, 17, 21, 28, 11, 64, 3, 23, 30, 83, 24, 41, 40, 52, 65, 27, 90, 70, 39, 87, 48, 69, 99, 4, 46, 1, 13, 58, 97, 59, 45, 8, 73, 37, 35, 79, 71, 66, 76, 32, 60, 80, 96, 6, 16, 61, 33, 7, 57, 34, 12, 67, 10, 98, 56, 88, 43, 75, 91, 38, 19, 92, 29, 84, 2, 72, 81, 25, 51, 55, 62, 89, 94, 0]|[2, 1, 2, 1, 1, 2, 1, 1, 1, 1, 1, 0, 2, 2, 1, 2, 0, 0, 0, 2, 2, 1, 0, 2, 0, 2, 2, 1, 0, 1, 1, 1, 0, 0, 1, 0, 2, 1, 2, 2, 0, 0, 1, 1, 0, 2, 0, 2, 1, 0, 0, 2, 0, 0, 2, 0, 1, 1, 0, 0, 2, 1, 1, 2, 2, 0, 2, 2, 0, 1, 2, 1, 1, 2, 0, 1, 1, 1, 1, 2, 2, 1, 1, 0, 1, 0, 1, 0, 1, 0, 2, 1, 1, 1, 1, 0, 1, 1, 2, 0]|[0, 3, 0, 3, 4, 1, 4, 4, 2, 4, 3, 2, 1, 0, 2, 1, 1, 1, 2, 1, 1, 3, 0, 1, 0, 1, 1, 4, 1, 4, 3, 2, 2, 0, 4, 1, 1, 4, 1, 1, 2, 1, 4, 4, 1, 1, 0, 2, 3, 2, 2, 1, 2, 1, 1, 2, 4, 3, 0, 2, 2, 3, 3, 0, 1, 2, 1, 1, 2, 4, 1, 3, 4, 1, 2, 4, 3, 3, 3, 1, 1, 4, 4, 2, 3, 2, 4, 2, 3, 2, 1, 4, 4, 4, 3, 2, 3, 4, 1, 2]|[0, 2, 0, 0, 3, 0, 1, 3, 0, 0, 2, 0, 1, 0, 1, 0, 0, 0, 1, 0, 0, 2, 0, 0, 1, 0, 0, 3, 0, 1, 0, 2, 0, 0, 3, 0, 1, 3, 0, 0, 0, 0, 1, 3, 0, 0, 1, 0, 2, 0, 0, 0, 0, 0, 1, 0, 1, 0, 1, 1, 0, 2, 0, 0, 0, 0, 0, 0, 0, 2, 0, 0, 1, 0, 0, 1, 0, 0, 3, 0, 0, 1, 2, 0, 0, 0, 1, 0, 3, 0, 0, 2, 1, 3, 0, 0, 0, 1, 0, 0],884.1935202920454,50174.268870086526,113547.00447605085,false
27,G3_TWC,G3_TWC,[31, 22, 82, 15, 26, 58, 95, 42, 77, 12, 47, 5, 93, 78, 98, 54, 85, 63, 18, 44, 20, 35, 43, 97, 91, 76, 10, 30, 21, 45, 71, 64, 1, 23, 17, 83, 24, 14, 60, 36, 6, 57, 94, 88, 65, 56, 79, 40, 67, 68, 46, 75, 38, 9, 19, 32, 81, 41, 27, 62, 87, 90, 99, 59, 11, 16, 72, 73, 70, 39, 37, 84, 3, 92, 25, 55, 28, 29, 51, 7, 33, 61, 86, 66, 89, 50, 48, 96, 53, 8, 80, 4, 34, 49, 52, 0, 13, 69, 2, 74]|[1, 1, 0, 1, 1, 1, 2, 1, 2, 1, 2, 2, 2, 1, 1, 0, 0, 1, 0, 2, 2, 0, 1, 2, 0, 1, 2, 2, 0, 0, 1, 2, 1, 2, 1, 0, 2, 0, 1, 1, 0, 1, 1, 1, 0, 2, 1, 1, 0, 0, 0, 0, 1, 1, 2, 1, 2, 0, 0, 0, 2, 1, 0, 1, 2, 1, 2, 1, 1, 1, 1, 1, 1, 0, 1, 1, 0, 0, 0, 1, 2, 1, 0, 2, 1, 0, 0, 0, 0, 1, 0, 0, 2, 0, 1, 0, 0, 1, 0, 2]|[4, 3, 2, 2, 0, 0, 2, 2, 2, 4, 1, 1, 2, 4, 4, 1, 2, 4, 2, 1, 1, 1, 1, 2, 1, 2, 1, 1, 1, 1, 3, 2, 3, 0, 4, 0, 1, 1, 0, 3, 2, 2, 4, 0, 1, 1, 0, 2, 0, 1, 2, 2, 1, 4, 0, 3, 2, 1, 1, 2, 1, 3, 1, 1, 1, 3, 0, 4, 3, 1, 4, 1, 1, 2, 4, 4, 2, 1, 1, 3, 1, 3, 1, 1, 1, 1, 1, 1, 2, 3, 1, 2, 1, 1, 1, 2, 2, 3, 2, 1]|[0, 2, 1, 1, 3, 3, 0, 1, 0, 0, 0, 0, 1, 0, 1, 0, 0, 3, 1, 0, 0, 0, 3, 1, 0, 2, 0, 0, 0, 1, 0, 0, 0, 0, 3, 0, 1, 0, 0, 2, 1, 1, 2, 0, 0, 0, 0, 1, 1, 0, 0, 0, 1, 3, 0, 0, 1, 0, 0, 1, 0, 2, 0, 1, 0, 2, 1, 0, 0, 1, 1, 3, 1, 1, 3, 3, 1, 0, 0, 2, 0, 0, 0, 0, 1, 0, 0, 0, 1, 2, 0, 1, 0, 1, 1, 0, 0, 0, 0, 0],802.1274951829081,57956.38699448537,89691.2003308727,false
27,G1_CMAX,G1_CMAX,[31, 22, 82, 15, 26, 99, 95, 42, 77, 12, 47, 5, 93, 78, 86, 54, 21, 63, 18, 44, 20, 35, 43, 97, 91, 76, 10, 30, 85, 45, 71, 64, 1, 23, 17, 83, 24, 14, 60, 36, 6, 57, 40, 88, 65, 56, 79, 94, 67, 68, 46, 75, 38, 9, 19, 32, 41, 81, 27, 87, 90, 58, 59, 11, 16, 72, 73, 70, 39, 37, 84, 3, 92, 25, 55, 48, 62, 29, 51, 7, 33, 61, 98, 28, 89, 50, 4, 96, 53, 80, 8, 66, 34, 49, 52, 0, 74, 69, 2, 13]|[1, 1, 0, 1, 1, 0, 1, 1, 2, 1, 2, 2, 2, 1, 1, 0, 0, 1, 0, 2, 2, 0, 1, 2, 0, 1, 2, 2, 0, 0, 1, 2, 1, 2, 1, 0, 2, 0, 1, 1, 0, 1, 1, 1, 0, 2, 1, 1, 0, 0, 0, 0, 1, 1, 2, 1, 0, 2, 0, 2, 1, 0, 1, 2, 1, 2, 1, 1, 1, 1, 1, 1, 0, 1, 2, 0, 0, 0, 0, 1, 2, 1, 2, 0, 1, 0, 1, 2, 0, 0, 1, 2, 2, 0, 1, 0, 2, 1, 0, 0]|[0, 3, 2, 2, 4, 1, 2, 3, 2, 4, 1, 1, 2, 4, 4, 1, 1, 4, 2, 1, 1, 1, 1, 2, 1, 2, 1, 1, 2, 1, 3, 2, 3, 1, 4, 0, 1, 1, 0, 3, 2, 2, 2, 0, 1, 1, 0, 4, 0, 1, 2, 2, 1, 4, 0, 3, 1, 1, 1, 1, 3, 1, 1, 1, 3, 0, 4, 3, 1, 4, 1, 1, 0, 4, 1, 1, 2, 1, 1, 1, 1, 3, 1, 2, 1, 1, 4, 1, 2, 1, 3, 1, 1, 1, 1, 2, 1, 4, 2, 2]|[0, 2, 1, 1, 3, 0, 1, 3, 0, 0, 0, 0, 1, 0, 1, 0, 0, 3, 1, 0, 0, 0, 3, 1, 0, 2, 0, 0, 0, 1, 0, 0, 0, 0, 3, 0, 1, 0, 0, 2, 1, 1, 1, 0, 0, 0, 0, 2, 1, 0, 0, 0, 1, 3, 0, 0, 0, 0, 0, 0, 2, 0, 1, 0, 2, 1, 0, 0, 1, 1, 3, 1, 1, 3, 0, 0, 1, 0, 0, 2, 0, 0, 0, 1, 1, 0, 0, 0, 1, 0, 2, 0, 0, 1, 1, 0, 0, 2, 0, 0],731.2476204416437,56806.84376103422,93275.64763277225,false
27,G4_BALANCED,G4_BALANCED,[31, 11, 15, 82, 26, 9, 95, 32, 77, 68, 47, 5, 93, 78, 86, 54, 85, 63, 18, 44, 20, 49, 36, 14, 74, 50, 53, 17, 21, 45, 71, 64, 3, 23, 30, 83, 24, 41, 60, 52, 65, 27, 90, 70, 39, 87, 48, 69, 99, 4, 46, 1, 13, 58, 97, 59, 28, 75, 73, 37, 35, 79, 22, 66, 76, 42, 40, 80, 96, 6, 16, 61, 33, 7, 57, 34, 12, 67, 10, 98, 56, 88, 29, 94, 91, 38, 19, 92, 43, 84, 62, 72, 81, 25, 2, 55, 8, 89, 51, 0]|[2, 1, 1, 2, 1, 2, 1, 1, 1, 1, 1, 0, 2, 2, 1, 2, 0, 0, 0, 2, 2, 1, 0, 2, 0, 2, 2, 1, 0, 1, 1, 1, 0, 0, 1, 0, 2, 1, 2, 2, 0, 0, 1, 1, 0, 2, 0, 2, 1, 0, 0, 2, 0, 0, 2, 0, 1, 0, 0, 0, 2, 1, 0, 2, 2, 0, 2, 2, 0, 1, 2, 1, 1, 2, 0, 1, 1, 1, 1, 2, 2, 1, 1, 2, 1, 0, 1, 0, 1, 0, 1, 1, 1, 1, 2, 0, 1, 1, 1, 0]|[1, 3, 2, 0, 4, 1, 4, 4, 2, 4, 3, 2, 1, 0, 2, 1, 1, 1, 2, 1, 1, 3, 0, 1, 0, 1, 1, 4, 1, 4, 3, 2, 2, 0, 4, 1, 1, 4, 0, 1, 2, 1, 4, 4, 1, 1, 0, 2, 3, 2, 2, 1, 2, 1, 1, 2, 4, 2, 0, 2, 2, 3, 1, 0, 1, 2, 0, 1, 2, 4, 1, 3, 4, 1, 2, 4, 3, 3, 3, 1, 1, 4, 3, 1, 3, 2, 4, 2, 4, 2, 3, 4, 1, 4, 1, 2, 3, 4, 3, 2]|[1, 2, 1, 0, 3, 0, 1, 3, 0, 0, 2, 0, 1, 0, 1, 0, 0, 0, 1, 0, 0, 2, 0, 0, 1, 0, 0, 3, 0, 1, 0, 2, 0, 1, 3, 0, 1, 3, 1, 0, 0, 0, 1, 3, 0, 0, 1, 0, 2, 0, 0, 0, 0, 0, 1, 0, 1, 0, 1, 1, 0, 2, 0, 0, 0, 0, 0, 0, 0, 2, 0, 0, 1, 0, 0, 1, 0, 0, 3, 0, 0, 1, 0, 0, 0, 0, 3, 0, 2, 0, 0, 2, 1, 3, 0, 0, 0, 1, 0, 0],842.584363225019,52352.15155925938,107294.36147715819,false
27,G2_TEC,G2_TEC,[31, 22, 82, 15, 26, 9, 95, 42, 77, 68, 47, 5, 93, 78, 86, 54, 85, 63, 18, 44, 20, 49, 36, 14, 74, 50, 53, 17, 21, 28, 11, 64, 3, 23, 30, 83, 24, 41, 40, 52, 65, 27, 90, 70, 39, 87, 48, 69, 99, 4, 46, 1, 13, 58, 97, 59, 45, 8, 73, 37, 35, 79, 71, 66, 76, 32, 60, 80, 96, 6, 16, 61, 33, 7, 57, 34, 12, 67, 10, 98, 56, 88, 43, 75, 91, 38, 19, 92, 29, 84, 2, 72, 81, 25, 51, 55, 62, 89, 94, 0]|[2, 1, 2, 1, 1, 2, 1, 1, 1, 1, 1, 0, 2, 2, 1, 2, 0, 0, 0, 2, 2, 1, 0, 2, 0, 2, 2, 1, 0, 1, 1, 1, 0, 0, 1, 0, 2, 1, 2, 2, 0, 0, 1, 1, 0, 2, 0, 2, 1, 0, 0, 2, 0, 0, 2, 0, 1, 1, 0, 0, 2, 1, 1, 2, 2, 0, 2, 2, 0, 1, 2, 1, 1, 2, 0, 1, 1, 1, 1, 2, 2, 1, 1, 0, 1, 0, 1, 0, 1, 0, 2, 1, 1, 1, 1, 0, 1, 1, 2, 0]|[0, 3, 0, 3, 4, 1, 4, 4, 2, 4, 3, 2, 1, 0, 2, 1, 1, 1, 2, 1, 1, 3, 0, 1, 0, 1, 1, 4, 1, 4, 3, 2, 2, 0, 4, 1, 1, 4, 1, 1, 2, 1, 4, 4, 1, 1, 0, 2, 3, 2, 2, 1, 2, 1, 1, 2, 4, 3, 0, 2, 2, 3, 3, 0, 1, 2, 1, 1, 2, 4, 1, 3, 4, 1, 2, 4, 3, 3, 3, 1, 1, 4, 4, 2, 3, 2, 4, 2, 3, 2, 1, 4, 4, 4, 3, 2, 3, 4, 1, 2]|[0, 2, 0, 0, 3, 0, 1, 3, 0, 0, 2, 0, 1, 0, 1, 0, 0, 0, 1, 0, 0, 2, 0, 0, 1, 0, 0, 3, 0, 1, 0, 2, 0, 0, 3, 0, 1, 3, 0, 0, 0, 0, 1, 3, 0, 0, 1, 0, 2, 0, 0, 0, 0, 0, 1, 0, 1, 0, 1, 1, 0, 2, 0, 0, 0, 0, 0, 0, 0, 2, 0, 0, 1, 0, 0, 1, 0, 0, 3, 0, 0, 1, 2, 0, 0, 0, 1, 0, 3, 0, 0, 2, 1, 3, 0, 0, 0, 1, 0, 0],884.1935202920454,50174.268870086526,113547.00447605085,false
27,G3_TWC,G3_TWC,[31, 22, 82, 15, 26, 58, 95, 42, 77, 12, 47, 5, 93, 78, 98, 54, 85, 63, 18, 44, 20, 35, 43, 97, 91, 76, 10, 30, 21, 45, 71, 64, 1, 23, 17, 83, 24, 14, 60, 36, 6, 57, 94, 88, 65, 56, 79, 40, 67, 68, 46, 75, 38, 9, 19, 32, 81, 41, 27, 62, 87, 90, 99, 59, 11, 16, 72, 73, 70, 39, 37, 84, 3, 92, 25, 55, 28, 29, 51, 7, 33, 61, 86, 66, 89, 50, 48, 96, 53, 8, 80, 4, 34, 49, 52, 0, 13, 69, 2, 74]|[1, 1, 0, 1, 1, 1, 2, 1, 2, 1, 2, 2, 2, 1, 1, 0, 0, 1, 0, 2, 2, 0, 1, 2, 0, 1, 2, 2, 0, 0, 1, 2, 1, 2, 1, 0, 2, 0, 1, 1, 0, 1, 1, 1, 0, 2, 1, 1, 0, 0, 0, 0, 1, 1, 2, 1, 2, 0, 0, 0, 2, 1, 0, 1, 2, 1, 2, 1, 1, 1, 1, 1, 1, 0, 1, 1, 0, 0, 0, 1, 2, 1, 0, 2, 1, 0, 0, 0, 0, 1, 0, 0, 2, 0, 1, 0, 0, 1, 0, 2]|[4, 3, 2, 2, 0, 0, 2, 2, 2, 4, 1, 1, 2, 4, 4, 1, 2, 4, 2, 1, 1, 1, 1, 2, 1, 2, 1, 1, 1, 1, 3, 2, 3, 0, 4, 0, 1, 1, 0, 3, 2, 2, 4, 0, 1, 1, 0, 2, 0, 1, 2, 2, 1, 4, 0, 3, 2, 1, 1, 2, 1, 3, 1, 1, 1, 3, 0, 4, 3, 1, 4, 1, 1, 2, 4, 4, 2, 1, 1, 3, 1, 3, 1, 1, 1, 1, 1, 1, 2, 3, 1, 2, 1, 1, 1, 2, 2, 3, 2, 1]|[0, 2, 1, 1, 3, 3, 0, 1, 0, 0, 0, 0, 1, 0, 1, 0, 0, 3, 1, 0, 0, 0, 3, 1, 0, 2, 0, 0, 0, 1, 0, 0, 0, 0, 3, 0, 1, 0, 0, 2, 1, 1, 2, 0, 0, 0, 0, 1, 1, 0, 0, 0, 1, 3, 0, 0, 1, 0, 0, 1, 0, 2, 0, 1, 0, 2, 1, 0, 0, 1, 1, 3, 1, 1, 3, 3, 1, 0, 0, 2, 0, 0, 0, 0, 1, 0, 0, 0, 1, 2, 0, 1, 0, 1, 1, 0, 0, 0, 0, 0],802.1274951829081,57956.38699448537,89691.2003308727,false
27,G1_CMAX,G1_CMAX,[31, 22, 82, 15, 26, 99, 95, 42, 77, 12, 47, 5, 93, 78, 86, 54, 21, 63, 18, 44, 20, 35, 43, 97, 91, 76, 10, 30, 85, 45, 71, 64, 1, 23, 17, 83, 24, 14, 60, 36, 6, 57, 40, 88, 65, 56, 79, 94, 67, 68, 46, 75, 38, 9, 19, 32, 41, 81, 27, 87, 90, 58, 59, 11, 16, 72, 73, 70, 39, 37, 84, 3, 92, 25, 55, 48, 62, 29, 51, 7, 33, 61, 98, 28, 89, 50, 4, 96, 53, 80, 8, 66, 34, 49, 52, 0, 74, 69, 2, 13]|[1, 1, 0, 1, 1, 0, 1, 1, 2, 1, 2, 2, 2, 1, 1, 0, 0, 1, 0, 2, 2, 0, 1, 2, 0, 1, 2, 2, 0, 0, 1, 2, 1, 2, 1, 0, 2, 0, 1, 1, 0, 1, 1, 1, 0, 2, 1, 1, 0, 0, 0, 0, 1, 1, 2, 1, 0, 2, 0, 2, 1, 0, 1, 2, 1, 2, 1, 1, 1, 1, 1, 1, 0, 1, 2, 0, 0, 0, 0, 1, 2, 1, 2, 0, 1, 0, 1, 2, 0, 0, 1, 2, 2, 0, 1, 0, 2, 1, 0, 0]|[0, 3, 2, 2, 4, 1, 2, 3, 2, 4, 1, 1, 2, 4, 4, 1, 1, 4, 2, 1, 1, 1, 1, 2, 1, 2, 1, 1, 2, 1, 3, 2, 3, 1, 4, 0, 1, 1, 0, 3, 2, 2, 2, 0, 1, 1, 0, 4, 0, 1, 2, 2, 1, 4, 0, 3, 1, 1, 1, 1, 3, 1, 1, 1, 3, 0, 4, 3, 1, 4, 1, 1, 0, 4, 1, 1, 2, 1, 1, 1, 1, 3, 1, 2, 1, 1, 4, 1, 2, 1, 3, 1, 1, 1, 1, 2, 1, 4, 2, 2]|[0, 2, 1, 1, 3, 0, 1, 3, 0, 0, 0, 0, 1, 0, 1, 0, 0, 3, 1, 0, 0, 0, 3, 1, 0, 2, 0, 0, 0, 1, 0, 0, 0, 0, 3, 0, 1, 0, 0, 2, 1, 1, 1, 0, 0, 0, 0, 2, 1, 0, 0, 0, 1, 3, 0, 0, 0, 0, 0, 0, 2, 0, 1, 0, 2, 1, 0, 0, 1, 1, 3, 1, 1, 3, 0, 0, 1, 0, 0, 2, 0, 0, 0, 1, 1, 0, 0, 0, 1, 0, 2, 0, 0, 1, 1, 0, 0, 2, 0, 0],731.2476204416437,56806.84376103422,93275.64763277225,false
27,G4_BALANCED,G4_BALANCED,[31, 11, 15, 82, 26, 9, 95, 32, 77, 68, 47, 5, 93, 78, 86, 54, 85, 63, 18, 44, 20, 49, 36, 14, 74, 50, 53, 17, 21, 45, 71, 64, 3, 23, 30, 83, 24, 41, 60, 52, 65, 27, 90, 70, 39, 87, 48, 69, 99, 4, 46, 1, 13, 58, 97, 59, 28, 75, 73, 37, 35, 79, 22, 66, 76, 42, 40, 80, 96, 6, 16, 61, 33, 7, 57, 34, 12, 67, 10, 98, 56, 88, 29, 94, 91, 38, 19, 92, 43, 84, 62, 72, 81, 25, 2, 55, 8, 89, 51, 0]|[2, 1, 1, 2, 1, 2, 1, 1, 1, 1, 1, 0, 2, 2, 1, 2, 0, 0, 0, 2, 2, 1, 0, 2, 0, 2, 2, 1, 0, 1, 1, 1, 0, 0, 1, 0, 2, 1, 2, 2, 0, 0, 1, 1, 0, 2, 0, 2, 1, 0, 0, 2, 0, 0, 2, 0, 1, 0, 0, 0, 2, 1, 0, 2, 2, 0, 2, 2, 0, 1, 2, 1, 1, 2, 0, 1, 1, 1, 1, 2, 2, 1, 1, 2, 1, 0, 1, 0, 1, 0, 1, 1, 1, 1, 2, 0, 1, 1, 1, 0]|[1, 3, 2, 0, 4, 1, 4, 4, 2, 4, 3, 2, 1, 0, 2, 1, 1, 1, 2, 1, 1, 3, 0, 1, 0, 1, 1, 4, 1, 4, 3, 2, 2, 0, 4, 1, 1, 4, 0, 1, 2, 1, 4, 4, 1, 1, 0, 2, 3, 2, 2, 1, 2, 1, 1, 2, 4, 2, 0, 2, 2, 3, 1, 0, 1, 2, 0, 1, 2, 4, 1, 3, 4, 1, 2, 4, 3, 3, 3, 1, 1, 4, 3, 1, 3, 2, 4, 2, 4, 2, 3, 4, 1, 4, 1, 2, 3, 4, 3, 2]|[1, 2, 1, 0, 3, 0, 1, 3, 0, 0, 2, 0, 1, 0, 1, 0, 0, 0, 1, 0, 0, 2, 0, 0, 1, 0, 0, 3, 0, 1, 0, 2, 0, 1, 3, 0, 1, 3, 1, 0, 0, 0, 1, 3, 0, 0, 1, 0, 2, 0, 0, 0, 0, 0, 1, 0, 1, 0, 1, 1, 0, 2, 0, 0, 0, 0, 0, 0, 0, 2, 0, 0, 1, 0, 0, 1, 0, 0, 3, 0, 0, 1, 0, 0, 0, 0, 3, 0, 2, 0, 0, 2, 1, 3, 0, 0, 0, 1, 0, 0],842.584363225019,52352.15155925938,107294.36147715819,false
27,G2_TEC,G2_TEC,[31, 22, 82, 15, 26, 9, 95, 42, 77, 68, 47, 5, 93, 78, 86, 54, 85, 63, 18, 44, 20, 49, 36, 14, 74, 50, 53, 17, 21, 28, 11, 64, 3, 23, 30, 83, 24, 41, 40, 52, 65, 27, 90, 70, 39, 87, 48, 69, 99, 4, 46, 1, 13, 58, 97, 59, 45, 8, 73, 37, 35, 79, 71, 66, 76, 32, 60, 80, 96, 6, 16, 61, 33, 7, 57, 34, 12, 67, 10, 98, 56, 88, 43, 75, 91, 38, 19, 92, 29, 84, 2, 72, 81, 25, 51, 55, 62, 89, 94, 0]|[2, 1, 2, 1, 1, 2, 1, 1, 1, 1, 1, 0, 2, 2, 1, 2, 0, 0, 0, 2, 2, 1, 0, 2, 0, 2, 2, 1, 0, 1, 1, 1, 0, 0, 1, 0, 2, 1, 2, 2, 0, 0, 1, 1, 0, 2, 0, 2, 1, 0, 0, 2, 0, 0, 2, 0, 1, 1, 0, 0, 2, 1, 1, 2, 2, 0, 2, 2, 0, 1, 2, 1, 1, 2, 0, 1, 1, 1, 1, 2, 2, 1, 1, 0, 1, 0, 1, 0, 1, 0, 2, 1, 1, 1, 1, 0, 1, 1, 2, 0]|[0, 3, 0, 3, 4, 1, 4, 4, 2, 4, 3, 2, 1, 0, 2, 1, 1, 1, 2, 1, 1, 3, 0, 1, 0, 1, 1, 4, 1, 4, 3, 2, 2, 0, 4, 1, 1, 4, 1, 1, 2, 1, 4, 4, 1, 1, 0, 2, 3, 2, 2, 1, 2, 1, 1, 2, 4, 3, 0, 2, 2, 3, 3, 0, 1, 2, 1, 1, 2, 4, 1, 3, 4, 1, 2, 4, 3, 3, 3, 1, 1, 4, 4, 2, 3, 2, 4, 2, 3, 2, 1, 4, 4, 4, 3, 2, 3, 4, 1, 2]|[0, 2, 0, 0, 3, 0, 1, 3, 0, 0, 2, 0, 1, 0, 1, 0, 0, 0, 1, 0, 0, 2, 0, 0, 1, 0, 0, 3, 0, 1, 0, 2, 0, 0, 3, 0, 1, 3, 0, 0, 0, 0, 1, 3, 0, 0, 1, 0, 2, 0, 0, 0, 0, 0, 1, 0, 1, 0, 1, 1, 0, 2, 0, 0, 0, 0, 0, 0, 0, 2, 0, 0, 1, 0, 0, 1, 0, 0, 3, 0, 0, 1, 2, 0, 0, 0, 1, 0, 3, 0, 0, 2, 1, 3, 0, 0, 0, 1, 0, 0],884.1935202920454,50174.268870086526,113547.00447605085,false
27,G3_TWC,G3_TWC,[31, 22, 82, 15, 26, 58, 95, 42, 77, 12, 47, 5, 93, 78, 98, 54, 85, 63, 18, 44, 20, 35, 43, 97, 91, 76, 10, 30, 21, 45, 71, 64, 1, 23, 17, 83, 24, 14, 60, 36, 6, 57, 94, 88, 65, 56, 79, 40, 67, 68, 46, 75, 38, 9, 19, 32, 81, 41, 27, 62, 87, 90, 99, 59, 11, 16, 72, 73, 70, 39, 37, 84, 3, 92, 25, 55, 28, 29, 51, 7, 33, 61, 86, 66, 89, 50, 48, 96, 53, 8, 80, 4, 34, 49, 52, 0, 13, 69, 2, 74]|[1, 1, 0, 1, 1, 1, 2, 1, 2, 1, 2, 2, 2, 1, 1, 0, 0, 1, 0, 2, 2, 0, 1, 2, 0, 1, 2, 2, 0, 0, 1, 2, 1, 2, 1, 0, 2, 0, 1, 1, 0, 1, 1, 1, 0, 2, 1, 1, 0, 0, 0, 0, 1, 1, 2, 1, 2, 0, 0, 0, 2, 1, 0, 1, 2, 1, 2, 1, 1, 1, 1, 1, 1, 0, 1, 1, 0, 0, 0, 1, 2, 1, 0, 2, 1, 0, 0, 0, 0, 1, 0, 0, 2, 0, 1, 0, 0, 1, 0, 2]|[4, 3, 2, 2, 0, 0, 2, 2, 2, 4, 1, 1, 2, 4, 4, 1, 2, 4, 2, 1, 1, 1, 1, 2, 1, 2, 1, 1, 1, 1, 3, 2, 3, 0, 4, 0, 1, 1, 0, 3, 2, 2, 4, 0, 1, 1, 0, 2, 0, 1, 2, 2, 1, 4, 0, 3, 2, 1, 1, 2, 1, 3, 1, 1, 1, 3, 0, 4, 3, 1, 4, 1, 1, 2, 4, 4, 2, 1, 1, 3, 1, 3, 1, 1, 1, 1, 1, 1, 2, 3, 1, 2, 1, 1, 1, 2, 2, 3, 2, 1]|[0, 2, 1, 1, 3, 3, 0, 1, 0, 0, 0, 0, 1, 0, 1, 0, 0, 3, 1, 0, 0, 0, 3, 1, 0, 2, 0, 0, 0, 1, 0, 0, 0, 0, 3, 0, 1, 0, 0, 2, 1, 1, 2, 0, 0, 0, 0, 1, 1, 0, 0, 0, 1, 3, 0, 0, 1, 0, 0, 1, 0, 2, 0, 1, 0, 2, 1, 0, 0, 1, 1, 3, 1, 1, 3, 3, 1, 0, 0, 2, 0, 0, 0, 0, 1, 0, 0, 0, 1, 2, 0, 1, 0, 1, 1, 0, 0, 0, 0, 0],802.1274951829081,57956.38699448537,89691.2003308727,false
27,G1_CMAX,G1_CMAX,[31, 22, 82, 15, 26, 99, 95, 42, 77, 12, 47, 5, 93, 78, 86, 54, 21, 63, 18, 44, 20, 35, 43, 97, 91, 76, 10, 30, 85, 45, 71, 64, 1, 23, 17, 83, 24, 14, 60, 36, 6, 57, 40, 88, 65, 56, 79, 94, 67, 68, 46, 75, 38, 9, 19, 32, 41, 81, 27, 87, 90, 58, 59, 11, 16, 72, 73, 70, 39, 37, 84, 3, 92, 25, 55, 48, 62, 29, 51, 7, 33, 61, 98, 28, 89, 50, 4, 96, 53, 80, 8, 66, 34, 49, 52, 0, 74, 69, 2, 13]|[1, 1, 0, 1, 1, 0, 1, 1, 2, 1, 2, 2, 2, 1, 1, 0, 0, 1, 0, 2, 2, 0, 1, 2, 0, 1, 2, 2, 0, 0, 1, 2, 1, 2, 1, 0, 2, 0, 1, 1, 0, 1, 1, 1, 0, 2, 1, 1, 0, 0, 0, 0, 1, 1, 2, 1, 0, 2, 0, 2, 1, 0, 1, 2, 1, 2, 1, 1, 1, 1, 1, 1, 0, 1, 2, 0, 0, 0, 0, 1, 2, 1, 2, 0, 1, 0, 1, 2, 0, 0, 1, 2, 2, 0, 1, 0, 2, 1, 0, 0]|[0, 3, 2, 2, 4, 1, 2, 3, 2, 4, 1, 1, 2, 4, 4, 1, 1, 4, 2, 1, 1, 1, 1, 2, 1, 2, 1, 1, 2, 1, 3, 2, 3, 1, 4, 0, 1, 1, 0, 3, 2, 2, 2, 0, 1, 1, 0, 4, 0, 1, 2, 2, 1, 4, 0, 3, 1, 1, 1, 1, 3, 1, 1, 1, 3, 0, 4, 3, 1, 4, 1, 1, 0, 4, 1, 1, 2, 1, 1, 1, 1, 3, 1, 2, 1, 1, 4, 1, 2, 1, 3, 1, 1, 1, 1, 2, 1, 4, 2, 2]|[0, 2, 1, 1, 3, 0, 1, 3, 0, 0, 0, 0, 1, 0, 1, 0, 0, 3, 1, 0, 0, 0, 3, 1, 0, 2, 0, 0, 0, 1, 0, 0, 0, 0, 3, 0, 1, 0, 0, 2, 1, 1, 1, 0, 0, 0, 0, 2, 1, 0, 0, 0, 1, 3, 0, 0, 0, 0, 0, 0, 2, 0, 1, 0, 2, 1, 0, 0, 1, 1, 3, 1, 1, 3, 0, 0, 1, 0, 0, 2, 0, 0, 0, 1, 1, 0, 0, 0, 1, 0, 2, 0, 0, 1, 1, 0, 0, 2, 0, 0],731.2476204416437,56806.84376103422,93275.64763277225,false
27,G4_BALANCED,G4_BALANCED,[31, 11, 15, 82, 26, 9, 95, 32, 77, 68, 47, 5, 93, 78, 86, 54, 85, 63, 18, 44, 20, 49, 36, 14, 74, 50, 53, 17, 21, 45, 71, 64, 3, 23, 30, 83, 24, 41, 60, 52, 65, 27, 90, 70, 39, 87, 48, 69, 99, 4, 46, 1, 13, 58, 97, 59, 28, 75, 73, 37, 35, 79, 22, 66, 76, 42, 40, 80, 96, 6, 16, 61, 33, 7, 57, 34, 12, 67, 10, 98, 56, 88, 29, 94, 91, 38, 19, 92, 43, 84, 62, 72, 81, 25, 2, 55, 8, 89, 51, 0]|[2, 1, 1, 2, 1, 2, 1, 1, 1, 1, 1, 0, 2, 2, 1, 2, 0, 0, 0, 2, 2, 1, 0, 2, 0, 2, 2, 1, 0, 1, 1, 1, 0, 0, 1, 0, 2, 1, 2, 2, 0, 0, 1, 1, 0, 2, 0, 2, 1, 0, 0, 2, 0, 0, 2, 0, 1, 0, 0, 0, 2, 1, 0, 2, 2, 0, 2, 2, 0, 1, 2, 1, 1, 2, 0, 1, 1, 1, 1, 2, 2, 1, 1, 2, 1, 0, 1, 0, 1, 0, 1, 1, 1, 1, 2, 0, 1, 1, 1, 0]|[1, 3, 2, 0, 4, 1, 4, 4, 2, 4, 3, 2, 1, 0, 2, 1, 1, 1, 2, 1, 1, 3, 0, 1, 0, 1, 1, 4, 1, 4, 3, 2, 2, 0, 4, 1, 1, 4, 0, 1, 2, 1, 4, 4, 1, 1, 0, 2, 3, 2, 2, 1, 2, 1, 1, 2, 4, 2, 0, 2, 2, 3, 1, 0, 1, 2, 0, 1, 2, 4, 1, 3, 4, 1, 2, 4, 3, 3, 3, 1, 1, 4, 3, 1, 3, 2, 4, 2, 4, 2, 3, 4, 1, 4, 1, 2, 3, 4, 3, 2]|[1, 2, 1, 0, 3, 0, 1, 3, 0, 0, 2, 0, 1, 0, 1, 0, 0, 0, 1, 0, 0, 2, 0, 0, 1, 0, 0, 3, 0, 1, 0, 2, 0, 1, 3, 0, 1, 3, 1, 0, 0, 0, 1, 3, 0, 0, 1, 0, 2, 0, 0, 0, 0, 0, 1, 0, 1, 0, 1, 1, 0, 2, 0, 0, 0, 0, 0, 0, 0, 2, 0, 0, 1, 0, 0, 1, 0, 0, 3, 0, 0, 1, 0, 0, 0, 0, 3, 0, 2, 0, 0, 2, 1, 3, 0, 0, 0, 1, 0, 0],842.584363225019,52352.15155925938,107294.36147715819,false
27,G2_TEC,G2_TEC,[31, 22, 82, 15, 26, 9, 95, 42, 77, 68, 47, 5, 93, 78, 86, 54, 85, 63, 18, 44, 20, 49, 36, 14, 74, 50, 53, 17, 21, 28, 11, 64, 3, 23, 30, 83, 24, 41, 40, 52, 65, 27, 90, 70, 39, 87, 48, 69, 99, 4, 46, 1, 13, 58, 97, 59, 45, 8, 73, 37, 35, 79, 71, 66, 76, 32, 60, 80, 96, 6, 16, 61, 33, 7, 57, 34, 12, 67, 10, 98, 56, 88, 43, 75, 91, 38, 19, 92, 29, 84, 2, 72, 81, 25, 51, 55, 62, 89, 94, 0]|[2, 1, 2, 1, 1, 2, 1, 1, 1, 1, 1, 0, 2, 2, 1, 2, 0, 0, 0, 2, 2, 1, 0, 2, 0, 2, 2, 1, 0, 1, 1, 1, 0, 0, 1, 0, 2, 1, 2, 2, 0, 0, 1, 1, 0, 2, 0, 2, 1, 0, 0, 2, 0, 0, 2, 0, 1, 1, 0, 0, 2, 1, 1, 2, 2, 0, 2, 2, 0, 1, 2, 1, 1, 2, 0, 1, 1, 1, 1, 2, 2, 1, 1, 0, 1, 0, 1, 0, 1, 0, 2, 1, 1, 1, 1, 0, 1, 1, 2, 0]|[0, 3, 0, 3, 4, 1, 4, 4, 2, 4, 3, 2, 1, 0, 2, 1, 1, 1, 2, 1, 1, 3, 0, 1, 0, 1, 1, 4, 1, 4, 3, 2, 2, 0, 4, 1, 1, 4, 1, 1, 2, 1, 4, 4, 1, 1, 0, 2, 3, 2, 2, 1, 2, 1, 1, 2, 4, 3, 0, 2, 2, 3, 3, 0, 1, 2, 1, 1, 2, 4, 1, 3, 4, 1, 2, 4, 3, 3, 3, 1, 1, 4, 4, 2, 3, 2, 4, 2, 3, 2, 1, 4, 4, 4, 3, 2, 3, 4, 1, 2]|[0, 2, 0, 0, 3, 0, 1, 3, 0, 0, 2, 0, 1, 0, 1, 0, 0, 0, 1, 0, 0, 2, 0, 0, 1, 0, 0, 3, 0, 1, 0, 2, 0, 0, 3, 0, 1, 3, 0, 0, 0, 0, 1, 3, 0, 0, 1, 0, 2, 0, 0, 0, 0, 0, 1, 0, 1, 0, 1, 1, 0, 2, 0, 0, 0, 0, 0, 0, 0, 2, 0, 0, 1, 0, 0, 1, 0, 0, 3, 0, 0, 1, 2, 0, 0, 0, 1, 0, 3, 0, 0, 2, 1, 3, 0, 0, 0, 1, 0, 0],884.1935202920454,50174.268870086526,113547.00447605085,false
27,G3_TWC,G3_TWC,[31, 22, 82, 15, 26, 58, 95, 42, 77, 12, 47, 5, 93, 78, 98, 54, 85, 63, 18, 44, 20, 35, 43, 97, 91, 76, 10, 30, 21, 45, 71, 64, 1, 23, 17, 83, 24, 14, 60, 36, 6, 57, 94, 88, 65, 56, 79, 40, 67, 68, 46, 75, 38, 9, 19, 32, 81, 41, 27, 62, 87, 90, 99, 59, 11, 16, 72, 73, 70, 39, 37, 84, 3, 92, 25, 55, 28, 29, 51, 7, 33, 61, 86, 66, 89, 50, 48, 96, 53, 8, 80, 4, 34, 49, 52, 0, 13, 69, 2, 74]|[1, 1, 0, 1, 1, 1, 2, 1, 2, 1, 2, 2, 2, 1, 1, 0, 0, 1, 0, 2, 2, 0, 1, 2, 0, 1, 2, 2, 0, 0, 1, 2, 1, 2, 1, 0, 2, 0, 1, 1, 0, 1, 1, 1, 0, 2, 1, 1, 0, 0, 0, 0, 1, 1, 2, 1, 2, 0, 0, 0, 2, 1, 0, 1, 2, 1, 2, 1, 1, 1, 1, 1, 1, 0, 1, 1, 0, 0, 0, 1, 2, 1, 0, 2, 1, 0, 0, 0, 0, 1, 0, 0, 2, 0, 1, 0, 0, 1, 0, 2]|[4, 3, 2, 2, 0, 0, 2, 2, 2, 4, 1, 1, 2, 4, 4, 1, 2, 4, 2, 1, 1, 1, 1, 2, 1, 2, 1, 1, 1, 1, 3, 2, 3, 0, 4, 0, 1, 1, 0, 3, 2, 2, 4, 0, 1, 1, 0, 2, 0, 1, 2, 2, 1, 4, 0, 3, 2, 1, 1, 2, 1, 3, 1, 1, 1, 3, 0, 4, 3, 1, 4, 1, 1, 2, 4, 4, 2, 1, 1, 3, 1, 3, 1, 1, 1, 1, 1, 1, 2, 3, 1, 2, 1, 1, 1, 2, 2, 3, 2, 1]|[0, 2, 1, 1, 3, 3, 0, 1, 0, 0, 0, 0, 1, 0, 1, 0, 0, 3, 1, 0, 0, 0, 3, 1, 0, 2, 0, 0, 0, 1, 0, 0, 0, 0, 3, 0, 1, 0, 0, 2, 1, 1, 2, 0, 0, 0, 0, 1, 1, 0, 0, 0, 1, 3, 0, 0, 1, 0, 0, 1, 0, 2, 0, 1, 0, 2, 1, 0, 0, 1, 1, 3, 1, 1, 3, 3, 1, 0, 0, 2, 0, 0, 0, 0, 1, 0, 0, 0, 1, 2, 0, 1, 0, 1, 1, 0, 0, 0, 0, 0],802.1274951829081,57956.38699448537,89691.2003308727,false
27,G1_CMAX,G1_CMAX,[31, 22, 82, 15, 26, 99, 95, 42, 77, 12, 47, 5, 93, 78, 86, 54, 21, 63, 18, 44, 20, 35, 43, 97, 91, 76, 10, 30, 85, 45, 71, 64, 1, 23, 17, 83, 24, 14, 60, 36, 6, 57, 40, 88, 65, 56, 79, 94, 67, 68, 46, 75, 38, 9, 19, 32, 41, 81, 27, 87, 90, 58, 59, 11, 16, 72, 73, 70, 39, 37, 84, 3, 92, 25, 55, 48, 62, 29, 51, 7, 33, 61, 98, 28, 89, 50, 4, 96, 53, 80, 8, 66, 34, 49, 52, 0, 74, 69, 2, 13]|[1, 1, 0, 1, 1, 0, 1, 1, 2, 1, 2, 2, 2, 1, 1, 0, 0, 1, 0, 2, 2, 0, 1, 2, 0, 1, 2, 2, 0, 0, 1, 2, 1, 2, 1, 0, 2, 0, 1, 1, 0, 1, 1, 1, 0, 2, 1, 1, 0, 0, 0, 0, 1, 1, 2, 1, 0, 2, 0, 2, 1, 0, 1, 2, 1, 2, 1, 1, 1, 1, 1, 1, 0, 1, 2, 0, 0, 0, 0, 1, 2, 1, 2, 0, 1, 0, 1, 2, 0, 0, 1, 2, 2, 0, 1, 0, 2, 1, 0, 0]|[0, 3, 2, 2, 4, 1, 2, 3, 2, 4, 1, 1, 2, 4, 4, 1, 1, 4, 2, 1, 1, 1, 1, 2, 1, 2, 1, 1, 2, 1, 3, 2, 3, 1, 4, 0, 1, 1, 0, 3, 2, 2, 2, 0, 1, 1, 0, 4, 0, 1, 2, 2, 1, 4, 0, 3, 1, 1, 1, 1, 3, 1, 1, 1, 3, 0, 4, 3, 1, 4, 1, 1, 0, 4, 1, 1, 2, 1, 1, 1, 1, 3, 1, 2, 1, 1, 4, 1, 2, 1, 3, 1, 1, 1, 1, 2, 1, 4, 2, 2]|[0, 2, 1, 1, 3, 0, 1, 3, 0, 0, 0, 0, 1, 0, 1, 0, 0, 3, 1, 0, 0, 0, 3, 1, 0, 2, 0, 0, 0, 1, 0, 0, 0, 0, 3, 0, 1, 0, 0, 2, 1, 1, 1, 0, 0, 0, 0, 2, 1, 0, 0, 0, 1, 3, 0, 0, 0, 0, 0, 0, 2, 0, 1, 0, 2, 1, 0, 0, 1, 1, 3, 1, 1, 3, 0, 0, 1, 0, 0, 2, 0, 0, 0, 1, 1, 0, 0, 0, 1, 0, 2, 0, 0, 1, 1, 0, 0, 2, 0, 0],731.2476204416437,56806.84376103422,93275.64763277225,false
27,G4_BALANCED,G4_BALANCED,[31, 11, 15, 82, 26, 9, 95, 32, 77, 68, 47, 5, 93, 78, 86, 54, 85, 63, 18, 44, 20, 49, 36, 14, 74, 50, 53, 17, 21, 45, 71, 64, 3, 23, 30, 83, 24, 41, 60, 52, 65, 27, 90, 70, 39, 87, 48, 69, 99, 4, 46, 1, 13, 58, 97, 59, 28, 75, 73, 37, 35, 79, 22, 66, 76, 42, 40, 80, 96, 6, 16, 61, 33, 7, 57, 34, 12, 67, 10, 98, 56, 88, 29, 94, 91, 38, 19, 92, 43, 84, 62, 72, 81, 25, 2, 55, 8, 89, 51, 0]|[2, 1, 1, 2, 1, 2, 1, 1, 1, 1, 1, 0, 2, 2, 1, 2, 0, 0, 0, 2, 2, 1, 0, 2, 0, 2, 2, 1, 0, 1, 1, 1, 0, 0, 1, 0, 2, 1, 2, 2, 0, 0, 1, 1, 0, 2, 0, 2, 1, 0, 0, 2, 0, 0, 2, 0, 1, 0, 0, 0, 2, 1, 0, 2, 2, 0, 2, 2, 0, 1, 2, 1, 1, 2, 0, 1, 1, 1, 1, 2, 2, 1, 1, 2, 1, 0, 1, 0, 1, 0, 1, 1, 1, 1, 2, 0, 1, 1, 1, 0]|[1, 3, 2, 0, 4, 1, 4, 4, 2, 4, 3, 2, 1, 0, 2, 1, 1, 1, 2, 1, 1, 3, 0, 1, 0, 1, 1, 4, 1, 4, 3, 2, 2, 0, 4, 1, 1, 4, 0, 1, 2, 1, 4, 4, 1, 1, 0, 2, 3, 2, 2, 1, 2, 1, 1, 2, 4, 2, 0, 2, 2, 3, 1, 0, 1, 2, 0, 1, 2, 4, 1, 3, 4, 1, 2, 4, 3, 3, 3, 1, 1, 4, 3, 1, 3, 2, 4, 2, 4, 2, 3, 4, 1, 4, 1, 2, 3, 4, 3, 2]|[1, 2, 1, 0, 3, 0, 1, 3, 0, 0, 2, 0, 1, 0, 1, 0, 0, 0, 1, 0, 0, 2, 0, 0, 1, 0, 0, 3, 0, 1, 0, 2, 0, 1, 3, 0, 1, 3, 1, 0, 0, 0, 1, 3, 0, 0, 1, 0, 2, 0, 0, 0, 0, 0, 1, 0, 1, 0, 1, 1, 0, 2, 0, 0, 0, 0, 0, 0, 0, 2, 0, 0, 1, 0, 0, 1, 0, 0, 3, 0, 0, 1, 0, 0, 0, 0, 3, 0, 2, 0, 0, 2, 1, 3, 0, 0, 0, 1, 0, 0],842.584363225019,52352.15155925938,107294.36147715819,false
27,G2_TEC,G2_TEC,[31, 22, 82, 15, 26, 9, 95, 42, 77, 68, 47, 5, 93, 78, 86, 54, 85, 63, 18, 44, 20, 49, 36, 14, 74, 50, 53, 17, 21, 28, 11, 64, 3, 23, 30, 83, 24, 41, 40, 52, 65, 27, 90, 70, 39, 87, 48, 69, 99, 4, 46, 1, 13, 58, 97, 59, 45, 8, 73, 37, 35, 79, 71, 66, 76, 32, 60, 80, 96, 6, 16, 61, 33, 7, 57, 34, 12, 67, 10, 98, 56, 88, 43, 75, 91, 38, 19, 92, 29, 84, 2, 72, 81, 25, 51, 55, 62, 89, 94, 0]|[2, 1, 2, 1, 1, 2, 1, 1, 1, 1, 1, 0, 2, 2, 1, 2, 0, 0, 0, 2, 2, 1, 0, 2, 0, 2, 2, 1, 0, 1, 1, 1, 0, 0, 1, 0, 2, 1, 2, 2, 0, 0, 1, 1, 0, 2, 0, 2, 1, 0, 0, 2, 0, 0, 2, 0, 1, 1, 0, 0, 2, 1, 1, 2, 2, 0, 2, 2, 0, 1, 2, 1, 1, 2, 0, 1, 1, 1, 1, 2, 2, 1, 1, 0, 1, 0, 1, 0, 1, 0, 2, 1, 1, 1, 1, 0, 1, 1, 2, 0]|[0, 3, 0, 3, 4, 1, 4, 4, 2, 4, 3, 2, 1, 0, 2, 1, 1, 1, 2, 1, 1, 3, 0, 1, 0, 1, 1, 4, 1, 4, 3, 2, 2, 0, 4, 1, 1, 4, 1, 1, 2, 1, 4, 4, 1, 1, 0, 2, 3, 2, 2, 1, 2, 1, 1, 2, 4, 3, 0, 2, 2, 3, 3, 0, 1, 2, 1, 1, 2, 4, 1, 3, 4, 1, 2, 4, 3, 3, 3, 1, 1, 4, 4, 2, 3, 2, 4, 2, 3, 2, 1, 4, 4, 4, 3, 2, 3, 4, 1, 2]|[0, 2, 0, 0, 3, 0, 1, 3, 0, 0, 2, 0, 1, 0, 1, 0, 0, 0, 1, 0, 0, 2, 0, 0, 1, 0, 0, 3, 0, 1, 0, 2, 0, 0, 3, 0, 1, 3, 0, 0, 0, 0, 1, 3, 0, 0, 1, 0, 2, 0, 0, 0, 0, 0, 1, 0, 1, 0, 1, 1, 0, 2, 0, 0, 0, 0, 0, 0, 0, 2, 0, 0, 1, 0, 0, 1, 0, 0, 3, 0, 0, 1, 2, 0, 0, 0, 1, 0, 3, 0, 0, 2, 1, 3, 0, 0, 0, 1, 0, 0],884.1935202920454,50174.268870086526,113547.00447605085,false
27,G3_TWC,G3_TWC,[31, 22, 82, 15, 26, 58, 95, 42, 77, 12, 47, 5, 93, 78, 98, 54, 85, 63, 18, 44, 20, 35, 43, 97, 91, 76, 10, 30, 21, 45, 71, 64, 1, 23, 17, 83, 24, 14, 60, 36, 6, 57, 94, 88, 65, 56, 79, 40, 67, 68, 46, 75, 38, 9, 19, 32, 81, 41, 27, 62, 87, 90, 99, 59, 11, 16, 72, 73, 70, 39, 37, 84, 3, 92, 25, 55, 28, 29, 51, 7, 33, 61, 86, 66, 89, 50, 48, 96, 53, 8, 80, 4, 34, 49, 52, 0, 13, 69, 2, 74]|[1, 1, 0, 1, 1, 1, 2, 1, 2, 1, 2, 2, 2, 1, 1, 0, 0, 1, 0, 2, 2, 0, 1, 2, 0, 1, 2, 2, 0, 0, 1, 2, 1, 2, 1, 0, 2, 0, 1, 1, 0, 1, 1, 1, 0, 2, 1, 1, 0, 0, 0, 0, 1, 1, 2, 1, 2, 0, 0, 0, 2, 1, 0, 1, 2, 1, 2, 1, 1, 1, 1, 1, 1, 0, 1, 1, 0, 0, 0, 1, 2, 1, 0, 2, 1, 0, 0, 0, 0, 1, 0, 0, 2, 0, 1, 0, 0, 1, 0, 2]|[4, 3, 2, 2, 0, 0, 2, 2, 2, 4, 1, 1, 2, 4, 4, 1, 2, 4, 2, 1, 1, 1, 1, 2, 1, 2, 1, 1, 1, 1, 3, 2, 3, 0, 4, 0, 1, 1, 0, 3, 2, 2, 4, 0, 1, 1, 0, 2, 0, 1, 2, 2, 1, 4, 0, 3, 2, 1, 1, 2, 1, 3, 1, 1, 1, 3, 0, 4, 3, 1, 4, 1, 1, 2, 4, 4, 2, 1, 1, 3, 1, 3, 1, 1, 1, 1, 1, 1, 2, 3, 1, 2, 1, 1, 1, 2, 2, 3, 2, 1]|[0, 2, 1, 1, 3, 3, 0, 1, 0, 0, 0, 0, 1, 0, 1, 0, 0, 3, 1, 0, 0, 0, 3, 1, 0, 2, 0, 0, 0, 1, 0, 0, 0, 0, 3, 0, 1, 0, 0, 2, 1, 1, 2, 0, 0, 0, 0, 1, 1, 0, 0, 0, 1, 3, 0, 0, 1, 0, 0, 1, 0, 2, 0, 1, 0, 2, 1, 0, 0, 1, 1, 3, 1, 1, 3, 3, 1, 0, 0, 2, 0, 0, 0, 0, 1, 0, 0, 0, 1, 2, 0, 1, 0, 1, 1, 0, 0, 0, 0, 0],802.1274951829081,57956.38699448537,89691.2003308727,false
27,G1_CMAX,G1_CMAX,[31, 22, 82, 15, 26, 99, 95, 42, 77, 12, 47, 5, 93, 78, 86, 54, 21, 63, 18, 44, 20, 35, 43, 97, 91, 76, 10, 30, 85, 45, 71, 64, 1, 23, 17, 83, 24, 14, 60, 36, 6, 57, 40, 88, 65, 56, 79, 94, 67, 68, 46, 75, 38, 9, 19, 32, 41, 81, 27, 87, 90, 58, 59, 11, 16, 72, 73, 70, 39, 37, 84, 3, 92, 25, 55, 48, 62, 29, 51, 7, 33, 61, 98, 28, 89, 50, 4, 96, 53, 80, 8, 66, 34, 49, 52, 0, 74, 69, 2, 13]|[1, 1, 0, 1, 1, 0, 1, 1, 2, 1, 2, 2, 2, 1, 1, 0, 0, 1, 0, 2, 2, 0, 1, 2, 0, 1, 2, 2, 0, 0, 1, 2, 1, 2, 1, 0, 2, 0, 1, 1, 0, 1, 1, 1, 0, 2, 1, 1, 0, 0, 0, 0, 1, 1, 2, 1, 0, 2, 0, 2, 1, 0, 1, 2, 1, 2, 1, 1, 1, 1, 1, 1, 0, 1, 2, 0, 0, 0, 0, 1, 2, 1, 2, 0, 1, 0, 1, 2, 0, 0, 1, 2, 2, 0, 1, 0, 2, 1, 0, 0]|[0, 3, 2, 2, 4, 1, 2, 3, 2, 4, 1, 1, 2, 4, 4, 1, 1, 4, 2, 1, 1, 1, 1, 2, 1, 2, 1, 1, 2, 1, 3, 2, 3, 1, 4, 0, 1, 1, 0, 3, 2, 2, 2, 0, 1, 1, 0, 4, 0, 1, 2, 2, 1, 4, 0, 3, 1, 1, 1, 1, 3, 1, 1, 1, 3, 0, 4, 3, 1, 4, 1, 1, 0, 4, 1, 1, 2, 1, 1, 1, 1, 3, 1, 2, 1, 1, 4, 1, 2, 1, 3, 1, 1, 1, 1, 2, 1, 4, 2, 2]|[0, 2, 1, 1, 3, 0, 1, 3, 0, 0, 0, 0, 1, 0, 1, 0, 0, 3, 1, 0, 0, 0, 3, 1, 0, 2, 0, 0, 0, 1, 0, 0, 0, 0, 3, 0, 1, 0, 0, 2, 1, 1, 1, 0, 0, 0, 0, 2, 1, 0, 0, 0, 1, 3, 0, 0, 0, 0, 0, 0, 2, 0, 1, 0, 2, 1, 0, 0, 1, 1, 3, 1, 1, 3, 0, 0, 1, 0, 0, 2, 0, 0, 0, 1, 1, 0, 0, 0, 1, 0, 2, 0, 0, 1, 1, 0, 0, 2, 0, 0],731.2476204416437,56806.84376103422,93275.64763277225,false
27,G4_BALANCED,G4_BALANCED,[31, 11, 15, 82, 26, 9, 95, 32, 77, 68, 47, 5, 93, 78, 86, 54, 85, 63, 18, 44, 20, 49, 36, 14, 74, 50, 53, 17, 21, 45, 71, 64, 3, 23, 30, 83, 24, 41, 60, 52, 65, 27, 90, 70, 39, 87, 48, 69, 99, 4, 46, 1, 13, 58, 97, 59, 28, 75, 73, 37, 35, 79, 22, 66, 76, 42, 40, 80, 96, 6, 16, 61, 33, 7, 57, 34, 12, 67, 10, 98, 56, 88, 29, 94, 91, 38, 19, 92, 43, 84, 62, 72, 81, 25, 2, 55, 8, 89, 51, 0]|[2, 1, 1, 2, 1, 2, 1, 1, 1, 1, 1, 0, 2, 2, 1, 2, 0, 0, 0, 2, 2, 1, 0, 2, 0, 2, 2, 1, 0, 1, 1, 1, 0, 0, 1, 0, 2, 1, 2, 2, 0, 0, 1, 1, 0, 2, 0, 2, 1, 0, 0, 2, 0, 0, 2, 0, 1, 0, 0, 0, 2, 1, 0, 2, 2, 0, 2, 2, 0, 1, 2, 1, 1, 2, 0, 1, 1, 1, 1, 2, 2, 1, 1, 2, 1, 0, 1, 0, 1, 0, 1, 1, 1, 1, 2, 0, 1, 1, 1, 0]|[1, 3, 2, 0, 4, 1, 4, 4, 2, 4, 3, 2, 1, 0, 2, 1, 1, 1, 2, 1, 1, 3, 0, 1, 0, 1, 1, 4, 1, 4, 3, 2, 2, 0, 4, 1, 1, 4, 0, 1, 2, 1, 4, 4, 1, 1, 0, 2, 3, 2, 2, 1, 2, 1, 1, 2, 4, 2, 0, 2, 2, 3, 1, 0, 1, 2, 0, 1, 2, 4, 1, 3, 4, 1, 2, 4, 3, 3, 3, 1, 1, 4, 3, 1, 3, 2, 4, 2, 4, 2, 3, 4, 1, 4, 1, 2, 3, 4, 3, 2]|[1, 2, 1, 0, 3, 0, 1, 3, 0, 0, 2, 0, 1, 0, 1, 0, 0, 0, 1, 0, 0, 2, 0, 0, 1, 0, 0, 3, 0, 1, 0, 2, 0, 1, 3, 0, 1, 3, 1, 0, 0, 0, 1, 3, 0, 0, 1, 0, 2, 0, 0, 0, 0, 0, 1, 0, 1, 0, 1, 1, 0, 2, 0, 0, 0, 0, 0, 0, 0, 2, 0, 0, 1, 0, 0, 1, 0, 0, 3, 0, 0, 1, 0, 0, 0, 0, 3, 0, 2, 0, 0, 2, 1, 3, 0, 0, 0, 1, 0, 0],842.584363225019,52352.15155925938,107294.36147715819,false
27,G2_TEC,G2_TEC,[31, 22, 82, 15, 26, 9, 95, 42, 77, 68, 47, 5, 93, 78, 86, 54, 85, 63, 18, 44, 20, 49, 36, 14, 74, 50, 53, 17, 21, 28, 11, 64, 3, 23, 30, 83, 24, 41, 40, 52, 65, 27, 90, 70, 39, 87, 48, 69, 99, 4, 46, 1, 13, 58, 97, 59, 45, 8, 73, 37, 35, 79, 71, 66, 76, 32, 60, 80, 96, 6, 16, 61, 33, 7, 57, 34, 12, 67, 10, 98, 56, 88, 43, 75, 91, 38, 19, 92, 29, 84, 2, 72, 81, 25, 51, 55, 62, 89, 94, 0]|[2, 1, 2, 1, 1, 2, 1, 1, 1, 1, 1, 0, 2, 2, 1, 2, 0, 0, 0, 2, 2, 1, 0, 2, 0, 2, 2, 1, 0, 1, 1, 1, 0, 0, 1, 0, 2, 1, 2, 2, 0, 0, 1, 1, 0, 2, 0, 2, 1, 0, 0, 2, 0, 0, 2, 0, 1, 1, 0, 0, 2, 1, 1, 2, 2, 0, 2, 2, 0, 1, 2, 1, 1, 2, 0, 1, 1, 1, 1, 2, 2, 1, 1, 0, 1, 0, 1, 0, 1, 0, 2, 1, 1, 1, 1, 0, 1, 1, 2, 0]|[0, 3, 0, 3, 4, 1, 4, 4, 2, 4, 3, 2, 1, 0, 2, 1, 1, 1, 2, 1, 1, 3, 0, 1, 0, 1, 1, 4, 1, 4, 3, 2, 2, 0, 4, 1, 1, 4, 1, 1, 2, 1, 4, 4, 1, 1, 0, 2, 3, 2, 2, 1, 2, 1, 1, 2, 4, 3, 0, 2, 2, 3, 3, 0, 1, 2, 1, 1, 2, 4, 1, 3, 4, 1, 2, 4, 3, 3, 3, 1, 1, 4, 4, 2, 3, 2, 4, 2, 3, 2, 1, 4, 4, 4, 3, 2, 3, 4, 1, 2]|[0, 2, 0, 0, 3, 0, 1, 3, 0, 0, 2, 0, 1, 0, 1, 0, 0, 0, 1, 0, 0, 2, 0, 0, 1, 0, 0, 3, 0, 1, 0, 2, 0, 0, 3, 0, 1, 3, 0, 0, 0, 0, 1, 3, 0, 0, 1, 0, 2, 0, 0, 0, 0, 0, 1, 0, 1, 0, 1, 1, 0, 2, 0, 0, 0, 0, 0, 0, 0, 2, 0, 0, 1, 0, 0, 1, 0, 0, 3, 0, 0, 1, 2, 0, 0, 0, 1, 0, 3, 0, 0, 2, 1, 3, 0, 0, 0, 1, 0, 0],884.1935202920454,50174.268870086526,113547.00447605085,false
27,G3_TWC,G3_TWC,[31, 22, 82, 15, 26, 58, 95, 42, 77, 12, 47, 5, 93, 78, 98, 54, 85, 63, 18, 44, 20, 35, 43, 97, 91, 76, 10, 30, 21, 45, 71, 64, 1, 23, 17, 83, 24, 14, 60, 36, 6, 57, 94, 88, 65, 56, 79, 40, 67, 68, 46, 75, 38, 9, 19, 32, 81, 41, 27, 62, 87, 90, 99, 59, 11, 16, 72, 73, 70, 39, 37, 84, 3, 92, 25, 55, 28, 29, 51, 7, 33, 61, 86, 66, 89, 50, 48, 96, 53, 8, 80, 4, 34, 49, 52, 0, 13, 69, 2, 74]|[1, 1, 0, 1, 1, 1, 2, 1, 2, 1, 2, 2, 2, 1, 1, 0, 0, 1, 0, 2, 2, 0, 1, 2, 0, 1, 2, 2, 0, 0, 1, 2, 1, 2, 1, 0, 2, 0, 1, 1, 0, 1, 1, 1, 0, 2, 1, 1, 0, 0, 0, 0, 1, 1, 2, 1, 2, 0, 0, 0, 2, 1, 0, 1, 2, 1, 2, 1, 1, 1, 1, 1, 1, 0, 1, 1, 0, 0, 0, 1, 2, 1, 0, 2, 1, 0, 0, 0, 0, 1, 0, 0, 2, 0, 1, 0, 0, 1, 0, 2]|[4, 3, 2, 2, 0, 0, 2, 2, 2, 4, 1, 1, 2, 4, 4, 1, 2, 4, 2, 1, 1, 1, 1, 2, 1, 2, 1, 1, 1, 1, 3, 2, 3, 0, 4, 0, 1, 1, 0, 3, 2, 2, 4, 0, 1, 1, 0, 2, 0, 1, 2, 2, 1, 4, 0, 3, 2, 1, 1, 2, 1, 3, 1, 1, 1, 3, 0, 4, 3, 1, 4, 1, 1, 2, 4, 4, 2, 1, 1, 3, 1, 3, 1, 1, 1, 1, 1, 1, 2, 3, 1, 2, 1, 1, 1, 2, 2, 3, 2, 1]|[0, 2, 1, 1, 3, 3, 0, 1, 0, 0, 0, 0, 1, 0, 1, 0, 0, 3, 1, 0, 0, 0, 3, 1, 0, 2, 0, 0, 0, 1, 0, 0, 0, 0, 3, 0, 1, 0, 0, 2, 1, 1, 2, 0, 0, 0, 0, 1, 1, 0, 0, 0, 1, 3, 0, 0, 1, 0, 0, 1, 0, 2, 0, 1, 0, 2, 1, 0, 0, 1, 1, 3, 1, 1, 3, 3, 1, 0, 0, 2, 0, 0, 0, 0, 1, 0, 0, 0, 1, 2, 0, 1, 0, 1, 1, 0, 0, 0, 0, 0],802.1274951829081,57956.38699448537,89691.2003308727,false
27,G1_CMAX,G1_CMAX,[31, 22, 82, 15, 26, 99, 95, 42, 77, 12, 47, 5, 93, 78, 86, 54, 21, 63, 18, 44, 20, 35, 43, 97, 91, 76, 10, 30, 85, 45, 71, 64, 1, 23, 17, 83, 24, 14, 60, 36, 6, 57, 40, 88, 65, 56, 79, 94, 67, 68, 46, 75, 38, 9, 19, 32, 41, 81, 27, 87, 90, 58, 59, 11, 16, 72, 73, 70, 39, 37, 84, 3, 92, 25, 55, 48, 62, 29, 51, 7, 33, 61, 98, 28, 89, 50, 4, 96, 53, 80, 8, 66, 34, 49, 52, 0, 74, 69, 2, 13]|[1, 1, 0, 1, 1, 0, 1, 1, 2, 1, 2, 2, 2, 1, 1, 0, 0, 1, 0, 2, 2, 0, 1, 2, 0, 1, 2, 2, 0, 0, 1, 2, 1, 2, 1, 0, 2, 0, 1, 1, 0, 1, 1, 1, 0, 2, 1, 1, 0, 0, 0, 0, 1, 1, 2, 1, 0, 2, 0, 2, 1, 0, 1, 2, 1, 2, 1, 1, 1, 1, 1, 1, 0, 1, 2, 0, 0, 0, 0, 1, 2, 1, 2, 0, 1, 0, 1, 2, 0, 0, 1, 2, 2, 0, 1, 0, 2, 1, 0, 0]|[0, 3, 2, 2, 4, 1, 2, 3, 2, 4, 1, 1, 2, 4, 4, 1, 1, 4, 2, 1, 1, 1, 1, 2, 1, 2, 1, 1, 2, 1, 3, 2, 3, 1, 4, 0, 1, 1, 0, 3, 2, 2, 2, 0, 1, 1, 0, 4, 0, 1, 2, 2, 1, 4, 0, 3, 1, 1, 1, 1, 3, 1, 1, 1, 3, 0, 4, 3, 1, 4, 1, 1, 0, 4, 1, 1, 2, 1, 1, 1, 1, 3, 1, 2, 1, 1, 4, 1, 2, 1, 3, 1, 1, 1, 1, 2, 1, 4, 2, 2]|[0, 2, 1, 1, 3, 0, 1, 3, 0, 0, 0, 0, 1, 0, 1, 0, 0, 3, 1, 0, 0, 0, 3, 1, 0, 2, 0, 0, 0, 1, 0, 0, 0, 0, 3, 0, 1, 0, 0, 2, 1, 1, 1, 0, 0, 0, 0, 2, 1, 0, 0, 0, 1, 3, 0, 0, 0, 0, 0, 0, 2, 0, 1, 0, 2, 1, 0, 0, 1, 1, 3, 1, 1, 3, 0, 0, 1, 0, 0, 2, 0, 0, 0, 1, 1, 0, 0, 0, 1, 0, 2, 0, 0, 1, 1, 0, 0, 2, 0, 0],731.2476204416437,56806.84376103422,93275.64763277225,false
27,G4_BALANCED,G4_BALANCED,[31, 11, 15, 82, 26, 9, 95, 32, 77, 68, 47, 5, 93, 78, 86, 54, 85, 63, 18, 44, 20, 49, 36, 14, 74, 50, 53, 17, 21, 45, 71, 64, 3, 23, 30, 83, 24, 41, 60, 52, 65, 27, 90, 70, 39, 87, 48, 69, 99, 4, 46, 1, 13, 58, 97, 59, 28, 75, 73, 37, 35, 79, 22, 66, 76, 42, 40, 80, 96, 6, 16, 61, 33, 7, 57, 34, 12, 67, 10, 98, 56, 88, 29, 94, 91, 38, 19, 92, 43, 84, 62, 72, 81, 25, 2, 55, 8, 89, 51, 0]|[2, 1, 1, 2, 1, 2, 1, 1, 1, 1, 1, 0, 2, 2, 1, 2, 0, 0, 0, 2, 2, 1, 0, 2, 0, 2, 2, 1, 0, 1, 1, 1, 0, 0, 1, 0, 2, 1, 2, 2, 0, 0, 1, 1, 0, 2, 0, 2, 1, 0, 0, 2, 0, 0, 2, 0, 1, 0, 0, 0, 2, 1, 0, 2, 2, 0, 2, 2, 0, 1, 2, 1, 1, 2, 0, 1, 1, 1, 1, 2, 2, 1, 1, 2, 1, 0, 1, 0, 1, 0, 1, 1, 1, 1, 2, 0, 1, 1, 1, 0]|[1, 3, 2, 0, 4, 1, 4, 4, 2, 4, 3, 2, 1, 0, 2, 1, 1, 1, 2, 1, 1, 3, 0, 1, 0, 1, 1, 4, 1, 4, 3, 2, 2, 0, 4, 1, 1, 4, 0, 1, 2, 1, 4, 4, 1, 1, 0, 2, 3, 2, 2, 1, 2, 1, 1, 2, 4, 2, 0, 2, 2, 3, 1, 0, 1, 2, 0, 1, 2, 4, 1, 3, 4, 1, 2, 4, 3, 3, 3, 1, 1, 4, 3, 1, 3, 2, 4, 2, 4, 2, 3, 4, 1, 4, 1, 2, 3, 4, 3, 2]|[1, 2, 1, 0, 3, 0, 1, 3, 0, 0, 2, 0, 1, 0, 1, 0, 0, 0, 1, 0, 0, 2, 0, 0, 1, 0, 0, 3, 0, 1, 0, 2, 0, 1, 3, 0, 1, 3, 1, 0, 0, 0, 1, 3, 0, 0, 1, 0, 2, 0, 0, 0, 0, 0, 1, 0, 1, 0, 1, 1, 0, 2, 0, 0, 0, 0, 0, 0, 0, 2, 0, 0, 1, 0, 0, 1, 0, 0, 3, 0, 0, 1, 0, 0, 0, 0, 3, 0, 2, 0, 0, 2, 1, 3, 0, 0, 0, 1, 0, 0],842.584363225019,52352.15155925938,107294.36147715819,false
27,G2_TEC,G2_TEC,[31, 22, 82, 15, 26, 9, 95, 42, 77, 68, 47, 5, 93, 78, 86, 54, 85, 63, 18, 44, 20, 49, 36, 14, 74, 50, 53, 17, 21, 28, 11, 64, 3, 23, 30, 83, 24, 41, 40, 52, 65, 27, 90, 70, 39, 87, 48, 69, 99, 4, 46, 1, 13, 58, 97, 59, 45, 8, 73, 37, 35, 79, 71, 66, 76, 32, 60, 80, 96, 6, 16, 61, 33, 7, 57, 34, 12, 67, 10, 98, 56, 88, 43, 75, 91, 38, 19, 92, 29, 84, 2, 72, 81, 25, 51, 55, 62, 89, 94, 0]|[2, 1, 2, 1, 1, 2, 1, 1, 1, 1, 1, 0, 2, 2, 1, 2, 0, 0, 0, 2, 2, 1, 0, 2, 0, 2, 2, 1, 0, 1, 1, 1, 0, 0, 1, 0, 2, 1, 2, 2, 0, 0, 1, 1, 0, 2, 0, 2, 1, 0, 0, 2, 0, 0, 2, 0, 1, 1, 0, 0, 2, 1, 1, 2, 2, 0, 2, 2, 0, 1, 2, 1, 1, 2, 0, 1, 1, 1, 1, 2, 2, 1, 1, 0, 1, 0, 1, 0, 1, 0, 2, 1, 1, 1, 1, 0, 1, 1, 2, 0]|[0, 3, 0, 3, 4, 1, 4, 4, 2, 4, 3, 2, 1, 0, 2, 1, 1, 1, 2, 1, 1, 3, 0, 1, 0, 1, 1, 4, 1, 4, 3, 2, 2, 0, 4, 1, 1, 4, 1, 1, 2, 1, 4, 4, 1, 1, 0, 2, 3, 2, 2, 1, 2, 1, 1, 2, 4, 3, 0, 2, 2, 3, 3, 0, 1, 2, 1, 1, 2, 4, 1, 3, 4, 1, 2, 4, 3, 3, 3, 1, 1, 4, 4, 2, 3, 2, 4, 2, 3, 2, 1, 4, 4, 4, 3, 2, 3, 4, 1, 2]|[0, 2, 0, 0, 3, 0, 1, 3, 0, 0, 2, 0, 1, 0, 1, 0, 0, 0, 1, 0, 0, 2, 0, 0, 1, 0, 0, 3, 0, 1, 0, 2, 0, 0, 3, 0, 1, 3, 0, 0, 0, 0, 1, 3, 0, 0, 1, 0, 2, 0, 0, 0, 0, 0, 1, 0, 1, 0, 1, 1, 0, 2, 0, 0, 0, 0, 0, 0, 0, 2, 0, 0, 1, 0, 0, 1, 0, 0, 3, 0, 0, 1, 2, 0, 0, 0, 1, 0, 3, 0, 0, 2, 1, 3, 0, 0, 0, 1, 0, 0],884.1935202920454,50174.268870086526,113547.00447605085,false
27,G3_TWC,G3_TWC,[31, 22, 82, 15, 26, 58, 95, 42, 77, 12, 47, 5, 93, 78, 98, 54, 85, 63, 18, 44, 20, 35, 43, 97, 91, 76, 10, 30, 21, 45, 71, 64, 1, 23, 17, 83, 24, 14, 60, 36, 6, 57, 94, 88, 65, 56, 79, 40, 67, 68, 46, 75, 38, 9, 19, 32, 81, 41, 27, 62, 87, 90, 99, 59, 11, 16, 72, 73, 70, 39, 37, 84, 3, 92, 25, 55, 28, 29, 51, 7, 33, 61, 86, 66, 89, 50, 48, 96, 53, 8, 80, 4, 34, 49, 52, 0, 13, 69, 2, 74]|[1, 1, 0, 1, 1, 1, 2, 1, 2, 1, 2, 2, 2, 1, 1, 0, 0, 1, 0, 2, 2, 0, 1, 2, 0, 1, 2, 2, 0, 0, 1, 2, 1, 2, 1, 0, 2, 0, 1, 1, 0, 1, 1, 1, 0, 2, 1, 1, 0, 0, 0, 0, 1, 1, 2, 1, 2, 0, 0, 0, 2, 1, 0, 1, 2, 1, 2, 1, 1, 1, 1, 1, 1, 0, 1, 1, 0, 0, 0, 1, 2, 1, 0, 2, 1, 0, 0, 0, 0, 1, 0, 0, 2, 0, 1, 0, 0, 1, 0, 2]|[4, 3, 2, 2, 0, 0, 2, 2, 2, 4, 1, 1, 2, 4, 4, 1, 2, 4, 2, 1, 1, 1, 1, 2, 1, 2, 1, 1, 1, 1, 3, 2, 3, 0, 4, 0, 1, 1, 0, 3, 2, 2, 4, 0, 1, 1, 0, 2, 0, 1, 2, 2, 1, 4, 0, 3, 2, 1, 1, 2, 1, 3, 1, 1, 1, 3, 0, 4, 3, 1, 4, 1, 1, 2, 4, 4, 2, 1, 1, 3, 1, 3, 1, 1, 1, 1, 1, 1, 2, 3, 1, 2, 1, 1, 1, 2, 2, 3, 2, 1]|[0, 2, 1, 1, 3, 3, 0, 1, 0, 0, 0, 0, 1, 0, 1, 0, 0, 3, 1, 0, 0, 0, 3, 1, 0, 2, 0, 0, 0, 1, 0, 0, 0, 0, 3, 0, 1, 0, 0, 2, 1, 1, 2, 0, 0, 0, 0, 1, 1, 0, 0, 0, 1, 3, 0, 0, 1, 0, 0, 1, 0, 2, 0, 1, 0, 2, 1, 0, 0, 1, 1, 3, 1, 1, 3, 3, 1, 0, 0, 2, 0, 0, 0, 0, 1, 0, 0, 0, 1, 2, 0, 1, 0, 1, 1, 0, 0, 0, 0, 0],802.1274951829081,57956.38699448537,89691.2003308727,false
27,G1_CMAX,G1_CMAX,[31, 22, 82, 15, 26, 99, 95, 42, 77, 12, 47, 5, 93, 78, 86, 54, 21, 63, 18, 44, 20, 35, 43, 97, 91, 76, 10, 30, 85, 45, 71, 64, 1, 23, 17, 83, 24, 14, 60, 36, 6, 57, 40, 88, 65, 56, 79, 94, 67, 68, 46, 75, 38, 9, 19, 32, 41, 81, 27, 87, 90, 58, 59, 11, 16, 72, 73, 70, 39, 37, 84, 3, 92, 25, 55, 48, 62, 29, 51, 7, 33, 61, 98, 28, 89, 50, 4, 96, 53, 80, 8, 66, 34, 49, 52, 0, 74, 69, 2, 13]|[1, 1, 0, 1, 1, 0, 1, 1, 2, 1, 2, 2, 2, 1, 1, 0, 0, 1, 0, 2, 2, 0, 1, 2, 0, 1, 2, 2, 0, 0, 1, 2, 1, 2, 1, 0, 2, 0, 1, 1, 0, 1, 1, 1, 0, 2, 1, 1, 0, 0, 0, 0, 1, 1, 2, 1, 0, 2, 0, 2, 1, 0, 1, 2, 1, 2, 1, 1, 1, 1, 1, 1, 0, 1, 2, 0, 0, 0, 0, 1, 2, 1, 2, 0, 1, 0, 1, 2, 0, 0, 1, 2, 2, 0, 1, 0, 2, 1, 0, 0]|[0, 3, 2, 2, 4, 1, 2, 3, 2, 4, 1, 1, 2, 4, 4, 1, 1, 4, 2, 1, 1, 1, 1, 2, 1, 2, 1, 1, 2, 1, 3, 2, 3, 1, 4, 0, 1, 1, 0, 3, 2, 2, 2, 0, 1, 1, 0, 4, 0, 1, 2, 2, 1, 4, 0, 3, 1, 1, 1, 1, 3, 1, 1, 1, 3, 0, 4, 3, 1, 4, 1, 1, 0, 4, 1, 1, 2, 1, 1, 1, 1, 3, 1, 2, 1, 1, 4, 1, 2, 1, 3, 1, 1, 1, 1, 2, 1, 4, 2, 2]|[0, 2, 1, 1, 3, 0, 1, 3, 0, 0, 0, 0, 1, 0, 1, 0, 0, 3, 1, 0, 0, 0, 3, 1, 0, 2, 0, 0, 0, 1, 0, 0, 0, 0, 3, 0, 1, 0, 0, 2, 1, 1, 1, 0, 0, 0, 0, 2, 1, 0, 0, 0, 1, 3, 0, 0, 0, 0, 0, 0, 2, 0, 1, 0, 2, 1, 0, 0, 1, 1, 3, 1, 1, 3, 0, 0, 1, 0, 0, 2, 0, 0, 0, 1, 1, 0, 0, 0, 1, 0, 2, 0, 0, 1, 1, 0, 0, 2, 0, 0],731.2476204416437,56806.84376103422,93275.64763277225,false
27,G4_BALANCED,G2_TEC,[31, 22, 82, 15, 26, 9, 95, 42, 77, 68, 47, 5, 93, 78, 86, 54, 85, 63, 18, 44, 20, 49, 36, 14, 74, 50, 53, 17, 21, 28, 11, 64, 3, 23, 30, 83, 24, 41, 40, 52, 65, 27, 90, 70, 39, 87, 48, 69, 99, 4, 46, 1, 13, 58, 97, 59, 45, 8, 73, 37, 35, 79, 71, 66, 76, 32, 60, 80, 96, 6, 16, 61, 33, 7, 57, 34, 12, 67, 10, 98, 56, 88, 43, 75, 91, 38, 19, 92, 29, 2, 51, 72, 81, 62, 0, 55, 94, 89, 25, 84]|[2, 1, 2, 1, 1, 2, 1, 1, 1, 1, 1, 0, 2, 2, 1, 2, 0, 0, 0, 2, 2, 1, 0, 2, 0, 2, 2, 1, 0, 1, 1, 1, 0, 0, 1, 0, 2, 1, 2, 2, 0, 0, 1, 1, 0, 2, 0, 2, 1, 0, 0, 2, 0, 0, 2, 0, 1, 1, 0, 0, 2, 1, 1, 2, 2, 0, 2, 2, 0, 1, 2, 1, 1, 2, 0, 1, 1, 1, 1, 2, 2, 1, 1, 0, 1, 0, 1, 0, 1, 2, 1, 1, 1, 1, 0, 0, 2, 1, 1, 0]|[0, 3, 0, 3, 4, 1, 4, 4, 2, 4, 3, 2, 1, 0, 2, 1, 1, 1, 2, 1, 1, 3, 0, 1, 0, 1, 1, 4, 1, 4, 3, 2, 2, 0, 4, 1, 1, 4, 0, 1, 2, 1, 4, 4, 1, 1, 0, 2, 3, 2, 2, 1, 2, 1, 1, 2, 4, 3, 0, 2, 2, 3, 3, 0, 1, 2, 1, 1, 2, 4, 1, 3, 4, 1, 2, 4, 3, 3, 3, 1, 1, 4, 4, 2, 3, 2, 4, 2, 3, 1, 3, 4, 4, 3, 2, 2, 1, 4, 4, 2]|[0, 2, 0, 0, 3, 0, 1, 3, 0, 0, 2, 0, 1, 0, 1, 0, 0, 0, 1, 0, 0, 2, 0, 0, 1, 0, 0, 3, 0, 1, 0, 2, 0, 0, 3, 0, 1, 3, 1, 0, 0, 0, 1, 3, 0, 0, 1, 0, 2, 0, 0, 0, 0, 0, 1, 0, 1, 0, 1, 1, 0, 2, 0, 0, 0, 0, 0, 0, 0, 2, 0, 0, 1, 0, 0, 1, 0, 0, 3, 0, 0, 1, 2, 0, 0, 0, 1, 0, 3, 0, 0, 2, 1, 0, 0, 0, 0, 1, 3, 0],896.0530819850678,50495.68008782722,109832.43374558234,true
27,G2_TEC,G2_TEC,[31, 22, 82, 15, 26, 9, 95, 42, 77, 68, 47, 5, 93, 78, 86, 54, 85, 63, 18, 44, 20, 49, 36, 14, 74, 50, 53, 17, 21, 28, 11, 64, 3, 23, 30, 83, 24, 41, 40, 52, 65, 27, 90, 70, 39, 87, 48, 69, 99, 4, 46, 1, 13, 58, 97, 59, 45, 8, 73, 37, 35, 79, 71, 66, 76, 32, 60, 80, 96, 6, 16, 61, 33, 7, 57, 34, 12, 67, 10, 98, 56, 88, 43, 75, 91, 38, 19, 92, 29, 84, 2, 72, 81, 25, 51, 55, 62, 89, 94, 0]|[2, 1, 2, 1, 1, 2, 1, 1, 1, 1, 1, 0, 2, 2, 1, 2, 0, 0, 0, 2, 2, 1, 0, 2, 0, 2, 2, 1, 0, 1, 1, 1, 0, 0, 1, 0, 2, 1, 2, 2, 0, 0, 1, 1, 0, 2, 0, 2, 1, 0, 0, 2, 0, 0, 2, 0, 1, 1, 0, 0, 2, 1, 1, 2, 2, 0, 2, 2, 0, 1, 2, 1, 1, 2, 0, 1, 1, 1, 1, 2, 2, 1, 1, 0, 1, 0, 1, 0, 1, 0, 2, 1, 1, 1, 1, 0, 1, 1, 2, 0]|[0, 3, 0, 3, 4, 1, 4, 4, 2, 4, 3, 2, 1, 0, 2, 1, 1, 1, 2, 1, 1, 3, 0, 1, 0, 1, 1, 4, 1, 4, 3, 2, 2, 0, 4, 1, 1, 4, 1, 1, 2, 1, 4, 4, 1, 1, 0, 2, 3, 2, 2, 1, 2, 1, 1, 2, 4, 3, 0, 2, 2, 3, 3, 0, 1, 2, 1, 1, 2, 4, 1, 3, 4, 1, 2, 4, 3, 3, 3, 1, 1, 4, 4, 2, 3, 2, 4, 2, 3, 2, 1, 4, 4, 4, 3, 2, 3, 4, 1, 2]|[0, 2, 0, 0, 3, 0, 1, 3, 0, 0, 2, 0, 1, 0, 1, 0, 0, 0, 1, 0, 0, 2, 0, 0, 1, 0, 0, 3, 0, 1, 0, 2, 0, 0, 3, 0, 1, 3, 0, 0, 0, 0, 1, 3, 0, 0, 1, 0, 2, 0, 0, 0, 0, 0, 1, 0, 1, 0, 1, 1, 0, 2, 0, 0, 0, 0, 0, 0, 0, 2, 0, 0, 1, 0, 0, 1, 0, 0, 3, 0, 0, 1, 2, 0, 0, 0, 1, 0, 3, 0, 0, 2, 1, 3, 0, 0, 0, 1, 0, 0],884.1935202920454,50174.268870086526,113547.00447605085,false
27,G3_TWC,G3_TWC,[31, 22, 82, 15, 26, 58, 95, 42, 77, 12, 47, 5, 93, 78, 98, 54, 85, 63, 18, 44, 20, 35, 43, 97, 91, 76, 10, 30, 21, 45, 71, 64, 1, 23, 17, 83, 24, 14, 60, 36, 6, 57, 94, 88, 65, 56, 79, 40, 67, 68, 46, 75, 38, 9, 19, 32, 81, 41, 27, 62, 87, 90, 99, 59, 11, 16, 72, 73, 70, 39, 37, 84, 3, 92, 25, 55, 28, 29, 51, 7, 33, 61, 86, 66, 89, 50, 48, 96, 53, 8, 80, 4, 34, 49, 52, 0, 13, 69, 2, 74]|[1, 1, 0, 1, 1, 1, 2, 1, 2, 1, 2, 2, 2, 1, 1, 0, 0, 1, 0, 2, 2, 0, 1, 2, 0, 1, 2, 2, 0, 0, 1, 2, 1, 2, 1, 0, 2, 0, 1, 1, 0, 1, 1, 1, 0, 2, 1, 1, 0, 0, 0, 0, 1, 1, 2, 1, 2, 0, 0, 0, 2, 1, 0, 1, 2, 1, 2, 1, 1, 1, 1, 1, 1, 0, 1, 1, 0, 0, 0, 1, 2, 1, 0, 2, 1, 0, 0, 0, 0, 1, 0, 0, 2, 0, 1, 0, 0, 1, 0, 2]|[4, 3, 2, 2, 0, 0, 2, 2, 2, 4, 1, 1, 2, 4, 4, 1, 2, 4, 2, 1, 1, 1, 1, 2, 1, 2, 1, 1, 1, 1, 3, 2, 3, 0, 4, 0, 1, 1, 0, 3, 2, 2, 4, 0, 1, 1, 0, 2, 0, 1, 2, 2, 1, 4, 0, 3, 2, 1, 1, 2, 1, 3, 1, 1, 1, 3, 0, 4, 3, 1, 4, 1, 1, 2, 4, 4, 2, 1, 1, 3, 1, 3, 1, 1, 1, 1, 1, 1, 2, 3, 1, 2, 1, 1, 1, 2, 2, 3, 2, 1]|[0, 2, 1, 1, 3, 3, 0, 1, 0, 0, 0, 0, 1, 0, 1, 0, 0, 3, 1, 0, 0, 0, 3, 1, 0, 2, 0, 0, 0, 1, 0, 0, 0, 0, 3, 0, 1, 0, 0, 2, 1, 1, 2, 0, 0, 0, 0, 1, 1, 0, 0, 0, 1, 3, 0, 0, 1, 0, 0, 1, 0, 2, 0, 1, 0, 2, 1, 0, 0, 1, 1, 3, 1, 1, 3, 3, 1, 0, 0, 2, 0, 0, 0, 0, 1, 0, 0, 0, 1, 2, 0, 1, 0, 1, 1, 0, 0, 0, 0, 0],802.1274951829081,57956.38699448537,89691.2003308727,false
27,G1_CMAX,G1_CMAX,[31, 22, 82, 15, 26, 99, 95, 42, 77, 12, 47, 5, 93, 78, 86, 54, 21, 63, 18, 44, 20, 35, 43, 97, 91, 76, 10, 30, 85, 45, 71, 64, 1, 23, 17, 83, 24, 14, 60, 36, 6, 57, 40, 88, 65, 56, 79, 94, 67, 68, 46, 75, 38, 9, 19, 32, 41, 81, 27, 87, 90, 58, 59, 11, 16, 72, 73, 70, 39, 37, 84, 3, 92, 25, 55, 48, 62, 29, 51, 7, 33, 61, 98, 28, 89, 50, 4, 96, 53, 80, 8, 66, 34, 49, 52, 0, 74, 69, 2, 13]|[1, 1, 0, 1, 1, 0, 1, 1, 2, 1, 2, 2, 2, 1, 1, 0, 0, 1, 0, 2, 2, 0, 1, 2, 0, 1, 2, 2, 0, 0, 1, 2, 1, 2, 1, 0, 2, 0, 1, 1, 0, 1, 1, 1, 0, 2, 1, 1, 0, 0, 0, 0, 1, 1, 2, 1, 0, 2, 0, 2, 1, 0, 1, 2, 1, 2, 1, 1, 1, 1, 1, 1, 0, 1, 2, 0, 0, 0, 0, 1, 2, 1, 2, 0, 1, 0, 1, 2, 0, 0, 1, 2, 2, 0, 1, 0, 2, 1, 0, 0]|[0, 3, 2, 2, 4, 1, 2, 3, 2, 4, 1, 1, 2, 4, 4, 1, 1, 4, 2, 1, 1, 1, 1, 2, 1, 2, 1, 1, 2, 1, 3, 2, 3, 1, 4, 0, 1, 1, 0, 3, 2, 2, 2, 0, 1, 1, 0, 4, 0, 1, 2, 2, 1, 4, 0, 3, 1, 1, 1, 1, 3, 1, 1, 1, 3, 0, 4, 3, 1, 4, 1, 1, 0, 4, 1, 1, 2, 1, 1, 1, 1, 3, 1, 2, 1, 1, 4, 1, 2, 1, 3, 1, 1, 1, 1, 2, 1, 4, 2, 2]|[0, 2, 1, 1, 3, 0, 1, 3, 0, 0, 0, 0, 1, 0, 1, 0, 0, 3, 1, 0, 0, 0, 3, 1, 0, 2, 0, 0, 0, 1, 0, 0, 0, 0, 3, 0, 1, 0, 0, 2, 1, 1, 1, 0, 0, 0, 0, 2, 1, 0, 0, 0, 1, 3, 0, 0, 0, 0, 0, 0, 2, 0, 1, 0, 2, 1, 0, 0, 1, 1, 3, 1, 1, 3, 0, 0, 1, 0, 0, 2, 0, 0, 0, 1, 1, 0, 0, 0, 1, 0, 2, 0, 0, 1, 1, 0, 0, 2, 0, 0],731.2476204416437,56806.84376103422,93275.64763277225,false
27,G4_BALANCED,G3_TWC,[31, 22, 82, 15, 26, 58, 95, 42, 77, 12, 47, 5, 93, 78, 98, 54, 85, 63, 18, 44, 20, 35, 43, 97, 91, 76, 10, 30, 21, 45, 71, 64, 1, 23, 17, 83, 24, 14, 60, 36, 6, 57, 94, 88, 65, 56, 79, 40, 67, 68, 46, 75, 38, 9, 19, 32, 81, 41, 27, 62, 87, 90, 99, 59, 11, 16, 72, 73, 70, 39, 37, 84, 3, 92, 25, 55, 28, 29, 51, 7, 33, 61, 86, 66, 89, 50, 48, 96, 53, 8, 4, 80, 52, 49, 34, 0, 74, 69, 2, 13]|[1, 1, 0, 1, 1, 1, 2, 1, 2, 1, 2, 2, 2, 1, 1, 0, 0, 1, 0, 2, 2, 0, 1, 2, 0, 1, 2, 2, 0, 0, 1, 2, 1, 2, 1, 0, 2, 0, 1, 1, 0, 1, 1, 1, 0, 2, 1, 1, 0, 0, 0, 0, 1, 1, 2, 1, 2, 0, 0, 0, 2, 1, 0, 1, 2, 1, 2, 1, 1, 1, 1, 1, 1, 0, 1, 1, 0, 0, 0, 1, 2, 1, 0, 2, 1, 0, 0, 0, 0, 0, 0, 2, 1, 0, 2, 0, 2, 1, 0, 0]|[4, 3, 2, 2, 0, 0, 2, 2, 2, 4, 1, 1, 2, 4, 4, 1, 2, 4, 2, 1, 1, 1, 1, 2, 1, 2, 1, 1, 1, 1, 3, 2, 3, 1, 4, 0, 1, 1, 0, 3, 2, 2, 4, 0, 1, 1, 0, 2, 0, 1, 2, 2, 1, 4, 0, 3, 2, 1, 1, 2, 1, 3, 1, 1, 1, 3, 0, 4, 3, 1, 4, 1, 1, 0, 4, 4, 2, 1, 1, 3, 1, 3, 1, 1, 1, 1, 1, 1, 2, 1, 2, 1, 1, 1, 1, 2, 1, 3, 2, 2]|[0, 2, 1, 1, 3, 3, 0, 1, 0, 0, 0, 0, 1, 0, 1, 0, 0, 3, 1, 0, 0, 0, 3, 1, 0, 2, 0, 0, 0, 1, 0, 0, 0, 0, 3, 0, 1, 0, 0, 2, 1, 1, 2, 0, 0, 0, 0, 1, 1, 0, 0, 0, 1, 3, 0, 0, 1, 0, 0, 1, 0, 2, 0, 1, 0, 2, 1, 0, 0, 1, 1, 3, 1, 1, 3, 3, 1, 0, 0, 2, 0, 0, 0, 0, 1, 0, 0, 0, 1, 0, 1, 0, 1, 1, 0, 0, 0, 0, 0, 0],810.3565441541982,57670.14644712197,91258.57527124908,true
27,G2_TEC,G2_TEC,[31, 22, 82, 15, 26, 9, 95, 42, 77, 68, 47, 5, 93, 78, 86, 54, 85, 63, 18, 44, 20, 49, 36, 14, 74, 50, 53, 17, 21, 28, 11, 64, 3, 23, 30, 83, 24, 41, 40, 52, 65, 27, 90, 70, 39, 87, 48, 69, 99, 4, 46, 1, 13, 58, 97, 59, 45, 8, 73, 37, 35, 79, 71, 66, 76, 32, 60, 80, 96, 6, 16, 61, 33, 7, 57, 34, 12, 67, 10, 98, 56, 88, 43, 75, 91, 38, 19, 92, 29, 84, 2, 72, 81, 25, 51, 55, 62, 89, 94, 0]|[2, 1, 2, 1, 1, 2, 1, 1, 1, 1, 1, 0, 2, 2, 1, 2, 0, 0, 0, 2, 2, 1, 0, 2, 0, 2, 2, 1, 0, 1, 1, 1, 0, 0, 1, 0, 2, 1, 2, 2, 0, 0, 1, 1, 0, 2, 0, 2, 1, 0, 0, 2, 0, 0, 2, 0, 1, 1, 0, 0, 2, 1, 1, 2, 2, 0, 2, 2, 0, 1, 2, 1, 1, 2, 0, 1, 1, 1, 1, 2, 2, 1, 1, 0, 1, 0, 1, 0, 1, 0, 2, 1, 1, 1, 1, 0, 1, 1, 2, 0]|[0, 3, 0, 3, 4, 1, 4, 4, 2, 4, 3, 2, 1, 0, 2, 1, 1, 1, 2, 1, 1, 3, 0, 1, 0, 1, 1, 4, 1, 4, 3, 2, 2, 0, 4, 1, 1, 4, 1, 1, 2, 1, 4, 4, 1, 1, 0, 2, 3, 2, 2, 1, 2, 1, 1, 2, 4, 3, 0, 2, 2, 3, 3, 0, 1, 2, 1, 1, 2, 4, 1, 3, 4, 1, 2, 4, 3, 3, 3, 1, 1, 4, 4, 2, 3, 2, 4, 2, 3, 2, 1, 4, 4, 4, 3, 2, 3, 4, 1, 2]|[0, 2, 0, 0, 3, 0, 1, 3, 0, 0, 2, 0, 1, 0, 1, 0, 0, 0, 1, 0, 0, 2, 0, 0, 1, 0, 0, 3, 0, 1, 0, 2, 0, 0, 3, 0, 1, 3, 0, 0, 0, 0, 1, 3, 0, 0, 1, 0, 2, 0, 0, 0, 0, 0, 1, 0, 1, 0, 1, 1, 0, 2, 0, 0, 0, 0, 0, 0, 0, 2, 0, 0, 1, 0, 0, 1, 0, 0, 3, 0, 0, 1, 2, 0, 0, 0, 1, 0, 3, 0, 0, 2, 1, 3, 0, 0, 0, 1, 0, 0],884.1935202920454,50174.268870086526,113547.00447605085,false
27,G3_TWC,G3_TWC,[31, 22, 82, 15, 26, 58, 95, 42, 77, 12, 47, 5, 93, 78, 98, 54, 85, 63, 18, 44, 20, 35, 43, 97, 91, 76, 10, 30, 21, 45, 71, 64, 1, 23, 17, 83, 24, 14, 60, 36, 6, 57, 94, 88, 65, 56, 79, 40, 67, 68, 46, 75, 38, 9, 19, 32, 81, 41, 27, 62, 87, 90, 99, 59, 11, 16, 72, 73, 70, 39, 37, 84, 3, 92, 25, 55, 28, 29, 51, 7, 33, 61, 86, 66, 89, 50, 48, 96, 53, 8, 80, 4, 34, 49, 52, 0, 13, 69, 2, 74]|[1, 1, 0, 1, 1, 1, 2, 1, 2, 1, 2, 2, 2, 1, 1, 0, 0, 1, 0, 2, 2, 0, 1, 2, 0, 1, 2, 2, 0, 0, 1, 2, 1, 2, 1, 0, 2, 0, 1, 1, 0, 1, 1, 1, 0, 2, 1, 1, 0, 0, 0, 0, 1, 1, 2, 1, 2, 0, 0, 0, 2, 1, 0, 1, 2, 1, 2, 1, 1, 1, 1, 1, 1, 0, 1, 1, 0, 0, 0, 1, 2, 1, 0, 2, 1, 0, 0, 0, 0, 1, 0, 0, 2, 0, 1, 0, 0, 1, 0, 2]|[4, 3, 2, 2, 0, 0, 2, 2, 2, 4, 1, 1, 2, 4, 4, 1, 2, 4, 2, 1, 1, 1, 1, 2, 1, 2, 1, 1, 1, 1, 3, 2, 3, 0, 4, 0, 1, 1, 0, 3, 2, 2, 4, 0, 1, 1, 0, 2, 0, 1, 2, 2, 1, 4, 0, 3, 2, 1, 1, 2, 1, 3, 1, 1, 1, 3, 0, 4, 3, 1, 4, 1, 1, 2, 4, 4, 2, 1, 1, 3, 1, 3, 1, 1, 1, 1, 1, 1, 2, 3, 1, 2, 1, 1, 1, 2, 2, 3, 2, 1]|[0, 2, 1, 1, 3, 3, 0, 1, 0, 0, 0, 0, 1, 0, 1, 0, 0, 3, 1, 0, 0, 0, 3, 1, 0, 2, 0, 0, 0, 1, 0, 0, 0, 0, 3, 0, 1, 0, 0, 2, 1, 1, 2, 0, 0, 0, 0, 1, 1, 0, 0, 0, 1, 3, 0, 0, 1, 0, 0, 1, 0, 2, 0, 1, 0, 2, 1, 0, 0, 1, 1, 3, 1, 1, 3, 3, 1, 0, 0, 2, 0, 0, 0, 0, 1, 0, 0, 0, 1, 2, 0, 1, 0, 1, 1, 0, 0, 0, 0, 0],802.1274951829081,57956.38699448537,89691.2003308727,false
27,G1_CMAX,G4_BALANCED,[31, 22, 82, 15, 26, 9, 95, 42, 77, 68, 47, 48, 5, 93, 78, 86, 54, 85, 63, 18, 44, 20, 49, 36, 14, 74, 50, 53, 17, 21, 28, 71, 64, 3, 23, 30, 83, 24, 41, 60, 52, 65, 27, 90, 70, 39, 87, 69, 99, 4, 46, 1, 13, 58, 97, 59, 45, 8, 73, 37, 35, 79, 11, 66, 76, 32, 40, 80, 96, 6, 16, 61, 19, 7, 57, 34, 12, 67, 10, 98, 56, 88, 91, 75, 29, 38, 33, 92, 43, 84, 51, 72, 81, 25, 2, 55, 62, 89, 94, 0]|[2, 1, 2, 1, 1, 2, 1, 1, 1, 1, 1, 0, 0, 2, 2, 1, 2, 0, 0, 0, 2, 2, 1, 0, 2, 0, 2, 2, 1, 0, 1, 1, 1, 0, 0, 1, 0, 2, 1, 2, 2, 0, 0, 1, 1, 0, 2, 2, 1, 0, 0, 2, 0, 0, 2, 0, 1, 1, 0, 0, 2, 1, 0, 2, 2, 0, 2, 2, 0, 1, 2, 1, 2, 2, 0, 1, 1, 1, 1, 2, 2, 1, 1, 0, 1, 0, 1, 0, 1, 0, 1, 1, 1, 1, 2, 0, 1, 1, 1, 0]|[0, 3, 0, 3, 4, 1, 4, 4, 2, 4, 3, 0, 2, 1, 0, 2, 1, 1, 1, 2, 1, 1, 3, 0, 1, 0, 1, 1, 4, 1, 4, 3, 2, 2, 0, 4, 1, 1, 4, 0, 1, 2, 1, 4, 4, 1, 1, 2, 3, 1, 2, 1, 2, 1, 1, 2, 4, 3, 0, 2, 2, 3, 1, 0, 1, 2, 0, 1, 2, 4, 1, 3, 1, 1, 2, 4, 3, 3, 3, 1, 1, 4, 3, 2, 3, 2, 4, 2, 4, 2, 3, 4, 1, 4, 1, 2, 3, 4, 4, 2]|[0, 2, 0, 0, 3, 0, 1, 3, 0, 0, 2, 1, 0, 1, 0, 1, 0, 0, 0, 1, 0, 0, 2, 0, 0, 1, 0, 0, 3, 0, 1, 0, 2, 0, 1, 3, 0, 1, 3, 1, 0, 0, 0, 1, 3, 0, 0, 0, 2, 0, 0, 0, 0, 0, 1, 0, 1, 0, 1, 1, 0, 2, 0, 0, 0, 0, 0, 0, 0, 2, 0, 0, 0, 0, 0, 1, 0, 0, 3, 0, 0, 1, 0, 0, 0, 0, 1, 0, 2, 0, 0, 2, 1, 3, 0, 0, 0, 1, 2, 0],859.7899275769614,51682.99224237402,106830.35001436771,true
27,G4_BALANCED,G4_BALANCED,[31, 22, 82, 15, 26, 9, 95, 42, 77, 68, 47, 5, 93, 78, 86, 54, 85, 63, 18, 44, 20, 49, 36, 14, 74, 50, 53, 17, 21, 28, 71, 64, 3, 23, 30, 83, 24, 41, 60, 52, 65, 27, 90, 70, 39, 87, 48, 69, 99, 4, 46, 1, 13, 58, 97, 59, 45, 8, 73, 37, 35, 79, 11, 66, 76, 32, 40, 80, 96, 6, 16, 61, 33, 7, 57, 34, 12, 67, 10, 98, 56, 88, 29, 75, 91, 38, 19, 92, 43, 2, 51, 72, 89, 25, 84, 55, 62, 94, 81, 0]|[2, 1, 2, 1, 1, 2, 1, 1, 1, 1, 1, 0, 2, 2, 1, 2, 0, 0, 0, 2, 2, 1, 0, 2, 0, 2, 2, 1, 0, 1, 1, 1, 0, 0, 1, 0, 2, 1, 2, 2, 0, 0, 1, 1, 0, 2, 0, 2, 1, 0, 0, 2, 0, 0, 2, 0, 1, 1, 0, 0, 2, 1, 0, 2, 2, 0, 2, 2, 0, 1, 2, 1, 1, 2, 0, 1, 1, 1, 1, 2, 2, 1, 1, 0, 1, 0, 1, 0, 1, 2, 1, 1, 1, 1, 0, 0, 1, 2, 1, 0]|[0, 3, 0, 3, 4, 1, 4, 4, 2, 4, 3, 2, 1, 0, 2, 1, 1, 1, 2, 1, 1, 3, 0, 1, 0, 1, 1, 4, 1, 4, 3, 2, 2, 0, 4, 1, 1, 4, 0, 1, 2, 1, 4, 4, 2, 1, 0, 2, 3, 1, 2, 1, 2, 1, 1, 2, 4, 3, 0, 2, 2, 3, 1, 0, 1, 2, 1, 1, 2, 4, 1, 3, 4, 1, 2, 4, 3, 3, 3, 1, 1, 4, 3, 2, 3, 2, 4, 2, 4, 1, 3, 4, 4, 4, 2, 2, 3, 1, 4, 2]|[0, 2, 0, 0, 3, 0, 1, 3, 0, 0, 2, 0, 1, 0, 1, 0, 0, 0, 1, 0, 0, 2, 0, 0, 1, 0, 0, 3, 0, 1, 0, 2, 0, 1, 3, 0, 1, 3, 1, 0, 0, 0, 1, 3, 0, 0, 1, 0, 2, 0, 0, 0, 0, 0, 1, 0, 1, 0, 1, 1, 0, 2, 0, 0, 0, 0, 0, 0, 0, 2, 0, 0, 1, 0, 0, 1, 0, 0, 3, 0, 0, 1, 0, 0, 0, 0, 3, 0, 2, 0, 0, 2, 1, 3, 0, 0, 0, 0, 1, 0],888.9916659252635,51447.247497468765,107174.38429243141,false
27,G2_TEC,G2_TEC,[31, 22, 82, 15, 26, 9, 95, 42, 77, 68, 47, 5, 93, 78, 86, 54, 85, 63, 18, 44, 20, 49, 36, 14, 74, 50, 53, 17, 21, 28, 11, 64, 3, 23, 30, 83, 24, 41, 40, 52, 65, 27, 90, 70, 39, 87, 48, 69, 99, 4, 46, 1, 13, 58, 97, 59, 45, 8, 73, 37, 35, 79, 71, 66, 76, 32, 60, 80, 96, 6, 16, 61, 33, 7, 57, 34, 12, 67, 10, 98, 56, 88, 43, 75, 91, 38, 19, 92, 29, 84, 2, 72, 81, 25, 51, 55, 62, 89, 94, 0]|[2, 1, 2, 1, 1, 2, 1, 1, 1, 1, 1, 0, 2, 2, 1, 2, 0, 0, 0, 2, 2, 1, 0, 2, 0, 2, 2, 1, 0, 1, 1, 1, 0, 0, 1, 0, 2, 1, 2, 2, 0, 0, 1, 1, 0, 2, 0, 2, 1, 0, 0, 2, 0, 0, 2, 0, 1, 1, 0, 0, 2, 1, 1, 2, 2, 0, 2, 2, 0, 1, 2, 1, 1, 2, 0, 1, 1, 1, 1, 2, 2, 1, 1, 0, 1, 0, 1, 0, 1, 0, 2, 1, 1, 1, 1, 0, 1, 1, 2, 0]|[0, 3, 0, 3, 4, 1, 4, 4, 2, 4, 3, 2, 1, 0, 2, 1, 1, 1, 2, 1, 1, 3, 0, 1, 0, 1, 1, 4, 1, 4, 3, 2, 2, 0, 4, 1, 1, 4, 1, 1, 2, 1, 4, 4, 1, 1, 0, 2, 3, 2, 2, 1, 2, 1, 1, 2, 4, 3, 0, 2, 2, 3, 3, 0, 1, 2, 1, 1, 2, 4, 1, 3, 4, 1, 2, 4, 3, 3, 3, 1, 1, 4, 4, 2, 3, 2, 4, 2, 3, 2, 1, 4, 4, 4, 3, 2, 3, 4, 1, 2]|[0, 2, 0, 0, 3, 0, 1, 3, 0, 0, 2, 0, 1, 0, 1, 0, 0, 0, 1, 0, 0, 2, 0, 0, 1, 0, 0, 3, 0, 1, 0, 2, 0, 0, 3, 0, 1, 3, 0, 0, 0, 0, 1, 3, 0, 0, 1, 0, 2, 0, 0, 0, 0, 0, 1, 0, 1, 0, 1, 1, 0, 2, 0, 0, 0, 0, 0, 0, 0, 2, 0, 0, 1, 0, 0, 1, 0, 0, 3, 0, 0, 1, 2, 0, 0, 0, 1, 0, 3, 0, 0, 2, 1, 3, 0, 0, 0, 1, 0, 0],884.1935202920454,50174.268870086526,113547.00447605085,false
27,G3_TWC,G3_TWC,[31, 22, 82, 15, 26, 58, 95, 42, 77, 12, 47, 5, 93, 78, 98, 54, 85, 63, 18, 44, 20, 35, 43, 97, 91, 76, 10, 30, 21, 45, 71, 64, 1, 23, 17, 83, 24, 14, 60, 36, 6, 57, 94, 88, 65, 56, 79, 40, 67, 68, 46, 75, 38, 9, 19, 32, 81, 41, 27, 62, 87, 90, 99, 59, 11, 16, 72, 73, 70, 39, 37, 84, 3, 92, 25, 55, 28, 29, 51, 7, 33, 61, 86, 66, 89, 50, 48, 96, 53, 8, 80, 4, 34, 49, 52, 0, 13, 69, 2, 74]|[1, 1, 0, 1, 1, 1, 2, 1, 2, 1, 2, 2, 2, 1, 1, 0, 0, 1, 0, 2, 2, 0, 1, 2, 0, 1, 2, 2, 0, 0, 1, 2, 1, 2, 1, 0, 2, 0, 1, 1, 0, 1, 1, 1, 0, 2, 1, 1, 0, 0, 0, 0, 1, 1, 2, 1, 2, 0, 0, 0, 2, 1, 0, 1, 2, 1, 2, 1, 1, 1, 1, 1, 1, 0, 1, 1, 0, 0, 0, 1, 2, 1, 0, 2, 1, 0, 0, 0, 0, 1, 0, 0, 2, 0, 1, 0, 0, 1, 0, 2]|[4, 3, 2, 2, 0, 0, 2, 2, 2, 4, 1, 1, 2, 4, 4, 1, 2, 4, 2, 1, 1, 1, 1, 2, 1, 2, 1, 1, 1, 1, 3, 2, 3, 0, 4, 0, 1, 1, 0, 3, 2, 2, 4, 0, 1, 1, 0, 2, 0, 1, 2, 2, 1, 4, 0, 3, 2, 1, 1, 2, 1, 3, 1, 1, 1, 3, 0, 4, 3, 1, 4, 1, 1, 2, 4, 4, 2, 1, 1, 3, 1, 3, 1, 1, 1, 1, 1, 1, 2, 3, 1, 2, 1, 1, 1, 2, 2, 3, 2, 1]|[0, 2, 1, 1, 3, 3, 0, 1, 0, 0, 0, 0, 1, 0, 1, 0, 0, 3, 1, 0, 0, 0, 3, 1, 0, 2, 0, 0, 0, 1, 0, 0, 0, 0, 3, 0, 1, 0, 0, 2, 1, 1, 2, 0, 0, 0, 0, 1, 1, 0, 0, 0, 1, 3, 0, 0, 1, 0, 0, 1, 0, 2, 0, 1, 0, 2, 1, 0, 0, 1, 1, 3, 1, 1, 3, 3, 1, 0, 0, 2, 0, 0, 0, 0, 1, 0, 0, 0, 1, 2, 0, 1, 0, 1, 1, 0, 0, 0, 0, 0],802.1274951829081,57956.38699448537,89691.2003308727,false
27,G1_CMAX,G4_BALANCED,[31, 22, 82, 15, 26, 9, 95, 42, 77, 68, 47, 48, 5, 93, 78, 86, 54, 85, 63, 18, 44, 20, 49, 36, 14, 74, 50, 53, 17, 21, 28, 71, 64, 3, 23, 30, 83, 24, 41, 60, 52, 65, 27, 90, 70, 39, 87, 69, 99, 4, 46, 1, 13, 58, 97, 59, 45, 8, 73, 37, 35, 79, 11, 66, 76, 32, 40, 80, 96, 6, 16, 61, 19, 7, 57, 34, 12, 67, 10, 98, 56, 88, 91, 75, 29, 38, 33, 92, 43, 84, 51, 72, 81, 25, 2, 55, 62, 89, 94, 0]|[2, 1, 2, 1, 1, 2, 1, 1, 1, 1, 1, 0, 0, 2, 2, 1, 2, 0, 0, 0, 2, 2, 1, 0, 2, 0, 2, 2, 1, 0, 1, 1, 1, 0, 0, 1, 0, 2, 1, 2, 2, 0, 0, 1, 1, 0, 2, 2, 1, 0, 0, 2, 0, 0, 2, 0, 1, 1, 0, 0, 2, 1, 0, 2, 2, 0, 2, 2, 0, 1, 2, 1, 2, 2, 0, 1, 1, 1, 1, 2, 2, 1, 1, 0, 1, 0, 1, 0, 1, 0, 1, 1, 1, 1, 2, 0, 1, 1, 1, 0]|[0, 3, 0, 3, 4, 1, 4, 4, 2, 4, 3, 0, 2, 1, 0, 2, 1, 1, 1, 2, 1, 1, 3, 0, 1, 0, 1, 1, 4, 1, 4, 3, 2, 2, 0, 4, 1, 1, 4, 0, 1, 2, 1, 4, 4, 1, 1, 2, 3, 1, 2, 1, 2, 1, 1, 2, 4, 3, 0, 2, 2, 3, 1, 0, 1, 2, 0, 1, 2, 4, 1, 3, 1, 1, 2, 4, 3, 3, 3, 1, 1, 4, 3, 2, 3, 2, 4, 2, 4, 2, 3, 4, 1, 4, 1, 2, 3, 4, 4, 2]|[0, 2, 0, 0, 3, 0, 1, 3, 0, 0, 2, 1, 0, 1, 0, 1, 0, 0, 0, 1, 0, 0, 2, 0, 0, 1, 0, 0, 3, 0, 1, 0, 2, 0, 1, 3, 0, 1, 3, 1, 0, 0, 0, 1, 3, 0, 0, 0, 2, 0, 0, 0, 0, 0, 1, 0, 1, 0, 1, 1, 0, 2, 0, 0, 0, 0, 0, 0, 0, 2, 0, 0, 0, 0, 0, 1, 0, 0, 3, 0, 0, 1, 0, 0, 0, 0, 1, 0, 2, 0, 0, 2, 1, 3, 0, 0, 0, 1, 2, 0],859.7899275769614,51682.99224237402,106830.35001436771,true
27,G4_BALANCED,G4_BALANCED,[31, 22, 82, 15, 26, 9, 95, 42, 77, 68, 47, 5, 93, 78, 86, 54, 85, 63, 18, 44, 20, 49, 36, 14, 74, 50, 53, 17, 21, 28, 71, 64, 3, 23, 30, 83, 24, 41, 60, 52, 65, 27, 90, 70, 39, 87, 48, 69, 99, 4, 46, 1, 13, 58, 97, 59, 45, 8, 73, 37, 35, 79, 11, 66, 76, 32, 40, 80, 96, 6, 16, 61, 33, 7, 57, 34, 12, 67, 10, 98, 56, 88, 29, 75, 91, 38, 19, 92, 43, 2, 51, 72, 89, 25, 84, 55, 62, 94, 81, 0]|[2, 1, 2, 1, 1, 2, 1, 1, 1, 1, 1, 0, 2, 2, 1, 2, 0, 0, 0, 2, 2, 1, 0, 2, 0, 2, 2, 1, 0, 1, 1, 1, 0, 0, 1, 0, 2, 1, 2, 2, 0, 0, 1, 1, 0, 2, 0, 2, 1, 0, 0, 2, 0, 0, 2, 0, 1, 1, 0, 0, 2, 1, 0, 2, 2, 0, 2, 2, 0, 1, 2, 1, 1, 2, 0, 1, 1, 1, 1, 2, 2, 1, 1, 0, 1, 0, 1, 0, 1, 2, 1, 1, 1, 1, 0, 0, 1, 2, 1, 0]|[0, 3, 0, 3, 4, 1, 4, 4, 2, 4, 3, 2, 1, 0, 2, 1, 1, 1, 2, 1, 1, 3, 0, 1, 0, 1, 1, 4, 1, 4, 3, 2, 2, 0, 4, 1, 1, 4, 0, 1, 2, 1, 4, 4, 2, 1, 0, 2, 3, 1, 2, 1, 2, 1, 1, 2, 4, 3, 0, 2, 2, 3, 1, 0, 1, 2, 1, 1, 2, 4, 1, 3, 4, 1, 2, 4, 3, 3, 3, 1, 1, 4, 3, 2, 3, 2, 4, 2, 4, 1, 3, 4, 4, 4, 2, 2, 3, 1, 4, 2]|[0, 2, 0, 0, 3, 0, 1, 3, 0, 0, 2, 0, 1, 0, 1, 0, 0, 0, 1, 0, 0, 2, 0, 0, 1, 0, 0, 3, 0, 1, 0, 2, 0, 1, 3, 0, 1, 3, 1, 0, 0, 0, 1, 3, 0, 0, 1, 0, 2, 0, 0, 0, 0, 0, 1, 0, 1, 0, 1, 1, 0, 2, 0, 0, 0, 0, 0, 0, 0, 2, 0, 0, 1, 0, 0, 1, 0, 0, 3, 0, 0, 1, 0, 0, 0, 0, 3, 0, 2, 0, 0, 2, 1, 3, 0, 0, 0, 0, 1, 0],888.9916659252635,51447.247497468765,107174.38429243141,false
27,G2_TEC,G2_TEC,[31, 22, 82, 15, 26, 9, 95, 42, 77, 68, 47, 5, 93, 78, 86, 54, 85, 63, 18, 44, 20, 49, 36, 14, 74, 50, 53, 17, 21, 28, 11, 64, 3, 23, 30, 83, 24, 41, 40, 52, 65, 27, 90, 70, 39, 87, 48, 69, 99, 4, 46, 1, 13, 58, 97, 59, 45, 8, 73, 37, 35, 79, 71, 66, 76, 32, 60, 80, 96, 6, 16, 61, 33, 7, 57, 34, 12, 67, 10, 98, 56, 88, 43, 75, 91, 38, 19, 92, 29, 84, 2, 72, 81, 25, 51, 55, 62, 89, 94, 0]|[2, 1, 2, 1, 1, 2, 1, 1, 1, 1, 1, 0, 2, 2, 1, 2, 0, 0, 0, 2, 2, 1, 0, 2, 0, 2, 2, 1, 0, 1, 1, 1, 0, 0, 1, 0, 2, 1, 2, 2, 0, 0, 1, 1, 0, 2, 0, 2, 1, 0, 0, 2, 0, 0, 2, 0, 1, 1, 0, 0, 2, 1, 1, 2, 2, 0, 2, 2, 0, 1, 2, 1, 1, 2, 0, 1, 1, 1, 1, 2, 2, 1, 1, 0, 1, 0, 1, 0, 1, 0, 2, 1, 1, 1, 1, 0, 1, 1, 2, 0]|[0, 3, 0, 3, 4, 1, 4, 4, 2, 4, 3, 2, 1, 0, 2, 1, 1, 1, 2, 1, 1, 3, 0, 1, 0, 1, 1, 4, 1, 4, 3, 2, 2, 0, 4, 1, 1, 4, 1, 1, 2, 1, 4, 4, 1, 1, 0, 2, 3, 2, 2, 1, 2, 1, 1, 2, 4, 3, 0, 2, 2, 3, 3, 0, 1, 2, 1, 1, 2, 4, 1, 3, 4, 1, 2, 4, 3, 3, 3, 1, 1, 4, 4, 2, 3, 2, 4, 2, 3, 2, 1, 4, 4, 4, 3, 2, 3, 4, 1, 2]|[0, 2, 0, 0, 3, 0, 1, 3, 0, 0, 2, 0, 1, 0, 1, 0, 0, 0, 1, 0, 0, 2, 0, 0, 1, 0, 0, 3, 0, 1, 0, 2, 0, 0, 3, 0, 1, 3, 0, 0, 0, 0, 1, 3, 0, 0, 1, 0, 2, 0, 0, 0, 0, 0, 1, 0, 1, 0, 1, 1, 0, 2, 0, 0, 0, 0, 0, 0, 0, 2, 0, 0, 1, 0, 0, 1, 0, 0, 3, 0, 0, 1, 2, 0, 0, 0, 1, 0, 3, 0, 0, 2, 1, 3, 0, 0, 0, 1, 0, 0],884.1935202920454,50174.268870086526,113547.00447605085,false
27,G3_TWC,G3_TWC,[31, 22, 82, 15, 26, 58, 95, 42, 77, 12, 47, 5, 93, 78, 98, 54, 85, 63, 18, 44, 20, 35, 43, 97, 91, 76, 10, 30, 21, 45, 71, 64, 1, 23, 17, 83, 24, 14, 60, 36, 6, 57, 94, 88, 65, 56, 79, 40, 67, 68, 46, 75, 38, 9, 19, 32, 81, 41, 27, 62, 87, 90, 99, 59, 11, 16, 72, 73, 70, 39, 37, 84, 3, 92, 25, 55, 28, 29, 51, 7, 33, 61, 86, 66, 89, 50, 48, 96, 53, 8, 80, 4, 34, 49, 52, 0, 13, 69, 2, 74]|[1, 1, 0, 1, 1, 1, 2, 1, 2, 1, 2, 2, 2, 1, 1, 0, 0, 1, 0, 2, 2, 0, 1, 2, 0, 1, 2, 2, 0, 0, 1, 2, 1, 2, 1, 0, 2, 0, 1, 1, 0, 1, 1, 1, 0, 2, 1, 1, 0, 0, 0, 0, 1, 1, 2, 1, 2, 0, 0, 0, 2, 1, 0, 1, 2, 1, 2, 1, 1, 1, 1, 1, 1, 0, 1, 1, 0, 0, 0, 1, 2, 1, 0, 2, 1, 0, 0, 0, 0, 1, 0, 0, 2, 0, 1, 0, 0, 1, 0, 2]|[4, 3, 2, 2, 0, 0, 2, 2, 2, 4, 1, 1, 2, 4, 4, 1, 2, 4, 2, 1, 1, 1, 1, 2, 1, 2, 1, 1, 1, 1, 3, 2, 3, 0, 4, 0, 1, 1, 0, 3, 2, 2, 4, 0, 1, 1, 0, 2, 0, 1, 2, 2, 1, 4, 0, 3, 2, 1, 1, 2, 1, 3, 1, 1, 1, 3, 0, 4, 3, 1, 4, 1, 1, 2, 4, 4, 2, 1, 1, 3, 1, 3, 1, 1, 1, 1, 1, 1, 2, 3, 1, 2, 1, 1, 1, 2, 2, 3, 2, 1]|[0, 2, 1, 1, 3, 3, 0, 1, 0, 0, 0, 0, 1, 0, 1, 0, 0, 3, 1, 0, 0, 0, 3, 1, 0, 2, 0, 0, 0, 1, 0, 0, 0, 0, 3, 0, 1, 0, 0, 2, 1, 1, 2, 0, 0, 0, 0, 1, 1, 0, 0, 0, 1, 3, 0, 0, 1, 0, 0, 1, 0, 2, 0, 1, 0, 2, 1, 0, 0, 1, 1, 3, 1, 1, 3, 3, 1, 0, 0, 2, 0, 0, 0, 0, 1, 0, 0, 0, 1, 2, 0, 1, 0, 1, 1, 0, 0, 0, 0, 0],802.1274951829081,57956.38699448537,89691.2003308727,false
27,G1_CMAX,G4_BALANCED,[31, 22, 82, 15, 26, 9, 95, 42, 77, 68, 47, 48, 5, 93, 78, 86, 54, 85, 63, 18, 44, 20, 49, 36, 14, 74, 50, 53, 17, 21, 28, 71, 64, 3, 23, 30, 83, 24, 41, 60, 52, 65, 27, 90, 70, 39, 87, 69, 99, 4, 46, 1, 13, 58, 97, 59, 45, 8, 73, 37, 35, 79, 11, 66, 76, 32, 40, 80, 96, 6, 16, 61, 19, 7, 57, 34, 12, 67, 10, 98, 56, 88, 91, 75, 29, 38, 33, 92, 43, 84, 51, 72, 81, 25, 2, 55, 62, 89, 94, 0]|[2, 1, 2, 1, 1, 2, 1, 1, 1, 1, 1, 0, 0, 2, 2, 1, 2, 0, 0, 0, 2, 2, 1, 0, 2, 0, 2, 2, 1, 0, 1, 1, 1, 0, 0, 1, 0, 2, 1, 2, 2, 0, 0, 1, 1, 0, 2, 2, 1, 0, 0, 2, 0, 0, 2, 0, 1, 1, 0, 0, 2, 1, 0, 2, 2, 0, 2, 2, 0, 1, 2, 1, 2, 2, 0, 1, 1, 1, 1, 2, 2, 1, 1, 0, 1, 0, 1, 0, 1, 0, 1, 1, 1, 1, 2, 0, 1, 1, 1, 0]|[0, 3, 0, 3, 4, 1, 4, 4, 2, 4, 3, 0, 2, 1, 0, 2, 1, 1, 1, 2, 1, 1, 3, 0, 1, 0, 1, 1, 4, 1, 4, 3, 2, 2, 0, 4, 1, 1, 4, 0, 1, 2, 1, 4, 4, 1, 1, 2, 3, 1, 2, 1, 2, 1, 1, 2, 4, 3, 0, 2, 2, 3, 1, 0, 1, 2, 0, 1, 2, 4, 1, 3, 1, 1, 2, 4, 3, 3, 3, 1, 1, 4, 3, 2, 3, 2, 4, 2, 4, 2, 3, 4, 1, 4, 1, 2, 3, 4, 4, 2]|[0, 2, 0, 0, 3, 0, 1, 3, 0, 0, 2, 1, 0, 1, 0, 1, 0, 0, 0, 1, 0, 0, 2, 0, 0, 1, 0, 0, 3, 0, 1, 0, 2, 0, 1, 3, 0, 1, 3, 1, 0, 0, 0, 1, 3, 0, 0, 0, 2, 0, 0, 0, 0, 0, 1, 0, 1, 0, 1, 1, 0, 2, 0, 0, 0, 0, 0, 0, 0, 2, 0, 0, 0, 0, 0, 1, 0, 0, 3, 0, 0, 1, 0, 0, 0, 0, 1, 0, 2, 0, 0, 2, 1, 3, 0, 0, 0, 1, 2, 0],859.7899275769614,51682.99224237402,106830.35001436771,true
27,G4_BALANCED,G4_BALANCED,[31, 22, 82, 15, 26, 9, 95, 42, 77, 68, 47, 5, 93, 78, 86, 54, 85, 63, 18, 44, 20, 49, 36, 14, 74, 50, 53, 17, 21, 28, 71, 64, 3, 23, 30, 83, 24, 41, 60, 52, 65, 27, 90, 70, 39, 87, 48, 69, 99, 4, 46, 1, 13, 58, 97, 59, 45, 8, 73, 37, 35, 79, 11, 66, 76, 32, 40, 80, 96, 6, 16, 61, 33, 7, 57, 34, 12, 67, 10, 98, 56, 88, 43, 75, 91, 38, 19, 92, 29, 84, 51, 72, 89, 25, 2, 55, 62, 81, 94, 0]|[2, 1, 2, 1, 1, 2, 1, 1, 1, 1, 1, 0, 2, 2, 1, 2, 0, 0, 0, 2, 2, 1, 0, 2, 0, 2, 2, 1, 0, 1, 1, 1, 0, 0, 1, 0, 2, 1, 2, 2, 0, 0, 1, 1, 0, 2, 0, 2, 1, 0, 0, 2, 0, 0, 2, 0, 1, 1, 0, 0, 2, 1, 0, 2, 2, 0, 2, 2, 0, 1, 2, 1, 1, 2, 0, 1, 1, 1, 1, 2, 2, 1, 1, 0, 1, 0, 1, 0, 1, 0, 1, 1, 1, 1, 2, 0, 1, 1, 2, 0]|[0, 3, 0, 3, 4, 1, 4, 4, 2, 4, 3, 2, 1, 0, 2, 1, 1, 1, 2, 1, 1, 3, 0, 1, 0, 1, 1, 4, 1, 4, 3, 2, 2, 0, 4, 1, 1, 4, 0, 1, 2, 1, 4, 4, 2, 1, 0, 2, 3, 2, 2, 1, 2, 1, 1, 2, 4, 3, 0, 2, 2, 3, 1, 0, 1, 2, 1, 1, 2, 4, 1, 3, 4, 1, 2, 4, 3, 3, 3, 1, 1, 4, 4, 2, 3, 2, 4, 2, 3, 2, 3, 4, 4, 4, 1, 2, 3, 4, 1, 2]|[0, 2, 0, 0, 3, 0, 1, 3, 0, 0, 2, 0, 1, 0, 1, 0, 0, 0, 1, 0, 0, 2, 0, 0, 1, 0, 0, 3, 0, 1, 0, 2, 0, 1, 3, 0, 1, 3, 1, 0, 0, 0, 1, 3, 0, 0, 1, 0, 2, 0, 0, 0, 0, 0, 1, 0, 1, 0, 1, 1, 0, 2, 0, 0, 0, 0, 0, 0, 0, 2, 0, 0, 1, 0, 0, 1, 0, 0, 3, 0, 0, 1, 2, 0, 0, 0, 3, 0, 0, 0, 0, 2, 1, 3, 0, 0, 0, 1, 0, 0],881.3078588911275,51181.665227954974,107039.7203635026,false
27,G2_TEC,G2_TEC,[31, 22, 82, 15, 26, 9, 95, 42, 77, 68, 47, 5, 93, 78, 86, 54, 85, 63, 18, 44, 20, 49, 36, 14, 74, 50, 53, 17, 21, 28, 11, 64, 3, 23, 30, 83, 24, 41, 40, 52, 65, 27, 90, 70, 39, 87, 48, 69, 99, 4, 46, 1, 13, 58, 97, 59, 45, 8, 73, 37, 35, 79, 71, 66, 76, 32, 60, 80, 96, 6, 16, 61, 33, 7, 57, 34, 12, 67, 10, 98, 56, 88, 43, 75, 91, 38, 19, 92, 29, 84, 2, 72, 81, 25, 51, 55, 62, 89, 94, 0]|[2, 1, 2, 1, 1, 2, 1, 1, 1, 1, 1, 0, 2, 2, 1, 2, 0, 0, 0, 2, 2, 1, 0, 2, 0, 2, 2, 1, 0, 1, 1, 1, 0, 0, 1, 0, 2, 1, 2, 2, 0, 0, 1, 1, 0, 2, 0, 2, 1, 0, 0, 2, 0, 0, 2, 0, 1, 1, 0, 0, 2, 1, 1, 2, 2, 0, 2, 2, 0, 1, 2, 1, 1, 2, 0, 1, 1, 1, 1, 2, 2, 1, 1, 0, 1, 0, 1, 0, 1, 0, 2, 1, 1, 1, 1, 0, 1, 1, 2, 0]|[0, 3, 0, 3, 4, 1, 4, 4, 2, 4, 3, 2, 1, 0, 2, 1, 1, 1, 2, 1, 1, 3, 0, 1, 0, 1, 1, 4, 1, 4, 3, 2, 2, 0, 4, 1, 1, 4, 1, 1, 2, 1, 4, 4, 1, 1, 0, 2, 3, 2, 2, 1, 2, 1, 1, 2, 4, 3, 0, 2, 2, 3, 3, 0, 1, 2, 1, 1, 2, 4, 1, 3, 4, 1, 2, 4, 3, 3, 3, 1, 1, 4, 4, 2, 3, 2, 4, 2, 3, 2, 1, 4, 4, 4, 3, 2, 3, 4, 1, 2]|[0, 2, 0, 0, 3, 0, 1, 3, 0, 0, 2, 0, 1, 0, 1, 0, 0, 0, 1, 0, 0, 2, 0, 0, 1, 0, 0, 3, 0, 1, 0, 2, 0, 0, 3, 0, 1, 3, 0, 0, 0, 0, 1, 3, 0, 0, 1, 0, 2, 0, 0, 0, 0, 0, 1, 0, 1, 0, 1, 1, 0, 2, 0, 0, 0, 0, 0, 0, 0, 2, 0, 0, 1, 0, 0, 1, 0, 0, 3, 0, 0, 1, 2, 0, 0, 0, 1, 0, 3, 0, 0, 2, 1, 3, 0, 0, 0, 1, 0, 0],884.1935202920454,50174.268870086526,113547.00447605085,false
27,G3_TWC,G3_TWC,[31, 22, 82, 15, 26, 58, 95, 42, 77, 12, 47, 5, 93, 78, 98, 54, 85, 63, 18, 44, 20, 35, 43, 97, 91, 76, 10, 30, 21, 45, 71, 64, 1, 23, 17, 83, 24, 14, 60, 36, 6, 57, 94, 88, 65, 56, 79, 40, 67, 68, 46, 75, 38, 9, 19, 32, 81, 41, 27, 62, 87, 90, 99, 59, 11, 16, 72, 73, 70, 39, 37, 84, 3, 92, 25, 55, 28, 29, 51, 7, 33, 61, 86, 66, 89, 50, 48, 96, 53, 8, 80, 4, 34, 49, 52, 0, 13, 69, 2, 74]|[1, 1, 0, 1, 1, 1, 2, 1, 2, 1, 2, 2, 2, 1, 1, 0, 0, 1, 0, 2, 2, 0, 1, 2, 0, 1, 2, 2, 0, 0, 1, 2, 1, 2, 1, 0, 2, 0, 1, 1, 0, 1, 1, 1, 0, 2, 1, 1, 0, 0, 0, 0, 1, 1, 2, 1, 2, 0, 0, 0, 2, 1, 0, 1, 2, 1, 2, 1, 1, 1, 1, 1, 1, 0, 1, 1, 0, 0, 0, 1, 2, 1, 0, 2, 1, 0, 0, 0, 0, 1, 0, 0, 2, 0, 1, 0, 0, 1, 0, 2]|[4, 3, 2, 2, 0, 0, 2, 2, 2, 4, 1, 1, 2, 4, 4, 1, 2, 4, 2, 1, 1, 1, 1, 2, 1, 2, 1, 1, 1, 1, 3, 2, 3, 0, 4, 0, 1, 1, 0, 3, 2, 2, 4, 0, 1, 1, 0, 2, 0, 1, 2, 2, 1, 4, 0, 3, 2, 1, 1, 2, 1, 3, 1, 1, 1, 3, 0, 4, 3, 1, 4, 1, 1, 2, 4, 4, 2, 1, 1, 3, 1, 3, 1, 1, 1, 1, 1, 1, 2, 3, 1, 2, 1, 1, 1, 2, 2, 3, 2, 1]|[0, 2, 1, 1, 3, 3, 0, 1, 0, 0, 0, 0, 1, 0, 1, 0, 0, 3, 1, 0, 0, 0, 3, 1, 0, 2, 0, 0, 0, 1, 0, 0, 0, 0, 3, 0, 1, 0, 0, 2, 1, 1, 2, 0, 0, 0, 0, 1, 1, 0, 0, 0, 1, 3, 0, 0, 1, 0, 0, 1, 0, 2, 0, 1, 0, 2, 1, 0, 0, 1, 1, 3, 1, 1, 3, 3, 1, 0, 0, 2, 0, 0, 0, 0, 1, 0, 0, 0, 1, 2, 0, 1, 0, 1, 1, 0, 0, 0, 0, 0],802.1274951829081,57956.38699448537,89691.2003308727,false
27,G1_CMAX,G4_BALANCED,[31, 22, 82, 15, 26, 9, 95, 42, 77, 68, 47, 48, 5, 93, 78, 86, 54, 85, 63, 18, 44, 20, 49, 36, 14, 74, 50, 53, 17, 21, 28, 71, 64, 3, 23, 30, 83, 24, 41, 60, 52, 65, 27, 90, 70, 39, 87, 69, 99, 4, 46, 1, 13, 58, 97, 59, 45, 8, 73, 37, 35, 79, 11, 66, 76, 32, 40, 80, 96, 6, 16, 61, 19, 7, 57, 34, 12, 67, 10, 98, 56, 88, 91, 75, 29, 38, 33, 92, 43, 84, 51, 72, 81, 25, 2, 55, 62, 89, 94, 0]|[2, 1, 2, 1, 1, 2, 1, 1, 1, 1, 1, 0, 0, 2, 2, 1, 2, 0, 0, 0, 2, 2, 1, 0, 2, 0, 2, 2, 1, 0, 1, 1, 1, 0, 0, 1, 0, 2, 1, 2, 2, 0, 0, 1, 1, 0, 2, 2, 1, 0, 0, 2, 0, 0, 2, 0, 1, 1, 0, 0, 2, 1, 0, 2, 2, 0, 2, 2, 0, 1, 2, 1, 2, 2, 0, 1, 1, 1, 1, 2, 2, 1, 1, 0, 1, 0, 1, 0, 1, 0, 1, 1, 1, 1, 2, 0, 1, 1, 1, 0]|[0, 3, 0, 3, 4, 1, 4, 4, 2, 4, 3, 0, 2, 1, 0, 2, 1, 1, 1, 2, 1, 1, 3, 0, 1, 0, 1, 1, 4, 1, 4, 3, 2, 2, 0, 4, 1, 1, 4, 0, 1, 2, 1, 4, 4, 1, 1, 2, 3, 1, 2, 1, 2, 1, 1, 2, 4, 3, 0, 2, 2, 3, 1, 0, 1, 2, 0, 1, 2, 4, 1, 3, 1, 1, 2, 4, 3, 3, 3, 1, 1, 4, 3, 2, 3, 2, 4, 2, 4, 2, 3, 4, 1, 4, 1, 2, 3, 4, 4, 2]|[0, 2, 0, 0, 3, 0, 1, 3, 0, 0, 2, 1, 0, 1, 0, 1, 0, 0, 0, 1, 0, 0, 2, 0, 0, 1, 0, 0, 3, 0, 1, 0, 2, 0, 1, 3, 0, 1, 3, 1, 0, 0, 0, 1, 3, 0, 0, 0, 2, 0, 0, 0, 0, 0, 1, 0, 1, 0, 1, 1, 0, 2, 0, 0, 0, 0, 0, 0, 0, 2, 0, 0, 0, 0, 0, 1, 0, 0, 3, 0, 0, 1, 0, 0, 0, 0, 1, 0, 2, 0, 0, 2, 1, 3, 0, 0, 0, 1, 2, 0],859.7899275769614,51682.99224237402,106830.35001436771,true
27,G4_BALANCED,G4_BALANCED,[31, 22, 82, 15, 26, 9, 95, 42, 77, 68, 47, 5, 93, 78, 86, 54, 85, 63, 18, 44, 20, 49, 36, 14, 74, 50, 53, 17, 21, 28, 71, 64, 3, 23, 30, 83, 24, 41, 60, 52, 65, 27, 90, 70, 39, 87, 48, 69, 99, 4, 46, 1, 13, 58, 97, 59, 45, 8, 73, 37, 35, 79, 11, 66, 76, 32, 40, 80, 96, 6, 16, 61, 33, 7, 57, 34, 12, 67, 10, 98, 56, 88, 43, 75, 91, 38, 19, 92, 29, 84, 51, 72, 89, 25, 2, 55, 62, 81, 94, 0]|[2, 1, 2, 1, 1, 2, 1, 1, 1, 1, 1, 0, 2, 2, 1, 2, 0, 0, 0, 2, 2, 1, 0, 2, 0, 2, 2, 1, 0, 1, 1, 1, 0, 0, 1, 0, 2, 1, 2, 2, 0, 0, 1, 1, 0, 2, 0, 2, 1, 0, 0, 2, 0, 0, 2, 0, 1, 1, 0, 0, 2, 1, 0, 2, 2, 0, 2, 2, 0, 1, 2, 1, 1, 2, 0, 1, 1, 1, 1, 2, 2, 1, 1, 0, 1, 0, 1, 0, 1, 0, 1, 1, 1, 1, 2, 0, 1, 1, 2, 0]|[0, 3, 0, 3, 4, 1, 4, 4, 2, 4, 3, 2, 1, 0, 2, 1, 1, 1, 2, 1, 1, 3, 0, 1, 0, 1, 1, 4, 1, 4, 3, 2, 2, 0, 4, 1, 1, 4, 0, 1, 2, 1, 4, 4, 2, 1, 0, 2, 3, 2, 2, 1, 2, 1, 1, 2, 4, 3, 0, 2, 2, 3, 1, 0, 1, 2, 1, 1, 2, 4, 1, 3, 4, 1, 2, 4, 3, 3, 3, 1, 1, 4, 4, 2, 3, 2, 4, 2, 3, 2, 3, 4, 4, 4, 1, 2, 3, 4, 1, 2]|[0, 2, 0, 0, 3, 0, 1, 3, 0, 0, 2, 0, 1, 0, 1, 0, 0, 0, 1, 0, 0, 2, 0, 0, 1, 0, 0, 3, 0, 1, 0, 2, 0, 1, 3, 0, 1, 3, 1, 0, 0, 0, 1, 3, 0, 0, 1, 0, 2, 0, 0, 0, 0, 0, 1, 0, 1, 0, 1, 1, 0, 2, 0, 0, 0, 0, 0, 0, 0, 2, 0, 0, 1, 0, 0, 1, 0, 0, 3, 0, 0, 1, 2, 0, 0, 0, 3, 0, 0, 0, 0, 2, 1, 3, 0, 0, 0, 1, 0, 0],881.3078588911275,51181.665227954974,107039.7203635026,false
27,G2_TEC,G2_TEC,[31, 22, 82, 15, 26, 9, 95, 42, 77, 68, 47, 5, 93, 78, 86, 54, 85, 63, 18, 44, 20, 49, 36, 14, 74, 50, 53, 17, 21, 28, 11, 64, 3, 23, 30, 83, 24, 41, 40, 52, 65, 27, 90, 70, 39, 87, 48, 69, 99, 4, 46, 1, 13, 58, 97, 59, 45, 8, 73, 37, 35, 79, 71, 66, 76, 32, 60, 80, 96, 6, 16, 61, 33, 7, 57, 34, 12, 67, 10, 98, 56, 88, 43, 75, 91, 38, 19, 92, 29, 84, 2, 72, 81, 25, 51, 55, 62, 89, 94, 0]|[2, 1, 2, 1, 1, 2, 1, 1, 1, 1, 1, 0, 2, 2, 1, 2, 0, 0, 0, 2, 2, 1, 0, 2, 0, 2, 2, 1, 0, 1, 1, 1, 0, 0, 1, 0, 2, 1, 2, 2, 0, 0, 1, 1, 0, 2, 0, 2, 1, 0, 0, 2, 0, 0, 2, 0, 1, 1, 0, 0, 2, 1, 1, 2, 2, 0, 2, 2, 0, 1, 2, 1, 1, 2, 0, 1, 1, 1, 1, 2, 2, 1, 1, 0, 1, 0, 1, 0, 1, 0, 2, 1, 1, 1, 1, 0, 1, 1, 2, 0]|[0, 3, 0, 3, 4, 1, 4, 4, 2, 4, 3, 2, 1, 0, 2, 1, 1, 1, 2, 1, 1, 3, 0, 1, 0, 1, 1, 4, 1, 4, 3, 2, 2, 0, 4, 1, 1, 4, 1, 1, 2, 1, 4, 4, 1, 1, 0, 2, 3, 2, 2, 1, 2, 1, 1, 2, 4, 3, 0, 2, 2, 3, 3, 0, 1, 2, 1, 1, 2, 4, 1, 3, 4, 1, 2, 4, 3, 3, 3, 1, 1, 4, 4, 2, 3, 2, 4, 2, 3, 2, 1, 4, 4, 4, 3, 2, 3, 4, 1, 2]|[0, 2, 0, 0, 3, 0, 1, 3, 0, 0, 2, 0, 1, 0, 1, 0, 0, 0, 1, 0, 0, 2, 0, 0, 1, 0, 0, 3, 0, 1, 0, 2, 0, 0, 3, 0, 1, 3, 0, 0, 0, 0, 1, 3, 0, 0, 1, 0, 2, 0, 0, 0, 0, 0, 1, 0, 1, 0, 1, 1, 0, 2, 0, 0, 0, 0, 0, 0, 0, 2, 0, 0, 1, 0, 0, 1, 0, 0, 3, 0, 0, 1, 2, 0, 0, 0, 1, 0, 3, 0, 0, 2, 1, 3, 0, 0, 0, 1, 0, 0],884.1935202920454,50174.268870086526,113547.00447605085,false
27,G3_TWC,G3_TWC,[31, 22, 82, 15, 26, 58, 95, 42, 77, 12, 47, 5, 93, 78, 98, 54, 85, 63, 18, 44, 20, 35, 43, 97, 91, 76, 10, 30, 21, 45, 71, 64, 1, 23, 17, 83, 24, 14, 60, 36, 6, 57, 94, 88, 65, 56, 79, 40, 67, 68, 46, 75, 38, 9, 19, 32, 81, 41, 27, 62, 87, 90, 99, 59, 11, 16, 72, 73, 70, 39, 37, 84, 3, 92, 25, 55, 28, 29, 51, 7, 33, 61, 86, 66, 89, 50, 48, 96, 53, 8, 80, 4, 34, 49, 52, 0, 13, 69, 2, 74]|[1, 1, 0, 1, 1, 1, 2, 1, 2, 1, 2, 2, 2, 1, 1, 0, 0, 1, 0, 2, 2, 0, 1, 2, 0, 1, 2, 2, 0, 0, 1, 2, 1, 2, 1, 0, 2, 0, 1, 1, 0, 1, 1, 1, 0, 2, 1, 1, 0, 0, 0, 0, 1, 1, 2, 1, 2, 0, 0, 0, 2, 1, 0, 1, 2, 1, 2, 1, 1, 1, 1, 1, 1, 0, 1, 1, 0, 0, 0, 1, 2, 1, 0, 2, 1, 0, 0, 0, 0, 1, 0, 0, 2, 0, 1, 0, 0, 1, 0, 2]|[4, 3, 2, 2, 0, 0, 2, 2, 2, 4, 1, 1, 2, 4, 4, 1, 2, 4, 2, 1, 1, 1, 1, 2, 1, 2, 1, 1, 1, 1, 3, 2, 3, 0, 4, 0, 1, 1, 0, 3, 2, 2, 4, 0, 1, 1, 0, 2, 0, 1, 2, 2, 1, 4, 0, 3, 2, 1, 1, 2, 1, 3, 1, 1, 1, 3, 0, 4, 3, 1, 4, 1, 1, 2, 4, 4, 2, 1, 1, 3, 1, 3, 1, 1, 1, 1, 1, 1, 2, 3, 1, 2, 1, 1, 1, 2, 2, 3, 2, 1]|[0, 2, 1, 1, 3, 3, 0, 1, 0, 0, 0, 0, 1, 0, 1, 0, 0, 3, 1, 0, 0, 0, 3, 1, 0, 2, 0, 0, 0, 1, 0, 0, 0, 0, 3, 0, 1, 0, 0, 2, 1, 1, 2, 0, 0, 0, 0, 1, 1, 0, 0, 0, 1, 3, 0, 0, 1, 0, 0, 1, 0, 2, 0, 1, 0, 2, 1, 0, 0, 1, 1, 3, 1, 1, 3, 3, 1, 0, 0, 2, 0, 0, 0, 0, 1, 0, 0, 0, 1, 2, 0, 1, 0, 1, 1, 0, 0, 0, 0, 0],802.1274951829081,57956.38699448537,89691.2003308727,false
27,G1_CMAX,G4_BALANCED,[31, 22, 82, 15, 26, 9, 95, 42, 77, 68, 47, 48, 5, 93, 78, 86, 54, 85, 63, 18, 44, 20, 49, 36, 14, 74, 50, 53, 17, 21, 28, 71, 64, 3, 23, 30, 83, 24, 41, 60, 52, 65, 27, 90, 70, 39, 87, 69, 99, 4, 46, 1, 13, 58, 97, 59, 45, 8, 73, 37, 35, 79, 11, 66, 76, 32, 40, 80, 96, 6, 16, 61, 19, 7, 57, 34, 12, 67, 10, 98, 56, 88, 91, 75, 29, 38, 33, 92, 43, 84, 51, 72, 81, 25, 2, 55, 62, 89, 94, 0]|[2, 1, 2, 1, 1, 2, 1, 1, 1, 1, 1, 0, 0, 2, 2, 1, 2, 0, 0, 0, 2, 2, 1, 0, 2, 0, 2, 2, 1, 0, 1, 1, 1, 0, 0, 1, 0, 2, 1, 2, 2, 0, 0, 1, 1, 0, 2, 2, 1, 0, 0, 2, 0, 0, 2, 0, 1, 1, 0, 0, 2, 1, 0, 2, 2, 0, 2, 2, 0, 1, 2, 1, 2, 2, 0, 1, 1, 1, 1, 2, 2, 1, 1, 0, 1, 0, 1, 0, 1, 0, 1, 1, 1, 1, 2, 0, 1, 1, 1, 0]|[0, 3, 0, 3, 4, 1, 4, 4, 2, 4, 3, 0, 2, 1, 0, 2, 1, 1, 1, 2, 1, 1, 3, 0, 1, 0, 1, 1, 4, 1, 4, 3, 2, 2, 0, 4, 1, 1, 4, 0, 1, 2, 1, 4, 4, 1, 1, 2, 3, 1, 2, 1, 2, 1, 1, 2, 4, 3, 0, 2, 2, 3, 1, 0, 1, 2, 0, 1, 2, 4, 1, 3, 1, 1, 2, 4, 3, 3, 3, 1, 1, 4, 3, 2, 3, 2, 4, 2, 4, 2, 3, 4, 1, 4, 1, 2, 3, 4, 4, 2]|[0, 2, 0, 0, 3, 0, 1, 3, 0, 0, 2, 1, 0, 1, 0, 1, 0, 0, 0, 1, 0, 0, 2, 0, 0, 1, 0, 0, 3, 0, 1, 0, 2, 0, 1, 3, 0, 1, 3, 1, 0, 0, 0, 1, 3, 0, 0, 0, 2, 0, 0, 0, 0, 0, 1, 0, 1, 0, 1, 1, 0, 2, 0, 0, 0, 0, 0, 0, 0, 2, 0, 0, 0, 0, 0, 1, 0, 0, 3, 0, 0, 1, 0, 0, 0, 0, 1, 0, 2, 0, 0, 2, 1, 3, 0, 0, 0, 1, 2, 0],859.7899275769614,51682.99224237402,106830.35001436771,true
27,G4_BALANCED,G4_BALANCED,[31, 22, 82, 15, 26, 9, 95, 42, 77, 68, 47, 5, 93, 78, 86, 54, 85, 63, 18, 44, 20, 49, 36, 14, 74, 50, 53, 17, 21, 28, 71, 64, 3, 23, 30, 83, 24, 41, 60, 52, 65, 27, 90, 70, 39, 87, 48, 69, 99, 4, 46, 1, 13, 58, 97, 59, 45, 8, 73, 37, 35, 79, 11, 66, 76, 32, 40, 80, 96, 6, 16, 61, 33, 7, 57, 34, 12, 67, 10, 98, 56, 88, 43, 75, 91, 38, 19, 92, 29, 84, 51, 72, 89, 25, 2, 55, 62, 81, 94, 0]|[2, 1, 2, 1, 1, 2, 1, 1, 1, 1, 1, 0, 2, 2, 1, 2, 0, 0, 0, 2, 2, 1, 0, 2, 0, 2, 2, 1, 0, 1, 1, 1, 0, 0, 1, 0, 2, 1, 2, 2, 0, 0, 1, 1, 0, 2, 0, 2, 1, 0, 0, 2, 0, 0, 2, 0, 1, 1, 0, 0, 2, 1, 0, 2, 2, 0, 2, 2, 0, 1, 2, 1, 1, 2, 0, 1, 1, 1, 1, 2, 2, 1, 1, 0, 1, 0, 1, 0, 1, 0, 1, 1, 1, 1, 2, 0, 1, 1, 2, 0]|[0, 3, 0, 3, 4, 1, 4, 4, 2, 4, 3, 2, 1, 0, 2, 1, 1, 1, 2, 1, 1, 3, 0, 1, 0, 1, 1, 4, 1, 4, 3, 2, 2, 0, 4, 1, 1, 4, 0, 1, 2, 1, 4, 4, 2, 1, 0, 2, 3, 2, 2, 1, 2, 1, 1, 2, 4, 3, 0, 2, 2, 3, 1, 0, 1, 2, 1, 1, 2, 4, 1, 3, 4, 1, 2, 4, 3, 3, 3, 1, 1, 4, 4, 2, 3, 2, 4, 2, 3, 2, 3, 4, 4, 4, 1, 2, 3, 4, 1, 2]|[0, 2, 0, 0, 3, 0, 1, 3, 0, 0, 2, 0, 1, 0, 1, 0, 0, 0, 1, 0, 0, 2, 0, 0, 1, 0, 0, 3, 0, 1, 0, 2, 0, 1, 3, 0, 1, 3, 1, 0, 0, 0, 1, 3, 0, 0, 1, 0, 2, 0, 0, 0, 0, 0, 1, 0, 1, 0, 1, 1, 0, 2, 0, 0, 0, 0, 0, 0, 0, 2, 0, 0, 1, 0, 0, 1, 0, 0, 3, 0, 0, 1, 2, 0, 0, 0, 3, 0, 0, 0, 0, 2, 1, 3, 0, 0, 0, 1, 0, 0],881.3078588911275,51181.665227954974,107039.7203635026,false
27,G2_TEC,G2_TEC,[31, 22, 82, 15, 26, 9, 95, 42, 77, 68, 47, 5, 93, 78, 86, 54, 85, 63, 18, 44, 20, 49, 36, 14, 74, 50, 53, 17, 21, 28, 11, 64, 3, 23, 30, 83, 24, 41, 40, 52, 65, 27, 90, 70, 39, 87, 48, 69, 99, 4, 46, 1, 13, 58, 97, 59, 45, 8, 73, 37, 35, 79, 71, 66, 76, 32, 60, 80, 96, 6, 16, 61, 33, 7, 57, 34, 12, 67, 10, 98, 56, 88, 43, 75, 91, 38, 19, 92, 29, 84, 2, 72, 81, 25, 51, 55, 62, 89, 94, 0]|[2, 1, 2, 1, 1, 2, 1, 1, 1, 1, 1, 0, 2, 2, 1, 2, 0, 0, 0, 2, 2, 1, 0, 2, 0, 2, 2, 1, 0, 1, 1, 1, 0, 0, 1, 0, 2, 1, 2, 2, 0, 0, 1, 1, 0, 2, 0, 2, 1, 0, 0, 2, 0, 0, 2, 0, 1, 1, 0, 0, 2, 1, 1, 2, 2, 0, 2, 2, 0, 1, 2, 1, 1, 2, 0, 1, 1, 1, 1, 2, 2, 1, 1, 0, 1, 0, 1, 0, 1, 0, 2, 1, 1, 1, 1, 0, 1, 1, 2, 0]|[0, 3, 0, 3, 4, 1, 4, 4, 2, 4, 3, 2, 1, 0, 2, 1, 1, 1, 2, 1, 1, 3, 0, 1, 0, 1, 1, 4, 1, 4, 3, 2, 2, 0, 4, 1, 1, 4, 1, 1, 2, 1, 4, 4, 1, 1, 0, 2, 3, 2, 2, 1, 2, 1, 1, 2, 4, 3, 0, 2, 2, 3, 3, 0, 1, 2, 1, 1, 2, 4, 1, 3, 4, 1, 2, 4, 3, 3, 3, 1, 1, 4, 4, 2, 3, 2, 4, 2, 3, 2, 1, 4, 4, 4, 3, 2, 3, 4, 1, 2]|[0, 2, 0, 0, 3, 0, 1, 3, 0, 0, 2, 0, 1, 0, 1, 0, 0, 0, 1, 0, 0, 2, 0, 0, 1, 0, 0, 3, 0, 1, 0, 2, 0, 0, 3, 0, 1, 3, 0, 0, 0, 0, 1, 3, 0, 0, 1, 0, 2, 0, 0, 0, 0, 0, 1, 0, 1, 0, 1, 1, 0, 2, 0, 0, 0, 0, 0, 0, 0, 2, 0, 0, 1, 0, 0, 1, 0, 0, 3, 0, 0, 1, 2, 0, 0, 0, 1, 0, 3, 0, 0, 2, 1, 3, 0, 0, 0, 1, 0, 0],884.1935202920454,50174.268870086526,113547.00447605085,false
27,G3_TWC,G3_TWC,[31, 22, 82, 15, 26, 58, 95, 42, 77, 12, 47, 5, 93, 78, 98, 54, 85, 63, 18, 44, 20, 35, 43, 97, 91, 76, 10, 30, 21, 45, 71, 64, 1, 23, 17, 83, 24, 14, 60, 36, 6, 57, 94, 88, 65, 56, 79, 40, 67, 68, 46, 75, 38, 9, 19, 32, 81, 41, 27, 62, 87, 90, 99, 59, 11, 16, 72, 73, 70, 39, 37, 84, 3, 92, 25, 55, 28, 29, 51, 7, 33, 61, 86, 66, 89, 50, 48, 96, 53, 8, 80, 4, 34, 49, 52, 0, 13, 69, 2, 74]|[1, 1, 0, 1, 1, 1, 2, 1, 2, 1, 2, 2, 2, 1, 1, 0, 0, 1, 0, 2, 2, 0, 1, 2, 0, 1, 2, 2, 0, 0, 1, 2, 1, 2, 1, 0, 2, 0, 1, 1, 0, 1, 1, 1, 0, 2, 1, 1, 0, 0, 0, 0, 1, 1, 2, 1, 2, 0, 0, 0, 2, 1, 0, 1, 2, 1, 2, 1, 1, 1, 1, 1, 1, 0, 1, 1, 0, 0, 0, 1, 2, 1, 0, 2, 1, 0, 0, 0, 0, 1, 0, 0, 2, 0, 1, 0, 0, 1, 0, 2]|[4, 3, 2, 2, 0, 0, 2, 2, 2, 4, 1, 1, 2, 4, 4, 1, 2, 4, 2, 1, 1, 1, 1, 2, 1, 2, 1, 1, 1, 1, 3, 2, 3, 0, 4, 0, 1, 1, 0, 3, 2, 2, 4, 0, 1, 1, 0, 2, 0, 1, 2, 2, 1, 4, 0, 3, 2, 1, 1, 2, 1, 3, 1, 1, 1, 3, 0, 4, 3, 1, 4, 1, 1, 2, 4, 4, 2, 1, 1, 3, 1, 3, 1, 1, 1, 1, 1, 1, 2, 3, 1, 2, 1, 1, 1, 2, 2, 3, 2, 1]|[0, 2, 1, 1, 3, 3, 0, 1, 0, 0, 0, 0, 1, 0, 1, 0, 0, 3, 1, 0, 0, 0, 3, 1, 0, 2, 0, 0, 0, 1, 0, 0, 0, 0, 3, 0, 1, 0, 0, 2, 1, 1, 2, 0, 0, 0, 0, 1, 1, 0, 0, 0, 1, 3, 0, 0, 1, 0, 0, 1, 0, 2, 0, 1, 0, 2, 1, 0, 0, 1, 1, 3, 1, 1, 3, 3, 1, 0, 0, 2, 0, 0, 0, 0, 1, 0, 0, 0, 1, 2, 0, 1, 0, 1, 1, 0, 0, 0, 0, 0],802.1274951829081,57956.38699448537,89691.2003308727,false
27,G1_CMAX,G4_BALANCED,[31, 22, 82, 15, 26, 9, 95, 42, 77, 68, 47, 48, 5, 93, 78, 86, 54, 85, 63, 18, 44, 20, 49, 36, 14, 74, 50, 53, 17, 21, 28, 71, 64, 3, 23, 30, 83, 24, 41, 60, 52, 65, 27, 90, 70, 39, 87, 69, 99, 4, 46, 1, 13, 58, 97, 59, 45, 8, 73, 37, 35, 79, 11, 66, 76, 32, 40, 80, 96, 6, 16, 61, 19, 7, 57, 34, 12, 67, 10, 98, 56, 88, 91, 75, 29, 38, 33, 92, 43, 84, 51, 72, 81, 25, 2, 55, 62, 89, 94, 0]|[2, 1, 2, 1, 1, 2, 1, 1, 1, 1, 1, 0, 0, 2, 2, 1, 2, 0, 0, 0, 2, 2, 1, 0, 2, 0, 2, 2, 1, 0, 1, 1, 1, 0, 0, 1, 0, 2, 1, 2, 2, 0, 0, 1, 1, 0, 2, 2, 1, 0, 0, 2, 0, 0, 2, 0, 1, 1, 0, 0, 2, 1, 0, 2, 2, 0, 2, 2, 0, 1, 2, 1, 2, 2, 0, 1, 1, 1, 1, 2, 2, 1, 1, 0, 1, 0, 1, 0, 1, 0, 1, 1, 1, 1, 2, 0, 1, 1, 1, 0]|[0, 3, 0, 3, 4, 1, 4, 4, 2, 4, 3, 0, 2, 1, 0, 2, 1, 1, 1, 2, 1, 1, 3, 0, 1, 0, 1, 1, 4, 1, 4, 3, 2, 2, 0, 4, 1, 1, 4, 0, 1, 2, 1, 4, 4, 1, 1, 2, 3, 1, 2, 1, 2, 1, 1, 2, 4, 3, 0, 2, 2, 3, 1, 0, 1, 2, 0, 1, 2, 4, 1, 3, 1, 1, 2, 4, 3, 3, 3, 1, 1, 4, 3, 2, 3, 2, 4, 2, 4, 2, 3, 4, 1, 4, 1, 2, 3, 4, 4, 2]|[0, 2, 0, 0, 3, 0, 1, 3, 0, 0, 2, 1, 0, 1, 0, 1, 0, 0, 0, 1, 0, 0, 2, 0, 0, 1, 0, 0, 3, 0, 1, 0, 2, 0, 1, 3, 0, 1, 3, 1, 0, 0, 0, 1, 3, 0, 0, 0, 2, 0, 0, 0, 0, 0, 1, 0, 1, 0, 1, 1, 0, 2, 0, 0, 0, 0, 0, 0, 0, 2, 0, 0, 0, 0, 0, 1, 0, 0, 3, 0, 0, 1, 0, 0, 0, 0, 1, 0, 2, 0, 0, 2, 1, 3, 0, 0, 0, 1, 2, 0],859.7899275769614,51682.99224237402,106830.35001436771,true
27,G4_BALANCED,G4_BALANCED,[31, 22, 82, 15, 26, 9, 95, 42, 77, 68, 47, 5, 93, 78, 86, 54, 85, 63, 18, 44, 20, 49, 36, 14, 74, 50, 53, 17, 21, 28, 71, 64, 3, 23, 30, 83, 24, 41, 60, 52, 65, 27, 90, 70, 39, 87, 48, 69, 99, 4, 46, 1, 13, 58, 97, 59, 45, 8, 73, 37, 35, 79, 11, 66, 76, 32, 40, 80, 96, 6, 16, 61, 33, 7, 57, 34, 12, 67, 10, 98, 56, 88, 43, 75, 91, 38, 19, 92, 29, 84, 51, 72, 89, 25, 2, 55, 62, 81, 94, 0]|[2, 1, 2, 1, 1, 2, 1, 1, 1, 1, 1, 0, 2, 2, 1, 2, 0, 0, 0, 2, 2, 1, 0, 2, 0, 2, 2, 1, 0, 1, 1, 1, 0, 0, 1, 0, 2, 1, 2, 2, 0, 0, 1, 1, 0, 2, 0, 2, 1, 0, 0, 2, 0, 0, 2, 0, 1, 1, 0, 0, 2, 1, 0, 2, 2, 0, 2, 2, 0, 1, 2, 1, 1, 2, 0, 1, 1, 1, 1, 2, 2, 1, 1, 0, 1, 0, 1, 0, 1, 0, 1, 1, 1, 1, 2, 0, 1, 1, 2, 0]|[0, 3, 0, 3, 4, 1, 4, 4, 2, 4, 3, 2, 1, 0, 2, 1, 1, 1, 2, 1, 1, 3, 0, 1, 0, 1, 1, 4, 1, 4, 3, 2, 2, 0, 4, 1, 1, 4, 0, 1, 2, 1, 4, 4, 2, 1, 0, 2, 3, 2, 2, 1, 2, 1, 1, 2, 4, 3, 0, 2, 2, 3, 1, 0, 1, 2, 1, 1, 2, 4, 1, 3, 4, 1, 2, 4, 3, 3, 3, 1, 1, 4, 4, 2, 3, 2, 4, 2, 3, 2, 3, 4, 4, 4, 1, 2, 3, 4, 1, 2]|[0, 2, 0, 0, 3, 0, 1, 3, 0, 0, 2, 0, 1, 0, 1, 0, 0, 0, 1, 0, 0, 2, 0, 0, 1, 0, 0, 3, 0, 1, 0, 2, 0, 1, 3, 0, 1, 3, 1, 0, 0, 0, 1, 3, 0, 0, 1, 0, 2, 0, 0, 0, 0, 0, 1, 0, 1, 0, 1, 1, 0, 2, 0, 0, 0, 0, 0, 0, 0, 2, 0, 0, 1, 0, 0, 1, 0, 0, 3, 0, 0, 1, 2, 0, 0, 0, 3, 0, 0, 0, 0, 2, 1, 3, 0, 0, 0, 1, 0, 0],881.3078588911275,51181.665227954974,107039.7203635026,false
27,G2_TEC,G2_TEC,[31, 22, 82, 15, 26, 9, 95, 42, 77, 68, 47, 5, 93, 78, 86, 54, 85, 63, 18, 44, 20, 49, 36, 14, 74, 50, 53, 17, 21, 28, 11, 64, 3, 23, 30, 83, 24, 41, 40, 52, 65, 27, 90, 70, 39, 87, 48, 69, 99, 4, 46, 1, 13, 58, 97, 59, 45, 8, 73, 37, 35, 79, 71, 66, 76, 32, 60, 80, 96, 6, 16, 61, 33, 7, 57, 34, 12, 67, 10, 98, 56, 88, 43, 75, 91, 38, 19, 92, 29, 84, 2, 72, 81, 25, 51, 55, 62, 89, 94, 0]|[2, 1, 2, 1, 1, 2, 1, 1, 1, 1, 1, 0, 2, 2, 1, 2, 0, 0, 0, 2, 2, 1, 0, 2, 0, 2, 2, 1, 0, 1, 1, 1, 0, 0, 1, 0, 2, 1, 2, 2, 0, 0, 1, 1, 0, 2, 0, 2, 1, 0, 0, 2, 0, 0, 2, 0, 1, 1, 0, 0, 2, 1, 1, 2, 2, 0, 2, 2, 0, 1, 2, 1, 1, 2, 0, 1, 1, 1, 1, 2, 2, 1, 1, 0, 1, 0, 1, 0, 1, 0, 2, 1, 1, 1, 1, 0, 1, 1, 2, 0]|[0, 3, 0, 3, 4, 1, 4, 4, 2, 4, 3, 2, 1, 0, 2, 1, 1, 1, 2, 1, 1, 3, 0, 1, 0, 1, 1, 4, 1, 4, 3, 2, 2, 0, 4, 1, 1, 4, 1, 1, 2, 1, 4, 4, 1, 1, 0, 2, 3, 2, 2, 1, 2, 1, 1, 2, 4, 3, 0, 2, 2, 3, 3, 0, 1, 2, 1, 1, 2, 4, 1, 3, 4, 1, 2, 4, 3, 3, 3, 1, 1, 4, 4, 2, 3, 2, 4, 2, 3, 2, 1, 4, 4, 4, 3, 2, 3, 4, 1, 2]|[0, 2, 0, 0, 3, 0, 1, 3, 0, 0, 2, 0, 1, 0, 1, 0, 0, 0, 1, 0, 0, 2, 0, 0, 1, 0, 0, 3, 0, 1, 0, 2, 0, 0, 3, 0, 1, 3, 0, 0, 0, 0, 1, 3, 0, 0, 1, 0, 2, 0, 0, 0, 0, 0, 1, 0, 1, 0, 1, 1, 0, 2, 0, 0, 0, 0, 0, 0, 0, 2, 0, 0, 1, 0, 0, 1, 0, 0, 3, 0, 0, 1, 2, 0, 0, 0, 1, 0, 3, 0, 0, 2, 1, 3, 0, 0, 0, 1, 0, 0],884.1935202920454,50174.268870086526,113547.00447605085,false
27,G3_TWC,G3_TWC,[31, 22, 82, 15, 26, 58, 95, 42, 77, 12, 47, 5, 93, 78, 98, 54, 85, 63, 18, 44, 20, 35, 43, 97, 91, 76, 10, 30, 21, 45, 71, 64, 1, 23, 17, 83, 24, 14, 60, 36, 6, 57, 94, 88, 65, 56, 79, 40, 67, 68, 46, 75, 38, 9, 19, 32, 81, 41, 27, 62, 87, 90, 99, 59, 11, 16, 72, 73, 70, 39, 37, 84, 3, 92, 25, 55, 28, 29, 51, 7, 33, 61, 86, 66, 89, 50, 48, 96, 53, 8, 80, 4, 34, 49, 52, 0, 13, 69, 2, 74]|[1, 1, 0, 1, 1, 1, 2, 1, 2, 1, 2, 2, 2, 1, 1, 0, 0, 1, 0, 2, 2, 0, 1, 2, 0, 1, 2, 2, 0, 0, 1, 2, 1, 2, 1, 0, 2, 0, 1, 1, 0, 1, 1, 1, 0, 2, 1, 1, 0, 0, 0, 0, 1, 1, 2, 1, 2, 0, 0, 0, 2, 1, 0, 1, 2, 1, 2, 1, 1, 1, 1, 1, 1, 0, 1, 1, 0, 0, 0, 1, 2, 1, 0, 2, 1, 0, 0, 0, 0, 1, 0, 0, 2, 0, 1, 0, 0, 1, 0, 2]|[4, 3, 2, 2, 0, 0, 2, 2, 2, 4, 1, 1, 2, 4, 4, 1, 2, 4, 2, 1, 1, 1, 1, 2, 1, 2, 1, 1, 1, 1, 3, 2, 3, 0, 4, 0, 1, 1, 0, 3, 2, 2, 4, 0, 1, 1, 0, 2, 0, 1, 2, 2, 1, 4, 0, 3, 2, 1, 1, 2, 1, 3, 1, 1, 1, 3, 0, 4, 3, 1, 4, 1, 1, 2, 4, 4, 2, 1, 1, 3, 1, 3, 1, 1, 1, 1, 1, 1, 2, 3, 1, 2, 1, 1, 1, 2, 2, 3, 2, 1]|[0, 2, 1, 1, 3, 3, 0, 1, 0, 0, 0, 0, 1, 0, 1, 0, 0, 3, 1, 0, 0, 0, 3, 1, 0, 2, 0, 0, 0, 1, 0, 0, 0, 0, 3, 0, 1, 0, 0, 2, 1, 1, 2, 0, 0, 0, 0, 1, 1, 0, 0, 0, 1, 3, 0, 0, 1, 0, 0, 1, 0, 2, 0, 1, 0, 2, 1, 0, 0, 1, 1, 3, 1, 1, 3, 3, 1, 0, 0, 2, 0, 0, 0, 0, 1, 0, 0, 0, 1, 2, 0, 1, 0, 1, 1, 0, 0, 0, 0, 0],802.1274951829081,57956.38699448537,89691.2003308727,false
27,G1_CMAX,G4_BALANCED,[31, 22, 82, 15, 26, 9, 95, 42, 77, 68, 47, 48, 5, 93, 78, 86, 54, 85, 63, 18, 44, 20, 49, 36, 14, 74, 50, 53, 17, 21, 28, 71, 64, 3, 23, 30, 83, 24, 41, 60, 52, 65, 27, 90, 70, 39, 87, 69, 99, 4, 46, 1, 13, 58, 97, 59, 45, 8, 73, 37, 35, 79, 11, 66, 76, 32, 40, 80, 96, 6, 16, 61, 19, 7, 57, 34, 12, 67, 10, 98, 56, 88, 91, 75, 29, 38, 33, 92, 43, 84, 51, 72, 81, 25, 2, 55, 62, 89, 94, 0]|[2, 1, 2, 1, 1, 2, 1, 1, 1, 1, 1, 0, 0, 2, 2, 1, 2, 0, 0, 0, 2, 2, 1, 0, 2, 0, 2, 2, 1, 0, 1, 1, 1, 0, 0, 1, 0, 2, 1, 2, 2, 0, 0, 1, 1, 0, 2, 2, 1, 0, 0, 2, 0, 0, 2, 0, 1, 1, 0, 0, 2, 1, 0, 2, 2, 0, 2, 2, 0, 1, 2, 1, 2, 2, 0, 1, 1, 1, 1, 2, 2, 1, 1, 0, 1, 0, 1, 0, 1, 0, 1, 1, 1, 1, 2, 0, 1, 1, 1, 0]|[0, 3, 0, 3, 4, 1, 4, 4, 2, 4, 3, 0, 2, 1, 0, 2, 1, 1, 1, 2, 1, 1, 3, 0, 1, 0, 1, 1, 4, 1, 4, 3, 2, 2, 0, 4, 1, 1, 4, 0, 1, 2, 1, 4, 4, 1, 1, 2, 3, 1, 2, 1, 2, 1, 1, 2, 4, 3, 0, 2, 2, 3, 1, 0, 1, 2, 0, 1, 2, 4, 1, 3, 1, 1, 2, 4, 3, 3, 3, 1, 1, 4, 3, 2, 3, 2, 4, 2, 4, 2, 3, 4, 1, 4, 1, 2, 3, 4, 4, 2]|[0, 2, 0, 0, 3, 0, 1, 3, 0, 0, 2, 1, 0, 1, 0, 1, 0, 0, 0, 1, 0, 0, 2, 0, 0, 1, 0, 0, 3, 0, 1, 0, 2, 0, 1, 3, 0, 1, 3, 1, 0, 0, 0, 1, 3, 0, 0, 0, 2, 0, 0, 0, 0, 0, 1, 0, 1, 0, 1, 1, 0, 2, 0, 0, 0, 0, 0, 0, 0, 2, 0, 0, 0, 0, 0, 1, 0, 0, 3, 0, 0, 1, 0, 0, 0, 0, 1, 0, 2, 0, 0, 2, 1, 3, 0, 0, 0, 1, 2, 0],859.7899275769614,51682.99224237402,106830.35001436771,true
27,G4_BALANCED,G4_BALANCED,[31, 22, 82, 15, 26, 9, 95, 42, 77, 68, 47, 5, 93, 78, 86, 54, 85, 63, 18, 44, 20, 49, 36, 14, 74, 50, 53, 17, 21, 28, 71, 64, 3, 23, 30, 83, 24, 41, 60, 52, 65, 27, 90, 70, 39, 87, 48, 69, 99, 4, 46, 1, 13, 58, 97, 59, 45, 8, 73, 37, 35, 79, 11, 66, 76, 32, 40, 80, 96, 6, 16, 61, 33, 7, 57, 34, 12, 67, 10, 98, 56, 88, 43, 75, 91, 38, 19, 92, 29, 84, 51, 72, 89, 25, 2, 55, 62, 81, 94, 0]|[2, 1, 2, 1, 1, 2, 1, 1, 1, 1, 1, 0, 2, 2, 1, 2, 0, 0, 0, 2, 2, 1, 0, 2, 0, 2, 2, 1, 0, 1, 1, 1, 0, 0, 1, 0, 2, 1, 2, 2, 0, 0, 1, 1, 0, 2, 0, 2, 1, 0, 0, 2, 0, 0, 2, 0, 1, 1, 0, 0, 2, 1, 0, 2, 2, 0, 2, 2, 0, 1, 2, 1, 1, 2, 0, 1, 1, 1, 1, 2, 2, 1, 1, 0, 1, 0, 1, 0, 1, 0, 1, 1, 1, 1, 2, 0, 1, 1, 2, 0]|[0, 3, 0, 3, 4, 1, 4, 4, 2, 4, 3, 2, 1, 0, 2, 1, 1, 1, 2, 1, 1, 3, 0, 1, 0, 1, 1, 4, 1, 4, 3, 2, 2, 0, 4, 1, 1, 4, 0, 1, 2, 1, 4, 4, 2, 1, 0, 2, 3, 2, 2, 1, 2, 1, 1, 2, 4, 3, 0, 2, 2, 3, 1, 0, 1, 2, 1, 1, 2, 4, 1, 3, 4, 1, 2, 4, 3, 3, 3, 1, 1, 4, 4, 2, 3, 2, 4, 2, 3, 2, 3, 4, 4, 4, 1, 2, 3, 4, 1, 2]|[0, 2, 0, 0, 3, 0, 1, 3, 0, 0, 2, 0, 1, 0, 1, 0, 0, 0, 1, 0, 0, 2, 0, 0, 1, 0, 0, 3, 0, 1, 0, 2, 0, 1, 3, 0, 1, 3, 1, 0, 0, 0, 1, 3, 0, 0, 1, 0, 2, 0, 0, 0, 0, 0, 1, 0, 1, 0, 1, 1, 0, 2, 0, 0, 0, 0, 0, 0, 0, 2, 0, 0, 1, 0, 0, 1, 0, 0, 3, 0, 0, 1, 2, 0, 0, 0, 3, 0, 0, 0, 0, 2, 1, 3, 0, 0, 0, 1, 0, 0],881.3078588911275,51181.665227954974,107039.7203635026,false
27,G2_TEC,G2_TEC,[31, 22, 82, 15, 26, 9, 95, 42, 77, 68, 47, 5, 93, 78, 86, 54, 85, 63, 18, 44, 20, 49, 36, 14, 74, 50, 53, 17, 21, 28, 11, 64, 3, 23, 30, 83, 24, 41, 40, 52, 65, 27, 90, 70, 39, 87, 48, 69, 99, 4, 46, 1, 13, 58, 97, 59, 45, 8, 73, 37, 35, 79, 71, 66, 76, 32, 60, 80, 96, 6, 16, 61, 33, 7, 57, 34, 12, 67, 10, 98, 56, 88, 43, 75, 91, 38, 19, 92, 29, 84, 2, 72, 81, 25, 51, 55, 62, 89, 94, 0]|[2, 1, 2, 1, 1, 2, 1, 1, 1, 1, 1, 0, 2, 2, 1, 2, 0, 0, 0, 2, 2, 1, 0, 2, 0, 2, 2, 1, 0, 1, 1, 1, 0, 0, 1, 0, 2, 1, 2, 2, 0, 0, 1, 1, 0, 2, 0, 2, 1, 0, 0, 2, 0, 0, 2, 0, 1, 1, 0, 0, 2, 1, 1, 2, 2, 0, 2, 2, 0, 1, 2, 1, 1, 2, 0, 1, 1, 1, 1, 2, 2, 1, 1, 0, 1, 0, 1, 0, 1, 0, 2, 1, 1, 1, 1, 0, 1, 1, 2, 0]|[0, 3, 0, 3, 4, 1, 4, 4, 2, 4, 3, 2, 1, 0, 2, 1, 1, 1, 2, 1, 1, 3, 0, 1, 0, 1, 1, 4, 1, 4, 3, 2, 2, 0, 4, 1, 1, 4, 1, 1, 2, 1, 4, 4, 1, 1, 0, 2, 3, 2, 2, 1, 2, 1, 1, 2, 4, 3, 0, 2, 2, 3, 3, 0, 1, 2, 1, 1, 2, 4, 1, 3, 4, 1, 2, 4, 3, 3, 3, 1, 1, 4, 4, 2, 3, 2, 4, 2, 3, 2, 1, 4, 4, 4, 3, 2, 3, 4, 1, 2]|[0, 2, 0, 0, 3, 0, 1, 3, 0, 0, 2, 0, 1, 0, 1, 0, 0, 0, 1, 0, 0, 2, 0, 0, 1, 0, 0, 3, 0, 1, 0, 2, 0, 0, 3, 0, 1, 3, 0, 0, 0, 0, 1, 3, 0, 0, 1, 0, 2, 0, 0, 0, 0, 0, 1, 0, 1, 0, 1, 1, 0, 2, 0, 0, 0, 0, 0, 0, 0, 2, 0, 0, 1, 0, 0, 1, 0, 0, 3, 0, 0, 1, 2, 0, 0, 0, 1, 0, 3, 0, 0, 2, 1, 3, 0, 0, 0, 1, 0, 0],884.1935202920454,50174.268870086526,113547.00447605085,false
27,G3_TWC,G3_TWC,[31, 22, 82, 15, 26, 58, 95, 42, 77, 12, 47, 5, 93, 78, 98, 54, 85, 63, 18, 44, 20, 35, 43, 97, 91, 76, 10, 30, 21, 45, 71, 64, 1, 23, 17, 83, 24, 14, 60, 36, 6, 57, 94, 88, 65, 56, 79, 40, 67, 68, 46, 75, 38, 9, 19, 32, 81, 41, 27, 62, 87, 90, 99, 59, 11, 16, 72, 73, 70, 39, 37, 84, 3, 92, 25, 55, 28, 29, 51, 7, 33, 61, 86, 66, 89, 50, 48, 96, 53, 8, 80, 4, 34, 49, 52, 0, 13, 69, 2, 74]|[1, 1, 0, 1, 1, 1, 2, 1, 2, 1, 2, 2, 2, 1, 1, 0, 0, 1, 0, 2, 2, 0, 1, 2, 0, 1, 2, 2, 0, 0, 1, 2, 1, 2, 1, 0, 2, 0, 1, 1, 0, 1, 1, 1, 0, 2, 1, 1, 0, 0, 0, 0, 1, 1, 2, 1, 2, 0, 0, 0, 2, 1, 0, 1, 2, 1, 2, 1, 1, 1, 1, 1, 1, 0, 1, 1, 0, 0, 0, 1, 2, 1, 0, 2, 1, 0, 0, 0, 0, 1, 0, 0, 2, 0, 1, 0, 0, 1, 0, 2]|[4, 3, 2, 2, 0, 0, 2, 2, 2, 4, 1, 1, 2, 4, 4, 1, 2, 4, 2, 1, 1, 1, 1, 2, 1, 2, 1, 1, 1, 1, 3, 2, 3, 0, 4, 0, 1, 1, 0, 3, 2, 2, 4, 0, 1, 1, 0, 2, 0, 1, 2, 2, 1, 4, 0, 3, 2, 1, 1, 2, 1, 3, 1, 1, 1, 3, 0, 4, 3, 1, 4, 1, 1, 2, 4, 4, 2, 1, 1, 3, 1, 3, 1, 1, 1, 1, 1, 1, 2, 3, 1, 2, 1, 1, 1, 2, 2, 3, 2, 1]|[0, 2, 1, 1, 3, 3, 0, 1, 0, 0, 0, 0, 1, 0, 1, 0, 0, 3, 1, 0, 0, 0, 3, 1, 0, 2, 0, 0, 0, 1, 0, 0, 0, 0, 3, 0, 1, 0, 0, 2, 1, 1, 2, 0, 0, 0, 0, 1, 1, 0, 0, 0, 1, 3, 0, 0, 1, 0, 0, 1, 0, 2, 0, 1, 0, 2, 1, 0, 0, 1, 1, 3, 1, 1, 3, 3, 1, 0, 0, 2, 0, 0, 0, 0, 1, 0, 0, 0, 1, 2, 0, 1, 0, 1, 1, 0, 0, 0, 0, 0],802.1274951829081,57956.38699448537,89691.2003308727,false
27,G1_CMAX,G1_CMAX,[31, 22, 82, 15, 26, 99, 95, 42, 77, 12, 47, 5, 93, 78, 86, 54, 21, 63, 18, 44, 20, 35, 43, 97, 91, 76, 10, 30, 85, 45, 71, 64, 1, 23, 17, 83, 24, 14, 60, 36, 6, 57, 40, 88, 65, 56, 79, 94, 67, 68, 46, 75, 38, 9, 19, 32, 41, 81, 27, 87, 90, 58, 59, 11, 16, 72, 73, 70, 39, 37, 84, 3, 92, 25, 55, 48, 62, 29, 51, 7, 33, 61, 98, 28, 89, 50, 4, 96, 53, 80, 8, 66, 34, 49, 52, 0, 74, 69, 2, 13]|[1, 1, 0, 1, 1, 0, 1, 1, 2, 1, 2, 2, 2, 1, 1, 0, 0, 1, 0, 2, 2, 0, 1, 2, 0, 1, 2, 2, 0, 0, 1, 2, 1, 2, 1, 0, 2, 0, 1, 1, 0, 1, 1, 1, 0, 2, 1, 1, 0, 0, 0, 0, 1, 1, 2, 1, 0, 2, 0, 2, 1, 0, 1, 2, 1, 2, 1, 1, 1, 1, 1, 1, 0, 1, 2, 0, 0, 0, 0, 1, 2, 1, 2, 0, 1, 0, 1, 2, 0, 0, 1, 2, 2, 0, 1, 0, 2, 1, 0, 0]|[0, 3, 2, 2, 4, 1, 2, 3, 2, 4, 1, 1, 2, 4, 4, 1, 1, 4, 2, 1, 1, 1, 1, 2, 1, 2, 1, 1, 2, 1, 3, 2, 3, 1, 4, 0, 1, 1, 0, 3, 2, 2, 2, 0, 1, 1, 0, 4, 0, 1, 2, 2, 1, 4, 0, 3, 1, 1, 1, 1, 3, 1, 1, 1, 3, 0, 4, 3, 1, 4, 1, 1, 0, 4, 1, 1, 2, 1, 1, 1, 1, 3, 1, 2, 1, 1, 4, 1, 2, 1, 3, 1, 1, 1, 1, 2, 1, 4, 2, 2]|[0, 2, 1, 1, 3, 0, 1, 3, 0, 0, 0, 0, 1, 0, 1, 0, 0, 3, 1, 0, 0, 0, 3, 1, 0, 2, 0, 0, 0, 1, 0, 0, 0, 0, 3, 0, 1, 0, 0, 2, 1, 1, 1, 0, 0, 0, 0, 2, 1, 0, 0, 0, 1, 3, 0, 0, 0, 0, 0, 0, 2, 0, 1, 0, 2, 1, 0, 0, 1, 1, 3, 1, 1, 3, 0, 0, 1, 0, 0, 2, 0, 0, 0, 1, 1, 0, 0, 0, 1, 0, 2, 0, 0, 1, 1, 0, 0, 2, 0, 0],731.2476204416437,56806.84376103422,93275.64763277225,false
27,G4_BALANCED,G4_BALANCED,[31, 22, 82, 15, 26, 9, 95, 42, 77, 68, 47, 5, 93, 78, 86, 54, 85, 63, 18, 44, 20, 49, 36, 14, 74, 50, 53, 17, 21, 28, 71, 64, 3, 23, 30, 83, 24, 41, 60, 52, 65, 27, 90, 70, 39, 87, 48, 69, 99, 4, 46, 1, 13, 58, 97, 59, 45, 8, 73, 37, 35, 79, 11, 66, 76, 32, 40, 80, 96, 6, 16, 61, 33, 7, 57, 34, 12, 67, 10, 98, 56, 88, 43, 75, 91, 38, 19, 92, 29, 84, 51, 72, 89, 25, 2, 55, 62, 81, 94, 0]|[2, 1, 2, 1, 1, 2, 1, 1, 1, 1, 1, 0, 2, 2, 1, 2, 0, 0, 0, 2, 2, 1, 0, 2, 0, 2, 2, 1, 0, 1, 1, 1, 0, 0, 1, 0, 2, 1, 2, 2, 0, 0, 1, 1, 0, 2, 0, 2, 1, 0, 0, 2, 0, 0, 2, 0, 1, 1, 0, 0, 2, 1, 0, 2, 2, 0, 2, 2, 0, 1, 2, 1, 1, 2, 0, 1, 1, 1, 1, 2, 2, 1, 1, 0, 1, 0, 1, 0, 1, 0, 1, 1, 1, 1, 2, 0, 1, 1, 2, 0]|[0, 3, 0, 3, 4, 1, 4, 4, 2, 4, 3, 2, 1, 0, 2, 1, 1, 1, 2, 1, 1, 3, 0, 1, 0, 1, 1, 4, 1, 4, 3, 2, 2, 0, 4, 1, 1, 4, 0, 1, 2, 1, 4, 4, 2, 1, 0, 2, 3, 2, 2, 1, 2, 1, 1, 2, 4, 3, 0, 2, 2, 3, 1, 0, 1, 2, 1, 1, 2, 4, 1, 3, 4, 1, 2, 4, 3, 3, 3, 1, 1, 4, 4, 2, 3, 2, 4, 2, 3, 2, 3, 4, 4, 4, 1, 2, 3, 4, 1, 2]|[0, 2, 0, 0, 3, 0, 1, 3, 0, 0, 2, 0, 1, 0, 1, 0, 0, 0, 1, 0, 0, 2, 0, 0, 1, 0, 0, 3, 0, 1, 0, 2, 0, 1, 3, 0, 1, 3, 1, 0, 0, 0, 1, 3, 0, 0, 1, 0, 2, 0, 0, 0, 0, 0, 1, 0, 1, 0, 1, 1, 0, 2, 0, 0, 0, 0, 0, 0, 0, 2, 0, 0, 1, 0, 0, 1, 0, 0, 3, 0, 0, 1, 2, 0, 0, 0, 3, 0, 0, 0, 0, 2, 1, 3, 0, 0, 0, 1, 0, 0],881.3078588911275,51181.665227954974,107039.7203635026,false
27,G2_TEC,G2_TEC,[31, 22, 82, 15, 26, 9, 95, 42, 77, 68, 47, 5, 93, 78, 86, 54, 85, 63, 18, 44, 20, 49, 36, 14, 74, 50, 53, 17, 21, 28, 11, 64, 3, 23, 30, 83, 24, 41, 40, 52, 65, 27, 90, 70, 39, 87, 48, 69, 99, 4, 46, 1, 13, 58, 97, 59, 45, 8, 73, 37, 35, 79, 71, 66, 76, 32, 60, 80, 96, 6, 16, 61, 33, 7, 57, 34, 12, 67, 10, 98, 56, 88, 43, 75, 91, 38, 19, 92, 29, 84, 2, 72, 81, 25, 51, 55, 62, 89, 94, 0]|[2, 1, 2, 1, 1, 2, 1, 1, 1, 1, 1, 0, 2, 2, 1, 2, 0, 0, 0, 2, 2, 1, 0, 2, 0, 2, 2, 1, 0, 1, 1, 1, 0, 0, 1, 0, 2, 1, 2, 2, 0, 0, 1, 1, 0, 2, 0, 2, 1, 0, 0, 2, 0, 0, 2, 0, 1, 1, 0, 0, 2, 1, 1, 2, 2, 0, 2, 2, 0, 1, 2, 1, 1, 2, 0, 1, 1, 1, 1, 2, 2, 1, 1, 0, 1, 0, 1, 0, 1, 0, 2, 1, 1, 1, 1, 0, 1, 1, 2, 0]|[0, 3, 0, 3, 4, 1, 4, 4, 2, 4, 3, 2, 1, 0, 2, 1, 1, 1, 2, 1, 1, 3, 0, 1, 0, 1, 1, 4, 1, 4, 3, 2, 2, 0, 4, 1, 1, 4, 1, 1, 2, 1, 4, 4, 1, 1, 0, 2, 3, 2, 2, 1, 2, 1, 1, 2, 4, 3, 0, 2, 2, 3, 3, 0, 1, 2, 1, 1, 2, 4, 1, 3, 4, 1, 2, 4, 3, 3, 3, 1, 1, 4, 4, 2, 3, 2, 4, 2, 3, 2, 1, 4, 4, 4, 3, 2, 3, 4, 1, 2]|[0, 2, 0, 0, 3, 0, 1, 3, 0, 0, 2, 0, 1, 0, 1, 0, 0, 0, 1, 0, 0, 2, 0, 0, 1, 0, 0, 3, 0, 1, 0, 2, 0, 0, 3, 0, 1, 3, 0, 0, 0, 0, 1, 3, 0, 0, 1, 0, 2, 0, 0, 0, 0, 0, 1, 0, 1, 0, 1, 1, 0, 2, 0, 0, 0, 0, 0, 0, 0, 2, 0, 0, 1, 0, 0, 1, 0, 0, 3, 0, 0, 1, 2, 0, 0, 0, 1, 0, 3, 0, 0, 2, 1, 3, 0, 0, 0, 1, 0, 0],884.1935202920454,50174.268870086526,113547.00447605085,false
27,G3_TWC,G3_TWC,[31, 22, 82, 15, 26, 9, 42, 95, 77, 12, 47, 5, 93, 78, 86, 54, 85, 63, 18, 44, 20, 35, 43, 97, 91, 76, 10, 30, 21, 45, 71, 64, 1, 23, 17, 83, 24, 14, 60, 36, 6, 57, 94, 88, 65, 56, 79, 40, 67, 68, 46, 75, 38, 58, 19, 32, 81, 41, 27, 62, 87, 90, 99, 59, 11, 16, 72, 73, 69, 39, 37, 84, 3, 92, 25, 55, 28, 29, 51, 7, 33, 61, 98, 66, 89, 50, 48, 96, 80, 53, 8, 4, 34, 2, 52, 0, 13, 70, 49, 74]|[1, 1, 0, 1, 1, 1, 2, 1, 2, 1, 2, 2, 2, 1, 1, 0, 0, 1, 0, 2, 2, 0, 1, 2, 0, 1, 2, 2, 0, 0, 1, 2, 1, 2, 1, 0, 2, 0, 1, 1, 0, 1, 1, 1, 0, 2, 1, 1, 0, 0, 0, 0, 1, 1, 2, 1, 2, 0, 0, 0, 2, 1, 0, 1, 2, 1, 2, 1, 1, 1, 1, 1, 1, 0, 1, 2, 0, 0, 0, 1, 2, 1, 2, 2, 1, 0, 0, 2, 0, 0, 1, 0, 2, 0, 1, 0, 0, 1, 0, 2]|[4, 3, 2, 2, 0, 0, 2, 2, 2, 4, 1, 1, 2, 4, 4, 1, 2, 4, 2, 1, 1, 1, 1, 2, 1, 2, 1, 1, 1, 1, 3, 2, 3, 1, 4, 0, 1, 1, 0, 3, 2, 2, 2, 0, 1, 1, 0, 4, 0, 1, 2, 2, 1, 4, 0, 3, 2, 1, 1, 2, 1, 3, 1, 1, 1, 3, 0, 4, 3, 1, 4, 1, 1, 2, 4, 1, 2, 1, 1, 3, 1, 3, 1, 1, 1, 1, 1, 1, 1, 2, 3, 2, 1, 2, 1, 2, 2, 3, 1, 1]|[0, 2, 1, 1, 3, 3, 0, 1, 0, 0, 0, 0, 1, 0, 1, 0, 0, 3, 1, 0, 0, 0, 3, 1, 0, 2, 0, 0, 0, 1, 0, 0, 0, 0, 3, 0, 1, 0, 0, 2, 1, 1, 1, 0, 0, 0, 0, 2, 1, 0, 0, 0, 1, 3, 0, 0, 1, 0, 0, 1, 0, 2, 0, 1, 0, 2, 1, 0, 0, 1, 1, 3, 1, 1, 3, 0, 1, 0, 0, 2, 0, 0, 0, 0, 1, 0, 0, 0, 0, 1, 2, 1, 0, 0, 1, 0, 0, 0, 1, 0],778.5294090754865,57556.011360927005,92299.58483837318,false
27,G1_CMAX,G1_CMAX,[31, 22, 82, 15, 26, 99, 95, 42, 77, 12, 47, 5, 93, 78, 86, 54, 21, 63, 18, 44, 20, 35, 43, 97, 91, 76, 10, 30, 85, 45, 71, 64, 1, 23, 17, 83, 24, 14, 60, 36, 6, 57, 40, 88, 65, 56, 79, 94, 67, 68, 46, 75, 38, 9, 19, 32, 41, 81, 27, 87, 90, 58, 59, 11, 16, 72, 73, 70, 39, 37, 84, 3, 92, 25, 55, 48, 62, 29, 51, 7, 33, 61, 98, 28, 89, 50, 4, 96, 53, 80, 8, 66, 34, 49, 52, 0, 74, 69, 2, 13]|[1, 1, 0, 1, 1, 0, 1, 1, 2, 1, 2, 2, 2, 1, 1, 0, 0, 1, 0, 2, 2, 0, 1, 2, 0, 1, 2, 2, 0, 0, 1, 2, 1, 2, 1, 0, 2, 0, 1, 1, 0, 1, 1, 1, 0, 2, 1, 1, 0, 0, 0, 0, 1, 1, 2, 1, 0, 2, 0, 2, 1, 0, 1, 2, 1, 2, 1, 1, 1, 1, 1, 1, 0, 1, 2, 0, 0, 0, 0, 1, 2, 1, 2, 0, 1, 0, 1, 2, 0, 0, 1, 2, 2, 0, 1, 0, 2, 1, 0, 0]|[0, 3, 2, 2, 4, 1, 2, 3, 2, 4, 1, 1, 2, 4, 4, 1, 1, 4, 2, 1, 1, 1, 1, 2, 1, 2, 1, 1, 2, 1, 3, 2, 3, 1, 4, 0, 1, 1, 0, 3, 2, 2, 2, 0, 1, 1, 0, 4, 0, 1, 2, 2, 1, 4, 0, 3, 1, 1, 1, 1, 3, 1, 1, 1, 3, 0, 4, 3, 1, 4, 1, 1, 0, 4, 1, 1, 2, 1, 1, 1, 1, 3, 1, 2, 1, 1, 4, 1, 2, 1, 3, 1, 1, 1, 1, 2, 1, 4, 2, 2]|[0, 2, 1, 1, 3, 0, 1, 3, 0, 0, 0, 0, 1, 0, 1, 0, 0, 3, 1, 0, 0, 0, 3, 1, 0, 2, 0, 0, 0, 1, 0, 0, 0, 0, 3, 0, 1, 0, 0, 2, 1, 1, 1, 0, 0, 0, 0, 2, 1, 0, 0, 0, 1, 3, 0, 0, 0, 0, 0, 0, 2, 0, 1, 0, 2, 1, 0, 0, 1, 1, 3, 1, 1, 3, 0, 0, 1, 0, 0, 2, 0, 0, 0, 1, 1, 0, 0, 0, 1, 0, 2, 0, 0, 1, 1, 0, 0, 2, 0, 0],731.2476204416437,56806.84376103422,93275.64763277225,false
27,G4_BALANCED,G4_BALANCED,[31, 22, 82, 15, 26, 9, 95, 42, 77, 68, 47, 5, 93, 78, 86, 54, 85, 63, 18, 44, 20, 49, 36, 14, 74, 50, 53, 17, 21, 28, 71, 64, 3, 23, 30, 83, 24, 41, 60, 52, 65, 27, 90, 70, 39, 87, 48, 69, 99, 4, 46, 1, 13, 58, 97, 59, 45, 8, 73, 37, 35, 79, 11, 66, 76, 32, 40, 80, 96, 6, 16, 61, 33, 7, 57, 34, 12, 67, 10, 98, 56, 88, 43, 75, 91, 38, 19, 92, 29, 84, 51, 72, 89, 25, 2, 55, 62, 81, 94, 0]|[2, 1, 2, 1, 1, 2, 1, 1, 1, 1, 1, 0, 2, 2, 1, 2, 0, 0, 0, 2, 2, 1, 0, 2, 0, 2, 2, 1, 0, 1, 1, 1, 0, 0, 1, 0, 2, 1, 2, 2, 0, 0, 1, 1, 0, 2, 0, 2, 1, 0, 0, 2, 0, 0, 2, 0, 1, 1, 0, 0, 2, 1, 0, 2, 2, 0, 2, 2, 0, 1, 2, 1, 1, 2, 0, 1, 1, 1, 1, 2, 2, 1, 1, 0, 1, 0, 1, 0, 1, 0, 1, 1, 1, 1, 2, 0, 1, 1, 2, 0]|[0, 3, 0, 3, 4, 1, 4, 4, 2, 4, 3, 2, 1, 0, 2, 1, 1, 1, 2, 1, 1, 3, 0, 1, 0, 1, 1, 4, 1, 4, 3, 2, 2, 0, 4, 1, 1, 4, 0, 1, 2, 1, 4, 4, 2, 1, 0, 2, 3, 2, 2, 1, 2, 1, 1, 2, 4, 3, 0, 2, 2, 3, 1, 0, 1, 2, 1, 1, 2, 4, 1, 3, 4, 1, 2, 4, 3, 3, 3, 1, 1, 4, 4, 2, 3, 2, 4, 2, 3, 2, 3, 4, 4, 4, 1, 2, 3, 4, 1, 2]|[0, 2, 0, 0, 3, 0, 1, 3, 0, 0, 2, 0, 1, 0, 1, 0, 0, 0, 1, 0, 0, 2, 0, 0, 1, 0, 0, 3, 0, 1, 0, 2, 0, 1, 3, 0, 1, 3, 1, 0, 0, 0, 1, 3, 0, 0, 1, 0, 2, 0, 0, 0, 0, 0, 1, 0, 1, 0, 1, 1, 0, 2, 0, 0, 0, 0, 0, 0, 0, 2, 0, 0, 1, 0, 0, 1, 0, 0, 3, 0, 0, 1, 2, 0, 0, 0, 3, 0, 0, 0, 0, 2, 1, 3, 0, 0, 0, 1, 0, 0],881.3078588911275,51181.665227954974,107039.7203635026,false
27,G2_TEC,G2_TEC,[31, 22, 82, 15, 26, 9, 95, 42, 77, 68, 47, 5, 93, 78, 86, 54, 85, 63, 18, 44, 20, 49, 36, 14, 74, 50, 53, 17, 21, 28, 11, 64, 3, 23, 30, 83, 24, 41, 40, 52, 65, 27, 90, 70, 39, 87, 48, 69, 99, 4, 46, 1, 13, 58, 97, 59, 45, 8, 73, 37, 35, 79, 71, 66, 76, 32, 60, 80, 96, 6, 16, 61, 33, 7, 57, 34, 12, 67, 10, 98, 56, 88, 43, 75, 91, 38, 19, 92, 29, 84, 2, 72, 81, 25, 51, 55, 62, 89, 94, 0]|[2, 1, 2, 1, 1, 2, 1, 1, 1, 1, 1, 0, 2, 2, 1, 2, 0, 0, 0, 2, 2, 1, 0, 2, 0, 2, 2, 1, 0, 1, 1, 1, 0, 0, 1, 0, 2, 1, 2, 2, 0, 0, 1, 1, 0, 2, 0, 2, 1, 0, 0, 2, 0, 0, 2, 0, 1, 1, 0, 0, 2, 1, 1, 2, 2, 0, 2, 2, 0, 1, 2, 1, 1, 2, 0, 1, 1, 1, 1, 2, 2, 1, 1, 0, 1, 0, 1, 0, 1, 0, 2, 1, 1, 1, 1, 0, 1, 1, 2, 0]|[0, 3, 0, 3, 4, 1, 4, 4, 2, 4, 3, 2, 1, 0, 2, 1, 1, 1, 2, 1, 1, 3, 0, 1, 0, 1, 1, 4, 1, 4, 3, 2, 2, 0, 4, 1, 1, 4, 1, 1, 2, 1, 4, 4, 1, 1, 0, 2, 3, 2, 2, 1, 2, 1, 1, 2, 4, 3, 0, 2, 2, 3, 3, 0, 1, 2, 1, 1, 2, 4, 1, 3, 4, 1, 2, 4, 3, 3, 3, 1, 1, 4, 4, 2, 3, 2, 4, 2, 3, 2, 1, 4, 4, 4, 3, 2, 3, 4, 1, 2]|[0, 2, 0, 0, 3, 0, 1, 3, 0, 0, 2, 0, 1, 0, 1, 0, 0, 0, 1, 0, 0, 2, 0, 0, 1, 0, 0, 3, 0, 1, 0, 2, 0, 0, 3, 0, 1, 3, 0, 0, 0, 0, 1, 3, 0, 0, 1, 0, 2, 0, 0, 0, 0, 0, 1, 0, 1, 0, 1, 1, 0, 2, 0, 0, 0, 0, 0, 0, 0, 2, 0, 0, 1, 0, 0, 1, 0, 0, 3, 0, 0, 1, 2, 0, 0, 0, 1, 0, 3, 0, 0, 2, 1, 3, 0, 0, 0, 1, 0, 0],884.1935202920454,50174.268870086526,113547.00447605085,false
27,G3_TWC,G3_TWC,[31, 22, 82, 15, 26, 9, 42, 95, 77, 12, 47, 5, 93, 78, 86, 54, 85, 63, 18, 44, 20, 35, 43, 97, 91, 76, 10, 30, 21, 45, 71, 64, 1, 23, 17, 83, 24, 14, 60, 36, 6, 57, 94, 88, 65, 56, 79, 40, 67, 68, 46, 75, 38, 58, 19, 32, 81, 41, 27, 62, 87, 90, 99, 59, 11, 16, 72, 73, 69, 39, 37, 84, 3, 92, 25, 55, 28, 29, 51, 7, 33, 61, 98, 66, 89, 50, 48, 96, 80, 53, 8, 4, 34, 2, 52, 0, 13, 70, 49, 74]|[1, 1, 0, 1, 1, 1, 2, 1, 2, 1, 2, 2, 2, 1, 1, 0, 0, 1, 0, 2, 2, 0, 1, 2, 0, 1, 2, 2, 0, 0, 1, 2, 1, 2, 1, 0, 2, 0, 1, 1, 0, 1, 1, 1, 0, 2, 1, 1, 0, 0, 0, 0, 1, 1, 2, 1, 2, 0, 0, 0, 2, 1, 0, 1, 2, 1, 2, 1, 1, 1, 1, 1, 1, 0, 1, 2, 0, 0, 0, 1, 2, 1, 2, 2, 1, 0, 0, 2, 0, 0, 1, 0, 2, 0, 1, 0, 0, 1, 0, 2]|[4, 3, 2, 2, 0, 0, 2, 2, 2, 4, 1, 1, 2, 4, 4, 1, 2, 4, 2, 1, 1, 1, 1, 2, 1, 2, 1, 1, 1, 1, 3, 2, 3, 1, 4, 0, 1, 1, 0, 3, 2, 2, 2, 0, 1, 1, 0, 4, 0, 1, 2, 2, 1, 4, 0, 3, 2, 1, 1, 2, 1, 3, 1, 1, 1, 3, 0, 4, 3, 1, 4, 1, 1, 2, 4, 1, 2, 1, 1, 3, 1, 3, 1, 1, 1, 1, 1, 1, 1, 2, 3, 2, 1, 2, 1, 2, 2, 3, 1, 1]|[0, 2, 1, 1, 3, 3, 0, 1, 0, 0, 0, 0, 1, 0, 1, 0, 0, 3, 1, 0, 0, 0, 3, 1, 0, 2, 0, 0, 0, 1, 0, 0, 0, 0, 3, 0, 1, 0, 0, 2, 1, 1, 1, 0, 0, 0, 0, 2, 1, 0, 0, 0, 1, 3, 0, 0, 1, 0, 0, 1, 0, 2, 0, 1, 0, 2, 1, 0, 0, 1, 1, 3, 1, 1, 3, 0, 1, 0, 0, 2, 0, 0, 0, 0, 1, 0, 0, 0, 0, 1, 2, 1, 0, 0, 1, 0, 0, 0, 1, 0],778.5294090754865,57556.011360927005,92299.58483837318,false
27,G1_CMAX,G1_CMAX,[31, 22, 82, 15, 26, 99, 95, 42, 77, 12, 47, 5, 93, 78, 86, 54, 21, 63, 18, 44, 20, 35, 43, 97, 91, 76, 10, 30, 85, 45, 71, 64, 1, 23, 17, 83, 24, 14, 60, 36, 6, 57, 40, 88, 65, 56, 79, 94, 67, 68, 46, 75, 38, 9, 19, 32, 41, 81, 27, 87, 90, 58, 59, 11, 16, 72, 73, 70, 39, 37, 84, 3, 92, 25, 55, 48, 62, 29, 51, 7, 33, 61, 98, 28, 89, 50, 4, 96, 53, 80, 8, 66, 34, 49, 52, 0, 74, 69, 2, 13]|[1, 1, 0, 1, 1, 0, 1, 1, 2, 1, 2, 2, 2, 1, 1, 0, 0, 1, 0, 2, 2, 0, 1, 2, 0, 1, 2, 2, 0, 0, 1, 2, 1, 2, 1, 0, 2, 0, 1, 1, 0, 1, 1, 1, 0, 2, 1, 1, 0, 0, 0, 0, 1, 1, 2, 1, 0, 2, 0, 2, 1, 0, 1, 2, 1, 2, 1, 1, 1, 1, 1, 1, 0, 1, 2, 0, 0, 0, 0, 1, 2, 1, 2, 0, 1, 0, 1, 2, 0, 0, 1, 2, 2, 0, 1, 0, 2, 1, 0, 0]|[0, 3, 2, 2, 4, 1, 2, 3, 2, 4, 1, 1, 2, 4, 4, 1, 1, 4, 2, 1, 1, 1, 1, 2, 1, 2, 1, 1, 2, 1, 3, 2, 3, 1, 4, 0, 1, 1, 0, 3, 2, 2, 2, 0, 1, 1, 0, 4, 0, 1, 2, 2, 1, 4, 0, 3, 1, 1, 1, 1, 3, 1, 1, 1, 3, 0, 4, 3, 1, 4, 1, 1, 0, 4, 1, 1, 2, 1, 1, 1, 1, 3, 1, 2, 1, 1, 4, 1, 2, 1, 3, 1, 1, 1, 1, 2, 1, 4, 2, 2]|[0, 2, 1, 1, 3, 0, 1, 3, 0, 0, 0, 0, 1, 0, 1, 0, 0, 3, 1, 0, 0, 0, 3, 1, 0, 2, 0, 0, 0, 1, 0, 0, 0, 0, 3, 0, 1, 0, 0, 2, 1, 1, 1, 0, 0, 0, 0, 2, 1, 0, 0, 0, 1, 3, 0, 0, 0, 0, 0, 0, 2, 0, 1, 0, 2, 1, 0, 0, 1, 1, 3, 1, 1, 3, 0, 0, 1, 0, 0, 2, 0, 0, 0, 1, 1, 0, 0, 0, 1, 0, 2, 0, 0, 1, 1, 0, 0, 2, 0, 0],731.2476204416437,56806.84376103422,93275.64763277225,false
27,G4_BALANCED,G4_BALANCED,[31, 22, 82, 15, 26, 9, 95, 42, 77, 68, 47, 5, 93, 78, 86, 54, 85, 63, 18, 44, 20, 49, 36, 14, 74, 50, 53, 17, 21, 28, 71, 64, 3, 23, 30, 83, 24, 41, 60, 52, 65, 27, 90, 70, 39, 87, 48, 69, 99, 4, 46, 1, 13, 58, 97, 59, 45, 8, 73, 37, 35, 79, 11, 66, 76, 32, 40, 80, 96, 6, 16, 61, 33, 7, 57, 34, 12, 67, 10, 98, 56, 88, 43, 75, 91, 38, 19, 92, 29, 84, 51, 72, 89, 25, 2, 55, 62, 81, 94, 0]|[2, 1, 2, 1, 1, 2, 1, 1, 1, 1, 1, 0, 2, 2, 1, 2, 0, 0, 0, 2, 2, 1, 0, 2, 0, 2, 2, 1, 0, 1, 1, 1, 0, 0, 1, 0, 2, 1, 2, 2, 0, 0, 1, 1, 0, 2, 0, 2, 1, 0, 0, 2, 0, 0, 2, 0, 1, 1, 0, 0, 2, 1, 0, 2, 2, 0, 2, 2, 0, 1, 2, 1, 1, 2, 0, 1, 1, 1, 1, 2, 2, 1, 1, 0, 1, 0, 1, 0, 1, 0, 1, 1, 1, 1, 2, 0, 1, 1, 2, 0]|[0, 3, 0, 3, 4, 1, 4, 4, 2, 4, 3, 2, 1, 0, 2, 1, 1, 1, 2, 1, 1, 3, 0, 1, 0, 1, 1, 4, 1, 4, 3, 2, 2, 0, 4, 1, 1, 4, 0, 1, 2, 1, 4, 4, 2, 1, 0, 2, 3, 2, 2, 1, 2, 1, 1, 2, 4, 3, 0, 2, 2, 3, 1, 0, 1, 2, 1, 1, 2, 4, 1, 3, 4, 1, 2, 4, 3, 3, 3, 1, 1, 4, 4, 2, 3, 2, 4, 2, 3, 2, 3, 4, 4, 4, 1, 2, 3, 4, 1, 2]|[0, 2, 0, 0, 3, 0, 1, 3, 0, 0, 2, 0, 1, 0, 1, 0, 0, 0, 1, 0, 0, 2, 0, 0, 1, 0, 0, 3, 0, 1, 0, 2, 0, 1, 3, 0, 1, 3, 1, 0, 0, 0, 1, 3, 0, 0, 1, 0, 2, 0, 0, 0, 0, 0, 1, 0, 1, 0, 1, 1, 0, 2, 0, 0, 0, 0, 0, 0, 0, 2, 0, 0, 1, 0, 0, 1, 0, 0, 3, 0, 0, 1, 2, 0, 0, 0, 3, 0, 0, 0, 0, 2, 1, 3, 0, 0, 0, 1, 0, 0],881.3078588911275,51181.665227954974,107039.7203635026,false
27,G2_TEC,G2_TEC,[31, 22, 82, 15, 26, 9, 95, 42, 77, 68, 47, 5, 93, 78, 86, 54, 85, 63, 18, 44, 20, 49, 36, 14, 74, 50, 53, 17, 21, 28, 11, 64, 3, 23, 30, 83, 24, 41, 40, 52, 65, 27, 90, 70, 39, 87, 48, 69, 99, 4, 46, 1, 13, 58, 97, 59, 45, 8, 73, 37, 35, 79, 71, 66, 76, 32, 60, 80, 96, 6, 16, 61, 33, 7, 57, 34, 12, 67, 10, 98, 56, 88, 43, 75, 91, 38, 19, 92, 29, 84, 2, 72, 81, 25, 51, 55, 62, 89, 94, 0]|[2, 1, 2, 1, 1, 2, 1, 1, 1, 1, 1, 0, 2, 2, 1, 2, 0, 0, 0, 2, 2, 1, 0, 2, 0, 2, 2, 1, 0, 1, 1, 1, 0, 0, 1, 0, 2, 1, 2, 2, 0, 0, 1, 1, 0, 2, 0, 2, 1, 0, 0, 2, 0, 0, 2, 0, 1, 1, 0, 0, 2, 1, 1, 2, 2, 0, 2, 2, 0, 1, 2, 1, 1, 2, 0, 1, 1, 1, 1, 2, 2, 1, 1, 0, 1, 0, 1, 0, 1, 0, 2, 1, 1, 1, 1, 0, 1, 1, 2, 0]|[0, 3, 0, 3, 4, 1, 4, 4, 2, 4, 3, 2, 1, 0, 2, 1, 1, 1, 2, 1, 1, 3, 0, 1, 0, 1, 1, 4, 1, 4, 3, 2, 2, 0, 4, 1, 1, 4, 1, 1, 2, 1, 4, 4, 1, 1, 0, 2, 3, 2, 2, 1, 2, 1, 1, 2, 4, 3, 0, 2, 2, 3, 3, 0, 1, 2, 1, 1, 2, 4, 1, 3, 4, 1, 2, 4, 3, 3, 3, 1, 1, 4, 4, 2, 3, 2, 4, 2, 3, 2, 1, 4, 4, 4, 3, 2, 3, 4, 1, 2]|[0, 2, 0, 0, 3, 0, 1, 3, 0, 0, 2, 0, 1, 0, 1, 0, 0, 0, 1, 0, 0, 2, 0, 0, 1, 0, 0, 3, 0, 1, 0, 2, 0, 0, 3, 0, 1, 3, 0, 0, 0, 0, 1, 3, 0, 0, 1, 0, 2, 0, 0, 0, 0, 0, 1, 0, 1, 0, 1, 1, 0, 2, 0, 0, 0, 0, 0, 0, 0, 2, 0, 0, 1, 0, 0, 1, 0, 0, 3, 0, 0, 1, 2, 0, 0, 0, 1, 0, 3, 0, 0, 2, 1, 3, 0, 0, 0, 1, 0, 0],884.1935202920454,50174.268870086526,113547.00447605085,false
27,G3_TWC,G3_TWC,[31, 22, 82, 15, 26, 9, 42, 95, 77, 12, 47, 5, 93, 78, 86, 54, 85, 63, 18, 44, 20, 35, 43, 97, 91, 76, 10, 30, 21, 45, 71, 64, 1, 23, 17, 83, 24, 14, 60, 36, 6, 57, 94, 88, 65, 56, 79, 40, 67, 68, 46, 75, 38, 58, 19, 32, 81, 41, 27, 62, 87, 90, 99, 59, 11, 16, 72, 73, 69, 39, 37, 84, 3, 92, 25, 55, 28, 29, 51, 7, 33, 61, 98, 66, 89, 50, 48, 96, 80, 53, 8, 4, 34, 2, 52, 0, 13, 70, 49, 74]|[1, 1, 0, 1, 1, 1, 2, 1, 2, 1, 2, 2, 2, 1, 1, 0, 0, 1, 0, 2, 2, 0, 1, 2, 0, 1, 2, 2, 0, 0, 1, 2, 1, 2, 1, 0, 2, 0, 1, 1, 0, 1, 1, 1, 0, 2, 1, 1, 0, 0, 0, 0, 1, 1, 2, 1, 2, 0, 0, 0, 2, 1, 0, 1, 2, 1, 2, 1, 1, 1, 1, 1, 1, 0, 1, 2, 0, 0, 0, 1, 2, 1, 2, 2, 1, 0, 0, 2, 0, 0, 1, 0, 2, 0, 1, 0, 0, 1, 0, 2]|[4, 3, 2, 2, 0, 0, 2, 2, 2, 4, 1, 1, 2, 4, 4, 1, 2, 4, 2, 1, 1, 1, 1, 2, 1, 2, 1, 1, 1, 1, 3, 2, 3, 1, 4, 0, 1, 1, 0, 3, 2, 2, 2, 0, 1, 1, 0, 4, 0, 1, 2, 2, 1, 4, 0, 3, 2, 1, 1, 2, 1, 3, 1, 1, 1, 3, 0, 4, 3, 1, 4, 1, 1, 2, 4, 1, 2, 1, 1, 3, 1, 3, 1, 1, 1, 1, 1, 1, 1, 2, 3, 2, 1, 2, 1, 2, 2, 3, 1, 1]|[0, 2, 1, 1, 3, 3, 0, 1, 0, 0, 0, 0, 1, 0, 1, 0, 0, 3, 1, 0, 0, 0, 3, 1, 0, 2, 0, 0, 0, 1, 0, 0, 0, 0, 3, 0, 1, 0, 0, 2, 1, 1, 1, 0, 0, 0, 0, 2, 1, 0, 0, 0, 1, 3, 0, 0, 1, 0, 0, 1, 0, 2, 0, 1, 0, 2, 1, 0, 0, 1, 1, 3, 1, 1, 3, 0, 1, 0, 0, 2, 0, 0, 0, 0, 1, 0, 0, 0, 0, 1, 2, 1, 0, 0, 1, 0, 0, 0, 1, 0],778.5294090754865,57556.011360927005,92299.58483837318,false
27,G1_CMAX,G1_CMAX,[31, 22, 82, 15, 26, 99, 95, 42, 77, 12, 47, 5, 93, 78, 86, 54, 21, 63, 18, 44, 20, 35, 43, 97, 91, 76, 10, 30, 85, 45, 71, 64, 1, 23, 17, 83, 24, 14, 60, 36, 6, 57, 40, 88, 65, 56, 79, 94, 67, 68, 46, 75, 38, 9, 19, 32, 41, 81, 27, 87, 90, 58, 59, 11, 16, 72, 73, 70, 39, 37, 84, 3, 92, 25, 55, 48, 62, 29, 51, 7, 33, 61, 98, 28, 89, 50, 4, 96, 53, 80, 8, 66, 34, 49, 52, 0, 74, 69, 2, 13]|[1, 1, 0, 1, 1, 0, 1, 1, 2, 1, 2, 2, 2, 1, 1, 0, 0, 1, 0, 2, 2, 0, 1, 2, 0, 1, 2, 2, 0, 0, 1, 2, 1, 2, 1, 0, 2, 0, 1, 1, 0, 1, 1, 1, 0, 2, 1, 1, 0, 0, 0, 0, 1, 1, 2, 1, 0, 2, 0, 2, 1, 0, 1, 2, 1, 2, 1, 1, 1, 1, 1, 1, 0, 1, 2, 0, 0, 0, 0, 1, 2, 1, 2, 0, 1, 0, 1, 2, 0, 0, 1, 2, 2, 0, 1, 0, 2, 1, 0, 0]|[0, 3, 2, 2, 4, 1, 2, 3, 2, 4, 1, 1, 2, 4, 4, 1, 1, 4, 2, 1, 1, 1, 1, 2, 1, 2, 1, 1, 2, 1, 3, 2, 3, 1, 4, 0, 1, 1, 0, 3, 2, 2, 2, 0, 1, 1, 0, 4, 0, 1, 2, 2, 1, 4, 0, 3, 1, 1, 1, 1, 3, 1, 1, 1, 3, 0, 4, 3, 1, 4, 1, 1, 0, 4, 1, 1, 2, 1, 1, 1, 1, 3, 1, 2, 1, 1, 4, 1, 2, 1, 3, 1, 1, 1, 1, 2, 1, 4, 2, 2]|[0, 2, 1, 1, 3, 0, 1, 3, 0, 0, 0, 0, 1, 0, 1, 0, 0, 3, 1, 0, 0, 0, 3, 1, 0, 2, 0, 0, 0, 1, 0, 0, 0, 0, 3, 0, 1, 0, 0, 2, 1, 1, 1, 0, 0, 0, 0, 2, 1, 0, 0, 0, 1, 3, 0, 0, 0, 0, 0, 0, 2, 0, 1, 0, 2, 1, 0, 0, 1, 1, 3, 1, 1, 3, 0, 0, 1, 0, 0, 2, 0, 0, 0, 1, 1, 0, 0, 0, 1, 0, 2, 0, 0, 1, 1, 0, 0, 2, 0, 0],731.2476204416437,56806.84376103422,93275.64763277225,false
27,G4_BALANCED,G4_BALANCED,[31, 22, 82, 15, 26, 9, 95, 42, 77, 68, 47, 5, 93, 78, 86, 54, 85, 63, 18, 44, 20, 49, 36, 14, 74, 50, 53, 17, 21, 28, 71, 64, 3, 23, 30, 83, 24, 41, 60, 52, 65, 27, 90, 70, 39, 87, 48, 69, 99, 4, 46, 1, 13, 58, 97, 59, 45, 8, 73, 37, 35, 79, 11, 66, 76, 32, 40, 80, 96, 6, 16, 61, 33, 7, 57, 34, 12, 67, 10, 98, 56, 88, 43, 75, 91, 38, 19, 92, 29, 84, 51, 72, 89, 25, 2, 55, 62, 81, 94, 0]|[2, 1, 2, 1, 1, 2, 1, 1, 1, 1, 1, 0, 2, 2, 1, 2, 0, 0, 0, 2, 2, 1, 0, 2, 0, 2, 2, 1, 0, 1, 1, 1, 0, 0, 1, 0, 2, 1, 2, 2, 0, 0, 1, 1, 0, 2, 0, 2, 1, 0, 0, 2, 0, 0, 2, 0, 1, 1, 0, 0, 2, 1, 0, 2, 2, 0, 2, 2, 0, 1, 2, 1, 1, 2, 0, 1, 1, 1, 1, 2, 2, 1, 1, 0, 1, 0, 1, 0, 1, 0, 1, 1, 1, 1, 2, 0, 1, 1, 2, 0]|[0, 3, 0, 3, 4, 1, 4, 4, 2, 4, 3, 2, 1, 0, 2, 1, 1, 1, 2, 1, 1, 3, 0, 1, 0, 1, 1, 4, 1, 4, 3, 2, 2, 0, 4, 1, 1, 4, 0, 1, 2, 1, 4, 4, 2, 1, 0, 2, 3, 2, 2, 1, 2, 1, 1, 2, 4, 3, 0, 2, 2, 3, 1, 0, 1, 2, 1, 1, 2, 4, 1, 3, 4, 1, 2, 4, 3, 3, 3, 1, 1, 4, 4, 2, 3, 2, 4, 2, 3, 2, 3, 4, 4, 4, 1, 2, 3, 4, 1, 2]|[0, 2, 0, 0, 3, 0, 1, 3, 0, 0, 2, 0, 1, 0, 1, 0, 0, 0, 1, 0, 0, 2, 0, 0, 1, 0, 0, 3, 0, 1, 0, 2, 0, 1, 3, 0, 1, 3, 1, 0, 0, 0, 1, 3, 0, 0, 1, 0, 2, 0, 0, 0, 0, 0, 1, 0, 1, 0, 1, 1, 0, 2, 0, 0, 0, 0, 0, 0, 0, 2, 0, 0, 1, 0, 0, 1, 0, 0, 3, 0, 0, 1, 2, 0, 0, 0, 3, 0, 0, 0, 0, 2, 1, 3, 0, 0, 0, 1, 0, 0],881.3078588911275,51181.665227954974,107039.7203635026,false
27,G2_TEC,G2_TEC,[31, 22, 82, 15, 26, 9, 95, 42, 77, 68, 47, 5, 93, 78, 86, 54, 85, 63, 18, 44, 20, 49, 36, 14, 74, 50, 53, 17, 21, 28, 11, 64, 3, 23, 30, 83, 24, 41, 40, 52, 65, 27, 90, 70, 39, 87, 48, 69, 99, 4, 46, 1, 13, 58, 97, 59, 45, 8, 73, 37, 35, 79, 71, 66, 76, 32, 60, 80, 96, 6, 16, 61, 33, 7, 57, 34, 12, 67, 10, 98, 56, 88, 43, 75, 91, 38, 19, 92, 29, 84, 2, 72, 81, 25, 51, 55, 62, 89, 94, 0]|[2, 1, 2, 1, 1, 2, 1, 1, 1, 1, 1, 0, 2, 2, 1, 2, 0, 0, 0, 2, 2, 1, 0, 2, 0, 2, 2, 1, 0, 1, 1, 1, 0, 0, 1, 0, 2, 1, 2, 2, 0, 0, 1, 1, 0, 2, 0, 2, 1, 0, 0, 2, 0, 0, 2, 0, 1, 1, 0, 0, 2, 1, 1, 2, 2, 0, 2, 2, 0, 1, 2, 1, 1, 2, 0, 1, 1, 1, 1, 2, 2, 1, 1, 0, 1, 0, 1, 0, 1, 0, 2, 1, 1, 1, 1, 0, 1, 1, 2, 0]|[0, 3, 0, 3, 4, 1, 4, 4, 2, 4, 3, 2, 1, 0, 2, 1, 1, 1, 2, 1, 1, 3, 0, 1, 0, 1, 1, 4, 1, 4, 3, 2, 2, 0, 4, 1, 1, 4, 1, 1, 2, 1, 4, 4, 1, 1, 0, 2, 3, 2, 2, 1, 2, 1, 1, 2, 4, 3, 0, 2, 2, 3, 3, 0, 1, 2, 1, 1, 2, 4, 1, 3, 4, 1, 2, 4, 3, 3, 3, 1, 1, 4, 4, 2, 3, 2, 4, 2, 3, 2, 1, 4, 4, 4, 3, 2, 3, 4, 1, 2]|[0, 2, 0, 0, 3, 0, 1, 3, 0, 0, 2, 0, 1, 0, 1, 0, 0, 0, 1, 0, 0, 2, 0, 0, 1, 0, 0, 3, 0, 1, 0, 2, 0, 0, 3, 0, 1, 3, 0, 0, 0, 0, 1, 3, 0, 0, 1, 0, 2, 0, 0, 0, 0, 0, 1, 0, 1, 0, 1, 1, 0, 2, 0, 0, 0, 0, 0, 0, 0, 2, 0, 0, 1, 0, 0, 1, 0, 0, 3, 0, 0, 1, 2, 0, 0, 0, 1, 0, 3, 0, 0, 2, 1, 3, 0, 0, 0, 1, 0, 0],884.1935202920454,50174.268870086526,113547.00447605085,false
27,G3_TWC,G3_TWC,[31, 22, 82, 15, 26, 58, 95, 42, 77, 12, 47, 5, 93, 78, 98, 54, 85, 63, 18, 44, 20, 35, 43, 97, 91, 76, 10, 30, 21, 45, 71, 64, 1, 23, 17, 83, 24, 14, 60, 36, 6, 57, 94, 88, 65, 56, 79, 40, 67, 68, 46, 75, 38, 9, 19, 32, 81, 41, 27, 62, 87, 90, 99, 59, 11, 16, 72, 73, 70, 39, 37, 84, 3, 92, 25, 55, 28, 29, 51, 7, 33, 61, 86, 66, 89, 50, 48, 96, 53, 8, 80, 4, 34, 49, 52, 0, 13, 69, 2, 74]|[1, 1, 0, 1, 1, 1, 2, 1, 2, 1, 2, 2, 2, 1, 1, 0, 0, 1, 0, 2, 2, 0, 1, 2, 0, 1, 2, 2, 0, 0, 1, 2, 1, 2, 1, 0, 2, 0, 1, 1, 0, 1, 1, 1, 0, 2, 1, 1, 0, 0, 0, 0, 1, 1, 2, 1, 2, 0, 0, 0, 2, 1, 0, 1, 2, 1, 2, 1, 1, 1, 1, 1, 1, 0, 1, 1, 0, 0, 0, 1, 2, 1, 0, 2, 1, 0, 0, 0, 0, 1, 0, 0, 2, 0, 1, 0, 0, 1, 0, 2]|[4, 3, 2, 2, 0, 0, 2, 2, 2, 4, 1, 1, 2, 4, 4, 1, 2, 4, 2, 1, 1, 1, 1, 2, 1, 2, 1, 1, 1, 1, 3, 2, 3, 0, 4, 0, 1, 1, 0, 3, 2, 2, 4, 0, 1, 1, 0, 2, 0, 1, 2, 2, 1, 4, 0, 3, 2, 1, 1, 2, 1, 3, 1, 1, 1, 3, 0, 4, 3, 1, 4, 1, 1, 2, 4, 4, 2, 1, 1, 3, 1, 3, 1, 1, 1, 1, 1, 1, 2, 3, 1, 2, 1, 1, 1, 2, 2, 3, 2, 1]|[0, 2, 1, 1, 3, 3, 0, 1, 0, 0, 0, 0, 1, 0, 1, 0, 0, 3, 1, 0, 0, 0, 3, 1, 0, 2, 0, 0, 0, 1, 0, 0, 0, 0, 3, 0, 1, 0, 0, 2, 1, 1, 2, 0, 0, 0, 0, 1, 1, 0, 0, 0, 1, 3, 0, 0, 1, 0, 0, 1, 0, 2, 0, 1, 0, 2, 1, 0, 0, 1, 1, 3, 1, 1, 3, 3, 1, 0, 0, 2, 0, 0, 0, 0, 1, 0, 0, 0, 1, 2, 0, 1, 0, 1, 1, 0, 0, 0, 0, 0],802.1274951829081,57956.38699448537,89691.2003308727,false
27,G1_CMAX,G1_CMAX,[31, 22, 82, 15, 26, 99, 95, 42, 77, 12, 47, 5, 93, 78, 86, 54, 21, 63, 18, 44, 20, 35, 43, 97, 91, 76, 10, 30, 85, 45, 71, 64, 1, 23, 17, 83, 24, 14, 60, 36, 6, 57, 40, 88, 65, 56, 79, 94, 67, 68, 46, 75, 38, 9, 19, 32, 41, 81, 27, 87, 90, 58, 59, 11, 16, 72, 73, 70, 39, 37, 84, 3, 92, 25, 55, 48, 62, 29, 51, 7, 33, 61, 98, 28, 89, 50, 4, 96, 53, 80, 8, 66, 34, 49, 52, 0, 74, 69, 2, 13]|[1, 1, 0, 1, 1, 0, 1, 1, 2, 1, 2, 2, 2, 1, 1, 0, 0, 1, 0, 2, 2, 0, 1, 2, 0, 1, 2, 2, 0, 0, 1, 2, 1, 2, 1, 0, 2, 0, 1, 1, 0, 1, 1, 1, 0, 2, 1, 1, 0, 0, 0, 0, 1, 1, 2, 1, 0, 2, 0, 2, 1, 0, 1, 2, 1, 2, 1, 1, 1, 1, 1, 1, 0, 1, 2, 0, 0, 0, 0, 1, 2, 1, 2, 0, 1, 0, 1, 2, 0, 0, 1, 2, 2, 0, 1, 0, 2, 1, 0, 0]|[0, 3, 2, 2, 4, 1, 2, 3, 2, 4, 1, 1, 2, 4, 4, 1, 1, 4, 2, 1, 1, 1, 1, 2, 1, 2, 1, 1, 2, 1, 3, 2, 3, 1, 4, 0, 1, 1, 0, 3, 2, 2, 2, 0, 1, 1, 0, 4, 0, 1, 2, 2, 1, 4, 0, 3, 1, 1, 1, 1, 3, 1, 1, 1, 3, 0, 4, 3, 1, 4, 1, 1, 0, 4, 1, 1, 2, 1, 1, 1, 1, 3, 1, 2, 1, 1, 4, 1, 2, 1, 3, 1, 1, 1, 1, 2, 1, 4, 2, 2]|[0, 2, 1, 1, 3, 0, 1, 3, 0, 0, 0, 0, 1, 0, 1, 0, 0, 3, 1, 0, 0, 0, 3, 1, 0, 2, 0, 0, 0, 1, 0, 0, 0, 0, 3, 0, 1, 0, 0, 2, 1, 1, 1, 0, 0, 0, 0, 2, 1, 0, 0, 0, 1, 3, 0, 0, 0, 0, 0, 0, 2, 0, 1, 0, 2, 1, 0, 0, 1, 1, 3, 1, 1, 3, 0, 0, 1, 0, 0, 2, 0, 0, 0, 1, 1, 0, 0, 0, 1, 0, 2, 0, 0, 1, 1, 0, 0, 2, 0, 0],731.2476204416437,56806.84376103422,93275.64763277225,false
27,G4_BALANCED,G4_BALANCED,[31, 11, 15, 82, 26, 9, 95, 32, 77, 68, 47, 5, 93, 78, 86, 54, 85, 63, 18, 44, 20, 49, 36, 14, 74, 50, 53, 17, 21, 45, 71, 64, 3, 23, 30, 83, 24, 41, 60, 52, 65, 27, 90, 70, 39, 87, 48, 69, 99, 4, 46, 1, 13, 58, 97, 59, 28, 75, 73, 37, 35, 79, 22, 66, 76, 42, 40, 80, 96, 6, 16, 61, 33, 7, 57, 34, 12, 67, 10, 98, 56, 88, 29, 94, 91, 38, 19, 92, 43, 84, 62, 72, 81, 25, 2, 55, 8, 89, 51, 0]|[2, 1, 1, 2, 1, 2, 1, 1, 1, 1, 1, 0, 2, 2, 1, 2, 0, 0, 0, 2, 2, 1, 0, 2, 0, 2, 2, 1, 0, 1, 1, 1, 0, 0, 1, 0, 2, 1, 2, 2, 0, 0, 1, 1, 0, 2, 0, 2, 1, 0, 0, 2, 0, 0, 2, 0, 1, 0, 0, 0, 2, 1, 0, 2, 2, 0, 2, 2, 0, 1, 2, 1, 1, 2, 0, 1, 1, 1, 1, 2, 2, 1, 1, 2, 1, 0, 1, 0, 1, 0, 1, 1, 1, 1, 2, 0, 1, 1, 1, 0]|[1, 3, 2, 0, 4, 1, 4, 4, 2, 4, 3, 2, 1, 0, 2, 1, 1, 1, 2, 1, 1, 3, 0, 1, 0, 1, 1, 4, 1, 4, 3, 2, 2, 0, 4, 1, 1, 4, 0, 1, 2, 1, 4, 4, 1, 1, 0, 2, 3, 2, 2, 1, 2, 1, 1, 2, 4, 2, 0, 2, 2, 3, 1, 0, 1, 2, 0, 1, 2, 4, 1, 3, 4, 1, 2, 4, 3, 3, 3, 1, 1, 4, 3, 1, 3, 2, 4, 2, 4, 2, 3, 4, 1, 4, 1, 2, 3, 4, 3, 2]|[1, 2, 1, 0, 3, 0, 1, 3, 0, 0, 2, 0, 1, 0, 1, 0, 0, 0, 1, 0, 0, 2, 0, 0, 1, 0, 0, 3, 0, 1, 0, 2, 0, 1, 3, 0, 1, 3, 1, 0, 0, 0, 1, 3, 0, 0, 1, 0, 2, 0, 0, 0, 0, 0, 1, 0, 1, 0, 1, 1, 0, 2, 0, 0, 0, 0, 0, 0, 0, 2, 0, 0, 1, 0, 0, 1, 0, 0, 3, 0, 0, 1, 0, 0, 0, 0, 3, 0, 2, 0, 0, 2, 1, 3, 0, 0, 0, 1, 0, 0],842.584363225019,52352.15155925938,107294.36147715819,false
27,G2_TEC,G2_TEC,[31, 22, 82, 15, 26, 9, 95, 42, 77, 68, 47, 5, 93, 78, 86, 54, 85, 63, 18, 44, 20, 49, 36, 14, 74, 50, 53, 17, 21, 28, 11, 64, 3, 23, 30, 83, 24, 41, 40, 52, 65, 27, 90, 70, 39, 87, 48, 69, 99, 4, 46, 1, 13, 58, 97, 59, 45, 8, 73, 37, 35, 79, 71, 66, 76, 32, 60, 80, 96, 6, 16, 61, 33, 7, 57, 34, 12, 67, 10, 98, 56, 88, 43, 75, 91, 38, 19, 92, 29, 2, 51, 72, 81, 62, 0, 55, 94, 89, 25, 84]|[2, 1, 2, 1, 1, 2, 1, 1, 1, 1, 1, 0, 2, 2, 1, 2, 0, 0, 0, 2, 2, 1, 0, 2, 0, 2, 2, 1, 0, 1, 1, 1, 0, 0, 1, 0, 2, 1, 2, 2, 0, 0, 1, 1, 0, 2, 0, 2, 1, 0, 0, 2, 0, 0, 2, 0, 1, 1, 0, 0, 2, 1, 1, 2, 2, 0, 2, 2, 0, 1, 2, 1, 1, 2, 0, 1, 1, 1, 1, 2, 2, 1, 1, 0, 1, 0, 1, 0, 1, 2, 1, 1, 1, 1, 0, 0, 2, 1, 1, 0]|[0, 3, 0, 3, 4, 1, 4, 4, 2, 4, 3, 2, 1, 0, 2, 1, 1, 1, 2, 1, 1, 3, 0, 1, 0, 1, 1, 4, 1, 4, 3, 2, 2, 0, 4, 1, 1, 4, 0, 1, 2, 1, 4, 4, 1, 1, 0, 2, 3, 2, 2, 1, 2, 1, 1, 2, 4, 3, 0, 2, 2, 3, 3, 0, 1, 2, 1, 1, 2, 4, 1, 3, 4, 1, 2, 4, 3, 3, 3, 1, 1, 4, 4, 2, 3, 2, 4, 2, 3, 1, 3, 4, 4, 3, 2, 2, 1, 4, 4, 2]|[0, 2, 0, 0, 3, 0, 1, 3, 0, 0, 2, 0, 1, 0, 1, 0, 0, 0, 1, 0, 0, 2, 0, 0, 1, 0, 0, 3, 0, 1, 0, 2, 0, 0, 3, 0, 1, 3, 1, 0, 0, 0, 1, 3, 0, 0, 1, 0, 2, 0, 0, 0, 0, 0, 1, 0, 1, 0, 1, 1, 0, 2, 0, 0, 0, 0, 0, 0, 0, 2, 0, 0, 1, 0, 0, 1, 0, 0, 3, 0, 0, 1, 2, 0, 0, 0, 1, 0, 3, 0, 0, 2, 1, 0, 0, 0, 0, 1, 3, 0],896.0530819850678,50495.68008782722,109832.43374558234,false
27,G3_TWC,G3_TWC,[31, 22, 82, 15, 26, 58, 95, 42, 77, 12, 47, 5, 93, 78, 98, 54, 85, 63, 18, 44, 20, 35, 43, 97, 91, 76, 10, 30, 21, 45, 71, 64, 1, 23, 17, 83, 24, 14, 60, 36, 6, 57, 94, 88, 65, 56, 79, 40, 67, 68, 46, 75, 38, 9, 19, 32, 81, 41, 27, 62, 87, 90, 99, 59, 11, 16, 72, 73, 70, 39, 37, 84, 3, 92, 25, 55, 28, 29, 51, 7, 33, 61, 86, 66, 89, 50, 48, 96, 53, 8, 80, 4, 34, 49, 52, 0, 13, 69, 2, 74]|[1, 1, 0, 1, 1, 1, 2, 1, 2, 1, 2, 2, 2, 1, 1, 0, 0, 1, 0, 2, 2, 0, 1, 2, 0, 1, 2, 2, 0, 0, 1, 2, 1, 2, 1, 0, 2, 0, 1, 1, 0, 1, 1, 1, 0, 2, 1, 1, 0, 0, 0, 0, 1, 1, 2, 1, 2, 0, 0, 0, 2, 1, 0, 1, 2, 1, 2, 1, 1, 1, 1, 1, 1, 0, 1, 1, 0, 0, 0, 1, 2, 1, 0, 2, 1, 0, 0, 0, 0, 1, 0, 0, 2, 0, 1, 0, 0, 1, 0, 2]|[4, 3, 2, 2, 0, 0, 2, 2, 2, 4, 1, 1, 2, 4, 4, 1, 2, 4, 2, 1, 1, 1, 1, 2, 1, 2, 1, 1, 1, 1, 3, 2, 3, 0, 4, 0, 1, 1, 0, 3, 2, 2, 4, 0, 1, 1, 0, 2, 0, 1, 2, 2, 1, 4, 0, 3, 2, 1, 1, 2, 1, 3, 1, 1, 1, 3, 0, 4, 3, 1, 4, 1, 1, 2, 4, 4, 2, 1, 1, 3, 1, 3, 1, 1, 1, 1, 1, 1, 2, 3, 1, 2, 1, 1, 1, 2, 2, 3, 2, 1]|[0, 2, 1, 1, 3, 3, 0, 1, 0, 0, 0, 0, 1, 0, 1, 0, 0, 3, 1, 0, 0, 0, 3, 1, 0, 2, 0, 0, 0, 1, 0, 0, 0, 0, 3, 0, 1, 0, 0, 2, 1, 1, 2, 0, 0, 0, 0, 1, 1, 0, 0, 0, 1, 3, 0, 0, 1, 0, 0, 1, 0, 2, 0, 1, 0, 2, 1, 0, 0, 1, 1, 3, 1, 1, 3, 3, 1, 0, 0, 2, 0, 0, 0, 0, 1, 0, 0, 0, 1, 2, 0, 1, 0, 1, 1, 0, 0, 0, 0, 0],802.1274951829081,57956.38699448537,89691.2003308727,false
27,G1_CMAX,G1_CMAX,[31, 22, 82, 15, 26, 99, 95, 42, 77, 12, 47, 5, 93, 78, 86, 54, 21, 63, 18, 44, 20, 35, 43, 97, 91, 76, 10, 30, 85, 45, 71, 64, 1, 23, 17, 83, 24, 14, 60, 36, 6, 57, 40, 88, 65, 56, 79, 94, 67, 68, 46, 75, 38, 9, 19, 32, 41, 81, 27, 87, 90, 58, 59, 11, 16, 72, 73, 70, 39, 37, 84, 3, 92, 25, 55, 48, 62, 29, 51, 7, 33, 61, 98, 28, 89, 50, 4, 96, 53, 80, 8, 66, 34, 49, 52, 0, 74, 69, 2, 13]|[1, 1, 0, 1, 1, 0, 1, 1, 2, 1, 2, 2, 2, 1, 1, 0, 0, 1, 0, 2, 2, 0, 1, 2, 0, 1, 2, 2, 0, 0, 1, 2, 1, 2, 1, 0, 2, 0, 1, 1, 0, 1, 1, 1, 0, 2, 1, 1, 0, 0, 0, 0, 1, 1, 2, 1, 0, 2, 0, 2, 1, 0, 1, 2, 1, 2, 1, 1, 1, 1, 1, 1, 0, 1, 2, 0, 0, 0, 0, 1, 2, 1, 2, 0, 1, 0, 1, 2, 0, 0, 1, 2, 2, 0, 1, 0, 2, 1, 0, 0]|[0, 3, 2, 2, 4, 1, 2, 3, 2, 4, 1, 1, 2, 4, 4, 1, 1, 4, 2, 1, 1, 1, 1, 2, 1, 2, 1, 1, 2, 1, 3, 2, 3, 1, 4, 0, 1, 1, 0, 3, 2, 2, 2, 0, 1, 1, 0, 4, 0, 1, 2, 2, 1, 4, 0, 3, 1, 1, 1, 1, 3, 1, 1, 1, 3, 0, 4, 3, 1, 4, 1, 1, 0, 4, 1, 1, 2, 1, 1, 1, 1, 3, 1, 2, 1, 1, 4, 1, 2, 1, 3, 1, 1, 1, 1, 2, 1, 4, 2, 2]|[0, 2, 1, 1, 3, 0, 1, 3, 0, 0, 0, 0, 1, 0, 1, 0, 0, 3, 1, 0, 0, 0, 3, 1, 0, 2, 0, 0, 0, 1, 0, 0, 0, 0, 3, 0, 1, 0, 0, 2, 1, 1, 1, 0, 0, 0, 0, 2, 1, 0, 0, 0, 1, 3, 0, 0, 0, 0, 0, 0, 2, 0, 1, 0, 2, 1, 0, 0, 1, 1, 3, 1, 1, 3, 0, 0, 1, 0, 0, 2, 0, 0, 0, 1, 1, 0, 0, 0, 1, 0, 2, 0, 0, 1, 1, 0, 0, 2, 0, 0],731.2476204416437,56806.84376103422,93275.64763277225,false
27,G4_BALANCED,G4_BALANCED,[31, 11, 15, 82, 26, 9, 95, 32, 77, 68, 47, 5, 93, 78, 86, 54, 85, 63, 18, 44, 20, 49, 36, 14, 74, 50, 53, 17, 21, 45, 71, 64, 3, 23, 30, 83, 24, 41, 60, 52, 65, 27, 90, 70, 39, 87, 48, 69, 99, 4, 46, 1, 13, 58, 97, 59, 28, 75, 73, 37, 35, 79, 22, 66, 76, 42, 40, 80, 96, 6, 16, 61, 33, 7, 57, 34, 12, 67, 10, 98, 56, 88, 29, 94, 91, 38, 19, 92, 43, 84, 62, 72, 81, 25, 2, 55, 8, 89, 51, 0]|[2, 1, 1, 2, 1, 2, 1, 1, 1, 1, 1, 0, 2, 2, 1, 2, 0, 0, 0, 2, 2, 1, 0, 2, 0, 2, 2, 1, 0, 1, 1, 1, 0, 0, 1, 0, 2, 1, 2, 2, 0, 0, 1, 1, 0, 2, 0, 2, 1, 0, 0, 2, 0, 0, 2, 0, 1, 0, 0, 0, 2, 1, 0, 2, 2, 0, 2, 2, 0, 1, 2, 1, 1, 2, 0, 1, 1, 1, 1, 2, 2, 1, 1, 2, 1, 0, 1, 0, 1, 0, 1, 1, 1, 1, 2, 0, 1, 1, 1, 0]|[1, 3, 2, 0, 4, 1, 4, 4, 2, 4, 3, 2, 1, 0, 2, 1, 1, 1, 2, 1, 1, 3, 0, 1, 0, 1, 1, 4, 1, 4, 3, 2, 2, 0, 4, 1, 1, 4, 0, 1, 2, 1, 4, 4, 1, 1, 0, 2, 3, 2, 2, 1, 2, 1, 1, 2, 4, 2, 0, 2, 2, 3, 1, 0, 1, 2, 0, 1, 2, 4, 1, 3, 4, 1, 2, 4, 3, 3, 3, 1, 1, 4, 3, 1, 3, 2, 4, 2, 4, 2, 3, 4, 1, 4, 1, 2, 3, 4, 3, 2]|[1, 2, 1, 0, 3, 0, 1, 3, 0, 0, 2, 0, 1, 0, 1, 0, 0, 0, 1, 0, 0, 2, 0, 0, 1, 0, 0, 3, 0, 1, 0, 2, 0, 1, 3, 0, 1, 3, 1, 0, 0, 0, 1, 3, 0, 0, 1, 0, 2, 0, 0, 0, 0, 0, 1, 0, 1, 0, 1, 1, 0, 2, 0, 0, 0, 0, 0, 0, 0, 2, 0, 0, 1, 0, 0, 1, 0, 0, 3, 0, 0, 1, 0, 0, 0, 0, 3, 0, 2, 0, 0, 2, 1, 3, 0, 0, 0, 1, 0, 0],842.584363225019,52352.15155925938,107294.36147715819,false
27,G2_TEC,G4_BALANCED,[31, 11, 82, 15, 26, 9, 95, 42, 77, 68, 47, 5, 93, 78, 86, 54, 85, 63, 18, 44, 20, 49, 36, 14, 74, 50, 53, 17, 21, 45, 71, 64, 3, 23, 30, 83, 24, 41, 60, 52, 65, 27, 90, 70, 39, 87, 48, 69, 99, 4, 46, 1, 13, 58, 97, 59, 28, 75, 73, 37, 35, 79, 22, 66, 76, 32, 40, 80, 96, 6, 61, 16, 33, 7, 57, 34, 12, 67, 10, 98, 56, 88, 29, 25, 91, 38, 19, 92, 43, 84, 51, 72, 81, 8, 2, 55, 0, 62, 89, 94]|[2, 1, 2, 1, 1, 2, 1, 1, 1, 1, 1, 0, 2, 2, 1, 2, 0, 0, 0, 2, 2, 1, 0, 2, 0, 2, 2, 1, 0, 1, 1, 1, 0, 0, 1, 0, 2, 1, 2, 2, 0, 0, 1, 1, 0, 2, 0, 2, 1, 0, 0, 2, 0, 0, 2, 0, 1, 1, 0, 0, 2, 1, 0, 2, 2, 0, 2, 2, 0, 1, 1, 2, 1, 2, 0, 1, 1, 1, 1, 2, 2, 1, 1, 1, 1, 0, 1, 0, 1, 0, 1, 1, 1, 0, 2, 0, 0, 1, 1, 2]|[0, 3, 0, 2, 4, 1, 4, 4, 2, 4, 3, 2, 1, 0, 2, 1, 1, 1, 2, 1, 1, 3, 0, 1, 0, 1, 1, 4, 1, 4, 3, 2, 2, 0, 4, 1, 1, 4, 0, 1, 2, 1, 4, 4, 1, 1, 0, 2, 3, 1, 2, 1, 2, 1, 1, 2, 4, 3, 0, 2, 2, 3, 1, 0, 1, 2, 0, 1, 2, 4, 3, 1, 4, 1, 2, 4, 3, 3, 3, 1, 1, 4, 3, 4, 3, 2, 4, 2, 4, 2, 3, 4, 1, 2, 1, 2, 2, 3, 4, 1]|[0, 2, 0, 1, 3, 0, 1, 3, 0, 0, 2, 0, 1, 0, 1, 0, 0, 0, 1, 0, 0, 2, 0, 0, 1, 0, 0, 3, 0, 1, 0, 2, 0, 1, 3, 0, 1, 3, 0, 0, 0, 0, 1, 3, 0, 0, 1, 0, 2, 0, 0, 0, 0, 0, 1, 0, 1, 0, 1, 1, 0, 2, 0, 0, 0, 0, 0, 0, 0, 2, 0, 0, 1, 0, 0, 1, 0, 0, 3, 0, 0, 1, 0, 3, 0, 0, 3, 0, 2, 0, 0, 2, 1, 0, 0, 0, 0, 0, 1, 0],855.0393744413956,51684.66824914086,111484.00316030454,true
27,G3_TWC,G3_TWC,[31, 22, 82, 15, 26, 58, 95, 42, 77, 12, 47, 5, 93, 78, 98, 54, 85, 63, 18, 44, 20, 35, 43, 97, 91, 76, 10, 30, 21, 45, 71, 64, 1, 23, 17, 83, 24, 14, 60, 36, 6, 57, 94, 88, 65, 56, 79, 40, 67, 68, 46, 75, 38, 9, 19, 32, 81, 41, 27, 62, 87, 90, 99, 59, 11, 16, 72, 73, 70, 39, 37, 84, 3, 92, 25, 55, 28, 29, 51, 7, 33, 61, 86, 66, 89, 50, 48, 96, 53, 8, 80, 4, 34, 49, 52, 0, 13, 69, 2, 74]|[1, 1, 0, 1, 1, 1, 2, 1, 2, 1, 2, 2, 2, 1, 1, 0, 0, 1, 0, 2, 2, 0, 1, 2, 0, 1, 2, 2, 0, 0, 1, 2, 1, 2, 1, 0, 2, 0, 1, 1, 0, 1, 1, 1, 0, 2, 1, 1, 0, 0, 0, 0, 1, 1, 2, 1, 2, 0, 0, 0, 2, 1, 0, 1, 2, 1, 2, 1, 1, 1, 1, 1, 1, 0, 1, 1, 0, 0, 0, 1, 2, 1, 0, 2, 1, 0, 0, 0, 0, 1, 0, 0, 2, 0, 1, 0, 0, 1, 0, 2]|[4, 3, 2, 2, 0, 0, 2, 2, 2, 4, 1, 1, 2, 4, 4, 1, 2, 4, 2, 1, 1, 1, 1, 2, 1, 2, 1, 1, 1, 1, 3, 2, 3, 0, 4, 0, 1, 1, 0, 3, 2, 2, 4, 0, 1, 1, 0, 2, 0, 1, 2, 2, 1, 4, 0, 3, 2, 1, 1, 2, 1, 3, 1, 1, 1, 3, 0, 4, 3, 1, 4, 1, 1, 2, 4, 4, 2, 1, 1, 3, 1, 3, 1, 1, 1, 1, 1, 1, 2, 3, 1, 2, 1, 1, 1, 2, 2, 3, 2, 1]|[0, 2, 1, 1, 3, 3, 0, 1, 0, 0, 0, 0, 1, 0, 1, 0, 0, 3, 1, 0, 0, 0, 3, 1, 0, 2, 0, 0, 0, 1, 0, 0, 0, 0, 3, 0, 1, 0, 0, 2, 1, 1, 2, 0, 0, 0, 0, 1, 1, 0, 0, 0, 1, 3, 0, 0, 1, 0, 0, 1, 0, 2, 0, 1, 0, 2, 1, 0, 0, 1, 1, 3, 1, 1, 3, 3, 1, 0, 0, 2, 0, 0, 0, 0, 1, 0, 0, 0, 1, 2, 0, 1, 0, 1, 1, 0, 0, 0, 0, 0],802.1274951829081,57956.38699448537,89691.2003308727,false
27,G1_CMAX,G1_CMAX,[31, 22, 82, 15, 26, 99, 95, 42, 77, 12, 47, 5, 93, 78, 86, 54, 21, 63, 18, 44, 20, 35, 43, 97, 91, 76, 10, 30, 85, 45, 71, 64, 1, 23, 17, 83, 24, 14, 60, 36, 6, 57, 40, 88, 65, 56, 79, 94, 67, 68, 46, 75, 38, 9, 19, 32, 41, 81, 27, 87, 90, 58, 59, 11, 16, 72, 73, 70, 39, 37, 84, 3, 92, 25, 55, 48, 62, 29, 51, 7, 33, 61, 98, 28, 89, 50, 4, 96, 53, 80, 8, 66, 34, 49, 52, 0, 74, 69, 2, 13]|[1, 1, 0, 1, 1, 0, 1, 1, 2, 1, 2, 2, 2, 1, 1, 0, 0, 1, 0, 2, 2, 0, 1, 2, 0, 1, 2, 2, 0, 0, 1, 2, 1, 2, 1, 0, 2, 0, 1, 1, 0, 1, 1, 1, 0, 2, 1, 1, 0, 0, 0, 0, 1, 1, 2, 1, 0, 2, 0, 2, 1, 0, 1, 2, 1, 2, 1, 1, 1, 1, 1, 1, 0, 1, 2, 0, 0, 0, 0, 1, 2, 1, 2, 0, 1, 0, 1, 2, 0, 0, 1, 2, 2, 0, 1, 0, 2, 1, 0, 0]|[0, 3, 2, 2, 4, 1, 2, 3, 2, 4, 1, 1, 2, 4, 4, 1, 1, 4, 2, 1, 1, 1, 1, 2, 1, 2, 1, 1, 2, 1, 3, 2, 3, 1, 4, 0, 1, 1, 0, 3, 2, 2, 2, 0, 1, 1, 0, 4, 0, 1, 2, 2, 1, 4, 0, 3, 1, 1, 1, 1, 3, 1, 1, 1, 3, 0, 4, 3, 1, 4, 1, 1, 0, 4, 1, 1, 2, 1, 1, 1, 1, 3, 1, 2, 1, 1, 4, 1, 2, 1, 3, 1, 1, 1, 1, 2, 1, 4, 2, 2]|[0, 2, 1, 1, 3, 0, 1, 3, 0, 0, 0, 0, 1, 0, 1, 0, 0, 3, 1, 0, 0, 0, 3, 1, 0, 2, 0, 0, 0, 1, 0, 0, 0, 0, 3, 0, 1, 0, 0, 2, 1, 1, 1, 0, 0, 0, 0, 2, 1, 0, 0, 0, 1, 3, 0, 0, 0, 0, 0, 0, 2, 0, 1, 0, 2, 1, 0, 0, 1, 1, 3, 1, 1, 3, 0, 0, 1, 0, 0, 2, 0, 0, 0, 1, 1, 0, 0, 0, 1, 0, 2, 0, 0, 1, 1, 0, 0, 2, 0, 0],731.2476204416437,56806.84376103422,93275.64763277225,false
27,G4_BALANCED,G4_BALANCED,[31, 11, 15, 82, 26, 9, 95, 32, 77, 68, 47, 5, 93, 78, 86, 54, 85, 63, 18, 44, 20, 49, 36, 14, 74, 50, 53, 17, 21, 45, 71, 64, 3, 23, 30, 83, 24, 41, 60, 52, 65, 27, 90, 70, 39, 87, 48, 69, 99, 4, 46, 1, 13, 58, 97, 59, 28, 75, 73, 37, 35, 79, 22, 66, 76, 42, 40, 80, 96, 6, 16, 61, 33, 7, 57, 34, 12, 67, 10, 98, 56, 88, 29, 94, 91, 38, 19, 92, 43, 84, 62, 72, 81, 25, 2, 55, 8, 89, 51, 0]|[2, 1, 1, 2, 1, 2, 1, 1, 1, 1, 1, 0, 2, 2, 1, 2, 0, 0, 0, 2, 2, 1, 0, 2, 0, 2, 2, 1, 0, 1, 1, 1, 0, 0, 1, 0, 2, 1, 2, 2, 0, 0, 1, 1, 0, 2, 0, 2, 1, 0, 0, 2, 0, 0, 2, 0, 1, 0, 0, 0, 2, 1, 0, 2, 2, 0, 2, 2, 0, 1, 2, 1, 1, 2, 0, 1, 1, 1, 1, 2, 2, 1, 1, 2, 1, 0, 1, 0, 1, 0, 1, 1, 1, 1, 2, 0, 1, 1, 1, 0]|[1, 3, 2, 0, 4, 1, 4, 4, 2, 4, 3, 2, 1, 0, 2, 1, 1, 1, 2, 1, 1, 3, 0, 1, 0, 1, 1, 4, 1, 4, 3, 2, 2, 0, 4, 1, 1, 4, 0, 1, 2, 1, 4, 4, 1, 1, 0, 2, 3, 2, 2, 1, 2, 1, 1, 2, 4, 2, 0, 2, 2, 3, 1, 0, 1, 2, 0, 1, 2, 4, 1, 3, 4, 1, 2, 4, 3, 3, 3, 1, 1, 4, 3, 1, 3, 2, 4, 2, 4, 2, 3, 4, 1, 4, 1, 2, 3, 4, 3, 2]|[1, 2, 1, 0, 3, 0, 1, 3, 0, 0, 2, 0, 1, 0, 1, 0, 0, 0, 1, 0, 0, 2, 0, 0, 1, 0, 0, 3, 0, 1, 0, 2, 0, 1, 3, 0, 1, 3, 1, 0, 0, 0, 1, 3, 0, 0, 1, 0, 2, 0, 0, 0, 0, 0, 1, 0, 1, 0, 1, 1, 0, 2, 0, 0, 0, 0, 0, 0, 0, 2, 0, 0, 1, 0, 0, 1, 0, 0, 3, 0, 0, 1, 0, 0, 0, 0, 3, 0, 2, 0, 0, 2, 1, 3, 0, 0, 0, 1, 0, 0],842.584363225019,52352.15155925938,107294.36147715819,false
27,G2_TEC,G2_TEC,[31, 22, 82, 15, 26, 9, 95, 42, 77, 68, 47, 5, 93, 78, 86, 54, 85, 63, 18, 44, 20, 49, 36, 14, 74, 50, 53, 17, 21, 28, 71, 64, 3, 23, 30, 83, 24, 41, 40, 52, 65, 27, 90, 70, 94, 87, 48, 69, 99, 4, 46, 1, 13, 58, 97, 59, 45, 8, 73, 37, 35, 79, 11, 66, 76, 32, 60, 80, 96, 6, 16, 61, 33, 7, 57, 34, 12, 67, 10, 98, 56, 88, 29, 25, 91, 38, 19, 92, 43, 84, 2, 72, 81, 75, 51, 55, 0, 89, 39, 62]|[2, 1, 2, 1, 1, 2, 1, 1, 1, 1, 1, 0, 2, 2, 1, 2, 0, 0, 0, 2, 2, 1, 0, 2, 0, 2, 2, 1, 0, 1, 1, 1, 0, 0, 1, 0, 2, 1, 2, 2, 0, 0, 1, 1, 2, 2, 0, 2, 1, 0, 0, 2, 0, 0, 2, 0, 1, 1, 0, 0, 2, 1, 0, 2, 2, 0, 2, 2, 0, 1, 2, 1, 1, 2, 0, 1, 1, 1, 1, 2, 2, 1, 1, 1, 1, 0, 1, 0, 1, 0, 2, 1, 1, 0, 1, 0, 0, 1, 2, 1]|[0, 3, 0, 3, 4, 1, 4, 4, 2, 4, 3, 2, 1, 0, 2, 1, 1, 1, 2, 1, 1, 3, 0, 1, 0, 1, 1, 4, 1, 4, 3, 2, 2, 0, 4, 1, 1, 4, 0, 1, 2, 1, 4, 4, 1, 1, 0, 2, 3, 1, 2, 1, 2, 1, 1, 2, 4, 3, 0, 2, 2, 3, 1, 0, 1, 2, 0, 1, 2, 4, 1, 3, 4, 1, 2, 4, 3, 3, 3, 1, 1, 4, 3, 4, 3, 2, 4, 2, 4, 2, 1, 4, 1, 2, 3, 2, 2, 4, 1, 3]|[0, 2, 0, 0, 3, 0, 1, 3, 0, 0, 2, 0, 1, 0, 1, 0, 0, 0, 1, 0, 0, 2, 0, 0, 1, 0, 0, 3, 0, 1, 0, 2, 0, 0, 3, 0, 1, 3, 0, 0, 0, 0, 1, 3, 0, 0, 1, 0, 2, 0, 0, 0, 0, 0, 1, 0, 1, 0, 1, 1, 0, 2, 0, 0, 0, 0, 0, 0, 0, 2, 0, 0, 1, 0, 0, 1, 0, 0, 3, 0, 0, 1, 0, 3, 0, 0, 3, 0, 2, 0, 0, 2, 1, 0, 0, 0, 0, 1, 0, 0],867.7607855588188,50967.088221775004,113560.76219892871,false
27,G3_TWC,G3_TWC,[31, 22, 82, 15, 26, 58, 95, 42, 77, 12, 47, 5, 93, 78, 98, 54, 85, 63, 18, 44, 20, 35, 43, 97, 91, 76, 10, 30, 21, 45, 71, 64, 1, 23, 17, 83, 24, 14, 60, 36, 6, 57, 94, 88, 65, 56, 79, 40, 67, 68, 46, 75, 38, 9, 19, 32, 81, 41, 27, 62, 87, 90, 99, 59, 11, 16, 72, 73, 70, 39, 37, 84, 3, 92, 25, 55, 28, 29, 51, 7, 33, 61, 86, 66, 89, 50, 48, 96, 53, 8, 80, 4, 34, 49, 52, 0, 13, 69, 2, 74]|[1, 1, 0, 1, 1, 1, 2, 1, 2, 1, 2, 2, 2, 1, 1, 0, 0, 1, 0, 2, 2, 0, 1, 2, 0, 1, 2, 2, 0, 0, 1, 2, 1, 2, 1, 0, 2, 0, 1, 1, 0, 1, 1, 1, 0, 2, 1, 1, 0, 0, 0, 0, 1, 1, 2, 1, 2, 0, 0, 0, 2, 1, 0, 1, 2, 1, 2, 1, 1, 1, 1, 1, 1, 0, 1, 1, 0, 0, 0, 1, 2, 1, 0, 2, 1, 0, 0, 0, 0, 1, 0, 0, 2, 0, 1, 0, 0, 1, 0, 2]|[4, 3, 2, 2, 0, 0, 2, 2, 2, 4, 1, 1, 2, 4, 4, 1, 2, 4, 2, 1, 1, 1, 1, 2, 1, 2, 1, 1, 1, 1, 3, 2, 3, 0, 4, 0, 1, 1, 0, 3, 2, 2, 4, 0, 1, 1, 0, 2, 0, 1, 2, 2, 1, 4, 0, 3, 2, 1, 1, 2, 1, 3, 1, 1, 1, 3, 0, 4, 3, 1, 4, 1, 1, 2, 4, 4, 2, 1, 1, 3, 1, 3, 1, 1, 1, 1, 1, 1, 2, 3, 1, 2, 1, 1, 1, 2, 2, 3, 2, 1]|[0, 2, 1, 1, 3, 3, 0, 1, 0, 0, 0, 0, 1, 0, 1, 0, 0, 3, 1, 0, 0, 0, 3, 1, 0, 2, 0, 0, 0, 1, 0, 0, 0, 0, 3, 0, 1, 0, 0, 2, 1, 1, 2, 0, 0, 0, 0, 1, 1, 0, 0, 0, 1, 3, 0, 0, 1, 0, 0, 1, 0, 2, 0, 1, 0, 2, 1, 0, 0, 1, 1, 3, 1, 1, 3, 3, 1, 0, 0, 2, 0, 0, 0, 0, 1, 0, 0, 0, 1, 2, 0, 1, 0, 1, 1, 0, 0, 0, 0, 0],802.1274951829081,57956.38699448537,89691.2003308727,false
27,G1_CMAX,G1_CMAX,[31, 22, 82, 15, 26, 99, 95, 42, 77, 12, 47, 5, 93, 78, 86, 54, 21, 63, 18, 44, 20, 35, 43, 97, 91, 76, 10, 30, 85, 45, 71, 64, 1, 23, 17, 83, 24, 14, 60, 36, 6, 57, 40, 88, 65, 56, 79, 94, 67, 68, 46, 75, 38, 9, 19, 32, 41, 81, 27, 87, 90, 58, 59, 11, 16, 72, 73, 70, 39, 37, 84, 3, 92, 25, 55, 48, 62, 29, 51, 7, 33, 61, 98, 28, 89, 50, 4, 96, 53, 80, 8, 66, 34, 49, 52, 0, 74, 69, 2, 13]|[1, 1, 0, 1, 1, 0, 1, 1, 2, 1, 2, 2, 2, 1, 1, 0, 0, 1, 0, 2, 2, 0, 1, 2, 0, 1, 2, 2, 0, 0, 1, 2, 1, 2, 1, 0, 2, 0, 1, 1, 0, 1, 1, 1, 0, 2, 1, 1, 0, 0, 0, 0, 1, 1, 2, 1, 0, 2, 0, 2, 1, 0, 1, 2, 1, 2, 1, 1, 1, 1, 1, 1, 0, 1, 2, 0, 0, 0, 0, 1, 2, 1, 2, 0, 1, 0, 1, 2, 0, 0, 1, 2, 2, 0, 1, 0, 2, 1, 0, 0]|[0, 3, 2, 2, 4, 1, 2, 3, 2, 4, 1, 1, 2, 4, 4, 1, 1, 4, 2, 1, 1, 1, 1, 2, 1, 2, 1, 1, 2, 1, 3, 2, 3, 1, 4, 0, 1, 1, 0, 3, 2, 2, 2, 0, 1, 1, 0, 4, 0, 1, 2, 2, 1, 4, 0, 3, 1, 1, 1, 1, 3, 1, 1, 1, 3, 0, 4, 3, 1, 4, 1, 1, 0, 4, 1, 1, 2, 1, 1, 1, 1, 3, 1, 2, 1, 1, 4, 1, 2, 1, 3, 1, 1, 1, 1, 2, 1, 4, 2, 2]|[0, 2, 1, 1, 3, 0, 1, 3, 0, 0, 0, 0, 1, 0, 1, 0, 0, 3, 1, 0, 0, 0, 3, 1, 0, 2, 0, 0, 0, 1, 0, 0, 0, 0, 3, 0, 1, 0, 0, 2, 1, 1, 1, 0, 0, 0, 0, 2, 1, 0, 0, 0, 1, 3, 0, 0, 0, 0, 0, 0, 2, 0, 1, 0, 2, 1, 0, 0, 1, 1, 3, 1, 1, 3, 0, 0, 1, 0, 0, 2, 0, 0, 0, 1, 1, 0, 0, 0, 1, 0, 2, 0, 0, 1, 1, 0, 0, 2, 0, 0],731.2476204416437,56806.84376103422,93275.64763277225,false
27,G4_BALANCED,G4_BALANCED,[31, 11, 15, 82, 26, 9, 95, 32, 77, 68, 47, 5, 93, 78, 86, 54, 85, 63, 18, 44, 20, 49, 36, 14, 74, 50, 53, 17, 21, 45, 71, 64, 3, 23, 30, 83, 24, 41, 60, 52, 65, 27, 90, 70, 39, 87, 48, 69, 99, 4, 46, 1, 13, 58, 97, 59, 28, 75, 73, 37, 35, 79, 22, 66, 76, 42, 40, 80, 96, 6, 16, 61, 33, 7, 57, 34, 12, 67, 10, 98, 56, 88, 29, 94, 91, 38, 19, 92, 43, 84, 62, 72, 81, 25, 2, 55, 8, 89, 51, 0]|[2, 1, 1, 2, 1, 2, 1, 1, 1, 1, 1, 0, 2, 2, 1, 2, 0, 0, 0, 2, 2, 1, 0, 2, 0, 2, 2, 1, 0, 1, 1, 1, 0, 0, 1, 0, 2, 1, 2, 2, 0, 0, 1, 1, 0, 2, 0, 2, 1, 0, 0, 2, 0, 0, 2, 0, 1, 0, 0, 0, 2, 1, 0, 2, 2, 0, 2, 2, 0, 1, 2, 1, 1, 2, 0, 1, 1, 1, 1, 2, 2, 1, 1, 2, 1, 0, 1, 0, 1, 0, 1, 1, 1, 1, 2, 0, 1, 1, 1, 0]|[1, 3, 2, 0, 4, 1, 4, 4, 2, 4, 3, 2, 1, 0, 2, 1, 1, 1, 2, 1, 1, 3, 0, 1, 0, 1, 1, 4, 1, 4, 3, 2, 2, 0, 4, 1, 1, 4, 0, 1, 2, 1, 4, 4, 1, 1, 0, 2, 3, 2, 2, 1, 2, 1, 1, 2, 4, 2, 0, 2, 2, 3, 1, 0, 1, 2, 0, 1, 2, 4, 1, 3, 4, 1, 2, 4, 3, 3, 3, 1, 1, 4, 3, 1, 3, 2, 4, 2, 4, 2, 3, 4, 1, 4, 1, 2, 3, 4, 3, 2]|[1, 2, 1, 0, 3, 0, 1, 3, 0, 0, 2, 0, 1, 0, 1, 0, 0, 0, 1, 0, 0, 2, 0, 0, 1, 0, 0, 3, 0, 1, 0, 2, 0, 1, 3, 0, 1, 3, 1, 0, 0, 0, 1, 3, 0, 0, 1, 0, 2, 0, 0, 0, 0, 0, 1, 0, 1, 0, 1, 1, 0, 2, 0, 0, 0, 0, 0, 0, 0, 2, 0, 0, 1, 0, 0, 1, 0, 0, 3, 0, 0, 1, 0, 0, 0, 0, 3, 0, 2, 0, 0, 2, 1, 3, 0, 0, 0, 1, 0, 0],842.584363225019,52352.15155925938,107294.36147715819,false
27,G2_TEC,G4_BALANCED,[31, 22, 82, 15, 26, 9, 95, 42, 77, 68, 47, 5, 93, 78, 86, 54, 85, 63, 18, 44, 20, 49, 36, 14, 74, 50, 53, 17, 21, 28, 71, 64, 3, 23, 30, 83, 24, 41, 40, 52, 65, 27, 90, 70, 39, 87, 48, 69, 37, 4, 46, 1, 13, 58, 97, 59, 45, 8, 73, 99, 35, 79, 11, 66, 76, 32, 60, 80, 96, 6, 16, 61, 33, 7, 57, 34, 12, 67, 10, 98, 56, 88, 43, 75, 91, 38, 19, 92, 29, 84, 2, 72, 89, 25, 51, 55, 62, 81, 94, 0]|[2, 1, 2, 1, 1, 2, 1, 1, 1, 1, 1, 0, 2, 2, 1, 2, 0, 0, 0, 2, 2, 1, 0, 2, 0, 2, 2, 1, 0, 1, 1, 1, 0, 0, 1, 0, 2, 1, 2, 2, 0, 0, 1, 1, 0, 2, 0, 2, 1, 0, 0, 2, 0, 0, 2, 0, 1, 1, 0, 0, 2, 1, 0, 2, 2, 0, 2, 2, 0, 1, 2, 1, 1, 2, 0, 1, 1, 1, 1, 2, 2, 1, 1, 0, 1, 0, 1, 0, 1, 0, 2, 1, 1, 1, 1, 0, 1, 1, 2, 0]|[0, 3, 0, 3, 4, 1, 4, 4, 2, 4, 3, 2, 1, 0, 2, 1, 1, 1, 2, 1, 1, 3, 0, 1, 0, 1, 1, 4, 1, 4, 3, 2, 2, 0, 4, 1, 1, 4, 0, 1, 2, 1, 4, 4, 1, 1, 0, 2, 3, 2, 2, 1, 2, 1, 1, 2, 4, 3, 0, 2, 2, 3, 1, 0, 1, 2, 1, 1, 2, 4, 1, 3, 4, 1, 2, 4, 3, 3, 3, 1, 1, 4, 4, 2, 3, 2, 4, 2, 3, 2, 1, 4, 4, 4, 3, 2, 3, 4, 1, 2]|[0, 2, 0, 0, 3, 0, 1, 3, 0, 0, 2, 0, 1, 0, 1, 0, 0, 0, 1, 0, 0, 2, 0, 0, 1, 0, 0, 3, 0, 1, 0, 2, 0, 0, 3, 0, 1, 3, 0, 0, 0, 0, 1, 3, 0, 0, 1, 0, 2, 0, 0, 0, 0, 0, 1, 0, 1, 0, 1, 1, 0, 2, 0, 0, 0, 0, 0, 0, 0, 2, 0, 0, 1, 0, 0, 1, 0, 0, 3, 0, 0, 1, 2, 0, 0, 0, 1, 0, 3, 0, 0, 2, 1, 3, 0, 0, 0, 1, 0, 0],896.2901817963367,50332.53178128504,112080.9958673672,true
27,G3_TWC,G3_TWC,[31, 22, 82, 15, 26, 58, 95, 42, 77, 12, 47, 5, 93, 78, 98, 54, 85, 63, 18, 44, 20, 35, 43, 97, 91, 76, 10, 30, 21, 45, 71, 64, 1, 23, 17, 83, 24, 14, 60, 36, 6, 57, 94, 88, 65, 56, 79, 40, 67, 68, 46, 75, 38, 9, 19, 32, 81, 41, 27, 62, 87, 90, 99, 59, 11, 16, 72, 73, 70, 39, 37, 84, 3, 92, 25, 55, 28, 29, 51, 7, 33, 61, 86, 66, 89, 50, 48, 96, 53, 8, 80, 4, 34, 49, 52, 0, 13, 69, 2, 74]|[1, 1, 0, 1, 1, 1, 2, 1, 2, 1, 2, 2, 2, 1, 1, 0, 0, 1, 0, 2, 2, 0, 1, 2, 0, 1, 2, 2, 0, 0, 1, 2, 1, 2, 1, 0, 2, 0, 1, 1, 0, 1, 1, 1, 0, 2, 1, 1, 0, 0, 0, 0, 1, 1, 2, 1, 2, 0, 0, 0, 2, 1, 0, 1, 2, 1, 2, 1, 1, 1, 1, 1, 1, 0, 1, 1, 0, 0, 0, 1, 2, 1, 0, 2, 1, 0, 0, 0, 0, 1, 0, 0, 2, 0, 1, 0, 0, 1, 0, 2]|[4, 3, 2, 2, 0, 0, 2, 2, 2, 4, 1, 1, 2, 4, 4, 1, 2, 4, 2, 1, 1, 1, 1, 2, 1, 2, 1, 1, 1, 1, 3, 2, 3, 0, 4, 0, 1, 1, 0, 3, 2, 2, 4, 0, 1, 1, 0, 2, 0, 1, 2, 2, 1, 4, 0, 3, 2, 1, 1, 2, 1, 3, 1, 1, 1, 3, 0, 4, 3, 1, 4, 1, 1, 2, 4, 4, 2, 1, 1, 3, 1, 3, 1, 1, 1, 1, 1, 1, 2, 3, 1, 2, 1, 1, 1, 2, 2, 3, 2, 1]|[0, 2, 1, 1, 3, 3, 0, 1, 0, 0, 0, 0, 1, 0, 1, 0, 0, 3, 1, 0, 0, 0, 3, 1, 0, 2, 0, 0, 0, 1, 0, 0, 0, 0, 3, 0, 1, 0, 0, 2, 1, 1, 2, 0, 0, 0, 0, 1, 1, 0, 0, 0, 1, 3, 0, 0, 1, 0, 0, 1, 0, 2, 0, 1, 0, 2, 1, 0, 0, 1, 1, 3, 1, 1, 3, 3, 1, 0, 0, 2, 0, 0, 0, 0, 1, 0, 0, 0, 1, 2, 0, 1, 0, 1, 1, 0, 0, 0, 0, 0],802.1274951829081,57956.38699448537,89691.2003308727,false
27,G1_CMAX,G1_CMAX,[31, 22, 82, 15, 26, 99, 95, 42, 77, 12, 47, 5, 93, 78, 86, 54, 21, 63, 18, 44, 20, 35, 43, 97, 91, 76, 10, 30, 85, 45, 71, 64, 1, 23, 17, 83, 24, 14, 60, 36, 6, 57, 40, 88, 65, 56, 79, 94, 67, 68, 46, 75, 38, 9, 19, 32, 41, 81, 27, 87, 90, 58, 59, 11, 16, 72, 73, 70, 39, 37, 84, 3, 92, 25, 55, 48, 62, 29, 51, 7, 33, 61, 98, 28, 89, 50, 4, 96, 53, 80, 8, 66, 34, 49, 52, 0, 74, 69, 2, 13]|[1, 1, 0, 1, 1, 0, 1, 1, 2, 1, 2, 2, 2, 1, 1, 0, 0, 1, 0, 2, 2, 0, 1, 2, 0, 1, 2, 2, 0, 0, 1, 2, 1, 2, 1, 0, 2, 0, 1, 1, 0, 1, 1, 1, 0, 2, 1, 1, 0, 0, 0, 0, 1, 1, 2, 1, 0, 2, 0, 2, 1, 0, 1, 2, 1, 2, 1, 1, 1, 1, 1, 1, 0, 1, 2, 0, 0, 0, 0, 1, 2, 1, 2, 0, 1, 0, 1, 2, 0, 0, 1, 2, 2, 0, 1, 0, 2, 1, 0, 0]|[0, 3, 2, 2, 4, 1, 2, 3, 2, 4, 1, 1, 2, 4, 4, 1, 1, 4, 2, 1, 1, 1, 1, 2, 1, 2, 1, 1, 2, 1, 3, 2, 3, 1, 4, 0, 1, 1, 0, 3, 2, 2, 2, 0, 1, 1, 0, 4, 0, 1, 2, 2, 1, 4, 0, 3, 1, 1, 1, 1, 3, 1, 1, 1, 3, 0, 4, 3, 1, 4, 1, 1, 0, 4, 1, 1, 2, 1, 1, 1, 1, 3, 1, 2, 1, 1, 4, 1, 2, 1, 3, 1, 1, 1, 1, 2, 1, 4, 2, 2]|[0, 2, 1, 1, 3, 0, 1, 3, 0, 0, 0, 0, 1, 0, 1, 0, 0, 3, 1, 0, 0, 0, 3, 1, 0, 2, 0, 0, 0, 1, 0, 0, 0, 0, 3, 0, 1, 0, 0, 2, 1, 1, 1, 0, 0, 0, 0, 2, 1, 0, 0, 0, 1, 3, 0, 0, 0, 0, 0, 0, 2, 0, 1, 0, 2, 1, 0, 0, 1, 1, 3, 1, 1, 3, 0, 0, 1, 0, 0, 2, 0, 0, 0, 1, 1, 0, 0, 0, 1, 0, 2, 0, 0, 1, 1, 0, 0, 2, 0, 0],731.2476204416437,56806.84376103422,93275.64763277225,false
27,G4_BALANCED,G4_BALANCED,[31, 11, 15, 82, 26, 9, 95, 32, 77, 68, 47, 5, 93, 78, 86, 54, 85, 63, 18, 44, 20, 49, 36, 14, 74, 50, 53, 17, 21, 45, 71, 64, 3, 23, 30, 83, 24, 41, 60, 52, 65, 27, 90, 70, 39, 87, 48, 69, 99, 4, 46, 1, 13, 58, 97, 59, 28, 75, 73, 37, 35, 79, 22, 66, 76, 42, 40, 80, 96, 6, 16, 61, 33, 7, 57, 34, 12, 67, 10, 98, 56, 88, 29, 94, 91, 38, 19, 92, 43, 84, 62, 72, 81, 25, 2, 55, 8, 89, 51, 0]|[2, 1, 1, 2, 1, 2, 1, 1, 1, 1, 1, 0, 2, 2, 1, 2, 0, 0, 0, 2, 2, 1, 0, 2, 0, 2, 2, 1, 0, 1, 1, 1, 0, 0, 1, 0, 2, 1, 2, 2, 0, 0, 1, 1, 0, 2, 0, 2, 1, 0, 0, 2, 0, 0, 2, 0, 1, 0, 0, 0, 2, 1, 0, 2, 2, 0, 2, 2, 0, 1, 2, 1, 1, 2, 0, 1, 1, 1, 1, 2, 2, 1, 1, 2, 1, 0, 1, 0, 1, 0, 1, 1, 1, 1, 2, 0, 1, 1, 1, 0]|[1, 3, 2, 0, 4, 1, 4, 4, 2, 4, 3, 2, 1, 0, 2, 1, 1, 1, 2, 1, 1, 3, 0, 1, 0, 1, 1, 4, 1, 4, 3, 2, 2, 0, 4, 1, 1, 4, 0, 1, 2, 1, 4, 4, 1, 1, 0, 2, 3, 2, 2, 1, 2, 1, 1, 2, 4, 2, 0, 2, 2, 3, 1, 0, 1, 2, 0, 1, 2, 4, 1, 3, 4, 1, 2, 4, 3, 3, 3, 1, 1, 4, 3, 1, 3, 2, 4, 2, 4, 2, 3, 4, 1, 4, 1, 2, 3, 4, 3, 2]|[1, 2, 1, 0, 3, 0, 1, 3, 0, 0, 2, 0, 1, 0, 1, 0, 0, 0, 1, 0, 0, 2, 0, 0, 1, 0, 0, 3, 0, 1, 0, 2, 0, 1, 3, 0, 1, 3, 1, 0, 0, 0, 1, 3, 0, 0, 1, 0, 2, 0, 0, 0, 0, 0, 1, 0, 1, 0, 1, 1, 0, 2, 0, 0, 0, 0, 0, 0, 0, 2, 0, 0, 1, 0, 0, 1, 0, 0, 3, 0, 0, 1, 0, 0, 0, 0, 3, 0, 2, 0, 0, 2, 1, 3, 0, 0, 0, 1, 0, 0],842.584363225019,52352.15155925938,107294.36147715819,false
27,G2_TEC,G4_BALANCED,[31, 11, 82, 15, 26, 9, 95, 42, 77, 68, 47, 5, 93, 78, 86, 54, 85, 63, 18, 44, 20, 49, 36, 14, 74, 50, 53, 17, 21, 45, 71, 64, 3, 23, 30, 83, 24, 41, 60, 52, 65, 27, 90, 70, 39, 87, 48, 69, 99, 4, 46, 1, 13, 58, 97, 59, 28, 75, 73, 37, 35, 79, 22, 66, 76, 32, 40, 80, 96, 6, 61, 16, 33, 7, 57, 34, 12, 67, 10, 98, 56, 88, 29, 25, 91, 38, 19, 92, 43, 84, 51, 72, 81, 8, 2, 55, 0, 62, 89, 94]|[2, 1, 2, 1, 1, 2, 1, 1, 1, 1, 1, 0, 2, 2, 1, 2, 0, 0, 0, 2, 2, 1, 0, 2, 0, 2, 2, 1, 0, 1, 1, 1, 0, 0, 1, 0, 2, 1, 2, 2, 0, 0, 1, 1, 0, 2, 0, 2, 1, 0, 0, 2, 0, 0, 2, 0, 1, 1, 0, 0, 2, 1, 0, 2, 2, 0, 2, 2, 0, 1, 1, 2, 1, 2, 0, 1, 1, 1, 1, 2, 2, 1, 1, 1, 1, 0, 1, 0, 1, 0, 1, 1, 1, 0, 2, 0, 0, 1, 1, 2]|[0, 3, 0, 2, 4, 1, 4, 4, 2, 4, 3, 2, 1, 0, 2, 1, 1, 1, 2, 1, 1, 3, 0, 1, 0, 1, 1, 4, 1, 4, 3, 2, 2, 0, 4, 1, 1, 4, 0, 1, 2, 1, 4, 4, 1, 1, 0, 2, 3, 1, 2, 1, 2, 1, 1, 2, 4, 3, 0, 2, 2, 3, 1, 0, 1, 2, 0, 1, 2, 4, 3, 1, 4, 1, 2, 4, 3, 3, 3, 1, 1, 4, 3, 4, 3, 2, 4, 2, 4, 2, 3, 4, 1, 2, 1, 2, 2, 3, 4, 1]|[0, 2, 0, 1, 3, 0, 1, 3, 0, 0, 2, 0, 1, 0, 1, 0, 0, 0, 1, 0, 0, 2, 0, 0, 1, 0, 0, 3, 0, 1, 0, 2, 0, 1, 3, 0, 1, 3, 0, 0, 0, 0, 1, 3, 0, 0, 1, 0, 2, 0, 0, 0, 0, 0, 1, 0, 1, 0, 1, 1, 0, 2, 0, 0, 0, 0, 0, 0, 0, 2, 0, 0, 1, 0, 0, 1, 0, 0, 3, 0, 0, 1, 0, 3, 0, 0, 3, 0, 2, 0, 0, 2, 1, 0, 0, 0, 0, 0, 1, 0],855.0393744413956,51684.66824914086,111484.00316030454,true
27,G3_TWC,G3_TWC,[31, 22, 82, 15, 26, 58, 95, 42, 77, 12, 47, 5, 93, 78, 98, 54, 85, 63, 18, 44, 20, 35, 43, 97, 91, 76, 10, 30, 21, 45, 71, 64, 1, 23, 17, 83, 24, 14, 60, 36, 6, 57, 94, 88, 65, 56, 79, 40, 67, 68, 46, 75, 38, 9, 19, 32, 81, 41, 27, 62, 87, 90, 99, 59, 11, 16, 72, 73, 70, 39, 37, 84, 3, 92, 25, 55, 28, 29, 51, 7, 33, 61, 86, 66, 89, 50, 48, 96, 53, 8, 80, 4, 34, 49, 52, 0, 13, 69, 2, 74]|[1, 1, 0, 1, 1, 1, 2, 1, 2, 1, 2, 2, 2, 1, 1, 0, 0, 1, 0, 2, 2, 0, 1, 2, 0, 1, 2, 2, 0, 0, 1, 2, 1, 2, 1, 0, 2, 0, 1, 1, 0, 1, 1, 1, 0, 2, 1, 1, 0, 0, 0, 0, 1, 1, 2, 1, 2, 0, 0, 0, 2, 1, 0, 1, 2, 1, 2, 1, 1, 1, 1, 1, 1, 0, 1, 1, 0, 0, 0, 1, 2, 1, 0, 2, 1, 0, 0, 0, 0, 1, 0, 0, 2, 0, 1, 0, 0, 1, 0, 2]|[4, 3, 2, 2, 0, 0, 2, 2, 2, 4, 1, 1, 2, 4, 4, 1, 2, 4, 2, 1, 1, 1, 1, 2, 1, 2, 1, 1, 1, 1, 3, 2, 3, 0, 4, 0, 1, 1, 0, 3, 2, 2, 4, 0, 1, 1, 0, 2, 0, 1, 2, 2, 1, 4, 0, 3, 2, 1, 1, 2, 1, 3, 1, 1, 1, 3, 0, 4, 3, 1, 4, 1, 1, 2, 4, 4, 2, 1, 1, 3, 1, 3, 1, 1, 1, 1, 1, 1, 2, 3, 1, 2, 1, 1, 1, 2, 2, 3, 2, 1]|[0, 2, 1, 1, 3, 3, 0, 1, 0, 0, 0, 0, 1, 0, 1, 0, 0, 3, 1, 0, 0, 0, 3, 1, 0, 2, 0, 0, 0, 1, 0, 0, 0, 0, 3, 0, 1, 0, 0, 2, 1, 1, 2, 0, 0, 0, 0, 1, 1, 0, 0, 0, 1, 3, 0, 0, 1, 0, 0, 1, 0, 2, 0, 1, 0, 2, 1, 0, 0, 1, 1, 3, 1, 1, 3, 3, 1, 0, 0, 2, 0, 0, 0, 0, 1, 0, 0, 0, 1, 2, 0, 1, 0, 1, 1, 0, 0, 0, 0, 0],802.1274951829081,57956.38699448537,89691.2003308727,false
27,G1_CMAX,G1_CMAX,[31, 22, 82, 15, 26, 99, 95, 42, 77, 12, 47, 5, 93, 78, 86, 54, 21, 63, 18, 44, 20, 35, 43, 97, 91, 76, 10, 30, 85, 45, 71, 64, 1, 23, 17, 83, 24, 14, 60, 36, 6, 57, 40, 88, 65, 56, 79, 94, 67, 68, 46, 75, 38, 9, 19, 32, 41, 81, 27, 87, 90, 58, 59, 11, 16, 72, 73, 70, 39, 37, 84, 3, 92, 25, 55, 48, 62, 29, 51, 7, 33, 61, 98, 28, 89, 50, 4, 96, 53, 80, 8, 66, 34, 49, 52, 0, 74, 69, 2, 13]|[1, 1, 0, 1, 1, 0, 1, 1, 2, 1, 2, 2, 2, 1, 1, 0, 0, 1, 0, 2, 2, 0, 1, 2, 0, 1, 2, 2, 0, 0, 1, 2, 1, 2, 1, 0, 2, 0, 1, 1, 0, 1, 1, 1, 0, 2, 1, 1, 0, 0, 0, 0, 1, 1, 2, 1, 0, 2, 0, 2, 1, 0, 1, 2, 1, 2, 1, 1, 1, 1, 1, 1, 0, 1, 2, 0, 0, 0, 0, 1, 2, 1, 2, 0, 1, 0, 1, 2, 0, 0, 1, 2, 2, 0, 1, 0, 2, 1, 0, 0]|[0, 3, 2, 2, 4, 1, 2, 3, 2, 4, 1, 1, 2, 4, 4, 1, 1, 4, 2, 1, 1, 1, 1, 2, 1, 2, 1, 1, 2, 1, 3, 2, 3, 1, 4, 0, 1, 1, 0, 3, 2, 2, 2, 0, 1, 1, 0, 4, 0, 1, 2, 2, 1, 4, 0, 3, 1, 1, 1, 1, 3, 1, 1, 1, 3, 0, 4, 3, 1, 4, 1, 1, 0, 4, 1, 1, 2, 1, 1, 1, 1, 3, 1, 2, 1, 1, 4, 1, 2, 1, 3, 1, 1, 1, 1, 2, 1, 4, 2, 2]|[0, 2, 1, 1, 3, 0, 1, 3, 0, 0, 0, 0, 1, 0, 1, 0, 0, 3, 1, 0, 0, 0, 3, 1, 0, 2, 0, 0, 0, 1, 0, 0, 0, 0, 3, 0, 1, 0, 0, 2, 1, 1, 1, 0, 0, 0, 0, 2, 1, 0, 0, 0, 1, 3, 0, 0, 0, 0, 0, 0, 2, 0, 1, 0, 2, 1, 0, 0, 1, 1, 3, 1, 1, 3, 0, 0, 1, 0, 0, 2, 0, 0, 0, 1, 1, 0, 0, 0, 1, 0, 2, 0, 0, 1, 1, 0, 0, 2, 0, 0],731.2476204416437,56806.84376103422,93275.64763277225,false
27,G4_BALANCED,G4_BALANCED,[31, 11, 15, 82, 26, 9, 95, 32, 77, 68, 47, 5, 93, 78, 86, 54, 85, 63, 18, 44, 20, 49, 36, 14, 74, 50, 53, 17, 21, 45, 71, 64, 3, 23, 30, 83, 24, 41, 60, 52, 65, 27, 90, 70, 39, 87, 48, 69, 99, 4, 46, 1, 13, 58, 97, 59, 28, 75, 73, 37, 35, 79, 22, 66, 76, 42, 40, 80, 96, 6, 16, 61, 33, 7, 57, 34, 12, 67, 10, 98, 56, 88, 29, 94, 91, 38, 19, 92, 43, 84, 62, 72, 81, 25, 2, 55, 8, 89, 51, 0]|[2, 1, 1, 2, 1, 2, 1, 1, 1, 1, 1, 0, 2, 2, 1, 2, 0, 0, 0, 2, 2, 1, 0, 2, 0, 2, 2, 1, 0, 1, 1, 1, 0, 0, 1, 0, 2, 1, 2, 2, 0, 0, 1, 1, 0, 2, 0, 2, 1, 0, 0, 2, 0, 0, 2, 0, 1, 0, 0, 0, 2, 1, 0, 2, 2, 0, 2, 2, 0, 1, 2, 1, 1, 2, 0, 1, 1, 1, 1, 2, 2, 1, 1, 2, 1, 0, 1, 0, 1, 0, 1, 1, 1, 1, 2, 0, 1, 1, 1, 0]|[1, 3, 2, 0, 4, 1, 4, 4, 2, 4, 3, 2, 1, 0, 2, 1, 1, 1, 2, 1, 1, 3, 0, 1, 0, 1, 1, 4, 1, 4, 3, 2, 2, 0, 4, 1, 1, 4, 0, 1, 2, 1, 4, 4, 1, 1, 0, 2, 3, 2, 2, 1, 2, 1, 1, 2, 4, 2, 0, 2, 2, 3, 1, 0, 1, 2, 0, 1, 2, 4, 1, 3, 4, 1, 2, 4, 3, 3, 3, 1, 1, 4, 3, 1, 3, 2, 4, 2, 4, 2, 3, 4, 1, 4, 1, 2, 3, 4, 3, 2]|[1, 2, 1, 0, 3, 0, 1, 3, 0, 0, 2, 0, 1, 0, 1, 0, 0, 0, 1, 0, 0, 2, 0, 0, 1, 0, 0, 3, 0, 1, 0, 2, 0, 1, 3, 0, 1, 3, 1, 0, 0, 0, 1, 3, 0, 0, 1, 0, 2, 0, 0, 0, 0, 0, 1, 0, 1, 0, 1, 1, 0, 2, 0, 0, 0, 0, 0, 0, 0, 2, 0, 0, 1, 0, 0, 1, 0, 0, 3, 0, 0, 1, 0, 0, 0, 0, 3, 0, 2, 0, 0, 2, 1, 3, 0, 0, 0, 1, 0, 0],842.584363225019,52352.15155925938,107294.36147715819,false
27,G2_TEC,G4_BALANCED,[31, 22, 82, 15, 26, 9, 95, 42, 77, 68, 47, 48, 5, 93, 78, 86, 54, 85, 63, 18, 44, 20, 49, 36, 14, 74, 50, 53, 17, 21, 28, 71, 64, 3, 23, 30, 83, 24, 41, 60, 52, 65, 27, 90, 70, 39, 87, 69, 99, 4, 46, 1, 13, 58, 97, 59, 45, 8, 73, 37, 35, 79, 11, 66, 76, 32, 40, 80, 96, 6, 16, 61, 19, 7, 57, 34, 12, 67, 10, 98, 56, 88, 91, 75, 29, 38, 33, 92, 43, 84, 51, 72, 81, 25, 2, 55, 62, 89, 94, 0]|[2, 1, 2, 1, 1, 2, 1, 1, 1, 1, 1, 0, 0, 2, 2, 1, 2, 0, 0, 0, 2, 2, 1, 0, 2, 0, 2, 2, 1, 0, 1, 1, 1, 0, 0, 1, 0, 2, 1, 2, 2, 0, 0, 1, 1, 0, 2, 2, 1, 0, 0, 2, 0, 0, 2, 0, 1, 1, 0, 0, 2, 1, 0, 2, 2, 0, 2, 2, 0, 1, 2, 1, 2, 2, 0, 1, 1, 1, 1, 2, 2, 1, 1, 0, 1, 0, 1, 0, 1, 0, 1, 1, 1, 1, 2, 0, 1, 1, 1, 0]|[0, 3, 0, 3, 4, 1, 4, 4, 2, 4, 3, 0, 2, 1, 0, 2, 1, 1, 1, 2, 1, 1, 3, 0, 1, 0, 1, 1, 4, 1, 4, 3, 2, 2, 0, 4, 1, 1, 4, 0, 1, 2, 1, 4, 4, 1, 1, 2, 3, 1, 2, 1, 2, 1, 1, 2, 4, 3, 0, 2, 2, 3, 1, 0, 1, 2, 0, 1, 2, 4, 1, 3, 1, 1, 2, 4, 3, 3, 3, 1, 1, 4, 3, 2, 3, 2, 4, 2, 4, 2, 3, 4, 1, 4, 1, 2, 3, 4, 4, 2]|[0, 2, 0, 0, 3, 0, 1, 3, 0, 0, 2, 1, 0, 1, 0, 1, 0, 0, 0, 1, 0, 0, 2, 0, 0, 1, 0, 0, 3, 0, 1, 0, 2, 0, 1, 3, 0, 1, 3, 1, 0, 0, 0, 1, 3, 0, 0, 0, 2, 0, 0, 0, 0, 0, 1, 0, 1, 0, 1, 1, 0, 2, 0, 0, 0, 0, 0, 0, 0, 2, 0, 0, 0, 0, 0, 1, 0, 0, 3, 0, 0, 1, 0, 0, 0, 0, 1, 0, 2, 0, 0, 2, 1, 3, 0, 0, 0, 1, 2, 0],859.7899275769614,51682.99224237402,106830.35001436771,true
27,G3_TWC,G3_TWC,[31, 22, 82, 15, 26, 58, 95, 42, 77, 12, 47, 5, 93, 78, 98, 54, 85, 63, 18, 44, 20, 35, 43, 97, 91, 76, 10, 30, 21, 45, 71, 64, 1, 23, 17, 83, 24, 14, 60, 36, 6, 57, 94, 88, 65, 56, 79, 40, 67, 68, 46, 75, 38, 9, 19, 32, 81, 41, 27, 62, 87, 90, 99, 59, 11, 16, 72, 73, 70, 39, 37, 84, 3, 92, 25, 55, 28, 29, 51, 7, 33, 61, 86, 66, 89, 50, 48, 96, 53, 8, 80, 4, 34, 49, 52, 0, 13, 69, 2, 74]|[1, 1, 0, 1, 1, 1, 2, 1, 2, 1, 2, 2, 2, 1, 1, 0, 0, 1, 0, 2, 2, 0, 1, 2, 0, 1, 2, 2, 0, 0, 1, 2, 1, 2, 1, 0, 2, 0, 1, 1, 0, 1, 1, 1, 0, 2, 1, 1, 0, 0, 0, 0, 1, 1, 2, 1, 2, 0, 0, 0, 2, 1, 0, 1, 2, 1, 2, 1, 1, 1, 1, 1, 1, 0, 1, 1, 0, 0, 0, 1, 2, 1, 0, 2, 1, 0, 0, 0, 0, 1, 0, 0, 2, 0, 1, 0, 0, 1, 0, 2]|[4, 3, 2, 2, 0, 0, 2, 2, 2, 4, 1, 1, 2, 4, 4, 1, 2, 4, 2, 1, 1, 1, 1, 2, 1, 2, 1, 1, 1, 1, 3, 2, 3, 0, 4, 0, 1, 1, 0, 3, 2, 2, 4, 0, 1, 1, 0, 2, 0, 1, 2, 2, 1, 4, 0, 3, 2, 1, 1, 2, 1, 3, 1, 1, 1, 3, 0, 4, 3, 1, 4, 1, 1, 2, 4, 4, 2, 1, 1, 3, 1, 3, 1, 1, 1, 1, 1, 1, 2, 3, 1, 2, 1, 1, 1, 2, 2, 3, 2, 1]|[0, 2, 1, 1, 3, 3, 0, 1, 0, 0, 0, 0, 1, 0, 1, 0, 0, 3, 1, 0, 0, 0, 3, 1, 0, 2, 0, 0, 0, 1, 0, 0, 0, 0, 3, 0, 1, 0, 0, 2, 1, 1, 2, 0, 0, 0, 0, 1, 1, 0, 0, 0, 1, 3, 0, 0, 1, 0, 0, 1, 0, 2, 0, 1, 0, 2, 1, 0, 0, 1, 1, 3, 1, 1, 3, 3, 1, 0, 0, 2, 0, 0, 0, 0, 1, 0, 0, 0, 1, 2, 0, 1, 0, 1, 1, 0, 0, 0, 0, 0],802.1274951829081,57956.38699448537,89691.2003308727,false
27,G1_CMAX,G1_CMAX,[31, 22, 82, 15, 26, 99, 95, 42, 77, 12, 47, 5, 93, 78, 86, 54, 21, 63, 18, 44, 20, 35, 43, 97, 91, 76, 10, 30, 85, 45, 71, 64, 1, 23, 17, 83, 24, 14, 60, 36, 6, 57, 40, 88, 65, 56, 79, 94, 67, 68, 46, 75, 38, 9, 19, 32, 41, 81, 27, 87, 90, 58, 59, 11, 16, 72, 73, 70, 39, 37, 84, 3, 92, 25, 55, 48, 62, 29, 51, 7, 33, 61, 98, 28, 89, 50, 4, 96, 53, 80, 8, 66, 34, 49, 52, 0, 74, 69, 2, 13]|[1, 1, 0, 1, 1, 0, 1, 1, 2, 1, 2, 2, 2, 1, 1, 0, 0, 1, 0, 2, 2, 0, 1, 2, 0, 1, 2, 2, 0, 0, 1, 2, 1, 2, 1, 0, 2, 0, 1, 1, 0, 1, 1, 1, 0, 2, 1, 1, 0, 0, 0, 0, 1, 1, 2, 1, 0, 2, 0, 2, 1, 0, 1, 2, 1, 2, 1, 1, 1, 1, 1, 1, 0, 1, 2, 0, 0, 0, 0, 1, 2, 1, 2, 0, 1, 0, 1, 2, 0, 0, 1, 2, 2, 0, 1, 0, 2, 1, 0, 0]|[0, 3, 2, 2, 4, 1, 2, 3, 2, 4, 1, 1, 2, 4, 4, 1, 1, 4, 2, 1, 1, 1, 1, 2, 1, 2, 1, 1, 2, 1, 3, 2, 3, 1, 4, 0, 1, 1, 0, 3, 2, 2, 2, 0, 1, 1, 0, 4, 0, 1, 2, 2, 1, 4, 0, 3, 1, 1, 1, 1, 3, 1, 1, 1, 3, 0, 4, 3, 1, 4, 1, 1, 0, 4, 1, 1, 2, 1, 1, 1, 1, 3, 1, 2, 1, 1, 4, 1, 2, 1, 3, 1, 1, 1, 1, 2, 1, 4, 2, 2]|[0, 2, 1, 1, 3, 0, 1, 3, 0, 0, 0, 0, 1, 0, 1, 0, 0, 3, 1, 0, 0, 0, 3, 1, 0, 2, 0, 0, 0, 1, 0, 0, 0, 0, 3, 0, 1, 0, 0, 2, 1, 1, 1, 0, 0, 0, 0, 2, 1, 0, 0, 0, 1, 3, 0, 0, 0, 0, 0, 0, 2, 0, 1, 0, 2, 1, 0, 0, 1, 1, 3, 1, 1, 3, 0, 0, 1, 0, 0, 2, 0, 0, 0, 1, 1, 0, 0, 0, 1, 0, 2, 0, 0, 1, 1, 0, 0, 2, 0, 0],731.2476204416437,56806.84376103422,93275.64763277225,false
27,G4_BALANCED,G4_BALANCED,[31, 11, 15, 82, 26, 9, 95, 32, 77, 68, 47, 5, 93, 78, 86, 54, 85, 63, 18, 44, 20, 49, 36, 14, 74, 50, 53, 17, 21, 45, 71, 64, 3, 23, 30, 83, 24, 41, 60, 52, 65, 27, 90, 70, 39, 87, 48, 69, 99, 4, 46, 1, 13, 58, 97, 59, 28, 75, 73, 37, 35, 79, 22, 66, 76, 42, 40, 80, 96, 6, 16, 61, 33, 7, 57, 34, 12, 67, 10, 98, 56, 88, 29, 94, 91, 38, 19, 92, 43, 84, 62, 72, 81, 25, 2, 55, 8, 89, 51, 0]|[2, 1, 1, 2, 1, 2, 1, 1, 1, 1, 1, 0, 2, 2, 1, 2, 0, 0, 0, 2, 2, 1, 0, 2, 0, 2, 2, 1, 0, 1, 1, 1, 0, 0, 1, 0, 2, 1, 2, 2, 0, 0, 1, 1, 0, 2, 0, 2, 1, 0, 0, 2, 0, 0, 2, 0, 1, 0, 0, 0, 2, 1, 0, 2, 2, 0, 2, 2, 0, 1, 2, 1, 1, 2, 0, 1, 1, 1, 1, 2, 2, 1, 1, 2, 1, 0, 1, 0, 1, 0, 1, 1, 1, 1, 2, 0, 1, 1, 1, 0]|[1, 3, 2, 0, 4, 1, 4, 4, 2, 4, 3, 2, 1, 0, 2, 1, 1, 1, 2, 1, 1, 3, 0, 1, 0, 1, 1, 4, 1, 4, 3, 2, 2, 0, 4, 1, 1, 4, 0, 1, 2, 1, 4, 4, 1, 1, 0, 2, 3, 2, 2, 1, 2, 1, 1, 2, 4, 2, 0, 2, 2, 3, 1, 0, 1, 2, 0, 1, 2, 4, 1, 3, 4, 1, 2, 4, 3, 3, 3, 1, 1, 4, 3, 1, 3, 2, 4, 2, 4, 2, 3, 4, 1, 4, 1, 2, 3, 4, 3, 2]|[1, 2, 1, 0, 3, 0, 1, 3, 0, 0, 2, 0, 1, 0, 1, 0, 0, 0, 1, 0, 0, 2, 0, 0, 1, 0, 0, 3, 0, 1, 0, 2, 0, 1, 3, 0, 1, 3, 1, 0, 0, 0, 1, 3, 0, 0, 1, 0, 2, 0, 0, 0, 0, 0, 1, 0, 1, 0, 1, 1, 0, 2, 0, 0, 0, 0, 0, 0, 0, 2, 0, 0, 1, 0, 0, 1, 0, 0, 3, 0, 0, 1, 0, 0, 0, 0, 3, 0, 2, 0, 0, 2, 1, 3, 0, 0, 0, 1, 0, 0],842.584363225019,52352.15155925938,107294.36147715819,false
27,G2_TEC,G2_TEC,[31, 22, 82, 15, 26, 9, 95, 42, 77, 68, 47, 5, 93, 78, 86, 54, 85, 63, 18, 44, 20, 49, 36, 14, 74, 50, 53, 17, 21, 28, 11, 64, 3, 23, 30, 83, 24, 41, 40, 52, 65, 27, 90, 70, 39, 87, 48, 69, 99, 4, 46, 1, 13, 58, 97, 59, 45, 8, 73, 37, 35, 79, 71, 66, 76, 32, 60, 80, 96, 6, 16, 61, 33, 7, 57, 34, 12, 67, 10, 98, 56, 88, 43, 75, 91, 38, 19, 92, 29, 84, 2, 72, 81, 25, 51, 55, 62, 89, 94, 0]|[2, 1, 2, 1, 1, 2, 1, 1, 1, 1, 1, 0, 2, 2, 1, 2, 0, 0, 0, 2, 2, 1, 0, 2, 0, 2, 2, 1, 0, 1, 1, 1, 0, 0, 1, 0, 2, 1, 2, 2, 0, 0, 1, 1, 0, 2, 0, 2, 1, 0, 0, 2, 0, 0, 2, 0, 1, 1, 0, 0, 2, 1, 1, 2, 2, 0, 2, 2, 0, 1, 2, 1, 1, 2, 0, 1, 1, 1, 1, 2, 2, 1, 1, 0, 1, 0, 1, 0, 1, 0, 2, 1, 1, 1, 1, 0, 1, 1, 2, 0]|[0, 3, 0, 3, 4, 1, 4, 4, 2, 4, 3, 2, 1, 0, 2, 1, 1, 1, 2, 1, 1, 3, 0, 1, 0, 1, 1, 4, 1, 4, 3, 2, 2, 0, 4, 1, 1, 4, 1, 1, 2, 1, 4, 4, 1, 1, 0, 2, 3, 2, 2, 1, 2, 1, 1, 2, 4, 3, 0, 2, 2, 3, 3, 0, 1, 2, 1, 1, 2, 4, 1, 3, 4, 1, 2, 4, 3, 3, 3, 1, 1, 4, 4, 2, 3, 2, 4, 2, 3, 2, 1, 4, 4, 4, 3, 2, 3, 4, 1, 2]|[0, 2, 0, 0, 3, 0, 1, 3, 0, 0, 2, 0, 1, 0, 1, 0, 0, 0, 1, 0, 0, 2, 0, 0, 1, 0, 0, 3, 0, 1, 0, 2, 0, 0, 3, 0, 1, 3, 0, 0, 0, 0, 1, 3, 0, 0, 1, 0, 2, 0, 0, 0, 0, 0, 1, 0, 1, 0, 1, 1, 0, 2, 0, 0, 0, 0, 0, 0, 0, 2, 0, 0, 1, 0, 0, 1, 0, 0, 3, 0, 0, 1, 2, 0, 0, 0, 1, 0, 3, 0, 0, 2, 1, 3, 0, 0, 0, 1, 0, 0],884.1935202920454,50174.268870086526,113547.00447605085,false
27,G3_TWC,G3_TWC,[31, 22, 82, 15, 26, 58, 95, 42, 77, 12, 47, 5, 93, 78, 98, 54, 85, 63, 18, 44, 20, 35, 43, 97, 91, 76, 10, 30, 21, 45, 71, 64, 1, 23, 17, 83, 24, 14, 60, 36, 6, 57, 94, 88, 65, 56, 79, 40, 67, 68, 46, 75, 38, 9, 19, 32, 81, 41, 27, 62, 87, 90, 99, 59, 11, 16, 72, 73, 70, 39, 37, 84, 3, 92, 25, 55, 28, 29, 51, 7, 33, 61, 86, 66, 89, 50, 48, 96, 53, 8, 80, 4, 34, 49, 52, 0, 13, 69, 2, 74]|[1, 1, 0, 1, 1, 1, 2, 1, 2, 1, 2, 2, 2, 1, 1, 0, 0, 1, 0, 2, 2, 0, 1, 2, 0, 1, 2, 2, 0, 0, 1, 2, 1, 2, 1, 0, 2, 0, 1, 1, 0, 1, 1, 1, 0, 2, 1, 1, 0, 0, 0, 0, 1, 1, 2, 1, 2, 0, 0, 0, 2, 1, 0, 1, 2, 1, 2, 1, 1, 1, 1, 1, 1, 0, 1, 1, 0, 0, 0, 1, 2, 1, 0, 2, 1, 0, 0, 0, 0, 1, 0, 0, 2, 0, 1, 0, 0, 1, 0, 2]|[4, 3, 2, 2, 0, 0, 2, 2, 2, 4, 1, 1, 2, 4, 4, 1, 2, 4, 2, 1, 1, 1, 1, 2, 1, 2, 1, 1, 1, 1, 3, 2, 3, 0, 4, 0, 1, 1, 0, 3, 2, 2, 4, 0, 1, 1, 0, 2, 0, 1, 2, 2, 1, 4, 0, 3, 2, 1, 1, 2, 1, 3, 1, 1, 1, 3, 0, 4, 3, 1, 4, 1, 1, 2, 4, 4, 2, 1, 1, 3, 1, 3, 1, 1, 1, 1, 1, 1, 2, 3, 1, 2, 1, 1, 1, 2, 2, 3, 2, 1]|[0, 2, 1, 1, 3, 3, 0, 1, 0, 0, 0, 0, 1, 0, 1, 0, 0, 3, 1, 0, 0, 0, 3, 1, 0, 2, 0, 0, 0, 1, 0, 0, 0, 0, 3, 0, 1, 0, 0, 2, 1, 1, 2, 0, 0, 0, 0, 1, 1, 0, 0, 0, 1, 3, 0, 0, 1, 0, 0, 1, 0, 2, 0, 1, 0, 2, 1, 0, 0, 1, 1, 3, 1, 1, 3, 3, 1, 0, 0, 2, 0, 0, 0, 0, 1, 0, 0, 0, 1, 2, 0, 1, 0, 1, 1, 0, 0, 0, 0, 0],802.1274951829081,57956.38699448537,89691.2003308727,false
27,G1_CMAX,G1_CMAX,[31, 22, 82, 15, 26, 99, 95, 42, 77, 12, 47, 5, 93, 78, 86, 54, 21, 63, 18, 44, 20, 35, 43, 97, 91, 76, 10, 30, 85, 45, 71, 64, 1, 23, 17, 83, 24, 14, 60, 36, 6, 57, 40, 88, 65, 56, 79, 94, 67, 68, 46, 75, 38, 9, 19, 32, 41, 81, 27, 87, 90, 58, 59, 11, 16, 72, 73, 70, 39, 37, 84, 3, 92, 25, 55, 48, 62, 29, 51, 7, 33, 61, 98, 28, 89, 50, 4, 96, 53, 80, 8, 66, 34, 49, 52, 0, 74, 69, 2, 13]|[1, 1, 0, 1, 1, 0, 1, 1, 2, 1, 2, 2, 2, 1, 1, 0, 0, 1, 0, 2, 2, 0, 1, 2, 0, 1, 2, 2, 0, 0, 1, 2, 1, 2, 1, 0, 2, 0, 1, 1, 0, 1, 1, 1, 0, 2, 1, 1, 0, 0, 0, 0, 1, 1, 2, 1, 0, 2, 0, 2, 1, 0, 1, 2, 1, 2, 1, 1, 1, 1, 1, 1, 0, 1, 2, 0, 0, 0, 0, 1, 2, 1, 2, 0, 1, 0, 1, 2, 0, 0, 1, 2, 2, 0, 1, 0, 2, 1, 0, 0]|[0, 3, 2, 2, 4, 1, 2, 3, 2, 4, 1, 1, 2, 4, 4, 1, 1, 4, 2, 1, 1, 1, 1, 2, 1, 2, 1, 1, 2, 1, 3, 2, 3, 1, 4, 0, 1, 1, 0, 3, 2, 2, 2, 0, 1, 1, 0, 4, 0, 1, 2, 2, 1, 4, 0, 3, 1, 1, 1, 1, 3, 1, 1, 1, 3, 0, 4, 3, 1, 4, 1, 1, 0, 4, 1, 1, 2, 1, 1, 1, 1, 3, 1, 2, 1, 1, 4, 1, 2, 1, 3, 1, 1, 1, 1, 2, 1, 4, 2, 2]|[0, 2, 1, 1, 3, 0, 1, 3, 0, 0, 0, 0, 1, 0, 1, 0, 0, 3, 1, 0, 0, 0, 3, 1, 0, 2, 0, 0, 0, 1, 0, 0, 0, 0, 3, 0, 1, 0, 0, 2, 1, 1, 1, 0, 0, 0, 0, 2, 1, 0, 0, 0, 1, 3, 0, 0, 0, 0, 0, 0, 2, 0, 1, 0, 2, 1, 0, 0, 1, 1, 3, 1, 1, 3, 0, 0, 1, 0, 0, 2, 0, 0, 0, 1, 1, 0, 0, 0, 1, 0, 2, 0, 0, 1, 1, 0, 0, 2, 0, 0],731.2476204416437,56806.84376103422,93275.64763277225,false
27,G4_BALANCED,G4_BALANCED,[31, 11, 15, 82, 26, 9, 95, 32, 77, 68, 47, 5, 93, 78, 86, 54, 85, 63, 18, 44, 20, 49, 36, 14, 74, 50, 53, 17, 21, 45, 71, 64, 3, 23, 30, 83, 24, 41, 60, 52, 65, 27, 90, 70, 39, 87, 48, 69, 99, 4, 46, 1, 13, 58, 97, 59, 28, 75, 73, 37, 35, 79, 22, 66, 76, 42, 40, 80, 96, 6, 16, 61, 33, 7, 57, 34, 12, 67, 10, 98, 56, 88, 29, 94, 91, 38, 19, 92, 43, 84, 62, 72, 81, 25, 2, 55, 8, 89, 51, 0]|[2, 1, 1, 2, 1, 2, 1, 1, 1, 1, 1, 0, 2, 2, 1, 2, 0, 0, 0, 2, 2, 1, 0, 2, 0, 2, 2, 1, 0, 1, 1, 1, 0, 0, 1, 0, 2, 1, 2, 2, 0, 0, 1, 1, 0, 2, 0, 2, 1, 0, 0, 2, 0, 0, 2, 0, 1, 0, 0, 0, 2, 1, 0, 2, 2, 0, 2, 2, 0, 1, 2, 1, 1, 2, 0, 1, 1, 1, 1, 2, 2, 1, 1, 2, 1, 0, 1, 0, 1, 0, 1, 1, 1, 1, 2, 0, 1, 1, 1, 0]|[1, 3, 2, 0, 4, 1, 4, 4, 2, 4, 3, 2, 1, 0, 2, 1, 1, 1, 2, 1, 1, 3, 0, 1, 0, 1, 1, 4, 1, 4, 3, 2, 2, 0, 4, 1, 1, 4, 0, 1, 2, 1, 4, 4, 1, 1, 0, 2, 3, 2, 2, 1, 2, 1, 1, 2, 4, 2, 0, 2, 2, 3, 1, 0, 1, 2, 0, 1, 2, 4, 1, 3, 4, 1, 2, 4, 3, 3, 3, 1, 1, 4, 3, 1, 3, 2, 4, 2, 4, 2, 3, 4, 1, 4, 1, 2, 3, 4, 3, 2]|[1, 2, 1, 0, 3, 0, 1, 3, 0, 0, 2, 0, 1, 0, 1, 0, 0, 0, 1, 0, 0, 2, 0, 0, 1, 0, 0, 3, 0, 1, 0, 2, 0, 1, 3, 0, 1, 3, 1, 0, 0, 0, 1, 3, 0, 0, 1, 0, 2, 0, 0, 0, 0, 0, 1, 0, 1, 0, 1, 1, 0, 2, 0, 0, 0, 0, 0, 0, 0, 2, 0, 0, 1, 0, 0, 1, 0, 0, 3, 0, 0, 1, 0, 0, 0, 0, 3, 0, 2, 0, 0, 2, 1, 3, 0, 0, 0, 1, 0, 0],842.584363225019,52352.15155925938,107294.36147715819,false
27,G2_TEC,G2_TEC,[31, 22, 82, 15, 26, 9, 95, 42, 77, 68, 47, 5, 93, 78, 86, 54, 85, 63, 18, 44, 20, 49, 36, 14, 74, 50, 53, 17, 21, 28, 11, 64, 3, 23, 30, 83, 24, 41, 40, 52, 65, 27, 90, 70, 39, 87, 48, 69, 99, 4, 46, 1, 13, 58, 97, 59, 45, 8, 73, 37, 35, 79, 71, 66, 76, 32, 60, 80, 96, 6, 16, 61, 33, 7, 57, 34, 12, 67, 10, 98, 56, 88, 43, 75, 91, 38, 19, 92, 29, 84, 2, 72, 81, 25, 51, 55, 62, 89, 94, 0]|[2, 1, 2, 1, 1, 2, 1, 1, 1, 1, 1, 0, 2, 2, 1, 2, 0, 0, 0, 2, 2, 1, 0, 2, 0, 2, 2, 1, 0, 1, 1, 1, 0, 0, 1, 0, 2, 1, 2, 2, 0, 0, 1, 1, 0, 2, 0, 2, 1, 0, 0, 2, 0, 0, 2, 0, 1, 1, 0, 0, 2, 1, 1, 2, 2, 0, 2, 2, 0, 1, 2, 1, 1, 2, 0, 1, 1, 1, 1, 2, 2, 1, 1, 0, 1, 0, 1, 0, 1, 0, 2, 1, 1, 1, 1, 0, 1, 1, 2, 0]|[0, 3, 0, 3, 4, 1, 4, 4, 2, 4, 3, 2, 1, 0, 2, 1, 1, 1, 2, 1, 1, 3, 0, 1, 0, 1, 1, 4, 1, 4, 3, 2, 2, 0, 4, 1, 1, 4, 1, 1, 2, 1, 4, 4, 1, 1, 0, 2, 3, 2, 2, 1, 2, 1, 1, 2, 4, 3, 0, 2, 2, 3, 3, 0, 1, 2, 1, 1, 2, 4, 1, 3, 4, 1, 2, 4, 3, 3, 3, 1, 1, 4, 4, 2, 3, 2, 4, 2, 3, 2, 1, 4, 4, 4, 3, 2, 3, 4, 1, 2]|[0, 2, 0, 0, 3, 0, 1, 3, 0, 0, 2, 0, 1, 0, 1, 0, 0, 0, 1, 0, 0, 2, 0, 0, 1, 0, 0, 3, 0, 1, 0, 2, 0, 0, 3, 0, 1, 3, 0, 0, 0, 0, 1, 3, 0, 0, 1, 0, 2, 0, 0, 0, 0, 0, 1, 0, 1, 0, 1, 1, 0, 2, 0, 0, 0, 0, 0, 0, 0, 2, 0, 0, 1, 0, 0, 1, 0, 0, 3, 0, 0, 1, 2, 0, 0, 0, 1, 0, 3, 0, 0, 2, 1, 3, 0, 0, 0, 1, 0, 0],884.1935202920454,50174.268870086526,113547.00447605085,false
27,G3_TWC,G3_TWC,[31, 22, 82, 15, 26, 58, 95, 42, 77, 12, 47, 5, 93, 78, 98, 54, 85, 63, 18, 44, 20, 35, 43, 97, 91, 76, 10, 30, 21, 45, 71, 64, 1, 23, 17, 83, 24, 14, 60, 36, 6, 57, 94, 88, 65, 56, 79, 40, 67, 68, 46, 75, 38, 9, 19, 32, 81, 41, 27, 62, 87, 90, 99, 59, 11, 16, 72, 73, 70, 39, 37, 84, 3, 92, 25, 55, 28, 29, 51, 7, 33, 61, 86, 66, 89, 50, 48, 96, 53, 8, 80, 4, 34, 49, 52, 0, 13, 69, 2, 74]|[1, 1, 0, 1, 1, 1, 2, 1, 2, 1, 2, 2, 2, 1, 1, 0, 0, 1, 0, 2, 2, 0, 1, 2, 0, 1, 2, 2, 0, 0, 1, 2, 1, 2, 1, 0, 2, 0, 1, 1, 0, 1, 1, 1, 0, 2, 1, 1, 0, 0, 0, 0, 1, 1, 2, 1, 2, 0, 0, 0, 2, 1, 0, 1, 2, 1, 2, 1, 1, 1, 1, 1, 1, 0, 1, 1, 0, 0, 0, 1, 2, 1, 0, 2, 1, 0, 0, 0, 0, 1, 0, 0, 2, 0, 1, 0, 0, 1, 0, 2]|[4, 3, 2, 2, 0, 0, 2, 2, 2, 4, 1, 1, 2, 4, 4, 1, 2, 4, 2, 1, 1, 1, 1, 2, 1, 2, 1, 1, 1, 1, 3, 2, 3, 0, 4, 0, 1, 1, 0, 3, 2, 2, 4, 0, 1, 1, 0, 2, 0, 1, 2, 2, 1, 4, 0, 3, 2, 1, 1, 2, 1, 3, 1, 1, 1, 3, 0, 4, 3, 1, 4, 1, 1, 2, 4, 4, 2, 1, 1, 3, 1, 3, 1, 1, 1, 1, 1, 1, 2, 3, 1, 2, 1, 1, 1, 2, 2, 3, 2, 1]|[0, 2, 1, 1, 3, 3, 0, 1, 0, 0, 0, 0, 1, 0, 1, 0, 0, 3, 1, 0, 0, 0, 3, 1, 0, 2, 0, 0, 0, 1, 0, 0, 0, 0, 3, 0, 1, 0, 0, 2, 1, 1, 2, 0, 0, 0, 0, 1, 1, 0, 0, 0, 1, 3, 0, 0, 1, 0, 0, 1, 0, 2, 0, 1, 0, 2, 1, 0, 0, 1, 1, 3, 1, 1, 3, 3, 1, 0, 0, 2, 0, 0, 0, 0, 1, 0, 0, 0, 1, 2, 0, 1, 0, 1, 1, 0, 0, 0, 0, 0],802.1274951829081,57956.38699448537,89691.2003308727,false
27,G1_CMAX,G1_CMAX,[31, 22, 82, 15, 26, 99, 95, 42, 77, 12, 47, 5, 93, 78, 86, 54, 21, 63, 18, 44, 20, 35, 43, 97, 91, 76, 10, 30, 85, 45, 71, 64, 1, 23, 17, 83, 24, 14, 60, 36, 6, 57, 40, 88, 65, 56, 79, 94, 67, 68, 46, 75, 38, 9, 19, 32, 41, 81, 27, 87, 90, 58, 59, 11, 16, 72, 73, 70, 39, 37, 84, 3, 92, 25, 55, 48, 62, 29, 51, 7, 33, 61, 98, 28, 89, 50, 4, 96, 53, 80, 8, 66, 34, 49, 52, 0, 74, 69, 2, 13]|[1, 1, 0, 1, 1, 0, 1, 1, 2, 1, 2, 2, 2, 1, 1, 0, 0, 1, 0, 2, 2, 0, 1, 2, 0, 1, 2, 2, 0, 0, 1, 2, 1, 2, 1, 0, 2, 0, 1, 1, 0, 1, 1, 1, 0, 2, 1, 1, 0, 0, 0, 0, 1, 1, 2, 1, 0, 2, 0, 2, 1, 0, 1, 2, 1, 2, 1, 1, 1, 1, 1, 1, 0, 1, 2, 0, 0, 0, 0, 1, 2, 1, 2, 0, 1, 0, 1, 2, 0, 0, 1, 2, 2, 0, 1, 0, 2, 1, 0, 0]|[0, 3, 2, 2, 4, 1, 2, 3, 2, 4, 1, 1, 2, 4, 4, 1, 1, 4, 2, 1, 1, 1, 1, 2, 1, 2, 1, 1, 2, 1, 3, 2, 3, 1, 4, 0, 1, 1, 0, 3, 2, 2, 2, 0, 1, 1, 0, 4, 0, 1, 2, 2, 1, 4, 0, 3, 1, 1, 1, 1, 3, 1, 1, 1, 3, 0, 4, 3, 1, 4, 1, 1, 0, 4, 1, 1, 2, 1, 1, 1, 1, 3, 1, 2, 1, 1, 4, 1, 2, 1, 3, 1, 1, 1, 1, 2, 1, 4, 2, 2]|[0, 2, 1, 1, 3, 0, 1, 3, 0, 0, 0, 0, 1, 0, 1, 0, 0, 3, 1, 0, 0, 0, 3, 1, 0, 2, 0, 0, 0, 1, 0, 0, 0, 0, 3, 0, 1, 0, 0, 2, 1, 1, 1, 0, 0, 0, 0, 2, 1, 0, 0, 0, 1, 3, 0, 0, 0, 0, 0, 0, 2, 0, 1, 0, 2, 1, 0, 0, 1, 1, 3, 1, 1, 3, 0, 0, 1, 0, 0, 2, 0, 0, 0, 1, 1, 0, 0, 0, 1, 0, 2, 0, 0, 1, 1, 0, 0, 2, 0, 0],731.2476204416437,56806.84376103422,93275.64763277225,false
27,G4_BALANCED,G4_BALANCED,[31, 11, 15, 82, 26, 9, 95, 32, 77, 68, 47, 5, 93, 78, 86, 54, 85, 63, 18, 44, 20, 49, 36, 14, 74, 50, 53, 17, 21, 45, 71, 64, 3, 23, 30, 83, 24, 41, 60, 52, 65, 27, 90, 70, 39, 87, 48, 69, 99, 4, 46, 1, 13, 58, 97, 59, 28, 75, 73, 37, 35, 79, 22, 66, 76, 42, 40, 80, 96, 6, 16, 61, 33, 7, 57, 34, 12, 67, 10, 98, 56, 88, 29, 94, 91, 38, 19, 92, 43, 84, 62, 72, 81, 25, 2, 55, 8, 89, 51, 0]|[2, 1, 1, 2, 1, 2, 1, 1, 1, 1, 1, 0, 2, 2, 1, 2, 0, 0, 0, 2, 2, 1, 0, 2, 0, 2, 2, 1, 0, 1, 1, 1, 0, 0, 1, 0, 2, 1, 2, 2, 0, 0, 1, 1, 0, 2, 0, 2, 1, 0, 0, 2, 0, 0, 2, 0, 1, 0, 0, 0, 2, 1, 0, 2, 2, 0, 2, 2, 0, 1, 2, 1, 1, 2, 0, 1, 1, 1, 1, 2, 2, 1, 1, 2, 1, 0, 1, 0, 1, 0, 1, 1, 1, 1, 2, 0, 1, 1, 1, 0]|[1, 3, 2, 0, 4, 1, 4, 4, 2, 4, 3, 2, 1, 0, 2, 1, 1, 1, 2, 1, 1, 3, 0, 1, 0, 1, 1, 4, 1, 4, 3, 2, 2, 0, 4, 1, 1, 4, 0, 1, 2, 1, 4, 4, 1, 1, 0, 2, 3, 2, 2, 1, 2, 1, 1, 2, 4, 2, 0, 2, 2, 3, 1, 0, 1, 2, 0, 1, 2, 4, 1, 3, 4, 1, 2, 4, 3, 3, 3, 1, 1, 4, 3, 1, 3, 2, 4, 2, 4, 2, 3, 4, 1, 4, 1, 2, 3, 4, 3, 2]|[1, 2, 1, 0, 3, 0, 1, 3, 0, 0, 2, 0, 1, 0, 1, 0, 0, 0, 1, 0, 0, 2, 0, 0, 1, 0, 0, 3, 0, 1, 0, 2, 0, 1, 3, 0, 1, 3, 1, 0, 0, 0, 1, 3, 0, 0, 1, 0, 2, 0, 0, 0, 0, 0, 1, 0, 1, 0, 1, 1, 0, 2, 0, 0, 0, 0, 0, 0, 0, 2, 0, 0, 1, 0, 0, 1, 0, 0, 3, 0, 0, 1, 0, 0, 0, 0, 3, 0, 2, 0, 0, 2, 1, 3, 0, 0, 0, 1, 0, 0],842.584363225019,52352.15155925938,107294.36147715819,false
27,G2_TEC,G2_TEC,[31, 22, 82, 15, 26, 9, 95, 42, 77, 68, 47, 5, 93, 78, 86, 54, 85, 63, 18, 44, 20, 49, 36, 14, 74, 50, 53, 17, 21, 28, 11, 64, 3, 23, 30, 83, 24, 41, 40, 52, 65, 27, 90, 70, 39, 87, 48, 69, 99, 4, 46, 1, 13, 58, 97, 59, 45, 8, 73, 37, 35, 79, 71, 66, 76, 32, 60, 80, 96, 6, 16, 61, 33, 7, 57, 34, 12, 67, 10, 98, 56, 88, 43, 75, 91, 38, 19, 92, 29, 84, 2, 72, 81, 25, 51, 55, 62, 89, 94, 0]|[2, 1, 2, 1, 1, 2, 1, 1, 1, 1, 1, 0, 2, 2, 1, 2, 0, 0, 0, 2, 2, 1, 0, 2, 0, 2, 2, 1, 0, 1, 1, 1, 0, 0, 1, 0, 2, 1, 2, 2, 0, 0, 1, 1, 0, 2, 0, 2, 1, 0, 0, 2, 0, 0, 2, 0, 1, 1, 0, 0, 2, 1, 1, 2, 2, 0, 2, 2, 0, 1, 2, 1, 1, 2, 0, 1, 1, 1, 1, 2, 2, 1, 1, 0, 1, 0, 1, 0, 1, 0, 2, 1, 1, 1, 1, 0, 1, 1, 2, 0]|[0, 3, 0, 3, 4, 1, 4, 4, 2, 4, 3, 2, 1, 0, 2, 1, 1, 1, 2, 1, 1, 3, 0, 1, 0, 1, 1, 4, 1, 4, 3, 2, 2, 0, 4, 1, 1, 4, 1, 1, 2, 1, 4, 4, 1, 1, 0, 2, 3, 2, 2, 1, 2, 1, 1, 2, 4, 3, 0, 2, 2, 3, 3, 0, 1, 2, 1, 1, 2, 4, 1, 3, 4, 1, 2, 4, 3, 3, 3, 1, 1, 4, 4, 2, 3, 2, 4, 2, 3, 2, 1, 4, 4, 4, 3, 2, 3, 4, 1, 2]|[0, 2, 0, 0, 3, 0, 1, 3, 0, 0, 2, 0, 1, 0, 1, 0, 0, 0, 1, 0, 0, 2, 0, 0, 1, 0, 0, 3, 0, 1, 0, 2, 0, 0, 3, 0, 1, 3, 0, 0, 0, 0, 1, 3, 0, 0, 1, 0, 2, 0, 0, 0, 0, 0, 1, 0, 1, 0, 1, 1, 0, 2, 0, 0, 0, 0, 0, 0, 0, 2, 0, 0, 1, 0, 0, 1, 0, 0, 3, 0, 0, 1, 2, 0, 0, 0, 1, 0, 3, 0, 0, 2, 1, 3, 0, 0, 0, 1, 0, 0],884.1935202920454,50174.268870086526,113547.00447605085,false
27,G3_TWC,G3_TWC,[31, 22, 82, 15, 26, 58, 95, 42, 77, 12, 47, 5, 93, 78, 98, 54, 85, 63, 18, 44, 20, 35, 43, 97, 91, 76, 10, 30, 21, 45, 71, 64, 1, 23, 17, 83, 24, 14, 60, 36, 6, 57, 94, 88, 65, 56, 79, 40, 67, 68, 46, 75, 38, 9, 19, 32, 81, 41, 27, 62, 87, 90, 99, 59, 11, 16, 72, 73, 70, 39, 37, 84, 3, 92, 25, 55, 28, 29, 51, 7, 33, 61, 86, 66, 89, 50, 48, 96, 53, 8, 80, 4, 34, 49, 52, 0, 13, 69, 2, 74]|[1, 1, 0, 1, 1, 1, 2, 1, 2, 1, 2, 2, 2, 1, 1, 0, 0, 1, 0, 2, 2, 0, 1, 2, 0, 1, 2, 2, 0, 0, 1, 2, 1, 2, 1, 0, 2, 0, 1, 1, 0, 1, 1, 1, 0, 2, 1, 1, 0, 0, 0, 0, 1, 1, 2, 1, 2, 0, 0, 0, 2, 1, 0, 1, 2, 1, 2, 1, 1, 1, 1, 1, 1, 0, 1, 1, 0, 0, 0, 1, 2, 1, 0, 2, 1, 0, 0, 0, 0, 1, 0, 0, 2, 0, 1, 0, 0, 1, 0, 2]|[4, 3, 2, 2, 0, 0, 2, 2, 2, 4, 1, 1, 2, 4, 4, 1, 2, 4, 2, 1, 1, 1, 1, 2, 1, 2, 1, 1, 1, 1, 3, 2, 3, 0, 4, 0, 1, 1, 0, 3, 2, 2, 4, 0, 1, 1, 0, 2, 0, 1, 2, 2, 1, 4, 0, 3, 2, 1, 1, 2, 1, 3, 1, 1, 1, 3, 0, 4, 3, 1, 4, 1, 1, 2, 4, 4, 2, 1, 1, 3, 1, 3, 1, 1, 1, 1, 1, 1, 2, 3, 1, 2, 1, 1, 1, 2, 2, 3, 2, 1]|[0, 2, 1, 1, 3, 3, 0, 1, 0, 0, 0, 0, 1, 0, 1, 0, 0, 3, 1, 0, 0, 0, 3, 1, 0, 2, 0, 0, 0, 1, 0, 0, 0, 0, 3, 0, 1, 0, 0, 2, 1, 1, 2, 0, 0, 0, 0, 1, 1, 0, 0, 0, 1, 3, 0, 0, 1, 0, 0, 1, 0, 2, 0, 1, 0, 2, 1, 0, 0, 1, 1, 3, 1, 1, 3, 3, 1, 0, 0, 2, 0, 0, 0, 0, 1, 0, 0, 0, 1, 2, 0, 1, 0, 1, 1, 0, 0, 0, 0, 0],802.1274951829081,57956.38699448537,89691.2003308727,false
27,G1_CMAX,G1_CMAX,[31, 22, 82, 15, 26, 99, 95, 42, 77, 12, 47, 5, 93, 78, 86, 54, 21, 63, 18, 44, 20, 35, 43, 97, 91, 76, 10, 30, 85, 45, 71, 64, 1, 23, 17, 83, 24, 14, 60, 36, 6, 57, 40, 88, 65, 56, 79, 94, 67, 68, 46, 75, 38, 9, 19, 32, 41, 81, 27, 87, 90, 58, 59, 11, 16, 72, 73, 70, 39, 37, 84, 3, 92, 25, 55, 48, 62, 29, 51, 7, 33, 61, 98, 28, 89, 50, 4, 96, 53, 80, 8, 66, 34, 49, 52, 0, 74, 69, 2, 13]|[1, 1, 0, 1, 1, 0, 1, 1, 2, 1, 2, 2, 2, 1, 1, 0, 0, 1, 0, 2, 2, 0, 1, 2, 0, 1, 2, 2, 0, 0, 1, 2, 1, 2, 1, 0, 2, 0, 1, 1, 0, 1, 1, 1, 0, 2, 1, 1, 0, 0, 0, 0, 1, 1, 2, 1, 0, 2, 0, 2, 1, 0, 1, 2, 1, 2, 1, 1, 1, 1, 1, 1, 0, 1, 2, 0, 0, 0, 0, 1, 2, 1, 2, 0, 1, 0, 1, 2, 0, 0, 1, 2, 2, 0, 1, 0, 2, 1, 0, 0]|[0, 3, 2, 2, 4, 1, 2, 3, 2, 4, 1, 1, 2, 4, 4, 1, 1, 4, 2, 1, 1, 1, 1, 2, 1, 2, 1, 1, 2, 1, 3, 2, 3, 1, 4, 0, 1, 1, 0, 3, 2, 2, 2, 0, 1, 1, 0, 4, 0, 1, 2, 2, 1, 4, 0, 3, 1, 1, 1, 1, 3, 1, 1, 1, 3, 0, 4, 3, 1, 4, 1, 1, 0, 4, 1, 1, 2, 1, 1, 1, 1, 3, 1, 2, 1, 1, 4, 1, 2, 1, 3, 1, 1, 1, 1, 2, 1, 4, 2, 2]|[0, 2, 1, 1, 3, 0, 1, 3, 0, 0, 0, 0, 1, 0, 1, 0, 0, 3, 1, 0, 0, 0, 3, 1, 0, 2, 0, 0, 0, 1, 0, 0, 0, 0, 3, 0, 1, 0, 0, 2, 1, 1, 1, 0, 0, 0, 0, 2, 1, 0, 0, 0, 1, 3, 0, 0, 0, 0, 0, 0, 2, 0, 1, 0, 2, 1, 0, 0, 1, 1, 3, 1, 1, 3, 0, 0, 1, 0, 0, 2, 0, 0, 0, 1, 1, 0, 0, 0, 1, 0, 2, 0, 0, 1, 1, 0, 0, 2, 0, 0],731.2476204416437,56806.84376103422,93275.64763277225,false
27,G4_BALANCED,G4_BALANCED,[31, 11, 15, 82, 26, 9, 95, 32, 77, 68, 47, 5, 93, 78, 86, 54, 85, 63, 18, 44, 20, 49, 36, 14, 74, 50, 53, 17, 21, 45, 71, 64, 3, 23, 30, 83, 24, 41, 60, 52, 65, 27, 90, 70, 39, 87, 48, 69, 99, 4, 46, 1, 13, 58, 97, 59, 28, 75, 73, 37, 35, 79, 22, 66, 76, 42, 40, 80, 96, 6, 16, 61, 33, 7, 57, 34, 12, 67, 10, 98, 56, 88, 29, 94, 91, 38, 19, 92, 43, 84, 62, 72, 81, 25, 2, 55, 8, 89, 51, 0]|[2, 1, 1, 2, 1, 2, 1, 1, 1, 1, 1, 0, 2, 2, 1, 2, 0, 0, 0, 2, 2, 1, 0, 2, 0, 2, 2, 1, 0, 1, 1, 1, 0, 0, 1, 0, 2, 1, 2, 2, 0, 0, 1, 1, 0, 2, 0, 2, 1, 0, 0, 2, 0, 0, 2, 0, 1, 0, 0, 0, 2, 1, 0, 2, 2, 0, 2, 2, 0, 1, 2, 1, 1, 2, 0, 1, 1, 1, 1, 2, 2, 1, 1, 2, 1, 0, 1, 0, 1, 0, 1, 1, 1, 1, 2, 0, 1, 1, 1, 0]|[1, 3, 2, 0, 4, 1, 4, 4, 2, 4, 3, 2, 1, 0, 2, 1, 1, 1, 2, 1, 1, 3, 0, 1, 0, 1, 1, 4, 1, 4, 3, 2, 2, 0, 4, 1, 1, 4, 0, 1, 2, 1, 4, 4, 1, 1, 0, 2, 3, 2, 2, 1, 2, 1, 1, 2, 4, 2, 0, 2, 2, 3, 1, 0, 1, 2, 0, 1, 2, 4, 1, 3, 4, 1, 2, 4, 3, 3, 3, 1, 1, 4, 3, 1, 3, 2, 4, 2, 4, 2, 3, 4, 1, 4, 1, 2, 3, 4, 3, 2]|[1, 2, 1, 0, 3, 0, 1, 3, 0, 0, 2, 0, 1, 0, 1, 0, 0, 0, 1, 0, 0, 2, 0, 0, 1, 0, 0, 3, 0, 1, 0, 2, 0, 1, 3, 0, 1, 3, 1, 0, 0, 0, 1, 3, 0, 0, 1, 0, 2, 0, 0, 0, 0, 0, 1, 0, 1, 0, 1, 1, 0, 2, 0, 0, 0, 0, 0, 0, 0, 2, 0, 0, 1, 0, 0, 1, 0, 0, 3, 0, 0, 1, 0, 0, 0, 0, 3, 0, 2, 0, 0, 2, 1, 3, 0, 0, 0, 1, 0, 0],842.584363225019,52352.15155925938,107294.36147715819,false
27,G2_TEC,G2_TEC,[31, 22, 82, 15, 26, 9, 95, 42, 77, 68, 47, 5, 93, 78, 86, 54, 85, 63, 18, 44, 20, 49, 36, 14, 74, 50, 53, 17, 21, 28, 11, 64, 3, 23, 30, 83, 24, 41, 40, 52, 65, 27, 90, 70, 39, 87, 48, 69, 99, 4, 46, 1, 13, 58, 97, 59, 45, 8, 73, 37, 35, 79, 71, 66, 76, 32, 60, 80, 96, 6, 16, 61, 33, 7, 57, 34, 12, 67, 10, 98, 56, 88, 43, 75, 91, 38, 19, 92, 29, 84, 2, 72, 81, 25, 51, 55, 62, 89, 94, 0]|[2, 1, 2, 1, 1, 2, 1, 1, 1, 1, 1, 0, 2, 2, 1, 2, 0, 0, 0, 2, 2, 1, 0, 2, 0, 2, 2, 1, 0, 1, 1, 1, 0, 0, 1, 0, 2, 1, 2, 2, 0, 0, 1, 1, 0, 2, 0, 2, 1, 0, 0, 2, 0, 0, 2, 0, 1, 1, 0, 0, 2, 1, 1, 2, 2, 0, 2, 2, 0, 1, 2, 1, 1, 2, 0, 1, 1, 1, 1, 2, 2, 1, 1, 0, 1, 0, 1, 0, 1, 0, 2, 1, 1, 1, 1, 0, 1, 1, 2, 0]|[0, 3, 0, 3, 4, 1, 4, 4, 2, 4, 3, 2, 1, 0, 2, 1, 1, 1, 2, 1, 1, 3, 0, 1, 0, 1, 1, 4, 1, 4, 3, 2, 2, 0, 4, 1, 1, 4, 1, 1, 2, 1, 4, 4, 1, 1, 0, 2, 3, 2, 2, 1, 2, 1, 1, 2, 4, 3, 0, 2, 2, 3, 3, 0, 1, 2, 1, 1, 2, 4, 1, 3, 4, 1, 2, 4, 3, 3, 3, 1, 1, 4, 4, 2, 3, 2, 4, 2, 3, 2, 1, 4, 4, 4, 3, 2, 3, 4, 1, 2]|[0, 2, 0, 0, 3, 0, 1, 3, 0, 0, 2, 0, 1, 0, 1, 0, 0, 0, 1, 0, 0, 2, 0, 0, 1, 0, 0, 3, 0, 1, 0, 2, 0, 0, 3, 0, 1, 3, 0, 0, 0, 0, 1, 3, 0, 0, 1, 0, 2, 0, 0, 0, 0, 0, 1, 0, 1, 0, 1, 1, 0, 2, 0, 0, 0, 0, 0, 0, 0, 2, 0, 0, 1, 0, 0, 1, 0, 0, 3, 0, 0, 1, 2, 0, 0, 0, 1, 0, 3, 0, 0, 2, 1, 3, 0, 0, 0, 1, 0, 0],884.1935202920454,50174.268870086526,113547.00447605085,false
27,G3_TWC,G3_TWC,[31, 22, 82, 15, 26, 58, 95, 42, 77, 12, 47, 5, 93, 78, 98, 54, 85, 63, 18, 44, 20, 35, 43, 97, 91, 76, 10, 30, 21, 45, 71, 64, 1, 23, 17, 83, 24, 14, 60, 36, 6, 57, 94, 88, 65, 56, 79, 40, 67, 68, 46, 75, 38, 9, 19, 32, 81, 41, 27, 62, 87, 90, 99, 59, 11, 16, 72, 73, 70, 39, 37, 84, 3, 92, 25, 55, 28, 29, 51, 7, 33, 61, 86, 66, 89, 50, 48, 96, 53, 8, 80, 4, 34, 49, 52, 0, 13, 69, 2, 74]|[1, 1, 0, 1, 1, 1, 2, 1, 2, 1, 2, 2, 2, 1, 1, 0, 0, 1, 0, 2, 2, 0, 1, 2, 0, 1, 2, 2, 0, 0, 1, 2, 1, 2, 1, 0, 2, 0, 1, 1, 0, 1, 1, 1, 0, 2, 1, 1, 0, 0, 0, 0, 1, 1, 2, 1, 2, 0, 0, 0, 2, 1, 0, 1, 2, 1, 2, 1, 1, 1, 1, 1, 1, 0, 1, 1, 0, 0, 0, 1, 2, 1, 0, 2, 1, 0, 0, 0, 0, 1, 0, 0, 2, 0, 1, 0, 0, 1, 0, 2]|[4, 3, 2, 2, 0, 0, 2, 2, 2, 4, 1, 1, 2, 4, 4, 1, 2, 4, 2, 1, 1, 1, 1, 2, 1, 2, 1, 1, 1, 1, 3, 2, 3, 0, 4, 0, 1, 1, 0, 3, 2, 2, 4, 0, 1, 1, 0, 2, 0, 1, 2, 2, 1, 4, 0, 3, 2, 1, 1, 2, 1, 3, 1, 1, 1, 3, 0, 4, 3, 1, 4, 1, 1, 2, 4, 4, 2, 1, 1, 3, 1, 3, 1, 1, 1, 1, 1, 1, 2, 3, 1, 2, 1, 1, 1, 2, 2, 3, 2, 1]|[0, 2, 1, 1, 3, 3, 0, 1, 0, 0, 0, 0, 1, 0, 1, 0, 0, 3, 1, 0, 0, 0, 3, 1, 0, 2, 0, 0, 0, 1, 0, 0, 0, 0, 3, 0, 1, 0, 0, 2, 1, 1, 2, 0, 0, 0, 0, 1, 1, 0, 0, 0, 1, 3, 0, 0, 1, 0, 0, 1, 0, 2, 0, 1, 0, 2, 1, 0, 0, 1, 1, 3, 1, 1, 3, 3, 1, 0, 0, 2, 0, 0, 0, 0, 1, 0, 0, 0, 1, 2, 0, 1, 0, 1, 1, 0, 0, 0, 0, 0],802.1274951829081,57956.38699448537,89691.2003308727,false
27,G1_CMAX,G1_CMAX,[31, 22, 82, 15, 26, 99, 95, 42, 77, 12, 47, 5, 93, 78, 86, 54, 21, 63, 18, 44, 20, 35, 43, 97, 91, 76, 10, 30, 85, 45, 71, 64, 1, 23, 17, 83, 24, 14, 60, 36, 6, 57, 40, 88, 65, 56, 79, 94, 67, 68, 46, 75, 38, 9, 19, 32, 41, 81, 27, 87, 90, 58, 59, 11, 16, 72, 73, 70, 39, 37, 84, 3, 92, 25, 55, 48, 62, 29, 51, 7, 33, 61, 98, 28, 89, 50, 4, 96, 53, 80, 8, 66, 34, 49, 52, 0, 74, 69, 2, 13]|[1, 1, 0, 1, 1, 0, 1, 1, 2, 1, 2, 2, 2, 1, 1, 0, 0, 1, 0, 2, 2, 0, 1, 2, 0, 1, 2, 2, 0, 0, 1, 2, 1, 2, 1, 0, 2, 0, 1, 1, 0, 1, 1, 1, 0, 2, 1, 1, 0, 0, 0, 0, 1, 1, 2, 1, 0, 2, 0, 2, 1, 0, 1, 2, 1, 2, 1, 1, 1, 1, 1, 1, 0, 1, 2, 0, 0, 0, 0, 1, 2, 1, 2, 0, 1, 0, 1, 2, 0, 0, 1, 2, 2, 0, 1, 0, 2, 1, 0, 0]|[0, 3, 2, 2, 4, 1, 2, 3, 2, 4, 1, 1, 2, 4, 4, 1, 1, 4, 2, 1, 1, 1, 1, 2, 1, 2, 1, 1, 2, 1, 3, 2, 3, 1, 4, 0, 1, 1, 0, 3, 2, 2, 2, 0, 1, 1, 0, 4, 0, 1, 2, 2, 1, 4, 0, 3, 1, 1, 1, 1, 3, 1, 1, 1, 3, 0, 4, 3, 1, 4, 1, 1, 0, 4, 1, 1, 2, 1, 1, 1, 1, 3, 1, 2, 1, 1, 4, 1, 2, 1, 3, 1, 1, 1, 1, 2, 1, 4, 2, 2]|[0, 2, 1, 1, 3, 0, 1, 3, 0, 0, 0, 0, 1, 0, 1, 0, 0, 3, 1, 0, 0, 0, 3, 1, 0, 2, 0, 0, 0, 1, 0, 0, 0, 0, 3, 0, 1, 0, 0, 2, 1, 1, 1, 0, 0, 0, 0, 2, 1, 0, 0, 0, 1, 3, 0, 0, 0, 0, 0, 0, 2, 0, 1, 0, 2, 1, 0, 0, 1, 1, 3, 1, 1, 3, 0, 0, 1, 0, 0, 2, 0, 0, 0, 1, 1, 0, 0, 0, 1, 0, 2, 0, 0, 1, 1, 0, 0, 2, 0, 0],731.2476204416437,56806.84376103422,93275.64763277225,false
27,G4_BALANCED,G4_BALANCED,[31, 11, 15, 82, 26, 9, 95, 32, 77, 68, 47, 5, 93, 78, 86, 54, 85, 63, 18, 44, 20, 49, 36, 14, 74, 50, 53, 17, 21, 45, 71, 64, 3, 23, 30, 83, 24, 41, 60, 52, 65, 27, 90, 70, 39, 87, 48, 69, 99, 4, 46, 1, 13, 58, 97, 59, 28, 75, 73, 37, 35, 79, 22, 66, 76, 42, 40, 80, 96, 6, 16, 61, 33, 7, 57, 34, 12, 67, 10, 98, 56, 88, 29, 94, 91, 38, 19, 92, 43, 84, 62, 72, 81, 25, 2, 55, 8, 89, 51, 0]|[2, 1, 1, 2, 1, 2, 1, 1, 1, 1, 1, 0, 2, 2, 1, 2, 0, 0, 0, 2, 2, 1, 0, 2, 0, 2, 2, 1, 0, 1, 1, 1, 0, 0, 1, 0, 2, 1, 2, 2, 0, 0, 1, 1, 0, 2, 0, 2, 1, 0, 0, 2, 0, 0, 2, 0, 1, 0, 0, 0, 2, 1, 0, 2, 2, 0, 2, 2, 0, 1, 2, 1, 1, 2, 0, 1, 1, 1, 1, 2, 2, 1, 1, 2, 1, 0, 1, 0, 1, 0, 1, 1, 1, 1, 2, 0, 1, 1, 1, 0]|[1, 3, 2, 0, 4, 1, 4, 4, 2, 4, 3, 2, 1, 0, 2, 1, 1, 1, 2, 1, 1, 3, 0, 1, 0, 1, 1, 4, 1, 4, 3, 2, 2, 0, 4, 1, 1, 4, 0, 1, 2, 1, 4, 4, 1, 1, 0, 2, 3, 2, 2, 1, 2, 1, 1, 2, 4, 2, 0, 2, 2, 3, 1, 0, 1, 2, 0, 1, 2, 4, 1, 3, 4, 1, 2, 4, 3, 3, 3, 1, 1, 4, 3, 1, 3, 2, 4, 2, 4, 2, 3, 4, 1, 4, 1, 2, 3, 4, 3, 2]|[1, 2, 1, 0, 3, 0, 1, 3, 0, 0, 2, 0, 1, 0, 1, 0, 0, 0, 1, 0, 0, 2, 0, 0, 1, 0, 0, 3, 0, 1, 0, 2, 0, 1, 3, 0, 1, 3, 1, 0, 0, 0, 1, 3, 0, 0, 1, 0, 2, 0, 0, 0, 0, 0, 1, 0, 1, 0, 1, 1, 0, 2, 0, 0, 0, 0, 0, 0, 0, 2, 0, 0, 1, 0, 0, 1, 0, 0, 3, 0, 0, 1, 0, 0, 0, 0, 3, 0, 2, 0, 0, 2, 1, 3, 0, 0, 0, 1, 0, 0],842.584363225019,52352.15155925938,107294.36147715819,false
27,G2_TEC,G2_TEC,[31, 22, 82, 15, 26, 9, 95, 42, 77, 68, 47, 5, 93, 78, 86, 54, 85, 63, 18, 44, 20, 49, 36, 14, 74, 50, 53, 17, 21, 28, 11, 64, 3, 23, 30, 83, 24, 41, 40, 52, 65, 27, 90, 70, 39, 87, 48, 69, 99, 4, 46, 1, 13, 58, 97, 59, 45, 8, 73, 37, 35, 79, 71, 66, 76, 32, 60, 80, 96, 6, 16, 61, 33, 7, 57, 34, 12, 67, 10, 98, 56, 88, 43, 75, 91, 38, 19, 92, 29, 84, 2, 72, 81, 25, 51, 55, 62, 89, 94, 0]|[2, 1, 2, 1, 1, 2, 1, 1, 1, 1, 1, 0, 2, 2, 1, 2, 0, 0, 0, 2, 2, 1, 0, 2, 0, 2, 2, 1, 0, 1, 1, 1, 0, 0, 1, 0, 2, 1, 2, 2, 0, 0, 1, 1, 0, 2, 0, 2, 1, 0, 0, 2, 0, 0, 2, 0, 1, 1, 0, 0, 2, 1, 1, 2, 2, 0, 2, 2, 0, 1, 2, 1, 1, 2, 0, 1, 1, 1, 1, 2, 2, 1, 1, 0, 1, 0, 1, 0, 1, 0, 2, 1, 1, 1, 1, 0, 1, 1, 2, 0]|[0, 3, 0, 3, 4, 1, 4, 4, 2, 4, 3, 2, 1, 0, 2, 1, 1, 1, 2, 1, 1, 3, 0, 1, 0, 1, 1, 4, 1, 4, 3, 2, 2, 0, 4, 1, 1, 4, 1, 1, 2, 1, 4, 4, 1, 1, 0, 2, 3, 2, 2, 1, 2, 1, 1, 2, 4, 3, 0, 2, 2, 3, 3, 0, 1, 2, 1, 1, 2, 4, 1, 3, 4, 1, 2, 4, 3, 3, 3, 1, 1, 4, 4, 2, 3, 2, 4, 2, 3, 2, 1, 4, 4, 4, 3, 2, 3, 4, 1, 2]|[0, 2, 0, 0, 3, 0, 1, 3, 0, 0, 2, 0, 1, 0, 1, 0, 0, 0, 1, 0, 0, 2, 0, 0, 1, 0, 0, 3, 0, 1, 0, 2, 0, 0, 3, 0, 1, 3, 0, 0, 0, 0, 1, 3, 0, 0, 1, 0, 2, 0, 0, 0, 0, 0, 1, 0, 1, 0, 1, 1, 0, 2, 0, 0, 0, 0, 0, 0, 0, 2, 0, 0, 1, 0, 0, 1, 0, 0, 3, 0, 0, 1, 2, 0, 0, 0, 1, 0, 3, 0, 0, 2, 1, 3, 0, 0, 0, 1, 0, 0],884.1935202920454,50174.268870086526,113547.00447605085,false
27,G3_TWC,G3_TWC,[31, 22, 82, 15, 26, 58, 95, 42, 77, 12, 47, 5, 93, 78, 98, 54, 85, 63, 18, 44, 20, 35, 43, 97, 91, 76, 10, 30, 21, 45, 71, 64, 1, 23, 17, 83, 24, 14, 60, 36, 6, 57, 94, 88, 65, 56, 79, 40, 67, 68, 46, 75, 38, 9, 19, 32, 81, 41, 27, 62, 87, 90, 99, 59, 11, 16, 72, 73, 70, 39, 37, 84, 3, 92, 25, 55, 28, 29, 51, 7, 33, 61, 86, 66, 89, 50, 48, 96, 53, 8, 80, 4, 34, 49, 52, 0, 13, 69, 2, 74]|[1, 1, 0, 1, 1, 1, 2, 1, 2, 1, 2, 2, 2, 1, 1, 0, 0, 1, 0, 2, 2, 0, 1, 2, 0, 1, 2, 2, 0, 0, 1, 2, 1, 2, 1, 0, 2, 0, 1, 1, 0, 1, 1, 1, 0, 2, 1, 1, 0, 0, 0, 0, 1, 1, 2, 1, 2, 0, 0, 0, 2, 1, 0, 1, 2, 1, 2, 1, 1, 1, 1, 1, 1, 0, 1, 1, 0, 0, 0, 1, 2, 1, 0, 2, 1, 0, 0, 0, 0, 1, 0, 0, 2, 0, 1, 0, 0, 1, 0, 2]|[4, 3, 2, 2, 0, 0, 2, 2, 2, 4, 1, 1, 2, 4, 4, 1, 2, 4, 2, 1, 1, 1, 1, 2, 1, 2, 1, 1, 1, 1, 3, 2, 3, 0, 4, 0, 1, 1, 0, 3, 2, 2, 4, 0, 1, 1, 0, 2, 0, 1, 2, 2, 1, 4, 0, 3, 2, 1, 1, 2, 1, 3, 1, 1, 1, 3, 0, 4, 3, 1, 4, 1, 1, 2, 4, 4, 2, 1, 1, 3, 1, 3, 1, 1, 1, 1, 1, 1, 2, 3, 1, 2, 1, 1, 1, 2, 2, 3, 2, 1]|[0, 2, 1, 1, 3, 3, 0, 1, 0, 0, 0, 0, 1, 0, 1, 0, 0, 3, 1, 0, 0, 0, 3, 1, 0, 2, 0, 0, 0, 1, 0, 0, 0, 0, 3, 0, 1, 0, 0, 2, 1, 1, 2, 0, 0, 0, 0, 1, 1, 0, 0, 0, 1, 3, 0, 0, 1, 0, 0, 1, 0, 2, 0, 1, 0, 2, 1, 0, 0, 1, 1, 3, 1, 1, 3, 3, 1, 0, 0, 2, 0, 0, 0, 0, 1, 0, 0, 0, 1, 2, 0, 1, 0, 1, 1, 0, 0, 0, 0, 0],802.1274951829081,57956.38699448537,89691.2003308727,false
27,G1_CMAX,G1_CMAX,[31, 22, 82, 15, 26, 99, 95, 42, 77, 12, 47, 5, 93, 78, 86, 54, 21, 63, 18, 44, 20, 35, 43, 97, 91, 76, 10, 30, 85, 45, 71, 64, 1, 23, 17, 83, 24, 14, 60, 36, 6, 57, 40, 88, 65, 56, 79, 94, 67, 68, 46, 75, 38, 9, 19, 32, 41, 81, 27, 87, 90, 58, 59, 11, 16, 72, 73, 70, 39, 37, 84, 3, 92, 25, 55, 48, 62, 29, 51, 7, 33, 61, 98, 28, 89, 50, 4, 96, 53, 80, 8, 66, 34, 49, 52, 0, 74, 69, 2, 13]|[1, 1, 0, 1, 1, 0, 1, 1, 2, 1, 2, 2, 2, 1, 1, 0, 0, 1, 0, 2, 2, 0, 1, 2, 0, 1, 2, 2, 0, 0, 1, 2, 1, 2, 1, 0, 2, 0, 1, 1, 0, 1, 1, 1, 0, 2, 1, 1, 0, 0, 0, 0, 1, 1, 2, 1, 0, 2, 0, 2, 1, 0, 1, 2, 1, 2, 1, 1, 1, 1, 1, 1, 0, 1, 2, 0, 0, 0, 0, 1, 2, 1, 2, 0, 1, 0, 1, 2, 0, 0, 1, 2, 2, 0, 1, 0, 2, 1, 0, 0]|[0, 3, 2, 2, 4, 1, 2, 3, 2, 4, 1, 1, 2, 4, 4, 1, 1, 4, 2, 1, 1, 1, 1, 2, 1, 2, 1, 1, 2, 1, 3, 2, 3, 1, 4, 0, 1, 1, 0, 3, 2, 2, 2, 0, 1, 1, 0, 4, 0, 1, 2, 2, 1, 4, 0, 3, 1, 1, 1, 1, 3, 1, 1, 1, 3, 0, 4, 3, 1, 4, 1, 1, 0, 4, 1, 1, 2, 1, 1, 1, 1, 3, 1, 2, 1, 1, 4, 1, 2, 1, 3, 1, 1, 1, 1, 2, 1, 4, 2, 2]|[0, 2, 1, 1, 3, 0, 1, 3, 0, 0, 0, 0, 1, 0, 1, 0, 0, 3, 1, 0, 0, 0, 3, 1, 0, 2, 0, 0, 0, 1, 0, 0, 0, 0, 3, 0, 1, 0, 0, 2, 1, 1, 1, 0, 0, 0, 0, 2, 1, 0, 0, 0, 1, 3, 0, 0, 0, 0, 0, 0, 2, 0, 1, 0, 2, 1, 0, 0, 1, 1, 3, 1, 1, 3, 0, 0, 1, 0, 0, 2, 0, 0, 0, 1, 1, 0, 0, 0, 1, 0, 2, 0, 0, 1, 1, 0, 0, 2, 0, 0],731.2476204416437,56806.84376103422,93275.64763277225,false
27,G4_BALANCED,G4_BALANCED,[31, 11, 15, 82, 26, 9, 95, 32, 77, 68, 47, 5, 93, 78, 86, 54, 85, 63, 18, 44, 20, 49, 36, 14, 74, 50, 53, 17, 21, 45, 71, 64, 3, 23, 30, 83, 24, 41, 60, 52, 65, 27, 90, 70, 39, 87, 48, 69, 99, 4, 46, 1, 13, 58, 97, 59, 28, 75, 73, 37, 35, 79, 22, 66, 76, 42, 40, 80, 96, 6, 16, 61, 33, 7, 57, 34, 12, 67, 10, 98, 56, 88, 29, 94, 91, 38, 19, 92, 43, 84, 62, 72, 81, 25, 2, 55, 8, 89, 51, 0]|[2, 1, 1, 2, 1, 2, 1, 1, 1, 1, 1, 0, 2, 2, 1, 2, 0, 0, 0, 2, 2, 1, 0, 2, 0, 2, 2, 1, 0, 1, 1, 1, 0, 0, 1, 0, 2, 1, 2, 2, 0, 0, 1, 1, 0, 2, 0, 2, 1, 0, 0, 2, 0, 0, 2, 0, 1, 0, 0, 0, 2, 1, 0, 2, 2, 0, 2, 2, 0, 1, 2, 1, 1, 2, 0, 1, 1, 1, 1, 2, 2, 1, 1, 2, 1, 0, 1, 0, 1, 0, 1, 1, 1, 1, 2, 0, 1, 1, 1, 0]|[1, 3, 2, 0, 4, 1, 4, 4, 2, 4, 3, 2, 1, 0, 2, 1, 1, 1, 2, 1, 1, 3, 0, 1, 0, 1, 1, 4, 1, 4, 3, 2, 2, 0, 4, 1, 1, 4, 0, 1, 2, 1, 4, 4, 1, 1, 0, 2, 3, 2, 2, 1, 2, 1, 1, 2, 4, 2, 0, 2, 2, 3, 1, 0, 1, 2, 0, 1, 2, 4, 1, 3, 4, 1, 2, 4, 3, 3, 3, 1, 1, 4, 3, 1, 3, 2, 4, 2, 4, 2, 3, 4, 1, 4, 1, 2, 3, 4, 3, 2]|[1, 2, 1, 0, 3, 0, 1, 3, 0, 0, 2, 0, 1, 0, 1, 0, 0, 0, 1, 0, 0, 2, 0, 0, 1, 0, 0, 3, 0, 1, 0, 2, 0, 1, 3, 0, 1, 3, 1, 0, 0, 0, 1, 3, 0, 0, 1, 0, 2, 0, 0, 0, 0, 0, 1, 0, 1, 0, 1, 1, 0, 2, 0, 0, 0, 0, 0, 0, 0, 2, 0, 0, 1, 0, 0, 1, 0, 0, 3, 0, 0, 1, 0, 0, 0, 0, 3, 0, 2, 0, 0, 2, 1, 3, 0, 0, 0, 1, 0, 0],842.584363225019,52352.15155925938,107294.36147715819,false
27,G2_TEC,G2_TEC,[31, 22, 82, 15, 26, 9, 95, 42, 77, 68, 47, 5, 93, 78, 86, 54, 85, 63, 18, 44, 20, 49, 36, 14, 74, 50, 53, 17, 21, 28, 11, 64, 3, 23, 30, 83, 24, 41, 40, 52, 65, 27, 90, 70, 39, 87, 48, 69, 99, 4, 46, 1, 13, 58, 97, 59, 45, 8, 73, 37, 35, 79, 71, 66, 76, 32, 60, 80, 96, 6, 16, 61, 33, 7, 57, 34, 12, 67, 10, 98, 56, 88, 43, 75, 91, 38, 19, 92, 29, 84, 2, 72, 81, 25, 51, 55, 62, 89, 94, 0]|[2, 1, 2, 1, 1, 2, 1, 1, 1, 1, 1, 0, 2, 2, 1, 2, 0, 0, 0, 2, 2, 1, 0, 2, 0, 2, 2, 1, 0, 1, 1, 1, 0, 0, 1, 0, 2, 1, 2, 2, 0, 0, 1, 1, 0, 2, 0, 2, 1, 0, 0, 2, 0, 0, 2, 0, 1, 1, 0, 0, 2, 1, 1, 2, 2, 0, 2, 2, 0, 1, 2, 1, 1, 2, 0, 1, 1, 1, 1, 2, 2, 1, 1, 0, 1, 0, 1, 0, 1, 0, 2, 1, 1, 1, 1, 0, 1, 1, 2, 0]|[0, 3, 0, 3, 4, 1, 4, 4, 2, 4, 3, 2, 1, 0, 2, 1, 1, 1, 2, 1, 1, 3, 0, 1, 0, 1, 1, 4, 1, 4, 3, 2, 2, 0, 4, 1, 1, 4, 1, 1, 2, 1, 4, 4, 1, 1, 0, 2, 3, 2, 2, 1, 2, 1, 1, 2, 4, 3, 0, 2, 2, 3, 3, 0, 1, 2, 1, 1, 2, 4, 1, 3, 4, 1, 2, 4, 3, 3, 3, 1, 1, 4, 4, 2, 3, 2, 4, 2, 3, 2, 1, 4, 4, 4, 3, 2, 3, 4, 1, 2]|[0, 2, 0, 0, 3, 0, 1, 3, 0, 0, 2, 0, 1, 0, 1, 0, 0, 0, 1, 0, 0, 2, 0, 0, 1, 0, 0, 3, 0, 1, 0, 2, 0, 0, 3, 0, 1, 3, 0, 0, 0, 0, 1, 3, 0, 0, 1, 0, 2, 0, 0, 0, 0, 0, 1, 0, 1, 0, 1, 1, 0, 2, 0, 0, 0, 0, 0, 0, 0, 2, 0, 0, 1, 0, 0, 1, 0, 0, 3, 0, 0, 1, 2, 0, 0, 0, 1, 0, 3, 0, 0, 2, 1, 3, 0, 0, 0, 1, 0, 0],884.1935202920454,50174.268870086526,113547.00447605085,false
27,G3_TWC,G3_TWC,[31, 22, 82, 15, 26, 58, 95, 42, 77, 12, 47, 5, 93, 78, 98, 54, 85, 63, 18, 44, 20, 35, 43, 97, 91, 76, 10, 30, 21, 45, 71, 64, 1, 23, 17, 83, 24, 14, 60, 36, 6, 57, 94, 88, 65, 56, 79, 40, 67, 68, 46, 75, 38, 9, 19, 32, 81, 41, 27, 62, 87, 90, 99, 59, 11, 16, 72, 73, 70, 39, 37, 84, 3, 92, 25, 55, 28, 29, 51, 7, 33, 61, 86, 66, 89, 50, 48, 96, 53, 8, 80, 4, 34, 49, 52, 0, 13, 69, 2, 74]|[1, 1, 0, 1, 1, 1, 2, 1, 2, 1, 2, 2, 2, 1, 1, 0, 0, 1, 0, 2, 2, 0, 1, 2, 0, 1, 2, 2, 0, 0, 1, 2, 1, 2, 1, 0, 2, 0, 1, 1, 0, 1, 1, 1, 0, 2, 1, 1, 0, 0, 0, 0, 1, 1, 2, 1, 2, 0, 0, 0, 2, 1, 0, 1, 2, 1, 2, 1, 1, 1, 1, 1, 1, 0, 1, 1, 0, 0, 0, 1, 2, 1, 0, 2, 1, 0, 0, 0, 0, 1, 0, 0, 2, 0, 1, 0, 0, 1, 0, 2]|[4, 3, 2, 2, 0, 0, 2, 2, 2, 4, 1, 1, 2, 4, 4, 1, 2, 4, 2, 1, 1, 1, 1, 2, 1, 2, 1, 1, 1, 1, 3, 2, 3, 0, 4, 0, 1, 1, 0, 3, 2, 2, 4, 0, 1, 1, 0, 2, 0, 1, 2, 2, 1, 4, 0, 3, 2, 1, 1, 2, 1, 3, 1, 1, 1, 3, 0, 4, 3, 1, 4, 1, 1, 2, 4, 4, 2, 1, 1, 3, 1, 3, 1, 1, 1, 1, 1, 1, 2, 3, 1, 2, 1, 1, 1, 2, 2, 3, 2, 1]|[0, 2, 1, 1, 3, 3, 0, 1, 0, 0, 0, 0, 1, 0, 1, 0, 0, 3, 1, 0, 0, 0, 3, 1, 0, 2, 0, 0, 0, 1, 0, 0, 0, 0, 3, 0, 1, 0, 0, 2, 1, 1, 2, 0, 0, 0, 0, 1, 1, 0, 0, 0, 1, 3, 0, 0, 1, 0, 0, 1, 0, 2, 0, 1, 0, 2, 1, 0, 0, 1, 1, 3, 1, 1, 3, 3, 1, 0, 0, 2, 0, 0, 0, 0, 1, 0, 0, 0, 1, 2, 0, 1, 0, 1, 1, 0, 0, 0, 0, 0],802.1274951829081,57956.38699448537,89691.2003308727,false
27,G1_CMAX,G1_CMAX,[31, 22, 82, 15, 26, 99, 95, 42, 77, 12, 47, 5, 93, 78, 86, 54, 21, 63, 18, 44, 20, 35, 43, 97, 91, 76, 10, 30, 85, 45, 71, 64, 1, 23, 17, 83, 24, 14, 60, 36, 6, 57, 40, 88, 65, 56, 79, 94, 67, 68, 46, 75, 38, 9, 19, 32, 41, 81, 27, 87, 90, 58, 59, 11, 16, 72, 73, 70, 39, 37, 84, 3, 92, 25, 55, 48, 62, 29, 51, 7, 33, 61, 98, 28, 89, 50, 4, 96, 53, 80, 8, 66, 34, 49, 52, 0, 74, 69, 2, 13]|[1, 1, 0, 1, 1, 0, 1, 1, 2, 1, 2, 2, 2, 1, 1, 0, 0, 1, 0, 2, 2, 0, 1, 2, 0, 1, 2, 2, 0, 0, 1, 2, 1, 2, 1, 0, 2, 0, 1, 1, 0, 1, 1, 1, 0, 2, 1, 1, 0, 0, 0, 0, 1, 1, 2, 1, 0, 2, 0, 2, 1, 0, 1, 2, 1, 2, 1, 1, 1, 1, 1, 1, 0, 1, 2, 0, 0, 0, 0, 1, 2, 1, 2, 0, 1, 0, 1, 2, 0, 0, 1, 2, 2, 0, 1, 0, 2, 1, 0, 0]|[0, 3, 2, 2, 4, 1, 2, 3, 2, 4, 1, 1, 2, 4, 4, 1, 1, 4, 2, 1, 1, 1, 1, 2, 1, 2, 1, 1, 2, 1, 3, 2, 3, 1, 4, 0, 1, 1, 0, 3, 2, 2, 2, 0, 1, 1, 0, 4, 0, 1, 2, 2, 1, 4, 0, 3, 1, 1, 1, 1, 3, 1, 1, 1, 3, 0, 4, 3, 1, 4, 1, 1, 0, 4, 1, 1, 2, 1, 1, 1, 1, 3, 1, 2, 1, 1, 4, 1, 2, 1, 3, 1, 1, 1, 1, 2, 1, 4, 2, 2]|[0, 2, 1, 1, 3, 0, 1, 3, 0, 0, 0, 0, 1, 0, 1, 0, 0, 3, 1, 0, 0, 0, 3, 1, 0, 2, 0, 0, 0, 1, 0, 0, 0, 0, 3, 0, 1, 0, 0, 2, 1, 1, 1, 0, 0, 0, 0, 2, 1, 0, 0, 0, 1, 3, 0, 0, 0, 0, 0, 0, 2, 0, 1, 0, 2, 1, 0, 0, 1, 1, 3, 1, 1, 3, 0, 0, 1, 0, 0, 2, 0, 0, 0, 1, 1, 0, 0, 0, 1, 0, 2, 0, 0, 1, 1, 0, 0, 2, 0, 0],731.2476204416437,56806.84376103422,93275.64763277225,false
27,G4_BALANCED,G4_BALANCED,[31, 11, 15, 82, 26, 9, 95, 32, 77, 68, 47, 5, 93, 78, 86, 54, 85, 63, 18, 44, 20, 49, 36, 14, 74, 50, 53, 17, 21, 45, 71, 64, 3, 23, 30, 83, 24, 41, 60, 52, 65, 27, 90, 70, 39, 87, 48, 69, 99, 4, 46, 1, 13, 58, 97, 59, 28, 75, 73, 37, 35, 79, 22, 66, 76, 42, 40, 80, 96, 6, 16, 61, 33, 7, 57, 34, 12, 67, 10, 98, 56, 88, 29, 94, 91, 38, 19, 92, 43, 84, 62, 72, 81, 25, 2, 55, 8, 89, 51, 0]|[2, 1, 1, 2, 1, 2, 1, 1, 1, 1, 1, 0, 2, 2, 1, 2, 0, 0, 0, 2, 2, 1, 0, 2, 0, 2, 2, 1, 0, 1, 1, 1, 0, 0, 1, 0, 2, 1, 2, 2, 0, 0, 1, 1, 0, 2, 0, 2, 1, 0, 0, 2, 0, 0, 2, 0, 1, 0, 0, 0, 2, 1, 0, 2, 2, 0, 2, 2, 0, 1, 2, 1, 1, 2, 0, 1, 1, 1, 1, 2, 2, 1, 1, 2, 1, 0, 1, 0, 1, 0, 1, 1, 1, 1, 2, 0, 1, 1, 1, 0]|[1, 3, 2, 0, 4, 1, 4, 4, 2, 4, 3, 2, 1, 0, 2, 1, 1, 1, 2, 1, 1, 3, 0, 1, 0, 1, 1, 4, 1, 4, 3, 2, 2, 0, 4, 1, 1, 4, 0, 1, 2, 1, 4, 4, 1, 1, 0, 2, 3, 2, 2, 1, 2, 1, 1, 2, 4, 2, 0, 2, 2, 3, 1, 0, 1, 2, 0, 1, 2, 4, 1, 3, 4, 1, 2, 4, 3, 3, 3, 1, 1, 4, 3, 1, 3, 2, 4, 2, 4, 2, 3, 4, 1, 4, 1, 2, 3, 4, 3, 2]|[1, 2, 1, 0, 3, 0, 1, 3, 0, 0, 2, 0, 1, 0, 1, 0, 0, 0, 1, 0, 0, 2, 0, 0, 1, 0, 0, 3, 0, 1, 0, 2, 0, 1, 3, 0, 1, 3, 1, 0, 0, 0, 1, 3, 0, 0, 1, 0, 2, 0, 0, 0, 0, 0, 1, 0, 1, 0, 1, 1, 0, 2, 0, 0, 0, 0, 0, 0, 0, 2, 0, 0, 1, 0, 0, 1, 0, 0, 3, 0, 0, 1, 0, 0, 0, 0, 3, 0, 2, 0, 0, 2, 1, 3, 0, 0, 0, 1, 0, 0],842.584363225019,52352.15155925938,107294.36147715819,false
27,G2_TEC,G2_TEC,[31, 22, 82, 15, 26, 9, 95, 42, 77, 68, 47, 5, 93, 78, 86, 54, 85, 63, 18, 44, 20, 49, 36, 14, 74, 50, 53, 17, 21, 28, 11, 64, 3, 23, 30, 83, 24, 41, 40, 52, 65, 27, 90, 70, 39, 87, 48, 69, 99, 4, 46, 1, 13, 58, 97, 59, 45, 8, 73, 37, 35, 79, 71, 66, 76, 32, 60, 80, 96, 6, 16, 61, 33, 7, 57, 34, 12, 67, 10, 98, 56, 88, 43, 75, 91, 38, 19, 92, 29, 84, 2, 72, 81, 25, 51, 55, 62, 89, 94, 0]|[2, 1, 2, 1, 1, 2, 1, 1, 1, 1, 1, 0, 2, 2, 1, 2, 0, 0, 0, 2, 2, 1, 0, 2, 0, 2, 2, 1, 0, 1, 1, 1, 0, 0, 1, 0, 2, 1, 2, 2, 0, 0, 1, 1, 0, 2, 0, 2, 1, 0, 0, 2, 0, 0, 2, 0, 1, 1, 0, 0, 2, 1, 1, 2, 2, 0, 2, 2, 0, 1, 2, 1, 1, 2, 0, 1, 1, 1, 1, 2, 2, 1, 1, 0, 1, 0, 1, 0, 1, 0, 2, 1, 1, 1, 1, 0, 1, 1, 2, 0]|[0, 3, 0, 3, 4, 1, 4, 4, 2, 4, 3, 2, 1, 0, 2, 1, 1, 1, 2, 1, 1, 3, 0, 1, 0, 1, 1, 4, 1, 4, 3, 2, 2, 0, 4, 1, 1, 4, 1, 1, 2, 1, 4, 4, 1, 1, 0, 2, 3, 2, 2, 1, 2, 1, 1, 2, 4, 3, 0, 2, 2, 3, 3, 0, 1, 2, 1, 1, 2, 4, 1, 3, 4, 1, 2, 4, 3, 3, 3, 1, 1, 4, 4, 2, 3, 2, 4, 2, 3, 2, 1, 4, 4, 4, 3, 2, 3, 4, 1, 2]|[0, 2, 0, 0, 3, 0, 1, 3, 0, 0, 2, 0, 1, 0, 1, 0, 0, 0, 1, 0, 0, 2, 0, 0, 1, 0, 0, 3, 0, 1, 0, 2, 0, 0, 3, 0, 1, 3, 0, 0, 0, 0, 1, 3, 0, 0, 1, 0, 2, 0, 0, 0, 0, 0, 1, 0, 1, 0, 1, 1, 0, 2, 0, 0, 0, 0, 0, 0, 0, 2, 0, 0, 1, 0, 0, 1, 0, 0, 3, 0, 0, 1, 2, 0, 0, 0, 1, 0, 3, 0, 0, 2, 1, 3, 0, 0, 0, 1, 0, 0],884.1935202920454,50174.268870086526,113547.00447605085,false
27,G3_TWC,G3_TWC,[31, 22, 82, 15, 26, 58, 95, 42, 77, 12, 47, 5, 93, 78, 98, 54, 85, 63, 18, 44, 20, 35, 43, 97, 91, 76, 10, 30, 21, 45, 71, 64, 1, 23, 17, 83, 24, 14, 60, 36, 6, 57, 94, 88, 65, 56, 79, 40, 67, 68, 46, 75, 38, 9, 19, 32, 81, 41, 27, 62, 87, 90, 99, 59, 11, 16, 72, 73, 70, 39, 37, 84, 3, 92, 25, 55, 28, 29, 51, 7, 33, 61, 86, 66, 89, 50, 48, 96, 53, 8, 80, 4, 34, 49, 52, 0, 13, 69, 2, 74]|[1, 1, 0, 1, 1, 1, 2, 1, 2, 1, 2, 2, 2, 1, 1, 0, 0, 1, 0, 2, 2, 0, 1, 2, 0, 1, 2, 2, 0, 0, 1, 2, 1, 2, 1, 0, 2, 0, 1, 1, 0, 1, 1, 1, 0, 2, 1, 1, 0, 0, 0, 0, 1, 1, 2, 1, 2, 0, 0, 0, 2, 1, 0, 1, 2, 1, 2, 1, 1, 1, 1, 1, 1, 0, 1, 1, 0, 0, 0, 1, 2, 1, 0, 2, 1, 0, 0, 0, 0, 1, 0, 0, 2, 0, 1, 0, 0, 1, 0, 2]|[4, 3, 2, 2, 0, 0, 2, 2, 2, 4, 1, 1, 2, 4, 4, 1, 2, 4, 2, 1, 1, 1, 1, 2, 1, 2, 1, 1, 1, 1, 3, 2, 3, 0, 4, 0, 1, 1, 0, 3, 2, 2, 4, 0, 1, 1, 0, 2, 0, 1, 2, 2, 1, 4, 0, 3, 2, 1, 1, 2, 1, 3, 1, 1, 1, 3, 0, 4, 3, 1, 4, 1, 1, 2, 4, 4, 2, 1, 1, 3, 1, 3, 1, 1, 1, 1, 1, 1, 2, 3, 1, 2, 1, 1, 1, 2, 2, 3, 2, 1]|[0, 2, 1, 1, 3, 3, 0, 1, 0, 0, 0, 0, 1, 0, 1, 0, 0, 3, 1, 0, 0, 0, 3, 1, 0, 2, 0, 0, 0, 1, 0, 0, 0, 0, 3, 0, 1, 0, 0, 2, 1, 1, 2, 0, 0, 0, 0, 1, 1, 0, 0, 0, 1, 3, 0, 0, 1, 0, 0, 1, 0, 2, 0, 1, 0, 2, 1, 0, 0, 1, 1, 3, 1, 1, 3, 3, 1, 0, 0, 2, 0, 0, 0, 0, 1, 0, 0, 0, 1, 2, 0, 1, 0, 1, 1, 0, 0, 0, 0, 0],802.1274951829081,57956.38699448537,89691.2003308727,false
27,G1_CMAX,G1_CMAX,[31, 22, 82, 15, 26, 99, 95, 42, 77, 12, 47, 5, 93, 78, 86, 54, 21, 63, 18, 44, 20, 35, 43, 97, 91, 76, 10, 30, 85, 45, 71, 64, 1, 23, 17, 83, 24, 14, 60, 36, 6, 57, 40, 88, 65, 56, 79, 94, 67, 68, 46, 75, 38, 9, 19, 32, 41, 81, 27, 87, 90, 58, 59, 11, 16, 72, 73, 70, 39, 37, 84, 3, 92, 25, 55, 48, 62, 29, 51, 7, 33, 61, 98, 28, 89, 50, 4, 96, 53, 80, 8, 66, 34, 49, 52, 0, 74, 69, 2, 13]|[1, 1, 0, 1, 1, 0, 1, 1, 2, 1, 2, 2, 2, 1, 1, 0, 0, 1, 0, 2, 2, 0, 1, 2, 0, 1, 2, 2, 0, 0, 1, 2, 1, 2, 1, 0, 2, 0, 1, 1, 0, 1, 1, 1, 0, 2, 1, 1, 0, 0, 0, 0, 1, 1, 2, 1, 0, 2, 0, 2, 1, 0, 1, 2, 1, 2, 1, 1, 1, 1, 1, 1, 0, 1, 2, 0, 0, 0, 0, 1, 2, 1, 2, 0, 1, 0, 1, 2, 0, 0, 1, 2, 2, 0, 1, 0, 2, 1, 0, 0]|[0, 3, 2, 2, 4, 1, 2, 3, 2, 4, 1, 1, 2, 4, 4, 1, 1, 4, 2, 1, 1, 1, 1, 2, 1, 2, 1, 1, 2, 1, 3, 2, 3, 1, 4, 0, 1, 1, 0, 3, 2, 2, 2, 0, 1, 1, 0, 4, 0, 1, 2, 2, 1, 4, 0, 3, 1, 1, 1, 1, 3, 1, 1, 1, 3, 0, 4, 3, 1, 4, 1, 1, 0, 4, 1, 1, 2, 1, 1, 1, 1, 3, 1, 2, 1, 1, 4, 1, 2, 1, 3, 1, 1, 1, 1, 2, 1, 4, 2, 2]|[0, 2, 1, 1, 3, 0, 1, 3, 0, 0, 0, 0, 1, 0, 1, 0, 0, 3, 1, 0, 0, 0, 3, 1, 0, 2, 0, 0, 0, 1, 0, 0, 0, 0, 3, 0, 1, 0, 0, 2, 1, 1, 1, 0, 0, 0, 0, 2, 1, 0, 0, 0, 1, 3, 0, 0, 0, 0, 0, 0, 2, 0, 1, 0, 2, 1, 0, 0, 1, 1, 3, 1, 1, 3, 0, 0, 1, 0, 0, 2, 0, 0, 0, 1, 1, 0, 0, 0, 1, 0, 2, 0, 0, 1, 1, 0, 0, 2, 0, 0],731.2476204416437,56806.84376103422,93275.64763277225,false
27,G4_BALANCED,G4_BALANCED,[31, 11, 15, 82, 26, 9, 95, 32, 77, 68, 47, 5, 93, 78, 86, 54, 85, 63, 18, 44, 20, 49, 36, 14, 74, 50, 53, 17, 21, 45, 71, 64, 3, 23, 30, 83, 24, 41, 60, 52, 65, 27, 90, 70, 39, 87, 48, 69, 99, 4, 46, 1, 13, 58, 97, 59, 28, 75, 73, 37, 35, 79, 22, 66, 76, 42, 40, 80, 96, 6, 16, 61, 33, 7, 57, 34, 12, 67, 10, 98, 56, 88, 29, 94, 91, 38, 19, 92, 43, 84, 62, 72, 81, 25, 2, 55, 8, 89, 51, 0]|[2, 1, 1, 2, 1, 2, 1, 1, 1, 1, 1, 0, 2, 2, 1, 2, 0, 0, 0, 2, 2, 1, 0, 2, 0, 2, 2, 1, 0, 1, 1, 1, 0, 0, 1, 0, 2, 1, 2, 2, 0, 0, 1, 1, 0, 2, 0, 2, 1, 0, 0, 2, 0, 0, 2, 0, 1, 0, 0, 0, 2, 1, 0, 2, 2, 0, 2, 2, 0, 1, 2, 1, 1, 2, 0, 1, 1, 1, 1, 2, 2, 1, 1, 2, 1, 0, 1, 0, 1, 0, 1, 1, 1, 1, 2, 0, 1, 1, 1, 0]|[1, 3, 2, 0, 4, 1, 4, 4, 2, 4, 3, 2, 1, 0, 2, 1, 1, 1, 2, 1, 1, 3, 0, 1, 0, 1, 1, 4, 1, 4, 3, 2, 2, 0, 4, 1, 1, 4, 0, 1, 2, 1, 4, 4, 1, 1, 0, 2, 3, 2, 2, 1, 2, 1, 1, 2, 4, 2, 0, 2, 2, 3, 1, 0, 1, 2, 0, 1, 2, 4, 1, 3, 4, 1, 2, 4, 3, 3, 3, 1, 1, 4, 3, 1, 3, 2, 4, 2, 4, 2, 3, 4, 1, 4, 1, 2, 3, 4, 3, 2]|[1, 2, 1, 0, 3, 0, 1, 3, 0, 0, 2, 0, 1, 0, 1, 0, 0, 0, 1, 0, 0, 2, 0, 0, 1, 0, 0, 3, 0, 1, 0, 2, 0, 1, 3, 0, 1, 3, 1, 0, 0, 0, 1, 3, 0, 0, 1, 0, 2, 0, 0, 0, 0, 0, 1, 0, 1, 0, 1, 1, 0, 2, 0, 0, 0, 0, 0, 0, 0, 2, 0, 0, 1, 0, 0, 1, 0, 0, 3, 0, 0, 1, 0, 0, 0, 0, 3, 0, 2, 0, 0, 2, 1, 3, 0, 0, 0, 1, 0, 0],842.584363225019,52352.15155925938,107294.36147715819,false
27,G2_TEC,G2_TEC,[31, 22, 82, 15, 26, 9, 95, 42, 77, 68, 47, 5, 93, 78, 86, 54, 85, 63, 18, 44, 20, 49, 36, 14, 74, 50, 53, 17, 21, 28, 11, 64, 3, 23, 30, 83, 24, 41, 40, 52, 65, 27, 90, 70, 39, 87, 48, 69, 99, 4, 46, 1, 13, 58, 97, 59, 45, 8, 73, 37, 35, 79, 71, 66, 76, 32, 60, 80, 96, 6, 16, 61, 33, 7, 57, 34, 12, 67, 10, 98, 56, 88, 43, 75, 91, 38, 19, 92, 29, 84, 2, 72, 81, 25, 51, 55, 62, 89, 94, 0]|[2, 1, 2, 1, 1, 2, 1, 1, 1, 1, 1, 0, 2, 2, 1, 2, 0, 0, 0, 2, 2, 1, 0, 2, 0, 2, 2, 1, 0, 1, 1, 1, 0, 0, 1, 0, 2, 1, 2, 2, 0, 0, 1, 1, 0, 2, 0, 2, 1, 0, 0, 2, 0, 0, 2, 0, 1, 1, 0, 0, 2, 1, 1, 2, 2, 0, 2, 2, 0, 1, 2, 1, 1, 2, 0, 1, 1, 1, 1, 2, 2, 1, 1, 0, 1, 0, 1, 0, 1, 0, 2, 1, 1, 1, 1, 0, 1, 1, 2, 0]|[0, 3, 0, 3, 4, 1, 4, 4, 2, 4, 3, 2, 1, 0, 2, 1, 1, 1, 2, 1, 1, 3, 0, 1, 0, 1, 1, 4, 1, 4, 3, 2, 2, 0, 4, 1, 1, 4, 1, 1, 2, 1, 4, 4, 1, 1, 0, 2, 3, 2, 2, 1, 2, 1, 1, 2, 4, 3, 0, 2, 2, 3, 3, 0, 1, 2, 1, 1, 2, 4, 1, 3, 4, 1, 2, 4, 3, 3, 3, 1, 1, 4, 4, 2, 3, 2, 4, 2, 3, 2, 1, 4, 4, 4, 3, 2, 3, 4, 1, 2]|[0, 2, 0, 0, 3, 0, 1, 3, 0, 0, 2, 0, 1, 0, 1, 0, 0, 0, 1, 0, 0, 2, 0, 0, 1, 0, 0, 3, 0, 1, 0, 2, 0, 0, 3, 0, 1, 3, 0, 0, 0, 0, 1, 3, 0, 0, 1, 0, 2, 0, 0, 0, 0, 0, 1, 0, 1, 0, 1, 1, 0, 2, 0, 0, 0, 0, 0, 0, 0, 2, 0, 0, 1, 0, 0, 1, 0, 0, 3, 0, 0, 1, 2, 0, 0, 0, 1, 0, 3, 0, 0, 2, 1, 3, 0, 0, 0, 1, 0, 0],884.1935202920454,50174.268870086526,113547.00447605085,false
27,G3_TWC,G3_TWC,[31, 22, 82, 15, 26, 58, 95, 42, 77, 12, 47, 5, 93, 78, 98, 54, 85, 63, 18, 44, 20, 35, 43, 97, 91, 76, 10, 30, 21, 45, 71, 64, 1, 23, 17, 83, 24, 14, 60, 36, 6, 57, 94, 88, 65, 56, 79, 40, 67, 68, 46, 75, 38, 9, 19, 32, 81, 41, 27, 62, 87, 90, 99, 59, 11, 16, 72, 73, 70, 39, 37, 84, 3, 92, 25, 55, 28, 29, 51, 7, 33, 61, 86, 66, 89, 50, 48, 96, 53, 8, 80, 4, 34, 49, 52, 0, 13, 69, 2, 74]|[1, 1, 0, 1, 1, 1, 2, 1, 2, 1, 2, 2, 2, 1, 1, 0, 0, 1, 0, 2, 2, 0, 1, 2, 0, 1, 2, 2, 0, 0, 1, 2, 1, 2, 1, 0, 2, 0, 1, 1, 0, 1, 1, 1, 0, 2, 1, 1, 0, 0, 0, 0, 1, 1, 2, 1, 2, 0, 0, 0, 2, 1, 0, 1, 2, 1, 2, 1, 1, 1, 1, 1, 1, 0, 1, 1, 0, 0, 0, 1, 2, 1, 0, 2, 1, 0, 0, 0, 0, 1, 0, 0, 2, 0, 1, 0, 0, 1, 0, 2]|[4, 3, 2, 2, 0, 0, 2, 2, 2, 4, 1, 1, 2, 4, 4, 1, 2, 4, 2, 1, 1, 1, 1, 2, 1, 2, 1, 1, 1, 1, 3, 2, 3, 0, 4, 0, 1, 1, 0, 3, 2, 2, 4, 0, 1, 1, 0, 2, 0, 1, 2, 2, 1, 4, 0, 3, 2, 1, 1, 2, 1, 3, 1, 1, 1, 3, 0, 4, 3, 1, 4, 1, 1, 2, 4, 4, 2, 1, 1, 3, 1, 3, 1, 1, 1, 1, 1, 1, 2, 3, 1, 2, 1, 1, 1, 2, 2, 3, 2, 1]|[0, 2, 1, 1, 3, 3, 0, 1, 0, 0, 0, 0, 1, 0, 1, 0, 0, 3, 1, 0, 0, 0, 3, 1, 0, 2, 0, 0, 0, 1, 0, 0, 0, 0, 3, 0, 1, 0, 0, 2, 1, 1, 2, 0, 0, 0, 0, 1, 1, 0, 0, 0, 1, 3, 0, 0, 1, 0, 0, 1, 0, 2, 0, 1, 0, 2, 1, 0, 0, 1, 1, 3, 1, 1, 3, 3, 1, 0, 0, 2, 0, 0, 0, 0, 1, 0, 0, 0, 1, 2, 0, 1, 0, 1, 1, 0, 0, 0, 0, 0],802.1274951829081,57956.38699448537,89691.2003308727,false
27,G1_CMAX,G1_CMAX,[31, 22, 82, 15, 26, 99, 95, 42, 77, 12, 47, 5, 93, 78, 86, 54, 21, 63, 18, 44, 20, 35, 43, 97, 91, 76, 10, 30, 85, 45, 71, 64, 1, 23, 17, 83, 24, 14, 60, 36, 6, 57, 40, 88, 65, 56, 79, 94, 67, 68, 46, 75, 38, 9, 19, 32, 41, 81, 27, 87, 90, 58, 59, 11, 16, 72, 73, 70, 39, 37, 84, 3, 92, 25, 55, 48, 62, 29, 51, 7, 33, 61, 98, 28, 89, 50, 4, 96, 53, 80, 8, 66, 34, 49, 52, 0, 74, 69, 2, 13]|[1, 1, 0, 1, 1, 0, 1, 1, 2, 1, 2, 2, 2, 1, 1, 0, 0, 1, 0, 2, 2, 0, 1, 2, 0, 1, 2, 2, 0, 0, 1, 2, 1, 2, 1, 0, 2, 0, 1, 1, 0, 1, 1, 1, 0, 2, 1, 1, 0, 0, 0, 0, 1, 1, 2, 1, 0, 2, 0, 2, 1, 0, 1, 2, 1, 2, 1, 1, 1, 1, 1, 1, 0, 1, 2, 0, 0, 0, 0, 1, 2, 1, 2, 0, 1, 0, 1, 2, 0, 0, 1, 2, 2, 0, 1, 0, 2, 1, 0, 0]|[0, 3, 2, 2, 4, 1, 2, 3, 2, 4, 1, 1, 2, 4, 4, 1, 1, 4, 2, 1, 1, 1, 1, 2, 1, 2, 1, 1, 2, 1, 3, 2, 3, 1, 4, 0, 1, 1, 0, 3, 2, 2, 2, 0, 1, 1, 0, 4, 0, 1, 2, 2, 1, 4, 0, 3, 1, 1, 1, 1, 3, 1, 1, 1, 3, 0, 4, 3, 1, 4, 1, 1, 0, 4, 1, 1, 2, 1, 1, 1, 1, 3, 1, 2, 1, 1, 4, 1, 2, 1, 3, 1, 1, 1, 1, 2, 1, 4, 2, 2]|[0, 2, 1, 1, 3, 0, 1, 3, 0, 0, 0, 0, 1, 0, 1, 0, 0, 3, 1, 0, 0, 0, 3, 1, 0, 2, 0, 0, 0, 1, 0, 0, 0, 0, 3, 0, 1, 0, 0, 2, 1, 1, 1, 0, 0, 0, 0, 2, 1, 0, 0, 0, 1, 3, 0, 0, 0, 0, 0, 0, 2, 0, 1, 0, 2, 1, 0, 0, 1, 1, 3, 1, 1, 3, 0, 0, 1, 0, 0, 2, 0, 0, 0, 1, 1, 0, 0, 0, 1, 0, 2, 0, 0, 1, 1, 0, 0, 2, 0, 0],731.2476204416437,56806.84376103422,93275.64763277225,false
27,G4_BALANCED,G4_BALANCED,[31, 11, 15, 82, 26, 9, 95, 32, 77, 68, 47, 5, 93, 78, 86, 54, 85, 63, 18, 44, 20, 49, 36, 14, 74, 50, 53, 17, 21, 45, 71, 64, 3, 23, 30, 83, 24, 41, 60, 52, 65, 27, 90, 70, 39, 87, 48, 69, 99, 4, 46, 1, 13, 58, 97, 59, 28, 75, 73, 37, 35, 79, 22, 66, 76, 42, 40, 80, 96, 6, 16, 61, 33, 7, 57, 34, 12, 67, 10, 98, 56, 88, 29, 94, 91, 38, 19, 92, 43, 84, 62, 72, 81, 25, 2, 55, 8, 89, 51, 0]|[2, 1, 1, 2, 1, 2, 1, 1, 1, 1, 1, 0, 2, 2, 1, 2, 0, 0, 0, 2, 2, 1, 0, 2, 0, 2, 2, 1, 0, 1, 1, 1, 0, 0, 1, 0, 2, 1, 2, 2, 0, 0, 1, 1, 0, 2, 0, 2, 1, 0, 0, 2, 0, 0, 2, 0, 1, 0, 0, 0, 2, 1, 0, 2, 2, 0, 2, 2, 0, 1, 2, 1, 1, 2, 0, 1, 1, 1, 1, 2, 2, 1, 1, 2, 1, 0, 1, 0, 1, 0, 1, 1, 1, 1, 2, 0, 1, 1, 1, 0]|[1, 3, 2, 0, 4, 1, 4, 4, 2, 4, 3, 2, 1, 0, 2, 1, 1, 1, 2, 1, 1, 3, 0, 1, 0, 1, 1, 4, 1, 4, 3, 2, 2, 0, 4, 1, 1, 4, 0, 1, 2, 1, 4, 4, 1, 1, 0, 2, 3, 2, 2, 1, 2, 1, 1, 2, 4, 2, 0, 2, 2, 3, 1, 0, 1, 2, 0, 1, 2, 4, 1, 3, 4, 1, 2, 4, 3, 3, 3, 1, 1, 4, 3, 1, 3, 2, 4, 2, 4, 2, 3, 4, 1, 4, 1, 2, 3, 4, 3, 2]|[1, 2, 1, 0, 3, 0, 1, 3, 0, 0, 2, 0, 1, 0, 1, 0, 0, 0, 1, 0, 0, 2, 0, 0, 1, 0, 0, 3, 0, 1, 0, 2, 0, 1, 3, 0, 1, 3, 1, 0, 0, 0, 1, 3, 0, 0, 1, 0, 2, 0, 0, 0, 0, 0, 1, 0, 1, 0, 1, 1, 0, 2, 0, 0, 0, 0, 0, 0, 0, 2, 0, 0, 1, 0, 0, 1, 0, 0, 3, 0, 0, 1, 0, 0, 0, 0, 3, 0, 2, 0, 0, 2, 1, 3, 0, 0, 0, 1, 0, 0],842.584363225019,52352.15155925938,107294.36147715819,false
27,G2_TEC,G2_TEC,[31, 22, 82, 15, 26, 9, 95, 42, 77, 68, 47, 5, 93, 78, 86, 54, 85, 63, 18, 44, 20, 49, 36, 14, 74, 50, 53, 17, 21, 28, 11, 64, 3, 23, 30, 83, 24, 41, 40, 52, 65, 27, 90, 70, 39, 87, 48, 69, 99, 4, 46, 1, 13, 58, 97, 59, 45, 8, 73, 37, 35, 79, 71, 66, 76, 32, 60, 80, 96, 6, 16, 61, 33, 7, 57, 34, 12, 67, 10, 98, 56, 88, 43, 75, 91, 38, 19, 92, 29, 84, 2, 72, 81, 25, 51, 55, 62, 89, 94, 0]|[2, 1, 2, 1, 1, 2, 1, 1, 1, 1, 1, 0, 2, 2, 1, 2, 0, 0, 0, 2, 2, 1, 0, 2, 0, 2, 2, 1, 0, 1, 1, 1, 0, 0, 1, 0, 2, 1, 2, 2, 0, 0, 1, 1, 0, 2, 0, 2, 1, 0, 0, 2, 0, 0, 2, 0, 1, 1, 0, 0, 2, 1, 1, 2, 2, 0, 2, 2, 0, 1, 2, 1, 1, 2, 0, 1, 1, 1, 1, 2, 2, 1, 1, 0, 1, 0, 1, 0, 1, 0, 2, 1, 1, 1, 1, 0, 1, 1, 2, 0]|[0, 3, 0, 3, 4, 1, 4, 4, 2, 4, 3, 2, 1, 0, 2, 1, 1, 1, 2, 1, 1, 3, 0, 1, 0, 1, 1, 4, 1, 4, 3, 2, 2, 0, 4, 1, 1, 4, 1, 1, 2, 1, 4, 4, 1, 1, 0, 2, 3, 2, 2, 1, 2, 1, 1, 2, 4, 3, 0, 2, 2, 3, 3, 0, 1, 2, 1, 1, 2, 4, 1, 3, 4, 1, 2, 4, 3, 3, 3, 1, 1, 4, 4, 2, 3, 2, 4, 2, 3, 2, 1, 4, 4, 4, 3, 2, 3, 4, 1, 2]|[0, 2, 0, 0, 3, 0, 1, 3, 0, 0, 2, 0, 1, 0, 1, 0, 0, 0, 1, 0, 0, 2, 0, 0, 1, 0, 0, 3, 0, 1, 0, 2, 0, 0, 3, 0, 1, 3, 0, 0, 0, 0, 1, 3, 0, 0, 1, 0, 2, 0, 0, 0, 0, 0, 1, 0, 1, 0, 1, 1, 0, 2, 0, 0, 0, 0, 0, 0, 0, 2, 0, 0, 1, 0, 0, 1, 0, 0, 3, 0, 0, 1, 2, 0, 0, 0, 1, 0, 3, 0, 0, 2, 1, 3, 0, 0, 0, 1, 0, 0],884.1935202920454,50174.268870086526,113547.00447605085,false
27,G3_TWC,G3_TWC,[31, 22, 82, 15, 26, 58, 95, 42, 77, 12, 47, 5, 93, 78, 98, 54, 85, 63, 18, 44, 20, 35, 43, 97, 91, 76, 10, 30, 21, 45, 71, 64, 1, 23, 17, 83, 24, 14, 60, 36, 6, 57, 94, 88, 65, 56, 79, 40, 67, 68, 46, 75, 38, 9, 19, 32, 81, 41, 27, 62, 87, 90, 99, 59, 11, 16, 72, 73, 70, 39, 37, 84, 3, 92, 25, 55, 28, 29, 51, 7, 33, 61, 86, 66, 89, 50, 48, 96, 53, 8, 80, 4, 34, 49, 52, 0, 13, 69, 2, 74]|[1, 1, 0, 1, 1, 1, 2, 1, 2, 1, 2, 2, 2, 1, 1, 0, 0, 1, 0, 2, 2, 0, 1, 2, 0, 1, 2, 2, 0, 0, 1, 2, 1, 2, 1, 0, 2, 0, 1, 1, 0, 1, 1, 1, 0, 2, 1, 1, 0, 0, 0, 0, 1, 1, 2, 1, 2, 0, 0, 0, 2, 1, 0, 1, 2, 1, 2, 1, 1, 1, 1, 1, 1, 0, 1, 1, 0, 0, 0, 1, 2, 1, 0, 2, 1, 0, 0, 0, 0, 1, 0, 0, 2, 0, 1, 0, 0, 1, 0, 2]|[4, 3, 2, 2, 0, 0, 2, 2, 2, 4, 1, 1, 2, 4, 4, 1, 2, 4, 2, 1, 1, 1, 1, 2, 1, 2, 1, 1, 1, 1, 3, 2, 3, 0, 4, 0, 1, 1, 0, 3, 2, 2, 4, 0, 1, 1, 0, 2, 0, 1, 2, 2, 1, 4, 0, 3, 2, 1, 1, 2, 1, 3, 1, 1, 1, 3, 0, 4, 3, 1, 4, 1, 1, 2, 4, 4, 2, 1, 1, 3, 1, 3, 1, 1, 1, 1, 1, 1, 2, 3, 1, 2, 1, 1, 1, 2, 2, 3, 2, 1]|[0, 2, 1, 1, 3, 3, 0, 1, 0, 0, 0, 0, 1, 0, 1, 0, 0, 3, 1, 0, 0, 0, 3, 1, 0, 2, 0, 0, 0, 1, 0, 0, 0, 0, 3, 0, 1, 0, 0, 2, 1, 1, 2, 0, 0, 0, 0, 1, 1, 0, 0, 0, 1, 3, 0, 0, 1, 0, 0, 1, 0, 2, 0, 1, 0, 2, 1, 0, 0, 1, 1, 3, 1, 1, 3, 3, 1, 0, 0, 2, 0, 0, 0, 0, 1, 0, 0, 0, 1, 2, 0, 1, 0, 1, 1, 0, 0, 0, 0, 0],802.1274951829081,57956.38699448537,89691.2003308727,false
27,G1_CMAX,G1_CMAX,[31, 22, 82, 15, 26, 99, 95, 42, 77, 12, 47, 5, 93, 78, 86, 54, 21, 63, 18, 44, 20, 35, 43, 97, 91, 76, 10, 30, 85, 45, 71, 64, 1, 23, 17, 83, 24, 14, 60, 36, 6, 57, 40, 88, 65, 56, 79, 94, 67, 68, 46, 75, 38, 9, 19, 32, 41, 81, 27, 87, 90, 58, 59, 11, 16, 72, 73, 70, 39, 37, 84, 3, 92, 25, 55, 48, 62, 29, 51, 7, 33, 61, 98, 28, 89, 50, 4, 96, 53, 80, 8, 66, 34, 49, 52, 0, 74, 69, 2, 13]|[1, 1, 0, 1, 1, 0, 1, 1, 2, 1, 2, 2, 2, 1, 1, 0, 0, 1, 0, 2, 2, 0, 1, 2, 0, 1, 2, 2, 0, 0, 1, 2, 1, 2, 1, 0, 2, 0, 1, 1, 0, 1, 1, 1, 0, 2, 1, 1, 0, 0, 0, 0, 1, 1, 2, 1, 0, 2, 0, 2, 1, 0, 1, 2, 1, 2, 1, 1, 1, 1, 1, 1, 0, 1, 2, 0, 0, 0, 0, 1, 2, 1, 2, 0, 1, 0, 1, 2, 0, 0, 1, 2, 2, 0, 1, 0, 2, 1, 0, 0]|[0, 3, 2, 2, 4, 1, 2, 3, 2, 4, 1, 1, 2, 4, 4, 1, 1, 4, 2, 1, 1, 1, 1, 2, 1, 2, 1, 1, 2, 1, 3, 2, 3, 1, 4, 0, 1, 1, 0, 3, 2, 2, 2, 0, 1, 1, 0, 4, 0, 1, 2, 2, 1, 4, 0, 3, 1, 1, 1, 1, 3, 1, 1, 1, 3, 0, 4, 3, 1, 4, 1, 1, 0, 4, 1, 1, 2, 1, 1, 1, 1, 3, 1, 2, 1, 1, 4, 1, 2, 1, 3, 1, 1, 1, 1, 2, 1, 4, 2, 2]|[0, 2, 1, 1, 3, 0, 1, 3, 0, 0, 0, 0, 1, 0, 1, 0, 0, 3, 1, 0, 0, 0, 3, 1, 0, 2, 0, 0, 0, 1, 0, 0, 0, 0, 3, 0, 1, 0, 0, 2, 1, 1, 1, 0, 0, 0, 0, 2, 1, 0, 0, 0, 1, 3, 0, 0, 0, 0, 0, 0, 2, 0, 1, 0, 2, 1, 0, 0, 1, 1, 3, 1, 1, 3, 0, 0, 1, 0, 0, 2, 0, 0, 0, 1, 1, 0, 0, 0, 1, 0, 2, 0, 0, 1, 1, 0, 0, 2, 0, 0],731.2476204416437,56806.84376103422,93275.64763277225,false
27,G4_BALANCED,G4_BALANCED,[31, 11, 15, 82, 26, 9, 95, 32, 77, 68, 47, 5, 93, 78, 86, 54, 85, 63, 18, 44, 20, 49, 36, 14, 74, 50, 53, 17, 21, 45, 71, 64, 3, 23, 30, 83, 24, 41, 60, 52, 65, 27, 90, 70, 39, 87, 48, 69, 99, 4, 46, 1, 13, 58, 97, 59, 28, 75, 73, 37, 35, 79, 22, 66, 76, 42, 40, 80, 96, 6, 16, 61, 33, 7, 57, 34, 12, 67, 10, 98, 56, 88, 29, 94, 91, 38, 19, 92, 43, 84, 62, 72, 81, 25, 2, 55, 8, 89, 51, 0]|[2, 1, 1, 2, 1, 2, 1, 1, 1, 1, 1, 0, 2, 2, 1, 2, 0, 0, 0, 2, 2, 1, 0, 2, 0, 2, 2, 1, 0, 1, 1, 1, 0, 0, 1, 0, 2, 1, 2, 2, 0, 0, 1, 1, 0, 2, 0, 2, 1, 0, 0, 2, 0, 0, 2, 0, 1, 0, 0, 0, 2, 1, 0, 2, 2, 0, 2, 2, 0, 1, 2, 1, 1, 2, 0, 1, 1, 1, 1, 2, 2, 1, 1, 2, 1, 0, 1, 0, 1, 0, 1, 1, 1, 1, 2, 0, 1, 1, 1, 0]|[1, 3, 2, 0, 4, 1, 4, 4, 2, 4, 3, 2, 1, 0, 2, 1, 1, 1, 2, 1, 1, 3, 0, 1, 0, 1, 1, 4, 1, 4, 3, 2, 2, 0, 4, 1, 1, 4, 0, 1, 2, 1, 4, 4, 1, 1, 0, 2, 3, 2, 2, 1, 2, 1, 1, 2, 4, 2, 0, 2, 2, 3, 1, 0, 1, 2, 0, 1, 2, 4, 1, 3, 4, 1, 2, 4, 3, 3, 3, 1, 1, 4, 3, 1, 3, 2, 4, 2, 4, 2, 3, 4, 1, 4, 1, 2, 3, 4, 3, 2]|[1, 2, 1, 0, 3, 0, 1, 3, 0, 0, 2, 0, 1, 0, 1, 0, 0, 0, 1, 0, 0, 2, 0, 0, 1, 0, 0, 3, 0, 1, 0, 2, 0, 1, 3, 0, 1, 3, 1, 0, 0, 0, 1, 3, 0, 0, 1, 0, 2, 0, 0, 0, 0, 0, 1, 0, 1, 0, 1, 1, 0, 2, 0, 0, 0, 0, 0, 0, 0, 2, 0, 0, 1, 0, 0, 1, 0, 0, 3, 0, 0, 1, 0, 0, 0, 0, 3, 0, 2, 0, 0, 2, 1, 3, 0, 0, 0, 1, 0, 0],842.584363225019,52352.15155925938,107294.36147715819,false
27,G2_TEC,G2_TEC,[31, 22, 82, 15, 26, 9, 95, 42, 77, 68, 47, 5, 93, 78, 86, 54, 85, 63, 18, 44, 20, 49, 36, 14, 74, 50, 53, 17, 21, 28, 11, 64, 3, 23, 30, 83, 24, 41, 40, 52, 65, 27, 90, 70, 39, 87, 48, 69, 99, 4, 46, 1, 13, 58, 97, 59, 45, 8, 73, 37, 35, 79, 71, 66, 76, 32, 60, 80, 96, 6, 16, 61, 33, 7, 57, 34, 12, 67, 10, 98, 56, 88, 43, 75, 91, 38, 19, 92, 29, 84, 2, 72, 81, 25, 51, 55, 62, 89, 94, 0]|[2, 1, 2, 1, 1, 2, 1, 1, 1, 1, 1, 0, 2, 2, 1, 2, 0, 0, 0, 2, 2, 1, 0, 2, 0, 2, 2, 1, 0, 1, 1, 1, 0, 0, 1, 0, 2, 1, 2, 2, 0, 0, 1, 1, 0, 2, 0, 2, 1, 0, 0, 2, 0, 0, 2, 0, 1, 1, 0, 0, 2, 1, 1, 2, 2, 0, 2, 2, 0, 1, 2, 1, 1, 2, 0, 1, 1, 1, 1, 2, 2, 1, 1, 0, 1, 0, 1, 0, 1, 0, 2, 1, 1, 1, 1, 0, 1, 1, 2, 0]|[0, 3, 0, 3, 4, 1, 4, 4, 2, 4, 3, 2, 1, 0, 2, 1, 1, 1, 2, 1, 1, 3, 0, 1, 0, 1, 1, 4, 1, 4, 3, 2, 2, 0, 4, 1, 1, 4, 1, 1, 2, 1, 4, 4, 1, 1, 0, 2, 3, 2, 2, 1, 2, 1, 1, 2, 4, 3, 0, 2, 2, 3, 3, 0, 1, 2, 1, 1, 2, 4, 1, 3, 4, 1, 2, 4, 3, 3, 3, 1, 1, 4, 4, 2, 3, 2, 4, 2, 3, 2, 1, 4, 4, 4, 3, 2, 3, 4, 1, 2]|[0, 2, 0, 0, 3, 0, 1, 3, 0, 0, 2, 0, 1, 0, 1, 0, 0, 0, 1, 0, 0, 2, 0, 0, 1, 0, 0, 3, 0, 1, 0, 2, 0, 0, 3, 0, 1, 3, 0, 0, 0, 0, 1, 3, 0, 0, 1, 0, 2, 0, 0, 0, 0, 0, 1, 0, 1, 0, 1, 1, 0, 2, 0, 0, 0, 0, 0, 0, 0, 2, 0, 0, 1, 0, 0, 1, 0, 0, 3, 0, 0, 1, 2, 0, 0, 0, 1, 0, 3, 0, 0, 2, 1, 3, 0, 0, 0, 1, 0, 0],884.1935202920454,50174.268870086526,113547.00447605085,false
27,G3_TWC,G3_TWC,[31, 22, 82, 15, 26, 58, 95, 42, 77, 12, 47, 5, 93, 78, 98, 54, 85, 63, 18, 44, 20, 35, 43, 97, 91, 76, 10, 30, 21, 45, 71, 64, 1, 23, 17, 83, 24, 14, 60, 36, 6, 57, 94, 88, 65, 56, 79, 40, 67, 68, 46, 75, 38, 9, 19, 32, 81, 41, 27, 62, 87, 90, 99, 59, 11, 16, 72, 73, 70, 39, 37, 84, 3, 92, 25, 55, 28, 29, 51, 7, 33, 61, 86, 66, 89, 50, 48, 96, 53, 8, 80, 4, 34, 49, 52, 0, 13, 69, 2, 74]|[1, 1, 0, 1, 1, 1, 2, 1, 2, 1, 2, 2, 2, 1, 1, 0, 0, 1, 0, 2, 2, 0, 1, 2, 0, 1, 2, 2, 0, 0, 1, 2, 1, 2, 1, 0, 2, 0, 1, 1, 0, 1, 1, 1, 0, 2, 1, 1, 0, 0, 0, 0, 1, 1, 2, 1, 2, 0, 0, 0, 2, 1, 0, 1, 2, 1, 2, 1, 1, 1, 1, 1, 1, 0, 1, 1, 0, 0, 0, 1, 2, 1, 0, 2, 1, 0, 0, 0, 0, 1, 0, 0, 2, 0, 1, 0, 0, 1, 0, 2]|[4, 3, 2, 2, 0, 0, 2, 2, 2, 4, 1, 1, 2, 4, 4, 1, 2, 4, 2, 1, 1, 1, 1, 2, 1, 2, 1, 1, 1, 1, 3, 2, 3, 0, 4, 0, 1, 1, 0, 3, 2, 2, 4, 0, 1, 1, 0, 2, 0, 1, 2, 2, 1, 4, 0, 3, 2, 1, 1, 2, 1, 3, 1, 1, 1, 3, 0, 4, 3, 1, 4, 1, 1, 2, 4, 4, 2, 1, 1, 3, 1, 3, 1, 1, 1, 1, 1, 1, 2, 3, 1, 2, 1, 1, 1, 2, 2, 3, 2, 1]|[0, 2, 1, 1, 3, 3, 0, 1, 0, 0, 0, 0, 1, 0, 1, 0, 0, 3, 1, 0, 0, 0, 3, 1, 0, 2, 0, 0, 0, 1, 0, 0, 0, 0, 3, 0, 1, 0, 0, 2, 1, 1, 2, 0, 0, 0, 0, 1, 1, 0, 0, 0, 1, 3, 0, 0, 1, 0, 0, 1, 0, 2, 0, 1, 0, 2, 1, 0, 0, 1, 1, 3, 1, 1, 3, 3, 1, 0, 0, 2, 0, 0, 0, 0, 1, 0, 0, 0, 1, 2, 0, 1, 0, 1, 1, 0, 0, 0, 0, 0],802.1274951829081,57956.38699448537,89691.2003308727,false
27,G1_CMAX,G1_CMAX,[31, 22, 82, 15, 26, 99, 95, 42, 77, 12, 47, 5, 93, 78, 86, 54, 21, 63, 18, 44, 20, 35, 43, 97, 91, 76, 10, 30, 85, 45, 71, 64, 1, 23, 17, 83, 24, 14, 60, 36, 6, 57, 40, 88, 65, 56, 79, 94, 67, 68, 46, 75, 38, 9, 19, 32, 41, 81, 27, 87, 90, 58, 59, 11, 16, 72, 73, 70, 39, 37, 84, 3, 92, 25, 55, 48, 62, 29, 51, 7, 33, 61, 98, 28, 89, 50, 4, 96, 53, 80, 8, 66, 34, 49, 52, 0, 74, 69, 2, 13]|[1, 1, 0, 1, 1, 0, 1, 1, 2, 1, 2, 2, 2, 1, 1, 0, 0, 1, 0, 2, 2, 0, 1, 2, 0, 1, 2, 2, 0, 0, 1, 2, 1, 2, 1, 0, 2, 0, 1, 1, 0, 1, 1, 1, 0, 2, 1, 1, 0, 0, 0, 0, 1, 1, 2, 1, 0, 2, 0, 2, 1, 0, 1, 2, 1, 2, 1, 1, 1, 1, 1, 1, 0, 1, 2, 0, 0, 0, 0, 1, 2, 1, 2, 0, 1, 0, 1, 2, 0, 0, 1, 2, 2, 0, 1, 0, 2, 1, 0, 0]|[0, 3, 2, 2, 4, 1, 2, 3, 2, 4, 1, 1, 2, 4, 4, 1, 1, 4, 2, 1, 1, 1, 1, 2, 1, 2, 1, 1, 2, 1, 3, 2, 3, 1, 4, 0, 1, 1, 0, 3, 2, 2, 2, 0, 1, 1, 0, 4, 0, 1, 2, 2, 1, 4, 0, 3, 1, 1, 1, 1, 3, 1, 1, 1, 3, 0, 4, 3, 1, 4, 1, 1, 0, 4, 1, 1, 2, 1, 1, 1, 1, 3, 1, 2, 1, 1, 4, 1, 2, 1, 3, 1, 1, 1, 1, 2, 1, 4, 2, 2]|[0, 2, 1, 1, 3, 0, 1, 3, 0, 0, 0, 0, 1, 0, 1, 0, 0, 3, 1, 0, 0, 0, 3, 1, 0, 2, 0, 0, 0, 1, 0, 0, 0, 0, 3, 0, 1, 0, 0, 2, 1, 1, 1, 0, 0, 0, 0, 2, 1, 0, 0, 0, 1, 3, 0, 0, 0, 0, 0, 0, 2, 0, 1, 0, 2, 1, 0, 0, 1, 1, 3, 1, 1, 3, 0, 0, 1, 0, 0, 2, 0, 0, 0, 1, 1, 0, 0, 0, 1, 0, 2, 0, 0, 1, 1, 0, 0, 2, 0, 0],731.2476204416437,56806.84376103422,93275.64763277225,false
27,G4_BALANCED,G4_BALANCED,[31, 11, 15, 82, 26, 9, 95, 32, 77, 68, 47, 5, 93, 78, 86, 54, 85, 63, 18, 44, 20, 49, 36, 14, 74, 50, 53, 17, 21, 45, 71, 64, 3, 23, 30, 83, 24, 41, 60, 52, 65, 27, 90, 70, 39, 87, 48, 69, 99, 4, 46, 1, 13, 58, 97, 59, 28, 75, 73, 37, 35, 79, 22, 66, 76, 42, 40, 80, 96, 6, 16, 61, 33, 7, 57, 34, 12, 67, 10, 98, 56, 88, 29, 94, 91, 38, 19, 92, 43, 84, 62, 72, 81, 25, 2, 55, 8, 89, 51, 0]|[2, 1, 1, 2, 1, 2, 1, 1, 1, 1, 1, 0, 2, 2, 1, 2, 0, 0, 0, 2, 2, 1, 0, 2, 0, 2, 2, 1, 0, 1, 1, 1, 0, 0, 1, 0, 2, 1, 2, 2, 0, 0, 1, 1, 0, 2, 0, 2, 1, 0, 0, 2, 0, 0, 2, 0, 1, 0, 0, 0, 2, 1, 0, 2, 2, 0, 2, 2, 0, 1, 2, 1, 1, 2, 0, 1, 1, 1, 1, 2, 2, 1, 1, 2, 1, 0, 1, 0, 1, 0, 1, 1, 1, 1, 2, 0, 1, 1, 1, 0]|[1, 3, 2, 0, 4, 1, 4, 4, 2, 4, 3, 2, 1, 0, 2, 1, 1, 1, 2, 1, 1, 3, 0, 1, 0, 1, 1, 4, 1, 4, 3, 2, 2, 0, 4, 1, 1, 4, 0, 1, 2, 1, 4, 4, 1, 1, 0, 2, 3, 2, 2, 1, 2, 1, 1, 2, 4, 2, 0, 2, 2, 3, 1, 0, 1, 2, 0, 1, 2, 4, 1, 3, 4, 1, 2, 4, 3, 3, 3, 1, 1, 4, 3, 1, 3, 2, 4, 2, 4, 2, 3, 4, 1, 4, 1, 2, 3, 4, 3, 2]|[1, 2, 1, 0, 3, 0, 1, 3, 0, 0, 2, 0, 1, 0, 1, 0, 0, 0, 1, 0, 0, 2, 0, 0, 1, 0, 0, 3, 0, 1, 0, 2, 0, 1, 3, 0, 1, 3, 1, 0, 0, 0, 1, 3, 0, 0, 1, 0, 2, 0, 0, 0, 0, 0, 1, 0, 1, 0, 1, 1, 0, 2, 0, 0, 0, 0, 0, 0, 0, 2, 0, 0, 1, 0, 0, 1, 0, 0, 3, 0, 0, 1, 0, 0, 0, 0, 3, 0, 2, 0, 0, 2, 1, 3, 0, 0, 0, 1, 0, 0],842.584363225019,52352.15155925938,107294.36147715819,false
27,G2_TEC,G2_TEC,[31, 22, 82, 15, 26, 9, 95, 42, 77, 68, 47, 5, 93, 78, 86, 54, 85, 63, 18, 44, 20, 49, 36, 14, 74, 50, 53, 17, 21, 28, 11, 64, 3, 23, 30, 83, 24, 41, 40, 52, 65, 27, 90, 70, 39, 87, 48, 69, 99, 4, 46, 1, 13, 58, 97, 59, 45, 8, 73, 37, 35, 79, 71, 66, 76, 32, 60, 80, 96, 6, 16, 61, 33, 7, 57, 34, 12, 67, 10, 98, 56, 88, 43, 75, 91, 38, 19, 92, 29, 84, 2, 72, 81, 25, 51, 55, 62, 89, 94, 0]|[2, 1, 2, 1, 1, 2, 1, 1, 1, 1, 1, 0, 2, 2, 1, 2, 0, 0, 0, 2, 2, 1, 0, 2, 0, 2, 2, 1, 0, 1, 1, 1, 0, 0, 1, 0, 2, 1, 2, 2, 0, 0, 1, 1, 0, 2, 0, 2, 1, 0, 0, 2, 0, 0, 2, 0, 1, 1, 0, 0, 2, 1, 1, 2, 2, 0, 2, 2, 0, 1, 2, 1, 1, 2, 0, 1, 1, 1, 1, 2, 2, 1, 1, 0, 1, 0, 1, 0, 1, 0, 2, 1, 1, 1, 1, 0, 1, 1, 2, 0]|[0, 3, 0, 3, 4, 1, 4, 4, 2, 4, 3, 2, 1, 0, 2, 1, 1, 1, 2, 1, 1, 3, 0, 1, 0, 1, 1, 4, 1, 4, 3, 2, 2, 0, 4, 1, 1, 4, 1, 1, 2, 1, 4, 4, 1, 1, 0, 2, 3, 2, 2, 1, 2, 1, 1, 2, 4, 3, 0, 2, 2, 3, 3, 0, 1, 2, 1, 1, 2, 4, 1, 3, 4, 1, 2, 4, 3, 3, 3, 1, 1, 4, 4, 2, 3, 2, 4, 2, 3, 2, 1, 4, 4, 4, 3, 2, 3, 4, 1, 2]|[0, 2, 0, 0, 3, 0, 1, 3, 0, 0, 2, 0, 1, 0, 1, 0, 0, 0, 1, 0, 0, 2, 0, 0, 1, 0, 0, 3, 0, 1, 0, 2, 0, 0, 3, 0, 1, 3, 0, 0, 0, 0, 1, 3, 0, 0, 1, 0, 2, 0, 0, 0, 0, 0, 1, 0, 1, 0, 1, 1, 0, 2, 0, 0, 0, 0, 0, 0, 0, 2, 0, 0, 1, 0, 0, 1, 0, 0, 3, 0, 0, 1, 2, 0, 0, 0, 1, 0, 3, 0, 0, 2, 1, 3, 0, 0, 0, 1, 0, 0],884.1935202920454,50174.268870086526,113547.00447605085,false
27,G3_TWC,G3_TWC,[31, 22, 82, 15, 26, 58, 95, 42, 77, 12, 47, 5, 93, 78, 98, 54, 85, 63, 18, 44, 20, 35, 43, 97, 91, 76, 10, 30, 21, 45, 71, 64, 1, 23, 17, 83, 24, 14, 60, 36, 6, 57, 94, 88, 65, 56, 79, 40, 67, 68, 46, 75, 38, 9, 19, 32, 81, 41, 27, 62, 87, 90, 99, 59, 11, 16, 72, 73, 70, 39, 37, 84, 3, 92, 25, 55, 28, 29, 51, 7, 33, 61, 86, 66, 89, 50, 48, 96, 53, 8, 80, 4, 34, 49, 52, 0, 13, 69, 2, 74]|[1, 1, 0, 1, 1, 1, 2, 1, 2, 1, 2, 2, 2, 1, 1, 0, 0, 1, 0, 2, 2, 0, 1, 2, 0, 1, 2, 2, 0, 0, 1, 2, 1, 2, 1, 0, 2, 0, 1, 1, 0, 1, 1, 1, 0, 2, 1, 1, 0, 0, 0, 0, 1, 1, 2, 1, 2, 0, 0, 0, 2, 1, 0, 1, 2, 1, 2, 1, 1, 1, 1, 1, 1, 0, 1, 1, 0, 0, 0, 1, 2, 1, 0, 2, 1, 0, 0, 0, 0, 1, 0, 0, 2, 0, 1, 0, 0, 1, 0, 2]|[4, 3, 2, 2, 0, 0, 2, 2, 2, 4, 1, 1, 2, 4, 4, 1, 2, 4, 2, 1, 1, 1, 1, 2, 1, 2, 1, 1, 1, 1, 3, 2, 3, 0, 4, 0, 1, 1, 0, 3, 2, 2, 4, 0, 1, 1, 0, 2, 0, 1, 2, 2, 1, 4, 0, 3, 2, 1, 1, 2, 1, 3, 1, 1, 1, 3, 0, 4, 3, 1, 4, 1, 1, 2, 4, 4, 2, 1, 1, 3, 1, 3, 1, 1, 1, 1, 1, 1, 2, 3, 1, 2, 1, 1, 1, 2, 2, 3, 2, 1]|[0, 2, 1, 1, 3, 3, 0, 1, 0, 0, 0, 0, 1, 0, 1, 0, 0, 3, 1, 0, 0, 0, 3, 1, 0, 2, 0, 0, 0, 1, 0, 0, 0, 0, 3, 0, 1, 0, 0, 2, 1, 1, 2, 0, 0, 0, 0, 1, 1, 0, 0, 0, 1, 3, 0, 0, 1, 0, 0, 1, 0, 2, 0, 1, 0, 2, 1, 0, 0, 1, 1, 3, 1, 1, 3, 3, 1, 0, 0, 2, 0, 0, 0, 0, 1, 0, 0, 0, 1, 2, 0, 1, 0, 1, 1, 0, 0, 0, 0, 0],802.1274951829081,57956.38699448537,89691.2003308727,false
27,G1_CMAX,G1_CMAX,[31, 22, 82, 15, 26, 99, 95, 42, 77, 12, 47, 5, 93, 78, 86, 54, 21, 63, 18, 44, 20, 35, 43, 97, 91, 76, 10, 30, 85, 45, 71, 64, 1, 23, 17, 83, 24, 14, 60, 36, 6, 57, 40, 88, 65, 56, 79, 94, 67, 68, 46, 75, 38, 9, 19, 32, 41, 81, 27, 87, 90, 58, 59, 11, 16, 72, 73, 70, 39, 37, 84, 3, 92, 25, 55, 48, 62, 29, 51, 7, 33, 61, 98, 28, 89, 50, 4, 96, 53, 80, 8, 66, 34, 49, 52, 0, 74, 69, 2, 13]|[1, 1, 0, 1, 1, 0, 1, 1, 2, 1, 2, 2, 2, 1, 1, 0, 0, 1, 0, 2, 2, 0, 1, 2, 0, 1, 2, 2, 0, 0, 1, 2, 1, 2, 1, 0, 2, 0, 1, 1, 0, 1, 1, 1, 0, 2, 1, 1, 0, 0, 0, 0, 1, 1, 2, 1, 0, 2, 0, 2, 1, 0, 1, 2, 1, 2, 1, 1, 1, 1, 1, 1, 0, 1, 2, 0, 0, 0, 0, 1, 2, 1, 2, 0, 1, 0, 1, 2, 0, 0, 1, 2, 2, 0, 1, 0, 2, 1, 0, 0]|[0, 3, 2, 2, 4, 1, 2, 3, 2, 4, 1, 1, 2, 4, 4, 1, 1, 4, 2, 1, 1, 1, 1, 2, 1, 2, 1, 1, 2, 1, 3, 2, 3, 1, 4, 0, 1, 1, 0, 3, 2, 2, 2, 0, 1, 1, 0, 4, 0, 1, 2, 2, 1, 4, 0, 3, 1, 1, 1, 1, 3, 1, 1, 1, 3, 0, 4, 3, 1, 4, 1, 1, 0, 4, 1, 1, 2, 1, 1, 1, 1, 3, 1, 2, 1, 1, 4, 1, 2, 1, 3, 1, 1, 1, 1, 2, 1, 4, 2, 2]|[0, 2, 1, 1, 3, 0, 1, 3, 0, 0, 0, 0, 1, 0, 1, 0, 0, 3, 1, 0, 0, 0, 3, 1, 0, 2, 0, 0, 0, 1, 0, 0, 0, 0, 3, 0, 1, 0, 0, 2, 1, 1, 1, 0, 0, 0, 0, 2, 1, 0, 0, 0, 1, 3, 0, 0, 0, 0, 0, 0, 2, 0, 1, 0, 2, 1, 0, 0, 1, 1, 3, 1, 1, 3, 0, 0, 1, 0, 0, 2, 0, 0, 0, 1, 1, 0, 0, 0, 1, 0, 2, 0, 0, 1, 1, 0, 0, 2, 0, 0],731.2476204416437,56806.84376103422,93275.64763277225,false
27,G4_BALANCED,G4_BALANCED,[31, 11, 15, 82, 26, 9, 95, 32, 77, 68, 47, 5, 93, 78, 86, 54, 85, 63, 18, 44, 20, 49, 36, 14, 74, 50, 53, 17, 21, 45, 71, 64, 3, 23, 30, 83, 24, 41, 60, 52, 65, 27, 90, 70, 39, 87, 48, 69, 99, 4, 46, 1, 13, 58, 97, 59, 28, 75, 73, 37, 35, 79, 22, 66, 76, 42, 40, 80, 96, 6, 16, 61, 33, 7, 57, 34, 12, 67, 10, 98, 56, 88, 29, 94, 91, 38, 19, 92, 43, 84, 62, 72, 81, 25, 2, 55, 8, 89, 51, 0]|[2, 1, 1, 2, 1, 2, 1, 1, 1, 1, 1, 0, 2, 2, 1, 2, 0, 0, 0, 2, 2, 1, 0, 2, 0, 2, 2, 1, 0, 1, 1, 1, 0, 0, 1, 0, 2, 1, 2, 2, 0, 0, 1, 1, 0, 2, 0, 2, 1, 0, 0, 2, 0, 0, 2, 0, 1, 0, 0, 0, 2, 1, 0, 2, 2, 0, 2, 2, 0, 1, 2, 1, 1, 2, 0, 1, 1, 1, 1, 2, 2, 1, 1, 2, 1, 0, 1, 0, 1, 0, 1, 1, 1, 1, 2, 0, 1, 1, 1, 0]|[1, 3, 2, 0, 4, 1, 4, 4, 2, 4, 3, 2, 1, 0, 2, 1, 1, 1, 2, 1, 1, 3, 0, 1, 0, 1, 1, 4, 1, 4, 3, 2, 2, 0, 4, 1, 1, 4, 0, 1, 2, 1, 4, 4, 1, 1, 0, 2, 3, 2, 2, 1, 2, 1, 1, 2, 4, 2, 0, 2, 2, 3, 1, 0, 1, 2, 0, 1, 2, 4, 1, 3, 4, 1, 2, 4, 3, 3, 3, 1, 1, 4, 3, 1, 3, 2, 4, 2, 4, 2, 3, 4, 1, 4, 1, 2, 3, 4, 3, 2]|[1, 2, 1, 0, 3, 0, 1, 3, 0, 0, 2, 0, 1, 0, 1, 0, 0, 0, 1, 0, 0, 2, 0, 0, 1, 0, 0, 3, 0, 1, 0, 2, 0, 1, 3, 0, 1, 3, 1, 0, 0, 0, 1, 3, 0, 0, 1, 0, 2, 0, 0, 0, 0, 0, 1, 0, 1, 0, 1, 1, 0, 2, 0, 0, 0, 0, 0, 0, 0, 2, 0, 0, 1, 0, 0, 1, 0, 0, 3, 0, 0, 1, 0, 0, 0, 0, 3, 0, 2, 0, 0, 2, 1, 3, 0, 0, 0, 1, 0, 0],842.584363225019,52352.15155925938,107294.36147715819,false
27,G2_TEC,G2_TEC,[31, 22, 82, 15, 26, 9, 95, 42, 77, 68, 47, 5, 93, 78, 86, 54, 85, 63, 18, 44, 20, 49, 36, 14, 74, 50, 53, 17, 21, 28, 11, 64, 3, 23, 30, 83, 24, 41, 40, 52, 65, 27, 90, 70, 39, 87, 48, 69, 99, 4, 46, 1, 13, 58, 97, 59, 45, 8, 73, 37, 35, 79, 71, 66, 76, 32, 60, 80, 96, 6, 16, 61, 33, 7, 57, 34, 12, 67, 10, 98, 56, 88, 43, 75, 91, 38, 19, 92, 29, 84, 2, 72, 81, 25, 51, 55, 62, 89, 94, 0]|[2, 1, 2, 1, 1, 2, 1, 1, 1, 1, 1, 0, 2, 2, 1, 2, 0, 0, 0, 2, 2, 1, 0, 2, 0, 2, 2, 1, 0, 1, 1, 1, 0, 0, 1, 0, 2, 1, 2, 2, 0, 0, 1, 1, 0, 2, 0, 2, 1, 0, 0, 2, 0, 0, 2, 0, 1, 1, 0, 0, 2, 1, 1, 2, 2, 0, 2, 2, 0, 1, 2, 1, 1, 2, 0, 1, 1, 1, 1, 2, 2, 1, 1, 0, 1, 0, 1, 0, 1, 0, 2, 1, 1, 1, 1, 0, 1, 1, 2, 0]|[0, 3, 0, 3, 4, 1, 4, 4, 2, 4, 3, 2, 1, 0, 2, 1, 1, 1, 2, 1, 1, 3, 0, 1, 0, 1, 1, 4, 1, 4, 3, 2, 2, 0, 4, 1, 1, 4, 1, 1, 2, 1, 4, 4, 1, 1, 0, 2, 3, 2, 2, 1, 2, 1, 1, 2, 4, 3, 0, 2, 2, 3, 3, 0, 1, 2, 1, 1, 2, 4, 1, 3, 4, 1, 2, 4, 3, 3, 3, 1, 1, 4, 4, 2, 3, 2, 4, 2, 3, 2, 1, 4, 4, 4, 3, 2, 3, 4, 1, 2]|[0, 2, 0, 0, 3, 0, 1, 3, 0, 0, 2, 0, 1, 0, 1, 0, 0, 0, 1, 0, 0, 2, 0, 0, 1, 0, 0, 3, 0, 1, 0, 2, 0, 0, 3, 0, 1, 3, 0, 0, 0, 0, 1, 3, 0, 0, 1, 0, 2, 0, 0, 0, 0, 0, 1, 0, 1, 0, 1, 1, 0, 2, 0, 0, 0, 0, 0, 0, 0, 2, 0, 0, 1, 0, 0, 1, 0, 0, 3, 0, 0, 1, 2, 0, 0, 0, 1, 0, 3, 0, 0, 2, 1, 3, 0, 0, 0, 1, 0, 0],884.1935202920454,50174.268870086526,113547.00447605085,false
27,G3_TWC,G3_TWC,[31, 22, 82, 15, 26, 58, 95, 42, 77, 12, 47, 5, 93, 78, 98, 54, 85, 63, 18, 44, 20, 35, 43, 97, 91, 76, 10, 30, 21, 45, 71, 64, 1, 23, 17, 83, 24, 14, 60, 36, 6, 57, 94, 88, 65, 56, 79, 40, 67, 68, 46, 75, 38, 9, 19, 32, 81, 41, 27, 62, 87, 90, 99, 59, 11, 16, 72, 73, 70, 39, 37, 84, 3, 92, 25, 55, 28, 29, 51, 7, 33, 61, 86, 66, 89, 50, 48, 96, 53, 8, 80, 4, 34, 49, 52, 0, 13, 69, 2, 74]|[1, 1, 0, 1, 1, 1, 2, 1, 2, 1, 2, 2, 2, 1, 1, 0, 0, 1, 0, 2, 2, 0, 1, 2, 0, 1, 2, 2, 0, 0, 1, 2, 1, 2, 1, 0, 2, 0, 1, 1, 0, 1, 1, 1, 0, 2, 1, 1, 0, 0, 0, 0, 1, 1, 2, 1, 2, 0, 0, 0, 2, 1, 0, 1, 2, 1, 2, 1, 1, 1, 1, 1, 1, 0, 1, 1, 0, 0, 0, 1, 2, 1, 0, 2, 1, 0, 0, 0, 0, 1, 0, 0, 2, 0, 1, 0, 0, 1, 0, 2]|[4, 3, 2, 2, 0, 0, 2, 2, 2, 4, 1, 1, 2, 4, 4, 1, 2, 4, 2, 1, 1, 1, 1, 2, 1, 2, 1, 1, 1, 1, 3, 2, 3, 0, 4, 0, 1, 1, 0, 3, 2, 2, 4, 0, 1, 1, 0, 2, 0, 1, 2, 2, 1, 4, 0, 3, 2, 1, 1, 2, 1, 3, 1, 1, 1, 3, 0, 4, 3, 1, 4, 1, 1, 2, 4, 4, 2, 1, 1, 3, 1, 3, 1, 1, 1, 1, 1, 1, 2, 3, 1, 2, 1, 1, 1, 2, 2, 3, 2, 1]|[0, 2, 1, 1, 3, 3, 0, 1, 0, 0, 0, 0, 1, 0, 1, 0, 0, 3, 1, 0, 0, 0, 3, 1, 0, 2, 0, 0, 0, 1, 0, 0, 0, 0, 3, 0, 1, 0, 0, 2, 1, 1, 2, 0, 0, 0, 0, 1, 1, 0, 0, 0, 1, 3, 0, 0, 1, 0, 0, 1, 0, 2, 0, 1, 0, 2, 1, 0, 0, 1, 1, 3, 1, 1, 3, 3, 1, 0, 0, 2, 0, 0, 0, 0, 1, 0, 0, 0, 1, 2, 0, 1, 0, 1, 1, 0, 0, 0, 0, 0],802.1274951829081,57956.38699448537,89691.2003308727,false
28,G1_CMAX,G1_CMAX,[31, 22, 82, 15, 26, 99, 95, 42, 77, 12, 47, 5, 93, 78, 86, 54, 21, 63, 18, 44, 20, 35, 43, 97, 91, 76, 10, 30, 85, 45, 71, 64, 1, 23, 17, 83, 24, 14, 60, 36, 6, 57, 40, 88, 65, 56, 79, 94, 67, 68, 46, 75, 38, 9, 19, 32, 41, 81, 27, 87, 90, 58, 59, 11, 16, 72, 73, 70, 39, 37, 84, 3, 92, 25, 55, 48, 62, 29, 51, 7, 33, 61, 98, 28, 89, 50, 4, 96, 53, 80, 8, 66, 34, 49, 52, 0, 74, 69, 2, 13]|[1, 1, 0, 1, 1, 0, 1, 1, 2, 1, 2, 2, 2, 1, 1, 0, 0, 1, 0, 2, 2, 0, 1, 2, 0, 1, 2, 2, 0, 0, 1, 2, 1, 2, 1, 0, 2, 0, 1, 1, 0, 1, 1, 1, 0, 2, 1, 1, 0, 0, 0, 0, 1, 1, 2, 1, 0, 2, 0, 2, 1, 0, 1, 2, 1, 2, 1, 1, 1, 1, 1, 1, 0, 1, 2, 0, 0, 0, 0, 1, 2, 1, 2, 0, 1, 0, 1, 2, 0, 0, 1, 2, 2, 0, 1, 0, 2, 1, 0, 0]|[0, 3, 2, 2, 4, 1, 2, 3, 2, 4, 1, 1, 2, 4, 4, 1, 1, 4, 2, 1, 1, 1, 1, 2, 1, 2, 1, 1, 2, 1, 3, 2, 3, 1, 4, 0, 1, 1, 0, 3, 2, 2, 2, 0, 1, 1, 0, 4, 0, 1, 2, 2, 1, 4, 0, 3, 1, 1, 1, 1, 3, 1, 1, 1, 3, 0, 4, 3, 1, 4, 1, 1, 0, 4, 1, 1, 2, 1, 1, 1, 1, 3, 1, 2, 1, 1, 4, 1, 2, 1, 3, 1, 1, 1, 1, 2, 1, 4, 2, 2]|[0, 2, 1, 1, 3, 0, 1, 3, 0, 0, 0, 0, 1, 0, 1, 0, 0, 3, 1, 0, 0, 0, 3, 1, 0, 2, 0, 0, 0, 1, 0, 0, 0, 0, 3, 0, 1, 0, 0, 2, 1, 1, 1, 0, 0, 0, 0, 2, 1, 0, 0, 0, 1, 3, 0, 0, 0, 0, 0, 0, 2, 0, 1, 0, 2, 1, 0, 0, 1, 1, 3, 1, 1, 3, 0, 0, 1, 0, 0, 2, 0, 0, 0, 1, 1, 0, 0, 0, 1, 0, 2, 0, 0, 1, 1, 0, 0, 2, 0, 0],731.2476204416437,56806.84376103422,93275.64763277225,false
28,G4_BALANCED,G4_BALANCED,[31, 11, 15, 82, 26, 9, 95, 32, 77, 68, 47, 5, 93, 78, 86, 54, 85, 63, 18, 44, 20, 49, 36, 14, 74, 50, 53, 17, 21, 45, 71, 64, 3, 23, 30, 83, 24, 41, 60, 52, 65, 27, 90, 70, 39, 87, 48, 69, 99, 4, 46, 1, 13, 58, 97, 59, 28, 75, 73, 37, 35, 79, 22, 66, 76, 42, 40, 80, 96, 6, 16, 61, 33, 7, 57, 34, 12, 67, 10, 98, 56, 88, 29, 94, 91, 38, 19, 92, 43, 84, 62, 72, 81, 25, 2, 55, 8, 89, 51, 0]|[2, 1, 1, 2, 1, 2, 1, 1, 1, 1, 1, 0, 2, 2, 1, 2, 0, 0, 0, 2, 2, 1, 0, 2, 0, 2, 2, 1, 0, 1, 1, 1, 0, 0, 1, 0, 2, 1, 2, 2, 0, 0, 1, 1, 0, 2, 0, 2, 1, 0, 0, 2, 0, 0, 2, 0, 1, 0, 0, 0, 2, 1, 0, 2, 2, 0, 2, 2, 0, 1, 2, 1, 1, 2, 0, 1, 1, 1, 1, 2, 2, 1, 1, 2, 1, 0, 1, 0, 1, 0, 1, 1, 1, 1, 2, 0, 1, 1, 1, 0]|[1, 3, 2, 0, 4, 1, 4, 4, 2, 4, 3, 2, 1, 0, 2, 1, 1, 1, 2, 1, 1, 3, 0, 1, 0, 1, 1, 4, 1, 4, 3, 2, 2, 0, 4, 1, 1, 4, 0, 1, 2, 1, 4, 4, 1, 1, 0, 2, 3, 2, 2, 1, 2, 1, 1, 2, 4, 2, 0, 2, 2, 3, 1, 0, 1, 2, 0, 1, 2, 4, 1, 3, 4, 1, 2, 4, 3, 3, 3, 1, 1, 4, 3, 1, 3, 2, 4, 2, 4, 2, 3, 4, 1, 4, 1, 2, 3, 4, 3, 2]|[1, 2, 1, 0, 3, 0, 1, 3, 0, 0, 2, 0, 1, 0, 1, 0, 0, 0, 1, 0, 0, 2, 0, 0, 1, 0, 0, 3, 0, 1, 0, 2, 0, 1, 3, 0, 1, 3, 1, 0, 0, 0, 1, 3, 0, 0, 1, 0, 2, 0, 0, 0, 0, 0, 1, 0, 1, 0, 1, 1, 0, 2, 0, 0, 0, 0, 0, 0, 0, 2, 0, 0, 1, 0, 0, 1, 0, 0, 3, 0, 0, 1, 0, 0, 0, 0, 3, 0, 2, 0, 0, 2, 1, 3, 0, 0, 0, 1, 0, 0],842.584363225019,52352.15155925938,107294.36147715819,false
28,G2_TEC,G2_TEC,[31, 22, 82, 15, 26, 9, 95, 42, 77, 68, 47, 5, 93, 78, 86, 54, 85, 63, 18, 44, 20, 49, 36, 14, 74, 50, 53, 17, 21, 28, 11, 64, 3, 23, 30, 83, 24, 41, 40, 52, 65, 27, 90, 70, 39, 87, 48, 69, 99, 4, 46, 1, 13, 58, 97, 59, 45, 8, 73, 37, 35, 79, 71, 66, 76, 32, 60, 80, 96, 6, 16, 61, 33, 7, 57, 34, 12, 67, 10, 98, 56, 88, 43, 75, 91, 38, 19, 92, 29, 84, 2, 72, 81, 25, 51, 55, 62, 89, 94, 0]|[2, 1, 2, 1, 1, 2, 1, 1, 1, 1, 1, 0, 2, 2, 1, 2, 0, 0, 0, 2, 2, 1, 0, 2, 0, 2, 2, 1, 0, 1, 1, 1, 0, 0, 1, 0, 2, 1, 2, 2, 0, 0, 1, 1, 0, 2, 0, 2, 1, 0, 0, 2, 0, 0, 2, 0, 1, 1, 0, 0, 2, 1, 1, 2, 2, 0, 2, 2, 0, 1, 2, 1, 1, 2, 0, 1, 1, 1, 1, 2, 2, 1, 1, 0, 1, 0, 1, 0, 1, 0, 2, 1, 1, 1, 1, 0, 1, 1, 2, 0]|[0, 3, 0, 3, 4, 1, 4, 4, 2, 4, 3, 2, 1, 0, 2, 1, 1, 1, 2, 1, 1, 3, 0, 1, 0, 1, 1, 4, 1, 4, 3, 2, 2, 0, 4, 1, 1, 4, 1, 1, 2, 1, 4, 4, 1, 1, 0, 2, 3, 2, 2, 1, 2, 1, 1, 2, 4, 3, 0, 2, 2, 3, 3, 0, 1, 2, 1, 1, 2, 4, 1, 3, 4, 1, 2, 4, 3, 3, 3, 1, 1, 4, 4, 2, 3, 2, 4, 2, 3, 2, 1, 4, 4, 4, 3, 2, 3, 4, 1, 2]|[0, 2, 0, 0, 3, 0, 1, 3, 0, 0, 2, 0, 1, 0, 1, 0, 0, 0, 1, 0, 0, 2, 0, 0, 1, 0, 0, 3, 0, 1, 0, 2, 0, 0, 3, 0, 1, 3, 0, 0, 0, 0, 1, 3, 0, 0, 1, 0, 2, 0, 0, 0, 0, 0, 1, 0, 1, 0, 1, 1, 0, 2, 0, 0, 0, 0, 0, 0, 0, 2, 0, 0, 1, 0, 0, 1, 0, 0, 3, 0, 0, 1, 2, 0, 0, 0, 1, 0, 3, 0, 0, 2, 1, 3, 0, 0, 0, 1, 0, 0],884.1935202920454,50174.268870086526,113547.00447605085,false
28,G3_TWC,G3_TWC,[31, 22, 82, 15, 26, 58, 95, 42, 77, 12, 47, 5, 93, 78, 98, 54, 85, 63, 18, 44, 20, 35, 43, 97, 91, 76, 10, 30, 21, 45, 71, 64, 1, 23, 17, 83, 24, 14, 60, 36, 6, 57, 94, 88, 65, 56, 79, 40, 67, 68, 46, 75, 38, 9, 19, 32, 81, 41, 27, 62, 87, 90, 99, 59, 11, 16, 72, 73, 70, 39, 37, 84, 3, 92, 25, 55, 28, 29, 51, 7, 33, 61, 86, 66, 89, 50, 48, 96, 53, 8, 80, 4, 34, 49, 52, 0, 13, 69, 2, 74]|[1, 1, 0, 1, 1, 1, 2, 1, 2, 1, 2, 2, 2, 1, 1, 0, 0, 1, 0, 2, 2, 0, 1, 2, 0, 1, 2, 2, 0, 0, 1, 2, 1, 2, 1, 0, 2, 0, 1, 1, 0, 1, 1, 1, 0, 2, 1, 1, 0, 0, 0, 0, 1, 1, 2, 1, 2, 0, 0, 0, 2, 1, 0, 1, 2, 1, 2, 1, 1, 1, 1, 1, 1, 0, 1, 1, 0, 0, 0, 1, 2, 1, 0, 2, 1, 0, 0, 0, 0, 1, 0, 0, 2, 0, 1, 0, 0, 1, 0, 2]|[4, 3, 2, 2, 0, 0, 2, 2, 2, 4, 1, 1, 2, 4, 4, 1, 2, 4, 2, 1, 1, 1, 1, 2, 1, 2, 1, 1, 1, 1, 3, 2, 3, 0, 4, 0, 1, 1, 0, 3, 2, 2, 4, 0, 1, 1, 0, 2, 0, 1, 2, 2, 1, 4, 0, 3, 2, 1, 1, 2, 1, 3, 1, 1, 1, 3, 0, 4, 3, 1, 4, 1, 1, 2, 4, 4, 2, 1, 1, 3, 1, 3, 1, 1, 1, 1, 1, 1, 2, 3, 1, 2, 1, 1, 1, 2, 2, 3, 2, 1]|[0, 2, 1, 1, 3, 3, 0, 1, 0, 0, 0, 0, 1, 0, 1, 0, 0, 3, 1, 0, 0, 0, 3, 1, 0, 2, 0, 0, 0, 1, 0, 0, 0, 0, 3, 0, 1, 0, 0, 2, 1, 1, 2, 0, 0, 0, 0, 1, 1, 0, 0, 0, 1, 3, 0, 0, 1, 0, 0, 1, 0, 2, 0, 1, 0, 2, 1, 0, 0, 1, 1, 3, 1, 1, 3, 3, 1, 0, 0, 2, 0, 0, 0, 0, 1, 0, 0, 0, 1, 2, 0, 1, 0, 1, 1, 0, 0, 0, 0, 0],802.1274951829081,57956.38699448537,89691.2003308727,false
28,G1_CMAX,G1_CMAX,[31, 22, 82, 15, 26, 99, 95, 42, 77, 12, 47, 5, 93, 78, 86, 54, 21, 63, 18, 44, 20, 35, 43, 97, 91, 76, 10, 30, 85, 45, 71, 64, 1, 23, 17, 83, 24, 14, 60, 36, 6, 57, 40, 88, 65, 56, 79, 94, 67, 68, 46, 75, 38, 9, 19, 32, 41, 81, 27, 87, 90, 58, 59, 11, 16, 72, 73, 70, 39, 37, 84, 3, 92, 25, 55, 48, 62, 29, 51, 7, 33, 61, 98, 28, 89, 50, 4, 96, 53, 80, 8, 66, 34, 49, 52, 0, 74, 69, 2, 13]|[1, 1, 0, 1, 1, 0, 1, 1, 2, 1, 2, 2, 2, 1, 1, 0, 0, 1, 0, 2, 2, 0, 1, 2, 0, 1, 2, 2, 0, 0, 1, 2, 1, 2, 1, 0, 2, 0, 1, 1, 0, 1, 1, 1, 0, 2, 1, 1, 0, 0, 0, 0, 1, 1, 2, 1, 0, 2, 0, 2, 1, 0, 1, 2, 1, 2, 1, 1, 1, 1, 1, 1, 0, 1, 2, 0, 0, 0, 0, 1, 2, 1, 2, 0, 1, 0, 1, 2, 0, 0, 1, 2, 2, 0, 1, 0, 2, 1, 0, 0]|[0, 3, 2, 2, 4, 1, 2, 3, 2, 4, 1, 1, 2, 4, 4, 1, 1, 4, 2, 1, 1, 1, 1, 2, 1, 2, 1, 1, 2, 1, 3, 2, 3, 1, 4, 0, 1, 1, 0, 3, 2, 2, 2, 0, 1, 1, 0, 4, 0, 1, 2, 2, 1, 4, 0, 3, 1, 1, 1, 1, 3, 1, 1, 1, 3, 0, 4, 3, 1, 4, 1, 1, 0, 4, 1, 1, 2, 1, 1, 1, 1, 3, 1, 2, 1, 1, 4, 1, 2, 1, 3, 1, 1, 1, 1, 2, 1, 4, 2, 2]|[0, 2, 1, 1, 3, 0, 1, 3, 0, 0, 0, 0, 1, 0, 1, 0, 0, 3, 1, 0, 0, 0, 3, 1, 0, 2, 0, 0, 0, 1, 0, 0, 0, 0, 3, 0, 1, 0, 0, 2, 1, 1, 1, 0, 0, 0, 0, 2, 1, 0, 0, 0, 1, 3, 0, 0, 0, 0, 0, 0, 2, 0, 1, 0, 2, 1, 0, 0, 1, 1, 3, 1, 1, 3, 0, 0, 1, 0, 0, 2, 0, 0, 0, 1, 1, 0, 0, 0, 1, 0, 2, 0, 0, 1, 1, 0, 0, 2, 0, 0],731.2476204416437,56806.84376103422,93275.64763277225,false
28,G4_BALANCED,G4_BALANCED,[31, 22, 82, 15, 26, 58, 95, 42, 77, 12, 47, 5, 93, 78, 86, 54, 85, 63, 18, 72, 20, 35, 43, 97, 91, 76, 10, 30, 21, 45, 71, 64, 1, 23, 17, 83, 24, 14, 60, 36, 6, 57, 40, 88, 65, 56, 79, 94, 67, 41, 68, 75, 38, 9, 19, 32, 81, 55, 27, 62, 87, 90, 99, 59, 11, 16, 44, 73, 70, 39, 37, 84, 3, 92, 25, 34, 28, 29, 51, 7, 66, 61, 98, 48, 89, 50, 4, 96, 53, 80, 8, 33, 46, 2, 52, 49, 0, 69, 74, 13]|[1, 1, 0, 1, 1, 0, 1, 2, 2, 1, 2, 2, 2, 1, 1, 0, 0, 1, 0, 2, 2, 0, 0, 2, 0, 1, 2, 2, 0, 0, 1, 2, 1, 2, 1, 0, 2, 0, 1, 1, 0, 1, 1, 1, 0, 2, 1, 1, 0, 0, 0, 0, 1, 1, 2, 1, 2, 0, 0, 0, 2, 1, 0, 1, 2, 1, 2, 1, 1, 1, 1, 1, 1, 0, 1, 2, 2, 0, 0, 1, 2, 1, 2, 0, 1, 0, 1, 2, 0, 0, 1, 2, 0, 0, 1, 0, 0, 1, 2, 0]|[4, 3, 2, 2, 4, 1, 2, 2, 2, 4, 1, 1, 2, 4, 4, 1, 2, 4, 2, 1, 1, 1, 1, 2, 1, 2, 1, 1, 1, 1, 3, 2, 3, 1, 4, 0, 1, 1, 0, 3, 2, 2, 2, 0, 1, 1, 0, 4, 0, 1, 1, 2, 1, 4, 0, 3, 2, 1, 1, 2, 1, 3, 1, 1, 1, 3, 1, 4, 3, 1, 4, 1, 1, 0, 4, 1, 1, 1, 1, 1, 1, 3, 1, 1, 1, 1, 4, 1, 2, 1, 3, 1, 2, 2, 1, 1, 2, 4, 1, 2]|[0, 2, 1, 1, 3, 0, 1, 0, 0, 0, 0, 0, 1, 0, 1, 0, 0, 3, 1, 0, 0, 0, 0, 1, 0, 2, 0, 0, 0, 1, 0, 0, 0, 0, 3, 0, 1, 0, 0, 2, 1, 1, 1, 0, 0, 0, 0, 2, 1, 0, 0, 0, 1, 3, 0, 0, 1, 0, 0, 1, 0, 2, 0, 1, 0, 2, 0, 0, 0, 1, 1, 3, 1, 1, 3, 0, 0, 0, 0, 2, 0, 0, 0, 0, 1, 0, 0, 0, 1, 0, 2, 0, 0, 0, 1, 1, 0, 2, 0, 0],784.1481185900863,55756.271812642575,96112.54558848144,false
28,G2_TEC,G2_TEC,[31, 22, 82, 15, 26, 9, 95, 42, 77, 68, 47, 5, 93, 78, 86, 54, 85, 63, 18, 44, 20, 49, 36, 14, 74, 50, 53, 17, 21, 28, 11, 64, 3, 23, 30, 83, 24, 41, 40, 52, 65, 27, 90, 70, 39, 87, 48, 69, 99, 4, 46, 1, 13, 58, 97, 59, 45, 8, 73, 37, 35, 79, 71, 66, 76, 32, 60, 80, 96, 6, 16, 61, 33, 7, 57, 34, 12, 67, 10, 98, 56, 88, 43, 75, 91, 38, 19, 92, 29, 84, 2, 72, 81, 25, 51, 55, 62, 89, 94, 0]|[2, 1, 2, 1, 1, 2, 1, 1, 1, 1, 1, 0, 2, 2, 1, 2, 0, 0, 0, 2, 2, 1, 0, 2, 0, 2, 2, 1, 0, 1, 1, 1, 0, 0, 1, 0, 2, 1, 2, 2, 0, 0, 1, 1, 0, 2, 0, 2, 1, 0, 0, 2, 0, 0, 2, 0, 1, 1, 0, 0, 2, 1, 1, 2, 2, 0, 2, 2, 0, 1, 2, 1, 1, 2, 0, 1, 1, 1, 1, 2, 2, 1, 1, 0, 1, 0, 1, 0, 1, 0, 2, 1, 1, 1, 1, 0, 1, 1, 2, 0]|[0, 3, 0, 3, 4, 1, 4, 4, 2, 4, 3, 2, 1, 0, 2, 1, 1, 1, 2, 1, 1, 3, 0, 1, 0, 1, 1, 4, 1, 4, 3, 2, 2, 0, 4, 1, 1, 4, 1, 1, 2, 1, 4, 4, 1, 1, 0, 2, 3, 2, 2, 1, 2, 1, 1, 2, 4, 3, 0, 2, 2, 3, 3, 0, 1, 2, 1, 1, 2, 4, 1, 3, 4, 1, 2, 4, 3, 3, 3, 1, 1, 4, 4, 2, 3, 2, 4, 2, 3, 2, 1, 4, 4, 4, 3, 2, 3, 4, 1, 2]|[0, 2, 0, 0, 3, 0, 1, 3, 0, 0, 2, 0, 1, 0, 1, 0, 0, 0, 1, 0, 0, 2, 0, 0, 1, 0, 0, 3, 0, 1, 0, 2, 0, 0, 3, 0, 1, 3, 0, 0, 0, 0, 1, 3, 0, 0, 1, 0, 2, 0, 0, 0, 0, 0, 1, 0, 1, 0, 1, 1, 0, 2, 0, 0, 0, 0, 0, 0, 0, 2, 0, 0, 1, 0, 0, 1, 0, 0, 3, 0, 0, 1, 2, 0, 0, 0, 1, 0, 3, 0, 0, 2, 1, 3, 0, 0, 0, 1, 0, 0],884.1935202920454,50174.268870086526,113547.00447605085,false
28,G3_TWC,G3_TWC,[31, 22, 82, 15, 26, 58, 95, 42, 77, 12, 47, 5, 93, 78, 98, 54, 85, 63, 18, 44, 20, 35, 43, 97, 91, 76, 10, 30, 21, 45, 71, 64, 1, 23, 17, 83, 24, 14, 60, 36, 6, 57, 94, 88, 65, 56, 79, 40, 67, 68, 46, 75, 38, 9, 19, 32, 81, 41, 27, 62, 87, 90, 99, 59, 11, 16, 72, 73, 70, 39, 37, 84, 3, 92, 25, 55, 28, 29, 51, 7, 33, 61, 86, 66, 89, 50, 48, 96, 53, 8, 80, 4, 34, 49, 52, 0, 13, 69, 2, 74]|[1, 1, 0, 1, 1, 1, 2, 1, 2, 1, 2, 2, 2, 1, 1, 0, 0, 1, 0, 2, 2, 0, 1, 2, 0, 1, 2, 2, 0, 0, 1, 2, 1, 2, 1, 0, 2, 0, 1, 1, 0, 1, 1, 1, 0, 2, 1, 1, 0, 0, 0, 0, 1, 1, 2, 1, 2, 0, 0, 0, 2, 1, 0, 1, 2, 1, 2, 1, 1, 1, 1, 1, 1, 0, 1, 1, 0, 0, 0, 1, 2, 1, 0, 2, 1, 0, 0, 0, 0, 1, 0, 0, 2, 0, 1, 0, 0, 1, 0, 2]|[4, 3, 2, 2, 0, 0, 2, 2, 2, 4, 1, 1, 2, 4, 4, 1, 2, 4, 2, 1, 1, 1, 1, 2, 1, 2, 1, 1, 1, 1, 3, 2, 3, 0, 4, 0, 1, 1, 0, 3, 2, 2, 4, 0, 1, 1, 0, 2, 0, 1, 2, 2, 1, 4, 0, 3, 2, 1, 1, 2, 1, 3, 1, 1, 1, 3, 0, 4, 3, 1, 4, 1, 1, 2, 4, 4, 2, 1, 1, 3, 1, 3, 1, 1, 1, 1, 1, 1, 2, 3, 1, 2, 1, 1, 1, 2, 2, 3, 2, 1]|[0, 2, 1, 1, 3, 3, 0, 1, 0, 0, 0, 0, 1, 0, 1, 0, 0, 3, 1, 0, 0, 0, 3, 1, 0, 2, 0, 0, 0, 1, 0, 0, 0, 0, 3, 0, 1, 0, 0, 2, 1, 1, 2, 0, 0, 0, 0, 1, 1, 0, 0, 0, 1, 3, 0, 0, 1, 0, 0, 1, 0, 2, 0, 1, 0, 2, 1, 0, 0, 1, 1, 3, 1, 1, 3, 3, 1, 0, 0, 2, 0, 0, 0, 0, 1, 0, 0, 0, 1, 2, 0, 1, 0, 1, 1, 0, 0, 0, 0, 0],802.1274951829081,57956.38699448537,89691.2003308727,false
28,G1_CMAX,G1_CMAX,[31, 22, 82, 15, 26, 99, 95, 42, 77, 12, 47, 5, 93, 78, 86, 54, 21, 63, 18, 44, 20, 35, 43, 97, 91, 76, 10, 30, 85, 45, 71, 64, 1, 23, 17, 83, 24, 14, 60, 36, 6, 57, 40, 88, 65, 56, 79, 94, 67, 68, 46, 75, 38, 9, 19, 32, 41, 81, 27, 87, 90, 58, 59, 11, 16, 72, 73, 70, 39, 37, 84, 3, 92, 25, 55, 48, 62, 29, 51, 7, 33, 61, 98, 28, 89, 50, 4, 96, 53, 80, 8, 66, 34, 49, 52, 0, 74, 69, 2, 13]|[1, 1, 0, 1, 1, 0, 1, 1, 2, 1, 2, 2, 2, 1, 1, 0, 0, 1, 0, 2, 2, 0, 1, 2, 0, 1, 2, 2, 0, 0, 1, 2, 1, 2, 1, 0, 2, 0, 1, 1, 0, 1, 1, 1, 0, 2, 1, 1, 0, 0, 0, 0, 1, 1, 2, 1, 0, 2, 0, 2, 1, 0, 1, 2, 1, 2, 1, 1, 1, 1, 1, 1, 0, 1, 2, 0, 0, 0, 0, 1, 2, 1, 2, 0, 1, 0, 1, 2, 0, 0, 1, 2, 2, 0, 1, 0, 2, 1, 0, 0]|[0, 3, 2, 2, 4, 1, 2, 3, 2, 4, 1, 1, 2, 4, 4, 1, 1, 4, 2, 1, 1, 1, 1, 2, 1, 2, 1, 1, 2, 1, 3, 2, 3, 1, 4, 0, 1, 1, 0, 3, 2, 2, 2, 0, 1, 1, 0, 4, 0, 1, 2, 2, 1, 4, 0, 3, 1, 1, 1, 1, 3, 1, 1, 1, 3, 0, 4, 3, 1, 4, 1, 1, 0, 4, 1, 1, 2, 1, 1, 1, 1, 3, 1, 2, 1, 1, 4, 1, 2, 1, 3, 1, 1, 1, 1, 2, 1, 4, 2, 2]|[0, 2, 1, 1, 3, 0, 1, 3, 0, 0, 0, 0, 1, 0, 1, 0, 0, 3, 1, 0, 0, 0, 3, 1, 0, 2, 0, 0, 0, 1, 0, 0, 0, 0, 3, 0, 1, 0, 0, 2, 1, 1, 1, 0, 0, 0, 0, 2, 1, 0, 0, 0, 1, 3, 0, 0, 0, 0, 0, 0, 2, 0, 1, 0, 2, 1, 0, 0, 1, 1, 3, 1, 1, 3, 0, 0, 1, 0, 0, 2, 0, 0, 0, 1, 1, 0, 0, 0, 1, 0, 2, 0, 0, 1, 1, 0, 0, 2, 0, 0],731.2476204416437,56806.84376103422,93275.64763277225,false
28,G4_BALANCED,G4_BALANCED,[31, 22, 82, 15, 26, 58, 95, 42, 77, 12, 47, 5, 93, 78, 86, 54, 85, 63, 18, 72, 20, 35, 43, 97, 91, 76, 10, 30, 21, 45, 71, 64, 1, 23, 17, 83, 24, 14, 60, 36, 6, 57, 40, 88, 65, 56, 79, 94, 67, 41, 68, 75, 38, 9, 19, 32, 81, 55, 27, 62, 87, 90, 99, 59, 11, 16, 44, 73, 70, 39, 37, 84, 3, 92, 25, 34, 28, 29, 51, 7, 66, 61, 98, 48, 89, 50, 4, 96, 53, 80, 8, 33, 46, 2, 52, 49, 0, 69, 74, 13]|[1, 1, 0, 1, 1, 0, 1, 2, 2, 1, 2, 2, 2, 1, 1, 0, 0, 1, 0, 2, 2, 0, 0, 2, 0, 1, 2, 2, 0, 0, 1, 2, 1, 2, 1, 0, 2, 0, 1, 1, 0, 1, 1, 1, 0, 2, 1, 1, 0, 0, 0, 0, 1, 1, 2, 1, 2, 0, 0, 0, 2, 1, 0, 1, 2, 1, 2, 1, 1, 1, 1, 1, 1, 0, 1, 2, 2, 0, 0, 1, 2, 1, 2, 0, 1, 0, 1, 2, 0, 0, 1, 2, 0, 0, 1, 0, 0, 1, 2, 0]|[4, 3, 2, 2, 4, 1, 2, 2, 2, 4, 1, 1, 2, 4, 4, 1, 2, 4, 2, 1, 1, 1, 1, 2, 1, 2, 1, 1, 1, 1, 3, 2, 3, 1, 4, 0, 1, 1, 0, 3, 2, 2, 2, 0, 1, 1, 0, 4, 0, 1, 1, 2, 1, 4, 0, 3, 2, 1, 1, 2, 1, 3, 1, 1, 1, 3, 1, 4, 3, 1, 4, 1, 1, 0, 4, 1, 1, 1, 1, 1, 1, 3, 1, 1, 1, 1, 4, 1, 2, 1, 3, 1, 2, 2, 1, 1, 2, 4, 1, 2]|[0, 2, 1, 1, 3, 0, 1, 0, 0, 0, 0, 0, 1, 0, 1, 0, 0, 3, 1, 0, 0, 0, 0, 1, 0, 2, 0, 0, 0, 1, 0, 0, 0, 0, 3, 0, 1, 0, 0, 2, 1, 1, 1, 0, 0, 0, 0, 2, 1, 0, 0, 0, 1, 3, 0, 0, 1, 0, 0, 1, 0, 2, 0, 1, 0, 2, 0, 0, 0, 1, 1, 3, 1, 1, 3, 0, 0, 0, 0, 2, 0, 0, 0, 0, 1, 0, 0, 0, 1, 0, 2, 0, 0, 0, 1, 1, 0, 2, 0, 0],784.1481185900863,55756.271812642575,96112.54558848144,false
28,G2_TEC,G2_TEC,[31, 22, 82, 15, 26, 9, 95, 42, 77, 68, 47, 5, 93, 78, 86, 54, 85, 63, 18, 44, 20, 49, 36, 14, 74, 50, 53, 17, 21, 28, 11, 64, 3, 23, 30, 83, 24, 41, 40, 52, 65, 27, 90, 70, 39, 87, 48, 69, 99, 4, 46, 1, 13, 58, 97, 59, 45, 8, 73, 37, 35, 79, 71, 66, 76, 32, 60, 80, 96, 6, 16, 61, 33, 7, 57, 34, 12, 67, 10, 98, 56, 88, 43, 75, 91, 38, 19, 92, 29, 84, 2, 72, 81, 25, 51, 55, 62, 89, 94, 0]|[2, 1, 2, 1, 1, 2, 1, 1, 1, 1, 1, 0, 2, 2, 1, 2, 0, 0, 0, 2, 2, 1, 0, 2, 0, 2, 2, 1, 0, 1, 1, 1, 0, 0, 1, 0, 2, 1, 2, 2, 0, 0, 1, 1, 0, 2, 0, 2, 1, 0, 0, 2, 0, 0, 2, 0, 1, 1, 0, 0, 2, 1, 1, 2, 2, 0, 2, 2, 0, 1, 2, 1, 1, 2, 0, 1, 1, 1, 1, 2, 2, 1, 1, 0, 1, 0, 1, 0, 1, 0, 2, 1, 1, 1, 1, 0, 1, 1, 2, 0]|[0, 3, 0, 3, 4, 1, 4, 4, 2, 4, 3, 2, 1, 0, 2, 1, 1, 1, 2, 1, 1, 3, 0, 1, 0, 1, 1, 4, 1, 4, 3, 2, 2, 0, 4, 1, 1, 4, 1, 1, 2, 1, 4, 4, 1, 1, 0, 2, 3, 2, 2, 1, 2, 1, 1, 2, 4, 3, 0, 2, 2, 3, 3, 0, 1, 2, 1, 1, 2, 4, 1, 3, 4, 1, 2, 4, 3, 3, 3, 1, 1, 4, 4, 2, 3, 2, 4, 2, 3, 2, 1, 4, 4, 4, 3, 2, 3, 4, 1, 2]|[0, 2, 0, 0, 3, 0, 1, 3, 0, 0, 2, 0, 1, 0, 1, 0, 0, 0, 1, 0, 0, 2, 0, 0, 1, 0, 0, 3, 0, 1, 0, 2, 0, 0, 3, 0, 1, 3, 0, 0, 0, 0, 1, 3, 0, 0, 1, 0, 2, 0, 0, 0, 0, 0, 1, 0, 1, 0, 1, 1, 0, 2, 0, 0, 0, 0, 0, 0, 0, 2, 0, 0, 1, 0, 0, 1, 0, 0, 3, 0, 0, 1, 2, 0, 0, 0, 1, 0, 3, 0, 0, 2, 1, 3, 0, 0, 0, 1, 0, 0],884.1935202920454,50174.268870086526,113547.00447605085,false
28,G3_TWC,G3_TWC,[31, 22, 82, 15, 26, 58, 95, 42, 77, 12, 47, 5, 93, 78, 98, 54, 85, 63, 18, 44, 20, 35, 43, 97, 91, 76, 10, 30, 21, 45, 71, 64, 1, 23, 17, 83, 24, 14, 60, 36, 6, 57, 94, 88, 65, 56, 79, 40, 67, 68, 46, 75, 38, 9, 19, 32, 81, 41, 27, 62, 87, 90, 99, 59, 11, 16, 72, 73, 70, 39, 37, 84, 3, 92, 25, 55, 28, 29, 51, 7, 33, 61, 86, 66, 89, 50, 48, 96, 53, 8, 80, 4, 34, 49, 52, 0, 13, 69, 2, 74]|[1, 1, 0, 1, 1, 1, 2, 1, 2, 1, 2, 2, 2, 1, 1, 0, 0, 1, 0, 2, 2, 0, 1, 2, 0, 1, 2, 2, 0, 0, 1, 2, 1, 2, 1, 0, 2, 0, 1, 1, 0, 1, 1, 1, 0, 2, 1, 1, 0, 0, 0, 0, 1, 1, 2, 1, 2, 0, 0, 0, 2, 1, 0, 1, 2, 1, 2, 1, 1, 1, 1, 1, 1, 0, 1, 1, 0, 0, 0, 1, 2, 1, 0, 2, 1, 0, 0, 0, 0, 1, 0, 0, 2, 0, 1, 0, 0, 1, 0, 2]|[4, 3, 2, 2, 0, 0, 2, 2, 2, 4, 1, 1, 2, 4, 4, 1, 2, 4, 2, 1, 1, 1, 1, 2, 1, 2, 1, 1, 1, 1, 3, 2, 3, 0, 4, 0, 1, 1, 0, 3, 2, 2, 4, 0, 1, 1, 0, 2, 0, 1, 2, 2, 1, 4, 0, 3, 2, 1, 1, 2, 1, 3, 1, 1, 1, 3, 0, 4, 3, 1, 4, 1, 1, 2, 4, 4, 2, 1, 1, 3, 1, 3, 1, 1, 1, 1, 1, 1, 2, 3, 1, 2, 1, 1, 1, 2, 2, 3, 2, 1]|[0, 2, 1, 1, 3, 3, 0, 1, 0, 0, 0, 0, 1, 0, 1, 0, 0, 3, 1, 0, 0, 0, 3, 1, 0, 2, 0, 0, 0, 1, 0, 0, 0, 0, 3, 0, 1, 0, 0, 2, 1, 1, 2, 0, 0, 0, 0, 1, 1, 0, 0, 0, 1, 3, 0, 0, 1, 0, 0, 1, 0, 2, 0, 1, 0, 2, 1, 0, 0, 1, 1, 3, 1, 1, 3, 3, 1, 0, 0, 2, 0, 0, 0, 0, 1, 0, 0, 0, 1, 2, 0, 1, 0, 1, 1, 0, 0, 0, 0, 0],802.1274951829081,57956.38699448537,89691.2003308727,false
28,G1_CMAX,G1_CMAX,[31, 22, 82, 15, 26, 99, 95, 42, 77, 12, 47, 5, 93, 78, 86, 54, 21, 63, 18, 44, 20, 35, 43, 97, 91, 76, 10, 30, 85, 45, 71, 64, 1, 23, 17, 83, 24, 14, 60, 36, 6, 57, 40, 88, 65, 56, 79, 94, 67, 68, 46, 75, 38, 9, 19, 32, 41, 81, 27, 87, 90, 58, 59, 11, 16, 72, 73, 70, 39, 37, 84, 3, 92, 25, 55, 48, 62, 29, 51, 7, 33, 61, 98, 28, 89, 50, 4, 96, 53, 80, 8, 66, 34, 49, 52, 0, 74, 69, 2, 13]|[1, 1, 0, 1, 1, 0, 1, 1, 2, 1, 2, 2, 2, 1, 1, 0, 0, 1, 0, 2, 2, 0, 1, 2, 0, 1, 2, 2, 0, 0, 1, 2, 1, 2, 1, 0, 2, 0, 1, 1, 0, 1, 1, 1, 0, 2, 1, 1, 0, 0, 0, 0, 1, 1, 2, 1, 0, 2, 0, 2, 1, 0, 1, 2, 1, 2, 1, 1, 1, 1, 1, 1, 0, 1, 2, 0, 0, 0, 0, 1, 2, 1, 2, 0, 1, 0, 1, 2, 0, 0, 1, 2, 2, 0, 1, 0, 2, 1, 0, 0]|[0, 3, 2, 2, 4, 1, 2, 3, 2, 4, 1, 1, 2, 4, 4, 1, 1, 4, 2, 1, 1, 1, 1, 2, 1, 2, 1, 1, 2, 1, 3, 2, 3, 1, 4, 0, 1, 1, 0, 3, 2, 2, 2, 0, 1, 1, 0, 4, 0, 1, 2, 2, 1, 4, 0, 3, 1, 1, 1, 1, 3, 1, 1, 1, 3, 0, 4, 3, 1, 4, 1, 1, 0, 4, 1, 1, 2, 1, 1, 1, 1, 3, 1, 2, 1, 1, 4, 1, 2, 1, 3, 1, 1, 1, 1, 2, 1, 4, 2, 2]|[0, 2, 1, 1, 3, 0, 1, 3, 0, 0, 0, 0, 1, 0, 1, 0, 0, 3, 1, 0, 0, 0, 3, 1, 0, 2, 0, 0, 0, 1, 0, 0, 0, 0, 3, 0, 1, 0, 0, 2, 1, 1, 1, 0, 0, 0, 0, 2, 1, 0, 0, 0, 1, 3, 0, 0, 0, 0, 0, 0, 2, 0, 1, 0, 2, 1, 0, 0, 1, 1, 3, 1, 1, 3, 0, 0, 1, 0, 0, 2, 0, 0, 0, 1, 1, 0, 0, 0, 1, 0, 2, 0, 0, 1, 1, 0, 0, 2, 0, 0],731.2476204416437,56806.84376103422,93275.64763277225,false
28,G4_BALANCED,G4_BALANCED,[31, 22, 82, 15, 26, 58, 95, 42, 77, 12, 47, 5, 93, 78, 86, 54, 85, 63, 18, 72, 20, 35, 43, 97, 91, 76, 10, 30, 21, 45, 71, 64, 1, 23, 17, 83, 24, 14, 60, 36, 6, 57, 40, 88, 65, 56, 79, 94, 67, 41, 68, 75, 38, 9, 19, 32, 81, 55, 27, 62, 87, 90, 99, 59, 11, 16, 44, 73, 70, 39, 37, 84, 3, 92, 25, 34, 28, 29, 51, 7, 66, 61, 98, 48, 89, 50, 4, 96, 53, 80, 8, 33, 46, 2, 52, 49, 0, 69, 74, 13]|[1, 1, 0, 1, 1, 0, 1, 2, 2, 1, 2, 2, 2, 1, 1, 0, 0, 1, 0, 2, 2, 0, 0, 2, 0, 1, 2, 2, 0, 0, 1, 2, 1, 2, 1, 0, 2, 0, 1, 1, 0, 1, 1, 1, 0, 2, 1, 1, 0, 0, 0, 0, 1, 1, 2, 1, 2, 0, 0, 0, 2, 1, 0, 1, 2, 1, 2, 1, 1, 1, 1, 1, 1, 0, 1, 2, 2, 0, 0, 1, 2, 1, 2, 0, 1, 0, 1, 2, 0, 0, 1, 2, 0, 0, 1, 0, 0, 1, 2, 0]|[4, 3, 2, 2, 4, 1, 2, 2, 2, 4, 1, 1, 2, 4, 4, 1, 2, 4, 2, 1, 1, 1, 1, 2, 1, 2, 1, 1, 1, 1, 3, 2, 3, 1, 4, 0, 1, 1, 0, 3, 2, 2, 2, 0, 1, 1, 0, 4, 0, 1, 1, 2, 1, 4, 0, 3, 2, 1, 1, 2, 1, 3, 1, 1, 1, 3, 1, 4, 3, 1, 4, 1, 1, 0, 4, 1, 1, 1, 1, 1, 1, 3, 1, 1, 1, 1, 4, 1, 2, 1, 3, 1, 2, 2, 1, 1, 2, 4, 1, 2]|[0, 2, 1, 1, 3, 0, 1, 0, 0, 0, 0, 0, 1, 0, 1, 0, 0, 3, 1, 0, 0, 0, 0, 1, 0, 2, 0, 0, 0, 1, 0, 0, 0, 0, 3, 0, 1, 0, 0, 2, 1, 1, 1, 0, 0, 0, 0, 2, 1, 0, 0, 0, 1, 3, 0, 0, 1, 0, 0, 1, 0, 2, 0, 1, 0, 2, 0, 0, 0, 1, 1, 3, 1, 1, 3, 0, 0, 0, 0, 2, 0, 0, 0, 0, 1, 0, 0, 0, 1, 0, 2, 0, 0, 0, 1, 1, 0, 2, 0, 0],784.1481185900863,55756.271812642575,96112.54558848144,false
28,G2_TEC,G2_TEC,[31, 22, 82, 15, 26, 9, 95, 42, 77, 68, 47, 5, 93, 78, 86, 54, 85, 63, 18, 44, 20, 49, 36, 14, 74, 50, 53, 17, 21, 28, 11, 64, 3, 23, 30, 83, 24, 41, 40, 52, 65, 27, 90, 70, 39, 87, 48, 69, 99, 4, 46, 1, 13, 58, 97, 59, 45, 8, 73, 37, 35, 79, 71, 66, 76, 32, 60, 80, 96, 6, 16, 61, 33, 7, 57, 34, 12, 67, 10, 98, 56, 88, 43, 75, 91, 38, 19, 92, 29, 84, 2, 72, 81, 25, 51, 55, 62, 89, 94, 0]|[2, 1, 2, 1, 1, 2, 1, 1, 1, 1, 1, 0, 2, 2, 1, 2, 0, 0, 0, 2, 2, 1, 0, 2, 0, 2, 2, 1, 0, 1, 1, 1, 0, 0, 1, 0, 2, 1, 2, 2, 0, 0, 1, 1, 0, 2, 0, 2, 1, 0, 0, 2, 0, 0, 2, 0, 1, 1, 0, 0, 2, 1, 1, 2, 2, 0, 2, 2, 0, 1, 2, 1, 1, 2, 0, 1, 1, 1, 1, 2, 2, 1, 1, 0, 1, 0, 1, 0, 1, 0, 2, 1, 1, 1, 1, 0, 1, 1, 2, 0]|[0, 3, 0, 3, 4, 1, 4, 4, 2, 4, 3, 2, 1, 0, 2, 1, 1, 1, 2, 1, 1, 3, 0, 1, 0, 1, 1, 4, 1, 4, 3, 2, 2, 0, 4, 1, 1, 4, 1, 1, 2, 1, 4, 4, 1, 1, 0, 2, 3, 2, 2, 1, 2, 1, 1, 2, 4, 3, 0, 2, 2, 3, 3, 0, 1, 2, 1, 1, 2, 4, 1, 3, 4, 1, 2, 4, 3, 3, 3, 1, 1, 4, 4, 2, 3, 2, 4, 2, 3, 2, 1, 4, 4, 4, 3, 2, 3, 4, 1, 2]|[0, 2, 0, 0, 3, 0, 1, 3, 0, 0, 2, 0, 1, 0, 1, 0, 0, 0, 1, 0, 0, 2, 0, 0, 1, 0, 0, 3, 0, 1, 0, 2, 0, 0, 3, 0, 1, 3, 0, 0, 0, 0, 1, 3, 0, 0, 1, 0, 2, 0, 0, 0, 0, 0, 1, 0, 1, 0, 1, 1, 0, 2, 0, 0, 0, 0, 0, 0, 0, 2, 0, 0, 1, 0, 0, 1, 0, 0, 3, 0, 0, 1, 2, 0, 0, 0, 1, 0, 3, 0, 0, 2, 1, 3, 0, 0, 0, 1, 0, 0],884.1935202920454,50174.268870086526,113547.00447605085,false
28,G3_TWC,G3_TWC,[31, 22, 82, 15, 26, 58, 95, 42, 77, 12, 47, 5, 93, 78, 98, 54, 85, 63, 18, 44, 20, 35, 43, 97, 91, 76, 10, 30, 21, 45, 71, 64, 1, 23, 17, 83, 24, 14, 60, 36, 6, 57, 94, 88, 65, 56, 79, 40, 67, 68, 46, 75, 38, 9, 19, 32, 81, 41, 27, 62, 87, 90, 99, 59, 11, 16, 72, 73, 70, 39, 37, 84, 3, 92, 25, 55, 28, 29, 51, 7, 33, 61, 86, 66, 89, 50, 48, 96, 53, 8, 80, 4, 34, 49, 52, 0, 13, 69, 2, 74]|[1, 1, 0, 1, 1, 1, 2, 1, 2, 1, 2, 2, 2, 1, 1, 0, 0, 1, 0, 2, 2, 0, 1, 2, 0, 1, 2, 2, 0, 0, 1, 2, 1, 2, 1, 0, 2, 0, 1, 1, 0, 1, 1, 1, 0, 2, 1, 1, 0, 0, 0, 0, 1, 1, 2, 1, 2, 0, 0, 0, 2, 1, 0, 1, 2, 1, 2, 1, 1, 1, 1, 1, 1, 0, 1, 1, 0, 0, 0, 1, 2, 1, 0, 2, 1, 0, 0, 0, 0, 1, 0, 0, 2, 0, 1, 0, 0, 1, 0, 2]|[4, 3, 2, 2, 0, 0, 2, 2, 2, 4, 1, 1, 2, 4, 4, 1, 2, 4, 2, 1, 1, 1, 1, 2, 1, 2, 1, 1, 1, 1, 3, 2, 3, 0, 4, 0, 1, 1, 0, 3, 2, 2, 4, 0, 1, 1, 0, 2, 0, 1, 2, 2, 1, 4, 0, 3, 2, 1, 1, 2, 1, 3, 1, 1, 1, 3, 0, 4, 3, 1, 4, 1, 1, 2, 4, 4, 2, 1, 1, 3, 1, 3, 1, 1, 1, 1, 1, 1, 2, 3, 1, 2, 1, 1, 1, 2, 2, 3, 2, 1]|[0, 2, 1, 1, 3, 3, 0, 1, 0, 0, 0, 0, 1, 0, 1, 0, 0, 3, 1, 0, 0, 0, 3, 1, 0, 2, 0, 0, 0, 1, 0, 0, 0, 0, 3, 0, 1, 0, 0, 2, 1, 1, 2, 0, 0, 0, 0, 1, 1, 0, 0, 0, 1, 3, 0, 0, 1, 0, 0, 1, 0, 2, 0, 1, 0, 2, 1, 0, 0, 1, 1, 3, 1, 1, 3, 3, 1, 0, 0, 2, 0, 0, 0, 0, 1, 0, 0, 0, 1, 2, 0, 1, 0, 1, 1, 0, 0, 0, 0, 0],802.1274951829081,57956.38699448537,89691.2003308727,false
28,G1_CMAX,G1_CMAX,[31, 22, 82, 15, 26, 99, 95, 42, 77, 12, 47, 5, 93, 78, 86, 54, 21, 63, 18, 44, 20, 35, 43, 97, 91, 76, 10, 30, 85, 45, 71, 64, 1, 23, 17, 83, 24, 14, 60, 36, 6, 57, 40, 88, 65, 56, 79, 94, 67, 68, 46, 75, 38, 9, 19, 32, 41, 81, 27, 87, 90, 58, 59, 11, 16, 72, 73, 70, 39, 37, 84, 3, 92, 25, 55, 48, 62, 29, 51, 7, 33, 61, 98, 28, 89, 50, 4, 96, 53, 80, 8, 66, 34, 49, 52, 0, 74, 69, 2, 13]|[1, 1, 0, 1, 1, 0, 1, 1, 2, 1, 2, 2, 2, 1, 1, 0, 0, 1, 0, 2, 2, 0, 1, 2, 0, 1, 2, 2, 0, 0, 1, 2, 1, 2, 1, 0, 2, 0, 1, 1, 0, 1, 1, 1, 0, 2, 1, 1, 0, 0, 0, 0, 1, 1, 2, 1, 0, 2, 0, 2, 1, 0, 1, 2, 1, 2, 1, 1, 1, 1, 1, 1, 0, 1, 2, 0, 0, 0, 0, 1, 2, 1, 2, 0, 1, 0, 1, 2, 0, 0, 1, 2, 2, 0, 1, 0, 2, 1, 0, 0]|[0, 3, 2, 2, 4, 1, 2, 3, 2, 4, 1, 1, 2, 4, 4, 1, 1, 4, 2, 1, 1, 1, 1, 2, 1, 2, 1, 1, 2, 1, 3, 2, 3, 1, 4, 0, 1, 1, 0, 3, 2, 2, 2, 0, 1, 1, 0, 4, 0, 1, 2, 2, 1, 4, 0, 3, 1, 1, 1, 1, 3, 1, 1, 1, 3, 0, 4, 3, 1, 4, 1, 1, 0, 4, 1, 1, 2, 1, 1, 1, 1, 3, 1, 2, 1, 1, 4, 1, 2, 1, 3, 1, 1, 1, 1, 2, 1, 4, 2, 2]|[0, 2, 1, 1, 3, 0, 1, 3, 0, 0, 0, 0, 1, 0, 1, 0, 0, 3, 1, 0, 0, 0, 3, 1, 0, 2, 0, 0, 0, 1, 0, 0, 0, 0, 3, 0, 1, 0, 0, 2, 1, 1, 1, 0, 0, 0, 0, 2, 1, 0, 0, 0, 1, 3, 0, 0, 0, 0, 0, 0, 2, 0, 1, 0, 2, 1, 0, 0, 1, 1, 3, 1, 1, 3, 0, 0, 1, 0, 0, 2, 0, 0, 0, 1, 1, 0, 0, 0, 1, 0, 2, 0, 0, 1, 1, 0, 0, 2, 0, 0],731.2476204416437,56806.84376103422,93275.64763277225,false
28,G4_BALANCED,G4_BALANCED,[31, 22, 82, 15, 26, 58, 95, 42, 77, 12, 47, 5, 93, 78, 86, 54, 85, 63, 18, 72, 20, 35, 43, 97, 91, 76, 10, 30, 21, 45, 71, 64, 1, 23, 17, 83, 24, 14, 60, 36, 6, 57, 40, 88, 65, 56, 79, 94, 67, 41, 68, 75, 38, 9, 19, 32, 81, 55, 27, 62, 87, 90, 99, 59, 11, 16, 44, 73, 70, 39, 37, 84, 3, 92, 25, 34, 28, 29, 51, 7, 66, 61, 98, 48, 89, 50, 4, 96, 53, 80, 8, 33, 46, 2, 52, 49, 0, 69, 74, 13]|[1, 1, 0, 1, 1, 0, 1, 2, 2, 1, 2, 2, 2, 1, 1, 0, 0, 1, 0, 2, 2, 0, 0, 2, 0, 1, 2, 2, 0, 0, 1, 2, 1, 2, 1, 0, 2, 0, 1, 1, 0, 1, 1, 1, 0, 2, 1, 1, 0, 0, 0, 0, 1, 1, 2, 1, 2, 0, 0, 0, 2, 1, 0, 1, 2, 1, 2, 1, 1, 1, 1, 1, 1, 0, 1, 2, 2, 0, 0, 1, 2, 1, 2, 0, 1, 0, 1, 2, 0, 0, 1, 2, 0, 0, 1, 0, 0, 1, 2, 0]|[4, 3, 2, 2, 4, 1, 2, 2, 2, 4, 1, 1, 2, 4, 4, 1, 2, 4, 2, 1, 1, 1, 1, 2, 1, 2, 1, 1, 1, 1, 3, 2, 3, 1, 4, 0, 1, 1, 0, 3, 2, 2, 2, 0, 1, 1, 0, 4, 0, 1, 1, 2, 1, 4, 0, 3, 2, 1, 1, 2, 1, 3, 1, 1, 1, 3, 1, 4, 3, 1, 4, 1, 1, 0, 4, 1, 1, 1, 1, 1, 1, 3, 1, 1, 1, 1, 4, 1, 2, 1, 3, 1, 2, 2, 1, 1, 2, 4, 1, 2]|[0, 2, 1, 1, 3, 0, 1, 0, 0, 0, 0, 0, 1, 0, 1, 0, 0, 3, 1, 0, 0, 0, 0, 1, 0, 2, 0, 0, 0, 1, 0, 0, 0, 0, 3, 0, 1, 0, 0, 2, 1, 1, 1, 0, 0, 0, 0, 2, 1, 0, 0, 0, 1, 3, 0, 0, 1, 0, 0, 1, 0, 2, 0, 1, 0, 2, 0, 0, 0, 1, 1, 3, 1, 1, 3, 0, 0, 0, 0, 2, 0, 0, 0, 0, 1, 0, 0, 0, 1, 0, 2, 0, 0, 0, 1, 1, 0, 2, 0, 0],784.1481185900863,55756.271812642575,96112.54558848144,false
28,G2_TEC,G2_TEC,[31, 22, 82, 15, 26, 9, 95, 42, 77, 68, 47, 5, 93, 78, 86, 54, 85, 63, 18, 44, 20, 49, 36, 14, 74, 50, 53, 17, 21, 28, 11, 64, 3, 23, 30, 83, 24, 41, 40, 52, 65, 27, 90, 70, 39, 87, 48, 69, 99, 4, 46, 1, 13, 58, 97, 59, 45, 8, 73, 37, 35, 79, 71, 66, 76, 32, 60, 80, 96, 6, 16, 61, 33, 7, 57, 34, 12, 67, 10, 98, 56, 88, 43, 75, 91, 38, 19, 92, 29, 84, 2, 72, 81, 25, 51, 55, 62, 89, 94, 0]|[2, 1, 2, 1, 1, 2, 1, 1, 1, 1, 1, 0, 2, 2, 1, 2, 0, 0, 0, 2, 2, 1, 0, 2, 0, 2, 2, 1, 0, 1, 1, 1, 0, 0, 1, 0, 2, 1, 2, 2, 0, 0, 1, 1, 0, 2, 0, 2, 1, 0, 0, 2, 0, 0, 2, 0, 1, 1, 0, 0, 2, 1, 1, 2, 2, 0, 2, 2, 0, 1, 2, 1, 1, 2, 0, 1, 1, 1, 1, 2, 2, 1, 1, 0, 1, 0, 1, 0, 1, 0, 2, 1, 1, 1, 1, 0, 1, 1, 2, 0]|[0, 3, 0, 3, 4, 1, 4, 4, 2, 4, 3, 2, 1, 0, 2, 1, 1, 1, 2, 1, 1, 3, 0, 1, 0, 1, 1, 4, 1, 4, 3, 2, 2, 0, 4, 1, 1, 4, 1, 1, 2, 1, 4, 4, 1, 1, 0, 2, 3, 2, 2, 1, 2, 1, 1, 2, 4, 3, 0, 2, 2, 3, 3, 0, 1, 2, 1, 1, 2, 4, 1, 3, 4, 1, 2, 4, 3, 3, 3, 1, 1, 4, 4, 2, 3, 2, 4, 2, 3, 2, 1, 4, 4, 4, 3, 2, 3, 4, 1, 2]|[0, 2, 0, 0, 3, 0, 1, 3, 0, 0, 2, 0, 1, 0, 1, 0, 0, 0, 1, 0, 0, 2, 0, 0, 1, 0, 0, 3, 0, 1, 0, 2, 0, 0, 3, 0, 1, 3, 0, 0, 0, 0, 1, 3, 0, 0, 1, 0, 2, 0, 0, 0, 0, 0, 1, 0, 1, 0, 1, 1, 0, 2, 0, 0, 0, 0, 0, 0, 0, 2, 0, 0, 1, 0, 0, 1, 0, 0, 3, 0, 0, 1, 2, 0, 0, 0, 1, 0, 3, 0, 0, 2, 1, 3, 0, 0, 0, 1, 0, 0],884.1935202920454,50174.268870086526,113547.00447605085,false
28,G3_TWC,G3_TWC,[31, 22, 82, 15, 26, 58, 95, 42, 77, 12, 47, 5, 93, 78, 98, 54, 85, 63, 18, 44, 20, 35, 43, 97, 91, 76, 10, 30, 21, 45, 71, 64, 1, 23, 17, 83, 24, 14, 60, 36, 6, 57, 94, 88, 65, 56, 79, 40, 67, 68, 46, 75, 38, 9, 19, 32, 81, 41, 27, 62, 87, 90, 99, 59, 11, 16, 72, 73, 70, 39, 37, 84, 3, 92, 25, 55, 28, 29, 51, 7, 33, 61, 86, 66, 89, 50, 48, 96, 53, 8, 80, 4, 34, 49, 52, 0, 13, 69, 2, 74]|[1, 1, 0, 1, 1, 1, 2, 1, 2, 1, 2, 2, 2, 1, 1, 0, 0, 1, 0, 2, 2, 0, 1, 2, 0, 1, 2, 2, 0, 0, 1, 2, 1, 2, 1, 0, 2, 0, 1, 1, 0, 1, 1, 1, 0, 2, 1, 1, 0, 0, 0, 0, 1, 1, 2, 1, 2, 0, 0, 0, 2, 1, 0, 1, 2, 1, 2, 1, 1, 1, 1, 1, 1, 0, 1, 1, 0, 0, 0, 1, 2, 1, 0, 2, 1, 0, 0, 0, 0, 1, 0, 0, 2, 0, 1, 0, 0, 1, 0, 2]|[4, 3, 2, 2, 0, 0, 2, 2, 2, 4, 1, 1, 2, 4, 4, 1, 2, 4, 2, 1, 1, 1, 1, 2, 1, 2, 1, 1, 1, 1, 3, 2, 3, 0, 4, 0, 1, 1, 0, 3, 2, 2, 4, 0, 1, 1, 0, 2, 0, 1, 2, 2, 1, 4, 0, 3, 2, 1, 1, 2, 1, 3, 1, 1, 1, 3, 0, 4, 3, 1, 4, 1, 1, 2, 4, 4, 2, 1, 1, 3, 1, 3, 1, 1, 1, 1, 1, 1, 2, 3, 1, 2, 1, 1, 1, 2, 2, 3, 2, 1]|[0, 2, 1, 1, 3, 3, 0, 1, 0, 0, 0, 0, 1, 0, 1, 0, 0, 3, 1, 0, 0, 0, 3, 1, 0, 2, 0, 0, 0, 1, 0, 0, 0, 0, 3, 0, 1, 0, 0, 2, 1, 1, 2, 0, 0, 0, 0, 1, 1, 0, 0, 0, 1, 3, 0, 0, 1, 0, 0, 1, 0, 2, 0, 1, 0, 2, 1, 0, 0, 1, 1, 3, 1, 1, 3, 3, 1, 0, 0, 2, 0, 0, 0, 0, 1, 0, 0, 0, 1, 2, 0, 1, 0, 1, 1, 0, 0, 0, 0, 0],802.1274951829081,57956.38699448537,89691.2003308727,false
28,G1_CMAX,G1_CMAX,[31, 22, 82, 15, 26, 99, 95, 42, 77, 12, 47, 5, 93, 78, 86, 54, 21, 63, 18, 44, 20, 35, 43, 97, 91, 76, 10, 30, 85, 45, 71, 64, 1, 23, 17, 83, 24, 14, 60, 36, 6, 57, 40, 88, 65, 56, 79, 94, 67, 68, 46, 75, 38, 9, 19, 32, 41, 81, 27, 87, 90, 58, 59, 11, 16, 72, 73, 70, 39, 37, 84, 3, 92, 25, 55, 48, 62, 29, 51, 7, 33, 61, 98, 28, 89, 50, 4, 96, 53, 80, 8, 66, 34, 49, 52, 0, 74, 69, 2, 13]|[1, 1, 0, 1, 1, 0, 1, 1, 2, 1, 2, 2, 2, 1, 1, 0, 0, 1, 0, 2, 2, 0, 1, 2, 0, 1, 2, 2, 0, 0, 1, 2, 1, 2, 1, 0, 2, 0, 1, 1, 0, 1, 1, 1, 0, 2, 1, 1, 0, 0, 0, 0, 1, 1, 2, 1, 0, 2, 0, 2, 1, 0, 1, 2, 1, 2, 1, 1, 1, 1, 1, 1, 0, 1, 2, 0, 0, 0, 0, 1, 2, 1, 2, 0, 1, 0, 1, 2, 0, 0, 1, 2, 2, 0, 1, 0, 2, 1, 0, 0]|[0, 3, 2, 2, 4, 1, 2, 3, 2, 4, 1, 1, 2, 4, 4, 1, 1, 4, 2, 1, 1, 1, 1, 2, 1, 2, 1, 1, 2, 1, 3, 2, 3, 1, 4, 0, 1, 1, 0, 3, 2, 2, 2, 0, 1, 1, 0, 4, 0, 1, 2, 2, 1, 4, 0, 3, 1, 1, 1, 1, 3, 1, 1, 1, 3, 0, 4, 3, 1, 4, 1, 1, 0, 4, 1, 1, 2, 1, 1, 1, 1, 3, 1, 2, 1, 1, 4, 1, 2, 1, 3, 1, 1, 1, 1, 2, 1, 4, 2, 2]|[0, 2, 1, 1, 3, 0, 1, 3, 0, 0, 0, 0, 1, 0, 1, 0, 0, 3, 1, 0, 0, 0, 3, 1, 0, 2, 0, 0, 0, 1, 0, 0, 0, 0, 3, 0, 1, 0, 0, 2, 1, 1, 1, 0, 0, 0, 0, 2, 1, 0, 0, 0, 1, 3, 0, 0, 0, 0, 0, 0, 2, 0, 1, 0, 2, 1, 0, 0, 1, 1, 3, 1, 1, 3, 0, 0, 1, 0, 0, 2, 0, 0, 0, 1, 1, 0, 0, 0, 1, 0, 2, 0, 0, 1, 1, 0, 0, 2, 0, 0],731.2476204416437,56806.84376103422,93275.64763277225,false
28,G4_BALANCED,G4_BALANCED,[31, 22, 82, 15, 26, 58, 95, 42, 77, 12, 47, 5, 93, 78, 86, 54, 85, 63, 18, 72, 20, 35, 43, 97, 91, 76, 10, 30, 21, 45, 71, 64, 1, 23, 17, 83, 24, 14, 60, 36, 6, 57, 40, 88, 65, 56, 79, 94, 67, 41, 68, 75, 38, 9, 19, 32, 81, 55, 27, 62, 87, 90, 99, 59, 11, 16, 44, 73, 70, 39, 37, 84, 3, 92, 25, 34, 28, 29, 51, 7, 66, 61, 98, 48, 89, 50, 4, 96, 53, 80, 8, 33, 46, 2, 52, 49, 0, 69, 74, 13]|[1, 1, 0, 1, 1, 0, 1, 2, 2, 1, 2, 2, 2, 1, 1, 0, 0, 1, 0, 2, 2, 0, 0, 2, 0, 1, 2, 2, 0, 0, 1, 2, 1, 2, 1, 0, 2, 0, 1, 1, 0, 1, 1, 1, 0, 2, 1, 1, 0, 0, 0, 0, 1, 1, 2, 1, 2, 0, 0, 0, 2, 1, 0, 1, 2, 1, 2, 1, 1, 1, 1, 1, 1, 0, 1, 2, 2, 0, 0, 1, 2, 1, 2, 0, 1, 0, 1, 2, 0, 0, 1, 2, 0, 0, 1, 0, 0, 1, 2, 0]|[4, 3, 2, 2, 4, 1, 2, 2, 2, 4, 1, 1, 2, 4, 4, 1, 2, 4, 2, 1, 1, 1, 1, 2, 1, 2, 1, 1, 1, 1, 3, 2, 3, 1, 4, 0, 1, 1, 0, 3, 2, 2, 2, 0, 1, 1, 0, 4, 0, 1, 1, 2, 1, 4, 0, 3, 2, 1, 1, 2, 1, 3, 1, 1, 1, 3, 1, 4, 3, 1, 4, 1, 1, 0, 4, 1, 1, 1, 1, 1, 1, 3, 1, 1, 1, 1, 4, 1, 2, 1, 3, 1, 2, 2, 1, 1, 2, 4, 1, 2]|[0, 2, 1, 1, 3, 0, 1, 0, 0, 0, 0, 0, 1, 0, 1, 0, 0, 3, 1, 0, 0, 0, 0, 1, 0, 2, 0, 0, 0, 1, 0, 0, 0, 0, 3, 0, 1, 0, 0, 2, 1, 1, 1, 0, 0, 0, 0, 2, 1, 0, 0, 0, 1, 3, 0, 0, 1, 0, 0, 1, 0, 2, 0, 1, 0, 2, 0, 0, 0, 1, 1, 3, 1, 1, 3, 0, 0, 0, 0, 2, 0, 0, 0, 0, 1, 0, 0, 0, 1, 0, 2, 0, 0, 0, 1, 1, 0, 2, 0, 0],784.1481185900863,55756.271812642575,96112.54558848144,false
28,G2_TEC,G2_TEC,[31, 22, 82, 15, 26, 9, 95, 42, 77, 68, 47, 5, 93, 78, 86, 54, 85, 63, 18, 44, 20, 49, 36, 14, 74, 50, 53, 17, 21, 28, 11, 64, 3, 23, 30, 83, 24, 41, 40, 52, 65, 27, 90, 70, 39, 87, 48, 69, 99, 4, 46, 1, 13, 58, 97, 59, 45, 8, 73, 37, 35, 79, 71, 66, 76, 32, 60, 80, 96, 6, 16, 61, 33, 7, 57, 34, 12, 67, 10, 98, 56, 88, 43, 75, 91, 38, 19, 92, 29, 84, 2, 72, 81, 25, 51, 55, 62, 89, 94, 0]|[2, 1, 2, 1, 1, 2, 1, 1, 1, 1, 1, 0, 2, 2, 1, 2, 0, 0, 0, 2, 2, 1, 0, 2, 0, 2, 2, 1, 0, 1, 1, 1, 0, 0, 1, 0, 2, 1, 2, 2, 0, 0, 1, 1, 0, 2, 0, 2, 1, 0, 0, 2, 0, 0, 2, 0, 1, 1, 0, 0, 2, 1, 1, 2, 2, 0, 2, 2, 0, 1, 2, 1, 1, 2, 0, 1, 1, 1, 1, 2, 2, 1, 1, 0, 1, 0, 1, 0, 1, 0, 2, 1, 1, 1, 1, 0, 1, 1, 2, 0]|[0, 3, 0, 3, 4, 1, 4, 4, 2, 4, 3, 2, 1, 0, 2, 1, 1, 1, 2, 1, 1, 3, 0, 1, 0, 1, 1, 4, 1, 4, 3, 2, 2, 0, 4, 1, 1, 4, 1, 1, 2, 1, 4, 4, 1, 1, 0, 2, 3, 2, 2, 1, 2, 1, 1, 2, 4, 3, 0, 2, 2, 3, 3, 0, 1, 2, 1, 1, 2, 4, 1, 3, 4, 1, 2, 4, 3, 3, 3, 1, 1, 4, 4, 2, 3, 2, 4, 2, 3, 2, 1, 4, 4, 4, 3, 2, 3, 4, 1, 2]|[0, 2, 0, 0, 3, 0, 1, 3, 0, 0, 2, 0, 1, 0, 1, 0, 0, 0, 1, 0, 0, 2, 0, 0, 1, 0, 0, 3, 0, 1, 0, 2, 0, 0, 3, 0, 1, 3, 0, 0, 0, 0, 1, 3, 0, 0, 1, 0, 2, 0, 0, 0, 0, 0, 1, 0, 1, 0, 1, 1, 0, 2, 0, 0, 0, 0, 0, 0, 0, 2, 0, 0, 1, 0, 0, 1, 0, 0, 3, 0, 0, 1, 2, 0, 0, 0, 1, 0, 3, 0, 0, 2, 1, 3, 0, 0, 0, 1, 0, 0],884.1935202920454,50174.268870086526,113547.00447605085,false
28,G3_TWC,G3_TWC,[31, 22, 82, 15, 26, 58, 95, 42, 77, 12, 47, 5, 93, 78, 98, 54, 85, 63, 18, 44, 20, 35, 43, 97, 91, 76, 10, 30, 21, 45, 71, 64, 1, 23, 17, 83, 24, 14, 60, 36, 6, 57, 94, 88, 65, 56, 79, 40, 67, 68, 46, 75, 38, 9, 19, 32, 81, 41, 27, 62, 87, 90, 99, 59, 11, 16, 72, 73, 70, 39, 37, 84, 3, 92, 25, 55, 28, 29, 51, 7, 33, 61, 86, 66, 89, 50, 48, 96, 53, 8, 80, 4, 34, 49, 52, 0, 13, 69, 2, 74]|[1, 1, 0, 1, 1, 1, 2, 1, 2, 1, 2, 2, 2, 1, 1, 0, 0, 1, 0, 2, 2, 0, 1, 2, 0, 1, 2, 2, 0, 0, 1, 2, 1, 2, 1, 0, 2, 0, 1, 1, 0, 1, 1, 1, 0, 2, 1, 1, 0, 0, 0, 0, 1, 1, 2, 1, 2, 0, 0, 0, 2, 1, 0, 1, 2, 1, 2, 1, 1, 1, 1, 1, 1, 0, 1, 1, 0, 0, 0, 1, 2, 1, 0, 2, 1, 0, 0, 0, 0, 1, 0, 0, 2, 0, 1, 0, 0, 1, 0, 2]|[4, 3, 2, 2, 0, 0, 2, 2, 2, 4, 1, 1, 2, 4, 4, 1, 2, 4, 2, 1, 1, 1, 1, 2, 1, 2, 1, 1, 1, 1, 3, 2, 3, 0, 4, 0, 1, 1, 0, 3, 2, 2, 4, 0, 1, 1, 0, 2, 0, 1, 2, 2, 1, 4, 0, 3, 2, 1, 1, 2, 1, 3, 1, 1, 1, 3, 0, 4, 3, 1, 4, 1, 1, 2, 4, 4, 2, 1, 1, 3, 1, 3, 1, 1, 1, 1, 1, 1, 2, 3, 1, 2, 1, 1, 1, 2, 2, 3, 2, 1]|[0, 2, 1, 1, 3, 3, 0, 1, 0, 0, 0, 0, 1, 0, 1, 0, 0, 3, 1, 0, 0, 0, 3, 1, 0, 2, 0, 0, 0, 1, 0, 0, 0, 0, 3, 0, 1, 0, 0, 2, 1, 1, 2, 0, 0, 0, 0, 1, 1, 0, 0, 0, 1, 3, 0, 0, 1, 0, 0, 1, 0, 2, 0, 1, 0, 2, 1, 0, 0, 1, 1, 3, 1, 1, 3, 3, 1, 0, 0, 2, 0, 0, 0, 0, 1, 0, 0, 0, 1, 2, 0, 1, 0, 1, 1, 0, 0, 0, 0, 0],802.1274951829081,57956.38699448537,89691.2003308727,false
28,G1_CMAX,G1_CMAX,[31, 22, 82, 15, 26, 99, 95, 42, 77, 12, 47, 5, 93, 78, 86, 54, 21, 63, 18, 44, 20, 35, 43, 97, 91, 76, 10, 30, 85, 45, 71, 64, 1, 23, 17, 83, 24, 14, 60, 36, 6, 57, 40, 88, 65, 56, 79, 94, 67, 68, 46, 75, 38, 9, 19, 32, 41, 81, 27, 87, 90, 58, 59, 11, 16, 72, 73, 70, 39, 37, 84, 3, 92, 25, 55, 48, 62, 29, 51, 7, 33, 61, 98, 28, 89, 50, 4, 96, 53, 80, 8, 66, 34, 49, 52, 0, 74, 69, 2, 13]|[1, 1, 0, 1, 1, 0, 1, 1, 2, 1, 2, 2, 2, 1, 1, 0, 0, 1, 0, 2, 2, 0, 1, 2, 0, 1, 2, 2, 0, 0, 1, 2, 1, 2, 1, 0, 2, 0, 1, 1, 0, 1, 1, 1, 0, 2, 1, 1, 0, 0, 0, 0, 1, 1, 2, 1, 0, 2, 0, 2, 1, 0, 1, 2, 1, 2, 1, 1, 1, 1, 1, 1, 0, 1, 2, 0, 0, 0, 0, 1, 2, 1, 2, 0, 1, 0, 1, 2, 0, 0, 1, 2, 2, 0, 1, 0, 2, 1, 0, 0]|[0, 3, 2, 2, 4, 1, 2, 3, 2, 4, 1, 1, 2, 4, 4, 1, 1, 4, 2, 1, 1, 1, 1, 2, 1, 2, 1, 1, 2, 1, 3, 2, 3, 1, 4, 0, 1, 1, 0, 3, 2, 2, 2, 0, 1, 1, 0, 4, 0, 1, 2, 2, 1, 4, 0, 3, 1, 1, 1, 1, 3, 1, 1, 1, 3, 0, 4, 3, 1, 4, 1, 1, 0, 4, 1, 1, 2, 1, 1, 1, 1, 3, 1, 2, 1, 1, 4, 1, 2, 1, 3, 1, 1, 1, 1, 2, 1, 4, 2, 2]|[0, 2, 1, 1, 3, 0, 1, 3, 0, 0, 0, 0, 1, 0, 1, 0, 0, 3, 1, 0, 0, 0, 3, 1, 0, 2, 0, 0, 0, 1, 0, 0, 0, 0, 3, 0, 1, 0, 0, 2, 1, 1, 1, 0, 0, 0, 0, 2, 1, 0, 0, 0, 1, 3, 0, 0, 0, 0, 0, 0, 2, 0, 1, 0, 2, 1, 0, 0, 1, 1, 3, 1, 1, 3, 0, 0, 1, 0, 0, 2, 0, 0, 0, 1, 1, 0, 0, 0, 1, 0, 2, 0, 0, 1, 1, 0, 0, 2, 0, 0],731.2476204416437,56806.84376103422,93275.64763277225,false
28,G4_BALANCED,G4_BALANCED,[31, 22, 82, 15, 26, 58, 95, 42, 77, 12, 47, 5, 93, 78, 86, 54, 85, 63, 18, 72, 20, 35, 43, 97, 91, 76, 10, 30, 21, 45, 71, 64, 1, 23, 17, 83, 24, 14, 60, 36, 6, 57, 40, 88, 65, 56, 79, 94, 67, 41, 68, 75, 38, 9, 19, 32, 81, 55, 27, 62, 87, 90, 99, 59, 11, 16, 44, 73, 70, 39, 37, 84, 3, 92, 25, 34, 28, 29, 51, 7, 66, 61, 98, 48, 89, 50, 4, 96, 53, 80, 8, 33, 46, 2, 52, 49, 0, 69, 74, 13]|[1, 1, 0, 1, 1, 0, 1, 2, 2, 1, 2, 2, 2, 1, 1, 0, 0, 1, 0, 2, 2, 0, 0, 2, 0, 1, 2, 2, 0, 0, 1, 2, 1, 2, 1, 0, 2, 0, 1, 1, 0, 1, 1, 1, 0, 2, 1, 1, 0, 0, 0, 0, 1, 1, 2, 1, 2, 0, 0, 0, 2, 1, 0, 1, 2, 1, 2, 1, 1, 1, 1, 1, 1, 0, 1, 2, 2, 0, 0, 1, 2, 1, 2, 0, 1, 0, 1, 2, 0, 0, 1, 2, 0, 0, 1, 0, 0, 1, 2, 0]|[4, 3, 2, 2, 4, 1, 2, 2, 2, 4, 1, 1, 2, 4, 4, 1, 2, 4, 2, 1, 1, 1, 1, 2, 1, 2, 1, 1, 1, 1, 3, 2, 3, 1, 4, 0, 1, 1, 0, 3, 2, 2, 2, 0, 1, 1, 0, 4, 0, 1, 1, 2, 1, 4, 0, 3, 2, 1, 1, 2, 1, 3, 1, 1, 1, 3, 1, 4, 3, 1, 4, 1, 1, 0, 4, 1, 1, 1, 1, 1, 1, 3, 1, 1, 1, 1, 4, 1, 2, 1, 3, 1, 2, 2, 1, 1, 2, 4, 1, 2]|[0, 2, 1, 1, 3, 0, 1, 0, 0, 0, 0, 0, 1, 0, 1, 0, 0, 3, 1, 0, 0, 0, 0, 1, 0, 2, 0, 0, 0, 1, 0, 0, 0, 0, 3, 0, 1, 0, 0, 2, 1, 1, 1, 0, 0, 0, 0, 2, 1, 0, 0, 0, 1, 3, 0, 0, 1, 0, 0, 1, 0, 2, 0, 1, 0, 2, 0, 0, 0, 1, 1, 3, 1, 1, 3, 0, 0, 0, 0, 2, 0, 0, 0, 0, 1, 0, 0, 0, 1, 0, 2, 0, 0, 0, 1, 1, 0, 2, 0, 0],784.1481185900863,55756.271812642575,96112.54558848144,false
28,G2_TEC,G2_TEC,[31, 22, 82, 15, 26, 9, 95, 42, 77, 68, 47, 5, 93, 78, 86, 54, 85, 63, 18, 44, 20, 49, 36, 14, 74, 50, 53, 17, 21, 28, 11, 64, 3, 23, 30, 83, 24, 41, 40, 52, 65, 27, 90, 70, 39, 87, 48, 69, 99, 4, 46, 1, 13, 58, 97, 59, 45, 8, 73, 37, 35, 79, 71, 66, 76, 32, 60, 80, 96, 6, 16, 61, 33, 7, 57, 34, 12, 67, 10, 98, 56, 88, 43, 75, 91, 38, 19, 92, 29, 84, 2, 72, 81, 25, 51, 55, 62, 89, 94, 0]|[2, 1, 2, 1, 1, 2, 1, 1, 1, 1, 1, 0, 2, 2, 1, 2, 0, 0, 0, 2, 2, 1, 0, 2, 0, 2, 2, 1, 0, 1, 1, 1, 0, 0, 1, 0, 2, 1, 2, 2, 0, 0, 1, 1, 0, 2, 0, 2, 1, 0, 0, 2, 0, 0, 2, 0, 1, 1, 0, 0, 2, 1, 1, 2, 2, 0, 2, 2, 0, 1, 2, 1, 1, 2, 0, 1, 1, 1, 1, 2, 2, 1, 1, 0, 1, 0, 1, 0, 1, 0, 2, 1, 1, 1, 1, 0, 1, 1, 2, 0]|[0, 3, 0, 3, 4, 1, 4, 4, 2, 4, 3, 2, 1, 0, 2, 1, 1, 1, 2, 1, 1, 3, 0, 1, 0, 1, 1, 4, 1, 4, 3, 2, 2, 0, 4, 1, 1, 4, 1, 1, 2, 1, 4, 4, 1, 1, 0, 2, 3, 2, 2, 1, 2, 1, 1, 2, 4, 3, 0, 2, 2, 3, 3, 0, 1, 2, 1, 1, 2, 4, 1, 3, 4, 1, 2, 4, 3, 3, 3, 1, 1, 4, 4, 2, 3, 2, 4, 2, 3, 2, 1, 4, 4, 4, 3, 2, 3, 4, 1, 2]|[0, 2, 0, 0, 3, 0, 1, 3, 0, 0, 2, 0, 1, 0, 1, 0, 0, 0, 1, 0, 0, 2, 0, 0, 1, 0, 0, 3, 0, 1, 0, 2, 0, 0, 3, 0, 1, 3, 0, 0, 0, 0, 1, 3, 0, 0, 1, 0, 2, 0, 0, 0, 0, 0, 1, 0, 1, 0, 1, 1, 0, 2, 0, 0, 0, 0, 0, 0, 0, 2, 0, 0, 1, 0, 0, 1, 0, 0, 3, 0, 0, 1, 2, 0, 0, 0, 1, 0, 3, 0, 0, 2, 1, 3, 0, 0, 0, 1, 0, 0],884.1935202920454,50174.268870086526,113547.00447605085,false
28,G3_TWC,G3_TWC,[31, 22, 82, 15, 26, 58, 95, 42, 77, 12, 47, 5, 93, 78, 98, 54, 85, 63, 18, 44, 20, 35, 43, 97, 91, 76, 10, 30, 21, 45, 71, 64, 1, 23, 17, 83, 24, 14, 60, 36, 6, 57, 94, 88, 65, 56, 79, 40, 67, 68, 46, 75, 38, 9, 19, 32, 81, 41, 27, 62, 87, 90, 99, 59, 11, 16, 72, 73, 70, 39, 37, 84, 3, 92, 25, 55, 28, 29, 51, 7, 33, 61, 86, 66, 89, 50, 48, 96, 53, 8, 80, 4, 34, 49, 52, 0, 13, 69, 2, 74]|[1, 1, 0, 1, 1, 1, 2, 1, 2, 1, 2, 2, 2, 1, 1, 0, 0, 1, 0, 2, 2, 0, 1, 2, 0, 1, 2, 2, 0, 0, 1, 2, 1, 2, 1, 0, 2, 0, 1, 1, 0, 1, 1, 1, 0, 2, 1, 1, 0, 0, 0, 0, 1, 1, 2, 1, 2, 0, 0, 0, 2, 1, 0, 1, 2, 1, 2, 1, 1, 1, 1, 1, 1, 0, 1, 1, 0, 0, 0, 1, 2, 1, 0, 2, 1, 0, 0, 0, 0, 1, 0, 0, 2, 0, 1, 0, 0, 1, 0, 2]|[4, 3, 2, 2, 0, 0, 2, 2, 2, 4, 1, 1, 2, 4, 4, 1, 2, 4, 2, 1, 1, 1, 1, 2, 1, 2, 1, 1, 1, 1, 3, 2, 3, 0, 4, 0, 1, 1, 0, 3, 2, 2, 4, 0, 1, 1, 0, 2, 0, 1, 2, 2, 1, 4, 0, 3, 2, 1, 1, 2, 1, 3, 1, 1, 1, 3, 0, 4, 3, 1, 4, 1, 1, 2, 4, 4, 2, 1, 1, 3, 1, 3, 1, 1, 1, 1, 1, 1, 2, 3, 1, 2, 1, 1, 1, 2, 2, 3, 2, 1]|[0, 2, 1, 1, 3, 3, 0, 1, 0, 0, 0, 0, 1, 0, 1, 0, 0, 3, 1, 0, 0, 0, 3, 1, 0, 2, 0, 0, 0, 1, 0, 0, 0, 0, 3, 0, 1, 0, 0, 2, 1, 1, 2, 0, 0, 0, 0, 1, 1, 0, 0, 0, 1, 3, 0, 0, 1, 0, 0, 1, 0, 2, 0, 1, 0, 2, 1, 0, 0, 1, 1, 3, 1, 1, 3, 3, 1, 0, 0, 2, 0, 0, 0, 0, 1, 0, 0, 0, 1, 2, 0, 1, 0, 1, 1, 0, 0, 0, 0, 0],802.1274951829081,57956.38699448537,89691.2003308727,false
28,G1_CMAX,G1_CMAX,[31, 22, 82, 15, 26, 99, 95, 42, 77, 12, 47, 5, 93, 78, 86, 54, 21, 63, 18, 44, 20, 35, 43, 97, 91, 76, 10, 30, 85, 45, 71, 64, 1, 23, 17, 83, 24, 14, 60, 36, 6, 57, 40, 88, 65, 56, 79, 94, 67, 68, 46, 75, 38, 9, 19, 32, 41, 81, 27, 87, 90, 58, 59, 11, 16, 72, 73, 70, 39, 37, 84, 3, 92, 25, 55, 48, 62, 29, 51, 7, 33, 61, 98, 28, 89, 50, 4, 96, 53, 80, 8, 66, 34, 49, 52, 0, 74, 69, 2, 13]|[1, 1, 0, 1, 1, 0, 1, 1, 2, 1, 2, 2, 2, 1, 1, 0, 0, 1, 0, 2, 2, 0, 1, 2, 0, 1, 2, 2, 0, 0, 1, 2, 1, 2, 1, 0, 2, 0, 1, 1, 0, 1, 1, 1, 0, 2, 1, 1, 0, 0, 0, 0, 1, 1, 2, 1, 0, 2, 0, 2, 1, 0, 1, 2, 1, 2, 1, 1, 1, 1, 1, 1, 0, 1, 2, 0, 0, 0, 0, 1, 2, 1, 2, 0, 1, 0, 1, 2, 0, 0, 1, 2, 2, 0, 1, 0, 2, 1, 0, 0]|[0, 3, 2, 2, 4, 1, 2, 3, 2, 4, 1, 1, 2, 4, 4, 1, 1, 4, 2, 1, 1, 1, 1, 2, 1, 2, 1, 1, 2, 1, 3, 2, 3, 1, 4, 0, 1, 1, 0, 3, 2, 2, 2, 0, 1, 1, 0, 4, 0, 1, 2, 2, 1, 4, 0, 3, 1, 1, 1, 1, 3, 1, 1, 1, 3, 0, 4, 3, 1, 4, 1, 1, 0, 4, 1, 1, 2, 1, 1, 1, 1, 3, 1, 2, 1, 1, 4, 1, 2, 1, 3, 1, 1, 1, 1, 2, 1, 4, 2, 2]|[0, 2, 1, 1, 3, 0, 1, 3, 0, 0, 0, 0, 1, 0, 1, 0, 0, 3, 1, 0, 0, 0, 3, 1, 0, 2, 0, 0, 0, 1, 0, 0, 0, 0, 3, 0, 1, 0, 0, 2, 1, 1, 1, 0, 0, 0, 0, 2, 1, 0, 0, 0, 1, 3, 0, 0, 0, 0, 0, 0, 2, 0, 1, 0, 2, 1, 0, 0, 1, 1, 3, 1, 1, 3, 0, 0, 1, 0, 0, 2, 0, 0, 0, 1, 1, 0, 0, 0, 1, 0, 2, 0, 0, 1, 1, 0, 0, 2, 0, 0],731.2476204416437,56806.84376103422,93275.64763277225,false
28,G4_BALANCED,G4_BALANCED,[31, 22, 82, 15, 26, 58, 95, 42, 77, 12, 47, 5, 93, 78, 86, 54, 85, 63, 18, 72, 20, 35, 43, 97, 91, 76, 10, 30, 21, 45, 71, 64, 1, 23, 17, 83, 24, 14, 60, 36, 6, 57, 40, 88, 65, 56, 79, 94, 67, 41, 68, 75, 38, 9, 19, 32, 81, 55, 27, 62, 87, 90, 99, 59, 11, 16, 44, 73, 70, 39, 37, 84, 3, 92, 25, 34, 28, 29, 51, 7, 66, 61, 98, 48, 89, 50, 4, 96, 53, 80, 8, 33, 46, 2, 52, 49, 0, 69, 74, 13]|[1, 1, 0, 1, 1, 0, 1, 2, 2, 1, 2, 2, 2, 1, 1, 0, 0, 1, 0, 2, 2, 0, 0, 2, 0, 1, 2, 2, 0, 0, 1, 2, 1, 2, 1, 0, 2, 0, 1, 1, 0, 1, 1, 1, 0, 2, 1, 1, 0, 0, 0, 0, 1, 1, 2, 1, 2, 0, 0, 0, 2, 1, 0, 1, 2, 1, 2, 1, 1, 1, 1, 1, 1, 0, 1, 2, 2, 0, 0, 1, 2, 1, 2, 0, 1, 0, 1, 2, 0, 0, 1, 2, 0, 0, 1, 0, 0, 1, 2, 0]|[4, 3, 2, 2, 4, 1, 2, 2, 2, 4, 1, 1, 2, 4, 4, 1, 2, 4, 2, 1, 1, 1, 1, 2, 1, 2, 1, 1, 1, 1, 3, 2, 3, 1, 4, 0, 1, 1, 0, 3, 2, 2, 2, 0, 1, 1, 0, 4, 0, 1, 1, 2, 1, 4, 0, 3, 2, 1, 1, 2, 1, 3, 1, 1, 1, 3, 1, 4, 3, 1, 4, 1, 1, 0, 4, 1, 1, 1, 1, 1, 1, 3, 1, 1, 1, 1, 4, 1, 2, 1, 3, 1, 2, 2, 1, 1, 2, 4, 1, 2]|[0, 2, 1, 1, 3, 0, 1, 0, 0, 0, 0, 0, 1, 0, 1, 0, 0, 3, 1, 0, 0, 0, 0, 1, 0, 2, 0, 0, 0, 1, 0, 0, 0, 0, 3, 0, 1, 0, 0, 2, 1, 1, 1, 0, 0, 0, 0, 2, 1, 0, 0, 0, 1, 3, 0, 0, 1, 0, 0, 1, 0, 2, 0, 1, 0, 2, 0, 0, 0, 1, 1, 3, 1, 1, 3, 0, 0, 0, 0, 2, 0, 0, 0, 0, 1, 0, 0, 0, 1, 0, 2, 0, 0, 0, 1, 1, 0, 2, 0, 0],784.1481185900863,55756.271812642575,96112.54558848144,false
28,G2_TEC,G2_TEC,[31, 22, 82, 15, 26, 9, 95, 42, 77, 68, 47, 5, 93, 78, 86, 54, 85, 63, 18, 44, 20, 49, 36, 14, 74, 50, 53, 17, 21, 28, 11, 64, 3, 23, 30, 83, 24, 41, 40, 52, 65, 27, 90, 70, 39, 87, 48, 69, 99, 4, 46, 1, 13, 58, 97, 59, 45, 8, 73, 37, 35, 79, 71, 66, 76, 32, 60, 80, 96, 6, 16, 61, 33, 7, 57, 34, 12, 67, 10, 98, 56, 88, 43, 75, 91, 38, 19, 92, 29, 84, 2, 72, 81, 25, 51, 55, 62, 89, 94, 0]|[2, 1, 2, 1, 1, 2, 1, 1, 1, 1, 1, 0, 2, 2, 1, 2, 0, 0, 0, 2, 2, 1, 0, 2, 0, 2, 2, 1, 0, 1, 1, 1, 0, 0, 1, 0, 2, 1, 2, 2, 0, 0, 1, 1, 0, 2, 0, 2, 1, 0, 0, 2, 0, 0, 2, 0, 1, 1, 0, 0, 2, 1, 1, 2, 2, 0, 2, 2, 0, 1, 2, 1, 1, 2, 0, 1, 1, 1, 1, 2, 2, 1, 1, 0, 1, 0, 1, 0, 1, 0, 2, 1, 1, 1, 1, 0, 1, 1, 2, 0]|[0, 3, 0, 3, 4, 1, 4, 4, 2, 4, 3, 2, 1, 0, 2, 1, 1, 1, 2, 1, 1, 3, 0, 1, 0, 1, 1, 4, 1, 4, 3, 2, 2, 0, 4, 1, 1, 4, 1, 1, 2, 1, 4, 4, 1, 1, 0, 2, 3, 2, 2, 1, 2, 1, 1, 2, 4, 3, 0, 2, 2, 3, 3, 0, 1, 2, 1, 1, 2, 4, 1, 3, 4, 1, 2, 4, 3, 3, 3, 1, 1, 4, 4, 2, 3, 2, 4, 2, 3, 2, 1, 4, 4, 4, 3, 2, 3, 4, 1, 2]|[0, 2, 0, 0, 3, 0, 1, 3, 0, 0, 2, 0, 1, 0, 1, 0, 0, 0, 1, 0, 0, 2, 0, 0, 1, 0, 0, 3, 0, 1, 0, 2, 0, 0, 3, 0, 1, 3, 0, 0, 0, 0, 1, 3, 0, 0, 1, 0, 2, 0, 0, 0, 0, 0, 1, 0, 1, 0, 1, 1, 0, 2, 0, 0, 0, 0, 0, 0, 0, 2, 0, 0, 1, 0, 0, 1, 0, 0, 3, 0, 0, 1, 2, 0, 0, 0, 1, 0, 3, 0, 0, 2, 1, 3, 0, 0, 0, 1, 0, 0],884.1935202920454,50174.268870086526,113547.00447605085,false
28,G3_TWC,G3_TWC,[31, 22, 82, 15, 26, 58, 95, 42, 77, 12, 47, 5, 93, 78, 98, 54, 85, 63, 18, 44, 20, 35, 43, 97, 91, 76, 10, 30, 21, 45, 71, 64, 1, 23, 17, 83, 24, 14, 60, 36, 6, 57, 94, 88, 65, 56, 79, 40, 67, 68, 46, 75, 38, 9, 19, 32, 81, 41, 27, 62, 87, 90, 99, 59, 11, 16, 72, 73, 70, 39, 37, 84, 3, 92, 25, 55, 28, 29, 51, 7, 33, 61, 86, 66, 89, 50, 48, 96, 53, 8, 80, 4, 34, 49, 52, 0, 13, 69, 2, 74]|[1, 1, 0, 1, 1, 1, 2, 1, 2, 1, 2, 2, 2, 1, 1, 0, 0, 1, 0, 2, 2, 0, 1, 2, 0, 1, 2, 2, 0, 0, 1, 2, 1, 2, 1, 0, 2, 0, 1, 1, 0, 1, 1, 1, 0, 2, 1, 1, 0, 0, 0, 0, 1, 1, 2, 1, 2, 0, 0, 0, 2, 1, 0, 1, 2, 1, 2, 1, 1, 1, 1, 1, 1, 0, 1, 1, 0, 0, 0, 1, 2, 1, 0, 2, 1, 0, 0, 0, 0, 1, 0, 0, 2, 0, 1, 0, 0, 1, 0, 2]|[4, 3, 2, 2, 0, 0, 2, 2, 2, 4, 1, 1, 2, 4, 4, 1, 2, 4, 2, 1, 1, 1, 1, 2, 1, 2, 1, 1, 1, 1, 3, 2, 3, 0, 4, 0, 1, 1, 0, 3, 2, 2, 4, 0, 1, 1, 0, 2, 0, 1, 2, 2, 1, 4, 0, 3, 2, 1, 1, 2, 1, 3, 1, 1, 1, 3, 0, 4, 3, 1, 4, 1, 1, 2, 4, 4, 2, 1, 1, 3, 1, 3, 1, 1, 1, 1, 1, 1, 2, 3, 1, 2, 1, 1, 1, 2, 2, 3, 2, 1]|[0, 2, 1, 1, 3, 3, 0, 1, 0, 0, 0, 0, 1, 0, 1, 0, 0, 3, 1, 0, 0, 0, 3, 1, 0, 2, 0, 0, 0, 1, 0, 0, 0, 0, 3, 0, 1, 0, 0, 2, 1, 1, 2, 0, 0, 0, 0, 1, 1, 0, 0, 0, 1, 3, 0, 0, 1, 0, 0, 1, 0, 2, 0, 1, 0, 2, 1, 0, 0, 1, 1, 3, 1, 1, 3, 3, 1, 0, 0, 2, 0, 0, 0, 0, 1, 0, 0, 0, 1, 2, 0, 1, 0, 1, 1, 0, 0, 0, 0, 0],802.1274951829081,57956.38699448537,89691.2003308727,false
28,G1_CMAX,G1_CMAX,[31, 22, 82, 15, 26, 99, 95, 42, 77, 12, 47, 5, 93, 78, 86, 54, 21, 63, 18, 44, 20, 35, 43, 97, 91, 76, 10, 30, 85, 45, 71, 64, 1, 23, 17, 83, 24, 14, 60, 36, 6, 57, 40, 88, 65, 56, 79, 94, 67, 68, 46, 75, 38, 9, 19, 32, 41, 81, 27, 87, 90, 58, 59, 11, 16, 72, 73, 70, 39, 37, 84, 3, 92, 25, 55, 48, 62, 29, 51, 7, 33, 61, 98, 28, 89, 50, 4, 96, 53, 80, 8, 66, 34, 49, 52, 0, 74, 69, 2, 13]|[1, 1, 0, 1, 1, 0, 1, 1, 2, 1, 2, 2, 2, 1, 1, 0, 0, 1, 0, 2, 2, 0, 1, 2, 0, 1, 2, 2, 0, 0, 1, 2, 1, 2, 1, 0, 2, 0, 1, 1, 0, 1, 1, 1, 0, 2, 1, 1, 0, 0, 0, 0, 1, 1, 2, 1, 0, 2, 0, 2, 1, 0, 1, 2, 1, 2, 1, 1, 1, 1, 1, 1, 0, 1, 2, 0, 0, 0, 0, 1, 2, 1, 2, 0, 1, 0, 1, 2, 0, 0, 1, 2, 2, 0, 1, 0, 2, 1, 0, 0]|[0, 3, 2, 2, 4, 1, 2, 3, 2, 4, 1, 1, 2, 4, 4, 1, 1, 4, 2, 1, 1, 1, 1, 2, 1, 2, 1, 1, 2, 1, 3, 2, 3, 1, 4, 0, 1, 1, 0, 3, 2, 2, 2, 0, 1, 1, 0, 4, 0, 1, 2, 2, 1, 4, 0, 3, 1, 1, 1, 1, 3, 1, 1, 1, 3, 0, 4, 3, 1, 4, 1, 1, 0, 4, 1, 1, 2, 1, 1, 1, 1, 3, 1, 2, 1, 1, 4, 1, 2, 1, 3, 1, 1, 1, 1, 2, 1, 4, 2, 2]|[0, 2, 1, 1, 3, 0, 1, 3, 0, 0, 0, 0, 1, 0, 1, 0, 0, 3, 1, 0, 0, 0, 3, 1, 0, 2, 0, 0, 0, 1, 0, 0, 0, 0, 3, 0, 1, 0, 0, 2, 1, 1, 1, 0, 0, 0, 0, 2, 1, 0, 0, 0, 1, 3, 0, 0, 0, 0, 0, 0, 2, 0, 1, 0, 2, 1, 0, 0, 1, 1, 3, 1, 1, 3, 0, 0, 1, 0, 0, 2, 0, 0, 0, 1, 1, 0, 0, 0, 1, 0, 2, 0, 0, 1, 1, 0, 0, 2, 0, 0],731.2476204416437,56806.84376103422,93275.64763277225,false
28,G4_BALANCED,G4_BALANCED,[31, 11, 15, 82, 26, 9, 95, 32, 77, 68, 47, 5, 93, 78, 86, 54, 85, 63, 18, 44, 20, 49, 36, 14, 74, 50, 53, 17, 21, 45, 71, 64, 3, 23, 30, 83, 24, 41, 60, 52, 65, 27, 90, 70, 39, 87, 48, 69, 99, 4, 46, 1, 13, 58, 97, 59, 28, 75, 73, 37, 35, 79, 22, 66, 76, 42, 40, 80, 96, 6, 16, 61, 33, 7, 57, 34, 12, 67, 10, 98, 56, 88, 29, 94, 91, 38, 19, 92, 43, 84, 62, 72, 81, 25, 2, 55, 8, 89, 51, 0]|[2, 1, 1, 2, 1, 2, 1, 1, 1, 1, 1, 0, 2, 2, 1, 2, 0, 0, 0, 2, 2, 1, 0, 2, 0, 2, 2, 1, 0, 1, 1, 1, 0, 0, 1, 0, 2, 1, 2, 2, 0, 0, 1, 1, 0, 2, 0, 2, 1, 0, 0, 2, 0, 0, 2, 0, 1, 0, 0, 0, 2, 1, 0, 2, 2, 0, 2, 2, 0, 1, 2, 1, 1, 2, 0, 1, 1, 1, 1, 2, 2, 1, 1, 2, 1, 0, 1, 0, 1, 0, 1, 1, 1, 1, 2, 0, 1, 1, 1, 0]|[1, 3, 2, 0, 4, 1, 4, 4, 2, 4, 3, 2, 1, 0, 2, 1, 1, 1, 2, 1, 1, 3, 0, 1, 0, 1, 1, 4, 1, 4, 3, 2, 2, 0, 4, 1, 1, 4, 0, 1, 2, 1, 4, 4, 1, 1, 0, 2, 3, 2, 2, 1, 2, 1, 1, 2, 4, 2, 0, 2, 2, 3, 1, 0, 1, 2, 0, 1, 2, 4, 1, 3, 4, 1, 2, 4, 3, 3, 3, 1, 1, 4, 3, 1, 3, 2, 4, 2, 4, 2, 3, 4, 1, 4, 1, 2, 3, 4, 3, 2]|[1, 2, 1, 0, 3, 0, 1, 3, 0, 0, 2, 0, 1, 0, 1, 0, 0, 0, 1, 0, 0, 2, 0, 0, 1, 0, 0, 3, 0, 1, 0, 2, 0, 1, 3, 0, 1, 3, 1, 0, 0, 0, 1, 3, 0, 0, 1, 0, 2, 0, 0, 0, 0, 0, 1, 0, 1, 0, 1, 1, 0, 2, 0, 0, 0, 0, 0, 0, 0, 2, 0, 0, 1, 0, 0, 1, 0, 0, 3, 0, 0, 1, 0, 0, 0, 0, 3, 0, 2, 0, 0, 2, 1, 3, 0, 0, 0, 1, 0, 0],842.584363225019,52352.15155925938,107294.36147715819,false
28,G2_TEC,G2_TEC,[31, 22, 82, 15, 26, 9, 95, 42, 77, 68, 47, 5, 93, 78, 86, 54, 85, 63, 18, 44, 20, 49, 36, 14, 74, 50, 53, 17, 21, 28, 11, 64, 3, 23, 30, 83, 24, 41, 40, 52, 65, 27, 90, 70, 39, 87, 48, 69, 99, 4, 46, 1, 13, 58, 97, 59, 45, 8, 73, 37, 35, 79, 71, 66, 76, 32, 60, 80, 96, 6, 16, 61, 33, 7, 57, 34, 12, 67, 10, 98, 56, 88, 43, 75, 91, 38, 19, 92, 29, 84, 2, 72, 81, 25, 51, 55, 62, 89, 94, 0]|[2, 1, 2, 1, 1, 2, 1, 1, 1, 1, 1, 0, 2, 2, 1, 2, 0, 0, 0, 2, 2, 1, 0, 2, 0, 2, 2, 1, 0, 1, 1, 1, 0, 0, 1, 0, 2, 1, 2, 2, 0, 0, 1, 1, 0, 2, 0, 2, 1, 0, 0, 2, 0, 0, 2, 0, 1, 1, 0, 0, 2, 1, 1, 2, 2, 0, 2, 2, 0, 1, 2, 1, 1, 2, 0, 1, 1, 1, 1, 2, 2, 1, 1, 0, 1, 0, 1, 0, 1, 0, 2, 1, 1, 1, 1, 0, 1, 1, 2, 0]|[0, 3, 0, 3, 4, 1, 4, 4, 2, 4, 3, 2, 1, 0, 2, 1, 1, 1, 2, 1, 1, 3, 0, 1, 0, 1, 1, 4, 1, 4, 3, 2, 2, 0, 4, 1, 1, 4, 1, 1, 2, 1, 4, 4, 1, 1, 0, 2, 3, 2, 2, 1, 2, 1, 1, 2, 4, 3, 0, 2, 2, 3, 3, 0, 1, 2, 1, 1, 2, 4, 1, 3, 4, 1, 2, 4, 3, 3, 3, 1, 1, 4, 4, 2, 3, 2, 4, 2, 3, 2, 1, 4, 4, 4, 3, 2, 3, 4, 1, 2]|[0, 2, 0, 0, 3, 0, 1, 3, 0, 0, 2, 0, 1, 0, 1, 0, 0, 0, 1, 0, 0, 2, 0, 0, 1, 0, 0, 3, 0, 1, 0, 2, 0, 0, 3, 0, 1, 3, 0, 0, 0, 0, 1, 3, 0, 0, 1, 0, 2, 0, 0, 0, 0, 0, 1, 0, 1, 0, 1, 1, 0, 2, 0, 0, 0, 0, 0, 0, 0, 2, 0, 0, 1, 0, 0, 1, 0, 0, 3, 0, 0, 1, 2, 0, 0, 0, 1, 0, 3, 0, 0, 2, 1, 3, 0, 0, 0, 1, 0, 0],884.1935202920454,50174.268870086526,113547.00447605085,false
28,G3_TWC,G3_TWC,[31, 22, 82, 15, 26, 58, 95, 42, 77, 12, 47, 5, 93, 78, 98, 54, 85, 63, 18, 44, 20, 35, 43, 97, 91, 76, 10, 30, 21, 45, 71, 64, 1, 23, 17, 83, 24, 14, 60, 36, 6, 57, 94, 88, 65, 56, 79, 40, 67, 68, 46, 75, 38, 9, 19, 32, 81, 41, 27, 62, 87, 90, 99, 59, 11, 16, 72, 73, 70, 39, 37, 84, 3, 92, 25, 55, 28, 29, 51, 7, 33, 61, 86, 66, 89, 50, 48, 96, 53, 8, 80, 4, 34, 49, 52, 0, 13, 69, 2, 74]|[1, 1, 0, 1, 1, 1, 2, 1, 2, 1, 2, 2, 2, 1, 1, 0, 0, 1, 0, 2, 2, 0, 1, 2, 0, 1, 2, 2, 0, 0, 1, 2, 1, 2, 1, 0, 2, 0, 1, 1, 0, 1, 1, 1, 0, 2, 1, 1, 0, 0, 0, 0, 1, 1, 2, 1, 2, 0, 0, 0, 2, 1, 0, 1, 2, 1, 2, 1, 1, 1, 1, 1, 1, 0, 1, 1, 0, 0, 0, 1, 2, 1, 0, 2, 1, 0, 0, 0, 0, 1, 0, 0, 2, 0, 1, 0, 0, 1, 0, 2]|[4, 3, 2, 2, 0, 0, 2, 2, 2, 4, 1, 1, 2, 4, 4, 1, 2, 4, 2, 1, 1, 1, 1, 2, 1, 2, 1, 1, 1, 1, 3, 2, 3, 0, 4, 0, 1, 1, 0, 3, 2, 2, 4, 0, 1, 1, 0, 2, 0, 1, 2, 2, 1, 4, 0, 3, 2, 1, 1, 2, 1, 3, 1, 1, 1, 3, 0, 4, 3, 1, 4, 1, 1, 2, 4, 4, 2, 1, 1, 3, 1, 3, 1, 1, 1, 1, 1, 1, 2, 3, 1, 2, 1, 1, 1, 2, 2, 3, 2, 1]|[0, 2, 1, 1, 3, 3, 0, 1, 0, 0, 0, 0, 1, 0, 1, 0, 0, 3, 1, 0, 0, 0, 3, 1, 0, 2, 0, 0, 0, 1, 0, 0, 0, 0, 3, 0, 1, 0, 0, 2, 1, 1, 2, 0, 0, 0, 0, 1, 1, 0, 0, 0, 1, 3, 0, 0, 1, 0, 0, 1, 0, 2, 0, 1, 0, 2, 1, 0, 0, 1, 1, 3, 1, 1, 3, 3, 1, 0, 0, 2, 0, 0, 0, 0, 1, 0, 0, 0, 1, 2, 0, 1, 0, 1, 1, 0, 0, 0, 0, 0],802.1274951829081,57956.38699448537,89691.2003308727,false
28,G1_CMAX,G3_TWC,[31, 22, 82, 15, 26, 58, 95, 42, 77, 12, 47, 5, 93, 78, 98, 54, 85, 63, 18, 44, 20, 35, 43, 97, 91, 76, 10, 30, 21, 45, 71, 64, 1, 23, 17, 83, 24, 14, 60, 36, 6, 57, 94, 88, 65, 56, 79, 40, 67, 68, 46, 75, 38, 9, 19, 32, 81, 41, 27, 62, 87, 90, 99, 59, 11, 16, 72, 73, 70, 39, 37, 84, 3, 92, 25, 55, 28, 29, 51, 7, 33, 61, 86, 66, 89, 50, 4, 96, 53, 80, 8, 48, 34, 49, 69, 0, 74, 52, 2, 13]|[1, 1, 0, 1, 1, 1, 2, 1, 2, 1, 2, 2, 2, 1, 1, 0, 0, 1, 0, 2, 2, 0, 1, 2, 0, 1, 2, 2, 0, 0, 1, 2, 1, 2, 1, 0, 2, 0, 1, 1, 0, 1, 1, 1, 0, 2, 1, 1, 0, 0, 0, 0, 1, 1, 2, 1, 2, 0, 0, 0, 2, 1, 0, 1, 2, 1, 2, 1, 1, 1, 1, 1, 1, 0, 1, 1, 0, 0, 0, 1, 2, 1, 2, 2, 1, 0, 0, 0, 0, 0, 1, 2, 2, 0, 1, 0, 2, 1, 0, 0]|[4, 3, 2, 2, 0, 0, 2, 2, 2, 4, 1, 1, 2, 4, 4, 1, 2, 4, 2, 1, 1, 1, 1, 2, 1, 2, 1, 1, 1, 1, 3, 2, 3, 0, 4, 0, 1, 1, 0, 3, 2, 2, 4, 0, 1, 1, 0, 2, 0, 1, 2, 2, 1, 4, 0, 3, 2, 1, 1, 2, 1, 3, 1, 1, 1, 3, 0, 4, 3, 1, 4, 1, 1, 2, 4, 4, 2, 1, 1, 3, 1, 3, 1, 1, 1, 1, 2, 1, 2, 1, 3, 1, 1, 1, 3, 2, 1, 1, 2, 2]|[0, 2, 1, 1, 3, 3, 0, 1, 0, 0, 0, 0, 1, 0, 1, 0, 0, 3, 1, 0, 0, 0, 3, 1, 0, 2, 0, 0, 0, 1, 0, 0, 0, 0, 3, 0, 1, 0, 0, 2, 1, 1, 2, 0, 0, 0, 0, 1, 1, 0, 0, 0, 1, 3, 0, 0, 1, 0, 0, 1, 0, 2, 0, 1, 0, 2, 1, 0, 0, 1, 1, 3, 1, 1, 3, 3, 1, 0, 0, 2, 0, 0, 0, 0, 1, 0, 1, 0, 1, 0, 2, 0, 0, 1, 0, 0, 0, 1, 0, 0],777.1260622003074,57752.14310925164,91428.56950486831,true
28,G4_BALANCED,G4_BALANCED,[31, 11, 15, 82, 26, 9, 95, 32, 77, 68, 47, 5, 93, 78, 86, 54, 85, 63, 18, 44, 20, 49, 36, 14, 74, 50, 53, 17, 21, 45, 71, 64, 3, 23, 30, 83, 24, 41, 60, 52, 65, 27, 90, 70, 39, 87, 48, 69, 99, 4, 46, 1, 13, 58, 97, 59, 28, 75, 73, 37, 35, 79, 22, 66, 76, 42, 40, 80, 96, 6, 16, 61, 33, 7, 57, 34, 12, 67, 10, 98, 56, 88, 29, 94, 91, 38, 19, 92, 43, 84, 62, 72, 81, 25, 2, 55, 8, 89, 51, 0]|[2, 1, 1, 2, 1, 2, 1, 1, 1, 1, 1, 0, 2, 2, 1, 2, 0, 0, 0, 2, 2, 1, 0, 2, 0, 2, 2, 1, 0, 1, 1, 1, 0, 0, 1, 0, 2, 1, 2, 2, 0, 0, 1, 1, 0, 2, 0, 2, 1, 0, 0, 2, 0, 0, 2, 0, 1, 0, 0, 0, 2, 1, 0, 2, 2, 0, 2, 2, 0, 1, 2, 1, 1, 2, 0, 1, 1, 1, 1, 2, 2, 1, 1, 2, 1, 0, 1, 0, 1, 0, 1, 1, 1, 1, 2, 0, 1, 1, 1, 0]|[1, 3, 2, 0, 4, 1, 4, 4, 2, 4, 3, 2, 1, 0, 2, 1, 1, 1, 2, 1, 1, 3, 0, 1, 0, 1, 1, 4, 1, 4, 3, 2, 2, 0, 4, 1, 1, 4, 0, 1, 2, 1, 4, 4, 1, 1, 0, 2, 3, 2, 2, 1, 2, 1, 1, 2, 4, 2, 0, 2, 2, 3, 1, 0, 1, 2, 0, 1, 2, 4, 1, 3, 4, 1, 2, 4, 3, 3, 3, 1, 1, 4, 3, 1, 3, 2, 4, 2, 4, 2, 3, 4, 1, 4, 1, 2, 3, 4, 3, 2]|[1, 2, 1, 0, 3, 0, 1, 3, 0, 0, 2, 0, 1, 0, 1, 0, 0, 0, 1, 0, 0, 2, 0, 0, 1, 0, 0, 3, 0, 1, 0, 2, 0, 1, 3, 0, 1, 3, 1, 0, 0, 0, 1, 3, 0, 0, 1, 0, 2, 0, 0, 0, 0, 0, 1, 0, 1, 0, 1, 1, 0, 2, 0, 0, 0, 0, 0, 0, 0, 2, 0, 0, 1, 0, 0, 1, 0, 0, 3, 0, 0, 1, 0, 0, 0, 0, 3, 0, 2, 0, 0, 2, 1, 3, 0, 0, 0, 1, 0, 0],842.584363225019,52352.15155925938,107294.36147715819,false
28,G2_TEC,G2_TEC,[31, 22, 82, 15, 26, 9, 95, 42, 77, 68, 47, 5, 93, 78, 86, 54, 85, 63, 18, 44, 20, 49, 36, 14, 74, 50, 53, 17, 21, 28, 11, 64, 3, 23, 30, 83, 24, 41, 40, 52, 65, 27, 90, 70, 39, 87, 48, 69, 99, 4, 46, 1, 13, 58, 97, 59, 45, 8, 73, 37, 35, 79, 71, 66, 76, 32, 60, 80, 96, 6, 16, 61, 33, 7, 57, 34, 12, 67, 10, 98, 56, 88, 43, 75, 91, 38, 19, 92, 29, 84, 2, 72, 81, 25, 51, 55, 62, 89, 94, 0]|[2, 1, 2, 1, 1, 2, 1, 1, 1, 1, 1, 0, 2, 2, 1, 2, 0, 0, 0, 2, 2, 1, 0, 2, 0, 2, 2, 1, 0, 1, 1, 1, 0, 0, 1, 0, 2, 1, 2, 2, 0, 0, 1, 1, 0, 2, 0, 2, 1, 0, 0, 2, 0, 0, 2, 0, 1, 1, 0, 0, 2, 1, 1, 2, 2, 0, 2, 2, 0, 1, 2, 1, 1, 2, 0, 1, 1, 1, 1, 2, 2, 1, 1, 0, 1, 0, 1, 0, 1, 0, 2, 1, 1, 1, 1, 0, 1, 1, 2, 0]|[0, 3, 0, 3, 4, 1, 4, 4, 2, 4, 3, 2, 1, 0, 2, 1, 1, 1, 2, 1, 1, 3, 0, 1, 0, 1, 1, 4, 1, 4, 3, 2, 2, 0, 4, 1, 1, 4, 1, 1, 2, 1, 4, 4, 1, 1, 0, 2, 3, 2, 2, 1, 2, 1, 1, 2, 4, 3, 0, 2, 2, 3, 3, 0, 1, 2, 1, 1, 2, 4, 1, 3, 4, 1, 2, 4, 3, 3, 3, 1, 1, 4, 4, 2, 3, 2, 4, 2, 3, 2, 1, 4, 4, 4, 3, 2, 3, 4, 1, 2]|[0, 2, 0, 0, 3, 0, 1, 3, 0, 0, 2, 0, 1, 0, 1, 0, 0, 0, 1, 0, 0, 2, 0, 0, 1, 0, 0, 3, 0, 1, 0, 2, 0, 0, 3, 0, 1, 3, 0, 0, 0, 0, 1, 3, 0, 0, 1, 0, 2, 0, 0, 0, 0, 0, 1, 0, 1, 0, 1, 1, 0, 2, 0, 0, 0, 0, 0, 0, 0, 2, 0, 0, 1, 0, 0, 1, 0, 0, 3, 0, 0, 1, 2, 0, 0, 0, 1, 0, 3, 0, 0, 2, 1, 3, 0, 0, 0, 1, 0, 0],884.1935202920454,50174.268870086526,113547.00447605085,false
28,G3_TWC,G3_TWC,[31, 22, 82, 15, 26, 58, 95, 42, 77, 12, 47, 5, 93, 78, 98, 54, 85, 63, 18, 44, 20, 35, 43, 97, 91, 76, 10, 30, 21, 45, 71, 64, 1, 23, 17, 83, 24, 14, 60, 36, 6, 57, 94, 88, 65, 56, 79, 40, 67, 68, 46, 75, 38, 9, 19, 32, 81, 41, 27, 62, 87, 90, 99, 59, 11, 16, 72, 73, 70, 39, 37, 84, 3, 92, 25, 55, 28, 29, 51, 7, 33, 61, 86, 66, 89, 50, 48, 96, 53, 8, 80, 4, 34, 49, 52, 0, 13, 69, 2, 74]|[1, 1, 0, 1, 1, 1, 2, 1, 2, 1, 2, 2, 2, 1, 1, 0, 0, 1, 0, 2, 2, 0, 1, 2, 0, 1, 2, 2, 0, 0, 1, 2, 1, 2, 1, 0, 2, 0, 1, 1, 0, 1, 1, 1, 0, 2, 1, 1, 0, 0, 0, 0, 1, 1, 2, 1, 2, 0, 0, 0, 2, 1, 0, 1, 2, 1, 2, 1, 1, 1, 1, 1, 1, 0, 1, 1, 0, 0, 0, 1, 2, 1, 0, 2, 1, 0, 0, 0, 0, 1, 0, 0, 2, 0, 1, 0, 0, 1, 0, 2]|[4, 3, 2, 2, 0, 0, 2, 2, 2, 4, 1, 1, 2, 4, 4, 1, 2, 4, 2, 1, 1, 1, 1, 2, 1, 2, 1, 1, 1, 1, 3, 2, 3, 0, 4, 0, 1, 1, 0, 3, 2, 2, 4, 0, 1, 1, 0, 2, 0, 1, 2, 2, 1, 4, 0, 3, 2, 1, 1, 2, 1, 3, 1, 1, 1, 3, 0, 4, 3, 1, 4, 1, 1, 2, 4, 4, 2, 1, 1, 3, 1, 3, 1, 1, 1, 1, 1, 1, 2, 3, 1, 2, 1, 1, 1, 2, 2, 3, 2, 1]|[0, 2, 1, 1, 3, 3, 0, 1, 0, 0, 0, 0, 1, 0, 1, 0, 0, 3, 1, 0, 0, 0, 3, 1, 0, 2, 0, 0, 0, 1, 0, 0, 0, 0, 3, 0, 1, 0, 0, 2, 1, 1, 2, 0, 0, 0, 0, 1, 1, 0, 0, 0, 1, 3, 0, 0, 1, 0, 0, 1, 0, 2, 0, 1, 0, 2, 1, 0, 0, 1, 1, 3, 1, 1, 3, 3, 1, 0, 0, 2, 0, 0, 0, 0, 1, 0, 0, 0, 1, 2, 0, 1, 0, 1, 1, 0, 0, 0, 0, 0],802.1274951829081,57956.38699448537,89691.2003308727,false
28,G1_CMAX,G2_TEC,[31, 22, 82, 15, 26, 9, 95, 42, 77, 68, 47, 5, 93, 78, 86, 54, 85, 63, 18, 44, 20, 49, 36, 14, 74, 50, 53, 17, 21, 28, 11, 64, 3, 23, 30, 83, 24, 41, 60, 52, 65, 27, 90, 70, 39, 87, 48, 69, 99, 4, 46, 1, 13, 58, 97, 59, 45, 8, 73, 37, 35, 79, 71, 66, 76, 32, 40, 80, 96, 6, 16, 61, 33, 7, 57, 34, 12, 84, 10, 55, 56, 81, 43, 75, 91, 38, 72, 92, 29, 2, 51, 19, 89, 25, 67, 98, 62, 94, 88, 0]|[2, 1, 2, 1, 1, 2, 1, 1, 1, 1, 1, 0, 2, 2, 1, 2, 0, 0, 0, 2, 2, 1, 0, 2, 0, 2, 2, 1, 0, 1, 1, 1, 0, 0, 1, 0, 2, 1, 2, 2, 0, 0, 1, 1, 0, 2, 0, 2, 1, 0, 0, 2, 0, 0, 2, 0, 1, 1, 0, 0, 2, 1, 1, 2, 2, 0, 2, 2, 0, 1, 2, 1, 1, 1, 0, 0, 1, 0, 1, 2, 2, 1, 1, 0, 1, 0, 1, 0, 1, 2, 1, 1, 1, 1, 0, 2, 1, 1, 1, 0]|[1, 3, 0, 3, 4, 1, 4, 4, 2, 4, 3, 2, 1, 0, 2, 1, 1, 1, 2, 1, 1, 3, 0, 1, 0, 1, 1, 4, 1, 4, 3, 2, 2, 0, 4, 1, 1, 4, 0, 1, 2, 1, 4, 4, 1, 1, 0, 2, 3, 2, 2, 1, 2, 1, 1, 2, 4, 3, 0, 2, 2, 3, 3, 0, 1, 2, 1, 1, 2, 4, 1, 3, 4, 3, 2, 2, 3, 2, 3, 1, 1, 4, 4, 2, 3, 2, 4, 2, 3, 1, 3, 4, 4, 4, 2, 1, 3, 4, 4, 2]|[1, 2, 0, 0, 3, 0, 1, 3, 0, 0, 2, 0, 1, 0, 1, 0, 0, 0, 1, 0, 0, 2, 0, 0, 1, 0, 0, 3, 0, 1, 0, 2, 0, 1, 3, 0, 1, 3, 1, 0, 0, 0, 1, 3, 0, 0, 1, 0, 2, 0, 0, 0, 0, 0, 1, 0, 1, 0, 1, 1, 0, 2, 0, 0, 0, 0, 0, 0, 0, 2, 0, 0, 1, 0, 0, 0, 0, 0, 3, 0, 0, 1, 2, 0, 0, 0, 2, 0, 0, 0, 0, 1, 1, 3, 0, 0, 0, 2, 1, 0],892.1055313026309,51308.76208089179,106686.63019943406,true
28,G4_BALANCED,G4_BALANCED,[31, 11, 15, 82, 26, 9, 95, 32, 77, 68, 47, 5, 93, 78, 86, 54, 85, 63, 18, 44, 20, 49, 36, 14, 74, 50, 53, 17, 21, 45, 71, 64, 3, 23, 30, 83, 24, 41, 60, 52, 65, 27, 90, 70, 39, 87, 48, 69, 99, 4, 46, 1, 13, 58, 97, 59, 28, 75, 73, 37, 35, 79, 22, 66, 76, 42, 40, 80, 96, 6, 16, 61, 33, 7, 57, 34, 12, 67, 10, 98, 56, 88, 29, 94, 91, 38, 19, 92, 43, 84, 62, 72, 81, 25, 2, 55, 8, 89, 51, 0]|[2, 1, 1, 2, 1, 2, 1, 1, 1, 1, 1, 0, 2, 2, 1, 2, 0, 0, 0, 2, 2, 1, 0, 2, 0, 2, 2, 1, 0, 1, 1, 1, 0, 0, 1, 0, 2, 1, 2, 2, 0, 0, 1, 1, 0, 2, 0, 2, 1, 0, 0, 2, 0, 0, 2, 0, 1, 0, 0, 0, 2, 1, 0, 2, 2, 0, 2, 2, 0, 1, 2, 1, 1, 2, 0, 1, 1, 1, 1, 2, 2, 1, 1, 2, 1, 0, 1, 0, 1, 0, 1, 1, 1, 1, 2, 0, 1, 1, 1, 0]|[1, 3, 2, 0, 4, 1, 4, 4, 2, 4, 3, 2, 1, 0, 2, 1, 1, 1, 2, 1, 1, 3, 0, 1, 0, 1, 1, 4, 1, 4, 3, 2, 2, 0, 4, 1, 1, 4, 0, 1, 2, 1, 4, 4, 1, 1, 0, 2, 3, 2, 2, 1, 2, 1, 1, 2, 4, 2, 0, 2, 2, 3, 1, 0, 1, 2, 0, 1, 2, 4, 1, 3, 4, 1, 2, 4, 3, 3, 3, 1, 1, 4, 3, 1, 3, 2, 4, 2, 4, 2, 3, 4, 1, 4, 1, 2, 3, 4, 3, 2]|[1, 2, 1, 0, 3, 0, 1, 3, 0, 0, 2, 0, 1, 0, 1, 0, 0, 0, 1, 0, 0, 2, 0, 0, 1, 0, 0, 3, 0, 1, 0, 2, 0, 1, 3, 0, 1, 3, 1, 0, 0, 0, 1, 3, 0, 0, 1, 0, 2, 0, 0, 0, 0, 0, 1, 0, 1, 0, 1, 1, 0, 2, 0, 0, 0, 0, 0, 0, 0, 2, 0, 0, 1, 0, 0, 1, 0, 0, 3, 0, 0, 1, 0, 0, 0, 0, 3, 0, 2, 0, 0, 2, 1, 3, 0, 0, 0, 1, 0, 0],842.584363225019,52352.15155925938,107294.36147715819,false
28,G2_TEC,G2_TEC,[31, 22, 82, 15, 26, 9, 95, 42, 77, 68, 47, 5, 93, 78, 86, 54, 85, 63, 18, 44, 20, 49, 36, 14, 74, 50, 53, 17, 21, 28, 11, 64, 3, 23, 30, 83, 24, 41, 40, 52, 65, 27, 90, 70, 39, 87, 48, 69, 99, 4, 46, 1, 13, 58, 97, 59, 45, 8, 73, 37, 35, 79, 71, 66, 76, 32, 60, 80, 96, 6, 16, 61, 33, 7, 57, 34, 12, 67, 10, 98, 56, 88, 43, 75, 91, 38, 19, 92, 29, 84, 2, 72, 81, 25, 51, 55, 62, 89, 94, 0]|[2, 1, 2, 1, 1, 2, 1, 1, 1, 1, 1, 0, 2, 2, 1, 2, 0, 0, 0, 2, 2, 1, 0, 2, 0, 2, 2, 1, 0, 1, 1, 1, 0, 0, 1, 0, 2, 1, 2, 2, 0, 0, 1, 1, 0, 2, 0, 2, 1, 0, 0, 2, 0, 0, 2, 0, 1, 1, 0, 0, 2, 1, 1, 2, 2, 0, 2, 2, 0, 1, 2, 1, 1, 2, 0, 1, 1, 1, 1, 2, 2, 1, 1, 0, 1, 0, 1, 0, 1, 0, 2, 1, 1, 1, 1, 0, 1, 1, 2, 0]|[0, 3, 0, 3, 4, 1, 4, 4, 2, 4, 3, 2, 1, 0, 2, 1, 1, 1, 2, 1, 1, 3, 0, 1, 0, 1, 1, 4, 1, 4, 3, 2, 2, 0, 4, 1, 1, 4, 1, 1, 2, 1, 4, 4, 1, 1, 0, 2, 3, 2, 2, 1, 2, 1, 1, 2, 4, 3, 0, 2, 2, 3, 3, 0, 1, 2, 1, 1, 2, 4, 1, 3, 4, 1, 2, 4, 3, 3, 3, 1, 1, 4, 4, 2, 3, 2, 4, 2, 3, 2, 1, 4, 4, 4, 3, 2, 3, 4, 1, 2]|[0, 2, 0, 0, 3, 0, 1, 3, 0, 0, 2, 0, 1, 0, 1, 0, 0, 0, 1, 0, 0, 2, 0, 0, 1, 0, 0, 3, 0, 1, 0, 2, 0, 0, 3, 0, 1, 3, 0, 0, 0, 0, 1, 3, 0, 0, 1, 0, 2, 0, 0, 0, 0, 0, 1, 0, 1, 0, 1, 1, 0, 2, 0, 0, 0, 0, 0, 0, 0, 2, 0, 0, 1, 0, 0, 1, 0, 0, 3, 0, 0, 1, 2, 0, 0, 0, 1, 0, 3, 0, 0, 2, 1, 3, 0, 0, 0, 1, 0, 0],884.1935202920454,50174.268870086526,113547.00447605085,false
28,G3_TWC,G3_TWC,[31, 22, 82, 15, 26, 58, 95, 42, 77, 12, 47, 5, 93, 78, 98, 54, 85, 63, 18, 44, 20, 35, 43, 97, 91, 76, 10, 30, 21, 45, 71, 64, 1, 23, 17, 83, 24, 14, 60, 36, 6, 57, 94, 88, 65, 56, 79, 40, 67, 68, 46, 75, 38, 9, 19, 32, 81, 41, 27, 62, 87, 90, 99, 59, 11, 16, 72, 73, 70, 39, 37, 84, 3, 92, 25, 55, 28, 29, 51, 7, 33, 61, 86, 66, 89, 50, 48, 96, 53, 8, 80, 4, 34, 49, 52, 0, 13, 69, 2, 74]|[1, 1, 0, 1, 1, 1, 2, 1, 2, 1, 2, 2, 2, 1, 1, 0, 0, 1, 0, 2, 2, 0, 1, 2, 0, 1, 2, 2, 0, 0, 1, 2, 1, 2, 1, 0, 2, 0, 1, 1, 0, 1, 1, 1, 0, 2, 1, 1, 0, 0, 0, 0, 1, 1, 2, 1, 2, 0, 0, 0, 2, 1, 0, 1, 2, 1, 2, 1, 1, 1, 1, 1, 1, 0, 1, 1, 0, 0, 0, 1, 2, 1, 0, 2, 1, 0, 0, 0, 0, 1, 0, 0, 2, 0, 1, 0, 0, 1, 0, 2]|[4, 3, 2, 2, 0, 0, 2, 2, 2, 4, 1, 1, 2, 4, 4, 1, 2, 4, 2, 1, 1, 1, 1, 2, 1, 2, 1, 1, 1, 1, 3, 2, 3, 0, 4, 0, 1, 1, 0, 3, 2, 2, 4, 0, 1, 1, 0, 2, 0, 1, 2, 2, 1, 4, 0, 3, 2, 1, 1, 2, 1, 3, 1, 1, 1, 3, 0, 4, 3, 1, 4, 1, 1, 2, 4, 4, 2, 1, 1, 3, 1, 3, 1, 1, 1, 1, 1, 1, 2, 3, 1, 2, 1, 1, 1, 2, 2, 3, 2, 1]|[0, 2, 1, 1, 3, 3, 0, 1, 0, 0, 0, 0, 1, 0, 1, 0, 0, 3, 1, 0, 0, 0, 3, 1, 0, 2, 0, 0, 0, 1, 0, 0, 0, 0, 3, 0, 1, 0, 0, 2, 1, 1, 2, 0, 0, 0, 0, 1, 1, 0, 0, 0, 1, 3, 0, 0, 1, 0, 0, 1, 0, 2, 0, 1, 0, 2, 1, 0, 0, 1, 1, 3, 1, 1, 3, 3, 1, 0, 0, 2, 0, 0, 0, 0, 1, 0, 0, 0, 1, 2, 0, 1, 0, 1, 1, 0, 0, 0, 0, 0],802.1274951829081,57956.38699448537,89691.2003308727,false
28,G1_CMAX,G2_TEC,[31, 22, 82, 15, 26, 9, 95, 42, 77, 68, 47, 5, 93, 78, 86, 54, 85, 63, 18, 44, 20, 49, 36, 14, 74, 50, 53, 17, 21, 28, 11, 64, 3, 23, 30, 83, 24, 41, 60, 52, 65, 27, 90, 70, 39, 87, 48, 69, 99, 4, 46, 1, 13, 58, 97, 59, 45, 8, 73, 37, 35, 79, 71, 66, 76, 32, 40, 80, 96, 6, 16, 61, 33, 7, 57, 34, 12, 84, 10, 55, 56, 81, 43, 75, 91, 38, 72, 92, 29, 2, 51, 19, 89, 25, 67, 98, 62, 94, 88, 0]|[2, 1, 2, 1, 1, 2, 1, 1, 1, 1, 1, 0, 2, 2, 1, 2, 0, 0, 0, 2, 2, 1, 0, 2, 0, 2, 2, 1, 0, 1, 1, 1, 0, 0, 1, 0, 2, 1, 2, 2, 0, 0, 1, 1, 0, 2, 0, 2, 1, 0, 0, 2, 0, 0, 2, 0, 1, 1, 0, 0, 2, 1, 1, 2, 2, 0, 2, 2, 0, 1, 2, 1, 1, 1, 0, 0, 1, 0, 1, 2, 2, 1, 1, 0, 1, 0, 1, 0, 1, 2, 1, 1, 1, 1, 0, 2, 1, 1, 1, 0]|[1, 3, 0, 3, 4, 1, 4, 4, 2, 4, 3, 2, 1, 0, 2, 1, 1, 1, 2, 1, 1, 3, 0, 1, 0, 1, 1, 4, 1, 4, 3, 2, 2, 0, 4, 1, 1, 4, 0, 1, 2, 1, 4, 4, 1, 1, 0, 2, 3, 2, 2, 1, 2, 1, 1, 2, 4, 3, 0, 2, 2, 3, 3, 0, 1, 2, 1, 1, 2, 4, 1, 3, 4, 3, 2, 2, 3, 2, 3, 1, 1, 4, 4, 2, 3, 2, 4, 2, 3, 1, 3, 4, 4, 4, 2, 1, 3, 4, 4, 2]|[1, 2, 0, 0, 3, 0, 1, 3, 0, 0, 2, 0, 1, 0, 1, 0, 0, 0, 1, 0, 0, 2, 0, 0, 1, 0, 0, 3, 0, 1, 0, 2, 0, 1, 3, 0, 1, 3, 1, 0, 0, 0, 1, 3, 0, 0, 1, 0, 2, 0, 0, 0, 0, 0, 1, 0, 1, 0, 1, 1, 0, 2, 0, 0, 0, 0, 0, 0, 0, 2, 0, 0, 1, 0, 0, 0, 0, 0, 3, 0, 0, 1, 2, 0, 0, 0, 2, 0, 0, 0, 0, 1, 1, 3, 0, 0, 0, 2, 1, 0],892.1055313026309,51308.76208089179,106686.63019943406,true
28,G4_BALANCED,G4_BALANCED,[31, 11, 15, 82, 26, 9, 95, 32, 77, 68, 47, 5, 93, 78, 86, 54, 85, 63, 18, 44, 20, 49, 36, 14, 74, 50, 53, 17, 21, 45, 71, 64, 3, 23, 30, 83, 24, 41, 60, 52, 65, 27, 90, 70, 39, 87, 48, 69, 99, 4, 46, 1, 13, 58, 97, 59, 28, 75, 73, 37, 35, 79, 22, 66, 76, 42, 40, 80, 96, 6, 16, 61, 33, 7, 57, 34, 12, 67, 10, 98, 56, 88, 29, 94, 91, 38, 19, 92, 43, 84, 62, 72, 81, 25, 2, 55, 8, 89, 51, 0]|[2, 1, 1, 2, 1, 2, 1, 1, 1, 1, 1, 0, 2, 2, 1, 2, 0, 0, 0, 2, 2, 1, 0, 2, 0, 2, 2, 1, 0, 1, 1, 1, 0, 0, 1, 0, 2, 1, 2, 2, 0, 0, 1, 1, 0, 2, 0, 2, 1, 0, 0, 2, 0, 0, 2, 0, 1, 0, 0, 0, 2, 1, 0, 2, 2, 0, 2, 2, 0, 1, 2, 1, 1, 2, 0, 1, 1, 1, 1, 2, 2, 1, 1, 2, 1, 0, 1, 0, 1, 0, 1, 1, 1, 1, 2, 0, 1, 1, 1, 0]|[1, 3, 2, 0, 4, 1, 4, 4, 2, 4, 3, 2, 1, 0, 2, 1, 1, 1, 2, 1, 1, 3, 0, 1, 0, 1, 1, 4, 1, 4, 3, 2, 2, 0, 4, 1, 1, 4, 0, 1, 2, 1, 4, 4, 1, 1, 0, 2, 3, 2, 2, 1, 2, 1, 1, 2, 4, 2, 0, 2, 2, 3, 1, 0, 1, 2, 0, 1, 2, 4, 1, 3, 4, 1, 2, 4, 3, 3, 3, 1, 1, 4, 3, 1, 3, 2, 4, 2, 4, 2, 3, 4, 1, 4, 1, 2, 3, 4, 3, 2]|[1, 2, 1, 0, 3, 0, 1, 3, 0, 0, 2, 0, 1, 0, 1, 0, 0, 0, 1, 0, 0, 2, 0, 0, 1, 0, 0, 3, 0, 1, 0, 2, 0, 1, 3, 0, 1, 3, 1, 0, 0, 0, 1, 3, 0, 0, 1, 0, 2, 0, 0, 0, 0, 0, 1, 0, 1, 0, 1, 1, 0, 2, 0, 0, 0, 0, 0, 0, 0, 2, 0, 0, 1, 0, 0, 1, 0, 0, 3, 0, 0, 1, 0, 0, 0, 0, 3, 0, 2, 0, 0, 2, 1, 3, 0, 0, 0, 1, 0, 0],842.584363225019,52352.15155925938,107294.36147715819,false
28,G2_TEC,G2_TEC,[31, 22, 82, 15, 26, 9, 95, 42, 77, 68, 47, 5, 93, 78, 86, 54, 85, 63, 18, 44, 20, 49, 36, 14, 74, 50, 53, 17, 21, 28, 11, 64, 3, 23, 30, 83, 24, 41, 40, 52, 65, 27, 90, 70, 39, 87, 48, 69, 99, 4, 46, 1, 13, 58, 97, 59, 45, 8, 73, 37, 35, 79, 71, 66, 76, 32, 60, 80, 96, 6, 16, 61, 33, 7, 57, 34, 12, 67, 10, 98, 56, 88, 43, 75, 91, 38, 19, 92, 29, 84, 2, 72, 81, 25, 51, 55, 62, 89, 94, 0]|[2, 1, 2, 1, 1, 2, 1, 1, 1, 1, 1, 0, 2, 2, 1, 2, 0, 0, 0, 2, 2, 1, 0, 2, 0, 2, 2, 1, 0, 1, 1, 1, 0, 0, 1, 0, 2, 1, 2, 2, 0, 0, 1, 1, 0, 2, 0, 2, 1, 0, 0, 2, 0, 0, 2, 0, 1, 1, 0, 0, 2, 1, 1, 2, 2, 0, 2, 2, 0, 1, 2, 1, 1, 2, 0, 1, 1, 1, 1, 2, 2, 1, 1, 0, 1, 0, 1, 0, 1, 0, 2, 1, 1, 1, 1, 0, 1, 1, 2, 0]|[0, 3, 0, 3, 4, 1, 4, 4, 2, 4, 3, 2, 1, 0, 2, 1, 1, 1, 2, 1, 1, 3, 0, 1, 0, 1, 1, 4, 1, 4, 3, 2, 2, 0, 4, 1, 1, 4, 1, 1, 2, 1, 4, 4, 1, 1, 0, 2, 3, 2, 2, 1, 2, 1, 1, 2, 4, 3, 0, 2, 2, 3, 3, 0, 1, 2, 1, 1, 2, 4, 1, 3, 4, 1, 2, 4, 3, 3, 3, 1, 1, 4, 4, 2, 3, 2, 4, 2, 3, 2, 1, 4, 4, 4, 3, 2, 3, 4, 1, 2]|[0, 2, 0, 0, 3, 0, 1, 3, 0, 0, 2, 0, 1, 0, 1, 0, 0, 0, 1, 0, 0, 2, 0, 0, 1, 0, 0, 3, 0, 1, 0, 2, 0, 0, 3, 0, 1, 3, 0, 0, 0, 0, 1, 3, 0, 0, 1, 0, 2, 0, 0, 0, 0, 0, 1, 0, 1, 0, 1, 1, 0, 2, 0, 0, 0, 0, 0, 0, 0, 2, 0, 0, 1, 0, 0, 1, 0, 0, 3, 0, 0, 1, 2, 0, 0, 0, 1, 0, 3, 0, 0, 2, 1, 3, 0, 0, 0, 1, 0, 0],884.1935202920454,50174.268870086526,113547.00447605085,false
28,G3_TWC,G3_TWC,[31, 22, 82, 15, 26, 58, 95, 42, 77, 12, 47, 5, 93, 78, 98, 54, 85, 63, 18, 44, 20, 35, 43, 97, 91, 76, 10, 30, 21, 45, 71, 64, 1, 23, 17, 83, 24, 14, 60, 36, 6, 57, 94, 88, 65, 56, 79, 40, 67, 68, 46, 75, 38, 9, 19, 32, 81, 41, 27, 62, 87, 90, 99, 59, 11, 16, 72, 73, 70, 39, 37, 84, 3, 92, 25, 55, 28, 29, 51, 7, 33, 61, 86, 66, 89, 50, 48, 96, 53, 8, 80, 4, 34, 49, 52, 0, 13, 69, 2, 74]|[1, 1, 0, 1, 1, 1, 2, 1, 2, 1, 2, 2, 2, 1, 1, 0, 0, 1, 0, 2, 2, 0, 1, 2, 0, 1, 2, 2, 0, 0, 1, 2, 1, 2, 1, 0, 2, 0, 1, 1, 0, 1, 1, 1, 0, 2, 1, 1, 0, 0, 0, 0, 1, 1, 2, 1, 2, 0, 0, 0, 2, 1, 0, 1, 2, 1, 2, 1, 1, 1, 1, 1, 1, 0, 1, 1, 0, 0, 0, 1, 2, 1, 0, 2, 1, 0, 0, 0, 0, 1, 0, 0, 2, 0, 1, 0, 0, 1, 0, 2]|[4, 3, 2, 2, 0, 0, 2, 2, 2, 4, 1, 1, 2, 4, 4, 1, 2, 4, 2, 1, 1, 1, 1, 2, 1, 2, 1, 1, 1, 1, 3, 2, 3, 0, 4, 0, 1, 1, 0, 3, 2, 2, 4, 0, 1, 1, 0, 2, 0, 1, 2, 2, 1, 4, 0, 3, 2, 1, 1, 2, 1, 3, 1, 1, 1, 3, 0, 4, 3, 1, 4, 1, 1, 2, 4, 4, 2, 1, 1, 3, 1, 3, 1, 1, 1, 1, 1, 1, 2, 3, 1, 2, 1, 1, 1, 2, 2, 3, 2, 1]|[0, 2, 1, 1, 3, 3, 0, 1, 0, 0, 0, 0, 1, 0, 1, 0, 0, 3, 1, 0, 0, 0, 3, 1, 0, 2, 0, 0, 0, 1, 0, 0, 0, 0, 3, 0, 1, 0, 0, 2, 1, 1, 2, 0, 0, 0, 0, 1, 1, 0, 0, 0, 1, 3, 0, 0, 1, 0, 0, 1, 0, 2, 0, 1, 0, 2, 1, 0, 0, 1, 1, 3, 1, 1, 3, 3, 1, 0, 0, 2, 0, 0, 0, 0, 1, 0, 0, 0, 1, 2, 0, 1, 0, 1, 1, 0, 0, 0, 0, 0],802.1274951829081,57956.38699448537,89691.2003308727,false
28,G1_CMAX,G1_CMAX,[31, 22, 82, 15, 26, 99, 95, 42, 77, 12, 47, 5, 93, 78, 86, 54, 21, 63, 18, 44, 20, 35, 43, 97, 91, 76, 10, 30, 85, 45, 71, 64, 1, 23, 17, 83, 24, 14, 60, 36, 6, 57, 40, 88, 65, 56, 79, 94, 67, 68, 46, 75, 38, 9, 19, 32, 41, 81, 27, 87, 90, 58, 59, 11, 16, 72, 73, 70, 39, 37, 84, 3, 92, 25, 55, 48, 62, 29, 51, 7, 33, 61, 98, 28, 89, 50, 4, 96, 53, 80, 8, 66, 34, 49, 52, 0, 74, 69, 2, 13]|[1, 1, 0, 1, 1, 0, 1, 1, 2, 1, 2, 2, 2, 1, 1, 0, 0, 1, 0, 2, 2, 0, 1, 2, 0, 1, 2, 2, 0, 0, 1, 2, 1, 2, 1, 0, 2, 0, 1, 1, 0, 1, 1, 1, 0, 2, 1, 1, 0, 0, 0, 0, 1, 1, 2, 1, 0, 2, 0, 2, 1, 0, 1, 2, 1, 2, 1, 1, 1, 1, 1, 1, 0, 1, 2, 0, 0, 0, 0, 1, 2, 1, 2, 0, 1, 0, 1, 2, 0, 0, 1, 2, 2, 0, 1, 0, 2, 1, 0, 0]|[0, 3, 2, 2, 4, 1, 2, 3, 2, 4, 1, 1, 2, 4, 4, 1, 1, 4, 2, 1, 1, 1, 1, 2, 1, 2, 1, 1, 2, 1, 3, 2, 3, 1, 4, 0, 1, 1, 0, 3, 2, 2, 2, 0, 1, 1, 0, 4, 0, 1, 2, 2, 1, 4, 0, 3, 1, 1, 1, 1, 3, 1, 1, 1, 3, 0, 4, 3, 1, 4, 1, 1, 0, 4, 1, 1, 2, 1, 1, 1, 1, 3, 1, 2, 1, 1, 4, 1, 2, 1, 3, 1, 1, 1, 1, 2, 1, 4, 2, 2]|[0, 2, 1, 1, 3, 0, 1, 3, 0, 0, 0, 0, 1, 0, 1, 0, 0, 3, 1, 0, 0, 0, 3, 1, 0, 2, 0, 0, 0, 1, 0, 0, 0, 0, 3, 0, 1, 0, 0, 2, 1, 1, 1, 0, 0, 0, 0, 2, 1, 0, 0, 0, 1, 3, 0, 0, 0, 0, 0, 0, 2, 0, 1, 0, 2, 1, 0, 0, 1, 1, 3, 1, 1, 3, 0, 0, 1, 0, 0, 2, 0, 0, 0, 1, 1, 0, 0, 0, 1, 0, 2, 0, 0, 1, 1, 0, 0, 2, 0, 0],731.2476204416437,56806.84376103422,93275.64763277225,false
28,G4_BALANCED,G4_BALANCED,[31, 11, 15, 82, 26, 9, 95, 32, 77, 68, 47, 5, 93, 78, 86, 54, 85, 63, 18, 44, 20, 49, 36, 14, 74, 50, 53, 17, 21, 45, 71, 64, 3, 23, 30, 83, 24, 41, 60, 52, 65, 27, 90, 70, 39, 87, 48, 69, 99, 4, 46, 1, 13, 58, 97, 59, 28, 75, 73, 37, 35, 79, 22, 66, 76, 42, 40, 80, 96, 6, 16, 61, 33, 7, 57, 34, 12, 67, 10, 98, 56, 88, 29, 94, 91, 38, 19, 92, 43, 84, 62, 72, 81, 25, 2, 55, 8, 89, 51, 0]|[2, 1, 1, 2, 1, 2, 1, 1, 1, 1, 1, 0, 2, 2, 1, 2, 0, 0, 0, 2, 2, 1, 0, 2, 0, 2, 2, 1, 0, 1, 1, 1, 0, 0, 1, 0, 2, 1, 2, 2, 0, 0, 1, 1, 0, 2, 0, 2, 1, 0, 0, 2, 0, 0, 2, 0, 1, 0, 0, 0, 2, 1, 0, 2, 2, 0, 2, 2, 0, 1, 2, 1, 1, 2, 0, 1, 1, 1, 1, 2, 2, 1, 1, 2, 1, 0, 1, 0, 1, 0, 1, 1, 1, 1, 2, 0, 1, 1, 1, 0]|[1, 3, 2, 0, 4, 1, 4, 4, 2, 4, 3, 2, 1, 0, 2, 1, 1, 1, 2, 1, 1, 3, 0, 1, 0, 1, 1, 4, 1, 4, 3, 2, 2, 0, 4, 1, 1, 4, 0, 1, 2, 1, 4, 4, 1, 1, 0, 2, 3, 2, 2, 1, 2, 1, 1, 2, 4, 2, 0, 2, 2, 3, 1, 0, 1, 2, 0, 1, 2, 4, 1, 3, 4, 1, 2, 4, 3, 3, 3, 1, 1, 4, 3, 1, 3, 2, 4, 2, 4, 2, 3, 4, 1, 4, 1, 2, 3, 4, 3, 2]|[1, 2, 1, 0, 3, 0, 1, 3, 0, 0, 2, 0, 1, 0, 1, 0, 0, 0, 1, 0, 0, 2, 0, 0, 1, 0, 0, 3, 0, 1, 0, 2, 0, 1, 3, 0, 1, 3, 1, 0, 0, 0, 1, 3, 0, 0, 1, 0, 2, 0, 0, 0, 0, 0, 1, 0, 1, 0, 1, 1, 0, 2, 0, 0, 0, 0, 0, 0, 0, 2, 0, 0, 1, 0, 0, 1, 0, 0, 3, 0, 0, 1, 0, 0, 0, 0, 3, 0, 2, 0, 0, 2, 1, 3, 0, 0, 0, 1, 0, 0],842.584363225019,52352.15155925938,107294.36147715819,false
28,G2_TEC,G2_TEC,[31, 22, 82, 15, 26, 9, 95, 42, 77, 68, 47, 5, 93, 78, 86, 54, 85, 63, 18, 44, 20, 49, 36, 14, 74, 50, 53, 17, 21, 28, 11, 64, 3, 23, 30, 83, 24, 41, 40, 52, 65, 27, 90, 70, 39, 87, 48, 69, 99, 4, 46, 1, 13, 58, 97, 59, 45, 8, 73, 37, 35, 79, 71, 66, 76, 32, 60, 80, 96, 6, 16, 61, 33, 7, 57, 34, 12, 67, 10, 98, 56, 88, 43, 75, 91, 38, 19, 92, 29, 84, 2, 72, 81, 25, 51, 55, 62, 89, 94, 0]|[2, 1, 2, 1, 1, 2, 1, 1, 1, 1, 1, 0, 2, 2, 1, 2, 0, 0, 0, 2, 2, 1, 0, 2, 0, 2, 2, 1, 0, 1, 1, 1, 0, 0, 1, 0, 2, 1, 2, 2, 0, 0, 1, 1, 0, 2, 0, 2, 1, 0, 0, 2, 0, 0, 2, 0, 1, 1, 0, 0, 2, 1, 1, 2, 2, 0, 2, 2, 0, 1, 2, 1, 1, 2, 0, 1, 1, 1, 1, 2, 2, 1, 1, 0, 1, 0, 1, 0, 1, 0, 2, 1, 1, 1, 1, 0, 1, 1, 2, 0]|[0, 3, 0, 3, 4, 1, 4, 4, 2, 4, 3, 2, 1, 0, 2, 1, 1, 1, 2, 1, 1, 3, 0, 1, 0, 1, 1, 4, 1, 4, 3, 2, 2, 0, 4, 1, 1, 4, 1, 1, 2, 1, 4, 4, 1, 1, 0, 2, 3, 2, 2, 1, 2, 1, 1, 2, 4, 3, 0, 2, 2, 3, 3, 0, 1, 2, 1, 1, 2, 4, 1, 3, 4, 1, 2, 4, 3, 3, 3, 1, 1, 4, 4, 2, 3, 2, 4, 2, 3, 2, 1, 4, 4, 4, 3, 2, 3, 4, 1, 2]|[0, 2, 0, 0, 3, 0, 1, 3, 0, 0, 2, 0, 1, 0, 1, 0, 0, 0, 1, 0, 0, 2, 0, 0, 1, 0, 0, 3, 0, 1, 0, 2, 0, 0, 3, 0, 1, 3, 0, 0, 0, 0, 1, 3, 0, 0, 1, 0, 2, 0, 0, 0, 0, 0, 1, 0, 1, 0, 1, 1, 0, 2, 0, 0, 0, 0, 0, 0, 0, 2, 0, 0, 1, 0, 0, 1, 0, 0, 3, 0, 0, 1, 2, 0, 0, 0, 1, 0, 3, 0, 0, 2, 1, 3, 0, 0, 0, 1, 0, 0],884.1935202920454,50174.268870086526,113547.00447605085,false
28,G3_TWC,G3_TWC,[31, 22, 82, 15, 26, 58, 95, 42, 77, 12, 47, 5, 93, 78, 98, 54, 85, 63, 18, 44, 20, 35, 43, 97, 91, 76, 10, 30, 21, 45, 71, 64, 1, 23, 17, 83, 24, 14, 60, 36, 6, 57, 94, 88, 65, 56, 79, 40, 67, 68, 46, 75, 38, 9, 19, 32, 81, 41, 27, 62, 87, 90, 99, 59, 11, 16, 72, 73, 70, 39, 37, 84, 3, 92, 25, 55, 28, 29, 51, 7, 33, 61, 86, 66, 89, 50, 48, 96, 53, 8, 80, 4, 34, 49, 52, 0, 13, 69, 2, 74]|[1, 1, 0, 1, 1, 1, 2, 1, 2, 1, 2, 2, 2, 1, 1, 0, 0, 1, 0, 2, 2, 0, 1, 2, 0, 1, 2, 2, 0, 0, 1, 2, 1, 2, 1, 0, 2, 0, 1, 1, 0, 1, 1, 1, 0, 2, 1, 1, 0, 0, 0, 0, 1, 1, 2, 1, 2, 0, 0, 0, 2, 1, 0, 1, 2, 1, 2, 1, 1, 1, 1, 1, 1, 0, 1, 1, 0, 0, 0, 1, 2, 1, 0, 2, 1, 0, 0, 0, 0, 1, 0, 0, 2, 0, 1, 0, 0, 1, 0, 2]|[4, 3, 2, 2, 0, 0, 2, 2, 2, 4, 1, 1, 2, 4, 4, 1, 2, 4, 2, 1, 1, 1, 1, 2, 1, 2, 1, 1, 1, 1, 3, 2, 3, 0, 4, 0, 1, 1, 0, 3, 2, 2, 4, 0, 1, 1, 0, 2, 0, 1, 2, 2, 1, 4, 0, 3, 2, 1, 1, 2, 1, 3, 1, 1, 1, 3, 0, 4, 3, 1, 4, 1, 1, 2, 4, 4, 2, 1, 1, 3, 1, 3, 1, 1, 1, 1, 1, 1, 2, 3, 1, 2, 1, 1, 1, 2, 2, 3, 2, 1]|[0, 2, 1, 1, 3, 3, 0, 1, 0, 0, 0, 0, 1, 0, 1, 0, 0, 3, 1, 0, 0, 0, 3, 1, 0, 2, 0, 0, 0, 1, 0, 0, 0, 0, 3, 0, 1, 0, 0, 2, 1, 1, 2, 0, 0, 0, 0, 1, 1, 0, 0, 0, 1, 3, 0, 0, 1, 0, 0, 1, 0, 2, 0, 1, 0, 2, 1, 0, 0, 1, 1, 3, 1, 1, 3, 3, 1, 0, 0, 2, 0, 0, 0, 0, 1, 0, 0, 0, 1, 2, 0, 1, 0, 1, 1, 0, 0, 0, 0, 0],802.1274951829081,57956.38699448537,89691.2003308727,false
28,G1_CMAX,G1_CMAX,[31, 22, 82, 15, 26, 99, 95, 42, 77, 12, 47, 5, 93, 78, 86, 54, 21, 63, 18, 44, 20, 35, 43, 97, 91, 76, 10, 30, 85, 45, 71, 64, 1, 23, 17, 83, 24, 14, 60, 36, 6, 57, 40, 88, 65, 56, 79, 94, 67, 68, 46, 75, 38, 9, 19, 32, 41, 81, 27, 87, 90, 58, 59, 11, 16, 72, 73, 70, 39, 37, 84, 3, 92, 25, 55, 48, 62, 29, 51, 7, 33, 61, 98, 28, 89, 50, 4, 96, 53, 80, 8, 66, 34, 49, 52, 0, 74, 69, 2, 13]|[1, 1, 0, 1, 1, 0, 1, 1, 2, 1, 2, 2, 2, 1, 1, 0, 0, 1, 0, 2, 2, 0, 1, 2, 0, 1, 2, 2, 0, 0, 1, 2, 1, 2, 1, 0, 2, 0, 1, 1, 0, 1, 1, 1, 0, 2, 1, 1, 0, 0, 0, 0, 1, 1, 2, 1, 0, 2, 0, 2, 1, 0, 1, 2, 1, 2, 1, 1, 1, 1, 1, 1, 0, 1, 2, 0, 0, 0, 0, 1, 2, 1, 2, 0, 1, 0, 1, 2, 0, 0, 1, 2, 2, 0, 1, 0, 2, 1, 0, 0]|[0, 3, 2, 2, 4, 1, 2, 3, 2, 4, 1, 1, 2, 4, 4, 1, 1, 4, 2, 1, 1, 1, 1, 2, 1, 2, 1, 1, 2, 1, 3, 2, 3, 1, 4, 0, 1, 1, 0, 3, 2, 2, 2, 0, 1, 1, 0, 4, 0, 1, 2, 2, 1, 4, 0, 3, 1, 1, 1, 1, 3, 1, 1, 1, 3, 0, 4, 3, 1, 4, 1, 1, 0, 4, 1, 1, 2, 1, 1, 1, 1, 3, 1, 2, 1, 1, 4, 1, 2, 1, 3, 1, 1, 1, 1, 2, 1, 4, 2, 2]|[0, 2, 1, 1, 3, 0, 1, 3, 0, 0, 0, 0, 1, 0, 1, 0, 0, 3, 1, 0, 0, 0, 3, 1, 0, 2, 0, 0, 0, 1, 0, 0, 0, 0, 3, 0, 1, 0, 0, 2, 1, 1, 1, 0, 0, 0, 0, 2, 1, 0, 0, 0, 1, 3, 0, 0, 0, 0, 0, 0, 2, 0, 1, 0, 2, 1, 0, 0, 1, 1, 3, 1, 1, 3, 0, 0, 1, 0, 0, 2, 0, 0, 0, 1, 1, 0, 0, 0, 1, 0, 2, 0, 0, 1, 1, 0, 0, 2, 0, 0],731.2476204416437,56806.84376103422,93275.64763277225,false
28,G4_BALANCED,G4_BALANCED,[31, 11, 15, 82, 26, 9, 95, 32, 77, 68, 47, 5, 93, 78, 86, 54, 85, 63, 18, 44, 20, 49, 36, 14, 74, 50, 53, 17, 21, 45, 71, 64, 3, 23, 30, 83, 24, 41, 60, 52, 65, 27, 90, 70, 39, 87, 48, 69, 99, 4, 46, 1, 13, 58, 97, 59, 28, 75, 73, 37, 35, 79, 22, 66, 76, 42, 40, 80, 96, 6, 16, 61, 33, 7, 57, 34, 12, 67, 10, 98, 56, 88, 29, 94, 91, 38, 19, 92, 43, 84, 62, 72, 81, 25, 2, 55, 8, 89, 51, 0]|[2, 1, 1, 2, 1, 2, 1, 1, 1, 1, 1, 0, 2, 2, 1, 2, 0, 0, 0, 2, 2, 1, 0, 2, 0, 2, 2, 1, 0, 1, 1, 1, 0, 0, 1, 0, 2, 1, 2, 2, 0, 0, 1, 1, 0, 2, 0, 2, 1, 0, 0, 2, 0, 0, 2, 0, 1, 0, 0, 0, 2, 1, 0, 2, 2, 0, 2, 2, 0, 1, 2, 1, 1, 2, 0, 1, 1, 1, 1, 2, 2, 1, 1, 2, 1, 0, 1, 0, 1, 0, 1, 1, 1, 1, 2, 0, 1, 1, 1, 0]|[1, 3, 2, 0, 4, 1, 4, 4, 2, 4, 3, 2, 1, 0, 2, 1, 1, 1, 2, 1, 1, 3, 0, 1, 0, 1, 1, 4, 1, 4, 3, 2, 2, 0, 4, 1, 1, 4, 0, 1, 2, 1, 4, 4, 1, 1, 0, 2, 3, 2, 2, 1, 2, 1, 1, 2, 4, 2, 0, 2, 2, 3, 1, 0, 1, 2, 0, 1, 2, 4, 1, 3, 4, 1, 2, 4, 3, 3, 3, 1, 1, 4, 3, 1, 3, 2, 4, 2, 4, 2, 3, 4, 1, 4, 1, 2, 3, 4, 3, 2]|[1, 2, 1, 0, 3, 0, 1, 3, 0, 0, 2, 0, 1, 0, 1, 0, 0, 0, 1, 0, 0, 2, 0, 0, 1, 0, 0, 3, 0, 1, 0, 2, 0, 1, 3, 0, 1, 3, 1, 0, 0, 0, 1, 3, 0, 0, 1, 0, 2, 0, 0, 0, 0, 0, 1, 0, 1, 0, 1, 1, 0, 2, 0, 0, 0, 0, 0, 0, 0, 2, 0, 0, 1, 0, 0, 1, 0, 0, 3, 0, 0, 1, 0, 0, 0, 0, 3, 0, 2, 0, 0, 2, 1, 3, 0, 0, 0, 1, 0, 0],842.584363225019,52352.15155925938,107294.36147715819,false
28,G2_TEC,G2_TEC,[31, 22, 82, 15, 26, 9, 95, 42, 77, 68, 47, 5, 93, 78, 86, 54, 85, 63, 18, 44, 20, 49, 36, 14, 74, 50, 53, 17, 21, 28, 11, 64, 3, 23, 30, 83, 24, 41, 40, 52, 65, 27, 90, 70, 39, 87, 48, 69, 99, 4, 46, 1, 13, 58, 97, 59, 45, 8, 73, 37, 35, 79, 71, 66, 76, 32, 60, 80, 96, 6, 16, 61, 33, 7, 57, 34, 12, 67, 10, 98, 56, 88, 43, 75, 91, 38, 19, 92, 29, 84, 2, 72, 81, 25, 51, 55, 62, 89, 94, 0]|[2, 1, 2, 1, 1, 2, 1, 1, 1, 1, 1, 0, 2, 2, 1, 2, 0, 0, 0, 2, 2, 1, 0, 2, 0, 2, 2, 1, 0, 1, 1, 1, 0, 0, 1, 0, 2, 1, 2, 2, 0, 0, 1, 1, 0, 2, 0, 2, 1, 0, 0, 2, 0, 0, 2, 0, 1, 1, 0, 0, 2, 1, 1, 2, 2, 0, 2, 2, 0, 1, 2, 1, 1, 2, 0, 1, 1, 1, 1, 2, 2, 1, 1, 0, 1, 0, 1, 0, 1, 0, 2, 1, 1, 1, 1, 0, 1, 1, 2, 0]|[0, 3, 0, 3, 4, 1, 4, 4, 2, 4, 3, 2, 1, 0, 2, 1, 1, 1, 2, 1, 1, 3, 0, 1, 0, 1, 1, 4, 1, 4, 3, 2, 2, 0, 4, 1, 1, 4, 1, 1, 2, 1, 4, 4, 1, 1, 0, 2, 3, 2, 2, 1, 2, 1, 1, 2, 4, 3, 0, 2, 2, 3, 3, 0, 1, 2, 1, 1, 2, 4, 1, 3, 4, 1, 2, 4, 3, 3, 3, 1, 1, 4, 4, 2, 3, 2, 4, 2, 3, 2, 1, 4, 4, 4, 3, 2, 3, 4, 1, 2]|[0, 2, 0, 0, 3, 0, 1, 3, 0, 0, 2, 0, 1, 0, 1, 0, 0, 0, 1, 0, 0, 2, 0, 0, 1, 0, 0, 3, 0, 1, 0, 2, 0, 0, 3, 0, 1, 3, 0, 0, 0, 0, 1, 3, 0, 0, 1, 0, 2, 0, 0, 0, 0, 0, 1, 0, 1, 0, 1, 1, 0, 2, 0, 0, 0, 0, 0, 0, 0, 2, 0, 0, 1, 0, 0, 1, 0, 0, 3, 0, 0, 1, 2, 0, 0, 0, 1, 0, 3, 0, 0, 2, 1, 3, 0, 0, 0, 1, 0, 0],884.1935202920454,50174.268870086526,113547.00447605085,false
28,G3_TWC,G3_TWC,[31, 22, 82, 15, 26, 58, 95, 42, 77, 12, 47, 5, 93, 78, 98, 54, 85, 63, 18, 44, 20, 35, 43, 97, 91, 76, 10, 30, 21, 45, 71, 64, 1, 23, 17, 83, 24, 14, 60, 36, 6, 57, 94, 88, 65, 56, 79, 40, 67, 68, 46, 75, 38, 9, 19, 32, 81, 41, 27, 62, 87, 90, 99, 59, 11, 16, 72, 73, 70, 39, 37, 84, 3, 92, 25, 55, 28, 29, 51, 7, 33, 61, 86, 66, 89, 50, 48, 96, 53, 8, 80, 4, 34, 49, 52, 0, 13, 69, 2, 74]|[1, 1, 0, 1, 1, 1, 2, 1, 2, 1, 2, 2, 2, 1, 1, 0, 0, 1, 0, 2, 2, 0, 1, 2, 0, 1, 2, 2, 0, 0, 1, 2, 1, 2, 1, 0, 2, 0, 1, 1, 0, 1, 1, 1, 0, 2, 1, 1, 0, 0, 0, 0, 1, 1, 2, 1, 2, 0, 0, 0, 2, 1, 0, 1, 2, 1, 2, 1, 1, 1, 1, 1, 1, 0, 1, 1, 0, 0, 0, 1, 2, 1, 0, 2, 1, 0, 0, 0, 0, 1, 0, 0, 2, 0, 1, 0, 0, 1, 0, 2]|[4, 3, 2, 2, 0, 0, 2, 2, 2, 4, 1, 1, 2, 4, 4, 1, 2, 4, 2, 1, 1, 1, 1, 2, 1, 2, 1, 1, 1, 1, 3, 2, 3, 0, 4, 0, 1, 1, 0, 3, 2, 2, 4, 0, 1, 1, 0, 2, 0, 1, 2, 2, 1, 4, 0, 3, 2, 1, 1, 2, 1, 3, 1, 1, 1, 3, 0, 4, 3, 1, 4, 1, 1, 2, 4, 4, 2, 1, 1, 3, 1, 3, 1, 1, 1, 1, 1, 1, 2, 3, 1, 2, 1, 1, 1, 2, 2, 3, 2, 1]|[0, 2, 1, 1, 3, 3, 0, 1, 0, 0, 0, 0, 1, 0, 1, 0, 0, 3, 1, 0, 0, 0, 3, 1, 0, 2, 0, 0, 0, 1, 0, 0, 0, 0, 3, 0, 1, 0, 0, 2, 1, 1, 2, 0, 0, 0, 0, 1, 1, 0, 0, 0, 1, 3, 0, 0, 1, 0, 0, 1, 0, 2, 0, 1, 0, 2, 1, 0, 0, 1, 1, 3, 1, 1, 3, 3, 1, 0, 0, 2, 0, 0, 0, 0, 1, 0, 0, 0, 1, 2, 0, 1, 0, 1, 1, 0, 0, 0, 0, 0],802.1274951829081,57956.38699448537,89691.2003308727,false
28,G1_CMAX,G1_CMAX,[31, 22, 82, 15, 26, 99, 95, 42, 77, 12, 47, 5, 93, 78, 86, 54, 21, 63, 18, 44, 20, 35, 43, 97, 91, 76, 10, 30, 85, 45, 71, 64, 1, 23, 17, 83, 24, 14, 60, 36, 6, 57, 40, 88, 65, 56, 79, 94, 67, 68, 46, 75, 38, 9, 19, 32, 41, 81, 27, 87, 90, 58, 59, 11, 16, 72, 73, 70, 39, 37, 84, 3, 92, 25, 55, 48, 62, 29, 51, 7, 33, 61, 98, 28, 89, 50, 4, 96, 53, 80, 8, 66, 34, 49, 52, 0, 74, 69, 2, 13]|[1, 1, 0, 1, 1, 0, 1, 1, 2, 1, 2, 2, 2, 1, 1, 0, 0, 1, 0, 2, 2, 0, 1, 2, 0, 1, 2, 2, 0, 0, 1, 2, 1, 2, 1, 0, 2, 0, 1, 1, 0, 1, 1, 1, 0, 2, 1, 1, 0, 0, 0, 0, 1, 1, 2, 1, 0, 2, 0, 2, 1, 0, 1, 2, 1, 2, 1, 1, 1, 1, 1, 1, 0, 1, 2, 0, 0, 0, 0, 1, 2, 1, 2, 0, 1, 0, 1, 2, 0, 0, 1, 2, 2, 0, 1, 0, 2, 1, 0, 0]|[0, 3, 2, 2, 4, 1, 2, 3, 2, 4, 1, 1, 2, 4, 4, 1, 1, 4, 2, 1, 1, 1, 1, 2, 1, 2, 1, 1, 2, 1, 3, 2, 3, 1, 4, 0, 1, 1, 0, 3, 2, 2, 2, 0, 1, 1, 0, 4, 0, 1, 2, 2, 1, 4, 0, 3, 1, 1, 1, 1, 3, 1, 1, 1, 3, 0, 4, 3, 1, 4, 1, 1, 0, 4, 1, 1, 2, 1, 1, 1, 1, 3, 1, 2, 1, 1, 4, 1, 2, 1, 3, 1, 1, 1, 1, 2, 1, 4, 2, 2]|[0, 2, 1, 1, 3, 0, 1, 3, 0, 0, 0, 0, 1, 0, 1, 0, 0, 3, 1, 0, 0, 0, 3, 1, 0, 2, 0, 0, 0, 1, 0, 0, 0, 0, 3, 0, 1, 0, 0, 2, 1, 1, 1, 0, 0, 0, 0, 2, 1, 0, 0, 0, 1, 3, 0, 0, 0, 0, 0, 0, 2, 0, 1, 0, 2, 1, 0, 0, 1, 1, 3, 1, 1, 3, 0, 0, 1, 0, 0, 2, 0, 0, 0, 1, 1, 0, 0, 0, 1, 0, 2, 0, 0, 1, 1, 0, 0, 2, 0, 0],731.2476204416437,56806.84376103422,93275.64763277225,false
28,G4_BALANCED,G4_BALANCED,[31, 11, 15, 82, 26, 9, 95, 32, 77, 68, 47, 5, 93, 78, 86, 54, 85, 63, 18, 44, 20, 49, 36, 14, 74, 50, 53, 17, 21, 45, 71, 64, 3, 23, 30, 83, 24, 41, 60, 52, 65, 27, 90, 70, 39, 87, 48, 69, 99, 4, 46, 1, 13, 58, 97, 59, 28, 75, 73, 37, 35, 79, 22, 66, 76, 42, 40, 80, 96, 6, 16, 61, 33, 7, 57, 34, 12, 67, 10, 98, 56, 88, 29, 94, 91, 38, 19, 92, 43, 84, 62, 72, 81, 25, 2, 55, 8, 89, 51, 0]|[2, 1, 1, 2, 1, 2, 1, 1, 1, 1, 1, 0, 2, 2, 1, 2, 0, 0, 0, 2, 2, 1, 0, 2, 0, 2, 2, 1, 0, 1, 1, 1, 0, 0, 1, 0, 2, 1, 2, 2, 0, 0, 1, 1, 0, 2, 0, 2, 1, 0, 0, 2, 0, 0, 2, 0, 1, 0, 0, 0, 2, 1, 0, 2, 2, 0, 2, 2, 0, 1, 2, 1, 1, 2, 0, 1, 1, 1, 1, 2, 2, 1, 1, 2, 1, 0, 1, 0, 1, 0, 1, 1, 1, 1, 2, 0, 1, 1, 1, 0]|[1, 3, 2, 0, 4, 1, 4, 4, 2, 4, 3, 2, 1, 0, 2, 1, 1, 1, 2, 1, 1, 3, 0, 1, 0, 1, 1, 4, 1, 4, 3, 2, 2, 0, 4, 1, 1, 4, 0, 1, 2, 1, 4, 4, 1, 1, 0, 2, 3, 2, 2, 1, 2, 1, 1, 2, 4, 2, 0, 2, 2, 3, 1, 0, 1, 2, 0, 1, 2, 4, 1, 3, 4, 1, 2, 4, 3, 3, 3, 1, 1, 4, 3, 1, 3, 2, 4, 2, 4, 2, 3, 4, 1, 4, 1, 2, 3, 4, 3, 2]|[1, 2, 1, 0, 3, 0, 1, 3, 0, 0, 2, 0, 1, 0, 1, 0, 0, 0, 1, 0, 0, 2, 0, 0, 1, 0, 0, 3, 0, 1, 0, 2, 0, 1, 3, 0, 1, 3, 1, 0, 0, 0, 1, 3, 0, 0, 1, 0, 2, 0, 0, 0, 0, 0, 1, 0, 1, 0, 1, 1, 0, 2, 0, 0, 0, 0, 0, 0, 0, 2, 0, 0, 1, 0, 0, 1, 0, 0, 3, 0, 0, 1, 0, 0, 0, 0, 3, 0, 2, 0, 0, 2, 1, 3, 0, 0, 0, 1, 0, 0],842.584363225019,52352.15155925938,107294.36147715819,false
28,G2_TEC,G2_TEC,[31, 22, 82, 15, 26, 9, 95, 42, 77, 68, 47, 5, 93, 78, 86, 54, 85, 63, 18, 44, 20, 49, 36, 14, 74, 50, 53, 17, 21, 28, 11, 64, 3, 23, 30, 83, 24, 41, 40, 52, 65, 27, 90, 70, 39, 87, 48, 69, 99, 4, 46, 1, 13, 58, 97, 59, 45, 8, 73, 37, 35, 79, 71, 66, 76, 32, 60, 80, 96, 6, 16, 61, 33, 7, 57, 34, 12, 67, 10, 98, 56, 88, 43, 75, 91, 38, 19, 92, 29, 84, 2, 72, 81, 25, 51, 55, 62, 89, 94, 0]|[2, 1, 2, 1, 1, 2, 1, 1, 1, 1, 1, 0, 2, 2, 1, 2, 0, 0, 0, 2, 2, 1, 0, 2, 0, 2, 2, 1, 0, 1, 1, 1, 0, 0, 1, 0, 2, 1, 2, 2, 0, 0, 1, 1, 0, 2, 0, 2, 1, 0, 0, 2, 0, 0, 2, 0, 1, 1, 0, 0, 2, 1, 1, 2, 2, 0, 2, 2, 0, 1, 2, 1, 1, 2, 0, 1, 1, 1, 1, 2, 2, 1, 1, 0, 1, 0, 1, 0, 1, 0, 2, 1, 1, 1, 1, 0, 1, 1, 2, 0]|[0, 3, 0, 3, 4, 1, 4, 4, 2, 4, 3, 2, 1, 0, 2, 1, 1, 1, 2, 1, 1, 3, 0, 1, 0, 1, 1, 4, 1, 4, 3, 2, 2, 0, 4, 1, 1, 4, 1, 1, 2, 1, 4, 4, 1, 1, 0, 2, 3, 2, 2, 1, 2, 1, 1, 2, 4, 3, 0, 2, 2, 3, 3, 0, 1, 2, 1, 1, 2, 4, 1, 3, 4, 1, 2, 4, 3, 3, 3, 1, 1, 4, 4, 2, 3, 2, 4, 2, 3, 2, 1, 4, 4, 4, 3, 2, 3, 4, 1, 2]|[0, 2, 0, 0, 3, 0, 1, 3, 0, 0, 2, 0, 1, 0, 1, 0, 0, 0, 1, 0, 0, 2, 0, 0, 1, 0, 0, 3, 0, 1, 0, 2, 0, 0, 3, 0, 1, 3, 0, 0, 0, 0, 1, 3, 0, 0, 1, 0, 2, 0, 0, 0, 0, 0, 1, 0, 1, 0, 1, 1, 0, 2, 0, 0, 0, 0, 0, 0, 0, 2, 0, 0, 1, 0, 0, 1, 0, 0, 3, 0, 0, 1, 2, 0, 0, 0, 1, 0, 3, 0, 0, 2, 1, 3, 0, 0, 0, 1, 0, 0],884.1935202920454,50174.268870086526,113547.00447605085,false
28,G3_TWC,G3_TWC,[31, 22, 82, 15, 26, 58, 95, 42, 77, 12, 47, 5, 93, 78, 98, 54, 85, 63, 18, 44, 20, 35, 43, 97, 91, 76, 10, 30, 21, 45, 71, 64, 1, 23, 17, 83, 24, 14, 60, 36, 6, 57, 94, 88, 65, 56, 79, 40, 67, 68, 46, 75, 38, 9, 19, 32, 81, 41, 27, 62, 87, 90, 99, 59, 11, 16, 72, 73, 70, 39, 37, 84, 3, 92, 25, 55, 28, 29, 51, 7, 33, 61, 86, 66, 89, 50, 48, 96, 53, 8, 80, 4, 34, 49, 52, 0, 13, 69, 2, 74]|[1, 1, 0, 1, 1, 1, 2, 1, 2, 1, 2, 2, 2, 1, 1, 0, 0, 1, 0, 2, 2, 0, 1, 2, 0, 1, 2, 2, 0, 0, 1, 2, 1, 2, 1, 0, 2, 0, 1, 1, 0, 1, 1, 1, 0, 2, 1, 1, 0, 0, 0, 0, 1, 1, 2, 1, 2, 0, 0, 0, 2, 1, 0, 1, 2, 1, 2, 1, 1, 1, 1, 1, 1, 0, 1, 1, 0, 0, 0, 1, 2, 1, 0, 2, 1, 0, 0, 0, 0, 1, 0, 0, 2, 0, 1, 0, 0, 1, 0, 2]|[4, 3, 2, 2, 0, 0, 2, 2, 2, 4, 1, 1, 2, 4, 4, 1, 2, 4, 2, 1, 1, 1, 1, 2, 1, 2, 1, 1, 1, 1, 3, 2, 3, 0, 4, 0, 1, 1, 0, 3, 2, 2, 4, 0, 1, 1, 0, 2, 0, 1, 2, 2, 1, 4, 0, 3, 2, 1, 1, 2, 1, 3, 1, 1, 1, 3, 0, 4, 3, 1, 4, 1, 1, 2, 4, 4, 2, 1, 1, 3, 1, 3, 1, 1, 1, 1, 1, 1, 2, 3, 1, 2, 1, 1, 1, 2, 2, 3, 2, 1]|[0, 2, 1, 1, 3, 3, 0, 1, 0, 0, 0, 0, 1, 0, 1, 0, 0, 3, 1, 0, 0, 0, 3, 1, 0, 2, 0, 0, 0, 1, 0, 0, 0, 0, 3, 0, 1, 0, 0, 2, 1, 1, 2, 0, 0, 0, 0, 1, 1, 0, 0, 0, 1, 3, 0, 0, 1, 0, 0, 1, 0, 2, 0, 1, 0, 2, 1, 0, 0, 1, 1, 3, 1, 1, 3, 3, 1, 0, 0, 2, 0, 0, 0, 0, 1, 0, 0, 0, 1, 2, 0, 1, 0, 1, 1, 0, 0, 0, 0, 0],802.1274951829081,57956.38699448537,89691.2003308727,false
28,G1_CMAX,G1_CMAX,[31, 22, 82, 15, 26, 99, 95, 42, 77, 12, 47, 5, 93, 78, 86, 54, 21, 63, 18, 44, 20, 35, 43, 97, 91, 76, 10, 30, 85, 45, 71, 64, 1, 23, 17, 83, 24, 14, 60, 36, 6, 57, 40, 88, 65, 56, 79, 94, 67, 68, 46, 75, 38, 9, 19, 32, 41, 81, 27, 87, 90, 58, 59, 11, 16, 72, 73, 70, 39, 37, 84, 3, 92, 25, 55, 48, 62, 29, 51, 7, 33, 61, 98, 28, 89, 50, 4, 96, 53, 80, 8, 66, 34, 49, 52, 0, 74, 69, 2, 13]|[1, 1, 0, 1, 1, 0, 1, 1, 2, 1, 2, 2, 2, 1, 1, 0, 0, 1, 0, 2, 2, 0, 1, 2, 0, 1, 2, 2, 0, 0, 1, 2, 1, 2, 1, 0, 2, 0, 1, 1, 0, 1, 1, 1, 0, 2, 1, 1, 0, 0, 0, 0, 1, 1, 2, 1, 0, 2, 0, 2, 1, 0, 1, 2, 1, 2, 1, 1, 1, 1, 1, 1, 0, 1, 2, 0, 0, 0, 0, 1, 2, 1, 2, 0, 1, 0, 1, 2, 0, 0, 1, 2, 2, 0, 1, 0, 2, 1, 0, 0]|[0, 3, 2, 2, 4, 1, 2, 3, 2, 4, 1, 1, 2, 4, 4, 1, 1, 4, 2, 1, 1, 1, 1, 2, 1, 2, 1, 1, 2, 1, 3, 2, 3, 1, 4, 0, 1, 1, 0, 3, 2, 2, 2, 0, 1, 1, 0, 4, 0, 1, 2, 2, 1, 4, 0, 3, 1, 1, 1, 1, 3, 1, 1, 1, 3, 0, 4, 3, 1, 4, 1, 1, 0, 4, 1, 1, 2, 1, 1, 1, 1, 3, 1, 2, 1, 1, 4, 1, 2, 1, 3, 1, 1, 1, 1, 2, 1, 4, 2, 2]|[0, 2, 1, 1, 3, 0, 1, 3, 0, 0, 0, 0, 1, 0, 1, 0, 0, 3, 1, 0, 0, 0, 3, 1, 0, 2, 0, 0, 0, 1, 0, 0, 0, 0, 3, 0, 1, 0, 0, 2, 1, 1, 1, 0, 0, 0, 0, 2, 1, 0, 0, 0, 1, 3, 0, 0, 0, 0, 0, 0, 2, 0, 1, 0, 2, 1, 0, 0, 1, 1, 3, 1, 1, 3, 0, 0, 1, 0, 0, 2, 0, 0, 0, 1, 1, 0, 0, 0, 1, 0, 2, 0, 0, 1, 1, 0, 0, 2, 0, 0],731.2476204416437,56806.84376103422,93275.64763277225,false
28,G4_BALANCED,G4_BALANCED,[31, 11, 15, 82, 26, 9, 95, 32, 77, 68, 47, 5, 93, 78, 86, 54, 85, 63, 18, 44, 20, 49, 36, 14, 74, 50, 53, 17, 21, 45, 71, 64, 3, 23, 30, 83, 24, 41, 60, 52, 65, 27, 90, 70, 39, 87, 48, 69, 99, 4, 46, 1, 13, 58, 97, 59, 28, 75, 73, 37, 35, 79, 22, 66, 76, 42, 40, 80, 96, 6, 16, 61, 33, 7, 57, 34, 12, 67, 10, 98, 56, 88, 29, 94, 91, 38, 19, 92, 43, 84, 62, 72, 81, 25, 2, 55, 8, 89, 51, 0]|[2, 1, 1, 2, 1, 2, 1, 1, 1, 1, 1, 0, 2, 2, 1, 2, 0, 0, 0, 2, 2, 1, 0, 2, 0, 2, 2, 1, 0, 1, 1, 1, 0, 0, 1, 0, 2, 1, 2, 2, 0, 0, 1, 1, 0, 2, 0, 2, 1, 0, 0, 2, 0, 0, 2, 0, 1, 0, 0, 0, 2, 1, 0, 2, 2, 0, 2, 2, 0, 1, 2, 1, 1, 2, 0, 1, 1, 1, 1, 2, 2, 1, 1, 2, 1, 0, 1, 0, 1, 0, 1, 1, 1, 1, 2, 0, 1, 1, 1, 0]|[1, 3, 2, 0, 4, 1, 4, 4, 2, 4, 3, 2, 1, 0, 2, 1, 1, 1, 2, 1, 1, 3, 0, 1, 0, 1, 1, 4, 1, 4, 3, 2, 2, 0, 4, 1, 1, 4, 0, 1, 2, 1, 4, 4, 1, 1, 0, 2, 3, 2, 2, 1, 2, 1, 1, 2, 4, 2, 0, 2, 2, 3, 1, 0, 1, 2, 0, 1, 2, 4, 1, 3, 4, 1, 2, 4, 3, 3, 3, 1, 1, 4, 3, 1, 3, 2, 4, 2, 4, 2, 3, 4, 1, 4, 1, 2, 3, 4, 3, 2]|[1, 2, 1, 0, 3, 0, 1, 3, 0, 0, 2, 0, 1, 0, 1, 0, 0, 0, 1, 0, 0, 2, 0, 0, 1, 0, 0, 3, 0, 1, 0, 2, 0, 1, 3, 0, 1, 3, 1, 0, 0, 0, 1, 3, 0, 0, 1, 0, 2, 0, 0, 0, 0, 0, 1, 0, 1, 0, 1, 1, 0, 2, 0, 0, 0, 0, 0, 0, 0, 2, 0, 0, 1, 0, 0, 1, 0, 0, 3, 0, 0, 1, 0, 0, 0, 0, 3, 0, 2, 0, 0, 2, 1, 3, 0, 0, 0, 1, 0, 0],842.584363225019,52352.15155925938,107294.36147715819,false
28,G2_TEC,G2_TEC,[31, 22, 82, 15, 26, 9, 95, 42, 77, 68, 47, 5, 93, 78, 86, 54, 85, 63, 18, 44, 20, 49, 36, 14, 74, 50, 53, 17, 21, 28, 11, 64, 3, 23, 30, 83, 24, 41, 40, 52, 65, 27, 90, 70, 39, 87, 48, 69, 99, 4, 46, 1, 13, 58, 97, 59, 45, 8, 73, 37, 35, 79, 71, 66, 76, 32, 60, 80, 96, 6, 16, 61, 33, 7, 57, 34, 12, 67, 10, 98, 56, 88, 43, 75, 91, 38, 19, 92, 29, 84, 2, 72, 81, 25, 51, 55, 62, 89, 94, 0]|[2, 1, 2, 1, 1, 2, 1, 1, 1, 1, 1, 0, 2, 2, 1, 2, 0, 0, 0, 2, 2, 1, 0, 2, 0, 2, 2, 1, 0, 1, 1, 1, 0, 0, 1, 0, 2, 1, 2, 2, 0, 0, 1, 1, 0, 2, 0, 2, 1, 0, 0, 2, 0, 0, 2, 0, 1, 1, 0, 0, 2, 1, 1, 2, 2, 0, 2, 2, 0, 1, 2, 1, 1, 2, 0, 1, 1, 1, 1, 2, 2, 1, 1, 0, 1, 0, 1, 0, 1, 0, 2, 1, 1, 1, 1, 0, 1, 1, 2, 0]|[0, 3, 0, 3, 4, 1, 4, 4, 2, 4, 3, 2, 1, 0, 2, 1, 1, 1, 2, 1, 1, 3, 0, 1, 0, 1, 1, 4, 1, 4, 3, 2, 2, 0, 4, 1, 1, 4, 1, 1, 2, 1, 4, 4, 1, 1, 0, 2, 3, 2, 2, 1, 2, 1, 1, 2, 4, 3, 0, 2, 2, 3, 3, 0, 1, 2, 1, 1, 2, 4, 1, 3, 4, 1, 2, 4, 3, 3, 3, 1, 1, 4, 4, 2, 3, 2, 4, 2, 3, 2, 1, 4, 4, 4, 3, 2, 3, 4, 1, 2]|[0, 2, 0, 0, 3, 0, 1, 3, 0, 0, 2, 0, 1, 0, 1, 0, 0, 0, 1, 0, 0, 2, 0, 0, 1, 0, 0, 3, 0, 1, 0, 2, 0, 0, 3, 0, 1, 3, 0, 0, 0, 0, 1, 3, 0, 0, 1, 0, 2, 0, 0, 0, 0, 0, 1, 0, 1, 0, 1, 1, 0, 2, 0, 0, 0, 0, 0, 0, 0, 2, 0, 0, 1, 0, 0, 1, 0, 0, 3, 0, 0, 1, 2, 0, 0, 0, 1, 0, 3, 0, 0, 2, 1, 3, 0, 0, 0, 1, 0, 0],884.1935202920454,50174.268870086526,113547.00447605085,false
28,G3_TWC,G3_TWC,[31, 22, 82, 15, 26, 58, 95, 42, 77, 12, 47, 5, 93, 78, 98, 54, 85, 63, 18, 44, 20, 35, 43, 97, 91, 76, 10, 30, 21, 45, 71, 64, 1, 23, 17, 83, 24, 14, 60, 36, 6, 57, 94, 88, 65, 56, 79, 40, 67, 68, 46, 75, 38, 9, 19, 32, 81, 41, 27, 62, 87, 90, 99, 59, 11, 16, 72, 73, 70, 39, 37, 84, 3, 92, 25, 55, 28, 29, 51, 7, 33, 61, 86, 66, 89, 50, 48, 96, 53, 8, 80, 4, 34, 49, 52, 0, 13, 69, 2, 74]|[1, 1, 0, 1, 1, 1, 2, 1, 2, 1, 2, 2, 2, 1, 1, 0, 0, 1, 0, 2, 2, 0, 1, 2, 0, 1, 2, 2, 0, 0, 1, 2, 1, 2, 1, 0, 2, 0, 1, 1, 0, 1, 1, 1, 0, 2, 1, 1, 0, 0, 0, 0, 1, 1, 2, 1, 2, 0, 0, 0, 2, 1, 0, 1, 2, 1, 2, 1, 1, 1, 1, 1, 1, 0, 1, 1, 0, 0, 0, 1, 2, 1, 0, 2, 1, 0, 0, 0, 0, 1, 0, 0, 2, 0, 1, 0, 0, 1, 0, 2]|[4, 3, 2, 2, 0, 0, 2, 2, 2, 4, 1, 1, 2, 4, 4, 1, 2, 4, 2, 1, 1, 1, 1, 2, 1, 2, 1, 1, 1, 1, 3, 2, 3, 0, 4, 0, 1, 1, 0, 3, 2, 2, 4, 0, 1, 1, 0, 2, 0, 1, 2, 2, 1, 4, 0, 3, 2, 1, 1, 2, 1, 3, 1, 1, 1, 3, 0, 4, 3, 1, 4, 1, 1, 2, 4, 4, 2, 1, 1, 3, 1, 3, 1, 1, 1, 1, 1, 1, 2, 3, 1, 2, 1, 1, 1, 2, 2, 3, 2, 1]|[0, 2, 1, 1, 3, 3, 0, 1, 0, 0, 0, 0, 1, 0, 1, 0, 0, 3, 1, 0, 0, 0, 3, 1, 0, 2, 0, 0, 0, 1, 0, 0, 0, 0, 3, 0, 1, 0, 0, 2, 1, 1, 2, 0, 0, 0, 0, 1, 1, 0, 0, 0, 1, 3, 0, 0, 1, 0, 0, 1, 0, 2, 0, 1, 0, 2, 1, 0, 0, 1, 1, 3, 1, 1, 3, 3, 1, 0, 0, 2, 0, 0, 0, 0, 1, 0, 0, 0, 1, 2, 0, 1, 0, 1, 1, 0, 0, 0, 0, 0],802.1274951829081,57956.38699448537,89691.2003308727,false
28,G1_CMAX,G1_CMAX,[31, 22, 82, 15, 26, 99, 95, 42, 77, 12, 47, 5, 93, 78, 86, 54, 21, 63, 18, 44, 20, 35, 43, 97, 91, 76, 10, 30, 85, 45, 71, 64, 1, 23, 17, 83, 24, 14, 60, 36, 6, 57, 40, 88, 65, 56, 79, 94, 67, 68, 46, 75, 38, 9, 19, 32, 41, 81, 27, 87, 90, 58, 59, 11, 16, 72, 73, 70, 39, 37, 84, 3, 92, 25, 55, 48, 62, 29, 51, 7, 33, 61, 98, 28, 89, 50, 4, 96, 53, 80, 8, 66, 34, 49, 52, 0, 74, 69, 2, 13]|[1, 1, 0, 1, 1, 0, 1, 1, 2, 1, 2, 2, 2, 1, 1, 0, 0, 1, 0, 2, 2, 0, 1, 2, 0, 1, 2, 2, 0, 0, 1, 2, 1, 2, 1, 0, 2, 0, 1, 1, 0, 1, 1, 1, 0, 2, 1, 1, 0, 0, 0, 0, 1, 1, 2, 1, 0, 2, 0, 2, 1, 0, 1, 2, 1, 2, 1, 1, 1, 1, 1, 1, 0, 1, 2, 0, 0, 0, 0, 1, 2, 1, 2, 0, 1, 0, 1, 2, 0, 0, 1, 2, 2, 0, 1, 0, 2, 1, 0, 0]|[0, 3, 2, 2, 4, 1, 2, 3, 2, 4, 1, 1, 2, 4, 4, 1, 1, 4, 2, 1, 1, 1, 1, 2, 1, 2, 1, 1, 2, 1, 3, 2, 3, 1, 4, 0, 1, 1, 0, 3, 2, 2, 2, 0, 1, 1, 0, 4, 0, 1, 2, 2, 1, 4, 0, 3, 1, 1, 1, 1, 3, 1, 1, 1, 3, 0, 4, 3, 1, 4, 1, 1, 0, 4, 1, 1, 2, 1, 1, 1, 1, 3, 1, 2, 1, 1, 4, 1, 2, 1, 3, 1, 1, 1, 1, 2, 1, 4, 2, 2]|[0, 2, 1, 1, 3, 0, 1, 3, 0, 0, 0, 0, 1, 0, 1, 0, 0, 3, 1, 0, 0, 0, 3, 1, 0, 2, 0, 0, 0, 1, 0, 0, 0, 0, 3, 0, 1, 0, 0, 2, 1, 1, 1, 0, 0, 0, 0, 2, 1, 0, 0, 0, 1, 3, 0, 0, 0, 0, 0, 0, 2, 0, 1, 0, 2, 1, 0, 0, 1, 1, 3, 1, 1, 3, 0, 0, 1, 0, 0, 2, 0, 0, 0, 1, 1, 0, 0, 0, 1, 0, 2, 0, 0, 1, 1, 0, 0, 2, 0, 0],731.2476204416437,56806.84376103422,93275.64763277225,false
28,G4_BALANCED,G4_BALANCED,[31, 11, 15, 82, 26, 9, 95, 32, 77, 68, 47, 5, 93, 78, 86, 54, 85, 63, 18, 44, 20, 49, 36, 14, 74, 50, 53, 17, 21, 45, 71, 64, 3, 23, 30, 83, 24, 41, 60, 52, 65, 27, 90, 70, 39, 87, 48, 69, 99, 4, 46, 1, 13, 58, 97, 59, 28, 75, 73, 37, 35, 79, 22, 66, 76, 42, 40, 80, 96, 6, 16, 61, 33, 7, 57, 34, 12, 67, 10, 98, 56, 88, 29, 94, 91, 38, 19, 92, 43, 84, 62, 72, 81, 25, 2, 55, 8, 89, 51, 0]|[2, 1, 1, 2, 1, 2, 1, 1, 1, 1, 1, 0, 2, 2, 1, 2, 0, 0, 0, 2, 2, 1, 0, 2, 0, 2, 2, 1, 0, 1, 1, 1, 0, 0, 1, 0, 2, 1, 2, 2, 0, 0, 1, 1, 0, 2, 0, 2, 1, 0, 0, 2, 0, 0, 2, 0, 1, 0, 0, 0, 2, 1, 0, 2, 2, 0, 2, 2, 0, 1, 2, 1, 1, 2, 0, 1, 1, 1, 1, 2, 2, 1, 1, 2, 1, 0, 1, 0, 1, 0, 1, 1, 1, 1, 2, 0, 1, 1, 1, 0]|[1, 3, 2, 0, 4, 1, 4, 4, 2, 4, 3, 2, 1, 0, 2, 1, 1, 1, 2, 1, 1, 3, 0, 1, 0, 1, 1, 4, 1, 4, 3, 2, 2, 0, 4, 1, 1, 4, 0, 1, 2, 1, 4, 4, 1, 1, 0, 2, 3, 2, 2, 1, 2, 1, 1, 2, 4, 2, 0, 2, 2, 3, 1, 0, 1, 2, 0, 1, 2, 4, 1, 3, 4, 1, 2, 4, 3, 3, 3, 1, 1, 4, 3, 1, 3, 2, 4, 2, 4, 2, 3, 4, 1, 4, 1, 2, 3, 4, 3, 2]|[1, 2, 1, 0, 3, 0, 1, 3, 0, 0, 2, 0, 1, 0, 1, 0, 0, 0, 1, 0, 0, 2, 0, 0, 1, 0, 0, 3, 0, 1, 0, 2, 0, 1, 3, 0, 1, 3, 1, 0, 0, 0, 1, 3, 0, 0, 1, 0, 2, 0, 0, 0, 0, 0, 1, 0, 1, 0, 1, 1, 0, 2, 0, 0, 0, 0, 0, 0, 0, 2, 0, 0, 1, 0, 0, 1, 0, 0, 3, 0, 0, 1, 0, 0, 0, 0, 3, 0, 2, 0, 0, 2, 1, 3, 0, 0, 0, 1, 0, 0],842.584363225019,52352.15155925938,107294.36147715819,false
28,G2_TEC,G2_TEC,[31, 22, 82, 15, 26, 9, 95, 42, 77, 68, 47, 5, 93, 78, 86, 54, 85, 63, 18, 44, 20, 49, 36, 14, 74, 50, 53, 17, 21, 28, 11, 64, 3, 23, 30, 83, 24, 41, 40, 52, 65, 27, 90, 70, 39, 87, 48, 69, 99, 4, 46, 1, 13, 58, 97, 59, 45, 8, 73, 37, 35, 79, 71, 66, 76, 32, 60, 80, 96, 6, 16, 61, 33, 7, 57, 34, 12, 67, 10, 98, 56, 88, 43, 75, 91, 38, 19, 92, 29, 84, 2, 72, 81, 25, 51, 55, 62, 89, 94, 0]|[2, 1, 2, 1, 1, 2, 1, 1, 1, 1, 1, 0, 2, 2, 1, 2, 0, 0, 0, 2, 2, 1, 0, 2, 0, 2, 2, 1, 0, 1, 1, 1, 0, 0, 1, 0, 2, 1, 2, 2, 0, 0, 1, 1, 0, 2, 0, 2, 1, 0, 0, 2, 0, 0, 2, 0, 1, 1, 0, 0, 2, 1, 1, 2, 2, 0, 2, 2, 0, 1, 2, 1, 1, 2, 0, 1, 1, 1, 1, 2, 2, 1, 1, 0, 1, 0, 1, 0, 1, 0, 2, 1, 1, 1, 1, 0, 1, 1, 2, 0]|[0, 3, 0, 3, 4, 1, 4, 4, 2, 4, 3, 2, 1, 0, 2, 1, 1, 1, 2, 1, 1, 3, 0, 1, 0, 1, 1, 4, 1, 4, 3, 2, 2, 0, 4, 1, 1, 4, 1, 1, 2, 1, 4, 4, 1, 1, 0, 2, 3, 2, 2, 1, 2, 1, 1, 2, 4, 3, 0, 2, 2, 3, 3, 0, 1, 2, 1, 1, 2, 4, 1, 3, 4, 1, 2, 4, 3, 3, 3, 1, 1, 4, 4, 2, 3, 2, 4, 2, 3, 2, 1, 4, 4, 4, 3, 2, 3, 4, 1, 2]|[0, 2, 0, 0, 3, 0, 1, 3, 0, 0, 2, 0, 1, 0, 1, 0, 0, 0, 1, 0, 0, 2, 0, 0, 1, 0, 0, 3, 0, 1, 0, 2, 0, 0, 3, 0, 1, 3, 0, 0, 0, 0, 1, 3, 0, 0, 1, 0, 2, 0, 0, 0, 0, 0, 1, 0, 1, 0, 1, 1, 0, 2, 0, 0, 0, 0, 0, 0, 0, 2, 0, 0, 1, 0, 0, 1, 0, 0, 3, 0, 0, 1, 2, 0, 0, 0, 1, 0, 3, 0, 0, 2, 1, 3, 0, 0, 0, 1, 0, 0],884.1935202920454,50174.268870086526,113547.00447605085,false
28,G3_TWC,G3_TWC,[31, 22, 82, 15, 26, 58, 95, 42, 77, 12, 47, 5, 93, 78, 98, 54, 85, 63, 18, 44, 20, 35, 43, 97, 91, 76, 10, 30, 21, 45, 71, 64, 1, 23, 17, 83, 24, 14, 60, 36, 6, 57, 94, 88, 65, 56, 79, 40, 67, 68, 46, 75, 38, 9, 19, 32, 81, 41, 27, 62, 87, 90, 99, 59, 11, 16, 72, 73, 70, 39, 37, 84, 3, 92, 25, 55, 28, 29, 51, 7, 33, 61, 86, 66, 89, 50, 48, 96, 53, 8, 80, 4, 34, 49, 52, 0, 13, 69, 2, 74]|[1, 1, 0, 1, 1, 1, 2, 1, 2, 1, 2, 2, 2, 1, 1, 0, 0, 1, 0, 2, 2, 0, 1, 2, 0, 1, 2, 2, 0, 0, 1, 2, 1, 2, 1, 0, 2, 0, 1, 1, 0, 1, 1, 1, 0, 2, 1, 1, 0, 0, 0, 0, 1, 1, 2, 1, 2, 0, 0, 0, 2, 1, 0, 1, 2, 1, 2, 1, 1, 1, 1, 1, 1, 0, 1, 1, 0, 0, 0, 1, 2, 1, 0, 2, 1, 0, 0, 0, 0, 1, 0, 0, 2, 0, 1, 0, 0, 1, 0, 2]|[4, 3, 2, 2, 0, 0, 2, 2, 2, 4, 1, 1, 2, 4, 4, 1, 2, 4, 2, 1, 1, 1, 1, 2, 1, 2, 1, 1, 1, 1, 3, 2, 3, 0, 4, 0, 1, 1, 0, 3, 2, 2, 4, 0, 1, 1, 0, 2, 0, 1, 2, 2, 1, 4, 0, 3, 2, 1, 1, 2, 1, 3, 1, 1, 1, 3, 0, 4, 3, 1, 4, 1, 1, 2, 4, 4, 2, 1, 1, 3, 1, 3, 1, 1, 1, 1, 1, 1, 2, 3, 1, 2, 1, 1, 1, 2, 2, 3, 2, 1]|[0, 2, 1, 1, 3, 3, 0, 1, 0, 0, 0, 0, 1, 0, 1, 0, 0, 3, 1, 0, 0, 0, 3, 1, 0, 2, 0, 0, 0, 1, 0, 0, 0, 0, 3, 0, 1, 0, 0, 2, 1, 1, 2, 0, 0, 0, 0, 1, 1, 0, 0, 0, 1, 3, 0, 0, 1, 0, 0, 1, 0, 2, 0, 1, 0, 2, 1, 0, 0, 1, 1, 3, 1, 1, 3, 3, 1, 0, 0, 2, 0, 0, 0, 0, 1, 0, 0, 0, 1, 2, 0, 1, 0, 1, 1, 0, 0, 0, 0, 0],802.1274951829081,57956.38699448537,89691.2003308727,false
28,G1_CMAX,G1_CMAX,[31, 22, 82, 15, 26, 99, 95, 42, 77, 12, 47, 5, 93, 78, 86, 54, 21, 63, 18, 44, 20, 35, 43, 97, 91, 76, 10, 30, 85, 45, 71, 64, 1, 23, 17, 83, 24, 14, 60, 36, 6, 57, 40, 88, 65, 56, 79, 94, 67, 68, 46, 75, 38, 9, 19, 32, 41, 81, 27, 87, 90, 58, 59, 11, 16, 72, 73, 70, 39, 37, 84, 3, 92, 25, 55, 48, 62, 29, 51, 7, 33, 61, 98, 28, 89, 50, 4, 96, 53, 80, 8, 66, 34, 49, 52, 0, 74, 69, 2, 13]|[1, 1, 0, 1, 1, 0, 1, 1, 2, 1, 2, 2, 2, 1, 1, 0, 0, 1, 0, 2, 2, 0, 1, 2, 0, 1, 2, 2, 0, 0, 1, 2, 1, 2, 1, 0, 2, 0, 1, 1, 0, 1, 1, 1, 0, 2, 1, 1, 0, 0, 0, 0, 1, 1, 2, 1, 0, 2, 0, 2, 1, 0, 1, 2, 1, 2, 1, 1, 1, 1, 1, 1, 0, 1, 2, 0, 0, 0, 0, 1, 2, 1, 2, 0, 1, 0, 1, 2, 0, 0, 1, 2, 2, 0, 1, 0, 2, 1, 0, 0]|[0, 3, 2, 2, 4, 1, 2, 3, 2, 4, 1, 1, 2, 4, 4, 1, 1, 4, 2, 1, 1, 1, 1, 2, 1, 2, 1, 1, 2, 1, 3, 2, 3, 1, 4, 0, 1, 1, 0, 3, 2, 2, 2, 0, 1, 1, 0, 4, 0, 1, 2, 2, 1, 4, 0, 3, 1, 1, 1, 1, 3, 1, 1, 1, 3, 0, 4, 3, 1, 4, 1, 1, 0, 4, 1, 1, 2, 1, 1, 1, 1, 3, 1, 2, 1, 1, 4, 1, 2, 1, 3, 1, 1, 1, 1, 2, 1, 4, 2, 2]|[0, 2, 1, 1, 3, 0, 1, 3, 0, 0, 0, 0, 1, 0, 1, 0, 0, 3, 1, 0, 0, 0, 3, 1, 0, 2, 0, 0, 0, 1, 0, 0, 0, 0, 3, 0, 1, 0, 0, 2, 1, 1, 1, 0, 0, 0, 0, 2, 1, 0, 0, 0, 1, 3, 0, 0, 0, 0, 0, 0, 2, 0, 1, 0, 2, 1, 0, 0, 1, 1, 3, 1, 1, 3, 0, 0, 1, 0, 0, 2, 0, 0, 0, 1, 1, 0, 0, 0, 1, 0, 2, 0, 0, 1, 1, 0, 0, 2, 0, 0],731.2476204416437,56806.84376103422,93275.64763277225,false
28,G4_BALANCED,G4_BALANCED,[31, 22, 82, 15, 26, 58, 95, 42, 77, 12, 47, 5, 93, 78, 86, 54, 85, 63, 18, 72, 20, 35, 43, 97, 91, 76, 10, 30, 21, 45, 71, 64, 1, 23, 17, 83, 24, 14, 60, 36, 6, 57, 40, 88, 65, 56, 79, 94, 67, 41, 68, 75, 38, 9, 19, 32, 81, 55, 27, 62, 87, 90, 99, 59, 11, 16, 73, 70, 39, 37, 84, 3, 44, 92, 25, 46, 28, 29, 51, 7, 66, 61, 98, 48, 89, 50, 4, 96, 53, 80, 8, 33, 34, 2, 52, 13, 0, 69, 74, 49]|[1, 1, 0, 1, 1, 0, 1, 1, 2, 1, 2, 2, 2, 1, 1, 0, 0, 1, 0, 2, 2, 0, 0, 2, 0, 1, 2, 2, 0, 0, 1, 2, 1, 2, 1, 0, 2, 0, 1, 1, 0, 1, 1, 1, 0, 2, 1, 1, 0, 0, 0, 0, 1, 1, 2, 1, 2, 0, 0, 0, 2, 1, 1, 2, 2, 1, 1, 1, 1, 1, 1, 1, 2, 0, 1, 0, 2, 0, 0, 1, 2, 1, 2, 0, 1, 0, 0, 2, 0, 0, 1, 2, 2, 0, 1, 0, 0, 1, 2, 0]|[4, 3, 2, 2, 4, 1, 2, 3, 2, 4, 1, 1, 2, 4, 4, 1, 2, 4, 2, 1, 1, 1, 1, 2, 1, 2, 1, 1, 2, 1, 3, 2, 3, 1, 4, 0, 1, 1, 0, 3, 2, 2, 2, 0, 1, 1, 0, 4, 0, 1, 2, 2, 1, 4, 0, 3, 2, 1, 1, 2, 1, 3, 1, 1, 1, 3, 4, 3, 1, 4, 1, 1, 1, 0, 4, 2, 1, 1, 1, 1, 1, 3, 1, 1, 1, 1, 2, 1, 2, 1, 3, 1, 1, 2, 1, 2, 2, 4, 1, 1]|[0, 2, 1, 1, 3, 0, 1, 3, 0, 0, 0, 0, 1, 0, 1, 0, 0, 3, 1, 0, 0, 0, 0, 1, 0, 2, 0, 0, 0, 1, 0, 0, 0, 0, 3, 0, 1, 0, 0, 2, 1, 1, 1, 0, 0, 0, 0, 2, 1, 0, 0, 0, 1, 3, 0, 0, 1, 0, 0, 1, 0, 2, 1, 0, 0, 2, 0, 0, 1, 1, 3, 1, 0, 1, 3, 0, 0, 0, 0, 2, 0, 0, 0, 0, 1, 0, 1, 0, 1, 0, 2, 0, 0, 0, 1, 0, 0, 2, 0, 1],748.1746824614548,55851.7813185282,94955.23350386188,false
28,G2_TEC,G2_TEC,[31, 22, 82, 15, 26, 9, 95, 42, 77, 68, 47, 5, 93, 78, 86, 54, 85, 63, 18, 44, 20, 49, 36, 14, 74, 50, 53, 17, 21, 28, 11, 64, 3, 23, 30, 83, 24, 41, 40, 52, 65, 27, 90, 70, 39, 87, 48, 69, 99, 4, 46, 1, 13, 58, 97, 59, 45, 8, 73, 37, 35, 79, 71, 66, 76, 32, 60, 80, 96, 6, 16, 61, 33, 7, 57, 34, 12, 67, 10, 98, 56, 88, 43, 75, 91, 38, 19, 92, 29, 84, 2, 72, 81, 25, 51, 55, 62, 89, 94, 0]|[2, 1, 2, 1, 1, 2, 1, 1, 1, 1, 1, 0, 2, 2, 1, 2, 0, 0, 0, 2, 2, 1, 0, 2, 0, 2, 2, 1, 0, 1, 1, 1, 0, 0, 1, 0, 2, 1, 2, 2, 0, 0, 1, 1, 0, 2, 0, 2, 1, 0, 0, 2, 0, 0, 2, 0, 1, 1, 0, 0, 2, 1, 1, 2, 2, 0, 2, 2, 0, 1, 2, 1, 1, 2, 0, 1, 1, 1, 1, 2, 2, 1, 1, 0, 1, 0, 1, 0, 1, 0, 2, 1, 1, 1, 1, 0, 1, 1, 2, 0]|[0, 3, 0, 3, 4, 1, 4, 4, 2, 4, 3, 2, 1, 0, 2, 1, 1, 1, 2, 1, 1, 3, 0, 1, 0, 1, 1, 4, 1, 4, 3, 2, 2, 0, 4, 1, 1, 4, 1, 1, 2, 1, 4, 4, 1, 1, 0, 2, 3, 2, 2, 1, 2, 1, 1, 2, 4, 3, 0, 2, 2, 3, 3, 0, 1, 2, 1, 1, 2, 4, 1, 3, 4, 1, 2, 4, 3, 3, 3, 1, 1, 4, 4, 2, 3, 2, 4, 2, 3, 2, 1, 4, 4, 4, 3, 2, 3, 4, 1, 2]|[0, 2, 0, 0, 3, 0, 1, 3, 0, 0, 2, 0, 1, 0, 1, 0, 0, 0, 1, 0, 0, 2, 0, 0, 1, 0, 0, 3, 0, 1, 0, 2, 0, 0, 3, 0, 1, 3, 0, 0, 0, 0, 1, 3, 0, 0, 1, 0, 2, 0, 0, 0, 0, 0, 1, 0, 1, 0, 1, 1, 0, 2, 0, 0, 0, 0, 0, 0, 0, 2, 0, 0, 1, 0, 0, 1, 0, 0, 3, 0, 0, 1, 2, 0, 0, 0, 1, 0, 3, 0, 0, 2, 1, 3, 0, 0, 0, 1, 0, 0],884.1935202920454,50174.268870086526,113547.00447605085,false
28,G3_TWC,G3_TWC,[31, 22, 82, 15, 26, 58, 95, 42, 77, 12, 47, 5, 93, 78, 98, 54, 85, 63, 18, 44, 20, 35, 43, 97, 91, 76, 10, 30, 21, 45, 71, 64, 1, 23, 17, 83, 24, 14, 60, 36, 6, 57, 94, 88, 65, 56, 79, 40, 67, 68, 46, 75, 38, 9, 19, 32, 81, 41, 27, 62, 87, 90, 99, 59, 11, 16, 72, 73, 70, 39, 37, 84, 3, 92, 25, 55, 28, 29, 51, 7, 33, 61, 86, 66, 89, 50, 48, 96, 53, 8, 80, 4, 34, 49, 52, 0, 13, 69, 2, 74]|[1, 1, 0, 1, 1, 1, 2, 1, 2, 1, 2, 2, 2, 1, 1, 0, 0, 1, 0, 2, 2, 0, 1, 2, 0, 1, 2, 2, 0, 0, 1, 2, 1, 2, 1, 0, 2, 0, 1, 1, 0, 1, 1, 1, 0, 2, 1, 1, 0, 0, 0, 0, 1, 1, 2, 1, 2, 0, 0, 0, 2, 1, 0, 1, 2, 1, 2, 1, 1, 1, 1, 1, 1, 0, 1, 1, 0, 0, 0, 1, 2, 1, 0, 2, 1, 0, 0, 0, 0, 1, 0, 0, 2, 0, 1, 0, 0, 1, 0, 2]|[4, 3, 2, 2, 0, 0, 2, 2, 2, 4, 1, 1, 2, 4, 4, 1, 2, 4, 2, 1, 1, 1, 1, 2, 1, 2, 1, 1, 1, 1, 3, 2, 3, 0, 4, 0, 1, 1, 0, 3, 2, 2, 4, 0, 1, 1, 0, 2, 0, 1, 2, 2, 1, 4, 0, 3, 2, 1, 1, 2, 1, 3, 1, 1, 1, 3, 0, 4, 3, 1, 4, 1, 1, 2, 4, 4, 2, 1, 1, 3, 1, 3, 1, 1, 1, 1, 1, 1, 2, 3, 1, 2, 1, 1, 1, 2, 2, 3, 2, 1]|[0, 2, 1, 1, 3, 3, 0, 1, 0, 0, 0, 0, 1, 0, 1, 0, 0, 3, 1, 0, 0, 0, 3, 1, 0, 2, 0, 0, 0, 1, 0, 0, 0, 0, 3, 0, 1, 0, 0, 2, 1, 1, 2, 0, 0, 0, 0, 1, 1, 0, 0, 0, 1, 3, 0, 0, 1, 0, 0, 1, 0, 2, 0, 1, 0, 2, 1, 0, 0, 1, 1, 3, 1, 1, 3, 3, 1, 0, 0, 2, 0, 0, 0, 0, 1, 0, 0, 0, 1, 2, 0, 1, 0, 1, 1, 0, 0, 0, 0, 0],802.1274951829081,57956.38699448537,89691.2003308727,false
28,G1_CMAX,G1_CMAX,[31, 22, 82, 15, 26, 99, 95, 42, 77, 12, 47, 5, 93, 78, 86, 54, 21, 63, 18, 44, 20, 35, 43, 97, 91, 76, 10, 30, 85, 45, 71, 64, 1, 23, 17, 83, 24, 14, 60, 36, 6, 57, 40, 88, 65, 56, 79, 94, 67, 68, 46, 75, 38, 9, 19, 32, 41, 81, 27, 87, 90, 58, 59, 11, 16, 72, 73, 70, 39, 37, 84, 3, 92, 25, 55, 48, 62, 29, 51, 7, 33, 61, 98, 28, 89, 50, 4, 96, 53, 80, 8, 66, 34, 49, 52, 0, 74, 69, 2, 13]|[1, 1, 0, 1, 1, 0, 1, 1, 2, 1, 2, 2, 2, 1, 1, 0, 0, 1, 0, 2, 2, 0, 1, 2, 0, 1, 2, 2, 0, 0, 1, 2, 1, 2, 1, 0, 2, 0, 1, 1, 0, 1, 1, 1, 0, 2, 1, 1, 0, 0, 0, 0, 1, 1, 2, 1, 0, 2, 0, 2, 1, 0, 1, 2, 1, 2, 1, 1, 1, 1, 1, 1, 0, 1, 2, 0, 0, 0, 0, 1, 2, 1, 2, 0, 1, 0, 1, 2, 0, 0, 1, 2, 2, 0, 1, 0, 2, 1, 0, 0]|[0, 3, 2, 2, 4, 1, 2, 3, 2, 4, 1, 1, 2, 4, 4, 1, 1, 4, 2, 1, 1, 1, 1, 2, 1, 2, 1, 1, 2, 1, 3, 2, 3, 1, 4, 0, 1, 1, 0, 3, 2, 2, 2, 0, 1, 1, 0, 4, 0, 1, 2, 2, 1, 4, 0, 3, 1, 1, 1, 1, 3, 1, 1, 1, 3, 0, 4, 3, 1, 4, 1, 1, 0, 4, 1, 1, 2, 1, 1, 1, 1, 3, 1, 2, 1, 1, 4, 1, 2, 1, 3, 1, 1, 1, 1, 2, 1, 4, 2, 2]|[0, 2, 1, 1, 3, 0, 1, 3, 0, 0, 0, 0, 1, 0, 1, 0, 0, 3, 1, 0, 0, 0, 3, 1, 0, 2, 0, 0, 0, 1, 0, 0, 0, 0, 3, 0, 1, 0, 0, 2, 1, 1, 1, 0, 0, 0, 0, 2, 1, 0, 0, 0, 1, 3, 0, 0, 0, 0, 0, 0, 2, 0, 1, 0, 2, 1, 0, 0, 1, 1, 3, 1, 1, 3, 0, 0, 1, 0, 0, 2, 0, 0, 0, 1, 1, 0, 0, 0, 1, 0, 2, 0, 0, 1, 1, 0, 0, 2, 0, 0],731.2476204416437,56806.84376103422,93275.64763277225,false
28,G4_BALANCED,G4_BALANCED,[31, 22, 82, 15, 26, 9, 95, 42, 77, 68, 47, 5, 93, 78, 86, 54, 85, 63, 18, 44, 20, 49, 36, 14, 74, 50, 53, 17, 21, 28, 11, 64, 3, 23, 30, 83, 24, 41, 40, 52, 65, 27, 90, 70, 39, 87, 48, 69, 99, 4, 46, 1, 13, 58, 97, 59, 45, 8, 73, 37, 35, 79, 71, 66, 76, 32, 60, 80, 96, 6, 16, 61, 33, 7, 57, 34, 12, 67, 10, 98, 56, 88, 43, 75, 91, 38, 19, 92, 29, 84, 2, 62, 89, 25, 51, 55, 72, 81, 94, 0]|[2, 1, 2, 1, 1, 2, 1, 1, 1, 1, 1, 0, 2, 2, 1, 2, 0, 0, 0, 2, 2, 1, 0, 2, 0, 2, 2, 1, 0, 1, 1, 1, 0, 0, 1, 0, 2, 1, 2, 2, 0, 0, 1, 1, 0, 2, 0, 2, 1, 0, 0, 2, 0, 0, 2, 0, 1, 1, 0, 0, 2, 1, 1, 1, 2, 0, 2, 2, 0, 1, 2, 1, 1, 2, 0, 1, 1, 1, 1, 2, 2, 1, 1, 0, 1, 0, 1, 0, 1, 0, 2, 1, 1, 1, 1, 0, 1, 1, 2, 0]|[0, 3, 0, 3, 4, 1, 4, 4, 2, 4, 3, 2, 1, 0, 2, 1, 1, 1, 2, 1, 1, 3, 0, 1, 0, 1, 1, 4, 1, 4, 3, 2, 2, 0, 4, 1, 1, 4, 1, 1, 2, 1, 4, 4, 1, 1, 0, 2, 3, 1, 2, 1, 2, 1, 1, 2, 4, 3, 0, 2, 2, 3, 3, 1, 1, 2, 1, 1, 2, 4, 1, 3, 4, 1, 2, 4, 3, 3, 3, 1, 1, 4, 4, 2, 3, 2, 4, 2, 3, 2, 1, 3, 4, 4, 3, 2, 4, 1, 1, 2]|[0, 2, 0, 0, 3, 0, 1, 3, 0, 0, 2, 0, 1, 0, 1, 0, 0, 0, 1, 0, 0, 2, 0, 0, 1, 0, 0, 3, 0, 1, 0, 2, 0, 0, 3, 0, 1, 3, 0, 0, 0, 0, 1, 3, 0, 0, 1, 0, 2, 0, 0, 0, 0, 0, 1, 0, 1, 0, 1, 1, 0, 2, 0, 2, 0, 0, 0, 0, 0, 2, 0, 0, 1, 0, 0, 1, 0, 0, 3, 0, 0, 1, 2, 0, 0, 0, 1, 0, 3, 0, 0, 0, 1, 3, 0, 0, 2, 1, 0, 0],894.255430156236,50697.426082284444,110247.7371393814,false
28,G2_TEC,G2_TEC,[31, 22, 82, 15, 26, 9, 95, 42, 77, 68, 47, 5, 93, 78, 86, 54, 85, 63, 18, 44, 20, 49, 36, 14, 74, 50, 53, 17, 21, 28, 11, 64, 3, 23, 30, 83, 24, 41, 40, 52, 65, 27, 90, 70, 39, 87, 48, 69, 99, 4, 46, 1, 13, 58, 97, 59, 45, 8, 73, 37, 35, 79, 71, 66, 76, 32, 60, 80, 96, 6, 16, 61, 33, 7, 57, 34, 12, 67, 10, 98, 56, 88, 43, 75, 91, 38, 19, 92, 29, 84, 2, 72, 81, 25, 51, 55, 62, 89, 94, 0]|[2, 1, 2, 1, 1, 2, 1, 1, 1, 1, 1, 0, 2, 2, 1, 2, 0, 0, 0, 2, 2, 1, 0, 2, 0, 2, 2, 1, 0, 1, 1, 1, 0, 0, 1, 0, 2, 1, 2, 2, 0, 0, 1, 1, 0, 2, 0, 2, 1, 0, 0, 2, 0, 0, 2, 0, 1, 1, 0, 0, 2, 1, 1, 2, 2, 0, 2, 2, 0, 1, 2, 1, 1, 2, 0, 1, 1, 1, 1, 2, 2, 1, 1, 0, 1, 0, 1, 0, 1, 0, 2, 1, 1, 1, 1, 0, 1, 1, 2, 0]|[0, 3, 0, 3, 4, 1, 4, 4, 2, 4, 3, 2, 1, 0, 2, 1, 1, 1, 2, 1, 1, 3, 0, 1, 0, 1, 1, 4, 1, 4, 3, 2, 2, 0, 4, 1, 1, 4, 1, 1, 2, 1, 4, 4, 1, 1, 0, 2, 3, 2, 2, 1, 2, 1, 1, 2, 4, 3, 0, 2, 2, 3, 3, 0, 1, 2, 1, 1, 2, 4, 1, 3, 4, 1, 2, 4, 3, 3, 3, 1, 1, 4, 4, 2, 3, 2, 4, 2, 3, 2, 1, 4, 4, 4, 3, 2, 3, 4, 1, 2]|[0, 2, 0, 0, 3, 0, 1, 3, 0, 0, 2, 0, 1, 0, 1, 0, 0, 0, 1, 0, 0, 2, 0, 0, 1, 0, 0, 3, 0, 1, 0, 2, 0, 0, 3, 0, 1, 3, 0, 0, 0, 0, 1, 3, 0, 0, 1, 0, 2, 0, 0, 0, 0, 0, 1, 0, 1, 0, 1, 1, 0, 2, 0, 0, 0, 0, 0, 0, 0, 2, 0, 0, 1, 0, 0, 1, 0, 0, 3, 0, 0, 1, 2, 0, 0, 0, 1, 0, 3, 0, 0, 2, 1, 3, 0, 0, 0, 1, 0, 0],884.1935202920454,50174.268870086526,113547.00447605085,false
28,G3_TWC,G3_TWC,[31, 22, 82, 15, 26, 58, 95, 42, 77, 12, 47, 5, 93, 78, 98, 54, 85, 63, 18, 44, 20, 35, 43, 97, 91, 76, 10, 30, 21, 45, 71, 64, 1, 23, 17, 83, 24, 14, 60, 36, 6, 57, 94, 88, 65, 56, 79, 40, 67, 68, 46, 75, 38, 9, 19, 32, 81, 41, 27, 62, 87, 90, 99, 59, 11, 16, 72, 73, 70, 39, 37, 84, 3, 92, 25, 55, 28, 29, 51, 7, 33, 61, 86, 66, 89, 50, 48, 96, 53, 8, 80, 4, 34, 49, 52, 0, 13, 69, 2, 74]|[1, 1, 0, 1, 1, 1, 2, 1, 2, 1, 2, 2, 2, 1, 1, 0, 0, 1, 0, 2, 2, 0, 1, 2, 0, 1, 2, 2, 0, 0, 1, 2, 1, 2, 1, 0, 2, 0, 1, 1, 0, 1, 1, 1, 0, 2, 1, 1, 0, 0, 0, 0, 1, 1, 2, 1, 2, 0, 0, 0, 2, 1, 0, 1, 2, 1, 2, 1, 1, 1, 1, 1, 1, 0, 1, 1, 0, 0, 0, 1, 2, 1, 0, 2, 1, 0, 0, 0, 0, 1, 0, 0, 2, 0, 1, 0, 0, 1, 0, 2]|[4, 3, 2, 2, 0, 0, 2, 2, 2, 4, 1, 1, 2, 4, 4, 1, 2, 4, 2, 1, 1, 1, 1, 2, 1, 2, 1, 1, 1, 1, 3, 2, 3, 0, 4, 0, 1, 1, 0, 3, 2, 2, 4, 0, 1, 1, 0, 2, 0, 1, 2, 2, 1, 4, 0, 3, 2, 1, 1, 2, 1, 3, 1, 1, 1, 3, 0, 4, 3, 1, 4, 1, 1, 2, 4, 4, 2, 1, 1, 3, 1, 3, 1, 1, 1, 1, 1, 1, 2, 3, 1, 2, 1, 1, 1, 2, 2, 3, 2, 1]|[0, 2, 1, 1, 3, 3, 0, 1, 0, 0, 0, 0, 1, 0, 1, 0, 0, 3, 1, 0, 0, 0, 3, 1, 0, 2, 0, 0, 0, 1, 0, 0, 0, 0, 3, 0, 1, 0, 0, 2, 1, 1, 2, 0, 0, 0, 0, 1, 1, 0, 0, 0, 1, 3, 0, 0, 1, 0, 0, 1, 0, 2, 0, 1, 0, 2, 1, 0, 0, 1, 1, 3, 1, 1, 3, 3, 1, 0, 0, 2, 0, 0, 0, 0, 1, 0, 0, 0, 1, 2, 0, 1, 0, 1, 1, 0, 0, 0, 0, 0],802.1274951829081,57956.38699448537,89691.2003308727,false
28,G1_CMAX,G1_CMAX,[31, 22, 82, 15, 26, 99, 95, 42, 77, 12, 47, 5, 93, 78, 86, 54, 21, 63, 18, 44, 20, 35, 43, 97, 91, 76, 10, 30, 85, 45, 71, 64, 1, 23, 17, 83, 24, 14, 60, 36, 6, 57, 40, 88, 65, 56, 79, 94, 67, 68, 46, 75, 38, 9, 19, 32, 41, 81, 27, 87, 90, 58, 59, 11, 16, 72, 73, 70, 39, 37, 84, 3, 92, 25, 55, 48, 62, 29, 51, 7, 33, 61, 98, 28, 89, 50, 4, 96, 53, 80, 8, 66, 34, 49, 52, 0, 74, 69, 2, 13]|[1, 1, 0, 1, 1, 0, 1, 1, 2, 1, 2, 2, 2, 1, 1, 0, 0, 1, 0, 2, 2, 0, 1, 2, 0, 1, 2, 2, 0, 0, 1, 2, 1, 2, 1, 0, 2, 0, 1, 1, 0, 1, 1, 1, 0, 2, 1, 1, 0, 0, 0, 0, 1, 1, 2, 1, 0, 2, 0, 2, 1, 0, 1, 2, 1, 2, 1, 1, 1, 1, 1, 1, 0, 1, 2, 0, 0, 0, 0, 1, 2, 1, 2, 0, 1, 0, 1, 2, 0, 0, 1, 2, 2, 0, 1, 0, 2, 1, 0, 0]|[0, 3, 2, 2, 4, 1, 2, 3, 2, 4, 1, 1, 2, 4, 4, 1, 1, 4, 2, 1, 1, 1, 1, 2, 1, 2, 1, 1, 2, 1, 3, 2, 3, 1, 4, 0, 1, 1, 0, 3, 2, 2, 2, 0, 1, 1, 0, 4, 0, 1, 2, 2, 1, 4, 0, 3, 1, 1, 1, 1, 3, 1, 1, 1, 3, 0, 4, 3, 1, 4, 1, 1, 0, 4, 1, 1, 2, 1, 1, 1, 1, 3, 1, 2, 1, 1, 4, 1, 2, 1, 3, 1, 1, 1, 1, 2, 1, 4, 2, 2]|[0, 2, 1, 1, 3, 0, 1, 3, 0, 0, 0, 0, 1, 0, 1, 0, 0, 3, 1, 0, 0, 0, 3, 1, 0, 2, 0, 0, 0, 1, 0, 0, 0, 0, 3, 0, 1, 0, 0, 2, 1, 1, 1, 0, 0, 0, 0, 2, 1, 0, 0, 0, 1, 3, 0, 0, 0, 0, 0, 0, 2, 0, 1, 0, 2, 1, 0, 0, 1, 1, 3, 1, 1, 3, 0, 0, 1, 0, 0, 2, 0, 0, 0, 1, 1, 0, 0, 0, 1, 0, 2, 0, 0, 1, 1, 0, 0, 2, 0, 0],731.2476204416437,56806.84376103422,93275.64763277225,false
28,G4_BALANCED,G4_BALANCED,[31, 22, 82, 15, 26, 9, 95, 42, 77, 68, 47, 5, 93, 78, 86, 54, 85, 63, 18, 44, 20, 49, 36, 14, 74, 50, 53, 17, 21, 28, 11, 64, 3, 23, 30, 83, 24, 41, 40, 52, 65, 27, 90, 70, 39, 87, 48, 69, 99, 4, 46, 1, 13, 58, 97, 59, 45, 8, 73, 37, 35, 79, 71, 66, 76, 32, 60, 80, 96, 6, 16, 61, 33, 7, 57, 34, 12, 67, 10, 98, 56, 88, 43, 75, 91, 38, 19, 92, 29, 84, 2, 62, 89, 25, 51, 55, 72, 81, 94, 0]|[2, 1, 2, 1, 1, 2, 1, 1, 1, 1, 1, 0, 2, 2, 1, 2, 0, 0, 0, 2, 2, 1, 0, 2, 0, 2, 2, 1, 0, 1, 1, 1, 0, 0, 1, 0, 2, 1, 2, 2, 0, 0, 1, 1, 0, 2, 0, 2, 1, 0, 0, 2, 0, 0, 2, 0, 1, 1, 0, 0, 2, 1, 1, 1, 2, 0, 2, 2, 0, 1, 2, 1, 1, 2, 0, 1, 1, 1, 1, 2, 2, 1, 1, 0, 1, 0, 1, 0, 1, 0, 2, 1, 1, 1, 1, 0, 1, 1, 2, 0]|[0, 3, 0, 3, 4, 1, 4, 4, 2, 4, 3, 2, 1, 0, 2, 1, 1, 1, 2, 1, 1, 3, 0, 1, 0, 1, 1, 4, 1, 4, 3, 2, 2, 0, 4, 1, 1, 4, 1, 1, 2, 1, 4, 4, 1, 1, 0, 2, 3, 1, 2, 1, 2, 1, 1, 2, 4, 3, 0, 2, 2, 3, 3, 1, 1, 2, 1, 1, 2, 4, 1, 3, 4, 1, 2, 4, 3, 3, 3, 1, 1, 4, 4, 2, 3, 2, 4, 2, 3, 2, 1, 3, 4, 4, 3, 2, 4, 1, 1, 2]|[0, 2, 0, 0, 3, 0, 1, 3, 0, 0, 2, 0, 1, 0, 1, 0, 0, 0, 1, 0, 0, 2, 0, 0, 1, 0, 0, 3, 0, 1, 0, 2, 0, 0, 3, 0, 1, 3, 0, 0, 0, 0, 1, 3, 0, 0, 1, 0, 2, 0, 0, 0, 0, 0, 1, 0, 1, 0, 1, 1, 0, 2, 0, 2, 0, 0, 0, 0, 0, 2, 0, 0, 1, 0, 0, 1, 0, 0, 3, 0, 0, 1, 2, 0, 0, 0, 1, 0, 3, 0, 0, 0, 1, 3, 0, 0, 2, 1, 0, 0],894.255430156236,50697.426082284444,110247.7371393814,false
28,G2_TEC,G2_TEC,[31, 22, 82, 15, 26, 9, 95, 42, 77, 68, 47, 5, 93, 78, 86, 54, 85, 63, 18, 44, 20, 49, 36, 14, 74, 50, 53, 17, 21, 28, 11, 64, 3, 23, 30, 83, 24, 41, 40, 52, 65, 27, 90, 70, 39, 87, 48, 69, 99, 4, 46, 1, 13, 58, 97, 59, 45, 8, 73, 37, 35, 79, 71, 66, 76, 32, 60, 80, 96, 6, 16, 61, 33, 7, 57, 34, 12, 67, 10, 98, 56, 88, 43, 75, 91, 38, 19, 92, 29, 84, 2, 72, 81, 25, 51, 55, 62, 89, 94, 0]|[2, 1, 2, 1, 1, 2, 1, 1, 1, 1, 1, 0, 2, 2, 1, 2, 0, 0, 0, 2, 2, 1, 0, 2, 0, 2, 2, 1, 0, 1, 1, 1, 0, 0, 1, 0, 2, 1, 2, 2, 0, 0, 1, 1, 0, 2, 0, 2, 1, 0, 0, 2, 0, 0, 2, 0, 1, 1, 0, 0, 2, 1, 1, 2, 2, 0, 2, 2, 0, 1, 2, 1, 1, 2, 0, 1, 1, 1, 1, 2, 2, 1, 1, 0, 1, 0, 1, 0, 1, 0, 2, 1, 1, 1, 1, 0, 1, 1, 2, 0]|[0, 3, 0, 3, 4, 1, 4, 4, 2, 4, 3, 2, 1, 0, 2, 1, 1, 1, 2, 1, 1, 3, 0, 1, 0, 1, 1, 4, 1, 4, 3, 2, 2, 0, 4, 1, 1, 4, 1, 1, 2, 1, 4, 4, 1, 1, 0, 2, 3, 2, 2, 1, 2, 1, 1, 2, 4, 3, 0, 2, 2, 3, 3, 0, 1, 2, 1, 1, 2, 4, 1, 3, 4, 1, 2, 4, 3, 3, 3, 1, 1, 4, 4, 2, 3, 2, 4, 2, 3, 2, 1, 4, 4, 4, 3, 2, 3, 4, 1, 2]|[0, 2, 0, 0, 3, 0, 1, 3, 0, 0, 2, 0, 1, 0, 1, 0, 0, 0, 1, 0, 0, 2, 0, 0, 1, 0, 0, 3, 0, 1, 0, 2, 0, 0, 3, 0, 1, 3, 0, 0, 0, 0, 1, 3, 0, 0, 1, 0, 2, 0, 0, 0, 0, 0, 1, 0, 1, 0, 1, 1, 0, 2, 0, 0, 0, 0, 0, 0, 0, 2, 0, 0, 1, 0, 0, 1, 0, 0, 3, 0, 0, 1, 2, 0, 0, 0, 1, 0, 3, 0, 0, 2, 1, 3, 0, 0, 0, 1, 0, 0],884.1935202920454,50174.268870086526,113547.00447605085,false
28,G3_TWC,G3_TWC,[31, 22, 82, 15, 26, 58, 95, 42, 77, 12, 47, 5, 93, 78, 98, 54, 85, 63, 18, 44, 20, 35, 43, 97, 91, 76, 10, 30, 21, 45, 71, 64, 1, 23, 17, 83, 24, 14, 60, 36, 6, 57, 94, 88, 65, 56, 79, 40, 67, 68, 46, 75, 38, 9, 19, 32, 81, 41, 27, 62, 87, 90, 99, 59, 11, 16, 72, 73, 70, 39, 37, 84, 3, 92, 25, 55, 28, 29, 51, 7, 33, 61, 86, 66, 89, 50, 48, 96, 53, 8, 80, 4, 34, 49, 52, 0, 13, 69, 2, 74]|[1, 1, 0, 1, 1, 1, 2, 1, 2, 1, 2, 2, 2, 1, 1, 0, 0, 1, 0, 2, 2, 0, 1, 2, 0, 1, 2, 2, 0, 0, 1, 2, 1, 2, 1, 0, 2, 0, 1, 1, 0, 1, 1, 1, 0, 2, 1, 1, 0, 0, 0, 0, 1, 1, 2, 1, 2, 0, 0, 0, 2, 1, 0, 1, 2, 1, 2, 1, 1, 1, 1, 1, 1, 0, 1, 1, 0, 0, 0, 1, 2, 1, 0, 2, 1, 0, 0, 0, 0, 1, 0, 0, 2, 0, 1, 0, 0, 1, 0, 2]|[4, 3, 2, 2, 0, 0, 2, 2, 2, 4, 1, 1, 2, 4, 4, 1, 2, 4, 2, 1, 1, 1, 1, 2, 1, 2, 1, 1, 1, 1, 3, 2, 3, 0, 4, 0, 1, 1, 0, 3, 2, 2, 4, 0, 1, 1, 0, 2, 0, 1, 2, 2, 1, 4, 0, 3, 2, 1, 1, 2, 1, 3, 1, 1, 1, 3, 0, 4, 3, 1, 4, 1, 1, 2, 4, 4, 2, 1, 1, 3, 1, 3, 1, 1, 1, 1, 1, 1, 2, 3, 1, 2, 1, 1, 1, 2, 2, 3, 2, 1]|[0, 2, 1, 1, 3, 3, 0, 1, 0, 0, 0, 0, 1, 0, 1, 0, 0, 3, 1, 0, 0, 0, 3, 1, 0, 2, 0, 0, 0, 1, 0, 0, 0, 0, 3, 0, 1, 0, 0, 2, 1, 1, 2, 0, 0, 0, 0, 1, 1, 0, 0, 0, 1, 3, 0, 0, 1, 0, 0, 1, 0, 2, 0, 1, 0, 2, 1, 0, 0, 1, 1, 3, 1, 1, 3, 3, 1, 0, 0, 2, 0, 0, 0, 0, 1, 0, 0, 0, 1, 2, 0, 1, 0, 1, 1, 0, 0, 0, 0, 0],802.1274951829081,57956.38699448537,89691.2003308727,false
28,G1_CMAX,G1_CMAX,[31, 22, 82, 15, 26, 99, 95, 42, 77, 12, 47, 5, 93, 78, 86, 54, 21, 63, 18, 44, 20, 35, 43, 97, 91, 76, 10, 30, 85, 45, 71, 64, 1, 23, 17, 83, 24, 14, 60, 36, 6, 57, 40, 88, 65, 56, 79, 94, 67, 68, 46, 75, 38, 9, 19, 32, 41, 81, 27, 87, 90, 58, 59, 11, 16, 72, 73, 70, 39, 37, 84, 3, 92, 25, 55, 48, 62, 29, 51, 7, 33, 61, 98, 28, 89, 50, 4, 96, 53, 80, 8, 66, 34, 49, 52, 0, 74, 69, 2, 13]|[1, 1, 0, 1, 1, 0, 1, 1, 2, 1, 2, 2, 2, 1, 1, 0, 0, 1, 0, 2, 2, 0, 1, 2, 0, 1, 2, 2, 0, 0, 1, 2, 1, 2, 1, 0, 2, 0, 1, 1, 0, 1, 1, 1, 0, 2, 1, 1, 0, 0, 0, 0, 1, 1, 2, 1, 0, 2, 0, 2, 1, 0, 1, 2, 1, 2, 1, 1, 1, 1, 1, 1, 0, 1, 2, 0, 0, 0, 0, 1, 2, 1, 2, 0, 1, 0, 1, 2, 0, 0, 1, 2, 2, 0, 1, 0, 2, 1, 0, 0]|[0, 3, 2, 2, 4, 1, 2, 3, 2, 4, 1, 1, 2, 4, 4, 1, 1, 4, 2, 1, 1, 1, 1, 2, 1, 2, 1, 1, 2, 1, 3, 2, 3, 1, 4, 0, 1, 1, 0, 3, 2, 2, 2, 0, 1, 1, 0, 4, 0, 1, 2, 2, 1, 4, 0, 3, 1, 1, 1, 1, 3, 1, 1, 1, 3, 0, 4, 3, 1, 4, 1, 1, 0, 4, 1, 1, 2, 1, 1, 1, 1, 3, 1, 2, 1, 1, 4, 1, 2, 1, 3, 1, 1, 1, 1, 2, 1, 4, 2, 2]|[0, 2, 1, 1, 3, 0, 1, 3, 0, 0, 0, 0, 1, 0, 1, 0, 0, 3, 1, 0, 0, 0, 3, 1, 0, 2, 0, 0, 0, 1, 0, 0, 0, 0, 3, 0, 1, 0, 0, 2, 1, 1, 1, 0, 0, 0, 0, 2, 1, 0, 0, 0, 1, 3, 0, 0, 0, 0, 0, 0, 2, 0, 1, 0, 2, 1, 0, 0, 1, 1, 3, 1, 1, 3, 0, 0, 1, 0, 0, 2, 0, 0, 0, 1, 1, 0, 0, 0, 1, 0, 2, 0, 0, 1, 1, 0, 0, 2, 0, 0],731.2476204416437,56806.84376103422,93275.64763277225,false
28,G4_BALANCED,G4_BALANCED,[31, 22, 82, 15, 26, 9, 95, 42, 77, 68, 47, 5, 93, 78, 86, 54, 85, 63, 18, 44, 20, 49, 36, 14, 74, 50, 53, 17, 21, 28, 11, 64, 3, 23, 30, 83, 24, 41, 40, 52, 65, 27, 90, 70, 39, 87, 48, 69, 99, 4, 46, 1, 13, 58, 97, 59, 45, 8, 73, 37, 35, 79, 71, 66, 76, 32, 60, 80, 96, 6, 16, 61, 33, 7, 57, 34, 12, 67, 10, 98, 56, 88, 43, 75, 91, 38, 19, 92, 29, 84, 2, 62, 89, 25, 51, 55, 72, 81, 94, 0]|[2, 1, 2, 1, 1, 2, 1, 1, 1, 1, 1, 0, 2, 2, 1, 2, 0, 0, 0, 2, 2, 1, 0, 2, 0, 2, 2, 1, 0, 1, 1, 1, 0, 0, 1, 0, 2, 1, 2, 2, 0, 0, 1, 1, 0, 2, 0, 2, 1, 0, 0, 2, 0, 0, 2, 0, 1, 1, 0, 0, 2, 1, 1, 1, 2, 0, 2, 2, 0, 1, 2, 1, 1, 2, 0, 1, 1, 1, 1, 2, 2, 1, 1, 0, 1, 0, 1, 0, 1, 0, 2, 1, 1, 1, 1, 0, 1, 1, 2, 0]|[0, 3, 0, 3, 4, 1, 4, 4, 2, 4, 3, 2, 1, 0, 2, 1, 1, 1, 2, 1, 1, 3, 0, 1, 0, 1, 1, 4, 1, 4, 3, 2, 2, 0, 4, 1, 1, 4, 1, 1, 2, 1, 4, 4, 1, 1, 0, 2, 3, 1, 2, 1, 2, 1, 1, 2, 4, 3, 0, 2, 2, 3, 3, 1, 1, 2, 1, 1, 2, 4, 1, 3, 4, 1, 2, 4, 3, 3, 3, 1, 1, 4, 4, 2, 3, 2, 4, 2, 3, 2, 1, 3, 4, 4, 3, 2, 4, 1, 1, 2]|[0, 2, 0, 0, 3, 0, 1, 3, 0, 0, 2, 0, 1, 0, 1, 0, 0, 0, 1, 0, 0, 2, 0, 0, 1, 0, 0, 3, 0, 1, 0, 2, 0, 0, 3, 0, 1, 3, 0, 0, 0, 0, 1, 3, 0, 0, 1, 0, 2, 0, 0, 0, 0, 0, 1, 0, 1, 0, 1, 1, 0, 2, 0, 2, 0, 0, 0, 0, 0, 2, 0, 0, 1, 0, 0, 1, 0, 0, 3, 0, 0, 1, 2, 0, 0, 0, 1, 0, 3, 0, 0, 0, 1, 3, 0, 0, 2, 1, 0, 0],894.255430156236,50697.426082284444,110247.7371393814,false
28,G2_TEC,G2_TEC,[31, 22, 82, 15, 26, 9, 95, 42, 77, 68, 47, 5, 93, 78, 86, 54, 85, 63, 18, 44, 20, 49, 36, 14, 74, 50, 53, 17, 21, 28, 11, 64, 3, 23, 30, 83, 24, 41, 40, 52, 65, 27, 90, 70, 39, 87, 48, 69, 99, 4, 46, 1, 13, 58, 97, 59, 45, 8, 73, 37, 35, 79, 71, 66, 76, 32, 60, 80, 96, 6, 16, 61, 33, 7, 57, 34, 12, 67, 10, 98, 56, 88, 43, 75, 91, 38, 19, 92, 29, 84, 2, 72, 81, 25, 51, 55, 62, 89, 94, 0]|[2, 1, 2, 1, 1, 2, 1, 1, 1, 1, 1, 0, 2, 2, 1, 2, 0, 0, 0, 2, 2, 1, 0, 2, 0, 2, 2, 1, 0, 1, 1, 1, 0, 0, 1, 0, 2, 1, 2, 2, 0, 0, 1, 1, 0, 2, 0, 2, 1, 0, 0, 2, 0, 0, 2, 0, 1, 1, 0, 0, 2, 1, 1, 2, 2, 0, 2, 2, 0, 1, 2, 1, 1, 2, 0, 1, 1, 1, 1, 2, 2, 1, 1, 0, 1, 0, 1, 0, 1, 0, 2, 1, 1, 1, 1, 0, 1, 1, 2, 0]|[0, 3, 0, 3, 4, 1, 4, 4, 2, 4, 3, 2, 1, 0, 2, 1, 1, 1, 2, 1, 1, 3, 0, 1, 0, 1, 1, 4, 1, 4, 3, 2, 2, 0, 4, 1, 1, 4, 1, 1, 2, 1, 4, 4, 1, 1, 0, 2, 3, 2, 2, 1, 2, 1, 1, 2, 4, 3, 0, 2, 2, 3, 3, 0, 1, 2, 1, 1, 2, 4, 1, 3, 4, 1, 2, 4, 3, 3, 3, 1, 1, 4, 4, 2, 3, 2, 4, 2, 3, 2, 1, 4, 4, 4, 3, 2, 3, 4, 1, 2]|[0, 2, 0, 0, 3, 0, 1, 3, 0, 0, 2, 0, 1, 0, 1, 0, 0, 0, 1, 0, 0, 2, 0, 0, 1, 0, 0, 3, 0, 1, 0, 2, 0, 0, 3, 0, 1, 3, 0, 0, 0, 0, 1, 3, 0, 0, 1, 0, 2, 0, 0, 0, 0, 0, 1, 0, 1, 0, 1, 1, 0, 2, 0, 0, 0, 0, 0, 0, 0, 2, 0, 0, 1, 0, 0, 1, 0, 0, 3, 0, 0, 1, 2, 0, 0, 0, 1, 0, 3, 0, 0, 2, 1, 3, 0, 0, 0, 1, 0, 0],884.1935202920454,50174.268870086526,113547.00447605085,false
28,G3_TWC,G3_TWC,[31, 22, 82, 15, 26, 58, 95, 42, 77, 12, 47, 5, 93, 78, 98, 54, 85, 63, 18, 44, 20, 35, 43, 97, 91, 76, 10, 30, 21, 45, 71, 64, 1, 23, 17, 83, 24, 14, 60, 36, 6, 57, 94, 88, 65, 56, 79, 40, 67, 68, 46, 75, 38, 9, 19, 32, 81, 41, 27, 62, 87, 90, 99, 59, 11, 16, 72, 73, 70, 39, 37, 84, 3, 92, 25, 55, 28, 29, 51, 7, 33, 61, 86, 66, 89, 50, 48, 96, 53, 8, 80, 4, 34, 49, 52, 0, 13, 69, 2, 74]|[1, 1, 0, 1, 1, 1, 2, 1, 2, 1, 2, 2, 2, 1, 1, 0, 0, 1, 0, 2, 2, 0, 1, 2, 0, 1, 2, 2, 0, 0, 1, 2, 1, 2, 1, 0, 2, 0, 1, 1, 0, 1, 1, 1, 0, 2, 1, 1, 0, 0, 0, 0, 1, 1, 2, 1, 2, 0, 0, 0, 2, 1, 0, 1, 2, 1, 2, 1, 1, 1, 1, 1, 1, 0, 1, 1, 0, 0, 0, 1, 2, 1, 0, 2, 1, 0, 0, 0, 0, 1, 0, 0, 2, 0, 1, 0, 0, 1, 0, 2]|[4, 3, 2, 2, 0, 0, 2, 2, 2, 4, 1, 1, 2, 4, 4, 1, 2, 4, 2, 1, 1, 1, 1, 2, 1, 2, 1, 1, 1, 1, 3, 2, 3, 0, 4, 0, 1, 1, 0, 3, 2, 2, 4, 0, 1, 1, 0, 2, 0, 1, 2, 2, 1, 4, 0, 3, 2, 1, 1, 2, 1, 3, 1, 1, 1, 3, 0, 4, 3, 1, 4, 1, 1, 2, 4, 4, 2, 1, 1, 3, 1, 3, 1, 1, 1, 1, 1, 1, 2, 3, 1, 2, 1, 1, 1, 2, 2, 3, 2, 1]|[0, 2, 1, 1, 3, 3, 0, 1, 0, 0, 0, 0, 1, 0, 1, 0, 0, 3, 1, 0, 0, 0, 3, 1, 0, 2, 0, 0, 0, 1, 0, 0, 0, 0, 3, 0, 1, 0, 0, 2, 1, 1, 2, 0, 0, 0, 0, 1, 1, 0, 0, 0, 1, 3, 0, 0, 1, 0, 0, 1, 0, 2, 0, 1, 0, 2, 1, 0, 0, 1, 1, 3, 1, 1, 3, 3, 1, 0, 0, 2, 0, 0, 0, 0, 1, 0, 0, 0, 1, 2, 0, 1, 0, 1, 1, 0, 0, 0, 0, 0],802.1274951829081,57956.38699448537,89691.2003308727,false
28,G1_CMAX,G1_CMAX,[31, 22, 82, 15, 26, 99, 95, 42, 77, 12, 47, 5, 93, 78, 86, 54, 21, 63, 18, 44, 20, 35, 43, 97, 91, 76, 10, 30, 85, 45, 71, 64, 1, 23, 17, 83, 24, 14, 60, 36, 6, 57, 40, 88, 65, 56, 79, 94, 67, 68, 46, 75, 38, 9, 19, 32, 41, 81, 27, 87, 90, 58, 59, 11, 16, 72, 73, 70, 39, 37, 84, 3, 92, 25, 55, 48, 62, 29, 51, 7, 33, 61, 98, 28, 89, 50, 4, 96, 53, 80, 8, 66, 34, 49, 52, 0, 74, 69, 2, 13]|[1, 1, 0, 1, 1, 0, 1, 1, 2, 1, 2, 2, 2, 1, 1, 0, 0, 1, 0, 2, 2, 0, 1, 2, 0, 1, 2, 2, 0, 0, 1, 2, 1, 2, 1, 0, 2, 0, 1, 1, 0, 1, 1, 1, 0, 2, 1, 1, 0, 0, 0, 0, 1, 1, 2, 1, 0, 2, 0, 2, 1, 0, 1, 2, 1, 2, 1, 1, 1, 1, 1, 1, 0, 1, 2, 0, 0, 0, 0, 1, 2, 1, 2, 0, 1, 0, 1, 2, 0, 0, 1, 2, 2, 0, 1, 0, 2, 1, 0, 0]|[0, 3, 2, 2, 4, 1, 2, 3, 2, 4, 1, 1, 2, 4, 4, 1, 1, 4, 2, 1, 1, 1, 1, 2, 1, 2, 1, 1, 2, 1, 3, 2, 3, 1, 4, 0, 1, 1, 0, 3, 2, 2, 2, 0, 1, 1, 0, 4, 0, 1, 2, 2, 1, 4, 0, 3, 1, 1, 1, 1, 3, 1, 1, 1, 3, 0, 4, 3, 1, 4, 1, 1, 0, 4, 1, 1, 2, 1, 1, 1, 1, 3, 1, 2, 1, 1, 4, 1, 2, 1, 3, 1, 1, 1, 1, 2, 1, 4, 2, 2]|[0, 2, 1, 1, 3, 0, 1, 3, 0, 0, 0, 0, 1, 0, 1, 0, 0, 3, 1, 0, 0, 0, 3, 1, 0, 2, 0, 0, 0, 1, 0, 0, 0, 0, 3, 0, 1, 0, 0, 2, 1, 1, 1, 0, 0, 0, 0, 2, 1, 0, 0, 0, 1, 3, 0, 0, 0, 0, 0, 0, 2, 0, 1, 0, 2, 1, 0, 0, 1, 1, 3, 1, 1, 3, 0, 0, 1, 0, 0, 2, 0, 0, 0, 1, 1, 0, 0, 0, 1, 0, 2, 0, 0, 1, 1, 0, 0, 2, 0, 0],731.2476204416437,56806.84376103422,93275.64763277225,false
28,G4_BALANCED,G4_BALANCED,[31, 11, 15, 82, 26, 9, 95, 32, 77, 68, 47, 5, 93, 78, 86, 54, 85, 63, 18, 44, 20, 49, 36, 14, 74, 50, 53, 17, 21, 45, 71, 64, 3, 23, 30, 83, 24, 41, 60, 52, 65, 27, 90, 70, 39, 87, 48, 69, 99, 4, 46, 1, 13, 58, 97, 59, 28, 75, 73, 37, 35, 79, 22, 66, 76, 42, 40, 80, 96, 6, 16, 61, 33, 7, 57, 34, 12, 67, 10, 98, 56, 88, 29, 94, 91, 38, 19, 92, 43, 84, 62, 72, 81, 25, 2, 55, 8, 89, 51, 0]|[2, 1, 1, 2, 1, 2, 1, 1, 1, 1, 1, 0, 2, 2, 1, 2, 0, 0, 0, 2, 2, 1, 0, 2, 0, 2, 2, 1, 0, 1, 1, 1, 0, 0, 1, 0, 2, 1, 2, 2, 0, 0, 1, 1, 0, 2, 0, 2, 1, 0, 0, 2, 0, 0, 2, 0, 1, 0, 0, 0, 2, 1, 0, 2, 2, 0, 2, 2, 0, 1, 2, 1, 1, 2, 0, 1, 1, 1, 1, 2, 2, 1, 1, 2, 1, 0, 1, 0, 1, 0, 1, 1, 1, 1, 2, 0, 1, 1, 1, 0]|[1, 3, 2, 0, 4, 1, 4, 4, 2, 4, 3, 2, 1, 0, 2, 1, 1, 1, 2, 1, 1, 3, 0, 1, 0, 1, 1, 4, 1, 4, 3, 2, 2, 0, 4, 1, 1, 4, 0, 1, 2, 1, 4, 4, 1, 1, 0, 2, 3, 2, 2, 1, 2, 1, 1, 2, 4, 2, 0, 2, 2, 3, 1, 0, 1, 2, 0, 1, 2, 4, 1, 3, 4, 1, 2, 4, 3, 3, 3, 1, 1, 4, 3, 1, 3, 2, 4, 2, 4, 2, 3, 4, 1, 4, 1, 2, 3, 4, 3, 2]|[1, 2, 1, 0, 3, 0, 1, 3, 0, 0, 2, 0, 1, 0, 1, 0, 0, 0, 1, 0, 0, 2, 0, 0, 1, 0, 0, 3, 0, 1, 0, 2, 0, 1, 3, 0, 1, 3, 1, 0, 0, 0, 1, 3, 0, 0, 1, 0, 2, 0, 0, 0, 0, 0, 1, 0, 1, 0, 1, 1, 0, 2, 0, 0, 0, 0, 0, 0, 0, 2, 0, 0, 1, 0, 0, 1, 0, 0, 3, 0, 0, 1, 0, 0, 0, 0, 3, 0, 2, 0, 0, 2, 1, 3, 0, 0, 0, 1, 0, 0],842.584363225019,52352.15155925938,107294.36147715819,false
28,G2_TEC,G2_TEC,[31, 22, 82, 15, 26, 9, 95, 42, 77, 68, 47, 5, 93, 78, 86, 54, 85, 63, 18, 44, 20, 49, 36, 14, 74, 50, 53, 17, 21, 28, 11, 64, 3, 23, 30, 83, 24, 41, 40, 52, 65, 27, 90, 70, 39, 87, 48, 69, 99, 4, 46, 1, 13, 58, 97, 59, 45, 8, 73, 37, 35, 79, 71, 66, 76, 32, 60, 80, 96, 6, 16, 61, 33, 7, 57, 34, 12, 67, 10, 98, 56, 88, 43, 75, 91, 38, 19, 92, 29, 84, 2, 72, 81, 25, 51, 55, 62, 89, 94, 0]|[2, 1, 2, 1, 1, 2, 1, 1, 1, 1, 1, 0, 2, 2, 1, 2, 0, 0, 0, 2, 2, 1, 0, 2, 0, 2, 2, 1, 0, 1, 1, 1, 0, 0, 1, 0, 2, 1, 2, 2, 0, 0, 1, 1, 0, 2, 0, 2, 1, 0, 0, 2, 0, 0, 2, 0, 1, 1, 0, 0, 2, 1, 1, 2, 2, 0, 2, 2, 0, 1, 2, 1, 1, 2, 0, 1, 1, 1, 1, 2, 2, 1, 1, 0, 1, 0, 1, 0, 1, 0, 2, 1, 1, 1, 1, 0, 1, 1, 2, 0]|[0, 3, 0, 3, 4, 1, 4, 4, 2, 4, 3, 2, 1, 0, 2, 1, 1, 1, 2, 1, 1, 3, 0, 1, 0, 1, 1, 4, 1, 4, 3, 2, 2, 0, 4, 1, 1, 4, 1, 1, 2, 1, 4, 4, 1, 1, 0, 2, 3, 2, 2, 1, 2, 1, 1, 2, 4, 3, 0, 2, 2, 3, 3, 0, 1, 2, 1, 1, 2, 4, 1, 3, 4, 1, 2, 4, 3, 3, 3, 1, 1, 4, 4, 2, 3, 2, 4, 2, 3, 2, 1, 4, 4, 4, 3, 2, 3, 4, 1, 2]|[0, 2, 0, 0, 3, 0, 1, 3, 0, 0, 2, 0, 1, 0, 1, 0, 0, 0, 1, 0, 0, 2, 0, 0, 1, 0, 0, 3, 0, 1, 0, 2, 0, 0, 3, 0, 1, 3, 0, 0, 0, 0, 1, 3, 0, 0, 1, 0, 2, 0, 0, 0, 0, 0, 1, 0, 1, 0, 1, 1, 0, 2, 0, 0, 0, 0, 0, 0, 0, 2, 0, 0, 1, 0, 0, 1, 0, 0, 3, 0, 0, 1, 2, 0, 0, 0, 1, 0, 3, 0, 0, 2, 1, 3, 0, 0, 0, 1, 0, 0],884.1935202920454,50174.268870086526,113547.00447605085,false
28,G3_TWC,G3_TWC,[31, 22, 82, 15, 26, 58, 95, 42, 77, 12, 47, 5, 93, 78, 98, 54, 85, 63, 18, 44, 20, 35, 43, 97, 91, 76, 10, 30, 21, 45, 71, 64, 1, 23, 17, 83, 24, 14, 60, 36, 6, 57, 94, 88, 65, 56, 79, 40, 67, 68, 46, 75, 38, 9, 19, 32, 81, 41, 27, 62, 87, 90, 99, 59, 11, 16, 72, 73, 70, 39, 37, 84, 3, 92, 25, 55, 28, 29, 51, 7, 33, 61, 86, 66, 89, 50, 48, 96, 53, 8, 80, 4, 34, 49, 52, 0, 13, 69, 2, 74]|[1, 1, 0, 1, 1, 1, 2, 1, 2, 1, 2, 2, 2, 1, 1, 0, 0, 1, 0, 2, 2, 0, 1, 2, 0, 1, 2, 2, 0, 0, 1, 2, 1, 2, 1, 0, 2, 0, 1, 1, 0, 1, 1, 1, 0, 2, 1, 1, 0, 0, 0, 0, 1, 1, 2, 1, 2, 0, 0, 0, 2, 1, 0, 1, 2, 1, 2, 1, 1, 1, 1, 1, 1, 0, 1, 1, 0, 0, 0, 1, 2, 1, 0, 2, 1, 0, 0, 0, 0, 1, 0, 0, 2, 0, 1, 0, 0, 1, 0, 2]|[4, 3, 2, 2, 0, 0, 2, 2, 2, 4, 1, 1, 2, 4, 4, 1, 2, 4, 2, 1, 1, 1, 1, 2, 1, 2, 1, 1, 1, 1, 3, 2, 3, 0, 4, 0, 1, 1, 0, 3, 2, 2, 4, 0, 1, 1, 0, 2, 0, 1, 2, 2, 1, 4, 0, 3, 2, 1, 1, 2, 1, 3, 1, 1, 1, 3, 0, 4, 3, 1, 4, 1, 1, 2, 4, 4, 2, 1, 1, 3, 1, 3, 1, 1, 1, 1, 1, 1, 2, 3, 1, 2, 1, 1, 1, 2, 2, 3, 2, 1]|[0, 2, 1, 1, 3, 3, 0, 1, 0, 0, 0, 0, 1, 0, 1, 0, 0, 3, 1, 0, 0, 0, 3, 1, 0, 2, 0, 0, 0, 1, 0, 0, 0, 0, 3, 0, 1, 0, 0, 2, 1, 1, 2, 0, 0, 0, 0, 1, 1, 0, 0, 0, 1, 3, 0, 0, 1, 0, 0, 1, 0, 2, 0, 1, 0, 2, 1, 0, 0, 1, 1, 3, 1, 1, 3, 3, 1, 0, 0, 2, 0, 0, 0, 0, 1, 0, 0, 0, 1, 2, 0, 1, 0, 1, 1, 0, 0, 0, 0, 0],802.1274951829081,57956.38699448537,89691.2003308727,false
28,G1_CMAX,G1_CMAX,[31, 22, 82, 15, 26, 99, 95, 42, 77, 12, 47, 5, 93, 78, 86, 54, 21, 63, 18, 44, 20, 35, 43, 97, 91, 76, 10, 30, 85, 45, 71, 64, 1, 23, 17, 83, 24, 14, 60, 36, 6, 57, 40, 88, 65, 56, 79, 94, 67, 68, 46, 75, 38, 9, 19, 32, 41, 81, 27, 87, 90, 58, 59, 11, 16, 72, 73, 70, 39, 37, 84, 3, 92, 25, 55, 48, 62, 29, 51, 7, 33, 61, 98, 28, 89, 50, 4, 96, 53, 80, 8, 66, 34, 49, 52, 0, 74, 69, 2, 13]|[1, 1, 0, 1, 1, 0, 1, 1, 2, 1, 2, 2, 2, 1, 1, 0, 0, 1, 0, 2, 2, 0, 1, 2, 0, 1, 2, 2, 0, 0, 1, 2, 1, 2, 1, 0, 2, 0, 1, 1, 0, 1, 1, 1, 0, 2, 1, 1, 0, 0, 0, 0, 1, 1, 2, 1, 0, 2, 0, 2, 1, 0, 1, 2, 1, 2, 1, 1, 1, 1, 1, 1, 0, 1, 2, 0, 0, 0, 0, 1, 2, 1, 2, 0, 1, 0, 1, 2, 0, 0, 1, 2, 2, 0, 1, 0, 2, 1, 0, 0]|[0, 3, 2, 2, 4, 1, 2, 3, 2, 4, 1, 1, 2, 4, 4, 1, 1, 4, 2, 1, 1, 1, 1, 2, 1, 2, 1, 1, 2, 1, 3, 2, 3, 1, 4, 0, 1, 1, 0, 3, 2, 2, 2, 0, 1, 1, 0, 4, 0, 1, 2, 2, 1, 4, 0, 3, 1, 1, 1, 1, 3, 1, 1, 1, 3, 0, 4, 3, 1, 4, 1, 1, 0, 4, 1, 1, 2, 1, 1, 1, 1, 3, 1, 2, 1, 1, 4, 1, 2, 1, 3, 1, 1, 1, 1, 2, 1, 4, 2, 2]|[0, 2, 1, 1, 3, 0, 1, 3, 0, 0, 0, 0, 1, 0, 1, 0, 0, 3, 1, 0, 0, 0, 3, 1, 0, 2, 0, 0, 0, 1, 0, 0, 0, 0, 3, 0, 1, 0, 0, 2, 1, 1, 1, 0, 0, 0, 0, 2, 1, 0, 0, 0, 1, 3, 0, 0, 0, 0, 0, 0, 2, 0, 1, 0, 2, 1, 0, 0, 1, 1, 3, 1, 1, 3, 0, 0, 1, 0, 0, 2, 0, 0, 0, 1, 1, 0, 0, 0, 1, 0, 2, 0, 0, 1, 1, 0, 0, 2, 0, 0],731.2476204416437,56806.84376103422,93275.64763277225,false
28,G4_BALANCED,G4_BALANCED,[31, 11, 15, 82, 26, 9, 95, 32, 77, 68, 47, 5, 93, 78, 86, 54, 85, 63, 18, 44, 20, 49, 36, 14, 74, 50, 53, 17, 21, 45, 71, 64, 3, 23, 30, 83, 24, 41, 60, 52, 65, 27, 90, 70, 39, 87, 48, 69, 99, 4, 46, 1, 13, 58, 97, 59, 28, 75, 73, 37, 35, 79, 22, 66, 76, 42, 40, 80, 96, 6, 16, 61, 33, 7, 57, 34, 12, 67, 10, 98, 56, 88, 29, 94, 91, 38, 19, 92, 43, 84, 62, 72, 81, 25, 2, 55, 8, 89, 51, 0]|[2, 1, 1, 2, 1, 2, 1, 1, 1, 1, 1, 0, 2, 2, 1, 2, 0, 0, 0, 2, 2, 1, 0, 2, 0, 2, 2, 1, 0, 1, 1, 1, 0, 0, 1, 0, 2, 1, 2, 2, 0, 0, 1, 1, 0, 2, 0, 2, 1, 0, 0, 2, 0, 0, 2, 0, 1, 0, 0, 0, 2, 1, 0, 2, 2, 0, 2, 2, 0, 1, 2, 1, 1, 2, 0, 1, 1, 1, 1, 2, 2, 1, 1, 2, 1, 0, 1, 0, 1, 0, 1, 1, 1, 1, 2, 0, 1, 1, 1, 0]|[1, 3, 2, 0, 4, 1, 4, 4, 2, 4, 3, 2, 1, 0, 2, 1, 1, 1, 2, 1, 1, 3, 0, 1, 0, 1, 1, 4, 1, 4, 3, 2, 2, 0, 4, 1, 1, 4, 0, 1, 2, 1, 4, 4, 1, 1, 0, 2, 3, 2, 2, 1, 2, 1, 1, 2, 4, 2, 0, 2, 2, 3, 1, 0, 1, 2, 0, 1, 2, 4, 1, 3, 4, 1, 2, 4, 3, 3, 3, 1, 1, 4, 3, 1, 3, 2, 4, 2, 4, 2, 3, 4, 1, 4, 1, 2, 3, 4, 3, 2]|[1, 2, 1, 0, 3, 0, 1, 3, 0, 0, 2, 0, 1, 0, 1, 0, 0, 0, 1, 0, 0, 2, 0, 0, 1, 0, 0, 3, 0, 1, 0, 2, 0, 1, 3, 0, 1, 3, 1, 0, 0, 0, 1, 3, 0, 0, 1, 0, 2, 0, 0, 0, 0, 0, 1, 0, 1, 0, 1, 1, 0, 2, 0, 0, 0, 0, 0, 0, 0, 2, 0, 0, 1, 0, 0, 1, 0, 0, 3, 0, 0, 1, 0, 0, 0, 0, 3, 0, 2, 0, 0, 2, 1, 3, 0, 0, 0, 1, 0, 0],842.584363225019,52352.15155925938,107294.36147715819,false
28,G2_TEC,G2_TEC,[31, 22, 82, 15, 26, 9, 95, 42, 77, 68, 47, 5, 93, 78, 86, 54, 85, 63, 18, 44, 20, 49, 36, 14, 74, 50, 53, 17, 21, 28, 11, 64, 3, 23, 30, 83, 24, 41, 40, 52, 65, 27, 90, 70, 39, 87, 48, 69, 99, 4, 46, 1, 13, 58, 97, 59, 45, 8, 73, 37, 35, 79, 71, 66, 76, 32, 60, 80, 96, 6, 16, 61, 33, 7, 57, 34, 12, 67, 10, 98, 56, 88, 43, 75, 91, 38, 19, 92, 29, 84, 2, 72, 81, 25, 51, 55, 62, 89, 94, 0]|[2, 1, 2, 1, 1, 2, 1, 1, 1, 1, 1, 0, 2, 2, 1, 2, 0, 0, 0, 2, 2, 1, 0, 2, 0, 2, 2, 1, 0, 1, 1, 1, 0, 0, 1, 0, 2, 1, 2, 2, 0, 0, 1, 1, 0, 2, 0, 2, 1, 0, 0, 2, 0, 0, 2, 0, 1, 1, 0, 0, 2, 1, 1, 2, 2, 0, 2, 2, 0, 1, 2, 1, 1, 2, 0, 1, 1, 1, 1, 2, 2, 1, 1, 0, 1, 0, 1, 0, 1, 0, 2, 1, 1, 1, 1, 0, 1, 1, 2, 0]|[0, 3, 0, 3, 4, 1, 4, 4, 2, 4, 3, 2, 1, 0, 2, 1, 1, 1, 2, 1, 1, 3, 0, 1, 0, 1, 1, 4, 1, 4, 3, 2, 2, 0, 4, 1, 1, 4, 1, 1, 2, 1, 4, 4, 1, 1, 0, 2, 3, 2, 2, 1, 2, 1, 1, 2, 4, 3, 0, 2, 2, 3, 3, 0, 1, 2, 1, 1, 2, 4, 1, 3, 4, 1, 2, 4, 3, 3, 3, 1, 1, 4, 4, 2, 3, 2, 4, 2, 3, 2, 1, 4, 4, 4, 3, 2, 3, 4, 1, 2]|[0, 2, 0, 0, 3, 0, 1, 3, 0, 0, 2, 0, 1, 0, 1, 0, 0, 0, 1, 0, 0, 2, 0, 0, 1, 0, 0, 3, 0, 1, 0, 2, 0, 0, 3, 0, 1, 3, 0, 0, 0, 0, 1, 3, 0, 0, 1, 0, 2, 0, 0, 0, 0, 0, 1, 0, 1, 0, 1, 1, 0, 2, 0, 0, 0, 0, 0, 0, 0, 2, 0, 0, 1, 0, 0, 1, 0, 0, 3, 0, 0, 1, 2, 0, 0, 0, 1, 0, 3, 0, 0, 2, 1, 3, 0, 0, 0, 1, 0, 0],884.1935202920454,50174.268870086526,113547.00447605085,false
28,G3_TWC,G3_TWC,[31, 22, 82, 15, 26, 58, 95, 42, 77, 12, 47, 5, 93, 78, 98, 54, 85, 63, 18, 44, 20, 35, 43, 97, 91, 76, 10, 30, 21, 45, 71, 64, 1, 23, 17, 83, 24, 14, 60, 36, 6, 57, 94, 88, 65, 56, 79, 40, 67, 68, 46, 75, 38, 9, 19, 32, 81, 41, 27, 62, 87, 90, 99, 59, 11, 16, 72, 73, 70, 39, 37, 84, 3, 92, 25, 55, 28, 29, 51, 7, 33, 61, 86, 66, 89, 50, 48, 96, 53, 8, 80, 4, 34, 49, 52, 0, 13, 69, 2, 74]|[1, 1, 0, 1, 1, 1, 2, 1, 2, 1, 2, 2, 2, 1, 1, 0, 0, 1, 0, 2, 2, 0, 1, 2, 0, 1, 2, 2, 0, 0, 1, 2, 1, 2, 1, 0, 2, 0, 1, 1, 0, 1, 1, 1, 0, 2, 1, 1, 0, 0, 0, 0, 1, 1, 2, 1, 2, 0, 0, 0, 2, 1, 0, 1, 2, 1, 2, 1, 1, 1, 1, 1, 1, 0, 1, 1, 0, 0, 0, 1, 2, 1, 0, 2, 1, 0, 0, 0, 0, 1, 0, 0, 2, 0, 1, 0, 0, 1, 0, 2]|[4, 3, 2, 2, 0, 0, 2, 2, 2, 4, 1, 1, 2, 4, 4, 1, 2, 4, 2, 1, 1, 1, 1, 2, 1, 2, 1, 1, 1, 1, 3, 2, 3, 0, 4, 0, 1, 1, 0, 3, 2, 2, 4, 0, 1, 1, 0, 2, 0, 1, 2, 2, 1, 4, 0, 3, 2, 1, 1, 2, 1, 3, 1, 1, 1, 3, 0, 4, 3, 1, 4, 1, 1, 2, 4, 4, 2, 1, 1, 3, 1, 3, 1, 1, 1, 1, 1, 1, 2, 3, 1, 2, 1, 1, 1, 2, 2, 3, 2, 1]|[0, 2, 1, 1, 3, 3, 0, 1, 0, 0, 0, 0, 1, 0, 1, 0, 0, 3, 1, 0, 0, 0, 3, 1, 0, 2, 0, 0, 0, 1, 0, 0, 0, 0, 3, 0, 1, 0, 0, 2, 1, 1, 2, 0, 0, 0, 0, 1, 1, 0, 0, 0, 1, 3, 0, 0, 1, 0, 0, 1, 0, 2, 0, 1, 0, 2, 1, 0, 0, 1, 1, 3, 1, 1, 3, 3, 1, 0, 0, 2, 0, 0, 0, 0, 1, 0, 0, 0, 1, 2, 0, 1, 0, 1, 1, 0, 0, 0, 0, 0],802.1274951829081,57956.38699448537,89691.2003308727,false
28,G1_CMAX,G1_CMAX,[31, 22, 82, 15, 26, 99, 95, 42, 77, 12, 47, 5, 93, 78, 86, 54, 21, 63, 18, 44, 20, 35, 43, 97, 91, 76, 10, 30, 85, 45, 71, 64, 1, 23, 17, 83, 24, 14, 60, 36, 6, 57, 40, 88, 65, 56, 79, 94, 67, 68, 46, 75, 38, 9, 19, 32, 41, 81, 27, 87, 90, 58, 59, 11, 16, 72, 73, 70, 39, 37, 84, 3, 92, 25, 55, 48, 62, 29, 51, 7, 33, 61, 98, 28, 89, 50, 4, 96, 53, 80, 8, 66, 34, 49, 52, 0, 74, 69, 2, 13]|[1, 1, 0, 1, 1, 0, 1, 1, 2, 1, 2, 2, 2, 1, 1, 0, 0, 1, 0, 2, 2, 0, 1, 2, 0, 1, 2, 2, 0, 0, 1, 2, 1, 2, 1, 0, 2, 0, 1, 1, 0, 1, 1, 1, 0, 2, 1, 1, 0, 0, 0, 0, 1, 1, 2, 1, 0, 2, 0, 2, 1, 0, 1, 2, 1, 2, 1, 1, 1, 1, 1, 1, 0, 1, 2, 0, 0, 0, 0, 1, 2, 1, 2, 0, 1, 0, 1, 2, 0, 0, 1, 2, 2, 0, 1, 0, 2, 1, 0, 0]|[0, 3, 2, 2, 4, 1, 2, 3, 2, 4, 1, 1, 2, 4, 4, 1, 1, 4, 2, 1, 1, 1, 1, 2, 1, 2, 1, 1, 2, 1, 3, 2, 3, 1, 4, 0, 1, 1, 0, 3, 2, 2, 2, 0, 1, 1, 0, 4, 0, 1, 2, 2, 1, 4, 0, 3, 1, 1, 1, 1, 3, 1, 1, 1, 3, 0, 4, 3, 1, 4, 1, 1, 0, 4, 1, 1, 2, 1, 1, 1, 1, 3, 1, 2, 1, 1, 4, 1, 2, 1, 3, 1, 1, 1, 1, 2, 1, 4, 2, 2]|[0, 2, 1, 1, 3, 0, 1, 3, 0, 0, 0, 0, 1, 0, 1, 0, 0, 3, 1, 0, 0, 0, 3, 1, 0, 2, 0, 0, 0, 1, 0, 0, 0, 0, 3, 0, 1, 0, 0, 2, 1, 1, 1, 0, 0, 0, 0, 2, 1, 0, 0, 0, 1, 3, 0, 0, 0, 0, 0, 0, 2, 0, 1, 0, 2, 1, 0, 0, 1, 1, 3, 1, 1, 3, 0, 0, 1, 0, 0, 2, 0, 0, 0, 1, 1, 0, 0, 0, 1, 0, 2, 0, 0, 1, 1, 0, 0, 2, 0, 0],731.2476204416437,56806.84376103422,93275.64763277225,false
28,G4_BALANCED,G4_BALANCED,[31, 11, 15, 82, 26, 9, 95, 32, 77, 68, 47, 5, 93, 78, 86, 54, 85, 63, 18, 44, 20, 49, 36, 14, 74, 50, 53, 17, 21, 45, 71, 64, 3, 23, 30, 83, 24, 41, 60, 52, 65, 27, 90, 70, 39, 87, 48, 69, 99, 4, 46, 1, 13, 58, 97, 59, 28, 75, 73, 37, 35, 79, 22, 66, 76, 42, 40, 80, 96, 6, 16, 61, 33, 7, 57, 34, 12, 67, 10, 98, 56, 88, 29, 94, 91, 38, 19, 92, 43, 84, 62, 72, 81, 25, 2, 55, 8, 89, 51, 0]|[2, 1, 1, 2, 1, 2, 1, 1, 1, 1, 1, 0, 2, 2, 1, 2, 0, 0, 0, 2, 2, 1, 0, 2, 0, 2, 2, 1, 0, 1, 1, 1, 0, 0, 1, 0, 2, 1, 2, 2, 0, 0, 1, 1, 0, 2, 0, 2, 1, 0, 0, 2, 0, 0, 2, 0, 1, 0, 0, 0, 2, 1, 0, 2, 2, 0, 2, 2, 0, 1, 2, 1, 1, 2, 0, 1, 1, 1, 1, 2, 2, 1, 1, 2, 1, 0, 1, 0, 1, 0, 1, 1, 1, 1, 2, 0, 1, 1, 1, 0]|[1, 3, 2, 0, 4, 1, 4, 4, 2, 4, 3, 2, 1, 0, 2, 1, 1, 1, 2, 1, 1, 3, 0, 1, 0, 1, 1, 4, 1, 4, 3, 2, 2, 0, 4, 1, 1, 4, 0, 1, 2, 1, 4, 4, 1, 1, 0, 2, 3, 2, 2, 1, 2, 1, 1, 2, 4, 2, 0, 2, 2, 3, 1, 0, 1, 2, 0, 1, 2, 4, 1, 3, 4, 1, 2, 4, 3, 3, 3, 1, 1, 4, 3, 1, 3, 2, 4, 2, 4, 2, 3, 4, 1, 4, 1, 2, 3, 4, 3, 2]|[1, 2, 1, 0, 3, 0, 1, 3, 0, 0, 2, 0, 1, 0, 1, 0, 0, 0, 1, 0, 0, 2, 0, 0, 1, 0, 0, 3, 0, 1, 0, 2, 0, 1, 3, 0, 1, 3, 1, 0, 0, 0, 1, 3, 0, 0, 1, 0, 2, 0, 0, 0, 0, 0, 1, 0, 1, 0, 1, 1, 0, 2, 0, 0, 0, 0, 0, 0, 0, 2, 0, 0, 1, 0, 0, 1, 0, 0, 3, 0, 0, 1, 0, 0, 0, 0, 3, 0, 2, 0, 0, 2, 1, 3, 0, 0, 0, 1, 0, 0],842.584363225019,52352.15155925938,107294.36147715819,false
28,G2_TEC,G2_TEC,[31, 22, 82, 15, 26, 9, 95, 42, 77, 68, 47, 5, 93, 78, 86, 54, 85, 63, 18, 44, 20, 49, 36, 14, 74, 50, 53, 17, 21, 28, 11, 64, 3, 23, 30, 83, 24, 41, 40, 52, 65, 27, 90, 70, 39, 87, 48, 69, 99, 4, 46, 1, 13, 58, 97, 59, 45, 8, 73, 37, 35, 79, 71, 66, 76, 32, 60, 80, 96, 6, 16, 61, 33, 7, 57, 34, 12, 67, 10, 98, 56, 88, 43, 75, 91, 38, 19, 92, 29, 84, 2, 72, 81, 25, 51, 55, 62, 89, 94, 0]|[2, 1, 2, 1, 1, 2, 1, 1, 1, 1, 1, 0, 2, 2, 1, 2, 0, 0, 0, 2, 2, 1, 0, 2, 0, 2, 2, 1, 0, 1, 1, 1, 0, 0, 1, 0, 2, 1, 2, 2, 0, 0, 1, 1, 0, 2, 0, 2, 1, 0, 0, 2, 0, 0, 2, 0, 1, 1, 0, 0, 2, 1, 1, 2, 2, 0, 2, 2, 0, 1, 2, 1, 1, 2, 0, 1, 1, 1, 1, 2, 2, 1, 1, 0, 1, 0, 1, 0, 1, 0, 2, 1, 1, 1, 1, 0, 1, 1, 2, 0]|[0, 3, 0, 3, 4, 1, 4, 4, 2, 4, 3, 2, 1, 0, 2, 1, 1, 1, 2, 1, 1, 3, 0, 1, 0, 1, 1, 4, 1, 4, 3, 2, 2, 0, 4, 1, 1, 4, 1, 1, 2, 1, 4, 4, 1, 1, 0, 2, 3, 2, 2, 1, 2, 1, 1, 2, 4, 3, 0, 2, 2, 3, 3, 0, 1, 2, 1, 1, 2, 4, 1, 3, 4, 1, 2, 4, 3, 3, 3, 1, 1, 4, 4, 2, 3, 2, 4, 2, 3, 2, 1, 4, 4, 4, 3, 2, 3, 4, 1, 2]|[0, 2, 0, 0, 3, 0, 1, 3, 0, 0, 2, 0, 1, 0, 1, 0, 0, 0, 1, 0, 0, 2, 0, 0, 1, 0, 0, 3, 0, 1, 0, 2, 0, 0, 3, 0, 1, 3, 0, 0, 0, 0, 1, 3, 0, 0, 1, 0, 2, 0, 0, 0, 0, 0, 1, 0, 1, 0, 1, 1, 0, 2, 0, 0, 0, 0, 0, 0, 0, 2, 0, 0, 1, 0, 0, 1, 0, 0, 3, 0, 0, 1, 2, 0, 0, 0, 1, 0, 3, 0, 0, 2, 1, 3, 0, 0, 0, 1, 0, 0],884.1935202920454,50174.268870086526,113547.00447605085,false
28,G3_TWC,G3_TWC,[31, 22, 82, 15, 26, 58, 95, 42, 77, 12, 47, 5, 93, 78, 98, 54, 85, 63, 18, 44, 20, 35, 43, 97, 91, 76, 10, 30, 21, 45, 71, 64, 1, 23, 17, 83, 24, 14, 60, 36, 6, 57, 94, 88, 65, 56, 79, 40, 67, 68, 46, 75, 38, 9, 19, 32, 81, 41, 27, 62, 87, 90, 99, 59, 11, 16, 72, 73, 70, 39, 37, 84, 3, 92, 25, 55, 28, 29, 51, 7, 33, 61, 86, 66, 89, 50, 48, 96, 53, 8, 80, 4, 34, 49, 52, 0, 13, 69, 2, 74]|[1, 1, 0, 1, 1, 1, 2, 1, 2, 1, 2, 2, 2, 1, 1, 0, 0, 1, 0, 2, 2, 0, 1, 2, 0, 1, 2, 2, 0, 0, 1, 2, 1, 2, 1, 0, 2, 0, 1, 1, 0, 1, 1, 1, 0, 2, 1, 1, 0, 0, 0, 0, 1, 1, 2, 1, 2, 0, 0, 0, 2, 1, 0, 1, 2, 1, 2, 1, 1, 1, 1, 1, 1, 0, 1, 1, 0, 0, 0, 1, 2, 1, 0, 2, 1, 0, 0, 0, 0, 1, 0, 0, 2, 0, 1, 0, 0, 1, 0, 2]|[4, 3, 2, 2, 0, 0, 2, 2, 2, 4, 1, 1, 2, 4, 4, 1, 2, 4, 2, 1, 1, 1, 1, 2, 1, 2, 1, 1, 1, 1, 3, 2, 3, 0, 4, 0, 1, 1, 0, 3, 2, 2, 4, 0, 1, 1, 0, 2, 0, 1, 2, 2, 1, 4, 0, 3, 2, 1, 1, 2, 1, 3, 1, 1, 1, 3, 0, 4, 3, 1, 4, 1, 1, 2, 4, 4, 2, 1, 1, 3, 1, 3, 1, 1, 1, 1, 1, 1, 2, 3, 1, 2, 1, 1, 1, 2, 2, 3, 2, 1]|[0, 2, 1, 1, 3, 3, 0, 1, 0, 0, 0, 0, 1, 0, 1, 0, 0, 3, 1, 0, 0, 0, 3, 1, 0, 2, 0, 0, 0, 1, 0, 0, 0, 0, 3, 0, 1, 0, 0, 2, 1, 1, 2, 0, 0, 0, 0, 1, 1, 0, 0, 0, 1, 3, 0, 0, 1, 0, 0, 1, 0, 2, 0, 1, 0, 2, 1, 0, 0, 1, 1, 3, 1, 1, 3, 3, 1, 0, 0, 2, 0, 0, 0, 0, 1, 0, 0, 0, 1, 2, 0, 1, 0, 1, 1, 0, 0, 0, 0, 0],802.1274951829081,57956.38699448537,89691.2003308727,false
28,G1_CMAX,G1_CMAX,[31, 22, 82, 15, 26, 99, 95, 42, 77, 12, 47, 5, 93, 78, 86, 54, 21, 63, 18, 44, 20, 35, 43, 97, 91, 76, 10, 30, 85, 45, 71, 64, 1, 23, 17, 83, 24, 14, 60, 36, 6, 57, 40, 88, 65, 56, 79, 94, 67, 68, 46, 75, 38, 9, 19, 32, 41, 81, 27, 87, 90, 58, 59, 11, 16, 72, 73, 70, 39, 37, 84, 3, 92, 25, 55, 48, 62, 29, 51, 7, 33, 61, 98, 28, 89, 50, 4, 96, 53, 80, 8, 66, 34, 49, 52, 0, 74, 69, 2, 13]|[1, 1, 0, 1, 1, 0, 1, 1, 2, 1, 2, 2, 2, 1, 1, 0, 0, 1, 0, 2, 2, 0, 1, 2, 0, 1, 2, 2, 0, 0, 1, 2, 1, 2, 1, 0, 2, 0, 1, 1, 0, 1, 1, 1, 0, 2, 1, 1, 0, 0, 0, 0, 1, 1, 2, 1, 0, 2, 0, 2, 1, 0, 1, 2, 1, 2, 1, 1, 1, 1, 1, 1, 0, 1, 2, 0, 0, 0, 0, 1, 2, 1, 2, 0, 1, 0, 1, 2, 0, 0, 1, 2, 2, 0, 1, 0, 2, 1, 0, 0]|[0, 3, 2, 2, 4, 1, 2, 3, 2, 4, 1, 1, 2, 4, 4, 1, 1, 4, 2, 1, 1, 1, 1, 2, 1, 2, 1, 1, 2, 1, 3, 2, 3, 1, 4, 0, 1, 1, 0, 3, 2, 2, 2, 0, 1, 1, 0, 4, 0, 1, 2, 2, 1, 4, 0, 3, 1, 1, 1, 1, 3, 1, 1, 1, 3, 0, 4, 3, 1, 4, 1, 1, 0, 4, 1, 1, 2, 1, 1, 1, 1, 3, 1, 2, 1, 1, 4, 1, 2, 1, 3, 1, 1, 1, 1, 2, 1, 4, 2, 2]|[0, 2, 1, 1, 3, 0, 1, 3, 0, 0, 0, 0, 1, 0, 1, 0, 0, 3, 1, 0, 0, 0, 3, 1, 0, 2, 0, 0, 0, 1, 0, 0, 0, 0, 3, 0, 1, 0, 0, 2, 1, 1, 1, 0, 0, 0, 0, 2, 1, 0, 0, 0, 1, 3, 0, 0, 0, 0, 0, 0, 2, 0, 1, 0, 2, 1, 0, 0, 1, 1, 3, 1, 1, 3, 0, 0, 1, 0, 0, 2, 0, 0, 0, 1, 1, 0, 0, 0, 1, 0, 2, 0, 0, 1, 1, 0, 0, 2, 0, 0],731.2476204416437,56806.84376103422,93275.64763277225,false
28,G4_BALANCED,G4_BALANCED,[31, 11, 15, 82, 26, 9, 95, 32, 77, 68, 47, 5, 93, 78, 86, 54, 85, 63, 18, 44, 20, 49, 36, 14, 74, 50, 53, 17, 21, 45, 71, 64, 3, 23, 30, 83, 24, 41, 60, 52, 65, 27, 90, 70, 39, 87, 48, 69, 99, 4, 46, 1, 13, 58, 97, 59, 28, 75, 73, 37, 35, 79, 22, 66, 76, 42, 40, 80, 96, 6, 16, 61, 33, 7, 57, 34, 12, 67, 10, 98, 56, 88, 29, 94, 91, 38, 19, 92, 43, 84, 62, 72, 81, 25, 2, 55, 8, 89, 51, 0]|[2, 1, 1, 2, 1, 2, 1, 1, 1, 1, 1, 0, 2, 2, 1, 2, 0, 0, 0, 2, 2, 1, 0, 2, 0, 2, 2, 1, 0, 1, 1, 1, 0, 0, 1, 0, 2, 1, 2, 2, 0, 0, 1, 1, 0, 2, 0, 2, 1, 0, 0, 2, 0, 0, 2, 0, 1, 0, 0, 0, 2, 1, 0, 2, 2, 0, 2, 2, 0, 1, 2, 1, 1, 2, 0, 1, 1, 1, 1, 2, 2, 1, 1, 2, 1, 0, 1, 0, 1, 0, 1, 1, 1, 1, 2, 0, 1, 1, 1, 0]|[1, 3, 2, 0, 4, 1, 4, 4, 2, 4, 3, 2, 1, 0, 2, 1, 1, 1, 2, 1, 1, 3, 0, 1, 0, 1, 1, 4, 1, 4, 3, 2, 2, 0, 4, 1, 1, 4, 0, 1, 2, 1, 4, 4, 1, 1, 0, 2, 3, 2, 2, 1, 2, 1, 1, 2, 4, 2, 0, 2, 2, 3, 1, 0, 1, 2, 0, 1, 2, 4, 1, 3, 4, 1, 2, 4, 3, 3, 3, 1, 1, 4, 3, 1, 3, 2, 4, 2, 4, 2, 3, 4, 1, 4, 1, 2, 3, 4, 3, 2]|[1, 2, 1, 0, 3, 0, 1, 3, 0, 0, 2, 0, 1, 0, 1, 0, 0, 0, 1, 0, 0, 2, 0, 0, 1, 0, 0, 3, 0, 1, 0, 2, 0, 1, 3, 0, 1, 3, 1, 0, 0, 0, 1, 3, 0, 0, 1, 0, 2, 0, 0, 0, 0, 0, 1, 0, 1, 0, 1, 1, 0, 2, 0, 0, 0, 0, 0, 0, 0, 2, 0, 0, 1, 0, 0, 1, 0, 0, 3, 0, 0, 1, 0, 0, 0, 0, 3, 0, 2, 0, 0, 2, 1, 3, 0, 0, 0, 1, 0, 0],842.584363225019,52352.15155925938,107294.36147715819,false
28,G2_TEC,G2_TEC,[31, 22, 82, 15, 26, 9, 95, 42, 77, 68, 47, 5, 93, 78, 86, 54, 85, 63, 18, 44, 20, 49, 36, 14, 74, 50, 53, 17, 21, 28, 11, 64, 3, 23, 30, 83, 24, 41, 40, 52, 65, 27, 90, 70, 39, 87, 48, 69, 99, 4, 46, 1, 13, 58, 97, 59, 45, 8, 73, 37, 35, 79, 71, 66, 76, 32, 60, 80, 96, 6, 16, 61, 33, 7, 57, 34, 12, 67, 10, 98, 56, 88, 43, 75, 91, 38, 19, 92, 29, 84, 2, 72, 81, 25, 51, 55, 62, 89, 94, 0]|[2, 1, 2, 1, 1, 2, 1, 1, 1, 1, 1, 0, 2, 2, 1, 2, 0, 0, 0, 2, 2, 1, 0, 2, 0, 2, 2, 1, 0, 1, 1, 1, 0, 0, 1, 0, 2, 1, 2, 2, 0, 0, 1, 1, 0, 2, 0, 2, 1, 0, 0, 2, 0, 0, 2, 0, 1, 1, 0, 0, 2, 1, 1, 2, 2, 0, 2, 2, 0, 1, 2, 1, 1, 2, 0, 1, 1, 1, 1, 2, 2, 1, 1, 0, 1, 0, 1, 0, 1, 0, 2, 1, 1, 1, 1, 0, 1, 1, 2, 0]|[0, 3, 0, 3, 4, 1, 4, 4, 2, 4, 3, 2, 1, 0, 2, 1, 1, 1, 2, 1, 1, 3, 0, 1, 0, 1, 1, 4, 1, 4, 3, 2, 2, 0, 4, 1, 1, 4, 1, 1, 2, 1, 4, 4, 1, 1, 0, 2, 3, 2, 2, 1, 2, 1, 1, 2, 4, 3, 0, 2, 2, 3, 3, 0, 1, 2, 1, 1, 2, 4, 1, 3, 4, 1, 2, 4, 3, 3, 3, 1, 1, 4, 4, 2, 3, 2, 4, 2, 3, 2, 1, 4, 4, 4, 3, 2, 3, 4, 1, 2]|[0, 2, 0, 0, 3, 0, 1, 3, 0, 0, 2, 0, 1, 0, 1, 0, 0, 0, 1, 0, 0, 2, 0, 0, 1, 0, 0, 3, 0, 1, 0, 2, 0, 0, 3, 0, 1, 3, 0, 0, 0, 0, 1, 3, 0, 0, 1, 0, 2, 0, 0, 0, 0, 0, 1, 0, 1, 0, 1, 1, 0, 2, 0, 0, 0, 0, 0, 0, 0, 2, 0, 0, 1, 0, 0, 1, 0, 0, 3, 0, 0, 1, 2, 0, 0, 0, 1, 0, 3, 0, 0, 2, 1, 3, 0, 0, 0, 1, 0, 0],884.1935202920454,50174.268870086526,113547.00447605085,false
28,G3_TWC,G3_TWC,[31, 22, 82, 15, 26, 58, 95, 42, 77, 12, 47, 5, 93, 78, 98, 54, 85, 63, 18, 44, 20, 35, 43, 97, 91, 76, 10, 30, 21, 45, 71, 64, 1, 23, 17, 83, 24, 14, 60, 36, 6, 57, 94, 88, 65, 56, 79, 40, 67, 68, 46, 75, 38, 9, 19, 32, 81, 41, 27, 62, 87, 90, 99, 59, 11, 16, 72, 73, 70, 39, 37, 84, 3, 92, 25, 55, 28, 29, 51, 7, 33, 61, 86, 66, 89, 50, 48, 96, 53, 8, 80, 4, 34, 49, 52, 0, 13, 69, 2, 74]|[1, 1, 0, 1, 1, 1, 2, 1, 2, 1, 2, 2, 2, 1, 1, 0, 0, 1, 0, 2, 2, 0, 1, 2, 0, 1, 2, 2, 0, 0, 1, 2, 1, 2, 1, 0, 2, 0, 1, 1, 0, 1, 1, 1, 0, 2, 1, 1, 0, 0, 0, 0, 1, 1, 2, 1, 2, 0, 0, 0, 2, 1, 0, 1, 2, 1, 2, 1, 1, 1, 1, 1, 1, 0, 1, 1, 0, 0, 0, 1, 2, 1, 0, 2, 1, 0, 0, 0, 0, 1, 0, 0, 2, 0, 1, 0, 0, 1, 0, 2]|[4, 3, 2, 2, 0, 0, 2, 2, 2, 4, 1, 1, 2, 4, 4, 1, 2, 4, 2, 1, 1, 1, 1, 2, 1, 2, 1, 1, 1, 1, 3, 2, 3, 0, 4, 0, 1, 1, 0, 3, 2, 2, 4, 0, 1, 1, 0, 2, 0, 1, 2, 2, 1, 4, 0, 3, 2, 1, 1, 2, 1, 3, 1, 1, 1, 3, 0, 4, 3, 1, 4, 1, 1, 2, 4, 4, 2, 1, 1, 3, 1, 3, 1, 1, 1, 1, 1, 1, 2, 3, 1, 2, 1, 1, 1, 2, 2, 3, 2, 1]|[0, 2, 1, 1, 3, 3, 0, 1, 0, 0, 0, 0, 1, 0, 1, 0, 0, 3, 1, 0, 0, 0, 3, 1, 0, 2, 0, 0, 0, 1, 0, 0, 0, 0, 3, 0, 1, 0, 0, 2, 1, 1, 2, 0, 0, 0, 0, 1, 1, 0, 0, 0, 1, 3, 0, 0, 1, 0, 0, 1, 0, 2, 0, 1, 0, 2, 1, 0, 0, 1, 1, 3, 1, 1, 3, 3, 1, 0, 0, 2, 0, 0, 0, 0, 1, 0, 0, 0, 1, 2, 0, 1, 0, 1, 1, 0, 0, 0, 0, 0],802.1274951829081,57956.38699448537,89691.2003308727,false
28,G1_CMAX,G1_CMAX,[31, 22, 82, 15, 26, 99, 95, 42, 77, 12, 47, 5, 93, 78, 86, 54, 21, 63, 18, 44, 20, 35, 43, 97, 91, 76, 10, 30, 85, 45, 71, 64, 1, 23, 17, 83, 24, 14, 60, 36, 6, 57, 40, 88, 65, 56, 79, 94, 67, 68, 46, 75, 38, 9, 19, 32, 41, 81, 27, 87, 90, 58, 59, 11, 16, 72, 73, 70, 39, 37, 84, 3, 92, 25, 55, 48, 62, 29, 51, 7, 33, 61, 98, 28, 89, 50, 4, 96, 53, 80, 8, 66, 34, 49, 52, 0, 74, 69, 2, 13]|[1, 1, 0, 1, 1, 0, 1, 1, 2, 1, 2, 2, 2, 1, 1, 0, 0, 1, 0, 2, 2, 0, 1, 2, 0, 1, 2, 2, 0, 0, 1, 2, 1, 2, 1, 0, 2, 0, 1, 1, 0, 1, 1, 1, 0, 2, 1, 1, 0, 0, 0, 0, 1, 1, 2, 1, 0, 2, 0, 2, 1, 0, 1, 2, 1, 2, 1, 1, 1, 1, 1, 1, 0, 1, 2, 0, 0, 0, 0, 1, 2, 1, 2, 0, 1, 0, 1, 2, 0, 0, 1, 2, 2, 0, 1, 0, 2, 1, 0, 0]|[0, 3, 2, 2, 4, 1, 2, 3, 2, 4, 1, 1, 2, 4, 4, 1, 1, 4, 2, 1, 1, 1, 1, 2, 1, 2, 1, 1, 2, 1, 3, 2, 3, 1, 4, 0, 1, 1, 0, 3, 2, 2, 2, 0, 1, 1, 0, 4, 0, 1, 2, 2, 1, 4, 0, 3, 1, 1, 1, 1, 3, 1, 1, 1, 3, 0, 4, 3, 1, 4, 1, 1, 0, 4, 1, 1, 2, 1, 1, 1, 1, 3, 1, 2, 1, 1, 4, 1, 2, 1, 3, 1, 1, 1, 1, 2, 1, 4, 2, 2]|[0, 2, 1, 1, 3, 0, 1, 3, 0, 0, 0, 0, 1, 0, 1, 0, 0, 3, 1, 0, 0, 0, 3, 1, 0, 2, 0, 0, 0, 1, 0, 0, 0, 0, 3, 0, 1, 0, 0, 2, 1, 1, 1, 0, 0, 0, 0, 2, 1, 0, 0, 0, 1, 3, 0, 0, 0, 0, 0, 0, 2, 0, 1, 0, 2, 1, 0, 0, 1, 1, 3, 1, 1, 3, 0, 0, 1, 0, 0, 2, 0, 0, 0, 1, 1, 0, 0, 0, 1, 0, 2, 0, 0, 1, 1, 0, 0, 2, 0, 0],731.2476204416437,56806.84376103422,93275.64763277225,false
28,G4_BALANCED,G4_BALANCED,[31, 11, 15, 82, 26, 9, 95, 32, 77, 68, 47, 5, 93, 78, 86, 54, 85, 63, 18, 44, 20, 49, 36, 14, 74, 50, 53, 17, 21, 45, 71, 64, 3, 23, 30, 83, 24, 41, 60, 52, 65, 27, 90, 70, 39, 87, 48, 69, 99, 4, 46, 1, 13, 58, 97, 59, 28, 75, 73, 37, 35, 79, 22, 66, 76, 42, 40, 80, 96, 6, 16, 61, 33, 7, 57, 34, 12, 67, 10, 98, 56, 88, 29, 94, 91, 38, 19, 92, 43, 84, 62, 72, 81, 25, 2, 55, 8, 89, 51, 0]|[2, 1, 1, 2, 1, 2, 1, 1, 1, 1, 1, 0, 2, 2, 1, 2, 0, 0, 0, 2, 2, 1, 0, 2, 0, 2, 2, 1, 0, 1, 1, 1, 0, 0, 1, 0, 2, 1, 2, 2, 0, 0, 1, 1, 0, 2, 0, 2, 1, 0, 0, 2, 0, 0, 2, 0, 1, 0, 0, 0, 2, 1, 0, 2, 2, 0, 2, 2, 0, 1, 2, 1, 1, 2, 0, 1, 1, 1, 1, 2, 2, 1, 1, 2, 1, 0, 1, 0, 1, 0, 1, 1, 1, 1, 2, 0, 1, 1, 1, 0]|[1, 3, 2, 0, 4, 1, 4, 4, 2, 4, 3, 2, 1, 0, 2, 1, 1, 1, 2, 1, 1, 3, 0, 1, 0, 1, 1, 4, 1, 4, 3, 2, 2, 0, 4, 1, 1, 4, 0, 1, 2, 1, 4, 4, 1, 1, 0, 2, 3, 2, 2, 1, 2, 1, 1, 2, 4, 2, 0, 2, 2, 3, 1, 0, 1, 2, 0, 1, 2, 4, 1, 3, 4, 1, 2, 4, 3, 3, 3, 1, 1, 4, 3, 1, 3, 2, 4, 2, 4, 2, 3, 4, 1, 4, 1, 2, 3, 4, 3, 2]|[1, 2, 1, 0, 3, 0, 1, 3, 0, 0, 2, 0, 1, 0, 1, 0, 0, 0, 1, 0, 0, 2, 0, 0, 1, 0, 0, 3, 0, 1, 0, 2, 0, 1, 3, 0, 1, 3, 1, 0, 0, 0, 1, 3, 0, 0, 1, 0, 2, 0, 0, 0, 0, 0, 1, 0, 1, 0, 1, 1, 0, 2, 0, 0, 0, 0, 0, 0, 0, 2, 0, 0, 1, 0, 0, 1, 0, 0, 3, 0, 0, 1, 0, 0, 0, 0, 3, 0, 2, 0, 0, 2, 1, 3, 0, 0, 0, 1, 0, 0],842.584363225019,52352.15155925938,107294.36147715819,false
28,G2_TEC,G2_TEC,[31, 22, 82, 15, 26, 9, 95, 42, 77, 68, 47, 5, 93, 78, 86, 54, 85, 63, 18, 44, 20, 49, 36, 14, 74, 50, 53, 17, 21, 28, 11, 64, 3, 23, 30, 83, 24, 41, 40, 52, 65, 27, 90, 70, 39, 87, 48, 69, 99, 4, 46, 1, 13, 58, 97, 59, 45, 8, 73, 37, 35, 79, 71, 66, 76, 32, 60, 80, 96, 6, 16, 61, 33, 7, 57, 34, 12, 67, 10, 98, 56, 88, 43, 75, 91, 38, 84, 92, 29, 19, 51, 72, 89, 25, 2, 55, 62, 81, 94, 0]|[2, 1, 2, 1, 1, 2, 1, 1, 1, 1, 1, 0, 2, 2, 1, 2, 0, 0, 0, 2, 2, 1, 0, 2, 0, 2, 2, 1, 0, 1, 1, 1, 0, 0, 1, 0, 2, 1, 2, 2, 0, 0, 1, 1, 0, 2, 0, 2, 1, 0, 0, 2, 0, 0, 2, 0, 1, 1, 0, 0, 2, 1, 1, 1, 2, 0, 2, 2, 0, 1, 2, 1, 1, 2, 0, 1, 2, 1, 1, 2, 2, 1, 1, 0, 1, 0, 0, 0, 1, 1, 1, 1, 1, 1, 2, 0, 1, 1, 2, 0]|[0, 3, 0, 3, 4, 1, 4, 4, 2, 4, 3, 2, 1, 0, 2, 1, 1, 1, 2, 1, 1, 3, 0, 1, 0, 1, 1, 4, 1, 4, 3, 2, 2, 0, 4, 1, 1, 4, 1, 1, 2, 1, 4, 4, 1, 1, 0, 2, 3, 2, 2, 1, 2, 1, 1, 2, 4, 3, 0, 2, 2, 3, 3, 1, 1, 2, 1, 1, 2, 4, 1, 3, 4, 1, 2, 4, 1, 3, 3, 1, 1, 4, 4, 2, 3, 2, 2, 2, 3, 4, 3, 4, 4, 4, 1, 2, 3, 4, 1, 2]|[0, 2, 0, 0, 3, 0, 1, 3, 0, 0, 2, 0, 1, 0, 1, 0, 0, 0, 1, 0, 0, 2, 0, 0, 1, 0, 0, 3, 0, 1, 0, 2, 0, 0, 3, 0, 1, 3, 0, 0, 0, 0, 1, 3, 0, 0, 1, 0, 2, 0, 0, 0, 0, 0, 1, 0, 1, 0, 1, 1, 0, 2, 0, 2, 0, 0, 0, 0, 0, 2, 0, 0, 1, 0, 0, 1, 0, 0, 3, 0, 0, 1, 2, 0, 0, 0, 0, 0, 3, 1, 0, 2, 1, 3, 0, 0, 0, 1, 0, 0],882.9438068981488,49877.554644704585,107717.62812963048,false
28,G3_TWC,G3_TWC,[31, 22, 82, 15, 26, 58, 95, 42, 77, 12, 47, 5, 93, 78, 98, 54, 85, 63, 18, 44, 20, 35, 43, 97, 91, 76, 10, 30, 21, 45, 71, 64, 1, 23, 17, 83, 24, 14, 60, 36, 6, 57, 94, 88, 65, 56, 79, 40, 67, 68, 46, 75, 38, 9, 19, 32, 81, 41, 27, 62, 87, 90, 99, 59, 11, 16, 72, 73, 70, 39, 37, 84, 3, 92, 25, 55, 28, 29, 51, 7, 33, 61, 86, 66, 89, 50, 48, 96, 53, 8, 80, 4, 34, 49, 52, 0, 13, 69, 2, 74]|[1, 1, 0, 1, 1, 1, 2, 1, 2, 1, 2, 2, 2, 1, 1, 0, 0, 1, 0, 2, 2, 0, 1, 2, 0, 1, 2, 2, 0, 0, 1, 2, 1, 2, 1, 0, 2, 0, 1, 1, 0, 1, 1, 1, 0, 2, 1, 1, 0, 0, 0, 0, 1, 1, 2, 1, 2, 0, 0, 0, 2, 1, 0, 1, 2, 1, 2, 1, 1, 1, 1, 1, 1, 0, 1, 1, 0, 0, 0, 1, 2, 1, 0, 2, 1, 0, 0, 0, 0, 1, 0, 0, 2, 0, 1, 0, 0, 1, 0, 2]|[4, 3, 2, 2, 0, 0, 2, 2, 2, 4, 1, 1, 2, 4, 4, 1, 2, 4, 2, 1, 1, 1, 1, 2, 1, 2, 1, 1, 1, 1, 3, 2, 3, 0, 4, 0, 1, 1, 0, 3, 2, 2, 4, 0, 1, 1, 0, 2, 0, 1, 2, 2, 1, 4, 0, 3, 2, 1, 1, 2, 1, 3, 1, 1, 1, 3, 0, 4, 3, 1, 4, 1, 1, 2, 4, 4, 2, 1, 1, 3, 1, 3, 1, 1, 1, 1, 1, 1, 2, 3, 1, 2, 1, 1, 1, 2, 2, 3, 2, 1]|[0, 2, 1, 1, 3, 3, 0, 1, 0, 0, 0, 0, 1, 0, 1, 0, 0, 3, 1, 0, 0, 0, 3, 1, 0, 2, 0, 0, 0, 1, 0, 0, 0, 0, 3, 0, 1, 0, 0, 2, 1, 1, 2, 0, 0, 0, 0, 1, 1, 0, 0, 0, 1, 3, 0, 0, 1, 0, 0, 1, 0, 2, 0, 1, 0, 2, 1, 0, 0, 1, 1, 3, 1, 1, 3, 3, 1, 0, 0, 2, 0, 0, 0, 0, 1, 0, 0, 0, 1, 2, 0, 1, 0, 1, 1, 0, 0, 0, 0, 0],802.1274951829081,57956.38699448537,89691.2003308727,false
28,G1_CMAX,G1_CMAX,[31, 22, 82, 15, 26, 99, 95, 42, 77, 12, 47, 5, 93, 78, 86, 54, 21, 63, 18, 44, 20, 35, 43, 97, 91, 76, 10, 30, 85, 45, 71, 64, 1, 23, 17, 83, 24, 14, 60, 36, 6, 57, 40, 88, 65, 56, 79, 94, 67, 68, 46, 75, 38, 9, 19, 32, 41, 81, 27, 87, 90, 58, 59, 11, 16, 72, 73, 70, 39, 37, 84, 3, 92, 25, 55, 48, 62, 29, 51, 7, 33, 61, 98, 28, 89, 50, 4, 96, 53, 80, 8, 66, 34, 49, 52, 0, 74, 69, 2, 13]|[1, 1, 0, 1, 1, 0, 1, 1, 2, 1, 2, 2, 2, 1, 1, 0, 0, 1, 0, 2, 2, 0, 1, 2, 0, 1, 2, 2, 0, 0, 1, 2, 1, 2, 1, 0, 2, 0, 1, 1, 0, 1, 1, 1, 0, 2, 1, 1, 0, 0, 0, 0, 1, 1, 2, 1, 0, 2, 0, 2, 1, 0, 1, 2, 1, 2, 1, 1, 1, 1, 1, 1, 0, 1, 2, 0, 0, 0, 0, 1, 2, 1, 2, 0, 1, 0, 1, 2, 0, 0, 1, 2, 2, 0, 1, 0, 2, 1, 0, 0]|[0, 3, 2, 2, 4, 1, 2, 3, 2, 4, 1, 1, 2, 4, 4, 1, 1, 4, 2, 1, 1, 1, 1, 2, 1, 2, 1, 1, 2, 1, 3, 2, 3, 1, 4, 0, 1, 1, 0, 3, 2, 2, 2, 0, 1, 1, 0, 4, 0, 1, 2, 2, 1, 4, 0, 3, 1, 1, 1, 1, 3, 1, 1, 1, 3, 0, 4, 3, 1, 4, 1, 1, 0, 4, 1, 1, 2, 1, 1, 1, 1, 3, 1, 2, 1, 1, 4, 1, 2, 1, 3, 1, 1, 1, 1, 2, 1, 4, 2, 2]|[0, 2, 1, 1, 3, 0, 1, 3, 0, 0, 0, 0, 1, 0, 1, 0, 0, 3, 1, 0, 0, 0, 3, 1, 0, 2, 0, 0, 0, 1, 0, 0, 0, 0, 3, 0, 1, 0, 0, 2, 1, 1, 1, 0, 0, 0, 0, 2, 1, 0, 0, 0, 1, 3, 0, 0, 0, 0, 0, 0, 2, 0, 1, 0, 2, 1, 0, 0, 1, 1, 3, 1, 1, 3, 0, 0, 1, 0, 0, 2, 0, 0, 0, 1, 1, 0, 0, 0, 1, 0, 2, 0, 0, 1, 1, 0, 0, 2, 0, 0],731.2476204416437,56806.84376103422,93275.64763277225,false
28,G4_BALANCED,G4_BALANCED,[31, 11, 15, 82, 26, 9, 95, 32, 77, 68, 47, 5, 93, 78, 86, 54, 85, 63, 18, 44, 20, 49, 36, 14, 74, 50, 53, 17, 21, 45, 71, 64, 3, 23, 30, 83, 24, 41, 60, 52, 65, 27, 90, 70, 39, 87, 48, 69, 99, 4, 46, 1, 13, 58, 97, 59, 28, 75, 73, 37, 35, 79, 22, 66, 76, 42, 40, 80, 96, 6, 16, 61, 33, 7, 57, 34, 12, 67, 10, 98, 56, 88, 29, 94, 91, 38, 19, 92, 43, 84, 62, 72, 81, 25, 2, 55, 8, 89, 51, 0]|[2, 1, 1, 2, 1, 2, 1, 1, 1, 1, 1, 0, 2, 2, 1, 2, 0, 0, 0, 2, 2, 1, 0, 2, 0, 2, 2, 1, 0, 1, 1, 1, 0, 0, 1, 0, 2, 1, 2, 2, 0, 0, 1, 1, 0, 2, 0, 2, 1, 0, 0, 2, 0, 0, 2, 0, 1, 0, 0, 0, 2, 1, 0, 2, 2, 0, 2, 2, 0, 1, 2, 1, 1, 2, 0, 1, 1, 1, 1, 2, 2, 1, 1, 2, 1, 0, 1, 0, 1, 0, 1, 1, 1, 1, 2, 0, 1, 1, 1, 0]|[1, 3, 2, 0, 4, 1, 4, 4, 2, 4, 3, 2, 1, 0, 2, 1, 1, 1, 2, 1, 1, 3, 0, 1, 0, 1, 1, 4, 1, 4, 3, 2, 2, 0, 4, 1, 1, 4, 0, 1, 2, 1, 4, 4, 1, 1, 0, 2, 3, 2, 2, 1, 2, 1, 1, 2, 4, 2, 0, 2, 2, 3, 1, 0, 1, 2, 0, 1, 2, 4, 1, 3, 4, 1, 2, 4, 3, 3, 3, 1, 1, 4, 3, 1, 3, 2, 4, 2, 4, 2, 3, 4, 1, 4, 1, 2, 3, 4, 3, 2]|[1, 2, 1, 0, 3, 0, 1, 3, 0, 0, 2, 0, 1, 0, 1, 0, 0, 0, 1, 0, 0, 2, 0, 0, 1, 0, 0, 3, 0, 1, 0, 2, 0, 1, 3, 0, 1, 3, 1, 0, 0, 0, 1, 3, 0, 0, 1, 0, 2, 0, 0, 0, 0, 0, 1, 0, 1, 0, 1, 1, 0, 2, 0, 0, 0, 0, 0, 0, 0, 2, 0, 0, 1, 0, 0, 1, 0, 0, 3, 0, 0, 1, 0, 0, 0, 0, 3, 0, 2, 0, 0, 2, 1, 3, 0, 0, 0, 1, 0, 0],842.584363225019,52352.15155925938,107294.36147715819,false
28,G2_TEC,G2_TEC,[31, 22, 82, 15, 26, 9, 95, 42, 77, 68, 47, 5, 93, 78, 86, 54, 85, 63, 18, 44, 20, 49, 36, 14, 74, 50, 53, 17, 21, 28, 11, 64, 3, 23, 30, 83, 24, 41, 40, 52, 65, 27, 90, 70, 39, 87, 48, 69, 99, 4, 46, 1, 13, 58, 97, 59, 45, 8, 73, 37, 35, 79, 71, 66, 76, 32, 60, 80, 96, 6, 16, 61, 33, 7, 57, 34, 12, 67, 10, 98, 56, 88, 43, 75, 91, 38, 84, 92, 29, 19, 51, 72, 89, 25, 2, 55, 62, 81, 94, 0]|[2, 1, 2, 1, 1, 2, 1, 1, 1, 1, 1, 0, 2, 2, 1, 2, 0, 0, 0, 2, 2, 1, 0, 2, 0, 2, 2, 1, 0, 1, 1, 1, 0, 0, 1, 0, 2, 1, 2, 2, 0, 0, 1, 1, 0, 2, 0, 2, 1, 0, 0, 2, 0, 0, 2, 0, 1, 1, 0, 0, 2, 1, 1, 1, 2, 0, 2, 2, 0, 1, 2, 1, 1, 2, 0, 1, 2, 1, 1, 2, 2, 1, 1, 0, 1, 0, 0, 0, 1, 1, 1, 1, 1, 1, 2, 0, 1, 1, 2, 0]|[0, 3, 0, 3, 4, 1, 4, 4, 2, 4, 3, 2, 1, 0, 2, 1, 1, 1, 2, 1, 1, 3, 0, 1, 0, 1, 1, 4, 1, 4, 3, 2, 2, 0, 4, 1, 1, 4, 1, 1, 2, 1, 4, 4, 1, 1, 0, 2, 3, 2, 2, 1, 2, 1, 1, 2, 4, 3, 0, 2, 2, 3, 3, 1, 1, 2, 1, 1, 2, 4, 1, 3, 4, 1, 2, 4, 1, 3, 3, 1, 1, 4, 4, 2, 3, 2, 2, 2, 3, 4, 3, 4, 4, 4, 1, 2, 3, 4, 1, 2]|[0, 2, 0, 0, 3, 0, 1, 3, 0, 0, 2, 0, 1, 0, 1, 0, 0, 0, 1, 0, 0, 2, 0, 0, 1, 0, 0, 3, 0, 1, 0, 2, 0, 0, 3, 0, 1, 3, 0, 0, 0, 0, 1, 3, 0, 0, 1, 0, 2, 0, 0, 0, 0, 0, 1, 0, 1, 0, 1, 1, 0, 2, 0, 2, 0, 0, 0, 0, 0, 2, 0, 0, 1, 0, 0, 1, 0, 0, 3, 0, 0, 1, 2, 0, 0, 0, 0, 0, 3, 1, 0, 2, 1, 3, 0, 0, 0, 1, 0, 0],882.9438068981488,49877.554644704585,107717.62812963048,false
28,G3_TWC,G3_TWC,[31, 22, 82, 15, 26, 58, 95, 42, 77, 12, 47, 5, 93, 78, 98, 54, 85, 63, 18, 44, 20, 35, 43, 97, 91, 76, 10, 30, 21, 45, 71, 64, 1, 23, 17, 83, 24, 14, 60, 36, 6, 57, 94, 88, 65, 56, 79, 40, 67, 68, 46, 75, 38, 9, 19, 32, 81, 41, 27, 62, 87, 90, 99, 59, 11, 16, 72, 73, 70, 39, 37, 84, 3, 92, 25, 55, 28, 29, 51, 7, 33, 61, 86, 66, 89, 50, 48, 96, 53, 8, 80, 4, 34, 49, 52, 0, 13, 69, 2, 74]|[1, 1, 0, 1, 1, 1, 2, 1, 2, 1, 2, 2, 2, 1, 1, 0, 0, 1, 0, 2, 2, 0, 1, 2, 0, 1, 2, 2, 0, 0, 1, 2, 1, 2, 1, 0, 2, 0, 1, 1, 0, 1, 1, 1, 0, 2, 1, 1, 0, 0, 0, 0, 1, 1, 2, 1, 2, 0, 0, 0, 2, 1, 0, 1, 2, 1, 2, 1, 1, 1, 1, 1, 1, 0, 1, 1, 0, 0, 0, 1, 2, 1, 0, 2, 1, 0, 0, 0, 0, 1, 0, 0, 2, 0, 1, 0, 0, 1, 0, 2]|[4, 3, 2, 2, 0, 0, 2, 2, 2, 4, 1, 1, 2, 4, 4, 1, 2, 4, 2, 1, 1, 1, 1, 2, 1, 2, 1, 1, 1, 1, 3, 2, 3, 0, 4, 0, 1, 1, 0, 3, 2, 2, 4, 0, 1, 1, 0, 2, 0, 1, 2, 2, 1, 4, 0, 3, 2, 1, 1, 2, 1, 3, 1, 1, 1, 3, 0, 4, 3, 1, 4, 1, 1, 2, 4, 4, 2, 1, 1, 3, 1, 3, 1, 1, 1, 1, 1, 1, 2, 3, 1, 2, 1, 1, 1, 2, 2, 3, 2, 1]|[0, 2, 1, 1, 3, 3, 0, 1, 0, 0, 0, 0, 1, 0, 1, 0, 0, 3, 1, 0, 0, 0, 3, 1, 0, 2, 0, 0, 0, 1, 0, 0, 0, 0, 3, 0, 1, 0, 0, 2, 1, 1, 2, 0, 0, 0, 0, 1, 1, 0, 0, 0, 1, 3, 0, 0, 1, 0, 0, 1, 0, 2, 0, 1, 0, 2, 1, 0, 0, 1, 1, 3, 1, 1, 3, 3, 1, 0, 0, 2, 0, 0, 0, 0, 1, 0, 0, 0, 1, 2, 0, 1, 0, 1, 1, 0, 0, 0, 0, 0],802.1274951829081,57956.38699448537,89691.2003308727,false
28,G1_CMAX,G4_BALANCED,[31, 22, 82, 15, 26, 58, 95, 42, 77, 12, 47, 5, 93, 78, 86, 54, 85, 63, 18, 44, 20, 35, 43, 97, 91, 76, 10, 30, 21, 45, 71, 64, 1, 23, 17, 83, 24, 14, 60, 36, 6, 57, 40, 88, 65, 56, 79, 94, 67, 68, 46, 75, 38, 9, 19, 32, 81, 41, 27, 62, 87, 90, 99, 59, 11, 16, 72, 73, 70, 39, 37, 84, 3, 92, 25, 55, 28, 29, 51, 7, 66, 61, 98, 48, 89, 50, 4, 96, 53, 80, 8, 33, 34, 2, 52, 0, 49, 69, 13, 74]|[1, 1, 0, 1, 1, 0, 1, 2, 2, 1, 2, 2, 2, 1, 1, 0, 0, 1, 0, 2, 2, 0, 1, 2, 2, 1, 2, 2, 0, 0, 1, 2, 1, 2, 1, 0, 2, 0, 1, 1, 0, 1, 1, 1, 0, 2, 2, 1, 0, 0, 0, 0, 1, 1, 2, 1, 2, 0, 0, 0, 2, 1, 0, 1, 2, 1, 2, 1, 1, 1, 1, 1, 1, 0, 1, 2, 0, 0, 0, 1, 2, 1, 2, 0, 1, 0, 1, 2, 0, 0, 1, 2, 2, 0, 1, 0, 0, 1, 0, 2]|[4, 3, 2, 2, 4, 1, 2, 2, 2, 4, 1, 1, 2, 4, 4, 1, 2, 4, 2, 1, 1, 1, 1, 2, 1, 2, 1, 1, 1, 1, 3, 2, 3, 1, 4, 0, 1, 1, 0, 3, 2, 2, 2, 0, 1, 1, 1, 4, 0, 1, 2, 2, 1, 4, 0, 3, 2, 1, 1, 2, 1, 3, 1, 1, 1, 3, 0, 4, 3, 1, 4, 1, 1, 0, 4, 1, 2, 1, 1, 1, 1, 3, 1, 1, 1, 1, 4, 1, 2, 1, 3, 1, 1, 2, 1, 2, 1, 4, 2, 1]|[0, 2, 1, 1, 3, 0, 1, 0, 0, 0, 0, 0, 1, 0, 1, 0, 0, 3, 1, 0, 0, 0, 3, 1, 0, 2, 0, 0, 0, 0, 0, 0, 0, 0, 3, 0, 1, 0, 0, 2, 1, 1, 1, 0, 0, 0, 0, 2, 1, 0, 0, 0, 1, 3, 0, 0, 1, 0, 0, 1, 0, 2, 0, 1, 0, 2, 1, 0, 0, 1, 1, 3, 1, 1, 3, 0, 1, 0, 0, 2, 0, 0, 0, 0, 1, 0, 0, 0, 1, 0, 2, 0, 0, 0, 1, 0, 1, 2, 0, 0],778.2512466437908,55753.35454150953,96768.44414286574,true
28,G4_BALANCED,G4_BALANCED,[31, 11, 15, 82, 26, 9, 95, 32, 77, 68, 47, 5, 93, 78, 86, 54, 85, 63, 18, 44, 20, 49, 36, 14, 74, 50, 53, 17, 21, 45, 71, 64, 3, 23, 30, 83, 24, 41, 60, 52, 65, 27, 90, 70, 39, 87, 48, 69, 99, 4, 46, 1, 13, 58, 97, 59, 28, 75, 73, 37, 35, 79, 22, 66, 76, 42, 40, 80, 96, 6, 16, 61, 33, 7, 57, 34, 12, 67, 10, 98, 56, 88, 29, 94, 91, 38, 19, 92, 43, 84, 62, 72, 81, 25, 2, 55, 8, 89, 51, 0]|[2, 1, 1, 2, 1, 2, 1, 1, 1, 1, 1, 0, 2, 2, 1, 2, 0, 0, 0, 2, 2, 1, 0, 2, 0, 2, 2, 1, 0, 1, 1, 1, 0, 0, 1, 0, 2, 1, 2, 2, 0, 0, 1, 1, 0, 2, 0, 2, 1, 0, 0, 2, 0, 0, 2, 0, 1, 0, 0, 0, 2, 1, 0, 2, 2, 0, 2, 2, 0, 1, 2, 1, 1, 2, 0, 1, 1, 1, 1, 2, 2, 1, 1, 2, 1, 0, 1, 0, 1, 0, 1, 1, 1, 1, 2, 0, 1, 1, 1, 0]|[1, 3, 2, 0, 4, 1, 4, 4, 2, 4, 3, 2, 1, 0, 2, 1, 1, 1, 2, 1, 1, 3, 0, 1, 0, 1, 1, 4, 1, 4, 3, 2, 2, 0, 4, 1, 1, 4, 0, 1, 2, 1, 4, 4, 1, 1, 0, 2, 3, 2, 2, 1, 2, 1, 1, 2, 4, 2, 0, 2, 2, 3, 1, 0, 1, 2, 0, 1, 2, 4, 1, 3, 4, 1, 2, 4, 3, 3, 3, 1, 1, 4, 3, 1, 3, 2, 4, 2, 4, 2, 3, 4, 1, 4, 1, 2, 3, 4, 3, 2]|[1, 2, 1, 0, 3, 0, 1, 3, 0, 0, 2, 0, 1, 0, 1, 0, 0, 0, 1, 0, 0, 2, 0, 0, 1, 0, 0, 3, 0, 1, 0, 2, 0, 1, 3, 0, 1, 3, 1, 0, 0, 0, 1, 3, 0, 0, 1, 0, 2, 0, 0, 0, 0, 0, 1, 0, 1, 0, 1, 1, 0, 2, 0, 0, 0, 0, 0, 0, 0, 2, 0, 0, 1, 0, 0, 1, 0, 0, 3, 0, 0, 1, 0, 0, 0, 0, 3, 0, 2, 0, 0, 2, 1, 3, 0, 0, 0, 1, 0, 0],842.584363225019,52352.15155925938,107294.36147715819,false
28,G2_TEC,G2_TEC,[31, 22, 82, 15, 26, 9, 95, 42, 77, 68, 47, 5, 93, 78, 86, 54, 85, 63, 18, 44, 20, 49, 36, 14, 74, 50, 53, 17, 21, 28, 11, 64, 3, 23, 30, 83, 24, 41, 40, 52, 65, 27, 90, 70, 39, 87, 48, 69, 99, 4, 46, 1, 13, 58, 97, 59, 45, 8, 73, 37, 35, 79, 71, 66, 76, 32, 60, 80, 96, 6, 16, 61, 33, 7, 57, 34, 12, 67, 10, 98, 56, 88, 43, 75, 91, 38, 84, 92, 29, 19, 51, 72, 89, 25, 2, 55, 62, 81, 94, 0]|[2, 1, 2, 1, 1, 2, 1, 1, 1, 1, 1, 0, 2, 2, 1, 2, 0, 0, 0, 2, 2, 1, 0, 2, 0, 2, 2, 1, 0, 1, 1, 1, 0, 0, 1, 0, 2, 1, 2, 2, 0, 0, 1, 1, 0, 2, 0, 2, 1, 0, 0, 2, 0, 0, 2, 0, 1, 1, 0, 0, 2, 1, 1, 1, 2, 0, 2, 2, 0, 1, 2, 1, 1, 2, 0, 1, 2, 1, 1, 2, 2, 1, 1, 0, 1, 0, 0, 0, 1, 1, 1, 1, 1, 1, 2, 0, 1, 1, 2, 0]|[0, 3, 0, 3, 4, 1, 4, 4, 2, 4, 3, 2, 1, 0, 2, 1, 1, 1, 2, 1, 1, 3, 0, 1, 0, 1, 1, 4, 1, 4, 3, 2, 2, 0, 4, 1, 1, 4, 1, 1, 2, 1, 4, 4, 1, 1, 0, 2, 3, 2, 2, 1, 2, 1, 1, 2, 4, 3, 0, 2, 2, 3, 3, 1, 1, 2, 1, 1, 2, 4, 1, 3, 4, 1, 2, 4, 1, 3, 3, 1, 1, 4, 4, 2, 3, 2, 2, 2, 3, 4, 3, 4, 4, 4, 1, 2, 3, 4, 1, 2]|[0, 2, 0, 0, 3, 0, 1, 3, 0, 0, 2, 0, 1, 0, 1, 0, 0, 0, 1, 0, 0, 2, 0, 0, 1, 0, 0, 3, 0, 1, 0, 2, 0, 0, 3, 0, 1, 3, 0, 0, 0, 0, 1, 3, 0, 0, 1, 0, 2, 0, 0, 0, 0, 0, 1, 0, 1, 0, 1, 1, 0, 2, 0, 2, 0, 0, 0, 0, 0, 2, 0, 0, 1, 0, 0, 1, 0, 0, 3, 0, 0, 1, 2, 0, 0, 0, 0, 0, 3, 1, 0, 2, 1, 3, 0, 0, 0, 1, 0, 0],882.9438068981488,49877.554644704585,107717.62812963048,false
28,G3_TWC,G3_TWC,[31, 22, 82, 15, 26, 58, 95, 42, 77, 12, 47, 5, 93, 78, 98, 54, 85, 63, 18, 44, 20, 35, 43, 97, 91, 76, 10, 30, 21, 45, 71, 64, 1, 23, 17, 83, 24, 14, 60, 36, 6, 57, 94, 88, 65, 56, 79, 40, 67, 68, 46, 75, 38, 9, 19, 32, 81, 41, 27, 62, 87, 90, 99, 59, 11, 16, 72, 73, 70, 39, 37, 84, 3, 92, 25, 55, 28, 29, 51, 7, 33, 61, 86, 66, 89, 50, 48, 96, 53, 8, 80, 4, 34, 49, 52, 0, 13, 69, 2, 74]|[1, 1, 0, 1, 1, 1, 2, 1, 2, 1, 2, 2, 2, 1, 1, 0, 0, 1, 0, 2, 2, 0, 1, 2, 0, 1, 2, 2, 0, 0, 1, 2, 1, 2, 1, 0, 2, 0, 1, 1, 0, 1, 1, 1, 0, 2, 1, 1, 0, 0, 0, 0, 1, 1, 2, 1, 2, 0, 0, 0, 2, 1, 0, 1, 2, 1, 2, 1, 1, 1, 1, 1, 1, 0, 1, 1, 0, 0, 0, 1, 2, 1, 0, 2, 1, 0, 0, 0, 0, 1, 0, 0, 2, 0, 1, 0, 0, 1, 0, 2]|[4, 3, 2, 2, 0, 0, 2, 2, 2, 4, 1, 1, 2, 4, 4, 1, 2, 4, 2, 1, 1, 1, 1, 2, 1, 2, 1, 1, 1, 1, 3, 2, 3, 0, 4, 0, 1, 1, 0, 3, 2, 2, 4, 0, 1, 1, 0, 2, 0, 1, 2, 2, 1, 4, 0, 3, 2, 1, 1, 2, 1, 3, 1, 1, 1, 3, 0, 4, 3, 1, 4, 1, 1, 2, 4, 4, 2, 1, 1, 3, 1, 3, 1, 1, 1, 1, 1, 1, 2, 3, 1, 2, 1, 1, 1, 2, 2, 3, 2, 1]|[0, 2, 1, 1, 3, 3, 0, 1, 0, 0, 0, 0, 1, 0, 1, 0, 0, 3, 1, 0, 0, 0, 3, 1, 0, 2, 0, 0, 0, 1, 0, 0, 0, 0, 3, 0, 1, 0, 0, 2, 1, 1, 2, 0, 0, 0, 0, 1, 1, 0, 0, 0, 1, 3, 0, 0, 1, 0, 0, 1, 0, 2, 0, 1, 0, 2, 1, 0, 0, 1, 1, 3, 1, 1, 3, 3, 1, 0, 0, 2, 0, 0, 0, 0, 1, 0, 0, 0, 1, 2, 0, 1, 0, 1, 1, 0, 0, 0, 0, 0],802.1274951829081,57956.38699448537,89691.2003308727,false
28,G1_CMAX,G4_BALANCED,[31, 22, 82, 15, 26, 58, 95, 42, 77, 12, 47, 5, 93, 78, 86, 54, 85, 63, 18, 44, 20, 35, 43, 97, 91, 76, 10, 30, 21, 45, 71, 64, 1, 23, 17, 83, 24, 14, 60, 36, 6, 57, 40, 88, 65, 56, 79, 94, 67, 68, 46, 75, 38, 9, 19, 32, 81, 41, 27, 62, 87, 90, 99, 59, 11, 16, 72, 73, 70, 39, 37, 84, 3, 92, 25, 34, 29, 55, 51, 7, 33, 61, 96, 48, 89, 50, 8, 98, 53, 80, 4, 66, 28, 2, 52, 13, 0, 69, 74, 49]|[1, 1, 0, 1, 1, 0, 1, 2, 2, 1, 2, 2, 2, 1, 1, 0, 0, 1, 0, 2, 2, 0, 1, 2, 0, 1, 2, 2, 0, 0, 1, 2, 1, 2, 1, 0, 2, 0, 1, 1, 0, 1, 1, 1, 0, 2, 1, 1, 0, 0, 0, 0, 1, 1, 2, 1, 2, 0, 0, 2, 2, 1, 0, 1, 2, 1, 2, 1, 1, 1, 1, 1, 1, 0, 1, 2, 0, 2, 0, 1, 2, 1, 2, 0, 1, 0, 1, 2, 0, 0, 1, 2, 0, 0, 1, 0, 0, 1, 2, 0]|[4, 3, 2, 2, 4, 1, 2, 2, 2, 4, 1, 1, 2, 4, 4, 1, 2, 4, 2, 1, 1, 1, 1, 2, 1, 2, 1, 1, 1, 1, 3, 2, 3, 1, 4, 0, 1, 1, 0, 3, 2, 2, 2, 0, 1, 1, 0, 4, 0, 1, 2, 2, 1, 4, 0, 3, 2, 1, 1, 1, 1, 3, 1, 1, 1, 3, 1, 4, 3, 1, 4, 1, 1, 0, 4, 1, 1, 1, 1, 1, 1, 3, 1, 1, 1, 1, 3, 1, 2, 1, 4, 1, 2, 2, 1, 2, 2, 4, 1, 1]|[0, 2, 1, 1, 3, 0, 1, 0, 0, 0, 0, 0, 1, 0, 1, 0, 0, 3, 1, 0, 0, 0, 3, 1, 0, 2, 0, 0, 0, 1, 0, 0, 0, 0, 3, 0, 1, 0, 0, 2, 1, 1, 1, 0, 0, 0, 0, 2, 1, 0, 0, 0, 1, 3, 0, 0, 1, 0, 0, 0, 0, 2, 0, 1, 0, 2, 0, 0, 0, 1, 1, 3, 1, 1, 3, 0, 0, 0, 0, 2, 0, 0, 0, 0, 1, 0, 2, 0, 1, 0, 0, 0, 1, 0, 1, 0, 0, 2, 0, 1],783.8251551824545,55747.25239838225,96864.92339261314,true
28,G4_BALANCED,G4_BALANCED,[31, 11, 15, 82, 26, 9, 95, 32, 77, 68, 47, 5, 93, 78, 86, 54, 85, 63, 18, 44, 20, 49, 36, 14, 74, 50, 53, 17, 21, 45, 71, 64, 3, 23, 30, 83, 24, 41, 60, 52, 65, 27, 90, 70, 39, 87, 48, 69, 99, 4, 46, 1, 13, 58, 97, 59, 28, 75, 73, 37, 35, 79, 22, 66, 76, 42, 40, 80, 96, 6, 16, 61, 33, 7, 57, 34, 12, 67, 10, 98, 56, 88, 29, 94, 91, 38, 19, 92, 43, 84, 62, 72, 81, 25, 2, 55, 8, 89, 51, 0]|[2, 1, 1, 2, 1, 2, 1, 1, 1, 1, 1, 0, 2, 2, 1, 2, 0, 0, 0, 2, 2, 1, 0, 2, 0, 2, 2, 1, 0, 1, 1, 1, 0, 0, 1, 0, 2, 1, 2, 2, 0, 0, 1, 1, 0, 2, 0, 2, 1, 0, 0, 2, 0, 0, 2, 0, 1, 0, 0, 0, 2, 1, 0, 2, 2, 0, 2, 2, 0, 1, 2, 1, 1, 2, 0, 1, 1, 1, 1, 2, 2, 1, 1, 2, 1, 0, 1, 0, 1, 0, 1, 1, 1, 1, 2, 0, 1, 1, 1, 0]|[1, 3, 2, 0, 4, 1, 4, 4, 2, 4, 3, 2, 1, 0, 2, 1, 1, 1, 2, 1, 1, 3, 0, 1, 0, 1, 1, 4, 1, 4, 3, 2, 2, 0, 4, 1, 1, 4, 0, 1, 2, 1, 4, 4, 1, 1, 0, 2, 3, 2, 2, 1, 2, 1, 1, 2, 4, 2, 0, 2, 2, 3, 1, 0, 1, 2, 0, 1, 2, 4, 1, 3, 4, 1, 2, 4, 3, 3, 3, 1, 1, 4, 3, 1, 3, 2, 4, 2, 4, 2, 3, 4, 1, 4, 1, 2, 3, 4, 3, 2]|[1, 2, 1, 0, 3, 0, 1, 3, 0, 0, 2, 0, 1, 0, 1, 0, 0, 0, 1, 0, 0, 2, 0, 0, 1, 0, 0, 3, 0, 1, 0, 2, 0, 1, 3, 0, 1, 3, 1, 0, 0, 0, 1, 3, 0, 0, 1, 0, 2, 0, 0, 0, 0, 0, 1, 0, 1, 0, 1, 1, 0, 2, 0, 0, 0, 0, 0, 0, 0, 2, 0, 0, 1, 0, 0, 1, 0, 0, 3, 0, 0, 1, 0, 0, 0, 0, 3, 0, 2, 0, 0, 2, 1, 3, 0, 0, 0, 1, 0, 0],842.584363225019,52352.15155925938,107294.36147715819,false
28,G2_TEC,G2_TEC,[31, 22, 82, 15, 26, 9, 95, 42, 77, 68, 47, 5, 93, 78, 86, 54, 85, 63, 18, 44, 20, 49, 36, 14, 74, 50, 53, 17, 21, 28, 11, 64, 3, 23, 30, 83, 24, 41, 40, 52, 65, 27, 90, 70, 39, 87, 48, 69, 99, 4, 46, 1, 13, 58, 97, 59, 45, 8, 73, 37, 35, 79, 71, 66, 76, 32, 60, 80, 96, 6, 16, 61, 33, 7, 57, 34, 12, 67, 10, 98, 56, 88, 43, 75, 91, 38, 84, 92, 29, 19, 51, 72, 89, 25, 2, 55, 62, 81, 94, 0]|[2, 1, 2, 1, 1, 2, 1, 1, 1, 1, 1, 0, 2, 2, 1, 2, 0, 0, 0, 2, 2, 1, 0, 2, 0, 2, 2, 1, 0, 1, 1, 1, 0, 0, 1, 0, 2, 1, 2, 2, 0, 0, 1, 1, 0, 2, 0, 2, 1, 0, 0, 2, 0, 0, 2, 0, 1, 1, 0, 0, 2, 1, 1, 1, 2, 0, 2, 2, 0, 1, 2, 1, 1, 2, 0, 1, 2, 1, 1, 2, 2, 1, 1, 0, 1, 0, 0, 0, 1, 1, 1, 1, 1, 1, 2, 0, 1, 1, 2, 0]|[0, 3, 0, 3, 4, 1, 4, 4, 2, 4, 3, 2, 1, 0, 2, 1, 1, 1, 2, 1, 1, 3, 0, 1, 0, 1, 1, 4, 1, 4, 3, 2, 2, 0, 4, 1, 1, 4, 1, 1, 2, 1, 4, 4, 1, 1, 0, 2, 3, 2, 2, 1, 2, 1, 1, 2, 4, 3, 0, 2, 2, 3, 3, 1, 1, 2, 1, 1, 2, 4, 1, 3, 4, 1, 2, 4, 1, 3, 3, 1, 1, 4, 4, 2, 3, 2, 2, 2, 3, 4, 3, 4, 4, 4, 1, 2, 3, 4, 1, 2]|[0, 2, 0, 0, 3, 0, 1, 3, 0, 0, 2, 0, 1, 0, 1, 0, 0, 0, 1, 0, 0, 2, 0, 0, 1, 0, 0, 3, 0, 1, 0, 2, 0, 0, 3, 0, 1, 3, 0, 0, 0, 0, 1, 3, 0, 0, 1, 0, 2, 0, 0, 0, 0, 0, 1, 0, 1, 0, 1, 1, 0, 2, 0, 2, 0, 0, 0, 0, 0, 2, 0, 0, 1, 0, 0, 1, 0, 0, 3, 0, 0, 1, 2, 0, 0, 0, 0, 0, 3, 1, 0, 2, 1, 3, 0, 0, 0, 1, 0, 0],882.9438068981488,49877.554644704585,107717.62812963048,false
28,G3_TWC,G3_TWC,[31, 22, 82, 15, 26, 58, 95, 42, 77, 12, 47, 5, 93, 78, 98, 54, 85, 63, 18, 44, 20, 35, 43, 97, 91, 76, 10, 30, 21, 45, 71, 64, 1, 23, 17, 83, 24, 14, 60, 36, 6, 57, 94, 88, 65, 56, 79, 40, 67, 68, 46, 75, 38, 9, 19, 32, 81, 41, 27, 62, 87, 90, 99, 59, 11, 16, 72, 73, 70, 39, 37, 84, 3, 92, 25, 55, 28, 29, 51, 7, 33, 61, 86, 66, 89, 50, 48, 96, 53, 8, 80, 4, 34, 49, 52, 0, 13, 69, 2, 74]|[1, 1, 0, 1, 1, 1, 2, 1, 2, 1, 2, 2, 2, 1, 1, 0, 0, 1, 0, 2, 2, 0, 1, 2, 0, 1, 2, 2, 0, 0, 1, 2, 1, 2, 1, 0, 2, 0, 1, 1, 0, 1, 1, 1, 0, 2, 1, 1, 0, 0, 0, 0, 1, 1, 2, 1, 2, 0, 0, 0, 2, 1, 0, 1, 2, 1, 2, 1, 1, 1, 1, 1, 1, 0, 1, 1, 0, 0, 0, 1, 2, 1, 0, 2, 1, 0, 0, 0, 0, 1, 0, 0, 2, 0, 1, 0, 0, 1, 0, 2]|[4, 3, 2, 2, 0, 0, 2, 2, 2, 4, 1, 1, 2, 4, 4, 1, 2, 4, 2, 1, 1, 1, 1, 2, 1, 2, 1, 1, 1, 1, 3, 2, 3, 0, 4, 0, 1, 1, 0, 3, 2, 2, 4, 0, 1, 1, 0, 2, 0, 1, 2, 2, 1, 4, 0, 3, 2, 1, 1, 2, 1, 3, 1, 1, 1, 3, 0, 4, 3, 1, 4, 1, 1, 2, 4, 4, 2, 1, 1, 3, 1, 3, 1, 1, 1, 1, 1, 1, 2, 3, 1, 2, 1, 1, 1, 2, 2, 3, 2, 1]|[0, 2, 1, 1, 3, 3, 0, 1, 0, 0, 0, 0, 1, 0, 1, 0, 0, 3, 1, 0, 0, 0, 3, 1, 0, 2, 0, 0, 0, 1, 0, 0, 0, 0, 3, 0, 1, 0, 0, 2, 1, 1, 2, 0, 0, 0, 0, 1, 1, 0, 0, 0, 1, 3, 0, 0, 1, 0, 0, 1, 0, 2, 0, 1, 0, 2, 1, 0, 0, 1, 1, 3, 1, 1, 3, 3, 1, 0, 0, 2, 0, 0, 0, 0, 1, 0, 0, 0, 1, 2, 0, 1, 0, 1, 1, 0, 0, 0, 0, 0],802.1274951829081,57956.38699448537,89691.2003308727,false
28,G1_CMAX,G4_BALANCED,[31, 22, 82, 15, 26, 58, 95, 42, 77, 12, 47, 5, 93, 78, 86, 54, 85, 63, 18, 44, 20, 35, 43, 97, 91, 76, 10, 30, 21, 45, 71, 64, 1, 23, 17, 83, 24, 14, 60, 36, 6, 57, 40, 88, 65, 56, 79, 94, 67, 68, 46, 75, 38, 9, 19, 32, 81, 41, 27, 62, 87, 90, 99, 59, 11, 16, 72, 73, 70, 39, 37, 84, 3, 92, 25, 34, 29, 55, 51, 7, 33, 61, 96, 48, 89, 50, 8, 98, 53, 80, 4, 66, 28, 2, 52, 13, 0, 69, 74, 49]|[1, 1, 0, 1, 1, 0, 1, 2, 2, 1, 2, 2, 2, 1, 1, 0, 0, 1, 0, 2, 2, 0, 1, 2, 0, 1, 2, 2, 0, 0, 1, 2, 1, 2, 1, 0, 2, 0, 1, 1, 0, 1, 1, 1, 0, 2, 1, 1, 0, 0, 0, 0, 1, 1, 2, 1, 2, 0, 0, 2, 2, 1, 0, 1, 2, 1, 2, 1, 1, 1, 1, 1, 1, 0, 1, 2, 0, 2, 0, 1, 2, 1, 2, 0, 1, 0, 1, 2, 0, 0, 1, 2, 0, 0, 1, 0, 0, 1, 2, 0]|[4, 3, 2, 2, 4, 1, 2, 2, 2, 4, 1, 1, 2, 4, 4, 1, 2, 4, 2, 1, 1, 1, 1, 2, 1, 2, 1, 1, 1, 1, 3, 2, 3, 1, 4, 0, 1, 1, 0, 3, 2, 2, 2, 0, 1, 1, 0, 4, 0, 1, 2, 2, 1, 4, 0, 3, 2, 1, 1, 1, 1, 3, 1, 1, 1, 3, 1, 4, 3, 1, 4, 1, 1, 0, 4, 1, 1, 1, 1, 1, 1, 3, 1, 1, 1, 1, 3, 1, 2, 1, 4, 1, 2, 2, 1, 2, 2, 4, 1, 1]|[0, 2, 1, 1, 3, 0, 1, 0, 0, 0, 0, 0, 1, 0, 1, 0, 0, 3, 1, 0, 0, 0, 3, 1, 0, 2, 0, 0, 0, 1, 0, 0, 0, 0, 3, 0, 1, 0, 0, 2, 1, 1, 1, 0, 0, 0, 0, 2, 1, 0, 0, 0, 1, 3, 0, 0, 1, 0, 0, 0, 0, 2, 0, 1, 0, 2, 0, 0, 0, 1, 1, 3, 1, 1, 3, 0, 0, 0, 0, 2, 0, 0, 0, 0, 1, 0, 2, 0, 1, 0, 0, 0, 1, 0, 1, 0, 0, 2, 0, 1],783.8251551824545,55747.25239838225,96864.92339261314,true
28,G4_BALANCED,G4_BALANCED,[31, 22, 82, 15, 26, 58, 95, 42, 77, 12, 47, 5, 93, 78, 86, 54, 85, 63, 18, 72, 20, 35, 43, 97, 91, 76, 10, 30, 21, 45, 71, 64, 1, 23, 17, 83, 24, 14, 60, 36, 6, 57, 40, 88, 65, 56, 79, 94, 67, 41, 46, 75, 38, 9, 19, 32, 68, 81, 27, 87, 90, 99, 59, 62, 11, 16, 73, 70, 39, 37, 84, 3, 44, 92, 25, 55, 28, 29, 51, 7, 66, 61, 98, 48, 89, 50, 4, 96, 53, 80, 8, 33, 34, 2, 52, 13, 0, 69, 74, 49]|[1, 1, 0, 1, 1, 0, 1, 2, 2, 1, 2, 2, 2, 1, 1, 0, 0, 1, 0, 2, 2, 0, 0, 2, 0, 1, 2, 2, 0, 0, 1, 2, 1, 2, 1, 0, 2, 0, 1, 1, 0, 1, 1, 1, 0, 2, 1, 1, 0, 0, 0, 0, 1, 1, 2, 1, 0, 2, 0, 2, 2, 0, 1, 2, 2, 1, 1, 1, 1, 1, 1, 1, 2, 0, 1, 1, 0, 0, 0, 1, 2, 1, 2, 0, 1, 0, 1, 2, 0, 0, 1, 2, 2, 0, 1, 0, 0, 1, 2, 0]|[4, 3, 2, 2, 4, 1, 2, 2, 2, 4, 1, 1, 2, 4, 4, 1, 2, 4, 2, 1, 1, 1, 1, 2, 1, 2, 1, 1, 2, 1, 3, 2, 3, 1, 4, 0, 1, 1, 0, 3, 2, 2, 2, 0, 1, 1, 0, 4, 0, 1, 2, 2, 1, 4, 0, 3, 1, 2, 1, 1, 1, 1, 1, 1, 1, 3, 4, 3, 1, 4, 1, 1, 1, 0, 4, 4, 2, 1, 1, 1, 1, 3, 1, 1, 1, 1, 4, 1, 2, 1, 3, 1, 1, 2, 1, 2, 2, 4, 1, 1]|[0, 2, 1, 1, 3, 0, 1, 0, 0, 0, 0, 0, 1, 0, 1, 0, 0, 3, 1, 0, 0, 0, 0, 1, 0, 2, 0, 0, 0, 1, 0, 0, 0, 0, 3, 0, 1, 0, 0, 2, 1, 1, 1, 0, 0, 0, 0, 2, 1, 0, 0, 0, 1, 3, 0, 0, 0, 1, 0, 0, 0, 0, 1, 0, 0, 2, 0, 0, 1, 1, 3, 1, 0, 1, 3, 3, 1, 0, 0, 2, 0, 0, 0, 0, 1, 0, 0, 0, 1, 0, 2, 0, 0, 0, 1, 0, 0, 2, 0, 1],776.1715367926818,55683.596597233634,97071.01728146299,false
28,G2_TEC,G2_TEC,[31, 22, 82, 15, 26, 9, 95, 42, 77, 68, 47, 5, 93, 78, 86, 54, 85, 63, 18, 44, 20, 49, 36, 14, 74, 50, 53, 17, 21, 28, 11, 64, 3, 23, 30, 83, 24, 41, 40, 52, 65, 27, 90, 70, 39, 87, 48, 69, 99, 4, 46, 1, 13, 58, 97, 59, 45, 8, 73, 37, 35, 79, 71, 66, 76, 32, 60, 80, 96, 6, 16, 61, 33, 7, 57, 34, 12, 67, 10, 98, 56, 88, 43, 75, 91, 38, 84, 92, 29, 19, 51, 72, 89, 25, 2, 55, 62, 81, 94, 0]|[2, 1, 2, 1, 1, 2, 1, 1, 1, 1, 1, 0, 2, 2, 1, 2, 0, 0, 0, 2, 2, 1, 0, 2, 0, 2, 2, 1, 0, 1, 1, 1, 0, 0, 1, 0, 2, 1, 2, 2, 0, 0, 1, 1, 0, 2, 0, 2, 1, 0, 0, 2, 0, 0, 2, 0, 1, 1, 0, 0, 2, 1, 1, 1, 2, 0, 2, 2, 0, 1, 2, 1, 1, 2, 0, 1, 2, 1, 1, 2, 2, 1, 1, 0, 1, 0, 0, 0, 1, 1, 1, 1, 1, 1, 2, 0, 1, 1, 2, 0]|[0, 3, 0, 3, 4, 1, 4, 4, 2, 4, 3, 2, 1, 0, 2, 1, 1, 1, 2, 1, 1, 3, 0, 1, 0, 1, 1, 4, 1, 4, 3, 2, 2, 0, 4, 1, 1, 4, 1, 1, 2, 1, 4, 4, 1, 1, 0, 2, 3, 2, 2, 1, 2, 1, 1, 2, 4, 3, 0, 2, 2, 3, 3, 1, 1, 2, 1, 1, 2, 4, 1, 3, 4, 1, 2, 4, 1, 3, 3, 1, 1, 4, 4, 2, 3, 2, 2, 2, 3, 4, 3, 4, 4, 4, 1, 2, 3, 4, 1, 2]|[0, 2, 0, 0, 3, 0, 1, 3, 0, 0, 2, 0, 1, 0, 1, 0, 0, 0, 1, 0, 0, 2, 0, 0, 1, 0, 0, 3, 0, 1, 0, 2, 0, 0, 3, 0, 1, 3, 0, 0, 0, 0, 1, 3, 0, 0, 1, 0, 2, 0, 0, 0, 0, 0, 1, 0, 1, 0, 1, 1, 0, 2, 0, 2, 0, 0, 0, 0, 0, 2, 0, 0, 1, 0, 0, 1, 0, 0, 3, 0, 0, 1, 2, 0, 0, 0, 0, 0, 3, 1, 0, 2, 1, 3, 0, 0, 0, 1, 0, 0],882.9438068981488,49877.554644704585,107717.62812963048,false
28,G3_TWC,G3_TWC,[31, 22, 82, 15, 26, 58, 95, 42, 77, 12, 47, 5, 93, 78, 98, 54, 85, 63, 18, 44, 20, 35, 43, 97, 91, 76, 10, 30, 21, 45, 71, 64, 1, 23, 17, 83, 24, 14, 60, 36, 6, 57, 94, 88, 65, 56, 79, 40, 67, 68, 46, 75, 38, 9, 19, 32, 81, 41, 27, 62, 87, 90, 99, 59, 11, 16, 72, 73, 70, 39, 37, 84, 3, 92, 25, 55, 28, 29, 51, 7, 33, 61, 86, 66, 89, 50, 48, 96, 53, 8, 80, 4, 34, 49, 52, 0, 13, 69, 2, 74]|[1, 1, 0, 1, 1, 1, 2, 1, 2, 1, 2, 2, 2, 1, 1, 0, 0, 1, 0, 2, 2, 0, 1, 2, 0, 1, 2, 2, 0, 0, 1, 2, 1, 2, 1, 0, 2, 0, 1, 1, 0, 1, 1, 1, 0, 2, 1, 1, 0, 0, 0, 0, 1, 1, 2, 1, 2, 0, 0, 0, 2, 1, 0, 1, 2, 1, 2, 1, 1, 1, 1, 1, 1, 0, 1, 1, 0, 0, 0, 1, 2, 1, 0, 2, 1, 0, 0, 0, 0, 1, 0, 0, 2, 0, 1, 0, 0, 1, 0, 2]|[4, 3, 2, 2, 0, 0, 2, 2, 2, 4, 1, 1, 2, 4, 4, 1, 2, 4, 2, 1, 1, 1, 1, 2, 1, 2, 1, 1, 1, 1, 3, 2, 3, 0, 4, 0, 1, 1, 0, 3, 2, 2, 4, 0, 1, 1, 0, 2, 0, 1, 2, 2, 1, 4, 0, 3, 2, 1, 1, 2, 1, 3, 1, 1, 1, 3, 0, 4, 3, 1, 4, 1, 1, 2, 4, 4, 2, 1, 1, 3, 1, 3, 1, 1, 1, 1, 1, 1, 2, 3, 1, 2, 1, 1, 1, 2, 2, 3, 2, 1]|[0, 2, 1, 1, 3, 3, 0, 1, 0, 0, 0, 0, 1, 0, 1, 0, 0, 3, 1, 0, 0, 0, 3, 1, 0, 2, 0, 0, 0, 1, 0, 0, 0, 0, 3, 0, 1, 0, 0, 2, 1, 1, 2, 0, 0, 0, 0, 1, 1, 0, 0, 0, 1, 3, 0, 0, 1, 0, 0, 1, 0, 2, 0, 1, 0, 2, 1, 0, 0, 1, 1, 3, 1, 1, 3, 3, 1, 0, 0, 2, 0, 0, 0, 0, 1, 0, 0, 0, 1, 2, 0, 1, 0, 1, 1, 0, 0, 0, 0, 0],802.1274951829081,57956.38699448537,89691.2003308727,false
28,G1_CMAX,G4_BALANCED,[31, 22, 82, 15, 26, 58, 95, 42, 77, 12, 47, 5, 93, 78, 86, 54, 85, 63, 18, 44, 20, 35, 43, 97, 91, 76, 10, 30, 21, 45, 71, 64, 1, 23, 17, 83, 24, 14, 60, 36, 6, 57, 40, 88, 65, 56, 79, 94, 67, 68, 46, 75, 38, 9, 19, 32, 81, 41, 27, 62, 87, 90, 99, 59, 11, 16, 72, 73, 70, 39, 37, 84, 3, 92, 25, 34, 29, 55, 51, 7, 33, 61, 96, 48, 89, 50, 8, 98, 53, 80, 4, 66, 28, 2, 52, 13, 0, 69, 74, 49]|[1, 1, 0, 1, 1, 0, 1, 2, 2, 1, 2, 2, 2, 1, 1, 0, 0, 1, 0, 2, 2, 0, 1, 2, 0, 1, 2, 2, 0, 0, 1, 2, 1, 2, 1, 0, 2, 0, 1, 1, 0, 1, 1, 1, 0, 2, 1, 1, 0, 0, 0, 0, 1, 1, 2, 1, 2, 0, 0, 2, 2, 1, 0, 1, 2, 1, 2, 1, 1, 1, 1, 1, 1, 0, 1, 2, 0, 2, 0, 1, 2, 1, 2, 0, 1, 0, 1, 2, 0, 0, 1, 2, 0, 0, 1, 0, 0, 1, 2, 0]|[4, 3, 2, 2, 4, 1, 2, 2, 2, 4, 1, 1, 2, 4, 4, 1, 2, 4, 2, 1, 1, 1, 1, 2, 1, 2, 1, 1, 1, 1, 3, 2, 3, 1, 4, 0, 1, 1, 0, 3, 2, 2, 2, 0, 1, 1, 0, 4, 0, 1, 2, 2, 1, 4, 0, 3, 2, 1, 1, 1, 1, 3, 1, 1, 1, 3, 1, 4, 3, 1, 4, 1, 1, 0, 4, 1, 1, 1, 1, 1, 1, 3, 1, 1, 1, 1, 3, 1, 2, 1, 4, 1, 2, 2, 1, 2, 2, 4, 1, 1]|[0, 2, 1, 1, 3, 0, 1, 0, 0, 0, 0, 0, 1, 0, 1, 0, 0, 3, 1, 0, 0, 0, 3, 1, 0, 2, 0, 0, 0, 1, 0, 0, 0, 0, 3, 0, 1, 0, 0, 2, 1, 1, 1, 0, 0, 0, 0, 2, 1, 0, 0, 0, 1, 3, 0, 0, 1, 0, 0, 0, 0, 2, 0, 1, 0, 2, 0, 0, 0, 1, 1, 3, 1, 1, 3, 0, 0, 0, 0, 2, 0, 0, 0, 0, 1, 0, 2, 0, 1, 0, 0, 0, 1, 0, 1, 0, 0, 2, 0, 1],783.8251551824545,55747.25239838225,96864.92339261314,true
28,G4_BALANCED,G4_BALANCED,[31, 22, 82, 15, 26, 58, 95, 42, 77, 12, 47, 5, 93, 78, 86, 54, 85, 63, 18, 72, 20, 35, 43, 97, 91, 76, 10, 30, 21, 45, 71, 64, 1, 23, 17, 83, 24, 14, 60, 36, 6, 57, 40, 88, 65, 56, 79, 94, 67, 41, 46, 75, 38, 9, 19, 32, 68, 81, 27, 87, 90, 99, 59, 62, 11, 16, 73, 70, 39, 37, 84, 3, 44, 92, 25, 55, 28, 29, 51, 7, 66, 61, 98, 48, 89, 50, 4, 96, 53, 80, 8, 33, 34, 2, 52, 13, 0, 69, 74, 49]|[1, 1, 0, 1, 1, 0, 1, 2, 2, 1, 2, 2, 2, 1, 1, 0, 0, 1, 0, 2, 2, 0, 0, 2, 0, 1, 2, 2, 0, 0, 1, 2, 1, 2, 1, 0, 2, 0, 1, 1, 0, 1, 1, 1, 0, 2, 1, 1, 0, 0, 0, 0, 1, 1, 2, 1, 0, 2, 0, 2, 2, 0, 1, 2, 2, 1, 1, 1, 1, 1, 1, 1, 2, 0, 1, 1, 0, 0, 0, 1, 2, 1, 2, 0, 1, 0, 1, 2, 0, 0, 1, 2, 2, 0, 1, 0, 0, 1, 2, 0]|[4, 3, 2, 2, 4, 1, 2, 2, 2, 4, 1, 1, 2, 4, 4, 1, 2, 4, 2, 1, 1, 1, 1, 2, 1, 2, 1, 1, 2, 1, 3, 2, 3, 1, 4, 0, 1, 1, 0, 3, 2, 2, 2, 0, 1, 1, 0, 4, 0, 1, 2, 2, 1, 4, 0, 3, 1, 2, 1, 1, 1, 1, 1, 1, 1, 3, 4, 3, 1, 4, 1, 1, 1, 0, 4, 4, 2, 1, 1, 1, 1, 3, 1, 1, 1, 1, 4, 1, 2, 1, 3, 1, 1, 2, 1, 2, 2, 4, 1, 1]|[0, 2, 1, 1, 3, 0, 1, 0, 0, 0, 0, 0, 1, 0, 1, 0, 0, 3, 1, 0, 0, 0, 0, 1, 0, 2, 0, 0, 0, 1, 0, 0, 0, 0, 3, 0, 1, 0, 0, 2, 1, 1, 1, 0, 0, 0, 0, 2, 1, 0, 0, 0, 1, 3, 0, 0, 0, 1, 0, 0, 0, 0, 1, 0, 0, 2, 0, 0, 1, 1, 3, 1, 0, 1, 3, 3, 1, 0, 0, 2, 0, 0, 0, 0, 1, 0, 0, 0, 1, 0, 2, 0, 0, 0, 1, 0, 0, 2, 0, 1],776.1715367926818,55683.596597233634,97071.01728146299,false
28,G2_TEC,G2_TEC,[31, 22, 82, 15, 26, 9, 95, 42, 77, 68, 47, 5, 93, 78, 86, 54, 85, 63, 18, 44, 20, 49, 36, 14, 74, 50, 53, 17, 21, 28, 11, 64, 3, 23, 30, 83, 24, 41, 40, 52, 65, 27, 90, 70, 39, 87, 48, 69, 99, 4, 46, 1, 13, 58, 97, 59, 45, 8, 73, 37, 35, 79, 71, 66, 76, 32, 60, 80, 96, 6, 16, 61, 33, 7, 57, 34, 12, 67, 10, 98, 56, 88, 43, 75, 91, 38, 84, 92, 29, 19, 51, 72, 89, 25, 2, 55, 62, 81, 94, 0]|[2, 1, 2, 1, 1, 2, 1, 1, 1, 1, 1, 0, 2, 2, 1, 2, 0, 0, 0, 2, 2, 1, 0, 2, 0, 2, 2, 1, 0, 1, 1, 1, 0, 0, 1, 0, 2, 1, 2, 2, 0, 0, 1, 1, 0, 2, 0, 2, 1, 0, 0, 2, 0, 0, 2, 0, 1, 1, 0, 0, 2, 1, 1, 1, 2, 0, 2, 2, 0, 1, 2, 1, 1, 2, 0, 1, 2, 1, 1, 2, 2, 1, 1, 0, 1, 0, 0, 0, 1, 1, 1, 1, 1, 1, 2, 0, 1, 1, 2, 0]|[0, 3, 0, 3, 4, 1, 4, 4, 2, 4, 3, 2, 1, 0, 2, 1, 1, 1, 2, 1, 1, 3, 0, 1, 0, 1, 1, 4, 1, 4, 3, 2, 2, 0, 4, 1, 1, 4, 1, 1, 2, 1, 4, 4, 1, 1, 0, 2, 3, 2, 2, 1, 2, 1, 1, 2, 4, 3, 0, 2, 2, 3, 3, 1, 1, 2, 1, 1, 2, 4, 1, 3, 4, 1, 2, 4, 1, 3, 3, 1, 1, 4, 4, 2, 3, 2, 2, 2, 3, 4, 3, 4, 4, 4, 1, 2, 3, 4, 1, 2]|[0, 2, 0, 0, 3, 0, 1, 3, 0, 0, 2, 0, 1, 0, 1, 0, 0, 0, 1, 0, 0, 2, 0, 0, 1, 0, 0, 3, 0, 1, 0, 2, 0, 0, 3, 0, 1, 3, 0, 0, 0, 0, 1, 3, 0, 0, 1, 0, 2, 0, 0, 0, 0, 0, 1, 0, 1, 0, 1, 1, 0, 2, 0, 2, 0, 0, 0, 0, 0, 2, 0, 0, 1, 0, 0, 1, 0, 0, 3, 0, 0, 1, 2, 0, 0, 0, 0, 0, 3, 1, 0, 2, 1, 3, 0, 0, 0, 1, 0, 0],882.9438068981488,49877.554644704585,107717.62812963048,false
28,G3_TWC,G3_TWC,[31, 22, 82, 15, 26, 58, 95, 42, 77, 12, 47, 5, 93, 78, 98, 54, 85, 63, 18, 44, 20, 35, 43, 97, 91, 76, 10, 30, 21, 45, 71, 64, 1, 23, 17, 83, 24, 14, 60, 36, 6, 57, 94, 88, 65, 56, 79, 40, 67, 68, 46, 75, 38, 9, 19, 32, 81, 41, 27, 62, 87, 90, 99, 59, 11, 16, 72, 73, 70, 39, 37, 84, 3, 92, 25, 55, 28, 29, 51, 7, 33, 61, 86, 66, 89, 50, 48, 96, 53, 8, 80, 4, 34, 49, 52, 0, 13, 69, 2, 74]|[1, 1, 0, 1, 1, 1, 2, 1, 2, 1, 2, 2, 2, 1, 1, 0, 0, 1, 0, 2, 2, 0, 1, 2, 0, 1, 2, 2, 0, 0, 1, 2, 1, 2, 1, 0, 2, 0, 1, 1, 0, 1, 1, 1, 0, 2, 1, 1, 0, 0, 0, 0, 1, 1, 2, 1, 2, 0, 0, 0, 2, 1, 0, 1, 2, 1, 2, 1, 1, 1, 1, 1, 1, 0, 1, 1, 0, 0, 0, 1, 2, 1, 0, 2, 1, 0, 0, 0, 0, 1, 0, 0, 2, 0, 1, 0, 0, 1, 0, 2]|[4, 3, 2, 2, 0, 0, 2, 2, 2, 4, 1, 1, 2, 4, 4, 1, 2, 4, 2, 1, 1, 1, 1, 2, 1, 2, 1, 1, 1, 1, 3, 2, 3, 0, 4, 0, 1, 1, 0, 3, 2, 2, 4, 0, 1, 1, 0, 2, 0, 1, 2, 2, 1, 4, 0, 3, 2, 1, 1, 2, 1, 3, 1, 1, 1, 3, 0, 4, 3, 1, 4, 1, 1, 2, 4, 4, 2, 1, 1, 3, 1, 3, 1, 1, 1, 1, 1, 1, 2, 3, 1, 2, 1, 1, 1, 2, 2, 3, 2, 1]|[0, 2, 1, 1, 3, 3, 0, 1, 0, 0, 0, 0, 1, 0, 1, 0, 0, 3, 1, 0, 0, 0, 3, 1, 0, 2, 0, 0, 0, 1, 0, 0, 0, 0, 3, 0, 1, 0, 0, 2, 1, 1, 2, 0, 0, 0, 0, 1, 1, 0, 0, 0, 1, 3, 0, 0, 1, 0, 0, 1, 0, 2, 0, 1, 0, 2, 1, 0, 0, 1, 1, 3, 1, 1, 3, 3, 1, 0, 0, 2, 0, 0, 0, 0, 1, 0, 0, 0, 1, 2, 0, 1, 0, 1, 1, 0, 0, 0, 0, 0],802.1274951829081,57956.38699448537,89691.2003308727,false
28,G1_CMAX,G4_BALANCED,[31, 11, 15, 82, 26, 9, 95, 32, 77, 68, 47, 5, 93, 78, 86, 54, 85, 63, 18, 44, 20, 49, 36, 14, 74, 50, 53, 17, 21, 45, 71, 64, 3, 23, 30, 83, 24, 41, 60, 52, 65, 27, 90, 70, 39, 87, 48, 69, 99, 4, 46, 1, 13, 58, 97, 59, 28, 8, 73, 37, 35, 79, 22, 66, 76, 42, 40, 80, 96, 6, 16, 61, 33, 7, 57, 34, 12, 67, 10, 98, 56, 88, 29, 75, 91, 38, 19, 92, 43, 84, 51, 72, 81, 0, 2, 55, 94, 89, 62, 25]|[2, 1, 1, 2, 1, 2, 1, 1, 1, 1, 1, 0, 2, 2, 1, 2, 0, 0, 0, 2, 2, 1, 0, 2, 0, 2, 2, 1, 0, 1, 1, 1, 0, 0, 1, 0, 2, 1, 2, 2, 0, 0, 1, 1, 0, 2, 0, 2, 1, 0, 0, 2, 0, 0, 2, 0, 1, 1, 0, 0, 2, 1, 0, 2, 2, 0, 2, 2, 0, 1, 2, 1, 1, 2, 0, 1, 1, 1, 1, 2, 2, 1, 1, 0, 1, 0, 1, 0, 1, 0, 1, 1, 1, 0, 2, 0, 2, 1, 1, 1]|[1, 3, 2, 0, 4, 1, 4, 4, 2, 4, 3, 2, 1, 0, 2, 1, 1, 1, 2, 1, 1, 3, 0, 1, 0, 1, 1, 4, 1, 4, 3, 2, 2, 0, 4, 1, 1, 4, 0, 1, 2, 1, 4, 4, 1, 1, 0, 2, 3, 2, 2, 1, 2, 1, 1, 2, 4, 3, 0, 2, 2, 3, 1, 0, 1, 2, 0, 1, 2, 4, 1, 3, 4, 1, 2, 4, 3, 3, 3, 1, 1, 4, 3, 2, 3, 2, 4, 2, 4, 2, 3, 4, 1, 2, 1, 2, 1, 4, 3, 4]|[1, 2, 1, 0, 3, 0, 1, 3, 0, 0, 2, 0, 1, 0, 1, 0, 0, 0, 1, 0, 0, 2, 0, 0, 1, 0, 0, 3, 0, 1, 0, 2, 0, 1, 3, 0, 1, 3, 1, 0, 0, 0, 1, 3, 0, 0, 1, 0, 2, 0, 0, 0, 0, 0, 1, 0, 1, 0, 1, 1, 0, 2, 0, 0, 0, 0, 0, 0, 0, 2, 0, 0, 1, 0, 0, 1, 0, 0, 3, 0, 0, 1, 0, 0, 0, 0, 3, 0, 2, 0, 0, 2, 1, 0, 0, 0, 0, 1, 0, 3],846.6109372053031,52128.769557101376,106800.59864073119,true
28,G4_BALANCED,G4_BALANCED,[31, 22, 82, 15, 26, 58, 95, 42, 77, 12, 47, 5, 93, 78, 86, 54, 85, 63, 18, 72, 20, 35, 43, 97, 91, 76, 10, 30, 21, 45, 71, 64, 1, 23, 17, 83, 24, 14, 60, 36, 6, 57, 40, 88, 65, 56, 79, 94, 67, 41, 46, 75, 38, 9, 19, 32, 68, 81, 27, 87, 90, 99, 59, 62, 11, 16, 73, 70, 39, 37, 84, 3, 44, 92, 25, 55, 28, 29, 51, 7, 66, 61, 98, 48, 89, 50, 4, 96, 53, 80, 8, 33, 34, 2, 52, 13, 0, 69, 74, 49]|[1, 1, 0, 1, 1, 0, 1, 2, 2, 1, 2, 2, 2, 1, 1, 0, 0, 1, 0, 2, 2, 0, 0, 2, 0, 1, 2, 2, 0, 0, 1, 2, 1, 2, 1, 0, 2, 0, 1, 1, 0, 1, 1, 1, 0, 2, 1, 1, 0, 0, 0, 0, 1, 1, 2, 1, 0, 2, 0, 2, 2, 0, 1, 2, 2, 1, 1, 1, 1, 1, 1, 1, 2, 0, 1, 1, 0, 0, 0, 1, 2, 1, 2, 0, 1, 0, 1, 2, 0, 0, 1, 2, 2, 0, 1, 0, 0, 1, 2, 0]|[4, 3, 2, 2, 4, 1, 2, 2, 2, 4, 1, 1, 2, 4, 4, 1, 2, 4, 2, 1, 1, 1, 1, 2, 1, 2, 1, 1, 2, 1, 3, 2, 3, 1, 4, 0, 1, 1, 0, 3, 2, 2, 2, 0, 1, 1, 0, 4, 0, 1, 2, 2, 1, 4, 0, 3, 1, 2, 1, 1, 1, 1, 1, 1, 1, 3, 4, 3, 1, 4, 1, 1, 1, 0, 4, 4, 2, 1, 1, 1, 1, 3, 1, 1, 1, 1, 4, 1, 2, 1, 3, 1, 1, 2, 1, 2, 2, 4, 1, 1]|[0, 2, 1, 1, 3, 0, 1, 0, 0, 0, 0, 0, 1, 0, 1, 0, 0, 3, 1, 0, 0, 0, 0, 1, 0, 2, 0, 0, 0, 1, 0, 0, 0, 0, 3, 0, 1, 0, 0, 2, 1, 1, 1, 0, 0, 0, 0, 2, 1, 0, 0, 0, 1, 3, 0, 0, 0, 1, 0, 0, 0, 0, 1, 0, 0, 2, 0, 0, 1, 1, 3, 1, 0, 1, 3, 3, 1, 0, 0, 2, 0, 0, 0, 0, 1, 0, 0, 0, 1, 0, 2, 0, 0, 0, 1, 0, 0, 2, 0, 1],776.1715367926818,55683.596597233634,97071.01728146299,false
28,G2_TEC,G2_TEC,[31, 22, 82, 15, 26, 9, 95, 42, 77, 68, 47, 5, 93, 78, 86, 54, 85, 63, 18, 44, 20, 49, 36, 14, 74, 50, 53, 17, 21, 28, 11, 64, 3, 23, 30, 83, 24, 41, 40, 52, 65, 27, 90, 70, 39, 87, 48, 69, 99, 4, 46, 1, 13, 58, 97, 59, 45, 8, 73, 37, 35, 79, 71, 66, 76, 32, 60, 80, 96, 6, 16, 61, 33, 7, 57, 34, 12, 67, 10, 98, 56, 88, 43, 75, 91, 38, 84, 92, 29, 19, 51, 72, 89, 25, 2, 55, 62, 81, 94, 0]|[2, 1, 2, 1, 1, 2, 1, 1, 1, 1, 1, 0, 2, 2, 1, 2, 0, 0, 0, 2, 2, 1, 0, 2, 0, 2, 2, 1, 0, 1, 1, 1, 0, 0, 1, 0, 2, 1, 2, 2, 0, 0, 1, 1, 0, 2, 0, 2, 1, 0, 0, 2, 0, 0, 2, 0, 1, 1, 0, 0, 2, 1, 1, 1, 2, 0, 2, 2, 0, 1, 2, 1, 1, 2, 0, 1, 2, 1, 1, 2, 2, 1, 1, 0, 1, 0, 0, 0, 1, 1, 1, 1, 1, 1, 2, 0, 1, 1, 2, 0]|[0, 3, 0, 3, 4, 1, 4, 4, 2, 4, 3, 2, 1, 0, 2, 1, 1, 1, 2, 1, 1, 3, 0, 1, 0, 1, 1, 4, 1, 4, 3, 2, 2, 0, 4, 1, 1, 4, 1, 1, 2, 1, 4, 4, 1, 1, 0, 2, 3, 2, 2, 1, 2, 1, 1, 2, 4, 3, 0, 2, 2, 3, 3, 1, 1, 2, 1, 1, 2, 4, 1, 3, 4, 1, 2, 4, 1, 3, 3, 1, 1, 4, 4, 2, 3, 2, 2, 2, 3, 4, 3, 4, 4, 4, 1, 2, 3, 4, 1, 2]|[0, 2, 0, 0, 3, 0, 1, 3, 0, 0, 2, 0, 1, 0, 1, 0, 0, 0, 1, 0, 0, 2, 0, 0, 1, 0, 0, 3, 0, 1, 0, 2, 0, 0, 3, 0, 1, 3, 0, 0, 0, 0, 1, 3, 0, 0, 1, 0, 2, 0, 0, 0, 0, 0, 1, 0, 1, 0, 1, 1, 0, 2, 0, 2, 0, 0, 0, 0, 0, 2, 0, 0, 1, 0, 0, 1, 0, 0, 3, 0, 0, 1, 2, 0, 0, 0, 0, 0, 3, 1, 0, 2, 1, 3, 0, 0, 0, 1, 0, 0],882.9438068981488,49877.554644704585,107717.62812963048,false
28,G3_TWC,G3_TWC,[31, 22, 82, 15, 26, 58, 95, 42, 77, 12, 47, 5, 93, 78, 98, 54, 85, 63, 18, 44, 20, 35, 43, 97, 91, 76, 10, 30, 21, 45, 71, 64, 1, 23, 17, 83, 24, 14, 60, 36, 6, 57, 94, 88, 65, 56, 79, 40, 67, 68, 46, 75, 38, 9, 19, 32, 81, 41, 27, 62, 87, 90, 99, 59, 11, 16, 72, 73, 70, 39, 37, 84, 3, 92, 25, 55, 28, 29, 51, 7, 33, 61, 86, 66, 89, 50, 48, 96, 53, 8, 80, 4, 34, 49, 52, 0, 13, 69, 2, 74]|[1, 1, 0, 1, 1, 1, 2, 1, 2, 1, 2, 2, 2, 1, 1, 0, 0, 1, 0, 2, 2, 0, 1, 2, 0, 1, 2, 2, 0, 0, 1, 2, 1, 2, 1, 0, 2, 0, 1, 1, 0, 1, 1, 1, 0, 2, 1, 1, 0, 0, 0, 0, 1, 1, 2, 1, 2, 0, 0, 0, 2, 1, 0, 1, 2, 1, 2, 1, 1, 1, 1, 1, 1, 0, 1, 1, 0, 0, 0, 1, 2, 1, 0, 2, 1, 0, 0, 0, 0, 1, 0, 0, 2, 0, 1, 0, 0, 1, 0, 2]|[4, 3, 2, 2, 0, 0, 2, 2, 2, 4, 1, 1, 2, 4, 4, 1, 2, 4, 2, 1, 1, 1, 1, 2, 1, 2, 1, 1, 1, 1, 3, 2, 3, 0, 4, 0, 1, 1, 0, 3, 2, 2, 4, 0, 1, 1, 0, 2, 0, 1, 2, 2, 1, 4, 0, 3, 2, 1, 1, 2, 1, 3, 1, 1, 1, 3, 0, 4, 3, 1, 4, 1, 1, 2, 4, 4, 2, 1, 1, 3, 1, 3, 1, 1, 1, 1, 1, 1, 2, 3, 1, 2, 1, 1, 1, 2, 2, 3, 2, 1]|[0, 2, 1, 1, 3, 3, 0, 1, 0, 0, 0, 0, 1, 0, 1, 0, 0, 3, 1, 0, 0, 0, 3, 1, 0, 2, 0, 0, 0, 1, 0, 0, 0, 0, 3, 0, 1, 0, 0, 2, 1, 1, 2, 0, 0, 0, 0, 1, 1, 0, 0, 0, 1, 3, 0, 0, 1, 0, 0, 1, 0, 2, 0, 1, 0, 2, 1, 0, 0, 1, 1, 3, 1, 1, 3, 3, 1, 0, 0, 2, 0, 0, 0, 0, 1, 0, 0, 0, 1, 2, 0, 1, 0, 1, 1, 0, 0, 0, 0, 0],802.1274951829081,57956.38699448537,89691.2003308727,false
28,G1_CMAX,G4_BALANCED,[31, 11, 15, 82, 26, 9, 95, 32, 77, 68, 47, 5, 93, 78, 86, 54, 85, 63, 18, 44, 20, 49, 36, 14, 74, 50, 53, 17, 21, 45, 71, 64, 3, 23, 30, 83, 24, 41, 60, 52, 65, 27, 90, 70, 39, 87, 48, 69, 99, 4, 46, 1, 13, 58, 97, 59, 28, 8, 73, 37, 35, 79, 22, 66, 76, 42, 40, 80, 96, 6, 16, 61, 33, 7, 57, 34, 12, 67, 10, 98, 56, 88, 29, 75, 91, 38, 19, 92, 43, 84, 51, 72, 81, 0, 2, 55, 94, 89, 62, 25]|[2, 1, 1, 2, 1, 2, 1, 1, 1, 1, 1, 0, 2, 2, 1, 2, 0, 0, 0, 2, 2, 1, 0, 2, 0, 2, 2, 1, 0, 1, 1, 1, 0, 0, 1, 0, 2, 1, 2, 2, 0, 0, 1, 1, 0, 2, 0, 2, 1, 0, 0, 2, 0, 0, 2, 0, 1, 1, 0, 0, 2, 1, 0, 2, 2, 0, 2, 2, 0, 1, 2, 1, 1, 2, 0, 1, 1, 1, 1, 2, 2, 1, 1, 0, 1, 0, 1, 0, 1, 0, 1, 1, 1, 0, 2, 0, 2, 1, 1, 1]|[1, 3, 2, 0, 4, 1, 4, 4, 2, 4, 3, 2, 1, 0, 2, 1, 1, 1, 2, 1, 1, 3, 0, 1, 0, 1, 1, 4, 1, 4, 3, 2, 2, 0, 4, 1, 1, 4, 0, 1, 2, 1, 4, 4, 1, 1, 0, 2, 3, 2, 2, 1, 2, 1, 1, 2, 4, 3, 0, 2, 2, 3, 1, 0, 1, 2, 0, 1, 2, 4, 1, 3, 4, 1, 2, 4, 3, 3, 3, 1, 1, 4, 3, 2, 3, 2, 4, 2, 4, 2, 3, 4, 1, 2, 1, 2, 1, 4, 3, 4]|[1, 2, 1, 0, 3, 0, 1, 3, 0, 0, 2, 0, 1, 0, 1, 0, 0, 0, 1, 0, 0, 2, 0, 0, 1, 0, 0, 3, 0, 1, 0, 2, 0, 1, 3, 0, 1, 3, 1, 0, 0, 0, 1, 3, 0, 0, 1, 0, 2, 0, 0, 0, 0, 0, 1, 0, 1, 0, 1, 1, 0, 2, 0, 0, 0, 0, 0, 0, 0, 2, 0, 0, 1, 0, 0, 1, 0, 0, 3, 0, 0, 1, 0, 0, 0, 0, 3, 0, 2, 0, 0, 2, 1, 0, 0, 0, 0, 1, 0, 3],846.6109372053031,52128.769557101376,106800.59864073119,true
28,G4_BALANCED,G4_BALANCED,[31, 22, 82, 15, 26, 58, 95, 42, 77, 12, 47, 5, 93, 78, 86, 54, 85, 63, 18, 72, 20, 35, 43, 97, 91, 76, 10, 30, 21, 45, 71, 64, 1, 23, 17, 83, 24, 14, 60, 36, 6, 57, 40, 88, 65, 56, 79, 94, 67, 41, 46, 75, 38, 9, 19, 32, 68, 81, 27, 87, 90, 99, 59, 62, 11, 16, 73, 70, 39, 37, 84, 3, 44, 92, 25, 55, 28, 29, 51, 7, 66, 61, 98, 48, 89, 50, 4, 96, 53, 80, 8, 33, 34, 2, 52, 13, 0, 69, 74, 49]|[1, 1, 0, 1, 1, 0, 1, 2, 2, 1, 2, 2, 2, 1, 1, 0, 0, 1, 0, 2, 2, 0, 0, 2, 0, 1, 2, 2, 0, 0, 1, 2, 1, 2, 1, 0, 2, 0, 1, 1, 0, 1, 1, 1, 0, 2, 1, 1, 0, 0, 0, 0, 1, 1, 2, 1, 0, 2, 0, 2, 2, 0, 1, 2, 2, 1, 1, 1, 1, 1, 1, 1, 2, 0, 1, 1, 0, 0, 0, 1, 2, 1, 2, 0, 1, 0, 1, 2, 0, 0, 1, 2, 2, 0, 1, 0, 0, 1, 2, 0]|[4, 3, 2, 2, 4, 1, 2, 2, 2, 4, 1, 1, 2, 4, 4, 1, 2, 4, 2, 1, 1, 1, 1, 2, 1, 2, 1, 1, 2, 1, 3, 2, 3, 1, 4, 0, 1, 1, 0, 3, 2, 2, 2, 0, 1, 1, 0, 4, 0, 1, 2, 2, 1, 4, 0, 3, 1, 2, 1, 1, 1, 1, 1, 1, 1, 3, 4, 3, 1, 4, 1, 1, 1, 0, 4, 4, 2, 1, 1, 1, 1, 3, 1, 1, 1, 1, 4, 1, 2, 1, 3, 1, 1, 2, 1, 2, 2, 4, 1, 1]|[0, 2, 1, 1, 3, 0, 1, 0, 0, 0, 0, 0, 1, 0, 1, 0, 0, 3, 1, 0, 0, 0, 0, 1, 0, 2, 0, 0, 0, 1, 0, 0, 0, 0, 3, 0, 1, 0, 0, 2, 1, 1, 1, 0, 0, 0, 0, 2, 1, 0, 0, 0, 1, 3, 0, 0, 0, 1, 0, 0, 0, 0, 1, 0, 0, 2, 0, 0, 1, 1, 3, 1, 0, 1, 3, 3, 1, 0, 0, 2, 0, 0, 0, 0, 1, 0, 0, 0, 1, 0, 2, 0, 0, 0, 1, 0, 0, 2, 0, 1],776.1715367926818,55683.596597233634,97071.01728146299,false
28,G2_TEC,G2_TEC,[31, 22, 82, 15, 26, 9, 95, 42, 77, 68, 47, 5, 93, 78, 86, 54, 85, 63, 18, 44, 20, 49, 36, 14, 74, 50, 53, 17, 21, 28, 11, 64, 3, 23, 30, 83, 24, 41, 40, 52, 65, 27, 90, 70, 39, 87, 48, 69, 99, 4, 46, 1, 13, 58, 97, 59, 45, 8, 73, 37, 35, 79, 71, 66, 76, 32, 60, 80, 96, 6, 16, 61, 33, 7, 57, 34, 12, 67, 10, 98, 56, 88, 43, 75, 91, 38, 84, 92, 29, 19, 51, 72, 89, 25, 2, 55, 62, 81, 94, 0]|[2, 1, 2, 1, 1, 2, 1, 1, 1, 1, 1, 0, 2, 2, 1, 2, 0, 0, 0, 2, 2, 1, 0, 2, 0, 2, 2, 1, 0, 1, 1, 1, 0, 0, 1, 0, 2, 1, 2, 2, 0, 0, 1, 1, 0, 2, 0, 2, 1, 0, 0, 2, 0, 0, 2, 0, 1, 1, 0, 0, 2, 1, 1, 1, 2, 0, 2, 2, 0, 1, 2, 1, 1, 2, 0, 1, 2, 1, 1, 2, 2, 1, 1, 0, 1, 0, 0, 0, 1, 1, 1, 1, 1, 1, 2, 0, 1, 1, 2, 0]|[0, 3, 0, 3, 4, 1, 4, 4, 2, 4, 3, 2, 1, 0, 2, 1, 1, 1, 2, 1, 1, 3, 0, 1, 0, 1, 1, 4, 1, 4, 3, 2, 2, 0, 4, 1, 1, 4, 1, 1, 2, 1, 4, 4, 1, 1, 0, 2, 3, 2, 2, 1, 2, 1, 1, 2, 4, 3, 0, 2, 2, 3, 3, 1, 1, 2, 1, 1, 2, 4, 1, 3, 4, 1, 2, 4, 1, 3, 3, 1, 1, 4, 4, 2, 3, 2, 2, 2, 3, 4, 3, 4, 4, 4, 1, 2, 3, 4, 1, 2]|[0, 2, 0, 0, 3, 0, 1, 3, 0, 0, 2, 0, 1, 0, 1, 0, 0, 0, 1, 0, 0, 2, 0, 0, 1, 0, 0, 3, 0, 1, 0, 2, 0, 0, 3, 0, 1, 3, 0, 0, 0, 0, 1, 3, 0, 0, 1, 0, 2, 0, 0, 0, 0, 0, 1, 0, 1, 0, 1, 1, 0, 2, 0, 2, 0, 0, 0, 0, 0, 2, 0, 0, 1, 0, 0, 1, 0, 0, 3, 0, 0, 1, 2, 0, 0, 0, 0, 0, 3, 1, 0, 2, 1, 3, 0, 0, 0, 1, 0, 0],882.9438068981488,49877.554644704585,107717.62812963048,false
28,G3_TWC,G3_TWC,[31, 22, 82, 15, 26, 58, 95, 42, 77, 12, 47, 5, 93, 78, 98, 54, 85, 63, 18, 44, 20, 35, 43, 97, 91, 76, 10, 30, 21, 45, 71, 64, 1, 23, 17, 83, 24, 14, 60, 36, 6, 57, 94, 88, 65, 56, 79, 40, 67, 68, 46, 75, 38, 9, 19, 32, 81, 41, 27, 62, 87, 90, 99, 59, 11, 16, 72, 73, 70, 39, 37, 84, 3, 92, 25, 55, 28, 29, 51, 7, 33, 61, 86, 66, 89, 50, 48, 96, 53, 8, 80, 4, 34, 49, 52, 0, 13, 69, 2, 74]|[1, 1, 0, 1, 1, 1, 2, 1, 2, 1, 2, 2, 2, 1, 1, 0, 0, 1, 0, 2, 2, 0, 1, 2, 0, 1, 2, 2, 0, 0, 1, 2, 1, 2, 1, 0, 2, 0, 1, 1, 0, 1, 1, 1, 0, 2, 1, 1, 0, 0, 0, 0, 1, 1, 2, 1, 2, 0, 0, 0, 2, 1, 0, 1, 2, 1, 2, 1, 1, 1, 1, 1, 1, 0, 1, 1, 0, 0, 0, 1, 2, 1, 0, 2, 1, 0, 0, 0, 0, 1, 0, 0, 2, 0, 1, 0, 0, 1, 0, 2]|[4, 3, 2, 2, 0, 0, 2, 2, 2, 4, 1, 1, 2, 4, 4, 1, 2, 4, 2, 1, 1, 1, 1, 2, 1, 2, 1, 1, 1, 1, 3, 2, 3, 0, 4, 0, 1, 1, 0, 3, 2, 2, 4, 0, 1, 1, 0, 2, 0, 1, 2, 2, 1, 4, 0, 3, 2, 1, 1, 2, 1, 3, 1, 1, 1, 3, 0, 4, 3, 1, 4, 1, 1, 2, 4, 4, 2, 1, 1, 3, 1, 3, 1, 1, 1, 1, 1, 1, 2, 3, 1, 2, 1, 1, 1, 2, 2, 3, 2, 1]|[0, 2, 1, 1, 3, 3, 0, 1, 0, 0, 0, 0, 1, 0, 1, 0, 0, 3, 1, 0, 0, 0, 3, 1, 0, 2, 0, 0, 0, 1, 0, 0, 0, 0, 3, 0, 1, 0, 0, 2, 1, 1, 2, 0, 0, 0, 0, 1, 1, 0, 0, 0, 1, 3, 0, 0, 1, 0, 0, 1, 0, 2, 0, 1, 0, 2, 1, 0, 0, 1, 1, 3, 1, 1, 3, 3, 1, 0, 0, 2, 0, 0, 0, 0, 1, 0, 0, 0, 1, 2, 0, 1, 0, 1, 1, 0, 0, 0, 0, 0],802.1274951829081,57956.38699448537,89691.2003308727,false
28,G1_CMAX,G4_BALANCED,[31, 11, 15, 82, 26, 9, 95, 32, 77, 68, 47, 5, 93, 78, 86, 54, 85, 63, 18, 44, 20, 49, 36, 14, 74, 50, 53, 17, 21, 45, 71, 64, 3, 23, 30, 83, 24, 41, 60, 52, 65, 27, 90, 70, 39, 87, 48, 69, 99, 4, 46, 1, 13, 58, 97, 59, 28, 8, 73, 37, 35, 79, 22, 66, 76, 42, 40, 80, 96, 6, 16, 61, 33, 7, 57, 34, 12, 67, 10, 98, 56, 88, 29, 75, 91, 38, 19, 92, 43, 84, 51, 72, 81, 0, 2, 55, 94, 89, 62, 25]|[2, 1, 1, 2, 1, 2, 1, 1, 1, 1, 1, 0, 2, 2, 1, 2, 0, 0, 0, 2, 2, 1, 0, 2, 0, 2, 2, 1, 0, 1, 1, 1, 0, 0, 1, 0, 2, 1, 2, 2, 0, 0, 1, 1, 0, 2, 0, 2, 1, 0, 0, 2, 0, 0, 2, 0, 1, 1, 0, 0, 2, 1, 0, 2, 2, 0, 2, 2, 0, 1, 2, 1, 1, 2, 0, 1, 1, 1, 1, 2, 2, 1, 1, 0, 1, 0, 1, 0, 1, 0, 1, 1, 1, 0, 2, 0, 2, 1, 1, 1]|[1, 3, 2, 0, 4, 1, 4, 4, 2, 4, 3, 2, 1, 0, 2, 1, 1, 1, 2, 1, 1, 3, 0, 1, 0, 1, 1, 4, 1, 4, 3, 2, 2, 0, 4, 1, 1, 4, 0, 1, 2, 1, 4, 4, 1, 1, 0, 2, 3, 2, 2, 1, 2, 1, 1, 2, 4, 3, 0, 2, 2, 3, 1, 0, 1, 2, 0, 1, 2, 4, 1, 3, 4, 1, 2, 4, 3, 3, 3, 1, 1, 4, 3, 2, 3, 2, 4, 2, 4, 2, 3, 4, 1, 2, 1, 2, 1, 4, 3, 4]|[1, 2, 1, 0, 3, 0, 1, 3, 0, 0, 2, 0, 1, 0, 1, 0, 0, 0, 1, 0, 0, 2, 0, 0, 1, 0, 0, 3, 0, 1, 0, 2, 0, 1, 3, 0, 1, 3, 1, 0, 0, 0, 1, 3, 0, 0, 1, 0, 2, 0, 0, 0, 0, 0, 1, 0, 1, 0, 1, 1, 0, 2, 0, 0, 0, 0, 0, 0, 0, 2, 0, 0, 1, 0, 0, 1, 0, 0, 3, 0, 0, 1, 0, 0, 0, 0, 3, 0, 2, 0, 0, 2, 1, 0, 0, 0, 0, 1, 0, 3],846.6109372053031,52128.769557101376,106800.59864073119,true
28,G4_BALANCED,G4_BALANCED,[31, 22, 82, 15, 26, 58, 95, 42, 77, 12, 47, 5, 93, 78, 86, 54, 85, 63, 18, 72, 20, 35, 43, 97, 91, 76, 10, 30, 21, 45, 71, 64, 1, 23, 17, 83, 24, 14, 60, 36, 6, 57, 40, 88, 65, 56, 79, 94, 67, 41, 46, 75, 38, 9, 19, 32, 68, 81, 27, 87, 90, 99, 59, 62, 11, 16, 73, 70, 39, 37, 84, 3, 44, 92, 25, 55, 28, 29, 51, 7, 66, 61, 98, 48, 89, 50, 4, 96, 53, 80, 8, 33, 34, 2, 52, 13, 0, 69, 74, 49]|[1, 1, 0, 1, 1, 0, 1, 2, 2, 1, 2, 2, 2, 1, 1, 0, 0, 1, 0, 2, 2, 0, 0, 2, 0, 1, 2, 2, 0, 0, 1, 2, 1, 2, 1, 0, 2, 0, 1, 1, 0, 1, 1, 1, 0, 2, 1, 1, 0, 0, 0, 0, 1, 1, 2, 1, 0, 2, 0, 2, 2, 0, 1, 2, 2, 1, 1, 1, 1, 1, 1, 1, 2, 0, 1, 1, 0, 0, 0, 1, 2, 1, 2, 0, 1, 0, 1, 2, 0, 0, 1, 2, 2, 0, 1, 0, 0, 1, 2, 0]|[4, 3, 2, 2, 4, 1, 2, 2, 2, 4, 1, 1, 2, 4, 4, 1, 2, 4, 2, 1, 1, 1, 1, 2, 1, 2, 1, 1, 2, 1, 3, 2, 3, 1, 4, 0, 1, 1, 0, 3, 2, 2, 2, 0, 1, 1, 0, 4, 0, 1, 2, 2, 1, 4, 0, 3, 1, 2, 1, 1, 1, 1, 1, 1, 1, 3, 4, 3, 1, 4, 1, 1, 1, 0, 4, 4, 2, 1, 1, 1, 1, 3, 1, 1, 1, 1, 4, 1, 2, 1, 3, 1, 1, 2, 1, 2, 2, 4, 1, 1]|[0, 2, 1, 1, 3, 0, 1, 0, 0, 0, 0, 0, 1, 0, 1, 0, 0, 3, 1, 0, 0, 0, 0, 1, 0, 2, 0, 0, 0, 1, 0, 0, 0, 0, 3, 0, 1, 0, 0, 2, 1, 1, 1, 0, 0, 0, 0, 2, 1, 0, 0, 0, 1, 3, 0, 0, 0, 1, 0, 0, 0, 0, 1, 0, 0, 2, 0, 0, 1, 1, 3, 1, 0, 1, 3, 3, 1, 0, 0, 2, 0, 0, 0, 0, 1, 0, 0, 0, 1, 0, 2, 0, 0, 0, 1, 0, 0, 2, 0, 1],776.1715367926818,55683.596597233634,97071.01728146299,false
28,G2_TEC,G2_TEC,[31, 22, 82, 15, 26, 9, 95, 42, 77, 68, 47, 5, 93, 78, 86, 54, 85, 63, 18, 44, 20, 49, 36, 14, 74, 50, 53, 17, 21, 28, 11, 64, 3, 23, 30, 83, 24, 41, 40, 52, 65, 27, 90, 70, 39, 87, 48, 69, 99, 4, 46, 1, 13, 58, 97, 59, 45, 8, 73, 37, 35, 79, 71, 66, 76, 32, 60, 80, 96, 6, 16, 61, 33, 7, 57, 34, 12, 67, 10, 98, 56, 88, 43, 75, 91, 38, 84, 92, 29, 19, 51, 72, 89, 25, 2, 55, 62, 81, 94, 0]|[2, 1, 2, 1, 1, 2, 1, 1, 1, 1, 1, 0, 2, 2, 1, 2, 0, 0, 0, 2, 2, 1, 0, 2, 0, 2, 2, 1, 0, 1, 1, 1, 0, 0, 1, 0, 2, 1, 2, 2, 0, 0, 1, 1, 0, 2, 0, 2, 1, 0, 0, 2, 0, 0, 2, 0, 1, 1, 0, 0, 2, 1, 1, 1, 2, 0, 2, 2, 0, 1, 2, 1, 1, 2, 0, 1, 2, 1, 1, 2, 2, 1, 1, 0, 1, 0, 0, 0, 1, 1, 1, 1, 1, 1, 2, 0, 1, 1, 2, 0]|[0, 3, 0, 3, 4, 1, 4, 4, 2, 4, 3, 2, 1, 0, 2, 1, 1, 1, 2, 1, 1, 3, 0, 1, 0, 1, 1, 4, 1, 4, 3, 2, 2, 0, 4, 1, 1, 4, 1, 1, 2, 1, 4, 4, 1, 1, 0, 2, 3, 2, 2, 1, 2, 1, 1, 2, 4, 3, 0, 2, 2, 3, 3, 1, 1, 2, 1, 1, 2, 4, 1, 3, 4, 1, 2, 4, 1, 3, 3, 1, 1, 4, 4, 2, 3, 2, 2, 2, 3, 4, 3, 4, 4, 4, 1, 2, 3, 4, 1, 2]|[0, 2, 0, 0, 3, 0, 1, 3, 0, 0, 2, 0, 1, 0, 1, 0, 0, 0, 1, 0, 0, 2, 0, 0, 1, 0, 0, 3, 0, 1, 0, 2, 0, 0, 3, 0, 1, 3, 0, 0, 0, 0, 1, 3, 0, 0, 1, 0, 2, 0, 0, 0, 0, 0, 1, 0, 1, 0, 1, 1, 0, 2, 0, 2, 0, 0, 0, 0, 0, 2, 0, 0, 1, 0, 0, 1, 0, 0, 3, 0, 0, 1, 2, 0, 0, 0, 0, 0, 3, 1, 0, 2, 1, 3, 0, 0, 0, 1, 0, 0],882.9438068981488,49877.554644704585,107717.62812963048,false
28,G3_TWC,G3_TWC,[31, 22, 82, 15, 26, 58, 95, 42, 77, 12, 47, 5, 93, 78, 98, 54, 85, 63, 18, 44, 20, 35, 43, 97, 91, 76, 10, 30, 21, 45, 71, 64, 1, 23, 17, 83, 24, 14, 60, 36, 6, 57, 94, 88, 65, 56, 79, 40, 67, 68, 46, 75, 38, 9, 19, 32, 81, 41, 27, 62, 87, 90, 99, 59, 11, 16, 72, 73, 70, 39, 37, 84, 3, 92, 25, 55, 28, 29, 51, 7, 33, 61, 86, 66, 89, 50, 48, 96, 53, 8, 80, 4, 34, 49, 52, 0, 13, 69, 2, 74]|[1, 1, 0, 1, 1, 1, 2, 1, 2, 1, 2, 2, 2, 1, 1, 0, 0, 1, 0, 2, 2, 0, 1, 2, 0, 1, 2, 2, 0, 0, 1, 2, 1, 2, 1, 0, 2, 0, 1, 1, 0, 1, 1, 1, 0, 2, 1, 1, 0, 0, 0, 0, 1, 1, 2, 1, 2, 0, 0, 0, 2, 1, 0, 1, 2, 1, 2, 1, 1, 1, 1, 1, 1, 0, 1, 1, 0, 0, 0, 1, 2, 1, 0, 2, 1, 0, 0, 0, 0, 1, 0, 0, 2, 0, 1, 0, 0, 1, 0, 2]|[4, 3, 2, 2, 0, 0, 2, 2, 2, 4, 1, 1, 2, 4, 4, 1, 2, 4, 2, 1, 1, 1, 1, 2, 1, 2, 1, 1, 1, 1, 3, 2, 3, 0, 4, 0, 1, 1, 0, 3, 2, 2, 4, 0, 1, 1, 0, 2, 0, 1, 2, 2, 1, 4, 0, 3, 2, 1, 1, 2, 1, 3, 1, 1, 1, 3, 0, 4, 3, 1, 4, 1, 1, 2, 4, 4, 2, 1, 1, 3, 1, 3, 1, 1, 1, 1, 1, 1, 2, 3, 1, 2, 1, 1, 1, 2, 2, 3, 2, 1]|[0, 2, 1, 1, 3, 3, 0, 1, 0, 0, 0, 0, 1, 0, 1, 0, 0, 3, 1, 0, 0, 0, 3, 1, 0, 2, 0, 0, 0, 1, 0, 0, 0, 0, 3, 0, 1, 0, 0, 2, 1, 1, 2, 0, 0, 0, 0, 1, 1, 0, 0, 0, 1, 3, 0, 0, 1, 0, 0, 1, 0, 2, 0, 1, 0, 2, 1, 0, 0, 1, 1, 3, 1, 1, 3, 3, 1, 0, 0, 2, 0, 0, 0, 0, 1, 0, 0, 0, 1, 2, 0, 1, 0, 1, 1, 0, 0, 0, 0, 0],802.1274951829081,57956.38699448537,89691.2003308727,false
28,G1_CMAX,G4_BALANCED,[31, 11, 15, 82, 26, 9, 95, 32, 77, 68, 47, 5, 93, 78, 86, 54, 85, 63, 18, 44, 20, 49, 36, 14, 74, 50, 53, 17, 21, 45, 71, 64, 3, 23, 30, 83, 24, 41, 60, 52, 65, 27, 90, 70, 39, 87, 48, 69, 99, 4, 46, 1, 13, 58, 97, 59, 28, 8, 73, 37, 35, 79, 22, 66, 76, 42, 40, 80, 96, 6, 16, 61, 33, 7, 57, 34, 12, 67, 10, 98, 56, 88, 29, 75, 91, 38, 19, 92, 43, 84, 51, 72, 81, 0, 2, 55, 94, 89, 62, 25]|[2, 1, 1, 2, 1, 2, 1, 1, 1, 1, 1, 0, 2, 2, 1, 2, 0, 0, 0, 2, 2, 1, 0, 2, 0, 2, 2, 1, 0, 1, 1, 1, 0, 0, 1, 0, 2, 1, 2, 2, 0, 0, 1, 1, 0, 2, 0, 2, 1, 0, 0, 2, 0, 0, 2, 0, 1, 1, 0, 0, 2, 1, 0, 2, 2, 0, 2, 2, 0, 1, 2, 1, 1, 2, 0, 1, 1, 1, 1, 2, 2, 1, 1, 0, 1, 0, 1, 0, 1, 0, 1, 1, 1, 0, 2, 0, 2, 1, 1, 1]|[1, 3, 2, 0, 4, 1, 4, 4, 2, 4, 3, 2, 1, 0, 2, 1, 1, 1, 2, 1, 1, 3, 0, 1, 0, 1, 1, 4, 1, 4, 3, 2, 2, 0, 4, 1, 1, 4, 0, 1, 2, 1, 4, 4, 1, 1, 0, 2, 3, 2, 2, 1, 2, 1, 1, 2, 4, 3, 0, 2, 2, 3, 1, 0, 1, 2, 0, 1, 2, 4, 1, 3, 4, 1, 2, 4, 3, 3, 3, 1, 1, 4, 3, 2, 3, 2, 4, 2, 4, 2, 3, 4, 1, 2, 1, 2, 1, 4, 3, 4]|[1, 2, 1, 0, 3, 0, 1, 3, 0, 0, 2, 0, 1, 0, 1, 0, 0, 0, 1, 0, 0, 2, 0, 0, 1, 0, 0, 3, 0, 1, 0, 2, 0, 1, 3, 0, 1, 3, 1, 0, 0, 0, 1, 3, 0, 0, 1, 0, 2, 0, 0, 0, 0, 0, 1, 0, 1, 0, 1, 1, 0, 2, 0, 0, 0, 0, 0, 0, 0, 2, 0, 0, 1, 0, 0, 1, 0, 0, 3, 0, 0, 1, 0, 0, 0, 0, 3, 0, 2, 0, 0, 2, 1, 0, 0, 0, 0, 1, 0, 3],846.6109372053031,52128.769557101376,106800.59864073119,true
28,G4_BALANCED,G4_BALANCED,[31, 22, 82, 15, 26, 58, 95, 42, 77, 12, 47, 5, 93, 78, 86, 54, 85, 63, 18, 72, 20, 35, 43, 97, 91, 76, 10, 30, 21, 45, 71, 64, 1, 23, 17, 83, 24, 14, 60, 36, 6, 57, 40, 88, 65, 56, 79, 94, 67, 41, 46, 75, 38, 9, 19, 32, 68, 81, 27, 87, 90, 99, 59, 62, 11, 16, 73, 70, 39, 37, 84, 3, 44, 92, 25, 55, 28, 29, 51, 7, 66, 61, 98, 48, 89, 50, 4, 96, 53, 80, 8, 33, 34, 2, 52, 13, 0, 69, 74, 49]|[1, 1, 0, 1, 1, 0, 1, 2, 2, 1, 2, 2, 2, 1, 1, 0, 0, 1, 0, 2, 2, 0, 0, 2, 0, 1, 2, 2, 0, 0, 1, 2, 1, 2, 1, 0, 2, 0, 1, 1, 0, 1, 1, 1, 0, 2, 1, 1, 0, 0, 0, 0, 1, 1, 2, 1, 0, 2, 0, 2, 2, 0, 1, 2, 2, 1, 1, 1, 1, 1, 1, 1, 2, 0, 1, 1, 0, 0, 0, 1, 2, 1, 2, 0, 1, 0, 1, 2, 0, 0, 1, 2, 2, 0, 1, 0, 0, 1, 2, 0]|[4, 3, 2, 2, 4, 1, 2, 2, 2, 4, 1, 1, 2, 4, 4, 1, 2, 4, 2, 1, 1, 1, 1, 2, 1, 2, 1, 1, 2, 1, 3, 2, 3, 1, 4, 0, 1, 1, 0, 3, 2, 2, 2, 0, 1, 1, 0, 4, 0, 1, 2, 2, 1, 4, 0, 3, 1, 2, 1, 1, 1, 1, 1, 1, 1, 3, 4, 3, 1, 4, 1, 1, 1, 0, 4, 4, 2, 1, 1, 1, 1, 3, 1, 1, 1, 1, 4, 1, 2, 1, 3, 1, 1, 2, 1, 2, 2, 4, 1, 1]|[0, 2, 1, 1, 3, 0, 1, 0, 0, 0, 0, 0, 1, 0, 1, 0, 0, 3, 1, 0, 0, 0, 0, 1, 0, 2, 0, 0, 0, 1, 0, 0, 0, 0, 3, 0, 1, 0, 0, 2, 1, 1, 1, 0, 0, 0, 0, 2, 1, 0, 0, 0, 1, 3, 0, 0, 0, 1, 0, 0, 0, 0, 1, 0, 0, 2, 0, 0, 1, 1, 3, 1, 0, 1, 3, 3, 1, 0, 0, 2, 0, 0, 0, 0, 1, 0, 0, 0, 1, 0, 2, 0, 0, 0, 1, 0, 0, 2, 0, 1],776.1715367926818,55683.596597233634,97071.01728146299,false
28,G2_TEC,G2_TEC,[31, 22, 82, 15, 26, 9, 95, 42, 77, 68, 47, 5, 93, 78, 86, 54, 85, 63, 18, 44, 20, 49, 36, 14, 74, 50, 53, 17, 21, 28, 11, 64, 3, 23, 30, 83, 24, 41, 40, 52, 65, 27, 90, 70, 39, 87, 48, 69, 99, 4, 46, 1, 13, 58, 97, 59, 45, 8, 73, 37, 35, 79, 71, 66, 76, 32, 60, 80, 96, 6, 16, 61, 33, 7, 57, 34, 12, 67, 10, 98, 56, 88, 43, 75, 91, 38, 84, 92, 29, 19, 51, 72, 89, 25, 2, 55, 62, 81, 94, 0]|[2, 1, 2, 1, 1, 2, 1, 1, 1, 1, 1, 0, 2, 2, 1, 2, 0, 0, 0, 2, 2, 1, 0, 2, 0, 2, 2, 1, 0, 1, 1, 1, 0, 0, 1, 0, 2, 1, 2, 2, 0, 0, 1, 1, 0, 2, 0, 2, 1, 0, 0, 2, 0, 0, 2, 0, 1, 1, 0, 0, 2, 1, 1, 1, 2, 0, 2, 2, 0, 1, 2, 1, 1, 2, 0, 1, 2, 1, 1, 2, 2, 1, 1, 0, 1, 0, 0, 0, 1, 1, 1, 1, 1, 1, 2, 0, 1, 1, 2, 0]|[0, 3, 0, 3, 4, 1, 4, 4, 2, 4, 3, 2, 1, 0, 2, 1, 1, 1, 2, 1, 1, 3, 0, 1, 0, 1, 1, 4, 1, 4, 3, 2, 2, 0, 4, 1, 1, 4, 1, 1, 2, 1, 4, 4, 1, 1, 0, 2, 3, 2, 2, 1, 2, 1, 1, 2, 4, 3, 0, 2, 2, 3, 3, 1, 1, 2, 1, 1, 2, 4, 1, 3, 4, 1, 2, 4, 1, 3, 3, 1, 1, 4, 4, 2, 3, 2, 2, 2, 3, 4, 3, 4, 4, 4, 1, 2, 3, 4, 1, 2]|[0, 2, 0, 0, 3, 0, 1, 3, 0, 0, 2, 0, 1, 0, 1, 0, 0, 0, 1, 0, 0, 2, 0, 0, 1, 0, 0, 3, 0, 1, 0, 2, 0, 0, 3, 0, 1, 3, 0, 0, 0, 0, 1, 3, 0, 0, 1, 0, 2, 0, 0, 0, 0, 0, 1, 0, 1, 0, 1, 1, 0, 2, 0, 2, 0, 0, 0, 0, 0, 2, 0, 0, 1, 0, 0, 1, 0, 0, 3, 0, 0, 1, 2, 0, 0, 0, 0, 0, 3, 1, 0, 2, 1, 3, 0, 0, 0, 1, 0, 0],882.9438068981488,49877.554644704585,107717.62812963048,false
28,G3_TWC,G3_TWC,[31, 22, 82, 15, 26, 58, 95, 42, 77, 12, 47, 5, 93, 78, 98, 54, 85, 63, 18, 44, 20, 35, 43, 97, 91, 76, 10, 30, 21, 45, 71, 64, 1, 23, 17, 83, 24, 14, 60, 36, 6, 57, 94, 88, 65, 56, 79, 40, 67, 68, 46, 75, 38, 9, 19, 32, 81, 41, 27, 62, 87, 90, 99, 59, 11, 16, 72, 73, 70, 39, 37, 84, 3, 92, 25, 55, 28, 29, 51, 7, 33, 61, 86, 66, 89, 50, 48, 96, 53, 8, 80, 4, 34, 49, 52, 0, 13, 69, 2, 74]|[1, 1, 0, 1, 1, 1, 2, 1, 2, 1, 2, 2, 2, 1, 1, 0, 0, 1, 0, 2, 2, 0, 1, 2, 0, 1, 2, 2, 0, 0, 1, 2, 1, 2, 1, 0, 2, 0, 1, 1, 0, 1, 1, 1, 0, 2, 1, 1, 0, 0, 0, 0, 1, 1, 2, 1, 2, 0, 0, 0, 2, 1, 0, 1, 2, 1, 2, 1, 1, 1, 1, 1, 1, 0, 1, 1, 0, 0, 0, 1, 2, 1, 0, 2, 1, 0, 0, 0, 0, 1, 0, 0, 2, 0, 1, 0, 0, 1, 0, 2]|[4, 3, 2, 2, 0, 0, 2, 2, 2, 4, 1, 1, 2, 4, 4, 1, 2, 4, 2, 1, 1, 1, 1, 2, 1, 2, 1, 1, 1, 1, 3, 2, 3, 0, 4, 0, 1, 1, 0, 3, 2, 2, 4, 0, 1, 1, 0, 2, 0, 1, 2, 2, 1, 4, 0, 3, 2, 1, 1, 2, 1, 3, 1, 1, 1, 3, 0, 4, 3, 1, 4, 1, 1, 2, 4, 4, 2, 1, 1, 3, 1, 3, 1, 1, 1, 1, 1, 1, 2, 3, 1, 2, 1, 1, 1, 2, 2, 3, 2, 1]|[0, 2, 1, 1, 3, 3, 0, 1, 0, 0, 0, 0, 1, 0, 1, 0, 0, 3, 1, 0, 0, 0, 3, 1, 0, 2, 0, 0, 0, 1, 0, 0, 0, 0, 3, 0, 1, 0, 0, 2, 1, 1, 2, 0, 0, 0, 0, 1, 1, 0, 0, 0, 1, 3, 0, 0, 1, 0, 0, 1, 0, 2, 0, 1, 0, 2, 1, 0, 0, 1, 1, 3, 1, 1, 3, 3, 1, 0, 0, 2, 0, 0, 0, 0, 1, 0, 0, 0, 1, 2, 0, 1, 0, 1, 1, 0, 0, 0, 0, 0],802.1274951829081,57956.38699448537,89691.2003308727,false
28,G1_CMAX,G4_BALANCED,[31, 11, 15, 82, 26, 9, 95, 32, 77, 68, 47, 5, 93, 78, 86, 54, 85, 63, 18, 44, 20, 49, 36, 14, 74, 50, 53, 17, 21, 45, 71, 64, 3, 23, 30, 83, 24, 41, 60, 52, 65, 27, 90, 70, 39, 87, 48, 69, 99, 4, 46, 1, 13, 58, 97, 59, 28, 8, 73, 37, 35, 79, 22, 66, 76, 42, 40, 80, 96, 6, 16, 61, 33, 7, 57, 34, 12, 67, 10, 98, 56, 88, 29, 75, 91, 38, 19, 92, 43, 84, 51, 72, 81, 0, 2, 55, 94, 89, 62, 25]|[2, 1, 1, 2, 1, 2, 1, 1, 1, 1, 1, 0, 2, 2, 1, 2, 0, 0, 0, 2, 2, 1, 0, 2, 0, 2, 2, 1, 0, 1, 1, 1, 0, 0, 1, 0, 2, 1, 2, 2, 0, 0, 1, 1, 0, 2, 0, 2, 1, 0, 0, 2, 0, 0, 2, 0, 1, 1, 0, 0, 2, 1, 0, 2, 2, 0, 2, 2, 0, 1, 2, 1, 1, 2, 0, 1, 1, 1, 1, 2, 2, 1, 1, 0, 1, 0, 1, 0, 1, 0, 1, 1, 1, 0, 2, 0, 2, 1, 1, 1]|[1, 3, 2, 0, 4, 1, 4, 4, 2, 4, 3, 2, 1, 0, 2, 1, 1, 1, 2, 1, 1, 3, 0, 1, 0, 1, 1, 4, 1, 4, 3, 2, 2, 0, 4, 1, 1, 4, 0, 1, 2, 1, 4, 4, 1, 1, 0, 2, 3, 2, 2, 1, 2, 1, 1, 2, 4, 3, 0, 2, 2, 3, 1, 0, 1, 2, 0, 1, 2, 4, 1, 3, 4, 1, 2, 4, 3, 3, 3, 1, 1, 4, 3, 2, 3, 2, 4, 2, 4, 2, 3, 4, 1, 2, 1, 2, 1, 4, 3, 4]|[1, 2, 1, 0, 3, 0, 1, 3, 0, 0, 2, 0, 1, 0, 1, 0, 0, 0, 1, 0, 0, 2, 0, 0, 1, 0, 0, 3, 0, 1, 0, 2, 0, 1, 3, 0, 1, 3, 1, 0, 0, 0, 1, 3, 0, 0, 1, 0, 2, 0, 0, 0, 0, 0, 1, 0, 1, 0, 1, 1, 0, 2, 0, 0, 0, 0, 0, 0, 0, 2, 0, 0, 1, 0, 0, 1, 0, 0, 3, 0, 0, 1, 0, 0, 0, 0, 3, 0, 2, 0, 0, 2, 1, 0, 0, 0, 0, 1, 0, 3],846.6109372053031,52128.769557101376,106800.59864073119,true
28,G4_BALANCED,G4_BALANCED,[31, 22, 82, 15, 26, 58, 95, 42, 77, 12, 47, 5, 93, 78, 86, 54, 85, 63, 18, 72, 20, 35, 43, 97, 91, 76, 10, 30, 21, 45, 71, 64, 1, 23, 17, 83, 24, 14, 60, 36, 6, 57, 40, 88, 65, 56, 79, 94, 67, 41, 46, 75, 38, 9, 19, 32, 68, 81, 27, 87, 90, 99, 59, 62, 11, 16, 73, 70, 39, 37, 84, 3, 44, 92, 25, 55, 28, 29, 51, 7, 66, 61, 98, 48, 89, 50, 4, 96, 53, 80, 8, 33, 34, 2, 52, 13, 0, 69, 74, 49]|[1, 1, 0, 1, 1, 0, 1, 2, 2, 1, 2, 2, 2, 1, 1, 0, 0, 1, 0, 2, 2, 0, 0, 2, 0, 1, 2, 2, 0, 0, 1, 2, 1, 2, 1, 0, 2, 0, 1, 1, 0, 1, 1, 1, 0, 2, 1, 1, 0, 0, 0, 0, 1, 1, 2, 1, 0, 2, 0, 2, 2, 0, 1, 2, 2, 1, 1, 1, 1, 1, 1, 1, 2, 0, 1, 1, 0, 0, 0, 1, 2, 1, 2, 0, 1, 0, 1, 2, 0, 0, 1, 2, 2, 0, 1, 0, 0, 1, 2, 0]|[4, 3, 2, 2, 4, 1, 2, 2, 2, 4, 1, 1, 2, 4, 4, 1, 2, 4, 2, 1, 1, 1, 1, 2, 1, 2, 1, 1, 2, 1, 3, 2, 3, 1, 4, 0, 1, 1, 0, 3, 2, 2, 2, 0, 1, 1, 0, 4, 0, 1, 2, 2, 1, 4, 0, 3, 1, 2, 1, 1, 1, 1, 1, 1, 1, 3, 4, 3, 1, 4, 1, 1, 1, 0, 4, 4, 2, 1, 1, 1, 1, 3, 1, 1, 1, 1, 4, 1, 2, 1, 3, 1, 1, 2, 1, 2, 2, 4, 1, 1]|[0, 2, 1, 1, 3, 0, 1, 0, 0, 0, 0, 0, 1, 0, 1, 0, 0, 3, 1, 0, 0, 0, 0, 1, 0, 2, 0, 0, 0, 1, 0, 0, 0, 0, 3, 0, 1, 0, 0, 2, 1, 1, 1, 0, 0, 0, 0, 2, 1, 0, 0, 0, 1, 3, 0, 0, 0, 1, 0, 0, 0, 0, 1, 0, 0, 2, 0, 0, 1, 1, 3, 1, 0, 1, 3, 3, 1, 0, 0, 2, 0, 0, 0, 0, 1, 0, 0, 0, 1, 0, 2, 0, 0, 0, 1, 0, 0, 2, 0, 1],776.1715367926818,55683.596597233634,97071.01728146299,false
28,G2_TEC,G2_TEC,[31, 22, 82, 15, 26, 9, 95, 42, 77, 68, 47, 5, 93, 78, 86, 54, 85, 63, 18, 44, 20, 49, 36, 14, 74, 50, 53, 17, 21, 28, 11, 64, 3, 23, 30, 83, 24, 41, 40, 52, 65, 27, 90, 70, 39, 87, 48, 69, 99, 4, 46, 1, 13, 58, 97, 59, 45, 8, 73, 37, 35, 79, 71, 66, 76, 32, 60, 80, 96, 6, 16, 61, 33, 7, 57, 34, 12, 67, 10, 98, 56, 88, 43, 75, 91, 38, 84, 92, 29, 19, 51, 72, 89, 25, 2, 55, 62, 81, 94, 0]|[2, 1, 2, 1, 1, 2, 1, 1, 1, 1, 1, 0, 2, 2, 1, 2, 0, 0, 0, 2, 2, 1, 0, 2, 0, 2, 2, 1, 0, 1, 1, 1, 0, 0, 1, 0, 2, 1, 2, 2, 0, 0, 1, 1, 0, 2, 0, 2, 1, 0, 0, 2, 0, 0, 2, 0, 1, 1, 0, 0, 2, 1, 1, 1, 2, 0, 2, 2, 0, 1, 2, 1, 1, 2, 0, 1, 2, 1, 1, 2, 2, 1, 1, 0, 1, 0, 0, 0, 1, 1, 1, 1, 1, 1, 2, 0, 1, 1, 2, 0]|[0, 3, 0, 3, 4, 1, 4, 4, 2, 4, 3, 2, 1, 0, 2, 1, 1, 1, 2, 1, 1, 3, 0, 1, 0, 1, 1, 4, 1, 4, 3, 2, 2, 0, 4, 1, 1, 4, 1, 1, 2, 1, 4, 4, 1, 1, 0, 2, 3, 2, 2, 1, 2, 1, 1, 2, 4, 3, 0, 2, 2, 3, 3, 1, 1, 2, 1, 1, 2, 4, 1, 3, 4, 1, 2, 4, 1, 3, 3, 1, 1, 4, 4, 2, 3, 2, 2, 2, 3, 4, 3, 4, 4, 4, 1, 2, 3, 4, 1, 2]|[0, 2, 0, 0, 3, 0, 1, 3, 0, 0, 2, 0, 1, 0, 1, 0, 0, 0, 1, 0, 0, 2, 0, 0, 1, 0, 0, 3, 0, 1, 0, 2, 0, 0, 3, 0, 1, 3, 0, 0, 0, 0, 1, 3, 0, 0, 1, 0, 2, 0, 0, 0, 0, 0, 1, 0, 1, 0, 1, 1, 0, 2, 0, 2, 0, 0, 0, 0, 0, 2, 0, 0, 1, 0, 0, 1, 0, 0, 3, 0, 0, 1, 2, 0, 0, 0, 0, 0, 3, 1, 0, 2, 1, 3, 0, 0, 0, 1, 0, 0],882.9438068981488,49877.554644704585,107717.62812963048,false
28,G3_TWC,G3_TWC,[31, 22, 82, 15, 26, 58, 95, 42, 77, 12, 47, 5, 93, 78, 98, 54, 85, 63, 18, 44, 20, 35, 43, 97, 91, 76, 10, 30, 21, 45, 71, 64, 1, 23, 17, 83, 24, 14, 60, 36, 6, 57, 94, 88, 65, 56, 79, 40, 67, 68, 46, 75, 38, 9, 19, 32, 81, 41, 27, 62, 87, 90, 99, 59, 11, 16, 72, 73, 70, 39, 37, 84, 3, 92, 25, 55, 28, 29, 51, 7, 33, 61, 86, 66, 89, 50, 48, 96, 53, 8, 80, 4, 34, 49, 52, 0, 13, 69, 2, 74]|[1, 1, 0, 1, 1, 1, 2, 1, 2, 1, 2, 2, 2, 1, 1, 0, 0, 1, 0, 2, 2, 0, 1, 2, 0, 1, 2, 2, 0, 0, 1, 2, 1, 2, 1, 0, 2, 0, 1, 1, 0, 1, 1, 1, 0, 2, 1, 1, 0, 0, 0, 0, 1, 1, 2, 1, 2, 0, 0, 0, 2, 1, 0, 1, 2, 1, 2, 1, 1, 1, 1, 1, 1, 0, 1, 1, 0, 0, 0, 1, 2, 1, 0, 2, 1, 0, 0, 0, 0, 1, 0, 0, 2, 0, 1, 0, 0, 1, 0, 2]|[4, 3, 2, 2, 0, 0, 2, 2, 2, 4, 1, 1, 2, 4, 4, 1, 2, 4, 2, 1, 1, 1, 1, 2, 1, 2, 1, 1, 1, 1, 3, 2, 3, 0, 4, 0, 1, 1, 0, 3, 2, 2, 4, 0, 1, 1, 0, 2, 0, 1, 2, 2, 1, 4, 0, 3, 2, 1, 1, 2, 1, 3, 1, 1, 1, 3, 0, 4, 3, 1, 4, 1, 1, 2, 4, 4, 2, 1, 1, 3, 1, 3, 1, 1, 1, 1, 1, 1, 2, 3, 1, 2, 1, 1, 1, 2, 2, 3, 2, 1]|[0, 2, 1, 1, 3, 3, 0, 1, 0, 0, 0, 0, 1, 0, 1, 0, 0, 3, 1, 0, 0, 0, 3, 1, 0, 2, 0, 0, 0, 1, 0, 0, 0, 0, 3, 0, 1, 0, 0, 2, 1, 1, 2, 0, 0, 0, 0, 1, 1, 0, 0, 0, 1, 3, 0, 0, 1, 0, 0, 1, 0, 2, 0, 1, 0, 2, 1, 0, 0, 1, 1, 3, 1, 1, 3, 3, 1, 0, 0, 2, 0, 0, 0, 0, 1, 0, 0, 0, 1, 2, 0, 1, 0, 1, 1, 0, 0, 0, 0, 0],802.1274951829081,57956.38699448537,89691.2003308727,false
28,G1_CMAX,G4_BALANCED,[31, 11, 15, 82, 26, 9, 95, 32, 77, 68, 47, 5, 93, 78, 86, 54, 85, 63, 18, 44, 20, 49, 36, 14, 74, 50, 53, 17, 21, 45, 71, 64, 3, 23, 30, 83, 24, 41, 60, 52, 65, 27, 90, 70, 39, 87, 48, 69, 99, 4, 46, 1, 13, 58, 97, 59, 28, 8, 73, 37, 35, 79, 22, 66, 76, 42, 40, 80, 96, 6, 16, 61, 33, 7, 57, 34, 12, 67, 10, 98, 56, 88, 29, 75, 91, 38, 19, 92, 43, 84, 51, 72, 81, 0, 2, 55, 94, 89, 62, 25]|[2, 1, 1, 2, 1, 2, 1, 1, 1, 1, 1, 0, 2, 2, 1, 2, 0, 0, 0, 2, 2, 1, 0, 2, 0, 2, 2, 1, 0, 1, 1, 1, 0, 0, 1, 0, 2, 1, 2, 2, 0, 0, 1, 1, 0, 2, 0, 2, 1, 0, 0, 2, 0, 0, 2, 0, 1, 1, 0, 0, 2, 1, 0, 2, 2, 0, 2, 2, 0, 1, 2, 1, 1, 2, 0, 1, 1, 1, 1, 2, 2, 1, 1, 0, 1, 0, 1, 0, 1, 0, 1, 1, 1, 0, 2, 0, 2, 1, 1, 1]|[1, 3, 2, 0, 4, 1, 4, 4, 2, 4, 3, 2, 1, 0, 2, 1, 1, 1, 2, 1, 1, 3, 0, 1, 0, 1, 1, 4, 1, 4, 3, 2, 2, 0, 4, 1, 1, 4, 0, 1, 2, 1, 4, 4, 1, 1, 0, 2, 3, 2, 2, 1, 2, 1, 1, 2, 4, 3, 0, 2, 2, 3, 1, 0, 1, 2, 0, 1, 2, 4, 1, 3, 4, 1, 2, 4, 3, 3, 3, 1, 1, 4, 3, 2, 3, 2, 4, 2, 4, 2, 3, 4, 1, 2, 1, 2, 1, 4, 3, 4]|[1, 2, 1, 0, 3, 0, 1, 3, 0, 0, 2, 0, 1, 0, 1, 0, 0, 0, 1, 0, 0, 2, 0, 0, 1, 0, 0, 3, 0, 1, 0, 2, 0, 1, 3, 0, 1, 3, 1, 0, 0, 0, 1, 3, 0, 0, 1, 0, 2, 0, 0, 0, 0, 0, 1, 0, 1, 0, 1, 1, 0, 2, 0, 0, 0, 0, 0, 0, 0, 2, 0, 0, 1, 0, 0, 1, 0, 0, 3, 0, 0, 1, 0, 0, 0, 0, 3, 0, 2, 0, 0, 2, 1, 0, 0, 0, 0, 1, 0, 3],846.6109372053031,52128.769557101376,106800.59864073119,true
28,G4_BALANCED,G4_BALANCED,[31, 22, 82, 15, 26, 58, 95, 42, 77, 12, 47, 5, 93, 78, 86, 54, 85, 63, 18, 72, 20, 35, 43, 97, 91, 76, 10, 30, 21, 45, 71, 64, 1, 23, 17, 83, 24, 14, 60, 36, 6, 57, 40, 88, 65, 56, 79, 94, 67, 41, 46, 75, 38, 9, 19, 32, 68, 81, 27, 87, 90, 99, 59, 62, 11, 16, 73, 70, 39, 37, 84, 3, 44, 92, 25, 55, 28, 29, 51, 7, 66, 61, 98, 48, 89, 50, 4, 96, 53, 80, 8, 33, 34, 2, 52, 13, 0, 69, 74, 49]|[1, 1, 0, 1, 1, 0, 1, 2, 2, 1, 2, 2, 2, 1, 1, 0, 0, 1, 0, 2, 2, 0, 0, 2, 0, 1, 2, 2, 0, 0, 1, 2, 1, 2, 1, 0, 2, 0, 1, 1, 0, 1, 1, 1, 0, 2, 1, 1, 0, 0, 0, 0, 1, 1, 2, 1, 0, 2, 0, 2, 2, 0, 1, 2, 2, 1, 1, 1, 1, 1, 1, 1, 2, 0, 1, 1, 0, 0, 0, 1, 2, 1, 2, 0, 1, 0, 1, 2, 0, 0, 1, 2, 2, 0, 1, 0, 0, 1, 2, 0]|[4, 3, 2, 2, 4, 1, 2, 2, 2, 4, 1, 1, 2, 4, 4, 1, 2, 4, 2, 1, 1, 1, 1, 2, 1, 2, 1, 1, 2, 1, 3, 2, 3, 1, 4, 0, 1, 1, 0, 3, 2, 2, 2, 0, 1, 1, 0, 4, 0, 1, 2, 2, 1, 4, 0, 3, 1, 2, 1, 1, 1, 1, 1, 1, 1, 3, 4, 3, 1, 4, 1, 1, 1, 0, 4, 4, 2, 1, 1, 1, 1, 3, 1, 1, 1, 1, 4, 1, 2, 1, 3, 1, 1, 2, 1, 2, 2, 4, 1, 1]|[0, 2, 1, 1, 3, 0, 1, 0, 0, 0, 0, 0, 1, 0, 1, 0, 0, 3, 1, 0, 0, 0, 0, 1, 0, 2, 0, 0, 0, 1, 0, 0, 0, 0, 3, 0, 1, 0, 0, 2, 1, 1, 1, 0, 0, 0, 0, 2, 1, 0, 0, 0, 1, 3, 0, 0, 0, 1, 0, 0, 0, 0, 1, 0, 0, 2, 0, 0, 1, 1, 3, 1, 0, 1, 3, 3, 1, 0, 0, 2, 0, 0, 0, 0, 1, 0, 0, 0, 1, 0, 2, 0, 0, 0, 1, 0, 0, 2, 0, 1],776.1715367926818,55683.596597233634,97071.01728146299,false
28,G2_TEC,G2_TEC,[31, 22, 82, 15, 26, 9, 95, 42, 77, 68, 47, 5, 93, 78, 86, 54, 85, 63, 18, 44, 20, 49, 36, 14, 74, 50, 53, 17, 21, 28, 11, 64, 3, 23, 30, 83, 24, 41, 40, 52, 65, 27, 90, 70, 39, 87, 48, 69, 99, 4, 46, 1, 13, 58, 97, 59, 45, 8, 73, 37, 35, 79, 71, 66, 76, 32, 60, 80, 96, 6, 16, 61, 33, 7, 57, 34, 12, 67, 10, 98, 56, 88, 43, 75, 91, 38, 84, 92, 29, 19, 51, 72, 89, 25, 2, 55, 62, 81, 94, 0]|[2, 1, 2, 1, 1, 2, 1, 1, 1, 1, 1, 0, 2, 2, 1, 2, 0, 0, 0, 2, 2, 1, 0, 2, 0, 2, 2, 1, 0, 1, 1, 1, 0, 0, 1, 0, 2, 1, 2, 2, 0, 0, 1, 1, 0, 2, 0, 2, 1, 0, 0, 2, 0, 0, 2, 0, 1, 1, 0, 0, 2, 1, 1, 1, 2, 0, 2, 2, 0, 1, 2, 1, 1, 2, 0, 1, 2, 1, 1, 2, 2, 1, 1, 0, 1, 0, 0, 0, 1, 1, 1, 1, 1, 1, 2, 0, 1, 1, 2, 0]|[0, 3, 0, 3, 4, 1, 4, 4, 2, 4, 3, 2, 1, 0, 2, 1, 1, 1, 2, 1, 1, 3, 0, 1, 0, 1, 1, 4, 1, 4, 3, 2, 2, 0, 4, 1, 1, 4, 1, 1, 2, 1, 4, 4, 1, 1, 0, 2, 3, 2, 2, 1, 2, 1, 1, 2, 4, 3, 0, 2, 2, 3, 3, 1, 1, 2, 1, 1, 2, 4, 1, 3, 4, 1, 2, 4, 1, 3, 3, 1, 1, 4, 4, 2, 3, 2, 2, 2, 3, 4, 3, 4, 4, 4, 1, 2, 3, 4, 1, 2]|[0, 2, 0, 0, 3, 0, 1, 3, 0, 0, 2, 0, 1, 0, 1, 0, 0, 0, 1, 0, 0, 2, 0, 0, 1, 0, 0, 3, 0, 1, 0, 2, 0, 0, 3, 0, 1, 3, 0, 0, 0, 0, 1, 3, 0, 0, 1, 0, 2, 0, 0, 0, 0, 0, 1, 0, 1, 0, 1, 1, 0, 2, 0, 2, 0, 0, 0, 0, 0, 2, 0, 0, 1, 0, 0, 1, 0, 0, 3, 0, 0, 1, 2, 0, 0, 0, 0, 0, 3, 1, 0, 2, 1, 3, 0, 0, 0, 1, 0, 0],882.9438068981488,49877.554644704585,107717.62812963048,false
28,G3_TWC,G3_TWC,[31, 22, 82, 15, 26, 58, 95, 42, 77, 12, 47, 5, 93, 78, 98, 54, 85, 63, 18, 44, 20, 35, 43, 97, 91, 76, 10, 30, 21, 45, 71, 64, 1, 23, 17, 83, 24, 14, 60, 36, 6, 57, 94, 88, 65, 56, 79, 40, 67, 68, 46, 75, 38, 9, 19, 32, 81, 41, 27, 62, 87, 90, 99, 59, 11, 16, 72, 73, 70, 39, 37, 84, 3, 92, 25, 55, 28, 29, 51, 7, 33, 61, 86, 66, 89, 50, 48, 96, 53, 8, 80, 4, 34, 49, 52, 0, 13, 69, 2, 74]|[1, 1, 0, 1, 1, 1, 2, 1, 2, 1, 2, 2, 2, 1, 1, 0, 0, 1, 0, 2, 2, 0, 1, 2, 0, 1, 2, 2, 0, 0, 1, 2, 1, 2, 1, 0, 2, 0, 1, 1, 0, 1, 1, 1, 0, 2, 1, 1, 0, 0, 0, 0, 1, 1, 2, 1, 2, 0, 0, 0, 2, 1, 0, 1, 2, 1, 2, 1, 1, 1, 1, 1, 1, 0, 1, 1, 0, 0, 0, 1, 2, 1, 0, 2, 1, 0, 0, 0, 0, 1, 0, 0, 2, 0, 1, 0, 0, 1, 0, 2]|[4, 3, 2, 2, 0, 0, 2, 2, 2, 4, 1, 1, 2, 4, 4, 1, 2, 4, 2, 1, 1, 1, 1, 2, 1, 2, 1, 1, 1, 1, 3, 2, 3, 0, 4, 0, 1, 1, 0, 3, 2, 2, 4, 0, 1, 1, 0, 2, 0, 1, 2, 2, 1, 4, 0, 3, 2, 1, 1, 2, 1, 3, 1, 1, 1, 3, 0, 4, 3, 1, 4, 1, 1, 2, 4, 4, 2, 1, 1, 3, 1, 3, 1, 1, 1, 1, 1, 1, 2, 3, 1, 2, 1, 1, 1, 2, 2, 3, 2, 1]|[0, 2, 1, 1, 3, 3, 0, 1, 0, 0, 0, 0, 1, 0, 1, 0, 0, 3, 1, 0, 0, 0, 3, 1, 0, 2, 0, 0, 0, 1, 0, 0, 0, 0, 3, 0, 1, 0, 0, 2, 1, 1, 2, 0, 0, 0, 0, 1, 1, 0, 0, 0, 1, 3, 0, 0, 1, 0, 0, 1, 0, 2, 0, 1, 0, 2, 1, 0, 0, 1, 1, 3, 1, 1, 3, 3, 1, 0, 0, 2, 0, 0, 0, 0, 1, 0, 0, 0, 1, 2, 0, 1, 0, 1, 1, 0, 0, 0, 0, 0],802.1274951829081,57956.38699448537,89691.2003308727,false
28,G1_CMAX,G1_CMAX,[31, 22, 82, 15, 26, 99, 95, 42, 77, 12, 47, 5, 93, 78, 86, 54, 21, 63, 18, 44, 20, 35, 43, 97, 91, 76, 10, 30, 85, 45, 71, 64, 1, 23, 17, 83, 24, 14, 60, 36, 6, 57, 40, 88, 65, 56, 79, 94, 67, 68, 46, 75, 38, 9, 19, 32, 41, 81, 27, 87, 62, 90, 58, 59, 16, 72, 73, 11, 70, 39, 37, 84, 3, 92, 25, 55, 28, 29, 51, 7, 33, 61, 98, 48, 89, 50, 66, 96, 53, 80, 8, 4, 34, 49, 52, 2, 13, 0, 69, 74]|[1, 1, 0, 1, 1, 0, 1, 2, 2, 1, 2, 2, 2, 1, 1, 0, 0, 1, 0, 2, 2, 0, 1, 2, 0, 1, 2, 2, 0, 0, 1, 2, 1, 2, 1, 0, 2, 0, 1, 1, 0, 1, 1, 1, 0, 2, 1, 1, 0, 0, 0, 0, 1, 1, 2, 1, 0, 2, 0, 2, 0, 1, 0, 1, 1, 2, 1, 2, 1, 1, 1, 1, 1, 0, 1, 2, 0, 0, 0, 1, 2, 1, 2, 0, 1, 0, 2, 2, 0, 0, 1, 1, 2, 0, 1, 0, 0, 0, 1, 2]|[4, 3, 2, 2, 4, 1, 2, 2, 2, 4, 1, 1, 2, 4, 4, 1, 1, 4, 2, 1, 1, 1, 1, 2, 1, 2, 1, 1, 2, 1, 3, 2, 3, 1, 4, 0, 1, 1, 0, 3, 2, 2, 2, 0, 1, 1, 0, 4, 0, 1, 2, 2, 1, 4, 0, 3, 1, 2, 1, 1, 2, 3, 1, 1, 3, 0, 4, 1, 3, 1, 4, 1, 1, 2, 4, 1, 2, 1, 1, 1, 1, 3, 1, 1, 1, 1, 1, 1, 2, 1, 3, 4, 1, 1, 1, 2, 2, 2, 4, 1]|[0, 2, 1, 1, 3, 0, 1, 0, 0, 0, 0, 0, 1, 0, 1, 0, 0, 3, 1, 0, 0, 0, 3, 1, 0, 2, 0, 0, 0, 1, 0, 0, 0, 0, 3, 0, 1, 0, 0, 2, 1, 1, 1, 0, 0, 0, 0, 2, 1, 0, 0, 0, 1, 3, 0, 0, 0, 1, 0, 0, 1, 2, 0, 1, 2, 1, 0, 0, 0, 1, 1, 3, 1, 1, 3, 0, 1, 0, 0, 2, 0, 0, 0, 0, 1, 0, 0, 0, 1, 0, 2, 0, 0, 1, 1, 0, 0, 0, 2, 0],738.4194166117259,56509.42215828749,93736.02605731931,false
28,G4_BALANCED,G4_BALANCED,[31, 22, 82, 15, 26, 58, 95, 42, 77, 12, 47, 5, 93, 78, 86, 54, 85, 63, 18, 72, 20, 35, 43, 97, 91, 76, 10, 30, 21, 45, 71, 64, 1, 23, 17, 83, 24, 14, 60, 36, 6, 57, 40, 88, 65, 56, 79, 94, 67, 41, 46, 75, 38, 9, 19, 32, 68, 81, 27, 87, 90, 99, 59, 62, 11, 16, 73, 70, 39, 37, 84, 3, 44, 92, 25, 55, 28, 29, 51, 7, 66, 61, 98, 48, 89, 50, 4, 96, 53, 80, 8, 33, 34, 2, 52, 13, 0, 69, 74, 49]|[1, 1, 0, 1, 1, 0, 1, 2, 2, 1, 2, 2, 2, 1, 1, 0, 0, 1, 0, 2, 2, 0, 0, 2, 0, 1, 2, 2, 0, 0, 1, 2, 1, 2, 1, 0, 2, 0, 1, 1, 0, 1, 1, 1, 0, 2, 1, 1, 0, 0, 0, 0, 1, 1, 2, 1, 0, 2, 0, 2, 2, 0, 1, 2, 2, 1, 1, 1, 1, 1, 1, 1, 2, 0, 1, 1, 0, 0, 0, 1, 2, 1, 2, 0, 1, 0, 1, 2, 0, 0, 1, 2, 2, 0, 1, 0, 0, 1, 2, 0]|[4, 3, 2, 2, 4, 1, 2, 2, 2, 4, 1, 1, 2, 4, 4, 1, 2, 4, 2, 1, 1, 1, 1, 2, 1, 2, 1, 1, 2, 1, 3, 2, 3, 1, 4, 0, 1, 1, 0, 3, 2, 2, 2, 0, 1, 1, 0, 4, 0, 1, 2, 2, 1, 4, 0, 3, 1, 2, 1, 1, 1, 1, 1, 1, 1, 3, 4, 3, 1, 4, 1, 1, 1, 0, 4, 4, 2, 1, 1, 1, 1, 3, 1, 1, 1, 1, 4, 1, 2, 1, 3, 1, 1, 2, 1, 2, 2, 4, 1, 1]|[0, 2, 1, 1, 3, 0, 1, 0, 0, 0, 0, 0, 1, 0, 1, 0, 0, 3, 1, 0, 0, 0, 0, 1, 0, 2, 0, 0, 0, 1, 0, 0, 0, 0, 3, 0, 1, 0, 0, 2, 1, 1, 1, 0, 0, 0, 0, 2, 1, 0, 0, 0, 1, 3, 0, 0, 0, 1, 0, 0, 0, 0, 1, 0, 0, 2, 0, 0, 1, 1, 3, 1, 0, 1, 3, 3, 1, 0, 0, 2, 0, 0, 0, 0, 1, 0, 0, 0, 1, 0, 2, 0, 0, 0, 1, 0, 0, 2, 0, 1],776.1715367926818,55683.596597233634,97071.01728146299,false
28,G2_TEC,G2_TEC,[31, 22, 82, 15, 26, 9, 95, 42, 77, 68, 47, 5, 93, 78, 86, 54, 85, 63, 18, 44, 20, 49, 36, 14, 74, 50, 53, 17, 21, 28, 11, 64, 3, 23, 30, 83, 24, 41, 40, 52, 65, 27, 90, 70, 39, 87, 48, 69, 99, 4, 46, 1, 13, 58, 97, 59, 45, 8, 73, 37, 35, 79, 71, 66, 76, 32, 60, 80, 96, 6, 16, 61, 33, 7, 57, 34, 12, 67, 10, 98, 56, 88, 43, 75, 91, 38, 84, 92, 29, 19, 51, 72, 89, 25, 2, 55, 62, 81, 94, 0]|[2, 1, 2, 1, 1, 2, 1, 1, 1, 1, 1, 0, 2, 2, 1, 2, 0, 0, 0, 2, 2, 1, 0, 2, 0, 2, 2, 1, 0, 1, 1, 1, 0, 0, 1, 0, 2, 1, 2, 2, 0, 0, 1, 1, 0, 2, 0, 2, 1, 0, 0, 2, 0, 0, 2, 0, 1, 1, 0, 0, 2, 1, 1, 1, 2, 0, 2, 2, 0, 1, 2, 1, 1, 2, 0, 1, 2, 1, 1, 2, 2, 1, 1, 0, 1, 0, 0, 0, 1, 1, 1, 1, 1, 1, 2, 0, 1, 1, 2, 0]|[0, 3, 0, 3, 4, 1, 4, 4, 2, 4, 3, 2, 1, 0, 2, 1, 1, 1, 2, 1, 1, 3, 0, 1, 0, 1, 1, 4, 1, 4, 3, 2, 2, 0, 4, 1, 1, 4, 1, 1, 2, 1, 4, 4, 1, 1, 0, 2, 3, 2, 2, 1, 2, 1, 1, 2, 4, 3, 0, 2, 2, 3, 3, 1, 1, 2, 1, 1, 2, 4, 1, 3, 4, 1, 2, 4, 1, 3, 3, 1, 1, 4, 4, 2, 3, 2, 2, 2, 3, 4, 3, 4, 4, 4, 1, 2, 3, 4, 1, 2]|[0, 2, 0, 0, 3, 0, 1, 3, 0, 0, 2, 0, 1, 0, 1, 0, 0, 0, 1, 0, 0, 2, 0, 0, 1, 0, 0, 3, 0, 1, 0, 2, 0, 0, 3, 0, 1, 3, 0, 0, 0, 0, 1, 3, 0, 0, 1, 0, 2, 0, 0, 0, 0, 0, 1, 0, 1, 0, 1, 1, 0, 2, 0, 2, 0, 0, 0, 0, 0, 2, 0, 0, 1, 0, 0, 1, 0, 0, 3, 0, 0, 1, 2, 0, 0, 0, 0, 0, 3, 1, 0, 2, 1, 3, 0, 0, 0, 1, 0, 0],882.9438068981488,49877.554644704585,107717.62812963048,false
28,G3_TWC,G3_TWC,[31, 22, 82, 15, 26, 58, 95, 42, 77, 12, 47, 5, 93, 78, 98, 54, 85, 63, 18, 44, 20, 35, 43, 97, 91, 76, 10, 30, 21, 45, 71, 64, 1, 23, 17, 83, 24, 14, 60, 36, 6, 57, 94, 88, 65, 56, 79, 40, 67, 68, 46, 75, 38, 9, 19, 32, 81, 41, 27, 62, 87, 90, 99, 59, 11, 16, 72, 73, 70, 39, 37, 84, 3, 92, 25, 55, 28, 29, 51, 7, 33, 61, 86, 66, 89, 50, 48, 96, 53, 8, 80, 4, 34, 49, 52, 0, 13, 69, 2, 74]|[1, 1, 0, 1, 1, 1, 2, 1, 2, 1, 2, 2, 2, 1, 1, 0, 0, 1, 0, 2, 2, 0, 1, 2, 0, 1, 2, 2, 0, 0, 1, 2, 1, 2, 1, 0, 2, 0, 1, 1, 0, 1, 1, 1, 0, 2, 1, 1, 0, 0, 0, 0, 1, 1, 2, 1, 2, 0, 0, 0, 2, 1, 0, 1, 2, 1, 2, 1, 1, 1, 1, 1, 1, 0, 1, 1, 0, 0, 0, 1, 2, 1, 0, 2, 1, 0, 0, 0, 0, 1, 0, 0, 2, 0, 1, 0, 0, 1, 0, 2]|[4, 3, 2, 2, 0, 0, 2, 2, 2, 4, 1, 1, 2, 4, 4, 1, 2, 4, 2, 1, 1, 1, 1, 2, 1, 2, 1, 1, 1, 1, 3, 2, 3, 0, 4, 0, 1, 1, 0, 3, 2, 2, 4, 0, 1, 1, 0, 2, 0, 1, 2, 2, 1, 4, 0, 3, 2, 1, 1, 2, 1, 3, 1, 1, 1, 3, 0, 4, 3, 1, 4, 1, 1, 2, 4, 4, 2, 1, 1, 3, 1, 3, 1, 1, 1, 1, 1, 1, 2, 3, 1, 2, 1, 1, 1, 2, 2, 3, 2, 1]|[0, 2, 1, 1, 3, 3, 0, 1, 0, 0, 0, 0, 1, 0, 1, 0, 0, 3, 1, 0, 0, 0, 3, 1, 0, 2, 0, 0, 0, 1, 0, 0, 0, 0, 3, 0, 1, 0, 0, 2, 1, 1, 2, 0, 0, 0, 0, 1, 1, 0, 0, 0, 1, 3, 0, 0, 1, 0, 0, 1, 0, 2, 0, 1, 0, 2, 1, 0, 0, 1, 1, 3, 1, 1, 3, 3, 1, 0, 0, 2, 0, 0, 0, 0, 1, 0, 0, 0, 1, 2, 0, 1, 0, 1, 1, 0, 0, 0, 0, 0],802.1274951829081,57956.38699448537,89691.2003308727,false
28,G1_CMAX,G4_BALANCED,[31, 22, 82, 15, 26, 58, 95, 42, 77, 12, 47, 5, 93, 78, 86, 54, 85, 63, 18, 44, 20, 35, 43, 97, 91, 76, 10, 30, 21, 45, 71, 64, 1, 23, 17, 83, 24, 14, 60, 36, 6, 57, 40, 88, 65, 56, 79, 55, 67, 68, 46, 75, 38, 9, 19, 32, 81, 41, 27, 62, 87, 90, 99, 59, 11, 16, 72, 73, 70, 39, 37, 84, 3, 92, 25, 34, 28, 29, 51, 7, 66, 61, 98, 48, 89, 50, 4, 96, 33, 53, 80, 8, 94, 2, 52, 0, 13, 69, 49, 74]|[1, 1, 0, 1, 1, 0, 1, 2, 2, 1, 2, 2, 2, 1, 1, 0, 0, 1, 0, 2, 2, 0, 0, 2, 0, 1, 2, 2, 0, 0, 1, 2, 1, 2, 1, 0, 2, 0, 1, 1, 0, 1, 1, 1, 0, 2, 1, 1, 0, 0, 0, 0, 1, 1, 2, 1, 2, 0, 0, 0, 2, 1, 0, 1, 2, 1, 2, 1, 1, 1, 1, 1, 1, 0, 1, 2, 0, 0, 0, 1, 2, 1, 2, 0, 1, 0, 1, 2, 2, 0, 2, 1, 2, 0, 1, 0, 0, 1, 0, 2]|[4, 3, 2, 2, 0, 1, 2, 2, 2, 4, 1, 1, 2, 4, 4, 1, 2, 4, 2, 1, 1, 1, 1, 2, 1, 2, 1, 1, 1, 1, 3, 2, 3, 1, 4, 0, 1, 1, 0, 3, 2, 2, 2, 0, 1, 1, 0, 4, 0, 1, 2, 2, 1, 4, 0, 3, 2, 1, 1, 2, 1, 3, 1, 1, 1, 3, 1, 4, 3, 1, 4, 1, 1, 0, 4, 1, 2, 1, 1, 3, 1, 3, 1, 1, 1, 1, 4, 1, 1, 2, 1, 3, 1, 2, 1, 2, 2, 4, 1, 1]|[0, 2, 1, 1, 3, 0, 1, 0, 0, 0, 0, 0, 1, 0, 1, 0, 0, 3, 1, 0, 0, 0, 0, 1, 0, 2, 0, 0, 0, 1, 0, 0, 0, 0, 3, 0, 1, 0, 0, 2, 1, 1, 1, 0, 0, 0, 0, 2, 1, 0, 0, 0, 1, 3, 0, 0, 1, 0, 0, 1, 0, 2, 0, 1, 0, 2, 0, 0, 0, 1, 1, 3, 1, 1, 3, 0, 1, 0, 0, 2, 0, 0, 0, 0, 1, 0, 0, 0, 0, 1, 0, 2, 0, 0, 1, 0, 0, 2, 1, 0],789.1439214928944,56237.15689366603,93544.4947195284,true
28,G4_BALANCED,G1_CMAX,[31, 22, 82, 15, 26, 99, 95, 42, 77, 12, 47, 5, 93, 78, 86, 54, 21, 63, 18, 44, 20, 35, 43, 97, 91, 76, 10, 30, 85, 45, 71, 64, 1, 23, 17, 83, 24, 14, 60, 36, 6, 57, 40, 88, 65, 56, 79, 94, 67, 68, 46, 29, 38, 9, 19, 32, 81, 41, 27, 87, 90, 58, 59, 62, 11, 66, 73, 70, 39, 37, 84, 3, 72, 92, 25, 55, 28, 75, 51, 7, 16, 61, 98, 48, 89, 50, 4, 96, 53, 80, 8, 33, 34, 49, 52, 0, 13, 2, 69, 74]|[1, 1, 0, 1, 1, 0, 1, 2, 2, 1, 2, 2, 2, 1, 1, 0, 0, 1, 0, 2, 2, 0, 0, 2, 0, 1, 2, 2, 0, 0, 1, 2, 1, 2, 1, 0, 2, 0, 1, 1, 0, 1, 1, 1, 0, 2, 1, 1, 0, 0, 0, 0, 1, 1, 2, 1, 2, 0, 0, 2, 1, 0, 1, 2, 2, 1, 1, 1, 1, 1, 1, 1, 2, 0, 1, 1, 0, 0, 0, 1, 2, 1, 2, 0, 1, 0, 1, 2, 0, 0, 0, 2, 2, 0, 1, 0, 0, 0, 1, 2]|[4, 3, 2, 2, 4, 1, 2, 2, 2, 4, 1, 1, 2, 4, 4, 1, 2, 4, 2, 1, 1, 1, 1, 2, 1, 2, 1, 1, 2, 1, 3, 2, 3, 1, 4, 0, 1, 1, 0, 3, 2, 2, 2, 0, 1, 1, 0, 4, 0, 1, 2, 2, 1, 4, 0, 3, 2, 1, 1, 1, 3, 1, 1, 1, 1, 3, 4, 3, 1, 4, 1, 1, 1, 0, 4, 4, 2, 1, 1, 1, 1, 3, 1, 1, 1, 1, 4, 1, 2, 1, 1, 1, 1, 1, 1, 2, 2, 2, 4, 1]|[0, 2, 1, 1, 3, 0, 1, 0, 0, 0, 0, 0, 1, 0, 1, 0, 0, 3, 1, 0, 0, 0, 0, 1, 0, 2, 0, 0, 0, 1, 0, 0, 0, 0, 3, 0, 1, 0, 0, 2, 1, 1, 1, 0, 0, 0, 0, 2, 1, 0, 0, 0, 1, 3, 0, 0, 1, 0, 0, 0, 2, 0, 1, 0, 0, 2, 0, 0, 1, 1, 3, 1, 0, 1, 3, 3, 1, 0, 0, 2, 0, 0, 0, 0, 1, 0, 0, 0, 1, 0, 0, 0, 0, 1, 1, 0, 0, 0, 2, 0],772.4340607824951,55654.327352920525,95927.2671261316,true
28,G2_TEC,G2_TEC,[31, 22, 82, 15, 26, 9, 95, 42, 77, 68, 47, 5, 93, 78, 86, 54, 85, 63, 18, 44, 20, 49, 36, 14, 74, 50, 53, 17, 21, 28, 11, 64, 3, 23, 30, 83, 24, 41, 40, 52, 65, 27, 90, 70, 39, 87, 48, 69, 99, 4, 46, 1, 13, 58, 97, 59, 45, 8, 73, 37, 35, 79, 71, 66, 76, 32, 60, 80, 96, 6, 16, 61, 33, 7, 57, 34, 12, 67, 10, 98, 56, 88, 43, 75, 91, 38, 84, 92, 29, 19, 51, 72, 89, 25, 2, 55, 62, 81, 94, 0]|[2, 1, 2, 1, 1, 2, 1, 1, 1, 1, 1, 0, 2, 2, 1, 2, 0, 0, 0, 2, 2, 1, 0, 2, 0, 2, 2, 1, 0, 1, 1, 1, 0, 0, 1, 0, 2, 1, 2, 2, 0, 0, 1, 1, 0, 2, 0, 2, 1, 0, 0, 2, 0, 0, 2, 0, 1, 1, 0, 0, 2, 1, 1, 1, 2, 0, 2, 2, 0, 1, 2, 1, 1, 2, 0, 1, 2, 1, 1, 2, 2, 1, 1, 0, 1, 0, 0, 0, 1, 1, 1, 1, 1, 1, 2, 0, 1, 1, 2, 0]|[0, 3, 0, 3, 4, 1, 4, 4, 2, 4, 3, 2, 1, 0, 2, 1, 1, 1, 2, 1, 1, 3, 0, 1, 0, 1, 1, 4, 1, 4, 3, 2, 2, 0, 4, 1, 1, 4, 1, 1, 2, 1, 4, 4, 1, 1, 0, 2, 3, 2, 2, 1, 2, 1, 1, 2, 4, 3, 0, 2, 2, 3, 3, 1, 1, 2, 1, 1, 2, 4, 1, 3, 4, 1, 2, 4, 1, 3, 3, 1, 1, 4, 4, 2, 3, 2, 2, 2, 3, 4, 3, 4, 4, 4, 1, 2, 3, 4, 1, 2]|[0, 2, 0, 0, 3, 0, 1, 3, 0, 0, 2, 0, 1, 0, 1, 0, 0, 0, 1, 0, 0, 2, 0, 0, 1, 0, 0, 3, 0, 1, 0, 2, 0, 0, 3, 0, 1, 3, 0, 0, 0, 0, 1, 3, 0, 0, 1, 0, 2, 0, 0, 0, 0, 0, 1, 0, 1, 0, 1, 1, 0, 2, 0, 2, 0, 0, 0, 0, 0, 2, 0, 0, 1, 0, 0, 1, 0, 0, 3, 0, 0, 1, 2, 0, 0, 0, 0, 0, 3, 1, 0, 2, 1, 3, 0, 0, 0, 1, 0, 0],882.9438068981488,49877.554644704585,107717.62812963048,false
28,G3_TWC,G3_TWC,[31, 22, 82, 15, 26, 58, 95, 42, 77, 12, 47, 5, 93, 78, 98, 54, 85, 63, 18, 44, 20, 35, 43, 97, 91, 76, 10, 30, 21, 45, 71, 64, 1, 23, 17, 83, 24, 14, 60, 36, 6, 57, 94, 88, 65, 56, 79, 40, 67, 68, 46, 75, 38, 9, 19, 32, 81, 41, 27, 62, 87, 90, 99, 59, 11, 16, 72, 73, 70, 39, 37, 84, 3, 92, 25, 55, 28, 29, 51, 7, 33, 61, 86, 66, 89, 50, 48, 96, 53, 8, 80, 4, 34, 49, 52, 0, 13, 69, 2, 74]|[1, 1, 0, 1, 1, 1, 2, 1, 2, 1, 2, 2, 2, 1, 1, 0, 0, 1, 0, 2, 2, 0, 1, 2, 0, 1, 2, 2, 0, 0, 1, 2, 1, 2, 1, 0, 2, 0, 1, 1, 0, 1, 1, 1, 0, 2, 1, 1, 0, 0, 0, 0, 1, 1, 2, 1, 2, 0, 0, 0, 2, 1, 0, 1, 2, 1, 2, 1, 1, 1, 1, 1, 1, 0, 1, 1, 0, 0, 0, 1, 2, 1, 0, 2, 1, 0, 0, 0, 0, 1, 0, 0, 2, 0, 1, 0, 0, 1, 0, 2]|[4, 3, 2, 2, 0, 0, 2, 2, 2, 4, 1, 1, 2, 4, 4, 1, 2, 4, 2, 1, 1, 1, 1, 2, 1, 2, 1, 1, 1, 1, 3, 2, 3, 0, 4, 0, 1, 1, 0, 3, 2, 2, 4, 0, 1, 1, 0, 2, 0, 1, 2, 2, 1, 4, 0, 3, 2, 1, 1, 2, 1, 3, 1, 1, 1, 3, 0, 4, 3, 1, 4, 1, 1, 2, 4, 4, 2, 1, 1, 3, 1, 3, 1, 1, 1, 1, 1, 1, 2, 3, 1, 2, 1, 1, 1, 2, 2, 3, 2, 1]|[0, 2, 1, 1, 3, 3, 0, 1, 0, 0, 0, 0, 1, 0, 1, 0, 0, 3, 1, 0, 0, 0, 3, 1, 0, 2, 0, 0, 0, 1, 0, 0, 0, 0, 3, 0, 1, 0, 0, 2, 1, 1, 2, 0, 0, 0, 0, 1, 1, 0, 0, 0, 1, 3, 0, 0, 1, 0, 0, 1, 0, 2, 0, 1, 0, 2, 1, 0, 0, 1, 1, 3, 1, 1, 3, 3, 1, 0, 0, 2, 0, 0, 0, 0, 1, 0, 0, 0, 1, 2, 0, 1, 0, 1, 1, 0, 0, 0, 0, 0],802.1274951829081,57956.38699448537,89691.2003308727,false
28,G1_CMAX,G4_BALANCED,[31, 22, 82, 15, 26, 58, 95, 42, 77, 12, 47, 5, 93, 78, 86, 54, 85, 63, 18, 72, 20, 35, 43, 97, 91, 76, 10, 30, 21, 45, 71, 64, 1, 23, 17, 83, 24, 14, 60, 36, 6, 57, 40, 88, 65, 56, 79, 94, 67, 41, 68, 75, 38, 9, 19, 32, 81, 55, 27, 62, 87, 90, 99, 59, 11, 16, 73, 70, 39, 37, 84, 3, 44, 92, 25, 46, 28, 29, 51, 7, 66, 61, 98, 48, 89, 50, 4, 96, 53, 80, 8, 33, 34, 2, 52, 13, 0, 69, 74, 49]|[1, 1, 0, 1, 1, 0, 1, 1, 2, 1, 2, 2, 2, 1, 1, 0, 0, 1, 0, 2, 2, 0, 0, 2, 0, 1, 2, 2, 0, 0, 1, 2, 1, 2, 1, 0, 2, 0, 1, 1, 0, 1, 1, 1, 0, 2, 1, 1, 0, 0, 0, 0, 1, 1, 2, 1, 2, 0, 0, 0, 2, 1, 1, 2, 2, 1, 1, 1, 1, 1, 1, 1, 2, 0, 1, 0, 2, 0, 0, 1, 2, 1, 2, 0, 1, 0, 0, 2, 0, 0, 1, 2, 2, 0, 1, 0, 0, 1, 2, 0]|[4, 3, 2, 2, 4, 1, 2, 3, 2, 4, 1, 1, 2, 4, 4, 1, 2, 4, 2, 1, 1, 1, 1, 2, 1, 2, 1, 1, 2, 1, 3, 2, 3, 1, 4, 0, 1, 1, 0, 3, 2, 2, 2, 0, 1, 1, 0, 4, 0, 1, 2, 2, 1, 4, 0, 3, 2, 1, 1, 2, 1, 3, 1, 1, 1, 3, 4, 3, 1, 4, 1, 1, 1, 0, 4, 2, 1, 1, 1, 1, 1, 3, 1, 1, 1, 1, 2, 1, 2, 1, 3, 1, 1, 2, 1, 2, 2, 4, 1, 1]|[0, 2, 1, 1, 3, 0, 1, 3, 0, 0, 0, 0, 1, 0, 1, 0, 0, 3, 1, 0, 0, 0, 0, 1, 0, 2, 0, 0, 0, 1, 0, 0, 0, 0, 3, 0, 1, 0, 0, 2, 1, 1, 1, 0, 0, 0, 0, 2, 1, 0, 0, 0, 1, 3, 0, 0, 1, 0, 0, 1, 0, 2, 1, 0, 0, 2, 0, 0, 1, 1, 3, 1, 0, 1, 3, 0, 0, 0, 0, 2, 0, 0, 0, 0, 1, 0, 1, 0, 1, 0, 2, 0, 0, 0, 1, 0, 0, 2, 0, 1],748.1746824614548,55851.7813185282,94955.23350386188,true
28,G4_BALANCED,G1_CMAX,[31, 22, 82, 15, 26, 99, 95, 42, 77, 12, 47, 5, 93, 78, 86, 54, 21, 63, 18, 44, 20, 35, 43, 97, 91, 76, 10, 30, 85, 45, 71, 64, 1, 23, 17, 83, 24, 14, 60, 36, 6, 57, 40, 88, 65, 56, 79, 94, 67, 68, 46, 29, 38, 9, 19, 32, 81, 41, 27, 87, 90, 58, 59, 62, 11, 66, 73, 70, 39, 37, 84, 3, 72, 92, 25, 55, 28, 75, 51, 7, 16, 61, 98, 48, 89, 50, 4, 96, 53, 80, 8, 33, 34, 49, 52, 0, 13, 2, 69, 74]|[1, 1, 0, 1, 1, 0, 1, 2, 2, 1, 2, 2, 2, 1, 1, 0, 0, 1, 0, 2, 2, 0, 0, 2, 0, 1, 2, 2, 0, 0, 1, 2, 1, 2, 1, 0, 2, 0, 1, 1, 0, 1, 1, 1, 0, 2, 1, 1, 0, 0, 0, 0, 1, 1, 2, 1, 2, 0, 0, 2, 1, 0, 1, 2, 2, 1, 1, 1, 1, 1, 1, 1, 2, 0, 1, 1, 0, 0, 0, 1, 2, 1, 2, 0, 1, 0, 1, 2, 0, 0, 0, 2, 2, 0, 1, 0, 0, 0, 1, 2]|[4, 3, 2, 2, 4, 1, 2, 2, 2, 4, 1, 1, 2, 4, 4, 1, 2, 4, 2, 1, 1, 1, 1, 2, 1, 2, 1, 1, 2, 1, 3, 2, 3, 1, 4, 0, 1, 1, 0, 3, 2, 2, 2, 0, 1, 1, 0, 4, 0, 1, 2, 2, 1, 4, 0, 3, 2, 1, 1, 1, 3, 1, 1, 1, 1, 3, 4, 3, 1, 4, 1, 1, 1, 0, 4, 4, 2, 1, 1, 1, 1, 3, 1, 1, 1, 1, 4, 1, 2, 1, 1, 1, 1, 1, 1, 2, 2, 2, 4, 1]|[0, 2, 1, 1, 3, 0, 1, 0, 0, 0, 0, 0, 1, 0, 1, 0, 0, 3, 1, 0, 0, 0, 0, 1, 0, 2, 0, 0, 0, 1, 0, 0, 0, 0, 3, 0, 1, 0, 0, 2, 1, 1, 1, 0, 0, 0, 0, 2, 1, 0, 0, 0, 1, 3, 0, 0, 1, 0, 0, 0, 2, 0, 1, 0, 0, 2, 0, 0, 1, 1, 3, 1, 0, 1, 3, 3, 1, 0, 0, 2, 0, 0, 0, 0, 1, 0, 0, 0, 1, 0, 0, 0, 0, 1, 1, 0, 0, 0, 2, 0],772.4340607824951,55654.327352920525,95927.2671261316,true
28,G2_TEC,G4_BALANCED,[31, 22, 82, 15, 26, 9, 95, 42, 77, 68, 47, 5, 93, 78, 86, 54, 85, 63, 18, 44, 20, 49, 36, 14, 74, 50, 53, 17, 21, 28, 71, 64, 3, 23, 30, 83, 24, 41, 60, 52, 65, 27, 90, 70, 39, 87, 48, 69, 99, 4, 46, 1, 13, 58, 97, 59, 45, 8, 73, 37, 35, 79, 11, 66, 76, 32, 40, 80, 96, 6, 16, 61, 33, 7, 57, 34, 12, 67, 10, 98, 56, 88, 29, 19, 91, 38, 25, 92, 43, 84, 51, 72, 81, 75, 2, 89, 0, 94, 55, 62]|[2, 1, 2, 1, 1, 2, 1, 1, 1, 1, 1, 0, 2, 2, 1, 2, 0, 0, 0, 2, 2, 1, 0, 2, 0, 2, 2, 1, 0, 1, 1, 1, 0, 0, 1, 0, 2, 1, 2, 2, 0, 0, 1, 1, 0, 2, 0, 2, 1, 0, 0, 2, 0, 0, 2, 0, 1, 1, 0, 0, 2, 1, 0, 2, 2, 0, 2, 2, 0, 1, 2, 1, 1, 2, 0, 1, 1, 1, 1, 2, 2, 1, 1, 1, 1, 0, 1, 0, 1, 0, 1, 1, 1, 0, 2, 1, 0, 2, 0, 1]|[0, 3, 0, 2, 4, 1, 4, 4, 2, 4, 3, 2, 1, 0, 2, 1, 1, 1, 2, 1, 1, 3, 0, 1, 0, 1, 1, 4, 1, 4, 3, 2, 2, 0, 4, 1, 1, 4, 0, 1, 2, 1, 4, 4, 1, 1, 0, 2, 3, 1, 2, 1, 2, 1, 1, 2, 4, 3, 0, 2, 2, 3, 1, 0, 1, 2, 0, 1, 2, 4, 1, 3, 4, 1, 2, 4, 3, 3, 3, 1, 1, 4, 3, 4, 3, 2, 4, 2, 4, 2, 3, 4, 1, 2, 1, 4, 2, 1, 2, 3]|[0, 2, 0, 1, 3, 0, 1, 3, 0, 0, 2, 0, 1, 0, 1, 0, 0, 0, 1, 0, 0, 2, 0, 0, 1, 0, 0, 3, 0, 1, 0, 2, 0, 1, 3, 0, 1, 3, 1, 0, 0, 0, 1, 3, 0, 0, 1, 0, 2, 0, 0, 0, 0, 0, 1, 0, 1, 0, 1, 1, 0, 2, 0, 0, 0, 0, 0, 0, 0, 2, 0, 0, 1, 0, 0, 1, 0, 0, 3, 0, 0, 1, 0, 3, 0, 0, 3, 0, 2, 0, 0, 2, 1, 0, 0, 1, 0, 0, 0, 0],846.8144750940005,51920.29225482712,108304.49156813318,true
28,G3_TWC,G3_TWC,[31, 22, 82, 15, 26, 58, 95, 42, 77, 12, 47, 5, 93, 78, 98, 54, 85, 63, 18, 44, 20, 35, 43, 97, 91, 76, 10, 30, 21, 45, 71, 64, 1, 23, 17, 83, 24, 14, 60, 36, 6, 57, 94, 88, 65, 56, 79, 40, 67, 68, 46, 75, 38, 9, 19, 32, 81, 41, 27, 62, 87, 90, 99, 59, 11, 16, 72, 73, 70, 39, 37, 84, 3, 92, 25, 55, 28, 29, 51, 7, 33, 61, 86, 66, 89, 50, 48, 96, 53, 8, 80, 4, 34, 49, 52, 0, 13, 69, 2, 74]|[1, 1, 0, 1, 1, 1, 2, 1, 2, 1, 2, 2, 2, 1, 1, 0, 0, 1, 0, 2, 2, 0, 1, 2, 0, 1, 2, 2, 0, 0, 1, 2, 1, 2, 1, 0, 2, 0, 1, 1, 0, 1, 1, 1, 0, 2, 1, 1, 0, 0, 0, 0, 1, 1, 2, 1, 2, 0, 0, 0, 2, 1, 0, 1, 2, 1, 2, 1, 1, 1, 1, 1, 1, 0, 1, 1, 0, 0, 0, 1, 2, 1, 0, 2, 1, 0, 0, 0, 0, 1, 0, 0, 2, 0, 1, 0, 0, 1, 0, 2]|[4, 3, 2, 2, 0, 0, 2, 2, 2, 4, 1, 1, 2, 4, 4, 1, 2, 4, 2, 1, 1, 1, 1, 2, 1, 2, 1, 1, 1, 1, 3, 2, 3, 0, 4, 0, 1, 1, 0, 3, 2, 2, 4, 0, 1, 1, 0, 2, 0, 1, 2, 2, 1, 4, 0, 3, 2, 1, 1, 2, 1, 3, 1, 1, 1, 3, 0, 4, 3, 1, 4, 1, 1, 2, 4, 4, 2, 1, 1, 3, 1, 3, 1, 1, 1, 1, 1, 1, 2, 3, 1, 2, 1, 1, 1, 2, 2, 3, 2, 1]|[0, 2, 1, 1, 3, 3, 0, 1, 0, 0, 0, 0, 1, 0, 1, 0, 0, 3, 1, 0, 0, 0, 3, 1, 0, 2, 0, 0, 0, 1, 0, 0, 0, 0, 3, 0, 1, 0, 0, 2, 1, 1, 2, 0, 0, 0, 0, 1, 1, 0, 0, 0, 1, 3, 0, 0, 1, 0, 0, 1, 0, 2, 0, 1, 0, 2, 1, 0, 0, 1, 1, 3, 1, 1, 3, 3, 1, 0, 0, 2, 0, 0, 0, 0, 1, 0, 0, 0, 1, 2, 0, 1, 0, 1, 1, 0, 0, 0, 0, 0],802.1274951829081,57956.38699448537,89691.2003308727,false
28,G1_CMAX,G4_BALANCED,[31, 22, 82, 15, 26, 58, 95, 42, 77, 12, 47, 5, 93, 78, 86, 54, 85, 63, 18, 44, 20, 35, 43, 97, 66, 76, 10, 30, 21, 45, 71, 64, 1, 23, 17, 83, 24, 14, 60, 36, 6, 57, 40, 88, 65, 56, 79, 94, 67, 68, 46, 75, 38, 9, 19, 32, 81, 41, 27, 62, 87, 90, 99, 59, 11, 16, 72, 73, 70, 39, 37, 84, 3, 92, 25, 55, 29, 28, 51, 7, 33, 61, 48, 98, 89, 50, 4, 96, 53, 80, 8, 91, 69, 0, 52, 49, 74, 34, 2, 13]|[1, 1, 0, 1, 1, 0, 1, 2, 2, 1, 2, 2, 2, 1, 1, 0, 0, 1, 0, 2, 2, 0, 1, 2, 2, 1, 2, 2, 0, 0, 1, 2, 1, 2, 1, 0, 2, 0, 1, 1, 0, 1, 1, 1, 0, 2, 2, 1, 0, 0, 0, 0, 1, 1, 2, 1, 0, 0, 0, 0, 2, 1, 0, 1, 2, 1, 2, 1, 1, 1, 1, 1, 1, 0, 1, 2, 0, 0, 0, 1, 2, 1, 0, 2, 1, 0, 1, 2, 0, 0, 1, 0, 1, 0, 1, 0, 2, 2, 0, 0]|[4, 3, 2, 2, 4, 1, 2, 2, 2, 4, 1, 1, 2, 4, 4, 1, 2, 4, 2, 1, 1, 1, 1, 2, 1, 2, 1, 1, 1, 1, 3, 1, 3, 1, 4, 0, 1, 1, 0, 3, 2, 2, 2, 0, 1, 1, 1, 4, 0, 1, 2, 2, 1, 4, 0, 3, 1, 1, 1, 2, 1, 3, 1, 1, 1, 3, 0, 4, 3, 1, 4, 1, 1, 2, 4, 1, 1, 2, 1, 1, 1, 3, 1, 1, 1, 1, 4, 1, 2, 1, 3, 1, 3, 2, 1, 1, 1, 1, 2, 2]|[0, 2, 1, 1, 3, 0, 1, 0, 0, 0, 0, 0, 1, 0, 1, 0, 0, 3, 1, 0, 0, 0, 3, 1, 0, 2, 0, 0, 0, 0, 0, 0, 0, 0, 3, 0, 1, 0, 0, 2, 1, 1, 1, 0, 0, 0, 0, 2, 1, 0, 0, 0, 1, 3, 0, 0, 0, 0, 0, 1, 0, 2, 0, 1, 0, 2, 1, 0, 0, 1, 1, 3, 1, 1, 3, 0, 0, 1, 0, 2, 0, 0, 0, 0, 1, 0, 0, 0, 1, 0, 2, 0, 0, 0, 1, 1, 0, 0, 0, 0],798.7087184154349,55419.596325136656,95720.286365365,true
28,G4_BALANCED,G1_CMAX,[31, 22, 82, 15, 26, 99, 95, 42, 77, 12, 47, 5, 93, 78, 86, 54, 21, 63, 18, 44, 20, 35, 43, 97, 91, 76, 10, 30, 85, 45, 71, 64, 1, 23, 17, 83, 24, 14, 60, 36, 6, 57, 40, 88, 65, 56, 79, 94, 67, 68, 46, 29, 38, 9, 19, 32, 81, 41, 27, 87, 90, 58, 59, 62, 11, 66, 73, 70, 39, 37, 84, 3, 72, 92, 25, 55, 28, 75, 51, 7, 16, 61, 98, 48, 89, 50, 4, 96, 53, 80, 8, 33, 34, 49, 52, 0, 13, 2, 69, 74]|[1, 1, 0, 1, 1, 0, 1, 2, 2, 1, 2, 2, 2, 1, 1, 0, 0, 1, 0, 2, 2, 0, 0, 2, 0, 1, 2, 2, 0, 0, 1, 2, 1, 2, 1, 0, 2, 0, 1, 1, 0, 1, 1, 1, 0, 2, 1, 1, 0, 0, 0, 0, 1, 1, 2, 1, 2, 0, 0, 2, 1, 0, 1, 2, 2, 1, 1, 1, 1, 1, 1, 1, 2, 0, 1, 1, 0, 0, 0, 1, 2, 1, 2, 0, 1, 0, 1, 2, 0, 0, 0, 2, 2, 0, 1, 0, 0, 0, 1, 2]|[4, 3, 2, 2, 4, 1, 2, 2, 2, 4, 1, 1, 2, 4, 4, 1, 2, 4, 2, 1, 1, 1, 1, 2, 1, 2, 1, 1, 2, 1, 3, 2, 3, 1, 4, 0, 1, 1, 0, 3, 2, 2, 2, 0, 1, 1, 0, 4, 0, 1, 2, 2, 1, 4, 0, 3, 2, 1, 1, 1, 3, 1, 1, 1, 1, 3, 4, 3, 1, 4, 1, 1, 1, 0, 4, 4, 2, 1, 1, 1, 1, 3, 1, 1, 1, 1, 4, 1, 2, 1, 1, 1, 1, 1, 1, 2, 2, 2, 4, 1]|[0, 2, 1, 1, 3, 0, 1, 0, 0, 0, 0, 0, 1, 0, 1, 0, 0, 3, 1, 0, 0, 0, 0, 1, 0, 2, 0, 0, 0, 1, 0, 0, 0, 0, 3, 0, 1, 0, 0, 2, 1, 1, 1, 0, 0, 0, 0, 2, 1, 0, 0, 0, 1, 3, 0, 0, 1, 0, 0, 0, 2, 0, 1, 0, 0, 2, 0, 0, 1, 1, 3, 1, 0, 1, 3, 3, 1, 0, 0, 2, 0, 0, 0, 0, 1, 0, 0, 0, 1, 0, 0, 0, 0, 1, 1, 0, 0, 0, 2, 0],772.4340607824951,55654.327352920525,95927.2671261316,true
28,G2_TEC,G4_BALANCED,[31, 22, 82, 15, 26, 9, 95, 42, 77, 68, 47, 5, 93, 78, 86, 54, 85, 63, 18, 44, 20, 49, 36, 14, 74, 50, 53, 17, 21, 28, 71, 64, 3, 23, 30, 83, 24, 41, 60, 52, 65, 27, 90, 70, 39, 87, 48, 69, 99, 4, 46, 1, 13, 58, 97, 59, 45, 8, 73, 37, 35, 79, 11, 66, 76, 32, 40, 80, 96, 6, 16, 61, 33, 7, 57, 34, 12, 67, 10, 98, 56, 88, 29, 19, 91, 38, 25, 92, 43, 84, 51, 72, 81, 75, 2, 89, 0, 94, 55, 62]|[2, 1, 2, 1, 1, 2, 1, 1, 1, 1, 1, 0, 2, 2, 1, 2, 0, 0, 0, 2, 2, 1, 0, 2, 0, 2, 2, 1, 0, 1, 1, 1, 0, 0, 1, 0, 2, 1, 2, 2, 0, 0, 1, 1, 0, 2, 0, 2, 1, 0, 0, 2, 0, 0, 2, 0, 1, 1, 0, 0, 2, 1, 0, 2, 2, 0, 2, 2, 0, 1, 2, 1, 1, 2, 0, 1, 1, 1, 1, 2, 2, 1, 1, 1, 1, 0, 1, 0, 1, 0, 1, 1, 1, 0, 2, 1, 0, 2, 0, 1]|[0, 3, 0, 2, 4, 1, 4, 4, 2, 4, 3, 2, 1, 0, 2, 1, 1, 1, 2, 1, 1, 3, 0, 1, 0, 1, 1, 4, 1, 4, 3, 2, 2, 0, 4, 1, 1, 4, 0, 1, 2, 1, 4, 4, 1, 1, 0, 2, 3, 1, 2, 1, 2, 1, 1, 2, 4, 3, 0, 2, 2, 3, 1, 0, 1, 2, 0, 1, 2, 4, 1, 3, 4, 1, 2, 4, 3, 3, 3, 1, 1, 4, 3, 4, 3, 2, 4, 2, 4, 2, 3, 4, 1, 2, 1, 4, 2, 1, 2, 3]|[0, 2, 0, 1, 3, 0, 1, 3, 0, 0, 2, 0, 1, 0, 1, 0, 0, 0, 1, 0, 0, 2, 0, 0, 1, 0, 0, 3, 0, 1, 0, 2, 0, 1, 3, 0, 1, 3, 1, 0, 0, 0, 1, 3, 0, 0, 1, 0, 2, 0, 0, 0, 0, 0, 1, 0, 1, 0, 1, 1, 0, 2, 0, 0, 0, 0, 0, 0, 0, 2, 0, 0, 1, 0, 0, 1, 0, 0, 3, 0, 0, 1, 0, 3, 0, 0, 3, 0, 2, 0, 0, 2, 1, 0, 0, 1, 0, 0, 0, 0],846.8144750940005,51920.29225482712,108304.49156813318,true
28,G3_TWC,G3_TWC,[31, 22, 82, 15, 26, 58, 95, 42, 77, 12, 47, 5, 93, 78, 98, 54, 85, 63, 18, 44, 20, 35, 43, 97, 91, 76, 10, 30, 21, 45, 71, 64, 1, 23, 17, 83, 24, 14, 60, 36, 6, 57, 94, 88, 65, 56, 79, 40, 67, 68, 46, 75, 38, 9, 19, 32, 81, 41, 27, 62, 87, 90, 99, 59, 11, 16, 72, 73, 70, 39, 37, 84, 3, 92, 25, 55, 28, 29, 51, 7, 33, 61, 86, 66, 89, 50, 48, 96, 53, 8, 80, 4, 34, 49, 52, 0, 13, 69, 2, 74]|[1, 1, 0, 1, 1, 1, 2, 1, 2, 1, 2, 2, 2, 1, 1, 0, 0, 1, 0, 2, 2, 0, 1, 2, 0, 1, 2, 2, 0, 0, 1, 2, 1, 2, 1, 0, 2, 0, 1, 1, 0, 1, 1, 1, 0, 2, 1, 1, 0, 0, 0, 0, 1, 1, 2, 1, 2, 0, 0, 0, 2, 1, 0, 1, 2, 1, 2, 1, 1, 1, 1, 1, 1, 0, 1, 1, 0, 0, 0, 1, 2, 1, 0, 2, 1, 0, 0, 0, 0, 1, 0, 0, 2, 0, 1, 0, 0, 1, 0, 2]|[4, 3, 2, 2, 0, 0, 2, 2, 2, 4, 1, 1, 2, 4, 4, 1, 2, 4, 2, 1, 1, 1, 1, 2, 1, 2, 1, 1, 1, 1, 3, 2, 3, 0, 4, 0, 1, 1, 0, 3, 2, 2, 4, 0, 1, 1, 0, 2, 0, 1, 2, 2, 1, 4, 0, 3, 2, 1, 1, 2, 1, 3, 1, 1, 1, 3, 0, 4, 3, 1, 4, 1, 1, 2, 4, 4, 2, 1, 1, 3, 1, 3, 1, 1, 1, 1, 1, 1, 2, 3, 1, 2, 1, 1, 1, 2, 2, 3, 2, 1]|[0, 2, 1, 1, 3, 3, 0, 1, 0, 0, 0, 0, 1, 0, 1, 0, 0, 3, 1, 0, 0, 0, 3, 1, 0, 2, 0, 0, 0, 1, 0, 0, 0, 0, 3, 0, 1, 0, 0, 2, 1, 1, 2, 0, 0, 0, 0, 1, 1, 0, 0, 0, 1, 3, 0, 0, 1, 0, 0, 1, 0, 2, 0, 1, 0, 2, 1, 0, 0, 1, 1, 3, 1, 1, 3, 3, 1, 0, 0, 2, 0, 0, 0, 0, 1, 0, 0, 0, 1, 2, 0, 1, 0, 1, 1, 0, 0, 0, 0, 0],802.1274951829081,57956.38699448537,89691.2003308727,false
28,G1_CMAX,G4_BALANCED,[31, 22, 82, 15, 26, 58, 95, 42, 77, 12, 47, 5, 93, 78, 86, 54, 85, 63, 18, 44, 20, 35, 43, 97, 66, 76, 10, 30, 21, 45, 71, 64, 1, 23, 17, 83, 24, 14, 60, 36, 6, 57, 40, 88, 65, 56, 79, 94, 67, 68, 46, 75, 38, 9, 19, 32, 81, 41, 27, 62, 87, 90, 99, 59, 11, 16, 72, 73, 70, 39, 37, 84, 3, 92, 25, 55, 29, 28, 51, 7, 33, 61, 48, 98, 89, 50, 4, 96, 53, 80, 8, 91, 69, 0, 52, 49, 74, 34, 2, 13]|[1, 1, 0, 1, 1, 0, 1, 2, 2, 1, 2, 2, 2, 1, 1, 0, 0, 1, 0, 2, 2, 0, 1, 2, 2, 1, 2, 2, 0, 0, 1, 2, 1, 2, 1, 0, 2, 0, 1, 1, 0, 1, 1, 1, 0, 2, 2, 1, 0, 0, 0, 0, 1, 1, 2, 1, 0, 0, 0, 0, 2, 1, 0, 1, 2, 1, 2, 1, 1, 1, 1, 1, 1, 0, 1, 2, 0, 0, 0, 1, 2, 1, 0, 2, 1, 0, 1, 2, 0, 0, 1, 0, 1, 0, 1, 0, 2, 2, 0, 0]|[4, 3, 2, 2, 4, 1, 2, 2, 2, 4, 1, 1, 2, 4, 4, 1, 2, 4, 2, 1, 1, 1, 1, 2, 1, 2, 1, 1, 1, 1, 3, 1, 3, 1, 4, 0, 1, 1, 0, 3, 2, 2, 2, 0, 1, 1, 1, 4, 0, 1, 2, 2, 1, 4, 0, 3, 1, 1, 1, 2, 1, 3, 1, 1, 1, 3, 0, 4, 3, 1, 4, 1, 1, 2, 4, 1, 1, 2, 1, 1, 1, 3, 1, 1, 1, 1, 4, 1, 2, 1, 3, 1, 3, 2, 1, 1, 1, 1, 2, 2]|[0, 2, 1, 1, 3, 0, 1, 0, 0, 0, 0, 0, 1, 0, 1, 0, 0, 3, 1, 0, 0, 0, 3, 1, 0, 2, 0, 0, 0, 0, 0, 0, 0, 0, 3, 0, 1, 0, 0, 2, 1, 1, 1, 0, 0, 0, 0, 2, 1, 0, 0, 0, 1, 3, 0, 0, 0, 0, 0, 1, 0, 2, 0, 1, 0, 2, 1, 0, 0, 1, 1, 3, 1, 1, 3, 0, 0, 1, 0, 2, 0, 0, 0, 0, 1, 0, 0, 0, 1, 0, 2, 0, 0, 0, 1, 1, 0, 0, 0, 0],798.7087184154349,55419.596325136656,95720.286365365,true
28,G4_BALANCED,G1_CMAX,[31, 22, 82, 15, 26, 99, 95, 42, 77, 12, 47, 5, 93, 78, 86, 54, 21, 63, 18, 44, 20, 35, 43, 97, 91, 76, 10, 30, 85, 45, 71, 64, 1, 23, 17, 83, 24, 14, 60, 36, 6, 57, 40, 88, 65, 56, 79, 94, 67, 68, 46, 29, 38, 9, 19, 32, 81, 41, 27, 87, 90, 58, 59, 62, 11, 66, 73, 70, 39, 37, 84, 3, 72, 92, 25, 55, 28, 75, 51, 7, 16, 61, 98, 48, 89, 50, 4, 96, 53, 80, 8, 33, 34, 49, 52, 0, 13, 2, 69, 74]|[1, 1, 0, 1, 1, 0, 1, 2, 2, 1, 2, 2, 2, 1, 1, 0, 0, 1, 0, 2, 2, 0, 0, 2, 0, 1, 2, 2, 0, 0, 1, 2, 1, 2, 1, 0, 2, 0, 1, 1, 0, 1, 1, 1, 0, 2, 1, 1, 0, 0, 0, 0, 1, 1, 2, 1, 2, 0, 0, 2, 1, 0, 1, 2, 2, 1, 1, 1, 1, 1, 1, 1, 2, 0, 1, 1, 0, 0, 0, 1, 2, 1, 2, 0, 1, 0, 1, 2, 0, 0, 0, 2, 2, 0, 1, 0, 0, 0, 1, 2]|[4, 3, 2, 2, 4, 1, 2, 2, 2, 4, 1, 1, 2, 4, 4, 1, 2, 4, 2, 1, 1, 1, 1, 2, 1, 2, 1, 1, 2, 1, 3, 2, 3, 1, 4, 0, 1, 1, 0, 3, 2, 2, 2, 0, 1, 1, 0, 4, 0, 1, 2, 2, 1, 4, 0, 3, 2, 1, 1, 1, 3, 1, 1, 1, 1, 3, 4, 3, 1, 4, 1, 1, 1, 0, 4, 4, 2, 1, 1, 1, 1, 3, 1, 1, 1, 1, 4, 1, 2, 1, 1, 1, 1, 1, 1, 2, 2, 2, 4, 1]|[0, 2, 1, 1, 3, 0, 1, 0, 0, 0, 0, 0, 1, 0, 1, 0, 0, 3, 1, 0, 0, 0, 0, 1, 0, 2, 0, 0, 0, 1, 0, 0, 0, 0, 3, 0, 1, 0, 0, 2, 1, 1, 1, 0, 0, 0, 0, 2, 1, 0, 0, 0, 1, 3, 0, 0, 1, 0, 0, 0, 2, 0, 1, 0, 0, 2, 0, 0, 1, 1, 3, 1, 0, 1, 3, 3, 1, 0, 0, 2, 0, 0, 0, 0, 1, 0, 0, 0, 1, 0, 0, 0, 0, 1, 1, 0, 0, 0, 2, 0],772.4340607824951,55654.327352920525,95927.2671261316,true
28,G2_TEC,G2_TEC,[31, 22, 82, 15, 26, 9, 95, 42, 77, 68, 47, 5, 93, 78, 86, 54, 85, 63, 18, 44, 20, 49, 36, 14, 74, 50, 53, 17, 21, 28, 11, 64, 3, 23, 30, 83, 24, 41, 40, 52, 65, 27, 90, 70, 39, 87, 48, 69, 99, 4, 46, 1, 13, 58, 97, 59, 45, 8, 73, 37, 35, 79, 71, 66, 76, 32, 60, 80, 96, 6, 16, 61, 33, 7, 57, 34, 12, 67, 10, 98, 56, 88, 43, 75, 91, 38, 84, 92, 29, 19, 51, 72, 89, 25, 2, 55, 62, 81, 94, 0]|[2, 1, 2, 1, 1, 2, 1, 1, 1, 1, 1, 0, 2, 2, 1, 2, 0, 0, 0, 2, 2, 1, 0, 2, 0, 2, 2, 1, 0, 1, 1, 1, 0, 0, 1, 0, 2, 1, 2, 2, 0, 0, 1, 1, 0, 2, 0, 2, 1, 0, 0, 2, 0, 0, 2, 0, 1, 1, 0, 0, 2, 1, 1, 1, 2, 0, 2, 2, 0, 1, 2, 1, 1, 2, 0, 1, 2, 1, 1, 2, 2, 1, 1, 0, 1, 0, 0, 0, 1, 1, 1, 1, 1, 1, 2, 0, 1, 1, 2, 0]|[0, 3, 0, 3, 4, 1, 4, 4, 2, 4, 3, 2, 1, 0, 2, 1, 1, 1, 2, 1, 1, 3, 0, 1, 0, 1, 1, 4, 1, 4, 3, 2, 2, 0, 4, 1, 1, 4, 1, 1, 2, 1, 4, 4, 1, 1, 0, 2, 3, 2, 2, 1, 2, 1, 1, 2, 4, 3, 0, 2, 2, 3, 3, 1, 1, 2, 1, 1, 2, 4, 1, 3, 4, 1, 2, 4, 1, 3, 3, 1, 1, 4, 4, 2, 3, 2, 2, 2, 3, 4, 3, 4, 4, 4, 1, 2, 3, 4, 1, 2]|[0, 2, 0, 0, 3, 0, 1, 3, 0, 0, 2, 0, 1, 0, 1, 0, 0, 0, 1, 0, 0, 2, 0, 0, 1, 0, 0, 3, 0, 1, 0, 2, 0, 0, 3, 0, 1, 3, 0, 0, 0, 0, 1, 3, 0, 0, 1, 0, 2, 0, 0, 0, 0, 0, 1, 0, 1, 0, 1, 1, 0, 2, 0, 2, 0, 0, 0, 0, 0, 2, 0, 0, 1, 0, 0, 1, 0, 0, 3, 0, 0, 1, 2, 0, 0, 0, 0, 0, 3, 1, 0, 2, 1, 3, 0, 0, 0, 1, 0, 0],882.9438068981488,49877.554644704585,107717.62812963048,false
28,G3_TWC,G3_TWC,[31, 22, 82, 15, 26, 58, 95, 42, 77, 12, 47, 5, 93, 78, 98, 54, 85, 63, 18, 44, 20, 35, 43, 97, 91, 76, 10, 30, 21, 45, 71, 64, 1, 23, 17, 83, 24, 14, 60, 36, 6, 57, 94, 88, 65, 56, 79, 40, 67, 68, 46, 75, 38, 9, 19, 32, 81, 41, 27, 62, 87, 90, 99, 59, 11, 16, 72, 73, 70, 39, 37, 84, 3, 92, 25, 55, 28, 29, 51, 7, 33, 61, 86, 66, 89, 50, 48, 96, 53, 8, 80, 4, 34, 49, 52, 0, 13, 69, 2, 74]|[1, 1, 0, 1, 1, 1, 2, 1, 2, 1, 2, 2, 2, 1, 1, 0, 0, 1, 0, 2, 2, 0, 1, 2, 0, 1, 2, 2, 0, 0, 1, 2, 1, 2, 1, 0, 2, 0, 1, 1, 0, 1, 1, 1, 0, 2, 1, 1, 0, 0, 0, 0, 1, 1, 2, 1, 2, 0, 0, 0, 2, 1, 0, 1, 2, 1, 2, 1, 1, 1, 1, 1, 1, 0, 1, 1, 0, 0, 0, 1, 2, 1, 0, 2, 1, 0, 0, 0, 0, 1, 0, 0, 2, 0, 1, 0, 0, 1, 0, 2]|[4, 3, 2, 2, 0, 0, 2, 2, 2, 4, 1, 1, 2, 4, 4, 1, 2, 4, 2, 1, 1, 1, 1, 2, 1, 2, 1, 1, 1, 1, 3, 2, 3, 0, 4, 0, 1, 1, 0, 3, 2, 2, 4, 0, 1, 1, 0, 2, 0, 1, 2, 2, 1, 4, 0, 3, 2, 1, 1, 2, 1, 3, 1, 1, 1, 3, 0, 4, 3, 1, 4, 1, 1, 2, 4, 4, 2, 1, 1, 3, 1, 3, 1, 1, 1, 1, 1, 1, 2, 3, 1, 2, 1, 1, 1, 2, 2, 3, 2, 1]|[0, 2, 1, 1, 3, 3, 0, 1, 0, 0, 0, 0, 1, 0, 1, 0, 0, 3, 1, 0, 0, 0, 3, 1, 0, 2, 0, 0, 0, 1, 0, 0, 0, 0, 3, 0, 1, 0, 0, 2, 1, 1, 2, 0, 0, 0, 0, 1, 1, 0, 0, 0, 1, 3, 0, 0, 1, 0, 0, 1, 0, 2, 0, 1, 0, 2, 1, 0, 0, 1, 1, 3, 1, 1, 3, 3, 1, 0, 0, 2, 0, 0, 0, 0, 1, 0, 0, 0, 1, 2, 0, 1, 0, 1, 1, 0, 0, 0, 0, 0],802.1274951829081,57956.38699448537,89691.2003308727,false
28,G1_CMAX,G4_BALANCED,[31, 22, 82, 15, 26, 58, 95, 42, 77, 12, 47, 5, 93, 78, 86, 54, 85, 63, 18, 44, 20, 35, 43, 97, 66, 76, 10, 30, 21, 45, 71, 64, 1, 23, 17, 83, 24, 14, 60, 36, 6, 57, 40, 88, 65, 56, 79, 94, 67, 68, 46, 75, 38, 9, 19, 32, 81, 41, 27, 62, 87, 90, 99, 59, 11, 16, 72, 73, 70, 39, 37, 84, 3, 92, 25, 55, 29, 28, 51, 7, 33, 61, 48, 98, 89, 50, 4, 96, 53, 80, 8, 91, 69, 0, 52, 49, 74, 34, 2, 13]|[1, 1, 0, 1, 1, 0, 1, 2, 2, 1, 2, 2, 2, 1, 1, 0, 0, 1, 0, 2, 2, 0, 1, 2, 2, 1, 2, 2, 0, 0, 1, 2, 1, 2, 1, 0, 2, 0, 1, 1, 0, 1, 1, 1, 0, 2, 2, 1, 0, 0, 0, 0, 1, 1, 2, 1, 0, 0, 0, 0, 2, 1, 0, 1, 2, 1, 2, 1, 1, 1, 1, 1, 1, 0, 1, 2, 0, 0, 0, 1, 2, 1, 0, 2, 1, 0, 1, 2, 0, 0, 1, 0, 1, 0, 1, 0, 2, 2, 0, 0]|[4, 3, 2, 2, 4, 1, 2, 2, 2, 4, 1, 1, 2, 4, 4, 1, 2, 4, 2, 1, 1, 1, 1, 2, 1, 2, 1, 1, 1, 1, 3, 1, 3, 1, 4, 0, 1, 1, 0, 3, 2, 2, 2, 0, 1, 1, 1, 4, 0, 1, 2, 2, 1, 4, 0, 3, 1, 1, 1, 2, 1, 3, 1, 1, 1, 3, 0, 4, 3, 1, 4, 1, 1, 2, 4, 1, 1, 2, 1, 1, 1, 3, 1, 1, 1, 1, 4, 1, 2, 1, 3, 1, 3, 2, 1, 1, 1, 1, 2, 2]|[0, 2, 1, 1, 3, 0, 1, 0, 0, 0, 0, 0, 1, 0, 1, 0, 0, 3, 1, 0, 0, 0, 3, 1, 0, 2, 0, 0, 0, 0, 0, 0, 0, 0, 3, 0, 1, 0, 0, 2, 1, 1, 1, 0, 0, 0, 0, 2, 1, 0, 0, 0, 1, 3, 0, 0, 0, 0, 0, 1, 0, 2, 0, 1, 0, 2, 1, 0, 0, 1, 1, 3, 1, 1, 3, 0, 0, 1, 0, 2, 0, 0, 0, 0, 1, 0, 0, 0, 1, 0, 2, 0, 0, 0, 1, 1, 0, 0, 0, 0],798.7087184154349,55419.596325136656,95720.286365365,true
28,G4_BALANCED,G1_CMAX,[31, 22, 82, 15, 26, 99, 95, 42, 77, 12, 47, 5, 93, 78, 86, 54, 21, 63, 18, 44, 20, 35, 43, 97, 91, 76, 10, 30, 85, 45, 71, 64, 1, 23, 17, 83, 24, 14, 60, 36, 6, 57, 40, 88, 65, 56, 79, 94, 67, 68, 46, 29, 38, 9, 19, 32, 81, 41, 27, 87, 90, 58, 59, 62, 11, 66, 73, 70, 39, 37, 84, 3, 72, 92, 25, 55, 28, 75, 51, 7, 16, 61, 98, 48, 89, 50, 4, 96, 53, 80, 8, 33, 34, 49, 52, 0, 13, 2, 69, 74]|[1, 1, 0, 1, 1, 0, 1, 2, 2, 1, 2, 2, 2, 1, 1, 0, 0, 1, 0, 2, 2, 0, 0, 2, 0, 1, 2, 2, 0, 0, 1, 2, 1, 2, 1, 0, 2, 0, 1, 1, 0, 1, 1, 1, 0, 2, 1, 1, 0, 0, 0, 0, 1, 1, 2, 1, 2, 0, 0, 2, 1, 0, 1, 2, 2, 1, 1, 1, 1, 1, 1, 1, 2, 0, 1, 1, 0, 0, 0, 1, 2, 1, 2, 0, 1, 0, 1, 2, 0, 0, 0, 2, 2, 0, 1, 0, 0, 0, 1, 2]|[4, 3, 2, 2, 4, 1, 2, 2, 2, 4, 1, 1, 2, 4, 4, 1, 2, 4, 2, 1, 1, 1, 1, 2, 1, 2, 1, 1, 2, 1, 3, 2, 3, 1, 4, 0, 1, 1, 0, 3, 2, 2, 2, 0, 1, 1, 0, 4, 0, 1, 2, 2, 1, 4, 0, 3, 2, 1, 1, 1, 3, 1, 1, 1, 1, 3, 4, 3, 1, 4, 1, 1, 1, 0, 4, 4, 2, 1, 1, 1, 1, 3, 1, 1, 1, 1, 4, 1, 2, 1, 1, 1, 1, 1, 1, 2, 2, 2, 4, 1]|[0, 2, 1, 1, 3, 0, 1, 0, 0, 0, 0, 0, 1, 0, 1, 0, 0, 3, 1, 0, 0, 0, 0, 1, 0, 2, 0, 0, 0, 1, 0, 0, 0, 0, 3, 0, 1, 0, 0, 2, 1, 1, 1, 0, 0, 0, 0, 2, 1, 0, 0, 0, 1, 3, 0, 0, 1, 0, 0, 0, 2, 0, 1, 0, 0, 2, 0, 0, 1, 1, 3, 1, 0, 1, 3, 3, 1, 0, 0, 2, 0, 0, 0, 0, 1, 0, 0, 0, 1, 0, 0, 0, 0, 1, 1, 0, 0, 0, 2, 0],772.4340607824951,55654.327352920525,95927.2671261316,true
28,G2_TEC,G2_TEC,[31, 22, 82, 15, 26, 9, 95, 42, 77, 68, 47, 5, 93, 78, 86, 54, 85, 63, 18, 44, 20, 49, 36, 14, 74, 50, 53, 17, 21, 28, 11, 64, 3, 23, 30, 83, 24, 41, 40, 52, 65, 27, 90, 70, 39, 87, 48, 69, 99, 4, 46, 1, 13, 58, 97, 59, 45, 8, 73, 37, 35, 79, 71, 66, 76, 32, 60, 80, 96, 6, 16, 61, 33, 7, 57, 34, 12, 67, 10, 98, 56, 88, 43, 75, 91, 38, 84, 92, 29, 19, 51, 72, 89, 25, 2, 55, 62, 81, 94, 0]|[2, 1, 2, 1, 1, 2, 1, 1, 1, 1, 1, 0, 2, 2, 1, 2, 0, 0, 0, 2, 2, 1, 0, 2, 0, 2, 2, 1, 0, 1, 1, 1, 0, 0, 1, 0, 2, 1, 2, 2, 0, 0, 1, 1, 0, 2, 0, 2, 1, 0, 0, 2, 0, 0, 2, 0, 1, 1, 0, 0, 2, 1, 1, 1, 2, 0, 2, 2, 0, 1, 2, 1, 1, 2, 0, 1, 2, 1, 1, 2, 2, 1, 1, 0, 1, 0, 0, 0, 1, 1, 1, 1, 1, 1, 2, 0, 1, 1, 2, 0]|[0, 3, 0, 3, 4, 1, 4, 4, 2, 4, 3, 2, 1, 0, 2, 1, 1, 1, 2, 1, 1, 3, 0, 1, 0, 1, 1, 4, 1, 4, 3, 2, 2, 0, 4, 1, 1, 4, 1, 1, 2, 1, 4, 4, 1, 1, 0, 2, 3, 2, 2, 1, 2, 1, 1, 2, 4, 3, 0, 2, 2, 3, 3, 1, 1, 2, 1, 1, 2, 4, 1, 3, 4, 1, 2, 4, 1, 3, 3, 1, 1, 4, 4, 2, 3, 2, 2, 2, 3, 4, 3, 4, 4, 4, 1, 2, 3, 4, 1, 2]|[0, 2, 0, 0, 3, 0, 1, 3, 0, 0, 2, 0, 1, 0, 1, 0, 0, 0, 1, 0, 0, 2, 0, 0, 1, 0, 0, 3, 0, 1, 0, 2, 0, 0, 3, 0, 1, 3, 0, 0, 0, 0, 1, 3, 0, 0, 1, 0, 2, 0, 0, 0, 0, 0, 1, 0, 1, 0, 1, 1, 0, 2, 0, 2, 0, 0, 0, 0, 0, 2, 0, 0, 1, 0, 0, 1, 0, 0, 3, 0, 0, 1, 2, 0, 0, 0, 0, 0, 3, 1, 0, 2, 1, 3, 0, 0, 0, 1, 0, 0],882.9438068981488,49877.554644704585,107717.62812963048,false
28,G3_TWC,G3_TWC,[31, 22, 82, 15, 26, 58, 95, 42, 77, 12, 47, 5, 93, 78, 98, 54, 85, 63, 18, 44, 20, 35, 43, 97, 91, 76, 10, 30, 21, 45, 71, 64, 1, 23, 17, 83, 24, 14, 60, 36, 6, 57, 94, 88, 65, 56, 79, 40, 67, 68, 46, 75, 38, 9, 19, 32, 81, 41, 27, 62, 87, 90, 99, 59, 11, 16, 72, 73, 70, 39, 37, 84, 3, 92, 25, 55, 28, 29, 51, 7, 33, 61, 86, 66, 89, 50, 48, 96, 53, 8, 80, 4, 34, 49, 52, 0, 13, 69, 2, 74]|[1, 1, 0, 1, 1, 1, 2, 1, 2, 1, 2, 2, 2, 1, 1, 0, 0, 1, 0, 2, 2, 0, 1, 2, 0, 1, 2, 2, 0, 0, 1, 2, 1, 2, 1, 0, 2, 0, 1, 1, 0, 1, 1, 1, 0, 2, 1, 1, 0, 0, 0, 0, 1, 1, 2, 1, 2, 0, 0, 0, 2, 1, 0, 1, 2, 1, 2, 1, 1, 1, 1, 1, 1, 0, 1, 1, 0, 0, 0, 1, 2, 1, 0, 2, 1, 0, 0, 0, 0, 1, 0, 0, 2, 0, 1, 0, 0, 1, 0, 2]|[4, 3, 2, 2, 0, 0, 2, 2, 2, 4, 1, 1, 2, 4, 4, 1, 2, 4, 2, 1, 1, 1, 1, 2, 1, 2, 1, 1, 1, 1, 3, 2, 3, 0, 4, 0, 1, 1, 0, 3, 2, 2, 4, 0, 1, 1, 0, 2, 0, 1, 2, 2, 1, 4, 0, 3, 2, 1, 1, 2, 1, 3, 1, 1, 1, 3, 0, 4, 3, 1, 4, 1, 1, 2, 4, 4, 2, 1, 1, 3, 1, 3, 1, 1, 1, 1, 1, 1, 2, 3, 1, 2, 1, 1, 1, 2, 2, 3, 2, 1]|[0, 2, 1, 1, 3, 3, 0, 1, 0, 0, 0, 0, 1, 0, 1, 0, 0, 3, 1, 0, 0, 0, 3, 1, 0, 2, 0, 0, 0, 1, 0, 0, 0, 0, 3, 0, 1, 0, 0, 2, 1, 1, 2, 0, 0, 0, 0, 1, 1, 0, 0, 0, 1, 3, 0, 0, 1, 0, 0, 1, 0, 2, 0, 1, 0, 2, 1, 0, 0, 1, 1, 3, 1, 1, 3, 3, 1, 0, 0, 2, 0, 0, 0, 0, 1, 0, 0, 0, 1, 2, 0, 1, 0, 1, 1, 0, 0, 0, 0, 0],802.1274951829081,57956.38699448537,89691.2003308727,false
28,G1_CMAX,G4_BALANCED,[31, 22, 82, 15, 26, 58, 95, 42, 77, 12, 47, 5, 93, 78, 86, 54, 85, 63, 18, 44, 20, 35, 43, 97, 66, 76, 10, 30, 21, 45, 71, 64, 1, 23, 17, 83, 24, 14, 60, 36, 6, 57, 40, 88, 65, 56, 79, 94, 67, 68, 46, 75, 38, 9, 19, 32, 81, 41, 27, 62, 87, 90, 99, 59, 11, 16, 72, 73, 70, 39, 37, 84, 3, 92, 25, 55, 29, 28, 51, 7, 33, 61, 48, 98, 89, 50, 4, 96, 53, 80, 8, 91, 69, 0, 52, 49, 74, 34, 2, 13]|[1, 1, 0, 1, 1, 0, 1, 2, 2, 1, 2, 2, 2, 1, 1, 0, 0, 1, 0, 2, 2, 0, 1, 2, 2, 1, 2, 2, 0, 0, 1, 2, 1, 2, 1, 0, 2, 0, 1, 1, 0, 1, 1, 1, 0, 2, 2, 1, 0, 0, 0, 0, 1, 1, 2, 1, 0, 0, 0, 0, 2, 1, 0, 1, 2, 1, 2, 1, 1, 1, 1, 1, 1, 0, 1, 2, 0, 0, 0, 1, 2, 1, 0, 2, 1, 0, 1, 2, 0, 0, 1, 0, 1, 0, 1, 0, 2, 2, 0, 0]|[4, 3, 2, 2, 4, 1, 2, 2, 2, 4, 1, 1, 2, 4, 4, 1, 2, 4, 2, 1, 1, 1, 1, 2, 1, 2, 1, 1, 1, 1, 3, 1, 3, 1, 4, 0, 1, 1, 0, 3, 2, 2, 2, 0, 1, 1, 1, 4, 0, 1, 2, 2, 1, 4, 0, 3, 1, 1, 1, 2, 1, 3, 1, 1, 1, 3, 0, 4, 3, 1, 4, 1, 1, 2, 4, 1, 1, 2, 1, 1, 1, 3, 1, 1, 1, 1, 4, 1, 2, 1, 3, 1, 3, 2, 1, 1, 1, 1, 2, 2]|[0, 2, 1, 1, 3, 0, 1, 0, 0, 0, 0, 0, 1, 0, 1, 0, 0, 3, 1, 0, 0, 0, 3, 1, 0, 2, 0, 0, 0, 0, 0, 0, 0, 0, 3, 0, 1, 0, 0, 2, 1, 1, 1, 0, 0, 0, 0, 2, 1, 0, 0, 0, 1, 3, 0, 0, 0, 0, 0, 1, 0, 2, 0, 1, 0, 2, 1, 0, 0, 1, 1, 3, 1, 1, 3, 0, 0, 1, 0, 2, 0, 0, 0, 0, 1, 0, 0, 0, 1, 0, 2, 0, 0, 0, 1, 1, 0, 0, 0, 0],798.7087184154349,55419.596325136656,95720.286365365,true
28,G4_BALANCED,G1_CMAX,[31, 22, 82, 15, 26, 99, 95, 42, 77, 12, 47, 5, 93, 78, 86, 54, 21, 63, 18, 44, 20, 35, 43, 97, 91, 76, 10, 30, 85, 45, 71, 64, 1, 23, 17, 83, 24, 14, 60, 36, 6, 57, 40, 88, 65, 56, 79, 94, 67, 68, 46, 29, 38, 9, 19, 32, 81, 41, 27, 87, 90, 58, 59, 62, 11, 66, 73, 70, 39, 37, 84, 3, 72, 92, 25, 55, 28, 75, 51, 7, 16, 61, 98, 48, 89, 50, 4, 96, 53, 80, 8, 33, 34, 49, 52, 0, 13, 2, 69, 74]|[1, 1, 0, 1, 1, 0, 1, 2, 2, 1, 2, 2, 2, 1, 1, 0, 0, 1, 0, 2, 2, 0, 0, 2, 0, 1, 2, 2, 0, 0, 1, 2, 1, 2, 1, 0, 2, 0, 1, 1, 0, 1, 1, 1, 0, 2, 1, 1, 0, 0, 0, 0, 1, 1, 2, 1, 2, 0, 0, 2, 1, 0, 1, 2, 2, 1, 1, 1, 1, 1, 1, 1, 2, 0, 1, 1, 0, 0, 0, 1, 2, 1, 2, 0, 1, 0, 1, 2, 0, 0, 0, 2, 2, 0, 1, 0, 0, 0, 1, 2]|[4, 3, 2, 2, 4, 1, 2, 2, 2, 4, 1, 1, 2, 4, 4, 1, 2, 4, 2, 1, 1, 1, 1, 2, 1, 2, 1, 1, 2, 1, 3, 2, 3, 1, 4, 0, 1, 1, 0, 3, 2, 2, 2, 0, 1, 1, 0, 4, 0, 1, 2, 2, 1, 4, 0, 3, 2, 1, 1, 1, 3, 1, 1, 1, 1, 3, 4, 3, 1, 4, 1, 1, 1, 0, 4, 4, 2, 1, 1, 1, 1, 3, 1, 1, 1, 1, 4, 1, 2, 1, 1, 1, 1, 1, 1, 2, 2, 2, 4, 1]|[0, 2, 1, 1, 3, 0, 1, 0, 0, 0, 0, 0, 1, 0, 1, 0, 0, 3, 1, 0, 0, 0, 0, 1, 0, 2, 0, 0, 0, 1, 0, 0, 0, 0, 3, 0, 1, 0, 0, 2, 1, 1, 1, 0, 0, 0, 0, 2, 1, 0, 0, 0, 1, 3, 0, 0, 1, 0, 0, 0, 2, 0, 1, 0, 0, 2, 0, 0, 1, 1, 3, 1, 0, 1, 3, 3, 1, 0, 0, 2, 0, 0, 0, 0, 1, 0, 0, 0, 1, 0, 0, 0, 0, 1, 1, 0, 0, 0, 2, 0],772.4340607824951,55654.327352920525,95927.2671261316,true
28,G2_TEC,G2_TEC,[31, 22, 82, 15, 26, 9, 95, 42, 77, 68, 47, 5, 93, 78, 86, 54, 85, 63, 18, 44, 20, 49, 36, 14, 74, 50, 53, 17, 21, 28, 11, 64, 3, 23, 30, 83, 24, 41, 40, 52, 65, 27, 90, 70, 39, 87, 48, 69, 99, 4, 46, 1, 13, 58, 97, 59, 45, 8, 73, 37, 35, 79, 71, 66, 76, 32, 60, 80, 96, 6, 16, 61, 33, 7, 57, 34, 12, 67, 10, 98, 56, 88, 43, 75, 91, 38, 84, 92, 29, 19, 51, 72, 89, 25, 2, 55, 62, 81, 94, 0]|[2, 1, 2, 1, 1, 2, 1, 1, 1, 1, 1, 0, 2, 2, 1, 2, 0, 0, 0, 2, 2, 1, 0, 2, 0, 2, 2, 1, 0, 1, 1, 1, 0, 0, 1, 0, 2, 1, 2, 2, 0, 0, 1, 1, 0, 2, 0, 2, 1, 0, 0, 2, 0, 0, 2, 0, 1, 1, 0, 0, 2, 1, 1, 1, 2, 0, 2, 2, 0, 1, 2, 1, 1, 2, 0, 1, 2, 1, 1, 2, 2, 1, 1, 0, 1, 0, 0, 0, 1, 1, 1, 1, 1, 1, 2, 0, 1, 1, 2, 0]|[0, 3, 0, 3, 4, 1, 4, 4, 2, 4, 3, 2, 1, 0, 2, 1, 1, 1, 2, 1, 1, 3, 0, 1, 0, 1, 1, 4, 1, 4, 3, 2, 2, 0, 4, 1, 1, 4, 1, 1, 2, 1, 4, 4, 1, 1, 0, 2, 3, 2, 2, 1, 2, 1, 1, 2, 4, 3, 0, 2, 2, 3, 3, 1, 1, 2, 1, 1, 2, 4, 1, 3, 4, 1, 2, 4, 1, 3, 3, 1, 1, 4, 4, 2, 3, 2, 2, 2, 3, 4, 3, 4, 4, 4, 1, 2, 3, 4, 1, 2]|[0, 2, 0, 0, 3, 0, 1, 3, 0, 0, 2, 0, 1, 0, 1, 0, 0, 0, 1, 0, 0, 2, 0, 0, 1, 0, 0, 3, 0, 1, 0, 2, 0, 0, 3, 0, 1, 3, 0, 0, 0, 0, 1, 3, 0, 0, 1, 0, 2, 0, 0, 0, 0, 0, 1, 0, 1, 0, 1, 1, 0, 2, 0, 2, 0, 0, 0, 0, 0, 2, 0, 0, 1, 0, 0, 1, 0, 0, 3, 0, 0, 1, 2, 0, 0, 0, 0, 0, 3, 1, 0, 2, 1, 3, 0, 0, 0, 1, 0, 0],882.9438068981488,49877.554644704585,107717.62812963048,false
28,G3_TWC,G3_TWC,[31, 22, 82, 15, 26, 58, 95, 42, 77, 12, 47, 5, 93, 78, 98, 54, 85, 63, 18, 44, 20, 35, 43, 97, 91, 76, 10, 30, 21, 45, 71, 64, 1, 23, 17, 83, 24, 14, 60, 36, 6, 57, 94, 88, 65, 56, 79, 40, 67, 68, 46, 75, 38, 9, 19, 32, 81, 41, 27, 62, 87, 90, 99, 59, 11, 16, 72, 73, 70, 39, 37, 84, 3, 92, 25, 55, 28, 29, 51, 7, 33, 61, 86, 66, 89, 50, 48, 96, 53, 8, 80, 4, 34, 49, 52, 0, 13, 69, 2, 74]|[1, 1, 0, 1, 1, 1, 2, 1, 2, 1, 2, 2, 2, 1, 1, 0, 0, 1, 0, 2, 2, 0, 1, 2, 0, 1, 2, 2, 0, 0, 1, 2, 1, 2, 1, 0, 2, 0, 1, 1, 0, 1, 1, 1, 0, 2, 1, 1, 0, 0, 0, 0, 1, 1, 2, 1, 2, 0, 0, 0, 2, 1, 0, 1, 2, 1, 2, 1, 1, 1, 1, 1, 1, 0, 1, 1, 0, 0, 0, 1, 2, 1, 0, 2, 1, 0, 0, 0, 0, 1, 0, 0, 2, 0, 1, 0, 0, 1, 0, 2]|[4, 3, 2, 2, 0, 0, 2, 2, 2, 4, 1, 1, 2, 4, 4, 1, 2, 4, 2, 1, 1, 1, 1, 2, 1, 2, 1, 1, 1, 1, 3, 2, 3, 0, 4, 0, 1, 1, 0, 3, 2, 2, 4, 0, 1, 1, 0, 2, 0, 1, 2, 2, 1, 4, 0, 3, 2, 1, 1, 2, 1, 3, 1, 1, 1, 3, 0, 4, 3, 1, 4, 1, 1, 2, 4, 4, 2, 1, 1, 3, 1, 3, 1, 1, 1, 1, 1, 1, 2, 3, 1, 2, 1, 1, 1, 2, 2, 3, 2, 1]|[0, 2, 1, 1, 3, 3, 0, 1, 0, 0, 0, 0, 1, 0, 1, 0, 0, 3, 1, 0, 0, 0, 3, 1, 0, 2, 0, 0, 0, 1, 0, 0, 0, 0, 3, 0, 1, 0, 0, 2, 1, 1, 2, 0, 0, 0, 0, 1, 1, 0, 0, 0, 1, 3, 0, 0, 1, 0, 0, 1, 0, 2, 0, 1, 0, 2, 1, 0, 0, 1, 1, 3, 1, 1, 3, 3, 1, 0, 0, 2, 0, 0, 0, 0, 1, 0, 0, 0, 1, 2, 0, 1, 0, 1, 1, 0, 0, 0, 0, 0],802.1274951829081,57956.38699448537,89691.2003308727,false
28,G1_CMAX,G4_BALANCED,[31, 22, 82, 15, 26, 58, 95, 42, 77, 12, 47, 5, 93, 78, 86, 54, 85, 63, 18, 44, 20, 35, 43, 97, 66, 76, 10, 30, 21, 45, 71, 64, 1, 23, 17, 83, 24, 14, 60, 36, 6, 57, 40, 88, 65, 56, 79, 94, 67, 68, 46, 75, 38, 9, 19, 32, 81, 41, 27, 62, 87, 90, 99, 59, 11, 16, 72, 73, 70, 39, 37, 84, 3, 92, 25, 55, 29, 28, 51, 7, 33, 61, 48, 98, 89, 50, 4, 96, 53, 80, 8, 91, 69, 0, 52, 49, 74, 34, 2, 13]|[1, 1, 0, 1, 1, 0, 1, 2, 2, 1, 2, 2, 2, 1, 1, 0, 0, 1, 0, 2, 2, 0, 1, 2, 2, 1, 2, 2, 0, 0, 1, 2, 1, 2, 1, 0, 2, 0, 1, 1, 0, 1, 1, 1, 0, 2, 2, 1, 0, 0, 0, 0, 1, 1, 2, 1, 0, 0, 0, 0, 2, 1, 0, 1, 2, 1, 2, 1, 1, 1, 1, 1, 1, 0, 1, 2, 0, 0, 0, 1, 2, 1, 0, 2, 1, 0, 1, 2, 0, 0, 1, 0, 1, 0, 1, 0, 2, 2, 0, 0]|[4, 3, 2, 2, 4, 1, 2, 2, 2, 4, 1, 1, 2, 4, 4, 1, 2, 4, 2, 1, 1, 1, 1, 2, 1, 2, 1, 1, 1, 1, 3, 1, 3, 1, 4, 0, 1, 1, 0, 3, 2, 2, 2, 0, 1, 1, 1, 4, 0, 1, 2, 2, 1, 4, 0, 3, 1, 1, 1, 2, 1, 3, 1, 1, 1, 3, 0, 4, 3, 1, 4, 1, 1, 2, 4, 1, 1, 2, 1, 1, 1, 3, 1, 1, 1, 1, 4, 1, 2, 1, 3, 1, 3, 2, 1, 1, 1, 1, 2, 2]|[0, 2, 1, 1, 3, 0, 1, 0, 0, 0, 0, 0, 1, 0, 1, 0, 0, 3, 1, 0, 0, 0, 3, 1, 0, 2, 0, 0, 0, 0, 0, 0, 0, 0, 3, 0, 1, 0, 0, 2, 1, 1, 1, 0, 0, 0, 0, 2, 1, 0, 0, 0, 1, 3, 0, 0, 0, 0, 0, 1, 0, 2, 0, 1, 0, 2, 1, 0, 0, 1, 1, 3, 1, 1, 3, 0, 0, 1, 0, 2, 0, 0, 0, 0, 1, 0, 0, 0, 1, 0, 2, 0, 0, 0, 1, 1, 0, 0, 0, 0],798.7087184154349,55419.596325136656,95720.286365365,true
28,G4_BALANCED,G1_CMAX,[31, 22, 82, 15, 26, 99, 95, 42, 77, 12, 47, 5, 93, 78, 86, 54, 21, 63, 18, 44, 20, 35, 43, 97, 91, 76, 10, 30, 85, 45, 71, 64, 1, 23, 17, 83, 24, 14, 60, 36, 6, 57, 40, 88, 65, 56, 79, 94, 67, 68, 46, 29, 38, 9, 19, 32, 81, 41, 27, 87, 90, 58, 59, 62, 11, 66, 73, 70, 39, 37, 84, 3, 72, 92, 25, 55, 28, 75, 51, 7, 16, 61, 98, 48, 89, 50, 4, 96, 53, 80, 8, 33, 34, 49, 52, 0, 13, 2, 69, 74]|[1, 1, 0, 1, 1, 0, 1, 2, 2, 1, 2, 2, 2, 1, 1, 0, 0, 1, 0, 2, 2, 0, 0, 2, 0, 1, 2, 2, 0, 0, 1, 2, 1, 2, 1, 0, 2, 0, 1, 1, 0, 1, 1, 1, 0, 2, 1, 1, 0, 0, 0, 0, 1, 1, 2, 1, 2, 0, 0, 2, 1, 0, 1, 2, 2, 1, 1, 1, 1, 1, 1, 1, 2, 0, 1, 1, 0, 0, 0, 1, 2, 1, 2, 0, 1, 0, 1, 2, 0, 0, 0, 2, 2, 0, 1, 0, 0, 0, 1, 2]|[4, 3, 2, 2, 4, 1, 2, 2, 2, 4, 1, 1, 2, 4, 4, 1, 2, 4, 2, 1, 1, 1, 1, 2, 1, 2, 1, 1, 2, 1, 3, 2, 3, 1, 4, 0, 1, 1, 0, 3, 2, 2, 2, 0, 1, 1, 0, 4, 0, 1, 2, 2, 1, 4, 0, 3, 2, 1, 1, 1, 3, 1, 1, 1, 1, 3, 4, 3, 1, 4, 1, 1, 1, 0, 4, 4, 2, 1, 1, 1, 1, 3, 1, 1, 1, 1, 4, 1, 2, 1, 1, 1, 1, 1, 1, 2, 2, 2, 4, 1]|[0, 2, 1, 1, 3, 0, 1, 0, 0, 0, 0, 0, 1, 0, 1, 0, 0, 3, 1, 0, 0, 0, 0, 1, 0, 2, 0, 0, 0, 1, 0, 0, 0, 0, 3, 0, 1, 0, 0, 2, 1, 1, 1, 0, 0, 0, 0, 2, 1, 0, 0, 0, 1, 3, 0, 0, 1, 0, 0, 0, 2, 0, 1, 0, 0, 2, 0, 0, 1, 1, 3, 1, 0, 1, 3, 3, 1, 0, 0, 2, 0, 0, 0, 0, 1, 0, 0, 0, 1, 0, 0, 0, 0, 1, 1, 0, 0, 0, 2, 0],772.4340607824951,55654.327352920525,95927.2671261316,true
28,G2_TEC,G2_TEC,[31, 22, 82, 15, 26, 9, 95, 42, 77, 68, 47, 5, 93, 78, 86, 54, 85, 63, 18, 44, 20, 49, 36, 14, 74, 50, 53, 17, 21, 28, 11, 64, 3, 23, 30, 83, 24, 41, 40, 52, 65, 27, 90, 70, 39, 87, 48, 69, 99, 4, 46, 1, 13, 58, 97, 59, 45, 8, 73, 37, 35, 79, 71, 66, 76, 32, 60, 80, 96, 6, 16, 61, 33, 7, 57, 34, 12, 67, 10, 98, 56, 88, 43, 75, 91, 38, 84, 92, 29, 19, 51, 72, 89, 25, 2, 55, 62, 81, 94, 0]|[2, 1, 2, 1, 1, 2, 1, 1, 1, 1, 1, 0, 2, 2, 1, 2, 0, 0, 0, 2, 2, 1, 0, 2, 0, 2, 2, 1, 0, 1, 1, 1, 0, 0, 1, 0, 2, 1, 2, 2, 0, 0, 1, 1, 0, 2, 0, 2, 1, 0, 0, 2, 0, 0, 2, 0, 1, 1, 0, 0, 2, 1, 1, 1, 2, 0, 2, 2, 0, 1, 2, 1, 1, 2, 0, 1, 2, 1, 1, 2, 2, 1, 1, 0, 1, 0, 0, 0, 1, 1, 1, 1, 1, 1, 2, 0, 1, 1, 2, 0]|[0, 3, 0, 3, 4, 1, 4, 4, 2, 4, 3, 2, 1, 0, 2, 1, 1, 1, 2, 1, 1, 3, 0, 1, 0, 1, 1, 4, 1, 4, 3, 2, 2, 0, 4, 1, 1, 4, 1, 1, 2, 1, 4, 4, 1, 1, 0, 2, 3, 2, 2, 1, 2, 1, 1, 2, 4, 3, 0, 2, 2, 3, 3, 1, 1, 2, 1, 1, 2, 4, 1, 3, 4, 1, 2, 4, 1, 3, 3, 1, 1, 4, 4, 2, 3, 2, 2, 2, 3, 4, 3, 4, 4, 4, 1, 2, 3, 4, 1, 2]|[0, 2, 0, 0, 3, 0, 1, 3, 0, 0, 2, 0, 1, 0, 1, 0, 0, 0, 1, 0, 0, 2, 0, 0, 1, 0, 0, 3, 0, 1, 0, 2, 0, 0, 3, 0, 1, 3, 0, 0, 0, 0, 1, 3, 0, 0, 1, 0, 2, 0, 0, 0, 0, 0, 1, 0, 1, 0, 1, 1, 0, 2, 0, 2, 0, 0, 0, 0, 0, 2, 0, 0, 1, 0, 0, 1, 0, 0, 3, 0, 0, 1, 2, 0, 0, 0, 0, 0, 3, 1, 0, 2, 1, 3, 0, 0, 0, 1, 0, 0],882.9438068981488,49877.554644704585,107717.62812963048,false
28,G3_TWC,G3_TWC,[31, 22, 82, 15, 26, 58, 95, 42, 77, 12, 47, 5, 93, 78, 98, 54, 85, 63, 18, 44, 20, 35, 43, 97, 91, 76, 10, 30, 21, 45, 71, 64, 1, 23, 17, 83, 24, 14, 60, 36, 6, 57, 94, 88, 65, 56, 79, 40, 67, 68, 46, 75, 38, 9, 19, 32, 81, 41, 27, 62, 87, 90, 99, 59, 11, 16, 72, 73, 70, 39, 37, 84, 3, 92, 25, 55, 28, 29, 51, 7, 33, 61, 86, 66, 89, 50, 48, 96, 53, 8, 80, 4, 34, 49, 52, 0, 13, 69, 2, 74]|[1, 1, 0, 1, 1, 1, 2, 1, 2, 1, 2, 2, 2, 1, 1, 0, 0, 1, 0, 2, 2, 0, 1, 2, 0, 1, 2, 2, 0, 0, 1, 2, 1, 2, 1, 0, 2, 0, 1, 1, 0, 1, 1, 1, 0, 2, 1, 1, 0, 0, 0, 0, 1, 1, 2, 1, 2, 0, 0, 0, 2, 1, 0, 1, 2, 1, 2, 1, 1, 1, 1, 1, 1, 0, 1, 1, 0, 0, 0, 1, 2, 1, 0, 2, 1, 0, 0, 0, 0, 1, 0, 0, 2, 0, 1, 0, 0, 1, 0, 2]|[4, 3, 2, 2, 0, 0, 2, 2, 2, 4, 1, 1, 2, 4, 4, 1, 2, 4, 2, 1, 1, 1, 1, 2, 1, 2, 1, 1, 1, 1, 3, 2, 3, 0, 4, 0, 1, 1, 0, 3, 2, 2, 4, 0, 1, 1, 0, 2, 0, 1, 2, 2, 1, 4, 0, 3, 2, 1, 1, 2, 1, 3, 1, 1, 1, 3, 0, 4, 3, 1, 4, 1, 1, 2, 4, 4, 2, 1, 1, 3, 1, 3, 1, 1, 1, 1, 1, 1, 2, 3, 1, 2, 1, 1, 1, 2, 2, 3, 2, 1]|[0, 2, 1, 1, 3, 3, 0, 1, 0, 0, 0, 0, 1, 0, 1, 0, 0, 3, 1, 0, 0, 0, 3, 1, 0, 2, 0, 0, 0, 1, 0, 0, 0, 0, 3, 0, 1, 0, 0, 2, 1, 1, 2, 0, 0, 0, 0, 1, 1, 0, 0, 0, 1, 3, 0, 0, 1, 0, 0, 1, 0, 2, 0, 1, 0, 2, 1, 0, 0, 1, 1, 3, 1, 1, 3, 3, 1, 0, 0, 2, 0, 0, 0, 0, 1, 0, 0, 0, 1, 2, 0, 1, 0, 1, 1, 0, 0, 0, 0, 0],802.1274951829081,57956.38699448537,89691.2003308727,false
28,G1_CMAX,G4_BALANCED,[31, 22, 82, 15, 26, 58, 95, 42, 77, 12, 47, 5, 93, 78, 86, 54, 85, 63, 18, 44, 20, 35, 43, 97, 66, 76, 10, 30, 21, 45, 71, 64, 1, 23, 17, 83, 24, 14, 60, 36, 6, 57, 40, 88, 65, 56, 79, 94, 67, 68, 46, 75, 38, 9, 19, 32, 81, 41, 27, 62, 87, 90, 99, 59, 11, 16, 72, 73, 70, 39, 37, 84, 3, 92, 25, 55, 29, 28, 51, 7, 33, 61, 48, 98, 89, 50, 4, 96, 53, 80, 8, 91, 69, 0, 52, 49, 74, 34, 2, 13]|[1, 1, 0, 1, 1, 0, 1, 2, 2, 1, 2, 2, 2, 1, 1, 0, 0, 1, 0, 2, 2, 0, 1, 2, 2, 1, 2, 2, 0, 0, 1, 2, 1, 2, 1, 0, 2, 0, 1, 1, 0, 1, 1, 1, 0, 2, 2, 1, 0, 0, 0, 0, 1, 1, 2, 1, 0, 0, 0, 0, 2, 1, 0, 1, 2, 1, 2, 1, 1, 1, 1, 1, 1, 0, 1, 2, 0, 0, 0, 1, 2, 1, 0, 2, 1, 0, 1, 2, 0, 0, 1, 0, 1, 0, 1, 0, 2, 2, 0, 0]|[4, 3, 2, 2, 4, 1, 2, 2, 2, 4, 1, 1, 2, 4, 4, 1, 2, 4, 2, 1, 1, 1, 1, 2, 1, 2, 1, 1, 1, 1, 3, 1, 3, 1, 4, 0, 1, 1, 0, 3, 2, 2, 2, 0, 1, 1, 1, 4, 0, 1, 2, 2, 1, 4, 0, 3, 1, 1, 1, 2, 1, 3, 1, 1, 1, 3, 0, 4, 3, 1, 4, 1, 1, 2, 4, 1, 1, 2, 1, 1, 1, 3, 1, 1, 1, 1, 4, 1, 2, 1, 3, 1, 3, 2, 1, 1, 1, 1, 2, 2]|[0, 2, 1, 1, 3, 0, 1, 0, 0, 0, 0, 0, 1, 0, 1, 0, 0, 3, 1, 0, 0, 0, 3, 1, 0, 2, 0, 0, 0, 0, 0, 0, 0, 0, 3, 0, 1, 0, 0, 2, 1, 1, 1, 0, 0, 0, 0, 2, 1, 0, 0, 0, 1, 3, 0, 0, 0, 0, 0, 1, 0, 2, 0, 1, 0, 2, 1, 0, 0, 1, 1, 3, 1, 1, 3, 0, 0, 1, 0, 2, 0, 0, 0, 0, 1, 0, 0, 0, 1, 0, 2, 0, 0, 0, 1, 1, 0, 0, 0, 0],798.7087184154349,55419.596325136656,95720.286365365,true
28,G4_BALANCED,G1_CMAX,[31, 22, 82, 15, 26, 99, 95, 42, 77, 12, 47, 5, 93, 78, 86, 54, 21, 63, 18, 44, 20, 35, 43, 97, 91, 76, 10, 30, 85, 45, 71, 64, 1, 23, 17, 83, 24, 14, 60, 36, 6, 57, 40, 88, 65, 56, 79, 94, 67, 68, 46, 29, 38, 9, 19, 32, 81, 41, 27, 87, 90, 58, 59, 62, 11, 66, 73, 70, 39, 37, 84, 3, 72, 92, 25, 55, 28, 75, 51, 7, 16, 61, 98, 48, 89, 50, 4, 96, 53, 80, 8, 33, 34, 49, 52, 0, 13, 2, 69, 74]|[1, 1, 0, 1, 1, 0, 1, 2, 2, 1, 2, 2, 2, 1, 1, 0, 0, 1, 0, 2, 2, 0, 0, 2, 0, 1, 2, 2, 0, 0, 1, 2, 1, 2, 1, 0, 2, 0, 1, 1, 0, 1, 1, 1, 0, 2, 1, 1, 0, 0, 0, 0, 1, 1, 2, 1, 2, 0, 0, 2, 1, 0, 1, 2, 2, 1, 1, 1, 1, 1, 1, 1, 2, 0, 1, 1, 0, 0, 0, 1, 2, 1, 2, 0, 1, 0, 1, 2, 0, 0, 0, 2, 2, 0, 1, 0, 0, 0, 1, 2]|[4, 3, 2, 2, 4, 1, 2, 2, 2, 4, 1, 1, 2, 4, 4, 1, 2, 4, 2, 1, 1, 1, 1, 2, 1, 2, 1, 1, 2, 1, 3, 2, 3, 1, 4, 0, 1, 1, 0, 3, 2, 2, 2, 0, 1, 1, 0, 4, 0, 1, 2, 2, 1, 4, 0, 3, 2, 1, 1, 1, 3, 1, 1, 1, 1, 3, 4, 3, 1, 4, 1, 1, 1, 0, 4, 4, 2, 1, 1, 1, 1, 3, 1, 1, 1, 1, 4, 1, 2, 1, 1, 1, 1, 1, 1, 2, 2, 2, 4, 1]|[0, 2, 1, 1, 3, 0, 1, 0, 0, 0, 0, 0, 1, 0, 1, 0, 0, 3, 1, 0, 0, 0, 0, 1, 0, 2, 0, 0, 0, 1, 0, 0, 0, 0, 3, 0, 1, 0, 0, 2, 1, 1, 1, 0, 0, 0, 0, 2, 1, 0, 0, 0, 1, 3, 0, 0, 1, 0, 0, 0, 2, 0, 1, 0, 0, 2, 0, 0, 1, 1, 3, 1, 0, 1, 3, 3, 1, 0, 0, 2, 0, 0, 0, 0, 1, 0, 0, 0, 1, 0, 0, 0, 0, 1, 1, 0, 0, 0, 2, 0],772.4340607824951,55654.327352920525,95927.2671261316,true
28,G2_TEC,G2_TEC,[31, 22, 82, 15, 26, 9, 95, 42, 77, 68, 47, 5, 93, 78, 86, 54, 85, 63, 18, 44, 20, 49, 36, 14, 74, 50, 53, 17, 21, 28, 11, 64, 3, 23, 30, 83, 24, 41, 40, 52, 65, 27, 90, 70, 39, 87, 48, 69, 99, 4, 46, 1, 13, 58, 97, 59, 45, 8, 73, 37, 35, 79, 71, 66, 76, 32, 60, 80, 96, 6, 16, 61, 33, 7, 57, 34, 12, 67, 10, 98, 56, 88, 43, 75, 91, 38, 84, 92, 29, 19, 51, 72, 89, 25, 2, 55, 62, 81, 94, 0]|[2, 1, 2, 1, 1, 2, 1, 1, 1, 1, 1, 0, 2, 2, 1, 2, 0, 0, 0, 2, 2, 1, 0, 2, 0, 2, 2, 1, 0, 1, 1, 1, 0, 0, 1, 0, 2, 1, 2, 2, 0, 0, 1, 1, 0, 2, 0, 2, 1, 0, 0, 2, 0, 0, 2, 0, 1, 1, 0, 0, 2, 1, 1, 1, 2, 0, 2, 2, 0, 1, 2, 1, 1, 2, 0, 1, 2, 1, 1, 2, 2, 1, 1, 0, 1, 0, 0, 0, 1, 1, 1, 1, 1, 1, 2, 0, 1, 1, 2, 0]|[0, 3, 0, 3, 4, 1, 4, 4, 2, 4, 3, 2, 1, 0, 2, 1, 1, 1, 2, 1, 1, 3, 0, 1, 0, 1, 1, 4, 1, 4, 3, 2, 2, 0, 4, 1, 1, 4, 1, 1, 2, 1, 4, 4, 1, 1, 0, 2, 3, 2, 2, 1, 2, 1, 1, 2, 4, 3, 0, 2, 2, 3, 3, 1, 1, 2, 1, 1, 2, 4, 1, 3, 4, 1, 2, 4, 1, 3, 3, 1, 1, 4, 4, 2, 3, 2, 2, 2, 3, 4, 3, 4, 4, 4, 1, 2, 3, 4, 1, 2]|[0, 2, 0, 0, 3, 0, 1, 3, 0, 0, 2, 0, 1, 0, 1, 0, 0, 0, 1, 0, 0, 2, 0, 0, 1, 0, 0, 3, 0, 1, 0, 2, 0, 0, 3, 0, 1, 3, 0, 0, 0, 0, 1, 3, 0, 0, 1, 0, 2, 0, 0, 0, 0, 0, 1, 0, 1, 0, 1, 1, 0, 2, 0, 2, 0, 0, 0, 0, 0, 2, 0, 0, 1, 0, 0, 1, 0, 0, 3, 0, 0, 1, 2, 0, 0, 0, 0, 0, 3, 1, 0, 2, 1, 3, 0, 0, 0, 1, 0, 0],882.9438068981488,49877.554644704585,107717.62812963048,false
28,G3_TWC,G3_TWC,[31, 22, 82, 15, 26, 58, 95, 42, 77, 12, 47, 5, 93, 78, 98, 54, 85, 63, 18, 44, 20, 35, 43, 97, 91, 76, 10, 30, 21, 45, 71, 64, 1, 23, 17, 83, 24, 14, 60, 36, 6, 57, 94, 88, 65, 56, 79, 40, 67, 68, 46, 75, 38, 9, 19, 32, 81, 41, 27, 62, 87, 90, 99, 59, 11, 16, 72, 73, 70, 39, 37, 84, 3, 92, 25, 55, 28, 29, 51, 7, 33, 61, 86, 66, 89, 50, 48, 96, 53, 8, 80, 4, 34, 49, 52, 0, 13, 69, 2, 74]|[1, 1, 0, 1, 1, 1, 2, 1, 2, 1, 2, 2, 2, 1, 1, 0, 0, 1, 0, 2, 2, 0, 1, 2, 0, 1, 2, 2, 0, 0, 1, 2, 1, 2, 1, 0, 2, 0, 1, 1, 0, 1, 1, 1, 0, 2, 1, 1, 0, 0, 0, 0, 1, 1, 2, 1, 2, 0, 0, 0, 2, 1, 0, 1, 2, 1, 2, 1, 1, 1, 1, 1, 1, 0, 1, 1, 0, 0, 0, 1, 2, 1, 0, 2, 1, 0, 0, 0, 0, 1, 0, 0, 2, 0, 1, 0, 0, 1, 0, 2]|[4, 3, 2, 2, 0, 0, 2, 2, 2, 4, 1, 1, 2, 4, 4, 1, 2, 4, 2, 1, 1, 1, 1, 2, 1, 2, 1, 1, 1, 1, 3, 2, 3, 0, 4, 0, 1, 1, 0, 3, 2, 2, 4, 0, 1, 1, 0, 2, 0, 1, 2, 2, 1, 4, 0, 3, 2, 1, 1, 2, 1, 3, 1, 1, 1, 3, 0, 4, 3, 1, 4, 1, 1, 2, 4, 4, 2, 1, 1, 3, 1, 3, 1, 1, 1, 1, 1, 1, 2, 3, 1, 2, 1, 1, 1, 2, 2, 3, 2, 1]|[0, 2, 1, 1, 3, 3, 0, 1, 0, 0, 0, 0, 1, 0, 1, 0, 0, 3, 1, 0, 0, 0, 3, 1, 0, 2, 0, 0, 0, 1, 0, 0, 0, 0, 3, 0, 1, 0, 0, 2, 1, 1, 2, 0, 0, 0, 0, 1, 1, 0, 0, 0, 1, 3, 0, 0, 1, 0, 0, 1, 0, 2, 0, 1, 0, 2, 1, 0, 0, 1, 1, 3, 1, 1, 3, 3, 1, 0, 0, 2, 0, 0, 0, 0, 1, 0, 0, 0, 1, 2, 0, 1, 0, 1, 1, 0, 0, 0, 0, 0],802.1274951829081,57956.38699448537,89691.2003308727,false
28,G1_CMAX,G4_BALANCED,[31, 22, 82, 15, 26, 58, 95, 42, 77, 12, 47, 5, 93, 78, 86, 54, 85, 63, 18, 44, 20, 35, 43, 97, 66, 76, 10, 30, 21, 45, 71, 64, 1, 23, 17, 83, 24, 14, 60, 36, 6, 57, 40, 88, 65, 56, 79, 94, 67, 68, 46, 75, 38, 9, 19, 32, 81, 41, 27, 62, 87, 90, 99, 59, 11, 16, 72, 73, 70, 39, 37, 84, 3, 92, 25, 55, 29, 28, 51, 7, 33, 61, 48, 98, 89, 50, 4, 96, 53, 80, 8, 91, 69, 0, 52, 49, 74, 34, 2, 13]|[1, 1, 0, 1, 1, 0, 1, 2, 2, 1, 2, 2, 2, 1, 1, 0, 0, 1, 0, 2, 2, 0, 1, 2, 2, 1, 2, 2, 0, 0, 1, 2, 1, 2, 1, 0, 2, 0, 1, 1, 0, 1, 1, 1, 0, 2, 2, 1, 0, 0, 0, 0, 1, 1, 2, 1, 0, 0, 0, 0, 2, 1, 0, 1, 2, 1, 2, 1, 1, 1, 1, 1, 1, 0, 1, 2, 0, 0, 0, 1, 2, 1, 0, 2, 1, 0, 1, 2, 0, 0, 1, 0, 1, 0, 1, 0, 2, 2, 0, 0]|[4, 3, 2, 2, 4, 1, 2, 2, 2, 4, 1, 1, 2, 4, 4, 1, 2, 4, 2, 1, 1, 1, 1, 2, 1, 2, 1, 1, 1, 1, 3, 1, 3, 1, 4, 0, 1, 1, 0, 3, 2, 2, 2, 0, 1, 1, 1, 4, 0, 1, 2, 2, 1, 4, 0, 3, 1, 1, 1, 2, 1, 3, 1, 1, 1, 3, 0, 4, 3, 1, 4, 1, 1, 2, 4, 1, 1, 2, 1, 1, 1, 3, 1, 1, 1, 1, 4, 1, 2, 1, 3, 1, 3, 2, 1, 1, 1, 1, 2, 2]|[0, 2, 1, 1, 3, 0, 1, 0, 0, 0, 0, 0, 1, 0, 1, 0, 0, 3, 1, 0, 0, 0, 3, 1, 0, 2, 0, 0, 0, 0, 0, 0, 0, 0, 3, 0, 1, 0, 0, 2, 1, 1, 1, 0, 0, 0, 0, 2, 1, 0, 0, 0, 1, 3, 0, 0, 0, 0, 0, 1, 0, 2, 0, 1, 0, 2, 1, 0, 0, 1, 1, 3, 1, 1, 3, 0, 0, 1, 0, 2, 0, 0, 0, 0, 1, 0, 0, 0, 1, 0, 2, 0, 0, 0, 1, 1, 0, 0, 0, 0],798.7087184154349,55419.596325136656,95720.286365365,true
28,G4_BALANCED,G1_CMAX,[31, 22, 82, 15, 26, 99, 95, 42, 77, 12, 47, 5, 93, 78, 86, 54, 21, 63, 18, 44, 20, 35, 43, 97, 91, 76, 10, 30, 85, 45, 71, 64, 1, 23, 17, 83, 24, 14, 60, 36, 6, 57, 40, 88, 65, 56, 79, 94, 67, 68, 46, 29, 38, 9, 19, 32, 81, 41, 27, 87, 90, 58, 59, 62, 11, 66, 73, 70, 39, 37, 84, 3, 72, 92, 25, 55, 28, 75, 51, 7, 16, 61, 98, 48, 89, 50, 4, 96, 53, 80, 8, 33, 34, 49, 52, 0, 13, 2, 69, 74]|[1, 1, 0, 1, 1, 0, 1, 2, 2, 1, 2, 2, 2, 1, 1, 0, 0, 1, 0, 2, 2, 0, 0, 2, 0, 1, 2, 2, 0, 0, 1, 2, 1, 2, 1, 0, 2, 0, 1, 1, 0, 1, 1, 1, 0, 2, 1, 1, 0, 0, 0, 0, 1, 1, 2, 1, 2, 0, 0, 2, 1, 0, 1, 2, 2, 1, 1, 1, 1, 1, 1, 1, 2, 0, 1, 1, 0, 0, 0, 1, 2, 1, 2, 0, 1, 0, 1, 2, 0, 0, 0, 2, 2, 0, 1, 0, 0, 0, 1, 2]|[4, 3, 2, 2, 4, 1, 2, 2, 2, 4, 1, 1, 2, 4, 4, 1, 2, 4, 2, 1, 1, 1, 1, 2, 1, 2, 1, 1, 2, 1, 3, 2, 3, 1, 4, 0, 1, 1, 0, 3, 2, 2, 2, 0, 1, 1, 0, 4, 0, 1, 2, 2, 1, 4, 0, 3, 2, 1, 1, 1, 3, 1, 1, 1, 1, 3, 4, 3, 1, 4, 1, 1, 1, 0, 4, 4, 2, 1, 1, 1, 1, 3, 1, 1, 1, 1, 4, 1, 2, 1, 1, 1, 1, 1, 1, 2, 2, 2, 4, 1]|[0, 2, 1, 1, 3, 0, 1, 0, 0, 0, 0, 0, 1, 0, 1, 0, 0, 3, 1, 0, 0, 0, 0, 1, 0, 2, 0, 0, 0, 1, 0, 0, 0, 0, 3, 0, 1, 0, 0, 2, 1, 1, 1, 0, 0, 0, 0, 2, 1, 0, 0, 0, 1, 3, 0, 0, 1, 0, 0, 0, 2, 0, 1, 0, 0, 2, 0, 0, 1, 1, 3, 1, 0, 1, 3, 3, 1, 0, 0, 2, 0, 0, 0, 0, 1, 0, 0, 0, 1, 0, 0, 0, 0, 1, 1, 0, 0, 0, 2, 0],772.4340607824951,55654.327352920525,95927.2671261316,true
28,G2_TEC,G2_TEC,[31, 22, 82, 15, 26, 9, 95, 42, 77, 68, 47, 5, 93, 78, 86, 54, 85, 63, 18, 44, 20, 49, 36, 14, 74, 50, 53, 17, 21, 28, 11, 64, 3, 23, 30, 83, 24, 41, 40, 52, 65, 27, 90, 70, 39, 87, 48, 69, 99, 4, 46, 1, 13, 58, 97, 59, 45, 8, 73, 37, 35, 79, 71, 66, 76, 32, 60, 80, 96, 6, 16, 61, 33, 7, 57, 34, 12, 67, 10, 98, 56, 88, 43, 75, 91, 38, 84, 92, 29, 19, 51, 72, 89, 25, 2, 55, 62, 81, 94, 0]|[2, 1, 2, 1, 1, 2, 1, 1, 1, 1, 1, 0, 2, 2, 1, 2, 0, 0, 0, 2, 2, 1, 0, 2, 0, 2, 2, 1, 0, 1, 1, 1, 0, 0, 1, 0, 2, 1, 2, 2, 0, 0, 1, 1, 0, 2, 0, 2, 1, 0, 0, 2, 0, 0, 2, 0, 1, 1, 0, 0, 2, 1, 1, 1, 2, 0, 2, 2, 0, 1, 2, 1, 1, 2, 0, 1, 2, 1, 1, 2, 2, 1, 1, 0, 1, 0, 0, 0, 1, 1, 1, 1, 1, 1, 2, 0, 1, 1, 2, 0]|[0, 3, 0, 3, 4, 1, 4, 4, 2, 4, 3, 2, 1, 0, 2, 1, 1, 1, 2, 1, 1, 3, 0, 1, 0, 1, 1, 4, 1, 4, 3, 2, 2, 0, 4, 1, 1, 4, 1, 1, 2, 1, 4, 4, 1, 1, 0, 2, 3, 2, 2, 1, 2, 1, 1, 2, 4, 3, 0, 2, 2, 3, 3, 1, 1, 2, 1, 1, 2, 4, 1, 3, 4, 1, 2, 4, 1, 3, 3, 1, 1, 4, 4, 2, 3, 2, 2, 2, 3, 4, 3, 4, 4, 4, 1, 2, 3, 4, 1, 2]|[0, 2, 0, 0, 3, 0, 1, 3, 0, 0, 2, 0, 1, 0, 1, 0, 0, 0, 1, 0, 0, 2, 0, 0, 1, 0, 0, 3, 0, 1, 0, 2, 0, 0, 3, 0, 1, 3, 0, 0, 0, 0, 1, 3, 0, 0, 1, 0, 2, 0, 0, 0, 0, 0, 1, 0, 1, 0, 1, 1, 0, 2, 0, 2, 0, 0, 0, 0, 0, 2, 0, 0, 1, 0, 0, 1, 0, 0, 3, 0, 0, 1, 2, 0, 0, 0, 0, 0, 3, 1, 0, 2, 1, 3, 0, 0, 0, 1, 0, 0],882.9438068981488,49877.554644704585,107717.62812963048,false
28,G3_TWC,G3_TWC,[31, 22, 82, 15, 26, 58, 95, 42, 77, 12, 47, 5, 93, 78, 98, 54, 85, 63, 18, 44, 20, 35, 43, 97, 91, 76, 10, 30, 21, 45, 71, 64, 1, 23, 17, 83, 24, 14, 60, 36, 6, 57, 94, 88, 65, 56, 79, 40, 67, 68, 46, 75, 38, 9, 19, 32, 81, 41, 27, 62, 87, 90, 99, 59, 11, 16, 72, 73, 70, 39, 37, 84, 3, 92, 25, 55, 28, 29, 51, 7, 33, 61, 86, 66, 89, 50, 48, 96, 53, 8, 80, 4, 34, 49, 52, 0, 13, 69, 2, 74]|[1, 1, 0, 1, 1, 1, 2, 1, 2, 1, 2, 2, 2, 1, 1, 0, 0, 1, 0, 2, 2, 0, 1, 2, 0, 1, 2, 2, 0, 0, 1, 2, 1, 2, 1, 0, 2, 0, 1, 1, 0, 1, 1, 1, 0, 2, 1, 1, 0, 0, 0, 0, 1, 1, 2, 1, 2, 0, 0, 0, 2, 1, 0, 1, 2, 1, 2, 1, 1, 1, 1, 1, 1, 0, 1, 1, 0, 0, 0, 1, 2, 1, 0, 2, 1, 0, 0, 0, 0, 1, 0, 0, 2, 0, 1, 0, 0, 1, 0, 2]|[4, 3, 2, 2, 0, 0, 2, 2, 2, 4, 1, 1, 2, 4, 4, 1, 2, 4, 2, 1, 1, 1, 1, 2, 1, 2, 1, 1, 1, 1, 3, 2, 3, 0, 4, 0, 1, 1, 0, 3, 2, 2, 4, 0, 1, 1, 0, 2, 0, 1, 2, 2, 1, 4, 0, 3, 2, 1, 1, 2, 1, 3, 1, 1, 1, 3, 0, 4, 3, 1, 4, 1, 1, 2, 4, 4, 2, 1, 1, 3, 1, 3, 1, 1, 1, 1, 1, 1, 2, 3, 1, 2, 1, 1, 1, 2, 2, 3, 2, 1]|[0, 2, 1, 1, 3, 3, 0, 1, 0, 0, 0, 0, 1, 0, 1, 0, 0, 3, 1, 0, 0, 0, 3, 1, 0, 2, 0, 0, 0, 1, 0, 0, 0, 0, 3, 0, 1, 0, 0, 2, 1, 1, 2, 0, 0, 0, 0, 1, 1, 0, 0, 0, 1, 3, 0, 0, 1, 0, 0, 1, 0, 2, 0, 1, 0, 2, 1, 0, 0, 1, 1, 3, 1, 1, 3, 3, 1, 0, 0, 2, 0, 0, 0, 0, 1, 0, 0, 0, 1, 2, 0, 1, 0, 1, 1, 0, 0, 0, 0, 0],802.1274951829081,57956.38699448537,89691.2003308727,false
28,G1_CMAX,G4_BALANCED,[31, 22, 82, 15, 26, 58, 95, 42, 77, 12, 47, 5, 93, 78, 86, 54, 85, 63, 18, 44, 20, 35, 43, 97, 66, 76, 10, 30, 21, 45, 71, 64, 1, 23, 17, 83, 24, 14, 60, 36, 6, 57, 40, 88, 65, 56, 79, 94, 67, 68, 46, 75, 38, 9, 19, 32, 81, 41, 27, 62, 87, 90, 99, 59, 11, 16, 72, 73, 70, 39, 37, 84, 3, 92, 25, 55, 29, 28, 51, 7, 33, 61, 48, 98, 89, 50, 4, 96, 53, 80, 8, 91, 69, 0, 52, 49, 74, 34, 2, 13]|[1, 1, 0, 1, 1, 0, 1, 2, 2, 1, 2, 2, 2, 1, 1, 0, 0, 1, 0, 2, 2, 0, 1, 2, 2, 1, 2, 2, 0, 0, 1, 2, 1, 2, 1, 0, 2, 0, 1, 1, 0, 1, 1, 1, 0, 2, 2, 1, 0, 0, 0, 0, 1, 1, 2, 1, 0, 0, 0, 0, 2, 1, 0, 1, 2, 1, 2, 1, 1, 1, 1, 1, 1, 0, 1, 2, 0, 0, 0, 1, 2, 1, 0, 2, 1, 0, 1, 2, 0, 0, 1, 0, 1, 0, 1, 0, 2, 2, 0, 0]|[4, 3, 2, 2, 4, 1, 2, 2, 2, 4, 1, 1, 2, 4, 4, 1, 2, 4, 2, 1, 1, 1, 1, 2, 1, 2, 1, 1, 1, 1, 3, 1, 3, 1, 4, 0, 1, 1, 0, 3, 2, 2, 2, 0, 1, 1, 1, 4, 0, 1, 2, 2, 1, 4, 0, 3, 1, 1, 1, 2, 1, 3, 1, 1, 1, 3, 0, 4, 3, 1, 4, 1, 1, 2, 4, 1, 1, 2, 1, 1, 1, 3, 1, 1, 1, 1, 4, 1, 2, 1, 3, 1, 3, 2, 1, 1, 1, 1, 2, 2]|[0, 2, 1, 1, 3, 0, 1, 0, 0, 0, 0, 0, 1, 0, 1, 0, 0, 3, 1, 0, 0, 0, 3, 1, 0, 2, 0, 0, 0, 0, 0, 0, 0, 0, 3, 0, 1, 0, 0, 2, 1, 1, 1, 0, 0, 0, 0, 2, 1, 0, 0, 0, 1, 3, 0, 0, 0, 0, 0, 1, 0, 2, 0, 1, 0, 2, 1, 0, 0, 1, 1, 3, 1, 1, 3, 0, 0, 1, 0, 2, 0, 0, 0, 0, 1, 0, 0, 0, 1, 0, 2, 0, 0, 0, 1, 1, 0, 0, 0, 0],798.7087184154349,55419.596325136656,95720.286365365,true
28,G4_BALANCED,G1_CMAX,[31, 22, 82, 15, 26, 99, 95, 42, 77, 12, 47, 5, 93, 78, 86, 54, 21, 63, 18, 44, 20, 35, 43, 97, 91, 76, 10, 30, 85, 45, 71, 64, 1, 23, 17, 83, 24, 14, 60, 36, 6, 57, 40, 88, 65, 56, 79, 94, 67, 68, 46, 29, 38, 9, 19, 32, 81, 41, 27, 87, 90, 58, 59, 62, 11, 66, 73, 70, 39, 37, 84, 3, 72, 92, 25, 55, 28, 75, 51, 7, 16, 61, 98, 48, 89, 50, 4, 96, 53, 80, 8, 33, 34, 49, 52, 0, 13, 2, 69, 74]|[1, 1, 0, 1, 1, 0, 1, 2, 2, 1, 2, 2, 2, 1, 1, 0, 0, 1, 0, 2, 2, 0, 0, 2, 0, 1, 2, 2, 0, 0, 1, 2, 1, 2, 1, 0, 2, 0, 1, 1, 0, 1, 1, 1, 0, 2, 1, 1, 0, 0, 0, 0, 1, 1, 2, 1, 2, 0, 0, 2, 1, 0, 1, 2, 2, 1, 1, 1, 1, 1, 1, 1, 2, 0, 1, 1, 0, 0, 0, 1, 2, 1, 2, 0, 1, 0, 1, 2, 0, 0, 0, 2, 2, 0, 1, 0, 0, 0, 1, 2]|[4, 3, 2, 2, 4, 1, 2, 2, 2, 4, 1, 1, 2, 4, 4, 1, 2, 4, 2, 1, 1, 1, 1, 2, 1, 2, 1, 1, 2, 1, 3, 2, 3, 1, 4, 0, 1, 1, 0, 3, 2, 2, 2, 0, 1, 1, 0, 4, 0, 1, 2, 2, 1, 4, 0, 3, 2, 1, 1, 1, 3, 1, 1, 1, 1, 3, 4, 3, 1, 4, 1, 1, 1, 0, 4, 4, 2, 1, 1, 1, 1, 3, 1, 1, 1, 1, 4, 1, 2, 1, 1, 1, 1, 1, 1, 2, 2, 2, 4, 1]|[0, 2, 1, 1, 3, 0, 1, 0, 0, 0, 0, 0, 1, 0, 1, 0, 0, 3, 1, 0, 0, 0, 0, 1, 0, 2, 0, 0, 0, 1, 0, 0, 0, 0, 3, 0, 1, 0, 0, 2, 1, 1, 1, 0, 0, 0, 0, 2, 1, 0, 0, 0, 1, 3, 0, 0, 1, 0, 0, 0, 2, 0, 1, 0, 0, 2, 0, 0, 1, 1, 3, 1, 0, 1, 3, 3, 1, 0, 0, 2, 0, 0, 0, 0, 1, 0, 0, 0, 1, 0, 0, 0, 0, 1, 1, 0, 0, 0, 2, 0],772.4340607824951,55654.327352920525,95927.2671261316,true
28,G2_TEC,G2_TEC,[31, 22, 82, 15, 26, 9, 95, 42, 77, 68, 47, 5, 93, 78, 86, 54, 85, 63, 18, 44, 20, 49, 36, 14, 74, 50, 53, 17, 21, 28, 11, 64, 3, 23, 30, 83, 24, 41, 40, 52, 65, 27, 90, 70, 39, 87, 48, 69, 99, 4, 46, 1, 13, 58, 97, 59, 45, 8, 73, 37, 35, 79, 71, 66, 76, 32, 60, 80, 96, 6, 16, 61, 33, 7, 57, 34, 12, 67, 10, 98, 56, 88, 43, 75, 91, 38, 84, 92, 29, 19, 51, 72, 89, 25, 2, 55, 62, 81, 94, 0]|[2, 1, 2, 1, 1, 2, 1, 1, 1, 1, 1, 0, 2, 2, 1, 2, 0, 0, 0, 2, 2, 1, 0, 2, 0, 2, 2, 1, 0, 1, 1, 1, 0, 0, 1, 0, 2, 1, 2, 2, 0, 0, 1, 1, 0, 2, 0, 2, 1, 0, 0, 2, 0, 0, 2, 0, 1, 1, 0, 0, 2, 1, 1, 1, 2, 0, 2, 2, 0, 1, 2, 1, 1, 2, 0, 1, 2, 1, 1, 2, 2, 1, 1, 0, 1, 0, 0, 0, 1, 1, 1, 1, 1, 1, 2, 0, 1, 1, 2, 0]|[0, 3, 0, 3, 4, 1, 4, 4, 2, 4, 3, 2, 1, 0, 2, 1, 1, 1, 2, 1, 1, 3, 0, 1, 0, 1, 1, 4, 1, 4, 3, 2, 2, 0, 4, 1, 1, 4, 1, 1, 2, 1, 4, 4, 1, 1, 0, 2, 3, 2, 2, 1, 2, 1, 1, 2, 4, 3, 0, 2, 2, 3, 3, 1, 1, 2, 1, 1, 2, 4, 1, 3, 4, 1, 2, 4, 1, 3, 3, 1, 1, 4, 4, 2, 3, 2, 2, 2, 3, 4, 3, 4, 4, 4, 1, 2, 3, 4, 1, 2]|[0, 2, 0, 0, 3, 0, 1, 3, 0, 0, 2, 0, 1, 0, 1, 0, 0, 0, 1, 0, 0, 2, 0, 0, 1, 0, 0, 3, 0, 1, 0, 2, 0, 0, 3, 0, 1, 3, 0, 0, 0, 0, 1, 3, 0, 0, 1, 0, 2, 0, 0, 0, 0, 0, 1, 0, 1, 0, 1, 1, 0, 2, 0, 2, 0, 0, 0, 0, 0, 2, 0, 0, 1, 0, 0, 1, 0, 0, 3, 0, 0, 1, 2, 0, 0, 0, 0, 0, 3, 1, 0, 2, 1, 3, 0, 0, 0, 1, 0, 0],882.9438068981488,49877.554644704585,107717.62812963048,false
28,G3_TWC,G3_TWC,[31, 22, 82, 15, 26, 58, 95, 42, 77, 12, 47, 5, 93, 78, 98, 54, 85, 63, 18, 44, 20, 35, 43, 97, 91, 76, 10, 30, 21, 45, 71, 64, 1, 23, 17, 83, 24, 14, 60, 36, 6, 57, 94, 88, 65, 56, 79, 40, 67, 68, 46, 75, 38, 9, 19, 32, 81, 41, 27, 62, 87, 90, 99, 59, 11, 16, 72, 73, 70, 39, 37, 84, 3, 92, 25, 55, 28, 29, 51, 7, 33, 61, 86, 66, 89, 50, 48, 96, 53, 8, 80, 4, 34, 49, 52, 0, 13, 69, 2, 74]|[1, 1, 0, 1, 1, 1, 2, 1, 2, 1, 2, 2, 2, 1, 1, 0, 0, 1, 0, 2, 2, 0, 1, 2, 0, 1, 2, 2, 0, 0, 1, 2, 1, 2, 1, 0, 2, 0, 1, 1, 0, 1, 1, 1, 0, 2, 1, 1, 0, 0, 0, 0, 1, 1, 2, 1, 2, 0, 0, 0, 2, 1, 0, 1, 2, 1, 2, 1, 1, 1, 1, 1, 1, 0, 1, 1, 0, 0, 0, 1, 2, 1, 0, 2, 1, 0, 0, 0, 0, 1, 0, 0, 2, 0, 1, 0, 0, 1, 0, 2]|[4, 3, 2, 2, 0, 0, 2, 2, 2, 4, 1, 1, 2, 4, 4, 1, 2, 4, 2, 1, 1, 1, 1, 2, 1, 2, 1, 1, 1, 1, 3, 2, 3, 0, 4, 0, 1, 1, 0, 3, 2, 2, 4, 0, 1, 1, 0, 2, 0, 1, 2, 2, 1, 4, 0, 3, 2, 1, 1, 2, 1, 3, 1, 1, 1, 3, 0, 4, 3, 1, 4, 1, 1, 2, 4, 4, 2, 1, 1, 3, 1, 3, 1, 1, 1, 1, 1, 1, 2, 3, 1, 2, 1, 1, 1, 2, 2, 3, 2, 1]|[0, 2, 1, 1, 3, 3, 0, 1, 0, 0, 0, 0, 1, 0, 1, 0, 0, 3, 1, 0, 0, 0, 3, 1, 0, 2, 0, 0, 0, 1, 0, 0, 0, 0, 3, 0, 1, 0, 0, 2, 1, 1, 2, 0, 0, 0, 0, 1, 1, 0, 0, 0, 1, 3, 0, 0, 1, 0, 0, 1, 0, 2, 0, 1, 0, 2, 1, 0, 0, 1, 1, 3, 1, 1, 3, 3, 1, 0, 0, 2, 0, 0, 0, 0, 1, 0, 0, 0, 1, 2, 0, 1, 0, 1, 1, 0, 0, 0, 0, 0],802.1274951829081,57956.38699448537,89691.2003308727,false
28,G1_CMAX,G4_BALANCED,[31, 22, 82, 15, 26, 58, 95, 42, 77, 12, 47, 5, 93, 78, 86, 54, 85, 63, 18, 44, 20, 35, 43, 97, 66, 76, 10, 30, 21, 45, 71, 64, 1, 23, 17, 83, 24, 14, 60, 36, 6, 57, 40, 88, 65, 56, 79, 94, 67, 68, 46, 75, 38, 9, 19, 32, 81, 41, 27, 62, 87, 90, 99, 59, 11, 16, 72, 73, 70, 39, 37, 84, 3, 92, 25, 55, 29, 28, 51, 7, 33, 61, 48, 98, 89, 50, 4, 96, 53, 80, 8, 91, 69, 0, 52, 49, 74, 34, 2, 13]|[1, 1, 0, 1, 1, 0, 1, 2, 2, 1, 2, 2, 2, 1, 1, 0, 0, 1, 0, 2, 2, 0, 1, 2, 2, 1, 2, 2, 0, 0, 1, 2, 1, 2, 1, 0, 2, 0, 1, 1, 0, 1, 1, 1, 0, 2, 2, 1, 0, 0, 0, 0, 1, 1, 2, 1, 0, 0, 0, 0, 2, 1, 0, 1, 2, 1, 2, 1, 1, 1, 1, 1, 1, 0, 1, 2, 0, 0, 0, 1, 2, 1, 0, 2, 1, 0, 1, 2, 0, 0, 1, 0, 1, 0, 1, 0, 2, 2, 0, 0]|[4, 3, 2, 2, 4, 1, 2, 2, 2, 4, 1, 1, 2, 4, 4, 1, 2, 4, 2, 1, 1, 1, 1, 2, 1, 2, 1, 1, 1, 1, 3, 1, 3, 1, 4, 0, 1, 1, 0, 3, 2, 2, 2, 0, 1, 1, 1, 4, 0, 1, 2, 2, 1, 4, 0, 3, 1, 1, 1, 2, 1, 3, 1, 1, 1, 3, 0, 4, 3, 1, 4, 1, 1, 2, 4, 1, 1, 2, 1, 1, 1, 3, 1, 1, 1, 1, 4, 1, 2, 1, 3, 1, 3, 2, 1, 1, 1, 1, 2, 2]|[0, 2, 1, 1, 3, 0, 1, 0, 0, 0, 0, 0, 1, 0, 1, 0, 0, 3, 1, 0, 0, 0, 3, 1, 0, 2, 0, 0, 0, 0, 0, 0, 0, 0, 3, 0, 1, 0, 0, 2, 1, 1, 1, 0, 0, 0, 0, 2, 1, 0, 0, 0, 1, 3, 0, 0, 0, 0, 0, 1, 0, 2, 0, 1, 0, 2, 1, 0, 0, 1, 1, 3, 1, 1, 3, 0, 0, 1, 0, 2, 0, 0, 0, 0, 1, 0, 0, 0, 1, 0, 2, 0, 0, 0, 1, 1, 0, 0, 0, 0],798.7087184154349,55419.596325136656,95720.286365365,true
28,G4_BALANCED,G1_CMAX,[31, 22, 82, 15, 26, 99, 95, 42, 77, 12, 47, 5, 93, 78, 86, 54, 21, 63, 18, 44, 20, 35, 43, 97, 91, 76, 10, 30, 85, 45, 71, 64, 1, 23, 17, 83, 24, 14, 60, 36, 6, 57, 40, 88, 65, 56, 79, 94, 67, 68, 46, 29, 38, 9, 19, 32, 81, 41, 27, 87, 90, 58, 59, 62, 11, 66, 73, 70, 39, 37, 84, 3, 72, 92, 25, 55, 28, 75, 51, 7, 16, 61, 98, 48, 89, 50, 4, 96, 53, 80, 8, 33, 34, 49, 52, 0, 13, 2, 69, 74]|[1, 1, 0, 1, 1, 0, 1, 2, 2, 1, 2, 2, 2, 1, 1, 0, 0, 1, 0, 2, 2, 0, 0, 2, 0, 1, 2, 2, 0, 0, 1, 2, 1, 2, 1, 0, 2, 0, 1, 1, 0, 1, 1, 1, 0, 2, 1, 1, 0, 0, 0, 0, 1, 1, 2, 1, 2, 0, 0, 2, 1, 0, 1, 2, 2, 1, 1, 1, 1, 1, 1, 1, 2, 0, 1, 1, 0, 0, 0, 1, 2, 1, 2, 0, 1, 0, 1, 2, 0, 0, 0, 2, 2, 0, 1, 0, 0, 0, 1, 2]|[4, 3, 2, 2, 4, 1, 2, 2, 2, 4, 1, 1, 2, 4, 4, 1, 2, 4, 2, 1, 1, 1, 1, 2, 1, 2, 1, 1, 2, 1, 3, 2, 3, 1, 4, 0, 1, 1, 0, 3, 2, 2, 2, 0, 1, 1, 0, 4, 0, 1, 2, 2, 1, 4, 0, 3, 2, 1, 1, 1, 3, 1, 1, 1, 1, 3, 4, 3, 1, 4, 1, 1, 1, 0, 4, 4, 2, 1, 1, 1, 1, 3, 1, 1, 1, 1, 4, 1, 2, 1, 1, 1, 1, 1, 1, 2, 2, 2, 4, 1]|[0, 2, 1, 1, 3, 0, 1, 0, 0, 0, 0, 0, 1, 0, 1, 0, 0, 3, 1, 0, 0, 0, 0, 1, 0, 2, 0, 0, 0, 1, 0, 0, 0, 0, 3, 0, 1, 0, 0, 2, 1, 1, 1, 0, 0, 0, 0, 2, 1, 0, 0, 0, 1, 3, 0, 0, 1, 0, 0, 0, 2, 0, 1, 0, 0, 2, 0, 0, 1, 1, 3, 1, 0, 1, 3, 3, 1, 0, 0, 2, 0, 0, 0, 0, 1, 0, 0, 0, 1, 0, 0, 0, 0, 1, 1, 0, 0, 0, 2, 0],772.4340607824951,55654.327352920525,95927.2671261316,true
28,G2_TEC,G2_TEC,[31, 22, 82, 15, 26, 9, 95, 42, 77, 68, 47, 5, 93, 78, 86, 54, 85, 63, 18, 44, 20, 49, 36, 14, 74, 50, 53, 17, 21, 28, 11, 64, 3, 23, 30, 83, 24, 41, 40, 52, 65, 27, 90, 70, 39, 87, 48, 69, 99, 4, 46, 1, 13, 58, 97, 59, 45, 8, 73, 37, 35, 79, 71, 66, 76, 32, 60, 80, 96, 6, 16, 61, 33, 7, 57, 34, 12, 67, 10, 98, 56, 88, 43, 75, 91, 38, 84, 92, 29, 19, 51, 72, 89, 25, 2, 55, 62, 81, 94, 0]|[2, 1, 2, 1, 1, 2, 1, 1, 1, 1, 1, 0, 2, 2, 1, 2, 0, 0, 0, 2, 2, 1, 0, 2, 0, 2, 2, 1, 0, 1, 1, 1, 0, 0, 1, 0, 2, 1, 2, 2, 0, 0, 1, 1, 0, 2, 0, 2, 1, 0, 0, 2, 0, 0, 2, 0, 1, 1, 0, 0, 2, 1, 1, 1, 2, 0, 2, 2, 0, 1, 2, 1, 1, 2, 0, 1, 2, 1, 1, 2, 2, 1, 1, 0, 1, 0, 0, 0, 1, 1, 1, 1, 1, 1, 2, 0, 1, 1, 2, 0]|[0, 3, 0, 3, 4, 1, 4, 4, 2, 4, 3, 2, 1, 0, 2, 1, 1, 1, 2, 1, 1, 3, 0, 1, 0, 1, 1, 4, 1, 4, 3, 2, 2, 0, 4, 1, 1, 4, 1, 1, 2, 1, 4, 4, 1, 1, 0, 2, 3, 2, 2, 1, 2, 1, 1, 2, 4, 3, 0, 2, 2, 3, 3, 1, 1, 2, 1, 1, 2, 4, 1, 3, 4, 1, 2, 4, 1, 3, 3, 1, 1, 4, 4, 2, 3, 2, 2, 2, 3, 4, 3, 4, 4, 4, 1, 2, 3, 4, 1, 2]|[0, 2, 0, 0, 3, 0, 1, 3, 0, 0, 2, 0, 1, 0, 1, 0, 0, 0, 1, 0, 0, 2, 0, 0, 1, 0, 0, 3, 0, 1, 0, 2, 0, 0, 3, 0, 1, 3, 0, 0, 0, 0, 1, 3, 0, 0, 1, 0, 2, 0, 0, 0, 0, 0, 1, 0, 1, 0, 1, 1, 0, 2, 0, 2, 0, 0, 0, 0, 0, 2, 0, 0, 1, 0, 0, 1, 0, 0, 3, 0, 0, 1, 2, 0, 0, 0, 0, 0, 3, 1, 0, 2, 1, 3, 0, 0, 0, 1, 0, 0],882.9438068981488,49877.554644704585,107717.62812963048,false
28,G3_TWC,G3_TWC,[31, 22, 82, 15, 26, 58, 95, 42, 77, 12, 47, 5, 93, 78, 98, 54, 85, 63, 18, 44, 20, 35, 43, 97, 91, 76, 10, 30, 21, 45, 71, 64, 1, 23, 17, 83, 24, 14, 60, 36, 6, 57, 94, 88, 65, 56, 79, 40, 67, 68, 46, 75, 38, 9, 19, 32, 81, 41, 27, 62, 87, 90, 99, 59, 11, 16, 72, 73, 70, 39, 37, 84, 3, 92, 25, 55, 28, 29, 51, 7, 33, 61, 86, 66, 89, 50, 48, 96, 53, 8, 80, 4, 34, 49, 52, 0, 13, 69, 2, 74]|[1, 1, 0, 1, 1, 1, 2, 1, 2, 1, 2, 2, 2, 1, 1, 0, 0, 1, 0, 2, 2, 0, 1, 2, 0, 1, 2, 2, 0, 0, 1, 2, 1, 2, 1, 0, 2, 0, 1, 1, 0, 1, 1, 1, 0, 2, 1, 1, 0, 0, 0, 0, 1, 1, 2, 1, 2, 0, 0, 0, 2, 1, 0, 1, 2, 1, 2, 1, 1, 1, 1, 1, 1, 0, 1, 1, 0, 0, 0, 1, 2, 1, 0, 2, 1, 0, 0, 0, 0, 1, 0, 0, 2, 0, 1, 0, 0, 1, 0, 2]|[4, 3, 2, 2, 0, 0, 2, 2, 2, 4, 1, 1, 2, 4, 4, 1, 2, 4, 2, 1, 1, 1, 1, 2, 1, 2, 1, 1, 1, 1, 3, 2, 3, 0, 4, 0, 1, 1, 0, 3, 2, 2, 4, 0, 1, 1, 0, 2, 0, 1, 2, 2, 1, 4, 0, 3, 2, 1, 1, 2, 1, 3, 1, 1, 1, 3, 0, 4, 3, 1, 4, 1, 1, 2, 4, 4, 2, 1, 1, 3, 1, 3, 1, 1, 1, 1, 1, 1, 2, 3, 1, 2, 1, 1, 1, 2, 2, 3, 2, 1]|[0, 2, 1, 1, 3, 3, 0, 1, 0, 0, 0, 0, 1, 0, 1, 0, 0, 3, 1, 0, 0, 0, 3, 1, 0, 2, 0, 0, 0, 1, 0, 0, 0, 0, 3, 0, 1, 0, 0, 2, 1, 1, 2, 0, 0, 0, 0, 1, 1, 0, 0, 0, 1, 3, 0, 0, 1, 0, 0, 1, 0, 2, 0, 1, 0, 2, 1, 0, 0, 1, 1, 3, 1, 1, 3, 3, 1, 0, 0, 2, 0, 0, 0, 0, 1, 0, 0, 0, 1, 2, 0, 1, 0, 1, 1, 0, 0, 0, 0, 0],802.1274951829081,57956.38699448537,89691.2003308727,false
28,G1_CMAX,G4_BALANCED,[31, 22, 82, 15, 26, 58, 95, 42, 77, 12, 47, 5, 93, 78, 86, 54, 85, 63, 18, 44, 20, 35, 43, 97, 66, 76, 10, 30, 21, 45, 71, 64, 1, 23, 17, 83, 24, 14, 60, 36, 6, 57, 40, 88, 65, 56, 79, 94, 67, 68, 46, 75, 38, 9, 19, 32, 81, 41, 27, 62, 87, 90, 99, 59, 11, 16, 72, 73, 70, 39, 37, 84, 3, 92, 25, 55, 29, 28, 51, 7, 33, 61, 48, 98, 89, 50, 4, 96, 53, 80, 8, 91, 69, 0, 52, 49, 74, 34, 2, 13]|[1, 1, 0, 1, 1, 0, 1, 2, 2, 1, 2, 2, 2, 1, 1, 0, 0, 1, 0, 2, 2, 0, 1, 2, 2, 1, 2, 2, 0, 0, 1, 2, 1, 2, 1, 0, 2, 0, 1, 1, 0, 1, 1, 1, 0, 2, 2, 1, 0, 0, 0, 0, 1, 1, 2, 1, 0, 0, 0, 0, 2, 1, 0, 1, 2, 1, 2, 1, 1, 1, 1, 1, 1, 0, 1, 2, 0, 0, 0, 1, 2, 1, 0, 2, 1, 0, 1, 2, 0, 0, 1, 0, 1, 0, 1, 0, 2, 2, 0, 0]|[4, 3, 2, 2, 4, 1, 2, 2, 2, 4, 1, 1, 2, 4, 4, 1, 2, 4, 2, 1, 1, 1, 1, 2, 1, 2, 1, 1, 1, 1, 3, 1, 3, 1, 4, 0, 1, 1, 0, 3, 2, 2, 2, 0, 1, 1, 1, 4, 0, 1, 2, 2, 1, 4, 0, 3, 1, 1, 1, 2, 1, 3, 1, 1, 1, 3, 0, 4, 3, 1, 4, 1, 1, 2, 4, 1, 1, 2, 1, 1, 1, 3, 1, 1, 1, 1, 4, 1, 2, 1, 3, 1, 3, 2, 1, 1, 1, 1, 2, 2]|[0, 2, 1, 1, 3, 0, 1, 0, 0, 0, 0, 0, 1, 0, 1, 0, 0, 3, 1, 0, 0, 0, 3, 1, 0, 2, 0, 0, 0, 0, 0, 0, 0, 0, 3, 0, 1, 0, 0, 2, 1, 1, 1, 0, 0, 0, 0, 2, 1, 0, 0, 0, 1, 3, 0, 0, 0, 0, 0, 1, 0, 2, 0, 1, 0, 2, 1, 0, 0, 1, 1, 3, 1, 1, 3, 0, 0, 1, 0, 2, 0, 0, 0, 0, 1, 0, 0, 0, 1, 0, 2, 0, 0, 0, 1, 1, 0, 0, 0, 0],798.7087184154349,55419.596325136656,95720.286365365,true
28,G4_BALANCED,G1_CMAX,[31, 22, 82, 15, 26, 99, 95, 42, 77, 12, 47, 5, 93, 78, 86, 54, 21, 63, 18, 44, 20, 35, 43, 97, 91, 76, 10, 30, 85, 45, 71, 64, 1, 23, 17, 83, 24, 14, 60, 36, 6, 57, 40, 88, 65, 56, 79, 94, 67, 68, 46, 29, 38, 9, 19, 32, 81, 41, 27, 87, 90, 58, 59, 62, 11, 66, 73, 70, 39, 37, 84, 3, 72, 92, 25, 55, 28, 75, 51, 7, 16, 61, 98, 48, 89, 50, 4, 96, 53, 80, 8, 33, 34, 49, 52, 0, 13, 2, 69, 74]|[1, 1, 0, 1, 1, 0, 1, 2, 2, 1, 2, 2, 2, 1, 1, 0, 0, 1, 0, 2, 2, 0, 0, 2, 0, 1, 2, 2, 0, 0, 1, 2, 1, 2, 1, 0, 2, 0, 1, 1, 0, 1, 1, 1, 0, 2, 1, 1, 0, 0, 0, 0, 1, 1, 2, 1, 2, 0, 0, 2, 1, 0, 1, 2, 2, 1, 1, 1, 1, 1, 1, 1, 2, 0, 1, 1, 0, 0, 0, 1, 2, 1, 2, 0, 1, 0, 1, 2, 0, 0, 0, 2, 2, 0, 1, 0, 0, 0, 1, 2]|[4, 3, 2, 2, 4, 1, 2, 2, 2, 4, 1, 1, 2, 4, 4, 1, 2, 4, 2, 1, 1, 1, 1, 2, 1, 2, 1, 1, 2, 1, 3, 2, 3, 1, 4, 0, 1, 1, 0, 3, 2, 2, 2, 0, 1, 1, 0, 4, 0, 1, 2, 2, 1, 4, 0, 3, 2, 1, 1, 1, 3, 1, 1, 1, 1, 3, 4, 3, 1, 4, 1, 1, 1, 0, 4, 4, 2, 1, 1, 1, 1, 3, 1, 1, 1, 1, 4, 1, 2, 1, 1, 1, 1, 1, 1, 2, 2, 2, 4, 1]|[0, 2, 1, 1, 3, 0, 1, 0, 0, 0, 0, 0, 1, 0, 1, 0, 0, 3, 1, 0, 0, 0, 0, 1, 0, 2, 0, 0, 0, 1, 0, 0, 0, 0, 3, 0, 1, 0, 0, 2, 1, 1, 1, 0, 0, 0, 0, 2, 1, 0, 0, 0, 1, 3, 0, 0, 1, 0, 0, 0, 2, 0, 1, 0, 0, 2, 0, 0, 1, 1, 3, 1, 0, 1, 3, 3, 1, 0, 0, 2, 0, 0, 0, 0, 1, 0, 0, 0, 1, 0, 0, 0, 0, 1, 1, 0, 0, 0, 2, 0],772.4340607824951,55654.327352920525,95927.2671261316,true
28,G2_TEC,G2_TEC,[31, 22, 82, 15, 26, 9, 95, 42, 77, 68, 47, 5, 93, 78, 86, 54, 85, 63, 18, 44, 20, 49, 36, 14, 74, 50, 53, 17, 21, 28, 11, 64, 3, 23, 30, 83, 24, 41, 40, 52, 65, 27, 90, 70, 39, 87, 48, 69, 99, 4, 46, 1, 13, 58, 97, 59, 45, 8, 73, 37, 35, 79, 71, 66, 76, 32, 60, 80, 96, 6, 16, 61, 33, 7, 57, 34, 12, 67, 10, 98, 56, 88, 43, 75, 91, 38, 84, 92, 29, 19, 51, 72, 89, 25, 2, 55, 62, 81, 94, 0]|[2, 1, 2, 1, 1, 2, 1, 1, 1, 1, 1, 0, 2, 2, 1, 2, 0, 0, 0, 2, 2, 1, 0, 2, 0, 2, 2, 1, 0, 1, 1, 1, 0, 0, 1, 0, 2, 1, 2, 2, 0, 0, 1, 1, 0, 2, 0, 2, 1, 0, 0, 2, 0, 0, 2, 0, 1, 1, 0, 0, 2, 1, 1, 1, 2, 0, 2, 2, 0, 1, 2, 1, 1, 2, 0, 1, 2, 1, 1, 2, 2, 1, 1, 0, 1, 0, 0, 0, 1, 1, 1, 1, 1, 1, 2, 0, 1, 1, 2, 0]|[0, 3, 0, 3, 4, 1, 4, 4, 2, 4, 3, 2, 1, 0, 2, 1, 1, 1, 2, 1, 1, 3, 0, 1, 0, 1, 1, 4, 1, 4, 3, 2, 2, 0, 4, 1, 1, 4, 1, 1, 2, 1, 4, 4, 1, 1, 0, 2, 3, 2, 2, 1, 2, 1, 1, 2, 4, 3, 0, 2, 2, 3, 3, 1, 1, 2, 1, 1, 2, 4, 1, 3, 4, 1, 2, 4, 1, 3, 3, 1, 1, 4, 4, 2, 3, 2, 2, 2, 3, 4, 3, 4, 4, 4, 1, 2, 3, 4, 1, 2]|[0, 2, 0, 0, 3, 0, 1, 3, 0, 0, 2, 0, 1, 0, 1, 0, 0, 0, 1, 0, 0, 2, 0, 0, 1, 0, 0, 3, 0, 1, 0, 2, 0, 0, 3, 0, 1, 3, 0, 0, 0, 0, 1, 3, 0, 0, 1, 0, 2, 0, 0, 0, 0, 0, 1, 0, 1, 0, 1, 1, 0, 2, 0, 2, 0, 0, 0, 0, 0, 2, 0, 0, 1, 0, 0, 1, 0, 0, 3, 0, 0, 1, 2, 0, 0, 0, 0, 0, 3, 1, 0, 2, 1, 3, 0, 0, 0, 1, 0, 0],882.9438068981488,49877.554644704585,107717.62812963048,false
28,G3_TWC,G3_TWC,[31, 22, 82, 15, 26, 58, 95, 42, 77, 12, 47, 5, 93, 78, 98, 54, 85, 63, 18, 44, 20, 35, 43, 97, 91, 76, 10, 30, 21, 45, 71, 64, 1, 23, 17, 83, 24, 14, 60, 36, 6, 57, 94, 88, 65, 56, 79, 40, 67, 68, 46, 75, 38, 9, 19, 32, 81, 41, 27, 62, 87, 90, 99, 59, 11, 16, 72, 73, 70, 39, 37, 84, 3, 92, 25, 55, 28, 29, 51, 7, 33, 61, 86, 66, 89, 50, 48, 96, 53, 8, 80, 4, 34, 49, 52, 0, 13, 69, 2, 74]|[1, 1, 0, 1, 1, 1, 2, 1, 2, 1, 2, 2, 2, 1, 1, 0, 0, 1, 0, 2, 2, 0, 1, 2, 0, 1, 2, 2, 0, 0, 1, 2, 1, 2, 1, 0, 2, 0, 1, 1, 0, 1, 1, 1, 0, 2, 1, 1, 0, 0, 0, 0, 1, 1, 2, 1, 2, 0, 0, 0, 2, 1, 0, 1, 2, 1, 2, 1, 1, 1, 1, 1, 1, 0, 1, 1, 0, 0, 0, 1, 2, 1, 0, 2, 1, 0, 0, 0, 0, 1, 0, 0, 2, 0, 1, 0, 0, 1, 0, 2]|[4, 3, 2, 2, 0, 0, 2, 2, 2, 4, 1, 1, 2, 4, 4, 1, 2, 4, 2, 1, 1, 1, 1, 2, 1, 2, 1, 1, 1, 1, 3, 2, 3, 0, 4, 0, 1, 1, 0, 3, 2, 2, 4, 0, 1, 1, 0, 2, 0, 1, 2, 2, 1, 4, 0, 3, 2, 1, 1, 2, 1, 3, 1, 1, 1, 3, 0, 4, 3, 1, 4, 1, 1, 2, 4, 4, 2, 1, 1, 3, 1, 3, 1, 1, 1, 1, 1, 1, 2, 3, 1, 2, 1, 1, 1, 2, 2, 3, 2, 1]|[0, 2, 1, 1, 3, 3, 0, 1, 0, 0, 0, 0, 1, 0, 1, 0, 0, 3, 1, 0, 0, 0, 3, 1, 0, 2, 0, 0, 0, 1, 0, 0, 0, 0, 3, 0, 1, 0, 0, 2, 1, 1, 2, 0, 0, 0, 0, 1, 1, 0, 0, 0, 1, 3, 0, 0, 1, 0, 0, 1, 0, 2, 0, 1, 0, 2, 1, 0, 0, 1, 1, 3, 1, 1, 3, 3, 1, 0, 0, 2, 0, 0, 0, 0, 1, 0, 0, 0, 1, 2, 0, 1, 0, 1, 1, 0, 0, 0, 0, 0],802.1274951829081,57956.38699448537,89691.2003308727,false
29,G1_CMAX,G4_BALANCED,[31, 22, 82, 15, 26, 58, 95, 42, 77, 12, 47, 5, 93, 78, 86, 54, 85, 63, 18, 44, 20, 35, 43, 97, 66, 76, 10, 30, 21, 45, 71, 64, 1, 23, 17, 83, 24, 14, 60, 36, 6, 57, 40, 88, 65, 56, 79, 94, 67, 68, 46, 75, 38, 9, 19, 32, 81, 41, 27, 62, 87, 90, 99, 59, 11, 16, 72, 73, 70, 39, 37, 84, 3, 92, 25, 55, 29, 28, 51, 7, 33, 61, 48, 98, 89, 50, 4, 96, 53, 80, 8, 91, 69, 0, 52, 49, 74, 34, 2, 13]|[1, 1, 0, 1, 1, 0, 1, 2, 2, 1, 2, 2, 2, 1, 1, 0, 0, 1, 0, 2, 2, 0, 1, 2, 2, 1, 2, 2, 0, 0, 1, 2, 1, 2, 1, 0, 2, 0, 1, 1, 0, 1, 1, 1, 0, 2, 2, 1, 0, 0, 0, 0, 1, 1, 2, 1, 0, 0, 0, 0, 2, 1, 0, 1, 2, 1, 2, 1, 1, 1, 1, 1, 1, 0, 1, 2, 0, 0, 0, 1, 2, 1, 0, 2, 1, 0, 1, 2, 0, 0, 1, 0, 1, 0, 1, 0, 2, 2, 0, 0]|[4, 3, 2, 2, 4, 1, 2, 2, 2, 4, 1, 1, 2, 4, 4, 1, 2, 4, 2, 1, 1, 1, 1, 2, 1, 2, 1, 1, 1, 1, 3, 1, 3, 1, 4, 0, 1, 1, 0, 3, 2, 2, 2, 0, 1, 1, 1, 4, 0, 1, 2, 2, 1, 4, 0, 3, 1, 1, 1, 2, 1, 3, 1, 1, 1, 3, 0, 4, 3, 1, 4, 1, 1, 2, 4, 1, 1, 2, 1, 1, 1, 3, 1, 1, 1, 1, 4, 1, 2, 1, 3, 1, 3, 2, 1, 1, 1, 1, 2, 2]|[0, 2, 1, 1, 3, 0, 1, 0, 0, 0, 0, 0, 1, 0, 1, 0, 0, 3, 1, 0, 0, 0, 3, 1, 0, 2, 0, 0, 0, 0, 0, 0, 0, 0, 3, 0, 1, 0, 0, 2, 1, 1, 1, 0, 0, 0, 0, 2, 1, 0, 0, 0, 1, 3, 0, 0, 0, 0, 0, 1, 0, 2, 0, 1, 0, 2, 1, 0, 0, 1, 1, 3, 1, 1, 3, 0, 0, 1, 0, 2, 0, 0, 0, 0, 1, 0, 0, 0, 1, 0, 2, 0, 0, 0, 1, 1, 0, 0, 0, 0],798.7087184154349,55419.596325136656,95720.286365365,true
29,G4_BALANCED,G4_BALANCED,[31, 22, 82, 15, 26, 58, 95, 42, 77, 12, 47, 5, 93, 78, 86, 54, 85, 63, 18, 72, 20, 35, 43, 97, 91, 76, 10, 30, 21, 45, 71, 64, 1, 23, 17, 83, 24, 14, 60, 36, 6, 57, 40, 88, 65, 56, 79, 94, 67, 41, 68, 75, 38, 9, 19, 32, 81, 55, 27, 62, 87, 90, 99, 59, 11, 16, 73, 70, 39, 37, 84, 3, 44, 92, 25, 46, 28, 29, 51, 7, 66, 61, 98, 48, 89, 50, 4, 96, 53, 80, 8, 33, 34, 2, 52, 13, 0, 69, 74, 49]|[1, 1, 0, 1, 1, 0, 1, 1, 2, 1, 2, 2, 2, 1, 1, 0, 0, 1, 0, 2, 2, 0, 0, 2, 0, 1, 2, 2, 0, 0, 1, 2, 1, 2, 1, 0, 2, 0, 1, 1, 0, 1, 1, 1, 0, 2, 1, 1, 0, 0, 0, 0, 1, 1, 2, 1, 2, 0, 0, 0, 2, 1, 1, 2, 2, 1, 1, 1, 1, 1, 1, 1, 2, 0, 1, 0, 2, 0, 0, 1, 2, 1, 2, 0, 1, 0, 0, 2, 0, 0, 1, 2, 2, 0, 1, 0, 0, 1, 2, 0]|[4, 3, 2, 2, 4, 1, 2, 3, 2, 4, 1, 1, 2, 4, 4, 1, 2, 4, 2, 1, 1, 1, 1, 2, 1, 2, 1, 1, 2, 1, 3, 2, 3, 1, 4, 0, 1, 1, 0, 3, 2, 2, 2, 0, 1, 1, 0, 4, 0, 1, 2, 2, 1, 4, 0, 3, 2, 1, 1, 2, 1, 3, 1, 1, 1, 3, 4, 3, 1, 4, 1, 1, 1, 0, 4, 2, 1, 1, 1, 1, 1, 3, 1, 1, 1, 1, 2, 1, 2, 1, 3, 1, 1, 2, 1, 2, 2, 4, 1, 1]|[0, 2, 1, 1, 3, 0, 1, 3, 0, 0, 0, 0, 1, 0, 1, 0, 0, 3, 1, 0, 0, 0, 0, 1, 0, 2, 0, 0, 0, 1, 0, 0, 0, 0, 3, 0, 1, 0, 0, 2, 1, 1, 1, 0, 0, 0, 0, 2, 1, 0, 0, 0, 1, 3, 0, 0, 1, 0, 0, 1, 0, 2, 1, 0, 0, 2, 0, 0, 1, 1, 3, 1, 0, 1, 3, 0, 0, 0, 0, 2, 0, 0, 0, 0, 1, 0, 1, 0, 1, 0, 2, 0, 0, 0, 1, 0, 0, 2, 0, 1],748.1746824614548,55851.7813185282,94955.23350386188,false
29,G2_TEC,G2_TEC,[31, 22, 82, 15, 26, 9, 95, 42, 77, 68, 47, 5, 93, 78, 86, 54, 85, 63, 18, 44, 20, 49, 36, 14, 74, 50, 53, 17, 21, 28, 11, 64, 3, 23, 30, 83, 24, 41, 40, 52, 65, 27, 90, 70, 39, 87, 48, 69, 99, 4, 46, 1, 13, 58, 97, 59, 45, 8, 73, 37, 35, 79, 71, 66, 76, 32, 60, 80, 96, 6, 16, 61, 33, 7, 57, 34, 12, 67, 10, 98, 56, 88, 43, 75, 91, 38, 84, 92, 29, 19, 51, 72, 89, 25, 2, 55, 62, 81, 94, 0]|[2, 1, 2, 1, 1, 2, 1, 1, 1, 1, 1, 0, 2, 2, 1, 2, 0, 0, 0, 2, 2, 1, 0, 2, 0, 2, 2, 1, 0, 1, 1, 1, 0, 0, 1, 0, 2, 1, 2, 2, 0, 0, 1, 1, 0, 2, 0, 2, 1, 0, 0, 2, 0, 0, 2, 0, 1, 1, 0, 0, 2, 1, 1, 1, 2, 0, 2, 2, 0, 1, 2, 1, 1, 2, 0, 1, 2, 1, 1, 2, 2, 1, 1, 0, 1, 0, 0, 0, 1, 1, 1, 1, 1, 1, 2, 0, 1, 1, 2, 0]|[0, 3, 0, 3, 4, 1, 4, 4, 2, 4, 3, 2, 1, 0, 2, 1, 1, 1, 2, 1, 1, 3, 0, 1, 0, 1, 1, 4, 1, 4, 3, 2, 2, 0, 4, 1, 1, 4, 1, 1, 2, 1, 4, 4, 1, 1, 0, 2, 3, 2, 2, 1, 2, 1, 1, 2, 4, 3, 0, 2, 2, 3, 3, 1, 1, 2, 1, 1, 2, 4, 1, 3, 4, 1, 2, 4, 1, 3, 3, 1, 1, 4, 4, 2, 3, 2, 2, 2, 3, 4, 3, 4, 4, 4, 1, 2, 3, 4, 1, 2]|[0, 2, 0, 0, 3, 0, 1, 3, 0, 0, 2, 0, 1, 0, 1, 0, 0, 0, 1, 0, 0, 2, 0, 0, 1, 0, 0, 3, 0, 1, 0, 2, 0, 0, 3, 0, 1, 3, 0, 0, 0, 0, 1, 3, 0, 0, 1, 0, 2, 0, 0, 0, 0, 0, 1, 0, 1, 0, 1, 1, 0, 2, 0, 2, 0, 0, 0, 0, 0, 2, 0, 0, 1, 0, 0, 1, 0, 0, 3, 0, 0, 1, 2, 0, 0, 0, 0, 0, 3, 1, 0, 2, 1, 3, 0, 0, 0, 1, 0, 0],882.9438068981488,49877.554644704585,107717.62812963048,false
29,G3_TWC,G3_TWC,[31, 22, 82, 15, 26, 58, 95, 42, 77, 12, 47, 5, 93, 78, 98, 54, 85, 63, 18, 44, 20, 35, 43, 97, 91, 76, 10, 30, 21, 45, 71, 64, 1, 23, 17, 83, 24, 14, 60, 36, 6, 57, 94, 88, 65, 56, 79, 40, 67, 68, 46, 75, 38, 9, 19, 32, 81, 41, 27, 62, 87, 90, 99, 59, 11, 16, 72, 73, 70, 39, 37, 84, 3, 92, 25, 55, 28, 29, 51, 7, 33, 61, 86, 66, 89, 50, 48, 96, 53, 8, 80, 4, 34, 49, 52, 0, 13, 69, 2, 74]|[1, 1, 0, 1, 1, 1, 2, 1, 2, 1, 2, 2, 2, 1, 1, 0, 0, 1, 0, 2, 2, 0, 1, 2, 0, 1, 2, 2, 0, 0, 1, 2, 1, 2, 1, 0, 2, 0, 1, 1, 0, 1, 1, 1, 0, 2, 1, 1, 0, 0, 0, 0, 1, 1, 2, 1, 2, 0, 0, 0, 2, 1, 0, 1, 2, 1, 2, 1, 1, 1, 1, 1, 1, 0, 1, 1, 0, 0, 0, 1, 2, 1, 0, 2, 1, 0, 0, 0, 0, 1, 0, 0, 2, 0, 1, 0, 0, 1, 0, 2]|[4, 3, 2, 2, 0, 0, 2, 2, 2, 4, 1, 1, 2, 4, 4, 1, 2, 4, 2, 1, 1, 1, 1, 2, 1, 2, 1, 1, 1, 1, 3, 2, 3, 0, 4, 0, 1, 1, 0, 3, 2, 2, 4, 0, 1, 1, 0, 2, 0, 1, 2, 2, 1, 4, 0, 3, 2, 1, 1, 2, 1, 3, 1, 1, 1, 3, 0, 4, 3, 1, 4, 1, 1, 2, 4, 4, 2, 1, 1, 3, 1, 3, 1, 1, 1, 1, 1, 1, 2, 3, 1, 2, 1, 1, 1, 2, 2, 3, 2, 1]|[0, 2, 1, 1, 3, 3, 0, 1, 0, 0, 0, 0, 1, 0, 1, 0, 0, 3, 1, 0, 0, 0, 3, 1, 0, 2, 0, 0, 0, 1, 0, 0, 0, 0, 3, 0, 1, 0, 0, 2, 1, 1, 2, 0, 0, 0, 0, 1, 1, 0, 0, 0, 1, 3, 0, 0, 1, 0, 0, 1, 0, 2, 0, 1, 0, 2, 1, 0, 0, 1, 1, 3, 1, 1, 3, 3, 1, 0, 0, 2, 0, 0, 0, 0, 1, 0, 0, 0, 1, 2, 0, 1, 0, 1, 1, 0, 0, 0, 0, 0],802.1274951829081,57956.38699448537,89691.2003308727,false
29,G1_CMAX,G1_CMAX,[31, 22, 82, 15, 26, 99, 95, 42, 77, 12, 47, 5, 93, 78, 86, 54, 21, 63, 18, 44, 20, 35, 43, 97, 91, 76, 10, 30, 85, 45, 71, 64, 1, 23, 17, 83, 24, 14, 60, 36, 6, 57, 40, 88, 65, 56, 79, 94, 67, 68, 46, 75, 38, 9, 19, 32, 41, 81, 27, 87, 90, 58, 59, 11, 16, 72, 73, 70, 39, 37, 84, 3, 92, 25, 55, 48, 62, 29, 51, 7, 33, 61, 98, 28, 89, 50, 4, 96, 53, 80, 8, 66, 34, 49, 52, 0, 74, 69, 2, 13]|[1, 1, 0, 1, 1, 0, 1, 1, 2, 1, 2, 2, 2, 1, 1, 0, 0, 1, 0, 2, 2, 0, 1, 2, 0, 1, 2, 2, 0, 0, 1, 2, 1, 2, 1, 0, 2, 0, 1, 1, 0, 1, 1, 1, 0, 2, 1, 1, 0, 0, 0, 0, 1, 1, 2, 1, 0, 2, 0, 2, 1, 0, 1, 2, 1, 2, 1, 1, 1, 1, 1, 1, 0, 1, 2, 0, 0, 0, 0, 1, 2, 1, 2, 0, 1, 0, 1, 2, 0, 0, 1, 2, 2, 0, 1, 0, 2, 1, 0, 0]|[0, 3, 2, 2, 4, 1, 2, 3, 2, 4, 1, 1, 2, 4, 4, 1, 1, 4, 2, 1, 1, 1, 1, 2, 1, 2, 1, 1, 2, 1, 3, 2, 3, 1, 4, 0, 1, 1, 0, 3, 2, 2, 2, 0, 1, 1, 0, 4, 0, 1, 2, 2, 1, 4, 0, 3, 1, 1, 1, 1, 3, 1, 1, 1, 3, 0, 4, 3, 1, 4, 1, 1, 0, 4, 1, 1, 2, 1, 1, 1, 1, 3, 1, 2, 1, 1, 4, 1, 2, 1, 3, 1, 1, 1, 1, 2, 1, 4, 2, 2]|[0, 2, 1, 1, 3, 0, 1, 3, 0, 0, 0, 0, 1, 0, 1, 0, 0, 3, 1, 0, 0, 0, 3, 1, 0, 2, 0, 0, 0, 1, 0, 0, 0, 0, 3, 0, 1, 0, 0, 2, 1, 1, 1, 0, 0, 0, 0, 2, 1, 0, 0, 0, 1, 3, 0, 0, 0, 0, 0, 0, 2, 0, 1, 0, 2, 1, 0, 0, 1, 1, 3, 1, 1, 3, 0, 0, 1, 0, 0, 2, 0, 0, 0, 1, 1, 0, 0, 0, 1, 0, 2, 0, 0, 1, 1, 0, 0, 2, 0, 0],731.2476204416437,56806.84376103422,93275.64763277225,false
29,G4_BALANCED,G4_BALANCED,[31, 22, 82, 15, 26, 58, 95, 42, 77, 12, 47, 5, 93, 78, 86, 54, 85, 63, 18, 72, 20, 35, 43, 97, 91, 76, 10, 30, 21, 45, 71, 64, 1, 23, 17, 83, 24, 14, 60, 36, 6, 57, 40, 88, 65, 56, 79, 94, 67, 41, 68, 75, 38, 9, 19, 32, 81, 55, 27, 62, 87, 90, 99, 59, 11, 16, 73, 70, 39, 37, 84, 3, 44, 92, 25, 46, 28, 29, 51, 7, 66, 61, 98, 48, 89, 50, 4, 96, 53, 80, 8, 33, 34, 2, 52, 13, 0, 69, 74, 49]|[1, 1, 0, 1, 1, 0, 1, 1, 2, 1, 2, 2, 2, 1, 1, 0, 0, 1, 0, 2, 2, 0, 0, 2, 0, 1, 2, 2, 0, 0, 1, 2, 1, 2, 1, 0, 2, 0, 1, 1, 0, 1, 1, 1, 0, 2, 1, 1, 0, 0, 0, 0, 1, 1, 2, 1, 2, 0, 0, 0, 2, 1, 1, 2, 2, 1, 1, 1, 1, 1, 1, 1, 2, 0, 1, 0, 2, 0, 0, 1, 2, 1, 2, 0, 1, 0, 0, 2, 0, 0, 1, 2, 2, 0, 1, 0, 0, 1, 2, 0]|[4, 3, 2, 2, 4, 1, 2, 3, 2, 4, 1, 1, 2, 4, 4, 1, 2, 4, 2, 1, 1, 1, 1, 2, 1, 2, 1, 1, 2, 1, 3, 2, 3, 1, 4, 0, 1, 1, 0, 3, 2, 2, 2, 0, 1, 1, 0, 4, 0, 1, 2, 2, 1, 4, 0, 3, 2, 1, 1, 2, 1, 3, 1, 1, 1, 3, 4, 3, 1, 4, 1, 1, 1, 0, 4, 2, 1, 1, 1, 1, 1, 3, 1, 1, 1, 1, 2, 1, 2, 1, 3, 1, 1, 2, 1, 2, 2, 4, 1, 1]|[0, 2, 1, 1, 3, 0, 1, 3, 0, 0, 0, 0, 1, 0, 1, 0, 0, 3, 1, 0, 0, 0, 0, 1, 0, 2, 0, 0, 0, 1, 0, 0, 0, 0, 3, 0, 1, 0, 0, 2, 1, 1, 1, 0, 0, 0, 0, 2, 1, 0, 0, 0, 1, 3, 0, 0, 1, 0, 0, 1, 0, 2, 1, 0, 0, 2, 0, 0, 1, 1, 3, 1, 0, 1, 3, 0, 0, 0, 0, 2, 0, 0, 0, 0, 1, 0, 1, 0, 1, 0, 2, 0, 0, 0, 1, 0, 0, 2, 0, 1],748.1746824614548,55851.7813185282,94955.23350386188,false
29,G2_TEC,G4_BALANCED,[31, 11, 15, 82, 26, 9, 95, 42, 77, 68, 47, 5, 93, 78, 86, 54, 85, 63, 18, 44, 20, 49, 36, 14, 74, 50, 53, 17, 21, 28, 71, 64, 3, 23, 30, 83, 24, 41, 60, 52, 65, 27, 90, 70, 39, 87, 48, 69, 99, 4, 46, 1, 13, 58, 97, 59, 45, 8, 73, 37, 35, 79, 22, 66, 76, 32, 40, 80, 96, 6, 16, 61, 33, 7, 57, 34, 12, 67, 10, 98, 56, 88, 43, 75, 91, 38, 19, 92, 29, 84, 55, 72, 81, 25, 2, 51, 62, 89, 94, 0]|[2, 1, 1, 2, 1, 2, 1, 1, 1, 1, 1, 0, 2, 2, 1, 2, 0, 0, 0, 2, 2, 1, 0, 2, 0, 2, 2, 1, 0, 1, 1, 1, 0, 0, 1, 0, 2, 1, 2, 2, 0, 0, 1, 1, 0, 2, 0, 2, 1, 0, 0, 2, 0, 0, 2, 0, 1, 1, 0, 0, 2, 1, 0, 2, 2, 0, 2, 2, 0, 1, 2, 1, 1, 2, 0, 1, 1, 1, 1, 2, 2, 1, 1, 0, 1, 0, 1, 0, 1, 0, 0, 1, 1, 1, 2, 1, 1, 1, 2, 0]|[0, 3, 2, 0, 4, 1, 4, 4, 2, 4, 3, 2, 1, 0, 2, 1, 1, 1, 2, 1, 1, 3, 0, 1, 0, 1, 1, 4, 1, 4, 3, 2, 2, 0, 4, 1, 1, 4, 0, 1, 2, 1, 4, 4, 1, 1, 0, 2, 3, 2, 2, 1, 2, 1, 1, 2, 4, 3, 0, 2, 2, 3, 1, 0, 1, 2, 0, 1, 2, 4, 1, 3, 4, 1, 2, 4, 3, 3, 3, 1, 1, 4, 4, 2, 3, 2, 4, 2, 3, 2, 2, 4, 1, 4, 1, 3, 3, 4, 1, 2]|[0, 2, 1, 0, 3, 0, 1, 3, 0, 0, 2, 0, 1, 0, 1, 0, 0, 0, 1, 0, 0, 2, 0, 0, 1, 0, 0, 3, 0, 1, 0, 2, 0, 1, 3, 0, 1, 3, 0, 0, 0, 0, 1, 3, 0, 0, 1, 0, 2, 0, 0, 0, 0, 0, 1, 0, 1, 0, 1, 1, 0, 2, 0, 0, 0, 0, 0, 0, 0, 2, 0, 0, 1, 0, 0, 1, 0, 0, 3, 0, 0, 1, 2, 0, 0, 0, 1, 0, 0, 0, 0, 2, 1, 3, 0, 0, 0, 1, 0, 0],855.0393744413956,51630.931901811986,111358.97898934162,true
29,G3_TWC,G3_TWC,[31, 22, 82, 15, 26, 58, 95, 42, 77, 12, 47, 5, 93, 78, 98, 54, 85, 63, 18, 44, 20, 35, 43, 97, 91, 76, 10, 30, 21, 45, 71, 64, 1, 23, 17, 83, 24, 14, 60, 36, 6, 57, 94, 88, 65, 56, 79, 40, 67, 68, 46, 75, 38, 9, 19, 32, 81, 41, 27, 62, 87, 90, 99, 59, 11, 16, 72, 73, 70, 39, 37, 84, 3, 92, 25, 55, 28, 29, 51, 7, 33, 61, 86, 66, 89, 50, 48, 96, 53, 8, 80, 4, 34, 49, 52, 0, 13, 69, 2, 74]|[1, 1, 0, 1, 1, 1, 2, 1, 2, 1, 2, 2, 2, 1, 1, 0, 0, 1, 0, 2, 2, 0, 1, 2, 0, 1, 2, 2, 0, 0, 1, 2, 1, 2, 1, 0, 2, 0, 1, 1, 0, 1, 1, 1, 0, 2, 1, 1, 0, 0, 0, 0, 1, 1, 2, 1, 2, 0, 0, 0, 2, 1, 0, 1, 2, 1, 2, 1, 1, 1, 1, 1, 1, 0, 1, 1, 0, 0, 0, 1, 2, 1, 0, 2, 1, 0, 0, 0, 0, 1, 0, 0, 2, 0, 1, 0, 0, 1, 0, 2]|[4, 3, 2, 2, 0, 0, 2, 2, 2, 4, 1, 1, 2, 4, 4, 1, 2, 4, 2, 1, 1, 1, 1, 2, 1, 2, 1, 1, 1, 1, 3, 2, 3, 0, 4, 0, 1, 1, 0, 3, 2, 2, 4, 0, 1, 1, 0, 2, 0, 1, 2, 2, 1, 4, 0, 3, 2, 1, 1, 2, 1, 3, 1, 1, 1, 3, 0, 4, 3, 1, 4, 1, 1, 2, 4, 4, 2, 1, 1, 3, 1, 3, 1, 1, 1, 1, 1, 1, 2, 3, 1, 2, 1, 1, 1, 2, 2, 3, 2, 1]|[0, 2, 1, 1, 3, 3, 0, 1, 0, 0, 0, 0, 1, 0, 1, 0, 0, 3, 1, 0, 0, 0, 3, 1, 0, 2, 0, 0, 0, 1, 0, 0, 0, 0, 3, 0, 1, 0, 0, 2, 1, 1, 2, 0, 0, 0, 0, 1, 1, 0, 0, 0, 1, 3, 0, 0, 1, 0, 0, 1, 0, 2, 0, 1, 0, 2, 1, 0, 0, 1, 1, 3, 1, 1, 3, 3, 1, 0, 0, 2, 0, 0, 0, 0, 1, 0, 0, 0, 1, 2, 0, 1, 0, 1, 1, 0, 0, 0, 0, 0],802.1274951829081,57956.38699448537,89691.2003308727,false
29,G1_CMAX,G1_CMAX,[31, 22, 82, 15, 26, 99, 95, 42, 77, 12, 47, 5, 93, 78, 86, 54, 21, 63, 18, 44, 20, 35, 43, 97, 91, 76, 10, 30, 85, 45, 71, 64, 1, 23, 17, 83, 24, 14, 60, 36, 6, 57, 40, 88, 65, 56, 79, 94, 67, 68, 46, 75, 38, 9, 19, 32, 41, 81, 27, 87, 90, 58, 59, 11, 16, 72, 73, 70, 39, 37, 84, 3, 92, 25, 55, 48, 62, 29, 51, 7, 33, 61, 98, 28, 89, 50, 4, 96, 53, 80, 8, 66, 34, 49, 52, 0, 74, 69, 2, 13]|[1, 1, 0, 1, 1, 0, 1, 1, 2, 1, 2, 2, 2, 1, 1, 0, 0, 1, 0, 2, 2, 0, 1, 2, 0, 1, 2, 2, 0, 0, 1, 2, 1, 2, 1, 0, 2, 0, 1, 1, 0, 1, 1, 1, 0, 2, 1, 1, 0, 0, 0, 0, 1, 1, 2, 1, 0, 2, 0, 2, 1, 0, 1, 2, 1, 2, 1, 1, 1, 1, 1, 1, 0, 1, 2, 0, 0, 0, 0, 1, 2, 1, 2, 0, 1, 0, 1, 2, 0, 0, 1, 2, 2, 0, 1, 0, 2, 1, 0, 0]|[0, 3, 2, 2, 4, 1, 2, 3, 2, 4, 1, 1, 2, 4, 4, 1, 1, 4, 2, 1, 1, 1, 1, 2, 1, 2, 1, 1, 2, 1, 3, 2, 3, 1, 4, 0, 1, 1, 0, 3, 2, 2, 2, 0, 1, 1, 0, 4, 0, 1, 2, 2, 1, 4, 0, 3, 1, 1, 1, 1, 3, 1, 1, 1, 3, 0, 4, 3, 1, 4, 1, 1, 0, 4, 1, 1, 2, 1, 1, 1, 1, 3, 1, 2, 1, 1, 4, 1, 2, 1, 3, 1, 1, 1, 1, 2, 1, 4, 2, 2]|[0, 2, 1, 1, 3, 0, 1, 3, 0, 0, 0, 0, 1, 0, 1, 0, 0, 3, 1, 0, 0, 0, 3, 1, 0, 2, 0, 0, 0, 1, 0, 0, 0, 0, 3, 0, 1, 0, 0, 2, 1, 1, 1, 0, 0, 0, 0, 2, 1, 0, 0, 0, 1, 3, 0, 0, 0, 0, 0, 0, 2, 0, 1, 0, 2, 1, 0, 0, 1, 1, 3, 1, 1, 3, 0, 0, 1, 0, 0, 2, 0, 0, 0, 1, 1, 0, 0, 0, 1, 0, 2, 0, 0, 1, 1, 0, 0, 2, 0, 0],731.2476204416437,56806.84376103422,93275.64763277225,false
29,G4_BALANCED,G4_BALANCED,[31, 22, 82, 15, 26, 58, 95, 42, 77, 12, 47, 5, 93, 78, 86, 54, 85, 63, 18, 72, 20, 35, 43, 97, 91, 76, 10, 30, 21, 45, 71, 64, 1, 23, 17, 83, 24, 14, 60, 36, 6, 57, 40, 88, 65, 56, 79, 94, 67, 41, 68, 75, 38, 9, 19, 32, 81, 55, 27, 62, 87, 90, 99, 59, 11, 16, 73, 70, 39, 37, 84, 3, 44, 92, 25, 46, 28, 29, 51, 7, 66, 61, 98, 48, 89, 50, 4, 96, 53, 80, 8, 33, 34, 2, 52, 13, 0, 69, 74, 49]|[1, 1, 0, 1, 1, 0, 1, 1, 2, 1, 2, 2, 2, 1, 1, 0, 0, 1, 0, 2, 2, 0, 0, 2, 0, 1, 2, 2, 0, 0, 1, 2, 1, 2, 1, 0, 2, 0, 1, 1, 0, 1, 1, 1, 0, 2, 1, 1, 0, 0, 0, 0, 1, 1, 2, 1, 2, 0, 0, 0, 2, 1, 1, 2, 2, 1, 1, 1, 1, 1, 1, 1, 2, 0, 1, 0, 2, 0, 0, 1, 2, 1, 2, 0, 1, 0, 0, 2, 0, 0, 1, 2, 2, 0, 1, 0, 0, 1, 2, 0]|[4, 3, 2, 2, 4, 1, 2, 3, 2, 4, 1, 1, 2, 4, 4, 1, 2, 4, 2, 1, 1, 1, 1, 2, 1, 2, 1, 1, 2, 1, 3, 2, 3, 1, 4, 0, 1, 1, 0, 3, 2, 2, 2, 0, 1, 1, 0, 4, 0, 1, 2, 2, 1, 4, 0, 3, 2, 1, 1, 2, 1, 3, 1, 1, 1, 3, 4, 3, 1, 4, 1, 1, 1, 0, 4, 2, 1, 1, 1, 1, 1, 3, 1, 1, 1, 1, 2, 1, 2, 1, 3, 1, 1, 2, 1, 2, 2, 4, 1, 1]|[0, 2, 1, 1, 3, 0, 1, 3, 0, 0, 0, 0, 1, 0, 1, 0, 0, 3, 1, 0, 0, 0, 0, 1, 0, 2, 0, 0, 0, 1, 0, 0, 0, 0, 3, 0, 1, 0, 0, 2, 1, 1, 1, 0, 0, 0, 0, 2, 1, 0, 0, 0, 1, 3, 0, 0, 1, 0, 0, 1, 0, 2, 1, 0, 0, 2, 0, 0, 1, 1, 3, 1, 0, 1, 3, 0, 0, 0, 0, 2, 0, 0, 0, 0, 1, 0, 1, 0, 1, 0, 2, 0, 0, 0, 1, 0, 0, 2, 0, 1],748.1746824614548,55851.7813185282,94955.23350386188,false
29,G2_TEC,G2_TEC,[31, 22, 82, 15, 26, 9, 95, 42, 77, 68, 47, 5, 93, 78, 86, 54, 85, 63, 18, 44, 20, 49, 36, 14, 74, 50, 53, 17, 21, 28, 11, 64, 3, 23, 30, 83, 24, 41, 40, 52, 65, 27, 90, 70, 39, 87, 48, 69, 99, 4, 46, 1, 13, 58, 97, 59, 45, 8, 73, 37, 35, 79, 71, 66, 76, 32, 60, 80, 96, 6, 16, 61, 33, 7, 57, 34, 12, 67, 10, 98, 56, 88, 43, 75, 91, 38, 84, 92, 29, 19, 51, 72, 89, 25, 2, 55, 62, 81, 94, 0]|[2, 1, 2, 1, 1, 2, 1, 1, 1, 1, 1, 0, 2, 2, 1, 2, 0, 0, 0, 2, 2, 1, 0, 2, 0, 2, 2, 1, 0, 1, 1, 1, 0, 0, 1, 0, 2, 1, 2, 2, 0, 0, 1, 1, 0, 2, 0, 2, 1, 0, 0, 2, 0, 0, 2, 0, 1, 1, 0, 0, 2, 1, 1, 1, 2, 0, 2, 2, 0, 1, 2, 1, 1, 2, 0, 1, 2, 1, 1, 2, 2, 1, 1, 0, 1, 0, 0, 0, 1, 1, 1, 1, 1, 1, 2, 0, 1, 1, 2, 0]|[0, 3, 0, 3, 4, 1, 4, 4, 2, 4, 3, 2, 1, 0, 2, 1, 1, 1, 2, 1, 1, 3, 0, 1, 0, 1, 1, 4, 1, 4, 3, 2, 2, 0, 4, 1, 1, 4, 1, 1, 2, 1, 4, 4, 1, 1, 0, 2, 3, 2, 2, 1, 2, 1, 1, 2, 4, 3, 0, 2, 2, 3, 3, 1, 1, 2, 1, 1, 2, 4, 1, 3, 4, 1, 2, 4, 1, 3, 3, 1, 1, 4, 4, 2, 3, 2, 2, 2, 3, 4, 3, 4, 4, 4, 1, 2, 3, 4, 1, 2]|[0, 2, 0, 0, 3, 0, 1, 3, 0, 0, 2, 0, 1, 0, 1, 0, 0, 0, 1, 0, 0, 2, 0, 0, 1, 0, 0, 3, 0, 1, 0, 2, 0, 0, 3, 0, 1, 3, 0, 0, 0, 0, 1, 3, 0, 0, 1, 0, 2, 0, 0, 0, 0, 0, 1, 0, 1, 0, 1, 1, 0, 2, 0, 2, 0, 0, 0, 0, 0, 2, 0, 0, 1, 0, 0, 1, 0, 0, 3, 0, 0, 1, 2, 0, 0, 0, 0, 0, 3, 1, 0, 2, 1, 3, 0, 0, 0, 1, 0, 0],882.9438068981488,49877.554644704585,107717.62812963048,false
29,G3_TWC,G3_TWC,[31, 22, 82, 15, 26, 58, 95, 42, 77, 12, 47, 5, 93, 78, 98, 54, 85, 63, 18, 44, 20, 35, 43, 97, 91, 76, 10, 30, 21, 45, 71, 64, 1, 23, 17, 83, 24, 14, 60, 36, 6, 57, 94, 88, 65, 56, 79, 40, 67, 68, 46, 75, 38, 9, 19, 32, 81, 41, 27, 62, 87, 90, 99, 59, 11, 16, 72, 73, 70, 39, 37, 84, 3, 92, 25, 55, 28, 29, 51, 7, 33, 61, 86, 66, 89, 50, 48, 96, 53, 8, 80, 4, 34, 49, 52, 0, 13, 69, 2, 74]|[1, 1, 0, 1, 1, 1, 2, 1, 2, 1, 2, 2, 2, 1, 1, 0, 0, 1, 0, 2, 2, 0, 1, 2, 0, 1, 2, 2, 0, 0, 1, 2, 1, 2, 1, 0, 2, 0, 1, 1, 0, 1, 1, 1, 0, 2, 1, 1, 0, 0, 0, 0, 1, 1, 2, 1, 2, 0, 0, 0, 2, 1, 0, 1, 2, 1, 2, 1, 1, 1, 1, 1, 1, 0, 1, 1, 0, 0, 0, 1, 2, 1, 0, 2, 1, 0, 0, 0, 0, 1, 0, 0, 2, 0, 1, 0, 0, 1, 0, 2]|[4, 3, 2, 2, 0, 0, 2, 2, 2, 4, 1, 1, 2, 4, 4, 1, 2, 4, 2, 1, 1, 1, 1, 2, 1, 2, 1, 1, 1, 1, 3, 2, 3, 0, 4, 0, 1, 1, 0, 3, 2, 2, 4, 0, 1, 1, 0, 2, 0, 1, 2, 2, 1, 4, 0, 3, 2, 1, 1, 2, 1, 3, 1, 1, 1, 3, 0, 4, 3, 1, 4, 1, 1, 2, 4, 4, 2, 1, 1, 3, 1, 3, 1, 1, 1, 1, 1, 1, 2, 3, 1, 2, 1, 1, 1, 2, 2, 3, 2, 1]|[0, 2, 1, 1, 3, 3, 0, 1, 0, 0, 0, 0, 1, 0, 1, 0, 0, 3, 1, 0, 0, 0, 3, 1, 0, 2, 0, 0, 0, 1, 0, 0, 0, 0, 3, 0, 1, 0, 0, 2, 1, 1, 2, 0, 0, 0, 0, 1, 1, 0, 0, 0, 1, 3, 0, 0, 1, 0, 0, 1, 0, 2, 0, 1, 0, 2, 1, 0, 0, 1, 1, 3, 1, 1, 3, 3, 1, 0, 0, 2, 0, 0, 0, 0, 1, 0, 0, 0, 1, 2, 0, 1, 0, 1, 1, 0, 0, 0, 0, 0],802.1274951829081,57956.38699448537,89691.2003308727,false
29,G1_CMAX,G1_CMAX,[31, 22, 82, 15, 26, 99, 95, 42, 77, 12, 47, 5, 93, 78, 86, 54, 21, 63, 18, 44, 20, 35, 43, 97, 91, 76, 10, 30, 85, 45, 71, 64, 1, 23, 17, 83, 24, 14, 60, 36, 6, 57, 40, 88, 65, 56, 79, 94, 67, 68, 46, 75, 38, 9, 19, 32, 41, 81, 27, 87, 90, 58, 59, 11, 16, 72, 73, 70, 39, 37, 84, 3, 92, 25, 55, 48, 62, 29, 51, 7, 33, 61, 98, 28, 89, 50, 4, 96, 53, 80, 8, 66, 34, 49, 52, 0, 74, 69, 2, 13]|[1, 1, 0, 1, 1, 0, 1, 1, 2, 1, 2, 2, 2, 1, 1, 0, 0, 1, 0, 2, 2, 0, 1, 2, 0, 1, 2, 2, 0, 0, 1, 2, 1, 2, 1, 0, 2, 0, 1, 1, 0, 1, 1, 1, 0, 2, 1, 1, 0, 0, 0, 0, 1, 1, 2, 1, 0, 2, 0, 2, 1, 0, 1, 2, 1, 2, 1, 1, 1, 1, 1, 1, 0, 1, 2, 0, 0, 0, 0, 1, 2, 1, 2, 0, 1, 0, 1, 2, 0, 0, 1, 2, 2, 0, 1, 0, 2, 1, 0, 0]|[0, 3, 2, 2, 4, 1, 2, 3, 2, 4, 1, 1, 2, 4, 4, 1, 1, 4, 2, 1, 1, 1, 1, 2, 1, 2, 1, 1, 2, 1, 3, 2, 3, 1, 4, 0, 1, 1, 0, 3, 2, 2, 2, 0, 1, 1, 0, 4, 0, 1, 2, 2, 1, 4, 0, 3, 1, 1, 1, 1, 3, 1, 1, 1, 3, 0, 4, 3, 1, 4, 1, 1, 0, 4, 1, 1, 2, 1, 1, 1, 1, 3, 1, 2, 1, 1, 4, 1, 2, 1, 3, 1, 1, 1, 1, 2, 1, 4, 2, 2]|[0, 2, 1, 1, 3, 0, 1, 3, 0, 0, 0, 0, 1, 0, 1, 0, 0, 3, 1, 0, 0, 0, 3, 1, 0, 2, 0, 0, 0, 1, 0, 0, 0, 0, 3, 0, 1, 0, 0, 2, 1, 1, 1, 0, 0, 0, 0, 2, 1, 0, 0, 0, 1, 3, 0, 0, 0, 0, 0, 0, 2, 0, 1, 0, 2, 1, 0, 0, 1, 1, 3, 1, 1, 3, 0, 0, 1, 0, 0, 2, 0, 0, 0, 1, 1, 0, 0, 0, 1, 0, 2, 0, 0, 1, 1, 0, 0, 2, 0, 0],731.2476204416437,56806.84376103422,93275.64763277225,false
29,G4_BALANCED,G4_BALANCED,[31, 22, 82, 15, 26, 58, 95, 42, 77, 12, 47, 5, 93, 78, 86, 54, 85, 63, 18, 72, 20, 35, 43, 97, 91, 76, 10, 30, 21, 45, 71, 64, 1, 23, 17, 83, 24, 14, 60, 36, 6, 57, 40, 88, 65, 56, 79, 94, 67, 41, 68, 75, 38, 9, 19, 32, 81, 55, 27, 62, 87, 90, 99, 59, 11, 16, 73, 70, 39, 37, 84, 3, 44, 92, 25, 46, 28, 29, 51, 7, 66, 61, 98, 48, 89, 50, 4, 96, 53, 80, 8, 33, 34, 2, 52, 13, 0, 69, 74, 49]|[1, 1, 0, 1, 1, 0, 1, 1, 2, 1, 2, 2, 2, 1, 1, 0, 0, 1, 0, 2, 2, 0, 0, 2, 0, 1, 2, 2, 0, 0, 1, 2, 1, 2, 1, 0, 2, 0, 1, 1, 0, 1, 1, 1, 0, 2, 1, 1, 0, 0, 0, 0, 1, 1, 2, 1, 2, 0, 0, 0, 2, 1, 1, 2, 2, 1, 1, 1, 1, 1, 1, 1, 2, 0, 1, 0, 2, 0, 0, 1, 2, 1, 2, 0, 1, 0, 0, 2, 0, 0, 1, 2, 2, 0, 1, 0, 0, 1, 2, 0]|[4, 3, 2, 2, 4, 1, 2, 3, 2, 4, 1, 1, 2, 4, 4, 1, 2, 4, 2, 1, 1, 1, 1, 2, 1, 2, 1, 1, 2, 1, 3, 2, 3, 1, 4, 0, 1, 1, 0, 3, 2, 2, 2, 0, 1, 1, 0, 4, 0, 1, 2, 2, 1, 4, 0, 3, 2, 1, 1, 2, 1, 3, 1, 1, 1, 3, 4, 3, 1, 4, 1, 1, 1, 0, 4, 2, 1, 1, 1, 1, 1, 3, 1, 1, 1, 1, 2, 1, 2, 1, 3, 1, 1, 2, 1, 2, 2, 4, 1, 1]|[0, 2, 1, 1, 3, 0, 1, 3, 0, 0, 0, 0, 1, 0, 1, 0, 0, 3, 1, 0, 0, 0, 0, 1, 0, 2, 0, 0, 0, 1, 0, 0, 0, 0, 3, 0, 1, 0, 0, 2, 1, 1, 1, 0, 0, 0, 0, 2, 1, 0, 0, 0, 1, 3, 0, 0, 1, 0, 0, 1, 0, 2, 1, 0, 0, 2, 0, 0, 1, 1, 3, 1, 0, 1, 3, 0, 0, 0, 0, 2, 0, 0, 0, 0, 1, 0, 1, 0, 1, 0, 2, 0, 0, 0, 1, 0, 0, 2, 0, 1],748.1746824614548,55851.7813185282,94955.23350386188,false
29,G2_TEC,G2_TEC,[31, 22, 82, 15, 26, 9, 95, 42, 77, 68, 47, 5, 93, 78, 86, 54, 85, 63, 18, 44, 20, 49, 36, 14, 74, 50, 53, 17, 21, 28, 11, 64, 3, 23, 30, 83, 24, 41, 40, 52, 65, 27, 90, 70, 39, 87, 48, 69, 99, 4, 46, 1, 13, 58, 97, 59, 45, 8, 73, 37, 35, 79, 71, 66, 76, 32, 60, 80, 96, 6, 16, 61, 33, 7, 57, 34, 12, 67, 10, 98, 56, 88, 43, 75, 91, 38, 84, 92, 29, 19, 51, 72, 89, 25, 2, 55, 62, 81, 94, 0]|[2, 1, 2, 1, 1, 2, 1, 1, 1, 1, 1, 0, 2, 2, 1, 2, 0, 0, 0, 2, 2, 1, 0, 2, 0, 2, 2, 1, 0, 1, 1, 1, 0, 0, 1, 0, 2, 1, 2, 2, 0, 0, 1, 1, 0, 2, 0, 2, 1, 0, 0, 2, 0, 0, 2, 0, 1, 1, 0, 0, 2, 1, 1, 1, 2, 0, 2, 2, 0, 1, 2, 1, 1, 2, 0, 1, 2, 1, 1, 2, 2, 1, 1, 0, 1, 0, 0, 0, 1, 1, 1, 1, 1, 1, 2, 0, 1, 1, 2, 0]|[0, 3, 0, 3, 4, 1, 4, 4, 2, 4, 3, 2, 1, 0, 2, 1, 1, 1, 2, 1, 1, 3, 0, 1, 0, 1, 1, 4, 1, 4, 3, 2, 2, 0, 4, 1, 1, 4, 1, 1, 2, 1, 4, 4, 1, 1, 0, 2, 3, 2, 2, 1, 2, 1, 1, 2, 4, 3, 0, 2, 2, 3, 3, 1, 1, 2, 1, 1, 2, 4, 1, 3, 4, 1, 2, 4, 1, 3, 3, 1, 1, 4, 4, 2, 3, 2, 2, 2, 3, 4, 3, 4, 4, 4, 1, 2, 3, 4, 1, 2]|[0, 2, 0, 0, 3, 0, 1, 3, 0, 0, 2, 0, 1, 0, 1, 0, 0, 0, 1, 0, 0, 2, 0, 0, 1, 0, 0, 3, 0, 1, 0, 2, 0, 0, 3, 0, 1, 3, 0, 0, 0, 0, 1, 3, 0, 0, 1, 0, 2, 0, 0, 0, 0, 0, 1, 0, 1, 0, 1, 1, 0, 2, 0, 2, 0, 0, 0, 0, 0, 2, 0, 0, 1, 0, 0, 1, 0, 0, 3, 0, 0, 1, 2, 0, 0, 0, 0, 0, 3, 1, 0, 2, 1, 3, 0, 0, 0, 1, 0, 0],882.9438068981488,49877.554644704585,107717.62812963048,false
29,G3_TWC,G3_TWC,[31, 22, 82, 15, 26, 58, 95, 42, 77, 12, 47, 5, 93, 78, 98, 54, 85, 63, 18, 44, 20, 35, 43, 97, 91, 76, 10, 30, 21, 45, 71, 64, 1, 23, 17, 83, 24, 14, 60, 36, 6, 57, 94, 88, 65, 56, 79, 40, 67, 68, 46, 75, 38, 9, 19, 32, 81, 41, 27, 62, 87, 90, 99, 59, 11, 16, 72, 73, 70, 39, 37, 84, 3, 92, 25, 55, 28, 29, 51, 7, 33, 61, 86, 66, 89, 50, 48, 96, 53, 8, 80, 4, 34, 49, 52, 0, 13, 69, 2, 74]|[1, 1, 0, 1, 1, 1, 2, 1, 2, 1, 2, 2, 2, 1, 1, 0, 0, 1, 0, 2, 2, 0, 1, 2, 0, 1, 2, 2, 0, 0, 1, 2, 1, 2, 1, 0, 2, 0, 1, 1, 0, 1, 1, 1, 0, 2, 1, 1, 0, 0, 0, 0, 1, 1, 2, 1, 2, 0, 0, 0, 2, 1, 0, 1, 2, 1, 2, 1, 1, 1, 1, 1, 1, 0, 1, 1, 0, 0, 0, 1, 2, 1, 0, 2, 1, 0, 0, 0, 0, 1, 0, 0, 2, 0, 1, 0, 0, 1, 0, 2]|[4, 3, 2, 2, 0, 0, 2, 2, 2, 4, 1, 1, 2, 4, 4, 1, 2, 4, 2, 1, 1, 1, 1, 2, 1, 2, 1, 1, 1, 1, 3, 2, 3, 0, 4, 0, 1, 1, 0, 3, 2, 2, 4, 0, 1, 1, 0, 2, 0, 1, 2, 2, 1, 4, 0, 3, 2, 1, 1, 2, 1, 3, 1, 1, 1, 3, 0, 4, 3, 1, 4, 1, 1, 2, 4, 4, 2, 1, 1, 3, 1, 3, 1, 1, 1, 1, 1, 1, 2, 3, 1, 2, 1, 1, 1, 2, 2, 3, 2, 1]|[0, 2, 1, 1, 3, 3, 0, 1, 0, 0, 0, 0, 1, 0, 1, 0, 0, 3, 1, 0, 0, 0, 3, 1, 0, 2, 0, 0, 0, 1, 0, 0, 0, 0, 3, 0, 1, 0, 0, 2, 1, 1, 2, 0, 0, 0, 0, 1, 1, 0, 0, 0, 1, 3, 0, 0, 1, 0, 0, 1, 0, 2, 0, 1, 0, 2, 1, 0, 0, 1, 1, 3, 1, 1, 3, 3, 1, 0, 0, 2, 0, 0, 0, 0, 1, 0, 0, 0, 1, 2, 0, 1, 0, 1, 1, 0, 0, 0, 0, 0],802.1274951829081,57956.38699448537,89691.2003308727,false
29,G1_CMAX,G1_CMAX,[31, 22, 82, 15, 26, 99, 95, 42, 77, 12, 47, 5, 93, 78, 86, 54, 21, 63, 18, 44, 20, 35, 43, 97, 91, 76, 10, 30, 85, 45, 71, 64, 1, 23, 17, 83, 24, 14, 60, 36, 6, 57, 40, 88, 65, 56, 79, 94, 67, 68, 46, 75, 38, 9, 19, 32, 41, 81, 27, 87, 90, 58, 59, 11, 16, 72, 73, 70, 39, 37, 84, 3, 92, 25, 55, 48, 62, 29, 51, 7, 33, 61, 98, 28, 89, 50, 4, 96, 53, 80, 8, 66, 34, 49, 52, 0, 74, 69, 2, 13]|[1, 1, 0, 1, 1, 0, 1, 1, 2, 1, 2, 2, 2, 1, 1, 0, 0, 1, 0, 2, 2, 0, 1, 2, 0, 1, 2, 2, 0, 0, 1, 2, 1, 2, 1, 0, 2, 0, 1, 1, 0, 1, 1, 1, 0, 2, 1, 1, 0, 0, 0, 0, 1, 1, 2, 1, 0, 2, 0, 2, 1, 0, 1, 2, 1, 2, 1, 1, 1, 1, 1, 1, 0, 1, 2, 0, 0, 0, 0, 1, 2, 1, 2, 0, 1, 0, 1, 2, 0, 0, 1, 2, 2, 0, 1, 0, 2, 1, 0, 0]|[0, 3, 2, 2, 4, 1, 2, 3, 2, 4, 1, 1, 2, 4, 4, 1, 1, 4, 2, 1, 1, 1, 1, 2, 1, 2, 1, 1, 2, 1, 3, 2, 3, 1, 4, 0, 1, 1, 0, 3, 2, 2, 2, 0, 1, 1, 0, 4, 0, 1, 2, 2, 1, 4, 0, 3, 1, 1, 1, 1, 3, 1, 1, 1, 3, 0, 4, 3, 1, 4, 1, 1, 0, 4, 1, 1, 2, 1, 1, 1, 1, 3, 1, 2, 1, 1, 4, 1, 2, 1, 3, 1, 1, 1, 1, 2, 1, 4, 2, 2]|[0, 2, 1, 1, 3, 0, 1, 3, 0, 0, 0, 0, 1, 0, 1, 0, 0, 3, 1, 0, 0, 0, 3, 1, 0, 2, 0, 0, 0, 1, 0, 0, 0, 0, 3, 0, 1, 0, 0, 2, 1, 1, 1, 0, 0, 0, 0, 2, 1, 0, 0, 0, 1, 3, 0, 0, 0, 0, 0, 0, 2, 0, 1, 0, 2, 1, 0, 0, 1, 1, 3, 1, 1, 3, 0, 0, 1, 0, 0, 2, 0, 0, 0, 1, 1, 0, 0, 0, 1, 0, 2, 0, 0, 1, 1, 0, 0, 2, 0, 0],731.2476204416437,56806.84376103422,93275.64763277225,false
29,G4_BALANCED,G4_BALANCED,[31, 22, 82, 15, 26, 58, 95, 42, 77, 12, 47, 5, 93, 78, 86, 54, 85, 63, 18, 72, 20, 35, 43, 97, 91, 76, 10, 30, 21, 45, 71, 64, 1, 23, 17, 83, 24, 14, 60, 36, 6, 57, 40, 88, 65, 56, 79, 94, 67, 41, 68, 75, 38, 9, 19, 32, 81, 55, 27, 62, 87, 90, 99, 59, 11, 16, 73, 70, 39, 37, 84, 3, 44, 92, 25, 46, 28, 29, 51, 7, 66, 61, 98, 48, 89, 50, 4, 96, 53, 80, 8, 33, 34, 2, 52, 13, 0, 69, 74, 49]|[1, 1, 0, 1, 1, 0, 1, 1, 2, 1, 2, 2, 2, 1, 1, 0, 0, 1, 0, 2, 2, 0, 0, 2, 0, 1, 2, 2, 0, 0, 1, 2, 1, 2, 1, 0, 2, 0, 1, 1, 0, 1, 1, 1, 0, 2, 1, 1, 0, 0, 0, 0, 1, 1, 2, 1, 2, 0, 0, 0, 2, 1, 1, 2, 2, 1, 1, 1, 1, 1, 1, 1, 2, 0, 1, 0, 2, 0, 0, 1, 2, 1, 2, 0, 1, 0, 0, 2, 0, 0, 1, 2, 2, 0, 1, 0, 0, 1, 2, 0]|[4, 3, 2, 2, 4, 1, 2, 3, 2, 4, 1, 1, 2, 4, 4, 1, 2, 4, 2, 1, 1, 1, 1, 2, 1, 2, 1, 1, 2, 1, 3, 2, 3, 1, 4, 0, 1, 1, 0, 3, 2, 2, 2, 0, 1, 1, 0, 4, 0, 1, 2, 2, 1, 4, 0, 3, 2, 1, 1, 2, 1, 3, 1, 1, 1, 3, 4, 3, 1, 4, 1, 1, 1, 0, 4, 2, 1, 1, 1, 1, 1, 3, 1, 1, 1, 1, 2, 1, 2, 1, 3, 1, 1, 2, 1, 2, 2, 4, 1, 1]|[0, 2, 1, 1, 3, 0, 1, 3, 0, 0, 0, 0, 1, 0, 1, 0, 0, 3, 1, 0, 0, 0, 0, 1, 0, 2, 0, 0, 0, 1, 0, 0, 0, 0, 3, 0, 1, 0, 0, 2, 1, 1, 1, 0, 0, 0, 0, 2, 1, 0, 0, 0, 1, 3, 0, 0, 1, 0, 0, 1, 0, 2, 1, 0, 0, 2, 0, 0, 1, 1, 3, 1, 0, 1, 3, 0, 0, 0, 0, 2, 0, 0, 0, 0, 1, 0, 1, 0, 1, 0, 2, 0, 0, 0, 1, 0, 0, 2, 0, 1],748.1746824614548,55851.7813185282,94955.23350386188,false
29,G2_TEC,G2_TEC,[31, 22, 82, 15, 26, 9, 95, 42, 77, 68, 47, 5, 93, 78, 86, 54, 85, 63, 18, 44, 20, 49, 36, 14, 74, 50, 53, 17, 21, 28, 11, 64, 3, 23, 30, 83, 24, 41, 40, 52, 65, 27, 90, 70, 39, 87, 48, 69, 99, 4, 46, 1, 13, 58, 97, 59, 45, 8, 73, 37, 35, 79, 71, 66, 76, 32, 60, 80, 96, 6, 16, 61, 33, 7, 57, 34, 12, 67, 10, 98, 56, 88, 43, 75, 91, 38, 84, 92, 29, 19, 51, 72, 89, 25, 2, 55, 62, 81, 94, 0]|[2, 1, 2, 1, 1, 2, 1, 1, 1, 1, 1, 0, 2, 2, 1, 2, 0, 0, 0, 2, 2, 1, 0, 2, 0, 2, 2, 1, 0, 1, 1, 1, 0, 0, 1, 0, 2, 1, 2, 2, 0, 0, 1, 1, 0, 2, 0, 2, 1, 0, 0, 2, 0, 0, 2, 0, 1, 1, 0, 0, 2, 1, 1, 1, 2, 0, 2, 2, 0, 1, 2, 1, 1, 2, 0, 1, 2, 1, 1, 2, 2, 1, 1, 0, 1, 0, 0, 0, 1, 1, 1, 1, 1, 1, 2, 0, 1, 1, 2, 0]|[0, 3, 0, 3, 4, 1, 4, 4, 2, 4, 3, 2, 1, 0, 2, 1, 1, 1, 2, 1, 1, 3, 0, 1, 0, 1, 1, 4, 1, 4, 3, 2, 2, 0, 4, 1, 1, 4, 1, 1, 2, 1, 4, 4, 1, 1, 0, 2, 3, 2, 2, 1, 2, 1, 1, 2, 4, 3, 0, 2, 2, 3, 3, 1, 1, 2, 1, 1, 2, 4, 1, 3, 4, 1, 2, 4, 1, 3, 3, 1, 1, 4, 4, 2, 3, 2, 2, 2, 3, 4, 3, 4, 4, 4, 1, 2, 3, 4, 1, 2]|[0, 2, 0, 0, 3, 0, 1, 3, 0, 0, 2, 0, 1, 0, 1, 0, 0, 0, 1, 0, 0, 2, 0, 0, 1, 0, 0, 3, 0, 1, 0, 2, 0, 0, 3, 0, 1, 3, 0, 0, 0, 0, 1, 3, 0, 0, 1, 0, 2, 0, 0, 0, 0, 0, 1, 0, 1, 0, 1, 1, 0, 2, 0, 2, 0, 0, 0, 0, 0, 2, 0, 0, 1, 0, 0, 1, 0, 0, 3, 0, 0, 1, 2, 0, 0, 0, 0, 0, 3, 1, 0, 2, 1, 3, 0, 0, 0, 1, 0, 0],882.9438068981488,49877.554644704585,107717.62812963048,false
29,G3_TWC,G3_TWC,[31, 22, 82, 15, 26, 58, 95, 42, 77, 12, 47, 5, 93, 78, 98, 54, 85, 63, 18, 44, 20, 35, 43, 97, 91, 76, 10, 30, 21, 45, 71, 64, 1, 23, 17, 83, 24, 14, 60, 36, 6, 57, 94, 88, 65, 56, 79, 40, 67, 68, 46, 75, 38, 9, 19, 32, 81, 41, 27, 62, 87, 90, 99, 59, 11, 16, 72, 73, 70, 39, 37, 84, 3, 92, 25, 55, 28, 29, 51, 7, 33, 61, 86, 66, 89, 50, 48, 96, 53, 8, 80, 4, 34, 49, 52, 0, 13, 69, 2, 74]|[1, 1, 0, 1, 1, 1, 2, 1, 2, 1, 2, 2, 2, 1, 1, 0, 0, 1, 0, 2, 2, 0, 1, 2, 0, 1, 2, 2, 0, 0, 1, 2, 1, 2, 1, 0, 2, 0, 1, 1, 0, 1, 1, 1, 0, 2, 1, 1, 0, 0, 0, 0, 1, 1, 2, 1, 2, 0, 0, 0, 2, 1, 0, 1, 2, 1, 2, 1, 1, 1, 1, 1, 1, 0, 1, 1, 0, 0, 0, 1, 2, 1, 0, 2, 1, 0, 0, 0, 0, 1, 0, 0, 2, 0, 1, 0, 0, 1, 0, 2]|[4, 3, 2, 2, 0, 0, 2, 2, 2, 4, 1, 1, 2, 4, 4, 1, 2, 4, 2, 1, 1, 1, 1, 2, 1, 2, 1, 1, 1, 1, 3, 2, 3, 0, 4, 0, 1, 1, 0, 3, 2, 2, 4, 0, 1, 1, 0, 2, 0, 1, 2, 2, 1, 4, 0, 3, 2, 1, 1, 2, 1, 3, 1, 1, 1, 3, 0, 4, 3, 1, 4, 1, 1, 2, 4, 4, 2, 1, 1, 3, 1, 3, 1, 1, 1, 1, 1, 1, 2, 3, 1, 2, 1, 1, 1, 2, 2, 3, 2, 1]|[0, 2, 1, 1, 3, 3, 0, 1, 0, 0, 0, 0, 1, 0, 1, 0, 0, 3, 1, 0, 0, 0, 3, 1, 0, 2, 0, 0, 0, 1, 0, 0, 0, 0, 3, 0, 1, 0, 0, 2, 1, 1, 2, 0, 0, 0, 0, 1, 1, 0, 0, 0, 1, 3, 0, 0, 1, 0, 0, 1, 0, 2, 0, 1, 0, 2, 1, 0, 0, 1, 1, 3, 1, 1, 3, 3, 1, 0, 0, 2, 0, 0, 0, 0, 1, 0, 0, 0, 1, 2, 0, 1, 0, 1, 1, 0, 0, 0, 0, 0],802.1274951829081,57956.38699448537,89691.2003308727,false
29,G1_CMAX,G1_CMAX,[31, 22, 82, 15, 26, 99, 95, 42, 77, 12, 47, 5, 93, 78, 86, 54, 21, 63, 18, 44, 20, 35, 43, 97, 91, 76, 10, 30, 85, 45, 71, 64, 1, 23, 17, 83, 24, 14, 60, 36, 6, 57, 40, 88, 65, 56, 79, 94, 67, 68, 46, 75, 38, 9, 19, 32, 41, 81, 27, 87, 90, 58, 59, 11, 16, 72, 73, 70, 39, 37, 84, 3, 92, 25, 55, 48, 62, 29, 51, 7, 33, 61, 98, 28, 89, 50, 4, 96, 53, 80, 8, 66, 34, 49, 52, 0, 74, 69, 2, 13]|[1, 1, 0, 1, 1, 0, 1, 1, 2, 1, 2, 2, 2, 1, 1, 0, 0, 1, 0, 2, 2, 0, 1, 2, 0, 1, 2, 2, 0, 0, 1, 2, 1, 2, 1, 0, 2, 0, 1, 1, 0, 1, 1, 1, 0, 2, 1, 1, 0, 0, 0, 0, 1, 1, 2, 1, 0, 2, 0, 2, 1, 0, 1, 2, 1, 2, 1, 1, 1, 1, 1, 1, 0, 1, 2, 0, 0, 0, 0, 1, 2, 1, 2, 0, 1, 0, 1, 2, 0, 0, 1, 2, 2, 0, 1, 0, 2, 1, 0, 0]|[0, 3, 2, 2, 4, 1, 2, 3, 2, 4, 1, 1, 2, 4, 4, 1, 1, 4, 2, 1, 1, 1, 1, 2, 1, 2, 1, 1, 2, 1, 3, 2, 3, 1, 4, 0, 1, 1, 0, 3, 2, 2, 2, 0, 1, 1, 0, 4, 0, 1, 2, 2, 1, 4, 0, 3, 1, 1, 1, 1, 3, 1, 1, 1, 3, 0, 4, 3, 1, 4, 1, 1, 0, 4, 1, 1, 2, 1, 1, 1, 1, 3, 1, 2, 1, 1, 4, 1, 2, 1, 3, 1, 1, 1, 1, 2, 1, 4, 2, 2]|[0, 2, 1, 1, 3, 0, 1, 3, 0, 0, 0, 0, 1, 0, 1, 0, 0, 3, 1, 0, 0, 0, 3, 1, 0, 2, 0, 0, 0, 1, 0, 0, 0, 0, 3, 0, 1, 0, 0, 2, 1, 1, 1, 0, 0, 0, 0, 2, 1, 0, 0, 0, 1, 3, 0, 0, 0, 0, 0, 0, 2, 0, 1, 0, 2, 1, 0, 0, 1, 1, 3, 1, 1, 3, 0, 0, 1, 0, 0, 2, 0, 0, 0, 1, 1, 0, 0, 0, 1, 0, 2, 0, 0, 1, 1, 0, 0, 2, 0, 0],731.2476204416437,56806.84376103422,93275.64763277225,false
29,G4_BALANCED,G4_BALANCED,[31, 22, 82, 15, 26, 58, 95, 42, 77, 12, 47, 5, 93, 78, 86, 54, 85, 63, 18, 72, 20, 35, 43, 97, 91, 76, 10, 30, 21, 45, 71, 64, 1, 23, 17, 83, 24, 14, 60, 36, 6, 57, 40, 88, 65, 56, 79, 94, 67, 41, 68, 75, 38, 9, 19, 32, 81, 55, 27, 62, 87, 90, 99, 59, 11, 16, 73, 70, 39, 37, 84, 3, 44, 92, 25, 46, 28, 29, 51, 7, 66, 61, 98, 48, 89, 50, 4, 96, 53, 80, 8, 33, 34, 2, 52, 13, 0, 69, 74, 49]|[1, 1, 0, 1, 1, 0, 1, 1, 2, 1, 2, 2, 2, 1, 1, 0, 0, 1, 0, 2, 2, 0, 0, 2, 0, 1, 2, 2, 0, 0, 1, 2, 1, 2, 1, 0, 2, 0, 1, 1, 0, 1, 1, 1, 0, 2, 1, 1, 0, 0, 0, 0, 1, 1, 2, 1, 2, 0, 0, 0, 2, 1, 1, 2, 2, 1, 1, 1, 1, 1, 1, 1, 2, 0, 1, 0, 2, 0, 0, 1, 2, 1, 2, 0, 1, 0, 0, 2, 0, 0, 1, 2, 2, 0, 1, 0, 0, 1, 2, 0]|[4, 3, 2, 2, 4, 1, 2, 3, 2, 4, 1, 1, 2, 4, 4, 1, 2, 4, 2, 1, 1, 1, 1, 2, 1, 2, 1, 1, 2, 1, 3, 2, 3, 1, 4, 0, 1, 1, 0, 3, 2, 2, 2, 0, 1, 1, 0, 4, 0, 1, 2, 2, 1, 4, 0, 3, 2, 1, 1, 2, 1, 3, 1, 1, 1, 3, 4, 3, 1, 4, 1, 1, 1, 0, 4, 2, 1, 1, 1, 1, 1, 3, 1, 1, 1, 1, 2, 1, 2, 1, 3, 1, 1, 2, 1, 2, 2, 4, 1, 1]|[0, 2, 1, 1, 3, 0, 1, 3, 0, 0, 0, 0, 1, 0, 1, 0, 0, 3, 1, 0, 0, 0, 0, 1, 0, 2, 0, 0, 0, 1, 0, 0, 0, 0, 3, 0, 1, 0, 0, 2, 1, 1, 1, 0, 0, 0, 0, 2, 1, 0, 0, 0, 1, 3, 0, 0, 1, 0, 0, 1, 0, 2, 1, 0, 0, 2, 0, 0, 1, 1, 3, 1, 0, 1, 3, 0, 0, 0, 0, 2, 0, 0, 0, 0, 1, 0, 1, 0, 1, 0, 2, 0, 0, 0, 1, 0, 0, 2, 0, 1],748.1746824614548,55851.7813185282,94955.23350386188,false
29,G2_TEC,G2_TEC,[31, 22, 82, 15, 26, 9, 95, 42, 77, 68, 47, 5, 93, 78, 86, 54, 85, 63, 18, 44, 20, 49, 36, 14, 74, 50, 53, 17, 21, 28, 11, 64, 3, 23, 30, 83, 24, 41, 40, 52, 65, 27, 90, 70, 39, 87, 48, 69, 99, 4, 46, 1, 13, 58, 97, 59, 45, 8, 73, 37, 35, 79, 71, 66, 76, 32, 60, 80, 96, 6, 16, 61, 33, 7, 57, 34, 12, 67, 10, 98, 56, 88, 43, 75, 91, 38, 84, 92, 29, 19, 51, 72, 89, 25, 2, 55, 62, 81, 94, 0]|[2, 1, 2, 1, 1, 2, 1, 1, 1, 1, 1, 0, 2, 2, 1, 2, 0, 0, 0, 2, 2, 1, 0, 2, 0, 2, 2, 1, 0, 1, 1, 1, 0, 0, 1, 0, 2, 1, 2, 2, 0, 0, 1, 1, 0, 2, 0, 2, 1, 0, 0, 2, 0, 0, 2, 0, 1, 1, 0, 0, 2, 1, 1, 1, 2, 0, 2, 2, 0, 1, 2, 1, 1, 2, 0, 1, 2, 1, 1, 2, 2, 1, 1, 0, 1, 0, 0, 0, 1, 1, 1, 1, 1, 1, 2, 0, 1, 1, 2, 0]|[0, 3, 0, 3, 4, 1, 4, 4, 2, 4, 3, 2, 1, 0, 2, 1, 1, 1, 2, 1, 1, 3, 0, 1, 0, 1, 1, 4, 1, 4, 3, 2, 2, 0, 4, 1, 1, 4, 1, 1, 2, 1, 4, 4, 1, 1, 0, 2, 3, 2, 2, 1, 2, 1, 1, 2, 4, 3, 0, 2, 2, 3, 3, 1, 1, 2, 1, 1, 2, 4, 1, 3, 4, 1, 2, 4, 1, 3, 3, 1, 1, 4, 4, 2, 3, 2, 2, 2, 3, 4, 3, 4, 4, 4, 1, 2, 3, 4, 1, 2]|[0, 2, 0, 0, 3, 0, 1, 3, 0, 0, 2, 0, 1, 0, 1, 0, 0, 0, 1, 0, 0, 2, 0, 0, 1, 0, 0, 3, 0, 1, 0, 2, 0, 0, 3, 0, 1, 3, 0, 0, 0, 0, 1, 3, 0, 0, 1, 0, 2, 0, 0, 0, 0, 0, 1, 0, 1, 0, 1, 1, 0, 2, 0, 2, 0, 0, 0, 0, 0, 2, 0, 0, 1, 0, 0, 1, 0, 0, 3, 0, 0, 1, 2, 0, 0, 0, 0, 0, 3, 1, 0, 2, 1, 3, 0, 0, 0, 1, 0, 0],882.9438068981488,49877.554644704585,107717.62812963048,false
29,G3_TWC,G3_TWC,[31, 22, 82, 15, 26, 58, 95, 42, 77, 12, 47, 5, 93, 78, 98, 54, 85, 63, 18, 44, 20, 35, 43, 97, 91, 76, 10, 30, 21, 45, 71, 64, 1, 23, 17, 83, 24, 14, 60, 36, 6, 57, 94, 88, 65, 56, 79, 40, 67, 68, 46, 75, 38, 9, 19, 32, 81, 41, 27, 62, 87, 90, 99, 59, 11, 16, 72, 73, 70, 39, 37, 84, 3, 92, 25, 55, 28, 29, 51, 7, 33, 61, 86, 66, 89, 50, 48, 96, 53, 8, 80, 4, 34, 49, 52, 0, 13, 69, 2, 74]|[1, 1, 0, 1, 1, 1, 2, 1, 2, 1, 2, 2, 2, 1, 1, 0, 0, 1, 0, 2, 2, 0, 1, 2, 0, 1, 2, 2, 0, 0, 1, 2, 1, 2, 1, 0, 2, 0, 1, 1, 0, 1, 1, 1, 0, 2, 1, 1, 0, 0, 0, 0, 1, 1, 2, 1, 2, 0, 0, 0, 2, 1, 0, 1, 2, 1, 2, 1, 1, 1, 1, 1, 1, 0, 1, 1, 0, 0, 0, 1, 2, 1, 0, 2, 1, 0, 0, 0, 0, 1, 0, 0, 2, 0, 1, 0, 0, 1, 0, 2]|[4, 3, 2, 2, 0, 0, 2, 2, 2, 4, 1, 1, 2, 4, 4, 1, 2, 4, 2, 1, 1, 1, 1, 2, 1, 2, 1, 1, 1, 1, 3, 2, 3, 0, 4, 0, 1, 1, 0, 3, 2, 2, 4, 0, 1, 1, 0, 2, 0, 1, 2, 2, 1, 4, 0, 3, 2, 1, 1, 2, 1, 3, 1, 1, 1, 3, 0, 4, 3, 1, 4, 1, 1, 2, 4, 4, 2, 1, 1, 3, 1, 3, 1, 1, 1, 1, 1, 1, 2, 3, 1, 2, 1, 1, 1, 2, 2, 3, 2, 1]|[0, 2, 1, 1, 3, 3, 0, 1, 0, 0, 0, 0, 1, 0, 1, 0, 0, 3, 1, 0, 0, 0, 3, 1, 0, 2, 0, 0, 0, 1, 0, 0, 0, 0, 3, 0, 1, 0, 0, 2, 1, 1, 2, 0, 0, 0, 0, 1, 1, 0, 0, 0, 1, 3, 0, 0, 1, 0, 0, 1, 0, 2, 0, 1, 0, 2, 1, 0, 0, 1, 1, 3, 1, 1, 3, 3, 1, 0, 0, 2, 0, 0, 0, 0, 1, 0, 0, 0, 1, 2, 0, 1, 0, 1, 1, 0, 0, 0, 0, 0],802.1274951829081,57956.38699448537,89691.2003308727,false
29,G1_CMAX,G1_CMAX,[31, 22, 82, 15, 26, 99, 95, 42, 77, 12, 47, 5, 93, 78, 86, 54, 21, 63, 18, 44, 20, 35, 43, 97, 91, 76, 10, 30, 85, 45, 71, 64, 1, 23, 17, 83, 24, 14, 60, 36, 6, 57, 40, 88, 65, 56, 79, 94, 67, 68, 46, 75, 38, 9, 19, 32, 41, 81, 27, 87, 90, 58, 59, 11, 16, 72, 73, 70, 39, 37, 84, 3, 92, 25, 55, 48, 62, 29, 51, 7, 33, 61, 98, 28, 89, 50, 4, 96, 53, 80, 8, 66, 34, 49, 52, 0, 74, 69, 2, 13]|[1, 1, 0, 1, 1, 0, 1, 1, 2, 1, 2, 2, 2, 1, 1, 0, 0, 1, 0, 2, 2, 0, 1, 2, 0, 1, 2, 2, 0, 0, 1, 2, 1, 2, 1, 0, 2, 0, 1, 1, 0, 1, 1, 1, 0, 2, 1, 1, 0, 0, 0, 0, 1, 1, 2, 1, 0, 2, 0, 2, 1, 0, 1, 2, 1, 2, 1, 1, 1, 1, 1, 1, 0, 1, 2, 0, 0, 0, 0, 1, 2, 1, 2, 0, 1, 0, 1, 2, 0, 0, 1, 2, 2, 0, 1, 0, 2, 1, 0, 0]|[0, 3, 2, 2, 4, 1, 2, 3, 2, 4, 1, 1, 2, 4, 4, 1, 1, 4, 2, 1, 1, 1, 1, 2, 1, 2, 1, 1, 2, 1, 3, 2, 3, 1, 4, 0, 1, 1, 0, 3, 2, 2, 2, 0, 1, 1, 0, 4, 0, 1, 2, 2, 1, 4, 0, 3, 1, 1, 1, 1, 3, 1, 1, 1, 3, 0, 4, 3, 1, 4, 1, 1, 0, 4, 1, 1, 2, 1, 1, 1, 1, 3, 1, 2, 1, 1, 4, 1, 2, 1, 3, 1, 1, 1, 1, 2, 1, 4, 2, 2]|[0, 2, 1, 1, 3, 0, 1, 3, 0, 0, 0, 0, 1, 0, 1, 0, 0, 3, 1, 0, 0, 0, 3, 1, 0, 2, 0, 0, 0, 1, 0, 0, 0, 0, 3, 0, 1, 0, 0, 2, 1, 1, 1, 0, 0, 0, 0, 2, 1, 0, 0, 0, 1, 3, 0, 0, 0, 0, 0, 0, 2, 0, 1, 0, 2, 1, 0, 0, 1, 1, 3, 1, 1, 3, 0, 0, 1, 0, 0, 2, 0, 0, 0, 1, 1, 0, 0, 0, 1, 0, 2, 0, 0, 1, 1, 0, 0, 2, 0, 0],731.2476204416437,56806.84376103422,93275.64763277225,false
29,G4_BALANCED,G4_BALANCED,[31, 22, 82, 15, 26, 58, 95, 42, 77, 12, 47, 5, 93, 78, 86, 54, 85, 63, 18, 72, 20, 35, 43, 97, 91, 76, 10, 30, 21, 45, 71, 64, 1, 23, 17, 83, 24, 14, 60, 36, 6, 57, 40, 88, 65, 56, 79, 94, 67, 41, 68, 75, 38, 9, 19, 32, 81, 55, 27, 62, 87, 90, 99, 59, 11, 16, 73, 70, 39, 37, 84, 3, 44, 92, 25, 46, 28, 29, 51, 7, 66, 61, 98, 48, 89, 50, 4, 96, 53, 80, 8, 33, 34, 2, 52, 13, 0, 69, 74, 49]|[1, 1, 0, 1, 1, 0, 1, 1, 2, 1, 2, 2, 2, 1, 1, 0, 0, 1, 0, 2, 2, 0, 0, 2, 0, 1, 2, 2, 0, 0, 1, 2, 1, 2, 1, 0, 2, 0, 1, 1, 0, 1, 1, 1, 0, 2, 1, 1, 0, 0, 0, 0, 1, 1, 2, 1, 2, 0, 0, 0, 2, 1, 1, 2, 2, 1, 1, 1, 1, 1, 1, 1, 2, 0, 1, 0, 2, 0, 0, 1, 2, 1, 2, 0, 1, 0, 0, 2, 0, 0, 1, 2, 2, 0, 1, 0, 0, 1, 2, 0]|[4, 3, 2, 2, 4, 1, 2, 3, 2, 4, 1, 1, 2, 4, 4, 1, 2, 4, 2, 1, 1, 1, 1, 2, 1, 2, 1, 1, 2, 1, 3, 2, 3, 1, 4, 0, 1, 1, 0, 3, 2, 2, 2, 0, 1, 1, 0, 4, 0, 1, 2, 2, 1, 4, 0, 3, 2, 1, 1, 2, 1, 3, 1, 1, 1, 3, 4, 3, 1, 4, 1, 1, 1, 0, 4, 2, 1, 1, 1, 1, 1, 3, 1, 1, 1, 1, 2, 1, 2, 1, 3, 1, 1, 2, 1, 2, 2, 4, 1, 1]|[0, 2, 1, 1, 3, 0, 1, 3, 0, 0, 0, 0, 1, 0, 1, 0, 0, 3, 1, 0, 0, 0, 0, 1, 0, 2, 0, 0, 0, 1, 0, 0, 0, 0, 3, 0, 1, 0, 0, 2, 1, 1, 1, 0, 0, 0, 0, 2, 1, 0, 0, 0, 1, 3, 0, 0, 1, 0, 0, 1, 0, 2, 1, 0, 0, 2, 0, 0, 1, 1, 3, 1, 0, 1, 3, 0, 0, 0, 0, 2, 0, 0, 0, 0, 1, 0, 1, 0, 1, 0, 2, 0, 0, 0, 1, 0, 0, 2, 0, 1],748.1746824614548,55851.7813185282,94955.23350386188,false
29,G2_TEC,G2_TEC,[31, 22, 82, 15, 26, 9, 95, 42, 77, 68, 47, 5, 93, 78, 86, 54, 85, 63, 18, 44, 20, 49, 36, 14, 74, 50, 53, 17, 21, 28, 11, 64, 3, 23, 30, 83, 24, 41, 40, 52, 65, 27, 90, 70, 39, 87, 48, 69, 99, 4, 46, 1, 13, 58, 97, 59, 45, 8, 73, 37, 35, 79, 71, 66, 76, 32, 60, 80, 96, 6, 16, 61, 33, 7, 57, 34, 12, 67, 10, 98, 56, 88, 43, 75, 91, 38, 84, 92, 29, 19, 51, 72, 89, 25, 2, 55, 62, 81, 94, 0]|[2, 1, 2, 1, 1, 2, 1, 1, 1, 1, 1, 0, 2, 2, 1, 2, 0, 0, 0, 2, 2, 1, 0, 2, 0, 2, 2, 1, 0, 1, 1, 1, 0, 0, 1, 0, 2, 1, 2, 2, 0, 0, 1, 1, 0, 2, 0, 2, 1, 0, 0, 2, 0, 0, 2, 0, 1, 1, 0, 0, 2, 1, 1, 1, 2, 0, 2, 2, 0, 1, 2, 1, 1, 2, 0, 1, 2, 1, 1, 2, 2, 1, 1, 0, 1, 0, 0, 0, 1, 1, 1, 1, 1, 1, 2, 0, 1, 1, 2, 0]|[0, 3, 0, 3, 4, 1, 4, 4, 2, 4, 3, 2, 1, 0, 2, 1, 1, 1, 2, 1, 1, 3, 0, 1, 0, 1, 1, 4, 1, 4, 3, 2, 2, 0, 4, 1, 1, 4, 1, 1, 2, 1, 4, 4, 1, 1, 0, 2, 3, 2, 2, 1, 2, 1, 1, 2, 4, 3, 0, 2, 2, 3, 3, 1, 1, 2, 1, 1, 2, 4, 1, 3, 4, 1, 2, 4, 1, 3, 3, 1, 1, 4, 4, 2, 3, 2, 2, 2, 3, 4, 3, 4, 4, 4, 1, 2, 3, 4, 1, 2]|[0, 2, 0, 0, 3, 0, 1, 3, 0, 0, 2, 0, 1, 0, 1, 0, 0, 0, 1, 0, 0, 2, 0, 0, 1, 0, 0, 3, 0, 1, 0, 2, 0, 0, 3, 0, 1, 3, 0, 0, 0, 0, 1, 3, 0, 0, 1, 0, 2, 0, 0, 0, 0, 0, 1, 0, 1, 0, 1, 1, 0, 2, 0, 2, 0, 0, 0, 0, 0, 2, 0, 0, 1, 0, 0, 1, 0, 0, 3, 0, 0, 1, 2, 0, 0, 0, 0, 0, 3, 1, 0, 2, 1, 3, 0, 0, 0, 1, 0, 0],882.9438068981488,49877.554644704585,107717.62812963048,false
29,G3_TWC,G3_TWC,[31, 22, 82, 15, 26, 58, 95, 42, 77, 12, 47, 5, 93, 78, 98, 54, 85, 63, 18, 44, 20, 35, 43, 97, 91, 76, 10, 30, 21, 45, 71, 64, 1, 23, 17, 83, 24, 14, 60, 36, 6, 57, 94, 88, 65, 56, 79, 40, 67, 68, 46, 75, 38, 9, 19, 32, 81, 41, 27, 62, 87, 90, 99, 59, 11, 16, 72, 73, 70, 39, 37, 84, 3, 92, 25, 55, 28, 29, 51, 7, 33, 61, 86, 66, 89, 50, 48, 96, 53, 8, 80, 4, 34, 49, 52, 0, 13, 69, 2, 74]|[1, 1, 0, 1, 1, 1, 2, 1, 2, 1, 2, 2, 2, 1, 1, 0, 0, 1, 0, 2, 2, 0, 1, 2, 0, 1, 2, 2, 0, 0, 1, 2, 1, 2, 1, 0, 2, 0, 1, 1, 0, 1, 1, 1, 0, 2, 1, 1, 0, 0, 0, 0, 1, 1, 2, 1, 2, 0, 0, 0, 2, 1, 0, 1, 2, 1, 2, 1, 1, 1, 1, 1, 1, 0, 1, 1, 0, 0, 0, 1, 2, 1, 0, 2, 1, 0, 0, 0, 0, 1, 0, 0, 2, 0, 1, 0, 0, 1, 0, 2]|[4, 3, 2, 2, 0, 0, 2, 2, 2, 4, 1, 1, 2, 4, 4, 1, 2, 4, 2, 1, 1, 1, 1, 2, 1, 2, 1, 1, 1, 1, 3, 2, 3, 0, 4, 0, 1, 1, 0, 3, 2, 2, 4, 0, 1, 1, 0, 2, 0, 1, 2, 2, 1, 4, 0, 3, 2, 1, 1, 2, 1, 3, 1, 1, 1, 3, 0, 4, 3, 1, 4, 1, 1, 2, 4, 4, 2, 1, 1, 3, 1, 3, 1, 1, 1, 1, 1, 1, 2, 3, 1, 2, 1, 1, 1, 2, 2, 3, 2, 1]|[0, 2, 1, 1, 3, 3, 0, 1, 0, 0, 0, 0, 1, 0, 1, 0, 0, 3, 1, 0, 0, 0, 3, 1, 0, 2, 0, 0, 0, 1, 0, 0, 0, 0, 3, 0, 1, 0, 0, 2, 1, 1, 2, 0, 0, 0, 0, 1, 1, 0, 0, 0, 1, 3, 0, 0, 1, 0, 0, 1, 0, 2, 0, 1, 0, 2, 1, 0, 0, 1, 1, 3, 1, 1, 3, 3, 1, 0, 0, 2, 0, 0, 0, 0, 1, 0, 0, 0, 1, 2, 0, 1, 0, 1, 1, 0, 0, 0, 0, 0],802.1274951829081,57956.38699448537,89691.2003308727,false
29,G1_CMAX,G1_CMAX,[31, 22, 82, 15, 26, 99, 95, 42, 77, 12, 47, 5, 93, 78, 86, 54, 21, 63, 18, 44, 20, 35, 43, 97, 91, 76, 10, 30, 85, 45, 71, 64, 1, 23, 17, 83, 24, 14, 60, 36, 6, 57, 40, 88, 65, 56, 79, 94, 67, 68, 46, 75, 38, 9, 19, 32, 41, 81, 27, 87, 90, 58, 59, 11, 16, 72, 73, 70, 39, 37, 84, 3, 92, 25, 55, 48, 62, 29, 51, 7, 33, 61, 98, 28, 89, 50, 4, 96, 53, 80, 8, 66, 34, 49, 52, 0, 74, 69, 2, 13]|[1, 1, 0, 1, 1, 0, 1, 1, 2, 1, 2, 2, 2, 1, 1, 0, 0, 1, 0, 2, 2, 0, 1, 2, 0, 1, 2, 2, 0, 0, 1, 2, 1, 2, 1, 0, 2, 0, 1, 1, 0, 1, 1, 1, 0, 2, 1, 1, 0, 0, 0, 0, 1, 1, 2, 1, 0, 2, 0, 2, 1, 0, 1, 2, 1, 2, 1, 1, 1, 1, 1, 1, 0, 1, 2, 0, 0, 0, 0, 1, 2, 1, 2, 0, 1, 0, 1, 2, 0, 0, 1, 2, 2, 0, 1, 0, 2, 1, 0, 0]|[0, 3, 2, 2, 4, 1, 2, 3, 2, 4, 1, 1, 2, 4, 4, 1, 1, 4, 2, 1, 1, 1, 1, 2, 1, 2, 1, 1, 2, 1, 3, 2, 3, 1, 4, 0, 1, 1, 0, 3, 2, 2, 2, 0, 1, 1, 0, 4, 0, 1, 2, 2, 1, 4, 0, 3, 1, 1, 1, 1, 3, 1, 1, 1, 3, 0, 4, 3, 1, 4, 1, 1, 0, 4, 1, 1, 2, 1, 1, 1, 1, 3, 1, 2, 1, 1, 4, 1, 2, 1, 3, 1, 1, 1, 1, 2, 1, 4, 2, 2]|[0, 2, 1, 1, 3, 0, 1, 3, 0, 0, 0, 0, 1, 0, 1, 0, 0, 3, 1, 0, 0, 0, 3, 1, 0, 2, 0, 0, 0, 1, 0, 0, 0, 0, 3, 0, 1, 0, 0, 2, 1, 1, 1, 0, 0, 0, 0, 2, 1, 0, 0, 0, 1, 3, 0, 0, 0, 0, 0, 0, 2, 0, 1, 0, 2, 1, 0, 0, 1, 1, 3, 1, 1, 3, 0, 0, 1, 0, 0, 2, 0, 0, 0, 1, 1, 0, 0, 0, 1, 0, 2, 0, 0, 1, 1, 0, 0, 2, 0, 0],731.2476204416437,56806.84376103422,93275.64763277225,false
29,G4_BALANCED,G4_BALANCED,[31, 22, 82, 15, 26, 58, 95, 42, 77, 12, 47, 5, 93, 78, 86, 54, 85, 63, 18, 72, 20, 35, 43, 97, 91, 76, 10, 30, 21, 45, 71, 64, 1, 23, 17, 83, 24, 14, 60, 36, 6, 57, 40, 88, 65, 56, 79, 94, 67, 41, 68, 75, 38, 9, 19, 32, 81, 55, 27, 62, 87, 90, 99, 59, 11, 16, 73, 70, 39, 37, 84, 3, 44, 92, 25, 46, 28, 29, 51, 7, 66, 61, 98, 48, 89, 50, 4, 96, 53, 80, 8, 33, 34, 2, 52, 13, 0, 69, 74, 49]|[1, 1, 0, 1, 1, 0, 1, 1, 2, 1, 2, 2, 2, 1, 1, 0, 0, 1, 0, 2, 2, 0, 0, 2, 0, 1, 2, 2, 0, 0, 1, 2, 1, 2, 1, 0, 2, 0, 1, 1, 0, 1, 1, 1, 0, 2, 1, 1, 0, 0, 0, 0, 1, 1, 2, 1, 2, 0, 0, 0, 2, 1, 1, 2, 2, 1, 1, 1, 1, 1, 1, 1, 2, 0, 1, 0, 2, 0, 0, 1, 2, 1, 2, 0, 1, 0, 0, 2, 0, 0, 1, 2, 2, 0, 1, 0, 0, 1, 2, 0]|[4, 3, 2, 2, 4, 1, 2, 3, 2, 4, 1, 1, 2, 4, 4, 1, 2, 4, 2, 1, 1, 1, 1, 2, 1, 2, 1, 1, 2, 1, 3, 2, 3, 1, 4, 0, 1, 1, 0, 3, 2, 2, 2, 0, 1, 1, 0, 4, 0, 1, 2, 2, 1, 4, 0, 3, 2, 1, 1, 2, 1, 3, 1, 1, 1, 3, 4, 3, 1, 4, 1, 1, 1, 0, 4, 2, 1, 1, 1, 1, 1, 3, 1, 1, 1, 1, 2, 1, 2, 1, 3, 1, 1, 2, 1, 2, 2, 4, 1, 1]|[0, 2, 1, 1, 3, 0, 1, 3, 0, 0, 0, 0, 1, 0, 1, 0, 0, 3, 1, 0, 0, 0, 0, 1, 0, 2, 0, 0, 0, 1, 0, 0, 0, 0, 3, 0, 1, 0, 0, 2, 1, 1, 1, 0, 0, 0, 0, 2, 1, 0, 0, 0, 1, 3, 0, 0, 1, 0, 0, 1, 0, 2, 1, 0, 0, 2, 0, 0, 1, 1, 3, 1, 0, 1, 3, 0, 0, 0, 0, 2, 0, 0, 0, 0, 1, 0, 1, 0, 1, 0, 2, 0, 0, 0, 1, 0, 0, 2, 0, 1],748.1746824614548,55851.7813185282,94955.23350386188,false
29,G2_TEC,G2_TEC,[31, 22, 82, 15, 26, 9, 95, 42, 77, 68, 47, 5, 93, 78, 86, 54, 85, 63, 18, 44, 20, 49, 36, 14, 74, 50, 53, 17, 21, 28, 11, 64, 3, 23, 30, 83, 24, 41, 40, 52, 65, 27, 90, 70, 39, 87, 48, 69, 99, 4, 46, 1, 13, 58, 97, 59, 45, 8, 73, 37, 35, 79, 71, 66, 76, 32, 60, 80, 96, 6, 16, 61, 33, 7, 57, 34, 12, 67, 10, 98, 56, 88, 43, 75, 91, 38, 84, 92, 29, 19, 51, 72, 89, 25, 2, 55, 62, 81, 94, 0]|[2, 1, 2, 1, 1, 2, 1, 1, 1, 1, 1, 0, 2, 2, 1, 2, 0, 0, 0, 2, 2, 1, 0, 2, 0, 2, 2, 1, 0, 1, 1, 1, 0, 0, 1, 0, 2, 1, 2, 2, 0, 0, 1, 1, 0, 2, 0, 2, 1, 0, 0, 2, 0, 0, 2, 0, 1, 1, 0, 0, 2, 1, 1, 1, 2, 0, 2, 2, 0, 1, 2, 1, 1, 2, 0, 1, 2, 1, 1, 2, 2, 1, 1, 0, 1, 0, 0, 0, 1, 1, 1, 1, 1, 1, 2, 0, 1, 1, 2, 0]|[0, 3, 0, 3, 4, 1, 4, 4, 2, 4, 3, 2, 1, 0, 2, 1, 1, 1, 2, 1, 1, 3, 0, 1, 0, 1, 1, 4, 1, 4, 3, 2, 2, 0, 4, 1, 1, 4, 1, 1, 2, 1, 4, 4, 1, 1, 0, 2, 3, 2, 2, 1, 2, 1, 1, 2, 4, 3, 0, 2, 2, 3, 3, 1, 1, 2, 1, 1, 2, 4, 1, 3, 4, 1, 2, 4, 1, 3, 3, 1, 1, 4, 4, 2, 3, 2, 2, 2, 3, 4, 3, 4, 4, 4, 1, 2, 3, 4, 1, 2]|[0, 2, 0, 0, 3, 0, 1, 3, 0, 0, 2, 0, 1, 0, 1, 0, 0, 0, 1, 0, 0, 2, 0, 0, 1, 0, 0, 3, 0, 1, 0, 2, 0, 0, 3, 0, 1, 3, 0, 0, 0, 0, 1, 3, 0, 0, 1, 0, 2, 0, 0, 0, 0, 0, 1, 0, 1, 0, 1, 1, 0, 2, 0, 2, 0, 0, 0, 0, 0, 2, 0, 0, 1, 0, 0, 1, 0, 0, 3, 0, 0, 1, 2, 0, 0, 0, 0, 0, 3, 1, 0, 2, 1, 3, 0, 0, 0, 1, 0, 0],882.9438068981488,49877.554644704585,107717.62812963048,false
29,G3_TWC,G3_TWC,[31, 22, 82, 15, 26, 58, 95, 42, 77, 12, 47, 5, 93, 78, 98, 54, 85, 63, 18, 44, 20, 35, 43, 97, 91, 76, 10, 30, 21, 45, 71, 64, 1, 23, 17, 83, 24, 14, 60, 36, 6, 57, 94, 88, 65, 56, 79, 40, 67, 68, 46, 75, 38, 9, 19, 32, 81, 41, 27, 62, 87, 90, 99, 59, 11, 16, 72, 73, 70, 39, 37, 84, 3, 92, 25, 55, 28, 29, 51, 7, 33, 61, 86, 66, 89, 50, 48, 96, 53, 8, 80, 4, 34, 49, 52, 0, 13, 69, 2, 74]|[1, 1, 0, 1, 1, 1, 2, 1, 2, 1, 2, 2, 2, 1, 1, 0, 0, 1, 0, 2, 2, 0, 1, 2, 0, 1, 2, 2, 0, 0, 1, 2, 1, 2, 1, 0, 2, 0, 1, 1, 0, 1, 1, 1, 0, 2, 1, 1, 0, 0, 0, 0, 1, 1, 2, 1, 2, 0, 0, 0, 2, 1, 0, 1, 2, 1, 2, 1, 1, 1, 1, 1, 1, 0, 1, 1, 0, 0, 0, 1, 2, 1, 0, 2, 1, 0, 0, 0, 0, 1, 0, 0, 2, 0, 1, 0, 0, 1, 0, 2]|[4, 3, 2, 2, 0, 0, 2, 2, 2, 4, 1, 1, 2, 4, 4, 1, 2, 4, 2, 1, 1, 1, 1, 2, 1, 2, 1, 1, 1, 1, 3, 2, 3, 0, 4, 0, 1, 1, 0, 3, 2, 2, 4, 0, 1, 1, 0, 2, 0, 1, 2, 2, 1, 4, 0, 3, 2, 1, 1, 2, 1, 3, 1, 1, 1, 3, 0, 4, 3, 1, 4, 1, 1, 2, 4, 4, 2, 1, 1, 3, 1, 3, 1, 1, 1, 1, 1, 1, 2, 3, 1, 2, 1, 1, 1, 2, 2, 3, 2, 1]|[0, 2, 1, 1, 3, 3, 0, 1, 0, 0, 0, 0, 1, 0, 1, 0, 0, 3, 1, 0, 0, 0, 3, 1, 0, 2, 0, 0, 0, 1, 0, 0, 0, 0, 3, 0, 1, 0, 0, 2, 1, 1, 2, 0, 0, 0, 0, 1, 1, 0, 0, 0, 1, 3, 0, 0, 1, 0, 0, 1, 0, 2, 0, 1, 0, 2, 1, 0, 0, 1, 1, 3, 1, 1, 3, 3, 1, 0, 0, 2, 0, 0, 0, 0, 1, 0, 0, 0, 1, 2, 0, 1, 0, 1, 1, 0, 0, 0, 0, 0],802.1274951829081,57956.38699448537,89691.2003308727,false
29,G1_CMAX,G1_CMAX,[31, 22, 82, 15, 26, 99, 95, 42, 77, 12, 47, 5, 93, 78, 86, 54, 21, 63, 18, 44, 20, 35, 43, 97, 91, 76, 10, 30, 85, 45, 71, 64, 1, 23, 17, 83, 24, 14, 60, 36, 6, 57, 40, 88, 65, 56, 79, 94, 67, 68, 46, 75, 38, 9, 19, 32, 41, 81, 27, 87, 90, 58, 59, 11, 16, 72, 73, 70, 39, 37, 84, 3, 92, 25, 55, 48, 62, 29, 51, 7, 33, 61, 98, 28, 89, 50, 4, 96, 53, 80, 8, 66, 34, 49, 52, 0, 74, 69, 2, 13]|[1, 1, 0, 1, 1, 0, 1, 1, 2, 1, 2, 2, 2, 1, 1, 0, 0, 1, 0, 2, 2, 0, 1, 2, 0, 1, 2, 2, 0, 0, 1, 2, 1, 2, 1, 0, 2, 0, 1, 1, 0, 1, 1, 1, 0, 2, 1, 1, 0, 0, 0, 0, 1, 1, 2, 1, 0, 2, 0, 2, 1, 0, 1, 2, 1, 2, 1, 1, 1, 1, 1, 1, 0, 1, 2, 0, 0, 0, 0, 1, 2, 1, 2, 0, 1, 0, 1, 2, 0, 0, 1, 2, 2, 0, 1, 0, 2, 1, 0, 0]|[0, 3, 2, 2, 4, 1, 2, 3, 2, 4, 1, 1, 2, 4, 4, 1, 1, 4, 2, 1, 1, 1, 1, 2, 1, 2, 1, 1, 2, 1, 3, 2, 3, 1, 4, 0, 1, 1, 0, 3, 2, 2, 2, 0, 1, 1, 0, 4, 0, 1, 2, 2, 1, 4, 0, 3, 1, 1, 1, 1, 3, 1, 1, 1, 3, 0, 4, 3, 1, 4, 1, 1, 0, 4, 1, 1, 2, 1, 1, 1, 1, 3, 1, 2, 1, 1, 4, 1, 2, 1, 3, 1, 1, 1, 1, 2, 1, 4, 2, 2]|[0, 2, 1, 1, 3, 0, 1, 3, 0, 0, 0, 0, 1, 0, 1, 0, 0, 3, 1, 0, 0, 0, 3, 1, 0, 2, 0, 0, 0, 1, 0, 0, 0, 0, 3, 0, 1, 0, 0, 2, 1, 1, 1, 0, 0, 0, 0, 2, 1, 0, 0, 0, 1, 3, 0, 0, 0, 0, 0, 0, 2, 0, 1, 0, 2, 1, 0, 0, 1, 1, 3, 1, 1, 3, 0, 0, 1, 0, 0, 2, 0, 0, 0, 1, 1, 0, 0, 0, 1, 0, 2, 0, 0, 1, 1, 0, 0, 2, 0, 0],731.2476204416437,56806.84376103422,93275.64763277225,false
29,G4_BALANCED,G4_BALANCED,[31, 22, 82, 15, 26, 58, 95, 42, 77, 12, 47, 5, 93, 78, 86, 54, 85, 63, 18, 72, 20, 35, 43, 97, 91, 76, 10, 30, 21, 45, 71, 64, 1, 23, 17, 83, 24, 14, 60, 36, 6, 57, 40, 88, 65, 56, 79, 94, 67, 41, 68, 75, 38, 9, 19, 32, 81, 55, 27, 62, 87, 90, 99, 59, 11, 16, 73, 70, 39, 37, 84, 3, 44, 92, 25, 46, 28, 29, 51, 7, 66, 61, 98, 48, 89, 50, 4, 96, 53, 80, 8, 33, 34, 2, 52, 13, 0, 69, 74, 49]|[1, 1, 0, 1, 1, 0, 1, 1, 2, 1, 2, 2, 2, 1, 1, 0, 0, 1, 0, 2, 2, 0, 0, 2, 0, 1, 2, 2, 0, 0, 1, 2, 1, 2, 1, 0, 2, 0, 1, 1, 0, 1, 1, 1, 0, 2, 1, 1, 0, 0, 0, 0, 1, 1, 2, 1, 2, 0, 0, 0, 2, 1, 1, 2, 2, 1, 1, 1, 1, 1, 1, 1, 2, 0, 1, 0, 2, 0, 0, 1, 2, 1, 2, 0, 1, 0, 0, 2, 0, 0, 1, 2, 2, 0, 1, 0, 0, 1, 2, 0]|[4, 3, 2, 2, 4, 1, 2, 3, 2, 4, 1, 1, 2, 4, 4, 1, 2, 4, 2, 1, 1, 1, 1, 2, 1, 2, 1, 1, 2, 1, 3, 2, 3, 1, 4, 0, 1, 1, 0, 3, 2, 2, 2, 0, 1, 1, 0, 4, 0, 1, 2, 2, 1, 4, 0, 3, 2, 1, 1, 2, 1, 3, 1, 1, 1, 3, 4, 3, 1, 4, 1, 1, 1, 0, 4, 2, 1, 1, 1, 1, 1, 3, 1, 1, 1, 1, 2, 1, 2, 1, 3, 1, 1, 2, 1, 2, 2, 4, 1, 1]|[0, 2, 1, 1, 3, 0, 1, 3, 0, 0, 0, 0, 1, 0, 1, 0, 0, 3, 1, 0, 0, 0, 0, 1, 0, 2, 0, 0, 0, 1, 0, 0, 0, 0, 3, 0, 1, 0, 0, 2, 1, 1, 1, 0, 0, 0, 0, 2, 1, 0, 0, 0, 1, 3, 0, 0, 1, 0, 0, 1, 0, 2, 1, 0, 0, 2, 0, 0, 1, 1, 3, 1, 0, 1, 3, 0, 0, 0, 0, 2, 0, 0, 0, 0, 1, 0, 1, 0, 1, 0, 2, 0, 0, 0, 1, 0, 0, 2, 0, 1],748.1746824614548,55851.7813185282,94955.23350386188,false
29,G2_TEC,G2_TEC,[31, 22, 82, 15, 26, 9, 95, 42, 77, 68, 47, 5, 93, 78, 86, 54, 85, 63, 18, 44, 20, 49, 36, 14, 74, 50, 53, 17, 21, 28, 11, 64, 3, 23, 30, 83, 24, 41, 40, 52, 65, 27, 90, 70, 39, 87, 48, 69, 99, 4, 46, 1, 13, 58, 97, 59, 45, 8, 73, 37, 35, 79, 71, 66, 76, 32, 60, 80, 96, 6, 16, 61, 33, 7, 57, 34, 12, 67, 10, 98, 56, 88, 43, 75, 91, 38, 84, 92, 29, 19, 51, 72, 89, 25, 2, 55, 62, 81, 94, 0]|[2, 1, 2, 1, 1, 2, 1, 1, 1, 1, 1, 0, 2, 2, 1, 2, 0, 0, 0, 2, 2, 1, 0, 2, 0, 2, 2, 1, 0, 1, 1, 1, 0, 0, 1, 0, 2, 1, 2, 2, 0, 0, 1, 1, 0, 2, 0, 2, 1, 0, 0, 2, 0, 0, 2, 0, 1, 1, 0, 0, 2, 1, 1, 1, 2, 0, 2, 2, 0, 1, 2, 1, 1, 2, 0, 1, 2, 1, 1, 2, 2, 1, 1, 0, 1, 0, 0, 0, 1, 1, 1, 1, 1, 1, 2, 0, 1, 1, 2, 0]|[0, 3, 0, 3, 4, 1, 4, 4, 2, 4, 3, 2, 1, 0, 2, 1, 1, 1, 2, 1, 1, 3, 0, 1, 0, 1, 1, 4, 1, 4, 3, 2, 2, 0, 4, 1, 1, 4, 1, 1, 2, 1, 4, 4, 1, 1, 0, 2, 3, 2, 2, 1, 2, 1, 1, 2, 4, 3, 0, 2, 2, 3, 3, 1, 1, 2, 1, 1, 2, 4, 1, 3, 4, 1, 2, 4, 1, 3, 3, 1, 1, 4, 4, 2, 3, 2, 2, 2, 3, 4, 3, 4, 4, 4, 1, 2, 3, 4, 1, 2]|[0, 2, 0, 0, 3, 0, 1, 3, 0, 0, 2, 0, 1, 0, 1, 0, 0, 0, 1, 0, 0, 2, 0, 0, 1, 0, 0, 3, 0, 1, 0, 2, 0, 0, 3, 0, 1, 3, 0, 0, 0, 0, 1, 3, 0, 0, 1, 0, 2, 0, 0, 0, 0, 0, 1, 0, 1, 0, 1, 1, 0, 2, 0, 2, 0, 0, 0, 0, 0, 2, 0, 0, 1, 0, 0, 1, 0, 0, 3, 0, 0, 1, 2, 0, 0, 0, 0, 0, 3, 1, 0, 2, 1, 3, 0, 0, 0, 1, 0, 0],882.9438068981488,49877.554644704585,107717.62812963048,false
29,G3_TWC,G3_TWC,[31, 22, 82, 15, 26, 58, 95, 42, 77, 12, 47, 5, 93, 78, 98, 54, 85, 63, 18, 44, 20, 35, 43, 97, 91, 76, 10, 30, 21, 45, 71, 64, 1, 23, 17, 83, 24, 14, 60, 36, 6, 57, 94, 88, 65, 56, 79, 40, 67, 68, 46, 75, 38, 9, 19, 32, 81, 41, 27, 62, 87, 90, 99, 59, 11, 16, 72, 73, 70, 39, 37, 84, 3, 92, 25, 55, 28, 29, 51, 7, 33, 61, 86, 66, 89, 50, 48, 96, 53, 8, 80, 4, 34, 49, 52, 0, 13, 69, 2, 74]|[1, 1, 0, 1, 1, 1, 2, 1, 2, 1, 2, 2, 2, 1, 1, 0, 0, 1, 0, 2, 2, 0, 1, 2, 0, 1, 2, 2, 0, 0, 1, 2, 1, 2, 1, 0, 2, 0, 1, 1, 0, 1, 1, 1, 0, 2, 1, 1, 0, 0, 0, 0, 1, 1, 2, 1, 2, 0, 0, 0, 2, 1, 0, 1, 2, 1, 2, 1, 1, 1, 1, 1, 1, 0, 1, 1, 0, 0, 0, 1, 2, 1, 0, 2, 1, 0, 0, 0, 0, 1, 0, 0, 2, 0, 1, 0, 0, 1, 0, 2]|[4, 3, 2, 2, 0, 0, 2, 2, 2, 4, 1, 1, 2, 4, 4, 1, 2, 4, 2, 1, 1, 1, 1, 2, 1, 2, 1, 1, 1, 1, 3, 2, 3, 0, 4, 0, 1, 1, 0, 3, 2, 2, 4, 0, 1, 1, 0, 2, 0, 1, 2, 2, 1, 4, 0, 3, 2, 1, 1, 2, 1, 3, 1, 1, 1, 3, 0, 4, 3, 1, 4, 1, 1, 2, 4, 4, 2, 1, 1, 3, 1, 3, 1, 1, 1, 1, 1, 1, 2, 3, 1, 2, 1, 1, 1, 2, 2, 3, 2, 1]|[0, 2, 1, 1, 3, 3, 0, 1, 0, 0, 0, 0, 1, 0, 1, 0, 0, 3, 1, 0, 0, 0, 3, 1, 0, 2, 0, 0, 0, 1, 0, 0, 0, 0, 3, 0, 1, 0, 0, 2, 1, 1, 2, 0, 0, 0, 0, 1, 1, 0, 0, 0, 1, 3, 0, 0, 1, 0, 0, 1, 0, 2, 0, 1, 0, 2, 1, 0, 0, 1, 1, 3, 1, 1, 3, 3, 1, 0, 0, 2, 0, 0, 0, 0, 1, 0, 0, 0, 1, 2, 0, 1, 0, 1, 1, 0, 0, 0, 0, 0],802.1274951829081,57956.38699448537,89691.2003308727,false
29,G1_CMAX,G1_CMAX,[31, 22, 82, 15, 26, 99, 95, 42, 77, 12, 47, 5, 93, 78, 86, 54, 21, 63, 18, 44, 20, 35, 43, 97, 91, 76, 10, 30, 85, 45, 71, 64, 1, 23, 17, 83, 24, 14, 60, 36, 6, 57, 40, 88, 65, 56, 79, 94, 67, 68, 46, 75, 38, 9, 19, 32, 41, 81, 27, 87, 90, 58, 59, 11, 16, 72, 73, 70, 39, 37, 84, 3, 92, 25, 55, 48, 62, 29, 51, 7, 33, 61, 98, 28, 89, 50, 4, 96, 53, 80, 8, 66, 34, 49, 52, 0, 74, 69, 2, 13]|[1, 1, 0, 1, 1, 0, 1, 1, 2, 1, 2, 2, 2, 1, 1, 0, 0, 1, 0, 2, 2, 0, 1, 2, 0, 1, 2, 2, 0, 0, 1, 2, 1, 2, 1, 0, 2, 0, 1, 1, 0, 1, 1, 1, 0, 2, 1, 1, 0, 0, 0, 0, 1, 1, 2, 1, 0, 2, 0, 2, 1, 0, 1, 2, 1, 2, 1, 1, 1, 1, 1, 1, 0, 1, 2, 0, 0, 0, 0, 1, 2, 1, 2, 0, 1, 0, 1, 2, 0, 0, 1, 2, 2, 0, 1, 0, 2, 1, 0, 0]|[0, 3, 2, 2, 4, 1, 2, 3, 2, 4, 1, 1, 2, 4, 4, 1, 1, 4, 2, 1, 1, 1, 1, 2, 1, 2, 1, 1, 2, 1, 3, 2, 3, 1, 4, 0, 1, 1, 0, 3, 2, 2, 2, 0, 1, 1, 0, 4, 0, 1, 2, 2, 1, 4, 0, 3, 1, 1, 1, 1, 3, 1, 1, 1, 3, 0, 4, 3, 1, 4, 1, 1, 0, 4, 1, 1, 2, 1, 1, 1, 1, 3, 1, 2, 1, 1, 4, 1, 2, 1, 3, 1, 1, 1, 1, 2, 1, 4, 2, 2]|[0, 2, 1, 1, 3, 0, 1, 3, 0, 0, 0, 0, 1, 0, 1, 0, 0, 3, 1, 0, 0, 0, 3, 1, 0, 2, 0, 0, 0, 1, 0, 0, 0, 0, 3, 0, 1, 0, 0, 2, 1, 1, 1, 0, 0, 0, 0, 2, 1, 0, 0, 0, 1, 3, 0, 0, 0, 0, 0, 0, 2, 0, 1, 0, 2, 1, 0, 0, 1, 1, 3, 1, 1, 3, 0, 0, 1, 0, 0, 2, 0, 0, 0, 1, 1, 0, 0, 0, 1, 0, 2, 0, 0, 1, 1, 0, 0, 2, 0, 0],731.2476204416437,56806.84376103422,93275.64763277225,false
29,G4_BALANCED,G4_BALANCED,[31, 22, 82, 15, 26, 58, 95, 42, 77, 12, 47, 5, 93, 78, 86, 54, 85, 63, 18, 72, 20, 35, 43, 97, 91, 76, 10, 30, 21, 45, 71, 64, 1, 23, 17, 83, 24, 14, 60, 36, 6, 57, 40, 88, 65, 56, 79, 94, 67, 41, 68, 75, 38, 9, 19, 32, 81, 55, 27, 62, 87, 90, 99, 59, 11, 16, 44, 73, 70, 39, 37, 84, 3, 92, 25, 46, 28, 29, 51, 7, 66, 61, 98, 48, 89, 50, 4, 96, 53, 80, 8, 33, 34, 2, 52, 13, 0, 69, 74, 49]|[1, 1, 0, 1, 1, 0, 1, 1, 2, 1, 2, 2, 2, 1, 1, 0, 0, 1, 0, 2, 2, 0, 1, 2, 0, 1, 2, 2, 0, 0, 1, 2, 1, 2, 1, 0, 2, 0, 1, 1, 0, 1, 1, 1, 0, 2, 1, 1, 0, 0, 0, 0, 1, 1, 2, 1, 2, 0, 0, 2, 2, 1, 1, 2, 2, 1, 2, 1, 1, 1, 1, 1, 1, 0, 1, 0, 0, 0, 0, 1, 2, 1, 2, 0, 1, 0, 1, 2, 0, 0, 1, 2, 2, 0, 1, 0, 0, 1, 2, 0]|[4, 3, 2, 2, 4, 1, 2, 3, 2, 4, 1, 1, 2, 4, 4, 1, 2, 4, 2, 1, 1, 1, 1, 2, 1, 2, 1, 1, 2, 1, 3, 2, 3, 1, 4, 0, 1, 1, 0, 3, 2, 2, 2, 0, 1, 1, 0, 4, 0, 1, 2, 2, 1, 4, 0, 3, 2, 1, 1, 1, 1, 3, 1, 1, 1, 3, 1, 4, 3, 1, 4, 1, 1, 0, 4, 2, 2, 1, 1, 1, 1, 3, 1, 1, 1, 1, 4, 1, 2, 1, 3, 1, 1, 2, 1, 2, 2, 4, 1, 1]|[0, 2, 1, 1, 3, 0, 1, 3, 0, 0, 0, 0, 1, 0, 1, 0, 0, 3, 1, 0, 0, 0, 3, 1, 0, 2, 0, 0, 0, 1, 0, 0, 0, 0, 3, 0, 1, 0, 0, 2, 1, 1, 1, 0, 0, 0, 0, 2, 1, 0, 0, 0, 1, 3, 0, 0, 1, 0, 0, 0, 0, 2, 1, 0, 0, 2, 0, 0, 0, 1, 1, 3, 1, 1, 3, 0, 1, 0, 0, 2, 0, 0, 0, 0, 1, 0, 0, 0, 1, 0, 2, 0, 0, 0, 1, 0, 0, 2, 0, 1],747.1438989226004,55733.55354576636,94625.20584372425,false
29,G2_TEC,G2_TEC,[31, 22, 82, 15, 26, 9, 95, 42, 77, 68, 47, 5, 93, 78, 86, 54, 85, 63, 18, 44, 20, 49, 36, 14, 74, 50, 53, 17, 21, 28, 11, 64, 3, 23, 30, 83, 24, 41, 40, 52, 65, 27, 90, 70, 39, 87, 48, 69, 99, 4, 46, 1, 13, 58, 97, 59, 45, 8, 73, 37, 35, 79, 71, 66, 76, 32, 60, 80, 96, 6, 16, 61, 33, 7, 57, 34, 12, 67, 10, 98, 56, 88, 43, 75, 91, 38, 84, 92, 29, 19, 51, 72, 89, 25, 2, 55, 62, 81, 94, 0]|[2, 1, 2, 1, 1, 2, 1, 1, 1, 1, 1, 0, 2, 2, 1, 2, 0, 0, 0, 2, 2, 1, 0, 2, 0, 2, 2, 1, 0, 1, 1, 1, 0, 0, 1, 0, 2, 1, 2, 2, 0, 0, 1, 1, 0, 2, 0, 2, 1, 0, 0, 2, 0, 0, 2, 0, 1, 1, 0, 0, 2, 1, 1, 1, 2, 0, 2, 2, 0, 1, 2, 1, 1, 2, 0, 1, 2, 1, 1, 2, 2, 1, 1, 0, 1, 0, 0, 0, 1, 1, 1, 1, 1, 1, 2, 0, 1, 1, 2, 0]|[0, 3, 0, 3, 4, 1, 4, 4, 2, 4, 3, 2, 1, 0, 2, 1, 1, 1, 2, 1, 1, 3, 0, 1, 0, 1, 1, 4, 1, 4, 3, 2, 2, 0, 4, 1, 1, 4, 1, 1, 2, 1, 4, 4, 1, 1, 0, 2, 3, 2, 2, 1, 2, 1, 1, 2, 4, 3, 0, 2, 2, 3, 3, 1, 1, 2, 1, 1, 2, 4, 1, 3, 4, 1, 2, 4, 1, 3, 3, 1, 1, 4, 4, 2, 3, 2, 2, 2, 3, 4, 3, 4, 4, 4, 1, 2, 3, 4, 1, 2]|[0, 2, 0, 0, 3, 0, 1, 3, 0, 0, 2, 0, 1, 0, 1, 0, 0, 0, 1, 0, 0, 2, 0, 0, 1, 0, 0, 3, 0, 1, 0, 2, 0, 0, 3, 0, 1, 3, 0, 0, 0, 0, 1, 3, 0, 0, 1, 0, 2, 0, 0, 0, 0, 0, 1, 0, 1, 0, 1, 1, 0, 2, 0, 2, 0, 0, 0, 0, 0, 2, 0, 0, 1, 0, 0, 1, 0, 0, 3, 0, 0, 1, 2, 0, 0, 0, 0, 0, 3, 1, 0, 2, 1, 3, 0, 0, 0, 1, 0, 0],882.9438068981488,49877.554644704585,107717.62812963048,false
29,G3_TWC,G3_TWC,[31, 22, 82, 15, 26, 58, 95, 42, 77, 12, 47, 5, 93, 78, 98, 54, 85, 63, 18, 44, 20, 35, 43, 97, 91, 76, 10, 30, 21, 45, 71, 64, 1, 23, 17, 83, 24, 14, 60, 36, 6, 57, 94, 88, 65, 56, 79, 40, 67, 68, 46, 75, 38, 9, 19, 32, 81, 41, 27, 62, 87, 90, 99, 59, 11, 16, 72, 73, 70, 39, 37, 84, 3, 92, 25, 55, 28, 29, 51, 7, 33, 61, 86, 66, 89, 50, 48, 96, 53, 8, 80, 4, 34, 49, 52, 0, 13, 69, 2, 74]|[1, 1, 0, 1, 1, 1, 2, 1, 2, 1, 2, 2, 2, 1, 1, 0, 0, 1, 0, 2, 2, 0, 1, 2, 0, 1, 2, 2, 0, 0, 1, 2, 1, 2, 1, 0, 2, 0, 1, 1, 0, 1, 1, 1, 0, 2, 1, 1, 0, 0, 0, 0, 1, 1, 2, 1, 2, 0, 0, 0, 2, 1, 0, 1, 2, 1, 2, 1, 1, 1, 1, 1, 1, 0, 1, 1, 0, 0, 0, 1, 2, 1, 0, 2, 1, 0, 0, 0, 0, 1, 0, 0, 2, 0, 1, 0, 0, 1, 0, 2]|[4, 3, 2, 2, 0, 0, 2, 2, 2, 4, 1, 1, 2, 4, 4, 1, 2, 4, 2, 1, 1, 1, 1, 2, 1, 2, 1, 1, 1, 1, 3, 2, 3, 0, 4, 0, 1, 1, 0, 3, 2, 2, 4, 0, 1, 1, 0, 2, 0, 1, 2, 2, 1, 4, 0, 3, 2, 1, 1, 2, 1, 3, 1, 1, 1, 3, 0, 4, 3, 1, 4, 1, 1, 2, 4, 4, 2, 1, 1, 3, 1, 3, 1, 1, 1, 1, 1, 1, 2, 3, 1, 2, 1, 1, 1, 2, 2, 3, 2, 1]|[0, 2, 1, 1, 3, 3, 0, 1, 0, 0, 0, 0, 1, 0, 1, 0, 0, 3, 1, 0, 0, 0, 3, 1, 0, 2, 0, 0, 0, 1, 0, 0, 0, 0, 3, 0, 1, 0, 0, 2, 1, 1, 2, 0, 0, 0, 0, 1, 1, 0, 0, 0, 1, 3, 0, 0, 1, 0, 0, 1, 0, 2, 0, 1, 0, 2, 1, 0, 0, 1, 1, 3, 1, 1, 3, 3, 1, 0, 0, 2, 0, 0, 0, 0, 1, 0, 0, 0, 1, 2, 0, 1, 0, 1, 1, 0, 0, 0, 0, 0],802.1274951829081,57956.38699448537,89691.2003308727,false
29,G1_CMAX,G1_CMAX,[31, 22, 82, 15, 26, 99, 95, 42, 77, 12, 47, 5, 93, 78, 86, 54, 21, 63, 18, 44, 20, 35, 43, 97, 91, 76, 10, 30, 85, 45, 71, 64, 1, 23, 17, 83, 24, 14, 60, 36, 6, 57, 40, 88, 65, 56, 79, 94, 67, 68, 46, 75, 38, 9, 19, 32, 41, 81, 27, 87, 90, 58, 59, 11, 16, 72, 73, 70, 39, 37, 84, 3, 92, 25, 55, 48, 62, 29, 51, 7, 33, 61, 98, 28, 89, 50, 4, 96, 53, 80, 8, 66, 34, 49, 52, 0, 74, 69, 2, 13]|[1, 1, 0, 1, 1, 0, 1, 1, 2, 1, 2, 2, 2, 1, 1, 0, 0, 1, 0, 2, 2, 0, 1, 2, 0, 1, 2, 2, 0, 0, 1, 2, 1, 2, 1, 0, 2, 0, 1, 1, 0, 1, 1, 1, 0, 2, 1, 1, 0, 0, 0, 0, 1, 1, 2, 1, 0, 2, 0, 2, 1, 0, 1, 2, 1, 2, 1, 1, 1, 1, 1, 1, 0, 1, 2, 0, 0, 0, 0, 1, 2, 1, 2, 0, 1, 0, 1, 2, 0, 0, 1, 2, 2, 0, 1, 0, 2, 1, 0, 0]|[0, 3, 2, 2, 4, 1, 2, 3, 2, 4, 1, 1, 2, 4, 4, 1, 1, 4, 2, 1, 1, 1, 1, 2, 1, 2, 1, 1, 2, 1, 3, 2, 3, 1, 4, 0, 1, 1, 0, 3, 2, 2, 2, 0, 1, 1, 0, 4, 0, 1, 2, 2, 1, 4, 0, 3, 1, 1, 1, 1, 3, 1, 1, 1, 3, 0, 4, 3, 1, 4, 1, 1, 0, 4, 1, 1, 2, 1, 1, 1, 1, 3, 1, 2, 1, 1, 4, 1, 2, 1, 3, 1, 1, 1, 1, 2, 1, 4, 2, 2]|[0, 2, 1, 1, 3, 0, 1, 3, 0, 0, 0, 0, 1, 0, 1, 0, 0, 3, 1, 0, 0, 0, 3, 1, 0, 2, 0, 0, 0, 1, 0, 0, 0, 0, 3, 0, 1, 0, 0, 2, 1, 1, 1, 0, 0, 0, 0, 2, 1, 0, 0, 0, 1, 3, 0, 0, 0, 0, 0, 0, 2, 0, 1, 0, 2, 1, 0, 0, 1, 1, 3, 1, 1, 3, 0, 0, 1, 0, 0, 2, 0, 0, 0, 1, 1, 0, 0, 0, 1, 0, 2, 0, 0, 1, 1, 0, 0, 2, 0, 0],731.2476204416437,56806.84376103422,93275.64763277225,false
29,G4_BALANCED,G4_BALANCED,[31, 22, 82, 15, 26, 58, 95, 42, 77, 12, 47, 5, 93, 78, 86, 54, 85, 63, 18, 72, 20, 35, 43, 97, 91, 76, 10, 30, 21, 45, 71, 64, 1, 23, 17, 83, 24, 14, 60, 36, 6, 57, 40, 88, 65, 56, 79, 94, 67, 41, 68, 75, 38, 9, 19, 32, 81, 55, 27, 62, 87, 90, 99, 59, 11, 16, 44, 73, 70, 39, 37, 84, 3, 92, 25, 46, 28, 29, 51, 7, 66, 61, 98, 48, 89, 50, 4, 96, 53, 80, 8, 33, 34, 2, 52, 13, 0, 69, 74, 49]|[1, 1, 0, 1, 1, 0, 1, 1, 2, 1, 2, 2, 2, 1, 1, 0, 0, 1, 0, 2, 2, 0, 1, 2, 0, 1, 2, 2, 0, 0, 1, 2, 1, 2, 1, 0, 2, 0, 1, 1, 0, 1, 1, 1, 0, 2, 1, 1, 0, 0, 0, 0, 1, 1, 2, 1, 2, 0, 0, 2, 2, 1, 1, 2, 2, 1, 2, 1, 1, 1, 1, 1, 1, 0, 1, 0, 0, 0, 0, 1, 2, 1, 2, 0, 1, 0, 1, 2, 0, 0, 1, 2, 2, 0, 1, 0, 0, 1, 2, 0]|[4, 3, 2, 2, 4, 1, 2, 3, 2, 4, 1, 1, 2, 4, 4, 1, 2, 4, 2, 1, 1, 1, 1, 2, 1, 2, 1, 1, 2, 1, 3, 2, 3, 1, 4, 0, 1, 1, 0, 3, 2, 2, 2, 0, 1, 1, 0, 4, 0, 1, 2, 2, 1, 4, 0, 3, 2, 1, 1, 1, 1, 3, 1, 1, 1, 3, 1, 4, 3, 1, 4, 1, 1, 0, 4, 2, 2, 1, 1, 1, 1, 3, 1, 1, 1, 1, 4, 1, 2, 1, 3, 1, 1, 2, 1, 2, 2, 4, 1, 1]|[0, 2, 1, 1, 3, 0, 1, 3, 0, 0, 0, 0, 1, 0, 1, 0, 0, 3, 1, 0, 0, 0, 3, 1, 0, 2, 0, 0, 0, 1, 0, 0, 0, 0, 3, 0, 1, 0, 0, 2, 1, 1, 1, 0, 0, 0, 0, 2, 1, 0, 0, 0, 1, 3, 0, 0, 1, 0, 0, 0, 0, 2, 1, 0, 0, 2, 0, 0, 0, 1, 1, 3, 1, 1, 3, 0, 1, 0, 0, 2, 0, 0, 0, 0, 1, 0, 0, 0, 1, 0, 2, 0, 0, 0, 1, 0, 0, 2, 0, 1],747.1438989226004,55733.55354576636,94625.20584372425,false
29,G2_TEC,G2_TEC,[31, 22, 82, 15, 26, 9, 95, 42, 77, 68, 47, 5, 93, 78, 86, 54, 85, 63, 18, 44, 20, 49, 36, 14, 74, 50, 53, 17, 21, 28, 11, 64, 3, 23, 30, 83, 24, 41, 40, 52, 65, 27, 90, 70, 39, 87, 48, 69, 99, 4, 46, 1, 13, 58, 97, 59, 45, 8, 73, 37, 35, 79, 71, 66, 76, 32, 60, 80, 96, 6, 16, 61, 33, 7, 57, 34, 12, 67, 10, 98, 56, 88, 43, 75, 91, 38, 84, 92, 29, 19, 51, 72, 89, 25, 2, 55, 62, 81, 94, 0]|[2, 1, 2, 1, 1, 2, 1, 1, 1, 1, 1, 0, 2, 2, 1, 2, 0, 0, 0, 2, 2, 1, 0, 2, 0, 2, 2, 1, 0, 1, 1, 1, 0, 0, 1, 0, 2, 1, 2, 2, 0, 0, 1, 1, 0, 2, 0, 2, 1, 0, 0, 2, 0, 0, 2, 0, 1, 1, 0, 0, 2, 1, 1, 1, 2, 0, 2, 2, 0, 1, 2, 1, 1, 2, 0, 1, 2, 1, 1, 2, 2, 1, 1, 0, 1, 0, 0, 0, 1, 1, 1, 1, 1, 1, 2, 0, 1, 1, 2, 0]|[0, 3, 0, 3, 4, 1, 4, 4, 2, 4, 3, 2, 1, 0, 2, 1, 1, 1, 2, 1, 1, 3, 0, 1, 0, 1, 1, 4, 1, 4, 3, 2, 2, 0, 4, 1, 1, 4, 1, 1, 2, 1, 4, 4, 1, 1, 0, 2, 3, 2, 2, 1, 2, 1, 1, 2, 4, 3, 0, 2, 2, 3, 3, 1, 1, 2, 1, 1, 2, 4, 1, 3, 4, 1, 2, 4, 1, 3, 3, 1, 1, 4, 4, 2, 3, 2, 2, 2, 3, 4, 3, 4, 4, 4, 1, 2, 3, 4, 1, 2]|[0, 2, 0, 0, 3, 0, 1, 3, 0, 0, 2, 0, 1, 0, 1, 0, 0, 0, 1, 0, 0, 2, 0, 0, 1, 0, 0, 3, 0, 1, 0, 2, 0, 0, 3, 0, 1, 3, 0, 0, 0, 0, 1, 3, 0, 0, 1, 0, 2, 0, 0, 0, 0, 0, 1, 0, 1, 0, 1, 1, 0, 2, 0, 2, 0, 0, 0, 0, 0, 2, 0, 0, 1, 0, 0, 1, 0, 0, 3, 0, 0, 1, 2, 0, 0, 0, 0, 0, 3, 1, 0, 2, 1, 3, 0, 0, 0, 1, 0, 0],882.9438068981488,49877.554644704585,107717.62812963048,false
29,G3_TWC,G3_TWC,[31, 22, 82, 15, 26, 58, 95, 42, 77, 12, 47, 5, 93, 78, 98, 54, 85, 63, 18, 44, 20, 35, 43, 97, 91, 76, 10, 30, 21, 45, 71, 64, 1, 23, 17, 83, 24, 14, 60, 36, 6, 57, 94, 88, 65, 56, 79, 40, 67, 68, 46, 75, 38, 9, 19, 32, 81, 41, 27, 62, 87, 90, 99, 59, 11, 16, 72, 73, 70, 39, 37, 84, 3, 92, 25, 55, 28, 29, 51, 7, 33, 61, 86, 66, 89, 50, 48, 96, 53, 8, 80, 4, 34, 49, 52, 0, 13, 69, 2, 74]|[1, 1, 0, 1, 1, 1, 2, 1, 2, 1, 2, 2, 2, 1, 1, 0, 0, 1, 0, 2, 2, 0, 1, 2, 0, 1, 2, 2, 0, 0, 1, 2, 1, 2, 1, 0, 2, 0, 1, 1, 0, 1, 1, 1, 0, 2, 1, 1, 0, 0, 0, 0, 1, 1, 2, 1, 2, 0, 0, 0, 2, 1, 0, 1, 2, 1, 2, 1, 1, 1, 1, 1, 1, 0, 1, 1, 0, 0, 0, 1, 2, 1, 0, 2, 1, 0, 0, 0, 0, 1, 0, 0, 2, 0, 1, 0, 0, 1, 0, 2]|[4, 3, 2, 2, 0, 0, 2, 2, 2, 4, 1, 1, 2, 4, 4, 1, 2, 4, 2, 1, 1, 1, 1, 2, 1, 2, 1, 1, 1, 1, 3, 2, 3, 0, 4, 0, 1, 1, 0, 3, 2, 2, 4, 0, 1, 1, 0, 2, 0, 1, 2, 2, 1, 4, 0, 3, 2, 1, 1, 2, 1, 3, 1, 1, 1, 3, 0, 4, 3, 1, 4, 1, 1, 2, 4, 4, 2, 1, 1, 3, 1, 3, 1, 1, 1, 1, 1, 1, 2, 3, 1, 2, 1, 1, 1, 2, 2, 3, 2, 1]|[0, 2, 1, 1, 3, 3, 0, 1, 0, 0, 0, 0, 1, 0, 1, 0, 0, 3, 1, 0, 0, 0, 3, 1, 0, 2, 0, 0, 0, 1, 0, 0, 0, 0, 3, 0, 1, 0, 0, 2, 1, 1, 2, 0, 0, 0, 0, 1, 1, 0, 0, 0, 1, 3, 0, 0, 1, 0, 0, 1, 0, 2, 0, 1, 0, 2, 1, 0, 0, 1, 1, 3, 1, 1, 3, 3, 1, 0, 0, 2, 0, 0, 0, 0, 1, 0, 0, 0, 1, 2, 0, 1, 0, 1, 1, 0, 0, 0, 0, 0],802.1274951829081,57956.38699448537,89691.2003308727,false
29,G1_CMAX,G1_CMAX,[31, 22, 82, 15, 26, 99, 95, 42, 77, 12, 47, 5, 93, 78, 86, 54, 21, 63, 18, 44, 20, 35, 43, 97, 91, 76, 10, 30, 85, 45, 71, 64, 1, 23, 17, 83, 24, 14, 60, 36, 6, 57, 40, 88, 65, 56, 79, 94, 67, 68, 46, 75, 38, 9, 19, 32, 41, 81, 27, 87, 90, 58, 59, 11, 16, 72, 73, 70, 39, 37, 84, 3, 92, 25, 55, 48, 62, 29, 51, 7, 33, 61, 98, 28, 89, 50, 4, 96, 53, 80, 8, 66, 34, 49, 52, 0, 74, 69, 2, 13]|[1, 1, 0, 1, 1, 0, 1, 1, 2, 1, 2, 2, 2, 1, 1, 0, 0, 1, 0, 2, 2, 0, 1, 2, 0, 1, 2, 2, 0, 0, 1, 2, 1, 2, 1, 0, 2, 0, 1, 1, 0, 1, 1, 1, 0, 2, 1, 1, 0, 0, 0, 0, 1, 1, 2, 1, 0, 2, 0, 2, 1, 0, 1, 2, 1, 2, 1, 1, 1, 1, 1, 1, 0, 1, 2, 0, 0, 0, 0, 1, 2, 1, 2, 0, 1, 0, 1, 2, 0, 0, 1, 2, 2, 0, 1, 0, 2, 1, 0, 0]|[0, 3, 2, 2, 4, 1, 2, 3, 2, 4, 1, 1, 2, 4, 4, 1, 1, 4, 2, 1, 1, 1, 1, 2, 1, 2, 1, 1, 2, 1, 3, 2, 3, 1, 4, 0, 1, 1, 0, 3, 2, 2, 2, 0, 1, 1, 0, 4, 0, 1, 2, 2, 1, 4, 0, 3, 1, 1, 1, 1, 3, 1, 1, 1, 3, 0, 4, 3, 1, 4, 1, 1, 0, 4, 1, 1, 2, 1, 1, 1, 1, 3, 1, 2, 1, 1, 4, 1, 2, 1, 3, 1, 1, 1, 1, 2, 1, 4, 2, 2]|[0, 2, 1, 1, 3, 0, 1, 3, 0, 0, 0, 0, 1, 0, 1, 0, 0, 3, 1, 0, 0, 0, 3, 1, 0, 2, 0, 0, 0, 1, 0, 0, 0, 0, 3, 0, 1, 0, 0, 2, 1, 1, 1, 0, 0, 0, 0, 2, 1, 0, 0, 0, 1, 3, 0, 0, 0, 0, 0, 0, 2, 0, 1, 0, 2, 1, 0, 0, 1, 1, 3, 1, 1, 3, 0, 0, 1, 0, 0, 2, 0, 0, 0, 1, 1, 0, 0, 0, 1, 0, 2, 0, 0, 1, 1, 0, 0, 2, 0, 0],731.2476204416437,56806.84376103422,93275.64763277225,false
29,G4_BALANCED,G4_BALANCED,[31, 22, 82, 15, 26, 58, 95, 42, 77, 12, 47, 5, 93, 78, 86, 54, 85, 63, 18, 72, 20, 35, 43, 97, 91, 76, 10, 30, 21, 45, 71, 64, 1, 23, 17, 83, 24, 14, 60, 36, 6, 57, 40, 88, 65, 56, 79, 94, 67, 41, 68, 75, 38, 9, 19, 32, 81, 55, 27, 62, 87, 90, 99, 59, 11, 16, 44, 73, 70, 39, 37, 84, 3, 92, 25, 46, 28, 29, 51, 7, 66, 61, 98, 48, 89, 50, 4, 96, 53, 80, 8, 33, 34, 2, 52, 13, 0, 69, 74, 49]|[1, 1, 0, 1, 1, 0, 1, 1, 2, 1, 2, 2, 2, 1, 1, 0, 0, 1, 0, 2, 2, 0, 1, 2, 0, 1, 2, 2, 0, 0, 1, 2, 1, 2, 1, 0, 2, 0, 1, 1, 0, 1, 1, 1, 0, 2, 1, 1, 0, 0, 0, 0, 1, 1, 2, 1, 2, 0, 0, 2, 2, 1, 1, 2, 2, 1, 2, 1, 1, 1, 1, 1, 1, 0, 1, 0, 0, 0, 0, 1, 2, 1, 2, 0, 1, 0, 1, 2, 0, 0, 1, 2, 2, 0, 1, 0, 0, 1, 2, 0]|[4, 3, 2, 2, 4, 1, 2, 3, 2, 4, 1, 1, 2, 4, 4, 1, 2, 4, 2, 1, 1, 1, 1, 2, 1, 2, 1, 1, 2, 1, 3, 2, 3, 1, 4, 0, 1, 1, 0, 3, 2, 2, 2, 0, 1, 1, 0, 4, 0, 1, 2, 2, 1, 4, 0, 3, 2, 1, 1, 1, 1, 3, 1, 1, 1, 3, 1, 4, 3, 1, 4, 1, 1, 0, 4, 2, 2, 1, 1, 1, 1, 3, 1, 1, 1, 1, 4, 1, 2, 1, 3, 1, 1, 2, 1, 2, 2, 4, 1, 1]|[0, 2, 1, 1, 3, 0, 1, 3, 0, 0, 0, 0, 1, 0, 1, 0, 0, 3, 1, 0, 0, 0, 3, 1, 0, 2, 0, 0, 0, 1, 0, 0, 0, 0, 3, 0, 1, 0, 0, 2, 1, 1, 1, 0, 0, 0, 0, 2, 1, 0, 0, 0, 1, 3, 0, 0, 1, 0, 0, 0, 0, 2, 1, 0, 0, 2, 0, 0, 0, 1, 1, 3, 1, 1, 3, 0, 1, 0, 0, 2, 0, 0, 0, 0, 1, 0, 0, 0, 1, 0, 2, 0, 0, 0, 1, 0, 0, 2, 0, 1],747.1438989226004,55733.55354576636,94625.20584372425,false
29,G2_TEC,G2_TEC,[31, 22, 82, 15, 26, 9, 95, 42, 77, 68, 47, 5, 93, 78, 86, 54, 85, 63, 18, 44, 20, 49, 36, 14, 74, 50, 53, 17, 21, 28, 11, 64, 3, 23, 30, 83, 24, 41, 40, 52, 65, 27, 90, 70, 39, 87, 48, 69, 99, 4, 46, 1, 13, 58, 97, 59, 45, 8, 73, 37, 35, 79, 71, 66, 76, 32, 60, 80, 96, 6, 16, 61, 33, 7, 57, 34, 12, 67, 10, 98, 56, 88, 43, 75, 91, 38, 84, 92, 29, 19, 51, 72, 89, 25, 2, 55, 62, 81, 94, 0]|[2, 1, 2, 1, 1, 2, 1, 1, 1, 1, 1, 0, 2, 2, 1, 2, 0, 0, 0, 2, 2, 1, 0, 2, 0, 2, 2, 1, 0, 1, 1, 1, 0, 0, 1, 0, 2, 1, 2, 2, 0, 0, 1, 1, 0, 2, 0, 2, 1, 0, 0, 2, 0, 0, 2, 0, 1, 1, 0, 0, 2, 1, 1, 1, 2, 0, 2, 2, 0, 1, 2, 1, 1, 2, 0, 1, 2, 1, 1, 2, 2, 1, 1, 0, 1, 0, 0, 0, 1, 1, 1, 1, 1, 1, 2, 0, 1, 1, 2, 0]|[0, 3, 0, 3, 4, 1, 4, 4, 2, 4, 3, 2, 1, 0, 2, 1, 1, 1, 2, 1, 1, 3, 0, 1, 0, 1, 1, 4, 1, 4, 3, 2, 2, 0, 4, 1, 1, 4, 1, 1, 2, 1, 4, 4, 1, 1, 0, 2, 3, 2, 2, 1, 2, 1, 1, 2, 4, 3, 0, 2, 2, 3, 3, 1, 1, 2, 1, 1, 2, 4, 1, 3, 4, 1, 2, 4, 1, 3, 3, 1, 1, 4, 4, 2, 3, 2, 2, 2, 3, 4, 3, 4, 4, 4, 1, 2, 3, 4, 1, 2]|[0, 2, 0, 0, 3, 0, 1, 3, 0, 0, 2, 0, 1, 0, 1, 0, 0, 0, 1, 0, 0, 2, 0, 0, 1, 0, 0, 3, 0, 1, 0, 2, 0, 0, 3, 0, 1, 3, 0, 0, 0, 0, 1, 3, 0, 0, 1, 0, 2, 0, 0, 0, 0, 0, 1, 0, 1, 0, 1, 1, 0, 2, 0, 2, 0, 0, 0, 0, 0, 2, 0, 0, 1, 0, 0, 1, 0, 0, 3, 0, 0, 1, 2, 0, 0, 0, 0, 0, 3, 1, 0, 2, 1, 3, 0, 0, 0, 1, 0, 0],882.9438068981488,49877.554644704585,107717.62812963048,false
29,G3_TWC,G3_TWC,[31, 22, 82, 15, 26, 58, 95, 42, 77, 12, 47, 5, 93, 78, 98, 54, 85, 63, 18, 44, 20, 35, 43, 97, 91, 76, 10, 30, 21, 45, 71, 64, 1, 23, 17, 83, 24, 14, 60, 36, 6, 57, 94, 88, 65, 56, 79, 40, 67, 68, 46, 75, 38, 9, 19, 32, 81, 41, 27, 62, 87, 90, 99, 59, 11, 16, 72, 73, 70, 39, 37, 84, 3, 92, 25, 55, 28, 29, 51, 7, 33, 61, 86, 66, 89, 50, 48, 96, 53, 8, 80, 4, 34, 49, 52, 0, 13, 69, 2, 74]|[1, 1, 0, 1, 1, 1, 2, 1, 2, 1, 2, 2, 2, 1, 1, 0, 0, 1, 0, 2, 2, 0, 1, 2, 0, 1, 2, 2, 0, 0, 1, 2, 1, 2, 1, 0, 2, 0, 1, 1, 0, 1, 1, 1, 0, 2, 1, 1, 0, 0, 0, 0, 1, 1, 2, 1, 2, 0, 0, 0, 2, 1, 0, 1, 2, 1, 2, 1, 1, 1, 1, 1, 1, 0, 1, 1, 0, 0, 0, 1, 2, 1, 0, 2, 1, 0, 0, 0, 0, 1, 0, 0, 2, 0, 1, 0, 0, 1, 0, 2]|[4, 3, 2, 2, 0, 0, 2, 2, 2, 4, 1, 1, 2, 4, 4, 1, 2, 4, 2, 1, 1, 1, 1, 2, 1, 2, 1, 1, 1, 1, 3, 2, 3, 0, 4, 0, 1, 1, 0, 3, 2, 2, 4, 0, 1, 1, 0, 2, 0, 1, 2, 2, 1, 4, 0, 3, 2, 1, 1, 2, 1, 3, 1, 1, 1, 3, 0, 4, 3, 1, 4, 1, 1, 2, 4, 4, 2, 1, 1, 3, 1, 3, 1, 1, 1, 1, 1, 1, 2, 3, 1, 2, 1, 1, 1, 2, 2, 3, 2, 1]|[0, 2, 1, 1, 3, 3, 0, 1, 0, 0, 0, 0, 1, 0, 1, 0, 0, 3, 1, 0, 0, 0, 3, 1, 0, 2, 0, 0, 0, 1, 0, 0, 0, 0, 3, 0, 1, 0, 0, 2, 1, 1, 2, 0, 0, 0, 0, 1, 1, 0, 0, 0, 1, 3, 0, 0, 1, 0, 0, 1, 0, 2, 0, 1, 0, 2, 1, 0, 0, 1, 1, 3, 1, 1, 3, 3, 1, 0, 0, 2, 0, 0, 0, 0, 1, 0, 0, 0, 1, 2, 0, 1, 0, 1, 1, 0, 0, 0, 0, 0],802.1274951829081,57956.38699448537,89691.2003308727,false
29,G1_CMAX,G1_CMAX,[31, 22, 82, 15, 26, 99, 95, 42, 77, 12, 47, 5, 93, 78, 86, 54, 21, 63, 18, 44, 20, 35, 43, 97, 91, 76, 10, 30, 85, 45, 71, 64, 1, 23, 17, 83, 24, 14, 60, 36, 6, 57, 40, 88, 65, 56, 79, 94, 67, 68, 46, 75, 38, 9, 19, 32, 41, 81, 27, 87, 90, 58, 59, 11, 16, 72, 73, 70, 39, 37, 84, 3, 92, 25, 55, 48, 62, 29, 51, 7, 33, 61, 98, 28, 89, 50, 4, 96, 53, 80, 8, 66, 34, 49, 52, 0, 74, 69, 2, 13]|[1, 1, 0, 1, 1, 0, 1, 1, 2, 1, 2, 2, 2, 1, 1, 0, 0, 1, 0, 2, 2, 0, 1, 2, 0, 1, 2, 2, 0, 0, 1, 2, 1, 2, 1, 0, 2, 0, 1, 1, 0, 1, 1, 1, 0, 2, 1, 1, 0, 0, 0, 0, 1, 1, 2, 1, 0, 2, 0, 2, 1, 0, 1, 2, 1, 2, 1, 1, 1, 1, 1, 1, 0, 1, 2, 0, 0, 0, 0, 1, 2, 1, 2, 0, 1, 0, 1, 2, 0, 0, 1, 2, 2, 0, 1, 0, 2, 1, 0, 0]|[0, 3, 2, 2, 4, 1, 2, 3, 2, 4, 1, 1, 2, 4, 4, 1, 1, 4, 2, 1, 1, 1, 1, 2, 1, 2, 1, 1, 2, 1, 3, 2, 3, 1, 4, 0, 1, 1, 0, 3, 2, 2, 2, 0, 1, 1, 0, 4, 0, 1, 2, 2, 1, 4, 0, 3, 1, 1, 1, 1, 3, 1, 1, 1, 3, 0, 4, 3, 1, 4, 1, 1, 0, 4, 1, 1, 2, 1, 1, 1, 1, 3, 1, 2, 1, 1, 4, 1, 2, 1, 3, 1, 1, 1, 1, 2, 1, 4, 2, 2]|[0, 2, 1, 1, 3, 0, 1, 3, 0, 0, 0, 0, 1, 0, 1, 0, 0, 3, 1, 0, 0, 0, 3, 1, 0, 2, 0, 0, 0, 1, 0, 0, 0, 0, 3, 0, 1, 0, 0, 2, 1, 1, 1, 0, 0, 0, 0, 2, 1, 0, 0, 0, 1, 3, 0, 0, 0, 0, 0, 0, 2, 0, 1, 0, 2, 1, 0, 0, 1, 1, 3, 1, 1, 3, 0, 0, 1, 0, 0, 2, 0, 0, 0, 1, 1, 0, 0, 0, 1, 0, 2, 0, 0, 1, 1, 0, 0, 2, 0, 0],731.2476204416437,56806.84376103422,93275.64763277225,false
29,G4_BALANCED,G4_BALANCED,[31, 22, 82, 15, 26, 58, 95, 42, 77, 12, 47, 5, 93, 78, 86, 54, 85, 63, 18, 72, 20, 35, 43, 97, 91, 76, 10, 30, 21, 45, 71, 64, 1, 23, 17, 83, 24, 14, 60, 36, 6, 57, 40, 88, 65, 56, 79, 94, 67, 41, 68, 75, 38, 9, 19, 32, 81, 55, 27, 62, 87, 90, 99, 59, 11, 16, 44, 73, 70, 39, 37, 84, 3, 92, 25, 46, 28, 29, 51, 7, 66, 61, 98, 48, 89, 50, 4, 96, 53, 80, 8, 33, 34, 2, 52, 13, 0, 69, 74, 49]|[1, 1, 0, 1, 1, 0, 1, 1, 2, 1, 2, 2, 2, 1, 1, 0, 0, 1, 0, 2, 2, 0, 1, 2, 0, 1, 2, 2, 0, 0, 1, 2, 1, 2, 1, 0, 2, 0, 1, 1, 0, 1, 1, 1, 0, 2, 1, 1, 0, 0, 0, 0, 1, 1, 2, 1, 2, 0, 0, 2, 2, 1, 1, 2, 2, 1, 2, 1, 1, 1, 1, 1, 1, 0, 1, 0, 0, 0, 0, 1, 2, 1, 2, 0, 1, 0, 1, 2, 0, 0, 1, 2, 2, 0, 1, 0, 0, 1, 2, 0]|[4, 3, 2, 2, 4, 1, 2, 3, 2, 4, 1, 1, 2, 4, 4, 1, 2, 4, 2, 1, 1, 1, 1, 2, 1, 2, 1, 1, 2, 1, 3, 2, 3, 1, 4, 0, 1, 1, 0, 3, 2, 2, 2, 0, 1, 1, 0, 4, 0, 1, 2, 2, 1, 4, 0, 3, 2, 1, 1, 1, 1, 3, 1, 1, 1, 3, 1, 4, 3, 1, 4, 1, 1, 0, 4, 2, 2, 1, 1, 1, 1, 3, 1, 1, 1, 1, 4, 1, 2, 1, 3, 1, 1, 2, 1, 2, 2, 4, 1, 1]|[0, 2, 1, 1, 3, 0, 1, 3, 0, 0, 0, 0, 1, 0, 1, 0, 0, 3, 1, 0, 0, 0, 3, 1, 0, 2, 0, 0, 0, 1, 0, 0, 0, 0, 3, 0, 1, 0, 0, 2, 1, 1, 1, 0, 0, 0, 0, 2, 1, 0, 0, 0, 1, 3, 0, 0, 1, 0, 0, 0, 0, 2, 1, 0, 0, 2, 0, 0, 0, 1, 1, 3, 1, 1, 3, 0, 1, 0, 0, 2, 0, 0, 0, 0, 1, 0, 0, 0, 1, 0, 2, 0, 0, 0, 1, 0, 0, 2, 0, 1],747.1438989226004,55733.55354576636,94625.20584372425,false
29,G2_TEC,G2_TEC,[31, 22, 82, 15, 26, 9, 95, 42, 77, 68, 47, 5, 93, 78, 86, 54, 85, 63, 18, 44, 20, 49, 36, 14, 74, 50, 53, 17, 21, 28, 11, 64, 3, 23, 30, 83, 24, 41, 40, 52, 65, 27, 90, 70, 39, 87, 48, 69, 99, 4, 46, 1, 13, 58, 97, 59, 45, 8, 73, 37, 35, 79, 71, 66, 76, 32, 60, 80, 96, 6, 16, 61, 33, 7, 57, 34, 12, 67, 10, 98, 56, 88, 43, 75, 91, 38, 84, 92, 29, 19, 51, 72, 89, 25, 2, 55, 62, 81, 94, 0]|[2, 1, 2, 1, 1, 2, 1, 1, 1, 1, 1, 0, 2, 2, 1, 2, 0, 0, 0, 2, 2, 1, 0, 2, 0, 2, 2, 1, 0, 1, 1, 1, 0, 0, 1, 0, 2, 1, 2, 2, 0, 0, 1, 1, 0, 2, 0, 2, 1, 0, 0, 2, 0, 0, 2, 0, 1, 1, 0, 0, 2, 1, 1, 1, 2, 0, 2, 2, 0, 1, 2, 1, 1, 2, 0, 1, 2, 1, 1, 2, 2, 1, 1, 0, 1, 0, 0, 0, 1, 1, 1, 1, 1, 1, 2, 0, 1, 1, 2, 0]|[0, 3, 0, 3, 4, 1, 4, 4, 2, 4, 3, 2, 1, 0, 2, 1, 1, 1, 2, 1, 1, 3, 0, 1, 0, 1, 1, 4, 1, 4, 3, 2, 2, 0, 4, 1, 1, 4, 1, 1, 2, 1, 4, 4, 1, 1, 0, 2, 3, 2, 2, 1, 2, 1, 1, 2, 4, 3, 0, 2, 2, 3, 3, 1, 1, 2, 1, 1, 2, 4, 1, 3, 4, 1, 2, 4, 1, 3, 3, 1, 1, 4, 4, 2, 3, 2, 2, 2, 3, 4, 3, 4, 4, 4, 1, 2, 3, 4, 1, 2]|[0, 2, 0, 0, 3, 0, 1, 3, 0, 0, 2, 0, 1, 0, 1, 0, 0, 0, 1, 0, 0, 2, 0, 0, 1, 0, 0, 3, 0, 1, 0, 2, 0, 0, 3, 0, 1, 3, 0, 0, 0, 0, 1, 3, 0, 0, 1, 0, 2, 0, 0, 0, 0, 0, 1, 0, 1, 0, 1, 1, 0, 2, 0, 2, 0, 0, 0, 0, 0, 2, 0, 0, 1, 0, 0, 1, 0, 0, 3, 0, 0, 1, 2, 0, 0, 0, 0, 0, 3, 1, 0, 2, 1, 3, 0, 0, 0, 1, 0, 0],882.9438068981488,49877.554644704585,107717.62812963048,false
29,G3_TWC,G3_TWC,[31, 22, 82, 15, 26, 58, 95, 42, 77, 12, 47, 5, 93, 78, 98, 54, 85, 63, 18, 44, 20, 35, 43, 97, 91, 76, 10, 30, 21, 45, 71, 64, 1, 23, 17, 83, 24, 14, 60, 36, 6, 57, 94, 88, 65, 56, 79, 40, 67, 68, 46, 75, 38, 9, 19, 32, 81, 41, 27, 62, 87, 90, 99, 59, 11, 16, 72, 73, 70, 39, 37, 84, 3, 92, 25, 55, 28, 29, 51, 7, 33, 61, 86, 66, 89, 50, 48, 96, 53, 8, 80, 4, 34, 49, 52, 0, 13, 69, 2, 74]|[1, 1, 0, 1, 1, 1, 2, 1, 2, 1, 2, 2, 2, 1, 1, 0, 0, 1, 0, 2, 2, 0, 1, 2, 0, 1, 2, 2, 0, 0, 1, 2, 1, 2, 1, 0, 2, 0, 1, 1, 0, 1, 1, 1, 0, 2, 1, 1, 0, 0, 0, 0, 1, 1, 2, 1, 2, 0, 0, 0, 2, 1, 0, 1, 2, 1, 2, 1, 1, 1, 1, 1, 1, 0, 1, 1, 0, 0, 0, 1, 2, 1, 0, 2, 1, 0, 0, 0, 0, 1, 0, 0, 2, 0, 1, 0, 0, 1, 0, 2]|[4, 3, 2, 2, 0, 0, 2, 2, 2, 4, 1, 1, 2, 4, 4, 1, 2, 4, 2, 1, 1, 1, 1, 2, 1, 2, 1, 1, 1, 1, 3, 2, 3, 0, 4, 0, 1, 1, 0, 3, 2, 2, 4, 0, 1, 1, 0, 2, 0, 1, 2, 2, 1, 4, 0, 3, 2, 1, 1, 2, 1, 3, 1, 1, 1, 3, 0, 4, 3, 1, 4, 1, 1, 2, 4, 4, 2, 1, 1, 3, 1, 3, 1, 1, 1, 1, 1, 1, 2, 3, 1, 2, 1, 1, 1, 2, 2, 3, 2, 1]|[0, 2, 1, 1, 3, 3, 0, 1, 0, 0, 0, 0, 1, 0, 1, 0, 0, 3, 1, 0, 0, 0, 3, 1, 0, 2, 0, 0, 0, 1, 0, 0, 0, 0, 3, 0, 1, 0, 0, 2, 1, 1, 2, 0, 0, 0, 0, 1, 1, 0, 0, 0, 1, 3, 0, 0, 1, 0, 0, 1, 0, 2, 0, 1, 0, 2, 1, 0, 0, 1, 1, 3, 1, 1, 3, 3, 1, 0, 0, 2, 0, 0, 0, 0, 1, 0, 0, 0, 1, 2, 0, 1, 0, 1, 1, 0, 0, 0, 0, 0],802.1274951829081,57956.38699448537,89691.2003308727,false
29,G1_CMAX,G1_CMAX,[31, 22, 82, 15, 26, 99, 95, 42, 77, 12, 47, 5, 93, 78, 86, 54, 21, 63, 18, 44, 20, 35, 43, 97, 91, 76, 10, 30, 85, 45, 71, 64, 1, 23, 17, 83, 24, 14, 60, 36, 6, 57, 40, 88, 65, 56, 79, 94, 67, 68, 46, 75, 38, 9, 19, 32, 41, 81, 27, 87, 90, 58, 59, 11, 16, 72, 73, 70, 39, 37, 84, 3, 92, 25, 55, 48, 62, 29, 51, 7, 33, 61, 98, 28, 89, 50, 4, 96, 53, 80, 8, 66, 34, 49, 52, 0, 74, 69, 2, 13]|[1, 1, 0, 1, 1, 0, 1, 1, 2, 1, 2, 2, 2, 1, 1, 0, 0, 1, 0, 2, 2, 0, 1, 2, 0, 1, 2, 2, 0, 0, 1, 2, 1, 2, 1, 0, 2, 0, 1, 1, 0, 1, 1, 1, 0, 2, 1, 1, 0, 0, 0, 0, 1, 1, 2, 1, 0, 2, 0, 2, 1, 0, 1, 2, 1, 2, 1, 1, 1, 1, 1, 1, 0, 1, 2, 0, 0, 0, 0, 1, 2, 1, 2, 0, 1, 0, 1, 2, 0, 0, 1, 2, 2, 0, 1, 0, 2, 1, 0, 0]|[0, 3, 2, 2, 4, 1, 2, 3, 2, 4, 1, 1, 2, 4, 4, 1, 1, 4, 2, 1, 1, 1, 1, 2, 1, 2, 1, 1, 2, 1, 3, 2, 3, 1, 4, 0, 1, 1, 0, 3, 2, 2, 2, 0, 1, 1, 0, 4, 0, 1, 2, 2, 1, 4, 0, 3, 1, 1, 1, 1, 3, 1, 1, 1, 3, 0, 4, 3, 1, 4, 1, 1, 0, 4, 1, 1, 2, 1, 1, 1, 1, 3, 1, 2, 1, 1, 4, 1, 2, 1, 3, 1, 1, 1, 1, 2, 1, 4, 2, 2]|[0, 2, 1, 1, 3, 0, 1, 3, 0, 0, 0, 0, 1, 0, 1, 0, 0, 3, 1, 0, 0, 0, 3, 1, 0, 2, 0, 0, 0, 1, 0, 0, 0, 0, 3, 0, 1, 0, 0, 2, 1, 1, 1, 0, 0, 0, 0, 2, 1, 0, 0, 0, 1, 3, 0, 0, 0, 0, 0, 0, 2, 0, 1, 0, 2, 1, 0, 0, 1, 1, 3, 1, 1, 3, 0, 0, 1, 0, 0, 2, 0, 0, 0, 1, 1, 0, 0, 0, 1, 0, 2, 0, 0, 1, 1, 0, 0, 2, 0, 0],731.2476204416437,56806.84376103422,93275.64763277225,false
29,G4_BALANCED,G4_BALANCED,[31, 22, 82, 15, 26, 58, 95, 42, 77, 12, 47, 5, 93, 78, 86, 54, 85, 63, 18, 72, 20, 35, 43, 97, 91, 76, 10, 30, 21, 45, 71, 64, 1, 23, 17, 83, 24, 14, 60, 36, 6, 57, 40, 88, 65, 56, 79, 94, 67, 41, 68, 75, 38, 9, 19, 32, 81, 55, 27, 62, 87, 90, 99, 59, 11, 16, 44, 73, 70, 39, 37, 84, 3, 92, 25, 46, 28, 29, 51, 7, 66, 61, 98, 48, 89, 50, 4, 96, 53, 80, 8, 33, 34, 2, 52, 13, 0, 69, 74, 49]|[1, 1, 0, 1, 1, 0, 1, 1, 2, 1, 2, 2, 2, 1, 1, 0, 0, 1, 0, 2, 2, 0, 1, 2, 0, 1, 2, 2, 0, 0, 1, 2, 1, 2, 1, 0, 2, 0, 1, 1, 0, 1, 1, 1, 0, 2, 1, 1, 0, 0, 0, 0, 1, 1, 2, 1, 2, 0, 0, 2, 2, 1, 1, 2, 2, 1, 2, 1, 1, 1, 1, 1, 1, 0, 1, 0, 0, 0, 0, 1, 2, 1, 2, 0, 1, 0, 1, 2, 0, 0, 1, 2, 2, 0, 1, 0, 0, 1, 2, 0]|[4, 3, 2, 2, 4, 1, 2, 3, 2, 4, 1, 1, 2, 4, 4, 1, 2, 4, 2, 1, 1, 1, 1, 2, 1, 2, 1, 1, 2, 1, 3, 2, 3, 1, 4, 0, 1, 1, 0, 3, 2, 2, 2, 0, 1, 1, 0, 4, 0, 1, 2, 2, 1, 4, 0, 3, 2, 1, 1, 1, 1, 3, 1, 1, 1, 3, 1, 4, 3, 1, 4, 1, 1, 0, 4, 2, 2, 1, 1, 1, 1, 3, 1, 1, 1, 1, 4, 1, 2, 1, 3, 1, 1, 2, 1, 2, 2, 4, 1, 1]|[0, 2, 1, 1, 3, 0, 1, 3, 0, 0, 0, 0, 1, 0, 1, 0, 0, 3, 1, 0, 0, 0, 3, 1, 0, 2, 0, 0, 0, 1, 0, 0, 0, 0, 3, 0, 1, 0, 0, 2, 1, 1, 1, 0, 0, 0, 0, 2, 1, 0, 0, 0, 1, 3, 0, 0, 1, 0, 0, 0, 0, 2, 1, 0, 0, 2, 0, 0, 0, 1, 1, 3, 1, 1, 3, 0, 1, 0, 0, 2, 0, 0, 0, 0, 1, 0, 0, 0, 1, 0, 2, 0, 0, 0, 1, 0, 0, 2, 0, 1],747.1438989226004,55733.55354576636,94625.20584372425,false
29,G2_TEC,G2_TEC,[31, 22, 82, 15, 26, 9, 95, 42, 77, 68, 47, 5, 93, 78, 86, 54, 85, 63, 18, 44, 20, 49, 36, 14, 74, 50, 53, 17, 21, 28, 11, 64, 3, 23, 30, 83, 24, 41, 40, 52, 65, 27, 90, 70, 39, 87, 48, 69, 99, 4, 46, 1, 13, 58, 97, 59, 45, 8, 73, 37, 35, 79, 71, 66, 76, 32, 60, 80, 96, 6, 16, 61, 33, 7, 57, 34, 12, 67, 10, 98, 56, 88, 43, 75, 91, 38, 84, 92, 29, 19, 51, 72, 89, 25, 2, 55, 62, 81, 94, 0]|[2, 1, 2, 1, 1, 2, 1, 1, 1, 1, 1, 0, 2, 2, 1, 2, 0, 0, 0, 2, 2, 1, 0, 2, 0, 2, 2, 1, 0, 1, 1, 1, 0, 0, 1, 0, 2, 1, 2, 2, 0, 0, 1, 1, 0, 2, 0, 2, 1, 0, 0, 2, 0, 0, 2, 0, 1, 1, 0, 0, 2, 1, 1, 1, 2, 0, 2, 2, 0, 1, 2, 1, 1, 2, 0, 1, 2, 1, 1, 2, 2, 1, 1, 0, 1, 0, 0, 0, 1, 1, 1, 1, 1, 1, 2, 0, 1, 1, 2, 0]|[0, 3, 0, 3, 4, 1, 4, 4, 2, 4, 3, 2, 1, 0, 2, 1, 1, 1, 2, 1, 1, 3, 0, 1, 0, 1, 1, 4, 1, 4, 3, 2, 2, 0, 4, 1, 1, 4, 1, 1, 2, 1, 4, 4, 1, 1, 0, 2, 3, 2, 2, 1, 2, 1, 1, 2, 4, 3, 0, 2, 2, 3, 3, 1, 1, 2, 1, 1, 2, 4, 1, 3, 4, 1, 2, 4, 1, 3, 3, 1, 1, 4, 4, 2, 3, 2, 2, 2, 3, 4, 3, 4, 4, 4, 1, 2, 3, 4, 1, 2]|[0, 2, 0, 0, 3, 0, 1, 3, 0, 0, 2, 0, 1, 0, 1, 0, 0, 0, 1, 0, 0, 2, 0, 0, 1, 0, 0, 3, 0, 1, 0, 2, 0, 0, 3, 0, 1, 3, 0, 0, 0, 0, 1, 3, 0, 0, 1, 0, 2, 0, 0, 0, 0, 0, 1, 0, 1, 0, 1, 1, 0, 2, 0, 2, 0, 0, 0, 0, 0, 2, 0, 0, 1, 0, 0, 1, 0, 0, 3, 0, 0, 1, 2, 0, 0, 0, 0, 0, 3, 1, 0, 2, 1, 3, 0, 0, 0, 1, 0, 0],882.9438068981488,49877.554644704585,107717.62812963048,false
29,G3_TWC,G3_TWC,[31, 22, 82, 15, 26, 58, 95, 42, 77, 12, 47, 5, 93, 78, 98, 54, 85, 63, 18, 44, 20, 35, 43, 97, 91, 76, 10, 30, 21, 45, 71, 64, 1, 23, 17, 83, 24, 14, 60, 36, 6, 57, 94, 88, 65, 56, 79, 40, 67, 68, 46, 75, 38, 9, 19, 32, 81, 41, 27, 62, 87, 90, 99, 59, 11, 16, 72, 73, 70, 39, 37, 84, 3, 92, 25, 55, 28, 29, 51, 7, 33, 61, 86, 66, 89, 50, 48, 96, 53, 8, 80, 4, 34, 49, 52, 0, 13, 69, 2, 74]|[1, 1, 0, 1, 1, 1, 2, 1, 2, 1, 2, 2, 2, 1, 1, 0, 0, 1, 0, 2, 2, 0, 1, 2, 0, 1, 2, 2, 0, 0, 1, 2, 1, 2, 1, 0, 2, 0, 1, 1, 0, 1, 1, 1, 0, 2, 1, 1, 0, 0, 0, 0, 1, 1, 2, 1, 2, 0, 0, 0, 2, 1, 0, 1, 2, 1, 2, 1, 1, 1, 1, 1, 1, 0, 1, 1, 0, 0, 0, 1, 2, 1, 0, 2, 1, 0, 0, 0, 0, 1, 0, 0, 2, 0, 1, 0, 0, 1, 0, 2]|[4, 3, 2, 2, 0, 0, 2, 2, 2, 4, 1, 1, 2, 4, 4, 1, 2, 4, 2, 1, 1, 1, 1, 2, 1, 2, 1, 1, 1, 1, 3, 2, 3, 0, 4, 0, 1, 1, 0, 3, 2, 2, 4, 0, 1, 1, 0, 2, 0, 1, 2, 2, 1, 4, 0, 3, 2, 1, 1, 2, 1, 3, 1, 1, 1, 3, 0, 4, 3, 1, 4, 1, 1, 2, 4, 4, 2, 1, 1, 3, 1, 3, 1, 1, 1, 1, 1, 1, 2, 3, 1, 2, 1, 1, 1, 2, 2, 3, 2, 1]|[0, 2, 1, 1, 3, 3, 0, 1, 0, 0, 0, 0, 1, 0, 1, 0, 0, 3, 1, 0, 0, 0, 3, 1, 0, 2, 0, 0, 0, 1, 0, 0, 0, 0, 3, 0, 1, 0, 0, 2, 1, 1, 2, 0, 0, 0, 0, 1, 1, 0, 0, 0, 1, 3, 0, 0, 1, 0, 0, 1, 0, 2, 0, 1, 0, 2, 1, 0, 0, 1, 1, 3, 1, 1, 3, 3, 1, 0, 0, 2, 0, 0, 0, 0, 1, 0, 0, 0, 1, 2, 0, 1, 0, 1, 1, 0, 0, 0, 0, 0],802.1274951829081,57956.38699448537,89691.2003308727,false
29,G1_CMAX,G1_CMAX,[31, 22, 82, 15, 26, 99, 95, 42, 77, 12, 47, 5, 93, 78, 86, 54, 21, 63, 18, 44, 20, 35, 43, 97, 91, 76, 10, 30, 85, 45, 71, 64, 1, 23, 17, 83, 24, 14, 60, 36, 6, 57, 40, 88, 65, 56, 79, 94, 67, 68, 46, 75, 38, 9, 19, 32, 41, 81, 27, 87, 90, 58, 59, 11, 16, 72, 73, 70, 39, 37, 84, 3, 92, 25, 55, 48, 62, 29, 51, 7, 33, 61, 98, 28, 89, 50, 4, 96, 53, 80, 8, 66, 34, 49, 52, 0, 74, 69, 2, 13]|[1, 1, 0, 1, 1, 0, 1, 1, 2, 1, 2, 2, 2, 1, 1, 0, 0, 1, 0, 2, 2, 0, 1, 2, 0, 1, 2, 2, 0, 0, 1, 2, 1, 2, 1, 0, 2, 0, 1, 1, 0, 1, 1, 1, 0, 2, 1, 1, 0, 0, 0, 0, 1, 1, 2, 1, 0, 2, 0, 2, 1, 0, 1, 2, 1, 2, 1, 1, 1, 1, 1, 1, 0, 1, 2, 0, 0, 0, 0, 1, 2, 1, 2, 0, 1, 0, 1, 2, 0, 0, 1, 2, 2, 0, 1, 0, 2, 1, 0, 0]|[0, 3, 2, 2, 4, 1, 2, 3, 2, 4, 1, 1, 2, 4, 4, 1, 1, 4, 2, 1, 1, 1, 1, 2, 1, 2, 1, 1, 2, 1, 3, 2, 3, 1, 4, 0, 1, 1, 0, 3, 2, 2, 2, 0, 1, 1, 0, 4, 0, 1, 2, 2, 1, 4, 0, 3, 1, 1, 1, 1, 3, 1, 1, 1, 3, 0, 4, 3, 1, 4, 1, 1, 0, 4, 1, 1, 2, 1, 1, 1, 1, 3, 1, 2, 1, 1, 4, 1, 2, 1, 3, 1, 1, 1, 1, 2, 1, 4, 2, 2]|[0, 2, 1, 1, 3, 0, 1, 3, 0, 0, 0, 0, 1, 0, 1, 0, 0, 3, 1, 0, 0, 0, 3, 1, 0, 2, 0, 0, 0, 1, 0, 0, 0, 0, 3, 0, 1, 0, 0, 2, 1, 1, 1, 0, 0, 0, 0, 2, 1, 0, 0, 0, 1, 3, 0, 0, 0, 0, 0, 0, 2, 0, 1, 0, 2, 1, 0, 0, 1, 1, 3, 1, 1, 3, 0, 0, 1, 0, 0, 2, 0, 0, 0, 1, 1, 0, 0, 0, 1, 0, 2, 0, 0, 1, 1, 0, 0, 2, 0, 0],731.2476204416437,56806.84376103422,93275.64763277225,false
29,G4_BALANCED,G4_BALANCED,[31, 22, 82, 15, 26, 58, 95, 42, 77, 12, 47, 5, 93, 78, 86, 54, 85, 63, 18, 72, 20, 35, 43, 97, 91, 76, 10, 30, 21, 45, 71, 64, 1, 23, 17, 83, 24, 14, 60, 36, 6, 57, 40, 88, 65, 56, 79, 94, 67, 41, 68, 75, 38, 9, 19, 32, 81, 55, 27, 62, 87, 90, 99, 59, 11, 16, 44, 73, 70, 39, 37, 84, 3, 92, 25, 46, 28, 29, 51, 7, 66, 61, 98, 48, 89, 50, 4, 96, 53, 80, 8, 33, 34, 2, 52, 13, 0, 69, 74, 49]|[1, 1, 0, 1, 1, 0, 1, 1, 2, 1, 2, 2, 2, 1, 1, 0, 0, 1, 0, 2, 2, 0, 1, 2, 0, 1, 2, 2, 0, 0, 1, 2, 1, 2, 1, 0, 2, 0, 1, 1, 0, 1, 1, 1, 0, 2, 1, 1, 0, 0, 0, 0, 1, 1, 2, 1, 2, 0, 0, 2, 2, 1, 1, 2, 2, 1, 2, 1, 1, 1, 1, 1, 1, 0, 1, 0, 0, 0, 0, 1, 2, 1, 2, 0, 1, 0, 1, 2, 0, 0, 1, 2, 2, 0, 1, 0, 0, 1, 2, 0]|[4, 3, 2, 2, 4, 1, 2, 3, 2, 4, 1, 1, 2, 4, 4, 1, 2, 4, 2, 1, 1, 1, 1, 2, 1, 2, 1, 1, 2, 1, 3, 2, 3, 1, 4, 0, 1, 1, 0, 3, 2, 2, 2, 0, 1, 1, 0, 4, 0, 1, 2, 2, 1, 4, 0, 3, 2, 1, 1, 1, 1, 3, 1, 1, 1, 3, 1, 4, 3, 1, 4, 1, 1, 0, 4, 2, 2, 1, 1, 1, 1, 3, 1, 1, 1, 1, 4, 1, 2, 1, 3, 1, 1, 2, 1, 2, 2, 4, 1, 1]|[0, 2, 1, 1, 3, 0, 1, 3, 0, 0, 0, 0, 1, 0, 1, 0, 0, 3, 1, 0, 0, 0, 3, 1, 0, 2, 0, 0, 0, 1, 0, 0, 0, 0, 3, 0, 1, 0, 0, 2, 1, 1, 1, 0, 0, 0, 0, 2, 1, 0, 0, 0, 1, 3, 0, 0, 1, 0, 0, 0, 0, 2, 1, 0, 0, 2, 0, 0, 0, 1, 1, 3, 1, 1, 3, 0, 1, 0, 0, 2, 0, 0, 0, 0, 1, 0, 0, 0, 1, 0, 2, 0, 0, 0, 1, 0, 0, 2, 0, 1],747.1438989226004,55733.55354576636,94625.20584372425,false
29,G2_TEC,G2_TEC,[31, 22, 82, 15, 26, 9, 95, 42, 77, 68, 47, 5, 93, 78, 86, 54, 85, 63, 18, 44, 20, 49, 36, 14, 74, 50, 53, 17, 21, 28, 11, 64, 3, 23, 30, 83, 24, 41, 40, 52, 65, 27, 90, 70, 39, 87, 48, 69, 99, 4, 46, 1, 13, 58, 97, 59, 45, 8, 73, 37, 35, 79, 71, 66, 76, 32, 60, 80, 96, 6, 16, 61, 33, 7, 57, 34, 12, 67, 10, 98, 56, 88, 43, 75, 91, 38, 84, 92, 29, 19, 51, 72, 89, 25, 2, 55, 62, 81, 94, 0]|[2, 1, 2, 1, 1, 2, 1, 1, 1, 1, 1, 0, 2, 2, 1, 2, 0, 0, 0, 2, 2, 1, 0, 2, 0, 2, 2, 1, 0, 1, 1, 1, 0, 0, 1, 0, 2, 1, 2, 2, 0, 0, 1, 1, 0, 2, 0, 2, 1, 0, 0, 2, 0, 0, 2, 0, 1, 1, 0, 0, 2, 1, 1, 1, 2, 0, 2, 2, 0, 1, 2, 1, 1, 2, 0, 1, 2, 1, 1, 2, 2, 1, 1, 0, 1, 0, 0, 0, 1, 1, 1, 1, 1, 1, 2, 0, 1, 1, 2, 0]|[0, 3, 0, 3, 4, 1, 4, 4, 2, 4, 3, 2, 1, 0, 2, 1, 1, 1, 2, 1, 1, 3, 0, 1, 0, 1, 1, 4, 1, 4, 3, 2, 2, 0, 4, 1, 1, 4, 1, 1, 2, 1, 4, 4, 1, 1, 0, 2, 3, 2, 2, 1, 2, 1, 1, 2, 4, 3, 0, 2, 2, 3, 3, 1, 1, 2, 1, 1, 2, 4, 1, 3, 4, 1, 2, 4, 1, 3, 3, 1, 1, 4, 4, 2, 3, 2, 2, 2, 3, 4, 3, 4, 4, 4, 1, 2, 3, 4, 1, 2]|[0, 2, 0, 0, 3, 0, 1, 3, 0, 0, 2, 0, 1, 0, 1, 0, 0, 0, 1, 0, 0, 2, 0, 0, 1, 0, 0, 3, 0, 1, 0, 2, 0, 0, 3, 0, 1, 3, 0, 0, 0, 0, 1, 3, 0, 0, 1, 0, 2, 0, 0, 0, 0, 0, 1, 0, 1, 0, 1, 1, 0, 2, 0, 2, 0, 0, 0, 0, 0, 2, 0, 0, 1, 0, 0, 1, 0, 0, 3, 0, 0, 1, 2, 0, 0, 0, 0, 0, 3, 1, 0, 2, 1, 3, 0, 0, 0, 1, 0, 0],882.9438068981488,49877.554644704585,107717.62812963048,false
29,G3_TWC,G3_TWC,[31, 22, 82, 15, 26, 58, 95, 42, 77, 12, 47, 5, 93, 78, 98, 54, 85, 63, 18, 44, 20, 35, 43, 97, 91, 76, 10, 30, 21, 45, 71, 64, 1, 23, 17, 83, 24, 14, 60, 36, 6, 57, 94, 88, 65, 56, 79, 40, 67, 68, 46, 75, 38, 9, 19, 32, 81, 41, 27, 62, 87, 90, 99, 59, 11, 16, 72, 73, 70, 39, 37, 84, 3, 92, 25, 55, 28, 29, 51, 7, 33, 61, 86, 66, 89, 50, 48, 96, 53, 8, 80, 4, 34, 49, 52, 0, 13, 69, 2, 74]|[1, 1, 0, 1, 1, 1, 2, 1, 2, 1, 2, 2, 2, 1, 1, 0, 0, 1, 0, 2, 2, 0, 1, 2, 0, 1, 2, 2, 0, 0, 1, 2, 1, 2, 1, 0, 2, 0, 1, 1, 0, 1, 1, 1, 0, 2, 1, 1, 0, 0, 0, 0, 1, 1, 2, 1, 2, 0, 0, 0, 2, 1, 0, 1, 2, 1, 2, 1, 1, 1, 1, 1, 1, 0, 1, 1, 0, 0, 0, 1, 2, 1, 0, 2, 1, 0, 0, 0, 0, 1, 0, 0, 2, 0, 1, 0, 0, 1, 0, 2]|[4, 3, 2, 2, 0, 0, 2, 2, 2, 4, 1, 1, 2, 4, 4, 1, 2, 4, 2, 1, 1, 1, 1, 2, 1, 2, 1, 1, 1, 1, 3, 2, 3, 0, 4, 0, 1, 1, 0, 3, 2, 2, 4, 0, 1, 1, 0, 2, 0, 1, 2, 2, 1, 4, 0, 3, 2, 1, 1, 2, 1, 3, 1, 1, 1, 3, 0, 4, 3, 1, 4, 1, 1, 2, 4, 4, 2, 1, 1, 3, 1, 3, 1, 1, 1, 1, 1, 1, 2, 3, 1, 2, 1, 1, 1, 2, 2, 3, 2, 1]|[0, 2, 1, 1, 3, 3, 0, 1, 0, 0, 0, 0, 1, 0, 1, 0, 0, 3, 1, 0, 0, 0, 3, 1, 0, 2, 0, 0, 0, 1, 0, 0, 0, 0, 3, 0, 1, 0, 0, 2, 1, 1, 2, 0, 0, 0, 0, 1, 1, 0, 0, 0, 1, 3, 0, 0, 1, 0, 0, 1, 0, 2, 0, 1, 0, 2, 1, 0, 0, 1, 1, 3, 1, 1, 3, 3, 1, 0, 0, 2, 0, 0, 0, 0, 1, 0, 0, 0, 1, 2, 0, 1, 0, 1, 1, 0, 0, 0, 0, 0],802.1274951829081,57956.38699448537,89691.2003308727,false
29,G1_CMAX,G1_CMAX,[31, 22, 82, 15, 26, 99, 95, 42, 77, 12, 47, 5, 93, 78, 86, 54, 21, 63, 18, 44, 20, 35, 43, 97, 91, 76, 10, 30, 85, 45, 71, 64, 1, 23, 17, 83, 24, 14, 60, 36, 6, 57, 40, 88, 65, 56, 79, 94, 67, 68, 46, 75, 38, 9, 19, 32, 41, 81, 27, 87, 90, 58, 59, 11, 16, 72, 73, 70, 39, 37, 84, 3, 92, 25, 55, 48, 62, 29, 51, 7, 33, 61, 98, 28, 89, 50, 4, 96, 53, 80, 8, 66, 34, 49, 52, 0, 74, 69, 2, 13]|[1, 1, 0, 1, 1, 0, 1, 1, 2, 1, 2, 2, 2, 1, 1, 0, 0, 1, 0, 2, 2, 0, 1, 2, 0, 1, 2, 2, 0, 0, 1, 2, 1, 2, 1, 0, 2, 0, 1, 1, 0, 1, 1, 1, 0, 2, 1, 1, 0, 0, 0, 0, 1, 1, 2, 1, 0, 2, 0, 2, 1, 0, 1, 2, 1, 2, 1, 1, 1, 1, 1, 1, 0, 1, 2, 0, 0, 0, 0, 1, 2, 1, 2, 0, 1, 0, 1, 2, 0, 0, 1, 2, 2, 0, 1, 0, 2, 1, 0, 0]|[0, 3, 2, 2, 4, 1, 2, 3, 2, 4, 1, 1, 2, 4, 4, 1, 1, 4, 2, 1, 1, 1, 1, 2, 1, 2, 1, 1, 2, 1, 3, 2, 3, 1, 4, 0, 1, 1, 0, 3, 2, 2, 2, 0, 1, 1, 0, 4, 0, 1, 2, 2, 1, 4, 0, 3, 1, 1, 1, 1, 3, 1, 1, 1, 3, 0, 4, 3, 1, 4, 1, 1, 0, 4, 1, 1, 2, 1, 1, 1, 1, 3, 1, 2, 1, 1, 4, 1, 2, 1, 3, 1, 1, 1, 1, 2, 1, 4, 2, 2]|[0, 2, 1, 1, 3, 0, 1, 3, 0, 0, 0, 0, 1, 0, 1, 0, 0, 3, 1, 0, 0, 0, 3, 1, 0, 2, 0, 0, 0, 1, 0, 0, 0, 0, 3, 0, 1, 0, 0, 2, 1, 1, 1, 0, 0, 0, 0, 2, 1, 0, 0, 0, 1, 3, 0, 0, 0, 0, 0, 0, 2, 0, 1, 0, 2, 1, 0, 0, 1, 1, 3, 1, 1, 3, 0, 0, 1, 0, 0, 2, 0, 0, 0, 1, 1, 0, 0, 0, 1, 0, 2, 0, 0, 1, 1, 0, 0, 2, 0, 0],731.2476204416437,56806.84376103422,93275.64763277225,false
29,G4_BALANCED,G4_BALANCED,[31, 22, 82, 15, 26, 58, 95, 42, 77, 12, 47, 5, 93, 78, 86, 54, 85, 63, 18, 72, 20, 35, 43, 97, 91, 76, 10, 30, 21, 45, 71, 64, 1, 23, 17, 83, 24, 14, 60, 36, 6, 57, 40, 88, 65, 56, 79, 94, 67, 41, 68, 75, 38, 9, 19, 32, 81, 55, 27, 62, 87, 90, 99, 59, 11, 16, 44, 73, 70, 39, 37, 84, 3, 92, 25, 46, 28, 29, 51, 7, 66, 61, 98, 48, 89, 50, 4, 96, 53, 80, 8, 33, 34, 2, 52, 13, 0, 69, 74, 49]|[1, 1, 0, 1, 1, 0, 1, 1, 2, 1, 2, 2, 2, 1, 1, 0, 0, 1, 0, 2, 2, 0, 1, 2, 0, 1, 2, 2, 0, 0, 1, 2, 1, 2, 1, 0, 2, 0, 1, 1, 0, 1, 1, 1, 0, 2, 1, 1, 0, 0, 0, 0, 1, 1, 2, 1, 2, 0, 0, 2, 2, 1, 1, 2, 2, 1, 2, 1, 1, 1, 1, 1, 1, 0, 1, 0, 0, 0, 0, 1, 2, 1, 2, 0, 1, 0, 1, 2, 0, 0, 1, 2, 2, 0, 1, 0, 0, 1, 2, 0]|[4, 3, 2, 2, 4, 1, 2, 3, 2, 4, 1, 1, 2, 4, 4, 1, 2, 4, 2, 1, 1, 1, 1, 2, 1, 2, 1, 1, 2, 1, 3, 2, 3, 1, 4, 0, 1, 1, 0, 3, 2, 2, 2, 0, 1, 1, 0, 4, 0, 1, 2, 2, 1, 4, 0, 3, 2, 1, 1, 1, 1, 3, 1, 1, 1, 3, 1, 4, 3, 1, 4, 1, 1, 0, 4, 2, 2, 1, 1, 1, 1, 3, 1, 1, 1, 1, 4, 1, 2, 1, 3, 1, 1, 2, 1, 2, 2, 4, 1, 1]|[0, 2, 1, 1, 3, 0, 1, 3, 0, 0, 0, 0, 1, 0, 1, 0, 0, 3, 1, 0, 0, 0, 3, 1, 0, 2, 0, 0, 0, 1, 0, 0, 0, 0, 3, 0, 1, 0, 0, 2, 1, 1, 1, 0, 0, 0, 0, 2, 1, 0, 0, 0, 1, 3, 0, 0, 1, 0, 0, 0, 0, 2, 1, 0, 0, 2, 0, 0, 0, 1, 1, 3, 1, 1, 3, 0, 1, 0, 0, 2, 0, 0, 0, 0, 1, 0, 0, 0, 1, 0, 2, 0, 0, 0, 1, 0, 0, 2, 0, 1],747.1438989226004,55733.55354576636,94625.20584372425,false
29,G2_TEC,G2_TEC,[31, 22, 82, 15, 26, 9, 95, 42, 77, 68, 47, 5, 93, 78, 86, 54, 85, 63, 18, 44, 20, 49, 36, 14, 74, 50, 53, 17, 21, 28, 11, 64, 3, 23, 30, 83, 24, 41, 40, 52, 65, 27, 90, 70, 39, 87, 48, 69, 99, 4, 46, 1, 13, 58, 97, 59, 45, 8, 73, 37, 35, 79, 71, 66, 76, 32, 60, 80, 96, 6, 16, 61, 33, 7, 57, 34, 12, 67, 10, 98, 56, 88, 43, 75, 91, 38, 84, 92, 29, 19, 51, 72, 89, 25, 2, 55, 62, 81, 94, 0]|[2, 1, 2, 1, 1, 2, 1, 1, 1, 1, 1, 0, 2, 2, 1, 2, 0, 0, 0, 2, 2, 1, 0, 2, 0, 2, 2, 1, 0, 1, 1, 1, 0, 0, 1, 0, 2, 1, 2, 2, 0, 0, 1, 1, 0, 2, 0, 2, 1, 0, 0, 2, 0, 0, 2, 0, 1, 1, 0, 0, 2, 1, 1, 1, 2, 0, 2, 2, 0, 1, 2, 1, 1, 2, 0, 1, 2, 1, 1, 2, 2, 1, 1, 0, 1, 0, 0, 0, 1, 1, 1, 1, 1, 1, 2, 0, 1, 1, 2, 0]|[0, 3, 0, 3, 4, 1, 4, 4, 2, 4, 3, 2, 1, 0, 2, 1, 1, 1, 2, 1, 1, 3, 0, 1, 0, 1, 1, 4, 1, 4, 3, 2, 2, 0, 4, 1, 1, 4, 1, 1, 2, 1, 4, 4, 1, 1, 0, 2, 3, 2, 2, 1, 2, 1, 1, 2, 4, 3, 0, 2, 2, 3, 3, 1, 1, 2, 1, 1, 2, 4, 1, 3, 4, 1, 2, 4, 1, 3, 3, 1, 1, 4, 4, 2, 3, 2, 2, 2, 3, 4, 3, 4, 4, 4, 1, 2, 3, 4, 1, 2]|[0, 2, 0, 0, 3, 0, 1, 3, 0, 0, 2, 0, 1, 0, 1, 0, 0, 0, 1, 0, 0, 2, 0, 0, 1, 0, 0, 3, 0, 1, 0, 2, 0, 0, 3, 0, 1, 3, 0, 0, 0, 0, 1, 3, 0, 0, 1, 0, 2, 0, 0, 0, 0, 0, 1, 0, 1, 0, 1, 1, 0, 2, 0, 2, 0, 0, 0, 0, 0, 2, 0, 0, 1, 0, 0, 1, 0, 0, 3, 0, 0, 1, 2, 0, 0, 0, 0, 0, 3, 1, 0, 2, 1, 3, 0, 0, 0, 1, 0, 0],882.9438068981488,49877.554644704585,107717.62812963048,false
29,G3_TWC,G3_TWC,[31, 22, 82, 15, 26, 58, 95, 42, 77, 12, 47, 5, 93, 78, 98, 54, 85, 63, 18, 44, 20, 35, 43, 97, 91, 76, 10, 30, 21, 45, 71, 64, 1, 23, 17, 83, 24, 14, 60, 36, 6, 57, 94, 88, 65, 56, 79, 40, 67, 68, 46, 75, 38, 9, 19, 32, 81, 41, 27, 62, 87, 90, 99, 59, 11, 16, 72, 73, 70, 39, 37, 84, 3, 92, 25, 55, 28, 29, 51, 7, 33, 61, 86, 66, 89, 50, 48, 96, 53, 8, 80, 4, 34, 49, 52, 0, 13, 69, 2, 74]|[1, 1, 0, 1, 1, 1, 2, 1, 2, 1, 2, 2, 2, 1, 1, 0, 0, 1, 0, 2, 2, 0, 1, 2, 0, 1, 2, 2, 0, 0, 1, 2, 1, 2, 1, 0, 2, 0, 1, 1, 0, 1, 1, 1, 0, 2, 1, 1, 0, 0, 0, 0, 1, 1, 2, 1, 2, 0, 0, 0, 2, 1, 0, 1, 2, 1, 2, 1, 1, 1, 1, 1, 1, 0, 1, 1, 0, 0, 0, 1, 2, 1, 0, 2, 1, 0, 0, 0, 0, 1, 0, 0, 2, 0, 1, 0, 0, 1, 0, 2]|[4, 3, 2, 2, 0, 0, 2, 2, 2, 4, 1, 1, 2, 4, 4, 1, 2, 4, 2, 1, 1, 1, 1, 2, 1, 2, 1, 1, 1, 1, 3, 2, 3, 0, 4, 0, 1, 1, 0, 3, 2, 2, 4, 0, 1, 1, 0, 2, 0, 1, 2, 2, 1, 4, 0, 3, 2, 1, 1, 2, 1, 3, 1, 1, 1, 3, 0, 4, 3, 1, 4, 1, 1, 2, 4, 4, 2, 1, 1, 3, 1, 3, 1, 1, 1, 1, 1, 1, 2, 3, 1, 2, 1, 1, 1, 2, 2, 3, 2, 1]|[0, 2, 1, 1, 3, 3, 0, 1, 0, 0, 0, 0, 1, 0, 1, 0, 0, 3, 1, 0, 0, 0, 3, 1, 0, 2, 0, 0, 0, 1, 0, 0, 0, 0, 3, 0, 1, 0, 0, 2, 1, 1, 2, 0, 0, 0, 0, 1, 1, 0, 0, 0, 1, 3, 0, 0, 1, 0, 0, 1, 0, 2, 0, 1, 0, 2, 1, 0, 0, 1, 1, 3, 1, 1, 3, 3, 1, 0, 0, 2, 0, 0, 0, 0, 1, 0, 0, 0, 1, 2, 0, 1, 0, 1, 1, 0, 0, 0, 0, 0],802.1274951829081,57956.38699448537,89691.2003308727,false
29,G1_CMAX,G1_CMAX,[31, 22, 82, 15, 26, 99, 95, 42, 77, 12, 47, 5, 93, 78, 86, 54, 21, 63, 18, 44, 20, 35, 43, 97, 91, 76, 10, 30, 85, 45, 71, 64, 1, 23, 17, 83, 24, 14, 60, 36, 6, 57, 40, 88, 65, 56, 79, 94, 67, 68, 46, 75, 38, 9, 19, 32, 41, 81, 27, 87, 90, 58, 59, 11, 16, 72, 73, 70, 39, 37, 84, 3, 92, 25, 55, 48, 62, 29, 51, 7, 33, 61, 98, 28, 89, 50, 4, 96, 53, 80, 8, 66, 34, 49, 52, 0, 74, 69, 2, 13]|[1, 1, 0, 1, 1, 0, 1, 1, 2, 1, 2, 2, 2, 1, 1, 0, 0, 1, 0, 2, 2, 0, 1, 2, 0, 1, 2, 2, 0, 0, 1, 2, 1, 2, 1, 0, 2, 0, 1, 1, 0, 1, 1, 1, 0, 2, 1, 1, 0, 0, 0, 0, 1, 1, 2, 1, 0, 2, 0, 2, 1, 0, 1, 2, 1, 2, 1, 1, 1, 1, 1, 1, 0, 1, 2, 0, 0, 0, 0, 1, 2, 1, 2, 0, 1, 0, 1, 2, 0, 0, 1, 2, 2, 0, 1, 0, 2, 1, 0, 0]|[0, 3, 2, 2, 4, 1, 2, 3, 2, 4, 1, 1, 2, 4, 4, 1, 1, 4, 2, 1, 1, 1, 1, 2, 1, 2, 1, 1, 2, 1, 3, 2, 3, 1, 4, 0, 1, 1, 0, 3, 2, 2, 2, 0, 1, 1, 0, 4, 0, 1, 2, 2, 1, 4, 0, 3, 1, 1, 1, 1, 3, 1, 1, 1, 3, 0, 4, 3, 1, 4, 1, 1, 0, 4, 1, 1, 2, 1, 1, 1, 1, 3, 1, 2, 1, 1, 4, 1, 2, 1, 3, 1, 1, 1, 1, 2, 1, 4, 2, 2]|[0, 2, 1, 1, 3, 0, 1, 3, 0, 0, 0, 0, 1, 0, 1, 0, 0, 3, 1, 0, 0, 0, 3, 1, 0, 2, 0, 0, 0, 1, 0, 0, 0, 0, 3, 0, 1, 0, 0, 2, 1, 1, 1, 0, 0, 0, 0, 2, 1, 0, 0, 0, 1, 3, 0, 0, 0, 0, 0, 0, 2, 0, 1, 0, 2, 1, 0, 0, 1, 1, 3, 1, 1, 3, 0, 0, 1, 0, 0, 2, 0, 0, 0, 1, 1, 0, 0, 0, 1, 0, 2, 0, 0, 1, 1, 0, 0, 2, 0, 0],731.2476204416437,56806.84376103422,93275.64763277225,false
29,G4_BALANCED,G4_BALANCED,[31, 22, 82, 15, 26, 58, 95, 42, 77, 12, 47, 5, 93, 78, 86, 54, 85, 63, 18, 72, 20, 35, 43, 97, 91, 76, 10, 30, 21, 45, 71, 64, 1, 23, 17, 83, 24, 14, 60, 36, 6, 57, 40, 88, 65, 56, 79, 94, 67, 41, 68, 75, 38, 9, 19, 32, 81, 55, 27, 62, 87, 90, 99, 59, 11, 16, 44, 73, 70, 39, 37, 84, 3, 92, 25, 46, 28, 29, 51, 7, 66, 61, 98, 48, 89, 50, 4, 96, 53, 80, 8, 33, 34, 2, 52, 13, 0, 69, 74, 49]|[1, 1, 0, 1, 1, 0, 1, 1, 2, 1, 2, 2, 2, 1, 1, 0, 0, 1, 0, 2, 2, 0, 1, 2, 0, 1, 2, 2, 0, 0, 1, 2, 1, 2, 1, 0, 2, 0, 1, 1, 0, 1, 1, 1, 0, 2, 1, 1, 0, 0, 0, 0, 1, 1, 2, 1, 2, 0, 0, 2, 2, 1, 1, 2, 2, 1, 2, 1, 1, 1, 1, 1, 1, 0, 1, 0, 0, 0, 0, 1, 2, 1, 2, 0, 1, 0, 1, 2, 0, 0, 1, 2, 2, 0, 1, 0, 0, 1, 2, 0]|[4, 3, 2, 2, 4, 1, 2, 3, 2, 4, 1, 1, 2, 4, 4, 1, 2, 4, 2, 1, 1, 1, 1, 2, 1, 2, 1, 1, 2, 1, 3, 2, 3, 1, 4, 0, 1, 1, 0, 3, 2, 2, 2, 0, 1, 1, 0, 4, 0, 1, 2, 2, 1, 4, 0, 3, 2, 1, 1, 1, 1, 3, 1, 1, 1, 3, 1, 4, 3, 1, 4, 1, 1, 0, 4, 2, 2, 1, 1, 1, 1, 3, 1, 1, 1, 1, 4, 1, 2, 1, 3, 1, 1, 2, 1, 2, 2, 4, 1, 1]|[0, 2, 1, 1, 3, 0, 1, 3, 0, 0, 0, 0, 1, 0, 1, 0, 0, 3, 1, 0, 0, 0, 3, 1, 0, 2, 0, 0, 0, 1, 0, 0, 0, 0, 3, 0, 1, 0, 0, 2, 1, 1, 1, 0, 0, 0, 0, 2, 1, 0, 0, 0, 1, 3, 0, 0, 1, 0, 0, 0, 0, 2, 1, 0, 0, 2, 0, 0, 0, 1, 1, 3, 1, 1, 3, 0, 1, 0, 0, 2, 0, 0, 0, 0, 1, 0, 0, 0, 1, 0, 2, 0, 0, 0, 1, 0, 0, 2, 0, 1],747.1438989226004,55733.55354576636,94625.20584372425,false
29,G2_TEC,G2_TEC,[31, 22, 82, 15, 26, 9, 95, 42, 77, 68, 47, 5, 93, 78, 86, 54, 85, 63, 18, 44, 20, 49, 36, 14, 74, 50, 53, 17, 21, 28, 11, 64, 3, 23, 30, 83, 24, 41, 40, 52, 65, 27, 90, 70, 39, 87, 48, 69, 99, 4, 46, 1, 13, 58, 97, 59, 45, 8, 73, 37, 35, 79, 71, 66, 76, 32, 60, 80, 96, 6, 16, 61, 33, 7, 57, 34, 12, 67, 10, 98, 56, 88, 43, 75, 91, 38, 84, 92, 29, 19, 51, 72, 89, 25, 2, 55, 62, 81, 94, 0]|[2, 1, 2, 1, 1, 2, 1, 1, 1, 1, 1, 0, 2, 2, 1, 2, 0, 0, 0, 2, 2, 1, 0, 2, 0, 2, 2, 1, 0, 1, 1, 1, 0, 0, 1, 0, 2, 1, 2, 2, 0, 0, 1, 1, 0, 2, 0, 2, 1, 0, 0, 2, 0, 0, 2, 0, 1, 1, 0, 0, 2, 1, 1, 1, 2, 0, 2, 2, 0, 1, 2, 1, 1, 2, 0, 1, 2, 1, 1, 2, 2, 1, 1, 0, 1, 0, 0, 0, 1, 1, 1, 1, 1, 1, 2, 0, 1, 1, 2, 0]|[0, 3, 0, 3, 4, 1, 4, 4, 2, 4, 3, 2, 1, 0, 2, 1, 1, 1, 2, 1, 1, 3, 0, 1, 0, 1, 1, 4, 1, 4, 3, 2, 2, 0, 4, 1, 1, 4, 1, 1, 2, 1, 4, 4, 1, 1, 0, 2, 3, 2, 2, 1, 2, 1, 1, 2, 4, 3, 0, 2, 2, 3, 3, 1, 1, 2, 1, 1, 2, 4, 1, 3, 4, 1, 2, 4, 1, 3, 3, 1, 1, 4, 4, 2, 3, 2, 2, 2, 3, 4, 3, 4, 4, 4, 1, 2, 3, 4, 1, 2]|[0, 2, 0, 0, 3, 0, 1, 3, 0, 0, 2, 0, 1, 0, 1, 0, 0, 0, 1, 0, 0, 2, 0, 0, 1, 0, 0, 3, 0, 1, 0, 2, 0, 0, 3, 0, 1, 3, 0, 0, 0, 0, 1, 3, 0, 0, 1, 0, 2, 0, 0, 0, 0, 0, 1, 0, 1, 0, 1, 1, 0, 2, 0, 2, 0, 0, 0, 0, 0, 2, 0, 0, 1, 0, 0, 1, 0, 0, 3, 0, 0, 1, 2, 0, 0, 0, 0, 0, 3, 1, 0, 2, 1, 3, 0, 0, 0, 1, 0, 0],882.9438068981488,49877.554644704585,107717.62812963048,false
29,G3_TWC,G3_TWC,[31, 22, 82, 15, 26, 58, 95, 42, 77, 12, 47, 5, 93, 78, 98, 54, 85, 63, 18, 44, 20, 35, 43, 97, 91, 76, 10, 30, 21, 45, 71, 64, 1, 23, 17, 83, 24, 14, 60, 36, 6, 57, 94, 88, 65, 56, 79, 40, 67, 68, 46, 75, 38, 9, 19, 32, 81, 41, 27, 62, 87, 90, 99, 59, 11, 16, 72, 73, 70, 39, 37, 84, 3, 92, 25, 55, 28, 29, 51, 7, 33, 61, 86, 66, 89, 50, 48, 96, 53, 8, 80, 4, 34, 49, 52, 0, 13, 69, 2, 74]|[1, 1, 0, 1, 1, 1, 2, 1, 2, 1, 2, 2, 2, 1, 1, 0, 0, 1, 0, 2, 2, 0, 1, 2, 0, 1, 2, 2, 0, 0, 1, 2, 1, 2, 1, 0, 2, 0, 1, 1, 0, 1, 1, 1, 0, 2, 1, 1, 0, 0, 0, 0, 1, 1, 2, 1, 2, 0, 0, 0, 2, 1, 0, 1, 2, 1, 2, 1, 1, 1, 1, 1, 1, 0, 1, 1, 0, 0, 0, 1, 2, 1, 0, 2, 1, 0, 0, 0, 0, 1, 0, 0, 2, 0, 1, 0, 0, 1, 0, 2]|[4, 3, 2, 2, 0, 0, 2, 2, 2, 4, 1, 1, 2, 4, 4, 1, 2, 4, 2, 1, 1, 1, 1, 2, 1, 2, 1, 1, 1, 1, 3, 2, 3, 0, 4, 0, 1, 1, 0, 3, 2, 2, 4, 0, 1, 1, 0, 2, 0, 1, 2, 2, 1, 4, 0, 3, 2, 1, 1, 2, 1, 3, 1, 1, 1, 3, 0, 4, 3, 1, 4, 1, 1, 2, 4, 4, 2, 1, 1, 3, 1, 3, 1, 1, 1, 1, 1, 1, 2, 3, 1, 2, 1, 1, 1, 2, 2, 3, 2, 1]|[0, 2, 1, 1, 3, 3, 0, 1, 0, 0, 0, 0, 1, 0, 1, 0, 0, 3, 1, 0, 0, 0, 3, 1, 0, 2, 0, 0, 0, 1, 0, 0, 0, 0, 3, 0, 1, 0, 0, 2, 1, 1, 2, 0, 0, 0, 0, 1, 1, 0, 0, 0, 1, 3, 0, 0, 1, 0, 0, 1, 0, 2, 0, 1, 0, 2, 1, 0, 0, 1, 1, 3, 1, 1, 3, 3, 1, 0, 0, 2, 0, 0, 0, 0, 1, 0, 0, 0, 1, 2, 0, 1, 0, 1, 1, 0, 0, 0, 0, 0],802.1274951829081,57956.38699448537,89691.2003308727,false
29,G1_CMAX,G1_CMAX,[31, 22, 82, 15, 26, 99, 95, 42, 77, 12, 47, 5, 93, 78, 86, 54, 21, 63, 18, 44, 20, 35, 43, 97, 91, 76, 10, 30, 85, 45, 71, 64, 1, 23, 17, 83, 24, 14, 60, 36, 6, 57, 40, 88, 65, 56, 79, 94, 67, 68, 46, 75, 38, 9, 19, 32, 41, 81, 27, 87, 90, 58, 59, 11, 16, 72, 73, 70, 39, 37, 84, 3, 92, 25, 55, 48, 62, 29, 51, 7, 33, 61, 98, 28, 89, 50, 4, 96, 53, 80, 8, 66, 34, 49, 52, 0, 74, 69, 2, 13]|[1, 1, 0, 1, 1, 0, 1, 1, 2, 1, 2, 2, 2, 1, 1, 0, 0, 1, 0, 2, 2, 0, 1, 2, 0, 1, 2, 2, 0, 0, 1, 2, 1, 2, 1, 0, 2, 0, 1, 1, 0, 1, 1, 1, 0, 2, 1, 1, 0, 0, 0, 0, 1, 1, 2, 1, 0, 2, 0, 2, 1, 0, 1, 2, 1, 2, 1, 1, 1, 1, 1, 1, 0, 1, 2, 0, 0, 0, 0, 1, 2, 1, 2, 0, 1, 0, 1, 2, 0, 0, 1, 2, 2, 0, 1, 0, 2, 1, 0, 0]|[0, 3, 2, 2, 4, 1, 2, 3, 2, 4, 1, 1, 2, 4, 4, 1, 1, 4, 2, 1, 1, 1, 1, 2, 1, 2, 1, 1, 2, 1, 3, 2, 3, 1, 4, 0, 1, 1, 0, 3, 2, 2, 2, 0, 1, 1, 0, 4, 0, 1, 2, 2, 1, 4, 0, 3, 1, 1, 1, 1, 3, 1, 1, 1, 3, 0, 4, 3, 1, 4, 1, 1, 0, 4, 1, 1, 2, 1, 1, 1, 1, 3, 1, 2, 1, 1, 4, 1, 2, 1, 3, 1, 1, 1, 1, 2, 1, 4, 2, 2]|[0, 2, 1, 1, 3, 0, 1, 3, 0, 0, 0, 0, 1, 0, 1, 0, 0, 3, 1, 0, 0, 0, 3, 1, 0, 2, 0, 0, 0, 1, 0, 0, 0, 0, 3, 0, 1, 0, 0, 2, 1, 1, 1, 0, 0, 0, 0, 2, 1, 0, 0, 0, 1, 3, 0, 0, 0, 0, 0, 0, 2, 0, 1, 0, 2, 1, 0, 0, 1, 1, 3, 1, 1, 3, 0, 0, 1, 0, 0, 2, 0, 0, 0, 1, 1, 0, 0, 0, 1, 0, 2, 0, 0, 1, 1, 0, 0, 2, 0, 0],731.2476204416437,56806.84376103422,93275.64763277225,false
29,G4_BALANCED,G4_BALANCED,[31, 22, 82, 15, 26, 58, 95, 42, 77, 12, 47, 5, 93, 78, 86, 54, 85, 63, 18, 72, 20, 35, 43, 97, 91, 76, 10, 30, 21, 45, 71, 64, 1, 23, 17, 83, 24, 14, 60, 36, 6, 57, 40, 88, 65, 56, 79, 94, 67, 41, 68, 75, 38, 9, 19, 32, 81, 55, 27, 62, 87, 90, 99, 59, 11, 16, 44, 73, 70, 39, 37, 84, 3, 92, 25, 46, 28, 29, 51, 7, 66, 61, 98, 48, 89, 50, 4, 96, 53, 80, 8, 33, 34, 2, 52, 13, 0, 69, 74, 49]|[1, 1, 0, 1, 1, 0, 1, 1, 2, 1, 2, 2, 2, 1, 1, 0, 0, 1, 0, 2, 2, 0, 1, 2, 0, 1, 2, 2, 0, 0, 1, 2, 1, 2, 1, 0, 2, 0, 1, 1, 0, 1, 1, 1, 0, 2, 1, 1, 0, 0, 0, 0, 1, 1, 2, 1, 2, 0, 0, 2, 2, 1, 1, 2, 2, 1, 2, 1, 1, 1, 1, 1, 1, 0, 1, 0, 0, 0, 0, 1, 2, 1, 2, 0, 1, 0, 1, 2, 0, 0, 1, 2, 2, 0, 1, 0, 0, 1, 2, 0]|[4, 3, 2, 2, 4, 1, 2, 3, 2, 4, 1, 1, 2, 4, 4, 1, 2, 4, 2, 1, 1, 1, 1, 2, 1, 2, 1, 1, 2, 1, 3, 2, 3, 1, 4, 0, 1, 1, 0, 3, 2, 2, 2, 0, 1, 1, 0, 4, 0, 1, 2, 2, 1, 4, 0, 3, 2, 1, 1, 1, 1, 3, 1, 1, 1, 3, 1, 4, 3, 1, 4, 1, 1, 0, 4, 2, 2, 1, 1, 1, 1, 3, 1, 1, 1, 1, 4, 1, 2, 1, 3, 1, 1, 2, 1, 2, 2, 4, 1, 1]|[0, 2, 1, 1, 3, 0, 1, 3, 0, 0, 0, 0, 1, 0, 1, 0, 0, 3, 1, 0, 0, 0, 3, 1, 0, 2, 0, 0, 0, 1, 0, 0, 0, 0, 3, 0, 1, 0, 0, 2, 1, 1, 1, 0, 0, 0, 0, 2, 1, 0, 0, 0, 1, 3, 0, 0, 1, 0, 0, 0, 0, 2, 1, 0, 0, 2, 0, 0, 0, 1, 1, 3, 1, 1, 3, 0, 1, 0, 0, 2, 0, 0, 0, 0, 1, 0, 0, 0, 1, 0, 2, 0, 0, 0, 1, 0, 0, 2, 0, 1],747.1438989226004,55733.55354576636,94625.20584372425,false
29,G2_TEC,G2_TEC,[31, 22, 82, 15, 26, 9, 95, 42, 77, 68, 47, 5, 93, 78, 86, 54, 85, 63, 18, 44, 20, 49, 36, 14, 74, 50, 53, 17, 21, 28, 11, 64, 3, 23, 30, 83, 24, 41, 40, 52, 65, 27, 90, 70, 39, 87, 48, 69, 99, 4, 46, 1, 13, 58, 97, 59, 45, 8, 73, 37, 35, 79, 71, 66, 76, 32, 60, 80, 96, 6, 16, 61, 33, 7, 57, 34, 12, 67, 10, 98, 56, 88, 43, 75, 91, 38, 84, 92, 29, 19, 51, 72, 89, 25, 2, 55, 62, 81, 94, 0]|[2, 1, 2, 1, 1, 2, 1, 1, 1, 1, 1, 0, 2, 2, 1, 2, 0, 0, 0, 2, 2, 1, 0, 2, 0, 2, 2, 1, 0, 1, 1, 1, 0, 0, 1, 0, 2, 1, 2, 2, 0, 0, 1, 1, 0, 2, 0, 2, 1, 0, 0, 2, 0, 0, 2, 0, 1, 1, 0, 0, 2, 1, 1, 1, 2, 0, 2, 2, 0, 1, 2, 1, 1, 2, 0, 1, 2, 1, 1, 2, 2, 1, 1, 0, 1, 0, 0, 0, 1, 1, 1, 1, 1, 1, 2, 0, 1, 1, 2, 0]|[0, 3, 0, 3, 4, 1, 4, 4, 2, 4, 3, 2, 1, 0, 2, 1, 1, 1, 2, 1, 1, 3, 0, 1, 0, 1, 1, 4, 1, 4, 3, 2, 2, 0, 4, 1, 1, 4, 1, 1, 2, 1, 4, 4, 1, 1, 0, 2, 3, 2, 2, 1, 2, 1, 1, 2, 4, 3, 0, 2, 2, 3, 3, 1, 1, 2, 1, 1, 2, 4, 1, 3, 4, 1, 2, 4, 1, 3, 3, 1, 1, 4, 4, 2, 3, 2, 2, 2, 3, 4, 3, 4, 4, 4, 1, 2, 3, 4, 1, 2]|[0, 2, 0, 0, 3, 0, 1, 3, 0, 0, 2, 0, 1, 0, 1, 0, 0, 0, 1, 0, 0, 2, 0, 0, 1, 0, 0, 3, 0, 1, 0, 2, 0, 0, 3, 0, 1, 3, 0, 0, 0, 0, 1, 3, 0, 0, 1, 0, 2, 0, 0, 0, 0, 0, 1, 0, 1, 0, 1, 1, 0, 2, 0, 2, 0, 0, 0, 0, 0, 2, 0, 0, 1, 0, 0, 1, 0, 0, 3, 0, 0, 1, 2, 0, 0, 0, 0, 0, 3, 1, 0, 2, 1, 3, 0, 0, 0, 1, 0, 0],882.9438068981488,49877.554644704585,107717.62812963048,false
29,G3_TWC,G3_TWC,[31, 22, 82, 15, 26, 58, 95, 42, 77, 12, 47, 5, 93, 78, 98, 54, 85, 63, 18, 44, 20, 35, 43, 97, 91, 76, 10, 30, 21, 45, 71, 64, 1, 23, 17, 83, 24, 14, 60, 36, 6, 57, 94, 88, 65, 56, 79, 40, 67, 68, 46, 75, 38, 9, 19, 32, 81, 41, 27, 62, 87, 90, 99, 59, 11, 16, 72, 73, 70, 39, 37, 84, 3, 92, 25, 55, 28, 29, 51, 7, 33, 61, 86, 66, 89, 50, 48, 96, 53, 8, 80, 4, 34, 49, 52, 0, 13, 69, 2, 74]|[1, 1, 0, 1, 1, 1, 2, 1, 2, 1, 2, 2, 2, 1, 1, 0, 0, 1, 0, 2, 2, 0, 1, 2, 0, 1, 2, 2, 0, 0, 1, 2, 1, 2, 1, 0, 2, 0, 1, 1, 0, 1, 1, 1, 0, 2, 1, 1, 0, 0, 0, 0, 1, 1, 2, 1, 2, 0, 0, 0, 2, 1, 0, 1, 2, 1, 2, 1, 1, 1, 1, 1, 1, 0, 1, 1, 0, 0, 0, 1, 2, 1, 0, 2, 1, 0, 0, 0, 0, 1, 0, 0, 2, 0, 1, 0, 0, 1, 0, 2]|[4, 3, 2, 2, 0, 0, 2, 2, 2, 4, 1, 1, 2, 4, 4, 1, 2, 4, 2, 1, 1, 1, 1, 2, 1, 2, 1, 1, 1, 1, 3, 2, 3, 0, 4, 0, 1, 1, 0, 3, 2, 2, 4, 0, 1, 1, 0, 2, 0, 1, 2, 2, 1, 4, 0, 3, 2, 1, 1, 2, 1, 3, 1, 1, 1, 3, 0, 4, 3, 1, 4, 1, 1, 2, 4, 4, 2, 1, 1, 3, 1, 3, 1, 1, 1, 1, 1, 1, 2, 3, 1, 2, 1, 1, 1, 2, 2, 3, 2, 1]|[0, 2, 1, 1, 3, 3, 0, 1, 0, 0, 0, 0, 1, 0, 1, 0, 0, 3, 1, 0, 0, 0, 3, 1, 0, 2, 0, 0, 0, 1, 0, 0, 0, 0, 3, 0, 1, 0, 0, 2, 1, 1, 2, 0, 0, 0, 0, 1, 1, 0, 0, 0, 1, 3, 0, 0, 1, 0, 0, 1, 0, 2, 0, 1, 0, 2, 1, 0, 0, 1, 1, 3, 1, 1, 3, 3, 1, 0, 0, 2, 0, 0, 0, 0, 1, 0, 0, 0, 1, 2, 0, 1, 0, 1, 1, 0, 0, 0, 0, 0],802.1274951829081,57956.38699448537,89691.2003308727,false
29,G1_CMAX,G1_CMAX,[31, 22, 82, 15, 26, 99, 95, 42, 77, 12, 47, 5, 93, 78, 86, 54, 21, 63, 18, 44, 20, 35, 43, 97, 91, 76, 10, 30, 85, 45, 71, 64, 1, 23, 17, 83, 24, 14, 60, 36, 6, 57, 40, 88, 65, 56, 79, 94, 67, 68, 46, 75, 38, 9, 19, 32, 41, 81, 27, 87, 90, 58, 59, 11, 16, 72, 73, 70, 39, 37, 84, 3, 92, 25, 55, 48, 62, 29, 51, 7, 33, 61, 98, 28, 89, 50, 4, 96, 53, 80, 8, 66, 34, 49, 52, 0, 74, 69, 2, 13]|[1, 1, 0, 1, 1, 0, 1, 1, 2, 1, 2, 2, 2, 1, 1, 0, 0, 1, 0, 2, 2, 0, 1, 2, 0, 1, 2, 2, 0, 0, 1, 2, 1, 2, 1, 0, 2, 0, 1, 1, 0, 1, 1, 1, 0, 2, 1, 1, 0, 0, 0, 0, 1, 1, 2, 1, 0, 2, 0, 2, 1, 0, 1, 2, 1, 2, 1, 1, 1, 1, 1, 1, 0, 1, 2, 0, 0, 0, 0, 1, 2, 1, 2, 0, 1, 0, 1, 2, 0, 0, 1, 2, 2, 0, 1, 0, 2, 1, 0, 0]|[0, 3, 2, 2, 4, 1, 2, 3, 2, 4, 1, 1, 2, 4, 4, 1, 1, 4, 2, 1, 1, 1, 1, 2, 1, 2, 1, 1, 2, 1, 3, 2, 3, 1, 4, 0, 1, 1, 0, 3, 2, 2, 2, 0, 1, 1, 0, 4, 0, 1, 2, 2, 1, 4, 0, 3, 1, 1, 1, 1, 3, 1, 1, 1, 3, 0, 4, 3, 1, 4, 1, 1, 0, 4, 1, 1, 2, 1, 1, 1, 1, 3, 1, 2, 1, 1, 4, 1, 2, 1, 3, 1, 1, 1, 1, 2, 1, 4, 2, 2]|[0, 2, 1, 1, 3, 0, 1, 3, 0, 0, 0, 0, 1, 0, 1, 0, 0, 3, 1, 0, 0, 0, 3, 1, 0, 2, 0, 0, 0, 1, 0, 0, 0, 0, 3, 0, 1, 0, 0, 2, 1, 1, 1, 0, 0, 0, 0, 2, 1, 0, 0, 0, 1, 3, 0, 0, 0, 0, 0, 0, 2, 0, 1, 0, 2, 1, 0, 0, 1, 1, 3, 1, 1, 3, 0, 0, 1, 0, 0, 2, 0, 0, 0, 1, 1, 0, 0, 0, 1, 0, 2, 0, 0, 1, 1, 0, 0, 2, 0, 0],731.2476204416437,56806.84376103422,93275.64763277225,false
29,G4_BALANCED,G4_BALANCED,[31, 22, 82, 15, 26, 58, 95, 42, 77, 12, 47, 5, 93, 78, 86, 54, 85, 63, 18, 72, 20, 35, 43, 97, 91, 76, 10, 30, 21, 45, 71, 64, 1, 23, 17, 83, 24, 14, 60, 36, 6, 57, 40, 88, 65, 56, 79, 94, 67, 41, 68, 75, 38, 9, 19, 32, 81, 55, 27, 62, 87, 90, 99, 59, 11, 16, 44, 73, 70, 39, 37, 84, 3, 92, 25, 46, 28, 29, 51, 7, 66, 61, 98, 48, 89, 50, 4, 96, 53, 80, 8, 33, 34, 2, 52, 13, 0, 69, 74, 49]|[1, 1, 0, 1, 1, 0, 1, 1, 2, 1, 2, 2, 2, 1, 1, 0, 0, 1, 0, 2, 2, 0, 1, 2, 0, 1, 2, 2, 0, 0, 1, 2, 1, 2, 1, 0, 2, 0, 1, 1, 0, 1, 1, 1, 0, 2, 1, 1, 0, 0, 0, 0, 1, 1, 2, 1, 2, 0, 0, 2, 2, 1, 1, 2, 2, 1, 2, 1, 1, 1, 1, 1, 1, 0, 1, 0, 0, 0, 0, 1, 2, 1, 2, 0, 1, 0, 1, 2, 0, 0, 1, 2, 2, 0, 1, 0, 0, 1, 2, 0]|[4, 3, 2, 2, 4, 1, 2, 3, 2, 4, 1, 1, 2, 4, 4, 1, 2, 4, 2, 1, 1, 1, 1, 2, 1, 2, 1, 1, 2, 1, 3, 2, 3, 1, 4, 0, 1, 1, 0, 3, 2, 2, 2, 0, 1, 1, 0, 4, 0, 1, 2, 2, 1, 4, 0, 3, 2, 1, 1, 1, 1, 3, 1, 1, 1, 3, 1, 4, 3, 1, 4, 1, 1, 0, 4, 2, 2, 1, 1, 1, 1, 3, 1, 1, 1, 1, 4, 1, 2, 1, 3, 1, 1, 2, 1, 2, 2, 4, 1, 1]|[0, 2, 1, 1, 3, 0, 1, 3, 0, 0, 0, 0, 1, 0, 1, 0, 0, 3, 1, 0, 0, 0, 3, 1, 0, 2, 0, 0, 0, 1, 0, 0, 0, 0, 3, 0, 1, 0, 0, 2, 1, 1, 1, 0, 0, 0, 0, 2, 1, 0, 0, 0, 1, 3, 0, 0, 1, 0, 0, 0, 0, 2, 1, 0, 0, 2, 0, 0, 0, 1, 1, 3, 1, 1, 3, 0, 1, 0, 0, 2, 0, 0, 0, 0, 1, 0, 0, 0, 1, 0, 2, 0, 0, 0, 1, 0, 0, 2, 0, 1],747.1438989226004,55733.55354576636,94625.20584372425,false
29,G2_TEC,G2_TEC,[31, 22, 82, 15, 26, 9, 95, 42, 77, 68, 47, 5, 93, 78, 86, 54, 85, 63, 18, 44, 20, 49, 36, 14, 74, 50, 53, 17, 21, 28, 11, 64, 3, 23, 30, 83, 24, 41, 40, 52, 65, 27, 90, 70, 39, 87, 48, 69, 99, 4, 46, 1, 13, 58, 97, 59, 45, 8, 73, 37, 35, 79, 71, 66, 76, 32, 60, 80, 96, 6, 16, 61, 33, 7, 57, 34, 12, 67, 10, 98, 56, 88, 43, 75, 91, 38, 84, 92, 29, 19, 51, 72, 89, 25, 2, 55, 62, 81, 94, 0]|[2, 1, 2, 1, 1, 2, 1, 1, 1, 1, 1, 0, 2, 2, 1, 2, 0, 0, 0, 2, 2, 1, 0, 2, 0, 2, 2, 1, 0, 1, 1, 1, 0, 0, 1, 0, 2, 1, 2, 2, 0, 0, 1, 1, 0, 2, 0, 2, 1, 0, 0, 2, 0, 0, 2, 0, 1, 1, 0, 0, 2, 1, 1, 1, 2, 0, 2, 2, 0, 1, 2, 1, 1, 2, 0, 1, 2, 1, 1, 2, 2, 1, 1, 0, 1, 0, 0, 0, 1, 1, 1, 1, 1, 1, 2, 0, 1, 1, 2, 0]|[0, 3, 0, 3, 4, 1, 4, 4, 2, 4, 3, 2, 1, 0, 2, 1, 1, 1, 2, 1, 1, 3, 0, 1, 0, 1, 1, 4, 1, 4, 3, 2, 2, 0, 4, 1, 1, 4, 1, 1, 2, 1, 4, 4, 1, 1, 0, 2, 3, 2, 2, 1, 2, 1, 1, 2, 4, 3, 0, 2, 2, 3, 3, 1, 1, 2, 1, 1, 2, 4, 1, 3, 4, 1, 2, 4, 1, 3, 3, 1, 1, 4, 4, 2, 3, 2, 2, 2, 3, 4, 3, 4, 4, 4, 1, 2, 3, 4, 1, 2]|[0, 2, 0, 0, 3, 0, 1, 3, 0, 0, 2, 0, 1, 0, 1, 0, 0, 0, 1, 0, 0, 2, 0, 0, 1, 0, 0, 3, 0, 1, 0, 2, 0, 0, 3, 0, 1, 3, 0, 0, 0, 0, 1, 3, 0, 0, 1, 0, 2, 0, 0, 0, 0, 0, 1, 0, 1, 0, 1, 1, 0, 2, 0, 2, 0, 0, 0, 0, 0, 2, 0, 0, 1, 0, 0, 1, 0, 0, 3, 0, 0, 1, 2, 0, 0, 0, 0, 0, 3, 1, 0, 2, 1, 3, 0, 0, 0, 1, 0, 0],882.9438068981488,49877.554644704585,107717.62812963048,false
29,G3_TWC,G3_TWC,[31, 22, 82, 15, 26, 58, 95, 42, 77, 12, 47, 5, 93, 78, 98, 54, 85, 63, 18, 44, 20, 35, 43, 97, 91, 76, 10, 30, 21, 45, 71, 64, 1, 23, 17, 83, 24, 14, 60, 36, 6, 57, 94, 88, 65, 56, 79, 40, 67, 68, 46, 75, 38, 9, 19, 32, 81, 41, 27, 62, 87, 90, 99, 59, 11, 16, 72, 73, 70, 39, 37, 84, 3, 92, 25, 55, 28, 29, 51, 7, 33, 61, 86, 66, 89, 50, 48, 96, 53, 8, 80, 4, 34, 49, 52, 0, 13, 69, 2, 74]|[1, 1, 0, 1, 1, 1, 2, 1, 2, 1, 2, 2, 2, 1, 1, 0, 0, 1, 0, 2, 2, 0, 1, 2, 0, 1, 2, 2, 0, 0, 1, 2, 1, 2, 1, 0, 2, 0, 1, 1, 0, 1, 1, 1, 0, 2, 1, 1, 0, 0, 0, 0, 1, 1, 2, 1, 2, 0, 0, 0, 2, 1, 0, 1, 2, 1, 2, 1, 1, 1, 1, 1, 1, 0, 1, 1, 0, 0, 0, 1, 2, 1, 0, 2, 1, 0, 0, 0, 0, 1, 0, 0, 2, 0, 1, 0, 0, 1, 0, 2]|[4, 3, 2, 2, 0, 0, 2, 2, 2, 4, 1, 1, 2, 4, 4, 1, 2, 4, 2, 1, 1, 1, 1, 2, 1, 2, 1, 1, 1, 1, 3, 2, 3, 0, 4, 0, 1, 1, 0, 3, 2, 2, 4, 0, 1, 1, 0, 2, 0, 1, 2, 2, 1, 4, 0, 3, 2, 1, 1, 2, 1, 3, 1, 1, 1, 3, 0, 4, 3, 1, 4, 1, 1, 2, 4, 4, 2, 1, 1, 3, 1, 3, 1, 1, 1, 1, 1, 1, 2, 3, 1, 2, 1, 1, 1, 2, 2, 3, 2, 1]|[0, 2, 1, 1, 3, 3, 0, 1, 0, 0, 0, 0, 1, 0, 1, 0, 0, 3, 1, 0, 0, 0, 3, 1, 0, 2, 0, 0, 0, 1, 0, 0, 0, 0, 3, 0, 1, 0, 0, 2, 1, 1, 2, 0, 0, 0, 0, 1, 1, 0, 0, 0, 1, 3, 0, 0, 1, 0, 0, 1, 0, 2, 0, 1, 0, 2, 1, 0, 0, 1, 1, 3, 1, 1, 3, 3, 1, 0, 0, 2, 0, 0, 0, 0, 1, 0, 0, 0, 1, 2, 0, 1, 0, 1, 1, 0, 0, 0, 0, 0],802.1274951829081,57956.38699448537,89691.2003308727,false
29,G1_CMAX,G1_CMAX,[31, 22, 82, 15, 26, 99, 95, 42, 77, 12, 47, 5, 93, 78, 86, 54, 21, 63, 18, 44, 20, 35, 43, 97, 91, 76, 10, 30, 85, 45, 71, 64, 1, 23, 17, 83, 24, 14, 60, 36, 6, 57, 40, 88, 65, 56, 79, 94, 67, 68, 46, 75, 38, 9, 19, 32, 41, 81, 27, 87, 90, 58, 59, 11, 16, 72, 73, 70, 39, 37, 84, 3, 92, 25, 55, 48, 62, 29, 51, 7, 33, 61, 98, 28, 89, 50, 4, 96, 53, 80, 8, 66, 34, 49, 52, 0, 74, 69, 2, 13]|[1, 1, 0, 1, 1, 0, 1, 1, 2, 1, 2, 2, 2, 1, 1, 0, 0, 1, 0, 2, 2, 0, 1, 2, 0, 1, 2, 2, 0, 0, 1, 2, 1, 2, 1, 0, 2, 0, 1, 1, 0, 1, 1, 1, 0, 2, 1, 1, 0, 0, 0, 0, 1, 1, 2, 1, 0, 2, 0, 2, 1, 0, 1, 2, 1, 2, 1, 1, 1, 1, 1, 1, 0, 1, 2, 0, 0, 0, 0, 1, 2, 1, 2, 0, 1, 0, 1, 2, 0, 0, 1, 2, 2, 0, 1, 0, 2, 1, 0, 0]|[0, 3, 2, 2, 4, 1, 2, 3, 2, 4, 1, 1, 2, 4, 4, 1, 1, 4, 2, 1, 1, 1, 1, 2, 1, 2, 1, 1, 2, 1, 3, 2, 3, 1, 4, 0, 1, 1, 0, 3, 2, 2, 2, 0, 1, 1, 0, 4, 0, 1, 2, 2, 1, 4, 0, 3, 1, 1, 1, 1, 3, 1, 1, 1, 3, 0, 4, 3, 1, 4, 1, 1, 0, 4, 1, 1, 2, 1, 1, 1, 1, 3, 1, 2, 1, 1, 4, 1, 2, 1, 3, 1, 1, 1, 1, 2, 1, 4, 2, 2]|[0, 2, 1, 1, 3, 0, 1, 3, 0, 0, 0, 0, 1, 0, 1, 0, 0, 3, 1, 0, 0, 0, 3, 1, 0, 2, 0, 0, 0, 1, 0, 0, 0, 0, 3, 0, 1, 0, 0, 2, 1, 1, 1, 0, 0, 0, 0, 2, 1, 0, 0, 0, 1, 3, 0, 0, 0, 0, 0, 0, 2, 0, 1, 0, 2, 1, 0, 0, 1, 1, 3, 1, 1, 3, 0, 0, 1, 0, 0, 2, 0, 0, 0, 1, 1, 0, 0, 0, 1, 0, 2, 0, 0, 1, 1, 0, 0, 2, 0, 0],731.2476204416437,56806.84376103422,93275.64763277225,false
29,G4_BALANCED,G3_TWC,[31, 22, 82, 15, 26, 58, 95, 42, 77, 12, 47, 5, 93, 78, 98, 54, 85, 63, 18, 44, 20, 35, 43, 97, 91, 76, 10, 30, 21, 45, 71, 64, 1, 23, 17, 83, 24, 14, 60, 36, 6, 57, 94, 88, 65, 56, 79, 40, 67, 68, 46, 75, 38, 9, 19, 32, 81, 41, 27, 62, 87, 90, 99, 59, 11, 16, 72, 73, 70, 39, 37, 84, 3, 92, 25, 55, 28, 29, 51, 7, 33, 61, 86, 66, 89, 50, 48, 96, 53, 80, 4, 8, 34, 49, 52, 2, 13, 0, 69, 74]|[1, 1, 0, 1, 1, 1, 2, 1, 2, 1, 2, 2, 2, 1, 1, 0, 0, 1, 0, 2, 2, 0, 1, 2, 0, 1, 2, 2, 0, 0, 1, 2, 1, 2, 1, 0, 2, 0, 1, 1, 0, 1, 1, 1, 0, 2, 1, 1, 0, 0, 0, 0, 1, 1, 2, 1, 2, 0, 0, 0, 2, 1, 0, 1, 2, 1, 2, 1, 1, 1, 1, 1, 1, 0, 1, 1, 0, 0, 0, 1, 2, 1, 0, 2, 1, 0, 2, 0, 0, 0, 0, 1, 2, 0, 1, 0, 0, 0, 1, 2]|[4, 3, 2, 2, 0, 0, 2, 2, 2, 4, 1, 1, 2, 4, 4, 1, 2, 4, 2, 1, 1, 1, 1, 2, 1, 2, 1, 1, 1, 1, 3, 2, 3, 0, 4, 0, 1, 1, 0, 3, 2, 2, 4, 0, 1, 1, 0, 2, 0, 1, 2, 2, 1, 4, 0, 3, 2, 1, 1, 2, 1, 3, 1, 1, 1, 3, 0, 4, 3, 1, 4, 1, 1, 2, 4, 4, 2, 1, 1, 3, 1, 3, 1, 1, 1, 1, 1, 1, 2, 1, 2, 3, 1, 1, 1, 2, 2, 2, 3, 1]|[0, 2, 1, 1, 3, 3, 0, 1, 0, 0, 0, 0, 1, 0, 1, 0, 0, 3, 1, 0, 0, 0, 3, 1, 0, 2, 0, 0, 0, 1, 0, 0, 0, 0, 3, 0, 1, 0, 0, 2, 1, 1, 2, 0, 0, 0, 0, 1, 1, 0, 0, 0, 1, 3, 0, 0, 1, 0, 0, 1, 0, 2, 0, 1, 0, 2, 1, 0, 0, 1, 1, 3, 1, 1, 3, 3, 1, 0, 0, 2, 0, 0, 0, 0, 1, 0, 0, 0, 1, 0, 1, 2, 0, 1, 1, 0, 0, 0, 0, 0],778.5063074256296,57921.84430950292,90203.88478055153,true
29,G2_TEC,G1_CMAX,[31, 22, 82, 15, 26, 99, 95, 42, 77, 12, 47, 5, 93, 78, 86, 54, 21, 63, 18, 44, 20, 35, 43, 97, 91, 76, 10, 30, 85, 45, 71, 64, 1, 23, 17, 83, 24, 14, 60, 36, 6, 57, 40, 88, 65, 56, 79, 94, 67, 68, 46, 75, 38, 9, 19, 32, 41, 81, 27, 87, 90, 58, 59, 11, 16, 72, 73, 70, 39, 37, 84, 3, 92, 25, 55, 62, 28, 29, 51, 7, 66, 61, 98, 48, 89, 50, 4, 96, 53, 80, 8, 33, 34, 2, 52, 13, 0, 69, 74, 49]|[1, 1, 0, 1, 1, 0, 1, 1, 2, 1, 2, 2, 2, 1, 1, 0, 0, 1, 0, 2, 2, 0, 0, 2, 0, 1, 2, 2, 0, 0, 1, 2, 1, 2, 1, 0, 2, 0, 1, 1, 0, 1, 1, 1, 0, 2, 1, 1, 0, 0, 0, 0, 1, 1, 2, 1, 0, 2, 0, 2, 2, 0, 1, 2, 1, 1, 1, 1, 1, 1, 1, 1, 0, 0, 2, 1, 0, 0, 0, 1, 2, 1, 2, 0, 1, 0, 1, 2, 0, 0, 1, 2, 2, 0, 1, 0, 0, 1, 2, 0]|[4, 3, 2, 2, 4, 1, 2, 3, 2, 4, 1, 1, 2, 4, 4, 1, 1, 4, 2, 1, 1, 1, 1, 2, 1, 2, 1, 1, 2, 1, 3, 2, 3, 1, 4, 0, 1, 1, 0, 3, 2, 2, 2, 0, 1, 1, 0, 4, 0, 1, 2, 2, 1, 4, 0, 3, 1, 1, 1, 1, 1, 1, 1, 1, 3, 3, 4, 3, 1, 4, 1, 1, 0, 0, 1, 4, 2, 1, 1, 1, 1, 3, 1, 1, 1, 1, 4, 1, 2, 1, 3, 1, 1, 2, 1, 2, 2, 4, 1, 1]|[0, 2, 1, 1, 3, 0, 1, 3, 0, 0, 0, 0, 1, 0, 1, 0, 0, 3, 1, 0, 0, 0, 0, 1, 0, 2, 0, 0, 0, 1, 0, 0, 0, 0, 3, 0, 1, 0, 0, 2, 1, 1, 1, 0, 0, 0, 0, 2, 1, 0, 0, 0, 1, 3, 0, 0, 0, 0, 0, 0, 0, 0, 1, 0, 2, 2, 0, 0, 1, 1, 3, 1, 1, 1, 0, 3, 1, 0, 0, 2, 0, 0, 0, 0, 1, 0, 0, 0, 1, 0, 2, 0, 0, 0, 1, 0, 0, 2, 0, 1],761.0512134922341,55979.08511656404,94545.61576375045,true
29,G3_TWC,G3_TWC,[31, 22, 82, 15, 26, 58, 95, 42, 77, 12, 47, 5, 93, 78, 98, 54, 85, 63, 18, 44, 20, 35, 43, 97, 91, 76, 10, 30, 21, 45, 71, 64, 1, 23, 17, 83, 24, 14, 60, 36, 6, 57, 94, 88, 65, 56, 79, 40, 67, 68, 46, 75, 38, 9, 19, 32, 81, 41, 27, 62, 87, 90, 99, 59, 11, 16, 72, 73, 70, 39, 37, 84, 3, 92, 25, 55, 28, 29, 51, 7, 33, 61, 86, 66, 89, 50, 48, 96, 53, 8, 80, 4, 34, 49, 52, 0, 13, 69, 2, 74]|[1, 1, 0, 1, 1, 1, 2, 1, 2, 1, 2, 2, 2, 1, 1, 0, 0, 1, 0, 2, 2, 0, 1, 2, 0, 1, 2, 2, 0, 0, 1, 2, 1, 2, 1, 0, 2, 0, 1, 1, 0, 1, 1, 1, 0, 2, 1, 1, 0, 0, 0, 0, 1, 1, 2, 1, 2, 0, 0, 0, 2, 1, 0, 1, 2, 1, 2, 1, 1, 1, 1, 1, 1, 0, 1, 1, 0, 0, 0, 1, 2, 1, 0, 2, 1, 0, 0, 0, 0, 1, 0, 0, 2, 0, 1, 0, 0, 1, 0, 2]|[4, 3, 2, 2, 0, 0, 2, 2, 2, 4, 1, 1, 2, 4, 4, 1, 2, 4, 2, 1, 1, 1, 1, 2, 1, 2, 1, 1, 1, 1, 3, 2, 3, 0, 4, 0, 1, 1, 0, 3, 2, 2, 4, 0, 1, 1, 0, 2, 0, 1, 2, 2, 1, 4, 0, 3, 2, 1, 1, 2, 1, 3, 1, 1, 1, 3, 0, 4, 3, 1, 4, 1, 1, 2, 4, 4, 2, 1, 1, 3, 1, 3, 1, 1, 1, 1, 1, 1, 2, 3, 1, 2, 1, 1, 1, 2, 2, 3, 2, 1]|[0, 2, 1, 1, 3, 3, 0, 1, 0, 0, 0, 0, 1, 0, 1, 0, 0, 3, 1, 0, 0, 0, 3, 1, 0, 2, 0, 0, 0, 1, 0, 0, 0, 0, 3, 0, 1, 0, 0, 2, 1, 1, 2, 0, 0, 0, 0, 1, 1, 0, 0, 0, 1, 3, 0, 0, 1, 0, 0, 1, 0, 2, 0, 1, 0, 2, 1, 0, 0, 1, 1, 3, 1, 1, 3, 3, 1, 0, 0, 2, 0, 0, 0, 0, 1, 0, 0, 0, 1, 2, 0, 1, 0, 1, 1, 0, 0, 0, 0, 0],802.1274951829081,57956.38699448537,89691.2003308727,false
29,G1_CMAX,G1_CMAX,[31, 22, 82, 15, 26, 99, 95, 42, 77, 12, 47, 5, 93, 78, 86, 54, 21, 63, 18, 44, 20, 35, 43, 97, 91, 76, 10, 30, 85, 45, 71, 64, 1, 23, 17, 83, 24, 14, 60, 36, 6, 57, 40, 88, 65, 56, 79, 94, 67, 68, 46, 75, 38, 9, 19, 32, 41, 81, 27, 87, 90, 58, 59, 11, 16, 72, 73, 70, 39, 37, 84, 3, 92, 25, 55, 48, 62, 29, 51, 7, 33, 61, 98, 28, 89, 50, 4, 96, 53, 80, 8, 66, 34, 49, 52, 0, 74, 69, 2, 13]|[1, 1, 0, 1, 1, 0, 1, 1, 2, 1, 2, 2, 2, 1, 1, 0, 0, 1, 0, 2, 2, 0, 1, 2, 0, 1, 2, 2, 0, 0, 1, 2, 1, 2, 1, 0, 2, 0, 1, 1, 0, 1, 1, 1, 0, 2, 1, 1, 0, 0, 0, 0, 1, 1, 2, 1, 0, 2, 0, 2, 1, 0, 1, 2, 1, 2, 1, 1, 1, 1, 1, 1, 0, 1, 2, 0, 0, 0, 0, 1, 2, 1, 2, 0, 1, 0, 1, 2, 0, 0, 1, 2, 2, 0, 1, 0, 2, 1, 0, 0]|[0, 3, 2, 2, 4, 1, 2, 3, 2, 4, 1, 1, 2, 4, 4, 1, 1, 4, 2, 1, 1, 1, 1, 2, 1, 2, 1, 1, 2, 1, 3, 2, 3, 1, 4, 0, 1, 1, 0, 3, 2, 2, 2, 0, 1, 1, 0, 4, 0, 1, 2, 2, 1, 4, 0, 3, 1, 1, 1, 1, 3, 1, 1, 1, 3, 0, 4, 3, 1, 4, 1, 1, 0, 4, 1, 1, 2, 1, 1, 1, 1, 3, 1, 2, 1, 1, 4, 1, 2, 1, 3, 1, 1, 1, 1, 2, 1, 4, 2, 2]|[0, 2, 1, 1, 3, 0, 1, 3, 0, 0, 0, 0, 1, 0, 1, 0, 0, 3, 1, 0, 0, 0, 3, 1, 0, 2, 0, 0, 0, 1, 0, 0, 0, 0, 3, 0, 1, 0, 0, 2, 1, 1, 1, 0, 0, 0, 0, 2, 1, 0, 0, 0, 1, 3, 0, 0, 0, 0, 0, 0, 2, 0, 1, 0, 2, 1, 0, 0, 1, 1, 3, 1, 1, 3, 0, 0, 1, 0, 0, 2, 0, 0, 0, 1, 1, 0, 0, 0, 1, 0, 2, 0, 0, 1, 1, 0, 0, 2, 0, 0],731.2476204416437,56806.84376103422,93275.64763277225,false
29,G4_BALANCED,G4_BALANCED,[31, 11, 82, 15, 26, 9, 95, 42, 77, 68, 47, 5, 93, 78, 86, 54, 85, 63, 18, 44, 20, 49, 36, 14, 74, 50, 53, 17, 21, 45, 71, 64, 3, 23, 30, 83, 24, 41, 60, 52, 65, 27, 90, 70, 39, 87, 48, 69, 99, 4, 46, 1, 13, 58, 97, 59, 28, 75, 73, 37, 35, 79, 22, 66, 76, 32, 40, 80, 96, 6, 16, 61, 33, 7, 57, 34, 12, 67, 10, 98, 56, 88, 29, 8, 91, 38, 19, 92, 43, 84, 51, 72, 81, 62, 2, 55, 0, 89, 94, 25]|[2, 1, 2, 1, 1, 2, 1, 1, 1, 1, 1, 0, 2, 2, 1, 2, 0, 0, 0, 2, 2, 1, 0, 2, 0, 2, 2, 1, 0, 1, 1, 1, 0, 0, 1, 0, 2, 1, 2, 2, 0, 0, 1, 1, 0, 2, 0, 2, 1, 0, 0, 2, 0, 0, 2, 0, 1, 1, 0, 0, 2, 1, 0, 2, 2, 0, 2, 2, 0, 1, 2, 1, 1, 2, 0, 1, 1, 1, 1, 2, 2, 1, 1, 0, 1, 0, 1, 0, 1, 0, 1, 1, 1, 1, 2, 0, 0, 1, 2, 1]|[0, 3, 0, 2, 4, 1, 4, 4, 2, 4, 3, 2, 1, 0, 2, 1, 1, 1, 2, 1, 1, 3, 0, 1, 0, 1, 1, 4, 1, 4, 3, 2, 2, 0, 4, 1, 1, 4, 0, 1, 2, 1, 4, 4, 1, 1, 0, 2, 3, 1, 2, 1, 2, 1, 1, 2, 4, 3, 0, 2, 2, 3, 1, 0, 1, 2, 0, 1, 2, 4, 1, 3, 4, 1, 2, 4, 3, 3, 3, 1, 1, 4, 3, 2, 3, 2, 4, 2, 4, 2, 3, 4, 1, 3, 1, 2, 2, 4, 1, 4]|[0, 2, 0, 1, 3, 0, 1, 3, 0, 0, 2, 0, 1, 0, 1, 0, 0, 0, 1, 0, 0, 2, 0, 0, 1, 0, 0, 3, 0, 1, 0, 2, 0, 1, 3, 0, 1, 3, 1, 0, 0, 0, 1, 3, 0, 0, 1, 0, 2, 0, 0, 0, 0, 0, 1, 0, 1, 0, 1, 1, 0, 2, 0, 0, 0, 0, 0, 0, 0, 2, 0, 0, 1, 0, 0, 1, 0, 0, 3, 0, 0, 1, 0, 0, 0, 0, 3, 0, 2, 0, 0, 2, 1, 0, 0, 0, 0, 1, 0, 3],843.8855010804491,52038.22615277176,107575.91746051938,false
29,G2_TEC,G2_TEC,[31, 22, 82, 15, 26, 9, 95, 42, 77, 68, 47, 5, 93, 78, 86, 54, 85, 63, 18, 44, 20, 49, 36, 14, 74, 50, 53, 17, 21, 28, 11, 64, 3, 23, 30, 83, 24, 41, 40, 52, 65, 27, 90, 70, 39, 87, 48, 69, 99, 4, 46, 1, 13, 58, 97, 59, 45, 8, 73, 37, 35, 79, 71, 66, 76, 32, 60, 80, 96, 6, 16, 61, 33, 7, 57, 34, 12, 67, 10, 98, 56, 88, 43, 75, 91, 38, 84, 92, 29, 19, 51, 72, 89, 25, 2, 55, 62, 81, 94, 0]|[2, 1, 2, 1, 1, 2, 1, 1, 1, 1, 1, 0, 2, 2, 1, 2, 0, 0, 0, 2, 2, 1, 0, 2, 0, 2, 2, 1, 0, 1, 1, 1, 0, 0, 1, 0, 2, 1, 2, 2, 0, 0, 1, 1, 0, 2, 0, 2, 1, 0, 0, 2, 0, 0, 2, 0, 1, 1, 0, 0, 2, 1, 1, 1, 2, 0, 2, 2, 0, 1, 2, 1, 1, 2, 0, 1, 2, 1, 1, 2, 2, 1, 1, 0, 1, 0, 0, 0, 1, 1, 1, 1, 1, 1, 2, 0, 1, 1, 2, 0]|[0, 3, 0, 3, 4, 1, 4, 4, 2, 4, 3, 2, 1, 0, 2, 1, 1, 1, 2, 1, 1, 3, 0, 1, 0, 1, 1, 4, 1, 4, 3, 2, 2, 0, 4, 1, 1, 4, 1, 1, 2, 1, 4, 4, 1, 1, 0, 2, 3, 2, 2, 1, 2, 1, 1, 2, 4, 3, 0, 2, 2, 3, 3, 1, 1, 2, 1, 1, 2, 4, 1, 3, 4, 1, 2, 4, 1, 3, 3, 1, 1, 4, 4, 2, 3, 2, 2, 2, 3, 4, 3, 4, 4, 4, 1, 2, 3, 4, 1, 2]|[0, 2, 0, 0, 3, 0, 1, 3, 0, 0, 2, 0, 1, 0, 1, 0, 0, 0, 1, 0, 0, 2, 0, 0, 1, 0, 0, 3, 0, 1, 0, 2, 0, 0, 3, 0, 1, 3, 0, 0, 0, 0, 1, 3, 0, 0, 1, 0, 2, 0, 0, 0, 0, 0, 1, 0, 1, 0, 1, 1, 0, 2, 0, 2, 0, 0, 0, 0, 0, 2, 0, 0, 1, 0, 0, 1, 0, 0, 3, 0, 0, 1, 2, 0, 0, 0, 0, 0, 3, 1, 0, 2, 1, 3, 0, 0, 0, 1, 0, 0],882.9438068981488,49877.554644704585,107717.62812963048,false
29,G3_TWC,G3_TWC,[31, 22, 82, 15, 26, 58, 95, 42, 77, 12, 47, 5, 93, 78, 98, 54, 85, 63, 18, 44, 20, 35, 43, 97, 91, 76, 10, 30, 21, 45, 71, 64, 1, 23, 17, 83, 24, 14, 60, 36, 6, 57, 94, 88, 65, 56, 79, 40, 67, 68, 46, 75, 38, 9, 19, 32, 81, 41, 27, 62, 87, 90, 99, 59, 11, 16, 72, 73, 70, 39, 37, 84, 3, 92, 25, 55, 28, 29, 51, 7, 33, 61, 86, 66, 89, 50, 48, 96, 53, 8, 80, 4, 34, 49, 52, 0, 13, 69, 2, 74]|[1, 1, 0, 1, 1, 1, 2, 1, 2, 1, 2, 2, 2, 1, 1, 0, 0, 1, 0, 2, 2, 0, 1, 2, 0, 1, 2, 2, 0, 0, 1, 2, 1, 2, 1, 0, 2, 0, 1, 1, 0, 1, 1, 1, 0, 2, 1, 1, 0, 0, 0, 0, 1, 1, 2, 1, 2, 0, 0, 0, 2, 1, 0, 1, 2, 1, 2, 1, 1, 1, 1, 1, 1, 0, 1, 1, 0, 0, 0, 1, 2, 1, 0, 2, 1, 0, 0, 0, 0, 1, 0, 0, 2, 0, 1, 0, 0, 1, 0, 2]|[4, 3, 2, 2, 0, 0, 2, 2, 2, 4, 1, 1, 2, 4, 4, 1, 2, 4, 2, 1, 1, 1, 1, 2, 1, 2, 1, 1, 1, 1, 3, 2, 3, 0, 4, 0, 1, 1, 0, 3, 2, 2, 4, 0, 1, 1, 0, 2, 0, 1, 2, 2, 1, 4, 0, 3, 2, 1, 1, 2, 1, 3, 1, 1, 1, 3, 0, 4, 3, 1, 4, 1, 1, 2, 4, 4, 2, 1, 1, 3, 1, 3, 1, 1, 1, 1, 1, 1, 2, 3, 1, 2, 1, 1, 1, 2, 2, 3, 2, 1]|[0, 2, 1, 1, 3, 3, 0, 1, 0, 0, 0, 0, 1, 0, 1, 0, 0, 3, 1, 0, 0, 0, 3, 1, 0, 2, 0, 0, 0, 1, 0, 0, 0, 0, 3, 0, 1, 0, 0, 2, 1, 1, 2, 0, 0, 0, 0, 1, 1, 0, 0, 0, 1, 3, 0, 0, 1, 0, 0, 1, 0, 2, 0, 1, 0, 2, 1, 0, 0, 1, 1, 3, 1, 1, 3, 3, 1, 0, 0, 2, 0, 0, 0, 0, 1, 0, 0, 0, 1, 2, 0, 1, 0, 1, 1, 0, 0, 0, 0, 0],802.1274951829081,57956.38699448537,89691.2003308727,false
29,G1_CMAX,G1_CMAX,[31, 22, 82, 15, 26, 99, 95, 42, 77, 12, 47, 5, 93, 78, 86, 54, 21, 63, 18, 44, 20, 35, 43, 97, 91, 76, 10, 30, 85, 45, 71, 64, 1, 23, 17, 83, 24, 14, 60, 36, 6, 57, 40, 88, 65, 56, 79, 94, 67, 68, 46, 75, 38, 9, 19, 32, 41, 81, 27, 87, 90, 58, 59, 11, 16, 72, 73, 70, 39, 37, 84, 3, 92, 25, 55, 48, 62, 29, 51, 7, 33, 61, 98, 28, 89, 50, 4, 96, 53, 80, 8, 66, 34, 49, 52, 0, 74, 69, 2, 13]|[1, 1, 0, 1, 1, 0, 1, 1, 2, 1, 2, 2, 2, 1, 1, 0, 0, 1, 0, 2, 2, 0, 1, 2, 0, 1, 2, 2, 0, 0, 1, 2, 1, 2, 1, 0, 2, 0, 1, 1, 0, 1, 1, 1, 0, 2, 1, 1, 0, 0, 0, 0, 1, 1, 2, 1, 0, 2, 0, 2, 1, 0, 1, 2, 1, 2, 1, 1, 1, 1, 1, 1, 0, 1, 2, 0, 0, 0, 0, 1, 2, 1, 2, 0, 1, 0, 1, 2, 0, 0, 1, 2, 2, 0, 1, 0, 2, 1, 0, 0]|[0, 3, 2, 2, 4, 1, 2, 3, 2, 4, 1, 1, 2, 4, 4, 1, 1, 4, 2, 1, 1, 1, 1, 2, 1, 2, 1, 1, 2, 1, 3, 2, 3, 1, 4, 0, 1, 1, 0, 3, 2, 2, 2, 0, 1, 1, 0, 4, 0, 1, 2, 2, 1, 4, 0, 3, 1, 1, 1, 1, 3, 1, 1, 1, 3, 0, 4, 3, 1, 4, 1, 1, 0, 4, 1, 1, 2, 1, 1, 1, 1, 3, 1, 2, 1, 1, 4, 1, 2, 1, 3, 1, 1, 1, 1, 2, 1, 4, 2, 2]|[0, 2, 1, 1, 3, 0, 1, 3, 0, 0, 0, 0, 1, 0, 1, 0, 0, 3, 1, 0, 0, 0, 3, 1, 0, 2, 0, 0, 0, 1, 0, 0, 0, 0, 3, 0, 1, 0, 0, 2, 1, 1, 1, 0, 0, 0, 0, 2, 1, 0, 0, 0, 1, 3, 0, 0, 0, 0, 0, 0, 2, 0, 1, 0, 2, 1, 0, 0, 1, 1, 3, 1, 1, 3, 0, 0, 1, 0, 0, 2, 0, 0, 0, 1, 1, 0, 0, 0, 1, 0, 2, 0, 0, 1, 1, 0, 0, 2, 0, 0],731.2476204416437,56806.84376103422,93275.64763277225,false
29,G4_BALANCED,G4_BALANCED,[31, 11, 82, 15, 26, 9, 95, 42, 77, 68, 47, 5, 93, 78, 86, 54, 85, 63, 18, 44, 20, 49, 36, 14, 74, 50, 53, 17, 21, 45, 71, 64, 3, 23, 30, 83, 24, 41, 60, 52, 65, 27, 90, 70, 39, 87, 48, 69, 99, 4, 46, 1, 13, 58, 97, 59, 28, 75, 73, 37, 35, 79, 22, 66, 76, 32, 40, 80, 96, 6, 16, 61, 33, 7, 57, 34, 12, 67, 10, 98, 56, 88, 29, 8, 91, 38, 19, 92, 43, 84, 51, 72, 81, 62, 2, 55, 0, 89, 94, 25]|[2, 1, 2, 1, 1, 2, 1, 1, 1, 1, 1, 0, 2, 2, 1, 2, 0, 0, 0, 2, 2, 1, 0, 2, 0, 2, 2, 1, 0, 1, 1, 1, 0, 0, 1, 0, 2, 1, 2, 2, 0, 0, 1, 1, 0, 2, 0, 2, 1, 0, 0, 2, 0, 0, 2, 0, 1, 1, 0, 0, 2, 1, 0, 2, 2, 0, 2, 2, 0, 1, 2, 1, 1, 2, 0, 1, 1, 1, 1, 2, 2, 1, 1, 0, 1, 0, 1, 0, 1, 0, 1, 1, 1, 1, 2, 0, 0, 1, 2, 1]|[0, 3, 0, 2, 4, 1, 4, 4, 2, 4, 3, 2, 1, 0, 2, 1, 1, 1, 2, 1, 1, 3, 0, 1, 0, 1, 1, 4, 1, 4, 3, 2, 2, 0, 4, 1, 1, 4, 0, 1, 2, 1, 4, 4, 1, 1, 0, 2, 3, 1, 2, 1, 2, 1, 1, 2, 4, 3, 0, 2, 2, 3, 1, 0, 1, 2, 0, 1, 2, 4, 1, 3, 4, 1, 2, 4, 3, 3, 3, 1, 1, 4, 3, 2, 3, 2, 4, 2, 4, 2, 3, 4, 1, 3, 1, 2, 2, 4, 1, 4]|[0, 2, 0, 1, 3, 0, 1, 3, 0, 0, 2, 0, 1, 0, 1, 0, 0, 0, 1, 0, 0, 2, 0, 0, 1, 0, 0, 3, 0, 1, 0, 2, 0, 1, 3, 0, 1, 3, 1, 0, 0, 0, 1, 3, 0, 0, 1, 0, 2, 0, 0, 0, 0, 0, 1, 0, 1, 0, 1, 1, 0, 2, 0, 0, 0, 0, 0, 0, 0, 2, 0, 0, 1, 0, 0, 1, 0, 0, 3, 0, 0, 1, 0, 0, 0, 0, 3, 0, 2, 0, 0, 2, 1, 0, 0, 0, 0, 1, 0, 3],843.8855010804491,52038.22615277176,107575.91746051938,false
29,G2_TEC,G2_TEC,[31, 22, 82, 15, 26, 9, 95, 42, 77, 68, 47, 5, 93, 78, 86, 54, 85, 63, 18, 44, 20, 49, 36, 14, 74, 50, 53, 17, 21, 28, 11, 64, 3, 23, 30, 83, 24, 41, 40, 52, 65, 27, 90, 70, 39, 87, 48, 69, 99, 4, 46, 1, 13, 58, 97, 59, 45, 8, 73, 37, 35, 79, 71, 66, 76, 32, 60, 80, 96, 6, 16, 61, 33, 7, 57, 34, 12, 67, 10, 98, 56, 88, 43, 75, 91, 38, 84, 92, 29, 19, 51, 72, 89, 25, 2, 55, 62, 81, 94, 0]|[2, 1, 2, 1, 1, 2, 1, 1, 1, 1, 1, 0, 2, 2, 1, 2, 0, 0, 0, 2, 2, 1, 0, 2, 0, 2, 2, 1, 0, 1, 1, 1, 0, 0, 1, 0, 2, 1, 2, 2, 0, 0, 1, 1, 0, 2, 0, 2, 1, 0, 0, 2, 0, 0, 2, 0, 1, 1, 0, 0, 2, 1, 1, 1, 2, 0, 2, 2, 0, 1, 2, 1, 1, 2, 0, 1, 2, 1, 1, 2, 2, 1, 1, 0, 1, 0, 0, 0, 1, 1, 1, 1, 1, 1, 2, 0, 1, 1, 2, 0]|[0, 3, 0, 3, 4, 1, 4, 4, 2, 4, 3, 2, 1, 0, 2, 1, 1, 1, 2, 1, 1, 3, 0, 1, 0, 1, 1, 4, 1, 4, 3, 2, 2, 0, 4, 1, 1, 4, 1, 1, 2, 1, 4, 4, 1, 1, 0, 2, 3, 2, 2, 1, 2, 1, 1, 2, 4, 3, 0, 2, 2, 3, 3, 1, 1, 2, 1, 1, 2, 4, 1, 3, 4, 1, 2, 4, 1, 3, 3, 1, 1, 4, 4, 2, 3, 2, 2, 2, 3, 4, 3, 4, 4, 4, 1, 2, 3, 4, 1, 2]|[0, 2, 0, 0, 3, 0, 1, 3, 0, 0, 2, 0, 1, 0, 1, 0, 0, 0, 1, 0, 0, 2, 0, 0, 1, 0, 0, 3, 0, 1, 0, 2, 0, 0, 3, 0, 1, 3, 0, 0, 0, 0, 1, 3, 0, 0, 1, 0, 2, 0, 0, 0, 0, 0, 1, 0, 1, 0, 1, 1, 0, 2, 0, 2, 0, 0, 0, 0, 0, 2, 0, 0, 1, 0, 0, 1, 0, 0, 3, 0, 0, 1, 2, 0, 0, 0, 0, 0, 3, 1, 0, 2, 1, 3, 0, 0, 0, 1, 0, 0],882.9438068981488,49877.554644704585,107717.62812963048,false
29,G3_TWC,G3_TWC,[31, 22, 82, 15, 26, 58, 95, 42, 77, 12, 47, 5, 93, 78, 98, 54, 85, 63, 18, 44, 20, 35, 43, 97, 91, 76, 10, 30, 21, 45, 71, 64, 1, 23, 17, 83, 24, 14, 60, 36, 6, 57, 94, 88, 65, 56, 79, 40, 67, 68, 46, 75, 38, 9, 19, 32, 81, 41, 27, 62, 87, 90, 99, 59, 11, 16, 72, 73, 70, 39, 37, 84, 3, 92, 25, 55, 28, 29, 51, 7, 33, 61, 86, 66, 89, 50, 48, 96, 53, 8, 80, 4, 34, 49, 52, 0, 13, 69, 2, 74]|[1, 1, 0, 1, 1, 1, 2, 1, 2, 1, 2, 2, 2, 1, 1, 0, 0, 1, 0, 2, 2, 0, 1, 2, 0, 1, 2, 2, 0, 0, 1, 2, 1, 2, 1, 0, 2, 0, 1, 1, 0, 1, 1, 1, 0, 2, 1, 1, 0, 0, 0, 0, 1, 1, 2, 1, 2, 0, 0, 0, 2, 1, 0, 1, 2, 1, 2, 1, 1, 1, 1, 1, 1, 0, 1, 1, 0, 0, 0, 1, 2, 1, 0, 2, 1, 0, 0, 0, 0, 1, 0, 0, 2, 0, 1, 0, 0, 1, 0, 2]|[4, 3, 2, 2, 0, 0, 2, 2, 2, 4, 1, 1, 2, 4, 4, 1, 2, 4, 2, 1, 1, 1, 1, 2, 1, 2, 1, 1, 1, 1, 3, 2, 3, 0, 4, 0, 1, 1, 0, 3, 2, 2, 4, 0, 1, 1, 0, 2, 0, 1, 2, 2, 1, 4, 0, 3, 2, 1, 1, 2, 1, 3, 1, 1, 1, 3, 0, 4, 3, 1, 4, 1, 1, 2, 4, 4, 2, 1, 1, 3, 1, 3, 1, 1, 1, 1, 1, 1, 2, 3, 1, 2, 1, 1, 1, 2, 2, 3, 2, 1]|[0, 2, 1, 1, 3, 3, 0, 1, 0, 0, 0, 0, 1, 0, 1, 0, 0, 3, 1, 0, 0, 0, 3, 1, 0, 2, 0, 0, 0, 1, 0, 0, 0, 0, 3, 0, 1, 0, 0, 2, 1, 1, 2, 0, 0, 0, 0, 1, 1, 0, 0, 0, 1, 3, 0, 0, 1, 0, 0, 1, 0, 2, 0, 1, 0, 2, 1, 0, 0, 1, 1, 3, 1, 1, 3, 3, 1, 0, 0, 2, 0, 0, 0, 0, 1, 0, 0, 0, 1, 2, 0, 1, 0, 1, 1, 0, 0, 0, 0, 0],802.1274951829081,57956.38699448537,89691.2003308727,false
29,G1_CMAX,G1_CMAX,[31, 22, 82, 15, 26, 99, 95, 42, 77, 12, 47, 5, 93, 78, 86, 54, 21, 63, 18, 44, 20, 35, 43, 97, 91, 76, 10, 30, 85, 45, 71, 64, 1, 23, 17, 83, 24, 14, 60, 36, 6, 57, 40, 88, 65, 56, 79, 94, 67, 68, 46, 75, 38, 9, 19, 32, 41, 81, 27, 87, 90, 58, 59, 11, 16, 72, 73, 70, 39, 37, 84, 3, 92, 25, 55, 48, 62, 29, 51, 7, 33, 61, 98, 28, 89, 50, 4, 96, 53, 80, 8, 66, 34, 49, 52, 0, 74, 69, 2, 13]|[1, 1, 0, 1, 1, 0, 1, 1, 2, 1, 2, 2, 2, 1, 1, 0, 0, 1, 0, 2, 2, 0, 1, 2, 0, 1, 2, 2, 0, 0, 1, 2, 1, 2, 1, 0, 2, 0, 1, 1, 0, 1, 1, 1, 0, 2, 1, 1, 0, 0, 0, 0, 1, 1, 2, 1, 0, 2, 0, 2, 1, 0, 1, 2, 1, 2, 1, 1, 1, 1, 1, 1, 0, 1, 2, 0, 0, 0, 0, 1, 2, 1, 2, 0, 1, 0, 1, 2, 0, 0, 1, 2, 2, 0, 1, 0, 2, 1, 0, 0]|[0, 3, 2, 2, 4, 1, 2, 3, 2, 4, 1, 1, 2, 4, 4, 1, 1, 4, 2, 1, 1, 1, 1, 2, 1, 2, 1, 1, 2, 1, 3, 2, 3, 1, 4, 0, 1, 1, 0, 3, 2, 2, 2, 0, 1, 1, 0, 4, 0, 1, 2, 2, 1, 4, 0, 3, 1, 1, 1, 1, 3, 1, 1, 1, 3, 0, 4, 3, 1, 4, 1, 1, 0, 4, 1, 1, 2, 1, 1, 1, 1, 3, 1, 2, 1, 1, 4, 1, 2, 1, 3, 1, 1, 1, 1, 2, 1, 4, 2, 2]|[0, 2, 1, 1, 3, 0, 1, 3, 0, 0, 0, 0, 1, 0, 1, 0, 0, 3, 1, 0, 0, 0, 3, 1, 0, 2, 0, 0, 0, 1, 0, 0, 0, 0, 3, 0, 1, 0, 0, 2, 1, 1, 1, 0, 0, 0, 0, 2, 1, 0, 0, 0, 1, 3, 0, 0, 0, 0, 0, 0, 2, 0, 1, 0, 2, 1, 0, 0, 1, 1, 3, 1, 1, 3, 0, 0, 1, 0, 0, 2, 0, 0, 0, 1, 1, 0, 0, 0, 1, 0, 2, 0, 0, 1, 1, 0, 0, 2, 0, 0],731.2476204416437,56806.84376103422,93275.64763277225,false
29,G4_BALANCED,G4_BALANCED,[31, 11, 82, 15, 26, 9, 95, 42, 77, 68, 47, 5, 93, 78, 86, 54, 85, 63, 18, 44, 20, 49, 36, 14, 74, 50, 53, 17, 21, 45, 71, 64, 3, 23, 30, 83, 24, 41, 60, 52, 65, 27, 90, 70, 39, 87, 48, 69, 99, 4, 46, 1, 13, 58, 97, 59, 28, 75, 73, 37, 35, 79, 22, 66, 76, 32, 40, 80, 96, 6, 16, 61, 33, 7, 57, 34, 12, 67, 10, 98, 56, 88, 29, 8, 91, 38, 19, 92, 43, 84, 51, 72, 81, 62, 2, 55, 0, 89, 94, 25]|[2, 1, 2, 1, 1, 2, 1, 1, 1, 1, 1, 0, 2, 2, 1, 2, 0, 0, 0, 2, 2, 1, 0, 2, 0, 2, 2, 1, 0, 1, 1, 1, 0, 0, 1, 0, 2, 1, 2, 2, 0, 0, 1, 1, 0, 2, 0, 2, 1, 0, 0, 2, 0, 0, 2, 0, 1, 1, 0, 0, 2, 1, 0, 2, 2, 0, 2, 2, 0, 1, 2, 1, 1, 2, 0, 1, 1, 1, 1, 2, 2, 1, 1, 0, 1, 0, 1, 0, 1, 0, 1, 1, 1, 1, 2, 0, 0, 1, 2, 1]|[0, 3, 0, 2, 4, 1, 4, 4, 2, 4, 3, 2, 1, 0, 2, 1, 1, 1, 2, 1, 1, 3, 0, 1, 0, 1, 1, 4, 1, 4, 3, 2, 2, 0, 4, 1, 1, 4, 0, 1, 2, 1, 4, 4, 1, 1, 0, 2, 3, 1, 2, 1, 2, 1, 1, 2, 4, 3, 0, 2, 2, 3, 1, 0, 1, 2, 0, 1, 2, 4, 1, 3, 4, 1, 2, 4, 3, 3, 3, 1, 1, 4, 3, 2, 3, 2, 4, 2, 4, 2, 3, 4, 1, 3, 1, 2, 2, 4, 1, 4]|[0, 2, 0, 1, 3, 0, 1, 3, 0, 0, 2, 0, 1, 0, 1, 0, 0, 0, 1, 0, 0, 2, 0, 0, 1, 0, 0, 3, 0, 1, 0, 2, 0, 1, 3, 0, 1, 3, 1, 0, 0, 0, 1, 3, 0, 0, 1, 0, 2, 0, 0, 0, 0, 0, 1, 0, 1, 0, 1, 1, 0, 2, 0, 0, 0, 0, 0, 0, 0, 2, 0, 0, 1, 0, 0, 1, 0, 0, 3, 0, 0, 1, 0, 0, 0, 0, 3, 0, 2, 0, 0, 2, 1, 0, 0, 0, 0, 1, 0, 3],843.8855010804491,52038.22615277176,107575.91746051938,false
29,G2_TEC,G2_TEC,[31, 22, 82, 15, 26, 9, 95, 42, 77, 68, 47, 5, 93, 78, 86, 54, 85, 63, 18, 44, 20, 49, 36, 14, 74, 50, 53, 17, 21, 28, 11, 64, 3, 23, 30, 83, 24, 41, 40, 52, 65, 27, 90, 70, 39, 87, 48, 69, 99, 4, 46, 1, 13, 58, 97, 59, 45, 8, 73, 37, 35, 79, 71, 66, 76, 32, 60, 80, 96, 6, 16, 61, 33, 7, 57, 34, 12, 67, 10, 98, 56, 88, 43, 75, 91, 38, 84, 92, 29, 19, 51, 72, 89, 25, 2, 55, 62, 81, 94, 0]|[2, 1, 2, 1, 1, 2, 1, 1, 1, 1, 1, 0, 2, 2, 1, 2, 0, 0, 0, 2, 2, 1, 0, 2, 0, 2, 2, 1, 0, 1, 1, 1, 0, 0, 1, 0, 2, 1, 2, 2, 0, 0, 1, 1, 0, 2, 0, 2, 1, 0, 0, 2, 0, 0, 2, 0, 1, 1, 0, 0, 2, 1, 1, 1, 2, 0, 2, 2, 0, 1, 2, 1, 1, 2, 0, 1, 2, 1, 1, 2, 2, 1, 1, 0, 1, 0, 0, 0, 1, 1, 1, 1, 1, 1, 2, 0, 1, 1, 2, 0]|[0, 3, 0, 3, 4, 1, 4, 4, 2, 4, 3, 2, 1, 0, 2, 1, 1, 1, 2, 1, 1, 3, 0, 1, 0, 1, 1, 4, 1, 4, 3, 2, 2, 0, 4, 1, 1, 4, 1, 1, 2, 1, 4, 4, 1, 1, 0, 2, 3, 2, 2, 1, 2, 1, 1, 2, 4, 3, 0, 2, 2, 3, 3, 1, 1, 2, 1, 1, 2, 4, 1, 3, 4, 1, 2, 4, 1, 3, 3, 1, 1, 4, 4, 2, 3, 2, 2, 2, 3, 4, 3, 4, 4, 4, 1, 2, 3, 4, 1, 2]|[0, 2, 0, 0, 3, 0, 1, 3, 0, 0, 2, 0, 1, 0, 1, 0, 0, 0, 1, 0, 0, 2, 0, 0, 1, 0, 0, 3, 0, 1, 0, 2, 0, 0, 3, 0, 1, 3, 0, 0, 0, 0, 1, 3, 0, 0, 1, 0, 2, 0, 0, 0, 0, 0, 1, 0, 1, 0, 1, 1, 0, 2, 0, 2, 0, 0, 0, 0, 0, 2, 0, 0, 1, 0, 0, 1, 0, 0, 3, 0, 0, 1, 2, 0, 0, 0, 0, 0, 3, 1, 0, 2, 1, 3, 0, 0, 0, 1, 0, 0],882.9438068981488,49877.554644704585,107717.62812963048,false
29,G3_TWC,G3_TWC,[31, 22, 82, 15, 26, 58, 95, 42, 77, 12, 47, 5, 93, 78, 98, 54, 85, 63, 18, 44, 20, 35, 43, 97, 91, 76, 10, 30, 21, 45, 71, 64, 1, 23, 17, 83, 24, 14, 60, 36, 6, 57, 94, 88, 65, 56, 79, 40, 67, 68, 46, 75, 38, 9, 19, 32, 81, 41, 27, 62, 87, 90, 99, 59, 11, 16, 72, 73, 70, 39, 37, 84, 3, 92, 25, 55, 28, 29, 51, 7, 33, 61, 86, 66, 89, 50, 48, 96, 53, 8, 80, 4, 34, 49, 52, 0, 13, 69, 2, 74]|[1, 1, 0, 1, 1, 1, 2, 1, 2, 1, 2, 2, 2, 1, 1, 0, 0, 1, 0, 2, 2, 0, 1, 2, 0, 1, 2, 2, 0, 0, 1, 2, 1, 2, 1, 0, 2, 0, 1, 1, 0, 1, 1, 1, 0, 2, 1, 1, 0, 0, 0, 0, 1, 1, 2, 1, 2, 0, 0, 0, 2, 1, 0, 1, 2, 1, 2, 1, 1, 1, 1, 1, 1, 0, 1, 1, 0, 0, 0, 1, 2, 1, 0, 2, 1, 0, 0, 0, 0, 1, 0, 0, 2, 0, 1, 0, 0, 1, 0, 2]|[4, 3, 2, 2, 0, 0, 2, 2, 2, 4, 1, 1, 2, 4, 4, 1, 2, 4, 2, 1, 1, 1, 1, 2, 1, 2, 1, 1, 1, 1, 3, 2, 3, 0, 4, 0, 1, 1, 0, 3, 2, 2, 4, 0, 1, 1, 0, 2, 0, 1, 2, 2, 1, 4, 0, 3, 2, 1, 1, 2, 1, 3, 1, 1, 1, 3, 0, 4, 3, 1, 4, 1, 1, 2, 4, 4, 2, 1, 1, 3, 1, 3, 1, 1, 1, 1, 1, 1, 2, 3, 1, 2, 1, 1, 1, 2, 2, 3, 2, 1]|[0, 2, 1, 1, 3, 3, 0, 1, 0, 0, 0, 0, 1, 0, 1, 0, 0, 3, 1, 0, 0, 0, 3, 1, 0, 2, 0, 0, 0, 1, 0, 0, 0, 0, 3, 0, 1, 0, 0, 2, 1, 1, 2, 0, 0, 0, 0, 1, 1, 0, 0, 0, 1, 3, 0, 0, 1, 0, 0, 1, 0, 2, 0, 1, 0, 2, 1, 0, 0, 1, 1, 3, 1, 1, 3, 3, 1, 0, 0, 2, 0, 0, 0, 0, 1, 0, 0, 0, 1, 2, 0, 1, 0, 1, 1, 0, 0, 0, 0, 0],802.1274951829081,57956.38699448537,89691.2003308727,false
29,G1_CMAX,G1_CMAX,[31, 22, 82, 15, 26, 99, 95, 42, 77, 12, 47, 5, 93, 78, 86, 54, 21, 63, 18, 44, 20, 35, 43, 97, 91, 76, 10, 30, 85, 45, 71, 64, 1, 23, 17, 83, 24, 14, 60, 36, 6, 57, 40, 88, 65, 56, 79, 94, 67, 68, 46, 75, 38, 9, 19, 32, 41, 81, 27, 87, 90, 58, 59, 11, 16, 72, 73, 70, 39, 37, 84, 3, 92, 25, 55, 48, 62, 29, 51, 7, 33, 61, 98, 28, 89, 50, 4, 96, 53, 80, 8, 66, 34, 49, 52, 0, 74, 69, 2, 13]|[1, 1, 0, 1, 1, 0, 1, 1, 2, 1, 2, 2, 2, 1, 1, 0, 0, 1, 0, 2, 2, 0, 1, 2, 0, 1, 2, 2, 0, 0, 1, 2, 1, 2, 1, 0, 2, 0, 1, 1, 0, 1, 1, 1, 0, 2, 1, 1, 0, 0, 0, 0, 1, 1, 2, 1, 0, 2, 0, 2, 1, 0, 1, 2, 1, 2, 1, 1, 1, 1, 1, 1, 0, 1, 2, 0, 0, 0, 0, 1, 2, 1, 2, 0, 1, 0, 1, 2, 0, 0, 1, 2, 2, 0, 1, 0, 2, 1, 0, 0]|[0, 3, 2, 2, 4, 1, 2, 3, 2, 4, 1, 1, 2, 4, 4, 1, 1, 4, 2, 1, 1, 1, 1, 2, 1, 2, 1, 1, 2, 1, 3, 2, 3, 1, 4, 0, 1, 1, 0, 3, 2, 2, 2, 0, 1, 1, 0, 4, 0, 1, 2, 2, 1, 4, 0, 3, 1, 1, 1, 1, 3, 1, 1, 1, 3, 0, 4, 3, 1, 4, 1, 1, 0, 4, 1, 1, 2, 1, 1, 1, 1, 3, 1, 2, 1, 1, 4, 1, 2, 1, 3, 1, 1, 1, 1, 2, 1, 4, 2, 2]|[0, 2, 1, 1, 3, 0, 1, 3, 0, 0, 0, 0, 1, 0, 1, 0, 0, 3, 1, 0, 0, 0, 3, 1, 0, 2, 0, 0, 0, 1, 0, 0, 0, 0, 3, 0, 1, 0, 0, 2, 1, 1, 1, 0, 0, 0, 0, 2, 1, 0, 0, 0, 1, 3, 0, 0, 0, 0, 0, 0, 2, 0, 1, 0, 2, 1, 0, 0, 1, 1, 3, 1, 1, 3, 0, 0, 1, 0, 0, 2, 0, 0, 0, 1, 1, 0, 0, 0, 1, 0, 2, 0, 0, 1, 1, 0, 0, 2, 0, 0],731.2476204416437,56806.84376103422,93275.64763277225,false
29,G4_BALANCED,G4_BALANCED,[31, 11, 82, 15, 26, 9, 95, 42, 77, 68, 47, 5, 93, 78, 86, 54, 85, 63, 18, 44, 20, 49, 36, 14, 74, 50, 53, 17, 21, 45, 71, 64, 3, 23, 30, 83, 24, 41, 60, 52, 65, 27, 90, 70, 39, 87, 48, 69, 99, 4, 46, 1, 13, 58, 97, 59, 28, 75, 73, 37, 35, 79, 22, 66, 76, 32, 40, 80, 96, 6, 16, 61, 33, 7, 57, 34, 12, 67, 10, 98, 56, 88, 29, 8, 91, 38, 19, 92, 43, 84, 51, 72, 81, 62, 2, 55, 0, 89, 94, 25]|[2, 1, 2, 1, 1, 2, 1, 1, 1, 1, 1, 0, 2, 2, 1, 2, 0, 0, 0, 2, 2, 1, 0, 2, 0, 2, 2, 1, 0, 1, 1, 1, 0, 0, 1, 0, 2, 1, 2, 2, 0, 0, 1, 1, 0, 2, 0, 2, 1, 0, 0, 2, 0, 0, 2, 0, 1, 1, 0, 0, 2, 1, 0, 2, 2, 0, 2, 2, 0, 1, 2, 1, 1, 2, 0, 1, 1, 1, 1, 2, 2, 1, 1, 0, 1, 0, 1, 0, 1, 0, 1, 1, 1, 1, 2, 0, 0, 1, 2, 1]|[0, 3, 0, 2, 4, 1, 4, 4, 2, 4, 3, 2, 1, 0, 2, 1, 1, 1, 2, 1, 1, 3, 0, 1, 0, 1, 1, 4, 1, 4, 3, 2, 2, 0, 4, 1, 1, 4, 0, 1, 2, 1, 4, 4, 1, 1, 0, 2, 3, 1, 2, 1, 2, 1, 1, 2, 4, 3, 0, 2, 2, 3, 1, 0, 1, 2, 0, 1, 2, 4, 1, 3, 4, 1, 2, 4, 3, 3, 3, 1, 1, 4, 3, 2, 3, 2, 4, 2, 4, 2, 3, 4, 1, 3, 1, 2, 2, 4, 1, 4]|[0, 2, 0, 1, 3, 0, 1, 3, 0, 0, 2, 0, 1, 0, 1, 0, 0, 0, 1, 0, 0, 2, 0, 0, 1, 0, 0, 3, 0, 1, 0, 2, 0, 1, 3, 0, 1, 3, 1, 0, 0, 0, 1, 3, 0, 0, 1, 0, 2, 0, 0, 0, 0, 0, 1, 0, 1, 0, 1, 1, 0, 2, 0, 0, 0, 0, 0, 0, 0, 2, 0, 0, 1, 0, 0, 1, 0, 0, 3, 0, 0, 1, 0, 0, 0, 0, 3, 0, 2, 0, 0, 2, 1, 0, 0, 0, 0, 1, 0, 3],843.8855010804491,52038.22615277176,107575.91746051938,false
29,G2_TEC,G2_TEC,[31, 22, 82, 15, 26, 9, 95, 42, 77, 68, 47, 5, 93, 78, 86, 54, 85, 63, 18, 44, 20, 49, 36, 14, 74, 50, 53, 17, 21, 28, 11, 64, 3, 23, 30, 83, 24, 41, 40, 52, 65, 27, 90, 70, 39, 87, 48, 69, 99, 4, 46, 1, 13, 58, 97, 59, 45, 8, 73, 37, 35, 79, 71, 66, 76, 32, 60, 80, 96, 6, 16, 61, 33, 7, 57, 34, 12, 67, 10, 98, 56, 88, 43, 75, 91, 38, 84, 92, 29, 19, 51, 72, 89, 25, 2, 55, 62, 81, 94, 0]|[2, 1, 2, 1, 1, 2, 1, 1, 1, 1, 1, 0, 2, 2, 1, 2, 0, 0, 0, 2, 2, 1, 0, 2, 0, 2, 2, 1, 0, 1, 1, 1, 0, 0, 1, 0, 2, 1, 2, 2, 0, 0, 1, 1, 0, 2, 0, 2, 1, 0, 0, 2, 0, 0, 2, 0, 1, 1, 0, 0, 2, 1, 1, 1, 2, 0, 2, 2, 0, 1, 2, 1, 1, 2, 0, 1, 2, 1, 1, 2, 2, 1, 1, 0, 1, 0, 0, 0, 1, 1, 1, 1, 1, 1, 2, 0, 1, 1, 2, 0]|[0, 3, 0, 3, 4, 1, 4, 4, 2, 4, 3, 2, 1, 0, 2, 1, 1, 1, 2, 1, 1, 3, 0, 1, 0, 1, 1, 4, 1, 4, 3, 2, 2, 0, 4, 1, 1, 4, 1, 1, 2, 1, 4, 4, 1, 1, 0, 2, 3, 2, 2, 1, 2, 1, 1, 2, 4, 3, 0, 2, 2, 3, 3, 1, 1, 2, 1, 1, 2, 4, 1, 3, 4, 1, 2, 4, 1, 3, 3, 1, 1, 4, 4, 2, 3, 2, 2, 2, 3, 4, 3, 4, 4, 4, 1, 2, 3, 4, 1, 2]|[0, 2, 0, 0, 3, 0, 1, 3, 0, 0, 2, 0, 1, 0, 1, 0, 0, 0, 1, 0, 0, 2, 0, 0, 1, 0, 0, 3, 0, 1, 0, 2, 0, 0, 3, 0, 1, 3, 0, 0, 0, 0, 1, 3, 0, 0, 1, 0, 2, 0, 0, 0, 0, 0, 1, 0, 1, 0, 1, 1, 0, 2, 0, 2, 0, 0, 0, 0, 0, 2, 0, 0, 1, 0, 0, 1, 0, 0, 3, 0, 0, 1, 2, 0, 0, 0, 0, 0, 3, 1, 0, 2, 1, 3, 0, 0, 0, 1, 0, 0],882.9438068981488,49877.554644704585,107717.62812963048,false
29,G3_TWC,G3_TWC,[31, 22, 82, 15, 26, 58, 95, 42, 77, 12, 47, 5, 93, 78, 98, 54, 85, 63, 18, 44, 20, 35, 43, 97, 91, 76, 10, 30, 21, 45, 71, 64, 1, 23, 17, 83, 24, 14, 60, 36, 6, 57, 94, 88, 65, 56, 79, 40, 67, 68, 46, 75, 38, 9, 19, 32, 81, 41, 27, 62, 87, 90, 99, 59, 11, 16, 72, 73, 70, 39, 37, 84, 3, 92, 25, 55, 28, 29, 51, 7, 33, 61, 86, 66, 89, 50, 48, 96, 53, 8, 80, 4, 34, 49, 52, 0, 13, 69, 2, 74]|[1, 1, 0, 1, 1, 1, 2, 1, 2, 1, 2, 2, 2, 1, 1, 0, 0, 1, 0, 2, 2, 0, 1, 2, 0, 1, 2, 2, 0, 0, 1, 2, 1, 2, 1, 0, 2, 0, 1, 1, 0, 1, 1, 1, 0, 2, 1, 1, 0, 0, 0, 0, 1, 1, 2, 1, 2, 0, 0, 0, 2, 1, 0, 1, 2, 1, 2, 1, 1, 1, 1, 1, 1, 0, 1, 1, 0, 0, 0, 1, 2, 1, 0, 2, 1, 0, 0, 0, 0, 1, 0, 0, 2, 0, 1, 0, 0, 1, 0, 2]|[4, 3, 2, 2, 0, 0, 2, 2, 2, 4, 1, 1, 2, 4, 4, 1, 2, 4, 2, 1, 1, 1, 1, 2, 1, 2, 1, 1, 1, 1, 3, 2, 3, 0, 4, 0, 1, 1, 0, 3, 2, 2, 4, 0, 1, 1, 0, 2, 0, 1, 2, 2, 1, 4, 0, 3, 2, 1, 1, 2, 1, 3, 1, 1, 1, 3, 0, 4, 3, 1, 4, 1, 1, 2, 4, 4, 2, 1, 1, 3, 1, 3, 1, 1, 1, 1, 1, 1, 2, 3, 1, 2, 1, 1, 1, 2, 2, 3, 2, 1]|[0, 2, 1, 1, 3, 3, 0, 1, 0, 0, 0, 0, 1, 0, 1, 0, 0, 3, 1, 0, 0, 0, 3, 1, 0, 2, 0, 0, 0, 1, 0, 0, 0, 0, 3, 0, 1, 0, 0, 2, 1, 1, 2, 0, 0, 0, 0, 1, 1, 0, 0, 0, 1, 3, 0, 0, 1, 0, 0, 1, 0, 2, 0, 1, 0, 2, 1, 0, 0, 1, 1, 3, 1, 1, 3, 3, 1, 0, 0, 2, 0, 0, 0, 0, 1, 0, 0, 0, 1, 2, 0, 1, 0, 1, 1, 0, 0, 0, 0, 0],802.1274951829081,57956.38699448537,89691.2003308727,false
29,G1_CMAX,G1_CMAX,[31, 22, 82, 15, 26, 99, 95, 42, 77, 12, 47, 5, 93, 78, 86, 54, 21, 63, 18, 44, 20, 35, 43, 97, 91, 76, 10, 30, 85, 45, 71, 64, 1, 23, 17, 83, 24, 14, 60, 36, 6, 57, 40, 88, 65, 56, 79, 94, 67, 68, 46, 75, 38, 9, 19, 32, 41, 81, 27, 87, 90, 58, 59, 11, 16, 72, 73, 70, 39, 37, 84, 3, 92, 25, 55, 48, 62, 29, 51, 7, 33, 61, 98, 28, 89, 50, 4, 96, 53, 80, 8, 66, 34, 49, 52, 0, 74, 69, 2, 13]|[1, 1, 0, 1, 1, 0, 1, 1, 2, 1, 2, 2, 2, 1, 1, 0, 0, 1, 0, 2, 2, 0, 1, 2, 0, 1, 2, 2, 0, 0, 1, 2, 1, 2, 1, 0, 2, 0, 1, 1, 0, 1, 1, 1, 0, 2, 1, 1, 0, 0, 0, 0, 1, 1, 2, 1, 0, 2, 0, 2, 1, 0, 1, 2, 1, 2, 1, 1, 1, 1, 1, 1, 0, 1, 2, 0, 0, 0, 0, 1, 2, 1, 2, 0, 1, 0, 1, 2, 0, 0, 1, 2, 2, 0, 1, 0, 2, 1, 0, 0]|[0, 3, 2, 2, 4, 1, 2, 3, 2, 4, 1, 1, 2, 4, 4, 1, 1, 4, 2, 1, 1, 1, 1, 2, 1, 2, 1, 1, 2, 1, 3, 2, 3, 1, 4, 0, 1, 1, 0, 3, 2, 2, 2, 0, 1, 1, 0, 4, 0, 1, 2, 2, 1, 4, 0, 3, 1, 1, 1, 1, 3, 1, 1, 1, 3, 0, 4, 3, 1, 4, 1, 1, 0, 4, 1, 1, 2, 1, 1, 1, 1, 3, 1, 2, 1, 1, 4, 1, 2, 1, 3, 1, 1, 1, 1, 2, 1, 4, 2, 2]|[0, 2, 1, 1, 3, 0, 1, 3, 0, 0, 0, 0, 1, 0, 1, 0, 0, 3, 1, 0, 0, 0, 3, 1, 0, 2, 0, 0, 0, 1, 0, 0, 0, 0, 3, 0, 1, 0, 0, 2, 1, 1, 1, 0, 0, 0, 0, 2, 1, 0, 0, 0, 1, 3, 0, 0, 0, 0, 0, 0, 2, 0, 1, 0, 2, 1, 0, 0, 1, 1, 3, 1, 1, 3, 0, 0, 1, 0, 0, 2, 0, 0, 0, 1, 1, 0, 0, 0, 1, 0, 2, 0, 0, 1, 1, 0, 0, 2, 0, 0],731.2476204416437,56806.84376103422,93275.64763277225,false
29,G4_BALANCED,G4_BALANCED,[31, 11, 82, 15, 26, 9, 95, 42, 77, 68, 47, 5, 93, 78, 86, 54, 85, 63, 18, 44, 20, 49, 36, 14, 74, 50, 53, 17, 21, 45, 71, 64, 3, 23, 30, 83, 24, 41, 60, 52, 65, 27, 90, 70, 39, 87, 48, 69, 99, 4, 46, 1, 13, 58, 97, 59, 28, 75, 73, 37, 35, 79, 22, 66, 76, 32, 40, 80, 96, 6, 16, 61, 33, 7, 57, 34, 12, 67, 10, 98, 56, 88, 29, 8, 91, 38, 19, 92, 43, 84, 51, 72, 81, 62, 2, 55, 0, 89, 94, 25]|[2, 1, 2, 1, 1, 2, 1, 1, 1, 1, 1, 0, 2, 2, 1, 2, 0, 0, 0, 2, 2, 1, 0, 2, 0, 2, 2, 1, 0, 1, 1, 1, 0, 0, 1, 0, 2, 1, 2, 2, 0, 0, 1, 1, 0, 2, 0, 2, 1, 0, 0, 2, 0, 0, 2, 0, 1, 1, 0, 0, 2, 1, 0, 2, 2, 0, 2, 2, 0, 1, 2, 1, 1, 2, 0, 1, 1, 1, 1, 2, 2, 1, 1, 0, 1, 0, 1, 0, 1, 0, 1, 1, 1, 1, 2, 0, 0, 1, 2, 1]|[0, 3, 0, 2, 4, 1, 4, 4, 2, 4, 3, 2, 1, 0, 2, 1, 1, 1, 2, 1, 1, 3, 0, 1, 0, 1, 1, 4, 1, 4, 3, 2, 2, 0, 4, 1, 1, 4, 0, 1, 2, 1, 4, 4, 1, 1, 0, 2, 3, 1, 2, 1, 2, 1, 1, 2, 4, 3, 0, 2, 2, 3, 1, 0, 1, 2, 0, 1, 2, 4, 1, 3, 4, 1, 2, 4, 3, 3, 3, 1, 1, 4, 3, 2, 3, 2, 4, 2, 4, 2, 3, 4, 1, 3, 1, 2, 2, 4, 1, 4]|[0, 2, 0, 1, 3, 0, 1, 3, 0, 0, 2, 0, 1, 0, 1, 0, 0, 0, 1, 0, 0, 2, 0, 0, 1, 0, 0, 3, 0, 1, 0, 2, 0, 1, 3, 0, 1, 3, 1, 0, 0, 0, 1, 3, 0, 0, 1, 0, 2, 0, 0, 0, 0, 0, 1, 0, 1, 0, 1, 1, 0, 2, 0, 0, 0, 0, 0, 0, 0, 2, 0, 0, 1, 0, 0, 1, 0, 0, 3, 0, 0, 1, 0, 0, 0, 0, 3, 0, 2, 0, 0, 2, 1, 0, 0, 0, 0, 1, 0, 3],843.8855010804491,52038.22615277176,107575.91746051938,false
29,G2_TEC,G2_TEC,[31, 22, 82, 15, 26, 9, 95, 42, 77, 68, 47, 5, 93, 78, 86, 54, 85, 63, 18, 44, 20, 49, 36, 14, 74, 50, 53, 17, 21, 28, 11, 64, 3, 23, 30, 83, 24, 41, 40, 52, 65, 27, 90, 70, 39, 87, 48, 69, 99, 4, 46, 1, 13, 58, 97, 59, 45, 8, 73, 37, 35, 79, 71, 66, 76, 32, 60, 80, 96, 6, 16, 61, 33, 7, 57, 34, 12, 67, 10, 98, 56, 88, 43, 75, 91, 38, 84, 92, 29, 19, 51, 72, 89, 25, 2, 55, 62, 81, 94, 0]|[2, 1, 2, 1, 1, 2, 1, 1, 1, 1, 1, 0, 2, 2, 1, 2, 0, 0, 0, 2, 2, 1, 0, 2, 0, 2, 2, 1, 0, 1, 1, 1, 0, 0, 1, 0, 2, 1, 2, 2, 0, 0, 1, 1, 0, 2, 0, 2, 1, 0, 0, 2, 0, 0, 2, 0, 1, 1, 0, 0, 2, 1, 1, 1, 2, 0, 2, 2, 0, 1, 2, 1, 1, 2, 0, 1, 2, 1, 1, 2, 2, 1, 1, 0, 1, 0, 0, 0, 1, 1, 1, 1, 1, 1, 2, 0, 1, 1, 2, 0]|[0, 3, 0, 3, 4, 1, 4, 4, 2, 4, 3, 2, 1, 0, 2, 1, 1, 1, 2, 1, 1, 3, 0, 1, 0, 1, 1, 4, 1, 4, 3, 2, 2, 0, 4, 1, 1, 4, 1, 1, 2, 1, 4, 4, 1, 1, 0, 2, 3, 2, 2, 1, 2, 1, 1, 2, 4, 3, 0, 2, 2, 3, 3, 1, 1, 2, 1, 1, 2, 4, 1, 3, 4, 1, 2, 4, 1, 3, 3, 1, 1, 4, 4, 2, 3, 2, 2, 2, 3, 4, 3, 4, 4, 4, 1, 2, 3, 4, 1, 2]|[0, 2, 0, 0, 3, 0, 1, 3, 0, 0, 2, 0, 1, 0, 1, 0, 0, 0, 1, 0, 0, 2, 0, 0, 1, 0, 0, 3, 0, 1, 0, 2, 0, 0, 3, 0, 1, 3, 0, 0, 0, 0, 1, 3, 0, 0, 1, 0, 2, 0, 0, 0, 0, 0, 1, 0, 1, 0, 1, 1, 0, 2, 0, 2, 0, 0, 0, 0, 0, 2, 0, 0, 1, 0, 0, 1, 0, 0, 3, 0, 0, 1, 2, 0, 0, 0, 0, 0, 3, 1, 0, 2, 1, 3, 0, 0, 0, 1, 0, 0],882.9438068981488,49877.554644704585,107717.62812963048,false
29,G3_TWC,G3_TWC,[31, 22, 82, 15, 26, 58, 95, 42, 77, 12, 47, 5, 93, 78, 98, 54, 85, 63, 18, 44, 20, 35, 43, 97, 91, 76, 10, 30, 21, 45, 71, 64, 1, 23, 17, 83, 24, 14, 60, 36, 6, 57, 94, 88, 65, 56, 79, 40, 67, 68, 46, 75, 38, 9, 19, 32, 81, 41, 27, 62, 87, 90, 99, 59, 11, 16, 72, 73, 70, 39, 37, 84, 3, 92, 25, 55, 28, 29, 51, 7, 33, 61, 86, 66, 89, 50, 48, 96, 53, 8, 80, 4, 34, 49, 52, 0, 13, 69, 2, 74]|[1, 1, 0, 1, 1, 1, 2, 1, 2, 1, 2, 2, 2, 1, 1, 0, 0, 1, 0, 2, 2, 0, 1, 2, 0, 1, 2, 2, 0, 0, 1, 2, 1, 2, 1, 0, 2, 0, 1, 1, 0, 1, 1, 1, 0, 2, 1, 1, 0, 0, 0, 0, 1, 1, 2, 1, 2, 0, 0, 0, 2, 1, 0, 1, 2, 1, 2, 1, 1, 1, 1, 1, 1, 0, 1, 1, 0, 0, 0, 1, 2, 1, 0, 2, 1, 0, 0, 0, 0, 1, 0, 0, 2, 0, 1, 0, 0, 1, 0, 2]|[4, 3, 2, 2, 0, 0, 2, 2, 2, 4, 1, 1, 2, 4, 4, 1, 2, 4, 2, 1, 1, 1, 1, 2, 1, 2, 1, 1, 1, 1, 3, 2, 3, 0, 4, 0, 1, 1, 0, 3, 2, 2, 4, 0, 1, 1, 0, 2, 0, 1, 2, 2, 1, 4, 0, 3, 2, 1, 1, 2, 1, 3, 1, 1, 1, 3, 0, 4, 3, 1, 4, 1, 1, 2, 4, 4, 2, 1, 1, 3, 1, 3, 1, 1, 1, 1, 1, 1, 2, 3, 1, 2, 1, 1, 1, 2, 2, 3, 2, 1]|[0, 2, 1, 1, 3, 3, 0, 1, 0, 0, 0, 0, 1, 0, 1, 0, 0, 3, 1, 0, 0, 0, 3, 1, 0, 2, 0, 0, 0, 1, 0, 0, 0, 0, 3, 0, 1, 0, 0, 2, 1, 1, 2, 0, 0, 0, 0, 1, 1, 0, 0, 0, 1, 3, 0, 0, 1, 0, 0, 1, 0, 2, 0, 1, 0, 2, 1, 0, 0, 1, 1, 3, 1, 1, 3, 3, 1, 0, 0, 2, 0, 0, 0, 0, 1, 0, 0, 0, 1, 2, 0, 1, 0, 1, 1, 0, 0, 0, 0, 0],802.1274951829081,57956.38699448537,89691.2003308727,false
29,G1_CMAX,G1_CMAX,[31, 22, 82, 15, 26, 99, 95, 42, 77, 12, 47, 5, 93, 78, 86, 54, 21, 63, 18, 44, 20, 35, 43, 97, 91, 76, 10, 30, 85, 45, 71, 64, 1, 23, 17, 83, 24, 14, 60, 36, 6, 57, 40, 88, 65, 56, 79, 94, 67, 68, 46, 75, 38, 9, 19, 32, 41, 81, 27, 87, 90, 58, 59, 11, 16, 72, 73, 70, 39, 37, 84, 3, 92, 25, 55, 48, 62, 29, 51, 7, 33, 61, 98, 28, 89, 50, 4, 96, 53, 80, 8, 66, 34, 49, 52, 0, 74, 69, 2, 13]|[1, 1, 0, 1, 1, 0, 1, 1, 2, 1, 2, 2, 2, 1, 1, 0, 0, 1, 0, 2, 2, 0, 1, 2, 0, 1, 2, 2, 0, 0, 1, 2, 1, 2, 1, 0, 2, 0, 1, 1, 0, 1, 1, 1, 0, 2, 1, 1, 0, 0, 0, 0, 1, 1, 2, 1, 0, 2, 0, 2, 1, 0, 1, 2, 1, 2, 1, 1, 1, 1, 1, 1, 0, 1, 2, 0, 0, 0, 0, 1, 2, 1, 2, 0, 1, 0, 1, 2, 0, 0, 1, 2, 2, 0, 1, 0, 2, 1, 0, 0]|[0, 3, 2, 2, 4, 1, 2, 3, 2, 4, 1, 1, 2, 4, 4, 1, 1, 4, 2, 1, 1, 1, 1, 2, 1, 2, 1, 1, 2, 1, 3, 2, 3, 1, 4, 0, 1, 1, 0, 3, 2, 2, 2, 0, 1, 1, 0, 4, 0, 1, 2, 2, 1, 4, 0, 3, 1, 1, 1, 1, 3, 1, 1, 1, 3, 0, 4, 3, 1, 4, 1, 1, 0, 4, 1, 1, 2, 1, 1, 1, 1, 3, 1, 2, 1, 1, 4, 1, 2, 1, 3, 1, 1, 1, 1, 2, 1, 4, 2, 2]|[0, 2, 1, 1, 3, 0, 1, 3, 0, 0, 0, 0, 1, 0, 1, 0, 0, 3, 1, 0, 0, 0, 3, 1, 0, 2, 0, 0, 0, 1, 0, 0, 0, 0, 3, 0, 1, 0, 0, 2, 1, 1, 1, 0, 0, 0, 0, 2, 1, 0, 0, 0, 1, 3, 0, 0, 0, 0, 0, 0, 2, 0, 1, 0, 2, 1, 0, 0, 1, 1, 3, 1, 1, 3, 0, 0, 1, 0, 0, 2, 0, 0, 0, 1, 1, 0, 0, 0, 1, 0, 2, 0, 0, 1, 1, 0, 0, 2, 0, 0],731.2476204416437,56806.84376103422,93275.64763277225,false
29,G4_BALANCED,G4_BALANCED,[31, 11, 82, 15, 26, 9, 95, 42, 77, 68, 47, 5, 93, 78, 86, 54, 85, 63, 18, 44, 20, 49, 36, 14, 74, 50, 53, 17, 21, 45, 71, 64, 3, 23, 30, 83, 24, 41, 60, 52, 65, 27, 90, 70, 39, 87, 48, 69, 99, 4, 46, 1, 13, 58, 97, 59, 28, 75, 73, 37, 35, 79, 22, 66, 76, 32, 40, 80, 96, 6, 16, 61, 33, 7, 57, 34, 12, 67, 10, 98, 56, 88, 29, 8, 91, 38, 19, 92, 43, 84, 51, 72, 81, 62, 2, 55, 0, 89, 94, 25]|[2, 1, 2, 1, 1, 2, 1, 1, 1, 1, 1, 0, 2, 2, 1, 2, 0, 0, 0, 2, 2, 1, 0, 2, 0, 2, 2, 1, 0, 1, 1, 1, 0, 0, 1, 0, 2, 1, 2, 2, 0, 0, 1, 1, 0, 2, 0, 2, 1, 0, 0, 2, 0, 0, 2, 0, 1, 1, 0, 0, 2, 1, 0, 2, 2, 0, 2, 2, 0, 1, 2, 1, 1, 2, 0, 1, 1, 1, 1, 2, 2, 1, 1, 0, 1, 0, 1, 0, 1, 0, 1, 1, 1, 1, 2, 0, 0, 1, 2, 1]|[0, 3, 0, 2, 4, 1, 4, 4, 2, 4, 3, 2, 1, 0, 2, 1, 1, 1, 2, 1, 1, 3, 0, 1, 0, 1, 1, 4, 1, 4, 3, 2, 2, 0, 4, 1, 1, 4, 0, 1, 2, 1, 4, 4, 1, 1, 0, 2, 3, 1, 2, 1, 2, 1, 1, 2, 4, 3, 0, 2, 2, 3, 1, 0, 1, 2, 0, 1, 2, 4, 1, 3, 4, 1, 2, 4, 3, 3, 3, 1, 1, 4, 3, 2, 3, 2, 4, 2, 4, 2, 3, 4, 1, 3, 1, 2, 2, 4, 1, 4]|[0, 2, 0, 1, 3, 0, 1, 3, 0, 0, 2, 0, 1, 0, 1, 0, 0, 0, 1, 0, 0, 2, 0, 0, 1, 0, 0, 3, 0, 1, 0, 2, 0, 1, 3, 0, 1, 3, 1, 0, 0, 0, 1, 3, 0, 0, 1, 0, 2, 0, 0, 0, 0, 0, 1, 0, 1, 0, 1, 1, 0, 2, 0, 0, 0, 0, 0, 0, 0, 2, 0, 0, 1, 0, 0, 1, 0, 0, 3, 0, 0, 1, 0, 0, 0, 0, 3, 0, 2, 0, 0, 2, 1, 0, 0, 0, 0, 1, 0, 3],843.8855010804491,52038.22615277176,107575.91746051938,false
29,G2_TEC,G2_TEC,[31, 22, 82, 15, 26, 9, 95, 42, 77, 68, 47, 5, 93, 78, 86, 54, 85, 63, 18, 44, 20, 49, 36, 14, 74, 50, 53, 17, 21, 28, 11, 64, 3, 23, 30, 83, 24, 41, 40, 52, 65, 27, 90, 70, 39, 87, 48, 69, 99, 4, 46, 1, 13, 58, 97, 59, 45, 8, 73, 37, 35, 79, 71, 66, 76, 32, 60, 80, 96, 6, 16, 61, 33, 7, 57, 34, 12, 67, 10, 98, 56, 88, 43, 75, 91, 38, 84, 92, 29, 19, 51, 72, 89, 25, 2, 55, 62, 81, 94, 0]|[2, 1, 2, 1, 1, 2, 1, 1, 1, 1, 1, 0, 2, 2, 1, 2, 0, 0, 0, 2, 2, 1, 0, 2, 0, 2, 2, 1, 0, 1, 1, 1, 0, 0, 1, 0, 2, 1, 2, 2, 0, 0, 1, 1, 0, 2, 0, 2, 1, 0, 0, 2, 0, 0, 2, 0, 1, 1, 0, 0, 2, 1, 1, 1, 2, 0, 2, 2, 0, 1, 2, 1, 1, 2, 0, 1, 2, 1, 1, 2, 2, 1, 1, 0, 1, 0, 0, 0, 1, 1, 1, 1, 1, 1, 2, 0, 1, 1, 2, 0]|[0, 3, 0, 3, 4, 1, 4, 4, 2, 4, 3, 2, 1, 0, 2, 1, 1, 1, 2, 1, 1, 3, 0, 1, 0, 1, 1, 4, 1, 4, 3, 2, 2, 0, 4, 1, 1, 4, 1, 1, 2, 1, 4, 4, 1, 1, 0, 2, 3, 2, 2, 1, 2, 1, 1, 2, 4, 3, 0, 2, 2, 3, 3, 1, 1, 2, 1, 1, 2, 4, 1, 3, 4, 1, 2, 4, 1, 3, 3, 1, 1, 4, 4, 2, 3, 2, 2, 2, 3, 4, 3, 4, 4, 4, 1, 2, 3, 4, 1, 2]|[0, 2, 0, 0, 3, 0, 1, 3, 0, 0, 2, 0, 1, 0, 1, 0, 0, 0, 1, 0, 0, 2, 0, 0, 1, 0, 0, 3, 0, 1, 0, 2, 0, 0, 3, 0, 1, 3, 0, 0, 0, 0, 1, 3, 0, 0, 1, 0, 2, 0, 0, 0, 0, 0, 1, 0, 1, 0, 1, 1, 0, 2, 0, 2, 0, 0, 0, 0, 0, 2, 0, 0, 1, 0, 0, 1, 0, 0, 3, 0, 0, 1, 2, 0, 0, 0, 0, 0, 3, 1, 0, 2, 1, 3, 0, 0, 0, 1, 0, 0],882.9438068981488,49877.554644704585,107717.62812963048,false
29,G3_TWC,G3_TWC,[31, 22, 82, 15, 26, 58, 95, 42, 77, 12, 47, 5, 93, 78, 98, 54, 85, 63, 18, 44, 20, 35, 43, 97, 91, 76, 10, 30, 21, 45, 71, 64, 1, 23, 17, 83, 24, 14, 60, 36, 6, 57, 94, 88, 65, 56, 79, 40, 67, 68, 46, 75, 38, 9, 19, 32, 81, 41, 27, 62, 87, 90, 99, 59, 11, 16, 72, 73, 70, 39, 37, 84, 3, 92, 25, 55, 28, 29, 51, 7, 33, 61, 86, 66, 89, 50, 48, 96, 53, 8, 80, 4, 34, 49, 52, 0, 13, 69, 2, 74]|[1, 1, 0, 1, 1, 1, 2, 1, 2, 1, 2, 2, 2, 1, 1, 0, 0, 1, 0, 2, 2, 0, 1, 2, 0, 1, 2, 2, 0, 0, 1, 2, 1, 2, 1, 0, 2, 0, 1, 1, 0, 1, 1, 1, 0, 2, 1, 1, 0, 0, 0, 0, 1, 1, 2, 1, 2, 0, 0, 0, 2, 1, 0, 1, 2, 1, 2, 1, 1, 1, 1, 1, 1, 0, 1, 1, 0, 0, 0, 1, 2, 1, 0, 2, 1, 0, 0, 0, 0, 1, 0, 0, 2, 0, 1, 0, 0, 1, 0, 2]|[4, 3, 2, 2, 0, 0, 2, 2, 2, 4, 1, 1, 2, 4, 4, 1, 2, 4, 2, 1, 1, 1, 1, 2, 1, 2, 1, 1, 1, 1, 3, 2, 3, 0, 4, 0, 1, 1, 0, 3, 2, 2, 4, 0, 1, 1, 0, 2, 0, 1, 2, 2, 1, 4, 0, 3, 2, 1, 1, 2, 1, 3, 1, 1, 1, 3, 0, 4, 3, 1, 4, 1, 1, 2, 4, 4, 2, 1, 1, 3, 1, 3, 1, 1, 1, 1, 1, 1, 2, 3, 1, 2, 1, 1, 1, 2, 2, 3, 2, 1]|[0, 2, 1, 1, 3, 3, 0, 1, 0, 0, 0, 0, 1, 0, 1, 0, 0, 3, 1, 0, 0, 0, 3, 1, 0, 2, 0, 0, 0, 1, 0, 0, 0, 0, 3, 0, 1, 0, 0, 2, 1, 1, 2, 0, 0, 0, 0, 1, 1, 0, 0, 0, 1, 3, 0, 0, 1, 0, 0, 1, 0, 2, 0, 1, 0, 2, 1, 0, 0, 1, 1, 3, 1, 1, 3, 3, 1, 0, 0, 2, 0, 0, 0, 0, 1, 0, 0, 0, 1, 2, 0, 1, 0, 1, 1, 0, 0, 0, 0, 0],802.1274951829081,57956.38699448537,89691.2003308727,false
29,G1_CMAX,G1_CMAX,[31, 22, 82, 15, 26, 99, 95, 42, 77, 12, 47, 5, 93, 78, 86, 54, 21, 63, 18, 44, 20, 35, 43, 97, 91, 76, 10, 30, 85, 45, 71, 64, 1, 23, 17, 83, 24, 14, 60, 36, 6, 57, 40, 88, 65, 56, 79, 94, 67, 68, 46, 75, 38, 9, 19, 32, 41, 81, 27, 87, 90, 58, 59, 11, 16, 72, 73, 70, 39, 37, 84, 3, 92, 25, 55, 48, 62, 29, 51, 7, 33, 61, 98, 28, 89, 50, 4, 96, 53, 80, 8, 66, 34, 49, 52, 0, 74, 69, 2, 13]|[1, 1, 0, 1, 1, 0, 1, 1, 2, 1, 2, 2, 2, 1, 1, 0, 0, 1, 0, 2, 2, 0, 1, 2, 0, 1, 2, 2, 0, 0, 1, 2, 1, 2, 1, 0, 2, 0, 1, 1, 0, 1, 1, 1, 0, 2, 1, 1, 0, 0, 0, 0, 1, 1, 2, 1, 0, 2, 0, 2, 1, 0, 1, 2, 1, 2, 1, 1, 1, 1, 1, 1, 0, 1, 2, 0, 0, 0, 0, 1, 2, 1, 2, 0, 1, 0, 1, 2, 0, 0, 1, 2, 2, 0, 1, 0, 2, 1, 0, 0]|[0, 3, 2, 2, 4, 1, 2, 3, 2, 4, 1, 1, 2, 4, 4, 1, 1, 4, 2, 1, 1, 1, 1, 2, 1, 2, 1, 1, 2, 1, 3, 2, 3, 1, 4, 0, 1, 1, 0, 3, 2, 2, 2, 0, 1, 1, 0, 4, 0, 1, 2, 2, 1, 4, 0, 3, 1, 1, 1, 1, 3, 1, 1, 1, 3, 0, 4, 3, 1, 4, 1, 1, 0, 4, 1, 1, 2, 1, 1, 1, 1, 3, 1, 2, 1, 1, 4, 1, 2, 1, 3, 1, 1, 1, 1, 2, 1, 4, 2, 2]|[0, 2, 1, 1, 3, 0, 1, 3, 0, 0, 0, 0, 1, 0, 1, 0, 0, 3, 1, 0, 0, 0, 3, 1, 0, 2, 0, 0, 0, 1, 0, 0, 0, 0, 3, 0, 1, 0, 0, 2, 1, 1, 1, 0, 0, 0, 0, 2, 1, 0, 0, 0, 1, 3, 0, 0, 0, 0, 0, 0, 2, 0, 1, 0, 2, 1, 0, 0, 1, 1, 3, 1, 1, 3, 0, 0, 1, 0, 0, 2, 0, 0, 0, 1, 1, 0, 0, 0, 1, 0, 2, 0, 0, 1, 1, 0, 0, 2, 0, 0],731.2476204416437,56806.84376103422,93275.64763277225,false
29,G4_BALANCED,G4_BALANCED,[31, 11, 82, 15, 26, 9, 95, 42, 77, 68, 47, 5, 93, 78, 86, 54, 85, 63, 18, 44, 20, 49, 36, 14, 74, 50, 53, 17, 21, 45, 71, 64, 3, 23, 30, 83, 24, 41, 60, 52, 65, 27, 90, 70, 39, 87, 48, 69, 99, 4, 46, 1, 13, 58, 97, 59, 28, 75, 73, 37, 35, 79, 22, 66, 76, 32, 40, 80, 96, 6, 16, 61, 33, 7, 57, 34, 12, 67, 10, 98, 56, 88, 29, 8, 91, 38, 19, 92, 43, 84, 51, 72, 81, 62, 2, 55, 0, 89, 94, 25]|[2, 1, 2, 1, 1, 2, 1, 1, 1, 1, 1, 0, 2, 2, 1, 2, 0, 0, 0, 2, 2, 1, 0, 2, 0, 2, 2, 1, 0, 1, 1, 1, 0, 0, 1, 0, 2, 1, 2, 2, 0, 0, 1, 1, 0, 2, 0, 2, 1, 0, 0, 2, 0, 0, 2, 0, 1, 1, 0, 0, 2, 1, 0, 2, 2, 0, 2, 2, 0, 1, 2, 1, 1, 2, 0, 1, 1, 1, 1, 2, 2, 1, 1, 0, 1, 0, 1, 0, 1, 0, 1, 1, 1, 1, 2, 0, 0, 1, 2, 1]|[0, 3, 0, 2, 4, 1, 4, 4, 2, 4, 3, 2, 1, 0, 2, 1, 1, 1, 2, 1, 1, 3, 0, 1, 0, 1, 1, 4, 1, 4, 3, 2, 2, 0, 4, 1, 1, 4, 0, 1, 2, 1, 4, 4, 1, 1, 0, 2, 3, 1, 2, 1, 2, 1, 1, 2, 4, 3, 0, 2, 2, 3, 1, 0, 1, 2, 0, 1, 2, 4, 1, 3, 4, 1, 2, 4, 3, 3, 3, 1, 1, 4, 3, 2, 3, 2, 4, 2, 4, 2, 3, 4, 1, 3, 1, 2, 2, 4, 1, 4]|[0, 2, 0, 1, 3, 0, 1, 3, 0, 0, 2, 0, 1, 0, 1, 0, 0, 0, 1, 0, 0, 2, 0, 0, 1, 0, 0, 3, 0, 1, 0, 2, 0, 1, 3, 0, 1, 3, 1, 0, 0, 0, 1, 3, 0, 0, 1, 0, 2, 0, 0, 0, 0, 0, 1, 0, 1, 0, 1, 1, 0, 2, 0, 0, 0, 0, 0, 0, 0, 2, 0, 0, 1, 0, 0, 1, 0, 0, 3, 0, 0, 1, 0, 0, 0, 0, 3, 0, 2, 0, 0, 2, 1, 0, 0, 0, 0, 1, 0, 3],843.8855010804491,52038.22615277176,107575.91746051938,false
29,G2_TEC,G2_TEC,[31, 22, 82, 15, 26, 9, 95, 42, 77, 68, 47, 5, 93, 78, 86, 54, 85, 63, 18, 44, 20, 49, 36, 14, 74, 50, 53, 17, 21, 28, 11, 64, 3, 23, 30, 83, 24, 41, 40, 52, 65, 27, 90, 70, 39, 87, 48, 69, 99, 4, 46, 1, 13, 58, 97, 59, 45, 8, 73, 37, 35, 79, 71, 66, 76, 32, 60, 80, 96, 6, 16, 61, 33, 7, 57, 34, 12, 67, 10, 98, 56, 88, 43, 75, 91, 38, 84, 92, 29, 19, 51, 72, 89, 25, 2, 55, 62, 81, 94, 0]|[2, 1, 2, 1, 1, 2, 1, 1, 1, 1, 1, 0, 2, 2, 1, 2, 0, 0, 0, 2, 2, 1, 0, 2, 0, 2, 2, 1, 0, 1, 1, 1, 0, 0, 1, 0, 2, 1, 2, 2, 0, 0, 1, 1, 0, 2, 0, 2, 1, 0, 0, 2, 0, 0, 2, 0, 1, 1, 0, 0, 2, 1, 1, 1, 2, 0, 2, 2, 0, 1, 2, 1, 1, 2, 0, 1, 2, 1, 1, 2, 2, 1, 1, 0, 1, 0, 0, 0, 1, 1, 1, 1, 1, 1, 2, 0, 1, 1, 2, 0]|[0, 3, 0, 3, 4, 1, 4, 4, 2, 4, 3, 2, 1, 0, 2, 1, 1, 1, 2, 1, 1, 3, 0, 1, 0, 1, 1, 4, 1, 4, 3, 2, 2, 0, 4, 1, 1, 4, 1, 1, 2, 1, 4, 4, 1, 1, 0, 2, 3, 2, 2, 1, 2, 1, 1, 2, 4, 3, 0, 2, 2, 3, 3, 1, 1, 2, 1, 1, 2, 4, 1, 3, 4, 1, 2, 4, 1, 3, 3, 1, 1, 4, 4, 2, 3, 2, 2, 2, 3, 4, 3, 4, 4, 4, 1, 2, 3, 4, 1, 2]|[0, 2, 0, 0, 3, 0, 1, 3, 0, 0, 2, 0, 1, 0, 1, 0, 0, 0, 1, 0, 0, 2, 0, 0, 1, 0, 0, 3, 0, 1, 0, 2, 0, 0, 3, 0, 1, 3, 0, 0, 0, 0, 1, 3, 0, 0, 1, 0, 2, 0, 0, 0, 0, 0, 1, 0, 1, 0, 1, 1, 0, 2, 0, 2, 0, 0, 0, 0, 0, 2, 0, 0, 1, 0, 0, 1, 0, 0, 3, 0, 0, 1, 2, 0, 0, 0, 0, 0, 3, 1, 0, 2, 1, 3, 0, 0, 0, 1, 0, 0],882.9438068981488,49877.554644704585,107717.62812963048,false
29,G3_TWC,G3_TWC,[31, 22, 82, 15, 26, 58, 95, 42, 77, 12, 47, 5, 93, 78, 98, 54, 85, 63, 18, 44, 20, 35, 43, 97, 91, 76, 10, 30, 21, 45, 71, 64, 1, 23, 17, 83, 24, 14, 60, 36, 6, 57, 94, 88, 65, 56, 79, 40, 67, 68, 46, 75, 38, 9, 19, 32, 81, 41, 27, 62, 87, 90, 99, 59, 11, 16, 72, 73, 70, 39, 37, 84, 3, 92, 25, 55, 28, 29, 51, 7, 33, 61, 86, 66, 89, 50, 48, 96, 53, 8, 80, 4, 34, 49, 52, 0, 13, 69, 2, 74]|[1, 1, 0, 1, 1, 1, 2, 1, 2, 1, 2, 2, 2, 1, 1, 0, 0, 1, 0, 2, 2, 0, 1, 2, 0, 1, 2, 2, 0, 0, 1, 2, 1, 2, 1, 0, 2, 0, 1, 1, 0, 1, 1, 1, 0, 2, 1, 1, 0, 0, 0, 0, 1, 1, 2, 1, 2, 0, 0, 0, 2, 1, 0, 1, 2, 1, 2, 1, 1, 1, 1, 1, 1, 0, 1, 1, 0, 0, 0, 1, 2, 1, 0, 2, 1, 0, 0, 0, 0, 1, 0, 0, 2, 0, 1, 0, 0, 1, 0, 2]|[4, 3, 2, 2, 0, 0, 2, 2, 2, 4, 1, 1, 2, 4, 4, 1, 2, 4, 2, 1, 1, 1, 1, 2, 1, 2, 1, 1, 1, 1, 3, 2, 3, 0, 4, 0, 1, 1, 0, 3, 2, 2, 4, 0, 1, 1, 0, 2, 0, 1, 2, 2, 1, 4, 0, 3, 2, 1, 1, 2, 1, 3, 1, 1, 1, 3, 0, 4, 3, 1, 4, 1, 1, 2, 4, 4, 2, 1, 1, 3, 1, 3, 1, 1, 1, 1, 1, 1, 2, 3, 1, 2, 1, 1, 1, 2, 2, 3, 2, 1]|[0, 2, 1, 1, 3, 3, 0, 1, 0, 0, 0, 0, 1, 0, 1, 0, 0, 3, 1, 0, 0, 0, 3, 1, 0, 2, 0, 0, 0, 1, 0, 0, 0, 0, 3, 0, 1, 0, 0, 2, 1, 1, 2, 0, 0, 0, 0, 1, 1, 0, 0, 0, 1, 3, 0, 0, 1, 0, 0, 1, 0, 2, 0, 1, 0, 2, 1, 0, 0, 1, 1, 3, 1, 1, 3, 3, 1, 0, 0, 2, 0, 0, 0, 0, 1, 0, 0, 0, 1, 2, 0, 1, 0, 1, 1, 0, 0, 0, 0, 0],802.1274951829081,57956.38699448537,89691.2003308727,false
29,G1_CMAX,G1_CMAX,[31, 22, 82, 15, 26, 99, 95, 42, 77, 12, 47, 5, 93, 78, 86, 54, 21, 63, 18, 44, 20, 35, 43, 97, 91, 76, 10, 30, 85, 45, 71, 64, 1, 23, 17, 83, 24, 14, 60, 36, 6, 57, 40, 88, 65, 56, 79, 94, 67, 68, 46, 75, 38, 9, 19, 32, 41, 81, 27, 87, 90, 58, 59, 11, 16, 72, 73, 70, 39, 37, 84, 3, 92, 25, 55, 48, 62, 29, 51, 7, 33, 61, 98, 28, 89, 50, 4, 96, 53, 80, 8, 66, 34, 49, 52, 0, 74, 69, 2, 13]|[1, 1, 0, 1, 1, 0, 1, 1, 2, 1, 2, 2, 2, 1, 1, 0, 0, 1, 0, 2, 2, 0, 1, 2, 0, 1, 2, 2, 0, 0, 1, 2, 1, 2, 1, 0, 2, 0, 1, 1, 0, 1, 1, 1, 0, 2, 1, 1, 0, 0, 0, 0, 1, 1, 2, 1, 0, 2, 0, 2, 1, 0, 1, 2, 1, 2, 1, 1, 1, 1, 1, 1, 0, 1, 2, 0, 0, 0, 0, 1, 2, 1, 2, 0, 1, 0, 1, 2, 0, 0, 1, 2, 2, 0, 1, 0, 2, 1, 0, 0]|[0, 3, 2, 2, 4, 1, 2, 3, 2, 4, 1, 1, 2, 4, 4, 1, 1, 4, 2, 1, 1, 1, 1, 2, 1, 2, 1, 1, 2, 1, 3, 2, 3, 1, 4, 0, 1, 1, 0, 3, 2, 2, 2, 0, 1, 1, 0, 4, 0, 1, 2, 2, 1, 4, 0, 3, 1, 1, 1, 1, 3, 1, 1, 1, 3, 0, 4, 3, 1, 4, 1, 1, 0, 4, 1, 1, 2, 1, 1, 1, 1, 3, 1, 2, 1, 1, 4, 1, 2, 1, 3, 1, 1, 1, 1, 2, 1, 4, 2, 2]|[0, 2, 1, 1, 3, 0, 1, 3, 0, 0, 0, 0, 1, 0, 1, 0, 0, 3, 1, 0, 0, 0, 3, 1, 0, 2, 0, 0, 0, 1, 0, 0, 0, 0, 3, 0, 1, 0, 0, 2, 1, 1, 1, 0, 0, 0, 0, 2, 1, 0, 0, 0, 1, 3, 0, 0, 0, 0, 0, 0, 2, 0, 1, 0, 2, 1, 0, 0, 1, 1, 3, 1, 1, 3, 0, 0, 1, 0, 0, 2, 0, 0, 0, 1, 1, 0, 0, 0, 1, 0, 2, 0, 0, 1, 1, 0, 0, 2, 0, 0],731.2476204416437,56806.84376103422,93275.64763277225,false
29,G4_BALANCED,G4_BALANCED,[31, 11, 82, 15, 26, 9, 95, 42, 77, 68, 47, 5, 93, 78, 86, 54, 85, 63, 18, 44, 20, 49, 36, 14, 74, 50, 53, 17, 21, 45, 71, 64, 3, 23, 30, 83, 24, 41, 60, 52, 65, 27, 90, 70, 39, 87, 48, 69, 99, 4, 46, 1, 13, 58, 97, 59, 28, 75, 73, 37, 35, 79, 22, 66, 76, 32, 40, 80, 96, 6, 16, 61, 33, 7, 57, 34, 12, 67, 10, 98, 56, 88, 29, 8, 91, 38, 19, 92, 43, 84, 51, 72, 81, 62, 2, 55, 0, 89, 94, 25]|[2, 1, 2, 1, 1, 2, 1, 1, 1, 1, 1, 0, 2, 2, 1, 2, 0, 0, 0, 2, 2, 1, 0, 2, 0, 2, 2, 1, 0, 1, 1, 1, 0, 0, 1, 0, 2, 1, 2, 2, 0, 0, 1, 1, 0, 2, 0, 2, 1, 0, 0, 2, 0, 0, 2, 0, 1, 1, 0, 0, 2, 1, 0, 2, 2, 0, 2, 2, 0, 1, 2, 1, 1, 2, 0, 1, 1, 1, 1, 2, 2, 1, 1, 0, 1, 0, 1, 0, 1, 0, 1, 1, 1, 1, 2, 0, 0, 1, 2, 1]|[0, 3, 0, 2, 4, 1, 4, 4, 2, 4, 3, 2, 1, 0, 2, 1, 1, 1, 2, 1, 1, 3, 0, 1, 0, 1, 1, 4, 1, 4, 3, 2, 2, 0, 4, 1, 1, 4, 0, 1, 2, 1, 4, 4, 1, 1, 0, 2, 3, 1, 2, 1, 2, 1, 1, 2, 4, 3, 0, 2, 2, 3, 1, 0, 1, 2, 0, 1, 2, 4, 1, 3, 4, 1, 2, 4, 3, 3, 3, 1, 1, 4, 3, 2, 3, 2, 4, 2, 4, 2, 3, 4, 1, 3, 1, 2, 2, 4, 1, 4]|[0, 2, 0, 1, 3, 0, 1, 3, 0, 0, 2, 0, 1, 0, 1, 0, 0, 0, 1, 0, 0, 2, 0, 0, 1, 0, 0, 3, 0, 1, 0, 2, 0, 1, 3, 0, 1, 3, 1, 0, 0, 0, 1, 3, 0, 0, 1, 0, 2, 0, 0, 0, 0, 0, 1, 0, 1, 0, 1, 1, 0, 2, 0, 0, 0, 0, 0, 0, 0, 2, 0, 0, 1, 0, 0, 1, 0, 0, 3, 0, 0, 1, 0, 0, 0, 0, 3, 0, 2, 0, 0, 2, 1, 0, 0, 0, 0, 1, 0, 3],843.8855010804491,52038.22615277176,107575.91746051938,false
29,G2_TEC,G2_TEC,[31, 22, 82, 15, 26, 9, 95, 42, 77, 68, 47, 5, 93, 78, 86, 54, 85, 63, 18, 44, 20, 49, 36, 14, 74, 50, 53, 17, 21, 28, 11, 64, 3, 23, 30, 83, 24, 41, 40, 52, 65, 27, 90, 70, 39, 87, 48, 69, 99, 4, 46, 1, 13, 58, 97, 59, 45, 8, 73, 37, 35, 79, 71, 66, 76, 32, 60, 80, 96, 6, 16, 61, 33, 7, 57, 34, 12, 67, 10, 98, 56, 88, 43, 75, 91, 38, 84, 92, 29, 19, 51, 72, 89, 25, 2, 55, 62, 81, 94, 0]|[2, 1, 2, 1, 1, 2, 1, 1, 1, 1, 1, 0, 2, 2, 1, 2, 0, 0, 0, 2, 2, 1, 0, 2, 0, 2, 2, 1, 0, 1, 1, 1, 0, 0, 1, 0, 2, 1, 2, 2, 0, 0, 1, 1, 0, 2, 0, 2, 1, 0, 0, 2, 0, 0, 2, 0, 1, 1, 0, 0, 2, 1, 1, 1, 2, 0, 2, 2, 0, 1, 2, 1, 1, 2, 0, 1, 2, 1, 1, 2, 2, 1, 1, 0, 1, 0, 0, 0, 1, 1, 1, 1, 1, 1, 2, 0, 1, 1, 2, 0]|[0, 3, 0, 3, 4, 1, 4, 4, 2, 4, 3, 2, 1, 0, 2, 1, 1, 1, 2, 1, 1, 3, 0, 1, 0, 1, 1, 4, 1, 4, 3, 2, 2, 0, 4, 1, 1, 4, 1, 1, 2, 1, 4, 4, 1, 1, 0, 2, 3, 2, 2, 1, 2, 1, 1, 2, 4, 3, 0, 2, 2, 3, 3, 1, 1, 2, 1, 1, 2, 4, 1, 3, 4, 1, 2, 4, 1, 3, 3, 1, 1, 4, 4, 2, 3, 2, 2, 2, 3, 4, 3, 4, 4, 4, 1, 2, 3, 4, 1, 2]|[0, 2, 0, 0, 3, 0, 1, 3, 0, 0, 2, 0, 1, 0, 1, 0, 0, 0, 1, 0, 0, 2, 0, 0, 1, 0, 0, 3, 0, 1, 0, 2, 0, 0, 3, 0, 1, 3, 0, 0, 0, 0, 1, 3, 0, 0, 1, 0, 2, 0, 0, 0, 0, 0, 1, 0, 1, 0, 1, 1, 0, 2, 0, 2, 0, 0, 0, 0, 0, 2, 0, 0, 1, 0, 0, 1, 0, 0, 3, 0, 0, 1, 2, 0, 0, 0, 0, 0, 3, 1, 0, 2, 1, 3, 0, 0, 0, 1, 0, 0],882.9438068981488,49877.554644704585,107717.62812963048,false
29,G3_TWC,G3_TWC,[31, 22, 82, 15, 26, 58, 95, 42, 77, 12, 47, 5, 93, 78, 98, 54, 85, 63, 18, 44, 20, 35, 43, 97, 91, 76, 10, 30, 21, 45, 71, 64, 1, 23, 17, 83, 24, 14, 60, 36, 6, 57, 94, 88, 65, 56, 79, 40, 67, 68, 46, 75, 38, 9, 19, 32, 81, 41, 27, 62, 87, 90, 99, 59, 11, 16, 72, 73, 70, 39, 37, 84, 3, 92, 25, 55, 28, 29, 51, 7, 33, 61, 86, 66, 89, 50, 48, 96, 53, 8, 80, 4, 34, 49, 52, 0, 13, 69, 2, 74]|[1, 1, 0, 1, 1, 1, 2, 1, 2, 1, 2, 2, 2, 1, 1, 0, 0, 1, 0, 2, 2, 0, 1, 2, 0, 1, 2, 2, 0, 0, 1, 2, 1, 2, 1, 0, 2, 0, 1, 1, 0, 1, 1, 1, 0, 2, 1, 1, 0, 0, 0, 0, 1, 1, 2, 1, 2, 0, 0, 0, 2, 1, 0, 1, 2, 1, 2, 1, 1, 1, 1, 1, 1, 0, 1, 1, 0, 0, 0, 1, 2, 1, 0, 2, 1, 0, 0, 0, 0, 1, 0, 0, 2, 0, 1, 0, 0, 1, 0, 2]|[4, 3, 2, 2, 0, 0, 2, 2, 2, 4, 1, 1, 2, 4, 4, 1, 2, 4, 2, 1, 1, 1, 1, 2, 1, 2, 1, 1, 1, 1, 3, 2, 3, 0, 4, 0, 1, 1, 0, 3, 2, 2, 4, 0, 1, 1, 0, 2, 0, 1, 2, 2, 1, 4, 0, 3, 2, 1, 1, 2, 1, 3, 1, 1, 1, 3, 0, 4, 3, 1, 4, 1, 1, 2, 4, 4, 2, 1, 1, 3, 1, 3, 1, 1, 1, 1, 1, 1, 2, 3, 1, 2, 1, 1, 1, 2, 2, 3, 2, 1]|[0, 2, 1, 1, 3, 3, 0, 1, 0, 0, 0, 0, 1, 0, 1, 0, 0, 3, 1, 0, 0, 0, 3, 1, 0, 2, 0, 0, 0, 1, 0, 0, 0, 0, 3, 0, 1, 0, 0, 2, 1, 1, 2, 0, 0, 0, 0, 1, 1, 0, 0, 0, 1, 3, 0, 0, 1, 0, 0, 1, 0, 2, 0, 1, 0, 2, 1, 0, 0, 1, 1, 3, 1, 1, 3, 3, 1, 0, 0, 2, 0, 0, 0, 0, 1, 0, 0, 0, 1, 2, 0, 1, 0, 1, 1, 0, 0, 0, 0, 0],802.1274951829081,57956.38699448537,89691.2003308727,false
29,G1_CMAX,G1_CMAX,[31, 22, 82, 15, 26, 99, 95, 42, 77, 12, 47, 5, 93, 78, 86, 54, 21, 63, 18, 44, 20, 35, 43, 97, 91, 76, 10, 30, 85, 45, 71, 64, 1, 23, 17, 83, 24, 14, 60, 36, 6, 57, 40, 88, 65, 56, 79, 94, 67, 68, 46, 75, 38, 9, 19, 32, 41, 81, 27, 87, 90, 58, 59, 11, 16, 72, 73, 70, 39, 37, 84, 3, 92, 25, 55, 48, 62, 29, 51, 7, 33, 61, 98, 28, 89, 50, 4, 96, 53, 80, 8, 66, 34, 49, 52, 0, 74, 69, 2, 13]|[1, 1, 0, 1, 1, 0, 1, 1, 2, 1, 2, 2, 2, 1, 1, 0, 0, 1, 0, 2, 2, 0, 1, 2, 0, 1, 2, 2, 0, 0, 1, 2, 1, 2, 1, 0, 2, 0, 1, 1, 0, 1, 1, 1, 0, 2, 1, 1, 0, 0, 0, 0, 1, 1, 2, 1, 0, 2, 0, 2, 1, 0, 1, 2, 1, 2, 1, 1, 1, 1, 1, 1, 0, 1, 2, 0, 0, 0, 0, 1, 2, 1, 2, 0, 1, 0, 1, 2, 0, 0, 1, 2, 2, 0, 1, 0, 2, 1, 0, 0]|[0, 3, 2, 2, 4, 1, 2, 3, 2, 4, 1, 1, 2, 4, 4, 1, 1, 4, 2, 1, 1, 1, 1, 2, 1, 2, 1, 1, 2, 1, 3, 2, 3, 1, 4, 0, 1, 1, 0, 3, 2, 2, 2, 0, 1, 1, 0, 4, 0, 1, 2, 2, 1, 4, 0, 3, 1, 1, 1, 1, 3, 1, 1, 1, 3, 0, 4, 3, 1, 4, 1, 1, 0, 4, 1, 1, 2, 1, 1, 1, 1, 3, 1, 2, 1, 1, 4, 1, 2, 1, 3, 1, 1, 1, 1, 2, 1, 4, 2, 2]|[0, 2, 1, 1, 3, 0, 1, 3, 0, 0, 0, 0, 1, 0, 1, 0, 0, 3, 1, 0, 0, 0, 3, 1, 0, 2, 0, 0, 0, 1, 0, 0, 0, 0, 3, 0, 1, 0, 0, 2, 1, 1, 1, 0, 0, 0, 0, 2, 1, 0, 0, 0, 1, 3, 0, 0, 0, 0, 0, 0, 2, 0, 1, 0, 2, 1, 0, 0, 1, 1, 3, 1, 1, 3, 0, 0, 1, 0, 0, 2, 0, 0, 0, 1, 1, 0, 0, 0, 1, 0, 2, 0, 0, 1, 1, 0, 0, 2, 0, 0],731.2476204416437,56806.84376103422,93275.64763277225,false
29,G4_BALANCED,G4_BALANCED,[31, 11, 15, 82, 26, 9, 95, 32, 77, 68, 47, 5, 93, 78, 86, 54, 85, 63, 18, 44, 20, 49, 36, 14, 74, 50, 53, 17, 21, 45, 71, 64, 3, 23, 30, 83, 24, 41, 60, 52, 65, 27, 90, 70, 39, 87, 48, 69, 99, 4, 46, 1, 13, 58, 97, 59, 28, 75, 73, 37, 35, 40, 22, 66, 76, 42, 79, 80, 96, 6, 16, 61, 33, 7, 57, 34, 12, 67, 10, 98, 88, 56, 29, 8, 91, 38, 72, 92, 43, 84, 51, 19, 81, 25, 2, 55, 94, 89, 62, 0]|[2, 1, 1, 1, 1, 2, 1, 1, 1, 1, 1, 0, 2, 2, 1, 2, 0, 0, 0, 2, 2, 1, 0, 2, 0, 2, 2, 1, 0, 1, 1, 1, 0, 0, 1, 0, 2, 1, 2, 2, 0, 0, 1, 1, 0, 2, 0, 1, 1, 0, 0, 2, 0, 0, 2, 0, 1, 0, 0, 0, 1, 2, 0, 2, 2, 0, 1, 2, 0, 1, 2, 1, 1, 2, 0, 1, 1, 1, 1, 2, 2, 2, 1, 1, 1, 0, 1, 0, 1, 0, 1, 1, 1, 1, 2, 0, 2, 1, 1, 0]|[0, 3, 2, 3, 4, 1, 4, 4, 2, 4, 3, 2, 1, 0, 2, 1, 1, 1, 2, 1, 1, 3, 0, 1, 0, 1, 1, 4, 1, 4, 3, 2, 2, 0, 4, 1, 1, 4, 0, 1, 2, 1, 4, 4, 1, 1, 0, 4, 3, 1, 2, 1, 2, 1, 1, 2, 4, 2, 0, 2, 3, 0, 1, 0, 1, 2, 3, 1, 2, 4, 1, 3, 4, 1, 2, 4, 3, 3, 3, 1, 1, 1, 3, 3, 3, 2, 4, 2, 4, 2, 3, 4, 1, 4, 1, 2, 1, 4, 3, 2]|[0, 2, 1, 0, 3, 0, 1, 3, 0, 0, 2, 0, 1, 0, 1, 0, 0, 0, 1, 0, 0, 2, 0, 0, 1, 0, 0, 3, 0, 1, 0, 2, 0, 1, 3, 0, 1, 3, 1, 0, 0, 0, 1, 3, 0, 0, 1, 1, 2, 0, 0, 0, 0, 0, 1, 0, 1, 0, 1, 1, 0, 0, 0, 0, 0, 0, 2, 0, 0, 2, 0, 0, 1, 0, 0, 1, 0, 0, 3, 0, 0, 0, 0, 0, 0, 0, 2, 0, 2, 0, 0, 1, 1, 3, 0, 0, 0, 1, 0, 0],886.5266578569763,51989.75967332948,105039.51838824725,false
29,G2_TEC,G2_TEC,[31, 22, 82, 15, 26, 9, 95, 42, 77, 68, 47, 5, 93, 78, 86, 54, 85, 63, 18, 44, 20, 49, 36, 14, 74, 50, 53, 17, 21, 28, 11, 64, 3, 23, 30, 83, 24, 41, 40, 52, 65, 27, 90, 70, 39, 87, 48, 69, 99, 4, 46, 1, 13, 58, 97, 59, 45, 8, 73, 37, 35, 79, 71, 66, 76, 32, 60, 80, 96, 6, 16, 61, 33, 7, 57, 34, 12, 67, 10, 98, 56, 88, 43, 75, 91, 38, 84, 92, 29, 19, 51, 72, 89, 25, 2, 55, 62, 81, 94, 0]|[2, 1, 2, 1, 1, 2, 1, 1, 1, 1, 1, 0, 2, 2, 1, 2, 0, 0, 0, 2, 2, 1, 0, 2, 0, 2, 2, 1, 0, 1, 1, 1, 0, 0, 1, 0, 2, 1, 2, 2, 0, 0, 1, 1, 0, 2, 0, 2, 1, 0, 0, 2, 0, 0, 2, 0, 1, 1, 0, 0, 2, 1, 1, 1, 2, 0, 2, 2, 0, 1, 2, 1, 1, 2, 0, 1, 2, 1, 1, 2, 2, 1, 1, 0, 1, 0, 0, 0, 1, 1, 1, 1, 1, 1, 2, 0, 1, 1, 2, 0]|[0, 3, 0, 3, 4, 1, 4, 4, 2, 4, 3, 2, 1, 0, 2, 1, 1, 1, 2, 1, 1, 3, 0, 1, 0, 1, 1, 4, 1, 4, 3, 2, 2, 0, 4, 1, 1, 4, 1, 1, 2, 1, 4, 4, 1, 1, 0, 2, 3, 2, 2, 1, 2, 1, 1, 2, 4, 3, 0, 2, 2, 3, 3, 1, 1, 2, 1, 1, 2, 4, 1, 3, 4, 1, 2, 4, 1, 3, 3, 1, 1, 4, 4, 2, 3, 2, 2, 2, 3, 4, 3, 4, 4, 4, 1, 2, 3, 4, 1, 2]|[0, 2, 0, 0, 3, 0, 1, 3, 0, 0, 2, 0, 1, 0, 1, 0, 0, 0, 1, 0, 0, 2, 0, 0, 1, 0, 0, 3, 0, 1, 0, 2, 0, 0, 3, 0, 1, 3, 0, 0, 0, 0, 1, 3, 0, 0, 1, 0, 2, 0, 0, 0, 0, 0, 1, 0, 1, 0, 1, 1, 0, 2, 0, 2, 0, 0, 0, 0, 0, 2, 0, 0, 1, 0, 0, 1, 0, 0, 3, 0, 0, 1, 2, 0, 0, 0, 0, 0, 3, 1, 0, 2, 1, 3, 0, 0, 0, 1, 0, 0],882.9438068981488,49877.554644704585,107717.62812963048,false
29,G3_TWC,G3_TWC,[31, 22, 82, 15, 26, 58, 95, 42, 77, 12, 47, 5, 93, 78, 98, 54, 85, 63, 18, 44, 20, 35, 43, 97, 91, 76, 10, 30, 21, 45, 71, 64, 1, 23, 17, 83, 24, 14, 60, 36, 6, 57, 94, 88, 65, 56, 79, 40, 67, 68, 46, 75, 38, 9, 19, 32, 81, 41, 27, 62, 87, 90, 99, 59, 11, 16, 72, 73, 70, 39, 37, 84, 3, 92, 25, 55, 28, 29, 51, 7, 33, 61, 86, 66, 89, 50, 48, 96, 53, 8, 80, 4, 34, 49, 52, 0, 13, 69, 2, 74]|[1, 1, 0, 1, 1, 1, 2, 1, 2, 1, 2, 2, 2, 1, 1, 0, 0, 1, 0, 2, 2, 0, 1, 2, 0, 1, 2, 2, 0, 0, 1, 2, 1, 2, 1, 0, 2, 0, 1, 1, 0, 1, 1, 1, 0, 2, 1, 1, 0, 0, 0, 0, 1, 1, 2, 1, 2, 0, 0, 0, 2, 1, 0, 1, 2, 1, 2, 1, 1, 1, 1, 1, 1, 0, 1, 1, 0, 0, 0, 1, 2, 1, 0, 2, 1, 0, 0, 0, 0, 1, 0, 0, 2, 0, 1, 0, 0, 1, 0, 2]|[4, 3, 2, 2, 0, 0, 2, 2, 2, 4, 1, 1, 2, 4, 4, 1, 2, 4, 2, 1, 1, 1, 1, 2, 1, 2, 1, 1, 1, 1, 3, 2, 3, 0, 4, 0, 1, 1, 0, 3, 2, 2, 4, 0, 1, 1, 0, 2, 0, 1, 2, 2, 1, 4, 0, 3, 2, 1, 1, 2, 1, 3, 1, 1, 1, 3, 0, 4, 3, 1, 4, 1, 1, 2, 4, 4, 2, 1, 1, 3, 1, 3, 1, 1, 1, 1, 1, 1, 2, 3, 1, 2, 1, 1, 1, 2, 2, 3, 2, 1]|[0, 2, 1, 1, 3, 3, 0, 1, 0, 0, 0, 0, 1, 0, 1, 0, 0, 3, 1, 0, 0, 0, 3, 1, 0, 2, 0, 0, 0, 1, 0, 0, 0, 0, 3, 0, 1, 0, 0, 2, 1, 1, 2, 0, 0, 0, 0, 1, 1, 0, 0, 0, 1, 3, 0, 0, 1, 0, 0, 1, 0, 2, 0, 1, 0, 2, 1, 0, 0, 1, 1, 3, 1, 1, 3, 3, 1, 0, 0, 2, 0, 0, 0, 0, 1, 0, 0, 0, 1, 2, 0, 1, 0, 1, 1, 0, 0, 0, 0, 0],802.1274951829081,57956.38699448537,89691.2003308727,false
29,G1_CMAX,G1_CMAX,[31, 22, 82, 15, 26, 99, 95, 42, 77, 12, 47, 5, 93, 78, 86, 54, 21, 63, 18, 44, 20, 35, 43, 97, 91, 76, 10, 30, 85, 45, 71, 64, 1, 23, 17, 83, 24, 14, 60, 36, 6, 57, 40, 88, 65, 56, 79, 94, 67, 68, 46, 75, 38, 9, 19, 32, 41, 81, 27, 87, 90, 58, 59, 11, 16, 72, 73, 70, 39, 37, 84, 3, 92, 25, 55, 48, 62, 29, 51, 7, 33, 61, 98, 28, 89, 50, 4, 96, 53, 80, 8, 66, 34, 49, 52, 0, 74, 69, 2, 13]|[1, 1, 0, 1, 1, 0, 1, 1, 2, 1, 2, 2, 2, 1, 1, 0, 0, 1, 0, 2, 2, 0, 1, 2, 0, 1, 2, 2, 0, 0, 1, 2, 1, 2, 1, 0, 2, 0, 1, 1, 0, 1, 1, 1, 0, 2, 1, 1, 0, 0, 0, 0, 1, 1, 2, 1, 0, 2, 0, 2, 1, 0, 1, 2, 1, 2, 1, 1, 1, 1, 1, 1, 0, 1, 2, 0, 0, 0, 0, 1, 2, 1, 2, 0, 1, 0, 1, 2, 0, 0, 1, 2, 2, 0, 1, 0, 2, 1, 0, 0]|[0, 3, 2, 2, 4, 1, 2, 3, 2, 4, 1, 1, 2, 4, 4, 1, 1, 4, 2, 1, 1, 1, 1, 2, 1, 2, 1, 1, 2, 1, 3, 2, 3, 1, 4, 0, 1, 1, 0, 3, 2, 2, 2, 0, 1, 1, 0, 4, 0, 1, 2, 2, 1, 4, 0, 3, 1, 1, 1, 1, 3, 1, 1, 1, 3, 0, 4, 3, 1, 4, 1, 1, 0, 4, 1, 1, 2, 1, 1, 1, 1, 3, 1, 2, 1, 1, 4, 1, 2, 1, 3, 1, 1, 1, 1, 2, 1, 4, 2, 2]|[0, 2, 1, 1, 3, 0, 1, 3, 0, 0, 0, 0, 1, 0, 1, 0, 0, 3, 1, 0, 0, 0, 3, 1, 0, 2, 0, 0, 0, 1, 0, 0, 0, 0, 3, 0, 1, 0, 0, 2, 1, 1, 1, 0, 0, 0, 0, 2, 1, 0, 0, 0, 1, 3, 0, 0, 0, 0, 0, 0, 2, 0, 1, 0, 2, 1, 0, 0, 1, 1, 3, 1, 1, 3, 0, 0, 1, 0, 0, 2, 0, 0, 0, 1, 1, 0, 0, 0, 1, 0, 2, 0, 0, 1, 1, 0, 0, 2, 0, 0],731.2476204416437,56806.84376103422,93275.64763277225,false
29,G4_BALANCED,G4_BALANCED,[31, 11, 15, 82, 26, 9, 95, 32, 77, 68, 47, 5, 93, 78, 86, 54, 85, 63, 18, 44, 20, 49, 36, 14, 74, 50, 53, 17, 21, 45, 71, 64, 3, 23, 30, 83, 24, 41, 60, 52, 65, 27, 90, 70, 39, 87, 48, 69, 99, 4, 46, 1, 13, 58, 97, 59, 28, 75, 73, 37, 35, 40, 22, 66, 76, 42, 79, 80, 96, 6, 16, 61, 33, 7, 57, 34, 12, 67, 10, 98, 88, 56, 29, 8, 91, 38, 72, 92, 43, 84, 51, 19, 81, 25, 2, 55, 94, 89, 62, 0]|[2, 1, 1, 1, 1, 2, 1, 1, 1, 1, 1, 0, 2, 2, 1, 2, 0, 0, 0, 2, 2, 1, 0, 2, 0, 2, 2, 1, 0, 1, 1, 1, 0, 0, 1, 0, 2, 1, 2, 2, 0, 0, 1, 1, 0, 2, 0, 1, 1, 0, 0, 2, 0, 0, 2, 0, 1, 0, 0, 0, 1, 2, 0, 2, 2, 0, 1, 2, 0, 1, 2, 1, 1, 2, 0, 1, 1, 1, 1, 2, 2, 2, 1, 1, 1, 0, 1, 0, 1, 0, 1, 1, 1, 1, 2, 0, 2, 1, 1, 0]|[0, 3, 2, 3, 4, 1, 4, 4, 2, 4, 3, 2, 1, 0, 2, 1, 1, 1, 2, 1, 1, 3, 0, 1, 0, 1, 1, 4, 1, 4, 3, 2, 2, 0, 4, 1, 1, 4, 0, 1, 2, 1, 4, 4, 1, 1, 0, 4, 3, 1, 2, 1, 2, 1, 1, 2, 4, 2, 0, 2, 3, 0, 1, 0, 1, 2, 3, 1, 2, 4, 1, 3, 4, 1, 2, 4, 3, 3, 3, 1, 1, 1, 3, 3, 3, 2, 4, 2, 4, 2, 3, 4, 1, 4, 1, 2, 1, 4, 3, 2]|[0, 2, 1, 0, 3, 0, 1, 3, 0, 0, 2, 0, 1, 0, 1, 0, 0, 0, 1, 0, 0, 2, 0, 0, 1, 0, 0, 3, 0, 1, 0, 2, 0, 1, 3, 0, 1, 3, 1, 0, 0, 0, 1, 3, 0, 0, 1, 1, 2, 0, 0, 0, 0, 0, 1, 0, 1, 0, 1, 1, 0, 0, 0, 0, 0, 0, 2, 0, 0, 2, 0, 0, 1, 0, 0, 1, 0, 0, 3, 0, 0, 0, 0, 0, 0, 0, 2, 0, 2, 0, 0, 1, 1, 3, 0, 0, 0, 1, 0, 0],886.5266578569763,51989.75967332948,105039.51838824725,false
29,G2_TEC,G2_TEC,[31, 22, 82, 15, 26, 9, 95, 42, 77, 68, 47, 5, 93, 78, 86, 54, 85, 63, 18, 44, 20, 49, 36, 14, 74, 50, 53, 17, 21, 28, 11, 64, 3, 23, 30, 83, 24, 41, 40, 52, 65, 27, 90, 70, 39, 87, 48, 69, 99, 4, 46, 1, 13, 58, 97, 59, 45, 8, 73, 37, 35, 79, 71, 66, 76, 32, 60, 80, 96, 6, 16, 61, 33, 7, 57, 34, 12, 67, 10, 98, 56, 88, 43, 75, 91, 38, 84, 92, 29, 19, 51, 72, 89, 25, 2, 55, 62, 81, 94, 0]|[2, 1, 2, 1, 1, 2, 1, 1, 1, 1, 1, 0, 2, 2, 1, 2, 0, 0, 0, 2, 2, 1, 0, 2, 0, 2, 2, 1, 0, 1, 1, 1, 0, 0, 1, 0, 2, 1, 2, 2, 0, 0, 1, 1, 0, 2, 0, 2, 1, 0, 0, 2, 0, 0, 2, 0, 1, 1, 0, 0, 2, 1, 1, 1, 2, 0, 2, 2, 0, 1, 2, 1, 1, 2, 0, 1, 2, 1, 1, 2, 2, 1, 1, 0, 1, 0, 0, 0, 1, 1, 1, 1, 1, 1, 2, 0, 1, 1, 2, 0]|[0, 3, 0, 3, 4, 1, 4, 4, 2, 4, 3, 2, 1, 0, 2, 1, 1, 1, 2, 1, 1, 3, 0, 1, 0, 1, 1, 4, 1, 4, 3, 2, 2, 0, 4, 1, 1, 4, 1, 1, 2, 1, 4, 4, 1, 1, 0, 2, 3, 2, 2, 1, 2, 1, 1, 2, 4, 3, 0, 2, 2, 3, 3, 1, 1, 2, 1, 1, 2, 4, 1, 3, 4, 1, 2, 4, 1, 3, 3, 1, 1, 4, 4, 2, 3, 2, 2, 2, 3, 4, 3, 4, 4, 4, 1, 2, 3, 4, 1, 2]|[0, 2, 0, 0, 3, 0, 1, 3, 0, 0, 2, 0, 1, 0, 1, 0, 0, 0, 1, 0, 0, 2, 0, 0, 1, 0, 0, 3, 0, 1, 0, 2, 0, 0, 3, 0, 1, 3, 0, 0, 0, 0, 1, 3, 0, 0, 1, 0, 2, 0, 0, 0, 0, 0, 1, 0, 1, 0, 1, 1, 0, 2, 0, 2, 0, 0, 0, 0, 0, 2, 0, 0, 1, 0, 0, 1, 0, 0, 3, 0, 0, 1, 2, 0, 0, 0, 0, 0, 3, 1, 0, 2, 1, 3, 0, 0, 0, 1, 0, 0],882.9438068981488,49877.554644704585,107717.62812963048,false
29,G3_TWC,G3_TWC,[31, 22, 82, 15, 26, 58, 95, 42, 77, 12, 47, 5, 93, 78, 98, 54, 85, 63, 18, 44, 20, 35, 43, 97, 91, 76, 10, 30, 21, 45, 71, 64, 1, 23, 17, 83, 24, 14, 60, 36, 6, 57, 94, 88, 65, 56, 79, 40, 67, 68, 46, 75, 38, 9, 19, 32, 81, 41, 27, 62, 87, 90, 99, 59, 11, 16, 72, 73, 70, 39, 37, 84, 3, 92, 25, 55, 28, 29, 51, 7, 33, 61, 86, 66, 89, 50, 48, 96, 53, 8, 80, 4, 34, 49, 52, 0, 13, 69, 2, 74]|[1, 1, 0, 1, 1, 1, 2, 1, 2, 1, 2, 2, 2, 1, 1, 0, 0, 1, 0, 2, 2, 0, 1, 2, 0, 1, 2, 2, 0, 0, 1, 2, 1, 2, 1, 0, 2, 0, 1, 1, 0, 1, 1, 1, 0, 2, 1, 1, 0, 0, 0, 0, 1, 1, 2, 1, 2, 0, 0, 0, 2, 1, 0, 1, 2, 1, 2, 1, 1, 1, 1, 1, 1, 0, 1, 1, 0, 0, 0, 1, 2, 1, 0, 2, 1, 0, 0, 0, 0, 1, 0, 0, 2, 0, 1, 0, 0, 1, 0, 2]|[4, 3, 2, 2, 0, 0, 2, 2, 2, 4, 1, 1, 2, 4, 4, 1, 2, 4, 2, 1, 1, 1, 1, 2, 1, 2, 1, 1, 1, 1, 3, 2, 3, 0, 4, 0, 1, 1, 0, 3, 2, 2, 4, 0, 1, 1, 0, 2, 0, 1, 2, 2, 1, 4, 0, 3, 2, 1, 1, 2, 1, 3, 1, 1, 1, 3, 0, 4, 3, 1, 4, 1, 1, 2, 4, 4, 2, 1, 1, 3, 1, 3, 1, 1, 1, 1, 1, 1, 2, 3, 1, 2, 1, 1, 1, 2, 2, 3, 2, 1]|[0, 2, 1, 1, 3, 3, 0, 1, 0, 0, 0, 0, 1, 0, 1, 0, 0, 3, 1, 0, 0, 0, 3, 1, 0, 2, 0, 0, 0, 1, 0, 0, 0, 0, 3, 0, 1, 0, 0, 2, 1, 1, 2, 0, 0, 0, 0, 1, 1, 0, 0, 0, 1, 3, 0, 0, 1, 0, 0, 1, 0, 2, 0, 1, 0, 2, 1, 0, 0, 1, 1, 3, 1, 1, 3, 3, 1, 0, 0, 2, 0, 0, 0, 0, 1, 0, 0, 0, 1, 2, 0, 1, 0, 1, 1, 0, 0, 0, 0, 0],802.1274951829081,57956.38699448537,89691.2003308727,false
29,G1_CMAX,G1_CMAX,[31, 22, 82, 15, 26, 99, 95, 42, 77, 12, 47, 5, 93, 78, 86, 54, 21, 63, 18, 44, 20, 35, 43, 97, 91, 76, 10, 30, 85, 45, 71, 64, 1, 23, 17, 83, 24, 14, 60, 36, 6, 57, 40, 88, 65, 56, 79, 94, 67, 68, 46, 75, 38, 9, 19, 32, 41, 81, 27, 87, 90, 58, 59, 11, 16, 72, 73, 70, 39, 37, 84, 3, 92, 25, 55, 48, 62, 29, 51, 7, 33, 61, 98, 28, 89, 50, 4, 96, 53, 80, 8, 66, 34, 49, 52, 0, 74, 69, 2, 13]|[1, 1, 0, 1, 1, 0, 1, 1, 2, 1, 2, 2, 2, 1, 1, 0, 0, 1, 0, 2, 2, 0, 1, 2, 0, 1, 2, 2, 0, 0, 1, 2, 1, 2, 1, 0, 2, 0, 1, 1, 0, 1, 1, 1, 0, 2, 1, 1, 0, 0, 0, 0, 1, 1, 2, 1, 0, 2, 0, 2, 1, 0, 1, 2, 1, 2, 1, 1, 1, 1, 1, 1, 0, 1, 2, 0, 0, 0, 0, 1, 2, 1, 2, 0, 1, 0, 1, 2, 0, 0, 1, 2, 2, 0, 1, 0, 2, 1, 0, 0]|[0, 3, 2, 2, 4, 1, 2, 3, 2, 4, 1, 1, 2, 4, 4, 1, 1, 4, 2, 1, 1, 1, 1, 2, 1, 2, 1, 1, 2, 1, 3, 2, 3, 1, 4, 0, 1, 1, 0, 3, 2, 2, 2, 0, 1, 1, 0, 4, 0, 1, 2, 2, 1, 4, 0, 3, 1, 1, 1, 1, 3, 1, 1, 1, 3, 0, 4, 3, 1, 4, 1, 1, 0, 4, 1, 1, 2, 1, 1, 1, 1, 3, 1, 2, 1, 1, 4, 1, 2, 1, 3, 1, 1, 1, 1, 2, 1, 4, 2, 2]|[0, 2, 1, 1, 3, 0, 1, 3, 0, 0, 0, 0, 1, 0, 1, 0, 0, 3, 1, 0, 0, 0, 3, 1, 0, 2, 0, 0, 0, 1, 0, 0, 0, 0, 3, 0, 1, 0, 0, 2, 1, 1, 1, 0, 0, 0, 0, 2, 1, 0, 0, 0, 1, 3, 0, 0, 0, 0, 0, 0, 2, 0, 1, 0, 2, 1, 0, 0, 1, 1, 3, 1, 1, 3, 0, 0, 1, 0, 0, 2, 0, 0, 0, 1, 1, 0, 0, 0, 1, 0, 2, 0, 0, 1, 1, 0, 0, 2, 0, 0],731.2476204416437,56806.84376103422,93275.64763277225,false
29,G4_BALANCED,G4_BALANCED,[31, 11, 15, 82, 26, 9, 95, 32, 77, 68, 47, 5, 93, 78, 86, 54, 85, 63, 18, 44, 20, 49, 36, 14, 74, 50, 53, 17, 21, 45, 71, 64, 3, 23, 30, 83, 24, 41, 60, 52, 65, 27, 90, 70, 39, 87, 48, 69, 99, 4, 46, 1, 13, 58, 97, 59, 28, 75, 73, 37, 35, 40, 22, 66, 76, 42, 79, 80, 96, 6, 16, 61, 33, 7, 57, 34, 12, 67, 10, 98, 88, 56, 29, 8, 91, 38, 72, 92, 43, 84, 51, 19, 81, 25, 2, 55, 94, 89, 62, 0]|[2, 1, 1, 1, 1, 2, 1, 1, 1, 1, 1, 0, 2, 2, 1, 2, 0, 0, 0, 2, 2, 1, 0, 2, 0, 2, 2, 1, 0, 1, 1, 1, 0, 0, 1, 0, 2, 1, 2, 2, 0, 0, 1, 1, 0, 2, 0, 1, 1, 0, 0, 2, 0, 0, 2, 0, 1, 0, 0, 0, 1, 2, 0, 2, 2, 0, 1, 2, 0, 1, 2, 1, 1, 2, 0, 1, 1, 1, 1, 2, 2, 2, 1, 1, 1, 0, 1, 0, 1, 0, 1, 1, 1, 1, 2, 0, 2, 1, 1, 0]|[0, 3, 2, 3, 4, 1, 4, 4, 2, 4, 3, 2, 1, 0, 2, 1, 1, 1, 2, 1, 1, 3, 0, 1, 0, 1, 1, 4, 1, 4, 3, 2, 2, 0, 4, 1, 1, 4, 0, 1, 2, 1, 4, 4, 1, 1, 0, 4, 3, 1, 2, 1, 2, 1, 1, 2, 4, 2, 0, 2, 3, 0, 1, 0, 1, 2, 3, 1, 2, 4, 1, 3, 4, 1, 2, 4, 3, 3, 3, 1, 1, 1, 3, 3, 3, 2, 4, 2, 4, 2, 3, 4, 1, 4, 1, 2, 1, 4, 3, 2]|[0, 2, 1, 0, 3, 0, 1, 3, 0, 0, 2, 0, 1, 0, 1, 0, 0, 0, 1, 0, 0, 2, 0, 0, 1, 0, 0, 3, 0, 1, 0, 2, 0, 1, 3, 0, 1, 3, 1, 0, 0, 0, 1, 3, 0, 0, 1, 1, 2, 0, 0, 0, 0, 0, 1, 0, 1, 0, 1, 1, 0, 0, 0, 0, 0, 0, 2, 0, 0, 2, 0, 0, 1, 0, 0, 1, 0, 0, 3, 0, 0, 0, 0, 0, 0, 0, 2, 0, 2, 0, 0, 1, 1, 3, 0, 0, 0, 1, 0, 0],886.5266578569763,51989.75967332948,105039.51838824725,false
29,G2_TEC,G3_TWC,[31, 22, 82, 15, 26, 58, 95, 42, 77, 12, 47, 5, 93, 78, 98, 54, 85, 63, 18, 44, 20, 35, 43, 97, 91, 76, 10, 30, 21, 45, 71, 64, 1, 23, 17, 83, 24, 14, 60, 36, 6, 57, 94, 88, 65, 56, 79, 40, 67, 68, 46, 75, 38, 9, 19, 32, 41, 81, 27, 87, 90, 99, 59, 11, 16, 62, 72, 73, 39, 37, 84, 3, 92, 25, 55, 48, 70, 29, 51, 7, 33, 61, 86, 28, 89, 50, 4, 96, 53, 80, 8, 66, 34, 49, 52, 0, 74, 69, 2, 13]|[1, 1, 0, 1, 1, 0, 1, 1, 2, 1, 2, 2, 2, 1, 1, 0, 0, 1, 0, 2, 2, 0, 1, 2, 0, 1, 2, 2, 0, 0, 1, 2, 1, 2, 1, 0, 2, 0, 1, 1, 0, 1, 1, 1, 0, 2, 1, 1, 0, 0, 0, 0, 1, 1, 2, 1, 0, 2, 0, 2, 1, 0, 1, 2, 1, 0, 2, 1, 1, 1, 1, 1, 0, 1, 2, 0, 1, 0, 0, 1, 2, 1, 2, 0, 1, 0, 1, 2, 0, 0, 1, 2, 2, 0, 1, 0, 2, 1, 0, 0]|[4, 3, 2, 2, 4, 1, 2, 3, 2, 4, 1, 1, 2, 4, 4, 1, 1, 4, 2, 1, 1, 1, 1, 2, 1, 2, 1, 1, 2, 1, 3, 2, 3, 1, 4, 0, 1, 1, 0, 3, 2, 2, 2, 0, 1, 1, 0, 4, 0, 1, 2, 2, 1, 4, 0, 3, 1, 1, 1, 1, 3, 1, 1, 1, 3, 2, 0, 4, 1, 4, 1, 1, 0, 4, 1, 1, 3, 1, 1, 1, 1, 3, 1, 2, 1, 1, 4, 1, 2, 1, 3, 1, 1, 1, 1, 2, 1, 4, 2, 2]|[0, 2, 1, 1, 3, 0, 1, 3, 0, 0, 0, 0, 1, 0, 1, 0, 0, 3, 1, 0, 0, 0, 3, 1, 0, 2, 0, 0, 0, 1, 0, 0, 0, 0, 3, 0, 1, 0, 0, 2, 1, 1, 1, 0, 0, 0, 0, 2, 1, 0, 0, 0, 1, 3, 0, 0, 0, 0, 0, 0, 2, 0, 1, 0, 2, 1, 1, 0, 1, 1, 3, 1, 1, 3, 0, 0, 0, 0, 0, 2, 0, 0, 0, 1, 1, 0, 0, 0, 1, 0, 2, 0, 0, 1, 1, 0, 0, 2, 0, 0],741.1906938724602,56345.22952041286,93242.30454198626,true
29,G3_TWC,G3_TWC,[31, 22, 82, 15, 26, 58, 95, 42, 77, 12, 47, 5, 93, 78, 98, 54, 85, 63, 18, 44, 20, 35, 43, 97, 91, 76, 10, 30, 21, 45, 71, 64, 1, 23, 17, 83, 24, 14, 60, 36, 6, 57, 94, 88, 65, 56, 79, 40, 67, 68, 46, 75, 38, 9, 19, 32, 81, 41, 27, 62, 87, 90, 99, 59, 11, 16, 72, 73, 70, 39, 37, 84, 3, 92, 25, 55, 28, 29, 51, 7, 33, 61, 86, 66, 89, 50, 48, 96, 53, 8, 80, 4, 34, 49, 52, 0, 13, 69, 2, 74]|[1, 1, 0, 1, 1, 1, 2, 1, 2, 1, 2, 2, 2, 1, 1, 0, 0, 1, 0, 2, 2, 0, 1, 2, 0, 1, 2, 2, 0, 0, 1, 2, 1, 2, 1, 0, 2, 0, 1, 1, 0, 1, 1, 1, 0, 2, 1, 1, 0, 0, 0, 0, 1, 1, 2, 1, 2, 0, 0, 0, 2, 1, 0, 1, 2, 1, 2, 1, 1, 1, 1, 1, 1, 0, 1, 1, 0, 0, 0, 1, 2, 1, 0, 2, 1, 0, 0, 0, 0, 1, 0, 0, 2, 0, 1, 0, 0, 1, 0, 2]|[4, 3, 2, 2, 0, 0, 2, 2, 2, 4, 1, 1, 2, 4, 4, 1, 2, 4, 2, 1, 1, 1, 1, 2, 1, 2, 1, 1, 1, 1, 3, 2, 3, 0, 4, 0, 1, 1, 0, 3, 2, 2, 4, 0, 1, 1, 0, 2, 0, 1, 2, 2, 1, 4, 0, 3, 2, 1, 1, 2, 1, 3, 1, 1, 1, 3, 0, 4, 3, 1, 4, 1, 1, 2, 4, 4, 2, 1, 1, 3, 1, 3, 1, 1, 1, 1, 1, 1, 2, 3, 1, 2, 1, 1, 1, 2, 2, 3, 2, 1]|[0, 2, 1, 1, 3, 3, 0, 1, 0, 0, 0, 0, 1, 0, 1, 0, 0, 3, 1, 0, 0, 0, 3, 1, 0, 2, 0, 0, 0, 1, 0, 0, 0, 0, 3, 0, 1, 0, 0, 2, 1, 1, 2, 0, 0, 0, 0, 1, 1, 0, 0, 0, 1, 3, 0, 0, 1, 0, 0, 1, 0, 2, 0, 1, 0, 2, 1, 0, 0, 1, 1, 3, 1, 1, 3, 3, 1, 0, 0, 2, 0, 0, 0, 0, 1, 0, 0, 0, 1, 2, 0, 1, 0, 1, 1, 0, 0, 0, 0, 0],802.1274951829081,57956.38699448537,89691.2003308727,false
29,G1_CMAX,G1_CMAX,[31, 22, 82, 15, 26, 99, 95, 42, 77, 12, 47, 5, 93, 78, 86, 54, 21, 63, 18, 44, 20, 35, 43, 97, 91, 76, 10, 30, 85, 45, 71, 64, 1, 23, 17, 83, 24, 14, 60, 36, 6, 57, 40, 88, 65, 56, 79, 94, 67, 68, 46, 75, 38, 9, 19, 32, 41, 81, 27, 87, 90, 58, 59, 11, 16, 72, 73, 70, 39, 37, 84, 3, 92, 25, 55, 48, 62, 29, 51, 7, 33, 61, 98, 28, 89, 50, 4, 96, 53, 80, 8, 66, 34, 49, 52, 0, 74, 69, 2, 13]|[1, 1, 0, 1, 1, 0, 1, 1, 2, 1, 2, 2, 2, 1, 1, 0, 0, 1, 0, 2, 2, 0, 1, 2, 0, 1, 2, 2, 0, 0, 1, 2, 1, 2, 1, 0, 2, 0, 1, 1, 0, 1, 1, 1, 0, 2, 1, 1, 0, 0, 0, 0, 1, 1, 2, 1, 0, 2, 0, 2, 1, 0, 1, 2, 1, 2, 1, 1, 1, 1, 1, 1, 0, 1, 2, 0, 0, 0, 0, 1, 2, 1, 2, 0, 1, 0, 1, 2, 0, 0, 1, 2, 2, 0, 1, 0, 2, 1, 0, 0]|[0, 3, 2, 2, 4, 1, 2, 3, 2, 4, 1, 1, 2, 4, 4, 1, 1, 4, 2, 1, 1, 1, 1, 2, 1, 2, 1, 1, 2, 1, 3, 2, 3, 1, 4, 0, 1, 1, 0, 3, 2, 2, 2, 0, 1, 1, 0, 4, 0, 1, 2, 2, 1, 4, 0, 3, 1, 1, 1, 1, 3, 1, 1, 1, 3, 0, 4, 3, 1, 4, 1, 1, 0, 4, 1, 1, 2, 1, 1, 1, 1, 3, 1, 2, 1, 1, 4, 1, 2, 1, 3, 1, 1, 1, 1, 2, 1, 4, 2, 2]|[0, 2, 1, 1, 3, 0, 1, 3, 0, 0, 0, 0, 1, 0, 1, 0, 0, 3, 1, 0, 0, 0, 3, 1, 0, 2, 0, 0, 0, 1, 0, 0, 0, 0, 3, 0, 1, 0, 0, 2, 1, 1, 1, 0, 0, 0, 0, 2, 1, 0, 0, 0, 1, 3, 0, 0, 0, 0, 0, 0, 2, 0, 1, 0, 2, 1, 0, 0, 1, 1, 3, 1, 1, 3, 0, 0, 1, 0, 0, 2, 0, 0, 0, 1, 1, 0, 0, 0, 1, 0, 2, 0, 0, 1, 1, 0, 0, 2, 0, 0],731.2476204416437,56806.84376103422,93275.64763277225,false
29,G4_BALANCED,G4_BALANCED,[31, 11, 15, 82, 26, 9, 95, 32, 77, 68, 47, 5, 93, 78, 86, 54, 85, 63, 18, 44, 20, 49, 36, 14, 74, 50, 53, 17, 21, 45, 71, 64, 3, 23, 30, 83, 24, 41, 60, 52, 65, 27, 90, 70, 39, 87, 48, 69, 99, 4, 46, 1, 13, 58, 97, 59, 28, 75, 73, 37, 35, 40, 22, 66, 76, 42, 79, 80, 96, 6, 16, 61, 33, 7, 57, 34, 12, 67, 10, 98, 88, 56, 29, 8, 91, 38, 72, 92, 43, 84, 51, 19, 81, 25, 2, 55, 94, 89, 62, 0]|[2, 1, 1, 1, 1, 2, 1, 1, 1, 1, 1, 0, 2, 2, 1, 2, 0, 0, 0, 2, 2, 1, 0, 2, 0, 2, 2, 1, 0, 1, 1, 1, 0, 0, 1, 0, 2, 1, 2, 2, 0, 0, 1, 1, 0, 2, 0, 1, 1, 0, 0, 2, 0, 0, 2, 0, 1, 0, 0, 0, 1, 2, 0, 2, 2, 0, 1, 2, 0, 1, 2, 1, 1, 2, 0, 1, 1, 1, 1, 2, 2, 2, 1, 1, 1, 0, 1, 0, 1, 0, 1, 1, 1, 1, 2, 0, 2, 1, 1, 0]|[0, 3, 2, 3, 4, 1, 4, 4, 2, 4, 3, 2, 1, 0, 2, 1, 1, 1, 2, 1, 1, 3, 0, 1, 0, 1, 1, 4, 1, 4, 3, 2, 2, 0, 4, 1, 1, 4, 0, 1, 2, 1, 4, 4, 1, 1, 0, 4, 3, 1, 2, 1, 2, 1, 1, 2, 4, 2, 0, 2, 3, 0, 1, 0, 1, 2, 3, 1, 2, 4, 1, 3, 4, 1, 2, 4, 3, 3, 3, 1, 1, 1, 3, 3, 3, 2, 4, 2, 4, 2, 3, 4, 1, 4, 1, 2, 1, 4, 3, 2]|[0, 2, 1, 0, 3, 0, 1, 3, 0, 0, 2, 0, 1, 0, 1, 0, 0, 0, 1, 0, 0, 2, 0, 0, 1, 0, 0, 3, 0, 1, 0, 2, 0, 1, 3, 0, 1, 3, 1, 0, 0, 0, 1, 3, 0, 0, 1, 1, 2, 0, 0, 0, 0, 0, 1, 0, 1, 0, 1, 1, 0, 0, 0, 0, 0, 0, 2, 0, 0, 2, 0, 0, 1, 0, 0, 1, 0, 0, 3, 0, 0, 0, 0, 0, 0, 0, 2, 0, 2, 0, 0, 1, 1, 3, 0, 0, 0, 1, 0, 0],886.5266578569763,51989.75967332948,105039.51838824725,false
29,G2_TEC,G2_TEC,[31, 22, 82, 15, 26, 9, 95, 42, 77, 68, 47, 5, 93, 78, 86, 54, 85, 63, 18, 44, 20, 49, 36, 14, 74, 50, 53, 17, 21, 28, 11, 64, 3, 23, 30, 83, 24, 41, 40, 52, 65, 27, 90, 70, 39, 87, 48, 69, 99, 4, 46, 1, 13, 58, 97, 59, 45, 8, 73, 37, 35, 79, 71, 66, 76, 32, 60, 80, 96, 6, 16, 61, 33, 7, 57, 34, 12, 67, 10, 98, 56, 88, 43, 75, 91, 38, 84, 92, 29, 19, 51, 72, 89, 25, 2, 55, 62, 81, 94, 0]|[2, 1, 2, 1, 1, 2, 1, 1, 1, 1, 1, 0, 2, 2, 1, 2, 0, 0, 0, 2, 2, 1, 0, 2, 0, 2, 2, 1, 0, 1, 1, 1, 0, 0, 1, 0, 2, 1, 2, 2, 0, 0, 1, 1, 0, 2, 0, 2, 1, 0, 0, 2, 0, 0, 2, 0, 1, 1, 0, 0, 2, 1, 1, 1, 2, 0, 2, 2, 0, 1, 2, 1, 1, 2, 0, 1, 2, 1, 1, 2, 2, 1, 1, 0, 1, 0, 0, 0, 1, 1, 1, 1, 1, 1, 2, 0, 1, 1, 2, 0]|[0, 3, 0, 3, 4, 1, 4, 4, 2, 4, 3, 2, 1, 0, 2, 1, 1, 1, 2, 1, 1, 3, 0, 1, 0, 1, 1, 4, 1, 4, 3, 2, 2, 0, 4, 1, 1, 4, 1, 1, 2, 1, 4, 4, 1, 1, 0, 2, 3, 2, 2, 1, 2, 1, 1, 2, 4, 3, 0, 2, 2, 3, 3, 1, 1, 2, 1, 1, 2, 4, 1, 3, 4, 1, 2, 4, 1, 3, 3, 1, 1, 4, 4, 2, 3, 2, 2, 2, 3, 4, 3, 4, 4, 4, 1, 2, 3, 4, 1, 2]|[0, 2, 0, 0, 3, 0, 1, 3, 0, 0, 2, 0, 1, 0, 1, 0, 0, 0, 1, 0, 0, 2, 0, 0, 1, 0, 0, 3, 0, 1, 0, 2, 0, 0, 3, 0, 1, 3, 0, 0, 0, 0, 1, 3, 0, 0, 1, 0, 2, 0, 0, 0, 0, 0, 1, 0, 1, 0, 1, 1, 0, 2, 0, 2, 0, 0, 0, 0, 0, 2, 0, 0, 1, 0, 0, 1, 0, 0, 3, 0, 0, 1, 2, 0, 0, 0, 0, 0, 3, 1, 0, 2, 1, 3, 0, 0, 0, 1, 0, 0],882.9438068981488,49877.554644704585,107717.62812963048,false
29,G3_TWC,G3_TWC,[31, 22, 82, 15, 26, 58, 95, 42, 77, 12, 47, 5, 93, 78, 98, 54, 85, 63, 18, 44, 20, 35, 43, 97, 91, 76, 10, 30, 21, 45, 71, 64, 1, 23, 17, 83, 24, 14, 60, 36, 6, 57, 94, 88, 65, 56, 79, 40, 67, 68, 46, 75, 38, 9, 19, 32, 81, 41, 27, 62, 87, 90, 99, 59, 11, 16, 72, 73, 70, 39, 37, 84, 3, 92, 25, 55, 28, 29, 51, 7, 33, 61, 86, 66, 89, 50, 48, 96, 53, 8, 80, 4, 34, 49, 52, 0, 13, 69, 2, 74]|[1, 1, 0, 1, 1, 1, 2, 1, 2, 1, 2, 2, 2, 1, 1, 0, 0, 1, 0, 2, 2, 0, 1, 2, 0, 1, 2, 2, 0, 0, 1, 2, 1, 2, 1, 0, 2, 0, 1, 1, 0, 1, 1, 1, 0, 2, 1, 1, 0, 0, 0, 0, 1, 1, 2, 1, 2, 0, 0, 0, 2, 1, 0, 1, 2, 1, 2, 1, 1, 1, 1, 1, 1, 0, 1, 1, 0, 0, 0, 1, 2, 1, 0, 2, 1, 0, 0, 0, 0, 1, 0, 0, 2, 0, 1, 0, 0, 1, 0, 2]|[4, 3, 2, 2, 0, 0, 2, 2, 2, 4, 1, 1, 2, 4, 4, 1, 2, 4, 2, 1, 1, 1, 1, 2, 1, 2, 1, 1, 1, 1, 3, 2, 3, 0, 4, 0, 1, 1, 0, 3, 2, 2, 4, 0, 1, 1, 0, 2, 0, 1, 2, 2, 1, 4, 0, 3, 2, 1, 1, 2, 1, 3, 1, 1, 1, 3, 0, 4, 3, 1, 4, 1, 1, 2, 4, 4, 2, 1, 1, 3, 1, 3, 1, 1, 1, 1, 1, 1, 2, 3, 1, 2, 1, 1, 1, 2, 2, 3, 2, 1]|[0, 2, 1, 1, 3, 3, 0, 1, 0, 0, 0, 0, 1, 0, 1, 0, 0, 3, 1, 0, 0, 0, 3, 1, 0, 2, 0, 0, 0, 1, 0, 0, 0, 0, 3, 0, 1, 0, 0, 2, 1, 1, 2, 0, 0, 0, 0, 1, 1, 0, 0, 0, 1, 3, 0, 0, 1, 0, 0, 1, 0, 2, 0, 1, 0, 2, 1, 0, 0, 1, 1, 3, 1, 1, 3, 3, 1, 0, 0, 2, 0, 0, 0, 0, 1, 0, 0, 0, 1, 2, 0, 1, 0, 1, 1, 0, 0, 0, 0, 0],802.1274951829081,57956.38699448537,89691.2003308727,false
29,G1_CMAX,G1_CMAX,[31, 22, 82, 15, 26, 99, 95, 42, 77, 12, 47, 5, 93, 78, 86, 54, 21, 63, 18, 44, 20, 35, 43, 97, 91, 76, 10, 30, 85, 45, 71, 64, 1, 23, 17, 83, 24, 14, 60, 36, 6, 57, 40, 88, 65, 56, 79, 94, 67, 68, 46, 75, 38, 9, 19, 32, 41, 81, 27, 87, 90, 58, 59, 11, 16, 72, 73, 70, 39, 37, 84, 3, 92, 25, 55, 48, 62, 29, 51, 7, 33, 61, 98, 28, 89, 50, 4, 96, 53, 80, 8, 66, 34, 49, 52, 0, 74, 69, 2, 13]|[1, 1, 0, 1, 1, 0, 1, 1, 2, 1, 2, 2, 2, 1, 1, 0, 0, 1, 0, 2, 2, 0, 1, 2, 0, 1, 2, 2, 0, 0, 1, 2, 1, 2, 1, 0, 2, 0, 1, 1, 0, 1, 1, 1, 0, 2, 1, 1, 0, 0, 0, 0, 1, 1, 2, 1, 0, 2, 0, 2, 1, 0, 1, 2, 1, 2, 1, 1, 1, 1, 1, 1, 0, 1, 2, 0, 0, 0, 0, 1, 2, 1, 2, 0, 1, 0, 1, 2, 0, 0, 1, 2, 2, 0, 1, 0, 2, 1, 0, 0]|[0, 3, 2, 2, 4, 1, 2, 3, 2, 4, 1, 1, 2, 4, 4, 1, 1, 4, 2, 1, 1, 1, 1, 2, 1, 2, 1, 1, 2, 1, 3, 2, 3, 1, 4, 0, 1, 1, 0, 3, 2, 2, 2, 0, 1, 1, 0, 4, 0, 1, 2, 2, 1, 4, 0, 3, 1, 1, 1, 1, 3, 1, 1, 1, 3, 0, 4, 3, 1, 4, 1, 1, 0, 4, 1, 1, 2, 1, 1, 1, 1, 3, 1, 2, 1, 1, 4, 1, 2, 1, 3, 1, 1, 1, 1, 2, 1, 4, 2, 2]|[0, 2, 1, 1, 3, 0, 1, 3, 0, 0, 0, 0, 1, 0, 1, 0, 0, 3, 1, 0, 0, 0, 3, 1, 0, 2, 0, 0, 0, 1, 0, 0, 0, 0, 3, 0, 1, 0, 0, 2, 1, 1, 1, 0, 0, 0, 0, 2, 1, 0, 0, 0, 1, 3, 0, 0, 0, 0, 0, 0, 2, 0, 1, 0, 2, 1, 0, 0, 1, 1, 3, 1, 1, 3, 0, 0, 1, 0, 0, 2, 0, 0, 0, 1, 1, 0, 0, 0, 1, 0, 2, 0, 0, 1, 1, 0, 0, 2, 0, 0],731.2476204416437,56806.84376103422,93275.64763277225,false
29,G4_BALANCED,G4_BALANCED,[31, 22, 82, 15, 26, 58, 95, 42, 77, 12, 47, 5, 93, 78, 86, 54, 85, 63, 18, 44, 20, 35, 43, 97, 66, 76, 10, 30, 21, 45, 71, 64, 1, 23, 17, 83, 24, 14, 60, 36, 6, 57, 40, 88, 65, 56, 79, 94, 67, 68, 46, 75, 38, 9, 19, 32, 81, 41, 27, 62, 87, 90, 99, 59, 11, 16, 72, 73, 70, 39, 37, 84, 3, 92, 25, 55, 29, 28, 51, 7, 33, 61, 48, 98, 89, 50, 4, 96, 53, 80, 8, 91, 69, 0, 52, 49, 74, 34, 2, 13]|[1, 1, 0, 1, 1, 0, 1, 2, 2, 1, 2, 2, 2, 1, 1, 0, 0, 1, 0, 2, 2, 0, 1, 2, 2, 1, 2, 2, 0, 0, 1, 2, 1, 2, 1, 0, 2, 0, 1, 1, 0, 1, 1, 1, 0, 2, 2, 1, 0, 0, 0, 0, 1, 1, 2, 1, 0, 0, 0, 0, 2, 1, 0, 1, 2, 1, 2, 1, 1, 1, 1, 1, 1, 0, 1, 2, 0, 0, 0, 1, 2, 1, 0, 2, 1, 0, 1, 2, 0, 0, 1, 0, 1, 0, 1, 0, 2, 2, 0, 0]|[4, 3, 2, 2, 4, 1, 2, 2, 2, 4, 1, 1, 2, 4, 4, 1, 2, 4, 2, 1, 1, 1, 1, 2, 1, 2, 1, 1, 1, 1, 3, 1, 3, 1, 4, 0, 1, 1, 0, 3, 2, 2, 2, 0, 1, 1, 1, 4, 0, 1, 2, 2, 1, 4, 0, 3, 1, 1, 1, 2, 1, 3, 1, 1, 1, 3, 0, 4, 3, 1, 4, 1, 1, 2, 4, 1, 1, 2, 1, 1, 1, 3, 1, 1, 1, 1, 4, 1, 2, 1, 3, 1, 3, 2, 1, 1, 1, 1, 2, 2]|[0, 2, 1, 1, 3, 0, 1, 0, 0, 0, 0, 0, 1, 0, 1, 0, 0, 3, 1, 0, 0, 0, 3, 1, 0, 2, 0, 0, 0, 0, 0, 0, 0, 0, 3, 0, 1, 0, 0, 2, 1, 1, 1, 0, 0, 0, 0, 2, 1, 0, 0, 0, 1, 3, 0, 0, 0, 0, 0, 1, 0, 2, 0, 1, 0, 2, 1, 0, 0, 1, 1, 3, 1, 1, 3, 0, 0, 1, 0, 2, 0, 0, 0, 0, 1, 0, 0, 0, 1, 0, 2, 0, 0, 0, 1, 1, 0, 0, 0, 0],798.7087184154349,55419.596325136656,95720.286365365,false
29,G2_TEC,G2_TEC,[31, 22, 82, 15, 26, 9, 95, 42, 77, 68, 47, 5, 93, 78, 86, 54, 85, 63, 18, 44, 20, 49, 36, 14, 74, 50, 53, 17, 21, 28, 11, 64, 3, 23, 30, 83, 24, 41, 40, 52, 65, 27, 90, 70, 39, 87, 48, 69, 99, 4, 46, 1, 13, 58, 97, 59, 45, 8, 73, 37, 35, 79, 71, 66, 76, 32, 60, 80, 96, 6, 16, 61, 33, 7, 57, 34, 12, 67, 10, 98, 56, 88, 43, 75, 91, 38, 84, 92, 29, 19, 51, 72, 89, 25, 2, 55, 62, 81, 94, 0]|[2, 1, 2, 1, 1, 2, 1, 1, 1, 1, 1, 0, 2, 2, 1, 2, 0, 0, 0, 2, 2, 1, 0, 2, 0, 2, 2, 1, 0, 1, 1, 1, 0, 0, 1, 0, 2, 1, 2, 2, 0, 0, 1, 1, 0, 2, 0, 2, 1, 0, 0, 2, 0, 0, 2, 0, 1, 1, 0, 0, 2, 1, 1, 1, 2, 0, 2, 2, 0, 1, 2, 1, 1, 2, 0, 1, 2, 1, 1, 2, 2, 1, 1, 0, 1, 0, 0, 0, 1, 1, 1, 1, 1, 1, 2, 0, 1, 1, 2, 0]|[0, 3, 0, 3, 4, 1, 4, 4, 2, 4, 3, 2, 1, 0, 2, 1, 1, 1, 2, 1, 1, 3, 0, 1, 0, 1, 1, 4, 1, 4, 3, 2, 2, 0, 4, 1, 1, 4, 1, 1, 2, 1, 4, 4, 1, 1, 0, 2, 3, 2, 2, 1, 2, 1, 1, 2, 4, 3, 0, 2, 2, 3, 3, 1, 1, 2, 1, 1, 2, 4, 1, 3, 4, 1, 2, 4, 1, 3, 3, 1, 1, 4, 4, 2, 3, 2, 2, 2, 3, 4, 3, 4, 4, 4, 1, 2, 3, 4, 1, 2]|[0, 2, 0, 0, 3, 0, 1, 3, 0, 0, 2, 0, 1, 0, 1, 0, 0, 0, 1, 0, 0, 2, 0, 0, 1, 0, 0, 3, 0, 1, 0, 2, 0, 0, 3, 0, 1, 3, 0, 0, 0, 0, 1, 3, 0, 0, 1, 0, 2, 0, 0, 0, 0, 0, 1, 0, 1, 0, 1, 1, 0, 2, 0, 2, 0, 0, 0, 0, 0, 2, 0, 0, 1, 0, 0, 1, 0, 0, 3, 0, 0, 1, 2, 0, 0, 0, 0, 0, 3, 1, 0, 2, 1, 3, 0, 0, 0, 1, 0, 0],882.9438068981488,49877.554644704585,107717.62812963048,false
29,G3_TWC,G3_TWC,[31, 22, 82, 15, 26, 58, 95, 42, 77, 12, 47, 5, 93, 78, 98, 54, 85, 63, 18, 44, 20, 35, 43, 97, 91, 76, 10, 30, 21, 45, 71, 64, 1, 23, 17, 83, 24, 14, 60, 36, 6, 57, 94, 88, 65, 56, 79, 40, 67, 68, 46, 75, 38, 9, 19, 32, 81, 41, 27, 62, 87, 90, 99, 59, 11, 16, 72, 73, 70, 39, 37, 84, 3, 92, 25, 55, 28, 29, 51, 7, 33, 61, 86, 66, 89, 50, 48, 96, 53, 8, 80, 4, 34, 49, 52, 0, 13, 69, 2, 74]|[1, 1, 0, 1, 1, 1, 2, 1, 2, 1, 2, 2, 2, 1, 1, 0, 0, 1, 0, 2, 2, 0, 1, 2, 0, 1, 2, 2, 0, 0, 1, 2, 1, 2, 1, 0, 2, 0, 1, 1, 0, 1, 1, 1, 0, 2, 1, 1, 0, 0, 0, 0, 1, 1, 2, 1, 2, 0, 0, 0, 2, 1, 0, 1, 2, 1, 2, 1, 1, 1, 1, 1, 1, 0, 1, 1, 0, 0, 0, 1, 2, 1, 0, 2, 1, 0, 0, 0, 0, 1, 0, 0, 2, 0, 1, 0, 0, 1, 0, 2]|[4, 3, 2, 2, 0, 0, 2, 2, 2, 4, 1, 1, 2, 4, 4, 1, 2, 4, 2, 1, 1, 1, 1, 2, 1, 2, 1, 1, 1, 1, 3, 2, 3, 0, 4, 0, 1, 1, 0, 3, 2, 2, 4, 0, 1, 1, 0, 2, 0, 1, 2, 2, 1, 4, 0, 3, 2, 1, 1, 2, 1, 3, 1, 1, 1, 3, 0, 4, 3, 1, 4, 1, 1, 2, 4, 4, 2, 1, 1, 3, 1, 3, 1, 1, 1, 1, 1, 1, 2, 3, 1, 2, 1, 1, 1, 2, 2, 3, 2, 1]|[0, 2, 1, 1, 3, 3, 0, 1, 0, 0, 0, 0, 1, 0, 1, 0, 0, 3, 1, 0, 0, 0, 3, 1, 0, 2, 0, 0, 0, 1, 0, 0, 0, 0, 3, 0, 1, 0, 0, 2, 1, 1, 2, 0, 0, 0, 0, 1, 1, 0, 0, 0, 1, 3, 0, 0, 1, 0, 0, 1, 0, 2, 0, 1, 0, 2, 1, 0, 0, 1, 1, 3, 1, 1, 3, 3, 1, 0, 0, 2, 0, 0, 0, 0, 1, 0, 0, 0, 1, 2, 0, 1, 0, 1, 1, 0, 0, 0, 0, 0],802.1274951829081,57956.38699448537,89691.2003308727,false
29,G1_CMAX,G1_CMAX,[31, 22, 82, 15, 26, 99, 95, 42, 77, 12, 47, 5, 93, 78, 86, 54, 21, 63, 18, 44, 20, 35, 43, 97, 91, 76, 10, 30, 85, 45, 71, 64, 1, 23, 17, 83, 24, 14, 60, 36, 6, 57, 40, 88, 65, 56, 79, 94, 67, 68, 46, 75, 38, 9, 19, 32, 41, 81, 27, 87, 90, 58, 59, 11, 16, 72, 73, 70, 39, 37, 84, 3, 92, 25, 55, 48, 62, 29, 51, 7, 33, 61, 98, 28, 89, 50, 4, 96, 53, 80, 8, 66, 34, 49, 52, 0, 74, 69, 2, 13]|[1, 1, 0, 1, 1, 0, 1, 1, 2, 1, 2, 2, 2, 1, 1, 0, 0, 1, 0, 2, 2, 0, 1, 2, 0, 1, 2, 2, 0, 0, 1, 2, 1, 2, 1, 0, 2, 0, 1, 1, 0, 1, 1, 1, 0, 2, 1, 1, 0, 0, 0, 0, 1, 1, 2, 1, 0, 2, 0, 2, 1, 0, 1, 2, 1, 2, 1, 1, 1, 1, 1, 1, 0, 1, 2, 0, 0, 0, 0, 1, 2, 1, 2, 0, 1, 0, 1, 2, 0, 0, 1, 2, 2, 0, 1, 0, 2, 1, 0, 0]|[0, 3, 2, 2, 4, 1, 2, 3, 2, 4, 1, 1, 2, 4, 4, 1, 1, 4, 2, 1, 1, 1, 1, 2, 1, 2, 1, 1, 2, 1, 3, 2, 3, 1, 4, 0, 1, 1, 0, 3, 2, 2, 2, 0, 1, 1, 0, 4, 0, 1, 2, 2, 1, 4, 0, 3, 1, 1, 1, 1, 3, 1, 1, 1, 3, 0, 4, 3, 1, 4, 1, 1, 0, 4, 1, 1, 2, 1, 1, 1, 1, 3, 1, 2, 1, 1, 4, 1, 2, 1, 3, 1, 1, 1, 1, 2, 1, 4, 2, 2]|[0, 2, 1, 1, 3, 0, 1, 3, 0, 0, 0, 0, 1, 0, 1, 0, 0, 3, 1, 0, 0, 0, 3, 1, 0, 2, 0, 0, 0, 1, 0, 0, 0, 0, 3, 0, 1, 0, 0, 2, 1, 1, 1, 0, 0, 0, 0, 2, 1, 0, 0, 0, 1, 3, 0, 0, 0, 0, 0, 0, 2, 0, 1, 0, 2, 1, 0, 0, 1, 1, 3, 1, 1, 3, 0, 0, 1, 0, 0, 2, 0, 0, 0, 1, 1, 0, 0, 0, 1, 0, 2, 0, 0, 1, 1, 0, 0, 2, 0, 0],731.2476204416437,56806.84376103422,93275.64763277225,false
29,G4_BALANCED,G3_TWC,[31, 22, 82, 15, 26, 58, 95, 42, 77, 12, 47, 5, 93, 78, 98, 54, 85, 63, 18, 44, 20, 35, 43, 97, 91, 76, 10, 30, 21, 45, 71, 64, 1, 23, 17, 83, 24, 14, 60, 36, 6, 57, 94, 88, 65, 56, 79, 40, 67, 68, 46, 75, 38, 9, 19, 32, 81, 41, 27, 62, 87, 90, 99, 59, 11, 16, 72, 73, 70, 39, 37, 84, 3, 92, 25, 55, 28, 29, 51, 7, 33, 61, 86, 66, 89, 50, 48, 96, 53, 8, 80, 4, 34, 49, 52, 0, 13, 69, 2, 74]|[1, 1, 0, 1, 1, 1, 2, 1, 2, 1, 2, 2, 2, 1, 1, 0, 0, 1, 0, 2, 2, 0, 1, 2, 0, 1, 2, 2, 0, 0, 1, 2, 1, 2, 1, 0, 2, 0, 1, 1, 0, 1, 1, 1, 0, 2, 1, 1, 0, 0, 0, 0, 1, 1, 2, 1, 2, 0, 0, 0, 2, 1, 0, 1, 2, 1, 2, 1, 1, 1, 1, 1, 1, 0, 1, 1, 0, 0, 0, 1, 2, 1, 0, 2, 1, 0, 0, 0, 0, 1, 0, 0, 2, 0, 1, 0, 0, 1, 0, 2]|[4, 3, 2, 2, 0, 0, 2, 2, 2, 4, 1, 1, 2, 4, 4, 1, 2, 4, 2, 1, 1, 1, 1, 2, 1, 2, 1, 1, 1, 1, 3, 2, 3, 0, 4, 0, 1, 1, 0, 3, 2, 2, 4, 0, 1, 1, 0, 2, 0, 1, 2, 2, 1, 4, 0, 3, 2, 1, 1, 2, 1, 3, 1, 1, 1, 3, 0, 4, 3, 1, 4, 1, 1, 2, 4, 4, 2, 1, 1, 3, 1, 3, 1, 1, 1, 1, 1, 1, 2, 3, 1, 2, 1, 1, 1, 2, 2, 3, 2, 1]|[0, 2, 1, 1, 3, 3, 0, 1, 0, 0, 0, 0, 1, 0, 1, 0, 0, 3, 1, 0, 0, 0, 3, 1, 0, 2, 0, 0, 0, 1, 0, 0, 0, 0, 3, 0, 1, 0, 0, 2, 1, 1, 2, 0, 0, 0, 0, 1, 1, 0, 0, 0, 1, 3, 0, 0, 1, 0, 0, 1, 0, 2, 0, 1, 0, 2, 1, 0, 0, 1, 1, 3, 1, 1, 3, 3, 1, 0, 0, 2, 0, 0, 0, 0, 1, 0, 0, 0, 1, 2, 0, 1, 0, 1, 1, 0, 0, 0, 0, 0],802.1274951829081,57956.38699448537,89691.2003308727,true
29,G2_TEC,G2_TEC,[31, 22, 82, 15, 26, 9, 95, 42, 77, 68, 47, 5, 93, 78, 86, 54, 85, 63, 18, 44, 20, 49, 36, 14, 74, 50, 53, 17, 21, 28, 11, 64, 3, 23, 30, 83, 24, 41, 40, 52, 65, 27, 90, 70, 39, 87, 48, 69, 99, 4, 46, 1, 13, 58, 97, 59, 45, 8, 73, 37, 35, 79, 71, 66, 76, 32, 60, 80, 96, 6, 16, 61, 33, 7, 57, 34, 12, 67, 10, 98, 56, 88, 43, 75, 91, 38, 84, 92, 29, 19, 51, 72, 89, 25, 2, 55, 62, 81, 94, 0]|[2, 1, 2, 1, 1, 2, 1, 1, 1, 1, 1, 0, 2, 2, 1, 2, 0, 0, 0, 2, 2, 1, 0, 2, 0, 2, 2, 1, 0, 1, 1, 1, 0, 0, 1, 0, 2, 1, 2, 2, 0, 0, 1, 1, 0, 2, 0, 2, 1, 0, 0, 2, 0, 0, 2, 0, 1, 1, 0, 0, 2, 1, 1, 1, 2, 0, 2, 2, 0, 1, 2, 1, 1, 2, 0, 1, 2, 1, 1, 2, 2, 1, 1, 0, 1, 0, 0, 0, 1, 1, 1, 1, 1, 1, 2, 0, 1, 1, 2, 0]|[0, 3, 0, 3, 4, 1, 4, 4, 2, 4, 3, 2, 1, 0, 2, 1, 1, 1, 2, 1, 1, 3, 0, 1, 0, 1, 1, 4, 1, 4, 3, 2, 2, 0, 4, 1, 1, 4, 1, 1, 2, 1, 4, 4, 1, 1, 0, 2, 3, 2, 2, 1, 2, 1, 1, 2, 4, 3, 0, 2, 2, 3, 3, 1, 1, 2, 1, 1, 2, 4, 1, 3, 4, 1, 2, 4, 1, 3, 3, 1, 1, 4, 4, 2, 3, 2, 2, 2, 3, 4, 3, 4, 4, 4, 1, 2, 3, 4, 1, 2]|[0, 2, 0, 0, 3, 0, 1, 3, 0, 0, 2, 0, 1, 0, 1, 0, 0, 0, 1, 0, 0, 2, 0, 0, 1, 0, 0, 3, 0, 1, 0, 2, 0, 0, 3, 0, 1, 3, 0, 0, 0, 0, 1, 3, 0, 0, 1, 0, 2, 0, 0, 0, 0, 0, 1, 0, 1, 0, 1, 1, 0, 2, 0, 2, 0, 0, 0, 0, 0, 2, 0, 0, 1, 0, 0, 1, 0, 0, 3, 0, 0, 1, 2, 0, 0, 0, 0, 0, 3, 1, 0, 2, 1, 3, 0, 0, 0, 1, 0, 0],882.9438068981488,49877.554644704585,107717.62812963048,false
29,G3_TWC,G3_TWC,[31, 22, 82, 15, 26, 58, 95, 42, 77, 12, 47, 5, 93, 78, 98, 54, 85, 63, 18, 44, 20, 35, 43, 97, 91, 76, 10, 30, 21, 45, 71, 64, 1, 23, 17, 83, 24, 14, 60, 36, 6, 57, 94, 88, 65, 56, 79, 40, 67, 68, 46, 75, 38, 9, 19, 32, 81, 41, 27, 62, 87, 90, 99, 59, 11, 16, 72, 73, 70, 39, 37, 84, 3, 92, 25, 55, 28, 29, 51, 7, 33, 61, 86, 66, 89, 50, 48, 96, 53, 8, 80, 4, 34, 49, 52, 0, 13, 69, 2, 74]|[1, 1, 0, 1, 1, 1, 2, 1, 2, 1, 2, 2, 2, 1, 1, 0, 0, 1, 0, 2, 2, 0, 1, 2, 0, 1, 2, 2, 0, 0, 1, 2, 1, 2, 1, 0, 2, 0, 1, 1, 0, 1, 1, 1, 0, 2, 1, 1, 0, 0, 0, 0, 1, 1, 2, 1, 2, 0, 0, 0, 2, 1, 0, 1, 2, 1, 2, 1, 1, 1, 1, 1, 1, 0, 1, 1, 0, 0, 0, 1, 2, 1, 0, 2, 1, 0, 0, 0, 0, 1, 0, 0, 2, 0, 1, 0, 0, 1, 0, 2]|[4, 3, 2, 2, 0, 0, 2, 2, 2, 4, 1, 1, 2, 4, 4, 1, 2, 4, 2, 1, 1, 1, 1, 2, 1, 2, 1, 1, 1, 1, 3, 2, 3, 0, 4, 0, 1, 1, 0, 3, 2, 2, 4, 0, 1, 1, 0, 2, 0, 1, 2, 2, 1, 4, 0, 3, 2, 1, 1, 2, 1, 3, 1, 1, 1, 3, 0, 4, 3, 1, 4, 1, 1, 2, 4, 4, 2, 1, 1, 3, 1, 3, 1, 1, 1, 1, 1, 1, 2, 3, 1, 2, 1, 1, 1, 2, 2, 3, 2, 1]|[0, 2, 1, 1, 3, 3, 0, 1, 0, 0, 0, 0, 1, 0, 1, 0, 0, 3, 1, 0, 0, 0, 3, 1, 0, 2, 0, 0, 0, 1, 0, 0, 0, 0, 3, 0, 1, 0, 0, 2, 1, 1, 2, 0, 0, 0, 0, 1, 1, 0, 0, 0, 1, 3, 0, 0, 1, 0, 0, 1, 0, 2, 0, 1, 0, 2, 1, 0, 0, 1, 1, 3, 1, 1, 3, 3, 1, 0, 0, 2, 0, 0, 0, 0, 1, 0, 0, 0, 1, 2, 0, 1, 0, 1, 1, 0, 0, 0, 0, 0],802.1274951829081,57956.38699448537,89691.2003308727,false
29,G1_CMAX,G1_CMAX,[31, 22, 82, 15, 26, 99, 95, 42, 77, 12, 47, 5, 93, 78, 86, 54, 21, 63, 18, 44, 20, 35, 43, 97, 91, 76, 10, 30, 85, 45, 71, 64, 1, 23, 17, 83, 24, 14, 60, 36, 6, 57, 40, 88, 65, 56, 79, 94, 67, 68, 46, 75, 38, 9, 19, 32, 41, 81, 27, 87, 90, 58, 59, 11, 16, 72, 73, 70, 39, 37, 84, 3, 92, 25, 55, 48, 62, 29, 51, 7, 33, 61, 98, 28, 89, 50, 4, 96, 53, 80, 8, 66, 34, 49, 52, 0, 74, 69, 2, 13]|[1, 1, 0, 1, 1, 0, 1, 1, 2, 1, 2, 2, 2, 1, 1, 0, 0, 1, 0, 2, 2, 0, 1, 2, 0, 1, 2, 2, 0, 0, 1, 2, 1, 2, 1, 0, 2, 0, 1, 1, 0, 1, 1, 1, 0, 2, 1, 1, 0, 0, 0, 0, 1, 1, 2, 1, 0, 2, 0, 2, 1, 0, 1, 2, 1, 2, 1, 1, 1, 1, 1, 1, 0, 1, 2, 0, 0, 0, 0, 1, 2, 1, 2, 0, 1, 0, 1, 2, 0, 0, 1, 2, 2, 0, 1, 0, 2, 1, 0, 0]|[0, 3, 2, 2, 4, 1, 2, 3, 2, 4, 1, 1, 2, 4, 4, 1, 1, 4, 2, 1, 1, 1, 1, 2, 1, 2, 1, 1, 2, 1, 3, 2, 3, 1, 4, 0, 1, 1, 0, 3, 2, 2, 2, 0, 1, 1, 0, 4, 0, 1, 2, 2, 1, 4, 0, 3, 1, 1, 1, 1, 3, 1, 1, 1, 3, 0, 4, 3, 1, 4, 1, 1, 0, 4, 1, 1, 2, 1, 1, 1, 1, 3, 1, 2, 1, 1, 4, 1, 2, 1, 3, 1, 1, 1, 1, 2, 1, 4, 2, 2]|[0, 2, 1, 1, 3, 0, 1, 3, 0, 0, 0, 0, 1, 0, 1, 0, 0, 3, 1, 0, 0, 0, 3, 1, 0, 2, 0, 0, 0, 1, 0, 0, 0, 0, 3, 0, 1, 0, 0, 2, 1, 1, 1, 0, 0, 0, 0, 2, 1, 0, 0, 0, 1, 3, 0, 0, 0, 0, 0, 0, 2, 0, 1, 0, 2, 1, 0, 0, 1, 1, 3, 1, 1, 3, 0, 0, 1, 0, 0, 2, 0, 0, 0, 1, 1, 0, 0, 0, 1, 0, 2, 0, 0, 1, 1, 0, 0, 2, 0, 0],731.2476204416437,56806.84376103422,93275.64763277225,false
29,G4_BALANCED,G1_CMAX,[31, 11, 82, 15, 26, 9, 95, 42, 77, 68, 47, 5, 93, 78, 86, 54, 85, 63, 18, 44, 20, 49, 36, 14, 74, 50, 53, 17, 21, 45, 71, 64, 3, 23, 30, 83, 24, 41, 60, 52, 65, 27, 90, 70, 39, 87, 48, 69, 99, 4, 46, 1, 13, 58, 97, 59, 28, 75, 73, 37, 35, 79, 22, 66, 76, 32, 40, 80, 96, 6, 62, 84, 81, 92, 25, 94, 19, 29, 51, 7, 91, 61, 98, 33, 89, 67, 12, 55, 72, 57, 8, 10, 34, 56, 43, 0, 2, 88, 38, 16]|[2, 1, 2, 1, 1, 1, 1, 2, 1, 1, 1, 0, 2, 2, 1, 0, 0, 1, 0, 2, 2, 0, 0, 2, 0, 1, 2, 2, 0, 1, 1, 1, 1, 0, 1, 0, 2, 1, 2, 2, 0, 0, 1, 1, 0, 2, 2, 2, 1, 0, 0, 2, 0, 1, 0, 0, 1, 1, 0, 0, 2, 1, 0, 2, 2, 1, 2, 2, 1, 1, 1, 0, 2, 0, 1, 2, 1, 0, 1, 2, 1, 1, 2, 1, 1, 0, 0, 0, 1, 0, 1, 0, 1, 2, 1, 0, 2, 1, 0, 2]|[0, 3, 0, 2, 4, 0, 4, 2, 2, 4, 3, 2, 1, 0, 2, 1, 2, 4, 2, 1, 1, 1, 0, 1, 0, 2, 1, 1, 1, 4, 3, 2, 3, 0, 4, 1, 1, 4, 0, 1, 2, 1, 3, 0, 1, 1, 1, 2, 3, 1, 2, 1, 2, 4, 1, 2, 4, 3, 0, 2, 2, 0, 1, 0, 1, 3, 0, 1, 3, 1, 4, 2, 2, 2, 4, 1, 4, 1, 3, 1, 3, 3, 1, 4, 4, 1, 2, 2, 4, 2, 3, 1, 4, 1, 4, 2, 1, 3, 2, 1]|[0, 2, 0, 1, 3, 3, 1, 0, 0, 0, 2, 0, 1, 0, 1, 0, 0, 3, 1, 0, 0, 0, 0, 0, 1, 2, 0, 0, 0, 1, 0, 2, 0, 1, 3, 0, 1, 3, 0, 0, 0, 0, 2, 0, 0, 0, 0, 0, 2, 0, 0, 0, 0, 3, 0, 0, 1, 0, 1, 1, 0, 0, 0, 0, 0, 2, 1, 0, 0, 1, 1, 0, 1, 0, 3, 0, 3, 0, 0, 0, 0, 0, 0, 1, 1, 0, 1, 0, 2, 0, 2, 0, 1, 0, 2, 0, 0, 0, 0, 0],836.0442072634031,54729.0834847965,121676.84165182203,true
29,G2_TEC,G2_TEC,[31, 22, 82, 15, 26, 9, 95, 42, 77, 68, 47, 5, 93, 78, 86, 54, 85, 63, 18, 44, 20, 49, 36, 14, 74, 50, 53, 17, 21, 28, 11, 64, 3, 23, 30, 83, 24, 41, 40, 52, 65, 27, 90, 70, 39, 87, 48, 69, 99, 4, 46, 1, 13, 58, 97, 59, 45, 8, 73, 37, 35, 79, 71, 66, 76, 32, 60, 80, 96, 6, 16, 61, 33, 7, 57, 34, 12, 67, 10, 98, 56, 88, 43, 75, 91, 38, 84, 92, 29, 19, 51, 72, 89, 25, 2, 55, 62, 81, 94, 0]|[2, 1, 2, 1, 1, 2, 1, 1, 1, 1, 1, 0, 2, 2, 1, 2, 0, 0, 0, 2, 2, 1, 0, 2, 0, 2, 2, 1, 0, 1, 1, 1, 0, 0, 1, 0, 2, 1, 2, 2, 0, 0, 1, 1, 0, 2, 0, 2, 1, 0, 0, 2, 0, 0, 2, 0, 1, 1, 0, 0, 2, 1, 1, 1, 2, 0, 2, 2, 0, 1, 2, 1, 1, 2, 0, 1, 2, 1, 1, 2, 2, 1, 1, 0, 1, 0, 0, 0, 1, 1, 1, 1, 1, 1, 2, 0, 1, 1, 2, 0]|[0, 3, 0, 3, 4, 1, 4, 4, 2, 4, 3, 2, 1, 0, 2, 1, 1, 1, 2, 1, 1, 3, 0, 1, 0, 1, 1, 4, 1, 4, 3, 2, 2, 0, 4, 1, 1, 4, 1, 1, 2, 1, 4, 4, 1, 1, 0, 2, 3, 2, 2, 1, 2, 1, 1, 2, 4, 3, 0, 2, 2, 3, 3, 1, 1, 2, 1, 1, 2, 4, 1, 3, 4, 1, 2, 4, 1, 3, 3, 1, 1, 4, 4, 2, 3, 2, 2, 2, 3, 4, 3, 4, 4, 4, 1, 2, 3, 4, 1, 2]|[0, 2, 0, 0, 3, 0, 1, 3, 0, 0, 2, 0, 1, 0, 1, 0, 0, 0, 1, 0, 0, 2, 0, 0, 1, 0, 0, 3, 0, 1, 0, 2, 0, 0, 3, 0, 1, 3, 0, 0, 0, 0, 1, 3, 0, 0, 1, 0, 2, 0, 0, 0, 0, 0, 1, 0, 1, 0, 1, 1, 0, 2, 0, 2, 0, 0, 0, 0, 0, 2, 0, 0, 1, 0, 0, 1, 0, 0, 3, 0, 0, 1, 2, 0, 0, 0, 0, 0, 3, 1, 0, 2, 1, 3, 0, 0, 0, 1, 0, 0],882.9438068981488,49877.554644704585,107717.62812963048,false
29,G3_TWC,G3_TWC,[31, 22, 82, 15, 26, 58, 95, 42, 77, 12, 47, 5, 93, 78, 98, 54, 85, 63, 18, 44, 20, 35, 43, 97, 91, 76, 10, 30, 21, 45, 71, 64, 1, 23, 17, 83, 24, 14, 60, 36, 6, 57, 94, 88, 65, 56, 79, 40, 67, 68, 46, 75, 38, 9, 19, 32, 81, 41, 27, 62, 87, 90, 99, 59, 11, 16, 72, 73, 70, 39, 37, 84, 3, 92, 25, 55, 28, 29, 51, 7, 33, 61, 86, 66, 89, 50, 48, 96, 53, 8, 80, 4, 34, 49, 52, 0, 13, 69, 2, 74]|[1, 1, 0, 1, 1, 1, 2, 1, 2, 1, 2, 2, 2, 1, 1, 0, 0, 1, 0, 2, 2, 0, 1, 2, 0, 1, 2, 2, 0, 0, 1, 2, 1, 2, 1, 0, 2, 0, 1, 1, 0, 1, 1, 1, 0, 2, 1, 1, 0, 0, 0, 0, 1, 1, 2, 1, 2, 0, 0, 0, 2, 1, 0, 1, 2, 1, 2, 1, 1, 1, 1, 1, 1, 0, 1, 1, 0, 0, 0, 1, 2, 1, 0, 2, 1, 0, 0, 0, 0, 1, 0, 0, 2, 0, 1, 0, 0, 1, 0, 2]|[4, 3, 2, 2, 0, 0, 2, 2, 2, 4, 1, 1, 2, 4, 4, 1, 2, 4, 2, 1, 1, 1, 1, 2, 1, 2, 1, 1, 1, 1, 3, 2, 3, 0, 4, 0, 1, 1, 0, 3, 2, 2, 4, 0, 1, 1, 0, 2, 0, 1, 2, 2, 1, 4, 0, 3, 2, 1, 1, 2, 1, 3, 1, 1, 1, 3, 0, 4, 3, 1, 4, 1, 1, 2, 4, 4, 2, 1, 1, 3, 1, 3, 1, 1, 1, 1, 1, 1, 2, 3, 1, 2, 1, 1, 1, 2, 2, 3, 2, 1]|[0, 2, 1, 1, 3, 3, 0, 1, 0, 0, 0, 0, 1, 0, 1, 0, 0, 3, 1, 0, 0, 0, 3, 1, 0, 2, 0, 0, 0, 1, 0, 0, 0, 0, 3, 0, 1, 0, 0, 2, 1, 1, 2, 0, 0, 0, 0, 1, 1, 0, 0, 0, 1, 3, 0, 0, 1, 0, 0, 1, 0, 2, 0, 1, 0, 2, 1, 0, 0, 1, 1, 3, 1, 1, 3, 3, 1, 0, 0, 2, 0, 0, 0, 0, 1, 0, 0, 0, 1, 2, 0, 1, 0, 1, 1, 0, 0, 0, 0, 0],802.1274951829081,57956.38699448537,89691.2003308727,false
29,G1_CMAX,G1_CMAX,[31, 22, 82, 15, 26, 99, 95, 42, 77, 12, 47, 5, 93, 78, 86, 54, 21, 63, 18, 44, 20, 35, 43, 97, 91, 76, 10, 30, 85, 45, 71, 64, 1, 23, 17, 83, 24, 14, 60, 36, 6, 57, 40, 88, 65, 56, 79, 94, 67, 68, 46, 75, 38, 9, 19, 32, 41, 81, 27, 87, 90, 58, 59, 11, 16, 72, 73, 70, 39, 37, 84, 3, 92, 25, 55, 48, 62, 29, 51, 7, 33, 61, 98, 28, 89, 50, 4, 96, 53, 80, 8, 66, 34, 49, 52, 0, 74, 69, 2, 13]|[1, 1, 0, 1, 1, 0, 1, 1, 2, 1, 2, 2, 2, 1, 1, 0, 0, 1, 0, 2, 2, 0, 1, 2, 0, 1, 2, 2, 0, 0, 1, 2, 1, 2, 1, 0, 2, 0, 1, 1, 0, 1, 1, 1, 0, 2, 1, 1, 0, 0, 0, 0, 1, 1, 2, 1, 0, 2, 0, 2, 1, 0, 1, 2, 1, 2, 1, 1, 1, 1, 1, 1, 0, 1, 2, 0, 0, 0, 0, 1, 2, 1, 2, 0, 1, 0, 1, 2, 0, 0, 1, 2, 2, 0, 1, 0, 2, 1, 0, 0]|[0, 3, 2, 2, 4, 1, 2, 3, 2, 4, 1, 1, 2, 4, 4, 1, 1, 4, 2, 1, 1, 1, 1, 2, 1, 2, 1, 1, 2, 1, 3, 2, 3, 1, 4, 0, 1, 1, 0, 3, 2, 2, 2, 0, 1, 1, 0, 4, 0, 1, 2, 2, 1, 4, 0, 3, 1, 1, 1, 1, 3, 1, 1, 1, 3, 0, 4, 3, 1, 4, 1, 1, 0, 4, 1, 1, 2, 1, 1, 1, 1, 3, 1, 2, 1, 1, 4, 1, 2, 1, 3, 1, 1, 1, 1, 2, 1, 4, 2, 2]|[0, 2, 1, 1, 3, 0, 1, 3, 0, 0, 0, 0, 1, 0, 1, 0, 0, 3, 1, 0, 0, 0, 3, 1, 0, 2, 0, 0, 0, 1, 0, 0, 0, 0, 3, 0, 1, 0, 0, 2, 1, 1, 1, 0, 0, 0, 0, 2, 1, 0, 0, 0, 1, 3, 0, 0, 0, 0, 0, 0, 2, 0, 1, 0, 2, 1, 0, 0, 1, 1, 3, 1, 1, 3, 0, 0, 1, 0, 0, 2, 0, 0, 0, 1, 1, 0, 0, 0, 1, 0, 2, 0, 0, 1, 1, 0, 0, 2, 0, 0],731.2476204416437,56806.84376103422,93275.64763277225,false
29,G4_BALANCED,G2_TEC,[31, 22, 82, 15, 26, 9, 95, 42, 77, 68, 47, 5, 93, 78, 86, 54, 85, 63, 18, 44, 20, 49, 36, 14, 74, 50, 53, 17, 21, 28, 11, 64, 3, 23, 30, 83, 24, 41, 40, 52, 65, 27, 90, 70, 39, 87, 48, 69, 99, 4, 46, 1, 13, 58, 97, 59, 45, 8, 73, 37, 35, 79, 71, 66, 76, 32, 60, 80, 96, 6, 16, 61, 33, 7, 57, 34, 12, 67, 10, 98, 56, 88, 43, 75, 91, 38, 19, 92, 29, 2, 89, 72, 51, 25, 84, 55, 62, 81, 94, 0]|[2, 1, 2, 1, 1, 2, 1, 1, 1, 1, 1, 0, 2, 2, 1, 2, 0, 0, 0, 2, 2, 1, 0, 2, 0, 2, 2, 1, 0, 1, 1, 1, 0, 0, 1, 0, 2, 1, 2, 2, 0, 0, 1, 1, 0, 2, 0, 2, 1, 0, 0, 2, 0, 0, 2, 0, 1, 1, 0, 0, 2, 1, 1, 1, 2, 0, 2, 2, 0, 1, 2, 1, 1, 2, 0, 1, 2, 1, 1, 2, 0, 1, 1, 0, 1, 0, 1, 0, 1, 2, 1, 1, 1, 1, 0, 0, 1, 1, 2, 0]|[0, 3, 0, 3, 4, 1, 4, 4, 2, 4, 3, 2, 1, 0, 2, 1, 1, 1, 2, 1, 1, 3, 0, 1, 0, 1, 1, 4, 1, 4, 3, 2, 2, 0, 4, 1, 1, 4, 1, 1, 2, 1, 4, 4, 1, 1, 0, 2, 3, 2, 2, 1, 2, 1, 1, 2, 4, 3, 0, 2, 2, 3, 3, 1, 1, 2, 1, 1, 2, 4, 1, 3, 4, 1, 2, 4, 1, 3, 3, 1, 2, 4, 4, 2, 3, 2, 4, 2, 3, 1, 4, 4, 3, 4, 2, 2, 3, 4, 1, 2]|[0, 2, 0, 0, 3, 0, 1, 3, 0, 0, 2, 0, 1, 0, 1, 0, 0, 0, 1, 0, 0, 2, 0, 0, 1, 0, 0, 3, 0, 1, 0, 2, 0, 0, 3, 0, 1, 3, 0, 0, 0, 0, 1, 3, 0, 0, 1, 0, 2, 0, 0, 0, 0, 0, 1, 0, 1, 0, 1, 1, 0, 2, 0, 2, 0, 0, 0, 0, 0, 2, 0, 0, 1, 0, 0, 1, 0, 0, 3, 0, 0, 1, 2, 0, 0, 0, 1, 0, 3, 0, 1, 2, 0, 3, 0, 0, 0, 1, 0, 0],905.3920006323904,49923.071615426255,107370.32787968224,true
29,G2_TEC,G2_TEC,[31, 22, 82, 15, 26, 9, 95, 42, 77, 68, 47, 5, 93, 78, 86, 54, 85, 63, 18, 44, 20, 49, 36, 14, 74, 50, 53, 17, 21, 28, 11, 64, 3, 23, 30, 83, 24, 41, 40, 52, 65, 27, 90, 70, 39, 87, 48, 69, 99, 4, 46, 1, 13, 58, 97, 59, 45, 8, 73, 37, 35, 79, 71, 66, 76, 32, 60, 80, 96, 6, 16, 61, 33, 7, 57, 34, 12, 67, 10, 98, 56, 88, 43, 75, 91, 38, 84, 92, 29, 19, 51, 72, 89, 25, 2, 55, 62, 81, 94, 0]|[2, 1, 2, 1, 1, 2, 1, 1, 1, 1, 1, 0, 2, 2, 1, 2, 0, 0, 0, 2, 2, 1, 0, 2, 0, 2, 2, 1, 0, 1, 1, 1, 0, 0, 1, 0, 2, 1, 2, 2, 0, 0, 1, 1, 0, 2, 0, 2, 1, 0, 0, 2, 0, 0, 2, 0, 1, 1, 0, 0, 2, 1, 1, 1, 2, 0, 2, 2, 0, 1, 2, 1, 1, 2, 0, 1, 2, 1, 1, 2, 2, 1, 1, 0, 1, 0, 0, 0, 1, 1, 1, 1, 1, 1, 2, 0, 1, 1, 2, 0]|[0, 3, 0, 3, 4, 1, 4, 4, 2, 4, 3, 2, 1, 0, 2, 1, 1, 1, 2, 1, 1, 3, 0, 1, 0, 1, 1, 4, 1, 4, 3, 2, 2, 0, 4, 1, 1, 4, 1, 1, 2, 1, 4, 4, 1, 1, 0, 2, 3, 2, 2, 1, 2, 1, 1, 2, 4, 3, 0, 2, 2, 3, 3, 1, 1, 2, 1, 1, 2, 4, 1, 3, 4, 1, 2, 4, 1, 3, 3, 1, 1, 4, 4, 2, 3, 2, 2, 2, 3, 4, 3, 4, 4, 4, 1, 2, 3, 4, 1, 2]|[0, 2, 0, 0, 3, 0, 1, 3, 0, 0, 2, 0, 1, 0, 1, 0, 0, 0, 1, 0, 0, 2, 0, 0, 1, 0, 0, 3, 0, 1, 0, 2, 0, 0, 3, 0, 1, 3, 0, 0, 0, 0, 1, 3, 0, 0, 1, 0, 2, 0, 0, 0, 0, 0, 1, 0, 1, 0, 1, 1, 0, 2, 0, 2, 0, 0, 0, 0, 0, 2, 0, 0, 1, 0, 0, 1, 0, 0, 3, 0, 0, 1, 2, 0, 0, 0, 0, 0, 3, 1, 0, 2, 1, 3, 0, 0, 0, 1, 0, 0],882.9438068981488,49877.554644704585,107717.62812963048,false
29,G3_TWC,G3_TWC,[31, 22, 82, 15, 26, 58, 95, 42, 77, 12, 47, 5, 93, 78, 98, 54, 85, 63, 18, 44, 20, 35, 43, 97, 91, 76, 10, 30, 21, 45, 71, 64, 1, 23, 17, 83, 24, 14, 60, 36, 6, 57, 94, 88, 65, 56, 79, 40, 67, 68, 46, 75, 38, 9, 19, 32, 81, 41, 27, 62, 87, 90, 99, 59, 11, 16, 72, 73, 70, 39, 37, 84, 3, 92, 25, 55, 28, 29, 51, 7, 33, 61, 86, 66, 89, 50, 48, 96, 53, 8, 80, 4, 34, 49, 52, 0, 13, 69, 2, 74]|[1, 1, 0, 1, 1, 1, 2, 1, 2, 1, 2, 2, 2, 1, 1, 0, 0, 1, 0, 2, 2, 0, 1, 2, 0, 1, 2, 2, 0, 0, 1, 2, 1, 2, 1, 0, 2, 0, 1, 1, 0, 1, 1, 1, 0, 2, 1, 1, 0, 0, 0, 0, 1, 1, 2, 1, 2, 0, 0, 0, 2, 1, 0, 1, 2, 1, 2, 1, 1, 1, 1, 1, 1, 0, 1, 1, 0, 0, 0, 1, 2, 1, 0, 2, 1, 0, 0, 0, 0, 1, 0, 0, 2, 0, 1, 0, 0, 1, 0, 2]|[4, 3, 2, 2, 0, 0, 2, 2, 2, 4, 1, 1, 2, 4, 4, 1, 2, 4, 2, 1, 1, 1, 1, 2, 1, 2, 1, 1, 1, 1, 3, 2, 3, 0, 4, 0, 1, 1, 0, 3, 2, 2, 4, 0, 1, 1, 0, 2, 0, 1, 2, 2, 1, 4, 0, 3, 2, 1, 1, 2, 1, 3, 1, 1, 1, 3, 0, 4, 3, 1, 4, 1, 1, 2, 4, 4, 2, 1, 1, 3, 1, 3, 1, 1, 1, 1, 1, 1, 2, 3, 1, 2, 1, 1, 1, 2, 2, 3, 2, 1]|[0, 2, 1, 1, 3, 3, 0, 1, 0, 0, 0, 0, 1, 0, 1, 0, 0, 3, 1, 0, 0, 0, 3, 1, 0, 2, 0, 0, 0, 1, 0, 0, 0, 0, 3, 0, 1, 0, 0, 2, 1, 1, 2, 0, 0, 0, 0, 1, 1, 0, 0, 0, 1, 3, 0, 0, 1, 0, 0, 1, 0, 2, 0, 1, 0, 2, 1, 0, 0, 1, 1, 3, 1, 1, 3, 3, 1, 0, 0, 2, 0, 0, 0, 0, 1, 0, 0, 0, 1, 2, 0, 1, 0, 1, 1, 0, 0, 0, 0, 0],802.1274951829081,57956.38699448537,89691.2003308727,false
29,G1_CMAX,G1_CMAX,[31, 22, 82, 15, 26, 99, 95, 42, 77, 12, 47, 5, 93, 78, 86, 54, 21, 63, 18, 44, 20, 35, 43, 97, 91, 76, 10, 30, 85, 45, 71, 64, 1, 23, 17, 83, 24, 14, 60, 36, 6, 57, 40, 88, 65, 56, 79, 94, 67, 68, 46, 75, 38, 9, 19, 32, 41, 81, 27, 87, 90, 58, 59, 11, 16, 72, 73, 70, 39, 37, 84, 3, 92, 25, 55, 48, 62, 29, 51, 7, 33, 61, 98, 28, 89, 50, 4, 96, 53, 80, 8, 66, 34, 49, 52, 0, 74, 69, 2, 13]|[1, 1, 0, 1, 1, 0, 1, 1, 2, 1, 2, 2, 2, 1, 1, 0, 0, 1, 0, 2, 2, 0, 1, 2, 0, 1, 2, 2, 0, 0, 1, 2, 1, 2, 1, 0, 2, 0, 1, 1, 0, 1, 1, 1, 0, 2, 1, 1, 0, 0, 0, 0, 1, 1, 2, 1, 0, 2, 0, 2, 1, 0, 1, 2, 1, 2, 1, 1, 1, 1, 1, 1, 0, 1, 2, 0, 0, 0, 0, 1, 2, 1, 2, 0, 1, 0, 1, 2, 0, 0, 1, 2, 2, 0, 1, 0, 2, 1, 0, 0]|[0, 3, 2, 2, 4, 1, 2, 3, 2, 4, 1, 1, 2, 4, 4, 1, 1, 4, 2, 1, 1, 1, 1, 2, 1, 2, 1, 1, 2, 1, 3, 2, 3, 1, 4, 0, 1, 1, 0, 3, 2, 2, 2, 0, 1, 1, 0, 4, 0, 1, 2, 2, 1, 4, 0, 3, 1, 1, 1, 1, 3, 1, 1, 1, 3, 0, 4, 3, 1, 4, 1, 1, 0, 4, 1, 1, 2, 1, 1, 1, 1, 3, 1, 2, 1, 1, 4, 1, 2, 1, 3, 1, 1, 1, 1, 2, 1, 4, 2, 2]|[0, 2, 1, 1, 3, 0, 1, 3, 0, 0, 0, 0, 1, 0, 1, 0, 0, 3, 1, 0, 0, 0, 3, 1, 0, 2, 0, 0, 0, 1, 0, 0, 0, 0, 3, 0, 1, 0, 0, 2, 1, 1, 1, 0, 0, 0, 0, 2, 1, 0, 0, 0, 1, 3, 0, 0, 0, 0, 0, 0, 2, 0, 1, 0, 2, 1, 0, 0, 1, 1, 3, 1, 1, 3, 0, 0, 1, 0, 0, 2, 0, 0, 0, 1, 1, 0, 0, 0, 1, 0, 2, 0, 0, 1, 1, 0, 0, 2, 0, 0],731.2476204416437,56806.84376103422,93275.64763277225,false
29,G4_BALANCED,G4_BALANCED,[31, 11, 82, 15, 26, 9, 95, 42, 77, 68, 47, 5, 93, 78, 86, 54, 85, 63, 18, 44, 20, 49, 36, 14, 74, 50, 53, 17, 21, 28, 22, 64, 3, 23, 30, 83, 24, 41, 40, 52, 66, 27, 90, 70, 39, 87, 48, 69, 99, 4, 46, 1, 13, 58, 97, 59, 45, 8, 73, 37, 35, 79, 71, 65, 76, 32, 60, 80, 96, 6, 16, 61, 33, 7, 57, 34, 12, 67, 10, 98, 56, 88, 43, 75, 91, 38, 0, 92, 29, 84, 51, 72, 81, 25, 2, 55, 62, 89, 94, 19]|[2, 1, 2, 1, 1, 2, 1, 1, 1, 1, 1, 0, 2, 2, 1, 2, 0, 0, 0, 2, 2, 1, 0, 2, 0, 2, 2, 1, 0, 1, 1, 1, 0, 0, 1, 0, 2, 1, 2, 2, 0, 0, 1, 1, 0, 2, 0, 2, 1, 0, 0, 2, 0, 0, 2, 0, 1, 1, 0, 0, 2, 1, 1, 0, 2, 0, 2, 2, 0, 1, 2, 1, 1, 2, 0, 1, 1, 1, 1, 2, 2, 1, 1, 0, 1, 0, 0, 0, 1, 0, 1, 1, 1, 1, 2, 0, 1, 1, 2, 1]|[0, 3, 0, 3, 4, 1, 4, 4, 2, 4, 3, 2, 1, 0, 2, 1, 1, 1, 2, 1, 1, 3, 0, 1, 0, 1, 1, 4, 1, 4, 3, 2, 2, 0, 4, 1, 1, 4, 1, 1, 2, 1, 4, 4, 1, 1, 0, 2, 3, 2, 2, 1, 2, 1, 1, 2, 4, 3, 0, 2, 2, 3, 3, 2, 1, 2, 1, 1, 2, 4, 1, 3, 4, 1, 2, 4, 3, 3, 3, 1, 1, 4, 4, 2, 3, 2, 2, 2, 3, 2, 3, 4, 4, 4, 1, 2, 3, 4, 1, 4]|[0, 2, 0, 0, 3, 0, 1, 3, 0, 0, 2, 0, 1, 0, 1, 0, 0, 0, 1, 0, 0, 2, 0, 0, 1, 0, 0, 3, 0, 1, 0, 2, 0, 1, 3, 0, 1, 3, 0, 0, 0, 0, 1, 3, 0, 0, 1, 0, 2, 0, 0, 0, 0, 0, 1, 0, 1, 0, 1, 1, 0, 2, 0, 0, 0, 0, 0, 0, 0, 2, 0, 0, 1, 0, 0, 1, 0, 0, 3, 0, 0, 1, 2, 0, 0, 1, 0, 0, 3, 0, 0, 2, 1, 3, 0, 0, 0, 1, 0, 3],898.3644334320287,50608.64699106765,106612.03727574373,false
29,G2_TEC,G2_TEC,[31, 22, 82, 15, 26, 9, 95, 42, 77, 68, 47, 5, 93, 78, 86, 54, 85, 63, 18, 44, 20, 49, 36, 14, 74, 50, 53, 17, 21, 28, 11, 64, 3, 23, 30, 83, 24, 41, 40, 52, 65, 27, 90, 70, 39, 87, 48, 69, 99, 4, 46, 1, 13, 58, 97, 59, 45, 8, 73, 37, 35, 79, 71, 66, 76, 32, 60, 80, 96, 6, 16, 61, 33, 7, 57, 34, 12, 67, 10, 98, 56, 88, 43, 75, 91, 38, 84, 92, 29, 19, 51, 72, 89, 25, 2, 55, 62, 81, 94, 0]|[2, 1, 2, 1, 1, 2, 1, 1, 1, 1, 1, 0, 2, 2, 1, 2, 0, 0, 0, 2, 2, 1, 0, 2, 0, 2, 2, 1, 0, 1, 1, 1, 0, 0, 1, 0, 2, 1, 2, 2, 0, 0, 1, 1, 0, 2, 0, 2, 1, 0, 0, 2, 0, 0, 2, 0, 1, 1, 0, 0, 2, 1, 1, 1, 2, 0, 2, 2, 0, 1, 2, 1, 1, 2, 0, 1, 2, 1, 1, 2, 2, 1, 1, 0, 1, 0, 0, 0, 1, 1, 1, 1, 1, 1, 2, 0, 1, 1, 2, 0]|[0, 3, 0, 3, 4, 1, 4, 4, 2, 4, 3, 2, 1, 0, 2, 1, 1, 1, 2, 1, 1, 3, 0, 1, 0, 1, 1, 4, 1, 4, 3, 2, 2, 0, 4, 1, 1, 4, 1, 1, 2, 1, 4, 4, 1, 1, 0, 2, 3, 2, 2, 1, 2, 1, 1, 2, 4, 3, 0, 2, 2, 3, 3, 1, 1, 2, 1, 1, 2, 4, 1, 3, 4, 1, 2, 4, 1, 3, 3, 1, 1, 4, 4, 2, 3, 2, 2, 2, 3, 4, 3, 4, 4, 4, 1, 2, 3, 4, 1, 2]|[0, 2, 0, 0, 3, 0, 1, 3, 0, 0, 2, 0, 1, 0, 1, 0, 0, 0, 1, 0, 0, 2, 0, 0, 1, 0, 0, 3, 0, 1, 0, 2, 0, 0, 3, 0, 1, 3, 0, 0, 0, 0, 1, 3, 0, 0, 1, 0, 2, 0, 0, 0, 0, 0, 1, 0, 1, 0, 1, 1, 0, 2, 0, 2, 0, 0, 0, 0, 0, 2, 0, 0, 1, 0, 0, 1, 0, 0, 3, 0, 0, 1, 2, 0, 0, 0, 0, 0, 3, 1, 0, 2, 1, 3, 0, 0, 0, 1, 0, 0],882.9438068981488,49877.554644704585,107717.62812963048,false
29,G3_TWC,G3_TWC,[31, 22, 82, 15, 26, 58, 95, 42, 77, 12, 47, 5, 93, 78, 98, 54, 85, 63, 18, 44, 20, 35, 43, 97, 91, 76, 10, 30, 21, 45, 71, 64, 1, 23, 17, 83, 24, 14, 60, 36, 6, 57, 94, 88, 65, 56, 79, 40, 67, 68, 46, 75, 38, 9, 19, 32, 81, 41, 27, 62, 87, 90, 99, 59, 11, 16, 72, 73, 70, 39, 37, 84, 3, 92, 25, 55, 28, 29, 51, 7, 33, 61, 86, 66, 89, 50, 48, 96, 53, 8, 80, 4, 34, 49, 52, 0, 13, 69, 2, 74]|[1, 1, 0, 1, 1, 1, 2, 1, 2, 1, 2, 2, 2, 1, 1, 0, 0, 1, 0, 2, 2, 0, 1, 2, 0, 1, 2, 2, 0, 0, 1, 2, 1, 2, 1, 0, 2, 0, 1, 1, 0, 1, 1, 1, 0, 2, 1, 1, 0, 0, 0, 0, 1, 1, 2, 1, 2, 0, 0, 0, 2, 1, 0, 1, 2, 1, 2, 1, 1, 1, 1, 1, 1, 0, 1, 1, 0, 0, 0, 1, 2, 1, 0, 2, 1, 0, 0, 0, 0, 1, 0, 0, 2, 0, 1, 0, 0, 1, 0, 2]|[4, 3, 2, 2, 0, 0, 2, 2, 2, 4, 1, 1, 2, 4, 4, 1, 2, 4, 2, 1, 1, 1, 1, 2, 1, 2, 1, 1, 1, 1, 3, 2, 3, 0, 4, 0, 1, 1, 0, 3, 2, 2, 4, 0, 1, 1, 0, 2, 0, 1, 2, 2, 1, 4, 0, 3, 2, 1, 1, 2, 1, 3, 1, 1, 1, 3, 0, 4, 3, 1, 4, 1, 1, 2, 4, 4, 2, 1, 1, 3, 1, 3, 1, 1, 1, 1, 1, 1, 2, 3, 1, 2, 1, 1, 1, 2, 2, 3, 2, 1]|[0, 2, 1, 1, 3, 3, 0, 1, 0, 0, 0, 0, 1, 0, 1, 0, 0, 3, 1, 0, 0, 0, 3, 1, 0, 2, 0, 0, 0, 1, 0, 0, 0, 0, 3, 0, 1, 0, 0, 2, 1, 1, 2, 0, 0, 0, 0, 1, 1, 0, 0, 0, 1, 3, 0, 0, 1, 0, 0, 1, 0, 2, 0, 1, 0, 2, 1, 0, 0, 1, 1, 3, 1, 1, 3, 3, 1, 0, 0, 2, 0, 0, 0, 0, 1, 0, 0, 0, 1, 2, 0, 1, 0, 1, 1, 0, 0, 0, 0, 0],802.1274951829081,57956.38699448537,89691.2003308727,false
29,G1_CMAX,G1_CMAX,[31, 22, 82, 15, 26, 99, 95, 42, 77, 12, 47, 5, 93, 78, 86, 54, 21, 63, 18, 44, 20, 35, 43, 97, 91, 76, 10, 30, 85, 45, 71, 64, 1, 23, 17, 83, 24, 14, 60, 36, 6, 57, 40, 88, 65, 56, 79, 94, 67, 68, 46, 75, 38, 9, 19, 32, 41, 81, 27, 87, 90, 58, 59, 11, 16, 72, 73, 70, 39, 37, 84, 3, 92, 25, 55, 48, 62, 29, 51, 7, 33, 61, 98, 28, 89, 50, 4, 96, 53, 80, 8, 66, 34, 49, 52, 0, 74, 69, 2, 13]|[1, 1, 0, 1, 1, 0, 1, 1, 2, 1, 2, 2, 2, 1, 1, 0, 0, 1, 0, 2, 2, 0, 1, 2, 0, 1, 2, 2, 0, 0, 1, 2, 1, 2, 1, 0, 2, 0, 1, 1, 0, 1, 1, 1, 0, 2, 1, 1, 0, 0, 0, 0, 1, 1, 2, 1, 0, 2, 0, 2, 1, 0, 1, 2, 1, 2, 1, 1, 1, 1, 1, 1, 0, 1, 2, 0, 0, 0, 0, 1, 2, 1, 2, 0, 1, 0, 1, 2, 0, 0, 1, 2, 2, 0, 1, 0, 2, 1, 0, 0]|[0, 3, 2, 2, 4, 1, 2, 3, 2, 4, 1, 1, 2, 4, 4, 1, 1, 4, 2, 1, 1, 1, 1, 2, 1, 2, 1, 1, 2, 1, 3, 2, 3, 1, 4, 0, 1, 1, 0, 3, 2, 2, 2, 0, 1, 1, 0, 4, 0, 1, 2, 2, 1, 4, 0, 3, 1, 1, 1, 1, 3, 1, 1, 1, 3, 0, 4, 3, 1, 4, 1, 1, 0, 4, 1, 1, 2, 1, 1, 1, 1, 3, 1, 2, 1, 1, 4, 1, 2, 1, 3, 1, 1, 1, 1, 2, 1, 4, 2, 2]|[0, 2, 1, 1, 3, 0, 1, 3, 0, 0, 0, 0, 1, 0, 1, 0, 0, 3, 1, 0, 0, 0, 3, 1, 0, 2, 0, 0, 0, 1, 0, 0, 0, 0, 3, 0, 1, 0, 0, 2, 1, 1, 1, 0, 0, 0, 0, 2, 1, 0, 0, 0, 1, 3, 0, 0, 0, 0, 0, 0, 2, 0, 1, 0, 2, 1, 0, 0, 1, 1, 3, 1, 1, 3, 0, 0, 1, 0, 0, 2, 0, 0, 0, 1, 1, 0, 0, 0, 1, 0, 2, 0, 0, 1, 1, 0, 0, 2, 0, 0],731.2476204416437,56806.84376103422,93275.64763277225,false
29,G4_BALANCED,G4_BALANCED,[31, 11, 15, 82, 26, 9, 95, 32, 77, 68, 47, 5, 93, 78, 86, 54, 85, 63, 18, 44, 20, 49, 36, 14, 74, 50, 53, 17, 21, 45, 71, 64, 3, 23, 30, 83, 24, 41, 60, 52, 65, 27, 90, 70, 39, 87, 48, 69, 99, 4, 46, 1, 13, 58, 97, 59, 28, 75, 73, 37, 35, 79, 22, 66, 76, 42, 40, 80, 96, 6, 16, 61, 33, 7, 57, 34, 12, 67, 10, 98, 56, 88, 29, 94, 91, 38, 51, 92, 43, 84, 19, 72, 81, 25, 0, 55, 62, 89, 8, 2]|[2, 1, 1, 2, 1, 2, 1, 1, 1, 1, 1, 0, 2, 2, 1, 2, 0, 0, 0, 2, 2, 1, 0, 2, 0, 2, 2, 1, 0, 1, 1, 1, 0, 0, 1, 0, 2, 1, 2, 2, 0, 0, 1, 1, 0, 2, 0, 2, 1, 0, 0, 2, 0, 0, 2, 0, 1, 0, 0, 0, 2, 1, 0, 2, 2, 0, 2, 2, 0, 1, 2, 1, 1, 2, 0, 1, 1, 1, 1, 2, 2, 1, 1, 2, 1, 0, 1, 0, 1, 0, 1, 1, 1, 1, 0, 0, 1, 1, 1, 2]|[0, 3, 2, 0, 4, 1, 4, 4, 2, 4, 3, 2, 1, 0, 2, 1, 1, 1, 2, 1, 1, 3, 0, 1, 0, 1, 1, 4, 1, 4, 3, 2, 2, 0, 4, 1, 1, 4, 0, 1, 2, 1, 4, 4, 1, 1, 0, 2, 3, 1, 2, 1, 2, 1, 1, 2, 4, 2, 0, 2, 2, 3, 1, 0, 1, 2, 0, 1, 2, 4, 1, 3, 4, 1, 2, 4, 3, 3, 3, 1, 1, 4, 3, 1, 3, 2, 3, 2, 4, 2, 4, 4, 1, 4, 2, 2, 3, 4, 3, 1]|[0, 2, 1, 0, 3, 0, 1, 3, 0, 0, 2, 0, 1, 0, 1, 0, 0, 0, 1, 0, 0, 2, 0, 0, 1, 0, 0, 3, 0, 1, 0, 2, 0, 1, 3, 0, 1, 3, 1, 0, 0, 0, 1, 3, 0, 0, 1, 0, 2, 0, 0, 0, 0, 0, 1, 0, 1, 0, 1, 1, 0, 2, 0, 0, 0, 0, 0, 0, 0, 2, 0, 0, 1, 0, 0, 1, 0, 0, 3, 0, 0, 1, 0, 0, 0, 0, 0, 0, 2, 0, 3, 2, 1, 3, 0, 0, 0, 1, 0, 0],838.0858887121581,52145.01293281826,108083.60693758915,false
29,G2_TEC,G2_TEC,[31, 22, 82, 15, 26, 9, 95, 42, 77, 68, 47, 5, 93, 78, 86, 54, 85, 63, 18, 44, 20, 49, 36, 14, 74, 50, 53, 17, 21, 28, 11, 64, 3, 23, 30, 83, 24, 41, 40, 52, 65, 27, 90, 70, 39, 87, 48, 69, 99, 4, 46, 1, 13, 58, 97, 59, 45, 8, 73, 37, 35, 79, 71, 66, 76, 32, 60, 80, 96, 6, 16, 61, 33, 7, 57, 34, 12, 67, 10, 98, 56, 88, 43, 75, 91, 38, 84, 92, 29, 19, 51, 72, 89, 25, 2, 55, 62, 81, 94, 0]|[2, 1, 2, 1, 1, 2, 1, 1, 1, 1, 1, 0, 2, 2, 1, 2, 0, 0, 0, 2, 2, 1, 0, 2, 0, 2, 2, 1, 0, 1, 1, 1, 0, 0, 1, 0, 2, 1, 2, 2, 0, 0, 1, 1, 0, 2, 0, 2, 1, 0, 0, 2, 0, 0, 2, 0, 1, 1, 0, 0, 2, 1, 1, 1, 2, 0, 2, 2, 0, 1, 2, 1, 1, 2, 0, 1, 2, 1, 1, 2, 2, 1, 1, 0, 1, 0, 0, 0, 1, 1, 1, 1, 1, 1, 2, 0, 1, 1, 2, 0]|[0, 3, 0, 3, 4, 1, 4, 4, 2, 4, 3, 2, 1, 0, 2, 1, 1, 1, 2, 1, 1, 3, 0, 1, 0, 1, 1, 4, 1, 4, 3, 2, 2, 0, 4, 1, 1, 4, 1, 1, 2, 1, 4, 4, 1, 1, 0, 2, 3, 2, 2, 1, 2, 1, 1, 2, 4, 3, 0, 2, 2, 3, 3, 1, 1, 2, 1, 1, 2, 4, 1, 3, 4, 1, 2, 4, 1, 3, 3, 1, 1, 4, 4, 2, 3, 2, 2, 2, 3, 4, 3, 4, 4, 4, 1, 2, 3, 4, 1, 2]|[0, 2, 0, 0, 3, 0, 1, 3, 0, 0, 2, 0, 1, 0, 1, 0, 0, 0, 1, 0, 0, 2, 0, 0, 1, 0, 0, 3, 0, 1, 0, 2, 0, 0, 3, 0, 1, 3, 0, 0, 0, 0, 1, 3, 0, 0, 1, 0, 2, 0, 0, 0, 0, 0, 1, 0, 1, 0, 1, 1, 0, 2, 0, 2, 0, 0, 0, 0, 0, 2, 0, 0, 1, 0, 0, 1, 0, 0, 3, 0, 0, 1, 2, 0, 0, 0, 0, 0, 3, 1, 0, 2, 1, 3, 0, 0, 0, 1, 0, 0],882.9438068981488,49877.554644704585,107717.62812963048,false
29,G3_TWC,G3_TWC,[31, 22, 82, 15, 26, 58, 95, 42, 77, 12, 47, 5, 93, 78, 98, 54, 85, 63, 18, 44, 20, 35, 43, 97, 91, 76, 10, 30, 21, 45, 71, 64, 1, 23, 17, 83, 24, 14, 60, 36, 6, 57, 94, 88, 65, 56, 79, 40, 67, 68, 46, 75, 38, 9, 19, 32, 81, 41, 27, 62, 87, 90, 99, 59, 11, 16, 72, 73, 70, 39, 37, 84, 3, 92, 25, 55, 28, 29, 51, 7, 33, 61, 86, 66, 89, 50, 48, 96, 53, 8, 80, 4, 34, 49, 52, 0, 13, 69, 2, 74]|[1, 1, 0, 1, 1, 1, 2, 1, 2, 1, 2, 2, 2, 1, 1, 0, 0, 1, 0, 2, 2, 0, 1, 2, 0, 1, 2, 2, 0, 0, 1, 2, 1, 2, 1, 0, 2, 0, 1, 1, 0, 1, 1, 1, 0, 2, 1, 1, 0, 0, 0, 0, 1, 1, 2, 1, 2, 0, 0, 0, 2, 1, 0, 1, 2, 1, 2, 1, 1, 1, 1, 1, 1, 0, 1, 1, 0, 0, 0, 1, 2, 1, 0, 2, 1, 0, 0, 0, 0, 1, 0, 0, 2, 0, 1, 0, 0, 1, 0, 2]|[4, 3, 2, 2, 0, 0, 2, 2, 2, 4, 1, 1, 2, 4, 4, 1, 2, 4, 2, 1, 1, 1, 1, 2, 1, 2, 1, 1, 1, 1, 3, 2, 3, 0, 4, 0, 1, 1, 0, 3, 2, 2, 4, 0, 1, 1, 0, 2, 0, 1, 2, 2, 1, 4, 0, 3, 2, 1, 1, 2, 1, 3, 1, 1, 1, 3, 0, 4, 3, 1, 4, 1, 1, 2, 4, 4, 2, 1, 1, 3, 1, 3, 1, 1, 1, 1, 1, 1, 2, 3, 1, 2, 1, 1, 1, 2, 2, 3, 2, 1]|[0, 2, 1, 1, 3, 3, 0, 1, 0, 0, 0, 0, 1, 0, 1, 0, 0, 3, 1, 0, 0, 0, 3, 1, 0, 2, 0, 0, 0, 1, 0, 0, 0, 0, 3, 0, 1, 0, 0, 2, 1, 1, 2, 0, 0, 0, 0, 1, 1, 0, 0, 0, 1, 3, 0, 0, 1, 0, 0, 1, 0, 2, 0, 1, 0, 2, 1, 0, 0, 1, 1, 3, 1, 1, 3, 3, 1, 0, 0, 2, 0, 0, 0, 0, 1, 0, 0, 0, 1, 2, 0, 1, 0, 1, 1, 0, 0, 0, 0, 0],802.1274951829081,57956.38699448537,89691.2003308727,false
29,G1_CMAX,G1_CMAX,[31, 22, 82, 15, 26, 99, 95, 42, 77, 12, 47, 5, 93, 78, 86, 54, 21, 63, 18, 44, 20, 35, 43, 97, 91, 76, 10, 30, 85, 45, 71, 64, 1, 23, 17, 83, 24, 14, 60, 36, 6, 57, 40, 88, 65, 56, 79, 94, 67, 68, 46, 75, 38, 9, 19, 32, 41, 81, 27, 87, 90, 58, 59, 11, 16, 72, 73, 70, 39, 37, 84, 3, 92, 25, 55, 48, 62, 29, 51, 7, 33, 61, 98, 28, 89, 50, 4, 96, 53, 80, 8, 66, 34, 49, 52, 0, 74, 69, 2, 13]|[1, 1, 0, 1, 1, 0, 1, 1, 2, 1, 2, 2, 2, 1, 1, 0, 0, 1, 0, 2, 2, 0, 1, 2, 0, 1, 2, 2, 0, 0, 1, 2, 1, 2, 1, 0, 2, 0, 1, 1, 0, 1, 1, 1, 0, 2, 1, 1, 0, 0, 0, 0, 1, 1, 2, 1, 0, 2, 0, 2, 1, 0, 1, 2, 1, 2, 1, 1, 1, 1, 1, 1, 0, 1, 2, 0, 0, 0, 0, 1, 2, 1, 2, 0, 1, 0, 1, 2, 0, 0, 1, 2, 2, 0, 1, 0, 2, 1, 0, 0]|[0, 3, 2, 2, 4, 1, 2, 3, 2, 4, 1, 1, 2, 4, 4, 1, 1, 4, 2, 1, 1, 1, 1, 2, 1, 2, 1, 1, 2, 1, 3, 2, 3, 1, 4, 0, 1, 1, 0, 3, 2, 2, 2, 0, 1, 1, 0, 4, 0, 1, 2, 2, 1, 4, 0, 3, 1, 1, 1, 1, 3, 1, 1, 1, 3, 0, 4, 3, 1, 4, 1, 1, 0, 4, 1, 1, 2, 1, 1, 1, 1, 3, 1, 2, 1, 1, 4, 1, 2, 1, 3, 1, 1, 1, 1, 2, 1, 4, 2, 2]|[0, 2, 1, 1, 3, 0, 1, 3, 0, 0, 0, 0, 1, 0, 1, 0, 0, 3, 1, 0, 0, 0, 3, 1, 0, 2, 0, 0, 0, 1, 0, 0, 0, 0, 3, 0, 1, 0, 0, 2, 1, 1, 1, 0, 0, 0, 0, 2, 1, 0, 0, 0, 1, 3, 0, 0, 0, 0, 0, 0, 2, 0, 1, 0, 2, 1, 0, 0, 1, 1, 3, 1, 1, 3, 0, 0, 1, 0, 0, 2, 0, 0, 0, 1, 1, 0, 0, 0, 1, 0, 2, 0, 0, 1, 1, 0, 0, 2, 0, 0],731.2476204416437,56806.84376103422,93275.64763277225,false
29,G4_BALANCED,G3_TWC,[31, 22, 82, 15, 26, 58, 95, 42, 77, 12, 47, 5, 93, 78, 98, 54, 85, 63, 18, 44, 20, 35, 43, 97, 91, 76, 10, 30, 21, 45, 71, 64, 1, 23, 17, 83, 24, 14, 60, 36, 6, 57, 94, 88, 65, 56, 79, 40, 67, 68, 46, 75, 38, 9, 19, 32, 81, 41, 27, 62, 87, 90, 99, 59, 11, 16, 72, 73, 70, 39, 37, 84, 3, 51, 25, 55, 28, 29, 92, 7, 33, 74, 86, 66, 89, 50, 48, 96, 53, 8, 80, 4, 34, 49, 52, 0, 13, 2, 69, 61]|[1, 1, 0, 1, 1, 1, 2, 1, 2, 1, 2, 2, 2, 1, 1, 0, 0, 1, 0, 2, 2, 0, 0, 2, 0, 1, 2, 2, 0, 0, 1, 2, 1, 2, 1, 0, 2, 0, 1, 1, 0, 1, 1, 1, 0, 2, 1, 1, 0, 0, 0, 0, 1, 1, 2, 1, 2, 0, 0, 0, 2, 1, 0, 1, 2, 1, 2, 1, 1, 1, 1, 1, 1, 0, 1, 1, 0, 0, 0, 1, 2, 2, 0, 2, 1, 0, 0, 0, 0, 1, 0, 0, 2, 0, 1, 0, 0, 0, 1, 1]|[4, 3, 2, 2, 0, 0, 2, 2, 2, 4, 1, 1, 2, 4, 4, 1, 2, 4, 2, 1, 1, 1, 1, 2, 1, 2, 1, 1, 1, 1, 3, 2, 3, 0, 4, 0, 1, 1, 0, 3, 2, 2, 4, 0, 1, 1, 0, 2, 0, 1, 2, 2, 1, 4, 0, 3, 2, 1, 1, 2, 1, 3, 1, 1, 1, 3, 0, 4, 3, 1, 4, 1, 1, 1, 4, 4, 2, 1, 2, 3, 1, 1, 1, 1, 1, 1, 1, 1, 2, 3, 1, 2, 1, 1, 1, 2, 2, 2, 3, 3]|[0, 2, 1, 1, 3, 3, 0, 1, 0, 0, 0, 0, 1, 0, 1, 0, 0, 3, 1, 0, 0, 0, 0, 1, 0, 2, 0, 0, 0, 1, 0, 0, 0, 0, 3, 0, 1, 0, 0, 2, 1, 1, 2, 0, 0, 0, 0, 1, 1, 0, 0, 0, 1, 3, 0, 0, 1, 0, 0, 1, 0, 2, 0, 1, 0, 2, 1, 0, 0, 1, 1, 3, 1, 0, 3, 3, 1, 0, 1, 2, 0, 0, 0, 0, 1, 0, 0, 0, 1, 2, 0, 1, 0, 1, 1, 0, 0, 0, 0, 0],811.7308099258751,57714.166452371326,89880.00630289003,true
29,G2_TEC,G2_TEC,[31, 22, 82, 15, 26, 9, 95, 42, 77, 68, 47, 5, 93, 78, 86, 54, 85, 63, 18, 44, 20, 49, 36, 14, 74, 50, 53, 17, 21, 28, 11, 64, 3, 23, 30, 83, 24, 41, 40, 52, 65, 27, 90, 70, 39, 87, 48, 69, 99, 4, 46, 1, 13, 58, 97, 59, 45, 8, 73, 37, 35, 79, 71, 66, 76, 32, 60, 80, 96, 6, 16, 61, 33, 7, 57, 34, 12, 67, 10, 98, 56, 88, 43, 75, 91, 38, 84, 92, 29, 19, 51, 72, 89, 25, 2, 55, 62, 81, 94, 0]|[2, 1, 2, 1, 1, 2, 1, 1, 1, 1, 1, 0, 2, 2, 1, 2, 0, 0, 0, 2, 2, 1, 0, 2, 0, 2, 2, 1, 0, 1, 1, 1, 0, 0, 1, 0, 2, 1, 2, 2, 0, 0, 1, 1, 0, 2, 0, 2, 1, 0, 0, 2, 0, 0, 2, 0, 1, 1, 0, 0, 2, 1, 1, 1, 2, 0, 2, 2, 0, 1, 2, 1, 1, 2, 0, 1, 2, 1, 1, 2, 2, 1, 1, 0, 1, 0, 0, 0, 1, 1, 1, 1, 1, 1, 2, 0, 1, 1, 2, 0]|[0, 3, 0, 3, 4, 1, 4, 4, 2, 4, 3, 2, 1, 0, 2, 1, 1, 1, 2, 1, 1, 3, 0, 1, 0, 1, 1, 4, 1, 4, 3, 2, 2, 0, 4, 1, 1, 4, 1, 1, 2, 1, 4, 4, 1, 1, 0, 2, 3, 2, 2, 1, 2, 1, 1, 2, 4, 3, 0, 2, 2, 3, 3, 1, 1, 2, 1, 1, 2, 4, 1, 3, 4, 1, 2, 4, 1, 3, 3, 1, 1, 4, 4, 2, 3, 2, 2, 2, 3, 4, 3, 4, 4, 4, 1, 2, 3, 4, 1, 2]|[0, 2, 0, 0, 3, 0, 1, 3, 0, 0, 2, 0, 1, 0, 1, 0, 0, 0, 1, 0, 0, 2, 0, 0, 1, 0, 0, 3, 0, 1, 0, 2, 0, 0, 3, 0, 1, 3, 0, 0, 0, 0, 1, 3, 0, 0, 1, 0, 2, 0, 0, 0, 0, 0, 1, 0, 1, 0, 1, 1, 0, 2, 0, 2, 0, 0, 0, 0, 0, 2, 0, 0, 1, 0, 0, 1, 0, 0, 3, 0, 0, 1, 2, 0, 0, 0, 0, 0, 3, 1, 0, 2, 1, 3, 0, 0, 0, 1, 0, 0],882.9438068981488,49877.554644704585,107717.62812963048,false
29,G3_TWC,G3_TWC,[31, 22, 82, 15, 26, 58, 95, 42, 77, 12, 47, 5, 93, 78, 98, 54, 85, 63, 18, 44, 20, 35, 43, 97, 91, 76, 10, 30, 21, 45, 71, 64, 1, 23, 17, 83, 24, 14, 60, 36, 6, 57, 94, 88, 65, 56, 79, 40, 67, 68, 46, 75, 38, 9, 19, 32, 81, 41, 27, 62, 87, 90, 99, 59, 11, 16, 72, 73, 70, 39, 37, 84, 3, 92, 25, 55, 28, 29, 51, 7, 33, 61, 86, 66, 89, 50, 48, 96, 53, 8, 80, 4, 34, 49, 52, 0, 13, 69, 2, 74]|[1, 1, 0, 1, 1, 1, 2, 1, 2, 1, 2, 2, 2, 1, 1, 0, 0, 1, 0, 2, 2, 0, 1, 2, 0, 1, 2, 2, 0, 0, 1, 2, 1, 2, 1, 0, 2, 0, 1, 1, 0, 1, 1, 1, 0, 2, 1, 1, 0, 0, 0, 0, 1, 1, 2, 1, 2, 0, 0, 0, 2, 1, 0, 1, 2, 1, 2, 1, 1, 1, 1, 1, 1, 0, 1, 1, 0, 0, 0, 1, 2, 1, 0, 2, 1, 0, 0, 0, 0, 1, 0, 0, 2, 0, 1, 0, 0, 1, 0, 2]|[4, 3, 2, 2, 0, 0, 2, 2, 2, 4, 1, 1, 2, 4, 4, 1, 2, 4, 2, 1, 1, 1, 1, 2, 1, 2, 1, 1, 1, 1, 3, 2, 3, 0, 4, 0, 1, 1, 0, 3, 2, 2, 4, 0, 1, 1, 0, 2, 0, 1, 2, 2, 1, 4, 0, 3, 2, 1, 1, 2, 1, 3, 1, 1, 1, 3, 0, 4, 3, 1, 4, 1, 1, 2, 4, 4, 2, 1, 1, 3, 1, 3, 1, 1, 1, 1, 1, 1, 2, 3, 1, 2, 1, 1, 1, 2, 2, 3, 2, 1]|[0, 2, 1, 1, 3, 3, 0, 1, 0, 0, 0, 0, 1, 0, 1, 0, 0, 3, 1, 0, 0, 0, 3, 1, 0, 2, 0, 0, 0, 1, 0, 0, 0, 0, 3, 0, 1, 0, 0, 2, 1, 1, 2, 0, 0, 0, 0, 1, 1, 0, 0, 0, 1, 3, 0, 0, 1, 0, 0, 1, 0, 2, 0, 1, 0, 2, 1, 0, 0, 1, 1, 3, 1, 1, 3, 3, 1, 0, 0, 2, 0, 0, 0, 0, 1, 0, 0, 0, 1, 2, 0, 1, 0, 1, 1, 0, 0, 0, 0, 0],802.1274951829081,57956.38699448537,89691.2003308727,false
29,G1_CMAX,G1_CMAX,[31, 22, 82, 15, 26, 99, 95, 42, 77, 12, 47, 5, 93, 78, 86, 54, 21, 63, 18, 44, 20, 35, 43, 97, 91, 76, 10, 30, 85, 45, 71, 64, 1, 23, 17, 83, 24, 14, 60, 36, 6, 57, 40, 88, 65, 56, 79, 94, 67, 68, 46, 75, 38, 9, 19, 32, 41, 81, 27, 87, 90, 58, 59, 11, 16, 72, 73, 70, 39, 37, 84, 3, 92, 25, 55, 48, 62, 29, 51, 7, 33, 61, 98, 28, 89, 50, 4, 96, 53, 80, 8, 66, 34, 49, 52, 0, 74, 69, 2, 13]|[1, 1, 0, 1, 1, 0, 1, 1, 2, 1, 2, 2, 2, 1, 1, 0, 0, 1, 0, 2, 2, 0, 1, 2, 0, 1, 2, 2, 0, 0, 1, 2, 1, 2, 1, 0, 2, 0, 1, 1, 0, 1, 1, 1, 0, 2, 1, 1, 0, 0, 0, 0, 1, 1, 2, 1, 0, 2, 0, 2, 1, 0, 1, 2, 1, 2, 1, 1, 1, 1, 1, 1, 0, 1, 2, 0, 0, 0, 0, 1, 2, 1, 2, 0, 1, 0, 1, 2, 0, 0, 1, 2, 2, 0, 1, 0, 2, 1, 0, 0]|[0, 3, 2, 2, 4, 1, 2, 3, 2, 4, 1, 1, 2, 4, 4, 1, 1, 4, 2, 1, 1, 1, 1, 2, 1, 2, 1, 1, 2, 1, 3, 2, 3, 1, 4, 0, 1, 1, 0, 3, 2, 2, 2, 0, 1, 1, 0, 4, 0, 1, 2, 2, 1, 4, 0, 3, 1, 1, 1, 1, 3, 1, 1, 1, 3, 0, 4, 3, 1, 4, 1, 1, 0, 4, 1, 1, 2, 1, 1, 1, 1, 3, 1, 2, 1, 1, 4, 1, 2, 1, 3, 1, 1, 1, 1, 2, 1, 4, 2, 2]|[0, 2, 1, 1, 3, 0, 1, 3, 0, 0, 0, 0, 1, 0, 1, 0, 0, 3, 1, 0, 0, 0, 3, 1, 0, 2, 0, 0, 0, 1, 0, 0, 0, 0, 3, 0, 1, 0, 0, 2, 1, 1, 1, 0, 0, 0, 0, 2, 1, 0, 0, 0, 1, 3, 0, 0, 0, 0, 0, 0, 2, 0, 1, 0, 2, 1, 0, 0, 1, 1, 3, 1, 1, 3, 0, 0, 1, 0, 0, 2, 0, 0, 0, 1, 1, 0, 0, 0, 1, 0, 2, 0, 0, 1, 1, 0, 0, 2, 0, 0],731.2476204416437,56806.84376103422,93275.64763277225,false
29,G4_BALANCED,G3_TWC,[31, 22, 82, 15, 26, 58, 95, 42, 77, 12, 47, 5, 93, 78, 98, 54, 85, 63, 18, 44, 20, 35, 43, 97, 91, 76, 10, 30, 21, 45, 71, 64, 1, 23, 17, 83, 24, 14, 60, 36, 6, 57, 94, 88, 65, 56, 79, 40, 67, 68, 46, 75, 38, 9, 19, 32, 81, 41, 27, 87, 90, 99, 62, 59, 11, 16, 72, 73, 70, 39, 37, 84, 3, 92, 25, 55, 28, 29, 51, 7, 33, 61, 86, 66, 89, 50, 48, 96, 53, 80, 4, 8, 34, 49, 52, 0, 13, 2, 69, 74]|[1, 1, 0, 1, 1, 1, 2, 1, 2, 1, 2, 2, 2, 1, 1, 0, 0, 1, 0, 2, 2, 0, 1, 2, 0, 1, 2, 2, 0, 0, 1, 2, 1, 2, 1, 0, 2, 0, 1, 1, 0, 1, 1, 1, 0, 2, 1, 1, 0, 0, 0, 0, 1, 1, 2, 1, 2, 0, 0, 2, 1, 0, 0, 1, 2, 1, 2, 1, 1, 1, 1, 1, 1, 0, 1, 1, 0, 0, 0, 1, 2, 1, 0, 0, 1, 0, 0, 2, 0, 0, 0, 1, 2, 0, 1, 0, 0, 0, 1, 2]|[4, 3, 2, 2, 0, 0, 2, 2, 2, 4, 1, 1, 2, 4, 4, 1, 2, 4, 2, 1, 1, 1, 1, 2, 1, 2, 1, 1, 1, 1, 3, 2, 3, 1, 4, 0, 1, 1, 0, 3, 2, 2, 4, 0, 1, 1, 0, 2, 0, 1, 2, 2, 1, 4, 0, 3, 2, 1, 1, 1, 3, 1, 1, 1, 1, 3, 0, 4, 3, 1, 4, 1, 1, 0, 4, 4, 2, 1, 1, 3, 1, 3, 1, 1, 1, 1, 1, 1, 2, 1, 2, 3, 1, 1, 1, 2, 2, 2, 3, 1]|[0, 2, 1, 1, 3, 3, 0, 1, 0, 0, 0, 0, 1, 0, 1, 0, 0, 3, 1, 0, 0, 0, 3, 1, 0, 2, 0, 0, 0, 1, 0, 0, 0, 0, 3, 0, 1, 0, 0, 2, 1, 1, 2, 0, 0, 0, 0, 1, 1, 0, 0, 0, 1, 3, 0, 0, 1, 0, 0, 0, 2, 0, 0, 1, 0, 2, 1, 0, 0, 1, 1, 3, 1, 1, 3, 3, 1, 0, 0, 2, 0, 0, 0, 0, 1, 0, 0, 0, 1, 0, 1, 2, 0, 1, 1, 0, 0, 0, 0, 0],802.7210103161755,57411.59449868144,91240.4353383529,true
29,G2_TEC,G2_TEC,[31, 22, 82, 15, 26, 9, 95, 42, 77, 68, 47, 5, 93, 78, 86, 54, 85, 63, 18, 44, 20, 49, 36, 14, 74, 50, 53, 17, 21, 28, 11, 64, 3, 23, 30, 83, 24, 41, 40, 52, 65, 27, 90, 70, 39, 87, 48, 69, 99, 4, 46, 1, 13, 58, 97, 59, 45, 8, 73, 37, 35, 79, 71, 66, 76, 32, 60, 80, 96, 6, 16, 61, 33, 7, 57, 34, 12, 67, 10, 98, 56, 88, 43, 75, 91, 38, 84, 92, 29, 19, 51, 72, 89, 25, 2, 55, 62, 81, 94, 0]|[2, 1, 2, 1, 1, 2, 1, 1, 1, 1, 1, 0, 2, 2, 1, 2, 0, 0, 0, 2, 2, 1, 0, 2, 0, 2, 2, 1, 0, 1, 1, 1, 0, 0, 1, 0, 2, 1, 2, 2, 0, 0, 1, 1, 0, 2, 0, 2, 1, 0, 0, 2, 0, 0, 2, 0, 1, 1, 0, 0, 2, 1, 1, 1, 2, 0, 2, 2, 0, 1, 2, 1, 1, 2, 0, 1, 2, 1, 1, 2, 2, 1, 1, 0, 1, 0, 0, 0, 1, 1, 1, 1, 1, 1, 2, 0, 1, 1, 2, 0]|[0, 3, 0, 3, 4, 1, 4, 4, 2, 4, 3, 2, 1, 0, 2, 1, 1, 1, 2, 1, 1, 3, 0, 1, 0, 1, 1, 4, 1, 4, 3, 2, 2, 0, 4, 1, 1, 4, 1, 1, 2, 1, 4, 4, 1, 1, 0, 2, 3, 2, 2, 1, 2, 1, 1, 2, 4, 3, 0, 2, 2, 3, 3, 1, 1, 2, 1, 1, 2, 4, 1, 3, 4, 1, 2, 4, 1, 3, 3, 1, 1, 4, 4, 2, 3, 2, 2, 2, 3, 4, 3, 4, 4, 4, 1, 2, 3, 4, 1, 2]|[0, 2, 0, 0, 3, 0, 1, 3, 0, 0, 2, 0, 1, 0, 1, 0, 0, 0, 1, 0, 0, 2, 0, 0, 1, 0, 0, 3, 0, 1, 0, 2, 0, 0, 3, 0, 1, 3, 0, 0, 0, 0, 1, 3, 0, 0, 1, 0, 2, 0, 0, 0, 0, 0, 1, 0, 1, 0, 1, 1, 0, 2, 0, 2, 0, 0, 0, 0, 0, 2, 0, 0, 1, 0, 0, 1, 0, 0, 3, 0, 0, 1, 2, 0, 0, 0, 0, 0, 3, 1, 0, 2, 1, 3, 0, 0, 0, 1, 0, 0],882.9438068981488,49877.554644704585,107717.62812963048,false
29,G3_TWC,G3_TWC,[31, 22, 82, 15, 26, 58, 95, 42, 77, 12, 47, 5, 93, 78, 98, 54, 85, 63, 18, 44, 20, 35, 43, 97, 91, 76, 10, 30, 21, 45, 71, 64, 1, 23, 17, 83, 24, 14, 60, 36, 6, 57, 94, 88, 65, 56, 79, 40, 67, 68, 46, 75, 38, 9, 19, 32, 81, 41, 27, 62, 87, 90, 99, 59, 11, 16, 72, 73, 70, 39, 37, 84, 3, 92, 25, 55, 28, 29, 51, 7, 33, 61, 86, 66, 89, 50, 48, 96, 53, 8, 80, 4, 34, 49, 52, 0, 13, 69, 2, 74]|[1, 1, 0, 1, 1, 1, 2, 1, 2, 1, 2, 2, 2, 1, 1, 0, 0, 1, 0, 2, 2, 0, 1, 2, 0, 1, 2, 2, 0, 0, 1, 2, 1, 2, 1, 0, 2, 0, 1, 1, 0, 1, 1, 1, 0, 2, 1, 1, 0, 0, 0, 0, 1, 1, 2, 1, 2, 0, 0, 0, 2, 1, 0, 1, 2, 1, 2, 1, 1, 1, 1, 1, 1, 0, 1, 1, 0, 0, 0, 1, 2, 1, 0, 2, 1, 0, 0, 0, 0, 1, 0, 0, 2, 0, 1, 0, 0, 1, 0, 2]|[4, 3, 2, 2, 0, 0, 2, 2, 2, 4, 1, 1, 2, 4, 4, 1, 2, 4, 2, 1, 1, 1, 1, 2, 1, 2, 1, 1, 1, 1, 3, 2, 3, 0, 4, 0, 1, 1, 0, 3, 2, 2, 4, 0, 1, 1, 0, 2, 0, 1, 2, 2, 1, 4, 0, 3, 2, 1, 1, 2, 1, 3, 1, 1, 1, 3, 0, 4, 3, 1, 4, 1, 1, 2, 4, 4, 2, 1, 1, 3, 1, 3, 1, 1, 1, 1, 1, 1, 2, 3, 1, 2, 1, 1, 1, 2, 2, 3, 2, 1]|[0, 2, 1, 1, 3, 3, 0, 1, 0, 0, 0, 0, 1, 0, 1, 0, 0, 3, 1, 0, 0, 0, 3, 1, 0, 2, 0, 0, 0, 1, 0, 0, 0, 0, 3, 0, 1, 0, 0, 2, 1, 1, 2, 0, 0, 0, 0, 1, 1, 0, 0, 0, 1, 3, 0, 0, 1, 0, 0, 1, 0, 2, 0, 1, 0, 2, 1, 0, 0, 1, 1, 3, 1, 1, 3, 3, 1, 0, 0, 2, 0, 0, 0, 0, 1, 0, 0, 0, 1, 2, 0, 1, 0, 1, 1, 0, 0, 0, 0, 0],802.1274951829081,57956.38699448537,89691.2003308727,false
29,G1_CMAX,G1_CMAX,[31, 22, 82, 15, 26, 99, 95, 42, 77, 12, 47, 5, 93, 78, 86, 54, 21, 63, 18, 44, 20, 35, 43, 97, 91, 76, 10, 30, 85, 45, 71, 64, 1, 23, 17, 83, 24, 14, 60, 36, 6, 57, 40, 88, 65, 56, 79, 94, 67, 68, 46, 75, 38, 9, 19, 32, 41, 81, 27, 87, 90, 58, 59, 11, 16, 72, 73, 70, 39, 37, 84, 3, 92, 25, 55, 48, 62, 29, 51, 7, 33, 61, 98, 28, 89, 50, 4, 96, 53, 80, 8, 66, 34, 49, 52, 0, 74, 69, 2, 13]|[1, 1, 0, 1, 1, 0, 1, 1, 2, 1, 2, 2, 2, 1, 1, 0, 0, 1, 0, 2, 2, 0, 1, 2, 0, 1, 2, 2, 0, 0, 1, 2, 1, 2, 1, 0, 2, 0, 1, 1, 0, 1, 1, 1, 0, 2, 1, 1, 0, 0, 0, 0, 1, 1, 2, 1, 0, 2, 0, 2, 1, 0, 1, 2, 1, 2, 1, 1, 1, 1, 1, 1, 0, 1, 2, 0, 0, 0, 0, 1, 2, 1, 2, 0, 1, 0, 1, 2, 0, 0, 1, 2, 2, 0, 1, 0, 2, 1, 0, 0]|[0, 3, 2, 2, 4, 1, 2, 3, 2, 4, 1, 1, 2, 4, 4, 1, 1, 4, 2, 1, 1, 1, 1, 2, 1, 2, 1, 1, 2, 1, 3, 2, 3, 1, 4, 0, 1, 1, 0, 3, 2, 2, 2, 0, 1, 1, 0, 4, 0, 1, 2, 2, 1, 4, 0, 3, 1, 1, 1, 1, 3, 1, 1, 1, 3, 0, 4, 3, 1, 4, 1, 1, 0, 4, 1, 1, 2, 1, 1, 1, 1, 3, 1, 2, 1, 1, 4, 1, 2, 1, 3, 1, 1, 1, 1, 2, 1, 4, 2, 2]|[0, 2, 1, 1, 3, 0, 1, 3, 0, 0, 0, 0, 1, 0, 1, 0, 0, 3, 1, 0, 0, 0, 3, 1, 0, 2, 0, 0, 0, 1, 0, 0, 0, 0, 3, 0, 1, 0, 0, 2, 1, 1, 1, 0, 0, 0, 0, 2, 1, 0, 0, 0, 1, 3, 0, 0, 0, 0, 0, 0, 2, 0, 1, 0, 2, 1, 0, 0, 1, 1, 3, 1, 1, 3, 0, 0, 1, 0, 0, 2, 0, 0, 0, 1, 1, 0, 0, 0, 1, 0, 2, 0, 0, 1, 1, 0, 0, 2, 0, 0],731.2476204416437,56806.84376103422,93275.64763277225,false
29,G4_BALANCED,G4_BALANCED,[31, 11, 15, 82, 26, 9, 95, 32, 77, 68, 47, 5, 93, 78, 86, 54, 85, 63, 18, 44, 20, 49, 36, 14, 74, 50, 53, 17, 21, 45, 71, 64, 3, 23, 30, 83, 24, 41, 60, 52, 65, 27, 90, 70, 39, 87, 48, 69, 99, 4, 46, 1, 13, 58, 97, 59, 28, 8, 73, 37, 35, 79, 22, 66, 76, 42, 40, 80, 96, 6, 16, 61, 33, 7, 57, 34, 12, 67, 10, 98, 56, 88, 29, 75, 91, 38, 19, 92, 43, 84, 51, 72, 81, 0, 2, 55, 94, 89, 62, 25]|[2, 1, 1, 2, 1, 2, 1, 1, 1, 1, 1, 0, 2, 2, 1, 2, 0, 0, 0, 2, 2, 1, 0, 2, 0, 2, 2, 1, 0, 1, 1, 1, 0, 0, 1, 0, 2, 1, 2, 2, 0, 0, 1, 1, 0, 2, 0, 2, 1, 0, 0, 2, 0, 0, 2, 0, 1, 1, 0, 0, 2, 1, 0, 2, 2, 0, 2, 2, 0, 1, 2, 1, 1, 2, 0, 1, 1, 1, 1, 2, 2, 1, 1, 0, 1, 0, 1, 0, 1, 0, 1, 1, 1, 0, 2, 0, 2, 1, 1, 1]|[1, 3, 2, 0, 4, 1, 4, 4, 2, 4, 3, 2, 1, 0, 2, 1, 1, 1, 2, 1, 1, 3, 0, 1, 0, 1, 1, 4, 1, 4, 3, 2, 2, 0, 4, 1, 1, 4, 0, 1, 2, 1, 4, 4, 1, 1, 0, 2, 3, 2, 2, 1, 2, 1, 1, 2, 4, 3, 0, 2, 2, 3, 1, 0, 1, 2, 0, 1, 2, 4, 1, 3, 4, 1, 2, 4, 3, 3, 3, 1, 1, 4, 3, 2, 3, 2, 4, 2, 4, 2, 3, 4, 1, 2, 1, 2, 1, 4, 3, 4]|[1, 2, 1, 0, 3, 0, 1, 3, 0, 0, 2, 0, 1, 0, 1, 0, 0, 0, 1, 0, 0, 2, 0, 0, 1, 0, 0, 3, 0, 1, 0, 2, 0, 1, 3, 0, 1, 3, 1, 0, 0, 0, 1, 3, 0, 0, 1, 0, 2, 0, 0, 0, 0, 0, 1, 0, 1, 0, 1, 1, 0, 2, 0, 0, 0, 0, 0, 0, 0, 2, 0, 0, 1, 0, 0, 1, 0, 0, 3, 0, 0, 1, 0, 0, 0, 0, 3, 0, 2, 0, 0, 2, 1, 0, 0, 0, 0, 1, 0, 3],846.6109372053031,52128.769557101376,106800.59864073119,false
29,G2_TEC,G2_TEC,[31, 22, 82, 15, 26, 9, 95, 42, 77, 68, 47, 5, 93, 78, 86, 54, 85, 63, 18, 44, 20, 49, 36, 14, 74, 50, 53, 17, 21, 28, 11, 64, 3, 23, 30, 83, 24, 41, 40, 52, 65, 27, 90, 70, 39, 87, 48, 69, 99, 4, 46, 1, 13, 58, 97, 59, 45, 8, 73, 37, 35, 79, 71, 66, 76, 32, 60, 80, 96, 6, 16, 61, 33, 7, 57, 34, 12, 67, 10, 98, 56, 88, 43, 75, 91, 38, 84, 92, 29, 19, 51, 72, 89, 25, 2, 55, 62, 81, 94, 0]|[2, 1, 2, 1, 1, 2, 1, 1, 1, 1, 1, 0, 2, 2, 1, 2, 0, 0, 0, 2, 2, 1, 0, 2, 0, 2, 2, 1, 0, 1, 1, 1, 0, 0, 1, 0, 2, 1, 2, 2, 0, 0, 1, 1, 0, 2, 0, 2, 1, 0, 0, 2, 0, 0, 2, 0, 1, 1, 0, 0, 2, 1, 1, 1, 2, 0, 2, 2, 0, 1, 2, 1, 1, 2, 0, 1, 2, 1, 1, 2, 2, 1, 1, 0, 1, 0, 0, 0, 1, 1, 1, 1, 1, 1, 2, 0, 1, 1, 2, 0]|[0, 3, 0, 3, 4, 1, 4, 4, 2, 4, 3, 2, 1, 0, 2, 1, 1, 1, 2, 1, 1, 3, 0, 1, 0, 1, 1, 4, 1, 4, 3, 2, 2, 0, 4, 1, 1, 4, 1, 1, 2, 1, 4, 4, 1, 1, 0, 2, 3, 2, 2, 1, 2, 1, 1, 2, 4, 3, 0, 2, 2, 3, 3, 1, 1, 2, 1, 1, 2, 4, 1, 3, 4, 1, 2, 4, 1, 3, 3, 1, 1, 4, 4, 2, 3, 2, 2, 2, 3, 4, 3, 4, 4, 4, 1, 2, 3, 4, 1, 2]|[0, 2, 0, 0, 3, 0, 1, 3, 0, 0, 2, 0, 1, 0, 1, 0, 0, 0, 1, 0, 0, 2, 0, 0, 1, 0, 0, 3, 0, 1, 0, 2, 0, 0, 3, 0, 1, 3, 0, 0, 0, 0, 1, 3, 0, 0, 1, 0, 2, 0, 0, 0, 0, 0, 1, 0, 1, 0, 1, 1, 0, 2, 0, 2, 0, 0, 0, 0, 0, 2, 0, 0, 1, 0, 0, 1, 0, 0, 3, 0, 0, 1, 2, 0, 0, 0, 0, 0, 3, 1, 0, 2, 1, 3, 0, 0, 0, 1, 0, 0],882.9438068981488,49877.554644704585,107717.62812963048,false
29,G3_TWC,G3_TWC,[31, 22, 82, 15, 26, 58, 95, 42, 77, 12, 47, 5, 93, 78, 98, 54, 85, 63, 18, 44, 20, 35, 43, 97, 91, 76, 10, 30, 21, 45, 71, 64, 1, 23, 17, 83, 24, 14, 60, 36, 6, 57, 94, 88, 65, 56, 79, 40, 67, 68, 46, 75, 38, 9, 19, 32, 81, 41, 27, 62, 87, 90, 99, 59, 11, 16, 72, 73, 70, 39, 37, 84, 3, 92, 25, 55, 28, 29, 51, 7, 33, 61, 86, 66, 89, 50, 48, 96, 53, 8, 80, 4, 34, 49, 52, 0, 13, 69, 2, 74]|[1, 1, 0, 1, 1, 1, 2, 1, 2, 1, 2, 2, 2, 1, 1, 0, 0, 1, 0, 2, 2, 0, 1, 2, 0, 1, 2, 2, 0, 0, 1, 2, 1, 2, 1, 0, 2, 0, 1, 1, 0, 1, 1, 1, 0, 2, 1, 1, 0, 0, 0, 0, 1, 1, 2, 1, 2, 0, 0, 0, 2, 1, 0, 1, 2, 1, 2, 1, 1, 1, 1, 1, 1, 0, 1, 1, 0, 0, 0, 1, 2, 1, 0, 2, 1, 0, 0, 0, 0, 1, 0, 0, 2, 0, 1, 0, 0, 1, 0, 2]|[4, 3, 2, 2, 0, 0, 2, 2, 2, 4, 1, 1, 2, 4, 4, 1, 2, 4, 2, 1, 1, 1, 1, 2, 1, 2, 1, 1, 1, 1, 3, 2, 3, 0, 4, 0, 1, 1, 0, 3, 2, 2, 4, 0, 1, 1, 0, 2, 0, 1, 2, 2, 1, 4, 0, 3, 2, 1, 1, 2, 1, 3, 1, 1, 1, 3, 0, 4, 3, 1, 4, 1, 1, 2, 4, 4, 2, 1, 1, 3, 1, 3, 1, 1, 1, 1, 1, 1, 2, 3, 1, 2, 1, 1, 1, 2, 2, 3, 2, 1]|[0, 2, 1, 1, 3, 3, 0, 1, 0, 0, 0, 0, 1, 0, 1, 0, 0, 3, 1, 0, 0, 0, 3, 1, 0, 2, 0, 0, 0, 1, 0, 0, 0, 0, 3, 0, 1, 0, 0, 2, 1, 1, 2, 0, 0, 0, 0, 1, 1, 0, 0, 0, 1, 3, 0, 0, 1, 0, 0, 1, 0, 2, 0, 1, 0, 2, 1, 0, 0, 1, 1, 3, 1, 1, 3, 3, 1, 0, 0, 2, 0, 0, 0, 0, 1, 0, 0, 0, 1, 2, 0, 1, 0, 1, 1, 0, 0, 0, 0, 0],802.1274951829081,57956.38699448537,89691.2003308727,false
29,G1_CMAX,G1_CMAX,[31, 22, 82, 15, 26, 99, 95, 42, 77, 12, 47, 5, 93, 78, 86, 54, 21, 63, 18, 44, 20, 35, 43, 97, 91, 76, 10, 30, 85, 45, 71, 64, 1, 23, 17, 83, 24, 14, 60, 36, 6, 57, 40, 88, 65, 56, 79, 94, 67, 68, 46, 75, 38, 9, 19, 32, 41, 81, 27, 87, 90, 58, 59, 11, 16, 72, 73, 70, 39, 37, 84, 3, 92, 25, 55, 48, 62, 29, 51, 7, 33, 61, 98, 28, 89, 50, 4, 96, 53, 80, 8, 66, 34, 49, 52, 0, 74, 69, 2, 13]|[1, 1, 0, 1, 1, 0, 1, 1, 2, 1, 2, 2, 2, 1, 1, 0, 0, 1, 0, 2, 2, 0, 1, 2, 0, 1, 2, 2, 0, 0, 1, 2, 1, 2, 1, 0, 2, 0, 1, 1, 0, 1, 1, 1, 0, 2, 1, 1, 0, 0, 0, 0, 1, 1, 2, 1, 0, 2, 0, 2, 1, 0, 1, 2, 1, 2, 1, 1, 1, 1, 1, 1, 0, 1, 2, 0, 0, 0, 0, 1, 2, 1, 2, 0, 1, 0, 1, 2, 0, 0, 1, 2, 2, 0, 1, 0, 2, 1, 0, 0]|[0, 3, 2, 2, 4, 1, 2, 3, 2, 4, 1, 1, 2, 4, 4, 1, 1, 4, 2, 1, 1, 1, 1, 2, 1, 2, 1, 1, 2, 1, 3, 2, 3, 1, 4, 0, 1, 1, 0, 3, 2, 2, 2, 0, 1, 1, 0, 4, 0, 1, 2, 2, 1, 4, 0, 3, 1, 1, 1, 1, 3, 1, 1, 1, 3, 0, 4, 3, 1, 4, 1, 1, 0, 4, 1, 1, 2, 1, 1, 1, 1, 3, 1, 2, 1, 1, 4, 1, 2, 1, 3, 1, 1, 1, 1, 2, 1, 4, 2, 2]|[0, 2, 1, 1, 3, 0, 1, 3, 0, 0, 0, 0, 1, 0, 1, 0, 0, 3, 1, 0, 0, 0, 3, 1, 0, 2, 0, 0, 0, 1, 0, 0, 0, 0, 3, 0, 1, 0, 0, 2, 1, 1, 1, 0, 0, 0, 0, 2, 1, 0, 0, 0, 1, 3, 0, 0, 0, 0, 0, 0, 2, 0, 1, 0, 2, 1, 0, 0, 1, 1, 3, 1, 1, 3, 0, 0, 1, 0, 0, 2, 0, 0, 0, 1, 1, 0, 0, 0, 1, 0, 2, 0, 0, 1, 1, 0, 0, 2, 0, 0],731.2476204416437,56806.84376103422,93275.64763277225,false
29,G4_BALANCED,G4_BALANCED,[31, 11, 15, 82, 26, 9, 95, 32, 77, 68, 47, 5, 93, 78, 86, 54, 85, 63, 18, 44, 20, 49, 36, 14, 74, 50, 53, 17, 21, 45, 71, 64, 3, 23, 30, 83, 24, 41, 60, 52, 65, 27, 90, 70, 39, 87, 48, 69, 99, 4, 46, 1, 13, 58, 97, 59, 28, 8, 73, 37, 35, 79, 22, 66, 76, 42, 40, 80, 96, 6, 16, 61, 33, 7, 57, 34, 12, 67, 10, 98, 56, 88, 29, 75, 91, 38, 19, 92, 43, 84, 51, 72, 81, 0, 2, 55, 94, 89, 62, 25]|[2, 1, 1, 2, 1, 2, 1, 1, 1, 1, 1, 0, 2, 2, 1, 2, 0, 0, 0, 2, 2, 1, 0, 2, 0, 2, 2, 1, 0, 1, 1, 1, 0, 0, 1, 0, 2, 1, 2, 2, 0, 0, 1, 1, 0, 2, 0, 2, 1, 0, 0, 2, 0, 0, 2, 0, 1, 1, 0, 0, 2, 1, 0, 2, 2, 0, 2, 2, 0, 1, 2, 1, 1, 2, 0, 1, 1, 1, 1, 2, 2, 1, 1, 0, 1, 0, 1, 0, 1, 0, 1, 1, 1, 0, 2, 0, 2, 1, 1, 1]|[1, 3, 2, 0, 4, 1, 4, 4, 2, 4, 3, 2, 1, 0, 2, 1, 1, 1, 2, 1, 1, 3, 0, 1, 0, 1, 1, 4, 1, 4, 3, 2, 2, 0, 4, 1, 1, 4, 0, 1, 2, 1, 4, 4, 1, 1, 0, 2, 3, 2, 2, 1, 2, 1, 1, 2, 4, 3, 0, 2, 2, 3, 1, 0, 1, 2, 0, 1, 2, 4, 1, 3, 4, 1, 2, 4, 3, 3, 3, 1, 1, 4, 3, 2, 3, 2, 4, 2, 4, 2, 3, 4, 1, 2, 1, 2, 1, 4, 3, 4]|[1, 2, 1, 0, 3, 0, 1, 3, 0, 0, 2, 0, 1, 0, 1, 0, 0, 0, 1, 0, 0, 2, 0, 0, 1, 0, 0, 3, 0, 1, 0, 2, 0, 1, 3, 0, 1, 3, 1, 0, 0, 0, 1, 3, 0, 0, 1, 0, 2, 0, 0, 0, 0, 0, 1, 0, 1, 0, 1, 1, 0, 2, 0, 0, 0, 0, 0, 0, 0, 2, 0, 0, 1, 0, 0, 1, 0, 0, 3, 0, 0, 1, 0, 0, 0, 0, 3, 0, 2, 0, 0, 2, 1, 0, 0, 0, 0, 1, 0, 3],846.6109372053031,52128.769557101376,106800.59864073119,false
29,G2_TEC,G2_TEC,[31, 22, 82, 15, 26, 9, 95, 42, 77, 68, 47, 5, 93, 78, 86, 54, 85, 63, 18, 44, 20, 49, 36, 14, 74, 50, 53, 17, 21, 28, 11, 64, 3, 23, 30, 83, 24, 41, 40, 52, 65, 27, 90, 70, 39, 87, 48, 69, 99, 4, 46, 1, 13, 58, 97, 59, 45, 8, 73, 37, 35, 79, 71, 66, 76, 32, 60, 80, 96, 6, 16, 61, 33, 7, 57, 34, 12, 67, 10, 98, 56, 88, 43, 75, 91, 38, 84, 92, 29, 19, 51, 72, 89, 25, 2, 55, 62, 81, 94, 0]|[2, 1, 2, 1, 1, 2, 1, 1, 1, 1, 1, 0, 2, 2, 1, 2, 0, 0, 0, 2, 2, 1, 0, 2, 0, 2, 2, 1, 0, 1, 1, 1, 0, 0, 1, 0, 2, 1, 2, 2, 0, 0, 1, 1, 0, 2, 0, 2, 1, 0, 0, 2, 0, 0, 2, 0, 1, 1, 0, 0, 2, 1, 1, 1, 2, 0, 2, 2, 0, 1, 2, 1, 1, 2, 0, 1, 2, 1, 1, 2, 2, 1, 1, 0, 1, 0, 0, 0, 1, 1, 1, 1, 1, 1, 2, 0, 1, 1, 2, 0]|[0, 3, 0, 3, 4, 1, 4, 4, 2, 4, 3, 2, 1, 0, 2, 1, 1, 1, 2, 1, 1, 3, 0, 1, 0, 1, 1, 4, 1, 4, 3, 2, 2, 0, 4, 1, 1, 4, 1, 1, 2, 1, 4, 4, 1, 1, 0, 2, 3, 2, 2, 1, 2, 1, 1, 2, 4, 3, 0, 2, 2, 3, 3, 1, 1, 2, 1, 1, 2, 4, 1, 3, 4, 1, 2, 4, 1, 3, 3, 1, 1, 4, 4, 2, 3, 2, 2, 2, 3, 4, 3, 4, 4, 4, 1, 2, 3, 4, 1, 2]|[0, 2, 0, 0, 3, 0, 1, 3, 0, 0, 2, 0, 1, 0, 1, 0, 0, 0, 1, 0, 0, 2, 0, 0, 1, 0, 0, 3, 0, 1, 0, 2, 0, 0, 3, 0, 1, 3, 0, 0, 0, 0, 1, 3, 0, 0, 1, 0, 2, 0, 0, 0, 0, 0, 1, 0, 1, 0, 1, 1, 0, 2, 0, 2, 0, 0, 0, 0, 0, 2, 0, 0, 1, 0, 0, 1, 0, 0, 3, 0, 0, 1, 2, 0, 0, 0, 0, 0, 3, 1, 0, 2, 1, 3, 0, 0, 0, 1, 0, 0],882.9438068981488,49877.554644704585,107717.62812963048,false
29,G3_TWC,G3_TWC,[31, 22, 82, 15, 26, 58, 95, 42, 77, 12, 47, 5, 93, 78, 98, 54, 85, 63, 18, 44, 20, 35, 43, 97, 91, 76, 10, 30, 21, 45, 71, 64, 1, 23, 17, 83, 24, 14, 60, 36, 6, 57, 94, 88, 65, 56, 79, 40, 67, 68, 46, 75, 38, 9, 19, 32, 81, 41, 27, 62, 87, 90, 99, 59, 11, 16, 72, 73, 70, 39, 37, 84, 3, 92, 25, 55, 28, 29, 51, 7, 33, 61, 86, 66, 89, 50, 48, 96, 53, 8, 80, 4, 34, 49, 52, 0, 13, 69, 2, 74]|[1, 1, 0, 1, 1, 1, 2, 1, 2, 1, 2, 2, 2, 1, 1, 0, 0, 1, 0, 2, 2, 0, 1, 2, 0, 1, 2, 2, 0, 0, 1, 2, 1, 2, 1, 0, 2, 0, 1, 1, 0, 1, 1, 1, 0, 2, 1, 1, 0, 0, 0, 0, 1, 1, 2, 1, 2, 0, 0, 0, 2, 1, 0, 1, 2, 1, 2, 1, 1, 1, 1, 1, 1, 0, 1, 1, 0, 0, 0, 1, 2, 1, 0, 2, 1, 0, 0, 0, 0, 1, 0, 0, 2, 0, 1, 0, 0, 1, 0, 2]|[4, 3, 2, 2, 0, 0, 2, 2, 2, 4, 1, 1, 2, 4, 4, 1, 2, 4, 2, 1, 1, 1, 1, 2, 1, 2, 1, 1, 1, 1, 3, 2, 3, 0, 4, 0, 1, 1, 0, 3, 2, 2, 4, 0, 1, 1, 0, 2, 0, 1, 2, 2, 1, 4, 0, 3, 2, 1, 1, 2, 1, 3, 1, 1, 1, 3, 0, 4, 3, 1, 4, 1, 1, 2, 4, 4, 2, 1, 1, 3, 1, 3, 1, 1, 1, 1, 1, 1, 2, 3, 1, 2, 1, 1, 1, 2, 2, 3, 2, 1]|[0, 2, 1, 1, 3, 3, 0, 1, 0, 0, 0, 0, 1, 0, 1, 0, 0, 3, 1, 0, 0, 0, 3, 1, 0, 2, 0, 0, 0, 1, 0, 0, 0, 0, 3, 0, 1, 0, 0, 2, 1, 1, 2, 0, 0, 0, 0, 1, 1, 0, 0, 0, 1, 3, 0, 0, 1, 0, 0, 1, 0, 2, 0, 1, 0, 2, 1, 0, 0, 1, 1, 3, 1, 1, 3, 3, 1, 0, 0, 2, 0, 0, 0, 0, 1, 0, 0, 0, 1, 2, 0, 1, 0, 1, 1, 0, 0, 0, 0, 0],802.1274951829081,57956.38699448537,89691.2003308727,false
29,G1_CMAX,G1_CMAX,[31, 22, 82, 15, 26, 99, 95, 42, 77, 12, 47, 5, 93, 78, 86, 54, 21, 63, 18, 44, 20, 35, 43, 97, 91, 76, 10, 30, 85, 45, 71, 64, 1, 23, 17, 83, 24, 14, 60, 36, 6, 57, 40, 88, 65, 56, 79, 94, 67, 68, 46, 75, 38, 9, 19, 32, 41, 81, 27, 87, 90, 58, 59, 11, 16, 72, 73, 70, 39, 37, 84, 3, 92, 25, 55, 48, 62, 29, 51, 7, 33, 61, 98, 28, 89, 50, 4, 96, 53, 80, 8, 66, 34, 49, 52, 0, 74, 69, 2, 13]|[1, 1, 0, 1, 1, 0, 1, 1, 2, 1, 2, 2, 2, 1, 1, 0, 0, 1, 0, 2, 2, 0, 1, 2, 0, 1, 2, 2, 0, 0, 1, 2, 1, 2, 1, 0, 2, 0, 1, 1, 0, 1, 1, 1, 0, 2, 1, 1, 0, 0, 0, 0, 1, 1, 2, 1, 0, 2, 0, 2, 1, 0, 1, 2, 1, 2, 1, 1, 1, 1, 1, 1, 0, 1, 2, 0, 0, 0, 0, 1, 2, 1, 2, 0, 1, 0, 1, 2, 0, 0, 1, 2, 2, 0, 1, 0, 2, 1, 0, 0]|[0, 3, 2, 2, 4, 1, 2, 3, 2, 4, 1, 1, 2, 4, 4, 1, 1, 4, 2, 1, 1, 1, 1, 2, 1, 2, 1, 1, 2, 1, 3, 2, 3, 1, 4, 0, 1, 1, 0, 3, 2, 2, 2, 0, 1, 1, 0, 4, 0, 1, 2, 2, 1, 4, 0, 3, 1, 1, 1, 1, 3, 1, 1, 1, 3, 0, 4, 3, 1, 4, 1, 1, 0, 4, 1, 1, 2, 1, 1, 1, 1, 3, 1, 2, 1, 1, 4, 1, 2, 1, 3, 1, 1, 1, 1, 2, 1, 4, 2, 2]|[0, 2, 1, 1, 3, 0, 1, 3, 0, 0, 0, 0, 1, 0, 1, 0, 0, 3, 1, 0, 0, 0, 3, 1, 0, 2, 0, 0, 0, 1, 0, 0, 0, 0, 3, 0, 1, 0, 0, 2, 1, 1, 1, 0, 0, 0, 0, 2, 1, 0, 0, 0, 1, 3, 0, 0, 0, 0, 0, 0, 2, 0, 1, 0, 2, 1, 0, 0, 1, 1, 3, 1, 1, 3, 0, 0, 1, 0, 0, 2, 0, 0, 0, 1, 1, 0, 0, 0, 1, 0, 2, 0, 0, 1, 1, 0, 0, 2, 0, 0],731.2476204416437,56806.84376103422,93275.64763277225,false
29,G4_BALANCED,G4_BALANCED,[31, 11, 15, 82, 26, 9, 95, 32, 77, 68, 47, 5, 93, 78, 86, 54, 85, 63, 18, 44, 20, 49, 36, 14, 74, 50, 53, 17, 21, 45, 71, 64, 3, 23, 30, 83, 24, 41, 60, 52, 65, 27, 90, 70, 39, 87, 48, 69, 99, 4, 46, 1, 13, 58, 97, 59, 28, 75, 73, 37, 35, 40, 22, 66, 76, 42, 79, 80, 96, 6, 16, 61, 33, 7, 57, 34, 12, 67, 10, 98, 88, 56, 29, 8, 91, 38, 72, 92, 43, 84, 51, 19, 81, 25, 2, 55, 94, 89, 62, 0]|[2, 1, 1, 1, 1, 2, 1, 1, 1, 1, 1, 0, 2, 2, 1, 2, 0, 0, 0, 2, 2, 1, 0, 2, 0, 2, 2, 1, 0, 1, 1, 1, 0, 0, 1, 0, 2, 1, 2, 2, 0, 0, 1, 1, 0, 2, 0, 1, 1, 0, 0, 2, 0, 0, 2, 0, 1, 0, 0, 0, 1, 2, 0, 2, 2, 0, 1, 2, 0, 1, 2, 1, 1, 2, 0, 1, 1, 1, 1, 2, 2, 2, 1, 1, 1, 0, 1, 0, 1, 0, 1, 1, 1, 1, 2, 0, 2, 1, 1, 0]|[0, 3, 2, 3, 4, 1, 4, 4, 2, 4, 3, 2, 1, 0, 2, 1, 1, 1, 2, 1, 1, 3, 0, 1, 0, 1, 1, 4, 1, 4, 3, 2, 2, 0, 4, 1, 1, 4, 0, 1, 2, 1, 4, 4, 1, 1, 0, 4, 3, 1, 2, 1, 2, 1, 1, 2, 4, 2, 0, 2, 3, 0, 1, 0, 1, 2, 3, 1, 2, 4, 1, 3, 4, 1, 2, 4, 3, 3, 3, 1, 1, 1, 3, 3, 3, 2, 4, 2, 4, 2, 3, 4, 1, 4, 1, 2, 1, 4, 3, 2]|[0, 2, 1, 0, 3, 0, 1, 3, 0, 0, 2, 0, 1, 0, 1, 0, 0, 0, 1, 0, 0, 2, 0, 0, 1, 0, 0, 3, 0, 1, 0, 2, 0, 1, 3, 0, 1, 3, 1, 0, 0, 0, 1, 3, 0, 0, 1, 1, 2, 0, 0, 0, 0, 0, 1, 0, 1, 0, 1, 1, 0, 0, 0, 0, 0, 0, 2, 0, 0, 2, 0, 0, 1, 0, 0, 1, 0, 0, 3, 0, 0, 0, 0, 0, 0, 0, 2, 0, 2, 0, 0, 1, 1, 3, 0, 0, 0, 1, 0, 0],886.5266578569763,51989.75967332948,105039.51838824725,false
29,G2_TEC,G2_TEC,[31, 22, 82, 15, 26, 9, 95, 42, 77, 68, 47, 5, 93, 78, 86, 54, 85, 63, 18, 44, 20, 49, 36, 14, 74, 50, 53, 17, 21, 28, 11, 64, 3, 23, 30, 83, 24, 41, 40, 52, 65, 27, 90, 70, 39, 87, 48, 69, 99, 4, 46, 1, 13, 58, 97, 59, 45, 8, 73, 37, 35, 79, 71, 66, 76, 32, 60, 80, 96, 6, 16, 61, 33, 7, 57, 34, 12, 67, 10, 98, 56, 88, 43, 75, 91, 38, 84, 92, 29, 19, 51, 72, 89, 25, 2, 55, 62, 81, 94, 0]|[2, 1, 2, 1, 1, 2, 1, 1, 1, 1, 1, 0, 2, 2, 1, 2, 0, 0, 0, 2, 2, 1, 0, 2, 0, 2, 2, 1, 0, 1, 1, 1, 0, 0, 1, 0, 2, 1, 2, 2, 0, 0, 1, 1, 0, 2, 0, 2, 1, 0, 0, 2, 0, 0, 2, 0, 1, 1, 0, 0, 2, 1, 1, 1, 2, 0, 2, 2, 0, 1, 2, 1, 1, 2, 0, 1, 2, 1, 1, 2, 2, 1, 1, 0, 1, 0, 0, 0, 1, 1, 1, 1, 1, 1, 2, 0, 1, 1, 2, 0]|[0, 3, 0, 3, 4, 1, 4, 4, 2, 4, 3, 2, 1, 0, 2, 1, 1, 1, 2, 1, 1, 3, 0, 1, 0, 1, 1, 4, 1, 4, 3, 2, 2, 0, 4, 1, 1, 4, 1, 1, 2, 1, 4, 4, 1, 1, 0, 2, 3, 2, 2, 1, 2, 1, 1, 2, 4, 3, 0, 2, 2, 3, 3, 1, 1, 2, 1, 1, 2, 4, 1, 3, 4, 1, 2, 4, 1, 3, 3, 1, 1, 4, 4, 2, 3, 2, 2, 2, 3, 4, 3, 4, 4, 4, 1, 2, 3, 4, 1, 2]|[0, 2, 0, 0, 3, 0, 1, 3, 0, 0, 2, 0, 1, 0, 1, 0, 0, 0, 1, 0, 0, 2, 0, 0, 1, 0, 0, 3, 0, 1, 0, 2, 0, 0, 3, 0, 1, 3, 0, 0, 0, 0, 1, 3, 0, 0, 1, 0, 2, 0, 0, 0, 0, 0, 1, 0, 1, 0, 1, 1, 0, 2, 0, 2, 0, 0, 0, 0, 0, 2, 0, 0, 1, 0, 0, 1, 0, 0, 3, 0, 0, 1, 2, 0, 0, 0, 0, 0, 3, 1, 0, 2, 1, 3, 0, 0, 0, 1, 0, 0],882.9438068981488,49877.554644704585,107717.62812963048,false
29,G3_TWC,G3_TWC,[31, 22, 82, 15, 26, 58, 95, 42, 77, 12, 47, 5, 93, 78, 98, 54, 85, 63, 18, 44, 20, 35, 43, 97, 91, 76, 10, 30, 21, 45, 71, 64, 1, 23, 17, 83, 24, 14, 60, 36, 6, 57, 94, 88, 65, 56, 79, 40, 67, 68, 46, 75, 38, 9, 19, 32, 81, 41, 27, 62, 87, 90, 99, 59, 11, 16, 72, 73, 70, 39, 37, 84, 3, 92, 25, 55, 28, 29, 51, 7, 33, 61, 86, 66, 89, 50, 48, 96, 53, 8, 80, 4, 34, 49, 52, 0, 13, 69, 2, 74]|[1, 1, 0, 1, 1, 1, 2, 1, 2, 1, 2, 2, 2, 1, 1, 0, 0, 1, 0, 2, 2, 0, 1, 2, 0, 1, 2, 2, 0, 0, 1, 2, 1, 2, 1, 0, 2, 0, 1, 1, 0, 1, 1, 1, 0, 2, 1, 1, 0, 0, 0, 0, 1, 1, 2, 1, 2, 0, 0, 0, 2, 1, 0, 1, 2, 1, 2, 1, 1, 1, 1, 1, 1, 0, 1, 1, 0, 0, 0, 1, 2, 1, 0, 2, 1, 0, 0, 0, 0, 1, 0, 0, 2, 0, 1, 0, 0, 1, 0, 2]|[4, 3, 2, 2, 0, 0, 2, 2, 2, 4, 1, 1, 2, 4, 4, 1, 2, 4, 2, 1, 1, 1, 1, 2, 1, 2, 1, 1, 1, 1, 3, 2, 3, 0, 4, 0, 1, 1, 0, 3, 2, 2, 4, 0, 1, 1, 0, 2, 0, 1, 2, 2, 1, 4, 0, 3, 2, 1, 1, 2, 1, 3, 1, 1, 1, 3, 0, 4, 3, 1, 4, 1, 1, 2, 4, 4, 2, 1, 1, 3, 1, 3, 1, 1, 1, 1, 1, 1, 2, 3, 1, 2, 1, 1, 1, 2, 2, 3, 2, 1]|[0, 2, 1, 1, 3, 3, 0, 1, 0, 0, 0, 0, 1, 0, 1, 0, 0, 3, 1, 0, 0, 0, 3, 1, 0, 2, 0, 0, 0, 1, 0, 0, 0, 0, 3, 0, 1, 0, 0, 2, 1, 1, 2, 0, 0, 0, 0, 1, 1, 0, 0, 0, 1, 3, 0, 0, 1, 0, 0, 1, 0, 2, 0, 1, 0, 2, 1, 0, 0, 1, 1, 3, 1, 1, 3, 3, 1, 0, 0, 2, 0, 0, 0, 0, 1, 0, 0, 0, 1, 2, 0, 1, 0, 1, 1, 0, 0, 0, 0, 0],802.1274951829081,57956.38699448537,89691.2003308727,false
29,G1_CMAX,G1_CMAX,[31, 22, 82, 15, 26, 99, 95, 42, 77, 12, 47, 5, 93, 78, 86, 54, 21, 63, 18, 44, 20, 35, 43, 97, 91, 76, 10, 30, 85, 45, 71, 64, 1, 23, 17, 83, 24, 14, 60, 36, 6, 57, 40, 88, 65, 56, 79, 94, 67, 68, 46, 75, 38, 9, 19, 32, 41, 81, 27, 87, 90, 58, 59, 11, 16, 72, 73, 70, 39, 37, 84, 3, 92, 25, 55, 48, 62, 29, 51, 7, 33, 61, 98, 28, 89, 50, 4, 96, 53, 80, 8, 66, 34, 49, 52, 0, 74, 69, 2, 13]|[1, 1, 0, 1, 1, 0, 1, 1, 2, 1, 2, 2, 2, 1, 1, 0, 0, 1, 0, 2, 2, 0, 1, 2, 0, 1, 2, 2, 0, 0, 1, 2, 1, 2, 1, 0, 2, 0, 1, 1, 0, 1, 1, 1, 0, 2, 1, 1, 0, 0, 0, 0, 1, 1, 2, 1, 0, 2, 0, 2, 1, 0, 1, 2, 1, 2, 1, 1, 1, 1, 1, 1, 0, 1, 2, 0, 0, 0, 0, 1, 2, 1, 2, 0, 1, 0, 1, 2, 0, 0, 1, 2, 2, 0, 1, 0, 2, 1, 0, 0]|[0, 3, 2, 2, 4, 1, 2, 3, 2, 4, 1, 1, 2, 4, 4, 1, 1, 4, 2, 1, 1, 1, 1, 2, 1, 2, 1, 1, 2, 1, 3, 2, 3, 1, 4, 0, 1, 1, 0, 3, 2, 2, 2, 0, 1, 1, 0, 4, 0, 1, 2, 2, 1, 4, 0, 3, 1, 1, 1, 1, 3, 1, 1, 1, 3, 0, 4, 3, 1, 4, 1, 1, 0, 4, 1, 1, 2, 1, 1, 1, 1, 3, 1, 2, 1, 1, 4, 1, 2, 1, 3, 1, 1, 1, 1, 2, 1, 4, 2, 2]|[0, 2, 1, 1, 3, 0, 1, 3, 0, 0, 0, 0, 1, 0, 1, 0, 0, 3, 1, 0, 0, 0, 3, 1, 0, 2, 0, 0, 0, 1, 0, 0, 0, 0, 3, 0, 1, 0, 0, 2, 1, 1, 1, 0, 0, 0, 0, 2, 1, 0, 0, 0, 1, 3, 0, 0, 0, 0, 0, 0, 2, 0, 1, 0, 2, 1, 0, 0, 1, 1, 3, 1, 1, 3, 0, 0, 1, 0, 0, 2, 0, 0, 0, 1, 1, 0, 0, 0, 1, 0, 2, 0, 0, 1, 1, 0, 0, 2, 0, 0],731.2476204416437,56806.84376103422,93275.64763277225,false
29,G4_BALANCED,G4_BALANCED,[31, 11, 15, 82, 26, 9, 95, 32, 77, 68, 47, 5, 93, 78, 86, 54, 85, 63, 18, 44, 20, 49, 36, 14, 74, 50, 53, 17, 21, 45, 71, 64, 3, 23, 30, 83, 24, 41, 60, 52, 65, 27, 90, 70, 39, 87, 48, 69, 99, 4, 46, 1, 13, 58, 97, 59, 28, 75, 73, 37, 35, 40, 22, 66, 76, 42, 79, 80, 96, 6, 16, 61, 33, 7, 57, 34, 12, 67, 10, 98, 88, 56, 29, 8, 91, 38, 72, 92, 43, 84, 51, 19, 81, 25, 2, 55, 94, 89, 62, 0]|[2, 1, 1, 1, 1, 2, 1, 1, 1, 1, 1, 0, 2, 2, 1, 2, 0, 0, 0, 2, 2, 1, 0, 2, 0, 2, 2, 1, 0, 1, 1, 1, 0, 0, 1, 0, 2, 1, 2, 2, 0, 0, 1, 1, 0, 2, 0, 1, 1, 0, 0, 2, 0, 0, 2, 0, 1, 0, 0, 0, 1, 2, 0, 2, 2, 0, 1, 2, 0, 1, 2, 1, 1, 2, 0, 1, 1, 1, 1, 2, 2, 2, 1, 1, 1, 0, 1, 0, 1, 0, 1, 1, 1, 1, 2, 0, 2, 1, 1, 0]|[0, 3, 2, 3, 4, 1, 4, 4, 2, 4, 3, 2, 1, 0, 2, 1, 1, 1, 2, 1, 1, 3, 0, 1, 0, 1, 1, 4, 1, 4, 3, 2, 2, 0, 4, 1, 1, 4, 0, 1, 2, 1, 4, 4, 1, 1, 0, 4, 3, 1, 2, 1, 2, 1, 1, 2, 4, 2, 0, 2, 3, 0, 1, 0, 1, 2, 3, 1, 2, 4, 1, 3, 4, 1, 2, 4, 3, 3, 3, 1, 1, 1, 3, 3, 3, 2, 4, 2, 4, 2, 3, 4, 1, 4, 1, 2, 1, 4, 3, 2]|[0, 2, 1, 0, 3, 0, 1, 3, 0, 0, 2, 0, 1, 0, 1, 0, 0, 0, 1, 0, 0, 2, 0, 0, 1, 0, 0, 3, 0, 1, 0, 2, 0, 1, 3, 0, 1, 3, 1, 0, 0, 0, 1, 3, 0, 0, 1, 1, 2, 0, 0, 0, 0, 0, 1, 0, 1, 0, 1, 1, 0, 0, 0, 0, 0, 0, 2, 0, 0, 2, 0, 0, 1, 0, 0, 1, 0, 0, 3, 0, 0, 0, 0, 0, 0, 0, 2, 0, 2, 0, 0, 1, 1, 3, 0, 0, 0, 1, 0, 0],886.5266578569763,51989.75967332948,105039.51838824725,false
29,G2_TEC,G2_TEC,[31, 22, 82, 15, 26, 9, 95, 42, 77, 68, 47, 5, 93, 78, 86, 54, 85, 63, 18, 44, 20, 49, 36, 14, 74, 50, 53, 17, 21, 28, 11, 64, 3, 23, 30, 83, 24, 41, 40, 52, 65, 27, 90, 70, 39, 87, 48, 69, 99, 4, 46, 1, 13, 58, 97, 59, 45, 8, 73, 37, 35, 79, 71, 66, 76, 32, 60, 80, 96, 6, 16, 61, 33, 7, 57, 34, 12, 67, 10, 98, 56, 88, 43, 75, 91, 38, 84, 92, 29, 19, 51, 72, 89, 25, 2, 55, 62, 81, 94, 0]|[2, 1, 2, 1, 1, 2, 1, 1, 1, 1, 1, 0, 2, 2, 1, 2, 0, 0, 0, 2, 2, 1, 0, 2, 0, 2, 2, 1, 0, 1, 1, 1, 0, 0, 1, 0, 2, 1, 2, 2, 0, 0, 1, 1, 0, 2, 0, 2, 1, 0, 0, 2, 0, 0, 2, 0, 1, 1, 0, 0, 2, 1, 1, 1, 2, 0, 2, 2, 0, 1, 2, 1, 1, 2, 0, 1, 2, 1, 1, 2, 2, 1, 1, 0, 1, 0, 0, 0, 1, 1, 1, 1, 1, 1, 2, 0, 1, 1, 2, 0]|[0, 3, 0, 3, 4, 1, 4, 4, 2, 4, 3, 2, 1, 0, 2, 1, 1, 1, 2, 1, 1, 3, 0, 1, 0, 1, 1, 4, 1, 4, 3, 2, 2, 0, 4, 1, 1, 4, 1, 1, 2, 1, 4, 4, 1, 1, 0, 2, 3, 2, 2, 1, 2, 1, 1, 2, 4, 3, 0, 2, 2, 3, 3, 1, 1, 2, 1, 1, 2, 4, 1, 3, 4, 1, 2, 4, 1, 3, 3, 1, 1, 4, 4, 2, 3, 2, 2, 2, 3, 4, 3, 4, 4, 4, 1, 2, 3, 4, 1, 2]|[0, 2, 0, 0, 3, 0, 1, 3, 0, 0, 2, 0, 1, 0, 1, 0, 0, 0, 1, 0, 0, 2, 0, 0, 1, 0, 0, 3, 0, 1, 0, 2, 0, 0, 3, 0, 1, 3, 0, 0, 0, 0, 1, 3, 0, 0, 1, 0, 2, 0, 0, 0, 0, 0, 1, 0, 1, 0, 1, 1, 0, 2, 0, 2, 0, 0, 0, 0, 0, 2, 0, 0, 1, 0, 0, 1, 0, 0, 3, 0, 0, 1, 2, 0, 0, 0, 0, 0, 3, 1, 0, 2, 1, 3, 0, 0, 0, 1, 0, 0],882.9438068981488,49877.554644704585,107717.62812963048,false
29,G3_TWC,G3_TWC,[31, 22, 82, 15, 26, 58, 95, 42, 77, 12, 47, 5, 93, 78, 98, 54, 85, 63, 18, 44, 20, 35, 43, 97, 91, 76, 10, 30, 21, 45, 71, 64, 1, 23, 17, 83, 24, 14, 60, 36, 6, 57, 94, 88, 65, 56, 79, 40, 67, 68, 46, 75, 38, 9, 19, 32, 81, 41, 27, 62, 87, 90, 99, 59, 11, 16, 72, 73, 70, 39, 37, 84, 3, 92, 25, 55, 28, 29, 51, 7, 33, 61, 86, 66, 89, 50, 48, 96, 53, 8, 80, 4, 34, 49, 52, 0, 13, 69, 2, 74]|[1, 1, 0, 1, 1, 1, 2, 1, 2, 1, 2, 2, 2, 1, 1, 0, 0, 1, 0, 2, 2, 0, 1, 2, 0, 1, 2, 2, 0, 0, 1, 2, 1, 2, 1, 0, 2, 0, 1, 1, 0, 1, 1, 1, 0, 2, 1, 1, 0, 0, 0, 0, 1, 1, 2, 1, 2, 0, 0, 0, 2, 1, 0, 1, 2, 1, 2, 1, 1, 1, 1, 1, 1, 0, 1, 1, 0, 0, 0, 1, 2, 1, 0, 2, 1, 0, 0, 0, 0, 1, 0, 0, 2, 0, 1, 0, 0, 1, 0, 2]|[4, 3, 2, 2, 0, 0, 2, 2, 2, 4, 1, 1, 2, 4, 4, 1, 2, 4, 2, 1, 1, 1, 1, 2, 1, 2, 1, 1, 1, 1, 3, 2, 3, 0, 4, 0, 1, 1, 0, 3, 2, 2, 4, 0, 1, 1, 0, 2, 0, 1, 2, 2, 1, 4, 0, 3, 2, 1, 1, 2, 1, 3, 1, 1, 1, 3, 0, 4, 3, 1, 4, 1, 1, 2, 4, 4, 2, 1, 1, 3, 1, 3, 1, 1, 1, 1, 1, 1, 2, 3, 1, 2, 1, 1, 1, 2, 2, 3, 2, 1]|[0, 2, 1, 1, 3, 3, 0, 1, 0, 0, 0, 0, 1, 0, 1, 0, 0, 3, 1, 0, 0, 0, 3, 1, 0, 2, 0, 0, 0, 1, 0, 0, 0, 0, 3, 0, 1, 0, 0, 2, 1, 1, 2, 0, 0, 0, 0, 1, 1, 0, 0, 0, 1, 3, 0, 0, 1, 0, 0, 1, 0, 2, 0, 1, 0, 2, 1, 0, 0, 1, 1, 3, 1, 1, 3, 3, 1, 0, 0, 2, 0, 0, 0, 0, 1, 0, 0, 0, 1, 2, 0, 1, 0, 1, 1, 0, 0, 0, 0, 0],802.1274951829081,57956.38699448537,89691.2003308727,false
29,G1_CMAX,G1_CMAX,[31, 22, 82, 15, 26, 99, 95, 42, 77, 12, 47, 5, 93, 78, 86, 54, 21, 63, 18, 44, 20, 35, 43, 97, 91, 76, 10, 30, 85, 45, 71, 64, 1, 23, 17, 83, 24, 14, 60, 36, 6, 57, 40, 88, 65, 56, 79, 94, 67, 68, 46, 75, 38, 9, 19, 32, 41, 81, 27, 87, 90, 58, 59, 11, 16, 72, 73, 70, 39, 37, 84, 3, 92, 25, 55, 48, 62, 29, 51, 7, 33, 61, 98, 28, 89, 50, 4, 96, 53, 80, 8, 66, 34, 49, 52, 0, 74, 69, 2, 13]|[1, 1, 0, 1, 1, 0, 1, 1, 2, 1, 2, 2, 2, 1, 1, 0, 0, 1, 0, 2, 2, 0, 1, 2, 0, 1, 2, 2, 0, 0, 1, 2, 1, 2, 1, 0, 2, 0, 1, 1, 0, 1, 1, 1, 0, 2, 1, 1, 0, 0, 0, 0, 1, 1, 2, 1, 0, 2, 0, 2, 1, 0, 1, 2, 1, 2, 1, 1, 1, 1, 1, 1, 0, 1, 2, 0, 0, 0, 0, 1, 2, 1, 2, 0, 1, 0, 1, 2, 0, 0, 1, 2, 2, 0, 1, 0, 2, 1, 0, 0]|[0, 3, 2, 2, 4, 1, 2, 3, 2, 4, 1, 1, 2, 4, 4, 1, 1, 4, 2, 1, 1, 1, 1, 2, 1, 2, 1, 1, 2, 1, 3, 2, 3, 1, 4, 0, 1, 1, 0, 3, 2, 2, 2, 0, 1, 1, 0, 4, 0, 1, 2, 2, 1, 4, 0, 3, 1, 1, 1, 1, 3, 1, 1, 1, 3, 0, 4, 3, 1, 4, 1, 1, 0, 4, 1, 1, 2, 1, 1, 1, 1, 3, 1, 2, 1, 1, 4, 1, 2, 1, 3, 1, 1, 1, 1, 2, 1, 4, 2, 2]|[0, 2, 1, 1, 3, 0, 1, 3, 0, 0, 0, 0, 1, 0, 1, 0, 0, 3, 1, 0, 0, 0, 3, 1, 0, 2, 0, 0, 0, 1, 0, 0, 0, 0, 3, 0, 1, 0, 0, 2, 1, 1, 1, 0, 0, 0, 0, 2, 1, 0, 0, 0, 1, 3, 0, 0, 0, 0, 0, 0, 2, 0, 1, 0, 2, 1, 0, 0, 1, 1, 3, 1, 1, 3, 0, 0, 1, 0, 0, 2, 0, 0, 0, 1, 1, 0, 0, 0, 1, 0, 2, 0, 0, 1, 1, 0, 0, 2, 0, 0],731.2476204416437,56806.84376103422,93275.64763277225,false
29,G4_BALANCED,G4_BALANCED,[31, 11, 15, 82, 26, 9, 95, 32, 77, 68, 47, 5, 93, 78, 86, 54, 85, 63, 18, 44, 20, 49, 36, 14, 74, 50, 53, 17, 21, 45, 71, 64, 3, 23, 30, 83, 24, 41, 60, 52, 65, 27, 90, 70, 39, 87, 48, 69, 99, 4, 46, 1, 13, 58, 97, 59, 28, 75, 73, 37, 35, 40, 22, 66, 76, 42, 79, 80, 96, 6, 16, 61, 33, 7, 57, 34, 12, 67, 10, 98, 88, 56, 29, 8, 91, 38, 72, 92, 43, 84, 51, 19, 81, 25, 2, 55, 94, 89, 62, 0]|[2, 1, 1, 1, 1, 2, 1, 1, 1, 1, 1, 0, 2, 2, 1, 2, 0, 0, 0, 2, 2, 1, 0, 2, 0, 2, 2, 1, 0, 1, 1, 1, 0, 0, 1, 0, 2, 1, 2, 2, 0, 0, 1, 1, 0, 2, 0, 1, 1, 0, 0, 2, 0, 0, 2, 0, 1, 0, 0, 0, 1, 2, 0, 2, 2, 0, 1, 2, 0, 1, 2, 1, 1, 2, 0, 1, 1, 1, 1, 2, 2, 2, 1, 1, 1, 0, 1, 0, 1, 0, 1, 1, 1, 1, 2, 0, 2, 1, 1, 0]|[0, 3, 2, 3, 4, 1, 4, 4, 2, 4, 3, 2, 1, 0, 2, 1, 1, 1, 2, 1, 1, 3, 0, 1, 0, 1, 1, 4, 1, 4, 3, 2, 2, 0, 4, 1, 1, 4, 0, 1, 2, 1, 4, 4, 1, 1, 0, 4, 3, 1, 2, 1, 2, 1, 1, 2, 4, 2, 0, 2, 3, 0, 1, 0, 1, 2, 3, 1, 2, 4, 1, 3, 4, 1, 2, 4, 3, 3, 3, 1, 1, 1, 3, 3, 3, 2, 4, 2, 4, 2, 3, 4, 1, 4, 1, 2, 1, 4, 3, 2]|[0, 2, 1, 0, 3, 0, 1, 3, 0, 0, 2, 0, 1, 0, 1, 0, 0, 0, 1, 0, 0, 2, 0, 0, 1, 0, 0, 3, 0, 1, 0, 2, 0, 1, 3, 0, 1, 3, 1, 0, 0, 0, 1, 3, 0, 0, 1, 1, 2, 0, 0, 0, 0, 0, 1, 0, 1, 0, 1, 1, 0, 0, 0, 0, 0, 0, 2, 0, 0, 2, 0, 0, 1, 0, 0, 1, 0, 0, 3, 0, 0, 0, 0, 0, 0, 0, 2, 0, 2, 0, 0, 1, 1, 3, 0, 0, 0, 1, 0, 0],886.5266578569763,51989.75967332948,105039.51838824725,false
29,G2_TEC,G2_TEC,[31, 22, 82, 15, 26, 9, 95, 42, 77, 68, 47, 5, 93, 78, 86, 54, 85, 63, 18, 44, 20, 49, 36, 14, 74, 50, 53, 17, 21, 28, 11, 64, 3, 23, 30, 83, 24, 41, 40, 52, 65, 27, 90, 70, 39, 87, 48, 69, 99, 4, 46, 1, 13, 58, 97, 59, 45, 8, 73, 37, 35, 79, 71, 66, 76, 32, 60, 80, 96, 6, 16, 61, 33, 7, 57, 34, 12, 67, 10, 98, 56, 88, 43, 75, 91, 38, 84, 92, 29, 19, 51, 72, 89, 25, 2, 55, 62, 81, 94, 0]|[2, 1, 2, 1, 1, 2, 1, 1, 1, 1, 1, 0, 2, 2, 1, 2, 0, 0, 0, 2, 2, 1, 0, 2, 0, 2, 2, 1, 0, 1, 1, 1, 0, 0, 1, 0, 2, 1, 2, 2, 0, 0, 1, 1, 0, 2, 0, 2, 1, 0, 0, 2, 0, 0, 2, 0, 1, 1, 0, 0, 2, 1, 1, 1, 2, 0, 2, 2, 0, 1, 2, 1, 1, 2, 0, 1, 2, 1, 1, 2, 2, 1, 1, 0, 1, 0, 0, 0, 1, 1, 1, 1, 1, 1, 2, 0, 1, 1, 2, 0]|[0, 3, 0, 3, 4, 1, 4, 4, 2, 4, 3, 2, 1, 0, 2, 1, 1, 1, 2, 1, 1, 3, 0, 1, 0, 1, 1, 4, 1, 4, 3, 2, 2, 0, 4, 1, 1, 4, 1, 1, 2, 1, 4, 4, 1, 1, 0, 2, 3, 2, 2, 1, 2, 1, 1, 2, 4, 3, 0, 2, 2, 3, 3, 1, 1, 2, 1, 1, 2, 4, 1, 3, 4, 1, 2, 4, 1, 3, 3, 1, 1, 4, 4, 2, 3, 2, 2, 2, 3, 4, 3, 4, 4, 4, 1, 2, 3, 4, 1, 2]|[0, 2, 0, 0, 3, 0, 1, 3, 0, 0, 2, 0, 1, 0, 1, 0, 0, 0, 1, 0, 0, 2, 0, 0, 1, 0, 0, 3, 0, 1, 0, 2, 0, 0, 3, 0, 1, 3, 0, 0, 0, 0, 1, 3, 0, 0, 1, 0, 2, 0, 0, 0, 0, 0, 1, 0, 1, 0, 1, 1, 0, 2, 0, 2, 0, 0, 0, 0, 0, 2, 0, 0, 1, 0, 0, 1, 0, 0, 3, 0, 0, 1, 2, 0, 0, 0, 0, 0, 3, 1, 0, 2, 1, 3, 0, 0, 0, 1, 0, 0],882.9438068981488,49877.554644704585,107717.62812963048,false
29,G3_TWC,G3_TWC,[31, 22, 82, 15, 26, 58, 95, 42, 77, 12, 47, 5, 93, 78, 98, 54, 85, 63, 18, 44, 20, 35, 43, 97, 91, 76, 10, 30, 21, 45, 71, 64, 1, 23, 17, 83, 24, 14, 60, 36, 6, 57, 94, 88, 65, 56, 79, 40, 67, 68, 46, 75, 38, 9, 19, 32, 81, 41, 27, 62, 87, 90, 99, 59, 11, 16, 72, 73, 70, 39, 37, 84, 3, 92, 25, 55, 28, 29, 51, 7, 33, 61, 86, 66, 89, 50, 48, 96, 53, 8, 80, 4, 34, 49, 52, 0, 13, 69, 2, 74]|[1, 1, 0, 1, 1, 1, 2, 1, 2, 1, 2, 2, 2, 1, 1, 0, 0, 1, 0, 2, 2, 0, 1, 2, 0, 1, 2, 2, 0, 0, 1, 2, 1, 2, 1, 0, 2, 0, 1, 1, 0, 1, 1, 1, 0, 2, 1, 1, 0, 0, 0, 0, 1, 1, 2, 1, 2, 0, 0, 0, 2, 1, 0, 1, 2, 1, 2, 1, 1, 1, 1, 1, 1, 0, 1, 1, 0, 0, 0, 1, 2, 1, 0, 2, 1, 0, 0, 0, 0, 1, 0, 0, 2, 0, 1, 0, 0, 1, 0, 2]|[4, 3, 2, 2, 0, 0, 2, 2, 2, 4, 1, 1, 2, 4, 4, 1, 2, 4, 2, 1, 1, 1, 1, 2, 1, 2, 1, 1, 1, 1, 3, 2, 3, 0, 4, 0, 1, 1, 0, 3, 2, 2, 4, 0, 1, 1, 0, 2, 0, 1, 2, 2, 1, 4, 0, 3, 2, 1, 1, 2, 1, 3, 1, 1, 1, 3, 0, 4, 3, 1, 4, 1, 1, 2, 4, 4, 2, 1, 1, 3, 1, 3, 1, 1, 1, 1, 1, 1, 2, 3, 1, 2, 1, 1, 1, 2, 2, 3, 2, 1]|[0, 2, 1, 1, 3, 3, 0, 1, 0, 0, 0, 0, 1, 0, 1, 0, 0, 3, 1, 0, 0, 0, 3, 1, 0, 2, 0, 0, 0, 1, 0, 0, 0, 0, 3, 0, 1, 0, 0, 2, 1, 1, 2, 0, 0, 0, 0, 1, 1, 0, 0, 0, 1, 3, 0, 0, 1, 0, 0, 1, 0, 2, 0, 1, 0, 2, 1, 0, 0, 1, 1, 3, 1, 1, 3, 3, 1, 0, 0, 2, 0, 0, 0, 0, 1, 0, 0, 0, 1, 2, 0, 1, 0, 1, 1, 0, 0, 0, 0, 0],802.1274951829081,57956.38699448537,89691.2003308727,false
29,G1_CMAX,G1_CMAX,[31, 22, 82, 15, 26, 99, 95, 42, 77, 12, 47, 5, 93, 78, 86, 54, 21, 63, 18, 44, 20, 35, 43, 97, 91, 76, 10, 30, 85, 45, 71, 64, 1, 23, 17, 83, 24, 14, 60, 36, 6, 57, 40, 88, 65, 56, 79, 94, 67, 68, 46, 75, 38, 9, 19, 32, 41, 81, 27, 87, 90, 58, 59, 11, 16, 72, 73, 70, 39, 37, 84, 3, 92, 25, 55, 48, 62, 29, 51, 7, 33, 61, 98, 28, 89, 50, 4, 96, 53, 80, 8, 66, 34, 49, 52, 0, 74, 69, 2, 13]|[1, 1, 0, 1, 1, 0, 1, 1, 2, 1, 2, 2, 2, 1, 1, 0, 0, 1, 0, 2, 2, 0, 1, 2, 0, 1, 2, 2, 0, 0, 1, 2, 1, 2, 1, 0, 2, 0, 1, 1, 0, 1, 1, 1, 0, 2, 1, 1, 0, 0, 0, 0, 1, 1, 2, 1, 0, 2, 0, 2, 1, 0, 1, 2, 1, 2, 1, 1, 1, 1, 1, 1, 0, 1, 2, 0, 0, 0, 0, 1, 2, 1, 2, 0, 1, 0, 1, 2, 0, 0, 1, 2, 2, 0, 1, 0, 2, 1, 0, 0]|[0, 3, 2, 2, 4, 1, 2, 3, 2, 4, 1, 1, 2, 4, 4, 1, 1, 4, 2, 1, 1, 1, 1, 2, 1, 2, 1, 1, 2, 1, 3, 2, 3, 1, 4, 0, 1, 1, 0, 3, 2, 2, 2, 0, 1, 1, 0, 4, 0, 1, 2, 2, 1, 4, 0, 3, 1, 1, 1, 1, 3, 1, 1, 1, 3, 0, 4, 3, 1, 4, 1, 1, 0, 4, 1, 1, 2, 1, 1, 1, 1, 3, 1, 2, 1, 1, 4, 1, 2, 1, 3, 1, 1, 1, 1, 2, 1, 4, 2, 2]|[0, 2, 1, 1, 3, 0, 1, 3, 0, 0, 0, 0, 1, 0, 1, 0, 0, 3, 1, 0, 0, 0, 3, 1, 0, 2, 0, 0, 0, 1, 0, 0, 0, 0, 3, 0, 1, 0, 0, 2, 1, 1, 1, 0, 0, 0, 0, 2, 1, 0, 0, 0, 1, 3, 0, 0, 0, 0, 0, 0, 2, 0, 1, 0, 2, 1, 0, 0, 1, 1, 3, 1, 1, 3, 0, 0, 1, 0, 0, 2, 0, 0, 0, 1, 1, 0, 0, 0, 1, 0, 2, 0, 0, 1, 1, 0, 0, 2, 0, 0],731.2476204416437,56806.84376103422,93275.64763277225,false
29,G4_BALANCED,G4_BALANCED,[31, 11, 15, 82, 26, 9, 95, 32, 77, 68, 47, 5, 93, 78, 86, 54, 85, 63, 18, 44, 20, 49, 36, 14, 74, 50, 53, 17, 21, 45, 71, 64, 3, 23, 30, 83, 24, 41, 60, 52, 65, 27, 90, 70, 39, 87, 48, 69, 99, 4, 46, 1, 13, 58, 97, 59, 28, 75, 73, 37, 35, 40, 22, 66, 76, 42, 79, 80, 96, 6, 16, 61, 33, 7, 57, 34, 12, 67, 10, 98, 88, 56, 29, 8, 91, 38, 72, 92, 43, 84, 51, 19, 81, 25, 2, 55, 94, 89, 62, 0]|[2, 1, 1, 1, 1, 2, 1, 1, 1, 1, 1, 0, 2, 2, 1, 2, 0, 0, 0, 2, 2, 1, 0, 2, 0, 2, 2, 1, 0, 1, 1, 1, 0, 0, 1, 0, 2, 1, 2, 2, 0, 0, 1, 1, 0, 2, 0, 1, 1, 0, 0, 2, 0, 0, 2, 0, 1, 0, 0, 0, 1, 2, 0, 2, 2, 0, 1, 2, 0, 1, 2, 1, 1, 2, 0, 1, 1, 1, 1, 2, 2, 2, 1, 1, 1, 0, 1, 0, 1, 0, 1, 1, 1, 1, 2, 0, 2, 1, 1, 0]|[0, 3, 2, 3, 4, 1, 4, 4, 2, 4, 3, 2, 1, 0, 2, 1, 1, 1, 2, 1, 1, 3, 0, 1, 0, 1, 1, 4, 1, 4, 3, 2, 2, 0, 4, 1, 1, 4, 0, 1, 2, 1, 4, 4, 1, 1, 0, 4, 3, 1, 2, 1, 2, 1, 1, 2, 4, 2, 0, 2, 3, 0, 1, 0, 1, 2, 3, 1, 2, 4, 1, 3, 4, 1, 2, 4, 3, 3, 3, 1, 1, 1, 3, 3, 3, 2, 4, 2, 4, 2, 3, 4, 1, 4, 1, 2, 1, 4, 3, 2]|[0, 2, 1, 0, 3, 0, 1, 3, 0, 0, 2, 0, 1, 0, 1, 0, 0, 0, 1, 0, 0, 2, 0, 0, 1, 0, 0, 3, 0, 1, 0, 2, 0, 1, 3, 0, 1, 3, 1, 0, 0, 0, 1, 3, 0, 0, 1, 1, 2, 0, 0, 0, 0, 0, 1, 0, 1, 0, 1, 1, 0, 0, 0, 0, 0, 0, 2, 0, 0, 2, 0, 0, 1, 0, 0, 1, 0, 0, 3, 0, 0, 0, 0, 0, 0, 0, 2, 0, 2, 0, 0, 1, 1, 3, 0, 0, 0, 1, 0, 0],886.5266578569763,51989.75967332948,105039.51838824725,false
29,G2_TEC,G2_TEC,[31, 22, 82, 15, 26, 9, 95, 42, 77, 68, 47, 5, 93, 78, 86, 54, 85, 63, 18, 44, 20, 49, 36, 14, 74, 50, 53, 17, 21, 28, 11, 64, 3, 23, 30, 83, 24, 41, 40, 52, 65, 27, 90, 70, 39, 87, 48, 69, 99, 4, 46, 1, 13, 58, 97, 59, 45, 8, 73, 37, 35, 79, 71, 66, 76, 32, 60, 80, 96, 6, 16, 61, 33, 7, 57, 34, 12, 67, 10, 98, 56, 88, 43, 75, 91, 38, 84, 92, 29, 19, 51, 72, 89, 25, 2, 55, 62, 81, 94, 0]|[2, 1, 2, 1, 1, 2, 1, 1, 1, 1, 1, 0, 2, 2, 1, 2, 0, 0, 0, 2, 2, 1, 0, 2, 0, 2, 2, 1, 0, 1, 1, 1, 0, 0, 1, 0, 2, 1, 2, 2, 0, 0, 1, 1, 0, 2, 0, 2, 1, 0, 0, 2, 0, 0, 2, 0, 1, 1, 0, 0, 2, 1, 1, 1, 2, 0, 2, 2, 0, 1, 2, 1, 1, 2, 0, 1, 2, 1, 1, 2, 2, 1, 1, 0, 1, 0, 0, 0, 1, 1, 1, 1, 1, 1, 2, 0, 1, 1, 2, 0]|[0, 3, 0, 3, 4, 1, 4, 4, 2, 4, 3, 2, 1, 0, 2, 1, 1, 1, 2, 1, 1, 3, 0, 1, 0, 1, 1, 4, 1, 4, 3, 2, 2, 0, 4, 1, 1, 4, 1, 1, 2, 1, 4, 4, 1, 1, 0, 2, 3, 2, 2, 1, 2, 1, 1, 2, 4, 3, 0, 2, 2, 3, 3, 1, 1, 2, 1, 1, 2, 4, 1, 3, 4, 1, 2, 4, 1, 3, 3, 1, 1, 4, 4, 2, 3, 2, 2, 2, 3, 4, 3, 4, 4, 4, 1, 2, 3, 4, 1, 2]|[0, 2, 0, 0, 3, 0, 1, 3, 0, 0, 2, 0, 1, 0, 1, 0, 0, 0, 1, 0, 0, 2, 0, 0, 1, 0, 0, 3, 0, 1, 0, 2, 0, 0, 3, 0, 1, 3, 0, 0, 0, 0, 1, 3, 0, 0, 1, 0, 2, 0, 0, 0, 0, 0, 1, 0, 1, 0, 1, 1, 0, 2, 0, 2, 0, 0, 0, 0, 0, 2, 0, 0, 1, 0, 0, 1, 0, 0, 3, 0, 0, 1, 2, 0, 0, 0, 0, 0, 3, 1, 0, 2, 1, 3, 0, 0, 0, 1, 0, 0],882.9438068981488,49877.554644704585,107717.62812963048,false
29,G3_TWC,G3_TWC,[31, 22, 82, 15, 26, 58, 95, 42, 77, 12, 47, 5, 93, 78, 98, 54, 85, 63, 18, 44, 20, 35, 43, 97, 91, 76, 10, 30, 21, 45, 71, 64, 1, 23, 17, 83, 24, 14, 60, 36, 6, 57, 94, 88, 65, 56, 79, 40, 67, 68, 46, 75, 38, 9, 19, 32, 81, 41, 27, 62, 87, 90, 99, 59, 11, 16, 72, 73, 70, 39, 37, 84, 3, 92, 25, 55, 28, 29, 51, 7, 33, 61, 86, 66, 89, 50, 48, 96, 53, 8, 80, 4, 34, 49, 52, 0, 13, 69, 2, 74]|[1, 1, 0, 1, 1, 1, 2, 1, 2, 1, 2, 2, 2, 1, 1, 0, 0, 1, 0, 2, 2, 0, 1, 2, 0, 1, 2, 2, 0, 0, 1, 2, 1, 2, 1, 0, 2, 0, 1, 1, 0, 1, 1, 1, 0, 2, 1, 1, 0, 0, 0, 0, 1, 1, 2, 1, 2, 0, 0, 0, 2, 1, 0, 1, 2, 1, 2, 1, 1, 1, 1, 1, 1, 0, 1, 1, 0, 0, 0, 1, 2, 1, 0, 2, 1, 0, 0, 0, 0, 1, 0, 0, 2, 0, 1, 0, 0, 1, 0, 2]|[4, 3, 2, 2, 0, 0, 2, 2, 2, 4, 1, 1, 2, 4, 4, 1, 2, 4, 2, 1, 1, 1, 1, 2, 1, 2, 1, 1, 1, 1, 3, 2, 3, 0, 4, 0, 1, 1, 0, 3, 2, 2, 4, 0, 1, 1, 0, 2, 0, 1, 2, 2, 1, 4, 0, 3, 2, 1, 1, 2, 1, 3, 1, 1, 1, 3, 0, 4, 3, 1, 4, 1, 1, 2, 4, 4, 2, 1, 1, 3, 1, 3, 1, 1, 1, 1, 1, 1, 2, 3, 1, 2, 1, 1, 1, 2, 2, 3, 2, 1]|[0, 2, 1, 1, 3, 3, 0, 1, 0, 0, 0, 0, 1, 0, 1, 0, 0, 3, 1, 0, 0, 0, 3, 1, 0, 2, 0, 0, 0, 1, 0, 0, 0, 0, 3, 0, 1, 0, 0, 2, 1, 1, 2, 0, 0, 0, 0, 1, 1, 0, 0, 0, 1, 3, 0, 0, 1, 0, 0, 1, 0, 2, 0, 1, 0, 2, 1, 0, 0, 1, 1, 3, 1, 1, 3, 3, 1, 0, 0, 2, 0, 0, 0, 0, 1, 0, 0, 0, 1, 2, 0, 1, 0, 1, 1, 0, 0, 0, 0, 0],802.1274951829081,57956.38699448537,89691.2003308727,false
29,G1_CMAX,G1_CMAX,[31, 22, 82, 15, 26, 99, 95, 42, 77, 12, 47, 5, 93, 78, 86, 54, 21, 63, 18, 44, 20, 35, 43, 97, 91, 76, 10, 30, 85, 45, 71, 64, 1, 23, 17, 83, 24, 14, 60, 36, 6, 57, 40, 88, 65, 56, 79, 94, 67, 68, 46, 75, 38, 9, 19, 32, 41, 81, 27, 87, 90, 58, 59, 11, 16, 72, 73, 70, 39, 37, 84, 3, 92, 25, 55, 48, 62, 29, 51, 7, 33, 61, 98, 28, 89, 50, 4, 96, 53, 80, 8, 66, 34, 49, 52, 0, 74, 69, 2, 13]|[1, 1, 0, 1, 1, 0, 1, 1, 2, 1, 2, 2, 2, 1, 1, 0, 0, 1, 0, 2, 2, 0, 1, 2, 0, 1, 2, 2, 0, 0, 1, 2, 1, 2, 1, 0, 2, 0, 1, 1, 0, 1, 1, 1, 0, 2, 1, 1, 0, 0, 0, 0, 1, 1, 2, 1, 0, 2, 0, 2, 1, 0, 1, 2, 1, 2, 1, 1, 1, 1, 1, 1, 0, 1, 2, 0, 0, 0, 0, 1, 2, 1, 2, 0, 1, 0, 1, 2, 0, 0, 1, 2, 2, 0, 1, 0, 2, 1, 0, 0]|[0, 3, 2, 2, 4, 1, 2, 3, 2, 4, 1, 1, 2, 4, 4, 1, 1, 4, 2, 1, 1, 1, 1, 2, 1, 2, 1, 1, 2, 1, 3, 2, 3, 1, 4, 0, 1, 1, 0, 3, 2, 2, 2, 0, 1, 1, 0, 4, 0, 1, 2, 2, 1, 4, 0, 3, 1, 1, 1, 1, 3, 1, 1, 1, 3, 0, 4, 3, 1, 4, 1, 1, 0, 4, 1, 1, 2, 1, 1, 1, 1, 3, 1, 2, 1, 1, 4, 1, 2, 1, 3, 1, 1, 1, 1, 2, 1, 4, 2, 2]|[0, 2, 1, 1, 3, 0, 1, 3, 0, 0, 0, 0, 1, 0, 1, 0, 0, 3, 1, 0, 0, 0, 3, 1, 0, 2, 0, 0, 0, 1, 0, 0, 0, 0, 3, 0, 1, 0, 0, 2, 1, 1, 1, 0, 0, 0, 0, 2, 1, 0, 0, 0, 1, 3, 0, 0, 0, 0, 0, 0, 2, 0, 1, 0, 2, 1, 0, 0, 1, 1, 3, 1, 1, 3, 0, 0, 1, 0, 0, 2, 0, 0, 0, 1, 1, 0, 0, 0, 1, 0, 2, 0, 0, 1, 1, 0, 0, 2, 0, 0],731.2476204416437,56806.84376103422,93275.64763277225,false
29,G4_BALANCED,G4_BALANCED,[31, 11, 15, 82, 26, 9, 95, 32, 77, 68, 47, 5, 93, 78, 86, 54, 85, 63, 18, 44, 20, 49, 36, 14, 74, 50, 53, 17, 21, 45, 71, 64, 3, 23, 30, 83, 24, 41, 60, 52, 65, 27, 90, 70, 39, 87, 48, 69, 99, 4, 46, 1, 13, 58, 97, 59, 28, 75, 73, 37, 35, 40, 22, 66, 76, 42, 79, 80, 96, 6, 16, 61, 33, 7, 57, 34, 12, 67, 10, 98, 88, 56, 29, 8, 91, 38, 72, 92, 43, 84, 51, 19, 81, 25, 2, 55, 94, 89, 62, 0]|[2, 1, 1, 1, 1, 2, 1, 1, 1, 1, 1, 0, 2, 2, 1, 2, 0, 0, 0, 2, 2, 1, 0, 2, 0, 2, 2, 1, 0, 1, 1, 1, 0, 0, 1, 0, 2, 1, 2, 2, 0, 0, 1, 1, 0, 2, 0, 1, 1, 0, 0, 2, 0, 0, 2, 0, 1, 0, 0, 0, 1, 2, 0, 2, 2, 0, 1, 2, 0, 1, 2, 1, 1, 2, 0, 1, 1, 1, 1, 2, 2, 2, 1, 1, 1, 0, 1, 0, 1, 0, 1, 1, 1, 1, 2, 0, 2, 1, 1, 0]|[0, 3, 2, 3, 4, 1, 4, 4, 2, 4, 3, 2, 1, 0, 2, 1, 1, 1, 2, 1, 1, 3, 0, 1, 0, 1, 1, 4, 1, 4, 3, 2, 2, 0, 4, 1, 1, 4, 0, 1, 2, 1, 4, 4, 1, 1, 0, 4, 3, 1, 2, 1, 2, 1, 1, 2, 4, 2, 0, 2, 3, 0, 1, 0, 1, 2, 3, 1, 2, 4, 1, 3, 4, 1, 2, 4, 3, 3, 3, 1, 1, 1, 3, 3, 3, 2, 4, 2, 4, 2, 3, 4, 1, 4, 1, 2, 1, 4, 3, 2]|[0, 2, 1, 0, 3, 0, 1, 3, 0, 0, 2, 0, 1, 0, 1, 0, 0, 0, 1, 0, 0, 2, 0, 0, 1, 0, 0, 3, 0, 1, 0, 2, 0, 1, 3, 0, 1, 3, 1, 0, 0, 0, 1, 3, 0, 0, 1, 1, 2, 0, 0, 0, 0, 0, 1, 0, 1, 0, 1, 1, 0, 0, 0, 0, 0, 0, 2, 0, 0, 2, 0, 0, 1, 0, 0, 1, 0, 0, 3, 0, 0, 0, 0, 0, 0, 0, 2, 0, 2, 0, 0, 1, 1, 3, 0, 0, 0, 1, 0, 0],886.5266578569763,51989.75967332948,105039.51838824725,false
29,G2_TEC,G2_TEC,[31, 22, 82, 15, 26, 9, 95, 42, 77, 68, 47, 5, 93, 78, 86, 54, 85, 63, 18, 44, 20, 49, 36, 14, 74, 50, 53, 17, 21, 28, 11, 64, 3, 23, 30, 83, 24, 41, 40, 52, 65, 27, 90, 70, 39, 87, 48, 69, 99, 4, 46, 1, 13, 58, 97, 59, 45, 8, 73, 37, 35, 79, 71, 66, 76, 32, 60, 80, 96, 6, 16, 61, 33, 7, 57, 34, 12, 67, 10, 98, 56, 88, 43, 75, 91, 38, 84, 92, 29, 19, 51, 72, 89, 25, 2, 55, 62, 81, 94, 0]|[2, 1, 2, 1, 1, 2, 1, 1, 1, 1, 1, 0, 2, 2, 1, 2, 0, 0, 0, 2, 2, 1, 0, 2, 0, 2, 2, 1, 0, 1, 1, 1, 0, 0, 1, 0, 2, 1, 2, 2, 0, 0, 1, 1, 0, 2, 0, 2, 1, 0, 0, 2, 0, 0, 2, 0, 1, 1, 0, 0, 2, 1, 1, 1, 2, 0, 2, 2, 0, 1, 2, 1, 1, 2, 0, 1, 2, 1, 1, 2, 2, 1, 1, 0, 1, 0, 0, 0, 1, 1, 1, 1, 1, 1, 2, 0, 1, 1, 2, 0]|[0, 3, 0, 3, 4, 1, 4, 4, 2, 4, 3, 2, 1, 0, 2, 1, 1, 1, 2, 1, 1, 3, 0, 1, 0, 1, 1, 4, 1, 4, 3, 2, 2, 0, 4, 1, 1, 4, 1, 1, 2, 1, 4, 4, 1, 1, 0, 2, 3, 2, 2, 1, 2, 1, 1, 2, 4, 3, 0, 2, 2, 3, 3, 1, 1, 2, 1, 1, 2, 4, 1, 3, 4, 1, 2, 4, 1, 3, 3, 1, 1, 4, 4, 2, 3, 2, 2, 2, 3, 4, 3, 4, 4, 4, 1, 2, 3, 4, 1, 2]|[0, 2, 0, 0, 3, 0, 1, 3, 0, 0, 2, 0, 1, 0, 1, 0, 0, 0, 1, 0, 0, 2, 0, 0, 1, 0, 0, 3, 0, 1, 0, 2, 0, 0, 3, 0, 1, 3, 0, 0, 0, 0, 1, 3, 0, 0, 1, 0, 2, 0, 0, 0, 0, 0, 1, 0, 1, 0, 1, 1, 0, 2, 0, 2, 0, 0, 0, 0, 0, 2, 0, 0, 1, 0, 0, 1, 0, 0, 3, 0, 0, 1, 2, 0, 0, 0, 0, 0, 3, 1, 0, 2, 1, 3, 0, 0, 0, 1, 0, 0],882.9438068981488,49877.554644704585,107717.62812963048,false
29,G3_TWC,G3_TWC,[31, 22, 82, 15, 26, 58, 95, 42, 77, 12, 47, 5, 93, 78, 98, 54, 85, 63, 18, 44, 20, 35, 43, 97, 91, 76, 10, 30, 21, 45, 71, 64, 1, 23, 17, 83, 24, 14, 60, 36, 6, 57, 94, 88, 65, 56, 79, 40, 67, 68, 46, 75, 38, 9, 19, 32, 81, 41, 27, 62, 87, 90, 99, 59, 11, 16, 72, 73, 70, 39, 37, 84, 3, 92, 25, 55, 28, 29, 51, 7, 33, 61, 86, 66, 89, 50, 48, 96, 53, 8, 80, 4, 34, 49, 52, 0, 13, 69, 2, 74]|[1, 1, 0, 1, 1, 1, 2, 1, 2, 1, 2, 2, 2, 1, 1, 0, 0, 1, 0, 2, 2, 0, 1, 2, 0, 1, 2, 2, 0, 0, 1, 2, 1, 2, 1, 0, 2, 0, 1, 1, 0, 1, 1, 1, 0, 2, 1, 1, 0, 0, 0, 0, 1, 1, 2, 1, 2, 0, 0, 0, 2, 1, 0, 1, 2, 1, 2, 1, 1, 1, 1, 1, 1, 0, 1, 1, 0, 0, 0, 1, 2, 1, 0, 2, 1, 0, 0, 0, 0, 1, 0, 0, 2, 0, 1, 0, 0, 1, 0, 2]|[4, 3, 2, 2, 0, 0, 2, 2, 2, 4, 1, 1, 2, 4, 4, 1, 2, 4, 2, 1, 1, 1, 1, 2, 1, 2, 1, 1, 1, 1, 3, 2, 3, 0, 4, 0, 1, 1, 0, 3, 2, 2, 4, 0, 1, 1, 0, 2, 0, 1, 2, 2, 1, 4, 0, 3, 2, 1, 1, 2, 1, 3, 1, 1, 1, 3, 0, 4, 3, 1, 4, 1, 1, 2, 4, 4, 2, 1, 1, 3, 1, 3, 1, 1, 1, 1, 1, 1, 2, 3, 1, 2, 1, 1, 1, 2, 2, 3, 2, 1]|[0, 2, 1, 1, 3, 3, 0, 1, 0, 0, 0, 0, 1, 0, 1, 0, 0, 3, 1, 0, 0, 0, 3, 1, 0, 2, 0, 0, 0, 1, 0, 0, 0, 0, 3, 0, 1, 0, 0, 2, 1, 1, 2, 0, 0, 0, 0, 1, 1, 0, 0, 0, 1, 3, 0, 0, 1, 0, 0, 1, 0, 2, 0, 1, 0, 2, 1, 0, 0, 1, 1, 3, 1, 1, 3, 3, 1, 0, 0, 2, 0, 0, 0, 0, 1, 0, 0, 0, 1, 2, 0, 1, 0, 1, 1, 0, 0, 0, 0, 0],802.1274951829081,57956.38699448537,89691.2003308727,false
29,G1_CMAX,G1_CMAX,[31, 22, 82, 15, 26, 99, 95, 42, 77, 12, 47, 5, 93, 78, 86, 54, 21, 63, 18, 44, 20, 35, 43, 97, 91, 76, 10, 30, 85, 45, 71, 64, 1, 23, 17, 83, 24, 14, 60, 36, 6, 57, 40, 88, 65, 56, 79, 94, 67, 68, 46, 75, 38, 9, 19, 32, 41, 81, 27, 87, 90, 58, 59, 11, 16, 72, 73, 70, 39, 37, 84, 3, 92, 25, 55, 48, 62, 29, 51, 7, 33, 61, 98, 28, 89, 50, 4, 96, 53, 80, 8, 66, 34, 49, 52, 0, 74, 69, 2, 13]|[1, 1, 0, 1, 1, 0, 1, 1, 2, 1, 2, 2, 2, 1, 1, 0, 0, 1, 0, 2, 2, 0, 1, 2, 0, 1, 2, 2, 0, 0, 1, 2, 1, 2, 1, 0, 2, 0, 1, 1, 0, 1, 1, 1, 0, 2, 1, 1, 0, 0, 0, 0, 1, 1, 2, 1, 0, 2, 0, 2, 1, 0, 1, 2, 1, 2, 1, 1, 1, 1, 1, 1, 0, 1, 2, 0, 0, 0, 0, 1, 2, 1, 2, 0, 1, 0, 1, 2, 0, 0, 1, 2, 2, 0, 1, 0, 2, 1, 0, 0]|[0, 3, 2, 2, 4, 1, 2, 3, 2, 4, 1, 1, 2, 4, 4, 1, 1, 4, 2, 1, 1, 1, 1, 2, 1, 2, 1, 1, 2, 1, 3, 2, 3, 1, 4, 0, 1, 1, 0, 3, 2, 2, 2, 0, 1, 1, 0, 4, 0, 1, 2, 2, 1, 4, 0, 3, 1, 1, 1, 1, 3, 1, 1, 1, 3, 0, 4, 3, 1, 4, 1, 1, 0, 4, 1, 1, 2, 1, 1, 1, 1, 3, 1, 2, 1, 1, 4, 1, 2, 1, 3, 1, 1, 1, 1, 2, 1, 4, 2, 2]|[0, 2, 1, 1, 3, 0, 1, 3, 0, 0, 0, 0, 1, 0, 1, 0, 0, 3, 1, 0, 0, 0, 3, 1, 0, 2, 0, 0, 0, 1, 0, 0, 0, 0, 3, 0, 1, 0, 0, 2, 1, 1, 1, 0, 0, 0, 0, 2, 1, 0, 0, 0, 1, 3, 0, 0, 0, 0, 0, 0, 2, 0, 1, 0, 2, 1, 0, 0, 1, 1, 3, 1, 1, 3, 0, 0, 1, 0, 0, 2, 0, 0, 0, 1, 1, 0, 0, 0, 1, 0, 2, 0, 0, 1, 1, 0, 0, 2, 0, 0],731.2476204416437,56806.84376103422,93275.64763277225,false
29,G4_BALANCED,G4_BALANCED,[31, 11, 15, 82, 26, 9, 95, 32, 77, 68, 47, 5, 93, 78, 86, 54, 85, 63, 18, 44, 20, 49, 36, 14, 74, 50, 53, 17, 21, 45, 71, 64, 3, 23, 30, 83, 24, 41, 60, 52, 65, 27, 90, 70, 39, 87, 48, 69, 99, 4, 46, 1, 13, 58, 97, 59, 28, 75, 73, 37, 35, 40, 22, 66, 76, 42, 79, 80, 96, 6, 16, 61, 33, 7, 57, 34, 12, 67, 10, 98, 88, 56, 29, 8, 91, 38, 72, 92, 43, 84, 51, 19, 81, 25, 2, 55, 94, 89, 62, 0]|[2, 1, 1, 1, 1, 2, 1, 1, 1, 1, 1, 0, 2, 2, 1, 2, 0, 0, 0, 2, 2, 1, 0, 2, 0, 2, 2, 1, 0, 1, 1, 1, 0, 0, 1, 0, 2, 1, 2, 2, 0, 0, 1, 1, 0, 2, 0, 1, 1, 0, 0, 2, 0, 0, 2, 0, 1, 0, 0, 0, 1, 2, 0, 2, 2, 0, 1, 2, 0, 1, 2, 1, 1, 2, 0, 1, 1, 1, 1, 2, 2, 2, 1, 1, 1, 0, 1, 0, 1, 0, 1, 1, 1, 1, 2, 0, 2, 1, 1, 0]|[0, 3, 2, 3, 4, 1, 4, 4, 2, 4, 3, 2, 1, 0, 2, 1, 1, 1, 2, 1, 1, 3, 0, 1, 0, 1, 1, 4, 1, 4, 3, 2, 2, 0, 4, 1, 1, 4, 0, 1, 2, 1, 4, 4, 1, 1, 0, 4, 3, 1, 2, 1, 2, 1, 1, 2, 4, 2, 0, 2, 3, 0, 1, 0, 1, 2, 3, 1, 2, 4, 1, 3, 4, 1, 2, 4, 3, 3, 3, 1, 1, 1, 3, 3, 3, 2, 4, 2, 4, 2, 3, 4, 1, 4, 1, 2, 1, 4, 3, 2]|[0, 2, 1, 0, 3, 0, 1, 3, 0, 0, 2, 0, 1, 0, 1, 0, 0, 0, 1, 0, 0, 2, 0, 0, 1, 0, 0, 3, 0, 1, 0, 2, 0, 1, 3, 0, 1, 3, 1, 0, 0, 0, 1, 3, 0, 0, 1, 1, 2, 0, 0, 0, 0, 0, 1, 0, 1, 0, 1, 1, 0, 0, 0, 0, 0, 0, 2, 0, 0, 2, 0, 0, 1, 0, 0, 1, 0, 0, 3, 0, 0, 0, 0, 0, 0, 0, 2, 0, 2, 0, 0, 1, 1, 3, 0, 0, 0, 1, 0, 0],886.5266578569763,51989.75967332948,105039.51838824725,false
29,G2_TEC,G2_TEC,[31, 22, 82, 15, 26, 9, 95, 42, 77, 68, 47, 5, 93, 78, 86, 54, 85, 63, 18, 44, 20, 49, 36, 14, 74, 50, 53, 17, 21, 28, 11, 64, 3, 23, 30, 83, 24, 41, 40, 52, 65, 27, 90, 70, 39, 87, 48, 69, 99, 4, 46, 1, 13, 58, 97, 59, 45, 8, 73, 37, 35, 79, 71, 66, 76, 32, 60, 80, 96, 6, 16, 61, 33, 7, 57, 34, 12, 67, 10, 98, 56, 88, 43, 75, 91, 38, 84, 92, 29, 19, 51, 72, 89, 25, 2, 55, 62, 81, 94, 0]|[2, 1, 2, 1, 1, 2, 1, 1, 1, 1, 1, 0, 2, 2, 1, 2, 0, 0, 0, 2, 2, 1, 0, 2, 0, 2, 2, 1, 0, 1, 1, 1, 0, 0, 1, 0, 2, 1, 2, 2, 0, 0, 1, 1, 0, 2, 0, 2, 1, 0, 0, 2, 0, 0, 2, 0, 1, 1, 0, 0, 2, 1, 1, 1, 2, 0, 2, 2, 0, 1, 2, 1, 1, 2, 0, 1, 2, 1, 1, 2, 2, 1, 1, 0, 1, 0, 0, 0, 1, 1, 1, 1, 1, 1, 2, 0, 1, 1, 2, 0]|[0, 3, 0, 3, 4, 1, 4, 4, 2, 4, 3, 2, 1, 0, 2, 1, 1, 1, 2, 1, 1, 3, 0, 1, 0, 1, 1, 4, 1, 4, 3, 2, 2, 0, 4, 1, 1, 4, 1, 1, 2, 1, 4, 4, 1, 1, 0, 2, 3, 2, 2, 1, 2, 1, 1, 2, 4, 3, 0, 2, 2, 3, 3, 1, 1, 2, 1, 1, 2, 4, 1, 3, 4, 1, 2, 4, 1, 3, 3, 1, 1, 4, 4, 2, 3, 2, 2, 2, 3, 4, 3, 4, 4, 4, 1, 2, 3, 4, 1, 2]|[0, 2, 0, 0, 3, 0, 1, 3, 0, 0, 2, 0, 1, 0, 1, 0, 0, 0, 1, 0, 0, 2, 0, 0, 1, 0, 0, 3, 0, 1, 0, 2, 0, 0, 3, 0, 1, 3, 0, 0, 0, 0, 1, 3, 0, 0, 1, 0, 2, 0, 0, 0, 0, 0, 1, 0, 1, 0, 1, 1, 0, 2, 0, 2, 0, 0, 0, 0, 0, 2, 0, 0, 1, 0, 0, 1, 0, 0, 3, 0, 0, 1, 2, 0, 0, 0, 0, 0, 3, 1, 0, 2, 1, 3, 0, 0, 0, 1, 0, 0],882.9438068981488,49877.554644704585,107717.62812963048,false
29,G3_TWC,G3_TWC,[31, 22, 82, 15, 26, 58, 95, 42, 77, 12, 47, 5, 93, 78, 98, 54, 85, 63, 18, 44, 20, 35, 43, 97, 91, 76, 10, 30, 21, 45, 71, 64, 1, 23, 17, 83, 24, 14, 60, 36, 6, 57, 94, 88, 65, 56, 79, 40, 67, 68, 46, 75, 38, 9, 19, 32, 81, 41, 27, 62, 87, 90, 99, 59, 11, 16, 72, 73, 70, 39, 37, 84, 3, 92, 25, 55, 28, 29, 51, 7, 33, 61, 86, 66, 89, 50, 48, 96, 53, 8, 80, 4, 34, 49, 52, 0, 13, 69, 2, 74]|[1, 1, 0, 1, 1, 1, 2, 1, 2, 1, 2, 2, 2, 1, 1, 0, 0, 1, 0, 2, 2, 0, 1, 2, 0, 1, 2, 2, 0, 0, 1, 2, 1, 2, 1, 0, 2, 0, 1, 1, 0, 1, 1, 1, 0, 2, 1, 1, 0, 0, 0, 0, 1, 1, 2, 1, 2, 0, 0, 0, 2, 1, 0, 1, 2, 1, 2, 1, 1, 1, 1, 1, 1, 0, 1, 1, 0, 0, 0, 1, 2, 1, 0, 2, 1, 0, 0, 0, 0, 1, 0, 0, 2, 0, 1, 0, 0, 1, 0, 2]|[4, 3, 2, 2, 0, 0, 2, 2, 2, 4, 1, 1, 2, 4, 4, 1, 2, 4, 2, 1, 1, 1, 1, 2, 1, 2, 1, 1, 1, 1, 3, 2, 3, 0, 4, 0, 1, 1, 0, 3, 2, 2, 4, 0, 1, 1, 0, 2, 0, 1, 2, 2, 1, 4, 0, 3, 2, 1, 1, 2, 1, 3, 1, 1, 1, 3, 0, 4, 3, 1, 4, 1, 1, 2, 4, 4, 2, 1, 1, 3, 1, 3, 1, 1, 1, 1, 1, 1, 2, 3, 1, 2, 1, 1, 1, 2, 2, 3, 2, 1]|[0, 2, 1, 1, 3, 3, 0, 1, 0, 0, 0, 0, 1, 0, 1, 0, 0, 3, 1, 0, 0, 0, 3, 1, 0, 2, 0, 0, 0, 1, 0, 0, 0, 0, 3, 0, 1, 0, 0, 2, 1, 1, 2, 0, 0, 0, 0, 1, 1, 0, 0, 0, 1, 3, 0, 0, 1, 0, 0, 1, 0, 2, 0, 1, 0, 2, 1, 0, 0, 1, 1, 3, 1, 1, 3, 3, 1, 0, 0, 2, 0, 0, 0, 0, 1, 0, 0, 0, 1, 2, 0, 1, 0, 1, 1, 0, 0, 0, 0, 0],802.1274951829081,57956.38699448537,89691.2003308727,false
29,G1_CMAX,G1_CMAX,[31, 22, 82, 15, 26, 99, 95, 42, 77, 12, 47, 5, 93, 78, 86, 54, 21, 63, 18, 44, 20, 35, 43, 97, 91, 76, 10, 30, 85, 45, 71, 64, 1, 23, 17, 83, 24, 14, 60, 36, 6, 57, 40, 88, 65, 56, 79, 94, 67, 68, 46, 75, 38, 9, 19, 32, 41, 81, 27, 87, 90, 58, 59, 11, 16, 72, 73, 70, 39, 37, 84, 3, 92, 25, 55, 48, 62, 29, 51, 7, 33, 61, 98, 28, 89, 50, 4, 96, 53, 80, 8, 66, 34, 49, 52, 0, 74, 69, 2, 13]|[1, 1, 0, 1, 1, 0, 1, 1, 2, 1, 2, 2, 2, 1, 1, 0, 0, 1, 0, 2, 2, 0, 1, 2, 0, 1, 2, 2, 0, 0, 1, 2, 1, 2, 1, 0, 2, 0, 1, 1, 0, 1, 1, 1, 0, 2, 1, 1, 0, 0, 0, 0, 1, 1, 2, 1, 0, 2, 0, 2, 1, 0, 1, 2, 1, 2, 1, 1, 1, 1, 1, 1, 0, 1, 2, 0, 0, 0, 0, 1, 2, 1, 2, 0, 1, 0, 1, 2, 0, 0, 1, 2, 2, 0, 1, 0, 2, 1, 0, 0]|[0, 3, 2, 2, 4, 1, 2, 3, 2, 4, 1, 1, 2, 4, 4, 1, 1, 4, 2, 1, 1, 1, 1, 2, 1, 2, 1, 1, 2, 1, 3, 2, 3, 1, 4, 0, 1, 1, 0, 3, 2, 2, 2, 0, 1, 1, 0, 4, 0, 1, 2, 2, 1, 4, 0, 3, 1, 1, 1, 1, 3, 1, 1, 1, 3, 0, 4, 3, 1, 4, 1, 1, 0, 4, 1, 1, 2, 1, 1, 1, 1, 3, 1, 2, 1, 1, 4, 1, 2, 1, 3, 1, 1, 1, 1, 2, 1, 4, 2, 2]|[0, 2, 1, 1, 3, 0, 1, 3, 0, 0, 0, 0, 1, 0, 1, 0, 0, 3, 1, 0, 0, 0, 3, 1, 0, 2, 0, 0, 0, 1, 0, 0, 0, 0, 3, 0, 1, 0, 0, 2, 1, 1, 1, 0, 0, 0, 0, 2, 1, 0, 0, 0, 1, 3, 0, 0, 0, 0, 0, 0, 2, 0, 1, 0, 2, 1, 0, 0, 1, 1, 3, 1, 1, 3, 0, 0, 1, 0, 0, 2, 0, 0, 0, 1, 1, 0, 0, 0, 1, 0, 2, 0, 0, 1, 1, 0, 0, 2, 0, 0],731.2476204416437,56806.84376103422,93275.64763277225,false
29,G4_BALANCED,G2_TEC,[31, 22, 82, 15, 26, 9, 95, 42, 77, 68, 47, 5, 93, 78, 86, 54, 85, 63, 18, 44, 20, 49, 36, 14, 74, 50, 53, 17, 21, 28, 11, 64, 3, 23, 30, 83, 24, 41, 40, 52, 65, 27, 90, 70, 39, 87, 48, 69, 99, 4, 46, 1, 13, 58, 97, 59, 45, 8, 73, 37, 35, 79, 71, 66, 76, 43, 60, 80, 96, 6, 16, 61, 33, 7, 57, 34, 12, 67, 10, 98, 56, 88, 29, 75, 91, 38, 19, 92, 32, 84, 51, 72, 89, 25, 2, 55, 62, 81, 94, 0]|[2, 1, 2, 1, 1, 2, 1, 1, 1, 1, 1, 0, 2, 2, 1, 2, 0, 0, 0, 2, 2, 1, 0, 2, 0, 2, 2, 1, 0, 1, 1, 1, 0, 0, 1, 0, 2, 1, 2, 2, 0, 0, 1, 1, 0, 2, 0, 0, 1, 0, 0, 2, 0, 0, 2, 0, 1, 1, 0, 0, 2, 1, 1, 1, 2, 1, 2, 2, 0, 1, 2, 1, 1, 2, 0, 1, 2, 1, 1, 2, 2, 1, 1, 0, 1, 0, 1, 0, 0, 0, 1, 1, 1, 1, 2, 0, 1, 1, 2, 0]|[0, 3, 0, 3, 4, 1, 4, 4, 2, 4, 3, 2, 1, 0, 2, 1, 1, 1, 2, 1, 1, 3, 0, 1, 0, 1, 1, 4, 1, 4, 3, 2, 2, 0, 4, 1, 1, 4, 1, 1, 2, 1, 4, 4, 1, 1, 0, 2, 3, 2, 2, 1, 2, 1, 1, 2, 4, 3, 0, 2, 2, 3, 3, 1, 1, 4, 1, 1, 2, 4, 1, 3, 4, 1, 2, 4, 1, 3, 3, 1, 1, 4, 3, 2, 3, 2, 4, 2, 2, 2, 3, 4, 4, 4, 1, 2, 3, 4, 1, 2]|[0, 2, 0, 0, 3, 0, 1, 3, 0, 0, 2, 0, 1, 0, 1, 0, 0, 0, 1, 0, 0, 2, 0, 0, 1, 0, 0, 3, 0, 1, 0, 2, 0, 0, 3, 0, 1, 3, 0, 0, 0, 0, 1, 3, 0, 0, 1, 0, 2, 0, 0, 0, 0, 0, 1, 0, 1, 0, 1, 1, 0, 2, 0, 2, 0, 2, 0, 0, 0, 2, 0, 0, 1, 0, 0, 1, 0, 0, 3, 0, 0, 1, 3, 0, 0, 0, 1, 0, 0, 0, 0, 2, 1, 3, 0, 0, 0, 1, 0, 0],907.8112340117506,49921.54984708288,107249.57166918657,true
29,G2_TEC,G2_TEC,[31, 22, 82, 15, 26, 9, 95, 42, 77, 68, 47, 5, 93, 78, 86, 54, 85, 63, 18, 44, 20, 49, 36, 14, 74, 50, 53, 17, 21, 28, 11, 64, 3, 23, 30, 83, 24, 41, 40, 52, 65, 27, 90, 70, 39, 87, 48, 69, 99, 4, 46, 1, 13, 58, 97, 59, 45, 8, 73, 37, 35, 79, 71, 66, 76, 32, 60, 80, 96, 6, 16, 61, 33, 7, 57, 34, 12, 67, 10, 98, 56, 88, 43, 75, 91, 38, 84, 92, 29, 19, 51, 72, 89, 25, 2, 55, 62, 81, 94, 0]|[2, 1, 2, 1, 1, 2, 1, 1, 1, 1, 1, 0, 2, 2, 1, 2, 0, 0, 0, 2, 2, 1, 0, 2, 0, 2, 2, 1, 0, 1, 1, 1, 0, 0, 1, 0, 2, 1, 2, 2, 0, 0, 1, 1, 0, 2, 0, 2, 1, 0, 0, 2, 0, 0, 2, 0, 1, 1, 0, 0, 2, 1, 1, 1, 2, 0, 2, 2, 0, 1, 2, 1, 1, 2, 0, 1, 2, 1, 1, 2, 2, 1, 1, 0, 1, 0, 0, 0, 1, 1, 1, 1, 1, 1, 2, 0, 1, 1, 2, 0]|[0, 3, 0, 3, 4, 1, 4, 4, 2, 4, 3, 2, 1, 0, 2, 1, 1, 1, 2, 1, 1, 3, 0, 1, 0, 1, 1, 4, 1, 4, 3, 2, 2, 0, 4, 1, 1, 4, 1, 1, 2, 1, 4, 4, 1, 1, 0, 2, 3, 2, 2, 1, 2, 1, 1, 2, 4, 3, 0, 2, 2, 3, 3, 1, 1, 2, 1, 1, 2, 4, 1, 3, 4, 1, 2, 4, 1, 3, 3, 1, 1, 4, 4, 2, 3, 2, 2, 2, 3, 4, 3, 4, 4, 4, 1, 2, 3, 4, 1, 2]|[0, 2, 0, 0, 3, 0, 1, 3, 0, 0, 2, 0, 1, 0, 1, 0, 0, 0, 1, 0, 0, 2, 0, 0, 1, 0, 0, 3, 0, 1, 0, 2, 0, 0, 3, 0, 1, 3, 0, 0, 0, 0, 1, 3, 0, 0, 1, 0, 2, 0, 0, 0, 0, 0, 1, 0, 1, 0, 1, 1, 0, 2, 0, 2, 0, 0, 0, 0, 0, 2, 0, 0, 1, 0, 0, 1, 0, 0, 3, 0, 0, 1, 2, 0, 0, 0, 0, 0, 3, 1, 0, 2, 1, 3, 0, 0, 0, 1, 0, 0],882.9438068981488,49877.554644704585,107717.62812963048,false
29,G3_TWC,G3_TWC,[31, 22, 82, 15, 26, 58, 95, 42, 77, 12, 47, 5, 93, 78, 98, 54, 85, 63, 18, 44, 20, 35, 43, 97, 91, 76, 10, 30, 21, 45, 71, 64, 1, 23, 17, 83, 24, 14, 60, 36, 6, 57, 94, 88, 65, 56, 79, 40, 67, 68, 46, 75, 38, 9, 19, 32, 81, 41, 27, 62, 87, 90, 99, 59, 11, 16, 72, 73, 70, 39, 37, 84, 3, 92, 25, 55, 28, 29, 51, 7, 33, 61, 86, 66, 89, 50, 48, 96, 53, 8, 80, 4, 34, 49, 52, 0, 13, 69, 2, 74]|[1, 1, 0, 1, 1, 1, 2, 1, 2, 1, 2, 2, 2, 1, 1, 0, 0, 1, 0, 2, 2, 0, 1, 2, 0, 1, 2, 2, 0, 0, 1, 2, 1, 2, 1, 0, 2, 0, 1, 1, 0, 1, 1, 1, 0, 2, 1, 1, 0, 0, 0, 0, 1, 1, 2, 1, 2, 0, 0, 0, 2, 1, 0, 1, 2, 1, 2, 1, 1, 1, 1, 1, 1, 0, 1, 1, 0, 0, 0, 1, 2, 1, 0, 2, 1, 0, 0, 0, 0, 1, 0, 0, 2, 0, 1, 0, 0, 1, 0, 2]|[4, 3, 2, 2, 0, 0, 2, 2, 2, 4, 1, 1, 2, 4, 4, 1, 2, 4, 2, 1, 1, 1, 1, 2, 1, 2, 1, 1, 1, 1, 3, 2, 3, 0, 4, 0, 1, 1, 0, 3, 2, 2, 4, 0, 1, 1, 0, 2, 0, 1, 2, 2, 1, 4, 0, 3, 2, 1, 1, 2, 1, 3, 1, 1, 1, 3, 0, 4, 3, 1, 4, 1, 1, 2, 4, 4, 2, 1, 1, 3, 1, 3, 1, 1, 1, 1, 1, 1, 2, 3, 1, 2, 1, 1, 1, 2, 2, 3, 2, 1]|[0, 2, 1, 1, 3, 3, 0, 1, 0, 0, 0, 0, 1, 0, 1, 0, 0, 3, 1, 0, 0, 0, 3, 1, 0, 2, 0, 0, 0, 1, 0, 0, 0, 0, 3, 0, 1, 0, 0, 2, 1, 1, 2, 0, 0, 0, 0, 1, 1, 0, 0, 0, 1, 3, 0, 0, 1, 0, 0, 1, 0, 2, 0, 1, 0, 2, 1, 0, 0, 1, 1, 3, 1, 1, 3, 3, 1, 0, 0, 2, 0, 0, 0, 0, 1, 0, 0, 0, 1, 2, 0, 1, 0, 1, 1, 0, 0, 0, 0, 0],802.1274951829081,57956.38699448537,89691.2003308727,false
29,G1_CMAX,G1_CMAX,[31, 22, 82, 15, 26, 99, 95, 42, 77, 12, 47, 5, 93, 78, 86, 54, 21, 63, 18, 44, 20, 35, 43, 97, 91, 76, 10, 30, 85, 45, 71, 64, 1, 23, 17, 83, 24, 14, 60, 36, 6, 57, 40, 88, 65, 56, 79, 94, 67, 68, 46, 75, 38, 9, 19, 32, 41, 81, 27, 87, 90, 58, 59, 11, 16, 72, 73, 70, 39, 37, 84, 3, 92, 25, 55, 48, 62, 29, 51, 7, 33, 61, 98, 28, 89, 50, 4, 96, 53, 80, 8, 66, 34, 49, 52, 0, 74, 69, 2, 13]|[1, 1, 0, 1, 1, 0, 1, 1, 2, 1, 2, 2, 2, 1, 1, 0, 0, 1, 0, 2, 2, 0, 1, 2, 0, 1, 2, 2, 0, 0, 1, 2, 1, 2, 1, 0, 2, 0, 1, 1, 0, 1, 1, 1, 0, 2, 1, 1, 0, 0, 0, 0, 1, 1, 2, 1, 0, 2, 0, 2, 1, 0, 1, 2, 1, 2, 1, 1, 1, 1, 1, 1, 0, 1, 2, 0, 0, 0, 0, 1, 2, 1, 2, 0, 1, 0, 1, 2, 0, 0, 1, 2, 2, 0, 1, 0, 2, 1, 0, 0]|[0, 3, 2, 2, 4, 1, 2, 3, 2, 4, 1, 1, 2, 4, 4, 1, 1, 4, 2, 1, 1, 1, 1, 2, 1, 2, 1, 1, 2, 1, 3, 2, 3, 1, 4, 0, 1, 1, 0, 3, 2, 2, 2, 0, 1, 1, 0, 4, 0, 1, 2, 2, 1, 4, 0, 3, 1, 1, 1, 1, 3, 1, 1, 1, 3, 0, 4, 3, 1, 4, 1, 1, 0, 4, 1, 1, 2, 1, 1, 1, 1, 3, 1, 2, 1, 1, 4, 1, 2, 1, 3, 1, 1, 1, 1, 2, 1, 4, 2, 2]|[0, 2, 1, 1, 3, 0, 1, 3, 0, 0, 0, 0, 1, 0, 1, 0, 0, 3, 1, 0, 0, 0, 3, 1, 0, 2, 0, 0, 0, 1, 0, 0, 0, 0, 3, 0, 1, 0, 0, 2, 1, 1, 1, 0, 0, 0, 0, 2, 1, 0, 0, 0, 1, 3, 0, 0, 0, 0, 0, 0, 2, 0, 1, 0, 2, 1, 0, 0, 1, 1, 3, 1, 1, 3, 0, 0, 1, 0, 0, 2, 0, 0, 0, 1, 1, 0, 0, 0, 1, 0, 2, 0, 0, 1, 1, 0, 0, 2, 0, 0],731.2476204416437,56806.84376103422,93275.64763277225,false
29,G4_BALANCED,G4_BALANCED,[31, 11, 15, 82, 26, 9, 95, 32, 77, 68, 47, 5, 93, 78, 86, 54, 85, 63, 18, 44, 20, 49, 36, 14, 74, 50, 53, 17, 21, 45, 71, 64, 3, 23, 30, 83, 24, 41, 60, 52, 65, 27, 90, 70, 39, 87, 48, 69, 99, 4, 46, 1, 13, 58, 97, 59, 28, 75, 73, 37, 35, 40, 22, 66, 76, 42, 79, 80, 96, 6, 16, 61, 33, 7, 57, 34, 12, 67, 10, 98, 88, 56, 29, 8, 91, 38, 72, 92, 43, 84, 51, 19, 81, 25, 2, 55, 94, 89, 62, 0]|[2, 1, 1, 1, 1, 2, 1, 1, 1, 1, 1, 0, 2, 2, 1, 2, 0, 0, 0, 2, 2, 1, 0, 2, 0, 2, 2, 1, 0, 1, 1, 1, 0, 0, 1, 0, 2, 1, 2, 2, 0, 0, 1, 1, 0, 2, 0, 1, 1, 0, 0, 2, 0, 0, 2, 0, 1, 0, 0, 0, 1, 2, 0, 2, 2, 0, 1, 2, 0, 1, 2, 1, 1, 2, 0, 1, 1, 1, 1, 2, 2, 2, 1, 1, 1, 0, 1, 0, 1, 0, 1, 1, 1, 1, 2, 0, 2, 1, 1, 0]|[0, 3, 2, 3, 4, 1, 4, 4, 2, 4, 3, 2, 1, 0, 2, 1, 1, 1, 2, 1, 1, 3, 0, 1, 0, 1, 1, 4, 1, 4, 3, 2, 2, 0, 4, 1, 1, 4, 0, 1, 2, 1, 4, 4, 1, 1, 0, 4, 3, 1, 2, 1, 2, 1, 1, 2, 4, 2, 0, 2, 3, 0, 1, 0, 1, 2, 3, 1, 2, 4, 1, 3, 4, 1, 2, 4, 3, 3, 3, 1, 1, 1, 3, 3, 3, 2, 4, 2, 4, 2, 3, 4, 1, 4, 1, 2, 1, 4, 3, 2]|[0, 2, 1, 0, 3, 0, 1, 3, 0, 0, 2, 0, 1, 0, 1, 0, 0, 0, 1, 0, 0, 2, 0, 0, 1, 0, 0, 3, 0, 1, 0, 2, 0, 1, 3, 0, 1, 3, 1, 0, 0, 0, 1, 3, 0, 0, 1, 1, 2, 0, 0, 0, 0, 0, 1, 0, 1, 0, 1, 1, 0, 0, 0, 0, 0, 0, 2, 0, 0, 2, 0, 0, 1, 0, 0, 1, 0, 0, 3, 0, 0, 0, 0, 0, 0, 0, 2, 0, 2, 0, 0, 1, 1, 3, 0, 0, 0, 1, 0, 0],886.5266578569763,51989.75967332948,105039.51838824725,false
29,G2_TEC,G2_TEC,[31, 22, 82, 15, 26, 9, 95, 42, 77, 68, 47, 5, 93, 78, 86, 54, 85, 63, 18, 44, 20, 49, 36, 14, 74, 50, 53, 17, 21, 28, 11, 64, 3, 23, 30, 83, 24, 41, 40, 52, 65, 27, 90, 70, 39, 87, 48, 69, 99, 4, 46, 1, 13, 58, 97, 59, 45, 8, 73, 37, 35, 79, 71, 66, 76, 32, 60, 80, 96, 6, 16, 61, 33, 7, 57, 34, 12, 67, 10, 98, 56, 88, 43, 75, 91, 38, 84, 92, 29, 19, 51, 72, 89, 25, 2, 55, 62, 81, 94, 0]|[2, 1, 2, 1, 1, 2, 1, 1, 1, 1, 1, 0, 2, 2, 1, 2, 0, 0, 0, 2, 2, 1, 0, 2, 0, 2, 2, 1, 0, 1, 1, 1, 0, 0, 1, 0, 2, 1, 2, 2, 0, 0, 1, 1, 0, 2, 0, 2, 1, 0, 0, 2, 0, 0, 2, 0, 1, 1, 0, 0, 2, 1, 1, 1, 2, 0, 2, 2, 0, 1, 2, 1, 1, 2, 0, 1, 2, 1, 1, 2, 2, 1, 1, 0, 1, 0, 0, 0, 1, 1, 1, 1, 1, 1, 2, 0, 1, 1, 2, 0]|[0, 3, 0, 3, 4, 1, 4, 4, 2, 4, 3, 2, 1, 0, 2, 1, 1, 1, 2, 1, 1, 3, 0, 1, 0, 1, 1, 4, 1, 4, 3, 2, 2, 0, 4, 1, 1, 4, 1, 1, 2, 1, 4, 4, 1, 1, 0, 2, 3, 2, 2, 1, 2, 1, 1, 2, 4, 3, 0, 2, 2, 3, 3, 1, 1, 2, 1, 1, 2, 4, 1, 3, 4, 1, 2, 4, 1, 3, 3, 1, 1, 4, 4, 2, 3, 2, 2, 2, 3, 4, 3, 4, 4, 4, 1, 2, 3, 4, 1, 2]|[0, 2, 0, 0, 3, 0, 1, 3, 0, 0, 2, 0, 1, 0, 1, 0, 0, 0, 1, 0, 0, 2, 0, 0, 1, 0, 0, 3, 0, 1, 0, 2, 0, 0, 3, 0, 1, 3, 0, 0, 0, 0, 1, 3, 0, 0, 1, 0, 2, 0, 0, 0, 0, 0, 1, 0, 1, 0, 1, 1, 0, 2, 0, 2, 0, 0, 0, 0, 0, 2, 0, 0, 1, 0, 0, 1, 0, 0, 3, 0, 0, 1, 2, 0, 0, 0, 0, 0, 3, 1, 0, 2, 1, 3, 0, 0, 0, 1, 0, 0],882.9438068981488,49877.554644704585,107717.62812963048,false
29,G3_TWC,G3_TWC,[31, 22, 82, 15, 26, 58, 95, 42, 77, 12, 47, 5, 93, 78, 98, 54, 85, 63, 18, 44, 20, 35, 43, 97, 91, 76, 10, 30, 21, 45, 71, 64, 1, 23, 17, 83, 24, 14, 60, 36, 6, 57, 94, 88, 65, 56, 79, 40, 67, 68, 46, 75, 38, 9, 19, 32, 81, 41, 27, 62, 87, 90, 99, 59, 11, 16, 72, 73, 70, 39, 37, 84, 3, 92, 25, 55, 28, 29, 51, 7, 33, 61, 86, 66, 89, 50, 48, 96, 53, 8, 80, 4, 34, 49, 52, 0, 13, 69, 2, 74]|[1, 1, 0, 1, 1, 1, 2, 1, 2, 1, 2, 2, 2, 1, 1, 0, 0, 1, 0, 2, 2, 0, 1, 2, 0, 1, 2, 2, 0, 0, 1, 2, 1, 2, 1, 0, 2, 0, 1, 1, 0, 1, 1, 1, 0, 2, 1, 1, 0, 0, 0, 0, 1, 1, 2, 1, 2, 0, 0, 0, 2, 1, 0, 1, 2, 1, 2, 1, 1, 1, 1, 1, 1, 0, 1, 1, 0, 0, 0, 1, 2, 1, 0, 2, 1, 0, 0, 0, 0, 1, 0, 0, 2, 0, 1, 0, 0, 1, 0, 2]|[4, 3, 2, 2, 0, 0, 2, 2, 2, 4, 1, 1, 2, 4, 4, 1, 2, 4, 2, 1, 1, 1, 1, 2, 1, 2, 1, 1, 1, 1, 3, 2, 3, 0, 4, 0, 1, 1, 0, 3, 2, 2, 4, 0, 1, 1, 0, 2, 0, 1, 2, 2, 1, 4, 0, 3, 2, 1, 1, 2, 1, 3, 1, 1, 1, 3, 0, 4, 3, 1, 4, 1, 1, 2, 4, 4, 2, 1, 1, 3, 1, 3, 1, 1, 1, 1, 1, 1, 2, 3, 1, 2, 1, 1, 1, 2, 2, 3, 2, 1]|[0, 2, 1, 1, 3, 3, 0, 1, 0, 0, 0, 0, 1, 0, 1, 0, 0, 3, 1, 0, 0, 0, 3, 1, 0, 2, 0, 0, 0, 1, 0, 0, 0, 0, 3, 0, 1, 0, 0, 2, 1, 1, 2, 0, 0, 0, 0, 1, 1, 0, 0, 0, 1, 3, 0, 0, 1, 0, 0, 1, 0, 2, 0, 1, 0, 2, 1, 0, 0, 1, 1, 3, 1, 1, 3, 3, 1, 0, 0, 2, 0, 0, 0, 0, 1, 0, 0, 0, 1, 2, 0, 1, 0, 1, 1, 0, 0, 0, 0, 0],802.1274951829081,57956.38699448537,89691.2003308727,false
30,G1_CMAX,G1_CMAX,[31, 22, 82, 15, 26, 99, 95, 42, 77, 12, 47, 5, 93, 78, 86, 54, 21, 63, 18, 44, 20, 35, 43, 97, 91, 76, 10, 30, 85, 45, 71, 64, 1, 23, 17, 83, 24, 14, 60, 36, 6, 57, 40, 88, 65, 56, 79, 94, 67, 68, 46, 75, 38, 9, 19, 32, 41, 81, 27, 87, 90, 58, 59, 11, 16, 72, 73, 70, 39, 37, 84, 3, 92, 25, 55, 48, 62, 29, 51, 7, 33, 61, 98, 28, 89, 50, 4, 96, 53, 80, 8, 66, 34, 49, 52, 0, 74, 69, 2, 13]|[1, 1, 0, 1, 1, 0, 1, 1, 2, 1, 2, 2, 2, 1, 1, 0, 0, 1, 0, 2, 2, 0, 1, 2, 0, 1, 2, 2, 0, 0, 1, 2, 1, 2, 1, 0, 2, 0, 1, 1, 0, 1, 1, 1, 0, 2, 1, 1, 0, 0, 0, 0, 1, 1, 2, 1, 0, 2, 0, 2, 1, 0, 1, 2, 1, 2, 1, 1, 1, 1, 1, 1, 0, 1, 2, 0, 0, 0, 0, 1, 2, 1, 2, 0, 1, 0, 1, 2, 0, 0, 1, 2, 2, 0, 1, 0, 2, 1, 0, 0]|[0, 3, 2, 2, 4, 1, 2, 3, 2, 4, 1, 1, 2, 4, 4, 1, 1, 4, 2, 1, 1, 1, 1, 2, 1, 2, 1, 1, 2, 1, 3, 2, 3, 1, 4, 0, 1, 1, 0, 3, 2, 2, 2, 0, 1, 1, 0, 4, 0, 1, 2, 2, 1, 4, 0, 3, 1, 1, 1, 1, 3, 1, 1, 1, 3, 0, 4, 3, 1, 4, 1, 1, 0, 4, 1, 1, 2, 1, 1, 1, 1, 3, 1, 2, 1, 1, 4, 1, 2, 1, 3, 1, 1, 1, 1, 2, 1, 4, 2, 2]|[0, 2, 1, 1, 3, 0, 1, 3, 0, 0, 0, 0, 1, 0, 1, 0, 0, 3, 1, 0, 0, 0, 3, 1, 0, 2, 0, 0, 0, 1, 0, 0, 0, 0, 3, 0, 1, 0, 0, 2, 1, 1, 1, 0, 0, 0, 0, 2, 1, 0, 0, 0, 1, 3, 0, 0, 0, 0, 0, 0, 2, 0, 1, 0, 2, 1, 0, 0, 1, 1, 3, 1, 1, 3, 0, 0, 1, 0, 0, 2, 0, 0, 0, 1, 1, 0, 0, 0, 1, 0, 2, 0, 0, 1, 1, 0, 0, 2, 0, 0],731.2476204416437,56806.84376103422,93275.64763277225,false
30,G4_BALANCED,G3_TWC,[31, 22, 82, 15, 26, 58, 95, 42, 77, 12, 47, 5, 93, 78, 98, 54, 85, 63, 18, 44, 20, 35, 43, 97, 91, 76, 10, 30, 21, 45, 71, 64, 1, 23, 17, 83, 24, 14, 60, 36, 6, 57, 94, 88, 65, 56, 79, 40, 67, 68, 46, 75, 38, 9, 19, 32, 41, 81, 27, 87, 90, 99, 59, 11, 16, 62, 72, 73, 39, 37, 84, 3, 92, 25, 55, 48, 70, 29, 51, 7, 33, 61, 86, 28, 89, 50, 4, 96, 53, 80, 8, 66, 34, 49, 52, 0, 74, 69, 2, 13]|[1, 1, 0, 1, 1, 0, 1, 1, 2, 1, 2, 2, 2, 1, 1, 0, 0, 1, 0, 2, 2, 0, 1, 2, 0, 1, 2, 2, 0, 0, 1, 2, 1, 2, 1, 0, 2, 0, 1, 1, 0, 1, 1, 1, 0, 2, 1, 1, 0, 0, 0, 0, 1, 1, 2, 1, 0, 2, 0, 2, 1, 0, 1, 2, 1, 0, 2, 1, 1, 1, 1, 1, 0, 1, 2, 0, 1, 0, 0, 1, 2, 1, 2, 0, 1, 0, 1, 2, 0, 0, 1, 2, 2, 0, 1, 0, 2, 1, 0, 0]|[4, 3, 2, 2, 4, 1, 2, 3, 2, 4, 1, 1, 2, 4, 4, 1, 1, 4, 2, 1, 1, 1, 1, 2, 1, 2, 1, 1, 2, 1, 3, 2, 3, 1, 4, 0, 1, 1, 0, 3, 2, 2, 2, 0, 1, 1, 0, 4, 0, 1, 2, 2, 1, 4, 0, 3, 1, 1, 1, 1, 3, 1, 1, 1, 3, 2, 0, 4, 1, 4, 1, 1, 0, 4, 1, 1, 3, 1, 1, 1, 1, 3, 1, 2, 1, 1, 4, 1, 2, 1, 3, 1, 1, 1, 1, 2, 1, 4, 2, 2]|[0, 2, 1, 1, 3, 0, 1, 3, 0, 0, 0, 0, 1, 0, 1, 0, 0, 3, 1, 0, 0, 0, 3, 1, 0, 2, 0, 0, 0, 1, 0, 0, 0, 0, 3, 0, 1, 0, 0, 2, 1, 1, 1, 0, 0, 0, 0, 2, 1, 0, 0, 0, 1, 3, 0, 0, 0, 0, 0, 0, 2, 0, 1, 0, 2, 1, 1, 0, 1, 1, 3, 1, 1, 3, 0, 0, 0, 0, 0, 2, 0, 0, 0, 1, 1, 0, 0, 0, 1, 0, 2, 0, 0, 1, 1, 0, 0, 2, 0, 0],741.1906938724602,56345.22952041286,93242.30454198626,true
30,G2_TEC,G2_TEC,[31, 22, 82, 15, 26, 9, 95, 42, 77, 68, 47, 5, 93, 78, 86, 54, 85, 63, 18, 44, 20, 49, 36, 14, 74, 50, 53, 17, 21, 28, 11, 64, 3, 23, 30, 83, 24, 41, 40, 52, 65, 27, 90, 70, 39, 87, 48, 69, 99, 4, 46, 1, 13, 58, 97, 59, 45, 8, 73, 37, 35, 79, 71, 66, 76, 32, 60, 80, 96, 6, 16, 61, 33, 7, 57, 34, 12, 67, 10, 98, 56, 88, 43, 75, 91, 38, 84, 92, 29, 19, 51, 72, 89, 25, 2, 55, 62, 81, 94, 0]|[2, 1, 2, 1, 1, 2, 1, 1, 1, 1, 1, 0, 2, 2, 1, 2, 0, 0, 0, 2, 2, 1, 0, 2, 0, 2, 2, 1, 0, 1, 1, 1, 0, 0, 1, 0, 2, 1, 2, 2, 0, 0, 1, 1, 0, 2, 0, 2, 1, 0, 0, 2, 0, 0, 2, 0, 1, 1, 0, 0, 2, 1, 1, 1, 2, 0, 2, 2, 0, 1, 2, 1, 1, 2, 0, 1, 2, 1, 1, 2, 2, 1, 1, 0, 1, 0, 0, 0, 1, 1, 1, 1, 1, 1, 2, 0, 1, 1, 2, 0]|[0, 3, 0, 3, 4, 1, 4, 4, 2, 4, 3, 2, 1, 0, 2, 1, 1, 1, 2, 1, 1, 3, 0, 1, 0, 1, 1, 4, 1, 4, 3, 2, 2, 0, 4, 1, 1, 4, 1, 1, 2, 1, 4, 4, 1, 1, 0, 2, 3, 2, 2, 1, 2, 1, 1, 2, 4, 3, 0, 2, 2, 3, 3, 1, 1, 2, 1, 1, 2, 4, 1, 3, 4, 1, 2, 4, 1, 3, 3, 1, 1, 4, 4, 2, 3, 2, 2, 2, 3, 4, 3, 4, 4, 4, 1, 2, 3, 4, 1, 2]|[0, 2, 0, 0, 3, 0, 1, 3, 0, 0, 2, 0, 1, 0, 1, 0, 0, 0, 1, 0, 0, 2, 0, 0, 1, 0, 0, 3, 0, 1, 0, 2, 0, 0, 3, 0, 1, 3, 0, 0, 0, 0, 1, 3, 0, 0, 1, 0, 2, 0, 0, 0, 0, 0, 1, 0, 1, 0, 1, 1, 0, 2, 0, 2, 0, 0, 0, 0, 0, 2, 0, 0, 1, 0, 0, 1, 0, 0, 3, 0, 0, 1, 2, 0, 0, 0, 0, 0, 3, 1, 0, 2, 1, 3, 0, 0, 0, 1, 0, 0],882.9438068981488,49877.554644704585,107717.62812963048,false
30,G3_TWC,G3_TWC,[31, 22, 82, 15, 26, 58, 77, 95, 42, 12, 47, 5, 93, 78, 98, 54, 85, 63, 18, 44, 20, 35, 43, 97, 91, 76, 10, 30, 21, 45, 71, 64, 1, 23, 17, 83, 24, 14, 60, 36, 6, 57, 94, 88, 65, 56, 79, 40, 67, 68, 46, 75, 38, 9, 19, 32, 81, 41, 27, 62, 87, 90, 99, 59, 11, 16, 72, 73, 70, 39, 37, 84, 3, 92, 25, 55, 28, 29, 51, 7, 33, 61, 86, 66, 89, 50, 48, 96, 53, 80, 4, 8, 34, 49, 52, 0, 13, 2, 69, 74]|[1, 1, 0, 1, 1, 1, 2, 2, 1, 1, 2, 2, 2, 1, 1, 0, 0, 1, 0, 2, 2, 0, 1, 2, 0, 1, 2, 2, 0, 0, 1, 2, 1, 2, 1, 0, 2, 0, 1, 1, 0, 1, 1, 1, 0, 2, 1, 1, 0, 0, 0, 0, 1, 1, 2, 1, 2, 0, 0, 0, 2, 1, 0, 1, 2, 1, 2, 1, 1, 1, 1, 1, 1, 0, 1, 1, 0, 0, 0, 1, 2, 1, 0, 2, 1, 0, 0, 0, 0, 0, 0, 1, 2, 0, 1, 0, 0, 0, 1, 2]|[4, 3, 2, 2, 0, 0, 2, 2, 2, 4, 1, 1, 2, 4, 4, 1, 2, 4, 2, 1, 1, 1, 1, 2, 1, 2, 1, 1, 1, 1, 3, 2, 3, 0, 4, 0, 1, 1, 0, 3, 2, 2, 4, 0, 1, 1, 0, 2, 0, 1, 2, 2, 1, 4, 0, 3, 2, 1, 1, 2, 1, 3, 1, 1, 1, 3, 0, 4, 3, 1, 4, 1, 1, 2, 4, 4, 2, 1, 1, 3, 1, 3, 1, 1, 1, 1, 1, 1, 2, 1, 2, 3, 1, 1, 1, 2, 2, 2, 3, 1]|[0, 2, 1, 1, 3, 3, 0, 0, 1, 0, 0, 0, 1, 0, 1, 0, 0, 3, 1, 0, 0, 0, 3, 1, 0, 2, 0, 0, 0, 1, 0, 0, 0, 0, 3, 0, 1, 0, 0, 2, 1, 1, 2, 0, 0, 0, 0, 1, 1, 0, 0, 0, 1, 3, 0, 0, 1, 0, 0, 1, 0, 2, 0, 1, 0, 2, 1, 0, 0, 1, 1, 3, 1, 1, 3, 3, 1, 0, 0, 2, 0, 0, 0, 0, 1, 0, 0, 0, 1, 0, 1, 2, 0, 1, 1, 0, 0, 0, 0, 0],802.1274951829081,57949.43073711903,89651.64312139984,false
30,G1_CMAX,G1_CMAX,[31, 22, 82, 15, 26, 99, 95, 42, 77, 12, 47, 5, 93, 78, 86, 54, 21, 63, 18, 44, 20, 35, 43, 97, 91, 76, 10, 30, 85, 45, 71, 64, 1, 23, 17, 83, 24, 14, 60, 36, 6, 57, 40, 88, 65, 56, 79, 94, 67, 68, 46, 75, 38, 9, 19, 32, 41, 81, 27, 87, 90, 58, 59, 11, 16, 72, 73, 70, 39, 37, 84, 3, 92, 25, 55, 48, 62, 29, 51, 7, 33, 61, 98, 28, 89, 50, 4, 96, 53, 80, 8, 66, 34, 49, 52, 0, 74, 69, 2, 13]|[1, 1, 0, 1, 1, 0, 1, 1, 2, 1, 2, 2, 2, 1, 1, 0, 0, 1, 0, 2, 2, 0, 1, 2, 0, 1, 2, 2, 0, 0, 1, 2, 1, 2, 1, 0, 2, 0, 1, 1, 0, 1, 1, 1, 0, 2, 1, 1, 0, 0, 0, 0, 1, 1, 2, 1, 0, 2, 0, 2, 1, 0, 1, 2, 1, 2, 1, 1, 1, 1, 1, 1, 0, 1, 2, 0, 0, 0, 0, 1, 2, 1, 2, 0, 1, 0, 1, 2, 0, 0, 1, 2, 2, 0, 1, 0, 2, 1, 0, 0]|[0, 3, 2, 2, 4, 1, 2, 3, 2, 4, 1, 1, 2, 4, 4, 1, 1, 4, 2, 1, 1, 1, 1, 2, 1, 2, 1, 1, 2, 1, 3, 2, 3, 1, 4, 0, 1, 1, 0, 3, 2, 2, 2, 0, 1, 1, 0, 4, 0, 1, 2, 2, 1, 4, 0, 3, 1, 1, 1, 1, 3, 1, 1, 1, 3, 0, 4, 3, 1, 4, 1, 1, 0, 4, 1, 1, 2, 1, 1, 1, 1, 3, 1, 2, 1, 1, 4, 1, 2, 1, 3, 1, 1, 1, 1, 2, 1, 4, 2, 2]|[0, 2, 1, 1, 3, 0, 1, 3, 0, 0, 0, 0, 1, 0, 1, 0, 0, 3, 1, 0, 0, 0, 3, 1, 0, 2, 0, 0, 0, 1, 0, 0, 0, 0, 3, 0, 1, 0, 0, 2, 1, 1, 1, 0, 0, 0, 0, 2, 1, 0, 0, 0, 1, 3, 0, 0, 0, 0, 0, 0, 2, 0, 1, 0, 2, 1, 0, 0, 1, 1, 3, 1, 1, 3, 0, 0, 1, 0, 0, 2, 0, 0, 0, 1, 1, 0, 0, 0, 1, 0, 2, 0, 0, 1, 1, 0, 0, 2, 0, 0],731.2476204416437,56806.84376103422,93275.64763277225,false
30,G4_BALANCED,G4_BALANCED,[31, 22, 82, 15, 26, 58, 95, 42, 77, 12, 47, 5, 93, 78, 86, 54, 85, 63, 18, 44, 20, 35, 43, 97, 66, 76, 79, 30, 21, 45, 71, 64, 1, 23, 17, 83, 24, 14, 60, 36, 6, 57, 40, 88, 65, 56, 10, 94, 67, 68, 46, 75, 38, 9, 19, 32, 41, 81, 27, 62, 87, 90, 99, 59, 11, 16, 72, 73, 69, 39, 37, 84, 3, 92, 25, 55, 29, 28, 51, 7, 33, 61, 48, 98, 89, 50, 4, 96, 53, 80, 91, 8, 34, 2, 52, 70, 13, 0, 49, 74]|[1, 1, 0, 1, 1, 0, 1, 2, 2, 1, 2, 2, 2, 1, 1, 0, 0, 1, 0, 2, 2, 0, 1, 2, 2, 1, 2, 2, 0, 0, 1, 2, 1, 2, 1, 0, 2, 0, 1, 1, 0, 1, 1, 1, 0, 2, 2, 1, 0, 0, 0, 0, 1, 1, 2, 1, 0, 2, 0, 0, 2, 1, 0, 1, 2, 1, 2, 1, 1, 1, 1, 1, 1, 0, 1, 2, 0, 0, 0, 1, 2, 1, 0, 2, 1, 0, 1, 2, 0, 0, 0, 1, 2, 0, 1, 1, 0, 0, 0, 2]|[4, 3, 2, 2, 4, 1, 2, 2, 2, 4, 1, 1, 2, 4, 4, 1, 2, 4, 2, 1, 1, 1, 1, 2, 1, 2, 1, 1, 1, 1, 3, 1, 3, 1, 4, 0, 1, 1, 0, 3, 2, 2, 2, 0, 1, 1, 1, 4, 0, 1, 2, 2, 1, 4, 0, 3, 1, 1, 1, 2, 1, 3, 1, 1, 1, 3, 0, 4, 4, 1, 4, 1, 1, 0, 4, 1, 1, 2, 1, 1, 1, 3, 1, 1, 1, 1, 4, 1, 2, 1, 1, 3, 1, 2, 1, 3, 2, 2, 1, 1]|[0, 2, 1, 1, 3, 0, 1, 0, 0, 0, 0, 0, 1, 0, 1, 0, 0, 3, 1, 0, 0, 0, 3, 1, 0, 2, 0, 0, 0, 0, 0, 0, 0, 0, 3, 0, 1, 0, 0, 2, 1, 1, 1, 0, 0, 0, 0, 2, 1, 0, 0, 0, 1, 3, 0, 0, 0, 0, 0, 1, 0, 2, 0, 1, 0, 2, 1, 0, 2, 1, 1, 3, 1, 1, 3, 0, 0, 1, 0, 2, 0, 0, 0, 0, 1, 0, 0, 0, 1, 0, 0, 2, 0, 0, 1, 0, 0, 0, 1, 0],777.436160111927,55362.22348255077,98760.25566819475,false
30,G2_TEC,G2_TEC,[31, 22, 82, 15, 26, 9, 95, 42, 77, 68, 47, 5, 93, 78, 86, 54, 85, 63, 18, 44, 20, 49, 36, 14, 74, 50, 53, 17, 21, 28, 11, 64, 3, 23, 30, 83, 24, 41, 40, 52, 65, 27, 90, 70, 39, 87, 48, 69, 99, 4, 46, 1, 13, 58, 97, 59, 45, 8, 73, 37, 35, 79, 71, 66, 76, 32, 60, 80, 96, 6, 16, 61, 33, 7, 57, 34, 12, 67, 10, 98, 56, 88, 43, 75, 91, 38, 84, 92, 29, 19, 51, 72, 89, 25, 2, 55, 62, 81, 94, 0]|[2, 1, 2, 1, 1, 2, 1, 1, 1, 1, 1, 0, 2, 2, 1, 2, 0, 0, 0, 2, 2, 1, 0, 2, 0, 2, 2, 1, 0, 1, 1, 1, 0, 0, 1, 0, 2, 1, 2, 2, 0, 0, 1, 1, 0, 2, 0, 2, 1, 0, 0, 2, 0, 0, 2, 0, 1, 1, 0, 0, 2, 1, 1, 1, 2, 0, 2, 2, 0, 1, 2, 1, 1, 2, 0, 1, 2, 1, 1, 2, 2, 1, 1, 0, 1, 0, 0, 0, 1, 1, 1, 1, 1, 1, 2, 0, 1, 1, 2, 0]|[0, 3, 0, 3, 4, 1, 4, 4, 2, 4, 3, 2, 1, 0, 2, 1, 1, 1, 2, 1, 1, 3, 0, 1, 0, 1, 1, 4, 1, 4, 3, 2, 2, 0, 4, 1, 1, 4, 1, 1, 2, 1, 4, 4, 1, 1, 0, 2, 3, 2, 2, 1, 2, 1, 1, 2, 4, 3, 0, 2, 2, 3, 3, 1, 1, 2, 1, 1, 2, 4, 1, 3, 4, 1, 2, 4, 1, 3, 3, 1, 1, 4, 4, 2, 3, 2, 2, 2, 3, 4, 3, 4, 4, 4, 1, 2, 3, 4, 1, 2]|[0, 2, 0, 0, 3, 0, 1, 3, 0, 0, 2, 0, 1, 0, 1, 0, 0, 0, 1, 0, 0, 2, 0, 0, 1, 0, 0, 3, 0, 1, 0, 2, 0, 0, 3, 0, 1, 3, 0, 0, 0, 0, 1, 3, 0, 0, 1, 0, 2, 0, 0, 0, 0, 0, 1, 0, 1, 0, 1, 1, 0, 2, 0, 2, 0, 0, 0, 0, 0, 2, 0, 0, 1, 0, 0, 1, 0, 0, 3, 0, 0, 1, 2, 0, 0, 0, 0, 0, 3, 1, 0, 2, 1, 3, 0, 0, 0, 1, 0, 0],882.9438068981488,49877.554644704585,107717.62812963048,false
30,G3_TWC,G3_TWC,[31, 22, 82, 15, 26, 58, 77, 95, 42, 12, 47, 5, 93, 78, 98, 54, 85, 63, 18, 44, 20, 35, 43, 97, 91, 76, 10, 30, 21, 45, 71, 64, 1, 23, 17, 83, 24, 14, 60, 36, 6, 57, 94, 88, 65, 56, 79, 40, 67, 68, 46, 75, 38, 9, 19, 32, 81, 41, 27, 62, 87, 90, 99, 59, 11, 16, 72, 73, 70, 39, 37, 84, 3, 92, 25, 55, 28, 29, 51, 7, 33, 61, 86, 66, 89, 50, 48, 96, 53, 80, 4, 8, 34, 49, 52, 0, 13, 2, 69, 74]|[1, 1, 0, 1, 1, 1, 2, 2, 1, 1, 2, 2, 2, 1, 1, 0, 0, 1, 0, 2, 2, 0, 1, 2, 0, 1, 2, 2, 0, 0, 1, 2, 1, 2, 1, 0, 2, 0, 1, 1, 0, 1, 1, 1, 0, 2, 1, 1, 0, 0, 0, 0, 1, 1, 2, 1, 2, 0, 0, 0, 2, 1, 0, 1, 2, 1, 2, 1, 1, 1, 1, 1, 1, 0, 1, 1, 0, 0, 0, 1, 2, 1, 0, 2, 1, 0, 0, 0, 0, 0, 0, 1, 2, 0, 1, 0, 0, 0, 1, 2]|[4, 3, 2, 2, 0, 0, 2, 2, 2, 4, 1, 1, 2, 4, 4, 1, 2, 4, 2, 1, 1, 1, 1, 2, 1, 2, 1, 1, 1, 1, 3, 2, 3, 0, 4, 0, 1, 1, 0, 3, 2, 2, 4, 0, 1, 1, 0, 2, 0, 1, 2, 2, 1, 4, 0, 3, 2, 1, 1, 2, 1, 3, 1, 1, 1, 3, 0, 4, 3, 1, 4, 1, 1, 2, 4, 4, 2, 1, 1, 3, 1, 3, 1, 1, 1, 1, 1, 1, 2, 1, 2, 3, 1, 1, 1, 2, 2, 2, 3, 1]|[0, 2, 1, 1, 3, 3, 0, 0, 1, 0, 0, 0, 1, 0, 1, 0, 0, 3, 1, 0, 0, 0, 3, 1, 0, 2, 0, 0, 0, 1, 0, 0, 0, 0, 3, 0, 1, 0, 0, 2, 1, 1, 2, 0, 0, 0, 0, 1, 1, 0, 0, 0, 1, 3, 0, 0, 1, 0, 0, 1, 0, 2, 0, 1, 0, 2, 1, 0, 0, 1, 1, 3, 1, 1, 3, 3, 1, 0, 0, 2, 0, 0, 0, 0, 1, 0, 0, 0, 1, 0, 1, 2, 0, 1, 1, 0, 0, 0, 0, 0],802.1274951829081,57949.43073711903,89651.64312139984,false
30,G1_CMAX,G1_CMAX,[31, 22, 82, 15, 26, 99, 95, 42, 77, 12, 47, 5, 93, 78, 86, 54, 21, 63, 18, 44, 20, 35, 43, 97, 91, 76, 10, 30, 85, 45, 71, 64, 1, 23, 17, 83, 24, 14, 60, 36, 6, 57, 40, 88, 65, 56, 79, 94, 67, 68, 46, 75, 38, 9, 19, 32, 41, 81, 27, 87, 90, 58, 59, 11, 16, 72, 73, 70, 39, 37, 84, 3, 92, 25, 55, 48, 62, 29, 51, 7, 33, 61, 98, 28, 89, 50, 4, 96, 53, 80, 8, 66, 34, 49, 52, 0, 74, 69, 2, 13]|[1, 1, 0, 1, 1, 0, 1, 1, 2, 1, 2, 2, 2, 1, 1, 0, 0, 1, 0, 2, 2, 0, 1, 2, 0, 1, 2, 2, 0, 0, 1, 2, 1, 2, 1, 0, 2, 0, 1, 1, 0, 1, 1, 1, 0, 2, 1, 1, 0, 0, 0, 0, 1, 1, 2, 1, 0, 2, 0, 2, 1, 0, 1, 2, 1, 2, 1, 1, 1, 1, 1, 1, 0, 1, 2, 0, 0, 0, 0, 1, 2, 1, 2, 0, 1, 0, 1, 2, 0, 0, 1, 2, 2, 0, 1, 0, 2, 1, 0, 0]|[0, 3, 2, 2, 4, 1, 2, 3, 2, 4, 1, 1, 2, 4, 4, 1, 1, 4, 2, 1, 1, 1, 1, 2, 1, 2, 1, 1, 2, 1, 3, 2, 3, 1, 4, 0, 1, 1, 0, 3, 2, 2, 2, 0, 1, 1, 0, 4, 0, 1, 2, 2, 1, 4, 0, 3, 1, 1, 1, 1, 3, 1, 1, 1, 3, 0, 4, 3, 1, 4, 1, 1, 0, 4, 1, 1, 2, 1, 1, 1, 1, 3, 1, 2, 1, 1, 4, 1, 2, 1, 3, 1, 1, 1, 1, 2, 1, 4, 2, 2]|[0, 2, 1, 1, 3, 0, 1, 3, 0, 0, 0, 0, 1, 0, 1, 0, 0, 3, 1, 0, 0, 0, 3, 1, 0, 2, 0, 0, 0, 1, 0, 0, 0, 0, 3, 0, 1, 0, 0, 2, 1, 1, 1, 0, 0, 0, 0, 2, 1, 0, 0, 0, 1, 3, 0, 0, 0, 0, 0, 0, 2, 0, 1, 0, 2, 1, 0, 0, 1, 1, 3, 1, 1, 3, 0, 0, 1, 0, 0, 2, 0, 0, 0, 1, 1, 0, 0, 0, 1, 0, 2, 0, 0, 1, 1, 0, 0, 2, 0, 0],731.2476204416437,56806.84376103422,93275.64763277225,false
30,G4_BALANCED,G1_CMAX,[31, 22, 82, 15, 26, 58, 95, 42, 77, 12, 47, 5, 93, 78, 86, 54, 85, 63, 18, 44, 20, 35, 43, 97, 91, 76, 10, 30, 21, 45, 71, 64, 1, 23, 17, 83, 24, 14, 60, 36, 6, 57, 40, 88, 65, 56, 79, 94, 67, 68, 46, 75, 38, 9, 19, 32, 81, 41, 27, 62, 87, 90, 99, 59, 11, 16, 72, 73, 70, 39, 37, 84, 3, 92, 25, 55, 28, 29, 51, 7, 33, 61, 98, 48, 89, 50, 4, 2, 8, 53, 80, 66, 52, 49, 34, 0, 74, 69, 96, 13]|[1, 1, 0, 1, 1, 1, 1, 2, 2, 1, 2, 2, 2, 1, 1, 0, 0, 1, 0, 2, 2, 0, 1, 2, 0, 1, 2, 2, 0, 0, 1, 2, 1, 2, 1, 0, 2, 0, 1, 1, 0, 1, 1, 1, 0, 2, 1, 1, 0, 0, 0, 0, 1, 1, 2, 1, 2, 0, 0, 0, 2, 1, 0, 1, 2, 1, 2, 1, 1, 1, 1, 1, 1, 0, 1, 2, 2, 0, 0, 1, 2, 1, 2, 0, 1, 0, 1, 0, 1, 0, 0, 2, 1, 0, 2, 0, 2, 1, 0, 0]|[4, 3, 2, 2, 0, 0, 2, 2, 2, 4, 1, 1, 2, 4, 4, 1, 2, 4, 2, 1, 1, 1, 1, 2, 1, 2, 1, 1, 1, 1, 3, 2, 3, 0, 4, 0, 1, 1, 0, 3, 2, 2, 4, 0, 1, 1, 0, 2, 0, 1, 2, 2, 1, 4, 0, 3, 2, 1, 1, 2, 1, 3, 1, 1, 1, 3, 0, 4, 3, 1, 4, 1, 1, 2, 4, 1, 1, 1, 1, 3, 1, 3, 1, 1, 1, 1, 4, 2, 3, 2, 1, 1, 1, 1, 1, 2, 1, 3, 2, 2]|[0, 2, 1, 1, 3, 3, 1, 0, 0, 0, 0, 0, 1, 0, 1, 0, 0, 3, 1, 0, 0, 0, 3, 1, 0, 2, 0, 0, 0, 1, 0, 0, 0, 0, 3, 0, 1, 0, 0, 2, 1, 1, 2, 0, 0, 0, 0, 1, 1, 0, 0, 0, 1, 3, 0, 0, 1, 0, 0, 1, 0, 2, 0, 1, 0, 2, 1, 0, 0, 1, 1, 3, 1, 1, 3, 0, 0, 0, 0, 2, 0, 0, 0, 0, 1, 0, 0, 1, 2, 1, 0, 0, 1, 1, 0, 0, 0, 0, 0, 0],746.4345271502442,57726.054221168866,91958.99606386884,true
30,G2_TEC,G2_TEC,[31, 22, 82, 15, 26, 9, 95, 42, 77, 68, 47, 5, 93, 78, 86, 54, 85, 63, 18, 44, 20, 49, 36, 14, 74, 50, 53, 17, 21, 28, 11, 64, 3, 23, 30, 83, 24, 41, 40, 52, 65, 27, 90, 70, 39, 87, 48, 69, 99, 4, 46, 1, 13, 58, 97, 59, 45, 8, 73, 37, 35, 79, 71, 66, 76, 32, 60, 80, 96, 6, 16, 61, 33, 7, 57, 34, 12, 67, 10, 98, 56, 88, 43, 75, 91, 38, 84, 92, 29, 19, 51, 72, 89, 25, 2, 55, 62, 81, 94, 0]|[2, 1, 2, 1, 1, 2, 1, 1, 1, 1, 1, 0, 2, 2, 1, 2, 0, 0, 0, 2, 2, 1, 0, 2, 0, 2, 2, 1, 0, 1, 1, 1, 0, 0, 1, 0, 2, 1, 2, 2, 0, 0, 1, 1, 0, 2, 0, 2, 1, 0, 0, 2, 0, 0, 2, 0, 1, 1, 0, 0, 2, 1, 1, 1, 2, 0, 2, 2, 0, 1, 2, 1, 1, 2, 0, 1, 2, 1, 1, 2, 2, 1, 1, 0, 1, 0, 0, 0, 1, 1, 1, 1, 1, 1, 2, 0, 1, 1, 2, 0]|[0, 3, 0, 3, 4, 1, 4, 4, 2, 4, 3, 2, 1, 0, 2, 1, 1, 1, 2, 1, 1, 3, 0, 1, 0, 1, 1, 4, 1, 4, 3, 2, 2, 0, 4, 1, 1, 4, 1, 1, 2, 1, 4, 4, 1, 1, 0, 2, 3, 2, 2, 1, 2, 1, 1, 2, 4, 3, 0, 2, 2, 3, 3, 1, 1, 2, 1, 1, 2, 4, 1, 3, 4, 1, 2, 4, 1, 3, 3, 1, 1, 4, 4, 2, 3, 2, 2, 2, 3, 4, 3, 4, 4, 4, 1, 2, 3, 4, 1, 2]|[0, 2, 0, 0, 3, 0, 1, 3, 0, 0, 2, 0, 1, 0, 1, 0, 0, 0, 1, 0, 0, 2, 0, 0, 1, 0, 0, 3, 0, 1, 0, 2, 0, 0, 3, 0, 1, 3, 0, 0, 0, 0, 1, 3, 0, 0, 1, 0, 2, 0, 0, 0, 0, 0, 1, 0, 1, 0, 1, 1, 0, 2, 0, 2, 0, 0, 0, 0, 0, 2, 0, 0, 1, 0, 0, 1, 0, 0, 3, 0, 0, 1, 2, 0, 0, 0, 0, 0, 3, 1, 0, 2, 1, 3, 0, 0, 0, 1, 0, 0],882.9438068981488,49877.554644704585,107717.62812963048,false
30,G3_TWC,G3_TWC,[31, 22, 82, 15, 26, 58, 77, 95, 42, 12, 47, 5, 93, 78, 98, 54, 85, 63, 18, 44, 20, 35, 43, 97, 91, 76, 10, 30, 21, 45, 71, 64, 1, 23, 17, 83, 24, 14, 60, 36, 6, 57, 94, 88, 65, 56, 79, 40, 67, 68, 46, 75, 38, 9, 19, 32, 81, 41, 27, 62, 87, 90, 99, 59, 11, 16, 72, 73, 70, 39, 37, 84, 3, 92, 25, 55, 28, 29, 51, 7, 33, 61, 86, 66, 89, 50, 48, 96, 53, 80, 4, 8, 34, 49, 52, 0, 13, 2, 69, 74]|[1, 1, 0, 1, 1, 1, 2, 2, 1, 1, 2, 2, 2, 1, 1, 0, 0, 1, 0, 2, 2, 0, 1, 2, 0, 1, 2, 2, 0, 0, 1, 2, 1, 2, 1, 0, 2, 0, 1, 1, 0, 1, 1, 1, 0, 2, 1, 1, 0, 0, 0, 0, 1, 1, 2, 1, 2, 0, 0, 0, 2, 1, 0, 1, 2, 1, 2, 1, 1, 1, 1, 1, 1, 0, 1, 1, 0, 0, 0, 1, 2, 1, 0, 2, 1, 0, 0, 0, 0, 0, 0, 1, 2, 0, 1, 0, 0, 0, 1, 2]|[4, 3, 2, 2, 0, 0, 2, 2, 2, 4, 1, 1, 2, 4, 4, 1, 2, 4, 2, 1, 1, 1, 1, 2, 1, 2, 1, 1, 1, 1, 3, 2, 3, 0, 4, 0, 1, 1, 0, 3, 2, 2, 4, 0, 1, 1, 0, 2, 0, 1, 2, 2, 1, 4, 0, 3, 2, 1, 1, 2, 1, 3, 1, 1, 1, 3, 0, 4, 3, 1, 4, 1, 1, 2, 4, 4, 2, 1, 1, 3, 1, 3, 1, 1, 1, 1, 1, 1, 2, 1, 2, 3, 1, 1, 1, 2, 2, 2, 3, 1]|[0, 2, 1, 1, 3, 3, 0, 0, 1, 0, 0, 0, 1, 0, 1, 0, 0, 3, 1, 0, 0, 0, 3, 1, 0, 2, 0, 0, 0, 1, 0, 0, 0, 0, 3, 0, 1, 0, 0, 2, 1, 1, 2, 0, 0, 0, 0, 1, 1, 0, 0, 0, 1, 3, 0, 0, 1, 0, 0, 1, 0, 2, 0, 1, 0, 2, 1, 0, 0, 1, 1, 3, 1, 1, 3, 3, 1, 0, 0, 2, 0, 0, 0, 0, 1, 0, 0, 0, 1, 0, 1, 2, 0, 1, 1, 0, 0, 0, 0, 0],802.1274951829081,57949.43073711903,89651.64312139984,false
30,G1_CMAX,G1_CMAX,[31, 22, 82, 15, 26, 99, 95, 42, 77, 12, 47, 5, 93, 78, 86, 54, 21, 63, 18, 44, 20, 35, 43, 97, 91, 76, 10, 30, 85, 45, 71, 64, 1, 23, 17, 83, 24, 14, 60, 36, 6, 57, 40, 88, 65, 56, 79, 94, 67, 68, 46, 75, 38, 9, 19, 32, 41, 81, 27, 87, 90, 58, 59, 11, 16, 72, 73, 70, 39, 37, 84, 3, 92, 25, 55, 48, 62, 29, 51, 7, 33, 61, 98, 28, 89, 50, 4, 96, 53, 80, 8, 66, 34, 49, 52, 0, 74, 69, 2, 13]|[1, 1, 0, 1, 1, 0, 1, 1, 2, 1, 2, 2, 2, 1, 1, 0, 0, 1, 0, 2, 2, 0, 1, 2, 0, 1, 2, 2, 0, 0, 1, 2, 1, 2, 1, 0, 2, 0, 1, 1, 0, 1, 1, 1, 0, 2, 1, 1, 0, 0, 0, 0, 1, 1, 2, 1, 0, 2, 0, 2, 1, 0, 1, 2, 1, 2, 1, 1, 1, 1, 1, 1, 0, 1, 2, 0, 0, 0, 0, 1, 2, 1, 2, 0, 1, 0, 1, 2, 0, 0, 1, 2, 2, 0, 1, 0, 2, 1, 0, 0]|[0, 3, 2, 2, 4, 1, 2, 3, 2, 4, 1, 1, 2, 4, 4, 1, 1, 4, 2, 1, 1, 1, 1, 2, 1, 2, 1, 1, 2, 1, 3, 2, 3, 1, 4, 0, 1, 1, 0, 3, 2, 2, 2, 0, 1, 1, 0, 4, 0, 1, 2, 2, 1, 4, 0, 3, 1, 1, 1, 1, 3, 1, 1, 1, 3, 0, 4, 3, 1, 4, 1, 1, 0, 4, 1, 1, 2, 1, 1, 1, 1, 3, 1, 2, 1, 1, 4, 1, 2, 1, 3, 1, 1, 1, 1, 2, 1, 4, 2, 2]|[0, 2, 1, 1, 3, 0, 1, 3, 0, 0, 0, 0, 1, 0, 1, 0, 0, 3, 1, 0, 0, 0, 3, 1, 0, 2, 0, 0, 0, 1, 0, 0, 0, 0, 3, 0, 1, 0, 0, 2, 1, 1, 1, 0, 0, 0, 0, 2, 1, 0, 0, 0, 1, 3, 0, 0, 0, 0, 0, 0, 2, 0, 1, 0, 2, 1, 0, 0, 1, 1, 3, 1, 1, 3, 0, 0, 1, 0, 0, 2, 0, 0, 0, 1, 1, 0, 0, 0, 1, 0, 2, 0, 0, 1, 1, 0, 0, 2, 0, 0],731.2476204416437,56806.84376103422,93275.64763277225,false
30,G4_BALANCED,G4_BALANCED,[31, 11, 15, 82, 26, 9, 95, 32, 77, 68, 47, 5, 93, 78, 86, 54, 85, 63, 18, 44, 20, 49, 36, 14, 74, 50, 53, 17, 21, 45, 71, 64, 3, 23, 30, 83, 24, 41, 60, 52, 65, 27, 90, 70, 39, 87, 48, 69, 99, 4, 46, 1, 13, 58, 97, 59, 28, 75, 73, 37, 35, 79, 22, 66, 76, 42, 40, 80, 96, 6, 16, 61, 33, 7, 57, 67, 12, 34, 10, 98, 56, 88, 43, 8, 91, 38, 19, 92, 29, 84, 51, 72, 89, 25, 2, 55, 62, 81, 94, 0]|[2, 1, 1, 2, 1, 2, 1, 1, 1, 1, 1, 0, 2, 2, 1, 2, 0, 0, 0, 2, 2, 1, 0, 2, 0, 2, 2, 1, 0, 1, 1, 1, 0, 0, 1, 0, 2, 1, 2, 2, 0, 0, 1, 1, 0, 2, 0, 2, 1, 0, 0, 2, 0, 0, 2, 0, 1, 1, 0, 0, 2, 1, 1, 2, 2, 0, 2, 2, 0, 1, 2, 1, 1, 2, 0, 1, 1, 1, 1, 2, 2, 1, 1, 0, 1, 0, 1, 0, 1, 0, 1, 1, 1, 1, 2, 0, 1, 1, 2, 0]|[1, 3, 2, 0, 4, 1, 4, 4, 2, 4, 3, 2, 1, 0, 2, 1, 1, 1, 2, 1, 1, 3, 0, 1, 0, 1, 1, 4, 1, 4, 3, 0, 2, 0, 4, 1, 1, 4, 1, 1, 2, 1, 4, 4, 1, 1, 0, 2, 3, 2, 2, 1, 2, 1, 1, 2, 4, 3, 0, 2, 2, 3, 3, 0, 1, 2, 1, 1, 2, 4, 1, 3, 4, 1, 2, 3, 3, 4, 3, 1, 1, 4, 4, 2, 3, 2, 4, 2, 3, 2, 3, 4, 4, 4, 1, 2, 3, 4, 1, 2]|[1, 2, 1, 0, 3, 0, 1, 3, 0, 0, 2, 0, 1, 0, 1, 0, 0, 0, 1, 0, 0, 2, 0, 0, 1, 0, 0, 3, 0, 1, 0, 2, 0, 1, 3, 0, 1, 3, 0, 0, 0, 0, 1, 3, 0, 0, 1, 0, 2, 0, 0, 0, 0, 0, 1, 0, 1, 0, 1, 1, 0, 2, 0, 0, 0, 0, 0, 0, 0, 2, 0, 0, 1, 0, 0, 0, 0, 1, 3, 0, 0, 1, 2, 0, 0, 0, 1, 0, 3, 0, 0, 2, 1, 3, 0, 0, 0, 1, 0, 0],864.5609513391732,51021.43101581645,110217.75195515106,false
30,G2_TEC,G2_TEC,[31, 22, 82, 15, 26, 9, 95, 42, 77, 68, 47, 5, 93, 78, 86, 54, 85, 63, 18, 44, 20, 49, 36, 14, 74, 50, 53, 17, 21, 28, 11, 64, 3, 23, 30, 83, 24, 41, 40, 52, 65, 27, 90, 70, 39, 87, 48, 69, 99, 4, 46, 1, 13, 58, 97, 59, 45, 8, 73, 37, 35, 79, 71, 66, 76, 32, 60, 80, 96, 6, 16, 61, 33, 7, 57, 34, 12, 67, 10, 98, 56, 88, 43, 75, 91, 38, 84, 92, 29, 19, 51, 72, 89, 25, 2, 55, 62, 81, 94, 0]|[2, 1, 2, 1, 1, 2, 1, 1, 1, 1, 1, 0, 2, 2, 1, 2, 0, 0, 0, 2, 2, 1, 0, 2, 0, 2, 2, 1, 0, 1, 1, 1, 0, 0, 1, 0, 2, 1, 2, 2, 0, 0, 1, 1, 0, 2, 0, 2, 1, 0, 0, 2, 0, 0, 2, 0, 1, 1, 0, 0, 2, 1, 1, 1, 2, 0, 2, 2, 0, 1, 2, 1, 1, 2, 0, 1, 2, 1, 1, 2, 2, 1, 1, 0, 1, 0, 0, 0, 1, 1, 1, 1, 1, 1, 2, 0, 1, 1, 2, 0]|[0, 3, 0, 3, 4, 1, 4, 4, 2, 4, 3, 2, 1, 0, 2, 1, 1, 1, 2, 1, 1, 3, 0, 1, 0, 1, 1, 4, 1, 4, 3, 2, 2, 0, 4, 1, 1, 4, 1, 1, 2, 1, 4, 4, 1, 1, 0, 2, 3, 2, 2, 1, 2, 1, 1, 2, 4, 3, 0, 2, 2, 3, 3, 1, 1, 2, 1, 1, 2, 4, 1, 3, 4, 1, 2, 4, 1, 3, 3, 1, 1, 4, 4, 2, 3, 2, 2, 2, 3, 4, 3, 4, 4, 4, 1, 2, 3, 4, 1, 2]|[0, 2, 0, 0, 3, 0, 1, 3, 0, 0, 2, 0, 1, 0, 1, 0, 0, 0, 1, 0, 0, 2, 0, 0, 1, 0, 0, 3, 0, 1, 0, 2, 0, 0, 3, 0, 1, 3, 0, 0, 0, 0, 1, 3, 0, 0, 1, 0, 2, 0, 0, 0, 0, 0, 1, 0, 1, 0, 1, 1, 0, 2, 0, 2, 0, 0, 0, 0, 0, 2, 0, 0, 1, 0, 0, 1, 0, 0, 3, 0, 0, 1, 2, 0, 0, 0, 0, 0, 3, 1, 0, 2, 1, 3, 0, 0, 0, 1, 0, 0],882.9438068981488,49877.554644704585,107717.62812963048,false
30,G3_TWC,G3_TWC,[31, 22, 82, 15, 26, 58, 77, 95, 42, 12, 47, 5, 93, 78, 98, 54, 85, 63, 18, 44, 20, 35, 43, 97, 91, 76, 10, 30, 21, 45, 71, 64, 1, 23, 17, 83, 24, 14, 60, 36, 6, 57, 94, 88, 65, 56, 79, 40, 67, 68, 46, 75, 38, 9, 19, 32, 81, 41, 27, 62, 87, 90, 99, 59, 11, 16, 72, 73, 70, 39, 37, 84, 3, 92, 25, 55, 28, 29, 51, 7, 33, 61, 86, 66, 89, 50, 48, 96, 53, 80, 4, 8, 34, 49, 52, 0, 13, 2, 69, 74]|[1, 1, 0, 1, 1, 1, 2, 2, 1, 1, 2, 2, 2, 1, 1, 0, 0, 1, 0, 2, 2, 0, 1, 2, 0, 1, 2, 2, 0, 0, 1, 2, 1, 2, 1, 0, 2, 0, 1, 1, 0, 1, 1, 1, 0, 2, 1, 1, 0, 0, 0, 0, 1, 1, 2, 1, 2, 0, 0, 0, 2, 1, 0, 1, 2, 1, 2, 1, 1, 1, 1, 1, 1, 0, 1, 1, 0, 0, 0, 1, 2, 1, 0, 2, 1, 0, 0, 0, 0, 0, 0, 1, 2, 0, 1, 0, 0, 0, 1, 2]|[4, 3, 2, 2, 0, 0, 2, 2, 2, 4, 1, 1, 2, 4, 4, 1, 2, 4, 2, 1, 1, 1, 1, 2, 1, 2, 1, 1, 1, 1, 3, 2, 3, 0, 4, 0, 1, 1, 0, 3, 2, 2, 4, 0, 1, 1, 0, 2, 0, 1, 2, 2, 1, 4, 0, 3, 2, 1, 1, 2, 1, 3, 1, 1, 1, 3, 0, 4, 3, 1, 4, 1, 1, 2, 4, 4, 2, 1, 1, 3, 1, 3, 1, 1, 1, 1, 1, 1, 2, 1, 2, 3, 1, 1, 1, 2, 2, 2, 3, 1]|[0, 2, 1, 1, 3, 3, 0, 0, 1, 0, 0, 0, 1, 0, 1, 0, 0, 3, 1, 0, 0, 0, 3, 1, 0, 2, 0, 0, 0, 1, 0, 0, 0, 0, 3, 0, 1, 0, 0, 2, 1, 1, 2, 0, 0, 0, 0, 1, 1, 0, 0, 0, 1, 3, 0, 0, 1, 0, 0, 1, 0, 2, 0, 1, 0, 2, 1, 0, 0, 1, 1, 3, 1, 1, 3, 3, 1, 0, 0, 2, 0, 0, 0, 0, 1, 0, 0, 0, 1, 0, 1, 2, 0, 1, 1, 0, 0, 0, 0, 0],802.1274951829081,57949.43073711903,89651.64312139984,false
30,G1_CMAX,G1_CMAX,[31, 22, 82, 15, 26, 99, 95, 42, 77, 12, 47, 5, 93, 78, 86, 54, 21, 63, 18, 44, 20, 35, 43, 97, 91, 76, 10, 30, 85, 45, 71, 64, 1, 23, 17, 83, 24, 14, 60, 36, 6, 57, 40, 88, 65, 56, 79, 94, 67, 68, 46, 75, 38, 9, 19, 32, 41, 81, 27, 87, 90, 58, 59, 11, 16, 72, 73, 70, 39, 37, 84, 3, 92, 25, 55, 48, 62, 29, 51, 7, 33, 61, 98, 28, 89, 50, 4, 96, 53, 80, 8, 66, 34, 49, 52, 0, 74, 69, 2, 13]|[1, 1, 0, 1, 1, 0, 1, 1, 2, 1, 2, 2, 2, 1, 1, 0, 0, 1, 0, 2, 2, 0, 1, 2, 0, 1, 2, 2, 0, 0, 1, 2, 1, 2, 1, 0, 2, 0, 1, 1, 0, 1, 1, 1, 0, 2, 1, 1, 0, 0, 0, 0, 1, 1, 2, 1, 0, 2, 0, 2, 1, 0, 1, 2, 1, 2, 1, 1, 1, 1, 1, 1, 0, 1, 2, 0, 0, 0, 0, 1, 2, 1, 2, 0, 1, 0, 1, 2, 0, 0, 1, 2, 2, 0, 1, 0, 2, 1, 0, 0]|[0, 3, 2, 2, 4, 1, 2, 3, 2, 4, 1, 1, 2, 4, 4, 1, 1, 4, 2, 1, 1, 1, 1, 2, 1, 2, 1, 1, 2, 1, 3, 2, 3, 1, 4, 0, 1, 1, 0, 3, 2, 2, 2, 0, 1, 1, 0, 4, 0, 1, 2, 2, 1, 4, 0, 3, 1, 1, 1, 1, 3, 1, 1, 1, 3, 0, 4, 3, 1, 4, 1, 1, 0, 4, 1, 1, 2, 1, 1, 1, 1, 3, 1, 2, 1, 1, 4, 1, 2, 1, 3, 1, 1, 1, 1, 2, 1, 4, 2, 2]|[0, 2, 1, 1, 3, 0, 1, 3, 0, 0, 0, 0, 1, 0, 1, 0, 0, 3, 1, 0, 0, 0, 3, 1, 0, 2, 0, 0, 0, 1, 0, 0, 0, 0, 3, 0, 1, 0, 0, 2, 1, 1, 1, 0, 0, 0, 0, 2, 1, 0, 0, 0, 1, 3, 0, 0, 0, 0, 0, 0, 2, 0, 1, 0, 2, 1, 0, 0, 1, 1, 3, 1, 1, 3, 0, 0, 1, 0, 0, 2, 0, 0, 0, 1, 1, 0, 0, 0, 1, 0, 2, 0, 0, 1, 1, 0, 0, 2, 0, 0],731.2476204416437,56806.84376103422,93275.64763277225,false
30,G4_BALANCED,G2_TEC,[31, 22, 82, 15, 26, 9, 95, 42, 77, 68, 47, 5, 93, 78, 86, 54, 85, 63, 18, 44, 20, 49, 36, 14, 74, 50, 53, 17, 21, 28, 11, 64, 3, 23, 30, 83, 24, 41, 40, 52, 65, 27, 90, 70, 39, 87, 48, 69, 99, 4, 46, 1, 13, 58, 97, 59, 45, 8, 73, 37, 35, 79, 71, 66, 76, 32, 60, 80, 96, 6, 16, 61, 33, 7, 57, 34, 12, 67, 10, 98, 56, 88, 43, 75, 91, 38, 19, 92, 29, 84, 51, 72, 89, 25, 81, 2, 62, 55, 94, 0]|[2, 1, 2, 1, 1, 2, 1, 1, 1, 1, 1, 0, 2, 2, 1, 2, 0, 0, 0, 2, 2, 1, 0, 2, 0, 2, 2, 1, 0, 1, 1, 1, 0, 0, 1, 0, 2, 1, 2, 2, 0, 0, 1, 1, 0, 2, 0, 2, 1, 0, 0, 2, 0, 0, 2, 0, 1, 1, 0, 0, 2, 1, 0, 1, 2, 0, 2, 2, 0, 1, 2, 1, 1, 2, 0, 1, 2, 1, 1, 2, 2, 1, 1, 0, 1, 0, 1, 0, 1, 0, 1, 1, 1, 1, 1, 2, 1, 0, 2, 0]|[0, 3, 0, 3, 4, 1, 4, 4, 2, 4, 3, 2, 1, 0, 2, 1, 1, 1, 2, 1, 1, 3, 0, 1, 0, 1, 1, 4, 1, 4, 3, 2, 2, 0, 4, 1, 1, 4, 1, 1, 2, 1, 4, 4, 1, 1, 0, 2, 3, 2, 2, 1, 2, 1, 1, 2, 4, 3, 0, 2, 2, 3, 1, 1, 1, 2, 1, 1, 2, 4, 1, 3, 4, 1, 2, 4, 1, 3, 3, 1, 1, 4, 4, 2, 3, 2, 4, 2, 3, 2, 3, 4, 4, 4, 4, 1, 3, 2, 1, 2]|[0, 2, 0, 0, 3, 0, 1, 3, 0, 0, 2, 0, 1, 0, 1, 0, 0, 0, 1, 0, 0, 2, 0, 0, 1, 0, 0, 3, 0, 1, 0, 2, 0, 0, 3, 0, 1, 3, 0, 0, 0, 0, 1, 3, 0, 0, 1, 0, 2, 0, 0, 0, 0, 0, 1, 0, 1, 0, 1, 1, 0, 2, 0, 2, 0, 0, 0, 0, 0, 2, 0, 0, 1, 0, 0, 1, 0, 0, 3, 0, 0, 1, 2, 0, 0, 0, 1, 0, 3, 0, 0, 2, 1, 3, 1, 0, 0, 0, 0, 0],889.6989398603664,49958.04486893687,107201.45760041973,true
30,G2_TEC,G2_TEC,[31, 22, 82, 15, 26, 9, 95, 42, 77, 68, 47, 5, 93, 78, 86, 54, 85, 63, 18, 44, 20, 49, 36, 14, 74, 50, 53, 17, 21, 28, 11, 64, 3, 23, 30, 83, 24, 41, 40, 52, 65, 27, 90, 70, 39, 87, 48, 69, 99, 4, 46, 1, 13, 58, 97, 59, 45, 8, 73, 37, 35, 79, 71, 66, 76, 32, 60, 80, 96, 6, 16, 61, 33, 7, 57, 34, 12, 67, 10, 98, 56, 88, 43, 75, 91, 38, 84, 92, 29, 19, 51, 72, 89, 25, 2, 55, 62, 81, 94, 0]|[2, 1, 2, 1, 1, 2, 1, 1, 1, 1, 1, 0, 2, 2, 1, 2, 0, 0, 0, 2, 2, 1, 0, 2, 0, 2, 2, 1, 0, 1, 1, 1, 0, 0, 1, 0, 2, 1, 2, 2, 0, 0, 1, 1, 0, 2, 0, 2, 1, 0, 0, 2, 0, 0, 2, 0, 1, 1, 0, 0, 2, 1, 1, 1, 2, 0, 2, 2, 0, 1, 2, 1, 1, 2, 0, 1, 2, 1, 1, 2, 2, 1, 1, 0, 1, 0, 0, 0, 1, 1, 1, 1, 1, 1, 2, 0, 1, 1, 2, 0]|[0, 3, 0, 3, 4, 1, 4, 4, 2, 4, 3, 2, 1, 0, 2, 1, 1, 1, 2, 1, 1, 3, 0, 1, 0, 1, 1, 4, 1, 4, 3, 2, 2, 0, 4, 1, 1, 4, 1, 1, 2, 1, 4, 4, 1, 1, 0, 2, 3, 2, 2, 1, 2, 1, 1, 2, 4, 3, 0, 2, 2, 3, 3, 1, 1, 2, 1, 1, 2, 4, 1, 3, 4, 1, 2, 4, 1, 3, 3, 1, 1, 4, 4, 2, 3, 2, 2, 2, 3, 4, 3, 4, 4, 4, 1, 2, 3, 4, 1, 2]|[0, 2, 0, 0, 3, 0, 1, 3, 0, 0, 2, 0, 1, 0, 1, 0, 0, 0, 1, 0, 0, 2, 0, 0, 1, 0, 0, 3, 0, 1, 0, 2, 0, 0, 3, 0, 1, 3, 0, 0, 0, 0, 1, 3, 0, 0, 1, 0, 2, 0, 0, 0, 0, 0, 1, 0, 1, 0, 1, 1, 0, 2, 0, 2, 0, 0, 0, 0, 0, 2, 0, 0, 1, 0, 0, 1, 0, 0, 3, 0, 0, 1, 2, 0, 0, 0, 0, 0, 3, 1, 0, 2, 1, 3, 0, 0, 0, 1, 0, 0],882.9438068981488,49877.554644704585,107717.62812963048,false
30,G3_TWC,G3_TWC,[31, 22, 82, 15, 26, 58, 77, 95, 42, 12, 47, 5, 93, 78, 98, 54, 85, 63, 18, 44, 20, 35, 43, 97, 91, 76, 10, 30, 21, 45, 71, 64, 1, 23, 17, 83, 24, 14, 60, 36, 6, 57, 94, 88, 65, 56, 79, 40, 67, 68, 46, 75, 38, 9, 19, 32, 81, 41, 27, 62, 87, 90, 99, 59, 11, 16, 72, 73, 70, 39, 37, 84, 3, 92, 25, 55, 28, 29, 51, 7, 33, 61, 86, 66, 89, 50, 48, 96, 53, 80, 4, 8, 34, 49, 52, 0, 13, 2, 69, 74]|[1, 1, 0, 1, 1, 1, 2, 2, 1, 1, 2, 2, 2, 1, 1, 0, 0, 1, 0, 2, 2, 0, 1, 2, 0, 1, 2, 2, 0, 0, 1, 2, 1, 2, 1, 0, 2, 0, 1, 1, 0, 1, 1, 1, 0, 2, 1, 1, 0, 0, 0, 0, 1, 1, 2, 1, 2, 0, 0, 0, 2, 1, 0, 1, 2, 1, 2, 1, 1, 1, 1, 1, 1, 0, 1, 1, 0, 0, 0, 1, 2, 1, 0, 2, 1, 0, 0, 0, 0, 0, 0, 1, 2, 0, 1, 0, 0, 0, 1, 2]|[4, 3, 2, 2, 0, 0, 2, 2, 2, 4, 1, 1, 2, 4, 4, 1, 2, 4, 2, 1, 1, 1, 1, 2, 1, 2, 1, 1, 1, 1, 3, 2, 3, 0, 4, 0, 1, 1, 0, 3, 2, 2, 4, 0, 1, 1, 0, 2, 0, 1, 2, 2, 1, 4, 0, 3, 2, 1, 1, 2, 1, 3, 1, 1, 1, 3, 0, 4, 3, 1, 4, 1, 1, 2, 4, 4, 2, 1, 1, 3, 1, 3, 1, 1, 1, 1, 1, 1, 2, 1, 2, 3, 1, 1, 1, 2, 2, 2, 3, 1]|[0, 2, 1, 1, 3, 3, 0, 0, 1, 0, 0, 0, 1, 0, 1, 0, 0, 3, 1, 0, 0, 0, 3, 1, 0, 2, 0, 0, 0, 1, 0, 0, 0, 0, 3, 0, 1, 0, 0, 2, 1, 1, 2, 0, 0, 0, 0, 1, 1, 0, 0, 0, 1, 3, 0, 0, 1, 0, 0, 1, 0, 2, 0, 1, 0, 2, 1, 0, 0, 1, 1, 3, 1, 1, 3, 3, 1, 0, 0, 2, 0, 0, 0, 0, 1, 0, 0, 0, 1, 0, 1, 2, 0, 1, 1, 0, 0, 0, 0, 0],802.1274951829081,57949.43073711903,89651.64312139984,false
30,G1_CMAX,G1_CMAX,[31, 22, 82, 15, 26, 99, 95, 42, 77, 12, 47, 5, 93, 78, 86, 54, 21, 63, 18, 44, 20, 35, 43, 97, 91, 76, 10, 30, 85, 45, 71, 64, 1, 23, 17, 83, 24, 14, 60, 36, 6, 57, 40, 88, 65, 56, 79, 94, 67, 68, 46, 75, 38, 9, 19, 32, 41, 81, 27, 87, 90, 58, 59, 11, 16, 72, 73, 70, 39, 37, 84, 3, 92, 25, 55, 48, 62, 29, 51, 7, 33, 61, 98, 28, 89, 50, 4, 96, 53, 80, 8, 66, 34, 49, 52, 0, 74, 69, 2, 13]|[1, 1, 0, 1, 1, 0, 1, 1, 2, 1, 2, 2, 2, 1, 1, 0, 0, 1, 0, 2, 2, 0, 1, 2, 0, 1, 2, 2, 0, 0, 1, 2, 1, 2, 1, 0, 2, 0, 1, 1, 0, 1, 1, 1, 0, 2, 1, 1, 0, 0, 0, 0, 1, 1, 2, 1, 0, 2, 0, 2, 1, 0, 1, 2, 1, 2, 1, 1, 1, 1, 1, 1, 0, 1, 2, 0, 0, 0, 0, 1, 2, 1, 2, 0, 1, 0, 1, 2, 0, 0, 1, 2, 2, 0, 1, 0, 2, 1, 0, 0]|[0, 3, 2, 2, 4, 1, 2, 3, 2, 4, 1, 1, 2, 4, 4, 1, 1, 4, 2, 1, 1, 1, 1, 2, 1, 2, 1, 1, 2, 1, 3, 2, 3, 1, 4, 0, 1, 1, 0, 3, 2, 2, 2, 0, 1, 1, 0, 4, 0, 1, 2, 2, 1, 4, 0, 3, 1, 1, 1, 1, 3, 1, 1, 1, 3, 0, 4, 3, 1, 4, 1, 1, 0, 4, 1, 1, 2, 1, 1, 1, 1, 3, 1, 2, 1, 1, 4, 1, 2, 1, 3, 1, 1, 1, 1, 2, 1, 4, 2, 2]|[0, 2, 1, 1, 3, 0, 1, 3, 0, 0, 0, 0, 1, 0, 1, 0, 0, 3, 1, 0, 0, 0, 3, 1, 0, 2, 0, 0, 0, 1, 0, 0, 0, 0, 3, 0, 1, 0, 0, 2, 1, 1, 1, 0, 0, 0, 0, 2, 1, 0, 0, 0, 1, 3, 0, 0, 0, 0, 0, 0, 2, 0, 1, 0, 2, 1, 0, 0, 1, 1, 3, 1, 1, 3, 0, 0, 1, 0, 0, 2, 0, 0, 0, 1, 1, 0, 0, 0, 1, 0, 2, 0, 0, 1, 1, 0, 0, 2, 0, 0],731.2476204416437,56806.84376103422,93275.64763277225,false
30,G4_BALANCED,G4_BALANCED,[31, 11, 15, 82, 26, 9, 95, 32, 77, 68, 47, 5, 93, 78, 86, 54, 85, 63, 18, 44, 20, 49, 36, 14, 74, 50, 53, 17, 21, 45, 71, 64, 3, 23, 30, 83, 24, 41, 60, 52, 65, 27, 90, 70, 39, 87, 48, 69, 99, 4, 46, 1, 13, 58, 97, 59, 28, 75, 73, 37, 35, 79, 22, 66, 76, 42, 40, 80, 96, 6, 16, 61, 33, 7, 57, 67, 12, 34, 10, 98, 56, 88, 43, 8, 91, 38, 72, 92, 29, 2, 51, 19, 89, 25, 84, 55, 62, 81, 94, 0]|[2, 1, 1, 2, 1, 2, 1, 0, 1, 1, 1, 0, 2, 2, 1, 2, 0, 0, 0, 2, 2, 1, 0, 2, 0, 2, 2, 1, 0, 1, 1, 1, 0, 0, 1, 0, 2, 1, 2, 2, 0, 0, 1, 1, 0, 2, 0, 2, 1, 0, 0, 2, 0, 0, 2, 0, 1, 0, 0, 0, 2, 1, 0, 2, 2, 0, 2, 2, 0, 1, 2, 1, 1, 2, 2, 1, 1, 1, 1, 2, 2, 1, 1, 0, 1, 0, 1, 0, 1, 2, 1, 1, 1, 1, 0, 0, 1, 1, 2, 0]|[1, 3, 2, 0, 4, 1, 4, 2, 2, 4, 3, 2, 1, 0, 2, 1, 1, 1, 2, 1, 1, 3, 0, 1, 0, 1, 1, 4, 1, 4, 3, 2, 2, 0, 4, 1, 1, 4, 0, 1, 2, 1, 4, 4, 1, 1, 0, 2, 3, 2, 2, 1, 2, 1, 1, 2, 4, 2, 0, 2, 2, 3, 1, 0, 1, 2, 1, 1, 2, 4, 1, 3, 4, 1, 1, 3, 3, 4, 3, 1, 1, 4, 4, 2, 3, 2, 4, 2, 3, 1, 3, 4, 4, 4, 2, 2, 3, 4, 1, 2]|[1, 2, 1, 0, 3, 0, 1, 0, 0, 0, 2, 0, 1, 0, 1, 0, 0, 0, 1, 0, 0, 2, 0, 0, 1, 0, 0, 3, 0, 1, 0, 2, 0, 1, 3, 0, 1, 3, 1, 0, 0, 0, 1, 3, 0, 0, 1, 0, 2, 0, 0, 0, 0, 0, 1, 0, 1, 0, 1, 1, 0, 2, 0, 0, 0, 0, 0, 0, 0, 2, 0, 0, 1, 0, 0, 0, 0, 1, 3, 0, 0, 1, 2, 0, 0, 0, 2, 0, 0, 0, 0, 3, 1, 3, 0, 0, 0, 1, 0, 0],877.5443643009132,51932.849917887135,105729.87896923562,false
30,G2_TEC,G2_TEC,[31, 22, 82, 15, 26, 9, 95, 42, 77, 68, 47, 5, 93, 78, 86, 54, 85, 63, 18, 44, 20, 49, 36, 14, 74, 50, 53, 17, 21, 28, 11, 64, 3, 23, 30, 83, 24, 41, 40, 52, 65, 27, 90, 70, 39, 87, 48, 69, 99, 4, 46, 1, 13, 58, 97, 59, 45, 8, 73, 37, 35, 79, 71, 66, 76, 32, 60, 80, 96, 6, 16, 61, 33, 7, 57, 34, 12, 67, 10, 98, 56, 88, 43, 75, 91, 38, 84, 92, 29, 19, 51, 72, 89, 25, 2, 55, 62, 81, 94, 0]|[2, 1, 2, 1, 1, 2, 1, 1, 1, 1, 1, 0, 2, 2, 1, 2, 0, 0, 0, 2, 2, 1, 0, 2, 0, 2, 2, 1, 0, 1, 1, 1, 0, 0, 1, 0, 2, 1, 2, 2, 0, 0, 1, 1, 0, 2, 0, 2, 1, 0, 0, 2, 0, 0, 2, 0, 1, 1, 0, 0, 2, 1, 1, 1, 2, 0, 2, 2, 0, 1, 2, 1, 1, 2, 0, 1, 2, 1, 1, 2, 2, 1, 1, 0, 1, 0, 0, 0, 1, 1, 1, 1, 1, 1, 2, 0, 1, 1, 2, 0]|[0, 3, 0, 3, 4, 1, 4, 4, 2, 4, 3, 2, 1, 0, 2, 1, 1, 1, 2, 1, 1, 3, 0, 1, 0, 1, 1, 4, 1, 4, 3, 2, 2, 0, 4, 1, 1, 4, 1, 1, 2, 1, 4, 4, 1, 1, 0, 2, 3, 2, 2, 1, 2, 1, 1, 2, 4, 3, 0, 2, 2, 3, 3, 1, 1, 2, 1, 1, 2, 4, 1, 3, 4, 1, 2, 4, 1, 3, 3, 1, 1, 4, 4, 2, 3, 2, 2, 2, 3, 4, 3, 4, 4, 4, 1, 2, 3, 4, 1, 2]|[0, 2, 0, 0, 3, 0, 1, 3, 0, 0, 2, 0, 1, 0, 1, 0, 0, 0, 1, 0, 0, 2, 0, 0, 1, 0, 0, 3, 0, 1, 0, 2, 0, 0, 3, 0, 1, 3, 0, 0, 0, 0, 1, 3, 0, 0, 1, 0, 2, 0, 0, 0, 0, 0, 1, 0, 1, 0, 1, 1, 0, 2, 0, 2, 0, 0, 0, 0, 0, 2, 0, 0, 1, 0, 0, 1, 0, 0, 3, 0, 0, 1, 2, 0, 0, 0, 0, 0, 3, 1, 0, 2, 1, 3, 0, 0, 0, 1, 0, 0],882.9438068981488,49877.554644704585,107717.62812963048,false
30,G3_TWC,G3_TWC,[31, 22, 82, 15, 26, 58, 77, 95, 42, 12, 47, 5, 93, 78, 98, 54, 85, 63, 18, 44, 20, 35, 43, 97, 91, 76, 10, 30, 21, 45, 71, 64, 1, 23, 17, 83, 24, 14, 60, 36, 6, 57, 94, 88, 65, 56, 79, 40, 67, 68, 46, 75, 38, 9, 19, 32, 81, 41, 27, 62, 87, 90, 99, 59, 11, 16, 72, 73, 70, 39, 37, 84, 3, 92, 25, 55, 28, 29, 51, 7, 33, 61, 86, 66, 89, 50, 48, 96, 53, 80, 4, 8, 34, 49, 52, 0, 13, 2, 69, 74]|[1, 1, 0, 1, 1, 1, 2, 2, 1, 1, 2, 2, 2, 1, 1, 0, 0, 1, 0, 2, 2, 0, 1, 2, 0, 1, 2, 2, 0, 0, 1, 2, 1, 2, 1, 0, 2, 0, 1, 1, 0, 1, 1, 1, 0, 2, 1, 1, 0, 0, 0, 0, 1, 1, 2, 1, 2, 0, 0, 0, 2, 1, 0, 1, 2, 1, 2, 1, 1, 1, 1, 1, 1, 0, 1, 1, 0, 0, 0, 1, 2, 1, 0, 2, 1, 0, 0, 0, 0, 0, 0, 1, 2, 0, 1, 0, 0, 0, 1, 2]|[4, 3, 2, 2, 0, 0, 2, 2, 2, 4, 1, 1, 2, 4, 4, 1, 2, 4, 2, 1, 1, 1, 1, 2, 1, 2, 1, 1, 1, 1, 3, 2, 3, 0, 4, 0, 1, 1, 0, 3, 2, 2, 4, 0, 1, 1, 0, 2, 0, 1, 2, 2, 1, 4, 0, 3, 2, 1, 1, 2, 1, 3, 1, 1, 1, 3, 0, 4, 3, 1, 4, 1, 1, 2, 4, 4, 2, 1, 1, 3, 1, 3, 1, 1, 1, 1, 1, 1, 2, 1, 2, 3, 1, 1, 1, 2, 2, 2, 3, 1]|[0, 2, 1, 1, 3, 3, 0, 0, 1, 0, 0, 0, 1, 0, 1, 0, 0, 3, 1, 0, 0, 0, 3, 1, 0, 2, 0, 0, 0, 1, 0, 0, 0, 0, 3, 0, 1, 0, 0, 2, 1, 1, 2, 0, 0, 0, 0, 1, 1, 0, 0, 0, 1, 3, 0, 0, 1, 0, 0, 1, 0, 2, 0, 1, 0, 2, 1, 0, 0, 1, 1, 3, 1, 1, 3, 3, 1, 0, 0, 2, 0, 0, 0, 0, 1, 0, 0, 0, 1, 0, 1, 2, 0, 1, 1, 0, 0, 0, 0, 0],802.1274951829081,57949.43073711903,89651.64312139984,false
30,G1_CMAX,G1_CMAX,[31, 22, 82, 15, 26, 99, 95, 42, 77, 12, 47, 5, 93, 78, 86, 54, 21, 63, 18, 44, 20, 35, 43, 97, 91, 76, 10, 30, 85, 45, 71, 64, 1, 23, 17, 83, 24, 14, 60, 36, 6, 57, 40, 88, 65, 56, 79, 94, 67, 68, 46, 75, 38, 9, 19, 32, 41, 81, 27, 87, 90, 58, 59, 11, 16, 72, 73, 70, 39, 37, 84, 3, 92, 25, 55, 48, 62, 29, 51, 7, 33, 61, 98, 28, 89, 50, 4, 96, 53, 80, 8, 66, 34, 49, 52, 0, 74, 69, 2, 13]|[1, 1, 0, 1, 1, 0, 1, 1, 2, 1, 2, 2, 2, 1, 1, 0, 0, 1, 0, 2, 2, 0, 1, 2, 0, 1, 2, 2, 0, 0, 1, 2, 1, 2, 1, 0, 2, 0, 1, 1, 0, 1, 1, 1, 0, 2, 1, 1, 0, 0, 0, 0, 1, 1, 2, 1, 0, 2, 0, 2, 1, 0, 1, 2, 1, 2, 1, 1, 1, 1, 1, 1, 0, 1, 2, 0, 0, 0, 0, 1, 2, 1, 2, 0, 1, 0, 1, 2, 0, 0, 1, 2, 2, 0, 1, 0, 2, 1, 0, 0]|[0, 3, 2, 2, 4, 1, 2, 3, 2, 4, 1, 1, 2, 4, 4, 1, 1, 4, 2, 1, 1, 1, 1, 2, 1, 2, 1, 1, 2, 1, 3, 2, 3, 1, 4, 0, 1, 1, 0, 3, 2, 2, 2, 0, 1, 1, 0, 4, 0, 1, 2, 2, 1, 4, 0, 3, 1, 1, 1, 1, 3, 1, 1, 1, 3, 0, 4, 3, 1, 4, 1, 1, 0, 4, 1, 1, 2, 1, 1, 1, 1, 3, 1, 2, 1, 1, 4, 1, 2, 1, 3, 1, 1, 1, 1, 2, 1, 4, 2, 2]|[0, 2, 1, 1, 3, 0, 1, 3, 0, 0, 0, 0, 1, 0, 1, 0, 0, 3, 1, 0, 0, 0, 3, 1, 0, 2, 0, 0, 0, 1, 0, 0, 0, 0, 3, 0, 1, 0, 0, 2, 1, 1, 1, 0, 0, 0, 0, 2, 1, 0, 0, 0, 1, 3, 0, 0, 0, 0, 0, 0, 2, 0, 1, 0, 2, 1, 0, 0, 1, 1, 3, 1, 1, 3, 0, 0, 1, 0, 0, 2, 0, 0, 0, 1, 1, 0, 0, 0, 1, 0, 2, 0, 0, 1, 1, 0, 0, 2, 0, 0],731.2476204416437,56806.84376103422,93275.64763277225,false
30,G4_BALANCED,G3_TWC,[31, 22, 82, 15, 26, 58, 95, 42, 77, 12, 47, 5, 93, 78, 98, 54, 85, 63, 18, 44, 20, 35, 43, 97, 91, 76, 68, 30, 21, 45, 71, 64, 1, 23, 17, 83, 24, 14, 60, 36, 6, 57, 94, 88, 65, 56, 79, 40, 67, 10, 46, 75, 38, 9, 19, 32, 81, 41, 27, 62, 87, 90, 99, 59, 11, 16, 72, 73, 70, 39, 37, 84, 3, 92, 25, 55, 28, 29, 51, 7, 33, 61, 86, 66, 89, 50, 48, 80, 53, 96, 8, 4, 34, 0, 52, 2, 13, 49, 69, 74]|[1, 1, 0, 1, 1, 1, 2, 1, 2, 1, 2, 2, 2, 1, 1, 0, 0, 1, 0, 2, 2, 0, 1, 2, 0, 1, 2, 2, 0, 0, 1, 2, 1, 2, 1, 0, 2, 0, 1, 1, 0, 1, 1, 1, 0, 2, 1, 1, 0, 0, 0, 0, 1, 1, 2, 1, 2, 0, 0, 0, 2, 1, 0, 1, 2, 1, 2, 1, 1, 1, 1, 1, 1, 0, 1, 1, 0, 0, 0, 1, 2, 1, 0, 2, 1, 0, 2, 0, 0, 0, 1, 0, 2, 0, 1, 0, 0, 0, 1, 2]|[4, 3, 2, 2, 0, 0, 2, 2, 2, 4, 1, 1, 2, 4, 4, 1, 2, 4, 2, 1, 1, 1, 1, 2, 1, 2, 1, 1, 1, 1, 3, 2, 3, 0, 4, 0, 1, 1, 0, 3, 2, 2, 4, 0, 1, 1, 0, 2, 0, 1, 2, 1, 1, 4, 0, 3, 2, 1, 1, 1, 1, 3, 1, 1, 1, 3, 0, 4, 3, 1, 4, 1, 1, 2, 4, 4, 2, 1, 1, 3, 1, 3, 1, 1, 1, 1, 1, 1, 2, 1, 3, 2, 1, 2, 1, 2, 2, 1, 3, 1]|[0, 2, 1, 1, 3, 3, 0, 1, 0, 0, 0, 0, 1, 0, 1, 0, 0, 3, 1, 0, 0, 0, 3, 1, 0, 2, 0, 0, 0, 1, 0, 0, 0, 0, 3, 0, 1, 0, 0, 2, 1, 1, 2, 0, 0, 0, 0, 1, 1, 0, 0, 0, 1, 3, 0, 0, 1, 0, 0, 0, 0, 2, 0, 1, 0, 2, 1, 0, 0, 1, 1, 3, 1, 1, 3, 3, 1, 0, 0, 2, 0, 0, 0, 0, 1, 0, 0, 0, 1, 0, 2, 1, 0, 0, 1, 0, 0, 1, 0, 0],780.0689672083862,57684.04891863173,90439.9076560027,true
30,G2_TEC,G2_TEC,[31, 22, 82, 15, 26, 9, 95, 42, 77, 68, 47, 5, 93, 78, 86, 54, 85, 63, 18, 44, 20, 49, 36, 14, 74, 50, 53, 17, 21, 28, 11, 64, 3, 23, 30, 83, 24, 41, 40, 52, 65, 27, 90, 70, 39, 87, 48, 69, 99, 4, 46, 1, 13, 58, 97, 59, 45, 8, 73, 37, 35, 79, 71, 66, 76, 32, 60, 80, 96, 6, 16, 61, 33, 7, 57, 34, 12, 67, 10, 98, 56, 88, 43, 75, 91, 38, 84, 92, 29, 19, 51, 72, 89, 25, 2, 81, 94, 55, 62, 0]|[2, 1, 2, 1, 1, 2, 1, 1, 1, 1, 1, 0, 2, 2, 1, 2, 0, 0, 0, 2, 2, 1, 0, 2, 0, 2, 2, 1, 0, 1, 1, 1, 0, 0, 1, 0, 2, 1, 2, 2, 0, 0, 1, 1, 0, 2, 0, 2, 1, 0, 0, 2, 0, 0, 2, 0, 1, 1, 0, 0, 2, 1, 1, 1, 2, 0, 2, 2, 0, 1, 2, 1, 1, 2, 0, 1, 2, 1, 1, 2, 2, 1, 1, 0, 1, 0, 0, 0, 1, 1, 1, 1, 1, 1, 2, 1, 2, 0, 1, 0]|[0, 3, 0, 3, 4, 1, 4, 4, 2, 4, 3, 2, 1, 0, 2, 1, 1, 1, 2, 1, 1, 3, 0, 1, 0, 1, 1, 4, 1, 4, 3, 2, 2, 0, 4, 1, 1, 4, 1, 1, 2, 1, 4, 4, 1, 1, 0, 2, 3, 2, 2, 1, 2, 1, 1, 2, 4, 3, 0, 2, 2, 3, 3, 1, 1, 2, 1, 1, 2, 4, 1, 3, 4, 1, 2, 4, 1, 3, 3, 1, 1, 4, 4, 2, 3, 2, 2, 2, 3, 4, 3, 4, 4, 4, 1, 4, 1, 2, 3, 2]|[0, 2, 0, 0, 3, 0, 1, 3, 0, 0, 2, 0, 1, 0, 1, 0, 0, 0, 1, 0, 0, 2, 0, 0, 1, 0, 0, 3, 0, 1, 0, 2, 0, 0, 3, 0, 1, 1, 0, 0, 0, 0, 1, 3, 0, 0, 1, 0, 2, 0, 0, 0, 0, 0, 1, 0, 1, 0, 1, 1, 0, 2, 0, 2, 0, 0, 0, 0, 0, 2, 0, 0, 1, 0, 0, 1, 0, 0, 3, 0, 0, 1, 2, 0, 0, 0, 0, 0, 3, 1, 0, 1, 1, 3, 0, 2, 0, 0, 0, 0],882.9438068981488,49811.41861925377,107369.92734801112,false
30,G3_TWC,G3_TWC,[31, 22, 82, 15, 26, 58, 77, 95, 42, 12, 47, 5, 93, 78, 98, 54, 85, 63, 18, 44, 20, 35, 43, 97, 91, 76, 10, 30, 21, 45, 71, 64, 1, 23, 17, 83, 24, 14, 60, 36, 6, 57, 94, 88, 65, 56, 79, 40, 67, 68, 46, 75, 38, 9, 19, 32, 81, 41, 27, 62, 87, 90, 99, 59, 11, 16, 72, 73, 70, 39, 37, 84, 3, 92, 25, 55, 28, 29, 51, 7, 33, 61, 86, 66, 89, 50, 48, 96, 53, 80, 4, 8, 34, 49, 52, 0, 13, 2, 69, 74]|[1, 1, 0, 1, 1, 1, 2, 2, 1, 1, 2, 2, 2, 1, 1, 0, 0, 1, 0, 2, 2, 0, 1, 2, 0, 1, 2, 2, 0, 0, 1, 2, 1, 2, 1, 0, 2, 0, 1, 1, 0, 1, 1, 1, 0, 2, 1, 1, 0, 0, 0, 0, 1, 1, 2, 1, 2, 0, 0, 0, 2, 1, 0, 1, 2, 1, 2, 1, 1, 1, 1, 1, 1, 0, 1, 1, 0, 0, 0, 1, 2, 1, 0, 2, 1, 0, 0, 0, 0, 0, 0, 1, 2, 0, 1, 0, 0, 0, 1, 2]|[4, 3, 2, 2, 0, 0, 2, 2, 2, 4, 1, 1, 2, 4, 4, 1, 2, 4, 2, 1, 1, 1, 1, 2, 1, 2, 1, 1, 1, 1, 3, 2, 3, 0, 4, 0, 1, 1, 0, 3, 2, 2, 4, 0, 1, 1, 0, 2, 0, 1, 2, 2, 1, 4, 0, 3, 2, 1, 1, 2, 1, 3, 1, 1, 1, 3, 0, 4, 3, 1, 4, 1, 1, 2, 4, 4, 2, 1, 1, 3, 1, 3, 1, 1, 1, 1, 1, 1, 2, 1, 2, 3, 1, 1, 1, 2, 2, 2, 3, 1]|[0, 2, 1, 1, 3, 3, 0, 0, 1, 0, 0, 0, 1, 0, 1, 0, 0, 3, 1, 0, 0, 0, 3, 1, 0, 2, 0, 0, 0, 1, 0, 0, 0, 0, 3, 0, 1, 0, 0, 2, 1, 1, 2, 0, 0, 0, 0, 1, 1, 0, 0, 0, 1, 3, 0, 0, 1, 0, 0, 1, 0, 2, 0, 1, 0, 2, 1, 0, 0, 1, 1, 3, 1, 1, 3, 3, 1, 0, 0, 2, 0, 0, 0, 0, 1, 0, 0, 0, 1, 0, 1, 2, 0, 1, 1, 0, 0, 0, 0, 0],802.1274951829081,57949.43073711903,89651.64312139984,false
30,G1_CMAX,G1_CMAX,[31, 22, 82, 15, 26, 99, 95, 42, 77, 12, 47, 5, 93, 78, 86, 54, 21, 63, 18, 44, 20, 35, 43, 97, 91, 76, 10, 30, 85, 45, 71, 64, 1, 23, 17, 83, 24, 14, 60, 36, 6, 57, 40, 88, 65, 56, 79, 94, 67, 68, 46, 75, 38, 9, 19, 32, 41, 81, 27, 87, 90, 58, 59, 11, 16, 72, 73, 70, 39, 37, 84, 3, 92, 25, 55, 48, 62, 29, 51, 7, 33, 61, 98, 28, 89, 50, 4, 96, 53, 80, 8, 66, 34, 49, 52, 0, 74, 69, 2, 13]|[1, 1, 0, 1, 1, 0, 1, 1, 2, 1, 2, 2, 2, 1, 1, 0, 0, 1, 0, 2, 2, 0, 1, 2, 0, 1, 2, 2, 0, 0, 1, 2, 1, 2, 1, 0, 2, 0, 1, 1, 0, 1, 1, 1, 0, 2, 1, 1, 0, 0, 0, 0, 1, 1, 2, 1, 0, 2, 0, 2, 1, 0, 1, 2, 1, 2, 1, 1, 1, 1, 1, 1, 0, 1, 2, 0, 0, 0, 0, 1, 2, 1, 2, 0, 1, 0, 1, 2, 0, 0, 1, 2, 2, 0, 1, 0, 2, 1, 0, 0]|[0, 3, 2, 2, 4, 1, 2, 3, 2, 4, 1, 1, 2, 4, 4, 1, 1, 4, 2, 1, 1, 1, 1, 2, 1, 2, 1, 1, 2, 1, 3, 2, 3, 1, 4, 0, 1, 1, 0, 3, 2, 2, 2, 0, 1, 1, 0, 4, 0, 1, 2, 2, 1, 4, 0, 3, 1, 1, 1, 1, 3, 1, 1, 1, 3, 0, 4, 3, 1, 4, 1, 1, 0, 4, 1, 1, 2, 1, 1, 1, 1, 3, 1, 2, 1, 1, 4, 1, 2, 1, 3, 1, 1, 1, 1, 2, 1, 4, 2, 2]|[0, 2, 1, 1, 3, 0, 1, 3, 0, 0, 0, 0, 1, 0, 1, 0, 0, 3, 1, 0, 0, 0, 3, 1, 0, 2, 0, 0, 0, 1, 0, 0, 0, 0, 3, 0, 1, 0, 0, 2, 1, 1, 1, 0, 0, 0, 0, 2, 1, 0, 0, 0, 1, 3, 0, 0, 0, 0, 0, 0, 2, 0, 1, 0, 2, 1, 0, 0, 1, 1, 3, 1, 1, 3, 0, 0, 1, 0, 0, 2, 0, 0, 0, 1, 1, 0, 0, 0, 1, 0, 2, 0, 0, 1, 1, 0, 0, 2, 0, 0],731.2476204416437,56806.84376103422,93275.64763277225,false
30,G4_BALANCED,G4_BALANCED,[31, 11, 15, 82, 26, 9, 95, 32, 77, 68, 47, 5, 93, 78, 86, 54, 85, 63, 18, 44, 20, 49, 36, 14, 74, 50, 53, 17, 21, 45, 71, 64, 3, 23, 30, 83, 24, 41, 60, 52, 65, 27, 90, 70, 39, 87, 48, 69, 99, 4, 46, 1, 13, 58, 97, 59, 28, 75, 73, 37, 35, 79, 22, 66, 76, 42, 40, 80, 96, 6, 16, 61, 33, 7, 57, 34, 12, 67, 10, 98, 56, 88, 29, 94, 91, 38, 19, 92, 43, 84, 62, 72, 81, 25, 2, 55, 8, 89, 51, 0]|[2, 1, 1, 2, 1, 2, 1, 1, 1, 1, 1, 0, 2, 2, 1, 2, 0, 0, 0, 2, 2, 1, 0, 2, 0, 2, 2, 1, 0, 1, 1, 1, 0, 0, 1, 0, 2, 1, 2, 2, 0, 0, 1, 1, 0, 2, 0, 2, 1, 0, 0, 2, 0, 0, 2, 0, 1, 0, 0, 0, 2, 1, 0, 2, 2, 0, 2, 2, 0, 1, 2, 1, 1, 2, 0, 1, 1, 1, 1, 2, 2, 1, 1, 2, 1, 0, 1, 0, 1, 0, 1, 1, 1, 1, 2, 0, 1, 1, 1, 0]|[1, 3, 2, 0, 4, 1, 4, 4, 2, 4, 3, 2, 1, 0, 2, 1, 1, 1, 2, 1, 1, 3, 0, 1, 0, 1, 1, 4, 1, 4, 3, 2, 2, 0, 4, 1, 1, 4, 0, 1, 2, 1, 4, 4, 1, 1, 0, 2, 3, 2, 2, 1, 2, 1, 1, 2, 4, 2, 0, 2, 2, 3, 1, 0, 1, 2, 0, 1, 2, 4, 1, 3, 4, 1, 2, 4, 3, 3, 3, 1, 1, 4, 3, 1, 3, 2, 4, 2, 4, 2, 3, 4, 1, 4, 1, 2, 3, 4, 3, 2]|[1, 2, 1, 0, 3, 0, 1, 3, 0, 0, 2, 0, 1, 0, 1, 0, 0, 0, 1, 0, 0, 2, 0, 0, 1, 0, 0, 3, 0, 1, 0, 2, 0, 1, 3, 0, 1, 3, 1, 0, 0, 0, 1, 3, 0, 0, 1, 0, 2, 0, 0, 0, 0, 0, 1, 0, 1, 0, 1, 1, 0, 2, 0, 0, 0, 0, 0, 0, 0, 2, 0, 0, 1, 0, 0, 1, 0, 0, 3, 0, 0, 1, 0, 0, 0, 0, 3, 0, 2, 0, 0, 2, 1, 3, 0, 0, 0, 1, 0, 0],842.584363225019,52352.15155925938,107294.36147715819,false
30,G2_TEC,G2_TEC,[31, 22, 82, 15, 26, 9, 95, 42, 77, 68, 47, 5, 93, 78, 86, 54, 85, 63, 18, 44, 20, 49, 36, 14, 74, 50, 53, 17, 21, 28, 11, 64, 3, 23, 30, 83, 24, 41, 40, 52, 65, 27, 90, 70, 39, 87, 48, 69, 99, 4, 46, 1, 13, 58, 97, 59, 45, 8, 73, 37, 35, 79, 71, 66, 76, 32, 60, 80, 96, 6, 16, 61, 33, 7, 57, 34, 12, 67, 10, 98, 56, 88, 43, 75, 91, 38, 84, 92, 29, 19, 51, 72, 89, 25, 2, 81, 94, 55, 62, 0]|[2, 1, 2, 1, 1, 2, 1, 1, 1, 1, 1, 0, 2, 2, 1, 2, 0, 0, 0, 2, 2, 1, 0, 2, 0, 2, 2, 1, 0, 1, 1, 1, 0, 0, 1, 0, 2, 1, 2, 2, 0, 0, 1, 1, 0, 2, 0, 2, 1, 0, 0, 2, 0, 0, 2, 0, 1, 1, 0, 0, 2, 1, 1, 1, 2, 0, 2, 2, 0, 1, 2, 1, 1, 2, 0, 1, 2, 1, 1, 2, 2, 1, 1, 0, 1, 0, 0, 0, 1, 1, 1, 1, 1, 1, 2, 1, 2, 0, 1, 0]|[0, 3, 0, 3, 4, 1, 4, 4, 2, 4, 3, 2, 1, 0, 2, 1, 1, 1, 2, 1, 1, 3, 0, 1, 0, 1, 1, 4, 1, 4, 3, 2, 2, 0, 4, 1, 1, 4, 1, 1, 2, 1, 4, 4, 1, 1, 0, 2, 3, 2, 2, 1, 2, 1, 1, 2, 4, 3, 0, 2, 2, 3, 3, 1, 1, 2, 1, 1, 2, 4, 1, 3, 4, 1, 2, 4, 1, 3, 3, 1, 1, 4, 4, 2, 3, 2, 2, 2, 3, 4, 3, 4, 4, 4, 1, 4, 1, 2, 3, 2]|[0, 2, 0, 0, 3, 0, 1, 3, 0, 0, 2, 0, 1, 0, 1, 0, 0, 0, 1, 0, 0, 2, 0, 0, 1, 0, 0, 3, 0, 1, 0, 2, 0, 0, 3, 0, 1, 1, 0, 0, 0, 0, 1, 3, 0, 0, 1, 0, 2, 0, 0, 0, 0, 0, 1, 0, 1, 0, 1, 1, 0, 2, 0, 2, 0, 0, 0, 0, 0, 2, 0, 0, 1, 0, 0, 1, 0, 0, 3, 0, 0, 1, 2, 0, 0, 0, 0, 0, 3, 1, 0, 1, 1, 3, 0, 2, 0, 0, 0, 0],882.9438068981488,49811.41861925377,107369.92734801112,false
30,G3_TWC,G3_TWC,[31, 22, 82, 15, 26, 58, 77, 95, 42, 12, 47, 5, 93, 78, 98, 54, 85, 63, 18, 44, 20, 35, 43, 97, 91, 76, 10, 30, 21, 45, 71, 64, 1, 23, 17, 83, 24, 14, 60, 36, 6, 57, 94, 88, 65, 56, 79, 40, 67, 68, 46, 75, 38, 9, 19, 32, 81, 41, 27, 62, 87, 90, 99, 59, 11, 16, 72, 73, 70, 39, 37, 84, 3, 92, 25, 55, 28, 29, 51, 7, 33, 61, 86, 66, 89, 50, 48, 96, 53, 80, 4, 8, 34, 49, 52, 0, 13, 2, 69, 74]|[1, 1, 0, 1, 1, 1, 2, 2, 1, 1, 2, 2, 2, 1, 1, 0, 0, 1, 0, 2, 2, 0, 1, 2, 0, 1, 2, 2, 0, 0, 1, 2, 1, 2, 1, 0, 2, 0, 1, 1, 0, 1, 1, 1, 0, 2, 1, 1, 0, 0, 0, 0, 1, 1, 2, 1, 2, 0, 0, 0, 2, 1, 0, 1, 2, 1, 2, 1, 1, 1, 1, 1, 1, 0, 1, 1, 0, 0, 0, 1, 2, 1, 0, 2, 1, 0, 0, 0, 0, 0, 0, 1, 2, 0, 1, 0, 0, 0, 1, 2]|[4, 3, 2, 2, 0, 0, 2, 2, 2, 4, 1, 1, 2, 4, 4, 1, 2, 4, 2, 1, 1, 1, 1, 2, 1, 2, 1, 1, 1, 1, 3, 2, 3, 0, 4, 0, 1, 1, 0, 3, 2, 2, 4, 0, 1, 1, 0, 2, 0, 1, 2, 2, 1, 4, 0, 3, 2, 1, 1, 2, 1, 3, 1, 1, 1, 3, 0, 4, 3, 1, 4, 1, 1, 2, 4, 4, 2, 1, 1, 3, 1, 3, 1, 1, 1, 1, 1, 1, 2, 1, 2, 3, 1, 1, 1, 2, 2, 2, 3, 1]|[0, 2, 1, 1, 3, 3, 0, 0, 1, 0, 0, 0, 1, 0, 1, 0, 0, 3, 1, 0, 0, 0, 3, 1, 0, 2, 0, 0, 0, 1, 0, 0, 0, 0, 3, 0, 1, 0, 0, 2, 1, 1, 2, 0, 0, 0, 0, 1, 1, 0, 0, 0, 1, 3, 0, 0, 1, 0, 0, 1, 0, 2, 0, 1, 0, 2, 1, 0, 0, 1, 1, 3, 1, 1, 3, 3, 1, 0, 0, 2, 0, 0, 0, 0, 1, 0, 0, 0, 1, 0, 1, 2, 0, 1, 1, 0, 0, 0, 0, 0],802.1274951829081,57949.43073711903,89651.64312139984,false
30,G1_CMAX,G1_CMAX,[31, 22, 82, 15, 26, 99, 95, 42, 77, 12, 47, 5, 93, 78, 86, 54, 21, 63, 18, 44, 20, 35, 43, 97, 91, 76, 10, 30, 85, 45, 71, 64, 1, 23, 17, 83, 24, 14, 60, 36, 6, 57, 40, 88, 65, 56, 79, 94, 67, 68, 46, 75, 38, 9, 19, 32, 41, 81, 27, 87, 90, 58, 59, 11, 16, 72, 73, 70, 39, 37, 84, 3, 92, 25, 55, 48, 62, 29, 51, 7, 33, 61, 98, 28, 89, 50, 4, 96, 53, 80, 8, 66, 34, 49, 52, 0, 74, 69, 2, 13]|[1, 1, 0, 1, 1, 0, 1, 1, 2, 1, 2, 2, 2, 1, 1, 0, 0, 1, 0, 2, 2, 0, 1, 2, 0, 1, 2, 2, 0, 0, 1, 2, 1, 2, 1, 0, 2, 0, 1, 1, 0, 1, 1, 1, 0, 2, 1, 1, 0, 0, 0, 0, 1, 1, 2, 1, 0, 2, 0, 2, 1, 0, 1, 2, 1, 2, 1, 1, 1, 1, 1, 1, 0, 1, 2, 0, 0, 0, 0, 1, 2, 1, 2, 0, 1, 0, 1, 2, 0, 0, 1, 2, 2, 0, 1, 0, 2, 1, 0, 0]|[0, 3, 2, 2, 4, 1, 2, 3, 2, 4, 1, 1, 2, 4, 4, 1, 1, 4, 2, 1, 1, 1, 1, 2, 1, 2, 1, 1, 2, 1, 3, 2, 3, 1, 4, 0, 1, 1, 0, 3, 2, 2, 2, 0, 1, 1, 0, 4, 0, 1, 2, 2, 1, 4, 0, 3, 1, 1, 1, 1, 3, 1, 1, 1, 3, 0, 4, 3, 1, 4, 1, 1, 0, 4, 1, 1, 2, 1, 1, 1, 1, 3, 1, 2, 1, 1, 4, 1, 2, 1, 3, 1, 1, 1, 1, 2, 1, 4, 2, 2]|[0, 2, 1, 1, 3, 0, 1, 3, 0, 0, 0, 0, 1, 0, 1, 0, 0, 3, 1, 0, 0, 0, 3, 1, 0, 2, 0, 0, 0, 1, 0, 0, 0, 0, 3, 0, 1, 0, 0, 2, 1, 1, 1, 0, 0, 0, 0, 2, 1, 0, 0, 0, 1, 3, 0, 0, 0, 0, 0, 0, 2, 0, 1, 0, 2, 1, 0, 0, 1, 1, 3, 1, 1, 3, 0, 0, 1, 0, 0, 2, 0, 0, 0, 1, 1, 0, 0, 0, 1, 0, 2, 0, 0, 1, 1, 0, 0, 2, 0, 0],731.2476204416437,56806.84376103422,93275.64763277225,false
30,G4_BALANCED,G2_TEC,[31, 22, 82, 15, 26, 9, 95, 42, 77, 68, 47, 5, 93, 78, 86, 54, 85, 63, 18, 44, 20, 49, 36, 14, 74, 50, 53, 17, 21, 28, 11, 64, 3, 23, 30, 83, 24, 41, 40, 52, 65, 27, 90, 70, 39, 87, 48, 69, 99, 4, 46, 1, 13, 58, 97, 59, 45, 8, 73, 37, 35, 79, 71, 66, 76, 32, 60, 80, 96, 6, 16, 61, 33, 7, 57, 34, 12, 67, 10, 98, 56, 88, 43, 75, 91, 38, 72, 92, 29, 2, 51, 19, 89, 25, 84, 55, 62, 81, 94, 0]|[2, 1, 2, 1, 1, 2, 1, 1, 1, 1, 1, 0, 2, 2, 1, 2, 0, 0, 0, 2, 2, 1, 0, 2, 0, 2, 2, 1, 0, 1, 1, 1, 0, 0, 1, 0, 2, 1, 2, 2, 0, 0, 1, 1, 0, 2, 0, 2, 1, 0, 0, 2, 0, 0, 2, 0, 1, 1, 0, 0, 2, 1, 1, 1, 2, 0, 2, 2, 0, 1, 2, 1, 1, 2, 0, 1, 2, 1, 1, 2, 2, 1, 1, 0, 1, 0, 1, 0, 1, 2, 1, 1, 1, 1, 0, 0, 1, 1, 2, 0]|[0, 3, 0, 3, 4, 1, 4, 4, 2, 4, 3, 2, 1, 0, 2, 1, 1, 1, 2, 1, 1, 3, 0, 1, 0, 1, 1, 4, 1, 4, 3, 2, 2, 0, 4, 1, 1, 4, 1, 1, 2, 1, 4, 4, 1, 1, 0, 2, 3, 2, 2, 1, 2, 1, 1, 2, 4, 3, 0, 2, 2, 3, 3, 1, 1, 2, 1, 1, 2, 4, 1, 3, 4, 1, 2, 4, 1, 3, 3, 1, 1, 4, 4, 2, 3, 2, 4, 2, 3, 1, 3, 4, 4, 4, 2, 2, 3, 4, 1, 2]|[0, 2, 0, 0, 3, 0, 1, 3, 0, 0, 2, 0, 1, 0, 1, 0, 0, 0, 1, 0, 0, 2, 0, 0, 1, 0, 0, 3, 0, 1, 0, 2, 0, 0, 3, 0, 1, 3, 0, 0, 0, 0, 1, 3, 0, 0, 1, 0, 2, 0, 0, 0, 0, 0, 1, 0, 1, 0, 1, 1, 0, 2, 0, 2, 0, 0, 0, 0, 0, 2, 0, 0, 1, 0, 0, 1, 0, 0, 3, 0, 0, 1, 2, 0, 0, 0, 2, 0, 3, 0, 0, 1, 1, 3, 0, 0, 0, 1, 0, 0],884.1935202920454,49764.8659650317,107646.224108439,true
30,G2_TEC,G2_TEC,[31, 22, 82, 15, 26, 9, 95, 42, 77, 68, 47, 5, 93, 78, 86, 54, 85, 63, 18, 44, 20, 49, 36, 14, 74, 50, 53, 17, 21, 28, 11, 64, 3, 23, 30, 83, 24, 41, 40, 52, 65, 27, 90, 70, 39, 87, 48, 69, 99, 4, 46, 1, 13, 58, 97, 59, 45, 8, 73, 37, 35, 79, 71, 66, 76, 32, 60, 80, 96, 6, 16, 61, 33, 7, 57, 34, 12, 67, 10, 98, 56, 88, 43, 75, 91, 38, 84, 92, 29, 19, 51, 72, 89, 25, 2, 81, 94, 55, 62, 0]|[2, 1, 2, 1, 1, 2, 1, 1, 1, 1, 1, 0, 2, 2, 1, 2, 0, 0, 0, 2, 2, 1, 0, 2, 0, 2, 2, 1, 0, 1, 1, 1, 0, 0, 1, 0, 2, 1, 2, 2, 0, 0, 1, 1, 0, 2, 0, 2, 1, 0, 0, 2, 0, 0, 2, 0, 1, 1, 0, 0, 2, 1, 1, 1, 2, 0, 2, 2, 0, 1, 2, 1, 1, 2, 0, 1, 2, 1, 1, 2, 2, 1, 1, 0, 1, 0, 0, 0, 1, 1, 1, 1, 1, 1, 2, 1, 2, 0, 1, 0]|[0, 3, 0, 3, 4, 1, 4, 4, 2, 4, 3, 2, 1, 0, 2, 1, 1, 1, 2, 1, 1, 3, 0, 1, 0, 1, 1, 4, 1, 4, 3, 2, 2, 0, 4, 1, 1, 4, 1, 1, 2, 1, 4, 4, 1, 1, 0, 2, 3, 2, 2, 1, 2, 1, 1, 2, 4, 3, 0, 2, 2, 3, 3, 1, 1, 2, 1, 1, 2, 4, 1, 3, 4, 1, 2, 4, 1, 3, 3, 1, 1, 4, 4, 2, 3, 2, 2, 2, 3, 4, 3, 4, 4, 4, 1, 4, 1, 2, 3, 2]|[0, 2, 0, 0, 3, 0, 1, 3, 0, 0, 2, 0, 1, 0, 1, 0, 0, 0, 1, 0, 0, 2, 0, 0, 1, 0, 0, 3, 0, 1, 0, 2, 0, 0, 3, 0, 1, 1, 0, 0, 0, 0, 1, 3, 0, 0, 1, 0, 2, 0, 0, 0, 0, 0, 1, 0, 1, 0, 1, 1, 0, 2, 0, 2, 0, 0, 0, 0, 0, 2, 0, 0, 1, 0, 0, 1, 0, 0, 3, 0, 0, 1, 2, 0, 0, 0, 0, 0, 3, 1, 0, 1, 1, 3, 0, 2, 0, 0, 0, 0],882.9438068981488,49811.41861925377,107369.92734801112,false
30,G3_TWC,G3_TWC,[31, 22, 82, 15, 26, 58, 77, 95, 42, 12, 47, 5, 93, 78, 98, 54, 85, 63, 18, 44, 20, 35, 43, 97, 91, 76, 10, 30, 21, 45, 71, 64, 1, 23, 17, 83, 24, 14, 60, 36, 6, 57, 94, 88, 65, 56, 79, 40, 67, 68, 46, 75, 38, 9, 19, 32, 81, 41, 27, 62, 87, 90, 99, 59, 11, 16, 72, 73, 70, 39, 37, 84, 3, 92, 25, 55, 28, 29, 51, 7, 33, 61, 86, 66, 89, 50, 48, 96, 53, 80, 4, 8, 34, 49, 52, 0, 13, 2, 69, 74]|[1, 1, 0, 1, 1, 1, 2, 2, 1, 1, 2, 2, 2, 1, 1, 0, 0, 1, 0, 2, 2, 0, 1, 2, 0, 1, 2, 2, 0, 0, 1, 2, 1, 2, 1, 0, 2, 0, 1, 1, 0, 1, 1, 1, 0, 2, 1, 1, 0, 0, 0, 0, 1, 1, 2, 1, 2, 0, 0, 0, 2, 1, 0, 1, 2, 1, 2, 1, 1, 1, 1, 1, 1, 0, 1, 1, 0, 0, 0, 1, 2, 1, 0, 2, 1, 0, 0, 0, 0, 0, 0, 1, 2, 0, 1, 0, 0, 0, 1, 2]|[4, 3, 2, 2, 0, 0, 2, 2, 2, 4, 1, 1, 2, 4, 4, 1, 2, 4, 2, 1, 1, 1, 1, 2, 1, 2, 1, 1, 1, 1, 3, 2, 3, 0, 4, 0, 1, 1, 0, 3, 2, 2, 4, 0, 1, 1, 0, 2, 0, 1, 2, 2, 1, 4, 0, 3, 2, 1, 1, 2, 1, 3, 1, 1, 1, 3, 0, 4, 3, 1, 4, 1, 1, 2, 4, 4, 2, 1, 1, 3, 1, 3, 1, 1, 1, 1, 1, 1, 2, 1, 2, 3, 1, 1, 1, 2, 2, 2, 3, 1]|[0, 2, 1, 1, 3, 3, 0, 0, 1, 0, 0, 0, 1, 0, 1, 0, 0, 3, 1, 0, 0, 0, 3, 1, 0, 2, 0, 0, 0, 1, 0, 0, 0, 0, 3, 0, 1, 0, 0, 2, 1, 1, 2, 0, 0, 0, 0, 1, 1, 0, 0, 0, 1, 3, 0, 0, 1, 0, 0, 1, 0, 2, 0, 1, 0, 2, 1, 0, 0, 1, 1, 3, 1, 1, 3, 3, 1, 0, 0, 2, 0, 0, 0, 0, 1, 0, 0, 0, 1, 0, 1, 2, 0, 1, 1, 0, 0, 0, 0, 0],802.1274951829081,57949.43073711903,89651.64312139984,false
30,G1_CMAX,G1_CMAX,[31, 22, 82, 15, 26, 99, 95, 42, 77, 12, 47, 5, 93, 78, 86, 54, 21, 63, 18, 44, 20, 35, 43, 97, 91, 76, 10, 30, 85, 45, 71, 64, 1, 23, 17, 83, 24, 14, 60, 36, 6, 57, 40, 88, 65, 56, 79, 94, 67, 68, 46, 75, 38, 9, 19, 32, 41, 81, 27, 87, 90, 58, 59, 11, 16, 72, 73, 70, 39, 37, 84, 3, 92, 25, 55, 48, 62, 29, 51, 96, 33, 61, 98, 28, 89, 50, 4, 7, 53, 80, 52, 66, 34, 49, 8, 0, 74, 69, 2, 13]|[1, 1, 0, 1, 1, 0, 1, 1, 2, 1, 2, 2, 2, 1, 1, 0, 0, 1, 0, 2, 2, 0, 1, 2, 0, 1, 2, 2, 0, 0, 1, 2, 1, 2, 1, 0, 2, 0, 1, 1, 0, 1, 1, 1, 0, 2, 1, 1, 0, 0, 0, 0, 1, 1, 2, 1, 0, 2, 0, 2, 1, 0, 1, 2, 1, 2, 1, 1, 1, 1, 1, 1, 0, 1, 2, 0, 0, 0, 0, 2, 2, 1, 2, 0, 1, 0, 1, 2, 0, 0, 1, 2, 2, 0, 1, 0, 2, 1, 0, 0]|[0, 3, 2, 2, 4, 1, 2, 3, 2, 4, 1, 1, 2, 4, 4, 1, 1, 4, 2, 1, 1, 1, 1, 2, 1, 2, 1, 1, 2, 1, 3, 2, 3, 1, 4, 0, 1, 1, 0, 3, 2, 2, 2, 0, 1, 1, 0, 4, 0, 1, 2, 2, 1, 4, 0, 3, 1, 1, 1, 1, 3, 1, 1, 1, 3, 0, 4, 3, 1, 4, 1, 1, 0, 4, 1, 1, 2, 1, 1, 1, 1, 3, 1, 2, 1, 1, 4, 1, 2, 1, 1, 1, 1, 1, 3, 2, 1, 4, 2, 2]|[0, 2, 1, 1, 3, 0, 1, 3, 0, 0, 0, 0, 1, 0, 1, 0, 0, 3, 1, 0, 0, 0, 3, 1, 0, 2, 0, 0, 0, 1, 0, 0, 0, 0, 3, 0, 1, 0, 0, 2, 1, 1, 1, 0, 0, 0, 0, 2, 1, 0, 0, 0, 1, 3, 0, 0, 0, 0, 0, 0, 2, 0, 1, 0, 2, 1, 0, 0, 1, 1, 3, 1, 1, 3, 0, 0, 1, 0, 0, 0, 0, 0, 0, 1, 1, 0, 0, 0, 1, 0, 1, 0, 0, 1, 2, 0, 0, 2, 0, 0],731.2476204416437,56784.74762275103,92889.2977037672,false
30,G4_BALANCED,G1_CMAX,[31, 11, 82, 15, 26, 58, 95, 42, 77, 12, 47, 5, 93, 78, 86, 54, 85, 63, 18, 44, 20, 35, 43, 97, 91, 76, 10, 30, 21, 45, 71, 64, 1, 23, 17, 83, 24, 14, 60, 36, 6, 57, 40, 88, 65, 56, 79, 94, 67, 68, 46, 75, 38, 9, 19, 32, 22, 81, 27, 87, 90, 99, 59, 62, 41, 16, 73, 70, 39, 37, 84, 3, 72, 92, 25, 34, 29, 55, 51, 7, 33, 61, 96, 48, 89, 50, 8, 98, 53, 80, 4, 66, 28, 49, 52, 0, 13, 2, 69, 74]|[1, 1, 0, 1, 1, 0, 1, 2, 2, 1, 2, 2, 2, 1, 1, 0, 0, 1, 0, 2, 2, 0, 1, 2, 0, 1, 2, 2, 0, 0, 1, 2, 1, 2, 1, 0, 2, 0, 1, 1, 0, 1, 1, 1, 0, 2, 1, 1, 0, 0, 0, 0, 1, 1, 2, 1, 0, 2, 0, 2, 1, 0, 1, 2, 2, 1, 1, 1, 1, 1, 1, 1, 2, 0, 1, 2, 0, 1, 0, 1, 2, 1, 2, 0, 1, 0, 1, 2, 0, 0, 1, 2, 0, 0, 1, 0, 0, 0, 1, 2]|[4, 3, 2, 2, 4, 1, 2, 2, 2, 4, 1, 1, 2, 4, 4, 1, 2, 4, 2, 1, 1, 1, 1, 2, 1, 2, 1, 1, 2, 1, 3, 2, 3, 1, 4, 0, 1, 1, 1, 3, 2, 2, 2, 0, 1, 1, 0, 4, 0, 1, 2, 2, 1, 4, 0, 3, 1, 2, 1, 1, 3, 1, 1, 1, 1, 3, 4, 3, 1, 4, 1, 1, 1, 0, 4, 1, 1, 4, 1, 1, 1, 3, 1, 1, 1, 1, 3, 1, 2, 1, 4, 1, 2, 1, 1, 2, 2, 2, 4, 1]|[0, 2, 1, 1, 3, 0, 1, 0, 0, 0, 0, 0, 1, 0, 1, 0, 0, 3, 1, 0, 0, 0, 3, 1, 0, 2, 0, 0, 0, 1, 0, 0, 0, 0, 3, 0, 1, 0, 0, 2, 1, 1, 1, 0, 0, 0, 0, 2, 1, 0, 0, 0, 1, 3, 0, 0, 0, 1, 0, 0, 2, 0, 1, 0, 0, 2, 0, 0, 1, 1, 3, 1, 0, 1, 3, 0, 0, 3, 0, 2, 0, 0, 0, 0, 1, 0, 2, 0, 1, 0, 0, 0, 1, 1, 1, 0, 0, 0, 2, 0],781.468167390965,55385.91204651697,96181.17954732271,true
30,G2_TEC,G2_TEC,[31, 22, 82, 15, 26, 9, 95, 42, 77, 68, 47, 5, 93, 78, 86, 54, 85, 63, 18, 44, 20, 49, 36, 14, 74, 50, 53, 17, 21, 28, 11, 64, 3, 23, 30, 83, 24, 41, 40, 52, 65, 27, 90, 70, 39, 87, 48, 69, 99, 4, 46, 1, 13, 58, 97, 59, 45, 8, 73, 37, 35, 79, 71, 66, 76, 32, 60, 80, 96, 6, 16, 61, 33, 7, 57, 34, 12, 67, 10, 98, 56, 88, 43, 75, 91, 38, 84, 92, 29, 19, 51, 72, 89, 25, 2, 81, 94, 55, 62, 0]|[2, 1, 2, 1, 1, 2, 1, 1, 1, 1, 1, 0, 2, 2, 1, 2, 0, 0, 0, 2, 2, 1, 0, 2, 0, 2, 2, 1, 0, 1, 1, 1, 0, 0, 1, 0, 2, 1, 2, 2, 0, 0, 1, 1, 0, 2, 0, 2, 1, 0, 0, 2, 0, 0, 2, 0, 1, 1, 0, 0, 2, 1, 1, 1, 2, 0, 2, 2, 0, 1, 2, 1, 1, 2, 0, 1, 2, 1, 1, 2, 2, 1, 1, 0, 1, 0, 0, 0, 1, 1, 1, 1, 1, 1, 2, 1, 2, 0, 1, 0]|[0, 3, 0, 3, 4, 1, 4, 4, 2, 4, 3, 2, 1, 0, 2, 1, 1, 1, 2, 1, 1, 3, 0, 1, 0, 1, 1, 4, 1, 4, 3, 2, 2, 0, 4, 1, 1, 4, 1, 1, 2, 1, 4, 4, 1, 1, 0, 2, 3, 2, 2, 1, 2, 1, 1, 2, 4, 3, 0, 2, 2, 3, 3, 1, 1, 2, 1, 1, 2, 4, 1, 3, 4, 1, 2, 4, 1, 3, 3, 1, 1, 4, 4, 2, 3, 2, 2, 2, 3, 4, 3, 4, 4, 4, 1, 4, 1, 2, 3, 2]|[0, 2, 0, 0, 3, 0, 1, 3, 0, 0, 2, 0, 1, 0, 1, 0, 0, 0, 1, 0, 0, 2, 0, 0, 1, 0, 0, 3, 0, 1, 0, 2, 0, 0, 3, 0, 1, 1, 0, 0, 0, 0, 1, 3, 0, 0, 1, 0, 2, 0, 0, 0, 0, 0, 1, 0, 1, 0, 1, 1, 0, 2, 0, 2, 0, 0, 0, 0, 0, 2, 0, 0, 1, 0, 0, 1, 0, 0, 3, 0, 0, 1, 2, 0, 0, 0, 0, 0, 3, 1, 0, 1, 1, 3, 0, 2, 0, 0, 0, 0],882.9438068981488,49811.41861925377,107369.92734801112,false
30,G3_TWC,G3_TWC,[31, 22, 82, 15, 26, 58, 77, 95, 42, 12, 47, 5, 93, 78, 98, 54, 85, 63, 18, 44, 20, 35, 43, 97, 91, 76, 10, 30, 21, 45, 71, 64, 1, 23, 17, 83, 24, 14, 60, 36, 6, 57, 94, 88, 65, 56, 79, 40, 67, 68, 46, 75, 38, 9, 19, 32, 81, 41, 27, 62, 87, 90, 99, 59, 11, 16, 72, 73, 70, 39, 37, 84, 3, 92, 25, 55, 28, 29, 51, 7, 33, 61, 86, 66, 89, 50, 48, 96, 53, 80, 4, 8, 34, 49, 52, 0, 13, 2, 69, 74]|[1, 1, 0, 1, 1, 1, 2, 2, 1, 1, 2, 2, 2, 1, 1, 0, 0, 1, 0, 2, 2, 0, 1, 2, 0, 1, 2, 2, 0, 0, 1, 2, 1, 2, 1, 0, 2, 0, 1, 1, 0, 1, 1, 1, 0, 2, 1, 1, 0, 0, 0, 0, 1, 1, 2, 1, 2, 0, 0, 0, 2, 1, 0, 1, 2, 1, 2, 1, 1, 1, 1, 1, 1, 0, 1, 1, 0, 0, 0, 1, 2, 1, 0, 2, 1, 0, 0, 0, 0, 0, 0, 1, 2, 0, 1, 0, 0, 0, 1, 2]|[4, 3, 2, 2, 0, 0, 2, 2, 2, 4, 1, 1, 2, 4, 4, 1, 2, 4, 2, 1, 1, 1, 1, 2, 1, 2, 1, 1, 1, 1, 3, 2, 3, 0, 4, 0, 1, 1, 0, 3, 2, 2, 4, 0, 1, 1, 0, 2, 0, 1, 2, 2, 1, 4, 0, 3, 2, 1, 1, 2, 1, 3, 1, 1, 1, 3, 0, 4, 3, 1, 4, 1, 1, 2, 4, 4, 2, 1, 1, 3, 1, 3, 1, 1, 1, 1, 1, 1, 2, 1, 2, 3, 1, 1, 1, 2, 2, 2, 3, 1]|[0, 2, 1, 1, 3, 3, 0, 0, 1, 0, 0, 0, 1, 0, 1, 0, 0, 3, 1, 0, 0, 0, 3, 1, 0, 2, 0, 0, 0, 1, 0, 0, 0, 0, 3, 0, 1, 0, 0, 2, 1, 1, 2, 0, 0, 0, 0, 1, 1, 0, 0, 0, 1, 3, 0, 0, 1, 0, 0, 1, 0, 2, 0, 1, 0, 2, 1, 0, 0, 1, 1, 3, 1, 1, 3, 3, 1, 0, 0, 2, 0, 0, 0, 0, 1, 0, 0, 0, 1, 0, 1, 2, 0, 1, 1, 0, 0, 0, 0, 0],802.1274951829081,57949.43073711903,89651.64312139984,false
30,G1_CMAX,G1_CMAX,[31, 22, 82, 15, 26, 99, 95, 42, 77, 12, 47, 5, 93, 78, 86, 54, 21, 63, 18, 44, 20, 35, 43, 97, 91, 76, 10, 30, 85, 45, 71, 64, 1, 23, 17, 83, 24, 14, 60, 36, 6, 57, 40, 88, 65, 56, 79, 94, 67, 68, 46, 75, 38, 9, 19, 32, 41, 81, 27, 87, 90, 58, 59, 11, 16, 72, 73, 70, 39, 37, 84, 3, 92, 25, 55, 48, 62, 29, 51, 96, 33, 61, 98, 28, 89, 50, 4, 7, 53, 80, 52, 66, 34, 49, 8, 0, 74, 69, 2, 13]|[1, 1, 0, 1, 1, 0, 1, 1, 2, 1, 2, 2, 2, 1, 1, 0, 0, 1, 0, 2, 2, 0, 1, 2, 0, 1, 2, 2, 0, 0, 1, 2, 1, 2, 1, 0, 2, 0, 1, 1, 0, 1, 1, 1, 0, 2, 1, 1, 0, 0, 0, 0, 1, 1, 2, 1, 0, 2, 0, 2, 1, 0, 1, 2, 1, 2, 1, 1, 1, 1, 1, 1, 0, 1, 2, 0, 0, 0, 0, 2, 2, 1, 2, 0, 1, 0, 1, 2, 0, 0, 1, 2, 2, 0, 1, 0, 2, 1, 0, 0]|[0, 3, 2, 2, 4, 1, 2, 3, 2, 4, 1, 1, 2, 4, 4, 1, 1, 4, 2, 1, 1, 1, 1, 2, 1, 2, 1, 1, 2, 1, 3, 2, 3, 1, 4, 0, 1, 1, 0, 3, 2, 2, 2, 0, 1, 1, 0, 4, 0, 1, 2, 2, 1, 4, 0, 3, 1, 1, 1, 1, 3, 1, 1, 1, 3, 0, 4, 3, 1, 4, 1, 1, 0, 4, 1, 1, 2, 1, 1, 1, 1, 3, 1, 2, 1, 1, 4, 1, 2, 1, 1, 1, 1, 1, 3, 2, 1, 4, 2, 2]|[0, 2, 1, 1, 3, 0, 1, 3, 0, 0, 0, 0, 1, 0, 1, 0, 0, 3, 1, 0, 0, 0, 3, 1, 0, 2, 0, 0, 0, 1, 0, 0, 0, 0, 3, 0, 1, 0, 0, 2, 1, 1, 1, 0, 0, 0, 0, 2, 1, 0, 0, 0, 1, 3, 0, 0, 0, 0, 0, 0, 2, 0, 1, 0, 2, 1, 0, 0, 1, 1, 3, 1, 1, 3, 0, 0, 1, 0, 0, 0, 0, 0, 0, 1, 1, 0, 0, 0, 1, 0, 1, 0, 0, 1, 2, 0, 0, 2, 0, 0],731.2476204416437,56784.74762275103,92889.2977037672,false
30,G4_BALANCED,G4_BALANCED,[31, 22, 82, 15, 26, 58, 95, 42, 77, 12, 47, 5, 93, 78, 86, 54, 85, 63, 18, 44, 20, 35, 43, 97, 66, 76, 79, 30, 21, 45, 71, 64, 1, 23, 17, 83, 24, 14, 60, 36, 6, 57, 40, 88, 65, 56, 10, 94, 67, 68, 46, 75, 38, 9, 19, 32, 41, 81, 27, 62, 87, 90, 99, 59, 11, 16, 72, 73, 69, 39, 37, 84, 3, 92, 25, 55, 29, 28, 51, 7, 33, 61, 98, 48, 89, 50, 4, 96, 53, 80, 91, 8, 34, 2, 52, 0, 13, 70, 49, 74]|[1, 1, 0, 1, 1, 0, 1, 2, 2, 1, 2, 2, 2, 1, 1, 0, 0, 1, 0, 2, 2, 0, 1, 2, 2, 1, 2, 2, 0, 0, 1, 2, 1, 2, 1, 0, 2, 0, 1, 1, 0, 1, 1, 1, 0, 2, 2, 1, 0, 0, 0, 0, 1, 1, 2, 1, 0, 2, 0, 0, 2, 1, 0, 1, 2, 1, 2, 1, 1, 1, 1, 1, 1, 0, 1, 2, 0, 0, 0, 1, 0, 1, 2, 0, 1, 0, 1, 2, 0, 2, 0, 0, 2, 0, 1, 0, 0, 1, 0, 2]|[4, 3, 2, 2, 4, 1, 2, 2, 2, 4, 1, 1, 2, 4, 4, 1, 2, 4, 2, 1, 1, 1, 1, 2, 1, 2, 1, 1, 1, 1, 3, 1, 3, 1, 4, 0, 1, 1, 0, 3, 2, 2, 2, 0, 1, 1, 1, 4, 0, 1, 2, 2, 1, 4, 0, 3, 1, 1, 1, 2, 1, 3, 1, 1, 1, 3, 0, 4, 3, 1, 4, 1, 1, 0, 4, 1, 1, 2, 1, 1, 1, 3, 1, 1, 1, 1, 4, 1, 2, 1, 1, 1, 1, 2, 1, 2, 2, 3, 1, 1]|[0, 2, 1, 1, 3, 0, 1, 0, 0, 0, 0, 0, 1, 0, 1, 0, 0, 3, 1, 0, 0, 0, 3, 1, 0, 2, 0, 0, 0, 0, 0, 0, 0, 0, 3, 0, 1, 0, 0, 2, 1, 1, 1, 0, 0, 0, 0, 2, 1, 0, 0, 0, 1, 3, 0, 0, 0, 0, 0, 1, 0, 2, 0, 1, 0, 2, 1, 0, 0, 1, 1, 3, 1, 1, 3, 0, 0, 1, 0, 2, 0, 0, 0, 0, 1, 0, 0, 0, 1, 0, 0, 0, 0, 0, 1, 0, 0, 0, 1, 0],791.415243510269,55303.85816333782,96750.39584222315,false
30,G2_TEC,G2_TEC,[31, 22, 82, 15, 26, 9, 95, 42, 77, 68, 47, 5, 93, 78, 86, 54, 85, 63, 18, 44, 20, 49, 36, 14, 74, 50, 53, 17, 21, 28, 11, 64, 3, 23, 30, 83, 24, 41, 40, 52, 65, 27, 90, 70, 39, 87, 48, 69, 99, 4, 46, 1, 13, 58, 97, 59, 45, 8, 73, 37, 35, 79, 71, 66, 76, 32, 60, 80, 96, 6, 16, 61, 33, 7, 57, 34, 12, 67, 10, 98, 56, 88, 43, 75, 91, 38, 84, 92, 29, 19, 51, 72, 89, 25, 2, 81, 94, 55, 62, 0]|[2, 1, 2, 1, 1, 2, 1, 1, 1, 1, 1, 0, 2, 2, 1, 2, 0, 0, 0, 2, 2, 1, 0, 2, 0, 2, 2, 1, 0, 1, 1, 1, 0, 0, 1, 0, 2, 1, 2, 2, 0, 0, 1, 1, 0, 2, 0, 2, 1, 0, 0, 2, 0, 0, 2, 0, 1, 1, 0, 0, 2, 1, 1, 1, 2, 0, 2, 2, 0, 1, 2, 1, 1, 2, 0, 1, 2, 1, 1, 2, 2, 1, 1, 0, 1, 0, 0, 0, 1, 1, 1, 1, 1, 1, 2, 1, 2, 0, 1, 0]|[0, 3, 0, 3, 4, 1, 4, 4, 2, 4, 3, 2, 1, 0, 2, 1, 1, 1, 2, 1, 1, 3, 0, 1, 0, 1, 1, 4, 1, 4, 3, 2, 2, 0, 4, 1, 1, 4, 1, 1, 2, 1, 4, 4, 1, 1, 0, 2, 3, 2, 2, 1, 2, 1, 1, 2, 4, 3, 0, 2, 2, 3, 3, 1, 1, 2, 1, 1, 2, 4, 1, 3, 4, 1, 2, 4, 1, 3, 3, 1, 1, 4, 4, 2, 3, 2, 2, 2, 3, 4, 3, 4, 4, 4, 1, 4, 1, 2, 3, 2]|[0, 2, 0, 0, 3, 0, 1, 3, 0, 0, 2, 0, 1, 0, 1, 0, 0, 0, 1, 0, 0, 2, 0, 0, 1, 0, 0, 3, 0, 1, 0, 2, 0, 0, 3, 0, 1, 1, 0, 0, 0, 0, 1, 3, 0, 0, 1, 0, 2, 0, 0, 0, 0, 0, 1, 0, 1, 0, 1, 1, 0, 2, 0, 2, 0, 0, 0, 0, 0, 2, 0, 0, 1, 0, 0, 1, 0, 0, 3, 0, 0, 1, 2, 0, 0, 0, 0, 0, 3, 1, 0, 1, 1, 3, 0, 2, 0, 0, 0, 0],882.9438068981488,49811.41861925377,107369.92734801112,false
30,G3_TWC,G3_TWC,[31, 22, 82, 15, 26, 58, 77, 95, 42, 12, 47, 5, 93, 78, 98, 54, 85, 63, 18, 44, 20, 35, 43, 97, 91, 76, 10, 30, 21, 45, 71, 64, 1, 23, 17, 83, 24, 14, 60, 36, 6, 57, 94, 88, 65, 56, 79, 40, 67, 68, 46, 75, 38, 9, 19, 32, 81, 41, 27, 62, 87, 90, 99, 59, 11, 16, 72, 73, 70, 39, 37, 84, 3, 92, 25, 55, 28, 29, 51, 7, 33, 61, 86, 66, 89, 50, 48, 96, 53, 80, 4, 8, 34, 49, 52, 0, 13, 2, 69, 74]|[1, 1, 0, 1, 1, 1, 2, 2, 1, 1, 2, 2, 2, 1, 1, 0, 0, 1, 0, 2, 2, 0, 1, 2, 0, 1, 2, 2, 0, 0, 1, 2, 1, 2, 1, 0, 2, 0, 1, 1, 0, 1, 1, 1, 0, 2, 1, 1, 0, 0, 0, 0, 1, 1, 2, 1, 2, 0, 0, 0, 2, 1, 0, 1, 2, 1, 2, 1, 1, 1, 1, 1, 1, 0, 1, 1, 0, 0, 0, 1, 2, 1, 0, 2, 1, 0, 0, 0, 0, 0, 0, 1, 2, 0, 1, 0, 0, 0, 1, 2]|[4, 3, 2, 2, 0, 0, 2, 2, 2, 4, 1, 1, 2, 4, 4, 1, 2, 4, 2, 1, 1, 1, 1, 2, 1, 2, 1, 1, 1, 1, 3, 2, 3, 0, 4, 0, 1, 1, 0, 3, 2, 2, 4, 0, 1, 1, 0, 2, 0, 1, 2, 2, 1, 4, 0, 3, 2, 1, 1, 2, 1, 3, 1, 1, 1, 3, 0, 4, 3, 1, 4, 1, 1, 2, 4, 4, 2, 1, 1, 3, 1, 3, 1, 1, 1, 1, 1, 1, 2, 1, 2, 3, 1, 1, 1, 2, 2, 2, 3, 1]|[0, 2, 1, 1, 3, 3, 0, 0, 1, 0, 0, 0, 1, 0, 1, 0, 0, 3, 1, 0, 0, 0, 3, 1, 0, 2, 0, 0, 0, 1, 0, 0, 0, 0, 3, 0, 1, 0, 0, 2, 1, 1, 2, 0, 0, 0, 0, 1, 1, 0, 0, 0, 1, 3, 0, 0, 1, 0, 0, 1, 0, 2, 0, 1, 0, 2, 1, 0, 0, 1, 1, 3, 1, 1, 3, 3, 1, 0, 0, 2, 0, 0, 0, 0, 1, 0, 0, 0, 1, 0, 1, 2, 0, 1, 1, 0, 0, 0, 0, 0],802.1274951829081,57949.43073711903,89651.64312139984,false
30,G1_CMAX,G1_CMAX,[31, 22, 82, 15, 26, 99, 95, 42, 77, 12, 47, 5, 93, 78, 86, 54, 21, 63, 18, 44, 20, 35, 43, 97, 91, 76, 10, 30, 85, 45, 71, 64, 1, 23, 17, 83, 24, 14, 60, 36, 6, 57, 40, 88, 65, 56, 79, 94, 67, 68, 46, 75, 38, 9, 19, 32, 41, 81, 27, 87, 90, 58, 59, 11, 16, 72, 73, 70, 39, 37, 84, 3, 92, 25, 55, 48, 62, 29, 51, 96, 33, 61, 98, 28, 89, 50, 4, 7, 53, 80, 52, 66, 34, 49, 8, 0, 74, 69, 2, 13]|[1, 1, 0, 1, 1, 0, 1, 1, 2, 1, 2, 2, 2, 1, 1, 0, 0, 1, 0, 2, 2, 0, 1, 2, 0, 1, 2, 2, 0, 0, 1, 2, 1, 2, 1, 0, 2, 0, 1, 1, 0, 1, 1, 1, 0, 2, 1, 1, 0, 0, 0, 0, 1, 1, 2, 1, 0, 2, 0, 2, 1, 0, 1, 2, 1, 2, 1, 1, 1, 1, 1, 1, 0, 1, 2, 0, 0, 0, 0, 2, 2, 1, 2, 0, 1, 0, 1, 2, 0, 0, 1, 2, 2, 0, 1, 0, 2, 1, 0, 0]|[0, 3, 2, 2, 4, 1, 2, 3, 2, 4, 1, 1, 2, 4, 4, 1, 1, 4, 2, 1, 1, 1, 1, 2, 1, 2, 1, 1, 2, 1, 3, 2, 3, 1, 4, 0, 1, 1, 0, 3, 2, 2, 2, 0, 1, 1, 0, 4, 0, 1, 2, 2, 1, 4, 0, 3, 1, 1, 1, 1, 3, 1, 1, 1, 3, 0, 4, 3, 1, 4, 1, 1, 0, 4, 1, 1, 2, 1, 1, 1, 1, 3, 1, 2, 1, 1, 4, 1, 2, 1, 1, 1, 1, 1, 3, 2, 1, 4, 2, 2]|[0, 2, 1, 1, 3, 0, 1, 3, 0, 0, 0, 0, 1, 0, 1, 0, 0, 3, 1, 0, 0, 0, 3, 1, 0, 2, 0, 0, 0, 1, 0, 0, 0, 0, 3, 0, 1, 0, 0, 2, 1, 1, 1, 0, 0, 0, 0, 2, 1, 0, 0, 0, 1, 3, 0, 0, 0, 0, 0, 0, 2, 0, 1, 0, 2, 1, 0, 0, 1, 1, 3, 1, 1, 3, 0, 0, 1, 0, 0, 0, 0, 0, 0, 1, 1, 0, 0, 0, 1, 0, 1, 0, 0, 1, 2, 0, 0, 2, 0, 0],731.2476204416437,56784.74762275103,92889.2977037672,false
30,G4_BALANCED,G3_TWC,[31, 22, 82, 15, 26, 58, 95, 42, 77, 12, 47, 5, 93, 78, 98, 54, 85, 63, 18, 44, 20, 35, 43, 97, 91, 76, 68, 30, 21, 45, 71, 64, 1, 23, 17, 83, 24, 14, 60, 36, 6, 57, 94, 88, 65, 56, 79, 40, 67, 10, 46, 75, 38, 9, 19, 32, 81, 41, 27, 62, 87, 90, 99, 59, 11, 16, 72, 73, 70, 39, 37, 84, 3, 92, 25, 55, 28, 29, 51, 7, 33, 61, 86, 66, 89, 50, 48, 80, 53, 96, 8, 4, 34, 0, 52, 2, 13, 49, 69, 74]|[1, 1, 0, 1, 1, 1, 2, 1, 2, 1, 2, 2, 2, 1, 1, 0, 0, 1, 0, 2, 2, 0, 1, 2, 0, 1, 2, 2, 0, 0, 1, 2, 1, 2, 1, 0, 2, 0, 1, 1, 0, 1, 1, 1, 0, 2, 1, 1, 0, 0, 0, 0, 1, 1, 2, 1, 2, 0, 0, 0, 2, 1, 0, 1, 2, 1, 2, 1, 1, 1, 1, 1, 1, 0, 1, 1, 0, 0, 0, 1, 2, 1, 0, 2, 1, 0, 2, 0, 0, 0, 1, 0, 2, 0, 1, 0, 0, 0, 1, 2]|[4, 3, 2, 2, 0, 0, 2, 2, 2, 4, 1, 1, 2, 4, 4, 1, 2, 4, 2, 1, 1, 1, 1, 2, 1, 2, 1, 1, 1, 1, 3, 2, 3, 0, 4, 0, 1, 1, 0, 3, 2, 2, 4, 0, 1, 1, 0, 2, 0, 1, 2, 1, 1, 4, 0, 3, 2, 1, 1, 1, 1, 3, 1, 1, 1, 3, 0, 4, 3, 1, 4, 1, 1, 2, 4, 4, 2, 1, 1, 3, 1, 3, 1, 1, 1, 1, 1, 1, 2, 1, 3, 2, 1, 2, 1, 2, 2, 1, 3, 1]|[0, 2, 1, 1, 3, 3, 0, 1, 0, 0, 0, 0, 1, 0, 1, 0, 0, 3, 1, 0, 0, 0, 3, 1, 0, 2, 0, 0, 0, 1, 0, 0, 0, 0, 3, 0, 1, 0, 0, 2, 1, 1, 2, 0, 0, 0, 0, 1, 1, 0, 0, 0, 1, 3, 0, 0, 1, 0, 0, 0, 0, 2, 0, 1, 0, 2, 1, 0, 0, 1, 1, 3, 1, 1, 3, 3, 1, 0, 0, 2, 0, 0, 0, 0, 1, 0, 0, 0, 1, 0, 2, 1, 0, 0, 1, 0, 0, 1, 0, 0],780.0689672083862,57684.04891863173,90439.9076560027,true
30,G2_TEC,G2_TEC,[31, 22, 82, 15, 26, 9, 95, 42, 77, 68, 47, 5, 93, 78, 86, 54, 85, 63, 18, 44, 20, 49, 36, 14, 74, 50, 53, 17, 21, 28, 11, 64, 3, 23, 30, 83, 24, 41, 40, 52, 65, 27, 90, 70, 39, 87, 48, 69, 99, 4, 46, 1, 13, 58, 97, 59, 45, 8, 73, 37, 35, 79, 71, 66, 76, 32, 60, 80, 96, 6, 16, 61, 33, 7, 57, 34, 12, 67, 10, 98, 56, 88, 43, 75, 91, 38, 84, 92, 29, 19, 51, 72, 89, 25, 2, 81, 94, 55, 62, 0]|[2, 1, 2, 1, 1, 2, 1, 1, 1, 1, 1, 0, 2, 2, 1, 2, 0, 0, 0, 2, 2, 1, 0, 2, 0, 2, 2, 1, 0, 1, 1, 1, 0, 0, 1, 0, 2, 1, 2, 2, 0, 0, 1, 1, 0, 2, 0, 2, 1, 0, 0, 2, 0, 0, 2, 0, 1, 1, 0, 0, 2, 1, 1, 1, 2, 0, 2, 2, 0, 1, 2, 1, 1, 2, 0, 1, 2, 1, 1, 2, 2, 1, 1, 0, 1, 0, 0, 0, 1, 1, 1, 1, 1, 1, 2, 1, 2, 0, 1, 0]|[0, 3, 0, 3, 4, 1, 4, 4, 2, 4, 3, 2, 1, 0, 2, 1, 1, 1, 2, 1, 1, 3, 0, 1, 0, 1, 1, 4, 1, 4, 3, 2, 2, 0, 4, 1, 1, 4, 1, 1, 2, 1, 4, 4, 1, 1, 0, 2, 3, 2, 2, 1, 2, 1, 1, 2, 4, 3, 0, 2, 2, 3, 3, 1, 1, 2, 1, 1, 2, 4, 1, 3, 4, 1, 2, 4, 1, 3, 3, 1, 1, 4, 4, 2, 3, 2, 2, 2, 3, 4, 3, 4, 4, 4, 1, 4, 1, 2, 3, 2]|[0, 2, 0, 0, 3, 0, 1, 3, 0, 0, 2, 0, 1, 0, 1, 0, 0, 0, 1, 0, 0, 2, 0, 0, 1, 0, 0, 3, 0, 1, 0, 2, 0, 0, 3, 0, 1, 1, 0, 0, 0, 0, 1, 3, 0, 0, 1, 0, 2, 0, 0, 0, 0, 0, 1, 0, 1, 0, 1, 1, 0, 2, 0, 2, 0, 0, 0, 0, 0, 2, 0, 0, 1, 0, 0, 1, 0, 0, 3, 0, 0, 1, 2, 0, 0, 0, 0, 0, 3, 1, 0, 1, 1, 3, 0, 2, 0, 0, 0, 0],882.9438068981488,49811.41861925377,107369.92734801112,false
30,G3_TWC,G4_BALANCED,[31, 22, 82, 15, 26, 58, 95, 42, 77, 12, 47, 5, 93, 78, 86, 54, 85, 63, 18, 72, 20, 35, 43, 97, 91, 76, 10, 30, 21, 45, 71, 64, 1, 23, 17, 83, 24, 14, 60, 36, 6, 57, 40, 88, 65, 56, 79, 94, 67, 41, 68, 75, 38, 9, 19, 32, 81, 55, 27, 62, 87, 90, 99, 59, 11, 16, 44, 73, 70, 39, 37, 84, 3, 92, 25, 46, 28, 29, 51, 7, 33, 52, 98, 48, 89, 50, 4, 96, 53, 80, 8, 66, 34, 49, 61, 0, 74, 69, 2, 13]|[1, 1, 0, 1, 1, 0, 1, 2, 2, 1, 2, 2, 2, 1, 1, 0, 0, 1, 0, 2, 2, 0, 1, 2, 0, 1, 2, 2, 0, 0, 1, 2, 1, 2, 1, 0, 2, 0, 1, 1, 0, 1, 1, 1, 0, 2, 1, 1, 0, 0, 0, 0, 1, 1, 2, 1, 2, 2, 0, 2, 2, 1, 1, 2, 2, 1, 2, 1, 1, 1, 1, 1, 1, 1, 1, 0, 0, 0, 0, 1, 2, 1, 2, 0, 1, 0, 1, 2, 0, 0, 1, 2, 2, 0, 1, 0, 2, 1, 0, 0]|[4, 3, 2, 2, 4, 1, 2, 2, 2, 4, 1, 1, 2, 4, 4, 1, 2, 4, 2, 1, 1, 1, 1, 2, 1, 2, 1, 1, 2, 1, 3, 2, 3, 1, 4, 0, 1, 1, 0, 3, 2, 2, 2, 0, 1, 1, 0, 4, 0, 1, 2, 2, 1, 4, 0, 3, 2, 1, 1, 1, 1, 3, 1, 1, 1, 3, 1, 4, 3, 1, 4, 1, 1, 4, 4, 2, 2, 1, 1, 1, 1, 1, 1, 1, 1, 1, 4, 1, 2, 1, 3, 1, 1, 1, 3, 2, 1, 4, 2, 2]|[0, 2, 1, 1, 3, 0, 1, 0, 0, 0, 0, 0, 1, 0, 1, 0, 0, 3, 1, 0, 0, 0, 3, 1, 0, 2, 0, 0, 0, 1, 0, 0, 0, 0, 3, 0, 1, 0, 0, 2, 1, 1, 1, 0, 0, 0, 0, 2, 1, 0, 0, 0, 1, 3, 0, 0, 1, 0, 0, 0, 0, 2, 1, 0, 0, 2, 0, 0, 0, 1, 1, 3, 1, 3, 3, 0, 0, 0, 0, 2, 0, 1, 0, 0, 1, 0, 0, 0, 1, 0, 2, 0, 0, 1, 0, 0, 0, 2, 0, 0],822.5809225230965,55119.29447166314,99783.15877134816,true
30,G1_CMAX,G1_CMAX,[31, 22, 82, 15, 26, 99, 95, 42, 77, 12, 47, 5, 93, 78, 86, 54, 21, 63, 18, 44, 20, 35, 43, 97, 91, 76, 10, 30, 85, 45, 71, 64, 1, 23, 17, 83, 24, 14, 60, 36, 6, 57, 40, 88, 65, 56, 79, 94, 67, 68, 46, 75, 38, 9, 19, 32, 41, 81, 27, 87, 90, 58, 59, 11, 16, 72, 73, 70, 39, 37, 84, 3, 92, 25, 55, 48, 62, 29, 51, 96, 33, 61, 98, 28, 89, 50, 4, 7, 53, 80, 52, 66, 34, 49, 8, 0, 74, 69, 2, 13]|[1, 1, 0, 1, 1, 0, 1, 1, 2, 1, 2, 2, 2, 1, 1, 0, 0, 1, 0, 2, 2, 0, 1, 2, 0, 1, 2, 2, 0, 0, 1, 2, 1, 2, 1, 0, 2, 0, 1, 1, 0, 1, 1, 1, 0, 2, 1, 1, 0, 0, 0, 0, 1, 1, 2, 1, 0, 2, 0, 2, 1, 0, 1, 2, 1, 2, 1, 1, 1, 1, 1, 1, 0, 1, 2, 0, 0, 0, 0, 2, 2, 1, 2, 0, 1, 0, 1, 2, 0, 0, 1, 2, 2, 0, 1, 0, 2, 1, 0, 0]|[0, 3, 2, 2, 4, 1, 2, 3, 2, 4, 1, 1, 2, 4, 4, 1, 1, 4, 2, 1, 1, 1, 1, 2, 1, 2, 1, 1, 2, 1, 3, 2, 3, 1, 4, 0, 1, 1, 0, 3, 2, 2, 2, 0, 1, 1, 0, 4, 0, 1, 2, 2, 1, 4, 0, 3, 1, 1, 1, 1, 3, 1, 1, 1, 3, 0, 4, 3, 1, 4, 1, 1, 0, 4, 1, 1, 2, 1, 1, 1, 1, 3, 1, 2, 1, 1, 4, 1, 2, 1, 1, 1, 1, 1, 3, 2, 1, 4, 2, 2]|[0, 2, 1, 1, 3, 0, 1, 3, 0, 0, 0, 0, 1, 0, 1, 0, 0, 3, 1, 0, 0, 0, 3, 1, 0, 2, 0, 0, 0, 1, 0, 0, 0, 0, 3, 0, 1, 0, 0, 2, 1, 1, 1, 0, 0, 0, 0, 2, 1, 0, 0, 0, 1, 3, 0, 0, 0, 0, 0, 0, 2, 0, 1, 0, 2, 1, 0, 0, 1, 1, 3, 1, 1, 3, 0, 0, 1, 0, 0, 0, 0, 0, 0, 1, 1, 0, 0, 0, 1, 0, 1, 0, 0, 1, 2, 0, 0, 2, 0, 0],731.2476204416437,56784.74762275103,92889.2977037672,false
30,G4_BALANCED,G4_BALANCED,[31, 22, 82, 15, 26, 58, 95, 42, 77, 12, 47, 5, 30, 78, 86, 54, 85, 63, 18, 44, 20, 35, 43, 97, 91, 76, 10, 93, 21, 45, 71, 64, 1, 23, 17, 83, 24, 14, 60, 36, 6, 57, 40, 88, 65, 56, 79, 94, 67, 68, 46, 75, 38, 9, 19, 32, 81, 41, 27, 62, 90, 99, 59, 87, 11, 66, 73, 70, 39, 37, 84, 3, 72, 92, 25, 55, 28, 29, 51, 7, 16, 61, 98, 48, 89, 50, 4, 96, 53, 80, 8, 33, 34, 49, 52, 0, 13, 2, 69, 74]|[1, 1, 0, 1, 1, 0, 1, 2, 2, 1, 2, 2, 2, 1, 1, 0, 0, 1, 0, 2, 2, 0, 0, 2, 0, 1, 2, 2, 0, 0, 1, 2, 1, 2, 1, 0, 2, 0, 1, 1, 0, 1, 1, 1, 0, 2, 1, 1, 0, 0, 0, 0, 1, 1, 2, 1, 2, 0, 0, 2, 1, 0, 1, 2, 2, 2, 1, 1, 1, 1, 1, 1, 2, 0, 1, 1, 0, 0, 0, 1, 2, 1, 2, 0, 1, 0, 1, 2, 0, 0, 0, 2, 2, 0, 1, 0, 0, 0, 1, 2]|[4, 3, 2, 2, 4, 1, 2, 2, 2, 4, 1, 1, 2, 4, 4, 1, 2, 4, 2, 1, 1, 1, 1, 2, 1, 2, 1, 1, 2, 1, 3, 2, 3, 1, 4, 0, 1, 1, 0, 3, 2, 2, 2, 0, 1, 1, 0, 4, 0, 1, 2, 2, 1, 4, 0, 3, 2, 1, 1, 1, 3, 1, 1, 1, 1, 1, 4, 3, 1, 4, 1, 1, 1, 0, 4, 4, 2, 2, 1, 1, 1, 3, 1, 1, 1, 1, 4, 1, 2, 1, 1, 1, 1, 1, 1, 2, 2, 2, 4, 1]|[0, 2, 1, 1, 3, 0, 1, 0, 0, 0, 0, 0, 1, 0, 1, 0, 0, 3, 1, 0, 0, 0, 0, 1, 0, 2, 0, 0, 0, 1, 0, 0, 0, 0, 3, 0, 1, 0, 0, 2, 1, 1, 1, 0, 0, 0, 0, 2, 1, 0, 0, 0, 1, 3, 0, 0, 1, 0, 0, 0, 2, 0, 1, 0, 0, 0, 0, 0, 1, 1, 3, 1, 0, 1, 3, 3, 1, 0, 0, 2, 0, 0, 0, 0, 1, 0, 0, 0, 1, 0, 0, 0, 0, 1, 1, 0, 0, 0, 2, 0],780.1204793587376,55381.14930119356,97957.80477469892,false
30,G2_TEC,G2_TEC,[31, 22, 82, 15, 26, 9, 95, 42, 77, 68, 47, 5, 93, 78, 86, 54, 85, 63, 18, 44, 20, 49, 36, 14, 74, 50, 53, 17, 21, 28, 11, 64, 3, 23, 30, 83, 24, 41, 40, 52, 65, 27, 90, 70, 39, 87, 48, 69, 99, 4, 46, 1, 13, 58, 97, 59, 45, 8, 73, 37, 35, 79, 71, 66, 76, 32, 60, 80, 96, 6, 16, 61, 33, 7, 57, 34, 12, 67, 10, 98, 56, 88, 43, 75, 91, 38, 84, 92, 29, 19, 51, 72, 89, 25, 2, 81, 94, 55, 62, 0]|[2, 1, 2, 1, 1, 2, 1, 1, 1, 1, 1, 0, 2, 2, 1, 2, 0, 0, 0, 2, 2, 1, 0, 2, 0, 2, 2, 1, 0, 1, 1, 1, 0, 0, 1, 0, 2, 1, 2, 2, 0, 0, 1, 1, 0, 2, 0, 2, 1, 0, 0, 2, 0, 0, 2, 0, 1, 1, 0, 0, 2, 1, 1, 1, 2, 0, 2, 2, 0, 1, 2, 1, 1, 2, 0, 1, 2, 1, 1, 2, 2, 1, 1, 0, 1, 0, 0, 0, 1, 1, 1, 1, 1, 1, 2, 1, 2, 0, 1, 0]|[0, 3, 0, 3, 4, 1, 4, 4, 2, 4, 3, 2, 1, 0, 2, 1, 1, 1, 2, 1, 1, 3, 0, 1, 0, 1, 1, 4, 1, 4, 3, 2, 2, 0, 4, 1, 1, 4, 1, 1, 2, 1, 4, 4, 1, 1, 0, 2, 3, 2, 2, 1, 2, 1, 1, 2, 4, 3, 0, 2, 2, 3, 3, 1, 1, 2, 1, 1, 2, 4, 1, 3, 4, 1, 2, 4, 1, 3, 3, 1, 1, 4, 4, 2, 3, 2, 2, 2, 3, 4, 3, 4, 4, 4, 1, 4, 1, 2, 3, 2]|[0, 2, 0, 0, 3, 0, 1, 3, 0, 0, 2, 0, 1, 0, 1, 0, 0, 0, 1, 0, 0, 2, 0, 0, 1, 0, 0, 3, 0, 1, 0, 2, 0, 0, 3, 0, 1, 1, 0, 0, 0, 0, 1, 3, 0, 0, 1, 0, 2, 0, 0, 0, 0, 0, 1, 0, 1, 0, 1, 1, 0, 2, 0, 2, 0, 0, 0, 0, 0, 2, 0, 0, 1, 0, 0, 1, 0, 0, 3, 0, 0, 1, 2, 0, 0, 0, 0, 0, 3, 1, 0, 1, 1, 3, 0, 2, 0, 0, 0, 0],882.9438068981488,49811.41861925377,107369.92734801112,false
30,G3_TWC,G3_TWC,[31, 22, 82, 15, 26, 58, 77, 95, 42, 12, 47, 5, 93, 78, 98, 54, 85, 63, 18, 44, 20, 35, 43, 97, 91, 76, 10, 30, 21, 45, 71, 64, 1, 23, 17, 83, 24, 14, 60, 36, 6, 57, 94, 88, 65, 56, 79, 40, 67, 68, 46, 75, 38, 9, 19, 32, 81, 41, 27, 62, 87, 90, 99, 59, 11, 16, 72, 73, 70, 39, 37, 84, 3, 92, 25, 55, 28, 29, 51, 7, 33, 61, 86, 66, 89, 50, 48, 96, 53, 80, 4, 8, 34, 49, 52, 0, 13, 2, 69, 74]|[1, 1, 0, 1, 1, 1, 2, 2, 1, 1, 2, 2, 2, 1, 1, 0, 0, 1, 0, 2, 2, 0, 1, 2, 0, 1, 2, 2, 0, 0, 1, 2, 1, 2, 1, 0, 2, 0, 1, 1, 0, 1, 1, 1, 0, 2, 1, 1, 0, 0, 0, 0, 1, 1, 2, 1, 2, 0, 0, 0, 2, 1, 0, 1, 2, 1, 2, 1, 1, 1, 1, 1, 1, 0, 1, 1, 0, 0, 0, 1, 2, 1, 0, 2, 1, 0, 0, 0, 0, 0, 0, 1, 2, 0, 1, 0, 0, 0, 1, 2]|[4, 3, 2, 2, 0, 0, 2, 2, 2, 4, 1, 1, 2, 4, 4, 1, 2, 4, 2, 1, 1, 1, 1, 2, 1, 2, 1, 1, 1, 1, 3, 2, 3, 0, 4, 0, 1, 1, 0, 3, 2, 2, 4, 0, 1, 1, 0, 2, 0, 1, 2, 2, 1, 4, 0, 3, 2, 1, 1, 2, 1, 3, 1, 1, 1, 3, 0, 4, 3, 1, 4, 1, 1, 2, 4, 4, 2, 1, 1, 3, 1, 3, 1, 1, 1, 1, 1, 1, 2, 1, 2, 3, 1, 1, 1, 2, 2, 2, 3, 1]|[0, 2, 1, 1, 3, 3, 0, 0, 1, 0, 0, 0, 1, 0, 1, 0, 0, 3, 1, 0, 0, 0, 3, 1, 0, 2, 0, 0, 0, 1, 0, 0, 0, 0, 3, 0, 1, 0, 0, 2, 1, 1, 2, 0, 0, 0, 0, 1, 1, 0, 0, 0, 1, 3, 0, 0, 1, 0, 0, 1, 0, 2, 0, 1, 0, 2, 1, 0, 0, 1, 1, 3, 1, 1, 3, 3, 1, 0, 0, 2, 0, 0, 0, 0, 1, 0, 0, 0, 1, 0, 1, 2, 0, 1, 1, 0, 0, 0, 0, 0],802.1274951829081,57949.43073711903,89651.64312139984,false
30,G1_CMAX,G1_CMAX,[31, 22, 82, 15, 26, 99, 95, 42, 77, 12, 47, 5, 93, 78, 86, 54, 21, 63, 18, 44, 20, 35, 43, 97, 91, 76, 10, 30, 85, 45, 71, 64, 1, 23, 17, 83, 24, 14, 60, 36, 6, 57, 40, 88, 65, 56, 79, 94, 67, 68, 46, 75, 38, 9, 19, 32, 41, 81, 27, 87, 90, 58, 59, 11, 16, 72, 73, 70, 39, 37, 84, 3, 92, 25, 55, 48, 62, 29, 51, 96, 33, 61, 98, 28, 89, 50, 4, 7, 53, 80, 52, 66, 34, 49, 8, 0, 74, 69, 2, 13]|[1, 1, 0, 1, 1, 0, 1, 1, 2, 1, 2, 2, 2, 1, 1, 0, 0, 1, 0, 2, 2, 0, 1, 2, 0, 1, 2, 2, 0, 0, 1, 2, 1, 2, 1, 0, 2, 0, 1, 1, 0, 1, 1, 1, 0, 2, 1, 1, 0, 0, 0, 0, 1, 1, 2, 1, 0, 2, 0, 2, 1, 0, 1, 2, 1, 2, 1, 1, 1, 1, 1, 1, 0, 1, 2, 0, 0, 0, 0, 2, 2, 1, 2, 0, 1, 0, 1, 2, 0, 0, 1, 2, 2, 0, 1, 0, 2, 1, 0, 0]|[0, 3, 2, 2, 4, 1, 2, 3, 2, 4, 1, 1, 2, 4, 4, 1, 1, 4, 2, 1, 1, 1, 1, 2, 1, 2, 1, 1, 2, 1, 3, 2, 3, 1, 4, 0, 1, 1, 0, 3, 2, 2, 2, 0, 1, 1, 0, 4, 0, 1, 2, 2, 1, 4, 0, 3, 1, 1, 1, 1, 3, 1, 1, 1, 3, 0, 4, 3, 1, 4, 1, 1, 0, 4, 1, 1, 2, 1, 1, 1, 1, 3, 1, 2, 1, 1, 4, 1, 2, 1, 1, 1, 1, 1, 3, 2, 1, 4, 2, 2]|[0, 2, 1, 1, 3, 0, 1, 3, 0, 0, 0, 0, 1, 0, 1, 0, 0, 3, 1, 0, 0, 0, 3, 1, 0, 2, 0, 0, 0, 1, 0, 0, 0, 0, 3, 0, 1, 0, 0, 2, 1, 1, 1, 0, 0, 0, 0, 2, 1, 0, 0, 0, 1, 3, 0, 0, 0, 0, 0, 0, 2, 0, 1, 0, 2, 1, 0, 0, 1, 1, 3, 1, 1, 3, 0, 0, 1, 0, 0, 0, 0, 0, 0, 1, 1, 0, 0, 0, 1, 0, 1, 0, 0, 1, 2, 0, 0, 2, 0, 0],731.2476204416437,56784.74762275103,92889.2977037672,false
30,G4_BALANCED,G3_TWC,[31, 22, 82, 15, 26, 58, 95, 42, 77, 12, 47, 5, 93, 78, 98, 54, 85, 63, 18, 44, 20, 35, 43, 97, 91, 76, 10, 30, 21, 45, 71, 64, 1, 23, 17, 83, 24, 14, 60, 36, 6, 57, 94, 88, 65, 56, 79, 40, 67, 68, 46, 75, 38, 9, 19, 32, 81, 41, 27, 62, 87, 90, 99, 59, 11, 16, 72, 73, 70, 39, 37, 84, 3, 92, 25, 55, 28, 29, 51, 7, 33, 61, 86, 48, 89, 50, 4, 96, 53, 8, 80, 66, 34, 2, 52, 49, 13, 0, 69, 74]|[1, 1, 0, 1, 1, 1, 2, 2, 2, 1, 2, 2, 2, 1, 1, 0, 0, 1, 0, 2, 2, 0, 1, 2, 0, 1, 2, 2, 0, 0, 1, 2, 1, 2, 1, 0, 2, 0, 1, 1, 0, 1, 1, 1, 0, 2, 1, 1, 0, 0, 0, 0, 1, 1, 2, 1, 0, 0, 0, 0, 2, 1, 1, 1, 2, 1, 2, 1, 1, 1, 1, 1, 1, 0, 1, 1, 0, 0, 0, 1, 2, 1, 0, 0, 1, 0, 0, 0, 0, 1, 0, 2, 2, 0, 1, 0, 0, 0, 1, 2]|[4, 3, 2, 2, 0, 0, 2, 2, 2, 4, 1, 1, 2, 4, 4, 1, 2, 4, 2, 1, 1, 1, 1, 2, 1, 2, 1, 1, 1, 1, 3, 2, 3, 0, 4, 0, 1, 1, 0, 3, 2, 2, 4, 0, 1, 1, 0, 2, 0, 1, 2, 2, 1, 4, 0, 3, 1, 1, 1, 2, 1, 3, 1, 1, 1, 3, 0, 4, 3, 4, 4, 1, 3, 2, 4, 4, 2, 1, 1, 1, 1, 3, 1, 1, 1, 1, 2, 1, 2, 3, 1, 1, 1, 2, 1, 1, 2, 2, 4, 1]|[0, 2, 1, 1, 3, 3, 0, 0, 0, 0, 0, 0, 1, 0, 1, 0, 0, 3, 1, 0, 0, 0, 3, 1, 0, 2, 0, 0, 0, 1, 0, 0, 0, 0, 3, 0, 1, 0, 0, 2, 1, 1, 2, 0, 0, 0, 0, 1, 1, 0, 0, 0, 1, 3, 0, 0, 0, 0, 0, 1, 0, 2, 1, 1, 0, 2, 1, 0, 0, 1, 1, 3, 0, 1, 3, 3, 1, 0, 0, 2, 0, 0, 0, 0, 1, 0, 1, 0, 1, 2, 0, 0, 0, 0, 1, 1, 0, 0, 2, 0],804.8898383626976,57027.314770999816,91886.73882422154,true
30,G2_TEC,G2_TEC,[31, 22, 82, 15, 26, 9, 95, 42, 77, 68, 47, 5, 93, 78, 86, 54, 85, 63, 18, 44, 20, 49, 36, 14, 74, 50, 53, 17, 21, 28, 11, 64, 3, 23, 30, 83, 24, 41, 40, 52, 65, 27, 90, 70, 39, 87, 48, 69, 99, 4, 46, 1, 13, 58, 97, 59, 45, 8, 73, 37, 35, 79, 71, 66, 76, 32, 60, 80, 96, 6, 16, 61, 33, 7, 57, 34, 12, 67, 10, 98, 56, 88, 43, 75, 91, 38, 84, 92, 29, 19, 51, 72, 89, 25, 2, 81, 94, 55, 62, 0]|[2, 1, 2, 1, 1, 2, 1, 1, 1, 1, 1, 0, 2, 2, 1, 2, 0, 0, 0, 2, 2, 1, 0, 2, 0, 2, 2, 1, 0, 1, 1, 1, 0, 0, 1, 0, 2, 1, 2, 2, 0, 0, 1, 1, 0, 2, 0, 2, 1, 0, 0, 2, 0, 0, 2, 0, 1, 1, 0, 0, 2, 1, 1, 1, 2, 0, 2, 2, 0, 1, 2, 1, 1, 2, 0, 1, 2, 1, 1, 2, 2, 1, 1, 0, 1, 0, 0, 0, 1, 1, 1, 1, 1, 1, 2, 1, 2, 0, 1, 0]|[0, 3, 0, 3, 4, 1, 4, 4, 2, 4, 3, 2, 1, 0, 2, 1, 1, 1, 2, 1, 1, 3, 0, 1, 0, 1, 1, 4, 1, 4, 3, 2, 2, 0, 4, 1, 1, 4, 1, 1, 2, 1, 4, 4, 1, 1, 0, 2, 3, 2, 2, 1, 2, 1, 1, 2, 4, 3, 0, 2, 2, 3, 3, 1, 1, 2, 1, 1, 2, 4, 1, 3, 4, 1, 2, 4, 1, 3, 3, 1, 1, 4, 4, 2, 3, 2, 2, 2, 3, 4, 3, 4, 4, 4, 1, 4, 1, 2, 3, 2]|[0, 2, 0, 0, 3, 0, 1, 3, 0, 0, 2, 0, 1, 0, 1, 0, 0, 0, 1, 0, 0, 2, 0, 0, 1, 0, 0, 3, 0, 1, 0, 2, 0, 0, 3, 0, 1, 1, 0, 0, 0, 0, 1, 3, 0, 0, 1, 0, 2, 0, 0, 0, 0, 0, 1, 0, 1, 0, 1, 1, 0, 2, 0, 2, 0, 0, 0, 0, 0, 2, 0, 0, 1, 0, 0, 1, 0, 0, 3, 0, 0, 1, 2, 0, 0, 0, 0, 0, 3, 1, 0, 1, 1, 3, 0, 2, 0, 0, 0, 0],882.9438068981488,49811.41861925377,107369.92734801112,false
30,G3_TWC,G3_TWC,[31, 22, 82, 15, 26, 58, 77, 95, 42, 12, 47, 5, 93, 78, 98, 54, 85, 63, 18, 44, 20, 35, 43, 97, 91, 76, 10, 30, 21, 45, 71, 64, 1, 23, 17, 83, 24, 14, 60, 36, 6, 57, 94, 88, 65, 56, 79, 40, 67, 68, 46, 75, 38, 9, 19, 32, 81, 41, 27, 62, 87, 90, 99, 59, 11, 16, 72, 73, 70, 39, 37, 84, 3, 92, 25, 55, 28, 29, 51, 7, 33, 61, 86, 66, 89, 50, 48, 96, 53, 80, 4, 8, 34, 49, 52, 0, 13, 2, 69, 74]|[1, 1, 0, 1, 1, 1, 2, 2, 1, 1, 2, 2, 2, 1, 1, 0, 0, 1, 0, 2, 2, 0, 1, 2, 0, 1, 2, 2, 0, 0, 1, 2, 1, 2, 1, 0, 2, 0, 1, 1, 0, 1, 1, 1, 0, 2, 1, 1, 0, 0, 0, 0, 1, 1, 2, 1, 2, 0, 0, 0, 2, 1, 0, 1, 2, 1, 2, 1, 1, 1, 1, 1, 1, 0, 1, 1, 0, 0, 0, 1, 2, 1, 0, 2, 1, 0, 0, 0, 0, 0, 0, 1, 2, 0, 1, 0, 0, 0, 1, 2]|[4, 3, 2, 2, 0, 0, 2, 2, 2, 4, 1, 1, 2, 4, 4, 1, 2, 4, 2, 1, 1, 1, 1, 2, 1, 2, 1, 1, 1, 1, 3, 2, 3, 0, 4, 0, 1, 1, 0, 3, 2, 2, 4, 0, 1, 1, 0, 2, 0, 1, 2, 2, 1, 4, 0, 3, 2, 1, 1, 2, 1, 3, 1, 1, 1, 3, 0, 4, 3, 1, 4, 1, 1, 2, 4, 4, 2, 1, 1, 3, 1, 3, 1, 1, 1, 1, 1, 1, 2, 1, 2, 3, 1, 1, 1, 2, 2, 2, 3, 1]|[0, 2, 1, 1, 3, 3, 0, 0, 1, 0, 0, 0, 1, 0, 1, 0, 0, 3, 1, 0, 0, 0, 3, 1, 0, 2, 0, 0, 0, 1, 0, 0, 0, 0, 3, 0, 1, 0, 0, 2, 1, 1, 2, 0, 0, 0, 0, 1, 1, 0, 0, 0, 1, 3, 0, 0, 1, 0, 0, 1, 0, 2, 0, 1, 0, 2, 1, 0, 0, 1, 1, 3, 1, 1, 3, 3, 1, 0, 0, 2, 0, 0, 0, 0, 1, 0, 0, 0, 1, 0, 1, 2, 0, 1, 1, 0, 0, 0, 0, 0],802.1274951829081,57949.43073711903,89651.64312139984,false
30,G1_CMAX,G1_CMAX,[31, 22, 82, 15, 26, 99, 95, 42, 77, 12, 47, 5, 93, 78, 86, 54, 21, 63, 18, 44, 20, 35, 43, 97, 91, 76, 10, 30, 85, 45, 71, 64, 1, 23, 17, 83, 24, 14, 60, 36, 6, 57, 40, 88, 65, 56, 79, 94, 67, 68, 46, 75, 38, 9, 19, 32, 41, 81, 27, 87, 90, 58, 59, 11, 16, 72, 73, 70, 39, 37, 84, 3, 92, 25, 55, 48, 62, 29, 51, 96, 33, 61, 98, 28, 89, 50, 4, 7, 53, 80, 52, 66, 34, 49, 8, 0, 74, 69, 2, 13]|[1, 1, 0, 1, 1, 0, 1, 1, 2, 1, 2, 2, 2, 1, 1, 0, 0, 1, 0, 2, 2, 0, 1, 2, 0, 1, 2, 2, 0, 0, 1, 2, 1, 2, 1, 0, 2, 0, 1, 1, 0, 1, 1, 1, 0, 2, 1, 1, 0, 0, 0, 0, 1, 1, 2, 1, 0, 2, 0, 2, 1, 0, 1, 2, 1, 2, 1, 1, 1, 1, 1, 1, 0, 1, 2, 0, 0, 0, 0, 2, 2, 1, 2, 0, 1, 0, 1, 2, 0, 0, 1, 2, 2, 0, 1, 0, 2, 1, 0, 0]|[0, 3, 2, 2, 4, 1, 2, 3, 2, 4, 1, 1, 2, 4, 4, 1, 1, 4, 2, 1, 1, 1, 1, 2, 1, 2, 1, 1, 2, 1, 3, 2, 3, 1, 4, 0, 1, 1, 0, 3, 2, 2, 2, 0, 1, 1, 0, 4, 0, 1, 2, 2, 1, 4, 0, 3, 1, 1, 1, 1, 3, 1, 1, 1, 3, 0, 4, 3, 1, 4, 1, 1, 0, 4, 1, 1, 2, 1, 1, 1, 1, 3, 1, 2, 1, 1, 4, 1, 2, 1, 1, 1, 1, 1, 3, 2, 1, 4, 2, 2]|[0, 2, 1, 1, 3, 0, 1, 3, 0, 0, 0, 0, 1, 0, 1, 0, 0, 3, 1, 0, 0, 0, 3, 1, 0, 2, 0, 0, 0, 1, 0, 0, 0, 0, 3, 0, 1, 0, 0, 2, 1, 1, 1, 0, 0, 0, 0, 2, 1, 0, 0, 0, 1, 3, 0, 0, 0, 0, 0, 0, 2, 0, 1, 0, 2, 1, 0, 0, 1, 1, 3, 1, 1, 3, 0, 0, 1, 0, 0, 0, 0, 0, 0, 1, 1, 0, 0, 0, 1, 0, 1, 0, 0, 1, 2, 0, 0, 2, 0, 0],731.2476204416437,56784.74762275103,92889.2977037672,false
30,G4_BALANCED,G4_BALANCED,[31, 11, 15, 82, 26, 9, 95, 32, 77, 68, 47, 5, 93, 78, 86, 54, 85, 63, 18, 44, 20, 49, 36, 14, 74, 50, 53, 17, 21, 45, 71, 64, 3, 73, 30, 83, 24, 41, 2, 52, 65, 27, 90, 70, 39, 87, 48, 69, 99, 4, 46, 1, 13, 58, 97, 59, 28, 75, 23, 37, 35, 79, 22, 66, 76, 42, 40, 80, 96, 6, 16, 61, 33, 7, 57, 34, 12, 67, 10, 98, 56, 88, 29, 8, 91, 38, 19, 92, 43, 84, 51, 72, 81, 25, 60, 55, 94, 89, 62, 0]|[2, 1, 1, 2, 1, 2, 1, 1, 1, 1, 1, 0, 2, 2, 1, 2, 0, 0, 0, 2, 2, 1, 0, 2, 0, 2, 2, 1, 0, 1, 1, 1, 0, 0, 1, 0, 2, 1, 2, 2, 0, 0, 1, 1, 0, 2, 0, 2, 1, 0, 0, 2, 0, 0, 2, 0, 1, 0, 0, 0, 2, 1, 0, 2, 2, 0, 2, 2, 0, 1, 2, 1, 1, 2, 0, 1, 1, 1, 1, 2, 2, 1, 1, 1, 1, 0, 1, 0, 1, 0, 1, 1, 1, 1, 2, 0, 2, 1, 1, 0]|[1, 3, 2, 0, 4, 1, 4, 4, 2, 4, 3, 2, 1, 0, 2, 1, 1, 1, 2, 1, 1, 3, 0, 1, 0, 1, 1, 4, 1, 4, 3, 2, 2, 0, 4, 1, 1, 4, 0, 1, 2, 1, 4, 4, 1, 1, 0, 2, 3, 2, 2, 1, 2, 1, 1, 2, 4, 2, 0, 2, 2, 3, 1, 0, 1, 2, 0, 1, 2, 4, 1, 3, 4, 1, 2, 4, 3, 3, 3, 1, 1, 4, 3, 3, 3, 2, 4, 2, 4, 2, 3, 4, 1, 4, 0, 2, 1, 4, 3, 2]|[1, 2, 1, 0, 3, 0, 1, 3, 0, 0, 2, 0, 1, 0, 1, 0, 0, 0, 1, 0, 0, 2, 0, 0, 1, 0, 0, 3, 0, 1, 0, 2, 0, 1, 3, 0, 1, 3, 1, 0, 0, 0, 1, 3, 0, 0, 1, 0, 2, 0, 0, 0, 0, 0, 1, 0, 1, 0, 1, 1, 0, 2, 0, 0, 0, 0, 0, 0, 0, 2, 0, 0, 1, 0, 0, 1, 0, 0, 3, 0, 0, 1, 0, 0, 0, 0, 3, 0, 2, 0, 0, 2, 1, 3, 1, 0, 0, 1, 0, 0],842.3358630601143,53281.86467765049,106164.56583665014,false
30,G2_TEC,G2_TEC,[31, 22, 82, 15, 26, 9, 95, 42, 77, 68, 47, 5, 93, 78, 86, 54, 85, 63, 18, 44, 20, 49, 36, 14, 74, 50, 53, 17, 21, 28, 11, 64, 3, 23, 30, 83, 24, 41, 40, 52, 65, 27, 90, 70, 39, 87, 48, 69, 99, 4, 46, 1, 13, 58, 97, 59, 45, 8, 73, 37, 35, 79, 71, 66, 76, 32, 60, 80, 96, 6, 16, 61, 33, 7, 57, 34, 12, 67, 10, 98, 56, 88, 43, 75, 91, 38, 84, 92, 29, 19, 51, 72, 89, 25, 2, 81, 94, 55, 62, 0]|[2, 1, 2, 1, 1, 2, 1, 1, 1, 1, 1, 0, 2, 2, 1, 2, 0, 0, 0, 2, 2, 1, 0, 2, 0, 2, 2, 1, 0, 1, 1, 1, 0, 0, 1, 0, 2, 1, 2, 2, 0, 0, 1, 1, 0, 2, 0, 2, 1, 0, 0, 2, 0, 0, 2, 0, 1, 1, 0, 0, 2, 1, 1, 1, 2, 0, 2, 2, 0, 1, 2, 1, 1, 2, 0, 1, 2, 1, 1, 2, 2, 1, 1, 0, 1, 0, 0, 0, 1, 1, 1, 1, 1, 1, 2, 1, 2, 0, 1, 0]|[0, 3, 0, 3, 4, 1, 4, 4, 2, 4, 3, 2, 1, 0, 2, 1, 1, 1, 2, 1, 1, 3, 0, 1, 0, 1, 1, 4, 1, 4, 3, 2, 2, 0, 4, 1, 1, 4, 1, 1, 2, 1, 4, 4, 1, 1, 0, 2, 3, 2, 2, 1, 2, 1, 1, 2, 4, 3, 0, 2, 2, 3, 3, 1, 1, 2, 1, 1, 2, 4, 1, 3, 4, 1, 2, 4, 1, 3, 3, 1, 1, 4, 4, 2, 3, 2, 2, 2, 3, 4, 3, 4, 4, 4, 1, 4, 1, 2, 3, 2]|[0, 2, 0, 0, 3, 0, 1, 3, 0, 0, 2, 0, 1, 0, 1, 0, 0, 0, 1, 0, 0, 2, 0, 0, 1, 0, 0, 3, 0, 1, 0, 2, 0, 0, 3, 0, 1, 1, 0, 0, 0, 0, 1, 3, 0, 0, 1, 0, 2, 0, 0, 0, 0, 0, 1, 0, 1, 0, 1, 1, 0, 2, 0, 2, 0, 0, 0, 0, 0, 2, 0, 0, 1, 0, 0, 1, 0, 0, 3, 0, 0, 1, 2, 0, 0, 0, 0, 0, 3, 1, 0, 1, 1, 3, 0, 2, 0, 0, 0, 0],882.9438068981488,49811.41861925377,107369.92734801112,false
30,G3_TWC,G3_TWC,[31, 22, 82, 15, 26, 58, 77, 95, 42, 12, 47, 5, 93, 78, 98, 54, 85, 63, 18, 44, 20, 35, 43, 97, 91, 76, 10, 30, 21, 45, 71, 64, 1, 23, 17, 83, 24, 14, 60, 36, 6, 57, 94, 88, 65, 56, 79, 40, 67, 68, 46, 75, 38, 9, 19, 32, 81, 41, 27, 62, 87, 90, 99, 59, 11, 16, 72, 73, 70, 39, 37, 84, 3, 92, 25, 55, 28, 29, 51, 7, 33, 61, 86, 66, 89, 50, 48, 96, 53, 80, 4, 8, 34, 49, 52, 0, 13, 2, 69, 74]|[1, 1, 0, 1, 1, 1, 2, 2, 1, 1, 2, 2, 2, 1, 1, 0, 0, 1, 0, 2, 2, 0, 1, 2, 0, 1, 2, 2, 0, 0, 1, 2, 1, 2, 1, 0, 2, 0, 1, 1, 0, 1, 1, 1, 0, 2, 1, 1, 0, 0, 0, 0, 1, 1, 2, 1, 2, 0, 0, 0, 2, 1, 0, 1, 2, 1, 2, 1, 1, 1, 1, 1, 1, 0, 1, 1, 0, 0, 0, 1, 2, 1, 0, 2, 1, 0, 0, 0, 0, 0, 0, 1, 2, 0, 1, 0, 0, 0, 1, 2]|[4, 3, 2, 2, 0, 0, 2, 2, 2, 4, 1, 1, 2, 4, 4, 1, 2, 4, 2, 1, 1, 1, 1, 2, 1, 2, 1, 1, 1, 1, 3, 2, 3, 0, 4, 0, 1, 1, 0, 3, 2, 2, 4, 0, 1, 1, 0, 2, 0, 1, 2, 2, 1, 4, 0, 3, 2, 1, 1, 2, 1, 3, 1, 1, 1, 3, 0, 4, 3, 1, 4, 1, 1, 2, 4, 4, 2, 1, 1, 3, 1, 3, 1, 1, 1, 1, 1, 1, 2, 1, 2, 3, 1, 1, 1, 2, 2, 2, 3, 1]|[0, 2, 1, 1, 3, 3, 0, 0, 1, 0, 0, 0, 1, 0, 1, 0, 0, 3, 1, 0, 0, 0, 3, 1, 0, 2, 0, 0, 0, 1, 0, 0, 0, 0, 3, 0, 1, 0, 0, 2, 1, 1, 2, 0, 0, 0, 0, 1, 1, 0, 0, 0, 1, 3, 0, 0, 1, 0, 0, 1, 0, 2, 0, 1, 0, 2, 1, 0, 0, 1, 1, 3, 1, 1, 3, 3, 1, 0, 0, 2, 0, 0, 0, 0, 1, 0, 0, 0, 1, 0, 1, 2, 0, 1, 1, 0, 0, 0, 0, 0],802.1274951829081,57949.43073711903,89651.64312139984,false
30,G1_CMAX,G1_CMAX,[31, 22, 82, 15, 26, 99, 95, 42, 77, 12, 47, 5, 93, 78, 86, 54, 21, 63, 18, 44, 20, 35, 43, 97, 91, 76, 10, 30, 85, 45, 71, 64, 1, 23, 17, 83, 24, 14, 60, 36, 6, 57, 40, 88, 65, 56, 79, 94, 67, 68, 46, 75, 38, 9, 19, 32, 41, 81, 27, 87, 90, 58, 59, 11, 16, 72, 73, 70, 39, 37, 84, 3, 92, 25, 55, 48, 62, 29, 51, 96, 33, 61, 98, 28, 89, 50, 4, 7, 53, 80, 52, 66, 34, 49, 8, 0, 74, 69, 2, 13]|[1, 1, 0, 1, 1, 0, 1, 1, 2, 1, 2, 2, 2, 1, 1, 0, 0, 1, 0, 2, 2, 0, 1, 2, 0, 1, 2, 2, 0, 0, 1, 2, 1, 2, 1, 0, 2, 0, 1, 1, 0, 1, 1, 1, 0, 2, 1, 1, 0, 0, 0, 0, 1, 1, 2, 1, 0, 2, 0, 2, 1, 0, 1, 2, 1, 2, 1, 1, 1, 1, 1, 1, 0, 1, 2, 0, 0, 0, 0, 2, 2, 1, 2, 0, 1, 0, 1, 2, 0, 0, 1, 2, 2, 0, 1, 0, 2, 1, 0, 0]|[0, 3, 2, 2, 4, 1, 2, 3, 2, 4, 1, 1, 2, 4, 4, 1, 1, 4, 2, 1, 1, 1, 1, 2, 1, 2, 1, 1, 2, 1, 3, 2, 3, 1, 4, 0, 1, 1, 0, 3, 2, 2, 2, 0, 1, 1, 0, 4, 0, 1, 2, 2, 1, 4, 0, 3, 1, 1, 1, 1, 3, 1, 1, 1, 3, 0, 4, 3, 1, 4, 1, 1, 0, 4, 1, 1, 2, 1, 1, 1, 1, 3, 1, 2, 1, 1, 4, 1, 2, 1, 1, 1, 1, 1, 3, 2, 1, 4, 2, 2]|[0, 2, 1, 1, 3, 0, 1, 3, 0, 0, 0, 0, 1, 0, 1, 0, 0, 3, 1, 0, 0, 0, 3, 1, 0, 2, 0, 0, 0, 1, 0, 0, 0, 0, 3, 0, 1, 0, 0, 2, 1, 1, 1, 0, 0, 0, 0, 2, 1, 0, 0, 0, 1, 3, 0, 0, 0, 0, 0, 0, 2, 0, 1, 0, 2, 1, 0, 0, 1, 1, 3, 1, 1, 3, 0, 0, 1, 0, 0, 0, 0, 0, 0, 1, 1, 0, 0, 0, 1, 0, 1, 0, 0, 1, 2, 0, 0, 2, 0, 0],731.2476204416437,56784.74762275103,92889.2977037672,false
30,G4_BALANCED,G3_TWC,[31, 22, 82, 15, 26, 58, 95, 42, 77, 12, 47, 5, 93, 78, 98, 54, 85, 63, 18, 44, 20, 35, 43, 97, 91, 76, 10, 30, 21, 45, 71, 64, 1, 23, 17, 83, 24, 14, 60, 36, 6, 57, 94, 88, 65, 56, 79, 40, 67, 68, 46, 75, 38, 9, 19, 32, 81, 41, 27, 87, 90, 99, 59, 11, 16, 72, 73, 62, 70, 39, 37, 84, 3, 92, 25, 55, 28, 29, 51, 7, 33, 61, 86, 66, 89, 50, 48, 96, 53, 80, 8, 4, 74, 49, 52, 0, 13, 69, 2, 34]|[1, 1, 0, 1, 1, 1, 1, 2, 2, 1, 2, 2, 2, 1, 1, 0, 0, 1, 0, 2, 2, 0, 1, 2, 0, 1, 2, 2, 0, 0, 1, 2, 1, 2, 1, 0, 2, 0, 1, 1, 0, 1, 1, 1, 0, 2, 1, 1, 0, 0, 0, 0, 1, 1, 2, 1, 0, 0, 0, 2, 1, 0, 1, 2, 1, 2, 1, 1, 1, 1, 1, 1, 1, 0, 1, 1, 0, 0, 0, 1, 2, 1, 2, 2, 1, 0, 0, 0, 0, 0, 1, 0, 2, 0, 1, 0, 0, 1, 0, 2]|[0, 3, 2, 2, 4, 0, 2, 2, 2, 4, 1, 1, 2, 4, 4, 1, 1, 4, 2, 1, 1, 1, 1, 2, 1, 2, 1, 1, 1, 1, 3, 2, 3, 1, 4, 0, 1, 1, 0, 3, 2, 2, 4, 0, 1, 1, 0, 2, 0, 1, 2, 2, 1, 4, 0, 3, 1, 1, 1, 1, 3, 1, 1, 1, 3, 0, 4, 4, 3, 1, 4, 1, 1, 2, 4, 4, 2, 1, 1, 3, 1, 3, 1, 1, 1, 1, 1, 1, 2, 1, 3, 2, 1, 1, 1, 2, 2, 3, 2, 1]|[0, 2, 1, 1, 3, 3, 1, 0, 0, 0, 0, 0, 1, 0, 1, 0, 0, 3, 1, 0, 0, 0, 3, 1, 0, 2, 0, 0, 0, 1, 0, 0, 0, 0, 3, 0, 1, 0, 0, 2, 1, 1, 2, 0, 0, 0, 0, 1, 1, 0, 0, 0, 1, 3, 0, 0, 0, 0, 0, 0, 2, 0, 1, 0, 2, 1, 0, 0, 0, 1, 1, 3, 1, 1, 3, 3, 1, 0, 0, 2, 0, 0, 0, 0, 1, 0, 0, 0, 1, 0, 2, 1, 0, 1, 1, 0, 0, 0, 0, 0],793.3231764974985,56955.74729751497,91927.72795253666,true
30,G2_TEC,G2_TEC,[31, 22, 82, 15, 26, 9, 95, 42, 77, 68, 47, 5, 93, 78, 86, 54, 85, 63, 18, 44, 20, 49, 36, 14, 74, 50, 53, 17, 21, 28, 11, 64, 3, 23, 30, 83, 24, 41, 40, 52, 65, 27, 90, 70, 39, 87, 48, 69, 99, 4, 46, 1, 13, 58, 97, 59, 45, 8, 73, 37, 35, 79, 71, 66, 76, 32, 60, 80, 96, 6, 16, 61, 33, 7, 57, 34, 12, 67, 10, 98, 56, 88, 43, 75, 91, 38, 84, 92, 29, 19, 51, 72, 89, 25, 2, 81, 94, 55, 62, 0]|[2, 1, 2, 1, 1, 2, 1, 1, 1, 1, 1, 0, 2, 2, 1, 2, 0, 0, 0, 2, 2, 1, 0, 2, 0, 2, 2, 1, 0, 1, 1, 1, 0, 0, 1, 0, 2, 1, 2, 2, 0, 0, 1, 1, 0, 2, 0, 2, 1, 0, 0, 2, 0, 0, 2, 0, 1, 1, 0, 0, 2, 1, 1, 1, 2, 0, 2, 2, 0, 1, 2, 1, 1, 2, 0, 1, 2, 1, 1, 2, 2, 1, 1, 0, 1, 0, 0, 0, 1, 1, 1, 1, 1, 1, 2, 1, 2, 0, 1, 0]|[0, 3, 0, 3, 4, 1, 4, 4, 2, 4, 3, 2, 1, 0, 2, 1, 1, 1, 2, 1, 1, 3, 0, 1, 0, 1, 1, 4, 1, 4, 3, 2, 2, 0, 4, 1, 1, 4, 1, 1, 2, 1, 4, 4, 1, 1, 0, 2, 3, 2, 2, 1, 2, 1, 1, 2, 4, 3, 0, 2, 2, 3, 3, 1, 1, 2, 1, 1, 2, 4, 1, 3, 4, 1, 2, 4, 1, 3, 3, 1, 1, 4, 4, 2, 3, 2, 2, 2, 3, 4, 3, 4, 4, 4, 1, 4, 1, 2, 3, 2]|[0, 2, 0, 0, 3, 0, 1, 3, 0, 0, 2, 0, 1, 0, 1, 0, 0, 0, 1, 0, 0, 2, 0, 0, 1, 0, 0, 3, 0, 1, 0, 2, 0, 0, 3, 0, 1, 1, 0, 0, 0, 0, 1, 3, 0, 0, 1, 0, 2, 0, 0, 0, 0, 0, 1, 0, 1, 0, 1, 1, 0, 2, 0, 2, 0, 0, 0, 0, 0, 2, 0, 0, 1, 0, 0, 1, 0, 0, 3, 0, 0, 1, 2, 0, 0, 0, 0, 0, 3, 1, 0, 1, 1, 3, 0, 2, 0, 0, 0, 0],882.9438068981488,49811.41861925377,107369.92734801112,false
30,G3_TWC,G3_TWC,[31, 22, 82, 15, 26, 58, 77, 95, 42, 12, 47, 5, 93, 78, 98, 54, 85, 63, 18, 44, 20, 35, 43, 97, 91, 76, 10, 30, 21, 45, 71, 64, 1, 23, 17, 83, 24, 14, 60, 36, 6, 57, 94, 88, 65, 56, 79, 40, 67, 68, 46, 75, 38, 9, 19, 32, 81, 41, 27, 62, 87, 90, 99, 59, 11, 16, 72, 73, 70, 39, 37, 84, 3, 92, 25, 55, 28, 29, 51, 7, 33, 61, 86, 66, 89, 50, 48, 96, 53, 80, 4, 8, 34, 49, 52, 0, 13, 2, 69, 74]|[1, 1, 0, 1, 1, 1, 2, 2, 1, 1, 2, 2, 2, 1, 1, 0, 0, 1, 0, 2, 2, 0, 1, 2, 0, 1, 2, 2, 0, 0, 1, 2, 1, 2, 1, 0, 2, 0, 1, 1, 0, 1, 1, 1, 0, 2, 1, 1, 0, 0, 0, 0, 1, 1, 2, 1, 2, 0, 0, 0, 2, 1, 0, 1, 2, 1, 2, 1, 1, 1, 1, 1, 1, 0, 1, 1, 0, 0, 0, 1, 2, 1, 0, 2, 1, 0, 0, 0, 0, 0, 0, 1, 2, 0, 1, 0, 0, 0, 1, 2]|[4, 3, 2, 2, 0, 0, 2, 2, 2, 4, 1, 1, 2, 4, 4, 1, 2, 4, 2, 1, 1, 1, 1, 2, 1, 2, 1, 1, 1, 1, 3, 2, 3, 0, 4, 0, 1, 1, 0, 3, 2, 2, 4, 0, 1, 1, 0, 2, 0, 1, 2, 2, 1, 4, 0, 3, 2, 1, 1, 2, 1, 3, 1, 1, 1, 3, 0, 4, 3, 1, 4, 1, 1, 2, 4, 4, 2, 1, 1, 3, 1, 3, 1, 1, 1, 1, 1, 1, 2, 1, 2, 3, 1, 1, 1, 2, 2, 2, 3, 1]|[0, 2, 1, 1, 3, 3, 0, 0, 1, 0, 0, 0, 1, 0, 1, 0, 0, 3, 1, 0, 0, 0, 3, 1, 0, 2, 0, 0, 0, 1, 0, 0, 0, 0, 3, 0, 1, 0, 0, 2, 1, 1, 2, 0, 0, 0, 0, 1, 1, 0, 0, 0, 1, 3, 0, 0, 1, 0, 0, 1, 0, 2, 0, 1, 0, 2, 1, 0, 0, 1, 1, 3, 1, 1, 3, 3, 1, 0, 0, 2, 0, 0, 0, 0, 1, 0, 0, 0, 1, 0, 1, 2, 0, 1, 1, 0, 0, 0, 0, 0],802.1274951829081,57949.43073711903,89651.64312139984,false
30,G1_CMAX,G1_CMAX,[31, 22, 82, 15, 26, 99, 95, 42, 77, 12, 47, 5, 93, 78, 86, 54, 21, 63, 18, 44, 20, 35, 43, 97, 91, 76, 10, 30, 85, 45, 71, 64, 1, 23, 17, 83, 24, 14, 60, 36, 6, 57, 40, 88, 65, 56, 79, 94, 67, 68, 46, 75, 38, 9, 19, 32, 41, 81, 27, 87, 90, 58, 59, 11, 16, 72, 73, 70, 39, 37, 84, 3, 92, 25, 55, 48, 62, 29, 51, 96, 33, 61, 98, 28, 89, 50, 4, 7, 53, 80, 52, 66, 34, 49, 8, 0, 74, 69, 2, 13]|[1, 1, 0, 1, 1, 0, 1, 1, 2, 1, 2, 2, 2, 1, 1, 0, 0, 1, 0, 2, 2, 0, 1, 2, 0, 1, 2, 2, 0, 0, 1, 2, 1, 2, 1, 0, 2, 0, 1, 1, 0, 1, 1, 1, 0, 2, 1, 1, 0, 0, 0, 0, 1, 1, 2, 1, 0, 2, 0, 2, 1, 0, 1, 2, 1, 2, 1, 1, 1, 1, 1, 1, 0, 1, 2, 0, 0, 0, 0, 2, 2, 1, 2, 0, 1, 0, 1, 2, 0, 0, 1, 2, 2, 0, 1, 0, 2, 1, 0, 0]|[0, 3, 2, 2, 4, 1, 2, 3, 2, 4, 1, 1, 2, 4, 4, 1, 1, 4, 2, 1, 1, 1, 1, 2, 1, 2, 1, 1, 2, 1, 3, 2, 3, 1, 4, 0, 1, 1, 0, 3, 2, 2, 2, 0, 1, 1, 0, 4, 0, 1, 2, 2, 1, 4, 0, 3, 1, 1, 1, 1, 3, 1, 1, 1, 3, 0, 4, 3, 1, 4, 1, 1, 0, 4, 1, 1, 2, 1, 1, 1, 1, 3, 1, 2, 1, 1, 4, 1, 2, 1, 1, 1, 1, 1, 3, 2, 1, 4, 2, 2]|[0, 2, 1, 1, 3, 0, 1, 3, 0, 0, 0, 0, 1, 0, 1, 0, 0, 3, 1, 0, 0, 0, 3, 1, 0, 2, 0, 0, 0, 1, 0, 0, 0, 0, 3, 0, 1, 0, 0, 2, 1, 1, 1, 0, 0, 0, 0, 2, 1, 0, 0, 0, 1, 3, 0, 0, 0, 0, 0, 0, 2, 0, 1, 0, 2, 1, 0, 0, 1, 1, 3, 1, 1, 3, 0, 0, 1, 0, 0, 0, 0, 0, 0, 1, 1, 0, 0, 0, 1, 0, 1, 0, 0, 1, 2, 0, 0, 2, 0, 0],731.2476204416437,56784.74762275103,92889.2977037672,false
30,G4_BALANCED,G2_TEC,[31, 22, 82, 15, 26, 9, 95, 42, 77, 68, 47, 5, 93, 78, 86, 54, 85, 63, 18, 44, 20, 49, 36, 14, 74, 50, 53, 17, 21, 28, 11, 64, 3, 23, 30, 83, 24, 41, 40, 52, 65, 27, 90, 70, 39, 87, 48, 69, 99, 4, 46, 1, 13, 58, 19, 59, 45, 8, 73, 37, 35, 79, 71, 66, 76, 32, 60, 80, 96, 6, 16, 61, 33, 7, 57, 34, 12, 67, 10, 98, 56, 88, 43, 75, 91, 38, 84, 92, 29, 97, 2, 72, 89, 25, 51, 81, 94, 55, 62, 0]|[2, 1, 2, 1, 1, 2, 1, 1, 1, 1, 1, 0, 2, 2, 1, 2, 0, 0, 0, 2, 2, 1, 0, 2, 0, 2, 2, 1, 0, 1, 1, 1, 0, 0, 1, 0, 2, 1, 2, 2, 0, 0, 1, 1, 0, 2, 0, 2, 1, 0, 0, 2, 0, 0, 1, 0, 1, 0, 0, 0, 2, 1, 1, 1, 2, 0, 2, 2, 0, 1, 2, 1, 1, 2, 0, 1, 1, 1, 1, 2, 2, 1, 1, 0, 1, 0, 0, 0, 1, 1, 2, 1, 1, 1, 1, 1, 2, 0, 1, 0]|[0, 3, 0, 3, 4, 1, 4, 4, 2, 4, 3, 2, 1, 0, 2, 1, 1, 1, 2, 1, 1, 3, 0, 1, 0, 1, 1, 4, 1, 4, 3, 2, 2, 0, 4, 1, 1, 4, 1, 1, 2, 1, 4, 4, 1, 1, 0, 1, 3, 2, 2, 1, 2, 1, 4, 2, 4, 2, 0, 2, 2, 3, 3, 1, 1, 2, 1, 1, 2, 4, 1, 3, 4, 1, 2, 4, 3, 3, 3, 1, 1, 4, 4, 2, 3, 2, 2, 2, 3, 4, 1, 4, 4, 4, 3, 4, 1, 2, 3, 2]|[0, 2, 0, 0, 3, 0, 1, 3, 0, 0, 2, 0, 1, 0, 1, 0, 0, 0, 1, 0, 0, 2, 0, 0, 1, 0, 0, 3, 0, 1, 0, 2, 0, 1, 3, 0, 1, 3, 0, 0, 0, 0, 1, 3, 0, 0, 1, 0, 2, 0, 0, 0, 0, 0, 3, 0, 1, 0, 1, 1, 0, 2, 0, 2, 0, 0, 0, 0, 0, 2, 0, 0, 1, 0, 0, 1, 0, 0, 3, 0, 0, 1, 2, 0, 0, 0, 0, 0, 3, 1, 0, 1, 1, 3, 0, 2, 0, 0, 0, 0],920.5033276937828,50195.78400608986,105342.47969327762,true
30,G2_TEC,G2_TEC,[31, 22, 82, 15, 26, 9, 95, 42, 77, 68, 47, 5, 93, 78, 86, 54, 85, 63, 18, 44, 20, 49, 36, 14, 74, 50, 53, 17, 21, 28, 11, 64, 3, 23, 30, 83, 24, 41, 40, 52, 65, 27, 90, 70, 39, 87, 48, 69, 99, 4, 46, 1, 13, 58, 97, 59, 45, 8, 73, 37, 35, 79, 71, 66, 76, 32, 60, 80, 96, 6, 16, 61, 33, 7, 57, 34, 12, 67, 10, 98, 56, 88, 43, 75, 91, 38, 84, 92, 29, 19, 51, 72, 89, 25, 2, 81, 94, 55, 62, 0]|[2, 1, 2, 1, 1, 2, 1, 1, 1, 1, 1, 0, 2, 2, 1, 2, 0, 0, 0, 2, 2, 1, 0, 2, 0, 2, 2, 1, 0, 1, 1, 1, 0, 0, 1, 0, 2, 1, 2, 2, 0, 0, 1, 1, 0, 2, 0, 2, 1, 0, 0, 2, 0, 0, 2, 0, 1, 1, 0, 0, 2, 1, 1, 1, 2, 0, 2, 2, 0, 1, 2, 1, 1, 2, 0, 1, 2, 1, 1, 2, 2, 1, 1, 0, 1, 0, 0, 0, 1, 1, 1, 1, 1, 1, 2, 1, 2, 0, 1, 0]|[0, 3, 0, 3, 4, 1, 4, 4, 2, 4, 3, 2, 1, 0, 2, 1, 1, 1, 2, 1, 1, 3, 0, 1, 0, 1, 1, 4, 1, 4, 3, 2, 2, 0, 4, 1, 1, 4, 1, 1, 2, 1, 4, 4, 1, 1, 0, 2, 3, 2, 2, 1, 2, 1, 1, 2, 4, 3, 0, 2, 2, 3, 3, 1, 1, 2, 1, 1, 2, 4, 1, 3, 4, 1, 2, 4, 1, 3, 3, 1, 1, 4, 4, 2, 3, 2, 2, 2, 3, 4, 3, 4, 4, 4, 1, 4, 1, 2, 3, 2]|[0, 2, 0, 0, 3, 0, 1, 3, 0, 0, 2, 0, 1, 0, 1, 0, 0, 0, 1, 0, 0, 2, 0, 0, 1, 0, 0, 3, 0, 1, 0, 2, 0, 0, 3, 0, 1, 1, 0, 0, 0, 0, 1, 3, 0, 0, 1, 0, 2, 0, 0, 0, 0, 0, 1, 0, 1, 0, 1, 1, 0, 2, 0, 2, 0, 0, 0, 0, 0, 2, 0, 0, 1, 0, 0, 1, 0, 0, 3, 0, 0, 1, 2, 0, 0, 0, 0, 0, 3, 1, 0, 1, 1, 3, 0, 2, 0, 0, 0, 0],882.9438068981488,49811.41861925377,107369.92734801112,false
30,G3_TWC,G3_TWC,[31, 22, 82, 15, 26, 58, 77, 95, 42, 12, 47, 5, 93, 78, 98, 54, 85, 63, 18, 44, 20, 35, 43, 97, 91, 76, 10, 30, 21, 45, 71, 64, 1, 23, 17, 83, 24, 14, 60, 36, 6, 57, 94, 88, 65, 56, 79, 40, 67, 68, 46, 75, 38, 9, 19, 32, 81, 41, 27, 62, 87, 90, 99, 59, 11, 16, 72, 73, 70, 39, 37, 84, 3, 92, 25, 55, 28, 29, 51, 7, 33, 61, 86, 66, 89, 50, 48, 96, 53, 80, 4, 8, 34, 49, 52, 0, 13, 2, 69, 74]|[1, 1, 0, 1, 1, 1, 2, 2, 1, 1, 2, 2, 2, 1, 1, 0, 0, 1, 0, 2, 2, 0, 1, 2, 0, 1, 2, 2, 0, 0, 1, 2, 1, 2, 1, 0, 2, 0, 1, 1, 0, 1, 1, 1, 0, 2, 1, 1, 0, 0, 0, 0, 1, 1, 2, 1, 2, 0, 0, 0, 2, 1, 0, 1, 2, 1, 2, 1, 1, 1, 1, 1, 1, 0, 1, 1, 0, 0, 0, 1, 2, 1, 0, 2, 1, 0, 0, 0, 0, 0, 0, 1, 2, 0, 1, 0, 0, 0, 1, 2]|[4, 3, 2, 2, 0, 0, 2, 2, 2, 4, 1, 1, 2, 4, 4, 1, 2, 4, 2, 1, 1, 1, 1, 2, 1, 2, 1, 1, 1, 1, 3, 2, 3, 0, 4, 0, 1, 1, 0, 3, 2, 2, 4, 0, 1, 1, 0, 2, 0, 1, 2, 2, 1, 4, 0, 3, 2, 1, 1, 2, 1, 3, 1, 1, 1, 3, 0, 4, 3, 1, 4, 1, 1, 2, 4, 4, 2, 1, 1, 3, 1, 3, 1, 1, 1, 1, 1, 1, 2, 1, 2, 3, 1, 1, 1, 2, 2, 2, 3, 1]|[0, 2, 1, 1, 3, 3, 0, 0, 1, 0, 0, 0, 1, 0, 1, 0, 0, 3, 1, 0, 0, 0, 3, 1, 0, 2, 0, 0, 0, 1, 0, 0, 0, 0, 3, 0, 1, 0, 0, 2, 1, 1, 2, 0, 0, 0, 0, 1, 1, 0, 0, 0, 1, 3, 0, 0, 1, 0, 0, 1, 0, 2, 0, 1, 0, 2, 1, 0, 0, 1, 1, 3, 1, 1, 3, 3, 1, 0, 0, 2, 0, 0, 0, 0, 1, 0, 0, 0, 1, 0, 1, 2, 0, 1, 1, 0, 0, 0, 0, 0],802.1274951829081,57949.43073711903,89651.64312139984,false
30,G1_CMAX,G1_CMAX,[31, 22, 82, 15, 26, 99, 95, 42, 77, 12, 47, 5, 93, 78, 86, 54, 21, 63, 18, 44, 20, 35, 43, 97, 91, 76, 10, 30, 85, 45, 71, 64, 1, 23, 17, 83, 24, 14, 60, 36, 6, 57, 40, 88, 65, 56, 79, 94, 67, 68, 46, 75, 38, 9, 19, 32, 41, 81, 27, 87, 90, 58, 59, 11, 16, 72, 73, 70, 39, 37, 84, 3, 92, 25, 55, 48, 62, 29, 51, 96, 33, 61, 98, 28, 89, 50, 4, 7, 53, 80, 52, 66, 34, 49, 8, 0, 74, 69, 2, 13]|[1, 1, 0, 1, 1, 0, 1, 1, 2, 1, 2, 2, 2, 1, 1, 0, 0, 1, 0, 2, 2, 0, 1, 2, 0, 1, 2, 2, 0, 0, 1, 2, 1, 2, 1, 0, 2, 0, 1, 1, 0, 1, 1, 1, 0, 2, 1, 1, 0, 0, 0, 0, 1, 1, 2, 1, 0, 2, 0, 2, 1, 0, 1, 2, 1, 2, 1, 1, 1, 1, 1, 1, 0, 1, 2, 0, 0, 0, 0, 2, 2, 1, 2, 0, 1, 0, 1, 2, 0, 0, 1, 2, 2, 0, 1, 0, 2, 1, 0, 0]|[0, 3, 2, 2, 4, 1, 2, 3, 2, 4, 1, 1, 2, 4, 4, 1, 1, 4, 2, 1, 1, 1, 1, 2, 1, 2, 1, 1, 2, 1, 3, 2, 3, 1, 4, 0, 1, 1, 0, 3, 2, 2, 2, 0, 1, 1, 0, 4, 0, 1, 2, 2, 1, 4, 0, 3, 1, 1, 1, 1, 3, 1, 1, 1, 3, 0, 4, 3, 1, 4, 1, 1, 0, 4, 1, 1, 2, 1, 1, 1, 1, 3, 1, 2, 1, 1, 4, 1, 2, 1, 1, 1, 1, 1, 3, 2, 1, 4, 2, 2]|[0, 2, 1, 1, 3, 0, 1, 3, 0, 0, 0, 0, 1, 0, 1, 0, 0, 3, 1, 0, 0, 0, 3, 1, 0, 2, 0, 0, 0, 1, 0, 0, 0, 0, 3, 0, 1, 0, 0, 2, 1, 1, 1, 0, 0, 0, 0, 2, 1, 0, 0, 0, 1, 3, 0, 0, 0, 0, 0, 0, 2, 0, 1, 0, 2, 1, 0, 0, 1, 1, 3, 1, 1, 3, 0, 0, 1, 0, 0, 0, 0, 0, 0, 1, 1, 0, 0, 0, 1, 0, 1, 0, 0, 1, 2, 0, 0, 2, 0, 0],731.2476204416437,56784.74762275103,92889.2977037672,false
30,G4_BALANCED,G3_TWC,[31, 22, 82, 15, 26, 58, 95, 42, 77, 12, 47, 5, 93, 78, 98, 54, 85, 63, 18, 44, 20, 35, 43, 97, 91, 76, 68, 30, 21, 45, 71, 64, 1, 23, 17, 83, 24, 14, 60, 36, 6, 57, 94, 88, 65, 56, 79, 40, 67, 10, 46, 75, 38, 9, 19, 32, 81, 41, 27, 62, 87, 90, 99, 59, 11, 16, 72, 73, 70, 39, 37, 84, 3, 92, 25, 55, 28, 29, 51, 7, 33, 61, 86, 66, 89, 50, 48, 80, 53, 96, 8, 4, 34, 0, 52, 2, 13, 49, 69, 74]|[1, 1, 0, 1, 1, 1, 2, 1, 2, 1, 2, 2, 2, 1, 1, 0, 0, 1, 0, 2, 2, 0, 1, 2, 0, 1, 2, 2, 0, 0, 1, 2, 1, 2, 1, 0, 2, 0, 1, 1, 0, 1, 1, 1, 0, 2, 1, 1, 0, 0, 0, 0, 1, 1, 2, 1, 2, 0, 0, 0, 2, 1, 0, 1, 2, 1, 2, 1, 1, 1, 1, 1, 1, 0, 1, 1, 0, 0, 0, 1, 2, 1, 0, 2, 1, 0, 2, 0, 0, 0, 1, 0, 2, 0, 1, 0, 0, 0, 1, 2]|[4, 3, 2, 2, 0, 0, 2, 2, 2, 4, 1, 1, 2, 4, 4, 1, 2, 4, 2, 1, 1, 1, 1, 2, 1, 2, 1, 1, 1, 1, 3, 2, 3, 0, 4, 0, 1, 1, 0, 3, 2, 2, 4, 0, 1, 1, 0, 2, 0, 1, 2, 1, 1, 4, 0, 3, 2, 1, 1, 1, 1, 3, 1, 1, 1, 3, 0, 4, 3, 1, 4, 1, 1, 2, 4, 4, 2, 1, 1, 3, 1, 3, 1, 1, 1, 1, 1, 1, 2, 1, 3, 2, 1, 2, 1, 2, 2, 1, 3, 1]|[0, 2, 1, 1, 3, 3, 0, 1, 0, 0, 0, 0, 1, 0, 1, 0, 0, 3, 1, 0, 0, 0, 3, 1, 0, 2, 0, 0, 0, 1, 0, 0, 0, 0, 3, 0, 1, 0, 0, 2, 1, 1, 2, 0, 0, 0, 0, 1, 1, 0, 0, 0, 1, 3, 0, 0, 1, 0, 0, 0, 0, 2, 0, 1, 0, 2, 1, 0, 0, 1, 1, 3, 1, 1, 3, 3, 1, 0, 0, 2, 0, 0, 0, 0, 1, 0, 0, 0, 1, 0, 2, 1, 0, 0, 1, 0, 0, 1, 0, 0],780.0689672083862,57684.04891863173,90439.9076560027,true
30,G2_TEC,G2_TEC,[31, 22, 82, 15, 26, 9, 95, 42, 77, 68, 47, 5, 93, 78, 86, 54, 85, 63, 18, 44, 20, 49, 36, 14, 74, 50, 53, 17, 21, 28, 11, 64, 3, 23, 30, 83, 24, 41, 40, 52, 65, 27, 90, 70, 39, 87, 48, 69, 99, 4, 46, 1, 13, 58, 97, 59, 45, 8, 73, 37, 35, 79, 71, 66, 76, 32, 60, 80, 96, 6, 16, 61, 33, 7, 57, 34, 12, 67, 10, 98, 56, 88, 43, 75, 91, 38, 84, 92, 29, 19, 51, 72, 89, 25, 2, 81, 94, 55, 62, 0]|[2, 1, 2, 1, 1, 2, 1, 1, 1, 1, 1, 0, 2, 2, 1, 2, 0, 0, 0, 2, 2, 1, 0, 2, 0, 2, 2, 1, 0, 1, 1, 1, 0, 0, 1, 0, 2, 1, 2, 2, 0, 0, 1, 1, 0, 2, 0, 2, 1, 0, 0, 2, 0, 0, 2, 0, 1, 1, 0, 0, 2, 1, 1, 1, 2, 0, 2, 2, 0, 1, 2, 1, 1, 2, 0, 1, 2, 1, 1, 2, 2, 1, 1, 0, 1, 0, 0, 0, 1, 1, 1, 1, 1, 1, 2, 1, 2, 0, 1, 0]|[0, 3, 0, 3, 4, 1, 4, 4, 2, 4, 3, 2, 1, 0, 2, 1, 1, 1, 2, 1, 1, 3, 0, 1, 0, 1, 1, 4, 1, 4, 3, 2, 2, 0, 4, 1, 1, 4, 1, 1, 2, 1, 4, 4, 1, 1, 0, 2, 3, 2, 2, 1, 2, 1, 1, 2, 4, 3, 0, 2, 2, 3, 3, 1, 1, 2, 1, 1, 2, 4, 1, 3, 4, 1, 2, 4, 1, 3, 3, 1, 1, 4, 4, 2, 3, 2, 2, 2, 3, 4, 3, 4, 4, 4, 1, 4, 1, 2, 3, 2]|[0, 2, 0, 0, 3, 0, 1, 3, 0, 0, 2, 0, 1, 0, 1, 0, 0, 0, 1, 0, 0, 2, 0, 0, 1, 0, 0, 3, 0, 1, 0, 2, 0, 0, 3, 0, 1, 1, 0, 0, 0, 0, 1, 3, 0, 0, 1, 0, 2, 0, 0, 0, 0, 0, 1, 0, 1, 0, 1, 1, 0, 2, 0, 2, 0, 0, 0, 0, 0, 2, 0, 0, 1, 0, 0, 1, 0, 0, 3, 0, 0, 1, 2, 0, 0, 0, 0, 0, 3, 1, 0, 1, 1, 3, 0, 2, 0, 0, 0, 0],882.9438068981488,49811.41861925377,107369.92734801112,false
30,G3_TWC,G3_TWC,[31, 22, 82, 15, 26, 58, 77, 95, 42, 12, 47, 5, 93, 78, 98, 54, 85, 63, 18, 44, 20, 35, 43, 97, 91, 76, 10, 30, 21, 45, 71, 64, 1, 23, 17, 83, 24, 14, 60, 36, 6, 57, 94, 88, 65, 56, 79, 40, 67, 68, 46, 75, 38, 9, 19, 32, 81, 41, 27, 62, 87, 90, 99, 59, 11, 16, 72, 73, 70, 39, 37, 84, 3, 92, 25, 55, 28, 29, 51, 7, 33, 61, 86, 66, 89, 50, 48, 96, 53, 80, 4, 8, 34, 49, 52, 0, 13, 2, 69, 74]|[1, 1, 0, 1, 1, 1, 2, 2, 1, 1, 2, 2, 2, 1, 1, 0, 0, 1, 0, 2, 2, 0, 1, 2, 0, 1, 2, 2, 0, 0, 1, 2, 1, 2, 1, 0, 2, 0, 1, 1, 0, 1, 1, 1, 0, 2, 1, 1, 0, 0, 0, 0, 1, 1, 2, 1, 2, 0, 0, 0, 2, 1, 0, 1, 2, 1, 2, 1, 1, 1, 1, 1, 1, 0, 1, 1, 0, 0, 0, 1, 2, 1, 0, 2, 1, 0, 0, 0, 0, 0, 0, 1, 2, 0, 1, 0, 0, 0, 1, 2]|[4, 3, 2, 2, 0, 0, 2, 2, 2, 4, 1, 1, 2, 4, 4, 1, 2, 4, 2, 1, 1, 1, 1, 2, 1, 2, 1, 1, 1, 1, 3, 2, 3, 0, 4, 0, 1, 1, 0, 3, 2, 2, 4, 0, 1, 1, 0, 2, 0, 1, 2, 2, 1, 4, 0, 3, 2, 1, 1, 2, 1, 3, 1, 1, 1, 3, 0, 4, 3, 1, 4, 1, 1, 2, 4, 4, 2, 1, 1, 3, 1, 3, 1, 1, 1, 1, 1, 1, 2, 1, 2, 3, 1, 1, 1, 2, 2, 2, 3, 1]|[0, 2, 1, 1, 3, 3, 0, 0, 1, 0, 0, 0, 1, 0, 1, 0, 0, 3, 1, 0, 0, 0, 3, 1, 0, 2, 0, 0, 0, 1, 0, 0, 0, 0, 3, 0, 1, 0, 0, 2, 1, 1, 2, 0, 0, 0, 0, 1, 1, 0, 0, 0, 1, 3, 0, 0, 1, 0, 0, 1, 0, 2, 0, 1, 0, 2, 1, 0, 0, 1, 1, 3, 1, 1, 3, 3, 1, 0, 0, 2, 0, 0, 0, 0, 1, 0, 0, 0, 1, 0, 1, 2, 0, 1, 1, 0, 0, 0, 0, 0],802.1274951829081,57949.43073711903,89651.64312139984,false
30,G1_CMAX,G1_CMAX,[31, 22, 82, 15, 26, 99, 95, 42, 77, 12, 47, 5, 93, 78, 86, 54, 21, 63, 18, 44, 20, 35, 43, 97, 91, 76, 10, 30, 85, 45, 71, 64, 1, 23, 17, 83, 24, 14, 60, 36, 6, 57, 40, 88, 65, 56, 79, 94, 67, 68, 46, 75, 38, 9, 19, 32, 41, 81, 27, 87, 90, 58, 59, 11, 16, 72, 73, 70, 39, 37, 84, 3, 92, 25, 55, 48, 62, 29, 51, 96, 33, 61, 98, 28, 89, 50, 4, 7, 53, 80, 52, 66, 34, 49, 8, 0, 74, 69, 2, 13]|[1, 1, 0, 1, 1, 0, 1, 1, 2, 1, 2, 2, 2, 1, 1, 0, 0, 1, 0, 2, 2, 0, 1, 2, 0, 1, 2, 2, 0, 0, 1, 2, 1, 2, 1, 0, 2, 0, 1, 1, 0, 1, 1, 1, 0, 2, 1, 1, 0, 0, 0, 0, 1, 1, 2, 1, 0, 2, 0, 2, 1, 0, 1, 2, 1, 2, 1, 1, 1, 1, 1, 1, 0, 1, 2, 0, 0, 0, 0, 2, 2, 1, 2, 0, 1, 0, 1, 2, 0, 0, 1, 2, 2, 0, 1, 0, 2, 1, 0, 0]|[0, 3, 2, 2, 4, 1, 2, 3, 2, 4, 1, 1, 2, 4, 4, 1, 1, 4, 2, 1, 1, 1, 1, 2, 1, 2, 1, 1, 2, 1, 3, 2, 3, 1, 4, 0, 1, 1, 0, 3, 2, 2, 2, 0, 1, 1, 0, 4, 0, 1, 2, 2, 1, 4, 0, 3, 1, 1, 1, 1, 3, 1, 1, 1, 3, 0, 4, 3, 1, 4, 1, 1, 0, 4, 1, 1, 2, 1, 1, 1, 1, 3, 1, 2, 1, 1, 4, 1, 2, 1, 1, 1, 1, 1, 3, 2, 1, 4, 2, 2]|[0, 2, 1, 1, 3, 0, 1, 3, 0, 0, 0, 0, 1, 0, 1, 0, 0, 3, 1, 0, 0, 0, 3, 1, 0, 2, 0, 0, 0, 1, 0, 0, 0, 0, 3, 0, 1, 0, 0, 2, 1, 1, 1, 0, 0, 0, 0, 2, 1, 0, 0, 0, 1, 3, 0, 0, 0, 0, 0, 0, 2, 0, 1, 0, 2, 1, 0, 0, 1, 1, 3, 1, 1, 3, 0, 0, 1, 0, 0, 0, 0, 0, 0, 1, 1, 0, 0, 0, 1, 0, 1, 0, 0, 1, 2, 0, 0, 2, 0, 0],731.2476204416437,56784.74762275103,92889.2977037672,false
30,G4_BALANCED,G3_TWC,[31, 22, 82, 15, 26, 58, 95, 42, 77, 12, 47, 5, 93, 78, 98, 54, 85, 63, 18, 44, 20, 35, 43, 97, 91, 76, 68, 30, 21, 45, 71, 64, 1, 23, 17, 83, 24, 14, 60, 36, 6, 57, 94, 88, 65, 56, 79, 40, 67, 10, 46, 75, 38, 9, 19, 32, 81, 41, 27, 62, 87, 90, 99, 59, 11, 16, 72, 73, 70, 39, 37, 84, 3, 92, 25, 55, 28, 29, 51, 7, 33, 61, 86, 66, 89, 50, 48, 80, 53, 96, 8, 4, 34, 0, 52, 2, 13, 49, 69, 74]|[1, 1, 0, 1, 1, 1, 2, 1, 2, 1, 2, 2, 2, 1, 1, 0, 0, 1, 0, 2, 2, 0, 1, 2, 0, 1, 2, 2, 0, 0, 1, 2, 1, 2, 1, 0, 2, 0, 1, 1, 0, 1, 1, 1, 0, 2, 1, 1, 0, 0, 0, 0, 1, 1, 2, 1, 2, 0, 0, 0, 2, 1, 0, 1, 2, 1, 2, 1, 1, 1, 1, 1, 1, 0, 1, 1, 0, 0, 0, 1, 2, 1, 0, 2, 1, 0, 2, 0, 0, 0, 1, 0, 2, 0, 1, 0, 0, 0, 1, 2]|[4, 3, 2, 2, 0, 0, 2, 2, 2, 4, 1, 1, 2, 4, 4, 1, 2, 4, 2, 1, 1, 1, 1, 2, 1, 2, 1, 1, 1, 1, 3, 2, 3, 0, 4, 0, 1, 1, 0, 3, 2, 2, 4, 0, 1, 1, 0, 2, 0, 1, 2, 1, 1, 4, 0, 3, 2, 1, 1, 1, 1, 3, 1, 1, 1, 3, 0, 4, 3, 1, 4, 1, 1, 2, 4, 4, 2, 1, 1, 3, 1, 3, 1, 1, 1, 1, 1, 1, 2, 1, 3, 2, 1, 2, 1, 2, 2, 1, 3, 1]|[0, 2, 1, 1, 3, 3, 0, 1, 0, 0, 0, 0, 1, 0, 1, 0, 0, 3, 1, 0, 0, 0, 3, 1, 0, 2, 0, 0, 0, 1, 0, 0, 0, 0, 3, 0, 1, 0, 0, 2, 1, 1, 2, 0, 0, 0, 0, 1, 1, 0, 0, 0, 1, 3, 0, 0, 1, 0, 0, 0, 0, 2, 0, 1, 0, 2, 1, 0, 0, 1, 1, 3, 1, 1, 3, 3, 1, 0, 0, 2, 0, 0, 0, 0, 1, 0, 0, 0, 1, 0, 2, 1, 0, 0, 1, 0, 0, 1, 0, 0],780.0689672083862,57684.04891863173,90439.9076560027,true
30,G2_TEC,G2_TEC,[31, 22, 82, 15, 26, 9, 95, 42, 77, 68, 47, 5, 93, 78, 86, 54, 85, 63, 18, 44, 20, 49, 36, 14, 74, 50, 53, 17, 21, 28, 11, 64, 3, 23, 30, 83, 24, 41, 40, 52, 65, 27, 90, 70, 39, 87, 48, 69, 99, 4, 46, 1, 13, 58, 97, 59, 45, 8, 73, 37, 35, 79, 71, 66, 76, 32, 60, 80, 96, 6, 16, 61, 33, 7, 57, 34, 12, 67, 10, 98, 56, 88, 43, 75, 91, 38, 84, 92, 29, 19, 51, 72, 89, 25, 2, 81, 94, 55, 62, 0]|[2, 1, 2, 1, 1, 2, 1, 1, 1, 1, 1, 0, 2, 2, 1, 2, 0, 0, 0, 2, 2, 1, 0, 2, 0, 2, 2, 1, 0, 1, 1, 1, 0, 0, 1, 0, 2, 1, 2, 2, 0, 0, 1, 1, 0, 2, 0, 2, 1, 0, 0, 2, 0, 0, 2, 0, 1, 1, 0, 0, 2, 1, 1, 1, 2, 0, 2, 2, 0, 1, 2, 1, 1, 2, 0, 1, 2, 1, 1, 2, 2, 1, 1, 0, 1, 0, 0, 0, 1, 1, 1, 1, 1, 1, 2, 1, 2, 0, 1, 0]|[0, 3, 0, 3, 4, 1, 4, 4, 2, 4, 3, 2, 1, 0, 2, 1, 1, 1, 2, 1, 1, 3, 0, 1, 0, 1, 1, 4, 1, 4, 3, 2, 2, 0, 4, 1, 1, 4, 1, 1, 2, 1, 4, 4, 1, 1, 0, 2, 3, 2, 2, 1, 2, 1, 1, 2, 4, 3, 0, 2, 2, 3, 3, 1, 1, 2, 1, 1, 2, 4, 1, 3, 4, 1, 2, 4, 1, 3, 3, 1, 1, 4, 4, 2, 3, 2, 2, 2, 3, 4, 3, 4, 4, 4, 1, 4, 1, 2, 3, 2]|[0, 2, 0, 0, 3, 0, 1, 3, 0, 0, 2, 0, 1, 0, 1, 0, 0, 0, 1, 0, 0, 2, 0, 0, 1, 0, 0, 3, 0, 1, 0, 2, 0, 0, 3, 0, 1, 1, 0, 0, 0, 0, 1, 3, 0, 0, 1, 0, 2, 0, 0, 0, 0, 0, 1, 0, 1, 0, 1, 1, 0, 2, 0, 2, 0, 0, 0, 0, 0, 2, 0, 0, 1, 0, 0, 1, 0, 0, 3, 0, 0, 1, 2, 0, 0, 0, 0, 0, 3, 1, 0, 1, 1, 3, 0, 2, 0, 0, 0, 0],882.9438068981488,49811.41861925377,107369.92734801112,false
30,G3_TWC,G3_TWC,[31, 22, 82, 15, 26, 58, 77, 95, 42, 12, 47, 5, 93, 78, 98, 54, 85, 63, 18, 44, 20, 35, 43, 97, 91, 76, 10, 30, 21, 45, 71, 64, 1, 23, 17, 83, 24, 14, 60, 36, 6, 57, 94, 88, 65, 56, 79, 40, 67, 68, 46, 75, 38, 9, 19, 32, 81, 41, 27, 62, 87, 90, 99, 59, 11, 16, 72, 73, 70, 39, 37, 84, 3, 92, 25, 55, 28, 29, 51, 7, 33, 61, 86, 66, 89, 50, 48, 96, 53, 80, 4, 8, 34, 49, 52, 0, 13, 2, 69, 74]|[1, 1, 0, 1, 1, 1, 2, 2, 1, 1, 2, 2, 2, 1, 1, 0, 0, 1, 0, 2, 2, 0, 1, 2, 0, 1, 2, 2, 0, 0, 1, 2, 1, 2, 1, 0, 2, 0, 1, 1, 0, 1, 1, 1, 0, 2, 1, 1, 0, 0, 0, 0, 1, 1, 2, 1, 2, 0, 0, 0, 2, 1, 0, 1, 2, 1, 2, 1, 1, 1, 1, 1, 1, 0, 1, 1, 0, 0, 0, 1, 2, 1, 0, 2, 1, 0, 0, 0, 0, 0, 0, 1, 2, 0, 1, 0, 0, 0, 1, 2]|[4, 3, 2, 2, 0, 0, 2, 2, 2, 4, 1, 1, 2, 4, 4, 1, 2, 4, 2, 1, 1, 1, 1, 2, 1, 2, 1, 1, 1, 1, 3, 2, 3, 0, 4, 0, 1, 1, 0, 3, 2, 2, 4, 0, 1, 1, 0, 2, 0, 1, 2, 2, 1, 4, 0, 3, 2, 1, 1, 2, 1, 3, 1, 1, 1, 3, 0, 4, 3, 1, 4, 1, 1, 2, 4, 4, 2, 1, 1, 3, 1, 3, 1, 1, 1, 1, 1, 1, 2, 1, 2, 3, 1, 1, 1, 2, 2, 2, 3, 1]|[0, 2, 1, 1, 3, 3, 0, 0, 1, 0, 0, 0, 1, 0, 1, 0, 0, 3, 1, 0, 0, 0, 3, 1, 0, 2, 0, 0, 0, 1, 0, 0, 0, 0, 3, 0, 1, 0, 0, 2, 1, 1, 2, 0, 0, 0, 0, 1, 1, 0, 0, 0, 1, 3, 0, 0, 1, 0, 0, 1, 0, 2, 0, 1, 0, 2, 1, 0, 0, 1, 1, 3, 1, 1, 3, 3, 1, 0, 0, 2, 0, 0, 0, 0, 1, 0, 0, 0, 1, 0, 1, 2, 0, 1, 1, 0, 0, 0, 0, 0],802.1274951829081,57949.43073711903,89651.64312139984,false
30,G1_CMAX,G1_CMAX,[31, 22, 82, 15, 26, 99, 95, 42, 77, 12, 47, 5, 93, 78, 86, 54, 21, 63, 18, 44, 20, 35, 43, 97, 91, 76, 10, 30, 85, 45, 71, 64, 1, 23, 17, 83, 24, 14, 60, 36, 6, 57, 40, 88, 65, 56, 79, 94, 67, 68, 46, 75, 38, 9, 19, 32, 41, 81, 27, 87, 90, 58, 59, 11, 16, 72, 73, 70, 39, 37, 84, 3, 92, 25, 55, 48, 62, 29, 51, 96, 33, 61, 98, 28, 89, 50, 4, 7, 53, 80, 52, 66, 34, 49, 8, 0, 74, 69, 2, 13]|[1, 1, 0, 1, 1, 0, 1, 1, 2, 1, 2, 2, 2, 1, 1, 0, 0, 1, 0, 2, 2, 0, 1, 2, 0, 1, 2, 2, 0, 0, 1, 2, 1, 2, 1, 0, 2, 0, 1, 1, 0, 1, 1, 1, 0, 2, 1, 1, 0, 0, 0, 0, 1, 1, 2, 1, 0, 2, 0, 2, 1, 0, 1, 2, 1, 2, 1, 1, 1, 1, 1, 1, 0, 1, 2, 0, 0, 0, 0, 2, 2, 1, 2, 0, 1, 0, 1, 2, 0, 0, 1, 2, 2, 0, 1, 0, 2, 1, 0, 0]|[0, 3, 2, 2, 4, 1, 2, 3, 2, 4, 1, 1, 2, 4, 4, 1, 1, 4, 2, 1, 1, 1, 1, 2, 1, 2, 1, 1, 2, 1, 3, 2, 3, 1, 4, 0, 1, 1, 0, 3, 2, 2, 2, 0, 1, 1, 0, 4, 0, 1, 2, 2, 1, 4, 0, 3, 1, 1, 1, 1, 3, 1, 1, 1, 3, 0, 4, 3, 1, 4, 1, 1, 0, 4, 1, 1, 2, 1, 1, 1, 1, 3, 1, 2, 1, 1, 4, 1, 2, 1, 1, 1, 1, 1, 3, 2, 1, 4, 2, 2]|[0, 2, 1, 1, 3, 0, 1, 3, 0, 0, 0, 0, 1, 0, 1, 0, 0, 3, 1, 0, 0, 0, 3, 1, 0, 2, 0, 0, 0, 1, 0, 0, 0, 0, 3, 0, 1, 0, 0, 2, 1, 1, 1, 0, 0, 0, 0, 2, 1, 0, 0, 0, 1, 3, 0, 0, 0, 0, 0, 0, 2, 0, 1, 0, 2, 1, 0, 0, 1, 1, 3, 1, 1, 3, 0, 0, 1, 0, 0, 0, 0, 0, 0, 1, 1, 0, 0, 0, 1, 0, 1, 0, 0, 1, 2, 0, 0, 2, 0, 0],731.2476204416437,56784.74762275103,92889.2977037672,false
30,G4_BALANCED,G4_BALANCED,[31, 11, 15, 82, 26, 9, 95, 32, 77, 68, 47, 5, 93, 78, 86, 54, 85, 63, 18, 44, 20, 49, 36, 14, 74, 50, 53, 17, 21, 45, 71, 64, 3, 23, 30, 83, 24, 41, 60, 52, 65, 27, 90, 70, 39, 87, 48, 69, 99, 4, 46, 1, 13, 58, 97, 59, 28, 75, 73, 37, 35, 40, 22, 66, 76, 42, 79, 80, 96, 6, 16, 61, 33, 7, 57, 34, 12, 67, 10, 98, 88, 56, 29, 8, 91, 38, 72, 92, 43, 84, 51, 19, 81, 25, 2, 55, 94, 89, 62, 0]|[2, 1, 1, 1, 1, 2, 1, 1, 1, 1, 1, 0, 2, 2, 1, 2, 0, 0, 0, 2, 2, 1, 0, 2, 0, 2, 2, 1, 0, 1, 1, 1, 0, 0, 1, 0, 2, 1, 2, 2, 0, 0, 1, 1, 0, 2, 0, 1, 1, 0, 0, 2, 0, 0, 2, 0, 1, 0, 0, 0, 1, 2, 0, 2, 2, 0, 1, 2, 0, 1, 2, 1, 1, 2, 0, 1, 1, 1, 1, 2, 2, 2, 1, 1, 1, 0, 1, 0, 1, 0, 1, 1, 1, 1, 2, 0, 2, 1, 1, 0]|[0, 3, 2, 3, 4, 1, 4, 4, 2, 4, 3, 2, 1, 0, 2, 1, 1, 1, 2, 1, 1, 3, 0, 1, 0, 1, 1, 4, 1, 4, 3, 2, 2, 0, 4, 1, 1, 4, 0, 1, 2, 1, 4, 4, 1, 1, 0, 4, 3, 1, 2, 1, 2, 1, 1, 2, 4, 2, 0, 2, 3, 0, 1, 0, 1, 2, 3, 1, 2, 4, 1, 3, 4, 1, 2, 4, 3, 3, 3, 1, 1, 1, 3, 3, 3, 2, 4, 2, 4, 2, 3, 4, 1, 4, 1, 2, 1, 4, 3, 2]|[0, 2, 1, 0, 3, 0, 1, 3, 0, 0, 2, 0, 1, 0, 1, 0, 0, 0, 1, 0, 0, 2, 0, 0, 1, 0, 0, 3, 0, 1, 0, 2, 0, 1, 3, 0, 1, 3, 1, 0, 0, 0, 1, 3, 0, 0, 1, 1, 2, 0, 0, 0, 0, 0, 1, 0, 1, 0, 1, 1, 0, 0, 0, 0, 0, 0, 2, 0, 0, 2, 0, 0, 1, 0, 0, 1, 0, 0, 3, 0, 0, 0, 0, 0, 0, 0, 2, 0, 2, 0, 0, 1, 1, 3, 0, 0, 0, 1, 0, 0],886.5266578569763,51989.75967332948,105039.51838824725,false
30,G2_TEC,G2_TEC,[31, 22, 82, 15, 26, 9, 95, 42, 77, 68, 47, 5, 93, 78, 86, 54, 85, 63, 18, 44, 20, 49, 36, 14, 74, 50, 53, 17, 21, 28, 11, 64, 3, 23, 30, 83, 24, 41, 40, 52, 65, 27, 90, 70, 39, 87, 48, 69, 99, 4, 46, 1, 13, 58, 97, 59, 45, 8, 73, 37, 35, 79, 71, 66, 76, 32, 60, 80, 96, 6, 16, 61, 33, 7, 57, 34, 12, 67, 10, 98, 56, 88, 43, 75, 91, 38, 84, 92, 29, 19, 51, 72, 89, 25, 2, 81, 94, 55, 62, 0]|[2, 1, 2, 1, 1, 2, 1, 1, 1, 1, 1, 0, 2, 2, 1, 2, 0, 0, 0, 2, 2, 1, 0, 2, 0, 2, 2, 1, 0, 1, 1, 1, 0, 0, 1, 0, 2, 1, 2, 2, 0, 0, 1, 1, 0, 2, 0, 2, 1, 0, 0, 2, 0, 0, 2, 0, 1, 1, 0, 0, 2, 1, 1, 1, 2, 0, 2, 2, 0, 1, 2, 1, 1, 2, 0, 1, 2, 1, 1, 2, 2, 1, 1, 0, 1, 0, 0, 0, 1, 1, 1, 1, 1, 1, 2, 1, 2, 0, 1, 0]|[0, 3, 0, 3, 4, 1, 4, 4, 2, 4, 3, 2, 1, 0, 2, 1, 1, 1, 2, 1, 1, 3, 0, 1, 0, 1, 1, 4, 1, 4, 3, 2, 2, 0, 4, 1, 1, 4, 1, 1, 2, 1, 4, 4, 1, 1, 0, 2, 3, 2, 2, 1, 2, 1, 1, 2, 4, 3, 0, 2, 2, 3, 3, 1, 1, 2, 1, 1, 2, 4, 1, 3, 4, 1, 2, 4, 1, 3, 3, 1, 1, 4, 4, 2, 3, 2, 2, 2, 3, 4, 3, 4, 4, 4, 1, 4, 1, 2, 3, 2]|[0, 2, 0, 0, 3, 0, 1, 3, 0, 0, 2, 0, 1, 0, 1, 0, 0, 0, 1, 0, 0, 2, 0, 0, 1, 0, 0, 3, 0, 1, 0, 2, 0, 0, 3, 0, 1, 1, 0, 0, 0, 0, 1, 3, 0, 0, 1, 0, 2, 0, 0, 0, 0, 0, 1, 0, 1, 0, 1, 1, 0, 2, 0, 2, 0, 0, 0, 0, 0, 2, 0, 0, 1, 0, 0, 1, 0, 0, 3, 0, 0, 1, 2, 0, 0, 0, 0, 0, 3, 1, 0, 1, 1, 3, 0, 2, 0, 0, 0, 0],882.9438068981488,49811.41861925377,107369.92734801112,false
30,G3_TWC,G3_TWC,[31, 22, 82, 15, 26, 58, 77, 95, 42, 12, 47, 5, 93, 78, 98, 54, 85, 63, 18, 44, 20, 35, 43, 97, 91, 76, 10, 30, 21, 45, 71, 64, 1, 23, 17, 83, 24, 14, 60, 36, 6, 57, 94, 88, 65, 56, 79, 40, 67, 68, 46, 75, 38, 9, 19, 32, 81, 41, 27, 62, 87, 90, 99, 59, 11, 16, 72, 73, 70, 39, 37, 84, 3, 92, 25, 55, 28, 29, 51, 7, 33, 61, 86, 66, 89, 50, 48, 96, 53, 80, 4, 8, 34, 49, 52, 0, 13, 2, 69, 74]|[1, 1, 0, 1, 1, 1, 2, 2, 1, 1, 2, 2, 2, 1, 1, 0, 0, 1, 0, 2, 2, 0, 1, 2, 0, 1, 2, 2, 0, 0, 1, 2, 1, 2, 1, 0, 2, 0, 1, 1, 0, 1, 1, 1, 0, 2, 1, 1, 0, 0, 0, 0, 1, 1, 2, 1, 2, 0, 0, 0, 2, 1, 0, 1, 2, 1, 2, 1, 1, 1, 1, 1, 1, 0, 1, 1, 0, 0, 0, 1, 2, 1, 0, 2, 1, 0, 0, 0, 0, 0, 0, 1, 2, 0, 1, 0, 0, 0, 1, 2]|[4, 3, 2, 2, 0, 0, 2, 2, 2, 4, 1, 1, 2, 4, 4, 1, 2, 4, 2, 1, 1, 1, 1, 2, 1, 2, 1, 1, 1, 1, 3, 2, 3, 0, 4, 0, 1, 1, 0, 3, 2, 2, 4, 0, 1, 1, 0, 2, 0, 1, 2, 2, 1, 4, 0, 3, 2, 1, 1, 2, 1, 3, 1, 1, 1, 3, 0, 4, 3, 1, 4, 1, 1, 2, 4, 4, 2, 1, 1, 3, 1, 3, 1, 1, 1, 1, 1, 1, 2, 1, 2, 3, 1, 1, 1, 2, 2, 2, 3, 1]|[0, 2, 1, 1, 3, 3, 0, 0, 1, 0, 0, 0, 1, 0, 1, 0, 0, 3, 1, 0, 0, 0, 3, 1, 0, 2, 0, 0, 0, 1, 0, 0, 0, 0, 3, 0, 1, 0, 0, 2, 1, 1, 2, 0, 0, 0, 0, 1, 1, 0, 0, 0, 1, 3, 0, 0, 1, 0, 0, 1, 0, 2, 0, 1, 0, 2, 1, 0, 0, 1, 1, 3, 1, 1, 3, 3, 1, 0, 0, 2, 0, 0, 0, 0, 1, 0, 0, 0, 1, 0, 1, 2, 0, 1, 1, 0, 0, 0, 0, 0],802.1274951829081,57949.43073711903,89651.64312139984,false
30,G1_CMAX,G1_CMAX,[31, 22, 82, 15, 26, 99, 95, 42, 77, 12, 47, 5, 93, 78, 86, 54, 21, 63, 18, 44, 20, 35, 43, 97, 91, 76, 10, 30, 85, 45, 71, 64, 1, 23, 17, 83, 24, 14, 60, 36, 6, 57, 40, 88, 65, 56, 79, 94, 67, 68, 46, 75, 38, 9, 19, 32, 41, 81, 27, 87, 90, 58, 59, 11, 16, 72, 73, 70, 39, 37, 84, 3, 92, 25, 55, 48, 62, 29, 51, 96, 33, 61, 98, 28, 89, 50, 4, 7, 53, 80, 52, 66, 34, 49, 8, 0, 74, 69, 2, 13]|[1, 1, 0, 1, 1, 0, 1, 1, 2, 1, 2, 2, 2, 1, 1, 0, 0, 1, 0, 2, 2, 0, 1, 2, 0, 1, 2, 2, 0, 0, 1, 2, 1, 2, 1, 0, 2, 0, 1, 1, 0, 1, 1, 1, 0, 2, 1, 1, 0, 0, 0, 0, 1, 1, 2, 1, 0, 2, 0, 2, 1, 0, 1, 2, 1, 2, 1, 1, 1, 1, 1, 1, 0, 1, 2, 0, 0, 0, 0, 2, 2, 1, 2, 0, 1, 0, 1, 2, 0, 0, 1, 2, 2, 0, 1, 0, 2, 1, 0, 0]|[0, 3, 2, 2, 4, 1, 2, 3, 2, 4, 1, 1, 2, 4, 4, 1, 1, 4, 2, 1, 1, 1, 1, 2, 1, 2, 1, 1, 2, 1, 3, 2, 3, 1, 4, 0, 1, 1, 0, 3, 2, 2, 2, 0, 1, 1, 0, 4, 0, 1, 2, 2, 1, 4, 0, 3, 1, 1, 1, 1, 3, 1, 1, 1, 3, 0, 4, 3, 1, 4, 1, 1, 0, 4, 1, 1, 2, 1, 1, 1, 1, 3, 1, 2, 1, 1, 4, 1, 2, 1, 1, 1, 1, 1, 3, 2, 1, 4, 2, 2]|[0, 2, 1, 1, 3, 0, 1, 3, 0, 0, 0, 0, 1, 0, 1, 0, 0, 3, 1, 0, 0, 0, 3, 1, 0, 2, 0, 0, 0, 1, 0, 0, 0, 0, 3, 0, 1, 0, 0, 2, 1, 1, 1, 0, 0, 0, 0, 2, 1, 0, 0, 0, 1, 3, 0, 0, 0, 0, 0, 0, 2, 0, 1, 0, 2, 1, 0, 0, 1, 1, 3, 1, 1, 3, 0, 0, 1, 0, 0, 0, 0, 0, 0, 1, 1, 0, 0, 0, 1, 0, 1, 0, 0, 1, 2, 0, 0, 2, 0, 0],731.2476204416437,56784.74762275103,92889.2977037672,false
30,G4_BALANCED,G4_BALANCED,[31, 11, 15, 82, 26, 9, 95, 32, 77, 68, 47, 5, 93, 78, 86, 54, 85, 63, 18, 44, 20, 49, 36, 14, 74, 50, 53, 17, 21, 45, 71, 64, 3, 23, 30, 83, 24, 41, 60, 52, 65, 27, 90, 70, 39, 87, 48, 69, 99, 4, 46, 1, 13, 58, 97, 59, 28, 8, 73, 37, 35, 79, 22, 66, 76, 42, 40, 80, 96, 6, 16, 61, 33, 7, 57, 34, 12, 67, 10, 98, 56, 88, 29, 75, 91, 38, 19, 92, 43, 84, 51, 72, 81, 0, 2, 55, 94, 89, 62, 25]|[2, 1, 1, 2, 1, 2, 1, 1, 1, 1, 1, 0, 2, 2, 1, 2, 0, 0, 0, 2, 2, 1, 0, 2, 0, 2, 2, 1, 0, 1, 1, 1, 0, 0, 1, 0, 2, 1, 2, 2, 0, 0, 1, 1, 0, 2, 0, 2, 1, 0, 0, 2, 0, 0, 2, 0, 1, 1, 0, 0, 2, 1, 0, 2, 2, 0, 2, 2, 0, 1, 2, 1, 1, 2, 0, 1, 1, 1, 1, 2, 2, 1, 1, 0, 1, 0, 1, 0, 1, 0, 1, 1, 1, 0, 2, 0, 2, 1, 1, 1]|[1, 3, 2, 0, 4, 1, 4, 4, 2, 4, 3, 2, 1, 0, 2, 1, 1, 1, 2, 1, 1, 3, 0, 1, 0, 1, 1, 4, 1, 4, 3, 2, 2, 0, 4, 1, 1, 4, 0, 1, 2, 1, 4, 4, 1, 1, 0, 2, 3, 2, 2, 1, 2, 1, 1, 2, 4, 3, 0, 2, 2, 3, 1, 0, 1, 2, 0, 1, 2, 4, 1, 3, 4, 1, 2, 4, 3, 3, 3, 1, 1, 4, 3, 2, 3, 2, 4, 2, 4, 2, 3, 4, 1, 2, 1, 2, 1, 4, 3, 4]|[1, 2, 1, 0, 3, 0, 1, 3, 0, 0, 2, 0, 1, 0, 1, 0, 0, 0, 1, 0, 0, 2, 0, 0, 1, 0, 0, 3, 0, 1, 0, 2, 0, 1, 3, 0, 1, 3, 1, 0, 0, 0, 1, 3, 0, 0, 1, 0, 2, 0, 0, 0, 0, 0, 1, 0, 1, 0, 1, 1, 0, 2, 0, 0, 0, 0, 0, 0, 0, 2, 0, 0, 1, 0, 0, 1, 0, 0, 3, 0, 0, 1, 0, 0, 0, 0, 3, 0, 2, 0, 0, 2, 1, 0, 0, 0, 0, 1, 0, 3],846.6109372053031,52128.769557101376,106800.59864073119,false
30,G2_TEC,G2_TEC,[31, 22, 82, 15, 26, 9, 95, 42, 77, 68, 47, 5, 93, 78, 86, 54, 85, 63, 18, 44, 20, 49, 36, 14, 74, 50, 53, 17, 21, 28, 11, 64, 3, 23, 30, 83, 24, 41, 40, 52, 65, 27, 90, 70, 39, 87, 48, 69, 99, 4, 46, 1, 13, 58, 97, 59, 45, 8, 73, 37, 35, 79, 71, 66, 76, 32, 60, 80, 96, 6, 16, 61, 33, 7, 57, 34, 12, 67, 10, 98, 56, 88, 43, 75, 91, 38, 84, 92, 29, 19, 51, 72, 89, 25, 2, 81, 94, 55, 62, 0]|[2, 1, 2, 1, 1, 2, 1, 1, 1, 1, 1, 0, 2, 2, 1, 2, 0, 0, 0, 2, 2, 1, 0, 2, 0, 2, 2, 1, 0, 1, 1, 1, 0, 0, 1, 0, 2, 1, 2, 2, 0, 0, 1, 1, 0, 2, 0, 2, 1, 0, 0, 2, 0, 0, 2, 0, 1, 1, 0, 0, 2, 1, 1, 1, 2, 0, 2, 2, 0, 1, 2, 1, 1, 2, 0, 1, 2, 1, 1, 2, 2, 1, 1, 0, 1, 0, 0, 0, 1, 1, 1, 1, 1, 1, 2, 1, 2, 0, 1, 0]|[0, 3, 0, 3, 4, 1, 4, 4, 2, 4, 3, 2, 1, 0, 2, 1, 1, 1, 2, 1, 1, 3, 0, 1, 0, 1, 1, 4, 1, 4, 3, 2, 2, 0, 4, 1, 1, 4, 1, 1, 2, 1, 4, 4, 1, 1, 0, 2, 3, 2, 2, 1, 2, 1, 1, 2, 4, 3, 0, 2, 2, 3, 3, 1, 1, 2, 1, 1, 2, 4, 1, 3, 4, 1, 2, 4, 1, 3, 3, 1, 1, 4, 4, 2, 3, 2, 2, 2, 3, 4, 3, 4, 4, 4, 1, 4, 1, 2, 3, 2]|[0, 2, 0, 0, 3, 0, 1, 3, 0, 0, 2, 0, 1, 0, 1, 0, 0, 0, 1, 0, 0, 2, 0, 0, 1, 0, 0, 3, 0, 1, 0, 2, 0, 0, 3, 0, 1, 1, 0, 0, 0, 0, 1, 3, 0, 0, 1, 0, 2, 0, 0, 0, 0, 0, 1, 0, 1, 0, 1, 1, 0, 2, 0, 2, 0, 0, 0, 0, 0, 2, 0, 0, 1, 0, 0, 1, 0, 0, 3, 0, 0, 1, 2, 0, 0, 0, 0, 0, 3, 1, 0, 1, 1, 3, 0, 2, 0, 0, 0, 0],882.9438068981488,49811.41861925377,107369.92734801112,false
30,G3_TWC,G3_TWC,[31, 22, 82, 15, 26, 58, 77, 95, 42, 12, 47, 5, 93, 78, 98, 54, 85, 63, 18, 44, 20, 35, 43, 97, 91, 76, 10, 30, 21, 45, 71, 64, 1, 23, 17, 83, 24, 14, 60, 36, 6, 57, 94, 88, 65, 56, 79, 40, 67, 68, 46, 75, 38, 9, 19, 32, 81, 41, 27, 62, 87, 90, 99, 59, 11, 16, 72, 73, 70, 39, 37, 84, 3, 92, 25, 55, 28, 29, 51, 7, 33, 61, 86, 66, 89, 50, 48, 96, 53, 80, 4, 8, 34, 49, 52, 0, 13, 2, 69, 74]|[1, 1, 0, 1, 1, 1, 2, 2, 1, 1, 2, 2, 2, 1, 1, 0, 0, 1, 0, 2, 2, 0, 1, 2, 0, 1, 2, 2, 0, 0, 1, 2, 1, 2, 1, 0, 2, 0, 1, 1, 0, 1, 1, 1, 0, 2, 1, 1, 0, 0, 0, 0, 1, 1, 2, 1, 2, 0, 0, 0, 2, 1, 0, 1, 2, 1, 2, 1, 1, 1, 1, 1, 1, 0, 1, 1, 0, 0, 0, 1, 2, 1, 0, 2, 1, 0, 0, 0, 0, 0, 0, 1, 2, 0, 1, 0, 0, 0, 1, 2]|[4, 3, 2, 2, 0, 0, 2, 2, 2, 4, 1, 1, 2, 4, 4, 1, 2, 4, 2, 1, 1, 1, 1, 2, 1, 2, 1, 1, 1, 1, 3, 2, 3, 0, 4, 0, 1, 1, 0, 3, 2, 2, 4, 0, 1, 1, 0, 2, 0, 1, 2, 2, 1, 4, 0, 3, 2, 1, 1, 2, 1, 3, 1, 1, 1, 3, 0, 4, 3, 1, 4, 1, 1, 2, 4, 4, 2, 1, 1, 3, 1, 3, 1, 1, 1, 1, 1, 1, 2, 1, 2, 3, 1, 1, 1, 2, 2, 2, 3, 1]|[0, 2, 1, 1, 3, 3, 0, 0, 1, 0, 0, 0, 1, 0, 1, 0, 0, 3, 1, 0, 0, 0, 3, 1, 0, 2, 0, 0, 0, 1, 0, 0, 0, 0, 3, 0, 1, 0, 0, 2, 1, 1, 2, 0, 0, 0, 0, 1, 1, 0, 0, 0, 1, 3, 0, 0, 1, 0, 0, 1, 0, 2, 0, 1, 0, 2, 1, 0, 0, 1, 1, 3, 1, 1, 3, 3, 1, 0, 0, 2, 0, 0, 0, 0, 1, 0, 0, 0, 1, 0, 1, 2, 0, 1, 1, 0, 0, 0, 0, 0],802.1274951829081,57949.43073711903,89651.64312139984,false
30,G1_CMAX,G1_CMAX,[31, 22, 82, 15, 26, 99, 95, 42, 77, 12, 47, 5, 93, 78, 86, 54, 21, 63, 18, 44, 20, 35, 43, 97, 91, 76, 10, 30, 85, 45, 71, 64, 1, 23, 17, 83, 24, 14, 60, 36, 6, 57, 40, 88, 65, 56, 79, 94, 67, 68, 46, 75, 38, 9, 19, 32, 41, 81, 27, 87, 90, 58, 59, 11, 16, 72, 73, 70, 39, 37, 84, 3, 92, 25, 55, 48, 62, 29, 51, 96, 33, 61, 98, 28, 89, 50, 4, 7, 53, 80, 52, 66, 34, 49, 8, 0, 74, 69, 2, 13]|[1, 1, 0, 1, 1, 0, 1, 1, 2, 1, 2, 2, 2, 1, 1, 0, 0, 1, 0, 2, 2, 0, 1, 2, 0, 1, 2, 2, 0, 0, 1, 2, 1, 2, 1, 0, 2, 0, 1, 1, 0, 1, 1, 1, 0, 2, 1, 1, 0, 0, 0, 0, 1, 1, 2, 1, 0, 2, 0, 2, 1, 0, 1, 2, 1, 2, 1, 1, 1, 1, 1, 1, 0, 1, 2, 0, 0, 0, 0, 2, 2, 1, 2, 0, 1, 0, 1, 2, 0, 0, 1, 2, 2, 0, 1, 0, 2, 1, 0, 0]|[0, 3, 2, 2, 4, 1, 2, 3, 2, 4, 1, 1, 2, 4, 4, 1, 1, 4, 2, 1, 1, 1, 1, 2, 1, 2, 1, 1, 2, 1, 3, 2, 3, 1, 4, 0, 1, 1, 0, 3, 2, 2, 2, 0, 1, 1, 0, 4, 0, 1, 2, 2, 1, 4, 0, 3, 1, 1, 1, 1, 3, 1, 1, 1, 3, 0, 4, 3, 1, 4, 1, 1, 0, 4, 1, 1, 2, 1, 1, 1, 1, 3, 1, 2, 1, 1, 4, 1, 2, 1, 1, 1, 1, 1, 3, 2, 1, 4, 2, 2]|[0, 2, 1, 1, 3, 0, 1, 3, 0, 0, 0, 0, 1, 0, 1, 0, 0, 3, 1, 0, 0, 0, 3, 1, 0, 2, 0, 0, 0, 1, 0, 0, 0, 0, 3, 0, 1, 0, 0, 2, 1, 1, 1, 0, 0, 0, 0, 2, 1, 0, 0, 0, 1, 3, 0, 0, 0, 0, 0, 0, 2, 0, 1, 0, 2, 1, 0, 0, 1, 1, 3, 1, 1, 3, 0, 0, 1, 0, 0, 0, 0, 0, 0, 1, 1, 0, 0, 0, 1, 0, 1, 0, 0, 1, 2, 0, 0, 2, 0, 0],731.2476204416437,56784.74762275103,92889.2977037672,false
30,G4_BALANCED,G4_BALANCED,[31, 11, 15, 82, 26, 9, 95, 32, 77, 68, 47, 5, 93, 78, 86, 54, 85, 63, 18, 44, 20, 49, 36, 14, 74, 50, 53, 17, 21, 45, 71, 64, 3, 23, 30, 83, 24, 41, 60, 52, 65, 27, 90, 70, 39, 87, 48, 69, 99, 4, 46, 1, 13, 58, 97, 59, 28, 8, 73, 37, 35, 79, 22, 66, 76, 42, 40, 80, 96, 6, 16, 61, 33, 7, 57, 34, 12, 67, 10, 98, 56, 88, 29, 75, 91, 38, 19, 92, 43, 84, 51, 72, 81, 0, 2, 55, 94, 89, 62, 25]|[2, 1, 1, 2, 1, 2, 1, 1, 1, 1, 1, 0, 2, 2, 1, 2, 0, 0, 0, 2, 2, 1, 0, 2, 0, 2, 2, 1, 0, 1, 1, 1, 0, 0, 1, 0, 2, 1, 2, 2, 0, 0, 1, 1, 0, 2, 0, 2, 1, 0, 0, 2, 0, 0, 2, 0, 1, 1, 0, 0, 2, 1, 0, 2, 2, 0, 2, 2, 0, 1, 2, 1, 1, 2, 0, 1, 1, 1, 1, 2, 2, 1, 1, 0, 1, 0, 1, 0, 1, 0, 1, 1, 1, 0, 2, 0, 2, 1, 1, 1]|[1, 3, 2, 0, 4, 1, 4, 4, 2, 4, 3, 2, 1, 0, 2, 1, 1, 1, 2, 1, 1, 3, 0, 1, 0, 1, 1, 4, 1, 4, 3, 2, 2, 0, 4, 1, 1, 4, 0, 1, 2, 1, 4, 4, 1, 1, 0, 2, 3, 2, 2, 1, 2, 1, 1, 2, 4, 3, 0, 2, 2, 3, 1, 0, 1, 2, 0, 1, 2, 4, 1, 3, 4, 1, 2, 4, 3, 3, 3, 1, 1, 4, 3, 2, 3, 2, 4, 2, 4, 2, 3, 4, 1, 2, 1, 2, 1, 4, 3, 4]|[1, 2, 1, 0, 3, 0, 1, 3, 0, 0, 2, 0, 1, 0, 1, 0, 0, 0, 1, 0, 0, 2, 0, 0, 1, 0, 0, 3, 0, 1, 0, 2, 0, 1, 3, 0, 1, 3, 1, 0, 0, 0, 1, 3, 0, 0, 1, 0, 2, 0, 0, 0, 0, 0, 1, 0, 1, 0, 1, 1, 0, 2, 0, 0, 0, 0, 0, 0, 0, 2, 0, 0, 1, 0, 0, 1, 0, 0, 3, 0, 0, 1, 0, 0, 0, 0, 3, 0, 2, 0, 0, 2, 1, 0, 0, 0, 0, 1, 0, 3],846.6109372053031,52128.769557101376,106800.59864073119,false
30,G2_TEC,G2_TEC,[31, 22, 82, 15, 26, 9, 95, 42, 77, 68, 47, 5, 93, 78, 86, 54, 85, 63, 18, 44, 20, 49, 36, 14, 74, 50, 53, 17, 21, 28, 11, 64, 3, 23, 30, 83, 24, 41, 40, 52, 65, 27, 90, 70, 39, 87, 48, 69, 99, 4, 46, 1, 13, 58, 97, 59, 45, 8, 73, 37, 35, 79, 71, 66, 76, 32, 60, 80, 96, 6, 16, 61, 33, 7, 57, 34, 12, 67, 10, 98, 56, 88, 43, 75, 91, 38, 84, 92, 29, 19, 51, 72, 89, 25, 2, 81, 94, 55, 62, 0]|[2, 1, 2, 1, 1, 2, 1, 1, 1, 1, 1, 0, 2, 2, 1, 2, 0, 0, 0, 2, 2, 1, 0, 2, 0, 2, 2, 1, 0, 1, 1, 1, 0, 0, 1, 0, 2, 1, 2, 2, 0, 0, 1, 1, 0, 2, 0, 2, 1, 0, 0, 2, 0, 0, 2, 0, 1, 1, 0, 0, 2, 1, 1, 1, 2, 0, 2, 2, 0, 1, 2, 1, 1, 2, 0, 1, 2, 1, 1, 2, 2, 1, 1, 0, 1, 0, 0, 0, 1, 1, 1, 1, 1, 1, 2, 1, 2, 0, 1, 0]|[0, 3, 0, 3, 4, 1, 4, 4, 2, 4, 3, 2, 1, 0, 2, 1, 1, 1, 2, 1, 1, 3, 0, 1, 0, 1, 1, 4, 1, 4, 3, 2, 2, 0, 4, 1, 1, 4, 1, 1, 2, 1, 4, 4, 1, 1, 0, 2, 3, 2, 2, 1, 2, 1, 1, 2, 4, 3, 0, 2, 2, 3, 3, 1, 1, 2, 1, 1, 2, 4, 1, 3, 4, 1, 2, 4, 1, 3, 3, 1, 1, 4, 4, 2, 3, 2, 2, 2, 3, 4, 3, 4, 4, 4, 1, 4, 1, 2, 3, 2]|[0, 2, 0, 0, 3, 0, 1, 3, 0, 0, 2, 0, 1, 0, 1, 0, 0, 0, 1, 0, 0, 2, 0, 0, 1, 0, 0, 3, 0, 1, 0, 2, 0, 0, 3, 0, 1, 1, 0, 0, 0, 0, 1, 3, 0, 0, 1, 0, 2, 0, 0, 0, 0, 0, 1, 0, 1, 0, 1, 1, 0, 2, 0, 2, 0, 0, 0, 0, 0, 2, 0, 0, 1, 0, 0, 1, 0, 0, 3, 0, 0, 1, 2, 0, 0, 0, 0, 0, 3, 1, 0, 1, 1, 3, 0, 2, 0, 0, 0, 0],882.9438068981488,49811.41861925377,107369.92734801112,false
30,G3_TWC,G3_TWC,[31, 22, 82, 15, 26, 58, 77, 95, 42, 12, 47, 5, 93, 78, 98, 54, 85, 63, 18, 44, 20, 35, 43, 97, 91, 76, 10, 30, 21, 45, 71, 64, 1, 23, 17, 83, 24, 14, 60, 36, 6, 57, 94, 88, 65, 56, 79, 40, 67, 68, 46, 75, 38, 9, 19, 32, 81, 41, 27, 62, 87, 90, 99, 59, 11, 16, 72, 73, 70, 39, 37, 84, 3, 92, 25, 55, 28, 29, 51, 7, 33, 61, 86, 66, 89, 50, 48, 96, 53, 80, 4, 8, 34, 49, 52, 0, 13, 2, 69, 74]|[1, 1, 0, 1, 1, 1, 2, 2, 1, 1, 2, 2, 2, 1, 1, 0, 0, 1, 0, 2, 2, 0, 1, 2, 0, 1, 2, 2, 0, 0, 1, 2, 1, 2, 1, 0, 2, 0, 1, 1, 0, 1, 1, 1, 0, 2, 1, 1, 0, 0, 0, 0, 1, 1, 2, 1, 2, 0, 0, 0, 2, 1, 0, 1, 2, 1, 2, 1, 1, 1, 1, 1, 1, 0, 1, 1, 0, 0, 0, 1, 2, 1, 0, 2, 1, 0, 0, 0, 0, 0, 0, 1, 2, 0, 1, 0, 0, 0, 1, 2]|[4, 3, 2, 2, 0, 0, 2, 2, 2, 4, 1, 1, 2, 4, 4, 1, 2, 4, 2, 1, 1, 1, 1, 2, 1, 2, 1, 1, 1, 1, 3, 2, 3, 0, 4, 0, 1, 1, 0, 3, 2, 2, 4, 0, 1, 1, 0, 2, 0, 1, 2, 2, 1, 4, 0, 3, 2, 1, 1, 2, 1, 3, 1, 1, 1, 3, 0, 4, 3, 1, 4, 1, 1, 2, 4, 4, 2, 1, 1, 3, 1, 3, 1, 1, 1, 1, 1, 1, 2, 1, 2, 3, 1, 1, 1, 2, 2, 2, 3, 1]|[0, 2, 1, 1, 3, 3, 0, 0, 1, 0, 0, 0, 1, 0, 1, 0, 0, 3, 1, 0, 0, 0, 3, 1, 0, 2, 0, 0, 0, 1, 0, 0, 0, 0, 3, 0, 1, 0, 0, 2, 1, 1, 2, 0, 0, 0, 0, 1, 1, 0, 0, 0, 1, 3, 0, 0, 1, 0, 0, 1, 0, 2, 0, 1, 0, 2, 1, 0, 0, 1, 1, 3, 1, 1, 3, 3, 1, 0, 0, 2, 0, 0, 0, 0, 1, 0, 0, 0, 1, 0, 1, 2, 0, 1, 1, 0, 0, 0, 0, 0],802.1274951829081,57949.43073711903,89651.64312139984,false
30,G1_CMAX,G1_CMAX,[31, 22, 82, 15, 26, 99, 95, 42, 77, 12, 47, 5, 93, 78, 86, 54, 21, 63, 18, 44, 20, 35, 43, 97, 91, 76, 10, 30, 85, 45, 71, 64, 1, 23, 17, 83, 24, 14, 60, 36, 6, 57, 40, 88, 65, 56, 79, 94, 67, 68, 46, 75, 38, 9, 19, 32, 41, 81, 27, 87, 90, 58, 59, 11, 16, 72, 73, 70, 39, 37, 84, 3, 92, 25, 55, 48, 62, 29, 51, 96, 33, 61, 98, 28, 89, 50, 4, 7, 53, 80, 52, 66, 34, 49, 8, 0, 74, 69, 2, 13]|[1, 1, 0, 1, 1, 0, 1, 1, 2, 1, 2, 2, 2, 1, 1, 0, 0, 1, 0, 2, 2, 0, 1, 2, 0, 1, 2, 2, 0, 0, 1, 2, 1, 2, 1, 0, 2, 0, 1, 1, 0, 1, 1, 1, 0, 2, 1, 1, 0, 0, 0, 0, 1, 1, 2, 1, 0, 2, 0, 2, 1, 0, 1, 2, 1, 2, 1, 1, 1, 1, 1, 1, 0, 1, 2, 0, 0, 0, 0, 2, 2, 1, 2, 0, 1, 0, 1, 2, 0, 0, 1, 2, 2, 0, 1, 0, 2, 1, 0, 0]|[0, 3, 2, 2, 4, 1, 2, 3, 2, 4, 1, 1, 2, 4, 4, 1, 1, 4, 2, 1, 1, 1, 1, 2, 1, 2, 1, 1, 2, 1, 3, 2, 3, 1, 4, 0, 1, 1, 0, 3, 2, 2, 2, 0, 1, 1, 0, 4, 0, 1, 2, 2, 1, 4, 0, 3, 1, 1, 1, 1, 3, 1, 1, 1, 3, 0, 4, 3, 1, 4, 1, 1, 0, 4, 1, 1, 2, 1, 1, 1, 1, 3, 1, 2, 1, 1, 4, 1, 2, 1, 1, 1, 1, 1, 3, 2, 1, 4, 2, 2]|[0, 2, 1, 1, 3, 0, 1, 3, 0, 0, 0, 0, 1, 0, 1, 0, 0, 3, 1, 0, 0, 0, 3, 1, 0, 2, 0, 0, 0, 1, 0, 0, 0, 0, 3, 0, 1, 0, 0, 2, 1, 1, 1, 0, 0, 0, 0, 2, 1, 0, 0, 0, 1, 3, 0, 0, 0, 0, 0, 0, 2, 0, 1, 0, 2, 1, 0, 0, 1, 1, 3, 1, 1, 3, 0, 0, 1, 0, 0, 0, 0, 0, 0, 1, 1, 0, 0, 0, 1, 0, 1, 0, 0, 1, 2, 0, 0, 2, 0, 0],731.2476204416437,56784.74762275103,92889.2977037672,false
30,G4_BALANCED,G4_BALANCED,[31, 11, 15, 82, 26, 9, 95, 32, 77, 68, 47, 5, 93, 78, 86, 54, 85, 63, 18, 44, 20, 49, 36, 14, 74, 50, 53, 17, 21, 45, 71, 64, 3, 23, 30, 83, 24, 41, 60, 52, 65, 27, 90, 70, 39, 87, 48, 69, 99, 4, 46, 1, 13, 58, 97, 59, 28, 8, 73, 37, 35, 79, 22, 66, 76, 42, 40, 80, 96, 6, 16, 61, 33, 7, 57, 34, 12, 67, 10, 98, 56, 88, 29, 75, 91, 38, 19, 92, 43, 84, 51, 72, 81, 0, 2, 55, 94, 89, 62, 25]|[2, 1, 1, 2, 1, 2, 1, 1, 1, 1, 1, 0, 2, 2, 1, 2, 0, 0, 0, 2, 2, 1, 0, 2, 0, 2, 2, 1, 0, 1, 1, 1, 0, 0, 1, 0, 2, 1, 2, 2, 0, 0, 1, 1, 0, 2, 0, 2, 1, 0, 0, 2, 0, 0, 2, 0, 1, 1, 0, 0, 2, 1, 0, 2, 2, 0, 2, 2, 0, 1, 2, 1, 1, 2, 0, 1, 1, 1, 1, 2, 2, 1, 1, 0, 1, 0, 1, 0, 1, 0, 1, 1, 1, 0, 2, 0, 2, 1, 1, 1]|[1, 3, 2, 0, 4, 1, 4, 4, 2, 4, 3, 2, 1, 0, 2, 1, 1, 1, 2, 1, 1, 3, 0, 1, 0, 1, 1, 4, 1, 4, 3, 2, 2, 0, 4, 1, 1, 4, 0, 1, 2, 1, 4, 4, 1, 1, 0, 2, 3, 2, 2, 1, 2, 1, 1, 2, 4, 3, 0, 2, 2, 3, 1, 0, 1, 2, 0, 1, 2, 4, 1, 3, 4, 1, 2, 4, 3, 3, 3, 1, 1, 4, 3, 2, 3, 2, 4, 2, 4, 2, 3, 4, 1, 2, 1, 2, 1, 4, 3, 4]|[1, 2, 1, 0, 3, 0, 1, 3, 0, 0, 2, 0, 1, 0, 1, 0, 0, 0, 1, 0, 0, 2, 0, 0, 1, 0, 0, 3, 0, 1, 0, 2, 0, 1, 3, 0, 1, 3, 1, 0, 0, 0, 1, 3, 0, 0, 1, 0, 2, 0, 0, 0, 0, 0, 1, 0, 1, 0, 1, 1, 0, 2, 0, 0, 0, 0, 0, 0, 0, 2, 0, 0, 1, 0, 0, 1, 0, 0, 3, 0, 0, 1, 0, 0, 0, 0, 3, 0, 2, 0, 0, 2, 1, 0, 0, 0, 0, 1, 0, 3],846.6109372053031,52128.769557101376,106800.59864073119,false
30,G2_TEC,G2_TEC,[31, 22, 82, 15, 26, 9, 95, 42, 77, 68, 47, 5, 93, 78, 86, 54, 85, 63, 18, 44, 20, 49, 36, 14, 74, 50, 53, 17, 21, 28, 11, 64, 3, 23, 30, 83, 24, 41, 40, 52, 65, 27, 90, 70, 39, 87, 48, 69, 99, 4, 46, 1, 13, 58, 97, 59, 45, 8, 73, 37, 35, 79, 71, 66, 76, 32, 60, 80, 96, 6, 16, 61, 33, 7, 57, 34, 12, 67, 10, 98, 56, 88, 43, 75, 91, 38, 84, 92, 29, 19, 51, 72, 89, 25, 2, 81, 94, 55, 62, 0]|[2, 1, 2, 1, 1, 2, 1, 1, 1, 1, 1, 0, 2, 2, 1, 2, 0, 0, 0, 2, 2, 1, 0, 2, 0, 2, 2, 1, 0, 1, 1, 1, 0, 0, 1, 0, 2, 1, 2, 2, 0, 0, 1, 1, 0, 2, 0, 2, 1, 0, 0, 2, 0, 0, 2, 0, 1, 1, 0, 0, 2, 1, 1, 1, 2, 0, 2, 2, 0, 1, 2, 1, 1, 2, 0, 1, 2, 1, 1, 2, 2, 1, 1, 0, 1, 0, 0, 0, 1, 1, 1, 1, 1, 1, 2, 1, 2, 0, 1, 0]|[0, 3, 0, 3, 4, 1, 4, 4, 2, 4, 3, 2, 1, 0, 2, 1, 1, 1, 2, 1, 1, 3, 0, 1, 0, 1, 1, 4, 1, 4, 3, 2, 2, 0, 4, 1, 1, 4, 1, 1, 2, 1, 4, 4, 1, 1, 0, 2, 3, 2, 2, 1, 2, 1, 1, 2, 4, 3, 0, 2, 2, 3, 3, 1, 1, 2, 1, 1, 2, 4, 1, 3, 4, 1, 2, 4, 1, 3, 3, 1, 1, 4, 4, 2, 3, 2, 2, 2, 3, 4, 3, 4, 4, 4, 1, 4, 1, 2, 3, 2]|[0, 2, 0, 0, 3, 0, 1, 3, 0, 0, 2, 0, 1, 0, 1, 0, 0, 0, 1, 0, 0, 2, 0, 0, 1, 0, 0, 3, 0, 1, 0, 2, 0, 0, 3, 0, 1, 1, 0, 0, 0, 0, 1, 3, 0, 0, 1, 0, 2, 0, 0, 0, 0, 0, 1, 0, 1, 0, 1, 1, 0, 2, 0, 2, 0, 0, 0, 0, 0, 2, 0, 0, 1, 0, 0, 1, 0, 0, 3, 0, 0, 1, 2, 0, 0, 0, 0, 0, 3, 1, 0, 1, 1, 3, 0, 2, 0, 0, 0, 0],882.9438068981488,49811.41861925377,107369.92734801112,false
30,G3_TWC,G3_TWC,[31, 22, 82, 15, 26, 58, 77, 95, 42, 12, 47, 5, 93, 78, 98, 54, 85, 63, 18, 44, 20, 35, 43, 97, 91, 76, 10, 30, 21, 45, 71, 64, 1, 23, 17, 83, 24, 14, 60, 36, 6, 57, 94, 88, 65, 56, 79, 40, 67, 68, 46, 75, 38, 9, 19, 32, 81, 41, 27, 62, 87, 90, 99, 59, 11, 16, 72, 73, 70, 39, 37, 84, 3, 92, 25, 55, 28, 29, 51, 7, 33, 61, 86, 66, 89, 50, 48, 96, 53, 80, 4, 8, 34, 49, 52, 0, 13, 2, 69, 74]|[1, 1, 0, 1, 1, 1, 2, 2, 1, 1, 2, 2, 2, 1, 1, 0, 0, 1, 0, 2, 2, 0, 1, 2, 0, 1, 2, 2, 0, 0, 1, 2, 1, 2, 1, 0, 2, 0, 1, 1, 0, 1, 1, 1, 0, 2, 1, 1, 0, 0, 0, 0, 1, 1, 2, 1, 2, 0, 0, 0, 2, 1, 0, 1, 2, 1, 2, 1, 1, 1, 1, 1, 1, 0, 1, 1, 0, 0, 0, 1, 2, 1, 0, 2, 1, 0, 0, 0, 0, 0, 0, 1, 2, 0, 1, 0, 0, 0, 1, 2]|[4, 3, 2, 2, 0, 0, 2, 2, 2, 4, 1, 1, 2, 4, 4, 1, 2, 4, 2, 1, 1, 1, 1, 2, 1, 2, 1, 1, 1, 1, 3, 2, 3, 0, 4, 0, 1, 1, 0, 3, 2, 2, 4, 0, 1, 1, 0, 2, 0, 1, 2, 2, 1, 4, 0, 3, 2, 1, 1, 2, 1, 3, 1, 1, 1, 3, 0, 4, 3, 1, 4, 1, 1, 2, 4, 4, 2, 1, 1, 3, 1, 3, 1, 1, 1, 1, 1, 1, 2, 1, 2, 3, 1, 1, 1, 2, 2, 2, 3, 1]|[0, 2, 1, 1, 3, 3, 0, 0, 1, 0, 0, 0, 1, 0, 1, 0, 0, 3, 1, 0, 0, 0, 3, 1, 0, 2, 0, 0, 0, 1, 0, 0, 0, 0, 3, 0, 1, 0, 0, 2, 1, 1, 2, 0, 0, 0, 0, 1, 1, 0, 0, 0, 1, 3, 0, 0, 1, 0, 0, 1, 0, 2, 0, 1, 0, 2, 1, 0, 0, 1, 1, 3, 1, 1, 3, 3, 1, 0, 0, 2, 0, 0, 0, 0, 1, 0, 0, 0, 1, 0, 1, 2, 0, 1, 1, 0, 0, 0, 0, 0],802.1274951829081,57949.43073711903,89651.64312139984,false
30,G1_CMAX,G1_CMAX,[31, 22, 82, 15, 26, 99, 95, 42, 77, 12, 47, 5, 93, 78, 86, 54, 21, 63, 18, 44, 20, 35, 43, 97, 91, 76, 10, 30, 85, 45, 71, 64, 1, 23, 17, 83, 24, 14, 60, 36, 6, 57, 40, 88, 65, 56, 79, 94, 67, 68, 46, 75, 38, 9, 19, 32, 41, 81, 27, 87, 90, 58, 59, 11, 16, 72, 73, 70, 39, 37, 84, 3, 92, 25, 55, 48, 62, 29, 51, 96, 33, 61, 98, 28, 89, 50, 4, 7, 53, 80, 52, 66, 34, 49, 8, 0, 74, 69, 2, 13]|[1, 1, 0, 1, 1, 0, 1, 1, 2, 1, 2, 2, 2, 1, 1, 0, 0, 1, 0, 2, 2, 0, 1, 2, 0, 1, 2, 2, 0, 0, 1, 2, 1, 2, 1, 0, 2, 0, 1, 1, 0, 1, 1, 1, 0, 2, 1, 1, 0, 0, 0, 0, 1, 1, 2, 1, 0, 2, 0, 2, 1, 0, 1, 2, 1, 2, 1, 1, 1, 1, 1, 1, 0, 1, 2, 0, 0, 0, 0, 2, 2, 1, 2, 0, 1, 0, 1, 2, 0, 0, 1, 2, 2, 0, 1, 0, 2, 1, 0, 0]|[0, 3, 2, 2, 4, 1, 2, 3, 2, 4, 1, 1, 2, 4, 4, 1, 1, 4, 2, 1, 1, 1, 1, 2, 1, 2, 1, 1, 2, 1, 3, 2, 3, 1, 4, 0, 1, 1, 0, 3, 2, 2, 2, 0, 1, 1, 0, 4, 0, 1, 2, 2, 1, 4, 0, 3, 1, 1, 1, 1, 3, 1, 1, 1, 3, 0, 4, 3, 1, 4, 1, 1, 0, 4, 1, 1, 2, 1, 1, 1, 1, 3, 1, 2, 1, 1, 4, 1, 2, 1, 1, 1, 1, 1, 3, 2, 1, 4, 2, 2]|[0, 2, 1, 1, 3, 0, 1, 3, 0, 0, 0, 0, 1, 0, 1, 0, 0, 3, 1, 0, 0, 0, 3, 1, 0, 2, 0, 0, 0, 1, 0, 0, 0, 0, 3, 0, 1, 0, 0, 2, 1, 1, 1, 0, 0, 0, 0, 2, 1, 0, 0, 0, 1, 3, 0, 0, 0, 0, 0, 0, 2, 0, 1, 0, 2, 1, 0, 0, 1, 1, 3, 1, 1, 3, 0, 0, 1, 0, 0, 0, 0, 0, 0, 1, 1, 0, 0, 0, 1, 0, 1, 0, 0, 1, 2, 0, 0, 2, 0, 0],731.2476204416437,56784.74762275103,92889.2977037672,false
30,G4_BALANCED,G4_BALANCED,[31, 11, 15, 82, 26, 9, 95, 32, 77, 68, 47, 5, 93, 78, 86, 54, 85, 63, 18, 44, 20, 49, 36, 14, 74, 50, 53, 17, 21, 45, 71, 64, 3, 23, 30, 83, 24, 41, 60, 52, 65, 27, 90, 70, 39, 87, 48, 69, 99, 4, 46, 1, 13, 58, 97, 59, 28, 8, 73, 37, 35, 79, 22, 66, 76, 42, 40, 80, 96, 6, 16, 61, 33, 7, 57, 34, 12, 67, 10, 98, 56, 88, 29, 75, 91, 38, 19, 92, 43, 84, 51, 72, 81, 0, 2, 55, 94, 89, 62, 25]|[2, 1, 1, 2, 1, 2, 1, 1, 1, 1, 1, 0, 2, 2, 1, 2, 0, 0, 0, 2, 2, 1, 0, 2, 0, 2, 2, 1, 0, 1, 1, 1, 0, 0, 1, 0, 2, 1, 2, 2, 0, 0, 1, 1, 0, 2, 0, 2, 1, 0, 0, 2, 0, 0, 2, 0, 1, 1, 0, 0, 2, 1, 0, 2, 2, 0, 2, 2, 0, 1, 2, 1, 1, 2, 0, 1, 1, 1, 1, 2, 2, 1, 1, 0, 1, 0, 1, 0, 1, 0, 1, 1, 1, 0, 2, 0, 2, 1, 1, 1]|[1, 3, 2, 0, 4, 1, 4, 4, 2, 4, 3, 2, 1, 0, 2, 1, 1, 1, 2, 1, 1, 3, 0, 1, 0, 1, 1, 4, 1, 4, 3, 2, 2, 0, 4, 1, 1, 4, 0, 1, 2, 1, 4, 4, 1, 1, 0, 2, 3, 2, 2, 1, 2, 1, 1, 2, 4, 3, 0, 2, 2, 3, 1, 0, 1, 2, 0, 1, 2, 4, 1, 3, 4, 1, 2, 4, 3, 3, 3, 1, 1, 4, 3, 2, 3, 2, 4, 2, 4, 2, 3, 4, 1, 2, 1, 2, 1, 4, 3, 4]|[1, 2, 1, 0, 3, 0, 1, 3, 0, 0, 2, 0, 1, 0, 1, 0, 0, 0, 1, 0, 0, 2, 0, 0, 1, 0, 0, 3, 0, 1, 0, 2, 0, 1, 3, 0, 1, 3, 1, 0, 0, 0, 1, 3, 0, 0, 1, 0, 2, 0, 0, 0, 0, 0, 1, 0, 1, 0, 1, 1, 0, 2, 0, 0, 0, 0, 0, 0, 0, 2, 0, 0, 1, 0, 0, 1, 0, 0, 3, 0, 0, 1, 0, 0, 0, 0, 3, 0, 2, 0, 0, 2, 1, 0, 0, 0, 0, 1, 0, 3],846.6109372053031,52128.769557101376,106800.59864073119,false
30,G2_TEC,G2_TEC,[31, 22, 82, 15, 26, 9, 95, 42, 77, 68, 47, 5, 93, 78, 86, 54, 85, 63, 18, 44, 20, 49, 36, 14, 74, 50, 53, 17, 21, 28, 11, 64, 3, 23, 30, 83, 24, 41, 40, 52, 65, 27, 90, 70, 39, 87, 48, 69, 99, 4, 46, 1, 13, 58, 97, 59, 45, 8, 73, 37, 35, 79, 71, 66, 76, 32, 60, 80, 96, 6, 16, 61, 33, 7, 57, 34, 12, 67, 10, 98, 56, 88, 43, 75, 91, 38, 84, 92, 29, 19, 51, 72, 89, 25, 2, 81, 94, 55, 62, 0]|[2, 1, 2, 1, 1, 2, 1, 1, 1, 1, 1, 0, 2, 2, 1, 2, 0, 0, 0, 2, 2, 1, 0, 2, 0, 2, 2, 1, 0, 1, 1, 1, 0, 0, 1, 0, 2, 1, 2, 2, 0, 0, 1, 1, 0, 2, 0, 2, 1, 0, 0, 2, 0, 0, 2, 0, 1, 1, 0, 0, 2, 1, 1, 1, 2, 0, 2, 2, 0, 1, 2, 1, 1, 2, 0, 1, 2, 1, 1, 2, 2, 1, 1, 0, 1, 0, 0, 0, 1, 1, 1, 1, 1, 1, 2, 1, 2, 0, 1, 0]|[0, 3, 0, 3, 4, 1, 4, 4, 2, 4, 3, 2, 1, 0, 2, 1, 1, 1, 2, 1, 1, 3, 0, 1, 0, 1, 1, 4, 1, 4, 3, 2, 2, 0, 4, 1, 1, 4, 1, 1, 2, 1, 4, 4, 1, 1, 0, 2, 3, 2, 2, 1, 2, 1, 1, 2, 4, 3, 0, 2, 2, 3, 3, 1, 1, 2, 1, 1, 2, 4, 1, 3, 4, 1, 2, 4, 1, 3, 3, 1, 1, 4, 4, 2, 3, 2, 2, 2, 3, 4, 3, 4, 4, 4, 1, 4, 1, 2, 3, 2]|[0, 2, 0, 0, 3, 0, 1, 3, 0, 0, 2, 0, 1, 0, 1, 0, 0, 0, 1, 0, 0, 2, 0, 0, 1, 0, 0, 3, 0, 1, 0, 2, 0, 0, 3, 0, 1, 1, 0, 0, 0, 0, 1, 3, 0, 0, 1, 0, 2, 0, 0, 0, 0, 0, 1, 0, 1, 0, 1, 1, 0, 2, 0, 2, 0, 0, 0, 0, 0, 2, 0, 0, 1, 0, 0, 1, 0, 0, 3, 0, 0, 1, 2, 0, 0, 0, 0, 0, 3, 1, 0, 1, 1, 3, 0, 2, 0, 0, 0, 0],882.9438068981488,49811.41861925377,107369.92734801112,false
30,G3_TWC,G3_TWC,[31, 22, 82, 15, 26, 58, 77, 95, 42, 12, 47, 5, 93, 78, 98, 54, 85, 63, 18, 44, 20, 35, 43, 97, 91, 76, 10, 30, 21, 45, 71, 64, 1, 23, 17, 83, 24, 14, 60, 36, 6, 57, 94, 88, 65, 56, 79, 40, 67, 68, 46, 75, 38, 9, 19, 32, 81, 41, 27, 62, 87, 90, 99, 59, 11, 16, 72, 73, 70, 39, 37, 84, 3, 92, 25, 55, 28, 29, 51, 7, 33, 61, 86, 66, 89, 50, 48, 96, 53, 80, 4, 8, 34, 49, 52, 0, 13, 2, 69, 74]|[1, 1, 0, 1, 1, 1, 2, 2, 1, 1, 2, 2, 2, 1, 1, 0, 0, 1, 0, 2, 2, 0, 1, 2, 0, 1, 2, 2, 0, 0, 1, 2, 1, 2, 1, 0, 2, 0, 1, 1, 0, 1, 1, 1, 0, 2, 1, 1, 0, 0, 0, 0, 1, 1, 2, 1, 2, 0, 0, 0, 2, 1, 0, 1, 2, 1, 2, 1, 1, 1, 1, 1, 1, 0, 1, 1, 0, 0, 0, 1, 2, 1, 0, 2, 1, 0, 0, 0, 0, 0, 0, 1, 2, 0, 1, 0, 0, 0, 1, 2]|[4, 3, 2, 2, 0, 0, 2, 2, 2, 4, 1, 1, 2, 4, 4, 1, 2, 4, 2, 1, 1, 1, 1, 2, 1, 2, 1, 1, 1, 1, 3, 2, 3, 0, 4, 0, 1, 1, 0, 3, 2, 2, 4, 0, 1, 1, 0, 2, 0, 1, 2, 2, 1, 4, 0, 3, 2, 1, 1, 2, 1, 3, 1, 1, 1, 3, 0, 4, 3, 1, 4, 1, 1, 2, 4, 4, 2, 1, 1, 3, 1, 3, 1, 1, 1, 1, 1, 1, 2, 1, 2, 3, 1, 1, 1, 2, 2, 2, 3, 1]|[0, 2, 1, 1, 3, 3, 0, 0, 1, 0, 0, 0, 1, 0, 1, 0, 0, 3, 1, 0, 0, 0, 3, 1, 0, 2, 0, 0, 0, 1, 0, 0, 0, 0, 3, 0, 1, 0, 0, 2, 1, 1, 2, 0, 0, 0, 0, 1, 1, 0, 0, 0, 1, 3, 0, 0, 1, 0, 0, 1, 0, 2, 0, 1, 0, 2, 1, 0, 0, 1, 1, 3, 1, 1, 3, 3, 1, 0, 0, 2, 0, 0, 0, 0, 1, 0, 0, 0, 1, 0, 1, 2, 0, 1, 1, 0, 0, 0, 0, 0],802.1274951829081,57949.43073711903,89651.64312139984,false
30,G1_CMAX,G1_CMAX,[31, 22, 82, 15, 26, 99, 95, 42, 77, 12, 47, 5, 93, 78, 86, 54, 21, 63, 18, 44, 20, 35, 43, 97, 91, 76, 10, 30, 85, 45, 71, 64, 1, 23, 17, 83, 24, 14, 60, 36, 6, 57, 40, 88, 65, 56, 79, 94, 67, 68, 46, 75, 38, 9, 19, 32, 41, 81, 27, 87, 90, 58, 59, 11, 16, 72, 73, 70, 39, 37, 84, 3, 92, 25, 55, 48, 62, 29, 51, 96, 33, 61, 98, 28, 89, 50, 4, 7, 53, 80, 52, 66, 34, 49, 8, 0, 74, 69, 2, 13]|[1, 1, 0, 1, 1, 0, 1, 1, 2, 1, 2, 2, 2, 1, 1, 0, 0, 1, 0, 2, 2, 0, 1, 2, 0, 1, 2, 2, 0, 0, 1, 2, 1, 2, 1, 0, 2, 0, 1, 1, 0, 1, 1, 1, 0, 2, 1, 1, 0, 0, 0, 0, 1, 1, 2, 1, 0, 2, 0, 2, 1, 0, 1, 2, 1, 2, 1, 1, 1, 1, 1, 1, 0, 1, 2, 0, 0, 0, 0, 2, 2, 1, 2, 0, 1, 0, 1, 2, 0, 0, 1, 2, 2, 0, 1, 0, 2, 1, 0, 0]|[0, 3, 2, 2, 4, 1, 2, 3, 2, 4, 1, 1, 2, 4, 4, 1, 1, 4, 2, 1, 1, 1, 1, 2, 1, 2, 1, 1, 2, 1, 3, 2, 3, 1, 4, 0, 1, 1, 0, 3, 2, 2, 2, 0, 1, 1, 0, 4, 0, 1, 2, 2, 1, 4, 0, 3, 1, 1, 1, 1, 3, 1, 1, 1, 3, 0, 4, 3, 1, 4, 1, 1, 0, 4, 1, 1, 2, 1, 1, 1, 1, 3, 1, 2, 1, 1, 4, 1, 2, 1, 1, 1, 1, 1, 3, 2, 1, 4, 2, 2]|[0, 2, 1, 1, 3, 0, 1, 3, 0, 0, 0, 0, 1, 0, 1, 0, 0, 3, 1, 0, 0, 0, 3, 1, 0, 2, 0, 0, 0, 1, 0, 0, 0, 0, 3, 0, 1, 0, 0, 2, 1, 1, 1, 0, 0, 0, 0, 2, 1, 0, 0, 0, 1, 3, 0, 0, 0, 0, 0, 0, 2, 0, 1, 0, 2, 1, 0, 0, 1, 1, 3, 1, 1, 3, 0, 0, 1, 0, 0, 0, 0, 0, 0, 1, 1, 0, 0, 0, 1, 0, 1, 0, 0, 1, 2, 0, 0, 2, 0, 0],731.2476204416437,56784.74762275103,92889.2977037672,false
30,G4_BALANCED,G4_BALANCED,[31, 11, 15, 82, 26, 9, 95, 32, 77, 68, 47, 5, 93, 78, 86, 54, 85, 63, 18, 44, 20, 49, 36, 14, 74, 50, 53, 17, 21, 45, 71, 64, 3, 23, 30, 83, 24, 41, 60, 52, 65, 27, 90, 70, 39, 87, 48, 69, 99, 4, 46, 1, 13, 58, 97, 59, 28, 8, 73, 37, 35, 79, 22, 66, 76, 42, 40, 80, 96, 6, 16, 61, 33, 7, 57, 34, 12, 67, 10, 98, 56, 88, 29, 75, 91, 38, 19, 92, 43, 84, 51, 72, 81, 0, 2, 55, 94, 89, 62, 25]|[2, 1, 1, 2, 1, 2, 1, 1, 1, 1, 1, 0, 2, 2, 1, 2, 0, 0, 0, 2, 2, 1, 0, 2, 0, 2, 2, 1, 0, 1, 1, 1, 0, 0, 1, 0, 2, 1, 2, 2, 0, 0, 1, 1, 0, 2, 0, 2, 1, 0, 0, 2, 0, 0, 2, 0, 1, 1, 0, 0, 2, 1, 0, 2, 2, 0, 2, 2, 0, 1, 2, 1, 1, 2, 0, 1, 1, 1, 1, 2, 2, 1, 1, 0, 1, 0, 1, 0, 1, 0, 1, 1, 1, 0, 2, 0, 2, 1, 1, 1]|[1, 3, 2, 0, 4, 1, 4, 4, 2, 4, 3, 2, 1, 0, 2, 1, 1, 1, 2, 1, 1, 3, 0, 1, 0, 1, 1, 4, 1, 4, 3, 2, 2, 0, 4, 1, 1, 4, 0, 1, 2, 1, 4, 4, 1, 1, 0, 2, 3, 2, 2, 1, 2, 1, 1, 2, 4, 3, 0, 2, 2, 3, 1, 0, 1, 2, 0, 1, 2, 4, 1, 3, 4, 1, 2, 4, 3, 3, 3, 1, 1, 4, 3, 2, 3, 2, 4, 2, 4, 2, 3, 4, 1, 2, 1, 2, 1, 4, 3, 4]|[1, 2, 1, 0, 3, 0, 1, 3, 0, 0, 2, 0, 1, 0, 1, 0, 0, 0, 1, 0, 0, 2, 0, 0, 1, 0, 0, 3, 0, 1, 0, 2, 0, 1, 3, 0, 1, 3, 1, 0, 0, 0, 1, 3, 0, 0, 1, 0, 2, 0, 0, 0, 0, 0, 1, 0, 1, 0, 1, 1, 0, 2, 0, 0, 0, 0, 0, 0, 0, 2, 0, 0, 1, 0, 0, 1, 0, 0, 3, 0, 0, 1, 0, 0, 0, 0, 3, 0, 2, 0, 0, 2, 1, 0, 0, 0, 0, 1, 0, 3],846.6109372053031,52128.769557101376,106800.59864073119,false
30,G2_TEC,G2_TEC,[31, 22, 82, 15, 26, 9, 95, 42, 77, 68, 47, 5, 93, 78, 86, 54, 85, 63, 18, 44, 20, 49, 36, 14, 74, 50, 53, 17, 21, 28, 11, 64, 3, 23, 30, 83, 24, 41, 40, 52, 65, 27, 90, 70, 39, 87, 48, 69, 99, 4, 46, 1, 13, 58, 97, 59, 45, 8, 73, 37, 35, 79, 71, 66, 76, 32, 60, 80, 96, 6, 16, 61, 33, 7, 57, 34, 12, 67, 10, 98, 56, 88, 43, 75, 91, 38, 84, 92, 29, 19, 51, 72, 89, 25, 2, 81, 94, 55, 62, 0]|[2, 1, 2, 1, 1, 2, 1, 1, 1, 1, 1, 0, 2, 2, 1, 2, 0, 0, 0, 2, 2, 1, 0, 2, 0, 2, 2, 1, 0, 1, 1, 1, 0, 0, 1, 0, 2, 1, 2, 2, 0, 0, 1, 1, 0, 2, 0, 2, 1, 0, 0, 2, 0, 0, 2, 0, 1, 1, 0, 0, 2, 1, 1, 1, 2, 0, 2, 2, 0, 1, 2, 1, 1, 2, 0, 1, 2, 1, 1, 2, 2, 1, 1, 0, 1, 0, 0, 0, 1, 1, 1, 1, 1, 1, 2, 1, 2, 0, 1, 0]|[0, 3, 0, 3, 4, 1, 4, 4, 2, 4, 3, 2, 1, 0, 2, 1, 1, 1, 2, 1, 1, 3, 0, 1, 0, 1, 1, 4, 1, 4, 3, 2, 2, 0, 4, 1, 1, 4, 1, 1, 2, 1, 4, 4, 1, 1, 0, 2, 3, 2, 2, 1, 2, 1, 1, 2, 4, 3, 0, 2, 2, 3, 3, 1, 1, 2, 1, 1, 2, 4, 1, 3, 4, 1, 2, 4, 1, 3, 3, 1, 1, 4, 4, 2, 3, 2, 2, 2, 3, 4, 3, 4, 4, 4, 1, 4, 1, 2, 3, 2]|[0, 2, 0, 0, 3, 0, 1, 3, 0, 0, 2, 0, 1, 0, 1, 0, 0, 0, 1, 0, 0, 2, 0, 0, 1, 0, 0, 3, 0, 1, 0, 2, 0, 0, 3, 0, 1, 1, 0, 0, 0, 0, 1, 3, 0, 0, 1, 0, 2, 0, 0, 0, 0, 0, 1, 0, 1, 0, 1, 1, 0, 2, 0, 2, 0, 0, 0, 0, 0, 2, 0, 0, 1, 0, 0, 1, 0, 0, 3, 0, 0, 1, 2, 0, 0, 0, 0, 0, 3, 1, 0, 1, 1, 3, 0, 2, 0, 0, 0, 0],882.9438068981488,49811.41861925377,107369.92734801112,false
30,G3_TWC,G3_TWC,[31, 22, 82, 15, 26, 58, 77, 95, 42, 12, 47, 5, 93, 78, 98, 54, 85, 63, 18, 44, 20, 35, 43, 97, 91, 76, 10, 30, 21, 45, 71, 64, 1, 23, 17, 83, 24, 14, 60, 36, 6, 57, 94, 88, 65, 56, 79, 40, 67, 68, 46, 75, 38, 9, 19, 32, 81, 41, 27, 62, 87, 90, 99, 59, 11, 16, 72, 73, 70, 39, 37, 84, 3, 92, 25, 55, 28, 29, 51, 7, 33, 61, 86, 66, 89, 50, 48, 96, 53, 80, 4, 8, 34, 49, 52, 0, 13, 2, 69, 74]|[1, 1, 0, 1, 1, 1, 2, 2, 1, 1, 2, 2, 2, 1, 1, 0, 0, 1, 0, 2, 2, 0, 1, 2, 0, 1, 2, 2, 0, 0, 1, 2, 1, 2, 1, 0, 2, 0, 1, 1, 0, 1, 1, 1, 0, 2, 1, 1, 0, 0, 0, 0, 1, 1, 2, 1, 2, 0, 0, 0, 2, 1, 0, 1, 2, 1, 2, 1, 1, 1, 1, 1, 1, 0, 1, 1, 0, 0, 0, 1, 2, 1, 0, 2, 1, 0, 0, 0, 0, 0, 0, 1, 2, 0, 1, 0, 0, 0, 1, 2]|[4, 3, 2, 2, 0, 0, 2, 2, 2, 4, 1, 1, 2, 4, 4, 1, 2, 4, 2, 1, 1, 1, 1, 2, 1, 2, 1, 1, 1, 1, 3, 2, 3, 0, 4, 0, 1, 1, 0, 3, 2, 2, 4, 0, 1, 1, 0, 2, 0, 1, 2, 2, 1, 4, 0, 3, 2, 1, 1, 2, 1, 3, 1, 1, 1, 3, 0, 4, 3, 1, 4, 1, 1, 2, 4, 4, 2, 1, 1, 3, 1, 3, 1, 1, 1, 1, 1, 1, 2, 1, 2, 3, 1, 1, 1, 2, 2, 2, 3, 1]|[0, 2, 1, 1, 3, 3, 0, 0, 1, 0, 0, 0, 1, 0, 1, 0, 0, 3, 1, 0, 0, 0, 3, 1, 0, 2, 0, 0, 0, 1, 0, 0, 0, 0, 3, 0, 1, 0, 0, 2, 1, 1, 2, 0, 0, 0, 0, 1, 1, 0, 0, 0, 1, 3, 0, 0, 1, 0, 0, 1, 0, 2, 0, 1, 0, 2, 1, 0, 0, 1, 1, 3, 1, 1, 3, 3, 1, 0, 0, 2, 0, 0, 0, 0, 1, 0, 0, 0, 1, 0, 1, 2, 0, 1, 1, 0, 0, 0, 0, 0],802.1274951829081,57949.43073711903,89651.64312139984,false
30,G1_CMAX,G1_CMAX,[31, 22, 82, 15, 26, 99, 95, 42, 77, 12, 47, 5, 93, 78, 86, 54, 21, 63, 18, 44, 20, 35, 43, 97, 91, 76, 10, 30, 85, 45, 71, 64, 1, 23, 17, 83, 24, 14, 60, 36, 6, 57, 40, 88, 65, 56, 79, 94, 67, 68, 46, 75, 38, 9, 19, 32, 41, 81, 27, 87, 90, 58, 59, 11, 16, 72, 73, 70, 39, 37, 84, 3, 92, 25, 55, 48, 62, 29, 51, 96, 33, 61, 98, 28, 89, 50, 4, 7, 53, 80, 52, 66, 34, 49, 8, 0, 74, 69, 2, 13]|[1, 1, 0, 1, 1, 0, 1, 1, 2, 1, 2, 2, 2, 1, 1, 0, 0, 1, 0, 2, 2, 0, 1, 2, 0, 1, 2, 2, 0, 0, 1, 2, 1, 2, 1, 0, 2, 0, 1, 1, 0, 1, 1, 1, 0, 2, 1, 1, 0, 0, 0, 0, 1, 1, 2, 1, 0, 2, 0, 2, 1, 0, 1, 2, 1, 2, 1, 1, 1, 1, 1, 1, 0, 1, 2, 0, 0, 0, 0, 2, 2, 1, 2, 0, 1, 0, 1, 2, 0, 0, 1, 2, 2, 0, 1, 0, 2, 1, 0, 0]|[0, 3, 2, 2, 4, 1, 2, 3, 2, 4, 1, 1, 2, 4, 4, 1, 1, 4, 2, 1, 1, 1, 1, 2, 1, 2, 1, 1, 2, 1, 3, 2, 3, 1, 4, 0, 1, 1, 0, 3, 2, 2, 2, 0, 1, 1, 0, 4, 0, 1, 2, 2, 1, 4, 0, 3, 1, 1, 1, 1, 3, 1, 1, 1, 3, 0, 4, 3, 1, 4, 1, 1, 0, 4, 1, 1, 2, 1, 1, 1, 1, 3, 1, 2, 1, 1, 4, 1, 2, 1, 1, 1, 1, 1, 3, 2, 1, 4, 2, 2]|[0, 2, 1, 1, 3, 0, 1, 3, 0, 0, 0, 0, 1, 0, 1, 0, 0, 3, 1, 0, 0, 0, 3, 1, 0, 2, 0, 0, 0, 1, 0, 0, 0, 0, 3, 0, 1, 0, 0, 2, 1, 1, 1, 0, 0, 0, 0, 2, 1, 0, 0, 0, 1, 3, 0, 0, 0, 0, 0, 0, 2, 0, 1, 0, 2, 1, 0, 0, 1, 1, 3, 1, 1, 3, 0, 0, 1, 0, 0, 0, 0, 0, 0, 1, 1, 0, 0, 0, 1, 0, 1, 0, 0, 1, 2, 0, 0, 2, 0, 0],731.2476204416437,56784.74762275103,92889.2977037672,false
30,G4_BALANCED,G4_BALANCED,[31, 11, 15, 82, 26, 9, 95, 32, 77, 68, 47, 5, 93, 78, 86, 54, 85, 63, 18, 44, 20, 49, 36, 14, 74, 50, 53, 17, 21, 45, 71, 64, 3, 23, 30, 83, 24, 41, 60, 52, 65, 27, 90, 70, 39, 87, 48, 69, 99, 4, 46, 1, 13, 58, 97, 59, 28, 8, 73, 37, 35, 79, 22, 66, 76, 42, 40, 80, 96, 6, 16, 61, 33, 7, 57, 34, 12, 67, 10, 98, 56, 88, 29, 75, 91, 38, 19, 92, 43, 84, 51, 72, 81, 0, 2, 55, 94, 89, 62, 25]|[2, 1, 1, 2, 1, 2, 1, 1, 1, 1, 1, 0, 2, 2, 1, 2, 0, 0, 0, 2, 2, 1, 0, 2, 0, 2, 2, 1, 0, 1, 1, 1, 0, 0, 1, 0, 2, 1, 2, 2, 0, 0, 1, 1, 0, 2, 0, 2, 1, 0, 0, 2, 0, 0, 2, 0, 1, 1, 0, 0, 2, 1, 0, 2, 2, 0, 2, 2, 0, 1, 2, 1, 1, 2, 0, 1, 1, 1, 1, 2, 2, 1, 1, 0, 1, 0, 1, 0, 1, 0, 1, 1, 1, 0, 2, 0, 2, 1, 1, 1]|[1, 3, 2, 0, 4, 1, 4, 4, 2, 4, 3, 2, 1, 0, 2, 1, 1, 1, 2, 1, 1, 3, 0, 1, 0, 1, 1, 4, 1, 4, 3, 2, 2, 0, 4, 1, 1, 4, 0, 1, 2, 1, 4, 4, 1, 1, 0, 2, 3, 2, 2, 1, 2, 1, 1, 2, 4, 3, 0, 2, 2, 3, 1, 0, 1, 2, 0, 1, 2, 4, 1, 3, 4, 1, 2, 4, 3, 3, 3, 1, 1, 4, 3, 2, 3, 2, 4, 2, 4, 2, 3, 4, 1, 2, 1, 2, 1, 4, 3, 4]|[1, 2, 1, 0, 3, 0, 1, 3, 0, 0, 2, 0, 1, 0, 1, 0, 0, 0, 1, 0, 0, 2, 0, 0, 1, 0, 0, 3, 0, 1, 0, 2, 0, 1, 3, 0, 1, 3, 1, 0, 0, 0, 1, 3, 0, 0, 1, 0, 2, 0, 0, 0, 0, 0, 1, 0, 1, 0, 1, 1, 0, 2, 0, 0, 0, 0, 0, 0, 0, 2, 0, 0, 1, 0, 0, 1, 0, 0, 3, 0, 0, 1, 0, 0, 0, 0, 3, 0, 2, 0, 0, 2, 1, 0, 0, 0, 0, 1, 0, 3],846.6109372053031,52128.769557101376,106800.59864073119,false
30,G2_TEC,G2_TEC,[31, 22, 82, 15, 26, 9, 95, 42, 77, 68, 47, 5, 93, 78, 86, 54, 85, 63, 18, 44, 20, 49, 36, 14, 74, 50, 53, 17, 21, 28, 11, 64, 3, 23, 30, 83, 24, 41, 40, 52, 65, 27, 90, 70, 39, 87, 48, 69, 99, 4, 46, 1, 13, 58, 97, 59, 45, 8, 73, 37, 35, 79, 71, 66, 76, 32, 60, 80, 96, 6, 16, 61, 33, 7, 57, 34, 12, 67, 10, 98, 56, 88, 43, 75, 91, 38, 84, 92, 29, 19, 51, 72, 89, 25, 2, 81, 94, 55, 62, 0]|[2, 1, 2, 1, 1, 2, 1, 1, 1, 1, 1, 0, 2, 2, 1, 2, 0, 0, 0, 2, 2, 1, 0, 2, 0, 2, 2, 1, 0, 1, 1, 1, 0, 0, 1, 0, 2, 1, 2, 2, 0, 0, 1, 1, 0, 2, 0, 2, 1, 0, 0, 2, 0, 0, 2, 0, 1, 1, 0, 0, 2, 1, 1, 1, 2, 0, 2, 2, 0, 1, 2, 1, 1, 2, 0, 1, 2, 1, 1, 2, 2, 1, 1, 0, 1, 0, 0, 0, 1, 1, 1, 1, 1, 1, 2, 1, 2, 0, 1, 0]|[0, 3, 0, 3, 4, 1, 4, 4, 2, 4, 3, 2, 1, 0, 2, 1, 1, 1, 2, 1, 1, 3, 0, 1, 0, 1, 1, 4, 1, 4, 3, 2, 2, 0, 4, 1, 1, 4, 1, 1, 2, 1, 4, 4, 1, 1, 0, 2, 3, 2, 2, 1, 2, 1, 1, 2, 4, 3, 0, 2, 2, 3, 3, 1, 1, 2, 1, 1, 2, 4, 1, 3, 4, 1, 2, 4, 1, 3, 3, 1, 1, 4, 4, 2, 3, 2, 2, 2, 3, 4, 3, 4, 4, 4, 1, 4, 1, 2, 3, 2]|[0, 2, 0, 0, 3, 0, 1, 3, 0, 0, 2, 0, 1, 0, 1, 0, 0, 0, 1, 0, 0, 2, 0, 0, 1, 0, 0, 3, 0, 1, 0, 2, 0, 0, 3, 0, 1, 1, 0, 0, 0, 0, 1, 3, 0, 0, 1, 0, 2, 0, 0, 0, 0, 0, 1, 0, 1, 0, 1, 1, 0, 2, 0, 2, 0, 0, 0, 0, 0, 2, 0, 0, 1, 0, 0, 1, 0, 0, 3, 0, 0, 1, 2, 0, 0, 0, 0, 0, 3, 1, 0, 1, 1, 3, 0, 2, 0, 0, 0, 0],882.9438068981488,49811.41861925377,107369.92734801112,false
30,G3_TWC,G3_TWC,[31, 22, 82, 15, 26, 58, 77, 95, 42, 12, 47, 5, 93, 78, 98, 54, 85, 63, 18, 44, 20, 35, 43, 97, 91, 76, 10, 30, 21, 45, 71, 64, 1, 23, 17, 83, 24, 14, 60, 36, 6, 57, 94, 88, 65, 56, 79, 40, 67, 68, 46, 75, 38, 9, 19, 32, 81, 41, 27, 62, 87, 90, 99, 59, 11, 16, 72, 73, 70, 39, 37, 84, 3, 92, 25, 55, 28, 29, 51, 7, 33, 61, 86, 66, 89, 50, 48, 96, 53, 80, 4, 8, 34, 49, 52, 0, 13, 2, 69, 74]|[1, 1, 0, 1, 1, 1, 2, 2, 1, 1, 2, 2, 2, 1, 1, 0, 0, 1, 0, 2, 2, 0, 1, 2, 0, 1, 2, 2, 0, 0, 1, 2, 1, 2, 1, 0, 2, 0, 1, 1, 0, 1, 1, 1, 0, 2, 1, 1, 0, 0, 0, 0, 1, 1, 2, 1, 2, 0, 0, 0, 2, 1, 0, 1, 2, 1, 2, 1, 1, 1, 1, 1, 1, 0, 1, 1, 0, 0, 0, 1, 2, 1, 0, 2, 1, 0, 0, 0, 0, 0, 0, 1, 2, 0, 1, 0, 0, 0, 1, 2]|[4, 3, 2, 2, 0, 0, 2, 2, 2, 4, 1, 1, 2, 4, 4, 1, 2, 4, 2, 1, 1, 1, 1, 2, 1, 2, 1, 1, 1, 1, 3, 2, 3, 0, 4, 0, 1, 1, 0, 3, 2, 2, 4, 0, 1, 1, 0, 2, 0, 1, 2, 2, 1, 4, 0, 3, 2, 1, 1, 2, 1, 3, 1, 1, 1, 3, 0, 4, 3, 1, 4, 1, 1, 2, 4, 4, 2, 1, 1, 3, 1, 3, 1, 1, 1, 1, 1, 1, 2, 1, 2, 3, 1, 1, 1, 2, 2, 2, 3, 1]|[0, 2, 1, 1, 3, 3, 0, 0, 1, 0, 0, 0, 1, 0, 1, 0, 0, 3, 1, 0, 0, 0, 3, 1, 0, 2, 0, 0, 0, 1, 0, 0, 0, 0, 3, 0, 1, 0, 0, 2, 1, 1, 2, 0, 0, 0, 0, 1, 1, 0, 0, 0, 1, 3, 0, 0, 1, 0, 0, 1, 0, 2, 0, 1, 0, 2, 1, 0, 0, 1, 1, 3, 1, 1, 3, 3, 1, 0, 0, 2, 0, 0, 0, 0, 1, 0, 0, 0, 1, 0, 1, 2, 0, 1, 1, 0, 0, 0, 0, 0],802.1274951829081,57949.43073711903,89651.64312139984,false
30,G1_CMAX,G1_CMAX,[31, 22, 82, 15, 26, 99, 95, 42, 77, 12, 47, 5, 93, 78, 86, 54, 21, 63, 18, 44, 20, 35, 43, 97, 91, 76, 10, 30, 85, 45, 71, 64, 1, 23, 17, 83, 24, 14, 60, 36, 6, 57, 40, 88, 65, 56, 79, 94, 67, 68, 46, 75, 38, 9, 19, 32, 41, 81, 27, 87, 90, 58, 59, 11, 16, 72, 73, 70, 39, 37, 84, 3, 92, 25, 55, 48, 62, 29, 51, 96, 33, 61, 98, 28, 89, 50, 4, 7, 53, 80, 52, 66, 34, 49, 8, 0, 74, 69, 2, 13]|[1, 1, 0, 1, 1, 0, 1, 1, 2, 1, 2, 2, 2, 1, 1, 0, 0, 1, 0, 2, 2, 0, 1, 2, 0, 1, 2, 2, 0, 0, 1, 2, 1, 2, 1, 0, 2, 0, 1, 1, 0, 1, 1, 1, 0, 2, 1, 1, 0, 0, 0, 0, 1, 1, 2, 1, 0, 2, 0, 2, 1, 0, 1, 2, 1, 2, 1, 1, 1, 1, 1, 1, 0, 1, 2, 0, 0, 0, 0, 2, 2, 1, 2, 0, 1, 0, 1, 2, 0, 0, 1, 2, 2, 0, 1, 0, 2, 1, 0, 0]|[0, 3, 2, 2, 4, 1, 2, 3, 2, 4, 1, 1, 2, 4, 4, 1, 1, 4, 2, 1, 1, 1, 1, 2, 1, 2, 1, 1, 2, 1, 3, 2, 3, 1, 4, 0, 1, 1, 0, 3, 2, 2, 2, 0, 1, 1, 0, 4, 0, 1, 2, 2, 1, 4, 0, 3, 1, 1, 1, 1, 3, 1, 1, 1, 3, 0, 4, 3, 1, 4, 1, 1, 0, 4, 1, 1, 2, 1, 1, 1, 1, 3, 1, 2, 1, 1, 4, 1, 2, 1, 1, 1, 1, 1, 3, 2, 1, 4, 2, 2]|[0, 2, 1, 1, 3, 0, 1, 3, 0, 0, 0, 0, 1, 0, 1, 0, 0, 3, 1, 0, 0, 0, 3, 1, 0, 2, 0, 0, 0, 1, 0, 0, 0, 0, 3, 0, 1, 0, 0, 2, 1, 1, 1, 0, 0, 0, 0, 2, 1, 0, 0, 0, 1, 3, 0, 0, 0, 0, 0, 0, 2, 0, 1, 0, 2, 1, 0, 0, 1, 1, 3, 1, 1, 3, 0, 0, 1, 0, 0, 0, 0, 0, 0, 1, 1, 0, 0, 0, 1, 0, 1, 0, 0, 1, 2, 0, 0, 2, 0, 0],731.2476204416437,56784.74762275103,92889.2977037672,false
30,G4_BALANCED,G4_BALANCED,[31, 11, 15, 82, 26, 9, 95, 32, 77, 68, 47, 5, 93, 78, 86, 54, 85, 63, 18, 44, 20, 49, 36, 14, 74, 50, 53, 17, 21, 45, 71, 64, 3, 23, 30, 83, 24, 41, 60, 52, 65, 27, 90, 70, 39, 87, 48, 69, 99, 4, 46, 1, 13, 58, 97, 59, 28, 8, 73, 37, 35, 79, 22, 66, 76, 42, 40, 80, 96, 6, 16, 61, 33, 7, 57, 34, 12, 67, 10, 98, 56, 88, 29, 75, 91, 38, 19, 92, 43, 84, 51, 72, 81, 0, 2, 55, 94, 89, 62, 25]|[2, 1, 1, 2, 1, 2, 1, 1, 1, 1, 1, 0, 2, 2, 1, 2, 0, 0, 0, 2, 2, 1, 0, 2, 0, 2, 2, 1, 0, 1, 1, 1, 0, 0, 1, 0, 2, 1, 2, 2, 0, 0, 1, 1, 0, 2, 0, 2, 1, 0, 0, 2, 0, 0, 2, 0, 1, 1, 0, 0, 2, 1, 0, 2, 2, 0, 2, 2, 0, 1, 2, 1, 1, 2, 0, 1, 1, 1, 1, 2, 2, 1, 1, 0, 1, 0, 1, 0, 1, 0, 1, 1, 1, 0, 2, 0, 2, 1, 1, 1]|[1, 3, 2, 0, 4, 1, 4, 4, 2, 4, 3, 2, 1, 0, 2, 1, 1, 1, 2, 1, 1, 3, 0, 1, 0, 1, 1, 4, 1, 4, 3, 2, 2, 0, 4, 1, 1, 4, 0, 1, 2, 1, 4, 4, 1, 1, 0, 2, 3, 2, 2, 1, 2, 1, 1, 2, 4, 3, 0, 2, 2, 3, 1, 0, 1, 2, 0, 1, 2, 4, 1, 3, 4, 1, 2, 4, 3, 3, 3, 1, 1, 4, 3, 2, 3, 2, 4, 2, 4, 2, 3, 4, 1, 2, 1, 2, 1, 4, 3, 4]|[1, 2, 1, 0, 3, 0, 1, 3, 0, 0, 2, 0, 1, 0, 1, 0, 0, 0, 1, 0, 0, 2, 0, 0, 1, 0, 0, 3, 0, 1, 0, 2, 0, 1, 3, 0, 1, 3, 1, 0, 0, 0, 1, 3, 0, 0, 1, 0, 2, 0, 0, 0, 0, 0, 1, 0, 1, 0, 1, 1, 0, 2, 0, 0, 0, 0, 0, 0, 0, 2, 0, 0, 1, 0, 0, 1, 0, 0, 3, 0, 0, 1, 0, 0, 0, 0, 3, 0, 2, 0, 0, 2, 1, 0, 0, 0, 0, 1, 0, 3],846.6109372053031,52128.769557101376,106800.59864073119,false
30,G2_TEC,G2_TEC,[31, 22, 82, 15, 26, 9, 95, 42, 77, 68, 47, 5, 93, 78, 86, 54, 85, 63, 18, 44, 20, 49, 36, 14, 74, 50, 53, 17, 21, 28, 11, 64, 3, 23, 30, 83, 24, 41, 40, 52, 65, 27, 90, 70, 39, 87, 48, 69, 99, 4, 46, 1, 13, 58, 97, 59, 45, 8, 73, 37, 35, 79, 71, 66, 76, 32, 60, 80, 96, 6, 16, 61, 33, 7, 57, 34, 12, 67, 10, 98, 56, 88, 43, 75, 91, 38, 84, 92, 29, 19, 51, 72, 89, 25, 2, 81, 94, 55, 62, 0]|[2, 1, 2, 1, 1, 2, 1, 1, 1, 1, 1, 0, 2, 2, 1, 2, 0, 0, 0, 2, 2, 1, 0, 2, 0, 2, 2, 1, 0, 1, 1, 1, 0, 0, 1, 0, 2, 1, 2, 2, 0, 0, 1, 1, 0, 2, 0, 2, 1, 0, 0, 2, 0, 0, 2, 0, 1, 1, 0, 0, 2, 1, 1, 1, 2, 0, 2, 2, 0, 1, 2, 1, 1, 2, 0, 1, 2, 1, 1, 2, 2, 1, 1, 0, 1, 0, 0, 0, 1, 1, 1, 1, 1, 1, 2, 1, 2, 0, 1, 0]|[0, 3, 0, 3, 4, 1, 4, 4, 2, 4, 3, 2, 1, 0, 2, 1, 1, 1, 2, 1, 1, 3, 0, 1, 0, 1, 1, 4, 1, 4, 3, 2, 2, 0, 4, 1, 1, 4, 1, 1, 2, 1, 4, 4, 1, 1, 0, 2, 3, 2, 2, 1, 2, 1, 1, 2, 4, 3, 0, 2, 2, 3, 3, 1, 1, 2, 1, 1, 2, 4, 1, 3, 4, 1, 2, 4, 1, 3, 3, 1, 1, 4, 4, 2, 3, 2, 2, 2, 3, 4, 3, 4, 4, 4, 1, 4, 1, 2, 3, 2]|[0, 2, 0, 0, 3, 0, 1, 3, 0, 0, 2, 0, 1, 0, 1, 0, 0, 0, 1, 0, 0, 2, 0, 0, 1, 0, 0, 3, 0, 1, 0, 2, 0, 0, 3, 0, 1, 1, 0, 0, 0, 0, 1, 3, 0, 0, 1, 0, 2, 0, 0, 0, 0, 0, 1, 0, 1, 0, 1, 1, 0, 2, 0, 2, 0, 0, 0, 0, 0, 2, 0, 0, 1, 0, 0, 1, 0, 0, 3, 0, 0, 1, 2, 0, 0, 0, 0, 0, 3, 1, 0, 1, 1, 3, 0, 2, 0, 0, 0, 0],882.9438068981488,49811.41861925377,107369.92734801112,false
30,G3_TWC,G3_TWC,[31, 22, 82, 15, 26, 58, 77, 95, 42, 12, 47, 5, 93, 78, 98, 54, 85, 63, 18, 44, 20, 35, 43, 97, 91, 76, 10, 30, 21, 45, 71, 64, 1, 23, 17, 83, 24, 14, 60, 36, 6, 57, 94, 88, 65, 56, 79, 40, 67, 68, 46, 75, 38, 9, 19, 32, 81, 41, 27, 62, 87, 90, 99, 59, 11, 16, 72, 73, 70, 39, 37, 84, 3, 92, 25, 55, 28, 29, 51, 7, 33, 61, 86, 66, 89, 50, 48, 96, 53, 80, 4, 8, 34, 49, 52, 0, 13, 2, 69, 74]|[1, 1, 0, 1, 1, 1, 2, 2, 1, 1, 2, 2, 2, 1, 1, 0, 0, 1, 0, 2, 2, 0, 1, 2, 0, 1, 2, 2, 0, 0, 1, 2, 1, 2, 1, 0, 2, 0, 1, 1, 0, 1, 1, 1, 0, 2, 1, 1, 0, 0, 0, 0, 1, 1, 2, 1, 2, 0, 0, 0, 2, 1, 0, 1, 2, 1, 2, 1, 1, 1, 1, 1, 1, 0, 1, 1, 0, 0, 0, 1, 2, 1, 0, 2, 1, 0, 0, 0, 0, 0, 0, 1, 2, 0, 1, 0, 0, 0, 1, 2]|[4, 3, 2, 2, 0, 0, 2, 2, 2, 4, 1, 1, 2, 4, 4, 1, 2, 4, 2, 1, 1, 1, 1, 2, 1, 2, 1, 1, 1, 1, 3, 2, 3, 0, 4, 0, 1, 1, 0, 3, 2, 2, 4, 0, 1, 1, 0, 2, 0, 1, 2, 2, 1, 4, 0, 3, 2, 1, 1, 2, 1, 3, 1, 1, 1, 3, 0, 4, 3, 1, 4, 1, 1, 2, 4, 4, 2, 1, 1, 3, 1, 3, 1, 1, 1, 1, 1, 1, 2, 1, 2, 3, 1, 1, 1, 2, 2, 2, 3, 1]|[0, 2, 1, 1, 3, 3, 0, 0, 1, 0, 0, 0, 1, 0, 1, 0, 0, 3, 1, 0, 0, 0, 3, 1, 0, 2, 0, 0, 0, 1, 0, 0, 0, 0, 3, 0, 1, 0, 0, 2, 1, 1, 2, 0, 0, 0, 0, 1, 1, 0, 0, 0, 1, 3, 0, 0, 1, 0, 0, 1, 0, 2, 0, 1, 0, 2, 1, 0, 0, 1, 1, 3, 1, 1, 3, 3, 1, 0, 0, 2, 0, 0, 0, 0, 1, 0, 0, 0, 1, 0, 1, 2, 0, 1, 1, 0, 0, 0, 0, 0],802.1274951829081,57949.43073711903,89651.64312139984,false
30,G1_CMAX,G1_CMAX,[31, 22, 82, 15, 26, 99, 95, 42, 77, 12, 47, 5, 93, 78, 86, 54, 21, 63, 18, 44, 20, 35, 43, 97, 91, 76, 10, 30, 85, 45, 71, 64, 1, 23, 17, 83, 24, 14, 60, 36, 6, 57, 40, 88, 65, 56, 79, 94, 67, 68, 46, 75, 38, 9, 19, 32, 41, 81, 27, 87, 90, 58, 59, 11, 16, 72, 73, 70, 39, 37, 84, 3, 92, 25, 55, 48, 62, 29, 51, 96, 33, 61, 98, 28, 89, 50, 4, 7, 53, 80, 52, 66, 34, 49, 8, 0, 74, 69, 2, 13]|[1, 1, 0, 1, 1, 0, 1, 1, 2, 1, 2, 2, 2, 1, 1, 0, 0, 1, 0, 2, 2, 0, 1, 2, 0, 1, 2, 2, 0, 0, 1, 2, 1, 2, 1, 0, 2, 0, 1, 1, 0, 1, 1, 1, 0, 2, 1, 1, 0, 0, 0, 0, 1, 1, 2, 1, 0, 2, 0, 2, 1, 0, 1, 2, 1, 2, 1, 1, 1, 1, 1, 1, 0, 1, 2, 0, 0, 0, 0, 2, 2, 1, 2, 0, 1, 0, 1, 2, 0, 0, 1, 2, 2, 0, 1, 0, 2, 1, 0, 0]|[0, 3, 2, 2, 4, 1, 2, 3, 2, 4, 1, 1, 2, 4, 4, 1, 1, 4, 2, 1, 1, 1, 1, 2, 1, 2, 1, 1, 2, 1, 3, 2, 3, 1, 4, 0, 1, 1, 0, 3, 2, 2, 2, 0, 1, 1, 0, 4, 0, 1, 2, 2, 1, 4, 0, 3, 1, 1, 1, 1, 3, 1, 1, 1, 3, 0, 4, 3, 1, 4, 1, 1, 0, 4, 1, 1, 2, 1, 1, 1, 1, 3, 1, 2, 1, 1, 4, 1, 2, 1, 1, 1, 1, 1, 3, 2, 1, 4, 2, 2]|[0, 2, 1, 1, 3, 0, 1, 3, 0, 0, 0, 0, 1, 0, 1, 0, 0, 3, 1, 0, 0, 0, 3, 1, 0, 2, 0, 0, 0, 1, 0, 0, 0, 0, 3, 0, 1, 0, 0, 2, 1, 1, 1, 0, 0, 0, 0, 2, 1, 0, 0, 0, 1, 3, 0, 0, 0, 0, 0, 0, 2, 0, 1, 0, 2, 1, 0, 0, 1, 1, 3, 1, 1, 3, 0, 0, 1, 0, 0, 0, 0, 0, 0, 1, 1, 0, 0, 0, 1, 0, 1, 0, 0, 1, 2, 0, 0, 2, 0, 0],731.2476204416437,56784.74762275103,92889.2977037672,false
30,G4_BALANCED,G4_BALANCED,[31, 11, 15, 82, 26, 9, 95, 32, 77, 68, 47, 5, 93, 78, 86, 54, 85, 63, 18, 44, 20, 49, 36, 14, 74, 50, 53, 17, 21, 45, 71, 64, 3, 23, 30, 83, 24, 41, 60, 52, 65, 27, 90, 70, 39, 87, 48, 69, 99, 4, 46, 1, 13, 58, 97, 59, 28, 8, 73, 37, 35, 79, 22, 66, 76, 42, 40, 80, 96, 6, 16, 61, 33, 7, 57, 34, 12, 67, 10, 98, 56, 88, 29, 75, 91, 38, 19, 92, 43, 84, 51, 72, 81, 0, 2, 55, 94, 89, 62, 25]|[2, 1, 1, 2, 1, 2, 1, 1, 1, 1, 1, 0, 2, 2, 1, 2, 0, 0, 0, 2, 2, 1, 0, 2, 0, 2, 2, 1, 0, 1, 1, 1, 0, 0, 1, 0, 2, 1, 2, 2, 0, 0, 1, 1, 0, 2, 0, 2, 1, 0, 0, 2, 0, 0, 2, 0, 1, 1, 0, 0, 2, 1, 0, 2, 2, 0, 2, 2, 0, 1, 2, 1, 1, 2, 0, 1, 1, 1, 1, 2, 2, 1, 1, 0, 1, 0, 1, 0, 1, 0, 1, 1, 1, 0, 2, 0, 2, 1, 1, 1]|[1, 3, 2, 0, 4, 1, 4, 4, 2, 4, 3, 2, 1, 0, 2, 1, 1, 1, 2, 1, 1, 3, 0, 1, 0, 1, 1, 4, 1, 4, 3, 2, 2, 0, 4, 1, 1, 4, 0, 1, 2, 1, 4, 4, 1, 1, 0, 2, 3, 2, 2, 1, 2, 1, 1, 2, 4, 3, 0, 2, 2, 3, 1, 0, 1, 2, 0, 1, 2, 4, 1, 3, 4, 1, 2, 4, 3, 3, 3, 1, 1, 4, 3, 2, 3, 2, 4, 2, 4, 2, 3, 4, 1, 2, 1, 2, 1, 4, 3, 4]|[1, 2, 1, 0, 3, 0, 1, 3, 0, 0, 2, 0, 1, 0, 1, 0, 0, 0, 1, 0, 0, 2, 0, 0, 1, 0, 0, 3, 0, 1, 0, 2, 0, 1, 3, 0, 1, 3, 1, 0, 0, 0, 1, 3, 0, 0, 1, 0, 2, 0, 0, 0, 0, 0, 1, 0, 1, 0, 1, 1, 0, 2, 0, 0, 0, 0, 0, 0, 0, 2, 0, 0, 1, 0, 0, 1, 0, 0, 3, 0, 0, 1, 0, 0, 0, 0, 3, 0, 2, 0, 0, 2, 1, 0, 0, 0, 0, 1, 0, 3],846.6109372053031,52128.769557101376,106800.59864073119,false
30,G2_TEC,G2_TEC,[31, 22, 82, 15, 26, 9, 95, 42, 77, 68, 47, 5, 93, 78, 86, 54, 85, 63, 18, 44, 20, 49, 36, 14, 74, 50, 53, 17, 21, 28, 11, 64, 3, 23, 30, 83, 24, 41, 40, 52, 65, 27, 90, 70, 39, 87, 48, 69, 99, 4, 46, 1, 13, 58, 97, 59, 45, 8, 73, 37, 35, 79, 71, 66, 76, 32, 60, 80, 96, 6, 16, 61, 33, 7, 57, 34, 12, 67, 10, 98, 56, 88, 43, 75, 91, 38, 84, 92, 29, 19, 51, 72, 89, 25, 2, 81, 94, 55, 62, 0]|[2, 1, 2, 1, 1, 2, 1, 1, 1, 1, 1, 0, 2, 2, 1, 2, 0, 0, 0, 2, 2, 1, 0, 2, 0, 2, 2, 1, 0, 1, 1, 1, 0, 0, 1, 0, 2, 1, 2, 2, 0, 0, 1, 1, 0, 2, 0, 2, 1, 0, 0, 2, 0, 0, 2, 0, 1, 1, 0, 0, 2, 1, 1, 1, 2, 0, 2, 2, 0, 1, 2, 1, 1, 2, 0, 1, 2, 1, 1, 2, 2, 1, 1, 0, 1, 0, 0, 0, 1, 1, 1, 1, 1, 1, 2, 1, 2, 0, 1, 0]|[0, 3, 0, 3, 4, 1, 4, 4, 2, 4, 3, 2, 1, 0, 2, 1, 1, 1, 2, 1, 1, 3, 0, 1, 0, 1, 1, 4, 1, 4, 3, 2, 2, 0, 4, 1, 1, 4, 1, 1, 2, 1, 4, 4, 1, 1, 0, 2, 3, 2, 2, 1, 2, 1, 1, 2, 4, 3, 0, 2, 2, 3, 3, 1, 1, 2, 1, 1, 2, 4, 1, 3, 4, 1, 2, 4, 1, 3, 3, 1, 1, 4, 4, 2, 3, 2, 2, 2, 3, 4, 3, 4, 4, 4, 1, 4, 1, 2, 3, 2]|[0, 2, 0, 0, 3, 0, 1, 3, 0, 0, 2, 0, 1, 0, 1, 0, 0, 0, 1, 0, 0, 2, 0, 0, 1, 0, 0, 3, 0, 1, 0, 2, 0, 0, 3, 0, 1, 1, 0, 0, 0, 0, 1, 3, 0, 0, 1, 0, 2, 0, 0, 0, 0, 0, 1, 0, 1, 0, 1, 1, 0, 2, 0, 2, 0, 0, 0, 0, 0, 2, 0, 0, 1, 0, 0, 1, 0, 0, 3, 0, 0, 1, 2, 0, 0, 0, 0, 0, 3, 1, 0, 1, 1, 3, 0, 2, 0, 0, 0, 0],882.9438068981488,49811.41861925377,107369.92734801112,false
30,G3_TWC,G3_TWC,[31, 22, 82, 15, 26, 58, 95, 42, 77, 12, 47, 5, 93, 78, 98, 54, 85, 63, 18, 44, 20, 35, 43, 97, 91, 76, 10, 30, 21, 45, 71, 64, 1, 23, 17, 83, 24, 14, 60, 36, 6, 57, 94, 88, 65, 56, 79, 40, 67, 68, 46, 75, 38, 9, 19, 32, 81, 41, 27, 62, 87, 90, 99, 59, 11, 16, 72, 73, 70, 39, 37, 84, 33, 92, 25, 55, 28, 29, 51, 7, 3, 61, 86, 66, 89, 50, 48, 96, 53, 8, 80, 4, 34, 2, 52, 49, 13, 0, 69, 74]|[1, 1, 0, 1, 1, 1, 2, 1, 2, 1, 2, 2, 2, 1, 1, 0, 0, 1, 0, 2, 2, 0, 1, 2, 0, 1, 2, 2, 0, 0, 1, 2, 1, 2, 1, 0, 2, 0, 1, 1, 0, 1, 1, 1, 0, 2, 1, 1, 0, 0, 0, 0, 1, 1, 2, 1, 2, 0, 0, 0, 2, 1, 0, 1, 2, 1, 2, 1, 1, 1, 1, 1, 2, 0, 1, 1, 0, 0, 0, 1, 1, 1, 0, 2, 1, 0, 0, 0, 0, 1, 0, 0, 2, 0, 1, 0, 0, 0, 1, 2]|[4, 3, 2, 2, 0, 0, 2, 2, 2, 4, 1, 1, 2, 4, 4, 1, 1, 4, 2, 1, 1, 1, 1, 2, 1, 2, 1, 1, 1, 1, 3, 2, 3, 0, 4, 0, 1, 1, 0, 3, 2, 2, 4, 0, 1, 1, 0, 2, 0, 1, 2, 2, 1, 4, 0, 3, 2, 1, 1, 2, 1, 3, 1, 1, 1, 3, 0, 4, 3, 1, 4, 1, 1, 2, 4, 4, 2, 1, 1, 3, 1, 3, 1, 1, 1, 1, 1, 1, 2, 3, 1, 2, 1, 2, 1, 1, 2, 2, 3, 1]|[0, 2, 1, 1, 3, 3, 0, 1, 0, 0, 0, 0, 1, 0, 1, 0, 0, 3, 1, 0, 0, 0, 3, 1, 0, 2, 0, 0, 0, 1, 0, 0, 0, 0, 3, 0, 1, 0, 0, 2, 1, 1, 2, 0, 0, 0, 0, 1, 1, 0, 0, 0, 1, 3, 0, 0, 1, 0, 0, 1, 0, 2, 0, 1, 0, 2, 1, 0, 0, 1, 1, 3, 0, 1, 3, 3, 1, 0, 0, 2, 1, 0, 0, 0, 1, 0, 0, 0, 1, 2, 0, 1, 0, 0, 1, 1, 0, 0, 0, 0],798.8899588250649,58097.93712275988,89285.16552433284,false
30,G1_CMAX,G1_CMAX,[31, 22, 82, 15, 26, 99, 95, 42, 77, 12, 47, 5, 93, 78, 86, 54, 21, 63, 18, 44, 20, 35, 43, 97, 91, 76, 10, 30, 85, 45, 71, 64, 1, 23, 17, 83, 24, 14, 60, 36, 6, 57, 40, 88, 65, 56, 79, 94, 67, 68, 46, 75, 38, 9, 19, 32, 41, 81, 27, 87, 90, 58, 59, 11, 16, 72, 73, 70, 39, 37, 84, 3, 92, 25, 55, 48, 62, 29, 51, 96, 33, 61, 98, 28, 89, 50, 4, 7, 53, 80, 52, 66, 34, 49, 8, 0, 74, 69, 2, 13]|[1, 1, 0, 1, 1, 0, 1, 1, 2, 1, 2, 2, 2, 1, 1, 0, 0, 1, 0, 2, 2, 0, 1, 2, 0, 1, 2, 2, 0, 0, 1, 2, 1, 2, 1, 0, 2, 0, 1, 1, 0, 1, 1, 1, 0, 2, 1, 1, 0, 0, 0, 0, 1, 1, 2, 1, 0, 2, 0, 2, 1, 0, 1, 2, 1, 2, 1, 1, 1, 1, 1, 1, 0, 1, 2, 0, 0, 0, 0, 2, 2, 1, 2, 0, 1, 0, 1, 2, 0, 0, 1, 2, 2, 0, 1, 0, 2, 1, 0, 0]|[0, 3, 2, 2, 4, 1, 2, 3, 2, 4, 1, 1, 2, 4, 4, 1, 1, 4, 2, 1, 1, 1, 1, 2, 1, 2, 1, 1, 2, 1, 3, 2, 3, 1, 4, 0, 1, 1, 0, 3, 2, 2, 2, 0, 1, 1, 0, 4, 0, 1, 2, 2, 1, 4, 0, 3, 1, 1, 1, 1, 3, 1, 1, 1, 3, 0, 4, 3, 1, 4, 1, 1, 0, 4, 1, 1, 2, 1, 1, 1, 1, 3, 1, 2, 1, 1, 4, 1, 2, 1, 1, 1, 1, 1, 3, 2, 1, 4, 2, 2]|[0, 2, 1, 1, 3, 0, 1, 3, 0, 0, 0, 0, 1, 0, 1, 0, 0, 3, 1, 0, 0, 0, 3, 1, 0, 2, 0, 0, 0, 1, 0, 0, 0, 0, 3, 0, 1, 0, 0, 2, 1, 1, 1, 0, 0, 0, 0, 2, 1, 0, 0, 0, 1, 3, 0, 0, 0, 0, 0, 0, 2, 0, 1, 0, 2, 1, 0, 0, 1, 1, 3, 1, 1, 3, 0, 0, 1, 0, 0, 0, 0, 0, 0, 1, 1, 0, 0, 0, 1, 0, 1, 0, 0, 1, 2, 0, 0, 2, 0, 0],731.2476204416437,56784.74762275103,92889.2977037672,false
30,G4_BALANCED,G4_BALANCED,[31, 11, 15, 82, 26, 9, 95, 32, 77, 68, 47, 5, 93, 78, 86, 54, 85, 63, 18, 44, 20, 49, 36, 14, 74, 50, 53, 17, 21, 45, 71, 64, 3, 23, 30, 83, 24, 41, 60, 52, 65, 27, 90, 70, 39, 87, 48, 69, 99, 4, 46, 1, 13, 58, 97, 59, 28, 8, 73, 37, 35, 79, 22, 66, 76, 42, 40, 80, 96, 6, 16, 61, 33, 7, 57, 34, 12, 67, 10, 98, 56, 88, 29, 75, 91, 38, 19, 92, 43, 84, 51, 72, 81, 0, 2, 55, 94, 89, 62, 25]|[2, 1, 1, 2, 1, 2, 1, 1, 1, 1, 1, 0, 2, 2, 1, 2, 0, 0, 0, 2, 2, 1, 0, 2, 0, 2, 2, 1, 0, 1, 1, 1, 0, 0, 1, 0, 2, 1, 2, 2, 0, 0, 1, 1, 0, 2, 0, 2, 1, 0, 0, 2, 0, 0, 2, 0, 1, 1, 0, 0, 2, 1, 0, 2, 2, 0, 2, 2, 0, 1, 2, 1, 1, 2, 0, 1, 1, 1, 1, 2, 2, 1, 1, 0, 1, 0, 1, 0, 1, 0, 1, 1, 1, 0, 2, 0, 2, 1, 1, 1]|[1, 3, 2, 0, 4, 1, 4, 4, 2, 4, 3, 2, 1, 0, 2, 1, 1, 1, 2, 1, 1, 3, 0, 1, 0, 1, 1, 4, 1, 4, 3, 2, 2, 0, 4, 1, 1, 4, 0, 1, 2, 1, 4, 4, 1, 1, 0, 2, 3, 2, 2, 1, 2, 1, 1, 2, 4, 3, 0, 2, 2, 3, 1, 0, 1, 2, 0, 1, 2, 4, 1, 3, 4, 1, 2, 4, 3, 3, 3, 1, 1, 4, 3, 2, 3, 2, 4, 2, 4, 2, 3, 4, 1, 2, 1, 2, 1, 4, 3, 4]|[1, 2, 1, 0, 3, 0, 1, 3, 0, 0, 2, 0, 1, 0, 1, 0, 0, 0, 1, 0, 0, 2, 0, 0, 1, 0, 0, 3, 0, 1, 0, 2, 0, 1, 3, 0, 1, 3, 1, 0, 0, 0, 1, 3, 0, 0, 1, 0, 2, 0, 0, 0, 0, 0, 1, 0, 1, 0, 1, 1, 0, 2, 0, 0, 0, 0, 0, 0, 0, 2, 0, 0, 1, 0, 0, 1, 0, 0, 3, 0, 0, 1, 0, 0, 0, 0, 3, 0, 2, 0, 0, 2, 1, 0, 0, 0, 0, 1, 0, 3],846.6109372053031,52128.769557101376,106800.59864073119,false
30,G2_TEC,G2_TEC,[31, 22, 82, 15, 26, 9, 95, 42, 77, 68, 47, 5, 93, 78, 86, 54, 85, 63, 18, 44, 20, 49, 36, 14, 74, 50, 53, 17, 21, 28, 11, 64, 3, 23, 30, 83, 24, 41, 40, 52, 65, 27, 90, 70, 39, 87, 48, 69, 99, 4, 46, 1, 13, 58, 97, 59, 45, 8, 73, 37, 35, 79, 71, 66, 76, 32, 60, 80, 96, 6, 16, 61, 33, 7, 57, 34, 12, 67, 10, 98, 56, 88, 43, 75, 91, 38, 84, 92, 29, 19, 51, 72, 89, 25, 2, 81, 94, 55, 62, 0]|[2, 1, 2, 1, 1, 2, 1, 1, 1, 1, 1, 0, 2, 2, 1, 2, 0, 0, 0, 2, 2, 1, 0, 2, 0, 2, 2, 1, 0, 1, 1, 1, 0, 0, 1, 0, 2, 1, 2, 2, 0, 0, 1, 1, 0, 2, 0, 2, 1, 0, 0, 2, 0, 0, 2, 0, 1, 1, 0, 0, 2, 1, 1, 1, 2, 0, 2, 2, 0, 1, 2, 1, 1, 2, 0, 1, 2, 1, 1, 2, 2, 1, 1, 0, 1, 0, 0, 0, 1, 1, 1, 1, 1, 1, 2, 1, 2, 0, 1, 0]|[0, 3, 0, 3, 4, 1, 4, 4, 2, 4, 3, 2, 1, 0, 2, 1, 1, 1, 2, 1, 1, 3, 0, 1, 0, 1, 1, 4, 1, 4, 3, 2, 2, 0, 4, 1, 1, 4, 1, 1, 2, 1, 4, 4, 1, 1, 0, 2, 3, 2, 2, 1, 2, 1, 1, 2, 4, 3, 0, 2, 2, 3, 3, 1, 1, 2, 1, 1, 2, 4, 1, 3, 4, 1, 2, 4, 1, 3, 3, 1, 1, 4, 4, 2, 3, 2, 2, 2, 3, 4, 3, 4, 4, 4, 1, 4, 1, 2, 3, 2]|[0, 2, 0, 0, 3, 0, 1, 3, 0, 0, 2, 0, 1, 0, 1, 0, 0, 0, 1, 0, 0, 2, 0, 0, 1, 0, 0, 3, 0, 1, 0, 2, 0, 0, 3, 0, 1, 1, 0, 0, 0, 0, 1, 3, 0, 0, 1, 0, 2, 0, 0, 0, 0, 0, 1, 0, 1, 0, 1, 1, 0, 2, 0, 2, 0, 0, 0, 0, 0, 2, 0, 0, 1, 0, 0, 1, 0, 0, 3, 0, 0, 1, 2, 0, 0, 0, 0, 0, 3, 1, 0, 1, 1, 3, 0, 2, 0, 0, 0, 0],882.9438068981488,49811.41861925377,107369.92734801112,false
30,G3_TWC,G3_TWC,[31, 22, 82, 15, 26, 58, 95, 42, 77, 12, 47, 5, 93, 78, 98, 54, 85, 63, 18, 44, 20, 35, 43, 97, 91, 76, 10, 30, 21, 45, 71, 64, 1, 23, 17, 13, 24, 14, 60, 36, 6, 57, 94, 88, 65, 56, 79, 40, 67, 68, 46, 75, 38, 9, 19, 32, 81, 41, 27, 62, 87, 90, 99, 59, 11, 16, 72, 73, 70, 39, 37, 84, 3, 92, 25, 55, 28, 29, 51, 7, 33, 61, 86, 66, 89, 50, 48, 96, 53, 80, 4, 8, 34, 2, 52, 49, 83, 0, 69, 74]|[1, 1, 0, 1, 1, 1, 2, 1, 2, 1, 2, 2, 2, 1, 1, 0, 0, 1, 0, 2, 2, 0, 1, 2, 0, 1, 2, 2, 0, 0, 1, 2, 1, 2, 1, 0, 2, 0, 1, 1, 0, 1, 1, 1, 0, 2, 1, 1, 0, 0, 0, 0, 1, 1, 2, 1, 2, 0, 0, 0, 2, 1, 0, 1, 2, 1, 2, 1, 1, 1, 1, 1, 1, 0, 1, 1, 0, 0, 0, 1, 2, 1, 0, 2, 1, 0, 0, 0, 0, 0, 0, 1, 2, 0, 1, 0, 0, 0, 1, 2]|[4, 3, 2, 2, 0, 0, 2, 2, 2, 4, 1, 1, 2, 4, 4, 1, 2, 4, 2, 1, 1, 1, 1, 2, 1, 2, 1, 1, 1, 1, 3, 2, 3, 0, 4, 2, 1, 1, 0, 3, 2, 2, 4, 0, 1, 1, 0, 2, 0, 1, 2, 2, 1, 4, 0, 3, 2, 1, 1, 2, 1, 3, 1, 1, 1, 3, 0, 4, 3, 1, 4, 1, 1, 2, 4, 4, 2, 1, 1, 3, 1, 3, 1, 1, 1, 1, 1, 1, 2, 1, 2, 3, 1, 2, 1, 1, 2, 2, 3, 1]|[0, 2, 1, 1, 3, 3, 0, 1, 0, 0, 0, 0, 1, 0, 1, 0, 0, 3, 1, 0, 0, 0, 3, 1, 0, 2, 0, 0, 0, 1, 0, 0, 0, 0, 3, 0, 1, 0, 0, 2, 1, 1, 2, 0, 0, 0, 0, 1, 1, 0, 0, 0, 1, 3, 0, 0, 1, 0, 0, 1, 0, 2, 0, 1, 0, 2, 1, 0, 0, 1, 1, 3, 1, 1, 3, 3, 1, 0, 0, 2, 0, 0, 0, 0, 1, 0, 0, 0, 1, 0, 1, 2, 0, 0, 1, 1, 0, 0, 0, 0],811.9845383807663,57728.67027821423,89513.44702377252,false
30,G1_CMAX,G1_CMAX,[31, 22, 82, 15, 26, 99, 95, 42, 77, 12, 47, 5, 93, 78, 86, 54, 21, 63, 18, 44, 20, 35, 43, 97, 91, 76, 10, 30, 85, 45, 71, 64, 1, 23, 17, 83, 24, 14, 60, 36, 6, 57, 40, 88, 65, 56, 79, 94, 67, 68, 46, 75, 38, 9, 19, 32, 41, 81, 27, 87, 90, 58, 59, 11, 16, 72, 73, 70, 39, 37, 84, 3, 92, 25, 55, 48, 62, 29, 51, 96, 33, 61, 98, 28, 89, 50, 4, 7, 53, 80, 52, 66, 34, 49, 8, 0, 74, 69, 2, 13]|[1, 1, 0, 1, 1, 0, 1, 1, 2, 1, 2, 2, 2, 1, 1, 0, 0, 1, 0, 2, 2, 0, 1, 2, 0, 1, 2, 2, 0, 0, 1, 2, 1, 2, 1, 0, 2, 0, 1, 1, 0, 1, 1, 1, 0, 2, 1, 1, 0, 0, 0, 0, 1, 1, 2, 1, 0, 2, 0, 2, 1, 0, 1, 2, 1, 2, 1, 1, 1, 1, 1, 1, 0, 1, 2, 0, 0, 0, 0, 2, 2, 1, 2, 0, 1, 0, 1, 2, 0, 0, 1, 2, 2, 0, 1, 0, 2, 1, 0, 0]|[0, 3, 2, 2, 4, 1, 2, 3, 2, 4, 1, 1, 2, 4, 4, 1, 1, 4, 2, 1, 1, 1, 1, 2, 1, 2, 1, 1, 2, 1, 3, 2, 3, 1, 4, 0, 1, 1, 0, 3, 2, 2, 2, 0, 1, 1, 0, 4, 0, 1, 2, 2, 1, 4, 0, 3, 1, 1, 1, 1, 3, 1, 1, 1, 3, 0, 4, 3, 1, 4, 1, 1, 0, 4, 1, 1, 2, 1, 1, 1, 1, 3, 1, 2, 1, 1, 4, 1, 2, 1, 1, 1, 1, 1, 3, 2, 1, 4, 2, 2]|[0, 2, 1, 1, 3, 0, 1, 3, 0, 0, 0, 0, 1, 0, 1, 0, 0, 3, 1, 0, 0, 0, 3, 1, 0, 2, 0, 0, 0, 1, 0, 0, 0, 0, 3, 0, 1, 0, 0, 2, 1, 1, 1, 0, 0, 0, 0, 2, 1, 0, 0, 0, 1, 3, 0, 0, 0, 0, 0, 0, 2, 0, 1, 0, 2, 1, 0, 0, 1, 1, 3, 1, 1, 3, 0, 0, 1, 0, 0, 0, 0, 0, 0, 1, 1, 0, 0, 0, 1, 0, 1, 0, 0, 1, 2, 0, 0, 2, 0, 0],731.2476204416437,56784.74762275103,92889.2977037672,false
30,G4_BALANCED,G4_BALANCED,[31, 11, 82, 15, 26, 9, 95, 42, 77, 68, 47, 5, 93, 78, 86, 54, 85, 63, 18, 44, 20, 49, 36, 14, 74, 50, 53, 17, 21, 45, 71, 64, 3, 23, 30, 83, 24, 41, 60, 52, 65, 27, 90, 70, 39, 87, 48, 69, 99, 4, 46, 1, 13, 58, 97, 59, 28, 8, 73, 37, 35, 79, 22, 66, 76, 32, 40, 80, 96, 6, 16, 61, 33, 7, 57, 34, 12, 67, 10, 98, 56, 88, 51, 75, 91, 38, 19, 92, 43, 84, 29, 72, 81, 25, 2, 55, 0, 94, 89, 62]|[2, 1, 2, 1, 1, 2, 1, 1, 1, 1, 1, 0, 2, 2, 1, 2, 0, 0, 0, 2, 2, 1, 0, 2, 0, 2, 2, 1, 0, 1, 1, 1, 0, 0, 1, 0, 2, 1, 2, 2, 0, 0, 1, 1, 0, 2, 0, 2, 1, 0, 0, 2, 0, 0, 2, 0, 1, 1, 0, 0, 2, 1, 0, 2, 2, 0, 2, 2, 0, 1, 2, 1, 1, 2, 0, 1, 1, 1, 1, 2, 2, 1, 1, 0, 1, 0, 1, 0, 1, 0, 1, 1, 1, 1, 2, 0, 0, 2, 1, 1]|[0, 3, 0, 2, 4, 1, 4, 4, 2, 4, 3, 2, 1, 0, 2, 1, 1, 1, 2, 1, 1, 3, 0, 1, 0, 1, 1, 4, 1, 4, 3, 2, 2, 0, 4, 1, 1, 4, 0, 1, 2, 1, 4, 4, 1, 1, 0, 2, 3, 1, 2, 1, 2, 1, 1, 2, 4, 3, 0, 2, 2, 3, 1, 0, 1, 2, 0, 1, 2, 4, 1, 3, 4, 1, 2, 4, 3, 3, 3, 1, 1, 4, 3, 2, 3, 2, 4, 2, 4, 2, 3, 4, 1, 4, 1, 2, 2, 1, 4, 3]|[0, 2, 0, 1, 3, 0, 1, 3, 0, 0, 2, 0, 1, 0, 1, 0, 0, 0, 1, 0, 0, 2, 0, 0, 1, 0, 0, 3, 0, 1, 0, 2, 0, 1, 3, 0, 1, 3, 1, 0, 0, 0, 1, 3, 0, 0, 1, 0, 2, 0, 0, 0, 0, 0, 1, 0, 1, 0, 1, 1, 0, 2, 0, 0, 0, 0, 0, 0, 0, 2, 0, 0, 1, 0, 0, 1, 0, 0, 3, 0, 0, 1, 0, 0, 0, 0, 3, 0, 2, 0, 0, 2, 1, 3, 0, 0, 0, 0, 1, 0],847.5774112780123,52007.329839342645,107494.62989686072,false
30,G2_TEC,G2_TEC,[31, 22, 82, 15, 26, 9, 95, 42, 77, 68, 47, 5, 93, 78, 86, 54, 85, 63, 18, 44, 20, 49, 36, 14, 74, 50, 53, 17, 21, 28, 11, 64, 3, 23, 30, 83, 24, 41, 40, 52, 65, 27, 90, 70, 39, 87, 48, 69, 99, 4, 46, 1, 13, 58, 97, 59, 45, 8, 73, 37, 35, 79, 71, 66, 76, 32, 60, 80, 96, 6, 16, 61, 33, 7, 57, 34, 12, 67, 10, 98, 56, 88, 43, 75, 91, 38, 84, 92, 29, 19, 51, 72, 89, 25, 2, 81, 94, 55, 62, 0]|[2, 1, 2, 1, 1, 2, 1, 1, 1, 1, 1, 0, 2, 2, 1, 2, 0, 0, 0, 2, 2, 1, 0, 2, 0, 2, 2, 1, 0, 1, 1, 1, 0, 0, 1, 0, 2, 1, 2, 2, 0, 0, 1, 1, 0, 2, 0, 2, 1, 0, 0, 2, 0, 0, 2, 0, 1, 1, 0, 0, 2, 1, 1, 1, 2, 0, 2, 2, 0, 1, 2, 1, 1, 2, 0, 1, 2, 1, 1, 2, 2, 1, 1, 0, 1, 0, 0, 0, 1, 1, 1, 1, 1, 1, 2, 1, 2, 0, 1, 0]|[0, 3, 0, 3, 4, 1, 4, 4, 2, 4, 3, 2, 1, 0, 2, 1, 1, 1, 2, 1, 1, 3, 0, 1, 0, 1, 1, 4, 1, 4, 3, 2, 2, 0, 4, 1, 1, 4, 1, 1, 2, 1, 4, 4, 1, 1, 0, 2, 3, 2, 2, 1, 2, 1, 1, 2, 4, 3, 0, 2, 2, 3, 3, 1, 1, 2, 1, 1, 2, 4, 1, 3, 4, 1, 2, 4, 1, 3, 3, 1, 1, 4, 4, 2, 3, 2, 2, 2, 3, 4, 3, 4, 4, 4, 1, 4, 1, 2, 3, 2]|[0, 2, 0, 0, 3, 0, 1, 3, 0, 0, 2, 0, 1, 0, 1, 0, 0, 0, 1, 0, 0, 2, 0, 0, 1, 0, 0, 3, 0, 1, 0, 2, 0, 0, 3, 0, 1, 1, 0, 0, 0, 0, 1, 3, 0, 0, 1, 0, 2, 0, 0, 0, 0, 0, 1, 0, 1, 0, 1, 1, 0, 2, 0, 2, 0, 0, 0, 0, 0, 2, 0, 0, 1, 0, 0, 1, 0, 0, 3, 0, 0, 1, 2, 0, 0, 0, 0, 0, 3, 1, 0, 1, 1, 3, 0, 2, 0, 0, 0, 0],882.9438068981488,49811.41861925377,107369.92734801112,false
30,G3_TWC,G3_TWC,[31, 22, 82, 15, 26, 58, 95, 42, 77, 12, 47, 5, 93, 78, 98, 54, 85, 63, 18, 44, 20, 35, 43, 97, 91, 76, 10, 30, 21, 45, 71, 64, 1, 23, 17, 83, 24, 14, 60, 36, 6, 57, 94, 88, 65, 56, 79, 40, 67, 68, 46, 75, 38, 9, 19, 32, 81, 41, 27, 62, 87, 90, 99, 59, 11, 16, 72, 73, 70, 39, 37, 84, 33, 92, 25, 55, 28, 29, 51, 7, 3, 61, 86, 66, 89, 50, 48, 96, 53, 8, 80, 4, 34, 2, 52, 49, 13, 0, 69, 74]|[1, 1, 0, 1, 1, 1, 2, 1, 2, 1, 2, 2, 2, 1, 1, 0, 0, 1, 0, 2, 2, 0, 1, 2, 0, 1, 2, 2, 0, 0, 1, 2, 1, 2, 1, 0, 2, 0, 1, 1, 0, 1, 1, 1, 0, 2, 1, 1, 0, 0, 0, 0, 1, 1, 2, 1, 2, 0, 0, 0, 2, 1, 0, 1, 2, 1, 2, 1, 1, 1, 1, 1, 2, 0, 1, 1, 0, 0, 0, 1, 1, 1, 0, 2, 1, 0, 0, 0, 0, 1, 0, 0, 2, 0, 1, 0, 0, 0, 1, 2]|[4, 3, 2, 2, 0, 0, 2, 2, 2, 4, 1, 1, 2, 4, 4, 1, 1, 4, 2, 1, 1, 1, 1, 2, 1, 2, 1, 1, 1, 1, 3, 2, 3, 0, 4, 0, 1, 1, 0, 3, 2, 2, 4, 0, 1, 1, 0, 2, 0, 1, 2, 2, 1, 4, 0, 3, 2, 1, 1, 2, 1, 3, 1, 1, 1, 3, 0, 4, 3, 1, 4, 1, 1, 2, 4, 4, 2, 1, 1, 3, 1, 3, 1, 1, 1, 1, 1, 1, 2, 3, 1, 2, 1, 2, 1, 1, 2, 2, 3, 1]|[0, 2, 1, 1, 3, 3, 0, 1, 0, 0, 0, 0, 1, 0, 1, 0, 0, 3, 1, 0, 0, 0, 3, 1, 0, 2, 0, 0, 0, 1, 0, 0, 0, 0, 3, 0, 1, 0, 0, 2, 1, 1, 2, 0, 0, 0, 0, 1, 1, 0, 0, 0, 1, 3, 0, 0, 1, 0, 0, 1, 0, 2, 0, 1, 0, 2, 1, 0, 0, 1, 1, 3, 0, 1, 3, 3, 1, 0, 0, 2, 1, 0, 0, 0, 1, 0, 0, 0, 1, 2, 0, 1, 0, 0, 1, 1, 0, 0, 0, 0],798.8899588250649,58097.93712275988,89285.16552433284,false
30,G1_CMAX,G1_CMAX,[31, 22, 82, 15, 26, 99, 95, 42, 77, 12, 47, 5, 93, 78, 86, 54, 21, 63, 18, 44, 20, 35, 43, 97, 91, 76, 10, 30, 85, 45, 71, 64, 1, 23, 17, 83, 24, 14, 60, 36, 6, 57, 40, 88, 65, 56, 79, 94, 67, 68, 46, 75, 38, 9, 19, 32, 41, 81, 27, 87, 90, 58, 59, 11, 16, 72, 73, 70, 39, 37, 84, 3, 92, 25, 55, 48, 62, 29, 51, 96, 33, 61, 98, 28, 89, 50, 4, 7, 53, 80, 52, 66, 34, 49, 8, 0, 74, 69, 2, 13]|[1, 1, 0, 1, 1, 0, 1, 1, 2, 1, 2, 2, 2, 1, 1, 0, 0, 1, 0, 2, 2, 0, 1, 2, 0, 1, 2, 2, 0, 0, 1, 2, 1, 2, 1, 0, 2, 0, 1, 1, 0, 1, 1, 1, 0, 2, 1, 1, 0, 0, 0, 0, 1, 1, 2, 1, 0, 2, 0, 2, 1, 0, 1, 2, 1, 2, 1, 1, 1, 1, 1, 1, 0, 1, 2, 0, 0, 0, 0, 2, 2, 1, 2, 0, 1, 0, 1, 2, 0, 0, 1, 2, 2, 0, 1, 0, 2, 1, 0, 0]|[0, 3, 2, 2, 4, 1, 2, 3, 2, 4, 1, 1, 2, 4, 4, 1, 1, 4, 2, 1, 1, 1, 1, 2, 1, 2, 1, 1, 2, 1, 3, 2, 3, 1, 4, 0, 1, 1, 0, 3, 2, 2, 2, 0, 1, 1, 0, 4, 0, 1, 2, 2, 1, 4, 0, 3, 1, 1, 1, 1, 3, 1, 1, 1, 3, 0, 4, 3, 1, 4, 1, 1, 0, 4, 1, 1, 2, 1, 1, 1, 1, 3, 1, 2, 1, 1, 4, 1, 2, 1, 1, 1, 1, 1, 3, 2, 1, 4, 2, 2]|[0, 2, 1, 1, 3, 0, 1, 3, 0, 0, 0, 0, 1, 0, 1, 0, 0, 3, 1, 0, 0, 0, 3, 1, 0, 2, 0, 0, 0, 1, 0, 0, 0, 0, 3, 0, 1, 0, 0, 2, 1, 1, 1, 0, 0, 0, 0, 2, 1, 0, 0, 0, 1, 3, 0, 0, 0, 0, 0, 0, 2, 0, 1, 0, 2, 1, 0, 0, 1, 1, 3, 1, 1, 3, 0, 0, 1, 0, 0, 0, 0, 0, 0, 1, 1, 0, 0, 0, 1, 0, 1, 0, 0, 1, 2, 0, 0, 2, 0, 0],731.2476204416437,56784.74762275103,92889.2977037672,false
30,G4_BALANCED,G4_BALANCED,[31, 11, 15, 82, 26, 9, 95, 32, 77, 68, 47, 5, 93, 78, 86, 54, 85, 63, 18, 44, 20, 49, 36, 14, 74, 50, 53, 17, 21, 45, 71, 64, 3, 23, 30, 83, 24, 41, 60, 52, 65, 27, 90, 70, 39, 87, 48, 69, 99, 4, 46, 1, 13, 58, 97, 59, 28, 75, 73, 37, 35, 40, 22, 66, 76, 42, 79, 80, 96, 6, 16, 61, 33, 7, 57, 34, 12, 67, 10, 98, 88, 56, 29, 8, 91, 38, 72, 92, 43, 84, 51, 19, 81, 25, 2, 55, 94, 89, 62, 0]|[2, 1, 1, 1, 1, 2, 1, 1, 1, 1, 1, 0, 2, 2, 1, 2, 0, 0, 0, 2, 2, 1, 0, 2, 0, 2, 2, 1, 0, 1, 1, 1, 0, 0, 1, 0, 2, 1, 2, 2, 0, 0, 1, 1, 0, 2, 0, 1, 1, 0, 0, 2, 0, 0, 2, 0, 1, 0, 0, 0, 1, 2, 0, 2, 2, 0, 1, 2, 0, 1, 2, 1, 1, 2, 0, 1, 1, 1, 1, 2, 2, 2, 1, 1, 1, 0, 1, 0, 1, 0, 1, 1, 1, 1, 2, 0, 2, 1, 1, 0]|[0, 3, 2, 3, 4, 1, 4, 4, 2, 4, 3, 2, 1, 0, 2, 1, 1, 1, 2, 1, 1, 3, 0, 1, 0, 1, 1, 4, 1, 4, 3, 2, 2, 0, 4, 1, 1, 4, 0, 1, 2, 1, 4, 4, 1, 1, 0, 4, 3, 1, 2, 1, 2, 1, 1, 2, 4, 2, 0, 2, 3, 0, 1, 0, 1, 2, 3, 1, 2, 4, 1, 3, 4, 1, 2, 4, 3, 3, 3, 1, 1, 1, 3, 3, 3, 2, 4, 2, 4, 2, 3, 4, 1, 4, 1, 2, 1, 4, 3, 2]|[0, 2, 1, 0, 3, 0, 1, 3, 0, 0, 2, 0, 1, 0, 1, 0, 0, 0, 1, 0, 0, 2, 0, 0, 1, 0, 0, 3, 0, 1, 0, 2, 0, 1, 3, 0, 1, 3, 1, 0, 0, 0, 1, 3, 0, 0, 1, 1, 2, 0, 0, 0, 0, 0, 1, 0, 1, 0, 1, 1, 0, 0, 0, 0, 0, 0, 2, 0, 0, 2, 0, 0, 1, 0, 0, 1, 0, 0, 3, 0, 0, 0, 0, 0, 0, 0, 2, 0, 2, 0, 0, 1, 1, 3, 0, 0, 0, 1, 0, 0],886.5266578569763,51989.75967332948,105039.51838824725,false
30,G2_TEC,G2_TEC,[31, 22, 82, 15, 26, 9, 95, 42, 77, 68, 47, 5, 93, 78, 86, 54, 85, 63, 18, 44, 20, 49, 36, 14, 74, 50, 53, 17, 21, 28, 11, 64, 3, 23, 30, 83, 24, 41, 40, 52, 65, 27, 90, 70, 39, 87, 48, 69, 99, 4, 46, 1, 13, 58, 97, 59, 45, 8, 73, 37, 35, 79, 71, 66, 76, 32, 60, 80, 96, 6, 16, 61, 33, 7, 57, 34, 12, 67, 10, 98, 56, 88, 43, 75, 91, 38, 84, 92, 29, 19, 51, 72, 89, 25, 2, 81, 94, 55, 62, 0]|[2, 1, 2, 1, 1, 2, 1, 1, 1, 1, 1, 0, 2, 2, 1, 2, 0, 0, 0, 2, 2, 1, 0, 2, 0, 2, 2, 1, 0, 1, 1, 1, 0, 0, 1, 0, 2, 1, 2, 2, 0, 0, 1, 1, 0, 2, 0, 2, 1, 0, 0, 2, 0, 0, 2, 0, 1, 1, 0, 0, 2, 1, 1, 1, 2, 0, 2, 2, 0, 1, 2, 1, 1, 2, 0, 1, 2, 1, 1, 2, 2, 1, 1, 0, 1, 0, 0, 0, 1, 1, 1, 1, 1, 1, 2, 1, 2, 0, 1, 0]|[0, 3, 0, 3, 4, 1, 4, 4, 2, 4, 3, 2, 1, 0, 2, 1, 1, 1, 2, 1, 1, 3, 0, 1, 0, 1, 1, 4, 1, 4, 3, 2, 2, 0, 4, 1, 1, 4, 1, 1, 2, 1, 4, 4, 1, 1, 0, 2, 3, 2, 2, 1, 2, 1, 1, 2, 4, 3, 0, 2, 2, 3, 3, 1, 1, 2, 1, 1, 2, 4, 1, 3, 4, 1, 2, 4, 1, 3, 3, 1, 1, 4, 4, 2, 3, 2, 2, 2, 3, 4, 3, 4, 4, 4, 1, 4, 1, 2, 3, 2]|[0, 2, 0, 0, 3, 0, 1, 3, 0, 0, 2, 0, 1, 0, 1, 0, 0, 0, 1, 0, 0, 2, 0, 0, 1, 0, 0, 3, 0, 1, 0, 2, 0, 0, 3, 0, 1, 1, 0, 0, 0, 0, 1, 3, 0, 0, 1, 0, 2, 0, 0, 0, 0, 0, 1, 0, 1, 0, 1, 1, 0, 2, 0, 2, 0, 0, 0, 0, 0, 2, 0, 0, 1, 0, 0, 1, 0, 0, 3, 0, 0, 1, 2, 0, 0, 0, 0, 0, 3, 1, 0, 1, 1, 3, 0, 2, 0, 0, 0, 0],882.9438068981488,49811.41861925377,107369.92734801112,false
30,G3_TWC,G3_TWC,[31, 22, 82, 15, 26, 58, 95, 42, 77, 12, 47, 5, 93, 78, 98, 54, 85, 63, 18, 44, 20, 35, 43, 97, 91, 76, 10, 30, 21, 45, 71, 64, 1, 23, 17, 83, 24, 14, 60, 36, 6, 57, 94, 88, 65, 56, 79, 40, 67, 68, 46, 75, 38, 9, 19, 32, 81, 41, 27, 62, 87, 90, 99, 59, 11, 16, 72, 73, 70, 39, 37, 84, 33, 92, 25, 55, 28, 29, 51, 7, 3, 61, 86, 66, 89, 50, 48, 96, 53, 8, 80, 4, 34, 2, 52, 49, 13, 0, 69, 74]|[1, 1, 0, 1, 1, 1, 2, 1, 2, 1, 2, 2, 2, 1, 1, 0, 0, 1, 0, 2, 2, 0, 1, 2, 0, 1, 2, 2, 0, 0, 1, 2, 1, 2, 1, 0, 2, 0, 1, 1, 0, 1, 1, 1, 0, 2, 1, 1, 0, 0, 0, 0, 1, 1, 2, 1, 2, 0, 0, 0, 2, 1, 0, 1, 2, 1, 2, 1, 1, 1, 1, 1, 2, 0, 1, 1, 0, 0, 0, 1, 1, 1, 0, 2, 1, 0, 0, 0, 0, 1, 0, 0, 2, 0, 1, 0, 0, 0, 1, 2]|[4, 3, 2, 2, 0, 0, 2, 2, 2, 4, 1, 1, 2, 4, 4, 1, 1, 4, 2, 1, 1, 1, 1, 2, 1, 2, 1, 1, 1, 1, 3, 2, 3, 0, 4, 0, 1, 1, 0, 3, 2, 2, 4, 0, 1, 1, 0, 2, 0, 1, 2, 2, 1, 4, 0, 3, 2, 1, 1, 2, 1, 3, 1, 1, 1, 3, 0, 4, 3, 1, 4, 1, 1, 2, 4, 4, 2, 1, 1, 3, 1, 3, 1, 1, 1, 1, 1, 1, 2, 3, 1, 2, 1, 2, 1, 1, 2, 2, 3, 1]|[0, 2, 1, 1, 3, 3, 0, 1, 0, 0, 0, 0, 1, 0, 1, 0, 0, 3, 1, 0, 0, 0, 3, 1, 0, 2, 0, 0, 0, 1, 0, 0, 0, 0, 3, 0, 1, 0, 0, 2, 1, 1, 2, 0, 0, 0, 0, 1, 1, 0, 0, 0, 1, 3, 0, 0, 1, 0, 0, 1, 0, 2, 0, 1, 0, 2, 1, 0, 0, 1, 1, 3, 0, 1, 3, 3, 1, 0, 0, 2, 1, 0, 0, 0, 1, 0, 0, 0, 1, 2, 0, 1, 0, 0, 1, 1, 0, 0, 0, 0],798.8899588250649,58097.93712275988,89285.16552433284,false
30,G1_CMAX,G1_CMAX,[31, 22, 82, 15, 26, 99, 95, 42, 77, 12, 47, 5, 93, 78, 86, 54, 21, 63, 18, 44, 20, 35, 43, 97, 91, 76, 10, 30, 85, 45, 71, 64, 1, 23, 17, 83, 24, 14, 60, 36, 6, 57, 40, 88, 65, 56, 79, 94, 67, 68, 46, 75, 38, 9, 19, 32, 41, 81, 27, 87, 90, 58, 59, 11, 16, 72, 73, 70, 39, 37, 84, 3, 92, 25, 55, 48, 62, 29, 51, 96, 33, 61, 98, 28, 89, 50, 4, 7, 53, 80, 52, 66, 34, 49, 8, 0, 74, 69, 2, 13]|[1, 1, 0, 1, 1, 0, 1, 1, 2, 1, 2, 2, 2, 1, 1, 0, 0, 1, 0, 2, 2, 0, 1, 2, 0, 1, 2, 2, 0, 0, 1, 2, 1, 2, 1, 0, 2, 0, 1, 1, 0, 1, 1, 1, 0, 2, 1, 1, 0, 0, 0, 0, 1, 1, 2, 1, 0, 2, 0, 2, 1, 0, 1, 2, 1, 2, 1, 1, 1, 1, 1, 1, 0, 1, 2, 0, 0, 0, 0, 2, 2, 1, 2, 0, 1, 0, 1, 2, 0, 0, 1, 2, 2, 0, 1, 0, 2, 1, 0, 0]|[0, 3, 2, 2, 4, 1, 2, 3, 2, 4, 1, 1, 2, 4, 4, 1, 1, 4, 2, 1, 1, 1, 1, 2, 1, 2, 1, 1, 2, 1, 3, 2, 3, 1, 4, 0, 1, 1, 0, 3, 2, 2, 2, 0, 1, 1, 0, 4, 0, 1, 2, 2, 1, 4, 0, 3, 1, 1, 1, 1, 3, 1, 1, 1, 3, 0, 4, 3, 1, 4, 1, 1, 0, 4, 1, 1, 2, 1, 1, 1, 1, 3, 1, 2, 1, 1, 4, 1, 2, 1, 1, 1, 1, 1, 3, 2, 1, 4, 2, 2]|[0, 2, 1, 1, 3, 0, 1, 3, 0, 0, 0, 0, 1, 0, 1, 0, 0, 3, 1, 0, 0, 0, 3, 1, 0, 2, 0, 0, 0, 1, 0, 0, 0, 0, 3, 0, 1, 0, 0, 2, 1, 1, 1, 0, 0, 0, 0, 2, 1, 0, 0, 0, 1, 3, 0, 0, 0, 0, 0, 0, 2, 0, 1, 0, 2, 1, 0, 0, 1, 1, 3, 1, 1, 3, 0, 0, 1, 0, 0, 0, 0, 0, 0, 1, 1, 0, 0, 0, 1, 0, 1, 0, 0, 1, 2, 0, 0, 2, 0, 0],731.2476204416437,56784.74762275103,92889.2977037672,false
30,G4_BALANCED,G3_TWC,[31, 22, 82, 15, 26, 9, 42, 95, 77, 12, 47, 5, 93, 78, 86, 54, 85, 63, 18, 44, 20, 35, 43, 97, 91, 76, 10, 30, 21, 45, 71, 64, 1, 23, 17, 83, 24, 14, 60, 36, 6, 57, 94, 88, 65, 56, 79, 40, 67, 68, 46, 75, 38, 58, 19, 32, 81, 41, 27, 62, 87, 90, 99, 59, 11, 16, 72, 73, 69, 39, 37, 84, 3, 92, 25, 55, 28, 29, 51, 7, 33, 61, 98, 66, 89, 50, 4, 96, 53, 8, 80, 13, 70, 49, 52, 0, 74, 34, 2, 48]|[1, 1, 0, 1, 1, 1, 2, 1, 2, 2, 2, 2, 2, 1, 1, 0, 0, 1, 0, 2, 2, 0, 1, 2, 0, 1, 2, 2, 0, 0, 1, 2, 1, 2, 1, 0, 2, 0, 1, 1, 0, 1, 1, 1, 0, 2, 1, 1, 0, 0, 0, 0, 1, 1, 2, 1, 2, 0, 0, 0, 2, 1, 0, 1, 2, 1, 2, 1, 1, 1, 1, 1, 1, 0, 1, 1, 0, 0, 0, 1, 2, 1, 2, 2, 1, 0, 0, 0, 2, 0, 0, 0, 1, 0, 1, 0, 2, 2, 0, 2]|[4, 3, 2, 2, 4, 0, 2, 2, 2, 1, 1, 1, 2, 4, 4, 1, 2, 4, 2, 1, 1, 1, 1, 2, 1, 2, 1, 1, 1, 1, 3, 2, 3, 0, 4, 0, 1, 1, 0, 3, 2, 2, 4, 0, 1, 1, 0, 2, 0, 1, 2, 2, 1, 4, 0, 3, 2, 1, 1, 2, 1, 3, 1, 1, 1, 3, 0, 4, 3, 1, 4, 1, 1, 2, 4, 4, 2, 1, 1, 3, 1, 3, 1, 1, 1, 1, 2, 1, 0, 1, 1, 2, 3, 1, 1, 2, 1, 1, 2, 1]|[0, 2, 1, 1, 3, 3, 0, 1, 0, 0, 0, 0, 1, 0, 1, 0, 0, 3, 1, 0, 0, 0, 3, 1, 0, 2, 0, 0, 0, 1, 0, 0, 0, 0, 3, 0, 1, 0, 0, 2, 1, 1, 2, 0, 0, 0, 0, 1, 1, 0, 0, 0, 1, 3, 0, 0, 1, 0, 0, 1, 0, 2, 0, 1, 0, 2, 1, 0, 0, 1, 1, 3, 1, 1, 3, 3, 1, 0, 0, 2, 0, 0, 0, 0, 1, 0, 1, 0, 1, 0, 0, 0, 0, 1, 1, 0, 0, 0, 0, 0],753.3020175504643,58197.71225478241,91671.16137279605,true
30,G2_TEC,G2_TEC,[31, 22, 82, 15, 26, 9, 95, 42, 77, 68, 47, 5, 93, 78, 86, 54, 85, 63, 18, 44, 20, 49, 36, 14, 74, 50, 53, 17, 21, 28, 11, 64, 3, 23, 30, 83, 24, 41, 40, 52, 65, 27, 90, 70, 39, 87, 48, 69, 99, 4, 46, 1, 13, 58, 97, 59, 45, 8, 73, 37, 35, 79, 71, 66, 76, 32, 60, 80, 96, 6, 16, 61, 33, 7, 57, 34, 12, 67, 10, 98, 56, 88, 43, 75, 91, 38, 84, 92, 29, 19, 51, 72, 89, 25, 2, 81, 94, 55, 62, 0]|[2, 1, 2, 1, 1, 2, 1, 1, 1, 1, 1, 0, 2, 2, 1, 2, 0, 0, 0, 2, 2, 1, 0, 2, 0, 2, 2, 1, 0, 1, 1, 1, 0, 0, 1, 0, 2, 1, 2, 2, 0, 0, 1, 1, 0, 2, 0, 2, 1, 0, 0, 2, 0, 0, 2, 0, 1, 1, 0, 0, 2, 1, 1, 1, 2, 0, 2, 2, 0, 1, 2, 1, 1, 2, 0, 1, 2, 1, 1, 2, 2, 1, 1, 0, 1, 0, 0, 0, 1, 1, 1, 1, 1, 1, 2, 1, 2, 0, 1, 0]|[0, 3, 0, 3, 4, 1, 4, 4, 2, 4, 3, 2, 1, 0, 2, 1, 1, 1, 2, 1, 1, 3, 0, 1, 0, 1, 1, 4, 1, 4, 3, 2, 2, 0, 4, 1, 1, 4, 1, 1, 2, 1, 4, 4, 1, 1, 0, 2, 3, 2, 2, 1, 2, 1, 1, 2, 4, 3, 0, 2, 2, 3, 3, 1, 1, 2, 1, 1, 2, 4, 1, 3, 4, 1, 2, 4, 1, 3, 3, 1, 1, 4, 4, 2, 3, 2, 2, 2, 3, 4, 3, 4, 4, 4, 1, 4, 1, 2, 3, 2]|[0, 2, 0, 0, 3, 0, 1, 3, 0, 0, 2, 0, 1, 0, 1, 0, 0, 0, 1, 0, 0, 2, 0, 0, 1, 0, 0, 3, 0, 1, 0, 2, 0, 0, 3, 0, 1, 1, 0, 0, 0, 0, 1, 3, 0, 0, 1, 0, 2, 0, 0, 0, 0, 0, 1, 0, 1, 0, 1, 1, 0, 2, 0, 2, 0, 0, 0, 0, 0, 2, 0, 0, 1, 0, 0, 1, 0, 0, 3, 0, 0, 1, 2, 0, 0, 0, 0, 0, 3, 1, 0, 1, 1, 3, 0, 2, 0, 0, 0, 0],882.9438068981488,49811.41861925377,107369.92734801112,false
30,G3_TWC,G3_TWC,[31, 22, 82, 15, 26, 58, 95, 42, 77, 12, 47, 5, 93, 78, 98, 54, 85, 63, 18, 44, 20, 35, 43, 97, 91, 76, 10, 30, 21, 45, 71, 64, 1, 23, 17, 83, 24, 14, 60, 36, 6, 57, 94, 88, 65, 56, 79, 40, 67, 68, 46, 75, 38, 9, 19, 32, 81, 41, 27, 62, 87, 90, 99, 59, 11, 16, 72, 73, 70, 39, 37, 84, 33, 92, 25, 55, 28, 29, 51, 7, 3, 61, 86, 66, 89, 50, 48, 96, 53, 8, 80, 4, 34, 2, 52, 49, 13, 0, 69, 74]|[1, 1, 0, 1, 1, 1, 2, 1, 2, 1, 2, 2, 2, 1, 1, 0, 0, 1, 0, 2, 2, 0, 1, 2, 0, 1, 2, 2, 0, 0, 1, 2, 1, 2, 1, 0, 2, 0, 1, 1, 0, 1, 1, 1, 0, 2, 1, 1, 0, 0, 0, 0, 1, 1, 2, 1, 2, 0, 0, 0, 2, 1, 0, 1, 2, 1, 2, 1, 1, 1, 1, 1, 2, 0, 1, 1, 0, 0, 0, 1, 1, 1, 0, 2, 1, 0, 0, 0, 0, 1, 0, 0, 2, 0, 1, 0, 0, 0, 1, 2]|[4, 3, 2, 2, 0, 0, 2, 2, 2, 4, 1, 1, 2, 4, 4, 1, 1, 4, 2, 1, 1, 1, 1, 2, 1, 2, 1, 1, 1, 1, 3, 2, 3, 0, 4, 0, 1, 1, 0, 3, 2, 2, 4, 0, 1, 1, 0, 2, 0, 1, 2, 2, 1, 4, 0, 3, 2, 1, 1, 2, 1, 3, 1, 1, 1, 3, 0, 4, 3, 1, 4, 1, 1, 2, 4, 4, 2, 1, 1, 3, 1, 3, 1, 1, 1, 1, 1, 1, 2, 3, 1, 2, 1, 2, 1, 1, 2, 2, 3, 1]|[0, 2, 1, 1, 3, 3, 0, 1, 0, 0, 0, 0, 1, 0, 1, 0, 0, 3, 1, 0, 0, 0, 3, 1, 0, 2, 0, 0, 0, 1, 0, 0, 0, 0, 3, 0, 1, 0, 0, 2, 1, 1, 2, 0, 0, 0, 0, 1, 1, 0, 0, 0, 1, 3, 0, 0, 1, 0, 0, 1, 0, 2, 0, 1, 0, 2, 1, 0, 0, 1, 1, 3, 0, 1, 3, 3, 1, 0, 0, 2, 1, 0, 0, 0, 1, 0, 0, 0, 1, 2, 0, 1, 0, 0, 1, 1, 0, 0, 0, 0],798.8899588250649,58097.93712275988,89285.16552433284,false
30,G1_CMAX,G1_CMAX,[31, 22, 82, 15, 26, 99, 95, 42, 77, 12, 47, 5, 93, 78, 86, 54, 21, 63, 18, 44, 20, 35, 43, 97, 91, 76, 10, 30, 85, 45, 71, 64, 1, 23, 17, 83, 24, 14, 60, 36, 6, 57, 40, 88, 65, 56, 79, 94, 67, 68, 46, 75, 38, 9, 19, 32, 41, 81, 27, 87, 90, 58, 59, 11, 16, 72, 73, 70, 39, 37, 84, 3, 92, 25, 55, 48, 62, 29, 51, 96, 33, 61, 98, 28, 89, 50, 4, 7, 53, 80, 52, 66, 34, 49, 8, 0, 74, 69, 2, 13]|[1, 1, 0, 1, 1, 0, 1, 1, 2, 1, 2, 2, 2, 1, 1, 0, 0, 1, 0, 2, 2, 0, 1, 2, 0, 1, 2, 2, 0, 0, 1, 2, 1, 2, 1, 0, 2, 0, 1, 1, 0, 1, 1, 1, 0, 2, 1, 1, 0, 0, 0, 0, 1, 1, 2, 1, 0, 2, 0, 2, 1, 0, 1, 2, 1, 2, 1, 1, 1, 1, 1, 1, 0, 1, 2, 0, 0, 0, 0, 2, 2, 1, 2, 0, 1, 0, 1, 2, 0, 0, 1, 2, 2, 0, 1, 0, 2, 1, 0, 0]|[0, 3, 2, 2, 4, 1, 2, 3, 2, 4, 1, 1, 2, 4, 4, 1, 1, 4, 2, 1, 1, 1, 1, 2, 1, 2, 1, 1, 2, 1, 3, 2, 3, 1, 4, 0, 1, 1, 0, 3, 2, 2, 2, 0, 1, 1, 0, 4, 0, 1, 2, 2, 1, 4, 0, 3, 1, 1, 1, 1, 3, 1, 1, 1, 3, 0, 4, 3, 1, 4, 1, 1, 0, 4, 1, 1, 2, 1, 1, 1, 1, 3, 1, 2, 1, 1, 4, 1, 2, 1, 1, 1, 1, 1, 3, 2, 1, 4, 2, 2]|[0, 2, 1, 1, 3, 0, 1, 3, 0, 0, 0, 0, 1, 0, 1, 0, 0, 3, 1, 0, 0, 0, 3, 1, 0, 2, 0, 0, 0, 1, 0, 0, 0, 0, 3, 0, 1, 0, 0, 2, 1, 1, 1, 0, 0, 0, 0, 2, 1, 0, 0, 0, 1, 3, 0, 0, 0, 0, 0, 0, 2, 0, 1, 0, 2, 1, 0, 0, 1, 1, 3, 1, 1, 3, 0, 0, 1, 0, 0, 0, 0, 0, 0, 1, 1, 0, 0, 0, 1, 0, 1, 0, 0, 1, 2, 0, 0, 2, 0, 0],731.2476204416437,56784.74762275103,92889.2977037672,false
30,G4_BALANCED,G3_TWC,[31, 22, 82, 15, 26, 58, 95, 42, 77, 12, 47, 5, 93, 78, 98, 54, 85, 63, 18, 44, 20, 35, 43, 97, 91, 76, 10, 30, 21, 45, 71, 64, 1, 23, 17, 83, 24, 14, 60, 36, 6, 57, 94, 88, 65, 56, 79, 40, 67, 68, 46, 75, 38, 9, 19, 32, 81, 41, 27, 87, 90, 99, 62, 59, 11, 16, 72, 73, 70, 39, 37, 84, 3, 92, 25, 55, 28, 29, 51, 7, 33, 61, 86, 66, 89, 50, 48, 96, 53, 80, 4, 8, 34, 49, 52, 0, 13, 2, 69, 74]|[1, 1, 0, 1, 1, 1, 2, 1, 2, 1, 2, 2, 2, 1, 1, 0, 0, 1, 0, 2, 2, 0, 1, 2, 0, 1, 2, 2, 0, 0, 1, 2, 1, 2, 1, 0, 2, 0, 1, 1, 0, 1, 1, 1, 0, 2, 1, 1, 0, 0, 0, 0, 1, 1, 2, 1, 2, 0, 0, 2, 1, 0, 0, 1, 2, 1, 2, 1, 1, 1, 1, 1, 1, 0, 1, 1, 0, 0, 0, 1, 2, 1, 0, 0, 1, 0, 0, 2, 0, 0, 0, 1, 2, 0, 1, 0, 0, 0, 1, 2]|[4, 3, 2, 2, 0, 0, 2, 2, 2, 4, 1, 1, 2, 4, 4, 1, 2, 4, 2, 1, 1, 1, 1, 2, 1, 2, 1, 1, 1, 1, 3, 2, 3, 1, 4, 0, 1, 1, 0, 3, 2, 2, 4, 0, 1, 1, 0, 2, 0, 1, 2, 2, 1, 4, 0, 3, 2, 1, 1, 1, 3, 1, 1, 1, 1, 3, 0, 4, 3, 1, 4, 1, 1, 0, 4, 4, 2, 1, 1, 3, 1, 3, 1, 1, 1, 1, 1, 1, 2, 1, 2, 3, 1, 1, 1, 2, 2, 2, 3, 1]|[0, 2, 1, 1, 3, 3, 0, 1, 0, 0, 0, 0, 1, 0, 1, 0, 0, 3, 1, 0, 0, 0, 3, 1, 0, 2, 0, 0, 0, 1, 0, 0, 0, 0, 3, 0, 1, 0, 0, 2, 1, 1, 2, 0, 0, 0, 0, 1, 1, 0, 0, 0, 1, 3, 0, 0, 1, 0, 0, 0, 2, 0, 0, 1, 0, 2, 1, 0, 0, 1, 1, 3, 1, 1, 3, 3, 1, 0, 0, 2, 0, 0, 0, 0, 1, 0, 0, 0, 1, 0, 1, 2, 0, 1, 1, 0, 0, 0, 0, 0],802.7210103161755,57411.59449868144,91240.4353383529,true
30,G2_TEC,G2_TEC,[31, 22, 82, 15, 26, 9, 95, 42, 77, 68, 47, 5, 93, 78, 86, 54, 85, 63, 18, 44, 20, 49, 36, 14, 74, 50, 53, 17, 21, 28, 11, 64, 3, 23, 30, 83, 24, 41, 40, 52, 65, 27, 90, 70, 39, 87, 48, 69, 99, 4, 46, 1, 13, 58, 97, 59, 45, 8, 73, 37, 35, 79, 71, 66, 76, 32, 60, 80, 96, 6, 16, 61, 33, 7, 57, 34, 12, 67, 10, 98, 56, 88, 43, 75, 91, 38, 84, 92, 29, 19, 51, 72, 89, 25, 2, 81, 94, 55, 62, 0]|[2, 1, 2, 1, 1, 2, 1, 1, 1, 1, 1, 0, 2, 2, 1, 2, 0, 0, 0, 2, 2, 1, 0, 2, 0, 2, 2, 1, 0, 1, 1, 1, 0, 0, 1, 0, 2, 1, 2, 2, 0, 0, 1, 1, 0, 2, 0, 2, 1, 0, 0, 2, 0, 0, 2, 0, 1, 1, 0, 0, 2, 1, 1, 1, 2, 0, 2, 2, 0, 1, 2, 1, 1, 2, 0, 1, 2, 1, 1, 2, 2, 1, 1, 0, 1, 0, 0, 0, 1, 1, 1, 1, 1, 1, 2, 1, 2, 0, 1, 0]|[0, 3, 0, 3, 4, 1, 4, 4, 2, 4, 3, 2, 1, 0, 2, 1, 1, 1, 2, 1, 1, 3, 0, 1, 0, 1, 1, 4, 1, 4, 3, 2, 2, 0, 4, 1, 1, 4, 1, 1, 2, 1, 4, 4, 1, 1, 0, 2, 3, 2, 2, 1, 2, 1, 1, 2, 4, 3, 0, 2, 2, 3, 3, 1, 1, 2, 1, 1, 2, 4, 1, 3, 4, 1, 2, 4, 1, 3, 3, 1, 1, 4, 4, 2, 3, 2, 2, 2, 3, 4, 3, 4, 4, 4, 1, 4, 1, 2, 3, 2]|[0, 2, 0, 0, 3, 0, 1, 3, 0, 0, 2, 0, 1, 0, 1, 0, 0, 0, 1, 0, 0, 2, 0, 0, 1, 0, 0, 3, 0, 1, 0, 2, 0, 0, 3, 0, 1, 1, 0, 0, 0, 0, 1, 3, 0, 0, 1, 0, 2, 0, 0, 0, 0, 0, 1, 0, 1, 0, 1, 1, 0, 2, 0, 2, 0, 0, 0, 0, 0, 2, 0, 0, 1, 0, 0, 1, 0, 0, 3, 0, 0, 1, 2, 0, 0, 0, 0, 0, 3, 1, 0, 1, 1, 3, 0, 2, 0, 0, 0, 0],882.9438068981488,49811.41861925377,107369.92734801112,false
30,G3_TWC,G3_TWC,[31, 22, 82, 15, 26, 58, 95, 42, 77, 12, 47, 5, 93, 78, 98, 54, 85, 63, 18, 44, 20, 35, 43, 97, 91, 76, 10, 30, 21, 45, 71, 64, 1, 23, 17, 83, 24, 14, 60, 36, 6, 57, 94, 88, 65, 56, 79, 40, 67, 68, 46, 75, 38, 9, 19, 32, 81, 41, 27, 62, 87, 90, 99, 59, 11, 16, 72, 73, 70, 39, 37, 84, 33, 92, 25, 55, 28, 29, 51, 7, 3, 61, 86, 66, 89, 50, 48, 96, 53, 8, 80, 4, 34, 2, 52, 49, 13, 0, 69, 74]|[1, 1, 0, 1, 1, 1, 2, 1, 2, 1, 2, 2, 2, 1, 1, 0, 0, 1, 0, 2, 2, 0, 1, 2, 0, 1, 2, 2, 0, 0, 1, 2, 1, 2, 1, 0, 2, 0, 1, 1, 0, 1, 1, 1, 0, 2, 1, 1, 0, 0, 0, 0, 1, 1, 2, 1, 2, 0, 0, 0, 2, 1, 0, 1, 2, 1, 2, 1, 1, 1, 1, 1, 2, 0, 1, 1, 0, 0, 0, 1, 1, 1, 0, 2, 1, 0, 0, 0, 0, 1, 0, 0, 2, 0, 1, 0, 0, 0, 1, 2]|[4, 3, 2, 2, 0, 0, 2, 2, 2, 4, 1, 1, 2, 4, 4, 1, 1, 4, 2, 1, 1, 1, 1, 2, 1, 2, 1, 1, 1, 1, 3, 2, 3, 0, 4, 0, 1, 1, 0, 3, 2, 2, 4, 0, 1, 1, 0, 2, 0, 1, 2, 2, 1, 4, 0, 3, 2, 1, 1, 2, 1, 3, 1, 1, 1, 3, 0, 4, 3, 1, 4, 1, 1, 2, 4, 4, 2, 1, 1, 3, 1, 3, 1, 1, 1, 1, 1, 1, 2, 3, 1, 2, 1, 2, 1, 1, 2, 2, 3, 1]|[0, 2, 1, 1, 3, 3, 0, 1, 0, 0, 0, 0, 1, 0, 1, 0, 0, 3, 1, 0, 0, 0, 3, 1, 0, 2, 0, 0, 0, 1, 0, 0, 0, 0, 3, 0, 1, 0, 0, 2, 1, 1, 2, 0, 0, 0, 0, 1, 1, 0, 0, 0, 1, 3, 0, 0, 1, 0, 0, 1, 0, 2, 0, 1, 0, 2, 1, 0, 0, 1, 1, 3, 0, 1, 3, 3, 1, 0, 0, 2, 1, 0, 0, 0, 1, 0, 0, 0, 1, 2, 0, 1, 0, 0, 1, 1, 0, 0, 0, 0],798.8899588250649,58097.93712275988,89285.16552433284,false
30,G1_CMAX,G1_CMAX,[31, 22, 82, 15, 26, 99, 95, 42, 77, 12, 47, 5, 93, 78, 86, 54, 21, 63, 18, 44, 20, 35, 43, 97, 91, 76, 10, 30, 85, 45, 71, 64, 1, 23, 17, 83, 24, 14, 60, 36, 6, 57, 40, 88, 65, 56, 79, 94, 67, 68, 46, 75, 38, 9, 19, 32, 41, 81, 27, 87, 90, 58, 59, 11, 16, 72, 73, 70, 39, 37, 84, 3, 92, 25, 55, 48, 62, 29, 51, 96, 33, 61, 98, 28, 89, 50, 4, 7, 53, 80, 52, 66, 34, 49, 8, 0, 74, 69, 2, 13]|[1, 1, 0, 1, 1, 0, 1, 1, 2, 1, 2, 2, 2, 1, 1, 0, 0, 1, 0, 2, 2, 0, 1, 2, 0, 1, 2, 2, 0, 0, 1, 2, 1, 2, 1, 0, 2, 0, 1, 1, 0, 1, 1, 1, 0, 2, 1, 1, 0, 0, 0, 0, 1, 1, 2, 1, 0, 2, 0, 2, 1, 0, 1, 2, 1, 2, 1, 1, 1, 1, 1, 1, 0, 1, 2, 0, 0, 0, 0, 2, 2, 1, 2, 0, 1, 0, 1, 2, 0, 0, 1, 2, 2, 0, 1, 0, 2, 1, 0, 0]|[0, 3, 2, 2, 4, 1, 2, 3, 2, 4, 1, 1, 2, 4, 4, 1, 1, 4, 2, 1, 1, 1, 1, 2, 1, 2, 1, 1, 2, 1, 3, 2, 3, 1, 4, 0, 1, 1, 0, 3, 2, 2, 2, 0, 1, 1, 0, 4, 0, 1, 2, 2, 1, 4, 0, 3, 1, 1, 1, 1, 3, 1, 1, 1, 3, 0, 4, 3, 1, 4, 1, 1, 0, 4, 1, 1, 2, 1, 1, 1, 1, 3, 1, 2, 1, 1, 4, 1, 2, 1, 1, 1, 1, 1, 3, 2, 1, 4, 2, 2]|[0, 2, 1, 1, 3, 0, 1, 3, 0, 0, 0, 0, 1, 0, 1, 0, 0, 3, 1, 0, 0, 0, 3, 1, 0, 2, 0, 0, 0, 1, 0, 0, 0, 0, 3, 0, 1, 0, 0, 2, 1, 1, 1, 0, 0, 0, 0, 2, 1, 0, 0, 0, 1, 3, 0, 0, 0, 0, 0, 0, 2, 0, 1, 0, 2, 1, 0, 0, 1, 1, 3, 1, 1, 3, 0, 0, 1, 0, 0, 0, 0, 0, 0, 1, 1, 0, 0, 0, 1, 0, 1, 0, 0, 1, 2, 0, 0, 2, 0, 0],731.2476204416437,56784.74762275103,92889.2977037672,false
30,G4_BALANCED,G3_TWC,[31, 22, 82, 15, 26, 58, 95, 42, 77, 12, 47, 5, 93, 78, 98, 54, 85, 63, 18, 44, 20, 35, 43, 97, 91, 76, 10, 30, 21, 45, 71, 64, 1, 23, 17, 83, 24, 14, 60, 36, 6, 57, 94, 88, 65, 56, 79, 40, 67, 68, 46, 75, 38, 9, 19, 32, 81, 41, 27, 62, 87, 90, 99, 59, 11, 16, 72, 73, 70, 39, 37, 84, 3, 92, 25, 55, 28, 29, 51, 7, 33, 61, 86, 66, 89, 50, 8, 96, 4, 53, 80, 48, 52, 49, 34, 0, 74, 69, 2, 13]|[1, 1, 0, 1, 1, 1, 2, 1, 2, 1, 2, 2, 2, 1, 1, 0, 0, 1, 0, 2, 2, 0, 1, 2, 0, 1, 2, 2, 0, 0, 1, 2, 1, 2, 1, 0, 2, 0, 1, 1, 0, 1, 1, 1, 0, 2, 1, 1, 0, 0, 0, 0, 1, 1, 2, 1, 2, 0, 0, 0, 2, 1, 0, 1, 2, 1, 2, 1, 1, 1, 1, 1, 1, 0, 1, 1, 0, 0, 0, 1, 2, 1, 0, 2, 1, 0, 1, 0, 0, 0, 0, 2, 1, 0, 2, 0, 2, 1, 0, 0]|[4, 3, 2, 2, 0, 0, 2, 2, 2, 4, 1, 1, 2, 4, 4, 1, 2, 4, 2, 1, 1, 1, 1, 2, 1, 2, 1, 1, 1, 1, 3, 2, 3, 0, 4, 0, 1, 1, 0, 3, 2, 2, 4, 0, 1, 1, 0, 2, 0, 1, 2, 2, 1, 4, 0, 3, 2, 1, 1, 2, 1, 3, 1, 1, 1, 3, 0, 4, 3, 1, 4, 1, 1, 2, 4, 4, 2, 1, 1, 3, 1, 3, 1, 1, 1, 1, 3, 1, 2, 2, 1, 1, 1, 1, 1, 2, 1, 3, 2, 2]|[0, 2, 1, 1, 3, 3, 0, 1, 0, 0, 0, 0, 1, 0, 1, 0, 0, 3, 1, 0, 0, 0, 3, 1, 0, 2, 0, 0, 0, 1, 0, 0, 0, 0, 3, 0, 1, 0, 0, 2, 1, 1, 2, 0, 0, 0, 0, 1, 1, 0, 0, 0, 1, 3, 0, 0, 1, 0, 0, 1, 0, 2, 0, 1, 0, 2, 1, 0, 0, 1, 1, 3, 1, 1, 3, 3, 1, 0, 0, 2, 0, 0, 0, 0, 1, 0, 2, 0, 1, 1, 0, 0, 1, 1, 0, 0, 0, 0, 0, 0],780.2759479444969,57891.54511559109,90309.22761162871,true
30,G2_TEC,G2_TEC,[31, 22, 82, 15, 26, 9, 95, 42, 77, 68, 47, 5, 93, 78, 86, 54, 85, 63, 18, 44, 20, 49, 36, 14, 74, 50, 53, 17, 21, 28, 11, 64, 3, 23, 30, 83, 24, 41, 40, 52, 65, 27, 90, 70, 39, 87, 48, 69, 99, 4, 46, 1, 13, 58, 97, 59, 45, 8, 73, 37, 35, 79, 71, 66, 76, 32, 60, 80, 96, 6, 16, 61, 33, 7, 57, 34, 12, 67, 10, 98, 56, 88, 43, 75, 91, 38, 84, 92, 29, 19, 51, 72, 89, 25, 2, 81, 94, 55, 62, 0]|[2, 1, 2, 1, 1, 2, 1, 1, 1, 1, 1, 0, 2, 2, 1, 2, 0, 0, 0, 2, 2, 1, 0, 2, 0, 2, 2, 1, 0, 1, 1, 1, 0, 0, 1, 0, 2, 1, 2, 2, 0, 0, 1, 1, 0, 2, 0, 2, 1, 0, 0, 2, 0, 0, 2, 0, 1, 1, 0, 0, 2, 1, 1, 1, 2, 0, 2, 2, 0, 1, 2, 1, 1, 2, 0, 1, 2, 1, 1, 2, 2, 1, 1, 0, 1, 0, 0, 0, 1, 1, 1, 1, 1, 1, 2, 1, 2, 0, 1, 0]|[0, 3, 0, 3, 4, 1, 4, 4, 2, 4, 3, 2, 1, 0, 2, 1, 1, 1, 2, 1, 1, 3, 0, 1, 0, 1, 1, 4, 1, 4, 3, 2, 2, 0, 4, 1, 1, 4, 1, 1, 2, 1, 4, 4, 1, 1, 0, 2, 3, 2, 2, 1, 2, 1, 1, 2, 4, 3, 0, 2, 2, 3, 3, 1, 1, 2, 1, 1, 2, 4, 1, 3, 4, 1, 2, 4, 1, 3, 3, 1, 1, 4, 4, 2, 3, 2, 2, 2, 3, 4, 3, 4, 4, 4, 1, 4, 1, 2, 3, 2]|[0, 2, 0, 0, 3, 0, 1, 3, 0, 0, 2, 0, 1, 0, 1, 0, 0, 0, 1, 0, 0, 2, 0, 0, 1, 0, 0, 3, 0, 1, 0, 2, 0, 0, 3, 0, 1, 1, 0, 0, 0, 0, 1, 3, 0, 0, 1, 0, 2, 0, 0, 0, 0, 0, 1, 0, 1, 0, 1, 1, 0, 2, 0, 2, 0, 0, 0, 0, 0, 2, 0, 0, 1, 0, 0, 1, 0, 0, 3, 0, 0, 1, 2, 0, 0, 0, 0, 0, 3, 1, 0, 1, 1, 3, 0, 2, 0, 0, 0, 0],882.9438068981488,49811.41861925377,107369.92734801112,false
30,G3_TWC,G3_TWC,[31, 22, 82, 15, 26, 58, 95, 42, 77, 12, 47, 5, 93, 78, 98, 54, 85, 63, 18, 44, 20, 35, 43, 97, 91, 76, 10, 30, 21, 45, 71, 64, 1, 23, 17, 83, 24, 14, 60, 36, 6, 57, 94, 88, 65, 56, 79, 40, 67, 68, 46, 75, 38, 9, 19, 32, 81, 41, 27, 62, 87, 90, 99, 59, 11, 16, 72, 73, 70, 39, 37, 84, 33, 92, 25, 55, 28, 29, 51, 7, 3, 61, 86, 66, 89, 50, 48, 96, 53, 8, 80, 4, 34, 2, 52, 49, 13, 0, 69, 74]|[1, 1, 0, 1, 1, 1, 2, 1, 2, 1, 2, 2, 2, 1, 1, 0, 0, 1, 0, 2, 2, 0, 1, 2, 0, 1, 2, 2, 0, 0, 1, 2, 1, 2, 1, 0, 2, 0, 1, 1, 0, 1, 1, 1, 0, 2, 1, 1, 0, 0, 0, 0, 1, 1, 2, 1, 2, 0, 0, 0, 2, 1, 0, 1, 2, 1, 2, 1, 1, 1, 1, 1, 2, 0, 1, 1, 0, 0, 0, 1, 1, 1, 0, 2, 1, 0, 0, 0, 0, 1, 0, 0, 2, 0, 1, 0, 0, 0, 1, 2]|[4, 3, 2, 2, 0, 0, 2, 2, 2, 4, 1, 1, 2, 4, 4, 1, 1, 4, 2, 1, 1, 1, 1, 2, 1, 2, 1, 1, 1, 1, 3, 2, 3, 0, 4, 0, 1, 1, 0, 3, 2, 2, 4, 0, 1, 1, 0, 2, 0, 1, 2, 2, 1, 4, 0, 3, 2, 1, 1, 2, 1, 3, 1, 1, 1, 3, 0, 4, 3, 1, 4, 1, 1, 2, 4, 4, 2, 1, 1, 3, 1, 3, 1, 1, 1, 1, 1, 1, 2, 3, 1, 2, 1, 2, 1, 1, 2, 2, 3, 1]|[0, 2, 1, 1, 3, 3, 0, 1, 0, 0, 0, 0, 1, 0, 1, 0, 0, 3, 1, 0, 0, 0, 3, 1, 0, 2, 0, 0, 0, 1, 0, 0, 0, 0, 3, 0, 1, 0, 0, 2, 1, 1, 2, 0, 0, 0, 0, 1, 1, 0, 0, 0, 1, 3, 0, 0, 1, 0, 0, 1, 0, 2, 0, 1, 0, 2, 1, 0, 0, 1, 1, 3, 0, 1, 3, 3, 1, 0, 0, 2, 1, 0, 0, 0, 1, 0, 0, 0, 1, 2, 0, 1, 0, 0, 1, 1, 0, 0, 0, 0],798.8899588250649,58097.93712275988,89285.16552433284,false
30,G1_CMAX,G1_CMAX,[31, 22, 82, 15, 26, 99, 95, 42, 77, 12, 47, 5, 93, 78, 86, 54, 21, 63, 18, 44, 20, 35, 43, 97, 91, 76, 10, 30, 85, 45, 71, 64, 1, 23, 17, 83, 24, 14, 60, 36, 6, 57, 40, 88, 65, 56, 79, 94, 67, 68, 46, 75, 38, 9, 19, 32, 41, 81, 27, 87, 90, 58, 59, 11, 16, 72, 73, 70, 39, 37, 84, 3, 92, 25, 55, 48, 62, 29, 51, 96, 33, 61, 98, 28, 89, 50, 4, 7, 53, 80, 52, 66, 34, 49, 8, 0, 74, 69, 2, 13]|[1, 1, 0, 1, 1, 0, 1, 1, 2, 1, 2, 2, 2, 1, 1, 0, 0, 1, 0, 2, 2, 0, 1, 2, 0, 1, 2, 2, 0, 0, 1, 2, 1, 2, 1, 0, 2, 0, 1, 1, 0, 1, 1, 1, 0, 2, 1, 1, 0, 0, 0, 0, 1, 1, 2, 1, 0, 2, 0, 2, 1, 0, 1, 2, 1, 2, 1, 1, 1, 1, 1, 1, 0, 1, 2, 0, 0, 0, 0, 2, 2, 1, 2, 0, 1, 0, 1, 2, 0, 0, 1, 2, 2, 0, 1, 0, 2, 1, 0, 0]|[0, 3, 2, 2, 4, 1, 2, 3, 2, 4, 1, 1, 2, 4, 4, 1, 1, 4, 2, 1, 1, 1, 1, 2, 1, 2, 1, 1, 2, 1, 3, 2, 3, 1, 4, 0, 1, 1, 0, 3, 2, 2, 2, 0, 1, 1, 0, 4, 0, 1, 2, 2, 1, 4, 0, 3, 1, 1, 1, 1, 3, 1, 1, 1, 3, 0, 4, 3, 1, 4, 1, 1, 0, 4, 1, 1, 2, 1, 1, 1, 1, 3, 1, 2, 1, 1, 4, 1, 2, 1, 1, 1, 1, 1, 3, 2, 1, 4, 2, 2]|[0, 2, 1, 1, 3, 0, 1, 3, 0, 0, 0, 0, 1, 0, 1, 0, 0, 3, 1, 0, 0, 0, 3, 1, 0, 2, 0, 0, 0, 1, 0, 0, 0, 0, 3, 0, 1, 0, 0, 2, 1, 1, 1, 0, 0, 0, 0, 2, 1, 0, 0, 0, 1, 3, 0, 0, 0, 0, 0, 0, 2, 0, 1, 0, 2, 1, 0, 0, 1, 1, 3, 1, 1, 3, 0, 0, 1, 0, 0, 0, 0, 0, 0, 1, 1, 0, 0, 0, 1, 0, 1, 0, 0, 1, 2, 0, 0, 2, 0, 0],731.2476204416437,56784.74762275103,92889.2977037672,false
30,G4_BALANCED,G3_TWC,[31, 22, 82, 15, 26, 58, 95, 42, 77, 12, 47, 5, 93, 78, 98, 54, 85, 63, 18, 44, 20, 35, 43, 97, 91, 76, 10, 30, 21, 45, 71, 64, 1, 23, 17, 83, 24, 14, 60, 36, 6, 57, 94, 88, 65, 56, 79, 40, 67, 68, 46, 75, 38, 9, 19, 32, 81, 41, 27, 62, 87, 90, 99, 59, 11, 16, 72, 73, 70, 39, 37, 84, 33, 92, 25, 55, 28, 29, 51, 7, 3, 61, 86, 66, 89, 50, 48, 96, 53, 8, 80, 4, 34, 2, 52, 49, 13, 0, 69, 74]|[1, 1, 0, 1, 1, 1, 2, 1, 2, 1, 2, 2, 2, 1, 1, 0, 0, 1, 0, 2, 2, 0, 1, 2, 0, 1, 2, 2, 0, 0, 1, 2, 1, 2, 1, 0, 2, 0, 1, 1, 0, 1, 1, 1, 0, 2, 1, 1, 0, 0, 0, 0, 1, 1, 2, 1, 2, 0, 0, 0, 2, 1, 0, 1, 2, 1, 2, 1, 1, 1, 1, 1, 2, 0, 1, 1, 0, 0, 0, 1, 1, 1, 0, 2, 1, 0, 0, 0, 0, 1, 0, 0, 2, 0, 1, 0, 0, 0, 1, 2]|[4, 3, 2, 2, 0, 0, 2, 2, 2, 4, 1, 1, 2, 4, 4, 1, 1, 4, 2, 1, 1, 1, 1, 2, 1, 2, 1, 1, 1, 1, 3, 2, 3, 0, 4, 0, 1, 1, 0, 3, 2, 2, 4, 0, 1, 1, 0, 2, 0, 1, 2, 2, 1, 4, 0, 3, 2, 1, 1, 2, 1, 3, 1, 1, 1, 3, 0, 4, 3, 1, 4, 1, 1, 2, 4, 4, 2, 1, 1, 3, 1, 3, 1, 1, 1, 1, 1, 1, 2, 3, 1, 2, 1, 2, 1, 1, 2, 2, 3, 1]|[0, 2, 1, 1, 3, 3, 0, 1, 0, 0, 0, 0, 1, 0, 1, 0, 0, 3, 1, 0, 0, 0, 3, 1, 0, 2, 0, 0, 0, 1, 0, 0, 0, 0, 3, 0, 1, 0, 0, 2, 1, 1, 2, 0, 0, 0, 0, 1, 1, 0, 0, 0, 1, 3, 0, 0, 1, 0, 0, 1, 0, 2, 0, 1, 0, 2, 1, 0, 0, 1, 1, 3, 0, 1, 3, 3, 1, 0, 0, 2, 1, 0, 0, 0, 1, 0, 0, 0, 1, 2, 0, 1, 0, 0, 1, 1, 0, 0, 0, 0],798.8899588250649,58097.93712275988,89285.16552433284,true
30,G2_TEC,G2_TEC,[31, 22, 82, 15, 26, 9, 95, 42, 77, 68, 47, 5, 93, 78, 86, 54, 85, 63, 18, 44, 20, 49, 36, 14, 74, 50, 53, 17, 21, 28, 11, 64, 3, 23, 30, 83, 24, 41, 40, 52, 65, 27, 90, 70, 39, 87, 48, 69, 99, 4, 46, 1, 13, 58, 97, 59, 45, 8, 73, 37, 35, 79, 71, 66, 76, 32, 60, 80, 96, 6, 16, 61, 33, 7, 57, 34, 12, 67, 10, 98, 56, 88, 43, 75, 91, 38, 84, 92, 29, 19, 51, 72, 89, 25, 2, 81, 94, 55, 62, 0]|[2, 1, 2, 1, 1, 2, 1, 1, 1, 1, 1, 0, 2, 2, 1, 2, 0, 0, 0, 2, 2, 1, 0, 2, 0, 2, 2, 1, 0, 1, 1, 1, 0, 0, 1, 0, 2, 1, 2, 2, 0, 0, 1, 1, 0, 2, 0, 2, 1, 0, 0, 2, 0, 0, 2, 0, 1, 1, 0, 0, 2, 1, 1, 1, 2, 0, 2, 2, 0, 1, 2, 1, 1, 2, 0, 1, 2, 1, 1, 2, 2, 1, 1, 0, 1, 0, 0, 0, 1, 1, 1, 1, 1, 1, 2, 1, 2, 0, 1, 0]|[0, 3, 0, 3, 4, 1, 4, 4, 2, 4, 3, 2, 1, 0, 2, 1, 1, 1, 2, 1, 1, 3, 0, 1, 0, 1, 1, 4, 1, 4, 3, 2, 2, 0, 4, 1, 1, 4, 1, 1, 2, 1, 4, 4, 1, 1, 0, 2, 3, 2, 2, 1, 2, 1, 1, 2, 4, 3, 0, 2, 2, 3, 3, 1, 1, 2, 1, 1, 2, 4, 1, 3, 4, 1, 2, 4, 1, 3, 3, 1, 1, 4, 4, 2, 3, 2, 2, 2, 3, 4, 3, 4, 4, 4, 1, 4, 1, 2, 3, 2]|[0, 2, 0, 0, 3, 0, 1, 3, 0, 0, 2, 0, 1, 0, 1, 0, 0, 0, 1, 0, 0, 2, 0, 0, 1, 0, 0, 3, 0, 1, 0, 2, 0, 0, 3, 0, 1, 1, 0, 0, 0, 0, 1, 3, 0, 0, 1, 0, 2, 0, 0, 0, 0, 0, 1, 0, 1, 0, 1, 1, 0, 2, 0, 2, 0, 0, 0, 0, 0, 2, 0, 0, 1, 0, 0, 1, 0, 0, 3, 0, 0, 1, 2, 0, 0, 0, 0, 0, 3, 1, 0, 1, 1, 3, 0, 2, 0, 0, 0, 0],882.9438068981488,49811.41861925377,107369.92734801112,false
30,G3_TWC,G3_TWC,[31, 22, 82, 15, 26, 58, 95, 42, 77, 12, 47, 5, 93, 78, 98, 54, 85, 63, 18, 44, 20, 35, 43, 97, 91, 76, 10, 30, 21, 45, 71, 64, 1, 23, 17, 83, 24, 14, 60, 36, 6, 57, 94, 88, 65, 56, 79, 40, 67, 68, 46, 75, 38, 9, 19, 32, 81, 41, 27, 62, 87, 90, 99, 59, 11, 16, 72, 73, 70, 39, 37, 84, 33, 92, 25, 55, 28, 29, 51, 7, 3, 61, 86, 66, 89, 50, 48, 96, 53, 8, 80, 4, 34, 2, 52, 49, 13, 0, 69, 74]|[1, 1, 0, 1, 1, 1, 2, 1, 2, 1, 2, 2, 2, 1, 1, 0, 0, 1, 0, 2, 2, 0, 1, 2, 0, 1, 2, 2, 0, 0, 1, 2, 1, 2, 1, 0, 2, 0, 1, 1, 0, 1, 1, 1, 0, 2, 1, 1, 0, 0, 0, 0, 1, 1, 2, 1, 2, 0, 0, 0, 2, 1, 0, 1, 2, 1, 2, 1, 1, 1, 1, 1, 2, 0, 1, 1, 0, 0, 0, 1, 1, 1, 0, 2, 1, 0, 0, 0, 0, 1, 0, 0, 2, 0, 1, 0, 0, 0, 1, 2]|[4, 3, 2, 2, 0, 0, 2, 2, 2, 4, 1, 1, 2, 4, 4, 1, 1, 4, 2, 1, 1, 1, 1, 2, 1, 2, 1, 1, 1, 1, 3, 2, 3, 0, 4, 0, 1, 1, 0, 3, 2, 2, 4, 0, 1, 1, 0, 2, 0, 1, 2, 2, 1, 4, 0, 3, 2, 1, 1, 2, 1, 3, 1, 1, 1, 3, 0, 4, 3, 1, 4, 1, 1, 2, 4, 4, 2, 1, 1, 3, 1, 3, 1, 1, 1, 1, 1, 1, 2, 3, 1, 2, 1, 2, 1, 1, 2, 2, 3, 1]|[0, 2, 1, 1, 3, 3, 0, 1, 0, 0, 0, 0, 1, 0, 1, 0, 0, 3, 1, 0, 0, 0, 3, 1, 0, 2, 0, 0, 0, 1, 0, 0, 0, 0, 3, 0, 1, 0, 0, 2, 1, 1, 2, 0, 0, 0, 0, 1, 1, 0, 0, 0, 1, 3, 0, 0, 1, 0, 0, 1, 0, 2, 0, 1, 0, 2, 1, 0, 0, 1, 1, 3, 0, 1, 3, 3, 1, 0, 0, 2, 1, 0, 0, 0, 1, 0, 0, 0, 1, 2, 0, 1, 0, 0, 1, 1, 0, 0, 0, 0],798.8899588250649,58097.93712275988,89285.16552433284,false
30,G1_CMAX,G1_CMAX,[31, 22, 82, 15, 26, 99, 95, 42, 77, 12, 47, 5, 93, 78, 86, 54, 21, 63, 18, 44, 20, 35, 43, 97, 91, 76, 10, 30, 85, 45, 71, 64, 1, 23, 17, 83, 24, 14, 60, 36, 6, 57, 40, 88, 65, 56, 79, 94, 67, 68, 46, 75, 38, 9, 19, 32, 41, 81, 27, 87, 90, 58, 59, 11, 16, 72, 73, 70, 39, 37, 84, 3, 92, 25, 55, 48, 62, 29, 51, 96, 33, 61, 98, 28, 89, 50, 4, 7, 53, 80, 52, 66, 34, 49, 8, 0, 74, 69, 2, 13]|[1, 1, 0, 1, 1, 0, 1, 1, 2, 1, 2, 2, 2, 1, 1, 0, 0, 1, 0, 2, 2, 0, 1, 2, 0, 1, 2, 2, 0, 0, 1, 2, 1, 2, 1, 0, 2, 0, 1, 1, 0, 1, 1, 1, 0, 2, 1, 1, 0, 0, 0, 0, 1, 1, 2, 1, 0, 2, 0, 2, 1, 0, 1, 2, 1, 2, 1, 1, 1, 1, 1, 1, 0, 1, 2, 0, 0, 0, 0, 2, 2, 1, 2, 0, 1, 0, 1, 2, 0, 0, 1, 2, 2, 0, 1, 0, 2, 1, 0, 0]|[0, 3, 2, 2, 4, 1, 2, 3, 2, 4, 1, 1, 2, 4, 4, 1, 1, 4, 2, 1, 1, 1, 1, 2, 1, 2, 1, 1, 2, 1, 3, 2, 3, 1, 4, 0, 1, 1, 0, 3, 2, 2, 2, 0, 1, 1, 0, 4, 0, 1, 2, 2, 1, 4, 0, 3, 1, 1, 1, 1, 3, 1, 1, 1, 3, 0, 4, 3, 1, 4, 1, 1, 0, 4, 1, 1, 2, 1, 1, 1, 1, 3, 1, 2, 1, 1, 4, 1, 2, 1, 1, 1, 1, 1, 3, 2, 1, 4, 2, 2]|[0, 2, 1, 1, 3, 0, 1, 3, 0, 0, 0, 0, 1, 0, 1, 0, 0, 3, 1, 0, 0, 0, 3, 1, 0, 2, 0, 0, 0, 1, 0, 0, 0, 0, 3, 0, 1, 0, 0, 2, 1, 1, 1, 0, 0, 0, 0, 2, 1, 0, 0, 0, 1, 3, 0, 0, 0, 0, 0, 0, 2, 0, 1, 0, 2, 1, 0, 0, 1, 1, 3, 1, 1, 3, 0, 0, 1, 0, 0, 0, 0, 0, 0, 1, 1, 0, 0, 0, 1, 0, 1, 0, 0, 1, 2, 0, 0, 2, 0, 0],731.2476204416437,56784.74762275103,92889.2977037672,false
30,G4_BALANCED,G4_BALANCED,[31, 11, 82, 15, 26, 9, 95, 42, 77, 68, 47, 5, 93, 78, 86, 54, 85, 63, 76, 44, 20, 49, 36, 14, 74, 50, 53, 17, 21, 45, 71, 64, 3, 23, 30, 83, 24, 41, 60, 52, 65, 27, 90, 70, 39, 87, 48, 69, 99, 4, 46, 1, 13, 58, 97, 59, 28, 75, 73, 37, 35, 79, 22, 66, 18, 32, 40, 80, 96, 6, 56, 61, 33, 7, 57, 34, 12, 67, 10, 98, 16, 88, 29, 8, 91, 38, 19, 92, 72, 84, 51, 43, 81, 25, 2, 55, 0, 94, 89, 62]|[2, 1, 2, 1, 1, 2, 1, 1, 1, 1, 1, 0, 2, 2, 1, 2, 0, 0, 0, 2, 2, 1, 0, 2, 0, 2, 2, 1, 0, 1, 1, 1, 0, 0, 1, 0, 2, 1, 2, 2, 0, 0, 1, 1, 0, 2, 0, 2, 1, 0, 0, 2, 0, 0, 2, 0, 1, 0, 0, 0, 2, 1, 0, 2, 2, 0, 2, 2, 0, 1, 2, 1, 1, 2, 0, 1, 1, 1, 1, 2, 2, 1, 1, 1, 1, 0, 1, 0, 1, 0, 1, 1, 1, 1, 2, 0, 0, 2, 1, 1]|[0, 3, 0, 2, 4, 1, 4, 4, 2, 4, 3, 2, 1, 0, 2, 1, 1, 1, 2, 1, 1, 3, 0, 1, 0, 1, 1, 4, 1, 4, 3, 2, 2, 0, 4, 1, 1, 4, 0, 1, 2, 1, 4, 4, 1, 1, 0, 2, 3, 1, 2, 1, 2, 1, 1, 2, 4, 2, 0, 2, 2, 3, 1, 0, 1, 2, 0, 1, 2, 4, 1, 3, 4, 1, 2, 4, 3, 3, 3, 1, 1, 4, 3, 3, 3, 2, 4, 2, 4, 2, 3, 4, 1, 4, 1, 2, 2, 1, 4, 3]|[0, 2, 0, 1, 3, 0, 1, 3, 0, 0, 2, 0, 1, 0, 1, 0, 0, 0, 1, 0, 0, 2, 0, 0, 1, 0, 0, 3, 0, 1, 0, 2, 0, 1, 3, 0, 1, 3, 1, 0, 0, 0, 1, 3, 0, 0, 1, 0, 2, 0, 0, 0, 0, 0, 1, 0, 1, 0, 1, 1, 0, 2, 0, 0, 0, 0, 0, 0, 0, 2, 0, 0, 1, 0, 0, 1, 0, 0, 3, 0, 0, 1, 0, 0, 0, 0, 3, 0, 2, 0, 0, 2, 1, 3, 0, 0, 0, 0, 1, 0],839.7308016558047,52103.26715956506,108081.52425448055,false
30,G2_TEC,G2_TEC,[31, 22, 82, 15, 26, 9, 95, 42, 77, 68, 47, 5, 93, 78, 86, 54, 85, 63, 18, 44, 20, 49, 36, 14, 74, 50, 53, 17, 21, 28, 11, 64, 3, 23, 30, 83, 24, 41, 40, 52, 65, 27, 90, 70, 39, 87, 48, 69, 99, 4, 46, 1, 13, 58, 97, 59, 45, 8, 73, 37, 35, 79, 71, 66, 76, 32, 60, 80, 96, 6, 16, 61, 33, 7, 57, 34, 12, 67, 10, 98, 56, 88, 43, 75, 91, 38, 84, 92, 29, 19, 51, 72, 89, 25, 2, 81, 94, 55, 62, 0]|[2, 1, 2, 1, 1, 2, 1, 1, 1, 1, 1, 0, 2, 2, 1, 2, 0, 0, 0, 2, 2, 1, 0, 2, 0, 2, 2, 1, 0, 1, 1, 1, 0, 0, 1, 0, 2, 1, 2, 2, 0, 0, 1, 1, 0, 2, 0, 2, 1, 0, 0, 2, 0, 0, 2, 0, 1, 1, 0, 0, 2, 1, 1, 1, 2, 0, 2, 2, 0, 1, 2, 1, 1, 2, 0, 1, 2, 1, 1, 2, 2, 1, 1, 0, 1, 0, 0, 0, 1, 1, 1, 1, 1, 1, 2, 1, 2, 0, 1, 0]|[0, 3, 0, 3, 4, 1, 4, 4, 2, 4, 3, 2, 1, 0, 2, 1, 1, 1, 2, 1, 1, 3, 0, 1, 0, 1, 1, 4, 1, 4, 3, 2, 2, 0, 4, 1, 1, 4, 1, 1, 2, 1, 4, 4, 1, 1, 0, 2, 3, 2, 2, 1, 2, 1, 1, 2, 4, 3, 0, 2, 2, 3, 3, 1, 1, 2, 1, 1, 2, 4, 1, 3, 4, 1, 2, 4, 1, 3, 3, 1, 1, 4, 4, 2, 3, 2, 2, 2, 3, 4, 3, 4, 4, 4, 1, 4, 1, 2, 3, 2]|[0, 2, 0, 0, 3, 0, 1, 3, 0, 0, 2, 0, 1, 0, 1, 0, 0, 0, 1, 0, 0, 2, 0, 0, 1, 0, 0, 3, 0, 1, 0, 2, 0, 0, 3, 0, 1, 1, 0, 0, 0, 0, 1, 3, 0, 0, 1, 0, 2, 0, 0, 0, 0, 0, 1, 0, 1, 0, 1, 1, 0, 2, 0, 2, 0, 0, 0, 0, 0, 2, 0, 0, 1, 0, 0, 1, 0, 0, 3, 0, 0, 1, 2, 0, 0, 0, 0, 0, 3, 1, 0, 1, 1, 3, 0, 2, 0, 0, 0, 0],882.9438068981488,49811.41861925377,107369.92734801112,false
30,G3_TWC,G3_TWC,[31, 22, 82, 15, 26, 58, 95, 42, 77, 12, 47, 5, 93, 78, 98, 54, 85, 63, 18, 44, 20, 35, 43, 97, 91, 76, 10, 30, 21, 45, 71, 64, 1, 23, 17, 83, 24, 14, 60, 36, 6, 57, 94, 88, 65, 56, 79, 40, 67, 68, 46, 75, 38, 9, 19, 32, 81, 41, 27, 62, 87, 90, 99, 59, 11, 16, 72, 73, 70, 39, 37, 84, 33, 92, 25, 55, 28, 29, 51, 7, 3, 61, 86, 66, 89, 50, 48, 96, 53, 8, 4, 80, 34, 49, 52, 0, 13, 2, 69, 74]|[1, 1, 0, 1, 1, 1, 2, 1, 2, 1, 2, 2, 2, 1, 1, 0, 0, 1, 0, 2, 2, 0, 1, 2, 0, 1, 2, 2, 0, 0, 1, 2, 1, 2, 1, 0, 2, 0, 1, 1, 0, 1, 1, 1, 0, 2, 1, 1, 0, 0, 0, 0, 1, 1, 2, 1, 2, 0, 0, 0, 2, 1, 0, 1, 2, 1, 2, 1, 1, 1, 1, 1, 2, 0, 1, 1, 0, 0, 0, 1, 1, 1, 0, 2, 1, 0, 0, 0, 0, 1, 0, 0, 2, 0, 1, 0, 0, 0, 1, 2]|[4, 3, 2, 2, 0, 0, 2, 2, 2, 4, 1, 1, 2, 4, 4, 1, 1, 4, 2, 1, 1, 1, 1, 2, 1, 2, 1, 1, 1, 1, 3, 2, 3, 0, 4, 0, 1, 1, 0, 3, 2, 2, 4, 0, 1, 1, 0, 2, 0, 1, 2, 2, 1, 4, 0, 3, 2, 1, 1, 2, 1, 3, 1, 1, 1, 3, 0, 4, 3, 1, 4, 1, 1, 2, 4, 4, 2, 1, 1, 3, 1, 3, 1, 1, 1, 1, 1, 1, 2, 3, 2, 1, 1, 1, 1, 2, 2, 2, 3, 1]|[0, 2, 1, 1, 3, 3, 0, 1, 0, 0, 0, 0, 1, 0, 1, 0, 0, 3, 1, 0, 0, 0, 3, 1, 0, 2, 0, 0, 0, 1, 0, 0, 0, 0, 3, 0, 1, 0, 0, 2, 1, 1, 2, 0, 0, 0, 0, 1, 1, 0, 0, 0, 1, 3, 0, 0, 1, 0, 0, 1, 0, 2, 0, 1, 0, 2, 1, 0, 0, 1, 1, 3, 0, 1, 3, 3, 1, 0, 0, 2, 1, 0, 0, 0, 1, 0, 0, 0, 1, 2, 1, 0, 0, 1, 1, 0, 0, 0, 0, 0],790.0808266764368,58075.97958717251,89166.26679780573,false
30,G1_CMAX,G1_CMAX,[31, 22, 82, 15, 26, 99, 95, 42, 77, 12, 47, 5, 93, 78, 86, 54, 21, 63, 18, 44, 20, 35, 43, 97, 91, 76, 10, 30, 85, 45, 71, 64, 1, 23, 17, 83, 24, 14, 60, 36, 6, 57, 40, 88, 65, 56, 79, 94, 67, 68, 46, 75, 38, 9, 19, 32, 41, 81, 27, 87, 90, 58, 59, 11, 16, 72, 73, 70, 39, 37, 84, 3, 92, 25, 55, 48, 62, 29, 51, 96, 33, 61, 98, 28, 89, 50, 4, 7, 53, 80, 52, 66, 34, 49, 8, 0, 74, 69, 2, 13]|[1, 1, 0, 1, 1, 0, 1, 1, 2, 1, 2, 2, 2, 1, 1, 0, 0, 1, 0, 2, 2, 0, 1, 2, 0, 1, 2, 2, 0, 0, 1, 2, 1, 2, 1, 0, 2, 0, 1, 1, 0, 1, 1, 1, 0, 2, 1, 1, 0, 0, 0, 0, 1, 1, 2, 1, 0, 2, 0, 2, 1, 0, 1, 2, 1, 2, 1, 1, 1, 1, 1, 1, 0, 1, 2, 0, 0, 0, 0, 2, 2, 1, 2, 0, 1, 0, 1, 2, 0, 0, 1, 2, 2, 0, 1, 0, 2, 1, 0, 0]|[0, 3, 2, 2, 4, 1, 2, 3, 2, 4, 1, 1, 2, 4, 4, 1, 1, 4, 2, 1, 1, 1, 1, 2, 1, 2, 1, 1, 2, 1, 3, 2, 3, 1, 4, 0, 1, 1, 0, 3, 2, 2, 2, 0, 1, 1, 0, 4, 0, 1, 2, 2, 1, 4, 0, 3, 1, 1, 1, 1, 3, 1, 1, 1, 3, 0, 4, 3, 1, 4, 1, 1, 0, 4, 1, 1, 2, 1, 1, 1, 1, 3, 1, 2, 1, 1, 4, 1, 2, 1, 1, 1, 1, 1, 3, 2, 1, 4, 2, 2]|[0, 2, 1, 1, 3, 0, 1, 3, 0, 0, 0, 0, 1, 0, 1, 0, 0, 3, 1, 0, 0, 0, 3, 1, 0, 2, 0, 0, 0, 1, 0, 0, 0, 0, 3, 0, 1, 0, 0, 2, 1, 1, 1, 0, 0, 0, 0, 2, 1, 0, 0, 0, 1, 3, 0, 0, 0, 0, 0, 0, 2, 0, 1, 0, 2, 1, 0, 0, 1, 1, 3, 1, 1, 3, 0, 0, 1, 0, 0, 0, 0, 0, 0, 1, 1, 0, 0, 0, 1, 0, 1, 0, 0, 1, 2, 0, 0, 2, 0, 0],731.2476204416437,56784.74762275103,92889.2977037672,false
30,G4_BALANCED,G3_TWC,[31, 22, 82, 15, 26, 58, 95, 42, 77, 12, 47, 5, 93, 78, 98, 54, 85, 63, 18, 44, 20, 35, 43, 97, 91, 76, 10, 30, 21, 45, 71, 64, 1, 23, 17, 13, 24, 14, 60, 36, 6, 57, 94, 88, 65, 56, 79, 40, 67, 68, 46, 75, 38, 9, 19, 32, 81, 41, 27, 62, 87, 90, 99, 59, 11, 16, 72, 73, 70, 39, 37, 84, 3, 92, 25, 55, 28, 29, 51, 7, 33, 61, 86, 66, 89, 50, 48, 96, 53, 80, 4, 8, 34, 2, 52, 49, 83, 0, 69, 74]|[1, 1, 0, 1, 1, 1, 2, 1, 2, 1, 2, 2, 2, 1, 1, 0, 0, 1, 0, 2, 2, 0, 1, 2, 0, 1, 2, 2, 0, 0, 1, 2, 1, 2, 1, 0, 2, 0, 1, 1, 0, 1, 1, 1, 0, 2, 1, 1, 0, 0, 0, 0, 1, 1, 2, 1, 2, 0, 0, 0, 2, 1, 0, 1, 2, 1, 2, 1, 1, 1, 1, 1, 1, 0, 1, 1, 0, 0, 0, 1, 2, 1, 0, 2, 1, 0, 0, 0, 0, 0, 0, 1, 2, 0, 1, 0, 0, 0, 1, 2]|[4, 3, 2, 2, 0, 0, 2, 2, 2, 4, 1, 1, 2, 4, 4, 1, 2, 4, 2, 1, 1, 1, 1, 2, 1, 2, 1, 1, 1, 1, 3, 2, 3, 0, 4, 2, 1, 1, 0, 3, 2, 2, 4, 0, 1, 1, 0, 2, 0, 1, 2, 2, 1, 4, 0, 3, 2, 1, 1, 2, 1, 3, 1, 1, 1, 3, 0, 4, 3, 1, 4, 1, 1, 2, 4, 4, 2, 1, 1, 3, 1, 3, 1, 1, 1, 1, 1, 1, 2, 1, 2, 3, 1, 2, 1, 1, 2, 2, 3, 1]|[0, 2, 1, 1, 3, 3, 0, 1, 0, 0, 0, 0, 1, 0, 1, 0, 0, 3, 1, 0, 0, 0, 3, 1, 0, 2, 0, 0, 0, 1, 0, 0, 0, 0, 3, 0, 1, 0, 0, 2, 1, 1, 2, 0, 0, 0, 0, 1, 1, 0, 0, 0, 1, 3, 0, 0, 1, 0, 0, 1, 0, 2, 0, 1, 0, 2, 1, 0, 0, 1, 1, 3, 1, 1, 3, 3, 1, 0, 0, 2, 0, 0, 0, 0, 1, 0, 0, 0, 1, 0, 1, 2, 0, 0, 1, 1, 0, 0, 0, 0],811.9845383807663,57728.67027821423,89513.44702377252,true
30,G2_TEC,G2_TEC,[31, 22, 82, 15, 26, 9, 95, 42, 77, 68, 47, 5, 93, 78, 86, 54, 85, 63, 18, 44, 20, 49, 36, 14, 74, 50, 53, 17, 21, 28, 11, 64, 3, 23, 30, 83, 24, 41, 40, 52, 65, 27, 90, 70, 39, 87, 48, 69, 99, 4, 46, 1, 13, 58, 97, 59, 45, 8, 73, 37, 35, 79, 71, 66, 76, 32, 60, 80, 96, 6, 16, 61, 33, 7, 57, 34, 12, 67, 10, 98, 56, 88, 43, 75, 91, 38, 84, 92, 29, 19, 51, 72, 89, 25, 2, 81, 94, 55, 62, 0]|[2, 1, 2, 1, 1, 2, 1, 1, 1, 1, 1, 0, 2, 2, 1, 2, 0, 0, 0, 2, 2, 1, 0, 2, 0, 2, 2, 1, 0, 1, 1, 1, 0, 0, 1, 0, 2, 1, 2, 2, 0, 0, 1, 1, 0, 2, 0, 2, 1, 0, 0, 2, 0, 0, 2, 0, 1, 1, 0, 0, 2, 1, 1, 1, 2, 0, 2, 2, 0, 1, 2, 1, 1, 2, 0, 1, 2, 1, 1, 2, 2, 1, 1, 0, 1, 0, 0, 0, 1, 1, 1, 1, 1, 1, 2, 1, 2, 0, 1, 0]|[0, 3, 0, 3, 4, 1, 4, 4, 2, 4, 3, 2, 1, 0, 2, 1, 1, 1, 2, 1, 1, 3, 0, 1, 0, 1, 1, 4, 1, 4, 3, 2, 2, 0, 4, 1, 1, 4, 1, 1, 2, 1, 4, 4, 1, 1, 0, 2, 3, 2, 2, 1, 2, 1, 1, 2, 4, 3, 0, 2, 2, 3, 3, 1, 1, 2, 1, 1, 2, 4, 1, 3, 4, 1, 2, 4, 1, 3, 3, 1, 1, 4, 4, 2, 3, 2, 2, 2, 3, 4, 3, 4, 4, 4, 1, 4, 1, 2, 3, 2]|[0, 2, 0, 0, 3, 0, 1, 3, 0, 0, 2, 0, 1, 0, 1, 0, 0, 0, 1, 0, 0, 2, 0, 0, 1, 0, 0, 3, 0, 1, 0, 2, 0, 0, 3, 0, 1, 1, 0, 0, 0, 0, 1, 3, 0, 0, 1, 0, 2, 0, 0, 0, 0, 0, 1, 0, 1, 0, 1, 1, 0, 2, 0, 2, 0, 0, 0, 0, 0, 2, 0, 0, 1, 0, 0, 1, 0, 0, 3, 0, 0, 1, 2, 0, 0, 0, 0, 0, 3, 1, 0, 1, 1, 3, 0, 2, 0, 0, 0, 0],882.9438068981488,49811.41861925377,107369.92734801112,false
30,G3_TWC,G3_TWC,[31, 22, 82, 15, 26, 58, 95, 42, 77, 12, 47, 5, 93, 78, 98, 54, 85, 63, 18, 44, 20, 35, 43, 97, 91, 76, 10, 30, 21, 45, 71, 64, 1, 23, 17, 83, 24, 14, 60, 36, 6, 57, 94, 88, 65, 56, 79, 40, 67, 68, 46, 75, 38, 9, 19, 32, 81, 41, 27, 62, 87, 90, 99, 59, 11, 16, 72, 73, 70, 39, 37, 84, 33, 92, 25, 55, 28, 29, 51, 7, 3, 61, 86, 66, 89, 50, 48, 96, 53, 8, 4, 80, 34, 49, 52, 0, 13, 2, 69, 74]|[1, 1, 0, 1, 1, 1, 2, 1, 2, 1, 2, 2, 2, 1, 1, 0, 0, 1, 0, 2, 2, 0, 1, 2, 0, 1, 2, 2, 0, 0, 1, 2, 1, 2, 1, 0, 2, 0, 1, 1, 0, 1, 1, 1, 0, 2, 1, 1, 0, 0, 0, 0, 1, 1, 2, 1, 2, 0, 0, 0, 2, 1, 0, 1, 2, 1, 2, 1, 1, 1, 1, 1, 2, 0, 1, 1, 0, 0, 0, 1, 1, 1, 0, 2, 1, 0, 0, 0, 0, 1, 0, 0, 2, 0, 1, 0, 0, 0, 1, 2]|[4, 3, 2, 2, 0, 0, 2, 2, 2, 4, 1, 1, 2, 4, 4, 1, 1, 4, 2, 1, 1, 1, 1, 2, 1, 2, 1, 1, 1, 1, 3, 2, 3, 0, 4, 0, 1, 1, 0, 3, 2, 2, 4, 0, 1, 1, 0, 2, 0, 1, 2, 2, 1, 4, 0, 3, 2, 1, 1, 2, 1, 3, 1, 1, 1, 3, 0, 4, 3, 1, 4, 1, 1, 2, 4, 4, 2, 1, 1, 3, 1, 3, 1, 1, 1, 1, 1, 1, 2, 3, 2, 1, 1, 1, 1, 2, 2, 2, 3, 1]|[0, 2, 1, 1, 3, 3, 0, 1, 0, 0, 0, 0, 1, 0, 1, 0, 0, 3, 1, 0, 0, 0, 3, 1, 0, 2, 0, 0, 0, 1, 0, 0, 0, 0, 3, 0, 1, 0, 0, 2, 1, 1, 2, 0, 0, 0, 0, 1, 1, 0, 0, 0, 1, 3, 0, 0, 1, 0, 0, 1, 0, 2, 0, 1, 0, 2, 1, 0, 0, 1, 1, 3, 0, 1, 3, 3, 1, 0, 0, 2, 1, 0, 0, 0, 1, 0, 0, 0, 1, 2, 1, 0, 0, 1, 1, 0, 0, 0, 0, 0],790.0808266764368,58075.97958717251,89166.26679780573,false
30,G1_CMAX,G1_CMAX,[31, 22, 82, 15, 26, 99, 95, 42, 77, 12, 47, 5, 93, 78, 86, 54, 21, 63, 18, 44, 20, 35, 43, 97, 91, 76, 10, 30, 85, 45, 71, 64, 1, 23, 17, 83, 24, 14, 60, 36, 6, 57, 40, 88, 65, 56, 79, 94, 67, 68, 46, 75, 38, 9, 19, 32, 41, 81, 27, 87, 90, 58, 59, 11, 16, 72, 73, 70, 39, 37, 84, 3, 92, 25, 55, 48, 62, 29, 51, 96, 33, 61, 98, 28, 89, 50, 4, 7, 53, 80, 52, 66, 34, 49, 8, 0, 74, 69, 2, 13]|[1, 1, 0, 1, 1, 0, 1, 1, 2, 1, 2, 2, 2, 1, 1, 0, 0, 1, 0, 2, 2, 0, 1, 2, 0, 1, 2, 2, 0, 0, 1, 2, 1, 2, 1, 0, 2, 0, 1, 1, 0, 1, 1, 1, 0, 2, 1, 1, 0, 0, 0, 0, 1, 1, 2, 1, 0, 2, 0, 2, 1, 0, 1, 2, 1, 2, 1, 1, 1, 1, 1, 1, 0, 1, 2, 0, 0, 0, 0, 2, 2, 1, 2, 0, 1, 0, 1, 2, 0, 0, 1, 2, 2, 0, 1, 0, 2, 1, 0, 0]|[0, 3, 2, 2, 4, 1, 2, 3, 2, 4, 1, 1, 2, 4, 4, 1, 1, 4, 2, 1, 1, 1, 1, 2, 1, 2, 1, 1, 2, 1, 3, 2, 3, 1, 4, 0, 1, 1, 0, 3, 2, 2, 2, 0, 1, 1, 0, 4, 0, 1, 2, 2, 1, 4, 0, 3, 1, 1, 1, 1, 3, 1, 1, 1, 3, 0, 4, 3, 1, 4, 1, 1, 0, 4, 1, 1, 2, 1, 1, 1, 1, 3, 1, 2, 1, 1, 4, 1, 2, 1, 1, 1, 1, 1, 3, 2, 1, 4, 2, 2]|[0, 2, 1, 1, 3, 0, 1, 3, 0, 0, 0, 0, 1, 0, 1, 0, 0, 3, 1, 0, 0, 0, 3, 1, 0, 2, 0, 0, 0, 1, 0, 0, 0, 0, 3, 0, 1, 0, 0, 2, 1, 1, 1, 0, 0, 0, 0, 2, 1, 0, 0, 0, 1, 3, 0, 0, 0, 0, 0, 0, 2, 0, 1, 0, 2, 1, 0, 0, 1, 1, 3, 1, 1, 3, 0, 0, 1, 0, 0, 0, 0, 0, 0, 1, 1, 0, 0, 0, 1, 0, 1, 0, 0, 1, 2, 0, 0, 2, 0, 0],731.2476204416437,56784.74762275103,92889.2977037672,false
30,G4_BALANCED,G4_BALANCED,[31, 11, 82, 15, 26, 9, 95, 42, 77, 68, 47, 5, 93, 78, 86, 54, 85, 63, 18, 44, 20, 35, 43, 97, 91, 76, 10, 30, 21, 45, 71, 64, 1, 23, 17, 83, 24, 14, 60, 36, 6, 57, 40, 88, 65, 56, 79, 94, 67, 12, 46, 75, 38, 99, 19, 32, 41, 81, 27, 87, 90, 58, 59, 22, 16, 72, 73, 70, 39, 37, 84, 3, 92, 62, 25, 96, 28, 29, 51, 7, 33, 61, 98, 66, 89, 50, 48, 80, 53, 55, 4, 8, 34, 2, 52, 49, 13, 0, 69, 74]|[1, 1, 0, 1, 1, 0, 1, 2, 2, 0, 2, 2, 2, 1, 1, 0, 0, 1, 0, 2, 2, 0, 1, 2, 0, 1, 2, 2, 0, 0, 1, 2, 1, 2, 1, 0, 2, 0, 1, 1, 0, 1, 1, 1, 0, 2, 1, 1, 0, 0, 0, 0, 1, 1, 2, 1, 0, 2, 0, 2, 1, 0, 1, 2, 1, 2, 1, 1, 1, 1, 0, 1, 1, 0, 1, 2, 1, 0, 0, 2, 2, 1, 2, 2, 1, 0, 0, 0, 0, 2, 1, 1, 2, 0, 1, 0, 0, 0, 1, 2]|[4, 3, 2, 2, 4, 1, 2, 2, 2, 1, 1, 1, 2, 4, 4, 1, 1, 4, 2, 1, 1, 1, 1, 1, 1, 2, 1, 1, 2, 1, 3, 2, 3, 1, 4, 0, 1, 1, 0, 3, 2, 2, 2, 0, 1, 1, 0, 4, 0, 1, 2, 2, 1, 4, 0, 3, 1, 1, 1, 1, 3, 1, 1, 1, 3, 0, 4, 4, 1, 4, 2, 3, 1, 2, 4, 1, 4, 1, 1, 1, 1, 3, 1, 1, 1, 1, 1, 1, 2, 1, 4, 3, 1, 2, 1, 1, 2, 2, 4, 1]|[0, 2, 1, 1, 3, 0, 1, 0, 0, 0, 0, 0, 1, 0, 1, 0, 0, 3, 1, 0, 0, 0, 3, 1, 0, 2, 0, 0, 0, 1, 0, 0, 0, 0, 3, 0, 1, 0, 0, 2, 1, 1, 1, 0, 0, 0, 0, 2, 1, 0, 0, 0, 1, 3, 0, 0, 0, 0, 0, 0, 2, 0, 1, 0, 2, 1, 0, 0, 1, 1, 0, 0, 1, 1, 3, 0, 1, 0, 0, 0, 0, 0, 0, 0, 1, 0, 0, 0, 1, 0, 0, 2, 0, 0, 1, 1, 0, 0, 2, 0],802.7683906830428,54918.424968562234,100102.9253477918,false
30,G2_TEC,G2_TEC,[31, 22, 82, 15, 26, 9, 95, 42, 77, 68, 47, 5, 93, 78, 86, 54, 85, 63, 18, 44, 20, 49, 36, 14, 74, 50, 53, 17, 21, 28, 11, 64, 3, 23, 30, 83, 24, 41, 40, 52, 65, 27, 90, 70, 39, 87, 48, 69, 99, 4, 46, 1, 13, 58, 97, 59, 45, 8, 73, 37, 35, 79, 71, 66, 76, 32, 60, 80, 96, 6, 16, 61, 33, 7, 57, 34, 12, 67, 10, 98, 56, 88, 43, 75, 91, 38, 84, 92, 29, 19, 51, 72, 89, 25, 2, 81, 94, 55, 62, 0]|[2, 1, 2, 1, 1, 2, 1, 1, 1, 1, 1, 0, 2, 2, 1, 2, 0, 0, 0, 2, 2, 1, 0, 2, 0, 2, 2, 1, 0, 1, 1, 1, 0, 0, 1, 0, 2, 1, 2, 2, 0, 0, 1, 1, 0, 2, 0, 2, 1, 0, 0, 2, 0, 0, 2, 0, 1, 1, 0, 0, 2, 1, 1, 1, 2, 0, 2, 2, 0, 1, 2, 1, 1, 2, 0, 1, 2, 1, 1, 2, 2, 1, 1, 0, 1, 0, 0, 0, 1, 1, 1, 1, 1, 1, 2, 1, 2, 0, 1, 0]|[0, 3, 0, 3, 4, 1, 4, 4, 2, 4, 3, 2, 1, 0, 2, 1, 1, 1, 2, 1, 1, 3, 0, 1, 0, 1, 1, 4, 1, 4, 3, 2, 2, 0, 4, 1, 1, 4, 1, 1, 2, 1, 4, 4, 1, 1, 0, 2, 3, 2, 2, 1, 2, 1, 1, 2, 4, 3, 0, 2, 2, 3, 3, 1, 1, 2, 1, 1, 2, 4, 1, 3, 4, 1, 2, 4, 1, 3, 3, 1, 1, 4, 4, 2, 3, 2, 2, 2, 3, 4, 3, 4, 4, 4, 1, 4, 1, 2, 3, 2]|[0, 2, 0, 0, 3, 0, 1, 3, 0, 0, 2, 0, 1, 0, 1, 0, 0, 0, 1, 0, 0, 2, 0, 0, 1, 0, 0, 3, 0, 1, 0, 2, 0, 0, 3, 0, 1, 1, 0, 0, 0, 0, 1, 3, 0, 0, 1, 0, 2, 0, 0, 0, 0, 0, 1, 0, 1, 0, 1, 1, 0, 2, 0, 2, 0, 0, 0, 0, 0, 2, 0, 0, 1, 0, 0, 1, 0, 0, 3, 0, 0, 1, 2, 0, 0, 0, 0, 0, 3, 1, 0, 1, 1, 3, 0, 2, 0, 0, 0, 0],882.9438068981488,49811.41861925377,107369.92734801112,false
30,G3_TWC,G3_TWC,[31, 22, 82, 15, 26, 58, 95, 42, 77, 12, 47, 5, 93, 78, 98, 54, 85, 63, 18, 44, 20, 35, 43, 97, 91, 76, 10, 30, 21, 45, 71, 64, 1, 23, 17, 83, 24, 14, 60, 36, 6, 57, 94, 88, 65, 56, 79, 40, 67, 68, 46, 75, 38, 9, 19, 32, 81, 41, 27, 62, 87, 90, 99, 59, 11, 16, 72, 73, 70, 39, 37, 84, 3, 92, 25, 55, 28, 29, 51, 7, 33, 61, 86, 66, 89, 50, 48, 96, 53, 8, 4, 80, 34, 49, 52, 0, 13, 2, 69, 74]|[1, 1, 0, 1, 1, 1, 2, 1, 2, 1, 2, 2, 2, 1, 1, 0, 0, 1, 0, 2, 2, 0, 1, 2, 0, 1, 2, 2, 0, 0, 1, 2, 1, 2, 1, 0, 2, 0, 1, 1, 0, 1, 1, 1, 0, 2, 1, 1, 0, 0, 0, 0, 1, 1, 2, 1, 2, 0, 0, 0, 2, 1, 0, 1, 2, 1, 2, 1, 1, 1, 1, 1, 2, 0, 1, 1, 0, 0, 0, 1, 2, 1, 0, 2, 1, 0, 0, 0, 0, 1, 0, 0, 2, 0, 1, 0, 0, 0, 1, 2]|[4, 3, 2, 2, 0, 0, 2, 2, 2, 4, 1, 1, 2, 4, 4, 1, 1, 4, 2, 1, 1, 1, 1, 2, 1, 2, 1, 1, 1, 1, 3, 2, 3, 0, 4, 0, 1, 1, 0, 3, 2, 2, 4, 0, 1, 1, 0, 2, 0, 1, 2, 2, 1, 4, 0, 3, 2, 1, 1, 2, 1, 3, 1, 1, 1, 3, 0, 4, 3, 1, 4, 1, 1, 2, 4, 4, 2, 1, 1, 3, 1, 3, 1, 1, 1, 1, 1, 1, 2, 3, 2, 1, 1, 1, 1, 2, 2, 2, 3, 1]|[0, 2, 1, 1, 3, 3, 0, 1, 0, 0, 0, 0, 1, 0, 1, 0, 0, 3, 1, 0, 0, 0, 3, 1, 0, 2, 0, 0, 0, 1, 0, 0, 0, 0, 3, 0, 1, 0, 0, 2, 1, 1, 2, 0, 0, 0, 0, 1, 1, 0, 0, 0, 1, 3, 0, 0, 1, 0, 0, 1, 0, 2, 0, 1, 0, 2, 1, 0, 0, 1, 1, 3, 0, 1, 3, 3, 1, 0, 0, 2, 0, 0, 0, 0, 1, 0, 0, 0, 1, 2, 1, 0, 0, 1, 1, 0, 0, 0, 0, 0],790.0808266764368,57926.0831962336,89131.00769295532,false
30,G1_CMAX,G4_BALANCED,[31, 22, 82, 15, 26, 9, 95, 42, 77, 68, 47, 5, 93, 78, 86, 54, 85, 63, 18, 44, 20, 49, 36, 14, 74, 50, 53, 17, 21, 28, 71, 64, 3, 23, 30, 83, 24, 41, 60, 52, 65, 27, 90, 70, 39, 87, 48, 69, 99, 4, 46, 1, 13, 58, 97, 59, 45, 8, 73, 37, 35, 79, 11, 66, 76, 32, 40, 80, 96, 6, 16, 61, 33, 7, 57, 34, 12, 67, 10, 98, 56, 88, 29, 75, 91, 38, 19, 92, 43, 84, 51, 72, 81, 94, 2, 55, 62, 89, 25, 0]|[2, 1, 2, 1, 1, 2, 1, 1, 1, 1, 1, 0, 2, 2, 1, 2, 0, 0, 0, 2, 2, 1, 0, 2, 0, 2, 2, 1, 0, 1, 1, 1, 0, 0, 1, 0, 2, 1, 2, 2, 0, 0, 1, 1, 0, 2, 0, 2, 1, 0, 0, 2, 0, 0, 2, 0, 1, 1, 0, 0, 2, 1, 0, 2, 2, 0, 2, 2, 0, 1, 2, 1, 1, 2, 0, 1, 1, 1, 1, 2, 2, 1, 1, 0, 1, 0, 1, 0, 1, 0, 1, 1, 1, 2, 2, 0, 1, 1, 1, 0]|[0, 3, 0, 3, 4, 1, 4, 4, 2, 4, 3, 2, 1, 0, 2, 1, 1, 1, 2, 1, 1, 3, 0, 1, 0, 1, 1, 4, 1, 4, 3, 2, 2, 0, 4, 1, 1, 4, 0, 1, 2, 1, 4, 4, 1, 1, 0, 2, 3, 1, 2, 1, 2, 1, 1, 2, 4, 3, 0, 2, 2, 3, 1, 0, 1, 2, 0, 1, 2, 4, 1, 3, 4, 1, 2, 4, 3, 3, 3, 1, 1, 4, 3, 2, 3, 2, 4, 2, 4, 2, 3, 4, 1, 1, 1, 2, 3, 4, 4, 2]|[0, 2, 0, 0, 3, 0, 1, 3, 0, 0, 2, 0, 1, 0, 1, 0, 0, 0, 1, 0, 0, 2, 0, 0, 1, 0, 0, 3, 0, 1, 0, 2, 0, 1, 3, 0, 1, 3, 1, 0, 0, 0, 1, 3, 0, 0, 1, 0, 2, 0, 0, 0, 0, 0, 1, 0, 1, 0, 1, 1, 0, 2, 0, 0, 0, 0, 0, 0, 0, 2, 0, 0, 1, 0, 0, 1, 0, 0, 3, 0, 0, 1, 0, 0, 0, 0, 3, 0, 2, 0, 0, 2, 1, 0, 0, 0, 0, 1, 3, 0],851.9092314412391,51714.80113499516,107255.87097349185,true
30,G4_BALANCED,G4_BALANCED,[31, 11, 15, 82, 26, 9, 95, 32, 77, 68, 47, 5, 93, 78, 86, 54, 85, 63, 18, 44, 20, 49, 36, 14, 74, 50, 53, 17, 21, 45, 71, 64, 3, 23, 30, 83, 24, 41, 60, 52, 65, 27, 90, 70, 39, 87, 48, 69, 99, 4, 46, 1, 13, 58, 97, 59, 28, 75, 73, 37, 35, 40, 22, 66, 76, 42, 79, 80, 96, 6, 16, 61, 33, 7, 57, 34, 12, 67, 10, 98, 88, 56, 29, 8, 91, 38, 72, 92, 43, 84, 51, 19, 81, 25, 2, 55, 94, 89, 62, 0]|[2, 1, 1, 1, 1, 2, 1, 1, 1, 1, 1, 0, 2, 2, 1, 2, 0, 0, 0, 2, 2, 1, 0, 2, 0, 2, 2, 1, 0, 1, 1, 1, 0, 0, 1, 0, 2, 1, 2, 2, 0, 0, 1, 1, 0, 2, 0, 1, 1, 0, 0, 2, 0, 0, 2, 0, 1, 0, 0, 0, 1, 2, 0, 2, 2, 0, 1, 2, 0, 1, 2, 1, 1, 2, 0, 1, 1, 1, 1, 2, 2, 2, 1, 1, 1, 0, 1, 0, 1, 0, 1, 1, 1, 1, 2, 0, 2, 1, 1, 0]|[0, 3, 2, 3, 4, 1, 4, 4, 2, 4, 3, 2, 1, 0, 2, 1, 1, 1, 2, 1, 1, 3, 0, 1, 0, 1, 1, 4, 1, 4, 3, 2, 2, 0, 4, 1, 1, 4, 0, 1, 2, 1, 4, 4, 1, 1, 0, 4, 3, 1, 2, 1, 2, 1, 1, 2, 4, 2, 0, 2, 3, 0, 1, 0, 1, 2, 3, 1, 2, 4, 1, 3, 4, 1, 2, 4, 3, 3, 3, 1, 1, 1, 3, 3, 3, 2, 4, 2, 4, 2, 3, 4, 1, 4, 1, 2, 1, 4, 3, 2]|[0, 2, 1, 0, 3, 0, 1, 3, 0, 0, 2, 0, 1, 0, 1, 0, 0, 0, 1, 0, 0, 2, 0, 0, 1, 0, 0, 3, 0, 1, 0, 2, 0, 1, 3, 0, 1, 3, 1, 0, 0, 0, 1, 3, 0, 0, 1, 1, 2, 0, 0, 0, 0, 0, 1, 0, 1, 0, 1, 1, 0, 0, 0, 0, 0, 0, 2, 0, 0, 2, 0, 0, 1, 0, 0, 1, 0, 0, 3, 0, 0, 0, 0, 0, 0, 0, 2, 0, 2, 0, 0, 1, 1, 3, 0, 0, 0, 1, 0, 0],886.5266578569763,51989.75967332948,105039.51838824725,false
30,G2_TEC,G2_TEC,[31, 22, 82, 15, 26, 9, 95, 42, 77, 68, 47, 5, 93, 78, 86, 54, 85, 63, 18, 44, 20, 49, 36, 14, 74, 50, 53, 17, 21, 28, 11, 64, 3, 23, 30, 83, 24, 41, 40, 52, 65, 27, 90, 70, 39, 87, 48, 69, 99, 4, 46, 1, 13, 58, 97, 59, 45, 8, 73, 37, 35, 79, 71, 66, 76, 32, 60, 80, 96, 6, 16, 61, 33, 7, 57, 34, 12, 67, 10, 98, 56, 88, 43, 75, 91, 38, 84, 92, 29, 19, 51, 72, 89, 25, 2, 81, 94, 55, 62, 0]|[2, 1, 2, 1, 1, 2, 1, 1, 1, 1, 1, 0, 2, 2, 1, 2, 0, 0, 0, 2, 2, 1, 0, 2, 0, 2, 2, 1, 0, 1, 1, 1, 0, 0, 1, 0, 2, 1, 2, 2, 0, 0, 1, 1, 0, 2, 0, 2, 1, 0, 0, 2, 0, 0, 2, 0, 1, 1, 0, 0, 2, 1, 1, 1, 2, 0, 2, 2, 0, 1, 2, 1, 1, 2, 0, 1, 2, 1, 1, 2, 2, 1, 1, 0, 1, 0, 0, 0, 1, 1, 1, 1, 1, 1, 2, 1, 2, 0, 1, 0]|[0, 3, 0, 3, 4, 1, 4, 4, 2, 4, 3, 2, 1, 0, 2, 1, 1, 1, 2, 1, 1, 3, 0, 1, 0, 1, 1, 4, 1, 4, 3, 2, 2, 0, 4, 1, 1, 4, 1, 1, 2, 1, 4, 4, 1, 1, 0, 2, 3, 2, 2, 1, 2, 1, 1, 2, 4, 3, 0, 2, 2, 3, 3, 1, 1, 2, 1, 1, 2, 4, 1, 3, 4, 1, 2, 4, 1, 3, 3, 1, 1, 4, 4, 2, 3, 2, 2, 2, 3, 4, 3, 4, 4, 4, 1, 4, 1, 2, 3, 2]|[0, 2, 0, 0, 3, 0, 1, 3, 0, 0, 2, 0, 1, 0, 1, 0, 0, 0, 1, 0, 0, 2, 0, 0, 1, 0, 0, 3, 0, 1, 0, 2, 0, 0, 3, 0, 1, 1, 0, 0, 0, 0, 1, 3, 0, 0, 1, 0, 2, 0, 0, 0, 0, 0, 1, 0, 1, 0, 1, 1, 0, 2, 0, 2, 0, 0, 0, 0, 0, 2, 0, 0, 1, 0, 0, 1, 0, 0, 3, 0, 0, 1, 2, 0, 0, 0, 0, 0, 3, 1, 0, 1, 1, 3, 0, 2, 0, 0, 0, 0],882.9438068981488,49811.41861925377,107369.92734801112,false
30,G3_TWC,G3_TWC,[31, 22, 82, 15, 26, 58, 95, 42, 77, 12, 47, 5, 93, 78, 98, 54, 85, 63, 18, 44, 20, 35, 43, 97, 91, 76, 10, 30, 21, 45, 71, 64, 1, 23, 17, 83, 24, 14, 60, 36, 6, 57, 94, 88, 65, 56, 79, 40, 67, 68, 46, 75, 38, 9, 19, 32, 81, 41, 27, 62, 87, 90, 99, 59, 11, 16, 72, 73, 70, 39, 37, 84, 3, 92, 25, 55, 28, 29, 51, 7, 33, 61, 86, 66, 89, 50, 48, 96, 53, 8, 4, 80, 34, 49, 52, 0, 13, 2, 69, 74]|[1, 1, 0, 1, 1, 1, 2, 1, 2, 1, 2, 2, 2, 1, 1, 0, 0, 1, 0, 2, 2, 0, 1, 2, 0, 1, 2, 2, 0, 0, 1, 2, 1, 2, 1, 0, 2, 0, 1, 1, 0, 1, 1, 1, 0, 2, 1, 1, 0, 0, 0, 0, 1, 1, 2, 1, 2, 0, 0, 0, 2, 1, 0, 1, 2, 1, 2, 1, 1, 1, 1, 1, 2, 0, 1, 1, 0, 0, 0, 1, 2, 1, 0, 2, 1, 0, 0, 0, 0, 1, 0, 0, 2, 0, 1, 0, 0, 0, 1, 2]|[4, 3, 2, 2, 0, 0, 2, 2, 2, 4, 1, 1, 2, 4, 4, 1, 1, 4, 2, 1, 1, 1, 1, 2, 1, 2, 1, 1, 1, 1, 3, 2, 3, 0, 4, 0, 1, 1, 0, 3, 2, 2, 4, 0, 1, 1, 0, 2, 0, 1, 2, 2, 1, 4, 0, 3, 2, 1, 1, 2, 1, 3, 1, 1, 1, 3, 0, 4, 3, 1, 4, 1, 1, 2, 4, 4, 2, 1, 1, 3, 1, 3, 1, 1, 1, 1, 1, 1, 2, 3, 2, 1, 1, 1, 1, 2, 2, 2, 3, 1]|[0, 2, 1, 1, 3, 3, 0, 1, 0, 0, 0, 0, 1, 0, 1, 0, 0, 3, 1, 0, 0, 0, 3, 1, 0, 2, 0, 0, 0, 1, 0, 0, 0, 0, 3, 0, 1, 0, 0, 2, 1, 1, 2, 0, 0, 0, 0, 1, 1, 0, 0, 0, 1, 3, 0, 0, 1, 0, 0, 1, 0, 2, 0, 1, 0, 2, 1, 0, 0, 1, 1, 3, 0, 1, 3, 3, 1, 0, 0, 2, 0, 0, 0, 0, 1, 0, 0, 0, 1, 2, 1, 0, 0, 1, 1, 0, 0, 0, 0, 0],790.0808266764368,57926.0831962336,89131.00769295532,false
30,G1_CMAX,G1_CMAX,[31, 22, 82, 15, 26, 99, 95, 42, 77, 12, 47, 5, 93, 78, 86, 54, 21, 63, 18, 44, 20, 35, 43, 97, 91, 76, 10, 30, 85, 45, 71, 64, 1, 23, 17, 83, 24, 14, 60, 36, 6, 57, 40, 88, 65, 56, 79, 94, 67, 68, 46, 75, 38, 9, 19, 32, 41, 81, 27, 87, 90, 58, 59, 11, 16, 72, 73, 70, 39, 37, 84, 3, 92, 25, 55, 48, 62, 29, 51, 96, 33, 61, 98, 28, 89, 50, 4, 7, 53, 80, 52, 66, 34, 49, 8, 0, 74, 69, 2, 13]|[1, 1, 0, 1, 1, 0, 1, 1, 2, 1, 2, 2, 2, 1, 1, 0, 0, 1, 0, 2, 2, 0, 1, 2, 0, 1, 2, 2, 0, 0, 1, 2, 1, 2, 1, 0, 2, 0, 1, 1, 0, 1, 1, 1, 0, 2, 1, 1, 0, 0, 0, 0, 1, 1, 2, 1, 0, 2, 0, 2, 1, 0, 1, 2, 1, 2, 1, 1, 1, 1, 1, 1, 0, 1, 2, 0, 0, 0, 0, 2, 2, 1, 2, 0, 1, 0, 1, 2, 0, 0, 1, 2, 2, 0, 1, 0, 2, 1, 0, 0]|[0, 3, 2, 2, 4, 1, 2, 3, 2, 4, 1, 1, 2, 4, 4, 1, 1, 4, 2, 1, 1, 1, 1, 2, 1, 2, 1, 1, 2, 1, 3, 2, 3, 1, 4, 0, 1, 1, 0, 3, 2, 2, 2, 0, 1, 1, 0, 4, 0, 1, 2, 2, 1, 4, 0, 3, 1, 1, 1, 1, 3, 1, 1, 1, 3, 0, 4, 3, 1, 4, 1, 1, 0, 4, 1, 1, 2, 1, 1, 1, 1, 3, 1, 2, 1, 1, 4, 1, 2, 1, 1, 1, 1, 1, 3, 2, 1, 4, 2, 2]|[0, 2, 1, 1, 3, 0, 1, 3, 0, 0, 0, 0, 1, 0, 1, 0, 0, 3, 1, 0, 0, 0, 3, 1, 0, 2, 0, 0, 0, 1, 0, 0, 0, 0, 3, 0, 1, 0, 0, 2, 1, 1, 1, 0, 0, 0, 0, 2, 1, 0, 0, 0, 1, 3, 0, 0, 0, 0, 0, 0, 2, 0, 1, 0, 2, 1, 0, 0, 1, 1, 3, 1, 1, 3, 0, 0, 1, 0, 0, 0, 0, 0, 0, 1, 1, 0, 0, 0, 1, 0, 1, 0, 0, 1, 2, 0, 0, 2, 0, 0],731.2476204416437,56784.74762275103,92889.2977037672,false
30,G4_BALANCED,G4_BALANCED,[31, 22, 82, 15, 26, 58, 95, 42, 77, 12, 47, 5, 93, 78, 98, 54, 85, 63, 18, 44, 20, 35, 43, 97, 91, 76, 10, 30, 21, 45, 71, 64, 1, 23, 17, 83, 24, 14, 60, 36, 6, 57, 94, 88, 65, 56, 79, 40, 67, 68, 46, 75, 38, 9, 19, 32, 81, 41, 27, 62, 87, 90, 99, 59, 11, 16, 72, 73, 70, 39, 37, 84, 3, 92, 25, 55, 28, 29, 51, 7, 33, 61, 86, 66, 89, 50, 8, 96, 4, 48, 53, 80, 34, 49, 52, 0, 13, 2, 69, 74]|[1, 1, 0, 1, 1, 1, 2, 1, 2, 1, 2, 2, 2, 1, 1, 0, 0, 1, 0, 2, 2, 0, 1, 2, 0, 1, 2, 2, 0, 0, 1, 2, 1, 2, 1, 0, 2, 0, 1, 1, 0, 1, 1, 1, 0, 2, 1, 1, 0, 0, 0, 0, 1, 1, 2, 1, 2, 0, 0, 0, 2, 1, 0, 1, 2, 1, 2, 1, 1, 1, 1, 1, 2, 0, 1, 1, 0, 0, 0, 1, 2, 1, 0, 2, 1, 0, 1, 0, 0, 2, 0, 0, 2, 0, 1, 0, 0, 0, 1, 2]|[4, 3, 2, 2, 0, 0, 2, 2, 2, 4, 1, 1, 2, 4, 4, 1, 2, 4, 2, 1, 1, 1, 1, 2, 1, 2, 1, 1, 1, 1, 3, 2, 3, 0, 4, 0, 1, 1, 0, 3, 2, 2, 4, 0, 1, 1, 0, 2, 0, 1, 2, 2, 1, 4, 0, 3, 2, 1, 1, 2, 1, 3, 1, 1, 1, 3, 0, 4, 3, 1, 4, 1, 1, 2, 4, 4, 2, 1, 1, 3, 1, 3, 1, 1, 1, 1, 3, 1, 2, 1, 2, 1, 1, 1, 1, 2, 2, 2, 3, 1]|[0, 2, 1, 1, 3, 3, 0, 1, 0, 0, 0, 0, 1, 0, 1, 0, 0, 3, 1, 0, 0, 0, 3, 1, 0, 2, 0, 0, 0, 1, 0, 0, 0, 0, 3, 0, 1, 0, 0, 2, 1, 1, 2, 0, 0, 0, 0, 1, 1, 0, 0, 0, 1, 3, 0, 0, 1, 0, 0, 1, 0, 2, 0, 1, 0, 2, 1, 0, 0, 1, 1, 3, 0, 1, 3, 3, 1, 0, 0, 2, 0, 0, 0, 0, 1, 0, 2, 0, 1, 0, 1, 0, 0, 1, 1, 0, 0, 0, 0, 0],787.3254738191949,57664.037397730215,90882.17714390432,false
30,G2_TEC,G2_TEC,[31, 22, 82, 15, 26, 9, 95, 42, 77, 68, 47, 5, 93, 78, 86, 54, 85, 63, 18, 44, 20, 49, 36, 14, 74, 50, 53, 17, 21, 28, 11, 64, 3, 23, 30, 83, 24, 41, 40, 52, 65, 27, 90, 70, 39, 87, 48, 69, 99, 4, 46, 1, 13, 58, 97, 59, 45, 8, 73, 37, 35, 79, 71, 66, 76, 32, 60, 80, 96, 6, 16, 61, 33, 7, 57, 34, 12, 67, 10, 98, 56, 88, 43, 75, 91, 38, 84, 92, 29, 19, 51, 72, 89, 25, 2, 81, 94, 55, 62, 0]|[2, 1, 2, 1, 1, 2, 1, 1, 1, 1, 1, 0, 2, 2, 1, 2, 0, 0, 0, 2, 2, 1, 0, 2, 0, 2, 2, 1, 0, 1, 1, 1, 0, 0, 1, 0, 2, 1, 2, 2, 0, 0, 1, 1, 0, 2, 0, 2, 1, 0, 0, 2, 0, 0, 2, 0, 1, 1, 0, 0, 2, 1, 1, 1, 2, 0, 2, 2, 0, 1, 2, 1, 1, 2, 0, 1, 2, 1, 1, 2, 2, 1, 1, 0, 1, 0, 0, 0, 1, 1, 1, 1, 1, 1, 2, 1, 2, 0, 1, 0]|[0, 3, 0, 3, 4, 1, 4, 4, 2, 4, 3, 2, 1, 0, 2, 1, 1, 1, 2, 1, 1, 3, 0, 1, 0, 1, 1, 4, 1, 4, 3, 2, 2, 0, 4, 1, 1, 4, 1, 1, 2, 1, 4, 4, 1, 1, 0, 2, 3, 2, 2, 1, 2, 1, 1, 2, 4, 3, 0, 2, 2, 3, 3, 1, 1, 2, 1, 1, 2, 4, 1, 3, 4, 1, 2, 4, 1, 3, 3, 1, 1, 4, 4, 2, 3, 2, 2, 2, 3, 4, 3, 4, 4, 4, 1, 4, 1, 2, 3, 2]|[0, 2, 0, 0, 3, 0, 1, 3, 0, 0, 2, 0, 1, 0, 1, 0, 0, 0, 1, 0, 0, 2, 0, 0, 1, 0, 0, 3, 0, 1, 0, 2, 0, 0, 3, 0, 1, 1, 0, 0, 0, 0, 1, 3, 0, 0, 1, 0, 2, 0, 0, 0, 0, 0, 1, 0, 1, 0, 1, 1, 0, 2, 0, 2, 0, 0, 0, 0, 0, 2, 0, 0, 1, 0, 0, 1, 0, 0, 3, 0, 0, 1, 2, 0, 0, 0, 0, 0, 3, 1, 0, 1, 1, 3, 0, 2, 0, 0, 0, 0],882.9438068981488,49811.41861925377,107369.92734801112,false
30,G3_TWC,G3_TWC,[31, 22, 82, 15, 26, 58, 95, 42, 77, 12, 47, 5, 93, 78, 98, 54, 85, 63, 18, 44, 20, 35, 43, 97, 91, 76, 10, 30, 21, 45, 71, 64, 1, 23, 17, 83, 24, 14, 60, 36, 6, 57, 94, 88, 65, 56, 79, 40, 67, 68, 46, 75, 38, 9, 19, 32, 81, 41, 27, 62, 87, 90, 99, 59, 11, 16, 72, 73, 70, 39, 37, 84, 3, 92, 25, 55, 28, 29, 51, 7, 33, 61, 86, 66, 89, 50, 48, 96, 53, 8, 4, 80, 34, 49, 52, 0, 13, 2, 69, 74]|[1, 1, 0, 1, 1, 1, 2, 1, 2, 1, 2, 2, 2, 1, 1, 0, 0, 1, 0, 2, 2, 0, 1, 2, 0, 1, 2, 2, 0, 0, 1, 2, 1, 2, 1, 0, 2, 0, 1, 1, 0, 1, 1, 1, 0, 2, 1, 1, 0, 0, 0, 0, 1, 1, 2, 1, 2, 0, 0, 0, 2, 1, 0, 1, 2, 1, 2, 1, 1, 1, 1, 1, 2, 0, 1, 1, 0, 0, 0, 1, 2, 1, 0, 2, 1, 0, 0, 0, 0, 1, 0, 0, 2, 0, 1, 0, 0, 0, 1, 2]|[4, 3, 2, 2, 0, 0, 2, 2, 2, 4, 1, 1, 2, 4, 4, 1, 1, 4, 2, 1, 1, 1, 1, 2, 1, 2, 1, 1, 1, 1, 3, 2, 3, 0, 4, 0, 1, 1, 0, 3, 2, 2, 4, 0, 1, 1, 0, 2, 0, 1, 2, 2, 1, 4, 0, 3, 2, 1, 1, 2, 1, 3, 1, 1, 1, 3, 0, 4, 3, 1, 4, 1, 1, 2, 4, 4, 2, 1, 1, 3, 1, 3, 1, 1, 1, 1, 1, 1, 2, 3, 2, 1, 1, 1, 1, 2, 2, 2, 3, 1]|[0, 2, 1, 1, 3, 3, 0, 1, 0, 0, 0, 0, 1, 0, 1, 0, 0, 3, 1, 0, 0, 0, 3, 1, 0, 2, 0, 0, 0, 1, 0, 0, 0, 0, 3, 0, 1, 0, 0, 2, 1, 1, 2, 0, 0, 0, 0, 1, 1, 0, 0, 0, 1, 3, 0, 0, 1, 0, 0, 1, 0, 2, 0, 1, 0, 2, 1, 0, 0, 1, 1, 3, 0, 1, 3, 3, 1, 0, 0, 2, 0, 0, 0, 0, 1, 0, 0, 0, 1, 2, 1, 0, 0, 1, 1, 0, 0, 0, 0, 0],790.0808266764368,57926.0831962336,89131.00769295532,false
30,G1_CMAX,G1_CMAX,[31, 22, 82, 15, 26, 99, 95, 42, 77, 12, 47, 5, 93, 78, 86, 54, 21, 63, 18, 44, 20, 35, 43, 97, 91, 76, 10, 30, 85, 45, 71, 64, 1, 23, 17, 83, 24, 14, 60, 36, 6, 57, 40, 88, 65, 56, 79, 94, 67, 68, 46, 75, 38, 9, 19, 32, 41, 81, 27, 87, 90, 58, 59, 11, 16, 72, 73, 70, 39, 37, 84, 3, 92, 25, 55, 48, 62, 29, 51, 96, 33, 61, 98, 28, 89, 50, 4, 7, 53, 80, 52, 66, 34, 49, 8, 0, 74, 69, 2, 13]|[1, 1, 0, 1, 1, 0, 1, 1, 2, 1, 2, 2, 2, 1, 1, 0, 0, 1, 0, 2, 2, 0, 1, 2, 0, 1, 2, 2, 0, 0, 1, 2, 1, 2, 1, 0, 2, 0, 1, 1, 0, 1, 1, 1, 0, 2, 1, 1, 0, 0, 0, 0, 1, 1, 2, 1, 0, 2, 0, 2, 1, 0, 1, 2, 1, 2, 1, 1, 1, 1, 1, 1, 0, 1, 2, 0, 0, 0, 0, 2, 2, 1, 2, 0, 1, 0, 1, 2, 0, 0, 1, 2, 2, 0, 1, 0, 2, 1, 0, 0]|[0, 3, 2, 2, 4, 1, 2, 3, 2, 4, 1, 1, 2, 4, 4, 1, 1, 4, 2, 1, 1, 1, 1, 2, 1, 2, 1, 1, 2, 1, 3, 2, 3, 1, 4, 0, 1, 1, 0, 3, 2, 2, 2, 0, 1, 1, 0, 4, 0, 1, 2, 2, 1, 4, 0, 3, 1, 1, 1, 1, 3, 1, 1, 1, 3, 0, 4, 3, 1, 4, 1, 1, 0, 4, 1, 1, 2, 1, 1, 1, 1, 3, 1, 2, 1, 1, 4, 1, 2, 1, 1, 1, 1, 1, 3, 2, 1, 4, 2, 2]|[0, 2, 1, 1, 3, 0, 1, 3, 0, 0, 0, 0, 1, 0, 1, 0, 0, 3, 1, 0, 0, 0, 3, 1, 0, 2, 0, 0, 0, 1, 0, 0, 0, 0, 3, 0, 1, 0, 0, 2, 1, 1, 1, 0, 0, 0, 0, 2, 1, 0, 0, 0, 1, 3, 0, 0, 0, 0, 0, 0, 2, 0, 1, 0, 2, 1, 0, 0, 1, 1, 3, 1, 1, 3, 0, 0, 1, 0, 0, 0, 0, 0, 0, 1, 1, 0, 0, 0, 1, 0, 1, 0, 0, 1, 2, 0, 0, 2, 0, 0],731.2476204416437,56784.74762275103,92889.2977037672,false
30,G4_BALANCED,G4_BALANCED,[31, 11, 15, 82, 26, 9, 95, 32, 77, 68, 47, 5, 93, 78, 86, 54, 85, 63, 18, 44, 20, 49, 36, 14, 74, 50, 53, 17, 21, 45, 71, 64, 3, 23, 30, 83, 24, 41, 60, 52, 65, 27, 90, 70, 39, 87, 48, 69, 99, 4, 46, 1, 13, 58, 97, 59, 28, 75, 73, 37, 35, 40, 22, 66, 76, 42, 79, 80, 96, 6, 16, 61, 33, 7, 57, 34, 12, 67, 10, 98, 88, 56, 29, 8, 91, 38, 72, 92, 43, 84, 51, 19, 81, 25, 2, 55, 94, 89, 62, 0]|[2, 1, 1, 1, 1, 2, 1, 1, 1, 1, 1, 0, 2, 2, 1, 2, 0, 0, 0, 2, 2, 1, 0, 2, 0, 2, 2, 1, 0, 1, 1, 1, 0, 0, 1, 0, 2, 1, 2, 2, 0, 0, 1, 1, 0, 2, 0, 1, 1, 0, 0, 2, 0, 0, 2, 0, 1, 0, 0, 0, 1, 2, 0, 2, 2, 0, 1, 2, 0, 1, 2, 1, 1, 2, 0, 1, 1, 1, 1, 2, 2, 2, 1, 1, 1, 0, 1, 0, 1, 0, 1, 1, 1, 1, 2, 0, 2, 1, 1, 0]|[0, 3, 2, 3, 4, 1, 4, 4, 2, 4, 3, 2, 1, 0, 2, 1, 1, 1, 2, 1, 1, 3, 0, 1, 0, 1, 1, 4, 1, 4, 3, 2, 2, 0, 4, 1, 1, 4, 0, 1, 2, 1, 4, 4, 1, 1, 0, 4, 3, 1, 2, 1, 2, 1, 1, 2, 4, 2, 0, 2, 3, 0, 1, 0, 1, 2, 3, 1, 2, 4, 1, 3, 4, 1, 2, 4, 3, 3, 3, 1, 1, 1, 3, 3, 3, 2, 4, 2, 4, 2, 3, 4, 1, 4, 1, 2, 1, 4, 3, 2]|[0, 2, 1, 0, 3, 0, 1, 3, 0, 0, 2, 0, 1, 0, 1, 0, 0, 0, 1, 0, 0, 2, 0, 0, 1, 0, 0, 3, 0, 1, 0, 2, 0, 1, 3, 0, 1, 3, 1, 0, 0, 0, 1, 3, 0, 0, 1, 1, 2, 0, 0, 0, 0, 0, 1, 0, 1, 0, 1, 1, 0, 0, 0, 0, 0, 0, 2, 0, 0, 2, 0, 0, 1, 0, 0, 1, 0, 0, 3, 0, 0, 0, 0, 0, 0, 0, 2, 0, 2, 0, 0, 1, 1, 3, 0, 0, 0, 1, 0, 0],886.5266578569763,51989.75967332948,105039.51838824725,false
30,G2_TEC,G2_TEC,[31, 22, 82, 15, 26, 9, 95, 42, 77, 68, 47, 5, 93, 78, 86, 54, 85, 63, 18, 44, 20, 49, 36, 14, 74, 50, 53, 17, 21, 28, 11, 64, 3, 23, 30, 83, 24, 41, 40, 52, 65, 27, 90, 70, 39, 87, 48, 69, 99, 4, 46, 1, 13, 58, 97, 59, 45, 8, 73, 37, 35, 79, 71, 66, 76, 32, 60, 80, 96, 6, 16, 61, 33, 7, 57, 34, 12, 67, 10, 98, 56, 88, 43, 75, 91, 38, 84, 92, 29, 19, 51, 72, 89, 25, 2, 81, 94, 55, 62, 0]|[2, 1, 2, 1, 1, 2, 1, 1, 1, 1, 1, 0, 2, 2, 1, 2, 0, 0, 0, 2, 2, 1, 0, 2, 0, 2, 2, 1, 0, 1, 1, 1, 0, 0, 1, 0, 2, 1, 2, 2, 0, 0, 1, 1, 0, 2, 0, 2, 1, 0, 0, 2, 0, 0, 2, 0, 1, 1, 0, 0, 2, 1, 1, 1, 2, 0, 2, 2, 0, 1, 2, 1, 1, 2, 0, 1, 2, 1, 1, 2, 2, 1, 1, 0, 1, 0, 0, 0, 1, 1, 1, 1, 1, 1, 2, 1, 2, 0, 1, 0]|[0, 3, 0, 3, 4, 1, 4, 4, 2, 4, 3, 2, 1, 0, 2, 1, 1, 1, 2, 1, 1, 3, 0, 1, 0, 1, 1, 4, 1, 4, 3, 2, 2, 0, 4, 1, 1, 4, 1, 1, 2, 1, 4, 4, 1, 1, 0, 2, 3, 2, 2, 1, 2, 1, 1, 2, 4, 3, 0, 2, 2, 3, 3, 1, 1, 2, 1, 1, 2, 4, 1, 3, 4, 1, 2, 4, 1, 3, 3, 1, 1, 4, 4, 2, 3, 2, 2, 2, 3, 4, 3, 4, 4, 4, 1, 4, 1, 2, 3, 2]|[0, 2, 0, 0, 3, 0, 1, 3, 0, 0, 2, 0, 1, 0, 1, 0, 0, 0, 1, 0, 0, 2, 0, 0, 1, 0, 0, 3, 0, 1, 0, 2, 0, 0, 3, 0, 1, 1, 0, 0, 0, 0, 1, 3, 0, 0, 1, 0, 2, 0, 0, 0, 0, 0, 1, 0, 1, 0, 1, 1, 0, 2, 0, 2, 0, 0, 0, 0, 0, 2, 0, 0, 1, 0, 0, 1, 0, 0, 3, 0, 0, 1, 2, 0, 0, 0, 0, 0, 3, 1, 0, 1, 1, 3, 0, 2, 0, 0, 0, 0],882.9438068981488,49811.41861925377,107369.92734801112,false
30,G3_TWC,G3_TWC,[31, 22, 82, 15, 26, 58, 95, 42, 77, 12, 47, 5, 93, 78, 98, 54, 85, 63, 18, 44, 20, 35, 43, 97, 91, 76, 10, 30, 21, 45, 71, 64, 1, 23, 17, 83, 24, 14, 60, 36, 6, 57, 94, 88, 65, 56, 79, 40, 67, 68, 46, 75, 38, 9, 19, 32, 81, 41, 27, 62, 87, 90, 99, 59, 11, 16, 72, 73, 70, 39, 37, 84, 3, 92, 25, 55, 28, 29, 51, 7, 33, 61, 86, 66, 89, 50, 48, 96, 53, 8, 4, 80, 34, 49, 52, 0, 13, 2, 69, 74]|[1, 1, 0, 1, 1, 1, 2, 1, 2, 1, 2, 2, 2, 1, 1, 0, 0, 1, 0, 2, 2, 0, 1, 2, 0, 1, 2, 2, 0, 0, 1, 2, 1, 2, 1, 0, 2, 0, 1, 1, 0, 1, 1, 1, 0, 2, 1, 1, 0, 0, 0, 0, 1, 1, 2, 1, 2, 0, 0, 0, 2, 1, 0, 1, 2, 1, 2, 1, 1, 1, 1, 1, 2, 0, 1, 1, 0, 0, 0, 1, 2, 1, 0, 2, 1, 0, 0, 0, 0, 1, 0, 0, 2, 0, 1, 0, 0, 0, 1, 2]|[4, 3, 2, 2, 0, 0, 2, 2, 2, 4, 1, 1, 2, 4, 4, 1, 1, 4, 2, 1, 1, 1, 1, 2, 1, 2, 1, 1, 1, 1, 3, 2, 3, 0, 4, 0, 1, 1, 0, 3, 2, 2, 4, 0, 1, 1, 0, 2, 0, 1, 2, 2, 1, 4, 0, 3, 2, 1, 1, 2, 1, 3, 1, 1, 1, 3, 0, 4, 3, 1, 4, 1, 1, 2, 4, 4, 2, 1, 1, 3, 1, 3, 1, 1, 1, 1, 1, 1, 2, 3, 2, 1, 1, 1, 1, 2, 2, 2, 3, 1]|[0, 2, 1, 1, 3, 3, 0, 1, 0, 0, 0, 0, 1, 0, 1, 0, 0, 3, 1, 0, 0, 0, 3, 1, 0, 2, 0, 0, 0, 1, 0, 0, 0, 0, 3, 0, 1, 0, 0, 2, 1, 1, 2, 0, 0, 0, 0, 1, 1, 0, 0, 0, 1, 3, 0, 0, 1, 0, 0, 1, 0, 2, 0, 1, 0, 2, 1, 0, 0, 1, 1, 3, 0, 1, 3, 3, 1, 0, 0, 2, 0, 0, 0, 0, 1, 0, 0, 0, 1, 2, 1, 0, 0, 1, 1, 0, 0, 0, 0, 0],790.0808266764368,57926.0831962336,89131.00769295532,false
30,G1_CMAX,G1_CMAX,[31, 22, 82, 15, 26, 99, 95, 42, 77, 12, 47, 5, 93, 78, 86, 54, 21, 63, 18, 44, 20, 35, 43, 97, 91, 76, 10, 30, 85, 45, 71, 64, 1, 23, 17, 83, 24, 14, 60, 36, 6, 57, 40, 88, 65, 56, 79, 94, 67, 68, 46, 75, 38, 9, 19, 32, 41, 81, 27, 87, 90, 58, 59, 11, 16, 72, 73, 70, 39, 37, 84, 3, 92, 25, 55, 48, 62, 29, 51, 96, 33, 61, 98, 28, 89, 50, 4, 7, 53, 80, 52, 66, 34, 49, 8, 0, 74, 69, 2, 13]|[1, 1, 0, 1, 1, 0, 1, 1, 2, 1, 2, 2, 2, 1, 1, 0, 0, 1, 0, 2, 2, 0, 1, 2, 0, 1, 2, 2, 0, 0, 1, 2, 1, 2, 1, 0, 2, 0, 1, 1, 0, 1, 1, 1, 0, 2, 1, 1, 0, 0, 0, 0, 1, 1, 2, 1, 0, 2, 0, 2, 1, 0, 1, 2, 1, 2, 1, 1, 1, 1, 1, 1, 0, 1, 2, 0, 0, 0, 0, 2, 2, 1, 2, 0, 1, 0, 1, 2, 0, 0, 1, 2, 2, 0, 1, 0, 2, 1, 0, 0]|[0, 3, 2, 2, 4, 1, 2, 3, 2, 4, 1, 1, 2, 4, 4, 1, 1, 4, 2, 1, 1, 1, 1, 2, 1, 2, 1, 1, 2, 1, 3, 2, 3, 1, 4, 0, 1, 1, 0, 3, 2, 2, 2, 0, 1, 1, 0, 4, 0, 1, 2, 2, 1, 4, 0, 3, 1, 1, 1, 1, 3, 1, 1, 1, 3, 0, 4, 3, 1, 4, 1, 1, 0, 4, 1, 1, 2, 1, 1, 1, 1, 3, 1, 2, 1, 1, 4, 1, 2, 1, 1, 1, 1, 1, 3, 2, 1, 4, 2, 2]|[0, 2, 1, 1, 3, 0, 1, 3, 0, 0, 0, 0, 1, 0, 1, 0, 0, 3, 1, 0, 0, 0, 3, 1, 0, 2, 0, 0, 0, 1, 0, 0, 0, 0, 3, 0, 1, 0, 0, 2, 1, 1, 1, 0, 0, 0, 0, 2, 1, 0, 0, 0, 1, 3, 0, 0, 0, 0, 0, 0, 2, 0, 1, 0, 2, 1, 0, 0, 1, 1, 3, 1, 1, 3, 0, 0, 1, 0, 0, 0, 0, 0, 0, 1, 1, 0, 0, 0, 1, 0, 1, 0, 0, 1, 2, 0, 0, 2, 0, 0],731.2476204416437,56784.74762275103,92889.2977037672,false
30,G4_BALANCED,G4_BALANCED,[31, 22, 82, 15, 26, 58, 95, 42, 77, 12, 47, 5, 93, 78, 86, 54, 85, 63, 18, 44, 20, 35, 43, 97, 66, 76, 10, 30, 21, 45, 71, 64, 1, 23, 17, 83, 24, 14, 60, 36, 6, 57, 40, 88, 65, 56, 79, 94, 67, 68, 46, 75, 38, 9, 19, 32, 81, 41, 27, 62, 87, 90, 99, 59, 11, 16, 72, 73, 70, 39, 37, 84, 3, 92, 25, 55, 29, 28, 51, 7, 33, 61, 48, 98, 89, 50, 4, 96, 53, 80, 8, 91, 69, 0, 52, 49, 74, 34, 2, 13]|[1, 1, 0, 1, 1, 0, 1, 2, 2, 1, 2, 2, 2, 1, 1, 0, 0, 1, 0, 2, 2, 0, 1, 2, 2, 1, 2, 2, 0, 0, 1, 2, 1, 2, 1, 0, 2, 0, 1, 1, 0, 1, 1, 1, 0, 2, 2, 1, 0, 0, 0, 0, 1, 1, 2, 1, 0, 0, 0, 0, 2, 1, 0, 1, 2, 1, 2, 1, 1, 1, 1, 1, 1, 0, 1, 2, 0, 0, 0, 1, 2, 1, 0, 2, 1, 0, 1, 2, 0, 0, 1, 0, 1, 0, 1, 0, 2, 2, 0, 0]|[4, 3, 2, 2, 4, 1, 2, 2, 2, 4, 1, 1, 2, 4, 4, 1, 2, 4, 2, 1, 1, 1, 1, 2, 1, 2, 1, 1, 1, 1, 3, 1, 3, 1, 4, 0, 1, 1, 0, 3, 2, 2, 2, 0, 1, 1, 1, 4, 0, 1, 2, 2, 1, 4, 0, 3, 1, 1, 1, 2, 1, 3, 1, 1, 1, 3, 0, 4, 3, 1, 4, 1, 1, 2, 4, 1, 1, 2, 1, 1, 1, 3, 1, 1, 1, 1, 4, 1, 2, 1, 3, 1, 3, 2, 1, 1, 1, 1, 2, 2]|[0, 2, 1, 1, 3, 0, 1, 0, 0, 0, 0, 0, 1, 0, 1, 0, 0, 3, 1, 0, 0, 0, 3, 1, 0, 2, 0, 0, 0, 0, 0, 0, 0, 0, 3, 0, 1, 0, 0, 2, 1, 1, 1, 0, 0, 0, 0, 2, 1, 0, 0, 0, 1, 3, 0, 0, 0, 0, 0, 1, 0, 2, 0, 1, 0, 2, 1, 0, 0, 1, 1, 3, 1, 1, 3, 0, 0, 1, 0, 2, 0, 0, 0, 0, 1, 0, 0, 0, 1, 0, 2, 0, 0, 0, 1, 1, 0, 0, 0, 0],798.7087184154349,55419.596325136656,95720.286365365,false
30,G2_TEC,G2_TEC,[31, 22, 82, 15, 26, 9, 95, 42, 77, 68, 47, 5, 93, 78, 86, 54, 85, 63, 18, 44, 20, 49, 36, 14, 74, 50, 53, 17, 21, 28, 11, 64, 3, 23, 30, 83, 24, 41, 40, 52, 65, 27, 90, 70, 39, 87, 48, 69, 99, 4, 46, 1, 13, 58, 97, 59, 45, 8, 73, 37, 35, 79, 71, 66, 76, 32, 60, 80, 96, 6, 16, 61, 33, 7, 57, 34, 12, 67, 10, 98, 56, 88, 43, 75, 91, 38, 84, 92, 29, 19, 51, 72, 89, 25, 2, 81, 94, 55, 62, 0]|[2, 1, 2, 1, 1, 2, 1, 1, 1, 1, 1, 0, 2, 2, 1, 2, 0, 0, 0, 2, 2, 1, 0, 2, 0, 2, 2, 1, 0, 1, 1, 1, 0, 0, 1, 0, 2, 1, 2, 2, 0, 0, 1, 1, 0, 2, 0, 2, 1, 0, 0, 2, 0, 0, 2, 0, 1, 1, 0, 0, 2, 1, 1, 1, 2, 0, 2, 2, 0, 1, 2, 1, 1, 2, 0, 1, 2, 1, 1, 2, 2, 1, 1, 0, 1, 0, 0, 0, 1, 1, 1, 1, 1, 1, 2, 1, 2, 0, 1, 0]|[0, 3, 0, 3, 4, 1, 4, 4, 2, 4, 3, 2, 1, 0, 2, 1, 1, 1, 2, 1, 1, 3, 0, 1, 0, 1, 1, 4, 1, 4, 3, 2, 2, 0, 4, 1, 1, 4, 1, 1, 2, 1, 4, 4, 1, 1, 0, 2, 3, 2, 2, 1, 2, 1, 1, 2, 4, 3, 0, 2, 2, 3, 3, 1, 1, 2, 1, 1, 2, 4, 1, 3, 4, 1, 2, 4, 1, 3, 3, 1, 1, 4, 4, 2, 3, 2, 2, 2, 3, 4, 3, 4, 4, 4, 1, 4, 1, 2, 3, 2]|[0, 2, 0, 0, 3, 0, 1, 3, 0, 0, 2, 0, 1, 0, 1, 0, 0, 0, 1, 0, 0, 2, 0, 0, 1, 0, 0, 3, 0, 1, 0, 2, 0, 0, 3, 0, 1, 1, 0, 0, 0, 0, 1, 3, 0, 0, 1, 0, 2, 0, 0, 0, 0, 0, 1, 0, 1, 0, 1, 1, 0, 2, 0, 2, 0, 0, 0, 0, 0, 2, 0, 0, 1, 0, 0, 1, 0, 0, 3, 0, 0, 1, 2, 0, 0, 0, 0, 0, 3, 1, 0, 1, 1, 3, 0, 2, 0, 0, 0, 0],882.9438068981488,49811.41861925377,107369.92734801112,false
30,G3_TWC,G3_TWC,[31, 22, 42, 82, 15, 26, 58, 95, 77, 12, 47, 5, 93, 78, 98, 54, 85, 63, 18, 44, 20, 35, 43, 97, 91, 76, 10, 30, 21, 45, 71, 64, 1, 23, 17, 83, 24, 14, 60, 36, 6, 57, 94, 88, 65, 84, 79, 40, 67, 68, 46, 75, 38, 9, 19, 32, 81, 41, 27, 62, 87, 90, 99, 59, 11, 16, 72, 73, 70, 39, 37, 56, 3, 92, 25, 55, 28, 29, 51, 7, 33, 61, 86, 66, 89, 50, 48, 96, 53, 8, 80, 4, 34, 49, 52, 0, 13, 2, 69, 74]|[1, 1, 1, 0, 1, 1, 1, 2, 2, 1, 2, 2, 2, 1, 1, 0, 0, 1, 0, 2, 2, 0, 1, 2, 0, 1, 2, 2, 0, 0, 1, 2, 1, 2, 1, 0, 2, 0, 1, 1, 0, 1, 1, 1, 0, 2, 1, 1, 0, 0, 0, 0, 1, 1, 2, 1, 2, 0, 0, 0, 2, 1, 0, 1, 2, 1, 2, 1, 1, 1, 1, 1, 1, 0, 1, 1, 0, 0, 0, 1, 2, 1, 0, 2, 1, 0, 0, 0, 0, 1, 0, 0, 2, 0, 1, 0, 0, 0, 1, 2]|[2, 4, 3, 2, 2, 0, 0, 2, 2, 4, 1, 1, 2, 4, 4, 1, 2, 4, 2, 1, 1, 1, 1, 2, 1, 2, 1, 1, 1, 1, 3, 2, 3, 0, 4, 0, 1, 1, 0, 3, 2, 2, 4, 0, 1, 1, 0, 2, 0, 1, 2, 2, 1, 4, 0, 3, 2, 1, 1, 2, 1, 3, 1, 1, 1, 3, 0, 4, 3, 1, 4, 1, 1, 2, 4, 4, 2, 1, 1, 1, 1, 3, 1, 1, 1, 1, 1, 1, 2, 3, 1, 2, 1, 1, 1, 2, 2, 2, 3, 1]|[1, 0, 2, 1, 1, 3, 3, 0, 0, 0, 0, 0, 1, 0, 1, 0, 0, 3, 1, 0, 0, 0, 3, 1, 0, 2, 0, 0, 0, 1, 0, 0, 0, 0, 3, 0, 1, 0, 0, 2, 1, 1, 2, 0, 0, 0, 0, 1, 1, 0, 0, 0, 1, 3, 0, 0, 1, 0, 0, 1, 0, 2, 0, 1, 0, 2, 1, 0, 0, 1, 1, 3, 1, 1, 3, 3, 1, 0, 0, 2, 0, 0, 0, 0, 1, 0, 0, 0, 1, 2, 0, 1, 0, 1, 1, 0, 0, 0, 0, 0],802.1274951829081,57743.88831554265,90078.74998510967,false
30,G1_CMAX,G1_CMAX,[31, 22, 82, 15, 26, 99, 95, 42, 77, 12, 47, 5, 93, 78, 86, 54, 21, 63, 18, 44, 20, 35, 43, 97, 91, 76, 10, 30, 85, 45, 71, 64, 1, 23, 17, 83, 24, 14, 60, 36, 6, 57, 40, 88, 65, 56, 79, 94, 67, 68, 46, 75, 38, 9, 19, 32, 41, 81, 27, 87, 90, 58, 59, 11, 16, 72, 73, 70, 39, 37, 84, 3, 92, 25, 55, 48, 62, 29, 51, 96, 33, 61, 98, 28, 89, 50, 4, 7, 53, 80, 52, 66, 34, 49, 8, 0, 74, 69, 2, 13]|[1, 1, 0, 1, 1, 0, 1, 1, 2, 1, 2, 2, 2, 1, 1, 0, 0, 1, 0, 2, 2, 0, 1, 2, 0, 1, 2, 2, 0, 0, 1, 2, 1, 2, 1, 0, 2, 0, 1, 1, 0, 1, 1, 1, 0, 2, 1, 1, 0, 0, 0, 0, 1, 1, 2, 1, 0, 2, 0, 2, 1, 0, 1, 2, 1, 2, 1, 1, 1, 1, 1, 1, 0, 1, 2, 0, 0, 0, 0, 2, 2, 1, 2, 0, 1, 0, 1, 2, 0, 0, 1, 2, 2, 0, 1, 0, 2, 1, 0, 0]|[0, 3, 2, 2, 4, 1, 2, 3, 2, 4, 1, 1, 2, 4, 4, 1, 1, 4, 2, 1, 1, 1, 1, 2, 1, 2, 1, 1, 2, 1, 3, 2, 3, 1, 4, 0, 1, 1, 0, 3, 2, 2, 2, 0, 1, 1, 0, 4, 0, 1, 2, 2, 1, 4, 0, 3, 1, 1, 1, 1, 3, 1, 1, 1, 3, 0, 4, 3, 1, 4, 1, 1, 0, 4, 1, 1, 2, 1, 1, 1, 1, 3, 1, 2, 1, 1, 4, 1, 2, 1, 1, 1, 1, 1, 3, 2, 1, 4, 2, 2]|[0, 2, 1, 1, 3, 0, 1, 3, 0, 0, 0, 0, 1, 0, 1, 0, 0, 3, 1, 0, 0, 0, 3, 1, 0, 2, 0, 0, 0, 1, 0, 0, 0, 0, 3, 0, 1, 0, 0, 2, 1, 1, 1, 0, 0, 0, 0, 2, 1, 0, 0, 0, 1, 3, 0, 0, 0, 0, 0, 0, 2, 0, 1, 0, 2, 1, 0, 0, 1, 1, 3, 1, 1, 3, 0, 0, 1, 0, 0, 0, 0, 0, 0, 1, 1, 0, 0, 0, 1, 0, 1, 0, 0, 1, 2, 0, 0, 2, 0, 0],731.2476204416437,56784.74762275103,92889.2977037672,false
30,G4_BALANCED,G4_BALANCED,[31, 11, 15, 82, 26, 9, 95, 32, 77, 68, 47, 5, 93, 78, 86, 54, 85, 63, 18, 44, 20, 49, 36, 14, 74, 50, 53, 17, 21, 45, 71, 64, 3, 23, 30, 83, 24, 41, 60, 52, 65, 27, 90, 70, 39, 87, 48, 69, 99, 4, 46, 1, 13, 58, 19, 59, 28, 8, 73, 37, 35, 79, 22, 66, 76, 42, 40, 80, 96, 6, 16, 61, 33, 7, 57, 34, 12, 67, 10, 98, 56, 88, 43, 75, 91, 38, 84, 92, 29, 97, 2, 72, 89, 55, 51, 81, 94, 25, 62, 0]|[2, 1, 1, 2, 1, 2, 1, 1, 1, 1, 1, 0, 2, 2, 1, 2, 0, 0, 0, 2, 2, 1, 0, 2, 0, 2, 2, 1, 0, 1, 1, 1, 0, 0, 1, 0, 2, 1, 2, 2, 0, 0, 1, 1, 0, 2, 0, 2, 1, 0, 0, 2, 0, 0, 1, 0, 1, 1, 0, 0, 2, 1, 1, 1, 2, 0, 2, 2, 0, 1, 2, 1, 1, 2, 0, 1, 1, 1, 1, 2, 2, 1, 0, 0, 1, 0, 0, 0, 1, 2, 2, 1, 1, 0, 1, 1, 2, 1, 1, 0]|[1, 3, 2, 0, 4, 1, 4, 4, 2, 4, 3, 2, 1, 0, 2, 1, 1, 1, 2, 1, 1, 3, 0, 1, 0, 1, 1, 4, 1, 4, 3, 2, 2, 0, 4, 1, 1, 4, 0, 1, 2, 1, 4, 4, 1, 1, 0, 2, 3, 2, 2, 1, 2, 1, 4, 2, 4, 3, 0, 2, 2, 3, 3, 1, 1, 2, 1, 1, 2, 4, 1, 3, 4, 1, 2, 4, 3, 3, 3, 1, 1, 4, 2, 2, 3, 2, 2, 2, 3, 1, 1, 4, 4, 2, 3, 4, 1, 4, 3, 2]|[1, 2, 1, 0, 3, 0, 1, 3, 0, 0, 2, 0, 1, 0, 1, 0, 0, 0, 1, 0, 0, 2, 0, 0, 1, 0, 0, 3, 0, 1, 0, 2, 0, 1, 3, 0, 1, 3, 1, 0, 0, 0, 1, 3, 0, 0, 1, 0, 2, 0, 0, 0, 0, 0, 3, 0, 1, 0, 1, 1, 0, 2, 2, 2, 0, 0, 0, 0, 0, 2, 0, 0, 1, 0, 0, 1, 0, 0, 3, 0, 0, 1, 0, 0, 0, 0, 0, 0, 3, 1, 0, 1, 1, 0, 0, 2, 0, 3, 0, 0],858.8881956416172,51586.527832371234,105905.1676700922,false
30,G2_TEC,G2_TEC,[31, 22, 82, 15, 26, 9, 95, 42, 77, 68, 47, 5, 93, 78, 86, 54, 85, 63, 18, 44, 20, 49, 36, 14, 74, 50, 53, 17, 21, 28, 11, 64, 3, 23, 30, 83, 24, 41, 40, 52, 65, 27, 90, 70, 39, 87, 48, 69, 99, 4, 46, 1, 13, 58, 97, 59, 45, 8, 73, 37, 35, 79, 71, 66, 76, 32, 60, 80, 96, 6, 16, 61, 33, 7, 57, 34, 12, 67, 10, 98, 56, 88, 43, 75, 91, 38, 84, 92, 29, 19, 51, 72, 89, 25, 2, 81, 94, 55, 62, 0]|[2, 1, 2, 1, 1, 2, 1, 1, 1, 1, 1, 0, 2, 2, 1, 2, 0, 0, 0, 2, 2, 1, 0, 2, 0, 2, 2, 1, 0, 1, 1, 1, 0, 0, 1, 0, 2, 1, 2, 2, 0, 0, 1, 1, 0, 2, 0, 2, 1, 0, 0, 2, 0, 0, 2, 0, 1, 1, 0, 0, 2, 1, 1, 1, 2, 0, 2, 2, 0, 1, 2, 1, 1, 2, 0, 1, 2, 1, 1, 2, 2, 1, 1, 0, 1, 0, 0, 0, 1, 1, 1, 1, 1, 1, 2, 1, 2, 0, 1, 0]|[0, 3, 0, 3, 4, 1, 4, 4, 2, 4, 3, 2, 1, 0, 2, 1, 1, 1, 2, 1, 1, 3, 0, 1, 0, 1, 1, 4, 1, 4, 3, 2, 2, 0, 4, 1, 1, 4, 1, 1, 2, 1, 4, 4, 1, 1, 0, 2, 3, 2, 2, 1, 2, 1, 1, 2, 4, 3, 0, 2, 2, 3, 3, 1, 1, 2, 1, 1, 2, 4, 1, 3, 4, 1, 2, 4, 1, 3, 3, 1, 1, 4, 4, 2, 3, 2, 2, 2, 3, 4, 3, 4, 4, 4, 1, 4, 1, 2, 3, 2]|[0, 2, 0, 0, 3, 0, 1, 3, 0, 0, 2, 0, 1, 0, 1, 0, 0, 0, 1, 0, 0, 2, 0, 0, 1, 0, 0, 3, 0, 1, 0, 2, 0, 0, 3, 0, 1, 1, 0, 0, 0, 0, 1, 3, 0, 0, 1, 0, 2, 0, 0, 0, 0, 0, 1, 0, 1, 0, 1, 1, 0, 2, 0, 2, 0, 0, 0, 0, 0, 2, 0, 0, 1, 0, 0, 1, 0, 0, 3, 0, 0, 1, 2, 0, 0, 0, 0, 0, 3, 1, 0, 1, 1, 3, 0, 2, 0, 0, 0, 0],882.9438068981488,49811.41861925377,107369.92734801112,false
30,G3_TWC,G3_TWC,[31, 22, 82, 15, 26, 58, 95, 42, 77, 12, 47, 5, 93, 78, 98, 54, 85, 63, 18, 44, 20, 35, 43, 97, 91, 76, 10, 30, 21, 45, 71, 64, 1, 23, 17, 83, 24, 14, 60, 36, 6, 57, 94, 88, 65, 56, 79, 40, 67, 68, 46, 75, 38, 9, 19, 32, 81, 41, 27, 62, 87, 90, 99, 59, 11, 16, 72, 73, 70, 39, 37, 84, 3, 92, 25, 55, 28, 29, 51, 7, 33, 61, 86, 66, 89, 50, 48, 96, 53, 8, 4, 80, 34, 49, 52, 0, 13, 2, 69, 74]|[1, 1, 0, 1, 1, 1, 2, 1, 2, 1, 2, 2, 2, 1, 1, 0, 0, 1, 0, 2, 2, 0, 1, 2, 0, 1, 2, 2, 0, 0, 1, 2, 1, 2, 1, 0, 2, 0, 1, 1, 0, 1, 1, 1, 0, 2, 1, 1, 0, 0, 0, 0, 1, 1, 2, 1, 2, 0, 0, 0, 2, 1, 0, 1, 2, 1, 2, 1, 1, 1, 1, 1, 2, 0, 1, 1, 0, 0, 0, 1, 2, 1, 0, 2, 1, 0, 0, 0, 0, 1, 0, 0, 2, 0, 1, 0, 0, 0, 1, 2]|[4, 3, 2, 2, 0, 0, 2, 2, 2, 4, 1, 1, 2, 4, 4, 1, 1, 4, 2, 1, 1, 1, 1, 2, 1, 2, 1, 1, 1, 1, 3, 2, 3, 0, 4, 0, 1, 1, 0, 3, 2, 2, 4, 0, 1, 1, 0, 2, 0, 1, 2, 2, 1, 4, 0, 3, 2, 1, 1, 2, 1, 3, 1, 1, 1, 3, 0, 4, 3, 1, 4, 1, 1, 2, 4, 4, 2, 1, 1, 3, 1, 3, 1, 1, 1, 1, 1, 1, 2, 3, 2, 1, 1, 1, 1, 2, 2, 2, 3, 1]|[0, 2, 1, 1, 3, 3, 0, 1, 0, 0, 0, 0, 1, 0, 1, 0, 0, 3, 1, 0, 0, 0, 3, 1, 0, 2, 0, 0, 0, 1, 0, 0, 0, 0, 3, 0, 1, 0, 0, 2, 1, 1, 2, 0, 0, 0, 0, 1, 1, 0, 0, 0, 1, 3, 0, 0, 1, 0, 0, 1, 0, 2, 0, 1, 0, 2, 1, 0, 0, 1, 1, 3, 0, 1, 3, 3, 1, 0, 0, 2, 0, 0, 0, 0, 1, 0, 0, 0, 1, 2, 1, 0, 0, 1, 1, 0, 0, 0, 0, 0],790.0808266764368,57926.0831962336,89131.00769295532,false
30,G1_CMAX,G1_CMAX,[31, 22, 82, 15, 26, 99, 95, 42, 77, 12, 47, 5, 93, 78, 86, 54, 21, 63, 18, 44, 20, 35, 43, 97, 91, 76, 10, 30, 85, 45, 71, 64, 1, 23, 17, 83, 24, 14, 60, 36, 6, 57, 40, 88, 65, 56, 79, 94, 67, 68, 46, 75, 38, 9, 19, 32, 41, 81, 27, 87, 90, 58, 59, 11, 16, 72, 73, 70, 39, 37, 84, 3, 92, 25, 55, 48, 62, 29, 51, 96, 33, 61, 98, 28, 89, 50, 4, 7, 53, 80, 52, 66, 34, 49, 8, 0, 74, 69, 2, 13]|[1, 1, 0, 1, 1, 0, 1, 1, 2, 1, 2, 2, 2, 1, 1, 0, 0, 1, 0, 2, 2, 0, 1, 2, 0, 1, 2, 2, 0, 0, 1, 2, 1, 2, 1, 0, 2, 0, 1, 1, 0, 1, 1, 1, 0, 2, 1, 1, 0, 0, 0, 0, 1, 1, 2, 1, 0, 2, 0, 2, 1, 0, 1, 2, 1, 2, 1, 1, 1, 1, 1, 1, 0, 1, 2, 0, 0, 0, 0, 2, 2, 1, 2, 0, 1, 0, 1, 2, 0, 0, 1, 2, 2, 0, 1, 0, 2, 1, 0, 0]|[0, 3, 2, 2, 4, 1, 2, 3, 2, 4, 1, 1, 2, 4, 4, 1, 1, 4, 2, 1, 1, 1, 1, 2, 1, 2, 1, 1, 2, 1, 3, 2, 3, 1, 4, 0, 1, 1, 0, 3, 2, 2, 2, 0, 1, 1, 0, 4, 0, 1, 2, 2, 1, 4, 0, 3, 1, 1, 1, 1, 3, 1, 1, 1, 3, 0, 4, 3, 1, 4, 1, 1, 0, 4, 1, 1, 2, 1, 1, 1, 1, 3, 1, 2, 1, 1, 4, 1, 2, 1, 1, 1, 1, 1, 3, 2, 1, 4, 2, 2]|[0, 2, 1, 1, 3, 0, 1, 3, 0, 0, 0, 0, 1, 0, 1, 0, 0, 3, 1, 0, 0, 0, 3, 1, 0, 2, 0, 0, 0, 1, 0, 0, 0, 0, 3, 0, 1, 0, 0, 2, 1, 1, 1, 0, 0, 0, 0, 2, 1, 0, 0, 0, 1, 3, 0, 0, 0, 0, 0, 0, 2, 0, 1, 0, 2, 1, 0, 0, 1, 1, 3, 1, 1, 3, 0, 0, 1, 0, 0, 0, 0, 0, 0, 1, 1, 0, 0, 0, 1, 0, 1, 0, 0, 1, 2, 0, 0, 2, 0, 0],731.2476204416437,56784.74762275103,92889.2977037672,false
30,G4_BALANCED,G4_BALANCED,[31, 11, 15, 82, 26, 9, 95, 32, 77, 68, 47, 5, 93, 78, 86, 54, 85, 63, 18, 44, 20, 49, 36, 14, 74, 50, 53, 17, 21, 45, 71, 64, 3, 23, 30, 83, 24, 41, 60, 52, 65, 27, 90, 70, 39, 87, 48, 69, 99, 4, 46, 1, 13, 58, 97, 59, 28, 75, 73, 37, 35, 98, 22, 66, 76, 42, 40, 80, 96, 6, 16, 61, 89, 7, 57, 34, 12, 67, 10, 79, 56, 88, 43, 8, 91, 38, 19, 92, 29, 84, 51, 72, 33, 25, 2, 55, 62, 81, 94, 0]|[2, 1, 1, 1, 1, 2, 1, 1, 1, 1, 1, 0, 2, 2, 1, 2, 0, 0, 0, 2, 2, 1, 0, 2, 0, 2, 2, 1, 0, 1, 1, 1, 0, 0, 1, 0, 2, 1, 2, 2, 0, 0, 1, 1, 0, 2, 0, 2, 1, 0, 0, 2, 0, 0, 2, 0, 1, 0, 0, 0, 2, 1, 0, 2, 2, 0, 2, 2, 0, 1, 2, 1, 1, 2, 0, 1, 1, 1, 1, 2, 2, 1, 1, 0, 1, 0, 1, 0, 1, 0, 1, 1, 1, 1, 2, 0, 1, 1, 2, 0]|[0, 3, 2, 3, 4, 1, 4, 4, 2, 4, 3, 2, 1, 0, 2, 1, 1, 1, 2, 1, 1, 3, 0, 1, 0, 1, 1, 4, 1, 4, 3, 2, 2, 0, 4, 1, 1, 4, 0, 1, 2, 1, 4, 4, 1, 1, 0, 2, 3, 2, 2, 1, 2, 1, 1, 2, 4, 2, 0, 2, 2, 3, 1, 0, 1, 2, 1, 1, 2, 4, 1, 3, 4, 1, 2, 4, 3, 3, 3, 1, 1, 4, 4, 2, 3, 2, 4, 2, 3, 2, 3, 4, 4, 4, 1, 2, 3, 1, 1, 2]|[0, 2, 1, 0, 3, 0, 1, 3, 0, 0, 2, 0, 1, 0, 1, 0, 0, 0, 1, 0, 0, 2, 0, 0, 1, 0, 0, 3, 0, 1, 0, 2, 0, 1, 3, 0, 1, 3, 1, 0, 0, 0, 1, 3, 0, 0, 1, 0, 2, 0, 0, 0, 0, 0, 1, 0, 1, 0, 1, 1, 0, 2, 0, 0, 0, 0, 0, 0, 0, 2, 0, 0, 1, 0, 0, 1, 0, 0, 3, 0, 0, 1, 2, 0, 0, 0, 1, 0, 3, 0, 0, 2, 1, 3, 0, 0, 0, 1, 0, 0],859.0185662211258,51452.04966736487,106354.60509939928,false
30,G2_TEC,G2_TEC,[31, 22, 82, 15, 26, 9, 95, 42, 77, 68, 47, 5, 93, 78, 86, 54, 85, 63, 18, 44, 20, 49, 36, 14, 74, 50, 53, 17, 21, 28, 11, 64, 3, 23, 30, 83, 24, 41, 40, 52, 65, 27, 90, 70, 39, 87, 48, 69, 99, 4, 46, 1, 13, 58, 97, 59, 45, 8, 73, 37, 35, 79, 71, 66, 76, 32, 60, 80, 96, 6, 16, 61, 33, 7, 57, 34, 12, 67, 10, 98, 56, 88, 43, 75, 91, 38, 84, 92, 29, 19, 51, 72, 89, 25, 2, 81, 94, 55, 62, 0]|[2, 1, 2, 1, 1, 2, 1, 1, 1, 1, 1, 0, 2, 2, 1, 2, 0, 0, 0, 2, 2, 1, 0, 2, 0, 2, 2, 1, 0, 1, 1, 1, 0, 0, 1, 0, 2, 1, 2, 2, 0, 0, 1, 1, 0, 2, 0, 2, 1, 0, 0, 2, 0, 0, 2, 0, 1, 1, 0, 0, 2, 1, 1, 1, 2, 0, 2, 2, 0, 1, 2, 1, 1, 2, 0, 1, 2, 1, 1, 2, 2, 1, 1, 0, 1, 0, 0, 0, 1, 1, 1, 1, 1, 1, 2, 1, 2, 0, 1, 0]|[0, 3, 0, 3, 4, 1, 4, 4, 2, 4, 3, 2, 1, 0, 2, 1, 1, 1, 2, 1, 1, 3, 0, 1, 0, 1, 1, 4, 1, 4, 3, 2, 2, 0, 4, 1, 1, 4, 1, 1, 2, 1, 4, 4, 1, 1, 0, 2, 3, 2, 2, 1, 2, 1, 1, 2, 4, 3, 0, 2, 2, 3, 3, 1, 1, 2, 1, 1, 2, 4, 1, 3, 4, 1, 2, 4, 1, 3, 3, 1, 1, 4, 4, 2, 3, 2, 2, 2, 3, 4, 3, 4, 4, 4, 1, 4, 1, 2, 3, 2]|[0, 2, 0, 0, 3, 0, 1, 3, 0, 0, 2, 0, 1, 0, 1, 0, 0, 0, 1, 0, 0, 2, 0, 0, 1, 0, 0, 3, 0, 1, 0, 2, 0, 0, 3, 0, 1, 1, 0, 0, 0, 0, 1, 3, 0, 0, 1, 0, 2, 0, 0, 0, 0, 0, 1, 0, 1, 0, 1, 1, 0, 2, 0, 2, 0, 0, 0, 0, 0, 2, 0, 0, 1, 0, 0, 1, 0, 0, 3, 0, 0, 1, 2, 0, 0, 0, 0, 0, 3, 1, 0, 1, 1, 3, 0, 2, 0, 0, 0, 0],882.9438068981488,49811.41861925377,107369.92734801112,false
30,G3_TWC,G3_TWC,[31, 22, 82, 15, 26, 58, 95, 42, 77, 12, 47, 5, 93, 78, 98, 54, 85, 63, 18, 44, 20, 35, 43, 97, 91, 76, 10, 30, 21, 45, 71, 64, 1, 23, 17, 83, 24, 14, 60, 36, 6, 57, 94, 88, 65, 56, 79, 40, 67, 68, 46, 75, 38, 9, 19, 32, 81, 41, 27, 62, 87, 90, 99, 59, 11, 16, 72, 73, 70, 39, 37, 84, 3, 92, 25, 55, 28, 29, 51, 7, 33, 61, 86, 66, 89, 50, 48, 96, 53, 8, 4, 80, 34, 49, 52, 0, 13, 2, 69, 74]|[1, 1, 0, 1, 1, 1, 2, 1, 2, 1, 2, 2, 2, 1, 1, 0, 0, 1, 0, 2, 2, 0, 1, 2, 0, 1, 2, 2, 0, 0, 1, 2, 1, 2, 1, 0, 2, 0, 1, 1, 0, 1, 1, 1, 0, 2, 1, 1, 0, 0, 0, 0, 1, 1, 2, 1, 2, 0, 0, 0, 2, 1, 0, 1, 2, 1, 2, 1, 1, 1, 1, 1, 2, 0, 1, 1, 0, 0, 0, 1, 2, 1, 0, 2, 1, 0, 0, 0, 0, 1, 0, 0, 2, 0, 1, 0, 0, 0, 1, 2]|[4, 3, 2, 2, 0, 0, 2, 2, 2, 4, 1, 1, 2, 4, 4, 1, 1, 4, 2, 1, 1, 1, 1, 2, 1, 2, 1, 1, 1, 1, 3, 2, 3, 0, 4, 0, 1, 1, 0, 3, 2, 2, 4, 0, 1, 1, 0, 2, 0, 1, 2, 2, 1, 4, 0, 3, 2, 1, 1, 2, 1, 3, 1, 1, 1, 3, 0, 4, 3, 1, 4, 1, 1, 2, 4, 4, 2, 1, 1, 3, 1, 3, 1, 1, 1, 1, 1, 1, 2, 3, 2, 1, 1, 1, 1, 2, 2, 2, 3, 1]|[0, 2, 1, 1, 3, 3, 0, 1, 0, 0, 0, 0, 1, 0, 1, 0, 0, 3, 1, 0, 0, 0, 3, 1, 0, 2, 0, 0, 0, 1, 0, 0, 0, 0, 3, 0, 1, 0, 0, 2, 1, 1, 2, 0, 0, 0, 0, 1, 1, 0, 0, 0, 1, 3, 0, 0, 1, 0, 0, 1, 0, 2, 0, 1, 0, 2, 1, 0, 0, 1, 1, 3, 0, 1, 3, 3, 1, 0, 0, 2, 0, 0, 0, 0, 1, 0, 0, 0, 1, 2, 1, 0, 0, 1, 1, 0, 0, 0, 0, 0],790.0808266764368,57926.0831962336,89131.00769295532,false
30,G1_CMAX,G1_CMAX,[31, 22, 82, 15, 26, 99, 95, 42, 77, 12, 47, 5, 93, 78, 86, 54, 21, 63, 18, 44, 20, 35, 43, 97, 91, 76, 10, 30, 85, 45, 71, 64, 1, 23, 17, 83, 24, 14, 60, 36, 6, 57, 40, 88, 65, 56, 79, 94, 67, 68, 46, 75, 38, 9, 19, 32, 41, 81, 27, 87, 90, 58, 59, 11, 16, 72, 73, 70, 39, 37, 84, 3, 92, 25, 55, 48, 62, 29, 51, 96, 33, 61, 98, 28, 89, 50, 4, 7, 53, 80, 52, 66, 34, 49, 8, 0, 74, 69, 2, 13]|[1, 1, 0, 1, 1, 0, 1, 1, 2, 1, 2, 2, 2, 1, 1, 0, 0, 1, 0, 2, 2, 0, 1, 2, 0, 1, 2, 2, 0, 0, 1, 2, 1, 2, 1, 0, 2, 0, 1, 1, 0, 1, 1, 1, 0, 2, 1, 1, 0, 0, 0, 0, 1, 1, 2, 1, 0, 2, 0, 2, 1, 0, 1, 2, 1, 2, 1, 1, 1, 1, 1, 1, 0, 1, 2, 0, 0, 0, 0, 2, 2, 1, 2, 0, 1, 0, 1, 2, 0, 0, 1, 2, 2, 0, 1, 0, 2, 1, 0, 0]|[0, 3, 2, 2, 4, 1, 2, 3, 2, 4, 1, 1, 2, 4, 4, 1, 1, 4, 2, 1, 1, 1, 1, 2, 1, 2, 1, 1, 2, 1, 3, 2, 3, 1, 4, 0, 1, 1, 0, 3, 2, 2, 2, 0, 1, 1, 0, 4, 0, 1, 2, 2, 1, 4, 0, 3, 1, 1, 1, 1, 3, 1, 1, 1, 3, 0, 4, 3, 1, 4, 1, 1, 0, 4, 1, 1, 2, 1, 1, 1, 1, 3, 1, 2, 1, 1, 4, 1, 2, 1, 1, 1, 1, 1, 3, 2, 1, 4, 2, 2]|[0, 2, 1, 1, 3, 0, 1, 3, 0, 0, 0, 0, 1, 0, 1, 0, 0, 3, 1, 0, 0, 0, 3, 1, 0, 2, 0, 0, 0, 1, 0, 0, 0, 0, 3, 0, 1, 0, 0, 2, 1, 1, 1, 0, 0, 0, 0, 2, 1, 0, 0, 0, 1, 3, 0, 0, 0, 0, 0, 0, 2, 0, 1, 0, 2, 1, 0, 0, 1, 1, 3, 1, 1, 3, 0, 0, 1, 0, 0, 0, 0, 0, 0, 1, 1, 0, 0, 0, 1, 0, 1, 0, 0, 1, 2, 0, 0, 2, 0, 0],731.2476204416437,56784.74762275103,92889.2977037672,false
30,G4_BALANCED,G4_BALANCED,[31, 11, 15, 82, 26, 9, 95, 32, 77, 68, 47, 5, 93, 78, 86, 54, 85, 63, 18, 44, 20, 49, 36, 14, 74, 50, 53, 17, 21, 45, 71, 64, 3, 23, 30, 83, 24, 41, 60, 52, 65, 27, 90, 70, 39, 87, 48, 69, 99, 4, 46, 1, 13, 58, 97, 59, 28, 8, 73, 37, 35, 79, 22, 66, 76, 42, 40, 80, 96, 6, 16, 61, 33, 7, 57, 34, 12, 67, 10, 98, 56, 88, 51, 75, 91, 38, 84, 92, 29, 19, 43, 72, 89, 2, 55, 81, 94, 25, 62, 0]|[2, 1, 2, 1, 1, 2, 1, 1, 1, 1, 1, 0, 2, 2, 1, 2, 0, 0, 0, 2, 2, 1, 0, 2, 0, 2, 2, 1, 0, 1, 1, 1, 0, 0, 1, 0, 2, 1, 2, 2, 0, 0, 1, 1, 0, 2, 0, 2, 1, 0, 0, 2, 0, 0, 2, 0, 1, 1, 0, 0, 2, 1, 0, 2, 2, 0, 2, 2, 0, 1, 2, 1, 1, 2, 0, 1, 1, 1, 1, 2, 2, 1, 1, 0, 1, 0, 0, 0, 1, 1, 1, 1, 1, 2, 0, 1, 2, 1, 1, 0]|[1, 3, 0, 3, 4, 1, 4, 4, 2, 4, 3, 2, 1, 0, 2, 1, 1, 1, 2, 1, 1, 3, 0, 1, 0, 1, 1, 4, 1, 4, 3, 2, 2, 0, 4, 1, 1, 4, 1, 1, 2, 1, 4, 4, 1, 1, 0, 2, 3, 2, 2, 1, 2, 1, 1, 2, 4, 3, 0, 2, 2, 3, 1, 0, 1, 2, 1, 1, 2, 4, 1, 3, 4, 1, 2, 4, 3, 3, 3, 1, 1, 4, 3, 2, 3, 2, 2, 2, 3, 4, 4, 4, 4, 1, 2, 1, 1, 4, 3, 2]|[1, 2, 0, 0, 3, 0, 1, 3, 0, 0, 2, 0, 1, 0, 1, 0, 0, 0, 1, 0, 0, 2, 0, 0, 1, 0, 0, 3, 0, 1, 0, 2, 0, 1, 3, 0, 1, 1, 0, 0, 0, 0, 1, 3, 0, 0, 1, 0, 2, 0, 0, 0, 0, 0, 1, 0, 1, 0, 1, 1, 0, 2, 0, 0, 0, 0, 0, 0, 0, 2, 0, 0, 1, 0, 0, 1, 0, 0, 3, 0, 0, 1, 0, 0, 0, 0, 0, 0, 3, 1, 2, 1, 1, 0, 0, 1, 0, 3, 0, 0],859.0664390750953,51107.12310263938,109967.31677983994,false
30,G2_TEC,G2_TEC,[31, 22, 82, 15, 26, 9, 95, 42, 77, 68, 47, 5, 93, 78, 86, 54, 85, 63, 18, 44, 20, 49, 36, 14, 74, 50, 53, 17, 21, 28, 11, 64, 3, 23, 30, 83, 24, 41, 40, 52, 65, 27, 90, 70, 39, 87, 48, 69, 99, 4, 46, 1, 13, 58, 97, 59, 45, 8, 73, 37, 35, 79, 71, 66, 76, 32, 60, 80, 96, 6, 16, 61, 33, 7, 57, 34, 12, 67, 10, 98, 56, 88, 43, 75, 91, 38, 84, 92, 29, 19, 51, 72, 89, 25, 2, 81, 94, 55, 62, 0]|[2, 1, 2, 1, 1, 2, 1, 1, 1, 1, 1, 0, 2, 2, 1, 2, 0, 0, 0, 2, 2, 1, 0, 2, 0, 2, 2, 1, 0, 1, 1, 1, 0, 0, 1, 0, 2, 1, 2, 2, 0, 0, 1, 1, 0, 2, 0, 2, 1, 0, 0, 2, 0, 0, 2, 0, 1, 1, 0, 0, 2, 1, 1, 1, 2, 0, 2, 2, 0, 1, 2, 1, 1, 2, 0, 1, 2, 1, 1, 2, 2, 1, 1, 0, 1, 0, 0, 0, 1, 1, 1, 1, 1, 1, 2, 1, 2, 0, 1, 0]|[0, 3, 0, 3, 4, 1, 4, 4, 2, 4, 3, 2, 1, 0, 2, 1, 1, 1, 2, 1, 1, 3, 0, 1, 0, 1, 1, 4, 1, 4, 3, 2, 2, 0, 4, 1, 1, 4, 1, 1, 2, 1, 4, 4, 1, 1, 0, 2, 3, 2, 2, 1, 2, 1, 1, 2, 4, 3, 0, 2, 2, 3, 3, 1, 1, 2, 1, 1, 2, 4, 1, 3, 4, 1, 2, 4, 1, 3, 3, 1, 1, 4, 4, 2, 3, 2, 2, 2, 3, 4, 3, 4, 4, 4, 1, 4, 1, 2, 3, 2]|[0, 2, 0, 0, 3, 0, 1, 3, 0, 0, 2, 0, 1, 0, 1, 0, 0, 0, 1, 0, 0, 2, 0, 0, 1, 0, 0, 3, 0, 1, 0, 2, 0, 0, 3, 0, 1, 1, 0, 0, 0, 0, 1, 3, 0, 0, 1, 0, 2, 0, 0, 0, 0, 0, 1, 0, 1, 0, 1, 1, 0, 2, 0, 2, 0, 0, 0, 0, 0, 2, 0, 0, 1, 0, 0, 1, 0, 0, 3, 0, 0, 1, 2, 0, 0, 0, 0, 0, 3, 1, 0, 1, 1, 3, 0, 2, 0, 0, 0, 0],882.9438068981488,49811.41861925377,107369.92734801112,false
30,G3_TWC,G3_TWC,[31, 22, 82, 15, 26, 58, 95, 42, 77, 12, 47, 5, 93, 78, 98, 54, 85, 63, 18, 44, 20, 35, 43, 97, 91, 76, 10, 30, 21, 45, 71, 64, 1, 23, 17, 83, 24, 14, 60, 36, 6, 57, 94, 88, 65, 56, 79, 40, 67, 68, 46, 75, 38, 9, 19, 32, 81, 41, 27, 62, 87, 90, 99, 59, 11, 16, 72, 73, 70, 39, 37, 84, 3, 92, 25, 55, 28, 29, 51, 7, 33, 61, 86, 66, 89, 50, 48, 96, 53, 8, 4, 80, 34, 49, 52, 0, 13, 2, 69, 74]|[1, 1, 0, 1, 1, 1, 2, 1, 2, 1, 2, 2, 2, 1, 1, 0, 0, 1, 0, 2, 2, 0, 1, 2, 0, 1, 2, 2, 0, 0, 1, 2, 1, 2, 1, 0, 2, 0, 1, 1, 0, 1, 1, 1, 0, 2, 1, 1, 0, 0, 0, 0, 1, 1, 2, 1, 2, 0, 0, 0, 2, 1, 0, 1, 2, 1, 2, 1, 1, 1, 1, 1, 2, 0, 1, 1, 0, 0, 0, 1, 2, 1, 0, 2, 1, 0, 0, 0, 0, 1, 0, 0, 2, 0, 1, 0, 0, 0, 1, 2]|[4, 3, 2, 2, 0, 0, 2, 2, 2, 4, 1, 1, 2, 4, 4, 1, 1, 4, 2, 1, 1, 1, 1, 2, 1, 2, 1, 1, 1, 1, 3, 2, 3, 0, 4, 0, 1, 1, 0, 3, 2, 2, 4, 0, 1, 1, 0, 2, 0, 1, 2, 2, 1, 4, 0, 3, 2, 1, 1, 2, 1, 3, 1, 1, 1, 3, 0, 4, 3, 1, 4, 1, 1, 2, 4, 4, 2, 1, 1, 3, 1, 3, 1, 1, 1, 1, 1, 1, 2, 3, 2, 1, 1, 1, 1, 2, 2, 2, 3, 1]|[0, 2, 1, 1, 3, 3, 0, 1, 0, 0, 0, 0, 1, 0, 1, 0, 0, 3, 1, 0, 0, 0, 3, 1, 0, 2, 0, 0, 0, 1, 0, 0, 0, 0, 3, 0, 1, 0, 0, 2, 1, 1, 2, 0, 0, 0, 0, 1, 1, 0, 0, 0, 1, 3, 0, 0, 1, 0, 0, 1, 0, 2, 0, 1, 0, 2, 1, 0, 0, 1, 1, 3, 0, 1, 3, 3, 1, 0, 0, 2, 0, 0, 0, 0, 1, 0, 0, 0, 1, 2, 1, 0, 0, 1, 1, 0, 0, 0, 0, 0],790.0808266764368,57926.0831962336,89131.00769295532,false
30,G1_CMAX,G1_CMAX,[31, 22, 82, 15, 26, 99, 95, 42, 77, 12, 47, 5, 93, 78, 86, 54, 21, 63, 18, 44, 20, 35, 43, 97, 91, 76, 10, 30, 85, 45, 71, 64, 1, 23, 17, 83, 24, 14, 60, 36, 6, 57, 40, 88, 65, 56, 79, 94, 67, 68, 46, 75, 38, 9, 19, 32, 41, 81, 27, 87, 90, 58, 59, 11, 16, 72, 73, 70, 39, 37, 84, 3, 92, 25, 55, 48, 62, 29, 51, 96, 33, 61, 98, 28, 89, 50, 4, 7, 53, 80, 52, 66, 34, 49, 8, 0, 74, 69, 2, 13]|[1, 1, 0, 1, 1, 0, 1, 1, 2, 1, 2, 2, 2, 1, 1, 0, 0, 1, 0, 2, 2, 0, 1, 2, 0, 1, 2, 2, 0, 0, 1, 2, 1, 2, 1, 0, 2, 0, 1, 1, 0, 1, 1, 1, 0, 2, 1, 1, 0, 0, 0, 0, 1, 1, 2, 1, 0, 2, 0, 2, 1, 0, 1, 2, 1, 2, 1, 1, 1, 1, 1, 1, 0, 1, 2, 0, 0, 0, 0, 2, 2, 1, 2, 0, 1, 0, 1, 2, 0, 0, 1, 2, 2, 0, 1, 0, 2, 1, 0, 0]|[0, 3, 2, 2, 4, 1, 2, 3, 2, 4, 1, 1, 2, 4, 4, 1, 1, 4, 2, 1, 1, 1, 1, 2, 1, 2, 1, 1, 2, 1, 3, 2, 3, 1, 4, 0, 1, 1, 0, 3, 2, 2, 2, 0, 1, 1, 0, 4, 0, 1, 2, 2, 1, 4, 0, 3, 1, 1, 1, 1, 3, 1, 1, 1, 3, 0, 4, 3, 1, 4, 1, 1, 0, 4, 1, 1, 2, 1, 1, 1, 1, 3, 1, 2, 1, 1, 4, 1, 2, 1, 1, 1, 1, 1, 3, 2, 1, 4, 2, 2]|[0, 2, 1, 1, 3, 0, 1, 3, 0, 0, 0, 0, 1, 0, 1, 0, 0, 3, 1, 0, 0, 0, 3, 1, 0, 2, 0, 0, 0, 1, 0, 0, 0, 0, 3, 0, 1, 0, 0, 2, 1, 1, 1, 0, 0, 0, 0, 2, 1, 0, 0, 0, 1, 3, 0, 0, 0, 0, 0, 0, 2, 0, 1, 0, 2, 1, 0, 0, 1, 1, 3, 1, 1, 3, 0, 0, 1, 0, 0, 0, 0, 0, 0, 1, 1, 0, 0, 0, 1, 0, 1, 0, 0, 1, 2, 0, 0, 2, 0, 0],731.2476204416437,56784.74762275103,92889.2977037672,false
30,G4_BALANCED,G4_BALANCED,[31, 22, 82, 15, 26, 9, 95, 42, 77, 68, 47, 5, 93, 78, 86, 54, 85, 63, 18, 44, 20, 49, 36, 14, 74, 50, 53, 17, 21, 28, 71, 64, 3, 23, 30, 83, 24, 41, 60, 52, 65, 27, 90, 70, 39, 87, 48, 69, 99, 4, 46, 1, 13, 58, 97, 59, 45, 75, 73, 37, 35, 79, 11, 66, 76, 32, 40, 80, 96, 6, 16, 61, 33, 7, 57, 34, 12, 67, 10, 98, 56, 88, 29, 8, 91, 38, 19, 92, 43, 84, 51, 72, 81, 0, 2, 55, 94, 89, 62, 25]|[2, 1, 1, 2, 1, 2, 1, 1, 1, 1, 1, 0, 2, 2, 1, 2, 0, 0, 0, 2, 2, 1, 0, 2, 0, 2, 2, 1, 0, 1, 1, 1, 0, 0, 1, 0, 2, 1, 2, 2, 0, 0, 1, 1, 0, 2, 0, 2, 1, 0, 0, 2, 0, 0, 2, 0, 1, 0, 0, 0, 2, 1, 0, 2, 2, 0, 2, 2, 0, 1, 2, 1, 1, 2, 0, 1, 1, 1, 1, 2, 2, 1, 1, 1, 1, 0, 1, 0, 1, 0, 1, 1, 1, 0, 2, 0, 2, 1, 1, 1]|[1, 3, 2, 0, 4, 1, 4, 4, 2, 4, 3, 2, 1, 0, 2, 1, 1, 1, 2, 1, 1, 3, 0, 1, 0, 1, 1, 4, 1, 4, 3, 2, 2, 0, 4, 1, 1, 4, 0, 1, 2, 1, 4, 4, 1, 1, 0, 2, 3, 1, 2, 1, 2, 1, 1, 2, 4, 2, 0, 2, 2, 3, 1, 0, 1, 2, 0, 1, 2, 4, 1, 3, 4, 1, 2, 4, 3, 3, 3, 1, 1, 4, 3, 3, 3, 2, 4, 2, 4, 2, 3, 4, 1, 2, 1, 2, 1, 4, 3, 4]|[1, 2, 1, 0, 3, 0, 1, 3, 0, 0, 2, 0, 1, 0, 1, 0, 0, 0, 1, 0, 0, 2, 0, 0, 1, 0, 0, 3, 0, 1, 0, 2, 0, 1, 3, 0, 1, 3, 1, 0, 0, 0, 1, 3, 0, 0, 1, 0, 2, 0, 0, 0, 0, 0, 1, 0, 1, 0, 1, 1, 0, 2, 0, 0, 0, 0, 0, 0, 0, 2, 0, 0, 1, 0, 0, 1, 0, 0, 3, 0, 0, 1, 0, 0, 0, 0, 3, 0, 2, 0, 0, 2, 1, 0, 0, 0, 0, 1, 0, 3],837.479178750376,52435.170692348955,108071.3583989792,false
30,G2_TEC,G2_TEC,[31, 22, 82, 15, 26, 9, 95, 42, 77, 68, 47, 5, 93, 78, 86, 54, 85, 63, 18, 44, 20, 49, 36, 14, 74, 50, 53, 17, 21, 28, 11, 64, 3, 23, 30, 83, 24, 41, 40, 52, 65, 27, 90, 70, 39, 87, 48, 69, 99, 4, 46, 1, 13, 58, 97, 59, 45, 8, 73, 37, 35, 79, 71, 66, 76, 32, 60, 80, 96, 6, 16, 61, 33, 7, 57, 34, 12, 67, 10, 98, 56, 88, 43, 75, 91, 38, 84, 92, 29, 19, 51, 72, 89, 25, 2, 81, 94, 55, 62, 0]|[2, 1, 2, 1, 1, 2, 1, 1, 1, 1, 1, 0, 2, 2, 1, 2, 0, 0, 0, 2, 2, 1, 0, 2, 0, 2, 2, 1, 0, 1, 1, 1, 0, 0, 1, 0, 2, 1, 2, 2, 0, 0, 1, 1, 0, 2, 0, 2, 1, 0, 0, 2, 0, 0, 2, 0, 1, 1, 0, 0, 2, 1, 1, 1, 2, 0, 2, 2, 0, 1, 2, 1, 1, 2, 0, 1, 2, 1, 1, 2, 2, 1, 1, 0, 1, 0, 0, 0, 1, 1, 1, 1, 1, 1, 2, 1, 2, 0, 1, 0]|[0, 3, 0, 3, 4, 1, 4, 4, 2, 4, 3, 2, 1, 0, 2, 1, 1, 1, 2, 1, 1, 3, 0, 1, 0, 1, 1, 4, 1, 4, 3, 2, 2, 0, 4, 1, 1, 4, 1, 1, 2, 1, 4, 4, 1, 1, 0, 2, 3, 2, 2, 1, 2, 1, 1, 2, 4, 3, 0, 2, 2, 3, 3, 1, 1, 2, 1, 1, 2, 4, 1, 3, 4, 1, 2, 4, 1, 3, 3, 1, 1, 4, 4, 2, 3, 2, 2, 2, 3, 4, 3, 4, 4, 4, 1, 4, 1, 2, 3, 2]|[0, 2, 0, 0, 3, 0, 1, 3, 0, 0, 2, 0, 1, 0, 1, 0, 0, 0, 1, 0, 0, 2, 0, 0, 1, 0, 0, 3, 0, 1, 0, 2, 0, 0, 3, 0, 1, 1, 0, 0, 0, 0, 1, 3, 0, 0, 1, 0, 2, 0, 0, 0, 0, 0, 1, 0, 1, 0, 1, 1, 0, 2, 0, 2, 0, 0, 0, 0, 0, 2, 0, 0, 1, 0, 0, 1, 0, 0, 3, 0, 0, 1, 2, 0, 0, 0, 0, 0, 3, 1, 0, 1, 1, 3, 0, 2, 0, 0, 0, 0],882.9438068981488,49811.41861925377,107369.92734801112,false
30,G3_TWC,G3_TWC,[31, 22, 82, 15, 26, 58, 95, 42, 77, 12, 47, 5, 93, 78, 98, 54, 85, 63, 18, 44, 20, 35, 43, 97, 91, 76, 10, 30, 21, 45, 71, 64, 1, 23, 17, 83, 24, 14, 60, 36, 6, 57, 94, 88, 65, 56, 79, 40, 67, 68, 46, 75, 38, 9, 19, 32, 81, 41, 27, 62, 87, 90, 99, 59, 11, 16, 72, 73, 70, 39, 37, 84, 3, 92, 25, 55, 28, 29, 51, 7, 33, 61, 86, 66, 89, 50, 48, 96, 53, 8, 4, 80, 34, 49, 52, 0, 13, 2, 69, 74]|[1, 1, 0, 1, 1, 1, 2, 1, 2, 1, 2, 2, 2, 1, 1, 0, 0, 1, 0, 2, 2, 0, 1, 2, 0, 1, 2, 2, 0, 0, 1, 2, 1, 2, 1, 0, 2, 0, 1, 1, 0, 1, 1, 1, 0, 2, 1, 1, 0, 0, 0, 0, 1, 1, 2, 1, 2, 0, 0, 0, 2, 1, 0, 1, 2, 1, 2, 1, 1, 1, 1, 1, 2, 0, 1, 1, 0, 0, 0, 1, 2, 1, 0, 2, 1, 0, 0, 0, 0, 1, 0, 0, 2, 0, 1, 0, 0, 0, 1, 2]|[4, 3, 2, 2, 0, 0, 2, 2, 2, 4, 1, 1, 2, 4, 4, 1, 1, 4, 2, 1, 1, 1, 1, 2, 1, 2, 1, 1, 1, 1, 3, 2, 3, 0, 4, 0, 1, 1, 0, 3, 2, 2, 4, 0, 1, 1, 0, 2, 0, 1, 2, 2, 1, 4, 0, 3, 2, 1, 1, 2, 1, 3, 1, 1, 1, 3, 0, 4, 3, 1, 4, 1, 1, 2, 4, 4, 2, 1, 1, 3, 1, 3, 1, 1, 1, 1, 1, 1, 2, 3, 2, 1, 1, 1, 1, 2, 2, 2, 3, 1]|[0, 2, 1, 1, 3, 3, 0, 1, 0, 0, 0, 0, 1, 0, 1, 0, 0, 3, 1, 0, 0, 0, 3, 1, 0, 2, 0, 0, 0, 1, 0, 0, 0, 0, 3, 0, 1, 0, 0, 2, 1, 1, 2, 0, 0, 0, 0, 1, 1, 0, 0, 0, 1, 3, 0, 0, 1, 0, 0, 1, 0, 2, 0, 1, 0, 2, 1, 0, 0, 1, 1, 3, 0, 1, 3, 3, 1, 0, 0, 2, 0, 0, 0, 0, 1, 0, 0, 0, 1, 2, 1, 0, 0, 1, 1, 0, 0, 0, 0, 0],790.0808266764368,57926.0831962336,89131.00769295532,false
30,G1_CMAX,G1_CMAX,[31, 22, 82, 15, 26, 99, 95, 42, 77, 12, 47, 5, 93, 78, 86, 54, 21, 63, 18, 44, 20, 35, 43, 97, 91, 76, 10, 30, 85, 45, 71, 64, 1, 23, 17, 83, 24, 14, 60, 36, 6, 57, 40, 88, 65, 56, 79, 94, 67, 68, 46, 75, 38, 9, 19, 32, 41, 81, 27, 87, 90, 58, 59, 11, 16, 72, 73, 70, 39, 37, 84, 3, 92, 25, 55, 48, 62, 29, 51, 96, 33, 61, 98, 28, 89, 50, 4, 7, 53, 80, 52, 66, 34, 49, 8, 0, 74, 69, 2, 13]|[1, 1, 0, 1, 1, 0, 1, 1, 2, 1, 2, 2, 2, 1, 1, 0, 0, 1, 0, 2, 2, 0, 1, 2, 0, 1, 2, 2, 0, 0, 1, 2, 1, 2, 1, 0, 2, 0, 1, 1, 0, 1, 1, 1, 0, 2, 1, 1, 0, 0, 0, 0, 1, 1, 2, 1, 0, 2, 0, 2, 1, 0, 1, 2, 1, 2, 1, 1, 1, 1, 1, 1, 0, 1, 2, 0, 0, 0, 0, 2, 2, 1, 2, 0, 1, 0, 1, 2, 0, 0, 1, 2, 2, 0, 1, 0, 2, 1, 0, 0]|[0, 3, 2, 2, 4, 1, 2, 3, 2, 4, 1, 1, 2, 4, 4, 1, 1, 4, 2, 1, 1, 1, 1, 2, 1, 2, 1, 1, 2, 1, 3, 2, 3, 1, 4, 0, 1, 1, 0, 3, 2, 2, 2, 0, 1, 1, 0, 4, 0, 1, 2, 2, 1, 4, 0, 3, 1, 1, 1, 1, 3, 1, 1, 1, 3, 0, 4, 3, 1, 4, 1, 1, 0, 4, 1, 1, 2, 1, 1, 1, 1, 3, 1, 2, 1, 1, 4, 1, 2, 1, 1, 1, 1, 1, 3, 2, 1, 4, 2, 2]|[0, 2, 1, 1, 3, 0, 1, 3, 0, 0, 0, 0, 1, 0, 1, 0, 0, 3, 1, 0, 0, 0, 3, 1, 0, 2, 0, 0, 0, 1, 0, 0, 0, 0, 3, 0, 1, 0, 0, 2, 1, 1, 1, 0, 0, 0, 0, 2, 1, 0, 0, 0, 1, 3, 0, 0, 0, 0, 0, 0, 2, 0, 1, 0, 2, 1, 0, 0, 1, 1, 3, 1, 1, 3, 0, 0, 1, 0, 0, 0, 0, 0, 0, 1, 1, 0, 0, 0, 1, 0, 1, 0, 0, 1, 2, 0, 0, 2, 0, 0],731.2476204416437,56784.74762275103,92889.2977037672,false
30,G4_BALANCED,G4_BALANCED,[31, 11, 15, 82, 26, 9, 95, 32, 77, 68, 47, 5, 93, 78, 86, 54, 85, 63, 18, 44, 20, 49, 36, 14, 74, 50, 53, 17, 21, 45, 71, 64, 3, 23, 30, 83, 24, 41, 60, 52, 51, 27, 90, 70, 39, 87, 48, 69, 99, 4, 46, 1, 13, 58, 97, 59, 28, 8, 73, 37, 35, 79, 22, 66, 76, 42, 40, 80, 96, 6, 16, 61, 33, 7, 57, 34, 12, 67, 10, 98, 56, 88, 29, 25, 91, 38, 19, 92, 43, 84, 65, 72, 81, 75, 2, 55, 62, 89, 94, 0]|[2, 1, 1, 2, 1, 2, 1, 1, 1, 1, 1, 0, 2, 2, 1, 2, 0, 0, 0, 2, 2, 1, 0, 2, 0, 2, 2, 1, 0, 1, 1, 1, 0, 0, 1, 0, 2, 1, 2, 2, 0, 0, 1, 1, 0, 2, 0, 2, 1, 0, 0, 2, 0, 0, 2, 0, 1, 1, 0, 0, 2, 1, 1, 2, 2, 0, 2, 2, 0, 1, 2, 1, 1, 2, 0, 1, 2, 1, 1, 2, 2, 1, 1, 1, 1, 0, 1, 0, 1, 0, 1, 1, 1, 0, 2, 0, 1, 1, 2, 0]|[1, 3, 2, 0, 4, 1, 4, 4, 2, 4, 3, 2, 1, 0, 2, 1, 1, 1, 2, 1, 1, 3, 0, 1, 0, 1, 1, 4, 1, 4, 3, 2, 2, 0, 4, 1, 1, 4, 0, 1, 2, 1, 4, 4, 1, 1, 0, 2, 3, 1, 2, 1, 2, 1, 1, 2, 4, 3, 0, 2, 2, 3, 3, 0, 1, 2, 0, 1, 2, 4, 1, 3, 4, 1, 2, 4, 1, 3, 3, 1, 1, 4, 3, 4, 3, 2, 4, 2, 4, 2, 3, 4, 1, 2, 1, 2, 3, 4, 1, 2]|[1, 2, 1, 0, 3, 0, 1, 3, 0, 0, 2, 0, 1, 0, 1, 0, 0, 0, 1, 0, 0, 2, 0, 0, 1, 0, 0, 3, 0, 1, 0, 2, 0, 1, 3, 0, 1, 3, 1, 0, 0, 0, 1, 3, 0, 0, 1, 0, 2, 0, 0, 0, 0, 0, 1, 0, 1, 0, 1, 1, 0, 2, 2, 0, 0, 0, 1, 0, 0, 2, 0, 0, 1, 0, 0, 1, 0, 0, 3, 0, 0, 1, 0, 3, 0, 0, 1, 0, 2, 0, 0, 2, 1, 0, 0, 0, 0, 1, 0, 0],850.9632869082183,52431.02217786142,105346.60403335126,false
30,G2_TEC,G2_TEC,[31, 22, 82, 15, 26, 9, 95, 42, 77, 68, 47, 5, 93, 78, 86, 54, 85, 63, 18, 44, 20, 49, 36, 14, 74, 50, 53, 17, 21, 28, 11, 64, 3, 23, 30, 83, 24, 41, 40, 52, 65, 27, 90, 70, 39, 87, 48, 69, 99, 4, 46, 1, 13, 58, 97, 59, 45, 8, 73, 37, 35, 79, 71, 66, 76, 32, 60, 80, 96, 6, 16, 61, 33, 7, 57, 34, 12, 67, 10, 98, 56, 88, 43, 75, 91, 38, 84, 92, 29, 19, 51, 72, 89, 25, 2, 81, 94, 55, 62, 0]|[2, 1, 2, 1, 1, 2, 1, 1, 1, 1, 1, 0, 2, 2, 1, 2, 0, 0, 0, 2, 2, 1, 0, 2, 0, 2, 2, 1, 0, 1, 1, 1, 0, 0, 1, 0, 2, 1, 2, 2, 0, 0, 1, 1, 0, 2, 0, 2, 1, 0, 0, 2, 0, 0, 2, 0, 1, 1, 0, 0, 2, 1, 1, 1, 2, 0, 2, 2, 0, 1, 2, 1, 1, 2, 0, 1, 2, 1, 1, 2, 2, 1, 1, 0, 1, 0, 0, 0, 1, 1, 1, 1, 1, 1, 2, 1, 2, 0, 1, 0]|[0, 3, 0, 3, 4, 1, 4, 4, 2, 4, 3, 2, 1, 0, 2, 1, 1, 1, 2, 1, 1, 3, 0, 1, 0, 1, 1, 4, 1, 4, 3, 2, 2, 0, 4, 1, 1, 4, 1, 1, 2, 1, 4, 4, 1, 1, 0, 2, 3, 2, 2, 1, 2, 1, 1, 2, 4, 3, 0, 2, 2, 3, 3, 1, 1, 2, 1, 1, 2, 4, 1, 3, 4, 1, 2, 4, 1, 3, 3, 1, 1, 4, 4, 2, 3, 2, 2, 2, 3, 4, 3, 4, 4, 4, 1, 4, 1, 2, 3, 2]|[0, 2, 0, 0, 3, 0, 1, 3, 0, 0, 2, 0, 1, 0, 1, 0, 0, 0, 1, 0, 0, 2, 0, 0, 1, 0, 0, 3, 0, 1, 0, 2, 0, 0, 3, 0, 1, 1, 0, 0, 0, 0, 1, 3, 0, 0, 1, 0, 2, 0, 0, 0, 0, 0, 1, 0, 1, 0, 1, 1, 0, 2, 0, 2, 0, 0, 0, 0, 0, 2, 0, 0, 1, 0, 0, 1, 0, 0, 3, 0, 0, 1, 2, 0, 0, 0, 0, 0, 3, 1, 0, 1, 1, 3, 0, 2, 0, 0, 0, 0],882.9438068981488,49811.41861925377,107369.92734801112,false
30,G3_TWC,G3_TWC,[31, 22, 82, 15, 26, 58, 95, 42, 77, 12, 47, 5, 93, 78, 98, 54, 85, 63, 18, 44, 20, 35, 43, 97, 91, 76, 10, 30, 21, 45, 71, 64, 1, 23, 17, 83, 24, 14, 60, 36, 6, 57, 94, 88, 65, 56, 79, 40, 67, 68, 46, 75, 38, 9, 19, 32, 81, 41, 27, 62, 87, 90, 99, 59, 11, 16, 72, 73, 70, 39, 37, 84, 3, 92, 25, 55, 28, 29, 51, 7, 33, 61, 86, 66, 89, 50, 48, 96, 53, 8, 4, 80, 34, 49, 52, 0, 13, 2, 69, 74]|[1, 1, 0, 1, 1, 1, 2, 1, 2, 1, 2, 2, 2, 1, 1, 0, 0, 1, 0, 2, 2, 0, 1, 2, 0, 1, 2, 2, 0, 0, 1, 2, 1, 2, 1, 0, 2, 0, 1, 1, 0, 1, 1, 1, 0, 2, 1, 1, 0, 0, 0, 0, 1, 1, 2, 1, 2, 0, 0, 0, 2, 1, 0, 1, 2, 1, 2, 1, 1, 1, 1, 1, 2, 0, 1, 1, 0, 0, 0, 1, 2, 1, 0, 2, 1, 0, 0, 0, 0, 1, 0, 0, 2, 0, 1, 0, 0, 0, 1, 2]|[4, 3, 2, 2, 0, 0, 2, 2, 2, 4, 1, 1, 2, 4, 4, 1, 1, 4, 2, 1, 1, 1, 1, 2, 1, 2, 1, 1, 1, 1, 3, 2, 3, 0, 4, 0, 1, 1, 0, 3, 2, 2, 4, 0, 1, 1, 0, 2, 0, 1, 2, 2, 1, 4, 0, 3, 2, 1, 1, 2, 1, 3, 1, 1, 1, 3, 0, 4, 3, 1, 4, 1, 1, 2, 4, 4, 2, 1, 1, 3, 1, 3, 1, 1, 1, 1, 1, 1, 2, 3, 2, 1, 1, 1, 1, 2, 2, 2, 3, 1]|[0, 2, 1, 1, 3, 3, 0, 1, 0, 0, 0, 0, 1, 0, 1, 0, 0, 3, 1, 0, 0, 0, 3, 1, 0, 2, 0, 0, 0, 1, 0, 0, 0, 0, 3, 0, 1, 0, 0, 2, 1, 1, 2, 0, 0, 0, 0, 1, 1, 0, 0, 0, 1, 3, 0, 0, 1, 0, 0, 1, 0, 2, 0, 1, 0, 2, 1, 0, 0, 1, 1, 3, 0, 1, 3, 3, 1, 0, 0, 2, 0, 0, 0, 0, 1, 0, 0, 0, 1, 2, 1, 0, 0, 1, 1, 0, 0, 0, 0, 0],790.0808266764368,57926.0831962336,89131.00769295532,false
30,G1_CMAX,G1_CMAX,[31, 22, 82, 15, 26, 99, 95, 42, 77, 12, 47, 5, 93, 78, 86, 54, 21, 63, 18, 44, 20, 35, 43, 97, 91, 76, 10, 30, 85, 45, 71, 64, 1, 23, 17, 83, 24, 14, 60, 36, 6, 57, 40, 88, 65, 56, 79, 94, 67, 68, 46, 75, 38, 9, 19, 32, 41, 81, 27, 87, 90, 58, 59, 11, 16, 72, 73, 70, 39, 37, 84, 3, 92, 25, 55, 48, 62, 29, 51, 96, 33, 61, 98, 28, 89, 50, 4, 7, 53, 80, 52, 66, 34, 49, 8, 0, 74, 69, 2, 13]|[1, 1, 0, 1, 1, 0, 1, 1, 2, 1, 2, 2, 2, 1, 1, 0, 0, 1, 0, 2, 2, 0, 1, 2, 0, 1, 2, 2, 0, 0, 1, 2, 1, 2, 1, 0, 2, 0, 1, 1, 0, 1, 1, 1, 0, 2, 1, 1, 0, 0, 0, 0, 1, 1, 2, 1, 0, 2, 0, 2, 1, 0, 1, 2, 1, 2, 1, 1, 1, 1, 1, 1, 0, 1, 2, 0, 0, 0, 0, 2, 2, 1, 2, 0, 1, 0, 1, 2, 0, 0, 1, 2, 2, 0, 1, 0, 2, 1, 0, 0]|[0, 3, 2, 2, 4, 1, 2, 3, 2, 4, 1, 1, 2, 4, 4, 1, 1, 4, 2, 1, 1, 1, 1, 2, 1, 2, 1, 1, 2, 1, 3, 2, 3, 1, 4, 0, 1, 1, 0, 3, 2, 2, 2, 0, 1, 1, 0, 4, 0, 1, 2, 2, 1, 4, 0, 3, 1, 1, 1, 1, 3, 1, 1, 1, 3, 0, 4, 3, 1, 4, 1, 1, 0, 4, 1, 1, 2, 1, 1, 1, 1, 3, 1, 2, 1, 1, 4, 1, 2, 1, 1, 1, 1, 1, 3, 2, 1, 4, 2, 2]|[0, 2, 1, 1, 3, 0, 1, 3, 0, 0, 0, 0, 1, 0, 1, 0, 0, 3, 1, 0, 0, 0, 3, 1, 0, 2, 0, 0, 0, 1, 0, 0, 0, 0, 3, 0, 1, 0, 0, 2, 1, 1, 1, 0, 0, 0, 0, 2, 1, 0, 0, 0, 1, 3, 0, 0, 0, 0, 0, 0, 2, 0, 1, 0, 2, 1, 0, 0, 1, 1, 3, 1, 1, 3, 0, 0, 1, 0, 0, 0, 0, 0, 0, 1, 1, 0, 0, 0, 1, 0, 1, 0, 0, 1, 2, 0, 0, 2, 0, 0],731.2476204416437,56784.74762275103,92889.2977037672,false
30,G4_BALANCED,G3_TWC,[31, 22, 82, 15, 26, 58, 95, 42, 77, 12, 47, 5, 93, 78, 98, 54, 85, 63, 18, 44, 20, 35, 43, 97, 91, 76, 10, 30, 21, 45, 71, 64, 1, 23, 17, 83, 24, 14, 60, 36, 6, 57, 94, 88, 65, 56, 79, 40, 67, 68, 46, 75, 38, 9, 19, 32, 81, 41, 27, 62, 87, 90, 99, 59, 11, 16, 72, 73, 70, 39, 37, 84, 3, 92, 25, 55, 28, 29, 51, 7, 33, 61, 86, 66, 89, 50, 48, 96, 53, 80, 4, 8, 34, 2, 52, 49, 13, 0, 69, 74]|[1, 1, 0, 1, 1, 1, 2, 1, 2, 1, 2, 2, 2, 1, 2, 0, 0, 1, 0, 2, 2, 0, 1, 2, 0, 1, 2, 2, 0, 0, 1, 2, 1, 2, 1, 0, 2, 0, 1, 1, 0, 1, 1, 1, 0, 2, 1, 1, 0, 0, 0, 0, 1, 1, 2, 1, 2, 0, 0, 0, 2, 1, 0, 1, 2, 1, 2, 1, 1, 1, 1, 1, 1, 0, 1, 1, 0, 0, 0, 1, 2, 1, 0, 2, 1, 0, 2, 0, 0, 0, 0, 1, 2, 0, 1, 0, 0, 0, 1, 2]|[4, 3, 2, 2, 0, 0, 2, 2, 2, 4, 1, 1, 2, 4, 1, 1, 1, 4, 2, 1, 1, 1, 1, 2, 1, 2, 1, 1, 1, 1, 3, 2, 3, 0, 4, 0, 1, 1, 0, 3, 2, 2, 4, 0, 1, 1, 0, 2, 0, 1, 2, 2, 1, 4, 0, 3, 2, 1, 1, 2, 1, 3, 1, 1, 1, 3, 0, 4, 3, 1, 4, 1, 1, 2, 4, 4, 2, 1, 1, 3, 1, 3, 1, 1, 1, 1, 1, 1, 2, 1, 2, 3, 1, 2, 1, 1, 2, 2, 3, 1]|[0, 2, 1, 1, 3, 3, 0, 1, 0, 0, 0, 0, 1, 0, 0, 0, 0, 3, 1, 0, 0, 0, 3, 1, 0, 2, 0, 0, 0, 1, 0, 0, 0, 0, 3, 0, 1, 0, 0, 2, 1, 1, 2, 0, 0, 0, 0, 1, 1, 0, 0, 0, 1, 3, 0, 0, 1, 0, 0, 1, 0, 2, 0, 1, 0, 2, 1, 0, 0, 1, 1, 3, 1, 1, 3, 3, 1, 0, 0, 2, 0, 0, 0, 0, 1, 0, 0, 0, 1, 0, 1, 2, 0, 0, 1, 1, 0, 0, 0, 0],769.8065720735804,58178.418042569654,90842.20585219807,true
30,G2_TEC,G2_TEC,[31, 22, 82, 15, 26, 9, 95, 42, 77, 68, 47, 5, 93, 78, 86, 54, 85, 63, 18, 44, 20, 49, 36, 14, 74, 50, 53, 17, 21, 28, 11, 64, 3, 23, 30, 83, 24, 41, 40, 52, 65, 27, 90, 70, 39, 87, 48, 69, 99, 4, 46, 1, 13, 58, 97, 59, 45, 8, 73, 37, 35, 79, 71, 66, 76, 32, 60, 80, 96, 6, 16, 61, 33, 7, 57, 34, 12, 67, 10, 98, 56, 88, 43, 75, 91, 38, 84, 92, 29, 19, 51, 72, 89, 25, 2, 81, 94, 55, 62, 0]|[2, 1, 2, 1, 1, 2, 1, 1, 1, 1, 1, 0, 2, 2, 1, 2, 0, 0, 0, 2, 2, 1, 0, 2, 0, 2, 2, 1, 0, 1, 1, 1, 0, 0, 1, 0, 2, 1, 2, 2, 0, 0, 1, 1, 0, 2, 0, 2, 1, 0, 0, 2, 0, 0, 2, 0, 1, 1, 0, 0, 2, 1, 1, 1, 2, 0, 2, 2, 0, 1, 2, 1, 1, 2, 0, 1, 2, 1, 1, 2, 2, 1, 1, 0, 1, 0, 0, 0, 1, 1, 1, 1, 1, 1, 2, 1, 2, 0, 1, 0]|[0, 3, 0, 3, 4, 1, 4, 4, 2, 4, 3, 2, 1, 0, 2, 1, 1, 1, 2, 1, 1, 3, 0, 1, 0, 1, 1, 4, 1, 4, 3, 2, 2, 0, 4, 1, 1, 4, 1, 1, 2, 1, 4, 4, 1, 1, 0, 2, 3, 2, 2, 1, 2, 1, 1, 2, 4, 3, 0, 2, 2, 3, 3, 1, 1, 2, 1, 1, 2, 4, 1, 3, 4, 1, 2, 4, 1, 3, 3, 1, 1, 4, 4, 2, 3, 2, 2, 2, 3, 4, 3, 4, 4, 4, 1, 4, 1, 2, 3, 2]|[0, 2, 0, 0, 3, 0, 1, 3, 0, 0, 2, 0, 1, 0, 1, 0, 0, 0, 1, 0, 0, 2, 0, 0, 1, 0, 0, 3, 0, 1, 0, 2, 0, 0, 3, 0, 1, 1, 0, 0, 0, 0, 1, 3, 0, 0, 1, 0, 2, 0, 0, 0, 0, 0, 1, 0, 1, 0, 1, 1, 0, 2, 0, 2, 0, 0, 0, 0, 0, 2, 0, 0, 1, 0, 0, 1, 0, 0, 3, 0, 0, 1, 2, 0, 0, 0, 0, 0, 3, 1, 0, 1, 1, 3, 0, 2, 0, 0, 0, 0],882.9438068981488,49811.41861925377,107369.92734801112,false
30,G3_TWC,G3_TWC,[31, 22, 82, 15, 26, 58, 95, 42, 77, 12, 47, 5, 93, 78, 98, 54, 85, 63, 18, 44, 20, 35, 43, 97, 91, 76, 10, 30, 21, 45, 71, 64, 1, 23, 17, 83, 24, 14, 60, 36, 6, 57, 94, 88, 65, 56, 79, 40, 67, 68, 46, 75, 38, 9, 19, 32, 81, 41, 27, 62, 87, 90, 99, 59, 11, 16, 72, 73, 70, 39, 37, 84, 3, 51, 25, 55, 28, 29, 92, 7, 33, 74, 86, 66, 89, 50, 48, 96, 53, 8, 80, 4, 34, 49, 52, 0, 13, 2, 69, 61]|[1, 1, 0, 1, 1, 1, 2, 1, 2, 1, 2, 2, 2, 1, 1, 0, 0, 1, 0, 2, 2, 0, 0, 2, 0, 1, 2, 2, 0, 0, 1, 2, 1, 2, 1, 0, 2, 0, 1, 1, 0, 1, 1, 1, 0, 2, 1, 1, 0, 0, 0, 0, 1, 1, 2, 1, 2, 0, 0, 0, 2, 1, 0, 1, 2, 1, 2, 1, 1, 1, 1, 1, 1, 0, 1, 1, 0, 0, 0, 1, 2, 2, 0, 2, 1, 0, 0, 0, 0, 1, 0, 0, 2, 0, 1, 0, 0, 0, 1, 1]|[4, 3, 2, 2, 0, 0, 2, 2, 2, 4, 1, 1, 2, 4, 4, 1, 2, 4, 2, 1, 1, 1, 1, 2, 1, 2, 1, 1, 1, 1, 3, 2, 3, 0, 4, 0, 1, 1, 0, 3, 2, 2, 4, 0, 1, 1, 0, 2, 0, 1, 2, 2, 1, 4, 0, 3, 2, 1, 1, 2, 1, 3, 1, 1, 1, 3, 0, 4, 3, 1, 4, 1, 1, 1, 4, 4, 2, 1, 2, 3, 1, 1, 1, 1, 1, 1, 1, 1, 2, 3, 1, 2, 1, 1, 1, 2, 2, 2, 3, 3]|[0, 2, 1, 1, 3, 3, 0, 1, 0, 0, 0, 0, 1, 0, 1, 0, 0, 3, 1, 0, 0, 0, 0, 1, 0, 2, 0, 0, 0, 1, 0, 0, 0, 0, 3, 0, 1, 0, 0, 2, 1, 1, 2, 0, 0, 0, 0, 1, 1, 0, 0, 0, 1, 3, 0, 0, 1, 0, 0, 1, 0, 2, 0, 1, 0, 2, 1, 0, 0, 1, 1, 3, 1, 0, 3, 3, 1, 0, 1, 2, 0, 0, 0, 0, 1, 0, 0, 0, 1, 2, 0, 1, 0, 1, 1, 0, 0, 0, 0, 0],811.7308099258751,57714.166452371326,89880.00630289003,false
30,G1_CMAX,G1_CMAX,[31, 22, 82, 15, 26, 99, 95, 42, 77, 12, 47, 5, 93, 78, 86, 54, 21, 63, 18, 44, 20, 35, 43, 97, 91, 76, 10, 30, 85, 45, 71, 64, 1, 23, 17, 83, 24, 14, 60, 36, 6, 57, 40, 88, 65, 56, 79, 94, 67, 68, 46, 75, 38, 9, 19, 32, 41, 81, 27, 87, 90, 58, 59, 11, 16, 72, 73, 70, 39, 37, 84, 3, 92, 25, 55, 48, 62, 29, 51, 96, 33, 61, 98, 28, 89, 50, 4, 7, 53, 80, 52, 66, 34, 49, 8, 0, 74, 69, 2, 13]|[1, 1, 0, 1, 1, 0, 1, 1, 2, 1, 2, 2, 2, 1, 1, 0, 0, 1, 0, 2, 2, 0, 1, 2, 0, 1, 2, 2, 0, 0, 1, 2, 1, 2, 1, 0, 2, 0, 1, 1, 0, 1, 1, 1, 0, 2, 1, 1, 0, 0, 0, 0, 1, 1, 2, 1, 0, 2, 0, 2, 1, 0, 1, 2, 1, 2, 1, 1, 1, 1, 1, 1, 0, 1, 2, 0, 0, 0, 0, 2, 2, 1, 2, 0, 1, 0, 1, 2, 0, 0, 1, 2, 2, 0, 1, 0, 2, 1, 0, 0]|[0, 3, 2, 2, 4, 1, 2, 3, 2, 4, 1, 1, 2, 4, 4, 1, 1, 4, 2, 1, 1, 1, 1, 2, 1, 2, 1, 1, 2, 1, 3, 2, 3, 1, 4, 0, 1, 1, 0, 3, 2, 2, 2, 0, 1, 1, 0, 4, 0, 1, 2, 2, 1, 4, 0, 3, 1, 1, 1, 1, 3, 1, 1, 1, 3, 0, 4, 3, 1, 4, 1, 1, 0, 4, 1, 1, 2, 1, 1, 1, 1, 3, 1, 2, 1, 1, 4, 1, 2, 1, 1, 1, 1, 1, 3, 2, 1, 4, 2, 2]|[0, 2, 1, 1, 3, 0, 1, 3, 0, 0, 0, 0, 1, 0, 1, 0, 0, 3, 1, 0, 0, 0, 3, 1, 0, 2, 0, 0, 0, 1, 0, 0, 0, 0, 3, 0, 1, 0, 0, 2, 1, 1, 1, 0, 0, 0, 0, 2, 1, 0, 0, 0, 1, 3, 0, 0, 0, 0, 0, 0, 2, 0, 1, 0, 2, 1, 0, 0, 1, 1, 3, 1, 1, 3, 0, 0, 1, 0, 0, 0, 0, 0, 0, 1, 1, 0, 0, 0, 1, 0, 1, 0, 0, 1, 2, 0, 0, 2, 0, 0],731.2476204416437,56784.74762275103,92889.2977037672,false
30,G4_BALANCED,G3_TWC,[31, 22, 82, 15, 26, 58, 77, 95, 42, 12, 47, 5, 93, 78, 98, 54, 85, 63, 18, 44, 20, 35, 43, 97, 91, 76, 10, 30, 21, 45, 71, 64, 1, 23, 17, 83, 24, 14, 60, 36, 6, 57, 94, 88, 65, 56, 79, 40, 67, 68, 46, 75, 38, 9, 19, 32, 81, 41, 27, 62, 87, 90, 99, 59, 11, 16, 72, 73, 70, 39, 37, 84, 3, 92, 25, 55, 28, 29, 51, 7, 33, 61, 48, 66, 89, 50, 86, 80, 53, 8, 4, 96, 69, 2, 52, 49, 13, 0, 34, 74]|[1, 1, 0, 1, 1, 1, 2, 2, 1, 1, 2, 2, 2, 1, 1, 0, 0, 1, 0, 2, 2, 0, 1, 2, 0, 1, 2, 2, 0, 0, 1, 2, 1, 2, 1, 0, 2, 0, 1, 1, 0, 1, 1, 1, 0, 2, 1, 1, 0, 0, 0, 2, 1, 1, 2, 1, 2, 0, 0, 0, 2, 1, 0, 1, 2, 1, 2, 1, 1, 1, 1, 1, 1, 0, 1, 1, 0, 0, 0, 1, 2, 1, 0, 2, 1, 0, 0, 0, 0, 1, 0, 0, 1, 0, 1, 0, 0, 0, 2, 2]|[4, 3, 2, 2, 0, 0, 2, 2, 2, 4, 1, 1, 2, 4, 4, 1, 2, 4, 2, 1, 1, 1, 1, 2, 1, 2, 1, 1, 1, 1, 3, 2, 3, 0, 4, 0, 1, 1, 0, 3, 2, 2, 4, 0, 1, 1, 0, 2, 0, 1, 2, 1, 1, 4, 0, 3, 2, 1, 1, 1, 1, 3, 1, 1, 1, 3, 0, 4, 3, 1, 4, 1, 1, 2, 4, 4, 2, 1, 1, 3, 1, 3, 1, 1, 1, 2, 1, 1, 2, 3, 2, 1, 3, 2, 1, 1, 2, 2, 1, 1]|[0, 2, 1, 1, 3, 3, 0, 0, 1, 0, 0, 0, 1, 0, 1, 0, 0, 3, 1, 0, 0, 0, 3, 1, 0, 2, 0, 0, 0, 1, 0, 0, 0, 0, 3, 0, 1, 0, 0, 2, 1, 1, 2, 0, 0, 0, 0, 1, 1, 0, 0, 0, 1, 3, 0, 0, 1, 0, 0, 0, 0, 2, 0, 1, 0, 2, 1, 0, 0, 1, 1, 3, 1, 1, 3, 3, 1, 0, 0, 2, 0, 0, 0, 0, 1, 1, 0, 0, 1, 2, 1, 0, 0, 0, 1, 1, 0, 0, 0, 0],783.8358275763188,57915.14097202992,90105.18796573437,true
30,G2_TEC,G2_TEC,[31, 22, 82, 15, 26, 9, 95, 42, 77, 68, 47, 5, 93, 78, 86, 54, 85, 63, 18, 44, 20, 49, 36, 14, 74, 50, 53, 17, 21, 28, 11, 64, 3, 23, 30, 83, 24, 41, 40, 52, 65, 27, 90, 70, 39, 87, 48, 69, 99, 4, 46, 1, 13, 58, 97, 59, 45, 8, 73, 37, 35, 79, 71, 66, 76, 32, 60, 80, 96, 6, 16, 61, 33, 7, 57, 34, 12, 67, 10, 98, 56, 88, 43, 75, 91, 38, 84, 92, 29, 19, 51, 72, 89, 25, 2, 81, 94, 55, 62, 0]|[2, 1, 2, 1, 1, 2, 1, 1, 1, 1, 1, 0, 2, 2, 1, 2, 0, 0, 0, 2, 2, 1, 0, 2, 0, 2, 2, 1, 0, 1, 1, 1, 0, 0, 1, 0, 2, 1, 2, 2, 0, 0, 1, 1, 0, 2, 0, 2, 1, 0, 0, 2, 0, 0, 2, 0, 1, 1, 0, 0, 2, 1, 1, 1, 2, 0, 2, 2, 0, 1, 2, 1, 1, 2, 0, 1, 2, 1, 1, 2, 2, 1, 1, 0, 1, 0, 0, 0, 1, 1, 1, 1, 1, 1, 2, 1, 2, 0, 1, 0]|[0, 3, 0, 3, 4, 1, 4, 4, 2, 4, 3, 2, 1, 0, 2, 1, 1, 1, 2, 1, 1, 3, 0, 1, 0, 1, 1, 4, 1, 4, 3, 2, 2, 0, 4, 1, 1, 4, 1, 1, 2, 1, 4, 4, 1, 1, 0, 2, 3, 2, 2, 1, 2, 1, 1, 2, 4, 3, 0, 2, 2, 3, 3, 1, 1, 2, 1, 1, 2, 4, 1, 3, 4, 1, 2, 4, 1, 3, 3, 1, 1, 4, 4, 2, 3, 2, 2, 2, 3, 4, 3, 4, 4, 4, 1, 4, 1, 2, 3, 2]|[0, 2, 0, 0, 3, 0, 1, 3, 0, 0, 2, 0, 1, 0, 1, 0, 0, 0, 1, 0, 0, 2, 0, 0, 1, 0, 0, 3, 0, 1, 0, 2, 0, 0, 3, 0, 1, 1, 0, 0, 0, 0, 1, 3, 0, 0, 1, 0, 2, 0, 0, 0, 0, 0, 1, 0, 1, 0, 1, 1, 0, 2, 0, 2, 0, 0, 0, 0, 0, 2, 0, 0, 1, 0, 0, 1, 0, 0, 3, 0, 0, 1, 2, 0, 0, 0, 0, 0, 3, 1, 0, 1, 1, 3, 0, 2, 0, 0, 0, 0],882.9438068981488,49811.41861925377,107369.92734801112,false
30,G3_TWC,G3_TWC,[31, 22, 82, 15, 26, 58, 95, 42, 77, 12, 47, 5, 93, 78, 98, 54, 85, 63, 18, 44, 20, 35, 43, 97, 91, 76, 10, 30, 21, 45, 71, 64, 1, 23, 17, 83, 24, 14, 60, 36, 6, 57, 94, 88, 65, 56, 79, 40, 67, 68, 46, 75, 38, 9, 19, 32, 81, 41, 27, 62, 87, 90, 99, 59, 11, 16, 72, 73, 70, 39, 37, 84, 3, 92, 25, 55, 28, 29, 51, 7, 33, 61, 86, 66, 89, 50, 48, 96, 53, 8, 4, 80, 34, 49, 52, 0, 13, 2, 69, 74]|[1, 1, 0, 1, 1, 1, 2, 1, 2, 1, 2, 2, 2, 1, 1, 0, 0, 1, 0, 2, 2, 0, 1, 2, 0, 1, 2, 2, 0, 0, 1, 2, 1, 2, 1, 0, 2, 0, 1, 1, 0, 1, 1, 1, 0, 2, 1, 1, 0, 0, 0, 0, 1, 1, 2, 1, 2, 0, 0, 0, 2, 1, 0, 1, 2, 1, 2, 1, 1, 1, 1, 1, 2, 0, 1, 1, 0, 0, 0, 1, 2, 1, 0, 2, 1, 0, 0, 0, 0, 1, 0, 0, 2, 0, 1, 0, 0, 0, 1, 2]|[4, 3, 2, 2, 0, 0, 2, 2, 2, 4, 1, 1, 2, 4, 4, 1, 1, 4, 2, 1, 1, 1, 1, 2, 1, 2, 1, 1, 1, 1, 3, 2, 3, 0, 4, 0, 1, 1, 0, 3, 2, 2, 4, 0, 1, 1, 0, 2, 0, 1, 2, 2, 1, 4, 0, 3, 2, 1, 1, 2, 1, 3, 1, 1, 1, 3, 0, 4, 3, 1, 4, 1, 1, 2, 4, 4, 2, 1, 1, 3, 1, 3, 1, 1, 1, 1, 1, 1, 2, 3, 2, 1, 1, 1, 1, 2, 2, 2, 3, 1]|[0, 2, 1, 1, 3, 3, 0, 1, 0, 0, 0, 0, 1, 0, 1, 0, 0, 3, 1, 0, 0, 0, 3, 1, 0, 2, 0, 0, 0, 1, 0, 0, 0, 0, 3, 0, 1, 0, 0, 2, 1, 1, 2, 0, 0, 0, 0, 1, 1, 0, 0, 0, 1, 3, 0, 0, 1, 0, 0, 1, 0, 2, 0, 1, 0, 2, 1, 0, 0, 1, 1, 3, 0, 1, 3, 3, 1, 0, 0, 2, 0, 0, 0, 0, 1, 0, 0, 0, 1, 2, 1, 0, 0, 1, 1, 0, 0, 0, 0, 0],790.0808266764368,57926.0831962336,89131.00769295532,false
30,G1_CMAX,G1_CMAX,[31, 22, 82, 15, 26, 99, 95, 42, 77, 12, 47, 5, 93, 78, 86, 54, 21, 63, 18, 44, 20, 35, 43, 97, 91, 76, 10, 30, 85, 45, 71, 64, 1, 23, 17, 83, 24, 14, 60, 36, 6, 57, 40, 88, 65, 56, 79, 94, 67, 68, 46, 75, 38, 9, 19, 32, 41, 81, 27, 87, 90, 58, 59, 11, 16, 72, 73, 70, 39, 37, 84, 3, 92, 25, 55, 48, 62, 29, 51, 96, 33, 61, 98, 28, 89, 50, 4, 7, 53, 80, 52, 66, 34, 49, 8, 0, 74, 69, 2, 13]|[1, 1, 0, 1, 1, 0, 1, 1, 2, 1, 2, 2, 2, 1, 1, 0, 0, 1, 0, 2, 2, 0, 1, 2, 0, 1, 2, 2, 0, 0, 1, 2, 1, 2, 1, 0, 2, 0, 1, 1, 0, 1, 1, 1, 0, 2, 1, 1, 0, 0, 0, 0, 1, 1, 2, 1, 0, 2, 0, 2, 1, 0, 1, 2, 1, 2, 1, 1, 1, 1, 1, 1, 0, 1, 2, 0, 0, 0, 0, 2, 2, 1, 2, 0, 1, 0, 1, 2, 0, 0, 1, 2, 2, 0, 1, 0, 2, 1, 0, 0]|[0, 3, 2, 2, 4, 1, 2, 3, 2, 4, 1, 1, 2, 4, 4, 1, 1, 4, 2, 1, 1, 1, 1, 2, 1, 2, 1, 1, 2, 1, 3, 2, 3, 1, 4, 0, 1, 1, 0, 3, 2, 2, 2, 0, 1, 1, 0, 4, 0, 1, 2, 2, 1, 4, 0, 3, 1, 1, 1, 1, 3, 1, 1, 1, 3, 0, 4, 3, 1, 4, 1, 1, 0, 4, 1, 1, 2, 1, 1, 1, 1, 3, 1, 2, 1, 1, 4, 1, 2, 1, 1, 1, 1, 1, 3, 2, 1, 4, 2, 2]|[0, 2, 1, 1, 3, 0, 1, 3, 0, 0, 0, 0, 1, 0, 1, 0, 0, 3, 1, 0, 0, 0, 3, 1, 0, 2, 0, 0, 0, 1, 0, 0, 0, 0, 3, 0, 1, 0, 0, 2, 1, 1, 1, 0, 0, 0, 0, 2, 1, 0, 0, 0, 1, 3, 0, 0, 0, 0, 0, 0, 2, 0, 1, 0, 2, 1, 0, 0, 1, 1, 3, 1, 1, 3, 0, 0, 1, 0, 0, 0, 0, 0, 0, 1, 1, 0, 0, 0, 1, 0, 1, 0, 0, 1, 2, 0, 0, 2, 0, 0],731.2476204416437,56784.74762275103,92889.2977037672,false
30,G4_BALANCED,G2_TEC,[31, 22, 82, 15, 26, 9, 95, 42, 77, 68, 47, 5, 93, 78, 86, 54, 85, 63, 18, 44, 20, 49, 36, 14, 74, 50, 53, 17, 21, 28, 11, 64, 3, 23, 30, 83, 24, 41, 40, 52, 65, 27, 90, 70, 39, 87, 48, 69, 99, 4, 46, 1, 13, 58, 97, 59, 45, 8, 73, 37, 35, 79, 71, 66, 76, 32, 60, 80, 96, 6, 67, 61, 33, 7, 57, 34, 12, 16, 10, 98, 56, 88, 43, 75, 91, 38, 19, 92, 29, 84, 2, 55, 72, 25, 89, 81, 94, 51, 62, 0]|[2, 1, 2, 1, 1, 2, 1, 1, 1, 1, 1, 0, 2, 2, 1, 2, 0, 0, 0, 2, 2, 1, 0, 2, 0, 2, 2, 1, 0, 1, 1, 1, 0, 0, 1, 0, 2, 1, 2, 2, 0, 0, 1, 1, 0, 2, 0, 2, 1, 0, 0, 2, 0, 0, 2, 0, 1, 1, 0, 0, 2, 1, 1, 2, 2, 0, 2, 2, 0, 1, 2, 1, 1, 2, 0, 1, 1, 2, 1, 2, 2, 1, 1, 0, 1, 0, 1, 0, 1, 0, 2, 0, 1, 1, 1, 1, 2, 1, 1, 0]|[0, 3, 0, 3, 4, 1, 4, 4, 2, 4, 3, 2, 1, 0, 2, 1, 1, 1, 2, 1, 1, 3, 0, 1, 0, 1, 1, 4, 1, 4, 3, 2, 2, 0, 4, 1, 1, 4, 1, 1, 2, 1, 4, 4, 1, 1, 0, 2, 3, 2, 2, 1, 2, 1, 1, 2, 4, 3, 0, 2, 2, 3, 3, 1, 1, 2, 1, 1, 2, 4, 1, 3, 4, 1, 2, 4, 3, 1, 3, 1, 1, 4, 4, 2, 3, 2, 4, 2, 3, 2, 1, 2, 4, 4, 4, 4, 1, 3, 3, 2]|[0, 2, 0, 0, 3, 0, 1, 3, 0, 0, 2, 0, 1, 0, 1, 0, 0, 0, 1, 0, 0, 2, 0, 0, 1, 0, 0, 3, 0, 1, 0, 2, 0, 0, 3, 0, 1, 3, 0, 0, 0, 0, 1, 3, 0, 0, 1, 0, 2, 0, 0, 0, 0, 0, 1, 0, 1, 0, 1, 1, 0, 2, 0, 0, 0, 0, 0, 0, 0, 2, 0, 0, 1, 0, 0, 1, 0, 0, 3, 0, 0, 1, 2, 0, 0, 0, 1, 0, 3, 0, 0, 0, 1, 3, 1, 2, 0, 0, 0, 0],913.6014546494436,49429.399536387646,108519.34871116177,true
30,G2_TEC,G2_TEC,[31, 22, 82, 15, 26, 9, 95, 42, 77, 68, 47, 5, 93, 78, 86, 54, 85, 63, 18, 44, 20, 49, 36, 14, 74, 50, 53, 17, 21, 28, 11, 64, 3, 23, 30, 83, 24, 41, 40, 52, 65, 27, 90, 70, 39, 87, 48, 69, 99, 4, 46, 1, 13, 58, 97, 59, 45, 8, 73, 37, 35, 79, 71, 66, 76, 32, 60, 80, 96, 6, 16, 61, 33, 7, 57, 34, 12, 67, 10, 98, 56, 88, 43, 75, 91, 38, 84, 92, 29, 19, 51, 55, 72, 2, 89, 81, 94, 25, 62, 0]|[2, 1, 2, 1, 1, 2, 1, 1, 1, 1, 1, 0, 2, 2, 1, 2, 0, 0, 0, 2, 2, 1, 0, 2, 0, 2, 2, 1, 0, 1, 1, 1, 0, 0, 1, 0, 2, 1, 2, 2, 0, 0, 1, 1, 0, 2, 0, 2, 1, 0, 0, 2, 0, 0, 2, 0, 1, 1, 0, 0, 2, 1, 1, 1, 2, 0, 2, 2, 0, 1, 2, 1, 1, 2, 0, 1, 2, 1, 1, 2, 2, 1, 1, 0, 1, 0, 0, 0, 1, 1, 1, 0, 1, 2, 1, 1, 2, 1, 1, 0]|[0, 3, 0, 3, 4, 1, 4, 4, 2, 4, 3, 2, 1, 0, 2, 1, 1, 1, 2, 1, 1, 3, 0, 1, 0, 1, 1, 4, 1, 4, 3, 2, 2, 0, 4, 1, 1, 4, 1, 1, 2, 1, 4, 4, 1, 1, 0, 2, 3, 2, 2, 1, 2, 1, 1, 2, 4, 3, 0, 2, 2, 3, 3, 1, 1, 2, 1, 1, 2, 4, 1, 3, 4, 1, 2, 4, 1, 3, 3, 1, 1, 4, 4, 2, 3, 2, 2, 2, 3, 4, 3, 2, 4, 1, 4, 4, 1, 4, 3, 2]|[0, 2, 0, 0, 3, 0, 1, 3, 0, 0, 2, 0, 1, 0, 1, 0, 0, 0, 1, 0, 0, 2, 0, 0, 1, 0, 0, 3, 0, 1, 0, 2, 0, 0, 3, 0, 1, 1, 0, 0, 0, 0, 1, 3, 0, 0, 1, 0, 2, 0, 0, 0, 0, 0, 1, 0, 1, 0, 1, 1, 0, 2, 0, 2, 0, 0, 0, 0, 0, 2, 0, 0, 1, 0, 0, 1, 0, 0, 3, 0, 0, 1, 2, 0, 0, 0, 0, 0, 3, 1, 0, 0, 1, 0, 1, 2, 0, 3, 0, 0],882.9438068981488,49709.36040320535,107083.76232860672,false
30,G3_TWC,G4_BALANCED,[31, 22, 82, 15, 26, 9, 95, 42, 77, 68, 47, 5, 93, 78, 86, 54, 85, 63, 18, 44, 20, 49, 36, 14, 74, 50, 53, 17, 21, 28, 71, 64, 3, 23, 30, 83, 24, 41, 60, 52, 65, 27, 90, 70, 39, 87, 48, 69, 99, 4, 46, 1, 13, 58, 97, 59, 45, 8, 73, 37, 35, 79, 11, 66, 76, 32, 40, 80, 96, 6, 16, 61, 33, 7, 57, 34, 12, 67, 10, 98, 56, 88, 29, 75, 91, 38, 19, 92, 43, 84, 2, 72, 81, 25, 51, 55, 62, 89, 94, 0]|[2, 1, 2, 1, 1, 2, 1, 1, 1, 1, 1, 0, 2, 2, 1, 2, 0, 0, 0, 2, 2, 1, 0, 2, 0, 2, 2, 1, 0, 1, 1, 1, 0, 0, 1, 0, 2, 1, 2, 2, 0, 0, 1, 1, 0, 2, 0, 2, 1, 0, 0, 2, 0, 0, 2, 0, 1, 1, 0, 0, 2, 1, 0, 2, 2, 0, 2, 2, 0, 1, 2, 1, 1, 2, 0, 1, 1, 1, 1, 0, 0, 1, 1, 0, 1, 0, 1, 0, 1, 0, 2, 1, 1, 1, 1, 0, 1, 1, 1, 0]|[0, 3, 0, 3, 4, 1, 4, 4, 2, 4, 3, 2, 1, 0, 2, 1, 1, 1, 2, 1, 1, 3, 0, 1, 0, 1, 1, 4, 1, 4, 3, 2, 2, 0, 4, 1, 1, 4, 0, 1, 2, 1, 4, 4, 1, 1, 0, 2, 3, 1, 2, 1, 2, 1, 1, 2, 4, 3, 0, 2, 2, 3, 1, 0, 1, 2, 1, 1, 2, 4, 1, 3, 4, 1, 2, 4, 3, 3, 3, 2, 2, 4, 3, 2, 3, 2, 4, 2, 4, 2, 1, 4, 1, 4, 3, 2, 3, 4, 4, 2]|[0, 2, 0, 0, 3, 0, 1, 3, 0, 0, 2, 0, 1, 0, 1, 0, 0, 0, 1, 0, 0, 2, 0, 0, 1, 0, 0, 3, 0, 1, 0, 2, 0, 1, 3, 0, 1, 3, 1, 0, 0, 0, 1, 3, 0, 0, 1, 0, 2, 0, 0, 0, 0, 0, 1, 0, 1, 0, 1, 1, 0, 2, 0, 0, 0, 0, 0, 0, 0, 2, 0, 0, 1, 0, 0, 1, 0, 0, 3, 0, 0, 1, 0, 0, 0, 0, 3, 0, 2, 0, 0, 2, 1, 3, 0, 0, 0, 1, 2, 0],895.882654114783,51698.08069537171,105231.34442980829,true
31,G1_CMAX,G1_CMAX,[31, 22, 82, 15, 26, 99, 95, 42, 77, 12, 47, 5, 93, 78, 86, 54, 21, 63, 18, 44, 20, 35, 43, 97, 91, 76, 10, 30, 85, 45, 71, 64, 1, 23, 17, 83, 24, 14, 60, 36, 6, 57, 40, 88, 65, 56, 79, 94, 67, 68, 46, 75, 38, 9, 19, 32, 41, 81, 27, 87, 90, 58, 59, 11, 16, 72, 73, 70, 39, 37, 84, 3, 92, 25, 55, 48, 62, 29, 51, 96, 33, 61, 98, 28, 89, 50, 4, 7, 53, 80, 52, 66, 34, 49, 8, 0, 74, 69, 2, 13]|[1, 1, 0, 1, 1, 0, 1, 1, 2, 1, 2, 2, 2, 1, 1, 0, 0, 1, 0, 2, 2, 0, 1, 2, 0, 1, 2, 2, 0, 0, 1, 2, 1, 2, 1, 0, 2, 0, 1, 1, 0, 1, 1, 1, 0, 2, 1, 1, 0, 0, 0, 0, 1, 1, 2, 1, 0, 2, 0, 2, 1, 0, 1, 2, 1, 2, 1, 1, 1, 1, 1, 1, 0, 1, 2, 0, 0, 0, 0, 2, 2, 1, 2, 0, 1, 0, 1, 2, 0, 0, 1, 2, 2, 0, 1, 0, 2, 1, 0, 0]|[0, 3, 2, 2, 4, 1, 2, 3, 2, 4, 1, 1, 2, 4, 4, 1, 1, 4, 2, 1, 1, 1, 1, 2, 1, 2, 1, 1, 2, 1, 3, 2, 3, 1, 4, 0, 1, 1, 0, 3, 2, 2, 2, 0, 1, 1, 0, 4, 0, 1, 2, 2, 1, 4, 0, 3, 1, 1, 1, 1, 3, 1, 1, 1, 3, 0, 4, 3, 1, 4, 1, 1, 0, 4, 1, 1, 2, 1, 1, 1, 1, 3, 1, 2, 1, 1, 4, 1, 2, 1, 1, 1, 1, 1, 3, 2, 1, 4, 2, 2]|[0, 2, 1, 1, 3, 0, 1, 3, 0, 0, 0, 0, 1, 0, 1, 0, 0, 3, 1, 0, 0, 0, 3, 1, 0, 2, 0, 0, 0, 1, 0, 0, 0, 0, 3, 0, 1, 0, 0, 2, 1, 1, 1, 0, 0, 0, 0, 2, 1, 0, 0, 0, 1, 3, 0, 0, 0, 0, 0, 0, 2, 0, 1, 0, 2, 1, 0, 0, 1, 1, 3, 1, 1, 3, 0, 0, 1, 0, 0, 0, 0, 0, 0, 1, 1, 0, 0, 0, 1, 0, 1, 0, 0, 1, 2, 0, 0, 2, 0, 0],731.2476204416437,56784.74762275103,92889.2977037672,false
31,G4_BALANCED,G4_BALANCED,[31, 11, 15, 82, 26, 9, 95, 32, 77, 68, 47, 5, 93, 78, 86, 54, 85, 63, 18, 44, 20, 49, 36, 14, 74, 50, 53, 17, 21, 45, 71, 64, 3, 23, 30, 83, 24, 41, 60, 52, 65, 27, 90, 70, 39, 87, 48, 69, 99, 4, 46, 1, 13, 58, 97, 59, 28, 8, 73, 37, 35, 79, 22, 66, 76, 42, 40, 80, 96, 6, 16, 61, 33, 7, 57, 34, 12, 67, 10, 98, 56, 88, 51, 75, 91, 38, 84, 92, 29, 19, 43, 72, 89, 2, 55, 81, 94, 25, 62, 0]|[2, 1, 2, 1, 1, 2, 1, 1, 1, 1, 1, 0, 2, 2, 1, 2, 0, 0, 0, 2, 2, 1, 0, 2, 0, 2, 2, 1, 0, 1, 1, 1, 0, 0, 1, 0, 2, 1, 2, 2, 0, 0, 1, 1, 0, 2, 0, 2, 1, 0, 0, 2, 0, 0, 2, 0, 1, 1, 0, 0, 2, 1, 0, 2, 2, 0, 2, 2, 0, 1, 2, 1, 1, 2, 0, 1, 1, 1, 1, 2, 2, 1, 1, 0, 1, 0, 0, 0, 1, 1, 1, 1, 1, 2, 0, 1, 2, 1, 1, 0]|[1, 3, 0, 3, 4, 1, 4, 4, 2, 4, 3, 2, 1, 0, 2, 1, 1, 1, 2, 1, 1, 3, 0, 1, 0, 1, 1, 4, 1, 4, 3, 2, 2, 0, 4, 1, 1, 4, 1, 1, 2, 1, 4, 4, 1, 1, 0, 2, 3, 2, 2, 1, 2, 1, 1, 2, 4, 3, 0, 2, 2, 3, 1, 0, 1, 2, 1, 1, 2, 4, 1, 3, 4, 1, 2, 4, 3, 3, 3, 1, 1, 4, 3, 2, 3, 2, 2, 2, 3, 4, 4, 4, 4, 1, 2, 1, 1, 4, 3, 2]|[1, 2, 0, 0, 3, 0, 1, 3, 0, 0, 2, 0, 1, 0, 1, 0, 0, 0, 1, 0, 0, 2, 0, 0, 1, 0, 0, 3, 0, 1, 0, 2, 0, 1, 3, 0, 1, 1, 0, 0, 0, 0, 1, 3, 0, 0, 1, 0, 2, 0, 0, 0, 0, 0, 1, 0, 1, 0, 1, 1, 0, 2, 0, 0, 0, 0, 0, 0, 0, 2, 0, 0, 1, 0, 0, 1, 0, 0, 3, 0, 0, 1, 0, 0, 0, 0, 0, 0, 3, 1, 2, 1, 1, 0, 0, 1, 0, 3, 0, 0],859.0664390750953,51107.12310263938,109967.31677983994,false
31,G2_TEC,G2_TEC,[31, 22, 82, 15, 26, 9, 95, 42, 77, 68, 47, 5, 93, 78, 86, 54, 85, 63, 18, 44, 20, 49, 36, 14, 74, 50, 53, 17, 21, 28, 11, 64, 3, 23, 30, 83, 24, 41, 40, 52, 65, 27, 90, 70, 39, 87, 48, 69, 99, 4, 46, 1, 13, 58, 97, 59, 45, 8, 73, 37, 35, 79, 71, 66, 76, 32, 60, 80, 96, 6, 16, 61, 33, 7, 57, 34, 12, 67, 10, 98, 56, 88, 43, 75, 91, 38, 84, 92, 29, 19, 51, 55, 72, 2, 89, 81, 94, 25, 62, 0]|[2, 1, 2, 1, 1, 2, 1, 1, 1, 1, 1, 0, 2, 2, 1, 2, 0, 0, 0, 2, 2, 1, 0, 2, 0, 2, 2, 1, 0, 1, 1, 1, 0, 0, 1, 0, 2, 1, 2, 2, 0, 0, 1, 1, 0, 2, 0, 2, 1, 0, 0, 2, 0, 0, 2, 0, 1, 1, 0, 0, 2, 1, 1, 1, 2, 0, 2, 2, 0, 1, 2, 1, 1, 2, 0, 1, 2, 1, 1, 2, 2, 1, 1, 0, 1, 0, 0, 0, 1, 1, 1, 0, 1, 2, 1, 1, 2, 1, 1, 0]|[0, 3, 0, 3, 4, 1, 4, 4, 2, 4, 3, 2, 1, 0, 2, 1, 1, 1, 2, 1, 1, 3, 0, 1, 0, 1, 1, 4, 1, 4, 3, 2, 2, 0, 4, 1, 1, 4, 1, 1, 2, 1, 4, 4, 1, 1, 0, 2, 3, 2, 2, 1, 2, 1, 1, 2, 4, 3, 0, 2, 2, 3, 3, 1, 1, 2, 1, 1, 2, 4, 1, 3, 4, 1, 2, 4, 1, 3, 3, 1, 1, 4, 4, 2, 3, 2, 2, 2, 3, 4, 3, 2, 4, 1, 4, 4, 1, 4, 3, 2]|[0, 2, 0, 0, 3, 0, 1, 3, 0, 0, 2, 0, 1, 0, 1, 0, 0, 0, 1, 0, 0, 2, 0, 0, 1, 0, 0, 3, 0, 1, 0, 2, 0, 0, 3, 0, 1, 1, 0, 0, 0, 0, 1, 3, 0, 0, 1, 0, 2, 0, 0, 0, 0, 0, 1, 0, 1, 0, 1, 1, 0, 2, 0, 2, 0, 0, 0, 0, 0, 2, 0, 0, 1, 0, 0, 1, 0, 0, 3, 0, 0, 1, 2, 0, 0, 0, 0, 0, 3, 1, 0, 0, 1, 0, 1, 2, 0, 3, 0, 0],882.9438068981488,49709.36040320535,107083.76232860672,false
31,G3_TWC,G3_TWC,[31, 22, 82, 15, 26, 58, 95, 42, 77, 12, 47, 5, 93, 78, 98, 54, 85, 63, 18, 44, 20, 35, 43, 97, 91, 76, 10, 30, 21, 45, 71, 64, 1, 23, 17, 83, 24, 14, 60, 36, 6, 57, 94, 88, 65, 56, 79, 40, 67, 68, 46, 75, 38, 9, 19, 32, 81, 41, 27, 62, 87, 90, 99, 59, 11, 16, 72, 73, 70, 39, 37, 84, 3, 92, 25, 55, 28, 29, 51, 7, 33, 61, 86, 66, 89, 50, 48, 96, 53, 8, 4, 80, 34, 49, 52, 0, 13, 2, 69, 74]|[1, 1, 0, 1, 1, 1, 2, 1, 2, 1, 2, 2, 2, 1, 1, 0, 0, 1, 0, 2, 2, 0, 1, 2, 0, 1, 2, 2, 0, 0, 1, 2, 1, 2, 1, 0, 2, 0, 1, 1, 0, 1, 1, 1, 0, 2, 1, 1, 0, 0, 0, 0, 1, 1, 2, 1, 2, 0, 0, 0, 2, 1, 0, 1, 2, 1, 2, 1, 1, 1, 1, 1, 2, 0, 1, 1, 0, 0, 0, 1, 2, 1, 0, 2, 1, 0, 0, 0, 0, 1, 0, 0, 2, 0, 1, 0, 0, 0, 1, 2]|[4, 3, 2, 2, 0, 0, 2, 2, 2, 4, 1, 1, 2, 4, 4, 1, 1, 4, 2, 1, 1, 1, 1, 2, 1, 2, 1, 1, 1, 1, 3, 2, 3, 0, 4, 0, 1, 1, 0, 3, 2, 2, 4, 0, 1, 1, 0, 2, 0, 1, 2, 2, 1, 4, 0, 3, 2, 1, 1, 2, 1, 3, 1, 1, 1, 3, 0, 4, 3, 1, 4, 1, 1, 2, 4, 4, 2, 1, 1, 3, 1, 3, 1, 1, 1, 1, 1, 1, 2, 3, 2, 1, 1, 1, 1, 2, 2, 2, 3, 1]|[0, 2, 1, 1, 3, 3, 0, 1, 0, 0, 0, 0, 1, 0, 1, 0, 0, 3, 1, 0, 0, 0, 3, 1, 0, 2, 0, 0, 0, 1, 0, 0, 0, 0, 3, 0, 1, 0, 0, 2, 1, 1, 2, 0, 0, 0, 0, 1, 1, 0, 0, 0, 1, 3, 0, 0, 1, 0, 0, 1, 0, 2, 0, 1, 0, 2, 1, 0, 0, 1, 1, 3, 0, 1, 3, 3, 1, 0, 0, 2, 0, 0, 0, 0, 1, 0, 0, 0, 1, 2, 1, 0, 0, 1, 1, 0, 0, 0, 0, 0],790.0808266764368,57926.0831962336,89131.00769295532,false
31,G1_CMAX,G1_CMAX,[31, 22, 82, 15, 26, 99, 95, 42, 77, 12, 47, 5, 93, 78, 86, 54, 21, 63, 18, 44, 20, 35, 43, 97, 91, 76, 10, 30, 85, 45, 71, 64, 1, 23, 17, 83, 24, 14, 60, 36, 6, 57, 40, 88, 65, 56, 79, 94, 67, 68, 46, 75, 38, 9, 19, 32, 41, 81, 27, 87, 90, 58, 59, 11, 16, 72, 73, 70, 39, 37, 84, 3, 92, 25, 55, 48, 62, 29, 51, 96, 33, 61, 98, 28, 89, 50, 4, 7, 53, 80, 52, 66, 34, 49, 8, 0, 74, 69, 2, 13]|[1, 1, 0, 1, 1, 0, 1, 1, 2, 1, 2, 2, 2, 1, 1, 0, 0, 1, 0, 2, 2, 0, 1, 2, 0, 1, 2, 2, 0, 0, 1, 2, 1, 2, 1, 0, 2, 0, 1, 1, 0, 1, 1, 1, 0, 2, 1, 1, 0, 0, 0, 0, 1, 1, 2, 1, 0, 2, 0, 2, 1, 0, 1, 2, 1, 2, 1, 1, 1, 1, 1, 1, 0, 1, 2, 0, 0, 0, 0, 2, 2, 1, 2, 0, 1, 0, 1, 2, 0, 0, 1, 2, 2, 0, 1, 0, 2, 1, 0, 0]|[0, 3, 2, 2, 4, 1, 2, 3, 2, 4, 1, 1, 2, 4, 4, 1, 1, 4, 2, 1, 1, 1, 1, 2, 1, 2, 1, 1, 2, 1, 3, 2, 3, 1, 4, 0, 1, 1, 0, 3, 2, 2, 2, 0, 1, 1, 0, 4, 0, 1, 2, 2, 1, 4, 0, 3, 1, 1, 1, 1, 3, 1, 1, 1, 3, 0, 4, 3, 1, 4, 1, 1, 0, 4, 1, 1, 2, 1, 1, 1, 1, 3, 1, 2, 1, 1, 4, 1, 2, 1, 1, 1, 1, 1, 3, 2, 1, 4, 2, 2]|[0, 2, 1, 1, 3, 0, 1, 3, 0, 0, 0, 0, 1, 0, 1, 0, 0, 3, 1, 0, 0, 0, 3, 1, 0, 2, 0, 0, 0, 1, 0, 0, 0, 0, 3, 0, 1, 0, 0, 2, 1, 1, 1, 0, 0, 0, 0, 2, 1, 0, 0, 0, 1, 3, 0, 0, 0, 0, 0, 0, 2, 0, 1, 0, 2, 1, 0, 0, 1, 1, 3, 1, 1, 3, 0, 0, 1, 0, 0, 0, 0, 0, 0, 1, 1, 0, 0, 0, 1, 0, 1, 0, 0, 1, 2, 0, 0, 2, 0, 0],731.2476204416437,56784.74762275103,92889.2977037672,false
31,G4_BALANCED,G2_TEC,[31, 22, 82, 15, 26, 9, 95, 42, 77, 68, 47, 5, 93, 78, 86, 54, 85, 63, 18, 44, 20, 49, 36, 14, 74, 50, 53, 17, 21, 28, 11, 64, 3, 23, 30, 83, 24, 41, 60, 52, 65, 27, 90, 70, 39, 87, 48, 69, 99, 4, 46, 1, 13, 58, 97, 59, 45, 8, 73, 37, 35, 79, 71, 66, 76, 32, 40, 80, 96, 6, 16, 61, 33, 7, 57, 34, 12, 67, 10, 98, 56, 88, 43, 75, 91, 38, 84, 92, 29, 19, 2, 72, 89, 25, 51, 81, 94, 55, 62, 0]|[2, 1, 2, 1, 1, 0, 1, 1, 1, 1, 1, 0, 2, 2, 1, 2, 0, 0, 0, 2, 2, 1, 0, 2, 0, 2, 2, 1, 0, 1, 1, 1, 0, 0, 1, 0, 2, 1, 2, 2, 0, 0, 1, 1, 0, 2, 0, 2, 1, 0, 0, 2, 0, 0, 2, 0, 1, 1, 0, 0, 2, 1, 1, 1, 2, 0, 2, 2, 0, 1, 2, 1, 1, 2, 0, 1, 2, 1, 1, 2, 2, 1, 1, 0, 1, 0, 0, 0, 1, 1, 2, 1, 1, 1, 1, 1, 2, 0, 1, 0]|[0, 3, 0, 3, 4, 1, 4, 4, 2, 4, 3, 2, 1, 0, 2, 1, 1, 1, 2, 1, 1, 3, 0, 1, 0, 1, 1, 4, 1, 4, 3, 2, 2, 0, 4, 1, 1, 4, 1, 1, 2, 1, 4, 4, 1, 1, 0, 2, 3, 2, 2, 1, 2, 1, 1, 2, 4, 3, 0, 2, 2, 3, 3, 1, 1, 2, 1, 1, 2, 4, 1, 3, 4, 1, 2, 4, 1, 3, 3, 1, 1, 4, 4, 2, 3, 2, 2, 2, 3, 4, 1, 4, 4, 4, 3, 4, 1, 2, 3, 2]|[0, 2, 0, 0, 3, 0, 1, 3, 0, 0, 2, 0, 1, 0, 1, 0, 0, 0, 1, 0, 0, 2, 0, 0, 1, 0, 0, 3, 0, 1, 0, 2, 0, 0, 3, 0, 1, 3, 0, 0, 0, 0, 1, 3, 0, 0, 1, 0, 2, 0, 0, 0, 0, 0, 1, 0, 1, 0, 1, 1, 0, 2, 0, 2, 0, 0, 0, 0, 0, 2, 0, 0, 1, 0, 0, 1, 0, 0, 3, 0, 0, 1, 2, 0, 0, 0, 0, 0, 3, 1, 0, 2, 1, 3, 0, 1, 0, 0, 0, 0],919.6758206014675,50048.795469817465,106137.53807719007,true
31,G2_TEC,G2_TEC,[31, 22, 82, 15, 26, 9, 95, 42, 77, 68, 47, 5, 93, 78, 86, 54, 85, 63, 18, 44, 20, 49, 36, 14, 74, 50, 53, 17, 21, 28, 11, 64, 3, 23, 30, 83, 24, 41, 40, 52, 65, 27, 90, 70, 39, 87, 48, 69, 99, 4, 46, 1, 13, 58, 97, 59, 45, 8, 73, 37, 35, 79, 71, 66, 76, 32, 60, 80, 96, 6, 16, 61, 33, 7, 57, 34, 12, 67, 10, 98, 56, 88, 43, 75, 91, 38, 84, 92, 29, 19, 51, 55, 72, 2, 89, 81, 94, 25, 62, 0]|[2, 1, 2, 1, 1, 2, 1, 1, 1, 1, 1, 0, 2, 2, 1, 2, 0, 0, 0, 2, 2, 1, 0, 2, 0, 2, 2, 1, 0, 1, 1, 1, 0, 0, 1, 0, 2, 1, 2, 2, 0, 0, 1, 1, 0, 2, 0, 2, 1, 0, 0, 2, 0, 0, 2, 0, 1, 1, 0, 0, 2, 1, 1, 1, 2, 0, 2, 2, 0, 1, 2, 1, 1, 2, 0, 1, 2, 1, 1, 2, 2, 1, 1, 0, 1, 0, 0, 0, 1, 1, 1, 0, 1, 2, 1, 1, 2, 1, 1, 0]|[0, 3, 0, 3, 4, 1, 4, 4, 2, 4, 3, 2, 1, 0, 2, 1, 1, 1, 2, 1, 1, 3, 0, 1, 0, 1, 1, 4, 1, 4, 3, 2, 2, 0, 4, 1, 1, 4, 1, 1, 2, 1, 4, 4, 1, 1, 0, 2, 3, 2, 2, 1, 2, 1, 1, 2, 4, 3, 0, 2, 2, 3, 3, 1, 1, 2, 1, 1, 2, 4, 1, 3, 4, 1, 2, 4, 1, 3, 3, 1, 1, 4, 4, 2, 3, 2, 2, 2, 3, 4, 3, 2, 4, 1, 4, 4, 1, 4, 3, 2]|[0, 2, 0, 0, 3, 0, 1, 3, 0, 0, 2, 0, 1, 0, 1, 0, 0, 0, 1, 0, 0, 2, 0, 0, 1, 0, 0, 3, 0, 1, 0, 2, 0, 0, 3, 0, 1, 1, 0, 0, 0, 0, 1, 3, 0, 0, 1, 0, 2, 0, 0, 0, 0, 0, 1, 0, 1, 0, 1, 1, 0, 2, 0, 2, 0, 0, 0, 0, 0, 2, 0, 0, 1, 0, 0, 1, 0, 0, 3, 0, 0, 1, 2, 0, 0, 0, 0, 0, 3, 1, 0, 0, 1, 0, 1, 2, 0, 3, 0, 0],882.9438068981488,49709.36040320535,107083.76232860672,false
31,G3_TWC,G3_TWC,[31, 22, 82, 15, 26, 58, 95, 42, 77, 12, 47, 5, 93, 78, 98, 54, 85, 63, 18, 44, 20, 35, 43, 97, 91, 76, 10, 30, 21, 45, 71, 64, 1, 23, 17, 83, 24, 14, 60, 36, 6, 57, 94, 88, 65, 56, 79, 40, 67, 68, 46, 75, 38, 9, 19, 32, 81, 41, 27, 62, 87, 90, 99, 59, 11, 16, 72, 73, 70, 39, 37, 84, 3, 92, 25, 55, 28, 29, 51, 7, 33, 61, 86, 66, 89, 50, 48, 96, 53, 8, 4, 80, 34, 49, 52, 0, 13, 2, 69, 74]|[1, 1, 0, 1, 1, 1, 2, 1, 2, 1, 2, 2, 2, 1, 1, 0, 0, 1, 0, 2, 2, 0, 1, 2, 0, 1, 2, 2, 0, 0, 1, 2, 1, 2, 1, 0, 2, 0, 1, 1, 0, 1, 1, 1, 0, 2, 1, 1, 0, 0, 0, 0, 1, 1, 2, 1, 2, 0, 0, 0, 2, 1, 0, 1, 2, 1, 2, 1, 1, 1, 1, 1, 2, 0, 1, 1, 0, 0, 0, 1, 2, 1, 0, 2, 1, 0, 0, 0, 0, 1, 0, 0, 2, 0, 1, 0, 0, 0, 1, 2]|[4, 3, 2, 2, 0, 0, 2, 2, 2, 4, 1, 1, 2, 4, 4, 1, 1, 4, 2, 1, 1, 1, 1, 2, 1, 2, 1, 1, 1, 1, 3, 2, 3, 0, 4, 0, 1, 1, 0, 3, 2, 2, 4, 0, 1, 1, 0, 2, 0, 1, 2, 2, 1, 4, 0, 3, 2, 1, 1, 2, 1, 3, 1, 1, 1, 3, 0, 4, 3, 1, 4, 1, 1, 2, 4, 4, 2, 1, 1, 3, 1, 3, 1, 1, 1, 1, 1, 1, 2, 3, 2, 1, 1, 1, 1, 2, 2, 2, 3, 1]|[0, 2, 1, 1, 3, 3, 0, 1, 0, 0, 0, 0, 1, 0, 1, 0, 0, 3, 1, 0, 0, 0, 3, 1, 0, 2, 0, 0, 0, 1, 0, 0, 0, 0, 3, 0, 1, 0, 0, 2, 1, 1, 2, 0, 0, 0, 0, 1, 1, 0, 0, 0, 1, 3, 0, 0, 1, 0, 0, 1, 0, 2, 0, 1, 0, 2, 1, 0, 0, 1, 1, 3, 0, 1, 3, 3, 1, 0, 0, 2, 0, 0, 0, 0, 1, 0, 0, 0, 1, 2, 1, 0, 0, 1, 1, 0, 0, 0, 0, 0],790.0808266764368,57926.0831962336,89131.00769295532,false
31,G1_CMAX,G1_CMAX,[31, 22, 82, 15, 26, 99, 95, 42, 77, 12, 47, 5, 93, 78, 86, 54, 21, 63, 18, 44, 20, 35, 43, 97, 91, 76, 10, 30, 85, 45, 71, 64, 1, 23, 17, 83, 24, 14, 60, 36, 6, 57, 40, 88, 65, 56, 79, 94, 67, 68, 46, 75, 38, 9, 19, 32, 41, 81, 27, 87, 90, 58, 59, 11, 16, 72, 73, 70, 39, 37, 84, 3, 92, 25, 55, 48, 62, 29, 51, 96, 33, 61, 98, 28, 89, 50, 4, 7, 53, 80, 52, 66, 34, 49, 8, 0, 74, 69, 2, 13]|[1, 1, 0, 1, 1, 0, 1, 1, 2, 1, 2, 2, 2, 1, 1, 0, 0, 1, 0, 2, 2, 0, 1, 2, 0, 1, 2, 2, 0, 0, 1, 2, 1, 2, 1, 0, 2, 0, 1, 1, 0, 1, 1, 1, 0, 2, 1, 1, 0, 0, 0, 0, 1, 1, 2, 1, 0, 2, 0, 2, 1, 0, 1, 2, 1, 2, 1, 1, 1, 1, 1, 1, 0, 1, 2, 0, 0, 0, 0, 2, 2, 1, 2, 0, 1, 0, 1, 2, 0, 0, 1, 2, 2, 0, 1, 0, 2, 1, 0, 0]|[0, 3, 2, 2, 4, 1, 2, 3, 2, 4, 1, 1, 2, 4, 4, 1, 1, 4, 2, 1, 1, 1, 1, 2, 1, 2, 1, 1, 2, 1, 3, 2, 3, 1, 4, 0, 1, 1, 0, 3, 2, 2, 2, 0, 1, 1, 0, 4, 0, 1, 2, 2, 1, 4, 0, 3, 1, 1, 1, 1, 3, 1, 1, 1, 3, 0, 4, 3, 1, 4, 1, 1, 0, 4, 1, 1, 2, 1, 1, 1, 1, 3, 1, 2, 1, 1, 4, 1, 2, 1, 1, 1, 1, 1, 3, 2, 1, 4, 2, 2]|[0, 2, 1, 1, 3, 0, 1, 3, 0, 0, 0, 0, 1, 0, 1, 0, 0, 3, 1, 0, 0, 0, 3, 1, 0, 2, 0, 0, 0, 1, 0, 0, 0, 0, 3, 0, 1, 0, 0, 2, 1, 1, 1, 0, 0, 0, 0, 2, 1, 0, 0, 0, 1, 3, 0, 0, 0, 0, 0, 0, 2, 0, 1, 0, 2, 1, 0, 0, 1, 1, 3, 1, 1, 3, 0, 0, 1, 0, 0, 0, 0, 0, 0, 1, 1, 0, 0, 0, 1, 0, 1, 0, 0, 1, 2, 0, 0, 2, 0, 0],731.2476204416437,56784.74762275103,92889.2977037672,false
31,G4_BALANCED,G2_TEC,[31, 22, 82, 15, 26, 9, 95, 42, 77, 68, 47, 5, 93, 78, 86, 54, 85, 63, 18, 44, 20, 49, 36, 14, 74, 50, 53, 17, 21, 28, 11, 64, 3, 23, 30, 83, 24, 41, 60, 52, 65, 27, 90, 70, 39, 87, 48, 69, 99, 4, 46, 1, 13, 58, 97, 59, 45, 8, 73, 37, 35, 79, 71, 66, 76, 32, 40, 80, 96, 6, 16, 61, 33, 7, 57, 34, 12, 67, 10, 98, 56, 88, 43, 75, 91, 38, 84, 92, 29, 19, 2, 72, 89, 25, 51, 81, 94, 55, 62, 0]|[2, 1, 2, 1, 1, 0, 1, 1, 1, 1, 1, 0, 2, 2, 1, 2, 0, 0, 0, 2, 2, 1, 0, 2, 0, 2, 2, 1, 0, 1, 1, 1, 0, 0, 1, 0, 2, 1, 2, 2, 0, 0, 1, 1, 0, 2, 0, 2, 1, 0, 0, 2, 0, 0, 2, 0, 1, 1, 0, 0, 2, 1, 1, 1, 2, 0, 2, 2, 0, 1, 2, 1, 1, 2, 0, 1, 2, 1, 1, 2, 2, 1, 1, 0, 1, 0, 0, 0, 1, 1, 2, 1, 1, 1, 1, 1, 2, 0, 1, 0]|[0, 3, 0, 3, 4, 1, 4, 4, 2, 4, 3, 2, 1, 0, 2, 1, 1, 1, 2, 1, 1, 3, 0, 1, 0, 1, 1, 4, 1, 4, 3, 2, 2, 0, 4, 1, 1, 4, 1, 1, 2, 1, 4, 4, 1, 1, 0, 2, 3, 2, 2, 1, 2, 1, 1, 2, 4, 3, 0, 2, 2, 3, 3, 1, 1, 2, 1, 1, 2, 4, 1, 3, 4, 1, 2, 4, 1, 3, 3, 1, 1, 4, 4, 2, 3, 2, 2, 2, 3, 4, 1, 4, 4, 4, 3, 4, 1, 2, 3, 2]|[0, 2, 0, 0, 3, 0, 1, 3, 0, 0, 2, 0, 1, 0, 1, 0, 0, 0, 1, 0, 0, 2, 0, 0, 1, 0, 0, 3, 0, 1, 0, 2, 0, 0, 3, 0, 1, 3, 0, 0, 0, 0, 1, 3, 0, 0, 1, 0, 2, 0, 0, 0, 0, 0, 1, 0, 1, 0, 1, 1, 0, 2, 0, 2, 0, 0, 0, 0, 0, 2, 0, 0, 1, 0, 0, 1, 0, 0, 3, 0, 0, 1, 2, 0, 0, 0, 0, 0, 3, 1, 0, 2, 1, 3, 0, 1, 0, 0, 0, 0],919.6758206014675,50048.795469817465,106137.53807719007,true
31,G2_TEC,G2_TEC,[31, 22, 82, 15, 26, 9, 95, 42, 77, 68, 47, 5, 93, 78, 86, 54, 85, 63, 18, 44, 20, 49, 36, 14, 74, 50, 53, 17, 21, 28, 11, 64, 3, 23, 30, 83, 24, 41, 40, 52, 65, 27, 90, 70, 39, 87, 48, 69, 99, 4, 46, 1, 13, 58, 97, 59, 45, 8, 73, 37, 35, 79, 71, 66, 76, 32, 60, 80, 96, 6, 16, 61, 33, 7, 57, 34, 12, 67, 10, 98, 56, 88, 43, 75, 91, 38, 84, 92, 29, 19, 51, 55, 72, 2, 89, 81, 94, 25, 62, 0]|[2, 1, 2, 1, 1, 2, 1, 1, 1, 1, 1, 0, 2, 2, 1, 2, 0, 0, 0, 2, 2, 1, 0, 2, 0, 2, 2, 1, 0, 1, 1, 1, 0, 0, 1, 0, 2, 1, 2, 2, 0, 0, 1, 1, 0, 2, 0, 2, 1, 0, 0, 2, 0, 0, 2, 0, 1, 1, 0, 0, 2, 1, 1, 1, 2, 0, 2, 2, 0, 1, 2, 1, 1, 2, 0, 1, 2, 1, 1, 2, 2, 1, 1, 0, 1, 0, 0, 0, 1, 1, 1, 0, 1, 2, 1, 1, 2, 1, 1, 0]|[0, 3, 0, 3, 4, 1, 4, 4, 2, 4, 3, 2, 1, 0, 2, 1, 1, 1, 2, 1, 1, 3, 0, 1, 0, 1, 1, 4, 1, 4, 3, 2, 2, 0, 4, 1, 1, 4, 1, 1, 2, 1, 4, 4, 1, 1, 0, 2, 3, 2, 2, 1, 2, 1, 1, 2, 4, 3, 0, 2, 2, 3, 3, 1, 1, 2, 1, 1, 2, 4, 1, 3, 4, 1, 2, 4, 1, 3, 3, 1, 1, 4, 4, 2, 3, 2, 2, 2, 3, 4, 3, 2, 4, 1, 4, 4, 1, 4, 3, 2]|[0, 2, 0, 0, 3, 0, 1, 3, 0, 0, 2, 0, 1, 0, 1, 0, 0, 0, 1, 0, 0, 2, 0, 0, 1, 0, 0, 3, 0, 1, 0, 2, 0, 0, 3, 0, 1, 1, 0, 0, 0, 0, 1, 3, 0, 0, 1, 0, 2, 0, 0, 0, 0, 0, 1, 0, 1, 0, 1, 1, 0, 2, 0, 2, 0, 0, 0, 0, 0, 2, 0, 0, 1, 0, 0, 1, 0, 0, 3, 0, 0, 1, 2, 0, 0, 0, 0, 0, 3, 1, 0, 0, 1, 0, 1, 2, 0, 3, 0, 0],882.9438068981488,49709.36040320535,107083.76232860672,false
31,G3_TWC,G3_TWC,[31, 22, 82, 15, 26, 58, 95, 42, 77, 12, 47, 5, 93, 78, 98, 54, 85, 63, 18, 44, 20, 35, 43, 97, 91, 76, 10, 30, 21, 45, 71, 64, 1, 23, 17, 83, 24, 14, 60, 36, 6, 57, 94, 88, 65, 56, 79, 40, 67, 68, 46, 75, 38, 9, 19, 32, 81, 41, 27, 62, 87, 90, 99, 59, 11, 16, 72, 73, 70, 39, 37, 84, 3, 92, 25, 55, 28, 29, 51, 7, 33, 61, 86, 66, 89, 50, 48, 96, 53, 8, 4, 80, 34, 49, 52, 0, 13, 2, 69, 74]|[1, 1, 0, 1, 1, 1, 2, 1, 2, 1, 2, 2, 2, 1, 1, 0, 0, 1, 0, 2, 2, 0, 1, 2, 0, 1, 2, 2, 0, 0, 1, 2, 1, 2, 1, 0, 2, 0, 1, 1, 0, 1, 1, 1, 0, 2, 1, 1, 0, 0, 0, 0, 1, 1, 2, 1, 2, 0, 0, 0, 2, 1, 0, 1, 2, 1, 2, 1, 1, 1, 1, 1, 2, 0, 1, 1, 0, 0, 0, 1, 2, 1, 0, 2, 1, 0, 0, 0, 0, 1, 0, 0, 2, 0, 1, 0, 0, 0, 1, 2]|[4, 3, 2, 2, 0, 0, 2, 2, 2, 4, 1, 1, 2, 4, 4, 1, 1, 4, 2, 1, 1, 1, 1, 2, 1, 2, 1, 1, 1, 1, 3, 2, 3, 0, 4, 0, 1, 1, 0, 3, 2, 2, 4, 0, 1, 1, 0, 2, 0, 1, 2, 2, 1, 4, 0, 3, 2, 1, 1, 2, 1, 3, 1, 1, 1, 3, 0, 4, 3, 1, 4, 1, 1, 2, 4, 4, 2, 1, 1, 3, 1, 3, 1, 1, 1, 1, 1, 1, 2, 3, 2, 1, 1, 1, 1, 2, 2, 2, 3, 1]|[0, 2, 1, 1, 3, 3, 0, 1, 0, 0, 0, 0, 1, 0, 1, 0, 0, 3, 1, 0, 0, 0, 3, 1, 0, 2, 0, 0, 0, 1, 0, 0, 0, 0, 3, 0, 1, 0, 0, 2, 1, 1, 2, 0, 0, 0, 0, 1, 1, 0, 0, 0, 1, 3, 0, 0, 1, 0, 0, 1, 0, 2, 0, 1, 0, 2, 1, 0, 0, 1, 1, 3, 0, 1, 3, 3, 1, 0, 0, 2, 0, 0, 0, 0, 1, 0, 0, 0, 1, 2, 1, 0, 0, 1, 1, 0, 0, 0, 0, 0],790.0808266764368,57926.0831962336,89131.00769295532,false
31,G1_CMAX,G1_CMAX,[31, 22, 82, 15, 26, 99, 95, 42, 77, 12, 47, 5, 93, 78, 86, 54, 21, 63, 18, 44, 20, 35, 43, 97, 91, 76, 10, 30, 85, 45, 71, 64, 1, 23, 17, 83, 24, 14, 60, 36, 6, 57, 40, 88, 65, 56, 79, 94, 67, 68, 46, 75, 38, 9, 19, 32, 41, 81, 27, 87, 90, 58, 59, 11, 16, 72, 73, 70, 39, 37, 84, 3, 92, 25, 55, 48, 62, 29, 51, 96, 33, 61, 98, 28, 89, 50, 4, 7, 53, 80, 52, 66, 34, 49, 8, 0, 74, 69, 2, 13]|[1, 1, 0, 1, 1, 0, 1, 1, 2, 1, 2, 2, 2, 1, 1, 0, 0, 1, 0, 2, 2, 0, 1, 2, 0, 1, 2, 2, 0, 0, 1, 2, 1, 2, 1, 0, 2, 0, 1, 1, 0, 1, 1, 1, 0, 2, 1, 1, 0, 0, 0, 0, 1, 1, 2, 1, 0, 2, 0, 2, 1, 0, 1, 2, 1, 2, 1, 1, 1, 1, 1, 1, 0, 1, 2, 0, 0, 0, 0, 2, 2, 1, 2, 0, 1, 0, 1, 2, 0, 0, 1, 2, 2, 0, 1, 0, 2, 1, 0, 0]|[0, 3, 2, 2, 4, 1, 2, 3, 2, 4, 1, 1, 2, 4, 4, 1, 1, 4, 2, 1, 1, 1, 1, 2, 1, 2, 1, 1, 2, 1, 3, 2, 3, 1, 4, 0, 1, 1, 0, 3, 2, 2, 2, 0, 1, 1, 0, 4, 0, 1, 2, 2, 1, 4, 0, 3, 1, 1, 1, 1, 3, 1, 1, 1, 3, 0, 4, 3, 1, 4, 1, 1, 0, 4, 1, 1, 2, 1, 1, 1, 1, 3, 1, 2, 1, 1, 4, 1, 2, 1, 1, 1, 1, 1, 3, 2, 1, 4, 2, 2]|[0, 2, 1, 1, 3, 0, 1, 3, 0, 0, 0, 0, 1, 0, 1, 0, 0, 3, 1, 0, 0, 0, 3, 1, 0, 2, 0, 0, 0, 1, 0, 0, 0, 0, 3, 0, 1, 0, 0, 2, 1, 1, 1, 0, 0, 0, 0, 2, 1, 0, 0, 0, 1, 3, 0, 0, 0, 0, 0, 0, 2, 0, 1, 0, 2, 1, 0, 0, 1, 1, 3, 1, 1, 3, 0, 0, 1, 0, 0, 0, 0, 0, 0, 1, 1, 0, 0, 0, 1, 0, 1, 0, 0, 1, 2, 0, 0, 2, 0, 0],731.2476204416437,56784.74762275103,92889.2977037672,false
31,G4_BALANCED,G4_BALANCED,[31, 22, 82, 15, 26, 9, 95, 42, 77, 68, 47, 5, 93, 78, 86, 54, 85, 63, 18, 44, 20, 49, 36, 14, 74, 50, 53, 17, 21, 28, 11, 64, 3, 23, 30, 83, 24, 41, 40, 52, 65, 27, 90, 70, 39, 87, 48, 69, 99, 4, 46, 1, 13, 58, 97, 59, 45, 8, 73, 37, 35, 79, 71, 66, 76, 32, 60, 80, 96, 6, 16, 61, 33, 7, 57, 34, 12, 67, 10, 98, 56, 88, 43, 75, 91, 38, 84, 92, 29, 19, 51, 55, 89, 25, 2, 81, 94, 72, 62, 0]|[2, 1, 2, 1, 1, 0, 1, 1, 1, 1, 1, 0, 2, 2, 1, 2, 0, 0, 0, 2, 2, 1, 0, 2, 0, 2, 2, 1, 0, 1, 1, 1, 0, 0, 1, 0, 2, 1, 2, 2, 0, 0, 1, 1, 0, 2, 0, 2, 1, 0, 0, 2, 0, 0, 2, 0, 1, 1, 0, 0, 2, 1, 1, 1, 2, 0, 2, 2, 0, 1, 2, 1, 1, 2, 0, 1, 2, 1, 1, 2, 2, 1, 1, 0, 1, 0, 0, 0, 1, 1, 1, 0, 1, 1, 2, 1, 2, 1, 1, 0]|[0, 3, 0, 3, 4, 1, 4, 4, 2, 4, 3, 2, 1, 0, 2, 1, 1, 1, 2, 1, 1, 3, 0, 1, 0, 1, 1, 4, 1, 4, 3, 2, 2, 0, 4, 1, 1, 4, 1, 1, 2, 1, 4, 4, 1, 1, 0, 2, 3, 2, 2, 1, 2, 1, 1, 2, 4, 3, 0, 2, 2, 3, 3, 1, 1, 2, 1, 1, 2, 4, 1, 3, 4, 1, 2, 4, 1, 3, 3, 1, 1, 4, 4, 2, 3, 2, 2, 2, 3, 4, 3, 2, 4, 4, 1, 4, 1, 4, 3, 2]|[0, 2, 0, 0, 3, 0, 1, 3, 0, 0, 2, 0, 1, 0, 1, 0, 0, 0, 1, 0, 0, 2, 0, 0, 1, 0, 0, 3, 0, 1, 0, 2, 0, 0, 3, 0, 1, 1, 0, 0, 0, 0, 1, 3, 0, 0, 1, 0, 2, 0, 0, 0, 0, 0, 1, 0, 1, 0, 1, 1, 0, 2, 0, 2, 0, 0, 0, 0, 0, 2, 0, 0, 1, 0, 0, 1, 0, 0, 3, 0, 0, 1, 2, 0, 0, 0, 0, 0, 3, 1, 0, 0, 1, 3, 0, 1, 0, 2, 0, 0],919.6758206014675,50019.234039174095,105683.69540607781,false
31,G2_TEC,G2_TEC,[31, 22, 82, 15, 26, 9, 95, 42, 77, 68, 47, 5, 93, 78, 86, 54, 85, 63, 18, 44, 20, 49, 36, 14, 74, 50, 53, 17, 21, 28, 11, 64, 3, 23, 30, 83, 24, 41, 40, 52, 65, 27, 90, 70, 39, 87, 48, 69, 99, 4, 46, 1, 13, 58, 97, 59, 45, 8, 73, 37, 35, 79, 71, 66, 76, 32, 60, 80, 96, 6, 16, 61, 33, 7, 57, 34, 12, 67, 10, 98, 56, 88, 43, 75, 91, 38, 84, 92, 29, 19, 51, 55, 72, 2, 89, 81, 94, 25, 62, 0]|[2, 1, 2, 1, 1, 2, 1, 1, 1, 1, 1, 0, 2, 2, 1, 2, 0, 0, 0, 2, 2, 1, 0, 2, 0, 2, 2, 1, 0, 1, 1, 1, 0, 0, 1, 0, 2, 1, 2, 2, 0, 0, 1, 1, 0, 2, 0, 2, 1, 0, 0, 2, 0, 0, 2, 0, 1, 1, 0, 0, 2, 1, 1, 1, 2, 0, 2, 2, 0, 1, 2, 1, 1, 2, 0, 1, 2, 1, 1, 2, 2, 1, 1, 0, 1, 0, 0, 0, 1, 1, 1, 0, 1, 2, 1, 1, 2, 1, 1, 0]|[0, 3, 0, 3, 4, 1, 4, 4, 2, 4, 3, 2, 1, 0, 2, 1, 1, 1, 2, 1, 1, 3, 0, 1, 0, 1, 1, 4, 1, 4, 3, 2, 2, 0, 4, 1, 1, 4, 1, 1, 2, 1, 4, 4, 1, 1, 0, 2, 3, 2, 2, 1, 2, 1, 1, 2, 4, 3, 0, 2, 2, 3, 3, 1, 1, 2, 1, 1, 2, 4, 1, 3, 4, 1, 2, 4, 1, 3, 3, 1, 1, 4, 4, 2, 3, 2, 2, 2, 3, 4, 3, 2, 4, 1, 4, 4, 1, 4, 3, 2]|[0, 2, 0, 0, 3, 0, 1, 3, 0, 0, 2, 0, 1, 0, 1, 0, 0, 0, 1, 0, 0, 2, 0, 0, 1, 0, 0, 3, 0, 1, 0, 2, 0, 0, 3, 0, 1, 1, 0, 0, 0, 0, 1, 3, 0, 0, 1, 0, 2, 0, 0, 0, 0, 0, 1, 0, 1, 0, 1, 1, 0, 2, 0, 2, 0, 0, 0, 0, 0, 2, 0, 0, 1, 0, 0, 1, 0, 0, 3, 0, 0, 1, 2, 0, 0, 0, 0, 0, 3, 1, 0, 0, 1, 0, 1, 2, 0, 3, 0, 0],882.9438068981488,49709.36040320535,107083.76232860672,false
31,G3_TWC,G3_TWC,[31, 22, 82, 15, 26, 58, 95, 42, 77, 12, 47, 5, 93, 78, 98, 54, 85, 63, 18, 44, 20, 35, 43, 97, 91, 76, 10, 30, 21, 45, 71, 64, 1, 23, 17, 83, 24, 14, 60, 36, 6, 57, 94, 88, 65, 56, 79, 40, 67, 68, 46, 75, 38, 9, 19, 32, 81, 41, 27, 62, 87, 90, 99, 59, 11, 16, 72, 73, 70, 39, 37, 84, 3, 92, 25, 55, 28, 29, 51, 7, 33, 61, 86, 66, 89, 50, 48, 96, 53, 8, 4, 80, 34, 49, 52, 0, 13, 2, 69, 74]|[1, 1, 0, 1, 1, 1, 2, 1, 2, 1, 2, 2, 2, 1, 1, 0, 0, 1, 0, 2, 2, 0, 1, 2, 0, 1, 2, 2, 0, 0, 1, 2, 1, 2, 1, 0, 2, 0, 1, 1, 0, 1, 1, 1, 0, 2, 1, 1, 0, 0, 0, 0, 1, 1, 2, 1, 2, 0, 0, 0, 2, 1, 0, 1, 2, 1, 2, 1, 1, 1, 1, 1, 2, 0, 1, 1, 0, 0, 0, 1, 2, 1, 0, 2, 1, 0, 0, 0, 0, 1, 0, 0, 2, 0, 1, 0, 0, 0, 1, 2]|[4, 3, 2, 2, 0, 0, 2, 2, 2, 4, 1, 1, 2, 4, 4, 1, 1, 4, 2, 1, 1, 1, 1, 2, 1, 2, 1, 1, 1, 1, 3, 2, 3, 0, 4, 0, 1, 1, 0, 3, 2, 2, 4, 0, 1, 1, 0, 2, 0, 1, 2, 2, 1, 4, 0, 3, 2, 1, 1, 2, 1, 3, 1, 1, 1, 3, 0, 4, 3, 1, 4, 1, 1, 2, 4, 4, 2, 1, 1, 3, 1, 3, 1, 1, 1, 1, 1, 1, 2, 3, 2, 1, 1, 1, 1, 2, 2, 2, 3, 1]|[0, 2, 1, 1, 3, 3, 0, 1, 0, 0, 0, 0, 1, 0, 1, 0, 0, 3, 1, 0, 0, 0, 3, 1, 0, 2, 0, 0, 0, 1, 0, 0, 0, 0, 3, 0, 1, 0, 0, 2, 1, 1, 2, 0, 0, 0, 0, 1, 1, 0, 0, 0, 1, 3, 0, 0, 1, 0, 0, 1, 0, 2, 0, 1, 0, 2, 1, 0, 0, 1, 1, 3, 0, 1, 3, 3, 1, 0, 0, 2, 0, 0, 0, 0, 1, 0, 0, 0, 1, 2, 1, 0, 0, 1, 1, 0, 0, 0, 0, 0],790.0808266764368,57926.0831962336,89131.00769295532,false
31,G1_CMAX,G1_CMAX,[31, 22, 82, 15, 26, 99, 95, 42, 77, 12, 47, 5, 93, 78, 86, 54, 21, 63, 18, 44, 20, 35, 43, 97, 91, 76, 10, 30, 85, 45, 71, 64, 1, 23, 17, 83, 24, 14, 60, 36, 6, 57, 40, 88, 65, 56, 79, 94, 67, 68, 46, 75, 38, 9, 19, 32, 41, 81, 27, 87, 90, 58, 59, 11, 16, 72, 73, 70, 39, 37, 84, 3, 92, 25, 55, 48, 62, 29, 51, 96, 33, 61, 98, 28, 89, 50, 4, 7, 53, 80, 52, 66, 34, 49, 8, 0, 74, 69, 2, 13]|[1, 1, 0, 1, 1, 0, 1, 1, 2, 1, 2, 2, 2, 1, 1, 0, 0, 1, 0, 2, 2, 0, 1, 2, 0, 1, 2, 2, 0, 0, 1, 2, 1, 2, 1, 0, 2, 0, 1, 1, 0, 1, 1, 1, 0, 2, 1, 1, 0, 0, 0, 0, 1, 1, 2, 1, 0, 2, 0, 2, 1, 0, 1, 2, 1, 2, 1, 1, 1, 1, 1, 1, 0, 1, 2, 0, 0, 0, 0, 2, 2, 1, 2, 0, 1, 0, 1, 2, 0, 0, 1, 2, 2, 0, 1, 0, 2, 1, 0, 0]|[0, 3, 2, 2, 4, 1, 2, 3, 2, 4, 1, 1, 2, 4, 4, 1, 1, 4, 2, 1, 1, 1, 1, 2, 1, 2, 1, 1, 2, 1, 3, 2, 3, 1, 4, 0, 1, 1, 0, 3, 2, 2, 2, 0, 1, 1, 0, 4, 0, 1, 2, 2, 1, 4, 0, 3, 1, 1, 1, 1, 3, 1, 1, 1, 3, 0, 4, 3, 1, 4, 1, 1, 0, 4, 1, 1, 2, 1, 1, 1, 1, 3, 1, 2, 1, 1, 4, 1, 2, 1, 1, 1, 1, 1, 3, 2, 1, 4, 2, 2]|[0, 2, 1, 1, 3, 0, 1, 3, 0, 0, 0, 0, 1, 0, 1, 0, 0, 3, 1, 0, 0, 0, 3, 1, 0, 2, 0, 0, 0, 1, 0, 0, 0, 0, 3, 0, 1, 0, 0, 2, 1, 1, 1, 0, 0, 0, 0, 2, 1, 0, 0, 0, 1, 3, 0, 0, 0, 0, 0, 0, 2, 0, 1, 0, 2, 1, 0, 0, 1, 1, 3, 1, 1, 3, 0, 0, 1, 0, 0, 0, 0, 0, 0, 1, 1, 0, 0, 0, 1, 0, 1, 0, 0, 1, 2, 0, 0, 2, 0, 0],731.2476204416437,56784.74762275103,92889.2977037672,false
31,G4_BALANCED,G4_BALANCED,[31, 22, 82, 15, 26, 9, 95, 42, 77, 68, 47, 5, 93, 78, 86, 54, 85, 63, 18, 44, 20, 49, 36, 14, 74, 50, 53, 17, 21, 28, 11, 64, 3, 23, 30, 83, 24, 41, 40, 52, 65, 27, 90, 70, 39, 87, 48, 69, 99, 4, 46, 1, 13, 58, 97, 59, 45, 8, 73, 37, 35, 79, 71, 66, 76, 32, 60, 80, 96, 6, 16, 61, 33, 7, 57, 34, 12, 67, 10, 98, 56, 88, 43, 75, 91, 38, 84, 92, 29, 19, 51, 55, 89, 25, 2, 81, 94, 72, 62, 0]|[2, 1, 2, 1, 1, 0, 1, 1, 1, 1, 1, 0, 2, 2, 1, 2, 0, 0, 0, 2, 2, 1, 0, 2, 0, 2, 2, 1, 0, 1, 1, 1, 0, 0, 1, 0, 2, 1, 2, 2, 0, 0, 1, 1, 0, 2, 0, 2, 1, 0, 0, 2, 0, 0, 2, 0, 1, 1, 0, 0, 2, 1, 1, 1, 2, 0, 2, 2, 0, 1, 2, 1, 1, 2, 0, 1, 2, 1, 1, 2, 2, 1, 1, 0, 1, 0, 0, 0, 1, 1, 1, 0, 1, 1, 2, 1, 2, 1, 1, 0]|[0, 3, 0, 3, 4, 1, 4, 4, 2, 4, 3, 2, 1, 0, 2, 1, 1, 1, 2, 1, 1, 3, 0, 1, 0, 1, 1, 4, 1, 4, 3, 2, 2, 0, 4, 1, 1, 4, 1, 1, 2, 1, 4, 4, 1, 1, 0, 2, 3, 2, 2, 1, 2, 1, 1, 2, 4, 3, 0, 2, 2, 3, 3, 1, 1, 2, 1, 1, 2, 4, 1, 3, 4, 1, 2, 4, 1, 3, 3, 1, 1, 4, 4, 2, 3, 2, 2, 2, 3, 4, 3, 2, 4, 4, 1, 4, 1, 4, 3, 2]|[0, 2, 0, 0, 3, 0, 1, 3, 0, 0, 2, 0, 1, 0, 1, 0, 0, 0, 1, 0, 0, 2, 0, 0, 1, 0, 0, 3, 0, 1, 0, 2, 0, 0, 3, 0, 1, 1, 0, 0, 0, 0, 1, 3, 0, 0, 1, 0, 2, 0, 0, 0, 0, 0, 1, 0, 1, 0, 1, 1, 0, 2, 0, 2, 0, 0, 0, 0, 0, 2, 0, 0, 1, 0, 0, 1, 0, 0, 3, 0, 0, 1, 2, 0, 0, 0, 0, 0, 3, 1, 0, 0, 1, 3, 0, 1, 0, 2, 0, 0],919.6758206014675,50019.234039174095,105683.69540607781,false
31,G2_TEC,G2_TEC,[31, 22, 82, 15, 26, 9, 95, 42, 77, 68, 47, 5, 93, 78, 86, 54, 85, 63, 18, 44, 20, 49, 36, 14, 74, 50, 53, 17, 21, 28, 11, 64, 3, 23, 30, 83, 24, 41, 40, 52, 65, 27, 90, 70, 39, 87, 48, 69, 99, 4, 46, 1, 13, 58, 97, 59, 45, 8, 73, 37, 35, 79, 71, 66, 76, 32, 60, 80, 96, 6, 16, 61, 33, 7, 57, 34, 12, 67, 10, 98, 56, 88, 43, 75, 91, 38, 84, 92, 29, 19, 51, 55, 72, 2, 89, 81, 94, 25, 62, 0]|[2, 1, 2, 1, 1, 2, 1, 1, 1, 1, 1, 0, 2, 2, 1, 2, 0, 0, 0, 2, 2, 1, 0, 2, 0, 2, 2, 1, 0, 1, 1, 1, 0, 0, 1, 0, 2, 1, 2, 2, 0, 0, 1, 1, 0, 2, 0, 2, 1, 0, 0, 2, 0, 0, 2, 0, 1, 1, 0, 0, 2, 1, 1, 1, 2, 0, 2, 2, 0, 1, 2, 1, 1, 2, 0, 1, 2, 1, 1, 2, 2, 1, 1, 0, 1, 0, 0, 0, 1, 1, 1, 0, 1, 2, 1, 1, 2, 1, 1, 0]|[0, 3, 0, 3, 4, 1, 4, 4, 2, 4, 3, 2, 1, 0, 2, 1, 1, 1, 2, 1, 1, 3, 0, 1, 0, 1, 1, 4, 1, 4, 3, 2, 2, 0, 4, 1, 1, 4, 1, 1, 2, 1, 4, 4, 1, 1, 0, 2, 3, 2, 2, 1, 2, 1, 1, 2, 4, 3, 0, 2, 2, 3, 3, 1, 1, 2, 1, 1, 2, 4, 1, 3, 4, 1, 2, 4, 1, 3, 3, 1, 1, 4, 4, 2, 3, 2, 2, 2, 3, 4, 3, 2, 4, 1, 4, 4, 1, 4, 3, 2]|[0, 2, 0, 0, 3, 0, 1, 3, 0, 0, 2, 0, 1, 0, 1, 0, 0, 0, 1, 0, 0, 2, 0, 0, 1, 0, 0, 3, 0, 1, 0, 2, 0, 0, 3, 0, 1, 1, 0, 0, 0, 0, 1, 3, 0, 0, 1, 0, 2, 0, 0, 0, 0, 0, 1, 0, 1, 0, 1, 1, 0, 2, 0, 2, 0, 0, 0, 0, 0, 2, 0, 0, 1, 0, 0, 1, 0, 0, 3, 0, 0, 1, 2, 0, 0, 0, 0, 0, 3, 1, 0, 0, 1, 0, 1, 2, 0, 3, 0, 0],882.9438068981488,49709.36040320535,107083.76232860672,false
31,G3_TWC,G3_TWC,[31, 22, 82, 15, 26, 58, 95, 42, 77, 12, 47, 5, 93, 78, 98, 54, 85, 63, 18, 44, 20, 35, 43, 97, 91, 76, 10, 30, 21, 45, 71, 64, 1, 23, 17, 83, 24, 14, 60, 36, 6, 57, 94, 88, 65, 56, 79, 40, 67, 68, 46, 75, 38, 9, 19, 32, 81, 41, 27, 62, 87, 90, 99, 59, 11, 16, 72, 73, 70, 39, 37, 84, 3, 92, 25, 55, 28, 29, 51, 7, 33, 61, 86, 66, 89, 50, 48, 96, 53, 8, 4, 80, 34, 49, 52, 0, 13, 2, 69, 74]|[1, 1, 0, 1, 1, 1, 2, 1, 2, 1, 2, 2, 2, 1, 1, 0, 0, 1, 0, 2, 2, 0, 1, 2, 0, 1, 2, 2, 0, 0, 1, 2, 1, 2, 1, 0, 2, 0, 1, 1, 0, 1, 1, 1, 0, 2, 1, 1, 0, 0, 0, 0, 1, 1, 2, 1, 2, 0, 0, 0, 2, 1, 0, 1, 2, 1, 2, 1, 1, 1, 1, 1, 2, 0, 1, 1, 0, 0, 0, 1, 2, 1, 0, 2, 1, 0, 0, 0, 0, 1, 0, 0, 2, 0, 1, 0, 0, 0, 1, 2]|[4, 3, 2, 2, 0, 0, 2, 2, 2, 4, 1, 1, 2, 4, 4, 1, 1, 4, 2, 1, 1, 1, 1, 2, 1, 2, 1, 1, 1, 1, 3, 2, 3, 0, 4, 0, 1, 1, 0, 3, 2, 2, 4, 0, 1, 1, 0, 2, 0, 1, 2, 2, 1, 4, 0, 3, 2, 1, 1, 2, 1, 3, 1, 1, 1, 3, 0, 4, 3, 1, 4, 1, 1, 2, 4, 4, 2, 1, 1, 3, 1, 3, 1, 1, 1, 1, 1, 1, 2, 3, 2, 1, 1, 1, 1, 2, 2, 2, 3, 1]|[0, 2, 1, 1, 3, 3, 0, 1, 0, 0, 0, 0, 1, 0, 1, 0, 0, 3, 1, 0, 0, 0, 3, 1, 0, 2, 0, 0, 0, 1, 0, 0, 0, 0, 3, 0, 1, 0, 0, 2, 1, 1, 2, 0, 0, 0, 0, 1, 1, 0, 0, 0, 1, 3, 0, 0, 1, 0, 0, 1, 0, 2, 0, 1, 0, 2, 1, 0, 0, 1, 1, 3, 0, 1, 3, 3, 1, 0, 0, 2, 0, 0, 0, 0, 1, 0, 0, 0, 1, 2, 1, 0, 0, 1, 1, 0, 0, 0, 0, 0],790.0808266764368,57926.0831962336,89131.00769295532,false
31,G1_CMAX,G1_CMAX,[31, 22, 82, 15, 26, 99, 95, 42, 77, 12, 47, 5, 93, 78, 86, 54, 21, 63, 18, 44, 20, 35, 43, 97, 91, 76, 10, 30, 85, 45, 71, 64, 1, 23, 17, 83, 24, 14, 60, 36, 6, 57, 40, 88, 65, 56, 79, 94, 67, 68, 46, 75, 38, 9, 19, 32, 41, 81, 27, 87, 90, 58, 59, 11, 16, 72, 73, 70, 39, 37, 84, 3, 92, 25, 55, 48, 62, 29, 51, 96, 33, 61, 98, 28, 89, 50, 4, 7, 53, 80, 52, 66, 34, 49, 8, 0, 74, 69, 2, 13]|[1, 1, 0, 1, 1, 0, 1, 1, 2, 1, 2, 2, 2, 1, 1, 0, 0, 1, 0, 2, 2, 0, 1, 2, 0, 1, 2, 2, 0, 0, 1, 2, 1, 2, 1, 0, 2, 0, 1, 1, 0, 1, 1, 1, 0, 2, 1, 1, 0, 0, 0, 0, 1, 1, 2, 1, 0, 2, 0, 2, 1, 0, 1, 2, 1, 2, 1, 1, 1, 1, 1, 1, 0, 1, 2, 0, 0, 0, 0, 2, 2, 1, 2, 0, 1, 0, 1, 2, 0, 0, 1, 2, 2, 0, 1, 0, 2, 1, 0, 0]|[0, 3, 2, 2, 4, 1, 2, 3, 2, 4, 1, 1, 2, 4, 4, 1, 1, 4, 2, 1, 1, 1, 1, 2, 1, 2, 1, 1, 2, 1, 3, 2, 3, 1, 4, 0, 1, 1, 0, 3, 2, 2, 2, 0, 1, 1, 0, 4, 0, 1, 2, 2, 1, 4, 0, 3, 1, 1, 1, 1, 3, 1, 1, 1, 3, 0, 4, 3, 1, 4, 1, 1, 0, 4, 1, 1, 2, 1, 1, 1, 1, 3, 1, 2, 1, 1, 4, 1, 2, 1, 1, 1, 1, 1, 3, 2, 1, 4, 2, 2]|[0, 2, 1, 1, 3, 0, 1, 3, 0, 0, 0, 0, 1, 0, 1, 0, 0, 3, 1, 0, 0, 0, 3, 1, 0, 2, 0, 0, 0, 1, 0, 0, 0, 0, 3, 0, 1, 0, 0, 2, 1, 1, 1, 0, 0, 0, 0, 2, 1, 0, 0, 0, 1, 3, 0, 0, 0, 0, 0, 0, 2, 0, 1, 0, 2, 1, 0, 0, 1, 1, 3, 1, 1, 3, 0, 0, 1, 0, 0, 0, 0, 0, 0, 1, 1, 0, 0, 0, 1, 0, 1, 0, 0, 1, 2, 0, 0, 2, 0, 0],731.2476204416437,56784.74762275103,92889.2977037672,false
31,G4_BALANCED,G4_BALANCED,[31, 22, 82, 15, 26, 9, 95, 42, 77, 68, 47, 5, 93, 78, 86, 54, 85, 63, 18, 44, 20, 49, 36, 14, 74, 50, 53, 17, 21, 28, 11, 64, 3, 23, 30, 83, 24, 41, 40, 52, 65, 27, 90, 70, 39, 87, 48, 69, 99, 4, 46, 1, 13, 58, 97, 59, 45, 8, 73, 37, 35, 79, 71, 66, 76, 32, 60, 80, 96, 6, 16, 61, 33, 7, 57, 34, 12, 67, 10, 98, 56, 88, 43, 75, 91, 38, 84, 92, 29, 19, 51, 55, 89, 25, 2, 81, 94, 72, 62, 0]|[2, 1, 2, 1, 1, 0, 1, 1, 1, 1, 1, 0, 2, 2, 1, 2, 0, 0, 0, 2, 2, 1, 0, 2, 0, 2, 2, 1, 0, 1, 1, 1, 0, 0, 1, 0, 2, 1, 2, 2, 0, 0, 1, 1, 0, 2, 0, 2, 1, 0, 0, 2, 0, 0, 2, 0, 1, 1, 0, 0, 2, 1, 1, 1, 2, 0, 2, 2, 0, 1, 2, 1, 1, 2, 0, 1, 2, 1, 1, 2, 2, 1, 1, 0, 1, 0, 0, 0, 1, 1, 1, 0, 1, 1, 2, 1, 2, 1, 1, 0]|[0, 3, 0, 3, 4, 1, 4, 4, 2, 4, 3, 2, 1, 0, 2, 1, 1, 1, 2, 1, 1, 3, 0, 1, 0, 1, 1, 4, 1, 4, 3, 2, 2, 0, 4, 1, 1, 4, 1, 1, 2, 1, 4, 4, 1, 1, 0, 2, 3, 2, 2, 1, 2, 1, 1, 2, 4, 3, 0, 2, 2, 3, 3, 1, 1, 2, 1, 1, 2, 4, 1, 3, 4, 1, 2, 4, 1, 3, 3, 1, 1, 4, 4, 2, 3, 2, 2, 2, 3, 4, 3, 2, 4, 4, 1, 4, 1, 4, 3, 2]|[0, 2, 0, 0, 3, 0, 1, 3, 0, 0, 2, 0, 1, 0, 1, 0, 0, 0, 1, 0, 0, 2, 0, 0, 1, 0, 0, 3, 0, 1, 0, 2, 0, 0, 3, 0, 1, 1, 0, 0, 0, 0, 1, 3, 0, 0, 1, 0, 2, 0, 0, 0, 0, 0, 1, 0, 1, 0, 1, 1, 0, 2, 0, 2, 0, 0, 0, 0, 0, 2, 0, 0, 1, 0, 0, 1, 0, 0, 3, 0, 0, 1, 2, 0, 0, 0, 0, 0, 3, 1, 0, 0, 1, 3, 0, 1, 0, 2, 0, 0],919.6758206014675,50019.234039174095,105683.69540607781,false
31,G2_TEC,G2_TEC,[31, 22, 82, 15, 26, 9, 95, 42, 77, 68, 47, 5, 93, 78, 86, 54, 85, 63, 18, 44, 20, 49, 36, 14, 74, 50, 53, 17, 21, 28, 11, 64, 3, 23, 30, 83, 24, 41, 40, 52, 65, 27, 90, 70, 39, 87, 48, 69, 99, 4, 46, 1, 13, 58, 97, 59, 45, 8, 73, 37, 35, 79, 71, 66, 76, 32, 60, 80, 96, 6, 16, 61, 33, 7, 57, 34, 12, 67, 10, 98, 56, 88, 43, 75, 91, 38, 84, 92, 29, 19, 51, 55, 72, 2, 89, 81, 94, 25, 62, 0]|[2, 1, 2, 1, 1, 2, 1, 1, 1, 1, 1, 0, 2, 2, 1, 2, 0, 0, 0, 2, 2, 1, 0, 2, 0, 2, 2, 1, 0, 1, 1, 1, 0, 0, 1, 0, 2, 1, 2, 2, 0, 0, 1, 1, 0, 2, 0, 2, 1, 0, 0, 2, 0, 0, 2, 0, 1, 1, 0, 0, 2, 1, 1, 1, 2, 0, 2, 2, 0, 1, 2, 1, 1, 2, 0, 1, 2, 1, 1, 2, 2, 1, 1, 0, 1, 0, 0, 0, 1, 1, 1, 0, 1, 2, 1, 1, 2, 1, 1, 0]|[0, 3, 0, 3, 4, 1, 4, 4, 2, 4, 3, 2, 1, 0, 2, 1, 1, 1, 2, 1, 1, 3, 0, 1, 0, 1, 1, 4, 1, 4, 3, 2, 2, 0, 4, 1, 1, 4, 1, 1, 2, 1, 4, 4, 1, 1, 0, 2, 3, 2, 2, 1, 2, 1, 1, 2, 4, 3, 0, 2, 2, 3, 3, 1, 1, 2, 1, 1, 2, 4, 1, 3, 4, 1, 2, 4, 1, 3, 3, 1, 1, 4, 4, 2, 3, 2, 2, 2, 3, 4, 3, 2, 4, 1, 4, 4, 1, 4, 3, 2]|[0, 2, 0, 0, 3, 0, 1, 3, 0, 0, 2, 0, 1, 0, 1, 0, 0, 0, 1, 0, 0, 2, 0, 0, 1, 0, 0, 3, 0, 1, 0, 2, 0, 0, 3, 0, 1, 1, 0, 0, 0, 0, 1, 3, 0, 0, 1, 0, 2, 0, 0, 0, 0, 0, 1, 0, 1, 0, 1, 1, 0, 2, 0, 2, 0, 0, 0, 0, 0, 2, 0, 0, 1, 0, 0, 1, 0, 0, 3, 0, 0, 1, 2, 0, 0, 0, 0, 0, 3, 1, 0, 0, 1, 0, 1, 2, 0, 3, 0, 0],882.9438068981488,49709.36040320535,107083.76232860672,false
31,G3_TWC,G3_TWC,[31, 22, 82, 15, 26, 58, 95, 42, 77, 12, 47, 5, 93, 78, 98, 54, 85, 63, 18, 44, 20, 35, 43, 97, 91, 76, 10, 30, 21, 45, 71, 64, 1, 23, 17, 83, 24, 14, 60, 36, 6, 57, 94, 88, 65, 56, 79, 40, 67, 68, 46, 75, 38, 9, 19, 32, 81, 41, 27, 62, 87, 90, 99, 59, 11, 16, 72, 73, 70, 39, 37, 84, 3, 92, 25, 55, 28, 29, 51, 7, 33, 61, 86, 66, 89, 50, 48, 96, 53, 8, 4, 80, 34, 49, 52, 0, 13, 2, 69, 74]|[1, 1, 0, 1, 1, 1, 2, 1, 2, 1, 2, 2, 2, 1, 1, 0, 0, 1, 0, 2, 2, 0, 1, 2, 0, 1, 2, 2, 0, 0, 1, 2, 1, 2, 1, 0, 2, 0, 1, 1, 0, 1, 1, 1, 0, 2, 1, 1, 0, 0, 0, 0, 1, 1, 2, 1, 2, 0, 0, 0, 2, 1, 0, 1, 2, 1, 2, 1, 1, 1, 1, 1, 2, 0, 1, 1, 0, 0, 0, 1, 2, 1, 0, 2, 1, 0, 0, 0, 0, 1, 0, 0, 2, 0, 1, 0, 0, 0, 1, 2]|[4, 3, 2, 2, 0, 0, 2, 2, 2, 4, 1, 1, 2, 4, 4, 1, 1, 4, 2, 1, 1, 1, 1, 2, 1, 2, 1, 1, 1, 1, 3, 2, 3, 0, 4, 0, 1, 1, 0, 3, 2, 2, 4, 0, 1, 1, 0, 2, 0, 1, 2, 2, 1, 4, 0, 3, 2, 1, 1, 2, 1, 3, 1, 1, 1, 3, 0, 4, 3, 1, 4, 1, 1, 2, 4, 4, 2, 1, 1, 3, 1, 3, 1, 1, 1, 1, 1, 1, 2, 3, 2, 1, 1, 1, 1, 2, 2, 2, 3, 1]|[0, 2, 1, 1, 3, 3, 0, 1, 0, 0, 0, 0, 1, 0, 1, 0, 0, 3, 1, 0, 0, 0, 3, 1, 0, 2, 0, 0, 0, 1, 0, 0, 0, 0, 3, 0, 1, 0, 0, 2, 1, 1, 2, 0, 0, 0, 0, 1, 1, 0, 0, 0, 1, 3, 0, 0, 1, 0, 0, 1, 0, 2, 0, 1, 0, 2, 1, 0, 0, 1, 1, 3, 0, 1, 3, 3, 1, 0, 0, 2, 0, 0, 0, 0, 1, 0, 0, 0, 1, 2, 1, 0, 0, 1, 1, 0, 0, 0, 0, 0],790.0808266764368,57926.0831962336,89131.00769295532,false
31,G1_CMAX,G1_CMAX,[31, 22, 82, 15, 26, 99, 95, 42, 77, 12, 47, 5, 93, 78, 86, 54, 21, 63, 18, 44, 20, 35, 43, 97, 91, 76, 10, 30, 85, 45, 71, 64, 1, 23, 17, 83, 24, 14, 60, 36, 6, 57, 40, 88, 65, 56, 79, 94, 67, 68, 46, 75, 38, 9, 19, 32, 41, 81, 27, 87, 90, 58, 59, 11, 16, 72, 73, 70, 39, 37, 84, 3, 92, 25, 55, 48, 62, 29, 51, 96, 33, 61, 98, 28, 89, 50, 4, 7, 53, 80, 52, 66, 34, 49, 8, 0, 74, 69, 2, 13]|[1, 1, 0, 1, 1, 0, 1, 1, 2, 1, 2, 2, 2, 1, 1, 0, 0, 1, 0, 2, 2, 0, 1, 2, 0, 1, 2, 2, 0, 0, 1, 2, 1, 2, 1, 0, 2, 0, 1, 1, 0, 1, 1, 1, 0, 2, 1, 1, 0, 0, 0, 0, 1, 1, 2, 1, 0, 2, 0, 2, 1, 0, 1, 2, 1, 2, 1, 1, 1, 1, 1, 1, 0, 1, 2, 0, 0, 0, 0, 2, 2, 1, 2, 0, 1, 0, 1, 2, 0, 0, 1, 2, 2, 0, 1, 0, 2, 1, 0, 0]|[0, 3, 2, 2, 4, 1, 2, 3, 2, 4, 1, 1, 2, 4, 4, 1, 1, 4, 2, 1, 1, 1, 1, 2, 1, 2, 1, 1, 2, 1, 3, 2, 3, 1, 4, 0, 1, 1, 0, 3, 2, 2, 2, 0, 1, 1, 0, 4, 0, 1, 2, 2, 1, 4, 0, 3, 1, 1, 1, 1, 3, 1, 1, 1, 3, 0, 4, 3, 1, 4, 1, 1, 0, 4, 1, 1, 2, 1, 1, 1, 1, 3, 1, 2, 1, 1, 4, 1, 2, 1, 1, 1, 1, 1, 3, 2, 1, 4, 2, 2]|[0, 2, 1, 1, 3, 0, 1, 3, 0, 0, 0, 0, 1, 0, 1, 0, 0, 3, 1, 0, 0, 0, 3, 1, 0, 2, 0, 0, 0, 1, 0, 0, 0, 0, 3, 0, 1, 0, 0, 2, 1, 1, 1, 0, 0, 0, 0, 2, 1, 0, 0, 0, 1, 3, 0, 0, 0, 0, 0, 0, 2, 0, 1, 0, 2, 1, 0, 0, 1, 1, 3, 1, 1, 3, 0, 0, 1, 0, 0, 0, 0, 0, 0, 1, 1, 0, 0, 0, 1, 0, 1, 0, 0, 1, 2, 0, 0, 2, 0, 0],731.2476204416437,56784.74762275103,92889.2977037672,false
31,G4_BALANCED,G4_BALANCED,[31, 22, 82, 15, 26, 9, 95, 42, 77, 68, 47, 5, 93, 78, 86, 54, 85, 63, 18, 44, 20, 49, 36, 14, 74, 50, 53, 17, 21, 28, 11, 64, 3, 23, 30, 83, 24, 41, 40, 52, 65, 27, 90, 70, 39, 87, 48, 69, 99, 4, 46, 1, 13, 58, 19, 59, 45, 8, 73, 37, 35, 79, 71, 66, 76, 32, 60, 80, 96, 6, 16, 61, 33, 7, 57, 34, 12, 67, 10, 98, 56, 88, 43, 75, 91, 38, 84, 92, 29, 97, 51, 55, 72, 25, 89, 81, 94, 2, 62, 0]|[2, 1, 2, 1, 1, 0, 1, 1, 1, 1, 1, 0, 2, 2, 1, 2, 0, 0, 0, 2, 2, 1, 0, 2, 0, 2, 2, 1, 0, 1, 1, 1, 0, 0, 1, 0, 2, 1, 2, 2, 0, 0, 1, 1, 0, 2, 0, 2, 1, 0, 0, 2, 0, 0, 2, 0, 1, 1, 0, 0, 2, 1, 1, 1, 2, 0, 2, 2, 0, 1, 2, 1, 1, 2, 0, 1, 1, 2, 1, 2, 2, 1, 1, 0, 1, 0, 0, 0, 1, 1, 1, 0, 1, 1, 1, 1, 2, 2, 1, 0]|[0, 3, 0, 3, 4, 1, 4, 4, 2, 4, 3, 2, 1, 0, 2, 1, 1, 1, 2, 1, 1, 3, 0, 1, 0, 1, 1, 4, 1, 4, 3, 2, 2, 0, 4, 1, 1, 4, 1, 1, 2, 1, 4, 4, 1, 1, 0, 2, 3, 2, 2, 1, 2, 1, 1, 2, 4, 3, 0, 2, 2, 3, 3, 1, 1, 2, 1, 1, 2, 4, 1, 3, 4, 1, 2, 4, 3, 1, 3, 1, 1, 4, 4, 2, 3, 2, 2, 2, 3, 4, 3, 2, 4, 4, 4, 4, 1, 1, 3, 2]|[0, 2, 0, 0, 3, 0, 1, 3, 0, 0, 2, 0, 1, 0, 1, 0, 0, 0, 1, 0, 0, 2, 0, 0, 1, 0, 0, 3, 0, 1, 0, 2, 0, 0, 3, 0, 1, 1, 0, 0, 0, 0, 1, 3, 0, 0, 1, 0, 2, 0, 0, 0, 0, 0, 1, 0, 1, 0, 1, 1, 0, 2, 0, 2, 0, 0, 0, 0, 0, 2, 0, 0, 1, 0, 0, 1, 0, 0, 3, 0, 0, 1, 2, 0, 0, 0, 0, 0, 3, 1, 0, 0, 1, 3, 1, 2, 0, 0, 0, 0],919.6758206014675,49934.00516979414,105245.00234693053,false
31,G2_TEC,G2_TEC,[31, 22, 82, 15, 26, 9, 95, 42, 77, 68, 47, 5, 93, 78, 86, 54, 85, 63, 18, 44, 20, 49, 36, 14, 74, 50, 53, 17, 21, 28, 11, 64, 3, 23, 30, 83, 24, 41, 40, 52, 65, 27, 90, 70, 39, 87, 48, 69, 99, 4, 46, 1, 13, 58, 97, 59, 45, 8, 73, 37, 35, 79, 71, 66, 76, 32, 60, 80, 96, 6, 16, 61, 33, 7, 57, 34, 12, 67, 10, 98, 56, 88, 43, 75, 91, 38, 84, 92, 29, 19, 51, 55, 72, 2, 89, 81, 94, 25, 62, 0]|[2, 1, 2, 1, 1, 2, 1, 1, 1, 1, 1, 0, 2, 2, 1, 2, 0, 0, 0, 2, 2, 1, 0, 2, 0, 2, 2, 1, 0, 1, 1, 1, 0, 0, 1, 0, 2, 1, 2, 2, 0, 0, 1, 1, 0, 2, 0, 2, 1, 0, 0, 2, 0, 0, 2, 0, 1, 1, 0, 0, 2, 1, 1, 1, 2, 0, 2, 2, 0, 1, 2, 1, 1, 2, 0, 1, 2, 1, 1, 2, 2, 1, 1, 0, 1, 0, 0, 0, 1, 1, 1, 0, 1, 2, 1, 1, 2, 1, 1, 0]|[0, 3, 0, 3, 4, 1, 4, 4, 2, 4, 3, 2, 1, 0, 2, 1, 1, 1, 2, 1, 1, 3, 0, 1, 0, 1, 1, 4, 1, 4, 3, 2, 2, 0, 4, 1, 1, 4, 1, 1, 2, 1, 4, 4, 1, 1, 0, 2, 3, 2, 2, 1, 2, 1, 1, 2, 4, 3, 0, 2, 2, 3, 3, 1, 1, 2, 1, 1, 2, 4, 1, 3, 4, 1, 2, 4, 1, 3, 3, 1, 1, 4, 4, 2, 3, 2, 2, 2, 3, 4, 3, 2, 4, 1, 4, 4, 1, 4, 3, 2]|[0, 2, 0, 0, 3, 0, 1, 3, 0, 0, 2, 0, 1, 0, 1, 0, 0, 0, 1, 0, 0, 2, 0, 0, 1, 0, 0, 3, 0, 1, 0, 2, 0, 0, 3, 0, 1, 1, 0, 0, 0, 0, 1, 3, 0, 0, 1, 0, 2, 0, 0, 0, 0, 0, 1, 0, 1, 0, 1, 1, 0, 2, 0, 2, 0, 0, 0, 0, 0, 2, 0, 0, 1, 0, 0, 1, 0, 0, 3, 0, 0, 1, 2, 0, 0, 0, 0, 0, 3, 1, 0, 0, 1, 0, 1, 2, 0, 3, 0, 0],882.9438068981488,49709.36040320535,107083.76232860672,false
31,G3_TWC,G3_TWC,[31, 22, 82, 15, 26, 58, 95, 42, 77, 12, 47, 5, 93, 78, 98, 54, 85, 63, 18, 44, 20, 35, 43, 97, 91, 76, 10, 30, 21, 45, 71, 64, 1, 23, 17, 83, 24, 14, 60, 36, 6, 57, 94, 88, 65, 56, 79, 40, 67, 68, 46, 75, 38, 9, 19, 32, 81, 41, 27, 62, 87, 90, 99, 59, 11, 16, 72, 73, 70, 39, 37, 84, 3, 92, 25, 55, 28, 29, 51, 7, 33, 61, 86, 66, 89, 50, 48, 96, 53, 8, 4, 80, 34, 49, 52, 0, 13, 2, 69, 74]|[1, 1, 0, 1, 1, 1, 2, 1, 2, 1, 2, 2, 2, 1, 1, 0, 0, 1, 0, 2, 2, 0, 1, 2, 0, 1, 2, 2, 0, 0, 1, 2, 1, 2, 1, 0, 2, 0, 1, 1, 0, 1, 1, 1, 0, 2, 1, 1, 0, 0, 0, 0, 1, 1, 2, 1, 2, 0, 0, 0, 2, 1, 0, 1, 2, 1, 2, 1, 1, 1, 1, 1, 2, 0, 1, 1, 0, 0, 0, 1, 2, 1, 0, 2, 1, 0, 0, 0, 0, 1, 0, 0, 2, 0, 1, 0, 0, 0, 1, 2]|[4, 3, 2, 2, 0, 0, 2, 2, 2, 4, 1, 1, 2, 4, 4, 1, 1, 4, 2, 1, 1, 1, 1, 2, 1, 2, 1, 1, 1, 1, 3, 2, 3, 0, 4, 0, 1, 1, 0, 3, 2, 2, 4, 0, 1, 1, 0, 2, 0, 1, 2, 2, 1, 4, 0, 3, 2, 1, 1, 2, 1, 3, 1, 1, 1, 3, 0, 4, 3, 1, 4, 1, 1, 2, 4, 4, 2, 1, 1, 3, 1, 3, 1, 1, 1, 1, 1, 1, 2, 3, 2, 1, 1, 1, 1, 2, 2, 2, 3, 1]|[0, 2, 1, 1, 3, 3, 0, 1, 0, 0, 0, 0, 1, 0, 1, 0, 0, 3, 1, 0, 0, 0, 3, 1, 0, 2, 0, 0, 0, 1, 0, 0, 0, 0, 3, 0, 1, 0, 0, 2, 1, 1, 2, 0, 0, 0, 0, 1, 1, 0, 0, 0, 1, 3, 0, 0, 1, 0, 0, 1, 0, 2, 0, 1, 0, 2, 1, 0, 0, 1, 1, 3, 0, 1, 3, 3, 1, 0, 0, 2, 0, 0, 0, 0, 1, 0, 0, 0, 1, 2, 1, 0, 0, 1, 1, 0, 0, 0, 0, 0],790.0808266764368,57926.0831962336,89131.00769295532,false
31,G1_CMAX,G1_CMAX,[31, 22, 82, 15, 26, 99, 95, 42, 77, 12, 47, 5, 93, 78, 86, 54, 21, 63, 18, 44, 20, 35, 43, 97, 91, 76, 10, 30, 85, 45, 71, 64, 1, 23, 17, 83, 24, 14, 60, 36, 6, 57, 40, 88, 65, 56, 79, 94, 67, 68, 46, 75, 38, 9, 19, 32, 41, 81, 27, 87, 90, 58, 59, 11, 16, 72, 73, 70, 39, 37, 84, 3, 92, 25, 55, 48, 62, 29, 51, 96, 33, 61, 98, 28, 89, 50, 4, 7, 53, 80, 52, 66, 34, 49, 8, 0, 74, 69, 2, 13]|[1, 1, 0, 1, 1, 0, 1, 1, 2, 1, 2, 2, 2, 1, 1, 0, 0, 1, 0, 2, 2, 0, 1, 2, 0, 1, 2, 2, 0, 0, 1, 2, 1, 2, 1, 0, 2, 0, 1, 1, 0, 1, 1, 1, 0, 2, 1, 1, 0, 0, 0, 0, 1, 1, 2, 1, 0, 2, 0, 2, 1, 0, 1, 2, 1, 2, 1, 1, 1, 1, 1, 1, 0, 1, 2, 0, 0, 0, 0, 2, 2, 1, 2, 0, 1, 0, 1, 2, 0, 0, 1, 2, 2, 0, 1, 0, 2, 1, 0, 0]|[0, 3, 2, 2, 4, 1, 2, 3, 2, 4, 1, 1, 2, 4, 4, 1, 1, 4, 2, 1, 1, 1, 1, 2, 1, 2, 1, 1, 2, 1, 3, 2, 3, 1, 4, 0, 1, 1, 0, 3, 2, 2, 2, 0, 1, 1, 0, 4, 0, 1, 2, 2, 1, 4, 0, 3, 1, 1, 1, 1, 3, 1, 1, 1, 3, 0, 4, 3, 1, 4, 1, 1, 0, 4, 1, 1, 2, 1, 1, 1, 1, 3, 1, 2, 1, 1, 4, 1, 2, 1, 1, 1, 1, 1, 3, 2, 1, 4, 2, 2]|[0, 2, 1, 1, 3, 0, 1, 3, 0, 0, 0, 0, 1, 0, 1, 0, 0, 3, 1, 0, 0, 0, 3, 1, 0, 2, 0, 0, 0, 1, 0, 0, 0, 0, 3, 0, 1, 0, 0, 2, 1, 1, 1, 0, 0, 0, 0, 2, 1, 0, 0, 0, 1, 3, 0, 0, 0, 0, 0, 0, 2, 0, 1, 0, 2, 1, 0, 0, 1, 1, 3, 1, 1, 3, 0, 0, 1, 0, 0, 0, 0, 0, 0, 1, 1, 0, 0, 0, 1, 0, 1, 0, 0, 1, 2, 0, 0, 2, 0, 0],731.2476204416437,56784.74762275103,92889.2977037672,false
31,G4_BALANCED,G4_BALANCED,[31, 22, 82, 15, 26, 9, 95, 42, 77, 68, 47, 5, 93, 78, 86, 54, 85, 63, 18, 44, 20, 49, 36, 14, 74, 50, 53, 17, 21, 28, 11, 64, 3, 23, 30, 83, 24, 41, 40, 52, 65, 27, 90, 70, 39, 87, 48, 69, 99, 4, 46, 1, 13, 58, 19, 59, 45, 8, 73, 37, 35, 79, 71, 66, 76, 32, 60, 80, 96, 6, 16, 61, 33, 7, 57, 34, 12, 67, 10, 98, 56, 88, 43, 75, 91, 38, 84, 92, 29, 97, 51, 55, 72, 25, 89, 81, 94, 2, 62, 0]|[2, 1, 2, 1, 1, 0, 1, 1, 1, 1, 1, 0, 2, 2, 1, 2, 0, 0, 0, 2, 2, 1, 0, 2, 0, 2, 2, 1, 0, 1, 1, 1, 0, 0, 1, 0, 2, 1, 2, 2, 0, 0, 1, 1, 0, 2, 0, 2, 1, 0, 0, 2, 0, 0, 2, 0, 1, 1, 0, 0, 2, 1, 1, 1, 2, 0, 2, 2, 0, 1, 2, 1, 1, 2, 0, 1, 1, 2, 1, 2, 2, 1, 1, 0, 1, 0, 0, 0, 1, 1, 1, 0, 1, 1, 1, 1, 2, 2, 1, 0]|[0, 3, 0, 3, 4, 1, 4, 4, 2, 4, 3, 2, 1, 0, 2, 1, 1, 1, 2, 1, 1, 3, 0, 1, 0, 1, 1, 4, 1, 4, 3, 2, 2, 0, 4, 1, 1, 4, 1, 1, 2, 1, 4, 4, 1, 1, 0, 2, 3, 2, 2, 1, 2, 1, 1, 2, 4, 3, 0, 2, 2, 3, 3, 1, 1, 2, 1, 1, 2, 4, 1, 3, 4, 1, 2, 4, 3, 1, 3, 1, 1, 4, 4, 2, 3, 2, 2, 2, 3, 4, 3, 2, 4, 4, 4, 4, 1, 1, 3, 2]|[0, 2, 0, 0, 3, 0, 1, 3, 0, 0, 2, 0, 1, 0, 1, 0, 0, 0, 1, 0, 0, 2, 0, 0, 1, 0, 0, 3, 0, 1, 0, 2, 0, 0, 3, 0, 1, 1, 0, 0, 0, 0, 1, 3, 0, 0, 1, 0, 2, 0, 0, 0, 0, 0, 1, 0, 1, 0, 1, 1, 0, 2, 0, 2, 0, 0, 0, 0, 0, 2, 0, 0, 1, 0, 0, 1, 0, 0, 3, 0, 0, 1, 2, 0, 0, 0, 0, 0, 3, 1, 0, 0, 1, 3, 1, 2, 0, 0, 0, 0],919.6758206014675,49934.00516979414,105245.00234693053,false
31,G2_TEC,G2_TEC,[31, 22, 82, 15, 26, 9, 95, 42, 77, 68, 47, 5, 93, 78, 86, 54, 85, 63, 18, 44, 20, 49, 36, 14, 74, 50, 53, 17, 21, 28, 11, 64, 3, 23, 30, 83, 24, 41, 40, 52, 65, 27, 90, 70, 39, 87, 48, 69, 99, 4, 46, 1, 13, 58, 97, 59, 45, 8, 73, 37, 35, 79, 71, 66, 76, 32, 60, 80, 96, 6, 16, 61, 33, 7, 57, 34, 12, 67, 10, 98, 56, 88, 43, 75, 91, 38, 84, 92, 29, 19, 51, 55, 72, 2, 89, 81, 94, 25, 62, 0]|[2, 1, 2, 1, 1, 2, 1, 1, 1, 1, 1, 0, 2, 2, 1, 2, 0, 0, 0, 2, 2, 1, 0, 2, 0, 2, 2, 1, 0, 1, 1, 1, 0, 0, 1, 0, 2, 1, 2, 2, 0, 0, 1, 1, 0, 2, 0, 2, 1, 0, 0, 2, 0, 0, 2, 0, 1, 1, 0, 0, 2, 1, 1, 1, 2, 0, 2, 2, 0, 1, 2, 1, 1, 2, 0, 1, 2, 1, 1, 2, 2, 1, 1, 0, 1, 0, 0, 0, 1, 1, 1, 0, 1, 2, 1, 1, 2, 1, 1, 0]|[0, 3, 0, 3, 4, 1, 4, 4, 2, 4, 3, 2, 1, 0, 2, 1, 1, 1, 2, 1, 1, 3, 0, 1, 0, 1, 1, 4, 1, 4, 3, 2, 2, 0, 4, 1, 1, 4, 1, 1, 2, 1, 4, 4, 1, 1, 0, 2, 3, 2, 2, 1, 2, 1, 1, 2, 4, 3, 0, 2, 2, 3, 3, 1, 1, 2, 1, 1, 2, 4, 1, 3, 4, 1, 2, 4, 1, 3, 3, 1, 1, 4, 4, 2, 3, 2, 2, 2, 3, 4, 3, 2, 4, 1, 4, 4, 1, 4, 3, 2]|[0, 2, 0, 0, 3, 0, 1, 3, 0, 0, 2, 0, 1, 0, 1, 0, 0, 0, 1, 0, 0, 2, 0, 0, 1, 0, 0, 3, 0, 1, 0, 2, 0, 0, 3, 0, 1, 1, 0, 0, 0, 0, 1, 3, 0, 0, 1, 0, 2, 0, 0, 0, 0, 0, 1, 0, 1, 0, 1, 1, 0, 2, 0, 2, 0, 0, 0, 0, 0, 2, 0, 0, 1, 0, 0, 1, 0, 0, 3, 0, 0, 1, 2, 0, 0, 0, 0, 0, 3, 1, 0, 0, 1, 0, 1, 2, 0, 3, 0, 0],882.9438068981488,49709.36040320535,107083.76232860672,false
31,G3_TWC,G3_TWC,[31, 22, 82, 15, 26, 58, 95, 42, 77, 12, 47, 5, 93, 78, 98, 54, 85, 63, 18, 44, 20, 35, 43, 97, 91, 76, 10, 30, 21, 45, 71, 64, 1, 23, 17, 83, 24, 14, 60, 36, 6, 57, 94, 88, 65, 56, 79, 40, 67, 68, 46, 75, 38, 9, 19, 32, 81, 41, 27, 62, 87, 90, 99, 59, 11, 16, 72, 73, 70, 39, 37, 84, 3, 92, 25, 55, 28, 29, 51, 7, 33, 61, 86, 66, 89, 50, 48, 96, 53, 8, 4, 80, 34, 49, 52, 0, 13, 2, 69, 74]|[1, 1, 0, 1, 1, 1, 2, 1, 2, 1, 2, 2, 2, 1, 1, 0, 0, 1, 0, 2, 2, 0, 1, 2, 0, 1, 2, 2, 0, 0, 1, 2, 1, 2, 1, 0, 2, 0, 1, 1, 0, 1, 1, 1, 0, 2, 1, 1, 0, 0, 0, 0, 1, 1, 2, 1, 2, 0, 0, 0, 2, 1, 0, 1, 2, 1, 2, 1, 1, 1, 1, 1, 2, 0, 1, 1, 0, 0, 0, 1, 2, 1, 0, 2, 1, 0, 0, 0, 0, 1, 0, 0, 2, 0, 1, 0, 0, 0, 1, 2]|[4, 3, 2, 2, 0, 0, 2, 2, 2, 4, 1, 1, 2, 4, 4, 1, 1, 4, 2, 1, 1, 1, 1, 2, 1, 2, 1, 1, 1, 1, 3, 2, 3, 0, 4, 0, 1, 1, 0, 3, 2, 2, 4, 0, 1, 1, 0, 2, 0, 1, 2, 2, 1, 4, 0, 3, 2, 1, 1, 2, 1, 3, 1, 1, 1, 3, 0, 4, 3, 1, 4, 1, 1, 2, 4, 4, 2, 1, 1, 3, 1, 3, 1, 1, 1, 1, 1, 1, 2, 3, 2, 1, 1, 1, 1, 2, 2, 2, 3, 1]|[0, 2, 1, 1, 3, 3, 0, 1, 0, 0, 0, 0, 1, 0, 1, 0, 0, 3, 1, 0, 0, 0, 3, 1, 0, 2, 0, 0, 0, 1, 0, 0, 0, 0, 3, 0, 1, 0, 0, 2, 1, 1, 2, 0, 0, 0, 0, 1, 1, 0, 0, 0, 1, 3, 0, 0, 1, 0, 0, 1, 0, 2, 0, 1, 0, 2, 1, 0, 0, 1, 1, 3, 0, 1, 3, 3, 1, 0, 0, 2, 0, 0, 0, 0, 1, 0, 0, 0, 1, 2, 1, 0, 0, 1, 1, 0, 0, 0, 0, 0],790.0808266764368,57926.0831962336,89131.00769295532,false
31,G1_CMAX,G1_CMAX,[31, 22, 82, 15, 26, 99, 95, 42, 77, 12, 47, 5, 93, 78, 86, 54, 21, 63, 18, 44, 20, 35, 43, 97, 91, 76, 10, 30, 85, 45, 71, 64, 1, 23, 17, 83, 24, 14, 60, 36, 6, 57, 40, 88, 65, 56, 79, 94, 67, 68, 46, 75, 38, 9, 19, 32, 41, 81, 27, 87, 90, 58, 59, 11, 16, 72, 73, 70, 39, 37, 84, 3, 92, 25, 55, 48, 62, 29, 51, 96, 33, 61, 98, 28, 89, 50, 4, 7, 53, 80, 52, 66, 34, 49, 8, 0, 74, 69, 2, 13]|[1, 1, 0, 1, 1, 0, 1, 1, 2, 1, 2, 2, 2, 1, 1, 0, 0, 1, 0, 2, 2, 0, 1, 2, 0, 1, 2, 2, 0, 0, 1, 2, 1, 2, 1, 0, 2, 0, 1, 1, 0, 1, 1, 1, 0, 2, 1, 1, 0, 0, 0, 0, 1, 1, 2, 1, 0, 2, 0, 2, 1, 0, 1, 2, 1, 2, 1, 1, 1, 1, 1, 1, 0, 1, 2, 0, 0, 0, 0, 2, 2, 1, 2, 0, 1, 0, 1, 2, 0, 0, 1, 2, 2, 0, 1, 0, 2, 1, 0, 0]|[0, 3, 2, 2, 4, 1, 2, 3, 2, 4, 1, 1, 2, 4, 4, 1, 1, 4, 2, 1, 1, 1, 1, 2, 1, 2, 1, 1, 2, 1, 3, 2, 3, 1, 4, 0, 1, 1, 0, 3, 2, 2, 2, 0, 1, 1, 0, 4, 0, 1, 2, 2, 1, 4, 0, 3, 1, 1, 1, 1, 3, 1, 1, 1, 3, 0, 4, 3, 1, 4, 1, 1, 0, 4, 1, 1, 2, 1, 1, 1, 1, 3, 1, 2, 1, 1, 4, 1, 2, 1, 1, 1, 1, 1, 3, 2, 1, 4, 2, 2]|[0, 2, 1, 1, 3, 0, 1, 3, 0, 0, 0, 0, 1, 0, 1, 0, 0, 3, 1, 0, 0, 0, 3, 1, 0, 2, 0, 0, 0, 1, 0, 0, 0, 0, 3, 0, 1, 0, 0, 2, 1, 1, 1, 0, 0, 0, 0, 2, 1, 0, 0, 0, 1, 3, 0, 0, 0, 0, 0, 0, 2, 0, 1, 0, 2, 1, 0, 0, 1, 1, 3, 1, 1, 3, 0, 0, 1, 0, 0, 0, 0, 0, 0, 1, 1, 0, 0, 0, 1, 0, 1, 0, 0, 1, 2, 0, 0, 2, 0, 0],731.2476204416437,56784.74762275103,92889.2977037672,false
31,G4_BALANCED,G4_BALANCED,[31, 22, 82, 15, 26, 9, 95, 42, 77, 68, 47, 5, 93, 78, 86, 54, 85, 63, 18, 44, 20, 49, 36, 14, 74, 50, 53, 17, 21, 28, 11, 64, 3, 23, 30, 83, 24, 41, 40, 52, 65, 27, 90, 70, 39, 87, 48, 69, 99, 4, 46, 1, 13, 58, 19, 59, 45, 8, 73, 37, 35, 79, 71, 66, 76, 32, 60, 80, 96, 6, 16, 61, 33, 7, 57, 34, 12, 67, 10, 98, 56, 88, 43, 75, 91, 38, 84, 92, 29, 97, 51, 55, 72, 25, 89, 81, 94, 2, 62, 0]|[2, 1, 2, 1, 1, 0, 1, 1, 1, 1, 1, 0, 2, 2, 1, 2, 0, 0, 0, 2, 2, 1, 0, 2, 0, 2, 2, 1, 0, 1, 1, 1, 0, 0, 1, 0, 2, 1, 2, 2, 0, 0, 1, 1, 0, 2, 0, 2, 1, 0, 0, 2, 0, 0, 2, 0, 1, 1, 0, 0, 2, 1, 1, 1, 2, 0, 2, 2, 0, 1, 2, 1, 1, 2, 0, 1, 1, 2, 1, 2, 2, 1, 1, 0, 1, 0, 0, 0, 1, 1, 1, 0, 1, 1, 1, 1, 2, 2, 1, 0]|[0, 3, 0, 3, 4, 1, 4, 4, 2, 4, 3, 2, 1, 0, 2, 1, 1, 1, 2, 1, 1, 3, 0, 1, 0, 1, 1, 4, 1, 4, 3, 2, 2, 0, 4, 1, 1, 4, 1, 1, 2, 1, 4, 4, 1, 1, 0, 2, 3, 2, 2, 1, 2, 1, 1, 2, 4, 3, 0, 2, 2, 3, 3, 1, 1, 2, 1, 1, 2, 4, 1, 3, 4, 1, 2, 4, 3, 1, 3, 1, 1, 4, 4, 2, 3, 2, 2, 2, 3, 4, 3, 2, 4, 4, 4, 4, 1, 1, 3, 2]|[0, 2, 0, 0, 3, 0, 1, 3, 0, 0, 2, 0, 1, 0, 1, 0, 0, 0, 1, 0, 0, 2, 0, 0, 1, 0, 0, 3, 0, 1, 0, 2, 0, 0, 3, 0, 1, 1, 0, 0, 0, 0, 1, 3, 0, 0, 1, 0, 2, 0, 0, 0, 0, 0, 1, 0, 1, 0, 1, 1, 0, 2, 0, 2, 0, 0, 0, 0, 0, 2, 0, 0, 1, 0, 0, 1, 0, 0, 3, 0, 0, 1, 2, 0, 0, 0, 0, 0, 3, 1, 0, 0, 1, 3, 1, 2, 0, 0, 0, 0],919.6758206014675,49934.00516979414,105245.00234693053,false
31,G2_TEC,G2_TEC,[31, 22, 82, 15, 26, 9, 95, 42, 77, 68, 47, 5, 93, 78, 86, 54, 85, 63, 18, 44, 20, 49, 36, 14, 74, 50, 53, 17, 21, 28, 11, 64, 3, 23, 30, 83, 24, 41, 40, 52, 65, 27, 90, 70, 39, 87, 48, 69, 99, 4, 46, 1, 13, 58, 97, 59, 45, 8, 73, 37, 35, 79, 71, 66, 76, 32, 60, 80, 96, 6, 16, 61, 33, 7, 57, 34, 12, 67, 10, 98, 56, 88, 43, 75, 91, 38, 84, 92, 29, 19, 2, 72, 89, 25, 51, 81, 94, 55, 62, 0]|[2, 1, 2, 1, 1, 2, 1, 1, 1, 1, 1, 0, 2, 2, 1, 2, 0, 0, 0, 2, 2, 1, 0, 2, 0, 2, 2, 1, 0, 1, 1, 1, 0, 0, 1, 0, 2, 1, 2, 2, 0, 0, 1, 1, 0, 2, 0, 2, 1, 0, 0, 2, 0, 0, 2, 0, 1, 1, 0, 0, 2, 1, 1, 1, 2, 0, 2, 2, 0, 1, 2, 1, 1, 2, 0, 1, 2, 1, 1, 2, 2, 1, 1, 0, 1, 0, 0, 0, 1, 1, 2, 1, 1, 1, 1, 1, 2, 0, 1, 0]|[0, 3, 0, 3, 4, 1, 4, 4, 2, 4, 3, 2, 1, 0, 2, 1, 1, 1, 2, 1, 1, 3, 0, 1, 0, 1, 1, 4, 1, 4, 3, 2, 2, 0, 4, 1, 1, 4, 1, 1, 2, 1, 4, 4, 1, 1, 0, 2, 3, 2, 2, 1, 2, 1, 1, 2, 4, 3, 0, 2, 2, 3, 3, 1, 1, 2, 1, 1, 2, 4, 1, 3, 4, 1, 2, 4, 1, 3, 3, 1, 1, 4, 4, 2, 3, 2, 2, 2, 3, 4, 1, 4, 4, 4, 3, 4, 1, 2, 3, 2]|[0, 2, 0, 0, 3, 0, 1, 3, 0, 0, 2, 0, 1, 0, 1, 0, 0, 0, 1, 0, 0, 2, 0, 0, 1, 0, 0, 3, 0, 1, 0, 2, 0, 0, 3, 0, 1, 3, 0, 0, 0, 0, 1, 3, 0, 0, 1, 0, 2, 0, 0, 0, 0, 1, 1, 0, 1, 0, 1, 1, 0, 2, 0, 2, 0, 0, 0, 0, 0, 2, 0, 0, 1, 0, 0, 1, 0, 0, 3, 0, 0, 1, 2, 0, 0, 0, 0, 0, 3, 1, 0, 2, 1, 3, 0, 2, 0, 0, 0, 0],888.9209649625727,50116.555708585336,105868.27080925599,false
31,G3_TWC,G3_TWC,[31, 22, 82, 15, 26, 58, 95, 42, 77, 12, 47, 5, 93, 78, 98, 54, 85, 63, 18, 44, 20, 35, 43, 97, 91, 76, 10, 30, 21, 45, 71, 64, 1, 23, 17, 83, 24, 14, 60, 36, 6, 57, 94, 88, 65, 56, 79, 40, 67, 68, 46, 75, 38, 9, 19, 32, 81, 41, 27, 62, 87, 90, 99, 59, 11, 16, 72, 73, 70, 39, 37, 84, 3, 92, 25, 55, 28, 29, 51, 7, 33, 61, 86, 66, 89, 50, 48, 96, 53, 8, 4, 80, 34, 49, 52, 0, 13, 2, 69, 74]|[1, 1, 0, 1, 1, 1, 2, 1, 2, 1, 2, 2, 2, 1, 1, 0, 0, 1, 0, 2, 2, 0, 1, 2, 0, 1, 2, 2, 0, 0, 1, 2, 1, 2, 1, 0, 2, 0, 1, 1, 0, 1, 1, 1, 0, 2, 1, 1, 0, 0, 0, 0, 1, 1, 2, 1, 2, 0, 0, 0, 2, 1, 0, 1, 2, 1, 2, 1, 1, 1, 1, 1, 2, 0, 1, 1, 0, 0, 0, 1, 2, 1, 0, 2, 1, 0, 0, 0, 0, 1, 0, 0, 2, 0, 1, 0, 0, 0, 1, 2]|[4, 3, 2, 2, 0, 0, 2, 2, 2, 4, 1, 1, 2, 4, 4, 1, 1, 4, 2, 1, 1, 1, 1, 2, 1, 2, 1, 1, 1, 1, 3, 2, 3, 0, 4, 0, 1, 1, 0, 3, 2, 2, 4, 0, 1, 1, 0, 2, 0, 1, 2, 2, 1, 4, 0, 3, 2, 1, 1, 2, 1, 3, 1, 1, 1, 3, 0, 4, 3, 1, 4, 1, 1, 2, 4, 4, 2, 1, 1, 3, 1, 3, 1, 1, 1, 1, 1, 1, 2, 3, 2, 1, 1, 1, 1, 2, 2, 2, 3, 1]|[0, 2, 1, 1, 3, 3, 0, 1, 0, 0, 0, 0, 1, 0, 1, 0, 0, 3, 1, 0, 0, 0, 3, 1, 0, 2, 0, 0, 0, 1, 0, 0, 0, 0, 3, 0, 1, 0, 0, 2, 1, 1, 2, 0, 0, 0, 0, 1, 1, 0, 0, 0, 1, 3, 0, 0, 1, 0, 0, 1, 0, 2, 0, 1, 0, 2, 1, 0, 0, 1, 1, 3, 0, 1, 3, 3, 1, 0, 0, 2, 0, 0, 0, 0, 1, 0, 0, 0, 1, 2, 1, 0, 0, 1, 1, 0, 0, 0, 0, 0],790.0808266764368,57926.0831962336,89131.00769295532,false
31,G1_CMAX,G1_CMAX,[31, 22, 82, 15, 26, 99, 95, 42, 77, 12, 47, 5, 93, 78, 86, 54, 21, 63, 18, 44, 20, 35, 43, 97, 91, 76, 10, 30, 85, 45, 71, 64, 1, 23, 17, 83, 24, 14, 60, 36, 6, 57, 40, 88, 65, 56, 79, 94, 67, 68, 46, 75, 38, 9, 19, 32, 41, 81, 27, 87, 90, 58, 59, 11, 16, 72, 73, 70, 39, 37, 84, 3, 92, 25, 55, 48, 62, 29, 51, 96, 33, 61, 98, 28, 89, 50, 4, 7, 53, 80, 52, 66, 34, 49, 8, 0, 74, 69, 2, 13]|[1, 1, 0, 1, 1, 0, 1, 1, 2, 1, 2, 2, 2, 1, 1, 0, 0, 1, 0, 2, 2, 0, 1, 2, 0, 1, 2, 2, 0, 0, 1, 2, 1, 2, 1, 0, 2, 0, 1, 1, 0, 1, 1, 1, 0, 2, 1, 1, 0, 0, 0, 0, 1, 1, 2, 1, 0, 2, 0, 2, 1, 0, 1, 2, 1, 2, 1, 1, 1, 1, 1, 1, 0, 1, 2, 0, 0, 0, 0, 2, 2, 1, 2, 0, 1, 0, 1, 2, 0, 0, 1, 2, 2, 0, 1, 0, 2, 1, 0, 0]|[0, 3, 2, 2, 4, 1, 2, 3, 2, 4, 1, 1, 2, 4, 4, 1, 1, 4, 2, 1, 1, 1, 1, 2, 1, 2, 1, 1, 2, 1, 3, 2, 3, 1, 4, 0, 1, 1, 0, 3, 2, 2, 2, 0, 1, 1, 0, 4, 0, 1, 2, 2, 1, 4, 0, 3, 1, 1, 1, 1, 3, 1, 1, 1, 3, 0, 4, 3, 1, 4, 1, 1, 0, 4, 1, 1, 2, 1, 1, 1, 1, 3, 1, 2, 1, 1, 4, 1, 2, 1, 1, 1, 1, 1, 3, 2, 1, 4, 2, 2]|[0, 2, 1, 1, 3, 0, 1, 3, 0, 0, 0, 0, 1, 0, 1, 0, 0, 3, 1, 0, 0, 0, 3, 1, 0, 2, 0, 0, 0, 1, 0, 0, 0, 0, 3, 0, 1, 0, 0, 2, 1, 1, 1, 0, 0, 0, 0, 2, 1, 0, 0, 0, 1, 3, 0, 0, 0, 0, 0, 0, 2, 0, 1, 0, 2, 1, 0, 0, 1, 1, 3, 1, 1, 3, 0, 0, 1, 0, 0, 0, 0, 0, 0, 1, 1, 0, 0, 0, 1, 0, 1, 0, 0, 1, 2, 0, 0, 2, 0, 0],731.2476204416437,56784.74762275103,92889.2977037672,false
31,G4_BALANCED,G4_BALANCED,[31, 22, 82, 15, 26, 9, 95, 42, 77, 68, 47, 5, 93, 78, 86, 54, 85, 63, 18, 44, 20, 49, 36, 14, 74, 50, 53, 17, 21, 28, 11, 64, 3, 23, 30, 83, 24, 41, 40, 52, 65, 27, 90, 70, 39, 87, 48, 69, 99, 4, 46, 1, 13, 58, 19, 59, 45, 8, 73, 37, 35, 79, 71, 66, 76, 32, 60, 80, 96, 6, 16, 61, 33, 7, 57, 34, 12, 67, 10, 98, 56, 88, 43, 75, 91, 38, 84, 92, 29, 97, 51, 55, 72, 25, 89, 81, 94, 2, 62, 0]|[2, 1, 2, 1, 1, 0, 1, 1, 1, 1, 1, 0, 2, 2, 1, 2, 0, 0, 0, 2, 2, 1, 0, 2, 0, 2, 2, 1, 0, 1, 1, 1, 0, 0, 1, 0, 2, 1, 2, 2, 0, 0, 1, 1, 0, 2, 0, 2, 1, 0, 0, 2, 0, 0, 2, 0, 1, 1, 0, 0, 2, 1, 1, 1, 2, 0, 2, 2, 0, 1, 2, 1, 1, 2, 0, 1, 1, 2, 1, 2, 2, 1, 1, 0, 1, 0, 0, 0, 1, 1, 1, 0, 1, 1, 1, 1, 2, 2, 1, 0]|[0, 3, 0, 3, 4, 1, 4, 4, 2, 4, 3, 2, 1, 0, 2, 1, 1, 1, 2, 1, 1, 3, 0, 1, 0, 1, 1, 4, 1, 4, 3, 2, 2, 0, 4, 1, 1, 4, 1, 1, 2, 1, 4, 4, 1, 1, 0, 2, 3, 2, 2, 1, 2, 1, 1, 2, 4, 3, 0, 2, 2, 3, 3, 1, 1, 2, 1, 1, 2, 4, 1, 3, 4, 1, 2, 4, 3, 1, 3, 1, 1, 4, 4, 2, 3, 2, 2, 2, 3, 4, 3, 2, 4, 4, 4, 4, 1, 1, 3, 2]|[0, 2, 0, 0, 3, 0, 1, 3, 0, 0, 2, 0, 1, 0, 1, 0, 0, 0, 1, 0, 0, 2, 0, 0, 1, 0, 0, 3, 0, 1, 0, 2, 0, 0, 3, 0, 1, 1, 0, 0, 0, 0, 1, 3, 0, 0, 1, 0, 2, 0, 0, 0, 0, 0, 1, 0, 1, 0, 1, 1, 0, 2, 0, 2, 0, 0, 0, 0, 0, 2, 0, 0, 1, 0, 0, 1, 0, 0, 3, 0, 0, 1, 2, 0, 0, 0, 0, 0, 3, 1, 0, 0, 1, 3, 1, 2, 0, 0, 0, 0],919.6758206014675,49934.00516979414,105245.00234693053,false
31,G2_TEC,G2_TEC,[31, 22, 82, 15, 26, 9, 95, 42, 77, 68, 47, 5, 93, 78, 86, 54, 85, 63, 18, 44, 20, 49, 36, 14, 74, 50, 53, 17, 21, 28, 11, 64, 3, 23, 30, 83, 24, 41, 40, 52, 65, 27, 90, 70, 39, 87, 48, 69, 99, 4, 46, 1, 13, 58, 97, 59, 45, 8, 73, 37, 35, 79, 71, 66, 76, 32, 60, 80, 96, 6, 16, 61, 33, 7, 57, 34, 12, 67, 10, 98, 56, 88, 43, 75, 91, 38, 84, 92, 29, 19, 2, 72, 89, 25, 51, 81, 94, 55, 62, 0]|[2, 1, 2, 1, 1, 2, 1, 1, 1, 1, 1, 0, 2, 2, 1, 2, 0, 0, 0, 2, 2, 1, 0, 2, 0, 2, 2, 1, 0, 1, 1, 1, 0, 0, 1, 0, 2, 1, 2, 2, 0, 0, 1, 1, 0, 2, 0, 2, 1, 0, 0, 2, 0, 0, 2, 0, 1, 1, 0, 0, 2, 1, 1, 1, 2, 0, 2, 2, 0, 1, 2, 1, 1, 2, 0, 1, 2, 1, 1, 2, 2, 1, 1, 0, 1, 0, 0, 0, 1, 1, 2, 1, 1, 1, 1, 1, 2, 0, 1, 0]|[0, 3, 0, 3, 4, 1, 4, 4, 2, 4, 3, 2, 1, 0, 2, 1, 1, 1, 2, 1, 1, 3, 0, 1, 0, 1, 1, 4, 1, 4, 3, 2, 2, 0, 4, 1, 1, 4, 1, 1, 2, 1, 4, 4, 1, 1, 0, 2, 3, 2, 2, 1, 2, 1, 1, 2, 4, 3, 0, 2, 2, 3, 3, 1, 1, 2, 1, 1, 2, 4, 1, 3, 4, 1, 2, 4, 1, 3, 3, 1, 1, 4, 4, 2, 3, 2, 2, 2, 3, 4, 1, 4, 4, 4, 3, 4, 1, 2, 3, 2]|[0, 2, 0, 0, 3, 0, 1, 3, 0, 0, 2, 0, 1, 0, 1, 0, 0, 0, 1, 0, 0, 2, 0, 0, 1, 0, 0, 3, 0, 1, 0, 2, 0, 0, 3, 0, 1, 3, 0, 0, 0, 0, 1, 3, 0, 0, 1, 0, 2, 0, 0, 0, 0, 1, 1, 0, 1, 0, 1, 1, 0, 2, 0, 2, 0, 0, 0, 0, 0, 2, 0, 0, 1, 0, 0, 1, 0, 0, 3, 0, 0, 1, 2, 0, 0, 0, 0, 0, 3, 1, 0, 2, 1, 3, 0, 2, 0, 0, 0, 0],888.9209649625727,50116.555708585336,105868.27080925599,false
31,G3_TWC,G3_TWC,[31, 22, 82, 15, 26, 58, 95, 42, 77, 12, 47, 5, 93, 78, 98, 54, 85, 63, 18, 44, 20, 35, 43, 97, 91, 76, 10, 30, 21, 45, 71, 64, 1, 23, 17, 83, 24, 14, 60, 36, 6, 57, 94, 88, 65, 56, 79, 40, 67, 68, 46, 75, 38, 9, 19, 32, 81, 41, 27, 62, 87, 90, 99, 59, 11, 16, 72, 73, 70, 39, 37, 84, 3, 92, 25, 55, 28, 29, 51, 7, 33, 61, 86, 66, 89, 50, 48, 96, 53, 8, 4, 80, 34, 49, 52, 0, 13, 2, 69, 74]|[1, 1, 0, 1, 1, 1, 2, 1, 2, 1, 2, 2, 2, 1, 1, 0, 0, 1, 0, 2, 2, 0, 1, 2, 0, 1, 2, 2, 0, 0, 1, 2, 1, 2, 1, 0, 2, 0, 1, 1, 0, 1, 1, 1, 0, 2, 1, 1, 0, 0, 0, 0, 1, 1, 2, 1, 2, 0, 0, 0, 2, 1, 0, 1, 2, 1, 2, 1, 1, 1, 1, 1, 2, 0, 1, 1, 0, 0, 0, 1, 2, 1, 0, 2, 1, 0, 0, 0, 0, 1, 0, 0, 2, 0, 1, 0, 0, 0, 1, 2]|[4, 3, 2, 2, 0, 0, 2, 2, 2, 4, 1, 1, 2, 4, 4, 1, 1, 4, 2, 1, 1, 1, 1, 2, 1, 2, 1, 1, 1, 1, 3, 2, 3, 0, 4, 0, 1, 1, 0, 3, 2, 2, 4, 0, 1, 1, 0, 2, 0, 1, 2, 2, 1, 4, 0, 3, 2, 1, 1, 2, 1, 3, 1, 1, 1, 3, 0, 4, 3, 1, 4, 1, 1, 2, 4, 4, 2, 1, 1, 3, 1, 3, 1, 1, 1, 1, 1, 1, 2, 3, 2, 1, 1, 1, 1, 2, 2, 2, 3, 1]|[0, 2, 1, 1, 3, 3, 0, 1, 0, 0, 0, 0, 1, 0, 1, 0, 0, 3, 1, 0, 0, 0, 3, 1, 0, 2, 0, 0, 0, 1, 0, 0, 0, 0, 3, 0, 1, 0, 0, 2, 1, 1, 2, 0, 0, 0, 0, 1, 1, 0, 0, 0, 1, 3, 0, 0, 1, 0, 0, 1, 0, 2, 0, 1, 0, 2, 1, 0, 0, 1, 1, 3, 0, 1, 3, 3, 1, 0, 0, 2, 0, 0, 0, 0, 1, 0, 0, 0, 1, 2, 1, 0, 0, 1, 1, 0, 0, 0, 0, 0],790.0808266764368,57926.0831962336,89131.00769295532,false
31,G1_CMAX,G1_CMAX,[31, 22, 82, 15, 26, 99, 95, 42, 77, 12, 47, 5, 93, 78, 86, 54, 21, 63, 18, 44, 20, 35, 43, 97, 91, 76, 10, 30, 85, 45, 71, 64, 1, 23, 17, 83, 24, 14, 60, 36, 6, 57, 40, 88, 65, 56, 79, 94, 67, 68, 46, 75, 38, 9, 19, 32, 41, 81, 27, 87, 90, 58, 59, 11, 16, 72, 73, 70, 39, 37, 84, 3, 92, 25, 55, 48, 62, 29, 51, 96, 33, 61, 98, 28, 89, 50, 4, 7, 53, 80, 52, 66, 34, 49, 8, 0, 74, 69, 2, 13]|[1, 1, 0, 1, 1, 0, 1, 1, 2, 1, 2, 2, 2, 1, 1, 0, 0, 1, 0, 2, 2, 0, 1, 2, 0, 1, 2, 2, 0, 0, 1, 2, 1, 2, 1, 0, 2, 0, 1, 1, 0, 1, 1, 1, 0, 2, 1, 1, 0, 0, 0, 0, 1, 1, 2, 1, 0, 2, 0, 2, 1, 0, 1, 2, 1, 2, 1, 1, 1, 1, 1, 1, 0, 1, 2, 0, 0, 0, 0, 2, 2, 1, 2, 0, 1, 0, 1, 2, 0, 0, 1, 2, 2, 0, 1, 0, 2, 1, 0, 0]|[0, 3, 2, 2, 4, 1, 2, 3, 2, 4, 1, 1, 2, 4, 4, 1, 1, 4, 2, 1, 1, 1, 1, 2, 1, 2, 1, 1, 2, 1, 3, 2, 3, 1, 4, 0, 1, 1, 0, 3, 2, 2, 2, 0, 1, 1, 0, 4, 0, 1, 2, 2, 1, 4, 0, 3, 1, 1, 1, 1, 3, 1, 1, 1, 3, 0, 4, 3, 1, 4, 1, 1, 0, 4, 1, 1, 2, 1, 1, 1, 1, 3, 1, 2, 1, 1, 4, 1, 2, 1, 1, 1, 1, 1, 3, 2, 1, 4, 2, 2]|[0, 2, 1, 1, 3, 0, 1, 3, 0, 0, 0, 0, 1, 0, 1, 0, 0, 3, 1, 0, 0, 0, 3, 1, 0, 2, 0, 0, 0, 1, 0, 0, 0, 0, 3, 0, 1, 0, 0, 2, 1, 1, 1, 0, 0, 0, 0, 2, 1, 0, 0, 0, 1, 3, 0, 0, 0, 0, 0, 0, 2, 0, 1, 0, 2, 1, 0, 0, 1, 1, 3, 1, 1, 3, 0, 0, 1, 0, 0, 0, 0, 0, 0, 1, 1, 0, 0, 0, 1, 0, 1, 0, 0, 1, 2, 0, 0, 2, 0, 0],731.2476204416437,56784.74762275103,92889.2977037672,false
31,G4_BALANCED,G4_BALANCED,[31, 22, 82, 15, 26, 9, 95, 42, 77, 68, 47, 5, 93, 78, 86, 54, 85, 63, 18, 44, 20, 49, 36, 14, 74, 50, 53, 17, 21, 28, 11, 64, 3, 23, 30, 83, 24, 41, 40, 52, 65, 27, 90, 70, 39, 87, 48, 69, 99, 4, 46, 1, 13, 58, 19, 59, 45, 8, 73, 37, 35, 79, 71, 66, 76, 32, 60, 80, 96, 6, 16, 61, 33, 7, 57, 34, 12, 67, 10, 98, 56, 88, 43, 75, 91, 38, 84, 92, 29, 97, 51, 55, 72, 25, 89, 81, 94, 2, 62, 0]|[2, 1, 2, 1, 1, 0, 1, 1, 1, 1, 1, 0, 2, 2, 1, 2, 0, 0, 0, 2, 2, 1, 0, 2, 0, 2, 2, 1, 0, 1, 1, 1, 0, 0, 1, 0, 2, 1, 2, 2, 0, 0, 1, 1, 0, 2, 0, 2, 1, 0, 0, 2, 0, 0, 2, 0, 1, 1, 0, 0, 2, 1, 1, 1, 2, 0, 2, 2, 0, 1, 2, 1, 1, 2, 0, 1, 1, 2, 1, 2, 2, 1, 1, 0, 1, 0, 0, 0, 1, 1, 1, 0, 1, 1, 1, 1, 2, 2, 1, 0]|[0, 3, 0, 3, 4, 1, 4, 4, 2, 4, 3, 2, 1, 0, 2, 1, 1, 1, 2, 1, 1, 3, 0, 1, 0, 1, 1, 4, 1, 4, 3, 2, 2, 0, 4, 1, 1, 4, 1, 1, 2, 1, 4, 4, 1, 1, 0, 2, 3, 2, 2, 1, 2, 1, 1, 2, 4, 3, 0, 2, 2, 3, 3, 1, 1, 2, 1, 1, 2, 4, 1, 3, 4, 1, 2, 4, 3, 1, 3, 1, 1, 4, 4, 2, 3, 2, 2, 2, 3, 4, 3, 2, 4, 4, 4, 4, 1, 1, 3, 2]|[0, 2, 0, 0, 3, 0, 1, 3, 0, 0, 2, 0, 1, 0, 1, 0, 0, 0, 1, 0, 0, 2, 0, 0, 1, 0, 0, 3, 0, 1, 0, 2, 0, 0, 3, 0, 1, 1, 0, 0, 0, 0, 1, 3, 0, 0, 1, 0, 2, 0, 0, 0, 0, 0, 1, 0, 1, 0, 1, 1, 0, 2, 0, 2, 0, 0, 0, 0, 0, 2, 0, 0, 1, 0, 0, 1, 0, 0, 3, 0, 0, 1, 2, 0, 0, 0, 0, 0, 3, 1, 0, 0, 1, 3, 1, 2, 0, 0, 0, 0],919.6758206014675,49934.00516979414,105245.00234693053,false
31,G2_TEC,G2_TEC,[31, 22, 82, 15, 26, 9, 95, 42, 77, 68, 47, 5, 93, 78, 86, 54, 85, 63, 18, 44, 20, 49, 36, 14, 74, 50, 53, 17, 21, 28, 11, 64, 3, 23, 30, 83, 24, 41, 40, 52, 65, 27, 90, 70, 39, 87, 48, 69, 99, 4, 46, 1, 13, 58, 97, 59, 45, 8, 73, 37, 35, 79, 71, 66, 76, 32, 60, 80, 96, 6, 16, 61, 33, 7, 57, 34, 12, 67, 10, 98, 56, 88, 43, 75, 91, 38, 84, 92, 29, 19, 51, 55, 72, 2, 89, 81, 94, 25, 62, 0]|[2, 1, 2, 1, 1, 2, 1, 1, 1, 1, 1, 0, 2, 2, 1, 2, 0, 0, 0, 2, 2, 1, 0, 2, 0, 2, 2, 1, 0, 1, 1, 1, 0, 0, 1, 0, 2, 1, 2, 2, 0, 0, 1, 1, 0, 2, 0, 2, 1, 0, 0, 2, 0, 0, 2, 0, 1, 1, 0, 0, 2, 1, 1, 1, 2, 0, 2, 2, 0, 1, 2, 1, 1, 2, 0, 1, 2, 1, 1, 2, 2, 1, 1, 0, 1, 0, 0, 0, 1, 1, 1, 0, 1, 2, 1, 1, 2, 1, 1, 0]|[0, 3, 0, 3, 4, 1, 4, 4, 2, 4, 3, 2, 1, 0, 2, 1, 1, 1, 2, 1, 1, 3, 0, 1, 0, 1, 1, 4, 1, 4, 3, 2, 2, 0, 4, 1, 1, 4, 1, 1, 2, 1, 4, 4, 1, 1, 0, 2, 3, 2, 2, 1, 2, 1, 1, 2, 4, 3, 0, 2, 2, 3, 3, 1, 1, 2, 1, 1, 2, 4, 1, 3, 4, 1, 2, 4, 1, 3, 3, 1, 1, 4, 4, 2, 3, 2, 2, 2, 3, 4, 3, 2, 4, 1, 4, 4, 1, 4, 3, 2]|[0, 2, 0, 0, 3, 0, 1, 3, 0, 0, 2, 0, 1, 0, 1, 0, 0, 0, 1, 0, 0, 2, 0, 0, 1, 0, 0, 3, 0, 1, 0, 2, 0, 0, 3, 0, 1, 1, 0, 0, 0, 0, 1, 3, 0, 0, 1, 0, 2, 0, 0, 0, 0, 0, 1, 0, 1, 0, 1, 1, 0, 2, 0, 2, 0, 0, 0, 0, 0, 2, 0, 0, 1, 0, 0, 1, 0, 0, 3, 0, 0, 1, 2, 0, 0, 0, 0, 0, 3, 1, 0, 0, 1, 0, 1, 2, 0, 3, 0, 0],882.9438068981488,49709.36040320535,107083.76232860672,false
31,G3_TWC,G3_TWC,[31, 22, 82, 15, 26, 58, 95, 42, 77, 12, 47, 5, 93, 78, 98, 54, 85, 63, 18, 44, 20, 35, 43, 97, 91, 76, 10, 30, 21, 45, 71, 64, 1, 23, 17, 83, 24, 14, 60, 36, 6, 57, 94, 88, 65, 56, 79, 40, 67, 68, 46, 75, 38, 9, 19, 32, 81, 41, 27, 62, 87, 90, 99, 59, 11, 16, 72, 73, 70, 39, 37, 84, 3, 92, 25, 55, 28, 29, 51, 7, 33, 61, 86, 66, 89, 50, 48, 96, 53, 8, 4, 80, 34, 49, 52, 0, 13, 2, 69, 74]|[1, 1, 0, 1, 1, 1, 2, 1, 2, 1, 2, 2, 2, 1, 1, 0, 0, 1, 0, 2, 2, 0, 1, 2, 0, 1, 2, 2, 0, 0, 1, 2, 1, 2, 1, 0, 2, 0, 1, 1, 0, 1, 1, 1, 0, 2, 1, 1, 0, 0, 0, 0, 1, 1, 2, 1, 2, 0, 0, 0, 2, 1, 0, 1, 2, 1, 2, 1, 1, 1, 1, 1, 2, 0, 1, 1, 0, 0, 0, 1, 2, 1, 0, 2, 1, 0, 0, 0, 0, 1, 0, 0, 2, 0, 1, 0, 0, 0, 1, 2]|[4, 3, 2, 2, 0, 0, 2, 2, 2, 4, 1, 1, 2, 4, 4, 1, 1, 4, 2, 1, 1, 1, 1, 2, 1, 2, 1, 1, 1, 1, 3, 2, 3, 0, 4, 0, 1, 1, 0, 3, 2, 2, 4, 0, 1, 1, 0, 2, 0, 1, 2, 2, 1, 4, 0, 3, 2, 1, 1, 2, 1, 3, 1, 1, 1, 3, 0, 4, 3, 1, 4, 1, 1, 2, 4, 4, 2, 1, 1, 3, 1, 3, 1, 1, 1, 1, 1, 1, 2, 3, 2, 1, 1, 1, 1, 2, 2, 2, 3, 1]|[0, 2, 1, 1, 3, 3, 0, 1, 0, 0, 0, 0, 1, 0, 1, 0, 0, 3, 1, 0, 0, 0, 3, 1, 0, 2, 0, 0, 0, 1, 0, 0, 0, 0, 3, 0, 1, 0, 0, 2, 1, 1, 2, 0, 0, 0, 0, 1, 1, 0, 0, 0, 1, 3, 0, 0, 1, 0, 0, 1, 0, 2, 0, 1, 0, 2, 1, 0, 0, 1, 1, 3, 0, 1, 3, 3, 1, 0, 0, 2, 0, 0, 0, 0, 1, 0, 0, 0, 1, 2, 1, 0, 0, 1, 1, 0, 0, 0, 0, 0],790.0808266764368,57926.0831962336,89131.00769295532,false
31,G1_CMAX,G1_CMAX,[31, 22, 82, 15, 26, 99, 95, 42, 77, 12, 47, 5, 93, 78, 86, 54, 21, 63, 18, 44, 20, 35, 43, 97, 91, 76, 10, 30, 85, 45, 71, 64, 1, 23, 17, 83, 24, 14, 60, 36, 6, 57, 40, 88, 65, 56, 79, 94, 67, 68, 46, 75, 38, 9, 19, 32, 41, 81, 27, 87, 90, 58, 59, 11, 16, 72, 73, 70, 39, 37, 84, 3, 92, 25, 55, 48, 62, 29, 51, 96, 33, 61, 98, 28, 89, 50, 4, 7, 53, 80, 52, 66, 34, 49, 8, 0, 74, 69, 2, 13]|[1, 1, 0, 1, 1, 0, 1, 1, 2, 1, 2, 2, 2, 1, 1, 0, 0, 1, 0, 2, 2, 0, 1, 2, 0, 1, 2, 2, 0, 0, 1, 2, 1, 2, 1, 0, 2, 0, 1, 1, 0, 1, 1, 1, 0, 2, 1, 1, 0, 0, 0, 0, 1, 1, 2, 1, 0, 2, 0, 2, 1, 0, 1, 2, 1, 2, 1, 1, 1, 1, 1, 1, 0, 1, 2, 0, 0, 0, 0, 2, 2, 1, 2, 0, 1, 0, 1, 2, 0, 0, 1, 2, 2, 0, 1, 0, 2, 1, 0, 0]|[0, 3, 2, 2, 4, 1, 2, 3, 2, 4, 1, 1, 2, 4, 4, 1, 1, 4, 2, 1, 1, 1, 1, 2, 1, 2, 1, 1, 2, 1, 3, 2, 3, 1, 4, 0, 1, 1, 0, 3, 2, 2, 2, 0, 1, 1, 0, 4, 0, 1, 2, 2, 1, 4, 0, 3, 1, 1, 1, 1, 3, 1, 1, 1, 3, 0, 4, 3, 1, 4, 1, 1, 0, 4, 1, 1, 2, 1, 1, 1, 1, 3, 1, 2, 1, 1, 4, 1, 2, 1, 1, 1, 1, 1, 3, 2, 1, 4, 2, 2]|[0, 2, 1, 1, 3, 0, 1, 3, 0, 0, 0, 0, 1, 0, 1, 0, 0, 3, 1, 0, 0, 0, 3, 1, 0, 2, 0, 0, 0, 1, 0, 0, 0, 0, 3, 0, 1, 0, 0, 2, 1, 1, 1, 0, 0, 0, 0, 2, 1, 0, 0, 0, 1, 3, 0, 0, 0, 0, 0, 0, 2, 0, 1, 0, 2, 1, 0, 0, 1, 1, 3, 1, 1, 3, 0, 0, 1, 0, 0, 0, 0, 0, 0, 1, 1, 0, 0, 0, 1, 0, 1, 0, 0, 1, 2, 0, 0, 2, 0, 0],731.2476204416437,56784.74762275103,92889.2977037672,false
31,G4_BALANCED,G4_BALANCED,[31, 22, 82, 15, 26, 9, 95, 42, 77, 68, 47, 5, 93, 78, 86, 54, 85, 63, 18, 44, 20, 49, 36, 14, 74, 50, 53, 17, 21, 28, 11, 64, 3, 23, 30, 83, 24, 41, 40, 52, 65, 27, 90, 70, 39, 87, 48, 69, 99, 4, 46, 1, 13, 58, 19, 59, 45, 8, 73, 37, 35, 79, 71, 66, 76, 32, 60, 80, 96, 6, 16, 61, 33, 7, 57, 34, 12, 67, 10, 98, 56, 88, 43, 75, 91, 38, 84, 92, 29, 97, 51, 55, 72, 25, 62, 81, 94, 89, 2, 0]|[2, 1, 2, 1, 1, 0, 1, 1, 1, 1, 1, 0, 2, 2, 1, 2, 0, 0, 0, 2, 2, 1, 0, 2, 0, 2, 2, 1, 0, 1, 1, 1, 0, 0, 1, 0, 2, 1, 2, 2, 0, 0, 1, 1, 0, 2, 0, 2, 1, 0, 0, 2, 0, 0, 2, 0, 1, 1, 0, 0, 2, 1, 1, 2, 2, 0, 2, 2, 0, 1, 2, 1, 1, 2, 0, 1, 1, 2, 1, 2, 2, 1, 1, 0, 1, 0, 0, 0, 1, 1, 1, 0, 1, 1, 1, 1, 2, 1, 2, 0]|[0, 3, 0, 3, 4, 1, 4, 4, 2, 4, 3, 2, 1, 0, 2, 1, 1, 1, 2, 1, 1, 3, 0, 1, 0, 1, 1, 4, 1, 4, 3, 2, 2, 0, 4, 1, 1, 4, 1, 1, 2, 1, 4, 4, 1, 1, 0, 2, 3, 2, 2, 1, 2, 1, 1, 2, 4, 3, 0, 2, 2, 3, 3, 1, 1, 2, 1, 1, 2, 4, 1, 3, 4, 1, 2, 4, 3, 1, 3, 1, 1, 4, 4, 2, 3, 2, 2, 2, 3, 4, 3, 2, 4, 4, 3, 4, 1, 4, 1, 2]|[0, 2, 0, 0, 3, 0, 1, 3, 0, 0, 2, 0, 1, 0, 1, 0, 0, 0, 1, 0, 0, 2, 0, 0, 1, 0, 0, 3, 0, 1, 0, 2, 0, 0, 3, 0, 1, 3, 0, 0, 0, 0, 1, 3, 0, 0, 1, 0, 2, 0, 0, 0, 0, 1, 1, 0, 1, 0, 1, 1, 0, 2, 0, 0, 0, 0, 0, 0, 0, 2, 0, 0, 1, 0, 0, 1, 0, 0, 3, 0, 0, 1, 2, 0, 0, 0, 0, 0, 3, 1, 0, 0, 1, 3, 0, 2, 0, 1, 0, 0],898.2543121797436,49921.58352753401,104519.27320165944,false
31,G2_TEC,G2_TEC,[31, 22, 82, 15, 26, 9, 95, 42, 77, 68, 47, 5, 93, 78, 86, 54, 85, 63, 18, 44, 20, 49, 36, 14, 74, 50, 53, 17, 21, 28, 11, 64, 3, 23, 30, 83, 24, 41, 40, 52, 65, 27, 90, 70, 39, 87, 48, 69, 99, 4, 46, 1, 13, 58, 97, 59, 45, 8, 73, 37, 35, 79, 71, 66, 76, 32, 60, 80, 96, 6, 16, 61, 33, 7, 57, 34, 12, 67, 10, 98, 56, 88, 43, 75, 91, 38, 84, 92, 29, 19, 51, 55, 72, 2, 89, 81, 94, 25, 62, 0]|[2, 1, 2, 1, 1, 2, 1, 1, 1, 1, 1, 0, 2, 2, 1, 2, 0, 0, 0, 2, 2, 1, 0, 2, 0, 2, 2, 1, 0, 1, 1, 1, 0, 0, 1, 0, 2, 1, 2, 2, 0, 0, 1, 1, 0, 2, 0, 2, 1, 0, 0, 2, 0, 0, 2, 0, 1, 1, 0, 0, 2, 1, 1, 1, 2, 0, 2, 2, 0, 1, 2, 1, 1, 2, 0, 1, 2, 1, 1, 2, 2, 1, 1, 0, 1, 0, 0, 0, 1, 1, 1, 0, 1, 2, 1, 1, 2, 1, 1, 0]|[0, 3, 0, 3, 4, 1, 4, 4, 2, 4, 3, 2, 1, 0, 2, 1, 1, 1, 2, 1, 1, 3, 0, 1, 0, 1, 1, 4, 1, 4, 3, 2, 2, 0, 4, 1, 1, 4, 1, 1, 2, 1, 4, 4, 1, 1, 0, 2, 3, 2, 2, 1, 2, 1, 1, 2, 4, 3, 0, 2, 2, 3, 3, 1, 1, 2, 1, 1, 2, 4, 1, 3, 4, 1, 2, 4, 1, 3, 3, 1, 1, 4, 4, 2, 3, 2, 2, 2, 3, 4, 3, 2, 4, 1, 4, 4, 1, 4, 3, 2]|[0, 2, 0, 0, 3, 0, 1, 3, 0, 0, 2, 0, 1, 0, 1, 0, 0, 0, 1, 0, 0, 2, 0, 0, 1, 0, 0, 3, 0, 1, 0, 2, 0, 0, 3, 0, 1, 1, 0, 0, 0, 0, 1, 3, 0, 0, 1, 0, 2, 0, 0, 0, 0, 0, 1, 0, 1, 0, 1, 1, 0, 2, 0, 2, 0, 0, 0, 0, 0, 2, 0, 0, 1, 0, 0, 1, 0, 0, 3, 0, 0, 1, 2, 0, 0, 0, 0, 0, 3, 1, 0, 0, 1, 0, 1, 2, 0, 3, 0, 0],882.9438068981488,49709.36040320535,107083.76232860672,false
31,G3_TWC,G3_TWC,[31, 22, 82, 15, 26, 58, 95, 42, 77, 12, 47, 5, 93, 78, 98, 54, 85, 63, 18, 44, 20, 35, 43, 97, 91, 76, 10, 30, 21, 45, 71, 64, 1, 23, 17, 83, 24, 14, 60, 36, 6, 57, 94, 88, 65, 56, 79, 40, 67, 68, 46, 75, 38, 9, 19, 32, 81, 41, 27, 62, 87, 90, 99, 59, 11, 16, 72, 73, 70, 39, 37, 84, 3, 92, 25, 55, 28, 29, 51, 7, 33, 61, 86, 66, 89, 50, 48, 96, 53, 8, 4, 80, 34, 49, 52, 0, 13, 2, 69, 74]|[1, 1, 0, 1, 1, 1, 2, 1, 2, 1, 2, 2, 2, 1, 1, 0, 0, 1, 0, 2, 2, 0, 1, 2, 0, 1, 2, 2, 0, 0, 1, 2, 1, 2, 1, 0, 2, 0, 1, 1, 0, 1, 1, 1, 0, 2, 1, 1, 0, 0, 0, 0, 1, 1, 2, 1, 2, 0, 0, 0, 2, 1, 0, 1, 2, 1, 2, 1, 1, 1, 1, 1, 2, 0, 1, 1, 0, 0, 0, 1, 2, 1, 0, 2, 1, 0, 0, 0, 0, 1, 0, 0, 2, 0, 1, 0, 0, 0, 1, 2]|[4, 3, 2, 2, 0, 0, 2, 2, 2, 4, 1, 1, 2, 4, 4, 1, 1, 4, 2, 1, 1, 1, 1, 2, 1, 2, 1, 1, 1, 1, 3, 2, 3, 0, 4, 0, 1, 1, 0, 3, 2, 2, 4, 0, 1, 1, 0, 2, 0, 1, 2, 2, 1, 4, 0, 3, 2, 1, 1, 2, 1, 3, 1, 1, 1, 3, 0, 4, 3, 1, 4, 1, 1, 2, 4, 4, 2, 1, 1, 3, 1, 3, 1, 1, 1, 1, 1, 1, 2, 3, 2, 1, 1, 1, 1, 2, 2, 2, 3, 1]|[0, 2, 1, 1, 3, 3, 0, 1, 0, 0, 0, 0, 1, 0, 1, 0, 0, 3, 1, 0, 0, 0, 3, 1, 0, 2, 0, 0, 0, 1, 0, 0, 0, 0, 3, 0, 1, 0, 0, 2, 1, 1, 2, 0, 0, 0, 0, 1, 1, 0, 0, 0, 1, 3, 0, 0, 1, 0, 0, 1, 0, 2, 0, 1, 0, 2, 1, 0, 0, 1, 1, 3, 0, 1, 3, 3, 1, 0, 0, 2, 0, 0, 0, 0, 1, 0, 0, 0, 1, 2, 1, 0, 0, 1, 1, 0, 0, 0, 0, 0],790.0808266764368,57926.0831962336,89131.00769295532,false
31,G1_CMAX,G1_CMAX,[31, 22, 82, 15, 26, 99, 95, 42, 77, 12, 47, 5, 93, 78, 86, 54, 21, 63, 18, 44, 20, 35, 43, 97, 91, 76, 10, 30, 85, 45, 71, 64, 1, 23, 17, 83, 24, 14, 60, 36, 6, 57, 40, 88, 65, 56, 79, 94, 67, 68, 46, 75, 38, 9, 19, 32, 41, 81, 27, 87, 90, 58, 59, 11, 16, 72, 73, 70, 39, 37, 84, 3, 92, 25, 55, 48, 62, 29, 51, 96, 33, 61, 98, 28, 89, 50, 4, 7, 53, 80, 52, 66, 34, 49, 8, 0, 74, 69, 2, 13]|[1, 1, 0, 1, 1, 0, 1, 1, 2, 1, 2, 2, 2, 1, 1, 0, 0, 1, 0, 2, 2, 0, 1, 2, 0, 1, 2, 2, 0, 0, 1, 2, 1, 2, 1, 0, 2, 0, 1, 1, 0, 1, 1, 1, 0, 2, 1, 1, 0, 0, 0, 0, 1, 1, 2, 1, 0, 2, 0, 2, 1, 0, 1, 2, 1, 2, 1, 1, 1, 1, 1, 1, 0, 1, 2, 0, 0, 0, 0, 2, 2, 1, 2, 0, 1, 0, 1, 2, 0, 0, 1, 2, 2, 0, 1, 0, 2, 1, 0, 0]|[0, 3, 2, 2, 4, 1, 2, 3, 2, 4, 1, 1, 2, 4, 4, 1, 1, 4, 2, 1, 1, 1, 1, 2, 1, 2, 1, 1, 2, 1, 3, 2, 3, 1, 4, 0, 1, 1, 0, 3, 2, 2, 2, 0, 1, 1, 0, 4, 0, 1, 2, 2, 1, 4, 0, 3, 1, 1, 1, 1, 3, 1, 1, 1, 3, 0, 4, 3, 1, 4, 1, 1, 0, 4, 1, 1, 2, 1, 1, 1, 1, 3, 1, 2, 1, 1, 4, 1, 2, 1, 1, 1, 1, 1, 3, 2, 1, 4, 2, 2]|[0, 2, 1, 1, 3, 0, 1, 3, 0, 0, 0, 0, 1, 0, 1, 0, 0, 3, 1, 0, 0, 0, 3, 1, 0, 2, 0, 0, 0, 1, 0, 0, 0, 0, 3, 0, 1, 0, 0, 2, 1, 1, 1, 0, 0, 0, 0, 2, 1, 0, 0, 0, 1, 3, 0, 0, 0, 0, 0, 0, 2, 0, 1, 0, 2, 1, 0, 0, 1, 1, 3, 1, 1, 3, 0, 0, 1, 0, 0, 0, 0, 0, 0, 1, 1, 0, 0, 0, 1, 0, 1, 0, 0, 1, 2, 0, 0, 2, 0, 0],731.2476204416437,56784.74762275103,92889.2977037672,false
31,G4_BALANCED,G4_BALANCED,[31, 22, 82, 15, 26, 9, 95, 42, 77, 68, 47, 5, 93, 78, 86, 54, 85, 63, 18, 44, 20, 49, 36, 14, 74, 50, 53, 17, 21, 28, 11, 64, 3, 23, 30, 83, 24, 41, 40, 52, 65, 27, 90, 70, 39, 87, 48, 69, 99, 4, 46, 1, 13, 58, 19, 59, 45, 8, 73, 37, 35, 79, 71, 66, 76, 32, 60, 80, 96, 6, 16, 61, 33, 7, 57, 34, 12, 67, 10, 98, 56, 88, 43, 75, 91, 38, 84, 92, 29, 97, 51, 55, 72, 25, 89, 81, 94, 2, 62, 0]|[2, 1, 2, 1, 1, 0, 1, 1, 1, 1, 1, 0, 2, 2, 1, 2, 0, 0, 0, 2, 2, 1, 0, 2, 0, 2, 2, 1, 0, 1, 1, 1, 0, 0, 1, 0, 2, 1, 2, 2, 0, 0, 1, 1, 0, 2, 0, 2, 1, 0, 0, 2, 0, 0, 2, 0, 1, 1, 0, 0, 2, 1, 1, 2, 2, 0, 2, 2, 0, 1, 2, 1, 1, 2, 0, 1, 1, 2, 1, 2, 2, 1, 1, 0, 1, 0, 0, 0, 1, 1, 1, 0, 1, 1, 1, 1, 2, 2, 1, 0]|[0, 3, 0, 3, 4, 1, 4, 4, 2, 4, 3, 2, 1, 0, 2, 1, 1, 1, 2, 1, 1, 3, 0, 1, 0, 1, 1, 4, 1, 4, 3, 2, 2, 0, 4, 1, 1, 4, 1, 1, 2, 1, 4, 4, 1, 1, 0, 2, 3, 2, 2, 1, 2, 1, 1, 2, 4, 3, 0, 2, 2, 3, 3, 1, 1, 2, 1, 1, 2, 4, 1, 3, 4, 1, 2, 4, 3, 1, 3, 1, 1, 4, 4, 2, 3, 2, 2, 2, 3, 4, 3, 2, 4, 4, 4, 4, 1, 1, 3, 2]|[0, 2, 0, 0, 3, 0, 1, 3, 0, 0, 2, 0, 1, 0, 1, 0, 0, 0, 1, 0, 0, 2, 0, 0, 1, 0, 0, 3, 0, 1, 0, 2, 0, 0, 3, 0, 1, 1, 0, 0, 0, 0, 1, 3, 0, 0, 1, 0, 2, 0, 0, 0, 0, 1, 1, 0, 1, 0, 1, 1, 0, 2, 0, 0, 0, 0, 0, 0, 0, 2, 0, 0, 1, 0, 0, 1, 0, 0, 3, 0, 0, 1, 2, 0, 0, 0, 0, 0, 3, 1, 0, 0, 1, 3, 1, 2, 0, 0, 0, 0],898.2543121797436,49878.32155658267,103803.07434734824,false
31,G2_TEC,G2_TEC,[31, 22, 82, 15, 26, 9, 95, 42, 77, 68, 47, 5, 93, 78, 86, 54, 85, 63, 18, 44, 20, 49, 36, 14, 74, 50, 53, 17, 21, 28, 11, 64, 3, 23, 30, 83, 24, 41, 40, 52, 65, 27, 90, 70, 39, 87, 48, 69, 99, 4, 46, 1, 13, 58, 97, 59, 45, 8, 73, 37, 35, 79, 71, 66, 76, 32, 60, 80, 96, 6, 16, 61, 33, 7, 57, 34, 12, 67, 10, 98, 56, 88, 43, 75, 91, 38, 84, 92, 29, 19, 51, 55, 72, 2, 89, 81, 94, 25, 62, 0]|[2, 1, 2, 1, 1, 2, 1, 1, 1, 1, 1, 0, 2, 2, 1, 2, 0, 0, 0, 2, 2, 1, 0, 2, 0, 2, 2, 1, 0, 1, 1, 1, 0, 0, 1, 0, 2, 1, 2, 2, 0, 0, 1, 1, 0, 2, 0, 2, 1, 0, 0, 2, 0, 0, 2, 0, 1, 1, 0, 0, 2, 1, 1, 1, 2, 0, 2, 2, 0, 1, 2, 1, 1, 2, 0, 1, 2, 1, 1, 2, 2, 1, 1, 0, 1, 0, 0, 0, 1, 1, 1, 0, 1, 2, 1, 1, 2, 1, 1, 0]|[0, 3, 0, 3, 4, 1, 4, 4, 2, 4, 3, 2, 1, 0, 2, 1, 1, 1, 2, 1, 1, 3, 0, 1, 0, 1, 1, 4, 1, 4, 3, 2, 2, 0, 4, 1, 1, 4, 1, 1, 2, 1, 4, 4, 1, 1, 0, 2, 3, 2, 2, 1, 2, 1, 1, 2, 4, 3, 0, 2, 2, 3, 3, 1, 1, 2, 1, 1, 2, 4, 1, 3, 4, 1, 2, 4, 1, 3, 3, 1, 1, 4, 4, 2, 3, 2, 2, 2, 3, 4, 3, 2, 4, 1, 4, 4, 1, 4, 3, 2]|[0, 2, 0, 0, 3, 0, 1, 3, 0, 0, 2, 0, 1, 0, 1, 0, 0, 0, 1, 0, 0, 2, 0, 0, 1, 0, 0, 3, 0, 1, 0, 2, 0, 0, 3, 0, 1, 1, 0, 0, 0, 0, 1, 3, 0, 0, 1, 0, 2, 0, 0, 0, 0, 0, 1, 0, 1, 0, 1, 1, 0, 2, 0, 2, 0, 0, 0, 0, 0, 2, 0, 0, 1, 0, 0, 1, 0, 0, 3, 0, 0, 1, 2, 0, 0, 0, 0, 0, 3, 1, 0, 0, 1, 0, 1, 2, 0, 3, 0, 0],882.9438068981488,49709.36040320535,107083.76232860672,false
31,G3_TWC,G3_TWC,[31, 22, 82, 15, 26, 58, 95, 42, 77, 12, 47, 5, 93, 78, 98, 54, 85, 63, 18, 44, 20, 35, 43, 97, 91, 76, 10, 30, 21, 45, 71, 64, 1, 23, 17, 83, 24, 14, 60, 36, 6, 57, 94, 88, 65, 56, 79, 40, 67, 68, 46, 75, 38, 9, 19, 32, 81, 41, 27, 62, 87, 90, 99, 59, 11, 16, 72, 73, 70, 39, 37, 84, 3, 92, 25, 55, 28, 29, 51, 7, 33, 61, 86, 66, 89, 50, 48, 96, 53, 8, 4, 80, 34, 49, 52, 0, 13, 2, 69, 74]|[1, 1, 0, 1, 1, 1, 2, 1, 2, 1, 2, 2, 2, 1, 1, 0, 0, 1, 0, 2, 2, 0, 1, 2, 0, 1, 2, 2, 0, 0, 1, 2, 1, 2, 1, 0, 2, 0, 1, 1, 0, 1, 1, 1, 0, 2, 1, 1, 0, 0, 0, 0, 1, 1, 2, 1, 2, 0, 0, 0, 2, 1, 0, 1, 2, 1, 2, 1, 1, 1, 1, 1, 2, 0, 1, 1, 0, 0, 0, 1, 2, 1, 0, 2, 1, 0, 0, 0, 0, 1, 0, 0, 2, 0, 1, 0, 0, 0, 1, 2]|[4, 3, 2, 2, 0, 0, 2, 2, 2, 4, 1, 1, 2, 4, 4, 1, 1, 4, 2, 1, 1, 1, 1, 2, 1, 2, 1, 1, 1, 1, 3, 2, 3, 0, 4, 0, 1, 1, 0, 3, 2, 2, 4, 0, 1, 1, 0, 2, 0, 1, 2, 2, 1, 4, 0, 3, 2, 1, 1, 2, 1, 3, 1, 1, 1, 3, 0, 4, 3, 1, 4, 1, 1, 2, 4, 4, 2, 1, 1, 3, 1, 3, 1, 1, 1, 1, 1, 1, 2, 3, 2, 1, 1, 1, 1, 2, 2, 2, 3, 1]|[0, 2, 1, 1, 3, 3, 0, 1, 0, 0, 0, 0, 1, 0, 1, 0, 0, 3, 1, 0, 0, 0, 3, 1, 0, 2, 0, 0, 0, 1, 0, 0, 0, 0, 3, 0, 1, 0, 0, 2, 1, 1, 2, 0, 0, 0, 0, 1, 1, 0, 0, 0, 1, 3, 0, 0, 1, 0, 0, 1, 0, 2, 0, 1, 0, 2, 1, 0, 0, 1, 1, 3, 0, 1, 3, 3, 1, 0, 0, 2, 0, 0, 0, 0, 1, 0, 0, 0, 1, 2, 1, 0, 0, 1, 1, 0, 0, 0, 0, 0],790.0808266764368,57926.0831962336,89131.00769295532,false
31,G1_CMAX,G1_CMAX,[31, 22, 82, 15, 26, 99, 95, 42, 77, 12, 47, 5, 93, 78, 86, 54, 21, 63, 18, 44, 20, 35, 43, 97, 91, 76, 10, 30, 85, 45, 71, 64, 1, 23, 17, 83, 24, 14, 60, 36, 6, 57, 40, 88, 65, 56, 79, 94, 67, 68, 46, 75, 38, 9, 19, 32, 41, 81, 27, 87, 90, 58, 59, 11, 16, 72, 73, 70, 39, 37, 84, 3, 92, 25, 55, 48, 62, 29, 51, 96, 33, 61, 98, 28, 89, 50, 4, 7, 53, 80, 52, 66, 34, 49, 8, 0, 74, 69, 2, 13]|[1, 1, 0, 1, 1, 0, 1, 1, 2, 1, 2, 2, 2, 1, 1, 0, 0, 1, 0, 2, 2, 0, 1, 2, 0, 1, 2, 2, 0, 0, 1, 2, 1, 2, 1, 0, 2, 0, 1, 1, 0, 1, 1, 1, 0, 2, 1, 1, 0, 0, 0, 0, 1, 1, 2, 1, 0, 2, 0, 2, 1, 0, 1, 2, 1, 2, 1, 1, 1, 1, 1, 1, 0, 1, 2, 0, 0, 0, 0, 2, 2, 1, 2, 0, 1, 0, 1, 2, 0, 0, 1, 2, 2, 0, 1, 0, 2, 1, 0, 0]|[0, 3, 2, 2, 4, 1, 2, 3, 2, 4, 1, 1, 2, 4, 4, 1, 1, 4, 2, 1, 1, 1, 1, 2, 1, 2, 1, 1, 2, 1, 3, 2, 3, 1, 4, 0, 1, 1, 0, 3, 2, 2, 2, 0, 1, 1, 0, 4, 0, 1, 2, 2, 1, 4, 0, 3, 1, 1, 1, 1, 3, 1, 1, 1, 3, 0, 4, 3, 1, 4, 1, 1, 0, 4, 1, 1, 2, 1, 1, 1, 1, 3, 1, 2, 1, 1, 4, 1, 2, 1, 1, 1, 1, 1, 3, 2, 1, 4, 2, 2]|[0, 2, 1, 1, 3, 0, 1, 3, 0, 0, 0, 0, 1, 0, 1, 0, 0, 3, 1, 0, 0, 0, 3, 1, 0, 2, 0, 0, 0, 1, 0, 0, 0, 0, 3, 0, 1, 0, 0, 2, 1, 1, 1, 0, 0, 0, 0, 2, 1, 0, 0, 0, 1, 3, 0, 0, 0, 0, 0, 0, 2, 0, 1, 0, 2, 1, 0, 0, 1, 1, 3, 1, 1, 3, 0, 0, 1, 0, 0, 0, 0, 0, 0, 1, 1, 0, 0, 0, 1, 0, 1, 0, 0, 1, 2, 0, 0, 2, 0, 0],731.2476204416437,56784.74762275103,92889.2977037672,false
31,G4_BALANCED,G4_BALANCED,[31, 22, 82, 15, 26, 9, 95, 42, 77, 68, 47, 5, 93, 78, 86, 54, 85, 63, 18, 44, 20, 49, 36, 14, 74, 50, 53, 17, 21, 28, 11, 64, 3, 23, 30, 83, 24, 41, 40, 52, 65, 27, 90, 70, 39, 87, 48, 69, 99, 4, 46, 1, 13, 58, 19, 59, 45, 8, 73, 37, 35, 79, 71, 66, 76, 32, 60, 80, 96, 6, 16, 61, 33, 7, 57, 34, 12, 67, 10, 98, 56, 88, 43, 75, 91, 38, 84, 92, 29, 97, 51, 55, 72, 25, 89, 81, 94, 2, 62, 0]|[2, 1, 2, 1, 1, 0, 1, 1, 1, 1, 1, 0, 2, 2, 1, 2, 0, 0, 0, 2, 2, 1, 0, 2, 0, 2, 2, 1, 0, 1, 1, 1, 0, 0, 1, 0, 2, 1, 2, 2, 0, 0, 1, 1, 0, 2, 0, 2, 1, 0, 0, 2, 0, 0, 2, 0, 1, 1, 0, 0, 2, 1, 1, 2, 2, 0, 2, 2, 0, 1, 2, 1, 1, 2, 0, 1, 1, 2, 1, 2, 2, 1, 1, 0, 1, 0, 0, 0, 1, 1, 1, 0, 1, 1, 1, 1, 2, 2, 1, 0]|[0, 3, 0, 3, 4, 1, 4, 4, 2, 4, 3, 2, 1, 0, 2, 1, 1, 1, 2, 1, 1, 3, 0, 1, 0, 1, 1, 4, 1, 4, 3, 2, 2, 0, 4, 1, 1, 4, 1, 1, 2, 1, 4, 4, 1, 1, 0, 2, 3, 2, 2, 1, 2, 1, 1, 2, 4, 3, 0, 2, 2, 3, 3, 1, 1, 2, 1, 1, 2, 4, 1, 3, 4, 1, 2, 4, 3, 1, 3, 1, 1, 4, 4, 2, 3, 2, 2, 2, 3, 4, 3, 2, 4, 4, 4, 4, 1, 1, 3, 2]|[0, 2, 0, 0, 3, 0, 1, 3, 0, 0, 2, 0, 1, 0, 1, 0, 0, 0, 1, 0, 0, 2, 0, 0, 1, 0, 0, 3, 0, 1, 0, 2, 0, 0, 3, 0, 1, 1, 0, 0, 0, 0, 1, 3, 0, 0, 1, 0, 2, 0, 0, 0, 0, 1, 1, 0, 1, 0, 1, 1, 0, 2, 0, 0, 0, 0, 0, 0, 0, 2, 0, 0, 1, 0, 0, 1, 0, 0, 3, 0, 0, 1, 2, 0, 0, 0, 0, 0, 3, 1, 0, 0, 1, 3, 1, 2, 0, 0, 0, 0],898.2543121797436,49878.32155658267,103803.07434734824,false
31,G2_TEC,G2_TEC,[31, 22, 82, 15, 26, 9, 95, 42, 77, 68, 47, 5, 93, 78, 86, 54, 85, 63, 18, 44, 20, 49, 36, 14, 74, 50, 53, 17, 21, 28, 11, 64, 3, 23, 30, 83, 24, 41, 40, 52, 65, 27, 90, 70, 39, 87, 48, 69, 99, 4, 46, 1, 13, 58, 97, 59, 45, 8, 73, 37, 35, 79, 71, 66, 76, 32, 60, 80, 96, 6, 16, 61, 33, 7, 57, 34, 12, 67, 10, 98, 56, 88, 43, 75, 91, 38, 84, 92, 29, 19, 51, 55, 72, 2, 89, 81, 94, 25, 62, 0]|[2, 1, 2, 1, 1, 2, 1, 1, 1, 1, 1, 0, 2, 2, 1, 2, 0, 0, 0, 2, 2, 1, 0, 2, 0, 2, 2, 1, 0, 1, 1, 1, 0, 0, 1, 0, 2, 1, 2, 2, 0, 0, 1, 1, 0, 2, 0, 2, 1, 0, 0, 2, 0, 0, 2, 0, 1, 1, 0, 0, 2, 1, 1, 1, 2, 0, 2, 2, 0, 1, 2, 1, 1, 2, 0, 1, 2, 1, 1, 2, 2, 1, 1, 0, 1, 0, 0, 0, 1, 1, 1, 0, 1, 2, 1, 1, 2, 1, 1, 0]|[0, 3, 0, 3, 4, 1, 4, 4, 2, 4, 3, 2, 1, 0, 2, 1, 1, 1, 2, 1, 1, 3, 0, 1, 0, 1, 1, 4, 1, 4, 3, 2, 2, 0, 4, 1, 1, 4, 1, 1, 2, 1, 4, 4, 1, 1, 0, 2, 3, 2, 2, 1, 2, 1, 1, 2, 4, 3, 0, 2, 2, 3, 3, 1, 1, 2, 1, 1, 2, 4, 1, 3, 4, 1, 2, 4, 1, 3, 3, 1, 1, 4, 4, 2, 3, 2, 2, 2, 3, 4, 3, 2, 4, 1, 4, 4, 1, 4, 3, 2]|[0, 2, 0, 0, 3, 0, 1, 3, 0, 0, 2, 0, 1, 0, 1, 0, 0, 0, 1, 0, 0, 2, 0, 0, 1, 0, 0, 3, 0, 1, 0, 2, 0, 0, 3, 0, 1, 1, 0, 0, 0, 0, 1, 3, 0, 0, 1, 0, 2, 0, 0, 0, 0, 0, 1, 0, 1, 0, 1, 1, 0, 2, 0, 2, 0, 0, 0, 0, 0, 2, 0, 0, 1, 0, 0, 1, 0, 0, 3, 0, 0, 1, 2, 0, 0, 0, 0, 0, 3, 1, 0, 0, 1, 0, 1, 2, 0, 3, 0, 0],882.9438068981488,49709.36040320535,107083.76232860672,false
31,G3_TWC,G3_TWC,[31, 22, 82, 15, 26, 58, 95, 42, 77, 12, 47, 5, 93, 78, 98, 54, 85, 63, 18, 44, 20, 35, 43, 97, 91, 76, 10, 30, 21, 45, 71, 64, 1, 23, 17, 83, 24, 14, 60, 36, 6, 57, 94, 88, 65, 56, 79, 40, 67, 68, 46, 75, 38, 9, 19, 32, 81, 41, 27, 62, 87, 90, 99, 59, 11, 16, 72, 73, 70, 39, 37, 84, 3, 92, 25, 55, 28, 29, 51, 7, 33, 61, 86, 66, 89, 50, 48, 96, 53, 8, 4, 80, 34, 49, 52, 0, 13, 2, 69, 74]|[1, 1, 0, 1, 1, 1, 2, 1, 2, 1, 2, 2, 2, 1, 1, 0, 0, 1, 0, 2, 2, 0, 1, 2, 0, 1, 2, 2, 0, 0, 1, 2, 1, 2, 1, 0, 2, 0, 1, 1, 0, 1, 1, 1, 0, 2, 1, 1, 0, 0, 0, 0, 1, 1, 2, 1, 2, 0, 0, 0, 2, 1, 0, 1, 2, 1, 2, 1, 1, 1, 1, 1, 2, 0, 1, 1, 0, 0, 0, 1, 2, 1, 0, 2, 1, 0, 0, 0, 0, 1, 0, 0, 2, 0, 1, 0, 0, 0, 1, 2]|[4, 3, 2, 2, 0, 0, 2, 2, 2, 4, 1, 1, 2, 4, 4, 1, 1, 4, 2, 1, 1, 1, 1, 2, 1, 2, 1, 1, 1, 1, 3, 2, 3, 0, 4, 0, 1, 1, 0, 3, 2, 2, 4, 0, 1, 1, 0, 2, 0, 1, 2, 2, 1, 4, 0, 3, 2, 1, 1, 2, 1, 3, 1, 1, 1, 3, 0, 4, 3, 1, 4, 1, 1, 2, 4, 4, 2, 1, 1, 3, 1, 3, 1, 1, 1, 1, 1, 1, 2, 3, 2, 1, 1, 1, 1, 2, 2, 2, 3, 1]|[0, 2, 1, 1, 3, 3, 0, 1, 0, 0, 0, 0, 1, 0, 1, 0, 0, 3, 1, 0, 0, 0, 3, 1, 0, 2, 0, 0, 0, 1, 0, 0, 0, 0, 3, 0, 1, 0, 0, 2, 1, 1, 2, 0, 0, 0, 0, 1, 1, 0, 0, 0, 1, 3, 0, 0, 1, 0, 0, 1, 0, 2, 0, 1, 0, 2, 1, 0, 0, 1, 1, 3, 0, 1, 3, 3, 1, 0, 0, 2, 0, 0, 0, 0, 1, 0, 0, 0, 1, 2, 1, 0, 0, 1, 1, 0, 0, 0, 0, 0],790.0808266764368,57926.0831962336,89131.00769295532,false
31,G1_CMAX,G1_CMAX,[31, 22, 82, 15, 26, 99, 95, 42, 77, 12, 47, 5, 93, 78, 86, 54, 21, 63, 18, 44, 20, 35, 43, 97, 91, 76, 10, 30, 85, 45, 71, 64, 1, 23, 17, 83, 24, 14, 60, 36, 6, 57, 40, 88, 65, 56, 79, 94, 67, 68, 46, 75, 38, 9, 19, 32, 41, 81, 27, 87, 90, 58, 59, 11, 16, 72, 73, 70, 39, 37, 84, 3, 92, 25, 55, 48, 62, 29, 51, 96, 33, 61, 98, 28, 89, 50, 4, 7, 53, 80, 52, 66, 34, 49, 8, 0, 74, 69, 2, 13]|[1, 1, 0, 1, 1, 0, 1, 1, 2, 1, 2, 2, 2, 1, 1, 0, 0, 1, 0, 2, 2, 0, 1, 2, 0, 1, 2, 2, 0, 0, 1, 2, 1, 2, 1, 0, 2, 0, 1, 1, 0, 1, 1, 1, 0, 2, 1, 1, 0, 0, 0, 0, 1, 1, 2, 1, 0, 2, 0, 2, 1, 0, 1, 2, 1, 2, 1, 1, 1, 1, 1, 1, 0, 1, 2, 0, 0, 0, 0, 2, 2, 1, 2, 0, 1, 0, 1, 2, 0, 0, 1, 2, 2, 0, 1, 0, 2, 1, 0, 0]|[0, 3, 2, 2, 4, 1, 2, 3, 2, 4, 1, 1, 2, 4, 4, 1, 1, 4, 2, 1, 1, 1, 1, 2, 1, 2, 1, 1, 2, 1, 3, 2, 3, 1, 4, 0, 1, 1, 0, 3, 2, 2, 2, 0, 1, 1, 0, 4, 0, 1, 2, 2, 1, 4, 0, 3, 1, 1, 1, 1, 3, 1, 1, 1, 3, 0, 4, 3, 1, 4, 1, 1, 0, 4, 1, 1, 2, 1, 1, 1, 1, 3, 1, 2, 1, 1, 4, 1, 2, 1, 1, 1, 1, 1, 3, 2, 1, 4, 2, 2]|[0, 2, 1, 1, 3, 0, 1, 3, 0, 0, 0, 0, 1, 0, 1, 0, 0, 3, 1, 0, 0, 0, 3, 1, 0, 2, 0, 0, 0, 1, 0, 0, 0, 0, 3, 0, 1, 0, 0, 2, 1, 1, 1, 0, 0, 0, 0, 2, 1, 0, 0, 0, 1, 3, 0, 0, 0, 0, 0, 0, 2, 0, 1, 0, 2, 1, 0, 0, 1, 1, 3, 1, 1, 3, 0, 0, 1, 0, 0, 0, 0, 0, 0, 1, 1, 0, 0, 0, 1, 0, 1, 0, 0, 1, 2, 0, 0, 2, 0, 0],731.2476204416437,56784.74762275103,92889.2977037672,false
31,G4_BALANCED,G4_BALANCED,[31, 22, 82, 15, 26, 9, 95, 42, 77, 68, 47, 5, 93, 78, 86, 54, 85, 63, 18, 44, 20, 49, 36, 14, 74, 50, 53, 17, 21, 28, 11, 64, 3, 23, 30, 83, 24, 41, 40, 52, 65, 27, 90, 70, 39, 87, 48, 69, 99, 4, 46, 1, 13, 58, 19, 59, 45, 8, 73, 37, 35, 79, 71, 66, 76, 32, 60, 80, 96, 6, 16, 61, 33, 7, 57, 34, 12, 67, 10, 98, 56, 88, 43, 75, 91, 38, 84, 92, 29, 97, 51, 55, 72, 25, 89, 81, 94, 2, 62, 0]|[2, 1, 2, 1, 1, 0, 1, 1, 1, 1, 1, 0, 2, 2, 1, 2, 0, 0, 0, 2, 2, 1, 0, 2, 0, 2, 2, 1, 0, 1, 1, 1, 0, 0, 1, 0, 2, 1, 2, 2, 0, 0, 1, 1, 0, 2, 0, 2, 1, 0, 0, 2, 0, 0, 2, 0, 1, 1, 0, 0, 2, 1, 1, 2, 2, 0, 2, 2, 0, 1, 2, 1, 1, 2, 0, 1, 1, 2, 1, 2, 2, 1, 1, 0, 1, 0, 0, 0, 1, 1, 1, 0, 1, 1, 1, 1, 2, 2, 1, 0]|[0, 3, 0, 3, 4, 1, 4, 4, 2, 4, 3, 2, 1, 0, 2, 1, 1, 1, 2, 1, 1, 3, 0, 1, 0, 1, 1, 4, 1, 4, 3, 2, 2, 0, 4, 1, 1, 4, 1, 1, 2, 1, 4, 4, 1, 1, 0, 2, 3, 2, 2, 1, 2, 1, 1, 2, 4, 3, 0, 2, 2, 3, 3, 1, 1, 2, 1, 1, 2, 4, 1, 3, 4, 1, 2, 4, 3, 1, 3, 1, 1, 4, 4, 2, 3, 2, 2, 2, 3, 4, 3, 2, 4, 4, 4, 4, 1, 1, 3, 2]|[0, 2, 0, 0, 3, 0, 1, 3, 0, 0, 2, 0, 1, 0, 1, 0, 0, 0, 1, 0, 0, 2, 0, 0, 1, 0, 0, 3, 0, 1, 0, 2, 0, 0, 3, 0, 1, 1, 0, 0, 0, 0, 1, 3, 0, 0, 1, 0, 2, 0, 0, 0, 0, 1, 1, 0, 1, 0, 1, 1, 0, 2, 0, 0, 0, 0, 0, 0, 0, 2, 0, 0, 1, 0, 0, 1, 0, 0, 3, 0, 0, 1, 2, 0, 0, 0, 0, 0, 3, 1, 0, 0, 1, 3, 1, 2, 0, 0, 0, 0],898.2543121797436,49878.32155658267,103803.07434734824,false
31,G2_TEC,G2_TEC,[31, 22, 82, 15, 26, 9, 95, 42, 77, 68, 47, 5, 93, 78, 86, 54, 85, 63, 18, 44, 20, 49, 36, 14, 74, 50, 53, 17, 21, 28, 11, 64, 3, 23, 30, 83, 24, 41, 40, 52, 65, 27, 90, 70, 39, 87, 48, 69, 99, 4, 46, 1, 13, 58, 97, 59, 45, 8, 73, 37, 35, 79, 71, 66, 76, 32, 60, 80, 96, 6, 16, 61, 33, 7, 57, 34, 12, 67, 10, 98, 56, 88, 43, 75, 91, 38, 84, 92, 29, 19, 51, 55, 72, 2, 89, 81, 94, 25, 62, 0]|[2, 1, 2, 1, 1, 2, 1, 1, 1, 1, 1, 0, 2, 2, 1, 2, 0, 0, 0, 2, 2, 1, 0, 2, 0, 2, 2, 1, 0, 1, 1, 1, 0, 0, 1, 0, 2, 1, 2, 2, 0, 0, 1, 1, 0, 2, 0, 2, 1, 0, 0, 2, 0, 0, 2, 0, 1, 1, 0, 0, 2, 1, 1, 1, 2, 0, 2, 2, 0, 1, 2, 1, 1, 2, 0, 1, 2, 1, 1, 2, 2, 1, 1, 0, 1, 0, 0, 0, 1, 1, 1, 0, 1, 2, 1, 1, 2, 1, 1, 0]|[0, 3, 0, 3, 4, 1, 4, 4, 2, 4, 3, 2, 1, 0, 2, 1, 1, 1, 2, 1, 1, 3, 0, 1, 0, 1, 1, 4, 1, 4, 3, 2, 2, 0, 4, 1, 1, 4, 1, 1, 2, 1, 4, 4, 1, 1, 0, 2, 3, 2, 2, 1, 2, 1, 1, 2, 4, 3, 0, 2, 2, 3, 3, 1, 1, 2, 1, 1, 2, 4, 1, 3, 4, 1, 2, 4, 1, 3, 3, 1, 1, 4, 4, 2, 3, 2, 2, 2, 3, 4, 3, 2, 4, 1, 4, 4, 1, 4, 3, 2]|[0, 2, 0, 0, 3, 0, 1, 3, 0, 0, 2, 0, 1, 0, 1, 0, 0, 0, 1, 0, 0, 2, 0, 0, 1, 0, 0, 3, 0, 1, 0, 2, 0, 0, 3, 0, 1, 1, 0, 0, 0, 0, 1, 3, 0, 0, 1, 0, 2, 0, 0, 0, 0, 0, 1, 0, 1, 0, 1, 1, 0, 2, 0, 2, 0, 0, 0, 0, 0, 2, 0, 0, 1, 0, 0, 1, 0, 0, 3, 0, 0, 1, 2, 0, 0, 0, 0, 0, 3, 1, 0, 0, 1, 0, 1, 2, 0, 3, 0, 0],882.9438068981488,49709.36040320535,107083.76232860672,false
31,G3_TWC,G3_TWC,[31, 22, 82, 15, 26, 58, 95, 42, 77, 12, 47, 5, 93, 78, 98, 54, 85, 63, 18, 44, 20, 35, 43, 97, 91, 76, 10, 30, 21, 45, 71, 64, 1, 23, 17, 83, 24, 14, 60, 36, 6, 57, 94, 88, 65, 56, 79, 40, 67, 68, 46, 75, 38, 9, 19, 32, 81, 41, 27, 62, 87, 90, 99, 59, 11, 16, 72, 73, 70, 39, 37, 84, 3, 92, 25, 55, 28, 29, 51, 7, 33, 61, 86, 66, 89, 50, 48, 96, 53, 8, 4, 80, 34, 49, 52, 0, 13, 2, 69, 74]|[1, 1, 0, 1, 1, 1, 2, 1, 2, 1, 2, 2, 2, 1, 1, 0, 0, 1, 0, 2, 2, 0, 1, 2, 0, 1, 2, 2, 0, 0, 1, 2, 1, 2, 1, 0, 2, 0, 1, 1, 0, 1, 1, 1, 0, 2, 1, 1, 0, 0, 0, 0, 1, 1, 2, 1, 2, 0, 0, 0, 2, 1, 0, 1, 2, 1, 2, 1, 1, 1, 1, 1, 2, 0, 1, 1, 0, 0, 0, 1, 2, 1, 0, 2, 1, 0, 0, 0, 0, 1, 0, 0, 2, 0, 1, 0, 0, 0, 1, 2]|[4, 3, 2, 2, 0, 0, 2, 2, 2, 4, 1, 1, 2, 4, 4, 1, 1, 4, 2, 1, 1, 1, 1, 2, 1, 2, 1, 1, 1, 1, 3, 2, 3, 0, 4, 0, 1, 1, 0, 3, 2, 2, 4, 0, 1, 1, 0, 2, 0, 1, 2, 2, 1, 4, 0, 3, 2, 1, 1, 2, 1, 3, 1, 1, 1, 3, 0, 4, 3, 1, 4, 1, 1, 2, 4, 4, 2, 1, 1, 3, 1, 3, 1, 1, 1, 1, 1, 1, 2, 3, 2, 1, 1, 1, 1, 2, 2, 2, 3, 1]|[0, 2, 1, 1, 3, 3, 0, 1, 0, 0, 0, 0, 1, 0, 1, 0, 0, 3, 1, 0, 0, 0, 3, 1, 0, 2, 0, 0, 0, 1, 0, 0, 0, 0, 3, 0, 1, 0, 0, 2, 1, 1, 2, 0, 0, 0, 0, 1, 1, 0, 0, 0, 1, 3, 0, 0, 1, 0, 0, 1, 0, 2, 0, 1, 0, 2, 1, 0, 0, 1, 1, 3, 0, 1, 3, 3, 1, 0, 0, 2, 0, 0, 0, 0, 1, 0, 0, 0, 1, 2, 1, 0, 0, 1, 1, 0, 0, 0, 0, 0],790.0808266764368,57926.0831962336,89131.00769295532,false
31,G1_CMAX,G1_CMAX,[31, 22, 82, 15, 26, 99, 95, 42, 77, 12, 47, 5, 93, 78, 86, 54, 21, 63, 18, 44, 20, 35, 43, 97, 91, 76, 10, 30, 85, 45, 71, 64, 1, 23, 17, 83, 24, 14, 60, 36, 6, 57, 40, 88, 65, 56, 79, 94, 67, 68, 46, 75, 38, 9, 19, 32, 41, 81, 27, 87, 90, 58, 59, 11, 16, 72, 73, 70, 39, 37, 84, 3, 92, 25, 55, 48, 62, 29, 51, 96, 33, 61, 98, 28, 89, 50, 4, 7, 53, 80, 52, 66, 34, 49, 8, 0, 74, 69, 2, 13]|[1, 1, 0, 1, 1, 0, 1, 1, 2, 1, 2, 2, 2, 1, 1, 0, 0, 1, 0, 2, 2, 0, 1, 2, 0, 1, 2, 2, 0, 0, 1, 2, 1, 2, 1, 0, 2, 0, 1, 1, 0, 1, 1, 1, 0, 2, 1, 1, 0, 0, 0, 0, 1, 1, 2, 1, 0, 2, 0, 2, 1, 0, 1, 2, 1, 2, 1, 1, 1, 1, 1, 1, 0, 1, 2, 0, 0, 0, 0, 2, 2, 1, 2, 0, 1, 0, 1, 2, 0, 0, 1, 2, 2, 0, 1, 0, 2, 1, 0, 0]|[0, 3, 2, 2, 4, 1, 2, 3, 2, 4, 1, 1, 2, 4, 4, 1, 1, 4, 2, 1, 1, 1, 1, 2, 1, 2, 1, 1, 2, 1, 3, 2, 3, 1, 4, 0, 1, 1, 0, 3, 2, 2, 2, 0, 1, 1, 0, 4, 0, 1, 2, 2, 1, 4, 0, 3, 1, 1, 1, 1, 3, 1, 1, 1, 3, 0, 4, 3, 1, 4, 1, 1, 0, 4, 1, 1, 2, 1, 1, 1, 1, 3, 1, 2, 1, 1, 4, 1, 2, 1, 1, 1, 1, 1, 3, 2, 1, 4, 2, 2]|[0, 2, 1, 1, 3, 0, 1, 3, 0, 0, 0, 0, 1, 0, 1, 0, 0, 3, 1, 0, 0, 0, 3, 1, 0, 2, 0, 0, 0, 1, 0, 0, 0, 0, 3, 0, 1, 0, 0, 2, 1, 1, 1, 0, 0, 0, 0, 2, 1, 0, 0, 0, 1, 3, 0, 0, 0, 0, 0, 0, 2, 0, 1, 0, 2, 1, 0, 0, 1, 1, 3, 1, 1, 3, 0, 0, 1, 0, 0, 0, 0, 0, 0, 1, 1, 0, 0, 0, 1, 0, 1, 0, 0, 1, 2, 0, 0, 2, 0, 0],731.2476204416437,56784.74762275103,92889.2977037672,false
31,G4_BALANCED,G4_BALANCED,[31, 22, 82, 15, 26, 9, 95, 42, 77, 68, 47, 5, 93, 78, 86, 54, 85, 63, 18, 44, 20, 49, 36, 14, 74, 50, 53, 17, 21, 28, 11, 64, 3, 23, 30, 83, 24, 41, 40, 52, 65, 27, 90, 70, 39, 87, 48, 69, 99, 4, 46, 1, 13, 58, 19, 59, 45, 8, 73, 37, 35, 79, 71, 66, 76, 32, 60, 80, 96, 6, 16, 61, 33, 7, 57, 34, 12, 67, 10, 98, 56, 88, 43, 75, 91, 38, 84, 92, 29, 97, 51, 55, 72, 25, 89, 81, 94, 2, 62, 0]|[2, 1, 2, 1, 1, 0, 1, 1, 1, 1, 1, 0, 2, 2, 1, 2, 0, 0, 0, 2, 2, 1, 0, 2, 0, 2, 2, 1, 0, 1, 1, 1, 0, 0, 1, 0, 2, 1, 2, 2, 0, 0, 1, 1, 0, 2, 0, 2, 1, 0, 0, 2, 0, 0, 2, 0, 1, 1, 0, 0, 2, 1, 1, 2, 2, 0, 2, 2, 0, 1, 2, 1, 1, 2, 0, 1, 1, 2, 1, 2, 2, 1, 1, 0, 1, 0, 0, 0, 1, 1, 1, 0, 1, 1, 1, 1, 2, 2, 1, 0]|[0, 3, 0, 3, 4, 1, 4, 4, 2, 4, 3, 2, 1, 0, 2, 1, 1, 1, 2, 1, 1, 3, 0, 1, 0, 1, 1, 4, 1, 4, 3, 2, 2, 0, 4, 1, 1, 4, 1, 1, 2, 1, 4, 4, 1, 1, 0, 2, 3, 2, 2, 1, 2, 1, 1, 2, 4, 3, 0, 2, 2, 3, 3, 1, 1, 2, 1, 1, 2, 4, 1, 3, 4, 1, 2, 4, 3, 1, 3, 1, 1, 4, 4, 2, 3, 2, 2, 2, 3, 4, 3, 2, 4, 4, 4, 4, 1, 1, 3, 2]|[0, 2, 0, 0, 3, 0, 1, 3, 0, 0, 2, 0, 1, 0, 1, 0, 0, 0, 1, 0, 0, 2, 0, 0, 1, 0, 0, 3, 0, 1, 0, 2, 0, 0, 3, 0, 1, 1, 0, 0, 0, 0, 1, 3, 0, 0, 1, 0, 2, 0, 0, 0, 0, 1, 1, 0, 1, 0, 1, 1, 0, 2, 0, 0, 0, 0, 0, 0, 0, 2, 0, 0, 1, 0, 0, 1, 0, 0, 3, 0, 0, 1, 2, 0, 0, 0, 0, 0, 3, 1, 0, 0, 1, 3, 1, 2, 0, 0, 0, 0],898.2543121797436,49878.32155658267,103803.07434734824,false
31,G2_TEC,G2_TEC,[31, 22, 82, 15, 26, 9, 95, 42, 77, 68, 47, 5, 93, 78, 86, 54, 85, 63, 18, 44, 20, 49, 36, 14, 74, 50, 53, 17, 21, 28, 11, 64, 3, 23, 30, 83, 24, 41, 40, 52, 65, 27, 90, 70, 39, 87, 48, 69, 99, 4, 46, 1, 13, 58, 97, 59, 45, 8, 73, 37, 35, 79, 71, 66, 76, 32, 60, 80, 96, 6, 16, 61, 33, 7, 57, 34, 12, 67, 10, 98, 56, 88, 43, 75, 91, 38, 84, 92, 29, 19, 51, 55, 72, 2, 89, 81, 94, 25, 62, 0]|[2, 1, 2, 1, 1, 2, 1, 1, 1, 1, 1, 0, 2, 2, 1, 2, 0, 0, 0, 2, 2, 1, 0, 2, 0, 2, 2, 1, 0, 1, 1, 1, 0, 0, 1, 0, 2, 1, 2, 2, 0, 0, 1, 1, 0, 2, 0, 2, 1, 0, 0, 2, 0, 0, 2, 0, 1, 1, 0, 0, 2, 1, 1, 1, 2, 0, 2, 2, 0, 1, 2, 1, 1, 2, 0, 1, 2, 1, 1, 2, 2, 1, 1, 0, 1, 0, 0, 0, 1, 1, 1, 0, 1, 2, 1, 1, 2, 1, 1, 0]|[0, 3, 0, 3, 4, 1, 4, 4, 2, 4, 3, 2, 1, 0, 2, 1, 1, 1, 2, 1, 1, 3, 0, 1, 0, 1, 1, 4, 1, 4, 3, 2, 2, 0, 4, 1, 1, 4, 1, 1, 2, 1, 4, 4, 1, 1, 0, 2, 3, 2, 2, 1, 2, 1, 1, 2, 4, 3, 0, 2, 2, 3, 3, 1, 1, 2, 1, 1, 2, 4, 1, 3, 4, 1, 2, 4, 1, 3, 3, 1, 1, 4, 4, 2, 3, 2, 2, 2, 3, 4, 3, 2, 4, 1, 4, 4, 1, 4, 3, 2]|[0, 2, 0, 0, 3, 0, 1, 3, 0, 0, 2, 0, 1, 0, 1, 0, 0, 0, 1, 0, 0, 2, 0, 0, 1, 0, 0, 3, 0, 1, 0, 2, 0, 0, 3, 0, 1, 1, 0, 0, 0, 0, 1, 3, 0, 0, 1, 0, 2, 0, 0, 0, 0, 0, 1, 0, 1, 0, 1, 1, 0, 2, 0, 2, 0, 0, 0, 0, 0, 2, 0, 0, 1, 0, 0, 1, 0, 0, 3, 0, 0, 1, 2, 0, 0, 0, 0, 0, 3, 1, 0, 0, 1, 0, 1, 2, 0, 3, 0, 0],882.9438068981488,49709.36040320535,107083.76232860672,false
31,G3_TWC,G3_TWC,[31, 22, 82, 15, 26, 58, 95, 42, 77, 12, 47, 5, 93, 78, 98, 54, 85, 63, 18, 44, 20, 35, 43, 97, 91, 76, 10, 30, 21, 45, 71, 64, 1, 23, 17, 83, 24, 14, 60, 36, 6, 57, 94, 88, 65, 56, 79, 40, 67, 68, 46, 75, 38, 9, 19, 32, 81, 41, 27, 62, 87, 90, 99, 59, 11, 16, 72, 73, 70, 39, 37, 84, 3, 92, 25, 55, 28, 29, 51, 7, 33, 61, 86, 66, 89, 50, 48, 96, 53, 8, 4, 80, 34, 49, 52, 0, 13, 2, 69, 74]|[1, 1, 0, 1, 1, 1, 2, 1, 2, 1, 2, 2, 2, 1, 1, 0, 0, 1, 0, 2, 2, 0, 1, 2, 0, 1, 2, 2, 0, 0, 1, 2, 1, 2, 1, 0, 2, 0, 1, 1, 0, 1, 1, 1, 0, 2, 1, 1, 0, 0, 0, 0, 1, 1, 2, 1, 2, 0, 0, 0, 2, 1, 0, 1, 2, 1, 2, 1, 1, 1, 1, 1, 2, 0, 1, 1, 0, 0, 0, 1, 2, 1, 0, 2, 1, 0, 0, 0, 0, 1, 0, 0, 2, 0, 1, 0, 0, 0, 1, 2]|[4, 3, 2, 2, 0, 0, 2, 2, 2, 4, 1, 1, 2, 4, 4, 1, 1, 4, 2, 1, 1, 1, 1, 2, 1, 2, 1, 1, 1, 1, 3, 2, 3, 0, 4, 0, 1, 1, 0, 3, 2, 2, 4, 0, 1, 1, 0, 2, 0, 1, 2, 2, 1, 4, 0, 3, 2, 1, 1, 2, 1, 3, 1, 1, 1, 3, 0, 4, 3, 1, 4, 1, 1, 2, 4, 4, 2, 1, 1, 3, 1, 3, 1, 1, 1, 1, 1, 1, 2, 3, 2, 1, 1, 1, 1, 2, 2, 2, 3, 1]|[0, 2, 1, 1, 3, 3, 0, 1, 0, 0, 0, 0, 1, 0, 1, 0, 0, 3, 1, 0, 0, 0, 3, 1, 0, 2, 0, 0, 0, 1, 0, 0, 0, 0, 3, 0, 1, 0, 0, 2, 1, 1, 2, 0, 0, 0, 0, 1, 1, 0, 0, 0, 1, 3, 0, 0, 1, 0, 0, 1, 0, 2, 0, 1, 0, 2, 1, 0, 0, 1, 1, 3, 0, 1, 3, 3, 1, 0, 0, 2, 0, 0, 0, 0, 1, 0, 0, 0, 1, 2, 1, 0, 0, 1, 1, 0, 0, 0, 0, 0],790.0808266764368,57926.0831962336,89131.00769295532,false
31,G1_CMAX,G1_CMAX,[31, 22, 82, 15, 26, 99, 95, 42, 77, 12, 47, 5, 93, 78, 86, 54, 21, 63, 18, 44, 20, 35, 43, 97, 91, 76, 10, 30, 85, 45, 71, 64, 1, 23, 17, 83, 24, 14, 60, 36, 6, 57, 40, 88, 65, 56, 79, 94, 67, 68, 46, 75, 38, 9, 19, 32, 41, 81, 27, 87, 90, 58, 59, 11, 16, 72, 73, 70, 39, 37, 84, 3, 92, 25, 55, 48, 62, 29, 51, 96, 33, 61, 98, 28, 89, 50, 4, 7, 53, 80, 52, 66, 34, 49, 8, 0, 74, 69, 2, 13]|[1, 1, 0, 1, 1, 0, 1, 1, 2, 1, 2, 2, 2, 1, 1, 0, 0, 1, 0, 2, 2, 0, 1, 2, 0, 1, 2, 2, 0, 0, 1, 2, 1, 2, 1, 0, 2, 0, 1, 1, 0, 1, 1, 1, 0, 2, 1, 1, 0, 0, 0, 0, 1, 1, 2, 1, 0, 2, 0, 2, 1, 0, 1, 2, 1, 2, 1, 1, 1, 1, 1, 1, 0, 1, 2, 0, 0, 0, 0, 2, 2, 1, 2, 0, 1, 0, 1, 2, 0, 0, 1, 2, 2, 0, 1, 0, 2, 1, 0, 0]|[0, 3, 2, 2, 4, 1, 2, 3, 2, 4, 1, 1, 2, 4, 4, 1, 1, 4, 2, 1, 1, 1, 1, 2, 1, 2, 1, 1, 2, 1, 3, 2, 3, 1, 4, 0, 1, 1, 0, 3, 2, 2, 2, 0, 1, 1, 0, 4, 0, 1, 2, 2, 1, 4, 0, 3, 1, 1, 1, 1, 3, 1, 1, 1, 3, 0, 4, 3, 1, 4, 1, 1, 0, 4, 1, 1, 2, 1, 1, 1, 1, 3, 1, 2, 1, 1, 4, 1, 2, 1, 1, 1, 1, 1, 3, 2, 1, 4, 2, 2]|[0, 2, 1, 1, 3, 0, 1, 3, 0, 0, 0, 0, 1, 0, 1, 0, 0, 3, 1, 0, 0, 0, 3, 1, 0, 2, 0, 0, 0, 1, 0, 0, 0, 0, 3, 0, 1, 0, 0, 2, 1, 1, 1, 0, 0, 0, 0, 2, 1, 0, 0, 0, 1, 3, 0, 0, 0, 0, 0, 0, 2, 0, 1, 0, 2, 1, 0, 0, 1, 1, 3, 1, 1, 3, 0, 0, 1, 0, 0, 0, 0, 0, 0, 1, 1, 0, 0, 0, 1, 0, 1, 0, 0, 1, 2, 0, 0, 2, 0, 0],731.2476204416437,56784.74762275103,92889.2977037672,false
31,G4_BALANCED,G4_BALANCED,[31, 22, 82, 15, 26, 9, 95, 42, 77, 68, 47, 5, 93, 78, 86, 54, 85, 63, 18, 44, 20, 49, 36, 14, 74, 50, 53, 17, 21, 28, 11, 64, 3, 23, 30, 83, 24, 41, 40, 52, 65, 27, 90, 70, 39, 87, 48, 69, 99, 4, 46, 1, 13, 58, 19, 59, 45, 8, 73, 37, 35, 79, 71, 66, 76, 32, 60, 80, 96, 6, 16, 61, 33, 7, 57, 34, 12, 67, 10, 98, 56, 88, 43, 75, 91, 38, 84, 92, 29, 97, 51, 55, 72, 25, 89, 81, 94, 2, 62, 0]|[2, 1, 2, 1, 1, 0, 1, 1, 1, 1, 1, 0, 2, 2, 1, 2, 0, 0, 0, 2, 2, 1, 0, 2, 0, 2, 2, 1, 0, 1, 1, 1, 0, 0, 1, 0, 2, 1, 2, 2, 0, 0, 1, 1, 0, 2, 0, 2, 1, 0, 0, 2, 0, 0, 2, 0, 1, 1, 0, 0, 2, 1, 1, 2, 2, 0, 2, 2, 0, 1, 2, 1, 1, 2, 0, 1, 1, 2, 1, 2, 2, 1, 1, 0, 1, 0, 0, 0, 1, 1, 1, 0, 1, 1, 1, 1, 2, 2, 1, 0]|[0, 3, 0, 3, 4, 1, 4, 4, 2, 4, 3, 2, 1, 0, 2, 1, 1, 1, 2, 1, 1, 3, 0, 1, 0, 1, 1, 4, 1, 4, 3, 2, 2, 0, 4, 1, 1, 4, 1, 1, 2, 1, 4, 4, 1, 1, 0, 2, 3, 2, 2, 1, 2, 1, 1, 2, 4, 3, 0, 2, 2, 3, 3, 1, 1, 2, 1, 1, 2, 4, 1, 3, 4, 1, 2, 4, 3, 1, 3, 1, 1, 4, 4, 2, 3, 2, 2, 2, 3, 4, 3, 2, 4, 4, 4, 4, 1, 1, 3, 2]|[0, 2, 0, 0, 3, 0, 1, 3, 0, 0, 2, 0, 1, 0, 1, 0, 0, 0, 1, 0, 0, 2, 0, 0, 1, 0, 0, 3, 0, 1, 0, 2, 0, 0, 3, 0, 1, 1, 0, 0, 0, 0, 1, 3, 0, 0, 1, 0, 2, 0, 0, 0, 0, 1, 1, 0, 1, 0, 1, 1, 0, 2, 0, 0, 0, 0, 0, 0, 0, 2, 0, 0, 1, 0, 0, 1, 0, 0, 3, 0, 0, 1, 2, 0, 0, 0, 0, 0, 3, 1, 0, 0, 1, 3, 1, 2, 0, 0, 0, 0],898.2543121797436,49878.32155658267,103803.07434734824,false
31,G2_TEC,G2_TEC,[31, 22, 82, 15, 26, 9, 95, 42, 77, 68, 47, 5, 93, 78, 86, 54, 85, 63, 18, 44, 20, 49, 36, 14, 74, 50, 53, 17, 21, 28, 11, 64, 3, 23, 30, 83, 24, 41, 40, 52, 65, 27, 90, 70, 39, 87, 48, 69, 99, 4, 46, 1, 13, 58, 97, 59, 45, 8, 73, 37, 35, 79, 71, 66, 76, 32, 60, 80, 96, 6, 16, 61, 33, 7, 57, 34, 12, 67, 10, 98, 56, 88, 43, 75, 91, 38, 84, 92, 29, 19, 51, 55, 72, 2, 89, 81, 94, 25, 62, 0]|[2, 1, 2, 1, 1, 2, 1, 1, 1, 1, 1, 0, 2, 2, 1, 2, 0, 0, 0, 2, 2, 1, 0, 2, 0, 2, 2, 1, 0, 1, 1, 1, 0, 0, 1, 0, 2, 1, 2, 2, 0, 0, 1, 1, 0, 2, 0, 2, 1, 0, 0, 2, 0, 0, 2, 0, 1, 1, 0, 0, 2, 1, 1, 1, 2, 0, 2, 2, 0, 1, 2, 1, 1, 2, 0, 1, 2, 1, 1, 2, 2, 1, 1, 0, 1, 0, 0, 0, 1, 1, 1, 0, 1, 2, 1, 1, 2, 1, 1, 0]|[0, 3, 0, 3, 4, 1, 4, 4, 2, 4, 3, 2, 1, 0, 2, 1, 1, 1, 2, 1, 1, 3, 0, 1, 0, 1, 1, 4, 1, 4, 3, 2, 2, 0, 4, 1, 1, 4, 1, 1, 2, 1, 4, 4, 1, 1, 0, 2, 3, 2, 2, 1, 2, 1, 1, 2, 4, 3, 0, 2, 2, 3, 3, 1, 1, 2, 1, 1, 2, 4, 1, 3, 4, 1, 2, 4, 1, 3, 3, 1, 1, 4, 4, 2, 3, 2, 2, 2, 3, 4, 3, 2, 4, 1, 4, 4, 1, 4, 3, 2]|[0, 2, 0, 0, 3, 0, 1, 3, 0, 0, 2, 0, 1, 0, 1, 0, 0, 0, 1, 0, 0, 2, 0, 0, 1, 0, 0, 3, 0, 1, 0, 2, 0, 0, 3, 0, 1, 1, 0, 0, 0, 0, 1, 3, 0, 0, 1, 0, 2, 0, 0, 0, 0, 0, 1, 0, 1, 0, 1, 1, 0, 2, 0, 2, 0, 0, 0, 0, 0, 2, 0, 0, 1, 0, 0, 1, 0, 0, 3, 0, 0, 1, 2, 0, 0, 0, 0, 0, 3, 1, 0, 0, 1, 0, 1, 2, 0, 3, 0, 0],882.9438068981488,49709.36040320535,107083.76232860672,false
31,G3_TWC,G3_TWC,[31, 22, 82, 15, 26, 58, 95, 42, 77, 12, 47, 5, 93, 78, 98, 54, 85, 63, 18, 44, 20, 35, 43, 97, 91, 76, 10, 30, 21, 45, 71, 64, 1, 23, 17, 83, 24, 14, 60, 36, 6, 57, 94, 88, 65, 56, 79, 40, 67, 68, 46, 75, 38, 9, 19, 32, 81, 41, 27, 62, 87, 90, 99, 59, 11, 16, 72, 73, 70, 39, 37, 84, 3, 92, 25, 55, 28, 29, 51, 7, 33, 61, 86, 66, 89, 50, 48, 96, 53, 8, 4, 80, 34, 49, 52, 0, 13, 2, 69, 74]|[1, 1, 0, 1, 1, 1, 2, 1, 2, 1, 2, 2, 2, 1, 1, 0, 0, 1, 0, 2, 2, 0, 1, 2, 0, 1, 2, 2, 0, 0, 1, 2, 1, 2, 1, 0, 2, 0, 1, 1, 0, 1, 1, 1, 0, 2, 1, 1, 0, 0, 0, 0, 1, 1, 2, 1, 2, 0, 0, 0, 2, 1, 0, 1, 2, 1, 2, 1, 1, 1, 1, 1, 2, 0, 1, 1, 0, 0, 0, 1, 2, 1, 0, 2, 1, 0, 0, 0, 0, 1, 0, 0, 2, 0, 1, 0, 0, 0, 1, 2]|[4, 3, 2, 2, 0, 0, 2, 2, 2, 4, 1, 1, 2, 4, 4, 1, 1, 4, 2, 1, 1, 1, 1, 2, 1, 2, 1, 1, 1, 1, 3, 2, 3, 0, 4, 0, 1, 1, 0, 3, 2, 2, 4, 0, 1, 1, 0, 2, 0, 1, 2, 2, 1, 4, 0, 3, 2, 1, 1, 2, 1, 3, 1, 1, 1, 3, 0, 4, 3, 1, 4, 1, 1, 2, 4, 4, 2, 1, 1, 3, 1, 3, 1, 1, 1, 1, 1, 1, 2, 3, 2, 1, 1, 1, 1, 2, 2, 2, 3, 1]|[0, 2, 1, 1, 3, 3, 0, 1, 0, 0, 0, 0, 1, 0, 1, 0, 0, 3, 1, 0, 0, 0, 3, 1, 0, 2, 0, 0, 0, 1, 0, 0, 0, 0, 3, 0, 1, 0, 0, 2, 1, 1, 2, 0, 0, 0, 0, 1, 1, 0, 0, 0, 1, 3, 0, 0, 1, 0, 0, 1, 0, 2, 0, 1, 0, 2, 1, 0, 0, 1, 1, 3, 0, 1, 3, 3, 1, 0, 0, 2, 0, 0, 0, 0, 1, 0, 0, 0, 1, 2, 1, 0, 0, 1, 1, 0, 0, 0, 0, 0],790.0808266764368,57926.0831962336,89131.00769295532,false
31,G1_CMAX,G1_CMAX,[31, 22, 82, 15, 26, 99, 95, 42, 77, 12, 47, 5, 93, 78, 86, 54, 21, 63, 18, 44, 20, 35, 43, 97, 91, 76, 10, 30, 85, 45, 71, 64, 1, 23, 17, 83, 24, 14, 60, 36, 6, 57, 40, 88, 65, 56, 79, 94, 67, 68, 46, 75, 38, 9, 19, 32, 41, 81, 27, 87, 90, 58, 59, 11, 16, 72, 73, 70, 39, 37, 84, 3, 92, 25, 55, 48, 62, 29, 51, 96, 33, 61, 98, 28, 89, 50, 4, 7, 53, 80, 52, 66, 34, 49, 8, 0, 74, 69, 2, 13]|[1, 1, 0, 1, 1, 0, 1, 1, 2, 1, 2, 2, 2, 1, 1, 0, 0, 1, 0, 2, 2, 0, 1, 2, 0, 1, 2, 2, 0, 0, 1, 2, 1, 2, 1, 0, 2, 0, 1, 1, 0, 1, 1, 1, 0, 2, 1, 1, 0, 0, 0, 0, 1, 1, 2, 1, 0, 2, 0, 2, 1, 0, 1, 2, 1, 2, 1, 1, 1, 1, 1, 1, 0, 1, 2, 0, 0, 0, 0, 2, 2, 1, 2, 0, 1, 0, 1, 2, 0, 0, 1, 2, 2, 0, 1, 0, 2, 1, 0, 0]|[0, 3, 2, 2, 4, 1, 2, 3, 2, 4, 1, 1, 2, 4, 4, 1, 1, 4, 2, 1, 1, 1, 1, 2, 1, 2, 1, 1, 2, 1, 3, 2, 3, 1, 4, 0, 1, 1, 0, 3, 2, 2, 2, 0, 1, 1, 0, 4, 0, 1, 2, 2, 1, 4, 0, 3, 1, 1, 1, 1, 3, 1, 1, 1, 3, 0, 4, 3, 1, 4, 1, 1, 0, 4, 1, 1, 2, 1, 1, 1, 1, 3, 1, 2, 1, 1, 4, 1, 2, 1, 1, 1, 1, 1, 3, 2, 1, 4, 2, 2]|[0, 2, 1, 1, 3, 0, 1, 3, 0, 0, 0, 0, 1, 0, 1, 0, 0, 3, 1, 0, 0, 0, 3, 1, 0, 2, 0, 0, 0, 1, 0, 0, 0, 0, 3, 0, 1, 0, 0, 2, 1, 1, 1, 0, 0, 0, 0, 2, 1, 0, 0, 0, 1, 3, 0, 0, 0, 0, 0, 0, 2, 0, 1, 0, 2, 1, 0, 0, 1, 1, 3, 1, 1, 3, 0, 0, 1, 0, 0, 0, 0, 0, 0, 1, 1, 0, 0, 0, 1, 0, 1, 0, 0, 1, 2, 0, 0, 2, 0, 0],731.2476204416437,56784.74762275103,92889.2977037672,false
31,G4_BALANCED,G4_BALANCED,[31, 22, 82, 15, 26, 9, 95, 42, 77, 68, 47, 5, 93, 78, 86, 54, 85, 63, 18, 44, 20, 49, 36, 14, 74, 50, 53, 17, 21, 28, 11, 64, 3, 23, 30, 83, 24, 41, 40, 52, 65, 27, 90, 70, 39, 87, 48, 69, 99, 4, 46, 1, 13, 58, 19, 59, 45, 8, 73, 37, 35, 79, 71, 66, 76, 32, 60, 80, 96, 6, 16, 61, 33, 7, 57, 34, 12, 67, 10, 98, 56, 88, 43, 75, 91, 38, 84, 92, 29, 97, 51, 55, 72, 25, 89, 81, 94, 2, 62, 0]|[2, 1, 2, 1, 1, 0, 1, 1, 1, 1, 1, 0, 2, 2, 1, 2, 0, 0, 0, 2, 2, 1, 0, 2, 0, 2, 2, 1, 0, 1, 1, 1, 0, 0, 1, 0, 2, 1, 2, 2, 0, 0, 1, 1, 0, 2, 0, 2, 1, 0, 0, 2, 0, 0, 2, 0, 1, 1, 0, 0, 2, 1, 1, 2, 2, 0, 2, 2, 0, 1, 2, 1, 1, 2, 0, 1, 1, 2, 1, 2, 2, 1, 1, 0, 1, 0, 0, 0, 1, 1, 1, 0, 1, 1, 1, 1, 2, 2, 1, 0]|[0, 3, 0, 3, 4, 1, 4, 4, 2, 4, 3, 2, 1, 0, 2, 1, 1, 1, 2, 1, 1, 3, 0, 1, 0, 1, 1, 4, 1, 4, 3, 2, 2, 0, 4, 1, 1, 4, 1, 1, 2, 1, 4, 4, 1, 1, 0, 2, 3, 2, 2, 1, 2, 1, 1, 2, 4, 3, 0, 2, 2, 3, 3, 1, 1, 2, 1, 1, 2, 4, 1, 3, 4, 1, 2, 4, 3, 1, 3, 1, 1, 4, 4, 2, 3, 2, 2, 2, 3, 4, 3, 2, 4, 4, 4, 4, 1, 1, 3, 2]|[0, 2, 0, 0, 3, 0, 1, 3, 0, 0, 2, 0, 1, 0, 1, 0, 0, 0, 1, 0, 0, 2, 0, 0, 1, 0, 0, 3, 0, 1, 0, 2, 0, 0, 3, 0, 1, 1, 0, 0, 0, 0, 1, 3, 0, 0, 1, 0, 2, 0, 0, 0, 0, 1, 1, 0, 1, 0, 1, 1, 0, 2, 0, 0, 0, 0, 0, 0, 0, 2, 0, 0, 1, 0, 0, 1, 0, 0, 3, 0, 0, 1, 2, 0, 0, 0, 0, 0, 3, 1, 0, 0, 1, 3, 1, 2, 0, 0, 0, 0],898.2543121797436,49878.32155658267,103803.07434734824,false
31,G2_TEC,G2_TEC,[31, 22, 82, 15, 26, 9, 95, 42, 77, 68, 47, 5, 93, 78, 86, 54, 85, 63, 18, 44, 20, 49, 36, 14, 74, 50, 53, 17, 21, 28, 11, 64, 3, 23, 30, 83, 24, 41, 40, 52, 65, 27, 90, 70, 39, 87, 48, 69, 99, 4, 46, 1, 13, 58, 97, 59, 45, 8, 73, 37, 35, 79, 71, 66, 76, 32, 60, 80, 96, 6, 16, 61, 33, 7, 57, 34, 12, 67, 10, 98, 56, 88, 43, 75, 91, 38, 84, 92, 29, 19, 51, 55, 72, 2, 89, 81, 94, 25, 62, 0]|[2, 1, 2, 1, 1, 2, 1, 1, 1, 1, 1, 0, 2, 2, 1, 2, 0, 0, 0, 2, 2, 1, 0, 2, 0, 2, 2, 1, 0, 1, 1, 1, 0, 0, 1, 0, 2, 1, 2, 2, 0, 0, 1, 1, 0, 2, 0, 2, 1, 0, 0, 2, 0, 0, 2, 0, 1, 1, 0, 0, 2, 1, 1, 1, 2, 0, 2, 2, 0, 1, 2, 1, 1, 2, 0, 1, 2, 1, 1, 2, 2, 1, 1, 0, 1, 0, 0, 0, 1, 1, 1, 0, 1, 2, 1, 1, 2, 1, 1, 0]|[0, 3, 0, 3, 4, 1, 4, 4, 2, 4, 3, 2, 1, 0, 2, 1, 1, 1, 2, 1, 1, 3, 0, 1, 0, 1, 1, 4, 1, 4, 3, 2, 2, 0, 4, 1, 1, 4, 1, 1, 2, 1, 4, 4, 1, 1, 0, 2, 3, 2, 2, 1, 2, 1, 1, 2, 4, 3, 0, 2, 2, 3, 3, 1, 1, 2, 1, 1, 2, 4, 1, 3, 4, 1, 2, 4, 1, 3, 3, 1, 1, 4, 4, 2, 3, 2, 2, 2, 3, 4, 3, 2, 4, 1, 4, 4, 1, 4, 3, 2]|[0, 2, 0, 0, 3, 0, 1, 3, 0, 0, 2, 0, 1, 0, 1, 0, 0, 0, 1, 0, 0, 2, 0, 0, 1, 0, 0, 3, 0, 1, 0, 2, 0, 0, 3, 0, 1, 1, 0, 0, 0, 0, 1, 3, 0, 0, 1, 0, 2, 0, 0, 0, 0, 0, 1, 0, 1, 0, 1, 1, 0, 2, 0, 2, 0, 0, 0, 0, 0, 2, 0, 0, 1, 0, 0, 1, 0, 0, 3, 0, 0, 1, 2, 0, 0, 0, 0, 0, 3, 1, 0, 0, 1, 0, 1, 2, 0, 3, 0, 0],882.9438068981488,49709.36040320535,107083.76232860672,false
31,G3_TWC,G3_TWC,[31, 22, 82, 15, 26, 58, 95, 42, 77, 12, 47, 5, 93, 78, 98, 54, 85, 63, 18, 44, 20, 35, 43, 97, 91, 76, 10, 30, 21, 45, 71, 64, 1, 23, 17, 83, 24, 14, 60, 36, 6, 57, 94, 88, 65, 56, 79, 40, 67, 68, 46, 75, 38, 9, 19, 32, 81, 41, 27, 62, 87, 90, 99, 59, 11, 16, 72, 73, 70, 39, 37, 84, 3, 92, 25, 55, 28, 29, 51, 7, 33, 61, 86, 66, 89, 50, 48, 96, 53, 8, 4, 80, 34, 49, 52, 0, 13, 2, 69, 74]|[1, 1, 0, 1, 1, 1, 2, 1, 2, 1, 2, 2, 2, 1, 1, 0, 0, 1, 0, 2, 2, 0, 1, 2, 0, 1, 2, 2, 0, 0, 1, 2, 1, 2, 1, 0, 2, 0, 1, 1, 0, 1, 1, 1, 0, 2, 1, 1, 0, 0, 0, 0, 1, 1, 2, 1, 2, 0, 0, 0, 2, 1, 0, 1, 2, 1, 2, 1, 1, 1, 1, 1, 2, 0, 1, 1, 0, 0, 0, 1, 2, 1, 0, 2, 1, 0, 0, 0, 0, 1, 0, 0, 2, 0, 1, 0, 0, 0, 1, 2]|[4, 3, 2, 2, 0, 0, 2, 2, 2, 4, 1, 1, 2, 4, 4, 1, 1, 4, 2, 1, 1, 1, 1, 2, 1, 2, 1, 1, 1, 1, 3, 2, 3, 0, 4, 0, 1, 1, 0, 3, 2, 2, 4, 0, 1, 1, 0, 2, 0, 1, 2, 2, 1, 4, 0, 3, 2, 1, 1, 2, 1, 3, 1, 1, 1, 3, 0, 4, 3, 1, 4, 1, 1, 2, 4, 4, 2, 1, 1, 3, 1, 3, 1, 1, 1, 1, 1, 1, 2, 3, 2, 1, 1, 1, 1, 2, 2, 2, 3, 1]|[0, 2, 1, 1, 3, 3, 0, 1, 0, 0, 0, 0, 1, 0, 1, 0, 0, 3, 1, 0, 0, 0, 3, 1, 0, 2, 0, 0, 0, 1, 0, 0, 0, 0, 3, 0, 1, 0, 0, 2, 1, 1, 2, 0, 0, 0, 0, 1, 1, 0, 0, 0, 1, 3, 0, 0, 1, 0, 0, 1, 0, 2, 0, 1, 0, 2, 1, 0, 0, 1, 1, 3, 0, 1, 3, 3, 1, 0, 0, 2, 0, 0, 0, 0, 1, 0, 0, 0, 1, 2, 1, 0, 0, 1, 1, 0, 0, 0, 0, 0],790.0808266764368,57926.0831962336,89131.00769295532,false
31,G1_CMAX,G4_BALANCED,[31, 22, 82, 15, 26, 58, 95, 42, 77, 12, 47, 5, 93, 78, 86, 54, 85, 63, 18, 44, 20, 35, 43, 97, 66, 76, 79, 30, 21, 45, 71, 64, 1, 23, 17, 83, 24, 14, 60, 36, 6, 57, 40, 88, 65, 56, 10, 94, 67, 68, 46, 75, 38, 9, 19, 32, 41, 81, 27, 62, 87, 90, 99, 59, 11, 16, 72, 73, 69, 39, 37, 84, 3, 92, 25, 55, 29, 28, 51, 7, 33, 61, 98, 48, 89, 50, 4, 96, 53, 80, 91, 8, 34, 2, 52, 0, 13, 70, 49, 74]|[1, 1, 0, 1, 1, 0, 1, 2, 2, 1, 2, 2, 2, 1, 1, 0, 0, 1, 0, 2, 2, 0, 1, 2, 2, 1, 2, 2, 0, 0, 1, 2, 1, 2, 1, 0, 2, 0, 1, 1, 0, 1, 1, 1, 0, 2, 2, 1, 0, 0, 0, 0, 1, 1, 2, 1, 0, 2, 0, 0, 2, 1, 0, 1, 2, 1, 2, 1, 1, 1, 1, 1, 1, 0, 1, 2, 0, 0, 0, 1, 0, 1, 2, 0, 1, 0, 1, 2, 0, 2, 0, 0, 2, 0, 1, 0, 0, 1, 0, 2]|[4, 3, 2, 2, 4, 1, 2, 2, 2, 4, 1, 1, 2, 4, 4, 1, 2, 4, 2, 1, 1, 1, 1, 2, 1, 2, 1, 1, 1, 1, 3, 1, 3, 1, 4, 0, 1, 1, 0, 3, 2, 2, 2, 0, 1, 1, 1, 4, 0, 1, 2, 2, 1, 4, 0, 3, 1, 1, 1, 2, 1, 3, 1, 1, 1, 3, 0, 4, 3, 1, 4, 1, 1, 0, 4, 1, 1, 2, 1, 1, 1, 3, 1, 1, 1, 1, 4, 1, 2, 1, 1, 1, 1, 2, 1, 2, 2, 3, 1, 1]|[0, 2, 1, 1, 3, 0, 1, 0, 0, 0, 0, 0, 1, 0, 1, 0, 0, 3, 1, 0, 0, 0, 3, 1, 0, 2, 0, 0, 0, 0, 0, 0, 0, 0, 3, 0, 1, 0, 0, 2, 1, 1, 1, 0, 0, 0, 0, 2, 1, 0, 0, 0, 1, 3, 0, 0, 0, 0, 0, 1, 0, 2, 0, 1, 0, 2, 1, 0, 0, 1, 1, 3, 1, 1, 3, 0, 0, 1, 0, 2, 0, 0, 0, 0, 1, 0, 0, 0, 1, 0, 0, 0, 0, 0, 1, 0, 0, 0, 1, 0],791.415243510269,55303.85816333782,96750.39584222315,true
31,G4_BALANCED,G4_BALANCED,[31, 22, 82, 15, 26, 58, 95, 42, 77, 12, 47, 5, 93, 78, 86, 54, 85, 63, 18, 44, 20, 35, 43, 97, 66, 76, 79, 30, 21, 45, 71, 64, 1, 23, 17, 83, 24, 14, 60, 36, 6, 57, 40, 88, 65, 56, 10, 94, 67, 68, 46, 75, 38, 9, 19, 32, 41, 81, 27, 62, 87, 90, 99, 59, 11, 16, 72, 73, 69, 39, 37, 84, 3, 92, 25, 55, 29, 28, 51, 7, 33, 61, 98, 48, 89, 50, 4, 96, 53, 80, 91, 8, 34, 2, 52, 0, 13, 70, 49, 74]|[1, 1, 0, 1, 1, 0, 1, 2, 2, 1, 2, 2, 2, 1, 1, 0, 0, 1, 0, 2, 2, 0, 1, 2, 2, 1, 2, 2, 0, 0, 1, 2, 1, 2, 1, 0, 2, 0, 1, 1, 0, 1, 1, 1, 0, 2, 2, 1, 0, 0, 0, 0, 1, 1, 2, 1, 0, 2, 0, 0, 2, 1, 0, 1, 2, 1, 2, 1, 1, 1, 1, 1, 1, 0, 1, 2, 0, 0, 0, 1, 0, 1, 2, 0, 1, 0, 1, 2, 0, 2, 0, 0, 2, 0, 1, 0, 0, 1, 0, 2]|[4, 3, 2, 2, 4, 1, 2, 2, 2, 4, 1, 1, 2, 4, 4, 1, 2, 4, 2, 1, 1, 1, 1, 2, 1, 2, 1, 1, 1, 1, 3, 1, 3, 1, 4, 0, 1, 1, 0, 3, 2, 2, 2, 0, 1, 1, 1, 4, 0, 1, 2, 2, 1, 4, 0, 3, 1, 1, 1, 2, 1, 3, 1, 1, 1, 3, 0, 4, 3, 1, 4, 1, 1, 0, 4, 1, 1, 2, 1, 1, 1, 3, 1, 1, 1, 1, 4, 1, 2, 1, 1, 1, 1, 2, 1, 2, 2, 3, 1, 1]|[0, 2, 1, 1, 3, 0, 1, 0, 0, 0, 0, 0, 1, 0, 1, 0, 0, 3, 1, 0, 0, 0, 3, 1, 0, 2, 0, 0, 0, 0, 0, 0, 0, 0, 3, 0, 1, 0, 0, 2, 1, 1, 1, 0, 0, 0, 0, 2, 1, 0, 0, 0, 1, 3, 0, 0, 0, 0, 0, 1, 0, 2, 0, 1, 0, 2, 1, 0, 0, 1, 1, 3, 1, 1, 3, 0, 0, 1, 0, 2, 0, 0, 0, 0, 1, 0, 0, 0, 1, 0, 0, 0, 0, 0, 1, 0, 0, 0, 1, 0],791.415243510269,55303.85816333782,96750.39584222315,false
31,G2_TEC,G2_TEC,[31, 22, 82, 15, 26, 9, 95, 42, 77, 68, 47, 5, 93, 78, 86, 54, 85, 63, 18, 44, 20, 49, 36, 14, 74, 50, 53, 17, 21, 28, 11, 64, 3, 23, 30, 83, 24, 41, 40, 52, 65, 27, 90, 70, 39, 87, 48, 69, 99, 4, 46, 1, 13, 58, 97, 59, 45, 8, 73, 37, 35, 79, 71, 66, 76, 32, 60, 80, 96, 6, 16, 61, 33, 7, 57, 34, 12, 67, 10, 98, 56, 88, 43, 75, 91, 38, 84, 92, 29, 19, 51, 55, 72, 2, 89, 81, 94, 25, 62, 0]|[2, 1, 2, 1, 1, 2, 1, 1, 1, 1, 1, 0, 2, 2, 1, 2, 0, 0, 0, 2, 2, 1, 0, 2, 0, 2, 2, 1, 0, 1, 1, 1, 0, 0, 1, 0, 2, 1, 2, 2, 0, 0, 1, 1, 0, 2, 0, 2, 1, 0, 0, 2, 0, 0, 2, 0, 1, 1, 0, 0, 2, 1, 1, 1, 2, 0, 2, 2, 0, 1, 2, 1, 1, 2, 0, 1, 2, 1, 1, 2, 2, 1, 1, 0, 1, 0, 0, 0, 1, 1, 1, 0, 1, 2, 1, 1, 2, 1, 1, 0]|[0, 3, 0, 3, 4, 1, 4, 4, 2, 4, 3, 2, 1, 0, 2, 1, 1, 1, 2, 1, 1, 3, 0, 1, 0, 1, 1, 4, 1, 4, 3, 2, 2, 0, 4, 1, 1, 4, 1, 1, 2, 1, 4, 4, 1, 1, 0, 2, 3, 2, 2, 1, 2, 1, 1, 2, 4, 3, 0, 2, 2, 3, 3, 1, 1, 2, 1, 1, 2, 4, 1, 3, 4, 1, 2, 4, 1, 3, 3, 1, 1, 4, 4, 2, 3, 2, 2, 2, 3, 4, 3, 2, 4, 1, 4, 4, 1, 4, 3, 2]|[0, 2, 0, 0, 3, 0, 1, 3, 0, 0, 2, 0, 1, 0, 1, 0, 0, 0, 1, 0, 0, 2, 0, 0, 1, 0, 0, 3, 0, 1, 0, 2, 0, 0, 3, 0, 1, 1, 0, 0, 0, 0, 1, 3, 0, 0, 1, 0, 2, 0, 0, 0, 0, 0, 1, 0, 1, 0, 1, 1, 0, 2, 0, 2, 0, 0, 0, 0, 0, 2, 0, 0, 1, 0, 0, 1, 0, 0, 3, 0, 0, 1, 2, 0, 0, 0, 0, 0, 3, 1, 0, 0, 1, 0, 1, 2, 0, 3, 0, 0],882.9438068981488,49709.36040320535,107083.76232860672,false
31,G3_TWC,G3_TWC,[31, 22, 82, 15, 26, 58, 95, 42, 77, 12, 47, 5, 93, 78, 98, 54, 85, 63, 18, 44, 20, 35, 43, 97, 91, 76, 10, 30, 21, 45, 71, 64, 1, 23, 17, 83, 24, 14, 60, 36, 6, 57, 94, 88, 65, 56, 79, 40, 67, 68, 46, 75, 38, 9, 19, 32, 81, 41, 27, 62, 87, 90, 99, 59, 11, 16, 72, 73, 70, 39, 37, 84, 3, 92, 25, 55, 28, 29, 51, 7, 33, 61, 86, 66, 89, 50, 48, 96, 53, 8, 4, 80, 34, 49, 52, 0, 13, 2, 69, 74]|[1, 1, 0, 1, 1, 1, 2, 1, 2, 1, 2, 2, 2, 1, 1, 0, 0, 1, 0, 2, 2, 0, 1, 2, 0, 1, 2, 2, 0, 0, 1, 2, 1, 2, 1, 0, 2, 0, 1, 1, 0, 1, 1, 1, 0, 2, 1, 1, 0, 0, 0, 0, 1, 1, 2, 1, 2, 0, 0, 0, 2, 1, 0, 1, 2, 1, 2, 1, 1, 1, 1, 1, 2, 0, 1, 1, 0, 0, 0, 1, 2, 1, 0, 2, 1, 0, 0, 0, 0, 1, 0, 0, 2, 0, 1, 0, 0, 0, 1, 2]|[4, 3, 2, 2, 0, 0, 2, 2, 2, 4, 1, 1, 2, 4, 4, 1, 1, 4, 2, 1, 1, 1, 1, 2, 1, 2, 1, 1, 1, 1, 3, 2, 3, 0, 4, 0, 1, 1, 0, 3, 2, 2, 4, 0, 1, 1, 0, 2, 0, 1, 2, 2, 1, 4, 0, 3, 2, 1, 1, 2, 1, 3, 1, 1, 1, 3, 0, 4, 3, 1, 4, 1, 1, 2, 4, 4, 2, 1, 1, 3, 1, 3, 1, 1, 1, 1, 1, 1, 2, 3, 2, 1, 1, 1, 1, 2, 2, 2, 3, 1]|[0, 2, 1, 1, 3, 3, 0, 1, 0, 0, 0, 0, 1, 0, 1, 0, 0, 3, 1, 0, 0, 0, 3, 1, 0, 2, 0, 0, 0, 1, 0, 0, 0, 0, 3, 0, 1, 0, 0, 2, 1, 1, 2, 0, 0, 0, 0, 1, 1, 0, 0, 0, 1, 3, 0, 0, 1, 0, 0, 1, 0, 2, 0, 1, 0, 2, 1, 0, 0, 1, 1, 3, 0, 1, 3, 3, 1, 0, 0, 2, 0, 0, 0, 0, 1, 0, 0, 0, 1, 2, 1, 0, 0, 1, 1, 0, 0, 0, 0, 0],790.0808266764368,57926.0831962336,89131.00769295532,false
31,G1_CMAX,G1_CMAX,[31, 22, 82, 15, 26, 99, 95, 42, 77, 12, 47, 5, 93, 78, 86, 54, 21, 63, 18, 44, 20, 35, 43, 97, 91, 76, 10, 30, 85, 45, 71, 64, 1, 23, 17, 83, 24, 14, 60, 36, 6, 57, 40, 88, 65, 56, 79, 94, 67, 68, 46, 75, 38, 9, 19, 32, 41, 81, 27, 87, 90, 58, 59, 11, 16, 72, 73, 70, 39, 37, 84, 3, 92, 25, 55, 48, 62, 29, 51, 96, 33, 61, 98, 28, 89, 50, 4, 7, 53, 80, 52, 66, 34, 49, 8, 0, 74, 69, 2, 13]|[1, 1, 0, 1, 1, 0, 1, 1, 2, 1, 2, 2, 2, 1, 1, 0, 0, 1, 0, 2, 2, 0, 1, 2, 0, 1, 2, 2, 0, 0, 1, 2, 1, 2, 1, 0, 2, 0, 1, 1, 0, 1, 1, 1, 0, 2, 1, 1, 0, 0, 0, 0, 1, 1, 2, 1, 0, 2, 0, 2, 1, 0, 1, 2, 1, 2, 1, 1, 1, 1, 1, 1, 0, 1, 2, 0, 0, 0, 0, 2, 2, 1, 2, 0, 1, 0, 1, 2, 0, 0, 1, 2, 2, 0, 1, 0, 2, 1, 0, 0]|[0, 3, 2, 2, 4, 1, 2, 3, 2, 4, 1, 1, 2, 4, 4, 1, 1, 4, 2, 1, 1, 1, 1, 2, 1, 2, 1, 1, 2, 1, 3, 2, 3, 1, 4, 0, 1, 1, 0, 3, 2, 2, 2, 0, 1, 1, 0, 4, 0, 1, 2, 2, 1, 4, 0, 3, 1, 1, 1, 1, 3, 1, 1, 1, 3, 0, 4, 3, 1, 4, 1, 1, 0, 4, 1, 1, 2, 1, 1, 1, 1, 3, 1, 2, 1, 1, 4, 1, 2, 1, 1, 1, 1, 1, 3, 2, 1, 4, 2, 2]|[0, 2, 1, 1, 3, 0, 1, 3, 0, 0, 0, 0, 1, 0, 1, 0, 0, 3, 1, 0, 0, 0, 3, 1, 0, 2, 0, 0, 0, 1, 0, 0, 0, 0, 3, 0, 1, 0, 0, 2, 1, 1, 1, 0, 0, 0, 0, 2, 1, 0, 0, 0, 1, 3, 0, 0, 0, 0, 0, 0, 2, 0, 1, 0, 2, 1, 0, 0, 1, 1, 3, 1, 1, 3, 0, 0, 1, 0, 0, 0, 0, 0, 0, 1, 1, 0, 0, 0, 1, 0, 1, 0, 0, 1, 2, 0, 0, 2, 0, 0],731.2476204416437,56784.74762275103,92889.2977037672,false
31,G4_BALANCED,G4_BALANCED,[31, 22, 82, 15, 26, 58, 95, 42, 77, 12, 47, 5, 93, 78, 86, 54, 85, 63, 18, 72, 20, 35, 43, 97, 91, 76, 10, 30, 21, 45, 71, 64, 1, 23, 17, 83, 24, 14, 60, 36, 6, 57, 40, 88, 65, 56, 79, 94, 67, 41, 68, 75, 38, 9, 19, 32, 81, 46, 27, 62, 87, 90, 99, 59, 11, 16, 44, 73, 70, 39, 37, 84, 3, 92, 25, 55, 28, 29, 51, 7, 66, 61, 98, 48, 89, 50, 4, 96, 53, 80, 8, 33, 34, 2, 52, 13, 0, 69, 74, 49]|[1, 1, 0, 1, 1, 0, 1, 1, 2, 1, 2, 2, 2, 1, 1, 0, 0, 1, 0, 2, 2, 0, 0, 2, 0, 1, 2, 2, 0, 0, 1, 2, 1, 2, 1, 0, 2, 0, 1, 1, 0, 1, 1, 1, 0, 2, 1, 1, 0, 0, 0, 0, 1, 1, 2, 1, 2, 0, 0, 2, 2, 1, 1, 2, 2, 1, 2, 1, 1, 1, 1, 1, 1, 0, 1, 2, 0, 0, 0, 1, 2, 1, 2, 0, 1, 0, 1, 2, 0, 0, 1, 2, 2, 0, 1, 0, 0, 1, 2, 0]|[4, 3, 2, 2, 4, 1, 2, 3, 2, 4, 1, 1, 2, 4, 4, 1, 2, 4, 2, 1, 1, 1, 1, 2, 1, 2, 1, 1, 2, 1, 3, 2, 3, 1, 4, 0, 1, 1, 0, 3, 2, 2, 2, 0, 1, 1, 0, 4, 0, 1, 2, 2, 1, 4, 0, 3, 2, 1, 1, 1, 1, 3, 1, 1, 1, 3, 1, 4, 3, 1, 4, 1, 1, 0, 4, 1, 2, 1, 1, 1, 1, 3, 1, 1, 1, 1, 4, 1, 2, 1, 3, 1, 1, 2, 1, 2, 2, 4, 1, 1]|[0, 2, 1, 1, 3, 0, 1, 3, 0, 0, 0, 0, 1, 0, 1, 0, 0, 3, 1, 0, 0, 0, 0, 1, 0, 2, 0, 0, 0, 1, 0, 0, 0, 0, 3, 0, 1, 0, 0, 2, 1, 1, 1, 0, 0, 0, 0, 2, 1, 0, 0, 0, 1, 3, 0, 0, 1, 0, 0, 0, 0, 2, 1, 0, 0, 2, 0, 0, 0, 1, 1, 3, 1, 1, 3, 0, 1, 0, 0, 2, 0, 0, 0, 0, 1, 0, 0, 0, 1, 0, 2, 0, 0, 0, 1, 0, 0, 2, 0, 1],768.4240206329376,55583.744981747914,94915.74988971672,false
31,G2_TEC,G2_TEC,[31, 22, 82, 15, 26, 9, 95, 42, 77, 68, 47, 5, 93, 78, 86, 54, 85, 63, 18, 44, 20, 49, 36, 14, 74, 50, 53, 17, 21, 28, 11, 64, 3, 23, 30, 83, 24, 41, 40, 52, 65, 27, 90, 70, 39, 87, 48, 69, 99, 4, 46, 1, 13, 58, 97, 59, 45, 8, 73, 37, 35, 79, 71, 66, 76, 32, 60, 80, 96, 6, 16, 61, 33, 7, 57, 34, 12, 67, 10, 98, 56, 88, 43, 75, 91, 38, 84, 92, 29, 19, 51, 55, 72, 2, 89, 81, 94, 25, 62, 0]|[2, 1, 2, 1, 1, 2, 1, 1, 1, 1, 1, 0, 2, 2, 1, 2, 0, 0, 0, 2, 2, 1, 0, 2, 0, 2, 2, 1, 0, 1, 1, 1, 0, 0, 1, 0, 2, 1, 2, 2, 0, 0, 1, 1, 0, 2, 0, 2, 1, 0, 0, 2, 0, 0, 2, 0, 1, 1, 0, 0, 2, 1, 1, 1, 2, 0, 2, 2, 0, 1, 2, 1, 1, 2, 0, 1, 2, 1, 1, 2, 2, 1, 1, 0, 1, 0, 0, 0, 1, 1, 1, 0, 1, 2, 1, 1, 2, 1, 1, 0]|[0, 3, 0, 3, 4, 1, 4, 4, 2, 4, 3, 2, 1, 0, 2, 1, 1, 1, 2, 1, 1, 3, 0, 1, 0, 1, 1, 4, 1, 4, 3, 2, 2, 0, 4, 1, 1, 4, 1, 1, 2, 1, 4, 4, 1, 1, 0, 2, 3, 2, 2, 1, 2, 1, 1, 2, 4, 3, 0, 2, 2, 3, 3, 1, 1, 2, 1, 1, 2, 4, 1, 3, 4, 1, 2, 4, 1, 3, 3, 1, 1, 4, 4, 2, 3, 2, 2, 2, 3, 4, 3, 2, 4, 1, 4, 4, 1, 4, 3, 2]|[0, 2, 0, 0, 3, 0, 1, 3, 0, 0, 2, 0, 1, 0, 1, 0, 0, 0, 1, 0, 0, 2, 0, 0, 1, 0, 0, 3, 0, 1, 0, 2, 0, 0, 3, 0, 1, 1, 0, 0, 0, 0, 1, 3, 0, 0, 1, 0, 2, 0, 0, 0, 0, 0, 1, 0, 1, 0, 1, 1, 0, 2, 0, 2, 0, 0, 0, 0, 0, 2, 0, 0, 1, 0, 0, 1, 0, 0, 3, 0, 0, 1, 2, 0, 0, 0, 0, 0, 3, 1, 0, 0, 1, 0, 1, 2, 0, 3, 0, 0],882.9438068981488,49709.36040320535,107083.76232860672,false
31,G3_TWC,G3_TWC,[31, 22, 82, 15, 26, 58, 95, 42, 77, 12, 47, 5, 93, 78, 98, 54, 85, 63, 18, 44, 20, 35, 43, 97, 91, 76, 10, 30, 21, 45, 71, 64, 1, 23, 17, 83, 24, 14, 60, 36, 6, 57, 94, 88, 65, 56, 79, 40, 67, 68, 46, 75, 38, 9, 19, 32, 81, 41, 27, 62, 87, 90, 99, 59, 11, 16, 72, 73, 70, 39, 37, 84, 3, 92, 25, 55, 28, 29, 51, 7, 33, 61, 86, 66, 89, 50, 48, 96, 53, 8, 4, 80, 34, 49, 52, 0, 13, 2, 69, 74]|[1, 1, 0, 1, 1, 1, 2, 1, 2, 1, 2, 2, 2, 1, 1, 0, 0, 1, 0, 2, 2, 0, 1, 2, 0, 1, 2, 2, 0, 0, 1, 2, 1, 2, 1, 0, 2, 0, 1, 1, 0, 1, 1, 1, 0, 2, 1, 1, 0, 0, 0, 0, 1, 1, 2, 1, 2, 0, 0, 0, 2, 1, 0, 1, 2, 1, 2, 1, 1, 1, 1, 1, 2, 0, 1, 1, 0, 0, 0, 1, 2, 1, 0, 2, 1, 0, 0, 0, 0, 1, 0, 0, 2, 0, 1, 0, 0, 0, 1, 2]|[4, 3, 2, 2, 0, 0, 2, 2, 2, 4, 1, 1, 2, 4, 4, 1, 1, 4, 2, 1, 1, 1, 1, 2, 1, 2, 1, 1, 1, 1, 3, 2, 3, 0, 4, 0, 1, 1, 0, 3, 2, 2, 4, 0, 1, 1, 0, 2, 0, 1, 2, 2, 1, 4, 0, 3, 2, 1, 1, 2, 1, 3, 1, 1, 1, 3, 0, 4, 3, 1, 4, 1, 1, 2, 4, 4, 2, 1, 1, 3, 1, 3, 1, 1, 1, 1, 1, 1, 2, 3, 2, 1, 1, 1, 1, 2, 2, 2, 3, 1]|[0, 2, 1, 1, 3, 3, 0, 1, 0, 0, 0, 0, 1, 0, 1, 0, 0, 3, 1, 0, 0, 0, 3, 1, 0, 2, 0, 0, 0, 1, 0, 0, 0, 0, 3, 0, 1, 0, 0, 2, 1, 1, 2, 0, 0, 0, 0, 1, 1, 0, 0, 0, 1, 3, 0, 0, 1, 0, 0, 1, 0, 2, 0, 1, 0, 2, 1, 0, 0, 1, 1, 3, 0, 1, 3, 3, 1, 0, 0, 2, 0, 0, 0, 0, 1, 0, 0, 0, 1, 2, 1, 0, 0, 1, 1, 0, 0, 0, 0, 0],790.0808266764368,57926.0831962336,89131.00769295532,false
31,G1_CMAX,G1_CMAX,[31, 22, 82, 15, 26, 99, 95, 42, 77, 12, 47, 5, 93, 78, 86, 54, 21, 63, 18, 44, 20, 35, 43, 97, 91, 76, 10, 30, 85, 45, 71, 64, 1, 23, 17, 83, 24, 14, 60, 36, 6, 57, 40, 88, 65, 56, 79, 94, 67, 68, 46, 75, 38, 9, 19, 32, 41, 81, 27, 87, 90, 58, 59, 11, 16, 72, 73, 70, 39, 37, 84, 3, 92, 25, 55, 48, 62, 29, 51, 96, 33, 61, 98, 28, 89, 50, 4, 7, 53, 80, 52, 66, 34, 49, 8, 0, 74, 69, 2, 13]|[1, 1, 0, 1, 1, 0, 1, 1, 2, 1, 2, 2, 2, 1, 1, 0, 0, 1, 0, 2, 2, 0, 1, 2, 0, 1, 2, 2, 0, 0, 1, 2, 1, 2, 1, 0, 2, 0, 1, 1, 0, 1, 1, 1, 0, 2, 1, 1, 0, 0, 0, 0, 1, 1, 2, 1, 0, 2, 0, 2, 1, 0, 1, 2, 1, 2, 1, 1, 1, 1, 1, 1, 0, 1, 2, 0, 0, 0, 0, 2, 2, 1, 2, 0, 1, 0, 1, 2, 0, 0, 1, 2, 2, 0, 1, 0, 2, 1, 0, 0]|[0, 3, 2, 2, 4, 1, 2, 3, 2, 4, 1, 1, 2, 4, 4, 1, 1, 4, 2, 1, 1, 1, 1, 2, 1, 2, 1, 1, 2, 1, 3, 2, 3, 1, 4, 0, 1, 1, 0, 3, 2, 2, 2, 0, 1, 1, 0, 4, 0, 1, 2, 2, 1, 4, 0, 3, 1, 1, 1, 1, 3, 1, 1, 1, 3, 0, 4, 3, 1, 4, 1, 1, 0, 4, 1, 1, 2, 1, 1, 1, 1, 3, 1, 2, 1, 1, 4, 1, 2, 1, 1, 1, 1, 1, 3, 2, 1, 4, 2, 2]|[0, 2, 1, 1, 3, 0, 1, 3, 0, 0, 0, 0, 1, 0, 1, 0, 0, 3, 1, 0, 0, 0, 3, 1, 0, 2, 0, 0, 0, 1, 0, 0, 0, 0, 3, 0, 1, 0, 0, 2, 1, 1, 1, 0, 0, 0, 0, 2, 1, 0, 0, 0, 1, 3, 0, 0, 0, 0, 0, 0, 2, 0, 1, 0, 2, 1, 0, 0, 1, 1, 3, 1, 1, 3, 0, 0, 1, 0, 0, 0, 0, 0, 0, 1, 1, 0, 0, 0, 1, 0, 1, 0, 0, 1, 2, 0, 0, 2, 0, 0],731.2476204416437,56784.74762275103,92889.2977037672,false
31,G4_BALANCED,G4_BALANCED,[31, 11, 15, 82, 26, 9, 95, 32, 77, 68, 47, 5, 93, 78, 86, 54, 85, 63, 18, 44, 20, 49, 36, 14, 74, 50, 53, 17, 21, 45, 71, 64, 3, 23, 30, 83, 24, 41, 60, 52, 65, 27, 28, 70, 39, 87, 48, 69, 99, 4, 46, 1, 13, 58, 97, 59, 90, 8, 73, 37, 35, 79, 22, 66, 76, 42, 40, 80, 96, 6, 16, 61, 12, 7, 57, 34, 33, 67, 10, 98, 56, 88, 29, 84, 72, 38, 19, 92, 43, 75, 51, 91, 81, 25, 2, 55, 62, 89, 94, 0]|[2, 1, 1, 2, 1, 2, 1, 1, 1, 1, 1, 0, 2, 2, 1, 2, 0, 0, 0, 2, 2, 1, 0, 2, 0, 2, 2, 1, 0, 1, 1, 1, 0, 0, 1, 0, 2, 1, 2, 2, 0, 0, 1, 1, 0, 2, 0, 2, 1, 0, 0, 2, 0, 0, 2, 0, 1, 1, 0, 0, 2, 1, 0, 2, 2, 0, 2, 2, 0, 1, 2, 1, 1, 2, 0, 1, 1, 1, 1, 2, 2, 1, 1, 0, 1, 0, 1, 0, 1, 0, 1, 1, 1, 1, 2, 0, 1, 1, 2, 0]|[1, 3, 3, 0, 4, 1, 4, 4, 2, 4, 3, 2, 1, 0, 2, 1, 1, 1, 2, 1, 1, 3, 0, 1, 0, 1, 1, 4, 1, 4, 3, 2, 2, 0, 4, 1, 1, 4, 0, 1, 2, 1, 4, 4, 1, 1, 0, 2, 3, 1, 2, 1, 2, 1, 1, 2, 4, 3, 0, 2, 2, 3, 1, 0, 1, 2, 0, 1, 2, 4, 1, 3, 4, 1, 2, 4, 3, 3, 3, 1, 1, 4, 3, 2, 4, 2, 4, 2, 4, 2, 3, 3, 1, 4, 1, 2, 3, 4, 1, 2]|[1, 2, 0, 0, 3, 0, 1, 3, 0, 0, 2, 0, 1, 0, 1, 0, 0, 0, 1, 0, 0, 2, 0, 0, 1, 0, 0, 3, 0, 1, 0, 2, 0, 1, 3, 0, 1, 3, 1, 0, 0, 0, 1, 3, 0, 0, 1, 0, 2, 0, 0, 0, 0, 0, 1, 0, 1, 0, 1, 1, 0, 2, 0, 0, 0, 0, 1, 0, 0, 2, 0, 0, 1, 0, 0, 1, 0, 0, 3, 0, 0, 1, 0, 0, 2, 0, 3, 0, 2, 0, 0, 0, 1, 3, 0, 0, 0, 1, 0, 0],871.0289244164076,52359.637688671435,105246.69268771634,false
31,G2_TEC,G2_TEC,[31, 22, 82, 15, 26, 9, 95, 42, 77, 68, 47, 5, 93, 78, 86, 54, 85, 63, 18, 44, 20, 49, 36, 14, 74, 50, 53, 17, 21, 28, 11, 64, 3, 23, 30, 83, 24, 41, 40, 52, 65, 27, 90, 70, 39, 87, 48, 69, 99, 4, 46, 1, 13, 58, 97, 59, 45, 8, 73, 37, 35, 79, 71, 66, 76, 32, 60, 80, 96, 6, 16, 61, 33, 7, 57, 34, 12, 67, 10, 98, 56, 88, 43, 75, 91, 38, 84, 92, 29, 19, 51, 55, 72, 2, 89, 81, 94, 25, 62, 0]|[2, 1, 2, 1, 1, 2, 1, 1, 1, 1, 1, 0, 2, 2, 1, 2, 0, 0, 0, 2, 2, 1, 0, 2, 0, 2, 2, 1, 0, 1, 1, 1, 0, 0, 1, 0, 2, 1, 2, 2, 0, 0, 1, 1, 0, 2, 0, 2, 1, 0, 0, 2, 0, 0, 2, 0, 1, 1, 0, 0, 2, 1, 1, 1, 2, 0, 2, 2, 0, 1, 2, 1, 1, 2, 0, 1, 2, 1, 1, 2, 2, 1, 1, 0, 1, 0, 0, 0, 1, 1, 1, 0, 1, 2, 1, 1, 2, 1, 1, 0]|[0, 3, 0, 3, 4, 1, 4, 4, 2, 4, 3, 2, 1, 0, 2, 1, 1, 1, 2, 1, 1, 3, 0, 1, 0, 1, 1, 4, 1, 4, 3, 2, 2, 0, 4, 1, 1, 4, 1, 1, 2, 1, 4, 4, 1, 1, 0, 2, 3, 2, 2, 1, 2, 1, 1, 2, 4, 3, 0, 2, 2, 3, 3, 1, 1, 2, 1, 1, 2, 4, 1, 3, 4, 1, 2, 4, 1, 3, 3, 1, 1, 4, 4, 2, 3, 2, 2, 2, 3, 4, 3, 2, 4, 1, 4, 4, 1, 4, 3, 2]|[0, 2, 0, 0, 3, 0, 1, 3, 0, 0, 2, 0, 1, 0, 1, 0, 0, 0, 1, 0, 0, 2, 0, 0, 1, 0, 0, 3, 0, 1, 0, 2, 0, 0, 3, 0, 1, 1, 0, 0, 0, 0, 1, 3, 0, 0, 1, 0, 2, 0, 0, 0, 0, 0, 1, 0, 1, 0, 1, 1, 0, 2, 0, 2, 0, 0, 0, 0, 0, 2, 0, 0, 1, 0, 0, 1, 0, 0, 3, 0, 0, 1, 2, 0, 0, 0, 0, 0, 3, 1, 0, 0, 1, 0, 1, 2, 0, 3, 0, 0],882.9438068981488,49709.36040320535,107083.76232860672,false
31,G3_TWC,G3_TWC,[31, 22, 82, 15, 26, 58, 95, 42, 77, 12, 47, 5, 93, 78, 98, 54, 85, 63, 18, 44, 20, 35, 43, 97, 91, 76, 10, 30, 21, 45, 71, 64, 1, 23, 17, 83, 24, 14, 60, 36, 6, 57, 94, 88, 65, 56, 79, 40, 67, 68, 46, 75, 38, 9, 19, 32, 81, 41, 27, 62, 87, 90, 99, 59, 11, 16, 72, 73, 70, 39, 37, 84, 3, 92, 25, 55, 28, 29, 51, 7, 33, 61, 86, 66, 89, 50, 48, 96, 53, 8, 4, 80, 34, 49, 52, 0, 13, 2, 69, 74]|[1, 1, 0, 1, 1, 1, 2, 1, 2, 1, 2, 2, 2, 1, 1, 0, 0, 1, 0, 2, 2, 0, 1, 2, 0, 1, 2, 2, 0, 0, 1, 2, 1, 2, 1, 0, 2, 0, 1, 1, 0, 1, 1, 1, 0, 2, 1, 1, 0, 0, 0, 0, 1, 1, 2, 1, 2, 0, 0, 0, 2, 1, 0, 1, 2, 1, 2, 1, 1, 1, 1, 1, 2, 0, 1, 1, 0, 0, 0, 1, 2, 1, 0, 2, 1, 0, 0, 0, 0, 1, 0, 0, 2, 0, 1, 0, 0, 0, 1, 2]|[4, 3, 2, 2, 0, 0, 2, 2, 2, 4, 1, 1, 2, 4, 4, 1, 1, 4, 2, 1, 1, 1, 1, 2, 1, 2, 1, 1, 1, 1, 3, 2, 3, 0, 4, 0, 1, 1, 0, 3, 2, 2, 4, 0, 1, 1, 0, 2, 0, 1, 2, 2, 1, 4, 0, 3, 2, 1, 1, 2, 1, 3, 1, 1, 1, 3, 0, 4, 3, 1, 4, 1, 1, 2, 4, 4, 2, 1, 1, 3, 1, 3, 1, 1, 1, 1, 1, 1, 2, 3, 2, 1, 1, 1, 1, 2, 2, 2, 3, 1]|[0, 2, 1, 1, 3, 3, 0, 1, 0, 0, 0, 0, 1, 0, 1, 0, 0, 3, 1, 0, 0, 0, 3, 1, 0, 2, 0, 0, 0, 1, 0, 0, 0, 0, 3, 0, 1, 0, 0, 2, 1, 1, 2, 0, 0, 0, 0, 1, 1, 0, 0, 0, 1, 3, 0, 0, 1, 0, 0, 1, 0, 2, 0, 1, 0, 2, 1, 0, 0, 1, 1, 3, 0, 1, 3, 3, 1, 0, 0, 2, 0, 0, 0, 0, 1, 0, 0, 0, 1, 2, 1, 0, 0, 1, 1, 0, 0, 0, 0, 0],790.0808266764368,57926.0831962336,89131.00769295532,false
31,G1_CMAX,G1_CMAX,[31, 22, 82, 15, 26, 99, 95, 42, 77, 12, 47, 5, 93, 78, 86, 54, 21, 63, 18, 44, 20, 35, 43, 97, 91, 76, 10, 30, 85, 45, 71, 64, 1, 23, 17, 83, 24, 14, 60, 36, 6, 57, 40, 88, 65, 56, 79, 94, 67, 68, 46, 75, 38, 9, 19, 32, 41, 81, 27, 87, 90, 58, 59, 11, 16, 72, 73, 70, 39, 37, 84, 3, 92, 25, 55, 48, 62, 29, 51, 96, 33, 61, 98, 28, 89, 50, 4, 7, 53, 80, 52, 66, 34, 49, 8, 0, 74, 69, 2, 13]|[1, 1, 0, 1, 1, 0, 1, 1, 2, 1, 2, 2, 2, 1, 1, 0, 0, 1, 0, 2, 2, 0, 1, 2, 0, 1, 2, 2, 0, 0, 1, 2, 1, 2, 1, 0, 2, 0, 1, 1, 0, 1, 1, 1, 0, 2, 1, 1, 0, 0, 0, 0, 1, 1, 2, 1, 0, 2, 0, 2, 1, 0, 1, 2, 1, 2, 1, 1, 1, 1, 1, 1, 0, 1, 2, 0, 0, 0, 0, 2, 2, 1, 2, 0, 1, 0, 1, 2, 0, 0, 1, 2, 2, 0, 1, 0, 2, 1, 0, 0]|[0, 3, 2, 2, 4, 1, 2, 3, 2, 4, 1, 1, 2, 4, 4, 1, 1, 4, 2, 1, 1, 1, 1, 2, 1, 2, 1, 1, 2, 1, 3, 2, 3, 1, 4, 0, 1, 1, 0, 3, 2, 2, 2, 0, 1, 1, 0, 4, 0, 1, 2, 2, 1, 4, 0, 3, 1, 1, 1, 1, 3, 1, 1, 1, 3, 0, 4, 3, 1, 4, 1, 1, 0, 4, 1, 1, 2, 1, 1, 1, 1, 3, 1, 2, 1, 1, 4, 1, 2, 1, 1, 1, 1, 1, 3, 2, 1, 4, 2, 2]|[0, 2, 1, 1, 3, 0, 1, 3, 0, 0, 0, 0, 1, 0, 1, 0, 0, 3, 1, 0, 0, 0, 3, 1, 0, 2, 0, 0, 0, 1, 0, 0, 0, 0, 3, 0, 1, 0, 0, 2, 1, 1, 1, 0, 0, 0, 0, 2, 1, 0, 0, 0, 1, 3, 0, 0, 0, 0, 0, 0, 2, 0, 1, 0, 2, 1, 0, 0, 1, 1, 3, 1, 1, 3, 0, 0, 1, 0, 0, 0, 0, 0, 0, 1, 1, 0, 0, 0, 1, 0, 1, 0, 0, 1, 2, 0, 0, 2, 0, 0],731.2476204416437,56784.74762275103,92889.2977037672,false
31,G4_BALANCED,G4_BALANCED,[31, 11, 15, 82, 26, 9, 95, 32, 77, 68, 47, 5, 93, 78, 86, 54, 85, 63, 18, 44, 20, 49, 36, 14, 74, 50, 53, 17, 21, 45, 71, 64, 3, 23, 30, 83, 24, 41, 60, 52, 65, 27, 28, 70, 39, 87, 48, 69, 99, 4, 46, 1, 13, 58, 97, 59, 90, 8, 73, 37, 35, 79, 22, 66, 76, 42, 40, 80, 96, 6, 16, 61, 12, 7, 57, 34, 33, 67, 10, 98, 56, 88, 29, 84, 72, 38, 19, 92, 43, 75, 51, 91, 81, 25, 2, 55, 62, 89, 94, 0]|[2, 1, 1, 2, 1, 2, 1, 1, 1, 1, 1, 0, 2, 2, 1, 2, 0, 0, 0, 2, 2, 1, 0, 2, 0, 2, 2, 1, 0, 1, 1, 1, 0, 0, 1, 0, 2, 1, 2, 2, 0, 0, 1, 1, 0, 2, 0, 2, 1, 0, 0, 2, 0, 0, 2, 0, 1, 1, 0, 0, 2, 1, 0, 2, 2, 0, 2, 2, 0, 1, 2, 1, 1, 2, 0, 1, 1, 1, 1, 2, 2, 1, 1, 0, 1, 0, 1, 0, 1, 0, 1, 1, 1, 1, 2, 0, 1, 1, 2, 0]|[1, 3, 3, 0, 4, 1, 4, 4, 2, 4, 3, 2, 1, 0, 2, 1, 1, 1, 2, 1, 1, 3, 0, 1, 0, 1, 1, 4, 1, 4, 3, 2, 2, 0, 4, 1, 1, 4, 0, 1, 2, 1, 4, 4, 1, 1, 0, 2, 3, 1, 2, 1, 2, 1, 1, 2, 4, 3, 0, 2, 2, 3, 1, 0, 1, 2, 0, 1, 2, 4, 1, 3, 4, 1, 2, 4, 3, 3, 3, 1, 1, 4, 3, 2, 4, 2, 4, 2, 4, 2, 3, 3, 1, 4, 1, 2, 3, 4, 1, 2]|[1, 2, 0, 0, 3, 0, 1, 3, 0, 0, 2, 0, 1, 0, 1, 0, 0, 0, 1, 0, 0, 2, 0, 0, 1, 0, 0, 3, 0, 1, 0, 2, 0, 1, 3, 0, 1, 3, 1, 0, 0, 0, 1, 3, 0, 0, 1, 0, 2, 0, 0, 0, 0, 0, 1, 0, 1, 0, 1, 1, 0, 2, 0, 0, 0, 0, 1, 0, 0, 2, 0, 0, 1, 0, 0, 1, 0, 0, 3, 0, 0, 1, 0, 0, 2, 0, 3, 0, 2, 0, 0, 0, 1, 3, 0, 0, 0, 1, 0, 0],871.0289244164076,52359.637688671435,105246.69268771634,false
31,G2_TEC,G2_TEC,[31, 22, 82, 15, 26, 9, 95, 42, 77, 68, 47, 5, 93, 78, 86, 54, 85, 63, 18, 44, 20, 49, 36, 14, 74, 50, 53, 17, 21, 28, 11, 64, 3, 23, 30, 83, 24, 41, 40, 52, 65, 27, 90, 70, 39, 87, 48, 69, 99, 4, 46, 1, 13, 58, 97, 59, 45, 8, 73, 37, 35, 79, 71, 66, 76, 32, 60, 80, 96, 6, 16, 61, 33, 7, 57, 34, 12, 67, 10, 98, 56, 88, 43, 75, 91, 38, 84, 92, 29, 19, 51, 55, 72, 2, 89, 81, 94, 25, 62, 0]|[2, 1, 2, 1, 1, 2, 1, 1, 1, 1, 1, 0, 2, 2, 1, 2, 0, 0, 0, 2, 2, 1, 0, 2, 0, 2, 2, 1, 0, 1, 1, 1, 0, 0, 1, 0, 2, 1, 2, 2, 0, 0, 1, 1, 0, 2, 0, 2, 1, 0, 0, 2, 0, 0, 2, 0, 1, 1, 0, 0, 2, 1, 1, 1, 2, 0, 2, 2, 0, 1, 2, 1, 1, 2, 0, 1, 2, 1, 1, 2, 2, 1, 1, 0, 1, 0, 0, 0, 1, 1, 1, 0, 1, 2, 1, 1, 2, 1, 1, 0]|[0, 3, 0, 3, 4, 1, 4, 4, 2, 4, 3, 2, 1, 0, 2, 1, 1, 1, 2, 1, 1, 3, 0, 1, 0, 1, 1, 4, 1, 4, 3, 2, 2, 0, 4, 1, 1, 4, 1, 1, 2, 1, 4, 4, 1, 1, 0, 2, 3, 2, 2, 1, 2, 1, 1, 2, 4, 3, 0, 2, 2, 3, 3, 1, 1, 2, 1, 1, 2, 4, 1, 3, 4, 1, 2, 4, 1, 3, 3, 1, 1, 4, 4, 2, 3, 2, 2, 2, 3, 4, 3, 2, 4, 1, 4, 4, 1, 4, 3, 2]|[0, 2, 0, 0, 3, 0, 1, 3, 0, 0, 2, 0, 1, 0, 1, 0, 0, 0, 1, 0, 0, 2, 0, 0, 1, 0, 0, 3, 0, 1, 0, 2, 0, 0, 3, 0, 1, 1, 0, 0, 0, 0, 1, 3, 0, 0, 1, 0, 2, 0, 0, 0, 0, 0, 1, 0, 1, 0, 1, 1, 0, 2, 0, 2, 0, 0, 0, 0, 0, 2, 0, 0, 1, 0, 0, 1, 0, 0, 3, 0, 0, 1, 2, 0, 0, 0, 0, 0, 3, 1, 0, 0, 1, 0, 1, 2, 0, 3, 0, 0],882.9438068981488,49709.36040320535,107083.76232860672,false
31,G3_TWC,G3_TWC,[31, 22, 82, 15, 26, 58, 95, 42, 77, 12, 47, 5, 93, 78, 98, 54, 85, 63, 18, 44, 20, 35, 43, 97, 91, 76, 10, 30, 21, 45, 71, 64, 1, 23, 17, 83, 24, 14, 60, 36, 6, 57, 94, 88, 65, 56, 79, 40, 67, 68, 46, 75, 38, 9, 19, 32, 81, 41, 27, 62, 87, 90, 99, 59, 11, 16, 72, 73, 70, 39, 37, 84, 3, 51, 25, 55, 28, 29, 92, 7, 33, 74, 86, 66, 89, 50, 48, 96, 53, 8, 80, 4, 34, 49, 52, 0, 13, 2, 69, 61]|[1, 1, 0, 1, 1, 1, 2, 1, 2, 1, 2, 2, 2, 1, 1, 0, 0, 1, 0, 2, 2, 0, 0, 2, 0, 1, 2, 2, 0, 0, 1, 2, 1, 2, 1, 0, 2, 0, 1, 1, 0, 1, 1, 1, 0, 2, 1, 1, 0, 0, 0, 0, 1, 1, 2, 1, 2, 0, 0, 0, 2, 1, 0, 1, 2, 1, 2, 1, 1, 1, 1, 1, 1, 0, 1, 1, 0, 0, 0, 1, 2, 2, 0, 2, 1, 0, 0, 0, 0, 1, 0, 0, 2, 0, 1, 0, 0, 0, 1, 1]|[4, 3, 2, 2, 0, 0, 2, 2, 2, 4, 1, 1, 2, 4, 4, 1, 2, 4, 2, 1, 1, 1, 1, 2, 1, 2, 1, 1, 1, 1, 3, 2, 3, 0, 4, 0, 1, 1, 0, 3, 2, 2, 4, 0, 1, 1, 0, 2, 0, 1, 2, 2, 1, 4, 0, 3, 2, 1, 1, 2, 1, 3, 1, 1, 1, 3, 0, 4, 3, 1, 4, 1, 1, 1, 4, 4, 2, 1, 2, 3, 1, 1, 1, 1, 1, 1, 1, 1, 2, 3, 1, 2, 1, 1, 1, 2, 2, 2, 3, 3]|[0, 2, 1, 1, 3, 3, 0, 1, 0, 0, 0, 0, 1, 0, 1, 0, 0, 3, 1, 0, 0, 0, 0, 1, 0, 2, 0, 0, 0, 1, 0, 0, 0, 0, 3, 0, 1, 0, 0, 2, 1, 1, 2, 0, 0, 0, 0, 1, 1, 0, 0, 0, 1, 3, 0, 0, 1, 0, 0, 1, 0, 2, 0, 1, 0, 2, 1, 0, 0, 1, 1, 3, 1, 0, 3, 3, 1, 0, 1, 2, 0, 0, 0, 0, 1, 0, 0, 0, 1, 2, 0, 1, 0, 1, 1, 0, 0, 0, 0, 0],811.7308099258751,57714.166452371326,89880.00630289003,false
31,G1_CMAX,G1_CMAX,[31, 22, 82, 15, 26, 99, 95, 42, 77, 12, 47, 5, 93, 78, 86, 54, 21, 63, 18, 44, 20, 35, 43, 97, 91, 76, 10, 30, 85, 45, 71, 64, 1, 23, 17, 83, 24, 14, 60, 36, 6, 57, 40, 88, 65, 56, 79, 94, 67, 68, 46, 75, 38, 9, 19, 32, 41, 81, 27, 87, 90, 58, 59, 11, 16, 72, 73, 70, 39, 37, 84, 3, 92, 25, 55, 48, 62, 29, 51, 96, 33, 61, 98, 28, 89, 50, 4, 7, 53, 80, 52, 66, 34, 49, 8, 0, 74, 69, 2, 13]|[1, 1, 0, 1, 1, 0, 1, 1, 2, 1, 2, 2, 2, 1, 1, 0, 0, 1, 0, 2, 2, 0, 1, 2, 0, 1, 2, 2, 0, 0, 1, 2, 1, 2, 1, 0, 2, 0, 1, 1, 0, 1, 1, 1, 0, 2, 1, 1, 0, 0, 0, 0, 1, 1, 2, 1, 0, 2, 0, 2, 1, 0, 1, 2, 1, 2, 1, 1, 1, 1, 1, 1, 0, 1, 2, 0, 0, 0, 0, 2, 2, 1, 2, 0, 1, 0, 1, 2, 0, 0, 1, 2, 2, 0, 1, 0, 2, 1, 0, 0]|[0, 3, 2, 2, 4, 1, 2, 3, 2, 4, 1, 1, 2, 4, 4, 1, 1, 4, 2, 1, 1, 1, 1, 2, 1, 2, 1, 1, 2, 1, 3, 2, 3, 1, 4, 0, 1, 1, 0, 3, 2, 2, 2, 0, 1, 1, 0, 4, 0, 1, 2, 2, 1, 4, 0, 3, 1, 1, 1, 1, 3, 1, 1, 1, 3, 0, 4, 3, 1, 4, 1, 1, 0, 4, 1, 1, 2, 1, 1, 1, 1, 3, 1, 2, 1, 1, 4, 1, 2, 1, 1, 1, 1, 1, 3, 2, 1, 4, 2, 2]|[0, 2, 1, 1, 3, 0, 1, 3, 0, 0, 0, 0, 1, 0, 1, 0, 0, 3, 1, 0, 0, 0, 3, 1, 0, 2, 0, 0, 0, 1, 0, 0, 0, 0, 3, 0, 1, 0, 0, 2, 1, 1, 1, 0, 0, 0, 0, 2, 1, 0, 0, 0, 1, 3, 0, 0, 0, 0, 0, 0, 2, 0, 1, 0, 2, 1, 0, 0, 1, 1, 3, 1, 1, 3, 0, 0, 1, 0, 0, 0, 0, 0, 0, 1, 1, 0, 0, 0, 1, 0, 1, 0, 0, 1, 2, 0, 0, 2, 0, 0],731.2476204416437,56784.74762275103,92889.2977037672,false
31,G4_BALANCED,G4_BALANCED,[31, 11, 15, 82, 26, 9, 95, 32, 77, 68, 47, 5, 93, 78, 86, 54, 85, 63, 18, 44, 20, 49, 36, 14, 74, 50, 53, 17, 21, 45, 71, 64, 3, 23, 30, 83, 24, 41, 60, 52, 51, 27, 90, 70, 39, 87, 48, 69, 99, 4, 46, 1, 13, 58, 97, 59, 28, 8, 73, 37, 35, 79, 22, 66, 76, 42, 40, 80, 96, 6, 16, 61, 33, 7, 57, 34, 12, 67, 10, 98, 56, 88, 29, 25, 91, 38, 19, 92, 43, 84, 65, 72, 81, 75, 2, 55, 62, 89, 94, 0]|[2, 1, 1, 2, 1, 2, 1, 1, 1, 1, 1, 0, 2, 2, 1, 2, 0, 0, 0, 2, 2, 1, 0, 2, 0, 2, 2, 1, 0, 1, 1, 1, 0, 0, 1, 0, 2, 1, 2, 2, 0, 0, 1, 1, 0, 2, 0, 2, 1, 0, 0, 2, 0, 0, 2, 0, 1, 1, 0, 0, 2, 1, 1, 2, 2, 0, 2, 2, 0, 1, 2, 1, 1, 2, 0, 1, 2, 1, 1, 2, 2, 1, 1, 1, 1, 0, 1, 0, 1, 0, 1, 1, 1, 0, 2, 0, 1, 1, 2, 0]|[1, 3, 2, 0, 4, 1, 4, 4, 2, 4, 3, 2, 1, 0, 2, 1, 1, 1, 2, 1, 1, 3, 0, 1, 0, 1, 1, 4, 1, 4, 3, 2, 2, 0, 4, 1, 1, 4, 0, 1, 2, 1, 4, 4, 1, 1, 0, 2, 3, 1, 2, 1, 2, 1, 1, 2, 4, 3, 0, 2, 2, 3, 3, 0, 1, 2, 0, 1, 2, 4, 1, 3, 4, 1, 2, 4, 1, 3, 3, 1, 1, 4, 3, 4, 3, 2, 4, 2, 4, 2, 3, 4, 1, 2, 1, 2, 3, 4, 1, 2]|[1, 2, 1, 0, 3, 0, 1, 3, 0, 0, 2, 0, 1, 0, 1, 0, 0, 0, 1, 0, 0, 2, 0, 0, 1, 0, 0, 3, 0, 1, 0, 2, 0, 1, 3, 0, 1, 3, 1, 0, 0, 0, 1, 3, 0, 0, 1, 0, 2, 0, 0, 0, 0, 0, 1, 0, 1, 0, 1, 1, 0, 2, 2, 0, 0, 0, 1, 0, 0, 2, 0, 0, 1, 0, 0, 1, 0, 0, 3, 0, 0, 1, 0, 3, 0, 0, 1, 0, 2, 0, 0, 2, 1, 0, 0, 0, 0, 1, 0, 0],850.9632869082183,52431.02217786142,105346.60403335126,false
31,G2_TEC,G2_TEC,[31, 22, 82, 15, 26, 9, 95, 42, 77, 68, 47, 5, 93, 78, 86, 54, 85, 63, 18, 44, 20, 49, 36, 14, 74, 50, 53, 17, 21, 28, 11, 64, 3, 23, 30, 83, 24, 41, 40, 52, 65, 27, 90, 70, 39, 87, 48, 69, 99, 4, 46, 1, 13, 58, 97, 59, 45, 8, 73, 37, 35, 79, 71, 66, 76, 32, 60, 80, 96, 6, 16, 61, 33, 7, 57, 34, 12, 67, 10, 98, 56, 88, 43, 75, 91, 38, 84, 92, 29, 19, 51, 55, 72, 2, 89, 81, 94, 25, 62, 0]|[2, 1, 2, 1, 1, 2, 1, 1, 1, 1, 1, 0, 2, 2, 1, 2, 0, 0, 0, 2, 2, 1, 0, 2, 0, 2, 2, 1, 0, 1, 1, 1, 0, 0, 1, 0, 2, 1, 2, 2, 0, 0, 1, 1, 0, 2, 0, 2, 1, 0, 0, 2, 0, 0, 2, 0, 1, 1, 0, 0, 2, 1, 1, 1, 2, 0, 2, 2, 0, 1, 2, 1, 1, 2, 0, 1, 2, 1, 1, 2, 2, 1, 1, 0, 1, 0, 0, 0, 1, 1, 1, 0, 1, 2, 1, 1, 2, 1, 1, 0]|[0, 3, 0, 3, 4, 1, 4, 4, 2, 4, 3, 2, 1, 0, 2, 1, 1, 1, 2, 1, 1, 3, 0, 1, 0, 1, 1, 4, 1, 4, 3, 2, 2, 0, 4, 1, 1, 4, 1, 1, 2, 1, 4, 4, 1, 1, 0, 2, 3, 2, 2, 1, 2, 1, 1, 2, 4, 3, 0, 2, 2, 3, 3, 1, 1, 2, 1, 1, 2, 4, 1, 3, 4, 1, 2, 4, 1, 3, 3, 1, 1, 4, 4, 2, 3, 2, 2, 2, 3, 4, 3, 2, 4, 1, 4, 4, 1, 4, 3, 2]|[0, 2, 0, 0, 3, 0, 1, 3, 0, 0, 2, 0, 1, 0, 1, 0, 0, 0, 1, 0, 0, 2, 0, 0, 1, 0, 0, 3, 0, 1, 0, 2, 0, 0, 3, 0, 1, 1, 0, 0, 0, 0, 1, 3, 0, 0, 1, 0, 2, 0, 0, 0, 0, 0, 1, 0, 1, 0, 1, 1, 0, 2, 0, 2, 0, 0, 0, 0, 0, 2, 0, 0, 1, 0, 0, 1, 0, 0, 3, 0, 0, 1, 2, 0, 0, 0, 0, 0, 3, 1, 0, 0, 1, 0, 1, 2, 0, 3, 0, 0],882.9438068981488,49709.36040320535,107083.76232860672,false
31,G3_TWC,G3_TWC,[31, 22, 82, 15, 26, 58, 95, 42, 77, 12, 47, 5, 93, 78, 98, 54, 85, 63, 18, 44, 20, 35, 43, 97, 91, 76, 10, 30, 21, 45, 71, 64, 1, 23, 17, 83, 24, 14, 60, 36, 6, 57, 94, 88, 65, 56, 79, 40, 67, 68, 46, 75, 38, 9, 19, 32, 81, 41, 27, 62, 87, 90, 99, 59, 11, 16, 72, 73, 70, 39, 37, 84, 3, 92, 25, 55, 28, 29, 51, 7, 33, 61, 86, 66, 89, 50, 48, 96, 53, 8, 4, 80, 34, 49, 52, 0, 13, 2, 69, 74]|[1, 1, 0, 1, 1, 1, 2, 1, 2, 1, 2, 2, 2, 1, 1, 0, 0, 1, 0, 2, 2, 0, 1, 2, 0, 1, 2, 2, 0, 0, 1, 2, 1, 2, 1, 0, 2, 0, 1, 1, 0, 1, 1, 1, 0, 2, 1, 1, 0, 0, 0, 0, 1, 1, 2, 1, 2, 0, 0, 0, 2, 1, 0, 1, 2, 1, 2, 1, 1, 1, 1, 1, 2, 0, 1, 1, 0, 0, 0, 1, 2, 1, 0, 2, 1, 0, 0, 0, 0, 1, 0, 0, 2, 0, 1, 0, 0, 0, 1, 2]|[4, 3, 2, 2, 0, 0, 2, 2, 2, 4, 1, 1, 2, 4, 4, 1, 1, 4, 2, 1, 1, 1, 1, 2, 1, 2, 1, 1, 1, 1, 3, 2, 3, 0, 4, 0, 1, 1, 0, 3, 2, 2, 4, 0, 1, 1, 0, 2, 0, 1, 2, 2, 1, 4, 0, 3, 2, 1, 1, 2, 1, 3, 1, 1, 1, 3, 0, 4, 3, 1, 4, 1, 1, 2, 4, 4, 2, 1, 1, 3, 1, 3, 1, 1, 1, 1, 1, 1, 2, 3, 2, 1, 1, 1, 1, 2, 2, 2, 3, 1]|[0, 2, 1, 1, 3, 3, 0, 1, 0, 0, 0, 0, 1, 0, 1, 0, 0, 3, 1, 0, 0, 0, 3, 1, 0, 2, 0, 0, 0, 1, 0, 0, 0, 0, 3, 0, 1, 0, 0, 2, 1, 1, 2, 0, 0, 0, 0, 1, 1, 0, 0, 0, 1, 3, 0, 0, 1, 0, 0, 1, 0, 2, 0, 1, 0, 2, 1, 0, 0, 1, 1, 3, 0, 1, 3, 3, 1, 0, 0, 2, 0, 0, 0, 0, 1, 0, 0, 0, 1, 2, 1, 0, 0, 1, 1, 0, 0, 0, 0, 0],790.0808266764368,57926.0831962336,89131.00769295532,false
31,G1_CMAX,G1_CMAX,[31, 22, 82, 15, 26, 99, 95, 42, 77, 12, 47, 5, 93, 78, 86, 54, 21, 63, 18, 44, 20, 35, 43, 97, 91, 76, 10, 30, 85, 45, 71, 64, 1, 23, 17, 83, 24, 14, 60, 36, 6, 57, 40, 88, 65, 56, 79, 94, 67, 68, 46, 75, 38, 9, 19, 32, 41, 81, 27, 87, 90, 58, 59, 11, 16, 72, 73, 70, 39, 37, 84, 3, 92, 25, 55, 48, 62, 29, 51, 96, 33, 61, 98, 28, 89, 50, 4, 7, 53, 80, 52, 66, 34, 49, 8, 0, 74, 69, 2, 13]|[1, 1, 0, 1, 1, 0, 1, 1, 2, 1, 2, 2, 2, 1, 1, 0, 0, 1, 0, 2, 2, 0, 1, 2, 0, 1, 2, 2, 0, 0, 1, 2, 1, 2, 1, 0, 2, 0, 1, 1, 0, 1, 1, 1, 0, 2, 1, 1, 0, 0, 0, 0, 1, 1, 2, 1, 0, 2, 0, 2, 1, 0, 1, 2, 1, 2, 1, 1, 1, 1, 1, 1, 0, 1, 2, 0, 0, 0, 0, 2, 2, 1, 2, 0, 1, 0, 1, 2, 0, 0, 1, 2, 2, 0, 1, 0, 2, 1, 0, 0]|[0, 3, 2, 2, 4, 1, 2, 3, 2, 4, 1, 1, 2, 4, 4, 1, 1, 4, 2, 1, 1, 1, 1, 2, 1, 2, 1, 1, 2, 1, 3, 2, 3, 1, 4, 0, 1, 1, 0, 3, 2, 2, 2, 0, 1, 1, 0, 4, 0, 1, 2, 2, 1, 4, 0, 3, 1, 1, 1, 1, 3, 1, 1, 1, 3, 0, 4, 3, 1, 4, 1, 1, 0, 4, 1, 1, 2, 1, 1, 1, 1, 3, 1, 2, 1, 1, 4, 1, 2, 1, 1, 1, 1, 1, 3, 2, 1, 4, 2, 2]|[0, 2, 1, 1, 3, 0, 1, 3, 0, 0, 0, 0, 1, 0, 1, 0, 0, 3, 1, 0, 0, 0, 3, 1, 0, 2, 0, 0, 0, 1, 0, 0, 0, 0, 3, 0, 1, 0, 0, 2, 1, 1, 1, 0, 0, 0, 0, 2, 1, 0, 0, 0, 1, 3, 0, 0, 0, 0, 0, 0, 2, 0, 1, 0, 2, 1, 0, 0, 1, 1, 3, 1, 1, 3, 0, 0, 1, 0, 0, 0, 0, 0, 0, 1, 1, 0, 0, 0, 1, 0, 1, 0, 0, 1, 2, 0, 0, 2, 0, 0],731.2476204416437,56784.74762275103,92889.2977037672,false
31,G4_BALANCED,G4_BALANCED,[31, 11, 15, 82, 26, 9, 95, 32, 77, 68, 47, 5, 93, 78, 86, 54, 85, 63, 18, 44, 20, 49, 36, 14, 74, 50, 53, 17, 21, 45, 71, 64, 3, 23, 30, 83, 24, 41, 60, 52, 51, 27, 90, 70, 39, 87, 48, 69, 99, 4, 46, 1, 13, 58, 97, 59, 28, 8, 73, 37, 35, 79, 22, 66, 76, 42, 40, 80, 96, 6, 16, 61, 33, 7, 57, 34, 12, 67, 10, 98, 56, 88, 29, 25, 91, 38, 19, 92, 43, 84, 65, 72, 81, 75, 2, 55, 62, 89, 94, 0]|[2, 1, 1, 2, 1, 2, 1, 1, 1, 1, 1, 0, 2, 2, 1, 2, 0, 0, 0, 2, 2, 1, 0, 2, 0, 2, 2, 1, 0, 1, 1, 1, 0, 0, 1, 0, 2, 1, 2, 2, 0, 0, 1, 1, 0, 2, 0, 2, 1, 0, 0, 2, 0, 0, 2, 0, 1, 1, 0, 0, 2, 1, 1, 2, 2, 0, 2, 2, 0, 1, 2, 1, 1, 2, 0, 1, 2, 1, 1, 2, 2, 1, 1, 1, 1, 0, 1, 0, 1, 0, 1, 1, 1, 0, 2, 0, 1, 1, 2, 0]|[1, 3, 2, 0, 4, 1, 4, 4, 2, 4, 3, 2, 1, 0, 2, 1, 1, 1, 2, 1, 1, 3, 0, 1, 0, 1, 1, 4, 1, 4, 3, 2, 2, 0, 4, 1, 1, 4, 0, 1, 2, 1, 4, 4, 1, 1, 0, 2, 3, 1, 2, 1, 2, 1, 1, 2, 4, 3, 0, 2, 2, 3, 3, 0, 1, 2, 0, 1, 2, 4, 1, 3, 4, 1, 2, 4, 1, 3, 3, 1, 1, 4, 3, 4, 3, 2, 4, 2, 4, 2, 3, 4, 1, 2, 1, 2, 3, 4, 1, 2]|[1, 2, 1, 0, 3, 0, 1, 3, 0, 0, 2, 0, 1, 0, 1, 0, 0, 0, 1, 0, 0, 2, 0, 0, 1, 0, 0, 3, 0, 1, 0, 2, 0, 1, 3, 0, 1, 3, 1, 0, 0, 0, 1, 3, 0, 0, 1, 0, 2, 0, 0, 0, 0, 0, 1, 0, 1, 0, 1, 1, 0, 2, 2, 0, 0, 0, 1, 0, 0, 2, 0, 0, 1, 0, 0, 1, 0, 0, 3, 0, 0, 1, 0, 3, 0, 0, 1, 0, 2, 0, 0, 2, 1, 0, 0, 0, 0, 1, 0, 0],850.9632869082183,52431.02217786142,105346.60403335126,false
31,G2_TEC,G2_TEC,[31, 22, 82, 15, 26, 9, 95, 42, 77, 68, 47, 5, 93, 78, 86, 54, 85, 63, 18, 44, 20, 49, 36, 14, 74, 50, 53, 17, 21, 28, 11, 64, 3, 23, 30, 83, 24, 41, 40, 52, 65, 27, 90, 70, 39, 87, 48, 69, 99, 4, 46, 1, 13, 58, 97, 59, 45, 8, 73, 37, 35, 79, 71, 66, 76, 32, 60, 80, 96, 6, 16, 61, 33, 7, 57, 34, 12, 67, 10, 98, 56, 88, 43, 75, 91, 38, 84, 92, 29, 19, 51, 55, 72, 2, 89, 81, 94, 25, 62, 0]|[2, 1, 2, 1, 1, 2, 1, 1, 1, 1, 1, 0, 2, 2, 1, 2, 0, 0, 0, 2, 2, 1, 0, 2, 0, 2, 2, 1, 0, 1, 1, 1, 0, 0, 1, 0, 2, 1, 2, 2, 0, 0, 1, 1, 0, 2, 0, 2, 1, 0, 0, 2, 0, 0, 2, 0, 1, 1, 0, 0, 2, 1, 1, 1, 2, 0, 2, 2, 0, 1, 2, 1, 1, 2, 0, 1, 2, 1, 1, 2, 2, 1, 1, 0, 1, 0, 0, 0, 1, 1, 1, 0, 1, 2, 1, 1, 2, 1, 1, 0]|[0, 3, 0, 3, 4, 1, 4, 4, 2, 4, 3, 2, 1, 0, 2, 1, 1, 1, 2, 1, 1, 3, 0, 1, 0, 1, 1, 4, 1, 4, 3, 2, 2, 0, 4, 1, 1, 4, 1, 1, 2, 1, 4, 4, 1, 1, 0, 2, 3, 2, 2, 1, 2, 1, 1, 2, 4, 3, 0, 2, 2, 3, 3, 1, 1, 2, 1, 1, 2, 4, 1, 3, 4, 1, 2, 4, 1, 3, 3, 1, 1, 4, 4, 2, 3, 2, 2, 2, 3, 4, 3, 2, 4, 1, 4, 4, 1, 4, 3, 2]|[0, 2, 0, 0, 3, 0, 1, 3, 0, 0, 2, 0, 1, 0, 1, 0, 0, 0, 1, 0, 0, 2, 0, 0, 1, 0, 0, 3, 0, 1, 0, 2, 0, 0, 3, 0, 1, 1, 0, 0, 0, 0, 1, 3, 0, 0, 1, 0, 2, 0, 0, 0, 0, 0, 1, 0, 1, 0, 1, 1, 0, 2, 0, 2, 0, 0, 0, 0, 0, 2, 0, 0, 1, 0, 0, 1, 0, 0, 3, 0, 0, 1, 2, 0, 0, 0, 0, 0, 3, 1, 0, 0, 1, 0, 1, 2, 0, 3, 0, 0],882.9438068981488,49709.36040320535,107083.76232860672,false
31,G3_TWC,G3_TWC,[31, 22, 82, 15, 26, 58, 95, 42, 77, 12, 47, 5, 93, 78, 98, 54, 85, 63, 18, 44, 20, 35, 43, 97, 91, 76, 10, 30, 21, 45, 71, 64, 1, 23, 17, 83, 24, 14, 60, 36, 6, 57, 94, 88, 65, 56, 79, 40, 67, 68, 46, 75, 38, 9, 19, 32, 81, 41, 27, 62, 87, 90, 99, 59, 11, 16, 72, 73, 70, 39, 37, 84, 3, 92, 25, 55, 28, 29, 51, 7, 33, 61, 86, 66, 89, 50, 48, 96, 53, 8, 4, 80, 34, 49, 52, 0, 13, 2, 69, 74]|[1, 1, 0, 1, 1, 1, 2, 1, 2, 1, 2, 2, 2, 1, 1, 0, 0, 1, 0, 2, 2, 0, 1, 2, 0, 1, 2, 2, 0, 0, 1, 2, 1, 2, 1, 0, 2, 0, 1, 1, 0, 1, 1, 1, 0, 2, 1, 1, 0, 0, 0, 0, 1, 1, 2, 1, 2, 0, 0, 0, 2, 1, 0, 1, 2, 1, 2, 1, 1, 1, 1, 1, 2, 0, 1, 1, 0, 0, 0, 1, 2, 1, 0, 2, 1, 0, 0, 0, 0, 1, 0, 0, 2, 0, 1, 0, 0, 0, 1, 2]|[4, 3, 2, 2, 0, 0, 2, 2, 2, 4, 1, 1, 2, 4, 4, 1, 1, 4, 2, 1, 1, 1, 1, 2, 1, 2, 1, 1, 1, 1, 3, 2, 3, 0, 4, 0, 1, 1, 0, 3, 2, 2, 4, 0, 1, 1, 0, 2, 0, 1, 2, 2, 1, 4, 0, 3, 2, 1, 1, 2, 1, 3, 1, 1, 1, 3, 0, 4, 3, 1, 4, 1, 1, 2, 4, 4, 2, 1, 1, 3, 1, 3, 1, 1, 1, 1, 1, 1, 2, 3, 2, 1, 1, 1, 1, 2, 2, 2, 3, 1]|[0, 2, 1, 1, 3, 3, 0, 1, 0, 0, 0, 0, 1, 0, 1, 0, 0, 3, 1, 0, 0, 0, 3, 1, 0, 2, 0, 0, 0, 1, 0, 0, 0, 0, 3, 0, 1, 0, 0, 2, 1, 1, 2, 0, 0, 0, 0, 1, 1, 0, 0, 0, 1, 3, 0, 0, 1, 0, 0, 1, 0, 2, 0, 1, 0, 2, 1, 0, 0, 1, 1, 3, 0, 1, 3, 3, 1, 0, 0, 2, 0, 0, 0, 0, 1, 0, 0, 0, 1, 2, 1, 0, 0, 1, 1, 0, 0, 0, 0, 0],790.0808266764368,57926.0831962336,89131.00769295532,false
31,G1_CMAX,G1_CMAX,[31, 22, 82, 15, 26, 99, 95, 42, 77, 12, 47, 5, 93, 78, 86, 54, 21, 63, 18, 44, 20, 35, 43, 97, 91, 76, 10, 30, 85, 45, 71, 64, 1, 23, 17, 83, 24, 14, 60, 36, 6, 57, 40, 88, 65, 56, 79, 94, 67, 68, 46, 75, 38, 9, 19, 32, 41, 81, 27, 87, 90, 58, 59, 11, 16, 72, 73, 70, 39, 37, 84, 3, 92, 25, 55, 48, 62, 29, 51, 96, 33, 61, 98, 28, 89, 50, 4, 7, 53, 80, 52, 66, 34, 49, 8, 0, 74, 69, 2, 13]|[1, 1, 0, 1, 1, 0, 1, 1, 2, 1, 2, 2, 2, 1, 1, 0, 0, 1, 0, 2, 2, 0, 1, 2, 0, 1, 2, 2, 0, 0, 1, 2, 1, 2, 1, 0, 2, 0, 1, 1, 0, 1, 1, 1, 0, 2, 1, 1, 0, 0, 0, 0, 1, 1, 2, 1, 0, 2, 0, 2, 1, 0, 1, 2, 1, 2, 1, 1, 1, 1, 1, 1, 0, 1, 2, 0, 0, 0, 0, 2, 2, 1, 2, 0, 1, 0, 1, 2, 0, 0, 1, 2, 2, 0, 1, 0, 2, 1, 0, 0]|[0, 3, 2, 2, 4, 1, 2, 3, 2, 4, 1, 1, 2, 4, 4, 1, 1, 4, 2, 1, 1, 1, 1, 2, 1, 2, 1, 1, 2, 1, 3, 2, 3, 1, 4, 0, 1, 1, 0, 3, 2, 2, 2, 0, 1, 1, 0, 4, 0, 1, 2, 2, 1, 4, 0, 3, 1, 1, 1, 1, 3, 1, 1, 1, 3, 0, 4, 3, 1, 4, 1, 1, 0, 4, 1, 1, 2, 1, 1, 1, 1, 3, 1, 2, 1, 1, 4, 1, 2, 1, 1, 1, 1, 1, 3, 2, 1, 4, 2, 2]|[0, 2, 1, 1, 3, 0, 1, 3, 0, 0, 0, 0, 1, 0, 1, 0, 0, 3, 1, 0, 0, 0, 3, 1, 0, 2, 0, 0, 0, 1, 0, 0, 0, 0, 3, 0, 1, 0, 0, 2, 1, 1, 1, 0, 0, 0, 0, 2, 1, 0, 0, 0, 1, 3, 0, 0, 0, 0, 0, 0, 2, 0, 1, 0, 2, 1, 0, 0, 1, 1, 3, 1, 1, 3, 0, 0, 1, 0, 0, 0, 0, 0, 0, 1, 1, 0, 0, 0, 1, 0, 1, 0, 0, 1, 2, 0, 0, 2, 0, 0],731.2476204416437,56784.74762275103,92889.2977037672,false
31,G4_BALANCED,G4_BALANCED,[31, 11, 15, 82, 26, 9, 95, 32, 77, 68, 47, 5, 93, 78, 86, 54, 85, 63, 18, 44, 20, 49, 36, 14, 74, 50, 53, 17, 21, 45, 71, 64, 3, 23, 30, 83, 24, 41, 60, 52, 51, 27, 90, 70, 39, 87, 48, 69, 99, 4, 46, 1, 13, 58, 97, 59, 28, 8, 73, 37, 35, 79, 22, 66, 76, 42, 40, 80, 96, 6, 16, 61, 33, 7, 57, 34, 12, 67, 10, 98, 56, 88, 29, 25, 91, 38, 19, 92, 43, 84, 65, 72, 81, 75, 2, 55, 62, 89, 94, 0]|[2, 1, 1, 2, 1, 2, 1, 1, 1, 1, 1, 0, 2, 2, 1, 2, 0, 0, 0, 2, 2, 1, 0, 2, 0, 2, 2, 1, 0, 1, 1, 1, 0, 0, 1, 0, 2, 1, 2, 2, 0, 0, 1, 1, 0, 2, 0, 2, 1, 0, 0, 2, 0, 0, 2, 0, 1, 1, 0, 0, 2, 1, 1, 2, 2, 0, 2, 2, 0, 1, 2, 1, 1, 2, 0, 1, 2, 1, 1, 2, 2, 1, 1, 1, 1, 0, 1, 0, 1, 0, 1, 1, 1, 0, 2, 0, 1, 1, 2, 0]|[1, 3, 2, 0, 4, 1, 4, 4, 2, 4, 3, 2, 1, 0, 2, 1, 1, 1, 2, 1, 1, 3, 0, 1, 0, 1, 1, 4, 1, 4, 3, 2, 2, 0, 4, 1, 1, 4, 0, 1, 2, 1, 4, 4, 1, 1, 0, 2, 3, 1, 2, 1, 2, 1, 1, 2, 4, 3, 0, 2, 2, 3, 3, 0, 1, 2, 0, 1, 2, 4, 1, 3, 4, 1, 2, 4, 1, 3, 3, 1, 1, 4, 3, 4, 3, 2, 4, 2, 4, 2, 3, 4, 1, 2, 1, 2, 3, 4, 1, 2]|[1, 2, 1, 0, 3, 0, 1, 3, 0, 0, 2, 0, 1, 0, 1, 0, 0, 0, 1, 0, 0, 2, 0, 0, 1, 0, 0, 3, 0, 1, 0, 2, 0, 1, 3, 0, 1, 3, 1, 0, 0, 0, 1, 3, 0, 0, 1, 0, 2, 0, 0, 0, 0, 0, 1, 0, 1, 0, 1, 1, 0, 2, 2, 0, 0, 0, 1, 0, 0, 2, 0, 0, 1, 0, 0, 1, 0, 0, 3, 0, 0, 1, 0, 3, 0, 0, 1, 0, 2, 0, 0, 2, 1, 0, 0, 0, 0, 1, 0, 0],850.9632869082183,52431.02217786142,105346.60403335126,false
31,G2_TEC,G2_TEC,[31, 22, 82, 15, 26, 9, 95, 42, 77, 68, 47, 5, 93, 78, 86, 54, 85, 63, 18, 44, 20, 49, 36, 14, 74, 50, 53, 17, 21, 28, 11, 64, 3, 23, 30, 83, 24, 41, 40, 52, 65, 27, 90, 70, 39, 87, 48, 69, 99, 4, 46, 1, 13, 58, 97, 59, 45, 8, 73, 37, 35, 79, 71, 66, 76, 32, 60, 80, 96, 6, 16, 61, 33, 7, 57, 34, 12, 67, 10, 98, 56, 88, 43, 75, 91, 38, 84, 92, 29, 19, 51, 55, 72, 2, 89, 81, 94, 25, 62, 0]|[2, 1, 2, 1, 1, 2, 1, 1, 1, 1, 1, 0, 2, 2, 1, 2, 0, 0, 0, 2, 2, 1, 0, 2, 0, 2, 2, 1, 0, 1, 1, 1, 0, 0, 1, 0, 2, 1, 2, 2, 0, 0, 1, 1, 0, 2, 0, 2, 1, 0, 0, 2, 0, 0, 2, 0, 1, 1, 0, 0, 2, 1, 1, 1, 2, 0, 2, 2, 0, 1, 2, 1, 1, 2, 0, 1, 2, 1, 1, 2, 2, 1, 1, 0, 1, 0, 0, 0, 1, 1, 1, 0, 1, 2, 1, 1, 2, 1, 1, 0]|[0, 3, 0, 3, 4, 1, 4, 4, 2, 4, 3, 2, 1, 0, 2, 1, 1, 1, 2, 1, 1, 3, 0, 1, 0, 1, 1, 4, 1, 4, 3, 2, 2, 0, 4, 1, 1, 4, 1, 1, 2, 1, 4, 4, 1, 1, 0, 2, 3, 2, 2, 1, 2, 1, 1, 2, 4, 3, 0, 2, 2, 3, 3, 1, 1, 2, 1, 1, 2, 4, 1, 3, 4, 1, 2, 4, 1, 3, 3, 1, 1, 4, 4, 2, 3, 2, 2, 2, 3, 4, 3, 2, 4, 1, 4, 4, 1, 4, 3, 2]|[0, 2, 0, 0, 3, 0, 1, 3, 0, 0, 2, 0, 1, 0, 1, 0, 0, 0, 1, 0, 0, 2, 0, 0, 1, 0, 0, 3, 0, 1, 0, 2, 0, 0, 3, 0, 1, 1, 0, 0, 0, 0, 1, 3, 0, 0, 1, 0, 2, 0, 0, 0, 0, 0, 1, 0, 1, 0, 1, 1, 0, 2, 0, 2, 0, 0, 0, 0, 0, 2, 0, 0, 1, 0, 0, 1, 0, 0, 3, 0, 0, 1, 2, 0, 0, 0, 0, 0, 3, 1, 0, 0, 1, 0, 1, 2, 0, 3, 0, 0],882.9438068981488,49709.36040320535,107083.76232860672,false
31,G3_TWC,G3_TWC,[31, 22, 82, 15, 26, 58, 95, 42, 77, 12, 47, 5, 93, 78, 98, 54, 85, 63, 18, 44, 20, 35, 43, 97, 91, 76, 10, 30, 21, 45, 71, 64, 1, 23, 17, 83, 24, 14, 60, 36, 6, 57, 94, 88, 65, 56, 79, 40, 67, 68, 46, 75, 38, 9, 19, 32, 81, 41, 27, 62, 87, 90, 99, 59, 11, 16, 72, 73, 70, 39, 37, 84, 3, 92, 25, 55, 28, 29, 51, 7, 33, 61, 86, 66, 89, 50, 48, 96, 53, 8, 4, 80, 34, 49, 52, 0, 13, 2, 69, 74]|[1, 1, 0, 1, 1, 1, 2, 1, 2, 1, 2, 2, 2, 1, 1, 0, 0, 1, 0, 2, 2, 0, 1, 2, 0, 1, 2, 2, 0, 0, 1, 2, 1, 2, 1, 0, 2, 0, 1, 1, 0, 1, 1, 1, 0, 2, 1, 1, 0, 0, 0, 0, 1, 1, 2, 1, 2, 0, 0, 0, 2, 1, 0, 1, 2, 1, 2, 1, 1, 1, 1, 1, 2, 0, 1, 1, 0, 0, 0, 1, 2, 1, 0, 2, 1, 0, 0, 0, 0, 1, 0, 0, 2, 0, 1, 0, 0, 0, 1, 2]|[4, 3, 2, 2, 0, 0, 2, 2, 2, 4, 1, 1, 2, 4, 4, 1, 1, 4, 2, 1, 1, 1, 1, 2, 1, 2, 1, 1, 1, 1, 3, 2, 3, 0, 4, 0, 1, 1, 0, 3, 2, 2, 4, 0, 1, 1, 0, 2, 0, 1, 2, 2, 1, 4, 0, 3, 2, 1, 1, 2, 1, 3, 1, 1, 1, 3, 0, 4, 3, 1, 4, 1, 1, 2, 4, 4, 2, 1, 1, 3, 1, 3, 1, 1, 1, 1, 1, 1, 2, 3, 2, 1, 1, 1, 1, 2, 2, 2, 3, 1]|[0, 2, 1, 1, 3, 3, 0, 1, 0, 0, 0, 0, 1, 0, 1, 0, 0, 3, 1, 0, 0, 0, 3, 1, 0, 2, 0, 0, 0, 1, 0, 0, 0, 0, 3, 0, 1, 0, 0, 2, 1, 1, 2, 0, 0, 0, 0, 1, 1, 0, 0, 0, 1, 3, 0, 0, 1, 0, 0, 1, 0, 2, 0, 1, 0, 2, 1, 0, 0, 1, 1, 3, 0, 1, 3, 3, 1, 0, 0, 2, 0, 0, 0, 0, 1, 0, 0, 0, 1, 2, 1, 0, 0, 1, 1, 0, 0, 0, 0, 0],790.0808266764368,57926.0831962336,89131.00769295532,false
31,G1_CMAX,G1_CMAX,[31, 22, 82, 15, 26, 99, 95, 42, 77, 12, 47, 5, 93, 78, 86, 54, 21, 63, 18, 44, 20, 35, 43, 97, 91, 76, 10, 30, 85, 45, 71, 64, 1, 23, 17, 83, 24, 14, 60, 36, 6, 57, 40, 88, 65, 56, 79, 94, 67, 68, 46, 75, 38, 9, 19, 32, 41, 81, 27, 87, 90, 58, 59, 11, 16, 72, 73, 70, 39, 37, 84, 3, 92, 25, 55, 48, 62, 29, 51, 96, 33, 61, 98, 28, 89, 50, 4, 7, 53, 80, 52, 66, 34, 49, 8, 0, 74, 69, 2, 13]|[1, 1, 0, 1, 1, 0, 1, 1, 2, 1, 2, 2, 2, 1, 1, 0, 0, 1, 0, 2, 2, 0, 1, 2, 0, 1, 2, 2, 0, 0, 1, 2, 1, 2, 1, 0, 2, 0, 1, 1, 0, 1, 1, 1, 0, 2, 1, 1, 0, 0, 0, 0, 1, 1, 2, 1, 0, 2, 0, 2, 1, 0, 1, 2, 1, 2, 1, 1, 1, 1, 1, 1, 0, 1, 2, 0, 0, 0, 0, 2, 2, 1, 2, 0, 1, 0, 1, 2, 0, 0, 1, 2, 2, 0, 1, 0, 2, 1, 0, 0]|[0, 3, 2, 2, 4, 1, 2, 3, 2, 4, 1, 1, 2, 4, 4, 1, 1, 4, 2, 1, 1, 1, 1, 2, 1, 2, 1, 1, 2, 1, 3, 2, 3, 1, 4, 0, 1, 1, 0, 3, 2, 2, 2, 0, 1, 1, 0, 4, 0, 1, 2, 2, 1, 4, 0, 3, 1, 1, 1, 1, 3, 1, 1, 1, 3, 0, 4, 3, 1, 4, 1, 1, 0, 4, 1, 1, 2, 1, 1, 1, 1, 3, 1, 2, 1, 1, 4, 1, 2, 1, 1, 1, 1, 1, 3, 2, 1, 4, 2, 2]|[0, 2, 1, 1, 3, 0, 1, 3, 0, 0, 0, 0, 1, 0, 1, 0, 0, 3, 1, 0, 0, 0, 3, 1, 0, 2, 0, 0, 0, 1, 0, 0, 0, 0, 3, 0, 1, 0, 0, 2, 1, 1, 1, 0, 0, 0, 0, 2, 1, 0, 0, 0, 1, 3, 0, 0, 0, 0, 0, 0, 2, 0, 1, 0, 2, 1, 0, 0, 1, 1, 3, 1, 1, 3, 0, 0, 1, 0, 0, 0, 0, 0, 0, 1, 1, 0, 0, 0, 1, 0, 1, 0, 0, 1, 2, 0, 0, 2, 0, 0],731.2476204416437,56784.74762275103,92889.2977037672,false
31,G4_BALANCED,G4_BALANCED,[31, 11, 15, 82, 26, 9, 95, 32, 77, 68, 47, 5, 93, 78, 86, 54, 85, 63, 18, 44, 20, 49, 36, 14, 74, 50, 53, 17, 21, 45, 71, 64, 3, 23, 30, 83, 24, 41, 60, 52, 51, 27, 90, 70, 39, 87, 48, 69, 99, 4, 46, 1, 13, 58, 97, 59, 28, 8, 73, 37, 35, 79, 22, 66, 76, 42, 40, 80, 96, 6, 16, 61, 33, 7, 57, 34, 12, 67, 10, 98, 56, 88, 29, 25, 91, 38, 19, 92, 43, 84, 65, 72, 81, 75, 2, 55, 62, 89, 94, 0]|[2, 1, 1, 2, 1, 2, 1, 1, 1, 1, 1, 0, 2, 2, 1, 2, 0, 0, 0, 2, 2, 1, 0, 2, 0, 2, 2, 1, 0, 1, 1, 1, 0, 0, 1, 0, 2, 1, 2, 2, 0, 0, 1, 1, 0, 2, 0, 2, 1, 0, 0, 2, 0, 0, 2, 0, 1, 1, 0, 0, 2, 1, 1, 2, 2, 0, 2, 2, 0, 1, 2, 1, 1, 2, 0, 1, 2, 1, 1, 2, 2, 1, 1, 1, 1, 0, 1, 0, 1, 0, 1, 1, 1, 0, 2, 0, 1, 1, 2, 0]|[1, 3, 2, 0, 4, 1, 4, 4, 2, 4, 3, 2, 1, 0, 2, 1, 1, 1, 2, 1, 1, 3, 0, 1, 0, 1, 1, 4, 1, 4, 3, 2, 2, 0, 4, 1, 1, 4, 0, 1, 2, 1, 4, 4, 1, 1, 0, 2, 3, 1, 2, 1, 2, 1, 1, 2, 4, 3, 0, 2, 2, 3, 3, 0, 1, 2, 0, 1, 2, 4, 1, 3, 4, 1, 2, 4, 1, 3, 3, 1, 1, 4, 3, 4, 3, 2, 4, 2, 4, 2, 3, 4, 1, 2, 1, 2, 3, 4, 1, 2]|[1, 2, 1, 0, 3, 0, 1, 3, 0, 0, 2, 0, 1, 0, 1, 0, 0, 0, 1, 0, 0, 2, 0, 0, 1, 0, 0, 3, 0, 1, 0, 2, 0, 1, 3, 0, 1, 3, 1, 0, 0, 0, 1, 3, 0, 0, 1, 0, 2, 0, 0, 0, 0, 0, 1, 0, 1, 0, 1, 1, 0, 2, 2, 0, 0, 0, 1, 0, 0, 2, 0, 0, 1, 0, 0, 1, 0, 0, 3, 0, 0, 1, 0, 3, 0, 0, 1, 0, 2, 0, 0, 2, 1, 0, 0, 0, 0, 1, 0, 0],850.9632869082183,52431.02217786142,105346.60403335126,false
31,G2_TEC,G2_TEC,[31, 22, 82, 15, 26, 9, 95, 42, 77, 68, 47, 5, 93, 78, 86, 54, 85, 63, 18, 44, 20, 49, 36, 14, 74, 50, 53, 17, 21, 28, 11, 64, 3, 23, 30, 83, 24, 41, 40, 52, 65, 27, 90, 70, 39, 87, 48, 69, 99, 4, 46, 1, 13, 58, 97, 59, 45, 8, 73, 37, 35, 79, 71, 66, 76, 32, 60, 80, 96, 6, 16, 61, 33, 7, 57, 34, 12, 67, 10, 98, 56, 88, 43, 75, 91, 38, 84, 92, 29, 19, 51, 55, 72, 89, 62, 81, 94, 25, 2, 0]|[2, 1, 2, 1, 1, 2, 1, 1, 1, 1, 1, 0, 2, 2, 1, 2, 0, 0, 0, 2, 2, 1, 0, 2, 0, 2, 2, 1, 0, 1, 1, 1, 0, 0, 1, 0, 2, 1, 2, 2, 0, 0, 1, 1, 0, 2, 0, 2, 1, 0, 0, 2, 0, 0, 2, 0, 1, 1, 0, 0, 2, 1, 1, 1, 2, 0, 2, 2, 0, 1, 2, 1, 1, 2, 0, 1, 2, 1, 1, 2, 2, 1, 1, 0, 1, 0, 0, 0, 1, 1, 1, 0, 1, 1, 1, 1, 2, 1, 2, 0]|[0, 3, 0, 3, 4, 1, 4, 4, 2, 4, 3, 2, 1, 0, 2, 1, 1, 1, 2, 1, 1, 3, 0, 1, 0, 1, 1, 4, 1, 4, 3, 2, 2, 0, 4, 1, 1, 4, 1, 1, 2, 1, 4, 4, 1, 1, 0, 2, 3, 2, 2, 1, 2, 1, 1, 2, 4, 3, 0, 2, 2, 3, 3, 1, 1, 2, 1, 1, 2, 4, 1, 3, 4, 1, 2, 4, 1, 3, 3, 1, 1, 4, 4, 2, 3, 2, 2, 2, 3, 4, 3, 2, 4, 4, 3, 4, 1, 4, 1, 2]|[0, 2, 0, 0, 3, 0, 1, 3, 0, 0, 2, 0, 1, 0, 1, 0, 0, 0, 1, 0, 0, 2, 0, 0, 1, 0, 0, 3, 0, 1, 0, 2, 0, 0, 3, 0, 1, 1, 0, 0, 0, 0, 1, 3, 0, 0, 1, 0, 2, 0, 0, 0, 0, 0, 1, 0, 1, 0, 1, 1, 0, 2, 0, 2, 0, 0, 0, 0, 0, 2, 0, 0, 1, 0, 0, 1, 0, 0, 3, 0, 0, 1, 2, 0, 0, 0, 0, 0, 3, 1, 0, 0, 1, 1, 0, 2, 0, 3, 0, 0],882.9438068981488,49705.27197833951,107068.62555923434,false
31,G3_TWC,G3_TWC,[31, 22, 82, 15, 26, 58, 95, 42, 77, 12, 47, 5, 93, 78, 98, 54, 85, 63, 18, 44, 20, 35, 43, 97, 91, 76, 10, 30, 21, 45, 71, 64, 1, 23, 17, 83, 24, 14, 60, 36, 6, 57, 94, 88, 65, 56, 79, 40, 67, 68, 46, 75, 38, 9, 19, 32, 81, 41, 27, 62, 87, 90, 99, 59, 11, 16, 72, 73, 70, 39, 37, 84, 3, 92, 25, 55, 28, 29, 51, 7, 33, 61, 86, 66, 89, 50, 48, 96, 53, 8, 4, 80, 34, 49, 52, 0, 13, 2, 69, 74]|[1, 1, 0, 1, 1, 1, 2, 1, 2, 1, 2, 2, 2, 1, 1, 0, 0, 1, 0, 2, 2, 0, 1, 2, 0, 1, 2, 2, 0, 0, 1, 2, 1, 2, 1, 0, 2, 0, 1, 1, 0, 1, 1, 1, 0, 2, 1, 1, 0, 0, 0, 0, 1, 1, 2, 1, 2, 0, 0, 0, 2, 1, 0, 1, 2, 1, 2, 1, 1, 1, 1, 1, 2, 0, 1, 1, 0, 0, 0, 1, 2, 1, 0, 2, 1, 0, 0, 0, 0, 1, 0, 0, 2, 0, 1, 0, 0, 0, 1, 2]|[4, 3, 2, 2, 0, 0, 2, 2, 2, 4, 1, 1, 2, 4, 4, 1, 1, 4, 2, 1, 1, 1, 1, 2, 1, 2, 1, 1, 1, 1, 3, 2, 3, 0, 4, 0, 1, 1, 0, 3, 2, 2, 4, 0, 1, 1, 0, 2, 0, 1, 2, 2, 1, 4, 0, 3, 2, 1, 1, 2, 1, 3, 1, 1, 1, 3, 0, 4, 3, 1, 4, 1, 1, 2, 4, 4, 2, 1, 1, 3, 1, 3, 1, 1, 1, 1, 1, 1, 2, 3, 2, 1, 1, 1, 1, 2, 2, 2, 3, 1]|[0, 2, 1, 1, 3, 3, 0, 1, 0, 0, 0, 0, 1, 0, 1, 0, 0, 3, 1, 0, 0, 0, 3, 1, 0, 2, 0, 0, 0, 1, 0, 0, 0, 0, 3, 0, 1, 0, 0, 2, 1, 1, 2, 0, 0, 0, 0, 1, 1, 0, 0, 0, 1, 3, 0, 0, 1, 0, 0, 1, 0, 2, 0, 1, 0, 2, 1, 0, 0, 1, 1, 3, 0, 1, 3, 3, 1, 0, 0, 2, 0, 0, 0, 0, 1, 0, 0, 0, 1, 2, 1, 0, 0, 1, 1, 0, 0, 0, 0, 0],790.0808266764368,57926.0831962336,89131.00769295532,false
31,G1_CMAX,G1_CMAX,[31, 22, 82, 15, 26, 99, 95, 42, 77, 12, 47, 5, 93, 78, 86, 54, 21, 63, 18, 44, 20, 35, 43, 97, 91, 76, 10, 30, 85, 45, 71, 64, 1, 23, 17, 83, 24, 14, 60, 36, 6, 57, 40, 88, 65, 56, 79, 94, 67, 68, 46, 75, 38, 9, 19, 32, 41, 81, 27, 87, 90, 58, 59, 11, 16, 72, 73, 70, 39, 37, 84, 3, 92, 25, 55, 48, 62, 29, 51, 96, 33, 61, 98, 28, 89, 50, 4, 7, 53, 80, 52, 66, 34, 49, 8, 0, 74, 69, 2, 13]|[1, 1, 0, 1, 1, 0, 1, 1, 2, 1, 2, 2, 2, 1, 1, 0, 0, 1, 0, 2, 2, 0, 1, 2, 0, 1, 2, 2, 0, 0, 1, 2, 1, 2, 1, 0, 2, 0, 1, 1, 0, 1, 1, 1, 0, 2, 1, 1, 0, 0, 0, 0, 1, 1, 2, 1, 0, 2, 0, 2, 1, 0, 1, 2, 1, 2, 1, 1, 1, 1, 1, 1, 0, 1, 2, 0, 0, 0, 0, 2, 2, 1, 2, 0, 1, 0, 1, 2, 0, 0, 1, 2, 2, 0, 1, 0, 2, 1, 0, 0]|[0, 3, 2, 2, 4, 1, 2, 3, 2, 4, 1, 1, 2, 4, 4, 1, 1, 4, 2, 1, 1, 1, 1, 2, 1, 2, 1, 1, 2, 1, 3, 2, 3, 1, 4, 0, 1, 1, 0, 3, 2, 2, 2, 0, 1, 1, 0, 4, 0, 1, 2, 2, 1, 4, 0, 3, 1, 1, 1, 1, 3, 1, 1, 1, 3, 0, 4, 3, 1, 4, 1, 1, 0, 4, 1, 1, 2, 1, 1, 1, 1, 3, 1, 2, 1, 1, 4, 1, 2, 1, 1, 1, 1, 1, 3, 2, 1, 4, 2, 2]|[0, 2, 1, 1, 3, 0, 1, 3, 0, 0, 0, 0, 1, 0, 1, 0, 0, 3, 1, 0, 0, 0, 3, 1, 0, 2, 0, 0, 0, 1, 0, 0, 0, 0, 3, 0, 1, 0, 0, 2, 1, 1, 1, 0, 0, 0, 0, 2, 1, 0, 0, 0, 1, 3, 0, 0, 0, 0, 0, 0, 2, 0, 1, 0, 2, 1, 0, 0, 1, 1, 3, 1, 1, 3, 0, 0, 1, 0, 0, 0, 0, 0, 0, 1, 1, 0, 0, 0, 1, 0, 1, 0, 0, 1, 2, 0, 0, 2, 0, 0],731.2476204416437,56784.74762275103,92889.2977037672,false
31,G4_BALANCED,G4_BALANCED,[31, 11, 15, 82, 26, 9, 95, 32, 77, 68, 47, 5, 93, 78, 86, 54, 85, 63, 18, 44, 20, 49, 36, 14, 74, 50, 53, 17, 21, 45, 71, 64, 3, 23, 30, 83, 24, 41, 60, 52, 51, 27, 90, 70, 39, 87, 48, 69, 99, 4, 46, 1, 13, 58, 97, 59, 28, 8, 73, 37, 35, 79, 22, 66, 76, 42, 40, 80, 96, 6, 16, 61, 33, 7, 57, 34, 12, 67, 10, 98, 56, 88, 29, 25, 91, 38, 19, 92, 43, 84, 65, 72, 81, 75, 2, 55, 62, 89, 94, 0]|[2, 1, 1, 2, 1, 2, 1, 1, 1, 1, 1, 0, 2, 2, 1, 2, 0, 0, 0, 2, 2, 1, 0, 2, 0, 2, 2, 1, 0, 1, 1, 1, 0, 0, 1, 0, 2, 1, 2, 2, 0, 0, 1, 1, 0, 2, 0, 2, 1, 0, 0, 2, 0, 0, 2, 0, 1, 1, 0, 0, 2, 1, 1, 2, 2, 0, 2, 2, 0, 1, 2, 1, 1, 2, 0, 1, 2, 1, 1, 2, 2, 1, 1, 1, 1, 0, 1, 0, 1, 0, 1, 1, 1, 0, 2, 0, 1, 1, 2, 0]|[1, 3, 2, 0, 4, 1, 4, 4, 2, 4, 3, 2, 1, 0, 2, 1, 1, 1, 2, 1, 1, 3, 0, 1, 0, 1, 1, 4, 1, 4, 3, 2, 2, 0, 4, 1, 1, 4, 0, 1, 2, 1, 4, 4, 1, 1, 0, 2, 3, 1, 2, 1, 2, 1, 1, 2, 4, 3, 0, 2, 2, 3, 3, 0, 1, 2, 0, 1, 2, 4, 1, 3, 4, 1, 2, 4, 1, 3, 3, 1, 1, 4, 3, 4, 3, 2, 4, 2, 4, 2, 3, 4, 1, 2, 1, 2, 3, 4, 1, 2]|[1, 2, 1, 0, 3, 0, 1, 3, 0, 0, 2, 0, 1, 0, 1, 0, 0, 0, 1, 0, 0, 2, 0, 0, 1, 0, 0, 3, 0, 1, 0, 2, 0, 1, 3, 0, 1, 3, 1, 0, 0, 0, 1, 3, 0, 0, 1, 0, 2, 0, 0, 0, 0, 0, 1, 0, 1, 0, 1, 1, 0, 2, 2, 0, 0, 0, 1, 0, 0, 2, 0, 0, 1, 0, 0, 1, 0, 0, 3, 0, 0, 1, 0, 3, 0, 0, 1, 0, 2, 0, 0, 2, 1, 0, 0, 0, 0, 1, 0, 0],850.9632869082183,52431.02217786142,105346.60403335126,false
31,G2_TEC,G2_TEC,[31, 22, 82, 15, 26, 9, 95, 42, 77, 68, 47, 5, 93, 78, 86, 54, 85, 63, 18, 44, 20, 49, 36, 14, 74, 50, 53, 17, 21, 28, 11, 64, 3, 23, 30, 83, 24, 41, 40, 52, 65, 27, 90, 70, 39, 87, 48, 69, 99, 4, 46, 1, 13, 58, 97, 59, 45, 8, 73, 37, 35, 79, 71, 66, 76, 32, 60, 80, 96, 6, 16, 61, 33, 7, 57, 34, 12, 67, 10, 98, 56, 88, 43, 75, 91, 38, 84, 92, 29, 19, 51, 55, 72, 89, 62, 81, 94, 25, 2, 0]|[2, 1, 2, 1, 1, 2, 1, 1, 1, 1, 1, 0, 2, 2, 1, 2, 0, 0, 0, 2, 2, 1, 0, 2, 0, 2, 2, 1, 0, 1, 1, 1, 0, 0, 1, 0, 2, 1, 2, 2, 0, 0, 1, 1, 0, 2, 0, 2, 1, 0, 0, 2, 0, 0, 2, 0, 1, 1, 0, 0, 2, 1, 1, 1, 2, 0, 2, 2, 0, 1, 2, 1, 1, 2, 0, 1, 2, 1, 1, 2, 2, 1, 1, 0, 1, 0, 0, 0, 1, 1, 1, 0, 1, 1, 1, 1, 2, 1, 2, 0]|[0, 3, 0, 3, 4, 1, 4, 4, 2, 4, 3, 2, 1, 0, 2, 1, 1, 1, 2, 1, 1, 3, 0, 1, 0, 1, 1, 4, 1, 4, 3, 2, 2, 0, 4, 1, 1, 4, 1, 1, 2, 1, 4, 4, 1, 1, 0, 2, 3, 2, 2, 1, 2, 1, 1, 2, 4, 3, 0, 2, 2, 3, 3, 1, 1, 2, 1, 1, 2, 4, 1, 3, 4, 1, 2, 4, 1, 3, 3, 1, 1, 4, 4, 2, 3, 2, 2, 2, 3, 4, 3, 2, 4, 4, 3, 4, 1, 4, 1, 2]|[0, 2, 0, 0, 3, 0, 1, 3, 0, 0, 2, 0, 1, 0, 1, 0, 0, 0, 1, 0, 0, 2, 0, 0, 1, 0, 0, 3, 0, 1, 0, 2, 0, 0, 3, 0, 1, 1, 0, 0, 0, 0, 1, 3, 0, 0, 1, 0, 2, 0, 0, 0, 0, 0, 1, 0, 1, 0, 1, 1, 0, 2, 0, 2, 0, 0, 0, 0, 0, 2, 0, 0, 1, 0, 0, 1, 0, 0, 3, 0, 0, 1, 2, 0, 0, 0, 0, 0, 3, 1, 0, 0, 1, 1, 0, 2, 0, 3, 0, 0],882.9438068981488,49705.27197833951,107068.62555923434,false
31,G3_TWC,G3_TWC,[31, 22, 82, 15, 26, 58, 95, 42, 77, 12, 47, 5, 93, 78, 98, 54, 85, 63, 18, 44, 20, 35, 43, 97, 91, 76, 10, 30, 21, 45, 71, 64, 1, 23, 17, 83, 24, 14, 60, 36, 6, 57, 94, 88, 65, 56, 79, 40, 67, 68, 46, 75, 38, 9, 19, 32, 81, 41, 27, 62, 87, 90, 99, 59, 11, 16, 72, 73, 70, 39, 37, 84, 3, 92, 25, 55, 28, 29, 51, 7, 33, 61, 86, 66, 89, 50, 48, 96, 53, 8, 4, 80, 34, 49, 52, 0, 13, 2, 69, 74]|[1, 1, 0, 1, 1, 1, 2, 1, 2, 1, 2, 2, 2, 1, 1, 0, 0, 1, 0, 2, 2, 0, 1, 2, 0, 1, 2, 2, 0, 0, 1, 2, 1, 2, 1, 0, 2, 0, 1, 1, 0, 1, 1, 1, 0, 2, 1, 1, 0, 0, 0, 0, 1, 1, 2, 1, 2, 0, 0, 0, 2, 1, 0, 1, 2, 1, 2, 1, 1, 1, 1, 1, 2, 0, 1, 1, 0, 0, 0, 1, 2, 1, 0, 2, 1, 0, 0, 0, 0, 1, 0, 0, 2, 0, 1, 0, 0, 0, 1, 2]|[4, 3, 2, 2, 0, 0, 2, 2, 2, 4, 1, 1, 2, 4, 4, 1, 1, 4, 2, 1, 1, 1, 1, 2, 1, 2, 1, 1, 1, 1, 3, 2, 3, 0, 4, 0, 1, 1, 0, 3, 2, 2, 4, 0, 1, 1, 0, 2, 0, 1, 2, 2, 1, 4, 0, 3, 2, 1, 1, 2, 1, 3, 1, 1, 1, 3, 0, 4, 3, 1, 4, 1, 1, 2, 4, 4, 2, 1, 1, 3, 1, 3, 1, 1, 1, 1, 1, 1, 2, 3, 2, 1, 1, 1, 1, 2, 2, 2, 3, 1]|[0, 2, 1, 1, 3, 3, 0, 1, 0, 0, 0, 0, 1, 0, 1, 0, 0, 3, 1, 0, 0, 0, 3, 1, 0, 2, 0, 0, 0, 1, 0, 0, 0, 0, 3, 0, 1, 0, 0, 2, 1, 1, 2, 0, 0, 0, 0, 1, 1, 0, 0, 0, 1, 3, 0, 0, 1, 0, 0, 1, 0, 2, 0, 1, 0, 2, 1, 0, 0, 1, 1, 3, 0, 1, 3, 3, 1, 0, 0, 2, 0, 0, 0, 0, 1, 0, 0, 0, 1, 2, 1, 0, 0, 1, 1, 0, 0, 0, 0, 0],790.0808266764368,57926.0831962336,89131.00769295532,false
31,G1_CMAX,G1_CMAX,[31, 22, 82, 15, 26, 99, 95, 42, 77, 12, 47, 5, 93, 78, 86, 54, 21, 63, 18, 44, 20, 35, 43, 97, 91, 76, 10, 30, 85, 45, 71, 64, 1, 23, 17, 83, 24, 14, 60, 36, 6, 57, 40, 88, 65, 56, 79, 94, 67, 68, 46, 75, 38, 9, 19, 32, 41, 81, 27, 87, 90, 58, 59, 11, 16, 72, 73, 70, 39, 37, 84, 3, 92, 25, 55, 48, 62, 29, 51, 96, 33, 61, 98, 28, 89, 50, 4, 7, 53, 80, 52, 66, 34, 49, 8, 0, 74, 69, 2, 13]|[1, 1, 0, 1, 1, 0, 1, 1, 2, 1, 2, 2, 2, 1, 1, 0, 0, 1, 0, 2, 2, 0, 1, 2, 0, 1, 2, 2, 0, 0, 1, 2, 1, 2, 1, 0, 2, 0, 1, 1, 0, 1, 1, 1, 0, 2, 1, 1, 0, 0, 0, 0, 1, 1, 2, 1, 0, 2, 0, 2, 1, 0, 1, 2, 1, 2, 1, 1, 1, 1, 1, 1, 0, 1, 2, 0, 0, 0, 0, 2, 2, 1, 2, 0, 1, 0, 1, 2, 0, 0, 1, 2, 2, 0, 1, 0, 2, 1, 0, 0]|[0, 3, 2, 2, 4, 1, 2, 3, 2, 4, 1, 1, 2, 4, 4, 1, 1, 4, 2, 1, 1, 1, 1, 2, 1, 2, 1, 1, 2, 1, 3, 2, 3, 1, 4, 0, 1, 1, 0, 3, 2, 2, 2, 0, 1, 1, 0, 4, 0, 1, 2, 2, 1, 4, 0, 3, 1, 1, 1, 1, 3, 1, 1, 1, 3, 0, 4, 3, 1, 4, 1, 1, 0, 4, 1, 1, 2, 1, 1, 1, 1, 3, 1, 2, 1, 1, 4, 1, 2, 1, 1, 1, 1, 1, 3, 2, 1, 4, 2, 2]|[0, 2, 1, 1, 3, 0, 1, 3, 0, 0, 0, 0, 1, 0, 1, 0, 0, 3, 1, 0, 0, 0, 3, 1, 0, 2, 0, 0, 0, 1, 0, 0, 0, 0, 3, 0, 1, 0, 0, 2, 1, 1, 1, 0, 0, 0, 0, 2, 1, 0, 0, 0, 1, 3, 0, 0, 0, 0, 0, 0, 2, 0, 1, 0, 2, 1, 0, 0, 1, 1, 3, 1, 1, 3, 0, 0, 1, 0, 0, 0, 0, 0, 0, 1, 1, 0, 0, 0, 1, 0, 1, 0, 0, 1, 2, 0, 0, 2, 0, 0],731.2476204416437,56784.74762275103,92889.2977037672,false
31,G4_BALANCED,G4_BALANCED,[31, 11, 15, 82, 26, 9, 95, 32, 77, 68, 47, 5, 93, 78, 86, 54, 85, 63, 18, 44, 20, 49, 36, 14, 74, 50, 53, 17, 21, 45, 71, 64, 3, 23, 30, 83, 24, 41, 60, 52, 51, 27, 90, 70, 39, 87, 48, 69, 99, 4, 46, 1, 13, 58, 97, 59, 28, 8, 73, 37, 35, 79, 22, 66, 76, 42, 40, 80, 96, 6, 16, 61, 33, 7, 57, 34, 12, 67, 10, 98, 56, 88, 29, 25, 91, 38, 19, 92, 43, 84, 65, 72, 81, 75, 2, 55, 62, 89, 94, 0]|[2, 1, 1, 2, 1, 2, 1, 1, 1, 1, 1, 0, 2, 2, 1, 2, 0, 0, 0, 2, 2, 1, 0, 2, 0, 2, 2, 1, 0, 1, 1, 1, 0, 0, 1, 0, 2, 1, 2, 2, 0, 0, 1, 1, 0, 2, 0, 2, 1, 0, 0, 2, 0, 0, 2, 0, 1, 1, 0, 0, 2, 1, 1, 2, 2, 0, 2, 2, 0, 1, 2, 1, 1, 2, 0, 1, 2, 1, 1, 2, 2, 1, 1, 1, 1, 0, 1, 0, 1, 0, 1, 1, 1, 0, 2, 0, 1, 1, 2, 0]|[1, 3, 2, 0, 4, 1, 4, 4, 2, 4, 3, 2, 1, 0, 2, 1, 1, 1, 2, 1, 1, 3, 0, 1, 0, 1, 1, 4, 1, 4, 3, 2, 2, 0, 4, 1, 1, 4, 0, 1, 2, 1, 4, 4, 1, 1, 0, 2, 3, 1, 2, 1, 2, 1, 1, 2, 4, 3, 0, 2, 2, 3, 3, 0, 1, 2, 0, 1, 2, 4, 1, 3, 4, 1, 2, 4, 1, 3, 3, 1, 1, 4, 3, 4, 3, 2, 4, 2, 4, 2, 3, 4, 1, 2, 1, 2, 3, 4, 1, 2]|[1, 2, 1, 0, 3, 0, 1, 3, 0, 0, 2, 0, 1, 0, 1, 0, 0, 0, 1, 0, 0, 2, 0, 0, 1, 0, 0, 3, 0, 1, 0, 2, 0, 1, 3, 0, 1, 3, 1, 0, 0, 0, 1, 3, 0, 0, 1, 0, 2, 0, 0, 0, 0, 0, 1, 0, 1, 0, 1, 1, 0, 2, 2, 0, 0, 0, 1, 0, 0, 2, 0, 0, 1, 0, 0, 1, 0, 0, 3, 0, 0, 1, 0, 3, 0, 0, 1, 0, 2, 0, 0, 2, 1, 0, 0, 0, 0, 1, 0, 0],850.9632869082183,52431.02217786142,105346.60403335126,false
31,G2_TEC,G2_TEC,[31, 22, 82, 15, 26, 9, 95, 42, 77, 68, 47, 5, 93, 78, 86, 54, 85, 63, 18, 44, 20, 49, 36, 14, 74, 50, 53, 17, 21, 28, 11, 64, 3, 23, 30, 83, 24, 41, 40, 52, 65, 27, 90, 70, 39, 87, 48, 69, 99, 4, 46, 1, 13, 58, 97, 59, 45, 8, 73, 37, 35, 79, 71, 66, 76, 32, 60, 80, 96, 6, 16, 61, 33, 7, 57, 34, 12, 67, 10, 98, 56, 88, 43, 75, 91, 38, 84, 92, 29, 19, 51, 55, 72, 89, 62, 81, 94, 25, 2, 0]|[2, 1, 2, 1, 1, 2, 1, 1, 1, 1, 1, 0, 2, 2, 1, 2, 0, 0, 0, 2, 2, 1, 0, 2, 0, 2, 2, 1, 0, 1, 1, 1, 0, 0, 1, 0, 2, 1, 2, 2, 0, 0, 1, 1, 0, 2, 0, 2, 1, 0, 0, 2, 0, 0, 2, 0, 1, 1, 0, 0, 2, 1, 1, 1, 2, 0, 2, 2, 0, 1, 2, 1, 1, 2, 0, 1, 2, 1, 1, 2, 2, 1, 1, 0, 1, 0, 0, 0, 1, 1, 1, 0, 1, 1, 1, 1, 2, 1, 2, 0]|[0, 3, 0, 3, 4, 1, 4, 4, 2, 4, 3, 2, 1, 0, 2, 1, 1, 1, 2, 1, 1, 3, 0, 1, 0, 1, 1, 4, 1, 4, 3, 2, 2, 0, 4, 1, 1, 4, 1, 1, 2, 1, 4, 4, 1, 1, 0, 2, 3, 2, 2, 1, 2, 1, 1, 2, 4, 3, 0, 2, 2, 3, 3, 1, 1, 2, 1, 1, 2, 4, 1, 3, 4, 1, 2, 4, 1, 3, 3, 1, 1, 4, 4, 2, 3, 2, 2, 2, 3, 4, 3, 2, 4, 4, 3, 4, 1, 4, 1, 2]|[0, 2, 0, 0, 3, 0, 1, 3, 0, 0, 2, 0, 1, 0, 1, 0, 0, 0, 1, 0, 0, 2, 0, 0, 1, 0, 0, 3, 0, 1, 0, 2, 0, 0, 3, 0, 1, 1, 0, 0, 0, 0, 1, 3, 0, 0, 1, 0, 2, 0, 0, 0, 0, 0, 1, 0, 1, 0, 1, 1, 0, 2, 0, 2, 0, 0, 0, 0, 0, 2, 0, 0, 1, 0, 0, 1, 0, 0, 3, 0, 0, 1, 2, 0, 0, 0, 0, 0, 3, 1, 0, 0, 1, 1, 0, 2, 0, 3, 0, 0],882.9438068981488,49705.27197833951,107068.62555923434,false
31,G3_TWC,G3_TWC,[31, 22, 82, 15, 26, 58, 95, 42, 77, 12, 47, 5, 93, 78, 98, 54, 85, 63, 18, 44, 20, 35, 43, 97, 91, 76, 10, 30, 21, 45, 71, 64, 1, 23, 17, 83, 24, 14, 60, 36, 6, 57, 94, 88, 65, 56, 79, 40, 67, 68, 46, 75, 38, 9, 19, 32, 81, 41, 27, 62, 87, 90, 99, 59, 11, 16, 72, 73, 70, 39, 37, 84, 3, 92, 25, 55, 28, 29, 51, 7, 33, 61, 86, 66, 89, 50, 48, 96, 53, 8, 4, 80, 34, 49, 52, 0, 13, 2, 69, 74]|[1, 1, 0, 1, 1, 1, 2, 1, 2, 1, 2, 2, 2, 1, 1, 0, 0, 1, 0, 2, 2, 0, 1, 2, 0, 1, 2, 2, 0, 0, 1, 2, 1, 2, 1, 0, 2, 0, 1, 1, 0, 1, 1, 1, 0, 2, 1, 1, 0, 0, 0, 0, 1, 1, 2, 1, 2, 0, 0, 0, 2, 1, 0, 1, 2, 1, 2, 1, 1, 1, 1, 1, 2, 0, 1, 1, 0, 0, 0, 1, 2, 1, 0, 2, 1, 0, 0, 0, 0, 1, 0, 0, 2, 0, 1, 0, 0, 0, 1, 2]|[4, 3, 2, 2, 0, 0, 2, 2, 2, 4, 1, 1, 2, 4, 4, 1, 1, 4, 2, 1, 1, 1, 1, 2, 1, 2, 1, 1, 1, 1, 3, 2, 3, 0, 4, 0, 1, 1, 0, 3, 2, 2, 4, 0, 1, 1, 0, 2, 0, 1, 2, 2, 1, 4, 0, 3, 2, 1, 1, 2, 1, 3, 1, 1, 1, 3, 0, 4, 3, 1, 4, 1, 1, 2, 4, 4, 2, 1, 1, 3, 1, 3, 1, 1, 1, 1, 1, 1, 2, 3, 2, 1, 1, 1, 1, 2, 2, 2, 3, 1]|[0, 2, 1, 1, 3, 3, 0, 1, 0, 0, 0, 0, 1, 0, 1, 0, 0, 3, 1, 0, 0, 0, 3, 1, 0, 2, 0, 0, 0, 1, 0, 0, 0, 0, 3, 0, 1, 0, 0, 2, 1, 1, 2, 0, 0, 0, 0, 1, 1, 0, 0, 0, 1, 3, 0, 0, 1, 0, 0, 1, 0, 2, 0, 1, 0, 2, 1, 0, 0, 1, 1, 3, 0, 1, 3, 3, 1, 0, 0, 2, 0, 0, 0, 0, 1, 0, 0, 0, 1, 2, 1, 0, 0, 1, 1, 0, 0, 0, 0, 0],790.0808266764368,57926.0831962336,89131.00769295532,false
31,G1_CMAX,G1_CMAX,[31, 22, 82, 15, 26, 99, 95, 42, 77, 12, 47, 5, 93, 78, 86, 54, 21, 63, 18, 44, 20, 35, 43, 97, 91, 76, 10, 30, 85, 45, 71, 64, 1, 23, 17, 83, 24, 14, 60, 36, 6, 57, 40, 88, 65, 56, 79, 94, 67, 68, 46, 75, 38, 9, 19, 32, 41, 81, 27, 87, 90, 58, 59, 11, 16, 72, 73, 70, 39, 37, 84, 3, 92, 25, 55, 48, 62, 29, 51, 96, 33, 61, 98, 28, 89, 50, 4, 7, 53, 80, 52, 66, 34, 49, 8, 0, 74, 69, 2, 13]|[1, 1, 0, 1, 1, 0, 1, 1, 2, 1, 2, 2, 2, 1, 1, 0, 0, 1, 0, 2, 2, 0, 1, 2, 0, 1, 2, 2, 0, 0, 1, 2, 1, 2, 1, 0, 2, 0, 1, 1, 0, 1, 1, 1, 0, 2, 1, 1, 0, 0, 0, 0, 1, 1, 2, 1, 0, 2, 0, 2, 1, 0, 1, 2, 1, 2, 1, 1, 1, 1, 1, 1, 0, 1, 2, 0, 0, 0, 0, 2, 2, 1, 2, 0, 1, 0, 1, 2, 0, 0, 1, 2, 2, 0, 1, 0, 2, 1, 0, 0]|[0, 3, 2, 2, 4, 1, 2, 3, 2, 4, 1, 1, 2, 4, 4, 1, 1, 4, 2, 1, 1, 1, 1, 2, 1, 2, 1, 1, 2, 1, 3, 2, 3, 1, 4, 0, 1, 1, 0, 3, 2, 2, 2, 0, 1, 1, 0, 4, 0, 1, 2, 2, 1, 4, 0, 3, 1, 1, 1, 1, 3, 1, 1, 1, 3, 0, 4, 3, 1, 4, 1, 1, 0, 4, 1, 1, 2, 1, 1, 1, 1, 3, 1, 2, 1, 1, 4, 1, 2, 1, 1, 1, 1, 1, 3, 2, 1, 4, 2, 2]|[0, 2, 1, 1, 3, 0, 1, 3, 0, 0, 0, 0, 1, 0, 1, 0, 0, 3, 1, 0, 0, 0, 3, 1, 0, 2, 0, 0, 0, 1, 0, 0, 0, 0, 3, 0, 1, 0, 0, 2, 1, 1, 1, 0, 0, 0, 0, 2, 1, 0, 0, 0, 1, 3, 0, 0, 0, 0, 0, 0, 2, 0, 1, 0, 2, 1, 0, 0, 1, 1, 3, 1, 1, 3, 0, 0, 1, 0, 0, 0, 0, 0, 0, 1, 1, 0, 0, 0, 1, 0, 1, 0, 0, 1, 2, 0, 0, 2, 0, 0],731.2476204416437,56784.74762275103,92889.2977037672,false
31,G4_BALANCED,G4_BALANCED,[31, 11, 15, 82, 26, 9, 95, 32, 77, 68, 47, 5, 93, 78, 86, 54, 85, 63, 18, 44, 20, 49, 36, 14, 74, 50, 53, 17, 21, 45, 71, 64, 3, 23, 30, 83, 24, 41, 60, 52, 51, 27, 90, 70, 39, 87, 48, 69, 99, 4, 46, 1, 13, 58, 97, 59, 28, 8, 73, 37, 35, 79, 22, 66, 76, 42, 40, 80, 96, 6, 16, 61, 33, 7, 57, 34, 12, 67, 10, 98, 56, 88, 29, 25, 91, 38, 19, 92, 43, 84, 65, 72, 81, 75, 2, 55, 62, 89, 94, 0]|[2, 1, 1, 2, 1, 2, 1, 1, 1, 1, 1, 0, 2, 2, 1, 2, 0, 0, 0, 2, 2, 1, 0, 2, 0, 2, 2, 1, 0, 1, 1, 1, 0, 0, 1, 0, 2, 1, 2, 2, 0, 0, 1, 1, 0, 2, 0, 2, 1, 0, 0, 2, 0, 0, 2, 0, 1, 1, 0, 0, 2, 1, 1, 2, 2, 0, 2, 2, 0, 1, 2, 1, 1, 2, 0, 1, 2, 1, 1, 2, 2, 1, 1, 1, 1, 0, 1, 0, 1, 0, 1, 1, 1, 0, 2, 0, 1, 1, 2, 0]|[1, 3, 2, 0, 4, 1, 4, 4, 2, 4, 3, 2, 1, 0, 2, 1, 1, 1, 2, 1, 1, 3, 0, 1, 0, 1, 1, 4, 1, 4, 3, 2, 2, 0, 4, 1, 1, 4, 0, 1, 2, 1, 4, 4, 1, 1, 0, 2, 3, 1, 2, 1, 2, 1, 1, 2, 4, 3, 0, 2, 2, 3, 3, 0, 1, 2, 0, 1, 2, 4, 1, 3, 4, 1, 2, 4, 1, 3, 3, 1, 1, 4, 3, 4, 3, 2, 4, 2, 4, 2, 3, 4, 1, 2, 1, 2, 3, 4, 1, 2]|[1, 2, 1, 0, 3, 0, 1, 3, 0, 0, 2, 0, 1, 0, 1, 0, 0, 0, 1, 0, 0, 2, 0, 0, 1, 0, 0, 3, 0, 1, 0, 2, 0, 1, 3, 0, 1, 3, 1, 0, 0, 0, 1, 3, 0, 0, 1, 0, 2, 0, 0, 0, 0, 0, 1, 0, 1, 0, 1, 1, 0, 2, 2, 0, 0, 0, 1, 0, 0, 2, 0, 0, 1, 0, 0, 1, 0, 0, 3, 0, 0, 1, 0, 3, 0, 0, 1, 0, 2, 0, 0, 2, 1, 0, 0, 0, 0, 1, 0, 0],850.9632869082183,52431.02217786142,105346.60403335126,false
31,G2_TEC,G4_BALANCED,[31, 11, 15, 82, 26, 9, 95, 32, 77, 68, 47, 5, 93, 78, 86, 54, 85, 63, 18, 44, 20, 49, 36, 14, 74, 50, 53, 17, 21, 45, 71, 64, 3, 23, 30, 83, 24, 41, 60, 52, 65, 27, 90, 70, 39, 87, 48, 69, 99, 4, 46, 1, 13, 58, 97, 59, 28, 75, 73, 37, 35, 79, 22, 66, 76, 42, 40, 80, 96, 6, 16, 61, 33, 7, 57, 34, 12, 67, 10, 98, 56, 88, 29, 94, 91, 38, 19, 92, 43, 84, 62, 72, 81, 25, 2, 55, 8, 89, 51, 0]|[2, 1, 1, 2, 1, 2, 1, 1, 1, 1, 1, 0, 2, 2, 1, 2, 0, 0, 0, 2, 2, 1, 0, 2, 0, 2, 2, 1, 0, 1, 1, 1, 0, 0, 1, 0, 2, 1, 2, 2, 0, 0, 1, 1, 0, 2, 0, 2, 1, 0, 0, 2, 0, 0, 2, 0, 1, 0, 0, 0, 2, 1, 0, 2, 2, 0, 2, 2, 0, 1, 2, 1, 1, 2, 0, 1, 1, 1, 1, 2, 2, 1, 1, 2, 1, 0, 1, 0, 1, 0, 1, 1, 1, 1, 2, 0, 1, 1, 1, 0]|[1, 3, 2, 0, 4, 1, 4, 4, 2, 4, 3, 2, 1, 0, 2, 1, 1, 1, 2, 1, 1, 3, 0, 1, 0, 1, 1, 4, 1, 4, 3, 2, 2, 0, 4, 1, 1, 4, 0, 1, 2, 1, 4, 4, 1, 1, 0, 2, 3, 2, 2, 1, 2, 1, 1, 2, 4, 2, 0, 2, 2, 3, 1, 0, 1, 2, 0, 1, 2, 4, 1, 3, 4, 1, 2, 4, 3, 3, 3, 1, 1, 4, 3, 1, 3, 2, 4, 2, 4, 2, 3, 4, 1, 4, 1, 2, 3, 4, 3, 2]|[1, 2, 1, 0, 3, 0, 1, 3, 0, 0, 2, 0, 1, 0, 1, 0, 0, 0, 1, 0, 0, 2, 0, 0, 1, 0, 0, 3, 0, 1, 0, 2, 0, 1, 3, 0, 1, 3, 1, 0, 0, 0, 1, 3, 0, 0, 1, 0, 2, 0, 0, 0, 0, 0, 1, 0, 1, 0, 1, 1, 0, 2, 0, 0, 0, 0, 0, 0, 0, 2, 0, 0, 1, 0, 0, 1, 0, 0, 3, 0, 0, 1, 0, 0, 0, 0, 3, 0, 2, 0, 0, 2, 1, 3, 0, 0, 0, 1, 0, 0],842.584363225019,52352.15155925938,107294.36147715819,true
31,G3_TWC,G2_TEC,[31, 22, 82, 15, 26, 9, 95, 42, 77, 68, 47, 5, 93, 78, 86, 54, 85, 63, 18, 44, 20, 49, 36, 14, 74, 50, 53, 17, 21, 28, 11, 64, 3, 23, 30, 83, 24, 41, 60, 52, 65, 27, 90, 70, 39, 87, 48, 69, 99, 4, 46, 1, 13, 58, 97, 59, 45, 8, 73, 37, 35, 79, 71, 66, 76, 32, 40, 80, 96, 6, 16, 61, 33, 7, 57, 34, 12, 67, 10, 98, 56, 88, 43, 25, 91, 38, 84, 62, 29, 19, 51, 72, 89, 75, 2, 81, 94, 55, 92, 0]|[2, 1, 2, 1, 1, 2, 1, 1, 1, 1, 1, 0, 2, 2, 1, 2, 0, 0, 0, 2, 2, 1, 0, 2, 0, 2, 2, 1, 0, 1, 1, 1, 0, 0, 1, 0, 2, 1, 2, 2, 0, 0, 1, 1, 0, 2, 0, 2, 1, 0, 0, 2, 0, 2, 2, 0, 1, 1, 0, 0, 2, 1, 1, 1, 2, 0, 2, 2, 0, 1, 2, 1, 1, 2, 0, 1, 1, 1, 1, 2, 2, 1, 1, 0, 1, 0, 0, 0, 1, 1, 1, 1, 1, 1, 2, 1, 2, 0, 0, 0]|[0, 3, 0, 3, 4, 1, 4, 4, 2, 4, 3, 2, 1, 0, 2, 1, 1, 1, 2, 1, 1, 3, 0, 1, 0, 1, 1, 4, 1, 4, 3, 2, 2, 0, 4, 1, 1, 4, 1, 1, 2, 1, 4, 4, 1, 1, 0, 2, 3, 2, 2, 1, 2, 1, 1, 2, 4, 3, 0, 2, 2, 3, 3, 1, 1, 2, 1, 1, 2, 4, 1, 3, 4, 1, 2, 4, 3, 3, 3, 1, 1, 4, 4, 2, 3, 2, 2, 2, 3, 4, 3, 4, 4, 4, 1, 4, 1, 2, 2, 2]|[0, 2, 0, 0, 3, 0, 1, 3, 0, 0, 2, 0, 1, 0, 1, 0, 0, 0, 1, 0, 0, 2, 0, 0, 1, 0, 0, 3, 0, 1, 0, 2, 0, 0, 3, 0, 1, 1, 0, 0, 0, 0, 1, 3, 0, 0, 1, 0, 2, 0, 0, 0, 0, 0, 1, 0, 1, 0, 1, 1, 0, 2, 0, 2, 0, 0, 0, 0, 0, 2, 0, 0, 1, 0, 0, 1, 0, 0, 3, 0, 0, 1, 2, 0, 0, 0, 0, 0, 3, 1, 0, 1, 1, 3, 0, 1, 0, 0, 0, 0],886.2422755265419,49702.14480808688,106575.62532705996,true
31,G1_CMAX,G1_CMAX,[31, 22, 82, 15, 26, 99, 95, 42, 77, 12, 47, 5, 93, 78, 86, 54, 21, 63, 18, 44, 20, 35, 43, 97, 91, 76, 10, 30, 85, 45, 71, 64, 1, 23, 17, 83, 24, 14, 60, 36, 6, 57, 40, 88, 65, 56, 79, 94, 67, 68, 46, 75, 38, 9, 19, 32, 41, 81, 27, 87, 90, 58, 59, 11, 16, 72, 73, 70, 39, 37, 84, 3, 92, 25, 55, 48, 62, 29, 51, 96, 33, 61, 98, 28, 89, 50, 4, 7, 53, 80, 52, 66, 34, 49, 8, 0, 74, 69, 2, 13]|[1, 1, 0, 1, 1, 0, 1, 1, 2, 1, 2, 2, 2, 1, 1, 0, 0, 1, 0, 2, 2, 0, 1, 2, 0, 1, 2, 2, 0, 0, 1, 2, 1, 2, 1, 0, 2, 0, 1, 1, 0, 1, 1, 1, 0, 2, 1, 1, 0, 0, 0, 0, 1, 1, 2, 1, 0, 2, 0, 2, 1, 0, 1, 2, 1, 2, 1, 1, 1, 1, 1, 1, 0, 1, 2, 0, 0, 0, 0, 2, 2, 1, 2, 0, 1, 0, 1, 2, 0, 0, 1, 2, 2, 0, 1, 0, 2, 1, 0, 0]|[0, 3, 2, 2, 4, 1, 2, 3, 2, 4, 1, 1, 2, 4, 4, 1, 1, 4, 2, 1, 1, 1, 1, 2, 1, 2, 1, 1, 2, 1, 3, 2, 3, 1, 4, 0, 1, 1, 0, 3, 2, 2, 2, 0, 1, 1, 0, 4, 0, 1, 2, 2, 1, 4, 0, 3, 1, 1, 1, 1, 3, 1, 1, 1, 3, 0, 4, 3, 1, 4, 1, 1, 0, 4, 1, 1, 2, 1, 1, 1, 1, 3, 1, 2, 1, 1, 4, 1, 2, 1, 1, 1, 1, 1, 3, 2, 1, 4, 2, 2]|[0, 2, 1, 1, 3, 0, 1, 3, 0, 0, 0, 0, 1, 0, 1, 0, 0, 3, 1, 0, 0, 0, 3, 1, 0, 2, 0, 0, 0, 1, 0, 0, 0, 0, 3, 0, 1, 0, 0, 2, 1, 1, 1, 0, 0, 0, 0, 2, 1, 0, 0, 0, 1, 3, 0, 0, 0, 0, 0, 0, 2, 0, 1, 0, 2, 1, 0, 0, 1, 1, 3, 1, 1, 3, 0, 0, 1, 0, 0, 0, 0, 0, 0, 1, 1, 0, 0, 0, 1, 0, 1, 0, 0, 1, 2, 0, 0, 2, 0, 0],731.2476204416437,56784.74762275103,92889.2977037672,false
31,G4_BALANCED,G4_BALANCED,[31, 11, 15, 82, 26, 9, 95, 32, 77, 68, 47, 5, 93, 78, 86, 54, 85, 63, 18, 44, 20, 49, 36, 14, 74, 50, 53, 17, 21, 45, 71, 64, 3, 23, 30, 83, 24, 41, 60, 52, 51, 27, 90, 70, 39, 87, 48, 69, 99, 4, 46, 1, 13, 58, 97, 59, 28, 8, 73, 37, 35, 79, 22, 66, 76, 42, 40, 80, 96, 6, 16, 61, 33, 7, 57, 34, 12, 67, 10, 98, 56, 88, 29, 25, 91, 38, 19, 92, 43, 84, 65, 72, 81, 75, 2, 55, 62, 89, 94, 0]|[2, 1, 1, 2, 1, 2, 1, 1, 1, 1, 1, 0, 2, 2, 1, 2, 0, 0, 0, 2, 2, 1, 0, 2, 0, 2, 2, 1, 0, 1, 1, 1, 0, 0, 1, 0, 2, 1, 2, 2, 0, 0, 1, 1, 0, 2, 0, 2, 1, 0, 0, 2, 0, 0, 2, 0, 1, 1, 0, 0, 2, 1, 1, 2, 2, 0, 2, 2, 0, 1, 2, 1, 1, 2, 0, 1, 2, 1, 1, 2, 2, 1, 1, 1, 1, 0, 1, 0, 1, 0, 1, 1, 1, 0, 2, 0, 1, 1, 2, 0]|[1, 3, 2, 0, 4, 1, 4, 4, 2, 4, 3, 2, 1, 0, 2, 1, 1, 1, 2, 1, 1, 3, 0, 1, 0, 1, 1, 4, 1, 4, 3, 2, 2, 0, 4, 1, 1, 4, 0, 1, 2, 1, 4, 4, 1, 1, 0, 2, 3, 1, 2, 1, 2, 1, 1, 2, 4, 3, 0, 2, 2, 3, 3, 0, 1, 2, 0, 1, 2, 4, 1, 3, 4, 1, 2, 4, 1, 3, 3, 1, 1, 4, 3, 4, 3, 2, 4, 2, 4, 2, 3, 4, 1, 2, 1, 2, 3, 4, 1, 2]|[1, 2, 1, 0, 3, 0, 1, 3, 0, 0, 2, 0, 1, 0, 1, 0, 0, 0, 1, 0, 0, 2, 0, 0, 1, 0, 0, 3, 0, 1, 0, 2, 0, 1, 3, 0, 1, 3, 1, 0, 0, 0, 1, 3, 0, 0, 1, 0, 2, 0, 0, 0, 0, 0, 1, 0, 1, 0, 1, 1, 0, 2, 2, 0, 0, 0, 1, 0, 0, 2, 0, 0, 1, 0, 0, 1, 0, 0, 3, 0, 0, 1, 0, 3, 0, 0, 1, 0, 2, 0, 0, 2, 1, 0, 0, 0, 0, 1, 0, 0],850.9632869082183,52431.02217786142,105346.60403335126,false
31,G2_TEC,G4_BALANCED,[31, 11, 15, 82, 26, 9, 95, 32, 77, 68, 47, 5, 93, 78, 86, 54, 85, 63, 18, 44, 20, 49, 36, 14, 74, 50, 53, 17, 21, 45, 71, 64, 3, 23, 30, 83, 24, 41, 60, 52, 65, 27, 90, 70, 39, 87, 48, 69, 99, 4, 46, 1, 13, 58, 97, 59, 28, 75, 73, 37, 35, 79, 22, 66, 76, 42, 40, 80, 96, 6, 16, 61, 33, 7, 57, 34, 12, 67, 10, 98, 56, 88, 29, 94, 91, 38, 19, 92, 43, 84, 62, 72, 81, 25, 2, 55, 8, 89, 51, 0]|[2, 1, 1, 2, 1, 2, 1, 1, 1, 1, 1, 0, 2, 2, 1, 2, 0, 0, 0, 2, 2, 1, 0, 2, 0, 2, 2, 1, 0, 1, 1, 1, 0, 0, 1, 0, 2, 1, 2, 2, 0, 0, 1, 1, 0, 2, 0, 2, 1, 0, 0, 2, 0, 0, 2, 0, 1, 0, 0, 0, 2, 1, 0, 2, 2, 0, 2, 2, 0, 1, 2, 1, 1, 2, 0, 1, 1, 1, 1, 2, 2, 1, 1, 2, 1, 0, 1, 0, 1, 0, 1, 1, 1, 1, 2, 0, 1, 1, 1, 0]|[1, 3, 2, 0, 4, 1, 4, 4, 2, 4, 3, 2, 1, 0, 2, 1, 1, 1, 2, 1, 1, 3, 0, 1, 0, 1, 1, 4, 1, 4, 3, 2, 2, 0, 4, 1, 1, 4, 0, 1, 2, 1, 4, 4, 1, 1, 0, 2, 3, 2, 2, 1, 2, 1, 1, 2, 4, 2, 0, 2, 2, 3, 1, 0, 1, 2, 0, 1, 2, 4, 1, 3, 4, 1, 2, 4, 3, 3, 3, 1, 1, 4, 3, 1, 3, 2, 4, 2, 4, 2, 3, 4, 1, 4, 1, 2, 3, 4, 3, 2]|[1, 2, 1, 0, 3, 0, 1, 3, 0, 0, 2, 0, 1, 0, 1, 0, 0, 0, 1, 0, 0, 2, 0, 0, 1, 0, 0, 3, 0, 1, 0, 2, 0, 1, 3, 0, 1, 3, 1, 0, 0, 0, 1, 3, 0, 0, 1, 0, 2, 0, 0, 0, 0, 0, 1, 0, 1, 0, 1, 1, 0, 2, 0, 0, 0, 0, 0, 0, 0, 2, 0, 0, 1, 0, 0, 1, 0, 0, 3, 0, 0, 1, 0, 0, 0, 0, 3, 0, 2, 0, 0, 2, 1, 3, 0, 0, 0, 1, 0, 0],842.584363225019,52352.15155925938,107294.36147715819,true
31,G3_TWC,G3_TWC,[31, 22, 82, 15, 26, 58, 95, 42, 77, 12, 47, 5, 93, 78, 98, 54, 85, 63, 18, 44, 20, 35, 43, 97, 91, 76, 10, 30, 21, 45, 71, 64, 1, 23, 17, 83, 24, 14, 60, 36, 6, 57, 94, 88, 65, 56, 79, 40, 67, 68, 46, 75, 38, 9, 19, 32, 81, 41, 27, 62, 87, 90, 99, 59, 11, 16, 72, 73, 70, 39, 37, 84, 3, 92, 25, 55, 28, 29, 51, 7, 33, 61, 86, 66, 89, 50, 48, 96, 53, 8, 4, 80, 34, 49, 52, 0, 13, 2, 69, 74]|[1, 1, 0, 1, 1, 1, 2, 1, 2, 1, 2, 2, 2, 1, 1, 0, 0, 1, 0, 2, 2, 0, 1, 2, 0, 1, 2, 2, 0, 0, 1, 2, 1, 2, 1, 0, 2, 0, 1, 1, 0, 1, 1, 1, 0, 2, 1, 1, 0, 0, 0, 0, 1, 1, 2, 1, 2, 0, 0, 0, 2, 1, 0, 1, 2, 1, 2, 1, 1, 1, 1, 1, 2, 0, 1, 1, 0, 0, 0, 1, 2, 1, 0, 2, 1, 0, 0, 0, 0, 1, 0, 0, 2, 0, 1, 0, 0, 0, 1, 2]|[4, 3, 2, 2, 0, 0, 2, 2, 2, 4, 1, 1, 2, 4, 4, 1, 1, 4, 2, 1, 1, 1, 1, 2, 1, 2, 1, 1, 1, 1, 3, 2, 3, 0, 4, 0, 1, 1, 0, 3, 2, 2, 4, 0, 1, 1, 0, 2, 0, 1, 2, 2, 1, 4, 0, 3, 2, 1, 1, 2, 1, 3, 1, 1, 1, 3, 0, 4, 3, 1, 4, 1, 1, 2, 4, 4, 2, 1, 1, 3, 1, 3, 1, 1, 1, 1, 1, 1, 2, 3, 2, 1, 1, 1, 1, 2, 2, 2, 3, 1]|[0, 2, 1, 1, 3, 3, 0, 1, 0, 0, 0, 0, 1, 0, 1, 0, 0, 3, 1, 0, 0, 0, 3, 1, 0, 2, 0, 0, 0, 1, 0, 0, 0, 0, 3, 0, 1, 0, 0, 2, 1, 1, 2, 0, 0, 0, 0, 1, 1, 0, 0, 0, 1, 3, 0, 0, 1, 0, 0, 1, 0, 2, 0, 1, 0, 2, 1, 0, 0, 1, 1, 3, 0, 1, 3, 3, 1, 0, 0, 2, 0, 0, 0, 0, 1, 0, 0, 0, 1, 2, 1, 0, 0, 1, 1, 0, 0, 0, 0, 0],790.0808266764368,57926.0831962336,89131.00769295532,false
31,G1_CMAX,G1_CMAX,[31, 22, 82, 15, 26, 99, 95, 42, 77, 12, 47, 5, 93, 78, 86, 54, 21, 63, 18, 44, 20, 35, 43, 97, 91, 76, 10, 30, 85, 45, 71, 64, 1, 23, 17, 83, 24, 14, 60, 36, 6, 57, 40, 88, 65, 56, 79, 94, 67, 68, 46, 75, 38, 9, 19, 32, 41, 81, 27, 87, 90, 58, 59, 11, 16, 72, 73, 70, 39, 37, 84, 3, 92, 25, 55, 48, 62, 29, 51, 96, 33, 61, 98, 28, 89, 50, 4, 7, 53, 80, 52, 66, 34, 49, 8, 0, 74, 69, 2, 13]|[1, 1, 0, 1, 1, 0, 1, 1, 2, 1, 2, 2, 2, 1, 1, 0, 0, 1, 0, 2, 2, 0, 1, 2, 0, 1, 2, 2, 0, 0, 1, 2, 1, 2, 1, 0, 2, 0, 1, 1, 0, 1, 1, 1, 0, 2, 1, 1, 0, 0, 0, 0, 1, 1, 2, 1, 0, 2, 0, 2, 1, 0, 1, 2, 1, 2, 1, 1, 1, 1, 1, 1, 0, 1, 2, 0, 0, 0, 0, 2, 2, 1, 2, 0, 1, 0, 1, 2, 0, 0, 1, 2, 2, 0, 1, 0, 2, 1, 0, 0]|[0, 3, 2, 2, 4, 1, 2, 3, 2, 4, 1, 1, 2, 4, 4, 1, 1, 4, 2, 1, 1, 1, 1, 2, 1, 2, 1, 1, 2, 1, 3, 2, 3, 1, 4, 0, 1, 1, 0, 3, 2, 2, 2, 0, 1, 1, 0, 4, 0, 1, 2, 2, 1, 4, 0, 3, 1, 1, 1, 1, 3, 1, 1, 1, 3, 0, 4, 3, 1, 4, 1, 1, 0, 4, 1, 1, 2, 1, 1, 1, 1, 3, 1, 2, 1, 1, 4, 1, 2, 1, 1, 1, 1, 1, 3, 2, 1, 4, 2, 2]|[0, 2, 1, 1, 3, 0, 1, 3, 0, 0, 0, 0, 1, 0, 1, 0, 0, 3, 1, 0, 0, 0, 3, 1, 0, 2, 0, 0, 0, 1, 0, 0, 0, 0, 3, 0, 1, 0, 0, 2, 1, 1, 1, 0, 0, 0, 0, 2, 1, 0, 0, 0, 1, 3, 0, 0, 0, 0, 0, 0, 2, 0, 1, 0, 2, 1, 0, 0, 1, 1, 3, 1, 1, 3, 0, 0, 1, 0, 0, 0, 0, 0, 0, 1, 1, 0, 0, 0, 1, 0, 1, 0, 0, 1, 2, 0, 0, 2, 0, 0],731.2476204416437,56784.74762275103,92889.2977037672,false
31,G4_BALANCED,G4_BALANCED,[31, 11, 15, 82, 26, 9, 95, 32, 77, 68, 47, 5, 93, 78, 86, 54, 85, 63, 18, 44, 20, 49, 36, 14, 74, 50, 53, 17, 21, 45, 71, 64, 3, 23, 30, 83, 24, 41, 60, 52, 51, 27, 90, 70, 39, 87, 48, 69, 99, 4, 46, 1, 13, 58, 97, 59, 28, 8, 73, 37, 35, 79, 22, 66, 76, 42, 40, 80, 96, 6, 16, 61, 33, 7, 57, 34, 12, 67, 10, 98, 56, 88, 29, 25, 91, 38, 19, 92, 43, 84, 65, 72, 81, 75, 2, 55, 62, 89, 94, 0]|[2, 1, 1, 2, 1, 2, 1, 1, 1, 1, 1, 0, 2, 2, 1, 2, 0, 0, 0, 2, 2, 1, 0, 2, 0, 2, 2, 1, 0, 1, 1, 1, 0, 0, 1, 0, 2, 1, 2, 2, 0, 0, 1, 1, 0, 2, 0, 2, 1, 0, 0, 2, 0, 0, 2, 0, 1, 1, 0, 0, 2, 1, 1, 2, 2, 0, 2, 2, 0, 1, 2, 1, 1, 2, 0, 1, 2, 1, 1, 2, 2, 1, 1, 1, 1, 0, 1, 0, 1, 0, 1, 1, 1, 0, 2, 0, 1, 1, 2, 0]|[1, 3, 2, 0, 4, 1, 4, 4, 2, 4, 3, 2, 1, 0, 2, 1, 1, 1, 2, 1, 1, 3, 0, 1, 0, 1, 1, 4, 1, 4, 3, 2, 2, 0, 4, 1, 1, 4, 0, 1, 2, 1, 4, 4, 1, 1, 0, 2, 3, 1, 2, 1, 2, 1, 1, 2, 4, 3, 0, 2, 2, 3, 3, 0, 1, 2, 0, 1, 2, 4, 1, 3, 4, 1, 2, 4, 1, 3, 3, 1, 1, 4, 3, 4, 3, 2, 4, 2, 4, 2, 3, 4, 1, 2, 1, 2, 3, 4, 1, 2]|[1, 2, 1, 0, 3, 0, 1, 3, 0, 0, 2, 0, 1, 0, 1, 0, 0, 0, 1, 0, 0, 2, 0, 0, 1, 0, 0, 3, 0, 1, 0, 2, 0, 1, 3, 0, 1, 3, 1, 0, 0, 0, 1, 3, 0, 0, 1, 0, 2, 0, 0, 0, 0, 0, 1, 0, 1, 0, 1, 1, 0, 2, 2, 0, 0, 0, 1, 0, 0, 2, 0, 0, 1, 0, 0, 1, 0, 0, 3, 0, 0, 1, 0, 3, 0, 0, 1, 0, 2, 0, 0, 2, 1, 0, 0, 0, 0, 1, 0, 0],850.9632869082183,52431.02217786142,105346.60403335126,false
31,G2_TEC,G2_TEC,[31, 22, 82, 15, 26, 9, 95, 42, 77, 68, 47, 5, 93, 78, 86, 54, 85, 63, 18, 44, 20, 49, 36, 14, 74, 50, 53, 17, 21, 28, 11, 64, 3, 23, 30, 83, 24, 41, 40, 52, 65, 27, 90, 70, 39, 87, 48, 69, 99, 4, 46, 1, 13, 58, 97, 59, 45, 8, 73, 37, 35, 79, 71, 66, 76, 32, 60, 80, 96, 6, 16, 61, 33, 7, 57, 34, 12, 67, 10, 98, 56, 88, 43, 75, 91, 38, 84, 92, 29, 19, 51, 55, 72, 89, 62, 81, 94, 25, 2, 0]|[2, 1, 2, 1, 1, 2, 1, 1, 1, 1, 1, 0, 2, 2, 1, 2, 0, 0, 0, 2, 2, 1, 0, 2, 0, 2, 2, 1, 0, 1, 1, 1, 0, 0, 1, 0, 2, 1, 2, 2, 0, 0, 1, 1, 0, 2, 0, 2, 1, 0, 0, 2, 0, 0, 2, 0, 1, 1, 0, 0, 2, 1, 1, 1, 2, 0, 2, 2, 0, 1, 2, 1, 1, 2, 0, 1, 2, 1, 1, 2, 2, 1, 1, 0, 1, 0, 0, 0, 1, 1, 1, 0, 1, 1, 1, 1, 2, 1, 2, 0]|[0, 3, 0, 3, 4, 1, 4, 4, 2, 4, 3, 2, 1, 0, 2, 1, 1, 1, 2, 1, 1, 3, 0, 1, 0, 1, 1, 4, 1, 4, 3, 2, 2, 0, 4, 1, 1, 4, 1, 1, 2, 1, 4, 4, 1, 1, 0, 2, 3, 2, 2, 1, 2, 1, 1, 2, 4, 3, 0, 2, 2, 3, 3, 1, 1, 2, 1, 1, 2, 4, 1, 3, 4, 1, 2, 4, 1, 3, 3, 1, 1, 4, 4, 2, 3, 2, 2, 2, 3, 4, 3, 2, 4, 4, 3, 4, 1, 4, 1, 2]|[0, 2, 0, 0, 3, 0, 1, 3, 0, 0, 2, 0, 1, 0, 1, 0, 0, 0, 1, 0, 0, 2, 0, 0, 1, 0, 0, 3, 0, 1, 0, 2, 0, 0, 3, 0, 1, 1, 0, 0, 0, 0, 1, 3, 0, 0, 1, 0, 2, 0, 0, 0, 0, 0, 1, 0, 1, 0, 1, 1, 0, 2, 0, 2, 0, 0, 0, 0, 0, 2, 0, 0, 1, 0, 0, 1, 0, 0, 3, 0, 0, 1, 2, 0, 0, 0, 0, 0, 3, 1, 0, 0, 1, 1, 0, 2, 0, 3, 0, 0],882.9438068981488,49705.27197833951,107068.62555923434,false
31,G3_TWC,G3_TWC,[31, 22, 82, 15, 26, 58, 95, 42, 77, 12, 47, 5, 93, 78, 98, 54, 85, 63, 18, 44, 20, 35, 43, 97, 91, 76, 10, 30, 21, 45, 71, 64, 1, 23, 17, 83, 24, 14, 60, 36, 6, 57, 94, 88, 65, 56, 79, 40, 67, 68, 46, 75, 38, 9, 19, 32, 81, 41, 27, 62, 87, 90, 99, 59, 11, 16, 72, 73, 70, 39, 37, 84, 3, 92, 25, 55, 28, 29, 51, 7, 33, 61, 86, 66, 89, 50, 48, 96, 53, 8, 4, 80, 34, 49, 52, 0, 13, 2, 69, 74]|[1, 1, 0, 1, 1, 1, 2, 1, 2, 1, 2, 2, 2, 1, 1, 0, 0, 1, 0, 2, 2, 0, 1, 2, 0, 1, 2, 2, 0, 0, 1, 2, 1, 2, 1, 0, 2, 0, 1, 1, 0, 1, 1, 1, 0, 2, 1, 1, 0, 0, 0, 0, 1, 1, 2, 1, 2, 0, 0, 0, 2, 1, 0, 1, 2, 1, 2, 1, 1, 1, 1, 1, 2, 0, 1, 1, 0, 0, 0, 1, 2, 1, 0, 2, 1, 0, 0, 0, 0, 1, 0, 0, 2, 0, 1, 0, 0, 0, 1, 2]|[4, 3, 2, 2, 0, 0, 2, 2, 2, 4, 1, 1, 2, 4, 4, 1, 1, 4, 2, 1, 1, 1, 1, 2, 1, 2, 1, 1, 1, 1, 3, 2, 3, 0, 4, 0, 1, 1, 0, 3, 2, 2, 4, 0, 1, 1, 0, 2, 0, 1, 2, 2, 1, 4, 0, 3, 2, 1, 1, 2, 1, 3, 1, 1, 1, 3, 0, 4, 3, 1, 4, 1, 1, 2, 4, 4, 2, 1, 1, 3, 1, 3, 1, 1, 1, 1, 1, 1, 2, 3, 2, 1, 1, 1, 1, 2, 2, 2, 3, 1]|[0, 2, 1, 1, 3, 3, 0, 1, 0, 0, 0, 0, 1, 0, 1, 0, 0, 3, 1, 0, 0, 0, 3, 1, 0, 2, 0, 0, 0, 1, 0, 0, 0, 0, 3, 0, 1, 0, 0, 2, 1, 1, 2, 0, 0, 0, 0, 1, 1, 0, 0, 0, 1, 3, 0, 0, 1, 0, 0, 1, 0, 2, 0, 1, 0, 2, 1, 0, 0, 1, 1, 3, 0, 1, 3, 3, 1, 0, 0, 2, 0, 0, 0, 0, 1, 0, 0, 0, 1, 2, 1, 0, 0, 1, 1, 0, 0, 0, 0, 0],790.0808266764368,57926.0831962336,89131.00769295532,false
31,G1_CMAX,G1_CMAX,[31, 22, 82, 15, 26, 99, 95, 42, 77, 12, 47, 5, 93, 78, 86, 54, 21, 63, 18, 44, 20, 35, 43, 97, 91, 76, 10, 30, 85, 45, 71, 64, 1, 23, 17, 83, 24, 14, 60, 36, 6, 57, 40, 88, 65, 56, 79, 94, 67, 68, 46, 75, 38, 9, 19, 32, 41, 81, 27, 87, 90, 58, 59, 11, 16, 72, 73, 70, 39, 37, 84, 3, 92, 25, 55, 48, 62, 29, 51, 96, 33, 61, 98, 28, 89, 50, 4, 7, 53, 80, 52, 66, 34, 49, 8, 0, 74, 69, 2, 13]|[1, 1, 0, 1, 1, 0, 1, 1, 2, 1, 2, 2, 2, 1, 1, 0, 0, 1, 0, 2, 2, 0, 1, 2, 0, 1, 2, 2, 0, 0, 1, 2, 1, 2, 1, 0, 2, 0, 1, 1, 0, 1, 1, 1, 0, 2, 1, 1, 0, 0, 0, 0, 1, 1, 2, 1, 0, 2, 0, 2, 1, 0, 1, 2, 1, 2, 1, 1, 1, 1, 1, 1, 0, 1, 2, 0, 0, 0, 0, 2, 2, 1, 2, 0, 1, 0, 1, 2, 0, 0, 1, 2, 2, 0, 1, 0, 2, 1, 0, 0]|[0, 3, 2, 2, 4, 1, 2, 3, 2, 4, 1, 1, 2, 4, 4, 1, 1, 4, 2, 1, 1, 1, 1, 2, 1, 2, 1, 1, 2, 1, 3, 2, 3, 1, 4, 0, 1, 1, 0, 3, 2, 2, 2, 0, 1, 1, 0, 4, 0, 1, 2, 2, 1, 4, 0, 3, 1, 1, 1, 1, 3, 1, 1, 1, 3, 0, 4, 3, 1, 4, 1, 1, 0, 4, 1, 1, 2, 1, 1, 1, 1, 3, 1, 2, 1, 1, 4, 1, 2, 1, 1, 1, 1, 1, 3, 2, 1, 4, 2, 2]|[0, 2, 1, 1, 3, 0, 1, 3, 0, 0, 0, 0, 1, 0, 1, 0, 0, 3, 1, 0, 0, 0, 3, 1, 0, 2, 0, 0, 0, 1, 0, 0, 0, 0, 3, 0, 1, 0, 0, 2, 1, 1, 1, 0, 0, 0, 0, 2, 1, 0, 0, 0, 1, 3, 0, 0, 0, 0, 0, 0, 2, 0, 1, 0, 2, 1, 0, 0, 1, 1, 3, 1, 1, 3, 0, 0, 1, 0, 0, 0, 0, 0, 0, 1, 1, 0, 0, 0, 1, 0, 1, 0, 0, 1, 2, 0, 0, 2, 0, 0],731.2476204416437,56784.74762275103,92889.2977037672,false
31,G4_BALANCED,G4_BALANCED,[31, 11, 15, 82, 26, 9, 95, 32, 77, 68, 47, 5, 93, 78, 86, 54, 85, 63, 18, 44, 20, 49, 36, 14, 74, 50, 53, 17, 21, 45, 71, 64, 3, 23, 30, 83, 24, 41, 60, 52, 51, 27, 90, 70, 39, 87, 48, 69, 99, 4, 46, 1, 13, 58, 97, 59, 28, 8, 73, 37, 35, 79, 22, 66, 76, 42, 40, 80, 96, 6, 16, 61, 33, 7, 57, 34, 12, 67, 10, 98, 56, 88, 29, 25, 91, 38, 19, 92, 43, 84, 65, 72, 81, 75, 2, 55, 62, 89, 94, 0]|[2, 1, 1, 2, 1, 2, 1, 1, 1, 1, 1, 0, 2, 2, 1, 2, 0, 0, 0, 2, 2, 1, 0, 2, 0, 2, 2, 1, 0, 1, 1, 1, 0, 0, 1, 0, 2, 1, 2, 2, 0, 0, 1, 1, 0, 2, 0, 2, 1, 0, 0, 2, 0, 0, 2, 0, 1, 1, 0, 0, 2, 1, 1, 2, 2, 0, 2, 2, 0, 1, 2, 1, 1, 2, 0, 1, 2, 1, 1, 2, 2, 1, 1, 1, 1, 0, 1, 0, 1, 0, 1, 1, 1, 0, 2, 0, 1, 1, 2, 0]|[1, 3, 2, 0, 4, 1, 4, 4, 2, 4, 3, 2, 1, 0, 2, 1, 1, 1, 2, 1, 1, 3, 0, 1, 0, 1, 1, 4, 1, 4, 3, 2, 2, 0, 4, 1, 1, 4, 0, 1, 2, 1, 4, 4, 1, 1, 0, 2, 3, 1, 2, 1, 2, 1, 1, 2, 4, 3, 0, 2, 2, 3, 3, 0, 1, 2, 0, 1, 2, 4, 1, 3, 4, 1, 2, 4, 1, 3, 3, 1, 1, 4, 3, 4, 3, 2, 4, 2, 4, 2, 3, 4, 1, 2, 1, 2, 3, 4, 1, 2]|[1, 2, 1, 0, 3, 0, 1, 3, 0, 0, 2, 0, 1, 0, 1, 0, 0, 0, 1, 0, 0, 2, 0, 0, 1, 0, 0, 3, 0, 1, 0, 2, 0, 1, 3, 0, 1, 3, 1, 0, 0, 0, 1, 3, 0, 0, 1, 0, 2, 0, 0, 0, 0, 0, 1, 0, 1, 0, 1, 1, 0, 2, 2, 0, 0, 0, 1, 0, 0, 2, 0, 0, 1, 0, 0, 1, 0, 0, 3, 0, 0, 1, 0, 3, 0, 0, 1, 0, 2, 0, 0, 2, 1, 0, 0, 0, 0, 1, 0, 0],850.9632869082183,52431.02217786142,105346.60403335126,false
31,G2_TEC,G2_TEC,[31, 22, 82, 15, 26, 9, 95, 42, 77, 68, 47, 5, 93, 78, 86, 54, 85, 63, 18, 44, 20, 49, 36, 14, 74, 50, 53, 17, 21, 28, 11, 64, 3, 23, 30, 83, 24, 41, 40, 52, 65, 27, 90, 70, 39, 87, 48, 69, 99, 4, 46, 1, 13, 58, 97, 59, 45, 8, 73, 37, 35, 79, 71, 66, 76, 32, 60, 80, 96, 6, 16, 61, 33, 7, 57, 34, 12, 67, 10, 98, 56, 88, 43, 75, 91, 38, 84, 92, 29, 19, 51, 55, 72, 89, 62, 81, 94, 25, 2, 0]|[2, 1, 2, 1, 1, 2, 1, 1, 1, 1, 1, 0, 2, 2, 1, 2, 0, 0, 0, 2, 2, 1, 0, 2, 0, 2, 2, 1, 0, 1, 1, 1, 0, 0, 1, 0, 2, 1, 2, 2, 0, 0, 1, 1, 0, 2, 0, 2, 1, 0, 0, 2, 0, 0, 2, 0, 1, 1, 0, 0, 2, 1, 1, 1, 2, 0, 2, 2, 0, 1, 2, 1, 1, 2, 0, 1, 2, 1, 1, 2, 2, 1, 1, 0, 1, 0, 0, 0, 1, 1, 1, 0, 1, 1, 1, 1, 2, 1, 2, 0]|[0, 3, 0, 3, 4, 1, 4, 4, 2, 4, 3, 2, 1, 0, 2, 1, 1, 1, 2, 1, 1, 3, 0, 1, 0, 1, 1, 4, 1, 4, 3, 2, 2, 0, 4, 1, 1, 4, 1, 1, 2, 1, 4, 4, 1, 1, 0, 2, 3, 2, 2, 1, 2, 1, 1, 2, 4, 3, 0, 2, 2, 3, 3, 1, 1, 2, 1, 1, 2, 4, 1, 3, 4, 1, 2, 4, 1, 3, 3, 1, 1, 4, 4, 2, 3, 2, 2, 2, 3, 4, 3, 2, 4, 4, 3, 4, 1, 4, 1, 2]|[0, 2, 0, 0, 3, 0, 1, 3, 0, 0, 2, 0, 1, 0, 1, 0, 0, 0, 1, 0, 0, 2, 0, 0, 1, 0, 0, 3, 0, 1, 0, 2, 0, 0, 3, 0, 1, 1, 0, 0, 0, 0, 1, 3, 0, 0, 1, 0, 2, 0, 0, 0, 0, 0, 1, 0, 1, 0, 1, 1, 0, 2, 0, 2, 0, 0, 0, 0, 0, 2, 0, 0, 1, 0, 0, 1, 0, 0, 3, 0, 0, 1, 2, 0, 0, 0, 0, 0, 3, 1, 0, 0, 1, 1, 0, 2, 0, 3, 0, 0],882.9438068981488,49705.27197833951,107068.62555923434,false
31,G3_TWC,G3_TWC,[31, 22, 82, 15, 26, 58, 95, 42, 77, 12, 47, 5, 93, 78, 98, 54, 85, 63, 18, 44, 20, 35, 43, 97, 91, 76, 10, 30, 21, 45, 71, 64, 1, 23, 17, 83, 24, 14, 60, 36, 6, 57, 94, 88, 65, 56, 79, 40, 67, 68, 46, 75, 38, 9, 19, 32, 81, 41, 27, 62, 87, 90, 99, 59, 11, 16, 72, 73, 70, 39, 37, 84, 3, 92, 25, 55, 28, 29, 51, 7, 33, 61, 86, 66, 89, 50, 48, 96, 53, 8, 4, 80, 34, 49, 52, 0, 13, 2, 69, 74]|[1, 1, 0, 1, 1, 1, 2, 1, 2, 1, 2, 2, 2, 1, 1, 0, 0, 1, 0, 2, 2, 0, 1, 2, 0, 1, 2, 2, 0, 0, 1, 2, 1, 2, 1, 0, 2, 0, 1, 1, 0, 1, 1, 1, 0, 2, 1, 1, 0, 0, 0, 0, 1, 1, 2, 1, 2, 0, 0, 0, 2, 1, 0, 1, 2, 1, 2, 1, 1, 1, 1, 1, 2, 0, 1, 1, 0, 0, 0, 1, 2, 1, 0, 2, 1, 0, 0, 0, 0, 1, 0, 0, 2, 0, 1, 0, 0, 0, 1, 2]|[4, 3, 2, 2, 0, 0, 2, 2, 2, 4, 1, 1, 2, 4, 4, 1, 1, 4, 2, 1, 1, 1, 1, 2, 1, 2, 1, 1, 1, 1, 3, 2, 3, 0, 4, 0, 1, 1, 0, 3, 2, 2, 4, 0, 1, 1, 0, 2, 0, 1, 2, 2, 1, 4, 0, 3, 2, 1, 1, 2, 1, 3, 1, 1, 1, 3, 0, 4, 3, 1, 4, 1, 1, 2, 4, 4, 2, 1, 1, 3, 1, 3, 1, 1, 1, 1, 1, 1, 2, 3, 2, 1, 1, 1, 1, 2, 2, 2, 3, 1]|[0, 2, 1, 1, 3, 3, 0, 1, 0, 0, 0, 0, 1, 0, 1, 0, 0, 3, 1, 0, 0, 0, 3, 1, 0, 2, 0, 0, 0, 1, 0, 0, 0, 0, 3, 0, 1, 0, 0, 2, 1, 1, 2, 0, 0, 0, 0, 1, 1, 0, 0, 0, 1, 3, 0, 0, 1, 0, 0, 1, 0, 2, 0, 1, 0, 2, 1, 0, 0, 1, 1, 3, 0, 1, 3, 3, 1, 0, 0, 2, 0, 0, 0, 0, 1, 0, 0, 0, 1, 2, 1, 0, 0, 1, 1, 0, 0, 0, 0, 0],790.0808266764368,57926.0831962336,89131.00769295532,false
31,G1_CMAX,G1_CMAX,[31, 22, 82, 15, 26, 99, 95, 42, 77, 12, 47, 5, 93, 78, 86, 54, 21, 63, 18, 44, 20, 35, 43, 97, 91, 76, 10, 30, 85, 45, 71, 64, 1, 23, 17, 83, 24, 14, 60, 36, 6, 57, 40, 88, 65, 56, 79, 94, 67, 68, 46, 75, 38, 9, 19, 32, 41, 81, 27, 87, 90, 58, 59, 11, 16, 72, 73, 70, 39, 37, 84, 3, 92, 25, 55, 48, 62, 29, 51, 96, 33, 61, 98, 28, 89, 50, 4, 7, 53, 80, 52, 66, 34, 49, 8, 0, 74, 69, 2, 13]|[1, 1, 0, 1, 1, 0, 1, 1, 2, 1, 2, 2, 2, 1, 1, 0, 0, 1, 0, 2, 2, 0, 1, 2, 0, 1, 2, 2, 0, 0, 1, 2, 1, 2, 1, 0, 2, 0, 1, 1, 0, 1, 1, 1, 0, 2, 1, 1, 0, 0, 0, 0, 1, 1, 2, 1, 0, 2, 0, 2, 1, 0, 1, 2, 1, 2, 1, 1, 1, 1, 1, 1, 0, 1, 2, 0, 0, 0, 0, 2, 2, 1, 2, 0, 1, 0, 1, 2, 0, 0, 1, 2, 2, 0, 1, 0, 2, 1, 0, 0]|[0, 3, 2, 2, 4, 1, 2, 3, 2, 4, 1, 1, 2, 4, 4, 1, 1, 4, 2, 1, 1, 1, 1, 2, 1, 2, 1, 1, 2, 1, 3, 2, 3, 1, 4, 0, 1, 1, 0, 3, 2, 2, 2, 0, 1, 1, 0, 4, 0, 1, 2, 2, 1, 4, 0, 3, 1, 1, 1, 1, 3, 1, 1, 1, 3, 0, 4, 3, 1, 4, 1, 1, 0, 4, 1, 1, 2, 1, 1, 1, 1, 3, 1, 2, 1, 1, 4, 1, 2, 1, 1, 1, 1, 1, 3, 2, 1, 4, 2, 2]|[0, 2, 1, 1, 3, 0, 1, 3, 0, 0, 0, 0, 1, 0, 1, 0, 0, 3, 1, 0, 0, 0, 3, 1, 0, 2, 0, 0, 0, 1, 0, 0, 0, 0, 3, 0, 1, 0, 0, 2, 1, 1, 1, 0, 0, 0, 0, 2, 1, 0, 0, 0, 1, 3, 0, 0, 0, 0, 0, 0, 2, 0, 1, 0, 2, 1, 0, 0, 1, 1, 3, 1, 1, 3, 0, 0, 1, 0, 0, 0, 0, 0, 0, 1, 1, 0, 0, 0, 1, 0, 1, 0, 0, 1, 2, 0, 0, 2, 0, 0],731.2476204416437,56784.74762275103,92889.2977037672,false
31,G4_BALANCED,G4_BALANCED,[31, 11, 15, 82, 26, 9, 95, 32, 77, 68, 47, 5, 93, 78, 86, 54, 85, 63, 18, 44, 20, 49, 36, 14, 74, 50, 53, 17, 21, 45, 71, 64, 3, 23, 30, 83, 24, 41, 60, 52, 51, 27, 90, 70, 39, 87, 48, 69, 99, 4, 46, 1, 13, 58, 97, 59, 28, 8, 73, 37, 35, 79, 22, 66, 76, 42, 40, 80, 96, 6, 16, 61, 33, 7, 57, 34, 12, 67, 10, 98, 56, 88, 29, 25, 91, 38, 19, 92, 43, 84, 65, 72, 81, 75, 2, 55, 62, 89, 94, 0]|[2, 1, 1, 2, 1, 2, 1, 1, 1, 1, 1, 0, 2, 2, 1, 2, 0, 0, 0, 2, 2, 1, 0, 2, 0, 2, 2, 1, 0, 1, 1, 1, 0, 0, 1, 0, 2, 1, 2, 2, 0, 0, 1, 1, 0, 2, 0, 2, 1, 0, 0, 2, 0, 0, 2, 0, 1, 1, 0, 0, 2, 1, 1, 2, 2, 0, 2, 2, 0, 1, 2, 1, 1, 2, 0, 1, 2, 1, 1, 2, 2, 1, 1, 1, 1, 0, 1, 0, 1, 0, 1, 1, 1, 0, 2, 0, 1, 1, 2, 0]|[1, 3, 2, 0, 4, 1, 4, 4, 2, 4, 3, 2, 1, 0, 2, 1, 1, 1, 2, 1, 1, 3, 0, 1, 0, 1, 1, 4, 1, 4, 3, 2, 2, 0, 4, 1, 1, 4, 0, 1, 2, 1, 4, 4, 1, 1, 0, 2, 3, 1, 2, 1, 2, 1, 1, 2, 4, 3, 0, 2, 2, 3, 3, 0, 1, 2, 0, 1, 2, 4, 1, 3, 4, 1, 2, 4, 1, 3, 3, 1, 1, 4, 3, 4, 3, 2, 4, 2, 4, 2, 3, 4, 1, 2, 1, 2, 3, 4, 1, 2]|[1, 2, 1, 0, 3, 0, 1, 3, 0, 0, 2, 0, 1, 0, 1, 0, 0, 0, 1, 0, 0, 2, 0, 0, 1, 0, 0, 3, 0, 1, 0, 2, 0, 1, 3, 0, 1, 3, 1, 0, 0, 0, 1, 3, 0, 0, 1, 0, 2, 0, 0, 0, 0, 0, 1, 0, 1, 0, 1, 1, 0, 2, 2, 0, 0, 0, 1, 0, 0, 2, 0, 0, 1, 0, 0, 1, 0, 0, 3, 0, 0, 1, 0, 3, 0, 0, 1, 0, 2, 0, 0, 2, 1, 0, 0, 0, 0, 1, 0, 0],850.9632869082183,52431.02217786142,105346.60403335126,false
31,G2_TEC,G2_TEC,[31, 22, 82, 15, 26, 9, 95, 42, 77, 68, 47, 5, 93, 78, 86, 54, 85, 63, 18, 44, 20, 49, 36, 14, 74, 50, 53, 17, 21, 28, 11, 64, 3, 23, 30, 83, 24, 41, 40, 52, 65, 27, 90, 70, 39, 87, 48, 69, 99, 4, 46, 1, 13, 58, 97, 59, 45, 8, 73, 37, 35, 79, 71, 66, 76, 32, 60, 80, 96, 6, 16, 61, 33, 7, 57, 34, 12, 67, 10, 98, 56, 88, 43, 75, 91, 38, 84, 92, 29, 19, 51, 55, 72, 89, 62, 81, 94, 25, 2, 0]|[2, 1, 2, 1, 1, 2, 1, 1, 1, 1, 1, 0, 2, 2, 1, 2, 0, 0, 0, 2, 2, 1, 0, 2, 0, 2, 2, 1, 0, 1, 1, 1, 0, 0, 1, 0, 2, 1, 2, 2, 0, 0, 1, 1, 0, 2, 0, 2, 1, 0, 0, 2, 0, 0, 2, 0, 1, 1, 0, 0, 2, 1, 1, 1, 2, 0, 2, 2, 0, 1, 2, 1, 1, 2, 0, 1, 2, 1, 1, 2, 2, 1, 1, 0, 1, 0, 0, 0, 1, 1, 1, 0, 1, 1, 1, 1, 2, 1, 2, 0]|[0, 3, 0, 3, 4, 1, 4, 4, 2, 4, 3, 2, 1, 0, 2, 1, 1, 1, 2, 1, 1, 3, 0, 1, 0, 1, 1, 4, 1, 4, 3, 2, 2, 0, 4, 1, 1, 4, 1, 1, 2, 1, 4, 4, 1, 1, 0, 2, 3, 2, 2, 1, 2, 1, 1, 2, 4, 3, 0, 2, 2, 3, 3, 1, 1, 2, 1, 1, 2, 4, 1, 3, 4, 1, 2, 4, 1, 3, 3, 1, 1, 4, 4, 2, 3, 2, 2, 2, 3, 4, 3, 2, 4, 4, 3, 4, 1, 4, 1, 2]|[0, 2, 0, 0, 3, 0, 1, 3, 0, 0, 2, 0, 1, 0, 1, 0, 0, 0, 1, 0, 0, 2, 0, 0, 1, 0, 0, 3, 0, 1, 0, 2, 0, 0, 3, 0, 1, 1, 0, 0, 0, 0, 1, 3, 0, 0, 1, 0, 2, 0, 0, 0, 0, 0, 1, 0, 1, 0, 1, 1, 0, 2, 0, 2, 0, 0, 0, 0, 0, 2, 0, 0, 1, 0, 0, 1, 0, 0, 3, 0, 0, 1, 2, 0, 0, 0, 0, 0, 3, 1, 0, 0, 1, 1, 0, 2, 0, 3, 0, 0],882.9438068981488,49705.27197833951,107068.62555923434,false
31,G3_TWC,G3_TWC,[31, 22, 82, 15, 26, 58, 95, 42, 77, 12, 47, 5, 93, 78, 98, 54, 85, 63, 18, 44, 20, 35, 43, 97, 91, 76, 10, 30, 21, 45, 71, 64, 1, 23, 17, 83, 24, 14, 60, 36, 6, 57, 94, 88, 65, 56, 79, 40, 67, 68, 46, 75, 38, 9, 19, 32, 81, 41, 27, 62, 87, 90, 99, 59, 11, 16, 72, 73, 70, 39, 37, 84, 3, 92, 25, 55, 28, 29, 51, 7, 33, 61, 86, 66, 89, 50, 48, 96, 53, 8, 4, 80, 34, 49, 52, 0, 13, 2, 69, 74]|[1, 1, 0, 1, 1, 1, 2, 1, 2, 1, 2, 2, 2, 1, 1, 0, 0, 1, 0, 2, 2, 0, 1, 2, 0, 1, 2, 2, 0, 0, 1, 2, 1, 2, 1, 0, 2, 0, 1, 1, 0, 1, 1, 1, 0, 2, 1, 1, 0, 0, 0, 0, 1, 1, 2, 1, 2, 0, 0, 0, 2, 1, 0, 1, 2, 1, 2, 1, 1, 1, 1, 1, 2, 0, 1, 1, 0, 0, 0, 1, 2, 1, 0, 2, 1, 0, 0, 0, 0, 1, 0, 0, 2, 0, 1, 0, 0, 0, 1, 2]|[4, 3, 2, 2, 0, 0, 2, 2, 2, 4, 1, 1, 2, 4, 4, 1, 1, 4, 2, 1, 1, 1, 1, 2, 1, 2, 1, 1, 1, 1, 3, 2, 3, 0, 4, 0, 1, 1, 0, 3, 2, 2, 4, 0, 1, 1, 0, 2, 0, 1, 2, 2, 1, 4, 0, 3, 2, 1, 1, 2, 1, 3, 1, 1, 1, 3, 0, 4, 3, 1, 4, 1, 1, 2, 4, 4, 2, 1, 1, 3, 1, 3, 1, 1, 1, 1, 1, 1, 2, 3, 2, 1, 1, 1, 1, 2, 2, 2, 3, 1]|[0, 2, 1, 1, 3, 3, 0, 1, 0, 0, 0, 0, 1, 0, 1, 0, 0, 3, 1, 0, 0, 0, 3, 1, 0, 2, 0, 0, 0, 1, 0, 0, 0, 0, 3, 0, 1, 0, 0, 2, 1, 1, 2, 0, 0, 0, 0, 1, 1, 0, 0, 0, 1, 3, 0, 0, 1, 0, 0, 1, 0, 2, 0, 1, 0, 2, 1, 0, 0, 1, 1, 3, 0, 1, 3, 3, 1, 0, 0, 2, 0, 0, 0, 0, 1, 0, 0, 0, 1, 2, 1, 0, 0, 1, 1, 0, 0, 0, 0, 0],790.0808266764368,57926.0831962336,89131.00769295532,false
31,G1_CMAX,G1_CMAX,[31, 22, 82, 15, 26, 99, 95, 42, 77, 12, 47, 5, 93, 78, 86, 54, 21, 63, 18, 44, 20, 35, 43, 97, 91, 76, 10, 30, 85, 45, 71, 64, 1, 23, 17, 83, 24, 14, 60, 36, 6, 57, 40, 88, 65, 56, 79, 94, 67, 68, 46, 75, 38, 9, 19, 32, 41, 81, 27, 87, 90, 58, 59, 11, 16, 72, 73, 70, 39, 37, 84, 3, 92, 25, 55, 48, 62, 29, 51, 96, 33, 61, 98, 28, 89, 50, 4, 7, 53, 80, 52, 66, 34, 49, 8, 0, 74, 69, 2, 13]|[1, 1, 0, 1, 1, 0, 1, 1, 2, 1, 2, 2, 2, 1, 1, 0, 0, 1, 0, 2, 2, 0, 1, 2, 0, 1, 2, 2, 0, 0, 1, 2, 1, 2, 1, 0, 2, 0, 1, 1, 0, 1, 1, 1, 0, 2, 1, 1, 0, 0, 0, 0, 1, 1, 2, 1, 0, 2, 0, 2, 1, 0, 1, 2, 1, 2, 1, 1, 1, 1, 1, 1, 0, 1, 2, 0, 0, 0, 0, 2, 2, 1, 2, 0, 1, 0, 1, 2, 0, 0, 1, 2, 2, 0, 1, 0, 2, 1, 0, 0]|[0, 3, 2, 2, 4, 1, 2, 3, 2, 4, 1, 1, 2, 4, 4, 1, 1, 4, 2, 1, 1, 1, 1, 2, 1, 2, 1, 1, 2, 1, 3, 2, 3, 1, 4, 0, 1, 1, 0, 3, 2, 2, 2, 0, 1, 1, 0, 4, 0, 1, 2, 2, 1, 4, 0, 3, 1, 1, 1, 1, 3, 1, 1, 1, 3, 0, 4, 3, 1, 4, 1, 1, 0, 4, 1, 1, 2, 1, 1, 1, 1, 3, 1, 2, 1, 1, 4, 1, 2, 1, 1, 1, 1, 1, 3, 2, 1, 4, 2, 2]|[0, 2, 1, 1, 3, 0, 1, 3, 0, 0, 0, 0, 1, 0, 1, 0, 0, 3, 1, 0, 0, 0, 3, 1, 0, 2, 0, 0, 0, 1, 0, 0, 0, 0, 3, 0, 1, 0, 0, 2, 1, 1, 1, 0, 0, 0, 0, 2, 1, 0, 0, 0, 1, 3, 0, 0, 0, 0, 0, 0, 2, 0, 1, 0, 2, 1, 0, 0, 1, 1, 3, 1, 1, 3, 0, 0, 1, 0, 0, 0, 0, 0, 0, 1, 1, 0, 0, 0, 1, 0, 1, 0, 0, 1, 2, 0, 0, 2, 0, 0],731.2476204416437,56784.74762275103,92889.2977037672,false
31,G4_BALANCED,G4_BALANCED,[31, 11, 15, 82, 26, 9, 95, 32, 77, 68, 47, 5, 93, 78, 86, 54, 85, 63, 18, 44, 20, 49, 36, 14, 74, 50, 53, 17, 21, 45, 71, 64, 3, 23, 30, 83, 24, 41, 60, 52, 51, 27, 90, 70, 39, 87, 48, 69, 99, 4, 46, 1, 13, 58, 97, 59, 28, 8, 73, 37, 35, 79, 22, 66, 76, 42, 40, 80, 96, 6, 16, 61, 33, 7, 57, 34, 12, 67, 10, 98, 56, 88, 29, 25, 91, 38, 19, 92, 43, 84, 65, 72, 81, 75, 2, 55, 62, 89, 94, 0]|[2, 1, 1, 2, 1, 2, 1, 1, 1, 1, 1, 0, 2, 2, 1, 2, 0, 0, 0, 2, 2, 1, 0, 2, 0, 2, 2, 1, 0, 1, 1, 1, 0, 0, 1, 0, 2, 1, 2, 2, 0, 0, 1, 1, 0, 2, 0, 2, 1, 0, 0, 2, 0, 0, 2, 0, 1, 1, 0, 0, 2, 1, 1, 2, 2, 0, 2, 2, 0, 1, 2, 1, 1, 2, 0, 1, 2, 1, 1, 2, 2, 1, 1, 1, 1, 0, 1, 0, 1, 0, 1, 1, 1, 0, 2, 0, 1, 1, 2, 0]|[1, 3, 2, 0, 4, 1, 4, 4, 2, 4, 3, 2, 1, 0, 2, 1, 1, 1, 2, 1, 1, 3, 0, 1, 0, 1, 1, 4, 1, 4, 3, 2, 2, 0, 4, 1, 1, 4, 0, 1, 2, 1, 4, 4, 1, 1, 0, 2, 3, 1, 2, 1, 2, 1, 1, 2, 4, 3, 0, 2, 2, 3, 3, 0, 1, 2, 0, 1, 2, 4, 1, 3, 4, 1, 2, 4, 1, 3, 3, 1, 1, 4, 3, 4, 3, 2, 4, 2, 4, 2, 3, 4, 1, 2, 1, 2, 3, 4, 1, 2]|[1, 2, 1, 0, 3, 0, 1, 3, 0, 0, 2, 0, 1, 0, 1, 0, 0, 0, 1, 0, 0, 2, 0, 0, 1, 0, 0, 3, 0, 1, 0, 2, 0, 1, 3, 0, 1, 3, 1, 0, 0, 0, 1, 3, 0, 0, 1, 0, 2, 0, 0, 0, 0, 0, 1, 0, 1, 0, 1, 1, 0, 2, 2, 0, 0, 0, 1, 0, 0, 2, 0, 0, 1, 0, 0, 1, 0, 0, 3, 0, 0, 1, 0, 3, 0, 0, 1, 0, 2, 0, 0, 2, 1, 0, 0, 0, 0, 1, 0, 0],850.9632869082183,52431.02217786142,105346.60403335126,false
31,G2_TEC,G2_TEC,[31, 22, 82, 15, 26, 9, 95, 42, 77, 68, 47, 5, 93, 78, 86, 54, 85, 63, 18, 44, 20, 49, 36, 14, 74, 50, 53, 17, 21, 28, 11, 64, 3, 23, 30, 83, 24, 41, 40, 52, 65, 27, 90, 70, 39, 87, 48, 69, 99, 4, 46, 1, 13, 58, 97, 59, 45, 8, 73, 37, 35, 79, 71, 66, 76, 32, 60, 80, 96, 6, 16, 61, 33, 7, 57, 34, 12, 67, 10, 98, 56, 88, 43, 75, 91, 38, 84, 92, 29, 19, 51, 55, 72, 89, 62, 81, 94, 25, 2, 0]|[2, 1, 2, 1, 1, 2, 1, 1, 1, 1, 1, 0, 2, 2, 1, 2, 0, 0, 0, 2, 2, 1, 0, 2, 0, 2, 2, 1, 0, 1, 1, 1, 0, 0, 1, 0, 2, 1, 2, 2, 0, 0, 1, 1, 0, 2, 0, 2, 1, 0, 0, 2, 0, 0, 2, 0, 1, 1, 0, 0, 2, 1, 1, 1, 2, 0, 2, 2, 0, 1, 2, 1, 1, 2, 0, 1, 2, 1, 1, 2, 2, 1, 1, 0, 1, 0, 0, 0, 1, 1, 1, 0, 1, 1, 1, 1, 2, 1, 2, 0]|[0, 3, 0, 3, 4, 1, 4, 4, 2, 4, 3, 2, 1, 0, 2, 1, 1, 1, 2, 1, 1, 3, 0, 1, 0, 1, 1, 4, 1, 4, 3, 2, 2, 0, 4, 1, 1, 4, 1, 1, 2, 1, 4, 4, 1, 1, 0, 2, 3, 2, 2, 1, 2, 1, 1, 2, 4, 3, 0, 2, 2, 3, 3, 1, 1, 2, 1, 1, 2, 4, 1, 3, 4, 1, 2, 4, 1, 3, 3, 1, 1, 4, 4, 2, 3, 2, 2, 2, 3, 4, 3, 2, 4, 4, 3, 4, 1, 4, 1, 2]|[0, 2, 0, 0, 3, 0, 1, 3, 0, 0, 2, 0, 1, 0, 1, 0, 0, 0, 1, 0, 0, 2, 0, 0, 1, 0, 0, 3, 0, 1, 0, 2, 0, 0, 3, 0, 1, 1, 0, 0, 0, 0, 1, 3, 0, 0, 1, 0, 2, 0, 0, 0, 0, 0, 1, 0, 1, 0, 1, 1, 0, 2, 0, 2, 0, 0, 0, 0, 0, 2, 0, 0, 1, 0, 0, 1, 0, 0, 3, 0, 0, 1, 2, 0, 0, 0, 0, 0, 3, 1, 0, 0, 1, 1, 0, 2, 0, 3, 0, 0],882.9438068981488,49705.27197833951,107068.62555923434,false
31,G3_TWC,G3_TWC,[31, 22, 82, 15, 26, 58, 95, 42, 77, 12, 47, 5, 93, 78, 98, 54, 85, 63, 18, 44, 20, 35, 43, 97, 91, 76, 10, 30, 21, 45, 71, 64, 1, 23, 17, 83, 24, 14, 60, 36, 6, 57, 94, 88, 65, 56, 79, 40, 67, 68, 46, 75, 38, 9, 19, 32, 81, 41, 27, 62, 87, 90, 99, 59, 11, 16, 72, 73, 70, 39, 37, 84, 3, 92, 25, 55, 28, 29, 51, 7, 33, 61, 86, 66, 89, 50, 48, 96, 53, 8, 4, 80, 34, 49, 52, 0, 13, 2, 69, 74]|[1, 1, 0, 1, 1, 1, 2, 1, 2, 1, 2, 2, 2, 1, 1, 0, 0, 1, 0, 2, 2, 0, 1, 2, 0, 1, 2, 2, 0, 0, 1, 2, 1, 2, 1, 0, 2, 0, 1, 1, 0, 1, 1, 1, 0, 2, 1, 1, 0, 0, 0, 0, 1, 1, 2, 1, 2, 0, 0, 0, 2, 1, 0, 1, 2, 1, 2, 1, 1, 1, 1, 1, 2, 0, 1, 1, 0, 0, 0, 1, 2, 1, 0, 2, 1, 0, 0, 0, 0, 1, 0, 0, 2, 0, 1, 0, 0, 0, 1, 2]|[4, 3, 2, 2, 0, 0, 2, 2, 2, 4, 1, 1, 2, 4, 4, 1, 1, 4, 2, 1, 1, 1, 1, 2, 1, 2, 1, 1, 1, 1, 3, 2, 3, 0, 4, 0, 1, 1, 0, 3, 2, 2, 4, 0, 1, 1, 0, 2, 0, 1, 2, 2, 1, 4, 0, 3, 2, 1, 1, 2, 1, 3, 1, 1, 1, 3, 0, 4, 3, 1, 4, 1, 1, 2, 4, 4, 2, 1, 1, 3, 1, 3, 1, 1, 1, 1, 1, 1, 2, 3, 2, 1, 1, 1, 1, 2, 2, 2, 3, 1]|[0, 2, 1, 1, 3, 3, 0, 1, 0, 0, 0, 0, 1, 0, 1, 0, 0, 3, 1, 0, 0, 0, 3, 1, 0, 2, 0, 0, 0, 1, 0, 0, 0, 0, 3, 0, 1, 0, 0, 2, 1, 1, 2, 0, 0, 0, 0, 1, 1, 0, 0, 0, 1, 3, 0, 0, 1, 0, 0, 1, 0, 2, 0, 1, 0, 2, 1, 0, 0, 1, 1, 3, 0, 1, 3, 3, 1, 0, 0, 2, 0, 0, 0, 0, 1, 0, 0, 0, 1, 2, 1, 0, 0, 1, 1, 0, 0, 0, 0, 0],790.0808266764368,57926.0831962336,89131.00769295532,false
31,G1_CMAX,G1_CMAX,[31, 22, 82, 15, 26, 99, 95, 42, 77, 12, 47, 5, 93, 78, 86, 54, 21, 63, 18, 44, 20, 35, 43, 97, 91, 76, 10, 30, 85, 45, 71, 64, 1, 23, 17, 83, 24, 14, 60, 36, 6, 57, 40, 88, 65, 56, 79, 94, 67, 68, 46, 75, 38, 9, 19, 32, 41, 81, 27, 87, 90, 58, 59, 11, 16, 72, 73, 70, 39, 37, 84, 3, 92, 25, 55, 48, 62, 29, 51, 96, 33, 61, 98, 28, 89, 50, 4, 7, 53, 80, 52, 66, 34, 49, 8, 0, 74, 69, 2, 13]|[1, 1, 0, 1, 1, 0, 1, 1, 2, 1, 2, 2, 2, 1, 1, 0, 0, 1, 0, 2, 2, 0, 1, 2, 0, 1, 2, 2, 0, 0, 1, 2, 1, 2, 1, 0, 2, 0, 1, 1, 0, 1, 1, 1, 0, 2, 1, 1, 0, 0, 0, 0, 1, 1, 2, 1, 0, 2, 0, 2, 1, 0, 1, 2, 1, 2, 1, 1, 1, 1, 1, 1, 0, 1, 2, 0, 0, 0, 0, 2, 2, 1, 2, 0, 1, 0, 1, 2, 0, 0, 1, 2, 2, 0, 1, 0, 2, 1, 0, 0]|[0, 3, 2, 2, 4, 1, 2, 3, 2, 4, 1, 1, 2, 4, 4, 1, 1, 4, 2, 1, 1, 1, 1, 2, 1, 2, 1, 1, 2, 1, 3, 2, 3, 1, 4, 0, 1, 1, 0, 3, 2, 2, 2, 0, 1, 1, 0, 4, 0, 1, 2, 2, 1, 4, 0, 3, 1, 1, 1, 1, 3, 1, 1, 1, 3, 0, 4, 3, 1, 4, 1, 1, 0, 4, 1, 1, 2, 1, 1, 1, 1, 3, 1, 2, 1, 1, 4, 1, 2, 1, 1, 1, 1, 1, 3, 2, 1, 4, 2, 2]|[0, 2, 1, 1, 3, 0, 1, 3, 0, 0, 0, 0, 1, 0, 1, 0, 0, 3, 1, 0, 0, 0, 3, 1, 0, 2, 0, 0, 0, 1, 0, 0, 0, 0, 3, 0, 1, 0, 0, 2, 1, 1, 1, 0, 0, 0, 0, 2, 1, 0, 0, 0, 1, 3, 0, 0, 0, 0, 0, 0, 2, 0, 1, 0, 2, 1, 0, 0, 1, 1, 3, 1, 1, 3, 0, 0, 1, 0, 0, 0, 0, 0, 0, 1, 1, 0, 0, 0, 1, 0, 1, 0, 0, 1, 2, 0, 0, 2, 0, 0],731.2476204416437,56784.74762275103,92889.2977037672,false
31,G4_BALANCED,G4_BALANCED,[31, 11, 15, 82, 26, 9, 95, 32, 77, 68, 47, 5, 93, 78, 86, 54, 85, 63, 18, 44, 20, 49, 36, 14, 74, 50, 53, 17, 21, 45, 71, 64, 3, 23, 30, 83, 24, 41, 60, 52, 51, 27, 90, 70, 39, 87, 48, 69, 99, 4, 46, 1, 13, 58, 97, 59, 28, 8, 73, 37, 35, 79, 22, 66, 76, 42, 40, 80, 96, 6, 16, 61, 33, 7, 57, 34, 12, 67, 10, 98, 56, 88, 29, 25, 91, 38, 19, 92, 43, 84, 65, 72, 81, 75, 2, 55, 62, 89, 94, 0]|[2, 1, 1, 2, 1, 2, 1, 1, 1, 1, 1, 0, 2, 2, 1, 2, 0, 0, 0, 2, 2, 1, 0, 2, 0, 2, 2, 1, 0, 1, 1, 1, 0, 0, 1, 0, 2, 1, 2, 2, 0, 0, 1, 1, 0, 2, 0, 2, 1, 0, 0, 2, 0, 0, 2, 0, 1, 1, 0, 0, 2, 1, 1, 2, 2, 0, 2, 2, 0, 1, 2, 1, 1, 2, 0, 1, 2, 1, 1, 2, 2, 1, 1, 1, 1, 0, 1, 0, 1, 0, 1, 1, 1, 0, 2, 0, 1, 1, 2, 0]|[1, 3, 2, 0, 4, 1, 4, 4, 2, 4, 3, 2, 1, 0, 2, 1, 1, 1, 2, 1, 1, 3, 0, 1, 0, 1, 1, 4, 1, 4, 3, 2, 2, 0, 4, 1, 1, 4, 0, 1, 2, 1, 4, 4, 1, 1, 0, 2, 3, 1, 2, 1, 2, 1, 1, 2, 4, 3, 0, 2, 2, 3, 3, 0, 1, 2, 0, 1, 2, 4, 1, 3, 4, 1, 2, 4, 1, 3, 3, 1, 1, 4, 3, 4, 3, 2, 4, 2, 4, 2, 3, 4, 1, 2, 1, 2, 3, 4, 1, 2]|[1, 2, 1, 0, 3, 0, 1, 3, 0, 0, 2, 0, 1, 0, 1, 0, 0, 0, 1, 0, 0, 2, 0, 0, 1, 0, 0, 3, 0, 1, 0, 2, 0, 1, 3, 0, 1, 3, 1, 0, 0, 0, 1, 3, 0, 0, 1, 0, 2, 0, 0, 0, 0, 0, 1, 0, 1, 0, 1, 1, 0, 2, 2, 0, 0, 0, 1, 0, 0, 2, 0, 0, 1, 0, 0, 1, 0, 0, 3, 0, 0, 1, 0, 3, 0, 0, 1, 0, 2, 0, 0, 2, 1, 0, 0, 0, 0, 1, 0, 0],850.9632869082183,52431.02217786142,105346.60403335126,false
31,G2_TEC,G2_TEC,[31, 22, 82, 15, 26, 9, 95, 42, 77, 68, 47, 5, 93, 78, 86, 54, 85, 63, 18, 44, 20, 49, 36, 14, 74, 50, 53, 17, 21, 28, 11, 64, 3, 23, 30, 83, 24, 41, 40, 52, 65, 27, 90, 70, 39, 87, 48, 69, 99, 4, 46, 1, 13, 58, 97, 59, 45, 8, 73, 37, 35, 79, 71, 66, 76, 32, 60, 80, 96, 6, 16, 61, 33, 7, 57, 34, 12, 67, 10, 98, 56, 88, 43, 75, 91, 38, 84, 92, 29, 19, 51, 55, 72, 89, 62, 81, 94, 25, 2, 0]|[2, 1, 2, 1, 1, 2, 1, 1, 1, 1, 1, 0, 2, 2, 1, 2, 0, 0, 0, 2, 2, 1, 0, 2, 0, 2, 2, 1, 0, 1, 1, 1, 0, 0, 1, 0, 2, 1, 2, 2, 0, 0, 1, 1, 0, 2, 0, 2, 1, 0, 0, 2, 0, 0, 2, 0, 1, 1, 0, 0, 2, 1, 1, 1, 2, 0, 2, 2, 0, 1, 2, 1, 1, 2, 0, 1, 2, 1, 1, 2, 2, 1, 1, 0, 1, 0, 0, 0, 1, 1, 1, 0, 1, 1, 1, 1, 2, 1, 2, 0]|[0, 3, 0, 3, 4, 1, 4, 4, 2, 4, 3, 2, 1, 0, 2, 1, 1, 1, 2, 1, 1, 3, 0, 1, 0, 1, 1, 4, 1, 4, 3, 2, 2, 0, 4, 1, 1, 4, 1, 1, 2, 1, 4, 4, 1, 1, 0, 2, 3, 2, 2, 1, 2, 1, 1, 2, 4, 3, 0, 2, 2, 3, 3, 1, 1, 2, 1, 1, 2, 4, 1, 3, 4, 1, 2, 4, 1, 3, 3, 1, 1, 4, 4, 2, 3, 2, 2, 2, 3, 4, 3, 2, 4, 4, 3, 4, 1, 4, 1, 2]|[0, 2, 0, 0, 3, 0, 1, 3, 0, 0, 2, 0, 1, 0, 1, 0, 0, 0, 1, 0, 0, 2, 0, 0, 1, 0, 0, 3, 0, 1, 0, 2, 0, 0, 3, 0, 1, 1, 0, 0, 0, 0, 1, 3, 0, 0, 1, 0, 2, 0, 0, 0, 0, 0, 1, 0, 1, 0, 1, 1, 0, 2, 0, 2, 0, 0, 0, 0, 0, 2, 0, 0, 1, 0, 0, 1, 0, 0, 3, 0, 0, 1, 2, 0, 0, 0, 0, 0, 3, 1, 0, 0, 1, 1, 0, 2, 0, 3, 0, 0],882.9438068981488,49705.27197833951,107068.62555923434,false
31,G3_TWC,G3_TWC,[31, 22, 82, 15, 26, 58, 95, 42, 77, 12, 47, 5, 93, 78, 98, 54, 85, 63, 18, 44, 20, 35, 43, 97, 91, 76, 10, 30, 21, 45, 71, 64, 1, 23, 17, 83, 24, 14, 60, 36, 6, 57, 94, 88, 65, 56, 79, 40, 67, 68, 46, 75, 38, 9, 19, 32, 81, 41, 27, 62, 87, 90, 99, 59, 11, 16, 72, 73, 70, 39, 37, 84, 3, 92, 25, 55, 28, 29, 51, 7, 33, 61, 86, 66, 89, 50, 48, 96, 53, 8, 4, 80, 34, 49, 52, 0, 13, 2, 69, 74]|[1, 1, 0, 1, 1, 1, 2, 1, 2, 1, 2, 2, 2, 1, 1, 0, 0, 1, 0, 2, 2, 0, 1, 2, 0, 1, 2, 2, 0, 0, 1, 2, 1, 2, 1, 0, 2, 0, 1, 1, 0, 1, 1, 1, 0, 2, 1, 1, 0, 0, 0, 0, 1, 1, 2, 1, 2, 0, 0, 0, 2, 1, 0, 1, 2, 1, 2, 1, 1, 1, 1, 1, 2, 0, 1, 1, 0, 0, 0, 1, 2, 1, 0, 2, 1, 0, 0, 0, 0, 1, 0, 0, 2, 0, 1, 0, 0, 0, 1, 2]|[4, 3, 2, 2, 0, 0, 2, 2, 2, 4, 1, 1, 2, 4, 4, 1, 1, 4, 2, 1, 1, 1, 1, 2, 1, 2, 1, 1, 1, 1, 3, 2, 3, 0, 4, 0, 1, 1, 0, 3, 2, 2, 4, 0, 1, 1, 0, 2, 0, 1, 2, 2, 1, 4, 0, 3, 2, 1, 1, 2, 1, 3, 1, 1, 1, 3, 0, 4, 3, 1, 4, 1, 1, 2, 4, 4, 2, 1, 1, 3, 1, 3, 1, 1, 1, 1, 1, 1, 2, 3, 2, 1, 1, 1, 1, 2, 2, 2, 3, 1]|[0, 2, 1, 1, 3, 3, 0, 1, 0, 0, 0, 0, 1, 0, 1, 0, 0, 3, 1, 0, 0, 0, 3, 1, 0, 2, 0, 0, 0, 1, 0, 0, 0, 0, 3, 0, 1, 0, 0, 2, 1, 1, 2, 0, 0, 0, 0, 1, 1, 0, 0, 0, 1, 3, 0, 0, 1, 0, 0, 1, 0, 2, 0, 1, 0, 2, 1, 0, 0, 1, 1, 3, 0, 1, 3, 3, 1, 0, 0, 2, 0, 0, 0, 0, 1, 0, 0, 0, 1, 2, 1, 0, 0, 1, 1, 0, 0, 0, 0, 0],790.0808266764368,57926.0831962336,89131.00769295532,false
31,G1_CMAX,G1_CMAX,[31, 22, 82, 15, 26, 99, 95, 42, 77, 12, 47, 5, 93, 78, 86, 54, 21, 63, 18, 44, 20, 35, 43, 97, 91, 76, 10, 30, 85, 45, 71, 64, 1, 23, 17, 83, 24, 14, 60, 36, 6, 57, 40, 88, 65, 56, 79, 94, 67, 68, 46, 75, 38, 9, 19, 32, 41, 81, 27, 87, 90, 58, 59, 11, 16, 72, 73, 70, 39, 37, 84, 3, 92, 25, 55, 48, 62, 29, 51, 96, 33, 61, 98, 28, 89, 50, 4, 7, 53, 80, 52, 66, 34, 49, 8, 0, 74, 69, 2, 13]|[1, 1, 0, 1, 1, 0, 1, 1, 2, 1, 2, 2, 2, 1, 1, 0, 0, 1, 0, 2, 2, 0, 1, 2, 0, 1, 2, 2, 0, 0, 1, 2, 1, 2, 1, 0, 2, 0, 1, 1, 0, 1, 1, 1, 0, 2, 1, 1, 0, 0, 0, 0, 1, 1, 2, 1, 0, 2, 0, 2, 1, 0, 1, 2, 1, 2, 1, 1, 1, 1, 1, 1, 0, 1, 2, 0, 0, 0, 0, 2, 2, 1, 2, 0, 1, 0, 1, 2, 0, 0, 1, 2, 2, 0, 1, 0, 2, 1, 0, 0]|[0, 3, 2, 2, 4, 1, 2, 3, 2, 4, 1, 1, 2, 4, 4, 1, 1, 4, 2, 1, 1, 1, 1, 2, 1, 2, 1, 1, 2, 1, 3, 2, 3, 1, 4, 0, 1, 1, 0, 3, 2, 2, 2, 0, 1, 1, 0, 4, 0, 1, 2, 2, 1, 4, 0, 3, 1, 1, 1, 1, 3, 1, 1, 1, 3, 0, 4, 3, 1, 4, 1, 1, 0, 4, 1, 1, 2, 1, 1, 1, 1, 3, 1, 2, 1, 1, 4, 1, 2, 1, 1, 1, 1, 1, 3, 2, 1, 4, 2, 2]|[0, 2, 1, 1, 3, 0, 1, 3, 0, 0, 0, 0, 1, 0, 1, 0, 0, 3, 1, 0, 0, 0, 3, 1, 0, 2, 0, 0, 0, 1, 0, 0, 0, 0, 3, 0, 1, 0, 0, 2, 1, 1, 1, 0, 0, 0, 0, 2, 1, 0, 0, 0, 1, 3, 0, 0, 0, 0, 0, 0, 2, 0, 1, 0, 2, 1, 0, 0, 1, 1, 3, 1, 1, 3, 0, 0, 1, 0, 0, 0, 0, 0, 0, 1, 1, 0, 0, 0, 1, 0, 1, 0, 0, 1, 2, 0, 0, 2, 0, 0],731.2476204416437,56784.74762275103,92889.2977037672,false
31,G4_BALANCED,G4_BALANCED,[31, 11, 15, 82, 26, 9, 95, 32, 77, 68, 47, 5, 93, 78, 86, 54, 85, 63, 18, 44, 20, 49, 36, 14, 74, 50, 53, 17, 21, 45, 71, 64, 3, 23, 30, 83, 24, 41, 60, 52, 51, 27, 90, 70, 39, 87, 48, 69, 99, 4, 46, 1, 13, 58, 97, 59, 28, 8, 73, 37, 35, 79, 22, 66, 76, 42, 40, 80, 96, 6, 16, 61, 33, 7, 57, 34, 12, 67, 10, 98, 56, 88, 29, 25, 91, 38, 19, 92, 43, 84, 65, 72, 81, 75, 2, 55, 62, 89, 94, 0]|[2, 1, 1, 2, 1, 2, 1, 1, 1, 1, 1, 0, 2, 2, 1, 2, 0, 0, 0, 2, 2, 1, 0, 2, 0, 2, 2, 1, 0, 1, 1, 1, 0, 0, 1, 0, 2, 1, 2, 2, 0, 0, 1, 1, 0, 2, 0, 2, 1, 0, 0, 2, 0, 0, 2, 0, 1, 1, 0, 0, 2, 1, 1, 2, 2, 0, 2, 2, 0, 1, 2, 1, 1, 2, 0, 1, 2, 1, 1, 2, 2, 1, 1, 1, 1, 0, 1, 0, 1, 0, 1, 1, 1, 0, 2, 0, 1, 1, 2, 0]|[1, 3, 2, 0, 4, 1, 4, 4, 2, 4, 3, 2, 1, 0, 2, 1, 1, 1, 2, 1, 1, 3, 0, 1, 0, 1, 1, 4, 1, 4, 3, 2, 2, 0, 4, 1, 1, 4, 0, 1, 2, 1, 4, 4, 1, 1, 0, 2, 3, 1, 2, 1, 2, 1, 1, 2, 4, 3, 0, 2, 2, 3, 3, 0, 1, 2, 0, 1, 2, 4, 1, 3, 4, 1, 2, 4, 1, 3, 3, 1, 1, 4, 3, 4, 3, 2, 4, 2, 4, 2, 3, 4, 1, 2, 1, 2, 3, 4, 1, 2]|[1, 2, 1, 0, 3, 0, 1, 3, 0, 0, 2, 0, 1, 0, 1, 0, 0, 0, 1, 0, 0, 2, 0, 0, 1, 0, 0, 3, 0, 1, 0, 2, 0, 1, 3, 0, 1, 3, 1, 0, 0, 0, 1, 3, 0, 0, 1, 0, 2, 0, 0, 0, 0, 0, 1, 0, 1, 0, 1, 1, 0, 2, 2, 0, 0, 0, 1, 0, 0, 2, 0, 0, 1, 0, 0, 1, 0, 0, 3, 0, 0, 1, 0, 3, 0, 0, 1, 0, 2, 0, 0, 2, 1, 0, 0, 0, 0, 1, 0, 0],850.9632869082183,52431.02217786142,105346.60403335126,false
31,G2_TEC,G2_TEC,[31, 22, 82, 15, 26, 9, 95, 42, 77, 68, 47, 5, 93, 78, 86, 54, 85, 63, 18, 44, 20, 49, 36, 14, 74, 50, 53, 17, 21, 28, 11, 64, 3, 23, 30, 83, 24, 41, 40, 52, 65, 27, 90, 70, 39, 87, 48, 69, 99, 4, 46, 1, 13, 58, 97, 59, 45, 8, 73, 37, 35, 79, 71, 66, 76, 32, 60, 80, 96, 6, 16, 61, 33, 7, 57, 34, 12, 67, 10, 98, 56, 88, 43, 75, 91, 38, 84, 92, 29, 19, 51, 55, 72, 89, 62, 81, 94, 25, 2, 0]|[2, 1, 2, 1, 1, 2, 1, 1, 1, 1, 1, 0, 2, 2, 1, 2, 0, 0, 0, 2, 2, 1, 0, 2, 0, 2, 2, 1, 0, 1, 1, 1, 0, 0, 1, 0, 2, 1, 2, 2, 0, 0, 1, 1, 0, 2, 0, 2, 1, 0, 0, 2, 0, 0, 2, 0, 1, 1, 0, 0, 2, 1, 1, 1, 2, 0, 2, 2, 0, 1, 2, 1, 1, 2, 0, 1, 2, 1, 1, 2, 2, 1, 1, 0, 1, 0, 0, 0, 1, 1, 1, 0, 1, 1, 1, 1, 2, 1, 2, 0]|[0, 3, 0, 3, 4, 1, 4, 4, 2, 4, 3, 2, 1, 0, 2, 1, 1, 1, 2, 1, 1, 3, 0, 1, 0, 1, 1, 4, 1, 4, 3, 2, 2, 0, 4, 1, 1, 4, 1, 1, 2, 1, 4, 4, 1, 1, 0, 2, 3, 2, 2, 1, 2, 1, 1, 2, 4, 3, 0, 2, 2, 3, 3, 1, 1, 2, 1, 1, 2, 4, 1, 3, 4, 1, 2, 4, 1, 3, 3, 1, 1, 4, 4, 2, 3, 2, 2, 2, 3, 4, 3, 2, 4, 4, 3, 4, 1, 4, 1, 2]|[0, 2, 0, 0, 3, 0, 1, 3, 0, 0, 2, 0, 1, 0, 1, 0, 0, 0, 1, 0, 0, 2, 0, 0, 1, 0, 0, 3, 0, 1, 0, 2, 0, 0, 3, 0, 1, 1, 0, 0, 0, 0, 1, 3, 0, 0, 1, 0, 2, 0, 0, 0, 0, 0, 1, 0, 1, 0, 1, 1, 0, 2, 0, 2, 0, 0, 0, 0, 0, 2, 0, 0, 1, 0, 0, 1, 0, 0, 3, 0, 0, 1, 2, 0, 0, 0, 0, 0, 3, 1, 0, 0, 1, 1, 0, 2, 0, 3, 0, 0],882.9438068981488,49705.27197833951,107068.62555923434,false
31,G3_TWC,G3_TWC,[31, 22, 82, 15, 26, 58, 95, 42, 77, 12, 47, 5, 93, 78, 98, 54, 85, 63, 18, 44, 20, 35, 43, 97, 91, 76, 10, 30, 21, 45, 71, 64, 1, 23, 17, 83, 24, 14, 60, 36, 6, 57, 94, 88, 65, 56, 79, 40, 67, 68, 46, 75, 38, 9, 19, 32, 81, 41, 27, 62, 87, 90, 99, 59, 11, 16, 72, 73, 70, 39, 37, 84, 3, 92, 25, 55, 28, 29, 51, 7, 33, 61, 86, 66, 89, 50, 48, 96, 53, 8, 4, 80, 34, 49, 52, 0, 13, 2, 69, 74]|[1, 1, 0, 1, 1, 1, 2, 1, 2, 1, 2, 2, 2, 1, 1, 0, 0, 1, 0, 2, 2, 0, 1, 2, 0, 1, 2, 2, 0, 0, 1, 2, 1, 2, 1, 0, 2, 0, 1, 1, 0, 1, 1, 1, 0, 2, 1, 1, 0, 0, 0, 0, 1, 1, 2, 1, 2, 0, 0, 0, 2, 1, 0, 1, 2, 1, 2, 1, 1, 1, 1, 1, 2, 0, 1, 1, 0, 0, 0, 1, 2, 1, 0, 2, 1, 0, 0, 0, 0, 1, 0, 0, 2, 0, 1, 0, 0, 0, 1, 2]|[4, 3, 2, 2, 0, 0, 2, 2, 2, 4, 1, 1, 2, 4, 4, 1, 1, 4, 2, 1, 1, 1, 1, 2, 1, 2, 1, 1, 1, 1, 3, 2, 3, 0, 4, 0, 1, 1, 0, 3, 2, 2, 4, 0, 1, 1, 0, 2, 0, 1, 2, 2, 1, 4, 0, 3, 2, 1, 1, 2, 1, 3, 1, 1, 1, 3, 0, 4, 3, 1, 4, 1, 1, 2, 4, 4, 2, 1, 1, 3, 1, 3, 1, 1, 1, 1, 1, 1, 2, 3, 2, 1, 1, 1, 1, 2, 2, 2, 3, 1]|[0, 2, 1, 1, 3, 3, 0, 1, 0, 0, 0, 0, 1, 0, 1, 0, 0, 3, 1, 0, 0, 0, 3, 1, 0, 2, 0, 0, 0, 1, 0, 0, 0, 0, 3, 0, 1, 0, 0, 2, 1, 1, 2, 0, 0, 0, 0, 1, 1, 0, 0, 0, 1, 3, 0, 0, 1, 0, 0, 1, 0, 2, 0, 1, 0, 2, 1, 0, 0, 1, 1, 3, 0, 1, 3, 3, 1, 0, 0, 2, 0, 0, 0, 0, 1, 0, 0, 0, 1, 2, 1, 0, 0, 1, 1, 0, 0, 0, 0, 0],790.0808266764368,57926.0831962336,89131.00769295532,false
31,G1_CMAX,G1_CMAX,[31, 22, 82, 15, 26, 99, 95, 42, 77, 12, 47, 5, 93, 78, 86, 54, 21, 63, 18, 44, 20, 35, 43, 97, 91, 76, 10, 30, 85, 45, 71, 64, 1, 23, 17, 83, 24, 14, 60, 36, 6, 57, 40, 88, 65, 56, 79, 94, 67, 68, 46, 75, 38, 9, 19, 32, 41, 81, 27, 87, 90, 58, 59, 11, 16, 72, 73, 70, 39, 37, 84, 3, 92, 25, 55, 48, 62, 29, 51, 96, 33, 61, 98, 28, 89, 50, 4, 7, 53, 80, 52, 66, 34, 49, 8, 0, 74, 69, 2, 13]|[1, 1, 0, 1, 1, 0, 1, 1, 2, 1, 2, 2, 2, 1, 1, 0, 0, 1, 0, 2, 2, 0, 1, 2, 0, 1, 2, 2, 0, 0, 1, 2, 1, 2, 1, 0, 2, 0, 1, 1, 0, 1, 1, 1, 0, 2, 1, 1, 0, 0, 0, 0, 1, 1, 2, 1, 0, 2, 0, 2, 1, 0, 1, 2, 1, 2, 1, 1, 1, 1, 1, 1, 0, 1, 2, 0, 0, 0, 0, 2, 2, 1, 2, 0, 1, 0, 1, 2, 0, 0, 1, 2, 2, 0, 1, 0, 2, 1, 0, 0]|[0, 3, 2, 2, 4, 1, 2, 3, 2, 4, 1, 1, 2, 4, 4, 1, 1, 4, 2, 1, 1, 1, 1, 2, 1, 2, 1, 1, 2, 1, 3, 2, 3, 1, 4, 0, 1, 1, 0, 3, 2, 2, 2, 0, 1, 1, 0, 4, 0, 1, 2, 2, 1, 4, 0, 3, 1, 1, 1, 1, 3, 1, 1, 1, 3, 0, 4, 3, 1, 4, 1, 1, 0, 4, 1, 1, 2, 1, 1, 1, 1, 3, 1, 2, 1, 1, 4, 1, 2, 1, 1, 1, 1, 1, 3, 2, 1, 4, 2, 2]|[0, 2, 1, 1, 3, 0, 1, 3, 0, 0, 0, 0, 1, 0, 1, 0, 0, 3, 1, 0, 0, 0, 3, 1, 0, 2, 0, 0, 0, 1, 0, 0, 0, 0, 3, 0, 1, 0, 0, 2, 1, 1, 1, 0, 0, 0, 0, 2, 1, 0, 0, 0, 1, 3, 0, 0, 0, 0, 0, 0, 2, 0, 1, 0, 2, 1, 0, 0, 1, 1, 3, 1, 1, 3, 0, 0, 1, 0, 0, 0, 0, 0, 0, 1, 1, 0, 0, 0, 1, 0, 1, 0, 0, 1, 2, 0, 0, 2, 0, 0],731.2476204416437,56784.74762275103,92889.2977037672,false
31,G4_BALANCED,G4_BALANCED,[31, 11, 15, 82, 26, 9, 95, 32, 77, 68, 47, 5, 93, 78, 86, 54, 85, 63, 18, 44, 20, 49, 36, 14, 74, 50, 53, 17, 21, 45, 71, 64, 3, 23, 30, 83, 24, 41, 60, 52, 51, 27, 90, 70, 39, 87, 48, 69, 99, 4, 46, 1, 13, 58, 97, 59, 28, 8, 73, 37, 35, 79, 22, 66, 76, 42, 40, 80, 96, 6, 16, 61, 33, 7, 57, 34, 12, 67, 10, 98, 56, 88, 29, 25, 91, 38, 19, 92, 43, 84, 65, 72, 81, 75, 2, 55, 62, 89, 94, 0]|[2, 1, 1, 2, 1, 2, 1, 1, 1, 1, 1, 0, 2, 2, 1, 2, 0, 0, 0, 2, 2, 1, 0, 2, 0, 2, 2, 1, 0, 1, 1, 1, 0, 0, 1, 0, 2, 1, 2, 2, 0, 0, 1, 1, 0, 2, 0, 2, 1, 0, 0, 2, 0, 0, 2, 0, 1, 1, 0, 0, 2, 1, 1, 2, 2, 0, 2, 2, 0, 1, 2, 1, 1, 2, 0, 1, 2, 1, 1, 2, 2, 1, 1, 1, 1, 0, 1, 0, 1, 0, 1, 1, 1, 0, 2, 0, 1, 1, 2, 0]|[1, 3, 2, 0, 4, 1, 4, 4, 2, 4, 3, 2, 1, 0, 2, 1, 1, 1, 2, 1, 1, 3, 0, 1, 0, 1, 1, 4, 1, 4, 3, 2, 2, 0, 4, 1, 1, 4, 0, 1, 2, 1, 4, 4, 1, 1, 0, 2, 3, 1, 2, 1, 2, 1, 1, 2, 4, 3, 0, 2, 2, 3, 3, 0, 1, 2, 0, 1, 2, 4, 1, 3, 4, 1, 2, 4, 1, 3, 3, 1, 1, 4, 3, 4, 3, 2, 4, 2, 4, 2, 3, 4, 1, 2, 1, 2, 3, 4, 1, 2]|[1, 2, 1, 0, 3, 0, 1, 3, 0, 0, 2, 0, 1, 0, 1, 0, 0, 0, 1, 0, 0, 2, 0, 0, 1, 0, 0, 3, 0, 1, 0, 2, 0, 1, 3, 0, 1, 3, 1, 0, 0, 0, 1, 3, 0, 0, 1, 0, 2, 0, 0, 0, 0, 0, 1, 0, 1, 0, 1, 1, 0, 2, 2, 0, 0, 0, 1, 0, 0, 2, 0, 0, 1, 0, 0, 1, 0, 0, 3, 0, 0, 1, 0, 3, 0, 0, 1, 0, 2, 0, 0, 2, 1, 0, 0, 0, 0, 1, 0, 0],850.9632869082183,52431.02217786142,105346.60403335126,false
31,G2_TEC,G2_TEC,[31, 22, 82, 15, 26, 9, 95, 42, 77, 68, 47, 5, 93, 78, 86, 54, 85, 63, 18, 44, 20, 49, 36, 14, 74, 50, 53, 17, 21, 28, 11, 64, 3, 23, 30, 83, 24, 41, 40, 52, 65, 27, 90, 70, 39, 87, 48, 69, 99, 4, 46, 1, 13, 58, 97, 59, 45, 8, 73, 37, 35, 79, 71, 66, 76, 32, 60, 80, 96, 6, 16, 61, 33, 7, 57, 34, 12, 67, 10, 98, 56, 88, 43, 75, 91, 38, 84, 92, 29, 19, 51, 55, 72, 89, 62, 81, 94, 25, 2, 0]|[2, 1, 2, 1, 1, 2, 1, 1, 1, 1, 1, 0, 2, 2, 1, 2, 0, 0, 0, 2, 2, 1, 0, 2, 0, 2, 2, 1, 0, 1, 1, 1, 0, 0, 1, 0, 2, 1, 2, 2, 0, 0, 1, 1, 0, 2, 0, 2, 1, 0, 0, 2, 0, 0, 2, 0, 1, 1, 0, 0, 2, 1, 1, 1, 2, 0, 2, 2, 0, 1, 2, 1, 1, 2, 0, 1, 2, 1, 1, 2, 2, 1, 1, 0, 1, 0, 0, 0, 1, 1, 1, 0, 1, 1, 1, 1, 2, 1, 2, 0]|[0, 3, 0, 3, 4, 1, 4, 4, 2, 4, 3, 2, 1, 0, 2, 1, 1, 1, 2, 1, 1, 3, 0, 1, 0, 1, 1, 4, 1, 4, 3, 2, 2, 0, 4, 1, 1, 4, 1, 1, 2, 1, 4, 4, 1, 1, 0, 2, 3, 2, 2, 1, 2, 1, 1, 2, 4, 3, 0, 2, 2, 3, 3, 1, 1, 2, 1, 1, 2, 4, 1, 3, 4, 1, 2, 4, 1, 3, 3, 1, 1, 4, 4, 2, 3, 2, 2, 2, 3, 4, 3, 2, 4, 4, 3, 4, 1, 4, 1, 2]|[0, 2, 0, 0, 3, 0, 1, 3, 0, 0, 2, 0, 1, 0, 1, 0, 0, 0, 1, 0, 0, 2, 0, 0, 1, 0, 0, 3, 0, 1, 0, 2, 0, 0, 3, 0, 1, 1, 0, 0, 0, 0, 1, 3, 0, 0, 1, 0, 2, 0, 0, 0, 0, 0, 1, 0, 1, 0, 1, 1, 0, 2, 0, 2, 0, 0, 0, 0, 0, 2, 0, 0, 1, 0, 0, 1, 0, 0, 3, 0, 0, 1, 2, 0, 0, 0, 0, 0, 3, 1, 0, 0, 1, 1, 0, 2, 0, 3, 0, 0],882.9438068981488,49705.27197833951,107068.62555923434,false
31,G3_TWC,G3_TWC,[31, 22, 82, 15, 26, 58, 95, 42, 77, 12, 47, 5, 93, 78, 98, 54, 85, 63, 18, 44, 20, 35, 43, 97, 91, 76, 10, 30, 21, 45, 71, 64, 1, 23, 17, 83, 24, 14, 60, 36, 6, 57, 94, 88, 65, 56, 79, 40, 67, 68, 46, 75, 38, 9, 19, 32, 81, 41, 27, 62, 87, 90, 99, 59, 11, 16, 72, 73, 70, 39, 37, 84, 3, 92, 25, 55, 28, 29, 51, 7, 33, 61, 86, 66, 89, 50, 48, 96, 53, 8, 4, 80, 34, 49, 52, 0, 13, 2, 69, 74]|[1, 1, 0, 1, 1, 1, 2, 1, 2, 1, 2, 2, 2, 1, 1, 0, 0, 1, 0, 2, 2, 0, 1, 2, 0, 1, 2, 2, 0, 0, 1, 2, 1, 2, 1, 0, 2, 0, 1, 1, 0, 1, 1, 1, 0, 2, 1, 1, 0, 0, 0, 0, 1, 1, 2, 1, 2, 0, 0, 0, 2, 1, 0, 1, 2, 1, 2, 1, 1, 1, 1, 1, 2, 0, 1, 1, 0, 0, 0, 1, 2, 1, 0, 2, 1, 0, 0, 0, 0, 1, 0, 0, 2, 0, 1, 0, 0, 0, 1, 2]|[4, 3, 2, 2, 0, 0, 2, 2, 2, 4, 1, 1, 2, 4, 4, 1, 1, 4, 2, 1, 1, 1, 1, 2, 1, 2, 1, 1, 1, 1, 3, 2, 3, 0, 4, 0, 1, 1, 0, 3, 2, 2, 4, 0, 1, 1, 0, 2, 0, 1, 2, 2, 1, 4, 0, 3, 2, 1, 1, 2, 1, 3, 1, 1, 1, 3, 0, 4, 3, 1, 4, 1, 1, 2, 4, 4, 2, 1, 1, 3, 1, 3, 1, 1, 1, 1, 1, 1, 2, 3, 2, 1, 1, 1, 1, 2, 2, 2, 3, 1]|[0, 2, 1, 1, 3, 3, 0, 1, 0, 0, 0, 0, 1, 0, 1, 0, 0, 3, 1, 0, 0, 0, 3, 1, 0, 2, 0, 0, 0, 1, 0, 0, 0, 0, 3, 0, 1, 0, 0, 2, 1, 1, 2, 0, 0, 0, 0, 1, 1, 0, 0, 0, 1, 3, 0, 0, 1, 0, 0, 1, 0, 2, 0, 1, 0, 2, 1, 0, 0, 1, 1, 3, 0, 1, 3, 3, 1, 0, 0, 2, 0, 0, 0, 0, 1, 0, 0, 0, 1, 2, 1, 0, 0, 1, 1, 0, 0, 0, 0, 0],790.0808266764368,57926.0831962336,89131.00769295532,false
31,G1_CMAX,G4_BALANCED,[31, 11, 15, 82, 26, 9, 95, 32, 77, 68, 47, 5, 93, 78, 86, 54, 85, 63, 18, 44, 20, 49, 36, 14, 74, 50, 53, 17, 21, 45, 71, 64, 3, 23, 30, 83, 24, 41, 60, 52, 65, 27, 90, 70, 39, 87, 48, 69, 99, 4, 46, 1, 13, 58, 97, 59, 28, 75, 73, 37, 35, 79, 22, 66, 76, 42, 40, 80, 96, 6, 16, 61, 33, 7, 57, 34, 12, 67, 10, 98, 56, 88, 29, 94, 91, 51, 19, 92, 43, 84, 38, 72, 81, 8, 2, 55, 62, 89, 25, 0]|[2, 1, 1, 2, 1, 2, 1, 1, 1, 1, 1, 0, 2, 2, 1, 2, 0, 0, 0, 2, 2, 1, 0, 2, 0, 2, 2, 1, 0, 1, 1, 1, 0, 0, 1, 0, 2, 1, 2, 2, 0, 0, 1, 1, 0, 2, 0, 2, 1, 0, 0, 2, 0, 0, 2, 0, 1, 0, 0, 0, 2, 1, 0, 2, 2, 0, 2, 2, 0, 1, 2, 1, 1, 2, 0, 1, 1, 1, 1, 2, 2, 1, 1, 2, 1, 1, 1, 0, 1, 0, 0, 1, 1, 1, 2, 0, 1, 1, 1, 0]|[1, 3, 2, 0, 4, 1, 4, 4, 2, 4, 3, 2, 1, 0, 2, 1, 1, 1, 2, 1, 1, 3, 0, 1, 0, 1, 1, 4, 1, 4, 3, 2, 2, 0, 4, 1, 1, 4, 0, 1, 2, 1, 4, 4, 1, 1, 0, 2, 3, 1, 2, 1, 2, 1, 1, 2, 4, 2, 0, 2, 2, 3, 1, 0, 1, 2, 0, 1, 2, 4, 1, 3, 4, 1, 2, 4, 3, 3, 3, 1, 1, 4, 3, 1, 3, 3, 4, 2, 4, 2, 2, 4, 1, 3, 1, 2, 3, 4, 4, 2]|[1, 2, 1, 0, 3, 0, 1, 3, 0, 0, 2, 0, 1, 0, 1, 0, 0, 0, 1, 0, 0, 2, 0, 0, 1, 0, 0, 3, 0, 1, 0, 2, 0, 1, 3, 0, 1, 3, 1, 0, 0, 0, 1, 3, 0, 0, 1, 0, 2, 0, 0, 0, 0, 0, 1, 0, 1, 0, 1, 1, 0, 2, 0, 0, 0, 0, 0, 0, 0, 2, 0, 0, 1, 0, 0, 1, 0, 0, 3, 0, 0, 1, 0, 0, 0, 0, 3, 0, 2, 0, 0, 2, 1, 0, 0, 0, 0, 1, 3, 0],836.569815134707,52504.092339752446,107095.57005228325,true
31,G4_BALANCED,G4_BALANCED,[31, 11, 15, 82, 26, 9, 95, 32, 77, 68, 47, 5, 93, 78, 86, 54, 85, 63, 18, 44, 20, 49, 36, 14, 74, 50, 53, 17, 21, 45, 71, 64, 3, 23, 30, 83, 24, 41, 60, 52, 51, 27, 90, 70, 39, 87, 48, 69, 99, 4, 46, 1, 13, 58, 97, 59, 28, 8, 73, 37, 35, 79, 22, 66, 76, 42, 40, 80, 96, 6, 16, 61, 33, 7, 57, 34, 12, 67, 10, 98, 56, 88, 29, 25, 91, 38, 19, 92, 43, 84, 65, 72, 81, 75, 2, 55, 62, 89, 94, 0]|[2, 1, 1, 2, 1, 2, 1, 1, 1, 1, 1, 0, 2, 2, 1, 2, 0, 0, 0, 2, 2, 1, 0, 2, 0, 2, 2, 1, 0, 1, 1, 1, 0, 0, 1, 0, 2, 1, 2, 2, 0, 0, 1, 1, 0, 2, 0, 2, 1, 0, 0, 2, 0, 0, 2, 0, 1, 1, 0, 0, 2, 1, 1, 2, 2, 0, 2, 2, 0, 1, 2, 1, 1, 2, 0, 1, 2, 1, 1, 2, 2, 1, 1, 1, 1, 0, 1, 0, 1, 0, 1, 1, 1, 0, 2, 0, 1, 1, 2, 0]|[1, 3, 2, 0, 4, 1, 4, 4, 2, 4, 3, 2, 1, 0, 2, 1, 1, 1, 2, 1, 1, 3, 0, 1, 0, 1, 1, 4, 1, 4, 3, 2, 2, 0, 4, 1, 1, 4, 0, 1, 2, 1, 4, 4, 1, 1, 0, 2, 3, 1, 2, 1, 2, 1, 1, 2, 4, 3, 0, 2, 2, 3, 3, 0, 1, 2, 0, 1, 2, 4, 1, 3, 4, 1, 2, 4, 1, 3, 3, 1, 1, 4, 3, 4, 3, 2, 4, 2, 4, 2, 3, 4, 1, 2, 1, 2, 3, 4, 1, 2]|[1, 2, 1, 0, 3, 0, 1, 3, 0, 0, 2, 0, 1, 0, 1, 0, 0, 0, 1, 0, 0, 2, 0, 0, 1, 0, 0, 3, 0, 1, 0, 2, 0, 1, 3, 0, 1, 3, 1, 0, 0, 0, 1, 3, 0, 0, 1, 0, 2, 0, 0, 0, 0, 0, 1, 0, 1, 0, 1, 1, 0, 2, 2, 0, 0, 0, 1, 0, 0, 2, 0, 0, 1, 0, 0, 1, 0, 0, 3, 0, 0, 1, 0, 3, 0, 0, 1, 0, 2, 0, 0, 2, 1, 0, 0, 0, 0, 1, 0, 0],850.9632869082183,52431.02217786142,105346.60403335126,false
31,G2_TEC,G2_TEC,[31, 22, 82, 15, 26, 9, 95, 42, 77, 68, 47, 5, 93, 78, 86, 54, 85, 63, 18, 44, 20, 49, 36, 14, 74, 50, 53, 17, 21, 28, 11, 64, 3, 23, 30, 83, 24, 41, 40, 52, 65, 27, 90, 70, 39, 87, 48, 69, 99, 4, 46, 1, 13, 58, 97, 59, 45, 8, 73, 37, 35, 79, 71, 66, 76, 32, 60, 80, 96, 6, 16, 61, 33, 7, 57, 34, 12, 67, 10, 98, 56, 88, 43, 75, 91, 38, 84, 92, 29, 19, 51, 55, 72, 89, 62, 81, 94, 25, 2, 0]|[2, 1, 2, 1, 1, 2, 1, 1, 1, 1, 1, 0, 2, 2, 1, 2, 0, 0, 0, 2, 2, 1, 0, 2, 0, 2, 2, 1, 0, 1, 1, 1, 0, 0, 1, 0, 2, 1, 2, 2, 0, 0, 1, 1, 0, 2, 0, 2, 1, 0, 0, 2, 0, 0, 2, 0, 1, 1, 0, 0, 2, 1, 1, 1, 2, 0, 2, 2, 0, 1, 2, 1, 1, 2, 0, 1, 2, 1, 1, 2, 2, 1, 1, 0, 1, 0, 0, 0, 1, 1, 1, 0, 1, 1, 1, 1, 2, 1, 2, 0]|[0, 3, 0, 3, 4, 1, 4, 4, 2, 4, 3, 2, 1, 0, 2, 1, 1, 1, 2, 1, 1, 3, 0, 1, 0, 1, 1, 4, 1, 4, 3, 2, 2, 0, 4, 1, 1, 4, 1, 1, 2, 1, 4, 4, 1, 1, 0, 2, 3, 2, 2, 1, 2, 1, 1, 2, 4, 3, 0, 2, 2, 3, 3, 1, 1, 2, 1, 1, 2, 4, 1, 3, 4, 1, 2, 4, 1, 3, 3, 1, 1, 4, 4, 2, 3, 2, 2, 2, 3, 4, 3, 2, 4, 4, 3, 4, 1, 4, 1, 2]|[0, 2, 0, 0, 3, 0, 1, 3, 0, 0, 2, 0, 1, 0, 1, 0, 0, 0, 1, 0, 0, 2, 0, 0, 1, 0, 0, 3, 0, 1, 0, 2, 0, 0, 3, 0, 1, 1, 0, 0, 0, 0, 1, 3, 0, 0, 1, 0, 2, 0, 0, 0, 0, 0, 1, 0, 1, 0, 1, 1, 0, 2, 0, 2, 0, 0, 0, 0, 0, 2, 0, 0, 1, 0, 0, 1, 0, 0, 3, 0, 0, 1, 2, 0, 0, 0, 0, 0, 3, 1, 0, 0, 1, 1, 0, 2, 0, 3, 0, 0],882.9438068981488,49705.27197833951,107068.62555923434,false
31,G3_TWC,G3_TWC,[31, 22, 82, 15, 26, 58, 95, 42, 77, 12, 47, 5, 93, 78, 98, 54, 85, 63, 18, 44, 20, 35, 43, 97, 91, 76, 10, 30, 21, 45, 71, 64, 1, 23, 17, 83, 24, 14, 60, 36, 6, 57, 94, 88, 65, 56, 79, 40, 67, 68, 46, 75, 38, 9, 19, 32, 81, 41, 27, 62, 87, 90, 99, 59, 11, 16, 72, 73, 70, 39, 37, 84, 3, 92, 25, 55, 28, 29, 51, 7, 33, 61, 86, 66, 89, 50, 48, 96, 53, 8, 4, 80, 34, 49, 52, 0, 13, 2, 69, 74]|[1, 1, 0, 1, 1, 1, 2, 1, 2, 1, 2, 2, 2, 1, 1, 0, 0, 1, 0, 2, 2, 0, 1, 2, 0, 1, 2, 2, 0, 0, 1, 2, 1, 2, 1, 0, 2, 0, 1, 1, 0, 1, 1, 1, 0, 2, 1, 1, 0, 0, 0, 0, 1, 1, 2, 1, 2, 0, 0, 0, 2, 1, 0, 1, 2, 1, 2, 1, 1, 1, 1, 1, 2, 0, 1, 1, 0, 0, 0, 1, 2, 1, 0, 2, 1, 0, 0, 0, 0, 1, 0, 0, 2, 0, 1, 0, 0, 0, 1, 2]|[4, 3, 2, 2, 0, 0, 2, 2, 2, 4, 1, 1, 2, 4, 4, 1, 1, 4, 2, 1, 1, 1, 1, 2, 1, 2, 1, 1, 1, 1, 3, 2, 3, 0, 4, 0, 1, 1, 0, 3, 2, 2, 4, 0, 1, 1, 0, 2, 0, 1, 2, 2, 1, 4, 0, 3, 2, 1, 1, 2, 1, 3, 1, 1, 1, 3, 0, 4, 3, 1, 4, 1, 1, 2, 4, 4, 2, 1, 1, 3, 1, 3, 1, 1, 1, 1, 1, 1, 2, 3, 2, 1, 1, 1, 1, 2, 2, 2, 3, 1]|[0, 2, 1, 1, 3, 3, 0, 1, 0, 0, 0, 0, 1, 0, 1, 0, 0, 3, 1, 0, 0, 0, 3, 1, 0, 2, 0, 0, 0, 1, 0, 0, 0, 0, 3, 0, 1, 0, 0, 2, 1, 1, 2, 0, 0, 0, 0, 1, 1, 0, 0, 0, 1, 3, 0, 0, 1, 0, 0, 1, 0, 2, 0, 1, 0, 2, 1, 0, 0, 1, 1, 3, 0, 1, 3, 3, 1, 0, 0, 2, 0, 0, 0, 0, 1, 0, 0, 0, 1, 2, 1, 0, 0, 1, 1, 0, 0, 0, 0, 0],790.0808266764368,57926.0831962336,89131.00769295532,false
31,G1_CMAX,G4_BALANCED,[31, 11, 15, 82, 26, 9, 95, 32, 77, 68, 47, 5, 93, 78, 86, 54, 85, 63, 18, 44, 20, 49, 36, 14, 74, 50, 53, 17, 21, 45, 71, 64, 3, 23, 30, 83, 24, 41, 60, 52, 65, 27, 90, 70, 39, 87, 48, 69, 99, 4, 46, 1, 13, 58, 97, 59, 28, 75, 73, 37, 35, 79, 22, 66, 76, 42, 40, 80, 96, 6, 16, 61, 33, 7, 57, 34, 12, 67, 10, 98, 56, 88, 29, 94, 91, 51, 19, 92, 43, 84, 38, 72, 81, 8, 2, 55, 62, 89, 25, 0]|[2, 1, 1, 2, 1, 2, 1, 1, 1, 1, 1, 0, 2, 2, 1, 2, 0, 0, 0, 2, 2, 1, 0, 2, 0, 2, 2, 1, 0, 1, 1, 1, 0, 0, 1, 0, 2, 1, 2, 2, 0, 0, 1, 1, 0, 2, 0, 2, 1, 0, 0, 2, 0, 0, 2, 0, 1, 0, 0, 0, 2, 1, 0, 2, 2, 0, 2, 2, 0, 1, 2, 1, 1, 2, 0, 1, 1, 1, 1, 2, 2, 1, 1, 2, 1, 1, 1, 0, 1, 0, 0, 1, 1, 1, 2, 0, 1, 1, 1, 0]|[1, 3, 2, 0, 4, 1, 4, 4, 2, 4, 3, 2, 1, 0, 2, 1, 1, 1, 2, 1, 1, 3, 0, 1, 0, 1, 1, 4, 1, 4, 3, 2, 2, 0, 4, 1, 1, 4, 0, 1, 2, 1, 4, 4, 1, 1, 0, 2, 3, 1, 2, 1, 2, 1, 1, 2, 4, 2, 0, 2, 2, 3, 1, 0, 1, 2, 0, 1, 2, 4, 1, 3, 4, 1, 2, 4, 3, 3, 3, 1, 1, 4, 3, 1, 3, 3, 4, 2, 4, 2, 2, 4, 1, 3, 1, 2, 3, 4, 4, 2]|[1, 2, 1, 0, 3, 0, 1, 3, 0, 0, 2, 0, 1, 0, 1, 0, 0, 0, 1, 0, 0, 2, 0, 0, 1, 0, 0, 3, 0, 1, 0, 2, 0, 1, 3, 0, 1, 3, 1, 0, 0, 0, 1, 3, 0, 0, 1, 0, 2, 0, 0, 0, 0, 0, 1, 0, 1, 0, 1, 1, 0, 2, 0, 0, 0, 0, 0, 0, 0, 2, 0, 0, 1, 0, 0, 1, 0, 0, 3, 0, 0, 1, 0, 0, 0, 0, 3, 0, 2, 0, 0, 2, 1, 0, 0, 0, 0, 1, 3, 0],836.569815134707,52504.092339752446,107095.57005228325,true
31,G4_BALANCED,G4_BALANCED,[31, 11, 15, 82, 26, 9, 95, 32, 77, 68, 47, 5, 93, 78, 86, 54, 85, 63, 18, 44, 20, 49, 36, 14, 74, 50, 53, 17, 21, 45, 71, 64, 3, 23, 30, 83, 24, 41, 60, 52, 51, 27, 90, 70, 39, 87, 48, 69, 99, 4, 46, 1, 13, 58, 97, 59, 28, 8, 73, 37, 35, 79, 22, 66, 76, 42, 40, 80, 96, 6, 16, 61, 33, 7, 57, 34, 12, 67, 10, 98, 56, 88, 29, 25, 91, 38, 19, 92, 43, 84, 65, 72, 81, 75, 2, 55, 62, 89, 94, 0]|[2, 1, 1, 2, 1, 2, 1, 1, 1, 1, 1, 0, 2, 2, 1, 2, 0, 0, 0, 2, 2, 1, 0, 2, 0, 2, 2, 1, 0, 1, 1, 1, 0, 0, 1, 0, 2, 1, 2, 2, 0, 0, 1, 1, 0, 2, 0, 2, 1, 0, 0, 2, 0, 0, 2, 0, 1, 1, 0, 0, 2, 1, 1, 2, 2, 0, 2, 2, 0, 1, 2, 1, 1, 2, 0, 1, 2, 1, 1, 2, 2, 1, 1, 1, 1, 0, 1, 0, 1, 0, 1, 1, 1, 0, 2, 0, 1, 1, 2, 0]|[1, 3, 2, 0, 4, 1, 4, 4, 2, 4, 3, 2, 1, 0, 2, 1, 1, 1, 2, 1, 1, 3, 0, 1, 0, 1, 1, 4, 1, 4, 3, 2, 2, 0, 4, 1, 1, 4, 0, 1, 2, 1, 4, 4, 1, 1, 0, 2, 3, 1, 2, 1, 2, 1, 1, 2, 4, 3, 0, 2, 2, 3, 3, 0, 1, 2, 0, 1, 2, 4, 1, 3, 4, 1, 2, 4, 1, 3, 3, 1, 1, 4, 3, 4, 3, 2, 4, 2, 4, 2, 3, 4, 1, 2, 1, 2, 3, 4, 1, 2]|[1, 2, 1, 0, 3, 0, 1, 3, 0, 0, 2, 0, 1, 0, 1, 0, 0, 0, 1, 0, 0, 2, 0, 0, 1, 0, 0, 3, 0, 1, 0, 2, 0, 1, 3, 0, 1, 3, 1, 0, 0, 0, 1, 3, 0, 0, 1, 0, 2, 0, 0, 0, 0, 0, 1, 0, 1, 0, 1, 1, 0, 2, 2, 0, 0, 0, 1, 0, 0, 2, 0, 0, 1, 0, 0, 1, 0, 0, 3, 0, 0, 1, 0, 3, 0, 0, 1, 0, 2, 0, 0, 2, 1, 0, 0, 0, 0, 1, 0, 0],850.9632869082183,52431.02217786142,105346.60403335126,false
31,G2_TEC,G2_TEC,[31, 22, 82, 15, 26, 9, 95, 42, 77, 68, 47, 5, 93, 78, 86, 54, 85, 63, 18, 44, 20, 49, 36, 14, 74, 50, 53, 17, 21, 28, 11, 64, 3, 23, 30, 83, 24, 41, 40, 52, 65, 27, 90, 70, 39, 87, 48, 69, 99, 4, 46, 1, 13, 58, 97, 59, 45, 8, 73, 37, 35, 79, 71, 66, 76, 32, 60, 80, 96, 6, 16, 61, 33, 7, 57, 34, 12, 67, 10, 98, 56, 88, 43, 75, 91, 38, 84, 92, 29, 19, 51, 55, 72, 89, 62, 81, 94, 25, 2, 0]|[2, 1, 2, 1, 1, 2, 1, 1, 1, 1, 1, 0, 2, 2, 1, 2, 0, 0, 0, 2, 2, 1, 0, 2, 0, 2, 2, 1, 0, 1, 1, 1, 0, 0, 1, 0, 2, 1, 2, 2, 0, 0, 1, 1, 0, 2, 0, 2, 1, 0, 0, 2, 0, 0, 2, 0, 1, 1, 0, 0, 2, 1, 1, 1, 2, 0, 2, 2, 0, 1, 2, 1, 1, 2, 0, 1, 2, 1, 1, 2, 2, 1, 1, 0, 1, 0, 0, 0, 1, 1, 1, 0, 1, 1, 1, 1, 2, 1, 2, 0]|[0, 3, 0, 3, 4, 1, 4, 4, 2, 4, 3, 2, 1, 0, 2, 1, 1, 1, 2, 1, 1, 3, 0, 1, 0, 1, 1, 4, 1, 4, 3, 2, 2, 0, 4, 1, 1, 4, 1, 1, 2, 1, 4, 4, 1, 1, 0, 2, 3, 2, 2, 1, 2, 1, 1, 2, 4, 3, 0, 2, 2, 3, 3, 1, 1, 2, 1, 1, 2, 4, 1, 3, 4, 1, 2, 4, 1, 3, 3, 1, 1, 4, 4, 2, 3, 2, 2, 2, 3, 4, 3, 2, 4, 4, 3, 4, 1, 4, 1, 2]|[0, 2, 0, 0, 3, 0, 1, 3, 0, 0, 2, 0, 1, 0, 1, 0, 0, 0, 1, 0, 0, 2, 0, 0, 1, 0, 0, 3, 0, 1, 0, 2, 0, 0, 3, 0, 1, 1, 0, 0, 0, 0, 1, 3, 0, 0, 1, 0, 2, 0, 0, 0, 0, 0, 1, 0, 1, 0, 1, 1, 0, 2, 0, 2, 0, 0, 0, 0, 0, 2, 0, 0, 1, 0, 0, 1, 0, 0, 3, 0, 0, 1, 2, 0, 0, 0, 0, 0, 3, 1, 0, 0, 1, 1, 0, 2, 0, 3, 0, 0],882.9438068981488,49705.27197833951,107068.62555923434,false
31,G3_TWC,G3_TWC,[31, 22, 82, 15, 26, 58, 95, 42, 77, 12, 47, 5, 93, 78, 98, 54, 85, 63, 18, 44, 20, 35, 43, 97, 91, 76, 10, 30, 21, 45, 71, 64, 1, 23, 17, 83, 24, 14, 60, 36, 6, 57, 94, 88, 65, 56, 79, 40, 67, 68, 46, 75, 38, 9, 19, 32, 81, 41, 27, 62, 87, 90, 99, 59, 11, 16, 72, 73, 70, 39, 37, 84, 3, 92, 25, 55, 28, 29, 51, 7, 33, 61, 86, 66, 89, 50, 48, 96, 53, 8, 4, 80, 34, 49, 52, 0, 13, 2, 69, 74]|[1, 1, 0, 1, 1, 1, 2, 1, 2, 1, 2, 2, 2, 1, 1, 0, 0, 1, 0, 2, 2, 0, 1, 2, 0, 1, 2, 2, 0, 0, 1, 2, 1, 2, 1, 0, 2, 0, 1, 1, 0, 1, 1, 1, 0, 2, 1, 1, 0, 0, 0, 0, 1, 1, 2, 1, 2, 0, 0, 0, 2, 1, 0, 1, 2, 1, 2, 1, 1, 1, 1, 1, 2, 0, 1, 1, 0, 0, 0, 1, 2, 1, 0, 2, 1, 0, 0, 0, 0, 1, 0, 0, 2, 0, 1, 0, 0, 0, 1, 2]|[4, 3, 2, 2, 0, 0, 2, 2, 2, 4, 1, 1, 2, 4, 4, 1, 1, 4, 2, 1, 1, 1, 1, 2, 1, 2, 1, 1, 1, 1, 3, 2, 3, 0, 4, 0, 1, 1, 0, 3, 2, 2, 4, 0, 1, 1, 0, 2, 0, 1, 2, 2, 1, 4, 0, 3, 2, 1, 1, 2, 1, 3, 1, 1, 1, 3, 0, 4, 3, 1, 4, 1, 1, 2, 4, 4, 2, 1, 1, 3, 1, 3, 1, 1, 1, 1, 1, 1, 2, 3, 2, 1, 1, 1, 1, 2, 2, 2, 3, 1]|[0, 2, 1, 1, 3, 3, 0, 1, 0, 0, 0, 0, 1, 0, 1, 0, 0, 3, 1, 0, 0, 0, 3, 1, 0, 2, 0, 0, 0, 1, 0, 0, 0, 0, 3, 0, 1, 0, 0, 2, 1, 1, 2, 0, 0, 0, 0, 1, 1, 0, 0, 0, 1, 3, 0, 0, 1, 0, 0, 1, 0, 2, 0, 1, 0, 2, 1, 0, 0, 1, 1, 3, 0, 1, 3, 3, 1, 0, 0, 2, 0, 0, 0, 0, 1, 0, 0, 0, 1, 2, 1, 0, 0, 1, 1, 0, 0, 0, 0, 0],790.0808266764368,57926.0831962336,89131.00769295532,false
31,G1_CMAX,G4_BALANCED,[31, 11, 15, 82, 26, 9, 95, 32, 77, 68, 47, 5, 93, 78, 86, 54, 85, 63, 18, 44, 20, 49, 36, 14, 74, 50, 53, 17, 21, 45, 71, 64, 3, 23, 30, 83, 24, 41, 60, 52, 65, 27, 90, 70, 39, 87, 48, 69, 99, 4, 46, 1, 13, 58, 97, 59, 28, 75, 73, 37, 35, 79, 22, 66, 76, 42, 40, 80, 96, 6, 16, 61, 33, 7, 57, 34, 12, 67, 10, 98, 56, 88, 29, 94, 91, 51, 19, 92, 43, 84, 38, 72, 81, 8, 2, 55, 62, 89, 25, 0]|[2, 1, 1, 2, 1, 2, 1, 1, 1, 1, 1, 0, 2, 2, 1, 2, 0, 0, 0, 2, 2, 1, 0, 2, 0, 2, 2, 1, 0, 1, 1, 1, 0, 0, 1, 0, 2, 1, 2, 2, 0, 0, 1, 1, 0, 2, 0, 2, 1, 0, 0, 2, 0, 0, 2, 0, 1, 0, 0, 0, 2, 1, 0, 2, 2, 0, 2, 2, 0, 1, 2, 1, 1, 2, 0, 1, 1, 1, 1, 2, 2, 1, 1, 2, 1, 1, 1, 0, 1, 0, 0, 1, 1, 1, 2, 0, 1, 1, 1, 0]|[1, 3, 2, 0, 4, 1, 4, 4, 2, 4, 3, 2, 1, 0, 2, 1, 1, 1, 2, 1, 1, 3, 0, 1, 0, 1, 1, 4, 1, 4, 3, 2, 2, 0, 4, 1, 1, 4, 0, 1, 2, 1, 4, 4, 1, 1, 0, 2, 3, 1, 2, 1, 2, 1, 1, 2, 4, 2, 0, 2, 2, 3, 1, 0, 1, 2, 0, 1, 2, 4, 1, 3, 4, 1, 2, 4, 3, 3, 3, 1, 1, 4, 3, 1, 3, 3, 4, 2, 4, 2, 2, 4, 1, 3, 1, 2, 3, 4, 4, 2]|[1, 2, 1, 0, 3, 0, 1, 3, 0, 0, 2, 0, 1, 0, 1, 0, 0, 0, 1, 0, 0, 2, 0, 0, 1, 0, 0, 3, 0, 1, 0, 2, 0, 1, 3, 0, 1, 3, 1, 0, 0, 0, 1, 3, 0, 0, 1, 0, 2, 0, 0, 0, 0, 0, 1, 0, 1, 0, 1, 1, 0, 2, 0, 0, 0, 0, 0, 0, 0, 2, 0, 0, 1, 0, 0, 1, 0, 0, 3, 0, 0, 1, 0, 0, 0, 0, 3, 0, 2, 0, 0, 2, 1, 0, 0, 0, 0, 1, 3, 0],836.569815134707,52504.092339752446,107095.57005228325,true
31,G4_BALANCED,G4_BALANCED,[31, 11, 15, 82, 26, 9, 95, 32, 77, 68, 47, 5, 93, 78, 86, 54, 85, 63, 18, 44, 20, 49, 36, 14, 74, 50, 53, 17, 21, 45, 71, 64, 3, 23, 30, 83, 24, 41, 60, 52, 51, 27, 90, 70, 39, 87, 48, 69, 99, 4, 46, 1, 13, 58, 97, 59, 28, 8, 73, 37, 35, 79, 22, 66, 76, 42, 40, 80, 96, 6, 16, 61, 33, 7, 57, 34, 12, 67, 10, 98, 56, 88, 29, 25, 91, 38, 19, 92, 43, 84, 65, 72, 81, 75, 2, 55, 62, 89, 94, 0]|[2, 1, 1, 2, 1, 2, 1, 1, 1, 1, 1, 0, 2, 2, 1, 2, 0, 0, 0, 2, 2, 1, 0, 2, 0, 2, 2, 1, 0, 1, 1, 1, 0, 0, 1, 0, 2, 1, 2, 2, 0, 0, 1, 1, 0, 2, 0, 2, 1, 0, 0, 2, 0, 0, 2, 0, 1, 1, 0, 0, 2, 1, 1, 2, 2, 0, 2, 2, 0, 1, 2, 1, 1, 2, 0, 1, 2, 1, 1, 2, 2, 1, 1, 1, 1, 0, 1, 0, 1, 0, 1, 1, 1, 0, 2, 0, 1, 1, 2, 0]|[1, 3, 2, 0, 4, 1, 4, 4, 2, 4, 3, 2, 1, 0, 2, 1, 1, 1, 2, 1, 1, 3, 0, 1, 0, 1, 1, 4, 1, 4, 3, 2, 2, 0, 4, 1, 1, 4, 0, 1, 2, 1, 4, 4, 1, 1, 0, 2, 3, 1, 2, 1, 2, 1, 1, 2, 4, 3, 0, 2, 2, 3, 3, 0, 1, 2, 0, 1, 2, 4, 1, 3, 4, 1, 2, 4, 1, 3, 3, 1, 1, 4, 3, 4, 3, 2, 4, 2, 4, 2, 3, 4, 1, 2, 1, 2, 3, 4, 1, 2]|[1, 2, 1, 0, 3, 0, 1, 3, 0, 0, 2, 0, 1, 0, 1, 0, 0, 0, 1, 0, 0, 2, 0, 0, 1, 0, 0, 3, 0, 1, 0, 2, 0, 1, 3, 0, 1, 3, 1, 0, 0, 0, 1, 3, 0, 0, 1, 0, 2, 0, 0, 0, 0, 0, 1, 0, 1, 0, 1, 1, 0, 2, 2, 0, 0, 0, 1, 0, 0, 2, 0, 0, 1, 0, 0, 1, 0, 0, 3, 0, 0, 1, 0, 3, 0, 0, 1, 0, 2, 0, 0, 2, 1, 0, 0, 0, 0, 1, 0, 0],850.9632869082183,52431.02217786142,105346.60403335126,false
31,G2_TEC,G2_TEC,[31, 22, 82, 15, 26, 9, 95, 42, 77, 68, 47, 5, 93, 78, 86, 54, 85, 63, 18, 44, 20, 49, 36, 14, 74, 50, 53, 17, 21, 28, 11, 64, 3, 23, 30, 83, 24, 41, 40, 52, 65, 27, 90, 70, 39, 87, 48, 69, 99, 4, 46, 1, 13, 58, 97, 59, 45, 8, 73, 37, 35, 79, 71, 66, 76, 32, 60, 80, 96, 6, 16, 61, 33, 7, 57, 34, 12, 67, 10, 98, 56, 88, 43, 75, 91, 38, 84, 92, 29, 19, 51, 55, 72, 89, 62, 81, 94, 25, 2, 0]|[2, 1, 2, 1, 1, 2, 1, 1, 1, 1, 1, 0, 2, 2, 1, 2, 0, 0, 0, 2, 2, 1, 0, 2, 0, 2, 2, 1, 0, 1, 1, 1, 0, 0, 1, 0, 2, 1, 2, 2, 0, 0, 1, 1, 0, 2, 0, 2, 1, 0, 0, 2, 0, 0, 2, 0, 1, 1, 0, 0, 2, 1, 1, 1, 2, 0, 2, 2, 0, 1, 2, 1, 1, 2, 0, 1, 2, 1, 1, 2, 2, 1, 1, 0, 1, 0, 0, 0, 1, 1, 1, 0, 1, 1, 1, 1, 2, 1, 2, 0]|[0, 3, 0, 3, 4, 1, 4, 4, 2, 4, 3, 2, 1, 0, 2, 1, 1, 1, 2, 1, 1, 3, 0, 1, 0, 1, 1, 4, 1, 4, 3, 2, 2, 0, 4, 1, 1, 4, 1, 1, 2, 1, 4, 4, 1, 1, 0, 2, 3, 2, 2, 1, 2, 1, 1, 2, 4, 3, 0, 2, 2, 3, 3, 1, 1, 2, 1, 1, 2, 4, 1, 3, 4, 1, 2, 4, 1, 3, 3, 1, 1, 4, 4, 2, 3, 2, 2, 2, 3, 4, 3, 2, 4, 4, 3, 4, 1, 4, 1, 2]|[0, 2, 0, 0, 3, 0, 1, 3, 0, 0, 2, 0, 1, 0, 1, 0, 0, 0, 1, 0, 0, 2, 0, 0, 1, 0, 0, 3, 0, 1, 0, 2, 0, 0, 3, 0, 1, 1, 0, 0, 0, 0, 1, 3, 0, 0, 1, 0, 2, 0, 0, 0, 0, 0, 1, 0, 1, 0, 1, 1, 0, 2, 0, 2, 0, 0, 0, 0, 0, 2, 0, 0, 1, 0, 0, 1, 0, 0, 3, 0, 0, 1, 2, 0, 0, 0, 0, 0, 3, 1, 0, 0, 1, 1, 0, 2, 0, 3, 0, 0],882.9438068981488,49705.27197833951,107068.62555923434,false
31,G3_TWC,G3_TWC,[31, 22, 82, 15, 26, 58, 95, 42, 77, 12, 47, 5, 93, 78, 98, 54, 85, 63, 18, 44, 20, 35, 43, 97, 91, 76, 10, 30, 21, 45, 71, 64, 1, 23, 17, 83, 24, 14, 60, 36, 6, 57, 94, 88, 65, 56, 79, 40, 67, 68, 46, 75, 38, 9, 19, 32, 81, 41, 27, 62, 87, 90, 99, 59, 11, 16, 72, 73, 70, 39, 37, 84, 3, 92, 25, 55, 28, 29, 51, 7, 33, 61, 86, 66, 89, 50, 48, 96, 53, 8, 4, 80, 34, 49, 52, 0, 13, 2, 69, 74]|[1, 1, 0, 1, 1, 1, 2, 1, 2, 1, 2, 2, 2, 1, 1, 0, 0, 1, 0, 2, 2, 0, 1, 2, 0, 1, 2, 2, 0, 0, 1, 2, 1, 2, 1, 0, 2, 0, 1, 1, 0, 1, 1, 1, 0, 2, 1, 1, 0, 0, 0, 0, 1, 1, 2, 1, 2, 0, 0, 0, 2, 1, 0, 1, 2, 1, 2, 1, 1, 1, 1, 1, 2, 0, 1, 1, 0, 0, 0, 1, 2, 1, 0, 2, 1, 0, 0, 0, 0, 1, 0, 0, 2, 0, 1, 0, 0, 0, 1, 2]|[4, 3, 2, 2, 0, 0, 2, 2, 2, 4, 1, 1, 2, 4, 4, 1, 1, 4, 2, 1, 1, 1, 1, 2, 1, 2, 1, 1, 1, 1, 3, 2, 3, 0, 4, 0, 1, 1, 0, 3, 2, 2, 4, 0, 1, 1, 0, 2, 0, 1, 2, 2, 1, 4, 0, 3, 2, 1, 1, 2, 1, 3, 1, 1, 1, 3, 0, 4, 3, 1, 4, 1, 1, 2, 4, 4, 2, 1, 1, 3, 1, 3, 1, 1, 1, 1, 1, 1, 2, 3, 2, 1, 1, 1, 1, 2, 2, 2, 3, 1]|[0, 2, 1, 1, 3, 3, 0, 1, 0, 0, 0, 0, 1, 0, 1, 0, 0, 3, 1, 0, 0, 0, 3, 1, 0, 2, 0, 0, 0, 1, 0, 0, 0, 0, 3, 0, 1, 0, 0, 2, 1, 1, 2, 0, 0, 0, 0, 1, 1, 0, 0, 0, 1, 3, 0, 0, 1, 0, 0, 1, 0, 2, 0, 1, 0, 2, 1, 0, 0, 1, 1, 3, 0, 1, 3, 3, 1, 0, 0, 2, 0, 0, 0, 0, 1, 0, 0, 0, 1, 2, 1, 0, 0, 1, 1, 0, 0, 0, 0, 0],790.0808266764368,57926.0831962336,89131.00769295532,false
31,G1_CMAX,G1_CMAX,[31, 22, 82, 15, 26, 99, 95, 42, 77, 12, 47, 5, 93, 78, 86, 54, 21, 63, 18, 44, 20, 35, 43, 97, 91, 76, 10, 30, 85, 45, 71, 64, 1, 23, 17, 83, 24, 14, 60, 36, 6, 57, 40, 88, 65, 56, 79, 94, 67, 68, 46, 75, 38, 9, 19, 32, 41, 81, 27, 87, 90, 58, 59, 11, 16, 72, 73, 70, 39, 37, 84, 3, 92, 25, 55, 48, 62, 29, 51, 96, 33, 61, 98, 28, 89, 50, 4, 7, 53, 80, 52, 66, 34, 49, 8, 0, 74, 69, 2, 13]|[1, 1, 0, 1, 1, 0, 1, 1, 2, 1, 2, 2, 2, 1, 1, 0, 0, 1, 0, 2, 2, 0, 1, 2, 0, 1, 2, 2, 0, 0, 1, 2, 1, 2, 1, 0, 2, 0, 1, 1, 0, 1, 1, 1, 0, 2, 1, 1, 0, 0, 0, 0, 1, 1, 2, 1, 0, 2, 0, 2, 1, 0, 1, 2, 1, 2, 1, 1, 1, 1, 1, 1, 0, 1, 2, 0, 0, 0, 0, 2, 2, 1, 2, 0, 1, 0, 1, 2, 0, 0, 1, 2, 2, 0, 1, 0, 2, 1, 0, 0]|[0, 3, 2, 2, 4, 1, 2, 3, 2, 4, 1, 1, 2, 4, 4, 1, 1, 4, 2, 1, 1, 1, 1, 2, 1, 2, 1, 1, 2, 1, 3, 2, 3, 1, 4, 0, 1, 1, 0, 3, 2, 2, 2, 0, 1, 1, 0, 4, 0, 1, 2, 2, 1, 4, 0, 3, 1, 1, 1, 1, 3, 1, 1, 1, 3, 0, 4, 3, 1, 4, 1, 1, 0, 4, 1, 1, 2, 1, 1, 1, 1, 3, 1, 2, 1, 1, 4, 1, 2, 1, 1, 1, 1, 1, 3, 2, 1, 4, 2, 2]|[0, 2, 1, 1, 3, 0, 1, 3, 0, 0, 0, 0, 1, 0, 1, 0, 0, 3, 1, 0, 0, 0, 3, 1, 0, 2, 0, 0, 0, 1, 0, 0, 0, 0, 3, 0, 1, 0, 0, 2, 1, 1, 1, 0, 0, 0, 0, 2, 1, 0, 0, 0, 1, 3, 0, 0, 0, 0, 0, 0, 2, 0, 1, 0, 2, 1, 0, 0, 1, 1, 3, 1, 1, 3, 0, 0, 1, 0, 0, 0, 0, 0, 0, 1, 1, 0, 0, 0, 1, 0, 1, 0, 0, 1, 2, 0, 0, 2, 0, 0],731.2476204416437,56784.74762275103,92889.2977037672,false
31,G4_BALANCED,G4_BALANCED,[31, 11, 15, 82, 26, 9, 95, 32, 77, 68, 47, 5, 93, 78, 86, 54, 85, 63, 18, 44, 20, 49, 36, 14, 74, 50, 53, 17, 21, 45, 71, 64, 3, 23, 30, 83, 24, 41, 60, 52, 51, 27, 90, 70, 39, 87, 48, 69, 99, 4, 46, 1, 13, 58, 97, 59, 28, 8, 73, 37, 35, 79, 22, 66, 76, 42, 40, 80, 96, 6, 16, 61, 33, 7, 57, 34, 12, 67, 10, 98, 56, 88, 29, 25, 91, 38, 19, 92, 43, 84, 65, 72, 81, 75, 2, 55, 62, 89, 94, 0]|[2, 1, 1, 2, 1, 2, 1, 1, 1, 1, 1, 0, 2, 2, 1, 2, 0, 0, 0, 2, 2, 1, 0, 2, 0, 2, 2, 1, 0, 1, 1, 1, 0, 0, 1, 0, 2, 1, 2, 2, 0, 0, 1, 1, 0, 2, 0, 2, 1, 0, 0, 2, 0, 0, 2, 0, 1, 1, 0, 0, 2, 1, 1, 2, 2, 0, 2, 2, 0, 1, 2, 1, 1, 2, 0, 1, 2, 1, 1, 2, 2, 1, 1, 1, 1, 0, 1, 0, 1, 0, 1, 1, 1, 0, 2, 0, 1, 1, 2, 0]|[1, 3, 2, 0, 4, 1, 4, 4, 2, 4, 3, 2, 1, 0, 2, 1, 1, 1, 2, 1, 1, 3, 0, 1, 0, 1, 1, 4, 1, 4, 3, 2, 2, 0, 4, 1, 1, 4, 0, 1, 2, 1, 4, 4, 1, 1, 0, 2, 3, 1, 2, 1, 2, 1, 1, 2, 4, 3, 0, 2, 2, 3, 3, 0, 1, 2, 0, 1, 2, 4, 1, 3, 4, 1, 2, 4, 1, 3, 3, 1, 1, 4, 3, 4, 3, 2, 4, 2, 4, 2, 3, 4, 1, 2, 1, 2, 3, 4, 1, 2]|[1, 2, 1, 0, 3, 0, 1, 3, 0, 0, 2, 0, 1, 0, 1, 0, 0, 0, 1, 0, 0, 2, 0, 0, 1, 0, 0, 3, 0, 1, 0, 2, 0, 1, 3, 0, 1, 3, 1, 0, 0, 0, 1, 3, 0, 0, 1, 0, 2, 0, 0, 0, 0, 0, 1, 0, 1, 0, 1, 1, 0, 2, 2, 0, 0, 0, 1, 0, 0, 2, 0, 0, 1, 0, 0, 1, 0, 0, 3, 0, 0, 1, 0, 3, 0, 0, 1, 0, 2, 0, 0, 2, 1, 0, 0, 0, 0, 1, 0, 0],850.9632869082183,52431.02217786142,105346.60403335126,false
31,G2_TEC,G2_TEC,[31, 22, 82, 15, 26, 9, 95, 42, 77, 68, 83, 5, 93, 78, 86, 54, 85, 63, 18, 44, 20, 49, 36, 14, 74, 50, 53, 17, 21, 28, 11, 64, 3, 23, 30, 47, 24, 41, 40, 52, 65, 27, 90, 70, 39, 87, 48, 69, 99, 4, 46, 1, 13, 58, 97, 59, 45, 8, 73, 37, 35, 79, 71, 66, 76, 32, 60, 80, 96, 6, 16, 61, 33, 7, 57, 34, 12, 67, 10, 98, 56, 88, 43, 75, 91, 38, 84, 92, 29, 19, 51, 55, 72, 89, 62, 81, 94, 25, 2, 0]|[2, 1, 2, 1, 1, 2, 1, 1, 1, 1, 1, 0, 2, 2, 1, 2, 0, 0, 0, 2, 2, 1, 0, 2, 0, 2, 2, 1, 0, 1, 1, 1, 0, 0, 1, 0, 2, 1, 2, 2, 0, 0, 1, 1, 0, 2, 0, 2, 1, 0, 0, 2, 0, 0, 2, 0, 1, 1, 0, 0, 2, 1, 1, 1, 2, 0, 2, 2, 0, 1, 1, 1, 1, 2, 0, 1, 1, 2, 1, 2, 2, 1, 1, 0, 1, 0, 0, 0, 1, 1, 1, 0, 1, 1, 1, 1, 2, 1, 2, 0]|[0, 3, 0, 3, 4, 1, 4, 4, 2, 4, 3, 2, 1, 0, 2, 1, 1, 1, 2, 1, 1, 3, 0, 1, 0, 1, 1, 4, 1, 4, 3, 2, 2, 0, 4, 1, 1, 4, 1, 1, 2, 1, 4, 4, 1, 1, 0, 2, 3, 2, 2, 1, 2, 1, 1, 2, 4, 3, 0, 2, 2, 3, 3, 1, 1, 2, 1, 1, 2, 4, 3, 3, 4, 1, 2, 4, 3, 1, 3, 1, 1, 4, 4, 2, 3, 2, 2, 2, 3, 4, 3, 2, 4, 4, 3, 4, 1, 4, 1, 2]|[0, 2, 0, 0, 3, 0, 1, 3, 0, 0, 2, 0, 1, 0, 1, 0, 0, 0, 1, 0, 0, 2, 0, 0, 1, 0, 0, 3, 0, 1, 0, 2, 0, 0, 3, 0, 1, 3, 0, 0, 0, 0, 1, 3, 0, 0, 1, 0, 2, 0, 0, 0, 0, 0, 1, 0, 1, 0, 1, 1, 0, 2, 0, 2, 0, 0, 0, 0, 0, 2, 0, 0, 1, 0, 0, 1, 0, 0, 3, 0, 0, 1, 2, 0, 0, 0, 0, 0, 3, 1, 0, 0, 1, 1, 0, 2, 0, 3, 0, 0],875.1301587940468,49727.32760625915,107510.02538268878,false
31,G3_TWC,G3_TWC,[31, 22, 82, 15, 26, 58, 95, 42, 77, 12, 47, 5, 93, 78, 98, 54, 85, 63, 18, 44, 20, 35, 43, 97, 91, 76, 10, 30, 21, 45, 71, 64, 1, 23, 17, 83, 24, 14, 60, 36, 6, 57, 94, 88, 65, 56, 79, 40, 67, 68, 46, 75, 38, 9, 19, 32, 81, 41, 27, 62, 87, 90, 99, 59, 11, 16, 72, 73, 70, 39, 37, 84, 3, 92, 25, 55, 28, 29, 51, 7, 33, 61, 86, 66, 89, 50, 48, 96, 53, 8, 4, 80, 34, 49, 52, 0, 13, 2, 69, 74]|[1, 1, 0, 1, 1, 1, 2, 1, 2, 1, 2, 2, 2, 1, 1, 0, 0, 1, 0, 2, 2, 0, 1, 2, 0, 1, 2, 2, 0, 0, 1, 2, 1, 2, 1, 0, 2, 0, 1, 1, 0, 1, 1, 1, 0, 2, 1, 1, 0, 0, 0, 0, 1, 1, 2, 1, 2, 0, 0, 0, 2, 1, 0, 1, 2, 1, 2, 1, 1, 1, 1, 1, 2, 0, 1, 1, 0, 0, 0, 1, 2, 1, 0, 2, 1, 0, 0, 0, 0, 1, 0, 0, 2, 0, 1, 0, 0, 0, 1, 2]|[4, 3, 2, 2, 0, 0, 2, 2, 2, 4, 1, 1, 2, 4, 4, 1, 1, 4, 2, 1, 1, 1, 1, 2, 1, 2, 1, 1, 1, 1, 3, 2, 3, 0, 4, 0, 1, 1, 0, 3, 2, 2, 4, 0, 1, 1, 0, 2, 0, 1, 2, 2, 1, 4, 0, 3, 2, 1, 1, 2, 1, 3, 1, 1, 1, 3, 0, 4, 3, 1, 4, 1, 1, 2, 4, 4, 2, 1, 1, 3, 1, 3, 1, 1, 1, 1, 1, 1, 2, 3, 2, 1, 1, 1, 1, 2, 2, 2, 3, 1]|[0, 2, 1, 1, 3, 3, 0, 1, 0, 0, 0, 0, 1, 0, 1, 0, 0, 3, 1, 0, 0, 0, 3, 1, 0, 2, 0, 0, 0, 1, 0, 0, 0, 0, 3, 0, 1, 0, 0, 2, 1, 1, 2, 0, 0, 0, 0, 1, 1, 0, 0, 0, 1, 3, 0, 0, 1, 0, 0, 1, 0, 2, 0, 1, 0, 2, 1, 0, 0, 1, 1, 3, 0, 1, 3, 3, 1, 0, 0, 2, 0, 0, 0, 0, 1, 0, 0, 0, 1, 2, 1, 0, 0, 1, 1, 0, 0, 0, 0, 0],790.0808266764368,57926.0831962336,89131.00769295532,false
31,G1_CMAX,G4_BALANCED,[31, 11, 82, 15, 26, 9, 95, 42, 77, 68, 47, 5, 93, 78, 86, 54, 85, 63, 18, 44, 20, 49, 36, 14, 74, 50, 53, 17, 21, 45, 71, 64, 3, 23, 30, 83, 24, 41, 60, 52, 65, 27, 90, 70, 39, 87, 48, 69, 99, 4, 46, 1, 13, 58, 97, 59, 28, 75, 73, 37, 35, 79, 22, 66, 76, 32, 40, 80, 96, 6, 61, 16, 7, 33, 57, 34, 12, 67, 10, 98, 56, 88, 29, 8, 91, 38, 19, 92, 43, 84, 51, 72, 81, 25, 94, 55, 0, 89, 2, 62]|[2, 1, 2, 1, 1, 2, 1, 1, 1, 1, 1, 0, 2, 2, 1, 2, 0, 0, 0, 2, 2, 1, 0, 2, 0, 2, 2, 1, 0, 1, 1, 1, 0, 0, 1, 0, 2, 1, 2, 2, 0, 0, 1, 1, 0, 2, 0, 2, 1, 0, 0, 2, 0, 0, 2, 0, 1, 1, 0, 0, 2, 1, 0, 2, 2, 0, 2, 2, 0, 1, 2, 2, 2, 1, 0, 1, 1, 1, 1, 2, 2, 1, 1, 0, 1, 0, 1, 0, 1, 0, 1, 1, 1, 1, 2, 0, 0, 1, 2, 1]|[0, 3, 0, 2, 4, 1, 4, 4, 2, 4, 3, 2, 1, 0, 2, 1, 1, 1, 2, 1, 1, 3, 0, 1, 0, 1, 1, 4, 1, 4, 3, 2, 2, 0, 4, 1, 1, 4, 0, 1, 2, 1, 4, 4, 1, 1, 0, 2, 3, 1, 2, 1, 2, 1, 1, 2, 4, 3, 0, 2, 2, 3, 1, 0, 1, 2, 0, 1, 2, 4, 1, 1, 1, 4, 2, 4, 3, 3, 3, 1, 1, 4, 3, 2, 3, 2, 4, 2, 4, 2, 3, 4, 1, 4, 1, 2, 2, 4, 1, 3]|[0, 2, 0, 1, 3, 0, 1, 3, 0, 0, 2, 0, 1, 0, 1, 0, 0, 0, 1, 0, 0, 2, 0, 0, 1, 0, 0, 3, 0, 1, 0, 2, 0, 1, 3, 0, 1, 3, 1, 0, 0, 0, 1, 3, 0, 0, 1, 0, 2, 0, 0, 0, 0, 0, 1, 0, 1, 0, 1, 1, 0, 2, 0, 0, 0, 0, 1, 0, 0, 2, 0, 0, 0, 1, 0, 1, 0, 0, 3, 0, 0, 1, 0, 0, 0, 0, 3, 0, 2, 0, 0, 2, 1, 3, 0, 0, 0, 1, 0, 0],843.8855010804491,52510.30755899072,105664.6447807653,true
31,G4_BALANCED,G4_BALANCED,[31, 11, 15, 82, 26, 9, 95, 32, 77, 68, 47, 5, 93, 78, 86, 54, 85, 63, 18, 44, 20, 49, 36, 14, 74, 50, 53, 17, 21, 45, 71, 64, 3, 23, 30, 83, 24, 41, 60, 52, 51, 27, 90, 70, 39, 87, 48, 69, 99, 4, 46, 1, 13, 58, 97, 59, 28, 8, 73, 37, 35, 79, 22, 66, 76, 42, 40, 80, 96, 6, 16, 61, 33, 7, 57, 34, 12, 67, 10, 98, 56, 88, 29, 25, 91, 38, 19, 92, 43, 84, 65, 72, 81, 75, 2, 55, 62, 89, 94, 0]|[2, 1, 1, 2, 1, 2, 1, 1, 1, 1, 1, 0, 2, 2, 1, 2, 0, 0, 0, 2, 2, 1, 0, 2, 0, 2, 2, 1, 0, 1, 1, 1, 0, 0, 1, 0, 2, 1, 2, 2, 0, 0, 1, 1, 0, 2, 0, 2, 1, 0, 0, 2, 0, 0, 2, 0, 1, 1, 0, 0, 2, 1, 1, 2, 2, 0, 2, 2, 0, 1, 2, 1, 1, 2, 0, 1, 2, 1, 1, 2, 2, 1, 1, 1, 1, 0, 1, 0, 1, 0, 1, 1, 1, 0, 2, 0, 1, 1, 2, 0]|[1, 3, 2, 0, 4, 1, 4, 4, 2, 4, 3, 2, 1, 0, 2, 1, 1, 1, 2, 1, 1, 3, 0, 1, 0, 1, 1, 4, 1, 4, 3, 2, 2, 0, 4, 1, 1, 4, 0, 1, 2, 1, 4, 4, 1, 1, 0, 2, 3, 1, 2, 1, 2, 1, 1, 2, 4, 3, 0, 2, 2, 3, 3, 0, 1, 2, 0, 1, 2, 4, 1, 3, 4, 1, 2, 4, 1, 3, 3, 1, 1, 4, 3, 4, 3, 2, 4, 2, 4, 2, 3, 4, 1, 2, 1, 2, 3, 4, 1, 2]|[1, 2, 1, 0, 3, 0, 1, 3, 0, 0, 2, 0, 1, 0, 1, 0, 0, 0, 1, 0, 0, 2, 0, 0, 1, 0, 0, 3, 0, 1, 0, 2, 0, 1, 3, 0, 1, 3, 1, 0, 0, 0, 1, 3, 0, 0, 1, 0, 2, 0, 0, 0, 0, 0, 1, 0, 1, 0, 1, 1, 0, 2, 2, 0, 0, 0, 1, 0, 0, 2, 0, 0, 1, 0, 0, 1, 0, 0, 3, 0, 0, 1, 0, 3, 0, 0, 1, 0, 2, 0, 0, 2, 1, 0, 0, 0, 0, 1, 0, 0],850.9632869082183,52431.02217786142,105346.60403335126,false
31,G2_TEC,G2_TEC,[31, 22, 82, 15, 26, 9, 95, 42, 77, 68, 47, 5, 93, 78, 86, 54, 85, 63, 18, 44, 20, 49, 36, 14, 74, 50, 53, 17, 21, 28, 11, 64, 3, 23, 30, 83, 24, 41, 40, 52, 65, 27, 90, 70, 39, 87, 48, 69, 99, 4, 46, 1, 13, 58, 97, 59, 45, 8, 73, 37, 35, 79, 71, 66, 76, 32, 60, 80, 96, 6, 67, 61, 33, 7, 57, 34, 12, 16, 10, 98, 56, 88, 43, 75, 91, 38, 84, 92, 29, 19, 51, 55, 72, 89, 25, 81, 94, 2, 62, 0]|[2, 1, 2, 1, 1, 2, 1, 1, 1, 1, 1, 0, 2, 2, 1, 2, 0, 0, 0, 2, 2, 1, 0, 2, 0, 2, 2, 1, 0, 1, 1, 1, 0, 0, 1, 0, 2, 1, 2, 2, 0, 0, 1, 1, 0, 2, 0, 2, 1, 0, 0, 2, 0, 0, 2, 0, 1, 1, 0, 0, 2, 1, 1, 2, 2, 0, 2, 2, 0, 1, 2, 1, 1, 2, 0, 1, 1, 2, 1, 2, 2, 1, 1, 0, 1, 0, 0, 0, 1, 1, 1, 0, 1, 1, 1, 1, 2, 2, 1, 0]|[0, 3, 0, 3, 4, 1, 4, 4, 2, 4, 3, 2, 1, 0, 2, 1, 1, 1, 2, 1, 1, 3, 0, 1, 0, 1, 1, 4, 1, 4, 3, 2, 2, 0, 4, 1, 1, 4, 1, 1, 2, 1, 4, 4, 1, 1, 0, 2, 3, 2, 2, 1, 2, 1, 1, 2, 4, 3, 0, 2, 2, 3, 3, 1, 1, 2, 1, 1, 2, 4, 1, 3, 4, 1, 2, 4, 3, 1, 3, 1, 1, 4, 4, 2, 3, 2, 2, 2, 3, 4, 3, 2, 4, 4, 4, 4, 1, 1, 3, 2]|[0, 2, 0, 0, 3, 0, 1, 3, 0, 0, 2, 0, 1, 0, 1, 0, 0, 0, 1, 0, 0, 2, 0, 0, 1, 0, 0, 3, 0, 1, 0, 2, 0, 0, 3, 0, 1, 1, 0, 0, 0, 0, 1, 3, 0, 0, 1, 0, 2, 0, 0, 0, 0, 0, 1, 0, 1, 0, 1, 1, 0, 2, 0, 0, 0, 0, 0, 0, 0, 2, 0, 0, 1, 0, 0, 1, 0, 0, 3, 0, 0, 1, 2, 0, 0, 0, 0, 0, 3, 1, 0, 0, 1, 1, 3, 2, 0, 0, 0, 0],909.3679954935071,49484.02452805352,107562.61262264091,false
31,G3_TWC,G3_TWC,[31, 22, 82, 15, 26, 58, 95, 42, 77, 12, 47, 5, 93, 78, 98, 54, 85, 63, 18, 44, 20, 35, 43, 97, 91, 76, 10, 30, 21, 45, 71, 64, 1, 23, 17, 83, 24, 14, 60, 36, 6, 57, 94, 88, 65, 56, 79, 40, 67, 68, 46, 75, 38, 9, 19, 32, 81, 41, 27, 62, 87, 90, 99, 59, 11, 16, 72, 73, 70, 39, 37, 84, 3, 92, 25, 55, 28, 29, 51, 7, 33, 61, 86, 66, 89, 50, 48, 96, 53, 8, 4, 80, 34, 49, 52, 0, 13, 2, 69, 74]|[1, 1, 0, 1, 1, 1, 2, 1, 2, 1, 2, 2, 2, 1, 1, 0, 0, 1, 0, 2, 2, 0, 1, 2, 0, 1, 2, 2, 0, 0, 1, 2, 1, 2, 1, 0, 2, 0, 1, 1, 0, 1, 1, 1, 0, 2, 1, 1, 0, 0, 0, 0, 1, 1, 2, 1, 2, 0, 0, 0, 2, 1, 0, 1, 2, 1, 2, 1, 1, 1, 1, 1, 2, 0, 1, 1, 0, 0, 0, 1, 2, 1, 0, 2, 1, 0, 0, 0, 0, 1, 0, 0, 2, 0, 1, 0, 0, 0, 1, 2]|[4, 3, 2, 2, 0, 0, 2, 2, 2, 4, 1, 1, 2, 4, 4, 1, 1, 4, 2, 1, 1, 1, 1, 2, 1, 2, 1, 1, 1, 1, 3, 2, 3, 0, 4, 0, 1, 1, 0, 3, 2, 2, 4, 0, 1, 1, 0, 2, 0, 1, 2, 2, 1, 4, 0, 3, 2, 1, 1, 2, 1, 3, 1, 1, 1, 3, 0, 4, 3, 1, 4, 1, 1, 2, 4, 4, 2, 1, 1, 3, 1, 3, 1, 1, 1, 1, 1, 1, 2, 3, 2, 1, 1, 1, 1, 2, 2, 2, 3, 1]|[0, 2, 1, 1, 3, 3, 0, 1, 0, 0, 0, 0, 1, 0, 1, 0, 0, 3, 1, 0, 0, 0, 3, 1, 0, 2, 0, 0, 0, 1, 0, 0, 0, 0, 3, 0, 1, 0, 0, 2, 1, 1, 2, 0, 0, 0, 0, 1, 1, 0, 0, 0, 1, 3, 0, 0, 1, 0, 0, 1, 0, 2, 0, 1, 0, 2, 1, 0, 0, 1, 1, 3, 0, 1, 3, 3, 1, 0, 0, 2, 0, 0, 0, 0, 1, 0, 0, 0, 1, 2, 1, 0, 0, 1, 1, 0, 0, 0, 0, 0],790.0808266764368,57926.0831962336,89131.00769295532,false
31,G1_CMAX,G1_CMAX,[31, 22, 82, 15, 26, 99, 95, 42, 77, 12, 47, 5, 93, 78, 86, 54, 21, 63, 18, 44, 20, 35, 43, 97, 91, 76, 10, 30, 85, 45, 71, 64, 1, 23, 17, 83, 24, 14, 60, 36, 6, 57, 40, 88, 65, 56, 79, 94, 67, 68, 46, 75, 38, 9, 19, 32, 41, 81, 27, 87, 90, 58, 59, 11, 16, 72, 73, 70, 39, 37, 84, 3, 92, 25, 55, 48, 62, 29, 51, 96, 33, 61, 98, 28, 89, 50, 4, 7, 53, 80, 52, 66, 34, 49, 8, 0, 74, 69, 2, 13]|[1, 1, 0, 1, 1, 0, 1, 1, 2, 1, 2, 2, 2, 1, 1, 0, 0, 1, 0, 2, 2, 0, 1, 2, 0, 1, 2, 2, 0, 0, 1, 2, 1, 2, 1, 0, 2, 0, 1, 1, 0, 1, 1, 1, 0, 2, 1, 1, 0, 0, 0, 0, 1, 1, 2, 1, 0, 2, 0, 2, 1, 0, 1, 2, 1, 2, 1, 1, 1, 1, 1, 1, 0, 1, 2, 0, 0, 0, 0, 2, 2, 1, 2, 0, 1, 0, 1, 2, 0, 0, 1, 2, 2, 0, 1, 0, 2, 1, 0, 0]|[0, 3, 2, 2, 4, 1, 2, 3, 2, 4, 1, 1, 2, 4, 4, 1, 1, 4, 2, 1, 1, 1, 1, 2, 1, 2, 1, 1, 2, 1, 3, 2, 3, 1, 4, 0, 1, 1, 0, 3, 2, 2, 2, 0, 1, 1, 0, 4, 0, 1, 2, 2, 1, 4, 0, 3, 1, 1, 1, 1, 3, 1, 1, 1, 3, 0, 4, 3, 1, 4, 1, 1, 0, 4, 1, 1, 2, 1, 1, 1, 1, 3, 1, 2, 1, 1, 4, 1, 2, 1, 1, 1, 1, 1, 3, 2, 1, 4, 2, 2]|[0, 2, 1, 1, 3, 0, 1, 3, 0, 0, 0, 0, 1, 0, 1, 0, 0, 3, 1, 0, 0, 0, 3, 1, 0, 2, 0, 0, 0, 1, 0, 0, 0, 0, 3, 0, 1, 0, 0, 2, 1, 1, 1, 0, 0, 0, 0, 2, 1, 0, 0, 0, 1, 3, 0, 0, 0, 0, 0, 0, 2, 0, 1, 0, 2, 1, 0, 0, 1, 1, 3, 1, 1, 3, 0, 0, 1, 0, 0, 0, 0, 0, 0, 1, 1, 0, 0, 0, 1, 0, 1, 0, 0, 1, 2, 0, 0, 2, 0, 0],731.2476204416437,56784.74762275103,92889.2977037672,false
31,G4_BALANCED,G4_BALANCED,[31, 11, 15, 82, 26, 9, 95, 32, 77, 68, 47, 5, 93, 78, 86, 54, 85, 63, 18, 44, 20, 49, 36, 14, 74, 50, 53, 17, 21, 45, 71, 64, 3, 23, 30, 83, 24, 41, 60, 52, 51, 27, 90, 70, 39, 87, 48, 69, 99, 4, 46, 1, 13, 58, 97, 59, 28, 8, 73, 37, 35, 79, 22, 66, 76, 42, 40, 80, 96, 6, 16, 61, 33, 7, 57, 34, 12, 67, 10, 98, 56, 88, 29, 25, 91, 38, 19, 92, 43, 84, 65, 72, 81, 75, 2, 55, 62, 89, 94, 0]|[2, 1, 1, 2, 1, 2, 1, 1, 1, 1, 1, 0, 2, 2, 1, 2, 0, 0, 0, 2, 2, 1, 0, 2, 0, 2, 2, 1, 0, 1, 1, 1, 0, 0, 1, 0, 2, 1, 2, 2, 0, 0, 1, 1, 0, 2, 0, 2, 1, 0, 0, 2, 0, 0, 2, 0, 1, 1, 0, 0, 2, 1, 1, 2, 2, 0, 2, 2, 0, 1, 2, 1, 1, 2, 0, 1, 2, 1, 1, 2, 2, 1, 1, 1, 1, 0, 1, 0, 1, 0, 1, 1, 1, 0, 2, 0, 1, 1, 2, 0]|[1, 3, 2, 0, 4, 1, 4, 4, 2, 4, 3, 2, 1, 0, 2, 1, 1, 1, 2, 1, 1, 3, 0, 1, 0, 1, 1, 4, 1, 4, 3, 2, 2, 0, 4, 1, 1, 4, 0, 1, 2, 1, 4, 4, 1, 1, 0, 2, 3, 1, 2, 1, 2, 1, 1, 2, 4, 3, 0, 2, 2, 3, 3, 0, 1, 2, 0, 1, 2, 4, 1, 3, 4, 1, 2, 4, 1, 3, 3, 1, 1, 4, 3, 4, 3, 2, 4, 2, 4, 2, 3, 4, 1, 2, 1, 2, 3, 4, 1, 2]|[1, 2, 1, 0, 3, 0, 1, 3, 0, 0, 2, 0, 1, 0, 1, 0, 0, 0, 1, 0, 0, 2, 0, 0, 1, 0, 0, 3, 0, 1, 0, 2, 0, 1, 3, 0, 1, 3, 1, 0, 0, 0, 1, 3, 0, 0, 1, 0, 2, 0, 0, 0, 0, 0, 1, 0, 1, 0, 1, 1, 0, 2, 2, 0, 0, 0, 1, 0, 0, 2, 0, 0, 1, 0, 0, 1, 0, 0, 3, 0, 0, 1, 0, 3, 0, 0, 1, 0, 2, 0, 0, 2, 1, 0, 0, 0, 0, 1, 0, 0],850.9632869082183,52431.02217786142,105346.60403335126,false
31,G2_TEC,G2_TEC,[31, 22, 82, 15, 26, 9, 95, 42, 77, 68, 47, 5, 93, 78, 86, 54, 85, 63, 18, 44, 20, 49, 36, 14, 74, 50, 53, 17, 21, 28, 11, 64, 3, 23, 30, 83, 24, 41, 40, 52, 65, 27, 90, 70, 39, 87, 48, 69, 99, 4, 46, 1, 13, 58, 97, 59, 45, 8, 73, 37, 35, 79, 71, 66, 76, 32, 60, 80, 96, 6, 67, 61, 33, 7, 57, 34, 12, 16, 10, 98, 56, 88, 43, 75, 91, 38, 84, 92, 29, 19, 51, 55, 72, 89, 25, 81, 94, 2, 62, 0]|[2, 1, 2, 1, 1, 2, 1, 1, 1, 1, 1, 0, 2, 2, 1, 2, 0, 0, 0, 2, 2, 1, 0, 2, 0, 2, 2, 1, 0, 1, 1, 1, 0, 0, 1, 0, 2, 1, 2, 2, 0, 0, 1, 1, 0, 2, 0, 2, 1, 0, 0, 2, 0, 0, 2, 0, 1, 1, 0, 0, 2, 1, 1, 2, 2, 0, 2, 2, 0, 1, 2, 1, 1, 2, 0, 1, 1, 2, 1, 2, 2, 1, 1, 0, 1, 0, 0, 0, 1, 1, 1, 0, 1, 1, 1, 1, 2, 2, 1, 0]|[0, 3, 0, 3, 4, 1, 4, 4, 2, 4, 3, 2, 1, 0, 2, 1, 1, 1, 2, 1, 1, 3, 0, 1, 0, 1, 1, 4, 1, 4, 3, 2, 2, 0, 4, 1, 1, 4, 1, 1, 2, 1, 4, 4, 1, 1, 0, 2, 3, 2, 2, 1, 2, 1, 1, 2, 4, 3, 0, 2, 2, 3, 3, 1, 1, 2, 1, 1, 2, 4, 1, 3, 4, 1, 2, 4, 3, 1, 3, 1, 1, 4, 4, 2, 3, 2, 2, 2, 3, 4, 3, 2, 4, 4, 4, 4, 1, 1, 3, 2]|[0, 2, 0, 0, 3, 0, 1, 3, 0, 0, 2, 0, 1, 0, 1, 0, 0, 0, 1, 0, 0, 2, 0, 0, 1, 0, 0, 3, 0, 1, 0, 2, 0, 0, 3, 0, 1, 1, 0, 0, 0, 0, 1, 3, 0, 0, 1, 0, 2, 0, 0, 0, 0, 0, 1, 0, 1, 0, 1, 1, 0, 2, 0, 0, 0, 0, 0, 0, 0, 2, 0, 0, 1, 0, 0, 1, 0, 0, 3, 0, 0, 1, 2, 0, 0, 0, 0, 0, 3, 1, 0, 0, 1, 1, 3, 2, 0, 0, 0, 0],909.3679954935071,49484.02452805352,107562.61262264091,false
31,G3_TWC,G3_TWC,[31, 22, 82, 15, 26, 58, 95, 42, 77, 12, 47, 5, 93, 78, 98, 54, 85, 63, 18, 44, 20, 35, 43, 97, 91, 76, 10, 30, 21, 45, 71, 64, 1, 23, 17, 83, 24, 14, 60, 36, 6, 57, 94, 88, 65, 56, 79, 40, 67, 68, 46, 75, 38, 9, 19, 32, 81, 41, 27, 62, 87, 90, 99, 59, 11, 16, 72, 73, 70, 39, 37, 84, 3, 92, 25, 55, 28, 29, 51, 7, 33, 61, 86, 66, 89, 50, 48, 96, 53, 8, 4, 80, 34, 49, 52, 0, 13, 2, 69, 74]|[1, 1, 0, 1, 1, 1, 2, 1, 2, 1, 2, 2, 2, 1, 1, 0, 0, 1, 0, 2, 2, 0, 1, 2, 0, 1, 2, 2, 0, 0, 1, 2, 1, 2, 1, 0, 2, 0, 1, 1, 0, 1, 1, 1, 0, 2, 1, 1, 0, 0, 0, 0, 1, 1, 2, 1, 2, 0, 0, 0, 2, 1, 0, 1, 2, 1, 2, 1, 1, 1, 1, 1, 2, 0, 1, 1, 0, 0, 0, 1, 2, 1, 0, 2, 1, 0, 0, 0, 0, 1, 0, 0, 2, 0, 1, 0, 0, 0, 1, 2]|[4, 3, 2, 2, 0, 0, 2, 2, 2, 4, 1, 1, 2, 4, 4, 1, 1, 4, 2, 1, 1, 1, 1, 2, 1, 2, 1, 1, 1, 1, 3, 2, 3, 0, 4, 0, 1, 1, 0, 3, 2, 2, 4, 0, 1, 1, 0, 2, 0, 1, 2, 2, 1, 4, 0, 3, 2, 1, 1, 2, 1, 3, 1, 1, 1, 3, 0, 4, 3, 1, 4, 1, 1, 2, 4, 4, 2, 1, 1, 3, 1, 3, 1, 1, 1, 1, 1, 1, 2, 3, 2, 1, 1, 1, 1, 2, 2, 2, 3, 1]|[0, 2, 1, 1, 3, 3, 0, 1, 0, 0, 0, 0, 1, 0, 1, 0, 0, 3, 1, 0, 0, 0, 3, 1, 0, 2, 0, 0, 0, 1, 0, 0, 0, 0, 3, 0, 1, 0, 0, 2, 1, 1, 2, 0, 0, 0, 0, 1, 1, 0, 0, 0, 1, 3, 0, 0, 1, 0, 0, 1, 0, 2, 0, 1, 0, 2, 1, 0, 0, 1, 1, 3, 0, 1, 3, 3, 1, 0, 0, 2, 0, 0, 0, 0, 1, 0, 0, 0, 1, 2, 1, 0, 0, 1, 1, 0, 0, 0, 0, 0],790.0808266764368,57926.0831962336,89131.00769295532,false
31,G1_CMAX,G1_CMAX,[31, 22, 82, 15, 26, 99, 95, 42, 77, 12, 47, 5, 93, 78, 86, 54, 21, 63, 18, 44, 20, 35, 43, 97, 91, 76, 10, 30, 85, 45, 71, 64, 1, 23, 17, 83, 24, 14, 60, 36, 6, 57, 40, 88, 65, 56, 79, 94, 67, 68, 46, 75, 38, 9, 19, 32, 41, 81, 27, 87, 90, 58, 59, 11, 16, 72, 73, 70, 39, 37, 84, 3, 92, 25, 55, 48, 62, 29, 51, 96, 33, 61, 98, 28, 89, 50, 4, 7, 53, 80, 52, 66, 34, 49, 8, 0, 74, 69, 2, 13]|[1, 1, 0, 1, 1, 0, 1, 1, 2, 1, 2, 2, 2, 1, 1, 0, 0, 1, 0, 2, 2, 0, 1, 2, 0, 1, 2, 2, 0, 0, 1, 2, 1, 2, 1, 0, 2, 0, 1, 1, 0, 1, 1, 1, 0, 2, 1, 1, 0, 0, 0, 0, 1, 1, 2, 1, 0, 2, 0, 2, 1, 0, 1, 2, 1, 2, 1, 1, 1, 1, 1, 1, 0, 1, 2, 0, 0, 0, 0, 2, 2, 1, 2, 0, 1, 0, 1, 2, 0, 0, 1, 2, 2, 0, 1, 0, 2, 1, 0, 0]|[0, 3, 2, 2, 4, 1, 2, 3, 2, 4, 1, 1, 2, 4, 4, 1, 1, 4, 2, 1, 1, 1, 1, 2, 1, 2, 1, 1, 2, 1, 3, 2, 3, 1, 4, 0, 1, 1, 0, 3, 2, 2, 2, 0, 1, 1, 0, 4, 0, 1, 2, 2, 1, 4, 0, 3, 1, 1, 1, 1, 3, 1, 1, 1, 3, 0, 4, 3, 1, 4, 1, 1, 0, 4, 1, 1, 2, 1, 1, 1, 1, 3, 1, 2, 1, 1, 4, 1, 2, 1, 1, 1, 1, 1, 3, 2, 1, 4, 2, 2]|[0, 2, 1, 1, 3, 0, 1, 3, 0, 0, 0, 0, 1, 0, 1, 0, 0, 3, 1, 0, 0, 0, 3, 1, 0, 2, 0, 0, 0, 1, 0, 0, 0, 0, 3, 0, 1, 0, 0, 2, 1, 1, 1, 0, 0, 0, 0, 2, 1, 0, 0, 0, 1, 3, 0, 0, 0, 0, 0, 0, 2, 0, 1, 0, 2, 1, 0, 0, 1, 1, 3, 1, 1, 3, 0, 0, 1, 0, 0, 0, 0, 0, 0, 1, 1, 0, 0, 0, 1, 0, 1, 0, 0, 1, 2, 0, 0, 2, 0, 0],731.2476204416437,56784.74762275103,92889.2977037672,false
31,G4_BALANCED,G4_BALANCED,[31, 11, 15, 82, 26, 9, 95, 32, 77, 68, 47, 5, 93, 78, 86, 54, 85, 63, 18, 44, 20, 49, 36, 14, 74, 50, 53, 17, 21, 45, 71, 64, 3, 23, 30, 83, 24, 41, 60, 52, 51, 27, 90, 70, 39, 87, 48, 69, 99, 4, 46, 1, 13, 58, 97, 59, 28, 8, 73, 37, 35, 79, 22, 66, 76, 42, 40, 80, 96, 6, 16, 61, 33, 7, 57, 34, 12, 67, 10, 98, 56, 88, 29, 25, 91, 38, 19, 92, 43, 84, 65, 72, 81, 75, 2, 55, 62, 89, 94, 0]|[2, 1, 1, 2, 1, 2, 1, 1, 1, 1, 1, 0, 2, 2, 1, 2, 0, 0, 0, 2, 2, 1, 0, 2, 0, 2, 2, 1, 0, 1, 1, 1, 0, 0, 1, 0, 2, 1, 2, 2, 0, 0, 1, 1, 0, 2, 0, 2, 1, 0, 0, 2, 0, 0, 2, 0, 1, 1, 0, 0, 2, 1, 1, 2, 2, 0, 2, 2, 0, 1, 2, 1, 1, 2, 0, 1, 2, 1, 1, 2, 2, 1, 1, 1, 1, 0, 1, 0, 1, 0, 1, 1, 1, 0, 2, 0, 1, 1, 2, 0]|[1, 3, 2, 0, 4, 1, 4, 4, 2, 4, 3, 2, 1, 0, 2, 1, 1, 1, 2, 1, 1, 3, 0, 1, 0, 1, 1, 4, 1, 4, 3, 2, 2, 0, 4, 1, 1, 4, 0, 1, 2, 1, 4, 4, 1, 1, 0, 2, 3, 1, 2, 1, 2, 1, 1, 2, 4, 3, 0, 2, 2, 3, 3, 0, 1, 2, 0, 1, 2, 4, 1, 3, 4, 1, 2, 4, 1, 3, 3, 1, 1, 4, 3, 4, 3, 2, 4, 2, 4, 2, 3, 4, 1, 2, 1, 2, 3, 4, 1, 2]|[1, 2, 1, 0, 3, 0, 1, 3, 0, 0, 2, 0, 1, 0, 1, 0, 0, 0, 1, 0, 0, 2, 0, 0, 1, 0, 0, 3, 0, 1, 0, 2, 0, 1, 3, 0, 1, 3, 1, 0, 0, 0, 1, 3, 0, 0, 1, 0, 2, 0, 0, 0, 0, 0, 1, 0, 1, 0, 1, 1, 0, 2, 2, 0, 0, 0, 1, 0, 0, 2, 0, 0, 1, 0, 0, 1, 0, 0, 3, 0, 0, 1, 0, 3, 0, 0, 1, 0, 2, 0, 0, 2, 1, 0, 0, 0, 0, 1, 0, 0],850.9632869082183,52431.02217786142,105346.60403335126,false
31,G2_TEC,G4_BALANCED,[31, 11, 82, 15, 26, 9, 95, 42, 77, 68, 47, 5, 93, 78, 86, 54, 85, 63, 18, 44, 20, 49, 36, 14, 74, 50, 53, 17, 21, 45, 71, 64, 3, 23, 30, 83, 24, 41, 60, 52, 65, 27, 90, 70, 39, 87, 48, 69, 99, 4, 46, 1, 13, 58, 97, 59, 28, 8, 73, 37, 35, 79, 22, 66, 76, 32, 40, 80, 96, 6, 16, 61, 33, 7, 57, 34, 12, 67, 10, 98, 56, 88, 51, 75, 91, 38, 19, 92, 43, 84, 29, 72, 81, 25, 2, 55, 0, 94, 89, 62]|[2, 1, 2, 1, 1, 2, 1, 1, 1, 1, 1, 0, 2, 2, 1, 2, 0, 0, 0, 2, 2, 1, 0, 2, 0, 2, 2, 1, 0, 1, 1, 1, 0, 0, 1, 0, 2, 1, 2, 2, 0, 0, 1, 1, 0, 2, 0, 2, 1, 0, 0, 2, 0, 0, 2, 0, 1, 1, 0, 0, 2, 1, 0, 2, 2, 0, 2, 2, 0, 1, 2, 1, 1, 2, 0, 1, 1, 1, 1, 2, 2, 1, 1, 0, 1, 0, 1, 0, 1, 0, 1, 1, 1, 1, 2, 0, 0, 2, 1, 1]|[0, 3, 0, 2, 4, 1, 4, 4, 2, 4, 3, 2, 1, 0, 2, 1, 1, 1, 2, 1, 1, 3, 0, 1, 0, 1, 1, 4, 1, 4, 3, 2, 2, 0, 4, 1, 1, 4, 0, 1, 2, 1, 4, 4, 1, 1, 0, 2, 3, 1, 2, 1, 2, 1, 1, 2, 4, 3, 0, 2, 2, 3, 1, 0, 1, 2, 0, 1, 2, 4, 1, 3, 4, 1, 2, 4, 3, 3, 3, 1, 1, 4, 3, 2, 3, 2, 4, 2, 4, 2, 3, 4, 1, 4, 1, 2, 2, 1, 4, 3]|[0, 2, 0, 1, 3, 0, 1, 3, 0, 0, 2, 0, 1, 0, 1, 0, 0, 0, 1, 0, 0, 2, 0, 0, 1, 0, 0, 3, 0, 1, 0, 2, 0, 1, 3, 0, 1, 3, 1, 0, 0, 0, 1, 3, 0, 0, 1, 0, 2, 0, 0, 0, 0, 0, 1, 0, 1, 0, 1, 1, 0, 2, 0, 0, 0, 0, 0, 0, 0, 2, 0, 0, 1, 0, 0, 1, 0, 0, 3, 0, 0, 1, 0, 0, 0, 0, 3, 0, 2, 0, 0, 2, 1, 3, 0, 0, 0, 0, 1, 0],847.5774112780123,52007.329839342645,107494.62989686072,true
31,G3_TWC,G3_TWC,[31, 22, 82, 15, 26, 58, 95, 42, 77, 12, 47, 5, 93, 78, 98, 54, 85, 63, 18, 44, 20, 35, 43, 97, 91, 76, 10, 30, 21, 45, 71, 64, 1, 23, 17, 83, 24, 14, 60, 36, 6, 57, 94, 88, 65, 56, 79, 40, 67, 68, 46, 75, 38, 9, 19, 32, 81, 41, 27, 62, 87, 90, 99, 59, 11, 16, 72, 73, 70, 39, 37, 84, 3, 92, 25, 55, 28, 29, 51, 7, 33, 61, 86, 66, 89, 50, 48, 96, 53, 8, 4, 80, 34, 49, 52, 0, 13, 2, 69, 74]|[1, 1, 0, 1, 1, 1, 2, 1, 2, 1, 2, 2, 2, 1, 1, 0, 0, 1, 0, 2, 2, 0, 1, 2, 0, 1, 2, 2, 0, 0, 1, 2, 1, 2, 1, 0, 2, 0, 1, 1, 0, 1, 1, 1, 0, 2, 1, 1, 0, 0, 0, 0, 1, 1, 2, 1, 2, 0, 0, 0, 2, 1, 0, 1, 2, 1, 2, 1, 1, 1, 1, 1, 2, 0, 1, 1, 0, 0, 0, 1, 2, 1, 0, 2, 1, 0, 0, 0, 0, 1, 0, 0, 2, 0, 1, 0, 0, 0, 1, 2]|[4, 3, 2, 2, 0, 0, 2, 2, 2, 4, 1, 1, 2, 4, 4, 1, 1, 4, 2, 1, 1, 1, 1, 2, 1, 2, 1, 1, 1, 1, 3, 2, 3, 0, 4, 0, 1, 1, 0, 3, 2, 2, 4, 0, 1, 1, 0, 2, 0, 1, 2, 2, 1, 4, 0, 3, 2, 1, 1, 2, 1, 3, 1, 1, 1, 3, 0, 4, 3, 1, 4, 1, 1, 2, 4, 4, 2, 1, 1, 3, 1, 3, 1, 1, 1, 1, 1, 1, 2, 3, 2, 1, 1, 1, 1, 2, 2, 2, 3, 1]|[0, 2, 1, 1, 3, 3, 0, 1, 0, 0, 0, 0, 1, 0, 1, 0, 0, 3, 1, 0, 0, 0, 3, 1, 0, 2, 0, 0, 0, 1, 0, 0, 0, 0, 3, 0, 1, 0, 0, 2, 1, 1, 2, 0, 0, 0, 0, 1, 1, 0, 0, 0, 1, 3, 0, 0, 1, 0, 0, 1, 0, 2, 0, 1, 0, 2, 1, 0, 0, 1, 1, 3, 0, 1, 3, 3, 1, 0, 0, 2, 0, 0, 0, 0, 1, 0, 0, 0, 1, 2, 1, 0, 0, 1, 1, 0, 0, 0, 0, 0],790.0808266764368,57926.0831962336,89131.00769295532,false
31,G1_CMAX,G1_CMAX,[31, 22, 82, 15, 26, 99, 95, 42, 77, 12, 47, 5, 93, 78, 86, 54, 21, 63, 18, 44, 20, 35, 43, 97, 91, 76, 10, 30, 85, 45, 71, 64, 1, 23, 17, 83, 24, 14, 60, 36, 6, 57, 40, 88, 65, 56, 79, 94, 67, 68, 46, 75, 38, 9, 19, 32, 41, 81, 27, 87, 90, 58, 59, 11, 16, 72, 73, 70, 39, 37, 84, 3, 92, 25, 55, 48, 62, 29, 51, 96, 33, 61, 98, 28, 89, 50, 4, 7, 53, 80, 52, 66, 34, 49, 8, 0, 74, 69, 2, 13]|[1, 1, 0, 1, 1, 0, 1, 1, 2, 1, 2, 2, 2, 1, 1, 0, 0, 1, 0, 2, 2, 0, 1, 2, 0, 1, 2, 2, 0, 0, 1, 2, 1, 2, 1, 0, 2, 0, 1, 1, 0, 1, 1, 1, 0, 2, 1, 1, 0, 0, 0, 0, 1, 1, 2, 1, 0, 2, 0, 2, 1, 0, 1, 2, 1, 2, 1, 1, 1, 1, 1, 1, 0, 1, 2, 0, 0, 0, 0, 2, 2, 1, 2, 0, 1, 0, 1, 2, 0, 0, 1, 2, 2, 0, 1, 0, 2, 1, 0, 0]|[0, 3, 2, 2, 4, 1, 2, 3, 2, 4, 1, 1, 2, 4, 4, 1, 1, 4, 2, 1, 1, 1, 1, 2, 1, 2, 1, 1, 2, 1, 3, 2, 3, 1, 4, 0, 1, 1, 0, 3, 2, 2, 2, 0, 1, 1, 0, 4, 0, 1, 2, 2, 1, 4, 0, 3, 1, 1, 1, 1, 3, 1, 1, 1, 3, 0, 4, 3, 1, 4, 1, 1, 0, 4, 1, 1, 2, 1, 1, 1, 1, 3, 1, 2, 1, 1, 4, 1, 2, 1, 1, 1, 1, 1, 3, 2, 1, 4, 2, 2]|[0, 2, 1, 1, 3, 0, 1, 3, 0, 0, 0, 0, 1, 0, 1, 0, 0, 3, 1, 0, 0, 0, 3, 1, 0, 2, 0, 0, 0, 1, 0, 0, 0, 0, 3, 0, 1, 0, 0, 2, 1, 1, 1, 0, 0, 0, 0, 2, 1, 0, 0, 0, 1, 3, 0, 0, 0, 0, 0, 0, 2, 0, 1, 0, 2, 1, 0, 0, 1, 1, 3, 1, 1, 3, 0, 0, 1, 0, 0, 0, 0, 0, 0, 1, 1, 0, 0, 0, 1, 0, 1, 0, 0, 1, 2, 0, 0, 2, 0, 0],731.2476204416437,56784.74762275103,92889.2977037672,false
31,G4_BALANCED,G4_BALANCED,[31, 11, 15, 82, 26, 9, 95, 32, 77, 68, 47, 5, 93, 78, 86, 54, 85, 63, 18, 44, 20, 49, 36, 14, 74, 50, 53, 17, 21, 45, 71, 64, 3, 23, 30, 83, 24, 41, 60, 52, 51, 27, 90, 70, 39, 87, 48, 69, 99, 4, 46, 1, 13, 58, 97, 59, 28, 8, 73, 37, 35, 79, 22, 66, 76, 42, 40, 80, 96, 6, 16, 61, 33, 7, 57, 34, 12, 67, 10, 98, 56, 88, 29, 25, 91, 38, 19, 92, 43, 84, 65, 72, 81, 75, 2, 55, 62, 89, 94, 0]|[2, 1, 1, 2, 1, 2, 1, 1, 1, 1, 1, 0, 2, 2, 1, 2, 0, 0, 0, 2, 2, 1, 0, 2, 0, 2, 2, 1, 0, 1, 1, 1, 0, 0, 1, 0, 2, 1, 2, 2, 0, 0, 1, 1, 0, 2, 0, 2, 1, 0, 0, 2, 0, 0, 2, 0, 1, 1, 0, 0, 2, 1, 1, 2, 2, 0, 2, 2, 0, 1, 2, 1, 1, 2, 0, 1, 2, 1, 1, 2, 2, 1, 1, 1, 1, 0, 1, 0, 1, 0, 1, 1, 1, 0, 2, 0, 1, 1, 2, 0]|[1, 3, 2, 0, 4, 1, 4, 4, 2, 4, 3, 2, 1, 0, 2, 1, 1, 1, 2, 1, 1, 3, 0, 1, 0, 1, 1, 4, 1, 4, 3, 2, 2, 0, 4, 1, 1, 4, 0, 1, 2, 1, 4, 4, 1, 1, 0, 2, 3, 1, 2, 1, 2, 1, 1, 2, 4, 3, 0, 2, 2, 3, 3, 0, 1, 2, 0, 1, 2, 4, 1, 3, 4, 1, 2, 4, 1, 3, 3, 1, 1, 4, 3, 4, 3, 2, 4, 2, 4, 2, 3, 4, 1, 2, 1, 2, 3, 4, 1, 2]|[1, 2, 1, 0, 3, 0, 1, 3, 0, 0, 2, 0, 1, 0, 1, 0, 0, 0, 1, 0, 0, 2, 0, 0, 1, 0, 0, 3, 0, 1, 0, 2, 0, 1, 3, 0, 1, 3, 1, 0, 0, 0, 1, 3, 0, 0, 1, 0, 2, 0, 0, 0, 0, 0, 1, 0, 1, 0, 1, 1, 0, 2, 2, 0, 0, 0, 1, 0, 0, 2, 0, 0, 1, 0, 0, 1, 0, 0, 3, 0, 0, 1, 0, 3, 0, 0, 1, 0, 2, 0, 0, 2, 1, 0, 0, 0, 0, 1, 0, 0],850.9632869082183,52431.02217786142,105346.60403335126,false
31,G2_TEC,G4_BALANCED,[31, 22, 82, 15, 26, 9, 95, 42, 77, 68, 47, 5, 93, 78, 86, 54, 85, 63, 18, 44, 20, 49, 36, 14, 74, 50, 53, 17, 21, 28, 11, 64, 3, 23, 30, 83, 24, 41, 40, 52, 65, 27, 90, 70, 39, 87, 48, 69, 99, 4, 46, 1, 13, 58, 19, 59, 45, 8, 73, 37, 35, 79, 71, 66, 76, 32, 60, 80, 96, 6, 16, 61, 33, 7, 57, 34, 12, 67, 10, 98, 56, 88, 43, 75, 91, 38, 84, 92, 29, 97, 2, 72, 55, 25, 89, 81, 94, 51, 62, 0]|[2, 1, 2, 1, 1, 0, 1, 1, 1, 1, 1, 0, 2, 2, 1, 2, 0, 0, 0, 2, 2, 1, 0, 2, 0, 2, 2, 1, 0, 1, 1, 1, 0, 0, 1, 0, 2, 1, 2, 2, 0, 0, 1, 1, 0, 2, 0, 2, 1, 0, 0, 2, 0, 0, 2, 0, 1, 1, 0, 0, 2, 1, 1, 1, 2, 0, 2, 2, 0, 1, 2, 1, 1, 2, 0, 1, 1, 0, 1, 2, 2, 1, 0, 0, 1, 0, 0, 0, 1, 1, 2, 1, 0, 1, 1, 1, 2, 1, 1, 0]|[0, 3, 0, 3, 4, 1, 4, 4, 2, 4, 3, 2, 1, 0, 2, 1, 1, 1, 2, 1, 1, 3, 0, 1, 0, 1, 1, 4, 1, 4, 3, 2, 2, 0, 4, 1, 1, 4, 1, 1, 2, 1, 4, 4, 1, 1, 0, 2, 3, 2, 2, 1, 2, 1, 1, 2, 4, 3, 0, 2, 2, 3, 3, 1, 1, 2, 1, 1, 2, 4, 1, 3, 4, 1, 2, 4, 3, 2, 3, 1, 1, 4, 2, 2, 3, 2, 2, 2, 3, 4, 1, 4, 2, 4, 4, 4, 1, 3, 3, 2]|[0, 2, 0, 0, 3, 0, 1, 3, 0, 0, 2, 0, 1, 0, 1, 0, 0, 0, 1, 0, 0, 2, 0, 0, 1, 0, 0, 3, 0, 1, 0, 2, 0, 0, 3, 0, 1, 1, 0, 0, 0, 0, 1, 3, 0, 0, 1, 0, 2, 0, 0, 0, 0, 1, 1, 0, 1, 0, 1, 1, 0, 2, 0, 2, 0, 0, 0, 0, 0, 2, 0, 0, 1, 0, 0, 1, 0, 0, 3, 0, 0, 1, 0, 0, 0, 0, 0, 0, 3, 1, 0, 2, 0, 3, 1, 2, 0, 0, 0, 0],946.9815117992226,50189.255193610734,102933.12720537375,true
31,G3_TWC,G3_TWC,[31, 22, 82, 15, 26, 58, 95, 42, 77, 12, 47, 5, 93, 78, 98, 54, 85, 63, 18, 44, 20, 35, 43, 97, 91, 76, 10, 30, 21, 45, 71, 64, 1, 23, 17, 83, 24, 14, 60, 36, 6, 57, 94, 88, 65, 56, 79, 40, 67, 68, 46, 75, 38, 9, 19, 32, 81, 41, 27, 62, 87, 90, 99, 59, 11, 16, 72, 73, 70, 39, 37, 84, 3, 92, 25, 55, 28, 29, 51, 7, 33, 61, 86, 66, 89, 50, 48, 96, 53, 8, 4, 80, 34, 49, 52, 0, 13, 2, 69, 74]|[1, 1, 0, 1, 1, 1, 2, 1, 2, 1, 2, 2, 2, 1, 1, 0, 0, 1, 0, 2, 2, 0, 1, 2, 0, 1, 2, 2, 0, 0, 1, 2, 1, 2, 1, 0, 2, 0, 1, 1, 0, 1, 1, 1, 0, 2, 1, 1, 0, 0, 0, 0, 1, 1, 2, 1, 2, 0, 0, 0, 2, 1, 0, 1, 2, 1, 2, 1, 1, 1, 1, 1, 2, 0, 1, 1, 0, 0, 0, 1, 2, 1, 0, 2, 1, 0, 0, 0, 0, 1, 0, 0, 2, 0, 1, 0, 0, 0, 1, 2]|[4, 3, 2, 2, 0, 0, 2, 2, 2, 4, 1, 1, 2, 4, 4, 1, 1, 4, 2, 1, 1, 1, 1, 2, 1, 2, 1, 1, 1, 1, 3, 2, 3, 0, 4, 0, 1, 1, 0, 3, 2, 2, 4, 0, 1, 1, 0, 2, 0, 1, 2, 2, 1, 4, 0, 3, 2, 1, 1, 2, 1, 3, 1, 1, 1, 3, 0, 4, 3, 1, 4, 1, 1, 2, 4, 4, 2, 1, 1, 3, 1, 3, 1, 1, 1, 1, 1, 1, 2, 3, 2, 1, 1, 1, 1, 2, 2, 2, 3, 1]|[0, 2, 1, 1, 3, 3, 0, 1, 0, 0, 0, 0, 1, 0, 1, 0, 0, 3, 1, 0, 0, 0, 3, 1, 0, 2, 0, 0, 0, 1, 0, 0, 0, 0, 3, 0, 1, 0, 0, 2, 1, 1, 2, 0, 0, 0, 0, 1, 1, 0, 0, 0, 1, 3, 0, 0, 1, 0, 0, 1, 0, 2, 0, 1, 0, 2, 1, 0, 0, 1, 1, 3, 0, 1, 3, 3, 1, 0, 0, 2, 0, 0, 0, 0, 1, 0, 0, 0, 1, 2, 1, 0, 0, 1, 1, 0, 0, 0, 0, 0],790.0808266764368,57926.0831962336,89131.00769295532,false
31,G1_CMAX,G1_CMAX,[31, 22, 82, 15, 26, 99, 95, 42, 77, 12, 47, 5, 93, 78, 86, 54, 21, 63, 18, 44, 20, 35, 43, 97, 91, 76, 10, 30, 85, 45, 71, 64, 1, 23, 17, 83, 24, 14, 60, 36, 6, 57, 40, 88, 65, 56, 79, 94, 67, 68, 46, 75, 38, 9, 19, 32, 41, 81, 27, 87, 90, 58, 59, 11, 16, 72, 73, 70, 39, 37, 84, 3, 92, 25, 55, 48, 62, 29, 51, 96, 33, 61, 98, 28, 89, 50, 4, 7, 53, 80, 52, 66, 34, 49, 8, 0, 74, 69, 2, 13]|[1, 1, 0, 1, 1, 0, 1, 1, 2, 1, 2, 2, 2, 1, 1, 0, 0, 1, 0, 2, 2, 0, 1, 2, 0, 1, 2, 2, 0, 0, 1, 2, 1, 2, 1, 0, 2, 0, 1, 1, 0, 1, 1, 1, 0, 2, 1, 1, 0, 0, 0, 0, 1, 1, 2, 1, 0, 2, 0, 2, 1, 0, 1, 2, 1, 2, 1, 1, 1, 1, 1, 1, 0, 1, 2, 0, 0, 0, 0, 2, 2, 1, 2, 0, 1, 0, 1, 2, 0, 0, 1, 2, 2, 0, 1, 0, 2, 1, 0, 0]|[0, 3, 2, 2, 4, 1, 2, 3, 2, 4, 1, 1, 2, 4, 4, 1, 1, 4, 2, 1, 1, 1, 1, 2, 1, 2, 1, 1, 2, 1, 3, 2, 3, 1, 4, 0, 1, 1, 0, 3, 2, 2, 2, 0, 1, 1, 0, 4, 0, 1, 2, 2, 1, 4, 0, 3, 1, 1, 1, 1, 3, 1, 1, 1, 3, 0, 4, 3, 1, 4, 1, 1, 0, 4, 1, 1, 2, 1, 1, 1, 1, 3, 1, 2, 1, 1, 4, 1, 2, 1, 1, 1, 1, 1, 3, 2, 1, 4, 2, 2]|[0, 2, 1, 1, 3, 0, 1, 3, 0, 0, 0, 0, 1, 0, 1, 0, 0, 3, 1, 0, 0, 0, 3, 1, 0, 2, 0, 0, 0, 1, 0, 0, 0, 0, 3, 0, 1, 0, 0, 2, 1, 1, 1, 0, 0, 0, 0, 2, 1, 0, 0, 0, 1, 3, 0, 0, 0, 0, 0, 0, 2, 0, 1, 0, 2, 1, 0, 0, 1, 1, 3, 1, 1, 3, 0, 0, 1, 0, 0, 0, 0, 0, 0, 1, 1, 0, 0, 0, 1, 0, 1, 0, 0, 1, 2, 0, 0, 2, 0, 0],731.2476204416437,56784.74762275103,92889.2977037672,false
31,G4_BALANCED,G4_BALANCED,[31, 11, 15, 82, 26, 9, 95, 32, 77, 68, 47, 5, 93, 78, 86, 54, 85, 63, 18, 44, 20, 49, 36, 14, 74, 50, 53, 17, 21, 45, 71, 64, 3, 23, 30, 83, 24, 41, 60, 52, 51, 27, 90, 70, 39, 87, 48, 69, 99, 4, 46, 1, 13, 58, 97, 59, 28, 8, 73, 37, 35, 79, 22, 66, 76, 42, 40, 80, 96, 6, 16, 61, 33, 7, 57, 34, 12, 67, 10, 98, 56, 88, 29, 25, 91, 38, 19, 92, 43, 84, 65, 72, 81, 75, 2, 55, 62, 89, 94, 0]|[2, 1, 1, 2, 1, 2, 1, 1, 1, 1, 1, 0, 2, 2, 1, 2, 0, 0, 0, 2, 2, 1, 0, 2, 0, 2, 2, 1, 0, 1, 1, 1, 0, 0, 1, 0, 2, 1, 2, 2, 0, 0, 1, 1, 0, 2, 0, 2, 1, 0, 0, 2, 0, 0, 2, 0, 1, 1, 0, 0, 2, 1, 1, 2, 2, 0, 2, 2, 0, 1, 2, 1, 1, 2, 0, 1, 2, 1, 1, 2, 2, 1, 1, 1, 1, 0, 1, 0, 1, 0, 1, 1, 1, 0, 2, 0, 1, 1, 2, 0]|[1, 3, 2, 0, 4, 1, 4, 4, 2, 4, 3, 2, 1, 0, 2, 1, 1, 1, 2, 1, 1, 3, 0, 1, 0, 1, 1, 4, 1, 4, 3, 2, 2, 0, 4, 1, 1, 4, 0, 1, 2, 1, 4, 4, 1, 1, 0, 2, 3, 1, 2, 1, 2, 1, 1, 2, 4, 3, 0, 2, 2, 3, 3, 0, 1, 2, 0, 1, 2, 4, 1, 3, 4, 1, 2, 4, 1, 3, 3, 1, 1, 4, 3, 4, 3, 2, 4, 2, 4, 2, 3, 4, 1, 2, 1, 2, 3, 4, 1, 2]|[1, 2, 1, 0, 3, 0, 1, 3, 0, 0, 2, 0, 1, 0, 1, 0, 0, 0, 1, 0, 0, 2, 0, 0, 1, 0, 0, 3, 0, 1, 0, 2, 0, 1, 3, 0, 1, 3, 1, 0, 0, 0, 1, 3, 0, 0, 1, 0, 2, 0, 0, 0, 0, 0, 1, 0, 1, 0, 1, 1, 0, 2, 2, 0, 0, 0, 1, 0, 0, 2, 0, 0, 1, 0, 0, 1, 0, 0, 3, 0, 0, 1, 0, 3, 0, 0, 1, 0, 2, 0, 0, 2, 1, 0, 0, 0, 0, 1, 0, 0],850.9632869082183,52431.02217786142,105346.60403335126,false
31,G2_TEC,G4_BALANCED,[31, 11, 15, 82, 26, 9, 95, 32, 77, 68, 47, 5, 93, 78, 86, 54, 85, 63, 18, 44, 20, 49, 36, 14, 74, 50, 53, 17, 21, 45, 71, 64, 3, 23, 30, 83, 24, 41, 60, 52, 65, 27, 90, 70, 39, 87, 48, 69, 99, 4, 46, 1, 13, 58, 97, 59, 28, 75, 73, 37, 35, 79, 22, 66, 76, 42, 40, 80, 96, 6, 16, 61, 33, 7, 57, 34, 12, 67, 10, 98, 56, 88, 43, 8, 91, 38, 84, 92, 29, 19, 51, 72, 89, 25, 2, 81, 94, 55, 62, 0]|[2, 1, 1, 2, 1, 2, 1, 1, 1, 1, 1, 0, 2, 2, 1, 2, 0, 0, 0, 2, 2, 1, 0, 2, 0, 2, 2, 1, 0, 1, 1, 1, 0, 0, 1, 0, 2, 1, 2, 2, 0, 0, 1, 1, 0, 2, 0, 2, 1, 0, 0, 2, 0, 0, 1, 0, 1, 0, 0, 0, 1, 1, 0, 2, 2, 0, 2, 2, 0, 1, 2, 1, 1, 2, 0, 1, 1, 1, 1, 2, 2, 1, 1, 1, 1, 0, 0, 0, 1, 2, 1, 1, 1, 1, 2, 1, 2, 0, 1, 0]|[0, 3, 2, 0, 4, 1, 4, 4, 2, 4, 3, 2, 1, 0, 2, 1, 1, 1, 2, 1, 1, 3, 0, 1, 0, 1, 1, 4, 1, 4, 3, 2, 2, 0, 4, 1, 1, 4, 0, 1, 2, 1, 4, 4, 1, 1, 0, 2, 3, 2, 2, 1, 2, 1, 4, 2, 4, 2, 0, 2, 3, 3, 1, 0, 1, 2, 0, 1, 2, 4, 1, 3, 4, 1, 2, 4, 3, 3, 3, 1, 1, 4, 4, 3, 3, 2, 2, 2, 3, 1, 3, 4, 4, 4, 1, 1, 1, 2, 3, 2]|[0, 2, 1, 0, 3, 0, 1, 3, 0, 0, 2, 0, 1, 0, 1, 0, 0, 0, 1, 0, 0, 2, 0, 0, 1, 0, 0, 3, 0, 1, 0, 2, 0, 1, 3, 0, 1, 3, 1, 0, 0, 0, 1, 3, 0, 0, 1, 0, 2, 0, 0, 0, 0, 0, 1, 0, 1, 0, 1, 1, 0, 2, 0, 0, 0, 0, 0, 0, 0, 2, 0, 0, 1, 0, 0, 1, 0, 0, 3, 0, 0, 1, 2, 0, 0, 0, 0, 0, 3, 1, 0, 1, 1, 3, 0, 1, 0, 0, 0, 0],846.5351127246619,51659.69094396193,107891.35183337331,true
31,G3_TWC,G3_TWC,[31, 22, 82, 15, 26, 58, 95, 42, 77, 12, 47, 5, 93, 78, 98, 54, 85, 63, 18, 44, 20, 35, 43, 97, 91, 76, 10, 30, 21, 45, 71, 64, 1, 23, 17, 83, 24, 14, 60, 36, 6, 57, 94, 88, 65, 56, 79, 40, 67, 68, 46, 75, 38, 9, 19, 32, 81, 41, 27, 62, 87, 90, 99, 59, 11, 16, 72, 73, 70, 39, 37, 84, 3, 92, 25, 55, 28, 29, 51, 7, 33, 61, 86, 66, 89, 50, 48, 96, 53, 8, 4, 80, 34, 49, 52, 0, 13, 2, 69, 74]|[1, 1, 0, 1, 1, 1, 2, 1, 2, 1, 2, 2, 2, 1, 1, 0, 0, 1, 0, 2, 2, 0, 1, 2, 0, 1, 2, 2, 0, 0, 1, 2, 1, 2, 1, 0, 2, 0, 1, 1, 0, 1, 1, 1, 0, 2, 1, 1, 0, 0, 0, 0, 1, 1, 2, 1, 2, 0, 0, 0, 2, 1, 0, 1, 2, 1, 2, 1, 1, 1, 1, 1, 2, 0, 1, 1, 0, 0, 0, 1, 2, 1, 0, 2, 1, 0, 0, 0, 0, 1, 0, 0, 2, 0, 1, 0, 0, 0, 1, 2]|[4, 3, 2, 2, 0, 0, 2, 2, 2, 4, 1, 1, 2, 4, 4, 1, 1, 4, 2, 1, 1, 1, 1, 2, 1, 2, 1, 1, 1, 1, 3, 2, 3, 0, 4, 0, 1, 1, 0, 3, 2, 2, 4, 0, 1, 1, 0, 2, 0, 1, 2, 2, 1, 4, 0, 3, 2, 1, 1, 2, 1, 3, 1, 1, 1, 3, 0, 4, 3, 1, 4, 1, 1, 2, 4, 4, 2, 1, 1, 3, 1, 3, 1, 1, 1, 1, 1, 1, 2, 3, 2, 1, 1, 1, 1, 2, 2, 2, 3, 1]|[0, 2, 1, 1, 3, 3, 0, 1, 0, 0, 0, 0, 1, 0, 1, 0, 0, 3, 1, 0, 0, 0, 3, 1, 0, 2, 0, 0, 0, 1, 0, 0, 0, 0, 3, 0, 1, 0, 0, 2, 1, 1, 2, 0, 0, 0, 0, 1, 1, 0, 0, 0, 1, 3, 0, 0, 1, 0, 0, 1, 0, 2, 0, 1, 0, 2, 1, 0, 0, 1, 1, 3, 0, 1, 3, 3, 1, 0, 0, 2, 0, 0, 0, 0, 1, 0, 0, 0, 1, 2, 1, 0, 0, 1, 1, 0, 0, 0, 0, 0],790.0808266764368,57926.0831962336,89131.00769295532,false
31,G1_CMAX,G1_CMAX,[31, 22, 82, 15, 26, 99, 95, 42, 77, 12, 47, 5, 93, 78, 86, 54, 21, 63, 18, 44, 20, 35, 43, 97, 91, 76, 10, 30, 85, 45, 71, 64, 1, 23, 17, 83, 24, 14, 60, 36, 6, 57, 40, 88, 65, 56, 79, 94, 67, 68, 46, 75, 38, 9, 19, 32, 41, 81, 27, 87, 90, 58, 59, 11, 16, 72, 73, 70, 39, 37, 84, 3, 92, 25, 55, 48, 62, 29, 51, 96, 33, 61, 98, 28, 89, 50, 4, 7, 53, 80, 52, 66, 34, 49, 8, 0, 74, 69, 2, 13]|[1, 1, 0, 1, 1, 0, 1, 1, 2, 1, 2, 2, 2, 1, 1, 0, 0, 1, 0, 2, 2, 0, 1, 2, 0, 1, 2, 2, 0, 0, 1, 2, 1, 2, 1, 0, 2, 0, 1, 1, 0, 1, 1, 1, 0, 2, 1, 1, 0, 0, 0, 0, 1, 1, 2, 1, 0, 2, 0, 2, 1, 0, 1, 2, 1, 2, 1, 1, 1, 1, 1, 1, 0, 1, 2, 0, 0, 0, 0, 2, 2, 1, 2, 0, 1, 0, 1, 2, 0, 0, 1, 2, 2, 0, 1, 0, 2, 1, 0, 0]|[0, 3, 2, 2, 4, 1, 2, 3, 2, 4, 1, 1, 2, 4, 4, 1, 1, 4, 2, 1, 1, 1, 1, 2, 1, 2, 1, 1, 2, 1, 3, 2, 3, 1, 4, 0, 1, 1, 0, 3, 2, 2, 2, 0, 1, 1, 0, 4, 0, 1, 2, 2, 1, 4, 0, 3, 1, 1, 1, 1, 3, 1, 1, 1, 3, 0, 4, 3, 1, 4, 1, 1, 0, 4, 1, 1, 2, 1, 1, 1, 1, 3, 1, 2, 1, 1, 4, 1, 2, 1, 1, 1, 1, 1, 3, 2, 1, 4, 2, 2]|[0, 2, 1, 1, 3, 0, 1, 3, 0, 0, 0, 0, 1, 0, 1, 0, 0, 3, 1, 0, 0, 0, 3, 1, 0, 2, 0, 0, 0, 1, 0, 0, 0, 0, 3, 0, 1, 0, 0, 2, 1, 1, 1, 0, 0, 0, 0, 2, 1, 0, 0, 0, 1, 3, 0, 0, 0, 0, 0, 0, 2, 0, 1, 0, 2, 1, 0, 0, 1, 1, 3, 1, 1, 3, 0, 0, 1, 0, 0, 0, 0, 0, 0, 1, 1, 0, 0, 0, 1, 0, 1, 0, 0, 1, 2, 0, 0, 2, 0, 0],731.2476204416437,56784.74762275103,92889.2977037672,false
31,G4_BALANCED,G4_BALANCED,[31, 11, 15, 82, 26, 9, 95, 32, 77, 68, 47, 5, 93, 78, 86, 54, 85, 63, 18, 44, 20, 49, 36, 14, 74, 50, 53, 17, 21, 45, 71, 64, 3, 23, 30, 83, 24, 41, 60, 52, 51, 27, 90, 70, 39, 87, 48, 69, 99, 4, 46, 1, 13, 58, 97, 59, 28, 8, 73, 37, 35, 79, 22, 66, 76, 42, 40, 80, 96, 6, 16, 61, 33, 7, 57, 34, 12, 67, 10, 98, 56, 88, 29, 25, 91, 38, 19, 92, 43, 84, 65, 72, 81, 75, 2, 55, 62, 89, 94, 0]|[2, 1, 1, 2, 1, 2, 1, 1, 1, 1, 1, 0, 2, 2, 1, 2, 0, 0, 0, 2, 2, 1, 0, 2, 0, 2, 2, 1, 0, 1, 1, 1, 0, 0, 1, 0, 2, 1, 2, 2, 0, 0, 1, 1, 0, 2, 0, 2, 1, 0, 0, 2, 0, 0, 2, 0, 1, 1, 0, 0, 2, 1, 1, 2, 2, 0, 2, 2, 0, 1, 2, 1, 1, 2, 0, 1, 2, 1, 1, 2, 2, 1, 1, 1, 1, 0, 1, 0, 1, 0, 1, 1, 1, 0, 2, 0, 1, 1, 2, 0]|[1, 3, 2, 0, 4, 1, 4, 4, 2, 4, 3, 2, 1, 0, 2, 1, 1, 1, 2, 1, 1, 3, 0, 1, 0, 1, 1, 4, 1, 4, 3, 2, 2, 0, 4, 1, 1, 4, 0, 1, 2, 1, 4, 4, 1, 1, 0, 2, 3, 1, 2, 1, 2, 1, 1, 2, 4, 3, 0, 2, 2, 3, 3, 0, 1, 2, 0, 1, 2, 4, 1, 3, 4, 1, 2, 4, 1, 3, 3, 1, 1, 4, 3, 4, 3, 2, 4, 2, 4, 2, 3, 4, 1, 2, 1, 2, 3, 4, 1, 2]|[1, 2, 1, 0, 3, 0, 1, 3, 0, 0, 2, 0, 1, 0, 1, 0, 0, 0, 1, 0, 0, 2, 0, 0, 1, 0, 0, 3, 0, 1, 0, 2, 0, 1, 3, 0, 1, 3, 1, 0, 0, 0, 1, 3, 0, 0, 1, 0, 2, 0, 0, 0, 0, 0, 1, 0, 1, 0, 1, 1, 0, 2, 2, 0, 0, 0, 1, 0, 0, 2, 0, 0, 1, 0, 0, 1, 0, 0, 3, 0, 0, 1, 0, 3, 0, 0, 1, 0, 2, 0, 0, 2, 1, 0, 0, 0, 0, 1, 0, 0],850.9632869082183,52431.02217786142,105346.60403335126,false
31,G2_TEC,G4_BALANCED,[31, 22, 82, 15, 26, 9, 95, 42, 77, 68, 47, 5, 93, 78, 86, 54, 85, 63, 18, 44, 20, 49, 36, 14, 74, 50, 53, 17, 21, 28, 11, 64, 3, 23, 30, 83, 24, 41, 40, 52, 65, 27, 90, 70, 39, 87, 48, 69, 99, 4, 46, 1, 13, 58, 19, 59, 45, 8, 73, 37, 35, 79, 71, 66, 76, 32, 60, 80, 96, 6, 16, 61, 33, 7, 57, 34, 12, 67, 10, 98, 56, 88, 43, 75, 91, 38, 84, 92, 29, 97, 51, 55, 72, 89, 62, 81, 94, 25, 2, 0]|[2, 1, 2, 1, 1, 2, 1, 1, 1, 1, 1, 0, 2, 2, 1, 2, 0, 0, 0, 2, 2, 1, 0, 2, 0, 2, 2, 1, 0, 1, 1, 1, 0, 0, 1, 0, 2, 1, 2, 2, 0, 0, 1, 1, 0, 2, 0, 2, 1, 0, 0, 2, 0, 0, 2, 0, 1, 1, 0, 0, 2, 1, 1, 2, 2, 0, 2, 2, 0, 1, 2, 1, 1, 2, 0, 1, 1, 2, 1, 2, 2, 1, 0, 0, 1, 0, 0, 0, 1, 1, 1, 0, 1, 1, 1, 1, 2, 1, 2, 0]|[0, 3, 0, 3, 4, 1, 4, 4, 2, 4, 3, 2, 1, 0, 2, 1, 1, 1, 2, 1, 1, 3, 0, 1, 0, 1, 1, 4, 1, 4, 3, 2, 2, 0, 4, 1, 1, 4, 1, 1, 2, 1, 4, 4, 1, 1, 0, 2, 3, 2, 2, 1, 2, 1, 1, 2, 4, 3, 0, 2, 2, 3, 3, 1, 1, 2, 1, 1, 2, 4, 1, 3, 4, 1, 2, 4, 3, 1, 3, 1, 1, 4, 2, 2, 3, 2, 2, 2, 3, 4, 3, 2, 4, 4, 3, 4, 1, 4, 1, 2]|[0, 2, 0, 0, 3, 0, 1, 3, 0, 0, 2, 0, 1, 0, 1, 0, 0, 0, 1, 0, 0, 2, 0, 0, 1, 0, 0, 3, 0, 1, 0, 2, 0, 0, 3, 0, 1, 1, 0, 0, 0, 0, 1, 3, 0, 0, 1, 0, 2, 0, 0, 0, 0, 1, 1, 0, 1, 0, 1, 1, 0, 2, 0, 0, 0, 0, 0, 0, 0, 2, 0, 0, 1, 0, 0, 1, 0, 0, 3, 0, 0, 1, 0, 0, 0, 0, 0, 0, 3, 1, 0, 0, 1, 1, 0, 2, 0, 3, 0, 0],910.4607005976306,49657.91211361282,105736.3648774724,true
31,G3_TWC,G3_TWC,[31, 22, 82, 15, 26, 58, 95, 42, 77, 12, 47, 5, 93, 78, 98, 54, 85, 63, 18, 44, 20, 35, 43, 97, 91, 76, 10, 30, 21, 45, 71, 64, 1, 23, 17, 83, 24, 14, 60, 36, 6, 57, 94, 88, 65, 56, 79, 40, 67, 68, 46, 75, 38, 9, 19, 32, 81, 41, 27, 62, 87, 90, 99, 59, 11, 16, 72, 73, 70, 39, 37, 84, 3, 92, 25, 55, 28, 29, 51, 7, 33, 61, 86, 66, 89, 50, 48, 96, 53, 8, 4, 80, 34, 49, 52, 0, 13, 2, 69, 74]|[1, 1, 0, 1, 1, 1, 2, 1, 2, 1, 2, 2, 2, 1, 1, 0, 0, 1, 0, 2, 2, 0, 1, 2, 0, 1, 2, 2, 0, 0, 1, 2, 1, 2, 1, 0, 2, 0, 1, 1, 0, 1, 1, 1, 0, 2, 1, 1, 0, 0, 0, 0, 1, 1, 2, 1, 2, 0, 0, 0, 2, 1, 0, 1, 2, 1, 2, 1, 1, 1, 1, 1, 2, 0, 1, 1, 0, 0, 0, 1, 2, 1, 0, 2, 1, 0, 0, 0, 0, 1, 0, 0, 2, 0, 1, 0, 0, 0, 1, 2]|[4, 3, 2, 2, 0, 0, 2, 2, 2, 4, 1, 1, 2, 4, 4, 1, 1, 4, 2, 1, 1, 1, 1, 2, 1, 2, 1, 1, 1, 1, 3, 2, 3, 0, 4, 0, 1, 1, 0, 3, 2, 2, 4, 0, 1, 1, 0, 2, 0, 1, 2, 2, 1, 4, 0, 3, 2, 1, 1, 2, 1, 3, 1, 1, 1, 3, 0, 4, 3, 1, 4, 1, 1, 2, 4, 4, 2, 1, 1, 3, 1, 3, 1, 1, 1, 1, 1, 1, 2, 3, 2, 1, 1, 1, 1, 2, 2, 2, 3, 1]|[0, 2, 1, 1, 3, 3, 0, 1, 0, 0, 0, 0, 1, 0, 1, 0, 0, 3, 1, 0, 0, 0, 3, 1, 0, 2, 0, 0, 0, 1, 0, 0, 0, 0, 3, 0, 1, 0, 0, 2, 1, 1, 2, 0, 0, 0, 0, 1, 1, 0, 0, 0, 1, 3, 0, 0, 1, 0, 0, 1, 0, 2, 0, 1, 0, 2, 1, 0, 0, 1, 1, 3, 0, 1, 3, 3, 1, 0, 0, 2, 0, 0, 0, 0, 1, 0, 0, 0, 1, 2, 1, 0, 0, 1, 1, 0, 0, 0, 0, 0],790.0808266764368,57926.0831962336,89131.00769295532,false
31,G1_CMAX,G1_CMAX,[31, 22, 82, 15, 26, 99, 95, 42, 77, 12, 47, 5, 93, 78, 86, 54, 21, 63, 18, 44, 20, 35, 43, 97, 91, 76, 10, 30, 85, 45, 71, 64, 1, 23, 17, 83, 24, 14, 60, 36, 6, 57, 40, 88, 65, 56, 79, 94, 67, 68, 46, 75, 38, 9, 19, 32, 41, 81, 27, 87, 90, 58, 59, 11, 16, 72, 73, 70, 39, 37, 84, 3, 92, 25, 55, 48, 62, 29, 51, 96, 33, 61, 98, 28, 89, 50, 4, 7, 53, 80, 52, 66, 34, 49, 8, 0, 74, 69, 2, 13]|[1, 1, 0, 1, 1, 0, 1, 1, 2, 1, 2, 2, 2, 1, 1, 0, 0, 1, 0, 2, 2, 0, 1, 2, 0, 1, 2, 2, 0, 0, 1, 2, 1, 2, 1, 0, 2, 0, 1, 1, 0, 1, 1, 1, 0, 2, 1, 1, 0, 0, 0, 0, 1, 1, 2, 1, 0, 2, 0, 2, 1, 0, 1, 2, 1, 2, 1, 1, 1, 1, 1, 1, 0, 1, 2, 0, 0, 0, 0, 2, 2, 1, 2, 0, 1, 0, 1, 2, 0, 0, 1, 2, 2, 0, 1, 0, 2, 1, 0, 0]|[0, 3, 2, 2, 4, 1, 2, 3, 2, 4, 1, 1, 2, 4, 4, 1, 1, 4, 2, 1, 1, 1, 1, 2, 1, 2, 1, 1, 2, 1, 3, 2, 3, 1, 4, 0, 1, 1, 0, 3, 2, 2, 2, 0, 1, 1, 0, 4, 0, 1, 2, 2, 1, 4, 0, 3, 1, 1, 1, 1, 3, 1, 1, 1, 3, 0, 4, 3, 1, 4, 1, 1, 0, 4, 1, 1, 2, 1, 1, 1, 1, 3, 1, 2, 1, 1, 4, 1, 2, 1, 1, 1, 1, 1, 3, 2, 1, 4, 2, 2]|[0, 2, 1, 1, 3, 0, 1, 3, 0, 0, 0, 0, 1, 0, 1, 0, 0, 3, 1, 0, 0, 0, 3, 1, 0, 2, 0, 0, 0, 1, 0, 0, 0, 0, 3, 0, 1, 0, 0, 2, 1, 1, 1, 0, 0, 0, 0, 2, 1, 0, 0, 0, 1, 3, 0, 0, 0, 0, 0, 0, 2, 0, 1, 0, 2, 1, 0, 0, 1, 1, 3, 1, 1, 3, 0, 0, 1, 0, 0, 0, 0, 0, 0, 1, 1, 0, 0, 0, 1, 0, 1, 0, 0, 1, 2, 0, 0, 2, 0, 0],731.2476204416437,56784.74762275103,92889.2977037672,false
31,G4_BALANCED,G4_BALANCED,[31, 11, 15, 82, 26, 9, 95, 32, 77, 68, 47, 5, 93, 78, 86, 54, 85, 63, 18, 44, 20, 49, 36, 14, 74, 50, 53, 17, 21, 45, 71, 64, 3, 23, 30, 83, 24, 41, 60, 52, 51, 27, 90, 70, 39, 87, 48, 69, 99, 4, 46, 1, 13, 58, 97, 59, 28, 8, 73, 37, 35, 79, 22, 66, 76, 42, 40, 80, 96, 6, 16, 61, 33, 7, 57, 34, 12, 67, 10, 98, 56, 88, 29, 25, 91, 38, 19, 92, 43, 84, 65, 72, 81, 75, 2, 55, 62, 89, 94, 0]|[2, 1, 1, 2, 1, 2, 1, 1, 1, 1, 1, 0, 2, 2, 1, 2, 0, 0, 0, 2, 2, 1, 0, 2, 0, 2, 2, 1, 0, 1, 1, 1, 0, 0, 1, 0, 2, 1, 2, 2, 0, 0, 1, 1, 0, 2, 0, 2, 1, 0, 0, 2, 0, 0, 2, 0, 1, 1, 0, 0, 2, 1, 1, 2, 2, 0, 2, 2, 0, 1, 2, 1, 1, 2, 0, 1, 2, 1, 1, 2, 2, 1, 1, 1, 1, 0, 1, 0, 1, 0, 1, 1, 1, 0, 2, 0, 1, 1, 2, 0]|[1, 3, 2, 0, 4, 1, 4, 4, 2, 4, 3, 2, 1, 0, 2, 1, 1, 1, 2, 1, 1, 3, 0, 1, 0, 1, 1, 4, 1, 4, 3, 2, 2, 0, 4, 1, 1, 4, 0, 1, 2, 1, 4, 4, 1, 1, 0, 2, 3, 1, 2, 1, 2, 1, 1, 2, 4, 3, 0, 2, 2, 3, 3, 0, 1, 2, 0, 1, 2, 4, 1, 3, 4, 1, 2, 4, 1, 3, 3, 1, 1, 4, 3, 4, 3, 2, 4, 2, 4, 2, 3, 4, 1, 2, 1, 2, 3, 4, 1, 2]|[1, 2, 1, 0, 3, 0, 1, 3, 0, 0, 2, 0, 1, 0, 1, 0, 0, 0, 1, 0, 0, 2, 0, 0, 1, 0, 0, 3, 0, 1, 0, 2, 0, 1, 3, 0, 1, 3, 1, 0, 0, 0, 1, 3, 0, 0, 1, 0, 2, 0, 0, 0, 0, 0, 1, 0, 1, 0, 1, 1, 0, 2, 2, 0, 0, 0, 1, 0, 0, 2, 0, 0, 1, 0, 0, 1, 0, 0, 3, 0, 0, 1, 0, 3, 0, 0, 1, 0, 2, 0, 0, 2, 1, 0, 0, 0, 0, 1, 0, 0],850.9632869082183,52431.02217786142,105346.60403335126,false
31,G2_TEC,G2_TEC,[31, 22, 82, 15, 26, 9, 95, 42, 77, 68, 47, 5, 93, 78, 86, 54, 85, 63, 18, 44, 20, 49, 36, 14, 74, 50, 53, 17, 21, 28, 11, 64, 3, 23, 30, 83, 24, 41, 40, 52, 65, 27, 90, 70, 39, 87, 48, 69, 99, 4, 46, 1, 13, 58, 97, 59, 45, 8, 73, 37, 35, 79, 71, 66, 76, 32, 60, 80, 56, 6, 67, 61, 33, 7, 57, 34, 12, 16, 10, 98, 96, 88, 43, 75, 91, 38, 84, 92, 29, 19, 51, 55, 72, 89, 25, 81, 94, 2, 62, 0]|[2, 1, 2, 1, 1, 2, 1, 1, 1, 1, 1, 0, 2, 2, 1, 2, 0, 0, 0, 2, 2, 1, 0, 2, 0, 2, 2, 1, 0, 1, 1, 1, 0, 0, 1, 0, 2, 1, 2, 2, 0, 0, 1, 1, 0, 2, 0, 2, 1, 0, 0, 2, 0, 0, 2, 0, 1, 1, 0, 0, 2, 1, 1, 2, 2, 0, 2, 2, 2, 1, 2, 1, 1, 2, 0, 1, 1, 2, 1, 2, 0, 1, 1, 0, 1, 0, 0, 0, 1, 1, 1, 0, 1, 1, 1, 1, 2, 2, 1, 0]|[0, 3, 0, 3, 4, 1, 4, 4, 2, 4, 3, 2, 1, 0, 2, 1, 1, 1, 2, 1, 1, 3, 0, 1, 0, 1, 1, 4, 1, 4, 3, 2, 2, 0, 4, 1, 1, 4, 1, 1, 2, 1, 4, 4, 1, 1, 0, 2, 3, 2, 2, 1, 2, 1, 1, 2, 4, 3, 0, 2, 2, 3, 3, 1, 1, 2, 1, 1, 1, 4, 1, 3, 4, 1, 2, 4, 3, 1, 3, 1, 2, 4, 4, 2, 3, 2, 2, 2, 3, 4, 3, 2, 4, 4, 4, 4, 1, 1, 3, 2]|[0, 2, 0, 0, 3, 0, 1, 3, 0, 0, 2, 0, 1, 0, 1, 0, 0, 0, 1, 0, 0, 2, 0, 0, 1, 0, 0, 3, 0, 1, 0, 2, 0, 0, 3, 0, 1, 1, 0, 0, 0, 0, 1, 3, 0, 0, 1, 0, 2, 0, 0, 0, 0, 0, 1, 0, 1, 0, 1, 1, 0, 2, 0, 0, 0, 0, 0, 0, 0, 2, 0, 0, 1, 0, 0, 1, 0, 0, 3, 0, 0, 1, 2, 0, 0, 0, 0, 0, 3, 1, 0, 0, 1, 1, 3, 2, 0, 0, 0, 0],908.8272556494078,49445.19365311725,107483.81690224803,false
31,G3_TWC,G3_TWC,[31, 22, 82, 15, 26, 58, 95, 42, 77, 12, 47, 5, 93, 78, 98, 54, 85, 63, 18, 44, 20, 35, 43, 97, 91, 76, 10, 30, 21, 45, 71, 64, 1, 23, 17, 83, 24, 14, 60, 36, 6, 57, 94, 88, 65, 56, 79, 40, 67, 68, 46, 75, 38, 9, 19, 32, 81, 41, 27, 62, 87, 90, 99, 59, 11, 16, 72, 73, 70, 39, 37, 84, 3, 92, 25, 55, 28, 29, 51, 7, 33, 61, 86, 66, 89, 50, 48, 96, 53, 8, 4, 80, 34, 49, 52, 0, 13, 2, 69, 74]|[1, 1, 0, 1, 1, 1, 2, 1, 2, 1, 2, 2, 2, 1, 1, 0, 0, 1, 0, 2, 2, 0, 1, 2, 0, 1, 2, 2, 0, 0, 1, 2, 1, 2, 1, 0, 2, 0, 1, 1, 0, 1, 1, 1, 0, 2, 1, 1, 0, 0, 0, 0, 1, 1, 2, 1, 2, 0, 0, 0, 2, 1, 0, 1, 2, 1, 2, 1, 1, 1, 1, 1, 2, 0, 1, 1, 0, 0, 0, 1, 2, 1, 0, 2, 1, 0, 0, 0, 0, 1, 0, 0, 2, 0, 1, 0, 0, 0, 1, 2]|[4, 3, 2, 2, 0, 0, 2, 2, 2, 4, 1, 1, 2, 4, 4, 1, 1, 4, 2, 1, 1, 1, 1, 2, 1, 2, 1, 1, 1, 1, 3, 2, 3, 0, 4, 0, 1, 1, 0, 3, 2, 2, 4, 0, 1, 1, 0, 2, 0, 1, 2, 2, 1, 4, 0, 3, 2, 1, 1, 2, 1, 3, 1, 1, 1, 3, 0, 4, 3, 1, 4, 1, 1, 2, 4, 4, 2, 1, 1, 3, 1, 3, 1, 1, 1, 1, 1, 1, 2, 3, 2, 1, 1, 1, 1, 2, 2, 2, 3, 1]|[0, 2, 1, 1, 3, 3, 0, 1, 0, 0, 0, 0, 1, 0, 1, 0, 0, 3, 1, 0, 0, 0, 3, 1, 0, 2, 0, 0, 0, 1, 0, 0, 0, 0, 3, 0, 1, 0, 0, 2, 1, 1, 2, 0, 0, 0, 0, 1, 1, 0, 0, 0, 1, 3, 0, 0, 1, 0, 0, 1, 0, 2, 0, 1, 0, 2, 1, 0, 0, 1, 1, 3, 0, 1, 3, 3, 1, 0, 0, 2, 0, 0, 0, 0, 1, 0, 0, 0, 1, 2, 1, 0, 0, 1, 1, 0, 0, 0, 0, 0],790.0808266764368,57926.0831962336,89131.00769295532,false
31,G1_CMAX,G1_CMAX,[31, 22, 82, 15, 26, 99, 95, 42, 77, 12, 47, 5, 93, 78, 86, 54, 21, 63, 18, 44, 20, 35, 43, 97, 91, 76, 10, 30, 85, 45, 71, 64, 1, 23, 17, 83, 24, 14, 60, 36, 6, 57, 40, 88, 65, 56, 79, 94, 67, 68, 46, 75, 38, 9, 19, 32, 41, 81, 27, 87, 90, 58, 59, 11, 16, 72, 73, 70, 39, 37, 84, 3, 92, 25, 55, 48, 62, 29, 51, 96, 33, 61, 98, 28, 89, 50, 4, 7, 53, 80, 52, 66, 34, 49, 8, 0, 74, 69, 2, 13]|[1, 1, 0, 1, 1, 0, 1, 1, 2, 1, 2, 2, 2, 1, 1, 0, 0, 1, 0, 2, 2, 0, 1, 2, 0, 1, 2, 2, 0, 0, 1, 2, 1, 2, 1, 0, 2, 0, 1, 1, 0, 1, 1, 1, 0, 2, 1, 1, 0, 0, 0, 0, 1, 1, 2, 1, 0, 2, 0, 2, 1, 0, 1, 2, 1, 2, 1, 1, 1, 1, 1, 1, 0, 1, 2, 0, 0, 0, 0, 2, 2, 1, 2, 0, 1, 0, 1, 2, 0, 0, 1, 2, 2, 0, 1, 0, 2, 1, 0, 0]|[0, 3, 2, 2, 4, 1, 2, 3, 2, 4, 1, 1, 2, 4, 4, 1, 1, 4, 2, 1, 1, 1, 1, 2, 1, 2, 1, 1, 2, 1, 3, 2, 3, 1, 4, 0, 1, 1, 0, 3, 2, 2, 2, 0, 1, 1, 0, 4, 0, 1, 2, 2, 1, 4, 0, 3, 1, 1, 1, 1, 3, 1, 1, 1, 3, 0, 4, 3, 1, 4, 1, 1, 0, 4, 1, 1, 2, 1, 1, 1, 1, 3, 1, 2, 1, 1, 4, 1, 2, 1, 1, 1, 1, 1, 3, 2, 1, 4, 2, 2]|[0, 2, 1, 1, 3, 0, 1, 3, 0, 0, 0, 0, 1, 0, 1, 0, 0, 3, 1, 0, 0, 0, 3, 1, 0, 2, 0, 0, 0, 1, 0, 0, 0, 0, 3, 0, 1, 0, 0, 2, 1, 1, 1, 0, 0, 0, 0, 2, 1, 0, 0, 0, 1, 3, 0, 0, 0, 0, 0, 0, 2, 0, 1, 0, 2, 1, 0, 0, 1, 1, 3, 1, 1, 3, 0, 0, 1, 0, 0, 0, 0, 0, 0, 1, 1, 0, 0, 0, 1, 0, 1, 0, 0, 1, 2, 0, 0, 2, 0, 0],731.2476204416437,56784.74762275103,92889.2977037672,false
31,G4_BALANCED,G4_BALANCED,[31, 11, 15, 82, 26, 9, 95, 32, 77, 68, 47, 5, 93, 78, 86, 54, 85, 63, 18, 44, 20, 49, 36, 14, 74, 50, 53, 17, 21, 45, 71, 64, 3, 23, 30, 83, 24, 41, 60, 52, 51, 27, 90, 70, 39, 87, 48, 69, 99, 4, 46, 1, 13, 58, 97, 59, 28, 8, 73, 37, 35, 79, 22, 66, 76, 42, 40, 80, 96, 6, 16, 61, 33, 7, 57, 34, 12, 67, 10, 98, 56, 88, 29, 25, 91, 38, 19, 92, 43, 84, 65, 72, 81, 75, 2, 55, 62, 89, 94, 0]|[2, 1, 1, 2, 1, 2, 1, 1, 1, 1, 1, 0, 2, 2, 1, 2, 0, 0, 0, 2, 2, 1, 0, 2, 0, 2, 2, 1, 0, 1, 1, 1, 0, 0, 1, 0, 2, 1, 2, 2, 0, 0, 1, 1, 0, 2, 0, 2, 1, 0, 0, 2, 0, 0, 2, 0, 1, 1, 0, 0, 2, 1, 1, 2, 2, 0, 2, 2, 0, 1, 2, 1, 1, 2, 0, 1, 2, 1, 1, 2, 2, 1, 1, 1, 1, 0, 1, 0, 1, 0, 1, 1, 1, 0, 2, 0, 1, 1, 2, 0]|[1, 3, 2, 0, 4, 1, 4, 4, 2, 4, 3, 2, 1, 0, 2, 1, 1, 1, 2, 1, 1, 3, 0, 1, 0, 1, 1, 4, 1, 4, 3, 2, 2, 0, 4, 1, 1, 4, 0, 1, 2, 1, 4, 4, 1, 1, 0, 2, 3, 1, 2, 1, 2, 1, 1, 2, 4, 3, 0, 2, 2, 3, 3, 0, 1, 2, 0, 1, 2, 4, 1, 3, 4, 1, 2, 4, 1, 3, 3, 1, 1, 4, 3, 4, 3, 2, 4, 2, 4, 2, 3, 4, 1, 2, 1, 2, 3, 4, 1, 2]|[1, 2, 1, 0, 3, 0, 1, 3, 0, 0, 2, 0, 1, 0, 1, 0, 0, 0, 1, 0, 0, 2, 0, 0, 1, 0, 0, 3, 0, 1, 0, 2, 0, 1, 3, 0, 1, 3, 1, 0, 0, 0, 1, 3, 0, 0, 1, 0, 2, 0, 0, 0, 0, 0, 1, 0, 1, 0, 1, 1, 0, 2, 2, 0, 0, 0, 1, 0, 0, 2, 0, 0, 1, 0, 0, 1, 0, 0, 3, 0, 0, 1, 0, 3, 0, 0, 1, 0, 2, 0, 0, 2, 1, 0, 0, 0, 0, 1, 0, 0],850.9632869082183,52431.02217786142,105346.60403335126,false
31,G2_TEC,G2_TEC,[31, 22, 82, 15, 26, 9, 95, 42, 77, 68, 47, 5, 93, 78, 86, 54, 85, 63, 18, 44, 20, 49, 36, 14, 74, 50, 53, 17, 21, 28, 11, 64, 3, 23, 30, 83, 24, 41, 40, 52, 65, 27, 90, 70, 39, 87, 48, 69, 99, 4, 46, 1, 13, 58, 97, 59, 45, 8, 73, 37, 35, 79, 71, 66, 76, 32, 60, 80, 56, 6, 67, 61, 33, 7, 57, 34, 12, 16, 10, 98, 96, 88, 43, 75, 91, 38, 84, 92, 29, 19, 51, 55, 72, 89, 25, 81, 94, 2, 62, 0]|[2, 1, 2, 1, 1, 2, 1, 1, 1, 1, 1, 0, 2, 2, 1, 2, 0, 0, 0, 2, 2, 1, 0, 2, 0, 2, 2, 1, 0, 1, 1, 1, 0, 0, 1, 0, 2, 1, 2, 2, 0, 0, 1, 1, 0, 2, 0, 2, 1, 0, 0, 2, 0, 0, 2, 0, 1, 1, 0, 0, 2, 1, 1, 2, 2, 0, 2, 2, 2, 1, 2, 1, 1, 2, 0, 1, 1, 2, 1, 2, 0, 1, 1, 0, 1, 0, 0, 0, 1, 1, 1, 0, 1, 1, 1, 1, 2, 2, 1, 0]|[0, 3, 0, 3, 4, 1, 4, 4, 2, 4, 3, 2, 1, 0, 2, 1, 1, 1, 2, 1, 1, 3, 0, 1, 0, 1, 1, 4, 1, 4, 3, 2, 2, 0, 4, 1, 1, 4, 1, 1, 2, 1, 4, 4, 1, 1, 0, 2, 3, 2, 2, 1, 2, 1, 1, 2, 4, 3, 0, 2, 2, 3, 3, 1, 1, 2, 1, 1, 1, 4, 1, 3, 4, 1, 2, 4, 3, 1, 3, 1, 2, 4, 4, 2, 3, 2, 2, 2, 3, 4, 3, 2, 4, 4, 4, 4, 1, 1, 3, 2]|[0, 2, 0, 0, 3, 0, 1, 3, 0, 0, 2, 0, 1, 0, 1, 0, 0, 0, 1, 0, 0, 2, 0, 0, 1, 0, 0, 3, 0, 1, 0, 2, 0, 0, 3, 0, 1, 1, 0, 0, 0, 0, 1, 3, 0, 0, 1, 0, 2, 0, 0, 0, 0, 0, 1, 0, 1, 0, 1, 1, 0, 2, 0, 0, 0, 0, 0, 0, 0, 2, 0, 0, 1, 0, 0, 1, 0, 0, 3, 0, 0, 1, 2, 0, 0, 0, 0, 0, 3, 1, 0, 0, 1, 1, 3, 2, 0, 0, 0, 0],908.8272556494078,49445.19365311725,107483.81690224803,false
31,G3_TWC,G3_TWC,[31, 22, 82, 15, 26, 58, 95, 42, 77, 12, 47, 5, 93, 78, 98, 54, 85, 63, 18, 44, 20, 35, 43, 97, 91, 76, 10, 30, 21, 45, 71, 64, 1, 23, 17, 83, 24, 14, 60, 36, 6, 57, 94, 88, 65, 56, 79, 40, 67, 68, 46, 75, 38, 9, 19, 32, 81, 41, 27, 62, 87, 90, 99, 59, 11, 16, 72, 73, 70, 39, 37, 84, 3, 92, 25, 55, 28, 29, 51, 7, 33, 61, 86, 66, 89, 50, 48, 96, 53, 8, 4, 80, 34, 49, 52, 0, 13, 2, 69, 74]|[1, 1, 0, 1, 1, 1, 2, 1, 2, 1, 2, 2, 2, 1, 1, 0, 0, 1, 0, 2, 2, 0, 1, 2, 0, 1, 2, 2, 0, 0, 1, 2, 1, 2, 1, 0, 2, 0, 1, 1, 0, 1, 1, 1, 0, 2, 1, 1, 0, 0, 0, 0, 1, 1, 2, 1, 2, 0, 0, 0, 2, 1, 0, 1, 2, 1, 2, 1, 1, 1, 1, 1, 2, 0, 1, 1, 0, 0, 0, 1, 2, 1, 0, 2, 1, 0, 0, 0, 0, 1, 0, 0, 2, 0, 1, 0, 0, 0, 1, 2]|[4, 3, 2, 2, 0, 0, 2, 2, 2, 4, 1, 1, 2, 4, 4, 1, 1, 4, 2, 1, 1, 1, 1, 2, 1, 2, 1, 1, 1, 1, 3, 2, 3, 0, 4, 0, 1, 1, 0, 3, 2, 2, 4, 0, 1, 1, 0, 2, 0, 1, 2, 2, 1, 4, 0, 3, 2, 1, 1, 2, 1, 3, 1, 1, 1, 3, 0, 4, 3, 1, 4, 1, 1, 2, 4, 4, 2, 1, 1, 3, 1, 3, 1, 1, 1, 1, 1, 1, 2, 3, 2, 1, 1, 1, 1, 2, 2, 2, 3, 1]|[0, 2, 1, 1, 3, 3, 0, 1, 0, 0, 0, 0, 1, 0, 1, 0, 0, 3, 1, 0, 0, 0, 3, 1, 0, 2, 0, 0, 0, 1, 0, 0, 0, 0, 3, 0, 1, 0, 0, 2, 1, 1, 2, 0, 0, 0, 0, 1, 1, 0, 0, 0, 1, 3, 0, 0, 1, 0, 0, 1, 0, 2, 0, 1, 0, 2, 1, 0, 0, 1, 1, 3, 0, 1, 3, 3, 1, 0, 0, 2, 0, 0, 0, 0, 1, 0, 0, 0, 1, 2, 1, 0, 0, 1, 1, 0, 0, 0, 0, 0],790.0808266764368,57926.0831962336,89131.00769295532,false
31,G1_CMAX,G1_CMAX,[31, 22, 82, 15, 26, 99, 95, 42, 77, 12, 47, 5, 93, 78, 86, 54, 21, 63, 18, 44, 20, 35, 43, 97, 91, 76, 10, 30, 85, 45, 71, 64, 1, 23, 17, 83, 24, 14, 60, 36, 6, 57, 40, 88, 65, 56, 79, 94, 67, 68, 46, 75, 38, 9, 19, 32, 41, 81, 27, 87, 90, 58, 59, 11, 16, 72, 73, 70, 39, 37, 84, 3, 92, 25, 55, 48, 62, 29, 51, 96, 33, 61, 98, 28, 89, 50, 4, 7, 53, 80, 52, 66, 34, 49, 8, 0, 74, 69, 2, 13]|[1, 1, 0, 1, 1, 0, 1, 1, 2, 1, 2, 2, 2, 1, 1, 0, 0, 1, 0, 2, 2, 0, 1, 2, 0, 1, 2, 2, 0, 0, 1, 2, 1, 2, 1, 0, 2, 0, 1, 1, 0, 1, 1, 1, 0, 2, 1, 1, 0, 0, 0, 0, 1, 1, 2, 1, 0, 2, 0, 2, 1, 0, 1, 2, 1, 2, 1, 1, 1, 1, 1, 1, 0, 1, 2, 0, 0, 0, 0, 2, 2, 1, 2, 0, 1, 0, 1, 2, 0, 0, 1, 2, 2, 0, 1, 0, 2, 1, 0, 0]|[0, 3, 2, 2, 4, 1, 2, 3, 2, 4, 1, 1, 2, 4, 4, 1, 1, 4, 2, 1, 1, 1, 1, 2, 1, 2, 1, 1, 2, 1, 3, 2, 3, 1, 4, 0, 1, 1, 0, 3, 2, 2, 2, 0, 1, 1, 0, 4, 0, 1, 2, 2, 1, 4, 0, 3, 1, 1, 1, 1, 3, 1, 1, 1, 3, 0, 4, 3, 1, 4, 1, 1, 0, 4, 1, 1, 2, 1, 1, 1, 1, 3, 1, 2, 1, 1, 4, 1, 2, 1, 1, 1, 1, 1, 3, 2, 1, 4, 2, 2]|[0, 2, 1, 1, 3, 0, 1, 3, 0, 0, 0, 0, 1, 0, 1, 0, 0, 3, 1, 0, 0, 0, 3, 1, 0, 2, 0, 0, 0, 1, 0, 0, 0, 0, 3, 0, 1, 0, 0, 2, 1, 1, 1, 0, 0, 0, 0, 2, 1, 0, 0, 0, 1, 3, 0, 0, 0, 0, 0, 0, 2, 0, 1, 0, 2, 1, 0, 0, 1, 1, 3, 1, 1, 3, 0, 0, 1, 0, 0, 0, 0, 0, 0, 1, 1, 0, 0, 0, 1, 0, 1, 0, 0, 1, 2, 0, 0, 2, 0, 0],731.2476204416437,56784.74762275103,92889.2977037672,false
31,G4_BALANCED,G4_BALANCED,[31, 11, 15, 82, 26, 9, 95, 32, 77, 68, 47, 5, 93, 78, 86, 54, 85, 63, 18, 44, 20, 49, 36, 14, 74, 50, 53, 17, 21, 45, 71, 64, 3, 23, 30, 83, 24, 41, 60, 52, 51, 27, 90, 70, 39, 87, 48, 69, 99, 4, 46, 1, 13, 58, 97, 59, 28, 8, 73, 37, 35, 79, 22, 66, 76, 42, 40, 80, 96, 6, 16, 61, 33, 7, 57, 34, 12, 67, 10, 98, 56, 88, 29, 25, 91, 38, 19, 92, 43, 84, 65, 72, 81, 75, 2, 55, 62, 89, 94, 0]|[2, 1, 1, 2, 1, 2, 1, 1, 1, 1, 1, 0, 2, 2, 1, 2, 0, 0, 0, 2, 2, 1, 0, 2, 0, 2, 2, 1, 0, 1, 1, 1, 0, 0, 1, 0, 2, 1, 2, 2, 0, 0, 1, 1, 0, 2, 0, 2, 1, 0, 0, 2, 0, 0, 2, 0, 1, 1, 0, 0, 2, 1, 1, 2, 2, 0, 2, 2, 0, 1, 2, 1, 1, 2, 0, 1, 2, 1, 1, 2, 2, 1, 1, 1, 1, 0, 1, 0, 1, 0, 1, 1, 1, 0, 2, 0, 1, 1, 2, 0]|[1, 3, 2, 0, 4, 1, 4, 4, 2, 4, 3, 2, 1, 0, 2, 1, 1, 1, 2, 1, 1, 3, 0, 1, 0, 1, 1, 4, 1, 4, 3, 2, 2, 0, 4, 1, 1, 4, 0, 1, 2, 1, 4, 4, 1, 1, 0, 2, 3, 1, 2, 1, 2, 1, 1, 2, 4, 3, 0, 2, 2, 3, 3, 0, 1, 2, 0, 1, 2, 4, 1, 3, 4, 1, 2, 4, 1, 3, 3, 1, 1, 4, 3, 4, 3, 2, 4, 2, 4, 2, 3, 4, 1, 2, 1, 2, 3, 4, 1, 2]|[1, 2, 1, 0, 3, 0, 1, 3, 0, 0, 2, 0, 1, 0, 1, 0, 0, 0, 1, 0, 0, 2, 0, 0, 1, 0, 0, 3, 0, 1, 0, 2, 0, 1, 3, 0, 1, 3, 1, 0, 0, 0, 1, 3, 0, 0, 1, 0, 2, 0, 0, 0, 0, 0, 1, 0, 1, 0, 1, 1, 0, 2, 2, 0, 0, 0, 1, 0, 0, 2, 0, 0, 1, 0, 0, 1, 0, 0, 3, 0, 0, 1, 0, 3, 0, 0, 1, 0, 2, 0, 0, 2, 1, 0, 0, 0, 0, 1, 0, 0],850.9632869082183,52431.02217786142,105346.60403335126,false
31,G2_TEC,G2_TEC,[31, 22, 82, 15, 26, 9, 95, 42, 77, 68, 47, 5, 93, 78, 86, 54, 85, 63, 18, 44, 20, 49, 36, 14, 74, 50, 53, 17, 21, 28, 11, 64, 3, 23, 30, 83, 24, 41, 40, 52, 65, 27, 90, 70, 39, 87, 48, 69, 99, 4, 46, 1, 13, 58, 97, 59, 45, 8, 73, 37, 35, 79, 71, 66, 76, 32, 60, 80, 56, 6, 67, 61, 33, 7, 57, 34, 12, 16, 10, 98, 96, 88, 43, 75, 91, 38, 84, 92, 29, 19, 51, 55, 72, 89, 25, 81, 94, 2, 62, 0]|[2, 1, 2, 1, 1, 2, 1, 1, 1, 1, 1, 0, 2, 2, 1, 2, 0, 0, 0, 2, 2, 1, 0, 2, 0, 2, 2, 1, 0, 1, 1, 1, 0, 0, 1, 0, 2, 1, 2, 2, 0, 0, 1, 1, 0, 2, 0, 2, 1, 0, 0, 2, 0, 0, 2, 0, 1, 1, 0, 0, 2, 1, 1, 2, 2, 0, 2, 2, 2, 1, 2, 1, 1, 2, 0, 1, 1, 2, 1, 2, 0, 1, 1, 0, 1, 0, 0, 0, 1, 1, 1, 0, 1, 1, 1, 1, 2, 2, 1, 0]|[0, 3, 0, 3, 4, 1, 4, 4, 2, 4, 3, 2, 1, 0, 2, 1, 1, 1, 2, 1, 1, 3, 0, 1, 0, 1, 1, 4, 1, 4, 3, 2, 2, 0, 4, 1, 1, 4, 1, 1, 2, 1, 4, 4, 1, 1, 0, 2, 3, 2, 2, 1, 2, 1, 1, 2, 4, 3, 0, 2, 2, 3, 3, 1, 1, 2, 1, 1, 1, 4, 1, 3, 4, 1, 2, 4, 3, 1, 3, 1, 2, 4, 4, 2, 3, 2, 2, 2, 3, 4, 3, 2, 4, 4, 4, 4, 1, 1, 3, 2]|[0, 2, 0, 0, 3, 0, 1, 3, 0, 0, 2, 0, 1, 0, 1, 0, 0, 0, 1, 0, 0, 2, 0, 0, 1, 0, 0, 3, 0, 1, 0, 2, 0, 0, 3, 0, 1, 1, 0, 0, 0, 0, 1, 3, 0, 0, 1, 0, 2, 0, 0, 0, 0, 0, 1, 0, 1, 0, 1, 1, 0, 2, 0, 0, 0, 0, 0, 0, 0, 2, 0, 0, 1, 0, 0, 1, 0, 0, 3, 0, 0, 1, 2, 0, 0, 0, 0, 0, 3, 1, 0, 0, 1, 1, 3, 2, 0, 0, 0, 0],908.8272556494078,49445.19365311725,107483.81690224803,false
31,G3_TWC,G3_TWC,[31, 22, 82, 15, 26, 58, 95, 42, 77, 12, 47, 5, 93, 78, 98, 54, 85, 63, 18, 44, 20, 35, 43, 97, 91, 76, 10, 30, 21, 45, 71, 64, 1, 23, 17, 83, 24, 14, 60, 36, 6, 57, 94, 88, 65, 56, 79, 40, 67, 68, 46, 75, 38, 9, 19, 32, 81, 41, 27, 62, 87, 90, 99, 59, 11, 16, 72, 73, 70, 39, 37, 84, 3, 92, 25, 55, 28, 29, 51, 7, 33, 61, 86, 66, 89, 50, 48, 96, 53, 8, 4, 80, 34, 49, 52, 0, 13, 2, 69, 74]|[1, 1, 0, 1, 1, 1, 2, 1, 2, 1, 2, 2, 2, 1, 1, 0, 0, 1, 0, 2, 2, 0, 1, 2, 0, 1, 2, 2, 0, 0, 1, 2, 1, 2, 1, 0, 2, 0, 1, 1, 0, 1, 1, 1, 0, 2, 1, 1, 0, 0, 0, 0, 1, 1, 2, 1, 2, 0, 0, 0, 2, 1, 0, 1, 2, 1, 2, 1, 1, 1, 1, 1, 2, 0, 1, 1, 0, 0, 0, 1, 2, 1, 0, 2, 1, 0, 0, 0, 0, 1, 0, 0, 2, 0, 1, 0, 0, 0, 1, 2]|[4, 3, 2, 2, 0, 0, 2, 2, 2, 4, 1, 1, 2, 4, 4, 1, 1, 4, 2, 1, 1, 1, 1, 2, 1, 2, 1, 1, 1, 1, 3, 2, 3, 0, 4, 0, 1, 1, 0, 3, 2, 2, 4, 0, 1, 1, 0, 2, 0, 1, 2, 2, 1, 4, 0, 3, 2, 1, 1, 2, 1, 3, 1, 1, 1, 3, 0, 4, 3, 1, 4, 1, 1, 2, 4, 4, 2, 1, 1, 3, 1, 3, 1, 1, 1, 1, 1, 1, 2, 3, 2, 1, 1, 1, 1, 2, 2, 2, 3, 1]|[0, 2, 1, 1, 3, 3, 0, 1, 0, 0, 0, 0, 1, 0, 1, 0, 0, 3, 1, 0, 0, 0, 3, 1, 0, 2, 0, 0, 0, 1, 0, 0, 0, 0, 3, 0, 1, 0, 0, 2, 1, 1, 2, 0, 0, 0, 0, 1, 1, 0, 0, 0, 1, 3, 0, 0, 1, 0, 0, 1, 0, 2, 0, 1, 0, 2, 1, 0, 0, 1, 1, 3, 0, 1, 3, 3, 1, 0, 0, 2, 0, 0, 0, 0, 1, 0, 0, 0, 1, 2, 1, 0, 0, 1, 1, 0, 0, 0, 0, 0],790.0808266764368,57926.0831962336,89131.00769295532,false
32,G1_CMAX,G1_CMAX,[31, 22, 82, 15, 26, 99, 95, 42, 77, 12, 47, 5, 93, 78, 86, 54, 21, 63, 18, 44, 20, 35, 43, 97, 91, 76, 10, 30, 85, 45, 71, 64, 1, 23, 17, 83, 24, 14, 60, 36, 6, 57, 40, 88, 65, 56, 79, 94, 67, 68, 46, 75, 38, 9, 19, 32, 41, 81, 27, 87, 90, 58, 59, 11, 16, 72, 73, 70, 39, 37, 84, 3, 92, 25, 55, 48, 62, 29, 51, 96, 33, 61, 98, 28, 89, 50, 4, 7, 53, 80, 52, 66, 34, 49, 8, 0, 74, 69, 2, 13]|[1, 1, 0, 1, 1, 0, 1, 1, 2, 1, 2, 2, 2, 1, 1, 0, 0, 1, 0, 2, 2, 0, 1, 2, 0, 1, 2, 2, 0, 0, 1, 2, 1, 2, 1, 0, 2, 0, 1, 1, 0, 1, 1, 1, 0, 2, 1, 1, 0, 0, 0, 0, 1, 1, 2, 1, 0, 2, 0, 2, 1, 0, 1, 2, 1, 2, 1, 1, 1, 1, 1, 1, 0, 1, 2, 0, 0, 0, 0, 2, 2, 1, 2, 0, 1, 0, 1, 2, 0, 0, 1, 2, 2, 0, 1, 0, 2, 1, 0, 0]|[0, 3, 2, 2, 4, 1, 2, 3, 2, 4, 1, 1, 2, 4, 4, 1, 1, 4, 2, 1, 1, 1, 1, 2, 1, 2, 1, 1, 2, 1, 3, 2, 3, 1, 4, 0, 1, 1, 0, 3, 2, 2, 2, 0, 1, 1, 0, 4, 0, 1, 2, 2, 1, 4, 0, 3, 1, 1, 1, 1, 3, 1, 1, 1, 3, 0, 4, 3, 1, 4, 1, 1, 0, 4, 1, 1, 2, 1, 1, 1, 1, 3, 1, 2, 1, 1, 4, 1, 2, 1, 1, 1, 1, 1, 3, 2, 1, 4, 2, 2]|[0, 2, 1, 1, 3, 0, 1, 3, 0, 0, 0, 0, 1, 0, 1, 0, 0, 3, 1, 0, 0, 0, 3, 1, 0, 2, 0, 0, 0, 1, 0, 0, 0, 0, 3, 0, 1, 0, 0, 2, 1, 1, 1, 0, 0, 0, 0, 2, 1, 0, 0, 0, 1, 3, 0, 0, 0, 0, 0, 0, 2, 0, 1, 0, 2, 1, 0, 0, 1, 1, 3, 1, 1, 3, 0, 0, 1, 0, 0, 0, 0, 0, 0, 1, 1, 0, 0, 0, 1, 0, 1, 0, 0, 1, 2, 0, 0, 2, 0, 0],731.2476204416437,56784.74762275103,92889.2977037672,false
32,G4_BALANCED,G4_BALANCED,[31, 11, 15, 82, 26, 9, 95, 32, 77, 68, 47, 5, 93, 78, 86, 54, 85, 63, 18, 44, 20, 49, 36, 14, 74, 50, 53, 17, 21, 45, 71, 64, 3, 23, 30, 83, 24, 41, 60, 52, 51, 27, 90, 70, 39, 87, 48, 69, 99, 4, 46, 1, 13, 58, 97, 59, 28, 8, 73, 37, 35, 79, 22, 66, 76, 42, 40, 80, 96, 6, 16, 61, 33, 7, 57, 34, 12, 67, 10, 98, 56, 88, 29, 25, 91, 38, 19, 92, 43, 84, 65, 72, 81, 75, 2, 55, 62, 89, 94, 0]|[2, 1, 1, 2, 1, 2, 1, 1, 1, 1, 1, 0, 2, 2, 1, 2, 0, 0, 0, 2, 2, 1, 0, 2, 0, 2, 2, 1, 0, 1, 1, 1, 0, 0, 1, 0, 2, 1, 2, 2, 0, 0, 1, 1, 0, 2, 0, 2, 1, 0, 0, 2, 0, 0, 2, 0, 1, 1, 0, 0, 2, 1, 1, 2, 2, 0, 2, 2, 0, 1, 2, 1, 1, 2, 0, 1, 2, 1, 1, 2, 2, 1, 1, 1, 1, 0, 1, 0, 1, 0, 1, 1, 1, 0, 2, 0, 1, 1, 2, 0]|[1, 3, 2, 0, 4, 1, 4, 4, 2, 4, 3, 2, 1, 0, 2, 1, 1, 1, 2, 1, 1, 3, 0, 1, 0, 1, 1, 4, 1, 4, 3, 2, 2, 0, 4, 1, 1, 4, 0, 1, 2, 1, 4, 4, 1, 1, 0, 2, 3, 1, 2, 1, 2, 1, 1, 2, 4, 3, 0, 2, 2, 3, 3, 0, 1, 2, 0, 1, 2, 4, 1, 3, 4, 1, 2, 4, 1, 3, 3, 1, 1, 4, 3, 4, 3, 2, 4, 2, 4, 2, 3, 4, 1, 2, 1, 2, 3, 4, 1, 2]|[1, 2, 1, 0, 3, 0, 1, 3, 0, 0, 2, 0, 1, 0, 1, 0, 0, 0, 1, 0, 0, 2, 0, 0, 1, 0, 0, 3, 0, 1, 0, 2, 0, 1, 3, 0, 1, 3, 1, 0, 0, 0, 1, 3, 0, 0, 1, 0, 2, 0, 0, 0, 0, 0, 1, 0, 1, 0, 1, 1, 0, 2, 2, 0, 0, 0, 1, 0, 0, 2, 0, 0, 1, 0, 0, 1, 0, 0, 3, 0, 0, 1, 0, 3, 0, 0, 1, 0, 2, 0, 0, 2, 1, 0, 0, 0, 0, 1, 0, 0],850.9632869082183,52431.02217786142,105346.60403335126,false
32,G2_TEC,G2_TEC,[31, 22, 82, 15, 26, 9, 95, 42, 77, 68, 47, 5, 93, 78, 86, 54, 85, 63, 18, 44, 20, 49, 36, 14, 74, 50, 53, 17, 21, 28, 11, 64, 3, 23, 30, 83, 24, 41, 40, 52, 65, 27, 90, 70, 39, 87, 48, 69, 99, 4, 46, 1, 13, 58, 97, 59, 45, 8, 73, 37, 35, 79, 71, 66, 76, 32, 60, 80, 56, 6, 67, 61, 33, 7, 57, 34, 12, 16, 10, 98, 96, 88, 43, 75, 91, 38, 84, 92, 29, 19, 51, 55, 72, 89, 25, 81, 94, 2, 62, 0]|[2, 1, 2, 1, 1, 2, 1, 1, 1, 1, 1, 0, 2, 2, 1, 2, 0, 0, 0, 2, 2, 1, 0, 2, 0, 2, 2, 1, 0, 1, 1, 1, 0, 0, 1, 0, 2, 1, 2, 2, 0, 0, 1, 1, 0, 2, 0, 2, 1, 0, 0, 2, 0, 0, 2, 0, 1, 1, 0, 0, 2, 1, 1, 2, 2, 0, 2, 2, 2, 1, 2, 1, 1, 2, 0, 1, 1, 2, 1, 2, 0, 1, 1, 0, 1, 0, 0, 0, 1, 1, 1, 0, 1, 1, 1, 1, 2, 2, 1, 0]|[0, 3, 0, 3, 4, 1, 4, 4, 2, 4, 3, 2, 1, 0, 2, 1, 1, 1, 2, 1, 1, 3, 0, 1, 0, 1, 1, 4, 1, 4, 3, 2, 2, 0, 4, 1, 1, 4, 1, 1, 2, 1, 4, 4, 1, 1, 0, 2, 3, 2, 2, 1, 2, 1, 1, 2, 4, 3, 0, 2, 2, 3, 3, 1, 1, 2, 1, 1, 1, 4, 1, 3, 4, 1, 2, 4, 3, 1, 3, 1, 2, 4, 4, 2, 3, 2, 2, 2, 3, 4, 3, 2, 4, 4, 4, 4, 1, 1, 3, 2]|[0, 2, 0, 0, 3, 0, 1, 3, 0, 0, 2, 0, 1, 0, 1, 0, 0, 0, 1, 0, 0, 2, 0, 0, 1, 0, 0, 3, 0, 1, 0, 2, 0, 0, 3, 0, 1, 1, 0, 0, 0, 0, 1, 3, 0, 0, 1, 0, 2, 0, 0, 0, 0, 0, 1, 0, 1, 0, 1, 1, 0, 2, 0, 0, 0, 0, 0, 0, 0, 2, 0, 0, 1, 0, 0, 1, 0, 0, 3, 0, 0, 1, 2, 0, 0, 0, 0, 0, 3, 1, 0, 0, 1, 1, 3, 2, 0, 0, 0, 0],908.8272556494078,49445.19365311725,107483.81690224803,false
32,G3_TWC,G3_TWC,[31, 22, 82, 15, 26, 58, 95, 42, 77, 12, 47, 5, 93, 78, 98, 54, 85, 63, 18, 44, 20, 35, 43, 97, 91, 76, 10, 30, 21, 45, 71, 64, 1, 23, 17, 83, 24, 14, 60, 36, 6, 57, 94, 88, 65, 56, 79, 40, 67, 68, 46, 75, 38, 9, 19, 32, 81, 41, 27, 62, 87, 90, 99, 59, 11, 16, 72, 73, 70, 39, 37, 84, 3, 92, 25, 55, 28, 29, 51, 7, 33, 61, 86, 66, 89, 50, 48, 96, 53, 8, 4, 80, 34, 49, 52, 0, 13, 2, 69, 74]|[1, 1, 0, 1, 1, 1, 2, 1, 2, 1, 2, 2, 2, 1, 1, 0, 0, 1, 0, 2, 2, 0, 1, 2, 0, 1, 2, 2, 0, 0, 1, 2, 1, 2, 1, 0, 2, 0, 1, 1, 0, 1, 1, 1, 0, 2, 1, 1, 0, 0, 0, 0, 1, 1, 2, 1, 2, 0, 0, 0, 2, 1, 0, 1, 2, 1, 2, 1, 1, 1, 1, 1, 2, 0, 1, 1, 0, 0, 0, 1, 2, 1, 0, 2, 1, 0, 0, 0, 0, 1, 0, 0, 2, 0, 1, 0, 0, 0, 1, 2]|[4, 3, 2, 2, 0, 0, 2, 2, 2, 4, 1, 1, 2, 4, 4, 1, 1, 4, 2, 1, 1, 1, 1, 2, 1, 2, 1, 1, 1, 1, 3, 2, 3, 0, 4, 0, 1, 1, 0, 3, 2, 2, 4, 0, 1, 1, 0, 2, 0, 1, 2, 2, 1, 4, 0, 3, 2, 1, 1, 2, 1, 3, 1, 1, 1, 3, 0, 4, 3, 1, 4, 1, 1, 2, 4, 4, 2, 1, 1, 3, 1, 3, 1, 1, 1, 1, 1, 1, 2, 3, 2, 1, 1, 1, 1, 2, 2, 2, 3, 1]|[0, 2, 1, 1, 3, 3, 0, 1, 0, 0, 0, 0, 1, 0, 1, 0, 0, 3, 1, 0, 0, 0, 3, 1, 0, 2, 0, 0, 0, 1, 0, 0, 0, 0, 3, 0, 1, 0, 0, 2, 1, 1, 2, 0, 0, 0, 0, 1, 1, 0, 0, 0, 1, 3, 0, 0, 1, 0, 0, 1, 0, 2, 0, 1, 0, 2, 1, 0, 0, 1, 1, 3, 0, 1, 3, 3, 1, 0, 0, 2, 0, 0, 0, 0, 1, 0, 0, 0, 1, 2, 1, 0, 0, 1, 1, 0, 0, 0, 0, 0],790.0808266764368,57926.0831962336,89131.00769295532,false
32,G1_CMAX,G1_CMAX,[31, 22, 82, 15, 26, 99, 95, 42, 77, 12, 47, 5, 93, 78, 86, 54, 21, 63, 18, 44, 20, 35, 43, 97, 91, 76, 10, 30, 85, 45, 71, 64, 1, 23, 17, 83, 24, 14, 60, 36, 6, 57, 40, 88, 65, 56, 79, 94, 67, 68, 46, 75, 38, 9, 19, 32, 41, 81, 27, 87, 90, 58, 59, 11, 16, 72, 73, 70, 39, 37, 84, 3, 92, 25, 55, 48, 62, 29, 51, 96, 33, 61, 98, 28, 89, 50, 4, 7, 53, 80, 52, 66, 34, 49, 8, 0, 74, 69, 2, 13]|[1, 1, 0, 1, 1, 0, 1, 1, 2, 1, 2, 2, 2, 1, 1, 0, 0, 1, 0, 2, 2, 0, 1, 2, 0, 1, 2, 2, 0, 0, 1, 2, 1, 2, 1, 0, 2, 0, 1, 1, 0, 1, 1, 1, 0, 2, 1, 1, 0, 0, 0, 0, 1, 1, 2, 1, 0, 2, 0, 2, 1, 0, 1, 2, 1, 2, 1, 1, 1, 1, 1, 1, 0, 1, 2, 0, 0, 0, 0, 2, 2, 1, 2, 0, 1, 0, 1, 2, 0, 0, 1, 2, 2, 0, 1, 0, 2, 1, 0, 0]|[0, 3, 2, 2, 4, 1, 2, 3, 2, 4, 1, 1, 2, 4, 4, 1, 1, 4, 2, 1, 1, 1, 1, 2, 1, 2, 1, 1, 2, 1, 3, 2, 3, 1, 4, 0, 1, 1, 0, 3, 2, 2, 2, 0, 1, 1, 0, 4, 0, 1, 2, 2, 1, 4, 0, 3, 1, 1, 1, 1, 3, 1, 1, 1, 3, 0, 4, 3, 1, 4, 1, 1, 0, 4, 1, 1, 2, 1, 1, 1, 1, 3, 1, 2, 1, 1, 4, 1, 2, 1, 1, 1, 1, 1, 3, 2, 1, 4, 2, 2]|[0, 2, 1, 1, 3, 0, 1, 3, 0, 0, 0, 0, 1, 0, 1, 0, 0, 3, 1, 0, 0, 0, 3, 1, 0, 2, 0, 0, 0, 1, 0, 0, 0, 0, 3, 0, 1, 0, 0, 2, 1, 1, 1, 0, 0, 0, 0, 2, 1, 0, 0, 0, 1, 3, 0, 0, 0, 0, 0, 0, 2, 0, 1, 0, 2, 1, 0, 0, 1, 1, 3, 1, 1, 3, 0, 0, 1, 0, 0, 0, 0, 0, 0, 1, 1, 0, 0, 0, 1, 0, 1, 0, 0, 1, 2, 0, 0, 2, 0, 0],731.2476204416437,56784.74762275103,92889.2977037672,false
32,G4_BALANCED,G4_BALANCED,[31, 11, 15, 82, 26, 9, 95, 32, 77, 68, 47, 5, 93, 78, 86, 54, 85, 63, 18, 44, 20, 49, 36, 14, 74, 50, 53, 17, 21, 45, 71, 64, 3, 23, 30, 83, 24, 41, 60, 52, 51, 27, 90, 70, 39, 87, 48, 69, 99, 4, 46, 1, 13, 58, 97, 59, 28, 8, 73, 37, 35, 79, 22, 66, 76, 42, 40, 80, 96, 6, 16, 61, 33, 7, 57, 34, 12, 67, 10, 98, 56, 88, 29, 25, 91, 38, 19, 92, 43, 84, 65, 72, 81, 75, 2, 55, 62, 89, 94, 0]|[2, 1, 1, 2, 1, 2, 1, 1, 1, 1, 1, 0, 2, 2, 1, 2, 0, 0, 0, 2, 2, 1, 0, 2, 0, 2, 2, 1, 0, 1, 1, 1, 0, 0, 1, 0, 2, 1, 2, 2, 0, 0, 1, 1, 0, 2, 0, 2, 1, 0, 0, 2, 0, 0, 2, 0, 1, 1, 0, 0, 2, 1, 1, 2, 2, 0, 2, 2, 0, 1, 2, 1, 1, 2, 0, 1, 2, 1, 1, 2, 2, 1, 1, 1, 1, 0, 1, 0, 1, 0, 1, 1, 1, 0, 2, 0, 1, 1, 2, 0]|[1, 3, 2, 0, 4, 1, 4, 4, 2, 4, 3, 2, 1, 0, 2, 1, 1, 1, 2, 1, 1, 3, 0, 1, 0, 1, 1, 4, 1, 4, 3, 2, 2, 0, 4, 1, 1, 4, 0, 1, 2, 1, 4, 4, 1, 1, 0, 2, 3, 1, 2, 1, 2, 1, 1, 2, 4, 3, 0, 2, 2, 3, 3, 0, 1, 2, 0, 1, 2, 4, 1, 3, 4, 1, 2, 4, 1, 3, 3, 1, 1, 4, 3, 4, 3, 2, 4, 2, 4, 2, 3, 4, 1, 2, 1, 2, 3, 4, 1, 2]|[1, 2, 1, 0, 3, 0, 1, 3, 0, 0, 2, 0, 1, 0, 1, 0, 0, 0, 1, 0, 0, 2, 0, 0, 1, 0, 0, 3, 0, 1, 0, 2, 0, 1, 3, 0, 1, 3, 1, 0, 0, 0, 1, 3, 0, 0, 1, 0, 2, 0, 0, 0, 0, 0, 1, 0, 1, 0, 1, 1, 0, 2, 2, 0, 0, 0, 1, 0, 0, 2, 0, 0, 1, 0, 0, 1, 0, 0, 3, 0, 0, 1, 0, 3, 0, 0, 1, 0, 2, 0, 0, 2, 1, 0, 0, 0, 0, 1, 0, 0],850.9632869082183,52431.02217786142,105346.60403335126,false
32,G2_TEC,G4_BALANCED,[31, 11, 15, 82, 26, 9, 95, 32, 77, 68, 47, 5, 93, 78, 86, 54, 85, 63, 18, 44, 20, 49, 36, 14, 74, 50, 53, 17, 21, 45, 71, 64, 3, 23, 30, 83, 24, 41, 60, 52, 65, 27, 90, 70, 39, 87, 48, 69, 99, 4, 46, 1, 13, 58, 97, 59, 28, 75, 73, 37, 35, 79, 22, 66, 76, 42, 40, 80, 96, 6, 16, 61, 33, 7, 57, 34, 12, 67, 10, 98, 56, 88, 29, 94, 91, 51, 19, 92, 43, 84, 38, 72, 81, 8, 2, 55, 62, 89, 25, 0]|[2, 1, 1, 2, 1, 2, 1, 1, 1, 1, 1, 0, 2, 2, 1, 2, 0, 0, 0, 2, 2, 1, 0, 2, 0, 2, 2, 1, 0, 1, 1, 1, 0, 0, 1, 0, 2, 1, 2, 2, 0, 0, 1, 1, 0, 2, 0, 2, 1, 0, 0, 2, 0, 0, 2, 0, 1, 0, 0, 0, 2, 1, 0, 2, 2, 0, 2, 2, 0, 1, 2, 1, 1, 2, 0, 1, 1, 1, 1, 2, 2, 1, 1, 2, 1, 1, 1, 0, 1, 0, 0, 1, 1, 1, 2, 0, 1, 1, 1, 0]|[1, 3, 2, 0, 4, 1, 4, 4, 2, 4, 3, 2, 1, 0, 2, 1, 1, 1, 2, 1, 1, 3, 0, 1, 0, 1, 1, 4, 1, 4, 3, 2, 2, 0, 4, 1, 1, 4, 0, 1, 2, 1, 4, 4, 1, 1, 0, 2, 3, 1, 2, 1, 2, 1, 1, 2, 4, 2, 0, 2, 2, 3, 1, 0, 1, 2, 0, 1, 2, 4, 1, 3, 4, 1, 2, 4, 3, 3, 3, 1, 1, 4, 3, 1, 3, 3, 4, 2, 4, 2, 2, 4, 1, 3, 1, 2, 3, 4, 4, 2]|[1, 2, 1, 0, 3, 0, 1, 3, 0, 0, 2, 0, 1, 0, 1, 0, 0, 0, 1, 0, 0, 2, 0, 0, 1, 0, 0, 3, 0, 1, 0, 2, 0, 1, 3, 0, 1, 3, 1, 0, 0, 0, 1, 3, 0, 0, 1, 0, 2, 0, 0, 0, 0, 0, 1, 0, 1, 0, 1, 1, 0, 2, 0, 0, 0, 0, 0, 0, 0, 2, 0, 0, 1, 0, 0, 1, 0, 0, 3, 0, 0, 1, 0, 0, 0, 0, 3, 0, 2, 0, 0, 2, 1, 0, 0, 0, 0, 1, 3, 0],836.569815134707,52504.092339752446,107095.57005228325,true
32,G3_TWC,G3_TWC,[31, 22, 82, 15, 26, 58, 95, 42, 77, 12, 47, 5, 93, 78, 98, 54, 85, 63, 18, 44, 20, 35, 43, 97, 91, 76, 10, 30, 21, 45, 71, 64, 1, 23, 17, 83, 24, 14, 60, 36, 6, 57, 94, 88, 65, 56, 79, 40, 67, 68, 46, 75, 38, 9, 19, 32, 81, 41, 27, 62, 87, 90, 99, 59, 11, 16, 72, 73, 70, 39, 37, 84, 3, 92, 25, 55, 28, 29, 51, 7, 33, 61, 86, 66, 89, 50, 48, 96, 53, 8, 4, 80, 34, 49, 52, 0, 13, 2, 69, 74]|[1, 1, 0, 1, 1, 1, 2, 1, 2, 1, 2, 2, 2, 1, 1, 0, 0, 1, 0, 2, 2, 0, 1, 2, 0, 1, 2, 2, 0, 0, 1, 2, 1, 2, 1, 0, 2, 0, 1, 1, 0, 1, 1, 1, 0, 2, 1, 1, 0, 0, 0, 0, 1, 1, 2, 1, 2, 0, 0, 0, 2, 1, 0, 1, 2, 1, 2, 1, 1, 1, 1, 1, 2, 0, 1, 1, 0, 0, 0, 1, 2, 1, 0, 2, 1, 0, 0, 0, 0, 1, 0, 0, 2, 0, 1, 0, 0, 0, 1, 2]|[4, 3, 2, 2, 0, 0, 2, 2, 2, 4, 1, 1, 2, 4, 4, 1, 1, 4, 2, 1, 1, 1, 1, 2, 1, 2, 1, 1, 1, 1, 3, 2, 3, 0, 4, 0, 1, 1, 0, 3, 2, 2, 4, 0, 1, 1, 0, 2, 0, 1, 2, 2, 1, 4, 0, 3, 2, 1, 1, 2, 1, 3, 1, 1, 1, 3, 0, 4, 3, 1, 4, 1, 1, 2, 4, 4, 2, 1, 1, 3, 1, 3, 1, 1, 1, 1, 1, 1, 2, 3, 2, 1, 1, 1, 1, 2, 2, 2, 3, 1]|[0, 2, 1, 1, 3, 3, 0, 1, 0, 0, 0, 0, 1, 0, 1, 0, 0, 3, 1, 0, 0, 0, 3, 1, 0, 2, 0, 0, 0, 1, 0, 0, 0, 0, 3, 0, 1, 0, 0, 2, 1, 1, 2, 0, 0, 0, 0, 1, 1, 0, 0, 0, 1, 3, 0, 0, 1, 0, 0, 1, 0, 2, 0, 1, 0, 2, 1, 0, 0, 1, 1, 3, 0, 1, 3, 3, 1, 0, 0, 2, 0, 0, 0, 0, 1, 0, 0, 0, 1, 2, 1, 0, 0, 1, 1, 0, 0, 0, 0, 0],790.0808266764368,57926.0831962336,89131.00769295532,false
32,G1_CMAX,G1_CMAX,[31, 22, 82, 15, 26, 99, 95, 42, 77, 12, 47, 5, 93, 78, 86, 54, 21, 63, 18, 44, 20, 35, 43, 97, 91, 76, 10, 30, 85, 45, 71, 64, 1, 23, 17, 83, 24, 14, 60, 36, 6, 57, 40, 88, 65, 56, 79, 94, 67, 68, 46, 75, 38, 9, 19, 32, 41, 81, 27, 87, 90, 58, 59, 11, 16, 72, 73, 70, 39, 37, 84, 3, 92, 25, 55, 48, 62, 29, 51, 96, 33, 61, 98, 28, 89, 50, 4, 7, 53, 80, 52, 66, 34, 49, 8, 0, 74, 69, 2, 13]|[1, 1, 0, 1, 1, 0, 1, 1, 2, 1, 2, 2, 2, 1, 1, 0, 0, 1, 0, 2, 2, 0, 1, 2, 0, 1, 2, 2, 0, 0, 1, 2, 1, 2, 1, 0, 2, 0, 1, 1, 0, 1, 1, 1, 0, 2, 1, 1, 0, 0, 0, 0, 1, 1, 2, 1, 0, 2, 0, 2, 1, 0, 1, 2, 1, 2, 1, 1, 1, 1, 1, 1, 0, 1, 2, 0, 0, 0, 0, 2, 2, 1, 2, 0, 1, 0, 1, 2, 0, 0, 1, 2, 2, 0, 1, 0, 2, 1, 0, 0]|[0, 3, 2, 2, 4, 1, 2, 3, 2, 4, 1, 1, 2, 4, 4, 1, 1, 4, 2, 1, 1, 1, 1, 2, 1, 2, 1, 1, 2, 1, 3, 2, 3, 1, 4, 0, 1, 1, 0, 3, 2, 2, 2, 0, 1, 1, 0, 4, 0, 1, 2, 2, 1, 4, 0, 3, 1, 1, 1, 1, 3, 1, 1, 1, 3, 0, 4, 3, 1, 4, 1, 1, 0, 4, 1, 1, 2, 1, 1, 1, 1, 3, 1, 2, 1, 1, 4, 1, 2, 1, 1, 1, 1, 1, 3, 2, 1, 4, 2, 2]|[0, 2, 1, 1, 3, 0, 1, 3, 0, 0, 0, 0, 1, 0, 1, 0, 0, 3, 1, 0, 0, 0, 3, 1, 0, 2, 0, 0, 0, 1, 0, 0, 0, 0, 3, 0, 1, 0, 0, 2, 1, 1, 1, 0, 0, 0, 0, 2, 1, 0, 0, 0, 1, 3, 0, 0, 0, 0, 0, 0, 2, 0, 1, 0, 2, 1, 0, 0, 1, 1, 3, 1, 1, 3, 0, 0, 1, 0, 0, 0, 0, 0, 0, 1, 1, 0, 0, 0, 1, 0, 1, 0, 0, 1, 2, 0, 0, 2, 0, 0],731.2476204416437,56784.74762275103,92889.2977037672,false
32,G4_BALANCED,G4_BALANCED,[31, 11, 15, 82, 26, 9, 95, 32, 77, 68, 47, 5, 93, 78, 86, 54, 85, 63, 18, 44, 20, 49, 36, 14, 74, 50, 53, 17, 21, 45, 71, 64, 3, 23, 30, 83, 24, 41, 60, 52, 51, 27, 90, 70, 39, 87, 48, 69, 99, 4, 46, 1, 13, 58, 97, 59, 28, 8, 73, 37, 35, 79, 22, 66, 76, 42, 40, 80, 96, 6, 16, 61, 33, 7, 57, 34, 12, 67, 10, 98, 56, 88, 29, 25, 91, 38, 19, 92, 43, 84, 65, 72, 81, 75, 2, 55, 62, 89, 94, 0]|[2, 1, 1, 2, 1, 2, 1, 1, 1, 1, 1, 0, 2, 2, 1, 2, 0, 0, 0, 2, 2, 1, 0, 2, 0, 2, 2, 1, 0, 1, 1, 1, 0, 0, 1, 0, 2, 1, 2, 2, 0, 0, 1, 1, 0, 2, 0, 2, 1, 0, 0, 2, 0, 0, 2, 0, 1, 1, 0, 0, 2, 1, 1, 2, 2, 0, 2, 2, 0, 1, 2, 1, 1, 2, 0, 1, 2, 1, 1, 2, 2, 1, 1, 1, 1, 0, 1, 0, 1, 0, 1, 1, 1, 0, 2, 0, 1, 1, 2, 0]|[1, 3, 2, 0, 4, 1, 4, 4, 2, 4, 3, 2, 1, 0, 2, 1, 1, 1, 2, 1, 1, 3, 0, 1, 0, 1, 1, 4, 1, 4, 3, 2, 2, 0, 4, 1, 1, 4, 0, 1, 2, 1, 4, 4, 1, 1, 0, 2, 3, 1, 2, 1, 2, 1, 1, 2, 4, 3, 0, 2, 2, 3, 3, 0, 1, 2, 0, 1, 2, 4, 1, 3, 4, 1, 2, 4, 1, 3, 3, 1, 1, 4, 3, 4, 3, 2, 4, 2, 4, 2, 3, 4, 1, 2, 1, 2, 3, 4, 1, 2]|[1, 2, 1, 0, 3, 0, 1, 3, 0, 0, 2, 0, 1, 0, 1, 0, 0, 0, 1, 0, 0, 2, 0, 0, 1, 0, 0, 3, 0, 1, 0, 2, 0, 1, 3, 0, 1, 3, 1, 0, 0, 0, 1, 3, 0, 0, 1, 0, 2, 0, 0, 0, 0, 0, 1, 0, 1, 0, 1, 1, 0, 2, 2, 0, 0, 0, 1, 0, 0, 2, 0, 0, 1, 0, 0, 1, 0, 0, 3, 0, 0, 1, 0, 3, 0, 0, 1, 0, 2, 0, 0, 2, 1, 0, 0, 0, 0, 1, 0, 0],850.9632869082183,52431.02217786142,105346.60403335126,false
32,G2_TEC,G2_TEC,[31, 22, 82, 15, 26, 9, 95, 42, 77, 68, 47, 5, 93, 78, 86, 54, 85, 63, 18, 44, 20, 49, 36, 14, 74, 50, 53, 17, 21, 28, 11, 64, 3, 23, 30, 83, 24, 41, 40, 52, 65, 27, 90, 70, 39, 87, 48, 69, 99, 4, 46, 1, 13, 58, 97, 59, 45, 8, 73, 37, 35, 79, 71, 66, 76, 32, 60, 80, 56, 6, 67, 61, 33, 7, 57, 34, 12, 16, 10, 98, 96, 88, 43, 75, 91, 38, 84, 92, 29, 19, 51, 55, 72, 89, 25, 81, 94, 2, 62, 0]|[2, 1, 2, 1, 1, 2, 1, 1, 1, 1, 1, 0, 2, 2, 1, 2, 0, 0, 0, 2, 2, 1, 0, 2, 0, 2, 2, 1, 0, 1, 1, 1, 0, 0, 1, 0, 2, 1, 2, 2, 0, 0, 1, 1, 0, 2, 0, 2, 1, 0, 0, 2, 0, 0, 2, 0, 1, 1, 0, 0, 2, 1, 1, 2, 2, 0, 2, 2, 2, 1, 2, 1, 1, 2, 0, 1, 1, 2, 1, 2, 0, 1, 1, 0, 1, 0, 0, 0, 1, 1, 1, 0, 1, 1, 1, 1, 2, 2, 1, 0]|[0, 3, 0, 3, 4, 1, 4, 4, 2, 4, 3, 2, 1, 0, 2, 1, 1, 1, 2, 1, 1, 3, 0, 1, 0, 1, 1, 4, 1, 4, 3, 2, 2, 0, 4, 1, 1, 4, 1, 1, 2, 1, 4, 4, 1, 1, 0, 2, 3, 2, 2, 1, 2, 1, 1, 2, 4, 3, 0, 2, 2, 3, 3, 1, 1, 2, 1, 1, 1, 4, 1, 3, 4, 1, 2, 4, 3, 1, 3, 1, 2, 4, 4, 2, 3, 2, 2, 2, 3, 4, 3, 2, 4, 4, 4, 4, 1, 1, 3, 2]|[0, 2, 0, 0, 3, 0, 1, 3, 0, 0, 2, 0, 1, 0, 1, 0, 0, 0, 1, 0, 0, 2, 0, 0, 1, 0, 0, 3, 0, 1, 0, 2, 0, 0, 3, 0, 1, 1, 0, 0, 0, 0, 1, 3, 0, 0, 1, 0, 2, 0, 0, 0, 0, 0, 1, 0, 1, 0, 1, 1, 0, 2, 0, 0, 0, 0, 0, 0, 0, 2, 0, 0, 1, 0, 0, 1, 0, 0, 3, 0, 0, 1, 2, 0, 0, 0, 0, 0, 3, 1, 0, 0, 1, 1, 3, 2, 0, 0, 0, 0],908.8272556494078,49445.19365311725,107483.81690224803,false
32,G3_TWC,G3_TWC,[31, 22, 82, 15, 26, 58, 95, 42, 77, 12, 47, 5, 93, 78, 98, 54, 85, 63, 18, 44, 20, 35, 43, 97, 91, 76, 10, 30, 21, 45, 71, 64, 1, 23, 17, 83, 24, 14, 60, 36, 6, 57, 94, 88, 65, 56, 79, 40, 67, 68, 46, 75, 38, 9, 19, 32, 81, 41, 27, 62, 87, 90, 99, 59, 11, 16, 72, 73, 70, 39, 37, 84, 3, 92, 25, 55, 28, 29, 51, 7, 33, 61, 86, 66, 89, 50, 48, 96, 53, 8, 4, 80, 34, 49, 52, 0, 13, 2, 69, 74]|[1, 1, 0, 1, 1, 1, 2, 1, 2, 1, 2, 2, 2, 1, 1, 0, 0, 1, 0, 2, 2, 0, 1, 2, 0, 1, 2, 2, 0, 0, 1, 2, 1, 2, 1, 0, 2, 0, 1, 1, 0, 1, 1, 1, 0, 2, 1, 1, 0, 0, 0, 0, 1, 1, 2, 1, 2, 0, 0, 0, 2, 1, 0, 1, 2, 1, 2, 1, 1, 1, 1, 1, 2, 0, 1, 1, 0, 0, 0, 1, 2, 1, 0, 2, 1, 0, 0, 0, 0, 1, 0, 0, 2, 0, 1, 0, 0, 0, 1, 2]|[4, 3, 2, 2, 0, 0, 2, 2, 2, 4, 1, 1, 2, 4, 4, 1, 1, 4, 2, 1, 1, 1, 1, 2, 1, 2, 1, 1, 1, 1, 3, 2, 3, 0, 4, 0, 1, 1, 0, 3, 2, 2, 4, 0, 1, 1, 0, 2, 0, 1, 2, 2, 1, 4, 0, 3, 2, 1, 1, 2, 1, 3, 1, 1, 1, 3, 0, 4, 3, 1, 4, 1, 1, 2, 4, 4, 2, 1, 1, 3, 1, 3, 1, 1, 1, 1, 1, 1, 2, 3, 2, 1, 1, 1, 1, 2, 2, 2, 3, 1]|[0, 2, 1, 1, 3, 3, 0, 1, 0, 0, 0, 0, 1, 0, 1, 0, 0, 3, 1, 0, 0, 0, 3, 1, 0, 2, 0, 0, 0, 1, 0, 0, 0, 0, 3, 0, 1, 0, 0, 2, 1, 1, 2, 0, 0, 0, 0, 1, 1, 0, 0, 0, 1, 3, 0, 0, 1, 0, 0, 1, 0, 2, 0, 1, 0, 2, 1, 0, 0, 1, 1, 3, 0, 1, 3, 3, 1, 0, 0, 2, 0, 0, 0, 0, 1, 0, 0, 0, 1, 2, 1, 0, 0, 1, 1, 0, 0, 0, 0, 0],790.0808266764368,57926.0831962336,89131.00769295532,false
32,G1_CMAX,G1_CMAX,[31, 22, 82, 15, 26, 99, 95, 42, 77, 12, 47, 5, 93, 78, 86, 54, 21, 63, 18, 44, 20, 35, 43, 97, 91, 76, 10, 30, 85, 45, 71, 64, 1, 23, 17, 83, 24, 14, 60, 36, 6, 57, 40, 88, 65, 56, 79, 94, 67, 68, 46, 75, 38, 9, 19, 32, 41, 81, 27, 87, 90, 58, 59, 11, 16, 72, 73, 70, 39, 37, 84, 3, 92, 25, 55, 48, 62, 29, 51, 96, 33, 61, 98, 28, 89, 50, 4, 7, 53, 80, 52, 66, 34, 49, 8, 0, 74, 69, 2, 13]|[1, 1, 0, 1, 1, 0, 1, 1, 2, 1, 2, 2, 2, 1, 1, 0, 0, 1, 0, 2, 2, 0, 1, 2, 0, 1, 2, 2, 0, 0, 1, 2, 1, 2, 1, 0, 2, 0, 1, 1, 0, 1, 1, 1, 0, 2, 1, 1, 0, 0, 0, 0, 1, 1, 2, 1, 0, 2, 0, 2, 1, 0, 1, 2, 1, 2, 1, 1, 1, 1, 1, 1, 0, 1, 2, 0, 0, 0, 0, 2, 2, 1, 2, 0, 1, 0, 1, 2, 0, 0, 1, 2, 2, 0, 1, 0, 2, 1, 0, 0]|[0, 3, 2, 2, 4, 1, 2, 3, 2, 4, 1, 1, 2, 4, 4, 1, 1, 4, 2, 1, 1, 1, 1, 2, 1, 2, 1, 1, 2, 1, 3, 2, 3, 1, 4, 0, 1, 1, 0, 3, 2, 2, 2, 0, 1, 1, 0, 4, 0, 1, 2, 2, 1, 4, 0, 3, 1, 1, 1, 1, 3, 1, 1, 1, 3, 0, 4, 3, 1, 4, 1, 1, 0, 4, 1, 1, 2, 1, 1, 1, 1, 3, 1, 2, 1, 1, 4, 1, 2, 1, 1, 1, 1, 1, 3, 2, 1, 4, 2, 2]|[0, 2, 1, 1, 3, 0, 1, 3, 0, 0, 0, 0, 1, 0, 1, 0, 0, 3, 1, 0, 0, 0, 3, 1, 0, 2, 0, 0, 0, 1, 0, 0, 0, 0, 3, 0, 1, 0, 0, 2, 1, 1, 1, 0, 0, 0, 0, 2, 1, 0, 0, 0, 1, 3, 0, 0, 0, 0, 0, 0, 2, 0, 1, 0, 2, 1, 0, 0, 1, 1, 3, 1, 1, 3, 0, 0, 1, 0, 0, 0, 0, 0, 0, 1, 1, 0, 0, 0, 1, 0, 1, 0, 0, 1, 2, 0, 0, 2, 0, 0],731.2476204416437,56784.74762275103,92889.2977037672,false
32,G4_BALANCED,G4_BALANCED,[31, 11, 15, 82, 26, 9, 95, 32, 77, 68, 47, 5, 93, 78, 86, 54, 85, 63, 18, 44, 20, 49, 36, 14, 74, 50, 53, 17, 21, 45, 71, 64, 3, 23, 30, 83, 24, 41, 60, 52, 51, 27, 90, 70, 39, 87, 48, 69, 99, 4, 46, 1, 13, 58, 97, 59, 28, 8, 73, 37, 35, 79, 22, 66, 76, 42, 40, 80, 96, 6, 16, 61, 33, 7, 57, 34, 12, 67, 10, 98, 56, 88, 29, 25, 91, 38, 19, 92, 43, 84, 65, 72, 81, 75, 2, 55, 62, 89, 94, 0]|[2, 1, 1, 2, 1, 2, 1, 1, 1, 1, 1, 0, 2, 2, 1, 2, 0, 0, 0, 2, 2, 1, 0, 2, 0, 2, 2, 1, 0, 1, 1, 1, 0, 0, 1, 0, 2, 1, 2, 2, 0, 0, 1, 1, 0, 2, 0, 2, 1, 0, 0, 2, 0, 0, 2, 0, 1, 1, 0, 0, 2, 1, 1, 2, 2, 0, 2, 2, 0, 1, 2, 1, 1, 2, 0, 1, 2, 1, 1, 2, 2, 1, 1, 1, 1, 0, 1, 0, 1, 0, 1, 1, 1, 0, 2, 0, 1, 1, 2, 0]|[1, 3, 2, 0, 4, 1, 4, 4, 2, 4, 3, 2, 1, 0, 2, 1, 1, 1, 2, 1, 1, 3, 0, 1, 0, 1, 1, 4, 1, 4, 3, 2, 2, 0, 4, 1, 1, 4, 0, 1, 2, 1, 4, 4, 1, 1, 0, 2, 3, 1, 2, 1, 2, 1, 1, 2, 4, 3, 0, 2, 2, 3, 3, 0, 1, 2, 0, 1, 2, 4, 1, 3, 4, 1, 2, 4, 1, 3, 3, 1, 1, 4, 3, 4, 3, 2, 4, 2, 4, 2, 3, 4, 1, 2, 1, 2, 3, 4, 1, 2]|[1, 2, 1, 0, 3, 0, 1, 3, 0, 0, 2, 0, 1, 0, 1, 0, 0, 0, 1, 0, 0, 2, 0, 0, 1, 0, 0, 3, 0, 1, 0, 2, 0, 1, 3, 0, 1, 3, 1, 0, 0, 0, 1, 3, 0, 0, 1, 0, 2, 0, 0, 0, 0, 0, 1, 0, 1, 0, 1, 1, 0, 2, 2, 0, 0, 0, 1, 0, 0, 2, 0, 0, 1, 0, 0, 1, 0, 0, 3, 0, 0, 1, 0, 3, 0, 0, 1, 0, 2, 0, 0, 2, 1, 0, 0, 0, 0, 1, 0, 0],850.9632869082183,52431.02217786142,105346.60403335126,false
32,G2_TEC,G2_TEC,[31, 22, 82, 15, 26, 9, 95, 42, 77, 68, 47, 5, 93, 78, 86, 54, 85, 63, 18, 44, 20, 49, 36, 14, 74, 50, 53, 17, 21, 28, 11, 64, 3, 23, 30, 83, 24, 41, 40, 52, 65, 27, 90, 70, 39, 87, 48, 69, 99, 4, 46, 1, 13, 58, 97, 59, 45, 8, 73, 37, 35, 79, 71, 66, 76, 32, 60, 80, 56, 6, 67, 61, 33, 7, 57, 34, 12, 16, 10, 98, 96, 88, 43, 75, 91, 38, 84, 92, 29, 19, 51, 55, 72, 89, 25, 81, 94, 2, 62, 0]|[2, 1, 2, 1, 1, 2, 1, 1, 1, 1, 1, 0, 2, 2, 1, 2, 0, 0, 0, 2, 2, 1, 0, 2, 0, 2, 2, 1, 0, 1, 1, 1, 0, 0, 1, 0, 2, 1, 2, 2, 0, 0, 1, 1, 0, 2, 0, 2, 1, 0, 0, 2, 0, 0, 2, 0, 1, 1, 0, 0, 2, 1, 1, 2, 2, 0, 2, 2, 2, 1, 2, 1, 1, 2, 0, 1, 1, 2, 1, 2, 0, 1, 1, 0, 1, 0, 0, 0, 1, 1, 1, 0, 1, 1, 1, 1, 2, 2, 1, 0]|[0, 3, 0, 3, 4, 1, 4, 4, 2, 4, 3, 2, 1, 0, 2, 1, 1, 1, 2, 1, 1, 3, 0, 1, 0, 1, 1, 4, 1, 4, 3, 2, 2, 0, 4, 1, 1, 4, 1, 1, 2, 1, 4, 4, 1, 1, 0, 2, 3, 2, 2, 1, 2, 1, 1, 2, 4, 3, 0, 2, 2, 3, 3, 1, 1, 2, 1, 1, 1, 4, 1, 3, 4, 1, 2, 4, 3, 1, 3, 1, 2, 4, 4, 2, 3, 2, 2, 2, 3, 4, 3, 2, 4, 4, 4, 4, 1, 1, 3, 2]|[0, 2, 0, 0, 3, 0, 1, 3, 0, 0, 2, 0, 1, 0, 1, 0, 0, 0, 1, 0, 0, 2, 0, 0, 1, 0, 0, 3, 0, 1, 0, 2, 0, 0, 3, 0, 1, 1, 0, 0, 0, 0, 1, 3, 0, 0, 1, 0, 2, 0, 0, 0, 0, 0, 1, 0, 1, 0, 1, 1, 0, 2, 0, 0, 0, 0, 0, 0, 0, 2, 0, 0, 1, 0, 0, 1, 0, 0, 3, 0, 0, 1, 2, 0, 0, 0, 0, 0, 3, 1, 0, 0, 1, 1, 3, 2, 0, 0, 0, 0],908.8272556494078,49445.19365311725,107483.81690224803,false
32,G3_TWC,G3_TWC,[31, 22, 82, 15, 26, 58, 95, 42, 77, 12, 47, 5, 93, 78, 98, 54, 85, 63, 18, 44, 20, 35, 43, 97, 91, 76, 10, 30, 21, 45, 71, 64, 1, 23, 17, 83, 24, 14, 60, 36, 6, 57, 94, 88, 65, 56, 79, 40, 67, 68, 46, 75, 38, 9, 19, 32, 81, 41, 27, 62, 87, 90, 99, 59, 11, 16, 72, 73, 70, 39, 37, 84, 3, 92, 25, 55, 28, 29, 51, 7, 33, 61, 86, 66, 89, 50, 48, 96, 53, 8, 4, 80, 34, 49, 52, 0, 13, 2, 69, 74]|[1, 1, 0, 1, 1, 1, 2, 1, 2, 1, 2, 2, 2, 1, 1, 0, 0, 1, 0, 2, 2, 0, 1, 2, 0, 1, 2, 2, 0, 0, 1, 2, 1, 2, 1, 0, 2, 0, 1, 1, 0, 1, 1, 1, 0, 2, 1, 1, 0, 0, 0, 0, 1, 1, 2, 1, 2, 0, 0, 0, 2, 1, 0, 1, 2, 1, 2, 1, 1, 1, 1, 1, 2, 0, 1, 1, 0, 0, 0, 1, 2, 1, 0, 2, 1, 0, 0, 0, 0, 1, 0, 0, 2, 0, 1, 0, 0, 0, 1, 2]|[4, 3, 2, 2, 0, 0, 2, 2, 2, 4, 1, 1, 2, 4, 4, 1, 1, 4, 2, 1, 1, 1, 1, 2, 1, 2, 1, 1, 1, 1, 3, 2, 3, 0, 4, 0, 1, 1, 0, 3, 2, 2, 4, 0, 1, 1, 0, 2, 0, 1, 2, 2, 1, 4, 0, 3, 2, 1, 1, 2, 1, 3, 1, 1, 1, 3, 0, 4, 3, 1, 4, 1, 1, 2, 4, 4, 2, 1, 1, 3, 1, 3, 1, 1, 1, 1, 1, 1, 2, 3, 2, 1, 1, 1, 1, 2, 2, 2, 3, 1]|[0, 2, 1, 1, 3, 3, 0, 1, 0, 0, 0, 0, 1, 0, 1, 0, 0, 3, 1, 0, 0, 0, 3, 1, 0, 2, 0, 0, 0, 1, 0, 0, 0, 0, 3, 0, 1, 0, 0, 2, 1, 1, 2, 0, 0, 0, 0, 1, 1, 0, 0, 0, 1, 3, 0, 0, 1, 0, 0, 1, 0, 2, 0, 1, 0, 2, 1, 0, 0, 1, 1, 3, 0, 1, 3, 3, 1, 0, 0, 2, 0, 0, 0, 0, 1, 0, 0, 0, 1, 2, 1, 0, 0, 1, 1, 0, 0, 0, 0, 0],790.0808266764368,57926.0831962336,89131.00769295532,false
32,G1_CMAX,G1_CMAX,[31, 22, 82, 15, 26, 99, 95, 42, 77, 12, 47, 5, 93, 78, 86, 54, 21, 63, 18, 44, 20, 35, 43, 97, 91, 76, 10, 30, 85, 45, 71, 64, 1, 23, 17, 83, 24, 14, 60, 36, 6, 57, 40, 88, 65, 56, 79, 94, 67, 68, 46, 75, 38, 9, 19, 32, 41, 81, 27, 87, 90, 58, 59, 11, 16, 72, 73, 70, 39, 37, 84, 3, 92, 25, 55, 48, 62, 29, 51, 96, 33, 61, 98, 28, 89, 50, 4, 7, 53, 80, 52, 66, 34, 49, 8, 0, 74, 69, 2, 13]|[1, 1, 0, 1, 1, 0, 1, 1, 2, 1, 2, 2, 2, 1, 1, 0, 0, 1, 0, 2, 2, 0, 1, 2, 0, 1, 2, 2, 0, 0, 1, 2, 1, 2, 1, 0, 2, 0, 1, 1, 0, 1, 1, 1, 0, 2, 1, 1, 0, 0, 0, 0, 1, 1, 2, 1, 0, 2, 0, 2, 1, 0, 1, 2, 1, 2, 1, 1, 1, 1, 1, 1, 0, 1, 2, 0, 0, 0, 0, 2, 2, 1, 2, 0, 1, 0, 1, 2, 0, 0, 1, 2, 2, 0, 1, 0, 2, 1, 0, 0]|[0, 3, 2, 2, 4, 1, 2, 3, 2, 4, 1, 1, 2, 4, 4, 1, 1, 4, 2, 1, 1, 1, 1, 2, 1, 2, 1, 1, 2, 1, 3, 2, 3, 1, 4, 0, 1, 1, 0, 3, 2, 2, 2, 0, 1, 1, 0, 4, 0, 1, 2, 2, 1, 4, 0, 3, 1, 1, 1, 1, 3, 1, 1, 1, 3, 0, 4, 3, 1, 4, 1, 1, 0, 4, 1, 1, 2, 1, 1, 1, 1, 3, 1, 2, 1, 1, 4, 1, 2, 1, 1, 1, 1, 1, 3, 2, 1, 4, 2, 2]|[0, 2, 1, 1, 3, 0, 1, 3, 0, 0, 0, 0, 1, 0, 1, 0, 0, 3, 1, 0, 0, 0, 3, 1, 0, 2, 0, 0, 0, 1, 0, 0, 0, 0, 3, 0, 1, 0, 0, 2, 1, 1, 1, 0, 0, 0, 0, 2, 1, 0, 0, 0, 1, 3, 0, 0, 0, 0, 0, 0, 2, 0, 1, 0, 2, 1, 0, 0, 1, 1, 3, 1, 1, 3, 0, 0, 1, 0, 0, 0, 0, 0, 0, 1, 1, 0, 0, 0, 1, 0, 1, 0, 0, 1, 2, 0, 0, 2, 0, 0],731.2476204416437,56784.74762275103,92889.2977037672,false
32,G4_BALANCED,G4_BALANCED,[31, 11, 15, 82, 26, 9, 95, 32, 77, 68, 47, 5, 93, 78, 86, 54, 85, 63, 18, 44, 20, 49, 36, 14, 74, 50, 53, 17, 21, 45, 71, 64, 3, 23, 30, 83, 24, 41, 60, 52, 51, 27, 90, 70, 39, 87, 48, 69, 99, 4, 46, 1, 13, 58, 97, 59, 28, 8, 73, 37, 35, 79, 22, 66, 76, 42, 40, 80, 96, 6, 16, 61, 33, 7, 57, 34, 12, 67, 10, 98, 56, 88, 29, 25, 91, 38, 19, 92, 43, 84, 65, 72, 81, 75, 2, 55, 62, 89, 94, 0]|[2, 1, 1, 2, 1, 2, 1, 1, 1, 1, 1, 0, 2, 2, 1, 2, 0, 0, 0, 2, 2, 1, 0, 2, 0, 2, 2, 1, 0, 1, 1, 1, 0, 0, 1, 0, 2, 1, 2, 2, 0, 0, 1, 1, 0, 2, 0, 2, 1, 0, 0, 2, 0, 0, 2, 0, 1, 1, 0, 0, 2, 1, 1, 2, 2, 0, 2, 2, 0, 1, 2, 1, 1, 2, 0, 1, 2, 1, 1, 2, 2, 1, 1, 1, 1, 0, 1, 0, 1, 0, 1, 1, 1, 0, 2, 0, 1, 1, 2, 0]|[1, 3, 2, 0, 4, 1, 4, 4, 2, 4, 3, 2, 1, 0, 2, 1, 1, 1, 2, 1, 1, 3, 0, 1, 0, 1, 1, 4, 1, 4, 3, 2, 2, 0, 4, 1, 1, 4, 0, 1, 2, 1, 4, 4, 1, 1, 0, 2, 3, 1, 2, 1, 2, 1, 1, 2, 4, 3, 0, 2, 2, 3, 3, 0, 1, 2, 0, 1, 2, 4, 1, 3, 4, 1, 2, 4, 1, 3, 3, 1, 1, 4, 3, 4, 3, 2, 4, 2, 4, 2, 3, 4, 1, 2, 1, 2, 3, 4, 1, 2]|[1, 2, 1, 0, 3, 0, 1, 3, 0, 0, 2, 0, 1, 0, 1, 0, 0, 0, 1, 0, 0, 2, 0, 0, 1, 0, 0, 3, 0, 1, 0, 2, 0, 1, 3, 0, 1, 3, 1, 0, 0, 0, 1, 3, 0, 0, 1, 0, 2, 0, 0, 0, 0, 0, 1, 0, 1, 0, 1, 1, 0, 2, 2, 0, 0, 0, 1, 0, 0, 2, 0, 0, 1, 0, 0, 1, 0, 0, 3, 0, 0, 1, 0, 3, 0, 0, 1, 0, 2, 0, 0, 2, 1, 0, 0, 0, 0, 1, 0, 0],850.9632869082183,52431.02217786142,105346.60403335126,false
32,G2_TEC,G2_TEC,[31, 22, 82, 15, 26, 9, 95, 42, 77, 68, 47, 5, 93, 78, 86, 54, 85, 63, 18, 44, 20, 49, 36, 14, 74, 50, 53, 17, 21, 28, 11, 64, 3, 23, 30, 83, 24, 41, 40, 52, 65, 27, 90, 70, 39, 87, 48, 69, 99, 4, 46, 1, 13, 58, 97, 59, 45, 8, 73, 37, 35, 79, 71, 66, 76, 32, 60, 80, 56, 6, 67, 61, 33, 7, 57, 34, 12, 16, 10, 98, 96, 88, 43, 75, 91, 38, 84, 92, 29, 19, 51, 55, 72, 89, 25, 81, 94, 2, 62, 0]|[2, 1, 2, 1, 1, 2, 1, 1, 1, 1, 1, 0, 2, 2, 1, 2, 0, 0, 0, 2, 2, 1, 0, 2, 0, 2, 2, 1, 0, 1, 1, 1, 0, 0, 1, 0, 2, 1, 2, 2, 0, 0, 1, 1, 0, 2, 0, 2, 1, 0, 0, 2, 0, 0, 2, 0, 1, 1, 0, 0, 2, 1, 1, 2, 2, 0, 2, 2, 2, 1, 2, 1, 1, 2, 0, 1, 1, 2, 1, 2, 0, 1, 1, 0, 1, 0, 0, 0, 1, 1, 1, 0, 1, 1, 1, 1, 2, 2, 1, 0]|[0, 3, 0, 3, 4, 1, 4, 4, 2, 4, 3, 2, 1, 0, 2, 1, 1, 1, 2, 1, 1, 3, 0, 1, 0, 1, 1, 4, 1, 4, 3, 2, 2, 0, 4, 1, 1, 4, 1, 1, 2, 1, 4, 4, 1, 1, 0, 2, 3, 2, 2, 1, 2, 1, 1, 2, 4, 3, 0, 2, 2, 3, 3, 1, 1, 2, 1, 1, 1, 4, 1, 3, 4, 1, 2, 4, 3, 1, 3, 1, 2, 4, 4, 2, 3, 2, 2, 2, 3, 4, 3, 2, 4, 4, 4, 4, 1, 1, 3, 2]|[0, 2, 0, 0, 3, 0, 1, 3, 0, 0, 2, 0, 1, 0, 1, 0, 0, 0, 1, 0, 0, 2, 0, 0, 1, 0, 0, 3, 0, 1, 0, 2, 0, 0, 3, 0, 1, 1, 0, 0, 0, 0, 1, 3, 0, 0, 1, 0, 2, 0, 0, 0, 0, 0, 1, 0, 1, 0, 1, 1, 0, 2, 0, 0, 0, 0, 0, 0, 0, 2, 0, 0, 1, 0, 0, 1, 0, 0, 3, 0, 0, 1, 2, 0, 0, 0, 0, 0, 3, 1, 0, 0, 1, 1, 3, 2, 0, 0, 0, 0],908.8272556494078,49445.19365311725,107483.81690224803,false
32,G3_TWC,G3_TWC,[31, 22, 82, 15, 26, 58, 95, 42, 77, 12, 47, 5, 93, 78, 98, 54, 85, 63, 18, 44, 20, 35, 43, 97, 91, 76, 10, 30, 21, 45, 71, 64, 1, 23, 17, 83, 24, 14, 60, 36, 6, 57, 94, 88, 65, 56, 79, 40, 67, 68, 46, 75, 38, 9, 19, 32, 81, 41, 27, 62, 87, 90, 99, 59, 11, 16, 72, 73, 70, 39, 37, 84, 3, 92, 25, 55, 28, 29, 51, 7, 33, 61, 86, 66, 89, 50, 48, 96, 53, 8, 4, 80, 34, 49, 52, 0, 13, 2, 69, 74]|[1, 1, 0, 1, 1, 1, 2, 1, 2, 1, 2, 2, 2, 1, 1, 0, 0, 1, 0, 2, 2, 0, 1, 2, 0, 1, 2, 2, 0, 0, 1, 2, 1, 2, 1, 0, 2, 0, 1, 1, 0, 1, 1, 1, 0, 2, 1, 1, 0, 0, 0, 0, 1, 1, 2, 1, 2, 0, 0, 0, 2, 1, 0, 1, 2, 1, 2, 1, 1, 1, 1, 1, 2, 0, 1, 1, 0, 0, 0, 1, 2, 1, 0, 2, 1, 0, 0, 0, 0, 1, 0, 0, 2, 0, 1, 0, 0, 0, 1, 2]|[4, 3, 2, 2, 0, 0, 2, 2, 2, 4, 1, 1, 2, 4, 4, 1, 1, 4, 2, 1, 1, 1, 1, 2, 1, 2, 1, 1, 1, 1, 3, 2, 3, 0, 4, 0, 1, 1, 0, 3, 2, 2, 4, 0, 1, 1, 0, 2, 0, 1, 2, 2, 1, 4, 0, 3, 2, 1, 1, 2, 1, 3, 1, 1, 1, 3, 0, 4, 3, 1, 4, 1, 1, 2, 4, 4, 2, 1, 1, 3, 1, 3, 1, 1, 1, 1, 1, 1, 2, 3, 2, 1, 1, 1, 1, 2, 2, 2, 3, 1]|[0, 2, 1, 1, 3, 3, 0, 1, 0, 0, 0, 0, 1, 0, 1, 0, 0, 3, 1, 0, 0, 0, 3, 1, 0, 2, 0, 0, 0, 1, 0, 0, 0, 0, 3, 0, 1, 0, 0, 2, 1, 1, 2, 0, 0, 0, 0, 1, 1, 0, 0, 0, 1, 3, 0, 0, 1, 0, 0, 1, 0, 2, 0, 1, 0, 2, 1, 0, 0, 1, 1, 3, 0, 1, 3, 3, 1, 0, 0, 2, 0, 0, 0, 0, 1, 0, 0, 0, 1, 2, 1, 0, 0, 1, 1, 0, 0, 0, 0, 0],790.0808266764368,57926.0831962336,89131.00769295532,false
32,G1_CMAX,G1_CMAX,[31, 22, 82, 15, 26, 99, 95, 42, 77, 12, 47, 5, 93, 78, 86, 54, 21, 63, 18, 44, 20, 35, 43, 97, 91, 76, 10, 30, 85, 45, 71, 64, 1, 23, 17, 83, 24, 14, 60, 36, 6, 57, 40, 88, 65, 56, 79, 94, 67, 68, 46, 75, 38, 9, 19, 32, 41, 81, 27, 87, 90, 58, 59, 11, 16, 72, 73, 70, 39, 37, 84, 3, 92, 25, 55, 48, 62, 29, 51, 96, 33, 61, 98, 28, 89, 50, 4, 7, 53, 80, 52, 66, 34, 49, 8, 0, 74, 69, 2, 13]|[1, 1, 0, 1, 1, 0, 1, 1, 2, 1, 2, 2, 2, 1, 1, 0, 0, 1, 0, 2, 2, 0, 1, 2, 0, 1, 2, 2, 0, 0, 1, 2, 1, 2, 1, 0, 2, 0, 1, 1, 0, 1, 1, 1, 0, 2, 1, 1, 0, 0, 0, 0, 1, 1, 2, 1, 0, 2, 0, 2, 1, 0, 1, 2, 1, 2, 1, 1, 1, 1, 1, 1, 0, 1, 2, 0, 0, 0, 0, 2, 2, 1, 2, 0, 1, 0, 1, 2, 0, 0, 1, 2, 2, 0, 1, 0, 2, 1, 0, 0]|[0, 3, 2, 2, 4, 1, 2, 3, 2, 4, 1, 1, 2, 4, 4, 1, 1, 4, 2, 1, 1, 1, 1, 2, 1, 2, 1, 1, 2, 1, 3, 2, 3, 1, 4, 0, 1, 1, 0, 3, 2, 2, 2, 0, 1, 1, 0, 4, 0, 1, 2, 2, 1, 4, 0, 3, 1, 1, 1, 1, 3, 1, 1, 1, 3, 0, 4, 3, 1, 4, 1, 1, 0, 4, 1, 1, 2, 1, 1, 1, 1, 3, 1, 2, 1, 1, 4, 1, 2, 1, 1, 1, 1, 1, 3, 2, 1, 4, 2, 2]|[0, 2, 1, 1, 3, 0, 1, 3, 0, 0, 0, 0, 1, 0, 1, 0, 0, 3, 1, 0, 0, 0, 3, 1, 0, 2, 0, 0, 0, 1, 0, 0, 0, 0, 3, 0, 1, 0, 0, 2, 1, 1, 1, 0, 0, 0, 0, 2, 1, 0, 0, 0, 1, 3, 0, 0, 0, 0, 0, 0, 2, 0, 1, 0, 2, 1, 0, 0, 1, 1, 3, 1, 1, 3, 0, 0, 1, 0, 0, 0, 0, 0, 0, 1, 1, 0, 0, 0, 1, 0, 1, 0, 0, 1, 2, 0, 0, 2, 0, 0],731.2476204416437,56784.74762275103,92889.2977037672,false
32,G4_BALANCED,G4_BALANCED,[31, 11, 15, 82, 26, 9, 95, 32, 77, 68, 47, 5, 93, 78, 86, 54, 85, 63, 18, 44, 20, 49, 36, 14, 74, 50, 53, 17, 21, 45, 71, 64, 3, 23, 30, 83, 24, 41, 60, 52, 51, 27, 90, 70, 39, 87, 48, 69, 99, 4, 46, 1, 13, 58, 97, 59, 28, 8, 73, 37, 35, 79, 22, 66, 76, 42, 40, 80, 96, 6, 16, 61, 33, 7, 57, 34, 12, 67, 10, 98, 56, 88, 29, 25, 91, 38, 19, 92, 43, 84, 65, 72, 81, 75, 2, 55, 62, 89, 94, 0]|[2, 1, 1, 2, 1, 2, 1, 1, 1, 1, 1, 0, 2, 2, 1, 2, 0, 0, 0, 2, 2, 1, 0, 2, 0, 2, 2, 1, 0, 1, 1, 1, 0, 0, 1, 0, 2, 1, 2, 2, 0, 0, 1, 1, 0, 2, 0, 2, 1, 0, 0, 2, 0, 0, 2, 0, 1, 1, 0, 0, 2, 1, 1, 2, 2, 0, 2, 2, 0, 1, 2, 1, 1, 2, 0, 1, 2, 1, 1, 2, 2, 1, 1, 1, 1, 0, 1, 0, 1, 0, 1, 1, 1, 0, 2, 0, 1, 1, 2, 0]|[1, 3, 2, 0, 4, 1, 4, 4, 2, 4, 3, 2, 1, 0, 2, 1, 1, 1, 2, 1, 1, 3, 0, 1, 0, 1, 1, 4, 1, 4, 3, 2, 2, 0, 4, 1, 1, 4, 0, 1, 2, 1, 4, 4, 1, 1, 0, 2, 3, 1, 2, 1, 2, 1, 1, 2, 4, 3, 0, 2, 2, 3, 3, 0, 1, 2, 0, 1, 2, 4, 1, 3, 4, 1, 2, 4, 1, 3, 3, 1, 1, 4, 3, 4, 3, 2, 4, 2, 4, 2, 3, 4, 1, 2, 1, 2, 3, 4, 1, 2]|[1, 2, 1, 0, 3, 0, 1, 3, 0, 0, 2, 0, 1, 0, 1, 0, 0, 0, 1, 0, 0, 2, 0, 0, 1, 0, 0, 3, 0, 1, 0, 2, 0, 1, 3, 0, 1, 3, 1, 0, 0, 0, 1, 3, 0, 0, 1, 0, 2, 0, 0, 0, 0, 0, 1, 0, 1, 0, 1, 1, 0, 2, 2, 0, 0, 0, 1, 0, 0, 2, 0, 0, 1, 0, 0, 1, 0, 0, 3, 0, 0, 1, 0, 3, 0, 0, 1, 0, 2, 0, 0, 2, 1, 0, 0, 0, 0, 1, 0, 0],850.9632869082183,52431.02217786142,105346.60403335126,false
32,G2_TEC,G2_TEC,[31, 22, 82, 15, 26, 9, 95, 42, 77, 68, 47, 5, 93, 78, 86, 54, 85, 63, 18, 44, 20, 49, 36, 14, 74, 50, 53, 17, 21, 28, 11, 64, 3, 23, 30, 83, 24, 41, 40, 52, 65, 27, 90, 70, 39, 87, 48, 69, 99, 4, 46, 1, 13, 58, 97, 59, 45, 8, 73, 37, 35, 79, 71, 66, 76, 32, 60, 80, 56, 6, 67, 61, 33, 7, 57, 34, 12, 16, 10, 98, 96, 88, 43, 75, 91, 38, 84, 92, 29, 19, 51, 55, 72, 89, 25, 81, 94, 2, 62, 0]|[2, 1, 2, 1, 1, 2, 1, 1, 1, 1, 1, 0, 2, 2, 1, 2, 0, 0, 0, 2, 2, 1, 0, 2, 0, 2, 2, 1, 0, 1, 1, 1, 0, 0, 1, 0, 2, 1, 2, 2, 0, 0, 1, 1, 0, 2, 0, 2, 1, 0, 0, 2, 0, 0, 2, 0, 1, 1, 0, 0, 2, 1, 1, 2, 2, 0, 2, 2, 2, 1, 2, 1, 1, 2, 0, 1, 1, 2, 1, 2, 0, 1, 1, 0, 1, 0, 0, 0, 1, 1, 1, 0, 1, 1, 1, 1, 2, 2, 1, 0]|[0, 3, 0, 3, 4, 1, 4, 4, 2, 4, 3, 2, 1, 0, 2, 1, 1, 1, 2, 1, 1, 3, 0, 1, 0, 1, 1, 4, 1, 4, 3, 2, 2, 0, 4, 1, 1, 4, 1, 1, 2, 1, 4, 4, 1, 1, 0, 2, 3, 2, 2, 1, 2, 1, 1, 2, 4, 3, 0, 2, 2, 3, 3, 1, 1, 2, 1, 1, 1, 4, 1, 3, 4, 1, 2, 4, 3, 1, 3, 1, 2, 4, 4, 2, 3, 2, 2, 2, 3, 4, 3, 2, 4, 4, 4, 4, 1, 1, 3, 2]|[0, 2, 0, 0, 3, 0, 1, 3, 0, 0, 2, 0, 1, 0, 1, 0, 0, 0, 1, 0, 0, 2, 0, 0, 1, 0, 0, 3, 0, 1, 0, 2, 0, 0, 3, 0, 1, 1, 0, 0, 0, 0, 1, 3, 0, 0, 1, 0, 2, 0, 0, 0, 0, 0, 1, 0, 1, 0, 1, 1, 0, 2, 0, 0, 0, 0, 0, 0, 0, 2, 0, 0, 1, 0, 0, 1, 0, 0, 3, 0, 0, 1, 2, 0, 0, 0, 0, 0, 3, 1, 0, 0, 1, 1, 3, 2, 0, 0, 0, 0],908.8272556494078,49445.19365311725,107483.81690224803,false
32,G3_TWC,G3_TWC,[31, 22, 82, 15, 26, 58, 95, 42, 77, 12, 47, 5, 93, 78, 98, 54, 85, 63, 18, 44, 20, 35, 43, 97, 91, 76, 10, 30, 21, 45, 71, 64, 1, 23, 17, 83, 24, 14, 60, 36, 6, 57, 94, 88, 65, 56, 79, 40, 67, 68, 46, 75, 38, 9, 19, 32, 81, 41, 27, 62, 87, 90, 99, 59, 11, 16, 72, 73, 70, 39, 37, 84, 3, 92, 25, 55, 28, 29, 51, 7, 33, 61, 86, 66, 89, 50, 48, 96, 53, 8, 4, 80, 34, 49, 52, 0, 13, 2, 69, 74]|[1, 1, 0, 1, 1, 1, 2, 1, 2, 1, 2, 2, 2, 1, 1, 0, 0, 1, 0, 2, 2, 0, 1, 2, 0, 1, 2, 2, 0, 0, 1, 2, 1, 2, 1, 0, 2, 0, 1, 1, 0, 1, 1, 1, 0, 2, 1, 1, 0, 0, 0, 0, 1, 1, 2, 1, 2, 0, 0, 0, 2, 1, 0, 1, 2, 1, 2, 1, 1, 1, 1, 1, 2, 0, 1, 1, 0, 0, 0, 1, 2, 1, 0, 2, 1, 0, 0, 0, 0, 1, 0, 0, 2, 0, 1, 0, 0, 0, 1, 2]|[4, 3, 2, 2, 0, 0, 2, 2, 2, 4, 1, 1, 2, 4, 4, 1, 1, 4, 2, 1, 1, 1, 1, 2, 1, 2, 1, 1, 1, 1, 3, 2, 3, 0, 4, 0, 1, 1, 0, 3, 2, 2, 4, 0, 1, 1, 0, 2, 0, 1, 2, 2, 1, 4, 0, 3, 2, 1, 1, 2, 1, 3, 1, 1, 1, 3, 0, 4, 3, 1, 4, 1, 1, 2, 4, 4, 2, 1, 1, 3, 1, 3, 1, 1, 1, 1, 1, 1, 2, 3, 2, 1, 1, 1, 1, 2, 2, 2, 3, 1]|[0, 2, 1, 1, 3, 3, 0, 1, 0, 0, 0, 0, 1, 0, 1, 0, 0, 3, 1, 0, 0, 0, 3, 1, 0, 2, 0, 0, 0, 1, 0, 0, 0, 0, 3, 0, 1, 0, 0, 2, 1, 1, 2, 0, 0, 0, 0, 1, 1, 0, 0, 0, 1, 3, 0, 0, 1, 0, 0, 1, 0, 2, 0, 1, 0, 2, 1, 0, 0, 1, 1, 3, 0, 1, 3, 3, 1, 0, 0, 2, 0, 0, 0, 0, 1, 0, 0, 0, 1, 2, 1, 0, 0, 1, 1, 0, 0, 0, 0, 0],790.0808266764368,57926.0831962336,89131.00769295532,false
32,G1_CMAX,G1_CMAX,[31, 22, 82, 15, 26, 99, 95, 42, 77, 12, 47, 5, 93, 78, 86, 54, 21, 63, 18, 44, 20, 35, 43, 97, 91, 76, 10, 30, 85, 45, 71, 64, 1, 23, 17, 83, 24, 14, 60, 36, 6, 57, 40, 88, 65, 56, 79, 94, 67, 68, 46, 75, 38, 9, 19, 32, 41, 81, 27, 87, 90, 58, 59, 11, 16, 72, 73, 70, 39, 37, 84, 3, 92, 25, 55, 48, 62, 29, 51, 96, 33, 61, 98, 28, 89, 50, 4, 7, 53, 80, 52, 66, 34, 49, 8, 0, 74, 69, 2, 13]|[1, 1, 0, 1, 1, 0, 1, 1, 2, 1, 2, 2, 2, 1, 1, 0, 0, 1, 0, 2, 2, 0, 1, 2, 0, 1, 2, 2, 0, 0, 1, 2, 1, 2, 1, 0, 2, 0, 1, 1, 0, 1, 1, 1, 0, 2, 1, 1, 0, 0, 0, 0, 1, 1, 2, 1, 0, 2, 0, 2, 1, 0, 1, 2, 1, 2, 1, 1, 1, 1, 1, 1, 0, 1, 2, 0, 0, 0, 0, 2, 2, 1, 2, 0, 1, 0, 1, 2, 0, 0, 1, 2, 2, 0, 1, 0, 2, 1, 0, 0]|[0, 3, 2, 2, 4, 1, 2, 3, 2, 4, 1, 1, 2, 4, 4, 1, 1, 4, 2, 1, 1, 1, 1, 2, 1, 2, 1, 1, 2, 1, 3, 2, 3, 1, 4, 0, 1, 1, 0, 3, 2, 2, 2, 0, 1, 1, 0, 4, 0, 1, 2, 2, 1, 4, 0, 3, 1, 1, 1, 1, 3, 1, 1, 1, 3, 0, 4, 3, 1, 4, 1, 1, 0, 4, 1, 1, 2, 1, 1, 1, 1, 3, 1, 2, 1, 1, 4, 1, 2, 1, 1, 1, 1, 1, 3, 2, 1, 4, 2, 2]|[0, 2, 1, 1, 3, 0, 1, 3, 0, 0, 0, 0, 1, 0, 1, 0, 0, 3, 1, 0, 0, 0, 3, 1, 0, 2, 0, 0, 0, 1, 0, 0, 0, 0, 3, 0, 1, 0, 0, 2, 1, 1, 1, 0, 0, 0, 0, 2, 1, 0, 0, 0, 1, 3, 0, 0, 0, 0, 0, 0, 2, 0, 1, 0, 2, 1, 0, 0, 1, 1, 3, 1, 1, 3, 0, 0, 1, 0, 0, 0, 0, 0, 0, 1, 1, 0, 0, 0, 1, 0, 1, 0, 0, 1, 2, 0, 0, 2, 0, 0],731.2476204416437,56784.74762275103,92889.2977037672,false
32,G4_BALANCED,G4_BALANCED,[31, 11, 15, 82, 26, 9, 95, 32, 77, 68, 47, 5, 93, 78, 86, 54, 85, 63, 18, 44, 20, 49, 36, 14, 74, 50, 53, 17, 21, 45, 71, 64, 3, 23, 30, 83, 24, 41, 60, 52, 51, 27, 90, 70, 39, 87, 48, 69, 99, 4, 46, 1, 13, 58, 97, 59, 28, 8, 73, 37, 35, 79, 22, 66, 76, 42, 40, 80, 96, 6, 16, 61, 33, 7, 57, 34, 12, 67, 10, 98, 56, 88, 29, 25, 91, 38, 19, 92, 43, 84, 65, 72, 81, 75, 2, 55, 62, 89, 94, 0]|[2, 1, 1, 2, 1, 2, 1, 1, 1, 1, 1, 0, 2, 2, 1, 2, 0, 0, 0, 2, 2, 1, 0, 2, 0, 2, 2, 1, 0, 1, 1, 1, 0, 0, 1, 0, 2, 1, 2, 2, 0, 0, 1, 1, 0, 2, 0, 2, 1, 0, 0, 2, 0, 0, 2, 0, 1, 1, 0, 0, 2, 1, 1, 2, 2, 0, 2, 2, 0, 1, 2, 1, 1, 2, 0, 1, 2, 1, 1, 2, 2, 1, 1, 1, 1, 0, 1, 0, 1, 0, 1, 1, 1, 0, 2, 0, 1, 1, 2, 0]|[1, 3, 2, 0, 4, 1, 4, 4, 2, 4, 3, 2, 1, 0, 2, 1, 1, 1, 2, 1, 1, 3, 0, 1, 0, 1, 1, 4, 1, 4, 3, 2, 2, 0, 4, 1, 1, 4, 0, 1, 2, 1, 4, 4, 1, 1, 0, 2, 3, 1, 2, 1, 2, 1, 1, 2, 4, 3, 0, 2, 2, 3, 3, 0, 1, 2, 0, 1, 2, 4, 1, 3, 4, 1, 2, 4, 1, 3, 3, 1, 1, 4, 3, 4, 3, 2, 4, 2, 4, 2, 3, 4, 1, 2, 1, 2, 3, 4, 1, 2]|[1, 2, 1, 0, 3, 0, 1, 3, 0, 0, 2, 0, 1, 0, 1, 0, 0, 0, 1, 0, 0, 2, 0, 0, 1, 0, 0, 3, 0, 1, 0, 2, 0, 1, 3, 0, 1, 3, 1, 0, 0, 0, 1, 3, 0, 0, 1, 0, 2, 0, 0, 0, 0, 0, 1, 0, 1, 0, 1, 1, 0, 2, 2, 0, 0, 0, 1, 0, 0, 2, 0, 0, 1, 0, 0, 1, 0, 0, 3, 0, 0, 1, 0, 3, 0, 0, 1, 0, 2, 0, 0, 2, 1, 0, 0, 0, 0, 1, 0, 0],850.9632869082183,52431.02217786142,105346.60403335126,false
32,G2_TEC,G2_TEC,[31, 22, 82, 15, 26, 9, 95, 42, 77, 68, 47, 5, 93, 78, 86, 54, 85, 63, 18, 44, 20, 49, 36, 14, 74, 50, 53, 17, 21, 28, 11, 64, 3, 23, 30, 83, 24, 41, 40, 52, 65, 27, 90, 70, 39, 87, 48, 69, 99, 4, 46, 1, 13, 58, 97, 59, 45, 8, 73, 37, 35, 79, 71, 66, 76, 32, 60, 80, 56, 6, 67, 61, 33, 7, 57, 34, 12, 16, 10, 98, 96, 88, 43, 75, 91, 38, 84, 92, 29, 19, 51, 55, 72, 89, 25, 81, 94, 2, 62, 0]|[2, 1, 2, 1, 1, 2, 1, 1, 1, 1, 1, 0, 2, 2, 1, 2, 0, 0, 0, 2, 2, 1, 0, 2, 0, 2, 2, 1, 0, 1, 1, 1, 0, 0, 1, 0, 2, 1, 2, 2, 0, 0, 1, 1, 0, 2, 0, 2, 1, 0, 0, 2, 0, 0, 2, 0, 1, 1, 0, 0, 2, 1, 1, 2, 2, 0, 2, 2, 2, 1, 2, 1, 1, 2, 0, 1, 1, 2, 1, 2, 0, 1, 1, 0, 1, 0, 0, 0, 1, 1, 1, 0, 1, 1, 1, 1, 2, 2, 1, 0]|[0, 3, 0, 3, 4, 1, 4, 4, 2, 4, 3, 2, 1, 0, 2, 1, 1, 1, 2, 1, 1, 3, 0, 1, 0, 1, 1, 4, 1, 4, 3, 2, 2, 0, 4, 1, 1, 4, 1, 1, 2, 1, 4, 4, 1, 1, 0, 2, 3, 2, 2, 1, 2, 1, 1, 2, 4, 3, 0, 2, 2, 3, 3, 1, 1, 2, 1, 1, 1, 4, 1, 3, 4, 1, 2, 4, 3, 1, 3, 1, 2, 4, 4, 2, 3, 2, 2, 2, 3, 4, 3, 2, 4, 4, 4, 4, 1, 1, 3, 2]|[0, 2, 0, 0, 3, 0, 1, 3, 0, 0, 2, 0, 1, 0, 1, 0, 0, 0, 1, 0, 0, 2, 0, 0, 1, 0, 0, 3, 0, 1, 0, 2, 0, 0, 3, 0, 1, 1, 0, 0, 0, 0, 1, 3, 0, 0, 1, 0, 2, 0, 0, 0, 0, 0, 1, 0, 1, 0, 1, 1, 0, 2, 0, 0, 0, 0, 0, 0, 0, 2, 0, 0, 1, 0, 0, 1, 0, 0, 3, 0, 0, 1, 2, 0, 0, 0, 0, 0, 3, 1, 0, 0, 1, 1, 3, 2, 0, 0, 0, 0],908.8272556494078,49445.19365311725,107483.81690224803,false
32,G3_TWC,G3_TWC,[31, 22, 82, 15, 26, 58, 95, 42, 77, 12, 47, 5, 93, 78, 98, 54, 85, 63, 18, 44, 20, 35, 43, 97, 91, 76, 10, 30, 21, 45, 71, 64, 1, 23, 17, 83, 24, 14, 60, 36, 6, 57, 94, 88, 65, 56, 79, 40, 67, 68, 46, 75, 38, 9, 19, 32, 81, 41, 27, 62, 87, 90, 99, 59, 11, 16, 72, 73, 70, 39, 37, 84, 3, 92, 25, 55, 28, 29, 51, 7, 33, 61, 86, 66, 89, 50, 48, 96, 53, 8, 4, 80, 34, 49, 52, 0, 13, 2, 69, 74]|[1, 1, 0, 1, 1, 1, 2, 1, 2, 1, 2, 2, 2, 1, 1, 0, 0, 1, 0, 2, 2, 0, 1, 2, 0, 1, 2, 2, 0, 0, 1, 2, 1, 2, 1, 0, 2, 0, 1, 1, 0, 1, 1, 1, 0, 2, 1, 1, 0, 0, 0, 0, 1, 1, 2, 1, 2, 0, 0, 0, 2, 1, 0, 1, 2, 1, 2, 1, 1, 1, 1, 1, 2, 0, 1, 1, 0, 0, 0, 1, 2, 1, 0, 2, 1, 0, 0, 0, 0, 1, 0, 0, 2, 0, 1, 0, 0, 0, 1, 2]|[4, 3, 2, 2, 0, 0, 2, 2, 2, 4, 1, 1, 2, 4, 4, 1, 1, 4, 2, 1, 1, 1, 1, 2, 1, 2, 1, 1, 1, 1, 3, 2, 3, 0, 4, 0, 1, 1, 0, 3, 2, 2, 4, 0, 1, 1, 0, 2, 0, 1, 2, 2, 1, 4, 0, 3, 2, 1, 1, 2, 1, 3, 1, 1, 1, 3, 0, 4, 3, 1, 4, 1, 1, 2, 4, 4, 2, 1, 1, 3, 1, 3, 1, 1, 1, 1, 1, 1, 2, 3, 2, 1, 1, 1, 1, 2, 2, 2, 3, 1]|[0, 2, 1, 1, 3, 3, 0, 1, 0, 0, 0, 0, 1, 0, 1, 0, 0, 3, 1, 0, 0, 0, 3, 1, 0, 2, 0, 0, 0, 1, 0, 0, 0, 0, 3, 0, 1, 0, 0, 2, 1, 1, 2, 0, 0, 0, 0, 1, 1, 0, 0, 0, 1, 3, 0, 0, 1, 0, 0, 1, 0, 2, 0, 1, 0, 2, 1, 0, 0, 1, 1, 3, 0, 1, 3, 3, 1, 0, 0, 2, 0, 0, 0, 0, 1, 0, 0, 0, 1, 2, 1, 0, 0, 1, 1, 0, 0, 0, 0, 0],790.0808266764368,57926.0831962336,89131.00769295532,false
32,G1_CMAX,G1_CMAX,[31, 22, 82, 15, 26, 99, 95, 42, 77, 12, 47, 5, 93, 78, 86, 54, 21, 63, 18, 44, 20, 35, 43, 97, 91, 76, 10, 30, 85, 45, 71, 64, 1, 23, 17, 83, 24, 14, 60, 36, 6, 57, 40, 88, 65, 56, 79, 94, 67, 68, 46, 75, 38, 9, 19, 32, 41, 81, 27, 87, 90, 58, 59, 11, 16, 72, 73, 70, 39, 37, 84, 3, 92, 25, 55, 48, 62, 29, 51, 96, 33, 61, 98, 28, 89, 50, 4, 7, 53, 80, 52, 66, 34, 49, 8, 0, 74, 69, 2, 13]|[1, 1, 0, 1, 1, 0, 1, 1, 2, 1, 2, 2, 2, 1, 1, 0, 0, 1, 0, 2, 2, 0, 1, 2, 0, 1, 2, 2, 0, 0, 1, 2, 1, 2, 1, 0, 2, 0, 1, 1, 0, 1, 1, 1, 0, 2, 1, 1, 0, 0, 0, 0, 1, 1, 2, 1, 0, 2, 0, 2, 1, 0, 1, 2, 1, 2, 1, 1, 1, 1, 1, 1, 0, 1, 2, 0, 0, 0, 0, 2, 2, 1, 2, 0, 1, 0, 1, 2, 0, 0, 1, 2, 2, 0, 1, 0, 2, 1, 0, 0]|[0, 3, 2, 2, 4, 1, 2, 3, 2, 4, 1, 1, 2, 4, 4, 1, 1, 4, 2, 1, 1, 1, 1, 2, 1, 2, 1, 1, 2, 1, 3, 2, 3, 1, 4, 0, 1, 1, 0, 3, 2, 2, 2, 0, 1, 1, 0, 4, 0, 1, 2, 2, 1, 4, 0, 3, 1, 1, 1, 1, 3, 1, 1, 1, 3, 0, 4, 3, 1, 4, 1, 1, 0, 4, 1, 1, 2, 1, 1, 1, 1, 3, 1, 2, 1, 1, 4, 1, 2, 1, 1, 1, 1, 1, 3, 2, 1, 4, 2, 2]|[0, 2, 1, 1, 3, 0, 1, 3, 0, 0, 0, 0, 1, 0, 1, 0, 0, 3, 1, 0, 0, 0, 3, 1, 0, 2, 0, 0, 0, 1, 0, 0, 0, 0, 3, 0, 1, 0, 0, 2, 1, 1, 1, 0, 0, 0, 0, 2, 1, 0, 0, 0, 1, 3, 0, 0, 0, 0, 0, 0, 2, 0, 1, 0, 2, 1, 0, 0, 1, 1, 3, 1, 1, 3, 0, 0, 1, 0, 0, 0, 0, 0, 0, 1, 1, 0, 0, 0, 1, 0, 1, 0, 0, 1, 2, 0, 0, 2, 0, 0],731.2476204416437,56784.74762275103,92889.2977037672,false
32,G4_BALANCED,G4_BALANCED,[31, 11, 15, 82, 26, 9, 95, 32, 77, 68, 47, 5, 93, 78, 86, 54, 85, 63, 18, 44, 20, 49, 36, 14, 74, 50, 53, 17, 21, 45, 71, 64, 3, 23, 30, 83, 24, 41, 60, 52, 51, 27, 90, 70, 39, 87, 48, 69, 99, 4, 46, 1, 13, 58, 97, 59, 28, 8, 73, 37, 35, 79, 22, 66, 76, 42, 40, 80, 96, 6, 16, 61, 33, 7, 57, 34, 12, 67, 10, 98, 56, 88, 29, 25, 91, 38, 19, 92, 43, 84, 65, 72, 81, 75, 2, 55, 62, 89, 94, 0]|[2, 1, 1, 2, 1, 2, 1, 1, 1, 1, 1, 0, 2, 2, 1, 2, 0, 0, 0, 2, 2, 1, 0, 2, 0, 2, 2, 1, 0, 1, 1, 1, 0, 0, 1, 0, 2, 1, 2, 2, 0, 0, 1, 1, 0, 2, 0, 2, 1, 0, 0, 2, 0, 0, 2, 0, 1, 1, 0, 0, 2, 1, 1, 2, 2, 0, 2, 2, 0, 1, 2, 1, 1, 2, 0, 1, 2, 1, 1, 2, 2, 1, 1, 1, 1, 0, 1, 0, 1, 0, 1, 1, 1, 0, 2, 0, 1, 1, 2, 0]|[1, 3, 2, 0, 4, 1, 4, 4, 2, 4, 3, 2, 1, 0, 2, 1, 1, 1, 2, 1, 1, 3, 0, 1, 0, 1, 1, 4, 1, 4, 3, 2, 2, 0, 4, 1, 1, 4, 0, 1, 2, 1, 4, 4, 1, 1, 0, 2, 3, 1, 2, 1, 2, 1, 1, 2, 4, 3, 0, 2, 2, 3, 3, 0, 1, 2, 0, 1, 2, 4, 1, 3, 4, 1, 2, 4, 1, 3, 3, 1, 1, 4, 3, 4, 3, 2, 4, 2, 4, 2, 3, 4, 1, 2, 1, 2, 3, 4, 1, 2]|[1, 2, 1, 0, 3, 0, 1, 3, 0, 0, 2, 0, 1, 0, 1, 0, 0, 0, 1, 0, 0, 2, 0, 0, 1, 0, 0, 3, 0, 1, 0, 2, 0, 1, 3, 0, 1, 3, 1, 0, 0, 0, 1, 3, 0, 0, 1, 0, 2, 0, 0, 0, 0, 0, 1, 0, 1, 0, 1, 1, 0, 2, 2, 0, 0, 0, 1, 0, 0, 2, 0, 0, 1, 0, 0, 1, 0, 0, 3, 0, 0, 1, 0, 3, 0, 0, 1, 0, 2, 0, 0, 2, 1, 0, 0, 0, 0, 1, 0, 0],850.9632869082183,52431.02217786142,105346.60403335126,false
32,G2_TEC,G2_TEC,[31, 22, 82, 15, 26, 9, 95, 42, 77, 68, 47, 5, 93, 78, 86, 54, 85, 63, 18, 44, 20, 49, 36, 14, 74, 50, 53, 17, 21, 28, 11, 64, 3, 23, 30, 83, 24, 41, 40, 52, 65, 27, 90, 70, 39, 87, 48, 69, 99, 4, 46, 1, 13, 58, 97, 59, 45, 8, 73, 37, 35, 79, 71, 66, 76, 32, 60, 80, 56, 6, 67, 61, 33, 7, 57, 34, 12, 16, 10, 98, 96, 88, 43, 75, 91, 38, 84, 92, 29, 19, 51, 55, 72, 89, 25, 81, 94, 2, 62, 0]|[2, 1, 2, 1, 1, 2, 1, 1, 1, 1, 1, 0, 2, 2, 1, 2, 0, 0, 0, 2, 2, 1, 0, 2, 0, 2, 2, 1, 0, 1, 1, 1, 0, 0, 1, 0, 2, 1, 2, 2, 0, 0, 1, 1, 0, 2, 0, 2, 1, 0, 0, 2, 0, 0, 2, 0, 1, 1, 0, 0, 2, 1, 1, 2, 2, 0, 2, 2, 2, 1, 2, 1, 1, 2, 0, 1, 1, 2, 1, 2, 0, 1, 1, 0, 1, 0, 0, 0, 1, 1, 1, 0, 1, 1, 1, 1, 2, 2, 1, 0]|[0, 3, 0, 3, 4, 1, 4, 4, 2, 4, 3, 2, 1, 0, 2, 1, 1, 1, 2, 1, 1, 3, 0, 1, 0, 1, 1, 4, 1, 4, 3, 2, 2, 0, 4, 1, 1, 4, 1, 1, 2, 1, 4, 4, 1, 1, 0, 2, 3, 2, 2, 1, 2, 1, 1, 2, 4, 3, 0, 2, 2, 3, 3, 1, 1, 2, 1, 1, 1, 4, 1, 3, 4, 1, 2, 4, 3, 1, 3, 1, 2, 4, 4, 2, 3, 2, 2, 2, 3, 4, 3, 2, 4, 4, 4, 4, 1, 1, 3, 2]|[0, 2, 0, 0, 3, 0, 1, 3, 0, 0, 2, 0, 1, 0, 1, 0, 0, 0, 1, 0, 0, 2, 0, 0, 1, 0, 0, 3, 0, 1, 0, 2, 0, 0, 3, 0, 1, 1, 0, 0, 0, 0, 1, 3, 0, 0, 1, 0, 2, 0, 0, 0, 0, 0, 1, 0, 1, 0, 1, 1, 0, 2, 0, 0, 0, 0, 0, 0, 0, 2, 0, 0, 1, 0, 0, 1, 0, 0, 3, 0, 0, 1, 2, 0, 0, 0, 0, 0, 3, 1, 0, 0, 1, 1, 3, 2, 0, 0, 0, 0],908.8272556494078,49445.19365311725,107483.81690224803,false
32,G3_TWC,G3_TWC,[31, 22, 82, 15, 26, 58, 95, 42, 77, 12, 47, 5, 93, 78, 98, 54, 85, 63, 18, 44, 20, 35, 43, 97, 91, 76, 10, 30, 21, 45, 71, 64, 1, 23, 17, 83, 24, 14, 60, 36, 6, 57, 94, 88, 65, 56, 79, 40, 67, 68, 46, 75, 38, 9, 19, 32, 81, 41, 27, 62, 87, 90, 99, 59, 11, 16, 72, 73, 70, 39, 37, 84, 3, 92, 25, 55, 28, 29, 51, 7, 33, 61, 86, 66, 89, 50, 48, 96, 53, 8, 4, 80, 34, 49, 52, 0, 13, 2, 69, 74]|[1, 1, 0, 1, 1, 1, 2, 1, 2, 1, 2, 2, 2, 1, 1, 0, 0, 1, 0, 2, 2, 0, 1, 2, 0, 1, 2, 2, 0, 0, 1, 2, 1, 2, 1, 0, 2, 0, 1, 1, 0, 1, 1, 1, 0, 2, 1, 1, 0, 0, 0, 0, 1, 1, 2, 1, 2, 0, 0, 0, 2, 1, 0, 1, 2, 1, 2, 1, 1, 1, 1, 1, 2, 0, 1, 1, 0, 0, 0, 1, 2, 1, 0, 2, 1, 0, 0, 0, 0, 1, 0, 0, 2, 0, 1, 0, 0, 0, 1, 2]|[4, 3, 2, 2, 0, 0, 2, 2, 2, 4, 1, 1, 2, 4, 4, 1, 1, 4, 2, 1, 1, 1, 1, 2, 1, 2, 1, 1, 1, 1, 3, 2, 3, 0, 4, 0, 1, 1, 0, 3, 2, 2, 4, 0, 1, 1, 0, 2, 0, 1, 2, 2, 1, 4, 0, 3, 2, 1, 1, 2, 1, 3, 1, 1, 1, 3, 0, 4, 3, 1, 4, 1, 1, 2, 4, 4, 2, 1, 1, 3, 1, 3, 1, 1, 1, 1, 1, 1, 2, 3, 2, 1, 1, 1, 1, 2, 2, 2, 3, 1]|[0, 2, 1, 1, 3, 3, 0, 1, 0, 0, 0, 0, 1, 0, 1, 0, 0, 3, 1, 0, 0, 0, 3, 1, 0, 2, 0, 0, 0, 1, 0, 0, 0, 0, 3, 0, 1, 0, 0, 2, 1, 1, 2, 0, 0, 0, 0, 1, 1, 0, 0, 0, 1, 3, 0, 0, 1, 0, 0, 1, 0, 2, 0, 1, 0, 2, 1, 0, 0, 1, 1, 3, 0, 1, 3, 3, 1, 0, 0, 2, 0, 0, 0, 0, 1, 0, 0, 0, 1, 2, 1, 0, 0, 1, 1, 0, 0, 0, 0, 0],790.0808266764368,57926.0831962336,89131.00769295532,false
32,G1_CMAX,G1_CMAX,[31, 22, 82, 15, 26, 99, 95, 42, 77, 12, 47, 5, 93, 78, 86, 54, 21, 63, 18, 44, 20, 35, 43, 97, 91, 76, 10, 30, 85, 45, 71, 64, 1, 23, 17, 83, 24, 14, 60, 36, 6, 57, 40, 88, 65, 56, 79, 94, 67, 68, 46, 75, 38, 9, 19, 32, 41, 81, 27, 87, 90, 58, 59, 11, 16, 72, 73, 70, 39, 37, 84, 3, 92, 25, 55, 48, 62, 29, 51, 96, 33, 61, 98, 28, 89, 50, 4, 7, 53, 80, 52, 66, 34, 49, 8, 0, 74, 69, 2, 13]|[1, 1, 0, 1, 1, 0, 1, 1, 2, 1, 2, 2, 2, 1, 1, 0, 0, 1, 0, 2, 2, 0, 1, 2, 0, 1, 2, 2, 0, 0, 1, 2, 1, 2, 1, 0, 2, 0, 1, 1, 0, 1, 1, 1, 0, 2, 1, 1, 0, 0, 0, 0, 1, 1, 2, 1, 0, 2, 0, 2, 1, 0, 1, 2, 1, 2, 1, 1, 1, 1, 1, 1, 0, 1, 2, 0, 0, 0, 0, 2, 2, 1, 2, 0, 1, 0, 1, 2, 0, 0, 1, 2, 2, 0, 1, 0, 2, 1, 0, 0]|[0, 3, 2, 2, 4, 1, 2, 3, 2, 4, 1, 1, 2, 4, 4, 1, 1, 4, 2, 1, 1, 1, 1, 2, 1, 2, 1, 1, 2, 1, 3, 2, 3, 1, 4, 0, 1, 1, 0, 3, 2, 2, 2, 0, 1, 1, 0, 4, 0, 1, 2, 2, 1, 4, 0, 3, 1, 1, 1, 1, 3, 1, 1, 1, 3, 0, 4, 3, 1, 4, 1, 1, 0, 4, 1, 1, 2, 1, 1, 1, 1, 3, 1, 2, 1, 1, 4, 1, 2, 1, 1, 1, 1, 1, 3, 2, 1, 4, 2, 2]|[0, 2, 1, 1, 3, 0, 1, 3, 0, 0, 0, 0, 1, 0, 1, 0, 0, 3, 1, 0, 0, 0, 3, 1, 0, 2, 0, 0, 0, 1, 0, 0, 0, 0, 3, 0, 1, 0, 0, 2, 1, 1, 1, 0, 0, 0, 0, 2, 1, 0, 0, 0, 1, 3, 0, 0, 0, 0, 0, 0, 2, 0, 1, 0, 2, 1, 0, 0, 1, 1, 3, 1, 1, 3, 0, 0, 1, 0, 0, 0, 0, 0, 0, 1, 1, 0, 0, 0, 1, 0, 1, 0, 0, 1, 2, 0, 0, 2, 0, 0],731.2476204416437,56784.74762275103,92889.2977037672,false
32,G4_BALANCED,G4_BALANCED,[31, 11, 15, 82, 26, 9, 95, 32, 77, 68, 47, 5, 93, 78, 86, 54, 85, 63, 18, 44, 20, 49, 36, 14, 74, 50, 53, 17, 21, 45, 71, 64, 3, 23, 30, 83, 24, 41, 60, 52, 51, 27, 90, 70, 39, 87, 48, 69, 99, 4, 46, 1, 13, 58, 97, 59, 28, 8, 73, 37, 35, 79, 22, 66, 76, 42, 40, 80, 96, 6, 16, 61, 33, 7, 57, 34, 12, 67, 10, 98, 56, 88, 29, 25, 91, 38, 19, 92, 43, 84, 65, 72, 81, 75, 2, 55, 62, 89, 94, 0]|[2, 1, 1, 2, 1, 2, 1, 1, 1, 1, 1, 0, 2, 2, 1, 2, 0, 0, 0, 2, 2, 1, 0, 2, 0, 2, 2, 1, 0, 1, 1, 1, 0, 0, 1, 0, 2, 1, 2, 2, 0, 0, 1, 1, 0, 2, 0, 2, 1, 0, 0, 2, 0, 0, 2, 0, 1, 1, 0, 0, 2, 1, 1, 2, 2, 0, 2, 2, 0, 1, 2, 1, 1, 2, 0, 1, 2, 1, 1, 2, 2, 1, 1, 1, 1, 0, 1, 0, 1, 0, 1, 1, 1, 0, 2, 0, 1, 1, 2, 0]|[1, 3, 2, 0, 4, 1, 4, 4, 2, 4, 3, 2, 1, 0, 2, 1, 1, 1, 2, 1, 1, 3, 0, 1, 0, 1, 1, 4, 1, 4, 3, 2, 2, 0, 4, 1, 1, 4, 0, 1, 2, 1, 4, 4, 1, 1, 0, 2, 3, 1, 2, 1, 2, 1, 1, 2, 4, 3, 0, 2, 2, 3, 3, 0, 1, 2, 0, 1, 2, 4, 1, 3, 4, 1, 2, 4, 1, 3, 3, 1, 1, 4, 3, 4, 3, 2, 4, 2, 4, 2, 3, 4, 1, 2, 1, 2, 3, 4, 1, 2]|[1, 2, 1, 0, 3, 0, 1, 3, 0, 0, 2, 0, 1, 0, 1, 0, 0, 0, 1, 0, 0, 2, 0, 0, 1, 0, 0, 3, 0, 1, 0, 2, 0, 1, 3, 0, 1, 3, 1, 0, 0, 0, 1, 3, 0, 0, 1, 0, 2, 0, 0, 0, 0, 0, 1, 0, 1, 0, 1, 1, 0, 2, 2, 0, 0, 0, 1, 0, 0, 2, 0, 0, 1, 0, 0, 1, 0, 0, 3, 0, 0, 1, 0, 3, 0, 0, 1, 0, 2, 0, 0, 2, 1, 0, 0, 0, 0, 1, 0, 0],850.9632869082183,52431.02217786142,105346.60403335126,false
32,G2_TEC,G2_TEC,[31, 22, 82, 15, 26, 9, 95, 42, 77, 68, 47, 5, 93, 78, 86, 54, 85, 63, 18, 44, 20, 49, 36, 14, 74, 50, 53, 17, 21, 28, 11, 64, 3, 23, 30, 83, 24, 41, 40, 52, 65, 27, 90, 70, 39, 87, 48, 69, 99, 4, 46, 1, 13, 58, 97, 59, 45, 8, 73, 37, 35, 79, 71, 66, 76, 32, 60, 80, 56, 6, 67, 61, 33, 7, 57, 34, 12, 16, 10, 98, 96, 88, 43, 75, 91, 38, 84, 92, 29, 19, 51, 55, 72, 89, 25, 81, 94, 2, 62, 0]|[2, 1, 2, 1, 1, 2, 1, 1, 1, 1, 1, 0, 2, 2, 1, 2, 0, 0, 0, 2, 2, 1, 0, 2, 0, 2, 2, 1, 0, 1, 1, 1, 0, 0, 1, 0, 2, 1, 2, 2, 0, 0, 1, 1, 0, 2, 0, 2, 1, 0, 0, 2, 0, 0, 2, 0, 1, 1, 0, 0, 2, 1, 1, 2, 2, 0, 2, 2, 2, 1, 2, 1, 1, 2, 0, 1, 1, 2, 1, 2, 0, 1, 1, 0, 1, 0, 0, 0, 1, 1, 1, 0, 1, 1, 1, 1, 2, 2, 1, 0]|[0, 3, 0, 3, 4, 1, 4, 4, 2, 4, 3, 2, 1, 0, 2, 1, 1, 1, 2, 1, 1, 3, 0, 1, 0, 1, 1, 4, 1, 4, 3, 2, 2, 0, 4, 1, 1, 4, 1, 1, 2, 1, 4, 4, 1, 1, 0, 2, 3, 2, 2, 1, 2, 1, 1, 2, 4, 3, 0, 2, 2, 3, 3, 1, 1, 2, 1, 1, 1, 4, 1, 3, 4, 1, 2, 4, 3, 1, 3, 1, 2, 4, 4, 2, 3, 2, 2, 2, 3, 4, 3, 2, 4, 4, 4, 4, 1, 1, 3, 2]|[0, 2, 0, 0, 3, 0, 1, 3, 0, 0, 2, 0, 1, 0, 1, 0, 0, 0, 1, 0, 0, 2, 0, 0, 1, 0, 0, 3, 0, 1, 0, 2, 0, 0, 3, 0, 1, 1, 0, 0, 0, 0, 1, 3, 0, 0, 1, 0, 2, 0, 0, 0, 0, 0, 1, 0, 1, 0, 1, 1, 0, 2, 0, 0, 0, 0, 0, 0, 0, 2, 0, 0, 1, 0, 0, 1, 0, 0, 3, 0, 0, 1, 2, 0, 0, 0, 0, 0, 3, 1, 0, 0, 1, 1, 3, 2, 0, 0, 0, 0],908.8272556494078,49445.19365311725,107483.81690224803,false
32,G3_TWC,G3_TWC,[31, 22, 82, 15, 26, 58, 95, 42, 77, 12, 47, 5, 93, 78, 98, 54, 85, 63, 18, 44, 20, 35, 43, 97, 91, 76, 10, 30, 21, 45, 71, 64, 1, 23, 17, 83, 24, 14, 60, 36, 6, 57, 94, 88, 65, 56, 79, 40, 67, 68, 46, 75, 38, 9, 19, 32, 81, 41, 27, 62, 87, 90, 99, 59, 11, 16, 72, 73, 70, 39, 37, 84, 3, 92, 25, 55, 28, 29, 51, 7, 33, 61, 86, 66, 89, 50, 48, 96, 53, 8, 4, 80, 34, 49, 52, 0, 13, 2, 69, 74]|[1, 1, 0, 1, 1, 1, 2, 1, 2, 1, 2, 2, 2, 1, 1, 0, 0, 1, 0, 2, 2, 0, 1, 2, 0, 1, 2, 2, 0, 0, 1, 2, 1, 2, 1, 0, 2, 0, 1, 1, 0, 1, 1, 1, 0, 2, 1, 1, 0, 0, 0, 0, 1, 1, 2, 1, 2, 0, 0, 0, 2, 1, 0, 1, 2, 1, 2, 1, 1, 1, 1, 1, 2, 0, 1, 1, 0, 0, 0, 1, 2, 1, 0, 2, 1, 0, 0, 0, 0, 1, 0, 0, 2, 0, 1, 0, 0, 0, 1, 2]|[4, 3, 2, 2, 0, 0, 2, 2, 2, 4, 1, 1, 2, 4, 4, 1, 1, 4, 2, 1, 1, 1, 1, 2, 1, 2, 1, 1, 1, 1, 3, 2, 3, 0, 4, 0, 1, 1, 0, 3, 2, 2, 4, 0, 1, 1, 0, 2, 0, 1, 2, 2, 1, 4, 0, 3, 2, 1, 1, 2, 1, 3, 1, 1, 1, 3, 0, 4, 3, 1, 4, 1, 1, 2, 4, 4, 2, 1, 1, 3, 1, 3, 1, 1, 1, 1, 1, 1, 2, 3, 2, 1, 1, 1, 1, 2, 2, 2, 3, 1]|[0, 2, 1, 1, 3, 3, 0, 1, 0, 0, 0, 0, 1, 0, 1, 0, 0, 3, 1, 0, 0, 0, 3, 1, 0, 2, 0, 0, 0, 1, 0, 0, 0, 0, 3, 0, 1, 0, 0, 2, 1, 1, 2, 0, 0, 0, 0, 1, 1, 0, 0, 0, 1, 3, 0, 0, 1, 0, 0, 1, 0, 2, 0, 1, 0, 2, 1, 0, 0, 1, 1, 3, 0, 1, 3, 3, 1, 0, 0, 2, 0, 0, 0, 0, 1, 0, 0, 0, 1, 2, 1, 0, 0, 1, 1, 0, 0, 0, 0, 0],790.0808266764368,57926.0831962336,89131.00769295532,false
32,G1_CMAX,G1_CMAX,[31, 22, 82, 15, 26, 99, 95, 42, 77, 12, 47, 5, 93, 78, 86, 54, 21, 63, 18, 44, 20, 35, 43, 97, 91, 76, 10, 30, 85, 45, 71, 64, 1, 23, 17, 83, 24, 14, 60, 36, 6, 57, 40, 88, 65, 56, 79, 94, 67, 68, 46, 75, 38, 9, 19, 32, 41, 81, 27, 87, 90, 58, 59, 11, 16, 72, 73, 70, 39, 37, 84, 3, 92, 25, 55, 48, 62, 29, 51, 96, 33, 61, 98, 28, 89, 50, 4, 7, 53, 80, 52, 66, 34, 49, 8, 0, 74, 69, 2, 13]|[1, 1, 0, 1, 1, 0, 1, 1, 2, 1, 2, 2, 2, 1, 1, 0, 0, 1, 0, 2, 2, 0, 1, 2, 0, 1, 2, 2, 0, 0, 1, 2, 1, 2, 1, 0, 2, 0, 1, 1, 0, 1, 1, 1, 0, 2, 1, 1, 0, 0, 0, 0, 1, 1, 2, 1, 0, 2, 0, 2, 1, 0, 1, 2, 1, 2, 1, 1, 1, 1, 1, 1, 0, 1, 2, 0, 0, 0, 0, 2, 2, 1, 2, 0, 1, 0, 1, 2, 0, 0, 1, 2, 2, 0, 1, 0, 2, 1, 0, 0]|[0, 3, 2, 2, 4, 1, 2, 3, 2, 4, 1, 1, 2, 4, 4, 1, 1, 4, 2, 1, 1, 1, 1, 2, 1, 2, 1, 1, 2, 1, 3, 2, 3, 1, 4, 0, 1, 1, 0, 3, 2, 2, 2, 0, 1, 1, 0, 4, 0, 1, 2, 2, 1, 4, 0, 3, 1, 1, 1, 1, 3, 1, 1, 1, 3, 0, 4, 3, 1, 4, 1, 1, 0, 4, 1, 1, 2, 1, 1, 1, 1, 3, 1, 2, 1, 1, 4, 1, 2, 1, 1, 1, 1, 1, 3, 2, 1, 4, 2, 2]|[0, 2, 1, 1, 3, 0, 1, 3, 0, 0, 0, 0, 1, 0, 1, 0, 0, 3, 1, 0, 0, 0, 3, 1, 0, 2, 0, 0, 0, 1, 0, 0, 0, 0, 3, 0, 1, 0, 0, 2, 1, 1, 1, 0, 0, 0, 0, 2, 1, 0, 0, 0, 1, 3, 0, 0, 0, 0, 0, 0, 2, 0, 1, 0, 2, 1, 0, 0, 1, 1, 3, 1, 1, 3, 0, 0, 1, 0, 0, 0, 0, 0, 0, 1, 1, 0, 0, 0, 1, 0, 1, 0, 0, 1, 2, 0, 0, 2, 0, 0],731.2476204416437,56784.74762275103,92889.2977037672,false
32,G4_BALANCED,G3_TWC,[31, 22, 82, 15, 26, 58, 95, 42, 77, 12, 47, 5, 93, 78, 98, 54, 85, 63, 18, 44, 20, 35, 43, 97, 91, 76, 10, 30, 21, 45, 71, 64, 1, 23, 17, 83, 24, 14, 60, 36, 6, 57, 94, 88, 65, 56, 79, 40, 67, 68, 46, 75, 38, 9, 19, 32, 81, 41, 27, 62, 87, 90, 99, 59, 11, 16, 72, 73, 70, 39, 37, 84, 3, 92, 25, 55, 28, 29, 51, 7, 33, 61, 86, 66, 89, 50, 48, 96, 53, 8, 80, 4, 34, 0, 52, 2, 13, 49, 69, 74]|[1, 1, 0, 1, 1, 1, 2, 1, 2, 1, 2, 2, 2, 1, 1, 0, 0, 1, 0, 2, 2, 0, 1, 2, 0, 1, 2, 2, 0, 0, 1, 2, 1, 2, 1, 0, 2, 0, 1, 1, 0, 1, 1, 1, 0, 2, 1, 1, 0, 0, 0, 0, 1, 1, 2, 1, 2, 0, 0, 0, 2, 1, 0, 1, 2, 1, 2, 1, 1, 1, 1, 1, 1, 0, 1, 1, 0, 0, 0, 1, 2, 1, 0, 2, 1, 0, 2, 0, 0, 1, 0, 0, 2, 0, 1, 0, 0, 0, 1, 2]|[4, 3, 2, 2, 0, 0, 2, 2, 2, 4, 1, 1, 2, 4, 4, 1, 2, 4, 2, 1, 1, 1, 1, 2, 1, 2, 1, 1, 1, 1, 3, 2, 3, 0, 4, 0, 1, 1, 0, 3, 2, 2, 4, 0, 1, 1, 0, 2, 0, 1, 2, 1, 1, 4, 0, 3, 2, 1, 1, 1, 1, 3, 1, 1, 1, 3, 0, 4, 3, 1, 4, 1, 1, 2, 4, 4, 2, 1, 1, 3, 1, 3, 1, 1, 1, 1, 1, 1, 2, 3, 1, 2, 1, 2, 1, 2, 2, 1, 3, 1]|[0, 2, 1, 1, 3, 3, 0, 1, 0, 0, 0, 0, 1, 0, 1, 0, 0, 3, 1, 0, 0, 0, 3, 1, 0, 2, 0, 0, 0, 1, 0, 0, 0, 0, 3, 0, 1, 0, 0, 2, 1, 1, 2, 0, 0, 0, 0, 1, 1, 0, 0, 0, 1, 3, 0, 0, 1, 0, 0, 0, 0, 2, 0, 1, 0, 2, 1, 0, 0, 1, 1, 3, 1, 1, 3, 3, 1, 0, 0, 2, 0, 0, 0, 0, 1, 0, 0, 0, 1, 2, 0, 1, 0, 0, 1, 0, 0, 1, 0, 0],775.3283514973901,57722.09584814201,90487.87035611628,true
32,G2_TEC,G2_TEC,[31, 22, 82, 15, 26, 9, 95, 42, 77, 68, 47, 5, 93, 78, 86, 54, 85, 63, 18, 44, 20, 49, 36, 14, 74, 50, 53, 17, 21, 28, 11, 64, 3, 23, 30, 83, 24, 41, 40, 52, 65, 27, 90, 70, 39, 87, 48, 69, 99, 4, 46, 1, 13, 58, 97, 59, 45, 8, 73, 37, 35, 79, 71, 66, 76, 32, 60, 80, 56, 6, 67, 61, 33, 7, 57, 34, 12, 16, 10, 98, 96, 88, 43, 75, 91, 38, 84, 92, 29, 19, 51, 55, 72, 89, 25, 81, 94, 2, 62, 0]|[2, 1, 2, 1, 1, 2, 1, 1, 1, 1, 1, 0, 2, 2, 1, 2, 0, 0, 0, 2, 2, 1, 0, 2, 0, 2, 2, 1, 0, 1, 1, 1, 0, 0, 1, 0, 2, 1, 2, 2, 0, 0, 1, 1, 0, 2, 0, 2, 1, 0, 0, 2, 0, 0, 2, 0, 1, 1, 0, 0, 2, 1, 1, 2, 2, 0, 2, 2, 2, 1, 2, 1, 1, 2, 0, 1, 1, 2, 1, 2, 0, 1, 1, 0, 1, 0, 0, 0, 1, 1, 1, 0, 1, 1, 1, 1, 2, 2, 1, 0]|[0, 3, 0, 3, 4, 1, 4, 4, 2, 4, 3, 2, 1, 0, 2, 1, 1, 1, 2, 1, 1, 3, 0, 1, 0, 1, 1, 4, 1, 4, 3, 2, 2, 0, 4, 1, 1, 4, 1, 1, 2, 1, 4, 4, 1, 1, 0, 2, 3, 2, 2, 1, 2, 1, 1, 2, 4, 3, 0, 2, 2, 3, 3, 1, 1, 2, 1, 1, 1, 4, 1, 3, 4, 1, 2, 4, 3, 1, 3, 1, 2, 4, 4, 2, 3, 2, 2, 2, 3, 4, 3, 2, 4, 4, 4, 4, 1, 1, 3, 2]|[0, 2, 0, 0, 3, 0, 1, 3, 0, 0, 2, 0, 1, 0, 1, 0, 0, 0, 1, 0, 0, 2, 0, 0, 1, 0, 0, 3, 0, 1, 0, 2, 0, 0, 3, 0, 1, 1, 0, 0, 0, 0, 1, 3, 0, 0, 1, 0, 2, 0, 0, 0, 0, 0, 1, 0, 1, 0, 1, 1, 0, 2, 0, 0, 0, 0, 0, 0, 0, 2, 0, 0, 1, 0, 0, 1, 0, 0, 3, 0, 0, 1, 2, 0, 0, 0, 0, 0, 3, 1, 0, 0, 1, 1, 3, 2, 0, 0, 0, 0],908.8272556494078,49445.19365311725,107483.81690224803,false
32,G3_TWC,G3_TWC,[31, 22, 82, 15, 26, 58, 95, 42, 77, 12, 47, 5, 93, 78, 98, 54, 85, 63, 18, 44, 20, 35, 43, 97, 91, 76, 10, 30, 21, 45, 71, 64, 1, 23, 17, 83, 24, 14, 60, 36, 6, 57, 94, 88, 65, 56, 79, 40, 67, 68, 46, 75, 38, 9, 19, 32, 81, 41, 27, 62, 87, 90, 99, 59, 11, 16, 72, 73, 70, 39, 37, 84, 3, 92, 25, 55, 28, 29, 51, 7, 33, 61, 86, 66, 89, 50, 48, 96, 53, 8, 4, 80, 34, 49, 52, 0, 13, 2, 69, 74]|[1, 1, 0, 1, 1, 1, 2, 1, 2, 1, 2, 2, 2, 1, 1, 0, 0, 1, 0, 2, 2, 0, 1, 2, 0, 1, 2, 2, 0, 0, 1, 2, 1, 2, 1, 0, 2, 0, 1, 1, 0, 1, 1, 1, 0, 2, 1, 1, 0, 0, 0, 0, 1, 1, 2, 1, 2, 0, 0, 0, 2, 1, 0, 1, 2, 1, 2, 1, 1, 1, 1, 1, 2, 0, 1, 1, 0, 0, 0, 1, 2, 1, 0, 2, 1, 0, 0, 0, 0, 1, 0, 0, 2, 0, 1, 0, 0, 0, 1, 2]|[4, 3, 2, 2, 0, 0, 2, 2, 2, 4, 1, 1, 2, 4, 4, 1, 1, 4, 2, 1, 1, 1, 1, 2, 1, 2, 1, 1, 1, 1, 3, 2, 3, 0, 4, 0, 1, 1, 0, 3, 2, 2, 4, 0, 1, 1, 0, 2, 0, 1, 2, 2, 1, 4, 0, 3, 2, 1, 1, 2, 1, 3, 1, 1, 1, 3, 0, 4, 3, 1, 4, 1, 1, 2, 4, 4, 2, 1, 1, 3, 1, 3, 1, 1, 1, 1, 1, 1, 2, 3, 2, 1, 1, 1, 1, 2, 2, 2, 3, 1]|[0, 2, 1, 1, 3, 3, 0, 1, 0, 0, 0, 0, 1, 0, 1, 0, 0, 3, 1, 0, 0, 0, 3, 1, 0, 2, 0, 0, 0, 1, 0, 0, 0, 0, 3, 0, 1, 0, 0, 2, 1, 1, 2, 0, 0, 0, 0, 1, 1, 0, 0, 0, 1, 3, 0, 0, 1, 0, 0, 1, 0, 2, 0, 1, 0, 2, 1, 0, 0, 1, 1, 3, 0, 1, 3, 3, 1, 0, 0, 2, 0, 0, 0, 0, 1, 0, 0, 0, 1, 2, 1, 0, 0, 1, 1, 0, 0, 0, 0, 0],790.0808266764368,57926.0831962336,89131.00769295532,false
32,G1_CMAX,G1_CMAX,[31, 22, 82, 15, 26, 99, 95, 42, 77, 12, 47, 5, 93, 78, 86, 54, 21, 63, 18, 44, 20, 35, 43, 97, 91, 76, 10, 30, 85, 45, 71, 64, 1, 23, 17, 83, 24, 14, 60, 36, 6, 57, 40, 88, 65, 56, 79, 94, 67, 68, 46, 75, 38, 9, 19, 32, 41, 81, 27, 87, 90, 58, 59, 11, 16, 72, 73, 70, 39, 37, 84, 3, 92, 25, 55, 48, 62, 29, 51, 96, 33, 61, 98, 28, 89, 50, 4, 7, 53, 80, 52, 66, 34, 49, 8, 0, 74, 69, 2, 13]|[1, 1, 0, 1, 1, 0, 1, 1, 2, 1, 2, 2, 2, 1, 1, 0, 0, 1, 0, 2, 2, 0, 1, 2, 0, 1, 2, 2, 0, 0, 1, 2, 1, 2, 1, 0, 2, 0, 1, 1, 0, 1, 1, 1, 0, 2, 1, 1, 0, 0, 0, 0, 1, 1, 2, 1, 0, 2, 0, 2, 1, 0, 1, 2, 1, 2, 1, 1, 1, 1, 1, 1, 0, 1, 2, 0, 0, 0, 0, 2, 2, 1, 2, 0, 1, 0, 1, 2, 0, 0, 1, 2, 2, 0, 1, 0, 2, 1, 0, 0]|[0, 3, 2, 2, 4, 1, 2, 3, 2, 4, 1, 1, 2, 4, 4, 1, 1, 4, 2, 1, 1, 1, 1, 2, 1, 2, 1, 1, 2, 1, 3, 2, 3, 1, 4, 0, 1, 1, 0, 3, 2, 2, 2, 0, 1, 1, 0, 4, 0, 1, 2, 2, 1, 4, 0, 3, 1, 1, 1, 1, 3, 1, 1, 1, 3, 0, 4, 3, 1, 4, 1, 1, 0, 4, 1, 1, 2, 1, 1, 1, 1, 3, 1, 2, 1, 1, 4, 1, 2, 1, 1, 1, 1, 1, 3, 2, 1, 4, 2, 2]|[0, 2, 1, 1, 3, 0, 1, 3, 0, 0, 0, 0, 1, 0, 1, 0, 0, 3, 1, 0, 0, 0, 3, 1, 0, 2, 0, 0, 0, 1, 0, 0, 0, 0, 3, 0, 1, 0, 0, 2, 1, 1, 1, 0, 0, 0, 0, 2, 1, 0, 0, 0, 1, 3, 0, 0, 0, 0, 0, 0, 2, 0, 1, 0, 2, 1, 0, 0, 1, 1, 3, 1, 1, 3, 0, 0, 1, 0, 0, 0, 0, 0, 0, 1, 1, 0, 0, 0, 1, 0, 1, 0, 0, 1, 2, 0, 0, 2, 0, 0],731.2476204416437,56784.74762275103,92889.2977037672,false
32,G4_BALANCED,G3_TWC,[31, 22, 82, 15, 26, 58, 95, 42, 77, 12, 47, 5, 93, 78, 98, 54, 85, 63, 18, 44, 20, 35, 43, 97, 91, 76, 10, 30, 21, 45, 71, 64, 1, 23, 17, 83, 24, 14, 60, 36, 6, 57, 94, 88, 65, 56, 79, 40, 67, 68, 46, 75, 38, 9, 19, 32, 81, 41, 27, 62, 87, 90, 99, 59, 11, 16, 72, 73, 70, 39, 37, 84, 3, 92, 25, 55, 28, 29, 51, 7, 33, 61, 86, 66, 89, 50, 48, 96, 53, 80, 8, 4, 34, 49, 52, 2, 13, 0, 69, 74]|[1, 1, 0, 0, 1, 1, 2, 1, 2, 1, 2, 2, 2, 1, 1, 0, 0, 1, 0, 2, 2, 0, 1, 2, 0, 1, 2, 2, 0, 0, 1, 2, 1, 2, 1, 0, 2, 0, 1, 1, 0, 1, 1, 1, 0, 2, 1, 1, 0, 0, 0, 0, 1, 1, 2, 1, 2, 0, 0, 0, 2, 1, 0, 1, 2, 1, 2, 1, 1, 1, 1, 1, 2, 0, 1, 2, 0, 0, 0, 1, 2, 1, 0, 2, 1, 0, 0, 0, 0, 0, 1, 0, 2, 0, 1, 0, 0, 0, 1, 2]|[4, 3, 2, 2, 0, 0, 2, 2, 2, 4, 1, 1, 2, 4, 4, 1, 1, 4, 2, 1, 1, 1, 1, 2, 1, 2, 1, 1, 1, 1, 3, 2, 3, 0, 4, 0, 1, 1, 0, 3, 2, 2, 4, 0, 1, 1, 0, 2, 0, 1, 2, 2, 1, 4, 0, 3, 2, 1, 1, 2, 1, 3, 1, 1, 1, 3, 0, 4, 3, 1, 4, 1, 1, 2, 4, 1, 2, 1, 1, 3, 1, 3, 1, 1, 1, 1, 1, 1, 2, 1, 3, 2, 1, 1, 1, 2, 2, 2, 3, 1]|[0, 2, 1, 1, 3, 3, 0, 1, 0, 0, 0, 0, 1, 0, 1, 0, 0, 3, 1, 0, 0, 0, 3, 1, 0, 2, 0, 0, 0, 1, 0, 0, 0, 0, 3, 0, 1, 0, 0, 2, 1, 1, 2, 0, 0, 0, 0, 1, 1, 0, 0, 0, 1, 3, 0, 0, 1, 0, 0, 1, 0, 2, 0, 1, 0, 2, 1, 0, 0, 1, 1, 3, 0, 1, 3, 0, 1, 0, 0, 2, 0, 0, 0, 0, 1, 0, 0, 0, 1, 0, 2, 1, 0, 1, 1, 0, 0, 0, 0, 0],816.7509064880896,57778.948965405754,89426.14715116512,true
32,G2_TEC,G2_TEC,[31, 22, 82, 15, 26, 9, 95, 42, 77, 68, 47, 5, 93, 78, 86, 54, 85, 63, 18, 44, 20, 49, 36, 14, 74, 50, 53, 17, 21, 28, 11, 64, 3, 23, 30, 83, 24, 41, 40, 52, 65, 27, 90, 70, 39, 87, 48, 69, 99, 4, 46, 1, 13, 58, 97, 59, 45, 8, 73, 37, 35, 79, 71, 66, 76, 32, 60, 80, 56, 6, 67, 61, 33, 7, 57, 34, 12, 16, 10, 98, 96, 88, 43, 75, 91, 38, 84, 92, 29, 19, 51, 55, 72, 89, 25, 81, 94, 2, 62, 0]|[2, 1, 2, 1, 1, 2, 1, 1, 1, 1, 1, 0, 2, 2, 1, 2, 0, 0, 0, 2, 2, 1, 0, 2, 0, 2, 2, 1, 0, 1, 1, 1, 0, 0, 1, 0, 2, 1, 2, 2, 0, 0, 1, 1, 0, 2, 0, 2, 1, 0, 0, 2, 0, 0, 2, 0, 1, 1, 0, 0, 2, 1, 1, 2, 2, 0, 2, 2, 2, 1, 2, 1, 1, 2, 0, 1, 1, 2, 1, 2, 0, 1, 1, 0, 1, 0, 0, 0, 1, 1, 1, 0, 1, 1, 1, 1, 2, 2, 1, 0]|[0, 3, 0, 3, 4, 1, 4, 4, 2, 4, 3, 2, 1, 0, 2, 1, 1, 1, 2, 1, 1, 3, 0, 1, 0, 1, 1, 4, 1, 4, 3, 2, 2, 0, 4, 1, 1, 4, 1, 1, 2, 1, 4, 4, 1, 1, 0, 2, 3, 2, 2, 1, 2, 1, 1, 2, 4, 3, 0, 2, 2, 3, 3, 1, 1, 2, 1, 1, 1, 4, 1, 3, 4, 1, 2, 4, 3, 1, 3, 1, 2, 4, 4, 2, 3, 2, 2, 2, 3, 4, 3, 2, 4, 4, 4, 4, 1, 1, 3, 2]|[0, 2, 0, 0, 3, 0, 1, 3, 0, 0, 2, 0, 1, 0, 1, 0, 0, 0, 1, 0, 0, 2, 0, 0, 1, 0, 0, 3, 0, 1, 0, 2, 0, 0, 3, 0, 1, 1, 0, 0, 0, 0, 1, 3, 0, 0, 1, 0, 2, 0, 0, 0, 0, 0, 1, 0, 1, 0, 1, 1, 0, 2, 0, 0, 0, 0, 0, 0, 0, 2, 0, 0, 1, 0, 0, 1, 0, 0, 3, 0, 0, 1, 2, 0, 0, 0, 0, 0, 3, 1, 0, 0, 1, 1, 3, 2, 0, 0, 0, 0],908.8272556494078,49445.19365311725,107483.81690224803,false
32,G3_TWC,G3_TWC,[31, 22, 82, 15, 26, 58, 95, 42, 77, 12, 47, 5, 93, 78, 98, 54, 85, 63, 18, 44, 20, 35, 43, 97, 91, 76, 10, 30, 21, 45, 71, 64, 1, 23, 17, 83, 24, 14, 60, 36, 6, 57, 94, 88, 65, 56, 79, 40, 67, 68, 46, 75, 38, 9, 19, 32, 81, 41, 27, 62, 87, 90, 99, 59, 11, 16, 72, 73, 70, 39, 37, 84, 3, 92, 25, 55, 28, 29, 51, 7, 33, 61, 86, 66, 89, 50, 48, 96, 53, 8, 4, 80, 34, 49, 52, 0, 13, 2, 69, 74]|[1, 1, 0, 1, 1, 1, 2, 1, 2, 1, 2, 2, 2, 1, 1, 0, 0, 1, 0, 2, 2, 0, 1, 2, 0, 1, 2, 2, 0, 0, 1, 2, 1, 2, 1, 0, 2, 0, 1, 1, 0, 1, 1, 1, 0, 2, 1, 1, 0, 0, 0, 0, 1, 1, 2, 1, 2, 0, 0, 0, 2, 1, 0, 1, 2, 1, 2, 1, 1, 1, 1, 1, 2, 0, 1, 1, 0, 0, 0, 1, 2, 1, 0, 2, 1, 0, 0, 0, 0, 1, 0, 0, 2, 0, 1, 0, 0, 0, 1, 2]|[4, 3, 2, 2, 0, 0, 2, 2, 2, 4, 1, 1, 2, 4, 4, 1, 1, 4, 2, 1, 1, 1, 1, 2, 1, 2, 1, 1, 1, 1, 3, 2, 3, 0, 4, 0, 1, 1, 0, 3, 2, 2, 4, 0, 1, 1, 0, 2, 0, 1, 2, 2, 1, 4, 0, 3, 2, 1, 1, 2, 1, 3, 1, 1, 1, 3, 0, 4, 3, 1, 4, 1, 1, 2, 4, 4, 2, 1, 1, 3, 1, 3, 1, 1, 1, 1, 1, 1, 2, 3, 2, 1, 1, 1, 1, 2, 2, 2, 3, 1]|[0, 2, 1, 1, 3, 3, 0, 1, 0, 0, 0, 0, 1, 0, 1, 0, 0, 3, 1, 0, 0, 0, 3, 1, 0, 2, 0, 0, 0, 1, 0, 0, 0, 0, 3, 0, 1, 0, 0, 2, 1, 1, 2, 0, 0, 0, 0, 1, 1, 0, 0, 0, 1, 3, 0, 0, 1, 0, 0, 1, 0, 2, 0, 1, 0, 2, 1, 0, 0, 1, 1, 3, 0, 1, 3, 3, 1, 0, 0, 2, 0, 0, 0, 0, 1, 0, 0, 0, 1, 2, 1, 0, 0, 1, 1, 0, 0, 0, 0, 0],790.0808266764368,57926.0831962336,89131.00769295532,false
32,G1_CMAX,G1_CMAX,[31, 22, 82, 15, 26, 99, 95, 42, 77, 12, 47, 5, 93, 78, 86, 54, 21, 63, 18, 44, 20, 35, 43, 97, 91, 76, 10, 30, 85, 45, 71, 64, 1, 23, 17, 83, 24, 14, 60, 36, 6, 57, 40, 88, 65, 56, 79, 94, 67, 68, 46, 75, 38, 9, 19, 32, 41, 81, 27, 87, 90, 58, 59, 11, 16, 72, 73, 70, 39, 37, 84, 3, 92, 25, 55, 48, 62, 29, 51, 96, 33, 61, 98, 28, 89, 50, 4, 7, 53, 80, 52, 66, 34, 49, 8, 0, 74, 69, 2, 13]|[1, 1, 0, 1, 1, 0, 1, 1, 2, 1, 2, 2, 2, 1, 1, 0, 0, 1, 0, 2, 2, 0, 1, 2, 0, 1, 2, 2, 0, 0, 1, 2, 1, 2, 1, 0, 2, 0, 1, 1, 0, 1, 1, 1, 0, 2, 1, 1, 0, 0, 0, 0, 1, 1, 2, 1, 0, 2, 0, 2, 1, 0, 1, 2, 1, 2, 1, 1, 1, 1, 1, 1, 0, 1, 2, 0, 0, 0, 0, 2, 2, 1, 2, 0, 1, 0, 1, 2, 0, 0, 1, 2, 2, 0, 1, 0, 2, 1, 0, 0]|[0, 3, 2, 2, 4, 1, 2, 3, 2, 4, 1, 1, 2, 4, 4, 1, 1, 4, 2, 1, 1, 1, 1, 2, 1, 2, 1, 1, 2, 1, 3, 2, 3, 1, 4, 0, 1, 1, 0, 3, 2, 2, 2, 0, 1, 1, 0, 4, 0, 1, 2, 2, 1, 4, 0, 3, 1, 1, 1, 1, 3, 1, 1, 1, 3, 0, 4, 3, 1, 4, 1, 1, 0, 4, 1, 1, 2, 1, 1, 1, 1, 3, 1, 2, 1, 1, 4, 1, 2, 1, 1, 1, 1, 1, 3, 2, 1, 4, 2, 2]|[0, 2, 1, 1, 3, 0, 1, 3, 0, 0, 0, 0, 1, 0, 1, 0, 0, 3, 1, 0, 0, 0, 3, 1, 0, 2, 0, 0, 0, 1, 0, 0, 0, 0, 3, 0, 1, 0, 0, 2, 1, 1, 1, 0, 0, 0, 0, 2, 1, 0, 0, 0, 1, 3, 0, 0, 0, 0, 0, 0, 2, 0, 1, 0, 2, 1, 0, 0, 1, 1, 3, 1, 1, 3, 0, 0, 1, 0, 0, 0, 0, 0, 0, 1, 1, 0, 0, 0, 1, 0, 1, 0, 0, 1, 2, 0, 0, 2, 0, 0],731.2476204416437,56784.74762275103,92889.2977037672,false
32,G4_BALANCED,G3_TWC,[31, 22, 82, 15, 26, 58, 95, 42, 77, 12, 47, 5, 93, 78, 98, 54, 85, 63, 18, 44, 20, 35, 43, 97, 91, 76, 10, 30, 21, 45, 71, 64, 1, 23, 17, 83, 24, 14, 60, 36, 6, 57, 94, 88, 65, 56, 79, 40, 67, 68, 46, 75, 38, 9, 19, 32, 81, 41, 27, 62, 87, 90, 99, 59, 11, 16, 72, 73, 39, 70, 37, 84, 3, 92, 25, 55, 28, 29, 51, 7, 33, 61, 86, 48, 89, 50, 66, 80, 53, 96, 4, 8, 34, 49, 52, 2, 13, 0, 69, 74]|[1, 1, 0, 1, 1, 1, 2, 1, 2, 1, 2, 2, 2, 1, 1, 0, 0, 1, 0, 2, 2, 0, 1, 2, 0, 1, 2, 2, 0, 0, 1, 2, 1, 2, 1, 0, 2, 0, 1, 1, 0, 1, 1, 1, 0, 2, 1, 1, 0, 0, 0, 0, 1, 1, 2, 1, 0, 0, 0, 0, 2, 1, 0, 1, 2, 1, 2, 1, 1, 1, 1, 1, 1, 0, 1, 1, 0, 0, 0, 1, 2, 1, 0, 0, 1, 0, 2, 0, 0, 0, 0, 1, 2, 0, 1, 0, 0, 0, 1, 2]|[4, 3, 2, 2, 4, 0, 2, 2, 2, 4, 1, 1, 2, 4, 4, 1, 1, 4, 2, 1, 1, 1, 1, 2, 1, 2, 1, 1, 1, 1, 3, 2, 3, 1, 4, 0, 1, 1, 0, 3, 2, 2, 4, 0, 1, 1, 0, 2, 0, 1, 2, 2, 1, 4, 0, 3, 1, 1, 1, 2, 1, 3, 1, 1, 1, 3, 0, 4, 1, 3, 4, 1, 1, 2, 4, 4, 2, 1, 1, 3, 1, 3, 1, 1, 1, 1, 1, 1, 2, 1, 2, 3, 1, 1, 1, 2, 2, 2, 3, 1]|[0, 2, 1, 1, 3, 3, 0, 1, 0, 0, 0, 0, 1, 0, 1, 0, 0, 3, 1, 0, 0, 0, 3, 1, 0, 2, 0, 0, 0, 1, 0, 0, 0, 0, 3, 0, 1, 0, 0, 2, 1, 1, 2, 0, 0, 0, 0, 1, 1, 0, 0, 0, 1, 3, 0, 0, 0, 0, 0, 1, 0, 2, 0, 1, 0, 2, 1, 0, 1, 0, 1, 3, 1, 1, 3, 3, 1, 0, 0, 2, 0, 0, 0, 0, 1, 0, 0, 0, 1, 0, 1, 2, 0, 1, 1, 0, 0, 0, 0, 0],828.6898368366623,56946.91378225661,91359.39834063241,true
32,G2_TEC,G2_TEC,[31, 22, 82, 15, 26, 9, 95, 42, 77, 68, 47, 5, 93, 78, 86, 54, 85, 63, 18, 44, 20, 49, 36, 14, 74, 50, 53, 17, 21, 28, 11, 64, 3, 23, 30, 83, 24, 41, 40, 52, 65, 27, 90, 70, 39, 87, 48, 69, 99, 4, 46, 1, 13, 58, 97, 59, 45, 8, 73, 37, 35, 79, 71, 66, 76, 32, 60, 80, 56, 6, 67, 61, 33, 7, 57, 34, 12, 16, 10, 98, 96, 88, 43, 75, 91, 38, 84, 92, 29, 19, 51, 55, 72, 89, 25, 81, 94, 2, 62, 0]|[2, 1, 2, 1, 1, 2, 1, 1, 1, 1, 1, 0, 2, 2, 1, 2, 0, 0, 0, 2, 2, 1, 0, 2, 0, 2, 2, 1, 0, 1, 1, 1, 0, 0, 1, 0, 2, 1, 2, 2, 0, 0, 1, 1, 0, 2, 0, 2, 1, 0, 0, 2, 0, 0, 2, 0, 1, 1, 0, 0, 2, 1, 1, 2, 2, 0, 2, 2, 2, 1, 2, 1, 1, 2, 0, 1, 1, 2, 1, 2, 0, 1, 1, 0, 1, 0, 0, 0, 1, 1, 1, 0, 1, 1, 1, 1, 2, 2, 1, 0]|[0, 3, 0, 3, 4, 1, 4, 4, 2, 4, 3, 2, 1, 0, 2, 1, 1, 1, 2, 1, 1, 3, 0, 1, 0, 1, 1, 4, 1, 4, 3, 2, 2, 0, 4, 1, 1, 4, 1, 1, 2, 1, 4, 4, 1, 1, 0, 2, 3, 2, 2, 1, 2, 1, 1, 2, 4, 3, 0, 2, 2, 3, 3, 1, 1, 2, 1, 1, 1, 4, 1, 3, 4, 1, 2, 4, 3, 1, 3, 1, 2, 4, 4, 2, 3, 2, 2, 2, 3, 4, 3, 2, 4, 4, 4, 4, 1, 1, 3, 2]|[0, 2, 0, 0, 3, 0, 1, 3, 0, 0, 2, 0, 1, 0, 1, 0, 0, 0, 1, 0, 0, 2, 0, 0, 1, 0, 0, 3, 0, 1, 0, 2, 0, 0, 3, 0, 1, 1, 0, 0, 0, 0, 1, 3, 0, 0, 1, 0, 2, 0, 0, 0, 0, 0, 1, 0, 1, 0, 1, 1, 0, 2, 0, 0, 0, 0, 0, 0, 0, 2, 0, 0, 1, 0, 0, 1, 0, 0, 3, 0, 0, 1, 2, 0, 0, 0, 0, 0, 3, 1, 0, 0, 1, 1, 3, 2, 0, 0, 0, 0],908.8272556494078,49445.19365311725,107483.81690224803,false
32,G3_TWC,G3_TWC,[31, 22, 82, 15, 26, 58, 95, 42, 77, 12, 47, 5, 93, 78, 98, 54, 85, 63, 18, 44, 20, 35, 43, 97, 91, 76, 10, 30, 21, 45, 71, 64, 1, 23, 17, 83, 24, 14, 60, 36, 6, 57, 94, 88, 65, 56, 79, 40, 67, 68, 46, 75, 38, 9, 19, 32, 81, 41, 27, 62, 87, 90, 99, 59, 11, 16, 72, 73, 70, 39, 37, 84, 3, 92, 25, 55, 28, 29, 51, 7, 33, 61, 86, 66, 89, 50, 48, 96, 53, 8, 4, 80, 34, 49, 52, 0, 13, 2, 69, 74]|[1, 1, 0, 1, 1, 1, 2, 1, 2, 1, 2, 2, 2, 1, 1, 0, 0, 1, 0, 2, 2, 0, 1, 2, 0, 1, 2, 2, 0, 0, 1, 2, 1, 2, 1, 0, 2, 0, 1, 1, 0, 1, 1, 1, 0, 2, 1, 1, 0, 0, 0, 0, 1, 1, 2, 1, 2, 0, 0, 0, 2, 1, 0, 1, 2, 1, 2, 1, 1, 1, 1, 1, 2, 0, 1, 1, 0, 0, 0, 1, 2, 1, 0, 2, 1, 0, 0, 0, 0, 1, 0, 0, 2, 0, 1, 0, 0, 0, 1, 2]|[4, 3, 2, 2, 0, 0, 2, 2, 2, 4, 1, 1, 2, 4, 4, 1, 1, 4, 2, 1, 1, 1, 1, 2, 1, 2, 1, 1, 1, 1, 3, 2, 3, 0, 4, 0, 1, 1, 0, 3, 2, 2, 4, 0, 1, 1, 0, 2, 0, 1, 2, 2, 1, 4, 0, 3, 2, 1, 1, 2, 1, 3, 1, 1, 1, 3, 0, 4, 3, 1, 4, 1, 1, 2, 4, 4, 2, 1, 1, 3, 1, 3, 1, 1, 1, 1, 1, 1, 2, 3, 2, 1, 1, 1, 1, 2, 2, 2, 3, 1]|[0, 2, 1, 1, 3, 3, 0, 1, 0, 0, 0, 0, 1, 0, 1, 0, 0, 3, 1, 0, 0, 0, 3, 1, 0, 2, 0, 0, 0, 1, 0, 0, 0, 0, 3, 0, 1, 0, 0, 2, 1, 1, 2, 0, 0, 0, 0, 1, 1, 0, 0, 0, 1, 3, 0, 0, 1, 0, 0, 1, 0, 2, 0, 1, 0, 2, 1, 0, 0, 1, 1, 3, 0, 1, 3, 3, 1, 0, 0, 2, 0, 0, 0, 0, 1, 0, 0, 0, 1, 2, 1, 0, 0, 1, 1, 0, 0, 0, 0, 0],790.0808266764368,57926.0831962336,89131.00769295532,false
32,G1_CMAX,G1_CMAX,[31, 22, 82, 15, 26, 99, 95, 42, 77, 12, 47, 5, 93, 78, 86, 54, 21, 63, 18, 44, 20, 35, 43, 97, 91, 76, 10, 30, 85, 45, 71, 64, 1, 23, 17, 83, 24, 14, 60, 36, 6, 57, 40, 88, 65, 56, 79, 94, 67, 68, 46, 75, 38, 9, 19, 32, 41, 81, 27, 87, 90, 58, 59, 11, 16, 72, 73, 70, 39, 37, 84, 3, 92, 25, 55, 48, 62, 29, 51, 96, 33, 61, 98, 28, 89, 50, 4, 7, 53, 80, 52, 66, 34, 49, 8, 0, 74, 69, 2, 13]|[1, 1, 0, 1, 1, 0, 1, 1, 2, 1, 2, 2, 2, 1, 1, 0, 0, 1, 0, 2, 2, 0, 1, 2, 0, 1, 2, 2, 0, 0, 1, 2, 1, 2, 1, 0, 2, 0, 1, 1, 0, 1, 1, 1, 0, 2, 1, 1, 0, 0, 0, 0, 1, 1, 2, 1, 0, 2, 0, 2, 1, 0, 1, 2, 1, 2, 1, 1, 1, 1, 1, 1, 0, 1, 2, 0, 0, 0, 0, 2, 2, 1, 2, 0, 1, 0, 1, 2, 0, 0, 1, 2, 2, 0, 1, 0, 2, 1, 0, 0]|[0, 3, 2, 2, 4, 1, 2, 3, 2, 4, 1, 1, 2, 4, 4, 1, 1, 4, 2, 1, 1, 1, 1, 2, 1, 2, 1, 1, 2, 1, 3, 2, 3, 1, 4, 0, 1, 1, 0, 3, 2, 2, 2, 0, 1, 1, 0, 4, 0, 1, 2, 2, 1, 4, 0, 3, 1, 1, 1, 1, 3, 1, 1, 1, 3, 0, 4, 3, 1, 4, 1, 1, 0, 4, 1, 1, 2, 1, 1, 1, 1, 3, 1, 2, 1, 1, 4, 1, 2, 1, 1, 1, 1, 1, 3, 2, 1, 4, 2, 2]|[0, 2, 1, 1, 3, 0, 1, 3, 0, 0, 0, 0, 1, 0, 1, 0, 0, 3, 1, 0, 0, 0, 3, 1, 0, 2, 0, 0, 0, 1, 0, 0, 0, 0, 3, 0, 1, 0, 0, 2, 1, 1, 1, 0, 0, 0, 0, 2, 1, 0, 0, 0, 1, 3, 0, 0, 0, 0, 0, 0, 2, 0, 1, 0, 2, 1, 0, 0, 1, 1, 3, 1, 1, 3, 0, 0, 1, 0, 0, 0, 0, 0, 0, 1, 1, 0, 0, 0, 1, 0, 1, 0, 0, 1, 2, 0, 0, 2, 0, 0],731.2476204416437,56784.74762275103,92889.2977037672,false
32,G4_BALANCED,G4_BALANCED,[31, 11, 15, 82, 26, 9, 95, 32, 77, 68, 47, 5, 93, 78, 86, 54, 85, 63, 18, 44, 20, 49, 36, 14, 74, 50, 53, 17, 21, 45, 71, 64, 3, 23, 30, 83, 24, 41, 60, 52, 65, 27, 90, 70, 39, 87, 48, 69, 99, 4, 46, 1, 13, 58, 97, 59, 28, 75, 73, 37, 35, 79, 22, 66, 76, 42, 40, 80, 96, 6, 16, 61, 33, 7, 57, 34, 12, 67, 10, 98, 56, 88, 43, 8, 91, 38, 84, 92, 29, 19, 51, 72, 89, 25, 2, 81, 94, 55, 62, 0]|[2, 1, 1, 2, 1, 2, 1, 1, 1, 1, 1, 0, 2, 2, 1, 2, 0, 0, 0, 2, 2, 1, 0, 2, 0, 2, 2, 1, 0, 1, 1, 1, 0, 0, 1, 0, 2, 1, 2, 2, 0, 0, 1, 1, 0, 2, 0, 2, 1, 0, 0, 2, 0, 0, 1, 0, 1, 0, 0, 0, 1, 1, 0, 2, 2, 0, 2, 2, 0, 1, 2, 1, 1, 2, 0, 1, 1, 1, 1, 2, 2, 1, 1, 1, 1, 0, 0, 0, 1, 2, 1, 1, 1, 1, 2, 1, 2, 0, 1, 0]|[0, 3, 2, 0, 4, 1, 4, 4, 2, 4, 3, 2, 1, 0, 2, 1, 1, 1, 2, 1, 1, 3, 0, 1, 0, 1, 1, 4, 1, 4, 3, 2, 2, 0, 4, 1, 1, 4, 0, 1, 2, 1, 4, 4, 1, 1, 0, 2, 3, 2, 2, 1, 2, 1, 4, 2, 4, 2, 0, 2, 3, 3, 1, 0, 1, 2, 0, 1, 2, 4, 1, 3, 4, 1, 2, 4, 3, 3, 3, 1, 1, 4, 4, 3, 3, 2, 2, 2, 3, 1, 3, 4, 4, 4, 1, 1, 1, 2, 3, 2]|[0, 2, 1, 0, 3, 0, 1, 3, 0, 0, 2, 0, 1, 0, 1, 0, 0, 0, 1, 0, 0, 2, 0, 0, 1, 0, 0, 3, 0, 1, 0, 2, 0, 1, 3, 0, 1, 3, 1, 0, 0, 0, 1, 3, 0, 0, 1, 0, 2, 0, 0, 0, 0, 0, 1, 0, 1, 0, 1, 1, 0, 2, 0, 0, 0, 0, 0, 0, 0, 2, 0, 0, 1, 0, 0, 1, 0, 0, 3, 0, 0, 1, 2, 0, 0, 0, 0, 0, 3, 1, 0, 1, 1, 3, 0, 1, 0, 0, 0, 0],846.5351127246619,51659.69094396193,107891.35183337331,false
32,G2_TEC,G2_TEC,[31, 22, 82, 15, 26, 9, 95, 42, 77, 68, 47, 5, 93, 78, 86, 54, 85, 63, 18, 44, 20, 49, 36, 14, 74, 50, 53, 17, 21, 28, 11, 64, 3, 23, 30, 83, 24, 41, 40, 52, 65, 27, 90, 70, 39, 87, 48, 69, 99, 4, 46, 1, 13, 58, 97, 59, 45, 8, 73, 37, 35, 79, 71, 66, 76, 32, 60, 80, 56, 6, 67, 61, 33, 7, 57, 34, 12, 16, 10, 98, 96, 88, 43, 75, 91, 38, 84, 92, 29, 19, 51, 55, 72, 89, 25, 81, 94, 2, 62, 0]|[2, 1, 2, 1, 1, 2, 1, 1, 1, 1, 1, 0, 2, 2, 1, 2, 0, 0, 0, 2, 2, 1, 0, 2, 0, 2, 2, 1, 0, 1, 1, 1, 0, 0, 1, 0, 2, 1, 2, 2, 0, 0, 1, 1, 0, 2, 0, 2, 1, 0, 0, 2, 0, 0, 2, 0, 1, 1, 0, 0, 2, 1, 1, 2, 2, 0, 2, 2, 2, 1, 2, 1, 1, 2, 0, 1, 1, 2, 1, 2, 0, 1, 1, 0, 1, 0, 0, 0, 1, 1, 1, 0, 1, 1, 1, 1, 2, 2, 1, 0]|[0, 3, 0, 3, 4, 1, 4, 4, 2, 4, 3, 2, 1, 0, 2, 1, 1, 1, 2, 1, 1, 3, 0, 1, 0, 1, 1, 4, 1, 4, 3, 2, 2, 0, 4, 1, 1, 4, 1, 1, 2, 1, 4, 4, 1, 1, 0, 2, 3, 2, 2, 1, 2, 1, 1, 2, 4, 3, 0, 2, 2, 3, 3, 1, 1, 2, 1, 1, 1, 4, 1, 3, 4, 1, 2, 4, 3, 1, 3, 1, 2, 4, 4, 2, 3, 2, 2, 2, 3, 4, 3, 2, 4, 4, 4, 4, 1, 1, 3, 2]|[0, 2, 0, 0, 3, 0, 1, 3, 0, 0, 2, 0, 1, 0, 1, 0, 0, 0, 1, 0, 0, 2, 0, 0, 1, 0, 0, 3, 0, 1, 0, 2, 0, 0, 3, 0, 1, 1, 0, 0, 0, 0, 1, 3, 0, 0, 1, 0, 2, 0, 0, 0, 0, 0, 1, 0, 1, 0, 1, 1, 0, 2, 0, 0, 0, 0, 0, 0, 0, 2, 0, 0, 1, 0, 0, 1, 0, 0, 3, 0, 0, 1, 2, 0, 0, 0, 0, 0, 3, 1, 0, 0, 1, 1, 3, 2, 0, 0, 0, 0],908.8272556494078,49445.19365311725,107483.81690224803,false
32,G3_TWC,G3_TWC,[31, 22, 82, 15, 26, 58, 95, 42, 77, 12, 47, 5, 93, 78, 98, 54, 85, 63, 18, 44, 20, 35, 43, 97, 91, 76, 10, 30, 21, 45, 71, 64, 1, 23, 17, 83, 24, 14, 60, 36, 6, 57, 94, 88, 65, 56, 79, 40, 67, 68, 46, 75, 38, 9, 19, 32, 81, 41, 27, 62, 87, 90, 99, 59, 11, 16, 72, 73, 70, 39, 37, 84, 3, 92, 25, 55, 28, 29, 51, 7, 33, 61, 86, 66, 89, 50, 48, 96, 53, 8, 4, 80, 34, 49, 52, 0, 13, 2, 69, 74]|[1, 1, 0, 1, 1, 1, 2, 1, 2, 1, 2, 2, 2, 1, 1, 0, 0, 1, 0, 2, 2, 0, 1, 2, 0, 1, 2, 2, 0, 0, 1, 2, 1, 2, 1, 0, 2, 0, 1, 1, 0, 1, 1, 1, 0, 2, 1, 1, 0, 0, 0, 0, 1, 1, 2, 1, 2, 0, 0, 0, 2, 1, 0, 1, 2, 1, 2, 1, 1, 1, 1, 1, 2, 0, 1, 1, 0, 0, 0, 1, 2, 1, 0, 2, 1, 0, 0, 0, 0, 1, 0, 0, 2, 0, 1, 0, 0, 0, 1, 2]|[4, 3, 2, 2, 0, 0, 2, 2, 2, 4, 1, 1, 2, 4, 4, 1, 1, 4, 2, 1, 1, 1, 1, 2, 1, 2, 1, 1, 1, 1, 3, 2, 3, 0, 4, 0, 1, 1, 0, 3, 2, 2, 4, 0, 1, 1, 0, 2, 0, 1, 2, 2, 1, 4, 0, 3, 2, 1, 1, 2, 1, 3, 1, 1, 1, 3, 0, 4, 3, 1, 4, 1, 1, 2, 4, 4, 2, 1, 1, 3, 1, 3, 1, 1, 1, 1, 1, 1, 2, 3, 2, 1, 1, 1, 1, 2, 2, 2, 3, 1]|[0, 2, 1, 1, 3, 3, 0, 1, 0, 0, 0, 0, 1, 0, 1, 0, 0, 3, 1, 0, 0, 0, 3, 1, 0, 2, 0, 0, 0, 1, 0, 0, 0, 0, 3, 0, 1, 0, 0, 2, 1, 1, 2, 0, 0, 0, 0, 1, 1, 0, 0, 0, 1, 3, 0, 0, 1, 0, 0, 1, 0, 2, 0, 1, 0, 2, 1, 0, 0, 1, 1, 3, 0, 1, 3, 3, 1, 0, 0, 2, 0, 0, 0, 0, 1, 0, 0, 0, 1, 2, 1, 0, 0, 1, 1, 0, 0, 0, 0, 0],790.0808266764368,57926.0831962336,89131.00769295532,false
32,G1_CMAX,G1_CMAX,[31, 22, 82, 15, 26, 99, 95, 42, 77, 12, 47, 5, 93, 78, 86, 54, 21, 63, 18, 44, 20, 35, 43, 97, 91, 76, 10, 30, 85, 45, 71, 64, 1, 23, 17, 83, 24, 14, 60, 36, 6, 57, 40, 88, 65, 56, 79, 94, 67, 68, 46, 75, 38, 9, 19, 32, 41, 81, 27, 87, 90, 58, 59, 11, 16, 72, 73, 70, 39, 37, 84, 3, 92, 25, 55, 48, 62, 29, 51, 96, 33, 61, 98, 28, 89, 50, 4, 7, 53, 80, 52, 66, 34, 49, 8, 0, 74, 69, 2, 13]|[1, 1, 0, 1, 1, 0, 1, 1, 2, 1, 2, 2, 2, 1, 1, 0, 0, 1, 0, 2, 2, 0, 1, 2, 0, 1, 2, 2, 0, 0, 1, 2, 1, 2, 1, 0, 2, 0, 1, 1, 0, 1, 1, 1, 0, 2, 1, 1, 0, 0, 0, 0, 1, 1, 2, 1, 0, 2, 0, 2, 1, 0, 1, 2, 1, 2, 1, 1, 1, 1, 1, 1, 0, 1, 2, 0, 0, 0, 0, 2, 2, 1, 2, 0, 1, 0, 1, 2, 0, 0, 1, 2, 2, 0, 1, 0, 2, 1, 0, 0]|[0, 3, 2, 2, 4, 1, 2, 3, 2, 4, 1, 1, 2, 4, 4, 1, 1, 4, 2, 1, 1, 1, 1, 2, 1, 2, 1, 1, 2, 1, 3, 2, 3, 1, 4, 0, 1, 1, 0, 3, 2, 2, 2, 0, 1, 1, 0, 4, 0, 1, 2, 2, 1, 4, 0, 3, 1, 1, 1, 1, 3, 1, 1, 1, 3, 0, 4, 3, 1, 4, 1, 1, 0, 4, 1, 1, 2, 1, 1, 1, 1, 3, 1, 2, 1, 1, 4, 1, 2, 1, 1, 1, 1, 1, 3, 2, 1, 4, 2, 2]|[0, 2, 1, 1, 3, 0, 1, 3, 0, 0, 0, 0, 1, 0, 1, 0, 0, 3, 1, 0, 0, 0, 3, 1, 0, 2, 0, 0, 0, 1, 0, 0, 0, 0, 3, 0, 1, 0, 0, 2, 1, 1, 1, 0, 0, 0, 0, 2, 1, 0, 0, 0, 1, 3, 0, 0, 0, 0, 0, 0, 2, 0, 1, 0, 2, 1, 0, 0, 1, 1, 3, 1, 1, 3, 0, 0, 1, 0, 0, 0, 0, 0, 0, 1, 1, 0, 0, 0, 1, 0, 1, 0, 0, 1, 2, 0, 0, 2, 0, 0],731.2476204416437,56784.74762275103,92889.2977037672,false
32,G4_BALANCED,G4_BALANCED,[31, 11, 15, 82, 26, 9, 95, 32, 77, 68, 47, 5, 93, 78, 86, 54, 85, 63, 18, 44, 20, 49, 36, 14, 74, 50, 53, 17, 21, 45, 71, 64, 3, 23, 30, 83, 24, 41, 60, 52, 51, 27, 90, 70, 39, 87, 48, 69, 99, 4, 46, 1, 13, 58, 97, 59, 28, 8, 73, 37, 35, 79, 22, 66, 76, 42, 40, 80, 96, 6, 16, 61, 33, 7, 57, 34, 12, 67, 10, 98, 56, 88, 29, 25, 91, 38, 19, 92, 43, 84, 65, 72, 81, 75, 2, 55, 62, 89, 94, 0]|[2, 1, 1, 2, 1, 2, 1, 1, 1, 1, 1, 0, 2, 2, 1, 2, 0, 0, 0, 2, 2, 1, 0, 2, 0, 2, 2, 1, 0, 1, 1, 1, 0, 0, 1, 0, 2, 1, 2, 2, 0, 0, 1, 1, 0, 2, 0, 2, 1, 0, 0, 2, 0, 0, 2, 0, 1, 1, 0, 0, 2, 1, 1, 2, 2, 0, 2, 2, 0, 1, 2, 1, 1, 2, 0, 1, 2, 1, 1, 2, 2, 1, 1, 1, 1, 0, 1, 0, 1, 0, 1, 1, 1, 0, 2, 0, 1, 1, 2, 0]|[1, 3, 2, 0, 4, 1, 4, 4, 2, 4, 3, 2, 1, 0, 2, 1, 1, 1, 2, 1, 1, 3, 0, 1, 0, 1, 1, 4, 1, 4, 3, 2, 2, 0, 4, 1, 1, 4, 0, 1, 2, 1, 4, 4, 1, 1, 0, 2, 3, 1, 2, 1, 2, 1, 1, 2, 4, 3, 0, 2, 2, 3, 3, 0, 1, 2, 0, 1, 2, 4, 1, 3, 4, 1, 2, 4, 1, 3, 3, 1, 1, 4, 3, 4, 3, 2, 4, 2, 4, 2, 3, 4, 1, 2, 1, 2, 3, 4, 1, 2]|[1, 2, 1, 0, 3, 0, 1, 3, 0, 0, 2, 0, 1, 0, 1, 0, 0, 0, 1, 0, 0, 2, 0, 0, 1, 0, 0, 3, 0, 1, 0, 2, 0, 1, 3, 0, 1, 3, 1, 0, 0, 0, 1, 3, 0, 0, 1, 0, 2, 0, 0, 0, 0, 0, 1, 0, 1, 0, 1, 1, 0, 2, 2, 0, 0, 0, 1, 0, 0, 2, 0, 0, 1, 0, 0, 1, 0, 0, 3, 0, 0, 1, 0, 3, 0, 0, 1, 0, 2, 0, 0, 2, 1, 0, 0, 0, 0, 1, 0, 0],850.9632869082183,52431.02217786142,105346.60403335126,false
32,G2_TEC,G2_TEC,[31, 22, 82, 15, 26, 9, 95, 42, 77, 68, 47, 5, 93, 78, 86, 54, 85, 63, 18, 44, 20, 49, 36, 14, 74, 50, 53, 17, 21, 28, 11, 64, 3, 23, 30, 83, 24, 41, 40, 52, 65, 27, 90, 70, 39, 87, 48, 69, 99, 4, 46, 1, 13, 58, 97, 59, 45, 8, 73, 37, 35, 79, 71, 66, 76, 32, 60, 80, 56, 6, 67, 61, 33, 7, 57, 34, 12, 16, 10, 98, 96, 88, 43, 75, 91, 38, 84, 92, 29, 19, 51, 55, 72, 89, 25, 81, 94, 2, 62, 0]|[2, 1, 2, 1, 1, 2, 1, 1, 1, 1, 1, 0, 2, 2, 1, 2, 0, 0, 0, 2, 2, 1, 0, 2, 0, 2, 2, 1, 0, 1, 1, 1, 0, 0, 1, 0, 2, 1, 2, 2, 0, 0, 1, 1, 0, 2, 0, 2, 1, 0, 0, 2, 0, 0, 2, 0, 1, 1, 0, 0, 2, 1, 1, 2, 2, 0, 2, 2, 2, 1, 2, 1, 1, 2, 0, 1, 1, 2, 1, 2, 0, 1, 1, 0, 1, 0, 0, 0, 1, 1, 1, 0, 1, 1, 1, 1, 2, 2, 1, 0]|[0, 3, 0, 3, 4, 1, 4, 4, 2, 4, 3, 2, 1, 0, 2, 1, 1, 1, 2, 1, 1, 3, 0, 1, 0, 1, 1, 4, 1, 4, 3, 2, 2, 0, 4, 1, 1, 4, 1, 1, 2, 1, 4, 4, 1, 1, 0, 2, 3, 2, 2, 1, 2, 1, 1, 2, 4, 3, 0, 2, 2, 3, 3, 1, 1, 2, 1, 1, 1, 4, 1, 3, 4, 1, 2, 4, 3, 1, 3, 1, 2, 4, 4, 2, 3, 2, 2, 2, 3, 4, 3, 2, 4, 4, 4, 4, 1, 1, 3, 2]|[0, 2, 0, 0, 3, 0, 1, 3, 0, 0, 2, 0, 1, 0, 1, 0, 0, 0, 1, 0, 0, 2, 0, 0, 1, 0, 0, 3, 0, 1, 0, 2, 0, 0, 3, 0, 1, 1, 0, 0, 0, 0, 1, 3, 0, 0, 1, 0, 2, 0, 0, 0, 0, 0, 1, 0, 1, 0, 1, 1, 0, 2, 0, 0, 0, 0, 0, 0, 0, 2, 0, 0, 1, 0, 0, 1, 0, 0, 3, 0, 0, 1, 2, 0, 0, 0, 0, 0, 3, 1, 0, 0, 1, 1, 3, 2, 0, 0, 0, 0],908.8272556494078,49445.19365311725,107483.81690224803,false
32,G3_TWC,G3_TWC,[31, 22, 82, 15, 26, 58, 95, 42, 77, 12, 47, 5, 93, 78, 98, 54, 85, 63, 18, 44, 20, 35, 43, 97, 91, 76, 10, 30, 21, 45, 71, 64, 1, 23, 17, 83, 24, 14, 60, 36, 6, 57, 94, 88, 65, 56, 79, 40, 67, 68, 46, 75, 38, 9, 19, 32, 81, 41, 27, 62, 87, 90, 99, 59, 11, 16, 72, 73, 70, 39, 37, 84, 3, 92, 25, 55, 28, 29, 51, 7, 33, 61, 86, 66, 89, 50, 48, 96, 53, 8, 4, 80, 34, 49, 52, 0, 13, 2, 69, 74]|[1, 1, 0, 1, 1, 1, 2, 1, 2, 1, 2, 2, 2, 1, 1, 0, 0, 1, 0, 2, 2, 0, 1, 2, 0, 1, 2, 2, 0, 0, 1, 2, 1, 2, 1, 0, 2, 0, 1, 1, 0, 1, 1, 1, 0, 2, 1, 1, 0, 0, 0, 0, 1, 1, 2, 1, 2, 0, 0, 0, 2, 1, 0, 1, 2, 1, 2, 1, 1, 1, 1, 1, 2, 0, 1, 1, 0, 0, 0, 1, 2, 1, 0, 2, 1, 0, 0, 0, 0, 1, 0, 0, 2, 0, 1, 0, 0, 0, 1, 2]|[4, 3, 2, 2, 0, 0, 2, 2, 2, 4, 1, 1, 2, 4, 4, 1, 1, 4, 2, 1, 1, 1, 1, 2, 1, 2, 1, 1, 1, 1, 3, 2, 3, 0, 4, 0, 1, 1, 0, 3, 2, 2, 4, 0, 1, 1, 0, 2, 0, 1, 2, 2, 1, 4, 0, 3, 2, 1, 1, 2, 1, 3, 1, 1, 1, 3, 0, 4, 3, 1, 4, 1, 1, 2, 4, 4, 2, 1, 1, 3, 1, 3, 1, 1, 1, 1, 1, 1, 2, 3, 2, 1, 1, 1, 1, 2, 2, 2, 3, 1]|[0, 2, 1, 1, 3, 3, 0, 1, 0, 0, 0, 0, 1, 0, 1, 0, 0, 3, 1, 0, 0, 0, 3, 1, 0, 2, 0, 0, 0, 1, 0, 0, 0, 0, 3, 0, 1, 0, 0, 2, 1, 1, 2, 0, 0, 0, 0, 1, 1, 0, 0, 0, 1, 3, 0, 0, 1, 0, 0, 1, 0, 2, 0, 1, 0, 2, 1, 0, 0, 1, 1, 3, 0, 1, 3, 3, 1, 0, 0, 2, 0, 0, 0, 0, 1, 0, 0, 0, 1, 2, 1, 0, 0, 1, 1, 0, 0, 0, 0, 0],790.0808266764368,57926.0831962336,89131.00769295532,false
32,G1_CMAX,G1_CMAX,[31, 22, 82, 15, 26, 99, 95, 42, 77, 12, 47, 5, 93, 78, 86, 54, 21, 63, 18, 44, 20, 35, 43, 97, 91, 76, 10, 30, 85, 45, 71, 64, 1, 23, 17, 83, 24, 14, 60, 36, 6, 57, 40, 88, 65, 56, 79, 94, 67, 68, 46, 75, 38, 9, 19, 32, 41, 81, 27, 87, 90, 58, 59, 11, 16, 72, 73, 70, 39, 37, 84, 3, 92, 25, 55, 48, 62, 29, 51, 96, 33, 61, 98, 28, 89, 50, 4, 7, 53, 80, 52, 66, 34, 49, 8, 0, 74, 69, 2, 13]|[1, 1, 0, 1, 1, 0, 1, 1, 2, 1, 2, 2, 2, 1, 1, 0, 0, 1, 0, 2, 2, 0, 1, 2, 0, 1, 2, 2, 0, 0, 1, 2, 1, 2, 1, 0, 2, 0, 1, 1, 0, 1, 1, 1, 0, 2, 1, 1, 0, 0, 0, 0, 1, 1, 2, 1, 0, 2, 0, 2, 1, 0, 1, 2, 1, 2, 1, 1, 1, 1, 1, 1, 0, 1, 2, 0, 0, 0, 0, 2, 2, 1, 2, 0, 1, 0, 1, 2, 0, 0, 1, 2, 2, 0, 1, 0, 2, 1, 0, 0]|[0, 3, 2, 2, 4, 1, 2, 3, 2, 4, 1, 1, 2, 4, 4, 1, 1, 4, 2, 1, 1, 1, 1, 2, 1, 2, 1, 1, 2, 1, 3, 2, 3, 1, 4, 0, 1, 1, 0, 3, 2, 2, 2, 0, 1, 1, 0, 4, 0, 1, 2, 2, 1, 4, 0, 3, 1, 1, 1, 1, 3, 1, 1, 1, 3, 0, 4, 3, 1, 4, 1, 1, 0, 4, 1, 1, 2, 1, 1, 1, 1, 3, 1, 2, 1, 1, 4, 1, 2, 1, 1, 1, 1, 1, 3, 2, 1, 4, 2, 2]|[0, 2, 1, 1, 3, 0, 1, 3, 0, 0, 0, 0, 1, 0, 1, 0, 0, 3, 1, 0, 0, 0, 3, 1, 0, 2, 0, 0, 0, 1, 0, 0, 0, 0, 3, 0, 1, 0, 0, 2, 1, 1, 1, 0, 0, 0, 0, 2, 1, 0, 0, 0, 1, 3, 0, 0, 0, 0, 0, 0, 2, 0, 1, 0, 2, 1, 0, 0, 1, 1, 3, 1, 1, 3, 0, 0, 1, 0, 0, 0, 0, 0, 0, 1, 1, 0, 0, 0, 1, 0, 1, 0, 0, 1, 2, 0, 0, 2, 0, 0],731.2476204416437,56784.74762275103,92889.2977037672,false
32,G4_BALANCED,G4_BALANCED,[31, 22, 82, 15, 26, 58, 95, 42, 77, 12, 47, 5, 30, 78, 86, 54, 85, 63, 18, 44, 20, 35, 43, 97, 91, 76, 10, 93, 21, 45, 71, 64, 1, 23, 17, 83, 24, 14, 60, 36, 6, 57, 40, 88, 65, 56, 79, 94, 67, 68, 46, 75, 38, 9, 19, 32, 81, 41, 27, 62, 90, 99, 59, 87, 11, 66, 73, 70, 39, 37, 84, 3, 72, 25, 55, 16, 28, 29, 51, 7, 92, 61, 98, 48, 33, 50, 4, 96, 53, 80, 8, 89, 34, 2, 52, 13, 0, 69, 74, 49]|[1, 1, 0, 1, 1, 0, 1, 2, 2, 1, 2, 2, 2, 1, 1, 0, 0, 1, 0, 2, 2, 0, 1, 2, 0, 1, 2, 2, 0, 0, 1, 2, 1, 2, 1, 0, 2, 0, 1, 1, 0, 1, 1, 1, 0, 2, 1, 1, 0, 0, 0, 0, 1, 1, 2, 1, 0, 2, 0, 2, 1, 0, 1, 2, 2, 2, 1, 1, 1, 1, 1, 1, 2, 1, 1, 0, 0, 0, 0, 1, 2, 1, 2, 0, 1, 0, 1, 2, 0, 0, 0, 1, 2, 0, 1, 0, 0, 1, 2, 0]|[4, 3, 2, 2, 4, 1, 2, 2, 2, 4, 1, 1, 2, 4, 4, 1, 2, 4, 2, 1, 1, 1, 1, 2, 1, 2, 1, 1, 1, 1, 3, 2, 3, 1, 4, 0, 1, 1, 0, 3, 2, 2, 2, 0, 1, 1, 0, 4, 0, 1, 2, 2, 1, 4, 0, 3, 1, 1, 1, 1, 3, 1, 1, 1, 1, 1, 4, 3, 1, 4, 1, 1, 1, 4, 4, 2, 2, 2, 1, 1, 1, 3, 1, 1, 1, 1, 4, 1, 2, 1, 1, 1, 1, 2, 1, 2, 2, 4, 1, 1]|[0, 2, 1, 1, 3, 0, 1, 0, 0, 0, 0, 0, 1, 0, 1, 0, 0, 3, 1, 0, 0, 0, 3, 1, 0, 2, 0, 0, 0, 1, 0, 0, 0, 0, 3, 0, 1, 0, 0, 2, 1, 1, 1, 0, 0, 0, 0, 2, 1, 0, 0, 0, 1, 3, 0, 0, 0, 0, 0, 0, 2, 0, 1, 0, 0, 0, 0, 0, 1, 1, 3, 1, 0, 3, 3, 1, 1, 0, 0, 2, 0, 0, 0, 0, 1, 0, 0, 0, 1, 0, 0, 1, 0, 0, 1, 0, 0, 2, 0, 1],815.9382298603316,55074.479227271986,99598.30336368816,false
32,G2_TEC,G2_TEC,[31, 22, 82, 15, 26, 9, 95, 42, 77, 68, 47, 5, 93, 78, 86, 54, 85, 63, 18, 44, 20, 49, 36, 14, 74, 50, 53, 17, 21, 28, 11, 64, 3, 23, 30, 83, 24, 41, 40, 52, 65, 27, 90, 70, 39, 87, 48, 69, 99, 4, 46, 1, 13, 58, 97, 59, 45, 8, 73, 37, 35, 79, 71, 66, 76, 32, 60, 80, 56, 6, 67, 61, 33, 7, 57, 34, 12, 16, 10, 98, 96, 88, 43, 75, 91, 38, 84, 92, 29, 19, 51, 55, 72, 89, 25, 81, 94, 2, 62, 0]|[2, 1, 2, 1, 1, 2, 1, 1, 1, 1, 1, 0, 2, 2, 1, 2, 0, 0, 0, 2, 2, 1, 0, 2, 0, 2, 2, 1, 0, 1, 1, 1, 0, 0, 1, 0, 2, 1, 2, 2, 0, 0, 1, 1, 0, 2, 0, 2, 1, 0, 0, 2, 0, 0, 2, 0, 1, 1, 0, 0, 2, 1, 1, 2, 2, 0, 2, 2, 2, 1, 2, 1, 1, 2, 0, 1, 1, 2, 1, 2, 0, 1, 1, 0, 1, 0, 0, 0, 1, 1, 1, 0, 1, 1, 1, 1, 2, 2, 1, 0]|[0, 3, 0, 3, 4, 1, 4, 4, 2, 4, 3, 2, 1, 0, 2, 1, 1, 1, 2, 1, 1, 3, 0, 1, 0, 1, 1, 4, 1, 4, 3, 2, 2, 0, 4, 1, 1, 4, 1, 1, 2, 1, 4, 4, 1, 1, 0, 2, 3, 2, 2, 1, 2, 1, 1, 2, 4, 3, 0, 2, 2, 3, 3, 1, 1, 2, 1, 1, 1, 4, 1, 3, 4, 1, 2, 4, 3, 1, 3, 1, 2, 4, 4, 2, 3, 2, 2, 2, 3, 4, 3, 2, 4, 4, 4, 4, 1, 1, 3, 2]|[0, 2, 0, 0, 3, 0, 1, 3, 0, 0, 2, 0, 1, 0, 1, 0, 0, 0, 1, 0, 0, 2, 0, 0, 1, 0, 0, 3, 0, 1, 0, 2, 0, 0, 3, 0, 1, 1, 0, 0, 0, 0, 1, 3, 0, 0, 1, 0, 2, 0, 0, 0, 0, 0, 1, 0, 1, 0, 1, 1, 0, 2, 0, 0, 0, 0, 0, 0, 0, 2, 0, 0, 1, 0, 0, 1, 0, 0, 3, 0, 0, 1, 2, 0, 0, 0, 0, 0, 3, 1, 0, 0, 1, 1, 3, 2, 0, 0, 0, 0],908.8272556494078,49445.19365311725,107483.81690224803,false
32,G3_TWC,G3_TWC,[31, 22, 82, 15, 26, 58, 95, 42, 77, 12, 47, 5, 93, 78, 98, 54, 85, 63, 18, 44, 20, 35, 43, 97, 91, 76, 10, 30, 21, 45, 71, 64, 1, 23, 17, 83, 24, 14, 60, 36, 6, 57, 94, 88, 65, 56, 79, 40, 67, 68, 46, 75, 38, 9, 19, 32, 81, 41, 27, 62, 87, 90, 99, 59, 11, 16, 72, 73, 70, 39, 37, 84, 3, 92, 25, 55, 28, 29, 51, 7, 33, 61, 86, 66, 89, 50, 48, 96, 53, 8, 4, 80, 34, 49, 52, 0, 13, 2, 69, 74]|[1, 1, 0, 1, 1, 1, 2, 1, 2, 1, 2, 2, 2, 1, 1, 0, 0, 1, 0, 2, 2, 0, 1, 2, 0, 1, 2, 2, 0, 0, 1, 2, 1, 2, 1, 0, 2, 0, 1, 1, 0, 1, 1, 1, 0, 2, 1, 1, 0, 0, 0, 0, 1, 1, 2, 1, 2, 0, 0, 0, 2, 1, 0, 1, 2, 1, 2, 1, 1, 1, 1, 1, 2, 0, 1, 1, 0, 0, 0, 1, 2, 1, 0, 2, 1, 0, 0, 0, 0, 1, 0, 0, 2, 0, 1, 0, 0, 0, 1, 2]|[4, 3, 2, 2, 0, 0, 2, 2, 2, 4, 1, 1, 2, 4, 4, 1, 1, 4, 2, 1, 1, 1, 1, 2, 1, 2, 1, 1, 1, 1, 3, 2, 3, 0, 4, 0, 1, 1, 0, 3, 2, 2, 4, 0, 1, 1, 0, 2, 0, 1, 2, 2, 1, 4, 0, 3, 2, 1, 1, 2, 1, 3, 1, 1, 1, 3, 0, 4, 3, 1, 4, 1, 1, 2, 4, 4, 2, 1, 1, 3, 1, 3, 1, 1, 1, 1, 1, 1, 2, 3, 2, 1, 1, 1, 1, 2, 2, 2, 3, 1]|[0, 2, 1, 1, 3, 3, 0, 1, 0, 0, 0, 0, 1, 0, 1, 0, 0, 3, 1, 0, 0, 0, 3, 1, 0, 2, 0, 0, 0, 1, 0, 0, 0, 0, 3, 0, 1, 0, 0, 2, 1, 1, 2, 0, 0, 0, 0, 1, 1, 0, 0, 0, 1, 3, 0, 0, 1, 0, 0, 1, 0, 2, 0, 1, 0, 2, 1, 0, 0, 1, 1, 3, 0, 1, 3, 3, 1, 0, 0, 2, 0, 0, 0, 0, 1, 0, 0, 0, 1, 2, 1, 0, 0, 1, 1, 0, 0, 0, 0, 0],790.0808266764368,57926.0831962336,89131.00769295532,false
32,G1_CMAX,G1_CMAX,[31, 22, 82, 15, 26, 99, 95, 42, 77, 12, 47, 5, 93, 78, 86, 54, 21, 63, 18, 44, 20, 35, 43, 97, 91, 76, 10, 30, 85, 45, 71, 64, 1, 23, 17, 83, 24, 14, 60, 36, 6, 57, 40, 88, 65, 56, 79, 94, 67, 68, 46, 75, 38, 9, 19, 32, 41, 81, 27, 87, 90, 58, 59, 11, 16, 72, 73, 70, 39, 37, 84, 3, 92, 25, 55, 48, 62, 29, 51, 96, 33, 61, 98, 28, 89, 50, 4, 7, 53, 80, 52, 66, 34, 49, 8, 0, 74, 69, 2, 13]|[1, 1, 0, 1, 1, 0, 1, 1, 2, 1, 2, 2, 2, 1, 1, 0, 0, 1, 0, 2, 2, 0, 1, 2, 0, 1, 2, 2, 0, 0, 1, 2, 1, 2, 1, 0, 2, 0, 1, 1, 0, 1, 1, 1, 0, 2, 1, 1, 0, 0, 0, 0, 1, 1, 2, 1, 0, 2, 0, 2, 1, 0, 1, 2, 1, 2, 1, 1, 1, 1, 1, 1, 0, 1, 2, 0, 0, 0, 0, 2, 2, 1, 2, 0, 1, 0, 1, 2, 0, 0, 1, 2, 2, 0, 1, 0, 2, 1, 0, 0]|[0, 3, 2, 2, 4, 1, 2, 3, 2, 4, 1, 1, 2, 4, 4, 1, 1, 4, 2, 1, 1, 1, 1, 2, 1, 2, 1, 1, 2, 1, 3, 2, 3, 1, 4, 0, 1, 1, 0, 3, 2, 2, 2, 0, 1, 1, 0, 4, 0, 1, 2, 2, 1, 4, 0, 3, 1, 1, 1, 1, 3, 1, 1, 1, 3, 0, 4, 3, 1, 4, 1, 1, 0, 4, 1, 1, 2, 1, 1, 1, 1, 3, 1, 2, 1, 1, 4, 1, 2, 1, 1, 1, 1, 1, 3, 2, 1, 4, 2, 2]|[0, 2, 1, 1, 3, 0, 1, 3, 0, 0, 0, 0, 1, 0, 1, 0, 0, 3, 1, 0, 0, 0, 3, 1, 0, 2, 0, 0, 0, 1, 0, 0, 0, 0, 3, 0, 1, 0, 0, 2, 1, 1, 1, 0, 0, 0, 0, 2, 1, 0, 0, 0, 1, 3, 0, 0, 0, 0, 0, 0, 2, 0, 1, 0, 2, 1, 0, 0, 1, 1, 3, 1, 1, 3, 0, 0, 1, 0, 0, 0, 0, 0, 0, 1, 1, 0, 0, 0, 1, 0, 1, 0, 0, 1, 2, 0, 0, 2, 0, 0],731.2476204416437,56784.74762275103,92889.2977037672,false
32,G4_BALANCED,G2_TEC,[31, 22, 82, 15, 26, 9, 95, 42, 77, 68, 47, 5, 93, 78, 86, 54, 85, 63, 18, 44, 20, 49, 36, 14, 74, 50, 53, 17, 21, 28, 11, 64, 3, 23, 30, 83, 24, 41, 40, 52, 65, 27, 90, 70, 39, 87, 48, 69, 99, 4, 46, 1, 13, 58, 97, 59, 45, 8, 73, 37, 35, 79, 71, 66, 76, 32, 60, 80, 96, 6, 16, 61, 33, 7, 57, 34, 12, 67, 10, 98, 56, 88, 43, 75, 91, 38, 72, 62, 29, 19, 51, 84, 89, 25, 2, 81, 94, 55, 92, 0]|[2, 1, 2, 1, 1, 2, 1, 1, 1, 1, 1, 0, 2, 2, 1, 2, 0, 0, 0, 2, 2, 1, 0, 2, 0, 2, 2, 1, 0, 1, 1, 1, 0, 0, 1, 0, 2, 1, 2, 2, 0, 0, 1, 1, 0, 2, 0, 2, 1, 0, 0, 2, 0, 0, 1, 0, 1, 1, 0, 0, 2, 1, 1, 1, 2, 0, 2, 2, 0, 1, 2, 1, 1, 2, 0, 1, 2, 1, 1, 2, 2, 1, 1, 0, 1, 0, 1, 1, 1, 1, 1, 0, 1, 1, 2, 1, 2, 0, 0, 0]|[0, 3, 0, 3, 4, 1, 4, 4, 2, 4, 3, 2, 1, 0, 2, 1, 1, 1, 2, 1, 1, 3, 0, 1, 0, 1, 1, 4, 1, 4, 3, 2, 2, 0, 4, 1, 1, 4, 1, 1, 2, 1, 4, 4, 1, 1, 0, 2, 3, 2, 2, 1, 2, 1, 4, 2, 4, 3, 0, 2, 2, 3, 3, 1, 1, 2, 1, 1, 2, 4, 1, 3, 4, 1, 2, 4, 1, 3, 3, 1, 1, 4, 4, 2, 3, 2, 4, 3, 3, 4, 3, 2, 4, 4, 1, 4, 1, 2, 2, 2]|[0, 2, 0, 0, 3, 0, 1, 3, 0, 0, 2, 0, 1, 0, 1, 0, 0, 0, 1, 0, 0, 2, 0, 0, 1, 0, 0, 3, 0, 1, 0, 2, 0, 0, 3, 0, 1, 1, 0, 0, 0, 0, 1, 3, 0, 0, 1, 0, 2, 0, 0, 0, 0, 0, 1, 0, 1, 0, 1, 1, 0, 2, 0, 2, 0, 0, 0, 0, 0, 2, 0, 0, 1, 0, 0, 1, 0, 0, 3, 0, 0, 1, 2, 0, 0, 0, 2, 0, 3, 1, 0, 0, 1, 3, 0, 1, 0, 0, 0, 0],898.3048644548874,49546.490641611614,108120.71283490158,true
32,G2_TEC,G2_TEC,[31, 22, 82, 15, 26, 9, 95, 42, 77, 68, 47, 5, 93, 78, 86, 54, 85, 63, 18, 44, 20, 49, 36, 14, 74, 50, 53, 17, 21, 28, 11, 64, 3, 23, 30, 83, 24, 41, 40, 52, 65, 27, 90, 70, 39, 87, 48, 69, 99, 4, 46, 1, 13, 58, 97, 59, 45, 8, 73, 37, 35, 79, 71, 66, 76, 32, 60, 80, 56, 6, 67, 61, 33, 7, 57, 34, 12, 16, 10, 98, 96, 88, 43, 75, 91, 38, 84, 92, 29, 19, 51, 55, 72, 89, 25, 81, 94, 2, 62, 0]|[2, 1, 2, 1, 1, 2, 1, 1, 1, 1, 1, 0, 2, 2, 1, 2, 0, 0, 0, 2, 2, 1, 0, 2, 0, 2, 2, 1, 0, 1, 1, 1, 0, 0, 1, 0, 2, 1, 2, 2, 0, 0, 1, 1, 0, 2, 0, 2, 1, 0, 0, 2, 0, 0, 2, 0, 1, 1, 0, 0, 2, 1, 1, 2, 2, 0, 2, 2, 2, 1, 2, 1, 1, 2, 0, 1, 1, 2, 1, 2, 0, 1, 1, 0, 1, 0, 0, 0, 1, 1, 1, 0, 1, 1, 1, 1, 2, 2, 1, 0]|[0, 3, 0, 3, 4, 1, 4, 4, 2, 4, 3, 2, 1, 0, 2, 1, 1, 1, 2, 1, 1, 3, 0, 1, 0, 1, 1, 4, 1, 4, 3, 2, 2, 0, 4, 1, 1, 4, 1, 1, 2, 1, 4, 4, 1, 1, 0, 2, 3, 2, 2, 1, 2, 1, 1, 2, 4, 3, 0, 2, 2, 3, 3, 1, 1, 2, 1, 1, 1, 4, 1, 3, 4, 1, 2, 4, 3, 1, 3, 1, 2, 4, 4, 2, 3, 2, 2, 2, 3, 4, 3, 2, 4, 4, 4, 4, 1, 1, 3, 2]|[0, 2, 0, 0, 3, 0, 1, 3, 0, 0, 2, 0, 1, 0, 1, 0, 0, 0, 1, 0, 0, 2, 0, 0, 1, 0, 0, 3, 0, 1, 0, 2, 0, 0, 3, 0, 1, 1, 0, 0, 0, 0, 1, 3, 0, 0, 1, 0, 2, 0, 0, 0, 0, 0, 1, 0, 1, 0, 1, 1, 0, 2, 0, 0, 0, 0, 0, 0, 0, 2, 0, 0, 1, 0, 0, 1, 0, 0, 3, 0, 0, 1, 2, 0, 0, 0, 0, 0, 3, 1, 0, 0, 1, 1, 3, 2, 0, 0, 0, 0],908.8272556494078,49445.19365311725,107483.81690224803,false
32,G3_TWC,G3_TWC,[31, 22, 82, 15, 26, 58, 95, 42, 77, 12, 47, 5, 93, 78, 98, 54, 85, 63, 18, 44, 20, 35, 43, 97, 91, 76, 10, 30, 21, 45, 71, 64, 1, 23, 17, 83, 24, 14, 60, 36, 6, 57, 94, 88, 65, 56, 79, 40, 67, 68, 46, 75, 38, 9, 19, 32, 81, 41, 27, 62, 87, 90, 99, 59, 11, 16, 72, 73, 70, 39, 37, 84, 3, 92, 25, 55, 28, 29, 51, 7, 33, 61, 86, 66, 89, 50, 48, 96, 53, 8, 4, 80, 34, 49, 52, 0, 13, 2, 69, 74]|[1, 1, 0, 1, 1, 1, 2, 1, 2, 1, 2, 2, 2, 1, 1, 0, 0, 1, 0, 2, 2, 0, 1, 2, 0, 1, 2, 2, 0, 0, 1, 2, 1, 2, 1, 0, 2, 0, 1, 1, 0, 1, 1, 1, 0, 2, 1, 1, 0, 0, 0, 0, 1, 1, 2, 1, 2, 0, 0, 0, 2, 1, 0, 1, 2, 1, 2, 1, 1, 1, 1, 1, 2, 0, 1, 1, 0, 0, 0, 1, 2, 1, 0, 2, 1, 0, 0, 0, 0, 1, 0, 0, 2, 0, 1, 0, 0, 0, 1, 2]|[4, 3, 2, 2, 0, 0, 2, 2, 2, 4, 1, 1, 2, 4, 4, 1, 1, 4, 2, 1, 1, 1, 1, 2, 1, 2, 1, 1, 1, 1, 3, 2, 3, 0, 4, 0, 1, 1, 0, 3, 2, 2, 4, 0, 1, 1, 0, 2, 0, 1, 2, 2, 1, 4, 0, 3, 2, 1, 1, 2, 1, 3, 1, 1, 1, 3, 0, 4, 3, 1, 4, 1, 1, 2, 4, 4, 2, 1, 1, 3, 1, 3, 1, 1, 1, 1, 1, 1, 2, 3, 2, 1, 1, 1, 1, 2, 2, 2, 3, 1]|[0, 2, 1, 1, 3, 3, 0, 1, 0, 0, 0, 0, 1, 0, 1, 0, 0, 3, 1, 0, 0, 0, 3, 1, 0, 2, 0, 0, 0, 1, 0, 0, 0, 0, 3, 0, 1, 0, 0, 2, 1, 1, 2, 0, 0, 0, 0, 1, 1, 0, 0, 0, 1, 3, 0, 0, 1, 0, 0, 1, 0, 2, 0, 1, 0, 2, 1, 0, 0, 1, 1, 3, 0, 1, 3, 3, 1, 0, 0, 2, 0, 0, 0, 0, 1, 0, 0, 0, 1, 2, 1, 0, 0, 1, 1, 0, 0, 0, 0, 0],790.0808266764368,57926.0831962336,89131.00769295532,false
32,G1_CMAX,G1_CMAX,[31, 22, 82, 15, 26, 99, 95, 42, 77, 12, 47, 5, 93, 78, 86, 54, 21, 63, 18, 44, 20, 35, 43, 97, 91, 76, 10, 30, 85, 45, 71, 64, 1, 23, 17, 83, 24, 14, 60, 36, 6, 57, 40, 88, 65, 56, 79, 94, 67, 68, 46, 75, 38, 9, 19, 32, 41, 81, 27, 87, 90, 58, 59, 11, 16, 72, 73, 70, 39, 37, 84, 3, 92, 25, 55, 48, 62, 29, 51, 96, 33, 61, 98, 28, 89, 50, 4, 7, 53, 80, 52, 66, 34, 49, 8, 0, 74, 69, 2, 13]|[1, 1, 0, 1, 1, 0, 1, 1, 2, 1, 2, 2, 2, 1, 1, 0, 0, 1, 0, 2, 2, 0, 1, 2, 0, 1, 2, 2, 0, 0, 1, 2, 1, 2, 1, 0, 2, 0, 1, 1, 0, 1, 1, 1, 0, 2, 1, 1, 0, 0, 0, 0, 1, 1, 2, 1, 0, 2, 0, 2, 1, 0, 1, 2, 1, 2, 1, 1, 1, 1, 1, 1, 0, 1, 2, 0, 0, 0, 0, 2, 2, 1, 2, 0, 1, 0, 1, 2, 0, 0, 1, 2, 2, 0, 1, 0, 2, 1, 0, 0]|[0, 3, 2, 2, 4, 1, 2, 3, 2, 4, 1, 1, 2, 4, 4, 1, 1, 4, 2, 1, 1, 1, 1, 2, 1, 2, 1, 1, 2, 1, 3, 2, 3, 1, 4, 0, 1, 1, 0, 3, 2, 2, 2, 0, 1, 1, 0, 4, 0, 1, 2, 2, 1, 4, 0, 3, 1, 1, 1, 1, 3, 1, 1, 1, 3, 0, 4, 3, 1, 4, 1, 1, 0, 4, 1, 1, 2, 1, 1, 1, 1, 3, 1, 2, 1, 1, 4, 1, 2, 1, 1, 1, 1, 1, 3, 2, 1, 4, 2, 2]|[0, 2, 1, 1, 3, 0, 1, 3, 0, 0, 0, 0, 1, 0, 1, 0, 0, 3, 1, 0, 0, 0, 3, 1, 0, 2, 0, 0, 0, 1, 0, 0, 0, 0, 3, 0, 1, 0, 0, 2, 1, 1, 1, 0, 0, 0, 0, 2, 1, 0, 0, 0, 1, 3, 0, 0, 0, 0, 0, 0, 2, 0, 1, 0, 2, 1, 0, 0, 1, 1, 3, 1, 1, 3, 0, 0, 1, 0, 0, 0, 0, 0, 0, 1, 1, 0, 0, 0, 1, 0, 1, 0, 0, 1, 2, 0, 0, 2, 0, 0],731.2476204416437,56784.74762275103,92889.2977037672,false
32,G4_BALANCED,G3_TWC,[31, 22, 82, 15, 26, 58, 95, 42, 77, 12, 47, 5, 93, 78, 98, 54, 85, 63, 18, 44, 20, 35, 43, 97, 91, 76, 10, 30, 21, 45, 71, 64, 1, 23, 17, 83, 24, 14, 60, 36, 6, 57, 94, 88, 65, 56, 79, 40, 67, 68, 46, 75, 38, 9, 19, 32, 81, 41, 27, 62, 87, 90, 99, 59, 11, 16, 72, 73, 70, 39, 37, 84, 3, 92, 25, 55, 28, 29, 51, 7, 33, 61, 48, 86, 89, 50, 4, 96, 53, 8, 66, 80, 34, 49, 52, 0, 13, 2, 69, 74]|[1, 1, 0, 1, 1, 1, 2, 1, 2, 1, 2, 2, 2, 1, 1, 0, 0, 1, 0, 2, 2, 0, 0, 2, 0, 1, 2, 2, 0, 0, 1, 2, 1, 2, 1, 0, 2, 0, 1, 1, 0, 1, 1, 1, 0, 2, 1, 1, 0, 0, 0, 0, 1, 1, 2, 1, 2, 0, 0, 0, 2, 1, 1, 2, 2, 1, 2, 1, 1, 1, 1, 1, 1, 0, 1, 1, 0, 0, 0, 1, 2, 1, 0, 0, 1, 0, 0, 0, 0, 1, 2, 0, 2, 0, 1, 0, 0, 0, 1, 2]|[4, 3, 2, 2, 0, 0, 2, 2, 2, 4, 1, 1, 2, 4, 4, 1, 2, 4, 2, 1, 1, 1, 1, 2, 1, 2, 1, 1, 1, 1, 3, 2, 3, 0, 4, 0, 1, 1, 0, 3, 2, 2, 4, 0, 1, 1, 0, 2, 0, 1, 2, 2, 1, 4, 0, 3, 2, 1, 1, 2, 1, 3, 1, 1, 1, 3, 0, 4, 3, 1, 4, 1, 1, 2, 4, 4, 2, 1, 1, 3, 1, 3, 1, 1, 1, 1, 2, 1, 2, 3, 1, 1, 1, 1, 1, 2, 2, 2, 3, 1]|[0, 2, 1, 1, 3, 3, 0, 1, 0, 0, 0, 0, 1, 0, 1, 0, 0, 3, 1, 0, 0, 0, 0, 1, 0, 2, 0, 0, 0, 1, 0, 0, 0, 0, 3, 0, 1, 0, 0, 2, 1, 1, 2, 0, 0, 0, 0, 1, 1, 0, 0, 0, 1, 3, 0, 0, 1, 0, 0, 1, 0, 2, 1, 0, 0, 2, 1, 0, 0, 1, 1, 3, 1, 1, 3, 3, 1, 0, 0, 2, 0, 0, 0, 0, 1, 0, 1, 0, 1, 2, 0, 0, 0, 1, 1, 0, 0, 0, 0, 0],794.787407346162,57615.0617815325,90349.56702337149,true
32,G2_TEC,G2_TEC,[31, 22, 82, 15, 26, 9, 95, 42, 77, 68, 47, 5, 93, 78, 86, 54, 85, 63, 18, 44, 20, 49, 36, 14, 74, 50, 53, 17, 21, 28, 11, 64, 3, 23, 30, 83, 24, 41, 40, 52, 65, 27, 90, 70, 39, 87, 48, 69, 99, 4, 46, 1, 13, 58, 97, 59, 45, 8, 73, 37, 35, 79, 71, 66, 76, 32, 60, 80, 56, 6, 67, 61, 33, 7, 57, 34, 12, 16, 10, 98, 96, 88, 43, 75, 91, 38, 84, 92, 29, 19, 51, 55, 72, 89, 25, 81, 94, 2, 62, 0]|[2, 1, 2, 1, 1, 2, 1, 1, 1, 1, 1, 0, 2, 2, 1, 2, 0, 0, 0, 2, 2, 1, 0, 2, 0, 2, 2, 1, 0, 1, 1, 1, 0, 0, 1, 0, 2, 1, 2, 2, 0, 0, 1, 1, 0, 2, 0, 2, 1, 0, 0, 2, 0, 0, 2, 0, 1, 1, 0, 0, 2, 1, 1, 2, 2, 0, 2, 2, 2, 1, 2, 1, 1, 2, 0, 1, 1, 2, 1, 2, 0, 1, 1, 0, 1, 0, 0, 0, 1, 1, 1, 0, 1, 1, 1, 1, 2, 2, 1, 0]|[0, 3, 0, 3, 4, 1, 4, 4, 2, 4, 3, 2, 1, 0, 2, 1, 1, 1, 2, 1, 1, 3, 0, 1, 0, 1, 1, 4, 1, 4, 3, 2, 2, 0, 4, 1, 1, 4, 1, 1, 2, 1, 4, 4, 1, 1, 0, 2, 3, 2, 2, 1, 2, 1, 1, 2, 4, 3, 0, 2, 2, 3, 3, 1, 1, 2, 1, 1, 1, 4, 1, 3, 4, 1, 2, 4, 3, 1, 3, 1, 2, 4, 4, 2, 3, 2, 2, 2, 3, 4, 3, 2, 4, 4, 4, 4, 1, 1, 3, 2]|[0, 2, 0, 0, 3, 0, 1, 3, 0, 0, 2, 0, 1, 0, 1, 0, 0, 0, 1, 0, 0, 2, 0, 0, 1, 0, 0, 3, 0, 1, 0, 2, 0, 0, 3, 0, 1, 1, 0, 0, 0, 0, 1, 3, 0, 0, 1, 0, 2, 0, 0, 0, 0, 0, 1, 0, 1, 0, 1, 1, 0, 2, 0, 0, 0, 0, 0, 0, 0, 2, 0, 0, 1, 0, 0, 1, 0, 0, 3, 0, 0, 1, 2, 0, 0, 0, 0, 0, 3, 1, 0, 0, 1, 1, 3, 2, 0, 0, 0, 0],908.8272556494078,49445.19365311725,107483.81690224803,false
32,G3_TWC,G3_TWC,[31, 22, 82, 15, 26, 58, 95, 42, 77, 12, 47, 5, 93, 78, 98, 54, 85, 63, 18, 44, 20, 35, 43, 97, 91, 76, 10, 30, 21, 45, 71, 64, 1, 23, 17, 83, 24, 14, 60, 36, 6, 57, 94, 88, 65, 56, 79, 40, 67, 68, 46, 75, 38, 9, 19, 32, 81, 41, 27, 62, 87, 90, 99, 59, 11, 16, 72, 73, 70, 39, 37, 84, 3, 92, 25, 55, 28, 29, 51, 7, 33, 61, 86, 66, 89, 50, 48, 96, 53, 8, 4, 80, 34, 49, 52, 0, 13, 2, 69, 74]|[1, 1, 0, 1, 1, 1, 2, 1, 2, 1, 2, 2, 2, 1, 1, 0, 0, 1, 0, 2, 2, 0, 1, 2, 0, 1, 2, 2, 0, 0, 1, 2, 1, 2, 1, 0, 2, 0, 1, 1, 0, 1, 1, 1, 0, 2, 1, 1, 0, 0, 0, 0, 1, 1, 2, 1, 2, 0, 0, 0, 2, 1, 0, 1, 2, 1, 2, 1, 1, 1, 1, 1, 2, 0, 1, 1, 0, 0, 0, 1, 2, 1, 0, 2, 1, 0, 0, 0, 0, 1, 0, 0, 2, 0, 1, 0, 0, 0, 1, 2]|[4, 3, 2, 2, 0, 0, 2, 2, 2, 4, 1, 1, 2, 4, 4, 1, 1, 4, 2, 1, 1, 1, 1, 2, 1, 2, 1, 1, 1, 1, 3, 2, 3, 0, 4, 0, 1, 1, 0, 3, 2, 2, 4, 0, 1, 1, 0, 2, 0, 1, 2, 2, 1, 4, 0, 3, 2, 1, 1, 2, 1, 3, 1, 1, 1, 3, 0, 4, 3, 1, 4, 1, 1, 2, 4, 4, 2, 1, 1, 3, 1, 3, 1, 1, 1, 1, 1, 1, 2, 3, 2, 1, 1, 1, 1, 2, 2, 2, 3, 1]|[0, 2, 1, 1, 3, 3, 0, 1, 0, 0, 0, 0, 1, 0, 1, 0, 0, 3, 1, 0, 0, 0, 3, 1, 0, 2, 0, 0, 0, 1, 0, 0, 0, 0, 3, 0, 1, 0, 0, 2, 1, 1, 2, 0, 0, 0, 0, 1, 1, 0, 0, 0, 1, 3, 0, 0, 1, 0, 0, 1, 0, 2, 0, 1, 0, 2, 1, 0, 0, 1, 1, 3, 0, 1, 3, 3, 1, 0, 0, 2, 0, 0, 0, 0, 1, 0, 0, 0, 1, 2, 1, 0, 0, 1, 1, 0, 0, 0, 0, 0],790.0808266764368,57926.0831962336,89131.00769295532,false
32,G1_CMAX,G1_CMAX,[31, 22, 82, 15, 26, 99, 95, 42, 77, 12, 47, 5, 93, 78, 86, 54, 21, 63, 18, 44, 20, 35, 43, 97, 91, 76, 10, 30, 85, 45, 71, 64, 1, 23, 17, 83, 24, 14, 60, 36, 6, 57, 40, 88, 65, 56, 79, 94, 67, 68, 46, 75, 38, 9, 19, 32, 41, 81, 27, 87, 90, 58, 59, 11, 16, 72, 73, 70, 39, 37, 84, 3, 92, 25, 55, 48, 62, 29, 51, 96, 33, 61, 98, 28, 89, 50, 4, 7, 53, 80, 52, 66, 34, 49, 8, 0, 74, 69, 2, 13]|[1, 1, 0, 1, 1, 0, 1, 1, 2, 1, 2, 2, 2, 1, 1, 0, 0, 1, 0, 2, 2, 0, 1, 2, 0, 1, 2, 2, 0, 0, 1, 2, 1, 2, 1, 0, 2, 0, 1, 1, 0, 1, 1, 1, 0, 2, 1, 1, 0, 0, 0, 0, 1, 1, 2, 1, 0, 2, 0, 2, 1, 0, 1, 2, 1, 2, 1, 1, 1, 1, 1, 1, 0, 1, 2, 0, 0, 0, 0, 2, 2, 1, 2, 0, 1, 0, 1, 2, 0, 0, 1, 2, 2, 0, 1, 0, 2, 1, 0, 0]|[0, 3, 2, 2, 4, 1, 2, 3, 2, 4, 1, 1, 2, 4, 4, 1, 1, 4, 2, 1, 1, 1, 1, 2, 1, 2, 1, 1, 2, 1, 3, 2, 3, 1, 4, 0, 1, 1, 0, 3, 2, 2, 2, 0, 1, 1, 0, 4, 0, 1, 2, 2, 1, 4, 0, 3, 1, 1, 1, 1, 3, 1, 1, 1, 3, 0, 4, 3, 1, 4, 1, 1, 0, 4, 1, 1, 2, 1, 1, 1, 1, 3, 1, 2, 1, 1, 4, 1, 2, 1, 1, 1, 1, 1, 3, 2, 1, 4, 2, 2]|[0, 2, 1, 1, 3, 0, 1, 3, 0, 0, 0, 0, 1, 0, 1, 0, 0, 3, 1, 0, 0, 0, 3, 1, 0, 2, 0, 0, 0, 1, 0, 0, 0, 0, 3, 0, 1, 0, 0, 2, 1, 1, 1, 0, 0, 0, 0, 2, 1, 0, 0, 0, 1, 3, 0, 0, 0, 0, 0, 0, 2, 0, 1, 0, 2, 1, 0, 0, 1, 1, 3, 1, 1, 3, 0, 0, 1, 0, 0, 0, 0, 0, 0, 1, 1, 0, 0, 0, 1, 0, 1, 0, 0, 1, 2, 0, 0, 2, 0, 0],731.2476204416437,56784.74762275103,92889.2977037672,false
32,G4_BALANCED,G4_BALANCED,[31, 22, 82, 15, 26, 9, 95, 42, 77, 68, 47, 5, 93, 78, 86, 54, 85, 63, 18, 44, 20, 49, 36, 14, 74, 50, 53, 17, 21, 28, 11, 64, 3, 23, 30, 83, 24, 41, 40, 52, 27, 65, 90, 70, 39, 87, 48, 73, 99, 4, 46, 1, 13, 58, 19, 59, 45, 8, 69, 37, 35, 79, 71, 66, 76, 32, 60, 80, 96, 6, 16, 61, 33, 7, 57, 34, 12, 67, 10, 98, 56, 88, 43, 75, 91, 38, 84, 92, 29, 97, 2, 55, 72, 25, 89, 81, 94, 51, 62, 0]|[2, 1, 2, 1, 1, 2, 1, 1, 1, 1, 1, 0, 2, 2, 1, 2, 0, 0, 0, 2, 2, 1, 0, 2, 0, 2, 2, 1, 0, 1, 1, 1, 0, 0, 1, 0, 2, 1, 2, 2, 0, 0, 1, 1, 0, 2, 0, 0, 1, 0, 0, 2, 0, 0, 2, 0, 1, 1, 2, 0, 2, 1, 1, 2, 2, 0, 2, 2, 0, 1, 2, 1, 1, 2, 0, 1, 1, 2, 1, 2, 2, 1, 1, 0, 1, 0, 0, 0, 1, 1, 2, 0, 1, 1, 1, 1, 2, 1, 1, 0]|[0, 3, 0, 3, 4, 1, 4, 4, 2, 4, 3, 2, 1, 0, 2, 1, 1, 1, 2, 1, 1, 3, 0, 1, 0, 1, 1, 4, 1, 4, 3, 2, 2, 0, 4, 1, 1, 4, 1, 1, 2, 2, 4, 4, 1, 1, 0, 0, 3, 2, 2, 1, 2, 1, 1, 2, 4, 3, 2, 2, 2, 3, 3, 1, 1, 2, 1, 1, 2, 4, 1, 3, 4, 1, 2, 4, 3, 1, 3, 1, 1, 4, 4, 2, 3, 2, 2, 2, 3, 4, 1, 2, 4, 4, 4, 4, 1, 3, 3, 2]|[0, 2, 0, 0, 3, 0, 1, 3, 0, 0, 2, 0, 1, 0, 1, 0, 0, 0, 1, 0, 0, 2, 0, 0, 1, 0, 0, 3, 0, 1, 0, 2, 0, 0, 3, 0, 1, 3, 0, 0, 0, 0, 1, 3, 0, 0, 1, 1, 2, 0, 0, 0, 0, 0, 1, 0, 1, 0, 0, 1, 0, 2, 0, 0, 0, 0, 0, 0, 0, 2, 0, 0, 1, 0, 0, 1, 0, 0, 3, 0, 0, 1, 2, 0, 0, 0, 0, 0, 3, 1, 0, 0, 1, 3, 1, 2, 0, 0, 0, 0],903.3914421622127,49356.44331325904,108089.14518076654,false
32,G2_TEC,G2_TEC,[31, 22, 82, 15, 26, 9, 95, 42, 77, 68, 47, 5, 93, 78, 86, 54, 85, 63, 18, 44, 20, 49, 36, 14, 74, 50, 53, 17, 21, 28, 11, 64, 3, 23, 30, 83, 24, 41, 40, 52, 65, 27, 90, 70, 39, 87, 48, 69, 99, 4, 46, 1, 13, 58, 97, 59, 45, 8, 73, 37, 35, 79, 71, 66, 76, 32, 60, 80, 56, 6, 67, 61, 33, 7, 57, 34, 12, 16, 10, 98, 96, 88, 43, 75, 91, 38, 84, 92, 29, 19, 51, 55, 72, 89, 25, 81, 94, 2, 62, 0]|[2, 1, 2, 1, 1, 2, 1, 1, 1, 1, 1, 0, 2, 2, 1, 2, 0, 0, 0, 2, 2, 1, 0, 2, 0, 2, 2, 1, 0, 1, 1, 1, 0, 0, 1, 0, 2, 1, 2, 2, 0, 0, 1, 1, 0, 2, 0, 2, 1, 0, 0, 2, 0, 0, 2, 0, 1, 1, 0, 0, 2, 1, 1, 2, 2, 0, 2, 2, 2, 1, 2, 1, 1, 2, 0, 1, 1, 2, 1, 2, 0, 1, 1, 0, 1, 0, 0, 0, 1, 1, 1, 0, 1, 1, 1, 1, 2, 2, 1, 0]|[0, 3, 0, 3, 4, 1, 4, 4, 2, 4, 3, 2, 1, 0, 2, 1, 1, 1, 2, 1, 1, 3, 0, 1, 0, 1, 1, 4, 1, 4, 3, 2, 2, 0, 4, 1, 1, 4, 1, 1, 2, 1, 4, 4, 1, 1, 0, 2, 3, 2, 2, 1, 2, 1, 1, 2, 4, 3, 0, 2, 2, 3, 3, 1, 1, 2, 1, 1, 1, 4, 1, 3, 4, 1, 2, 4, 3, 1, 3, 1, 2, 4, 4, 2, 3, 2, 2, 2, 3, 4, 3, 2, 4, 4, 4, 4, 1, 1, 3, 2]|[0, 2, 0, 0, 3, 0, 1, 3, 0, 0, 2, 0, 1, 0, 1, 0, 0, 0, 1, 0, 0, 2, 0, 0, 1, 0, 0, 3, 0, 1, 0, 2, 0, 0, 3, 0, 1, 1, 0, 0, 0, 0, 1, 3, 0, 0, 1, 0, 2, 0, 0, 0, 0, 0, 1, 0, 1, 0, 1, 1, 0, 2, 0, 0, 0, 0, 0, 0, 0, 2, 0, 0, 1, 0, 0, 1, 0, 0, 3, 0, 0, 1, 2, 0, 0, 0, 0, 0, 3, 1, 0, 0, 1, 1, 3, 2, 0, 0, 0, 0],908.8272556494078,49445.19365311725,107483.81690224803,false
32,G3_TWC,G3_TWC,[31, 22, 82, 15, 26, 58, 95, 42, 77, 12, 47, 5, 93, 78, 98, 54, 85, 63, 18, 44, 20, 35, 43, 97, 91, 76, 10, 30, 21, 45, 71, 64, 1, 23, 17, 83, 24, 14, 60, 36, 6, 57, 94, 88, 65, 56, 79, 40, 67, 68, 46, 75, 38, 9, 19, 32, 81, 41, 27, 62, 87, 90, 99, 59, 11, 16, 72, 73, 70, 39, 37, 84, 3, 92, 25, 55, 28, 29, 51, 7, 33, 61, 86, 66, 89, 50, 48, 96, 53, 8, 4, 80, 34, 49, 52, 0, 13, 2, 69, 74]|[1, 1, 0, 1, 1, 1, 2, 1, 2, 1, 2, 2, 2, 1, 1, 0, 0, 1, 0, 2, 2, 0, 1, 2, 0, 1, 2, 2, 0, 0, 1, 2, 1, 2, 1, 0, 2, 0, 1, 1, 0, 1, 1, 1, 0, 2, 1, 1, 0, 0, 0, 0, 1, 1, 2, 1, 2, 0, 0, 0, 2, 1, 0, 1, 2, 1, 2, 1, 1, 1, 1, 1, 2, 0, 1, 1, 0, 0, 0, 1, 2, 1, 0, 2, 1, 0, 0, 0, 0, 1, 0, 0, 2, 0, 1, 0, 0, 0, 1, 2]|[4, 3, 2, 2, 0, 0, 2, 2, 2, 4, 1, 1, 2, 4, 4, 1, 1, 4, 2, 1, 1, 1, 1, 2, 1, 2, 1, 1, 1, 1, 3, 2, 3, 0, 4, 0, 1, 1, 0, 3, 2, 2, 4, 0, 1, 1, 0, 2, 0, 1, 2, 2, 1, 4, 0, 3, 2, 1, 1, 2, 1, 3, 1, 1, 1, 3, 0, 4, 3, 1, 4, 1, 1, 2, 4, 4, 2, 1, 1, 3, 1, 3, 1, 1, 1, 1, 1, 1, 2, 3, 2, 1, 1, 1, 1, 2, 2, 2, 3, 1]|[0, 2, 1, 1, 3, 3, 0, 1, 0, 0, 0, 0, 1, 0, 1, 0, 0, 3, 1, 0, 0, 0, 3, 1, 0, 2, 0, 0, 0, 1, 0, 0, 0, 0, 3, 0, 1, 0, 0, 2, 1, 1, 2, 0, 0, 0, 0, 1, 1, 0, 0, 0, 1, 3, 0, 0, 1, 0, 0, 1, 0, 2, 0, 1, 0, 2, 1, 0, 0, 1, 1, 3, 0, 1, 3, 3, 1, 0, 0, 2, 0, 0, 0, 0, 1, 0, 0, 0, 1, 2, 1, 0, 0, 1, 1, 0, 0, 0, 0, 0],790.0808266764368,57926.0831962336,89131.00769295532,false
32,G1_CMAX,G1_CMAX,[31, 22, 82, 15, 26, 99, 95, 42, 77, 12, 47, 5, 93, 78, 86, 54, 21, 63, 18, 44, 20, 35, 43, 97, 91, 76, 10, 30, 85, 45, 71, 64, 1, 23, 17, 83, 24, 14, 60, 36, 6, 57, 40, 88, 65, 56, 79, 94, 67, 68, 46, 75, 38, 9, 19, 32, 41, 81, 27, 87, 90, 58, 59, 11, 16, 72, 73, 70, 39, 37, 84, 3, 92, 25, 55, 48, 62, 29, 51, 96, 33, 61, 98, 28, 89, 50, 4, 7, 53, 80, 52, 66, 34, 49, 8, 0, 74, 69, 2, 13]|[1, 1, 0, 1, 1, 0, 1, 1, 2, 1, 2, 2, 2, 1, 1, 0, 0, 1, 0, 2, 2, 0, 1, 2, 0, 1, 2, 2, 0, 0, 1, 2, 1, 2, 1, 0, 2, 0, 1, 1, 0, 1, 1, 1, 0, 2, 1, 1, 0, 0, 0, 0, 1, 1, 2, 1, 0, 2, 0, 2, 1, 0, 1, 2, 1, 2, 1, 1, 1, 1, 1, 1, 0, 1, 2, 0, 0, 0, 0, 2, 2, 1, 2, 0, 1, 0, 1, 2, 0, 0, 1, 2, 2, 0, 1, 0, 2, 1, 0, 0]|[0, 3, 2, 2, 4, 1, 2, 3, 2, 4, 1, 1, 2, 4, 4, 1, 1, 4, 2, 1, 1, 1, 1, 2, 1, 2, 1, 1, 2, 1, 3, 2, 3, 1, 4, 0, 1, 1, 0, 3, 2, 2, 2, 0, 1, 1, 0, 4, 0, 1, 2, 2, 1, 4, 0, 3, 1, 1, 1, 1, 3, 1, 1, 1, 3, 0, 4, 3, 1, 4, 1, 1, 0, 4, 1, 1, 2, 1, 1, 1, 1, 3, 1, 2, 1, 1, 4, 1, 2, 1, 1, 1, 1, 1, 3, 2, 1, 4, 2, 2]|[0, 2, 1, 1, 3, 0, 1, 3, 0, 0, 0, 0, 1, 0, 1, 0, 0, 3, 1, 0, 0, 0, 3, 1, 0, 2, 0, 0, 0, 1, 0, 0, 0, 0, 3, 0, 1, 0, 0, 2, 1, 1, 1, 0, 0, 0, 0, 2, 1, 0, 0, 0, 1, 3, 0, 0, 0, 0, 0, 0, 2, 0, 1, 0, 2, 1, 0, 0, 1, 1, 3, 1, 1, 3, 0, 0, 1, 0, 0, 0, 0, 0, 0, 1, 1, 0, 0, 0, 1, 0, 1, 0, 0, 1, 2, 0, 0, 2, 0, 0],731.2476204416437,56784.74762275103,92889.2977037672,false
32,G4_BALANCED,G3_TWC,[31, 22, 42, 15, 26, 58, 95, 82, 77, 12, 47, 5, 93, 78, 98, 54, 85, 63, 18, 44, 20, 35, 43, 97, 91, 76, 10, 30, 21, 45, 71, 64, 1, 23, 17, 83, 24, 14, 60, 36, 6, 57, 94, 88, 65, 56, 79, 40, 67, 68, 46, 75, 38, 9, 19, 32, 81, 41, 27, 62, 87, 90, 99, 59, 11, 16, 72, 73, 70, 39, 37, 84, 3, 92, 25, 55, 28, 29, 51, 7, 33, 61, 48, 66, 89, 50, 86, 96, 53, 80, 4, 8, 34, 2, 52, 49, 13, 0, 69, 74]|[1, 1, 0, 1, 1, 1, 2, 1, 2, 1, 2, 2, 2, 1, 1, 0, 0, 1, 0, 2, 2, 0, 1, 2, 0, 1, 2, 2, 0, 0, 1, 2, 1, 2, 1, 0, 2, 0, 1, 1, 0, 1, 1, 1, 0, 2, 1, 1, 0, 0, 0, 0, 1, 1, 2, 1, 2, 0, 0, 0, 2, 1, 0, 1, 2, 1, 2, 1, 1, 1, 1, 1, 1, 0, 1, 1, 0, 0, 0, 1, 2, 1, 0, 0, 1, 0, 0, 0, 0, 0, 0, 1, 2, 0, 1, 0, 0, 0, 1, 2]|[4, 3, 2, 2, 0, 0, 2, 2, 2, 4, 1, 1, 2, 4, 4, 1, 1, 4, 2, 1, 1, 1, 1, 2, 1, 2, 1, 1, 1, 1, 3, 2, 3, 0, 4, 0, 1, 1, 0, 3, 2, 2, 4, 0, 1, 1, 0, 2, 0, 1, 2, 2, 1, 4, 0, 3, 2, 1, 1, 2, 1, 3, 1, 1, 1, 3, 0, 4, 3, 1, 4, 1, 1, 2, 4, 4, 2, 1, 1, 3, 1, 3, 1, 1, 1, 1, 1, 1, 2, 1, 2, 3, 1, 2, 1, 1, 2, 2, 3, 1]|[0, 2, 1, 1, 3, 3, 0, 1, 0, 0, 0, 0, 1, 0, 1, 0, 0, 3, 1, 0, 0, 0, 3, 1, 0, 2, 0, 0, 0, 1, 0, 0, 0, 0, 3, 0, 1, 0, 0, 2, 1, 1, 2, 0, 0, 0, 0, 1, 1, 0, 0, 0, 1, 3, 0, 0, 1, 0, 0, 1, 0, 2, 0, 1, 0, 2, 1, 0, 0, 1, 1, 3, 1, 1, 3, 3, 1, 0, 0, 2, 0, 0, 0, 0, 1, 0, 0, 0, 1, 0, 1, 2, 0, 0, 1, 1, 0, 0, 0, 0],821.3897039891071,58035.542473704576,88270.61507502937,true
32,G2_TEC,G2_TEC,[31, 22, 82, 15, 26, 9, 95, 42, 77, 68, 47, 5, 93, 78, 86, 54, 85, 63, 18, 44, 20, 49, 36, 14, 74, 50, 53, 17, 21, 28, 11, 64, 3, 23, 30, 83, 24, 41, 40, 52, 65, 27, 90, 70, 39, 87, 48, 69, 99, 4, 46, 1, 13, 58, 97, 59, 45, 8, 73, 37, 35, 79, 71, 66, 76, 32, 60, 80, 56, 6, 67, 61, 33, 7, 57, 34, 12, 16, 10, 98, 96, 88, 43, 75, 91, 38, 84, 92, 29, 19, 51, 55, 72, 89, 25, 81, 94, 2, 62, 0]|[2, 1, 2, 1, 1, 2, 1, 1, 1, 1, 1, 0, 2, 2, 1, 2, 0, 0, 0, 2, 2, 1, 0, 2, 0, 2, 2, 1, 0, 1, 1, 1, 0, 0, 1, 0, 2, 1, 2, 2, 0, 0, 1, 1, 0, 2, 0, 2, 1, 0, 0, 2, 0, 0, 2, 0, 1, 1, 0, 0, 2, 1, 1, 2, 2, 0, 2, 2, 2, 1, 2, 1, 1, 2, 0, 1, 1, 2, 1, 2, 0, 1, 1, 0, 1, 0, 0, 0, 1, 1, 1, 0, 1, 1, 1, 1, 2, 2, 1, 0]|[0, 3, 0, 3, 4, 1, 4, 4, 2, 4, 3, 2, 1, 0, 2, 1, 1, 1, 2, 1, 1, 3, 0, 1, 0, 1, 1, 4, 1, 4, 3, 2, 2, 0, 4, 1, 1, 4, 1, 1, 2, 1, 4, 4, 1, 1, 0, 2, 3, 2, 2, 1, 2, 1, 1, 2, 4, 3, 0, 2, 2, 3, 3, 1, 1, 2, 1, 1, 1, 4, 1, 3, 4, 1, 2, 4, 3, 1, 3, 1, 2, 4, 4, 2, 3, 2, 2, 2, 3, 4, 3, 2, 4, 4, 4, 4, 1, 1, 3, 2]|[0, 2, 0, 0, 3, 0, 1, 3, 0, 0, 2, 0, 1, 0, 1, 0, 0, 0, 1, 0, 0, 2, 0, 0, 1, 0, 0, 3, 0, 1, 0, 2, 0, 0, 3, 0, 1, 1, 0, 0, 0, 0, 1, 3, 0, 0, 1, 0, 2, 0, 0, 0, 0, 0, 1, 0, 1, 0, 1, 1, 0, 2, 0, 0, 0, 0, 0, 0, 0, 2, 0, 0, 1, 0, 0, 1, 0, 0, 3, 0, 0, 1, 2, 0, 0, 0, 0, 0, 3, 1, 0, 0, 1, 1, 3, 2, 0, 0, 0, 0],908.8272556494078,49445.19365311725,107483.81690224803,false
32,G3_TWC,G3_TWC,[31, 22, 82, 15, 26, 58, 95, 42, 77, 12, 47, 5, 93, 78, 98, 54, 85, 63, 18, 44, 20, 35, 43, 97, 91, 76, 10, 30, 21, 45, 71, 64, 1, 23, 17, 83, 24, 14, 60, 36, 6, 57, 94, 88, 65, 56, 79, 40, 67, 68, 46, 75, 38, 9, 19, 32, 81, 41, 27, 62, 87, 90, 99, 59, 11, 16, 72, 73, 70, 39, 37, 84, 3, 92, 25, 55, 28, 29, 51, 7, 33, 61, 86, 66, 89, 50, 48, 96, 53, 8, 4, 80, 34, 49, 52, 0, 13, 2, 69, 74]|[1, 1, 0, 1, 1, 1, 2, 1, 2, 1, 2, 2, 2, 1, 1, 0, 0, 1, 0, 2, 2, 0, 1, 2, 0, 1, 2, 2, 0, 0, 1, 2, 1, 2, 1, 0, 2, 0, 1, 1, 0, 1, 1, 1, 0, 2, 1, 1, 0, 0, 0, 0, 1, 1, 2, 1, 2, 0, 0, 0, 2, 1, 0, 1, 2, 1, 2, 1, 1, 1, 1, 1, 2, 0, 1, 1, 0, 0, 0, 1, 2, 1, 0, 2, 1, 0, 0, 0, 0, 1, 0, 0, 2, 0, 1, 0, 0, 0, 1, 2]|[4, 3, 2, 2, 0, 0, 2, 2, 2, 4, 1, 1, 2, 4, 4, 1, 1, 4, 2, 1, 1, 1, 1, 2, 1, 2, 1, 1, 1, 1, 3, 2, 3, 0, 4, 0, 1, 1, 0, 3, 2, 2, 4, 0, 1, 1, 0, 2, 0, 1, 2, 2, 1, 4, 0, 3, 2, 1, 1, 2, 1, 3, 1, 1, 1, 3, 0, 4, 3, 1, 4, 1, 1, 2, 4, 4, 2, 1, 1, 3, 1, 3, 1, 1, 1, 1, 1, 1, 2, 3, 2, 1, 1, 1, 1, 2, 2, 2, 3, 1]|[0, 2, 1, 1, 3, 3, 0, 1, 0, 0, 0, 0, 1, 0, 1, 0, 0, 3, 1, 0, 0, 0, 3, 1, 0, 2, 0, 0, 0, 1, 0, 0, 0, 0, 3, 0, 1, 0, 0, 2, 1, 1, 2, 0, 0, 0, 0, 1, 1, 0, 0, 0, 1, 3, 0, 0, 1, 0, 0, 1, 0, 2, 0, 1, 0, 2, 1, 0, 0, 1, 1, 3, 0, 1, 3, 3, 1, 0, 0, 2, 0, 0, 0, 0, 1, 0, 0, 0, 1, 2, 1, 0, 0, 1, 1, 0, 0, 0, 0, 0],790.0808266764368,57926.0831962336,89131.00769295532,false
32,G1_CMAX,G1_CMAX,[31, 22, 82, 15, 26, 99, 95, 42, 77, 12, 47, 5, 93, 78, 86, 54, 21, 63, 18, 44, 20, 35, 43, 97, 91, 76, 10, 30, 85, 45, 71, 64, 1, 23, 17, 83, 24, 14, 60, 36, 6, 57, 40, 88, 65, 56, 79, 94, 67, 68, 46, 75, 38, 9, 19, 32, 41, 81, 27, 87, 90, 58, 59, 11, 16, 72, 73, 70, 39, 37, 84, 3, 92, 25, 55, 48, 62, 29, 51, 96, 33, 61, 98, 28, 89, 50, 4, 7, 53, 80, 52, 66, 34, 49, 8, 0, 74, 69, 2, 13]|[1, 1, 0, 1, 1, 0, 1, 1, 2, 1, 2, 2, 2, 1, 1, 0, 0, 1, 0, 2, 2, 0, 1, 2, 0, 1, 2, 2, 0, 0, 1, 2, 1, 2, 1, 0, 2, 0, 1, 1, 0, 1, 1, 1, 0, 2, 1, 1, 0, 0, 0, 0, 1, 1, 2, 1, 0, 2, 0, 2, 1, 0, 1, 2, 1, 2, 1, 1, 1, 1, 1, 1, 0, 1, 2, 0, 0, 0, 0, 2, 2, 1, 2, 0, 1, 0, 1, 2, 0, 0, 1, 2, 2, 0, 1, 0, 2, 1, 0, 0]|[0, 3, 2, 2, 4, 1, 2, 3, 2, 4, 1, 1, 2, 4, 4, 1, 1, 4, 2, 1, 1, 1, 1, 2, 1, 2, 1, 1, 2, 1, 3, 2, 3, 1, 4, 0, 1, 1, 0, 3, 2, 2, 2, 0, 1, 1, 0, 4, 0, 1, 2, 2, 1, 4, 0, 3, 1, 1, 1, 1, 3, 1, 1, 1, 3, 0, 4, 3, 1, 4, 1, 1, 0, 4, 1, 1, 2, 1, 1, 1, 1, 3, 1, 2, 1, 1, 4, 1, 2, 1, 1, 1, 1, 1, 3, 2, 1, 4, 2, 2]|[0, 2, 1, 1, 3, 0, 1, 3, 0, 0, 0, 0, 1, 0, 1, 0, 0, 3, 1, 0, 0, 0, 3, 1, 0, 2, 0, 0, 0, 1, 0, 0, 0, 0, 3, 0, 1, 0, 0, 2, 1, 1, 1, 0, 0, 0, 0, 2, 1, 0, 0, 0, 1, 3, 0, 0, 0, 0, 0, 0, 2, 0, 1, 0, 2, 1, 0, 0, 1, 1, 3, 1, 1, 3, 0, 0, 1, 0, 0, 0, 0, 0, 0, 1, 1, 0, 0, 0, 1, 0, 1, 0, 0, 1, 2, 0, 0, 2, 0, 0],731.2476204416437,56784.74762275103,92889.2977037672,false
32,G4_BALANCED,G3_TWC,[31, 22, 82, 15, 26, 58, 95, 80, 77, 12, 47, 5, 93, 78, 98, 54, 85, 63, 18, 44, 20, 35, 43, 97, 91, 76, 10, 30, 21, 45, 71, 64, 1, 23, 17, 83, 24, 14, 60, 36, 6, 57, 94, 88, 65, 56, 79, 40, 67, 68, 46, 75, 38, 9, 19, 32, 81, 41, 27, 62, 87, 90, 99, 59, 11, 16, 72, 73, 70, 39, 37, 84, 3, 92, 25, 55, 28, 29, 51, 7, 33, 61, 86, 66, 89, 50, 48, 96, 53, 42, 8, 4, 34, 49, 52, 2, 13, 0, 69, 74]|[1, 1, 0, 1, 1, 1, 2, 0, 2, 1, 2, 2, 2, 1, 1, 0, 0, 1, 0, 2, 2, 0, 1, 2, 0, 1, 2, 2, 0, 0, 1, 2, 1, 2, 1, 0, 2, 0, 1, 1, 0, 1, 1, 1, 0, 2, 1, 1, 0, 0, 0, 0, 1, 1, 2, 1, 2, 0, 0, 0, 2, 1, 0, 1, 2, 1, 2, 1, 1, 1, 1, 1, 2, 0, 1, 1, 0, 0, 0, 1, 2, 1, 0, 2, 1, 0, 0, 0, 0, 0, 1, 0, 2, 0, 1, 0, 0, 0, 1, 2]|[4, 3, 2, 2, 0, 0, 2, 1, 2, 4, 1, 1, 2, 4, 4, 1, 1, 4, 2, 1, 1, 1, 1, 2, 1, 2, 1, 1, 1, 1, 3, 2, 3, 0, 4, 0, 1, 1, 0, 3, 2, 2, 4, 0, 1, 1, 0, 2, 0, 1, 2, 2, 1, 4, 0, 3, 2, 1, 1, 2, 1, 3, 1, 1, 1, 3, 0, 4, 3, 1, 4, 1, 1, 2, 4, 4, 2, 1, 1, 3, 1, 3, 1, 1, 1, 1, 1, 1, 2, 1, 4, 2, 1, 1, 1, 2, 2, 2, 3, 1]|[0, 2, 1, 1, 3, 3, 0, 0, 0, 0, 0, 0, 1, 0, 1, 0, 0, 3, 1, 0, 0, 0, 3, 1, 0, 2, 0, 0, 0, 1, 0, 0, 0, 0, 3, 0, 1, 0, 0, 2, 1, 1, 2, 0, 0, 0, 0, 1, 1, 0, 0, 0, 1, 3, 0, 0, 1, 0, 0, 1, 0, 2, 0, 1, 0, 2, 1, 0, 0, 1, 1, 3, 0, 1, 3, 3, 1, 0, 0, 2, 0, 0, 0, 0, 1, 0, 0, 0, 1, 0, 2, 1, 0, 1, 1, 0, 0, 0, 0, 0],837.5353282682388,57566.811123018866,89883.22765198295,true
32,G2_TEC,G2_TEC,[31, 22, 82, 15, 26, 9, 95, 42, 77, 68, 47, 5, 93, 78, 86, 54, 85, 63, 18, 44, 20, 49, 36, 14, 74, 50, 53, 17, 21, 28, 11, 64, 3, 23, 30, 83, 24, 41, 40, 52, 65, 27, 90, 70, 39, 87, 48, 69, 99, 4, 46, 1, 13, 58, 97, 59, 45, 8, 73, 37, 35, 79, 71, 66, 76, 32, 60, 80, 56, 6, 67, 61, 33, 7, 57, 34, 12, 16, 10, 98, 96, 88, 43, 75, 91, 38, 84, 92, 29, 19, 51, 55, 72, 89, 25, 81, 94, 2, 62, 0]|[2, 1, 2, 1, 1, 2, 1, 1, 1, 1, 1, 0, 2, 2, 1, 2, 0, 0, 0, 2, 2, 1, 0, 2, 0, 2, 2, 1, 0, 1, 1, 1, 0, 0, 1, 0, 2, 1, 2, 2, 0, 0, 1, 1, 0, 2, 0, 2, 1, 0, 0, 2, 0, 0, 2, 0, 1, 1, 0, 0, 2, 1, 1, 2, 2, 0, 2, 2, 2, 1, 2, 1, 1, 2, 0, 1, 1, 2, 1, 2, 0, 1, 1, 0, 1, 0, 0, 0, 1, 1, 1, 0, 1, 1, 1, 1, 2, 2, 1, 0]|[0, 3, 0, 3, 4, 1, 4, 4, 2, 4, 3, 2, 1, 0, 2, 1, 1, 1, 2, 1, 1, 3, 0, 1, 0, 1, 1, 4, 1, 4, 3, 2, 2, 0, 4, 1, 1, 4, 1, 1, 2, 1, 4, 4, 1, 1, 0, 2, 3, 2, 2, 1, 2, 1, 1, 2, 4, 3, 0, 2, 2, 3, 3, 1, 1, 2, 1, 1, 1, 4, 1, 3, 4, 1, 2, 4, 3, 1, 3, 1, 2, 4, 4, 2, 3, 2, 2, 2, 3, 4, 3, 2, 4, 4, 4, 4, 1, 1, 3, 2]|[0, 2, 0, 0, 3, 0, 1, 3, 0, 0, 2, 0, 1, 0, 1, 0, 0, 0, 1, 0, 0, 2, 0, 0, 1, 0, 0, 3, 0, 1, 0, 2, 0, 0, 3, 0, 1, 1, 0, 0, 0, 0, 1, 3, 0, 0, 1, 0, 2, 0, 0, 0, 0, 0, 1, 0, 1, 0, 1, 1, 0, 2, 0, 0, 0, 0, 0, 0, 0, 2, 0, 0, 1, 0, 0, 1, 0, 0, 3, 0, 0, 1, 2, 0, 0, 0, 0, 0, 3, 1, 0, 0, 1, 1, 3, 2, 0, 0, 0, 0],908.8272556494078,49445.19365311725,107483.81690224803,false
32,G3_TWC,G3_TWC,[31, 22, 82, 15, 26, 58, 95, 42, 77, 12, 47, 5, 93, 78, 98, 54, 85, 63, 18, 44, 20, 35, 43, 97, 91, 76, 10, 30, 21, 45, 71, 64, 1, 23, 17, 83, 24, 14, 60, 36, 6, 57, 94, 88, 65, 56, 79, 40, 67, 68, 46, 75, 38, 9, 19, 32, 81, 41, 27, 62, 87, 90, 99, 59, 11, 16, 72, 73, 70, 39, 37, 84, 3, 92, 25, 55, 28, 29, 51, 7, 33, 61, 86, 66, 89, 50, 48, 96, 53, 8, 4, 80, 34, 49, 52, 0, 13, 2, 69, 74]|[1, 1, 0, 1, 1, 1, 2, 1, 2, 1, 2, 2, 2, 1, 1, 0, 0, 1, 0, 2, 2, 0, 1, 2, 0, 1, 2, 2, 0, 0, 1, 2, 1, 2, 1, 0, 2, 0, 1, 1, 0, 1, 1, 1, 0, 2, 1, 1, 0, 0, 0, 0, 1, 1, 2, 1, 2, 0, 0, 0, 2, 1, 0, 1, 2, 1, 2, 1, 1, 1, 1, 1, 2, 0, 1, 1, 0, 0, 0, 1, 2, 1, 0, 2, 1, 0, 0, 0, 0, 1, 0, 0, 2, 0, 1, 0, 0, 0, 1, 2]|[4, 3, 2, 2, 0, 0, 2, 2, 2, 4, 1, 1, 2, 4, 4, 1, 1, 4, 2, 1, 1, 1, 1, 2, 1, 2, 1, 1, 1, 1, 3, 2, 3, 0, 4, 0, 1, 1, 0, 3, 2, 2, 4, 0, 1, 1, 0, 2, 0, 1, 2, 2, 1, 4, 0, 3, 2, 1, 1, 2, 1, 3, 1, 1, 1, 3, 0, 4, 3, 1, 4, 1, 1, 2, 4, 4, 2, 1, 1, 3, 1, 3, 1, 1, 1, 1, 1, 1, 2, 3, 2, 1, 1, 1, 1, 2, 2, 2, 3, 1]|[0, 2, 1, 1, 3, 3, 0, 1, 0, 0, 0, 0, 1, 0, 1, 0, 0, 3, 1, 0, 0, 0, 3, 1, 0, 2, 0, 0, 0, 1, 0, 0, 0, 0, 3, 0, 1, 0, 0, 2, 1, 1, 2, 0, 0, 0, 0, 1, 1, 0, 0, 0, 1, 3, 0, 0, 1, 0, 0, 1, 0, 2, 0, 1, 0, 2, 1, 0, 0, 1, 1, 3, 0, 1, 3, 3, 1, 0, 0, 2, 0, 0, 0, 0, 1, 0, 0, 0, 1, 2, 1, 0, 0, 1, 1, 0, 0, 0, 0, 0],790.0808266764368,57926.0831962336,89131.00769295532,false
32,G1_CMAX,G1_CMAX,[31, 22, 82, 15, 26, 99, 95, 42, 77, 12, 47, 5, 93, 78, 86, 54, 21, 63, 18, 44, 20, 35, 43, 97, 91, 76, 10, 30, 85, 45, 71, 64, 1, 23, 17, 83, 24, 14, 60, 36, 6, 57, 40, 88, 65, 56, 79, 94, 67, 68, 46, 75, 38, 9, 19, 32, 41, 81, 27, 87, 90, 58, 59, 11, 16, 72, 73, 70, 39, 37, 84, 3, 92, 25, 55, 48, 62, 29, 51, 96, 33, 61, 98, 28, 89, 50, 4, 7, 53, 80, 52, 66, 34, 49, 8, 0, 74, 69, 2, 13]|[1, 1, 0, 1, 1, 0, 1, 1, 2, 1, 2, 2, 2, 1, 1, 0, 0, 1, 0, 2, 2, 0, 1, 2, 0, 1, 2, 2, 0, 0, 1, 2, 1, 2, 1, 0, 2, 0, 1, 1, 0, 1, 1, 1, 0, 2, 1, 1, 0, 0, 0, 0, 1, 1, 2, 1, 0, 2, 0, 2, 1, 0, 1, 2, 1, 2, 1, 1, 1, 1, 1, 1, 0, 1, 2, 0, 0, 0, 0, 2, 2, 1, 2, 0, 1, 0, 1, 2, 0, 0, 1, 2, 2, 0, 1, 0, 2, 1, 0, 0]|[0, 3, 2, 2, 4, 1, 2, 3, 2, 4, 1, 1, 2, 4, 4, 1, 1, 4, 2, 1, 1, 1, 1, 2, 1, 2, 1, 1, 2, 1, 3, 2, 3, 1, 4, 0, 1, 1, 0, 3, 2, 2, 2, 0, 1, 1, 0, 4, 0, 1, 2, 2, 1, 4, 0, 3, 1, 1, 1, 1, 3, 1, 1, 1, 3, 0, 4, 3, 1, 4, 1, 1, 0, 4, 1, 1, 2, 1, 1, 1, 1, 3, 1, 2, 1, 1, 4, 1, 2, 1, 1, 1, 1, 1, 3, 2, 1, 4, 2, 2]|[0, 2, 1, 1, 3, 0, 1, 3, 0, 0, 0, 0, 1, 0, 1, 0, 0, 3, 1, 0, 0, 0, 3, 1, 0, 2, 0, 0, 0, 1, 0, 0, 0, 0, 3, 0, 1, 0, 0, 2, 1, 1, 1, 0, 0, 0, 0, 2, 1, 0, 0, 0, 1, 3, 0, 0, 0, 0, 0, 0, 2, 0, 1, 0, 2, 1, 0, 0, 1, 1, 3, 1, 1, 3, 0, 0, 1, 0, 0, 0, 0, 0, 0, 1, 1, 0, 0, 0, 1, 0, 1, 0, 0, 1, 2, 0, 0, 2, 0, 0],731.2476204416437,56784.74762275103,92889.2977037672,false
32,G4_BALANCED,G3_TWC,[31, 22, 82, 15, 26, 58, 95, 42, 77, 12, 47, 5, 93, 78, 98, 54, 85, 63, 18, 44, 20, 35, 43, 97, 91, 76, 10, 30, 21, 45, 71, 64, 1, 23, 17, 83, 24, 14, 60, 36, 6, 57, 94, 88, 65, 56, 79, 40, 67, 68, 46, 75, 38, 9, 19, 32, 81, 41, 27, 62, 87, 90, 99, 59, 11, 16, 72, 73, 70, 39, 37, 84, 3, 92, 25, 55, 28, 29, 51, 7, 33, 61, 86, 66, 89, 50, 48, 96, 53, 80, 8, 4, 34, 49, 52, 2, 13, 0, 69, 74]|[1, 1, 0, 0, 1, 1, 2, 1, 2, 1, 2, 2, 2, 1, 1, 0, 0, 1, 0, 2, 2, 0, 1, 2, 0, 1, 2, 2, 0, 0, 1, 2, 1, 2, 1, 0, 2, 0, 1, 1, 0, 1, 1, 1, 0, 2, 1, 1, 0, 0, 0, 0, 1, 1, 2, 1, 2, 0, 0, 0, 2, 1, 0, 1, 2, 1, 2, 1, 1, 1, 1, 1, 2, 0, 1, 2, 0, 0, 0, 1, 2, 1, 0, 2, 1, 0, 0, 0, 0, 0, 1, 0, 2, 0, 1, 0, 0, 0, 1, 2]|[4, 3, 2, 2, 0, 0, 2, 2, 2, 4, 1, 1, 2, 4, 4, 1, 1, 4, 2, 1, 1, 1, 1, 2, 1, 2, 1, 1, 1, 1, 3, 2, 3, 0, 4, 0, 1, 1, 0, 3, 2, 2, 4, 0, 1, 1, 0, 2, 0, 1, 2, 2, 1, 4, 0, 3, 2, 1, 1, 2, 1, 3, 1, 1, 1, 3, 0, 4, 3, 1, 4, 1, 1, 2, 4, 1, 2, 1, 1, 3, 1, 3, 1, 1, 1, 1, 1, 1, 2, 1, 3, 2, 1, 1, 1, 2, 2, 2, 3, 1]|[0, 2, 1, 1, 3, 3, 0, 1, 0, 0, 0, 0, 1, 0, 1, 0, 0, 3, 1, 0, 0, 0, 3, 1, 0, 2, 0, 0, 0, 1, 0, 0, 0, 0, 3, 0, 1, 0, 0, 2, 1, 1, 2, 0, 0, 0, 0, 1, 1, 0, 0, 0, 1, 3, 0, 0, 1, 0, 0, 1, 0, 2, 0, 1, 0, 2, 1, 0, 0, 1, 1, 3, 0, 1, 3, 0, 1, 0, 0, 2, 0, 0, 0, 0, 1, 0, 0, 0, 1, 0, 2, 1, 0, 1, 1, 0, 0, 0, 0, 0],816.7509064880896,57778.948965405754,89426.14715116512,true
32,G2_TEC,G2_TEC,[31, 22, 82, 15, 26, 9, 95, 42, 77, 68, 47, 5, 93, 78, 86, 54, 85, 63, 18, 44, 20, 49, 36, 14, 74, 50, 53, 17, 21, 28, 11, 64, 3, 23, 30, 83, 24, 41, 40, 52, 65, 27, 90, 70, 39, 87, 48, 69, 99, 4, 46, 1, 13, 58, 97, 59, 45, 8, 73, 37, 35, 79, 71, 66, 76, 32, 60, 80, 56, 6, 67, 61, 33, 7, 57, 34, 12, 16, 10, 98, 96, 88, 43, 75, 91, 38, 84, 92, 29, 19, 51, 55, 72, 89, 25, 81, 94, 2, 62, 0]|[2, 1, 2, 1, 1, 2, 1, 1, 1, 1, 1, 0, 2, 2, 1, 2, 0, 0, 0, 2, 2, 1, 0, 2, 0, 2, 2, 1, 0, 1, 1, 1, 0, 0, 1, 0, 2, 1, 2, 2, 0, 0, 1, 1, 0, 2, 0, 2, 1, 0, 0, 2, 0, 0, 2, 0, 1, 1, 0, 0, 2, 1, 1, 2, 2, 0, 2, 2, 2, 1, 2, 1, 1, 2, 0, 1, 1, 2, 1, 2, 0, 1, 1, 0, 1, 0, 0, 0, 1, 1, 1, 0, 1, 1, 1, 1, 2, 2, 1, 0]|[0, 3, 0, 3, 4, 1, 4, 4, 2, 4, 3, 2, 1, 0, 2, 1, 1, 1, 2, 1, 1, 3, 0, 1, 0, 1, 1, 4, 1, 4, 3, 2, 2, 0, 4, 1, 1, 4, 1, 1, 2, 1, 4, 4, 1, 1, 0, 2, 3, 2, 2, 1, 2, 1, 1, 2, 4, 3, 0, 2, 2, 3, 3, 1, 1, 2, 1, 1, 1, 4, 1, 3, 4, 1, 2, 4, 3, 1, 3, 1, 2, 4, 4, 2, 3, 2, 2, 2, 3, 4, 3, 2, 4, 4, 4, 4, 1, 1, 3, 2]|[0, 2, 0, 0, 3, 0, 1, 3, 0, 0, 2, 0, 1, 0, 1, 0, 0, 0, 1, 0, 0, 2, 0, 0, 1, 0, 0, 3, 0, 1, 0, 2, 0, 0, 3, 0, 1, 1, 0, 0, 0, 0, 1, 3, 0, 0, 1, 0, 2, 0, 0, 0, 0, 0, 1, 0, 1, 0, 1, 1, 0, 2, 0, 0, 0, 0, 0, 0, 0, 2, 0, 0, 1, 0, 0, 1, 0, 0, 3, 0, 0, 1, 2, 0, 0, 0, 0, 0, 3, 1, 0, 0, 1, 1, 3, 2, 0, 0, 0, 0],908.8272556494078,49445.19365311725,107483.81690224803,false
32,G3_TWC,G3_TWC,[31, 22, 82, 15, 26, 58, 95, 42, 77, 12, 47, 5, 93, 78, 98, 54, 85, 63, 18, 44, 20, 35, 43, 97, 91, 76, 10, 30, 21, 45, 71, 64, 1, 23, 17, 83, 24, 14, 60, 36, 6, 57, 94, 88, 65, 56, 79, 40, 67, 68, 46, 75, 38, 9, 19, 32, 81, 41, 27, 62, 87, 90, 99, 59, 11, 16, 72, 73, 70, 39, 37, 84, 3, 92, 25, 55, 28, 29, 51, 7, 33, 61, 86, 66, 89, 50, 48, 96, 53, 8, 4, 80, 34, 49, 52, 0, 13, 2, 69, 74]|[1, 1, 0, 1, 1, 1, 2, 1, 2, 1, 2, 2, 2, 1, 1, 0, 0, 1, 0, 2, 2, 0, 1, 2, 0, 1, 2, 2, 0, 0, 1, 2, 1, 2, 1, 0, 2, 0, 1, 1, 0, 1, 1, 1, 0, 2, 1, 1, 0, 0, 0, 0, 1, 1, 2, 1, 2, 0, 0, 0, 2, 1, 0, 1, 2, 1, 2, 1, 1, 1, 1, 1, 2, 0, 1, 1, 0, 0, 0, 1, 2, 1, 0, 2, 1, 0, 0, 0, 0, 1, 0, 0, 2, 0, 1, 0, 0, 0, 1, 2]|[4, 3, 2, 2, 0, 0, 2, 2, 2, 4, 1, 1, 2, 4, 4, 1, 1, 4, 2, 1, 1, 1, 1, 2, 1, 2, 1, 1, 1, 1, 3, 2, 3, 0, 4, 0, 1, 1, 0, 3, 2, 2, 4, 0, 1, 1, 0, 2, 0, 1, 2, 2, 1, 4, 0, 3, 2, 1, 1, 2, 1, 3, 1, 1, 1, 3, 0, 4, 3, 1, 4, 1, 1, 2, 4, 4, 2, 1, 1, 3, 1, 3, 1, 1, 1, 1, 1, 1, 2, 3, 2, 1, 1, 1, 1, 2, 2, 2, 3, 1]|[0, 2, 1, 1, 3, 3, 0, 1, 0, 0, 0, 0, 1, 0, 1, 0, 0, 3, 1, 0, 0, 0, 3, 1, 0, 2, 0, 0, 0, 1, 0, 0, 0, 0, 3, 0, 1, 0, 0, 2, 1, 1, 2, 0, 0, 0, 0, 1, 1, 0, 0, 0, 1, 3, 0, 0, 1, 0, 0, 1, 0, 2, 0, 1, 0, 2, 1, 0, 0, 1, 1, 3, 0, 1, 3, 3, 1, 0, 0, 2, 0, 0, 0, 0, 1, 0, 0, 0, 1, 2, 1, 0, 0, 1, 1, 0, 0, 0, 0, 0],790.0808266764368,57926.0831962336,89131.00769295532,false
32,G1_CMAX,G1_CMAX,[31, 22, 82, 15, 26, 99, 95, 42, 77, 12, 47, 5, 93, 78, 86, 54, 21, 63, 18, 44, 20, 35, 43, 97, 91, 76, 10, 30, 85, 45, 71, 64, 1, 23, 17, 83, 24, 14, 60, 36, 6, 57, 40, 88, 65, 56, 79, 94, 67, 68, 46, 75, 38, 9, 19, 32, 41, 81, 27, 87, 90, 58, 59, 11, 16, 72, 73, 70, 39, 37, 84, 3, 92, 25, 55, 48, 62, 29, 51, 96, 33, 61, 98, 28, 89, 50, 4, 7, 53, 80, 52, 66, 34, 49, 8, 0, 74, 69, 2, 13]|[1, 1, 0, 1, 1, 0, 1, 1, 2, 1, 2, 2, 2, 1, 1, 0, 0, 1, 0, 2, 2, 0, 1, 2, 0, 1, 2, 2, 0, 0, 1, 2, 1, 2, 1, 0, 2, 0, 1, 1, 0, 1, 1, 1, 0, 2, 1, 1, 0, 0, 0, 0, 1, 1, 2, 1, 0, 2, 0, 2, 1, 0, 1, 2, 1, 2, 1, 1, 1, 1, 1, 1, 0, 1, 2, 0, 0, 0, 0, 2, 2, 1, 2, 0, 1, 0, 1, 2, 0, 0, 1, 2, 2, 0, 1, 0, 2, 1, 0, 0]|[0, 3, 2, 2, 4, 1, 2, 3, 2, 4, 1, 1, 2, 4, 4, 1, 1, 4, 2, 1, 1, 1, 1, 2, 1, 2, 1, 1, 2, 1, 3, 2, 3, 1, 4, 0, 1, 1, 0, 3, 2, 2, 2, 0, 1, 1, 0, 4, 0, 1, 2, 2, 1, 4, 0, 3, 1, 1, 1, 1, 3, 1, 1, 1, 3, 0, 4, 3, 1, 4, 1, 1, 0, 4, 1, 1, 2, 1, 1, 1, 1, 3, 1, 2, 1, 1, 4, 1, 2, 1, 1, 1, 1, 1, 3, 2, 1, 4, 2, 2]|[0, 2, 1, 1, 3, 0, 1, 3, 0, 0, 0, 0, 1, 0, 1, 0, 0, 3, 1, 0, 0, 0, 3, 1, 0, 2, 0, 0, 0, 1, 0, 0, 0, 0, 3, 0, 1, 0, 0, 2, 1, 1, 1, 0, 0, 0, 0, 2, 1, 0, 0, 0, 1, 3, 0, 0, 0, 0, 0, 0, 2, 0, 1, 0, 2, 1, 0, 0, 1, 1, 3, 1, 1, 3, 0, 0, 1, 0, 0, 0, 0, 0, 0, 1, 1, 0, 0, 0, 1, 0, 1, 0, 0, 1, 2, 0, 0, 2, 0, 0],731.2476204416437,56784.74762275103,92889.2977037672,false
32,G4_BALANCED,G1_CMAX,[31, 22, 82, 15, 26, 99, 95, 42, 77, 12, 47, 5, 93, 78, 86, 54, 21, 63, 18, 44, 20, 35, 43, 97, 91, 76, 10, 30, 85, 45, 71, 64, 1, 23, 17, 83, 24, 14, 60, 36, 6, 57, 40, 88, 65, 56, 79, 94, 67, 68, 46, 75, 38, 9, 19, 32, 41, 81, 27, 87, 90, 58, 59, 11, 16, 72, 73, 70, 39, 37, 84, 3, 92, 25, 55, 48, 62, 29, 51, 7, 33, 61, 98, 28, 89, 50, 4, 96, 53, 80, 8, 66, 34, 49, 52, 0, 74, 69, 2, 13]|[1, 1, 0, 1, 1, 0, 1, 1, 2, 1, 2, 2, 2, 1, 1, 0, 0, 1, 0, 2, 2, 0, 1, 2, 0, 1, 2, 2, 0, 0, 1, 2, 1, 2, 1, 0, 2, 0, 1, 1, 0, 1, 1, 1, 0, 2, 1, 1, 0, 0, 0, 0, 1, 1, 2, 1, 0, 2, 0, 2, 1, 0, 1, 2, 1, 2, 1, 1, 1, 1, 1, 1, 0, 1, 2, 0, 0, 0, 0, 2, 2, 1, 2, 0, 1, 0, 1, 2, 0, 0, 1, 2, 2, 0, 1, 0, 2, 1, 0, 0]|[0, 3, 2, 2, 4, 1, 2, 3, 2, 4, 1, 1, 2, 4, 4, 1, 1, 4, 2, 1, 1, 1, 1, 2, 1, 2, 1, 1, 2, 1, 3, 2, 3, 1, 4, 0, 1, 1, 0, 3, 2, 2, 2, 0, 1, 1, 0, 4, 0, 1, 2, 2, 1, 4, 0, 3, 1, 1, 1, 1, 3, 1, 1, 1, 3, 0, 4, 3, 1, 4, 1, 1, 0, 4, 1, 1, 2, 1, 1, 1, 1, 3, 1, 2, 1, 1, 4, 1, 2, 1, 3, 1, 1, 1, 1, 2, 1, 4, 2, 2]|[0, 2, 1, 1, 3, 0, 1, 3, 0, 0, 0, 0, 1, 0, 1, 0, 0, 3, 1, 0, 0, 0, 3, 1, 0, 2, 0, 0, 0, 1, 0, 0, 0, 0, 3, 0, 1, 0, 0, 2, 1, 1, 1, 0, 0, 0, 0, 2, 1, 0, 0, 0, 1, 3, 0, 0, 0, 0, 0, 0, 2, 0, 1, 0, 2, 1, 0, 0, 1, 1, 3, 1, 1, 3, 0, 0, 1, 0, 0, 0, 0, 0, 0, 1, 1, 0, 0, 0, 1, 0, 2, 0, 0, 1, 1, 0, 0, 2, 0, 0],731.2476204416437,56764.727451502455,92957.61007723046,true
32,G2_TEC,G2_TEC,[31, 22, 82, 15, 26, 9, 95, 42, 77, 68, 47, 5, 93, 78, 86, 54, 85, 63, 18, 44, 20, 49, 36, 14, 74, 50, 53, 17, 21, 28, 11, 64, 3, 23, 30, 83, 24, 41, 40, 52, 65, 27, 90, 70, 39, 87, 48, 69, 99, 4, 46, 1, 13, 58, 97, 59, 45, 8, 73, 37, 35, 79, 71, 66, 76, 32, 60, 80, 56, 6, 67, 61, 33, 7, 57, 34, 12, 16, 10, 98, 96, 88, 43, 75, 91, 38, 84, 92, 29, 19, 51, 55, 72, 89, 25, 81, 94, 2, 62, 0]|[2, 1, 2, 1, 1, 2, 1, 1, 1, 1, 1, 0, 2, 2, 1, 2, 0, 0, 0, 2, 2, 1, 0, 2, 0, 2, 2, 1, 0, 1, 1, 1, 0, 0, 1, 0, 2, 1, 2, 2, 0, 0, 1, 1, 0, 2, 0, 2, 1, 0, 0, 2, 0, 0, 2, 0, 1, 1, 0, 0, 2, 1, 1, 2, 2, 0, 2, 2, 2, 1, 2, 1, 1, 2, 0, 1, 1, 2, 1, 2, 0, 1, 1, 0, 1, 0, 0, 0, 1, 1, 1, 0, 1, 1, 1, 1, 2, 2, 1, 0]|[0, 3, 0, 3, 4, 1, 4, 4, 2, 4, 3, 2, 1, 0, 2, 1, 1, 1, 2, 1, 1, 3, 0, 1, 0, 1, 1, 4, 1, 4, 3, 2, 2, 0, 4, 1, 1, 4, 1, 1, 2, 1, 4, 4, 1, 1, 0, 2, 3, 2, 2, 1, 2, 1, 1, 2, 4, 3, 0, 2, 2, 3, 3, 1, 1, 2, 1, 1, 1, 4, 1, 3, 4, 1, 2, 4, 3, 1, 3, 1, 2, 4, 4, 2, 3, 2, 2, 2, 3, 4, 3, 2, 4, 4, 4, 4, 1, 1, 3, 2]|[0, 2, 0, 0, 3, 0, 1, 3, 0, 0, 2, 0, 1, 0, 1, 0, 0, 0, 1, 0, 0, 2, 0, 0, 1, 0, 0, 3, 0, 1, 0, 2, 0, 0, 3, 0, 1, 1, 0, 0, 0, 0, 1, 3, 0, 0, 1, 0, 2, 0, 0, 0, 0, 0, 1, 0, 1, 0, 1, 1, 0, 2, 0, 0, 0, 0, 0, 0, 0, 2, 0, 0, 1, 0, 0, 1, 0, 0, 3, 0, 0, 1, 2, 0, 0, 0, 0, 0, 3, 1, 0, 0, 1, 1, 3, 2, 0, 0, 0, 0],908.8272556494078,49445.19365311725,107483.81690224803,false
32,G3_TWC,G3_TWC,[31, 22, 82, 15, 26, 58, 95, 42, 77, 12, 47, 5, 93, 78, 98, 54, 85, 63, 18, 44, 20, 35, 43, 97, 91, 76, 10, 30, 21, 45, 71, 64, 1, 23, 17, 83, 24, 14, 60, 36, 6, 57, 94, 88, 65, 56, 79, 40, 67, 68, 46, 75, 38, 9, 19, 32, 81, 41, 27, 62, 87, 90, 99, 59, 11, 16, 72, 73, 70, 39, 37, 84, 3, 92, 25, 55, 28, 29, 51, 7, 33, 61, 86, 66, 89, 50, 48, 96, 53, 8, 4, 80, 34, 49, 52, 0, 13, 2, 69, 74]|[1, 1, 0, 1, 1, 1, 2, 1, 2, 1, 2, 2, 2, 1, 1, 0, 0, 1, 0, 2, 2, 0, 1, 2, 0, 1, 2, 2, 0, 0, 1, 2, 1, 2, 1, 0, 2, 0, 1, 1, 0, 1, 1, 1, 0, 2, 1, 1, 0, 0, 0, 0, 1, 1, 2, 1, 2, 0, 0, 0, 2, 1, 0, 1, 2, 1, 2, 1, 1, 1, 1, 1, 2, 0, 1, 1, 0, 0, 0, 1, 2, 1, 0, 2, 1, 0, 0, 0, 0, 1, 0, 0, 2, 0, 1, 0, 0, 0, 1, 2]|[4, 3, 2, 2, 0, 0, 2, 2, 2, 4, 1, 1, 2, 4, 4, 1, 1, 4, 2, 1, 1, 1, 1, 2, 1, 2, 1, 1, 1, 1, 3, 2, 3, 0, 4, 0, 1, 1, 0, 3, 2, 2, 4, 0, 1, 1, 0, 2, 0, 1, 2, 2, 1, 4, 0, 3, 2, 1, 1, 2, 1, 3, 1, 1, 1, 3, 0, 4, 3, 1, 4, 1, 1, 2, 4, 4, 2, 1, 1, 3, 1, 3, 1, 1, 1, 1, 1, 1, 2, 3, 2, 1, 1, 1, 1, 2, 2, 2, 3, 1]|[0, 2, 1, 1, 3, 3, 0, 1, 0, 0, 0, 0, 1, 0, 1, 0, 0, 3, 1, 0, 0, 0, 3, 1, 0, 2, 0, 0, 0, 1, 0, 0, 0, 0, 3, 0, 1, 0, 0, 2, 1, 1, 2, 0, 0, 0, 0, 1, 1, 0, 0, 0, 1, 3, 0, 0, 1, 0, 0, 1, 0, 2, 0, 1, 0, 2, 1, 0, 0, 1, 1, 3, 0, 1, 3, 3, 1, 0, 0, 2, 0, 0, 0, 0, 1, 0, 0, 0, 1, 2, 1, 0, 0, 1, 1, 0, 0, 0, 0, 0],790.0808266764368,57926.0831962336,89131.00769295532,false
32,G1_CMAX,G1_CMAX,[31, 22, 82, 15, 26, 99, 95, 42, 77, 12, 47, 5, 93, 78, 86, 54, 21, 63, 18, 44, 20, 35, 43, 97, 91, 76, 10, 30, 85, 45, 71, 64, 1, 23, 17, 83, 24, 14, 60, 36, 6, 57, 40, 88, 65, 56, 79, 94, 67, 68, 46, 75, 38, 9, 19, 32, 41, 81, 27, 87, 90, 58, 59, 11, 16, 72, 73, 70, 39, 37, 84, 3, 92, 25, 55, 48, 62, 29, 51, 96, 33, 61, 98, 28, 89, 50, 4, 7, 53, 80, 52, 66, 34, 49, 8, 0, 74, 69, 2, 13]|[1, 1, 0, 1, 1, 0, 1, 1, 2, 1, 2, 2, 2, 1, 1, 0, 0, 1, 0, 2, 2, 0, 1, 2, 0, 1, 2, 2, 0, 0, 1, 2, 1, 2, 1, 0, 2, 0, 1, 1, 0, 1, 1, 1, 0, 2, 1, 1, 0, 0, 0, 0, 1, 1, 2, 1, 0, 2, 0, 2, 1, 0, 1, 2, 1, 2, 1, 1, 1, 1, 1, 1, 0, 1, 2, 0, 0, 0, 0, 2, 2, 1, 2, 0, 1, 0, 1, 2, 0, 0, 1, 2, 2, 0, 1, 0, 2, 1, 0, 0]|[0, 3, 2, 2, 4, 1, 2, 3, 2, 4, 1, 1, 2, 4, 4, 1, 1, 4, 2, 1, 1, 1, 1, 2, 1, 2, 1, 1, 2, 1, 3, 2, 3, 1, 4, 0, 1, 1, 0, 3, 2, 2, 2, 0, 1, 1, 0, 4, 0, 1, 2, 2, 1, 4, 0, 3, 1, 1, 1, 1, 3, 1, 1, 1, 3, 0, 4, 3, 1, 4, 1, 1, 0, 4, 1, 1, 2, 1, 1, 1, 1, 3, 1, 2, 1, 1, 4, 1, 2, 1, 1, 1, 1, 1, 3, 2, 1, 4, 2, 2]|[0, 2, 1, 1, 3, 0, 1, 3, 0, 0, 0, 0, 1, 0, 1, 0, 0, 3, 1, 0, 0, 0, 3, 1, 0, 2, 0, 0, 0, 1, 0, 0, 0, 0, 3, 0, 1, 0, 0, 2, 1, 1, 1, 0, 0, 0, 0, 2, 1, 0, 0, 0, 1, 3, 0, 0, 0, 0, 0, 0, 2, 0, 1, 0, 2, 1, 0, 0, 1, 1, 3, 1, 1, 3, 0, 0, 1, 0, 0, 0, 0, 0, 0, 1, 1, 0, 0, 0, 1, 0, 1, 0, 0, 1, 2, 0, 0, 2, 0, 0],731.2476204416437,56784.74762275103,92889.2977037672,false
32,G4_BALANCED,G1_CMAX,[31, 22, 82, 15, 26, 99, 95, 42, 77, 12, 47, 5, 93, 78, 86, 54, 21, 63, 18, 44, 20, 35, 43, 97, 91, 76, 10, 30, 85, 45, 71, 64, 1, 23, 17, 83, 24, 14, 60, 36, 6, 57, 40, 88, 65, 56, 79, 94, 67, 68, 46, 75, 38, 9, 19, 32, 41, 81, 27, 87, 90, 58, 59, 11, 16, 72, 62, 73, 70, 39, 37, 84, 3, 92, 25, 55, 28, 29, 51, 7, 33, 61, 98, 48, 89, 50, 4, 96, 53, 80, 0, 66, 34, 2, 52, 49, 13, 8, 69, 74]|[1, 1, 0, 1, 1, 0, 1, 1, 2, 1, 2, 2, 2, 1, 1, 0, 0, 1, 0, 2, 2, 0, 1, 2, 0, 1, 2, 2, 0, 0, 1, 2, 1, 2, 1, 0, 2, 0, 1, 1, 0, 1, 1, 1, 0, 2, 1, 1, 0, 0, 0, 0, 1, 1, 2, 1, 0, 2, 0, 2, 2, 0, 1, 2, 1, 1, 0, 1, 1, 1, 1, 1, 1, 0, 1, 2, 0, 0, 0, 1, 2, 1, 2, 0, 1, 0, 1, 2, 0, 0, 0, 2, 2, 0, 1, 0, 0, 1, 1, 2]|[4, 3, 2, 2, 4, 1, 2, 3, 2, 4, 1, 1, 2, 4, 4, 1, 1, 4, 2, 1, 1, 1, 1, 2, 1, 2, 1, 1, 2, 1, 3, 2, 3, 1, 4, 0, 1, 1, 0, 3, 2, 2, 2, 0, 1, 1, 0, 4, 0, 1, 2, 2, 1, 4, 0, 3, 1, 1, 1, 1, 1, 1, 1, 1, 3, 3, 2, 4, 3, 1, 4, 1, 1, 0, 4, 1, 2, 1, 1, 1, 1, 3, 1, 1, 1, 1, 4, 1, 2, 1, 2, 1, 1, 2, 1, 1, 2, 3, 4, 1]|[0, 2, 1, 1, 3, 0, 1, 3, 0, 0, 0, 0, 1, 0, 1, 0, 0, 3, 1, 0, 0, 0, 3, 1, 0, 2, 0, 0, 0, 1, 0, 0, 0, 0, 3, 0, 1, 0, 0, 2, 1, 1, 1, 0, 0, 0, 0, 2, 1, 0, 0, 0, 1, 3, 0, 0, 0, 0, 0, 0, 0, 0, 1, 0, 2, 2, 1, 0, 0, 1, 1, 3, 1, 1, 3, 0, 1, 0, 0, 2, 0, 0, 0, 0, 1, 0, 0, 0, 1, 0, 0, 0, 0, 0, 1, 1, 0, 2, 2, 0],745.4530508388755,55831.07335483037,94414.79506220327,true
32,G2_TEC,G2_TEC,[31, 22, 82, 15, 26, 9, 95, 42, 77, 68, 47, 5, 93, 78, 86, 54, 85, 63, 18, 44, 20, 49, 36, 14, 74, 50, 53, 17, 21, 28, 11, 64, 3, 23, 30, 83, 24, 41, 40, 52, 65, 27, 90, 70, 39, 87, 48, 69, 99, 4, 46, 1, 13, 58, 97, 59, 45, 8, 73, 37, 35, 79, 71, 66, 76, 32, 60, 80, 56, 6, 67, 61, 33, 7, 57, 34, 12, 16, 10, 98, 96, 88, 43, 75, 91, 38, 84, 92, 29, 19, 51, 55, 72, 89, 25, 81, 94, 2, 62, 0]|[2, 1, 2, 1, 1, 2, 1, 1, 1, 1, 1, 0, 2, 2, 1, 2, 0, 0, 0, 2, 2, 1, 0, 2, 0, 2, 2, 1, 0, 1, 1, 1, 0, 0, 1, 0, 2, 1, 2, 2, 0, 0, 1, 1, 0, 2, 0, 2, 1, 0, 0, 2, 0, 0, 2, 0, 1, 1, 0, 0, 2, 1, 1, 2, 2, 0, 2, 2, 2, 1, 2, 1, 1, 2, 0, 1, 1, 2, 1, 2, 0, 1, 1, 0, 1, 0, 0, 0, 1, 1, 1, 0, 1, 1, 1, 1, 2, 2, 1, 0]|[0, 3, 0, 3, 4, 1, 4, 4, 2, 4, 3, 2, 1, 0, 2, 1, 1, 1, 2, 1, 1, 3, 0, 1, 0, 1, 1, 4, 1, 4, 3, 2, 2, 0, 4, 1, 1, 4, 1, 1, 2, 1, 4, 4, 1, 1, 0, 2, 3, 2, 2, 1, 2, 1, 1, 2, 4, 3, 0, 2, 2, 3, 3, 1, 1, 2, 1, 1, 1, 4, 1, 3, 4, 1, 2, 4, 3, 1, 3, 1, 2, 4, 4, 2, 3, 2, 2, 2, 3, 4, 3, 2, 4, 4, 4, 4, 1, 1, 3, 2]|[0, 2, 0, 0, 3, 0, 1, 3, 0, 0, 2, 0, 1, 0, 1, 0, 0, 0, 1, 0, 0, 2, 0, 0, 1, 0, 0, 3, 0, 1, 0, 2, 0, 0, 3, 0, 1, 1, 0, 0, 0, 0, 1, 3, 0, 0, 1, 0, 2, 0, 0, 0, 0, 0, 1, 0, 1, 0, 1, 1, 0, 2, 0, 0, 0, 0, 0, 0, 0, 2, 0, 0, 1, 0, 0, 1, 0, 0, 3, 0, 0, 1, 2, 0, 0, 0, 0, 0, 3, 1, 0, 0, 1, 1, 3, 2, 0, 0, 0, 0],908.8272556494078,49445.19365311725,107483.81690224803,false
32,G3_TWC,G3_TWC,[31, 22, 82, 15, 26, 58, 95, 42, 77, 12, 47, 5, 93, 78, 98, 54, 85, 63, 18, 44, 20, 35, 43, 97, 91, 76, 10, 30, 21, 45, 71, 64, 1, 23, 17, 83, 24, 14, 60, 36, 6, 57, 94, 88, 65, 56, 79, 40, 67, 68, 46, 75, 38, 9, 19, 32, 81, 41, 27, 62, 87, 90, 99, 59, 11, 16, 72, 73, 70, 39, 37, 84, 3, 92, 25, 55, 28, 29, 51, 7, 33, 61, 86, 66, 89, 50, 48, 96, 53, 8, 4, 80, 34, 49, 52, 0, 13, 2, 69, 74]|[1, 1, 0, 1, 1, 1, 2, 1, 2, 1, 2, 2, 2, 1, 1, 0, 0, 1, 0, 2, 2, 0, 1, 2, 0, 1, 2, 2, 0, 0, 1, 2, 1, 2, 1, 0, 2, 0, 1, 1, 0, 1, 1, 1, 0, 2, 1, 1, 0, 0, 0, 0, 1, 1, 2, 1, 2, 0, 0, 0, 2, 1, 0, 1, 2, 1, 2, 1, 1, 1, 1, 1, 2, 0, 1, 1, 0, 0, 0, 1, 2, 1, 0, 2, 1, 0, 0, 0, 0, 1, 0, 0, 2, 0, 1, 0, 0, 0, 1, 2]|[4, 3, 2, 2, 0, 0, 2, 2, 2, 4, 1, 1, 2, 4, 4, 1, 1, 4, 2, 1, 1, 1, 1, 2, 1, 2, 1, 1, 1, 1, 3, 2, 3, 0, 4, 0, 1, 1, 0, 3, 2, 2, 4, 0, 1, 1, 0, 2, 0, 1, 2, 2, 1, 4, 0, 3, 2, 1, 1, 2, 1, 3, 1, 1, 1, 3, 0, 4, 3, 1, 4, 1, 1, 2, 4, 4, 2, 1, 1, 3, 1, 3, 1, 1, 1, 1, 1, 1, 2, 3, 2, 1, 1, 1, 1, 2, 2, 2, 3, 1]|[0, 2, 1, 1, 3, 3, 0, 1, 0, 0, 0, 0, 1, 0, 1, 0, 0, 3, 1, 0, 0, 0, 3, 1, 0, 2, 0, 0, 0, 1, 0, 0, 0, 0, 3, 0, 1, 0, 0, 2, 1, 1, 2, 0, 0, 0, 0, 1, 1, 0, 0, 0, 1, 3, 0, 0, 1, 0, 0, 1, 0, 2, 0, 1, 0, 2, 1, 0, 0, 1, 1, 3, 0, 1, 3, 3, 1, 0, 0, 2, 0, 0, 0, 0, 1, 0, 0, 0, 1, 2, 1, 0, 0, 1, 1, 0, 0, 0, 0, 0],790.0808266764368,57926.0831962336,89131.00769295532,false
32,G1_CMAX,G1_CMAX,[31, 22, 82, 15, 26, 99, 95, 42, 77, 12, 47, 5, 93, 78, 86, 54, 21, 63, 18, 44, 20, 35, 43, 97, 91, 76, 10, 30, 85, 45, 71, 64, 1, 23, 17, 83, 24, 14, 60, 36, 6, 57, 40, 88, 65, 56, 79, 94, 67, 68, 46, 75, 38, 9, 19, 32, 41, 81, 27, 87, 90, 58, 59, 11, 16, 72, 73, 70, 39, 37, 84, 3, 92, 25, 55, 48, 62, 29, 51, 96, 33, 61, 98, 28, 89, 50, 4, 7, 53, 80, 52, 66, 34, 49, 8, 0, 74, 69, 2, 13]|[1, 1, 0, 1, 1, 0, 1, 1, 2, 1, 2, 2, 2, 1, 1, 0, 0, 1, 0, 2, 2, 0, 1, 2, 0, 1, 2, 2, 0, 0, 1, 2, 1, 2, 1, 0, 2, 0, 1, 1, 0, 1, 1, 1, 0, 2, 1, 1, 0, 0, 0, 0, 1, 1, 2, 1, 0, 2, 0, 2, 1, 0, 1, 2, 1, 2, 1, 1, 1, 1, 1, 1, 0, 1, 2, 0, 0, 0, 0, 2, 2, 1, 2, 0, 1, 0, 1, 2, 0, 0, 1, 2, 2, 0, 1, 0, 2, 1, 0, 0]|[0, 3, 2, 2, 4, 1, 2, 3, 2, 4, 1, 1, 2, 4, 4, 1, 1, 4, 2, 1, 1, 1, 1, 2, 1, 2, 1, 1, 2, 1, 3, 2, 3, 1, 4, 0, 1, 1, 0, 3, 2, 2, 2, 0, 1, 1, 0, 4, 0, 1, 2, 2, 1, 4, 0, 3, 1, 1, 1, 1, 3, 1, 1, 1, 3, 0, 4, 3, 1, 4, 1, 1, 0, 4, 1, 1, 2, 1, 1, 1, 1, 3, 1, 2, 1, 1, 4, 1, 2, 1, 1, 1, 1, 1, 3, 2, 1, 4, 2, 2]|[0, 2, 1, 1, 3, 0, 1, 3, 0, 0, 0, 0, 1, 0, 1, 0, 0, 3, 1, 0, 0, 0, 3, 1, 0, 2, 0, 0, 0, 1, 0, 0, 0, 0, 3, 0, 1, 0, 0, 2, 1, 1, 1, 0, 0, 0, 0, 2, 1, 0, 0, 0, 1, 3, 0, 0, 0, 0, 0, 0, 2, 0, 1, 0, 2, 1, 0, 0, 1, 1, 3, 1, 1, 3, 0, 0, 1, 0, 0, 0, 0, 0, 0, 1, 1, 0, 0, 0, 1, 0, 1, 0, 0, 1, 2, 0, 0, 2, 0, 0],731.2476204416437,56784.74762275103,92889.2977037672,false
32,G4_BALANCED,G4_BALANCED,[31, 22, 82, 15, 26, 58, 95, 42, 77, 12, 47, 5, 93, 78, 86, 54, 85, 63, 18, 44, 20, 35, 43, 97, 91, 76, 10, 30, 21, 45, 71, 64, 1, 23, 17, 83, 24, 14, 60, 36, 6, 57, 40, 88, 65, 56, 79, 94, 67, 68, 46, 29, 38, 9, 19, 32, 81, 41, 27, 87, 90, 99, 59, 62, 11, 66, 73, 70, 39, 37, 84, 3, 72, 92, 25, 55, 28, 75, 51, 7, 16, 61, 98, 48, 89, 50, 4, 96, 53, 80, 8, 33, 34, 49, 52, 0, 13, 2, 69, 74]|[1, 1, 0, 1, 1, 0, 1, 2, 2, 1, 2, 2, 2, 1, 1, 0, 0, 1, 0, 2, 2, 0, 0, 2, 0, 1, 2, 2, 0, 0, 1, 2, 1, 2, 1, 0, 2, 0, 1, 1, 0, 1, 1, 1, 0, 2, 1, 1, 0, 0, 0, 0, 1, 1, 2, 1, 2, 0, 0, 2, 1, 0, 1, 2, 2, 2, 1, 1, 1, 1, 1, 1, 2, 0, 1, 1, 0, 0, 0, 1, 2, 1, 2, 0, 1, 0, 1, 2, 0, 0, 0, 2, 2, 0, 1, 0, 0, 0, 1, 2]|[4, 3, 2, 2, 4, 1, 2, 2, 2, 4, 1, 1, 2, 4, 4, 1, 2, 4, 2, 1, 1, 1, 1, 2, 1, 2, 1, 1, 2, 1, 3, 2, 3, 1, 4, 0, 1, 1, 0, 3, 2, 2, 2, 0, 1, 1, 0, 4, 0, 1, 2, 2, 1, 4, 0, 3, 2, 1, 1, 1, 3, 1, 1, 1, 1, 1, 4, 3, 1, 4, 1, 1, 1, 0, 4, 4, 2, 1, 1, 1, 1, 3, 1, 1, 1, 1, 4, 1, 2, 1, 1, 1, 1, 1, 1, 2, 2, 2, 4, 1]|[0, 2, 1, 1, 3, 0, 1, 0, 0, 0, 0, 0, 1, 0, 1, 0, 0, 3, 1, 0, 0, 0, 0, 1, 0, 2, 0, 0, 0, 1, 0, 0, 0, 0, 3, 0, 1, 0, 0, 2, 1, 1, 1, 0, 0, 0, 0, 2, 1, 0, 0, 0, 1, 3, 0, 0, 1, 0, 0, 0, 2, 0, 1, 0, 0, 0, 0, 0, 1, 1, 3, 1, 0, 1, 3, 3, 1, 0, 0, 2, 0, 0, 0, 0, 1, 0, 0, 0, 1, 0, 0, 0, 0, 1, 1, 0, 0, 0, 2, 0],781.0855331806678,55558.960821301516,97106.83823222845,false
32,G2_TEC,G2_TEC,[31, 22, 82, 15, 26, 9, 95, 42, 77, 68, 47, 5, 93, 78, 86, 54, 85, 63, 18, 44, 20, 49, 36, 14, 74, 50, 53, 17, 21, 28, 11, 64, 3, 23, 30, 83, 24, 41, 40, 52, 65, 27, 90, 70, 39, 87, 48, 69, 99, 4, 46, 1, 13, 58, 97, 59, 45, 8, 73, 37, 35, 79, 71, 66, 76, 32, 60, 80, 56, 6, 67, 61, 33, 7, 57, 34, 12, 16, 10, 98, 96, 88, 43, 75, 91, 38, 84, 92, 29, 19, 51, 55, 72, 89, 25, 81, 94, 2, 62, 0]|[2, 1, 2, 1, 1, 2, 1, 1, 1, 1, 1, 0, 2, 2, 1, 2, 0, 0, 0, 2, 2, 1, 0, 2, 0, 2, 2, 1, 0, 1, 1, 1, 0, 0, 1, 0, 2, 1, 2, 2, 0, 0, 1, 1, 0, 2, 0, 2, 1, 0, 0, 2, 0, 0, 2, 0, 1, 1, 0, 0, 2, 1, 1, 2, 2, 0, 2, 2, 2, 1, 2, 1, 1, 2, 0, 1, 1, 2, 1, 2, 0, 1, 1, 0, 1, 0, 0, 0, 1, 1, 1, 0, 1, 1, 1, 1, 2, 2, 1, 0]|[0, 3, 0, 3, 4, 1, 4, 4, 2, 4, 3, 2, 1, 0, 2, 1, 1, 1, 2, 1, 1, 3, 0, 1, 0, 1, 1, 4, 1, 4, 3, 2, 2, 0, 4, 1, 1, 4, 1, 1, 2, 1, 4, 4, 1, 1, 0, 2, 3, 2, 2, 1, 2, 1, 1, 2, 4, 3, 0, 2, 2, 3, 3, 1, 1, 2, 1, 1, 1, 4, 1, 3, 4, 1, 2, 4, 3, 1, 3, 1, 2, 4, 4, 2, 3, 2, 2, 2, 3, 4, 3, 2, 4, 4, 4, 4, 1, 1, 3, 2]|[0, 2, 0, 0, 3, 0, 1, 3, 0, 0, 2, 0, 1, 0, 1, 0, 0, 0, 1, 0, 0, 2, 0, 0, 1, 0, 0, 3, 0, 1, 0, 2, 0, 0, 3, 0, 1, 1, 0, 0, 0, 0, 1, 3, 0, 0, 1, 0, 2, 0, 0, 0, 0, 0, 1, 0, 1, 0, 1, 1, 0, 2, 0, 0, 0, 0, 0, 0, 0, 2, 0, 0, 1, 0, 0, 1, 0, 0, 3, 0, 0, 1, 2, 0, 0, 0, 0, 0, 3, 1, 0, 0, 1, 1, 3, 2, 0, 0, 0, 0],908.8272556494078,49445.19365311725,107483.81690224803,false
32,G3_TWC,G3_TWC,[31, 22, 82, 15, 26, 58, 95, 42, 77, 12, 47, 5, 93, 78, 98, 54, 85, 63, 18, 44, 20, 35, 43, 97, 91, 76, 10, 30, 21, 45, 71, 64, 1, 23, 17, 83, 24, 14, 60, 36, 6, 57, 94, 88, 65, 56, 79, 40, 67, 68, 46, 75, 38, 9, 19, 32, 81, 41, 27, 62, 87, 90, 99, 59, 11, 16, 72, 73, 70, 39, 37, 84, 3, 92, 25, 55, 28, 29, 51, 7, 33, 61, 86, 66, 89, 50, 48, 96, 53, 8, 4, 80, 34, 49, 52, 0, 13, 2, 69, 74]|[1, 1, 0, 1, 1, 1, 2, 1, 2, 1, 2, 2, 2, 1, 1, 0, 0, 1, 0, 2, 2, 0, 1, 2, 0, 1, 2, 2, 0, 0, 1, 2, 1, 2, 1, 0, 2, 0, 1, 1, 0, 1, 1, 1, 0, 2, 1, 1, 0, 0, 0, 0, 1, 1, 2, 1, 2, 0, 0, 0, 2, 1, 0, 1, 2, 1, 2, 1, 1, 1, 1, 1, 2, 0, 1, 1, 0, 0, 0, 1, 2, 1, 0, 2, 1, 0, 0, 0, 0, 1, 0, 0, 2, 0, 1, 0, 0, 0, 1, 2]|[4, 3, 2, 2, 0, 0, 2, 2, 2, 4, 1, 1, 2, 4, 4, 1, 1, 4, 2, 1, 1, 1, 1, 2, 1, 2, 1, 1, 1, 1, 3, 2, 3, 0, 4, 0, 1, 1, 0, 3, 2, 2, 4, 0, 1, 1, 0, 2, 0, 1, 2, 2, 1, 4, 0, 3, 2, 1, 1, 2, 1, 3, 1, 1, 1, 3, 0, 4, 3, 1, 4, 1, 1, 2, 4, 4, 2, 1, 1, 3, 1, 3, 1, 1, 1, 1, 1, 1, 2, 3, 2, 1, 1, 1, 1, 2, 2, 2, 3, 1]|[0, 2, 1, 1, 3, 3, 0, 1, 0, 0, 0, 0, 1, 0, 1, 0, 0, 3, 1, 0, 0, 0, 3, 1, 0, 2, 0, 0, 0, 1, 0, 0, 0, 0, 3, 0, 1, 0, 0, 2, 1, 1, 2, 0, 0, 0, 0, 1, 1, 0, 0, 0, 1, 3, 0, 0, 1, 0, 0, 1, 0, 2, 0, 1, 0, 2, 1, 0, 0, 1, 1, 3, 0, 1, 3, 3, 1, 0, 0, 2, 0, 0, 0, 0, 1, 0, 0, 0, 1, 2, 1, 0, 0, 1, 1, 0, 0, 0, 0, 0],790.0808266764368,57926.0831962336,89131.00769295532,false
32,G1_CMAX,G1_CMAX,[31, 22, 82, 15, 26, 99, 95, 42, 77, 12, 47, 5, 93, 78, 86, 54, 21, 63, 18, 44, 20, 35, 43, 97, 91, 76, 10, 30, 85, 45, 71, 64, 1, 23, 17, 83, 24, 14, 60, 36, 6, 57, 40, 88, 65, 56, 79, 94, 67, 68, 46, 75, 38, 9, 19, 32, 41, 81, 27, 87, 90, 58, 59, 11, 16, 72, 73, 70, 39, 37, 84, 3, 92, 25, 55, 48, 62, 29, 51, 96, 33, 61, 98, 28, 89, 50, 4, 7, 53, 80, 52, 66, 34, 49, 8, 0, 74, 69, 2, 13]|[1, 1, 0, 1, 1, 0, 1, 1, 2, 1, 2, 2, 2, 1, 1, 0, 0, 1, 0, 2, 2, 0, 1, 2, 0, 1, 2, 2, 0, 0, 1, 2, 1, 2, 1, 0, 2, 0, 1, 1, 0, 1, 1, 1, 0, 2, 1, 1, 0, 0, 0, 0, 1, 1, 2, 1, 0, 2, 0, 2, 1, 0, 1, 2, 1, 2, 1, 1, 1, 1, 1, 1, 0, 1, 2, 0, 0, 0, 0, 2, 2, 1, 2, 0, 1, 0, 1, 2, 0, 0, 1, 2, 2, 0, 1, 0, 2, 1, 0, 0]|[0, 3, 2, 2, 4, 1, 2, 3, 2, 4, 1, 1, 2, 4, 4, 1, 1, 4, 2, 1, 1, 1, 1, 2, 1, 2, 1, 1, 2, 1, 3, 2, 3, 1, 4, 0, 1, 1, 0, 3, 2, 2, 2, 0, 1, 1, 0, 4, 0, 1, 2, 2, 1, 4, 0, 3, 1, 1, 1, 1, 3, 1, 1, 1, 3, 0, 4, 3, 1, 4, 1, 1, 0, 4, 1, 1, 2, 1, 1, 1, 1, 3, 1, 2, 1, 1, 4, 1, 2, 1, 1, 1, 1, 1, 3, 2, 1, 4, 2, 2]|[0, 2, 1, 1, 3, 0, 1, 3, 0, 0, 0, 0, 1, 0, 1, 0, 0, 3, 1, 0, 0, 0, 3, 1, 0, 2, 0, 0, 0, 1, 0, 0, 0, 0, 3, 0, 1, 0, 0, 2, 1, 1, 1, 0, 0, 0, 0, 2, 1, 0, 0, 0, 1, 3, 0, 0, 0, 0, 0, 0, 2, 0, 1, 0, 2, 1, 0, 0, 1, 1, 3, 1, 1, 3, 0, 0, 1, 0, 0, 0, 0, 0, 0, 1, 1, 0, 0, 0, 1, 0, 1, 0, 0, 1, 2, 0, 0, 2, 0, 0],731.2476204416437,56784.74762275103,92889.2977037672,false
32,G4_BALANCED,G3_TWC,[31, 22, 82, 15, 26, 58, 95, 42, 77, 12, 47, 5, 93, 78, 98, 54, 85, 63, 18, 44, 20, 35, 43, 97, 91, 76, 10, 30, 21, 45, 71, 64, 1, 23, 17, 83, 24, 14, 60, 36, 6, 57, 94, 88, 65, 56, 79, 40, 67, 68, 46, 75, 38, 9, 19, 32, 81, 41, 27, 62, 87, 90, 99, 59, 11, 16, 72, 73, 70, 39, 37, 84, 3, 92, 25, 55, 28, 29, 51, 7, 33, 61, 86, 66, 89, 50, 48, 96, 53, 80, 4, 8, 34, 2, 52, 49, 13, 0, 69, 74]|[1, 1, 0, 1, 1, 1, 2, 1, 2, 1, 2, 2, 2, 1, 1, 0, 0, 1, 0, 2, 2, 0, 1, 2, 0, 1, 2, 2, 0, 0, 1, 2, 1, 2, 1, 0, 2, 0, 1, 1, 0, 1, 1, 1, 0, 2, 1, 1, 0, 0, 0, 0, 1, 1, 2, 1, 2, 0, 0, 0, 2, 1, 0, 1, 2, 1, 2, 1, 1, 1, 1, 1, 2, 0, 1, 1, 0, 0, 0, 1, 2, 1, 0, 2, 1, 0, 0, 0, 0, 0, 0, 1, 2, 0, 1, 0, 0, 0, 1, 2]|[4, 3, 2, 2, 0, 0, 2, 2, 2, 4, 1, 1, 2, 4, 4, 1, 1, 4, 2, 1, 1, 1, 1, 2, 1, 2, 1, 1, 1, 1, 3, 2, 3, 0, 4, 0, 1, 1, 0, 3, 2, 2, 4, 0, 1, 1, 0, 2, 0, 1, 2, 1, 1, 4, 0, 3, 2, 1, 1, 2, 1, 3, 1, 1, 1, 3, 0, 4, 3, 1, 4, 1, 1, 2, 4, 4, 2, 1, 1, 3, 1, 3, 1, 1, 1, 1, 1, 1, 2, 1, 2, 3, 1, 2, 1, 1, 2, 2, 3, 1]|[0, 2, 1, 1, 3, 3, 0, 1, 0, 0, 0, 0, 1, 0, 1, 0, 0, 3, 1, 0, 0, 0, 3, 1, 0, 2, 0, 0, 0, 1, 0, 0, 0, 0, 3, 0, 1, 0, 0, 2, 1, 1, 2, 0, 0, 0, 0, 1, 1, 0, 0, 0, 1, 3, 0, 0, 1, 0, 0, 1, 0, 2, 0, 1, 0, 2, 1, 0, 0, 1, 1, 3, 0, 1, 3, 3, 1, 0, 0, 2, 0, 0, 0, 0, 1, 0, 0, 0, 1, 0, 1, 2, 0, 0, 1, 1, 0, 0, 0, 0],798.8899588250649,58028.962435395755,89088.06301233289,true
32,G2_TEC,G2_TEC,[31, 22, 82, 15, 26, 9, 95, 42, 77, 68, 47, 5, 93, 78, 86, 54, 85, 63, 18, 44, 20, 49, 36, 14, 74, 50, 53, 17, 21, 28, 11, 64, 3, 23, 30, 83, 24, 41, 40, 52, 65, 27, 90, 70, 39, 87, 48, 69, 99, 4, 46, 1, 13, 58, 97, 59, 45, 8, 73, 37, 35, 79, 71, 66, 76, 32, 60, 80, 56, 6, 67, 61, 33, 7, 57, 34, 12, 16, 10, 98, 96, 88, 43, 75, 91, 38, 84, 92, 29, 19, 51, 55, 72, 89, 25, 81, 94, 2, 62, 0]|[2, 1, 2, 1, 1, 2, 1, 1, 1, 1, 1, 0, 2, 2, 1, 2, 0, 0, 0, 2, 2, 1, 0, 2, 0, 2, 2, 1, 0, 1, 1, 1, 0, 0, 1, 0, 2, 1, 2, 2, 0, 0, 1, 1, 0, 2, 0, 2, 1, 0, 0, 2, 0, 0, 2, 0, 1, 1, 0, 0, 2, 1, 1, 2, 2, 0, 2, 2, 2, 1, 2, 1, 1, 2, 0, 1, 1, 2, 1, 2, 0, 1, 1, 0, 1, 0, 0, 0, 1, 1, 1, 0, 1, 1, 1, 1, 2, 2, 1, 0]|[0, 3, 0, 3, 4, 1, 4, 4, 2, 4, 3, 2, 1, 0, 2, 1, 1, 1, 2, 1, 1, 3, 0, 1, 0, 1, 1, 4, 1, 4, 3, 2, 2, 0, 4, 1, 1, 4, 1, 1, 2, 1, 4, 4, 1, 1, 0, 2, 3, 2, 2, 1, 2, 1, 1, 2, 4, 3, 0, 2, 2, 3, 3, 1, 1, 2, 1, 1, 1, 4, 1, 3, 4, 1, 2, 4, 3, 1, 3, 1, 2, 4, 4, 2, 3, 2, 2, 2, 3, 4, 3, 2, 4, 4, 4, 4, 1, 1, 3, 2]|[0, 2, 0, 0, 3, 0, 1, 3, 0, 0, 2, 0, 1, 0, 1, 0, 0, 0, 1, 0, 0, 2, 0, 0, 1, 0, 0, 3, 0, 1, 0, 2, 0, 0, 3, 0, 1, 1, 0, 0, 0, 0, 1, 3, 0, 0, 1, 0, 2, 0, 0, 0, 0, 0, 1, 0, 1, 0, 1, 1, 0, 2, 0, 0, 0, 0, 0, 0, 0, 2, 0, 0, 1, 0, 0, 1, 0, 0, 3, 0, 0, 1, 2, 0, 0, 0, 0, 0, 3, 1, 0, 0, 1, 1, 3, 2, 0, 0, 0, 0],908.8272556494078,49445.19365311725,107483.81690224803,false
32,G3_TWC,G3_TWC,[31, 22, 82, 15, 26, 58, 95, 42, 77, 12, 47, 5, 93, 78, 98, 54, 85, 63, 18, 44, 20, 35, 43, 97, 91, 76, 10, 30, 21, 45, 71, 64, 1, 23, 17, 83, 24, 14, 60, 36, 6, 57, 94, 88, 65, 56, 79, 40, 67, 68, 46, 75, 38, 9, 19, 32, 81, 41, 27, 62, 87, 90, 99, 59, 11, 16, 72, 73, 70, 39, 37, 84, 3, 92, 25, 55, 28, 29, 51, 7, 33, 61, 86, 66, 89, 50, 48, 96, 53, 8, 4, 80, 34, 49, 52, 0, 13, 2, 69, 74]|[1, 1, 0, 1, 1, 1, 2, 1, 2, 1, 2, 2, 2, 1, 1, 0, 0, 1, 0, 2, 2, 0, 1, 2, 0, 1, 2, 2, 0, 0, 1, 2, 1, 2, 1, 0, 2, 0, 1, 1, 0, 1, 1, 1, 0, 2, 1, 1, 0, 0, 0, 0, 1, 1, 2, 1, 2, 0, 0, 0, 2, 1, 0, 1, 2, 1, 2, 1, 1, 1, 1, 1, 2, 0, 1, 1, 0, 0, 0, 1, 2, 1, 0, 2, 1, 0, 0, 0, 0, 1, 0, 0, 2, 0, 1, 0, 0, 0, 1, 2]|[4, 3, 2, 2, 0, 0, 2, 2, 2, 4, 1, 1, 2, 4, 4, 1, 1, 4, 2, 1, 1, 1, 1, 2, 1, 2, 1, 1, 1, 1, 3, 2, 3, 0, 4, 0, 1, 1, 0, 3, 2, 2, 4, 0, 1, 1, 0, 2, 0, 1, 2, 2, 1, 4, 0, 3, 2, 1, 1, 2, 1, 3, 1, 1, 1, 3, 0, 4, 3, 1, 4, 1, 1, 2, 4, 4, 2, 1, 1, 3, 1, 3, 1, 1, 1, 1, 1, 1, 2, 3, 2, 1, 1, 1, 1, 2, 2, 2, 3, 1]|[0, 2, 1, 1, 3, 3, 0, 1, 0, 0, 0, 0, 1, 0, 1, 0, 0, 3, 1, 0, 0, 0, 3, 1, 0, 2, 0, 0, 0, 1, 0, 0, 0, 0, 3, 0, 1, 0, 0, 2, 1, 1, 2, 0, 0, 0, 0, 1, 1, 0, 0, 0, 1, 3, 0, 0, 1, 0, 0, 1, 0, 2, 0, 1, 0, 2, 1, 0, 0, 1, 1, 3, 0, 1, 3, 3, 1, 0, 0, 2, 0, 0, 0, 0, 1, 0, 0, 0, 1, 2, 1, 0, 0, 1, 1, 0, 0, 0, 0, 0],790.0808266764368,57926.0831962336,89131.00769295532,false
32,G1_CMAX,G1_CMAX,[31, 22, 82, 15, 26, 99, 95, 42, 77, 12, 47, 5, 93, 78, 86, 54, 21, 63, 18, 44, 20, 35, 43, 97, 91, 76, 10, 30, 85, 45, 71, 64, 1, 23, 17, 83, 24, 14, 60, 36, 6, 57, 40, 88, 65, 56, 79, 94, 67, 68, 46, 75, 38, 9, 19, 32, 41, 81, 27, 87, 90, 58, 59, 11, 16, 72, 73, 70, 39, 37, 84, 3, 92, 25, 55, 48, 62, 29, 51, 96, 33, 61, 98, 28, 89, 50, 4, 7, 53, 80, 52, 66, 34, 49, 8, 0, 74, 69, 2, 13]|[1, 1, 0, 1, 1, 0, 1, 1, 2, 1, 2, 2, 2, 1, 1, 0, 0, 1, 0, 2, 2, 0, 1, 2, 0, 1, 2, 2, 0, 0, 1, 2, 1, 2, 1, 0, 2, 0, 1, 1, 0, 1, 1, 1, 0, 2, 1, 1, 0, 0, 0, 0, 1, 1, 2, 1, 0, 2, 0, 2, 1, 0, 1, 2, 1, 2, 1, 1, 1, 1, 1, 1, 0, 1, 2, 0, 0, 0, 0, 2, 2, 1, 2, 0, 1, 0, 1, 2, 0, 0, 1, 2, 2, 0, 1, 0, 2, 1, 0, 0]|[0, 3, 2, 2, 4, 1, 2, 3, 2, 4, 1, 1, 2, 4, 4, 1, 1, 4, 2, 1, 1, 1, 1, 2, 1, 2, 1, 1, 2, 1, 3, 2, 3, 1, 4, 0, 1, 1, 0, 3, 2, 2, 2, 0, 1, 1, 0, 4, 0, 1, 2, 2, 1, 4, 0, 3, 1, 1, 1, 1, 3, 1, 1, 1, 3, 0, 4, 3, 1, 4, 1, 1, 0, 4, 1, 1, 2, 1, 1, 1, 1, 3, 1, 2, 1, 1, 4, 1, 2, 1, 1, 1, 1, 1, 3, 2, 1, 4, 2, 2]|[0, 2, 1, 1, 3, 0, 1, 3, 0, 0, 0, 0, 1, 0, 1, 0, 0, 3, 1, 0, 0, 0, 3, 1, 0, 2, 0, 0, 0, 1, 0, 0, 0, 0, 3, 0, 1, 0, 0, 2, 1, 1, 1, 0, 0, 0, 0, 2, 1, 0, 0, 0, 1, 3, 0, 0, 0, 0, 0, 0, 2, 0, 1, 0, 2, 1, 0, 0, 1, 1, 3, 1, 1, 3, 0, 0, 1, 0, 0, 0, 0, 0, 0, 1, 1, 0, 0, 0, 1, 0, 1, 0, 0, 1, 2, 0, 0, 2, 0, 0],731.2476204416437,56784.74762275103,92889.2977037672,false
32,G4_BALANCED,G3_TWC,[31, 22, 82, 15, 26, 58, 95, 42, 77, 12, 47, 5, 93, 78, 98, 54, 85, 63, 18, 44, 20, 35, 43, 97, 91, 76, 10, 30, 21, 45, 71, 64, 1, 23, 17, 83, 24, 14, 60, 36, 6, 57, 94, 88, 65, 56, 79, 40, 67, 68, 46, 75, 38, 9, 19, 32, 81, 41, 27, 62, 87, 90, 99, 59, 11, 16, 72, 73, 70, 39, 37, 84, 3, 92, 25, 55, 28, 29, 51, 7, 33, 61, 86, 66, 89, 50, 48, 96, 53, 8, 4, 80, 34, 49, 52, 2, 13, 0, 69, 74]|[1, 1, 0, 1, 1, 1, 2, 1, 2, 1, 2, 2, 2, 1, 1, 0, 0, 1, 0, 2, 2, 0, 1, 2, 0, 1, 2, 2, 0, 0, 1, 2, 1, 2, 1, 0, 2, 0, 1, 1, 2, 1, 1, 1, 0, 2, 1, 1, 0, 0, 0, 0, 1, 1, 2, 1, 2, 0, 0, 0, 2, 1, 0, 1, 2, 1, 2, 1, 1, 1, 1, 1, 2, 0, 1, 1, 0, 0, 0, 1, 2, 1, 0, 2, 1, 0, 0, 0, 0, 1, 0, 0, 2, 0, 1, 0, 0, 0, 1, 2]|[4, 3, 2, 2, 0, 0, 2, 2, 2, 4, 1, 1, 2, 4, 4, 1, 1, 4, 2, 1, 1, 1, 1, 2, 1, 2, 1, 1, 1, 1, 3, 2, 3, 0, 4, 0, 1, 1, 0, 3, 1, 2, 4, 0, 1, 1, 0, 2, 0, 1, 2, 2, 1, 4, 0, 3, 2, 1, 1, 2, 1, 3, 1, 1, 1, 3, 0, 4, 3, 1, 4, 1, 1, 2, 4, 4, 2, 1, 1, 3, 1, 3, 1, 1, 1, 1, 1, 1, 2, 3, 2, 1, 1, 1, 1, 2, 2, 2, 3, 1]|[0, 2, 1, 1, 3, 3, 0, 1, 0, 0, 0, 0, 1, 0, 1, 0, 0, 3, 1, 0, 0, 0, 3, 1, 0, 2, 0, 0, 0, 1, 0, 0, 0, 0, 3, 0, 1, 0, 0, 2, 0, 1, 2, 0, 0, 0, 0, 1, 1, 0, 0, 0, 1, 3, 0, 0, 1, 0, 0, 1, 0, 2, 0, 1, 0, 2, 1, 0, 0, 1, 1, 3, 0, 1, 3, 3, 1, 0, 0, 2, 0, 0, 0, 0, 1, 0, 0, 0, 1, 2, 1, 0, 0, 1, 1, 0, 0, 0, 0, 0],792.1001324205421,57393.06929280663,91437.8811499166,true
32,G2_TEC,G2_TEC,[31, 22, 82, 15, 26, 9, 95, 42, 77, 68, 47, 5, 93, 78, 86, 54, 85, 63, 18, 44, 20, 49, 36, 14, 74, 50, 53, 17, 21, 28, 11, 64, 3, 23, 30, 83, 24, 41, 40, 52, 65, 27, 90, 70, 39, 87, 48, 69, 99, 4, 46, 1, 13, 58, 97, 59, 45, 8, 73, 37, 35, 79, 71, 66, 76, 32, 60, 80, 56, 6, 67, 61, 33, 7, 57, 34, 12, 16, 10, 98, 96, 88, 43, 75, 91, 38, 84, 92, 29, 19, 51, 55, 72, 89, 25, 81, 94, 2, 62, 0]|[2, 1, 2, 1, 1, 2, 1, 1, 1, 1, 1, 0, 2, 2, 1, 2, 0, 0, 0, 2, 2, 1, 0, 2, 0, 2, 2, 1, 0, 1, 1, 1, 0, 0, 1, 0, 2, 1, 2, 2, 0, 0, 1, 1, 0, 2, 0, 2, 1, 0, 0, 2, 0, 0, 2, 0, 1, 1, 0, 0, 2, 1, 1, 2, 2, 0, 2, 2, 2, 1, 2, 1, 1, 2, 0, 1, 1, 2, 1, 2, 0, 1, 1, 0, 1, 0, 0, 0, 1, 1, 1, 0, 1, 1, 1, 1, 2, 2, 1, 0]|[0, 3, 0, 3, 4, 1, 4, 4, 2, 4, 3, 2, 1, 0, 2, 1, 1, 1, 2, 1, 1, 3, 0, 1, 0, 1, 1, 4, 1, 4, 3, 2, 2, 0, 4, 1, 1, 4, 1, 1, 2, 1, 4, 4, 1, 1, 0, 2, 3, 2, 2, 1, 2, 1, 1, 2, 4, 3, 0, 2, 2, 3, 3, 1, 1, 2, 1, 1, 1, 4, 1, 3, 4, 1, 2, 4, 3, 1, 3, 1, 2, 4, 4, 2, 3, 2, 2, 2, 3, 4, 3, 2, 4, 4, 4, 4, 1, 1, 3, 2]|[0, 2, 0, 0, 3, 0, 1, 3, 0, 0, 2, 0, 1, 0, 1, 0, 0, 0, 1, 0, 0, 2, 0, 0, 1, 0, 0, 3, 0, 1, 0, 2, 0, 0, 3, 0, 1, 1, 0, 0, 0, 0, 1, 3, 0, 0, 1, 0, 2, 0, 0, 0, 0, 0, 1, 0, 1, 0, 1, 1, 0, 2, 0, 0, 0, 0, 0, 0, 0, 2, 0, 0, 1, 0, 0, 1, 0, 0, 3, 0, 0, 1, 2, 0, 0, 0, 0, 0, 3, 1, 0, 0, 1, 1, 3, 2, 0, 0, 0, 0],908.8272556494078,49445.19365311725,107483.81690224803,false
32,G3_TWC,G3_TWC,[31, 22, 82, 15, 26, 58, 95, 42, 77, 12, 47, 5, 93, 78, 98, 54, 85, 63, 18, 44, 20, 35, 43, 97, 91, 76, 10, 30, 21, 45, 71, 64, 1, 23, 17, 83, 24, 14, 60, 36, 6, 57, 94, 88, 65, 56, 79, 40, 67, 68, 46, 75, 38, 9, 19, 32, 81, 41, 27, 62, 87, 90, 99, 59, 11, 16, 72, 73, 70, 39, 37, 84, 3, 92, 25, 55, 28, 29, 51, 7, 33, 61, 86, 66, 89, 50, 48, 96, 53, 8, 4, 80, 34, 49, 52, 0, 13, 2, 69, 74]|[1, 1, 0, 1, 1, 1, 2, 1, 2, 1, 2, 2, 2, 1, 1, 0, 0, 1, 0, 2, 2, 0, 1, 2, 0, 1, 2, 2, 0, 0, 1, 2, 1, 2, 1, 0, 2, 0, 1, 1, 0, 1, 1, 1, 0, 2, 1, 1, 0, 0, 0, 0, 1, 1, 2, 1, 2, 0, 0, 0, 2, 1, 0, 1, 2, 1, 2, 1, 1, 1, 1, 1, 2, 0, 1, 1, 0, 0, 0, 1, 2, 1, 0, 2, 1, 0, 0, 0, 0, 1, 0, 0, 2, 0, 1, 0, 0, 0, 1, 2]|[4, 3, 2, 2, 0, 0, 2, 2, 2, 4, 1, 1, 2, 4, 4, 1, 1, 4, 2, 1, 1, 1, 1, 2, 1, 2, 1, 1, 1, 1, 3, 2, 3, 0, 4, 0, 1, 1, 0, 3, 2, 2, 4, 0, 1, 1, 0, 2, 0, 1, 2, 2, 1, 4, 0, 3, 2, 1, 1, 2, 1, 3, 1, 1, 1, 3, 0, 4, 3, 1, 4, 1, 1, 2, 4, 4, 2, 1, 1, 3, 1, 3, 1, 1, 1, 1, 1, 1, 2, 3, 2, 1, 1, 1, 1, 2, 2, 2, 3, 1]|[0, 2, 1, 1, 3, 3, 0, 1, 0, 0, 0, 0, 1, 0, 1, 0, 0, 3, 1, 0, 0, 0, 3, 1, 0, 2, 0, 0, 0, 1, 0, 0, 0, 0, 3, 0, 1, 0, 0, 2, 1, 1, 2, 0, 0, 0, 0, 1, 1, 0, 0, 0, 1, 3, 0, 0, 1, 0, 0, 1, 0, 2, 0, 1, 0, 2, 1, 0, 0, 1, 1, 3, 0, 1, 3, 3, 1, 0, 0, 2, 0, 0, 0, 0, 1, 0, 0, 0, 1, 2, 1, 0, 0, 1, 1, 0, 0, 0, 0, 0],790.0808266764368,57926.0831962336,89131.00769295532,false
32,G1_CMAX,G1_CMAX,[31, 22, 82, 15, 26, 99, 95, 42, 77, 12, 47, 5, 93, 78, 86, 54, 21, 63, 18, 44, 20, 35, 43, 97, 91, 76, 10, 30, 85, 45, 71, 64, 1, 23, 17, 83, 24, 14, 60, 36, 6, 57, 40, 88, 65, 56, 79, 94, 67, 68, 46, 75, 38, 9, 19, 32, 41, 81, 27, 87, 90, 58, 59, 11, 16, 72, 73, 70, 39, 37, 84, 3, 92, 25, 55, 48, 62, 29, 51, 96, 33, 61, 98, 28, 89, 50, 4, 7, 53, 80, 52, 66, 34, 49, 8, 0, 74, 69, 2, 13]|[1, 1, 0, 1, 1, 0, 1, 1, 2, 1, 2, 2, 2, 1, 1, 0, 0, 1, 0, 2, 2, 0, 1, 2, 0, 1, 2, 2, 0, 0, 1, 2, 1, 2, 1, 0, 2, 0, 1, 1, 0, 1, 1, 1, 0, 2, 1, 1, 0, 0, 0, 0, 1, 1, 2, 1, 0, 2, 0, 2, 1, 0, 1, 2, 1, 2, 1, 1, 1, 1, 1, 1, 0, 1, 2, 0, 0, 0, 0, 2, 2, 1, 2, 0, 1, 0, 1, 2, 0, 0, 1, 2, 2, 0, 1, 0, 2, 1, 0, 0]|[0, 3, 2, 2, 4, 1, 2, 3, 2, 4, 1, 1, 2, 4, 4, 1, 1, 4, 2, 1, 1, 1, 1, 2, 1, 2, 1, 1, 2, 1, 3, 2, 3, 1, 4, 0, 1, 1, 0, 3, 2, 2, 2, 0, 1, 1, 0, 4, 0, 1, 2, 2, 1, 4, 0, 3, 1, 1, 1, 1, 3, 1, 1, 1, 3, 0, 4, 3, 1, 4, 1, 1, 0, 4, 1, 1, 2, 1, 1, 1, 1, 3, 1, 2, 1, 1, 4, 1, 2, 1, 1, 1, 1, 1, 3, 2, 1, 4, 2, 2]|[0, 2, 1, 1, 3, 0, 1, 3, 0, 0, 0, 0, 1, 0, 1, 0, 0, 3, 1, 0, 0, 0, 3, 1, 0, 2, 0, 0, 0, 1, 0, 0, 0, 0, 3, 0, 1, 0, 0, 2, 1, 1, 1, 0, 0, 0, 0, 2, 1, 0, 0, 0, 1, 3, 0, 0, 0, 0, 0, 0, 2, 0, 1, 0, 2, 1, 0, 0, 1, 1, 3, 1, 1, 3, 0, 0, 1, 0, 0, 0, 0, 0, 0, 1, 1, 0, 0, 0, 1, 0, 1, 0, 0, 1, 2, 0, 0, 2, 0, 0],731.2476204416437,56784.74762275103,92889.2977037672,false
32,G4_BALANCED,G3_TWC,[31, 22, 82, 15, 26, 58, 95, 42, 77, 12, 47, 5, 93, 78, 98, 54, 85, 63, 18, 44, 20, 35, 43, 97, 91, 76, 10, 30, 21, 45, 71, 64, 1, 23, 17, 83, 24, 14, 60, 36, 6, 57, 94, 88, 65, 56, 79, 40, 67, 68, 46, 75, 38, 9, 19, 32, 81, 41, 27, 62, 87, 90, 99, 59, 11, 16, 72, 73, 70, 39, 37, 84, 3, 92, 25, 55, 28, 29, 51, 7, 33, 61, 86, 66, 89, 50, 48, 96, 53, 8, 80, 4, 34, 49, 52, 2, 13, 0, 69, 74]|[1, 1, 0, 1, 1, 1, 2, 1, 2, 1, 2, 2, 2, 1, 1, 0, 0, 1, 0, 2, 2, 0, 1, 2, 0, 1, 2, 2, 0, 0, 1, 2, 1, 2, 1, 0, 2, 0, 1, 1, 0, 1, 1, 1, 0, 2, 1, 1, 0, 0, 0, 0, 1, 1, 2, 1, 2, 0, 0, 0, 2, 1, 0, 1, 2, 1, 2, 1, 1, 1, 1, 1, 1, 0, 1, 1, 0, 0, 0, 1, 2, 1, 0, 2, 1, 0, 0, 0, 0, 1, 0, 0, 2, 0, 1, 0, 0, 0, 1, 2]|[4, 3, 2, 2, 0, 0, 2, 2, 2, 4, 1, 1, 2, 4, 4, 1, 2, 4, 2, 1, 1, 1, 1, 2, 1, 2, 1, 1, 1, 1, 3, 2, 3, 0, 4, 0, 1, 1, 0, 3, 2, 2, 4, 0, 1, 1, 0, 2, 0, 1, 2, 2, 1, 4, 0, 3, 2, 1, 1, 2, 1, 3, 1, 1, 1, 3, 0, 4, 3, 1, 4, 1, 1, 2, 4, 4, 2, 1, 1, 3, 1, 3, 1, 1, 1, 1, 1, 1, 2, 3, 1, 2, 1, 2, 1, 2, 2, 2, 3, 1]|[0, 2, 1, 1, 3, 3, 0, 1, 0, 0, 0, 0, 1, 0, 1, 0, 0, 3, 1, 0, 0, 0, 3, 1, 0, 2, 0, 0, 0, 1, 0, 0, 0, 0, 3, 0, 1, 0, 0, 2, 1, 1, 2, 0, 0, 0, 0, 1, 1, 0, 0, 0, 1, 3, 0, 0, 1, 0, 0, 1, 0, 2, 0, 1, 0, 2, 1, 0, 0, 1, 1, 3, 1, 1, 3, 3, 1, 0, 0, 2, 0, 0, 0, 0, 1, 0, 0, 0, 1, 2, 0, 1, 0, 0, 1, 0, 0, 0, 0, 0],837.1194107053024,57533.95455414555,90609.54694621445,true
32,G2_TEC,G2_TEC,[31, 22, 82, 15, 26, 9, 95, 42, 77, 68, 47, 5, 93, 78, 86, 54, 85, 63, 18, 44, 20, 49, 36, 14, 74, 50, 53, 17, 21, 28, 11, 64, 3, 23, 30, 83, 24, 41, 60, 52, 65, 27, 90, 70, 39, 87, 48, 69, 99, 4, 46, 1, 13, 58, 97, 59, 45, 8, 73, 37, 35, 79, 71, 66, 76, 32, 40, 80, 56, 6, 67, 61, 33, 7, 57, 34, 12, 16, 10, 98, 96, 88, 43, 75, 91, 38, 84, 92, 29, 19, 51, 55, 72, 0, 89, 81, 94, 2, 62, 25]|[2, 1, 2, 1, 1, 2, 1, 1, 1, 1, 1, 0, 2, 2, 1, 2, 0, 0, 0, 2, 2, 1, 0, 2, 0, 2, 2, 1, 0, 1, 1, 1, 0, 0, 1, 0, 2, 1, 2, 2, 0, 0, 1, 1, 0, 2, 0, 2, 1, 0, 0, 2, 0, 0, 2, 0, 1, 1, 0, 0, 2, 1, 1, 2, 2, 0, 2, 2, 2, 1, 2, 1, 1, 2, 0, 1, 1, 2, 1, 2, 0, 1, 1, 0, 1, 0, 0, 0, 1, 1, 1, 0, 1, 0, 1, 1, 2, 2, 1, 1]|[0, 3, 0, 3, 4, 1, 4, 4, 2, 4, 3, 2, 1, 0, 2, 1, 1, 1, 2, 1, 1, 3, 0, 1, 0, 1, 1, 4, 1, 4, 3, 2, 2, 0, 4, 1, 1, 4, 1, 1, 2, 1, 4, 4, 1, 1, 0, 2, 3, 2, 2, 1, 2, 1, 1, 2, 4, 3, 0, 2, 2, 3, 3, 1, 1, 2, 1, 1, 1, 4, 1, 3, 4, 1, 2, 4, 3, 1, 3, 1, 2, 4, 4, 2, 3, 2, 2, 2, 3, 4, 3, 2, 4, 2, 4, 4, 1, 1, 3, 4]|[0, 2, 0, 0, 3, 0, 1, 3, 0, 0, 2, 0, 1, 0, 1, 0, 0, 0, 1, 0, 0, 2, 0, 0, 1, 0, 0, 3, 0, 1, 0, 2, 0, 0, 3, 0, 1, 1, 0, 0, 0, 0, 1, 3, 0, 0, 1, 0, 2, 0, 0, 0, 0, 0, 1, 0, 1, 0, 1, 1, 0, 2, 0, 0, 0, 0, 0, 0, 0, 2, 0, 0, 1, 0, 0, 1, 0, 0, 3, 0, 0, 1, 2, 0, 0, 0, 0, 0, 3, 1, 0, 0, 2, 0, 1, 2, 0, 0, 0, 3],908.6830653768391,49416.86411654297,107380.61200184241,false
32,G3_TWC,G3_TWC,[31, 22, 82, 15, 26, 58, 95, 42, 77, 12, 47, 5, 93, 78, 98, 54, 85, 63, 18, 44, 20, 35, 43, 97, 91, 76, 10, 30, 21, 45, 71, 64, 1, 23, 17, 83, 24, 14, 60, 36, 6, 57, 94, 88, 65, 56, 79, 40, 67, 68, 46, 75, 38, 9, 19, 32, 81, 41, 27, 62, 87, 90, 99, 59, 11, 16, 72, 73, 70, 39, 37, 84, 3, 92, 25, 55, 28, 29, 51, 7, 33, 61, 86, 66, 89, 50, 48, 96, 53, 8, 4, 80, 34, 49, 52, 0, 13, 2, 69, 74]|[1, 1, 0, 1, 1, 1, 2, 1, 2, 1, 2, 2, 2, 1, 1, 0, 0, 1, 0, 2, 2, 0, 1, 2, 0, 1, 2, 2, 0, 0, 1, 2, 1, 2, 1, 0, 2, 0, 1, 1, 0, 1, 1, 1, 0, 2, 1, 1, 0, 0, 0, 0, 1, 1, 2, 1, 2, 0, 0, 0, 2, 1, 0, 1, 2, 1, 2, 1, 1, 1, 1, 1, 2, 0, 1, 1, 0, 0, 0, 1, 2, 1, 0, 2, 1, 0, 0, 0, 0, 1, 0, 0, 2, 0, 1, 0, 0, 0, 1, 2]|[4, 3, 2, 2, 0, 0, 2, 2, 2, 4, 1, 1, 2, 4, 4, 1, 1, 4, 2, 1, 1, 1, 1, 2, 1, 2, 1, 1, 1, 1, 3, 2, 3, 0, 4, 0, 1, 1, 0, 3, 2, 2, 4, 0, 1, 1, 0, 2, 0, 1, 2, 2, 1, 4, 0, 3, 2, 1, 1, 2, 1, 3, 1, 1, 1, 3, 0, 4, 3, 1, 4, 1, 1, 2, 4, 4, 2, 1, 1, 3, 1, 3, 1, 1, 1, 1, 1, 1, 2, 3, 2, 1, 1, 1, 1, 2, 2, 2, 3, 1]|[0, 2, 1, 1, 3, 3, 0, 1, 0, 0, 0, 0, 1, 0, 1, 0, 0, 3, 1, 0, 0, 0, 3, 1, 0, 2, 0, 0, 0, 1, 0, 0, 0, 0, 3, 0, 1, 0, 0, 2, 1, 1, 2, 0, 0, 0, 0, 1, 1, 0, 0, 0, 1, 3, 0, 0, 1, 0, 0, 1, 0, 2, 0, 1, 0, 2, 1, 0, 0, 1, 1, 3, 0, 1, 3, 3, 1, 0, 0, 2, 0, 0, 0, 0, 1, 0, 0, 0, 1, 2, 1, 0, 0, 1, 1, 0, 0, 0, 0, 0],790.0808266764368,57926.0831962336,89131.00769295532,false
32,G1_CMAX,G1_CMAX,[31, 22, 82, 15, 26, 99, 95, 42, 77, 12, 47, 5, 93, 78, 86, 54, 21, 63, 18, 44, 20, 35, 43, 97, 91, 76, 10, 30, 85, 45, 71, 64, 1, 23, 17, 83, 24, 14, 60, 36, 6, 57, 40, 88, 65, 56, 79, 94, 67, 68, 46, 75, 38, 9, 19, 32, 41, 81, 27, 87, 90, 58, 59, 11, 16, 72, 73, 70, 39, 37, 84, 3, 92, 25, 55, 48, 62, 29, 51, 96, 33, 61, 98, 28, 89, 50, 4, 7, 53, 80, 52, 66, 34, 49, 8, 0, 74, 69, 2, 13]|[1, 1, 0, 1, 1, 0, 1, 1, 2, 1, 2, 2, 2, 1, 1, 0, 0, 1, 0, 2, 2, 0, 1, 2, 0, 1, 2, 2, 0, 0, 1, 2, 1, 2, 1, 0, 2, 0, 1, 1, 0, 1, 1, 1, 0, 2, 1, 1, 0, 0, 0, 0, 1, 1, 2, 1, 0, 2, 0, 2, 1, 0, 1, 2, 1, 2, 1, 1, 1, 1, 1, 1, 0, 1, 2, 0, 0, 0, 0, 2, 2, 1, 2, 0, 1, 0, 1, 2, 0, 0, 1, 2, 2, 0, 1, 0, 2, 1, 0, 0]|[0, 3, 2, 2, 4, 1, 2, 3, 2, 4, 1, 1, 2, 4, 4, 1, 1, 4, 2, 1, 1, 1, 1, 2, 1, 2, 1, 1, 2, 1, 3, 2, 3, 1, 4, 0, 1, 1, 0, 3, 2, 2, 2, 0, 1, 1, 0, 4, 0, 1, 2, 2, 1, 4, 0, 3, 1, 1, 1, 1, 3, 1, 1, 1, 3, 0, 4, 3, 1, 4, 1, 1, 0, 4, 1, 1, 2, 1, 1, 1, 1, 3, 1, 2, 1, 1, 4, 1, 2, 1, 1, 1, 1, 1, 3, 2, 1, 4, 2, 2]|[0, 2, 1, 1, 3, 0, 1, 3, 0, 0, 0, 0, 1, 0, 1, 0, 0, 3, 1, 0, 0, 0, 3, 1, 0, 2, 0, 0, 0, 1, 0, 0, 0, 0, 3, 0, 1, 0, 0, 2, 1, 1, 1, 0, 0, 0, 0, 2, 1, 0, 0, 0, 1, 3, 0, 0, 0, 0, 0, 0, 2, 0, 1, 0, 2, 1, 0, 0, 1, 1, 3, 1, 1, 3, 0, 0, 1, 0, 0, 0, 0, 0, 0, 1, 1, 0, 0, 0, 1, 0, 1, 0, 0, 1, 2, 0, 0, 2, 0, 0],731.2476204416437,56784.74762275103,92889.2977037672,false
32,G4_BALANCED,G1_CMAX,[20, 22, 82, 15, 26, 99, 95, 42, 77, 12, 47, 5, 93, 78, 86, 54, 21, 63, 18, 44, 31, 35, 43, 97, 91, 76, 10, 30, 85, 45, 71, 64, 1, 23, 17, 83, 24, 14, 60, 36, 6, 57, 40, 88, 65, 56, 79, 94, 67, 68, 46, 75, 38, 9, 19, 32, 41, 81, 27, 87, 90, 58, 59, 11, 16, 72, 73, 70, 39, 37, 84, 3, 92, 25, 55, 48, 62, 29, 51, 7, 33, 61, 50, 28, 89, 98, 4, 96, 53, 80, 8, 66, 34, 49, 52, 0, 74, 69, 2, 13]|[1, 1, 0, 1, 1, 0, 1, 1, 2, 1, 2, 2, 2, 1, 1, 0, 0, 1, 0, 2, 2, 0, 1, 2, 0, 1, 2, 2, 0, 0, 1, 2, 1, 2, 1, 0, 2, 0, 1, 1, 0, 1, 1, 1, 0, 2, 1, 1, 0, 0, 0, 0, 1, 1, 2, 1, 0, 2, 0, 2, 1, 0, 1, 2, 1, 2, 1, 1, 1, 1, 1, 1, 0, 1, 2, 0, 0, 0, 0, 2, 2, 1, 0, 0, 1, 0, 1, 2, 0, 0, 1, 2, 2, 0, 1, 0, 2, 1, 0, 0]|[0, 3, 2, 2, 4, 1, 2, 3, 2, 4, 1, 1, 2, 4, 4, 1, 1, 4, 2, 1, 1, 1, 1, 2, 1, 2, 1, 1, 2, 1, 3, 2, 3, 1, 4, 0, 1, 1, 0, 3, 2, 2, 2, 0, 1, 1, 0, 4, 0, 1, 2, 2, 1, 4, 0, 3, 1, 1, 1, 1, 3, 1, 1, 1, 3, 0, 4, 3, 1, 4, 1, 1, 0, 4, 1, 1, 2, 1, 1, 1, 1, 3, 1, 2, 1, 1, 4, 1, 2, 1, 3, 1, 1, 1, 1, 2, 1, 4, 2, 2]|[0, 2, 1, 1, 3, 0, 1, 3, 0, 0, 0, 0, 1, 0, 1, 0, 0, 3, 1, 0, 0, 0, 3, 1, 0, 2, 0, 0, 0, 1, 0, 0, 0, 0, 3, 0, 1, 0, 0, 2, 1, 1, 1, 0, 0, 0, 0, 2, 1, 0, 0, 0, 1, 3, 0, 0, 0, 0, 0, 0, 2, 0, 1, 0, 2, 1, 0, 0, 1, 1, 3, 1, 1, 3, 0, 0, 1, 0, 0, 0, 0, 0, 0, 1, 1, 0, 0, 0, 1, 0, 2, 0, 0, 1, 1, 0, 0, 2, 0, 0],757.5783344117788,56835.43072211686,91707.0056528871,true
32,G2_TEC,G2_TEC,[31, 22, 82, 15, 26, 9, 95, 42, 77, 68, 47, 5, 93, 78, 86, 54, 85, 63, 18, 44, 20, 49, 36, 14, 74, 50, 53, 17, 21, 28, 11, 64, 3, 23, 30, 83, 24, 41, 60, 52, 65, 27, 90, 70, 39, 87, 48, 69, 99, 4, 46, 1, 13, 58, 97, 59, 45, 8, 73, 37, 35, 79, 71, 66, 76, 32, 40, 80, 56, 6, 67, 61, 33, 7, 57, 34, 12, 16, 10, 98, 96, 88, 43, 75, 91, 38, 84, 92, 29, 19, 51, 55, 72, 0, 89, 81, 94, 2, 62, 25]|[2, 1, 2, 1, 1, 2, 1, 1, 1, 1, 1, 0, 2, 2, 1, 2, 0, 0, 0, 2, 2, 1, 0, 2, 0, 2, 2, 1, 0, 1, 1, 1, 0, 0, 1, 0, 2, 1, 2, 2, 0, 0, 1, 1, 0, 2, 0, 2, 1, 0, 0, 2, 0, 0, 2, 0, 1, 1, 0, 0, 2, 1, 1, 2, 2, 0, 2, 2, 2, 1, 2, 1, 1, 2, 0, 1, 1, 2, 1, 2, 0, 1, 1, 0, 1, 0, 0, 0, 1, 1, 1, 0, 1, 0, 1, 1, 2, 2, 1, 1]|[0, 3, 0, 3, 4, 1, 4, 4, 2, 4, 3, 2, 1, 0, 2, 1, 1, 1, 2, 1, 1, 3, 0, 1, 0, 1, 1, 4, 1, 4, 3, 2, 2, 0, 4, 1, 1, 4, 1, 1, 2, 1, 4, 4, 1, 1, 0, 2, 3, 2, 2, 1, 2, 1, 1, 2, 4, 3, 0, 2, 2, 3, 3, 1, 1, 2, 1, 1, 1, 4, 1, 3, 4, 1, 2, 4, 3, 1, 3, 1, 2, 4, 4, 2, 3, 2, 2, 2, 3, 4, 3, 2, 4, 2, 4, 4, 1, 1, 3, 4]|[0, 2, 0, 0, 3, 0, 1, 3, 0, 0, 2, 0, 1, 0, 1, 0, 0, 0, 1, 0, 0, 2, 0, 0, 1, 0, 0, 3, 0, 1, 0, 2, 0, 0, 3, 0, 1, 1, 0, 0, 0, 0, 1, 3, 0, 0, 1, 0, 2, 0, 0, 0, 0, 0, 1, 0, 1, 0, 1, 1, 0, 2, 0, 0, 0, 0, 0, 0, 0, 2, 0, 0, 1, 0, 0, 1, 0, 0, 3, 0, 0, 1, 2, 0, 0, 0, 0, 0, 3, 1, 0, 0, 2, 0, 1, 2, 0, 0, 0, 3],908.6830653768391,49416.86411654297,107380.61200184241,false
32,G3_TWC,G3_TWC,[31, 22, 82, 15, 26, 58, 95, 42, 77, 12, 47, 5, 93, 78, 98, 54, 85, 63, 18, 44, 20, 35, 43, 97, 91, 76, 10, 30, 21, 45, 71, 64, 1, 23, 17, 83, 24, 14, 60, 36, 6, 57, 94, 88, 65, 56, 79, 40, 67, 68, 46, 75, 38, 9, 19, 32, 81, 41, 27, 62, 87, 90, 99, 59, 11, 16, 72, 73, 70, 39, 37, 84, 3, 92, 25, 55, 28, 29, 51, 7, 33, 61, 86, 66, 89, 50, 48, 96, 53, 8, 4, 80, 34, 49, 52, 0, 13, 2, 69, 74]|[1, 1, 0, 1, 1, 1, 2, 1, 2, 1, 2, 2, 2, 1, 1, 0, 0, 1, 0, 2, 2, 0, 1, 2, 0, 1, 2, 2, 0, 0, 1, 2, 1, 2, 1, 0, 2, 0, 1, 1, 0, 1, 1, 1, 0, 2, 1, 1, 0, 0, 0, 0, 1, 1, 2, 1, 2, 0, 0, 0, 2, 1, 0, 1, 2, 1, 2, 1, 1, 1, 1, 1, 2, 0, 1, 1, 0, 0, 0, 1, 2, 1, 0, 2, 1, 0, 0, 0, 0, 1, 0, 0, 2, 0, 1, 0, 0, 0, 1, 2]|[4, 3, 2, 2, 0, 0, 2, 2, 2, 4, 1, 1, 2, 4, 4, 1, 1, 4, 2, 1, 1, 1, 1, 2, 1, 2, 1, 1, 1, 1, 3, 2, 3, 0, 4, 0, 1, 1, 0, 3, 2, 2, 4, 0, 1, 1, 0, 2, 0, 1, 2, 2, 1, 4, 0, 3, 2, 1, 1, 2, 1, 3, 1, 1, 1, 3, 0, 4, 3, 1, 4, 1, 1, 2, 4, 4, 2, 1, 1, 3, 1, 3, 1, 1, 1, 1, 1, 1, 2, 3, 2, 1, 1, 1, 1, 2, 2, 2, 3, 1]|[0, 2, 1, 1, 3, 3, 0, 1, 0, 0, 0, 0, 1, 0, 1, 0, 0, 3, 1, 0, 0, 0, 3, 1, 0, 2, 0, 0, 0, 1, 0, 0, 0, 0, 3, 0, 1, 0, 0, 2, 1, 1, 2, 0, 0, 0, 0, 1, 1, 0, 0, 0, 1, 3, 0, 0, 1, 0, 0, 1, 0, 2, 0, 1, 0, 2, 1, 0, 0, 1, 1, 3, 0, 1, 3, 3, 1, 0, 0, 2, 0, 0, 0, 0, 1, 0, 0, 0, 1, 2, 1, 0, 0, 1, 1, 0, 0, 0, 0, 0],790.0808266764368,57926.0831962336,89131.00769295532,false
32,G1_CMAX,G1_CMAX,[31, 22, 82, 15, 26, 99, 95, 42, 77, 12, 47, 5, 93, 78, 86, 54, 21, 63, 18, 44, 20, 35, 43, 97, 91, 76, 10, 30, 85, 45, 71, 64, 1, 23, 17, 83, 24, 14, 60, 36, 6, 57, 40, 88, 65, 56, 79, 94, 67, 68, 46, 75, 38, 9, 19, 32, 41, 81, 27, 87, 90, 58, 59, 11, 16, 72, 73, 70, 39, 37, 84, 3, 92, 25, 55, 48, 62, 29, 51, 96, 33, 61, 98, 28, 89, 50, 4, 7, 53, 80, 52, 66, 34, 49, 8, 0, 74, 69, 2, 13]|[1, 1, 0, 1, 1, 0, 1, 1, 2, 1, 2, 2, 2, 1, 1, 0, 0, 1, 0, 2, 2, 0, 1, 2, 0, 1, 2, 2, 0, 0, 1, 2, 1, 2, 1, 0, 2, 0, 1, 1, 0, 1, 1, 1, 0, 2, 1, 1, 0, 0, 0, 0, 1, 1, 2, 1, 0, 2, 0, 2, 1, 0, 1, 2, 1, 2, 1, 1, 1, 1, 1, 1, 0, 1, 2, 0, 0, 0, 0, 2, 2, 1, 2, 0, 1, 0, 1, 2, 0, 0, 1, 2, 2, 0, 1, 0, 2, 1, 0, 0]|[0, 3, 2, 2, 4, 1, 2, 3, 2, 4, 1, 1, 2, 4, 4, 1, 1, 4, 2, 1, 1, 1, 1, 2, 1, 2, 1, 1, 2, 1, 3, 2, 3, 1, 4, 0, 1, 1, 0, 3, 2, 2, 2, 0, 1, 1, 0, 4, 0, 1, 2, 2, 1, 4, 0, 3, 1, 1, 1, 1, 3, 1, 1, 1, 3, 0, 4, 3, 1, 4, 1, 1, 0, 4, 1, 1, 2, 1, 1, 1, 1, 3, 1, 2, 1, 1, 4, 1, 2, 1, 1, 1, 1, 1, 3, 2, 1, 4, 2, 2]|[0, 2, 1, 1, 3, 0, 1, 3, 0, 0, 0, 0, 1, 0, 1, 0, 0, 3, 1, 0, 0, 0, 3, 1, 0, 2, 0, 0, 0, 1, 0, 0, 0, 0, 3, 0, 1, 0, 0, 2, 1, 1, 1, 0, 0, 0, 0, 2, 1, 0, 0, 0, 1, 3, 0, 0, 0, 0, 0, 0, 2, 0, 1, 0, 2, 1, 0, 0, 1, 1, 3, 1, 1, 3, 0, 0, 1, 0, 0, 0, 0, 0, 0, 1, 1, 0, 0, 0, 1, 0, 1, 0, 0, 1, 2, 0, 0, 2, 0, 0],731.2476204416437,56784.74762275103,92889.2977037672,false
32,G4_BALANCED,G4_BALANCED,[31, 11, 15, 82, 26, 9, 95, 32, 77, 68, 47, 5, 93, 78, 86, 54, 85, 63, 18, 44, 20, 49, 36, 14, 74, 50, 53, 17, 21, 45, 71, 64, 3, 73, 30, 83, 24, 41, 2, 52, 65, 27, 90, 70, 39, 87, 48, 69, 99, 4, 46, 1, 13, 58, 97, 59, 28, 75, 23, 37, 35, 79, 22, 66, 76, 42, 40, 80, 96, 6, 16, 61, 33, 7, 57, 34, 12, 67, 10, 98, 56, 88, 29, 8, 91, 38, 19, 92, 43, 84, 51, 72, 81, 25, 60, 55, 94, 89, 62, 0]|[2, 1, 1, 2, 1, 2, 1, 1, 1, 1, 1, 0, 2, 2, 1, 2, 0, 0, 0, 2, 2, 1, 0, 2, 0, 2, 2, 1, 0, 1, 1, 1, 0, 0, 1, 0, 2, 1, 2, 2, 0, 0, 1, 1, 0, 2, 0, 2, 1, 0, 0, 2, 0, 0, 2, 0, 1, 0, 0, 0, 2, 1, 0, 2, 2, 0, 2, 2, 0, 1, 2, 1, 1, 2, 0, 1, 1, 1, 1, 2, 2, 1, 1, 1, 1, 0, 1, 0, 1, 0, 1, 1, 1, 1, 2, 0, 2, 1, 1, 0]|[1, 3, 2, 0, 4, 1, 4, 4, 2, 4, 3, 2, 1, 0, 2, 1, 1, 1, 2, 1, 1, 3, 0, 1, 0, 1, 1, 4, 1, 4, 3, 2, 2, 0, 4, 1, 1, 4, 0, 1, 2, 1, 4, 4, 1, 1, 0, 2, 3, 2, 2, 1, 2, 1, 1, 2, 4, 2, 0, 2, 2, 3, 1, 0, 1, 2, 0, 1, 2, 4, 1, 3, 4, 1, 2, 4, 3, 3, 3, 1, 1, 4, 3, 3, 3, 2, 4, 2, 4, 2, 3, 4, 1, 4, 0, 2, 1, 4, 3, 2]|[1, 2, 1, 0, 3, 0, 1, 3, 0, 0, 2, 0, 1, 0, 1, 0, 0, 0, 1, 0, 0, 2, 0, 0, 1, 0, 0, 3, 0, 1, 0, 2, 0, 1, 3, 0, 1, 3, 1, 0, 0, 0, 1, 3, 0, 0, 1, 0, 2, 0, 0, 0, 0, 0, 1, 0, 1, 0, 1, 1, 0, 2, 0, 0, 0, 0, 0, 0, 0, 2, 0, 0, 1, 0, 0, 1, 0, 0, 3, 0, 0, 1, 0, 0, 0, 0, 3, 0, 2, 0, 0, 2, 1, 3, 1, 0, 0, 1, 0, 0],842.3358630601143,53281.86467765049,106164.56583665014,false
32,G2_TEC,G2_TEC,[31, 22, 82, 15, 26, 9, 95, 42, 77, 68, 47, 5, 93, 78, 86, 54, 85, 63, 18, 44, 20, 49, 36, 14, 74, 50, 53, 17, 21, 28, 11, 64, 3, 23, 30, 83, 24, 41, 60, 52, 65, 27, 90, 70, 39, 87, 48, 69, 99, 4, 46, 1, 13, 58, 97, 59, 45, 8, 73, 37, 35, 79, 71, 66, 76, 32, 40, 80, 56, 6, 67, 61, 33, 7, 57, 34, 12, 16, 10, 98, 96, 88, 43, 75, 91, 38, 84, 92, 29, 19, 51, 55, 72, 0, 89, 81, 94, 2, 62, 25]|[2, 1, 2, 1, 1, 2, 1, 1, 1, 1, 1, 0, 2, 2, 1, 2, 0, 0, 0, 2, 2, 1, 0, 2, 0, 2, 2, 1, 0, 1, 1, 1, 0, 0, 1, 0, 2, 1, 2, 2, 0, 0, 1, 1, 0, 2, 0, 2, 1, 0, 0, 2, 0, 0, 2, 0, 1, 1, 0, 0, 2, 1, 1, 2, 2, 0, 2, 2, 2, 1, 2, 1, 1, 2, 0, 1, 1, 2, 1, 2, 0, 1, 1, 0, 1, 0, 0, 0, 1, 1, 1, 0, 1, 0, 1, 1, 2, 2, 1, 1]|[0, 3, 0, 3, 4, 1, 4, 4, 2, 4, 3, 2, 1, 0, 2, 1, 1, 1, 2, 1, 1, 3, 0, 1, 0, 1, 1, 4, 1, 4, 3, 2, 2, 0, 4, 1, 1, 4, 1, 1, 2, 1, 4, 4, 1, 1, 0, 2, 3, 2, 2, 1, 2, 1, 1, 2, 4, 3, 0, 2, 2, 3, 3, 1, 1, 2, 1, 1, 1, 4, 1, 3, 4, 1, 2, 4, 3, 1, 3, 1, 2, 4, 4, 2, 3, 2, 2, 2, 3, 4, 3, 2, 4, 2, 4, 4, 1, 1, 3, 4]|[0, 2, 0, 0, 3, 0, 1, 3, 0, 0, 2, 0, 1, 0, 1, 0, 0, 0, 1, 0, 0, 2, 0, 0, 1, 0, 0, 3, 0, 1, 0, 2, 0, 0, 3, 0, 1, 1, 0, 0, 0, 0, 1, 3, 0, 0, 1, 0, 2, 0, 0, 0, 0, 0, 1, 0, 1, 0, 1, 1, 0, 2, 0, 0, 0, 0, 0, 0, 0, 2, 0, 0, 1, 0, 0, 1, 0, 0, 3, 0, 0, 1, 2, 0, 0, 0, 0, 0, 3, 1, 0, 0, 2, 0, 1, 2, 0, 0, 0, 3],908.6830653768391,49416.86411654297,107380.61200184241,false
32,G3_TWC,G3_TWC,[31, 22, 82, 15, 26, 58, 95, 42, 77, 12, 47, 5, 93, 78, 98, 54, 85, 63, 18, 44, 20, 35, 43, 97, 91, 76, 10, 30, 21, 45, 71, 64, 1, 23, 17, 83, 24, 14, 60, 36, 6, 57, 94, 88, 65, 56, 79, 40, 67, 68, 46, 75, 38, 9, 19, 32, 81, 41, 27, 62, 87, 90, 99, 59, 11, 16, 72, 73, 70, 39, 37, 84, 3, 92, 25, 55, 28, 29, 51, 7, 33, 61, 86, 66, 89, 50, 48, 96, 53, 8, 4, 80, 34, 49, 52, 0, 13, 2, 69, 74]|[1, 1, 0, 1, 1, 1, 2, 1, 2, 1, 2, 2, 2, 1, 1, 0, 0, 1, 0, 2, 2, 0, 1, 2, 0, 1, 2, 2, 0, 0, 1, 2, 1, 2, 1, 0, 2, 0, 1, 1, 0, 1, 1, 1, 0, 2, 1, 1, 0, 0, 0, 0, 1, 1, 2, 1, 2, 0, 0, 0, 2, 1, 0, 1, 2, 1, 2, 1, 1, 1, 1, 1, 2, 0, 1, 1, 0, 0, 0, 1, 2, 1, 0, 2, 1, 0, 0, 0, 0, 1, 0, 0, 2, 0, 1, 0, 0, 0, 1, 2]|[4, 3, 2, 2, 0, 0, 2, 2, 2, 4, 1, 1, 2, 4, 4, 1, 1, 4, 2, 1, 1, 1, 1, 2, 1, 2, 1, 1, 1, 1, 3, 2, 3, 0, 4, 0, 1, 1, 0, 3, 2, 2, 4, 0, 1, 1, 0, 2, 0, 1, 2, 2, 1, 4, 0, 3, 2, 1, 1, 2, 1, 3, 1, 1, 1, 3, 0, 4, 3, 1, 4, 1, 1, 2, 4, 4, 2, 1, 1, 3, 1, 3, 1, 1, 1, 1, 1, 1, 2, 3, 2, 1, 1, 1, 1, 2, 2, 2, 3, 1]|[0, 2, 1, 1, 3, 3, 0, 1, 0, 0, 0, 0, 1, 0, 1, 0, 0, 3, 1, 0, 0, 0, 3, 1, 0, 2, 0, 0, 0, 1, 0, 0, 0, 0, 3, 0, 1, 0, 0, 2, 1, 1, 2, 0, 0, 0, 0, 1, 1, 0, 0, 0, 1, 3, 0, 0, 1, 0, 0, 1, 0, 2, 0, 1, 0, 2, 1, 0, 0, 1, 1, 3, 0, 1, 3, 3, 1, 0, 0, 2, 0, 0, 0, 0, 1, 0, 0, 0, 1, 2, 1, 0, 0, 1, 1, 0, 0, 0, 0, 0],790.0808266764368,57926.0831962336,89131.00769295532,false
32,G1_CMAX,G1_CMAX,[31, 22, 82, 15, 26, 99, 95, 42, 77, 12, 47, 5, 93, 78, 86, 54, 21, 63, 18, 44, 20, 35, 43, 97, 91, 76, 10, 30, 85, 45, 71, 64, 1, 23, 17, 83, 24, 14, 60, 36, 6, 57, 40, 88, 65, 56, 79, 94, 67, 68, 46, 75, 38, 9, 19, 32, 41, 81, 27, 87, 90, 58, 59, 11, 16, 72, 73, 70, 39, 37, 84, 3, 92, 25, 55, 48, 62, 29, 51, 96, 33, 61, 98, 28, 89, 50, 4, 7, 53, 80, 52, 66, 34, 49, 8, 0, 74, 69, 2, 13]|[1, 1, 0, 1, 1, 0, 1, 1, 2, 1, 2, 2, 2, 1, 1, 0, 0, 1, 0, 2, 2, 0, 1, 2, 0, 1, 2, 2, 0, 0, 1, 2, 1, 2, 1, 0, 2, 0, 1, 1, 0, 1, 1, 1, 0, 2, 1, 1, 0, 0, 0, 0, 1, 1, 2, 1, 0, 2, 0, 2, 1, 0, 1, 2, 1, 2, 1, 1, 1, 1, 1, 1, 0, 1, 2, 0, 0, 0, 0, 2, 2, 1, 2, 0, 1, 0, 1, 2, 0, 0, 1, 2, 2, 0, 1, 0, 2, 1, 0, 0]|[0, 3, 2, 2, 4, 1, 2, 3, 2, 4, 1, 1, 2, 4, 4, 1, 1, 4, 2, 1, 1, 1, 1, 2, 1, 2, 1, 1, 2, 1, 3, 2, 3, 1, 4, 0, 1, 1, 0, 3, 2, 2, 2, 0, 1, 1, 0, 4, 0, 1, 2, 2, 1, 4, 0, 3, 1, 1, 1, 1, 3, 1, 1, 1, 3, 0, 4, 3, 1, 4, 1, 1, 0, 4, 1, 1, 2, 1, 1, 1, 1, 3, 1, 2, 1, 1, 4, 1, 2, 1, 1, 1, 1, 1, 3, 2, 1, 4, 2, 2]|[0, 2, 1, 1, 3, 0, 1, 3, 0, 0, 0, 0, 1, 0, 1, 0, 0, 3, 1, 0, 0, 0, 3, 1, 0, 2, 0, 0, 0, 1, 0, 0, 0, 0, 3, 0, 1, 0, 0, 2, 1, 1, 1, 0, 0, 0, 0, 2, 1, 0, 0, 0, 1, 3, 0, 0, 0, 0, 0, 0, 2, 0, 1, 0, 2, 1, 0, 0, 1, 1, 3, 1, 1, 3, 0, 0, 1, 0, 0, 0, 0, 0, 0, 1, 1, 0, 0, 0, 1, 0, 1, 0, 0, 1, 2, 0, 0, 2, 0, 0],731.2476204416437,56784.74762275103,92889.2977037672,false
32,G4_BALANCED,G3_TWC,[31, 22, 82, 15, 26, 58, 95, 42, 77, 12, 47, 5, 93, 78, 98, 54, 85, 63, 18, 44, 20, 35, 43, 97, 91, 76, 10, 30, 21, 45, 71, 64, 1, 23, 17, 83, 24, 14, 60, 36, 6, 57, 94, 88, 65, 56, 79, 40, 67, 68, 46, 75, 38, 9, 19, 32, 81, 41, 27, 62, 87, 90, 99, 59, 11, 16, 72, 73, 70, 39, 37, 84, 3, 92, 25, 55, 28, 29, 51, 7, 33, 61, 86, 66, 89, 50, 48, 96, 53, 80, 8, 4, 34, 69, 52, 2, 13, 0, 49, 74]|[1, 1, 0, 1, 1, 1, 2, 1, 2, 1, 2, 2, 2, 1, 1, 0, 0, 1, 0, 2, 2, 0, 1, 2, 0, 1, 2, 2, 0, 0, 1, 2, 1, 2, 1, 0, 2, 0, 1, 1, 0, 1, 1, 1, 0, 2, 1, 1, 0, 0, 0, 0, 1, 1, 2, 1, 2, 0, 0, 0, 2, 1, 0, 1, 2, 1, 2, 1, 1, 1, 1, 1, 2, 0, 1, 1, 0, 0, 0, 1, 2, 1, 0, 2, 1, 0, 0, 0, 0, 0, 1, 0, 2, 1, 1, 0, 0, 0, 0, 2]|[4, 3, 2, 2, 0, 0, 2, 2, 2, 4, 1, 1, 2, 4, 4, 1, 1, 4, 2, 1, 1, 1, 1, 2, 1, 2, 1, 1, 1, 1, 3, 2, 3, 1, 4, 0, 1, 1, 0, 3, 2, 2, 4, 0, 1, 1, 0, 2, 0, 1, 2, 2, 1, 4, 0, 3, 2, 1, 1, 2, 1, 3, 1, 1, 1, 3, 0, 4, 3, 1, 4, 1, 1, 2, 4, 4, 2, 1, 1, 3, 1, 3, 1, 1, 1, 1, 1, 1, 2, 1, 3, 2, 1, 3, 1, 2, 2, 2, 1, 1]|[0, 2, 1, 1, 3, 3, 0, 1, 0, 0, 0, 0, 1, 0, 1, 0, 0, 3, 1, 0, 0, 0, 3, 1, 0, 2, 0, 0, 0, 1, 0, 0, 0, 0, 3, 0, 1, 0, 0, 2, 1, 1, 2, 0, 0, 0, 0, 1, 1, 0, 0, 0, 1, 3, 0, 0, 1, 0, 0, 1, 0, 2, 0, 1, 0, 2, 1, 0, 0, 1, 1, 3, 0, 1, 3, 3, 1, 0, 0, 2, 0, 0, 0, 0, 1, 0, 0, 0, 1, 0, 2, 1, 0, 0, 1, 0, 0, 0, 1, 0],798.8899588250649,57793.82478295763,89388.18547694836,true
32,G2_TEC,G2_TEC,[31, 22, 82, 15, 26, 9, 95, 42, 77, 68, 47, 5, 93, 78, 86, 54, 85, 63, 18, 44, 20, 49, 36, 14, 74, 50, 53, 17, 21, 28, 11, 64, 3, 23, 30, 83, 24, 41, 40, 52, 65, 27, 90, 70, 39, 87, 48, 69, 99, 4, 46, 1, 13, 58, 97, 59, 45, 8, 73, 37, 35, 79, 71, 66, 76, 32, 60, 80, 96, 6, 16, 61, 33, 7, 57, 34, 12, 62, 10, 98, 56, 88, 43, 75, 91, 38, 84, 67, 29, 19, 51, 72, 89, 25, 2, 81, 94, 55, 92, 0]|[2, 1, 2, 1, 1, 2, 1, 1, 1, 1, 1, 0, 2, 2, 1, 2, 0, 0, 0, 2, 2, 1, 0, 2, 0, 2, 2, 1, 0, 1, 1, 1, 0, 0, 1, 0, 2, 1, 2, 2, 0, 0, 1, 1, 0, 2, 0, 2, 1, 0, 0, 2, 0, 0, 2, 0, 1, 1, 0, 0, 2, 1, 1, 1, 2, 0, 2, 2, 0, 1, 2, 1, 1, 2, 0, 1, 2, 1, 1, 2, 2, 1, 1, 0, 1, 0, 0, 1, 1, 1, 1, 1, 1, 1, 2, 1, 2, 0, 0, 0]|[0, 3, 0, 3, 4, 1, 4, 4, 2, 4, 3, 2, 1, 0, 2, 1, 1, 1, 2, 1, 1, 3, 0, 1, 0, 1, 1, 4, 1, 4, 3, 2, 2, 0, 4, 1, 1, 4, 1, 1, 2, 1, 4, 4, 1, 1, 0, 2, 3, 2, 2, 1, 2, 1, 1, 2, 4, 3, 0, 2, 2, 3, 3, 1, 1, 2, 1, 1, 2, 4, 1, 3, 4, 1, 2, 4, 1, 3, 3, 1, 1, 4, 4, 2, 3, 2, 2, 3, 3, 4, 3, 4, 4, 4, 1, 4, 1, 2, 2, 2]|[0, 2, 0, 0, 3, 0, 1, 3, 0, 0, 2, 0, 1, 0, 1, 0, 0, 0, 1, 0, 0, 2, 0, 0, 1, 0, 0, 3, 0, 1, 0, 2, 0, 0, 3, 0, 1, 1, 0, 0, 0, 0, 1, 3, 0, 0, 1, 0, 2, 0, 0, 0, 0, 0, 1, 0, 1, 0, 1, 1, 0, 2, 0, 2, 0, 0, 0, 0, 0, 2, 0, 0, 1, 0, 0, 1, 0, 0, 3, 0, 0, 1, 2, 0, 0, 0, 0, 0, 3, 1, 0, 1, 1, 3, 0, 2, 0, 0, 0, 0],884.4980076459976,49672.799659679906,107767.65557596297,false
32,G3_TWC,G3_TWC,[31, 22, 82, 15, 26, 58, 95, 42, 77, 12, 47, 5, 93, 78, 98, 54, 85, 63, 18, 44, 20, 35, 43, 97, 91, 76, 10, 30, 21, 45, 71, 64, 1, 23, 17, 83, 24, 14, 60, 36, 6, 57, 94, 88, 65, 56, 79, 40, 67, 68, 46, 75, 38, 9, 19, 32, 81, 41, 27, 62, 87, 90, 99, 59, 11, 16, 72, 73, 70, 39, 37, 84, 3, 92, 25, 55, 28, 29, 51, 7, 33, 61, 86, 66, 89, 50, 48, 96, 53, 8, 4, 80, 34, 49, 52, 0, 13, 2, 69, 74]|[1, 1, 0, 1, 1, 1, 2, 1, 2, 1, 2, 2, 2, 1, 1, 0, 0, 1, 0, 2, 2, 0, 1, 2, 0, 1, 2, 2, 0, 0, 1, 2, 1, 2, 1, 0, 2, 0, 1, 1, 0, 1, 1, 1, 0, 2, 1, 1, 0, 0, 0, 0, 1, 1, 2, 1, 2, 0, 0, 0, 2, 1, 0, 1, 2, 1, 2, 1, 1, 1, 1, 1, 2, 0, 1, 1, 0, 0, 0, 1, 2, 1, 0, 2, 1, 0, 0, 0, 0, 1, 0, 0, 2, 0, 1, 0, 0, 0, 1, 2]|[4, 3, 2, 2, 0, 0, 2, 2, 2, 4, 1, 1, 2, 4, 4, 1, 1, 4, 2, 1, 1, 1, 1, 2, 1, 2, 1, 1, 1, 1, 3, 2, 3, 0, 4, 0, 1, 1, 0, 3, 2, 2, 4, 0, 1, 1, 0, 2, 0, 1, 2, 2, 1, 4, 0, 3, 2, 1, 1, 2, 1, 3, 1, 1, 1, 3, 0, 4, 3, 1, 4, 1, 1, 2, 4, 4, 2, 1, 1, 3, 1, 3, 1, 1, 1, 1, 1, 1, 2, 3, 2, 1, 1, 1, 1, 2, 2, 2, 3, 1]|[0, 2, 1, 1, 3, 3, 0, 1, 0, 0, 0, 0, 1, 0, 1, 0, 0, 3, 1, 0, 0, 0, 3, 1, 0, 2, 0, 0, 0, 1, 0, 0, 0, 0, 3, 0, 1, 0, 0, 2, 1, 1, 2, 0, 0, 0, 0, 1, 1, 0, 0, 0, 1, 3, 0, 0, 1, 0, 0, 1, 0, 2, 0, 1, 0, 2, 1, 0, 0, 1, 1, 3, 0, 1, 3, 3, 1, 0, 0, 2, 0, 0, 0, 0, 1, 0, 0, 0, 1, 2, 1, 0, 0, 1, 1, 0, 0, 0, 0, 0],790.0808266764368,57926.0831962336,89131.00769295532,false
32,G1_CMAX,G1_CMAX,[31, 22, 82, 15, 26, 99, 95, 42, 77, 12, 47, 5, 93, 78, 86, 54, 21, 63, 18, 44, 20, 35, 43, 97, 91, 76, 10, 30, 85, 45, 71, 64, 1, 23, 17, 83, 24, 14, 60, 36, 6, 57, 40, 88, 65, 56, 79, 94, 67, 68, 46, 75, 38, 9, 19, 32, 41, 81, 27, 87, 90, 58, 59, 11, 16, 72, 73, 70, 39, 37, 84, 3, 92, 25, 55, 48, 62, 29, 51, 96, 33, 61, 98, 28, 89, 50, 4, 7, 53, 80, 52, 66, 34, 49, 8, 0, 74, 69, 2, 13]|[1, 1, 0, 1, 1, 0, 1, 1, 2, 1, 2, 2, 2, 1, 1, 0, 0, 1, 0, 2, 2, 0, 1, 2, 0, 1, 2, 2, 0, 0, 1, 2, 1, 2, 1, 0, 2, 0, 1, 1, 0, 1, 1, 1, 0, 2, 1, 1, 0, 0, 0, 0, 1, 1, 2, 1, 0, 2, 0, 2, 1, 0, 1, 2, 1, 2, 1, 1, 1, 1, 1, 1, 0, 1, 2, 0, 0, 0, 0, 2, 2, 1, 2, 0, 1, 0, 1, 2, 0, 0, 1, 2, 2, 0, 1, 0, 2, 1, 0, 0]|[0, 3, 2, 2, 4, 1, 2, 3, 2, 4, 1, 1, 2, 4, 4, 1, 1, 4, 2, 1, 1, 1, 1, 2, 1, 2, 1, 1, 2, 1, 3, 2, 3, 1, 4, 0, 1, 1, 0, 3, 2, 2, 2, 0, 1, 1, 0, 4, 0, 1, 2, 2, 1, 4, 0, 3, 1, 1, 1, 1, 3, 1, 1, 1, 3, 0, 4, 3, 1, 4, 1, 1, 0, 4, 1, 1, 2, 1, 1, 1, 1, 3, 1, 2, 1, 1, 4, 1, 2, 1, 1, 1, 1, 1, 3, 2, 1, 4, 2, 2]|[0, 2, 1, 1, 3, 0, 1, 3, 0, 0, 0, 0, 1, 0, 1, 0, 0, 3, 1, 0, 0, 0, 3, 1, 0, 2, 0, 0, 0, 1, 0, 0, 0, 0, 3, 0, 1, 0, 0, 2, 1, 1, 1, 0, 0, 0, 0, 2, 1, 0, 0, 0, 1, 3, 0, 0, 0, 0, 0, 0, 2, 0, 1, 0, 2, 1, 0, 0, 1, 1, 3, 1, 1, 3, 0, 0, 1, 0, 0, 0, 0, 0, 0, 1, 1, 0, 0, 0, 1, 0, 1, 0, 0, 1, 2, 0, 0, 2, 0, 0],731.2476204416437,56784.74762275103,92889.2977037672,false
32,G4_BALANCED,G4_BALANCED,[31, 22, 82, 15, 26, 9, 95, 42, 77, 68, 47, 5, 93, 78, 86, 54, 85, 63, 18, 44, 20, 49, 36, 14, 74, 50, 53, 17, 21, 28, 11, 64, 3, 23, 30, 83, 24, 41, 40, 52, 65, 27, 90, 70, 39, 87, 48, 69, 99, 4, 46, 1, 13, 58, 19, 59, 45, 8, 73, 37, 35, 79, 71, 66, 76, 32, 60, 80, 96, 6, 16, 61, 33, 7, 91, 34, 12, 67, 10, 98, 56, 88, 43, 75, 57, 38, 84, 92, 29, 97, 51, 72, 89, 25, 2, 81, 94, 55, 62, 0]|[2, 1, 2, 1, 1, 0, 1, 1, 1, 1, 1, 0, 2, 2, 1, 2, 0, 0, 0, 2, 2, 1, 0, 2, 0, 2, 2, 1, 0, 1, 1, 1, 0, 0, 1, 0, 2, 1, 2, 2, 0, 0, 1, 1, 0, 2, 0, 2, 1, 0, 0, 2, 0, 0, 2, 0, 1, 1, 0, 0, 2, 1, 1, 2, 2, 0, 2, 2, 0, 1, 2, 1, 1, 2, 1, 1, 1, 2, 1, 2, 2, 1, 1, 0, 1, 0, 0, 0, 1, 1, 1, 1, 1, 1, 2, 1, 2, 0, 1, 0]|[0, 3, 0, 3, 4, 1, 4, 4, 2, 4, 3, 2, 1, 0, 2, 1, 1, 1, 2, 1, 1, 3, 0, 1, 0, 1, 1, 4, 1, 4, 3, 2, 2, 0, 4, 1, 1, 4, 1, 1, 2, 1, 4, 4, 1, 1, 0, 2, 3, 2, 2, 1, 2, 1, 1, 2, 4, 3, 0, 2, 2, 3, 3, 1, 1, 2, 1, 1, 2, 4, 1, 3, 4, 1, 3, 4, 3, 1, 3, 1, 1, 4, 4, 2, 3, 2, 2, 2, 3, 4, 3, 4, 4, 4, 1, 4, 1, 2, 3, 2]|[0, 2, 0, 0, 3, 0, 1, 3, 0, 0, 2, 0, 1, 0, 1, 0, 0, 0, 1, 0, 0, 2, 0, 0, 1, 0, 0, 3, 0, 1, 0, 2, 0, 0, 3, 0, 1, 1, 0, 0, 0, 0, 1, 3, 0, 0, 1, 0, 2, 0, 0, 0, 0, 1, 1, 0, 1, 0, 1, 1, 0, 2, 0, 0, 0, 0, 0, 0, 0, 2, 0, 0, 1, 0, 0, 1, 0, 0, 3, 0, 0, 1, 2, 0, 0, 0, 0, 0, 3, 1, 0, 1, 1, 3, 0, 2, 0, 0, 0, 0],876.8623705269927,50242.863385196324,103930.35132081877,false
32,G2_TEC,G2_TEC,[31, 22, 82, 15, 26, 9, 95, 42, 77, 68, 47, 5, 93, 78, 86, 54, 85, 63, 18, 44, 20, 49, 36, 14, 74, 50, 53, 17, 21, 28, 11, 64, 3, 23, 30, 83, 24, 41, 60, 52, 65, 27, 90, 70, 39, 87, 48, 69, 99, 4, 46, 1, 13, 58, 97, 59, 45, 8, 73, 37, 35, 79, 71, 66, 76, 32, 40, 80, 56, 6, 67, 61, 33, 7, 57, 34, 12, 16, 10, 98, 96, 88, 43, 75, 91, 38, 84, 92, 29, 19, 51, 55, 72, 0, 89, 81, 94, 2, 62, 25]|[2, 1, 2, 1, 1, 2, 1, 1, 1, 1, 1, 0, 2, 2, 1, 2, 0, 0, 0, 2, 2, 1, 0, 2, 0, 2, 2, 1, 0, 1, 1, 1, 0, 0, 1, 0, 2, 1, 2, 2, 0, 0, 1, 1, 0, 2, 0, 2, 1, 0, 0, 2, 0, 0, 2, 0, 1, 1, 0, 0, 2, 1, 1, 2, 2, 0, 2, 2, 2, 1, 2, 1, 1, 2, 0, 1, 1, 2, 1, 2, 0, 1, 1, 0, 1, 0, 0, 0, 1, 1, 1, 0, 1, 0, 1, 1, 2, 2, 1, 1]|[0, 3, 0, 3, 4, 1, 4, 4, 2, 4, 3, 2, 1, 0, 2, 1, 1, 1, 2, 1, 1, 3, 0, 1, 0, 1, 1, 4, 1, 4, 3, 2, 2, 0, 4, 1, 1, 4, 1, 1, 2, 1, 4, 4, 1, 1, 0, 2, 3, 2, 2, 1, 2, 1, 1, 2, 4, 3, 0, 2, 2, 3, 3, 1, 1, 2, 1, 1, 1, 4, 1, 3, 4, 1, 2, 4, 3, 1, 3, 1, 2, 4, 4, 2, 3, 2, 2, 2, 3, 4, 3, 2, 4, 2, 4, 4, 1, 1, 3, 4]|[0, 2, 0, 0, 3, 0, 1, 3, 0, 0, 2, 0, 1, 0, 1, 0, 0, 0, 1, 0, 0, 2, 0, 0, 1, 0, 0, 3, 0, 1, 0, 2, 0, 0, 3, 0, 1, 1, 0, 0, 0, 0, 1, 3, 0, 0, 1, 0, 2, 0, 0, 0, 0, 0, 1, 0, 1, 0, 1, 1, 0, 2, 0, 0, 0, 0, 0, 0, 0, 2, 0, 0, 1, 0, 0, 1, 0, 0, 3, 0, 0, 1, 2, 0, 0, 0, 0, 0, 3, 1, 0, 0, 2, 0, 1, 2, 0, 0, 0, 3],908.6830653768391,49416.86411654297,107380.61200184241,false
32,G3_TWC,G3_TWC,[31, 22, 82, 15, 26, 58, 95, 42, 77, 12, 47, 5, 93, 78, 98, 54, 85, 63, 18, 44, 20, 35, 43, 97, 91, 76, 10, 30, 21, 45, 71, 64, 1, 23, 17, 83, 24, 14, 60, 36, 6, 57, 94, 88, 65, 56, 79, 40, 67, 68, 46, 75, 38, 9, 19, 32, 81, 41, 27, 62, 87, 90, 99, 59, 11, 16, 72, 73, 70, 39, 37, 84, 3, 92, 25, 55, 28, 29, 51, 7, 33, 61, 86, 66, 89, 50, 48, 96, 53, 8, 4, 80, 34, 49, 52, 0, 13, 2, 69, 74]|[1, 1, 0, 1, 1, 1, 2, 1, 2, 1, 2, 2, 2, 1, 1, 0, 0, 1, 0, 2, 2, 0, 1, 2, 0, 1, 2, 2, 0, 0, 1, 2, 1, 2, 1, 0, 2, 0, 1, 1, 0, 1, 1, 1, 0, 2, 1, 1, 0, 0, 0, 0, 1, 1, 2, 1, 2, 0, 0, 0, 2, 1, 0, 1, 2, 1, 2, 1, 1, 1, 1, 1, 2, 0, 1, 1, 0, 0, 0, 1, 2, 1, 0, 2, 1, 0, 0, 0, 0, 1, 0, 0, 2, 0, 1, 0, 0, 0, 1, 2]|[4, 3, 2, 2, 0, 0, 2, 2, 2, 4, 1, 1, 2, 4, 4, 1, 1, 4, 2, 1, 1, 1, 1, 2, 1, 2, 1, 1, 1, 1, 3, 2, 3, 0, 4, 0, 1, 1, 0, 3, 2, 2, 4, 0, 1, 1, 0, 2, 0, 1, 2, 2, 1, 4, 0, 3, 2, 1, 1, 2, 1, 3, 1, 1, 1, 3, 0, 4, 3, 1, 4, 1, 1, 2, 4, 4, 2, 1, 1, 3, 1, 3, 1, 1, 1, 1, 1, 1, 2, 3, 2, 1, 1, 1, 1, 2, 2, 2, 3, 1]|[0, 2, 1, 1, 3, 3, 0, 1, 0, 0, 0, 0, 1, 0, 1, 0, 0, 3, 1, 0, 0, 0, 3, 1, 0, 2, 0, 0, 0, 1, 0, 0, 0, 0, 3, 0, 1, 0, 0, 2, 1, 1, 2, 0, 0, 0, 0, 1, 1, 0, 0, 0, 1, 3, 0, 0, 1, 0, 0, 1, 0, 2, 0, 1, 0, 2, 1, 0, 0, 1, 1, 3, 0, 1, 3, 3, 1, 0, 0, 2, 0, 0, 0, 0, 1, 0, 0, 0, 1, 2, 1, 0, 0, 1, 1, 0, 0, 0, 0, 0],790.0808266764368,57926.0831962336,89131.00769295532,false
32,G1_CMAX,G1_CMAX,[31, 22, 82, 15, 26, 99, 95, 42, 77, 12, 47, 5, 93, 78, 86, 54, 21, 63, 18, 44, 20, 35, 43, 97, 91, 76, 10, 30, 85, 45, 71, 64, 1, 23, 17, 83, 24, 14, 60, 36, 6, 57, 40, 88, 65, 56, 79, 94, 67, 68, 46, 75, 38, 9, 19, 32, 41, 81, 27, 87, 90, 58, 59, 11, 16, 72, 73, 70, 39, 37, 84, 3, 92, 25, 55, 48, 62, 29, 51, 96, 33, 61, 98, 28, 89, 50, 4, 7, 53, 80, 52, 66, 34, 49, 8, 0, 74, 69, 2, 13]|[1, 1, 0, 1, 1, 0, 1, 1, 2, 1, 2, 2, 2, 1, 1, 0, 0, 1, 0, 2, 2, 0, 1, 2, 0, 1, 2, 2, 0, 0, 1, 2, 1, 2, 1, 0, 2, 0, 1, 1, 0, 1, 1, 1, 0, 2, 1, 1, 0, 0, 0, 0, 1, 1, 2, 1, 0, 2, 0, 2, 1, 0, 1, 2, 1, 2, 1, 1, 1, 1, 1, 1, 0, 1, 2, 0, 0, 0, 0, 2, 2, 1, 2, 0, 1, 0, 1, 2, 0, 0, 1, 2, 2, 0, 1, 0, 2, 1, 0, 0]|[0, 3, 2, 2, 4, 1, 2, 3, 2, 4, 1, 1, 2, 4, 4, 1, 1, 4, 2, 1, 1, 1, 1, 2, 1, 2, 1, 1, 2, 1, 3, 2, 3, 1, 4, 0, 1, 1, 0, 3, 2, 2, 2, 0, 1, 1, 0, 4, 0, 1, 2, 2, 1, 4, 0, 3, 1, 1, 1, 1, 3, 1, 1, 1, 3, 0, 4, 3, 1, 4, 1, 1, 0, 4, 1, 1, 2, 1, 1, 1, 1, 3, 1, 2, 1, 1, 4, 1, 2, 1, 1, 1, 1, 1, 3, 2, 1, 4, 2, 2]|[0, 2, 1, 1, 3, 0, 1, 3, 0, 0, 0, 0, 1, 0, 1, 0, 0, 3, 1, 0, 0, 0, 3, 1, 0, 2, 0, 0, 0, 1, 0, 0, 0, 0, 3, 0, 1, 0, 0, 2, 1, 1, 1, 0, 0, 0, 0, 2, 1, 0, 0, 0, 1, 3, 0, 0, 0, 0, 0, 0, 2, 0, 1, 0, 2, 1, 0, 0, 1, 1, 3, 1, 1, 3, 0, 0, 1, 0, 0, 0, 0, 0, 0, 1, 1, 0, 0, 0, 1, 0, 1, 0, 0, 1, 2, 0, 0, 2, 0, 0],731.2476204416437,56784.74762275103,92889.2977037672,false
32,G4_BALANCED,G2_TEC,[31, 22, 82, 15, 26, 9, 95, 42, 77, 68, 47, 5, 93, 78, 86, 54, 70, 63, 18, 44, 20, 49, 36, 14, 74, 50, 53, 17, 21, 28, 11, 64, 3, 23, 30, 83, 24, 41, 40, 52, 65, 27, 90, 85, 39, 87, 48, 69, 99, 4, 46, 1, 13, 58, 97, 59, 45, 8, 73, 37, 35, 79, 71, 66, 76, 32, 60, 80, 96, 6, 16, 61, 33, 7, 57, 34, 12, 67, 10, 98, 56, 88, 43, 75, 91, 38, 19, 92, 29, 84, 2, 72, 55, 89, 51, 81, 94, 25, 62, 0]|[2, 1, 2, 1, 1, 2, 1, 1, 1, 1, 1, 0, 2, 2, 1, 2, 0, 0, 0, 2, 2, 1, 0, 2, 0, 2, 2, 1, 0, 1, 1, 1, 0, 0, 1, 0, 2, 1, 2, 2, 0, 0, 1, 1, 0, 2, 0, 2, 1, 0, 0, 2, 0, 0, 2, 0, 1, 1, 0, 0, 2, 1, 1, 1, 2, 0, 2, 2, 0, 1, 2, 1, 1, 2, 0, 1, 2, 1, 1, 2, 2, 1, 1, 0, 1, 0, 1, 0, 1, 0, 2, 1, 0, 1, 1, 1, 2, 1, 1, 0]|[0, 3, 0, 3, 4, 1, 4, 4, 2, 4, 3, 2, 1, 0, 2, 1, 1, 1, 2, 1, 1, 3, 0, 1, 0, 1, 1, 4, 1, 4, 3, 2, 2, 0, 4, 1, 1, 4, 1, 1, 2, 1, 4, 4, 1, 1, 0, 2, 3, 2, 2, 1, 2, 1, 1, 2, 4, 3, 0, 2, 2, 3, 3, 1, 1, 2, 1, 1, 2, 4, 1, 3, 4, 1, 2, 4, 1, 3, 3, 1, 1, 4, 4, 2, 3, 2, 4, 2, 3, 2, 1, 4, 2, 4, 3, 4, 1, 4, 3, 2]|[0, 2, 0, 0, 3, 0, 1, 3, 0, 0, 2, 0, 1, 0, 1, 0, 0, 0, 1, 0, 0, 2, 0, 0, 1, 0, 0, 3, 0, 1, 0, 2, 0, 0, 3, 0, 1, 3, 0, 0, 0, 0, 1, 3, 0, 0, 1, 0, 2, 0, 0, 0, 0, 0, 1, 0, 1, 0, 1, 1, 0, 2, 0, 2, 0, 0, 0, 0, 0, 2, 0, 0, 1, 0, 0, 1, 0, 0, 3, 0, 0, 1, 2, 0, 0, 0, 1, 0, 3, 0, 0, 1, 0, 1, 0, 2, 0, 3, 0, 0],880.5669887776675,49925.68145163776,107443.49665242911,true
32,G2_TEC,G2_TEC,[31, 22, 82, 15, 26, 9, 95, 42, 77, 68, 47, 5, 93, 78, 86, 54, 85, 63, 18, 44, 20, 49, 36, 14, 74, 50, 53, 17, 21, 28, 11, 64, 3, 23, 30, 83, 24, 41, 60, 52, 65, 27, 90, 70, 39, 87, 48, 69, 99, 4, 46, 1, 13, 58, 97, 59, 45, 8, 73, 37, 35, 79, 71, 66, 76, 32, 40, 80, 56, 6, 67, 61, 33, 7, 57, 34, 12, 16, 10, 98, 96, 88, 43, 75, 91, 38, 84, 92, 29, 19, 51, 55, 72, 0, 89, 81, 94, 2, 62, 25]|[2, 1, 2, 1, 1, 2, 1, 1, 1, 1, 1, 0, 2, 2, 1, 2, 0, 0, 0, 2, 2, 1, 0, 2, 0, 2, 2, 1, 0, 1, 1, 1, 0, 0, 1, 0, 2, 1, 2, 2, 0, 0, 1, 1, 0, 2, 0, 2, 1, 0, 0, 2, 0, 0, 2, 0, 1, 1, 0, 0, 2, 1, 1, 2, 2, 0, 2, 2, 2, 1, 2, 1, 1, 2, 0, 1, 1, 2, 1, 2, 0, 1, 1, 0, 1, 0, 0, 0, 1, 1, 1, 0, 1, 0, 1, 1, 2, 2, 1, 1]|[0, 3, 0, 3, 4, 1, 4, 4, 2, 4, 3, 2, 1, 0, 2, 1, 1, 1, 2, 1, 1, 3, 0, 1, 0, 1, 1, 4, 1, 4, 3, 2, 2, 0, 4, 1, 1, 4, 1, 1, 2, 1, 4, 4, 1, 1, 0, 2, 3, 2, 2, 1, 2, 1, 1, 2, 4, 3, 0, 2, 2, 3, 3, 1, 1, 2, 1, 1, 1, 4, 1, 3, 4, 1, 2, 4, 3, 1, 3, 1, 2, 4, 4, 2, 3, 2, 2, 2, 3, 4, 3, 2, 4, 2, 4, 4, 1, 1, 3, 4]|[0, 2, 0, 0, 3, 0, 1, 3, 0, 0, 2, 0, 1, 0, 1, 0, 0, 0, 1, 0, 0, 2, 0, 0, 1, 0, 0, 3, 0, 1, 0, 2, 0, 0, 3, 0, 1, 1, 0, 0, 0, 0, 1, 3, 0, 0, 1, 0, 2, 0, 0, 0, 0, 0, 1, 0, 1, 0, 1, 1, 0, 2, 0, 0, 0, 0, 0, 0, 0, 2, 0, 0, 1, 0, 0, 1, 0, 0, 3, 0, 0, 1, 2, 0, 0, 0, 0, 0, 3, 1, 0, 0, 2, 0, 1, 2, 0, 0, 0, 3],908.6830653768391,49416.86411654297,107380.61200184241,false
32,G3_TWC,G3_TWC,[31, 22, 82, 15, 26, 58, 95, 42, 77, 12, 47, 5, 93, 78, 98, 54, 85, 63, 18, 44, 20, 35, 43, 97, 91, 76, 10, 30, 21, 45, 71, 64, 1, 23, 17, 83, 24, 14, 60, 36, 6, 57, 94, 88, 65, 56, 79, 40, 67, 68, 46, 75, 38, 9, 19, 32, 81, 41, 27, 62, 87, 90, 99, 59, 11, 16, 72, 73, 70, 39, 37, 84, 3, 92, 25, 55, 28, 29, 51, 7, 33, 61, 86, 66, 89, 50, 48, 96, 53, 8, 4, 80, 34, 49, 52, 0, 13, 2, 69, 74]|[1, 1, 0, 1, 1, 1, 2, 1, 2, 1, 2, 2, 2, 1, 1, 0, 0, 1, 0, 2, 2, 0, 1, 2, 0, 1, 2, 2, 0, 0, 1, 2, 1, 2, 1, 0, 2, 0, 1, 1, 0, 1, 1, 1, 0, 2, 1, 1, 0, 0, 0, 0, 1, 1, 2, 1, 2, 0, 0, 0, 2, 1, 0, 1, 2, 1, 2, 1, 1, 1, 1, 1, 2, 0, 1, 1, 0, 0, 0, 1, 2, 1, 0, 2, 1, 0, 0, 0, 0, 1, 0, 0, 2, 0, 1, 0, 0, 0, 1, 2]|[4, 3, 2, 2, 0, 0, 2, 2, 2, 4, 1, 1, 2, 4, 4, 1, 1, 4, 2, 1, 1, 1, 1, 2, 1, 2, 1, 1, 1, 1, 3, 2, 3, 0, 4, 0, 1, 1, 0, 3, 2, 2, 4, 0, 1, 1, 0, 2, 0, 1, 2, 2, 1, 4, 0, 3, 2, 1, 1, 2, 1, 3, 1, 1, 1, 3, 0, 4, 3, 1, 4, 1, 1, 2, 4, 4, 2, 1, 1, 3, 1, 3, 1, 1, 1, 1, 1, 1, 2, 3, 2, 1, 1, 1, 1, 2, 2, 2, 3, 1]|[0, 2, 1, 1, 3, 3, 0, 1, 0, 0, 0, 0, 1, 0, 1, 0, 0, 3, 1, 0, 0, 0, 3, 1, 0, 2, 0, 0, 0, 1, 0, 0, 0, 0, 3, 0, 1, 0, 0, 2, 1, 1, 2, 0, 0, 0, 0, 1, 1, 0, 0, 0, 1, 3, 0, 0, 1, 0, 0, 1, 0, 2, 0, 1, 0, 2, 1, 0, 0, 1, 1, 3, 0, 1, 3, 3, 1, 0, 0, 2, 0, 0, 0, 0, 1, 0, 0, 0, 1, 2, 1, 0, 0, 1, 1, 0, 0, 0, 0, 0],790.0808266764368,57926.0831962336,89131.00769295532,false
32,G1_CMAX,G1_CMAX,[31, 22, 82, 15, 26, 99, 95, 42, 77, 12, 47, 5, 93, 78, 86, 54, 21, 63, 18, 44, 20, 35, 43, 97, 91, 76, 10, 30, 85, 45, 71, 64, 1, 23, 17, 83, 24, 14, 60, 36, 6, 57, 40, 88, 65, 56, 79, 94, 67, 68, 46, 75, 38, 9, 19, 32, 41, 81, 27, 87, 90, 58, 59, 11, 16, 72, 73, 70, 39, 37, 84, 3, 92, 25, 55, 48, 62, 29, 51, 96, 33, 61, 98, 28, 89, 50, 4, 7, 53, 80, 52, 66, 34, 49, 8, 0, 74, 69, 2, 13]|[1, 1, 0, 1, 1, 0, 1, 1, 2, 1, 2, 2, 2, 1, 1, 0, 0, 1, 0, 2, 2, 0, 1, 2, 0, 1, 2, 2, 0, 0, 1, 2, 1, 2, 1, 0, 2, 0, 1, 1, 0, 1, 1, 1, 0, 2, 1, 1, 0, 0, 0, 0, 1, 1, 2, 1, 0, 2, 0, 2, 1, 0, 1, 2, 1, 2, 1, 1, 1, 1, 1, 1, 0, 1, 2, 0, 0, 0, 0, 2, 2, 1, 2, 0, 1, 0, 1, 2, 0, 0, 1, 2, 2, 0, 1, 0, 2, 1, 0, 0]|[0, 3, 2, 2, 4, 1, 2, 3, 2, 4, 1, 1, 2, 4, 4, 1, 1, 4, 2, 1, 1, 1, 1, 2, 1, 2, 1, 1, 2, 1, 3, 2, 3, 1, 4, 0, 1, 1, 0, 3, 2, 2, 2, 0, 1, 1, 0, 4, 0, 1, 2, 2, 1, 4, 0, 3, 1, 1, 1, 1, 3, 1, 1, 1, 3, 0, 4, 3, 1, 4, 1, 1, 0, 4, 1, 1, 2, 1, 1, 1, 1, 3, 1, 2, 1, 1, 4, 1, 2, 1, 1, 1, 1, 1, 3, 2, 1, 4, 2, 2]|[0, 2, 1, 1, 3, 0, 1, 3, 0, 0, 0, 0, 1, 0, 1, 0, 0, 3, 1, 0, 0, 0, 3, 1, 0, 2, 0, 0, 0, 1, 0, 0, 0, 0, 3, 0, 1, 0, 0, 2, 1, 1, 1, 0, 0, 0, 0, 2, 1, 0, 0, 0, 1, 3, 0, 0, 0, 0, 0, 0, 2, 0, 1, 0, 2, 1, 0, 0, 1, 1, 3, 1, 1, 3, 0, 0, 1, 0, 0, 0, 0, 0, 0, 1, 1, 0, 0, 0, 1, 0, 1, 0, 0, 1, 2, 0, 0, 2, 0, 0],731.2476204416437,56784.74762275103,92889.2977037672,false
32,G4_BALANCED,G4_BALANCED,[31, 22, 82, 15, 26, 9, 95, 42, 77, 68, 47, 5, 93, 78, 86, 54, 85, 63, 18, 44, 20, 49, 36, 14, 74, 50, 53, 17, 21, 28, 11, 64, 3, 23, 30, 83, 24, 41, 40, 52, 65, 27, 90, 70, 39, 87, 48, 69, 99, 4, 46, 1, 13, 58, 19, 59, 45, 8, 73, 37, 35, 79, 71, 66, 76, 32, 60, 80, 96, 6, 67, 61, 33, 7, 57, 34, 12, 16, 10, 98, 56, 88, 43, 75, 91, 38, 97, 92, 29, 84, 51, 72, 55, 25, 89, 81, 94, 2, 62, 0]|[2, 1, 2, 1, 1, 2, 1, 1, 1, 1, 1, 0, 2, 2, 1, 2, 0, 0, 0, 2, 2, 1, 0, 2, 0, 2, 2, 1, 0, 1, 1, 1, 0, 0, 1, 0, 2, 1, 2, 2, 0, 0, 1, 1, 0, 2, 0, 2, 1, 0, 0, 2, 0, 0, 2, 0, 1, 1, 0, 0, 2, 1, 1, 2, 2, 0, 2, 2, 0, 1, 2, 1, 1, 2, 0, 1, 1, 2, 1, 2, 2, 1, 1, 0, 1, 0, 1, 0, 1, 0, 1, 1, 0, 1, 1, 1, 2, 2, 1, 0]|[0, 3, 0, 3, 4, 1, 4, 4, 2, 4, 3, 2, 1, 0, 2, 1, 1, 1, 2, 1, 1, 3, 0, 1, 0, 1, 1, 4, 1, 4, 3, 2, 2, 0, 4, 1, 1, 4, 1, 1, 2, 1, 4, 4, 1, 1, 0, 2, 3, 2, 2, 1, 2, 1, 1, 2, 4, 3, 0, 2, 2, 3, 3, 1, 1, 2, 1, 1, 2, 4, 1, 3, 4, 1, 2, 4, 3, 1, 3, 1, 1, 4, 4, 2, 3, 2, 4, 2, 3, 2, 3, 4, 2, 4, 4, 4, 1, 1, 3, 2]|[0, 2, 0, 0, 3, 0, 1, 3, 0, 0, 2, 0, 1, 0, 1, 0, 0, 0, 1, 0, 0, 2, 0, 0, 1, 0, 0, 3, 0, 1, 0, 2, 0, 0, 3, 0, 1, 1, 0, 0, 0, 0, 1, 3, 0, 0, 1, 0, 2, 0, 0, 0, 0, 1, 1, 0, 1, 0, 1, 1, 0, 2, 0, 0, 0, 0, 0, 0, 0, 2, 0, 0, 1, 0, 0, 1, 0, 0, 3, 0, 0, 1, 2, 0, 0, 0, 1, 0, 3, 0, 0, 1, 0, 3, 1, 2, 0, 0, 0, 0],910.0208263450652,49596.5185664683,105751.11540964819,false
32,G2_TEC,G2_TEC,[31, 22, 82, 15, 26, 9, 95, 42, 77, 68, 47, 5, 93, 78, 86, 54, 85, 63, 18, 44, 20, 49, 36, 14, 74, 50, 53, 17, 21, 28, 11, 64, 3, 23, 30, 83, 24, 41, 60, 52, 65, 27, 90, 70, 39, 87, 48, 69, 99, 4, 46, 1, 13, 58, 97, 59, 45, 8, 73, 37, 35, 79, 71, 66, 76, 32, 40, 80, 56, 6, 67, 61, 33, 7, 57, 34, 12, 16, 10, 98, 96, 88, 43, 75, 91, 38, 84, 92, 29, 19, 51, 55, 72, 0, 89, 81, 94, 2, 62, 25]|[2, 1, 2, 1, 1, 2, 1, 1, 1, 1, 1, 0, 2, 2, 1, 2, 0, 0, 0, 2, 2, 1, 0, 2, 0, 2, 2, 1, 0, 1, 1, 1, 0, 0, 1, 0, 2, 1, 2, 2, 0, 0, 1, 1, 0, 2, 0, 2, 1, 0, 0, 2, 0, 0, 2, 0, 1, 1, 0, 0, 2, 1, 1, 2, 2, 0, 2, 2, 2, 1, 2, 1, 1, 2, 0, 1, 1, 2, 1, 2, 0, 1, 1, 0, 1, 0, 0, 0, 1, 1, 1, 0, 1, 0, 1, 1, 2, 2, 1, 1]|[0, 3, 0, 3, 4, 1, 4, 4, 2, 4, 3, 2, 1, 0, 2, 1, 1, 1, 2, 1, 1, 3, 0, 1, 0, 1, 1, 4, 1, 4, 3, 2, 2, 0, 4, 1, 1, 4, 1, 1, 2, 1, 4, 4, 1, 1, 0, 2, 3, 2, 2, 1, 2, 1, 1, 2, 4, 3, 0, 2, 2, 3, 3, 1, 1, 2, 1, 1, 1, 4, 1, 3, 4, 1, 2, 4, 3, 1, 3, 1, 2, 4, 4, 2, 3, 2, 2, 2, 3, 4, 3, 2, 4, 2, 4, 4, 1, 1, 3, 4]|[0, 2, 0, 0, 3, 0, 1, 3, 0, 0, 2, 0, 1, 0, 1, 0, 0, 0, 1, 0, 0, 2, 0, 0, 1, 0, 0, 3, 0, 1, 0, 2, 0, 0, 3, 0, 1, 1, 0, 0, 0, 0, 1, 3, 0, 0, 1, 0, 2, 0, 0, 0, 0, 0, 1, 0, 1, 0, 1, 1, 0, 2, 0, 0, 0, 0, 0, 0, 0, 2, 0, 0, 1, 0, 0, 1, 0, 0, 3, 0, 0, 1, 2, 0, 0, 0, 0, 0, 3, 1, 0, 0, 2, 0, 1, 2, 0, 0, 0, 3],908.6830653768391,49416.86411654297,107380.61200184241,false
32,G3_TWC,G3_TWC,[31, 22, 82, 15, 26, 58, 95, 42, 77, 12, 47, 5, 93, 78, 98, 54, 85, 63, 18, 44, 20, 35, 43, 97, 91, 76, 10, 30, 21, 45, 71, 64, 1, 23, 17, 83, 24, 14, 60, 36, 6, 57, 94, 88, 65, 56, 79, 40, 67, 68, 46, 75, 38, 9, 19, 32, 81, 41, 27, 62, 87, 90, 99, 59, 11, 16, 72, 73, 70, 39, 37, 84, 3, 92, 25, 55, 28, 29, 51, 7, 33, 61, 86, 66, 89, 50, 48, 96, 53, 8, 4, 80, 34, 49, 52, 0, 13, 2, 69, 74]|[1, 1, 0, 1, 1, 1, 2, 1, 2, 1, 2, 2, 2, 1, 1, 0, 0, 1, 0, 2, 2, 0, 1, 2, 0, 1, 2, 2, 0, 0, 1, 2, 1, 2, 1, 0, 2, 0, 1, 1, 0, 1, 1, 1, 0, 2, 1, 1, 0, 0, 0, 0, 1, 1, 2, 1, 2, 0, 0, 0, 2, 1, 0, 1, 2, 1, 2, 1, 1, 1, 1, 1, 2, 0, 1, 1, 0, 0, 0, 1, 2, 1, 0, 2, 1, 0, 0, 0, 0, 1, 0, 0, 2, 0, 1, 0, 0, 0, 1, 2]|[4, 3, 2, 2, 0, 0, 2, 2, 2, 4, 1, 1, 2, 4, 4, 1, 1, 4, 2, 1, 1, 1, 1, 2, 1, 2, 1, 1, 1, 1, 3, 2, 3, 0, 4, 0, 1, 1, 0, 3, 2, 2, 4, 0, 1, 1, 0, 2, 0, 1, 2, 2, 1, 4, 0, 3, 2, 1, 1, 2, 1, 3, 1, 1, 1, 3, 0, 4, 3, 1, 4, 1, 1, 2, 4, 4, 2, 1, 1, 3, 1, 3, 1, 1, 1, 1, 1, 1, 2, 3, 2, 1, 1, 1, 1, 2, 2, 2, 3, 1]|[0, 2, 1, 1, 3, 3, 0, 1, 0, 0, 0, 0, 1, 0, 1, 0, 0, 3, 1, 0, 0, 0, 3, 1, 0, 2, 0, 0, 0, 1, 0, 0, 0, 0, 3, 0, 1, 0, 0, 2, 1, 1, 2, 0, 0, 0, 0, 1, 1, 0, 0, 0, 1, 3, 0, 0, 1, 0, 0, 1, 0, 2, 0, 1, 0, 2, 1, 0, 0, 1, 1, 3, 0, 1, 3, 3, 1, 0, 0, 2, 0, 0, 0, 0, 1, 0, 0, 0, 1, 2, 1, 0, 0, 1, 1, 0, 0, 0, 0, 0],790.0808266764368,57926.0831962336,89131.00769295532,false
32,G1_CMAX,G1_CMAX,[31, 22, 82, 15, 26, 99, 95, 42, 77, 12, 47, 5, 93, 78, 86, 54, 21, 63, 18, 44, 20, 35, 43, 97, 91, 76, 10, 30, 85, 45, 71, 64, 1, 23, 17, 83, 24, 14, 60, 36, 6, 57, 40, 88, 65, 56, 79, 94, 67, 68, 46, 75, 38, 9, 19, 32, 41, 81, 27, 87, 90, 58, 59, 11, 16, 72, 73, 70, 39, 37, 84, 3, 92, 25, 55, 48, 62, 29, 51, 96, 33, 61, 98, 28, 89, 50, 4, 7, 53, 80, 52, 66, 34, 49, 8, 0, 74, 69, 2, 13]|[1, 1, 0, 1, 1, 0, 1, 1, 2, 1, 2, 2, 2, 1, 1, 0, 0, 1, 0, 2, 2, 0, 1, 2, 0, 1, 2, 2, 0, 0, 1, 2, 1, 2, 1, 0, 2, 0, 1, 1, 0, 1, 1, 1, 0, 2, 1, 1, 0, 0, 0, 0, 1, 1, 2, 1, 0, 2, 0, 2, 1, 0, 1, 2, 1, 2, 1, 1, 1, 1, 1, 1, 0, 1, 2, 0, 0, 0, 0, 2, 2, 1, 2, 0, 1, 0, 1, 2, 0, 0, 1, 2, 2, 0, 1, 0, 2, 1, 0, 0]|[0, 3, 2, 2, 4, 1, 2, 3, 2, 4, 1, 1, 2, 4, 4, 1, 1, 4, 2, 1, 1, 1, 1, 2, 1, 2, 1, 1, 2, 1, 3, 2, 3, 1, 4, 0, 1, 1, 0, 3, 2, 2, 2, 0, 1, 1, 0, 4, 0, 1, 2, 2, 1, 4, 0, 3, 1, 1, 1, 1, 3, 1, 1, 1, 3, 0, 4, 3, 1, 4, 1, 1, 0, 4, 1, 1, 2, 1, 1, 1, 1, 3, 1, 2, 1, 1, 4, 1, 2, 1, 1, 1, 1, 1, 3, 2, 1, 4, 2, 2]|[0, 2, 1, 1, 3, 0, 1, 3, 0, 0, 0, 0, 1, 0, 1, 0, 0, 3, 1, 0, 0, 0, 3, 1, 0, 2, 0, 0, 0, 1, 0, 0, 0, 0, 3, 0, 1, 0, 0, 2, 1, 1, 1, 0, 0, 0, 0, 2, 1, 0, 0, 0, 1, 3, 0, 0, 0, 0, 0, 0, 2, 0, 1, 0, 2, 1, 0, 0, 1, 1, 3, 1, 1, 3, 0, 0, 1, 0, 0, 0, 0, 0, 0, 1, 1, 0, 0, 0, 1, 0, 1, 0, 0, 1, 2, 0, 0, 2, 0, 0],731.2476204416437,56784.74762275103,92889.2977037672,false
32,G4_BALANCED,G4_BALANCED,[31, 22, 82, 15, 26, 58, 95, 42, 77, 12, 47, 5, 93, 78, 86, 54, 85, 63, 18, 44, 20, 35, 43, 97, 66, 76, 79, 30, 21, 45, 71, 64, 1, 23, 17, 83, 24, 14, 60, 36, 6, 57, 40, 88, 65, 56, 10, 94, 67, 68, 46, 75, 38, 9, 19, 32, 41, 81, 27, 62, 87, 90, 99, 59, 11, 16, 72, 73, 69, 39, 37, 84, 3, 92, 25, 55, 29, 28, 51, 7, 33, 61, 98, 48, 89, 50, 4, 96, 53, 80, 91, 8, 34, 2, 52, 0, 13, 70, 49, 74]|[1, 1, 0, 1, 1, 0, 1, 2, 2, 1, 2, 2, 2, 1, 1, 0, 0, 1, 0, 2, 2, 0, 1, 2, 2, 1, 2, 2, 0, 0, 1, 2, 1, 2, 1, 0, 2, 0, 1, 1, 0, 1, 1, 1, 0, 2, 2, 1, 0, 0, 0, 0, 1, 1, 2, 1, 0, 2, 0, 0, 2, 1, 0, 1, 2, 1, 2, 1, 1, 1, 1, 1, 1, 0, 1, 2, 0, 0, 0, 1, 0, 1, 2, 0, 1, 0, 1, 2, 0, 2, 0, 0, 2, 0, 1, 0, 0, 1, 0, 2]|[4, 3, 2, 2, 4, 1, 2, 2, 2, 4, 1, 1, 2, 4, 4, 1, 2, 4, 2, 1, 1, 1, 1, 2, 1, 2, 1, 1, 1, 1, 3, 1, 3, 1, 4, 0, 1, 1, 0, 3, 2, 2, 2, 0, 1, 1, 1, 4, 0, 1, 2, 2, 1, 4, 0, 3, 1, 1, 1, 2, 1, 3, 1, 1, 1, 3, 0, 4, 3, 1, 4, 1, 1, 0, 4, 1, 1, 2, 1, 1, 1, 3, 1, 1, 1, 1, 4, 1, 2, 1, 1, 1, 1, 2, 1, 2, 2, 3, 1, 1]|[0, 2, 1, 1, 3, 0, 1, 0, 0, 0, 0, 0, 1, 0, 1, 0, 0, 3, 1, 0, 0, 0, 3, 1, 0, 2, 0, 0, 0, 0, 0, 0, 0, 0, 3, 0, 1, 0, 0, 2, 1, 1, 1, 0, 0, 0, 0, 2, 1, 0, 0, 0, 1, 3, 0, 0, 0, 0, 0, 1, 0, 2, 0, 1, 0, 2, 1, 0, 0, 1, 1, 3, 1, 1, 3, 0, 0, 1, 0, 2, 0, 0, 0, 0, 1, 0, 0, 0, 1, 0, 0, 0, 0, 0, 1, 0, 0, 0, 1, 0],791.415243510269,55303.85816333782,96750.39584222315,false
32,G2_TEC,G2_TEC,[31, 22, 82, 15, 26, 9, 95, 42, 77, 68, 47, 5, 93, 78, 86, 54, 85, 63, 18, 44, 20, 49, 36, 14, 74, 50, 53, 17, 21, 28, 11, 64, 3, 23, 30, 83, 24, 41, 60, 52, 65, 27, 90, 70, 39, 87, 48, 69, 99, 4, 46, 1, 13, 58, 97, 59, 45, 8, 73, 37, 35, 79, 71, 66, 76, 32, 40, 80, 56, 6, 67, 61, 33, 7, 57, 34, 12, 16, 10, 98, 96, 88, 43, 75, 91, 38, 84, 92, 29, 19, 51, 55, 72, 0, 89, 81, 94, 2, 62, 25]|[2, 1, 2, 1, 1, 2, 1, 1, 1, 1, 1, 0, 2, 2, 1, 2, 0, 0, 0, 2, 2, 1, 0, 2, 0, 2, 2, 1, 0, 1, 1, 1, 0, 0, 1, 0, 2, 1, 2, 2, 0, 0, 1, 1, 0, 2, 0, 2, 1, 0, 0, 2, 0, 0, 2, 0, 1, 1, 0, 0, 2, 1, 1, 2, 2, 0, 2, 2, 2, 1, 2, 1, 1, 2, 0, 1, 1, 2, 1, 2, 0, 1, 1, 0, 1, 0, 0, 0, 1, 1, 1, 0, 1, 0, 1, 1, 2, 2, 1, 1]|[0, 3, 0, 3, 4, 1, 4, 4, 2, 4, 3, 2, 1, 0, 2, 1, 1, 1, 2, 1, 1, 3, 0, 1, 0, 1, 1, 4, 1, 4, 3, 2, 2, 0, 4, 1, 1, 4, 1, 1, 2, 1, 4, 4, 1, 1, 0, 2, 3, 2, 2, 1, 2, 1, 1, 2, 4, 3, 0, 2, 2, 3, 3, 1, 1, 2, 1, 1, 1, 4, 1, 3, 4, 1, 2, 4, 3, 1, 3, 1, 2, 4, 4, 2, 3, 2, 2, 2, 3, 4, 3, 2, 4, 2, 4, 4, 1, 1, 3, 4]|[0, 2, 0, 0, 3, 0, 1, 3, 0, 0, 2, 0, 1, 0, 1, 0, 0, 0, 1, 0, 0, 2, 0, 0, 1, 0, 0, 3, 0, 1, 0, 2, 0, 0, 3, 0, 1, 1, 0, 0, 0, 0, 1, 3, 0, 0, 1, 0, 2, 0, 0, 0, 0, 0, 1, 0, 1, 0, 1, 1, 0, 2, 0, 0, 0, 0, 0, 0, 0, 2, 0, 0, 1, 0, 0, 1, 0, 0, 3, 0, 0, 1, 2, 0, 0, 0, 0, 0, 3, 1, 0, 0, 2, 0, 1, 2, 0, 0, 0, 3],908.6830653768391,49416.86411654297,107380.61200184241,false
32,G3_TWC,G3_TWC,[31, 22, 82, 15, 26, 58, 95, 42, 77, 12, 47, 5, 93, 78, 98, 54, 85, 63, 18, 44, 20, 35, 43, 97, 91, 76, 10, 30, 21, 45, 71, 64, 1, 23, 17, 83, 24, 14, 60, 36, 6, 57, 94, 88, 65, 56, 79, 40, 67, 68, 46, 75, 38, 9, 19, 32, 81, 41, 27, 62, 87, 90, 99, 59, 11, 16, 72, 73, 70, 39, 37, 84, 3, 92, 25, 55, 28, 29, 51, 7, 33, 61, 86, 66, 89, 50, 48, 96, 53, 8, 4, 80, 34, 49, 52, 0, 13, 2, 69, 74]|[1, 1, 0, 1, 1, 1, 2, 1, 2, 1, 2, 2, 2, 1, 1, 0, 0, 1, 0, 2, 2, 0, 1, 2, 0, 1, 2, 2, 0, 0, 1, 2, 1, 2, 1, 0, 2, 0, 1, 1, 0, 1, 1, 1, 0, 2, 1, 1, 0, 0, 0, 0, 1, 1, 2, 1, 2, 0, 0, 0, 2, 1, 0, 1, 2, 1, 2, 1, 1, 1, 1, 1, 2, 0, 1, 1, 0, 0, 0, 1, 2, 1, 0, 2, 1, 0, 0, 0, 0, 1, 0, 0, 2, 0, 1, 0, 0, 0, 1, 2]|[4, 3, 2, 2, 0, 0, 2, 2, 2, 4, 1, 1, 2, 4, 4, 1, 1, 4, 2, 1, 1, 1, 1, 2, 1, 2, 1, 1, 1, 1, 3, 2, 3, 0, 4, 0, 1, 1, 0, 3, 2, 2, 4, 0, 1, 1, 0, 2, 0, 1, 2, 2, 1, 4, 0, 3, 2, 1, 1, 2, 1, 3, 1, 1, 1, 3, 0, 4, 3, 1, 4, 1, 1, 2, 4, 4, 2, 1, 1, 3, 1, 3, 1, 1, 1, 1, 1, 1, 2, 3, 2, 1, 1, 1, 1, 2, 2, 2, 3, 1]|[0, 2, 1, 1, 3, 3, 0, 1, 0, 0, 0, 0, 1, 0, 1, 0, 0, 3, 1, 0, 0, 0, 3, 1, 0, 2, 0, 0, 0, 1, 0, 0, 0, 0, 3, 0, 1, 0, 0, 2, 1, 1, 2, 0, 0, 0, 0, 1, 1, 0, 0, 0, 1, 3, 0, 0, 1, 0, 0, 1, 0, 2, 0, 1, 0, 2, 1, 0, 0, 1, 1, 3, 0, 1, 3, 3, 1, 0, 0, 2, 0, 0, 0, 0, 1, 0, 0, 0, 1, 2, 1, 0, 0, 1, 1, 0, 0, 0, 0, 0],790.0808266764368,57926.0831962336,89131.00769295532,false
32,G1_CMAX,G1_CMAX,[31, 22, 82, 15, 26, 99, 95, 42, 77, 12, 47, 5, 93, 78, 86, 54, 21, 63, 18, 44, 20, 35, 43, 97, 91, 76, 10, 30, 85, 45, 71, 64, 1, 23, 17, 83, 24, 14, 60, 36, 6, 57, 40, 88, 65, 56, 79, 94, 67, 68, 46, 75, 38, 9, 19, 32, 41, 81, 27, 87, 90, 58, 59, 11, 16, 72, 73, 70, 39, 37, 84, 3, 92, 25, 55, 48, 62, 29, 51, 96, 33, 61, 98, 28, 89, 50, 4, 7, 53, 80, 52, 66, 34, 49, 8, 0, 74, 69, 2, 13]|[1, 1, 0, 1, 1, 0, 1, 1, 2, 1, 2, 2, 2, 1, 1, 0, 0, 1, 0, 2, 2, 0, 1, 2, 0, 1, 2, 2, 0, 0, 1, 2, 1, 2, 1, 0, 2, 0, 1, 1, 0, 1, 1, 1, 0, 2, 1, 1, 0, 0, 0, 0, 1, 1, 2, 1, 0, 2, 0, 2, 1, 0, 1, 2, 1, 2, 1, 1, 1, 1, 1, 1, 0, 1, 2, 0, 0, 0, 0, 2, 2, 1, 2, 0, 1, 0, 1, 2, 0, 0, 1, 2, 2, 0, 1, 0, 2, 1, 0, 0]|[0, 3, 2, 2, 4, 1, 2, 3, 2, 4, 1, 1, 2, 4, 4, 1, 1, 4, 2, 1, 1, 1, 1, 2, 1, 2, 1, 1, 2, 1, 3, 2, 3, 1, 4, 0, 1, 1, 0, 3, 2, 2, 2, 0, 1, 1, 0, 4, 0, 1, 2, 2, 1, 4, 0, 3, 1, 1, 1, 1, 3, 1, 1, 1, 3, 0, 4, 3, 1, 4, 1, 1, 0, 4, 1, 1, 2, 1, 1, 1, 1, 3, 1, 2, 1, 1, 4, 1, 2, 1, 1, 1, 1, 1, 3, 2, 1, 4, 2, 2]|[0, 2, 1, 1, 3, 0, 1, 3, 0, 0, 0, 0, 1, 0, 1, 0, 0, 3, 1, 0, 0, 0, 3, 1, 0, 2, 0, 0, 0, 1, 0, 0, 0, 0, 3, 0, 1, 0, 0, 2, 1, 1, 1, 0, 0, 0, 0, 2, 1, 0, 0, 0, 1, 3, 0, 0, 0, 0, 0, 0, 2, 0, 1, 0, 2, 1, 0, 0, 1, 1, 3, 1, 1, 3, 0, 0, 1, 0, 0, 0, 0, 0, 0, 1, 1, 0, 0, 0, 1, 0, 1, 0, 0, 1, 2, 0, 0, 2, 0, 0],731.2476204416437,56784.74762275103,92889.2977037672,false
32,G4_BALANCED,G4_BALANCED,[31, 11, 15, 82, 26, 9, 95, 42, 77, 68, 47, 5, 93, 78, 86, 54, 85, 63, 18, 44, 20, 49, 36, 14, 74, 50, 53, 17, 21, 28, 71, 64, 3, 23, 30, 83, 24, 41, 60, 52, 65, 27, 90, 70, 39, 87, 48, 69, 99, 4, 46, 1, 13, 58, 97, 59, 45, 8, 73, 37, 35, 79, 22, 66, 76, 32, 40, 80, 96, 6, 16, 61, 33, 7, 57, 34, 12, 67, 10, 98, 56, 88, 43, 75, 91, 38, 19, 92, 29, 84, 55, 72, 81, 25, 2, 51, 62, 89, 94, 0]|[2, 1, 1, 2, 1, 2, 1, 1, 1, 1, 1, 0, 2, 2, 1, 2, 0, 0, 0, 2, 2, 1, 0, 2, 0, 2, 2, 1, 0, 1, 1, 1, 0, 0, 1, 0, 2, 1, 2, 2, 0, 0, 1, 1, 0, 2, 0, 2, 1, 0, 0, 2, 0, 0, 2, 0, 1, 1, 0, 0, 2, 1, 0, 2, 2, 0, 2, 2, 0, 1, 2, 1, 1, 2, 0, 1, 1, 1, 1, 2, 2, 1, 1, 0, 1, 0, 1, 0, 1, 0, 0, 1, 1, 1, 2, 1, 1, 1, 2, 0]|[0, 3, 2, 0, 4, 1, 4, 4, 2, 4, 3, 2, 1, 0, 2, 1, 1, 1, 2, 1, 1, 3, 0, 1, 0, 1, 1, 4, 1, 4, 3, 2, 2, 0, 4, 1, 1, 4, 0, 1, 2, 1, 4, 4, 1, 1, 0, 2, 3, 2, 2, 1, 2, 1, 1, 2, 4, 3, 0, 2, 2, 3, 1, 0, 1, 2, 0, 1, 2, 4, 1, 3, 4, 1, 2, 4, 3, 3, 3, 1, 1, 4, 4, 2, 3, 2, 4, 2, 3, 2, 2, 4, 1, 4, 1, 3, 3, 4, 1, 2]|[0, 2, 1, 0, 3, 0, 1, 3, 0, 0, 2, 0, 1, 0, 1, 0, 0, 0, 1, 0, 0, 2, 0, 0, 1, 0, 0, 3, 0, 1, 0, 2, 0, 1, 3, 0, 1, 3, 0, 0, 0, 0, 1, 3, 0, 0, 1, 0, 2, 0, 0, 0, 0, 0, 1, 0, 1, 0, 1, 1, 0, 2, 0, 0, 0, 0, 0, 0, 0, 2, 0, 0, 1, 0, 0, 1, 0, 0, 3, 0, 0, 1, 2, 0, 0, 0, 1, 0, 0, 0, 0, 2, 1, 3, 0, 0, 0, 1, 0, 0],855.0393744413956,51630.931901811986,111358.97898934162,false
32,G2_TEC,G2_TEC,[31, 22, 82, 15, 26, 9, 95, 42, 77, 68, 47, 5, 93, 78, 86, 54, 85, 63, 18, 44, 20, 49, 36, 14, 74, 50, 53, 17, 21, 28, 11, 64, 3, 23, 30, 83, 24, 41, 60, 52, 65, 27, 90, 70, 39, 87, 48, 69, 99, 4, 46, 1, 13, 58, 97, 59, 45, 8, 73, 37, 35, 79, 71, 66, 76, 32, 40, 80, 56, 6, 67, 61, 33, 7, 57, 34, 12, 16, 10, 98, 96, 88, 43, 75, 91, 38, 84, 92, 29, 19, 51, 55, 72, 0, 89, 81, 94, 2, 62, 25]|[2, 1, 2, 1, 1, 2, 1, 1, 1, 1, 1, 0, 2, 2, 1, 2, 0, 0, 0, 2, 2, 1, 0, 2, 0, 2, 2, 1, 0, 1, 1, 1, 0, 0, 1, 0, 2, 1, 2, 2, 0, 0, 1, 1, 0, 2, 0, 2, 1, 0, 0, 2, 0, 0, 2, 0, 1, 1, 0, 0, 2, 1, 1, 2, 2, 0, 2, 2, 2, 1, 2, 1, 1, 2, 0, 1, 1, 2, 1, 2, 0, 1, 1, 0, 1, 0, 0, 0, 1, 1, 1, 0, 1, 0, 1, 1, 2, 2, 1, 1]|[0, 3, 0, 3, 4, 1, 4, 4, 2, 4, 3, 2, 1, 0, 2, 1, 1, 1, 2, 1, 1, 3, 0, 1, 0, 1, 1, 4, 1, 4, 3, 2, 2, 0, 4, 1, 1, 4, 1, 1, 2, 1, 4, 4, 1, 1, 0, 2, 3, 2, 2, 1, 2, 1, 1, 2, 4, 3, 0, 2, 2, 3, 3, 1, 1, 2, 1, 1, 1, 4, 1, 3, 4, 1, 2, 4, 3, 1, 3, 1, 2, 4, 4, 2, 3, 2, 2, 2, 3, 4, 3, 2, 4, 2, 4, 4, 1, 1, 3, 4]|[0, 2, 0, 0, 3, 0, 1, 3, 0, 0, 2, 0, 1, 0, 1, 0, 0, 0, 1, 0, 0, 2, 0, 0, 1, 0, 0, 3, 0, 1, 0, 2, 0, 0, 3, 0, 1, 1, 0, 0, 0, 0, 1, 3, 0, 0, 1, 0, 2, 0, 0, 0, 0, 0, 1, 0, 1, 0, 1, 1, 0, 2, 0, 0, 0, 0, 0, 0, 0, 2, 0, 0, 1, 0, 0, 1, 0, 0, 3, 0, 0, 1, 2, 0, 0, 0, 0, 0, 3, 1, 0, 0, 2, 0, 1, 2, 0, 0, 0, 3],908.6830653768391,49416.86411654297,107380.61200184241,false
32,G3_TWC,G3_TWC,[31, 22, 82, 15, 26, 58, 95, 42, 77, 12, 47, 5, 93, 78, 98, 54, 85, 63, 18, 44, 20, 35, 43, 97, 91, 76, 10, 30, 21, 45, 71, 64, 1, 23, 17, 83, 24, 14, 60, 36, 6, 57, 94, 88, 65, 56, 79, 40, 67, 68, 46, 75, 38, 9, 19, 32, 81, 41, 27, 62, 87, 90, 99, 59, 11, 16, 72, 73, 70, 39, 37, 84, 3, 92, 25, 55, 28, 29, 51, 7, 33, 61, 86, 66, 89, 50, 48, 96, 53, 8, 4, 80, 34, 49, 52, 0, 13, 2, 69, 74]|[1, 1, 0, 1, 1, 1, 2, 1, 2, 1, 2, 2, 2, 1, 1, 0, 0, 1, 0, 2, 2, 0, 1, 2, 0, 1, 2, 2, 0, 0, 1, 2, 1, 2, 1, 0, 2, 0, 1, 1, 0, 1, 1, 1, 0, 2, 1, 1, 0, 0, 0, 0, 1, 1, 2, 1, 2, 0, 0, 0, 2, 1, 0, 1, 2, 1, 2, 1, 1, 1, 1, 1, 2, 0, 1, 1, 0, 0, 0, 1, 2, 1, 0, 2, 1, 0, 0, 0, 0, 1, 0, 0, 2, 0, 1, 0, 0, 0, 1, 2]|[4, 3, 2, 2, 0, 0, 2, 2, 2, 4, 1, 1, 2, 4, 4, 1, 1, 4, 2, 1, 1, 1, 1, 2, 1, 2, 1, 1, 1, 1, 3, 2, 3, 0, 4, 0, 1, 1, 0, 3, 2, 2, 4, 0, 1, 1, 0, 2, 0, 1, 2, 2, 1, 4, 0, 3, 2, 1, 1, 2, 1, 3, 1, 1, 1, 3, 0, 4, 3, 1, 4, 1, 1, 2, 4, 4, 2, 1, 1, 3, 1, 3, 1, 1, 1, 1, 1, 1, 2, 3, 2, 1, 1, 1, 1, 2, 2, 2, 3, 1]|[0, 2, 1, 1, 3, 3, 0, 1, 0, 0, 0, 0, 1, 0, 1, 0, 0, 3, 1, 0, 0, 0, 3, 1, 0, 2, 0, 0, 0, 1, 0, 0, 0, 0, 3, 0, 1, 0, 0, 2, 1, 1, 2, 0, 0, 0, 0, 1, 1, 0, 0, 0, 1, 3, 0, 0, 1, 0, 0, 1, 0, 2, 0, 1, 0, 2, 1, 0, 0, 1, 1, 3, 0, 1, 3, 3, 1, 0, 0, 2, 0, 0, 0, 0, 1, 0, 0, 0, 1, 2, 1, 0, 0, 1, 1, 0, 0, 0, 0, 0],790.0808266764368,57926.0831962336,89131.00769295532,false
32,G1_CMAX,G1_CMAX,[31, 22, 82, 15, 26, 99, 95, 42, 77, 12, 47, 5, 93, 78, 86, 54, 21, 63, 18, 44, 20, 35, 43, 97, 91, 76, 10, 30, 85, 45, 71, 64, 1, 23, 17, 83, 24, 14, 60, 36, 6, 57, 40, 88, 65, 56, 79, 94, 67, 68, 46, 75, 38, 9, 19, 32, 41, 81, 27, 87, 90, 58, 59, 11, 16, 72, 73, 70, 39, 37, 84, 3, 92, 25, 55, 48, 62, 29, 51, 96, 33, 61, 98, 28, 89, 50, 4, 7, 53, 80, 52, 66, 34, 49, 8, 0, 74, 69, 2, 13]|[1, 1, 0, 1, 1, 0, 1, 1, 2, 1, 2, 2, 2, 1, 1, 0, 0, 1, 0, 2, 2, 0, 1, 2, 0, 1, 2, 2, 0, 0, 1, 2, 1, 2, 1, 0, 2, 0, 1, 1, 0, 1, 1, 1, 0, 2, 1, 1, 0, 0, 0, 0, 1, 1, 2, 1, 0, 2, 0, 2, 1, 0, 1, 2, 1, 2, 1, 1, 1, 1, 1, 1, 0, 1, 2, 0, 0, 0, 0, 2, 2, 1, 2, 0, 1, 0, 1, 2, 0, 0, 1, 2, 2, 0, 1, 0, 2, 1, 0, 0]|[0, 3, 2, 2, 4, 1, 2, 3, 2, 4, 1, 1, 2, 4, 4, 1, 1, 4, 2, 1, 1, 1, 1, 2, 1, 2, 1, 1, 2, 1, 3, 2, 3, 1, 4, 0, 1, 1, 0, 3, 2, 2, 2, 0, 1, 1, 0, 4, 0, 1, 2, 2, 1, 4, 0, 3, 1, 1, 1, 1, 3, 1, 1, 1, 3, 0, 4, 3, 1, 4, 1, 1, 0, 4, 1, 1, 2, 1, 1, 1, 1, 3, 1, 2, 1, 1, 4, 1, 2, 1, 1, 1, 1, 1, 3, 2, 1, 4, 2, 2]|[0, 2, 1, 1, 3, 0, 1, 3, 0, 0, 0, 0, 1, 0, 1, 0, 0, 3, 1, 0, 0, 0, 3, 1, 0, 2, 0, 0, 0, 1, 0, 0, 0, 0, 3, 0, 1, 0, 0, 2, 1, 1, 1, 0, 0, 0, 0, 2, 1, 0, 0, 0, 1, 3, 0, 0, 0, 0, 0, 0, 2, 0, 1, 0, 2, 1, 0, 0, 1, 1, 3, 1, 1, 3, 0, 0, 1, 0, 0, 0, 0, 0, 0, 1, 1, 0, 0, 0, 1, 0, 1, 0, 0, 1, 2, 0, 0, 2, 0, 0],731.2476204416437,56784.74762275103,92889.2977037672,false
32,G4_BALANCED,G4_BALANCED,[31, 22, 82, 15, 26, 9, 95, 42, 77, 68, 47, 5, 93, 78, 86, 54, 85, 63, 18, 44, 20, 49, 36, 14, 74, 50, 53, 17, 21, 28, 11, 64, 3, 23, 30, 83, 24, 41, 40, 52, 65, 27, 90, 70, 39, 87, 48, 69, 99, 4, 46, 1, 13, 58, 19, 59, 45, 8, 73, 37, 35, 79, 71, 66, 76, 32, 60, 80, 96, 6, 67, 61, 33, 7, 57, 34, 12, 16, 10, 98, 56, 88, 43, 75, 91, 38, 97, 92, 29, 84, 2, 72, 25, 89, 55, 81, 94, 51, 62, 0]|[2, 1, 2, 1, 1, 2, 1, 1, 1, 1, 1, 0, 2, 2, 1, 2, 0, 0, 0, 2, 2, 1, 0, 2, 0, 2, 2, 1, 0, 1, 1, 1, 0, 0, 1, 0, 2, 1, 2, 2, 0, 0, 1, 1, 0, 2, 0, 2, 1, 0, 0, 2, 0, 0, 2, 0, 1, 1, 0, 0, 2, 1, 1, 2, 2, 0, 2, 2, 0, 1, 0, 1, 1, 2, 0, 1, 1, 2, 1, 2, 2, 1, 1, 0, 1, 0, 1, 0, 1, 0, 2, 1, 1, 1, 0, 1, 2, 1, 1, 0]|[0, 3, 0, 3, 4, 1, 4, 4, 2, 4, 3, 2, 1, 0, 2, 1, 1, 1, 2, 1, 1, 3, 0, 1, 0, 1, 1, 4, 1, 4, 3, 2, 2, 0, 4, 1, 1, 4, 1, 1, 2, 1, 4, 4, 1, 1, 0, 2, 3, 2, 2, 1, 2, 1, 1, 2, 4, 3, 0, 2, 2, 3, 3, 1, 1, 2, 1, 1, 2, 4, 2, 3, 4, 1, 2, 4, 3, 1, 3, 1, 1, 4, 4, 2, 3, 2, 4, 2, 3, 2, 1, 4, 4, 4, 2, 4, 1, 3, 3, 2]|[0, 2, 0, 0, 3, 0, 1, 3, 0, 0, 2, 0, 1, 0, 1, 0, 0, 0, 1, 0, 0, 2, 0, 0, 1, 0, 0, 3, 0, 1, 0, 2, 0, 0, 3, 0, 1, 1, 0, 0, 0, 0, 1, 3, 0, 0, 1, 0, 2, 0, 0, 0, 0, 1, 1, 0, 1, 0, 1, 1, 0, 2, 0, 0, 0, 0, 0, 0, 0, 2, 0, 0, 1, 0, 0, 1, 0, 0, 3, 0, 0, 1, 2, 0, 0, 0, 1, 0, 3, 0, 0, 2, 3, 1, 0, 2, 0, 0, 0, 0],897.7591838808809,49643.76078991009,105256.00159578695,false
32,G2_TEC,G2_TEC,[31, 22, 82, 15, 26, 9, 95, 42, 77, 68, 47, 5, 93, 78, 86, 54, 85, 63, 18, 44, 20, 49, 36, 14, 74, 50, 53, 17, 21, 28, 11, 64, 3, 23, 30, 83, 24, 41, 60, 52, 65, 27, 90, 70, 39, 87, 48, 69, 99, 4, 46, 1, 13, 58, 97, 59, 45, 8, 73, 37, 35, 79, 71, 66, 76, 32, 40, 80, 56, 6, 67, 61, 33, 7, 57, 34, 12, 16, 10, 98, 96, 88, 43, 75, 91, 38, 84, 92, 29, 19, 51, 55, 72, 0, 89, 81, 94, 2, 62, 25]|[2, 1, 2, 1, 1, 2, 1, 1, 1, 1, 1, 0, 2, 2, 1, 2, 0, 0, 0, 2, 2, 1, 0, 2, 0, 2, 2, 1, 0, 1, 1, 1, 0, 0, 1, 0, 2, 1, 2, 2, 0, 0, 1, 1, 0, 2, 0, 2, 1, 0, 0, 2, 0, 0, 2, 0, 1, 1, 0, 0, 2, 1, 1, 2, 2, 0, 2, 2, 2, 1, 2, 1, 1, 2, 0, 1, 1, 2, 1, 2, 0, 1, 1, 0, 1, 0, 0, 0, 1, 1, 1, 0, 1, 0, 1, 1, 2, 2, 1, 1]|[0, 3, 0, 3, 4, 1, 4, 4, 2, 4, 3, 2, 1, 0, 2, 1, 1, 1, 2, 1, 1, 3, 0, 1, 0, 1, 1, 4, 1, 4, 3, 2, 2, 0, 4, 1, 1, 4, 1, 1, 2, 1, 4, 4, 1, 1, 0, 2, 3, 2, 2, 1, 2, 1, 1, 2, 4, 3, 0, 2, 2, 3, 3, 1, 1, 2, 1, 1, 1, 4, 1, 3, 4, 1, 2, 4, 3, 1, 3, 1, 2, 4, 4, 2, 3, 2, 2, 2, 3, 4, 3, 2, 4, 2, 4, 4, 1, 1, 3, 4]|[0, 2, 0, 0, 3, 0, 1, 3, 0, 0, 2, 0, 1, 0, 1, 0, 0, 0, 1, 0, 0, 2, 0, 0, 1, 0, 0, 3, 0, 1, 0, 2, 0, 0, 3, 0, 1, 1, 0, 0, 0, 0, 1, 3, 0, 0, 1, 0, 2, 0, 0, 0, 0, 0, 1, 0, 1, 0, 1, 1, 0, 2, 0, 0, 0, 0, 0, 0, 0, 2, 0, 0, 1, 0, 0, 1, 0, 0, 3, 0, 0, 1, 2, 0, 0, 0, 0, 0, 3, 1, 0, 0, 2, 0, 1, 2, 0, 0, 0, 3],908.6830653768391,49416.86411654297,107380.61200184241,false
32,G3_TWC,G3_TWC,[31, 22, 82, 15, 26, 58, 95, 42, 77, 12, 47, 5, 93, 78, 98, 54, 85, 63, 18, 44, 20, 35, 43, 97, 91, 76, 10, 30, 21, 45, 71, 64, 1, 23, 17, 83, 24, 14, 60, 36, 6, 57, 94, 88, 65, 56, 79, 40, 67, 68, 46, 75, 38, 9, 19, 32, 81, 41, 27, 62, 87, 90, 99, 59, 11, 16, 72, 73, 70, 39, 37, 84, 3, 92, 25, 55, 28, 29, 51, 7, 33, 61, 86, 66, 89, 50, 48, 96, 53, 8, 4, 80, 34, 49, 52, 0, 13, 2, 69, 74]|[1, 1, 0, 1, 1, 1, 2, 1, 2, 1, 2, 2, 2, 1, 1, 0, 0, 1, 0, 2, 2, 0, 1, 2, 0, 1, 2, 2, 0, 0, 1, 2, 1, 2, 1, 0, 2, 0, 1, 1, 0, 1, 1, 1, 0, 2, 1, 1, 0, 0, 0, 0, 1, 1, 2, 1, 2, 0, 0, 0, 2, 1, 0, 1, 2, 1, 2, 1, 1, 1, 1, 1, 2, 0, 1, 1, 0, 0, 0, 1, 2, 1, 0, 2, 1, 0, 0, 0, 0, 1, 0, 0, 2, 0, 1, 0, 0, 0, 1, 2]|[4, 3, 2, 2, 0, 0, 2, 2, 2, 4, 1, 1, 2, 4, 4, 1, 1, 4, 2, 1, 1, 1, 1, 2, 1, 2, 1, 1, 1, 1, 3, 2, 3, 0, 4, 0, 1, 1, 0, 3, 2, 2, 4, 0, 1, 1, 0, 2, 0, 1, 2, 2, 1, 4, 0, 3, 2, 1, 1, 2, 1, 3, 1, 1, 1, 3, 0, 4, 3, 1, 4, 1, 1, 2, 4, 4, 2, 1, 1, 3, 1, 3, 1, 1, 1, 1, 1, 1, 2, 3, 2, 1, 1, 1, 1, 2, 2, 2, 3, 1]|[0, 2, 1, 1, 3, 3, 0, 1, 0, 0, 0, 0, 1, 0, 1, 0, 0, 3, 1, 0, 0, 0, 3, 1, 0, 2, 0, 0, 0, 1, 0, 0, 0, 0, 3, 0, 1, 0, 0, 2, 1, 1, 2, 0, 0, 0, 0, 1, 1, 0, 0, 0, 1, 3, 0, 0, 1, 0, 0, 1, 0, 2, 0, 1, 0, 2, 1, 0, 0, 1, 1, 3, 0, 1, 3, 3, 1, 0, 0, 2, 0, 0, 0, 0, 1, 0, 0, 0, 1, 2, 1, 0, 0, 1, 1, 0, 0, 0, 0, 0],790.0808266764368,57926.0831962336,89131.00769295532,false
32,G1_CMAX,G1_CMAX,[31, 22, 82, 15, 26, 99, 95, 42, 77, 12, 47, 5, 93, 78, 86, 54, 21, 63, 18, 44, 20, 35, 43, 97, 91, 76, 10, 30, 85, 45, 71, 64, 1, 23, 17, 83, 24, 14, 60, 36, 6, 57, 40, 88, 65, 56, 79, 94, 67, 68, 46, 75, 38, 9, 19, 32, 41, 81, 27, 87, 90, 58, 59, 11, 16, 72, 73, 70, 39, 37, 84, 3, 92, 25, 55, 48, 62, 29, 51, 96, 33, 61, 98, 28, 89, 50, 4, 7, 53, 80, 52, 66, 34, 49, 8, 0, 74, 69, 2, 13]|[1, 1, 0, 1, 1, 0, 1, 1, 2, 1, 2, 2, 2, 1, 1, 0, 0, 1, 0, 2, 2, 0, 1, 2, 0, 1, 2, 2, 0, 0, 1, 2, 1, 2, 1, 0, 2, 0, 1, 1, 0, 1, 1, 1, 0, 2, 1, 1, 0, 0, 0, 0, 1, 1, 2, 1, 0, 2, 0, 2, 1, 0, 1, 2, 1, 2, 1, 1, 1, 1, 1, 1, 0, 1, 2, 0, 0, 0, 0, 2, 2, 1, 2, 0, 1, 0, 1, 2, 0, 0, 1, 2, 2, 0, 1, 0, 2, 1, 0, 0]|[0, 3, 2, 2, 4, 1, 2, 3, 2, 4, 1, 1, 2, 4, 4, 1, 1, 4, 2, 1, 1, 1, 1, 2, 1, 2, 1, 1, 2, 1, 3, 2, 3, 1, 4, 0, 1, 1, 0, 3, 2, 2, 2, 0, 1, 1, 0, 4, 0, 1, 2, 2, 1, 4, 0, 3, 1, 1, 1, 1, 3, 1, 1, 1, 3, 0, 4, 3, 1, 4, 1, 1, 0, 4, 1, 1, 2, 1, 1, 1, 1, 3, 1, 2, 1, 1, 4, 1, 2, 1, 1, 1, 1, 1, 3, 2, 1, 4, 2, 2]|[0, 2, 1, 1, 3, 0, 1, 3, 0, 0, 0, 0, 1, 0, 1, 0, 0, 3, 1, 0, 0, 0, 3, 1, 0, 2, 0, 0, 0, 1, 0, 0, 0, 0, 3, 0, 1, 0, 0, 2, 1, 1, 1, 0, 0, 0, 0, 2, 1, 0, 0, 0, 1, 3, 0, 0, 0, 0, 0, 0, 2, 0, 1, 0, 2, 1, 0, 0, 1, 1, 3, 1, 1, 3, 0, 0, 1, 0, 0, 0, 0, 0, 0, 1, 1, 0, 0, 0, 1, 0, 1, 0, 0, 1, 2, 0, 0, 2, 0, 0],731.2476204416437,56784.74762275103,92889.2977037672,false
32,G4_BALANCED,G4_BALANCED,[31, 11, 82, 15, 26, 9, 95, 42, 77, 68, 47, 5, 93, 78, 86, 54, 85, 63, 76, 44, 20, 49, 36, 14, 74, 50, 53, 25, 21, 28, 71, 64, 3, 23, 30, 83, 24, 41, 60, 52, 65, 27, 90, 70, 39, 87, 48, 69, 99, 4, 46, 1, 13, 58, 97, 59, 33, 8, 73, 37, 35, 79, 22, 66, 18, 32, 40, 80, 96, 6, 16, 61, 45, 7, 57, 34, 12, 67, 10, 98, 56, 88, 29, 75, 91, 38, 19, 92, 43, 84, 2, 72, 81, 17, 51, 55, 0, 89, 94, 62]|[2, 1, 2, 1, 1, 2, 1, 1, 1, 1, 1, 0, 2, 2, 1, 2, 0, 0, 0, 2, 2, 1, 0, 2, 0, 2, 2, 1, 0, 1, 1, 1, 0, 0, 1, 0, 2, 1, 2, 2, 0, 0, 1, 1, 0, 2, 0, 2, 1, 0, 0, 2, 0, 0, 2, 0, 1, 1, 0, 0, 2, 1, 0, 2, 2, 0, 2, 2, 0, 1, 2, 1, 1, 2, 0, 1, 1, 1, 1, 2, 2, 1, 1, 0, 1, 0, 1, 0, 1, 0, 2, 1, 1, 1, 1, 0, 0, 1, 2, 1]|[0, 3, 0, 2, 4, 1, 4, 4, 2, 4, 3, 2, 1, 0, 2, 1, 1, 1, 2, 1, 1, 3, 0, 1, 0, 1, 1, 4, 1, 4, 3, 2, 2, 0, 4, 1, 1, 4, 0, 1, 2, 1, 4, 4, 1, 1, 0, 2, 3, 1, 2, 1, 2, 1, 1, 2, 4, 3, 0, 2, 2, 3, 1, 0, 1, 2, 0, 1, 2, 4, 1, 3, 4, 1, 2, 4, 3, 3, 3, 1, 1, 4, 3, 2, 3, 2, 4, 2, 4, 2, 1, 4, 1, 4, 3, 2, 2, 4, 1, 3]|[0, 2, 0, 1, 3, 0, 1, 3, 0, 0, 2, 0, 1, 0, 1, 0, 0, 0, 1, 0, 0, 2, 0, 0, 1, 0, 0, 3, 0, 1, 0, 2, 0, 1, 3, 0, 1, 3, 1, 0, 0, 0, 1, 3, 0, 0, 1, 0, 2, 0, 0, 0, 0, 0, 1, 0, 1, 0, 1, 1, 0, 2, 0, 0, 0, 0, 0, 0, 0, 2, 0, 0, 1, 0, 0, 1, 0, 0, 3, 0, 0, 1, 0, 0, 0, 0, 3, 0, 2, 0, 0, 2, 1, 3, 0, 0, 0, 1, 0, 0],848.1161249092097,51934.83458349109,107480.51805341724,false
32,G2_TEC,G2_TEC,[31, 22, 82, 15, 26, 9, 95, 42, 77, 68, 47, 5, 93, 78, 86, 54, 85, 63, 18, 44, 20, 49, 36, 14, 74, 50, 53, 17, 21, 28, 11, 64, 3, 23, 30, 83, 24, 41, 60, 52, 65, 27, 90, 70, 39, 87, 48, 69, 99, 4, 46, 1, 13, 58, 97, 59, 45, 8, 73, 37, 35, 79, 71, 66, 76, 32, 40, 80, 56, 6, 67, 61, 33, 7, 57, 34, 12, 16, 10, 98, 96, 88, 43, 75, 91, 38, 84, 92, 29, 19, 51, 55, 72, 0, 89, 81, 94, 2, 62, 25]|[2, 1, 2, 1, 1, 2, 1, 1, 1, 1, 1, 0, 2, 2, 1, 2, 0, 0, 0, 2, 2, 1, 0, 2, 0, 2, 2, 1, 0, 1, 1, 1, 0, 0, 1, 0, 2, 1, 2, 2, 0, 0, 1, 1, 0, 2, 0, 2, 1, 0, 0, 2, 0, 0, 2, 0, 1, 1, 0, 0, 2, 1, 1, 2, 2, 0, 2, 2, 2, 1, 2, 1, 1, 2, 0, 1, 1, 2, 1, 2, 0, 1, 1, 0, 1, 0, 0, 0, 1, 1, 1, 0, 1, 0, 1, 1, 2, 2, 1, 1]|[0, 3, 0, 3, 4, 1, 4, 4, 2, 4, 3, 2, 1, 0, 2, 1, 1, 1, 2, 1, 1, 3, 0, 1, 0, 1, 1, 4, 1, 4, 3, 2, 2, 0, 4, 1, 1, 4, 1, 1, 2, 1, 4, 4, 1, 1, 0, 2, 3, 2, 2, 1, 2, 1, 1, 2, 4, 3, 0, 2, 2, 3, 3, 1, 1, 2, 1, 1, 1, 4, 1, 3, 4, 1, 2, 4, 3, 1, 3, 1, 2, 4, 4, 2, 3, 2, 2, 2, 3, 4, 3, 2, 4, 2, 4, 4, 1, 1, 3, 4]|[0, 2, 0, 0, 3, 0, 1, 3, 0, 0, 2, 0, 1, 0, 1, 0, 0, 0, 1, 0, 0, 2, 0, 0, 1, 0, 0, 3, 0, 1, 0, 2, 0, 0, 3, 0, 1, 1, 0, 0, 0, 0, 1, 3, 0, 0, 1, 0, 2, 0, 0, 0, 0, 0, 1, 0, 1, 0, 1, 1, 0, 2, 0, 0, 0, 0, 0, 0, 0, 2, 0, 0, 1, 0, 0, 1, 0, 0, 3, 0, 0, 1, 2, 0, 0, 0, 0, 0, 3, 1, 0, 0, 2, 0, 1, 2, 0, 0, 0, 3],908.6830653768391,49416.86411654297,107380.61200184241,false
32,G3_TWC,G3_TWC,[31, 22, 82, 15, 26, 58, 95, 42, 77, 12, 47, 5, 93, 78, 98, 54, 85, 63, 18, 44, 20, 35, 43, 97, 91, 76, 10, 30, 21, 45, 71, 64, 1, 23, 17, 83, 24, 14, 60, 36, 6, 57, 94, 88, 65, 56, 79, 40, 67, 68, 46, 75, 38, 9, 19, 32, 81, 41, 27, 62, 87, 90, 99, 59, 11, 16, 72, 73, 70, 39, 37, 84, 3, 92, 25, 55, 28, 29, 51, 7, 33, 61, 86, 66, 89, 50, 48, 96, 53, 8, 4, 80, 34, 49, 52, 0, 13, 2, 69, 74]|[1, 1, 0, 1, 1, 1, 2, 1, 2, 1, 2, 2, 2, 1, 1, 0, 0, 1, 0, 2, 2, 0, 1, 2, 0, 1, 2, 2, 0, 0, 1, 2, 1, 2, 1, 0, 2, 0, 1, 1, 0, 1, 1, 1, 0, 2, 1, 1, 0, 0, 0, 0, 1, 1, 2, 1, 2, 0, 0, 0, 2, 1, 0, 1, 2, 1, 2, 1, 1, 1, 1, 1, 2, 0, 1, 1, 0, 0, 0, 1, 2, 1, 0, 2, 1, 0, 0, 0, 0, 1, 0, 0, 2, 0, 1, 0, 0, 0, 1, 2]|[4, 3, 2, 2, 0, 0, 2, 2, 2, 4, 1, 1, 2, 4, 4, 1, 1, 4, 2, 1, 1, 1, 1, 2, 1, 2, 1, 1, 1, 1, 3, 2, 3, 0, 4, 0, 1, 1, 0, 3, 2, 2, 4, 0, 1, 1, 0, 2, 0, 1, 2, 2, 1, 4, 0, 3, 2, 1, 1, 2, 1, 3, 1, 1, 1, 3, 0, 4, 3, 1, 4, 1, 1, 2, 4, 4, 2, 1, 1, 3, 1, 3, 1, 1, 1, 1, 1, 1, 2, 3, 2, 1, 1, 1, 1, 2, 2, 2, 3, 1]|[0, 2, 1, 1, 3, 3, 0, 1, 0, 0, 0, 0, 1, 0, 1, 0, 0, 3, 1, 0, 0, 0, 3, 1, 0, 2, 0, 0, 0, 1, 0, 0, 0, 0, 3, 0, 1, 0, 0, 2, 1, 1, 2, 0, 0, 0, 0, 1, 1, 0, 0, 0, 1, 3, 0, 0, 1, 0, 0, 1, 0, 2, 0, 1, 0, 2, 1, 0, 0, 1, 1, 3, 0, 1, 3, 3, 1, 0, 0, 2, 0, 0, 0, 0, 1, 0, 0, 0, 1, 2, 1, 0, 0, 1, 1, 0, 0, 0, 0, 0],790.0808266764368,57926.0831962336,89131.00769295532,false
32,G1_CMAX,G1_CMAX,[31, 22, 82, 15, 26, 99, 95, 42, 77, 12, 47, 5, 93, 78, 86, 54, 21, 63, 18, 44, 20, 35, 43, 97, 91, 76, 10, 30, 85, 45, 71, 64, 1, 23, 17, 83, 24, 14, 60, 36, 6, 57, 40, 88, 65, 56, 79, 94, 67, 68, 46, 75, 38, 9, 19, 32, 41, 81, 27, 87, 90, 58, 59, 11, 16, 72, 73, 70, 39, 37, 84, 3, 92, 25, 55, 48, 62, 29, 51, 96, 33, 61, 98, 28, 89, 50, 4, 7, 53, 80, 52, 66, 34, 49, 8, 0, 74, 69, 2, 13]|[1, 1, 0, 1, 1, 0, 1, 1, 2, 1, 2, 2, 2, 1, 1, 0, 0, 1, 0, 2, 2, 0, 1, 2, 0, 1, 2, 2, 0, 0, 1, 2, 1, 2, 1, 0, 2, 0, 1, 1, 0, 1, 1, 1, 0, 2, 1, 1, 0, 0, 0, 0, 1, 1, 2, 1, 0, 2, 0, 2, 1, 0, 1, 2, 1, 2, 1, 1, 1, 1, 1, 1, 0, 1, 2, 0, 0, 0, 0, 2, 2, 1, 2, 0, 1, 0, 1, 2, 0, 0, 1, 2, 2, 0, 1, 0, 2, 1, 0, 0]|[0, 3, 2, 2, 4, 1, 2, 3, 2, 4, 1, 1, 2, 4, 4, 1, 1, 4, 2, 1, 1, 1, 1, 2, 1, 2, 1, 1, 2, 1, 3, 2, 3, 1, 4, 0, 1, 1, 0, 3, 2, 2, 2, 0, 1, 1, 0, 4, 0, 1, 2, 2, 1, 4, 0, 3, 1, 1, 1, 1, 3, 1, 1, 1, 3, 0, 4, 3, 1, 4, 1, 1, 0, 4, 1, 1, 2, 1, 1, 1, 1, 3, 1, 2, 1, 1, 4, 1, 2, 1, 1, 1, 1, 1, 3, 2, 1, 4, 2, 2]|[0, 2, 1, 1, 3, 0, 1, 3, 0, 0, 0, 0, 1, 0, 1, 0, 0, 3, 1, 0, 0, 0, 3, 1, 0, 2, 0, 0, 0, 1, 0, 0, 0, 0, 3, 0, 1, 0, 0, 2, 1, 1, 1, 0, 0, 0, 0, 2, 1, 0, 0, 0, 1, 3, 0, 0, 0, 0, 0, 0, 2, 0, 1, 0, 2, 1, 0, 0, 1, 1, 3, 1, 1, 3, 0, 0, 1, 0, 0, 0, 0, 0, 0, 1, 1, 0, 0, 0, 1, 0, 1, 0, 0, 1, 2, 0, 0, 2, 0, 0],731.2476204416437,56784.74762275103,92889.2977037672,false
32,G4_BALANCED,G4_BALANCED,[31, 22, 82, 15, 26, 9, 95, 42, 77, 68, 47, 5, 93, 78, 86, 54, 85, 63, 18, 44, 20, 49, 36, 14, 74, 50, 53, 17, 21, 28, 11, 64, 3, 23, 30, 83, 24, 41, 40, 52, 65, 27, 90, 70, 39, 87, 48, 69, 99, 4, 46, 1, 13, 58, 19, 59, 45, 8, 73, 37, 35, 79, 71, 66, 76, 32, 60, 80, 96, 6, 16, 61, 33, 7, 57, 34, 12, 0, 10, 98, 56, 88, 43, 75, 91, 38, 84, 92, 29, 97, 51, 72, 55, 25, 89, 81, 94, 2, 62, 67]|[2, 1, 2, 1, 1, 0, 1, 1, 1, 1, 1, 0, 2, 2, 1, 2, 0, 0, 0, 2, 2, 1, 0, 2, 0, 2, 2, 1, 0, 1, 1, 1, 0, 0, 1, 0, 2, 1, 2, 2, 0, 0, 1, 1, 0, 2, 0, 2, 1, 0, 0, 2, 0, 0, 2, 0, 1, 1, 0, 0, 2, 1, 1, 1, 2, 0, 2, 2, 0, 1, 2, 1, 1, 2, 0, 1, 1, 2, 1, 2, 2, 1, 1, 0, 1, 0, 0, 0, 1, 1, 1, 1, 0, 1, 1, 1, 2, 2, 1, 2]|[0, 3, 0, 3, 4, 1, 4, 4, 2, 4, 3, 2, 1, 0, 2, 1, 1, 1, 2, 1, 1, 3, 0, 1, 0, 1, 1, 4, 1, 4, 3, 2, 2, 0, 4, 1, 1, 4, 1, 1, 2, 1, 4, 4, 1, 1, 0, 2, 3, 2, 2, 1, 2, 1, 1, 2, 4, 3, 0, 2, 2, 3, 3, 1, 1, 2, 1, 1, 2, 4, 1, 3, 4, 1, 2, 4, 3, 1, 3, 1, 1, 4, 4, 2, 3, 2, 2, 2, 3, 4, 3, 4, 2, 4, 4, 4, 1, 1, 3, 1]|[0, 2, 0, 0, 3, 0, 1, 3, 0, 0, 2, 0, 1, 0, 1, 0, 0, 0, 1, 0, 0, 2, 0, 0, 1, 0, 0, 3, 0, 1, 0, 2, 0, 0, 3, 0, 1, 3, 0, 0, 0, 0, 1, 3, 0, 0, 1, 0, 2, 0, 0, 0, 0, 1, 1, 0, 1, 0, 1, 1, 0, 2, 0, 2, 0, 0, 0, 0, 0, 2, 0, 0, 1, 0, 0, 1, 0, 0, 3, 0, 0, 1, 2, 0, 0, 0, 0, 0, 3, 1, 0, 2, 0, 3, 1, 2, 0, 0, 0, 0],887.1401620814495,50208.584340193614,104549.4051625019,false
32,G2_TEC,G2_TEC,[31, 22, 82, 15, 26, 9, 95, 42, 77, 68, 47, 5, 93, 78, 86, 54, 85, 63, 18, 44, 20, 49, 36, 14, 74, 50, 53, 17, 21, 28, 11, 64, 3, 23, 30, 83, 24, 41, 60, 52, 65, 27, 90, 70, 39, 87, 48, 69, 99, 4, 46, 1, 13, 58, 97, 59, 45, 8, 73, 37, 35, 79, 71, 66, 76, 32, 40, 80, 56, 6, 67, 61, 33, 7, 57, 34, 12, 16, 10, 98, 96, 88, 43, 75, 91, 38, 84, 92, 29, 19, 51, 55, 72, 0, 89, 81, 94, 2, 62, 25]|[2, 1, 2, 1, 1, 2, 1, 1, 1, 1, 1, 0, 2, 2, 1, 2, 0, 0, 0, 2, 2, 1, 0, 2, 0, 2, 2, 1, 0, 1, 1, 1, 0, 0, 1, 0, 2, 1, 2, 2, 0, 0, 1, 1, 0, 2, 0, 2, 1, 0, 0, 2, 0, 0, 2, 0, 1, 1, 0, 0, 2, 1, 1, 2, 2, 0, 2, 2, 2, 1, 2, 1, 1, 2, 0, 1, 1, 2, 1, 2, 0, 1, 1, 0, 1, 0, 0, 0, 1, 1, 1, 0, 1, 0, 1, 1, 2, 2, 1, 1]|[0, 3, 0, 3, 4, 1, 4, 4, 2, 4, 3, 2, 1, 0, 2, 1, 1, 1, 2, 1, 1, 3, 0, 1, 0, 1, 1, 4, 1, 4, 3, 2, 2, 0, 4, 1, 1, 4, 1, 1, 2, 1, 4, 4, 1, 1, 0, 2, 3, 2, 2, 1, 2, 1, 1, 2, 4, 3, 0, 2, 2, 3, 3, 1, 1, 2, 1, 1, 1, 4, 1, 3, 4, 1, 2, 4, 3, 1, 3, 1, 2, 4, 4, 2, 3, 2, 2, 2, 3, 4, 3, 2, 4, 2, 4, 4, 1, 1, 3, 4]|[0, 2, 0, 0, 3, 0, 1, 3, 0, 0, 2, 0, 1, 0, 1, 0, 0, 0, 1, 0, 0, 2, 0, 0, 1, 0, 0, 3, 0, 1, 0, 2, 0, 0, 3, 0, 1, 1, 0, 0, 0, 0, 1, 3, 0, 0, 1, 0, 2, 0, 0, 0, 0, 0, 1, 0, 1, 0, 1, 1, 0, 2, 0, 0, 0, 0, 0, 0, 0, 2, 0, 0, 1, 0, 0, 1, 0, 0, 3, 0, 0, 1, 2, 0, 0, 0, 0, 0, 3, 1, 0, 0, 2, 0, 1, 2, 0, 0, 0, 3],908.6830653768391,49416.86411654297,107380.61200184241,false
32,G3_TWC,G3_TWC,[31, 22, 82, 15, 26, 58, 95, 42, 77, 12, 47, 5, 93, 78, 98, 54, 85, 63, 18, 44, 20, 35, 43, 97, 91, 76, 10, 30, 21, 45, 71, 64, 1, 23, 17, 83, 24, 14, 60, 36, 6, 57, 94, 88, 65, 56, 79, 40, 67, 68, 46, 75, 38, 9, 19, 32, 81, 41, 27, 62, 87, 90, 99, 59, 11, 16, 72, 73, 70, 39, 37, 84, 3, 92, 25, 55, 28, 29, 51, 7, 33, 61, 86, 66, 89, 50, 48, 96, 53, 8, 4, 80, 34, 49, 52, 0, 13, 2, 69, 74]|[1, 1, 0, 1, 1, 1, 2, 1, 2, 1, 2, 2, 2, 1, 1, 0, 0, 1, 0, 2, 2, 0, 1, 2, 0, 1, 2, 2, 0, 0, 1, 2, 1, 2, 1, 0, 2, 0, 1, 1, 0, 1, 1, 1, 0, 2, 1, 1, 0, 0, 0, 0, 1, 1, 2, 1, 2, 0, 0, 0, 2, 1, 0, 1, 2, 1, 2, 1, 1, 1, 1, 1, 2, 0, 1, 1, 0, 0, 0, 1, 2, 1, 0, 2, 1, 0, 0, 0, 0, 1, 0, 0, 2, 0, 1, 0, 0, 0, 1, 2]|[4, 3, 2, 2, 0, 0, 2, 2, 2, 4, 1, 1, 2, 4, 4, 1, 1, 4, 2, 1, 1, 1, 1, 2, 1, 2, 1, 1, 1, 1, 3, 2, 3, 0, 4, 0, 1, 1, 0, 3, 2, 2, 4, 0, 1, 1, 0, 2, 0, 1, 2, 2, 1, 4, 0, 3, 2, 1, 1, 2, 1, 3, 1, 1, 1, 3, 0, 4, 3, 1, 4, 1, 1, 2, 4, 4, 2, 1, 1, 3, 1, 3, 1, 1, 1, 1, 1, 1, 2, 3, 2, 1, 1, 1, 1, 2, 2, 2, 3, 1]|[0, 2, 1, 1, 3, 3, 0, 1, 0, 0, 0, 0, 1, 0, 1, 0, 0, 3, 1, 0, 0, 0, 3, 1, 0, 2, 0, 0, 0, 1, 0, 0, 0, 0, 3, 0, 1, 0, 0, 2, 1, 1, 2, 0, 0, 0, 0, 1, 1, 0, 0, 0, 1, 3, 0, 0, 1, 0, 0, 1, 0, 2, 0, 1, 0, 2, 1, 0, 0, 1, 1, 3, 0, 1, 3, 3, 1, 0, 0, 2, 0, 0, 0, 0, 1, 0, 0, 0, 1, 2, 1, 0, 0, 1, 1, 0, 0, 0, 0, 0],790.0808266764368,57926.0831962336,89131.00769295532,false
32,G1_CMAX,G1_CMAX,[31, 22, 82, 15, 26, 99, 95, 42, 77, 12, 47, 5, 93, 78, 86, 54, 21, 63, 18, 44, 20, 35, 43, 97, 91, 76, 10, 30, 85, 45, 71, 64, 1, 23, 17, 83, 24, 14, 60, 36, 6, 57, 40, 88, 65, 56, 79, 94, 67, 68, 46, 75, 38, 9, 19, 32, 41, 81, 27, 87, 90, 58, 59, 11, 16, 72, 73, 70, 39, 37, 84, 3, 92, 25, 55, 48, 62, 29, 51, 96, 33, 61, 98, 28, 89, 50, 4, 7, 53, 80, 52, 66, 34, 49, 8, 0, 74, 69, 2, 13]|[1, 1, 0, 1, 1, 0, 1, 1, 2, 1, 2, 2, 2, 1, 1, 0, 0, 1, 0, 2, 2, 0, 1, 2, 0, 1, 2, 2, 0, 0, 1, 2, 1, 2, 1, 0, 2, 0, 1, 1, 0, 1, 1, 1, 0, 2, 1, 1, 0, 0, 0, 0, 1, 1, 2, 1, 0, 2, 0, 2, 1, 0, 1, 2, 1, 2, 1, 1, 1, 1, 1, 1, 0, 1, 2, 0, 0, 0, 0, 2, 2, 1, 2, 0, 1, 0, 1, 2, 0, 0, 1, 2, 2, 0, 1, 0, 2, 1, 0, 0]|[0, 3, 2, 2, 4, 1, 2, 3, 2, 4, 1, 1, 2, 4, 4, 1, 1, 4, 2, 1, 1, 1, 1, 2, 1, 2, 1, 1, 2, 1, 3, 2, 3, 1, 4, 0, 1, 1, 0, 3, 2, 2, 2, 0, 1, 1, 0, 4, 0, 1, 2, 2, 1, 4, 0, 3, 1, 1, 1, 1, 3, 1, 1, 1, 3, 0, 4, 3, 1, 4, 1, 1, 0, 4, 1, 1, 2, 1, 1, 1, 1, 3, 1, 2, 1, 1, 4, 1, 2, 1, 1, 1, 1, 1, 3, 2, 1, 4, 2, 2]|[0, 2, 1, 1, 3, 0, 1, 3, 0, 0, 0, 0, 1, 0, 1, 0, 0, 3, 1, 0, 0, 0, 3, 1, 0, 2, 0, 0, 0, 1, 0, 0, 0, 0, 3, 0, 1, 0, 0, 2, 1, 1, 1, 0, 0, 0, 0, 2, 1, 0, 0, 0, 1, 3, 0, 0, 0, 0, 0, 0, 2, 0, 1, 0, 2, 1, 0, 0, 1, 1, 3, 1, 1, 3, 0, 0, 1, 0, 0, 0, 0, 0, 0, 1, 1, 0, 0, 0, 1, 0, 1, 0, 0, 1, 2, 0, 0, 2, 0, 0],731.2476204416437,56784.74762275103,92889.2977037672,false
32,G4_BALANCED,G4_BALANCED,[31, 22, 82, 15, 26, 9, 95, 42, 77, 68, 47, 5, 93, 78, 86, 54, 85, 63, 18, 44, 20, 49, 36, 14, 74, 50, 53, 17, 21, 28, 11, 64, 3, 23, 30, 83, 24, 41, 40, 52, 65, 27, 90, 70, 39, 87, 48, 69, 99, 4, 46, 1, 13, 58, 19, 59, 45, 8, 73, 37, 35, 79, 71, 66, 76, 32, 60, 80, 96, 6, 16, 61, 33, 7, 57, 34, 12, 67, 10, 98, 56, 88, 43, 75, 91, 38, 84, 92, 29, 97, 51, 55, 72, 89, 62, 81, 94, 25, 2, 0]|[2, 1, 2, 1, 1, 2, 1, 1, 1, 1, 1, 0, 2, 2, 1, 2, 0, 0, 0, 2, 2, 1, 0, 2, 0, 2, 2, 1, 0, 1, 1, 1, 0, 0, 1, 0, 2, 1, 2, 2, 0, 0, 1, 1, 0, 2, 0, 2, 1, 0, 0, 2, 0, 0, 1, 0, 1, 1, 0, 0, 2, 1, 1, 2, 2, 0, 2, 2, 0, 1, 1, 1, 1, 2, 0, 1, 2, 2, 1, 2, 2, 1, 1, 0, 1, 0, 0, 0, 1, 1, 1, 0, 1, 1, 1, 1, 2, 1, 2, 0]|[0, 3, 0, 3, 4, 1, 4, 4, 2, 4, 3, 2, 1, 0, 2, 1, 1, 1, 2, 1, 1, 3, 0, 1, 0, 1, 1, 4, 1, 4, 3, 2, 2, 0, 4, 1, 1, 4, 1, 1, 2, 1, 4, 4, 1, 1, 0, 2, 3, 2, 2, 1, 2, 1, 4, 2, 4, 3, 0, 2, 2, 3, 3, 1, 1, 2, 1, 1, 2, 4, 3, 3, 4, 1, 2, 4, 1, 1, 3, 1, 1, 4, 4, 2, 3, 2, 2, 2, 3, 4, 3, 2, 4, 4, 3, 4, 1, 4, 1, 2]|[0, 2, 0, 0, 3, 0, 1, 3, 0, 0, 2, 0, 1, 0, 1, 0, 0, 0, 1, 0, 0, 2, 0, 0, 1, 0, 0, 3, 0, 1, 0, 2, 0, 0, 3, 0, 1, 1, 0, 0, 0, 0, 1, 3, 0, 0, 1, 0, 2, 0, 0, 0, 0, 0, 1, 0, 1, 0, 1, 1, 0, 2, 0, 0, 0, 0, 0, 0, 0, 2, 0, 0, 1, 0, 0, 1, 0, 0, 3, 0, 0, 1, 2, 0, 0, 0, 0, 0, 3, 1, 0, 0, 1, 1, 0, 2, 0, 3, 0, 0],895.4424820307752,49465.28389617471,108757.75306130173,false
32,G2_TEC,G2_TEC,[31, 22, 82, 15, 26, 9, 95, 42, 77, 68, 47, 5, 93, 78, 86, 54, 85, 63, 18, 44, 20, 49, 36, 14, 74, 50, 53, 17, 21, 28, 11, 64, 3, 23, 30, 83, 24, 41, 60, 52, 65, 27, 90, 70, 39, 87, 48, 69, 99, 4, 46, 1, 13, 58, 97, 59, 45, 8, 73, 37, 35, 79, 71, 66, 76, 32, 40, 80, 56, 6, 67, 61, 33, 7, 57, 34, 12, 16, 10, 98, 96, 88, 43, 75, 91, 38, 84, 92, 29, 19, 51, 55, 72, 0, 89, 81, 94, 2, 62, 25]|[2, 1, 2, 1, 1, 2, 1, 1, 1, 1, 1, 0, 2, 2, 1, 2, 0, 0, 0, 2, 2, 1, 0, 2, 0, 2, 2, 1, 0, 1, 1, 1, 0, 0, 1, 0, 2, 1, 2, 2, 0, 0, 1, 1, 0, 2, 0, 2, 1, 0, 0, 2, 0, 0, 2, 0, 1, 1, 0, 0, 2, 1, 1, 2, 2, 0, 2, 2, 2, 1, 2, 1, 1, 2, 0, 1, 1, 2, 1, 2, 0, 1, 1, 0, 1, 0, 0, 0, 1, 1, 1, 0, 1, 0, 1, 1, 2, 2, 1, 1]|[0, 3, 0, 3, 4, 1, 4, 4, 2, 4, 3, 2, 1, 0, 2, 1, 1, 1, 2, 1, 1, 3, 0, 1, 0, 1, 1, 4, 1, 4, 3, 2, 2, 0, 4, 1, 1, 4, 1, 1, 2, 1, 4, 4, 1, 1, 0, 2, 3, 2, 2, 1, 2, 1, 1, 2, 4, 3, 0, 2, 2, 3, 3, 1, 1, 2, 1, 1, 1, 4, 1, 3, 4, 1, 2, 4, 3, 1, 3, 1, 2, 4, 4, 2, 3, 2, 2, 2, 3, 4, 3, 2, 4, 2, 4, 4, 1, 1, 3, 4]|[0, 2, 0, 0, 3, 0, 1, 3, 0, 0, 2, 0, 1, 0, 1, 0, 0, 0, 1, 0, 0, 2, 0, 0, 1, 0, 0, 3, 0, 1, 0, 2, 0, 0, 3, 0, 1, 1, 0, 0, 0, 0, 1, 3, 0, 0, 1, 0, 2, 0, 0, 0, 0, 0, 1, 0, 1, 0, 1, 1, 0, 2, 0, 0, 0, 0, 0, 0, 0, 2, 0, 0, 1, 0, 0, 1, 0, 0, 3, 0, 0, 1, 2, 0, 0, 0, 0, 0, 3, 1, 0, 0, 2, 0, 1, 2, 0, 0, 0, 3],908.6830653768391,49416.86411654297,107380.61200184241,false
32,G3_TWC,G3_TWC,[31, 22, 82, 15, 26, 58, 95, 42, 77, 12, 47, 5, 93, 78, 98, 54, 85, 63, 18, 44, 20, 35, 43, 97, 91, 76, 10, 30, 21, 45, 71, 64, 1, 23, 17, 83, 24, 14, 60, 36, 6, 57, 94, 88, 65, 56, 79, 40, 67, 68, 46, 75, 38, 9, 19, 32, 81, 41, 27, 62, 87, 90, 99, 59, 11, 16, 72, 73, 70, 39, 37, 84, 3, 92, 25, 55, 28, 29, 51, 7, 33, 61, 86, 66, 89, 50, 48, 96, 53, 8, 4, 80, 34, 49, 52, 0, 13, 2, 69, 74]|[1, 1, 0, 1, 1, 1, 2, 1, 2, 1, 2, 2, 2, 1, 1, 0, 0, 1, 0, 2, 2, 0, 1, 2, 0, 1, 2, 2, 0, 0, 1, 2, 1, 2, 1, 0, 2, 0, 1, 1, 0, 1, 1, 1, 0, 2, 1, 1, 0, 0, 0, 0, 1, 1, 2, 1, 2, 0, 0, 0, 2, 1, 0, 1, 2, 1, 2, 1, 1, 1, 1, 1, 2, 0, 1, 1, 0, 0, 0, 1, 2, 1, 0, 2, 1, 0, 0, 0, 0, 1, 0, 0, 2, 0, 1, 0, 0, 0, 1, 2]|[4, 3, 2, 2, 0, 0, 2, 2, 2, 4, 1, 1, 2, 4, 4, 1, 1, 4, 2, 1, 1, 1, 1, 2, 1, 2, 1, 1, 1, 1, 3, 2, 3, 0, 4, 0, 1, 1, 0, 3, 2, 2, 4, 0, 1, 1, 0, 2, 0, 1, 2, 2, 1, 4, 0, 3, 2, 1, 1, 2, 1, 3, 1, 1, 1, 3, 0, 4, 3, 1, 4, 1, 1, 2, 4, 4, 2, 1, 1, 3, 1, 3, 1, 1, 1, 1, 1, 1, 2, 3, 2, 1, 1, 1, 1, 2, 2, 2, 3, 1]|[0, 2, 1, 1, 3, 3, 0, 1, 0, 0, 0, 0, 1, 0, 1, 0, 0, 3, 1, 0, 0, 0, 3, 1, 0, 2, 0, 0, 0, 1, 0, 0, 0, 0, 3, 0, 1, 0, 0, 2, 1, 1, 2, 0, 0, 0, 0, 1, 1, 0, 0, 0, 1, 3, 0, 0, 1, 0, 0, 1, 0, 2, 0, 1, 0, 2, 1, 0, 0, 1, 1, 3, 0, 1, 3, 3, 1, 0, 0, 2, 0, 0, 0, 0, 1, 0, 0, 0, 1, 2, 1, 0, 0, 1, 1, 0, 0, 0, 0, 0],790.0808266764368,57926.0831962336,89131.00769295532,false
32,G1_CMAX,G1_CMAX,[31, 22, 82, 15, 26, 99, 95, 42, 77, 12, 47, 5, 93, 78, 86, 54, 21, 63, 18, 44, 20, 35, 43, 97, 91, 76, 10, 30, 85, 45, 71, 64, 1, 23, 17, 83, 24, 14, 60, 36, 6, 57, 40, 88, 65, 56, 79, 94, 67, 68, 46, 75, 38, 9, 19, 32, 41, 81, 27, 87, 90, 58, 59, 11, 16, 72, 73, 70, 39, 37, 84, 3, 92, 25, 55, 48, 62, 29, 51, 96, 33, 61, 98, 28, 89, 50, 4, 7, 53, 80, 52, 66, 34, 49, 8, 0, 74, 69, 2, 13]|[1, 1, 0, 1, 1, 0, 1, 1, 2, 1, 2, 2, 2, 1, 1, 0, 0, 1, 0, 2, 2, 0, 1, 2, 0, 1, 2, 2, 0, 0, 1, 2, 1, 2, 1, 0, 2, 0, 1, 1, 0, 1, 1, 1, 0, 2, 1, 1, 0, 0, 0, 0, 1, 1, 2, 1, 0, 2, 0, 2, 1, 0, 1, 2, 1, 2, 1, 1, 1, 1, 1, 1, 0, 1, 2, 0, 0, 0, 0, 2, 2, 1, 2, 0, 1, 0, 1, 2, 0, 0, 1, 2, 2, 0, 1, 0, 2, 1, 0, 0]|[0, 3, 2, 2, 4, 1, 2, 3, 2, 4, 1, 1, 2, 4, 4, 1, 1, 4, 2, 1, 1, 1, 1, 2, 1, 2, 1, 1, 2, 1, 3, 2, 3, 1, 4, 0, 1, 1, 0, 3, 2, 2, 2, 0, 1, 1, 0, 4, 0, 1, 2, 2, 1, 4, 0, 3, 1, 1, 1, 1, 3, 1, 1, 1, 3, 0, 4, 3, 1, 4, 1, 1, 0, 4, 1, 1, 2, 1, 1, 1, 1, 3, 1, 2, 1, 1, 4, 1, 2, 1, 1, 1, 1, 1, 3, 2, 1, 4, 2, 2]|[0, 2, 1, 1, 3, 0, 1, 3, 0, 0, 0, 0, 1, 0, 1, 0, 0, 3, 1, 0, 0, 0, 3, 1, 0, 2, 0, 0, 0, 1, 0, 0, 0, 0, 3, 0, 1, 0, 0, 2, 1, 1, 1, 0, 0, 0, 0, 2, 1, 0, 0, 0, 1, 3, 0, 0, 0, 0, 0, 0, 2, 0, 1, 0, 2, 1, 0, 0, 1, 1, 3, 1, 1, 3, 0, 0, 1, 0, 0, 0, 0, 0, 0, 1, 1, 0, 0, 0, 1, 0, 1, 0, 0, 1, 2, 0, 0, 2, 0, 0],731.2476204416437,56784.74762275103,92889.2977037672,false
32,G4_BALANCED,G4_BALANCED,[31, 11, 15, 82, 26, 9, 95, 32, 77, 68, 47, 5, 93, 78, 86, 54, 85, 63, 18, 44, 20, 49, 36, 14, 74, 50, 53, 17, 21, 45, 71, 64, 3, 23, 30, 83, 24, 41, 60, 52, 65, 27, 90, 70, 39, 87, 48, 69, 99, 4, 46, 1, 13, 58, 97, 59, 28, 75, 73, 37, 35, 79, 22, 66, 76, 42, 40, 80, 96, 6, 16, 61, 33, 7, 57, 34, 12, 67, 10, 98, 8, 88, 29, 56, 91, 38, 19, 92, 43, 84, 2, 72, 81, 25, 51, 55, 62, 89, 94, 0]|[2, 1, 1, 2, 1, 2, 1, 1, 1, 1, 1, 0, 2, 2, 1, 2, 0, 0, 0, 2, 2, 1, 0, 2, 0, 2, 2, 1, 0, 1, 1, 1, 0, 0, 1, 0, 2, 1, 2, 2, 0, 0, 1, 1, 0, 2, 0, 2, 1, 0, 0, 2, 0, 0, 2, 0, 1, 0, 0, 0, 2, 1, 1, 2, 2, 0, 2, 2, 0, 1, 2, 1, 1, 2, 0, 1, 1, 1, 1, 2, 2, 1, 1, 2, 1, 0, 1, 0, 1, 0, 2, 1, 1, 1, 1, 0, 1, 1, 2, 0]|[1, 3, 2, 0, 4, 1, 4, 4, 2, 4, 3, 2, 1, 0, 2, 1, 1, 1, 2, 1, 1, 3, 0, 1, 0, 1, 1, 4, 1, 4, 3, 2, 2, 0, 4, 1, 1, 4, 0, 1, 2, 1, 4, 4, 1, 1, 0, 2, 3, 2, 2, 1, 2, 1, 1, 2, 4, 2, 0, 2, 2, 3, 3, 0, 1, 2, 1, 1, 2, 4, 1, 3, 4, 1, 2, 4, 3, 3, 3, 1, 1, 4, 3, 1, 3, 2, 4, 2, 4, 2, 1, 4, 1, 4, 3, 2, 3, 4, 1, 2]|[1, 2, 1, 0, 3, 0, 1, 3, 0, 0, 2, 0, 1, 0, 1, 0, 0, 0, 1, 0, 0, 2, 0, 0, 1, 0, 0, 3, 0, 1, 0, 2, 0, 1, 3, 0, 1, 3, 1, 0, 0, 0, 1, 3, 0, 0, 1, 0, 2, 0, 0, 0, 0, 0, 1, 0, 1, 0, 1, 1, 0, 2, 0, 0, 0, 0, 0, 0, 0, 2, 0, 0, 1, 0, 0, 1, 0, 0, 3, 0, 0, 1, 0, 0, 0, 0, 3, 0, 2, 0, 0, 2, 1, 3, 0, 0, 0, 1, 0, 0],853.9586631816869,51686.521742419325,106121.17870986674,false
32,G2_TEC,G2_TEC,[31, 22, 82, 15, 26, 9, 95, 42, 77, 68, 47, 5, 93, 78, 86, 54, 85, 63, 18, 44, 20, 49, 36, 14, 74, 50, 53, 17, 21, 28, 11, 64, 3, 23, 30, 83, 24, 41, 60, 52, 65, 27, 90, 70, 39, 87, 48, 69, 99, 4, 46, 1, 13, 58, 97, 59, 45, 8, 73, 37, 35, 79, 71, 66, 76, 32, 40, 80, 56, 6, 67, 61, 12, 7, 57, 34, 33, 16, 10, 98, 96, 88, 43, 75, 91, 38, 84, 92, 29, 19, 51, 55, 72, 89, 25, 81, 94, 2, 62, 0]|[2, 1, 2, 1, 1, 2, 1, 1, 1, 1, 1, 0, 2, 2, 1, 2, 0, 0, 0, 2, 2, 1, 0, 2, 0, 2, 2, 1, 0, 1, 1, 1, 0, 0, 1, 0, 2, 1, 2, 2, 0, 0, 1, 1, 0, 2, 0, 2, 1, 0, 0, 2, 0, 0, 2, 0, 1, 1, 0, 0, 2, 1, 1, 2, 2, 0, 2, 2, 2, 1, 2, 1, 1, 2, 0, 1, 1, 2, 1, 2, 0, 1, 1, 0, 1, 0, 0, 0, 1, 1, 1, 0, 1, 1, 1, 1, 2, 2, 1, 0]|[0, 3, 0, 3, 4, 1, 4, 4, 2, 4, 3, 2, 1, 0, 2, 1, 1, 1, 2, 1, 1, 3, 0, 1, 0, 1, 1, 4, 1, 4, 3, 2, 2, 0, 4, 1, 1, 4, 1, 1, 2, 1, 4, 4, 1, 1, 0, 2, 3, 2, 2, 1, 2, 1, 1, 2, 4, 3, 0, 2, 2, 3, 3, 1, 1, 2, 1, 1, 1, 4, 1, 3, 3, 1, 2, 4, 4, 1, 3, 1, 2, 4, 4, 2, 3, 2, 2, 2, 3, 4, 3, 2, 4, 4, 4, 4, 1, 1, 3, 2]|[0, 2, 0, 0, 3, 0, 1, 3, 0, 0, 2, 0, 1, 0, 1, 0, 0, 0, 1, 0, 0, 2, 0, 0, 1, 0, 0, 3, 0, 1, 0, 2, 0, 0, 3, 0, 1, 1, 0, 0, 0, 0, 1, 3, 0, 0, 1, 0, 2, 0, 0, 0, 0, 0, 1, 0, 1, 0, 1, 1, 0, 2, 0, 0, 0, 0, 0, 0, 0, 2, 0, 0, 0, 0, 0, 1, 1, 0, 3, 0, 0, 1, 2, 0, 0, 0, 0, 0, 3, 1, 0, 0, 2, 1, 3, 2, 0, 0, 0, 0],908.6830653768391,49415.2661194787,107289.49159059927,false
32,G3_TWC,G3_TWC,[31, 22, 82, 15, 26, 58, 95, 42, 77, 12, 47, 5, 93, 78, 98, 54, 85, 63, 18, 44, 20, 35, 43, 97, 91, 76, 10, 30, 21, 45, 71, 64, 1, 23, 17, 83, 24, 14, 60, 36, 6, 57, 94, 88, 65, 56, 79, 40, 67, 68, 46, 75, 38, 9, 19, 32, 81, 41, 27, 62, 87, 90, 99, 59, 11, 16, 72, 73, 70, 39, 37, 84, 3, 92, 25, 55, 28, 29, 51, 7, 33, 61, 86, 66, 89, 50, 48, 96, 53, 8, 4, 80, 34, 49, 52, 0, 13, 2, 69, 74]|[1, 1, 0, 1, 1, 1, 2, 1, 2, 1, 2, 2, 2, 1, 1, 0, 0, 1, 0, 2, 2, 0, 1, 2, 0, 1, 2, 2, 0, 0, 1, 2, 1, 2, 1, 0, 2, 0, 1, 1, 0, 1, 1, 1, 0, 2, 1, 1, 0, 0, 0, 0, 1, 1, 2, 1, 2, 0, 0, 0, 2, 1, 0, 1, 2, 1, 2, 1, 1, 1, 1, 1, 2, 0, 1, 1, 0, 0, 0, 1, 2, 1, 0, 2, 1, 0, 0, 0, 0, 1, 0, 0, 2, 0, 1, 0, 0, 0, 1, 2]|[4, 3, 2, 2, 0, 0, 2, 2, 2, 4, 1, 1, 2, 4, 4, 1, 1, 4, 2, 1, 1, 1, 1, 2, 1, 2, 1, 1, 1, 1, 3, 2, 3, 0, 4, 0, 1, 1, 0, 3, 2, 2, 4, 0, 1, 1, 0, 2, 0, 1, 2, 2, 1, 4, 0, 3, 2, 1, 1, 2, 1, 3, 1, 1, 1, 3, 0, 4, 3, 1, 4, 1, 1, 2, 4, 4, 2, 1, 1, 3, 1, 3, 1, 1, 1, 1, 1, 1, 2, 3, 2, 1, 1, 1, 1, 2, 2, 2, 3, 1]|[0, 2, 1, 1, 3, 3, 0, 1, 0, 0, 0, 0, 1, 0, 1, 0, 0, 3, 1, 0, 0, 0, 3, 1, 0, 2, 0, 0, 0, 1, 0, 0, 0, 0, 3, 0, 1, 0, 0, 2, 1, 1, 2, 0, 0, 0, 0, 1, 1, 0, 0, 0, 1, 3, 0, 0, 1, 0, 0, 1, 0, 2, 0, 1, 0, 2, 1, 0, 0, 1, 1, 3, 0, 1, 3, 3, 1, 0, 0, 2, 0, 0, 0, 0, 1, 0, 0, 0, 1, 2, 1, 0, 0, 1, 1, 0, 0, 0, 0, 0],790.0808266764368,57926.0831962336,89131.00769295532,false
32,G1_CMAX,G1_CMAX,[31, 22, 82, 15, 26, 99, 95, 42, 77, 12, 47, 5, 93, 78, 86, 54, 21, 63, 18, 44, 20, 35, 43, 97, 91, 76, 10, 30, 85, 45, 71, 64, 1, 23, 17, 83, 24, 14, 60, 36, 6, 57, 40, 88, 65, 56, 79, 94, 67, 68, 46, 75, 38, 9, 19, 32, 41, 81, 27, 87, 90, 58, 59, 11, 16, 72, 73, 70, 39, 37, 84, 3, 92, 25, 55, 48, 62, 29, 51, 96, 33, 61, 98, 28, 89, 50, 4, 7, 53, 80, 52, 66, 34, 49, 8, 0, 74, 69, 2, 13]|[1, 1, 0, 1, 1, 0, 1, 1, 2, 1, 2, 2, 2, 1, 1, 0, 0, 1, 0, 2, 2, 0, 1, 2, 0, 1, 2, 2, 0, 0, 1, 2, 1, 2, 1, 0, 2, 0, 1, 1, 0, 1, 1, 1, 0, 2, 1, 1, 0, 0, 0, 0, 1, 1, 2, 1, 0, 2, 0, 2, 1, 0, 1, 2, 1, 2, 1, 1, 1, 1, 1, 1, 0, 1, 2, 0, 0, 0, 0, 2, 2, 1, 2, 0, 1, 0, 1, 2, 0, 0, 1, 2, 2, 0, 1, 0, 2, 1, 0, 0]|[0, 3, 2, 2, 4, 1, 2, 3, 2, 4, 1, 1, 2, 4, 4, 1, 1, 4, 2, 1, 1, 1, 1, 2, 1, 2, 1, 1, 2, 1, 3, 2, 3, 1, 4, 0, 1, 1, 0, 3, 2, 2, 2, 0, 1, 1, 0, 4, 0, 1, 2, 2, 1, 4, 0, 3, 1, 1, 1, 1, 3, 1, 1, 1, 3, 0, 4, 3, 1, 4, 1, 1, 0, 4, 1, 1, 2, 1, 1, 1, 1, 3, 1, 2, 1, 1, 4, 1, 2, 1, 1, 1, 1, 1, 3, 2, 1, 4, 2, 2]|[0, 2, 1, 1, 3, 0, 1, 3, 0, 0, 0, 0, 1, 0, 1, 0, 0, 3, 1, 0, 0, 0, 3, 1, 0, 2, 0, 0, 0, 1, 0, 0, 0, 0, 3, 0, 1, 0, 0, 2, 1, 1, 1, 0, 0, 0, 0, 2, 1, 0, 0, 0, 1, 3, 0, 0, 0, 0, 0, 0, 2, 0, 1, 0, 2, 1, 0, 0, 1, 1, 3, 1, 1, 3, 0, 0, 1, 0, 0, 0, 0, 0, 0, 1, 1, 0, 0, 0, 1, 0, 1, 0, 0, 1, 2, 0, 0, 2, 0, 0],731.2476204416437,56784.74762275103,92889.2977037672,false
32,G4_BALANCED,G4_BALANCED,[31, 11, 15, 82, 26, 9, 95, 32, 77, 68, 47, 5, 93, 78, 86, 54, 85, 63, 18, 44, 20, 49, 36, 14, 74, 50, 53, 17, 21, 45, 71, 64, 3, 23, 30, 83, 24, 41, 60, 52, 65, 27, 90, 70, 39, 87, 48, 69, 99, 4, 46, 1, 13, 58, 97, 59, 28, 75, 73, 37, 35, 79, 22, 66, 76, 42, 40, 80, 96, 6, 16, 61, 33, 7, 57, 34, 12, 67, 10, 98, 8, 88, 29, 56, 91, 38, 19, 92, 43, 84, 2, 72, 81, 25, 51, 55, 62, 89, 94, 0]|[2, 1, 1, 2, 1, 2, 1, 1, 1, 1, 1, 0, 2, 2, 1, 2, 0, 0, 0, 2, 2, 1, 0, 2, 0, 2, 2, 1, 0, 1, 1, 1, 0, 0, 1, 0, 2, 1, 2, 2, 0, 0, 1, 1, 0, 2, 0, 2, 1, 0, 0, 2, 0, 0, 2, 0, 1, 0, 0, 0, 2, 1, 1, 2, 2, 0, 2, 2, 0, 1, 2, 1, 1, 2, 0, 1, 1, 1, 1, 2, 2, 1, 1, 2, 1, 0, 1, 0, 1, 0, 2, 1, 1, 1, 1, 0, 1, 1, 2, 0]|[1, 3, 2, 0, 4, 1, 4, 4, 2, 4, 3, 2, 1, 0, 2, 1, 1, 1, 2, 1, 1, 3, 0, 1, 0, 1, 1, 4, 1, 4, 3, 2, 2, 0, 4, 1, 1, 4, 0, 1, 2, 1, 4, 4, 1, 1, 0, 2, 3, 2, 2, 1, 2, 1, 1, 2, 4, 2, 0, 2, 2, 3, 3, 0, 1, 2, 1, 1, 2, 4, 1, 3, 4, 1, 2, 4, 3, 3, 3, 1, 1, 4, 3, 1, 3, 2, 4, 2, 4, 2, 1, 4, 1, 4, 3, 2, 3, 4, 1, 2]|[1, 2, 1, 0, 3, 0, 1, 3, 0, 0, 2, 0, 1, 0, 1, 0, 0, 0, 1, 0, 0, 2, 0, 0, 1, 0, 0, 3, 0, 1, 0, 2, 0, 1, 3, 0, 1, 3, 1, 0, 0, 0, 1, 3, 0, 0, 1, 0, 2, 0, 0, 0, 0, 0, 1, 0, 1, 0, 1, 1, 0, 2, 0, 0, 0, 0, 0, 0, 0, 2, 0, 0, 1, 0, 0, 1, 0, 0, 3, 0, 0, 1, 0, 0, 0, 0, 3, 0, 2, 0, 0, 2, 1, 3, 0, 0, 0, 1, 0, 0],853.9586631816869,51686.521742419325,106121.17870986674,false
32,G2_TEC,G2_TEC,[31, 22, 82, 15, 26, 9, 95, 42, 77, 68, 47, 5, 93, 78, 86, 54, 85, 63, 18, 44, 20, 49, 36, 14, 74, 50, 53, 17, 21, 28, 11, 64, 3, 23, 30, 83, 24, 41, 60, 52, 65, 27, 90, 70, 39, 87, 48, 69, 99, 4, 46, 1, 13, 58, 97, 59, 45, 8, 73, 37, 35, 79, 71, 66, 76, 32, 40, 80, 56, 6, 67, 61, 12, 7, 57, 34, 33, 16, 10, 98, 96, 88, 43, 75, 91, 38, 84, 92, 29, 19, 51, 55, 72, 89, 25, 81, 94, 2, 62, 0]|[2, 1, 2, 1, 1, 2, 1, 1, 1, 1, 1, 0, 2, 2, 1, 2, 0, 0, 0, 2, 2, 1, 0, 2, 0, 2, 2, 1, 0, 1, 1, 1, 0, 0, 1, 0, 2, 1, 2, 2, 0, 0, 1, 1, 0, 2, 0, 2, 1, 0, 0, 2, 0, 0, 2, 0, 1, 1, 0, 0, 2, 1, 1, 2, 2, 0, 2, 2, 2, 1, 2, 1, 1, 2, 0, 1, 1, 2, 1, 2, 0, 1, 1, 0, 1, 0, 0, 0, 1, 1, 1, 0, 1, 1, 1, 1, 2, 2, 1, 0]|[0, 3, 0, 3, 4, 1, 4, 4, 2, 4, 3, 2, 1, 0, 2, 1, 1, 1, 2, 1, 1, 3, 0, 1, 0, 1, 1, 4, 1, 4, 3, 2, 2, 0, 4, 1, 1, 4, 1, 1, 2, 1, 4, 4, 1, 1, 0, 2, 3, 2, 2, 1, 2, 1, 1, 2, 4, 3, 0, 2, 2, 3, 3, 1, 1, 2, 1, 1, 1, 4, 1, 3, 3, 1, 2, 4, 4, 1, 3, 1, 2, 4, 4, 2, 3, 2, 2, 2, 3, 4, 3, 2, 4, 4, 4, 4, 1, 1, 3, 2]|[0, 2, 0, 0, 3, 0, 1, 3, 0, 0, 2, 0, 1, 0, 1, 0, 0, 0, 1, 0, 0, 2, 0, 0, 1, 0, 0, 3, 0, 1, 0, 2, 0, 0, 3, 0, 1, 1, 0, 0, 0, 0, 1, 3, 0, 0, 1, 0, 2, 0, 0, 0, 0, 0, 1, 0, 1, 0, 1, 1, 0, 2, 0, 0, 0, 0, 0, 0, 0, 2, 0, 0, 0, 0, 0, 1, 1, 0, 3, 0, 0, 1, 2, 0, 0, 0, 0, 0, 3, 1, 0, 0, 2, 1, 3, 2, 0, 0, 0, 0],908.6830653768391,49415.2661194787,107289.49159059927,false
32,G3_TWC,G4_BALANCED,[31, 22, 82, 15, 26, 58, 95, 42, 77, 12, 47, 5, 30, 78, 86, 54, 85, 63, 18, 44, 20, 35, 43, 97, 91, 76, 10, 93, 21, 45, 71, 64, 1, 23, 17, 83, 24, 14, 60, 36, 6, 57, 40, 88, 65, 56, 79, 94, 67, 68, 46, 75, 38, 9, 19, 32, 81, 41, 27, 62, 90, 99, 59, 87, 11, 66, 73, 70, 39, 37, 84, 3, 72, 92, 25, 55, 28, 29, 51, 7, 16, 61, 98, 48, 89, 50, 4, 96, 53, 80, 8, 33, 34, 49, 52, 0, 13, 2, 69, 74]|[1, 1, 0, 1, 1, 0, 1, 2, 2, 1, 2, 2, 2, 1, 1, 0, 0, 1, 0, 2, 2, 0, 0, 2, 0, 1, 2, 2, 0, 0, 1, 2, 1, 2, 1, 0, 2, 0, 1, 1, 0, 1, 1, 1, 0, 2, 1, 1, 0, 0, 0, 0, 1, 1, 2, 1, 2, 0, 0, 2, 1, 0, 1, 2, 2, 2, 1, 1, 1, 1, 1, 1, 2, 0, 1, 1, 0, 0, 0, 1, 2, 1, 2, 0, 1, 0, 1, 2, 0, 0, 0, 2, 2, 0, 1, 0, 0, 0, 1, 2]|[4, 3, 2, 2, 4, 1, 2, 2, 2, 4, 1, 1, 2, 4, 4, 1, 2, 4, 2, 1, 1, 1, 1, 2, 1, 2, 1, 1, 2, 1, 3, 2, 3, 1, 4, 0, 1, 1, 0, 3, 2, 2, 2, 0, 1, 1, 0, 4, 0, 1, 2, 2, 1, 4, 0, 3, 2, 1, 1, 1, 3, 1, 1, 1, 1, 1, 4, 3, 1, 4, 1, 1, 1, 0, 4, 4, 2, 2, 1, 1, 1, 3, 1, 1, 1, 1, 4, 1, 2, 1, 1, 1, 1, 1, 1, 2, 2, 2, 4, 1]|[0, 2, 1, 1, 3, 0, 1, 0, 0, 0, 0, 0, 1, 0, 1, 0, 0, 3, 1, 0, 0, 0, 0, 1, 0, 2, 0, 0, 0, 1, 0, 0, 0, 0, 3, 0, 1, 0, 0, 2, 1, 1, 1, 0, 0, 0, 0, 2, 1, 0, 0, 0, 1, 3, 0, 0, 1, 0, 0, 0, 2, 0, 1, 0, 0, 0, 0, 0, 1, 1, 3, 1, 0, 1, 3, 3, 1, 0, 0, 2, 0, 0, 0, 0, 1, 0, 0, 0, 1, 0, 0, 0, 0, 1, 1, 0, 0, 0, 2, 0],780.1204793587376,55381.14930119356,97957.80477469892,true
32,G1_CMAX,G1_CMAX,[31, 22, 82, 15, 26, 99, 95, 42, 77, 12, 47, 5, 93, 78, 86, 54, 21, 63, 18, 44, 20, 35, 43, 97, 91, 76, 10, 30, 85, 45, 71, 64, 1, 23, 17, 83, 24, 14, 60, 36, 6, 57, 40, 88, 65, 56, 79, 94, 67, 68, 46, 75, 38, 9, 19, 32, 41, 81, 27, 87, 90, 58, 59, 11, 16, 72, 73, 70, 39, 37, 84, 3, 92, 25, 55, 48, 62, 29, 51, 96, 33, 61, 98, 28, 89, 50, 4, 7, 53, 80, 52, 66, 34, 49, 8, 0, 74, 69, 2, 13]|[1, 1, 0, 1, 1, 0, 1, 1, 2, 1, 2, 2, 2, 1, 1, 0, 0, 1, 0, 2, 2, 0, 1, 2, 0, 1, 2, 2, 0, 0, 1, 2, 1, 2, 1, 0, 2, 0, 1, 1, 0, 1, 1, 1, 0, 2, 1, 1, 0, 0, 0, 0, 1, 1, 2, 1, 0, 2, 0, 2, 1, 0, 1, 2, 1, 2, 1, 1, 1, 1, 1, 1, 0, 1, 2, 0, 0, 0, 0, 2, 2, 1, 2, 0, 1, 0, 1, 2, 0, 0, 1, 2, 2, 0, 1, 0, 2, 1, 0, 0]|[0, 3, 2, 2, 4, 1, 2, 3, 2, 4, 1, 1, 2, 4, 4, 1, 1, 4, 2, 1, 1, 1, 1, 2, 1, 2, 1, 1, 2, 1, 3, 2, 3, 1, 4, 0, 1, 1, 0, 3, 2, 2, 2, 0, 1, 1, 0, 4, 0, 1, 2, 2, 1, 4, 0, 3, 1, 1, 1, 1, 3, 1, 1, 1, 3, 0, 4, 3, 1, 4, 1, 1, 0, 4, 1, 1, 2, 1, 1, 1, 1, 3, 1, 2, 1, 1, 4, 1, 2, 1, 1, 1, 1, 1, 3, 2, 1, 4, 2, 2]|[0, 2, 1, 1, 3, 0, 1, 3, 0, 0, 0, 0, 1, 0, 1, 0, 0, 3, 1, 0, 0, 0, 3, 1, 0, 2, 0, 0, 0, 1, 0, 0, 0, 0, 3, 0, 1, 0, 0, 2, 1, 1, 1, 0, 0, 0, 0, 2, 1, 0, 0, 0, 1, 3, 0, 0, 0, 0, 0, 0, 2, 0, 1, 0, 2, 1, 0, 0, 1, 1, 3, 1, 1, 3, 0, 0, 1, 0, 0, 0, 0, 0, 0, 1, 1, 0, 0, 0, 1, 0, 1, 0, 0, 1, 2, 0, 0, 2, 0, 0],731.2476204416437,56784.74762275103,92889.2977037672,false
32,G4_BALANCED,G4_BALANCED,[31, 11, 15, 82, 26, 9, 95, 32, 77, 68, 47, 5, 93, 78, 86, 54, 85, 63, 18, 44, 20, 49, 36, 14, 74, 50, 53, 17, 21, 45, 71, 64, 3, 23, 30, 83, 24, 41, 60, 52, 65, 27, 90, 70, 39, 87, 48, 69, 99, 4, 46, 1, 13, 58, 97, 59, 28, 75, 73, 37, 35, 79, 22, 66, 76, 42, 40, 80, 96, 6, 16, 61, 33, 7, 57, 34, 12, 67, 10, 98, 8, 88, 29, 56, 91, 38, 19, 92, 43, 84, 2, 72, 81, 25, 51, 55, 62, 89, 94, 0]|[2, 1, 1, 2, 1, 2, 1, 1, 1, 1, 1, 0, 2, 2, 1, 2, 0, 0, 0, 2, 2, 1, 0, 2, 0, 2, 2, 1, 0, 1, 1, 1, 0, 0, 1, 0, 2, 1, 2, 2, 0, 0, 1, 1, 0, 2, 0, 2, 1, 0, 0, 2, 0, 0, 2, 0, 1, 0, 0, 0, 2, 1, 1, 2, 2, 0, 2, 2, 0, 1, 2, 1, 1, 2, 0, 1, 1, 1, 1, 2, 2, 1, 1, 2, 1, 0, 1, 0, 1, 0, 2, 1, 1, 1, 1, 0, 1, 1, 2, 0]|[1, 3, 2, 0, 4, 1, 4, 4, 2, 4, 3, 2, 1, 0, 2, 1, 1, 1, 2, 1, 1, 3, 0, 1, 0, 1, 1, 4, 1, 4, 3, 2, 2, 0, 4, 1, 1, 4, 0, 1, 2, 1, 4, 4, 1, 1, 0, 2, 3, 2, 2, 1, 2, 1, 1, 2, 4, 2, 0, 2, 2, 3, 3, 0, 1, 2, 1, 1, 2, 4, 1, 3, 4, 1, 2, 4, 3, 3, 3, 1, 1, 4, 3, 1, 3, 2, 4, 2, 4, 2, 1, 4, 1, 4, 3, 2, 3, 4, 1, 2]|[1, 2, 1, 0, 3, 0, 1, 3, 0, 0, 2, 0, 1, 0, 1, 0, 0, 0, 1, 0, 0, 2, 0, 0, 1, 0, 0, 3, 0, 1, 0, 2, 0, 1, 3, 0, 1, 3, 1, 0, 0, 0, 1, 3, 0, 0, 1, 0, 2, 0, 0, 0, 0, 0, 1, 0, 1, 0, 1, 1, 0, 2, 0, 0, 0, 0, 0, 0, 0, 2, 0, 0, 1, 0, 0, 1, 0, 0, 3, 0, 0, 1, 0, 0, 0, 0, 3, 0, 2, 0, 0, 2, 1, 3, 0, 0, 0, 1, 0, 0],853.9586631816869,51686.521742419325,106121.17870986674,false
32,G2_TEC,G2_TEC,[31, 22, 82, 15, 26, 9, 95, 42, 77, 68, 47, 5, 93, 78, 86, 54, 85, 63, 18, 44, 20, 49, 36, 14, 74, 50, 53, 17, 21, 28, 11, 64, 3, 23, 30, 83, 24, 41, 60, 52, 65, 27, 90, 70, 39, 87, 48, 69, 99, 4, 46, 1, 13, 58, 97, 59, 45, 8, 73, 37, 35, 79, 71, 66, 76, 32, 40, 80, 56, 6, 67, 61, 12, 7, 57, 34, 33, 16, 10, 98, 96, 88, 43, 75, 91, 38, 84, 92, 29, 19, 51, 55, 72, 89, 25, 81, 94, 2, 62, 0]|[2, 1, 2, 1, 1, 2, 1, 1, 1, 1, 1, 0, 2, 2, 1, 2, 0, 0, 0, 2, 2, 1, 0, 2, 0, 2, 2, 1, 0, 1, 1, 1, 0, 0, 1, 0, 2, 1, 2, 2, 0, 0, 1, 1, 0, 2, 0, 2, 1, 0, 0, 2, 0, 0, 2, 0, 1, 1, 0, 0, 2, 1, 1, 2, 2, 0, 2, 2, 2, 1, 2, 1, 1, 2, 0, 1, 1, 2, 1, 2, 0, 1, 1, 0, 1, 0, 0, 0, 1, 1, 1, 0, 1, 1, 1, 1, 2, 2, 1, 0]|[0, 3, 0, 3, 4, 1, 4, 4, 2, 4, 3, 2, 1, 0, 2, 1, 1, 1, 2, 1, 1, 3, 0, 1, 0, 1, 1, 4, 1, 4, 3, 2, 2, 0, 4, 1, 1, 4, 1, 1, 2, 1, 4, 4, 1, 1, 0, 2, 3, 2, 2, 1, 2, 1, 1, 2, 4, 3, 0, 2, 2, 3, 3, 1, 1, 2, 1, 1, 1, 4, 1, 3, 3, 1, 2, 4, 4, 1, 3, 1, 2, 4, 4, 2, 3, 2, 2, 2, 3, 4, 3, 2, 4, 4, 4, 4, 1, 1, 3, 2]|[0, 2, 0, 0, 3, 0, 1, 3, 0, 0, 2, 0, 1, 0, 1, 0, 0, 0, 1, 0, 0, 2, 0, 0, 1, 0, 0, 3, 0, 1, 0, 2, 0, 0, 3, 0, 1, 1, 0, 0, 0, 0, 1, 3, 0, 0, 1, 0, 2, 0, 0, 0, 0, 0, 1, 0, 1, 0, 1, 1, 0, 2, 0, 0, 0, 0, 0, 0, 0, 2, 0, 0, 0, 0, 0, 1, 1, 0, 3, 0, 0, 1, 2, 0, 0, 0, 0, 0, 3, 1, 0, 0, 2, 1, 3, 2, 0, 0, 0, 0],908.6830653768391,49415.2661194787,107289.49159059927,false
32,G3_TWC,G4_BALANCED,[31, 22, 82, 15, 26, 58, 95, 42, 77, 12, 47, 5, 30, 78, 86, 54, 85, 63, 18, 44, 20, 35, 43, 97, 91, 76, 10, 93, 21, 45, 71, 64, 1, 23, 17, 83, 24, 14, 60, 36, 6, 57, 40, 88, 65, 56, 79, 94, 67, 68, 46, 75, 38, 9, 19, 32, 81, 41, 27, 62, 90, 99, 59, 87, 11, 66, 73, 70, 39, 37, 84, 3, 72, 92, 25, 55, 28, 29, 51, 7, 16, 61, 98, 48, 89, 50, 4, 96, 53, 80, 8, 33, 34, 49, 52, 0, 13, 2, 69, 74]|[1, 1, 0, 1, 1, 0, 1, 2, 2, 1, 2, 2, 2, 1, 1, 0, 0, 1, 0, 2, 2, 0, 0, 2, 0, 1, 2, 2, 0, 0, 1, 2, 1, 2, 1, 0, 2, 0, 1, 1, 0, 1, 1, 1, 0, 2, 1, 1, 0, 0, 0, 0, 1, 1, 2, 1, 2, 0, 0, 2, 1, 0, 1, 2, 2, 2, 1, 1, 1, 1, 1, 1, 2, 0, 1, 1, 0, 0, 0, 1, 2, 1, 2, 0, 1, 0, 1, 2, 0, 0, 0, 2, 2, 0, 1, 0, 0, 0, 1, 2]|[4, 3, 2, 2, 4, 1, 2, 2, 2, 4, 1, 1, 2, 4, 4, 1, 2, 4, 2, 1, 1, 1, 1, 2, 1, 2, 1, 1, 2, 1, 3, 2, 3, 1, 4, 0, 1, 1, 0, 3, 2, 2, 2, 0, 1, 1, 0, 4, 0, 1, 2, 2, 1, 4, 0, 3, 2, 1, 1, 1, 3, 1, 1, 1, 1, 1, 4, 3, 1, 4, 1, 1, 1, 0, 4, 4, 2, 2, 1, 1, 1, 3, 1, 1, 1, 1, 4, 1, 2, 1, 1, 1, 1, 1, 1, 2, 2, 2, 4, 1]|[0, 2, 1, 1, 3, 0, 1, 0, 0, 0, 0, 0, 1, 0, 1, 0, 0, 3, 1, 0, 0, 0, 0, 1, 0, 2, 0, 0, 0, 1, 0, 0, 0, 0, 3, 0, 1, 0, 0, 2, 1, 1, 1, 0, 0, 0, 0, 2, 1, 0, 0, 0, 1, 3, 0, 0, 1, 0, 0, 0, 2, 0, 1, 0, 0, 0, 0, 0, 1, 1, 3, 1, 0, 1, 3, 3, 1, 0, 0, 2, 0, 0, 0, 0, 1, 0, 0, 0, 1, 0, 0, 0, 0, 1, 1, 0, 0, 0, 2, 0],780.1204793587376,55381.14930119356,97957.80477469892,true
32,G1_CMAX,G1_CMAX,[31, 22, 82, 15, 26, 99, 95, 42, 77, 12, 47, 5, 93, 78, 86, 54, 21, 63, 18, 44, 20, 35, 43, 97, 91, 76, 10, 30, 85, 45, 71, 64, 1, 23, 17, 83, 24, 14, 60, 36, 6, 57, 40, 88, 65, 56, 79, 94, 67, 68, 46, 75, 38, 9, 19, 32, 41, 81, 27, 87, 90, 58, 59, 11, 16, 72, 73, 70, 39, 37, 84, 3, 92, 25, 55, 48, 62, 29, 51, 96, 33, 61, 98, 28, 89, 50, 4, 7, 53, 80, 52, 66, 34, 49, 8, 0, 74, 69, 2, 13]|[1, 1, 0, 1, 1, 0, 1, 1, 2, 1, 2, 2, 2, 1, 1, 0, 0, 1, 0, 2, 2, 0, 1, 2, 0, 1, 2, 2, 0, 0, 1, 2, 1, 2, 1, 0, 2, 0, 1, 1, 0, 1, 1, 1, 0, 2, 1, 1, 0, 0, 0, 0, 1, 1, 2, 1, 0, 2, 0, 2, 1, 0, 1, 2, 1, 2, 1, 1, 1, 1, 1, 1, 0, 1, 2, 0, 0, 0, 0, 2, 2, 1, 2, 0, 1, 0, 1, 2, 0, 0, 1, 2, 2, 0, 1, 0, 2, 1, 0, 0]|[0, 3, 2, 2, 4, 1, 2, 3, 2, 4, 1, 1, 2, 4, 4, 1, 1, 4, 2, 1, 1, 1, 1, 2, 1, 2, 1, 1, 2, 1, 3, 2, 3, 1, 4, 0, 1, 1, 0, 3, 2, 2, 2, 0, 1, 1, 0, 4, 0, 1, 2, 2, 1, 4, 0, 3, 1, 1, 1, 1, 3, 1, 1, 1, 3, 0, 4, 3, 1, 4, 1, 1, 0, 4, 1, 1, 2, 1, 1, 1, 1, 3, 1, 2, 1, 1, 4, 1, 2, 1, 1, 1, 1, 1, 3, 2, 1, 4, 2, 2]|[0, 2, 1, 1, 3, 0, 1, 3, 0, 0, 0, 0, 1, 0, 1, 0, 0, 3, 1, 0, 0, 0, 3, 1, 0, 2, 0, 0, 0, 1, 0, 0, 0, 0, 3, 0, 1, 0, 0, 2, 1, 1, 1, 0, 0, 0, 0, 2, 1, 0, 0, 0, 1, 3, 0, 0, 0, 0, 0, 0, 2, 0, 1, 0, 2, 1, 0, 0, 1, 1, 3, 1, 1, 3, 0, 0, 1, 0, 0, 0, 0, 0, 0, 1, 1, 0, 0, 0, 1, 0, 1, 0, 0, 1, 2, 0, 0, 2, 0, 0],731.2476204416437,56784.74762275103,92889.2977037672,false
32,G4_BALANCED,G4_BALANCED,[31, 11, 15, 82, 26, 9, 95, 32, 77, 68, 47, 5, 93, 78, 86, 54, 85, 63, 18, 44, 20, 49, 36, 14, 74, 50, 53, 17, 21, 45, 71, 64, 3, 23, 30, 83, 24, 41, 60, 52, 65, 27, 90, 70, 39, 87, 48, 69, 99, 4, 46, 1, 13, 58, 97, 59, 28, 75, 73, 37, 35, 79, 22, 66, 76, 42, 40, 80, 96, 6, 16, 61, 33, 7, 57, 34, 12, 67, 10, 98, 8, 88, 29, 56, 91, 38, 19, 92, 43, 84, 2, 72, 81, 25, 51, 55, 62, 89, 94, 0]|[2, 1, 1, 2, 1, 2, 1, 1, 1, 1, 1, 0, 2, 2, 1, 2, 0, 0, 0, 2, 2, 1, 0, 2, 0, 2, 2, 1, 0, 1, 1, 1, 0, 0, 1, 0, 2, 1, 2, 2, 0, 0, 1, 1, 0, 2, 0, 2, 1, 0, 0, 2, 0, 0, 2, 0, 1, 0, 0, 0, 2, 1, 1, 2, 2, 0, 2, 2, 0, 1, 2, 1, 1, 2, 0, 1, 1, 1, 1, 2, 2, 1, 1, 2, 1, 0, 1, 0, 1, 0, 2, 1, 1, 1, 1, 0, 1, 1, 2, 0]|[1, 3, 2, 0, 4, 1, 4, 4, 2, 4, 3, 2, 1, 0, 2, 1, 1, 1, 2, 1, 1, 3, 0, 1, 0, 1, 1, 4, 1, 4, 3, 2, 2, 0, 4, 1, 1, 4, 0, 1, 2, 1, 4, 4, 1, 1, 0, 2, 3, 2, 2, 1, 2, 1, 1, 2, 4, 2, 0, 2, 2, 3, 3, 0, 1, 2, 1, 1, 2, 4, 1, 3, 4, 1, 2, 4, 3, 3, 3, 1, 1, 4, 3, 1, 3, 2, 4, 2, 4, 2, 1, 4, 1, 4, 3, 2, 3, 4, 1, 2]|[1, 2, 1, 0, 3, 0, 1, 3, 0, 0, 2, 0, 1, 0, 1, 0, 0, 0, 1, 0, 0, 2, 0, 0, 1, 0, 0, 3, 0, 1, 0, 2, 0, 1, 3, 0, 1, 3, 1, 0, 0, 0, 1, 3, 0, 0, 1, 0, 2, 0, 0, 0, 0, 0, 1, 0, 1, 0, 1, 1, 0, 2, 0, 0, 0, 0, 0, 0, 0, 2, 0, 0, 1, 0, 0, 1, 0, 0, 3, 0, 0, 1, 0, 0, 0, 0, 3, 0, 2, 0, 0, 2, 1, 3, 0, 0, 0, 1, 0, 0],853.9586631816869,51686.521742419325,106121.17870986674,false
32,G2_TEC,G2_TEC,[31, 22, 82, 15, 26, 9, 95, 42, 77, 68, 47, 5, 93, 78, 86, 54, 85, 63, 18, 44, 20, 49, 36, 14, 74, 50, 53, 17, 21, 28, 11, 64, 3, 23, 30, 83, 24, 41, 60, 52, 65, 27, 90, 70, 39, 87, 48, 69, 99, 4, 46, 1, 13, 58, 97, 59, 45, 8, 73, 37, 35, 79, 71, 66, 76, 32, 40, 80, 56, 6, 67, 61, 12, 7, 57, 34, 33, 16, 10, 98, 96, 88, 43, 75, 91, 38, 84, 92, 29, 19, 51, 55, 72, 89, 25, 81, 94, 2, 62, 0]|[2, 1, 2, 1, 1, 2, 1, 1, 1, 1, 1, 0, 2, 2, 1, 2, 0, 0, 0, 2, 2, 1, 0, 2, 0, 2, 2, 1, 0, 1, 1, 1, 0, 0, 1, 0, 2, 1, 2, 2, 0, 0, 1, 1, 0, 2, 0, 2, 1, 0, 0, 2, 0, 0, 2, 0, 1, 1, 0, 0, 2, 1, 1, 2, 2, 0, 2, 2, 2, 1, 2, 1, 1, 2, 0, 1, 1, 2, 1, 2, 0, 1, 1, 0, 1, 0, 0, 0, 1, 1, 1, 0, 1, 1, 1, 1, 2, 2, 1, 0]|[0, 3, 0, 3, 4, 1, 4, 4, 2, 4, 3, 2, 1, 0, 2, 1, 1, 1, 2, 1, 1, 3, 0, 1, 0, 1, 1, 4, 1, 4, 3, 2, 2, 0, 4, 1, 1, 4, 1, 1, 2, 1, 4, 4, 1, 1, 0, 2, 3, 2, 2, 1, 2, 1, 1, 2, 4, 3, 0, 2, 2, 3, 3, 1, 1, 2, 1, 1, 1, 4, 1, 3, 3, 1, 2, 4, 4, 1, 3, 1, 2, 4, 4, 2, 3, 2, 2, 2, 3, 4, 3, 2, 4, 4, 4, 4, 1, 1, 3, 2]|[0, 2, 0, 0, 3, 0, 1, 3, 0, 0, 2, 0, 1, 0, 1, 0, 0, 0, 1, 0, 0, 2, 0, 0, 1, 0, 0, 3, 0, 1, 0, 2, 0, 0, 3, 0, 1, 1, 0, 0, 0, 0, 1, 3, 0, 0, 1, 0, 2, 0, 0, 0, 0, 0, 1, 0, 1, 0, 1, 1, 0, 2, 0, 0, 0, 0, 0, 0, 0, 2, 0, 0, 0, 0, 0, 1, 1, 0, 3, 0, 0, 1, 2, 0, 0, 0, 0, 0, 3, 1, 0, 0, 2, 1, 3, 2, 0, 0, 0, 0],908.6830653768391,49415.2661194787,107289.49159059927,false
32,G3_TWC,G3_TWC,[31, 22, 82, 15, 26, 58, 95, 42, 77, 12, 47, 5, 93, 78, 98, 54, 85, 63, 18, 44, 20, 35, 43, 97, 91, 76, 10, 30, 21, 45, 71, 64, 1, 23, 17, 83, 24, 14, 60, 36, 6, 57, 94, 88, 65, 56, 79, 40, 67, 68, 46, 75, 38, 9, 19, 32, 81, 41, 27, 62, 87, 90, 99, 59, 11, 16, 72, 73, 70, 39, 37, 84, 3, 92, 25, 55, 28, 29, 51, 7, 33, 61, 86, 66, 89, 50, 48, 96, 53, 8, 4, 80, 34, 49, 52, 0, 13, 2, 69, 74]|[1, 1, 0, 1, 1, 1, 2, 1, 2, 1, 2, 2, 2, 1, 1, 0, 0, 1, 0, 2, 2, 0, 1, 2, 0, 1, 2, 2, 0, 0, 1, 2, 1, 2, 1, 0, 2, 0, 1, 1, 0, 1, 1, 1, 0, 2, 1, 1, 0, 0, 0, 0, 1, 1, 2, 1, 2, 0, 0, 0, 2, 1, 0, 1, 2, 1, 2, 1, 1, 1, 1, 1, 2, 0, 1, 1, 0, 0, 0, 1, 2, 1, 0, 2, 1, 0, 0, 0, 0, 1, 0, 0, 2, 0, 1, 0, 0, 0, 1, 2]|[4, 3, 2, 2, 0, 0, 2, 2, 2, 4, 1, 1, 2, 4, 4, 1, 1, 4, 2, 1, 1, 1, 1, 2, 1, 2, 1, 1, 1, 1, 3, 2, 3, 0, 4, 0, 1, 1, 0, 3, 2, 2, 4, 0, 1, 1, 0, 2, 0, 1, 2, 2, 1, 4, 0, 3, 2, 1, 1, 2, 1, 3, 1, 1, 1, 3, 0, 4, 3, 1, 4, 1, 1, 2, 4, 4, 2, 1, 1, 3, 1, 3, 1, 1, 1, 1, 1, 1, 2, 3, 2, 1, 1, 1, 1, 2, 2, 2, 3, 1]|[0, 2, 1, 1, 3, 3, 0, 1, 0, 0, 0, 0, 1, 0, 1, 0, 0, 3, 1, 0, 0, 0, 3, 1, 0, 2, 0, 0, 0, 1, 0, 0, 0, 0, 3, 0, 1, 0, 0, 2, 1, 1, 2, 0, 0, 0, 0, 1, 1, 0, 0, 0, 1, 3, 0, 0, 1, 0, 0, 1, 0, 2, 0, 1, 0, 2, 1, 0, 0, 1, 1, 3, 0, 1, 3, 3, 1, 0, 0, 2, 0, 0, 0, 0, 1, 0, 0, 0, 1, 2, 1, 0, 0, 1, 1, 0, 0, 0, 0, 0],790.0808266764368,57926.0831962336,89131.00769295532,false
32,G1_CMAX,G1_CMAX,[31, 22, 82, 15, 26, 99, 95, 42, 77, 12, 47, 5, 93, 78, 86, 54, 21, 63, 18, 44, 20, 35, 43, 97, 91, 76, 10, 30, 85, 45, 71, 64, 1, 23, 17, 83, 24, 14, 60, 36, 6, 57, 40, 88, 65, 56, 79, 94, 67, 68, 46, 75, 38, 9, 19, 32, 41, 81, 27, 87, 90, 58, 59, 11, 16, 72, 73, 70, 39, 37, 84, 3, 92, 25, 55, 48, 62, 29, 51, 96, 33, 61, 98, 28, 89, 50, 4, 7, 53, 80, 52, 66, 34, 49, 8, 0, 74, 69, 2, 13]|[1, 1, 0, 1, 1, 0, 1, 1, 2, 1, 2, 2, 2, 1, 1, 0, 0, 1, 0, 2, 2, 0, 1, 2, 0, 1, 2, 2, 0, 0, 1, 2, 1, 2, 1, 0, 2, 0, 1, 1, 0, 1, 1, 1, 0, 2, 1, 1, 0, 0, 0, 0, 1, 1, 2, 1, 0, 2, 0, 2, 1, 0, 1, 2, 1, 2, 1, 1, 1, 1, 1, 1, 0, 1, 2, 0, 0, 0, 0, 2, 2, 1, 2, 0, 1, 0, 1, 2, 0, 0, 1, 2, 2, 0, 1, 0, 2, 1, 0, 0]|[0, 3, 2, 2, 4, 1, 2, 3, 2, 4, 1, 1, 2, 4, 4, 1, 1, 4, 2, 1, 1, 1, 1, 2, 1, 2, 1, 1, 2, 1, 3, 2, 3, 1, 4, 0, 1, 1, 0, 3, 2, 2, 2, 0, 1, 1, 0, 4, 0, 1, 2, 2, 1, 4, 0, 3, 1, 1, 1, 1, 3, 1, 1, 1, 3, 0, 4, 3, 1, 4, 1, 1, 0, 4, 1, 1, 2, 1, 1, 1, 1, 3, 1, 2, 1, 1, 4, 1, 2, 1, 1, 1, 1, 1, 3, 2, 1, 4, 2, 2]|[0, 2, 1, 1, 3, 0, 1, 3, 0, 0, 0, 0, 1, 0, 1, 0, 0, 3, 1, 0, 0, 0, 3, 1, 0, 2, 0, 0, 0, 1, 0, 0, 0, 0, 3, 0, 1, 0, 0, 2, 1, 1, 1, 0, 0, 0, 0, 2, 1, 0, 0, 0, 1, 3, 0, 0, 0, 0, 0, 0, 2, 0, 1, 0, 2, 1, 0, 0, 1, 1, 3, 1, 1, 3, 0, 0, 1, 0, 0, 0, 0, 0, 0, 1, 1, 0, 0, 0, 1, 0, 1, 0, 0, 1, 2, 0, 0, 2, 0, 0],731.2476204416437,56784.74762275103,92889.2977037672,false
32,G4_BALANCED,G4_BALANCED,[31, 11, 15, 82, 26, 9, 95, 32, 77, 68, 47, 5, 93, 78, 86, 54, 85, 63, 18, 44, 20, 49, 36, 14, 74, 50, 53, 17, 21, 45, 71, 64, 3, 23, 30, 83, 24, 41, 60, 52, 65, 27, 90, 70, 39, 87, 48, 69, 99, 4, 46, 1, 13, 58, 97, 59, 28, 75, 73, 37, 35, 79, 22, 66, 76, 42, 40, 80, 96, 6, 16, 61, 33, 7, 57, 34, 12, 67, 10, 98, 8, 88, 29, 56, 91, 38, 19, 92, 43, 84, 2, 72, 81, 25, 51, 55, 62, 89, 94, 0]|[2, 1, 1, 2, 1, 2, 1, 1, 1, 1, 1, 0, 2, 2, 1, 2, 0, 0, 0, 2, 2, 1, 0, 2, 0, 2, 2, 1, 0, 1, 1, 1, 0, 0, 1, 0, 2, 1, 2, 2, 0, 0, 1, 1, 0, 2, 0, 2, 1, 0, 0, 2, 0, 0, 2, 0, 1, 0, 0, 0, 2, 1, 1, 2, 2, 0, 2, 2, 0, 1, 2, 1, 1, 2, 0, 1, 1, 1, 1, 2, 2, 1, 1, 2, 1, 0, 1, 0, 1, 0, 2, 1, 1, 1, 1, 0, 1, 1, 2, 0]|[1, 3, 2, 0, 4, 1, 4, 4, 2, 4, 3, 2, 1, 0, 2, 1, 1, 1, 2, 1, 1, 3, 0, 1, 0, 1, 1, 4, 1, 4, 3, 2, 2, 0, 4, 1, 1, 4, 0, 1, 2, 1, 4, 4, 1, 1, 0, 2, 3, 2, 2, 1, 2, 1, 1, 2, 4, 2, 0, 2, 2, 3, 3, 0, 1, 2, 1, 1, 2, 4, 1, 3, 4, 1, 2, 4, 3, 3, 3, 1, 1, 4, 3, 1, 3, 2, 4, 2, 4, 2, 1, 4, 1, 4, 3, 2, 3, 4, 1, 2]|[1, 2, 1, 0, 3, 0, 1, 3, 0, 0, 2, 0, 1, 0, 1, 0, 0, 0, 1, 0, 0, 2, 0, 0, 1, 0, 0, 3, 0, 1, 0, 2, 0, 1, 3, 0, 1, 3, 1, 0, 0, 0, 1, 3, 0, 0, 1, 0, 2, 0, 0, 0, 0, 0, 1, 0, 1, 0, 1, 1, 0, 2, 0, 0, 0, 0, 0, 0, 0, 2, 0, 0, 1, 0, 0, 1, 0, 0, 3, 0, 0, 1, 0, 0, 0, 0, 3, 0, 2, 0, 0, 2, 1, 3, 0, 0, 0, 1, 0, 0],853.9586631816869,51686.521742419325,106121.17870986674,false
32,G2_TEC,G2_TEC,[31, 22, 82, 15, 26, 9, 95, 42, 77, 68, 47, 5, 93, 78, 86, 54, 85, 63, 18, 44, 20, 49, 36, 14, 74, 50, 53, 17, 21, 28, 11, 64, 3, 23, 30, 83, 24, 41, 60, 52, 65, 27, 90, 70, 39, 87, 48, 69, 99, 4, 46, 1, 13, 58, 97, 59, 45, 8, 73, 37, 35, 79, 71, 66, 76, 32, 40, 80, 56, 6, 67, 61, 12, 7, 57, 34, 33, 16, 10, 98, 96, 88, 43, 75, 91, 38, 84, 92, 29, 19, 51, 55, 72, 89, 25, 81, 94, 2, 62, 0]|[2, 1, 2, 1, 1, 2, 1, 1, 1, 1, 1, 0, 2, 2, 1, 2, 0, 0, 0, 2, 2, 1, 0, 2, 0, 2, 2, 1, 0, 1, 1, 1, 0, 0, 1, 0, 2, 1, 2, 2, 0, 0, 1, 1, 0, 2, 0, 2, 1, 0, 0, 2, 0, 0, 2, 0, 1, 1, 0, 0, 2, 1, 1, 2, 2, 0, 2, 2, 2, 1, 2, 1, 1, 2, 0, 1, 1, 2, 1, 2, 0, 1, 1, 0, 1, 0, 0, 0, 1, 1, 1, 0, 1, 1, 1, 1, 2, 2, 1, 0]|[0, 3, 0, 3, 4, 1, 4, 4, 2, 4, 3, 2, 1, 0, 2, 1, 1, 1, 2, 1, 1, 3, 0, 1, 0, 1, 1, 4, 1, 4, 3, 2, 2, 0, 4, 1, 1, 4, 1, 1, 2, 1, 4, 4, 1, 1, 0, 2, 3, 2, 2, 1, 2, 1, 1, 2, 4, 3, 0, 2, 2, 3, 3, 1, 1, 2, 1, 1, 1, 4, 1, 3, 3, 1, 2, 4, 4, 1, 3, 1, 2, 4, 4, 2, 3, 2, 2, 2, 3, 4, 3, 2, 4, 4, 4, 4, 1, 1, 3, 2]|[0, 2, 0, 0, 3, 0, 1, 3, 0, 0, 2, 0, 1, 0, 1, 0, 0, 0, 1, 0, 0, 2, 0, 0, 1, 0, 0, 3, 0, 1, 0, 2, 0, 0, 3, 0, 1, 1, 0, 0, 0, 0, 1, 3, 0, 0, 1, 0, 2, 0, 0, 0, 0, 0, 1, 0, 1, 0, 1, 1, 0, 2, 0, 0, 0, 0, 0, 0, 0, 2, 0, 0, 0, 0, 0, 1, 1, 0, 3, 0, 0, 1, 2, 0, 0, 0, 0, 0, 3, 1, 0, 0, 2, 1, 3, 2, 0, 0, 0, 0],908.6830653768391,49415.2661194787,107289.49159059927,false
32,G3_TWC,G3_TWC,[31, 22, 82, 15, 26, 58, 95, 42, 77, 12, 47, 5, 93, 78, 98, 54, 85, 63, 18, 44, 20, 35, 43, 97, 91, 76, 10, 30, 21, 45, 71, 64, 1, 23, 17, 83, 24, 14, 60, 36, 6, 57, 94, 88, 65, 56, 79, 40, 67, 68, 46, 75, 38, 9, 19, 32, 81, 41, 27, 62, 87, 90, 99, 59, 11, 16, 72, 73, 70, 39, 37, 84, 3, 92, 25, 55, 28, 29, 51, 7, 33, 61, 86, 66, 89, 50, 48, 96, 53, 8, 4, 80, 34, 49, 52, 0, 13, 2, 69, 74]|[1, 1, 0, 1, 1, 1, 2, 1, 2, 1, 2, 2, 2, 1, 1, 0, 0, 1, 0, 2, 2, 0, 1, 2, 0, 1, 2, 2, 0, 0, 1, 2, 1, 2, 1, 0, 2, 0, 1, 1, 0, 1, 1, 1, 0, 2, 1, 1, 0, 0, 0, 0, 1, 1, 2, 1, 2, 0, 0, 0, 2, 1, 0, 1, 2, 1, 2, 1, 1, 1, 1, 1, 2, 0, 1, 1, 0, 0, 0, 1, 2, 1, 0, 2, 1, 0, 0, 0, 0, 1, 0, 0, 2, 0, 1, 0, 0, 0, 1, 2]|[4, 3, 2, 2, 0, 0, 2, 2, 2, 4, 1, 1, 2, 4, 4, 1, 1, 4, 2, 1, 1, 1, 1, 2, 1, 2, 1, 1, 1, 1, 3, 2, 3, 0, 4, 0, 1, 1, 0, 3, 2, 2, 4, 0, 1, 1, 0, 2, 0, 1, 2, 2, 1, 4, 0, 3, 2, 1, 1, 2, 1, 3, 1, 1, 1, 3, 0, 4, 3, 1, 4, 1, 1, 2, 4, 4, 2, 1, 1, 3, 1, 3, 1, 1, 1, 1, 1, 1, 2, 3, 2, 1, 1, 1, 1, 2, 2, 2, 3, 1]|[0, 2, 1, 1, 3, 3, 0, 1, 0, 0, 0, 0, 1, 0, 1, 0, 0, 3, 1, 0, 0, 0, 3, 1, 0, 2, 0, 0, 0, 1, 0, 0, 0, 0, 3, 0, 1, 0, 0, 2, 1, 1, 2, 0, 0, 0, 0, 1, 1, 0, 0, 0, 1, 3, 0, 0, 1, 0, 0, 1, 0, 2, 0, 1, 0, 2, 1, 0, 0, 1, 1, 3, 0, 1, 3, 3, 1, 0, 0, 2, 0, 0, 0, 0, 1, 0, 0, 0, 1, 2, 1, 0, 0, 1, 1, 0, 0, 0, 0, 0],790.0808266764368,57926.0831962336,89131.00769295532,false
32,G1_CMAX,G1_CMAX,[31, 22, 82, 15, 26, 99, 95, 42, 77, 12, 47, 5, 93, 78, 86, 54, 21, 63, 18, 44, 20, 35, 43, 97, 91, 76, 10, 30, 85, 45, 71, 64, 1, 23, 17, 83, 24, 14, 60, 36, 6, 57, 40, 88, 65, 56, 79, 94, 67, 68, 46, 75, 38, 9, 19, 32, 41, 81, 27, 87, 90, 58, 59, 11, 16, 72, 73, 70, 39, 37, 84, 3, 92, 25, 55, 48, 62, 29, 51, 96, 33, 61, 98, 28, 89, 50, 4, 7, 53, 80, 52, 66, 34, 49, 8, 0, 74, 69, 2, 13]|[1, 1, 0, 1, 1, 0, 1, 1, 2, 1, 2, 2, 2, 1, 1, 0, 0, 1, 0, 2, 2, 0, 1, 2, 0, 1, 2, 2, 0, 0, 1, 2, 1, 2, 1, 0, 2, 0, 1, 1, 0, 1, 1, 1, 0, 2, 1, 1, 0, 0, 0, 0, 1, 1, 2, 1, 0, 2, 0, 2, 1, 0, 1, 2, 1, 2, 1, 1, 1, 1, 1, 1, 0, 1, 2, 0, 0, 0, 0, 2, 2, 1, 2, 0, 1, 0, 1, 2, 0, 0, 1, 2, 2, 0, 1, 0, 2, 1, 0, 0]|[0, 3, 2, 2, 4, 1, 2, 3, 2, 4, 1, 1, 2, 4, 4, 1, 1, 4, 2, 1, 1, 1, 1, 2, 1, 2, 1, 1, 2, 1, 3, 2, 3, 1, 4, 0, 1, 1, 0, 3, 2, 2, 2, 0, 1, 1, 0, 4, 0, 1, 2, 2, 1, 4, 0, 3, 1, 1, 1, 1, 3, 1, 1, 1, 3, 0, 4, 3, 1, 4, 1, 1, 0, 4, 1, 1, 2, 1, 1, 1, 1, 3, 1, 2, 1, 1, 4, 1, 2, 1, 1, 1, 1, 1, 3, 2, 1, 4, 2, 2]|[0, 2, 1, 1, 3, 0, 1, 3, 0, 0, 0, 0, 1, 0, 1, 0, 0, 3, 1, 0, 0, 0, 3, 1, 0, 2, 0, 0, 0, 1, 0, 0, 0, 0, 3, 0, 1, 0, 0, 2, 1, 1, 1, 0, 0, 0, 0, 2, 1, 0, 0, 0, 1, 3, 0, 0, 0, 0, 0, 0, 2, 0, 1, 0, 2, 1, 0, 0, 1, 1, 3, 1, 1, 3, 0, 0, 1, 0, 0, 0, 0, 0, 0, 1, 1, 0, 0, 0, 1, 0, 1, 0, 0, 1, 2, 0, 0, 2, 0, 0],731.2476204416437,56784.74762275103,92889.2977037672,false
32,G4_BALANCED,G4_BALANCED,[31, 11, 15, 82, 26, 9, 95, 32, 77, 68, 47, 5, 93, 78, 86, 54, 85, 63, 18, 44, 20, 49, 36, 14, 74, 50, 53, 17, 21, 45, 71, 64, 3, 23, 30, 83, 24, 41, 60, 52, 65, 27, 90, 70, 39, 87, 48, 69, 99, 4, 46, 1, 13, 58, 97, 59, 28, 75, 73, 37, 35, 79, 22, 66, 76, 42, 40, 80, 96, 6, 16, 61, 33, 7, 57, 34, 12, 67, 10, 98, 8, 88, 29, 56, 91, 38, 19, 92, 43, 84, 2, 72, 81, 25, 51, 55, 62, 89, 94, 0]|[2, 1, 1, 2, 1, 2, 1, 1, 1, 1, 1, 0, 2, 2, 1, 2, 0, 0, 0, 2, 2, 1, 0, 2, 0, 2, 2, 1, 0, 1, 1, 1, 0, 0, 1, 0, 2, 1, 2, 2, 0, 0, 1, 1, 0, 2, 0, 2, 1, 0, 0, 2, 0, 0, 2, 0, 1, 0, 0, 0, 2, 1, 1, 2, 2, 0, 2, 2, 0, 1, 2, 1, 1, 2, 0, 1, 1, 1, 1, 2, 2, 1, 1, 2, 1, 0, 1, 0, 1, 0, 2, 1, 1, 1, 1, 0, 1, 1, 2, 0]|[1, 3, 2, 0, 4, 1, 4, 4, 2, 4, 3, 2, 1, 0, 2, 1, 1, 1, 2, 1, 1, 3, 0, 1, 0, 1, 1, 4, 1, 4, 3, 2, 2, 0, 4, 1, 1, 4, 0, 1, 2, 1, 4, 4, 1, 1, 0, 2, 3, 2, 2, 1, 2, 1, 1, 2, 4, 2, 0, 2, 2, 3, 3, 0, 1, 2, 1, 1, 2, 4, 1, 3, 4, 1, 2, 4, 3, 3, 3, 1, 1, 4, 3, 1, 3, 2, 4, 2, 4, 2, 1, 4, 1, 4, 3, 2, 3, 4, 1, 2]|[1, 2, 1, 0, 3, 0, 1, 3, 0, 0, 2, 0, 1, 0, 1, 0, 0, 0, 1, 0, 0, 2, 0, 0, 1, 0, 0, 3, 0, 1, 0, 2, 0, 1, 3, 0, 1, 3, 1, 0, 0, 0, 1, 3, 0, 0, 1, 0, 2, 0, 0, 0, 0, 0, 1, 0, 1, 0, 1, 1, 0, 2, 0, 0, 0, 0, 0, 0, 0, 2, 0, 0, 1, 0, 0, 1, 0, 0, 3, 0, 0, 1, 0, 0, 0, 0, 3, 0, 2, 0, 0, 2, 1, 3, 0, 0, 0, 1, 0, 0],853.9586631816869,51686.521742419325,106121.17870986674,false
32,G2_TEC,G2_TEC,[31, 22, 82, 15, 26, 9, 95, 42, 77, 68, 47, 5, 93, 78, 86, 54, 85, 63, 18, 44, 20, 49, 36, 14, 74, 50, 53, 17, 21, 28, 11, 64, 3, 23, 30, 83, 24, 41, 60, 52, 65, 27, 90, 70, 39, 87, 48, 69, 99, 4, 46, 1, 13, 58, 97, 59, 45, 8, 73, 37, 35, 79, 71, 66, 76, 32, 40, 80, 56, 6, 67, 61, 12, 7, 57, 34, 33, 16, 10, 98, 96, 88, 43, 75, 91, 38, 84, 92, 29, 19, 51, 55, 72, 89, 25, 81, 94, 2, 62, 0]|[2, 1, 2, 1, 1, 2, 1, 1, 1, 1, 1, 0, 2, 2, 1, 2, 0, 0, 0, 2, 2, 1, 0, 2, 0, 2, 2, 1, 0, 1, 1, 1, 0, 0, 1, 0, 2, 1, 2, 2, 0, 0, 1, 1, 0, 2, 0, 2, 1, 0, 0, 2, 0, 0, 2, 0, 1, 1, 0, 0, 2, 1, 1, 2, 2, 0, 2, 2, 2, 1, 2, 1, 1, 2, 0, 1, 1, 2, 1, 2, 0, 1, 1, 0, 1, 0, 0, 0, 1, 1, 1, 0, 1, 1, 1, 1, 2, 2, 1, 0]|[0, 3, 0, 3, 4, 1, 4, 4, 2, 4, 3, 2, 1, 0, 2, 1, 1, 1, 2, 1, 1, 3, 0, 1, 0, 1, 1, 4, 1, 4, 3, 2, 2, 0, 4, 1, 1, 4, 1, 1, 2, 1, 4, 4, 1, 1, 0, 2, 3, 2, 2, 1, 2, 1, 1, 2, 4, 3, 0, 2, 2, 3, 3, 1, 1, 2, 1, 1, 1, 4, 1, 3, 3, 1, 2, 4, 4, 1, 3, 1, 2, 4, 4, 2, 3, 2, 2, 2, 3, 4, 3, 2, 4, 4, 4, 4, 1, 1, 3, 2]|[0, 2, 0, 0, 3, 0, 1, 3, 0, 0, 2, 0, 1, 0, 1, 0, 0, 0, 1, 0, 0, 2, 0, 0, 1, 0, 0, 3, 0, 1, 0, 2, 0, 0, 3, 0, 1, 1, 0, 0, 0, 0, 1, 3, 0, 0, 1, 0, 2, 0, 0, 0, 0, 0, 1, 0, 1, 0, 1, 1, 0, 2, 0, 0, 0, 0, 0, 0, 0, 2, 0, 0, 0, 0, 0, 1, 1, 0, 3, 0, 0, 1, 2, 0, 0, 0, 0, 0, 3, 1, 0, 0, 2, 1, 3, 2, 0, 0, 0, 0],908.6830653768391,49415.2661194787,107289.49159059927,false
32,G3_TWC,G3_TWC,[31, 22, 82, 15, 26, 58, 95, 42, 77, 12, 47, 5, 93, 78, 98, 54, 85, 63, 18, 44, 20, 35, 43, 97, 91, 76, 10, 30, 21, 45, 71, 64, 1, 23, 17, 83, 24, 14, 60, 36, 6, 57, 94, 88, 65, 56, 79, 40, 67, 68, 46, 75, 38, 9, 19, 32, 81, 41, 27, 62, 87, 90, 99, 59, 11, 16, 72, 73, 70, 39, 37, 84, 3, 92, 25, 55, 28, 29, 51, 7, 33, 61, 86, 66, 89, 50, 48, 96, 53, 8, 4, 80, 34, 49, 52, 0, 13, 2, 69, 74]|[1, 1, 0, 1, 1, 1, 2, 1, 2, 1, 2, 2, 2, 1, 1, 0, 0, 1, 0, 2, 2, 0, 1, 2, 0, 1, 2, 2, 0, 0, 1, 2, 1, 2, 1, 0, 2, 0, 1, 1, 0, 1, 1, 1, 0, 2, 1, 1, 0, 0, 0, 0, 1, 1, 2, 1, 2, 0, 0, 0, 2, 1, 0, 1, 2, 1, 2, 1, 1, 1, 1, 1, 2, 0, 1, 1, 0, 0, 0, 1, 2, 1, 0, 2, 1, 0, 0, 0, 0, 1, 0, 0, 2, 0, 1, 0, 0, 0, 1, 2]|[4, 3, 2, 2, 0, 0, 2, 2, 2, 4, 1, 1, 2, 4, 4, 1, 1, 4, 2, 1, 1, 1, 1, 2, 1, 2, 1, 1, 1, 1, 3, 2, 3, 0, 4, 0, 1, 1, 0, 3, 2, 2, 4, 0, 1, 1, 0, 2, 0, 1, 2, 2, 1, 4, 0, 3, 2, 1, 1, 2, 1, 3, 1, 1, 1, 3, 0, 4, 3, 1, 4, 1, 1, 2, 4, 4, 2, 1, 1, 3, 1, 3, 1, 1, 1, 1, 1, 1, 2, 3, 2, 1, 1, 1, 1, 2, 2, 2, 3, 1]|[0, 2, 1, 1, 3, 3, 0, 1, 0, 0, 0, 0, 1, 0, 1, 0, 0, 3, 1, 0, 0, 0, 3, 1, 0, 2, 0, 0, 0, 1, 0, 0, 0, 0, 3, 0, 1, 0, 0, 2, 1, 1, 2, 0, 0, 0, 0, 1, 1, 0, 0, 0, 1, 3, 0, 0, 1, 0, 0, 1, 0, 2, 0, 1, 0, 2, 1, 0, 0, 1, 1, 3, 0, 1, 3, 3, 1, 0, 0, 2, 0, 0, 0, 0, 1, 0, 0, 0, 1, 2, 1, 0, 0, 1, 1, 0, 0, 0, 0, 0],790.0808266764368,57926.0831962336,89131.00769295532,false
32,G1_CMAX,G1_CMAX,[31, 22, 82, 15, 26, 99, 95, 42, 77, 12, 47, 5, 93, 78, 86, 54, 21, 63, 18, 44, 20, 35, 43, 97, 91, 76, 10, 30, 85, 45, 71, 64, 1, 23, 17, 83, 24, 14, 60, 36, 6, 57, 40, 88, 65, 56, 79, 94, 67, 68, 46, 75, 38, 9, 19, 32, 41, 81, 27, 87, 90, 58, 59, 11, 16, 72, 73, 70, 39, 37, 84, 3, 92, 25, 55, 48, 62, 29, 51, 96, 33, 61, 98, 28, 89, 50, 4, 7, 53, 80, 52, 66, 34, 49, 8, 0, 74, 69, 2, 13]|[1, 1, 0, 1, 1, 0, 1, 1, 2, 1, 2, 2, 2, 1, 1, 0, 0, 1, 0, 2, 2, 0, 1, 2, 0, 1, 2, 2, 0, 0, 1, 2, 1, 2, 1, 0, 2, 0, 1, 1, 0, 1, 1, 1, 0, 2, 1, 1, 0, 0, 0, 0, 1, 1, 2, 1, 0, 2, 0, 2, 1, 0, 1, 2, 1, 2, 1, 1, 1, 1, 1, 1, 0, 1, 2, 0, 0, 0, 0, 2, 2, 1, 2, 0, 1, 0, 1, 2, 0, 0, 1, 2, 2, 0, 1, 0, 2, 1, 0, 0]|[0, 3, 2, 2, 4, 1, 2, 3, 2, 4, 1, 1, 2, 4, 4, 1, 1, 4, 2, 1, 1, 1, 1, 2, 1, 2, 1, 1, 2, 1, 3, 2, 3, 1, 4, 0, 1, 1, 0, 3, 2, 2, 2, 0, 1, 1, 0, 4, 0, 1, 2, 2, 1, 4, 0, 3, 1, 1, 1, 1, 3, 1, 1, 1, 3, 0, 4, 3, 1, 4, 1, 1, 0, 4, 1, 1, 2, 1, 1, 1, 1, 3, 1, 2, 1, 1, 4, 1, 2, 1, 1, 1, 1, 1, 3, 2, 1, 4, 2, 2]|[0, 2, 1, 1, 3, 0, 1, 3, 0, 0, 0, 0, 1, 0, 1, 0, 0, 3, 1, 0, 0, 0, 3, 1, 0, 2, 0, 0, 0, 1, 0, 0, 0, 0, 3, 0, 1, 0, 0, 2, 1, 1, 1, 0, 0, 0, 0, 2, 1, 0, 0, 0, 1, 3, 0, 0, 0, 0, 0, 0, 2, 0, 1, 0, 2, 1, 0, 0, 1, 1, 3, 1, 1, 3, 0, 0, 1, 0, 0, 0, 0, 0, 0, 1, 1, 0, 0, 0, 1, 0, 1, 0, 0, 1, 2, 0, 0, 2, 0, 0],731.2476204416437,56784.74762275103,92889.2977037672,false
32,G4_BALANCED,G4_BALANCED,[31, 11, 15, 82, 26, 9, 95, 32, 77, 68, 47, 5, 93, 78, 86, 54, 85, 63, 18, 44, 20, 49, 36, 14, 74, 50, 53, 17, 21, 45, 71, 64, 3, 23, 30, 83, 24, 41, 60, 52, 65, 27, 90, 70, 39, 87, 48, 69, 99, 4, 46, 1, 13, 58, 97, 59, 28, 75, 73, 37, 35, 79, 22, 66, 76, 42, 40, 80, 96, 6, 16, 61, 33, 7, 57, 34, 12, 67, 10, 98, 8, 88, 29, 56, 91, 38, 19, 92, 43, 84, 2, 72, 81, 25, 51, 55, 62, 89, 94, 0]|[2, 1, 1, 2, 1, 2, 1, 1, 1, 1, 1, 0, 2, 2, 1, 2, 0, 0, 0, 2, 2, 1, 0, 2, 0, 2, 2, 1, 0, 1, 1, 1, 0, 0, 1, 0, 2, 1, 2, 2, 0, 0, 1, 1, 0, 2, 0, 2, 1, 0, 0, 2, 0, 0, 2, 0, 1, 0, 0, 0, 2, 1, 1, 2, 2, 0, 2, 2, 0, 1, 2, 1, 1, 2, 0, 1, 1, 1, 1, 2, 2, 1, 1, 2, 1, 0, 1, 0, 1, 0, 2, 1, 1, 1, 1, 0, 1, 1, 2, 0]|[1, 3, 2, 0, 4, 1, 4, 4, 2, 4, 3, 2, 1, 0, 2, 1, 1, 1, 2, 1, 1, 3, 0, 1, 0, 1, 1, 4, 1, 4, 3, 2, 2, 0, 4, 1, 1, 4, 0, 1, 2, 1, 4, 4, 1, 1, 0, 2, 3, 2, 2, 1, 2, 1, 1, 2, 4, 2, 0, 2, 2, 3, 3, 0, 1, 2, 1, 1, 2, 4, 1, 3, 4, 1, 2, 4, 3, 3, 3, 1, 1, 4, 3, 1, 3, 2, 4, 2, 4, 2, 1, 4, 1, 4, 3, 2, 3, 4, 1, 2]|[1, 2, 1, 0, 3, 0, 1, 3, 0, 0, 2, 0, 1, 0, 1, 0, 0, 0, 1, 0, 0, 2, 0, 0, 1, 0, 0, 3, 0, 1, 0, 2, 0, 1, 3, 0, 1, 3, 1, 0, 0, 0, 1, 3, 0, 0, 1, 0, 2, 0, 0, 0, 0, 0, 1, 0, 1, 0, 1, 1, 0, 2, 0, 0, 0, 0, 0, 0, 0, 2, 0, 0, 1, 0, 0, 1, 0, 0, 3, 0, 0, 1, 0, 0, 0, 0, 3, 0, 2, 0, 0, 2, 1, 3, 0, 0, 0, 1, 0, 0],853.9586631816869,51686.521742419325,106121.17870986674,false
32,G2_TEC,G2_TEC,[31, 22, 82, 15, 26, 9, 95, 42, 77, 68, 47, 5, 93, 78, 86, 54, 85, 63, 18, 44, 20, 49, 36, 14, 74, 50, 53, 17, 21, 28, 11, 64, 3, 23, 30, 83, 24, 41, 60, 52, 65, 27, 90, 70, 39, 87, 48, 69, 99, 4, 46, 1, 13, 58, 97, 59, 45, 8, 73, 37, 35, 79, 71, 66, 76, 32, 40, 80, 56, 6, 67, 61, 12, 7, 57, 34, 33, 16, 10, 98, 96, 88, 43, 75, 91, 38, 84, 92, 29, 19, 51, 55, 72, 89, 25, 81, 94, 2, 62, 0]|[2, 1, 2, 1, 1, 2, 1, 1, 1, 1, 1, 0, 2, 2, 1, 2, 0, 0, 0, 2, 2, 1, 0, 2, 0, 2, 2, 1, 0, 1, 1, 1, 0, 0, 1, 0, 2, 1, 2, 2, 0, 0, 1, 1, 0, 2, 0, 2, 1, 0, 0, 2, 0, 0, 2, 0, 1, 1, 0, 0, 2, 1, 1, 2, 2, 0, 2, 2, 2, 1, 2, 1, 1, 2, 0, 1, 1, 2, 1, 2, 0, 1, 1, 0, 1, 0, 0, 0, 1, 1, 1, 0, 1, 1, 1, 1, 2, 2, 1, 0]|[0, 3, 0, 3, 4, 1, 4, 4, 2, 4, 3, 2, 1, 0, 2, 1, 1, 1, 2, 1, 1, 3, 0, 1, 0, 1, 1, 4, 1, 4, 3, 2, 2, 0, 4, 1, 1, 4, 1, 1, 2, 1, 4, 4, 1, 1, 0, 2, 3, 2, 2, 1, 2, 1, 1, 2, 4, 3, 0, 2, 2, 3, 3, 1, 1, 2, 1, 1, 1, 4, 1, 3, 3, 1, 2, 4, 4, 1, 3, 1, 2, 4, 4, 2, 3, 2, 2, 2, 3, 4, 3, 2, 4, 4, 4, 4, 1, 1, 3, 2]|[0, 2, 0, 0, 3, 0, 1, 3, 0, 0, 2, 0, 1, 0, 1, 0, 0, 0, 1, 0, 0, 2, 0, 0, 1, 0, 0, 3, 0, 1, 0, 2, 0, 0, 3, 0, 1, 1, 0, 0, 0, 0, 1, 3, 0, 0, 1, 0, 2, 0, 0, 0, 0, 0, 1, 0, 1, 0, 1, 1, 0, 2, 0, 0, 0, 0, 0, 0, 0, 2, 0, 0, 0, 0, 0, 1, 1, 0, 3, 0, 0, 1, 2, 0, 0, 0, 0, 0, 3, 1, 0, 0, 2, 1, 3, 2, 0, 0, 0, 0],908.6830653768391,49415.2661194787,107289.49159059927,false
32,G3_TWC,G3_TWC,[31, 22, 82, 15, 26, 58, 95, 42, 77, 12, 47, 5, 93, 78, 98, 54, 85, 63, 18, 44, 20, 35, 43, 97, 91, 76, 10, 30, 21, 45, 71, 64, 1, 23, 17, 83, 24, 14, 60, 36, 6, 57, 94, 88, 65, 56, 79, 40, 67, 68, 46, 75, 38, 9, 19, 32, 81, 41, 27, 62, 87, 90, 99, 59, 11, 16, 72, 73, 70, 39, 37, 84, 3, 92, 25, 55, 28, 29, 51, 7, 33, 61, 86, 66, 89, 50, 48, 96, 53, 8, 4, 80, 34, 49, 52, 0, 13, 2, 69, 74]|[1, 1, 0, 1, 1, 1, 2, 1, 2, 1, 2, 2, 2, 1, 1, 0, 0, 1, 0, 2, 2, 0, 1, 2, 0, 1, 2, 2, 0, 0, 1, 2, 1, 2, 1, 0, 2, 0, 1, 1, 0, 1, 1, 1, 0, 2, 1, 1, 0, 0, 0, 0, 1, 1, 2, 1, 2, 0, 0, 0, 2, 1, 0, 1, 2, 1, 2, 1, 1, 1, 1, 1, 2, 0, 1, 1, 0, 0, 0, 1, 2, 1, 0, 2, 1, 0, 0, 0, 0, 1, 0, 0, 2, 0, 1, 0, 0, 0, 1, 2]|[4, 3, 2, 2, 0, 0, 2, 2, 2, 4, 1, 1, 2, 4, 4, 1, 1, 4, 2, 1, 1, 1, 1, 2, 1, 2, 1, 1, 1, 1, 3, 2, 3, 0, 4, 0, 1, 1, 0, 3, 2, 2, 4, 0, 1, 1, 0, 2, 0, 1, 2, 2, 1, 4, 0, 3, 2, 1, 1, 2, 1, 3, 1, 1, 1, 3, 0, 4, 3, 1, 4, 1, 1, 2, 4, 4, 2, 1, 1, 3, 1, 3, 1, 1, 1, 1, 1, 1, 2, 3, 2, 1, 1, 1, 1, 2, 2, 2, 3, 1]|[0, 2, 1, 1, 3, 3, 0, 1, 0, 0, 0, 0, 1, 0, 1, 0, 0, 3, 1, 0, 0, 0, 3, 1, 0, 2, 0, 0, 0, 1, 0, 0, 0, 0, 3, 0, 1, 0, 0, 2, 1, 1, 2, 0, 0, 0, 0, 1, 1, 0, 0, 0, 1, 3, 0, 0, 1, 0, 0, 1, 0, 2, 0, 1, 0, 2, 1, 0, 0, 1, 1, 3, 0, 1, 3, 3, 1, 0, 0, 2, 0, 0, 0, 0, 1, 0, 0, 0, 1, 2, 1, 0, 0, 1, 1, 0, 0, 0, 0, 0],790.0808266764368,57926.0831962336,89131.00769295532,false
32,G1_CMAX,G1_CMAX,[31, 22, 82, 15, 26, 99, 95, 42, 77, 12, 47, 5, 93, 78, 86, 54, 21, 63, 18, 44, 20, 35, 43, 97, 91, 76, 10, 30, 85, 45, 71, 64, 1, 23, 17, 83, 24, 14, 60, 36, 6, 57, 40, 88, 65, 56, 79, 94, 67, 68, 46, 75, 38, 9, 19, 32, 41, 81, 27, 87, 90, 58, 59, 11, 16, 72, 73, 70, 39, 37, 84, 3, 92, 25, 55, 48, 62, 29, 51, 96, 33, 61, 98, 28, 89, 50, 4, 7, 53, 80, 52, 66, 34, 49, 8, 0, 74, 69, 2, 13]|[1, 1, 0, 1, 1, 0, 1, 1, 2, 1, 2, 2, 2, 1, 1, 0, 0, 1, 0, 2, 2, 0, 1, 2, 0, 1, 2, 2, 0, 0, 1, 2, 1, 2, 1, 0, 2, 0, 1, 1, 0, 1, 1, 1, 0, 2, 1, 1, 0, 0, 0, 0, 1, 1, 2, 1, 0, 2, 0, 2, 1, 0, 1, 2, 1, 2, 1, 1, 1, 1, 1, 1, 0, 1, 2, 0, 0, 0, 0, 2, 2, 1, 2, 0, 1, 0, 1, 2, 0, 0, 1, 2, 2, 0, 1, 0, 2, 1, 0, 0]|[0, 3, 2, 2, 4, 1, 2, 3, 2, 4, 1, 1, 2, 4, 4, 1, 1, 4, 2, 1, 1, 1, 1, 2, 1, 2, 1, 1, 2, 1, 3, 2, 3, 1, 4, 0, 1, 1, 0, 3, 2, 2, 2, 0, 1, 1, 0, 4, 0, 1, 2, 2, 1, 4, 0, 3, 1, 1, 1, 1, 3, 1, 1, 1, 3, 0, 4, 3, 1, 4, 1, 1, 0, 4, 1, 1, 2, 1, 1, 1, 1, 3, 1, 2, 1, 1, 4, 1, 2, 1, 1, 1, 1, 1, 3, 2, 1, 4, 2, 2]|[0, 2, 1, 1, 3, 0, 1, 3, 0, 0, 0, 0, 1, 0, 1, 0, 0, 3, 1, 0, 0, 0, 3, 1, 0, 2, 0, 0, 0, 1, 0, 0, 0, 0, 3, 0, 1, 0, 0, 2, 1, 1, 1, 0, 0, 0, 0, 2, 1, 0, 0, 0, 1, 3, 0, 0, 0, 0, 0, 0, 2, 0, 1, 0, 2, 1, 0, 0, 1, 1, 3, 1, 1, 3, 0, 0, 1, 0, 0, 0, 0, 0, 0, 1, 1, 0, 0, 0, 1, 0, 1, 0, 0, 1, 2, 0, 0, 2, 0, 0],731.2476204416437,56784.74762275103,92889.2977037672,false
32,G4_BALANCED,G4_BALANCED,[31, 11, 15, 82, 26, 9, 95, 32, 77, 68, 47, 5, 93, 78, 86, 54, 85, 63, 18, 44, 20, 49, 36, 14, 74, 50, 53, 17, 21, 45, 71, 64, 3, 23, 30, 83, 24, 41, 60, 52, 65, 27, 90, 70, 39, 87, 48, 69, 99, 4, 46, 1, 13, 58, 97, 59, 28, 75, 73, 37, 35, 79, 22, 66, 76, 42, 40, 80, 96, 6, 16, 61, 33, 7, 57, 34, 12, 67, 10, 98, 8, 88, 29, 56, 91, 38, 19, 92, 43, 84, 2, 72, 81, 25, 51, 55, 62, 89, 94, 0]|[2, 1, 1, 2, 1, 2, 1, 1, 1, 1, 1, 0, 2, 2, 1, 2, 0, 0, 0, 2, 2, 1, 0, 2, 0, 2, 2, 1, 0, 1, 1, 1, 0, 0, 1, 0, 2, 1, 2, 2, 0, 0, 1, 1, 0, 2, 0, 2, 1, 0, 0, 2, 0, 0, 2, 0, 1, 0, 0, 0, 2, 1, 1, 2, 2, 0, 2, 2, 0, 1, 2, 1, 1, 2, 0, 1, 1, 1, 1, 2, 2, 1, 1, 2, 1, 0, 1, 0, 1, 0, 2, 1, 1, 1, 1, 0, 1, 1, 2, 0]|[1, 3, 2, 0, 4, 1, 4, 4, 2, 4, 3, 2, 1, 0, 2, 1, 1, 1, 2, 1, 1, 3, 0, 1, 0, 1, 1, 4, 1, 4, 3, 2, 2, 0, 4, 1, 1, 4, 0, 1, 2, 1, 4, 4, 1, 1, 0, 2, 3, 2, 2, 1, 2, 1, 1, 2, 4, 2, 0, 2, 2, 3, 3, 0, 1, 2, 1, 1, 2, 4, 1, 3, 4, 1, 2, 4, 3, 3, 3, 1, 1, 4, 3, 1, 3, 2, 4, 2, 4, 2, 1, 4, 1, 4, 3, 2, 3, 4, 1, 2]|[1, 2, 1, 0, 3, 0, 1, 3, 0, 0, 2, 0, 1, 0, 1, 0, 0, 0, 1, 0, 0, 2, 0, 0, 1, 0, 0, 3, 0, 1, 0, 2, 0, 1, 3, 0, 1, 3, 1, 0, 0, 0, 1, 3, 0, 0, 1, 0, 2, 0, 0, 0, 0, 0, 1, 0, 1, 0, 1, 1, 0, 2, 0, 0, 0, 0, 0, 0, 0, 2, 0, 0, 1, 0, 0, 1, 0, 0, 3, 0, 0, 1, 0, 0, 0, 0, 3, 0, 2, 0, 0, 2, 1, 3, 0, 0, 0, 1, 0, 0],853.9586631816869,51686.521742419325,106121.17870986674,false
32,G2_TEC,G2_TEC,[31, 22, 82, 15, 26, 9, 95, 42, 77, 68, 47, 5, 93, 78, 86, 54, 85, 63, 18, 44, 20, 49, 36, 14, 74, 50, 53, 17, 21, 28, 11, 64, 3, 23, 30, 83, 24, 41, 60, 52, 65, 27, 90, 70, 39, 87, 48, 69, 99, 4, 46, 1, 13, 58, 97, 59, 45, 8, 73, 37, 35, 79, 71, 66, 76, 32, 40, 80, 56, 6, 67, 61, 12, 7, 57, 34, 33, 16, 10, 98, 96, 88, 43, 75, 91, 38, 84, 92, 29, 19, 51, 55, 72, 89, 25, 81, 94, 2, 62, 0]|[2, 1, 2, 1, 1, 2, 1, 1, 1, 1, 1, 0, 2, 2, 1, 2, 0, 0, 0, 2, 2, 1, 0, 2, 0, 2, 2, 1, 0, 1, 1, 1, 0, 0, 1, 0, 2, 1, 2, 2, 0, 0, 1, 1, 0, 2, 0, 2, 1, 0, 0, 2, 0, 0, 2, 0, 1, 1, 0, 0, 2, 1, 1, 2, 2, 0, 2, 2, 2, 1, 2, 1, 1, 2, 0, 1, 1, 2, 1, 2, 0, 1, 1, 0, 1, 0, 0, 0, 1, 1, 1, 0, 1, 1, 1, 1, 2, 2, 1, 0]|[0, 3, 0, 3, 4, 1, 4, 4, 2, 4, 3, 2, 1, 0, 2, 1, 1, 1, 2, 1, 1, 3, 0, 1, 0, 1, 1, 4, 1, 4, 3, 2, 2, 0, 4, 1, 1, 4, 1, 1, 2, 1, 4, 4, 1, 1, 0, 2, 3, 2, 2, 1, 2, 1, 1, 2, 4, 3, 0, 2, 2, 3, 3, 1, 1, 2, 1, 1, 1, 4, 1, 3, 3, 1, 2, 4, 4, 1, 3, 1, 2, 4, 4, 2, 3, 2, 2, 2, 3, 4, 3, 2, 4, 4, 4, 4, 1, 1, 3, 2]|[0, 2, 0, 0, 3, 0, 1, 3, 0, 0, 2, 0, 1, 0, 1, 0, 0, 0, 1, 0, 0, 2, 0, 0, 1, 0, 0, 3, 0, 1, 0, 2, 0, 0, 3, 0, 1, 1, 0, 0, 0, 0, 1, 3, 0, 0, 1, 0, 2, 0, 0, 0, 0, 0, 1, 0, 1, 0, 1, 1, 0, 2, 0, 0, 0, 0, 0, 0, 0, 2, 0, 0, 0, 0, 0, 1, 1, 0, 3, 0, 0, 1, 2, 0, 0, 0, 0, 0, 3, 1, 0, 0, 2, 1, 3, 2, 0, 0, 0, 0],908.6830653768391,49415.2661194787,107289.49159059927,false
32,G3_TWC,G3_TWC,[31, 22, 82, 15, 26, 58, 95, 42, 77, 12, 47, 5, 93, 78, 98, 54, 85, 63, 18, 44, 20, 35, 43, 97, 91, 76, 10, 30, 21, 45, 71, 64, 1, 23, 17, 83, 24, 14, 60, 36, 6, 57, 94, 88, 65, 56, 79, 40, 67, 68, 46, 75, 38, 9, 19, 32, 81, 41, 27, 62, 87, 90, 99, 59, 11, 16, 72, 73, 70, 39, 37, 84, 3, 92, 25, 55, 28, 29, 51, 7, 33, 61, 86, 66, 89, 50, 48, 96, 53, 8, 4, 80, 34, 49, 52, 0, 13, 2, 69, 74]|[1, 1, 0, 1, 1, 1, 2, 1, 2, 1, 2, 2, 2, 1, 1, 0, 0, 1, 0, 2, 2, 0, 1, 2, 0, 1, 2, 2, 0, 0, 1, 2, 1, 2, 1, 0, 2, 0, 1, 1, 0, 1, 1, 1, 0, 2, 1, 1, 0, 0, 0, 0, 1, 1, 2, 1, 2, 0, 0, 0, 2, 1, 0, 1, 2, 1, 2, 1, 1, 1, 1, 1, 2, 0, 1, 1, 0, 0, 0, 1, 2, 1, 0, 2, 1, 0, 0, 0, 0, 1, 0, 0, 2, 0, 1, 0, 0, 0, 1, 2]|[4, 3, 2, 2, 0, 0, 2, 2, 2, 4, 1, 1, 2, 4, 4, 1, 1, 4, 2, 1, 1, 1, 1, 2, 1, 2, 1, 1, 1, 1, 3, 2, 3, 0, 4, 0, 1, 1, 0, 3, 2, 2, 4, 0, 1, 1, 0, 2, 0, 1, 2, 2, 1, 4, 0, 3, 2, 1, 1, 2, 1, 3, 1, 1, 1, 3, 0, 4, 3, 1, 4, 1, 1, 2, 4, 4, 2, 1, 1, 3, 1, 3, 1, 1, 1, 1, 1, 1, 2, 3, 2, 1, 1, 1, 1, 2, 2, 2, 3, 1]|[0, 2, 1, 1, 3, 3, 0, 1, 0, 0, 0, 0, 1, 0, 1, 0, 0, 3, 1, 0, 0, 0, 3, 1, 0, 2, 0, 0, 0, 1, 0, 0, 0, 0, 3, 0, 1, 0, 0, 2, 1, 1, 2, 0, 0, 0, 0, 1, 1, 0, 0, 0, 1, 3, 0, 0, 1, 0, 0, 1, 0, 2, 0, 1, 0, 2, 1, 0, 0, 1, 1, 3, 0, 1, 3, 3, 1, 0, 0, 2, 0, 0, 0, 0, 1, 0, 0, 0, 1, 2, 1, 0, 0, 1, 1, 0, 0, 0, 0, 0],790.0808266764368,57926.0831962336,89131.00769295532,false
32,G1_CMAX,G1_CMAX,[31, 22, 82, 15, 26, 99, 95, 42, 77, 12, 47, 5, 93, 78, 86, 54, 21, 63, 18, 44, 20, 35, 43, 97, 91, 76, 10, 30, 85, 45, 71, 64, 1, 23, 17, 83, 24, 14, 60, 36, 6, 57, 40, 88, 65, 56, 79, 94, 67, 68, 46, 75, 38, 9, 19, 32, 41, 81, 27, 87, 90, 58, 59, 11, 16, 72, 73, 70, 39, 37, 84, 3, 92, 25, 55, 48, 62, 29, 51, 96, 33, 61, 98, 28, 89, 50, 4, 7, 53, 80, 52, 66, 34, 49, 8, 0, 74, 69, 2, 13]|[1, 1, 0, 1, 1, 0, 1, 1, 2, 1, 2, 2, 2, 1, 1, 0, 0, 1, 0, 2, 2, 0, 1, 2, 0, 1, 2, 2, 0, 0, 1, 2, 1, 2, 1, 0, 2, 0, 1, 1, 0, 1, 1, 1, 0, 2, 1, 1, 0, 0, 0, 0, 1, 1, 2, 1, 0, 2, 0, 2, 1, 0, 1, 2, 1, 2, 1, 1, 1, 1, 1, 1, 0, 1, 2, 0, 0, 0, 0, 2, 2, 1, 2, 0, 1, 0, 1, 2, 0, 0, 1, 2, 2, 0, 1, 0, 2, 1, 0, 0]|[0, 3, 2, 2, 4, 1, 2, 3, 2, 4, 1, 1, 2, 4, 4, 1, 1, 4, 2, 1, 1, 1, 1, 2, 1, 2, 1, 1, 2, 1, 3, 2, 3, 1, 4, 0, 1, 1, 0, 3, 2, 2, 2, 0, 1, 1, 0, 4, 0, 1, 2, 2, 1, 4, 0, 3, 1, 1, 1, 1, 3, 1, 1, 1, 3, 0, 4, 3, 1, 4, 1, 1, 0, 4, 1, 1, 2, 1, 1, 1, 1, 3, 1, 2, 1, 1, 4, 1, 2, 1, 1, 1, 1, 1, 3, 2, 1, 4, 2, 2]|[0, 2, 1, 1, 3, 0, 1, 3, 0, 0, 0, 0, 1, 0, 1, 0, 0, 3, 1, 0, 0, 0, 3, 1, 0, 2, 0, 0, 0, 1, 0, 0, 0, 0, 3, 0, 1, 0, 0, 2, 1, 1, 1, 0, 0, 0, 0, 2, 1, 0, 0, 0, 1, 3, 0, 0, 0, 0, 0, 0, 2, 0, 1, 0, 2, 1, 0, 0, 1, 1, 3, 1, 1, 3, 0, 0, 1, 0, 0, 0, 0, 0, 0, 1, 1, 0, 0, 0, 1, 0, 1, 0, 0, 1, 2, 0, 0, 2, 0, 0],731.2476204416437,56784.74762275103,92889.2977037672,false
32,G4_BALANCED,G1_CMAX,[20, 22, 82, 15, 26, 99, 95, 42, 77, 12, 47, 5, 93, 78, 86, 54, 21, 63, 18, 44, 31, 35, 43, 97, 91, 76, 10, 30, 85, 45, 71, 64, 1, 23, 17, 83, 24, 14, 60, 36, 6, 57, 40, 88, 65, 56, 79, 94, 67, 68, 46, 75, 38, 9, 19, 32, 41, 81, 27, 87, 90, 58, 59, 11, 16, 72, 73, 70, 39, 37, 84, 3, 92, 25, 55, 48, 62, 29, 51, 7, 33, 61, 50, 28, 89, 98, 4, 96, 53, 80, 8, 66, 34, 49, 52, 0, 74, 69, 2, 13]|[1, 1, 0, 1, 1, 0, 1, 1, 2, 1, 2, 2, 2, 1, 1, 0, 0, 1, 0, 2, 2, 0, 1, 2, 0, 1, 2, 2, 0, 0, 1, 2, 1, 2, 1, 0, 2, 0, 1, 1, 0, 1, 1, 1, 0, 2, 1, 1, 0, 0, 0, 0, 1, 1, 2, 1, 0, 2, 0, 2, 1, 0, 1, 2, 1, 2, 1, 1, 1, 1, 1, 1, 0, 1, 2, 0, 0, 0, 0, 2, 2, 1, 0, 0, 1, 0, 1, 2, 0, 0, 1, 2, 2, 0, 1, 0, 2, 1, 0, 0]|[0, 3, 2, 2, 4, 1, 2, 3, 2, 4, 1, 1, 2, 4, 4, 1, 1, 4, 2, 1, 1, 1, 1, 2, 1, 2, 1, 1, 2, 1, 3, 2, 3, 1, 4, 0, 1, 1, 0, 3, 2, 2, 2, 0, 1, 1, 0, 4, 0, 1, 2, 2, 1, 4, 0, 3, 1, 1, 1, 1, 3, 1, 1, 1, 3, 0, 4, 3, 1, 4, 1, 1, 0, 4, 1, 1, 2, 1, 1, 1, 1, 3, 1, 2, 1, 1, 4, 1, 2, 1, 3, 1, 1, 1, 1, 2, 1, 4, 2, 2]|[0, 2, 1, 1, 3, 0, 1, 3, 0, 0, 0, 0, 1, 0, 1, 0, 0, 3, 1, 0, 0, 0, 3, 1, 0, 2, 0, 0, 0, 1, 0, 0, 0, 0, 3, 0, 1, 0, 0, 2, 1, 1, 1, 0, 0, 0, 0, 2, 1, 0, 0, 0, 1, 3, 0, 0, 0, 0, 0, 0, 2, 0, 1, 0, 2, 1, 0, 0, 1, 1, 3, 1, 1, 3, 0, 0, 1, 0, 0, 0, 0, 0, 0, 1, 1, 0, 0, 0, 1, 0, 2, 0, 0, 1, 1, 0, 0, 2, 0, 0],757.5783344117788,56835.43072211686,91707.0056528871,true
32,G2_TEC,G2_TEC,[31, 22, 82, 15, 26, 9, 95, 42, 77, 68, 47, 5, 93, 78, 86, 54, 85, 63, 18, 44, 20, 49, 36, 14, 74, 50, 53, 17, 21, 28, 11, 64, 3, 23, 30, 83, 24, 41, 40, 52, 65, 27, 90, 70, 39, 87, 48, 69, 99, 4, 46, 1, 13, 58, 97, 59, 45, 8, 73, 37, 35, 79, 71, 66, 76, 32, 60, 80, 56, 6, 67, 61, 33, 7, 57, 34, 12, 16, 10, 98, 96, 88, 43, 75, 91, 38, 84, 92, 29, 19, 51, 55, 72, 25, 89, 81, 94, 2, 62, 0]|[2, 1, 2, 1, 1, 2, 1, 1, 1, 1, 1, 0, 2, 2, 1, 2, 0, 0, 0, 2, 2, 1, 0, 2, 0, 2, 2, 1, 0, 1, 1, 1, 0, 0, 1, 0, 2, 1, 2, 2, 0, 0, 1, 1, 0, 2, 0, 2, 1, 0, 0, 2, 0, 0, 1, 0, 1, 1, 0, 0, 2, 1, 1, 2, 2, 0, 2, 2, 2, 1, 2, 1, 1, 2, 0, 1, 1, 2, 1, 2, 0, 1, 1, 0, 1, 0, 0, 0, 1, 1, 1, 0, 1, 1, 1, 1, 2, 2, 1, 0]|[0, 3, 0, 3, 4, 1, 4, 4, 2, 4, 3, 2, 1, 0, 2, 1, 1, 1, 2, 1, 1, 3, 0, 1, 0, 1, 1, 4, 1, 4, 3, 2, 2, 0, 4, 1, 1, 4, 1, 1, 2, 1, 4, 4, 1, 1, 0, 2, 3, 2, 2, 1, 2, 1, 4, 2, 4, 3, 0, 2, 2, 3, 3, 1, 1, 2, 1, 1, 1, 4, 1, 3, 4, 1, 2, 4, 3, 1, 3, 1, 2, 4, 4, 2, 3, 2, 2, 2, 3, 4, 3, 2, 4, 4, 4, 4, 1, 1, 3, 2]|[0, 2, 0, 0, 3, 0, 1, 3, 0, 0, 2, 0, 1, 0, 1, 0, 0, 0, 1, 0, 0, 2, 0, 0, 1, 0, 0, 3, 0, 1, 0, 2, 0, 0, 3, 0, 1, 1, 0, 0, 0, 0, 1, 3, 0, 0, 1, 0, 2, 0, 0, 0, 0, 0, 1, 0, 1, 0, 1, 1, 0, 2, 0, 0, 0, 0, 0, 0, 0, 2, 0, 0, 1, 0, 0, 1, 0, 0, 3, 0, 0, 1, 2, 0, 0, 0, 0, 0, 3, 1, 0, 0, 1, 3, 1, 2, 0, 0, 0, 0],900.1303070342979,49435.293097930204,108797.92871751191,false
32,G3_TWC,G3_TWC,[31, 22, 82, 15, 26, 58, 95, 42, 77, 12, 47, 5, 93, 78, 98, 54, 85, 63, 18, 44, 20, 35, 43, 97, 91, 76, 10, 30, 21, 45, 71, 64, 1, 23, 17, 83, 24, 14, 60, 36, 6, 57, 94, 88, 65, 56, 79, 40, 67, 68, 46, 75, 38, 9, 19, 32, 81, 41, 27, 62, 87, 90, 99, 59, 11, 16, 72, 73, 70, 39, 37, 84, 3, 92, 25, 55, 28, 29, 51, 7, 33, 61, 86, 66, 89, 50, 48, 96, 53, 8, 4, 80, 34, 49, 52, 0, 13, 2, 69, 74]|[1, 1, 0, 1, 1, 1, 2, 1, 2, 1, 2, 2, 2, 1, 1, 0, 0, 1, 0, 2, 2, 0, 1, 2, 0, 1, 2, 2, 0, 0, 1, 2, 1, 2, 1, 0, 2, 0, 1, 1, 0, 1, 1, 1, 0, 2, 1, 1, 0, 0, 0, 0, 1, 1, 2, 1, 2, 0, 0, 0, 2, 1, 0, 1, 2, 1, 2, 1, 1, 1, 1, 1, 2, 0, 1, 1, 0, 0, 0, 1, 2, 1, 0, 2, 1, 0, 0, 0, 0, 1, 0, 0, 2, 0, 1, 0, 0, 0, 1, 2]|[4, 3, 2, 2, 0, 0, 2, 2, 2, 4, 1, 1, 2, 4, 4, 1, 1, 4, 2, 1, 1, 1, 1, 2, 1, 2, 1, 1, 1, 1, 3, 2, 3, 0, 4, 0, 1, 1, 0, 3, 2, 2, 4, 0, 1, 1, 0, 2, 0, 1, 2, 2, 1, 4, 0, 3, 2, 1, 1, 2, 1, 3, 1, 1, 1, 3, 0, 4, 3, 1, 4, 1, 1, 2, 4, 4, 2, 1, 1, 3, 1, 3, 1, 1, 1, 1, 1, 1, 2, 3, 2, 1, 1, 1, 1, 2, 2, 2, 3, 1]|[0, 2, 1, 1, 3, 3, 0, 1, 0, 0, 0, 0, 1, 0, 1, 0, 0, 3, 1, 0, 0, 0, 3, 1, 0, 2, 0, 0, 0, 1, 0, 0, 0, 0, 3, 0, 1, 0, 0, 2, 1, 1, 2, 0, 0, 0, 0, 1, 1, 0, 0, 0, 1, 3, 0, 0, 1, 0, 0, 1, 0, 2, 0, 1, 0, 2, 1, 0, 0, 1, 1, 3, 0, 1, 3, 3, 1, 0, 0, 2, 0, 0, 0, 0, 1, 0, 0, 0, 1, 2, 1, 0, 0, 1, 1, 0, 0, 0, 0, 0],790.0808266764368,57926.0831962336,89131.00769295532,false
32,G1_CMAX,G1_CMAX,[31, 22, 82, 15, 26, 99, 95, 42, 77, 12, 47, 5, 93, 78, 86, 54, 21, 63, 18, 44, 20, 35, 43, 97, 91, 76, 10, 30, 85, 45, 71, 64, 1, 23, 17, 83, 24, 14, 60, 36, 6, 57, 40, 88, 65, 56, 79, 94, 67, 68, 46, 75, 38, 9, 19, 32, 41, 81, 27, 87, 90, 58, 59, 11, 16, 72, 73, 70, 39, 37, 84, 3, 92, 25, 55, 48, 62, 29, 51, 96, 33, 61, 98, 28, 89, 50, 4, 7, 53, 80, 52, 66, 34, 49, 8, 0, 74, 69, 2, 13]|[1, 1, 0, 1, 1, 0, 1, 1, 2, 1, 2, 2, 2, 1, 1, 0, 0, 1, 0, 2, 2, 0, 1, 2, 0, 1, 2, 2, 0, 0, 1, 2, 1, 2, 1, 0, 2, 0, 1, 1, 0, 1, 1, 1, 0, 2, 1, 1, 0, 0, 0, 0, 1, 1, 2, 1, 0, 2, 0, 2, 1, 0, 1, 2, 1, 2, 1, 1, 1, 1, 1, 1, 0, 1, 2, 0, 0, 0, 0, 2, 2, 1, 2, 0, 1, 0, 1, 2, 0, 0, 1, 2, 2, 0, 1, 0, 2, 1, 0, 0]|[0, 3, 2, 2, 4, 1, 2, 3, 2, 4, 1, 1, 2, 4, 4, 1, 1, 4, 2, 1, 1, 1, 1, 2, 1, 2, 1, 1, 2, 1, 3, 2, 3, 1, 4, 0, 1, 1, 0, 3, 2, 2, 2, 0, 1, 1, 0, 4, 0, 1, 2, 2, 1, 4, 0, 3, 1, 1, 1, 1, 3, 1, 1, 1, 3, 0, 4, 3, 1, 4, 1, 1, 0, 4, 1, 1, 2, 1, 1, 1, 1, 3, 1, 2, 1, 1, 4, 1, 2, 1, 1, 1, 1, 1, 3, 2, 1, 4, 2, 2]|[0, 2, 1, 1, 3, 0, 1, 3, 0, 0, 0, 0, 1, 0, 1, 0, 0, 3, 1, 0, 0, 0, 3, 1, 0, 2, 0, 0, 0, 1, 0, 0, 0, 0, 3, 0, 1, 0, 0, 2, 1, 1, 1, 0, 0, 0, 0, 2, 1, 0, 0, 0, 1, 3, 0, 0, 0, 0, 0, 0, 2, 0, 1, 0, 2, 1, 0, 0, 1, 1, 3, 1, 1, 3, 0, 0, 1, 0, 0, 0, 0, 0, 0, 1, 1, 0, 0, 0, 1, 0, 1, 0, 0, 1, 2, 0, 0, 2, 0, 0],731.2476204416437,56784.74762275103,92889.2977037672,false
32,G4_BALANCED,G4_BALANCED,[31, 22, 82, 15, 26, 99, 95, 42, 77, 12, 47, 5, 93, 78, 86, 54, 21, 63, 18, 44, 20, 23, 43, 97, 91, 76, 10, 30, 85, 45, 71, 64, 1, 35, 17, 83, 24, 14, 60, 36, 6, 57, 40, 88, 65, 56, 79, 94, 67, 68, 46, 75, 38, 9, 19, 32, 41, 81, 27, 87, 90, 58, 59, 11, 16, 72, 73, 70, 39, 37, 84, 3, 92, 25, 55, 48, 62, 29, 51, 96, 33, 61, 98, 28, 89, 50, 4, 7, 53, 80, 8, 66, 34, 49, 52, 0, 74, 69, 2, 13]|[2, 1, 0, 1, 1, 0, 1, 1, 2, 1, 2, 2, 2, 1, 1, 0, 0, 1, 0, 2, 2, 0, 1, 2, 0, 1, 2, 2, 0, 0, 1, 2, 1, 2, 1, 0, 2, 0, 1, 1, 0, 1, 1, 1, 0, 2, 1, 1, 0, 0, 0, 0, 1, 1, 2, 1, 0, 2, 0, 2, 1, 0, 1, 2, 1, 2, 1, 1, 1, 1, 1, 1, 0, 1, 2, 0, 0, 0, 0, 2, 2, 1, 2, 0, 1, 0, 1, 2, 0, 0, 1, 2, 2, 0, 1, 0, 2, 1, 0, 0]|[1, 3, 2, 2, 4, 1, 2, 3, 2, 4, 1, 1, 2, 4, 4, 1, 1, 4, 2, 1, 1, 1, 1, 2, 1, 2, 1, 1, 2, 1, 3, 2, 3, 1, 4, 0, 1, 1, 0, 3, 2, 2, 2, 0, 1, 1, 0, 4, 0, 1, 2, 2, 1, 4, 0, 3, 1, 1, 1, 1, 3, 1, 1, 1, 3, 0, 4, 3, 1, 4, 1, 1, 0, 4, 1, 1, 2, 1, 1, 1, 1, 3, 1, 2, 1, 1, 4, 1, 2, 1, 3, 1, 1, 1, 1, 2, 1, 4, 2, 2]|[0, 2, 1, 1, 3, 0, 1, 3, 0, 0, 0, 0, 1, 0, 1, 0, 0, 3, 1, 0, 0, 0, 3, 1, 0, 2, 0, 0, 0, 1, 0, 0, 0, 0, 3, 0, 1, 0, 0, 2, 1, 1, 1, 0, 0, 0, 0, 2, 1, 0, 0, 0, 1, 3, 0, 0, 0, 0, 0, 0, 2, 0, 1, 0, 2, 1, 0, 0, 1, 1, 3, 1, 1, 3, 0, 0, 1, 0, 0, 0, 0, 0, 0, 1, 1, 0, 0, 0, 1, 0, 2, 0, 0, 1, 1, 0, 0, 2, 0, 0],747.0447039953423,56009.8738606192,91689.36854044648,false
32,G2_TEC,G2_TEC,[31, 22, 82, 15, 26, 9, 95, 42, 77, 68, 47, 5, 93, 78, 86, 54, 85, 63, 18, 44, 20, 49, 36, 14, 74, 50, 53, 17, 21, 28, 11, 64, 3, 23, 30, 83, 24, 41, 40, 52, 65, 27, 90, 70, 39, 87, 48, 69, 99, 4, 46, 1, 13, 58, 97, 59, 45, 8, 73, 37, 35, 79, 71, 66, 76, 32, 60, 80, 56, 6, 67, 61, 33, 7, 57, 34, 12, 16, 10, 98, 96, 88, 43, 75, 91, 38, 84, 92, 29, 19, 51, 55, 72, 25, 89, 81, 94, 2, 62, 0]|[2, 1, 2, 1, 1, 2, 1, 1, 1, 1, 1, 0, 2, 2, 1, 2, 0, 0, 0, 2, 2, 1, 0, 2, 0, 2, 2, 1, 0, 1, 1, 1, 0, 0, 1, 0, 2, 1, 2, 2, 0, 0, 1, 1, 0, 2, 0, 2, 1, 0, 0, 2, 0, 0, 1, 0, 1, 1, 0, 0, 2, 1, 1, 2, 2, 0, 2, 2, 2, 1, 2, 1, 1, 2, 0, 1, 1, 2, 1, 2, 0, 1, 1, 0, 1, 0, 0, 0, 1, 1, 1, 0, 1, 1, 1, 1, 2, 2, 1, 0]|[0, 3, 0, 3, 4, 1, 4, 4, 2, 4, 3, 2, 1, 0, 2, 1, 1, 1, 2, 1, 1, 3, 0, 1, 0, 1, 1, 4, 1, 4, 3, 2, 2, 0, 4, 1, 1, 4, 1, 1, 2, 1, 4, 4, 1, 1, 0, 2, 3, 2, 2, 1, 2, 1, 4, 2, 4, 3, 0, 2, 2, 3, 3, 1, 1, 2, 1, 1, 1, 4, 1, 3, 4, 1, 2, 4, 3, 1, 3, 1, 2, 4, 4, 2, 3, 2, 2, 2, 3, 4, 3, 2, 4, 4, 4, 4, 1, 1, 3, 2]|[0, 2, 0, 0, 3, 0, 1, 3, 0, 0, 2, 0, 1, 0, 1, 0, 0, 0, 1, 0, 0, 2, 0, 0, 1, 0, 0, 3, 0, 1, 0, 2, 0, 0, 3, 0, 1, 1, 0, 0, 0, 0, 1, 3, 0, 0, 1, 0, 2, 0, 0, 0, 0, 0, 1, 0, 1, 0, 1, 1, 0, 2, 0, 0, 0, 0, 0, 0, 0, 2, 0, 0, 1, 0, 0, 1, 0, 0, 3, 0, 0, 1, 2, 0, 0, 0, 0, 0, 3, 1, 0, 0, 1, 3, 1, 2, 0, 0, 0, 0],900.1303070342979,49435.293097930204,108797.92871751191,false
32,G3_TWC,G3_TWC,[31, 22, 82, 15, 26, 58, 95, 42, 77, 12, 47, 5, 93, 78, 98, 54, 85, 63, 18, 44, 20, 35, 43, 97, 91, 76, 10, 30, 21, 45, 71, 64, 1, 23, 17, 83, 24, 14, 60, 36, 6, 57, 94, 88, 65, 56, 79, 40, 67, 68, 46, 75, 38, 9, 19, 32, 81, 41, 27, 62, 87, 90, 99, 59, 11, 16, 72, 73, 70, 39, 37, 84, 3, 92, 25, 55, 28, 29, 51, 7, 33, 61, 86, 66, 89, 50, 48, 96, 53, 8, 4, 80, 34, 49, 52, 0, 13, 2, 69, 74]|[1, 1, 0, 1, 1, 1, 2, 1, 2, 1, 2, 2, 2, 1, 1, 0, 0, 1, 0, 2, 2, 0, 1, 2, 0, 1, 2, 2, 0, 0, 1, 2, 1, 2, 1, 0, 2, 0, 1, 1, 0, 1, 1, 1, 0, 2, 1, 1, 0, 0, 0, 0, 1, 1, 2, 1, 2, 0, 0, 0, 2, 1, 0, 1, 2, 1, 2, 1, 1, 1, 1, 1, 2, 0, 1, 1, 0, 0, 0, 1, 2, 1, 0, 2, 1, 0, 0, 0, 0, 1, 0, 0, 2, 0, 1, 0, 0, 0, 1, 2]|[4, 3, 2, 2, 0, 0, 2, 2, 2, 4, 1, 1, 2, 4, 4, 1, 1, 4, 2, 1, 1, 1, 1, 2, 1, 2, 1, 1, 1, 1, 3, 2, 3, 0, 4, 0, 1, 1, 0, 3, 2, 2, 4, 0, 1, 1, 0, 2, 0, 1, 2, 2, 1, 4, 0, 3, 2, 1, 1, 2, 1, 3, 1, 1, 1, 3, 0, 4, 3, 1, 4, 1, 1, 2, 4, 4, 2, 1, 1, 3, 1, 3, 1, 1, 1, 1, 1, 1, 2, 3, 2, 1, 1, 1, 1, 2, 2, 2, 3, 1]|[0, 2, 1, 1, 3, 3, 0, 1, 0, 0, 0, 0, 1, 0, 1, 0, 0, 3, 1, 0, 0, 0, 3, 1, 0, 2, 0, 0, 0, 1, 0, 0, 0, 0, 3, 0, 1, 0, 0, 2, 1, 1, 2, 0, 0, 0, 0, 1, 1, 0, 0, 0, 1, 3, 0, 0, 1, 0, 0, 1, 0, 2, 0, 1, 0, 2, 1, 0, 0, 1, 1, 3, 0, 1, 3, 3, 1, 0, 0, 2, 0, 0, 0, 0, 1, 0, 0, 0, 1, 2, 1, 0, 0, 1, 1, 0, 0, 0, 0, 0],790.0808266764368,57926.0831962336,89131.00769295532,false
32,G1_CMAX,G1_CMAX,[31, 22, 82, 15, 26, 99, 95, 42, 77, 12, 47, 5, 93, 78, 86, 54, 21, 63, 18, 44, 20, 35, 43, 97, 91, 76, 10, 30, 85, 45, 71, 64, 1, 23, 17, 83, 24, 14, 60, 36, 6, 57, 40, 88, 65, 56, 79, 94, 67, 68, 46, 75, 38, 9, 19, 32, 41, 81, 27, 87, 90, 58, 59, 11, 16, 72, 73, 70, 39, 37, 84, 3, 92, 25, 55, 48, 62, 29, 51, 96, 33, 61, 98, 28, 89, 50, 4, 7, 53, 80, 52, 66, 34, 49, 8, 0, 74, 69, 2, 13]|[1, 1, 0, 1, 1, 0, 1, 1, 2, 1, 2, 2, 2, 1, 1, 0, 0, 1, 0, 2, 2, 0, 1, 2, 0, 1, 2, 2, 0, 0, 1, 2, 1, 2, 1, 0, 2, 0, 1, 1, 0, 1, 1, 1, 0, 2, 1, 1, 0, 0, 0, 0, 1, 1, 2, 1, 0, 2, 0, 2, 1, 0, 1, 2, 1, 2, 1, 1, 1, 1, 1, 1, 0, 1, 2, 0, 0, 0, 0, 2, 2, 1, 2, 0, 1, 0, 1, 2, 0, 0, 1, 2, 2, 0, 1, 0, 2, 1, 0, 0]|[0, 3, 2, 2, 4, 1, 2, 3, 2, 4, 1, 1, 2, 4, 4, 1, 1, 4, 2, 1, 1, 1, 1, 2, 1, 2, 1, 1, 2, 1, 3, 2, 3, 1, 4, 0, 1, 1, 0, 3, 2, 2, 2, 0, 1, 1, 0, 4, 0, 1, 2, 2, 1, 4, 0, 3, 1, 1, 1, 1, 3, 1, 1, 1, 3, 0, 4, 3, 1, 4, 1, 1, 0, 4, 1, 1, 2, 1, 1, 1, 1, 3, 1, 2, 1, 1, 4, 1, 2, 1, 1, 1, 1, 1, 3, 2, 1, 4, 2, 2]|[0, 2, 1, 1, 3, 0, 1, 3, 0, 0, 0, 0, 1, 0, 1, 0, 0, 3, 1, 0, 0, 0, 3, 1, 0, 2, 0, 0, 0, 1, 0, 0, 0, 0, 3, 0, 1, 0, 0, 2, 1, 1, 1, 0, 0, 0, 0, 2, 1, 0, 0, 0, 1, 3, 0, 0, 0, 0, 0, 0, 2, 0, 1, 0, 2, 1, 0, 0, 1, 1, 3, 1, 1, 3, 0, 0, 1, 0, 0, 0, 0, 0, 0, 1, 1, 0, 0, 0, 1, 0, 1, 0, 0, 1, 2, 0, 0, 2, 0, 0],731.2476204416437,56784.74762275103,92889.2977037672,false
32,G4_BALANCED,G4_BALANCED,[31, 22, 82, 15, 26, 99, 95, 42, 77, 12, 47, 5, 93, 78, 86, 54, 21, 63, 18, 44, 20, 23, 43, 97, 91, 76, 10, 30, 85, 45, 71, 64, 1, 35, 17, 83, 24, 14, 60, 36, 6, 57, 40, 88, 65, 56, 79, 94, 67, 68, 46, 75, 38, 9, 19, 32, 41, 81, 27, 87, 90, 58, 59, 11, 16, 72, 73, 70, 39, 37, 84, 3, 92, 25, 55, 48, 62, 29, 51, 96, 33, 61, 98, 28, 89, 50, 4, 7, 53, 80, 8, 66, 34, 49, 52, 0, 74, 69, 2, 13]|[2, 1, 0, 1, 1, 0, 1, 1, 2, 1, 2, 2, 2, 1, 1, 0, 0, 1, 0, 2, 2, 0, 1, 2, 0, 1, 2, 2, 0, 0, 1, 2, 1, 2, 1, 0, 2, 0, 1, 1, 0, 1, 1, 1, 0, 2, 1, 1, 0, 0, 0, 0, 1, 1, 2, 1, 0, 2, 0, 2, 1, 0, 1, 2, 1, 2, 1, 1, 1, 1, 1, 1, 0, 1, 2, 0, 0, 0, 0, 2, 2, 1, 2, 0, 1, 0, 1, 2, 0, 0, 1, 2, 2, 0, 1, 0, 2, 1, 0, 0]|[1, 3, 2, 2, 4, 1, 2, 3, 2, 4, 1, 1, 2, 4, 4, 1, 1, 4, 2, 1, 1, 1, 1, 2, 1, 2, 1, 1, 2, 1, 3, 2, 3, 1, 4, 0, 1, 1, 0, 3, 2, 2, 2, 0, 1, 1, 0, 4, 0, 1, 2, 2, 1, 4, 0, 3, 1, 1, 1, 1, 3, 1, 1, 1, 3, 0, 4, 3, 1, 4, 1, 1, 0, 4, 1, 1, 2, 1, 1, 1, 1, 3, 1, 2, 1, 1, 4, 1, 2, 1, 3, 1, 1, 1, 1, 2, 1, 4, 2, 2]|[0, 2, 1, 1, 3, 0, 1, 3, 0, 0, 0, 0, 1, 0, 1, 0, 0, 3, 1, 0, 0, 0, 3, 1, 0, 2, 0, 0, 0, 1, 0, 0, 0, 0, 3, 0, 1, 0, 0, 2, 1, 1, 1, 0, 0, 0, 0, 2, 1, 0, 0, 0, 1, 3, 0, 0, 0, 0, 0, 0, 2, 0, 1, 0, 2, 1, 0, 0, 1, 1, 3, 1, 1, 3, 0, 0, 1, 0, 0, 0, 0, 0, 0, 1, 1, 0, 0, 0, 1, 0, 2, 0, 0, 1, 1, 0, 0, 2, 0, 0],747.0447039953423,56009.8738606192,91689.36854044648,false
32,G2_TEC,G2_TEC,[31, 22, 82, 15, 26, 9, 95, 42, 77, 68, 47, 5, 93, 78, 86, 54, 85, 63, 18, 44, 20, 49, 36, 14, 74, 50, 53, 17, 21, 28, 11, 64, 3, 23, 30, 83, 24, 41, 40, 52, 65, 27, 90, 70, 39, 87, 48, 69, 99, 4, 46, 1, 13, 58, 97, 59, 45, 8, 73, 37, 35, 79, 71, 66, 76, 32, 60, 80, 56, 6, 67, 61, 33, 7, 57, 34, 12, 16, 10, 98, 96, 88, 43, 75, 91, 38, 84, 92, 29, 19, 51, 55, 72, 25, 89, 81, 94, 2, 62, 0]|[2, 1, 2, 1, 1, 2, 1, 1, 1, 1, 1, 0, 2, 2, 1, 2, 0, 0, 0, 2, 2, 1, 0, 2, 0, 2, 2, 1, 0, 1, 1, 1, 0, 0, 1, 0, 2, 1, 2, 2, 0, 0, 1, 1, 0, 2, 0, 2, 1, 0, 0, 2, 0, 0, 1, 0, 1, 1, 0, 0, 2, 1, 1, 2, 2, 0, 2, 2, 2, 1, 2, 1, 1, 2, 0, 1, 1, 2, 1, 2, 0, 1, 1, 0, 1, 0, 0, 0, 1, 1, 1, 0, 1, 1, 1, 1, 2, 2, 1, 0]|[0, 3, 0, 3, 4, 1, 4, 4, 2, 4, 3, 2, 1, 0, 2, 1, 1, 1, 2, 1, 1, 3, 0, 1, 0, 1, 1, 4, 1, 4, 3, 2, 2, 0, 4, 1, 1, 4, 1, 1, 2, 1, 4, 4, 1, 1, 0, 2, 3, 2, 2, 1, 2, 1, 4, 2, 4, 3, 0, 2, 2, 3, 3, 1, 1, 2, 1, 1, 1, 4, 1, 3, 4, 1, 2, 4, 3, 1, 3, 1, 2, 4, 4, 2, 3, 2, 2, 2, 3, 4, 3, 2, 4, 4, 4, 4, 1, 1, 3, 2]|[0, 2, 0, 0, 3, 0, 1, 3, 0, 0, 2, 0, 1, 0, 1, 0, 0, 0, 1, 0, 0, 2, 0, 0, 1, 0, 0, 3, 0, 1, 0, 2, 0, 0, 3, 0, 1, 1, 0, 0, 0, 0, 1, 3, 0, 0, 1, 0, 2, 0, 0, 0, 0, 0, 1, 0, 1, 0, 1, 1, 0, 2, 0, 0, 0, 0, 0, 0, 0, 2, 0, 0, 1, 0, 0, 1, 0, 0, 3, 0, 0, 1, 2, 0, 0, 0, 0, 0, 3, 1, 0, 0, 1, 3, 1, 2, 0, 0, 0, 0],900.1303070342979,49435.293097930204,108797.92871751191,false
32,G3_TWC,G3_TWC,[31, 22, 82, 15, 26, 58, 95, 42, 77, 12, 47, 5, 93, 78, 98, 54, 85, 63, 18, 44, 20, 35, 43, 97, 91, 76, 10, 30, 21, 45, 71, 64, 1, 23, 17, 83, 24, 14, 60, 36, 6, 57, 94, 88, 65, 56, 79, 40, 67, 68, 46, 75, 38, 9, 19, 32, 81, 41, 27, 62, 87, 90, 99, 59, 11, 16, 72, 73, 70, 39, 37, 84, 3, 92, 25, 55, 28, 29, 51, 7, 33, 61, 86, 66, 89, 50, 48, 96, 53, 8, 4, 80, 34, 49, 52, 0, 13, 2, 69, 74]|[1, 1, 0, 1, 1, 1, 2, 1, 2, 1, 2, 2, 2, 1, 1, 0, 0, 1, 0, 2, 2, 0, 1, 2, 0, 1, 2, 2, 0, 0, 1, 2, 1, 2, 1, 0, 2, 0, 1, 1, 0, 1, 1, 1, 0, 2, 1, 1, 0, 0, 0, 0, 1, 1, 2, 1, 2, 0, 0, 0, 2, 1, 0, 1, 2, 1, 2, 1, 1, 1, 1, 1, 2, 0, 1, 1, 0, 0, 0, 1, 2, 1, 0, 2, 1, 0, 0, 0, 0, 1, 0, 0, 2, 0, 1, 0, 0, 0, 1, 2]|[4, 3, 2, 2, 0, 0, 2, 2, 2, 4, 1, 1, 2, 4, 4, 1, 1, 4, 2, 1, 1, 1, 1, 2, 1, 2, 1, 1, 1, 1, 3, 2, 3, 0, 4, 0, 1, 1, 0, 3, 2, 2, 4, 0, 1, 1, 0, 2, 0, 1, 2, 2, 1, 4, 0, 3, 2, 1, 1, 2, 1, 3, 1, 1, 1, 3, 0, 4, 3, 1, 4, 1, 1, 2, 4, 4, 2, 1, 1, 3, 1, 3, 1, 1, 1, 1, 1, 1, 2, 3, 2, 1, 1, 1, 1, 2, 2, 2, 3, 1]|[0, 2, 1, 1, 3, 3, 0, 1, 0, 0, 0, 0, 1, 0, 1, 0, 0, 3, 1, 0, 0, 0, 3, 1, 0, 2, 0, 0, 0, 1, 0, 0, 0, 0, 3, 0, 1, 0, 0, 2, 1, 1, 2, 0, 0, 0, 0, 1, 1, 0, 0, 0, 1, 3, 0, 0, 1, 0, 0, 1, 0, 2, 0, 1, 0, 2, 1, 0, 0, 1, 1, 3, 0, 1, 3, 3, 1, 0, 0, 2, 0, 0, 0, 0, 1, 0, 0, 0, 1, 2, 1, 0, 0, 1, 1, 0, 0, 0, 0, 0],790.0808266764368,57926.0831962336,89131.00769295532,false
33,G1_CMAX,G1_CMAX,[31, 22, 82, 15, 26, 99, 95, 42, 77, 12, 47, 5, 93, 78, 86, 54, 21, 63, 18, 44, 20, 35, 43, 97, 91, 76, 10, 30, 85, 45, 71, 64, 1, 23, 17, 83, 24, 14, 60, 36, 6, 57, 40, 88, 65, 56, 79, 94, 67, 68, 46, 75, 38, 9, 19, 32, 41, 81, 27, 87, 90, 58, 59, 11, 16, 72, 73, 70, 39, 37, 84, 3, 92, 25, 55, 48, 62, 29, 51, 96, 33, 61, 98, 28, 89, 50, 4, 7, 53, 80, 52, 66, 34, 49, 8, 0, 74, 69, 2, 13]|[1, 1, 0, 1, 1, 0, 1, 1, 2, 1, 2, 2, 2, 1, 1, 0, 0, 1, 0, 2, 2, 0, 1, 2, 0, 1, 2, 2, 0, 0, 1, 2, 1, 2, 1, 0, 2, 0, 1, 1, 0, 1, 1, 1, 0, 2, 1, 1, 0, 0, 0, 0, 1, 1, 2, 1, 0, 2, 0, 2, 1, 0, 1, 2, 1, 2, 1, 1, 1, 1, 1, 1, 0, 1, 2, 0, 0, 0, 0, 2, 2, 1, 2, 0, 1, 0, 1, 2, 0, 0, 1, 2, 2, 0, 1, 0, 2, 1, 0, 0]|[0, 3, 2, 2, 4, 1, 2, 3, 2, 4, 1, 1, 2, 4, 4, 1, 1, 4, 2, 1, 1, 1, 1, 2, 1, 2, 1, 1, 2, 1, 3, 2, 3, 1, 4, 0, 1, 1, 0, 3, 2, 2, 2, 0, 1, 1, 0, 4, 0, 1, 2, 2, 1, 4, 0, 3, 1, 1, 1, 1, 3, 1, 1, 1, 3, 0, 4, 3, 1, 4, 1, 1, 0, 4, 1, 1, 2, 1, 1, 1, 1, 3, 1, 2, 1, 1, 4, 1, 2, 1, 1, 1, 1, 1, 3, 2, 1, 4, 2, 2]|[0, 2, 1, 1, 3, 0, 1, 3, 0, 0, 0, 0, 1, 0, 1, 0, 0, 3, 1, 0, 0, 0, 3, 1, 0, 2, 0, 0, 0, 1, 0, 0, 0, 0, 3, 0, 1, 0, 0, 2, 1, 1, 1, 0, 0, 0, 0, 2, 1, 0, 0, 0, 1, 3, 0, 0, 0, 0, 0, 0, 2, 0, 1, 0, 2, 1, 0, 0, 1, 1, 3, 1, 1, 3, 0, 0, 1, 0, 0, 0, 0, 0, 0, 1, 1, 0, 0, 0, 1, 0, 1, 0, 0, 1, 2, 0, 0, 2, 0, 0],731.2476204416437,56784.74762275103,92889.2977037672,false
33,G4_BALANCED,G4_BALANCED,[31, 22, 82, 15, 26, 99, 95, 42, 77, 12, 47, 5, 93, 78, 86, 54, 21, 63, 18, 44, 20, 23, 43, 97, 91, 76, 10, 30, 85, 45, 71, 64, 1, 35, 17, 83, 24, 14, 60, 36, 6, 57, 40, 88, 65, 56, 79, 94, 67, 68, 46, 75, 38, 9, 19, 32, 41, 81, 27, 87, 90, 58, 59, 11, 16, 72, 73, 70, 39, 37, 84, 3, 92, 25, 55, 48, 62, 29, 51, 96, 33, 61, 98, 28, 89, 50, 4, 7, 53, 80, 8, 66, 34, 49, 52, 0, 74, 69, 2, 13]|[2, 1, 0, 1, 1, 0, 1, 1, 2, 1, 2, 2, 2, 1, 1, 0, 0, 1, 0, 2, 2, 0, 1, 2, 0, 1, 2, 2, 0, 0, 1, 2, 1, 2, 1, 0, 2, 0, 1, 1, 0, 1, 1, 1, 0, 2, 1, 1, 0, 0, 0, 0, 1, 1, 2, 1, 0, 2, 0, 2, 1, 0, 1, 2, 1, 2, 1, 1, 1, 1, 1, 1, 0, 1, 2, 0, 0, 0, 0, 2, 2, 1, 2, 0, 1, 0, 1, 2, 0, 0, 1, 2, 2, 0, 1, 0, 2, 1, 0, 0]|[1, 3, 2, 2, 4, 1, 2, 3, 2, 4, 1, 1, 2, 4, 4, 1, 1, 4, 2, 1, 1, 1, 1, 2, 1, 2, 1, 1, 2, 1, 3, 2, 3, 1, 4, 0, 1, 1, 0, 3, 2, 2, 2, 0, 1, 1, 0, 4, 0, 1, 2, 2, 1, 4, 0, 3, 1, 1, 1, 1, 3, 1, 1, 1, 3, 0, 4, 3, 1, 4, 1, 1, 0, 4, 1, 1, 2, 1, 1, 1, 1, 3, 1, 2, 1, 1, 4, 1, 2, 1, 3, 1, 1, 1, 1, 2, 1, 4, 2, 2]|[0, 2, 1, 1, 3, 0, 1, 3, 0, 0, 0, 0, 1, 0, 1, 0, 0, 3, 1, 0, 0, 0, 3, 1, 0, 2, 0, 0, 0, 1, 0, 0, 0, 0, 3, 0, 1, 0, 0, 2, 1, 1, 1, 0, 0, 0, 0, 2, 1, 0, 0, 0, 1, 3, 0, 0, 0, 0, 0, 0, 2, 0, 1, 0, 2, 1, 0, 0, 1, 1, 3, 1, 1, 3, 0, 0, 1, 0, 0, 0, 0, 0, 0, 1, 1, 0, 0, 0, 1, 0, 2, 0, 0, 1, 1, 0, 0, 2, 0, 0],747.0447039953423,56009.8738606192,91689.36854044648,false
33,G2_TEC,G2_TEC,[31, 22, 82, 15, 26, 9, 95, 42, 77, 68, 47, 5, 93, 78, 86, 54, 85, 63, 18, 44, 20, 49, 36, 14, 74, 50, 53, 17, 21, 28, 11, 64, 3, 23, 30, 83, 24, 41, 40, 52, 65, 27, 90, 70, 39, 87, 48, 69, 99, 4, 46, 1, 13, 58, 97, 59, 45, 8, 73, 37, 35, 79, 71, 66, 76, 32, 60, 80, 56, 6, 67, 61, 33, 7, 57, 34, 12, 16, 10, 98, 96, 88, 43, 75, 91, 38, 84, 92, 29, 19, 51, 55, 72, 25, 89, 81, 94, 2, 62, 0]|[2, 1, 2, 1, 1, 2, 1, 1, 1, 1, 1, 0, 2, 2, 1, 2, 0, 0, 0, 2, 2, 1, 0, 2, 0, 2, 2, 1, 0, 1, 1, 1, 0, 0, 1, 0, 2, 1, 2, 2, 0, 0, 1, 1, 0, 2, 0, 2, 1, 0, 0, 2, 0, 0, 1, 0, 1, 1, 0, 0, 2, 1, 1, 2, 2, 0, 2, 2, 2, 1, 2, 1, 1, 2, 0, 1, 1, 2, 1, 2, 0, 1, 1, 0, 1, 0, 0, 0, 1, 1, 1, 0, 1, 1, 1, 1, 2, 2, 1, 0]|[0, 3, 0, 3, 4, 1, 4, 4, 2, 4, 3, 2, 1, 0, 2, 1, 1, 1, 2, 1, 1, 3, 0, 1, 0, 1, 1, 4, 1, 4, 3, 2, 2, 0, 4, 1, 1, 4, 1, 1, 2, 1, 4, 4, 1, 1, 0, 2, 3, 2, 2, 1, 2, 1, 4, 2, 4, 3, 0, 2, 2, 3, 3, 1, 1, 2, 1, 1, 1, 4, 1, 3, 4, 1, 2, 4, 3, 1, 3, 1, 2, 4, 4, 2, 3, 2, 2, 2, 3, 4, 3, 2, 4, 4, 4, 4, 1, 1, 3, 2]|[0, 2, 0, 0, 3, 0, 1, 3, 0, 0, 2, 0, 1, 0, 1, 0, 0, 0, 1, 0, 0, 2, 0, 0, 1, 0, 0, 3, 0, 1, 0, 2, 0, 0, 3, 0, 1, 1, 0, 0, 0, 0, 1, 3, 0, 0, 1, 0, 2, 0, 0, 0, 0, 0, 1, 0, 1, 0, 1, 1, 0, 2, 0, 0, 0, 0, 0, 0, 0, 2, 0, 0, 1, 0, 0, 1, 0, 0, 3, 0, 0, 1, 2, 0, 0, 0, 0, 0, 3, 1, 0, 0, 1, 3, 1, 2, 0, 0, 0, 0],900.1303070342979,49435.293097930204,108797.92871751191,false
33,G3_TWC,G3_TWC,[31, 22, 82, 15, 26, 58, 95, 42, 77, 12, 47, 5, 93, 78, 98, 54, 85, 63, 18, 44, 20, 35, 43, 97, 91, 76, 10, 30, 21, 45, 71, 64, 1, 23, 17, 83, 24, 14, 60, 36, 6, 57, 94, 88, 65, 56, 79, 40, 67, 68, 46, 75, 38, 9, 19, 32, 81, 41, 27, 62, 87, 90, 99, 59, 11, 16, 72, 73, 70, 39, 37, 84, 3, 92, 25, 55, 28, 29, 51, 7, 33, 61, 86, 66, 89, 50, 48, 96, 53, 8, 4, 80, 34, 49, 52, 0, 13, 2, 69, 74]|[1, 1, 0, 1, 1, 1, 2, 1, 2, 1, 2, 2, 2, 1, 1, 0, 0, 1, 0, 2, 2, 0, 1, 2, 0, 1, 2, 2, 0, 0, 1, 2, 1, 2, 1, 0, 2, 0, 1, 1, 0, 1, 1, 1, 0, 2, 1, 1, 0, 0, 0, 0, 1, 1, 2, 1, 2, 0, 0, 0, 2, 1, 0, 1, 2, 1, 2, 1, 1, 1, 1, 1, 2, 0, 1, 1, 0, 0, 0, 1, 2, 1, 0, 2, 1, 0, 0, 0, 0, 1, 0, 0, 2, 0, 1, 0, 0, 0, 1, 2]|[4, 3, 2, 2, 0, 0, 2, 2, 2, 4, 1, 1, 2, 4, 4, 1, 1, 4, 2, 1, 1, 1, 1, 2, 1, 2, 1, 1, 1, 1, 3, 2, 3, 0, 4, 0, 1, 1, 0, 3, 2, 2, 4, 0, 1, 1, 0, 2, 0, 1, 2, 2, 1, 4, 0, 3, 2, 1, 1, 2, 1, 3, 1, 1, 1, 3, 0, 4, 3, 1, 4, 1, 1, 2, 4, 4, 2, 1, 1, 3, 1, 3, 1, 1, 1, 1, 1, 1, 2, 3, 2, 1, 1, 1, 1, 2, 2, 2, 3, 1]|[0, 2, 1, 1, 3, 3, 0, 1, 0, 0, 0, 0, 1, 0, 1, 0, 0, 3, 1, 0, 0, 0, 3, 1, 0, 2, 0, 0, 0, 1, 0, 0, 0, 0, 3, 0, 1, 0, 0, 2, 1, 1, 2, 0, 0, 0, 0, 1, 1, 0, 0, 0, 1, 3, 0, 0, 1, 0, 0, 1, 0, 2, 0, 1, 0, 2, 1, 0, 0, 1, 1, 3, 0, 1, 3, 3, 1, 0, 0, 2, 0, 0, 0, 0, 1, 0, 0, 0, 1, 2, 1, 0, 0, 1, 1, 0, 0, 0, 0, 0],790.0808266764368,57926.0831962336,89131.00769295532,false
33,G1_CMAX,G1_CMAX,[31, 22, 82, 15, 26, 99, 95, 42, 77, 12, 47, 5, 93, 78, 86, 54, 21, 63, 18, 44, 20, 35, 43, 97, 91, 76, 10, 30, 85, 45, 71, 64, 1, 23, 17, 83, 24, 14, 60, 36, 6, 57, 40, 88, 65, 56, 79, 94, 67, 68, 46, 75, 38, 9, 19, 32, 41, 81, 27, 87, 90, 58, 59, 11, 16, 72, 73, 70, 39, 37, 84, 3, 92, 25, 55, 48, 62, 29, 51, 96, 33, 61, 98, 28, 89, 50, 4, 7, 53, 80, 52, 66, 34, 49, 8, 0, 74, 69, 2, 13]|[1, 1, 0, 1, 1, 0, 1, 1, 2, 1, 2, 2, 2, 1, 1, 0, 0, 1, 0, 2, 2, 0, 1, 2, 0, 1, 2, 2, 0, 0, 1, 2, 1, 2, 1, 0, 2, 0, 1, 1, 0, 1, 1, 1, 0, 2, 1, 1, 0, 0, 0, 0, 1, 1, 2, 1, 0, 2, 0, 2, 1, 0, 1, 2, 1, 2, 1, 1, 1, 1, 1, 1, 0, 1, 2, 0, 0, 0, 0, 2, 2, 1, 2, 0, 1, 0, 1, 2, 0, 0, 1, 2, 2, 0, 1, 0, 2, 1, 0, 0]|[0, 3, 2, 2, 4, 1, 2, 3, 2, 4, 1, 1, 2, 4, 4, 1, 1, 4, 2, 1, 1, 1, 1, 2, 1, 2, 1, 1, 2, 1, 3, 2, 3, 1, 4, 0, 1, 1, 0, 3, 2, 2, 2, 0, 1, 1, 0, 4, 0, 1, 2, 2, 1, 4, 0, 3, 1, 1, 1, 1, 3, 1, 1, 1, 3, 0, 4, 3, 1, 4, 1, 1, 0, 4, 1, 1, 2, 1, 1, 1, 1, 3, 1, 2, 1, 1, 4, 1, 2, 1, 1, 1, 1, 1, 3, 2, 1, 4, 2, 2]|[0, 2, 1, 1, 3, 0, 1, 3, 0, 0, 0, 0, 1, 0, 1, 0, 0, 3, 1, 0, 0, 0, 3, 1, 0, 2, 0, 0, 0, 1, 0, 0, 0, 0, 3, 0, 1, 0, 0, 2, 1, 1, 1, 0, 0, 0, 0, 2, 1, 0, 0, 0, 1, 3, 0, 0, 0, 0, 0, 0, 2, 0, 1, 0, 2, 1, 0, 0, 1, 1, 3, 1, 1, 3, 0, 0, 1, 0, 0, 0, 0, 0, 0, 1, 1, 0, 0, 0, 1, 0, 1, 0, 0, 1, 2, 0, 0, 2, 0, 0],731.2476204416437,56784.74762275103,92889.2977037672,false
33,G4_BALANCED,G4_BALANCED,[31, 22, 82, 15, 26, 99, 95, 42, 77, 12, 47, 5, 93, 78, 86, 54, 21, 63, 18, 44, 20, 23, 43, 97, 91, 76, 10, 30, 85, 45, 71, 64, 1, 35, 17, 83, 24, 14, 60, 36, 6, 57, 40, 88, 65, 56, 79, 94, 67, 68, 46, 75, 38, 9, 19, 32, 41, 81, 27, 87, 90, 58, 59, 11, 16, 72, 73, 70, 39, 37, 84, 3, 92, 25, 55, 48, 62, 29, 51, 96, 33, 61, 98, 28, 89, 50, 4, 7, 53, 80, 8, 66, 34, 49, 52, 0, 74, 69, 2, 13]|[2, 1, 0, 1, 1, 0, 1, 1, 2, 1, 2, 2, 2, 1, 1, 0, 0, 1, 0, 2, 2, 0, 1, 2, 0, 1, 2, 2, 0, 0, 1, 2, 1, 2, 1, 0, 2, 0, 1, 1, 0, 1, 1, 1, 0, 2, 1, 1, 0, 0, 0, 0, 1, 1, 2, 1, 0, 2, 0, 2, 1, 0, 1, 2, 1, 2, 1, 1, 1, 1, 1, 1, 0, 1, 2, 0, 0, 0, 0, 2, 2, 1, 2, 0, 1, 0, 1, 2, 0, 0, 1, 2, 2, 0, 1, 0, 2, 1, 0, 0]|[1, 3, 2, 2, 4, 1, 2, 3, 2, 4, 1, 1, 2, 4, 4, 1, 1, 4, 2, 1, 1, 1, 1, 2, 1, 2, 1, 1, 2, 1, 3, 2, 3, 1, 4, 0, 1, 1, 0, 3, 2, 2, 2, 0, 1, 1, 0, 4, 0, 1, 2, 2, 1, 4, 0, 3, 1, 1, 1, 1, 3, 1, 1, 1, 3, 0, 4, 3, 1, 4, 1, 1, 0, 4, 1, 1, 2, 1, 1, 1, 1, 3, 1, 2, 1, 1, 4, 1, 2, 1, 3, 1, 1, 1, 1, 2, 1, 4, 2, 2]|[0, 2, 1, 1, 3, 0, 1, 3, 0, 0, 0, 0, 1, 0, 1, 0, 0, 3, 1, 0, 0, 0, 3, 1, 0, 2, 0, 0, 0, 1, 0, 0, 0, 0, 3, 0, 1, 0, 0, 2, 1, 1, 1, 0, 0, 0, 0, 2, 1, 0, 0, 0, 1, 3, 0, 0, 0, 0, 0, 0, 2, 0, 1, 0, 2, 1, 0, 0, 1, 1, 3, 1, 1, 3, 0, 0, 1, 0, 0, 0, 0, 0, 0, 1, 1, 0, 0, 0, 1, 0, 2, 0, 0, 1, 1, 0, 0, 2, 0, 0],747.0447039953423,56009.8738606192,91689.36854044648,false
33,G2_TEC,G2_TEC,[31, 22, 82, 15, 26, 9, 95, 42, 77, 68, 47, 5, 93, 78, 86, 54, 85, 63, 18, 44, 20, 49, 36, 14, 74, 50, 53, 17, 21, 28, 11, 64, 3, 23, 30, 83, 24, 41, 40, 52, 65, 27, 90, 70, 39, 87, 48, 69, 99, 4, 46, 1, 13, 58, 97, 59, 45, 8, 73, 37, 35, 79, 71, 66, 76, 32, 60, 80, 56, 6, 67, 61, 33, 7, 57, 34, 12, 16, 10, 98, 96, 88, 43, 75, 91, 38, 84, 92, 29, 19, 51, 55, 72, 25, 89, 81, 94, 2, 62, 0]|[2, 1, 2, 1, 1, 2, 1, 1, 1, 1, 1, 0, 2, 2, 1, 2, 0, 0, 0, 2, 2, 1, 0, 2, 0, 2, 2, 1, 0, 1, 1, 1, 0, 0, 1, 0, 2, 1, 2, 2, 0, 0, 1, 1, 0, 2, 0, 2, 1, 0, 0, 2, 0, 0, 1, 0, 1, 1, 0, 0, 2, 1, 1, 2, 2, 0, 2, 2, 2, 1, 2, 1, 1, 2, 0, 1, 1, 2, 1, 2, 0, 1, 1, 0, 1, 0, 0, 0, 1, 1, 1, 0, 1, 1, 1, 1, 2, 2, 1, 0]|[0, 3, 0, 3, 4, 1, 4, 4, 2, 4, 3, 2, 1, 0, 2, 1, 1, 1, 2, 1, 1, 3, 0, 1, 0, 1, 1, 4, 1, 4, 3, 2, 2, 0, 4, 1, 1, 4, 1, 1, 2, 1, 4, 4, 1, 1, 0, 2, 3, 2, 2, 1, 2, 1, 4, 2, 4, 3, 0, 2, 2, 3, 3, 1, 1, 2, 1, 1, 1, 4, 1, 3, 4, 1, 2, 4, 3, 1, 3, 1, 2, 4, 4, 2, 3, 2, 2, 2, 3, 4, 3, 2, 4, 4, 4, 4, 1, 1, 3, 2]|[0, 2, 0, 0, 3, 0, 1, 3, 0, 0, 2, 0, 1, 0, 1, 0, 0, 0, 1, 0, 0, 2, 0, 0, 1, 0, 0, 3, 0, 1, 0, 2, 0, 0, 3, 0, 1, 1, 0, 0, 0, 0, 1, 3, 0, 0, 1, 0, 2, 0, 0, 0, 0, 0, 1, 0, 1, 0, 1, 1, 0, 2, 0, 0, 0, 0, 0, 0, 0, 2, 0, 0, 1, 0, 0, 1, 0, 0, 3, 0, 0, 1, 2, 0, 0, 0, 0, 0, 3, 1, 0, 0, 1, 3, 1, 2, 0, 0, 0, 0],900.1303070342979,49435.293097930204,108797.92871751191,false
33,G3_TWC,G3_TWC,[31, 22, 82, 15, 26, 58, 95, 42, 77, 12, 47, 5, 93, 78, 98, 54, 85, 63, 18, 44, 20, 35, 43, 97, 91, 76, 10, 30, 21, 45, 71, 64, 1, 23, 17, 83, 24, 14, 60, 36, 6, 57, 94, 88, 65, 56, 79, 40, 67, 68, 46, 75, 38, 9, 19, 32, 81, 41, 27, 62, 87, 90, 99, 59, 11, 16, 72, 73, 70, 39, 37, 84, 3, 92, 25, 55, 28, 29, 51, 7, 33, 61, 86, 48, 89, 50, 66, 96, 53, 80, 4, 8, 34, 49, 52, 0, 13, 2, 69, 74]|[1, 1, 0, 1, 1, 1, 2, 1, 2, 1, 2, 2, 2, 1, 1, 0, 0, 1, 0, 2, 2, 0, 1, 2, 0, 1, 2, 2, 0, 0, 1, 2, 1, 2, 1, 0, 2, 0, 1, 1, 0, 1, 1, 1, 0, 2, 1, 1, 0, 0, 0, 0, 1, 1, 2, 1, 2, 0, 0, 0, 2, 1, 0, 1, 2, 1, 2, 1, 1, 1, 1, 1, 2, 0, 1, 1, 0, 0, 0, 1, 2, 1, 0, 0, 1, 0, 0, 0, 0, 0, 0, 1, 2, 0, 1, 0, 0, 0, 1, 2]|[4, 3, 2, 2, 0, 0, 2, 2, 2, 4, 1, 1, 2, 4, 4, 1, 1, 4, 2, 1, 1, 1, 1, 2, 1, 2, 1, 1, 1, 1, 3, 2, 3, 0, 4, 0, 1, 1, 0, 3, 2, 2, 4, 0, 1, 1, 0, 2, 0, 1, 2, 2, 1, 4, 0, 3, 2, 1, 1, 2, 1, 3, 1, 1, 1, 3, 0, 4, 3, 1, 4, 1, 1, 2, 4, 4, 2, 1, 1, 3, 1, 3, 1, 1, 1, 1, 1, 1, 2, 1, 2, 3, 1, 1, 1, 2, 2, 2, 3, 1]|[0, 2, 1, 1, 3, 3, 0, 1, 0, 0, 0, 0, 1, 0, 1, 0, 0, 3, 1, 0, 0, 0, 3, 1, 0, 2, 0, 0, 0, 1, 0, 0, 0, 0, 3, 0, 1, 0, 0, 2, 1, 1, 2, 0, 0, 0, 0, 1, 1, 0, 0, 0, 1, 3, 0, 0, 1, 0, 0, 1, 0, 2, 0, 1, 0, 2, 1, 0, 0, 1, 1, 3, 0, 1, 3, 3, 1, 0, 0, 2, 0, 0, 0, 0, 1, 0, 0, 0, 1, 0, 1, 2, 0, 1, 1, 0, 0, 0, 0, 0],805.5394456933803,58046.77716663049,89050.44506242599,false
33,G1_CMAX,G1_CMAX,[31, 22, 82, 15, 26, 99, 95, 42, 77, 12, 47, 5, 93, 78, 86, 54, 21, 63, 18, 44, 20, 35, 43, 97, 91, 76, 10, 30, 85, 45, 71, 64, 1, 23, 17, 83, 24, 14, 60, 36, 6, 57, 40, 88, 65, 56, 79, 94, 67, 68, 46, 75, 38, 9, 19, 32, 41, 81, 27, 87, 90, 58, 59, 11, 16, 72, 73, 70, 39, 37, 84, 3, 92, 25, 55, 48, 62, 29, 51, 96, 33, 61, 98, 28, 89, 50, 4, 7, 53, 80, 52, 66, 34, 49, 8, 0, 74, 69, 2, 13]|[1, 1, 0, 1, 1, 0, 1, 1, 2, 1, 2, 2, 2, 1, 1, 0, 0, 1, 0, 2, 2, 0, 1, 2, 0, 1, 2, 2, 0, 0, 1, 2, 1, 2, 1, 0, 2, 0, 1, 1, 0, 1, 1, 1, 0, 2, 1, 1, 0, 0, 0, 0, 1, 1, 2, 1, 0, 2, 0, 2, 1, 0, 1, 2, 1, 2, 1, 1, 1, 1, 1, 1, 0, 1, 2, 0, 0, 0, 0, 2, 2, 1, 2, 0, 1, 0, 1, 2, 0, 0, 1, 2, 2, 0, 1, 0, 2, 1, 0, 0]|[0, 3, 2, 2, 4, 1, 2, 3, 2, 4, 1, 1, 2, 4, 4, 1, 1, 4, 2, 1, 1, 1, 1, 2, 1, 2, 1, 1, 2, 1, 3, 2, 3, 1, 4, 0, 1, 1, 0, 3, 2, 2, 2, 0, 1, 1, 0, 4, 0, 1, 2, 2, 1, 4, 0, 3, 1, 1, 1, 1, 3, 1, 1, 1, 3, 0, 4, 3, 1, 4, 1, 1, 0, 4, 1, 1, 2, 1, 1, 1, 1, 3, 1, 2, 1, 1, 4, 1, 2, 1, 1, 1, 1, 1, 3, 2, 1, 4, 2, 2]|[0, 2, 1, 1, 3, 0, 1, 3, 0, 0, 0, 0, 1, 0, 1, 0, 0, 3, 1, 0, 0, 0, 3, 1, 0, 2, 0, 0, 0, 1, 0, 0, 0, 0, 3, 0, 1, 0, 0, 2, 1, 1, 1, 0, 0, 0, 0, 2, 1, 0, 0, 0, 1, 3, 0, 0, 0, 0, 0, 0, 2, 0, 1, 0, 2, 1, 0, 0, 1, 1, 3, 1, 1, 3, 0, 0, 1, 0, 0, 0, 0, 0, 0, 1, 1, 0, 0, 0, 1, 0, 1, 0, 0, 1, 2, 0, 0, 2, 0, 0],731.2476204416437,56784.74762275103,92889.2977037672,false
33,G4_BALANCED,G4_BALANCED,[31, 22, 82, 15, 26, 99, 95, 42, 77, 12, 47, 5, 93, 78, 86, 54, 21, 63, 18, 44, 20, 23, 43, 97, 91, 76, 10, 30, 85, 45, 71, 64, 1, 35, 17, 83, 24, 14, 60, 36, 6, 57, 40, 88, 65, 56, 79, 94, 67, 68, 46, 75, 38, 9, 19, 32, 41, 81, 27, 87, 90, 58, 59, 11, 16, 72, 73, 70, 39, 37, 84, 3, 92, 25, 55, 48, 62, 29, 51, 96, 33, 61, 98, 28, 89, 50, 4, 7, 53, 80, 8, 66, 34, 49, 52, 0, 74, 69, 2, 13]|[2, 1, 0, 1, 1, 0, 1, 1, 2, 1, 2, 2, 2, 1, 1, 0, 0, 1, 0, 2, 2, 0, 1, 2, 0, 1, 2, 2, 0, 0, 1, 2, 1, 2, 1, 0, 2, 0, 1, 1, 0, 1, 1, 1, 0, 2, 1, 1, 0, 0, 0, 0, 1, 1, 2, 1, 0, 2, 0, 2, 1, 0, 1, 2, 1, 2, 1, 1, 1, 1, 1, 1, 0, 1, 2, 0, 0, 0, 0, 2, 2, 1, 2, 0, 1, 0, 1, 2, 0, 0, 1, 2, 2, 0, 1, 0, 2, 1, 0, 0]|[1, 3, 2, 2, 4, 1, 2, 3, 2, 4, 1, 1, 2, 4, 4, 1, 1, 4, 2, 1, 1, 1, 1, 2, 1, 2, 1, 1, 2, 1, 3, 2, 3, 1, 4, 0, 1, 1, 0, 3, 2, 2, 2, 0, 1, 1, 0, 4, 0, 1, 2, 2, 1, 4, 0, 3, 1, 1, 1, 1, 3, 1, 1, 1, 3, 0, 4, 3, 1, 4, 1, 1, 0, 4, 1, 1, 2, 1, 1, 1, 1, 3, 1, 2, 1, 1, 4, 1, 2, 1, 3, 1, 1, 1, 1, 2, 1, 4, 2, 2]|[0, 2, 1, 1, 3, 0, 1, 3, 0, 0, 0, 0, 1, 0, 1, 0, 0, 3, 1, 0, 0, 0, 3, 1, 0, 2, 0, 0, 0, 1, 0, 0, 0, 0, 3, 0, 1, 0, 0, 2, 1, 1, 1, 0, 0, 0, 0, 2, 1, 0, 0, 0, 1, 3, 0, 0, 0, 0, 0, 0, 2, 0, 1, 0, 2, 1, 0, 0, 1, 1, 3, 1, 1, 3, 0, 0, 1, 0, 0, 0, 0, 0, 0, 1, 1, 0, 0, 0, 1, 0, 2, 0, 0, 1, 1, 0, 0, 2, 0, 0],747.0447039953423,56009.8738606192,91689.36854044648,false
33,G2_TEC,G2_TEC,[31, 22, 82, 15, 26, 9, 95, 42, 77, 68, 47, 5, 93, 78, 86, 54, 85, 63, 18, 44, 20, 49, 36, 14, 74, 50, 53, 17, 21, 28, 11, 64, 3, 23, 30, 83, 24, 41, 40, 52, 65, 27, 90, 70, 39, 87, 48, 69, 99, 4, 46, 1, 13, 58, 97, 59, 45, 8, 73, 37, 35, 79, 71, 66, 76, 32, 60, 80, 56, 6, 67, 61, 33, 7, 57, 34, 12, 16, 10, 98, 96, 88, 43, 75, 91, 38, 84, 92, 29, 19, 51, 55, 72, 25, 89, 81, 94, 2, 62, 0]|[2, 1, 2, 1, 1, 2, 1, 1, 1, 1, 1, 0, 2, 2, 1, 2, 0, 0, 0, 2, 2, 1, 0, 2, 0, 2, 2, 1, 0, 1, 1, 1, 0, 0, 1, 0, 2, 1, 2, 2, 0, 0, 1, 1, 0, 2, 0, 2, 1, 0, 0, 2, 0, 0, 1, 0, 1, 1, 0, 0, 2, 1, 1, 2, 2, 0, 2, 2, 2, 1, 2, 1, 1, 2, 0, 1, 1, 2, 1, 2, 0, 1, 1, 0, 1, 0, 0, 0, 1, 1, 1, 0, 1, 1, 1, 1, 2, 2, 1, 0]|[0, 3, 0, 3, 4, 1, 4, 4, 2, 4, 3, 2, 1, 0, 2, 1, 1, 1, 2, 1, 1, 3, 0, 1, 0, 1, 1, 4, 1, 4, 3, 2, 2, 0, 4, 1, 1, 4, 1, 1, 2, 1, 4, 4, 1, 1, 0, 2, 3, 2, 2, 1, 2, 1, 4, 2, 4, 3, 0, 2, 2, 3, 3, 1, 1, 2, 1, 1, 1, 4, 1, 3, 4, 1, 2, 4, 3, 1, 3, 1, 2, 4, 4, 2, 3, 2, 2, 2, 3, 4, 3, 2, 4, 4, 4, 4, 1, 1, 3, 2]|[0, 2, 0, 0, 3, 0, 1, 3, 0, 0, 2, 0, 1, 0, 1, 0, 0, 0, 1, 0, 0, 2, 0, 0, 1, 0, 0, 3, 0, 1, 0, 2, 0, 0, 3, 0, 1, 1, 0, 0, 0, 0, 1, 3, 0, 0, 1, 0, 2, 0, 0, 0, 0, 0, 1, 0, 1, 0, 1, 1, 0, 2, 0, 0, 0, 0, 0, 0, 0, 2, 0, 0, 1, 0, 0, 1, 0, 0, 3, 0, 0, 1, 2, 0, 0, 0, 0, 0, 3, 1, 0, 0, 1, 3, 1, 2, 0, 0, 0, 0],900.1303070342979,49435.293097930204,108797.92871751191,false
33,G3_TWC,G3_TWC,[31, 22, 82, 15, 26, 58, 95, 42, 77, 12, 47, 5, 93, 78, 98, 54, 85, 63, 18, 44, 20, 35, 43, 97, 91, 76, 10, 30, 21, 45, 71, 64, 1, 23, 17, 83, 24, 14, 60, 36, 6, 57, 94, 88, 65, 56, 79, 40, 67, 68, 46, 75, 38, 9, 19, 32, 81, 41, 27, 62, 87, 90, 99, 59, 11, 16, 72, 73, 70, 39, 37, 84, 3, 92, 25, 55, 28, 29, 51, 7, 33, 61, 86, 48, 89, 50, 66, 96, 53, 80, 4, 8, 34, 49, 52, 0, 13, 2, 69, 74]|[1, 1, 0, 1, 1, 1, 2, 1, 2, 1, 2, 2, 2, 1, 1, 0, 0, 1, 0, 2, 2, 0, 1, 2, 0, 1, 2, 2, 0, 0, 1, 2, 1, 2, 1, 0, 2, 0, 1, 1, 0, 1, 1, 1, 0, 2, 1, 1, 0, 0, 0, 0, 1, 1, 2, 1, 2, 0, 0, 0, 2, 1, 0, 1, 2, 1, 2, 1, 1, 1, 1, 1, 2, 0, 1, 1, 0, 0, 0, 1, 2, 1, 0, 0, 1, 0, 0, 0, 0, 0, 0, 1, 2, 0, 1, 0, 0, 0, 1, 2]|[4, 3, 2, 2, 0, 0, 2, 2, 2, 4, 1, 1, 2, 4, 4, 1, 1, 4, 2, 1, 1, 1, 1, 2, 1, 2, 1, 1, 1, 1, 3, 2, 3, 0, 4, 0, 1, 1, 0, 3, 2, 2, 4, 0, 1, 1, 0, 2, 0, 1, 2, 2, 1, 4, 0, 3, 2, 1, 1, 2, 1, 3, 1, 1, 1, 3, 0, 4, 3, 1, 4, 1, 1, 2, 4, 4, 2, 1, 1, 3, 1, 3, 1, 1, 1, 1, 1, 1, 2, 1, 2, 3, 1, 1, 1, 2, 2, 2, 3, 1]|[0, 2, 1, 1, 3, 3, 0, 1, 0, 0, 0, 0, 1, 0, 1, 0, 0, 3, 1, 0, 0, 0, 3, 1, 0, 2, 0, 0, 0, 1, 0, 0, 0, 0, 3, 0, 1, 0, 0, 2, 1, 1, 2, 0, 0, 0, 0, 1, 1, 0, 0, 0, 1, 3, 0, 0, 1, 0, 0, 1, 0, 2, 0, 1, 0, 2, 1, 0, 0, 1, 1, 3, 0, 1, 3, 3, 1, 0, 0, 2, 0, 0, 0, 0, 1, 0, 0, 0, 1, 0, 1, 2, 0, 1, 1, 0, 0, 0, 0, 0],805.5394456933803,58046.77716663049,89050.44506242599,false
33,G1_CMAX,G1_CMAX,[31, 22, 82, 15, 26, 99, 95, 42, 77, 12, 47, 5, 93, 78, 86, 54, 21, 63, 18, 44, 20, 35, 43, 97, 91, 76, 10, 30, 85, 45, 71, 64, 1, 23, 17, 83, 24, 14, 60, 36, 6, 57, 40, 88, 65, 56, 79, 94, 67, 68, 46, 75, 38, 9, 19, 32, 41, 81, 27, 87, 90, 58, 59, 11, 16, 72, 73, 70, 39, 37, 84, 3, 92, 25, 55, 48, 62, 29, 51, 96, 33, 61, 98, 28, 89, 50, 4, 7, 53, 80, 52, 66, 34, 49, 8, 0, 74, 69, 2, 13]|[1, 1, 0, 1, 1, 0, 1, 1, 2, 1, 2, 2, 2, 1, 1, 0, 0, 1, 0, 2, 2, 0, 1, 2, 0, 1, 2, 2, 0, 0, 1, 2, 1, 2, 1, 0, 2, 0, 1, 1, 0, 1, 1, 1, 0, 2, 1, 1, 0, 0, 0, 0, 1, 1, 2, 1, 0, 2, 0, 2, 1, 0, 1, 2, 1, 2, 1, 1, 1, 1, 1, 1, 0, 1, 2, 0, 0, 0, 0, 2, 2, 1, 2, 0, 1, 0, 1, 2, 0, 0, 1, 2, 2, 0, 1, 0, 2, 1, 0, 0]|[0, 3, 2, 2, 4, 1, 2, 3, 2, 4, 1, 1, 2, 4, 4, 1, 1, 4, 2, 1, 1, 1, 1, 2, 1, 2, 1, 1, 2, 1, 3, 2, 3, 1, 4, 0, 1, 1, 0, 3, 2, 2, 2, 0, 1, 1, 0, 4, 0, 1, 2, 2, 1, 4, 0, 3, 1, 1, 1, 1, 3, 1, 1, 1, 3, 0, 4, 3, 1, 4, 1, 1, 0, 4, 1, 1, 2, 1, 1, 1, 1, 3, 1, 2, 1, 1, 4, 1, 2, 1, 1, 1, 1, 1, 3, 2, 1, 4, 2, 2]|[0, 2, 1, 1, 3, 0, 1, 3, 0, 0, 0, 0, 1, 0, 1, 0, 0, 3, 1, 0, 0, 0, 3, 1, 0, 2, 0, 0, 0, 1, 0, 0, 0, 0, 3, 0, 1, 0, 0, 2, 1, 1, 1, 0, 0, 0, 0, 2, 1, 0, 0, 0, 1, 3, 0, 0, 0, 0, 0, 0, 2, 0, 1, 0, 2, 1, 0, 0, 1, 1, 3, 1, 1, 3, 0, 0, 1, 0, 0, 0, 0, 0, 0, 1, 1, 0, 0, 0, 1, 0, 1, 0, 0, 1, 2, 0, 0, 2, 0, 0],731.2476204416437,56784.74762275103,92889.2977037672,false
33,G4_BALANCED,G4_BALANCED,[31, 22, 82, 15, 26, 99, 95, 42, 77, 12, 47, 5, 93, 78, 86, 54, 21, 63, 18, 44, 20, 23, 43, 97, 91, 76, 10, 30, 85, 45, 71, 64, 1, 35, 17, 83, 24, 14, 60, 36, 6, 57, 40, 88, 65, 56, 79, 94, 67, 68, 46, 75, 38, 9, 19, 32, 41, 81, 27, 87, 90, 58, 59, 11, 16, 72, 73, 70, 39, 37, 84, 3, 92, 25, 55, 48, 62, 29, 51, 96, 33, 61, 98, 28, 89, 50, 4, 7, 53, 80, 8, 66, 34, 49, 52, 0, 74, 69, 2, 13]|[2, 1, 0, 1, 1, 0, 1, 1, 2, 1, 2, 2, 2, 1, 1, 0, 0, 1, 0, 2, 2, 0, 1, 2, 0, 1, 2, 2, 0, 0, 1, 2, 1, 2, 1, 0, 2, 0, 1, 1, 0, 1, 1, 1, 0, 2, 1, 1, 0, 0, 0, 0, 1, 1, 2, 1, 0, 2, 0, 2, 1, 0, 1, 2, 1, 2, 1, 1, 1, 1, 1, 1, 0, 1, 2, 0, 0, 0, 0, 2, 2, 1, 2, 0, 1, 0, 1, 2, 0, 0, 1, 2, 2, 0, 1, 0, 2, 1, 0, 0]|[1, 3, 2, 2, 4, 1, 2, 3, 2, 4, 1, 1, 2, 4, 4, 1, 1, 4, 2, 1, 1, 1, 1, 2, 1, 2, 1, 1, 2, 1, 3, 2, 3, 1, 4, 0, 1, 1, 0, 3, 2, 2, 2, 0, 1, 1, 0, 4, 0, 1, 2, 2, 1, 4, 0, 3, 1, 1, 1, 1, 3, 1, 1, 1, 3, 0, 4, 3, 1, 4, 1, 1, 0, 4, 1, 1, 2, 1, 1, 1, 1, 3, 1, 2, 1, 1, 4, 1, 2, 1, 3, 1, 1, 1, 1, 2, 1, 4, 2, 2]|[0, 2, 1, 1, 3, 0, 1, 3, 0, 0, 0, 0, 1, 0, 1, 0, 0, 3, 1, 0, 0, 0, 3, 1, 0, 2, 0, 0, 0, 1, 0, 0, 0, 0, 3, 0, 1, 0, 0, 2, 1, 1, 1, 0, 0, 0, 0, 2, 1, 0, 0, 0, 1, 3, 0, 0, 0, 0, 0, 0, 2, 0, 1, 0, 2, 1, 0, 0, 1, 1, 3, 1, 1, 3, 0, 0, 1, 0, 0, 0, 0, 0, 0, 1, 1, 0, 0, 0, 1, 0, 2, 0, 0, 1, 1, 0, 0, 2, 0, 0],747.0447039953423,56009.8738606192,91689.36854044648,false
33,G2_TEC,G2_TEC,[31, 22, 82, 15, 26, 9, 95, 42, 77, 68, 47, 5, 93, 78, 86, 54, 85, 63, 18, 44, 20, 49, 36, 14, 74, 50, 53, 17, 21, 28, 11, 64, 3, 23, 30, 83, 24, 41, 60, 52, 65, 27, 90, 70, 39, 87, 48, 69, 99, 4, 46, 1, 13, 58, 97, 59, 45, 8, 73, 37, 35, 79, 71, 66, 76, 32, 40, 80, 56, 6, 67, 61, 12, 7, 57, 34, 33, 16, 10, 98, 96, 88, 43, 75, 91, 38, 84, 92, 29, 19, 51, 55, 72, 89, 25, 81, 94, 2, 62, 0]|[2, 1, 2, 1, 1, 2, 1, 1, 1, 1, 1, 0, 2, 2, 1, 2, 0, 0, 0, 2, 2, 1, 0, 2, 0, 2, 2, 1, 0, 1, 1, 1, 0, 0, 1, 0, 2, 1, 2, 2, 0, 0, 1, 1, 0, 2, 0, 2, 1, 0, 0, 2, 0, 0, 2, 0, 1, 1, 0, 0, 2, 1, 1, 2, 2, 0, 2, 2, 2, 1, 2, 1, 1, 2, 0, 1, 1, 2, 1, 2, 0, 1, 1, 0, 1, 0, 0, 0, 1, 1, 1, 0, 1, 1, 1, 1, 2, 2, 1, 0]|[0, 3, 0, 3, 4, 1, 4, 4, 2, 4, 3, 2, 1, 0, 2, 1, 1, 1, 2, 1, 1, 3, 0, 1, 0, 1, 1, 4, 1, 4, 3, 2, 2, 0, 4, 1, 1, 4, 1, 1, 2, 1, 4, 4, 1, 1, 0, 2, 3, 2, 2, 1, 2, 1, 1, 2, 4, 3, 0, 2, 2, 3, 3, 1, 1, 2, 1, 1, 1, 4, 1, 3, 3, 1, 2, 4, 4, 1, 3, 1, 2, 4, 4, 2, 3, 2, 2, 2, 3, 4, 3, 2, 4, 4, 4, 4, 1, 1, 3, 2]|[0, 2, 0, 0, 3, 0, 1, 3, 0, 0, 2, 0, 1, 0, 1, 0, 0, 0, 1, 0, 0, 2, 0, 0, 1, 0, 0, 3, 0, 1, 0, 2, 0, 0, 3, 0, 1, 1, 0, 0, 0, 0, 1, 3, 0, 0, 1, 0, 2, 0, 0, 0, 0, 0, 1, 0, 1, 0, 1, 1, 0, 2, 0, 0, 0, 0, 0, 0, 0, 2, 0, 0, 0, 0, 0, 1, 1, 0, 3, 0, 0, 1, 2, 0, 0, 0, 0, 0, 3, 1, 0, 0, 2, 1, 3, 2, 0, 0, 0, 0],908.6830653768391,49415.2661194787,107289.49159059927,false
33,G3_TWC,G3_TWC,[31, 22, 82, 15, 26, 58, 95, 42, 77, 12, 47, 5, 93, 78, 98, 54, 85, 63, 18, 44, 20, 35, 43, 97, 91, 76, 10, 30, 21, 45, 71, 64, 1, 23, 17, 83, 24, 14, 60, 36, 6, 57, 94, 88, 65, 56, 79, 40, 67, 68, 46, 75, 38, 9, 19, 32, 81, 41, 27, 62, 87, 90, 99, 59, 11, 16, 72, 73, 70, 39, 37, 84, 3, 92, 25, 55, 28, 29, 51, 7, 33, 61, 86, 48, 89, 50, 66, 96, 53, 80, 4, 8, 34, 49, 52, 0, 13, 2, 69, 74]|[1, 1, 0, 1, 1, 1, 2, 1, 2, 1, 2, 2, 2, 1, 1, 0, 0, 1, 0, 2, 2, 0, 1, 2, 0, 1, 2, 2, 0, 0, 1, 2, 1, 2, 1, 0, 2, 0, 1, 1, 0, 1, 1, 1, 0, 2, 1, 1, 0, 0, 0, 0, 1, 1, 2, 1, 2, 0, 0, 0, 2, 1, 0, 1, 2, 1, 2, 1, 1, 1, 1, 1, 2, 0, 1, 1, 0, 0, 0, 1, 2, 1, 0, 0, 1, 0, 0, 0, 0, 0, 0, 1, 2, 0, 1, 0, 0, 0, 1, 2]|[4, 3, 2, 2, 0, 0, 2, 2, 2, 4, 1, 1, 2, 4, 4, 1, 1, 4, 2, 1, 1, 1, 1, 2, 1, 2, 1, 1, 1, 1, 3, 2, 3, 0, 4, 0, 1, 1, 0, 3, 2, 2, 4, 0, 1, 1, 0, 2, 0, 1, 2, 2, 1, 4, 0, 3, 2, 1, 1, 2, 1, 3, 1, 1, 1, 3, 0, 4, 3, 1, 4, 1, 1, 2, 4, 4, 2, 1, 1, 3, 1, 3, 1, 1, 1, 1, 1, 1, 2, 1, 2, 3, 1, 1, 1, 2, 2, 2, 3, 1]|[0, 2, 1, 1, 3, 3, 0, 1, 0, 0, 0, 0, 1, 0, 1, 0, 0, 3, 1, 0, 0, 0, 3, 1, 0, 2, 0, 0, 0, 1, 0, 0, 0, 0, 3, 0, 1, 0, 0, 2, 1, 1, 2, 0, 0, 0, 0, 1, 1, 0, 0, 0, 1, 3, 0, 0, 1, 0, 0, 1, 0, 2, 0, 1, 0, 2, 1, 0, 0, 1, 1, 3, 0, 1, 3, 3, 1, 0, 0, 2, 0, 0, 0, 0, 1, 0, 0, 0, 1, 0, 1, 2, 0, 1, 1, 0, 0, 0, 0, 0],805.5394456933803,58046.77716663049,89050.44506242599,false
33,G1_CMAX,G1_CMAX,[31, 22, 82, 15, 26, 99, 95, 42, 77, 12, 47, 5, 93, 78, 86, 54, 21, 63, 18, 44, 20, 35, 43, 97, 91, 76, 10, 30, 85, 45, 71, 64, 1, 23, 17, 83, 24, 14, 60, 36, 6, 57, 40, 88, 65, 56, 79, 94, 67, 68, 46, 75, 38, 9, 19, 32, 41, 81, 27, 87, 90, 58, 59, 11, 16, 72, 73, 70, 39, 37, 84, 3, 92, 25, 55, 48, 62, 29, 51, 96, 33, 61, 98, 28, 89, 50, 4, 7, 53, 80, 52, 66, 34, 49, 8, 0, 74, 69, 2, 13]|[1, 1, 0, 1, 1, 0, 1, 1, 2, 1, 2, 2, 2, 1, 1, 0, 0, 1, 0, 2, 2, 0, 1, 2, 0, 1, 2, 2, 0, 0, 1, 2, 1, 2, 1, 0, 2, 0, 1, 1, 0, 1, 1, 1, 0, 2, 1, 1, 0, 0, 0, 0, 1, 1, 2, 1, 0, 2, 0, 2, 1, 0, 1, 2, 1, 2, 1, 1, 1, 1, 1, 1, 0, 1, 2, 0, 0, 0, 0, 2, 2, 1, 2, 0, 1, 0, 1, 2, 0, 0, 1, 2, 2, 0, 1, 0, 2, 1, 0, 0]|[0, 3, 2, 2, 4, 1, 2, 3, 2, 4, 1, 1, 2, 4, 4, 1, 1, 4, 2, 1, 1, 1, 1, 2, 1, 2, 1, 1, 2, 1, 3, 2, 3, 1, 4, 0, 1, 1, 0, 3, 2, 2, 2, 0, 1, 1, 0, 4, 0, 1, 2, 2, 1, 4, 0, 3, 1, 1, 1, 1, 3, 1, 1, 1, 3, 0, 4, 3, 1, 4, 1, 1, 0, 4, 1, 1, 2, 1, 1, 1, 1, 3, 1, 2, 1, 1, 4, 1, 2, 1, 1, 1, 1, 1, 3, 2, 1, 4, 2, 2]|[0, 2, 1, 1, 3, 0, 1, 3, 0, 0, 0, 0, 1, 0, 1, 0, 0, 3, 1, 0, 0, 0, 3, 1, 0, 2, 0, 0, 0, 1, 0, 0, 0, 0, 3, 0, 1, 0, 0, 2, 1, 1, 1, 0, 0, 0, 0, 2, 1, 0, 0, 0, 1, 3, 0, 0, 0, 0, 0, 0, 2, 0, 1, 0, 2, 1, 0, 0, 1, 1, 3, 1, 1, 3, 0, 0, 1, 0, 0, 0, 0, 0, 0, 1, 1, 0, 0, 0, 1, 0, 1, 0, 0, 1, 2, 0, 0, 2, 0, 0],731.2476204416437,56784.74762275103,92889.2977037672,false
33,G4_BALANCED,G4_BALANCED,[31, 22, 82, 15, 26, 99, 95, 42, 77, 12, 47, 5, 93, 78, 86, 54, 21, 63, 18, 44, 20, 23, 43, 97, 91, 76, 10, 30, 85, 45, 71, 64, 1, 35, 17, 83, 24, 14, 60, 36, 6, 57, 40, 88, 65, 56, 79, 94, 67, 68, 46, 75, 38, 9, 19, 32, 41, 81, 27, 87, 90, 58, 59, 11, 16, 72, 73, 70, 39, 37, 84, 3, 92, 25, 55, 48, 62, 29, 51, 96, 33, 61, 98, 28, 89, 50, 4, 7, 53, 80, 8, 66, 34, 49, 52, 0, 74, 69, 2, 13]|[2, 1, 0, 1, 1, 0, 1, 1, 2, 1, 2, 2, 2, 1, 1, 0, 0, 1, 0, 2, 2, 0, 1, 2, 0, 1, 2, 2, 0, 0, 1, 2, 1, 2, 1, 0, 2, 0, 1, 1, 0, 1, 1, 1, 0, 2, 1, 1, 0, 0, 0, 0, 1, 1, 2, 1, 0, 2, 0, 2, 1, 0, 1, 2, 1, 2, 1, 1, 1, 1, 1, 1, 0, 1, 2, 0, 0, 0, 0, 2, 2, 1, 2, 0, 1, 0, 1, 2, 0, 0, 1, 2, 2, 0, 1, 0, 2, 1, 0, 0]|[1, 3, 2, 2, 4, 1, 2, 3, 2, 4, 1, 1, 2, 4, 4, 1, 1, 4, 2, 1, 1, 1, 1, 2, 1, 2, 1, 1, 2, 1, 3, 2, 3, 1, 4, 0, 1, 1, 0, 3, 2, 2, 2, 0, 1, 1, 0, 4, 0, 1, 2, 2, 1, 4, 0, 3, 1, 1, 1, 1, 3, 1, 1, 1, 3, 0, 4, 3, 1, 4, 1, 1, 0, 4, 1, 1, 2, 1, 1, 1, 1, 3, 1, 2, 1, 1, 4, 1, 2, 1, 3, 1, 1, 1, 1, 2, 1, 4, 2, 2]|[0, 2, 1, 1, 3, 0, 1, 3, 0, 0, 0, 0, 1, 0, 1, 0, 0, 3, 1, 0, 0, 0, 3, 1, 0, 2, 0, 0, 0, 1, 0, 0, 0, 0, 3, 0, 1, 0, 0, 2, 1, 1, 1, 0, 0, 0, 0, 2, 1, 0, 0, 0, 1, 3, 0, 0, 0, 0, 0, 0, 2, 0, 1, 0, 2, 1, 0, 0, 1, 1, 3, 1, 1, 3, 0, 0, 1, 0, 0, 0, 0, 0, 0, 1, 1, 0, 0, 0, 1, 0, 2, 0, 0, 1, 1, 0, 0, 2, 0, 0],747.0447039953423,56009.8738606192,91689.36854044648,false
33,G2_TEC,G2_TEC,[31, 22, 82, 15, 26, 9, 95, 42, 77, 68, 47, 5, 93, 78, 86, 54, 85, 63, 18, 44, 20, 49, 36, 14, 74, 50, 53, 17, 21, 28, 11, 64, 3, 23, 30, 83, 24, 41, 60, 52, 65, 27, 90, 70, 39, 87, 48, 69, 99, 4, 46, 1, 13, 58, 97, 59, 45, 8, 73, 37, 35, 79, 71, 66, 76, 32, 40, 80, 56, 6, 67, 61, 12, 7, 57, 34, 33, 16, 10, 98, 96, 88, 43, 75, 91, 38, 84, 92, 29, 19, 51, 55, 72, 89, 25, 81, 94, 2, 62, 0]|[2, 1, 2, 1, 1, 2, 1, 1, 1, 1, 1, 0, 2, 2, 1, 2, 0, 0, 0, 2, 2, 1, 0, 2, 0, 2, 2, 1, 0, 1, 1, 1, 0, 0, 1, 0, 2, 1, 2, 2, 0, 0, 1, 1, 0, 2, 0, 2, 1, 0, 0, 2, 0, 0, 2, 0, 1, 1, 0, 0, 2, 1, 1, 2, 2, 0, 2, 2, 2, 1, 2, 1, 1, 2, 0, 1, 1, 2, 1, 2, 0, 1, 1, 0, 1, 0, 0, 0, 1, 1, 1, 0, 1, 1, 1, 1, 2, 2, 1, 0]|[0, 3, 0, 3, 4, 1, 4, 4, 2, 4, 3, 2, 1, 0, 2, 1, 1, 1, 2, 1, 1, 3, 0, 1, 0, 1, 1, 4, 1, 4, 3, 2, 2, 0, 4, 1, 1, 4, 1, 1, 2, 1, 4, 4, 1, 1, 0, 2, 3, 2, 2, 1, 2, 1, 1, 2, 4, 3, 0, 2, 2, 3, 3, 1, 1, 2, 1, 1, 1, 4, 1, 3, 3, 1, 2, 4, 4, 1, 3, 1, 2, 4, 4, 2, 3, 2, 2, 2, 3, 4, 3, 2, 4, 4, 4, 4, 1, 1, 3, 2]|[0, 2, 0, 0, 3, 0, 1, 3, 0, 0, 2, 0, 1, 0, 1, 0, 0, 0, 1, 0, 0, 2, 0, 0, 1, 0, 0, 3, 0, 1, 0, 2, 0, 0, 3, 0, 1, 1, 0, 0, 0, 0, 1, 3, 0, 0, 1, 0, 2, 0, 0, 0, 0, 0, 1, 0, 1, 0, 1, 1, 0, 2, 0, 0, 0, 0, 0, 0, 0, 2, 0, 0, 0, 0, 0, 1, 1, 0, 3, 0, 0, 1, 2, 0, 0, 0, 0, 0, 3, 1, 0, 0, 2, 1, 3, 2, 0, 0, 0, 0],908.6830653768391,49415.2661194787,107289.49159059927,false
33,G3_TWC,G3_TWC,[31, 22, 82, 15, 26, 58, 95, 42, 77, 12, 47, 5, 93, 78, 98, 54, 85, 63, 18, 44, 20, 35, 43, 97, 91, 76, 10, 30, 21, 45, 71, 64, 1, 23, 17, 83, 24, 14, 60, 36, 6, 57, 94, 88, 65, 56, 79, 40, 67, 68, 46, 75, 38, 9, 19, 32, 81, 41, 27, 62, 87, 90, 99, 59, 11, 16, 72, 73, 70, 39, 37, 84, 3, 92, 25, 55, 28, 29, 51, 7, 33, 61, 86, 48, 89, 50, 66, 96, 53, 80, 4, 8, 34, 49, 52, 0, 13, 2, 69, 74]|[1, 1, 0, 1, 1, 1, 2, 1, 2, 1, 2, 2, 2, 1, 1, 0, 0, 1, 0, 2, 2, 0, 1, 2, 0, 1, 2, 2, 0, 0, 1, 2, 1, 2, 1, 0, 2, 0, 1, 1, 0, 1, 1, 1, 0, 2, 1, 1, 0, 0, 0, 0, 1, 1, 2, 1, 2, 0, 0, 0, 2, 1, 0, 1, 2, 1, 2, 1, 1, 1, 1, 1, 2, 0, 1, 1, 0, 0, 0, 1, 2, 1, 0, 0, 1, 0, 0, 0, 0, 0, 0, 1, 2, 0, 1, 0, 0, 0, 1, 2]|[4, 3, 2, 2, 0, 0, 2, 2, 2, 4, 1, 1, 2, 4, 4, 1, 1, 4, 2, 1, 1, 1, 1, 2, 1, 2, 1, 1, 1, 1, 3, 2, 3, 0, 4, 0, 1, 1, 0, 3, 2, 2, 4, 0, 1, 1, 0, 2, 0, 1, 2, 2, 1, 4, 0, 3, 2, 1, 1, 2, 1, 3, 1, 1, 1, 3, 0, 4, 3, 1, 4, 1, 1, 2, 4, 4, 2, 1, 1, 3, 1, 3, 1, 1, 1, 1, 1, 1, 2, 1, 2, 3, 1, 1, 1, 2, 2, 2, 3, 1]|[0, 2, 1, 1, 3, 3, 0, 1, 0, 0, 0, 0, 1, 0, 1, 0, 0, 3, 1, 0, 0, 0, 3, 1, 0, 2, 0, 0, 0, 1, 0, 0, 0, 0, 3, 0, 1, 0, 0, 2, 1, 1, 2, 0, 0, 0, 0, 1, 1, 0, 0, 0, 1, 3, 0, 0, 1, 0, 0, 1, 0, 2, 0, 1, 0, 2, 1, 0, 0, 1, 1, 3, 0, 1, 3, 3, 1, 0, 0, 2, 0, 0, 0, 0, 1, 0, 0, 0, 1, 0, 1, 2, 0, 1, 1, 0, 0, 0, 0, 0],805.5394456933803,58046.77716663049,89050.44506242599,false
33,G1_CMAX,G1_CMAX,[31, 22, 82, 15, 26, 99, 95, 42, 77, 12, 47, 5, 93, 78, 86, 54, 21, 63, 18, 44, 20, 35, 43, 97, 91, 76, 10, 30, 85, 45, 71, 64, 1, 23, 17, 83, 24, 14, 60, 36, 6, 57, 40, 88, 65, 56, 79, 94, 67, 68, 46, 75, 38, 9, 19, 32, 41, 81, 27, 87, 90, 58, 59, 11, 16, 72, 73, 70, 39, 37, 84, 3, 92, 25, 55, 48, 62, 29, 51, 96, 33, 61, 98, 28, 89, 50, 4, 7, 53, 80, 52, 66, 34, 49, 8, 0, 74, 69, 2, 13]|[1, 1, 0, 1, 1, 0, 1, 1, 2, 1, 2, 2, 2, 1, 1, 0, 0, 1, 0, 2, 2, 0, 1, 2, 0, 1, 2, 2, 0, 0, 1, 2, 1, 2, 1, 0, 2, 0, 1, 1, 0, 1, 1, 1, 0, 2, 1, 1, 0, 0, 0, 0, 1, 1, 2, 1, 0, 2, 0, 2, 1, 0, 1, 2, 1, 2, 1, 1, 1, 1, 1, 1, 0, 1, 2, 0, 0, 0, 0, 2, 2, 1, 2, 0, 1, 0, 1, 2, 0, 0, 1, 2, 2, 0, 1, 0, 2, 1, 0, 0]|[0, 3, 2, 2, 4, 1, 2, 3, 2, 4, 1, 1, 2, 4, 4, 1, 1, 4, 2, 1, 1, 1, 1, 2, 1, 2, 1, 1, 2, 1, 3, 2, 3, 1, 4, 0, 1, 1, 0, 3, 2, 2, 2, 0, 1, 1, 0, 4, 0, 1, 2, 2, 1, 4, 0, 3, 1, 1, 1, 1, 3, 1, 1, 1, 3, 0, 4, 3, 1, 4, 1, 1, 0, 4, 1, 1, 2, 1, 1, 1, 1, 3, 1, 2, 1, 1, 4, 1, 2, 1, 1, 1, 1, 1, 3, 2, 1, 4, 2, 2]|[0, 2, 1, 1, 3, 0, 1, 3, 0, 0, 0, 0, 1, 0, 1, 0, 0, 3, 1, 0, 0, 0, 3, 1, 0, 2, 0, 0, 0, 1, 0, 0, 0, 0, 3, 0, 1, 0, 0, 2, 1, 1, 1, 0, 0, 0, 0, 2, 1, 0, 0, 0, 1, 3, 0, 0, 0, 0, 0, 0, 2, 0, 1, 0, 2, 1, 0, 0, 1, 1, 3, 1, 1, 3, 0, 0, 1, 0, 0, 0, 0, 0, 0, 1, 1, 0, 0, 0, 1, 0, 1, 0, 0, 1, 2, 0, 0, 2, 0, 0],731.2476204416437,56784.74762275103,92889.2977037672,false
33,G4_BALANCED,G4_BALANCED,[31, 22, 82, 15, 26, 99, 95, 42, 77, 12, 47, 5, 93, 78, 86, 54, 21, 63, 18, 44, 20, 23, 43, 97, 91, 76, 10, 30, 85, 45, 71, 64, 1, 35, 17, 83, 24, 14, 60, 36, 6, 57, 40, 88, 65, 56, 79, 94, 67, 68, 46, 75, 38, 9, 19, 32, 41, 81, 27, 87, 90, 58, 59, 11, 16, 72, 73, 70, 39, 37, 84, 3, 92, 25, 55, 48, 62, 29, 51, 96, 33, 61, 98, 28, 89, 50, 4, 7, 53, 80, 8, 66, 34, 49, 52, 0, 74, 69, 2, 13]|[2, 1, 0, 1, 1, 0, 1, 1, 2, 1, 2, 2, 2, 1, 1, 0, 0, 1, 0, 2, 2, 0, 1, 2, 0, 1, 2, 2, 0, 0, 1, 2, 1, 2, 1, 0, 2, 0, 1, 1, 0, 1, 1, 1, 0, 2, 1, 1, 0, 0, 0, 0, 1, 1, 2, 1, 0, 2, 0, 2, 1, 0, 1, 2, 1, 2, 1, 1, 1, 1, 1, 1, 0, 1, 2, 0, 0, 0, 0, 2, 2, 1, 2, 0, 1, 0, 1, 2, 0, 0, 1, 2, 2, 0, 1, 0, 2, 1, 0, 0]|[1, 3, 2, 2, 4, 1, 2, 3, 2, 4, 1, 1, 2, 4, 4, 1, 1, 4, 2, 1, 1, 1, 1, 2, 1, 2, 1, 1, 2, 1, 3, 2, 3, 1, 4, 0, 1, 1, 0, 3, 2, 2, 2, 0, 1, 1, 0, 4, 0, 1, 2, 2, 1, 4, 0, 3, 1, 1, 1, 1, 3, 1, 1, 1, 3, 0, 4, 3, 1, 4, 1, 1, 0, 4, 1, 1, 2, 1, 1, 1, 1, 3, 1, 2, 1, 1, 4, 1, 2, 1, 3, 1, 1, 1, 1, 2, 1, 4, 2, 2]|[0, 2, 1, 1, 3, 0, 1, 3, 0, 0, 0, 0, 1, 0, 1, 0, 0, 3, 1, 0, 0, 0, 3, 1, 0, 2, 0, 0, 0, 1, 0, 0, 0, 0, 3, 0, 1, 0, 0, 2, 1, 1, 1, 0, 0, 0, 0, 2, 1, 0, 0, 0, 1, 3, 0, 0, 0, 0, 0, 0, 2, 0, 1, 0, 2, 1, 0, 0, 1, 1, 3, 1, 1, 3, 0, 0, 1, 0, 0, 0, 0, 0, 0, 1, 1, 0, 0, 0, 1, 0, 2, 0, 0, 1, 1, 0, 0, 2, 0, 0],747.0447039953423,56009.8738606192,91689.36854044648,false
33,G2_TEC,G2_TEC,[31, 22, 82, 15, 26, 9, 95, 42, 77, 68, 47, 5, 93, 78, 86, 54, 85, 63, 18, 44, 20, 49, 36, 14, 74, 50, 53, 17, 21, 28, 11, 64, 3, 23, 30, 83, 24, 41, 60, 52, 65, 27, 90, 70, 39, 87, 48, 69, 99, 4, 46, 1, 13, 58, 97, 59, 45, 8, 73, 37, 35, 79, 71, 66, 76, 32, 40, 80, 56, 6, 67, 61, 12, 7, 57, 34, 33, 16, 10, 98, 96, 88, 43, 75, 91, 38, 84, 92, 29, 19, 51, 55, 72, 89, 25, 81, 94, 2, 62, 0]|[2, 1, 2, 1, 1, 2, 1, 1, 1, 1, 1, 0, 2, 2, 1, 2, 0, 0, 0, 2, 2, 1, 0, 2, 0, 2, 2, 1, 0, 1, 1, 1, 0, 0, 1, 0, 2, 1, 2, 2, 0, 0, 1, 1, 0, 2, 0, 2, 1, 0, 0, 2, 0, 0, 2, 0, 1, 1, 0, 0, 2, 1, 1, 2, 2, 0, 2, 2, 2, 1, 2, 1, 1, 2, 0, 1, 1, 2, 1, 2, 0, 1, 1, 0, 1, 0, 0, 0, 1, 1, 1, 0, 1, 1, 1, 1, 2, 2, 1, 0]|[0, 3, 0, 3, 4, 1, 4, 4, 2, 4, 3, 2, 1, 0, 2, 1, 1, 1, 2, 1, 1, 3, 0, 1, 0, 1, 1, 4, 1, 4, 3, 2, 2, 0, 4, 1, 1, 4, 1, 1, 2, 1, 4, 4, 1, 1, 0, 2, 3, 2, 2, 1, 2, 1, 1, 2, 4, 3, 0, 2, 2, 3, 3, 1, 1, 2, 1, 1, 1, 4, 1, 3, 3, 1, 2, 4, 4, 1, 3, 1, 2, 4, 4, 2, 3, 2, 2, 2, 3, 4, 3, 2, 4, 4, 4, 4, 1, 1, 3, 2]|[0, 2, 0, 0, 3, 0, 1, 3, 0, 0, 2, 0, 1, 0, 1, 0, 0, 0, 1, 0, 0, 2, 0, 0, 1, 0, 0, 3, 0, 1, 0, 2, 0, 0, 3, 0, 1, 1, 0, 0, 0, 0, 1, 3, 0, 0, 1, 0, 2, 0, 0, 0, 0, 0, 1, 0, 1, 0, 1, 1, 0, 2, 0, 0, 0, 0, 0, 0, 0, 2, 0, 0, 0, 0, 0, 1, 1, 0, 3, 0, 0, 1, 2, 0, 0, 0, 0, 0, 3, 1, 0, 0, 2, 1, 3, 2, 0, 0, 0, 0],908.6830653768391,49415.2661194787,107289.49159059927,false
33,G3_TWC,G3_TWC,[31, 22, 82, 15, 26, 58, 95, 42, 77, 12, 47, 5, 93, 78, 98, 54, 85, 63, 18, 44, 20, 35, 43, 97, 91, 76, 10, 30, 21, 45, 71, 64, 1, 23, 17, 83, 24, 14, 60, 36, 6, 57, 94, 88, 65, 56, 79, 40, 67, 68, 46, 75, 38, 9, 19, 32, 81, 41, 27, 62, 87, 90, 99, 59, 11, 16, 72, 73, 70, 39, 37, 84, 3, 92, 25, 55, 28, 29, 51, 7, 33, 61, 86, 48, 89, 50, 66, 96, 53, 80, 4, 8, 34, 49, 52, 0, 13, 2, 69, 74]|[1, 1, 0, 1, 1, 1, 2, 1, 2, 1, 2, 2, 2, 1, 1, 0, 0, 1, 0, 2, 2, 0, 1, 2, 0, 1, 2, 2, 0, 0, 1, 2, 1, 2, 1, 0, 2, 0, 1, 1, 0, 1, 1, 1, 0, 2, 1, 1, 0, 0, 0, 0, 1, 1, 2, 1, 2, 0, 0, 0, 2, 1, 0, 1, 2, 1, 2, 1, 1, 1, 1, 1, 2, 0, 1, 1, 0, 0, 0, 1, 2, 1, 0, 0, 1, 0, 0, 0, 0, 0, 0, 1, 2, 0, 1, 0, 0, 0, 1, 2]|[4, 3, 2, 2, 0, 0, 2, 2, 2, 4, 1, 1, 2, 4, 4, 1, 1, 4, 2, 1, 1, 1, 1, 2, 1, 2, 1, 1, 1, 1, 3, 2, 3, 0, 4, 0, 1, 1, 0, 3, 2, 2, 4, 0, 1, 1, 0, 2, 0, 1, 2, 2, 1, 4, 0, 3, 2, 1, 1, 2, 1, 3, 1, 1, 1, 3, 0, 4, 3, 1, 4, 1, 1, 2, 4, 4, 2, 1, 1, 3, 1, 3, 1, 1, 1, 1, 1, 1, 2, 1, 2, 3, 1, 1, 1, 2, 2, 2, 3, 1]|[0, 2, 1, 1, 3, 3, 0, 1, 0, 0, 0, 0, 1, 0, 1, 0, 0, 3, 1, 0, 0, 0, 3, 1, 0, 2, 0, 0, 0, 1, 0, 0, 0, 0, 3, 0, 1, 0, 0, 2, 1, 1, 2, 0, 0, 0, 0, 1, 1, 0, 0, 0, 1, 3, 0, 0, 1, 0, 0, 1, 0, 2, 0, 1, 0, 2, 1, 0, 0, 1, 1, 3, 0, 1, 3, 3, 1, 0, 0, 2, 0, 0, 0, 0, 1, 0, 0, 0, 1, 0, 1, 2, 0, 1, 1, 0, 0, 0, 0, 0],805.5394456933803,58046.77716663049,89050.44506242599,false
33,G1_CMAX,G1_CMAX,[31, 22, 82, 15, 26, 99, 95, 42, 77, 12, 47, 5, 93, 78, 86, 54, 21, 63, 18, 44, 20, 35, 43, 97, 91, 76, 10, 30, 85, 45, 71, 64, 1, 23, 17, 83, 24, 14, 60, 36, 6, 57, 40, 88, 65, 56, 79, 94, 67, 68, 46, 75, 38, 9, 19, 32, 41, 81, 27, 87, 90, 58, 59, 11, 16, 72, 73, 70, 39, 37, 84, 3, 92, 25, 55, 48, 62, 29, 51, 96, 33, 61, 98, 28, 89, 50, 4, 7, 53, 80, 52, 66, 34, 49, 8, 0, 74, 69, 2, 13]|[1, 1, 0, 1, 1, 0, 1, 1, 2, 1, 2, 2, 2, 1, 1, 0, 0, 1, 0, 2, 2, 0, 1, 2, 0, 1, 2, 2, 0, 0, 1, 2, 1, 2, 1, 0, 2, 0, 1, 1, 0, 1, 1, 1, 0, 2, 1, 1, 0, 0, 0, 0, 1, 1, 2, 1, 0, 2, 0, 2, 1, 0, 1, 2, 1, 2, 1, 1, 1, 1, 1, 1, 0, 1, 2, 0, 0, 0, 0, 2, 2, 1, 2, 0, 1, 0, 1, 2, 0, 0, 1, 2, 2, 0, 1, 0, 2, 1, 0, 0]|[0, 3, 2, 2, 4, 1, 2, 3, 2, 4, 1, 1, 2, 4, 4, 1, 1, 4, 2, 1, 1, 1, 1, 2, 1, 2, 1, 1, 2, 1, 3, 2, 3, 1, 4, 0, 1, 1, 0, 3, 2, 2, 2, 0, 1, 1, 0, 4, 0, 1, 2, 2, 1, 4, 0, 3, 1, 1, 1, 1, 3, 1, 1, 1, 3, 0, 4, 3, 1, 4, 1, 1, 0, 4, 1, 1, 2, 1, 1, 1, 1, 3, 1, 2, 1, 1, 4, 1, 2, 1, 1, 1, 1, 1, 3, 2, 1, 4, 2, 2]|[0, 2, 1, 1, 3, 0, 1, 3, 0, 0, 0, 0, 1, 0, 1, 0, 0, 3, 1, 0, 0, 0, 3, 1, 0, 2, 0, 0, 0, 1, 0, 0, 0, 0, 3, 0, 1, 0, 0, 2, 1, 1, 1, 0, 0, 0, 0, 2, 1, 0, 0, 0, 1, 3, 0, 0, 0, 0, 0, 0, 2, 0, 1, 0, 2, 1, 0, 0, 1, 1, 3, 1, 1, 3, 0, 0, 1, 0, 0, 0, 0, 0, 0, 1, 1, 0, 0, 0, 1, 0, 1, 0, 0, 1, 2, 0, 0, 2, 0, 0],731.2476204416437,56784.74762275103,92889.2977037672,false
33,G4_BALANCED,G4_BALANCED,[31, 22, 82, 15, 26, 99, 95, 42, 77, 12, 47, 5, 93, 78, 86, 54, 21, 63, 18, 44, 20, 23, 43, 97, 91, 76, 10, 30, 85, 45, 71, 64, 1, 35, 17, 83, 24, 14, 60, 36, 6, 57, 40, 88, 65, 56, 79, 94, 67, 68, 46, 75, 38, 9, 19, 32, 41, 81, 27, 87, 90, 58, 59, 11, 16, 72, 73, 70, 39, 37, 84, 3, 92, 25, 55, 48, 62, 29, 51, 96, 33, 61, 98, 28, 89, 50, 4, 7, 53, 80, 8, 66, 34, 49, 52, 0, 74, 69, 2, 13]|[2, 1, 0, 1, 1, 0, 1, 1, 2, 1, 2, 2, 2, 1, 1, 0, 0, 1, 0, 2, 2, 0, 1, 2, 0, 1, 2, 2, 0, 0, 1, 2, 1, 2, 1, 0, 2, 0, 1, 1, 0, 1, 1, 1, 0, 2, 1, 1, 0, 0, 0, 0, 1, 1, 2, 1, 0, 2, 0, 2, 1, 0, 1, 2, 1, 2, 1, 1, 1, 1, 1, 1, 0, 1, 2, 0, 0, 0, 0, 2, 2, 1, 2, 0, 1, 0, 1, 2, 0, 0, 1, 2, 2, 0, 1, 0, 2, 1, 0, 0]|[1, 3, 2, 2, 4, 1, 2, 3, 2, 4, 1, 1, 2, 4, 4, 1, 1, 4, 2, 1, 1, 1, 1, 2, 1, 2, 1, 1, 2, 1, 3, 2, 3, 1, 4, 0, 1, 1, 0, 3, 2, 2, 2, 0, 1, 1, 0, 4, 0, 1, 2, 2, 1, 4, 0, 3, 1, 1, 1, 1, 3, 1, 1, 1, 3, 0, 4, 3, 1, 4, 1, 1, 0, 4, 1, 1, 2, 1, 1, 1, 1, 3, 1, 2, 1, 1, 4, 1, 2, 1, 3, 1, 1, 1, 1, 2, 1, 4, 2, 2]|[0, 2, 1, 1, 3, 0, 1, 3, 0, 0, 0, 0, 1, 0, 1, 0, 0, 3, 1, 0, 0, 0, 3, 1, 0, 2, 0, 0, 0, 1, 0, 0, 0, 0, 3, 0, 1, 0, 0, 2, 1, 1, 1, 0, 0, 0, 0, 2, 1, 0, 0, 0, 1, 3, 0, 0, 0, 0, 0, 0, 2, 0, 1, 0, 2, 1, 0, 0, 1, 1, 3, 1, 1, 3, 0, 0, 1, 0, 0, 0, 0, 0, 0, 1, 1, 0, 0, 0, 1, 0, 2, 0, 0, 1, 1, 0, 0, 2, 0, 0],747.0447039953423,56009.8738606192,91689.36854044648,false
33,G2_TEC,G2_TEC,[31, 22, 82, 15, 26, 9, 95, 42, 77, 68, 47, 5, 93, 78, 86, 54, 85, 63, 18, 44, 20, 49, 36, 14, 74, 50, 53, 17, 21, 28, 11, 64, 3, 23, 30, 83, 24, 41, 60, 52, 65, 27, 90, 70, 39, 87, 48, 69, 99, 4, 46, 1, 13, 58, 97, 59, 45, 8, 73, 37, 35, 79, 71, 66, 76, 32, 40, 80, 56, 6, 67, 61, 12, 7, 57, 34, 33, 16, 10, 98, 96, 88, 43, 75, 91, 38, 84, 92, 29, 19, 51, 55, 72, 89, 25, 81, 94, 2, 62, 0]|[2, 1, 2, 1, 1, 2, 1, 1, 1, 1, 1, 0, 2, 2, 1, 2, 0, 0, 0, 2, 2, 1, 0, 2, 0, 2, 2, 1, 0, 1, 1, 1, 0, 0, 1, 0, 2, 1, 2, 2, 0, 0, 1, 1, 0, 2, 0, 2, 1, 0, 0, 2, 0, 0, 2, 0, 1, 1, 0, 0, 2, 1, 1, 2, 2, 0, 2, 2, 2, 1, 2, 1, 1, 2, 0, 1, 1, 2, 1, 2, 0, 1, 1, 0, 1, 0, 0, 0, 1, 1, 1, 0, 1, 1, 1, 1, 2, 2, 1, 0]|[0, 3, 0, 3, 4, 1, 4, 4, 2, 4, 3, 2, 1, 0, 2, 1, 1, 1, 2, 1, 1, 3, 0, 1, 0, 1, 1, 4, 1, 4, 3, 2, 2, 0, 4, 1, 1, 4, 1, 1, 2, 1, 4, 4, 1, 1, 0, 2, 3, 2, 2, 1, 2, 1, 1, 2, 4, 3, 0, 2, 2, 3, 3, 1, 1, 2, 1, 1, 1, 4, 1, 3, 3, 1, 2, 4, 4, 1, 3, 1, 2, 4, 4, 2, 3, 2, 2, 2, 3, 4, 3, 2, 4, 4, 4, 4, 1, 1, 3, 2]|[0, 2, 0, 0, 3, 0, 1, 3, 0, 0, 2, 0, 1, 0, 1, 0, 0, 0, 1, 0, 0, 2, 0, 0, 1, 0, 0, 3, 0, 1, 0, 2, 0, 0, 3, 0, 1, 1, 0, 0, 0, 0, 1, 3, 0, 0, 1, 0, 2, 0, 0, 0, 0, 0, 1, 0, 1, 0, 1, 1, 0, 2, 0, 0, 0, 0, 0, 0, 0, 2, 0, 0, 0, 0, 0, 1, 1, 0, 3, 0, 0, 1, 2, 0, 0, 0, 0, 0, 3, 1, 0, 0, 2, 1, 3, 2, 0, 0, 0, 0],908.6830653768391,49415.2661194787,107289.49159059927,false
33,G3_TWC,G3_TWC,[31, 22, 82, 15, 26, 58, 95, 42, 77, 12, 47, 5, 93, 78, 98, 54, 85, 63, 18, 44, 20, 35, 43, 97, 91, 76, 10, 30, 21, 45, 71, 64, 1, 23, 17, 83, 24, 14, 60, 36, 6, 57, 94, 88, 65, 56, 79, 40, 67, 68, 46, 75, 38, 9, 19, 32, 81, 41, 27, 62, 87, 90, 99, 59, 11, 16, 72, 73, 70, 39, 37, 84, 3, 92, 25, 55, 28, 29, 51, 7, 33, 61, 86, 48, 89, 50, 66, 96, 53, 80, 4, 8, 34, 49, 52, 0, 13, 2, 69, 74]|[1, 1, 0, 1, 1, 1, 2, 1, 2, 1, 2, 2, 2, 1, 1, 0, 0, 1, 0, 2, 2, 0, 1, 2, 0, 1, 2, 2, 0, 0, 1, 2, 1, 2, 1, 0, 2, 0, 1, 1, 0, 1, 1, 1, 0, 2, 1, 1, 0, 0, 0, 0, 1, 1, 2, 1, 2, 0, 0, 0, 2, 1, 0, 1, 2, 1, 2, 1, 1, 1, 1, 1, 2, 0, 1, 1, 0, 0, 0, 1, 2, 1, 0, 0, 1, 0, 0, 0, 0, 0, 0, 1, 2, 0, 1, 0, 0, 0, 1, 2]|[4, 3, 2, 2, 0, 0, 2, 2, 2, 4, 1, 1, 2, 4, 4, 1, 1, 4, 2, 1, 1, 1, 1, 2, 1, 2, 1, 1, 1, 1, 3, 2, 3, 0, 4, 0, 1, 1, 0, 3, 2, 2, 4, 0, 1, 1, 0, 2, 0, 1, 2, 2, 1, 4, 0, 3, 2, 1, 1, 2, 1, 3, 1, 1, 1, 3, 0, 4, 3, 1, 4, 1, 1, 2, 4, 4, 2, 1, 1, 3, 1, 3, 1, 1, 1, 1, 1, 1, 2, 1, 2, 3, 1, 1, 1, 2, 2, 2, 3, 1]|[0, 2, 1, 1, 3, 3, 0, 1, 0, 0, 0, 0, 1, 0, 1, 0, 0, 3, 1, 0, 0, 0, 3, 1, 0, 2, 0, 0, 0, 1, 0, 0, 0, 0, 3, 0, 1, 0, 0, 2, 1, 1, 2, 0, 0, 0, 0, 1, 1, 0, 0, 0, 1, 3, 0, 0, 1, 0, 0, 1, 0, 2, 0, 1, 0, 2, 1, 0, 0, 1, 1, 3, 0, 1, 3, 3, 1, 0, 0, 2, 0, 0, 0, 0, 1, 0, 0, 0, 1, 0, 1, 2, 0, 1, 1, 0, 0, 0, 0, 0],805.5394456933803,58046.77716663049,89050.44506242599,false
33,G1_CMAX,G1_CMAX,[31, 22, 82, 15, 26, 99, 95, 42, 77, 12, 47, 5, 93, 78, 86, 54, 21, 63, 18, 44, 20, 35, 43, 97, 91, 76, 10, 30, 85, 45, 71, 64, 1, 23, 17, 83, 24, 14, 60, 36, 6, 57, 40, 88, 65, 56, 79, 94, 67, 68, 46, 75, 38, 9, 19, 32, 41, 81, 27, 87, 90, 58, 59, 11, 16, 72, 73, 70, 39, 37, 84, 3, 92, 25, 55, 48, 62, 29, 51, 96, 33, 61, 98, 28, 89, 50, 4, 7, 53, 80, 52, 66, 34, 49, 8, 0, 74, 69, 2, 13]|[1, 1, 0, 1, 1, 0, 1, 1, 2, 1, 2, 2, 2, 1, 1, 0, 0, 1, 0, 2, 2, 0, 1, 2, 0, 1, 2, 2, 0, 0, 1, 2, 1, 2, 1, 0, 2, 0, 1, 1, 0, 1, 1, 1, 0, 2, 1, 1, 0, 0, 0, 0, 1, 1, 2, 1, 0, 2, 0, 2, 1, 0, 1, 2, 1, 2, 1, 1, 1, 1, 1, 1, 0, 1, 2, 0, 0, 0, 0, 2, 2, 1, 2, 0, 1, 0, 1, 2, 0, 0, 1, 2, 2, 0, 1, 0, 2, 1, 0, 0]|[0, 3, 2, 2, 4, 1, 2, 3, 2, 4, 1, 1, 2, 4, 4, 1, 1, 4, 2, 1, 1, 1, 1, 2, 1, 2, 1, 1, 2, 1, 3, 2, 3, 1, 4, 0, 1, 1, 0, 3, 2, 2, 2, 0, 1, 1, 0, 4, 0, 1, 2, 2, 1, 4, 0, 3, 1, 1, 1, 1, 3, 1, 1, 1, 3, 0, 4, 3, 1, 4, 1, 1, 0, 4, 1, 1, 2, 1, 1, 1, 1, 3, 1, 2, 1, 1, 4, 1, 2, 1, 1, 1, 1, 1, 3, 2, 1, 4, 2, 2]|[0, 2, 1, 1, 3, 0, 1, 3, 0, 0, 0, 0, 1, 0, 1, 0, 0, 3, 1, 0, 0, 0, 3, 1, 0, 2, 0, 0, 0, 1, 0, 0, 0, 0, 3, 0, 1, 0, 0, 2, 1, 1, 1, 0, 0, 0, 0, 2, 1, 0, 0, 0, 1, 3, 0, 0, 0, 0, 0, 0, 2, 0, 1, 0, 2, 1, 0, 0, 1, 1, 3, 1, 1, 3, 0, 0, 1, 0, 0, 0, 0, 0, 0, 1, 1, 0, 0, 0, 1, 0, 1, 0, 0, 1, 2, 0, 0, 2, 0, 0],731.2476204416437,56784.74762275103,92889.2977037672,false
33,G4_BALANCED,G4_BALANCED,[31, 22, 82, 15, 26, 99, 95, 42, 77, 12, 47, 5, 93, 78, 86, 54, 21, 63, 18, 44, 20, 23, 43, 97, 91, 76, 10, 30, 85, 45, 71, 64, 1, 35, 17, 83, 24, 14, 60, 36, 6, 57, 40, 88, 65, 56, 79, 94, 67, 68, 46, 75, 38, 9, 19, 32, 41, 81, 27, 87, 90, 58, 59, 11, 16, 72, 73, 70, 39, 37, 84, 3, 92, 25, 55, 48, 62, 29, 51, 96, 33, 61, 98, 28, 89, 50, 4, 7, 53, 80, 8, 66, 34, 49, 52, 0, 74, 69, 2, 13]|[2, 1, 0, 1, 1, 0, 1, 1, 2, 1, 2, 2, 2, 1, 1, 0, 0, 1, 0, 2, 2, 0, 1, 2, 0, 1, 2, 2, 0, 0, 1, 2, 1, 2, 1, 0, 2, 0, 1, 1, 0, 1, 1, 1, 0, 2, 1, 1, 0, 0, 0, 0, 1, 1, 2, 1, 0, 2, 0, 2, 1, 0, 1, 2, 1, 2, 1, 1, 1, 1, 1, 1, 0, 1, 2, 0, 0, 0, 0, 2, 2, 1, 2, 0, 1, 0, 1, 2, 0, 0, 1, 2, 2, 0, 1, 0, 2, 1, 0, 0]|[1, 3, 2, 2, 4, 1, 2, 3, 2, 4, 1, 1, 2, 4, 4, 1, 1, 4, 2, 1, 1, 1, 1, 2, 1, 2, 1, 1, 2, 1, 3, 2, 3, 1, 4, 0, 1, 1, 0, 3, 2, 2, 2, 0, 1, 1, 0, 4, 0, 1, 2, 2, 1, 4, 0, 3, 1, 1, 1, 1, 3, 1, 1, 1, 3, 0, 4, 3, 1, 4, 1, 1, 0, 4, 1, 1, 2, 1, 1, 1, 1, 3, 1, 2, 1, 1, 4, 1, 2, 1, 3, 1, 1, 1, 1, 2, 1, 4, 2, 2]|[0, 2, 1, 1, 3, 0, 1, 3, 0, 0, 0, 0, 1, 0, 1, 0, 0, 3, 1, 0, 0, 0, 3, 1, 0, 2, 0, 0, 0, 1, 0, 0, 0, 0, 3, 0, 1, 0, 0, 2, 1, 1, 1, 0, 0, 0, 0, 2, 1, 0, 0, 0, 1, 3, 0, 0, 0, 0, 0, 0, 2, 0, 1, 0, 2, 1, 0, 0, 1, 1, 3, 1, 1, 3, 0, 0, 1, 0, 0, 0, 0, 0, 0, 1, 1, 0, 0, 0, 1, 0, 2, 0, 0, 1, 1, 0, 0, 2, 0, 0],747.0447039953423,56009.8738606192,91689.36854044648,false
33,G2_TEC,G2_TEC,[31, 22, 82, 15, 26, 9, 95, 42, 77, 68, 47, 5, 93, 78, 86, 54, 85, 63, 18, 44, 20, 49, 36, 14, 74, 50, 53, 17, 21, 28, 11, 64, 3, 23, 30, 83, 24, 41, 60, 52, 65, 27, 90, 70, 39, 87, 48, 69, 99, 4, 46, 1, 13, 58, 97, 59, 45, 8, 73, 37, 35, 79, 71, 66, 76, 32, 40, 80, 56, 6, 67, 61, 12, 7, 57, 34, 33, 16, 10, 98, 96, 88, 43, 75, 91, 38, 84, 92, 29, 19, 51, 55, 72, 89, 25, 81, 94, 2, 62, 0]|[2, 1, 2, 1, 1, 2, 1, 1, 1, 1, 1, 0, 2, 2, 1, 2, 0, 0, 0, 2, 2, 1, 0, 2, 0, 2, 2, 1, 0, 1, 1, 1, 0, 0, 1, 0, 2, 1, 2, 2, 0, 0, 1, 1, 0, 2, 0, 2, 1, 0, 0, 2, 0, 0, 2, 0, 1, 1, 0, 0, 2, 1, 1, 2, 2, 0, 2, 2, 2, 1, 2, 1, 1, 2, 0, 1, 1, 2, 1, 2, 0, 1, 1, 0, 1, 0, 0, 0, 1, 1, 1, 0, 1, 1, 1, 1, 2, 2, 1, 0]|[0, 3, 0, 3, 4, 1, 4, 4, 2, 4, 3, 2, 1, 0, 2, 1, 1, 1, 2, 1, 1, 3, 0, 1, 0, 1, 1, 4, 1, 4, 3, 2, 2, 0, 4, 1, 1, 4, 1, 1, 2, 1, 4, 4, 1, 1, 0, 2, 3, 2, 2, 1, 2, 1, 1, 2, 4, 3, 0, 2, 2, 3, 3, 1, 1, 2, 1, 1, 1, 4, 1, 3, 3, 1, 2, 4, 4, 1, 3, 1, 2, 4, 4, 2, 3, 2, 2, 2, 3, 4, 3, 2, 4, 4, 4, 4, 1, 1, 3, 2]|[0, 2, 0, 0, 3, 0, 1, 3, 0, 0, 2, 0, 1, 0, 1, 0, 0, 0, 1, 0, 0, 2, 0, 0, 1, 0, 0, 3, 0, 1, 0, 2, 0, 0, 3, 0, 1, 1, 0, 0, 0, 0, 1, 3, 0, 0, 1, 0, 2, 0, 0, 0, 0, 0, 1, 0, 1, 0, 1, 1, 0, 2, 0, 0, 0, 0, 0, 0, 0, 2, 0, 0, 0, 0, 0, 1, 1, 0, 3, 0, 0, 1, 2, 0, 0, 0, 0, 0, 3, 1, 0, 0, 2, 1, 3, 2, 0, 0, 0, 0],908.6830653768391,49415.2661194787,107289.49159059927,false
33,G3_TWC,G3_TWC,[31, 22, 82, 15, 26, 58, 95, 42, 77, 12, 47, 5, 93, 78, 98, 54, 85, 63, 18, 44, 20, 35, 43, 97, 91, 76, 10, 30, 21, 45, 71, 64, 1, 23, 17, 83, 24, 14, 60, 0, 6, 57, 94, 88, 65, 56, 79, 40, 67, 68, 46, 75, 38, 9, 19, 32, 27, 41, 81, 62, 87, 90, 99, 59, 11, 16, 72, 73, 70, 39, 37, 84, 3, 92, 25, 55, 28, 29, 51, 7, 33, 61, 86, 66, 69, 50, 48, 96, 53, 8, 4, 80, 34, 49, 52, 2, 13, 36, 89, 74]|[1, 1, 0, 1, 1, 1, 2, 1, 2, 1, 2, 2, 2, 1, 1, 0, 0, 1, 0, 2, 2, 0, 1, 2, 0, 1, 2, 2, 0, 0, 1, 2, 1, 2, 1, 0, 2, 0, 1, 1, 0, 1, 1, 1, 0, 2, 1, 1, 0, 0, 0, 0, 1, 1, 2, 1, 0, 0, 2, 0, 2, 1, 0, 1, 2, 1, 2, 1, 1, 1, 1, 1, 2, 0, 1, 1, 0, 0, 0, 1, 2, 1, 0, 2, 1, 0, 0, 0, 0, 1, 0, 0, 2, 0, 1, 0, 0, 0, 1, 2]|[4, 3, 2, 2, 0, 0, 2, 2, 2, 4, 1, 1, 2, 4, 4, 1, 1, 4, 2, 1, 1, 1, 1, 2, 1, 2, 1, 1, 1, 1, 3, 2, 3, 0, 4, 0, 1, 1, 0, 3, 2, 2, 4, 0, 1, 1, 0, 2, 0, 1, 2, 2, 1, 4, 0, 3, 1, 1, 2, 2, 1, 3, 1, 1, 1, 3, 0, 4, 3, 1, 4, 1, 1, 2, 4, 4, 2, 1, 1, 3, 1, 3, 1, 1, 3, 1, 1, 1, 2, 3, 2, 1, 1, 1, 1, 2, 2, 2, 1, 1]|[0, 2, 1, 1, 3, 3, 0, 1, 0, 0, 0, 0, 1, 0, 1, 0, 0, 3, 1, 0, 0, 0, 3, 1, 0, 2, 0, 0, 0, 1, 0, 0, 0, 0, 3, 0, 1, 0, 0, 2, 1, 1, 2, 0, 0, 0, 0, 1, 1, 0, 0, 0, 1, 3, 0, 0, 0, 0, 1, 1, 0, 2, 0, 1, 0, 2, 1, 0, 0, 1, 1, 3, 0, 1, 3, 3, 1, 0, 0, 2, 0, 0, 0, 0, 0, 0, 0, 0, 1, 2, 1, 0, 0, 1, 1, 0, 0, 0, 1, 0],794.9504268325494,57749.374592850836,89546.73771391547,false
33,G1_CMAX,G1_CMAX,[31, 22, 82, 15, 26, 99, 95, 42, 77, 12, 47, 5, 93, 78, 86, 54, 21, 63, 18, 44, 20, 35, 43, 97, 91, 76, 10, 30, 85, 45, 71, 64, 1, 23, 37, 83, 24, 14, 60, 36, 6, 57, 40, 88, 65, 56, 79, 94, 67, 68, 46, 75, 38, 9, 19, 32, 41, 81, 27, 87, 90, 58, 59, 11, 16, 72, 73, 70, 39, 17, 84, 3, 92, 25, 55, 48, 62, 29, 51, 96, 33, 61, 98, 28, 89, 50, 4, 7, 53, 80, 8, 66, 34, 49, 52, 0, 74, 69, 2, 13]|[1, 1, 0, 1, 1, 0, 1, 1, 2, 1, 2, 2, 2, 1, 1, 0, 0, 1, 0, 2, 2, 0, 1, 2, 0, 1, 2, 2, 0, 0, 1, 2, 1, 2, 1, 0, 2, 0, 1, 1, 0, 1, 1, 1, 0, 2, 1, 1, 0, 0, 0, 0, 1, 1, 2, 1, 0, 2, 0, 2, 1, 0, 1, 2, 1, 2, 1, 1, 1, 1, 1, 1, 0, 1, 2, 0, 0, 0, 0, 2, 2, 1, 2, 0, 1, 0, 1, 2, 0, 0, 1, 2, 2, 0, 1, 0, 2, 1, 0, 0]|[0, 3, 2, 2, 4, 1, 2, 3, 2, 4, 1, 1, 2, 4, 4, 1, 1, 4, 2, 1, 1, 1, 1, 2, 1, 2, 1, 1, 2, 1, 3, 2, 3, 1, 4, 0, 1, 1, 0, 3, 2, 2, 2, 0, 1, 1, 0, 4, 0, 1, 2, 2, 1, 4, 0, 3, 1, 1, 1, 1, 3, 1, 1, 1, 3, 0, 4, 3, 1, 4, 1, 1, 0, 4, 1, 1, 2, 1, 1, 1, 1, 3, 1, 2, 1, 1, 4, 1, 2, 1, 3, 1, 1, 1, 1, 2, 1, 4, 2, 2]|[0, 2, 1, 1, 3, 0, 1, 3, 0, 0, 0, 0, 1, 0, 1, 0, 0, 3, 1, 0, 0, 0, 3, 1, 0, 2, 0, 0, 0, 1, 0, 0, 0, 0, 3, 0, 1, 0, 0, 2, 1, 1, 1, 0, 0, 0, 0, 2, 1, 0, 0, 0, 1, 3, 0, 0, 0, 0, 0, 0, 2, 0, 1, 0, 2, 1, 0, 0, 1, 1, 3, 1, 1, 3, 0, 0, 1, 0, 0, 0, 0, 0, 0, 1, 1, 0, 0, 0, 1, 0, 2, 0, 0, 1, 1, 0, 0, 2, 0, 0],731.2476204416437,56586.27722209284,92825.60273597998,false
33,G4_BALANCED,G4_BALANCED,[31, 22, 82, 15, 26, 99, 95, 42, 77, 12, 47, 5, 93, 78, 86, 54, 21, 63, 18, 44, 20, 23, 43, 97, 91, 76, 10, 30, 85, 45, 71, 64, 1, 35, 17, 83, 24, 14, 60, 36, 6, 57, 40, 88, 65, 56, 79, 94, 67, 68, 46, 75, 38, 9, 19, 32, 41, 81, 27, 87, 90, 58, 59, 11, 16, 72, 73, 70, 39, 37, 84, 3, 92, 25, 55, 48, 62, 29, 51, 96, 33, 61, 98, 28, 89, 50, 4, 7, 53, 80, 8, 66, 34, 49, 52, 0, 74, 69, 2, 13]|[2, 1, 0, 1, 1, 0, 1, 1, 2, 1, 2, 2, 2, 1, 1, 0, 0, 1, 0, 2, 2, 0, 1, 2, 0, 1, 2, 2, 0, 0, 1, 2, 1, 2, 1, 0, 2, 0, 1, 1, 0, 1, 1, 1, 0, 2, 1, 1, 0, 0, 0, 0, 1, 1, 2, 1, 0, 2, 0, 2, 1, 0, 1, 2, 1, 2, 1, 1, 1, 1, 1, 1, 0, 1, 2, 0, 0, 0, 0, 2, 2, 1, 2, 0, 1, 0, 1, 2, 0, 0, 1, 2, 2, 0, 1, 0, 2, 1, 0, 0]|[1, 3, 2, 2, 4, 1, 2, 3, 2, 4, 1, 1, 2, 4, 4, 1, 1, 4, 2, 1, 1, 1, 1, 2, 1, 2, 1, 1, 2, 1, 3, 2, 3, 1, 4, 0, 1, 1, 0, 3, 2, 2, 2, 0, 1, 1, 0, 4, 0, 1, 2, 2, 1, 4, 0, 3, 1, 1, 1, 1, 3, 1, 1, 1, 3, 0, 4, 3, 1, 4, 1, 1, 0, 4, 1, 1, 2, 1, 1, 1, 1, 3, 1, 2, 1, 1, 4, 1, 2, 1, 3, 1, 1, 1, 1, 2, 1, 4, 2, 2]|[0, 2, 1, 1, 3, 0, 1, 3, 0, 0, 0, 0, 1, 0, 1, 0, 0, 3, 1, 0, 0, 0, 3, 1, 0, 2, 0, 0, 0, 1, 0, 0, 0, 0, 3, 0, 1, 0, 0, 2, 1, 1, 1, 0, 0, 0, 0, 2, 1, 0, 0, 0, 1, 3, 0, 0, 0, 0, 0, 0, 2, 0, 1, 0, 2, 1, 0, 0, 1, 1, 3, 1, 1, 3, 0, 0, 1, 0, 0, 0, 0, 0, 0, 1, 1, 0, 0, 0, 1, 0, 2, 0, 0, 1, 1, 0, 0, 2, 0, 0],747.0447039953423,56009.8738606192,91689.36854044648,false
33,G2_TEC,G2_TEC,[31, 22, 82, 15, 26, 9, 95, 42, 77, 68, 47, 5, 93, 78, 86, 54, 85, 63, 18, 44, 20, 49, 36, 14, 74, 50, 53, 17, 21, 28, 11, 64, 3, 23, 30, 83, 24, 41, 60, 52, 65, 27, 90, 70, 39, 87, 48, 69, 99, 4, 46, 1, 13, 58, 97, 59, 45, 8, 73, 37, 35, 79, 71, 66, 76, 32, 40, 80, 56, 6, 67, 61, 12, 7, 57, 34, 33, 16, 10, 98, 96, 88, 43, 75, 91, 38, 84, 92, 29, 19, 51, 55, 72, 89, 25, 81, 94, 2, 62, 0]|[2, 1, 2, 1, 1, 2, 1, 1, 1, 1, 1, 0, 2, 2, 1, 2, 0, 0, 0, 2, 2, 1, 0, 2, 0, 2, 2, 1, 0, 1, 1, 1, 0, 0, 1, 0, 2, 1, 2, 2, 0, 0, 1, 1, 0, 2, 0, 2, 1, 0, 0, 2, 0, 0, 2, 0, 1, 1, 0, 0, 2, 1, 1, 2, 2, 0, 2, 2, 2, 1, 2, 1, 1, 2, 0, 1, 1, 2, 1, 2, 0, 1, 1, 0, 1, 0, 0, 0, 1, 1, 1, 0, 1, 1, 1, 1, 2, 2, 1, 0]|[0, 3, 0, 3, 4, 1, 4, 4, 2, 4, 3, 2, 1, 0, 2, 1, 1, 1, 2, 1, 1, 3, 0, 1, 0, 1, 1, 4, 1, 4, 3, 2, 2, 0, 4, 1, 1, 4, 1, 1, 2, 1, 4, 4, 1, 1, 0, 2, 3, 2, 2, 1, 2, 1, 1, 2, 4, 3, 0, 2, 2, 3, 3, 1, 1, 2, 1, 1, 1, 4, 1, 3, 3, 1, 2, 4, 4, 1, 3, 1, 2, 4, 4, 2, 3, 2, 2, 2, 3, 4, 3, 2, 4, 4, 4, 4, 1, 1, 3, 2]|[0, 2, 0, 0, 3, 0, 1, 3, 0, 0, 2, 0, 1, 0, 1, 0, 0, 0, 1, 0, 0, 2, 0, 0, 1, 0, 0, 3, 0, 1, 0, 2, 0, 0, 3, 0, 1, 1, 0, 0, 0, 0, 1, 3, 0, 0, 1, 0, 2, 0, 0, 0, 0, 0, 1, 0, 1, 0, 1, 1, 0, 2, 0, 0, 0, 0, 0, 0, 0, 2, 0, 0, 0, 0, 0, 1, 1, 0, 3, 0, 0, 1, 2, 0, 0, 0, 0, 0, 3, 1, 0, 0, 2, 1, 3, 2, 0, 0, 0, 0],908.6830653768391,49415.2661194787,107289.49159059927,false
33,G3_TWC,G4_BALANCED,[31, 22, 82, 15, 26, 9, 95, 42, 77, 68, 47, 5, 93, 78, 86, 54, 85, 63, 18, 44, 20, 49, 36, 14, 74, 50, 53, 17, 21, 28, 11, 64, 3, 23, 30, 83, 24, 41, 40, 52, 65, 27, 90, 70, 39, 87, 48, 69, 99, 4, 46, 1, 13, 58, 19, 59, 45, 8, 73, 37, 35, 79, 71, 66, 76, 32, 60, 80, 96, 6, 16, 61, 33, 7, 57, 34, 12, 0, 10, 98, 56, 88, 43, 75, 91, 38, 84, 92, 29, 97, 51, 72, 55, 25, 89, 81, 94, 2, 62, 67]|[2, 1, 2, 1, 1, 0, 1, 1, 1, 1, 1, 0, 2, 2, 1, 2, 0, 0, 0, 2, 2, 1, 0, 2, 0, 2, 2, 1, 0, 1, 1, 1, 0, 0, 1, 0, 2, 1, 2, 2, 0, 0, 1, 1, 0, 2, 0, 2, 1, 0, 0, 2, 0, 0, 2, 0, 1, 1, 0, 0, 2, 1, 1, 1, 2, 0, 2, 2, 0, 1, 2, 1, 1, 2, 0, 1, 1, 2, 1, 2, 2, 1, 1, 0, 1, 0, 0, 0, 1, 1, 1, 1, 0, 1, 1, 1, 2, 2, 1, 2]|[0, 3, 0, 3, 4, 1, 4, 4, 2, 4, 3, 2, 1, 0, 2, 1, 1, 1, 2, 1, 1, 3, 0, 1, 0, 1, 1, 4, 1, 4, 3, 2, 2, 0, 4, 1, 1, 4, 1, 1, 2, 1, 4, 4, 1, 1, 0, 2, 3, 2, 2, 1, 2, 1, 1, 2, 4, 3, 0, 2, 2, 3, 3, 1, 1, 2, 1, 1, 2, 4, 1, 3, 4, 1, 2, 4, 3, 1, 3, 1, 1, 4, 4, 2, 3, 2, 2, 2, 3, 4, 3, 4, 2, 4, 4, 4, 1, 1, 3, 1]|[0, 2, 0, 0, 3, 0, 1, 3, 0, 0, 2, 0, 1, 0, 1, 0, 0, 0, 1, 0, 0, 2, 0, 0, 1, 0, 0, 3, 0, 1, 0, 2, 0, 0, 3, 0, 1, 3, 0, 0, 0, 0, 1, 3, 0, 0, 1, 0, 2, 0, 0, 0, 0, 1, 1, 0, 1, 0, 1, 1, 0, 2, 0, 2, 0, 0, 0, 0, 0, 2, 0, 0, 1, 0, 0, 1, 0, 0, 3, 0, 0, 1, 2, 0, 0, 0, 0, 0, 3, 1, 0, 2, 0, 3, 1, 2, 0, 0, 0, 0],887.1401620814495,50208.584340193614,104549.4051625019,true
33,G1_CMAX,G1_CMAX,[31, 22, 82, 15, 26, 99, 95, 42, 77, 12, 47, 5, 93, 78, 86, 54, 21, 63, 18, 44, 20, 35, 43, 97, 91, 76, 10, 30, 85, 45, 71, 64, 1, 23, 37, 83, 24, 14, 60, 36, 6, 57, 40, 88, 65, 56, 79, 94, 67, 68, 46, 75, 38, 9, 19, 32, 41, 81, 27, 87, 90, 58, 59, 11, 16, 72, 73, 70, 39, 17, 84, 3, 92, 25, 55, 48, 62, 29, 51, 96, 33, 61, 98, 28, 89, 50, 4, 7, 53, 80, 8, 66, 34, 49, 52, 0, 74, 69, 2, 13]|[1, 1, 0, 1, 1, 0, 1, 1, 2, 1, 2, 2, 2, 1, 1, 0, 0, 1, 0, 2, 2, 0, 1, 2, 0, 1, 2, 2, 0, 0, 1, 2, 1, 2, 1, 0, 2, 0, 1, 1, 0, 1, 1, 1, 0, 2, 1, 1, 0, 0, 0, 0, 1, 1, 2, 1, 0, 2, 0, 2, 1, 0, 1, 2, 1, 2, 1, 1, 1, 1, 1, 1, 0, 1, 2, 0, 0, 0, 0, 2, 2, 1, 2, 0, 1, 0, 1, 2, 0, 0, 1, 2, 2, 0, 1, 0, 2, 1, 0, 0]|[0, 3, 2, 2, 4, 1, 2, 3, 2, 4, 1, 1, 2, 4, 4, 1, 1, 4, 2, 1, 1, 1, 1, 2, 1, 2, 1, 1, 2, 1, 3, 2, 3, 1, 4, 0, 1, 1, 0, 3, 2, 2, 2, 0, 1, 1, 0, 4, 0, 1, 2, 2, 1, 4, 0, 3, 1, 1, 1, 1, 3, 1, 1, 1, 3, 0, 4, 3, 1, 4, 1, 1, 0, 4, 1, 1, 2, 1, 1, 1, 1, 3, 1, 2, 1, 1, 4, 1, 2, 1, 3, 1, 1, 1, 1, 2, 1, 4, 2, 2]|[0, 2, 1, 1, 3, 0, 1, 3, 0, 0, 0, 0, 1, 0, 1, 0, 0, 3, 1, 0, 0, 0, 3, 1, 0, 2, 0, 0, 0, 1, 0, 0, 0, 0, 3, 0, 1, 0, 0, 2, 1, 1, 1, 0, 0, 0, 0, 2, 1, 0, 0, 0, 1, 3, 0, 0, 0, 0, 0, 0, 2, 0, 1, 0, 2, 1, 0, 0, 1, 1, 3, 1, 1, 3, 0, 0, 1, 0, 0, 0, 0, 0, 0, 1, 1, 0, 0, 0, 1, 0, 2, 0, 0, 1, 1, 0, 0, 2, 0, 0],731.2476204416437,56586.27722209284,92825.60273597998,false
33,G4_BALANCED,G4_BALANCED,[31, 11, 82, 15, 26, 9, 95, 42, 77, 68, 47, 5, 93, 78, 86, 54, 85, 63, 18, 44, 20, 49, 36, 14, 74, 50, 53, 17, 21, 45, 71, 64, 3, 23, 30, 83, 24, 41, 60, 52, 65, 27, 90, 70, 39, 87, 48, 69, 99, 4, 46, 1, 13, 58, 97, 59, 28, 75, 73, 37, 35, 79, 22, 66, 76, 32, 40, 80, 96, 6, 61, 16, 33, 7, 57, 34, 12, 67, 10, 98, 56, 88, 29, 8, 91, 38, 19, 92, 0, 84, 51, 72, 81, 25, 2, 55, 62, 89, 94, 43]|[2, 1, 2, 1, 1, 2, 1, 1, 1, 1, 1, 0, 2, 2, 1, 2, 0, 0, 0, 2, 2, 1, 0, 2, 0, 2, 2, 1, 0, 1, 1, 1, 0, 0, 1, 0, 2, 1, 2, 2, 0, 0, 1, 1, 0, 2, 0, 2, 1, 0, 0, 2, 0, 0, 2, 0, 1, 1, 0, 0, 2, 1, 0, 2, 2, 0, 2, 2, 0, 1, 1, 2, 1, 2, 0, 1, 1, 1, 1, 2, 2, 1, 1, 0, 1, 0, 1, 0, 0, 0, 1, 1, 1, 1, 2, 0, 1, 1, 2, 1]|[0, 3, 0, 2, 4, 1, 4, 4, 2, 4, 3, 2, 1, 0, 2, 1, 1, 1, 2, 1, 1, 3, 0, 1, 0, 1, 1, 4, 1, 4, 3, 2, 2, 0, 4, 1, 1, 4, 0, 1, 2, 1, 4, 4, 1, 1, 0, 2, 3, 1, 2, 1, 2, 1, 1, 2, 4, 3, 0, 2, 2, 3, 1, 0, 1, 2, 0, 1, 2, 4, 3, 1, 4, 1, 2, 4, 3, 3, 3, 1, 1, 4, 3, 2, 3, 2, 4, 2, 2, 2, 3, 4, 4, 4, 1, 2, 3, 4, 1, 4]|[0, 2, 0, 1, 3, 0, 1, 3, 0, 0, 2, 0, 1, 0, 1, 0, 0, 0, 1, 0, 0, 2, 0, 0, 1, 0, 0, 3, 0, 1, 0, 2, 0, 1, 3, 0, 1, 3, 0, 0, 0, 0, 1, 3, 0, 0, 1, 0, 2, 0, 0, 0, 0, 0, 1, 0, 1, 0, 1, 1, 0, 2, 0, 0, 0, 0, 0, 0, 0, 2, 0, 0, 1, 0, 0, 1, 0, 0, 3, 0, 0, 1, 0, 0, 0, 0, 3, 0, 0, 0, 0, 2, 1, 3, 0, 0, 0, 1, 0, 2],855.0393744413956,51505.71572620196,111775.49494394401,false
33,G2_TEC,G2_TEC,[31, 22, 82, 15, 26, 9, 95, 42, 77, 68, 47, 5, 93, 78, 86, 54, 85, 63, 18, 44, 20, 49, 36, 14, 74, 50, 53, 17, 21, 28, 11, 64, 3, 23, 30, 83, 24, 41, 60, 52, 65, 27, 90, 70, 39, 87, 48, 69, 99, 4, 46, 1, 13, 58, 97, 59, 45, 8, 73, 37, 35, 79, 71, 66, 76, 32, 40, 80, 56, 6, 67, 61, 12, 7, 57, 34, 33, 16, 10, 98, 96, 88, 43, 75, 91, 38, 84, 92, 29, 19, 51, 55, 72, 89, 25, 81, 94, 2, 62, 0]|[2, 1, 2, 1, 1, 2, 1, 1, 1, 1, 1, 0, 2, 2, 1, 2, 0, 0, 0, 2, 2, 1, 0, 2, 0, 2, 2, 1, 0, 1, 1, 1, 0, 0, 1, 0, 2, 1, 2, 2, 0, 0, 1, 1, 0, 2, 0, 2, 1, 0, 0, 2, 0, 0, 2, 0, 1, 1, 0, 0, 2, 1, 1, 2, 2, 0, 2, 2, 2, 1, 2, 1, 1, 2, 0, 1, 1, 2, 1, 2, 0, 1, 1, 0, 1, 0, 0, 0, 1, 1, 1, 0, 1, 1, 1, 1, 2, 2, 1, 0]|[0, 3, 0, 3, 4, 1, 4, 4, 2, 4, 3, 2, 1, 0, 2, 1, 1, 1, 2, 1, 1, 3, 0, 1, 0, 1, 1, 4, 1, 4, 3, 2, 2, 0, 4, 1, 1, 4, 1, 1, 2, 1, 4, 4, 1, 1, 0, 2, 3, 2, 2, 1, 2, 1, 1, 2, 4, 3, 0, 2, 2, 3, 3, 1, 1, 2, 1, 1, 1, 4, 1, 3, 3, 1, 2, 4, 4, 1, 3, 1, 2, 4, 4, 2, 3, 2, 2, 2, 3, 4, 3, 2, 4, 4, 4, 4, 1, 1, 3, 2]|[0, 2, 0, 0, 3, 0, 1, 3, 0, 0, 2, 0, 1, 0, 1, 0, 0, 0, 1, 0, 0, 2, 0, 0, 1, 0, 0, 3, 0, 1, 0, 2, 0, 0, 3, 0, 1, 1, 0, 0, 0, 0, 1, 3, 0, 0, 1, 0, 2, 0, 0, 0, 0, 0, 1, 0, 1, 0, 1, 1, 0, 2, 0, 0, 0, 0, 0, 0, 0, 2, 0, 0, 0, 0, 0, 1, 1, 0, 3, 0, 0, 1, 2, 0, 0, 0, 0, 0, 3, 1, 0, 0, 2, 1, 3, 2, 0, 0, 0, 0],908.6830653768391,49415.2661194787,107289.49159059927,false
33,G3_TWC,G4_BALANCED,[31, 22, 82, 15, 26, 9, 95, 42, 77, 68, 47, 5, 93, 78, 86, 54, 85, 63, 18, 44, 20, 49, 36, 14, 74, 50, 53, 17, 21, 28, 11, 64, 3, 23, 30, 83, 24, 41, 40, 52, 65, 27, 90, 70, 39, 87, 48, 69, 99, 4, 46, 1, 13, 58, 19, 59, 45, 8, 73, 37, 35, 79, 71, 66, 76, 32, 60, 80, 96, 6, 16, 61, 33, 7, 57, 34, 12, 0, 10, 98, 56, 88, 43, 75, 91, 38, 84, 92, 29, 97, 51, 72, 55, 25, 89, 81, 94, 2, 62, 67]|[2, 1, 2, 1, 1, 0, 1, 1, 1, 1, 1, 0, 2, 2, 1, 2, 0, 0, 0, 2, 2, 1, 0, 2, 0, 2, 2, 1, 0, 1, 1, 1, 0, 0, 1, 0, 2, 1, 2, 2, 0, 0, 1, 1, 0, 2, 0, 2, 1, 0, 0, 2, 0, 0, 2, 0, 1, 1, 0, 0, 2, 1, 1, 1, 2, 0, 2, 2, 0, 1, 2, 1, 1, 2, 0, 1, 1, 2, 1, 2, 2, 1, 1, 0, 1, 0, 0, 0, 1, 1, 1, 1, 0, 1, 1, 1, 2, 2, 1, 2]|[0, 3, 0, 3, 4, 1, 4, 4, 2, 4, 3, 2, 1, 0, 2, 1, 1, 1, 2, 1, 1, 3, 0, 1, 0, 1, 1, 4, 1, 4, 3, 2, 2, 0, 4, 1, 1, 4, 1, 1, 2, 1, 4, 4, 1, 1, 0, 2, 3, 2, 2, 1, 2, 1, 1, 2, 4, 3, 0, 2, 2, 3, 3, 1, 1, 2, 1, 1, 2, 4, 1, 3, 4, 1, 2, 4, 3, 1, 3, 1, 1, 4, 4, 2, 3, 2, 2, 2, 3, 4, 3, 4, 2, 4, 4, 4, 1, 1, 3, 1]|[0, 2, 0, 0, 3, 0, 1, 3, 0, 0, 2, 0, 1, 0, 1, 0, 0, 0, 1, 0, 0, 2, 0, 0, 1, 0, 0, 3, 0, 1, 0, 2, 0, 0, 3, 0, 1, 3, 0, 0, 0, 0, 1, 3, 0, 0, 1, 0, 2, 0, 0, 0, 0, 1, 1, 0, 1, 0, 1, 1, 0, 2, 0, 2, 0, 0, 0, 0, 0, 2, 0, 0, 1, 0, 0, 1, 0, 0, 3, 0, 0, 1, 2, 0, 0, 0, 0, 0, 3, 1, 0, 2, 0, 3, 1, 2, 0, 0, 0, 0],887.1401620814495,50208.584340193614,104549.4051625019,true
33,G1_CMAX,G1_CMAX,[31, 22, 82, 15, 26, 99, 95, 42, 77, 12, 47, 5, 93, 78, 86, 54, 21, 63, 18, 44, 20, 35, 43, 97, 91, 76, 10, 30, 85, 45, 71, 64, 1, 23, 37, 83, 24, 14, 60, 36, 6, 57, 40, 88, 65, 56, 79, 94, 67, 68, 46, 75, 38, 9, 19, 32, 41, 81, 27, 87, 90, 58, 59, 11, 16, 72, 73, 70, 39, 17, 84, 3, 92, 25, 55, 48, 62, 29, 51, 96, 33, 61, 98, 28, 89, 50, 4, 7, 53, 80, 8, 66, 34, 49, 52, 0, 74, 69, 2, 13]|[1, 1, 0, 1, 1, 0, 1, 1, 2, 1, 2, 2, 2, 1, 1, 0, 0, 1, 0, 2, 2, 0, 1, 2, 0, 1, 2, 2, 0, 0, 1, 2, 1, 2, 1, 0, 2, 0, 1, 1, 0, 1, 1, 1, 0, 2, 1, 1, 0, 0, 0, 0, 1, 1, 2, 1, 0, 2, 0, 2, 1, 0, 1, 2, 1, 2, 1, 1, 1, 1, 1, 1, 0, 1, 2, 0, 0, 0, 0, 2, 2, 1, 2, 0, 1, 0, 1, 2, 0, 0, 1, 2, 2, 0, 1, 0, 2, 1, 0, 0]|[0, 3, 2, 2, 4, 1, 2, 3, 2, 4, 1, 1, 2, 4, 4, 1, 1, 4, 2, 1, 1, 1, 1, 2, 1, 2, 1, 1, 2, 1, 3, 2, 3, 1, 4, 0, 1, 1, 0, 3, 2, 2, 2, 0, 1, 1, 0, 4, 0, 1, 2, 2, 1, 4, 0, 3, 1, 1, 1, 1, 3, 1, 1, 1, 3, 0, 4, 3, 1, 4, 1, 1, 0, 4, 1, 1, 2, 1, 1, 1, 1, 3, 1, 2, 1, 1, 4, 1, 2, 1, 3, 1, 1, 1, 1, 2, 1, 4, 2, 2]|[0, 2, 1, 1, 3, 0, 1, 3, 0, 0, 0, 0, 1, 0, 1, 0, 0, 3, 1, 0, 0, 0, 3, 1, 0, 2, 0, 0, 0, 1, 0, 0, 0, 0, 3, 0, 1, 0, 0, 2, 1, 1, 1, 0, 0, 0, 0, 2, 1, 0, 0, 0, 1, 3, 0, 0, 0, 0, 0, 0, 2, 0, 1, 0, 2, 1, 0, 0, 1, 1, 3, 1, 1, 3, 0, 0, 1, 0, 0, 0, 0, 0, 0, 1, 1, 0, 0, 0, 1, 0, 2, 0, 0, 1, 1, 0, 0, 2, 0, 0],731.2476204416437,56586.27722209284,92825.60273597998,false
33,G4_BALANCED,G4_BALANCED,[31, 11, 82, 15, 26, 9, 95, 42, 77, 68, 47, 5, 93, 78, 86, 54, 85, 63, 18, 44, 20, 49, 36, 14, 74, 50, 53, 17, 21, 45, 71, 64, 3, 23, 30, 83, 24, 41, 60, 52, 65, 27, 90, 70, 39, 87, 48, 69, 99, 4, 46, 1, 13, 58, 97, 59, 28, 75, 73, 37, 35, 79, 22, 66, 76, 32, 40, 80, 96, 6, 61, 16, 33, 7, 57, 34, 12, 67, 10, 98, 56, 88, 29, 8, 91, 38, 19, 92, 0, 84, 51, 72, 81, 25, 2, 55, 62, 89, 94, 43]|[2, 1, 2, 1, 1, 2, 1, 1, 1, 1, 1, 0, 2, 2, 1, 2, 0, 0, 0, 2, 2, 1, 0, 2, 0, 2, 2, 1, 0, 1, 1, 1, 0, 0, 1, 0, 2, 1, 2, 2, 0, 0, 1, 1, 0, 2, 0, 2, 1, 0, 0, 2, 0, 0, 2, 0, 1, 1, 0, 0, 2, 1, 0, 2, 2, 0, 2, 2, 0, 1, 1, 2, 1, 2, 0, 1, 1, 1, 1, 2, 2, 1, 1, 0, 1, 0, 1, 0, 0, 0, 1, 1, 1, 1, 2, 0, 1, 1, 2, 1]|[0, 3, 0, 2, 4, 1, 4, 4, 2, 4, 3, 2, 1, 0, 2, 1, 1, 1, 2, 1, 1, 3, 0, 1, 0, 1, 1, 4, 1, 4, 3, 2, 2, 0, 4, 1, 1, 4, 0, 1, 2, 1, 4, 4, 1, 1, 0, 2, 3, 1, 2, 1, 2, 1, 1, 2, 4, 3, 0, 2, 2, 3, 1, 0, 1, 2, 0, 1, 2, 4, 3, 1, 4, 1, 2, 4, 3, 3, 3, 1, 1, 4, 3, 2, 3, 2, 4, 2, 2, 2, 3, 4, 4, 4, 1, 2, 3, 4, 1, 4]|[0, 2, 0, 1, 3, 0, 1, 3, 0, 0, 2, 0, 1, 0, 1, 0, 0, 0, 1, 0, 0, 2, 0, 0, 1, 0, 0, 3, 0, 1, 0, 2, 0, 1, 3, 0, 1, 3, 0, 0, 0, 0, 1, 3, 0, 0, 1, 0, 2, 0, 0, 0, 0, 0, 1, 0, 1, 0, 1, 1, 0, 2, 0, 0, 0, 0, 0, 0, 0, 2, 0, 0, 1, 0, 0, 1, 0, 0, 3, 0, 0, 1, 0, 0, 0, 0, 3, 0, 0, 0, 0, 2, 1, 3, 0, 0, 0, 1, 0, 2],855.0393744413956,51505.71572620196,111775.49494394401,false
33,G2_TEC,G2_TEC,[31, 22, 82, 15, 26, 9, 95, 42, 77, 68, 47, 5, 93, 78, 86, 54, 85, 63, 18, 44, 20, 49, 36, 14, 74, 50, 53, 17, 21, 28, 11, 64, 3, 23, 30, 83, 24, 41, 60, 52, 65, 27, 90, 70, 39, 87, 48, 69, 99, 4, 46, 1, 13, 58, 97, 59, 45, 8, 73, 37, 35, 79, 71, 66, 76, 32, 40, 80, 56, 6, 67, 61, 12, 7, 57, 34, 33, 16, 10, 98, 96, 88, 43, 75, 91, 38, 84, 92, 29, 19, 51, 55, 72, 89, 25, 81, 94, 2, 62, 0]|[2, 1, 2, 1, 1, 2, 1, 1, 1, 1, 1, 0, 2, 2, 1, 2, 0, 0, 0, 2, 2, 1, 0, 2, 0, 2, 2, 1, 0, 1, 1, 1, 0, 0, 1, 0, 2, 1, 2, 2, 0, 0, 1, 1, 0, 2, 0, 2, 1, 0, 0, 2, 0, 0, 2, 0, 1, 1, 0, 0, 2, 1, 1, 2, 2, 0, 2, 2, 2, 1, 2, 1, 1, 2, 0, 1, 1, 2, 1, 2, 0, 1, 1, 0, 1, 0, 0, 0, 1, 1, 1, 0, 1, 1, 1, 1, 2, 2, 1, 0]|[0, 3, 0, 3, 4, 1, 4, 4, 2, 4, 3, 2, 1, 0, 2, 1, 1, 1, 2, 1, 1, 3, 0, 1, 0, 1, 1, 4, 1, 4, 3, 2, 2, 0, 4, 1, 1, 4, 1, 1, 2, 1, 4, 4, 1, 1, 0, 2, 3, 2, 2, 1, 2, 1, 1, 2, 4, 3, 0, 2, 2, 3, 3, 1, 1, 2, 1, 1, 1, 4, 1, 3, 3, 1, 2, 4, 4, 1, 3, 1, 2, 4, 4, 2, 3, 2, 2, 2, 3, 4, 3, 2, 4, 4, 4, 4, 1, 1, 3, 2]|[0, 2, 0, 0, 3, 0, 1, 3, 0, 0, 2, 0, 1, 0, 1, 0, 0, 0, 1, 0, 0, 2, 0, 0, 1, 0, 0, 3, 0, 1, 0, 2, 0, 0, 3, 0, 1, 1, 0, 0, 0, 0, 1, 3, 0, 0, 1, 0, 2, 0, 0, 0, 0, 0, 1, 0, 1, 0, 1, 1, 0, 2, 0, 0, 0, 0, 0, 0, 0, 2, 0, 0, 0, 0, 0, 1, 1, 0, 3, 0, 0, 1, 2, 0, 0, 0, 0, 0, 3, 1, 0, 0, 2, 1, 3, 2, 0, 0, 0, 0],908.6830653768391,49415.2661194787,107289.49159059927,false
33,G3_TWC,G3_TWC,[31, 22, 82, 15, 26, 58, 95, 42, 77, 12, 47, 5, 93, 78, 98, 54, 85, 63, 18, 44, 20, 35, 43, 97, 91, 76, 10, 30, 21, 45, 71, 64, 1, 23, 17, 83, 24, 14, 60, 36, 6, 57, 94, 88, 65, 56, 79, 40, 67, 68, 46, 75, 38, 9, 19, 32, 81, 41, 27, 62, 87, 90, 99, 59, 11, 16, 72, 73, 70, 39, 37, 84, 3, 92, 25, 55, 28, 29, 51, 7, 33, 61, 86, 48, 89, 50, 66, 96, 53, 80, 4, 8, 34, 49, 52, 0, 13, 2, 69, 74]|[1, 1, 0, 1, 1, 1, 2, 1, 2, 1, 2, 2, 2, 1, 1, 0, 0, 1, 0, 2, 2, 0, 1, 2, 0, 1, 2, 2, 0, 0, 1, 2, 1, 2, 1, 0, 2, 0, 1, 1, 0, 1, 1, 1, 0, 2, 1, 1, 0, 0, 0, 0, 1, 1, 2, 1, 2, 0, 0, 0, 2, 1, 0, 1, 2, 1, 2, 1, 1, 1, 1, 1, 2, 0, 1, 1, 0, 0, 0, 1, 2, 1, 0, 0, 1, 0, 0, 0, 0, 0, 0, 1, 2, 0, 1, 0, 0, 0, 1, 2]|[4, 3, 2, 2, 0, 0, 2, 2, 2, 4, 1, 1, 2, 4, 4, 1, 1, 4, 2, 1, 1, 1, 1, 2, 1, 2, 1, 1, 1, 1, 3, 2, 3, 0, 4, 0, 1, 1, 0, 3, 2, 2, 4, 0, 1, 1, 0, 2, 0, 1, 2, 2, 1, 4, 0, 3, 2, 1, 1, 2, 1, 3, 1, 1, 1, 3, 0, 4, 3, 1, 4, 1, 1, 2, 4, 4, 2, 1, 1, 3, 1, 3, 1, 1, 1, 1, 1, 1, 2, 1, 2, 3, 1, 1, 1, 2, 2, 2, 3, 1]|[0, 2, 1, 1, 3, 3, 0, 1, 0, 0, 0, 0, 1, 0, 1, 0, 0, 3, 1, 0, 0, 0, 3, 1, 0, 2, 0, 0, 0, 1, 0, 0, 0, 0, 3, 0, 1, 0, 0, 2, 1, 1, 2, 0, 0, 0, 0, 1, 1, 0, 0, 0, 1, 3, 0, 0, 1, 0, 0, 1, 0, 2, 0, 1, 0, 2, 1, 0, 0, 1, 1, 3, 0, 1, 3, 3, 1, 0, 0, 2, 0, 0, 0, 0, 1, 0, 0, 0, 1, 0, 1, 2, 0, 1, 1, 0, 0, 0, 0, 0],805.5394456933803,58046.77716663049,89050.44506242599,false
33,G1_CMAX,G2_TEC,[31, 22, 82, 15, 26, 9, 95, 42, 77, 68, 47, 5, 93, 78, 86, 54, 85, 63, 18, 44, 20, 49, 36, 14, 74, 50, 53, 17, 21, 28, 11, 64, 3, 23, 30, 83, 24, 41, 60, 52, 65, 27, 90, 70, 39, 87, 48, 69, 99, 4, 46, 1, 13, 58, 97, 59, 45, 8, 73, 37, 35, 79, 71, 66, 76, 32, 40, 80, 96, 6, 67, 61, 33, 7, 57, 34, 12, 16, 10, 98, 56, 88, 43, 75, 91, 38, 84, 92, 29, 19, 51, 72, 25, 89, 55, 81, 94, 2, 62, 0]|[2, 1, 2, 1, 1, 2, 1, 1, 1, 1, 1, 0, 2, 2, 1, 2, 0, 0, 0, 2, 2, 1, 0, 2, 0, 2, 2, 1, 0, 1, 1, 1, 0, 0, 1, 0, 2, 1, 2, 2, 0, 0, 1, 1, 0, 2, 0, 2, 1, 0, 0, 2, 0, 0, 2, 0, 1, 1, 0, 0, 2, 1, 1, 2, 2, 0, 2, 2, 0, 1, 2, 1, 1, 2, 0, 1, 1, 2, 1, 2, 0, 1, 1, 0, 1, 0, 0, 0, 1, 1, 1, 1, 1, 1, 0, 1, 2, 2, 1, 0]|[0, 3, 0, 3, 4, 1, 4, 4, 2, 4, 3, 2, 1, 0, 2, 1, 1, 1, 2, 1, 1, 3, 0, 1, 0, 1, 1, 4, 1, 4, 3, 2, 2, 0, 4, 1, 1, 4, 1, 1, 2, 1, 4, 4, 1, 1, 0, 2, 3, 2, 2, 1, 2, 1, 1, 2, 4, 3, 0, 2, 2, 3, 3, 1, 1, 2, 1, 1, 2, 4, 1, 3, 4, 1, 2, 4, 3, 1, 3, 1, 2, 4, 4, 2, 3, 2, 2, 2, 3, 4, 3, 4, 4, 4, 2, 4, 1, 1, 3, 2]|[0, 2, 0, 0, 3, 0, 1, 3, 0, 0, 2, 0, 1, 0, 1, 0, 0, 0, 1, 0, 0, 2, 0, 0, 1, 0, 0, 3, 0, 1, 0, 2, 0, 0, 3, 0, 1, 1, 0, 0, 0, 0, 1, 3, 0, 0, 1, 0, 2, 0, 0, 0, 0, 0, 1, 0, 1, 0, 1, 1, 0, 2, 0, 0, 0, 0, 0, 0, 0, 2, 0, 0, 1, 0, 0, 1, 0, 0, 3, 0, 0, 1, 2, 0, 0, 0, 0, 0, 3, 1, 0, 2, 3, 1, 0, 2, 0, 0, 0, 0],905.1761256021766,49509.25986817427,107044.44614221586,true
33,G4_BALANCED,G4_BALANCED,[31, 11, 82, 15, 26, 9, 95, 42, 77, 68, 47, 5, 93, 78, 86, 54, 85, 63, 18, 44, 20, 49, 36, 14, 74, 50, 53, 17, 21, 45, 71, 64, 3, 23, 30, 83, 24, 41, 60, 52, 65, 27, 90, 70, 39, 87, 48, 69, 99, 4, 46, 1, 13, 58, 97, 59, 28, 75, 73, 37, 35, 79, 22, 66, 76, 32, 40, 80, 96, 6, 61, 16, 33, 7, 57, 34, 12, 67, 10, 98, 56, 88, 29, 8, 91, 38, 19, 92, 0, 84, 51, 72, 81, 25, 2, 55, 62, 89, 94, 43]|[2, 1, 2, 1, 1, 2, 1, 1, 1, 1, 1, 0, 2, 2, 1, 2, 0, 0, 0, 2, 2, 1, 0, 2, 0, 2, 2, 1, 0, 1, 1, 1, 0, 0, 1, 0, 2, 1, 2, 2, 0, 0, 1, 1, 0, 2, 0, 2, 1, 0, 0, 2, 0, 0, 2, 0, 1, 1, 0, 0, 2, 1, 0, 2, 2, 0, 2, 2, 0, 1, 1, 2, 1, 2, 0, 1, 1, 1, 1, 2, 2, 1, 1, 0, 1, 0, 1, 0, 0, 0, 1, 1, 1, 1, 2, 0, 1, 1, 2, 1]|[0, 3, 0, 2, 4, 1, 4, 4, 2, 4, 3, 2, 1, 0, 2, 1, 1, 1, 2, 1, 1, 3, 0, 1, 0, 1, 1, 4, 1, 4, 3, 2, 2, 0, 4, 1, 1, 4, 0, 1, 2, 1, 4, 4, 1, 1, 0, 2, 3, 1, 2, 1, 2, 1, 1, 2, 4, 3, 0, 2, 2, 3, 1, 0, 1, 2, 0, 1, 2, 4, 3, 1, 4, 1, 2, 4, 3, 3, 3, 1, 1, 4, 3, 2, 3, 2, 4, 2, 2, 2, 3, 4, 4, 4, 1, 2, 3, 4, 1, 4]|[0, 2, 0, 1, 3, 0, 1, 3, 0, 0, 2, 0, 1, 0, 1, 0, 0, 0, 1, 0, 0, 2, 0, 0, 1, 0, 0, 3, 0, 1, 0, 2, 0, 1, 3, 0, 1, 3, 0, 0, 0, 0, 1, 3, 0, 0, 1, 0, 2, 0, 0, 0, 0, 0, 1, 0, 1, 0, 1, 1, 0, 2, 0, 0, 0, 0, 0, 0, 0, 2, 0, 0, 1, 0, 0, 1, 0, 0, 3, 0, 0, 1, 0, 0, 0, 0, 3, 0, 0, 0, 0, 2, 1, 3, 0, 0, 0, 1, 0, 2],855.0393744413956,51505.71572620196,111775.49494394401,false
33,G2_TEC,G2_TEC,[31, 22, 82, 15, 26, 9, 95, 42, 77, 68, 47, 5, 93, 78, 86, 54, 85, 63, 18, 44, 20, 49, 36, 14, 74, 50, 53, 17, 21, 28, 11, 64, 3, 23, 30, 83, 24, 41, 60, 52, 65, 27, 90, 70, 39, 87, 48, 69, 99, 4, 46, 1, 13, 58, 97, 59, 45, 8, 73, 37, 35, 79, 71, 66, 76, 32, 40, 80, 56, 6, 67, 61, 12, 7, 57, 34, 33, 16, 10, 98, 96, 88, 43, 75, 91, 38, 84, 92, 29, 19, 51, 55, 72, 89, 25, 81, 94, 2, 62, 0]|[2, 1, 2, 1, 1, 2, 1, 1, 1, 1, 1, 0, 2, 2, 1, 2, 0, 0, 0, 2, 2, 1, 0, 2, 0, 2, 2, 1, 0, 1, 1, 1, 0, 0, 1, 0, 2, 1, 2, 2, 0, 0, 1, 1, 0, 2, 0, 2, 1, 0, 0, 2, 0, 0, 2, 0, 1, 1, 0, 0, 2, 1, 1, 2, 2, 0, 2, 2, 2, 1, 2, 1, 1, 2, 0, 1, 1, 2, 1, 2, 0, 1, 1, 0, 1, 0, 0, 0, 1, 1, 1, 0, 1, 1, 1, 1, 2, 2, 1, 0]|[0, 3, 0, 3, 4, 1, 4, 4, 2, 4, 3, 2, 1, 0, 2, 1, 1, 1, 2, 1, 1, 3, 0, 1, 0, 1, 1, 4, 1, 4, 3, 2, 2, 0, 4, 1, 1, 4, 1, 1, 2, 1, 4, 4, 1, 1, 0, 2, 3, 2, 2, 1, 2, 1, 1, 2, 4, 3, 0, 2, 2, 3, 3, 1, 1, 2, 1, 1, 1, 4, 1, 3, 3, 1, 2, 4, 4, 1, 3, 1, 2, 4, 4, 2, 3, 2, 2, 2, 3, 4, 3, 2, 4, 4, 4, 4, 1, 1, 3, 2]|[0, 2, 0, 0, 3, 0, 1, 3, 0, 0, 2, 0, 1, 0, 1, 0, 0, 0, 1, 0, 0, 2, 0, 0, 1, 0, 0, 3, 0, 1, 0, 2, 0, 0, 3, 0, 1, 1, 0, 0, 0, 0, 1, 3, 0, 0, 1, 0, 2, 0, 0, 0, 0, 0, 1, 0, 1, 0, 1, 1, 0, 2, 0, 0, 0, 0, 0, 0, 0, 2, 0, 0, 0, 0, 0, 1, 1, 0, 3, 0, 0, 1, 2, 0, 0, 0, 0, 0, 3, 1, 0, 0, 2, 1, 3, 2, 0, 0, 0, 0],908.6830653768391,49415.2661194787,107289.49159059927,false
33,G3_TWC,G3_TWC,[31, 22, 82, 15, 26, 58, 95, 42, 77, 12, 47, 5, 93, 78, 98, 54, 85, 63, 18, 44, 20, 35, 43, 97, 91, 76, 10, 30, 21, 45, 71, 64, 1, 23, 17, 83, 24, 14, 60, 36, 6, 57, 94, 88, 65, 56, 79, 40, 67, 68, 46, 75, 38, 9, 19, 32, 81, 41, 27, 62, 87, 90, 99, 59, 11, 16, 72, 73, 70, 39, 37, 84, 3, 92, 25, 55, 28, 29, 51, 7, 33, 61, 86, 48, 89, 50, 66, 96, 53, 80, 4, 8, 34, 49, 52, 0, 13, 2, 69, 74]|[1, 1, 0, 1, 1, 1, 2, 1, 2, 1, 2, 2, 2, 1, 1, 0, 0, 1, 0, 2, 2, 0, 1, 2, 0, 1, 2, 2, 0, 0, 1, 2, 1, 2, 1, 0, 2, 0, 1, 1, 0, 1, 1, 1, 0, 2, 1, 1, 0, 0, 0, 0, 1, 1, 2, 1, 2, 0, 0, 0, 2, 1, 0, 1, 2, 1, 2, 1, 1, 1, 1, 1, 2, 0, 1, 1, 0, 0, 0, 1, 2, 1, 0, 0, 1, 0, 0, 0, 0, 0, 0, 1, 2, 0, 1, 0, 0, 0, 1, 2]|[4, 3, 2, 2, 0, 0, 2, 2, 2, 4, 1, 1, 2, 4, 4, 1, 1, 4, 2, 1, 1, 1, 1, 2, 1, 2, 1, 1, 1, 1, 3, 2, 3, 0, 4, 0, 1, 1, 0, 3, 2, 2, 4, 0, 1, 1, 0, 2, 0, 1, 2, 2, 1, 4, 0, 3, 2, 1, 1, 2, 1, 3, 1, 1, 1, 3, 0, 4, 3, 1, 4, 1, 1, 2, 4, 4, 2, 1, 1, 3, 1, 3, 1, 1, 1, 1, 1, 1, 2, 1, 2, 3, 1, 1, 1, 2, 2, 2, 3, 1]|[0, 2, 1, 1, 3, 3, 0, 1, 0, 0, 0, 0, 1, 0, 1, 0, 0, 3, 1, 0, 0, 0, 3, 1, 0, 2, 0, 0, 0, 1, 0, 0, 0, 0, 3, 0, 1, 0, 0, 2, 1, 1, 2, 0, 0, 0, 0, 1, 1, 0, 0, 0, 1, 3, 0, 0, 1, 0, 0, 1, 0, 2, 0, 1, 0, 2, 1, 0, 0, 1, 1, 3, 0, 1, 3, 3, 1, 0, 0, 2, 0, 0, 0, 0, 1, 0, 0, 0, 1, 0, 1, 2, 0, 1, 1, 0, 0, 0, 0, 0],805.5394456933803,58046.77716663049,89050.44506242599,false
33,G1_CMAX,G1_CMAX,[31, 22, 82, 15, 26, 99, 95, 42, 77, 12, 47, 5, 93, 78, 86, 54, 21, 63, 18, 44, 20, 35, 43, 97, 91, 76, 10, 30, 85, 45, 71, 64, 1, 23, 37, 83, 24, 14, 60, 36, 6, 57, 40, 88, 65, 56, 79, 94, 67, 68, 46, 75, 38, 9, 19, 32, 41, 81, 27, 87, 90, 58, 59, 11, 16, 72, 73, 70, 39, 17, 84, 3, 92, 25, 55, 48, 62, 29, 51, 96, 33, 61, 98, 28, 89, 50, 4, 7, 53, 80, 8, 66, 34, 49, 52, 0, 74, 69, 2, 13]|[1, 1, 0, 1, 1, 0, 1, 1, 2, 1, 2, 2, 2, 1, 1, 0, 0, 1, 0, 2, 2, 0, 1, 2, 0, 1, 2, 2, 0, 0, 1, 2, 1, 2, 1, 0, 2, 0, 1, 1, 0, 1, 1, 1, 0, 2, 1, 1, 0, 0, 0, 0, 1, 1, 2, 1, 0, 2, 0, 2, 1, 0, 1, 2, 1, 2, 1, 1, 1, 1, 1, 1, 0, 1, 2, 0, 0, 0, 0, 2, 2, 1, 2, 0, 1, 0, 1, 2, 0, 0, 1, 2, 2, 0, 1, 0, 2, 1, 0, 0]|[0, 3, 2, 2, 4, 1, 2, 3, 2, 4, 1, 1, 2, 4, 4, 1, 1, 4, 2, 1, 1, 1, 1, 2, 1, 2, 1, 1, 2, 1, 3, 2, 3, 1, 4, 0, 1, 1, 0, 3, 2, 2, 2, 0, 1, 1, 0, 4, 0, 1, 2, 2, 1, 4, 0, 3, 1, 1, 1, 1, 3, 1, 1, 1, 3, 0, 4, 3, 1, 4, 1, 1, 0, 4, 1, 1, 2, 1, 1, 1, 1, 3, 1, 2, 1, 1, 4, 1, 2, 1, 3, 1, 1, 1, 1, 2, 1, 4, 2, 2]|[0, 2, 1, 1, 3, 0, 1, 3, 0, 0, 0, 0, 1, 0, 1, 0, 0, 3, 1, 0, 0, 0, 3, 1, 0, 2, 0, 0, 0, 1, 0, 0, 0, 0, 3, 0, 1, 0, 0, 2, 1, 1, 1, 0, 0, 0, 0, 2, 1, 0, 0, 0, 1, 3, 0, 0, 0, 0, 0, 0, 2, 0, 1, 0, 2, 1, 0, 0, 1, 1, 3, 1, 1, 3, 0, 0, 1, 0, 0, 0, 0, 0, 0, 1, 1, 0, 0, 0, 1, 0, 2, 0, 0, 1, 1, 0, 0, 2, 0, 0],731.2476204416437,56586.27722209284,92825.60273597998,false
33,G4_BALANCED,G4_BALANCED,[31, 11, 82, 15, 26, 9, 95, 42, 77, 68, 47, 5, 93, 78, 86, 54, 85, 63, 18, 44, 20, 49, 36, 14, 74, 50, 53, 17, 21, 45, 71, 64, 3, 23, 30, 83, 24, 41, 60, 52, 65, 27, 90, 70, 39, 87, 48, 69, 99, 4, 46, 1, 13, 58, 97, 59, 28, 75, 73, 37, 35, 79, 22, 66, 76, 32, 40, 80, 96, 6, 61, 16, 33, 7, 57, 34, 12, 67, 10, 98, 56, 88, 29, 8, 91, 38, 19, 92, 0, 84, 51, 72, 81, 25, 2, 55, 62, 89, 94, 43]|[2, 1, 2, 1, 1, 2, 1, 1, 1, 1, 1, 0, 2, 2, 1, 2, 0, 0, 0, 2, 2, 1, 0, 2, 0, 2, 2, 1, 0, 1, 1, 1, 0, 0, 1, 0, 2, 1, 2, 2, 0, 0, 1, 1, 0, 2, 0, 2, 1, 0, 0, 2, 0, 0, 2, 0, 1, 1, 0, 0, 2, 1, 0, 2, 2, 0, 2, 2, 0, 1, 1, 2, 1, 2, 0, 1, 1, 1, 1, 2, 2, 1, 1, 0, 1, 0, 1, 0, 0, 0, 1, 1, 1, 1, 2, 0, 1, 1, 2, 1]|[0, 3, 0, 2, 4, 1, 4, 4, 2, 4, 3, 2, 1, 0, 2, 1, 1, 1, 2, 1, 1, 3, 0, 1, 0, 1, 1, 4, 1, 4, 3, 2, 2, 0, 4, 1, 1, 4, 0, 1, 2, 1, 4, 4, 1, 1, 0, 2, 3, 1, 2, 1, 2, 1, 1, 2, 4, 3, 0, 2, 2, 3, 1, 0, 1, 2, 0, 1, 2, 4, 3, 1, 4, 1, 2, 4, 3, 3, 3, 1, 1, 4, 3, 2, 3, 2, 4, 2, 2, 2, 3, 4, 4, 4, 1, 2, 3, 4, 1, 4]|[0, 2, 0, 1, 3, 0, 1, 3, 0, 0, 2, 0, 1, 0, 1, 0, 0, 0, 1, 0, 0, 2, 0, 0, 1, 0, 0, 3, 0, 1, 0, 2, 0, 1, 3, 0, 1, 3, 0, 0, 0, 0, 1, 3, 0, 0, 1, 0, 2, 0, 0, 0, 0, 0, 1, 0, 1, 0, 1, 1, 0, 2, 0, 0, 0, 0, 0, 0, 0, 2, 0, 0, 1, 0, 0, 1, 0, 0, 3, 0, 0, 1, 0, 0, 0, 0, 3, 0, 0, 0, 0, 2, 1, 3, 0, 0, 0, 1, 0, 2],855.0393744413956,51505.71572620196,111775.49494394401,false
33,G2_TEC,G4_BALANCED,[31, 22, 82, 15, 26, 9, 95, 42, 77, 68, 47, 5, 93, 78, 86, 54, 85, 63, 18, 44, 20, 49, 36, 14, 74, 50, 53, 17, 21, 28, 11, 64, 3, 23, 30, 83, 24, 41, 40, 52, 65, 27, 90, 70, 39, 87, 48, 69, 99, 4, 46, 1, 13, 58, 19, 59, 45, 8, 73, 37, 35, 79, 71, 66, 76, 32, 60, 80, 96, 6, 67, 61, 33, 7, 57, 34, 12, 16, 10, 98, 56, 88, 43, 75, 91, 38, 97, 92, 29, 84, 51, 72, 55, 25, 89, 81, 94, 2, 62, 0]|[2, 1, 2, 1, 1, 0, 1, 1, 1, 1, 1, 0, 2, 2, 1, 2, 0, 0, 0, 2, 2, 1, 0, 2, 0, 2, 2, 1, 0, 1, 1, 1, 0, 0, 1, 0, 2, 1, 2, 2, 0, 0, 1, 1, 0, 2, 0, 2, 1, 0, 0, 2, 0, 0, 2, 0, 1, 1, 0, 0, 2, 1, 1, 2, 2, 0, 2, 2, 0, 1, 2, 1, 1, 2, 0, 1, 1, 2, 1, 2, 2, 1, 0, 0, 1, 0, 1, 0, 1, 0, 1, 1, 0, 1, 1, 1, 2, 2, 1, 0]|[0, 3, 0, 3, 4, 1, 4, 4, 2, 4, 3, 2, 1, 0, 2, 1, 1, 1, 2, 1, 1, 3, 0, 1, 0, 1, 1, 4, 1, 4, 3, 2, 2, 0, 4, 1, 1, 4, 1, 1, 2, 1, 4, 4, 1, 1, 0, 2, 3, 2, 2, 1, 2, 1, 1, 2, 4, 3, 0, 2, 2, 3, 3, 1, 1, 2, 1, 1, 2, 4, 1, 3, 4, 1, 2, 4, 3, 1, 3, 1, 1, 4, 2, 2, 3, 2, 4, 2, 3, 2, 3, 4, 2, 4, 4, 4, 1, 1, 3, 2]|[0, 2, 0, 0, 3, 0, 1, 3, 0, 0, 2, 0, 1, 0, 1, 0, 0, 0, 1, 0, 0, 2, 0, 0, 1, 0, 0, 3, 0, 1, 0, 2, 0, 0, 3, 0, 1, 1, 0, 0, 0, 0, 1, 3, 0, 0, 1, 0, 2, 0, 0, 0, 0, 1, 1, 0, 1, 0, 1, 1, 0, 2, 0, 0, 0, 0, 0, 0, 0, 2, 0, 0, 1, 0, 0, 1, 0, 0, 3, 0, 0, 1, 0, 0, 0, 0, 1, 0, 3, 0, 0, 1, 0, 3, 1, 2, 0, 0, 0, 0],910.859678116933,49970.85759558131,103557.38874000293,true
33,G3_TWC,G3_TWC,[31, 22, 82, 15, 26, 58, 95, 42, 77, 12, 47, 5, 93, 78, 98, 54, 85, 63, 18, 44, 20, 35, 43, 97, 91, 76, 10, 30, 21, 45, 71, 64, 1, 23, 17, 83, 24, 14, 60, 36, 6, 57, 94, 88, 65, 56, 79, 40, 67, 68, 46, 75, 38, 9, 19, 32, 81, 41, 27, 62, 87, 90, 99, 59, 11, 16, 72, 73, 70, 39, 37, 84, 3, 92, 25, 55, 28, 29, 51, 7, 33, 61, 86, 48, 89, 50, 66, 96, 53, 80, 4, 8, 34, 49, 52, 0, 13, 2, 69, 74]|[1, 1, 0, 1, 1, 1, 2, 1, 2, 1, 2, 2, 2, 1, 1, 0, 0, 1, 0, 2, 2, 0, 1, 2, 0, 1, 2, 2, 0, 0, 1, 2, 1, 2, 1, 0, 2, 0, 1, 1, 0, 1, 1, 1, 0, 2, 1, 1, 0, 0, 0, 0, 1, 1, 2, 1, 2, 0, 0, 0, 2, 1, 0, 1, 2, 1, 2, 1, 1, 1, 1, 1, 2, 0, 1, 1, 0, 0, 0, 1, 2, 1, 0, 0, 1, 0, 0, 0, 0, 0, 0, 1, 2, 0, 1, 0, 0, 0, 1, 2]|[4, 3, 2, 2, 0, 0, 2, 2, 2, 4, 1, 1, 2, 4, 4, 1, 1, 4, 2, 1, 1, 1, 1, 2, 1, 2, 1, 1, 1, 1, 3, 2, 3, 0, 4, 0, 1, 1, 0, 3, 2, 2, 4, 0, 1, 1, 0, 2, 0, 1, 2, 2, 1, 4, 0, 3, 2, 1, 1, 2, 1, 3, 1, 1, 1, 3, 0, 4, 3, 1, 4, 1, 1, 2, 4, 4, 2, 1, 1, 3, 1, 3, 1, 1, 1, 1, 1, 1, 2, 1, 2, 3, 1, 1, 1, 2, 2, 2, 3, 1]|[0, 2, 1, 1, 3, 3, 0, 1, 0, 0, 0, 0, 1, 0, 1, 0, 0, 3, 1, 0, 0, 0, 3, 1, 0, 2, 0, 0, 0, 1, 0, 0, 0, 0, 3, 0, 1, 0, 0, 2, 1, 1, 2, 0, 0, 0, 0, 1, 1, 0, 0, 0, 1, 3, 0, 0, 1, 0, 0, 1, 0, 2, 0, 1, 0, 2, 1, 0, 0, 1, 1, 3, 0, 1, 3, 3, 1, 0, 0, 2, 0, 0, 0, 0, 1, 0, 0, 0, 1, 0, 1, 2, 0, 1, 1, 0, 0, 0, 0, 0],805.5394456933803,58046.77716663049,89050.44506242599,false
33,G1_CMAX,G1_CMAX,[31, 22, 82, 15, 26, 99, 95, 42, 77, 12, 47, 5, 93, 78, 86, 54, 21, 63, 18, 44, 20, 35, 43, 97, 91, 76, 10, 30, 85, 45, 71, 64, 1, 23, 37, 83, 24, 14, 60, 36, 6, 57, 40, 88, 65, 56, 79, 94, 67, 68, 46, 75, 38, 9, 19, 32, 41, 81, 27, 87, 90, 58, 59, 11, 16, 72, 73, 70, 39, 17, 84, 3, 92, 25, 55, 48, 62, 29, 51, 96, 33, 61, 98, 28, 89, 50, 4, 7, 53, 80, 8, 66, 34, 49, 52, 0, 74, 69, 2, 13]|[1, 1, 0, 1, 1, 0, 1, 1, 2, 1, 2, 2, 2, 1, 1, 0, 0, 1, 0, 2, 2, 0, 1, 2, 0, 1, 2, 2, 0, 0, 1, 2, 1, 2, 1, 0, 2, 0, 1, 1, 0, 1, 1, 1, 0, 2, 1, 1, 0, 0, 0, 0, 1, 1, 2, 1, 0, 2, 0, 2, 1, 0, 1, 2, 1, 2, 1, 1, 1, 1, 1, 1, 0, 1, 2, 0, 0, 0, 0, 2, 2, 1, 2, 0, 1, 0, 1, 2, 0, 0, 1, 2, 2, 0, 1, 0, 2, 1, 0, 0]|[0, 3, 2, 2, 4, 1, 2, 3, 2, 4, 1, 1, 2, 4, 4, 1, 1, 4, 2, 1, 1, 1, 1, 2, 1, 2, 1, 1, 2, 1, 3, 2, 3, 1, 4, 0, 1, 1, 0, 3, 2, 2, 2, 0, 1, 1, 0, 4, 0, 1, 2, 2, 1, 4, 0, 3, 1, 1, 1, 1, 3, 1, 1, 1, 3, 0, 4, 3, 1, 4, 1, 1, 0, 4, 1, 1, 2, 1, 1, 1, 1, 3, 1, 2, 1, 1, 4, 1, 2, 1, 3, 1, 1, 1, 1, 2, 1, 4, 2, 2]|[0, 2, 1, 1, 3, 0, 1, 3, 0, 0, 0, 0, 1, 0, 1, 0, 0, 3, 1, 0, 0, 0, 3, 1, 0, 2, 0, 0, 0, 1, 0, 0, 0, 0, 3, 0, 1, 0, 0, 2, 1, 1, 1, 0, 0, 0, 0, 2, 1, 0, 0, 0, 1, 3, 0, 0, 0, 0, 0, 0, 2, 0, 1, 0, 2, 1, 0, 0, 1, 1, 3, 1, 1, 3, 0, 0, 1, 0, 0, 0, 0, 0, 0, 1, 1, 0, 0, 0, 1, 0, 2, 0, 0, 1, 1, 0, 0, 2, 0, 0],731.2476204416437,56586.27722209284,92825.60273597998,false
33,G4_BALANCED,G4_BALANCED,[31, 11, 82, 15, 26, 9, 95, 42, 77, 68, 47, 5, 93, 78, 86, 54, 85, 63, 18, 44, 20, 49, 36, 14, 74, 50, 53, 17, 21, 45, 71, 64, 3, 23, 30, 83, 24, 41, 60, 52, 65, 27, 90, 70, 39, 87, 48, 69, 99, 4, 46, 1, 13, 58, 97, 59, 28, 75, 73, 37, 35, 79, 22, 66, 76, 32, 40, 80, 96, 6, 61, 16, 33, 7, 57, 34, 12, 67, 10, 98, 56, 88, 29, 8, 91, 38, 19, 92, 0, 84, 51, 72, 81, 25, 2, 55, 62, 89, 94, 43]|[2, 1, 2, 1, 1, 2, 1, 1, 1, 1, 1, 0, 2, 2, 1, 2, 0, 0, 0, 2, 2, 1, 0, 2, 0, 2, 2, 1, 0, 1, 1, 1, 0, 0, 1, 0, 2, 1, 2, 2, 0, 0, 1, 1, 0, 2, 0, 2, 1, 0, 0, 2, 0, 0, 2, 0, 1, 1, 0, 0, 2, 1, 0, 2, 2, 0, 2, 2, 0, 1, 1, 2, 1, 2, 0, 1, 1, 1, 1, 2, 2, 1, 1, 0, 1, 0, 1, 0, 0, 0, 1, 1, 1, 1, 2, 0, 1, 1, 2, 1]|[0, 3, 0, 2, 4, 1, 4, 4, 2, 4, 3, 2, 1, 0, 2, 1, 1, 1, 2, 1, 1, 3, 0, 1, 0, 1, 1, 4, 1, 4, 3, 2, 2, 0, 4, 1, 1, 4, 0, 1, 2, 1, 4, 4, 1, 1, 0, 2, 3, 1, 2, 1, 2, 1, 1, 2, 4, 3, 0, 2, 2, 3, 1, 0, 1, 2, 0, 1, 2, 4, 3, 1, 4, 1, 2, 4, 3, 3, 3, 1, 1, 4, 3, 2, 3, 2, 4, 2, 2, 2, 3, 4, 4, 4, 1, 2, 3, 4, 1, 4]|[0, 2, 0, 1, 3, 0, 1, 3, 0, 0, 2, 0, 1, 0, 1, 0, 0, 0, 1, 0, 0, 2, 0, 0, 1, 0, 0, 3, 0, 1, 0, 2, 0, 1, 3, 0, 1, 3, 0, 0, 0, 0, 1, 3, 0, 0, 1, 0, 2, 0, 0, 0, 0, 0, 1, 0, 1, 0, 1, 1, 0, 2, 0, 0, 0, 0, 0, 0, 0, 2, 0, 0, 1, 0, 0, 1, 0, 0, 3, 0, 0, 1, 0, 0, 0, 0, 3, 0, 0, 0, 0, 2, 1, 3, 0, 0, 0, 1, 0, 2],855.0393744413956,51505.71572620196,111775.49494394401,false
33,G2_TEC,G4_BALANCED,[31, 11, 82, 15, 26, 9, 95, 42, 77, 68, 47, 5, 93, 78, 86, 54, 85, 63, 18, 44, 20, 49, 36, 14, 74, 50, 53, 17, 21, 45, 71, 64, 3, 23, 30, 83, 24, 41, 60, 52, 65, 27, 90, 70, 39, 87, 48, 69, 99, 4, 46, 1, 13, 58, 97, 59, 28, 75, 73, 37, 35, 79, 22, 66, 76, 32, 40, 80, 96, 6, 61, 16, 33, 7, 57, 34, 12, 67, 10, 98, 56, 88, 29, 8, 91, 38, 19, 92, 0, 84, 51, 72, 81, 25, 2, 55, 62, 89, 94, 43]|[2, 1, 2, 1, 1, 2, 1, 1, 1, 1, 1, 0, 2, 2, 1, 2, 0, 0, 0, 2, 2, 1, 0, 2, 0, 2, 2, 1, 0, 1, 1, 1, 0, 0, 1, 0, 2, 1, 2, 2, 0, 0, 1, 1, 0, 2, 0, 2, 1, 0, 0, 2, 0, 0, 2, 0, 1, 1, 0, 0, 2, 1, 0, 2, 2, 0, 2, 2, 0, 1, 1, 2, 1, 2, 0, 1, 1, 1, 1, 2, 2, 1, 1, 0, 1, 0, 1, 0, 0, 0, 1, 1, 1, 1, 2, 0, 1, 1, 2, 1]|[0, 3, 0, 2, 4, 1, 4, 4, 2, 4, 3, 2, 1, 0, 2, 1, 1, 1, 2, 1, 1, 3, 0, 1, 0, 1, 1, 4, 1, 4, 3, 2, 2, 0, 4, 1, 1, 4, 0, 1, 2, 1, 4, 4, 1, 1, 0, 2, 3, 1, 2, 1, 2, 1, 1, 2, 4, 3, 0, 2, 2, 3, 1, 0, 1, 2, 0, 1, 2, 4, 3, 1, 4, 1, 2, 4, 3, 3, 3, 1, 1, 4, 3, 2, 3, 2, 4, 2, 2, 2, 3, 4, 4, 4, 1, 2, 3, 4, 1, 4]|[0, 2, 0, 1, 3, 0, 1, 3, 0, 0, 2, 0, 1, 0, 1, 0, 0, 0, 1, 0, 0, 2, 0, 0, 1, 0, 0, 3, 0, 1, 0, 2, 0, 1, 3, 0, 1, 3, 0, 0, 0, 0, 1, 3, 0, 0, 1, 0, 2, 0, 0, 0, 0, 0, 1, 0, 1, 0, 1, 1, 0, 2, 0, 0, 0, 0, 0, 0, 0, 2, 0, 0, 1, 0, 0, 1, 0, 0, 3, 0, 0, 1, 0, 0, 0, 0, 3, 0, 0, 0, 0, 2, 1, 3, 0, 0, 0, 1, 0, 2],855.0393744413956,51505.71572620196,111775.49494394401,true
33,G3_TWC,G3_TWC,[31, 22, 82, 15, 26, 58, 95, 42, 77, 12, 47, 5, 93, 78, 98, 54, 85, 63, 18, 44, 20, 35, 43, 97, 91, 76, 10, 30, 21, 45, 71, 64, 1, 23, 17, 83, 24, 14, 60, 36, 6, 57, 94, 88, 65, 56, 79, 40, 67, 68, 46, 75, 38, 9, 19, 32, 81, 41, 27, 62, 87, 90, 99, 59, 11, 16, 72, 73, 70, 39, 37, 84, 3, 92, 25, 55, 28, 29, 51, 7, 33, 61, 86, 48, 89, 50, 66, 96, 53, 80, 4, 8, 34, 49, 52, 0, 13, 2, 69, 74]|[1, 1, 0, 1, 1, 1, 2, 1, 2, 1, 2, 2, 2, 1, 1, 0, 0, 1, 0, 2, 2, 0, 1, 2, 0, 1, 2, 2, 0, 0, 1, 2, 1, 2, 1, 0, 2, 0, 1, 1, 0, 1, 1, 1, 0, 2, 1, 1, 0, 0, 0, 0, 1, 1, 2, 1, 2, 0, 0, 0, 2, 1, 0, 1, 2, 1, 2, 1, 1, 1, 1, 1, 2, 0, 1, 1, 0, 0, 0, 1, 2, 1, 0, 0, 1, 0, 0, 0, 0, 0, 0, 1, 2, 0, 1, 0, 0, 0, 1, 2]|[4, 3, 2, 2, 0, 0, 2, 2, 2, 4, 1, 1, 2, 4, 4, 1, 1, 4, 2, 1, 1, 1, 1, 2, 1, 2, 1, 1, 1, 1, 3, 2, 3, 0, 4, 0, 1, 1, 0, 3, 2, 2, 4, 0, 1, 1, 0, 2, 0, 1, 2, 2, 1, 4, 0, 3, 2, 1, 1, 2, 1, 3, 1, 1, 1, 3, 0, 4, 3, 1, 4, 1, 1, 2, 4, 4, 2, 1, 1, 3, 1, 3, 1, 1, 1, 1, 1, 1, 2, 1, 2, 3, 1, 1, 1, 2, 2, 2, 3, 1]|[0, 2, 1, 1, 3, 3, 0, 1, 0, 0, 0, 0, 1, 0, 1, 0, 0, 3, 1, 0, 0, 0, 3, 1, 0, 2, 0, 0, 0, 1, 0, 0, 0, 0, 3, 0, 1, 0, 0, 2, 1, 1, 2, 0, 0, 0, 0, 1, 1, 0, 0, 0, 1, 3, 0, 0, 1, 0, 0, 1, 0, 2, 0, 1, 0, 2, 1, 0, 0, 1, 1, 3, 0, 1, 3, 3, 1, 0, 0, 2, 0, 0, 0, 0, 1, 0, 0, 0, 1, 0, 1, 2, 0, 1, 1, 0, 0, 0, 0, 0],805.5394456933803,58046.77716663049,89050.44506242599,false
33,G1_CMAX,G1_CMAX,[31, 22, 82, 15, 26, 99, 95, 42, 77, 12, 47, 5, 93, 78, 86, 54, 21, 63, 18, 44, 20, 35, 43, 97, 91, 76, 10, 30, 85, 45, 71, 64, 1, 23, 37, 83, 24, 14, 60, 36, 6, 57, 40, 88, 65, 56, 79, 94, 67, 68, 46, 75, 38, 9, 19, 32, 41, 81, 27, 87, 90, 58, 59, 11, 16, 72, 73, 70, 39, 17, 84, 3, 92, 25, 55, 48, 62, 29, 51, 96, 33, 61, 98, 28, 89, 50, 4, 7, 53, 80, 8, 66, 34, 49, 52, 0, 74, 69, 2, 13]|[1, 1, 0, 1, 1, 0, 1, 1, 2, 1, 2, 2, 2, 1, 1, 0, 0, 1, 0, 2, 2, 0, 1, 2, 0, 1, 2, 2, 0, 0, 1, 2, 1, 2, 1, 0, 2, 0, 1, 1, 0, 1, 1, 1, 0, 2, 1, 1, 0, 0, 0, 0, 1, 1, 2, 1, 0, 2, 0, 2, 1, 0, 1, 2, 1, 2, 1, 1, 1, 1, 1, 1, 0, 1, 2, 0, 0, 0, 0, 2, 2, 1, 2, 0, 1, 0, 1, 2, 0, 0, 1, 2, 2, 0, 1, 0, 2, 1, 0, 0]|[0, 3, 2, 2, 4, 1, 2, 3, 2, 4, 1, 1, 2, 4, 4, 1, 1, 4, 2, 1, 1, 1, 1, 2, 1, 2, 1, 1, 2, 1, 3, 2, 3, 1, 4, 0, 1, 1, 0, 3, 2, 2, 2, 0, 1, 1, 0, 4, 0, 1, 2, 2, 1, 4, 0, 3, 1, 1, 1, 1, 3, 1, 1, 1, 3, 0, 4, 3, 1, 4, 1, 1, 0, 4, 1, 1, 2, 1, 1, 1, 1, 3, 1, 2, 1, 1, 4, 1, 2, 1, 3, 1, 1, 1, 1, 2, 1, 4, 2, 2]|[0, 2, 1, 1, 3, 0, 1, 3, 0, 0, 0, 0, 1, 0, 1, 0, 0, 3, 1, 0, 0, 0, 3, 1, 0, 2, 0, 0, 0, 1, 0, 0, 0, 0, 3, 0, 1, 0, 0, 2, 1, 1, 1, 0, 0, 0, 0, 2, 1, 0, 0, 0, 1, 3, 0, 0, 0, 0, 0, 0, 2, 0, 1, 0, 2, 1, 0, 0, 1, 1, 3, 1, 1, 3, 0, 0, 1, 0, 0, 0, 0, 0, 0, 1, 1, 0, 0, 0, 1, 0, 2, 0, 0, 1, 1, 0, 0, 2, 0, 0],731.2476204416437,56586.27722209284,92825.60273597998,false
33,G4_BALANCED,G4_BALANCED,[31, 11, 82, 15, 26, 9, 95, 42, 77, 68, 47, 5, 93, 78, 86, 54, 85, 63, 18, 44, 20, 49, 36, 14, 74, 50, 53, 17, 21, 45, 71, 64, 3, 23, 30, 83, 24, 41, 60, 52, 65, 27, 90, 70, 39, 87, 48, 69, 99, 4, 46, 1, 13, 58, 97, 59, 28, 75, 73, 37, 35, 79, 22, 66, 76, 32, 40, 80, 96, 6, 61, 16, 33, 7, 57, 34, 12, 67, 10, 98, 56, 88, 29, 8, 91, 38, 19, 92, 0, 84, 51, 72, 81, 25, 2, 55, 62, 89, 94, 43]|[2, 1, 2, 1, 1, 2, 1, 1, 1, 1, 1, 0, 2, 2, 1, 2, 0, 0, 0, 2, 2, 1, 0, 2, 0, 2, 2, 1, 0, 1, 1, 1, 0, 0, 1, 0, 2, 1, 2, 2, 0, 0, 1, 1, 0, 2, 0, 2, 1, 0, 0, 2, 0, 0, 2, 0, 1, 1, 0, 0, 2, 1, 0, 2, 2, 0, 2, 2, 0, 1, 1, 2, 1, 2, 0, 1, 1, 1, 1, 2, 2, 1, 1, 0, 1, 0, 1, 0, 0, 0, 1, 1, 1, 1, 2, 0, 1, 1, 2, 1]|[0, 3, 0, 2, 4, 1, 4, 4, 2, 4, 3, 2, 1, 0, 2, 1, 1, 1, 2, 1, 1, 3, 0, 1, 0, 1, 1, 4, 1, 4, 3, 2, 2, 0, 4, 1, 1, 4, 0, 1, 2, 1, 4, 4, 1, 1, 0, 2, 3, 1, 2, 1, 2, 1, 1, 2, 4, 3, 0, 2, 2, 3, 1, 0, 1, 2, 0, 1, 2, 4, 3, 1, 4, 1, 2, 4, 3, 3, 3, 1, 1, 4, 3, 2, 3, 2, 4, 2, 2, 2, 3, 4, 4, 4, 1, 2, 3, 4, 1, 4]|[0, 2, 0, 1, 3, 0, 1, 3, 0, 0, 2, 0, 1, 0, 1, 0, 0, 0, 1, 0, 0, 2, 0, 0, 1, 0, 0, 3, 0, 1, 0, 2, 0, 1, 3, 0, 1, 3, 0, 0, 0, 0, 1, 3, 0, 0, 1, 0, 2, 0, 0, 0, 0, 0, 1, 0, 1, 0, 1, 1, 0, 2, 0, 0, 0, 0, 0, 0, 0, 2, 0, 0, 1, 0, 0, 1, 0, 0, 3, 0, 0, 1, 0, 0, 0, 0, 3, 0, 0, 0, 0, 2, 1, 3, 0, 0, 0, 1, 0, 2],855.0393744413956,51505.71572620196,111775.49494394401,false
33,G2_TEC,G1_CMAX,[31, 22, 82, 15, 26, 58, 95, 42, 77, 12, 47, 5, 93, 78, 86, 54, 85, 63, 18, 44, 20, 35, 43, 97, 91, 76, 10, 30, 21, 45, 71, 64, 1, 23, 17, 83, 24, 14, 60, 36, 6, 57, 40, 88, 65, 56, 79, 94, 67, 68, 46, 75, 38, 9, 19, 32, 81, 41, 27, 62, 87, 90, 99, 59, 11, 16, 72, 73, 70, 39, 37, 84, 3, 92, 25, 34, 29, 55, 51, 7, 33, 61, 96, 48, 89, 50, 8, 98, 53, 80, 4, 66, 28, 49, 52, 0, 13, 2, 69, 74]|[1, 1, 0, 1, 1, 0, 1, 2, 2, 1, 2, 2, 2, 1, 1, 0, 0, 1, 0, 2, 2, 0, 1, 2, 0, 1, 2, 2, 0, 0, 1, 2, 1, 2, 1, 0, 2, 0, 1, 1, 0, 1, 1, 1, 0, 2, 2, 1, 0, 0, 0, 0, 1, 1, 2, 1, 2, 0, 0, 2, 2, 1, 0, 1, 2, 1, 2, 1, 1, 1, 1, 1, 1, 0, 1, 2, 0, 2, 0, 1, 2, 1, 2, 0, 1, 0, 2, 2, 0, 0, 1, 0, 0, 0, 1, 0, 0, 0, 1, 2]|[4, 3, 2, 2, 4, 1, 2, 2, 2, 4, 1, 1, 2, 4, 4, 1, 2, 4, 2, 1, 1, 1, 1, 2, 1, 2, 1, 1, 1, 1, 3, 2, 3, 1, 4, 0, 1, 1, 0, 3, 2, 2, 2, 0, 1, 1, 1, 4, 0, 1, 2, 2, 1, 4, 0, 3, 2, 1, 1, 1, 1, 3, 1, 1, 1, 3, 1, 4, 3, 1, 4, 1, 1, 0, 4, 1, 1, 1, 1, 1, 1, 3, 1, 1, 1, 1, 1, 1, 2, 1, 4, 2, 2, 1, 1, 2, 2, 2, 4, 1]|[0, 2, 1, 1, 3, 0, 1, 0, 0, 0, 0, 0, 1, 0, 1, 0, 0, 3, 1, 0, 0, 0, 3, 1, 0, 2, 0, 0, 0, 1, 0, 0, 0, 0, 3, 0, 1, 0, 0, 2, 1, 1, 1, 0, 0, 0, 0, 2, 1, 0, 0, 0, 1, 3, 0, 0, 1, 0, 0, 0, 0, 2, 0, 1, 0, 2, 0, 0, 0, 1, 1, 3, 1, 1, 3, 0, 0, 0, 0, 2, 0, 0, 0, 0, 1, 0, 0, 0, 1, 0, 0, 1, 1, 1, 1, 0, 0, 0, 2, 0],808.5660865054639,55427.409829869765,95672.35742472083,true
33,G3_TWC,G3_TWC,[31, 22, 82, 15, 26, 58, 95, 42, 77, 12, 47, 5, 93, 78, 98, 54, 85, 63, 18, 44, 20, 35, 43, 97, 91, 76, 10, 30, 21, 45, 71, 64, 1, 23, 17, 83, 24, 14, 60, 36, 6, 57, 94, 88, 65, 56, 79, 40, 67, 68, 46, 75, 38, 9, 19, 32, 81, 41, 27, 62, 87, 90, 99, 59, 11, 16, 72, 73, 70, 39, 37, 84, 3, 92, 25, 55, 28, 29, 51, 7, 33, 61, 86, 48, 89, 50, 66, 96, 53, 80, 4, 8, 34, 49, 52, 0, 13, 2, 69, 74]|[1, 1, 0, 1, 1, 1, 2, 1, 2, 1, 2, 2, 2, 1, 1, 0, 0, 1, 0, 2, 2, 0, 1, 2, 0, 1, 2, 2, 0, 0, 1, 2, 1, 2, 1, 0, 2, 0, 1, 1, 0, 1, 1, 1, 0, 2, 1, 1, 0, 0, 0, 0, 1, 1, 2, 1, 2, 0, 0, 0, 2, 1, 0, 1, 2, 1, 2, 1, 1, 1, 1, 1, 2, 0, 1, 1, 0, 0, 0, 1, 2, 1, 0, 0, 1, 0, 0, 0, 0, 0, 0, 1, 2, 0, 1, 0, 0, 0, 1, 2]|[4, 3, 2, 2, 0, 0, 2, 2, 2, 4, 1, 1, 2, 4, 4, 1, 1, 4, 2, 1, 1, 1, 1, 2, 1, 2, 1, 1, 1, 1, 3, 2, 3, 0, 4, 0, 1, 1, 0, 3, 2, 2, 4, 0, 1, 1, 0, 2, 0, 1, 2, 2, 1, 4, 0, 3, 2, 1, 1, 2, 1, 3, 1, 1, 1, 3, 0, 4, 3, 1, 4, 1, 1, 2, 4, 4, 2, 1, 1, 3, 1, 3, 1, 1, 1, 1, 1, 1, 2, 1, 2, 3, 1, 1, 1, 2, 2, 2, 3, 1]|[0, 2, 1, 1, 3, 3, 0, 1, 0, 0, 0, 0, 1, 0, 1, 0, 0, 3, 1, 0, 0, 0, 3, 1, 0, 2, 0, 0, 0, 1, 0, 0, 0, 0, 3, 0, 1, 0, 0, 2, 1, 1, 2, 0, 0, 0, 0, 1, 1, 0, 0, 0, 1, 3, 0, 0, 1, 0, 0, 1, 0, 2, 0, 1, 0, 2, 1, 0, 0, 1, 1, 3, 0, 1, 3, 3, 1, 0, 0, 2, 0, 0, 0, 0, 1, 0, 0, 0, 1, 0, 1, 2, 0, 1, 1, 0, 0, 0, 0, 0],805.5394456933803,58046.77716663049,89050.44506242599,false
33,G1_CMAX,G1_CMAX,[31, 22, 82, 15, 26, 99, 95, 42, 77, 12, 47, 5, 93, 78, 86, 54, 21, 63, 18, 44, 20, 35, 43, 97, 91, 76, 10, 30, 85, 45, 71, 64, 1, 23, 37, 83, 24, 14, 60, 36, 6, 57, 40, 88, 65, 56, 79, 94, 67, 68, 46, 75, 38, 9, 19, 32, 41, 81, 27, 87, 90, 58, 59, 11, 16, 72, 73, 70, 39, 17, 84, 3, 92, 25, 55, 48, 62, 29, 51, 96, 33, 61, 98, 28, 89, 50, 4, 7, 53, 80, 8, 66, 34, 49, 52, 0, 74, 69, 2, 13]|[1, 1, 0, 1, 1, 0, 1, 1, 2, 1, 2, 2, 2, 1, 1, 0, 0, 1, 0, 2, 2, 0, 1, 2, 0, 1, 2, 2, 0, 0, 1, 2, 1, 2, 1, 0, 2, 0, 1, 1, 0, 1, 1, 1, 0, 2, 1, 1, 0, 0, 0, 0, 1, 1, 2, 1, 0, 2, 0, 2, 1, 0, 1, 2, 1, 2, 1, 1, 1, 1, 1, 1, 0, 1, 2, 0, 0, 0, 0, 2, 2, 1, 2, 0, 1, 0, 1, 2, 0, 0, 1, 2, 2, 0, 1, 0, 2, 1, 0, 0]|[0, 3, 2, 2, 4, 1, 2, 3, 2, 4, 1, 1, 2, 4, 4, 1, 1, 4, 2, 1, 1, 1, 1, 2, 1, 2, 1, 1, 2, 1, 3, 2, 3, 1, 4, 0, 1, 1, 0, 3, 2, 2, 2, 0, 1, 1, 0, 4, 0, 1, 2, 2, 1, 4, 0, 3, 1, 1, 1, 1, 3, 1, 1, 1, 3, 0, 4, 3, 1, 4, 1, 1, 0, 4, 1, 1, 2, 1, 1, 1, 1, 3, 1, 2, 1, 1, 4, 1, 2, 1, 3, 1, 1, 1, 1, 2, 1, 4, 2, 2]|[0, 2, 1, 1, 3, 0, 1, 3, 0, 0, 0, 0, 1, 0, 1, 0, 0, 3, 1, 0, 0, 0, 3, 1, 0, 2, 0, 0, 0, 1, 0, 0, 0, 0, 3, 0, 1, 0, 0, 2, 1, 1, 1, 0, 0, 0, 0, 2, 1, 0, 0, 0, 1, 3, 0, 0, 0, 0, 0, 0, 2, 0, 1, 0, 2, 1, 0, 0, 1, 1, 3, 1, 1, 3, 0, 0, 1, 0, 0, 0, 0, 0, 0, 1, 1, 0, 0, 0, 1, 0, 2, 0, 0, 1, 1, 0, 0, 2, 0, 0],731.2476204416437,56586.27722209284,92825.60273597998,false
33,G4_BALANCED,G4_BALANCED,[31, 11, 82, 15, 26, 9, 95, 42, 77, 68, 47, 5, 93, 78, 86, 54, 85, 63, 18, 44, 20, 49, 36, 14, 74, 50, 53, 17, 21, 45, 71, 64, 3, 23, 30, 83, 24, 41, 60, 52, 65, 27, 90, 70, 39, 87, 48, 69, 99, 4, 46, 1, 13, 58, 97, 59, 28, 75, 73, 37, 35, 79, 22, 66, 76, 32, 40, 80, 96, 6, 61, 16, 33, 7, 57, 34, 12, 67, 10, 98, 56, 88, 29, 8, 91, 38, 19, 92, 0, 84, 51, 72, 81, 25, 2, 55, 62, 89, 94, 43]|[2, 1, 2, 1, 1, 2, 1, 1, 1, 1, 1, 0, 2, 2, 1, 2, 0, 0, 0, 2, 2, 1, 0, 2, 0, 2, 2, 1, 0, 1, 1, 1, 0, 0, 1, 0, 2, 1, 2, 2, 0, 0, 1, 1, 0, 2, 0, 2, 1, 0, 0, 2, 0, 0, 2, 0, 1, 1, 0, 0, 2, 1, 0, 2, 2, 0, 2, 2, 0, 1, 1, 2, 1, 2, 0, 1, 1, 1, 1, 2, 2, 1, 1, 0, 1, 0, 1, 0, 0, 0, 1, 1, 1, 1, 2, 0, 1, 1, 2, 1]|[0, 3, 0, 2, 4, 1, 4, 4, 2, 4, 3, 2, 1, 0, 2, 1, 1, 1, 2, 1, 1, 3, 0, 1, 0, 1, 1, 4, 1, 4, 3, 2, 2, 0, 4, 1, 1, 4, 0, 1, 2, 1, 4, 4, 1, 1, 0, 2, 3, 1, 2, 1, 2, 1, 1, 2, 4, 3, 0, 2, 2, 3, 1, 0, 1, 2, 0, 1, 2, 4, 3, 1, 4, 1, 2, 4, 3, 3, 3, 1, 1, 4, 3, 2, 3, 2, 4, 2, 2, 2, 3, 4, 4, 4, 1, 2, 3, 4, 1, 4]|[0, 2, 0, 1, 3, 0, 1, 3, 0, 0, 2, 0, 1, 0, 1, 0, 0, 0, 1, 0, 0, 2, 0, 0, 1, 0, 0, 3, 0, 1, 0, 2, 0, 1, 3, 0, 1, 3, 0, 0, 0, 0, 1, 3, 0, 0, 1, 0, 2, 0, 0, 0, 0, 0, 1, 0, 1, 0, 1, 1, 0, 2, 0, 0, 0, 0, 0, 0, 0, 2, 0, 0, 1, 0, 0, 1, 0, 0, 3, 0, 0, 1, 0, 0, 0, 0, 3, 0, 0, 0, 0, 2, 1, 3, 0, 0, 0, 1, 0, 2],855.0393744413956,51505.71572620196,111775.49494394401,false
33,G2_TEC,G3_TWC,[31, 22, 82, 15, 26, 58, 95, 42, 77, 12, 47, 5, 93, 78, 98, 54, 85, 63, 18, 44, 20, 35, 43, 97, 91, 76, 10, 30, 21, 45, 71, 64, 1, 23, 17, 83, 24, 14, 60, 36, 6, 57, 94, 88, 65, 56, 79, 40, 67, 68, 46, 75, 38, 9, 19, 32, 81, 41, 27, 62, 87, 90, 99, 59, 11, 16, 72, 73, 70, 39, 37, 84, 3, 92, 25, 55, 28, 29, 51, 7, 33, 61, 48, 86, 89, 50, 4, 96, 53, 8, 66, 80, 34, 49, 52, 0, 13, 2, 69, 74]|[1, 1, 0, 1, 1, 1, 2, 1, 2, 1, 2, 2, 2, 1, 1, 0, 0, 1, 0, 2, 2, 0, 0, 2, 0, 1, 2, 2, 0, 0, 1, 2, 1, 2, 1, 0, 2, 0, 1, 1, 0, 1, 1, 1, 0, 2, 1, 1, 0, 0, 0, 0, 1, 1, 2, 1, 2, 0, 0, 0, 2, 1, 1, 2, 2, 1, 2, 1, 1, 1, 1, 1, 1, 0, 1, 1, 0, 0, 0, 1, 2, 1, 0, 0, 1, 0, 0, 0, 0, 1, 2, 0, 2, 0, 1, 0, 0, 0, 1, 2]|[4, 3, 2, 2, 0, 0, 2, 2, 2, 4, 1, 1, 2, 4, 4, 1, 2, 4, 2, 1, 1, 1, 1, 2, 1, 2, 1, 1, 1, 1, 3, 2, 3, 0, 4, 0, 1, 1, 0, 3, 2, 2, 4, 0, 1, 1, 0, 2, 0, 1, 2, 2, 1, 4, 0, 3, 2, 1, 1, 2, 1, 3, 1, 1, 1, 3, 0, 4, 3, 1, 4, 1, 1, 2, 4, 4, 2, 1, 1, 3, 1, 3, 1, 1, 1, 1, 2, 1, 2, 3, 1, 1, 1, 1, 1, 2, 2, 2, 3, 1]|[0, 2, 1, 1, 3, 3, 0, 1, 0, 0, 0, 0, 1, 0, 1, 0, 0, 3, 1, 0, 0, 0, 0, 1, 0, 2, 0, 0, 0, 1, 0, 0, 0, 0, 3, 0, 1, 0, 0, 2, 1, 1, 2, 0, 0, 0, 0, 1, 1, 0, 0, 0, 1, 3, 0, 0, 1, 0, 0, 1, 0, 2, 1, 0, 0, 2, 1, 0, 0, 1, 1, 3, 1, 1, 3, 3, 1, 0, 0, 2, 0, 0, 0, 0, 1, 0, 1, 0, 1, 2, 0, 0, 0, 1, 1, 0, 0, 0, 0, 0],794.787407346162,57615.0617815325,90349.56702337149,true
33,G3_TWC,G3_TWC,[31, 22, 82, 15, 26, 58, 95, 42, 77, 12, 47, 5, 93, 78, 98, 54, 85, 63, 18, 44, 20, 35, 43, 97, 91, 76, 10, 30, 21, 45, 71, 64, 1, 23, 17, 83, 24, 14, 60, 36, 6, 57, 94, 88, 65, 56, 79, 40, 67, 68, 46, 75, 38, 9, 19, 32, 81, 41, 27, 62, 87, 90, 99, 59, 11, 16, 72, 73, 70, 39, 37, 84, 3, 92, 25, 55, 28, 29, 51, 7, 33, 61, 86, 48, 89, 50, 66, 96, 53, 80, 4, 8, 34, 49, 52, 0, 13, 2, 69, 74]|[1, 1, 0, 1, 1, 1, 2, 1, 2, 1, 2, 2, 2, 1, 1, 0, 0, 1, 0, 2, 2, 0, 1, 2, 0, 1, 2, 2, 0, 0, 1, 2, 1, 2, 1, 0, 2, 0, 1, 1, 0, 1, 1, 1, 0, 2, 1, 1, 0, 0, 0, 0, 1, 1, 2, 1, 2, 0, 0, 0, 2, 1, 0, 1, 2, 1, 2, 1, 1, 1, 1, 1, 2, 0, 1, 1, 0, 0, 0, 1, 2, 1, 0, 0, 1, 0, 0, 0, 0, 0, 0, 1, 2, 0, 1, 0, 0, 0, 1, 2]|[4, 3, 2, 2, 0, 0, 2, 2, 2, 4, 1, 1, 2, 4, 4, 1, 1, 4, 2, 1, 1, 1, 1, 2, 1, 2, 1, 1, 1, 1, 3, 2, 3, 0, 4, 0, 1, 1, 0, 3, 2, 2, 4, 0, 1, 1, 0, 2, 0, 1, 2, 2, 1, 4, 0, 3, 2, 1, 1, 2, 1, 3, 1, 1, 1, 3, 0, 4, 3, 1, 4, 1, 1, 2, 4, 4, 2, 1, 1, 3, 1, 3, 1, 1, 1, 1, 1, 1, 2, 1, 2, 3, 1, 1, 1, 2, 2, 2, 3, 1]|[0, 2, 1, 1, 3, 3, 0, 1, 0, 0, 0, 0, 1, 0, 1, 0, 0, 3, 1, 0, 0, 0, 3, 1, 0, 2, 0, 0, 0, 1, 0, 0, 0, 0, 3, 0, 1, 0, 0, 2, 1, 1, 2, 0, 0, 0, 0, 1, 1, 0, 0, 0, 1, 3, 0, 0, 1, 0, 0, 1, 0, 2, 0, 1, 0, 2, 1, 0, 0, 1, 1, 3, 0, 1, 3, 3, 1, 0, 0, 2, 0, 0, 0, 0, 1, 0, 0, 0, 1, 0, 1, 2, 0, 1, 1, 0, 0, 0, 0, 0],805.5394456933803,58046.77716663049,89050.44506242599,false
33,G1_CMAX,G1_CMAX,[31, 22, 82, 15, 26, 99, 95, 42, 77, 12, 47, 5, 93, 78, 86, 54, 21, 63, 18, 44, 20, 35, 43, 97, 91, 76, 10, 30, 85, 45, 71, 64, 1, 23, 37, 83, 24, 14, 60, 36, 6, 57, 40, 88, 65, 56, 79, 94, 67, 68, 46, 75, 38, 9, 19, 32, 41, 81, 27, 87, 90, 58, 59, 11, 16, 72, 73, 70, 39, 17, 84, 3, 92, 25, 55, 48, 62, 29, 51, 96, 33, 61, 98, 28, 89, 50, 4, 7, 53, 80, 8, 66, 34, 49, 52, 0, 74, 69, 2, 13]|[1, 1, 0, 1, 1, 0, 1, 1, 2, 1, 2, 2, 2, 1, 1, 0, 0, 1, 0, 2, 2, 0, 1, 2, 0, 1, 2, 2, 0, 0, 1, 2, 1, 2, 1, 0, 2, 0, 1, 1, 0, 1, 1, 1, 0, 2, 1, 1, 0, 0, 0, 0, 1, 1, 2, 1, 0, 2, 0, 2, 1, 0, 1, 2, 1, 2, 1, 1, 1, 1, 1, 1, 0, 1, 2, 0, 0, 0, 0, 2, 2, 1, 2, 0, 1, 0, 1, 2, 0, 0, 1, 2, 2, 0, 1, 0, 2, 1, 0, 0]|[0, 3, 2, 2, 4, 1, 2, 3, 2, 4, 1, 1, 2, 4, 4, 1, 1, 4, 2, 1, 1, 1, 1, 2, 1, 2, 1, 1, 2, 1, 3, 2, 3, 1, 4, 0, 1, 1, 0, 3, 2, 2, 2, 0, 1, 1, 0, 4, 0, 1, 2, 2, 1, 4, 0, 3, 1, 1, 1, 1, 3, 1, 1, 1, 3, 0, 4, 3, 1, 4, 1, 1, 0, 4, 1, 1, 2, 1, 1, 1, 1, 3, 1, 2, 1, 1, 4, 1, 2, 1, 3, 1, 1, 1, 1, 2, 1, 4, 2, 2]|[0, 2, 1, 1, 3, 0, 1, 3, 0, 0, 0, 0, 1, 0, 1, 0, 0, 3, 1, 0, 0, 0, 3, 1, 0, 2, 0, 0, 0, 1, 0, 0, 0, 0, 3, 0, 1, 0, 0, 2, 1, 1, 1, 0, 0, 0, 0, 2, 1, 0, 0, 0, 1, 3, 0, 0, 0, 0, 0, 0, 2, 0, 1, 0, 2, 1, 0, 0, 1, 1, 3, 1, 1, 3, 0, 0, 1, 0, 0, 0, 0, 0, 0, 1, 1, 0, 0, 0, 1, 0, 2, 0, 0, 1, 1, 0, 0, 2, 0, 0],731.2476204416437,56586.27722209284,92825.60273597998,false
33,G4_BALANCED,G4_BALANCED,[31, 11, 82, 15, 26, 9, 95, 42, 77, 68, 47, 5, 93, 78, 86, 54, 85, 63, 18, 44, 20, 49, 36, 14, 74, 50, 53, 17, 21, 45, 71, 64, 3, 23, 30, 83, 24, 41, 60, 52, 65, 27, 90, 70, 39, 87, 48, 69, 99, 4, 46, 1, 13, 58, 97, 59, 28, 75, 73, 37, 35, 79, 22, 66, 76, 32, 40, 80, 96, 6, 61, 16, 33, 7, 57, 34, 12, 67, 10, 98, 56, 88, 29, 8, 91, 38, 19, 92, 0, 84, 51, 72, 81, 89, 25, 55, 94, 2, 43, 62]|[2, 1, 2, 1, 1, 2, 1, 1, 1, 1, 1, 0, 2, 2, 1, 2, 0, 0, 0, 2, 2, 1, 0, 2, 0, 2, 2, 1, 0, 1, 1, 1, 0, 0, 1, 0, 2, 1, 2, 2, 0, 0, 1, 1, 0, 2, 0, 2, 1, 0, 0, 2, 0, 0, 2, 0, 1, 1, 0, 0, 2, 1, 0, 1, 2, 0, 2, 2, 0, 1, 1, 2, 1, 2, 0, 1, 1, 1, 1, 2, 2, 1, 1, 0, 1, 0, 1, 0, 0, 0, 1, 1, 1, 1, 1, 0, 2, 2, 1, 1]|[0, 3, 0, 2, 4, 1, 4, 4, 2, 4, 3, 2, 1, 0, 2, 1, 1, 1, 2, 1, 1, 3, 0, 1, 0, 1, 1, 4, 1, 4, 3, 2, 2, 0, 4, 1, 1, 4, 0, 1, 2, 1, 4, 4, 1, 1, 0, 2, 3, 1, 2, 1, 2, 1, 1, 2, 4, 3, 0, 2, 2, 3, 1, 1, 1, 2, 0, 1, 2, 4, 3, 1, 4, 1, 2, 4, 3, 3, 3, 1, 1, 4, 3, 2, 3, 2, 4, 2, 2, 2, 3, 4, 4, 4, 4, 2, 1, 1, 4, 3]|[0, 2, 0, 1, 3, 0, 1, 3, 0, 0, 2, 0, 1, 0, 1, 0, 0, 0, 1, 0, 0, 2, 0, 0, 1, 0, 0, 3, 0, 1, 0, 2, 0, 1, 3, 0, 1, 3, 0, 0, 0, 0, 1, 3, 0, 0, 1, 0, 2, 0, 0, 0, 0, 0, 1, 0, 1, 0, 1, 1, 0, 2, 0, 2, 0, 0, 0, 0, 0, 2, 0, 0, 1, 0, 0, 1, 0, 0, 3, 0, 0, 1, 0, 0, 0, 0, 3, 0, 0, 0, 0, 2, 1, 1, 3, 0, 0, 0, 2, 0],851.3950062933596,51439.941474506384,111583.71672538936,false
33,G2_TEC,G2_TEC,[31, 22, 82, 15, 26, 9, 95, 42, 77, 68, 47, 5, 93, 78, 86, 54, 85, 63, 18, 44, 20, 49, 36, 14, 74, 50, 53, 17, 21, 28, 11, 64, 3, 23, 30, 83, 24, 41, 40, 52, 65, 27, 90, 70, 39, 87, 48, 69, 99, 4, 46, 1, 13, 58, 97, 59, 45, 8, 73, 37, 35, 79, 71, 66, 76, 32, 60, 80, 56, 6, 67, 61, 33, 7, 57, 34, 12, 16, 10, 98, 96, 88, 43, 75, 91, 38, 84, 92, 29, 19, 51, 72, 81, 89, 2, 55, 94, 25, 62, 0]|[2, 1, 2, 1, 1, 2, 1, 1, 1, 1, 1, 0, 2, 2, 1, 2, 0, 0, 0, 2, 2, 1, 0, 2, 0, 2, 2, 1, 0, 1, 1, 1, 0, 0, 1, 0, 2, 1, 2, 2, 0, 0, 1, 1, 0, 2, 0, 2, 1, 0, 0, 2, 0, 0, 2, 0, 1, 1, 0, 0, 2, 1, 1, 2, 2, 0, 2, 2, 2, 1, 2, 1, 1, 2, 0, 1, 1, 2, 1, 2, 0, 1, 1, 0, 1, 0, 0, 0, 1, 1, 1, 1, 1, 1, 2, 0, 2, 1, 1, 0]|[0, 3, 0, 3, 4, 1, 4, 4, 2, 4, 3, 2, 1, 0, 2, 1, 1, 1, 2, 1, 1, 3, 0, 1, 0, 1, 1, 4, 1, 4, 3, 2, 2, 0, 4, 1, 1, 4, 1, 1, 2, 1, 4, 4, 1, 1, 0, 2, 3, 2, 2, 1, 2, 1, 1, 2, 4, 3, 0, 2, 2, 3, 3, 1, 1, 2, 1, 1, 1, 4, 1, 3, 4, 1, 2, 4, 3, 1, 3, 1, 2, 4, 4, 2, 3, 2, 2, 2, 3, 4, 3, 4, 4, 4, 1, 2, 1, 4, 3, 2]|[0, 2, 0, 0, 3, 0, 1, 3, 0, 0, 2, 0, 1, 0, 1, 0, 0, 0, 1, 0, 0, 2, 0, 0, 1, 0, 0, 3, 0, 1, 0, 2, 0, 0, 3, 0, 1, 1, 0, 0, 0, 0, 1, 3, 0, 0, 1, 0, 2, 0, 0, 0, 0, 0, 1, 0, 1, 0, 1, 1, 0, 2, 0, 0, 0, 0, 0, 0, 0, 2, 0, 0, 1, 0, 0, 1, 0, 0, 3, 0, 0, 1, 2, 0, 0, 0, 0, 0, 3, 1, 0, 1, 2, 1, 0, 0, 0, 3, 0, 0],913.2493146958955,49360.675331139195,107633.54909828783,false
33,G3_TWC,G3_TWC,[31, 22, 82, 15, 26, 58, 95, 42, 77, 12, 47, 5, 93, 78, 98, 54, 85, 63, 18, 44, 20, 35, 43, 97, 91, 76, 10, 30, 21, 45, 71, 64, 1, 23, 17, 83, 24, 14, 60, 36, 6, 57, 94, 88, 65, 56, 79, 40, 67, 68, 46, 75, 38, 9, 19, 32, 81, 41, 27, 62, 87, 90, 99, 59, 11, 16, 72, 73, 70, 39, 37, 84, 3, 92, 25, 55, 28, 29, 51, 7, 33, 61, 86, 48, 89, 50, 66, 96, 53, 80, 4, 8, 34, 49, 52, 0, 13, 2, 69, 74]|[1, 1, 0, 1, 1, 1, 2, 1, 2, 1, 2, 2, 2, 1, 1, 0, 0, 1, 0, 2, 2, 0, 1, 2, 0, 1, 2, 2, 0, 0, 1, 2, 1, 2, 1, 0, 2, 0, 1, 1, 0, 1, 1, 1, 0, 2, 1, 1, 0, 0, 0, 0, 1, 1, 2, 1, 2, 0, 0, 0, 2, 1, 0, 1, 2, 1, 2, 1, 1, 1, 1, 1, 2, 0, 1, 1, 0, 0, 0, 1, 2, 1, 0, 0, 1, 0, 0, 0, 0, 0, 0, 1, 2, 0, 1, 0, 0, 0, 1, 2]|[4, 3, 2, 2, 0, 0, 2, 2, 2, 4, 1, 1, 2, 4, 4, 1, 1, 4, 2, 1, 1, 1, 1, 2, 1, 2, 1, 1, 1, 1, 3, 2, 3, 0, 4, 0, 1, 1, 0, 3, 2, 2, 4, 0, 1, 1, 0, 2, 0, 1, 2, 2, 1, 4, 0, 3, 2, 1, 1, 2, 1, 3, 1, 1, 1, 3, 0, 4, 3, 1, 4, 1, 1, 2, 4, 4, 2, 1, 1, 3, 1, 3, 1, 1, 1, 1, 1, 1, 2, 1, 2, 3, 1, 1, 1, 2, 2, 2, 3, 1]|[0, 2, 1, 1, 3, 3, 0, 1, 0, 0, 0, 0, 1, 0, 1, 0, 0, 3, 1, 0, 0, 0, 3, 1, 0, 2, 0, 0, 0, 1, 0, 0, 0, 0, 3, 0, 1, 0, 0, 2, 1, 1, 2, 0, 0, 0, 0, 1, 1, 0, 0, 0, 1, 3, 0, 0, 1, 0, 0, 1, 0, 2, 0, 1, 0, 2, 1, 0, 0, 1, 1, 3, 0, 1, 3, 3, 1, 0, 0, 2, 0, 0, 0, 0, 1, 0, 0, 0, 1, 0, 1, 2, 0, 1, 1, 0, 0, 0, 0, 0],805.5394456933803,58046.77716663049,89050.44506242599,false
33,G1_CMAX,G1_CMAX,[31, 22, 82, 15, 26, 99, 95, 42, 77, 12, 47, 5, 93, 78, 86, 54, 21, 63, 18, 44, 20, 35, 43, 97, 91, 76, 10, 30, 85, 45, 71, 64, 1, 23, 37, 83, 24, 14, 60, 36, 6, 57, 40, 88, 65, 56, 79, 94, 67, 68, 46, 75, 38, 9, 19, 32, 41, 81, 27, 87, 90, 58, 59, 11, 16, 72, 73, 70, 39, 17, 84, 3, 92, 25, 55, 48, 62, 29, 51, 96, 33, 61, 98, 28, 89, 50, 4, 7, 53, 80, 8, 66, 34, 49, 52, 0, 74, 69, 2, 13]|[1, 1, 0, 1, 1, 0, 1, 1, 2, 1, 2, 2, 2, 1, 1, 0, 0, 1, 0, 2, 2, 0, 1, 2, 0, 1, 2, 2, 0, 0, 1, 2, 1, 2, 1, 0, 2, 0, 1, 1, 0, 1, 1, 1, 0, 2, 1, 1, 0, 0, 0, 0, 1, 1, 2, 1, 0, 2, 0, 2, 1, 0, 1, 2, 1, 2, 1, 1, 1, 1, 1, 1, 0, 1, 2, 0, 0, 0, 0, 2, 2, 1, 2, 0, 1, 0, 1, 2, 0, 0, 1, 2, 2, 0, 1, 0, 2, 1, 0, 0]|[0, 3, 2, 2, 4, 1, 2, 3, 2, 4, 1, 1, 2, 4, 4, 1, 1, 4, 2, 1, 1, 1, 1, 2, 1, 2, 1, 1, 2, 1, 3, 2, 3, 1, 4, 0, 1, 1, 0, 3, 2, 2, 2, 0, 1, 1, 0, 4, 0, 1, 2, 2, 1, 4, 0, 3, 1, 1, 1, 1, 3, 1, 1, 1, 3, 0, 4, 3, 1, 4, 1, 1, 0, 4, 1, 1, 2, 1, 1, 1, 1, 3, 1, 2, 1, 1, 4, 1, 2, 1, 3, 1, 1, 1, 1, 2, 1, 4, 2, 2]|[0, 2, 1, 1, 3, 0, 1, 3, 0, 0, 0, 0, 1, 0, 1, 0, 0, 3, 1, 0, 0, 0, 3, 1, 0, 2, 0, 0, 0, 1, 0, 0, 0, 0, 3, 0, 1, 0, 0, 2, 1, 1, 1, 0, 0, 0, 0, 2, 1, 0, 0, 0, 1, 3, 0, 0, 0, 0, 0, 0, 2, 0, 1, 0, 2, 1, 0, 0, 1, 1, 3, 1, 1, 3, 0, 0, 1, 0, 0, 0, 0, 0, 0, 1, 1, 0, 0, 0, 1, 0, 2, 0, 0, 1, 1, 0, 0, 2, 0, 0],731.2476204416437,56586.27722209284,92825.60273597998,false
33,G4_BALANCED,G4_BALANCED,[31, 11, 82, 15, 26, 9, 95, 42, 77, 68, 47, 5, 93, 78, 86, 54, 85, 63, 18, 44, 20, 49, 36, 14, 74, 50, 53, 17, 21, 45, 71, 64, 3, 23, 30, 83, 24, 41, 60, 52, 65, 27, 90, 70, 39, 87, 48, 69, 99, 4, 46, 1, 13, 58, 97, 59, 28, 75, 73, 37, 35, 79, 22, 66, 76, 32, 40, 80, 96, 6, 61, 16, 33, 7, 57, 34, 12, 67, 10, 98, 56, 88, 29, 8, 91, 38, 19, 92, 0, 84, 51, 72, 81, 89, 25, 55, 94, 2, 43, 62]|[2, 1, 2, 1, 1, 2, 1, 1, 1, 1, 1, 0, 2, 2, 1, 2, 0, 0, 0, 2, 2, 1, 0, 2, 0, 2, 2, 1, 0, 1, 1, 1, 0, 0, 1, 0, 2, 1, 2, 2, 0, 0, 1, 1, 0, 2, 0, 2, 1, 0, 0, 2, 0, 0, 2, 0, 1, 1, 0, 0, 2, 1, 0, 1, 2, 0, 2, 2, 0, 1, 1, 2, 1, 2, 0, 1, 1, 1, 1, 2, 2, 1, 1, 0, 1, 0, 1, 0, 0, 0, 1, 1, 1, 1, 1, 0, 2, 2, 1, 1]|[0, 3, 0, 2, 4, 1, 4, 4, 2, 4, 3, 2, 1, 0, 2, 1, 1, 1, 2, 1, 1, 3, 0, 1, 0, 1, 1, 4, 1, 4, 3, 2, 2, 0, 4, 1, 1, 4, 0, 1, 2, 1, 4, 4, 1, 1, 0, 2, 3, 1, 2, 1, 2, 1, 1, 2, 4, 3, 0, 2, 2, 3, 1, 1, 1, 2, 0, 1, 2, 4, 3, 1, 4, 1, 2, 4, 3, 3, 3, 1, 1, 4, 3, 2, 3, 2, 4, 2, 2, 2, 3, 4, 4, 4, 4, 2, 1, 1, 4, 3]|[0, 2, 0, 1, 3, 0, 1, 3, 0, 0, 2, 0, 1, 0, 1, 0, 0, 0, 1, 0, 0, 2, 0, 0, 1, 0, 0, 3, 0, 1, 0, 2, 0, 1, 3, 0, 1, 3, 0, 0, 0, 0, 1, 3, 0, 0, 1, 0, 2, 0, 0, 0, 0, 0, 1, 0, 1, 0, 1, 1, 0, 2, 0, 2, 0, 0, 0, 0, 0, 2, 0, 0, 1, 0, 0, 1, 0, 0, 3, 0, 0, 1, 0, 0, 0, 0, 3, 0, 0, 0, 0, 2, 1, 1, 3, 0, 0, 0, 2, 0],851.3950062933596,51439.941474506384,111583.71672538936,false
33,G2_TEC,G2_TEC,[31, 22, 82, 15, 26, 9, 95, 42, 77, 68, 47, 5, 93, 78, 86, 54, 85, 63, 18, 44, 20, 49, 36, 14, 74, 50, 53, 17, 21, 28, 11, 64, 3, 23, 30, 83, 24, 41, 40, 52, 65, 27, 90, 70, 39, 87, 48, 69, 99, 4, 46, 1, 13, 58, 97, 59, 45, 8, 73, 37, 35, 79, 71, 66, 76, 32, 60, 80, 56, 6, 67, 61, 33, 7, 57, 34, 12, 16, 10, 98, 96, 88, 43, 75, 91, 38, 84, 92, 29, 19, 51, 72, 81, 89, 2, 55, 94, 25, 62, 0]|[2, 1, 2, 1, 1, 2, 1, 1, 1, 1, 1, 0, 2, 2, 1, 2, 0, 0, 0, 2, 2, 1, 0, 2, 0, 2, 2, 1, 0, 1, 1, 1, 0, 0, 1, 0, 2, 1, 2, 2, 0, 0, 1, 1, 0, 2, 0, 2, 1, 0, 0, 2, 0, 0, 2, 0, 1, 1, 0, 0, 2, 1, 1, 2, 2, 0, 2, 2, 2, 1, 2, 1, 1, 2, 0, 1, 1, 2, 1, 2, 0, 1, 1, 0, 1, 0, 0, 0, 1, 1, 1, 1, 1, 1, 2, 0, 2, 1, 1, 0]|[0, 3, 0, 3, 4, 1, 4, 4, 2, 4, 3, 2, 1, 0, 2, 1, 1, 1, 2, 1, 1, 3, 0, 1, 0, 1, 1, 4, 1, 4, 3, 2, 2, 0, 4, 1, 1, 4, 1, 1, 2, 1, 4, 4, 1, 1, 0, 2, 3, 2, 2, 1, 2, 1, 1, 2, 4, 3, 0, 2, 2, 3, 3, 1, 1, 2, 1, 1, 1, 4, 1, 3, 4, 1, 2, 4, 3, 1, 3, 1, 2, 4, 4, 2, 3, 2, 2, 2, 3, 4, 3, 4, 4, 4, 1, 2, 1, 4, 3, 2]|[0, 2, 0, 0, 3, 0, 1, 3, 0, 0, 2, 0, 1, 0, 1, 0, 0, 0, 1, 0, 0, 2, 0, 0, 1, 0, 0, 3, 0, 1, 0, 2, 0, 0, 3, 0, 1, 1, 0, 0, 0, 0, 1, 3, 0, 0, 1, 0, 2, 0, 0, 0, 0, 0, 1, 0, 1, 0, 1, 1, 0, 2, 0, 0, 0, 0, 0, 0, 0, 2, 0, 0, 1, 0, 0, 1, 0, 0, 3, 0, 0, 1, 2, 0, 0, 0, 0, 0, 3, 1, 0, 1, 2, 1, 0, 0, 0, 3, 0, 0],913.2493146958955,49360.675331139195,107633.54909828783,false
33,G3_TWC,G3_TWC,[31, 22, 82, 15, 26, 58, 95, 42, 77, 12, 47, 5, 93, 78, 98, 54, 85, 63, 18, 44, 20, 35, 43, 97, 91, 76, 10, 30, 21, 45, 71, 64, 1, 23, 17, 83, 24, 14, 60, 36, 6, 57, 94, 88, 65, 56, 79, 40, 67, 68, 46, 75, 38, 9, 19, 32, 81, 41, 27, 62, 87, 90, 99, 59, 11, 16, 72, 73, 70, 39, 37, 84, 3, 92, 25, 55, 28, 29, 51, 7, 33, 61, 86, 48, 89, 50, 66, 96, 53, 80, 4, 8, 34, 49, 52, 0, 13, 2, 69, 74]|[1, 1, 0, 1, 1, 1, 2, 1, 2, 1, 2, 2, 2, 1, 1, 0, 0, 1, 0, 2, 2, 0, 1, 2, 0, 1, 2, 2, 0, 0, 1, 2, 1, 2, 1, 0, 2, 0, 1, 1, 0, 1, 1, 1, 0, 2, 1, 1, 0, 0, 0, 0, 1, 1, 2, 1, 2, 0, 0, 0, 2, 1, 0, 1, 2, 1, 2, 1, 1, 1, 1, 1, 2, 0, 1, 1, 0, 0, 0, 1, 2, 1, 0, 0, 1, 0, 0, 0, 0, 0, 0, 1, 2, 0, 1, 0, 0, 0, 1, 2]|[4, 3, 2, 2, 0, 0, 2, 2, 2, 4, 1, 1, 2, 4, 4, 1, 1, 4, 2, 1, 1, 1, 1, 2, 1, 2, 1, 1, 1, 1, 3, 2, 3, 0, 4, 0, 1, 1, 0, 3, 2, 2, 4, 0, 1, 1, 0, 2, 0, 1, 2, 2, 1, 4, 0, 3, 2, 1, 1, 2, 1, 3, 1, 1, 1, 3, 0, 4, 3, 1, 4, 1, 1, 2, 4, 4, 2, 1, 1, 3, 1, 3, 1, 1, 1, 1, 1, 1, 2, 1, 2, 3, 1, 1, 1, 2, 2, 2, 3, 1]|[0, 2, 1, 1, 3, 3, 0, 1, 0, 0, 0, 0, 1, 0, 1, 0, 0, 3, 1, 0, 0, 0, 3, 1, 0, 2, 0, 0, 0, 1, 0, 0, 0, 0, 3, 0, 1, 0, 0, 2, 1, 1, 2, 0, 0, 0, 0, 1, 1, 0, 0, 0, 1, 3, 0, 0, 1, 0, 0, 1, 0, 2, 0, 1, 0, 2, 1, 0, 0, 1, 1, 3, 0, 1, 3, 3, 1, 0, 0, 2, 0, 0, 0, 0, 1, 0, 0, 0, 1, 0, 1, 2, 0, 1, 1, 0, 0, 0, 0, 0],805.5394456933803,58046.77716663049,89050.44506242599,false
33,G1_CMAX,G1_CMAX,[31, 22, 82, 15, 26, 99, 95, 42, 77, 12, 47, 5, 93, 78, 86, 54, 21, 63, 18, 44, 20, 35, 43, 97, 91, 76, 10, 30, 85, 45, 71, 64, 1, 23, 37, 83, 24, 14, 60, 36, 6, 57, 40, 88, 65, 56, 79, 94, 67, 68, 46, 75, 38, 9, 19, 32, 41, 81, 27, 87, 90, 58, 59, 11, 16, 72, 73, 70, 39, 17, 84, 3, 92, 25, 55, 48, 62, 29, 51, 96, 33, 61, 98, 28, 89, 50, 4, 7, 53, 80, 8, 66, 34, 49, 52, 0, 74, 69, 2, 13]|[1, 1, 0, 1, 1, 0, 1, 1, 2, 1, 2, 2, 2, 1, 1, 0, 0, 1, 0, 2, 2, 0, 1, 2, 0, 1, 2, 2, 0, 0, 1, 2, 1, 2, 1, 0, 2, 0, 1, 1, 0, 1, 1, 1, 0, 2, 1, 1, 0, 0, 0, 0, 1, 1, 2, 1, 0, 2, 0, 2, 1, 0, 1, 2, 1, 2, 1, 1, 1, 1, 1, 1, 0, 1, 2, 0, 0, 0, 0, 2, 2, 1, 2, 0, 1, 0, 1, 2, 0, 0, 1, 2, 2, 0, 1, 0, 2, 1, 0, 0]|[0, 3, 2, 2, 4, 1, 2, 3, 2, 4, 1, 1, 2, 4, 4, 1, 1, 4, 2, 1, 1, 1, 1, 2, 1, 2, 1, 1, 2, 1, 3, 2, 3, 1, 4, 0, 1, 1, 0, 3, 2, 2, 2, 0, 1, 1, 0, 4, 0, 1, 2, 2, 1, 4, 0, 3, 1, 1, 1, 1, 3, 1, 1, 1, 3, 0, 4, 3, 1, 4, 1, 1, 0, 4, 1, 1, 2, 1, 1, 1, 1, 3, 1, 2, 1, 1, 4, 1, 2, 1, 3, 1, 1, 1, 1, 2, 1, 4, 2, 2]|[0, 2, 1, 1, 3, 0, 1, 3, 0, 0, 0, 0, 1, 0, 1, 0, 0, 3, 1, 0, 0, 0, 3, 1, 0, 2, 0, 0, 0, 1, 0, 0, 0, 0, 3, 0, 1, 0, 0, 2, 1, 1, 1, 0, 0, 0, 0, 2, 1, 0, 0, 0, 1, 3, 0, 0, 0, 0, 0, 0, 2, 0, 1, 0, 2, 1, 0, 0, 1, 1, 3, 1, 1, 3, 0, 0, 1, 0, 0, 0, 0, 0, 0, 1, 1, 0, 0, 0, 1, 0, 2, 0, 0, 1, 1, 0, 0, 2, 0, 0],731.2476204416437,56586.27722209284,92825.60273597998,false
33,G4_BALANCED,G4_BALANCED,[31, 11, 82, 15, 26, 9, 95, 42, 77, 68, 47, 5, 93, 78, 86, 54, 85, 63, 18, 44, 20, 49, 36, 14, 74, 50, 53, 17, 21, 45, 71, 64, 3, 23, 30, 83, 24, 41, 60, 52, 65, 27, 90, 70, 39, 87, 48, 69, 99, 4, 46, 1, 13, 58, 97, 59, 28, 75, 73, 37, 35, 79, 22, 66, 76, 32, 40, 80, 96, 6, 61, 16, 33, 7, 57, 34, 12, 67, 10, 98, 56, 88, 29, 8, 91, 38, 19, 92, 0, 84, 51, 72, 81, 89, 25, 55, 94, 2, 43, 62]|[2, 1, 2, 1, 1, 2, 1, 1, 1, 1, 1, 0, 2, 2, 1, 2, 0, 0, 0, 2, 2, 1, 0, 2, 0, 2, 2, 1, 0, 1, 1, 1, 0, 0, 1, 0, 2, 1, 2, 2, 0, 0, 1, 1, 0, 2, 0, 2, 1, 0, 0, 2, 0, 0, 2, 0, 1, 1, 0, 0, 2, 1, 0, 1, 2, 0, 2, 2, 0, 1, 1, 2, 1, 2, 0, 1, 1, 1, 1, 2, 2, 1, 1, 0, 1, 0, 1, 0, 0, 0, 1, 1, 1, 1, 1, 0, 2, 2, 1, 1]|[0, 3, 0, 2, 4, 1, 4, 4, 2, 4, 3, 2, 1, 0, 2, 1, 1, 1, 2, 1, 1, 3, 0, 1, 0, 1, 1, 4, 1, 4, 3, 2, 2, 0, 4, 1, 1, 4, 0, 1, 2, 1, 4, 4, 1, 1, 0, 2, 3, 1, 2, 1, 2, 1, 1, 2, 4, 3, 0, 2, 2, 3, 1, 1, 1, 2, 0, 1, 2, 4, 3, 1, 4, 1, 2, 4, 3, 3, 3, 1, 1, 4, 3, 2, 3, 2, 4, 2, 2, 2, 3, 4, 4, 4, 4, 2, 1, 1, 4, 3]|[0, 2, 0, 1, 3, 0, 1, 3, 0, 0, 2, 0, 1, 0, 1, 0, 0, 0, 1, 0, 0, 2, 0, 0, 1, 0, 0, 3, 0, 1, 0, 2, 0, 1, 3, 0, 1, 3, 0, 0, 0, 0, 1, 3, 0, 0, 1, 0, 2, 0, 0, 0, 0, 0, 1, 0, 1, 0, 1, 1, 0, 2, 0, 2, 0, 0, 0, 0, 0, 2, 0, 0, 1, 0, 0, 1, 0, 0, 3, 0, 0, 1, 0, 0, 0, 0, 3, 0, 0, 0, 0, 2, 1, 1, 3, 0, 0, 0, 2, 0],851.3950062933596,51439.941474506384,111583.71672538936,false
33,G2_TEC,G2_TEC,[31, 22, 82, 15, 26, 9, 95, 42, 77, 68, 47, 5, 93, 78, 86, 54, 85, 63, 18, 44, 20, 49, 36, 14, 74, 50, 53, 17, 21, 28, 11, 64, 3, 23, 30, 83, 24, 41, 40, 52, 65, 27, 90, 70, 39, 87, 48, 69, 99, 4, 46, 1, 13, 58, 97, 59, 45, 8, 73, 37, 35, 79, 71, 66, 76, 32, 60, 80, 56, 6, 67, 61, 33, 7, 57, 34, 12, 16, 10, 98, 96, 88, 43, 75, 91, 38, 84, 92, 29, 19, 51, 72, 81, 89, 2, 55, 94, 25, 62, 0]|[2, 1, 2, 1, 1, 2, 1, 1, 1, 1, 1, 0, 2, 2, 1, 2, 0, 0, 0, 2, 2, 1, 0, 2, 0, 2, 2, 1, 0, 1, 1, 1, 0, 0, 1, 0, 2, 1, 2, 2, 0, 0, 1, 1, 0, 2, 0, 2, 1, 0, 0, 2, 0, 0, 2, 0, 1, 1, 0, 0, 2, 1, 1, 2, 2, 0, 2, 2, 2, 1, 2, 1, 1, 2, 0, 1, 1, 2, 1, 2, 0, 1, 1, 0, 1, 0, 0, 0, 1, 1, 1, 1, 1, 1, 2, 0, 2, 1, 1, 0]|[0, 3, 0, 3, 4, 1, 4, 4, 2, 4, 3, 2, 1, 0, 2, 1, 1, 1, 2, 1, 1, 3, 0, 1, 0, 1, 1, 4, 1, 4, 3, 2, 2, 0, 4, 1, 1, 4, 1, 1, 2, 1, 4, 4, 1, 1, 0, 2, 3, 2, 2, 1, 2, 1, 1, 2, 4, 3, 0, 2, 2, 3, 3, 1, 1, 2, 1, 1, 1, 4, 1, 3, 4, 1, 2, 4, 3, 1, 3, 1, 2, 4, 4, 2, 3, 2, 2, 2, 3, 4, 3, 4, 4, 4, 1, 2, 1, 4, 3, 2]|[0, 2, 0, 0, 3, 0, 1, 3, 0, 0, 2, 0, 1, 0, 1, 0, 0, 0, 1, 0, 0, 2, 0, 0, 1, 0, 0, 3, 0, 1, 0, 2, 0, 0, 3, 0, 1, 1, 0, 0, 0, 0, 1, 3, 0, 0, 1, 0, 2, 0, 0, 0, 0, 0, 1, 0, 1, 0, 1, 1, 0, 2, 0, 0, 0, 0, 0, 0, 0, 2, 0, 0, 1, 0, 0, 1, 0, 0, 3, 0, 0, 1, 2, 0, 0, 0, 0, 0, 3, 1, 0, 1, 2, 1, 0, 0, 0, 3, 0, 0],913.2493146958955,49360.675331139195,107633.54909828783,false
33,G3_TWC,G3_TWC,[31, 22, 82, 15, 26, 58, 95, 42, 77, 12, 47, 5, 93, 78, 98, 54, 85, 63, 18, 44, 20, 35, 43, 97, 91, 76, 10, 30, 21, 45, 71, 64, 1, 23, 17, 83, 24, 14, 60, 36, 6, 57, 94, 88, 65, 56, 79, 40, 67, 68, 46, 75, 38, 9, 19, 32, 81, 41, 27, 62, 87, 90, 99, 59, 11, 16, 72, 73, 70, 39, 37, 84, 3, 92, 25, 55, 28, 29, 51, 7, 33, 61, 86, 48, 89, 50, 66, 96, 53, 80, 4, 8, 34, 49, 52, 0, 13, 2, 69, 74]|[1, 1, 0, 1, 1, 1, 2, 1, 2, 1, 2, 2, 2, 1, 1, 0, 0, 1, 0, 2, 2, 0, 1, 2, 0, 1, 2, 2, 0, 0, 1, 2, 1, 2, 1, 0, 2, 0, 1, 1, 0, 1, 1, 1, 0, 2, 1, 1, 0, 0, 0, 0, 1, 1, 2, 1, 2, 0, 0, 0, 2, 1, 0, 1, 2, 1, 2, 1, 1, 1, 1, 1, 2, 0, 1, 1, 0, 0, 0, 1, 2, 1, 0, 0, 1, 0, 0, 0, 0, 0, 0, 1, 2, 0, 1, 0, 0, 0, 1, 2]|[4, 3, 2, 2, 0, 0, 2, 2, 2, 4, 1, 1, 2, 4, 4, 1, 1, 4, 2, 1, 1, 1, 1, 2, 1, 2, 1, 1, 1, 1, 3, 2, 3, 0, 4, 0, 1, 1, 0, 3, 2, 2, 4, 0, 1, 1, 0, 2, 0, 1, 2, 2, 1, 4, 0, 3, 2, 1, 1, 2, 1, 3, 1, 1, 1, 3, 0, 4, 3, 1, 4, 1, 1, 2, 4, 4, 2, 1, 1, 3, 1, 3, 1, 1, 1, 1, 1, 1, 2, 1, 2, 3, 1, 1, 1, 2, 2, 2, 3, 1]|[0, 2, 1, 1, 3, 3, 0, 1, 0, 0, 0, 0, 1, 0, 1, 0, 0, 3, 1, 0, 0, 0, 3, 1, 0, 2, 0, 0, 0, 1, 0, 0, 0, 0, 3, 0, 1, 0, 0, 2, 1, 1, 2, 0, 0, 0, 0, 1, 1, 0, 0, 0, 1, 3, 0, 0, 1, 0, 0, 1, 0, 2, 0, 1, 0, 2, 1, 0, 0, 1, 1, 3, 0, 1, 3, 3, 1, 0, 0, 2, 0, 0, 0, 0, 1, 0, 0, 0, 1, 0, 1, 2, 0, 1, 1, 0, 0, 0, 0, 0],805.5394456933803,58046.77716663049,89050.44506242599,false
33,G1_CMAX,G1_CMAX,[31, 22, 82, 15, 26, 99, 95, 42, 77, 12, 47, 5, 93, 78, 86, 54, 21, 63, 18, 44, 20, 35, 43, 97, 91, 76, 10, 30, 85, 45, 71, 64, 1, 23, 37, 83, 24, 14, 60, 36, 6, 57, 40, 88, 65, 56, 79, 94, 67, 68, 46, 75, 38, 9, 19, 32, 41, 81, 27, 87, 90, 58, 59, 11, 16, 72, 73, 70, 39, 17, 84, 3, 92, 25, 55, 48, 62, 29, 51, 96, 33, 61, 98, 28, 89, 50, 4, 7, 53, 80, 8, 66, 34, 49, 52, 0, 74, 69, 2, 13]|[1, 1, 0, 1, 1, 0, 1, 1, 2, 1, 2, 2, 2, 1, 1, 0, 0, 1, 0, 2, 2, 0, 1, 2, 0, 1, 2, 2, 0, 0, 1, 2, 1, 2, 1, 0, 2, 0, 1, 1, 0, 1, 1, 1, 0, 2, 1, 1, 0, 0, 0, 0, 1, 1, 2, 1, 0, 2, 0, 2, 1, 0, 1, 2, 1, 2, 1, 1, 1, 1, 1, 1, 0, 1, 2, 0, 0, 0, 0, 2, 2, 1, 2, 0, 1, 0, 1, 2, 0, 0, 1, 2, 2, 0, 1, 0, 2, 1, 0, 0]|[0, 3, 2, 2, 4, 1, 2, 3, 2, 4, 1, 1, 2, 4, 4, 1, 1, 4, 2, 1, 1, 1, 1, 2, 1, 2, 1, 1, 2, 1, 3, 2, 3, 1, 4, 0, 1, 1, 0, 3, 2, 2, 2, 0, 1, 1, 0, 4, 0, 1, 2, 2, 1, 4, 0, 3, 1, 1, 1, 1, 3, 1, 1, 1, 3, 0, 4, 3, 1, 4, 1, 1, 0, 4, 1, 1, 2, 1, 1, 1, 1, 3, 1, 2, 1, 1, 4, 1, 2, 1, 3, 1, 1, 1, 1, 2, 1, 4, 2, 2]|[0, 2, 1, 1, 3, 0, 1, 3, 0, 0, 0, 0, 1, 0, 1, 0, 0, 3, 1, 0, 0, 0, 3, 1, 0, 2, 0, 0, 0, 1, 0, 0, 0, 0, 3, 0, 1, 0, 0, 2, 1, 1, 1, 0, 0, 0, 0, 2, 1, 0, 0, 0, 1, 3, 0, 0, 0, 0, 0, 0, 2, 0, 1, 0, 2, 1, 0, 0, 1, 1, 3, 1, 1, 3, 0, 0, 1, 0, 0, 0, 0, 0, 0, 1, 1, 0, 0, 0, 1, 0, 2, 0, 0, 1, 1, 0, 0, 2, 0, 0],731.2476204416437,56586.27722209284,92825.60273597998,false
33,G4_BALANCED,G4_BALANCED,[31, 11, 82, 15, 26, 9, 95, 42, 77, 68, 47, 5, 93, 78, 86, 54, 85, 63, 18, 44, 20, 49, 36, 14, 74, 50, 53, 17, 21, 45, 71, 64, 3, 23, 30, 83, 24, 41, 60, 52, 65, 27, 90, 70, 39, 87, 48, 69, 99, 4, 46, 1, 13, 58, 97, 59, 28, 75, 73, 37, 35, 79, 22, 66, 76, 32, 40, 80, 96, 6, 61, 16, 33, 7, 57, 34, 12, 67, 10, 98, 56, 88, 29, 8, 91, 38, 19, 92, 0, 84, 51, 72, 81, 89, 25, 55, 94, 2, 43, 62]|[2, 1, 2, 1, 1, 2, 1, 1, 1, 1, 1, 0, 2, 2, 1, 2, 0, 0, 0, 2, 2, 1, 0, 2, 0, 2, 2, 1, 0, 1, 1, 1, 0, 0, 1, 0, 2, 1, 2, 2, 0, 0, 1, 1, 0, 2, 0, 2, 1, 0, 0, 2, 0, 0, 2, 0, 1, 1, 0, 0, 2, 1, 0, 1, 2, 0, 2, 2, 0, 1, 1, 2, 1, 2, 0, 1, 1, 1, 1, 2, 2, 1, 1, 0, 1, 0, 1, 0, 0, 0, 1, 1, 1, 1, 1, 0, 2, 2, 1, 1]|[0, 3, 0, 2, 4, 1, 4, 4, 2, 4, 3, 2, 1, 0, 2, 1, 1, 1, 2, 1, 1, 3, 0, 1, 0, 1, 1, 4, 1, 4, 3, 2, 2, 0, 4, 1, 1, 4, 0, 1, 2, 1, 4, 4, 1, 1, 0, 2, 3, 1, 2, 1, 2, 1, 1, 2, 4, 3, 0, 2, 2, 3, 1, 1, 1, 2, 0, 1, 2, 4, 3, 1, 4, 1, 2, 4, 3, 3, 3, 1, 1, 4, 3, 2, 3, 2, 4, 2, 2, 2, 3, 4, 4, 4, 4, 2, 1, 1, 4, 3]|[0, 2, 0, 1, 3, 0, 1, 3, 0, 0, 2, 0, 1, 0, 1, 0, 0, 0, 1, 0, 0, 2, 0, 0, 1, 0, 0, 3, 0, 1, 0, 2, 0, 1, 3, 0, 1, 3, 0, 0, 0, 0, 1, 3, 0, 0, 1, 0, 2, 0, 0, 0, 0, 0, 1, 0, 1, 0, 1, 1, 0, 2, 0, 2, 0, 0, 0, 0, 0, 2, 0, 0, 1, 0, 0, 1, 0, 0, 3, 0, 0, 1, 0, 0, 0, 0, 3, 0, 0, 0, 0, 2, 1, 1, 3, 0, 0, 0, 2, 0],851.3950062933596,51439.941474506384,111583.71672538936,false
33,G2_TEC,G2_TEC,[31, 22, 82, 15, 26, 9, 95, 42, 77, 68, 47, 5, 93, 78, 86, 54, 85, 63, 18, 44, 20, 49, 36, 14, 74, 50, 53, 17, 21, 28, 11, 64, 3, 23, 30, 83, 24, 41, 40, 52, 65, 27, 90, 70, 39, 87, 48, 69, 99, 4, 46, 1, 13, 58, 97, 59, 45, 8, 73, 37, 35, 79, 71, 66, 76, 32, 60, 80, 56, 6, 67, 61, 33, 7, 57, 34, 12, 16, 10, 98, 96, 88, 43, 75, 91, 38, 84, 92, 29, 19, 51, 72, 81, 25, 89, 55, 94, 2, 62, 0]|[2, 1, 2, 1, 1, 2, 1, 1, 1, 1, 1, 0, 2, 2, 1, 2, 0, 0, 0, 2, 2, 1, 0, 2, 0, 2, 2, 1, 0, 1, 1, 1, 0, 0, 1, 0, 2, 1, 2, 2, 0, 0, 1, 1, 0, 2, 0, 2, 1, 0, 0, 2, 0, 0, 2, 0, 1, 1, 0, 0, 2, 1, 1, 2, 2, 0, 2, 2, 2, 1, 2, 1, 1, 2, 0, 1, 1, 2, 1, 2, 0, 1, 1, 0, 1, 0, 0, 0, 1, 1, 1, 1, 1, 1, 1, 0, 2, 2, 1, 0]|[0, 3, 0, 3, 4, 1, 4, 4, 2, 4, 3, 2, 1, 0, 2, 1, 1, 1, 2, 1, 1, 3, 0, 1, 0, 1, 1, 4, 1, 4, 3, 2, 2, 0, 4, 1, 1, 4, 1, 1, 2, 1, 4, 4, 1, 1, 0, 2, 3, 2, 2, 1, 2, 1, 1, 2, 4, 3, 0, 2, 2, 3, 3, 1, 1, 2, 1, 1, 1, 4, 1, 3, 4, 1, 2, 4, 3, 1, 3, 1, 2, 4, 4, 2, 3, 2, 2, 2, 3, 4, 3, 4, 4, 4, 4, 2, 1, 1, 3, 2]|[0, 2, 0, 0, 3, 0, 1, 3, 0, 0, 2, 0, 1, 0, 1, 0, 0, 0, 1, 0, 0, 2, 0, 0, 1, 0, 0, 3, 0, 1, 0, 2, 0, 0, 3, 0, 1, 1, 0, 0, 0, 0, 1, 3, 0, 0, 1, 0, 2, 0, 0, 0, 0, 0, 1, 0, 1, 0, 1, 1, 0, 2, 0, 0, 0, 0, 0, 0, 0, 2, 0, 0, 1, 0, 0, 1, 0, 0, 3, 0, 0, 1, 2, 0, 0, 0, 0, 0, 3, 1, 0, 1, 2, 3, 1, 0, 0, 0, 0, 0],908.8272556494078,49295.31688970227,107600.81360167435,false
33,G3_TWC,G3_TWC,[31, 22, 82, 15, 26, 58, 95, 42, 77, 12, 47, 5, 93, 78, 98, 54, 85, 63, 18, 44, 20, 35, 43, 97, 91, 76, 10, 30, 21, 45, 71, 64, 1, 23, 17, 83, 24, 14, 60, 36, 6, 57, 94, 88, 65, 56, 79, 40, 67, 68, 46, 75, 38, 9, 19, 32, 81, 41, 27, 62, 87, 90, 99, 59, 11, 16, 72, 73, 70, 39, 37, 84, 3, 92, 25, 55, 28, 29, 51, 7, 33, 61, 86, 48, 89, 50, 66, 96, 53, 80, 4, 8, 34, 49, 52, 0, 13, 2, 69, 74]|[1, 1, 0, 1, 1, 1, 2, 1, 2, 1, 2, 2, 2, 1, 1, 0, 0, 1, 0, 2, 2, 0, 1, 2, 0, 1, 2, 2, 0, 0, 1, 2, 1, 2, 1, 0, 2, 0, 1, 1, 0, 1, 1, 1, 0, 2, 1, 1, 0, 0, 0, 0, 1, 1, 2, 1, 2, 0, 0, 0, 2, 1, 0, 1, 2, 1, 2, 1, 1, 1, 1, 1, 2, 0, 1, 1, 0, 0, 0, 1, 2, 1, 0, 0, 1, 0, 0, 0, 0, 0, 0, 1, 2, 0, 1, 0, 0, 0, 1, 2]|[4, 3, 2, 2, 0, 0, 2, 2, 2, 4, 1, 1, 2, 4, 4, 1, 1, 4, 2, 1, 1, 1, 1, 2, 1, 2, 1, 1, 1, 1, 3, 2, 3, 0, 4, 0, 1, 1, 0, 3, 2, 2, 4, 0, 1, 1, 0, 2, 0, 1, 2, 2, 1, 4, 0, 3, 2, 1, 1, 2, 1, 3, 1, 1, 1, 3, 0, 4, 3, 1, 4, 1, 1, 2, 4, 4, 2, 1, 1, 3, 1, 3, 1, 1, 1, 1, 1, 1, 2, 1, 2, 3, 1, 1, 1, 2, 2, 2, 3, 1]|[0, 2, 1, 1, 3, 3, 0, 1, 0, 0, 0, 0, 1, 0, 1, 0, 0, 3, 1, 0, 0, 0, 3, 1, 0, 2, 0, 0, 0, 1, 0, 0, 0, 0, 3, 0, 1, 0, 0, 2, 1, 1, 2, 0, 0, 0, 0, 1, 1, 0, 0, 0, 1, 3, 0, 0, 1, 0, 0, 1, 0, 2, 0, 1, 0, 2, 1, 0, 0, 1, 1, 3, 0, 1, 3, 3, 1, 0, 0, 2, 0, 0, 0, 0, 1, 0, 0, 0, 1, 0, 1, 2, 0, 1, 1, 0, 0, 0, 0, 0],805.5394456933803,58046.77716663049,89050.44506242599,false
33,G1_CMAX,G1_CMAX,[31, 22, 82, 15, 26, 99, 95, 42, 77, 12, 47, 5, 93, 78, 86, 54, 21, 63, 18, 44, 20, 35, 43, 97, 91, 76, 10, 30, 85, 45, 71, 64, 1, 23, 37, 83, 24, 14, 60, 36, 6, 57, 40, 88, 65, 56, 79, 94, 67, 68, 46, 75, 38, 9, 19, 32, 41, 81, 27, 87, 90, 58, 59, 11, 16, 72, 73, 70, 39, 17, 84, 3, 92, 25, 55, 48, 62, 29, 51, 96, 33, 61, 98, 28, 89, 50, 4, 7, 53, 80, 8, 66, 34, 49, 52, 0, 74, 69, 2, 13]|[1, 1, 0, 1, 1, 0, 1, 1, 2, 1, 2, 2, 2, 1, 1, 0, 0, 1, 0, 2, 2, 0, 1, 2, 0, 1, 2, 2, 0, 0, 1, 2, 1, 2, 1, 0, 2, 0, 1, 1, 0, 1, 1, 1, 0, 2, 1, 1, 0, 0, 0, 0, 1, 1, 2, 1, 0, 2, 0, 2, 1, 0, 1, 2, 1, 2, 1, 1, 1, 1, 1, 1, 0, 1, 2, 0, 0, 0, 0, 2, 2, 1, 2, 0, 1, 0, 1, 2, 0, 0, 1, 2, 2, 0, 1, 0, 2, 1, 0, 0]|[0, 3, 2, 2, 4, 1, 2, 3, 2, 4, 1, 1, 2, 4, 4, 1, 1, 4, 2, 1, 1, 1, 1, 2, 1, 2, 1, 1, 2, 1, 3, 2, 3, 1, 4, 0, 1, 1, 0, 3, 2, 2, 2, 0, 1, 1, 0, 4, 0, 1, 2, 2, 1, 4, 0, 3, 1, 1, 1, 1, 3, 1, 1, 1, 3, 0, 4, 3, 1, 4, 1, 1, 0, 4, 1, 1, 2, 1, 1, 1, 1, 3, 1, 2, 1, 1, 4, 1, 2, 1, 3, 1, 1, 1, 1, 2, 1, 4, 2, 2]|[0, 2, 1, 1, 3, 0, 1, 3, 0, 0, 0, 0, 1, 0, 1, 0, 0, 3, 1, 0, 0, 0, 3, 1, 0, 2, 0, 0, 0, 1, 0, 0, 0, 0, 3, 0, 1, 0, 0, 2, 1, 1, 1, 0, 0, 0, 0, 2, 1, 0, 0, 0, 1, 3, 0, 0, 0, 0, 0, 0, 2, 0, 1, 0, 2, 1, 0, 0, 1, 1, 3, 1, 1, 3, 0, 0, 1, 0, 0, 0, 0, 0, 0, 1, 1, 0, 0, 0, 1, 0, 2, 0, 0, 1, 1, 0, 0, 2, 0, 0],731.2476204416437,56586.27722209284,92825.60273597998,false
33,G4_BALANCED,G4_BALANCED,[31, 11, 82, 15, 26, 9, 95, 42, 77, 68, 47, 5, 93, 78, 86, 54, 85, 63, 18, 44, 20, 49, 36, 14, 74, 50, 53, 17, 21, 45, 71, 64, 3, 23, 30, 83, 24, 41, 60, 52, 65, 27, 90, 70, 39, 87, 48, 69, 99, 4, 46, 1, 13, 58, 97, 59, 28, 75, 73, 37, 35, 79, 22, 66, 76, 32, 40, 80, 96, 6, 61, 16, 33, 7, 57, 34, 12, 67, 10, 98, 56, 88, 29, 8, 91, 38, 19, 92, 0, 84, 51, 72, 81, 89, 25, 55, 94, 2, 43, 62]|[2, 1, 2, 1, 1, 2, 1, 1, 1, 1, 1, 0, 2, 2, 1, 2, 0, 0, 0, 2, 2, 1, 0, 2, 0, 2, 2, 1, 0, 1, 1, 1, 0, 0, 1, 0, 2, 1, 2, 2, 0, 0, 1, 1, 0, 2, 0, 2, 1, 0, 0, 2, 0, 0, 2, 0, 1, 1, 0, 0, 2, 1, 0, 1, 2, 0, 2, 2, 0, 1, 1, 2, 1, 2, 0, 1, 1, 1, 1, 2, 2, 1, 1, 0, 1, 0, 1, 0, 0, 0, 1, 1, 1, 1, 1, 0, 2, 2, 1, 1]|[0, 3, 0, 2, 4, 1, 4, 4, 2, 4, 3, 2, 1, 0, 2, 1, 1, 1, 2, 1, 1, 3, 0, 1, 0, 1, 1, 4, 1, 4, 3, 2, 2, 0, 4, 1, 1, 4, 0, 1, 2, 1, 4, 4, 1, 1, 0, 2, 3, 1, 2, 1, 2, 1, 1, 2, 4, 3, 0, 2, 2, 3, 1, 1, 1, 2, 0, 1, 2, 4, 3, 1, 4, 1, 2, 4, 3, 3, 3, 1, 1, 4, 3, 2, 3, 2, 4, 2, 2, 2, 3, 4, 4, 4, 4, 2, 1, 1, 4, 3]|[0, 2, 0, 1, 3, 0, 1, 3, 0, 0, 2, 0, 1, 0, 1, 0, 0, 0, 1, 0, 0, 2, 0, 0, 1, 0, 0, 3, 0, 1, 0, 2, 0, 1, 3, 0, 1, 3, 0, 0, 0, 0, 1, 3, 0, 0, 1, 0, 2, 0, 0, 0, 0, 0, 1, 0, 1, 0, 1, 1, 0, 2, 0, 2, 0, 0, 0, 0, 0, 2, 0, 0, 1, 0, 0, 1, 0, 0, 3, 0, 0, 1, 0, 0, 0, 0, 3, 0, 0, 0, 0, 2, 1, 1, 3, 0, 0, 0, 2, 0],851.3950062933596,51439.941474506384,111583.71672538936,false
33,G2_TEC,G2_TEC,[31, 22, 82, 15, 26, 9, 95, 42, 77, 68, 47, 5, 93, 78, 86, 54, 85, 63, 18, 44, 20, 49, 36, 14, 74, 50, 53, 17, 21, 28, 11, 64, 3, 23, 30, 83, 24, 41, 40, 52, 65, 27, 90, 70, 39, 87, 48, 69, 99, 4, 75, 1, 13, 58, 97, 59, 45, 8, 73, 37, 35, 79, 71, 66, 76, 32, 60, 80, 56, 6, 67, 61, 33, 7, 57, 34, 12, 16, 10, 98, 96, 88, 43, 46, 91, 38, 84, 92, 29, 19, 51, 72, 81, 25, 89, 55, 94, 2, 62, 0]|[2, 1, 2, 1, 1, 2, 1, 1, 1, 1, 1, 0, 2, 2, 1, 2, 0, 0, 0, 2, 2, 1, 0, 2, 0, 2, 2, 1, 0, 1, 1, 1, 0, 0, 1, 0, 2, 1, 2, 2, 0, 0, 1, 1, 0, 2, 0, 2, 1, 0, 0, 2, 0, 0, 2, 0, 1, 1, 0, 0, 2, 1, 1, 2, 2, 0, 2, 2, 2, 1, 2, 1, 1, 2, 0, 1, 1, 2, 1, 2, 0, 1, 1, 0, 1, 0, 0, 0, 1, 1, 1, 1, 1, 1, 1, 0, 2, 2, 1, 0]|[0, 3, 0, 3, 4, 1, 4, 4, 2, 4, 3, 2, 1, 0, 2, 1, 1, 1, 2, 1, 1, 3, 0, 1, 0, 1, 1, 4, 1, 4, 3, 2, 2, 0, 4, 1, 1, 4, 1, 1, 2, 1, 4, 4, 1, 1, 0, 2, 3, 2, 2, 1, 2, 1, 1, 2, 4, 3, 0, 2, 2, 3, 3, 1, 1, 2, 1, 1, 1, 4, 1, 3, 4, 1, 2, 4, 3, 1, 3, 1, 2, 4, 4, 2, 3, 2, 2, 2, 3, 4, 3, 4, 4, 4, 4, 2, 1, 1, 3, 2]|[0, 2, 0, 0, 3, 0, 1, 3, 0, 0, 2, 0, 1, 0, 1, 0, 0, 0, 1, 0, 0, 2, 0, 0, 1, 0, 0, 3, 0, 1, 0, 2, 0, 0, 3, 0, 1, 1, 0, 0, 0, 0, 1, 3, 0, 0, 1, 0, 2, 0, 0, 0, 0, 0, 1, 0, 1, 0, 1, 1, 0, 2, 0, 0, 0, 0, 0, 0, 0, 2, 0, 0, 1, 0, 0, 1, 0, 0, 3, 0, 0, 1, 2, 0, 0, 0, 0, 0, 3, 1, 0, 1, 2, 3, 1, 0, 0, 0, 0, 0],908.8272556494078,49271.80918042497,107420.98859684674,false
33,G3_TWC,G3_TWC,[31, 22, 82, 15, 26, 58, 95, 42, 77, 12, 47, 5, 93, 78, 98, 54, 85, 63, 18, 44, 20, 35, 43, 97, 91, 76, 10, 30, 21, 45, 71, 64, 1, 23, 17, 83, 24, 14, 60, 36, 6, 57, 94, 88, 65, 56, 79, 40, 67, 68, 46, 75, 38, 9, 19, 32, 81, 41, 27, 62, 87, 90, 99, 59, 11, 16, 72, 73, 70, 39, 37, 84, 3, 92, 25, 55, 28, 29, 51, 7, 33, 61, 86, 48, 89, 50, 66, 96, 53, 80, 4, 8, 34, 49, 52, 0, 13, 2, 69, 74]|[1, 1, 0, 1, 1, 1, 2, 1, 2, 1, 2, 2, 2, 1, 1, 0, 0, 1, 0, 2, 2, 0, 1, 2, 0, 1, 2, 2, 0, 0, 1, 2, 1, 2, 1, 0, 2, 0, 1, 1, 0, 1, 1, 1, 0, 2, 1, 1, 0, 0, 0, 0, 1, 1, 2, 1, 2, 0, 0, 0, 2, 1, 0, 1, 2, 1, 2, 1, 1, 1, 1, 1, 2, 0, 1, 1, 0, 0, 0, 1, 2, 1, 0, 0, 1, 0, 0, 0, 0, 0, 0, 1, 2, 0, 1, 0, 0, 0, 1, 2]|[4, 3, 2, 2, 0, 0, 2, 2, 2, 4, 1, 1, 2, 4, 4, 1, 1, 4, 2, 1, 1, 1, 1, 2, 1, 2, 1, 1, 1, 1, 3, 2, 3, 0, 4, 0, 1, 1, 0, 3, 2, 2, 4, 0, 1, 1, 0, 2, 0, 1, 2, 2, 1, 4, 0, 3, 2, 1, 1, 2, 1, 3, 1, 1, 1, 3, 0, 4, 3, 1, 4, 1, 1, 2, 4, 4, 2, 1, 1, 3, 1, 3, 1, 1, 1, 1, 1, 1, 2, 1, 2, 3, 1, 1, 1, 2, 2, 2, 3, 1]|[0, 2, 1, 1, 3, 3, 0, 1, 0, 0, 0, 0, 1, 0, 1, 0, 0, 3, 1, 0, 0, 0, 3, 1, 0, 2, 0, 0, 0, 1, 0, 0, 0, 0, 3, 0, 1, 0, 0, 2, 1, 1, 2, 0, 0, 0, 0, 1, 1, 0, 0, 0, 1, 3, 0, 0, 1, 0, 0, 1, 0, 2, 0, 1, 0, 2, 1, 0, 0, 1, 1, 3, 0, 1, 3, 3, 1, 0, 0, 2, 0, 0, 0, 0, 1, 0, 0, 0, 1, 0, 1, 2, 0, 1, 1, 0, 0, 0, 0, 0],805.5394456933803,58046.77716663049,89050.44506242599,false
33,G1_CMAX,G1_CMAX,[31, 22, 82, 15, 26, 99, 95, 42, 77, 12, 47, 5, 93, 78, 86, 54, 21, 63, 18, 44, 20, 35, 43, 97, 91, 76, 10, 30, 85, 45, 71, 64, 1, 23, 37, 83, 24, 14, 60, 36, 6, 57, 40, 88, 65, 56, 79, 94, 67, 68, 46, 75, 38, 9, 19, 32, 41, 81, 27, 87, 90, 58, 59, 11, 16, 72, 73, 70, 39, 17, 84, 3, 92, 25, 55, 48, 62, 29, 51, 96, 33, 61, 98, 28, 89, 50, 4, 7, 53, 80, 8, 66, 34, 49, 52, 0, 74, 69, 2, 13]|[1, 1, 0, 1, 1, 0, 1, 1, 2, 1, 2, 2, 2, 1, 1, 0, 0, 1, 0, 2, 2, 0, 1, 2, 0, 1, 2, 2, 0, 0, 1, 2, 1, 2, 1, 0, 2, 0, 1, 1, 0, 1, 1, 1, 0, 2, 1, 1, 0, 0, 0, 0, 1, 1, 2, 1, 0, 2, 0, 2, 1, 0, 1, 2, 1, 2, 1, 1, 1, 1, 1, 1, 0, 1, 2, 0, 0, 0, 0, 2, 2, 1, 2, 0, 1, 0, 1, 2, 0, 0, 1, 2, 2, 0, 1, 0, 2, 1, 0, 0]|[0, 3, 2, 2, 4, 1, 2, 3, 2, 4, 1, 1, 2, 4, 4, 1, 1, 4, 2, 1, 1, 1, 1, 2, 1, 2, 1, 1, 2, 1, 3, 2, 3, 1, 4, 0, 1, 1, 0, 3, 2, 2, 2, 0, 1, 1, 0, 4, 0, 1, 2, 2, 1, 4, 0, 3, 1, 1, 1, 1, 3, 1, 1, 1, 3, 0, 4, 3, 1, 4, 1, 1, 0, 4, 1, 1, 2, 1, 1, 1, 1, 3, 1, 2, 1, 1, 4, 1, 2, 1, 3, 1, 1, 1, 1, 2, 1, 4, 2, 2]|[0, 2, 1, 1, 3, 0, 1, 3, 0, 0, 0, 0, 1, 0, 1, 0, 0, 3, 1, 0, 0, 0, 3, 1, 0, 2, 0, 0, 0, 1, 0, 0, 0, 0, 3, 0, 1, 0, 0, 2, 1, 1, 1, 0, 0, 0, 0, 2, 1, 0, 0, 0, 1, 3, 0, 0, 0, 0, 0, 0, 2, 0, 1, 0, 2, 1, 0, 0, 1, 1, 3, 1, 1, 3, 0, 0, 1, 0, 0, 0, 0, 0, 0, 1, 1, 0, 0, 0, 1, 0, 2, 0, 0, 1, 1, 0, 0, 2, 0, 0],731.2476204416437,56586.27722209284,92825.60273597998,false
33,G4_BALANCED,G4_BALANCED,[31, 11, 82, 15, 26, 9, 95, 42, 77, 68, 47, 5, 93, 78, 86, 54, 85, 63, 18, 44, 20, 49, 36, 14, 74, 50, 53, 17, 21, 45, 71, 64, 3, 23, 30, 83, 24, 41, 60, 52, 65, 27, 90, 70, 39, 87, 48, 69, 99, 4, 46, 1, 13, 58, 97, 59, 28, 75, 73, 37, 35, 79, 22, 66, 76, 32, 40, 80, 96, 6, 61, 16, 33, 7, 57, 34, 12, 67, 10, 98, 56, 88, 29, 8, 91, 38, 19, 92, 0, 84, 51, 72, 81, 89, 25, 55, 94, 2, 43, 62]|[2, 1, 2, 1, 1, 2, 1, 1, 1, 1, 1, 0, 2, 2, 1, 2, 0, 0, 0, 2, 2, 1, 0, 2, 0, 2, 2, 1, 0, 1, 1, 1, 0, 0, 1, 0, 2, 1, 2, 2, 0, 0, 1, 1, 0, 2, 0, 2, 1, 0, 0, 2, 0, 0, 2, 0, 1, 1, 0, 0, 2, 1, 0, 1, 2, 0, 2, 2, 0, 1, 1, 2, 1, 2, 0, 1, 1, 1, 1, 2, 2, 1, 1, 0, 1, 0, 1, 0, 0, 0, 1, 1, 1, 1, 1, 0, 2, 2, 1, 1]|[0, 3, 0, 2, 4, 1, 4, 4, 2, 4, 3, 2, 1, 0, 2, 1, 1, 1, 2, 1, 1, 3, 0, 1, 0, 1, 1, 4, 1, 4, 3, 2, 2, 0, 4, 1, 1, 4, 0, 1, 2, 1, 4, 4, 1, 1, 0, 2, 3, 1, 2, 1, 2, 1, 1, 2, 4, 3, 0, 2, 2, 3, 1, 1, 1, 2, 0, 1, 2, 4, 3, 1, 4, 1, 2, 4, 3, 3, 3, 1, 1, 4, 3, 2, 3, 2, 4, 2, 2, 2, 3, 4, 4, 4, 4, 2, 1, 1, 4, 3]|[0, 2, 0, 1, 3, 0, 1, 3, 0, 0, 2, 0, 1, 0, 1, 0, 0, 0, 1, 0, 0, 2, 0, 0, 1, 0, 0, 3, 0, 1, 0, 2, 0, 1, 3, 0, 1, 3, 0, 0, 0, 0, 1, 3, 0, 0, 1, 0, 2, 0, 0, 0, 0, 0, 1, 0, 1, 0, 1, 1, 0, 2, 0, 2, 0, 0, 0, 0, 0, 2, 0, 0, 1, 0, 0, 1, 0, 0, 3, 0, 0, 1, 0, 0, 0, 0, 3, 0, 0, 0, 0, 2, 1, 1, 3, 0, 0, 0, 2, 0],851.3950062933596,51439.941474506384,111583.71672538936,false
33,G2_TEC,G2_TEC,[31, 22, 82, 15, 26, 9, 95, 42, 77, 68, 47, 5, 93, 78, 86, 54, 85, 63, 18, 44, 20, 49, 36, 14, 74, 50, 53, 17, 21, 28, 11, 64, 3, 23, 30, 83, 24, 41, 40, 52, 65, 27, 90, 70, 39, 87, 48, 69, 99, 4, 75, 1, 13, 58, 97, 59, 45, 8, 73, 37, 35, 79, 71, 66, 76, 32, 60, 80, 56, 6, 67, 61, 33, 7, 57, 34, 12, 16, 10, 98, 96, 88, 43, 46, 91, 38, 84, 92, 29, 19, 51, 72, 81, 25, 89, 55, 94, 2, 62, 0]|[2, 1, 2, 1, 1, 2, 1, 1, 1, 1, 1, 0, 2, 2, 1, 2, 0, 0, 0, 2, 2, 1, 0, 2, 0, 2, 2, 1, 0, 1, 1, 1, 0, 0, 1, 0, 2, 1, 2, 2, 0, 0, 1, 1, 0, 2, 0, 2, 1, 0, 0, 2, 0, 0, 2, 0, 1, 1, 0, 0, 2, 1, 1, 2, 2, 0, 2, 2, 2, 1, 2, 1, 1, 2, 0, 1, 1, 2, 1, 2, 0, 1, 1, 0, 1, 0, 0, 0, 1, 1, 1, 1, 1, 1, 1, 0, 2, 2, 1, 0]|[0, 3, 0, 3, 4, 1, 4, 4, 2, 4, 3, 2, 1, 0, 2, 1, 1, 1, 2, 1, 1, 3, 0, 1, 0, 1, 1, 4, 1, 4, 3, 2, 2, 0, 4, 1, 1, 4, 1, 1, 2, 1, 4, 4, 1, 1, 0, 2, 3, 2, 2, 1, 2, 1, 1, 2, 4, 3, 0, 2, 2, 3, 3, 1, 1, 2, 1, 1, 1, 4, 1, 3, 4, 1, 2, 4, 3, 1, 3, 1, 2, 4, 4, 2, 3, 2, 2, 2, 3, 4, 3, 4, 4, 4, 4, 2, 1, 1, 3, 2]|[0, 2, 0, 0, 3, 0, 1, 3, 0, 0, 2, 0, 1, 0, 1, 0, 0, 0, 1, 0, 0, 2, 0, 0, 1, 0, 0, 3, 0, 1, 0, 2, 0, 0, 3, 0, 1, 1, 0, 0, 0, 0, 1, 3, 0, 0, 1, 0, 2, 0, 0, 0, 0, 0, 1, 0, 1, 0, 1, 1, 0, 2, 0, 0, 0, 0, 0, 0, 0, 2, 0, 0, 1, 0, 0, 1, 0, 0, 3, 0, 0, 1, 2, 0, 0, 0, 0, 0, 3, 1, 0, 1, 2, 3, 1, 0, 0, 0, 0, 0],908.8272556494078,49271.80918042497,107420.98859684674,false
33,G3_TWC,G3_TWC,[31, 22, 82, 15, 26, 58, 95, 42, 77, 12, 47, 5, 93, 78, 98, 54, 85, 63, 18, 44, 20, 35, 43, 97, 91, 76, 10, 30, 21, 45, 71, 64, 1, 23, 17, 83, 24, 14, 60, 36, 6, 57, 94, 88, 65, 56, 79, 40, 67, 68, 46, 75, 38, 9, 19, 32, 81, 41, 27, 62, 87, 90, 99, 59, 11, 16, 72, 73, 70, 39, 37, 84, 3, 92, 25, 55, 28, 29, 51, 7, 33, 61, 86, 48, 89, 50, 66, 96, 53, 80, 4, 8, 34, 49, 52, 0, 13, 2, 69, 74]|[1, 1, 0, 1, 1, 1, 2, 1, 2, 1, 2, 2, 2, 1, 1, 0, 0, 1, 0, 2, 2, 0, 1, 2, 0, 1, 2, 2, 0, 0, 1, 2, 1, 2, 1, 0, 2, 0, 1, 1, 0, 1, 1, 1, 0, 2, 1, 1, 0, 0, 0, 0, 1, 1, 2, 1, 2, 0, 0, 0, 2, 1, 0, 1, 2, 1, 2, 1, 1, 1, 1, 1, 2, 0, 1, 1, 0, 0, 0, 1, 2, 1, 0, 0, 1, 0, 0, 0, 0, 0, 0, 1, 2, 0, 1, 0, 0, 0, 1, 2]|[4, 3, 2, 2, 0, 0, 2, 2, 2, 4, 1, 1, 2, 4, 4, 1, 1, 4, 2, 1, 1, 1, 1, 2, 1, 2, 1, 1, 1, 1, 3, 2, 3, 0, 4, 0, 1, 1, 0, 3, 2, 2, 4, 0, 1, 1, 0, 2, 0, 1, 2, 2, 1, 4, 0, 3, 2, 1, 1, 2, 1, 3, 1, 1, 1, 3, 0, 4, 3, 1, 4, 1, 1, 2, 4, 4, 2, 1, 1, 3, 1, 3, 1, 1, 1, 1, 1, 1, 2, 1, 2, 3, 1, 1, 1, 2, 2, 2, 3, 1]|[0, 2, 1, 1, 3, 3, 0, 1, 0, 0, 0, 0, 1, 0, 1, 0, 0, 3, 1, 0, 0, 0, 3, 1, 0, 2, 0, 0, 0, 1, 0, 0, 0, 0, 3, 0, 1, 0, 0, 2, 1, 1, 2, 0, 0, 0, 0, 1, 1, 0, 0, 0, 1, 3, 0, 0, 1, 0, 0, 1, 0, 2, 0, 1, 0, 2, 1, 0, 0, 1, 1, 3, 0, 1, 3, 3, 1, 0, 0, 2, 0, 0, 0, 0, 1, 0, 0, 0, 1, 0, 1, 2, 0, 1, 1, 0, 0, 0, 0, 0],805.5394456933803,58046.77716663049,89050.44506242599,false
33,G1_CMAX,G1_CMAX,[31, 22, 82, 15, 26, 99, 95, 42, 77, 12, 47, 5, 93, 78, 86, 54, 21, 63, 18, 44, 20, 35, 43, 97, 91, 76, 10, 30, 85, 45, 71, 64, 1, 23, 37, 83, 24, 14, 60, 36, 6, 57, 40, 88, 65, 56, 79, 94, 67, 68, 46, 75, 38, 9, 19, 32, 41, 81, 27, 87, 90, 58, 59, 11, 16, 72, 73, 70, 39, 17, 84, 3, 92, 25, 55, 48, 62, 29, 51, 96, 33, 61, 98, 28, 89, 50, 4, 7, 53, 80, 8, 66, 34, 49, 52, 0, 74, 69, 2, 13]|[1, 1, 0, 1, 1, 0, 1, 1, 2, 1, 2, 2, 2, 1, 1, 0, 0, 1, 0, 2, 2, 0, 1, 2, 0, 1, 2, 2, 0, 0, 1, 2, 1, 2, 1, 0, 2, 0, 1, 1, 0, 1, 1, 1, 0, 2, 1, 1, 0, 0, 0, 0, 1, 1, 2, 1, 0, 2, 0, 2, 1, 0, 1, 2, 1, 2, 1, 1, 1, 1, 1, 1, 0, 1, 2, 0, 0, 0, 0, 2, 2, 1, 2, 0, 1, 0, 1, 2, 0, 0, 1, 2, 2, 0, 1, 0, 2, 1, 0, 0]|[0, 3, 2, 2, 4, 1, 2, 3, 2, 4, 1, 1, 2, 4, 4, 1, 1, 4, 2, 1, 1, 1, 1, 2, 1, 2, 1, 1, 2, 1, 3, 2, 3, 1, 4, 0, 1, 1, 0, 3, 2, 2, 2, 0, 1, 1, 0, 4, 0, 1, 2, 2, 1, 4, 0, 3, 1, 1, 1, 1, 3, 1, 1, 1, 3, 0, 4, 3, 1, 4, 1, 1, 0, 4, 1, 1, 2, 1, 1, 1, 1, 3, 1, 2, 1, 1, 4, 1, 2, 1, 3, 1, 1, 1, 1, 2, 1, 4, 2, 2]|[0, 2, 1, 1, 3, 0, 1, 3, 0, 0, 0, 0, 1, 0, 1, 0, 0, 3, 1, 0, 0, 0, 3, 1, 0, 2, 0, 0, 0, 1, 0, 0, 0, 0, 3, 0, 1, 0, 0, 2, 1, 1, 1, 0, 0, 0, 0, 2, 1, 0, 0, 0, 1, 3, 0, 0, 0, 0, 0, 0, 2, 0, 1, 0, 2, 1, 0, 0, 1, 1, 3, 1, 1, 3, 0, 0, 1, 0, 0, 0, 0, 0, 0, 1, 1, 0, 0, 0, 1, 0, 2, 0, 0, 1, 1, 0, 0, 2, 0, 0],731.2476204416437,56586.27722209284,92825.60273597998,false
33,G4_BALANCED,G4_BALANCED,[31, 11, 82, 15, 26, 9, 95, 42, 77, 68, 47, 5, 93, 78, 86, 54, 85, 63, 18, 44, 20, 49, 36, 14, 74, 50, 53, 17, 21, 45, 71, 64, 3, 23, 30, 83, 24, 41, 60, 52, 65, 27, 90, 70, 39, 87, 48, 69, 99, 4, 46, 1, 13, 58, 97, 59, 28, 75, 73, 37, 35, 79, 22, 66, 76, 32, 40, 80, 96, 6, 61, 16, 33, 7, 57, 34, 12, 67, 10, 98, 56, 88, 29, 8, 91, 38, 19, 92, 0, 84, 51, 72, 81, 89, 25, 55, 94, 2, 43, 62]|[2, 1, 2, 1, 1, 2, 1, 1, 1, 1, 1, 0, 2, 2, 1, 2, 0, 0, 0, 2, 2, 1, 0, 2, 0, 2, 2, 1, 0, 1, 1, 1, 0, 0, 1, 0, 2, 1, 2, 2, 0, 0, 1, 1, 0, 2, 0, 2, 1, 0, 0, 2, 0, 0, 2, 0, 1, 1, 0, 0, 2, 1, 0, 1, 2, 0, 2, 2, 0, 1, 1, 2, 1, 2, 0, 1, 1, 1, 1, 2, 2, 1, 1, 0, 1, 0, 1, 0, 0, 0, 1, 1, 1, 1, 1, 0, 2, 2, 1, 1]|[0, 3, 0, 2, 4, 1, 4, 4, 2, 4, 3, 2, 1, 0, 2, 1, 1, 1, 2, 1, 1, 3, 0, 1, 0, 1, 1, 4, 1, 4, 3, 2, 2, 0, 4, 1, 1, 4, 0, 1, 2, 1, 4, 4, 1, 1, 0, 2, 3, 1, 2, 1, 2, 1, 1, 2, 4, 3, 0, 2, 2, 3, 1, 1, 1, 2, 0, 1, 2, 4, 3, 1, 4, 1, 2, 4, 3, 3, 3, 1, 1, 4, 3, 2, 3, 2, 4, 2, 2, 2, 3, 4, 4, 4, 4, 2, 1, 1, 4, 3]|[0, 2, 0, 1, 3, 0, 1, 3, 0, 0, 2, 0, 1, 0, 1, 0, 0, 0, 1, 0, 0, 2, 0, 0, 1, 0, 0, 3, 0, 1, 0, 2, 0, 1, 3, 0, 1, 3, 0, 0, 0, 0, 1, 3, 0, 0, 1, 0, 2, 0, 0, 0, 0, 0, 1, 0, 1, 0, 1, 1, 0, 2, 0, 2, 0, 0, 0, 0, 0, 2, 0, 0, 1, 0, 0, 1, 0, 0, 3, 0, 0, 1, 0, 0, 0, 0, 3, 0, 0, 0, 0, 2, 1, 1, 3, 0, 0, 0, 2, 0],851.3950062933596,51439.941474506384,111583.71672538936,false
33,G2_TEC,G4_BALANCED,[31, 11, 15, 82, 26, 9, 95, 32, 77, 68, 47, 5, 93, 78, 86, 54, 85, 63, 18, 44, 20, 49, 36, 14, 74, 50, 53, 17, 21, 45, 71, 64, 3, 23, 30, 83, 24, 41, 60, 52, 65, 27, 90, 70, 39, 87, 48, 69, 99, 4, 46, 1, 13, 58, 97, 59, 28, 75, 73, 37, 35, 79, 22, 66, 76, 42, 40, 80, 96, 6, 16, 61, 33, 7, 57, 34, 12, 67, 10, 98, 56, 88, 29, 94, 91, 38, 51, 92, 43, 84, 19, 72, 81, 25, 0, 55, 62, 89, 8, 2]|[2, 1, 1, 2, 1, 2, 1, 1, 1, 1, 1, 0, 2, 2, 1, 2, 0, 0, 0, 2, 2, 1, 0, 2, 0, 2, 2, 1, 0, 1, 1, 1, 0, 0, 1, 0, 2, 1, 2, 2, 0, 0, 1, 1, 0, 2, 0, 2, 1, 0, 0, 2, 0, 0, 2, 0, 1, 0, 0, 0, 2, 1, 0, 2, 2, 0, 2, 2, 0, 1, 2, 1, 1, 2, 0, 1, 1, 1, 1, 2, 2, 1, 1, 2, 1, 0, 1, 0, 1, 0, 1, 1, 1, 1, 0, 0, 1, 1, 1, 2]|[0, 3, 2, 0, 4, 1, 4, 4, 2, 4, 3, 2, 1, 0, 2, 1, 1, 1, 2, 1, 1, 3, 0, 1, 0, 1, 1, 4, 1, 4, 3, 2, 2, 0, 4, 1, 1, 4, 0, 1, 2, 1, 4, 4, 1, 1, 0, 2, 3, 1, 2, 1, 2, 1, 1, 2, 4, 2, 0, 2, 2, 3, 1, 0, 1, 2, 0, 1, 2, 4, 1, 3, 4, 1, 2, 4, 3, 3, 3, 1, 1, 4, 3, 1, 3, 2, 3, 2, 4, 2, 4, 4, 1, 4, 2, 2, 3, 4, 3, 1]|[0, 2, 1, 0, 3, 0, 1, 3, 0, 0, 2, 0, 1, 0, 1, 0, 0, 0, 1, 0, 0, 2, 0, 0, 1, 0, 0, 3, 0, 1, 0, 2, 0, 1, 3, 0, 1, 3, 1, 0, 0, 0, 1, 3, 0, 0, 1, 0, 2, 0, 0, 0, 0, 0, 1, 0, 1, 0, 1, 1, 0, 2, 0, 0, 0, 0, 0, 0, 0, 2, 0, 0, 1, 0, 0, 1, 0, 0, 3, 0, 0, 1, 0, 0, 0, 0, 0, 0, 2, 0, 3, 2, 1, 3, 0, 0, 0, 1, 0, 0],838.0858887121581,52145.01293281826,108083.60693758915,true
33,G3_TWC,G3_TWC,[31, 22, 82, 15, 26, 58, 95, 42, 77, 12, 47, 5, 93, 78, 98, 54, 85, 63, 18, 44, 20, 35, 43, 97, 91, 76, 10, 30, 21, 45, 71, 64, 1, 23, 17, 83, 24, 14, 60, 36, 6, 57, 94, 88, 65, 56, 79, 40, 67, 68, 46, 75, 38, 9, 19, 32, 81, 41, 27, 62, 87, 90, 99, 59, 11, 16, 72, 73, 70, 39, 37, 84, 3, 92, 25, 55, 28, 29, 51, 7, 33, 61, 86, 48, 89, 50, 66, 96, 53, 80, 4, 8, 34, 49, 52, 0, 13, 2, 69, 74]|[1, 1, 0, 1, 1, 1, 2, 1, 2, 1, 2, 2, 2, 1, 1, 0, 0, 1, 0, 2, 2, 0, 1, 2, 0, 1, 2, 2, 0, 0, 1, 2, 1, 2, 1, 0, 2, 0, 1, 1, 0, 1, 1, 1, 0, 2, 1, 1, 0, 0, 0, 0, 1, 1, 2, 1, 2, 0, 0, 0, 2, 1, 0, 1, 2, 1, 2, 1, 1, 1, 1, 1, 2, 0, 1, 1, 0, 0, 0, 1, 2, 1, 0, 0, 1, 0, 0, 0, 0, 0, 0, 1, 2, 0, 1, 0, 0, 0, 1, 2]|[4, 3, 2, 2, 0, 0, 2, 2, 2, 4, 1, 1, 2, 4, 4, 1, 1, 4, 2, 1, 1, 1, 1, 2, 1, 2, 1, 1, 1, 1, 3, 2, 3, 0, 4, 0, 1, 1, 0, 3, 2, 2, 4, 0, 1, 1, 0, 2, 0, 1, 2, 2, 1, 4, 0, 3, 2, 1, 1, 2, 1, 3, 1, 1, 1, 3, 0, 4, 3, 1, 4, 1, 1, 2, 4, 4, 2, 1, 1, 3, 1, 3, 1, 1, 1, 1, 1, 1, 2, 1, 2, 3, 1, 1, 1, 2, 2, 2, 3, 1]|[0, 2, 1, 1, 3, 3, 0, 1, 0, 0, 0, 0, 1, 0, 1, 0, 0, 3, 1, 0, 0, 0, 3, 1, 0, 2, 0, 0, 0, 1, 0, 0, 0, 0, 3, 0, 1, 0, 0, 2, 1, 1, 2, 0, 0, 0, 0, 1, 1, 0, 0, 0, 1, 3, 0, 0, 1, 0, 0, 1, 0, 2, 0, 1, 0, 2, 1, 0, 0, 1, 1, 3, 0, 1, 3, 3, 1, 0, 0, 2, 0, 0, 0, 0, 1, 0, 0, 0, 1, 0, 1, 2, 0, 1, 1, 0, 0, 0, 0, 0],805.5394456933803,58046.77716663049,89050.44506242599,false
33,G1_CMAX,G1_CMAX,[31, 22, 82, 15, 26, 99, 95, 42, 77, 12, 47, 5, 93, 78, 86, 54, 21, 63, 18, 44, 20, 35, 43, 97, 91, 76, 10, 30, 85, 45, 71, 64, 1, 23, 37, 83, 24, 14, 60, 36, 6, 57, 40, 88, 65, 56, 79, 94, 67, 68, 46, 75, 38, 9, 19, 32, 41, 81, 27, 87, 90, 58, 59, 11, 16, 72, 73, 70, 39, 17, 84, 3, 92, 25, 55, 48, 62, 29, 51, 96, 33, 61, 98, 28, 89, 50, 4, 7, 53, 80, 8, 66, 34, 49, 52, 0, 74, 69, 2, 13]|[1, 1, 0, 1, 1, 0, 1, 1, 2, 1, 2, 2, 2, 1, 1, 0, 0, 1, 0, 2, 2, 0, 1, 2, 0, 1, 2, 2, 0, 0, 1, 2, 1, 2, 1, 0, 2, 0, 1, 1, 0, 1, 1, 1, 0, 2, 1, 1, 0, 0, 0, 0, 1, 1, 2, 1, 0, 2, 0, 2, 1, 0, 1, 2, 1, 2, 1, 1, 1, 1, 1, 1, 0, 1, 2, 0, 0, 0, 0, 2, 2, 1, 2, 0, 1, 0, 1, 2, 0, 0, 1, 2, 2, 0, 1, 0, 2, 1, 0, 0]|[0, 3, 2, 2, 4, 1, 2, 3, 2, 4, 1, 1, 2, 4, 4, 1, 1, 4, 2, 1, 1, 1, 1, 2, 1, 2, 1, 1, 2, 1, 3, 2, 3, 1, 4, 0, 1, 1, 0, 3, 2, 2, 2, 0, 1, 1, 0, 4, 0, 1, 2, 2, 1, 4, 0, 3, 1, 1, 1, 1, 3, 1, 1, 1, 3, 0, 4, 3, 1, 4, 1, 1, 0, 4, 1, 1, 2, 1, 1, 1, 1, 3, 1, 2, 1, 1, 4, 1, 2, 1, 3, 1, 1, 1, 1, 2, 1, 4, 2, 2]|[0, 2, 1, 1, 3, 0, 1, 3, 0, 0, 0, 0, 1, 0, 1, 0, 0, 3, 1, 0, 0, 0, 3, 1, 0, 2, 0, 0, 0, 1, 0, 0, 0, 0, 3, 0, 1, 0, 0, 2, 1, 1, 1, 0, 0, 0, 0, 2, 1, 0, 0, 0, 1, 3, 0, 0, 0, 0, 0, 0, 2, 0, 1, 0, 2, 1, 0, 0, 1, 1, 3, 1, 1, 3, 0, 0, 1, 0, 0, 0, 0, 0, 0, 1, 1, 0, 0, 0, 1, 0, 2, 0, 0, 1, 1, 0, 0, 2, 0, 0],731.2476204416437,56586.27722209284,92825.60273597998,false
33,G4_BALANCED,G4_BALANCED,[31, 11, 82, 15, 26, 9, 95, 42, 77, 68, 47, 5, 93, 78, 86, 54, 85, 63, 18, 44, 20, 49, 36, 14, 74, 50, 53, 17, 21, 45, 71, 64, 3, 23, 30, 83, 24, 41, 60, 52, 65, 27, 90, 70, 39, 87, 48, 69, 99, 4, 46, 1, 13, 58, 97, 59, 28, 75, 73, 37, 35, 79, 22, 66, 76, 32, 40, 80, 96, 6, 61, 16, 33, 7, 57, 34, 12, 67, 10, 98, 56, 88, 29, 8, 91, 38, 19, 92, 0, 84, 51, 72, 81, 89, 25, 55, 94, 2, 43, 62]|[2, 1, 2, 1, 1, 2, 1, 1, 1, 1, 1, 0, 2, 2, 1, 2, 0, 0, 0, 2, 2, 1, 0, 2, 0, 2, 2, 1, 0, 1, 1, 1, 0, 0, 1, 0, 2, 1, 2, 2, 0, 0, 1, 1, 0, 2, 0, 2, 1, 0, 0, 2, 0, 0, 2, 0, 1, 1, 0, 0, 2, 1, 0, 1, 2, 0, 2, 2, 0, 1, 1, 2, 1, 2, 0, 1, 1, 1, 1, 2, 2, 1, 1, 0, 1, 0, 1, 0, 0, 0, 1, 1, 1, 1, 1, 0, 2, 2, 1, 1]|[0, 3, 0, 2, 4, 1, 4, 4, 2, 4, 3, 2, 1, 0, 2, 1, 1, 1, 2, 1, 1, 3, 0, 1, 0, 1, 1, 4, 1, 4, 3, 2, 2, 0, 4, 1, 1, 4, 0, 1, 2, 1, 4, 4, 1, 1, 0, 2, 3, 1, 2, 1, 2, 1, 1, 2, 4, 3, 0, 2, 2, 3, 1, 1, 1, 2, 0, 1, 2, 4, 3, 1, 4, 1, 2, 4, 3, 3, 3, 1, 1, 4, 3, 2, 3, 2, 4, 2, 2, 2, 3, 4, 4, 4, 4, 2, 1, 1, 4, 3]|[0, 2, 0, 1, 3, 0, 1, 3, 0, 0, 2, 0, 1, 0, 1, 0, 0, 0, 1, 0, 0, 2, 0, 0, 1, 0, 0, 3, 0, 1, 0, 2, 0, 1, 3, 0, 1, 3, 0, 0, 0, 0, 1, 3, 0, 0, 1, 0, 2, 0, 0, 0, 0, 0, 1, 0, 1, 0, 1, 1, 0, 2, 0, 2, 0, 0, 0, 0, 0, 2, 0, 0, 1, 0, 0, 1, 0, 0, 3, 0, 0, 1, 0, 0, 0, 0, 3, 0, 0, 0, 0, 2, 1, 1, 3, 0, 0, 0, 2, 0],851.3950062933596,51439.941474506384,111583.71672538936,false
33,G2_TEC,G1_CMAX,[31, 22, 82, 15, 26, 99, 95, 42, 77, 12, 47, 5, 93, 78, 86, 54, 21, 63, 18, 44, 20, 35, 43, 97, 91, 76, 10, 30, 85, 45, 71, 64, 1, 23, 17, 83, 24, 14, 60, 36, 6, 57, 40, 88, 65, 56, 79, 94, 67, 68, 46, 75, 38, 9, 19, 32, 41, 81, 27, 87, 90, 58, 59, 11, 62, 16, 72, 73, 39, 37, 84, 3, 92, 25, 55, 48, 70, 29, 51, 96, 33, 61, 98, 66, 89, 50, 4, 7, 53, 80, 8, 28, 34, 49, 52, 0, 74, 69, 2, 13]|[1, 1, 0, 1, 1, 0, 1, 1, 2, 1, 2, 2, 2, 1, 1, 0, 0, 1, 0, 2, 2, 0, 1, 2, 0, 1, 2, 2, 0, 0, 1, 2, 1, 2, 1, 0, 2, 0, 1, 1, 0, 1, 1, 1, 0, 2, 1, 1, 0, 0, 0, 0, 1, 1, 2, 1, 0, 2, 0, 2, 1, 0, 1, 2, 0, 1, 2, 1, 1, 1, 1, 1, 0, 1, 2, 0, 1, 0, 0, 2, 2, 1, 2, 2, 1, 0, 1, 2, 0, 0, 1, 0, 2, 0, 1, 0, 2, 1, 0, 0]|[4, 3, 2, 2, 4, 1, 2, 3, 2, 4, 1, 1, 2, 4, 4, 1, 1, 4, 2, 1, 1, 1, 1, 2, 1, 2, 1, 1, 2, 1, 3, 2, 3, 1, 4, 0, 1, 1, 0, 3, 2, 2, 2, 0, 1, 1, 0, 4, 0, 1, 2, 2, 1, 4, 0, 3, 1, 1, 1, 1, 3, 1, 1, 1, 2, 3, 0, 4, 1, 4, 1, 1, 2, 4, 1, 1, 3, 1, 1, 1, 1, 3, 1, 1, 1, 1, 4, 1, 2, 1, 3, 2, 1, 1, 1, 2, 1, 4, 2, 2]|[0, 2, 1, 1, 3, 0, 1, 3, 0, 0, 0, 0, 1, 0, 1, 0, 0, 3, 1, 0, 0, 0, 3, 1, 0, 2, 0, 0, 0, 1, 0, 0, 0, 0, 3, 0, 1, 0, 0, 2, 1, 1, 1, 0, 0, 0, 0, 2, 1, 0, 0, 0, 1, 3, 0, 0, 0, 0, 0, 0, 2, 0, 1, 0, 1, 2, 1, 0, 1, 1, 3, 1, 1, 3, 0, 0, 0, 0, 0, 0, 0, 0, 0, 0, 1, 0, 0, 0, 1, 0, 2, 1, 0, 1, 1, 0, 0, 2, 0, 0],760.8061429141708,55811.58046129318,92924.88522080088,true
33,G3_TWC,G3_TWC,[31, 22, 82, 15, 26, 58, 95, 42, 77, 12, 47, 5, 93, 78, 98, 54, 85, 63, 18, 44, 20, 35, 43, 97, 91, 76, 10, 30, 21, 45, 71, 64, 1, 23, 17, 83, 24, 14, 60, 36, 6, 57, 94, 88, 65, 56, 79, 40, 67, 68, 46, 75, 38, 9, 19, 32, 81, 41, 27, 62, 87, 90, 99, 59, 11, 16, 72, 73, 70, 39, 37, 84, 3, 92, 25, 55, 28, 29, 51, 7, 33, 61, 86, 48, 89, 50, 66, 96, 53, 80, 4, 8, 34, 49, 52, 0, 13, 2, 69, 74]|[1, 1, 0, 1, 1, 1, 2, 1, 2, 1, 2, 2, 2, 1, 1, 0, 0, 1, 0, 2, 2, 0, 1, 2, 0, 1, 2, 2, 0, 0, 1, 2, 1, 2, 1, 0, 2, 0, 1, 1, 0, 1, 1, 1, 0, 2, 1, 1, 0, 0, 0, 0, 1, 1, 2, 1, 2, 0, 0, 0, 2, 1, 0, 1, 2, 1, 2, 1, 1, 1, 1, 1, 2, 0, 1, 1, 0, 0, 0, 1, 2, 1, 0, 0, 1, 0, 0, 0, 0, 0, 0, 1, 2, 0, 1, 0, 0, 0, 1, 2]|[4, 3, 2, 2, 0, 0, 2, 2, 2, 4, 1, 1, 2, 4, 4, 1, 1, 4, 2, 1, 1, 1, 1, 2, 1, 2, 1, 1, 1, 1, 3, 2, 3, 0, 4, 0, 1, 1, 0, 3, 2, 2, 4, 0, 1, 1, 0, 2, 0, 1, 2, 2, 1, 4, 0, 3, 2, 1, 1, 2, 1, 3, 1, 1, 1, 3, 0, 4, 3, 1, 4, 1, 1, 2, 4, 4, 2, 1, 1, 3, 1, 3, 1, 1, 1, 1, 1, 1, 2, 1, 2, 3, 1, 1, 1, 2, 2, 2, 3, 1]|[0, 2, 1, 1, 3, 3, 0, 1, 0, 0, 0, 0, 1, 0, 1, 0, 0, 3, 1, 0, 0, 0, 3, 1, 0, 2, 0, 0, 0, 1, 0, 0, 0, 0, 3, 0, 1, 0, 0, 2, 1, 1, 2, 0, 0, 0, 0, 1, 1, 0, 0, 0, 1, 3, 0, 0, 1, 0, 0, 1, 0, 2, 0, 1, 0, 2, 1, 0, 0, 1, 1, 3, 0, 1, 3, 3, 1, 0, 0, 2, 0, 0, 0, 0, 1, 0, 0, 0, 1, 0, 1, 2, 0, 1, 1, 0, 0, 0, 0, 0],805.5394456933803,58046.77716663049,89050.44506242599,false
33,G1_CMAX,G1_CMAX,[31, 22, 82, 15, 26, 99, 95, 42, 77, 12, 47, 5, 93, 78, 86, 54, 21, 63, 18, 44, 20, 35, 43, 97, 91, 76, 10, 30, 85, 45, 71, 64, 1, 23, 37, 83, 24, 14, 60, 36, 6, 57, 40, 88, 65, 56, 79, 94, 67, 68, 46, 75, 38, 9, 19, 32, 41, 81, 27, 87, 90, 58, 59, 11, 16, 72, 73, 70, 39, 17, 84, 3, 92, 25, 55, 48, 62, 29, 51, 96, 33, 61, 98, 28, 89, 50, 4, 7, 53, 80, 8, 66, 34, 49, 52, 0, 74, 69, 2, 13]|[1, 1, 0, 1, 1, 0, 1, 1, 2, 1, 2, 2, 2, 1, 1, 0, 0, 1, 0, 2, 2, 0, 1, 2, 0, 1, 2, 2, 0, 0, 1, 2, 1, 2, 1, 0, 2, 0, 1, 1, 0, 1, 1, 1, 0, 2, 1, 1, 0, 0, 0, 0, 1, 1, 2, 1, 0, 2, 0, 2, 1, 0, 1, 2, 1, 2, 1, 1, 1, 1, 1, 1, 0, 1, 2, 0, 0, 0, 0, 2, 2, 1, 2, 0, 1, 0, 1, 2, 0, 0, 1, 2, 2, 0, 1, 0, 2, 1, 0, 0]|[0, 3, 2, 2, 4, 1, 2, 3, 2, 4, 1, 1, 2, 4, 4, 1, 1, 4, 2, 1, 1, 1, 1, 2, 1, 2, 1, 1, 2, 1, 3, 2, 3, 1, 4, 0, 1, 1, 0, 3, 2, 2, 2, 0, 1, 1, 0, 4, 0, 1, 2, 2, 1, 4, 0, 3, 1, 1, 1, 1, 3, 1, 1, 1, 3, 0, 4, 3, 1, 4, 1, 1, 0, 4, 1, 1, 2, 1, 1, 1, 1, 3, 1, 2, 1, 1, 4, 1, 2, 1, 3, 1, 1, 1, 1, 2, 1, 4, 2, 2]|[0, 2, 1, 1, 3, 0, 1, 3, 0, 0, 0, 0, 1, 0, 1, 0, 0, 3, 1, 0, 0, 0, 3, 1, 0, 2, 0, 0, 0, 1, 0, 0, 0, 0, 3, 0, 1, 0, 0, 2, 1, 1, 1, 0, 0, 0, 0, 2, 1, 0, 0, 0, 1, 3, 0, 0, 0, 0, 0, 0, 2, 0, 1, 0, 2, 1, 0, 0, 1, 1, 3, 1, 1, 3, 0, 0, 1, 0, 0, 0, 0, 0, 0, 1, 1, 0, 0, 0, 1, 0, 2, 0, 0, 1, 1, 0, 0, 2, 0, 0],731.2476204416437,56586.27722209284,92825.60273597998,false
33,G4_BALANCED,G4_BALANCED,[31, 11, 82, 15, 26, 9, 95, 42, 77, 68, 47, 5, 93, 78, 86, 54, 85, 63, 18, 44, 20, 49, 36, 14, 74, 50, 53, 17, 21, 45, 71, 64, 3, 23, 30, 83, 24, 41, 60, 52, 65, 27, 90, 70, 39, 87, 48, 69, 99, 4, 46, 1, 13, 58, 97, 59, 28, 75, 73, 37, 35, 79, 22, 66, 76, 32, 40, 80, 96, 6, 61, 16, 33, 7, 57, 34, 12, 67, 10, 98, 56, 88, 29, 8, 91, 38, 19, 92, 0, 84, 51, 72, 81, 89, 25, 55, 94, 2, 43, 62]|[2, 1, 2, 1, 1, 2, 1, 1, 1, 1, 1, 0, 2, 2, 1, 2, 0, 0, 0, 2, 2, 1, 0, 2, 0, 2, 2, 1, 0, 1, 1, 1, 0, 0, 1, 0, 2, 1, 2, 2, 0, 0, 1, 1, 0, 2, 0, 2, 1, 0, 0, 2, 0, 0, 2, 0, 1, 1, 0, 0, 2, 1, 0, 1, 2, 0, 2, 2, 0, 1, 1, 2, 1, 2, 0, 1, 1, 1, 1, 2, 2, 1, 1, 0, 1, 0, 1, 0, 0, 0, 1, 1, 1, 1, 1, 0, 2, 2, 1, 1]|[0, 3, 0, 2, 4, 1, 4, 4, 2, 4, 3, 2, 1, 0, 2, 1, 1, 1, 2, 1, 1, 3, 0, 1, 0, 1, 1, 4, 1, 4, 3, 2, 2, 0, 4, 1, 1, 4, 0, 1, 2, 1, 4, 4, 1, 1, 0, 2, 3, 1, 2, 1, 2, 1, 1, 2, 4, 3, 0, 2, 2, 3, 1, 1, 1, 2, 0, 1, 2, 4, 3, 1, 4, 1, 2, 4, 3, 3, 3, 1, 1, 4, 3, 2, 3, 2, 4, 2, 2, 2, 3, 4, 4, 4, 4, 2, 1, 1, 4, 3]|[0, 2, 0, 1, 3, 0, 1, 3, 0, 0, 2, 0, 1, 0, 1, 0, 0, 0, 1, 0, 0, 2, 0, 0, 1, 0, 0, 3, 0, 1, 0, 2, 0, 1, 3, 0, 1, 3, 0, 0, 0, 0, 1, 3, 0, 0, 1, 0, 2, 0, 0, 0, 0, 0, 1, 0, 1, 0, 1, 1, 0, 2, 0, 2, 0, 0, 0, 0, 0, 2, 0, 0, 1, 0, 0, 1, 0, 0, 3, 0, 0, 1, 0, 0, 0, 0, 3, 0, 0, 0, 0, 2, 1, 1, 3, 0, 0, 0, 2, 0],851.3950062933596,51439.941474506384,111583.71672538936,false
33,G2_TEC,G4_BALANCED,[31, 22, 82, 15, 26, 9, 95, 42, 77, 68, 47, 5, 93, 78, 86, 54, 85, 63, 18, 44, 20, 49, 36, 14, 74, 50, 53, 17, 21, 28, 11, 64, 3, 23, 30, 83, 24, 41, 40, 52, 65, 27, 90, 70, 39, 87, 48, 69, 99, 4, 46, 1, 13, 58, 97, 59, 45, 8, 73, 37, 35, 79, 71, 66, 76, 32, 60, 80, 96, 6, 16, 61, 33, 7, 57, 34, 12, 67, 10, 98, 56, 88, 43, 75, 91, 38, 84, 92, 29, 19, 2, 72, 55, 25, 89, 81, 94, 51, 62, 0]|[2, 1, 2, 1, 1, 0, 1, 1, 1, 1, 1, 0, 2, 2, 1, 2, 0, 0, 0, 2, 2, 1, 0, 2, 0, 2, 2, 1, 0, 1, 1, 1, 0, 0, 1, 0, 2, 1, 2, 2, 0, 0, 1, 1, 0, 2, 0, 2, 1, 0, 0, 2, 0, 0, 2, 0, 1, 1, 0, 0, 2, 1, 1, 2, 2, 0, 2, 2, 0, 1, 2, 1, 1, 2, 0, 1, 1, 2, 1, 2, 2, 1, 1, 0, 1, 0, 0, 0, 1, 1, 2, 1, 0, 1, 1, 1, 2, 1, 1, 0]|[0, 3, 0, 3, 4, 1, 4, 4, 2, 4, 3, 2, 1, 0, 2, 1, 1, 1, 2, 1, 1, 3, 0, 1, 0, 1, 1, 4, 1, 4, 3, 2, 2, 0, 4, 1, 1, 4, 1, 1, 2, 1, 4, 4, 1, 1, 0, 2, 3, 2, 2, 1, 2, 1, 1, 2, 4, 3, 0, 2, 2, 3, 3, 1, 1, 2, 1, 1, 2, 4, 1, 3, 4, 1, 2, 4, 3, 1, 3, 1, 1, 4, 4, 2, 3, 2, 2, 2, 3, 4, 1, 4, 2, 4, 4, 4, 1, 3, 3, 2]|[0, 2, 0, 0, 3, 0, 1, 3, 0, 0, 2, 0, 1, 0, 1, 0, 0, 0, 1, 0, 0, 2, 0, 0, 1, 0, 0, 3, 0, 1, 0, 2, 0, 0, 3, 0, 1, 1, 0, 0, 0, 0, 1, 3, 0, 0, 1, 0, 2, 0, 0, 0, 0, 1, 1, 0, 1, 0, 1, 1, 0, 2, 0, 0, 0, 0, 0, 0, 0, 2, 0, 0, 1, 0, 0, 1, 0, 0, 3, 0, 0, 1, 2, 0, 0, 0, 0, 0, 3, 1, 0, 1, 0, 3, 1, 2, 0, 0, 0, 0],898.2543121797436,49876.04929822017,103886.08988387324,true
33,G3_TWC,G3_TWC,[31, 22, 82, 15, 26, 58, 95, 42, 77, 12, 47, 5, 93, 78, 98, 54, 85, 63, 18, 44, 20, 35, 43, 97, 91, 76, 10, 30, 21, 45, 71, 64, 1, 23, 17, 83, 24, 14, 60, 36, 6, 57, 94, 88, 65, 56, 79, 40, 67, 68, 46, 75, 38, 9, 19, 32, 81, 41, 27, 62, 87, 90, 99, 59, 11, 16, 72, 73, 70, 39, 37, 84, 3, 92, 25, 55, 28, 29, 51, 7, 33, 61, 86, 48, 89, 50, 66, 96, 53, 80, 4, 8, 34, 49, 52, 0, 13, 2, 69, 74]|[1, 1, 0, 1, 1, 1, 2, 1, 2, 1, 2, 2, 2, 1, 1, 0, 0, 1, 0, 2, 2, 0, 1, 2, 0, 1, 2, 2, 0, 0, 1, 2, 1, 2, 1, 0, 2, 0, 1, 1, 0, 1, 1, 1, 0, 2, 1, 1, 0, 0, 0, 0, 1, 1, 2, 1, 2, 0, 0, 0, 2, 1, 0, 1, 2, 1, 2, 1, 1, 1, 1, 1, 2, 0, 1, 1, 0, 0, 0, 1, 2, 1, 0, 0, 1, 0, 0, 0, 0, 0, 0, 1, 2, 0, 1, 0, 0, 0, 1, 2]|[4, 3, 2, 2, 0, 0, 2, 2, 2, 4, 1, 1, 2, 4, 4, 1, 1, 4, 2, 1, 1, 1, 1, 2, 1, 2, 1, 1, 1, 1, 3, 2, 3, 0, 4, 0, 1, 1, 0, 3, 2, 2, 4, 0, 1, 1, 0, 2, 0, 1, 2, 2, 1, 4, 0, 3, 2, 1, 1, 2, 1, 3, 1, 1, 1, 3, 0, 4, 3, 1, 4, 1, 1, 2, 4, 4, 2, 1, 1, 3, 1, 3, 1, 1, 1, 1, 1, 1, 2, 1, 2, 3, 1, 1, 1, 2, 2, 2, 3, 1]|[0, 2, 1, 1, 3, 3, 0, 1, 0, 0, 0, 0, 1, 0, 1, 0, 0, 3, 1, 0, 0, 0, 3, 1, 0, 2, 0, 0, 0, 1, 0, 0, 0, 0, 3, 0, 1, 0, 0, 2, 1, 1, 2, 0, 0, 0, 0, 1, 1, 0, 0, 0, 1, 3, 0, 0, 1, 0, 0, 1, 0, 2, 0, 1, 0, 2, 1, 0, 0, 1, 1, 3, 0, 1, 3, 3, 1, 0, 0, 2, 0, 0, 0, 0, 1, 0, 0, 0, 1, 0, 1, 2, 0, 1, 1, 0, 0, 0, 0, 0],805.5394456933803,58046.77716663049,89050.44506242599,false
33,G1_CMAX,G1_CMAX,[31, 22, 82, 15, 26, 99, 95, 42, 77, 12, 47, 5, 93, 78, 86, 54, 21, 63, 18, 44, 20, 35, 43, 97, 91, 76, 10, 30, 85, 45, 71, 64, 1, 23, 37, 83, 24, 14, 60, 36, 6, 57, 40, 88, 65, 56, 79, 94, 67, 68, 46, 75, 38, 9, 19, 32, 41, 81, 27, 87, 90, 58, 59, 11, 16, 72, 73, 70, 39, 17, 84, 3, 92, 25, 55, 48, 62, 29, 51, 96, 33, 61, 98, 28, 89, 50, 4, 7, 53, 80, 8, 66, 34, 49, 52, 0, 74, 69, 2, 13]|[1, 1, 0, 1, 1, 0, 1, 1, 2, 1, 2, 2, 2, 1, 1, 0, 0, 1, 0, 2, 2, 0, 1, 2, 0, 1, 2, 2, 0, 0, 1, 2, 1, 2, 1, 0, 2, 0, 1, 1, 0, 1, 1, 1, 0, 2, 1, 1, 0, 0, 0, 0, 1, 1, 2, 1, 0, 2, 0, 2, 1, 0, 1, 2, 1, 2, 1, 1, 1, 1, 1, 1, 0, 1, 2, 0, 0, 0, 0, 2, 2, 1, 2, 0, 1, 0, 1, 2, 0, 0, 1, 2, 2, 0, 1, 0, 2, 1, 0, 0]|[0, 3, 2, 2, 4, 1, 2, 3, 2, 4, 1, 1, 2, 4, 4, 1, 1, 4, 2, 1, 1, 1, 1, 2, 1, 2, 1, 1, 2, 1, 3, 2, 3, 1, 4, 0, 1, 1, 0, 3, 2, 2, 2, 0, 1, 1, 0, 4, 0, 1, 2, 2, 1, 4, 0, 3, 1, 1, 1, 1, 3, 1, 1, 1, 3, 0, 4, 3, 1, 4, 1, 1, 0, 4, 1, 1, 2, 1, 1, 1, 1, 3, 1, 2, 1, 1, 4, 1, 2, 1, 3, 1, 1, 1, 1, 2, 1, 4, 2, 2]|[0, 2, 1, 1, 3, 0, 1, 3, 0, 0, 0, 0, 1, 0, 1, 0, 0, 3, 1, 0, 0, 0, 3, 1, 0, 2, 0, 0, 0, 1, 0, 0, 0, 0, 3, 0, 1, 0, 0, 2, 1, 1, 1, 0, 0, 0, 0, 2, 1, 0, 0, 0, 1, 3, 0, 0, 0, 0, 0, 0, 2, 0, 1, 0, 2, 1, 0, 0, 1, 1, 3, 1, 1, 3, 0, 0, 1, 0, 0, 0, 0, 0, 0, 1, 1, 0, 0, 0, 1, 0, 2, 0, 0, 1, 1, 0, 0, 2, 0, 0],731.2476204416437,56586.27722209284,92825.60273597998,false
33,G4_BALANCED,G4_BALANCED,[31, 11, 82, 15, 26, 9, 95, 42, 77, 68, 47, 5, 93, 78, 86, 54, 85, 63, 18, 44, 20, 49, 36, 14, 74, 50, 53, 17, 21, 45, 71, 64, 3, 23, 30, 83, 24, 41, 60, 52, 65, 27, 90, 70, 39, 87, 48, 69, 99, 4, 46, 1, 13, 58, 97, 59, 28, 75, 73, 37, 35, 79, 22, 66, 76, 32, 40, 80, 96, 6, 61, 16, 33, 7, 57, 34, 12, 67, 10, 98, 56, 88, 29, 8, 91, 38, 19, 92, 0, 84, 51, 72, 81, 89, 25, 55, 94, 2, 43, 62]|[2, 1, 2, 1, 1, 2, 1, 1, 1, 1, 1, 0, 2, 2, 1, 2, 0, 0, 0, 2, 2, 1, 0, 2, 0, 2, 2, 1, 0, 1, 1, 1, 0, 0, 1, 0, 2, 1, 2, 2, 0, 0, 1, 1, 0, 2, 0, 2, 1, 0, 0, 2, 0, 0, 2, 0, 1, 1, 0, 0, 2, 1, 0, 1, 2, 0, 2, 2, 0, 1, 1, 2, 1, 2, 0, 1, 1, 1, 1, 2, 2, 1, 1, 0, 1, 0, 1, 0, 0, 0, 1, 1, 1, 1, 1, 0, 2, 2, 1, 1]|[0, 3, 0, 2, 4, 1, 4, 4, 2, 4, 3, 2, 1, 0, 2, 1, 1, 1, 2, 1, 1, 3, 0, 1, 0, 1, 1, 4, 1, 4, 3, 2, 2, 0, 4, 1, 1, 4, 0, 1, 2, 1, 4, 4, 1, 1, 0, 2, 3, 1, 2, 1, 2, 1, 1, 2, 4, 3, 0, 2, 2, 3, 1, 1, 1, 2, 0, 1, 2, 4, 3, 1, 4, 1, 2, 4, 3, 3, 3, 1, 1, 4, 3, 2, 3, 2, 4, 2, 2, 2, 3, 4, 4, 4, 4, 2, 1, 1, 4, 3]|[0, 2, 0, 1, 3, 0, 1, 3, 0, 0, 2, 0, 1, 0, 1, 0, 0, 0, 1, 0, 0, 2, 0, 0, 1, 0, 0, 3, 0, 1, 0, 2, 0, 1, 3, 0, 1, 3, 0, 0, 0, 0, 1, 3, 0, 0, 1, 0, 2, 0, 0, 0, 0, 0, 1, 0, 1, 0, 1, 1, 0, 2, 0, 2, 0, 0, 0, 0, 0, 2, 0, 0, 1, 0, 0, 1, 0, 0, 3, 0, 0, 1, 0, 0, 0, 0, 3, 0, 0, 0, 0, 2, 1, 1, 3, 0, 0, 0, 2, 0],851.3950062933596,51439.941474506384,111583.71672538936,false
33,G2_TEC,G4_BALANCED,[31, 22, 82, 15, 26, 9, 95, 42, 77, 68, 47, 5, 93, 78, 86, 54, 85, 63, 18, 44, 20, 49, 36, 14, 74, 50, 53, 17, 21, 28, 11, 64, 3, 23, 30, 83, 24, 41, 40, 52, 65, 27, 90, 70, 39, 87, 48, 69, 99, 4, 46, 1, 13, 58, 97, 59, 45, 8, 73, 37, 35, 79, 71, 66, 76, 32, 60, 80, 96, 6, 16, 61, 33, 7, 57, 34, 12, 67, 10, 98, 56, 88, 43, 75, 91, 38, 84, 92, 29, 19, 2, 72, 55, 25, 89, 81, 94, 51, 62, 0]|[2, 1, 2, 1, 1, 0, 1, 1, 1, 1, 1, 0, 2, 2, 1, 2, 0, 0, 0, 2, 2, 1, 0, 2, 0, 2, 2, 1, 0, 1, 1, 1, 0, 0, 1, 0, 2, 1, 2, 2, 0, 0, 1, 1, 0, 2, 0, 2, 1, 0, 0, 2, 0, 0, 2, 0, 1, 1, 0, 0, 2, 1, 1, 2, 2, 0, 2, 2, 0, 1, 2, 1, 1, 2, 0, 1, 1, 2, 1, 2, 2, 1, 1, 0, 1, 0, 0, 0, 1, 1, 2, 1, 0, 1, 1, 1, 2, 1, 1, 0]|[0, 3, 0, 3, 4, 1, 4, 4, 2, 4, 3, 2, 1, 0, 2, 1, 1, 1, 2, 1, 1, 3, 0, 1, 0, 1, 1, 4, 1, 4, 3, 2, 2, 0, 4, 1, 1, 4, 1, 1, 2, 1, 4, 4, 1, 1, 0, 2, 3, 2, 2, 1, 2, 1, 1, 2, 4, 3, 0, 2, 2, 3, 3, 1, 1, 2, 1, 1, 2, 4, 1, 3, 4, 1, 2, 4, 3, 1, 3, 1, 1, 4, 4, 2, 3, 2, 2, 2, 3, 4, 1, 4, 2, 4, 4, 4, 1, 3, 3, 2]|[0, 2, 0, 0, 3, 0, 1, 3, 0, 0, 2, 0, 1, 0, 1, 0, 0, 0, 1, 0, 0, 2, 0, 0, 1, 0, 0, 3, 0, 1, 0, 2, 0, 0, 3, 0, 1, 1, 0, 0, 0, 0, 1, 3, 0, 0, 1, 0, 2, 0, 0, 0, 0, 1, 1, 0, 1, 0, 1, 1, 0, 2, 0, 0, 0, 0, 0, 0, 0, 2, 0, 0, 1, 0, 0, 1, 0, 0, 3, 0, 0, 1, 2, 0, 0, 0, 0, 0, 3, 1, 0, 1, 0, 3, 1, 2, 0, 0, 0, 0],898.2543121797436,49876.04929822017,103886.08988387324,true
33,G3_TWC,G3_TWC,[31, 22, 82, 15, 26, 58, 95, 42, 77, 12, 47, 5, 93, 78, 98, 54, 85, 63, 18, 44, 20, 35, 43, 97, 91, 76, 10, 30, 21, 45, 71, 64, 1, 23, 17, 83, 24, 14, 60, 36, 6, 57, 94, 88, 65, 56, 79, 40, 67, 68, 46, 75, 38, 9, 19, 32, 81, 41, 27, 62, 87, 90, 99, 59, 11, 16, 72, 73, 70, 39, 37, 84, 3, 92, 25, 55, 28, 29, 51, 7, 33, 61, 86, 48, 89, 50, 66, 96, 53, 80, 4, 8, 34, 49, 52, 0, 13, 2, 69, 74]|[1, 1, 0, 1, 1, 1, 2, 1, 2, 1, 2, 2, 2, 1, 1, 0, 0, 1, 0, 2, 2, 0, 1, 2, 0, 1, 2, 2, 0, 0, 1, 2, 1, 2, 1, 0, 2, 0, 1, 1, 0, 1, 1, 1, 0, 2, 1, 1, 0, 0, 0, 0, 1, 1, 2, 1, 2, 0, 0, 0, 2, 1, 0, 1, 2, 1, 2, 1, 1, 1, 1, 1, 2, 0, 1, 1, 0, 0, 0, 1, 2, 1, 0, 0, 1, 0, 0, 0, 0, 0, 0, 1, 2, 0, 1, 0, 0, 0, 1, 2]|[4, 3, 2, 2, 0, 0, 2, 2, 2, 4, 1, 1, 2, 4, 4, 1, 1, 4, 2, 1, 1, 1, 1, 2, 1, 2, 1, 1, 1, 1, 3, 2, 3, 0, 4, 0, 1, 1, 0, 3, 2, 2, 4, 0, 1, 1, 0, 2, 0, 1, 2, 2, 1, 4, 0, 3, 2, 1, 1, 2, 1, 3, 1, 1, 1, 3, 0, 4, 3, 1, 4, 1, 1, 2, 4, 4, 2, 1, 1, 3, 1, 3, 1, 1, 1, 1, 1, 1, 2, 1, 2, 3, 1, 1, 1, 2, 2, 2, 3, 1]|[0, 2, 1, 1, 3, 3, 0, 1, 0, 0, 0, 0, 1, 0, 1, 0, 0, 3, 1, 0, 0, 0, 3, 1, 0, 2, 0, 0, 0, 1, 0, 0, 0, 0, 3, 0, 1, 0, 0, 2, 1, 1, 2, 0, 0, 0, 0, 1, 1, 0, 0, 0, 1, 3, 0, 0, 1, 0, 0, 1, 0, 2, 0, 1, 0, 2, 1, 0, 0, 1, 1, 3, 0, 1, 3, 3, 1, 0, 0, 2, 0, 0, 0, 0, 1, 0, 0, 0, 1, 0, 1, 2, 0, 1, 1, 0, 0, 0, 0, 0],805.5394456933803,58046.77716663049,89050.44506242599,false
33,G1_CMAX,G1_CMAX,[31, 22, 82, 15, 26, 99, 95, 42, 77, 12, 47, 5, 93, 78, 86, 54, 21, 63, 18, 44, 20, 35, 43, 97, 91, 76, 10, 30, 85, 45, 71, 64, 1, 23, 37, 83, 24, 14, 60, 36, 6, 57, 40, 88, 65, 56, 79, 94, 67, 68, 46, 75, 38, 9, 19, 32, 41, 81, 27, 87, 90, 58, 59, 11, 16, 72, 73, 70, 39, 17, 84, 3, 92, 25, 55, 48, 62, 29, 51, 96, 33, 61, 98, 28, 89, 50, 4, 7, 53, 80, 8, 66, 34, 49, 52, 0, 74, 69, 2, 13]|[1, 1, 0, 1, 1, 0, 1, 1, 2, 1, 2, 2, 2, 1, 1, 0, 0, 1, 0, 2, 2, 0, 1, 2, 0, 1, 2, 2, 0, 0, 1, 2, 1, 2, 1, 0, 2, 0, 1, 1, 0, 1, 1, 1, 0, 2, 1, 1, 0, 0, 0, 0, 1, 1, 2, 1, 0, 2, 0, 2, 1, 0, 1, 2, 1, 2, 1, 1, 1, 1, 1, 1, 0, 1, 2, 0, 0, 0, 0, 2, 2, 1, 2, 0, 1, 0, 1, 2, 0, 0, 1, 2, 2, 0, 1, 0, 2, 1, 0, 0]|[0, 3, 2, 2, 4, 1, 2, 3, 2, 4, 1, 1, 2, 4, 4, 1, 1, 4, 2, 1, 1, 1, 1, 2, 1, 2, 1, 1, 2, 1, 3, 2, 3, 1, 4, 0, 1, 1, 0, 3, 2, 2, 2, 0, 1, 1, 0, 4, 0, 1, 2, 2, 1, 4, 0, 3, 1, 1, 1, 1, 3, 1, 1, 1, 3, 0, 4, 3, 1, 4, 1, 1, 0, 4, 1, 1, 2, 1, 1, 1, 1, 3, 1, 2, 1, 1, 4, 1, 2, 1, 3, 1, 1, 1, 1, 2, 1, 4, 2, 2]|[0, 2, 1, 1, 3, 0, 1, 3, 0, 0, 0, 0, 1, 0, 1, 0, 0, 3, 1, 0, 0, 0, 3, 1, 0, 2, 0, 0, 0, 1, 0, 0, 0, 0, 3, 0, 1, 0, 0, 2, 1, 1, 1, 0, 0, 0, 0, 2, 1, 0, 0, 0, 1, 3, 0, 0, 0, 0, 0, 0, 2, 0, 1, 0, 2, 1, 0, 0, 1, 1, 3, 1, 1, 3, 0, 0, 1, 0, 0, 0, 0, 0, 0, 1, 1, 0, 0, 0, 1, 0, 2, 0, 0, 1, 1, 0, 0, 2, 0, 0],731.2476204416437,56586.27722209284,92825.60273597998,false
33,G4_BALANCED,G4_BALANCED,[31, 11, 82, 15, 26, 9, 95, 42, 77, 68, 47, 5, 93, 78, 86, 54, 85, 63, 18, 44, 20, 49, 36, 14, 74, 50, 53, 17, 21, 45, 71, 64, 3, 23, 30, 83, 24, 41, 60, 52, 65, 27, 90, 70, 39, 87, 48, 69, 99, 4, 46, 1, 13, 58, 97, 59, 28, 75, 73, 37, 35, 79, 22, 66, 76, 32, 40, 80, 96, 6, 61, 16, 33, 7, 57, 34, 12, 67, 10, 98, 56, 88, 29, 8, 91, 38, 19, 92, 0, 84, 51, 72, 81, 89, 25, 55, 94, 2, 43, 62]|[2, 1, 2, 1, 1, 2, 1, 1, 1, 1, 1, 0, 2, 2, 1, 2, 0, 0, 0, 2, 2, 1, 0, 2, 0, 2, 2, 1, 0, 1, 1, 1, 0, 0, 1, 0, 2, 1, 2, 2, 0, 0, 1, 1, 0, 2, 0, 2, 1, 0, 0, 2, 0, 0, 2, 0, 1, 1, 0, 0, 2, 1, 0, 1, 2, 0, 2, 2, 0, 1, 1, 2, 1, 2, 0, 1, 1, 1, 1, 2, 2, 1, 1, 0, 1, 0, 1, 0, 0, 0, 1, 1, 1, 1, 1, 0, 2, 2, 1, 1]|[0, 3, 0, 2, 4, 1, 4, 4, 2, 4, 3, 2, 1, 0, 2, 1, 1, 1, 2, 1, 1, 3, 0, 1, 0, 1, 1, 4, 1, 4, 3, 2, 2, 0, 4, 1, 1, 4, 0, 1, 2, 1, 4, 4, 1, 1, 0, 2, 3, 1, 2, 1, 2, 1, 1, 2, 4, 3, 0, 2, 2, 3, 1, 1, 1, 2, 0, 1, 2, 4, 3, 1, 4, 1, 2, 4, 3, 3, 3, 1, 1, 4, 3, 2, 3, 2, 4, 2, 2, 2, 3, 4, 4, 4, 4, 2, 1, 1, 4, 3]|[0, 2, 0, 1, 3, 0, 1, 3, 0, 0, 2, 0, 1, 0, 1, 0, 0, 0, 1, 0, 0, 2, 0, 0, 1, 0, 0, 3, 0, 1, 0, 2, 0, 1, 3, 0, 1, 3, 0, 0, 0, 0, 1, 3, 0, 0, 1, 0, 2, 0, 0, 0, 0, 0, 1, 0, 1, 0, 1, 1, 0, 2, 0, 2, 0, 0, 0, 0, 0, 2, 0, 0, 1, 0, 0, 1, 0, 0, 3, 0, 0, 1, 0, 0, 0, 0, 3, 0, 0, 0, 0, 2, 1, 1, 3, 0, 0, 0, 2, 0],851.3950062933596,51439.941474506384,111583.71672538936,false
33,G2_TEC,G4_BALANCED,[31, 22, 82, 15, 26, 9, 95, 42, 77, 68, 47, 5, 93, 78, 86, 54, 85, 63, 18, 44, 20, 49, 36, 14, 74, 50, 53, 17, 21, 28, 11, 64, 3, 23, 30, 83, 24, 41, 40, 52, 65, 27, 90, 70, 39, 87, 48, 69, 99, 4, 46, 1, 13, 58, 97, 59, 45, 8, 73, 37, 35, 79, 71, 66, 76, 32, 60, 80, 96, 6, 16, 61, 33, 7, 57, 34, 12, 67, 10, 98, 56, 88, 43, 75, 91, 38, 84, 92, 29, 19, 2, 72, 55, 25, 89, 81, 94, 51, 62, 0]|[2, 1, 2, 1, 1, 0, 1, 1, 1, 1, 1, 0, 2, 2, 1, 2, 0, 0, 0, 2, 2, 1, 0, 2, 0, 2, 2, 1, 0, 1, 1, 1, 0, 0, 1, 0, 2, 1, 2, 2, 0, 0, 1, 1, 0, 2, 0, 2, 1, 0, 0, 2, 0, 0, 2, 0, 1, 1, 0, 0, 2, 1, 1, 2, 2, 0, 2, 2, 0, 1, 2, 1, 1, 2, 0, 1, 1, 2, 1, 2, 2, 1, 1, 0, 1, 0, 0, 0, 1, 1, 2, 1, 0, 1, 1, 1, 2, 1, 1, 0]|[0, 3, 0, 3, 4, 1, 4, 4, 2, 4, 3, 2, 1, 0, 2, 1, 1, 1, 2, 1, 1, 3, 0, 1, 0, 1, 1, 4, 1, 4, 3, 2, 2, 0, 4, 1, 1, 4, 1, 1, 2, 1, 4, 4, 1, 1, 0, 2, 3, 2, 2, 1, 2, 1, 1, 2, 4, 3, 0, 2, 2, 3, 3, 1, 1, 2, 1, 1, 2, 4, 1, 3, 4, 1, 2, 4, 3, 1, 3, 1, 1, 4, 4, 2, 3, 2, 2, 2, 3, 4, 1, 4, 2, 4, 4, 4, 1, 3, 3, 2]|[0, 2, 0, 0, 3, 0, 1, 3, 0, 0, 2, 0, 1, 0, 1, 0, 0, 0, 1, 0, 0, 2, 0, 0, 1, 0, 0, 3, 0, 1, 0, 2, 0, 0, 3, 0, 1, 1, 0, 0, 0, 0, 1, 3, 0, 0, 1, 0, 2, 0, 0, 0, 0, 1, 1, 0, 1, 0, 1, 1, 0, 2, 0, 0, 0, 0, 0, 0, 0, 2, 0, 0, 1, 0, 0, 1, 0, 0, 3, 0, 0, 1, 2, 0, 0, 0, 0, 0, 3, 1, 0, 1, 0, 3, 1, 2, 0, 0, 0, 0],898.2543121797436,49876.04929822017,103886.08988387324,true
33,G3_TWC,G3_TWC,[31, 22, 82, 15, 26, 58, 95, 42, 77, 12, 47, 5, 93, 78, 98, 54, 85, 63, 18, 44, 20, 35, 43, 97, 91, 76, 10, 30, 21, 45, 71, 64, 1, 23, 17, 83, 24, 14, 60, 36, 6, 57, 94, 88, 65, 56, 79, 40, 67, 68, 46, 75, 38, 9, 19, 32, 81, 41, 27, 62, 87, 90, 99, 59, 11, 16, 72, 73, 70, 39, 37, 84, 3, 92, 25, 55, 28, 29, 51, 7, 33, 61, 86, 48, 89, 50, 66, 96, 53, 80, 4, 8, 34, 49, 52, 0, 13, 2, 69, 74]|[1, 1, 0, 1, 1, 1, 2, 1, 2, 1, 2, 2, 2, 1, 1, 0, 0, 1, 0, 2, 2, 0, 1, 2, 0, 1, 2, 2, 0, 0, 1, 2, 1, 2, 1, 0, 2, 0, 1, 1, 0, 1, 1, 1, 0, 2, 1, 1, 0, 0, 0, 0, 1, 1, 2, 1, 2, 0, 0, 0, 2, 1, 0, 1, 2, 1, 2, 1, 1, 1, 1, 1, 2, 0, 1, 1, 0, 0, 0, 1, 2, 1, 0, 0, 1, 0, 0, 0, 0, 0, 0, 1, 2, 0, 1, 0, 0, 0, 1, 2]|[4, 3, 2, 2, 0, 0, 2, 2, 2, 4, 1, 1, 2, 4, 4, 1, 1, 4, 2, 1, 1, 1, 1, 2, 1, 2, 1, 1, 1, 1, 3, 2, 3, 0, 4, 0, 1, 1, 0, 3, 2, 2, 4, 0, 1, 1, 0, 2, 0, 1, 2, 2, 1, 4, 0, 3, 2, 1, 1, 2, 1, 3, 1, 1, 1, 3, 0, 4, 3, 1, 4, 1, 1, 2, 4, 4, 2, 1, 1, 3, 1, 3, 1, 1, 1, 1, 1, 1, 2, 1, 2, 3, 1, 1, 1, 2, 2, 2, 3, 1]|[0, 2, 1, 1, 3, 3, 0, 1, 0, 0, 0, 0, 1, 0, 1, 0, 0, 3, 1, 0, 0, 0, 3, 1, 0, 2, 0, 0, 0, 1, 0, 0, 0, 0, 3, 0, 1, 0, 0, 2, 1, 1, 2, 0, 0, 0, 0, 1, 1, 0, 0, 0, 1, 3, 0, 0, 1, 0, 0, 1, 0, 2, 0, 1, 0, 2, 1, 0, 0, 1, 1, 3, 0, 1, 3, 3, 1, 0, 0, 2, 0, 0, 0, 0, 1, 0, 0, 0, 1, 0, 1, 2, 0, 1, 1, 0, 0, 0, 0, 0],805.5394456933803,58046.77716663049,89050.44506242599,false
33,G1_CMAX,G1_CMAX,[31, 22, 82, 15, 26, 99, 95, 42, 77, 12, 47, 5, 93, 78, 86, 54, 21, 63, 18, 44, 20, 35, 43, 97, 91, 76, 10, 30, 85, 45, 71, 64, 1, 23, 37, 83, 24, 14, 60, 36, 6, 57, 40, 88, 65, 56, 79, 94, 67, 68, 46, 75, 38, 9, 19, 32, 41, 81, 27, 87, 90, 58, 59, 11, 16, 72, 73, 70, 39, 17, 84, 3, 92, 25, 55, 48, 62, 29, 51, 96, 33, 61, 98, 28, 89, 50, 4, 7, 53, 80, 8, 66, 34, 49, 52, 0, 74, 69, 2, 13]|[1, 1, 0, 1, 1, 0, 1, 1, 2, 1, 2, 2, 2, 1, 1, 0, 0, 1, 0, 2, 2, 0, 1, 2, 0, 1, 2, 2, 0, 0, 1, 2, 1, 2, 1, 0, 2, 0, 1, 1, 0, 1, 1, 1, 0, 2, 1, 1, 0, 0, 0, 0, 1, 1, 2, 1, 0, 2, 0, 2, 1, 0, 1, 2, 1, 2, 1, 1, 1, 1, 1, 1, 0, 1, 2, 0, 0, 0, 0, 2, 2, 1, 2, 0, 1, 0, 1, 2, 0, 0, 1, 2, 2, 0, 1, 0, 2, 1, 0, 0]|[0, 3, 2, 2, 4, 1, 2, 3, 2, 4, 1, 1, 2, 4, 4, 1, 1, 4, 2, 1, 1, 1, 1, 2, 1, 2, 1, 1, 2, 1, 3, 2, 3, 1, 4, 0, 1, 1, 0, 3, 2, 2, 2, 0, 1, 1, 0, 4, 0, 1, 2, 2, 1, 4, 0, 3, 1, 1, 1, 1, 3, 1, 1, 1, 3, 0, 4, 3, 1, 4, 1, 1, 0, 4, 1, 1, 2, 1, 1, 1, 1, 3, 1, 2, 1, 1, 4, 1, 2, 1, 3, 1, 1, 1, 1, 2, 1, 4, 2, 2]|[0, 2, 1, 1, 3, 0, 1, 3, 0, 0, 0, 0, 1, 0, 1, 0, 0, 3, 1, 0, 0, 0, 3, 1, 0, 2, 0, 0, 0, 1, 0, 0, 0, 0, 3, 0, 1, 0, 0, 2, 1, 1, 1, 0, 0, 0, 0, 2, 1, 0, 0, 0, 1, 3, 0, 0, 0, 0, 0, 0, 2, 0, 1, 0, 2, 1, 0, 0, 1, 1, 3, 1, 1, 3, 0, 0, 1, 0, 0, 0, 0, 0, 0, 1, 1, 0, 0, 0, 1, 0, 2, 0, 0, 1, 1, 0, 0, 2, 0, 0],731.2476204416437,56586.27722209284,92825.60273597998,false
33,G4_BALANCED,G4_BALANCED,[31, 11, 82, 15, 26, 9, 95, 42, 77, 68, 47, 5, 93, 78, 86, 54, 85, 63, 18, 44, 20, 49, 36, 14, 74, 50, 53, 17, 21, 45, 71, 64, 3, 23, 30, 83, 24, 41, 60, 52, 65, 27, 90, 70, 39, 87, 48, 69, 99, 4, 46, 1, 13, 58, 97, 59, 28, 75, 73, 37, 35, 79, 22, 66, 76, 32, 40, 80, 96, 6, 61, 16, 33, 7, 57, 34, 12, 67, 10, 98, 56, 88, 29, 8, 91, 38, 19, 92, 0, 84, 51, 72, 81, 89, 25, 55, 94, 2, 43, 62]|[2, 1, 2, 1, 1, 2, 1, 1, 1, 1, 1, 0, 2, 2, 1, 2, 0, 0, 0, 2, 2, 1, 0, 2, 0, 2, 2, 1, 0, 1, 1, 1, 0, 0, 1, 0, 2, 1, 2, 2, 0, 0, 1, 1, 0, 2, 0, 2, 1, 0, 0, 2, 0, 0, 2, 0, 1, 1, 0, 0, 2, 1, 0, 1, 2, 0, 2, 2, 0, 1, 1, 2, 1, 2, 0, 1, 1, 1, 1, 2, 2, 1, 1, 0, 1, 0, 1, 0, 0, 0, 1, 1, 1, 1, 1, 0, 2, 2, 1, 1]|[0, 3, 0, 2, 4, 1, 4, 4, 2, 4, 3, 2, 1, 0, 2, 1, 1, 1, 2, 1, 1, 3, 0, 1, 0, 1, 1, 4, 1, 4, 3, 2, 2, 0, 4, 1, 1, 4, 0, 1, 2, 1, 4, 4, 1, 1, 0, 2, 3, 1, 2, 1, 2, 1, 1, 2, 4, 3, 0, 2, 2, 3, 1, 1, 1, 2, 0, 1, 2, 4, 3, 1, 4, 1, 2, 4, 3, 3, 3, 1, 1, 4, 3, 2, 3, 2, 4, 2, 2, 2, 3, 4, 4, 4, 4, 2, 1, 1, 4, 3]|[0, 2, 0, 1, 3, 0, 1, 3, 0, 0, 2, 0, 1, 0, 1, 0, 0, 0, 1, 0, 0, 2, 0, 0, 1, 0, 0, 3, 0, 1, 0, 2, 0, 1, 3, 0, 1, 3, 0, 0, 0, 0, 1, 3, 0, 0, 1, 0, 2, 0, 0, 0, 0, 0, 1, 0, 1, 0, 1, 1, 0, 2, 0, 2, 0, 0, 0, 0, 0, 2, 0, 0, 1, 0, 0, 1, 0, 0, 3, 0, 0, 1, 0, 0, 0, 0, 3, 0, 0, 0, 0, 2, 1, 1, 3, 0, 0, 0, 2, 0],851.3950062933596,51439.941474506384,111583.71672538936,false
33,G2_TEC,G4_BALANCED,[31, 22, 82, 15, 26, 9, 95, 42, 75, 68, 47, 5, 93, 78, 86, 54, 85, 63, 18, 44, 20, 49, 36, 14, 74, 50, 53, 17, 21, 28, 11, 64, 3, 23, 30, 83, 24, 41, 60, 52, 65, 27, 90, 70, 39, 87, 48, 69, 99, 4, 46, 1, 13, 58, 97, 59, 45, 8, 73, 37, 35, 79, 71, 66, 76, 32, 40, 80, 56, 6, 67, 61, 33, 7, 57, 34, 12, 16, 10, 98, 96, 88, 43, 77, 91, 38, 84, 92, 29, 19, 51, 55, 72, 89, 2, 81, 94, 25, 62, 0]|[2, 1, 2, 1, 1, 2, 1, 1, 1, 1, 1, 0, 2, 2, 1, 2, 0, 0, 0, 2, 2, 1, 0, 2, 0, 2, 2, 1, 0, 1, 1, 1, 0, 0, 1, 0, 2, 1, 2, 2, 0, 0, 1, 1, 0, 2, 0, 2, 1, 0, 0, 2, 0, 0, 1, 0, 1, 1, 0, 0, 2, 1, 1, 2, 2, 0, 2, 2, 2, 1, 2, 1, 1, 2, 0, 1, 1, 1, 1, 2, 0, 1, 1, 0, 1, 0, 0, 0, 1, 1, 1, 0, 1, 1, 2, 1, 2, 1, 1, 0]|[0, 3, 0, 3, 4, 1, 4, 4, 2, 4, 3, 2, 1, 0, 2, 1, 1, 1, 2, 1, 1, 3, 0, 1, 0, 1, 1, 4, 1, 4, 3, 2, 2, 0, 4, 1, 1, 4, 1, 1, 2, 1, 4, 4, 1, 1, 0, 2, 3, 2, 2, 1, 2, 1, 4, 2, 4, 3, 0, 2, 2, 3, 3, 1, 1, 2, 1, 1, 1, 4, 1, 3, 4, 1, 2, 4, 3, 3, 3, 1, 2, 4, 4, 2, 3, 2, 2, 2, 3, 4, 3, 2, 4, 4, 1, 4, 1, 4, 3, 2]|[0, 2, 0, 0, 3, 0, 1, 3, 0, 0, 2, 0, 1, 0, 1, 0, 0, 0, 1, 0, 0, 2, 0, 0, 1, 0, 0, 3, 0, 1, 0, 2, 0, 0, 3, 0, 1, 1, 0, 0, 0, 0, 1, 3, 0, 0, 1, 0, 2, 0, 0, 0, 0, 0, 1, 0, 1, 0, 1, 1, 0, 2, 0, 0, 0, 0, 0, 0, 0, 2, 0, 0, 1, 0, 0, 1, 0, 0, 3, 0, 0, 1, 2, 0, 0, 0, 0, 0, 3, 1, 0, 0, 1, 1, 0, 2, 0, 3, 0, 0],901.2405039769756,49450.99887207675,108249.78576279858,true
33,G3_TWC,G3_TWC,[31, 22, 82, 15, 26, 58, 95, 42, 77, 12, 47, 5, 93, 78, 98, 54, 85, 63, 18, 44, 20, 35, 43, 97, 91, 76, 10, 30, 21, 45, 71, 64, 1, 23, 17, 83, 24, 14, 60, 36, 6, 57, 94, 88, 65, 56, 79, 40, 67, 68, 46, 75, 38, 9, 19, 32, 81, 41, 27, 62, 87, 90, 99, 59, 11, 16, 72, 73, 70, 39, 37, 84, 3, 92, 25, 55, 28, 29, 51, 7, 33, 61, 86, 48, 89, 50, 66, 96, 53, 80, 4, 8, 34, 49, 52, 0, 13, 2, 69, 74]|[1, 1, 0, 1, 1, 1, 2, 1, 2, 1, 2, 2, 2, 1, 1, 0, 0, 1, 0, 2, 2, 0, 1, 2, 0, 1, 2, 2, 0, 0, 1, 2, 1, 2, 1, 0, 2, 0, 1, 1, 0, 1, 1, 1, 0, 2, 1, 1, 0, 0, 0, 0, 1, 1, 2, 1, 2, 0, 0, 0, 2, 1, 0, 1, 2, 1, 2, 1, 1, 1, 1, 1, 2, 0, 1, 1, 0, 0, 0, 1, 2, 1, 0, 0, 1, 0, 0, 0, 0, 0, 0, 1, 2, 0, 1, 0, 0, 0, 1, 2]|[4, 3, 2, 2, 0, 0, 2, 2, 2, 4, 1, 1, 2, 4, 4, 1, 1, 4, 2, 1, 1, 1, 1, 2, 1, 2, 1, 1, 1, 1, 3, 2, 3, 0, 4, 0, 1, 1, 0, 3, 2, 2, 4, 0, 1, 1, 0, 2, 0, 1, 2, 2, 1, 4, 0, 3, 2, 1, 1, 2, 1, 3, 1, 1, 1, 3, 0, 4, 3, 1, 4, 1, 1, 2, 4, 4, 2, 1, 1, 3, 1, 3, 1, 1, 1, 1, 1, 1, 2, 1, 2, 3, 1, 1, 1, 2, 2, 2, 3, 1]|[0, 2, 1, 1, 3, 3, 0, 1, 0, 0, 0, 0, 1, 0, 1, 0, 0, 3, 1, 0, 0, 0, 3, 1, 0, 2, 0, 0, 0, 1, 0, 0, 0, 0, 3, 0, 1, 0, 0, 2, 1, 1, 2, 0, 0, 0, 0, 1, 1, 0, 0, 0, 1, 3, 0, 0, 1, 0, 0, 1, 0, 2, 0, 1, 0, 2, 1, 0, 0, 1, 1, 3, 0, 1, 3, 3, 1, 0, 0, 2, 0, 0, 0, 0, 1, 0, 0, 0, 1, 0, 1, 2, 0, 1, 1, 0, 0, 0, 0, 0],805.5394456933803,58046.77716663049,89050.44506242599,false
33,G1_CMAX,G1_CMAX,[31, 22, 82, 15, 26, 99, 95, 42, 77, 12, 47, 5, 93, 78, 86, 54, 21, 63, 18, 44, 20, 35, 43, 97, 91, 76, 10, 30, 85, 45, 71, 64, 1, 23, 37, 83, 24, 14, 60, 36, 6, 57, 40, 88, 65, 56, 79, 94, 67, 68, 46, 75, 38, 9, 19, 32, 41, 81, 27, 87, 90, 58, 59, 11, 16, 72, 73, 70, 39, 17, 84, 3, 92, 25, 55, 48, 62, 29, 51, 96, 33, 61, 98, 28, 89, 50, 4, 7, 53, 80, 8, 66, 34, 49, 52, 0, 74, 69, 2, 13]|[1, 1, 0, 1, 1, 0, 1, 1, 2, 1, 2, 2, 2, 1, 1, 0, 0, 1, 0, 2, 2, 0, 1, 2, 0, 1, 2, 2, 0, 0, 1, 2, 1, 2, 1, 0, 2, 0, 1, 1, 0, 1, 1, 1, 0, 2, 1, 1, 0, 0, 0, 0, 1, 1, 2, 1, 0, 2, 0, 2, 1, 0, 1, 2, 1, 2, 1, 1, 1, 1, 1, 1, 0, 1, 2, 0, 0, 0, 0, 2, 2, 1, 2, 0, 1, 0, 1, 2, 0, 0, 1, 2, 2, 0, 1, 0, 2, 1, 0, 0]|[0, 3, 2, 2, 4, 1, 2, 3, 2, 4, 1, 1, 2, 4, 4, 1, 1, 4, 2, 1, 1, 1, 1, 2, 1, 2, 1, 1, 2, 1, 3, 2, 3, 1, 4, 0, 1, 1, 0, 3, 2, 2, 2, 0, 1, 1, 0, 4, 0, 1, 2, 2, 1, 4, 0, 3, 1, 1, 1, 1, 3, 1, 1, 1, 3, 0, 4, 3, 1, 4, 1, 1, 0, 4, 1, 1, 2, 1, 1, 1, 1, 3, 1, 2, 1, 1, 4, 1, 2, 1, 3, 1, 1, 1, 1, 2, 1, 4, 2, 2]|[0, 2, 1, 1, 3, 0, 1, 3, 0, 0, 0, 0, 1, 0, 1, 0, 0, 3, 1, 0, 0, 0, 3, 1, 0, 2, 0, 0, 0, 1, 0, 0, 0, 0, 3, 0, 1, 0, 0, 2, 1, 1, 1, 0, 0, 0, 0, 2, 1, 0, 0, 0, 1, 3, 0, 0, 0, 0, 0, 0, 2, 0, 1, 0, 2, 1, 0, 0, 1, 1, 3, 1, 1, 3, 0, 0, 1, 0, 0, 0, 0, 0, 0, 1, 1, 0, 0, 0, 1, 0, 2, 0, 0, 1, 1, 0, 0, 2, 0, 0],731.2476204416437,56586.27722209284,92825.60273597998,false
33,G4_BALANCED,G3_TWC,[31, 22, 82, 15, 26, 58, 95, 80, 77, 12, 47, 5, 93, 78, 98, 54, 85, 63, 18, 44, 20, 35, 43, 97, 91, 76, 10, 30, 21, 45, 71, 64, 1, 23, 17, 83, 24, 14, 60, 36, 6, 57, 94, 88, 65, 56, 79, 40, 67, 68, 46, 75, 38, 9, 19, 32, 81, 41, 27, 62, 87, 90, 99, 59, 11, 16, 72, 73, 70, 39, 37, 84, 3, 92, 25, 55, 28, 29, 51, 7, 33, 61, 86, 66, 89, 50, 48, 96, 53, 42, 8, 4, 34, 49, 52, 2, 13, 0, 69, 74]|[1, 1, 0, 1, 1, 1, 2, 0, 2, 1, 2, 2, 2, 1, 1, 0, 0, 1, 0, 2, 2, 0, 1, 2, 0, 1, 2, 2, 0, 0, 1, 2, 1, 2, 1, 0, 2, 0, 1, 1, 0, 1, 1, 1, 0, 2, 1, 1, 0, 0, 0, 0, 1, 1, 2, 1, 2, 0, 0, 0, 2, 1, 0, 1, 2, 1, 2, 1, 1, 1, 1, 1, 2, 0, 1, 1, 0, 0, 0, 1, 2, 1, 0, 2, 1, 0, 0, 0, 0, 0, 1, 0, 2, 0, 1, 0, 0, 0, 1, 2]|[4, 3, 2, 2, 0, 0, 2, 1, 2, 4, 1, 1, 2, 4, 4, 1, 1, 4, 2, 1, 1, 1, 1, 2, 1, 2, 1, 1, 1, 1, 3, 2, 3, 0, 4, 0, 1, 1, 0, 3, 2, 2, 4, 0, 1, 1, 0, 2, 0, 1, 2, 2, 1, 4, 0, 3, 2, 1, 1, 2, 1, 3, 1, 1, 1, 3, 0, 4, 3, 1, 4, 1, 1, 2, 4, 4, 2, 1, 1, 3, 1, 3, 1, 1, 1, 1, 1, 1, 2, 1, 4, 2, 1, 1, 1, 2, 2, 2, 3, 1]|[0, 2, 1, 1, 3, 3, 0, 0, 0, 0, 0, 0, 1, 0, 1, 0, 0, 3, 1, 0, 0, 0, 3, 1, 0, 2, 0, 0, 0, 1, 0, 0, 0, 0, 3, 0, 1, 0, 0, 2, 1, 1, 2, 0, 0, 0, 0, 1, 1, 0, 0, 0, 1, 3, 0, 0, 1, 0, 0, 1, 0, 2, 0, 1, 0, 2, 1, 0, 0, 1, 1, 3, 0, 1, 3, 3, 1, 0, 0, 2, 0, 0, 0, 0, 1, 0, 0, 0, 1, 0, 2, 1, 0, 1, 1, 0, 0, 0, 0, 0],837.5353282682388,57566.811123018866,89883.22765198295,true
33,G2_TEC,G2_TEC,[31, 22, 82, 15, 26, 9, 95, 42, 77, 68, 47, 5, 93, 78, 86, 54, 85, 63, 18, 44, 20, 49, 36, 14, 74, 50, 53, 17, 21, 28, 11, 64, 3, 23, 30, 83, 24, 41, 40, 52, 65, 27, 90, 70, 39, 87, 48, 69, 99, 4, 75, 1, 13, 58, 97, 59, 45, 8, 73, 37, 35, 79, 71, 66, 76, 32, 60, 80, 56, 6, 67, 61, 33, 7, 57, 34, 12, 16, 10, 98, 96, 88, 43, 46, 91, 38, 84, 92, 29, 19, 51, 72, 81, 25, 89, 55, 94, 2, 62, 0]|[2, 1, 2, 1, 1, 2, 1, 1, 1, 1, 1, 0, 2, 2, 1, 2, 0, 0, 0, 2, 2, 1, 0, 2, 0, 2, 2, 1, 0, 1, 1, 1, 0, 0, 1, 0, 2, 1, 2, 2, 0, 0, 1, 1, 0, 2, 0, 2, 1, 0, 0, 2, 0, 0, 2, 0, 1, 1, 0, 0, 2, 1, 1, 2, 2, 0, 2, 2, 2, 1, 2, 1, 1, 2, 0, 1, 1, 2, 1, 2, 0, 1, 1, 0, 1, 0, 0, 0, 1, 1, 1, 1, 1, 1, 1, 0, 2, 2, 1, 0]|[0, 3, 0, 3, 4, 1, 4, 4, 2, 4, 3, 2, 1, 0, 2, 1, 1, 1, 2, 1, 1, 3, 0, 1, 0, 1, 1, 4, 1, 4, 3, 2, 2, 0, 4, 1, 1, 4, 1, 1, 2, 1, 4, 4, 1, 1, 0, 2, 3, 2, 2, 1, 2, 1, 1, 2, 4, 3, 0, 2, 2, 3, 3, 1, 1, 2, 1, 1, 1, 4, 1, 3, 4, 1, 2, 4, 3, 1, 3, 1, 2, 4, 4, 2, 3, 2, 2, 2, 3, 4, 3, 4, 4, 4, 4, 2, 1, 1, 3, 2]|[0, 2, 0, 0, 3, 0, 1, 3, 0, 0, 2, 0, 1, 0, 1, 0, 0, 0, 1, 0, 0, 2, 0, 0, 1, 0, 0, 3, 0, 1, 0, 2, 0, 0, 3, 0, 1, 1, 0, 0, 0, 0, 1, 3, 0, 0, 1, 0, 2, 0, 0, 0, 0, 0, 1, 0, 1, 0, 1, 1, 0, 2, 0, 0, 0, 0, 0, 0, 0, 2, 0, 0, 1, 0, 0, 1, 0, 0, 3, 0, 0, 1, 2, 0, 0, 0, 0, 0, 3, 1, 0, 1, 2, 3, 1, 0, 0, 0, 0, 0],908.8272556494078,49271.80918042497,107420.98859684674,false
33,G3_TWC,G3_TWC,[31, 22, 82, 15, 26, 58, 95, 42, 77, 12, 47, 5, 93, 78, 98, 54, 85, 63, 18, 44, 20, 35, 43, 97, 91, 76, 10, 30, 21, 45, 71, 64, 1, 23, 17, 83, 24, 14, 60, 36, 6, 57, 94, 88, 65, 56, 79, 40, 67, 68, 46, 75, 38, 9, 19, 32, 81, 41, 27, 62, 87, 90, 99, 59, 11, 16, 72, 73, 70, 39, 37, 84, 3, 92, 25, 55, 28, 29, 51, 7, 33, 61, 86, 48, 89, 50, 66, 96, 53, 80, 4, 8, 34, 49, 52, 0, 13, 2, 69, 74]|[1, 1, 0, 1, 1, 1, 2, 1, 2, 1, 2, 2, 2, 1, 1, 0, 0, 1, 0, 2, 2, 0, 1, 2, 0, 1, 2, 2, 0, 0, 1, 2, 1, 2, 1, 0, 2, 0, 1, 1, 0, 1, 1, 1, 0, 2, 1, 1, 0, 0, 0, 0, 1, 1, 2, 1, 2, 0, 0, 0, 2, 1, 0, 1, 2, 1, 2, 1, 1, 1, 1, 1, 2, 0, 1, 1, 0, 0, 0, 1, 2, 1, 0, 0, 1, 0, 0, 0, 0, 0, 0, 1, 2, 0, 1, 0, 0, 0, 1, 2]|[4, 3, 2, 2, 0, 0, 2, 2, 2, 4, 1, 1, 2, 4, 4, 1, 1, 4, 2, 1, 1, 1, 1, 2, 1, 2, 1, 1, 1, 1, 3, 2, 3, 0, 4, 0, 1, 1, 0, 3, 2, 2, 4, 0, 1, 1, 0, 2, 0, 1, 2, 2, 1, 4, 0, 3, 2, 1, 1, 2, 1, 3, 1, 1, 1, 3, 0, 4, 3, 1, 4, 1, 1, 2, 4, 4, 2, 1, 1, 3, 1, 3, 1, 1, 1, 1, 1, 1, 2, 1, 2, 3, 1, 1, 1, 2, 2, 2, 3, 1]|[0, 2, 1, 1, 3, 3, 0, 1, 0, 0, 0, 0, 1, 0, 1, 0, 0, 3, 1, 0, 0, 0, 3, 1, 0, 2, 0, 0, 0, 1, 0, 0, 0, 0, 3, 0, 1, 0, 0, 2, 1, 1, 2, 0, 0, 0, 0, 1, 1, 0, 0, 0, 1, 3, 0, 0, 1, 0, 0, 1, 0, 2, 0, 1, 0, 2, 1, 0, 0, 1, 1, 3, 0, 1, 3, 3, 1, 0, 0, 2, 0, 0, 0, 0, 1, 0, 0, 0, 1, 0, 1, 2, 0, 1, 1, 0, 0, 0, 0, 0],805.5394456933803,58046.77716663049,89050.44506242599,false
33,G1_CMAX,G1_CMAX,[31, 22, 82, 15, 26, 99, 95, 42, 77, 12, 47, 5, 93, 78, 86, 54, 21, 63, 18, 44, 20, 35, 43, 97, 91, 76, 10, 30, 85, 45, 71, 64, 1, 23, 37, 83, 24, 14, 60, 36, 6, 57, 40, 88, 65, 56, 79, 94, 67, 68, 46, 75, 38, 9, 19, 32, 41, 81, 27, 87, 90, 58, 59, 11, 16, 72, 73, 70, 39, 17, 84, 3, 92, 25, 55, 48, 62, 29, 51, 96, 33, 61, 98, 28, 89, 50, 4, 7, 53, 80, 8, 66, 34, 49, 52, 0, 74, 69, 2, 13]|[1, 1, 0, 1, 1, 0, 1, 1, 2, 1, 2, 2, 2, 1, 1, 0, 0, 1, 0, 2, 2, 0, 1, 2, 0, 1, 2, 2, 0, 0, 1, 2, 1, 2, 1, 0, 2, 0, 1, 1, 0, 1, 1, 1, 0, 2, 1, 1, 0, 0, 0, 0, 1, 1, 2, 1, 0, 2, 0, 2, 1, 0, 1, 2, 1, 2, 1, 1, 1, 1, 1, 1, 0, 1, 2, 0, 0, 0, 0, 2, 2, 1, 2, 0, 1, 0, 1, 2, 0, 0, 1, 2, 2, 0, 1, 0, 2, 1, 0, 0]|[0, 3, 2, 2, 4, 1, 2, 3, 2, 4, 1, 1, 2, 4, 4, 1, 1, 4, 2, 1, 1, 1, 1, 2, 1, 2, 1, 1, 2, 1, 3, 2, 3, 1, 4, 0, 1, 1, 0, 3, 2, 2, 2, 0, 1, 1, 0, 4, 0, 1, 2, 2, 1, 4, 0, 3, 1, 1, 1, 1, 3, 1, 1, 1, 3, 0, 4, 3, 1, 4, 1, 1, 0, 4, 1, 1, 2, 1, 1, 1, 1, 3, 1, 2, 1, 1, 4, 1, 2, 1, 3, 1, 1, 1, 1, 2, 1, 4, 2, 2]|[0, 2, 1, 1, 3, 0, 1, 3, 0, 0, 0, 0, 1, 0, 1, 0, 0, 3, 1, 0, 0, 0, 3, 1, 0, 2, 0, 0, 0, 1, 0, 0, 0, 0, 3, 0, 1, 0, 0, 2, 1, 1, 1, 0, 0, 0, 0, 2, 1, 0, 0, 0, 1, 3, 0, 0, 0, 0, 0, 0, 2, 0, 1, 0, 2, 1, 0, 0, 1, 1, 3, 1, 1, 3, 0, 0, 1, 0, 0, 0, 0, 0, 0, 1, 1, 0, 0, 0, 1, 0, 2, 0, 0, 1, 1, 0, 0, 2, 0, 0],731.2476204416437,56586.27722209284,92825.60273597998,false
33,G4_BALANCED,G4_BALANCED,[31, 22, 82, 15, 26, 58, 95, 42, 77, 12, 47, 5, 30, 78, 86, 54, 85, 63, 18, 44, 20, 35, 43, 97, 91, 76, 10, 93, 21, 45, 71, 64, 1, 23, 17, 83, 24, 14, 60, 36, 6, 57, 40, 88, 65, 56, 79, 94, 67, 68, 46, 75, 38, 9, 19, 32, 81, 41, 27, 62, 90, 99, 59, 87, 11, 66, 73, 70, 39, 37, 84, 3, 72, 25, 55, 16, 28, 29, 51, 7, 92, 61, 98, 48, 33, 50, 4, 96, 53, 80, 8, 89, 34, 2, 52, 13, 0, 69, 74, 49]|[1, 1, 0, 1, 1, 0, 1, 2, 2, 1, 2, 2, 2, 1, 1, 0, 0, 1, 0, 2, 2, 0, 1, 2, 0, 1, 2, 2, 0, 0, 1, 2, 1, 2, 1, 0, 2, 0, 1, 1, 0, 1, 1, 1, 0, 2, 1, 1, 0, 0, 0, 0, 1, 1, 2, 1, 0, 2, 0, 2, 1, 0, 1, 2, 2, 2, 1, 1, 1, 1, 1, 1, 2, 1, 1, 0, 0, 0, 0, 1, 2, 1, 2, 0, 1, 0, 1, 2, 0, 0, 0, 1, 2, 0, 1, 0, 0, 1, 2, 0]|[4, 3, 2, 2, 4, 1, 2, 2, 2, 4, 1, 1, 2, 4, 4, 1, 2, 4, 2, 1, 1, 1, 1, 2, 1, 2, 1, 1, 1, 1, 3, 2, 3, 1, 4, 0, 1, 1, 0, 3, 2, 2, 2, 0, 1, 1, 0, 4, 0, 1, 2, 2, 1, 4, 0, 3, 1, 1, 1, 1, 3, 1, 1, 1, 1, 1, 4, 3, 1, 4, 1, 1, 1, 4, 4, 2, 2, 2, 1, 1, 1, 3, 1, 1, 1, 1, 4, 1, 2, 1, 1, 1, 1, 2, 1, 2, 2, 4, 1, 1]|[0, 2, 1, 1, 3, 0, 1, 0, 0, 0, 0, 0, 1, 0, 1, 0, 0, 3, 1, 0, 0, 0, 3, 1, 0, 2, 0, 0, 0, 1, 0, 0, 0, 0, 3, 0, 1, 0, 0, 2, 1, 1, 1, 0, 0, 0, 0, 2, 1, 0, 0, 0, 1, 3, 0, 0, 0, 0, 0, 0, 2, 0, 1, 0, 0, 0, 0, 0, 1, 1, 3, 1, 0, 3, 3, 1, 1, 0, 0, 2, 0, 0, 0, 0, 1, 0, 0, 0, 1, 0, 0, 1, 0, 0, 1, 0, 0, 2, 0, 1],815.9382298603316,55074.479227271986,99598.30336368816,false
33,G2_TEC,G2_TEC,[31, 22, 82, 15, 26, 9, 95, 42, 77, 68, 47, 5, 93, 78, 86, 54, 85, 63, 18, 44, 20, 49, 36, 14, 74, 50, 53, 17, 21, 28, 11, 64, 3, 23, 30, 83, 24, 41, 40, 52, 65, 27, 90, 70, 39, 87, 48, 69, 99, 4, 75, 1, 13, 58, 97, 59, 45, 8, 73, 37, 35, 79, 71, 66, 76, 32, 60, 80, 56, 6, 67, 61, 33, 7, 57, 34, 12, 16, 10, 98, 96, 88, 43, 46, 91, 38, 84, 92, 29, 19, 51, 72, 81, 25, 89, 55, 94, 2, 62, 0]|[2, 1, 2, 1, 1, 2, 1, 1, 1, 1, 1, 0, 2, 2, 1, 2, 0, 0, 0, 2, 2, 1, 0, 2, 0, 2, 2, 1, 0, 1, 1, 1, 0, 0, 1, 0, 2, 1, 2, 2, 0, 0, 1, 1, 0, 2, 0, 2, 1, 0, 0, 2, 0, 0, 2, 0, 1, 1, 0, 0, 2, 1, 1, 2, 2, 0, 2, 2, 2, 1, 2, 1, 1, 2, 0, 1, 1, 2, 1, 2, 0, 1, 1, 0, 1, 0, 0, 0, 1, 1, 1, 1, 1, 1, 1, 0, 2, 2, 1, 0]|[0, 3, 0, 3, 4, 1, 4, 4, 2, 4, 3, 2, 1, 0, 2, 1, 1, 1, 2, 1, 1, 3, 0, 1, 0, 1, 1, 4, 1, 4, 3, 2, 2, 0, 4, 1, 1, 4, 1, 1, 2, 1, 4, 4, 1, 1, 0, 2, 3, 2, 2, 1, 2, 1, 1, 2, 4, 3, 0, 2, 2, 3, 3, 1, 1, 2, 1, 1, 1, 4, 1, 3, 4, 1, 2, 4, 3, 1, 3, 1, 2, 4, 4, 2, 3, 2, 2, 2, 3, 4, 3, 4, 4, 4, 4, 2, 1, 1, 3, 2]|[0, 2, 0, 0, 3, 0, 1, 3, 0, 0, 2, 0, 1, 0, 1, 0, 0, 0, 1, 0, 0, 2, 0, 0, 1, 0, 0, 3, 0, 1, 0, 2, 0, 0, 3, 0, 1, 1, 0, 0, 0, 0, 1, 3, 0, 0, 1, 0, 2, 0, 0, 0, 0, 0, 1, 0, 1, 0, 1, 1, 0, 2, 0, 0, 0, 0, 0, 0, 0, 2, 0, 0, 1, 0, 0, 1, 0, 0, 3, 0, 0, 1, 2, 0, 0, 0, 0, 0, 3, 1, 0, 1, 2, 3, 1, 0, 0, 0, 0, 0],908.8272556494078,49271.80918042497,107420.98859684674,false
33,G3_TWC,G3_TWC,[31, 22, 82, 15, 26, 58, 95, 42, 77, 12, 47, 5, 93, 78, 98, 54, 85, 63, 18, 44, 20, 35, 43, 97, 91, 76, 10, 30, 21, 45, 71, 64, 1, 23, 17, 83, 24, 14, 60, 36, 6, 57, 94, 88, 65, 56, 79, 40, 67, 68, 46, 75, 38, 9, 19, 32, 81, 41, 27, 62, 87, 90, 99, 59, 11, 16, 72, 73, 70, 39, 37, 84, 3, 92, 25, 55, 28, 29, 51, 7, 33, 61, 86, 48, 89, 50, 66, 96, 53, 80, 4, 8, 34, 49, 52, 0, 13, 2, 69, 74]|[1, 1, 0, 1, 1, 1, 2, 1, 2, 1, 2, 2, 2, 1, 1, 0, 0, 1, 0, 2, 2, 0, 1, 2, 0, 1, 2, 2, 0, 0, 1, 2, 1, 2, 1, 0, 2, 0, 1, 1, 0, 1, 1, 1, 0, 2, 1, 1, 0, 0, 0, 0, 1, 1, 2, 1, 2, 0, 0, 0, 2, 1, 0, 1, 2, 1, 2, 1, 1, 1, 1, 1, 2, 0, 1, 1, 0, 0, 0, 1, 2, 1, 0, 0, 1, 0, 0, 0, 0, 0, 0, 1, 2, 0, 1, 0, 0, 0, 1, 2]|[4, 3, 2, 2, 0, 0, 2, 2, 2, 4, 1, 1, 2, 4, 4, 1, 1, 4, 2, 1, 1, 1, 1, 2, 1, 2, 1, 1, 1, 1, 3, 2, 3, 0, 4, 0, 1, 1, 0, 3, 2, 2, 4, 0, 1, 1, 0, 2, 0, 1, 2, 2, 1, 4, 0, 3, 2, 1, 1, 2, 1, 3, 1, 1, 1, 3, 0, 4, 3, 1, 4, 1, 1, 2, 4, 4, 2, 1, 1, 3, 1, 3, 1, 1, 1, 1, 1, 1, 2, 1, 2, 3, 1, 1, 1, 2, 2, 2, 3, 1]|[0, 2, 1, 1, 3, 3, 0, 1, 0, 0, 0, 0, 1, 0, 1, 0, 0, 3, 1, 0, 0, 0, 3, 1, 0, 2, 0, 0, 0, 1, 0, 0, 0, 0, 3, 0, 1, 0, 0, 2, 1, 1, 2, 0, 0, 0, 0, 1, 1, 0, 0, 0, 1, 3, 0, 0, 1, 0, 0, 1, 0, 2, 0, 1, 0, 2, 1, 0, 0, 1, 1, 3, 0, 1, 3, 3, 1, 0, 0, 2, 0, 0, 0, 0, 1, 0, 0, 0, 1, 0, 1, 2, 0, 1, 1, 0, 0, 0, 0, 0],805.5394456933803,58046.77716663049,89050.44506242599,false
33,G1_CMAX,G1_CMAX,[31, 22, 82, 15, 26, 99, 95, 42, 77, 12, 47, 5, 93, 78, 86, 54, 21, 63, 18, 44, 20, 35, 43, 97, 91, 76, 10, 30, 85, 45, 71, 64, 1, 23, 17, 83, 24, 14, 60, 36, 6, 57, 40, 88, 65, 56, 79, 94, 67, 68, 46, 75, 38, 9, 19, 32, 41, 81, 27, 87, 90, 58, 59, 11, 62, 16, 72, 73, 39, 37, 84, 3, 92, 25, 55, 48, 70, 29, 51, 96, 33, 61, 98, 66, 89, 50, 4, 7, 53, 80, 8, 28, 34, 49, 52, 0, 74, 69, 2, 13]|[1, 1, 0, 1, 1, 0, 1, 1, 2, 1, 2, 2, 2, 1, 1, 0, 0, 1, 0, 2, 2, 0, 1, 2, 0, 1, 2, 2, 0, 0, 1, 2, 1, 2, 1, 0, 2, 0, 1, 1, 0, 1, 1, 1, 0, 2, 1, 1, 0, 0, 0, 0, 1, 1, 2, 1, 0, 2, 0, 2, 1, 0, 1, 2, 0, 1, 2, 1, 1, 1, 1, 1, 0, 1, 2, 0, 1, 0, 0, 2, 2, 1, 2, 2, 1, 0, 1, 2, 0, 0, 1, 0, 2, 0, 1, 0, 2, 1, 0, 0]|[4, 3, 2, 2, 4, 1, 2, 3, 2, 4, 1, 1, 2, 4, 4, 1, 1, 4, 2, 1, 1, 1, 1, 2, 1, 2, 1, 1, 2, 1, 3, 2, 3, 1, 4, 0, 1, 1, 0, 3, 2, 2, 2, 0, 1, 1, 0, 4, 0, 1, 2, 2, 1, 4, 0, 3, 1, 1, 1, 1, 3, 1, 1, 1, 2, 3, 0, 4, 1, 4, 1, 1, 2, 4, 1, 1, 3, 1, 1, 1, 1, 3, 1, 1, 1, 1, 4, 1, 2, 1, 3, 2, 1, 1, 1, 2, 1, 4, 2, 2]|[0, 2, 1, 1, 3, 0, 1, 3, 0, 0, 0, 0, 1, 0, 1, 0, 0, 3, 1, 0, 0, 0, 3, 1, 0, 2, 0, 0, 0, 1, 0, 0, 0, 0, 3, 0, 1, 0, 0, 2, 1, 1, 1, 0, 0, 0, 0, 2, 1, 0, 0, 0, 1, 3, 0, 0, 0, 0, 0, 0, 2, 0, 1, 0, 1, 2, 1, 0, 1, 1, 3, 1, 1, 3, 0, 0, 0, 0, 0, 0, 0, 0, 0, 0, 1, 0, 0, 0, 1, 0, 2, 1, 0, 1, 1, 0, 0, 2, 0, 0],760.8061429141708,55811.58046129318,92924.88522080088,false
33,G4_BALANCED,G2_TEC,[31, 22, 82, 15, 26, 9, 95, 42, 77, 68, 47, 5, 93, 78, 86, 54, 85, 63, 18, 44, 20, 49, 36, 14, 74, 50, 53, 17, 21, 28, 11, 64, 3, 23, 30, 83, 24, 41, 40, 52, 65, 27, 90, 70, 39, 87, 48, 69, 99, 4, 46, 1, 13, 58, 97, 59, 45, 8, 73, 37, 35, 79, 71, 66, 76, 32, 60, 80, 96, 6, 67, 61, 33, 7, 57, 34, 12, 72, 10, 98, 56, 88, 43, 75, 91, 38, 84, 92, 29, 19, 51, 55, 16, 89, 62, 81, 94, 25, 2, 0]|[2, 1, 2, 1, 1, 2, 1, 1, 1, 1, 1, 0, 2, 2, 1, 2, 0, 0, 0, 2, 2, 1, 0, 2, 0, 2, 2, 1, 0, 1, 1, 1, 0, 0, 1, 0, 2, 1, 2, 2, 0, 0, 1, 1, 0, 2, 0, 2, 1, 0, 0, 1, 0, 0, 2, 0, 1, 1, 0, 0, 2, 1, 1, 2, 2, 0, 2, 2, 0, 1, 2, 1, 1, 2, 0, 1, 1, 1, 1, 2, 2, 1, 1, 0, 1, 0, 0, 0, 1, 1, 1, 0, 1, 1, 1, 1, 2, 1, 2, 0]|[0, 3, 0, 3, 4, 1, 4, 4, 2, 4, 3, 2, 1, 0, 2, 1, 1, 1, 2, 1, 1, 3, 0, 1, 0, 1, 1, 4, 1, 4, 3, 2, 2, 0, 4, 1, 1, 4, 1, 1, 2, 1, 4, 4, 1, 1, 0, 2, 3, 2, 2, 4, 2, 1, 1, 2, 4, 3, 0, 2, 2, 3, 3, 1, 1, 2, 1, 1, 2, 4, 1, 3, 4, 1, 2, 4, 3, 4, 3, 1, 1, 4, 4, 2, 3, 2, 2, 2, 3, 4, 3, 2, 3, 4, 3, 4, 1, 4, 1, 2]|[0, 2, 0, 0, 3, 0, 1, 3, 0, 0, 2, 0, 1, 0, 1, 0, 0, 0, 1, 0, 0, 2, 0, 0, 1, 0, 0, 3, 0, 1, 0, 2, 0, 0, 3, 0, 1, 1, 0, 0, 0, 0, 1, 3, 0, 0, 1, 0, 2, 0, 0, 1, 0, 0, 1, 0, 1, 0, 1, 1, 0, 2, 0, 0, 0, 0, 0, 0, 0, 2, 0, 0, 1, 0, 0, 1, 0, 1, 3, 0, 0, 1, 2, 0, 0, 0, 0, 0, 3, 1, 0, 0, 0, 1, 0, 2, 0, 3, 0, 0],882.9438068981488,49724.48195624558,106947.19195034052,true
33,G2_TEC,G2_TEC,[31, 22, 82, 15, 26, 9, 95, 42, 77, 68, 47, 5, 93, 78, 86, 54, 85, 63, 18, 44, 20, 49, 36, 14, 74, 50, 53, 17, 21, 28, 11, 64, 3, 23, 30, 83, 24, 41, 40, 52, 65, 27, 90, 70, 39, 87, 48, 69, 99, 4, 75, 1, 13, 58, 97, 59, 45, 8, 73, 37, 35, 79, 71, 66, 76, 32, 60, 80, 56, 6, 67, 61, 33, 7, 57, 34, 12, 16, 10, 98, 96, 88, 43, 46, 91, 38, 84, 92, 29, 19, 51, 72, 81, 25, 89, 55, 94, 2, 62, 0]|[2, 1, 2, 1, 1, 2, 1, 1, 1, 1, 1, 0, 2, 2, 1, 2, 0, 0, 0, 2, 2, 1, 0, 2, 0, 2, 2, 1, 0, 1, 1, 1, 0, 0, 1, 0, 2, 1, 2, 2, 0, 0, 1, 1, 0, 2, 0, 2, 1, 0, 0, 2, 0, 0, 2, 0, 1, 1, 0, 0, 2, 1, 1, 2, 2, 0, 2, 2, 2, 1, 2, 1, 1, 2, 0, 1, 1, 2, 1, 2, 0, 1, 1, 0, 1, 0, 0, 0, 1, 1, 1, 1, 1, 1, 1, 0, 2, 2, 1, 0]|[0, 3, 0, 3, 4, 1, 4, 4, 2, 4, 3, 2, 1, 0, 2, 1, 1, 1, 2, 1, 1, 3, 0, 1, 0, 1, 1, 4, 1, 4, 3, 2, 2, 0, 4, 1, 1, 4, 1, 1, 2, 1, 4, 4, 1, 1, 0, 2, 3, 2, 2, 1, 2, 1, 1, 2, 4, 3, 0, 2, 2, 3, 3, 1, 1, 2, 1, 1, 1, 4, 1, 3, 4, 1, 2, 4, 3, 1, 3, 1, 2, 4, 4, 2, 3, 2, 2, 2, 3, 4, 3, 4, 4, 4, 4, 2, 1, 1, 3, 2]|[0, 2, 0, 0, 3, 0, 1, 3, 0, 0, 2, 0, 1, 0, 1, 0, 0, 0, 1, 0, 0, 2, 0, 0, 1, 0, 0, 3, 0, 1, 0, 2, 0, 0, 3, 0, 1, 1, 0, 0, 0, 0, 1, 3, 0, 0, 1, 0, 2, 0, 0, 0, 0, 0, 1, 0, 1, 0, 1, 1, 0, 2, 0, 0, 0, 0, 0, 0, 0, 2, 0, 0, 1, 0, 0, 1, 0, 0, 3, 0, 0, 1, 2, 0, 0, 0, 0, 0, 3, 1, 0, 1, 2, 3, 1, 0, 0, 0, 0, 0],908.8272556494078,49271.80918042497,107420.98859684674,false
33,G3_TWC,G2_TEC,[31, 22, 82, 15, 26, 9, 95, 42, 77, 68, 47, 5, 93, 78, 86, 54, 85, 63, 18, 44, 20, 49, 36, 14, 74, 50, 53, 17, 21, 28, 11, 64, 3, 23, 30, 83, 24, 41, 40, 52, 65, 27, 90, 70, 39, 87, 48, 69, 99, 4, 46, 1, 13, 58, 97, 59, 45, 8, 73, 37, 35, 79, 71, 66, 76, 32, 60, 80, 96, 6, 16, 61, 33, 7, 57, 34, 12, 67, 10, 98, 56, 88, 43, 75, 91, 38, 19, 92, 29, 84, 2, 72, 55, 81, 89, 25, 94, 51, 0, 62]|[2, 1, 2, 1, 1, 2, 1, 1, 1, 1, 1, 0, 2, 2, 1, 2, 0, 0, 0, 2, 2, 1, 0, 2, 0, 2, 2, 1, 0, 1, 1, 1, 0, 0, 1, 0, 2, 1, 2, 2, 0, 0, 1, 1, 0, 2, 0, 2, 1, 0, 0, 2, 0, 0, 2, 0, 1, 1, 0, 0, 2, 1, 1, 2, 2, 0, 2, 2, 0, 1, 2, 1, 1, 2, 0, 1, 1, 2, 1, 2, 2, 1, 1, 0, 1, 0, 1, 0, 1, 0, 2, 1, 0, 1, 1, 1, 2, 1, 0, 1]|[0, 3, 0, 3, 4, 1, 4, 4, 2, 4, 3, 2, 1, 0, 2, 1, 1, 1, 2, 1, 1, 3, 0, 1, 0, 1, 1, 4, 1, 4, 3, 2, 2, 0, 4, 1, 1, 4, 1, 1, 2, 1, 4, 4, 1, 1, 0, 2, 3, 2, 2, 1, 2, 1, 1, 2, 4, 3, 0, 2, 2, 3, 3, 1, 1, 2, 1, 1, 2, 4, 1, 3, 4, 1, 2, 4, 3, 1, 3, 1, 1, 4, 4, 2, 3, 2, 4, 2, 3, 2, 1, 4, 2, 4, 4, 4, 1, 3, 2, 3]|[0, 2, 0, 0, 3, 0, 1, 3, 0, 0, 2, 0, 1, 0, 1, 0, 0, 0, 1, 0, 0, 2, 0, 0, 1, 0, 0, 3, 0, 1, 0, 2, 0, 0, 3, 0, 1, 1, 0, 0, 0, 0, 1, 3, 0, 0, 1, 0, 2, 0, 0, 0, 0, 1, 1, 0, 1, 0, 1, 1, 0, 2, 0, 0, 0, 0, 0, 0, 0, 2, 0, 0, 1, 0, 0, 1, 0, 0, 3, 0, 0, 1, 2, 0, 0, 0, 1, 0, 3, 0, 0, 1, 0, 2, 1, 3, 0, 0, 0, 0],913.9349762789889,49573.666973913896,105866.67884533969,true
33,G1_CMAX,G4_BALANCED,[31, 22, 82, 15, 26, 9, 95, 42, 77, 68, 47, 5, 93, 78, 86, 54, 85, 63, 18, 44, 20, 49, 36, 14, 74, 50, 53, 17, 21, 28, 11, 64, 3, 23, 30, 83, 24, 41, 60, 52, 65, 27, 90, 70, 39, 87, 48, 69, 99, 4, 46, 1, 13, 58, 97, 59, 45, 8, 73, 37, 35, 79, 71, 66, 76, 32, 40, 80, 56, 6, 67, 61, 12, 7, 57, 34, 33, 16, 10, 98, 96, 88, 43, 75, 91, 38, 84, 92, 29, 19, 51, 55, 72, 89, 25, 81, 94, 2, 62, 0]|[2, 1, 2, 1, 1, 2, 1, 1, 1, 1, 1, 0, 2, 2, 1, 2, 0, 0, 0, 2, 2, 1, 0, 2, 0, 2, 2, 1, 0, 1, 1, 1, 0, 0, 1, 0, 2, 1, 2, 2, 0, 0, 1, 1, 0, 2, 0, 2, 1, 0, 0, 2, 0, 0, 2, 0, 1, 1, 0, 0, 2, 1, 1, 2, 2, 0, 2, 2, 2, 1, 2, 1, 1, 2, 0, 1, 1, 1, 1, 2, 0, 1, 1, 0, 1, 0, 0, 0, 1, 1, 1, 0, 1, 1, 1, 1, 2, 2, 1, 0]|[0, 3, 0, 3, 4, 1, 4, 4, 2, 4, 3, 2, 1, 0, 2, 1, 1, 1, 2, 1, 1, 3, 0, 1, 0, 1, 1, 4, 1, 4, 3, 2, 2, 0, 4, 1, 1, 4, 1, 1, 2, 1, 4, 4, 1, 1, 0, 2, 3, 2, 2, 1, 2, 1, 1, 2, 4, 3, 0, 2, 2, 3, 3, 1, 1, 2, 1, 1, 1, 4, 1, 3, 3, 1, 2, 4, 4, 3, 3, 1, 2, 4, 4, 2, 3, 2, 2, 2, 3, 4, 3, 2, 4, 4, 4, 4, 1, 1, 3, 2]|[0, 2, 0, 0, 3, 0, 1, 3, 0, 0, 2, 0, 1, 0, 1, 0, 0, 0, 1, 0, 0, 2, 0, 0, 1, 0, 0, 3, 0, 1, 0, 2, 0, 0, 3, 0, 1, 1, 0, 0, 0, 0, 1, 3, 0, 0, 1, 0, 2, 0, 0, 0, 0, 0, 1, 0, 1, 0, 1, 1, 0, 2, 0, 0, 0, 0, 0, 0, 0, 2, 0, 0, 0, 0, 0, 1, 1, 0, 3, 0, 0, 1, 2, 0, 0, 0, 0, 0, 3, 1, 0, 0, 2, 1, 3, 2, 0, 0, 0, 0],886.6830470462914,49614.170589494766,107212.68524132032,true
33,G4_BALANCED,G2_TEC,[31, 22, 82, 15, 26, 9, 95, 42, 77, 68, 47, 5, 93, 78, 86, 54, 85, 63, 18, 44, 20, 49, 36, 14, 74, 50, 53, 17, 21, 28, 11, 64, 3, 23, 30, 83, 24, 41, 40, 52, 65, 27, 90, 70, 39, 87, 48, 69, 99, 4, 46, 1, 13, 58, 97, 59, 45, 8, 73, 37, 35, 79, 71, 66, 76, 32, 60, 80, 96, 6, 67, 61, 33, 7, 57, 34, 12, 72, 10, 98, 56, 88, 43, 75, 91, 38, 84, 92, 29, 19, 51, 55, 16, 89, 62, 81, 94, 25, 2, 0]|[2, 1, 2, 1, 1, 2, 1, 1, 1, 1, 1, 0, 2, 2, 1, 2, 0, 0, 0, 2, 2, 1, 0, 2, 0, 2, 2, 1, 0, 1, 1, 1, 0, 0, 1, 0, 2, 1, 2, 2, 0, 0, 1, 1, 0, 2, 0, 2, 1, 0, 0, 1, 0, 0, 2, 0, 1, 1, 0, 0, 2, 1, 1, 2, 2, 0, 2, 2, 0, 1, 2, 1, 1, 2, 0, 1, 1, 1, 1, 2, 2, 1, 1, 0, 1, 0, 0, 0, 1, 1, 1, 0, 1, 1, 1, 1, 2, 1, 2, 0]|[0, 3, 0, 3, 4, 1, 4, 4, 2, 4, 3, 2, 1, 0, 2, 1, 1, 1, 2, 1, 1, 3, 0, 1, 0, 1, 1, 4, 1, 4, 3, 2, 2, 0, 4, 1, 1, 4, 1, 1, 2, 1, 4, 4, 1, 1, 0, 2, 3, 2, 2, 4, 2, 1, 1, 2, 4, 3, 0, 2, 2, 3, 3, 1, 1, 2, 1, 1, 2, 4, 1, 3, 4, 1, 2, 4, 3, 4, 3, 1, 1, 4, 4, 2, 3, 2, 2, 2, 3, 4, 3, 2, 3, 4, 3, 4, 1, 4, 1, 2]|[0, 2, 0, 0, 3, 0, 1, 3, 0, 0, 2, 0, 1, 0, 1, 0, 0, 0, 1, 0, 0, 2, 0, 0, 1, 0, 0, 3, 0, 1, 0, 2, 0, 0, 3, 0, 1, 1, 0, 0, 0, 0, 1, 3, 0, 0, 1, 0, 2, 0, 0, 1, 0, 0, 1, 0, 1, 0, 1, 1, 0, 2, 0, 0, 0, 0, 0, 0, 0, 2, 0, 0, 1, 0, 0, 1, 0, 1, 3, 0, 0, 1, 2, 0, 0, 0, 0, 0, 3, 1, 0, 0, 0, 1, 0, 2, 0, 3, 0, 0],882.9438068981488,49724.48195624558,106947.19195034052,true
33,G2_TEC,G2_TEC,[31, 22, 82, 15, 26, 9, 95, 42, 77, 68, 47, 5, 93, 78, 86, 54, 85, 63, 18, 44, 20, 49, 36, 14, 74, 50, 53, 17, 21, 28, 11, 64, 3, 23, 30, 83, 24, 41, 40, 52, 65, 27, 90, 70, 39, 87, 48, 69, 99, 4, 75, 1, 13, 58, 97, 59, 45, 8, 73, 37, 35, 79, 71, 66, 76, 32, 60, 80, 56, 6, 67, 61, 33, 7, 57, 34, 12, 16, 10, 98, 96, 88, 43, 46, 91, 38, 84, 92, 29, 19, 51, 72, 81, 25, 89, 55, 94, 2, 62, 0]|[2, 1, 2, 1, 1, 2, 1, 1, 1, 1, 1, 0, 2, 2, 1, 2, 0, 0, 0, 2, 2, 1, 0, 2, 0, 2, 2, 1, 0, 1, 1, 1, 0, 0, 1, 0, 2, 1, 2, 2, 0, 0, 1, 1, 0, 2, 0, 2, 1, 0, 0, 2, 0, 0, 2, 0, 1, 1, 0, 0, 2, 1, 1, 2, 2, 0, 2, 2, 2, 1, 2, 1, 1, 2, 0, 1, 1, 2, 1, 2, 0, 1, 1, 0, 1, 0, 0, 0, 1, 1, 1, 1, 1, 1, 1, 0, 2, 2, 1, 0]|[0, 3, 0, 3, 4, 1, 4, 4, 2, 4, 3, 2, 1, 0, 2, 1, 1, 1, 2, 1, 1, 3, 0, 1, 0, 1, 1, 4, 1, 4, 3, 2, 2, 0, 4, 1, 1, 4, 1, 1, 2, 1, 4, 4, 1, 1, 0, 2, 3, 2, 2, 1, 2, 1, 1, 2, 4, 3, 0, 2, 2, 3, 3, 1, 1, 2, 1, 1, 1, 4, 1, 3, 4, 1, 2, 4, 3, 1, 3, 1, 2, 4, 4, 2, 3, 2, 2, 2, 3, 4, 3, 4, 4, 4, 4, 2, 1, 1, 3, 2]|[0, 2, 0, 0, 3, 0, 1, 3, 0, 0, 2, 0, 1, 0, 1, 0, 0, 0, 1, 0, 0, 2, 0, 0, 1, 0, 0, 3, 0, 1, 0, 2, 0, 0, 3, 0, 1, 1, 0, 0, 0, 0, 1, 3, 0, 0, 1, 0, 2, 0, 0, 0, 0, 0, 1, 0, 1, 0, 1, 1, 0, 2, 0, 0, 0, 0, 0, 0, 0, 2, 0, 0, 1, 0, 0, 1, 0, 0, 3, 0, 0, 1, 2, 0, 0, 0, 0, 0, 3, 1, 0, 1, 2, 3, 1, 0, 0, 0, 0, 0],908.8272556494078,49271.80918042497,107420.98859684674,false
33,G3_TWC,G3_TWC,[31, 22, 82, 15, 26, 58, 95, 42, 77, 12, 47, 5, 93, 78, 98, 54, 85, 63, 18, 44, 20, 35, 43, 97, 91, 76, 10, 30, 21, 45, 71, 64, 1, 23, 17, 83, 24, 14, 60, 36, 6, 57, 94, 88, 65, 56, 79, 40, 67, 68, 46, 75, 38, 9, 19, 32, 81, 41, 27, 62, 87, 90, 99, 59, 11, 16, 72, 73, 70, 39, 37, 84, 3, 92, 25, 55, 28, 29, 51, 7, 33, 61, 86, 48, 89, 50, 66, 96, 53, 80, 4, 8, 34, 49, 52, 0, 13, 2, 69, 74]|[1, 1, 0, 1, 1, 1, 2, 1, 2, 1, 2, 2, 2, 1, 1, 0, 0, 1, 0, 2, 2, 0, 1, 2, 0, 1, 2, 2, 0, 0, 1, 2, 1, 2, 1, 0, 2, 0, 1, 1, 0, 1, 1, 1, 0, 2, 1, 1, 0, 0, 0, 0, 1, 1, 2, 1, 2, 0, 0, 0, 2, 1, 0, 1, 2, 1, 2, 1, 1, 1, 1, 1, 2, 0, 1, 1, 0, 0, 0, 1, 2, 1, 0, 0, 1, 0, 0, 0, 0, 0, 0, 1, 2, 0, 1, 0, 0, 0, 1, 2]|[4, 3, 2, 2, 0, 0, 2, 2, 2, 4, 1, 1, 2, 4, 4, 1, 1, 4, 2, 1, 1, 1, 1, 2, 1, 2, 1, 1, 1, 1, 3, 2, 3, 0, 4, 0, 1, 1, 0, 3, 2, 2, 4, 0, 1, 1, 0, 2, 0, 1, 2, 2, 1, 4, 0, 3, 2, 1, 1, 2, 1, 3, 1, 1, 1, 3, 0, 4, 3, 1, 4, 1, 1, 2, 4, 4, 2, 1, 1, 3, 1, 3, 1, 1, 1, 1, 1, 1, 2, 1, 2, 3, 1, 1, 1, 2, 2, 2, 3, 1]|[0, 2, 1, 1, 3, 3, 0, 1, 0, 0, 0, 0, 1, 0, 1, 0, 0, 3, 1, 0, 0, 0, 3, 1, 0, 2, 0, 0, 0, 1, 0, 0, 0, 0, 3, 0, 1, 0, 0, 2, 1, 1, 2, 0, 0, 0, 0, 1, 1, 0, 0, 0, 1, 3, 0, 0, 1, 0, 0, 1, 0, 2, 0, 1, 0, 2, 1, 0, 0, 1, 1, 3, 0, 1, 3, 3, 1, 0, 0, 2, 0, 0, 0, 0, 1, 0, 0, 0, 1, 0, 1, 2, 0, 1, 1, 0, 0, 0, 0, 0],805.5394456933803,58046.77716663049,89050.44506242599,false
33,G1_CMAX,G1_CMAX,[31, 22, 82, 15, 26, 99, 95, 42, 77, 12, 47, 5, 93, 78, 86, 54, 21, 63, 18, 44, 20, 35, 43, 97, 91, 76, 10, 30, 85, 45, 71, 64, 1, 23, 37, 83, 24, 14, 60, 36, 6, 57, 40, 88, 65, 56, 79, 94, 67, 68, 46, 75, 38, 9, 19, 32, 41, 81, 27, 87, 90, 58, 59, 11, 16, 72, 73, 70, 39, 17, 84, 3, 92, 25, 55, 48, 62, 29, 51, 96, 33, 61, 98, 28, 89, 50, 4, 7, 53, 80, 8, 66, 34, 49, 52, 0, 74, 69, 2, 13]|[1, 1, 0, 1, 1, 0, 1, 1, 2, 1, 2, 2, 2, 1, 1, 0, 0, 1, 0, 2, 2, 0, 1, 2, 0, 1, 2, 2, 0, 0, 1, 2, 1, 2, 1, 0, 2, 0, 1, 1, 0, 1, 1, 1, 0, 2, 1, 1, 0, 0, 0, 0, 1, 1, 2, 1, 0, 2, 0, 2, 1, 0, 1, 2, 1, 2, 1, 1, 1, 1, 1, 1, 0, 1, 2, 0, 0, 0, 0, 2, 2, 1, 2, 0, 1, 0, 1, 2, 0, 0, 1, 2, 2, 0, 1, 0, 2, 1, 0, 0]|[0, 3, 2, 2, 4, 1, 2, 3, 2, 4, 1, 1, 2, 4, 4, 1, 1, 4, 2, 1, 1, 1, 1, 2, 1, 2, 1, 1, 2, 1, 3, 2, 3, 1, 4, 0, 1, 1, 0, 3, 2, 2, 2, 0, 1, 1, 0, 4, 0, 1, 2, 2, 1, 4, 0, 3, 1, 1, 1, 1, 3, 1, 1, 1, 3, 0, 4, 3, 1, 4, 1, 1, 0, 4, 1, 1, 2, 1, 1, 1, 1, 3, 1, 2, 1, 1, 4, 1, 2, 1, 3, 1, 1, 1, 1, 2, 1, 4, 2, 2]|[0, 2, 1, 1, 3, 0, 1, 3, 0, 0, 0, 0, 1, 0, 1, 0, 0, 3, 1, 0, 0, 0, 3, 1, 0, 2, 0, 0, 0, 1, 0, 0, 0, 0, 3, 0, 1, 0, 0, 2, 1, 1, 1, 0, 0, 0, 0, 2, 1, 0, 0, 0, 1, 3, 0, 0, 0, 0, 0, 0, 2, 0, 1, 0, 2, 1, 0, 0, 1, 1, 3, 1, 1, 3, 0, 0, 1, 0, 0, 0, 0, 0, 0, 1, 1, 0, 0, 0, 1, 0, 2, 0, 0, 1, 1, 0, 0, 2, 0, 0],731.2476204416437,56586.27722209284,92825.60273597998,false
33,G4_BALANCED,G4_BALANCED,[31, 11, 82, 15, 26, 9, 95, 42, 77, 68, 47, 5, 93, 78, 86, 54, 85, 63, 18, 44, 20, 49, 36, 14, 74, 50, 53, 17, 21, 45, 71, 64, 3, 23, 30, 83, 24, 41, 60, 52, 65, 27, 90, 70, 39, 87, 48, 69, 99, 4, 46, 1, 13, 58, 97, 59, 28, 75, 73, 37, 35, 79, 22, 66, 76, 32, 40, 80, 96, 6, 61, 16, 33, 7, 57, 34, 12, 67, 10, 98, 56, 88, 29, 8, 91, 38, 19, 92, 0, 84, 51, 72, 81, 89, 25, 55, 94, 2, 43, 62]|[2, 1, 2, 1, 1, 2, 1, 1, 1, 1, 1, 0, 2, 2, 1, 2, 0, 0, 0, 2, 2, 1, 0, 2, 0, 2, 2, 1, 0, 1, 1, 1, 0, 0, 1, 0, 2, 1, 2, 2, 0, 0, 1, 1, 0, 2, 0, 2, 1, 0, 0, 2, 0, 0, 2, 0, 1, 1, 0, 0, 2, 1, 0, 1, 2, 0, 2, 2, 0, 1, 1, 2, 1, 2, 0, 1, 1, 1, 1, 2, 2, 1, 1, 0, 1, 0, 1, 0, 0, 0, 1, 1, 1, 1, 1, 0, 2, 2, 1, 1]|[0, 3, 0, 2, 4, 1, 4, 4, 2, 4, 3, 2, 1, 0, 2, 1, 1, 1, 2, 1, 1, 3, 0, 1, 0, 1, 1, 4, 1, 4, 3, 2, 2, 0, 4, 1, 1, 4, 0, 1, 2, 1, 4, 4, 1, 1, 0, 2, 3, 1, 2, 1, 2, 1, 1, 2, 4, 3, 0, 2, 2, 3, 1, 1, 1, 2, 0, 1, 2, 4, 3, 1, 4, 1, 2, 4, 3, 3, 3, 1, 1, 4, 3, 2, 3, 2, 4, 2, 2, 2, 3, 4, 4, 4, 4, 2, 1, 1, 4, 3]|[0, 2, 0, 1, 3, 0, 1, 3, 0, 0, 2, 0, 1, 0, 1, 0, 0, 0, 1, 0, 0, 2, 0, 0, 1, 0, 0, 3, 0, 1, 0, 2, 0, 1, 3, 0, 1, 3, 0, 0, 0, 0, 1, 3, 0, 0, 1, 0, 2, 0, 0, 0, 0, 0, 1, 0, 1, 0, 1, 1, 0, 2, 0, 2, 0, 0, 0, 0, 0, 2, 0, 0, 1, 0, 0, 1, 0, 0, 3, 0, 0, 1, 0, 0, 0, 0, 3, 0, 0, 0, 0, 2, 1, 1, 3, 0, 0, 0, 2, 0],851.3950062933596,51439.941474506384,111583.71672538936,false
33,G2_TEC,G2_TEC,[31, 22, 82, 15, 26, 9, 95, 42, 77, 68, 47, 5, 93, 78, 86, 54, 85, 63, 18, 44, 20, 49, 36, 14, 74, 50, 53, 17, 21, 28, 11, 64, 3, 23, 30, 83, 24, 41, 40, 52, 65, 27, 90, 70, 39, 87, 48, 69, 99, 4, 75, 1, 13, 58, 97, 59, 45, 8, 73, 37, 35, 79, 71, 66, 76, 32, 60, 80, 56, 6, 67, 61, 33, 7, 57, 34, 12, 16, 10, 98, 96, 88, 43, 46, 91, 38, 84, 92, 29, 19, 51, 72, 81, 25, 89, 55, 94, 2, 62, 0]|[2, 1, 2, 1, 1, 2, 1, 1, 1, 1, 1, 0, 2, 2, 1, 2, 0, 0, 0, 2, 2, 1, 0, 2, 0, 2, 2, 1, 0, 1, 1, 1, 0, 0, 1, 0, 2, 1, 2, 2, 0, 0, 1, 1, 0, 2, 0, 2, 1, 0, 0, 2, 0, 0, 2, 0, 1, 1, 0, 0, 2, 1, 1, 2, 2, 0, 2, 2, 2, 1, 2, 1, 1, 2, 0, 1, 1, 2, 1, 2, 0, 1, 1, 0, 1, 0, 0, 0, 1, 1, 1, 1, 1, 1, 1, 0, 2, 2, 1, 0]|[0, 3, 0, 3, 4, 1, 4, 4, 2, 4, 3, 2, 1, 0, 2, 1, 1, 1, 2, 1, 1, 3, 0, 1, 0, 1, 1, 4, 1, 4, 3, 2, 2, 0, 4, 1, 1, 4, 1, 1, 2, 1, 4, 4, 1, 1, 0, 2, 3, 2, 2, 1, 2, 1, 1, 2, 4, 3, 0, 2, 2, 3, 3, 1, 1, 2, 1, 1, 1, 4, 1, 3, 4, 1, 2, 4, 3, 1, 3, 1, 2, 4, 4, 2, 3, 2, 2, 2, 3, 4, 3, 4, 4, 4, 4, 2, 1, 1, 3, 2]|[0, 2, 0, 0, 3, 0, 1, 3, 0, 0, 2, 0, 1, 0, 1, 0, 0, 0, 1, 0, 0, 2, 0, 0, 1, 0, 0, 3, 0, 1, 0, 2, 0, 0, 3, 0, 1, 1, 0, 0, 0, 0, 1, 3, 0, 0, 1, 0, 2, 0, 0, 0, 0, 0, 1, 0, 1, 0, 1, 1, 0, 2, 0, 0, 0, 0, 0, 0, 0, 2, 0, 0, 1, 0, 0, 1, 0, 0, 3, 0, 0, 1, 2, 0, 0, 0, 0, 0, 3, 1, 0, 1, 2, 3, 1, 0, 0, 0, 0, 0],908.8272556494078,49271.80918042497,107420.98859684674,false
33,G3_TWC,G3_TWC,[31, 22, 82, 15, 26, 58, 95, 42, 77, 12, 47, 5, 93, 78, 98, 54, 85, 63, 18, 44, 20, 35, 43, 97, 91, 76, 10, 30, 21, 45, 71, 64, 1, 23, 17, 83, 24, 14, 60, 36, 6, 57, 94, 88, 65, 56, 79, 40, 67, 68, 46, 75, 38, 9, 19, 32, 81, 41, 27, 62, 87, 90, 99, 59, 11, 16, 72, 73, 70, 39, 37, 84, 3, 92, 25, 55, 28, 29, 51, 7, 33, 61, 86, 48, 89, 50, 66, 96, 53, 80, 4, 8, 34, 49, 52, 0, 13, 2, 69, 74]|[1, 1, 0, 1, 1, 1, 2, 1, 2, 1, 2, 2, 2, 1, 1, 0, 0, 1, 0, 2, 2, 0, 1, 2, 0, 1, 2, 2, 0, 0, 1, 2, 1, 2, 1, 0, 2, 0, 1, 1, 0, 1, 1, 1, 0, 2, 1, 1, 0, 0, 0, 0, 1, 1, 2, 1, 2, 0, 0, 0, 2, 1, 0, 1, 2, 1, 2, 1, 1, 1, 1, 1, 2, 0, 1, 1, 0, 0, 0, 1, 2, 1, 0, 0, 1, 0, 0, 0, 0, 0, 0, 1, 2, 0, 1, 0, 0, 0, 1, 2]|[4, 3, 2, 2, 0, 0, 2, 2, 2, 4, 1, 1, 2, 4, 4, 1, 1, 4, 2, 1, 1, 1, 1, 2, 1, 2, 1, 1, 1, 1, 3, 2, 3, 0, 4, 0, 1, 1, 0, 3, 2, 2, 4, 0, 1, 1, 0, 2, 0, 1, 2, 2, 1, 4, 0, 3, 2, 1, 1, 2, 1, 3, 1, 1, 1, 3, 0, 4, 3, 1, 4, 1, 1, 2, 4, 4, 2, 1, 1, 3, 1, 3, 1, 1, 1, 1, 1, 1, 2, 1, 2, 3, 1, 1, 1, 2, 2, 2, 3, 1]|[0, 2, 1, 1, 3, 3, 0, 1, 0, 0, 0, 0, 1, 0, 1, 0, 0, 3, 1, 0, 0, 0, 3, 1, 0, 2, 0, 0, 0, 1, 0, 0, 0, 0, 3, 0, 1, 0, 0, 2, 1, 1, 2, 0, 0, 0, 0, 1, 1, 0, 0, 0, 1, 3, 0, 0, 1, 0, 0, 1, 0, 2, 0, 1, 0, 2, 1, 0, 0, 1, 1, 3, 0, 1, 3, 3, 1, 0, 0, 2, 0, 0, 0, 0, 1, 0, 0, 0, 1, 0, 1, 2, 0, 1, 1, 0, 0, 0, 0, 0],805.5394456933803,58046.77716663049,89050.44506242599,false
33,G1_CMAX,G1_CMAX,[31, 22, 82, 15, 26, 99, 95, 42, 77, 12, 47, 5, 93, 78, 86, 54, 21, 63, 18, 44, 20, 35, 43, 97, 91, 76, 10, 30, 85, 45, 71, 64, 1, 23, 37, 83, 24, 14, 60, 36, 6, 57, 40, 88, 65, 56, 79, 94, 67, 68, 46, 75, 38, 9, 19, 32, 41, 81, 27, 87, 90, 58, 59, 11, 16, 72, 73, 70, 39, 17, 84, 3, 92, 25, 55, 48, 62, 29, 51, 96, 33, 61, 98, 28, 89, 50, 4, 7, 53, 80, 8, 66, 34, 49, 52, 0, 74, 69, 2, 13]|[1, 1, 0, 1, 1, 0, 1, 1, 2, 1, 2, 2, 2, 1, 1, 0, 0, 1, 0, 2, 2, 0, 1, 2, 0, 1, 2, 2, 0, 0, 1, 2, 1, 2, 1, 0, 2, 0, 1, 1, 0, 1, 1, 1, 0, 2, 1, 1, 0, 0, 0, 0, 1, 1, 2, 1, 0, 2, 0, 2, 1, 0, 1, 2, 1, 2, 1, 1, 1, 1, 1, 1, 0, 1, 2, 0, 0, 0, 0, 2, 2, 1, 2, 0, 1, 0, 1, 2, 0, 0, 1, 2, 2, 0, 1, 0, 2, 1, 0, 0]|[0, 3, 2, 2, 4, 1, 2, 3, 2, 4, 1, 1, 2, 4, 4, 1, 1, 4, 2, 1, 1, 1, 1, 2, 1, 2, 1, 1, 2, 1, 3, 2, 3, 1, 4, 0, 1, 1, 0, 3, 2, 2, 2, 0, 1, 1, 0, 4, 0, 1, 2, 2, 1, 4, 0, 3, 1, 1, 1, 1, 3, 1, 1, 1, 3, 0, 4, 3, 1, 4, 1, 1, 0, 4, 1, 1, 2, 1, 1, 1, 1, 3, 1, 2, 1, 1, 4, 1, 2, 1, 3, 1, 1, 1, 1, 2, 1, 4, 2, 2]|[0, 2, 1, 1, 3, 0, 1, 3, 0, 0, 0, 0, 1, 0, 1, 0, 0, 3, 1, 0, 0, 0, 3, 1, 0, 2, 0, 0, 0, 1, 0, 0, 0, 0, 3, 0, 1, 0, 0, 2, 1, 1, 1, 0, 0, 0, 0, 2, 1, 0, 0, 0, 1, 3, 0, 0, 0, 0, 0, 0, 2, 0, 1, 0, 2, 1, 0, 0, 1, 1, 3, 1, 1, 3, 0, 0, 1, 0, 0, 0, 0, 0, 0, 1, 1, 0, 0, 0, 1, 0, 2, 0, 0, 1, 1, 0, 0, 2, 0, 0],731.2476204416437,56586.27722209284,92825.60273597998,false
33,G4_BALANCED,G4_BALANCED,[31, 11, 82, 15, 26, 9, 95, 42, 77, 68, 47, 5, 93, 78, 86, 54, 85, 63, 18, 44, 20, 49, 36, 14, 74, 50, 53, 17, 21, 45, 71, 64, 3, 23, 30, 83, 24, 41, 60, 52, 65, 27, 90, 70, 39, 87, 48, 69, 99, 4, 46, 1, 13, 58, 97, 59, 28, 75, 73, 37, 35, 79, 22, 66, 76, 32, 40, 80, 96, 6, 61, 16, 33, 7, 57, 34, 12, 67, 10, 98, 56, 88, 29, 8, 91, 38, 19, 92, 0, 84, 51, 72, 81, 89, 25, 55, 94, 2, 43, 62]|[2, 1, 2, 1, 1, 2, 1, 1, 1, 1, 1, 0, 2, 2, 1, 2, 0, 0, 0, 2, 2, 1, 0, 2, 0, 2, 2, 1, 0, 1, 1, 1, 0, 0, 1, 0, 2, 1, 2, 2, 0, 0, 1, 1, 0, 2, 0, 2, 1, 0, 0, 2, 0, 0, 2, 0, 1, 1, 0, 0, 2, 1, 0, 1, 2, 0, 2, 2, 0, 1, 1, 2, 1, 2, 0, 1, 1, 1, 1, 2, 2, 1, 1, 0, 1, 0, 1, 0, 0, 0, 1, 1, 1, 1, 1, 0, 2, 2, 1, 1]|[0, 3, 0, 2, 4, 1, 4, 4, 2, 4, 3, 2, 1, 0, 2, 1, 1, 1, 2, 1, 1, 3, 0, 1, 0, 1, 1, 4, 1, 4, 3, 2, 2, 0, 4, 1, 1, 4, 0, 1, 2, 1, 4, 4, 1, 1, 0, 2, 3, 1, 2, 1, 2, 1, 1, 2, 4, 3, 0, 2, 2, 3, 1, 1, 1, 2, 0, 1, 2, 4, 3, 1, 4, 1, 2, 4, 3, 3, 3, 1, 1, 4, 3, 2, 3, 2, 4, 2, 2, 2, 3, 4, 4, 4, 4, 2, 1, 1, 4, 3]|[0, 2, 0, 1, 3, 0, 1, 3, 0, 0, 2, 0, 1, 0, 1, 0, 0, 0, 1, 0, 0, 2, 0, 0, 1, 0, 0, 3, 0, 1, 0, 2, 0, 1, 3, 0, 1, 3, 0, 0, 0, 0, 1, 3, 0, 0, 1, 0, 2, 0, 0, 0, 0, 0, 1, 0, 1, 0, 1, 1, 0, 2, 0, 2, 0, 0, 0, 0, 0, 2, 0, 0, 1, 0, 0, 1, 0, 0, 3, 0, 0, 1, 0, 0, 0, 0, 3, 0, 0, 0, 0, 2, 1, 1, 3, 0, 0, 0, 2, 0],851.3950062933596,51439.941474506384,111583.71672538936,false
33,G2_TEC,G2_TEC,[31, 22, 82, 15, 26, 9, 95, 42, 77, 68, 47, 5, 93, 78, 86, 54, 85, 63, 18, 44, 20, 49, 36, 14, 74, 50, 53, 17, 21, 28, 11, 64, 3, 23, 30, 83, 24, 41, 40, 52, 65, 27, 90, 70, 39, 87, 48, 69, 99, 4, 75, 1, 13, 58, 97, 59, 45, 8, 73, 37, 35, 79, 71, 66, 76, 32, 60, 80, 56, 6, 67, 61, 33, 7, 57, 34, 12, 16, 10, 98, 96, 88, 43, 46, 91, 38, 84, 92, 29, 19, 51, 72, 81, 25, 89, 55, 94, 2, 62, 0]|[2, 1, 2, 1, 1, 2, 1, 1, 1, 1, 1, 0, 2, 2, 1, 2, 0, 0, 0, 2, 2, 1, 0, 2, 0, 2, 2, 1, 0, 1, 1, 1, 0, 0, 1, 0, 2, 1, 2, 2, 0, 0, 1, 1, 0, 2, 0, 2, 1, 0, 0, 2, 0, 0, 2, 0, 1, 1, 0, 0, 2, 1, 1, 2, 2, 0, 2, 2, 2, 1, 2, 1, 1, 2, 0, 1, 1, 2, 1, 2, 0, 1, 1, 0, 1, 0, 0, 0, 1, 1, 1, 1, 1, 1, 1, 0, 2, 2, 1, 0]|[0, 3, 0, 3, 4, 1, 4, 4, 2, 4, 3, 2, 1, 0, 2, 1, 1, 1, 2, 1, 1, 3, 0, 1, 0, 1, 1, 4, 1, 4, 3, 2, 2, 0, 4, 1, 1, 4, 1, 1, 2, 1, 4, 4, 1, 1, 0, 2, 3, 2, 2, 1, 2, 1, 1, 2, 4, 3, 0, 2, 2, 3, 3, 1, 1, 2, 1, 1, 1, 4, 1, 3, 4, 1, 2, 4, 3, 1, 3, 1, 2, 4, 4, 2, 3, 2, 2, 2, 3, 4, 3, 4, 4, 4, 4, 2, 1, 1, 3, 2]|[0, 2, 0, 0, 3, 0, 1, 3, 0, 0, 2, 0, 1, 0, 1, 0, 0, 0, 1, 0, 0, 2, 0, 0, 1, 0, 0, 3, 0, 1, 0, 2, 0, 0, 3, 0, 1, 1, 0, 0, 0, 0, 1, 3, 0, 0, 1, 0, 2, 0, 0, 0, 0, 0, 1, 0, 1, 0, 1, 1, 0, 2, 0, 0, 0, 0, 0, 0, 0, 2, 0, 0, 1, 0, 0, 1, 0, 0, 3, 0, 0, 1, 2, 0, 0, 0, 0, 0, 3, 1, 0, 1, 2, 3, 1, 0, 0, 0, 0, 0],908.8272556494078,49271.80918042497,107420.98859684674,false
33,G3_TWC,G3_TWC,[31, 22, 82, 15, 26, 58, 95, 42, 77, 12, 47, 5, 93, 78, 98, 54, 85, 63, 18, 44, 20, 35, 43, 97, 91, 76, 10, 30, 21, 45, 71, 64, 1, 23, 17, 83, 24, 14, 60, 36, 6, 57, 94, 88, 65, 56, 79, 40, 67, 68, 46, 75, 38, 9, 19, 32, 81, 41, 27, 62, 87, 90, 99, 59, 11, 16, 72, 73, 70, 39, 37, 84, 3, 92, 25, 55, 28, 29, 51, 7, 33, 61, 86, 48, 89, 50, 66, 96, 53, 80, 4, 8, 34, 49, 52, 0, 13, 2, 69, 74]|[1, 1, 0, 1, 1, 1, 2, 1, 2, 1, 2, 2, 2, 1, 1, 0, 0, 1, 0, 2, 2, 0, 1, 2, 0, 1, 2, 2, 0, 0, 1, 2, 1, 2, 1, 0, 2, 0, 1, 1, 0, 1, 1, 1, 0, 2, 1, 1, 0, 0, 0, 0, 1, 1, 2, 1, 2, 0, 0, 0, 2, 1, 0, 1, 2, 1, 2, 1, 1, 1, 1, 1, 2, 0, 1, 1, 0, 0, 0, 1, 2, 1, 0, 0, 1, 0, 0, 0, 0, 0, 0, 1, 2, 0, 1, 0, 0, 0, 1, 2]|[4, 3, 2, 2, 0, 0, 2, 2, 2, 4, 1, 1, 2, 4, 4, 1, 1, 4, 2, 1, 1, 1, 1, 2, 1, 2, 1, 1, 1, 1, 3, 2, 3, 0, 4, 0, 1, 1, 0, 3, 2, 2, 4, 0, 1, 1, 0, 2, 0, 1, 2, 2, 1, 4, 0, 3, 2, 1, 1, 2, 1, 3, 1, 1, 1, 3, 0, 4, 3, 1, 4, 1, 1, 2, 4, 4, 2, 1, 1, 3, 1, 3, 1, 1, 1, 1, 1, 1, 2, 1, 2, 3, 1, 1, 1, 2, 2, 2, 3, 1]|[0, 2, 1, 1, 3, 3, 0, 1, 0, 0, 0, 0, 1, 0, 1, 0, 0, 3, 1, 0, 0, 0, 3, 1, 0, 2, 0, 0, 0, 1, 0, 0, 0, 0, 3, 0, 1, 0, 0, 2, 1, 1, 2, 0, 0, 0, 0, 1, 1, 0, 0, 0, 1, 3, 0, 0, 1, 0, 0, 1, 0, 2, 0, 1, 0, 2, 1, 0, 0, 1, 1, 3, 0, 1, 3, 3, 1, 0, 0, 2, 0, 0, 0, 0, 1, 0, 0, 0, 1, 0, 1, 2, 0, 1, 1, 0, 0, 0, 0, 0],805.5394456933803,58046.77716663049,89050.44506242599,false
33,G1_CMAX,G1_CMAX,[31, 22, 82, 15, 26, 99, 95, 42, 77, 12, 47, 5, 93, 78, 86, 54, 21, 63, 18, 44, 20, 35, 43, 97, 91, 76, 10, 30, 85, 45, 71, 64, 1, 23, 37, 83, 24, 14, 60, 36, 6, 57, 40, 88, 65, 56, 79, 94, 67, 68, 46, 75, 38, 9, 19, 32, 41, 81, 27, 87, 90, 58, 59, 11, 16, 72, 73, 70, 39, 17, 84, 3, 92, 25, 55, 48, 62, 29, 51, 96, 33, 61, 98, 28, 89, 50, 4, 7, 53, 80, 8, 66, 34, 49, 52, 0, 74, 69, 2, 13]|[1, 1, 0, 1, 1, 0, 1, 1, 2, 1, 2, 2, 2, 1, 1, 0, 0, 1, 0, 2, 2, 0, 1, 2, 0, 1, 2, 2, 0, 0, 1, 2, 1, 2, 1, 0, 2, 0, 1, 1, 0, 1, 1, 1, 0, 2, 1, 1, 0, 0, 0, 0, 1, 1, 2, 1, 0, 2, 0, 2, 1, 0, 1, 2, 1, 2, 1, 1, 1, 1, 1, 1, 0, 1, 2, 0, 0, 0, 0, 2, 2, 1, 2, 0, 1, 0, 1, 2, 0, 0, 1, 2, 2, 0, 1, 0, 2, 1, 0, 0]|[0, 3, 2, 2, 4, 1, 2, 3, 2, 4, 1, 1, 2, 4, 4, 1, 1, 4, 2, 1, 1, 1, 1, 2, 1, 2, 1, 1, 2, 1, 3, 2, 3, 1, 4, 0, 1, 1, 0, 3, 2, 2, 2, 0, 1, 1, 0, 4, 0, 1, 2, 2, 1, 4, 0, 3, 1, 1, 1, 1, 3, 1, 1, 1, 3, 0, 4, 3, 1, 4, 1, 1, 0, 4, 1, 1, 2, 1, 1, 1, 1, 3, 1, 2, 1, 1, 4, 1, 2, 1, 3, 1, 1, 1, 1, 2, 1, 4, 2, 2]|[0, 2, 1, 1, 3, 0, 1, 3, 0, 0, 0, 0, 1, 0, 1, 0, 0, 3, 1, 0, 0, 0, 3, 1, 0, 2, 0, 0, 0, 1, 0, 0, 0, 0, 3, 0, 1, 0, 0, 2, 1, 1, 1, 0, 0, 0, 0, 2, 1, 0, 0, 0, 1, 3, 0, 0, 0, 0, 0, 0, 2, 0, 1, 0, 2, 1, 0, 0, 1, 1, 3, 1, 1, 3, 0, 0, 1, 0, 0, 0, 0, 0, 0, 1, 1, 0, 0, 0, 1, 0, 2, 0, 0, 1, 1, 0, 0, 2, 0, 0],731.2476204416437,56586.27722209284,92825.60273597998,false
33,G4_BALANCED,G4_BALANCED,[31, 11, 82, 15, 26, 9, 95, 42, 77, 68, 47, 5, 93, 78, 86, 54, 85, 63, 18, 44, 20, 49, 36, 14, 74, 50, 53, 17, 21, 45, 71, 64, 3, 23, 30, 83, 24, 41, 60, 52, 65, 27, 90, 70, 39, 87, 48, 69, 99, 4, 46, 1, 13, 58, 97, 59, 28, 75, 73, 37, 35, 79, 22, 66, 76, 32, 40, 80, 96, 6, 61, 16, 33, 7, 57, 34, 12, 67, 10, 98, 56, 88, 29, 8, 91, 38, 19, 92, 0, 84, 51, 72, 81, 89, 25, 55, 94, 2, 43, 62]|[2, 1, 2, 1, 1, 2, 1, 1, 1, 1, 1, 0, 2, 2, 1, 2, 0, 0, 0, 2, 2, 1, 0, 2, 0, 2, 2, 1, 0, 1, 1, 1, 0, 0, 1, 0, 2, 1, 2, 2, 0, 0, 1, 1, 0, 2, 0, 2, 1, 0, 0, 2, 0, 0, 2, 0, 1, 1, 0, 0, 2, 1, 0, 1, 2, 0, 2, 2, 0, 1, 1, 2, 1, 2, 0, 1, 1, 1, 1, 2, 2, 1, 1, 0, 1, 0, 1, 0, 0, 0, 1, 1, 1, 1, 1, 0, 2, 2, 1, 1]|[0, 3, 0, 2, 4, 1, 4, 4, 2, 4, 3, 2, 1, 0, 2, 1, 1, 1, 2, 1, 1, 3, 0, 1, 0, 1, 1, 4, 1, 4, 3, 2, 2, 0, 4, 1, 1, 4, 0, 1, 2, 1, 4, 4, 1, 1, 0, 2, 3, 1, 2, 1, 2, 1, 1, 2, 4, 3, 0, 2, 2, 3, 1, 1, 1, 2, 0, 1, 2, 4, 3, 1, 4, 1, 2, 4, 3, 3, 3, 1, 1, 4, 3, 2, 3, 2, 4, 2, 2, 2, 3, 4, 4, 4, 4, 2, 1, 1, 4, 3]|[0, 2, 0, 1, 3, 0, 1, 3, 0, 0, 2, 0, 1, 0, 1, 0, 0, 0, 1, 0, 0, 2, 0, 0, 1, 0, 0, 3, 0, 1, 0, 2, 0, 1, 3, 0, 1, 3, 0, 0, 0, 0, 1, 3, 0, 0, 1, 0, 2, 0, 0, 0, 0, 0, 1, 0, 1, 0, 1, 1, 0, 2, 0, 2, 0, 0, 0, 0, 0, 2, 0, 0, 1, 0, 0, 1, 0, 0, 3, 0, 0, 1, 0, 0, 0, 0, 3, 0, 0, 0, 0, 2, 1, 1, 3, 0, 0, 0, 2, 0],851.3950062933596,51439.941474506384,111583.71672538936,false
33,G2_TEC,G2_TEC,[31, 22, 82, 15, 26, 9, 95, 42, 77, 68, 47, 5, 93, 78, 86, 54, 85, 63, 18, 44, 20, 49, 36, 14, 74, 50, 53, 17, 21, 28, 11, 64, 3, 23, 30, 83, 24, 41, 40, 52, 65, 27, 90, 70, 39, 87, 48, 69, 99, 4, 75, 1, 13, 58, 97, 59, 45, 8, 73, 37, 35, 79, 71, 66, 76, 32, 60, 80, 56, 6, 67, 61, 33, 7, 57, 34, 12, 16, 10, 98, 96, 88, 43, 46, 91, 38, 84, 92, 29, 19, 51, 72, 81, 25, 89, 55, 94, 2, 62, 0]|[2, 1, 2, 1, 1, 2, 1, 1, 1, 1, 1, 0, 2, 2, 1, 2, 0, 0, 0, 2, 2, 1, 0, 2, 0, 2, 2, 1, 0, 1, 1, 1, 0, 0, 1, 0, 2, 1, 2, 2, 0, 0, 1, 1, 0, 2, 0, 2, 1, 0, 0, 2, 0, 0, 2, 0, 1, 1, 0, 0, 2, 1, 1, 2, 2, 0, 2, 2, 2, 1, 2, 1, 1, 2, 0, 1, 1, 2, 1, 2, 0, 1, 1, 0, 1, 0, 0, 0, 1, 1, 1, 1, 1, 1, 1, 0, 2, 2, 1, 0]|[0, 3, 0, 3, 4, 1, 4, 4, 2, 4, 3, 2, 1, 0, 2, 1, 1, 1, 2, 1, 1, 3, 0, 1, 0, 1, 1, 4, 1, 4, 3, 2, 2, 0, 4, 1, 1, 4, 1, 1, 2, 1, 4, 4, 1, 1, 0, 2, 3, 2, 2, 1, 2, 1, 1, 2, 4, 3, 0, 2, 2, 3, 3, 1, 1, 2, 1, 1, 1, 4, 1, 3, 4, 1, 2, 4, 3, 1, 3, 1, 2, 4, 4, 2, 3, 2, 2, 2, 3, 4, 3, 4, 4, 4, 4, 2, 1, 1, 3, 2]|[0, 2, 0, 0, 3, 0, 1, 3, 0, 0, 2, 0, 1, 0, 1, 0, 0, 0, 1, 0, 0, 2, 0, 0, 1, 0, 0, 3, 0, 1, 0, 2, 0, 0, 3, 0, 1, 1, 0, 0, 0, 0, 1, 3, 0, 0, 1, 0, 2, 0, 0, 0, 0, 0, 1, 0, 1, 0, 1, 1, 0, 2, 0, 0, 0, 0, 0, 0, 0, 2, 0, 0, 1, 0, 0, 1, 0, 0, 3, 0, 0, 1, 2, 0, 0, 0, 0, 0, 3, 1, 0, 1, 2, 3, 1, 0, 0, 0, 0, 0],908.8272556494078,49271.80918042497,107420.98859684674,false
33,G3_TWC,G3_TWC,[31, 22, 82, 15, 26, 58, 95, 42, 77, 12, 47, 5, 93, 78, 98, 54, 85, 63, 18, 44, 20, 35, 43, 97, 91, 76, 10, 30, 21, 45, 71, 64, 1, 23, 17, 83, 24, 14, 60, 36, 6, 57, 94, 88, 65, 56, 79, 40, 67, 68, 46, 75, 38, 9, 19, 32, 81, 41, 27, 62, 87, 90, 99, 59, 11, 16, 72, 73, 70, 39, 37, 84, 3, 92, 25, 55, 28, 29, 51, 7, 33, 61, 86, 48, 89, 50, 66, 96, 53, 80, 4, 8, 34, 49, 52, 0, 13, 2, 69, 74]|[1, 1, 0, 1, 1, 1, 2, 1, 2, 1, 2, 2, 2, 1, 1, 0, 0, 1, 0, 2, 2, 0, 1, 2, 0, 1, 2, 2, 0, 0, 1, 2, 1, 2, 1, 0, 2, 0, 1, 1, 0, 1, 1, 1, 0, 2, 1, 1, 0, 0, 0, 0, 1, 1, 2, 1, 2, 0, 0, 0, 2, 1, 0, 1, 2, 1, 2, 1, 1, 1, 1, 1, 2, 0, 1, 1, 0, 0, 0, 1, 2, 1, 0, 0, 1, 0, 0, 0, 0, 0, 0, 1, 2, 0, 1, 0, 0, 0, 1, 2]|[4, 3, 2, 2, 0, 0, 2, 2, 2, 4, 1, 1, 2, 4, 4, 1, 1, 4, 2, 1, 1, 1, 1, 2, 1, 2, 1, 1, 1, 1, 3, 2, 3, 0, 4, 0, 1, 1, 0, 3, 2, 2, 4, 0, 1, 1, 0, 2, 0, 1, 2, 2, 1, 4, 0, 3, 2, 1, 1, 2, 1, 3, 1, 1, 1, 3, 0, 4, 3, 1, 4, 1, 1, 2, 4, 4, 2, 1, 1, 3, 1, 3, 1, 1, 1, 1, 1, 1, 2, 1, 2, 3, 1, 1, 1, 2, 2, 2, 3, 1]|[0, 2, 1, 1, 3, 3, 0, 1, 0, 0, 0, 0, 1, 0, 1, 0, 0, 3, 1, 0, 0, 0, 3, 1, 0, 2, 0, 0, 0, 1, 0, 0, 0, 0, 3, 0, 1, 0, 0, 2, 1, 1, 2, 0, 0, 0, 0, 1, 1, 0, 0, 0, 1, 3, 0, 0, 1, 0, 0, 1, 0, 2, 0, 1, 0, 2, 1, 0, 0, 1, 1, 3, 0, 1, 3, 3, 1, 0, 0, 2, 0, 0, 0, 0, 1, 0, 0, 0, 1, 0, 1, 2, 0, 1, 1, 0, 0, 0, 0, 0],805.5394456933803,58046.77716663049,89050.44506242599,false
33,G1_CMAX,G1_CMAX,[31, 22, 82, 15, 26, 99, 95, 42, 77, 12, 47, 5, 93, 78, 86, 54, 21, 63, 18, 44, 20, 35, 43, 97, 91, 76, 10, 30, 85, 45, 71, 64, 1, 23, 37, 83, 24, 14, 60, 36, 6, 57, 40, 88, 65, 56, 79, 94, 67, 68, 46, 75, 38, 9, 19, 32, 41, 81, 27, 87, 90, 58, 59, 11, 16, 72, 73, 70, 39, 17, 84, 3, 92, 25, 55, 48, 62, 29, 51, 96, 33, 61, 98, 28, 89, 50, 4, 7, 53, 80, 8, 66, 34, 49, 52, 0, 74, 69, 2, 13]|[1, 1, 0, 1, 1, 0, 1, 1, 2, 1, 2, 2, 2, 1, 1, 0, 0, 1, 0, 2, 2, 0, 1, 2, 0, 1, 2, 2, 0, 0, 1, 2, 1, 2, 1, 0, 2, 0, 1, 1, 0, 1, 1, 1, 0, 2, 1, 1, 0, 0, 0, 0, 1, 1, 2, 1, 0, 2, 0, 2, 1, 0, 1, 2, 1, 2, 1, 1, 1, 1, 1, 1, 0, 1, 2, 0, 0, 0, 0, 2, 2, 1, 2, 0, 1, 0, 1, 2, 0, 0, 1, 2, 2, 0, 1, 0, 2, 1, 0, 0]|[0, 3, 2, 2, 4, 1, 2, 3, 2, 4, 1, 1, 2, 4, 4, 1, 1, 4, 2, 1, 1, 1, 1, 2, 1, 2, 1, 1, 2, 1, 3, 2, 3, 1, 4, 0, 1, 1, 0, 3, 2, 2, 2, 0, 1, 1, 0, 4, 0, 1, 2, 2, 1, 4, 0, 3, 1, 1, 1, 1, 3, 1, 1, 1, 3, 0, 4, 3, 1, 4, 1, 1, 0, 4, 1, 1, 2, 1, 1, 1, 1, 3, 1, 2, 1, 1, 4, 1, 2, 1, 3, 1, 1, 1, 1, 2, 1, 4, 2, 2]|[0, 2, 1, 1, 3, 0, 1, 3, 0, 0, 0, 0, 1, 0, 1, 0, 0, 3, 1, 0, 0, 0, 3, 1, 0, 2, 0, 0, 0, 1, 0, 0, 0, 0, 3, 0, 1, 0, 0, 2, 1, 1, 1, 0, 0, 0, 0, 2, 1, 0, 0, 0, 1, 3, 0, 0, 0, 0, 0, 0, 2, 0, 1, 0, 2, 1, 0, 0, 1, 1, 3, 1, 1, 3, 0, 0, 1, 0, 0, 0, 0, 0, 0, 1, 1, 0, 0, 0, 1, 0, 2, 0, 0, 1, 1, 0, 0, 2, 0, 0],731.2476204416437,56586.27722209284,92825.60273597998,false
33,G4_BALANCED,G4_BALANCED,[31, 11, 82, 15, 26, 9, 95, 42, 77, 68, 47, 5, 93, 78, 86, 54, 85, 63, 18, 44, 20, 49, 36, 14, 74, 50, 53, 17, 21, 45, 71, 64, 3, 23, 30, 83, 24, 41, 60, 52, 65, 27, 90, 70, 39, 87, 48, 69, 99, 4, 46, 1, 13, 58, 97, 59, 28, 75, 73, 37, 35, 79, 22, 66, 76, 32, 40, 80, 96, 6, 61, 16, 33, 7, 57, 34, 12, 67, 10, 98, 56, 88, 29, 8, 91, 38, 19, 92, 0, 84, 51, 72, 81, 89, 25, 55, 94, 2, 43, 62]|[2, 1, 2, 1, 1, 2, 1, 1, 1, 1, 1, 0, 2, 2, 1, 2, 0, 0, 0, 2, 2, 1, 0, 2, 0, 2, 2, 1, 0, 1, 1, 1, 0, 0, 1, 0, 2, 1, 2, 2, 0, 0, 1, 1, 0, 2, 0, 2, 1, 0, 0, 2, 0, 0, 2, 0, 1, 1, 0, 0, 2, 1, 0, 1, 2, 0, 2, 2, 0, 1, 1, 2, 1, 2, 0, 1, 1, 1, 1, 2, 2, 1, 1, 0, 1, 0, 1, 0, 0, 0, 1, 1, 1, 1, 1, 0, 2, 2, 1, 1]|[0, 3, 0, 2, 4, 1, 4, 4, 2, 4, 3, 2, 1, 0, 2, 1, 1, 1, 2, 1, 1, 3, 0, 1, 0, 1, 1, 4, 1, 4, 3, 2, 2, 0, 4, 1, 1, 4, 0, 1, 2, 1, 4, 4, 1, 1, 0, 2, 3, 1, 2, 1, 2, 1, 1, 2, 4, 3, 0, 2, 2, 3, 1, 1, 1, 2, 0, 1, 2, 4, 3, 1, 4, 1, 2, 4, 3, 3, 3, 1, 1, 4, 3, 2, 3, 2, 4, 2, 2, 2, 3, 4, 4, 4, 4, 2, 1, 1, 4, 3]|[0, 2, 0, 1, 3, 0, 1, 3, 0, 0, 2, 0, 1, 0, 1, 0, 0, 0, 1, 0, 0, 2, 0, 0, 1, 0, 0, 3, 0, 1, 0, 2, 0, 1, 3, 0, 1, 3, 0, 0, 0, 0, 1, 3, 0, 0, 1, 0, 2, 0, 0, 0, 0, 0, 1, 0, 1, 0, 1, 1, 0, 2, 0, 2, 0, 0, 0, 0, 0, 2, 0, 0, 1, 0, 0, 1, 0, 0, 3, 0, 0, 1, 0, 0, 0, 0, 3, 0, 0, 0, 0, 2, 1, 1, 3, 0, 0, 0, 2, 0],851.3950062933596,51439.941474506384,111583.71672538936,false
33,G2_TEC,G2_TEC,[31, 22, 82, 15, 26, 9, 95, 42, 77, 68, 47, 5, 93, 78, 86, 54, 85, 63, 18, 44, 20, 49, 36, 14, 74, 50, 53, 17, 21, 28, 11, 64, 3, 23, 30, 83, 24, 41, 40, 52, 65, 27, 90, 70, 39, 87, 48, 69, 99, 4, 75, 1, 13, 58, 97, 59, 45, 8, 73, 37, 35, 79, 71, 66, 76, 32, 60, 80, 56, 6, 67, 61, 33, 7, 57, 34, 12, 16, 10, 98, 96, 88, 43, 46, 91, 38, 84, 92, 29, 19, 51, 72, 81, 25, 89, 55, 94, 2, 62, 0]|[2, 1, 2, 1, 1, 2, 1, 1, 1, 1, 1, 0, 2, 2, 1, 2, 0, 0, 0, 2, 2, 1, 0, 2, 0, 2, 2, 1, 0, 1, 1, 1, 0, 0, 1, 0, 2, 1, 2, 2, 0, 0, 1, 1, 0, 2, 0, 2, 1, 0, 0, 2, 0, 0, 2, 0, 1, 1, 0, 0, 2, 1, 1, 2, 2, 0, 2, 2, 2, 1, 2, 1, 1, 2, 0, 1, 1, 2, 1, 2, 0, 1, 1, 0, 1, 0, 0, 0, 1, 1, 1, 1, 1, 1, 1, 0, 2, 2, 1, 0]|[0, 3, 0, 3, 4, 1, 4, 4, 2, 4, 3, 2, 1, 0, 2, 1, 1, 1, 2, 1, 1, 3, 0, 1, 0, 1, 1, 4, 1, 4, 3, 2, 2, 0, 4, 1, 1, 4, 1, 1, 2, 1, 4, 4, 1, 1, 0, 2, 3, 2, 2, 1, 2, 1, 1, 2, 4, 3, 0, 2, 2, 3, 3, 1, 1, 2, 1, 1, 1, 4, 1, 3, 4, 1, 2, 4, 3, 1, 3, 1, 2, 4, 4, 2, 3, 2, 2, 2, 3, 4, 3, 4, 4, 4, 4, 2, 1, 1, 3, 2]|[0, 2, 0, 0, 3, 0, 1, 3, 0, 0, 2, 0, 1, 0, 1, 0, 0, 0, 1, 0, 0, 2, 0, 0, 1, 0, 0, 3, 0, 1, 0, 2, 0, 0, 3, 0, 1, 1, 0, 0, 0, 0, 1, 3, 0, 0, 1, 0, 2, 0, 0, 0, 0, 0, 1, 0, 1, 0, 1, 1, 0, 2, 0, 0, 0, 0, 0, 0, 0, 2, 0, 0, 1, 0, 0, 1, 0, 0, 3, 0, 0, 1, 2, 0, 0, 0, 0, 0, 3, 1, 0, 1, 2, 3, 1, 0, 0, 0, 0, 0],908.8272556494078,49271.80918042497,107420.98859684674,false
33,G3_TWC,G3_TWC,[31, 22, 82, 15, 26, 58, 95, 42, 77, 12, 47, 5, 93, 78, 98, 54, 85, 63, 18, 44, 20, 35, 43, 97, 91, 76, 10, 30, 21, 45, 71, 64, 1, 23, 17, 83, 24, 14, 60, 36, 6, 57, 94, 88, 65, 56, 79, 40, 67, 68, 46, 75, 38, 9, 19, 32, 81, 41, 27, 62, 87, 90, 99, 59, 11, 16, 72, 73, 70, 39, 37, 84, 3, 92, 25, 55, 28, 29, 51, 7, 33, 61, 86, 48, 89, 50, 66, 96, 53, 80, 4, 8, 34, 49, 52, 0, 13, 2, 69, 74]|[1, 1, 0, 1, 1, 1, 2, 1, 2, 1, 2, 2, 2, 1, 1, 0, 0, 1, 0, 2, 2, 0, 1, 2, 0, 1, 2, 2, 0, 0, 1, 2, 1, 2, 1, 0, 2, 0, 1, 1, 0, 1, 1, 1, 0, 2, 1, 1, 0, 0, 0, 0, 1, 1, 2, 1, 2, 0, 0, 0, 2, 1, 0, 1, 2, 1, 2, 1, 1, 1, 1, 1, 2, 0, 1, 1, 0, 0, 0, 1, 2, 1, 0, 0, 1, 0, 0, 0, 0, 0, 0, 1, 2, 0, 1, 0, 0, 0, 1, 2]|[4, 3, 2, 2, 0, 0, 2, 2, 2, 4, 1, 1, 2, 4, 4, 1, 1, 4, 2, 1, 1, 1, 1, 2, 1, 2, 1, 1, 1, 1, 3, 2, 3, 0, 4, 0, 1, 1, 0, 3, 2, 2, 4, 0, 1, 1, 0, 2, 0, 1, 2, 2, 1, 4, 0, 3, 2, 1, 1, 2, 1, 3, 1, 1, 1, 3, 0, 4, 3, 1, 4, 1, 1, 2, 4, 4, 2, 1, 1, 3, 1, 3, 1, 1, 1, 1, 1, 1, 2, 1, 2, 3, 1, 1, 1, 2, 2, 2, 3, 1]|[0, 2, 1, 1, 3, 3, 0, 1, 0, 0, 0, 0, 1, 0, 1, 0, 0, 3, 1, 0, 0, 0, 3, 1, 0, 2, 0, 0, 0, 1, 0, 0, 0, 0, 3, 0, 1, 0, 0, 2, 1, 1, 2, 0, 0, 0, 0, 1, 1, 0, 0, 0, 1, 3, 0, 0, 1, 0, 0, 1, 0, 2, 0, 1, 0, 2, 1, 0, 0, 1, 1, 3, 0, 1, 3, 3, 1, 0, 0, 2, 0, 0, 0, 0, 1, 0, 0, 0, 1, 0, 1, 2, 0, 1, 1, 0, 0, 0, 0, 0],805.5394456933803,58046.77716663049,89050.44506242599,false
33,G1_CMAX,G1_CMAX,[31, 22, 82, 15, 26, 99, 95, 42, 77, 12, 47, 5, 93, 78, 86, 54, 21, 63, 18, 44, 20, 35, 43, 97, 91, 76, 10, 30, 85, 45, 71, 64, 1, 23, 37, 83, 24, 14, 60, 36, 6, 57, 40, 88, 65, 56, 79, 94, 67, 68, 46, 75, 38, 9, 19, 32, 41, 81, 27, 87, 90, 58, 59, 11, 16, 72, 73, 70, 39, 17, 84, 3, 92, 25, 55, 48, 62, 29, 51, 96, 33, 61, 98, 28, 89, 50, 4, 7, 53, 80, 8, 66, 34, 49, 52, 0, 74, 69, 2, 13]|[1, 1, 0, 1, 1, 0, 1, 1, 2, 1, 2, 2, 2, 1, 1, 0, 0, 1, 0, 2, 2, 0, 1, 2, 0, 1, 2, 2, 0, 0, 1, 2, 1, 2, 1, 0, 2, 0, 1, 1, 0, 1, 1, 1, 0, 2, 1, 1, 0, 0, 0, 0, 1, 1, 2, 1, 0, 2, 0, 2, 1, 0, 1, 2, 1, 2, 1, 1, 1, 1, 1, 1, 0, 1, 2, 0, 0, 0, 0, 2, 2, 1, 2, 0, 1, 0, 1, 2, 0, 0, 1, 2, 2, 0, 1, 0, 2, 1, 0, 0]|[0, 3, 2, 2, 4, 1, 2, 3, 2, 4, 1, 1, 2, 4, 4, 1, 1, 4, 2, 1, 1, 1, 1, 2, 1, 2, 1, 1, 2, 1, 3, 2, 3, 1, 4, 0, 1, 1, 0, 3, 2, 2, 2, 0, 1, 1, 0, 4, 0, 1, 2, 2, 1, 4, 0, 3, 1, 1, 1, 1, 3, 1, 1, 1, 3, 0, 4, 3, 1, 4, 1, 1, 0, 4, 1, 1, 2, 1, 1, 1, 1, 3, 1, 2, 1, 1, 4, 1, 2, 1, 3, 1, 1, 1, 1, 2, 1, 4, 2, 2]|[0, 2, 1, 1, 3, 0, 1, 3, 0, 0, 0, 0, 1, 0, 1, 0, 0, 3, 1, 0, 0, 0, 3, 1, 0, 2, 0, 0, 0, 1, 0, 0, 0, 0, 3, 0, 1, 0, 0, 2, 1, 1, 1, 0, 0, 0, 0, 2, 1, 0, 0, 0, 1, 3, 0, 0, 0, 0, 0, 0, 2, 0, 1, 0, 2, 1, 0, 0, 1, 1, 3, 1, 1, 3, 0, 0, 1, 0, 0, 0, 0, 0, 0, 1, 1, 0, 0, 0, 1, 0, 2, 0, 0, 1, 1, 0, 0, 2, 0, 0],731.2476204416437,56586.27722209284,92825.60273597998,false
33,G4_BALANCED,G4_BALANCED,[31, 11, 82, 15, 26, 9, 95, 42, 77, 68, 47, 5, 93, 78, 86, 54, 85, 63, 18, 44, 20, 49, 36, 14, 74, 50, 53, 17, 21, 45, 71, 64, 3, 23, 30, 83, 24, 41, 60, 52, 65, 27, 90, 70, 39, 87, 48, 69, 99, 4, 46, 1, 13, 58, 97, 59, 28, 75, 73, 37, 35, 79, 22, 66, 76, 32, 40, 80, 96, 6, 61, 16, 33, 7, 57, 34, 12, 67, 10, 98, 56, 88, 29, 8, 91, 38, 19, 92, 0, 84, 51, 72, 81, 89, 25, 55, 94, 2, 43, 62]|[2, 1, 2, 1, 1, 2, 1, 1, 1, 1, 1, 0, 2, 2, 1, 2, 0, 0, 0, 2, 2, 1, 0, 2, 0, 2, 2, 1, 0, 1, 1, 1, 0, 0, 1, 0, 2, 1, 2, 2, 0, 0, 1, 1, 0, 2, 0, 2, 1, 0, 0, 2, 0, 0, 2, 0, 1, 1, 0, 0, 2, 1, 0, 1, 2, 0, 2, 2, 0, 1, 1, 2, 1, 2, 0, 1, 1, 1, 1, 2, 2, 1, 1, 0, 1, 0, 1, 0, 0, 0, 1, 1, 1, 1, 1, 0, 2, 2, 1, 1]|[0, 3, 0, 2, 4, 1, 4, 4, 2, 4, 3, 2, 1, 0, 2, 1, 1, 1, 2, 1, 1, 3, 0, 1, 0, 1, 1, 4, 1, 4, 3, 2, 2, 0, 4, 1, 1, 4, 0, 1, 2, 1, 4, 4, 1, 1, 0, 2, 3, 1, 2, 1, 2, 1, 1, 2, 4, 3, 0, 2, 2, 3, 1, 1, 1, 2, 0, 1, 2, 4, 3, 1, 4, 1, 2, 4, 3, 3, 3, 1, 1, 4, 3, 2, 3, 2, 4, 2, 2, 2, 3, 4, 4, 4, 4, 2, 1, 1, 4, 3]|[0, 2, 0, 1, 3, 0, 1, 3, 0, 0, 2, 0, 1, 0, 1, 0, 0, 0, 1, 0, 0, 2, 0, 0, 1, 0, 0, 3, 0, 1, 0, 2, 0, 1, 3, 0, 1, 3, 0, 0, 0, 0, 1, 3, 0, 0, 1, 0, 2, 0, 0, 0, 0, 0, 1, 0, 1, 0, 1, 1, 0, 2, 0, 2, 0, 0, 0, 0, 0, 2, 0, 0, 1, 0, 0, 1, 0, 0, 3, 0, 0, 1, 0, 0, 0, 0, 3, 0, 0, 0, 0, 2, 1, 1, 3, 0, 0, 0, 2, 0],851.3950062933596,51439.941474506384,111583.71672538936,false
33,G2_TEC,G2_TEC,[31, 22, 82, 15, 26, 9, 95, 42, 77, 68, 47, 5, 93, 78, 86, 54, 85, 63, 18, 44, 20, 49, 36, 14, 74, 50, 53, 17, 21, 28, 11, 64, 3, 23, 30, 83, 24, 41, 40, 52, 65, 27, 90, 70, 39, 87, 48, 69, 99, 4, 75, 1, 13, 58, 97, 59, 45, 8, 73, 37, 35, 79, 71, 66, 76, 32, 60, 80, 56, 6, 67, 61, 33, 7, 57, 34, 12, 16, 10, 98, 96, 88, 43, 46, 91, 38, 84, 92, 29, 19, 51, 72, 81, 25, 89, 55, 94, 2, 62, 0]|[2, 1, 2, 1, 1, 2, 1, 1, 1, 1, 1, 0, 2, 2, 1, 2, 0, 0, 0, 2, 2, 1, 0, 2, 0, 2, 2, 1, 0, 1, 1, 1, 0, 0, 1, 0, 2, 1, 2, 2, 0, 0, 1, 1, 0, 2, 0, 2, 1, 0, 0, 2, 0, 0, 2, 0, 1, 1, 0, 0, 2, 1, 1, 2, 2, 0, 2, 2, 2, 1, 2, 1, 1, 2, 0, 1, 1, 2, 1, 2, 0, 1, 1, 0, 1, 0, 0, 0, 1, 1, 1, 1, 1, 1, 1, 0, 2, 2, 1, 0]|[0, 3, 0, 3, 4, 1, 4, 4, 2, 4, 3, 2, 1, 0, 2, 1, 1, 1, 2, 1, 1, 3, 0, 1, 0, 1, 1, 4, 1, 4, 3, 2, 2, 0, 4, 1, 1, 4, 1, 1, 2, 1, 4, 4, 1, 1, 0, 2, 3, 2, 2, 1, 2, 1, 1, 2, 4, 3, 0, 2, 2, 3, 3, 1, 1, 2, 1, 1, 1, 4, 1, 3, 4, 1, 2, 4, 3, 1, 3, 1, 2, 4, 4, 2, 3, 2, 2, 2, 3, 4, 3, 4, 4, 4, 4, 2, 1, 1, 3, 2]|[0, 2, 0, 0, 3, 0, 1, 3, 0, 0, 2, 0, 1, 0, 1, 0, 0, 0, 1, 0, 0, 2, 0, 0, 1, 0, 0, 3, 0, 1, 0, 2, 0, 0, 3, 0, 1, 1, 0, 0, 0, 0, 1, 3, 0, 0, 1, 0, 2, 0, 0, 0, 0, 0, 1, 0, 1, 0, 1, 1, 0, 2, 0, 0, 0, 0, 0, 0, 0, 2, 0, 0, 1, 0, 0, 1, 0, 0, 3, 0, 0, 1, 2, 0, 0, 0, 0, 0, 3, 1, 0, 1, 2, 3, 1, 0, 0, 0, 0, 0],908.8272556494078,49271.80918042497,107420.98859684674,false
33,G3_TWC,G3_TWC,[31, 22, 82, 15, 26, 58, 95, 42, 77, 12, 47, 5, 93, 78, 98, 54, 85, 63, 18, 44, 20, 35, 43, 97, 91, 76, 10, 30, 21, 45, 71, 64, 1, 23, 17, 83, 24, 14, 60, 36, 6, 57, 94, 88, 65, 56, 79, 40, 67, 68, 46, 75, 38, 9, 19, 32, 81, 41, 27, 62, 87, 90, 99, 59, 11, 16, 72, 73, 70, 39, 37, 84, 3, 92, 25, 55, 28, 29, 51, 7, 33, 61, 86, 48, 89, 50, 66, 96, 53, 80, 4, 8, 34, 49, 52, 0, 13, 2, 69, 74]|[1, 1, 0, 1, 1, 1, 2, 1, 2, 1, 2, 2, 2, 1, 1, 0, 0, 1, 0, 2, 2, 0, 1, 2, 0, 1, 2, 2, 0, 0, 1, 2, 1, 2, 1, 0, 2, 0, 1, 1, 0, 1, 1, 1, 0, 2, 1, 1, 0, 0, 0, 0, 1, 1, 2, 1, 2, 0, 0, 0, 2, 1, 0, 1, 2, 1, 2, 1, 1, 1, 1, 1, 2, 0, 1, 1, 0, 0, 0, 1, 2, 1, 0, 0, 1, 0, 0, 0, 0, 0, 0, 1, 2, 0, 1, 0, 0, 0, 1, 2]|[4, 3, 2, 2, 0, 0, 2, 2, 2, 4, 1, 1, 2, 4, 4, 1, 1, 4, 2, 1, 1, 1, 1, 2, 1, 2, 1, 1, 1, 1, 3, 2, 3, 0, 4, 0, 1, 1, 0, 3, 2, 2, 4, 0, 1, 1, 0, 2, 0, 1, 2, 2, 1, 4, 0, 3, 2, 1, 1, 2, 1, 3, 1, 1, 1, 3, 0, 4, 3, 1, 4, 1, 1, 2, 4, 4, 2, 1, 1, 3, 1, 3, 1, 1, 1, 1, 1, 1, 2, 1, 2, 3, 1, 1, 1, 2, 2, 2, 3, 1]|[0, 2, 1, 1, 3, 3, 0, 1, 0, 0, 0, 0, 1, 0, 1, 0, 0, 3, 1, 0, 0, 0, 3, 1, 0, 2, 0, 0, 0, 1, 0, 0, 0, 0, 3, 0, 1, 0, 0, 2, 1, 1, 2, 0, 0, 0, 0, 1, 1, 0, 0, 0, 1, 3, 0, 0, 1, 0, 0, 1, 0, 2, 0, 1, 0, 2, 1, 0, 0, 1, 1, 3, 0, 1, 3, 3, 1, 0, 0, 2, 0, 0, 0, 0, 1, 0, 0, 0, 1, 0, 1, 2, 0, 1, 1, 0, 0, 0, 0, 0],805.5394456933803,58046.77716663049,89050.44506242599,false
33,G1_CMAX,G1_CMAX,[31, 22, 82, 15, 26, 99, 95, 42, 77, 12, 47, 5, 93, 78, 86, 54, 21, 63, 18, 44, 20, 35, 43, 97, 91, 76, 10, 30, 85, 45, 71, 64, 1, 23, 37, 83, 24, 14, 60, 36, 6, 57, 40, 88, 65, 56, 79, 94, 67, 68, 46, 75, 38, 9, 19, 32, 41, 81, 27, 87, 90, 58, 59, 11, 16, 72, 73, 70, 39, 17, 84, 3, 92, 25, 55, 48, 62, 29, 51, 96, 33, 61, 98, 28, 89, 50, 4, 7, 53, 80, 8, 66, 34, 49, 52, 0, 74, 69, 2, 13]|[1, 1, 0, 1, 1, 0, 1, 1, 2, 1, 2, 2, 2, 1, 1, 0, 0, 1, 0, 2, 2, 0, 1, 2, 0, 1, 2, 2, 0, 0, 1, 2, 1, 2, 1, 0, 2, 0, 1, 1, 0, 1, 1, 1, 0, 2, 1, 1, 0, 0, 0, 0, 1, 1, 2, 1, 0, 2, 0, 2, 1, 0, 1, 2, 1, 2, 1, 1, 1, 1, 1, 1, 0, 1, 2, 0, 0, 0, 0, 2, 2, 1, 2, 0, 1, 0, 1, 2, 0, 0, 1, 2, 2, 0, 1, 0, 2, 1, 0, 0]|[0, 3, 2, 2, 4, 1, 2, 3, 2, 4, 1, 1, 2, 4, 4, 1, 1, 4, 2, 1, 1, 1, 1, 2, 1, 2, 1, 1, 2, 1, 3, 2, 3, 1, 4, 0, 1, 1, 0, 3, 2, 2, 2, 0, 1, 1, 0, 4, 0, 1, 2, 2, 1, 4, 0, 3, 1, 1, 1, 1, 3, 1, 1, 1, 3, 0, 4, 3, 1, 4, 1, 1, 0, 4, 1, 1, 2, 1, 1, 1, 1, 3, 1, 2, 1, 1, 4, 1, 2, 1, 3, 1, 1, 1, 1, 2, 1, 4, 2, 2]|[0, 2, 1, 1, 3, 0, 1, 3, 0, 0, 0, 0, 1, 0, 1, 0, 0, 3, 1, 0, 0, 0, 3, 1, 0, 2, 0, 0, 0, 1, 0, 0, 0, 0, 3, 0, 1, 0, 0, 2, 1, 1, 1, 0, 0, 0, 0, 2, 1, 0, 0, 0, 1, 3, 0, 0, 0, 0, 0, 0, 2, 0, 1, 0, 2, 1, 0, 0, 1, 1, 3, 1, 1, 3, 0, 0, 1, 0, 0, 0, 0, 0, 0, 1, 1, 0, 0, 0, 1, 0, 2, 0, 0, 1, 1, 0, 0, 2, 0, 0],731.2476204416437,56586.27722209284,92825.60273597998,false
33,G4_BALANCED,G4_BALANCED,[31, 11, 82, 15, 26, 9, 95, 42, 77, 68, 47, 5, 93, 78, 86, 54, 85, 63, 18, 44, 20, 49, 36, 14, 74, 50, 53, 17, 21, 45, 71, 64, 3, 23, 30, 83, 24, 41, 60, 52, 65, 27, 90, 70, 39, 87, 48, 69, 99, 4, 46, 1, 13, 58, 97, 59, 28, 75, 73, 37, 35, 79, 22, 66, 76, 32, 40, 80, 96, 6, 61, 16, 33, 7, 57, 34, 12, 67, 10, 98, 56, 88, 29, 8, 91, 38, 19, 92, 0, 84, 51, 72, 81, 89, 25, 55, 94, 2, 43, 62]|[2, 1, 2, 1, 1, 2, 1, 1, 1, 1, 1, 0, 2, 2, 1, 2, 0, 0, 0, 2, 2, 1, 0, 2, 0, 2, 2, 1, 0, 1, 1, 1, 0, 0, 1, 0, 2, 1, 2, 2, 0, 0, 1, 1, 0, 2, 0, 2, 1, 0, 0, 2, 0, 0, 2, 0, 1, 1, 0, 0, 2, 1, 0, 1, 2, 0, 2, 2, 0, 1, 1, 2, 1, 2, 0, 1, 1, 1, 1, 2, 2, 1, 1, 0, 1, 0, 1, 0, 0, 0, 1, 1, 1, 1, 1, 0, 2, 2, 1, 1]|[0, 3, 0, 2, 4, 1, 4, 4, 2, 4, 3, 2, 1, 0, 2, 1, 1, 1, 2, 1, 1, 3, 0, 1, 0, 1, 1, 4, 1, 4, 3, 2, 2, 0, 4, 1, 1, 4, 0, 1, 2, 1, 4, 4, 1, 1, 0, 2, 3, 1, 2, 1, 2, 1, 1, 2, 4, 3, 0, 2, 2, 3, 1, 1, 1, 2, 0, 1, 2, 4, 3, 1, 4, 1, 2, 4, 3, 3, 3, 1, 1, 4, 3, 2, 3, 2, 4, 2, 2, 2, 3, 4, 4, 4, 4, 2, 1, 1, 4, 3]|[0, 2, 0, 1, 3, 0, 1, 3, 0, 0, 2, 0, 1, 0, 1, 0, 0, 0, 1, 0, 0, 2, 0, 0, 1, 0, 0, 3, 0, 1, 0, 2, 0, 1, 3, 0, 1, 3, 0, 0, 0, 0, 1, 3, 0, 0, 1, 0, 2, 0, 0, 0, 0, 0, 1, 0, 1, 0, 1, 1, 0, 2, 0, 2, 0, 0, 0, 0, 0, 2, 0, 0, 1, 0, 0, 1, 0, 0, 3, 0, 0, 1, 0, 0, 0, 0, 3, 0, 0, 0, 0, 2, 1, 1, 3, 0, 0, 0, 2, 0],851.3950062933596,51439.941474506384,111583.71672538936,false
33,G2_TEC,G2_TEC,[31, 22, 82, 15, 26, 9, 95, 42, 77, 68, 47, 5, 93, 78, 86, 54, 85, 63, 18, 44, 20, 49, 36, 14, 74, 50, 53, 17, 21, 28, 11, 64, 3, 23, 30, 83, 24, 41, 40, 52, 65, 27, 90, 70, 39, 87, 48, 69, 99, 4, 75, 1, 13, 58, 97, 59, 45, 8, 73, 37, 35, 79, 71, 66, 76, 32, 60, 80, 56, 6, 67, 61, 33, 7, 57, 34, 12, 16, 10, 98, 96, 88, 43, 46, 91, 38, 84, 92, 29, 19, 51, 72, 81, 25, 89, 55, 94, 2, 62, 0]|[2, 1, 2, 1, 1, 2, 1, 1, 1, 1, 1, 0, 2, 2, 1, 2, 0, 0, 0, 2, 2, 1, 0, 2, 0, 2, 2, 1, 0, 1, 1, 1, 0, 0, 1, 0, 2, 1, 2, 2, 0, 0, 1, 1, 0, 2, 0, 2, 1, 0, 0, 2, 0, 0, 2, 0, 1, 1, 0, 0, 2, 1, 1, 2, 2, 0, 2, 2, 2, 1, 2, 1, 1, 2, 0, 1, 1, 2, 1, 2, 0, 1, 1, 0, 1, 0, 0, 0, 1, 1, 1, 1, 1, 1, 1, 0, 2, 2, 1, 0]|[0, 3, 0, 3, 4, 1, 4, 4, 2, 4, 3, 2, 1, 0, 2, 1, 1, 1, 2, 1, 1, 3, 0, 1, 0, 1, 1, 4, 1, 4, 3, 2, 2, 0, 4, 1, 1, 4, 1, 1, 2, 1, 4, 4, 1, 1, 0, 2, 3, 2, 2, 1, 2, 1, 1, 2, 4, 3, 0, 2, 2, 3, 3, 1, 1, 2, 1, 1, 1, 4, 1, 3, 4, 1, 2, 4, 3, 1, 3, 1, 2, 4, 4, 2, 3, 2, 2, 2, 3, 4, 3, 4, 4, 4, 4, 2, 1, 1, 3, 2]|[0, 2, 0, 0, 3, 0, 1, 3, 0, 0, 2, 0, 1, 0, 1, 0, 0, 0, 1, 0, 0, 2, 0, 0, 1, 0, 0, 3, 0, 1, 0, 2, 0, 0, 3, 0, 1, 1, 0, 0, 0, 0, 1, 3, 0, 0, 1, 0, 2, 0, 0, 0, 0, 0, 1, 0, 1, 0, 1, 1, 0, 2, 0, 0, 0, 0, 0, 0, 0, 2, 0, 0, 1, 0, 0, 1, 0, 0, 3, 0, 0, 1, 2, 0, 0, 0, 0, 0, 3, 1, 0, 1, 2, 3, 1, 0, 0, 0, 0, 0],908.8272556494078,49271.80918042497,107420.98859684674,false
33,G3_TWC,G3_TWC,[31, 22, 82, 15, 26, 58, 95, 42, 77, 12, 47, 5, 93, 78, 98, 54, 85, 63, 18, 44, 20, 35, 43, 97, 91, 76, 10, 30, 21, 45, 71, 64, 1, 23, 17, 83, 24, 14, 60, 36, 6, 57, 94, 88, 65, 56, 79, 40, 67, 68, 46, 75, 38, 9, 19, 32, 81, 41, 27, 62, 87, 90, 99, 59, 11, 16, 72, 73, 70, 39, 37, 84, 3, 92, 25, 55, 28, 29, 51, 7, 33, 61, 86, 48, 89, 50, 66, 96, 53, 80, 4, 8, 34, 49, 52, 0, 13, 2, 69, 74]|[1, 1, 0, 1, 1, 1, 2, 1, 2, 1, 2, 2, 2, 1, 1, 0, 0, 1, 0, 2, 2, 0, 1, 2, 0, 1, 2, 2, 0, 0, 1, 2, 1, 2, 1, 0, 2, 0, 1, 1, 0, 1, 1, 1, 0, 2, 1, 1, 0, 0, 0, 0, 1, 1, 2, 1, 2, 0, 0, 0, 2, 1, 0, 1, 2, 1, 2, 1, 1, 1, 1, 1, 2, 0, 1, 1, 0, 0, 0, 1, 2, 1, 0, 0, 1, 0, 0, 0, 0, 0, 0, 1, 2, 0, 1, 0, 0, 0, 1, 2]|[4, 3, 2, 2, 0, 0, 2, 2, 2, 4, 1, 1, 2, 4, 4, 1, 1, 4, 2, 1, 1, 1, 1, 2, 1, 2, 1, 1, 1, 1, 3, 2, 3, 0, 4, 0, 1, 1, 0, 3, 2, 2, 4, 0, 1, 1, 0, 2, 0, 1, 2, 2, 1, 4, 0, 3, 2, 1, 1, 2, 1, 3, 1, 1, 1, 3, 0, 4, 3, 1, 4, 1, 1, 2, 4, 4, 2, 1, 1, 3, 1, 3, 1, 1, 1, 1, 1, 1, 2, 1, 2, 3, 1, 1, 1, 2, 2, 2, 3, 1]|[0, 2, 1, 1, 3, 3, 0, 1, 0, 0, 0, 0, 1, 0, 1, 0, 0, 3, 1, 0, 0, 0, 3, 1, 0, 2, 0, 0, 0, 1, 0, 0, 0, 0, 3, 0, 1, 0, 0, 2, 1, 1, 2, 0, 0, 0, 0, 1, 1, 0, 0, 0, 1, 3, 0, 0, 1, 0, 0, 1, 0, 2, 0, 1, 0, 2, 1, 0, 0, 1, 1, 3, 0, 1, 3, 3, 1, 0, 0, 2, 0, 0, 0, 0, 1, 0, 0, 0, 1, 0, 1, 2, 0, 1, 1, 0, 0, 0, 0, 0],805.5394456933803,58046.77716663049,89050.44506242599,false
33,G1_CMAX,G1_CMAX,[31, 22, 82, 15, 26, 99, 95, 42, 77, 12, 47, 5, 93, 78, 86, 54, 21, 63, 18, 44, 20, 35, 43, 97, 91, 76, 10, 30, 85, 45, 71, 64, 1, 23, 37, 83, 24, 14, 60, 36, 6, 57, 40, 88, 65, 56, 79, 94, 67, 68, 46, 75, 38, 9, 19, 32, 41, 81, 27, 87, 90, 58, 59, 11, 16, 72, 73, 70, 39, 17, 84, 3, 92, 25, 55, 48, 62, 29, 51, 96, 33, 61, 98, 28, 89, 50, 4, 7, 53, 80, 8, 66, 34, 49, 52, 0, 74, 69, 2, 13]|[1, 1, 0, 1, 1, 0, 1, 1, 2, 1, 2, 2, 2, 1, 1, 0, 0, 1, 0, 2, 2, 0, 1, 2, 0, 1, 2, 2, 0, 0, 1, 2, 1, 2, 1, 0, 2, 0, 1, 1, 0, 1, 1, 1, 0, 2, 1, 1, 0, 0, 0, 0, 1, 1, 2, 1, 0, 2, 0, 2, 1, 0, 1, 2, 1, 2, 1, 1, 1, 1, 1, 1, 0, 1, 2, 0, 0, 0, 0, 2, 2, 1, 2, 0, 1, 0, 1, 2, 0, 0, 1, 2, 2, 0, 1, 0, 2, 1, 0, 0]|[0, 3, 2, 2, 4, 1, 2, 3, 2, 4, 1, 1, 2, 4, 4, 1, 1, 4, 2, 1, 1, 1, 1, 2, 1, 2, 1, 1, 2, 1, 3, 2, 3, 1, 4, 0, 1, 1, 0, 3, 2, 2, 2, 0, 1, 1, 0, 4, 0, 1, 2, 2, 1, 4, 0, 3, 1, 1, 1, 1, 3, 1, 1, 1, 3, 0, 4, 3, 1, 4, 1, 1, 0, 4, 1, 1, 2, 1, 1, 1, 1, 3, 1, 2, 1, 1, 4, 1, 2, 1, 3, 1, 1, 1, 1, 2, 1, 4, 2, 2]|[0, 2, 1, 1, 3, 0, 1, 3, 0, 0, 0, 0, 1, 0, 1, 0, 0, 3, 1, 0, 0, 0, 3, 1, 0, 2, 0, 0, 0, 1, 0, 0, 0, 0, 3, 0, 1, 0, 0, 2, 1, 1, 1, 0, 0, 0, 0, 2, 1, 0, 0, 0, 1, 3, 0, 0, 0, 0, 0, 0, 2, 0, 1, 0, 2, 1, 0, 0, 1, 1, 3, 1, 1, 3, 0, 0, 1, 0, 0, 0, 0, 0, 0, 1, 1, 0, 0, 0, 1, 0, 2, 0, 0, 1, 1, 0, 0, 2, 0, 0],731.2476204416437,56586.27722209284,92825.60273597998,false
33,G4_BALANCED,G4_BALANCED,[31, 11, 82, 15, 26, 9, 95, 42, 77, 68, 47, 5, 93, 78, 86, 54, 85, 63, 18, 44, 20, 49, 36, 14, 74, 50, 53, 17, 21, 45, 71, 64, 3, 23, 30, 83, 24, 41, 60, 52, 65, 27, 90, 70, 39, 87, 48, 69, 99, 4, 46, 1, 13, 58, 97, 59, 28, 75, 73, 37, 35, 79, 22, 66, 76, 32, 40, 80, 96, 6, 61, 16, 33, 7, 57, 34, 12, 67, 10, 98, 56, 88, 29, 8, 91, 38, 19, 92, 0, 84, 51, 72, 81, 89, 25, 55, 94, 2, 43, 62]|[2, 1, 2, 1, 1, 2, 1, 1, 1, 1, 1, 0, 2, 2, 1, 2, 0, 0, 0, 2, 2, 1, 0, 2, 0, 2, 2, 1, 0, 1, 1, 1, 0, 0, 1, 0, 2, 1, 2, 2, 0, 0, 1, 1, 0, 2, 0, 2, 1, 0, 0, 2, 0, 0, 2, 0, 1, 1, 0, 0, 2, 1, 0, 1, 2, 0, 2, 2, 0, 1, 1, 2, 1, 2, 0, 1, 1, 1, 1, 2, 2, 1, 1, 0, 1, 0, 1, 0, 0, 0, 1, 1, 1, 1, 1, 0, 2, 2, 1, 1]|[0, 3, 0, 2, 4, 1, 4, 4, 2, 4, 3, 2, 1, 0, 2, 1, 1, 1, 2, 1, 1, 3, 0, 1, 0, 1, 1, 4, 1, 4, 3, 2, 2, 0, 4, 1, 1, 4, 0, 1, 2, 1, 4, 4, 1, 1, 0, 2, 3, 1, 2, 1, 2, 1, 1, 2, 4, 3, 0, 2, 2, 3, 1, 1, 1, 2, 0, 1, 2, 4, 3, 1, 4, 1, 2, 4, 3, 3, 3, 1, 1, 4, 3, 2, 3, 2, 4, 2, 2, 2, 3, 4, 4, 4, 4, 2, 1, 1, 4, 3]|[0, 2, 0, 1, 3, 0, 1, 3, 0, 0, 2, 0, 1, 0, 1, 0, 0, 0, 1, 0, 0, 2, 0, 0, 1, 0, 0, 3, 0, 1, 0, 2, 0, 1, 3, 0, 1, 3, 0, 0, 0, 0, 1, 3, 0, 0, 1, 0, 2, 0, 0, 0, 0, 0, 1, 0, 1, 0, 1, 1, 0, 2, 0, 2, 0, 0, 0, 0, 0, 2, 0, 0, 1, 0, 0, 1, 0, 0, 3, 0, 0, 1, 0, 0, 0, 0, 3, 0, 0, 0, 0, 2, 1, 1, 3, 0, 0, 0, 2, 0],851.3950062933596,51439.941474506384,111583.71672538936,false
33,G2_TEC,G2_TEC,[31, 22, 82, 15, 26, 9, 95, 42, 77, 68, 47, 5, 93, 78, 86, 54, 85, 63, 18, 44, 20, 49, 36, 14, 74, 50, 53, 17, 21, 28, 11, 64, 3, 23, 30, 83, 24, 41, 40, 52, 65, 27, 90, 70, 39, 87, 48, 69, 99, 4, 75, 1, 13, 58, 97, 59, 45, 8, 73, 37, 35, 79, 71, 66, 76, 32, 60, 80, 56, 6, 67, 61, 33, 7, 57, 34, 12, 16, 10, 98, 96, 88, 43, 46, 91, 38, 84, 92, 29, 19, 51, 72, 81, 25, 89, 55, 94, 2, 62, 0]|[2, 1, 2, 1, 1, 2, 1, 1, 1, 1, 1, 0, 2, 2, 1, 2, 0, 0, 0, 2, 2, 1, 0, 2, 0, 2, 2, 1, 0, 1, 1, 1, 0, 0, 1, 0, 2, 1, 2, 2, 0, 0, 1, 1, 0, 2, 0, 2, 1, 0, 0, 2, 0, 0, 2, 0, 1, 1, 0, 0, 2, 1, 1, 2, 2, 0, 2, 2, 2, 1, 2, 1, 1, 2, 0, 1, 1, 2, 1, 2, 0, 1, 1, 0, 1, 0, 0, 0, 1, 1, 1, 1, 1, 1, 1, 0, 2, 2, 1, 0]|[0, 3, 0, 3, 4, 1, 4, 4, 2, 4, 3, 2, 1, 0, 2, 1, 1, 1, 2, 1, 1, 3, 0, 1, 0, 1, 1, 4, 1, 4, 3, 2, 2, 0, 4, 1, 1, 4, 1, 1, 2, 1, 4, 4, 1, 1, 0, 2, 3, 2, 2, 1, 2, 1, 1, 2, 4, 3, 0, 2, 2, 3, 3, 1, 1, 2, 1, 1, 1, 4, 1, 3, 4, 1, 2, 4, 3, 1, 3, 1, 2, 4, 4, 2, 3, 2, 2, 2, 3, 4, 3, 4, 4, 4, 4, 2, 1, 1, 3, 2]|[0, 2, 0, 0, 3, 0, 1, 3, 0, 0, 2, 0, 1, 0, 1, 0, 0, 0, 1, 0, 0, 2, 0, 0, 1, 0, 0, 3, 0, 1, 0, 2, 0, 0, 3, 0, 1, 1, 0, 0, 0, 0, 1, 3, 0, 0, 1, 0, 2, 0, 0, 0, 0, 0, 1, 0, 1, 0, 1, 1, 0, 2, 0, 0, 0, 0, 0, 0, 0, 2, 0, 0, 1, 0, 0, 1, 0, 0, 3, 0, 0, 1, 2, 0, 0, 0, 0, 0, 3, 1, 0, 1, 2, 3, 1, 0, 0, 0, 0, 0],908.8272556494078,49271.80918042497,107420.98859684674,false
33,G3_TWC,G3_TWC,[31, 22, 82, 15, 26, 58, 95, 42, 77, 12, 47, 5, 93, 78, 98, 54, 85, 63, 18, 44, 20, 35, 43, 97, 91, 76, 10, 30, 21, 45, 71, 64, 1, 23, 17, 83, 24, 14, 60, 36, 6, 57, 94, 88, 65, 56, 79, 40, 67, 68, 46, 75, 38, 9, 19, 32, 81, 41, 27, 62, 87, 90, 99, 59, 11, 16, 72, 73, 70, 39, 37, 84, 3, 92, 25, 55, 28, 29, 51, 7, 33, 61, 86, 48, 89, 50, 66, 96, 53, 80, 4, 8, 34, 49, 52, 0, 13, 2, 69, 74]|[1, 1, 0, 1, 1, 1, 2, 1, 2, 1, 2, 2, 2, 1, 1, 0, 0, 1, 0, 2, 2, 0, 1, 2, 0, 1, 2, 2, 0, 0, 1, 2, 1, 2, 1, 0, 2, 0, 1, 1, 0, 1, 1, 1, 0, 2, 1, 1, 0, 0, 0, 0, 1, 1, 2, 1, 2, 0, 0, 0, 2, 1, 0, 1, 2, 1, 2, 1, 1, 1, 1, 1, 2, 0, 1, 1, 0, 0, 0, 1, 2, 1, 0, 0, 1, 0, 0, 0, 0, 0, 0, 1, 2, 0, 1, 0, 0, 0, 1, 2]|[4, 3, 2, 2, 0, 0, 2, 2, 2, 4, 1, 1, 2, 4, 4, 1, 1, 4, 2, 1, 1, 1, 1, 2, 1, 2, 1, 1, 1, 1, 3, 2, 3, 0, 4, 0, 1, 1, 0, 3, 2, 2, 4, 0, 1, 1, 0, 2, 0, 1, 2, 2, 1, 4, 0, 3, 2, 1, 1, 2, 1, 3, 1, 1, 1, 3, 0, 4, 3, 1, 4, 1, 1, 2, 4, 4, 2, 1, 1, 3, 1, 3, 1, 1, 1, 1, 1, 1, 2, 1, 2, 3, 1, 1, 1, 2, 2, 2, 3, 1]|[0, 2, 1, 1, 3, 3, 0, 1, 0, 0, 0, 0, 1, 0, 1, 0, 0, 3, 1, 0, 0, 0, 3, 1, 0, 2, 0, 0, 0, 1, 0, 0, 0, 0, 3, 0, 1, 0, 0, 2, 1, 1, 2, 0, 0, 0, 0, 1, 1, 0, 0, 0, 1, 3, 0, 0, 1, 0, 0, 1, 0, 2, 0, 1, 0, 2, 1, 0, 0, 1, 1, 3, 0, 1, 3, 3, 1, 0, 0, 2, 0, 0, 0, 0, 1, 0, 0, 0, 1, 0, 1, 2, 0, 1, 1, 0, 0, 0, 0, 0],805.5394456933803,58046.77716663049,89050.44506242599,false
33,G1_CMAX,G1_CMAX,[31, 22, 82, 15, 26, 99, 95, 42, 77, 12, 47, 5, 93, 78, 86, 54, 21, 63, 18, 44, 20, 35, 43, 97, 91, 76, 10, 30, 85, 45, 71, 64, 1, 23, 37, 83, 24, 14, 60, 36, 6, 57, 40, 88, 65, 56, 79, 94, 67, 68, 46, 75, 38, 9, 19, 32, 41, 81, 27, 87, 90, 58, 59, 11, 16, 72, 73, 70, 39, 17, 84, 3, 92, 25, 55, 48, 62, 29, 51, 96, 33, 61, 98, 28, 89, 50, 4, 7, 53, 80, 8, 66, 34, 49, 52, 0, 74, 69, 2, 13]|[1, 1, 0, 1, 1, 0, 1, 1, 2, 1, 2, 2, 2, 1, 1, 0, 0, 1, 0, 2, 2, 0, 1, 2, 0, 1, 2, 2, 0, 0, 1, 2, 1, 2, 1, 0, 2, 0, 1, 1, 0, 1, 1, 1, 0, 2, 1, 1, 0, 0, 0, 0, 1, 1, 2, 1, 0, 2, 0, 2, 1, 0, 1, 2, 1, 2, 1, 1, 1, 1, 1, 1, 0, 1, 2, 0, 0, 0, 0, 2, 2, 1, 2, 0, 1, 0, 1, 2, 0, 0, 1, 2, 2, 0, 1, 0, 2, 1, 0, 0]|[0, 3, 2, 2, 4, 1, 2, 3, 2, 4, 1, 1, 2, 4, 4, 1, 1, 4, 2, 1, 1, 1, 1, 2, 1, 2, 1, 1, 2, 1, 3, 2, 3, 1, 4, 0, 1, 1, 0, 3, 2, 2, 2, 0, 1, 1, 0, 4, 0, 1, 2, 2, 1, 4, 0, 3, 1, 1, 1, 1, 3, 1, 1, 1, 3, 0, 4, 3, 1, 4, 1, 1, 0, 4, 1, 1, 2, 1, 1, 1, 1, 3, 1, 2, 1, 1, 4, 1, 2, 1, 3, 1, 1, 1, 1, 2, 1, 4, 2, 2]|[0, 2, 1, 1, 3, 0, 1, 3, 0, 0, 0, 0, 1, 0, 1, 0, 0, 3, 1, 0, 0, 0, 3, 1, 0, 2, 0, 0, 0, 1, 0, 0, 0, 0, 3, 0, 1, 0, 0, 2, 1, 1, 1, 0, 0, 0, 0, 2, 1, 0, 0, 0, 1, 3, 0, 0, 0, 0, 0, 0, 2, 0, 1, 0, 2, 1, 0, 0, 1, 1, 3, 1, 1, 3, 0, 0, 1, 0, 0, 0, 0, 0, 0, 1, 1, 0, 0, 0, 1, 0, 2, 0, 0, 1, 1, 0, 0, 2, 0, 0],731.2476204416437,56586.27722209284,92825.60273597998,false
33,G4_BALANCED,G4_BALANCED,[31, 11, 82, 15, 26, 9, 95, 42, 77, 68, 47, 5, 93, 78, 86, 54, 85, 63, 18, 44, 20, 49, 36, 14, 74, 50, 53, 17, 21, 45, 71, 64, 3, 23, 30, 83, 24, 41, 60, 52, 65, 27, 90, 70, 39, 87, 48, 69, 99, 4, 46, 1, 13, 58, 97, 59, 28, 75, 73, 37, 35, 79, 22, 66, 76, 32, 40, 80, 96, 6, 61, 16, 33, 7, 57, 34, 12, 67, 10, 98, 56, 88, 29, 8, 91, 38, 19, 92, 0, 84, 51, 72, 81, 89, 25, 55, 94, 2, 43, 62]|[2, 1, 2, 1, 1, 2, 1, 1, 1, 1, 1, 0, 2, 2, 1, 2, 0, 0, 0, 2, 2, 1, 0, 2, 0, 2, 2, 1, 0, 1, 1, 1, 0, 0, 1, 0, 2, 1, 2, 2, 0, 0, 1, 1, 0, 2, 0, 2, 1, 0, 0, 2, 0, 0, 2, 0, 1, 1, 0, 0, 2, 1, 0, 1, 2, 0, 2, 2, 0, 1, 1, 2, 1, 2, 0, 1, 1, 1, 1, 2, 2, 1, 1, 0, 1, 0, 1, 0, 0, 0, 1, 1, 1, 1, 1, 0, 2, 2, 1, 1]|[0, 3, 0, 2, 4, 1, 4, 4, 2, 4, 3, 2, 1, 0, 2, 1, 1, 1, 2, 1, 1, 3, 0, 1, 0, 1, 1, 4, 1, 4, 3, 2, 2, 0, 4, 1, 1, 4, 0, 1, 2, 1, 4, 4, 1, 1, 0, 2, 3, 1, 2, 1, 2, 1, 1, 2, 4, 3, 0, 2, 2, 3, 1, 1, 1, 2, 0, 1, 2, 4, 3, 1, 4, 1, 2, 4, 3, 3, 3, 1, 1, 4, 3, 2, 3, 2, 4, 2, 2, 2, 3, 4, 4, 4, 4, 2, 1, 1, 4, 3]|[0, 2, 0, 1, 3, 0, 1, 3, 0, 0, 2, 0, 1, 0, 1, 0, 0, 0, 1, 0, 0, 2, 0, 0, 1, 0, 0, 3, 0, 1, 0, 2, 0, 1, 3, 0, 1, 3, 0, 0, 0, 0, 1, 3, 0, 0, 1, 0, 2, 0, 0, 0, 0, 0, 1, 0, 1, 0, 1, 1, 0, 2, 0, 2, 0, 0, 0, 0, 0, 2, 0, 0, 1, 0, 0, 1, 0, 0, 3, 0, 0, 1, 0, 0, 0, 0, 3, 0, 0, 0, 0, 2, 1, 1, 3, 0, 0, 0, 2, 0],851.3950062933596,51439.941474506384,111583.71672538936,false
33,G2_TEC,G2_TEC,[31, 22, 82, 15, 26, 9, 95, 42, 77, 68, 47, 5, 93, 78, 86, 54, 85, 63, 18, 44, 20, 49, 36, 14, 74, 50, 53, 17, 21, 28, 11, 64, 3, 23, 30, 83, 24, 41, 40, 52, 65, 27, 90, 70, 39, 87, 48, 69, 99, 4, 75, 1, 13, 58, 97, 59, 45, 8, 73, 37, 35, 79, 71, 66, 76, 32, 60, 80, 56, 6, 67, 61, 33, 7, 57, 34, 12, 16, 10, 98, 96, 88, 43, 46, 91, 38, 84, 92, 29, 19, 51, 72, 81, 25, 89, 55, 94, 2, 62, 0]|[2, 1, 2, 1, 1, 2, 1, 1, 1, 1, 1, 0, 2, 2, 1, 2, 0, 0, 0, 2, 2, 1, 0, 2, 0, 2, 2, 1, 0, 1, 1, 1, 0, 0, 1, 0, 2, 1, 2, 2, 0, 0, 1, 1, 0, 2, 0, 2, 1, 0, 0, 2, 0, 0, 2, 0, 1, 1, 0, 0, 2, 1, 1, 2, 2, 0, 2, 2, 2, 1, 2, 1, 1, 2, 0, 1, 1, 2, 1, 2, 0, 1, 1, 0, 1, 0, 0, 0, 1, 1, 1, 1, 1, 1, 1, 0, 2, 2, 1, 0]|[0, 3, 0, 3, 4, 1, 4, 4, 2, 4, 3, 2, 1, 0, 2, 1, 1, 1, 2, 1, 1, 3, 0, 1, 0, 1, 1, 4, 1, 4, 3, 2, 2, 0, 4, 1, 1, 4, 1, 1, 2, 1, 4, 4, 1, 1, 0, 2, 3, 2, 2, 1, 2, 1, 1, 2, 4, 3, 0, 2, 2, 3, 3, 1, 1, 2, 1, 1, 1, 4, 1, 3, 4, 1, 2, 4, 3, 1, 3, 1, 2, 4, 4, 2, 3, 2, 2, 2, 3, 4, 3, 4, 4, 4, 4, 2, 1, 1, 3, 2]|[0, 2, 0, 0, 3, 0, 1, 3, 0, 0, 2, 0, 1, 0, 1, 0, 0, 0, 1, 0, 0, 2, 0, 0, 1, 0, 0, 3, 0, 1, 0, 2, 0, 0, 3, 0, 1, 1, 0, 0, 0, 0, 1, 3, 0, 0, 1, 0, 2, 0, 0, 0, 0, 0, 1, 0, 1, 0, 1, 1, 0, 2, 0, 0, 0, 0, 0, 0, 0, 2, 0, 0, 1, 0, 0, 1, 0, 0, 3, 0, 0, 1, 2, 0, 0, 0, 0, 0, 3, 1, 0, 1, 2, 3, 1, 0, 0, 0, 0, 0],908.8272556494078,49271.80918042497,107420.98859684674,false
33,G3_TWC,G3_TWC,[31, 22, 82, 15, 26, 58, 95, 42, 77, 12, 47, 5, 93, 78, 98, 54, 85, 63, 18, 44, 20, 35, 43, 97, 91, 76, 10, 30, 21, 45, 71, 64, 1, 23, 17, 83, 24, 14, 60, 36, 6, 57, 94, 88, 65, 56, 79, 40, 67, 68, 46, 75, 38, 9, 19, 32, 81, 41, 27, 62, 87, 90, 99, 59, 11, 16, 72, 73, 70, 39, 37, 84, 3, 92, 25, 55, 28, 29, 51, 7, 33, 61, 86, 48, 89, 50, 66, 96, 53, 80, 4, 8, 34, 49, 52, 0, 13, 2, 69, 74]|[1, 1, 0, 1, 1, 1, 2, 1, 2, 1, 2, 2, 2, 1, 1, 0, 0, 1, 0, 2, 2, 0, 1, 2, 0, 1, 2, 2, 0, 0, 1, 2, 1, 2, 1, 0, 2, 0, 1, 1, 0, 1, 1, 1, 0, 2, 1, 1, 0, 0, 0, 0, 1, 1, 2, 1, 2, 0, 0, 0, 2, 1, 0, 1, 2, 1, 2, 1, 1, 1, 1, 1, 2, 0, 1, 1, 0, 0, 0, 1, 2, 1, 0, 0, 1, 0, 0, 0, 0, 0, 0, 1, 2, 0, 1, 0, 0, 0, 1, 2]|[4, 3, 2, 2, 0, 0, 2, 2, 2, 4, 1, 1, 2, 4, 4, 1, 1, 4, 2, 1, 1, 1, 1, 2, 1, 2, 1, 1, 1, 1, 3, 2, 3, 0, 4, 0, 1, 1, 0, 3, 2, 2, 4, 0, 1, 1, 0, 2, 0, 1, 2, 2, 1, 4, 0, 3, 2, 1, 1, 2, 1, 3, 1, 1, 1, 3, 0, 4, 3, 1, 4, 1, 1, 2, 4, 4, 2, 1, 1, 3, 1, 3, 1, 1, 1, 1, 1, 1, 2, 1, 2, 3, 1, 1, 1, 2, 2, 2, 3, 1]|[0, 2, 1, 1, 3, 3, 0, 1, 0, 0, 0, 0, 1, 0, 1, 0, 0, 3, 1, 0, 0, 0, 3, 1, 0, 2, 0, 0, 0, 1, 0, 0, 0, 0, 3, 0, 1, 0, 0, 2, 1, 1, 2, 0, 0, 0, 0, 1, 1, 0, 0, 0, 1, 3, 0, 0, 1, 0, 0, 1, 0, 2, 0, 1, 0, 2, 1, 0, 0, 1, 1, 3, 0, 1, 3, 3, 1, 0, 0, 2, 0, 0, 0, 0, 1, 0, 0, 0, 1, 0, 1, 2, 0, 1, 1, 0, 0, 0, 0, 0],805.5394456933803,58046.77716663049,89050.44506242599,false
33,G1_CMAX,G1_CMAX,[31, 22, 82, 15, 26, 99, 95, 42, 77, 12, 47, 5, 93, 78, 86, 54, 21, 63, 18, 44, 20, 35, 43, 97, 91, 76, 10, 30, 85, 45, 71, 64, 1, 23, 37, 83, 24, 14, 60, 36, 6, 57, 40, 88, 65, 56, 79, 94, 67, 68, 46, 75, 38, 9, 19, 32, 41, 81, 27, 87, 90, 58, 59, 11, 16, 72, 73, 70, 39, 17, 84, 3, 92, 25, 55, 48, 62, 29, 51, 96, 33, 61, 98, 28, 89, 50, 4, 7, 53, 80, 8, 66, 34, 49, 52, 0, 74, 69, 2, 13]|[1, 1, 0, 1, 1, 0, 1, 1, 2, 1, 2, 2, 2, 1, 1, 0, 0, 1, 0, 2, 2, 0, 1, 2, 0, 1, 2, 2, 0, 0, 1, 2, 1, 2, 1, 0, 2, 0, 1, 1, 0, 1, 1, 1, 0, 2, 1, 1, 0, 0, 0, 0, 1, 1, 2, 1, 0, 2, 0, 2, 1, 0, 1, 2, 1, 2, 1, 1, 1, 1, 1, 1, 0, 1, 2, 0, 0, 0, 0, 2, 2, 1, 2, 0, 1, 0, 1, 2, 0, 0, 1, 2, 2, 0, 1, 0, 2, 1, 0, 0]|[0, 3, 2, 2, 4, 1, 2, 3, 2, 4, 1, 1, 2, 4, 4, 1, 1, 4, 2, 1, 1, 1, 1, 2, 1, 2, 1, 1, 2, 1, 3, 2, 3, 1, 4, 0, 1, 1, 0, 3, 2, 2, 2, 0, 1, 1, 0, 4, 0, 1, 2, 2, 1, 4, 0, 3, 1, 1, 1, 1, 3, 1, 1, 1, 3, 0, 4, 3, 1, 4, 1, 1, 0, 4, 1, 1, 2, 1, 1, 1, 1, 3, 1, 2, 1, 1, 4, 1, 2, 1, 3, 1, 1, 1, 1, 2, 1, 4, 2, 2]|[0, 2, 1, 1, 3, 0, 1, 3, 0, 0, 0, 0, 1, 0, 1, 0, 0, 3, 1, 0, 0, 0, 3, 1, 0, 2, 0, 0, 0, 1, 0, 0, 0, 0, 3, 0, 1, 0, 0, 2, 1, 1, 1, 0, 0, 0, 0, 2, 1, 0, 0, 0, 1, 3, 0, 0, 0, 0, 0, 0, 2, 0, 1, 0, 2, 1, 0, 0, 1, 1, 3, 1, 1, 3, 0, 0, 1, 0, 0, 0, 0, 0, 0, 1, 1, 0, 0, 0, 1, 0, 2, 0, 0, 1, 1, 0, 0, 2, 0, 0],731.2476204416437,56586.27722209284,92825.60273597998,false
33,G4_BALANCED,G4_BALANCED,[31, 11, 82, 15, 26, 9, 95, 42, 77, 68, 47, 5, 93, 78, 86, 54, 85, 63, 18, 44, 20, 49, 36, 14, 74, 50, 53, 17, 21, 45, 71, 64, 3, 23, 30, 83, 24, 41, 60, 52, 65, 27, 90, 70, 39, 87, 48, 69, 99, 4, 46, 1, 13, 58, 97, 59, 28, 75, 73, 37, 35, 79, 22, 66, 76, 32, 40, 80, 96, 6, 61, 16, 33, 7, 57, 34, 12, 67, 10, 98, 56, 88, 29, 8, 91, 38, 19, 92, 0, 84, 51, 72, 81, 89, 25, 55, 94, 2, 43, 62]|[2, 1, 2, 1, 1, 2, 1, 1, 1, 1, 1, 0, 2, 2, 1, 2, 0, 0, 0, 2, 2, 1, 0, 2, 0, 2, 2, 1, 0, 1, 1, 1, 0, 0, 1, 0, 2, 1, 2, 2, 0, 0, 1, 1, 0, 2, 0, 2, 1, 0, 0, 2, 0, 0, 2, 0, 1, 1, 0, 0, 2, 1, 0, 1, 2, 0, 2, 2, 0, 1, 1, 2, 1, 2, 0, 1, 1, 1, 1, 2, 2, 1, 1, 0, 1, 0, 1, 0, 0, 0, 1, 1, 1, 1, 1, 0, 2, 2, 1, 1]|[0, 3, 0, 2, 4, 1, 4, 4, 2, 4, 3, 2, 1, 0, 2, 1, 1, 1, 2, 1, 1, 3, 0, 1, 0, 1, 1, 4, 1, 4, 3, 2, 2, 0, 4, 1, 1, 4, 0, 1, 2, 1, 4, 4, 1, 1, 0, 2, 3, 1, 2, 1, 2, 1, 1, 2, 4, 3, 0, 2, 2, 3, 1, 1, 1, 2, 0, 1, 2, 4, 3, 1, 4, 1, 2, 4, 3, 3, 3, 1, 1, 4, 3, 2, 3, 2, 4, 2, 2, 2, 3, 4, 4, 4, 4, 2, 1, 1, 4, 3]|[0, 2, 0, 1, 3, 0, 1, 3, 0, 0, 2, 0, 1, 0, 1, 0, 0, 0, 1, 0, 0, 2, 0, 0, 1, 0, 0, 3, 0, 1, 0, 2, 0, 1, 3, 0, 1, 3, 0, 0, 0, 0, 1, 3, 0, 0, 1, 0, 2, 0, 0, 0, 0, 0, 1, 0, 1, 0, 1, 1, 0, 2, 0, 2, 0, 0, 0, 0, 0, 2, 0, 0, 1, 0, 0, 1, 0, 0, 3, 0, 0, 1, 0, 0, 0, 0, 3, 0, 0, 0, 0, 2, 1, 1, 3, 0, 0, 0, 2, 0],851.3950062933596,51439.941474506384,111583.71672538936,false
33,G2_TEC,G2_TEC,[31, 22, 82, 15, 26, 9, 95, 42, 77, 68, 47, 5, 93, 78, 86, 54, 85, 63, 18, 44, 20, 49, 36, 14, 74, 50, 53, 17, 21, 28, 11, 64, 3, 23, 30, 83, 24, 41, 40, 52, 65, 27, 90, 70, 39, 87, 48, 69, 99, 4, 75, 1, 13, 58, 97, 59, 45, 8, 73, 37, 35, 79, 71, 66, 76, 32, 60, 80, 56, 6, 67, 61, 33, 7, 57, 34, 12, 16, 10, 98, 96, 88, 43, 46, 91, 38, 84, 92, 29, 19, 51, 72, 81, 25, 89, 55, 94, 2, 62, 0]|[2, 1, 2, 1, 1, 2, 1, 1, 1, 1, 1, 0, 2, 2, 1, 2, 0, 0, 0, 2, 2, 1, 0, 2, 0, 2, 2, 1, 0, 1, 1, 1, 0, 0, 1, 0, 2, 1, 2, 2, 0, 0, 1, 1, 0, 2, 0, 2, 1, 0, 0, 2, 0, 0, 2, 0, 1, 1, 0, 0, 2, 1, 1, 2, 2, 0, 2, 2, 2, 1, 2, 1, 1, 2, 0, 1, 1, 2, 1, 2, 0, 1, 1, 0, 1, 0, 0, 0, 1, 1, 1, 1, 1, 1, 1, 0, 2, 2, 1, 0]|[0, 3, 0, 3, 4, 1, 4, 4, 2, 4, 3, 2, 1, 0, 2, 1, 1, 1, 2, 1, 1, 3, 0, 1, 0, 1, 1, 4, 1, 4, 3, 2, 2, 0, 4, 1, 1, 4, 1, 1, 2, 1, 4, 4, 1, 1, 0, 2, 3, 2, 2, 1, 2, 1, 1, 2, 4, 3, 0, 2, 2, 3, 3, 1, 1, 2, 1, 1, 1, 4, 1, 3, 4, 1, 2, 4, 3, 1, 3, 1, 2, 4, 4, 2, 3, 2, 2, 2, 3, 4, 3, 4, 4, 4, 4, 2, 1, 1, 3, 2]|[0, 2, 0, 0, 3, 0, 1, 3, 0, 0, 2, 0, 1, 0, 1, 0, 0, 0, 1, 0, 0, 2, 0, 0, 1, 0, 0, 3, 0, 1, 0, 2, 0, 0, 3, 0, 1, 1, 0, 0, 0, 0, 1, 3, 0, 0, 1, 0, 2, 0, 0, 0, 0, 0, 1, 0, 1, 0, 1, 1, 0, 2, 0, 0, 0, 0, 0, 0, 0, 2, 0, 0, 1, 0, 0, 1, 0, 0, 3, 0, 0, 1, 2, 0, 0, 0, 0, 0, 3, 1, 0, 1, 2, 3, 1, 0, 0, 0, 0, 0],908.8272556494078,49271.80918042497,107420.98859684674,false
33,G3_TWC,G3_TWC,[31, 22, 82, 15, 26, 58, 95, 42, 77, 12, 47, 5, 93, 78, 98, 54, 85, 63, 18, 44, 20, 35, 43, 97, 91, 76, 10, 30, 21, 45, 71, 64, 1, 23, 17, 83, 24, 14, 60, 36, 6, 57, 94, 88, 65, 56, 79, 40, 67, 68, 46, 75, 38, 9, 19, 32, 81, 41, 27, 62, 87, 90, 99, 59, 11, 16, 72, 73, 70, 39, 37, 84, 3, 92, 25, 55, 28, 29, 51, 7, 33, 61, 86, 48, 89, 50, 66, 96, 53, 80, 4, 8, 34, 49, 52, 0, 13, 2, 69, 74]|[1, 1, 0, 1, 1, 1, 2, 1, 2, 1, 2, 2, 2, 1, 1, 0, 0, 1, 0, 2, 2, 0, 1, 2, 0, 1, 2, 2, 0, 0, 1, 2, 1, 2, 1, 0, 2, 0, 1, 1, 0, 1, 1, 1, 0, 2, 1, 1, 0, 0, 0, 0, 1, 1, 2, 1, 2, 0, 0, 0, 2, 1, 0, 1, 2, 1, 2, 1, 1, 1, 1, 1, 2, 0, 1, 1, 0, 0, 0, 1, 2, 1, 0, 0, 1, 0, 0, 0, 0, 0, 0, 1, 2, 0, 1, 0, 0, 0, 1, 2]|[4, 3, 2, 2, 0, 0, 2, 2, 2, 4, 1, 1, 2, 4, 4, 1, 1, 4, 2, 1, 1, 1, 1, 2, 1, 2, 1, 1, 1, 1, 3, 2, 3, 0, 4, 0, 1, 1, 0, 3, 2, 2, 4, 0, 1, 1, 0, 2, 0, 1, 2, 2, 1, 4, 0, 3, 2, 1, 1, 2, 1, 3, 1, 1, 1, 3, 0, 4, 3, 1, 4, 1, 1, 2, 4, 4, 2, 1, 1, 3, 1, 3, 1, 1, 1, 1, 1, 1, 2, 1, 2, 3, 1, 1, 1, 2, 2, 2, 3, 1]|[0, 2, 1, 1, 3, 3, 0, 1, 0, 0, 0, 0, 1, 0, 1, 0, 0, 3, 1, 0, 0, 0, 3, 1, 0, 2, 0, 0, 0, 1, 0, 0, 0, 0, 3, 0, 1, 0, 0, 2, 1, 1, 2, 0, 0, 0, 0, 1, 1, 0, 0, 0, 1, 3, 0, 0, 1, 0, 0, 1, 0, 2, 0, 1, 0, 2, 1, 0, 0, 1, 1, 3, 0, 1, 3, 3, 1, 0, 0, 2, 0, 0, 0, 0, 1, 0, 0, 0, 1, 0, 1, 2, 0, 1, 1, 0, 0, 0, 0, 0],805.5394456933803,58046.77716663049,89050.44506242599,false
33,G1_CMAX,G1_CMAX,[31, 22, 82, 15, 26, 99, 95, 42, 77, 12, 47, 5, 93, 78, 86, 54, 21, 63, 18, 44, 20, 35, 43, 97, 91, 76, 10, 30, 85, 45, 71, 64, 1, 23, 37, 83, 24, 14, 60, 36, 6, 57, 40, 88, 65, 56, 79, 94, 67, 68, 46, 75, 38, 9, 19, 32, 41, 81, 27, 87, 90, 58, 59, 11, 16, 72, 73, 70, 39, 17, 84, 3, 92, 25, 55, 48, 62, 29, 51, 96, 33, 61, 98, 28, 89, 50, 4, 7, 53, 80, 8, 66, 34, 49, 52, 0, 74, 69, 2, 13]|[1, 1, 0, 1, 1, 0, 1, 1, 2, 1, 2, 2, 2, 1, 1, 0, 0, 1, 0, 2, 2, 0, 1, 2, 0, 1, 2, 2, 0, 0, 1, 2, 1, 2, 1, 0, 2, 0, 1, 1, 0, 1, 1, 1, 0, 2, 1, 1, 0, 0, 0, 0, 1, 1, 2, 1, 0, 2, 0, 2, 1, 0, 1, 2, 1, 2, 1, 1, 1, 1, 1, 1, 0, 1, 2, 0, 0, 0, 0, 2, 2, 1, 2, 0, 1, 0, 1, 2, 0, 0, 1, 2, 2, 0, 1, 0, 2, 1, 0, 0]|[0, 3, 2, 2, 4, 1, 2, 3, 2, 4, 1, 1, 2, 4, 4, 1, 1, 4, 2, 1, 1, 1, 1, 2, 1, 2, 1, 1, 2, 1, 3, 2, 3, 1, 4, 0, 1, 1, 0, 3, 2, 2, 2, 0, 1, 1, 0, 4, 0, 1, 2, 2, 1, 4, 0, 3, 1, 1, 1, 1, 3, 1, 1, 1, 3, 0, 4, 3, 1, 4, 1, 1, 0, 4, 1, 1, 2, 1, 1, 1, 1, 3, 1, 2, 1, 1, 4, 1, 2, 1, 3, 1, 1, 1, 1, 2, 1, 4, 2, 2]|[0, 2, 1, 1, 3, 0, 1, 3, 0, 0, 0, 0, 1, 0, 1, 0, 0, 3, 1, 0, 0, 0, 3, 1, 0, 2, 0, 0, 0, 1, 0, 0, 0, 0, 3, 0, 1, 0, 0, 2, 1, 1, 1, 0, 0, 0, 0, 2, 1, 0, 0, 0, 1, 3, 0, 0, 0, 0, 0, 0, 2, 0, 1, 0, 2, 1, 0, 0, 1, 1, 3, 1, 1, 3, 0, 0, 1, 0, 0, 0, 0, 0, 0, 1, 1, 0, 0, 0, 1, 0, 2, 0, 0, 1, 1, 0, 0, 2, 0, 0],731.2476204416437,56586.27722209284,92825.60273597998,false
33,G4_BALANCED,G4_BALANCED,[31, 22, 82, 15, 26, 9, 95, 42, 77, 68, 47, 5, 93, 78, 86, 54, 85, 63, 18, 44, 20, 49, 36, 14, 74, 50, 53, 17, 21, 28, 11, 64, 3, 23, 30, 83, 24, 41, 60, 52, 65, 27, 90, 70, 39, 87, 48, 69, 99, 4, 46, 1, 13, 58, 97, 59, 45, 8, 73, 37, 35, 79, 71, 66, 76, 32, 40, 80, 56, 6, 67, 61, 12, 7, 57, 34, 33, 16, 10, 98, 96, 88, 43, 75, 91, 38, 84, 92, 29, 19, 51, 55, 72, 89, 25, 81, 94, 2, 62, 0]|[2, 1, 2, 1, 1, 2, 1, 1, 1, 1, 1, 0, 2, 2, 1, 2, 0, 0, 0, 2, 2, 1, 0, 2, 0, 2, 2, 1, 0, 1, 1, 1, 0, 0, 1, 0, 2, 1, 2, 2, 0, 0, 1, 1, 0, 2, 0, 2, 1, 0, 0, 2, 0, 0, 2, 0, 1, 1, 0, 0, 2, 1, 1, 2, 2, 0, 2, 2, 2, 1, 2, 1, 1, 2, 0, 1, 1, 1, 1, 2, 0, 1, 1, 0, 1, 0, 0, 0, 1, 1, 1, 0, 1, 1, 1, 1, 2, 2, 1, 0]|[0, 3, 0, 3, 4, 1, 4, 4, 2, 4, 3, 2, 1, 0, 2, 1, 1, 1, 2, 1, 1, 3, 0, 1, 0, 1, 1, 4, 1, 4, 3, 2, 2, 0, 4, 1, 1, 4, 1, 1, 2, 1, 4, 4, 1, 1, 0, 2, 3, 2, 2, 1, 2, 1, 1, 2, 4, 3, 0, 2, 2, 3, 3, 1, 1, 2, 1, 1, 1, 4, 1, 3, 3, 1, 2, 4, 4, 3, 3, 1, 2, 4, 4, 2, 3, 2, 2, 2, 3, 4, 3, 2, 4, 4, 4, 4, 1, 1, 3, 2]|[0, 2, 0, 0, 3, 0, 1, 3, 0, 0, 2, 0, 1, 0, 1, 0, 0, 0, 1, 0, 0, 2, 0, 0, 1, 0, 0, 3, 0, 1, 0, 2, 0, 0, 3, 0, 1, 1, 0, 0, 0, 0, 1, 3, 0, 0, 1, 0, 2, 0, 0, 0, 0, 0, 1, 0, 1, 0, 1, 1, 0, 2, 0, 0, 0, 0, 0, 0, 0, 2, 0, 0, 0, 0, 0, 1, 1, 0, 3, 0, 0, 1, 2, 0, 0, 0, 0, 0, 3, 1, 0, 0, 2, 1, 3, 2, 0, 0, 0, 0],886.6830470462914,49614.170589494766,107212.68524132032,false
33,G2_TEC,G2_TEC,[31, 22, 82, 15, 26, 9, 95, 42, 77, 68, 47, 5, 93, 78, 86, 54, 85, 63, 18, 44, 20, 49, 36, 14, 74, 50, 53, 17, 21, 28, 11, 64, 3, 23, 30, 83, 24, 41, 40, 52, 65, 27, 90, 70, 39, 87, 48, 69, 99, 4, 75, 1, 13, 58, 97, 59, 45, 8, 73, 37, 35, 79, 71, 66, 76, 32, 60, 80, 56, 6, 67, 61, 33, 7, 57, 34, 12, 16, 10, 98, 96, 88, 43, 46, 91, 38, 84, 92, 29, 19, 51, 72, 81, 25, 89, 55, 94, 2, 62, 0]|[2, 1, 2, 1, 1, 2, 1, 1, 1, 1, 1, 0, 2, 2, 1, 2, 0, 0, 0, 2, 2, 1, 0, 2, 0, 2, 2, 1, 0, 1, 1, 1, 0, 0, 1, 0, 2, 1, 2, 2, 0, 0, 1, 1, 0, 2, 0, 2, 1, 0, 0, 2, 0, 0, 2, 0, 1, 1, 0, 0, 2, 1, 1, 2, 2, 0, 2, 2, 2, 1, 2, 1, 1, 2, 0, 1, 1, 2, 1, 2, 0, 1, 1, 0, 1, 0, 0, 0, 1, 1, 1, 1, 1, 1, 1, 0, 2, 2, 1, 0]|[0, 3, 0, 3, 4, 1, 4, 4, 2, 4, 3, 2, 1, 0, 2, 1, 1, 1, 2, 1, 1, 3, 0, 1, 0, 1, 1, 4, 1, 4, 3, 2, 2, 0, 4, 1, 1, 4, 1, 1, 2, 1, 4, 4, 1, 1, 0, 2, 3, 2, 2, 1, 2, 1, 1, 2, 4, 3, 0, 2, 2, 3, 3, 1, 1, 2, 1, 1, 1, 4, 1, 3, 4, 1, 2, 4, 3, 1, 3, 1, 2, 4, 4, 2, 3, 2, 2, 2, 3, 4, 3, 4, 4, 4, 4, 2, 1, 1, 3, 2]|[0, 2, 0, 0, 3, 0, 1, 3, 0, 0, 2, 0, 1, 0, 1, 0, 0, 0, 1, 0, 0, 2, 0, 0, 1, 0, 0, 3, 0, 1, 0, 2, 0, 0, 3, 0, 1, 1, 0, 0, 0, 0, 1, 3, 0, 0, 1, 0, 2, 0, 0, 0, 0, 0, 1, 0, 1, 0, 1, 1, 0, 2, 0, 0, 0, 0, 0, 0, 0, 2, 0, 0, 1, 0, 0, 1, 0, 0, 3, 0, 0, 1, 2, 0, 0, 0, 0, 0, 3, 1, 0, 1, 2, 3, 1, 0, 0, 0, 0, 0],908.8272556494078,49271.80918042497,107420.98859684674,false
33,G3_TWC,G3_TWC,[31, 22, 82, 15, 26, 58, 95, 42, 77, 12, 47, 5, 93, 78, 98, 54, 85, 63, 18, 44, 20, 35, 43, 97, 91, 76, 10, 30, 21, 45, 71, 64, 1, 23, 17, 83, 24, 14, 60, 36, 6, 57, 94, 88, 65, 56, 79, 40, 67, 68, 46, 75, 38, 9, 19, 32, 81, 41, 27, 62, 87, 90, 99, 59, 11, 16, 72, 73, 70, 39, 37, 84, 3, 92, 25, 55, 28, 29, 51, 7, 33, 61, 86, 48, 89, 50, 66, 96, 53, 80, 4, 8, 34, 49, 52, 0, 13, 2, 69, 74]|[1, 1, 0, 1, 1, 1, 2, 1, 2, 1, 2, 2, 2, 1, 1, 0, 0, 1, 0, 2, 2, 0, 1, 2, 0, 1, 2, 2, 0, 0, 1, 2, 1, 2, 1, 0, 2, 0, 1, 1, 0, 1, 1, 1, 0, 2, 1, 1, 0, 0, 0, 0, 1, 1, 2, 1, 2, 0, 0, 0, 2, 1, 0, 1, 2, 1, 2, 1, 1, 1, 1, 1, 2, 0, 1, 1, 0, 0, 0, 1, 2, 1, 0, 0, 1, 0, 0, 0, 0, 0, 0, 1, 2, 0, 1, 0, 0, 0, 1, 2]|[4, 3, 2, 2, 0, 0, 2, 2, 2, 4, 1, 1, 2, 4, 4, 1, 1, 4, 2, 1, 1, 1, 1, 2, 1, 2, 1, 1, 1, 1, 3, 2, 3, 0, 4, 0, 1, 1, 0, 3, 2, 2, 4, 0, 1, 1, 0, 2, 0, 1, 2, 2, 1, 4, 0, 3, 2, 1, 1, 2, 1, 3, 1, 1, 1, 3, 0, 4, 3, 1, 4, 1, 1, 2, 4, 4, 2, 1, 1, 3, 1, 3, 1, 1, 1, 1, 1, 1, 2, 1, 2, 3, 1, 1, 1, 2, 2, 2, 3, 1]|[0, 2, 1, 1, 3, 3, 0, 1, 0, 0, 0, 0, 1, 0, 1, 0, 0, 3, 1, 0, 0, 0, 3, 1, 0, 2, 0, 0, 0, 1, 0, 0, 0, 0, 3, 0, 1, 0, 0, 2, 1, 1, 2, 0, 0, 0, 0, 1, 1, 0, 0, 0, 1, 3, 0, 0, 1, 0, 0, 1, 0, 2, 0, 1, 0, 2, 1, 0, 0, 1, 1, 3, 0, 1, 3, 3, 1, 0, 0, 2, 0, 0, 0, 0, 1, 0, 0, 0, 1, 0, 1, 2, 0, 1, 1, 0, 0, 0, 0, 0],805.5394456933803,58046.77716663049,89050.44506242599,false
33,G1_CMAX,G1_CMAX,[31, 22, 82, 15, 26, 99, 95, 42, 77, 12, 47, 5, 93, 78, 86, 54, 21, 63, 18, 44, 20, 35, 43, 97, 91, 76, 10, 30, 85, 45, 71, 64, 1, 23, 37, 83, 24, 14, 60, 36, 6, 57, 40, 88, 65, 56, 79, 94, 67, 68, 46, 75, 38, 9, 19, 32, 41, 81, 27, 87, 90, 58, 59, 11, 16, 72, 73, 70, 39, 17, 84, 3, 92, 25, 55, 48, 62, 29, 51, 96, 33, 61, 98, 28, 89, 50, 4, 7, 53, 80, 8, 66, 34, 49, 52, 0, 74, 69, 2, 13]|[1, 1, 0, 1, 1, 0, 1, 1, 2, 1, 2, 2, 2, 1, 1, 0, 0, 1, 0, 2, 2, 0, 1, 2, 0, 1, 2, 2, 0, 0, 1, 2, 1, 2, 1, 0, 2, 0, 1, 1, 0, 1, 1, 1, 0, 2, 1, 1, 0, 0, 0, 0, 1, 1, 2, 1, 0, 2, 0, 2, 1, 0, 1, 2, 1, 2, 1, 1, 1, 1, 1, 1, 0, 1, 2, 0, 0, 0, 0, 2, 2, 1, 2, 0, 1, 0, 1, 2, 0, 0, 1, 2, 2, 0, 1, 0, 2, 1, 0, 0]|[0, 3, 2, 2, 4, 1, 2, 3, 2, 4, 1, 1, 2, 4, 4, 1, 1, 4, 2, 1, 1, 1, 1, 2, 1, 2, 1, 1, 2, 1, 3, 2, 3, 1, 4, 0, 1, 1, 0, 3, 2, 2, 2, 0, 1, 1, 0, 4, 0, 1, 2, 2, 1, 4, 0, 3, 1, 1, 1, 1, 3, 1, 1, 1, 3, 0, 4, 3, 1, 4, 1, 1, 0, 4, 1, 1, 2, 1, 1, 1, 1, 3, 1, 2, 1, 1, 4, 1, 2, 1, 3, 1, 1, 1, 1, 2, 1, 4, 2, 2]|[0, 2, 1, 1, 3, 0, 1, 3, 0, 0, 0, 0, 1, 0, 1, 0, 0, 3, 1, 0, 0, 0, 3, 1, 0, 2, 0, 0, 0, 1, 0, 0, 0, 0, 3, 0, 1, 0, 0, 2, 1, 1, 1, 0, 0, 0, 0, 2, 1, 0, 0, 0, 1, 3, 0, 0, 0, 0, 0, 0, 2, 0, 1, 0, 2, 1, 0, 0, 1, 1, 3, 1, 1, 3, 0, 0, 1, 0, 0, 0, 0, 0, 0, 1, 1, 0, 0, 0, 1, 0, 2, 0, 0, 1, 1, 0, 0, 2, 0, 0],731.2476204416437,56586.27722209284,92825.60273597998,false
33,G4_BALANCED,G4_BALANCED,[31, 11, 82, 15, 26, 9, 95, 42, 77, 68, 47, 5, 93, 78, 86, 54, 85, 63, 18, 44, 20, 49, 36, 14, 74, 50, 53, 17, 21, 45, 71, 64, 3, 23, 30, 83, 24, 41, 60, 52, 65, 27, 90, 70, 39, 87, 48, 69, 99, 4, 46, 1, 13, 58, 97, 59, 28, 75, 73, 37, 35, 79, 22, 66, 76, 32, 40, 80, 96, 6, 61, 16, 33, 7, 57, 34, 12, 67, 10, 98, 56, 88, 29, 8, 91, 38, 19, 92, 0, 84, 51, 72, 81, 89, 25, 55, 94, 2, 43, 62]|[2, 1, 2, 1, 1, 2, 1, 1, 1, 1, 1, 0, 2, 2, 1, 2, 0, 0, 0, 2, 2, 1, 0, 2, 0, 2, 2, 1, 0, 1, 1, 1, 0, 0, 1, 0, 2, 1, 2, 2, 0, 0, 1, 1, 0, 2, 0, 2, 1, 0, 0, 2, 0, 0, 2, 0, 1, 1, 0, 0, 2, 1, 0, 1, 2, 0, 2, 2, 0, 1, 1, 2, 1, 2, 0, 1, 1, 1, 1, 2, 2, 1, 1, 0, 1, 0, 1, 0, 0, 0, 1, 1, 1, 1, 1, 0, 2, 2, 1, 1]|[0, 3, 0, 2, 4, 1, 4, 4, 2, 4, 3, 2, 1, 0, 2, 1, 1, 1, 2, 1, 1, 3, 0, 1, 0, 1, 1, 4, 1, 4, 3, 2, 2, 0, 4, 1, 1, 4, 0, 1, 2, 1, 4, 4, 1, 1, 0, 2, 3, 1, 2, 1, 2, 1, 1, 2, 4, 3, 0, 2, 2, 3, 1, 1, 1, 2, 0, 1, 2, 4, 3, 1, 4, 1, 2, 4, 3, 3, 3, 1, 1, 4, 3, 2, 3, 2, 4, 2, 2, 2, 3, 4, 4, 4, 4, 2, 1, 1, 4, 3]|[0, 2, 0, 1, 3, 0, 1, 3, 0, 0, 2, 0, 1, 0, 1, 0, 0, 0, 1, 0, 0, 2, 0, 0, 1, 0, 0, 3, 0, 1, 0, 2, 0, 1, 3, 0, 1, 3, 0, 0, 0, 0, 1, 3, 0, 0, 1, 0, 2, 0, 0, 0, 0, 0, 1, 0, 1, 0, 1, 1, 0, 2, 0, 2, 0, 0, 0, 0, 0, 2, 0, 0, 1, 0, 0, 1, 0, 0, 3, 0, 0, 1, 0, 0, 0, 0, 3, 0, 0, 0, 0, 2, 1, 1, 3, 0, 0, 0, 2, 0],851.3950062933596,51439.941474506384,111583.71672538936,false
33,G2_TEC,G2_TEC,[31, 22, 82, 15, 26, 9, 95, 42, 77, 68, 47, 5, 93, 78, 86, 54, 85, 63, 18, 44, 20, 49, 36, 14, 74, 50, 53, 17, 21, 28, 11, 64, 3, 23, 30, 83, 24, 41, 40, 52, 65, 27, 90, 70, 39, 87, 48, 69, 99, 4, 75, 1, 13, 58, 97, 59, 45, 8, 73, 37, 35, 79, 71, 66, 76, 32, 60, 80, 56, 6, 67, 61, 33, 7, 57, 34, 12, 16, 10, 98, 96, 88, 43, 46, 91, 38, 84, 92, 29, 19, 51, 72, 81, 25, 89, 55, 94, 2, 62, 0]|[2, 1, 2, 1, 1, 2, 1, 1, 1, 1, 1, 0, 2, 2, 1, 2, 0, 0, 0, 2, 2, 1, 0, 2, 0, 2, 2, 1, 0, 1, 1, 1, 0, 0, 1, 0, 2, 1, 2, 2, 0, 0, 1, 1, 0, 2, 0, 2, 1, 0, 0, 2, 0, 0, 2, 0, 1, 1, 0, 0, 2, 1, 1, 2, 2, 0, 2, 2, 2, 1, 2, 1, 1, 2, 0, 1, 1, 2, 1, 2, 0, 1, 1, 0, 1, 0, 0, 0, 1, 1, 1, 1, 1, 1, 1, 0, 2, 2, 1, 0]|[0, 3, 0, 3, 4, 1, 4, 4, 2, 4, 3, 2, 1, 0, 2, 1, 1, 1, 2, 1, 1, 3, 0, 1, 0, 1, 1, 4, 1, 4, 3, 2, 2, 0, 4, 1, 1, 4, 1, 1, 2, 1, 4, 4, 1, 1, 0, 2, 3, 2, 2, 1, 2, 1, 1, 2, 4, 3, 0, 2, 2, 3, 3, 1, 1, 2, 1, 1, 1, 4, 1, 3, 4, 1, 2, 4, 3, 1, 3, 1, 2, 4, 4, 2, 3, 2, 2, 2, 3, 4, 3, 4, 4, 4, 4, 2, 1, 1, 3, 2]|[0, 2, 0, 0, 3, 0, 1, 3, 0, 0, 2, 0, 1, 0, 1, 0, 0, 0, 1, 0, 0, 2, 0, 0, 1, 0, 0, 3, 0, 1, 0, 2, 0, 0, 3, 0, 1, 1, 0, 0, 0, 0, 1, 3, 0, 0, 1, 0, 2, 0, 0, 0, 0, 0, 1, 0, 1, 0, 1, 1, 0, 2, 0, 0, 0, 0, 0, 0, 0, 2, 0, 0, 1, 0, 0, 1, 0, 0, 3, 0, 0, 1, 2, 0, 0, 0, 0, 0, 3, 1, 0, 1, 2, 3, 1, 0, 0, 0, 0, 0],908.8272556494078,49271.80918042497,107420.98859684674,false
33,G3_TWC,G3_TWC,[31, 22, 82, 15, 26, 58, 95, 42, 77, 12, 47, 5, 93, 78, 98, 54, 85, 63, 18, 44, 20, 35, 43, 97, 91, 76, 10, 30, 21, 45, 71, 64, 1, 23, 17, 83, 24, 14, 60, 36, 6, 57, 94, 88, 65, 56, 79, 40, 67, 68, 46, 75, 38, 9, 19, 32, 81, 41, 27, 62, 87, 90, 99, 59, 11, 16, 72, 73, 70, 39, 37, 84, 3, 92, 25, 55, 28, 29, 51, 7, 33, 61, 86, 48, 89, 50, 66, 96, 53, 80, 4, 8, 34, 49, 52, 0, 13, 2, 69, 74]|[1, 1, 0, 1, 1, 1, 2, 1, 2, 1, 2, 2, 2, 1, 1, 0, 0, 1, 0, 2, 2, 0, 1, 2, 0, 1, 2, 2, 0, 0, 1, 2, 1, 2, 1, 0, 2, 0, 1, 1, 0, 1, 1, 1, 0, 2, 1, 1, 0, 0, 0, 0, 1, 1, 2, 1, 2, 0, 0, 0, 2, 1, 0, 1, 2, 1, 2, 1, 1, 1, 1, 1, 2, 0, 1, 1, 0, 0, 0, 1, 2, 1, 0, 0, 1, 0, 0, 0, 0, 0, 0, 1, 2, 0, 1, 0, 0, 0, 1, 2]|[4, 3, 2, 2, 0, 0, 2, 2, 2, 4, 1, 1, 2, 4, 4, 1, 1, 4, 2, 1, 1, 1, 1, 2, 1, 2, 1, 1, 1, 1, 3, 2, 3, 0, 4, 0, 1, 1, 0, 3, 2, 2, 4, 0, 1, 1, 0, 2, 0, 1, 2, 2, 1, 4, 0, 3, 2, 1, 1, 2, 1, 3, 1, 1, 1, 3, 0, 4, 3, 1, 4, 1, 1, 2, 4, 4, 2, 1, 1, 3, 1, 3, 1, 1, 1, 1, 1, 1, 2, 1, 2, 3, 1, 1, 1, 2, 2, 2, 3, 1]|[0, 2, 1, 1, 3, 3, 0, 1, 0, 0, 0, 0, 1, 0, 1, 0, 0, 3, 1, 0, 0, 0, 3, 1, 0, 2, 0, 0, 0, 1, 0, 0, 0, 0, 3, 0, 1, 0, 0, 2, 1, 1, 2, 0, 0, 0, 0, 1, 1, 0, 0, 0, 1, 3, 0, 0, 1, 0, 0, 1, 0, 2, 0, 1, 0, 2, 1, 0, 0, 1, 1, 3, 0, 1, 3, 3, 1, 0, 0, 2, 0, 0, 0, 0, 1, 0, 0, 0, 1, 0, 1, 2, 0, 1, 1, 0, 0, 0, 0, 0],805.5394456933803,58046.77716663049,89050.44506242599,false
33,G1_CMAX,G1_CMAX,[31, 22, 82, 15, 26, 99, 95, 42, 77, 12, 47, 5, 93, 78, 86, 54, 21, 63, 18, 44, 20, 35, 43, 97, 91, 76, 10, 30, 85, 45, 71, 64, 1, 23, 37, 83, 24, 14, 60, 36, 6, 57, 40, 88, 65, 56, 79, 94, 67, 68, 46, 75, 38, 9, 19, 32, 41, 81, 27, 87, 90, 58, 59, 11, 16, 72, 73, 70, 39, 17, 84, 3, 92, 25, 55, 48, 62, 29, 51, 96, 33, 61, 98, 28, 89, 50, 4, 7, 53, 80, 8, 66, 34, 49, 52, 0, 74, 69, 2, 13]|[1, 1, 0, 1, 1, 0, 1, 1, 2, 1, 2, 2, 2, 1, 1, 0, 0, 1, 0, 2, 2, 0, 1, 2, 0, 1, 2, 2, 0, 0, 1, 2, 1, 2, 1, 0, 2, 0, 1, 1, 0, 1, 1, 1, 0, 2, 1, 1, 0, 0, 0, 0, 1, 1, 2, 1, 0, 2, 0, 2, 1, 0, 1, 2, 1, 2, 1, 1, 1, 1, 1, 1, 0, 1, 2, 0, 0, 0, 0, 2, 2, 1, 2, 0, 1, 0, 1, 2, 0, 0, 1, 2, 2, 0, 1, 0, 2, 1, 0, 0]|[0, 3, 2, 2, 4, 1, 2, 3, 2, 4, 1, 1, 2, 4, 4, 1, 1, 4, 2, 1, 1, 1, 1, 2, 1, 2, 1, 1, 2, 1, 3, 2, 3, 1, 4, 0, 1, 1, 0, 3, 2, 2, 2, 0, 1, 1, 0, 4, 0, 1, 2, 2, 1, 4, 0, 3, 1, 1, 1, 1, 3, 1, 1, 1, 3, 0, 4, 3, 1, 4, 1, 1, 0, 4, 1, 1, 2, 1, 1, 1, 1, 3, 1, 2, 1, 1, 4, 1, 2, 1, 3, 1, 1, 1, 1, 2, 1, 4, 2, 2]|[0, 2, 1, 1, 3, 0, 1, 3, 0, 0, 0, 0, 1, 0, 1, 0, 0, 3, 1, 0, 0, 0, 3, 1, 0, 2, 0, 0, 0, 1, 0, 0, 0, 0, 3, 0, 1, 0, 0, 2, 1, 1, 1, 0, 0, 0, 0, 2, 1, 0, 0, 0, 1, 3, 0, 0, 0, 0, 0, 0, 2, 0, 1, 0, 2, 1, 0, 0, 1, 1, 3, 1, 1, 3, 0, 0, 1, 0, 0, 0, 0, 0, 0, 1, 1, 0, 0, 0, 1, 0, 2, 0, 0, 1, 1, 0, 0, 2, 0, 0],731.2476204416437,56586.27722209284,92825.60273597998,false
33,G4_BALANCED,G4_BALANCED,[31, 11, 82, 15, 26, 9, 95, 42, 77, 68, 47, 5, 93, 78, 86, 54, 85, 63, 18, 44, 20, 49, 36, 14, 74, 50, 53, 17, 21, 45, 71, 64, 3, 23, 30, 83, 24, 41, 60, 52, 65, 27, 90, 70, 39, 87, 48, 69, 99, 4, 46, 1, 13, 58, 97, 59, 28, 75, 73, 37, 35, 79, 22, 66, 76, 32, 40, 80, 96, 6, 61, 16, 33, 7, 57, 34, 12, 67, 10, 98, 56, 88, 29, 8, 91, 38, 19, 92, 0, 84, 51, 72, 81, 89, 25, 55, 94, 2, 43, 62]|[2, 1, 2, 1, 1, 2, 1, 1, 1, 1, 1, 0, 2, 2, 1, 2, 0, 0, 0, 2, 2, 1, 0, 2, 0, 2, 2, 1, 0, 1, 1, 1, 0, 0, 1, 0, 2, 1, 2, 2, 0, 0, 1, 1, 0, 2, 0, 2, 1, 0, 0, 2, 0, 0, 2, 0, 1, 1, 0, 0, 2, 1, 0, 1, 2, 0, 2, 2, 0, 1, 1, 2, 1, 2, 0, 1, 1, 1, 1, 2, 2, 1, 1, 0, 1, 0, 1, 0, 0, 0, 1, 1, 1, 1, 1, 0, 2, 2, 1, 1]|[0, 3, 0, 2, 4, 1, 4, 4, 2, 4, 3, 2, 1, 0, 2, 1, 1, 1, 2, 1, 1, 3, 0, 1, 0, 1, 1, 4, 1, 4, 3, 2, 2, 0, 4, 1, 1, 4, 0, 1, 2, 1, 4, 4, 1, 1, 0, 2, 3, 1, 2, 1, 2, 1, 1, 2, 4, 3, 0, 2, 2, 3, 1, 1, 1, 2, 0, 1, 2, 4, 3, 1, 4, 1, 2, 4, 3, 3, 3, 1, 1, 4, 3, 2, 3, 2, 4, 2, 2, 2, 3, 4, 4, 4, 4, 2, 1, 1, 4, 3]|[0, 2, 0, 1, 3, 0, 1, 3, 0, 0, 2, 0, 1, 0, 1, 0, 0, 0, 1, 0, 0, 2, 0, 0, 1, 0, 0, 3, 0, 1, 0, 2, 0, 1, 3, 0, 1, 3, 0, 0, 0, 0, 1, 3, 0, 0, 1, 0, 2, 0, 0, 0, 0, 0, 1, 0, 1, 0, 1, 1, 0, 2, 0, 2, 0, 0, 0, 0, 0, 2, 0, 0, 1, 0, 0, 1, 0, 0, 3, 0, 0, 1, 0, 0, 0, 0, 3, 0, 0, 0, 0, 2, 1, 1, 3, 0, 0, 0, 2, 0],851.3950062933596,51439.941474506384,111583.71672538936,false
33,G2_TEC,G2_TEC,[31, 22, 82, 15, 26, 9, 95, 42, 77, 68, 47, 5, 93, 78, 86, 54, 85, 63, 18, 44, 20, 49, 36, 14, 74, 50, 53, 17, 21, 28, 11, 64, 3, 23, 30, 83, 24, 41, 40, 52, 65, 27, 90, 70, 39, 87, 48, 69, 99, 4, 75, 1, 13, 58, 97, 59, 45, 8, 73, 37, 35, 79, 71, 66, 76, 32, 60, 80, 56, 6, 67, 61, 33, 7, 57, 34, 12, 16, 10, 98, 96, 88, 43, 46, 91, 38, 84, 92, 29, 19, 51, 72, 81, 25, 89, 55, 94, 2, 62, 0]|[2, 1, 2, 1, 1, 2, 1, 1, 1, 1, 1, 0, 2, 2, 1, 2, 0, 0, 0, 2, 2, 1, 0, 2, 0, 2, 2, 1, 0, 1, 1, 1, 0, 0, 1, 0, 2, 1, 2, 2, 0, 0, 1, 1, 0, 2, 0, 2, 1, 0, 0, 2, 0, 0, 2, 0, 1, 1, 0, 0, 2, 1, 1, 2, 2, 0, 2, 2, 2, 1, 2, 1, 1, 2, 0, 1, 1, 2, 1, 2, 0, 1, 1, 0, 1, 0, 0, 0, 1, 1, 1, 1, 1, 1, 1, 0, 2, 2, 1, 0]|[0, 3, 0, 3, 4, 1, 4, 4, 2, 4, 3, 2, 1, 0, 2, 1, 1, 1, 2, 1, 1, 3, 0, 1, 0, 1, 1, 4, 1, 4, 3, 2, 2, 0, 4, 1, 1, 4, 1, 1, 2, 1, 4, 4, 1, 1, 0, 2, 3, 2, 2, 1, 2, 1, 1, 2, 4, 3, 0, 2, 2, 3, 3, 1, 1, 2, 1, 1, 1, 4, 1, 3, 4, 1, 2, 4, 3, 1, 3, 1, 2, 4, 4, 2, 3, 2, 2, 2, 3, 4, 3, 4, 4, 4, 4, 2, 1, 1, 3, 2]|[0, 2, 0, 0, 3, 0, 1, 3, 0, 0, 2, 0, 1, 0, 1, 0, 0, 0, 1, 0, 0, 2, 0, 0, 1, 0, 0, 3, 0, 1, 0, 2, 0, 0, 3, 0, 1, 1, 0, 0, 0, 0, 1, 3, 0, 0, 1, 0, 2, 0, 0, 0, 0, 0, 1, 0, 1, 0, 1, 1, 0, 2, 0, 0, 0, 0, 0, 0, 0, 2, 0, 0, 1, 0, 0, 1, 0, 0, 3, 0, 0, 1, 2, 0, 0, 0, 0, 0, 3, 1, 0, 1, 2, 3, 1, 0, 0, 0, 0, 0],908.8272556494078,49271.80918042497,107420.98859684674,false
33,G3_TWC,G3_TWC,[31, 22, 82, 15, 26, 58, 95, 42, 77, 12, 47, 5, 93, 78, 98, 54, 85, 63, 18, 44, 20, 35, 43, 97, 91, 76, 10, 30, 21, 45, 71, 64, 1, 23, 17, 83, 24, 14, 60, 36, 6, 57, 94, 88, 65, 56, 79, 40, 67, 68, 46, 75, 38, 9, 19, 32, 81, 41, 27, 62, 87, 90, 99, 59, 11, 16, 72, 73, 70, 39, 37, 84, 3, 92, 25, 55, 28, 29, 51, 7, 33, 61, 86, 48, 89, 50, 66, 96, 53, 80, 4, 8, 34, 49, 52, 0, 13, 2, 69, 74]|[1, 1, 0, 1, 1, 1, 2, 1, 2, 1, 2, 2, 2, 1, 1, 0, 0, 1, 0, 2, 2, 0, 1, 2, 0, 1, 2, 2, 0, 0, 1, 2, 1, 2, 1, 0, 2, 0, 1, 1, 0, 1, 1, 1, 0, 2, 1, 1, 0, 0, 0, 0, 1, 1, 2, 1, 2, 0, 0, 0, 2, 1, 0, 1, 2, 1, 2, 1, 1, 1, 1, 1, 2, 0, 1, 1, 0, 0, 0, 1, 2, 1, 0, 0, 1, 0, 0, 0, 0, 0, 0, 1, 2, 0, 1, 0, 0, 0, 1, 2]|[4, 3, 2, 2, 0, 0, 2, 2, 2, 4, 1, 1, 2, 4, 4, 1, 1, 4, 2, 1, 1, 1, 1, 2, 1, 2, 1, 1, 1, 1, 3, 2, 3, 0, 4, 0, 1, 1, 0, 3, 2, 2, 4, 0, 1, 1, 0, 2, 0, 1, 2, 2, 1, 4, 0, 3, 2, 1, 1, 2, 1, 3, 1, 1, 1, 3, 0, 4, 3, 1, 4, 1, 1, 2, 4, 4, 2, 1, 1, 3, 1, 3, 1, 1, 1, 1, 1, 1, 2, 1, 2, 3, 1, 1, 1, 2, 2, 2, 3, 1]|[0, 2, 1, 1, 3, 3, 0, 1, 0, 0, 0, 0, 1, 0, 1, 0, 0, 3, 1, 0, 0, 0, 3, 1, 0, 2, 0, 0, 0, 1, 0, 0, 0, 0, 3, 0, 1, 0, 0, 2, 1, 1, 2, 0, 0, 0, 0, 1, 1, 0, 0, 0, 1, 3, 0, 0, 1, 0, 0, 1, 0, 2, 0, 1, 0, 2, 1, 0, 0, 1, 1, 3, 0, 1, 3, 3, 1, 0, 0, 2, 0, 0, 0, 0, 1, 0, 0, 0, 1, 0, 1, 2, 0, 1, 1, 0, 0, 0, 0, 0],805.5394456933803,58046.77716663049,89050.44506242599,false
33,G1_CMAX,G1_CMAX,[31, 22, 82, 15, 26, 99, 95, 42, 77, 12, 47, 5, 93, 78, 86, 54, 21, 63, 18, 44, 20, 35, 43, 97, 91, 76, 10, 30, 85, 45, 71, 64, 1, 23, 37, 83, 24, 14, 60, 36, 6, 57, 40, 88, 65, 56, 79, 94, 67, 68, 46, 75, 38, 9, 19, 32, 41, 81, 27, 87, 90, 58, 59, 11, 16, 72, 73, 70, 39, 17, 84, 3, 92, 25, 55, 48, 62, 29, 51, 96, 33, 61, 98, 28, 89, 50, 4, 7, 53, 80, 8, 66, 34, 49, 52, 0, 74, 69, 2, 13]|[1, 1, 0, 1, 1, 0, 1, 1, 2, 1, 2, 2, 2, 1, 1, 0, 0, 1, 0, 2, 2, 0, 1, 2, 0, 1, 2, 2, 0, 0, 1, 2, 1, 2, 1, 0, 2, 0, 1, 1, 0, 1, 1, 1, 0, 2, 1, 1, 0, 0, 0, 0, 1, 1, 2, 1, 0, 2, 0, 2, 1, 0, 1, 2, 1, 2, 1, 1, 1, 1, 1, 1, 0, 1, 2, 0, 0, 0, 0, 2, 2, 1, 2, 0, 1, 0, 1, 2, 0, 0, 1, 2, 2, 0, 1, 0, 2, 1, 0, 0]|[0, 3, 2, 2, 4, 1, 2, 3, 2, 4, 1, 1, 2, 4, 4, 1, 1, 4, 2, 1, 1, 1, 1, 2, 1, 2, 1, 1, 2, 1, 3, 2, 3, 1, 4, 0, 1, 1, 0, 3, 2, 2, 2, 0, 1, 1, 0, 4, 0, 1, 2, 2, 1, 4, 0, 3, 1, 1, 1, 1, 3, 1, 1, 1, 3, 0, 4, 3, 1, 4, 1, 1, 0, 4, 1, 1, 2, 1, 1, 1, 1, 3, 1, 2, 1, 1, 4, 1, 2, 1, 3, 1, 1, 1, 1, 2, 1, 4, 2, 2]|[0, 2, 1, 1, 3, 0, 1, 3, 0, 0, 0, 0, 1, 0, 1, 0, 0, 3, 1, 0, 0, 0, 3, 1, 0, 2, 0, 0, 0, 1, 0, 0, 0, 0, 3, 0, 1, 0, 0, 2, 1, 1, 1, 0, 0, 0, 0, 2, 1, 0, 0, 0, 1, 3, 0, 0, 0, 0, 0, 0, 2, 0, 1, 0, 2, 1, 0, 0, 1, 1, 3, 1, 1, 3, 0, 0, 1, 0, 0, 0, 0, 0, 0, 1, 1, 0, 0, 0, 1, 0, 2, 0, 0, 1, 1, 0, 0, 2, 0, 0],731.2476204416437,56586.27722209284,92825.60273597998,false
33,G4_BALANCED,G4_BALANCED,[31, 11, 82, 15, 26, 9, 95, 42, 77, 68, 47, 5, 93, 78, 86, 54, 85, 63, 18, 44, 20, 49, 36, 14, 74, 50, 53, 17, 21, 45, 71, 64, 3, 23, 30, 83, 24, 41, 60, 52, 65, 27, 90, 70, 39, 87, 48, 69, 99, 4, 46, 1, 13, 58, 97, 59, 28, 75, 73, 37, 35, 79, 22, 66, 76, 32, 40, 80, 96, 6, 61, 16, 33, 7, 57, 34, 12, 67, 10, 98, 56, 88, 29, 8, 91, 38, 19, 92, 0, 84, 51, 72, 81, 89, 25, 55, 94, 2, 43, 62]|[2, 1, 2, 1, 1, 2, 1, 1, 1, 1, 1, 0, 2, 2, 1, 2, 0, 0, 0, 2, 2, 1, 0, 2, 0, 2, 2, 1, 0, 1, 1, 1, 0, 0, 1, 0, 2, 1, 2, 2, 0, 0, 1, 1, 0, 2, 0, 2, 1, 0, 0, 2, 0, 0, 2, 0, 1, 1, 0, 0, 2, 1, 0, 1, 2, 0, 2, 2, 0, 1, 1, 2, 1, 2, 0, 1, 1, 1, 1, 2, 2, 1, 1, 0, 1, 0, 1, 0, 0, 0, 1, 1, 1, 1, 1, 0, 2, 2, 1, 1]|[0, 3, 0, 2, 4, 1, 4, 4, 2, 4, 3, 2, 1, 0, 2, 1, 1, 1, 2, 1, 1, 3, 0, 1, 0, 1, 1, 4, 1, 4, 3, 2, 2, 0, 4, 1, 1, 4, 0, 1, 2, 1, 4, 4, 1, 1, 0, 2, 3, 1, 2, 1, 2, 1, 1, 2, 4, 3, 0, 2, 2, 3, 1, 1, 1, 2, 0, 1, 2, 4, 3, 1, 4, 1, 2, 4, 3, 3, 3, 1, 1, 4, 3, 2, 3, 2, 4, 2, 2, 2, 3, 4, 4, 4, 4, 2, 1, 1, 4, 3]|[0, 2, 0, 1, 3, 0, 1, 3, 0, 0, 2, 0, 1, 0, 1, 0, 0, 0, 1, 0, 0, 2, 0, 0, 1, 0, 0, 3, 0, 1, 0, 2, 0, 1, 3, 0, 1, 3, 0, 0, 0, 0, 1, 3, 0, 0, 1, 0, 2, 0, 0, 0, 0, 0, 1, 0, 1, 0, 1, 1, 0, 2, 0, 2, 0, 0, 0, 0, 0, 2, 0, 0, 1, 0, 0, 1, 0, 0, 3, 0, 0, 1, 0, 0, 0, 0, 3, 0, 0, 0, 0, 2, 1, 1, 3, 0, 0, 0, 2, 0],851.3950062933596,51439.941474506384,111583.71672538936,false
33,G2_TEC,G2_TEC,[31, 22, 82, 15, 26, 9, 95, 42, 77, 68, 47, 5, 93, 78, 86, 54, 85, 63, 18, 44, 20, 49, 36, 14, 74, 50, 53, 17, 21, 28, 11, 64, 3, 23, 30, 83, 24, 41, 40, 52, 65, 27, 90, 70, 39, 87, 48, 69, 99, 4, 75, 1, 13, 58, 97, 59, 45, 8, 73, 37, 35, 79, 71, 66, 76, 32, 60, 80, 56, 6, 67, 61, 33, 7, 57, 34, 12, 16, 10, 98, 96, 88, 43, 46, 91, 38, 84, 92, 29, 19, 51, 72, 81, 25, 89, 55, 94, 2, 62, 0]|[2, 1, 2, 1, 1, 2, 1, 1, 1, 1, 1, 0, 2, 2, 1, 2, 0, 0, 0, 2, 2, 1, 0, 2, 0, 2, 2, 1, 0, 1, 1, 1, 0, 0, 1, 0, 2, 1, 2, 2, 0, 0, 1, 1, 0, 2, 0, 2, 1, 0, 0, 2, 0, 0, 2, 0, 1, 1, 0, 0, 2, 1, 1, 2, 2, 0, 2, 2, 2, 1, 2, 1, 1, 2, 0, 1, 1, 2, 1, 2, 0, 1, 1, 0, 1, 0, 0, 0, 1, 1, 1, 1, 1, 1, 1, 0, 2, 2, 1, 0]|[0, 3, 0, 3, 4, 1, 4, 4, 2, 4, 3, 2, 1, 0, 2, 1, 1, 1, 2, 1, 1, 3, 0, 1, 0, 1, 1, 4, 1, 4, 3, 2, 2, 0, 4, 1, 1, 4, 1, 1, 2, 1, 4, 4, 1, 1, 0, 2, 3, 2, 2, 1, 2, 1, 1, 2, 4, 3, 0, 2, 2, 3, 3, 1, 1, 2, 1, 1, 1, 4, 1, 3, 4, 1, 2, 4, 3, 1, 3, 1, 2, 4, 4, 2, 3, 2, 2, 2, 3, 4, 3, 4, 4, 4, 4, 2, 1, 1, 3, 2]|[0, 2, 0, 0, 3, 0, 1, 3, 0, 0, 2, 0, 1, 0, 1, 0, 0, 0, 1, 0, 0, 2, 0, 0, 1, 0, 0, 3, 0, 1, 0, 2, 0, 0, 3, 0, 1, 1, 0, 0, 0, 0, 1, 3, 0, 0, 1, 0, 2, 0, 0, 0, 0, 0, 1, 0, 1, 0, 1, 1, 0, 2, 0, 0, 0, 0, 0, 0, 0, 2, 0, 0, 1, 0, 0, 1, 0, 0, 3, 0, 0, 1, 2, 0, 0, 0, 0, 0, 3, 1, 0, 1, 2, 3, 1, 0, 0, 0, 0, 0],908.8272556494078,49271.80918042497,107420.98859684674,false
33,G3_TWC,G3_TWC,[31, 22, 82, 15, 26, 58, 95, 42, 77, 12, 47, 5, 93, 78, 98, 54, 85, 63, 18, 44, 20, 35, 43, 97, 91, 76, 10, 30, 21, 45, 71, 64, 1, 23, 17, 83, 24, 14, 60, 36, 6, 57, 94, 88, 65, 56, 79, 40, 67, 68, 46, 75, 38, 9, 19, 32, 81, 41, 27, 62, 87, 90, 99, 59, 11, 16, 72, 73, 70, 39, 37, 84, 3, 92, 25, 55, 28, 29, 51, 7, 33, 61, 86, 48, 89, 50, 66, 96, 53, 80, 4, 8, 34, 49, 52, 0, 13, 2, 69, 74]|[1, 1, 0, 1, 1, 1, 2, 1, 2, 1, 2, 2, 2, 1, 1, 0, 0, 1, 0, 2, 2, 0, 1, 2, 0, 1, 2, 2, 0, 0, 1, 2, 1, 2, 1, 0, 2, 0, 1, 1, 0, 1, 1, 1, 0, 2, 1, 1, 0, 0, 0, 0, 1, 1, 2, 1, 2, 0, 0, 0, 2, 1, 0, 1, 2, 1, 2, 1, 1, 1, 1, 1, 2, 0, 1, 1, 0, 0, 0, 1, 2, 1, 0, 0, 1, 0, 0, 0, 0, 0, 0, 1, 2, 0, 1, 0, 0, 0, 1, 2]|[4, 3, 2, 2, 0, 0, 2, 2, 2, 4, 1, 1, 2, 4, 4, 1, 1, 4, 2, 1, 1, 1, 1, 2, 1, 2, 1, 1, 1, 1, 3, 2, 3, 0, 4, 0, 1, 1, 0, 3, 2, 2, 4, 0, 1, 1, 0, 2, 0, 1, 2, 2, 1, 4, 0, 3, 2, 1, 1, 2, 1, 3, 1, 1, 1, 3, 0, 4, 3, 1, 4, 1, 1, 2, 4, 4, 2, 1, 1, 3, 1, 3, 1, 1, 1, 1, 1, 1, 2, 1, 2, 3, 1, 1, 1, 2, 2, 2, 3, 1]|[0, 2, 1, 1, 3, 3, 0, 1, 0, 0, 0, 0, 1, 0, 1, 0, 0, 3, 1, 0, 0, 0, 3, 1, 0, 2, 0, 0, 0, 1, 0, 0, 0, 0, 3, 0, 1, 0, 0, 2, 1, 1, 2, 0, 0, 0, 0, 1, 1, 0, 0, 0, 1, 3, 0, 0, 1, 0, 0, 1, 0, 2, 0, 1, 0, 2, 1, 0, 0, 1, 1, 3, 0, 1, 3, 3, 1, 0, 0, 2, 0, 0, 0, 0, 1, 0, 0, 0, 1, 0, 1, 2, 0, 1, 1, 0, 0, 0, 0, 0],805.5394456933803,58046.77716663049,89050.44506242599,false
33,G1_CMAX,G1_CMAX,[31, 22, 82, 15, 26, 99, 95, 42, 77, 12, 47, 5, 93, 78, 86, 54, 21, 63, 18, 44, 20, 35, 43, 97, 91, 76, 10, 30, 85, 45, 71, 64, 1, 23, 37, 83, 24, 14, 60, 36, 6, 57, 40, 88, 65, 56, 79, 94, 67, 68, 46, 75, 38, 9, 19, 32, 41, 81, 27, 87, 90, 58, 59, 11, 16, 72, 73, 70, 39, 17, 84, 3, 92, 25, 55, 48, 62, 29, 51, 96, 33, 61, 98, 28, 89, 50, 4, 7, 53, 80, 8, 66, 34, 49, 52, 0, 74, 69, 2, 13]|[1, 1, 0, 1, 1, 0, 1, 1, 2, 1, 2, 2, 2, 1, 1, 0, 0, 1, 0, 2, 2, 0, 1, 2, 0, 1, 2, 2, 0, 0, 1, 2, 1, 2, 1, 0, 2, 0, 1, 1, 0, 1, 1, 1, 0, 2, 1, 1, 0, 0, 0, 0, 1, 1, 2, 1, 0, 2, 0, 2, 1, 0, 1, 2, 1, 2, 1, 1, 1, 1, 1, 1, 0, 1, 2, 0, 0, 0, 0, 2, 2, 1, 2, 0, 1, 0, 1, 2, 0, 0, 1, 2, 2, 0, 1, 0, 2, 1, 0, 0]|[0, 3, 2, 2, 4, 1, 2, 3, 2, 4, 1, 1, 2, 4, 4, 1, 1, 4, 2, 1, 1, 1, 1, 2, 1, 2, 1, 1, 2, 1, 3, 2, 3, 1, 4, 0, 1, 1, 0, 3, 2, 2, 2, 0, 1, 1, 0, 4, 0, 1, 2, 2, 1, 4, 0, 3, 1, 1, 1, 1, 3, 1, 1, 1, 3, 0, 4, 3, 1, 4, 1, 1, 0, 4, 1, 1, 2, 1, 1, 1, 1, 3, 1, 2, 1, 1, 4, 1, 2, 1, 3, 1, 1, 1, 1, 2, 1, 4, 2, 2]|[0, 2, 1, 1, 3, 0, 1, 3, 0, 0, 0, 0, 1, 0, 1, 0, 0, 3, 1, 0, 0, 0, 3, 1, 0, 2, 0, 0, 0, 1, 0, 0, 0, 0, 3, 0, 1, 0, 0, 2, 1, 1, 1, 0, 0, 0, 0, 2, 1, 0, 0, 0, 1, 3, 0, 0, 0, 0, 0, 0, 2, 0, 1, 0, 2, 1, 0, 0, 1, 1, 3, 1, 1, 3, 0, 0, 1, 0, 0, 0, 0, 0, 0, 1, 1, 0, 0, 0, 1, 0, 2, 0, 0, 1, 1, 0, 0, 2, 0, 0],731.2476204416437,56586.27722209284,92825.60273597998,false
33,G4_BALANCED,G4_BALANCED,[31, 11, 82, 15, 26, 9, 95, 42, 77, 68, 47, 5, 93, 78, 86, 54, 85, 63, 18, 44, 20, 49, 36, 14, 74, 50, 53, 17, 21, 45, 71, 64, 3, 23, 30, 83, 24, 41, 60, 52, 65, 27, 90, 70, 39, 87, 48, 69, 99, 4, 46, 1, 13, 58, 97, 59, 28, 75, 73, 37, 35, 79, 22, 66, 76, 32, 40, 80, 96, 6, 61, 16, 33, 7, 57, 34, 12, 67, 10, 98, 56, 88, 29, 8, 91, 38, 19, 92, 0, 84, 51, 72, 81, 89, 25, 55, 94, 2, 43, 62]|[2, 1, 2, 1, 1, 2, 1, 1, 1, 1, 1, 0, 2, 2, 1, 2, 0, 0, 0, 2, 2, 1, 0, 2, 0, 2, 2, 1, 0, 1, 1, 1, 0, 0, 1, 0, 2, 1, 2, 2, 0, 0, 1, 1, 0, 2, 0, 2, 1, 0, 0, 2, 0, 0, 2, 0, 1, 1, 0, 0, 2, 1, 0, 1, 2, 0, 2, 2, 0, 1, 1, 2, 1, 2, 0, 1, 1, 1, 1, 2, 2, 1, 1, 0, 1, 0, 1, 0, 0, 0, 1, 1, 1, 1, 1, 0, 2, 2, 1, 1]|[0, 3, 0, 2, 4, 1, 4, 4, 2, 4, 3, 2, 1, 0, 2, 1, 1, 1, 2, 1, 1, 3, 0, 1, 0, 1, 1, 4, 1, 4, 3, 2, 2, 0, 4, 1, 1, 4, 0, 1, 2, 1, 4, 4, 1, 1, 0, 2, 3, 1, 2, 1, 2, 1, 1, 2, 4, 3, 0, 2, 2, 3, 1, 1, 1, 2, 0, 1, 2, 4, 3, 1, 4, 1, 2, 4, 3, 3, 3, 1, 1, 4, 3, 2, 3, 2, 4, 2, 2, 2, 3, 4, 4, 4, 4, 2, 1, 1, 4, 3]|[0, 2, 0, 1, 3, 0, 1, 3, 0, 0, 2, 0, 1, 0, 1, 0, 0, 0, 1, 0, 0, 2, 0, 0, 1, 0, 0, 3, 0, 1, 0, 2, 0, 1, 3, 0, 1, 3, 0, 0, 0, 0, 1, 3, 0, 0, 1, 0, 2, 0, 0, 0, 0, 0, 1, 0, 1, 0, 1, 1, 0, 2, 0, 2, 0, 0, 0, 0, 0, 2, 0, 0, 1, 0, 0, 1, 0, 0, 3, 0, 0, 1, 0, 0, 0, 0, 3, 0, 0, 0, 0, 2, 1, 1, 3, 0, 0, 0, 2, 0],851.3950062933596,51439.941474506384,111583.71672538936,false
33,G2_TEC,G2_TEC,[31, 22, 82, 15, 26, 9, 95, 42, 77, 68, 47, 5, 93, 78, 86, 54, 85, 63, 18, 44, 20, 49, 36, 14, 74, 50, 53, 17, 21, 28, 11, 64, 3, 23, 30, 83, 24, 41, 40, 52, 65, 27, 90, 70, 39, 87, 48, 69, 99, 4, 75, 1, 13, 58, 97, 59, 45, 8, 73, 37, 35, 79, 71, 66, 76, 32, 60, 80, 56, 6, 67, 61, 33, 7, 57, 34, 12, 16, 10, 98, 96, 88, 43, 46, 91, 38, 84, 92, 29, 19, 51, 72, 81, 25, 89, 55, 94, 2, 62, 0]|[2, 1, 2, 1, 1, 2, 1, 1, 1, 1, 1, 0, 2, 2, 1, 2, 0, 0, 0, 2, 2, 1, 0, 2, 0, 2, 2, 1, 0, 1, 1, 1, 0, 0, 1, 0, 2, 1, 2, 2, 0, 0, 1, 1, 0, 2, 0, 2, 1, 0, 0, 2, 0, 0, 2, 0, 1, 1, 0, 0, 2, 1, 1, 2, 2, 0, 2, 2, 2, 1, 2, 1, 1, 2, 0, 1, 1, 2, 1, 2, 0, 1, 1, 0, 1, 0, 0, 0, 1, 1, 1, 1, 1, 1, 1, 0, 2, 2, 1, 0]|[0, 3, 0, 3, 4, 1, 4, 4, 2, 4, 3, 2, 1, 0, 2, 1, 1, 1, 2, 1, 1, 3, 0, 1, 0, 1, 1, 4, 1, 4, 3, 2, 2, 0, 4, 1, 1, 4, 1, 1, 2, 1, 4, 4, 1, 1, 0, 2, 3, 2, 2, 1, 2, 1, 1, 2, 4, 3, 0, 2, 2, 3, 3, 1, 1, 2, 1, 1, 1, 4, 1, 3, 4, 1, 2, 4, 3, 1, 3, 1, 2, 4, 4, 2, 3, 2, 2, 2, 3, 4, 3, 4, 4, 4, 4, 2, 1, 1, 3, 2]|[0, 2, 0, 0, 3, 0, 1, 3, 0, 0, 2, 0, 1, 0, 1, 0, 0, 0, 1, 0, 0, 2, 0, 0, 1, 0, 0, 3, 0, 1, 0, 2, 0, 0, 3, 0, 1, 1, 0, 0, 0, 0, 1, 3, 0, 0, 1, 0, 2, 0, 0, 0, 0, 0, 1, 0, 1, 0, 1, 1, 0, 2, 0, 0, 0, 0, 0, 0, 0, 2, 0, 0, 1, 0, 0, 1, 0, 0, 3, 0, 0, 1, 2, 0, 0, 0, 0, 0, 3, 1, 0, 1, 2, 3, 1, 0, 0, 0, 0, 0],908.8272556494078,49271.80918042497,107420.98859684674,false
33,G3_TWC,G3_TWC,[31, 22, 82, 15, 26, 58, 95, 42, 77, 12, 47, 5, 93, 78, 98, 54, 85, 63, 18, 44, 20, 35, 43, 97, 91, 76, 10, 30, 21, 45, 71, 64, 1, 23, 17, 83, 24, 14, 60, 36, 6, 57, 94, 88, 65, 56, 79, 40, 67, 68, 46, 75, 38, 9, 19, 32, 81, 41, 27, 62, 87, 90, 99, 59, 11, 16, 72, 73, 70, 39, 37, 84, 3, 92, 25, 55, 28, 29, 51, 7, 33, 61, 86, 48, 89, 50, 66, 96, 53, 80, 4, 8, 34, 49, 52, 0, 13, 2, 69, 74]|[1, 1, 0, 1, 1, 1, 2, 1, 2, 1, 2, 2, 2, 1, 1, 0, 0, 1, 0, 2, 2, 0, 1, 2, 0, 1, 2, 2, 0, 0, 1, 2, 1, 2, 1, 0, 2, 0, 1, 1, 0, 1, 1, 1, 0, 2, 1, 1, 0, 0, 0, 0, 1, 1, 2, 1, 2, 0, 0, 0, 2, 1, 0, 1, 2, 1, 2, 1, 1, 1, 1, 1, 2, 0, 1, 1, 0, 0, 0, 1, 2, 1, 0, 0, 1, 0, 0, 0, 0, 0, 0, 1, 2, 0, 1, 0, 0, 0, 1, 2]|[4, 3, 2, 2, 0, 0, 2, 2, 2, 4, 1, 1, 2, 4, 4, 1, 1, 4, 2, 1, 1, 1, 1, 2, 1, 2, 1, 1, 1, 1, 3, 2, 3, 0, 4, 0, 1, 1, 0, 3, 2, 2, 4, 0, 1, 1, 0, 2, 0, 1, 2, 2, 1, 4, 0, 3, 2, 1, 1, 2, 1, 3, 1, 1, 1, 3, 0, 4, 3, 1, 4, 1, 1, 2, 4, 4, 2, 1, 1, 3, 1, 3, 1, 1, 1, 1, 1, 1, 2, 1, 2, 3, 1, 1, 1, 2, 2, 2, 3, 1]|[0, 2, 1, 1, 3, 3, 0, 1, 0, 0, 0, 0, 1, 0, 1, 0, 0, 3, 1, 0, 0, 0, 3, 1, 0, 2, 0, 0, 0, 1, 0, 0, 0, 0, 3, 0, 1, 0, 0, 2, 1, 1, 2, 0, 0, 0, 0, 1, 1, 0, 0, 0, 1, 3, 0, 0, 1, 0, 0, 1, 0, 2, 0, 1, 0, 2, 1, 0, 0, 1, 1, 3, 0, 1, 3, 3, 1, 0, 0, 2, 0, 0, 0, 0, 1, 0, 0, 0, 1, 0, 1, 2, 0, 1, 1, 0, 0, 0, 0, 0],805.5394456933803,58046.77716663049,89050.44506242599,false
33,G1_CMAX,G1_CMAX,[31, 22, 82, 15, 26, 99, 95, 42, 77, 12, 47, 5, 93, 78, 86, 54, 21, 63, 18, 44, 20, 35, 43, 97, 91, 76, 10, 30, 85, 45, 71, 64, 1, 23, 37, 83, 24, 14, 60, 36, 6, 57, 40, 88, 65, 56, 79, 94, 67, 68, 46, 75, 38, 9, 19, 32, 41, 81, 27, 87, 90, 58, 59, 11, 16, 72, 73, 70, 39, 17, 84, 3, 92, 25, 55, 48, 62, 29, 51, 96, 33, 61, 98, 28, 89, 50, 4, 7, 53, 80, 8, 66, 34, 49, 52, 0, 74, 69, 2, 13]|[1, 1, 0, 1, 1, 0, 1, 1, 2, 1, 2, 2, 2, 1, 1, 0, 0, 1, 0, 2, 2, 0, 1, 2, 0, 1, 2, 2, 0, 0, 1, 2, 1, 2, 1, 0, 2, 0, 1, 1, 0, 1, 1, 1, 0, 2, 1, 1, 0, 0, 0, 0, 1, 1, 2, 1, 0, 2, 0, 2, 1, 0, 1, 2, 1, 2, 1, 1, 1, 1, 1, 1, 0, 1, 2, 0, 0, 0, 0, 2, 2, 1, 2, 0, 1, 0, 1, 2, 0, 0, 1, 2, 2, 0, 1, 0, 2, 1, 0, 0]|[0, 3, 2, 2, 4, 1, 2, 3, 2, 4, 1, 1, 2, 4, 4, 1, 1, 4, 2, 1, 1, 1, 1, 2, 1, 2, 1, 1, 2, 1, 3, 2, 3, 1, 4, 0, 1, 1, 0, 3, 2, 2, 2, 0, 1, 1, 0, 4, 0, 1, 2, 2, 1, 4, 0, 3, 1, 1, 1, 1, 3, 1, 1, 1, 3, 0, 4, 3, 1, 4, 1, 1, 0, 4, 1, 1, 2, 1, 1, 1, 1, 3, 1, 2, 1, 1, 4, 1, 2, 1, 3, 1, 1, 1, 1, 2, 1, 4, 2, 2]|[0, 2, 1, 1, 3, 0, 1, 3, 0, 0, 0, 0, 1, 0, 1, 0, 0, 3, 1, 0, 0, 0, 3, 1, 0, 2, 0, 0, 0, 1, 0, 0, 0, 0, 3, 0, 1, 0, 0, 2, 1, 1, 1, 0, 0, 0, 0, 2, 1, 0, 0, 0, 1, 3, 0, 0, 0, 0, 0, 0, 2, 0, 1, 0, 2, 1, 0, 0, 1, 1, 3, 1, 1, 3, 0, 0, 1, 0, 0, 0, 0, 0, 0, 1, 1, 0, 0, 0, 1, 0, 2, 0, 0, 1, 1, 0, 0, 2, 0, 0],731.2476204416437,56586.27722209284,92825.60273597998,false
33,G4_BALANCED,G4_BALANCED,[31, 11, 82, 15, 26, 9, 95, 42, 77, 68, 47, 5, 93, 78, 86, 54, 85, 63, 18, 44, 20, 49, 36, 14, 74, 50, 53, 17, 21, 45, 71, 64, 3, 23, 30, 83, 24, 41, 60, 52, 65, 27, 90, 70, 39, 87, 48, 69, 99, 4, 46, 1, 13, 58, 97, 59, 28, 75, 73, 37, 35, 79, 22, 66, 76, 32, 40, 80, 96, 6, 61, 16, 33, 7, 57, 34, 12, 67, 10, 98, 56, 88, 29, 8, 91, 38, 19, 92, 0, 84, 51, 72, 81, 89, 25, 55, 94, 2, 43, 62]|[2, 1, 2, 1, 1, 2, 1, 1, 1, 1, 1, 0, 2, 2, 1, 2, 0, 0, 0, 2, 2, 1, 0, 2, 0, 2, 2, 1, 0, 1, 1, 1, 0, 0, 1, 0, 2, 1, 2, 2, 0, 0, 1, 1, 0, 2, 0, 2, 1, 0, 0, 2, 0, 0, 2, 0, 1, 1, 0, 0, 2, 1, 0, 1, 2, 0, 2, 2, 0, 1, 1, 2, 1, 2, 0, 1, 1, 1, 1, 2, 2, 1, 1, 0, 1, 0, 1, 0, 0, 0, 1, 1, 1, 1, 1, 0, 2, 2, 1, 1]|[0, 3, 0, 2, 4, 1, 4, 4, 2, 4, 3, 2, 1, 0, 2, 1, 1, 1, 2, 1, 1, 3, 0, 1, 0, 1, 1, 4, 1, 4, 3, 2, 2, 0, 4, 1, 1, 4, 0, 1, 2, 1, 4, 4, 1, 1, 0, 2, 3, 1, 2, 1, 2, 1, 1, 2, 4, 3, 0, 2, 2, 3, 1, 1, 1, 2, 0, 1, 2, 4, 3, 1, 4, 1, 2, 4, 3, 3, 3, 1, 1, 4, 3, 2, 3, 2, 4, 2, 2, 2, 3, 4, 4, 4, 4, 2, 1, 1, 4, 3]|[0, 2, 0, 1, 3, 0, 1, 3, 0, 0, 2, 0, 1, 0, 1, 0, 0, 0, 1, 0, 0, 2, 0, 0, 1, 0, 0, 3, 0, 1, 0, 2, 0, 1, 3, 0, 1, 3, 0, 0, 0, 0, 1, 3, 0, 0, 1, 0, 2, 0, 0, 0, 0, 0, 1, 0, 1, 0, 1, 1, 0, 2, 0, 2, 0, 0, 0, 0, 0, 2, 0, 0, 1, 0, 0, 1, 0, 0, 3, 0, 0, 1, 0, 0, 0, 0, 3, 0, 0, 0, 0, 2, 1, 1, 3, 0, 0, 0, 2, 0],851.3950062933596,51439.941474506384,111583.71672538936,false
33,G2_TEC,G2_TEC,[31, 22, 82, 15, 26, 9, 95, 42, 77, 68, 47, 5, 93, 78, 86, 54, 85, 63, 18, 44, 20, 49, 36, 14, 74, 50, 53, 17, 21, 28, 11, 64, 3, 23, 30, 83, 24, 41, 40, 52, 65, 27, 90, 70, 39, 87, 48, 69, 99, 4, 75, 1, 13, 58, 97, 59, 45, 8, 73, 37, 35, 79, 71, 66, 76, 32, 60, 80, 56, 6, 67, 61, 33, 7, 57, 34, 12, 16, 10, 98, 96, 88, 43, 46, 91, 38, 84, 92, 29, 19, 51, 72, 81, 25, 89, 55, 94, 2, 62, 0]|[2, 1, 2, 1, 1, 2, 1, 1, 1, 1, 1, 0, 2, 2, 1, 2, 0, 0, 0, 2, 2, 1, 0, 2, 0, 2, 2, 1, 0, 1, 1, 1, 0, 0, 1, 0, 2, 1, 2, 2, 0, 0, 1, 1, 0, 2, 0, 2, 1, 0, 0, 2, 0, 0, 2, 0, 1, 1, 0, 0, 2, 1, 1, 2, 2, 0, 2, 2, 2, 1, 2, 1, 1, 2, 0, 1, 1, 2, 1, 2, 0, 1, 1, 0, 1, 0, 0, 0, 1, 1, 1, 1, 1, 1, 1, 0, 2, 2, 1, 0]|[0, 3, 0, 3, 4, 1, 4, 4, 2, 4, 3, 2, 1, 0, 2, 1, 1, 1, 2, 1, 1, 3, 0, 1, 0, 1, 1, 4, 1, 4, 3, 2, 2, 0, 4, 1, 1, 4, 1, 1, 2, 1, 4, 4, 1, 1, 0, 2, 3, 2, 2, 1, 2, 1, 1, 2, 4, 3, 0, 2, 2, 3, 3, 1, 1, 2, 1, 1, 1, 4, 1, 3, 4, 1, 2, 4, 3, 1, 3, 1, 2, 4, 4, 2, 3, 2, 2, 2, 3, 4, 3, 4, 4, 4, 4, 2, 1, 1, 3, 2]|[0, 2, 0, 0, 3, 0, 1, 3, 0, 0, 2, 0, 1, 0, 1, 0, 0, 0, 1, 0, 0, 2, 0, 0, 1, 0, 0, 3, 0, 1, 0, 2, 0, 0, 3, 0, 1, 1, 0, 0, 0, 0, 1, 3, 0, 0, 1, 0, 2, 0, 0, 0, 0, 0, 1, 0, 1, 0, 1, 1, 0, 2, 0, 0, 0, 0, 0, 0, 0, 2, 0, 0, 1, 0, 0, 1, 0, 0, 3, 0, 0, 1, 2, 0, 0, 0, 0, 0, 3, 1, 0, 1, 2, 3, 1, 0, 0, 0, 0, 0],908.8272556494078,49271.80918042497,107420.98859684674,false
33,G3_TWC,G3_TWC,[31, 22, 82, 15, 26, 58, 95, 42, 77, 12, 47, 5, 93, 78, 98, 54, 85, 63, 18, 44, 20, 35, 43, 97, 91, 76, 10, 30, 21, 45, 71, 64, 1, 23, 17, 83, 24, 14, 60, 36, 6, 57, 94, 88, 65, 56, 79, 40, 67, 68, 46, 75, 38, 9, 19, 32, 81, 41, 27, 62, 87, 90, 99, 59, 11, 16, 72, 73, 70, 39, 37, 84, 3, 92, 25, 55, 28, 29, 51, 7, 33, 61, 86, 48, 89, 50, 66, 96, 53, 80, 4, 8, 34, 49, 52, 0, 13, 2, 69, 74]|[1, 1, 0, 1, 1, 1, 2, 1, 2, 1, 2, 2, 2, 1, 1, 0, 0, 1, 0, 2, 2, 0, 1, 2, 0, 1, 2, 2, 0, 0, 1, 2, 1, 2, 1, 0, 2, 0, 1, 1, 0, 1, 1, 1, 0, 2, 1, 1, 0, 0, 0, 0, 1, 1, 2, 1, 2, 0, 0, 0, 2, 1, 0, 1, 2, 1, 2, 1, 1, 1, 1, 1, 2, 0, 1, 1, 0, 0, 0, 1, 2, 1, 0, 0, 1, 0, 0, 0, 0, 0, 0, 1, 2, 0, 1, 0, 0, 0, 1, 2]|[4, 3, 2, 2, 0, 0, 2, 2, 2, 4, 1, 1, 2, 4, 4, 1, 1, 4, 2, 1, 1, 1, 1, 2, 1, 2, 1, 1, 1, 1, 3, 2, 3, 0, 4, 0, 1, 1, 0, 3, 2, 2, 4, 0, 1, 1, 0, 2, 0, 1, 2, 2, 1, 4, 0, 3, 2, 1, 1, 2, 1, 3, 1, 1, 1, 3, 0, 4, 3, 1, 4, 1, 1, 2, 4, 4, 2, 1, 1, 3, 1, 3, 1, 1, 1, 1, 1, 1, 2, 1, 2, 3, 1, 1, 1, 2, 2, 2, 3, 1]|[0, 2, 1, 1, 3, 3, 0, 1, 0, 0, 0, 0, 1, 0, 1, 0, 0, 3, 1, 0, 0, 0, 3, 1, 0, 2, 0, 0, 0, 1, 0, 0, 0, 0, 3, 0, 1, 0, 0, 2, 1, 1, 2, 0, 0, 0, 0, 1, 1, 0, 0, 0, 1, 3, 0, 0, 1, 0, 0, 1, 0, 2, 0, 1, 0, 2, 1, 0, 0, 1, 1, 3, 0, 1, 3, 3, 1, 0, 0, 2, 0, 0, 0, 0, 1, 0, 0, 0, 1, 0, 1, 2, 0, 1, 1, 0, 0, 0, 0, 0],805.5394456933803,58046.77716663049,89050.44506242599,false
33,G1_CMAX,G1_CMAX,[31, 22, 82, 15, 26, 99, 95, 42, 77, 12, 47, 5, 93, 78, 86, 54, 21, 63, 18, 44, 20, 35, 43, 97, 91, 76, 10, 30, 85, 45, 71, 64, 1, 23, 37, 83, 24, 14, 60, 36, 6, 57, 40, 88, 65, 56, 79, 94, 67, 68, 46, 75, 38, 9, 19, 32, 41, 81, 27, 87, 90, 58, 59, 11, 16, 72, 73, 70, 39, 17, 84, 3, 92, 25, 55, 48, 62, 29, 51, 96, 33, 61, 98, 28, 89, 50, 4, 7, 53, 80, 8, 66, 34, 49, 52, 0, 74, 69, 2, 13]|[1, 1, 0, 1, 1, 0, 1, 1, 2, 1, 2, 2, 2, 1, 1, 0, 0, 1, 0, 2, 2, 0, 1, 2, 0, 1, 2, 2, 0, 0, 1, 2, 1, 2, 1, 0, 2, 0, 1, 1, 0, 1, 1, 1, 0, 2, 1, 1, 0, 0, 0, 0, 1, 1, 2, 1, 0, 2, 0, 2, 1, 0, 1, 2, 1, 2, 1, 1, 1, 1, 1, 1, 0, 1, 2, 0, 0, 0, 0, 2, 2, 1, 2, 0, 1, 0, 1, 2, 0, 0, 1, 2, 2, 0, 1, 0, 2, 1, 0, 0]|[0, 3, 2, 2, 4, 1, 2, 3, 2, 4, 1, 1, 2, 4, 4, 1, 1, 4, 2, 1, 1, 1, 1, 2, 1, 2, 1, 1, 2, 1, 3, 2, 3, 1, 4, 0, 1, 1, 0, 3, 2, 2, 2, 0, 1, 1, 0, 4, 0, 1, 2, 2, 1, 4, 0, 3, 1, 1, 1, 1, 3, 1, 1, 1, 3, 0, 4, 3, 1, 4, 1, 1, 0, 4, 1, 1, 2, 1, 1, 1, 1, 3, 1, 2, 1, 1, 4, 1, 2, 1, 3, 1, 1, 1, 1, 2, 1, 4, 2, 2]|[0, 2, 1, 1, 3, 0, 1, 3, 0, 0, 0, 0, 1, 0, 1, 0, 0, 3, 1, 0, 0, 0, 3, 1, 0, 2, 0, 0, 0, 1, 0, 0, 0, 0, 3, 0, 1, 0, 0, 2, 1, 1, 1, 0, 0, 0, 0, 2, 1, 0, 0, 0, 1, 3, 0, 0, 0, 0, 0, 0, 2, 0, 1, 0, 2, 1, 0, 0, 1, 1, 3, 1, 1, 3, 0, 0, 1, 0, 0, 0, 0, 0, 0, 1, 1, 0, 0, 0, 1, 0, 2, 0, 0, 1, 1, 0, 0, 2, 0, 0],731.2476204416437,56586.27722209284,92825.60273597998,false
33,G4_BALANCED,G4_BALANCED,[31, 11, 82, 15, 26, 9, 95, 42, 77, 68, 47, 5, 93, 78, 86, 54, 85, 63, 18, 44, 20, 49, 36, 14, 74, 50, 53, 17, 21, 45, 71, 64, 3, 23, 30, 83, 24, 41, 60, 52, 65, 27, 90, 70, 39, 87, 48, 69, 99, 4, 46, 1, 13, 58, 97, 59, 28, 75, 73, 37, 35, 79, 22, 66, 76, 32, 40, 80, 96, 6, 61, 16, 33, 7, 57, 34, 12, 67, 10, 98, 56, 88, 29, 8, 91, 38, 19, 92, 0, 84, 51, 72, 81, 89, 25, 55, 94, 2, 43, 62]|[2, 1, 2, 1, 1, 2, 1, 1, 1, 1, 1, 0, 2, 2, 1, 2, 0, 0, 0, 2, 2, 1, 0, 2, 0, 2, 2, 1, 0, 1, 1, 1, 0, 0, 1, 0, 2, 1, 2, 2, 0, 0, 1, 1, 0, 2, 0, 2, 1, 0, 0, 2, 0, 0, 2, 0, 1, 1, 0, 0, 2, 1, 0, 1, 2, 0, 2, 2, 0, 1, 1, 2, 1, 2, 0, 1, 1, 1, 1, 2, 2, 1, 1, 0, 1, 0, 1, 0, 0, 0, 1, 1, 1, 1, 1, 0, 2, 2, 1, 1]|[0, 3, 0, 2, 4, 1, 4, 4, 2, 4, 3, 2, 1, 0, 2, 1, 1, 1, 2, 1, 1, 3, 0, 1, 0, 1, 1, 4, 1, 4, 3, 2, 2, 0, 4, 1, 1, 4, 0, 1, 2, 1, 4, 4, 1, 1, 0, 2, 3, 1, 2, 1, 2, 1, 1, 2, 4, 3, 0, 2, 2, 3, 1, 1, 1, 2, 0, 1, 2, 4, 3, 1, 4, 1, 2, 4, 3, 3, 3, 1, 1, 4, 3, 2, 3, 2, 4, 2, 2, 2, 3, 4, 4, 4, 4, 2, 1, 1, 4, 3]|[0, 2, 0, 1, 3, 0, 1, 3, 0, 0, 2, 0, 1, 0, 1, 0, 0, 0, 1, 0, 0, 2, 0, 0, 1, 0, 0, 3, 0, 1, 0, 2, 0, 1, 3, 0, 1, 3, 0, 0, 0, 0, 1, 3, 0, 0, 1, 0, 2, 0, 0, 0, 0, 0, 1, 0, 1, 0, 1, 1, 0, 2, 0, 2, 0, 0, 0, 0, 0, 2, 0, 0, 1, 0, 0, 1, 0, 0, 3, 0, 0, 1, 0, 0, 0, 0, 3, 0, 0, 0, 0, 2, 1, 1, 3, 0, 0, 0, 2, 0],851.3950062933596,51439.941474506384,111583.71672538936,false
33,G2_TEC,G2_TEC,[31, 22, 82, 15, 26, 9, 95, 42, 77, 68, 47, 5, 93, 78, 86, 54, 85, 63, 18, 44, 20, 49, 36, 14, 74, 50, 53, 17, 21, 28, 11, 64, 3, 23, 30, 83, 24, 41, 40, 52, 65, 27, 90, 70, 39, 87, 48, 69, 99, 4, 75, 1, 13, 58, 97, 59, 45, 8, 73, 37, 35, 79, 71, 66, 76, 32, 60, 80, 56, 6, 67, 61, 33, 7, 57, 34, 12, 16, 10, 98, 96, 88, 43, 46, 91, 38, 84, 92, 29, 19, 51, 72, 81, 25, 89, 55, 94, 2, 62, 0]|[2, 1, 2, 1, 1, 2, 1, 1, 1, 1, 1, 0, 2, 2, 1, 2, 0, 0, 0, 2, 2, 1, 0, 2, 0, 2, 2, 1, 0, 1, 1, 1, 0, 0, 1, 0, 2, 1, 2, 2, 0, 0, 1, 1, 0, 2, 0, 2, 1, 0, 0, 2, 0, 0, 2, 0, 1, 1, 0, 0, 2, 1, 1, 2, 2, 0, 2, 2, 2, 1, 2, 1, 1, 2, 0, 1, 1, 2, 1, 2, 0, 1, 1, 0, 1, 0, 0, 0, 1, 1, 1, 1, 1, 1, 1, 0, 2, 2, 1, 0]|[0, 3, 0, 3, 4, 1, 4, 4, 2, 4, 3, 2, 1, 0, 2, 1, 1, 1, 2, 1, 1, 3, 0, 1, 0, 1, 1, 4, 1, 4, 3, 2, 2, 0, 4, 1, 1, 4, 1, 1, 2, 1, 4, 4, 1, 1, 0, 2, 3, 2, 2, 1, 2, 1, 1, 2, 4, 3, 0, 2, 2, 3, 3, 1, 1, 2, 1, 1, 1, 4, 1, 3, 4, 1, 2, 4, 3, 1, 3, 1, 2, 4, 4, 2, 3, 2, 2, 2, 3, 4, 3, 4, 4, 4, 4, 2, 1, 1, 3, 2]|[0, 2, 0, 0, 3, 0, 1, 3, 0, 0, 2, 0, 1, 0, 1, 0, 0, 0, 1, 0, 0, 2, 0, 0, 1, 0, 0, 3, 0, 1, 0, 2, 0, 0, 3, 0, 1, 1, 0, 0, 0, 0, 1, 3, 0, 0, 1, 0, 2, 0, 0, 0, 0, 0, 1, 0, 1, 0, 1, 1, 0, 2, 0, 0, 0, 0, 0, 0, 0, 2, 0, 0, 1, 0, 0, 1, 0, 0, 3, 0, 0, 1, 2, 0, 0, 0, 0, 0, 3, 1, 0, 1, 2, 3, 1, 0, 0, 0, 0, 0],908.8272556494078,49271.80918042497,107420.98859684674,false
33,G3_TWC,G3_TWC,[31, 22, 82, 15, 26, 58, 95, 42, 77, 12, 47, 5, 93, 78, 98, 54, 85, 63, 18, 44, 20, 35, 43, 97, 91, 76, 10, 30, 21, 45, 71, 64, 1, 23, 17, 83, 24, 14, 60, 36, 6, 57, 94, 88, 65, 56, 79, 40, 67, 68, 46, 75, 38, 9, 19, 32, 81, 41, 27, 62, 87, 90, 99, 59, 11, 16, 72, 73, 70, 39, 37, 84, 3, 92, 25, 55, 28, 29, 51, 7, 33, 61, 86, 48, 89, 50, 66, 96, 53, 80, 4, 8, 34, 49, 52, 0, 13, 2, 69, 74]|[1, 1, 0, 1, 1, 1, 2, 1, 2, 1, 2, 2, 2, 1, 1, 0, 0, 1, 0, 2, 2, 0, 1, 2, 0, 1, 2, 2, 0, 0, 1, 2, 1, 2, 1, 0, 2, 0, 1, 1, 0, 1, 1, 1, 0, 2, 1, 1, 0, 0, 0, 0, 1, 1, 2, 1, 2, 0, 0, 0, 2, 1, 0, 1, 2, 1, 2, 1, 1, 1, 1, 1, 2, 0, 1, 1, 0, 0, 0, 1, 2, 1, 0, 0, 1, 0, 0, 0, 0, 0, 0, 1, 2, 0, 1, 0, 0, 0, 1, 2]|[4, 3, 2, 2, 0, 0, 2, 2, 2, 4, 1, 1, 2, 4, 4, 1, 1, 4, 2, 1, 1, 1, 1, 2, 1, 2, 1, 1, 1, 1, 3, 2, 3, 0, 4, 0, 1, 1, 0, 3, 2, 2, 4, 0, 1, 1, 0, 2, 0, 1, 2, 2, 1, 4, 0, 3, 2, 1, 1, 2, 1, 3, 1, 1, 1, 3, 0, 4, 3, 1, 4, 1, 1, 2, 4, 4, 2, 1, 1, 3, 1, 3, 1, 1, 1, 1, 1, 1, 2, 1, 2, 3, 1, 1, 1, 2, 2, 2, 3, 1]|[0, 2, 1, 1, 3, 3, 0, 1, 0, 0, 0, 0, 1, 0, 1, 0, 0, 3, 1, 0, 0, 0, 3, 1, 0, 2, 0, 0, 0, 1, 0, 0, 0, 0, 3, 0, 1, 0, 0, 2, 1, 1, 2, 0, 0, 0, 0, 1, 1, 0, 0, 0, 1, 3, 0, 0, 1, 0, 0, 1, 0, 2, 0, 1, 0, 2, 1, 0, 0, 1, 1, 3, 0, 1, 3, 3, 1, 0, 0, 2, 0, 0, 0, 0, 1, 0, 0, 0, 1, 0, 1, 2, 0, 1, 1, 0, 0, 0, 0, 0],805.5394456933803,58046.77716663049,89050.44506242599,false
33,G1_CMAX,G1_CMAX,[31, 22, 82, 15, 26, 99, 95, 42, 77, 12, 47, 5, 93, 78, 86, 54, 21, 63, 18, 44, 20, 35, 43, 97, 91, 76, 10, 30, 85, 45, 71, 64, 1, 23, 37, 83, 24, 14, 60, 36, 6, 57, 40, 88, 65, 56, 79, 94, 67, 68, 46, 75, 38, 9, 19, 32, 41, 81, 27, 87, 90, 58, 59, 11, 16, 72, 73, 70, 39, 17, 84, 3, 92, 25, 55, 48, 62, 29, 51, 96, 33, 61, 98, 28, 89, 50, 4, 7, 53, 80, 8, 66, 34, 49, 52, 0, 74, 69, 2, 13]|[1, 1, 0, 1, 1, 0, 1, 1, 2, 1, 2, 2, 2, 1, 1, 0, 0, 1, 0, 2, 2, 0, 1, 2, 0, 1, 2, 2, 0, 0, 1, 2, 1, 2, 1, 0, 2, 0, 1, 1, 0, 1, 1, 1, 0, 2, 1, 1, 0, 0, 0, 0, 1, 1, 2, 1, 0, 2, 0, 2, 1, 0, 1, 2, 1, 2, 1, 1, 1, 1, 1, 1, 0, 1, 2, 0, 0, 0, 0, 2, 2, 1, 2, 0, 1, 0, 1, 2, 0, 0, 1, 2, 2, 0, 1, 0, 2, 1, 0, 0]|[0, 3, 2, 2, 4, 1, 2, 3, 2, 4, 1, 1, 2, 4, 4, 1, 1, 4, 2, 1, 1, 1, 1, 2, 1, 2, 1, 1, 2, 1, 3, 2, 3, 1, 4, 0, 1, 1, 0, 3, 2, 2, 2, 0, 1, 1, 0, 4, 0, 1, 2, 2, 1, 4, 0, 3, 1, 1, 1, 1, 3, 1, 1, 1, 3, 0, 4, 3, 1, 4, 1, 1, 0, 4, 1, 1, 2, 1, 1, 1, 1, 3, 1, 2, 1, 1, 4, 1, 2, 1, 3, 1, 1, 1, 1, 2, 1, 4, 2, 2]|[0, 2, 1, 1, 3, 0, 1, 3, 0, 0, 0, 0, 1, 0, 1, 0, 0, 3, 1, 0, 0, 0, 3, 1, 0, 2, 0, 0, 0, 1, 0, 0, 0, 0, 3, 0, 1, 0, 0, 2, 1, 1, 1, 0, 0, 0, 0, 2, 1, 0, 0, 0, 1, 3, 0, 0, 0, 0, 0, 0, 2, 0, 1, 0, 2, 1, 0, 0, 1, 1, 3, 1, 1, 3, 0, 0, 1, 0, 0, 0, 0, 0, 0, 1, 1, 0, 0, 0, 1, 0, 2, 0, 0, 1, 1, 0, 0, 2, 0, 0],731.2476204416437,56586.27722209284,92825.60273597998,false
33,G4_BALANCED,G4_BALANCED,[31, 11, 82, 15, 26, 9, 95, 42, 77, 68, 47, 5, 93, 78, 86, 54, 85, 63, 18, 44, 20, 49, 36, 14, 74, 50, 53, 17, 21, 45, 71, 64, 3, 23, 30, 83, 24, 41, 60, 52, 65, 27, 90, 70, 39, 87, 48, 69, 99, 4, 46, 1, 13, 58, 97, 59, 28, 75, 73, 37, 35, 79, 22, 66, 76, 32, 40, 80, 96, 6, 61, 16, 33, 7, 57, 34, 12, 67, 10, 98, 56, 88, 29, 8, 91, 38, 19, 92, 0, 84, 51, 72, 81, 89, 25, 55, 94, 2, 43, 62]|[2, 1, 2, 1, 1, 2, 1, 1, 1, 1, 1, 0, 2, 2, 1, 2, 0, 0, 0, 2, 2, 1, 0, 2, 0, 2, 2, 1, 0, 1, 1, 1, 0, 0, 1, 0, 2, 1, 2, 2, 0, 0, 1, 1, 0, 2, 0, 2, 1, 0, 0, 2, 0, 0, 2, 0, 1, 1, 0, 0, 2, 1, 0, 1, 2, 0, 2, 2, 0, 1, 1, 2, 1, 2, 0, 1, 1, 1, 1, 2, 2, 1, 1, 0, 1, 0, 1, 0, 0, 0, 1, 1, 1, 1, 1, 0, 2, 2, 1, 1]|[0, 3, 0, 2, 4, 1, 4, 4, 2, 4, 3, 2, 1, 0, 2, 1, 1, 1, 2, 1, 1, 3, 0, 1, 0, 1, 1, 4, 1, 4, 3, 2, 2, 0, 4, 1, 1, 4, 0, 1, 2, 1, 4, 4, 1, 1, 0, 2, 3, 1, 2, 1, 2, 1, 1, 2, 4, 3, 0, 2, 2, 3, 1, 1, 1, 2, 0, 1, 2, 4, 3, 1, 4, 1, 2, 4, 3, 3, 3, 1, 1, 4, 3, 2, 3, 2, 4, 2, 2, 2, 3, 4, 4, 4, 4, 2, 1, 1, 4, 3]|[0, 2, 0, 1, 3, 0, 1, 3, 0, 0, 2, 0, 1, 0, 1, 0, 0, 0, 1, 0, 0, 2, 0, 0, 1, 0, 0, 3, 0, 1, 0, 2, 0, 1, 3, 0, 1, 3, 0, 0, 0, 0, 1, 3, 0, 0, 1, 0, 2, 0, 0, 0, 0, 0, 1, 0, 1, 0, 1, 1, 0, 2, 0, 2, 0, 0, 0, 0, 0, 2, 0, 0, 1, 0, 0, 1, 0, 0, 3, 0, 0, 1, 0, 0, 0, 0, 3, 0, 0, 0, 0, 2, 1, 1, 3, 0, 0, 0, 2, 0],851.3950062933596,51439.941474506384,111583.71672538936,false
33,G2_TEC,G2_TEC,[31, 22, 82, 15, 26, 9, 95, 42, 77, 68, 47, 5, 93, 78, 86, 54, 85, 63, 18, 44, 20, 49, 36, 14, 74, 50, 53, 17, 21, 28, 11, 64, 3, 23, 30, 83, 24, 41, 40, 52, 65, 27, 90, 70, 39, 87, 48, 69, 99, 4, 75, 1, 13, 58, 97, 59, 45, 8, 73, 37, 35, 79, 71, 66, 76, 32, 60, 80, 56, 6, 67, 61, 33, 7, 57, 34, 12, 16, 10, 98, 96, 88, 43, 46, 91, 38, 84, 92, 29, 19, 51, 72, 81, 25, 89, 55, 94, 2, 62, 0]|[2, 1, 2, 1, 1, 2, 1, 1, 1, 1, 1, 0, 2, 2, 1, 2, 0, 0, 0, 2, 2, 1, 0, 2, 0, 2, 2, 1, 0, 1, 1, 1, 0, 0, 1, 0, 2, 1, 2, 2, 0, 0, 1, 1, 0, 2, 0, 2, 1, 0, 0, 2, 0, 0, 2, 0, 1, 1, 0, 0, 2, 1, 1, 2, 2, 0, 2, 2, 2, 1, 2, 1, 1, 2, 0, 1, 1, 2, 1, 2, 0, 1, 1, 0, 1, 0, 0, 0, 1, 1, 1, 1, 1, 1, 1, 0, 2, 2, 1, 0]|[0, 3, 0, 3, 4, 1, 4, 4, 2, 4, 3, 2, 1, 0, 2, 1, 1, 1, 2, 1, 1, 3, 0, 1, 0, 1, 1, 4, 1, 4, 3, 2, 2, 0, 4, 1, 1, 4, 1, 1, 2, 1, 4, 4, 1, 1, 0, 2, 3, 2, 2, 1, 2, 1, 1, 2, 4, 3, 0, 2, 2, 3, 3, 1, 1, 2, 1, 1, 1, 4, 1, 3, 4, 1, 2, 4, 3, 1, 3, 1, 2, 4, 4, 2, 3, 2, 2, 2, 3, 4, 3, 4, 4, 4, 4, 2, 1, 1, 3, 2]|[0, 2, 0, 0, 3, 0, 1, 3, 0, 0, 2, 0, 1, 0, 1, 0, 0, 0, 1, 0, 0, 2, 0, 0, 1, 0, 0, 3, 0, 1, 0, 2, 0, 0, 3, 0, 1, 1, 0, 0, 0, 0, 1, 3, 0, 0, 1, 0, 2, 0, 0, 0, 0, 0, 1, 0, 1, 0, 1, 1, 0, 2, 0, 0, 0, 0, 0, 0, 0, 2, 0, 0, 1, 0, 0, 1, 0, 0, 3, 0, 0, 1, 2, 0, 0, 0, 0, 0, 3, 1, 0, 1, 2, 3, 1, 0, 0, 0, 0, 0],908.8272556494078,49271.80918042497,107420.98859684674,false
33,G3_TWC,G1_CMAX,[31, 22, 82, 15, 26, 99, 95, 42, 77, 12, 47, 5, 93, 78, 86, 54, 21, 63, 18, 44, 20, 35, 43, 97, 91, 76, 10, 30, 85, 45, 71, 64, 1, 23, 17, 83, 24, 14, 60, 36, 6, 57, 40, 88, 65, 56, 79, 94, 67, 68, 46, 75, 38, 9, 19, 32, 41, 81, 27, 87, 90, 58, 59, 11, 16, 72, 73, 70, 39, 37, 84, 62, 3, 92, 25, 55, 28, 29, 51, 7, 33, 61, 98, 48, 89, 50, 4, 96, 53, 8, 66, 80, 34, 49, 52, 2, 13, 0, 69, 74]|[1, 1, 0, 1, 1, 0, 1, 1, 2, 1, 2, 2, 2, 1, 1, 0, 0, 1, 0, 2, 2, 0, 1, 2, 0, 1, 2, 2, 0, 0, 1, 2, 1, 2, 1, 0, 2, 0, 1, 1, 0, 1, 1, 1, 0, 2, 1, 1, 0, 0, 0, 0, 1, 1, 2, 1, 0, 2, 0, 2, 2, 0, 1, 2, 2, 1, 1, 1, 1, 1, 1, 0, 1, 0, 1, 2, 0, 0, 0, 2, 2, 1, 2, 0, 1, 0, 1, 2, 0, 1, 2, 0, 2, 0, 1, 0, 0, 0, 1, 2]|[4, 3, 2, 2, 4, 1, 2, 3, 2, 4, 1, 1, 2, 4, 4, 1, 1, 4, 2, 1, 1, 1, 1, 2, 1, 2, 1, 1, 2, 1, 3, 2, 3, 1, 4, 0, 1, 1, 0, 3, 2, 2, 2, 0, 1, 1, 0, 4, 0, 1, 2, 2, 1, 4, 0, 3, 1, 1, 1, 1, 1, 1, 1, 1, 1, 3, 4, 4, 1, 1, 4, 2, 1, 0, 4, 1, 2, 1, 1, 1, 1, 3, 1, 1, 1, 1, 4, 1, 2, 3, 1, 1, 1, 1, 1, 2, 2, 2, 4, 1]|[0, 2, 1, 1, 3, 0, 1, 3, 0, 0, 0, 0, 1, 0, 1, 0, 0, 3, 1, 0, 0, 0, 3, 1, 0, 2, 0, 0, 0, 1, 0, 0, 0, 0, 3, 0, 1, 0, 0, 2, 1, 1, 1, 0, 0, 0, 0, 2, 1, 0, 0, 0, 1, 3, 0, 0, 0, 0, 0, 0, 0, 0, 1, 0, 0, 2, 0, 0, 1, 1, 1, 1, 1, 1, 3, 0, 1, 0, 0, 0, 0, 0, 0, 0, 1, 0, 0, 0, 1, 2, 0, 0, 0, 1, 1, 0, 0, 0, 2, 0],780.7181470595841,55327.02844755024,96781.7980844454,true
33,G1_CMAX,G1_CMAX,[31, 22, 82, 15, 26, 99, 95, 42, 77, 12, 47, 5, 93, 78, 86, 54, 21, 63, 18, 44, 20, 35, 43, 97, 91, 76, 10, 30, 85, 45, 71, 64, 1, 23, 37, 83, 24, 14, 60, 36, 6, 57, 40, 88, 65, 56, 79, 94, 67, 68, 46, 75, 38, 9, 19, 32, 41, 81, 27, 87, 90, 58, 59, 11, 16, 72, 73, 70, 39, 17, 84, 3, 92, 25, 55, 48, 62, 29, 51, 96, 33, 61, 98, 28, 89, 50, 4, 7, 53, 80, 8, 66, 34, 49, 52, 0, 74, 69, 2, 13]|[1, 1, 0, 1, 1, 0, 1, 1, 2, 1, 2, 2, 2, 1, 1, 0, 0, 1, 0, 2, 2, 0, 1, 2, 0, 1, 2, 2, 0, 0, 1, 2, 1, 2, 1, 0, 2, 0, 1, 1, 0, 1, 1, 1, 0, 2, 1, 1, 0, 0, 0, 0, 1, 1, 2, 1, 0, 2, 0, 2, 1, 0, 1, 2, 1, 2, 1, 1, 1, 1, 1, 1, 0, 1, 2, 0, 0, 0, 0, 2, 2, 1, 2, 0, 1, 0, 1, 2, 0, 0, 1, 2, 2, 0, 1, 0, 2, 1, 0, 0]|[0, 3, 2, 2, 4, 1, 2, 3, 2, 4, 1, 1, 2, 4, 4, 1, 1, 4, 2, 1, 1, 1, 1, 2, 1, 2, 1, 1, 2, 1, 3, 2, 3, 1, 4, 0, 1, 1, 0, 3, 2, 2, 2, 0, 1, 1, 0, 4, 0, 1, 2, 2, 1, 4, 0, 3, 1, 1, 1, 1, 3, 1, 1, 1, 3, 0, 4, 3, 1, 4, 1, 1, 0, 4, 1, 1, 2, 1, 1, 1, 1, 3, 1, 2, 1, 1, 4, 1, 2, 1, 3, 1, 1, 1, 1, 2, 1, 4, 2, 2]|[0, 2, 1, 1, 3, 0, 1, 3, 0, 0, 0, 0, 1, 0, 1, 0, 0, 3, 1, 0, 0, 0, 3, 1, 0, 2, 0, 0, 0, 1, 0, 0, 0, 0, 3, 0, 1, 0, 0, 2, 1, 1, 1, 0, 0, 0, 0, 2, 1, 0, 0, 0, 1, 3, 0, 0, 0, 0, 0, 0, 2, 0, 1, 0, 2, 1, 0, 0, 1, 1, 3, 1, 1, 3, 0, 0, 1, 0, 0, 0, 0, 0, 0, 1, 1, 0, 0, 0, 1, 0, 2, 0, 0, 1, 1, 0, 0, 2, 0, 0],731.2476204416437,56586.27722209284,92825.60273597998,false
33,G4_BALANCED,G3_TWC,[31, 22, 82, 15, 26, 58, 95, 42, 77, 12, 47, 5, 93, 78, 98, 54, 85, 63, 18, 44, 20, 35, 43, 97, 91, 76, 10, 30, 21, 45, 71, 64, 1, 23, 17, 83, 24, 14, 60, 36, 6, 57, 94, 88, 65, 56, 79, 40, 67, 68, 46, 75, 38, 9, 19, 32, 81, 41, 27, 62, 87, 90, 99, 59, 11, 16, 72, 73, 70, 39, 37, 84, 3, 92, 25, 55, 29, 28, 51, 7, 33, 61, 48, 86, 89, 50, 4, 96, 53, 8, 66, 80, 34, 49, 52, 0, 13, 2, 69, 74]|[1, 1, 0, 1, 1, 1, 2, 1, 2, 1, 2, 2, 2, 1, 1, 0, 0, 1, 0, 2, 2, 0, 1, 2, 0, 1, 2, 2, 0, 0, 1, 2, 1, 2, 1, 0, 2, 0, 1, 1, 0, 1, 1, 1, 0, 2, 1, 1, 0, 0, 0, 0, 1, 1, 2, 1, 2, 0, 0, 0, 2, 1, 1, 2, 2, 1, 2, 1, 1, 1, 1, 1, 2, 0, 1, 1, 0, 0, 0, 1, 2, 1, 0, 0, 1, 0, 0, 0, 0, 1, 2, 0, 2, 0, 1, 0, 0, 0, 1, 2]|[4, 3, 2, 2, 0, 0, 2, 2, 2, 4, 1, 1, 2, 4, 4, 1, 2, 4, 2, 1, 1, 1, 1, 2, 1, 2, 1, 1, 1, 1, 3, 1, 3, 0, 4, 0, 1, 1, 0, 3, 2, 2, 4, 0, 1, 1, 0, 2, 0, 1, 2, 2, 1, 4, 0, 3, 2, 1, 1, 2, 1, 3, 1, 1, 1, 3, 0, 4, 3, 1, 4, 1, 1, 2, 4, 4, 1, 2, 1, 3, 1, 3, 1, 1, 1, 1, 2, 1, 2, 3, 1, 1, 1, 1, 1, 2, 2, 2, 3, 1]|[0, 2, 1, 1, 3, 3, 0, 1, 0, 0, 0, 0, 1, 0, 1, 0, 0, 3, 1, 0, 0, 0, 3, 1, 0, 2, 0, 0, 0, 1, 0, 0, 0, 0, 3, 0, 1, 0, 0, 2, 1, 1, 2, 0, 0, 0, 0, 1, 1, 0, 0, 0, 1, 3, 0, 0, 1, 0, 0, 1, 0, 2, 1, 0, 0, 2, 1, 0, 0, 1, 1, 3, 0, 1, 3, 3, 0, 1, 0, 2, 0, 0, 0, 0, 1, 0, 1, 0, 1, 2, 0, 0, 0, 1, 1, 0, 0, 0, 0, 0],787.0170237093305,57630.37013784874,89839.4036118596,true
33,G2_TEC,G2_TEC,[31, 22, 82, 15, 26, 9, 95, 42, 77, 68, 47, 5, 93, 78, 86, 54, 85, 63, 18, 44, 20, 49, 36, 14, 74, 50, 53, 17, 21, 28, 11, 64, 3, 23, 30, 83, 24, 41, 40, 52, 65, 27, 90, 70, 39, 87, 48, 69, 99, 4, 75, 1, 13, 58, 97, 59, 45, 8, 73, 37, 35, 79, 71, 66, 76, 32, 60, 80, 56, 6, 67, 61, 33, 7, 57, 34, 12, 16, 10, 98, 96, 88, 43, 46, 91, 38, 84, 92, 29, 19, 51, 72, 81, 25, 89, 55, 94, 2, 62, 0]|[2, 1, 2, 1, 1, 2, 1, 1, 1, 1, 1, 0, 2, 2, 1, 2, 0, 0, 0, 2, 2, 1, 0, 2, 0, 2, 2, 1, 0, 1, 1, 1, 0, 0, 1, 0, 2, 1, 2, 2, 0, 0, 1, 1, 0, 2, 0, 2, 1, 0, 0, 2, 0, 0, 2, 0, 1, 1, 0, 0, 2, 1, 1, 2, 2, 0, 2, 2, 2, 1, 2, 1, 1, 2, 0, 1, 1, 2, 1, 2, 0, 1, 1, 0, 1, 0, 0, 0, 1, 1, 1, 1, 1, 1, 1, 0, 2, 2, 1, 0]|[0, 3, 0, 3, 4, 1, 4, 4, 2, 4, 3, 2, 1, 0, 2, 1, 1, 1, 2, 1, 1, 3, 0, 1, 0, 1, 1, 4, 1, 4, 3, 2, 2, 0, 4, 1, 1, 4, 1, 1, 2, 1, 4, 4, 1, 1, 0, 2, 3, 2, 2, 1, 2, 1, 1, 2, 4, 3, 0, 2, 2, 3, 3, 1, 1, 2, 1, 1, 1, 4, 1, 3, 4, 1, 2, 4, 3, 1, 3, 1, 2, 4, 4, 2, 3, 2, 2, 2, 3, 4, 3, 4, 4, 4, 4, 2, 1, 1, 3, 2]|[0, 2, 0, 0, 3, 0, 1, 3, 0, 0, 2, 0, 1, 0, 1, 0, 0, 0, 1, 0, 0, 2, 0, 0, 1, 0, 0, 3, 0, 1, 0, 2, 0, 0, 3, 0, 1, 1, 0, 0, 0, 0, 1, 3, 0, 0, 1, 0, 2, 0, 0, 0, 0, 0, 1, 0, 1, 0, 1, 1, 0, 2, 0, 0, 0, 0, 0, 0, 0, 2, 0, 0, 1, 0, 0, 1, 0, 0, 3, 0, 0, 1, 2, 0, 0, 0, 0, 0, 3, 1, 0, 1, 2, 3, 1, 0, 0, 0, 0, 0],908.8272556494078,49271.80918042497,107420.98859684674,false
33,G3_TWC,G3_TWC,[31, 22, 82, 15, 26, 58, 95, 42, 77, 12, 47, 5, 93, 78, 98, 54, 85, 63, 18, 44, 20, 35, 43, 97, 91, 76, 10, 30, 21, 45, 71, 64, 1, 23, 17, 83, 24, 14, 60, 36, 6, 57, 94, 88, 65, 56, 79, 40, 67, 68, 46, 75, 38, 9, 19, 32, 81, 41, 27, 62, 87, 90, 99, 59, 11, 16, 72, 73, 70, 39, 37, 84, 3, 92, 25, 55, 28, 29, 51, 7, 33, 61, 86, 48, 89, 50, 66, 96, 53, 80, 4, 8, 34, 49, 52, 0, 13, 2, 69, 74]|[1, 1, 0, 1, 1, 1, 2, 1, 2, 1, 2, 2, 2, 1, 1, 0, 0, 1, 0, 2, 2, 0, 1, 2, 0, 1, 2, 2, 0, 0, 1, 2, 1, 2, 1, 0, 2, 0, 1, 1, 0, 1, 1, 1, 0, 2, 1, 1, 0, 0, 0, 0, 1, 1, 2, 1, 2, 0, 0, 0, 2, 1, 0, 1, 2, 1, 2, 1, 1, 1, 1, 1, 2, 0, 1, 1, 0, 0, 0, 1, 2, 1, 0, 0, 1, 0, 0, 0, 0, 0, 0, 1, 2, 0, 1, 0, 0, 0, 1, 2]|[4, 3, 2, 2, 0, 0, 2, 2, 2, 4, 1, 1, 2, 4, 4, 1, 1, 4, 2, 1, 1, 1, 1, 2, 1, 2, 1, 1, 1, 1, 3, 2, 3, 0, 4, 0, 1, 1, 0, 3, 2, 2, 4, 0, 1, 1, 0, 2, 0, 1, 2, 2, 1, 4, 0, 3, 2, 1, 1, 2, 1, 3, 1, 1, 1, 3, 0, 4, 3, 1, 4, 1, 1, 2, 4, 4, 2, 1, 1, 3, 1, 3, 1, 1, 1, 1, 1, 1, 2, 1, 2, 3, 1, 1, 1, 2, 2, 2, 3, 1]|[0, 2, 1, 1, 3, 3, 0, 1, 0, 0, 0, 0, 1, 0, 1, 0, 0, 3, 1, 0, 0, 0, 3, 1, 0, 2, 0, 0, 0, 1, 0, 0, 0, 0, 3, 0, 1, 0, 0, 2, 1, 1, 2, 0, 0, 0, 0, 1, 1, 0, 0, 0, 1, 3, 0, 0, 1, 0, 0, 1, 0, 2, 0, 1, 0, 2, 1, 0, 0, 1, 1, 3, 0, 1, 3, 3, 1, 0, 0, 2, 0, 0, 0, 0, 1, 0, 0, 0, 1, 0, 1, 2, 0, 1, 1, 0, 0, 0, 0, 0],805.5394456933803,58046.77716663049,89050.44506242599,false
34,G1_CMAX,G3_TWC,[31, 22, 82, 15, 26, 58, 95, 42, 77, 12, 47, 5, 93, 78, 98, 54, 85, 63, 18, 44, 20, 35, 43, 97, 91, 76, 10, 30, 21, 45, 71, 64, 1, 23, 17, 83, 24, 14, 60, 36, 6, 57, 94, 88, 65, 56, 79, 40, 67, 68, 46, 75, 38, 9, 19, 32, 81, 41, 27, 62, 87, 90, 99, 59, 11, 16, 72, 73, 70, 39, 37, 84, 3, 92, 25, 55, 28, 29, 51, 7, 33, 61, 48, 86, 89, 50, 4, 96, 53, 8, 66, 80, 34, 49, 52, 0, 13, 2, 69, 74]|[1, 1, 0, 1, 1, 1, 2, 1, 2, 1, 2, 2, 2, 1, 1, 0, 0, 1, 0, 2, 2, 0, 0, 2, 0, 1, 2, 2, 0, 0, 1, 2, 1, 2, 1, 0, 2, 0, 1, 1, 0, 1, 1, 1, 0, 2, 1, 1, 0, 0, 0, 0, 1, 1, 2, 1, 2, 0, 0, 0, 2, 1, 1, 2, 2, 1, 2, 1, 1, 1, 1, 1, 1, 0, 1, 1, 0, 0, 0, 1, 2, 1, 0, 0, 1, 0, 0, 0, 0, 1, 2, 0, 2, 0, 1, 0, 0, 0, 1, 2]|[4, 3, 2, 2, 0, 0, 2, 2, 2, 4, 1, 1, 2, 4, 4, 1, 2, 4, 2, 1, 1, 1, 1, 2, 1, 2, 1, 1, 1, 1, 3, 1, 3, 0, 4, 0, 1, 1, 0, 3, 2, 2, 4, 0, 1, 1, 0, 2, 0, 1, 2, 2, 1, 4, 0, 3, 2, 1, 1, 2, 1, 3, 1, 1, 1, 3, 0, 4, 3, 1, 4, 1, 1, 2, 4, 4, 2, 1, 1, 3, 1, 3, 1, 1, 1, 1, 2, 1, 2, 3, 1, 1, 1, 1, 1, 2, 2, 2, 3, 1]|[0, 2, 1, 1, 3, 3, 0, 1, 0, 0, 0, 0, 1, 0, 1, 0, 0, 3, 1, 0, 0, 0, 0, 1, 0, 2, 0, 0, 0, 1, 0, 0, 0, 0, 3, 0, 1, 0, 0, 2, 1, 1, 2, 0, 0, 0, 0, 1, 1, 0, 0, 0, 1, 3, 0, 0, 1, 0, 0, 1, 0, 2, 1, 0, 0, 2, 1, 0, 0, 1, 1, 3, 1, 1, 3, 3, 1, 0, 0, 2, 0, 0, 0, 0, 1, 0, 1, 0, 1, 2, 0, 0, 0, 1, 1, 0, 0, 0, 0, 0],794.787407346162,57705.07699389357,89758.53123991514,true
34,G4_BALANCED,G2_TEC,[31, 22, 82, 15, 26, 9, 95, 42, 77, 68, 47, 5, 93, 78, 86, 54, 85, 63, 18, 44, 20, 49, 36, 14, 74, 50, 53, 17, 21, 28, 11, 64, 3, 23, 30, 83, 24, 41, 40, 52, 65, 27, 90, 70, 39, 87, 48, 69, 99, 4, 46, 1, 13, 58, 97, 59, 45, 8, 73, 37, 35, 79, 71, 66, 76, 32, 60, 80, 56, 6, 67, 61, 33, 7, 57, 34, 12, 16, 10, 98, 96, 88, 43, 75, 91, 38, 84, 92, 29, 94, 51, 55, 72, 0, 89, 81, 19, 2, 62, 25]|[2, 1, 2, 1, 1, 2, 1, 1, 1, 1, 1, 0, 2, 2, 1, 2, 0, 0, 0, 2, 2, 1, 0, 2, 0, 2, 2, 1, 0, 1, 1, 1, 0, 0, 1, 0, 2, 1, 2, 2, 0, 0, 1, 1, 0, 2, 0, 2, 1, 0, 0, 2, 0, 0, 2, 0, 1, 1, 0, 0, 2, 1, 1, 2, 2, 0, 2, 2, 2, 1, 2, 1, 1, 2, 0, 1, 1, 2, 1, 2, 0, 1, 1, 0, 1, 0, 0, 0, 1, 1, 1, 0, 1, 0, 1, 1, 2, 2, 1, 1]|[0, 3, 0, 3, 4, 1, 4, 4, 2, 4, 3, 2, 1, 0, 2, 1, 1, 1, 2, 1, 1, 3, 0, 1, 0, 1, 1, 4, 1, 4, 3, 2, 2, 0, 4, 1, 1, 4, 1, 1, 2, 1, 4, 4, 1, 1, 0, 2, 3, 2, 2, 1, 2, 1, 1, 2, 4, 3, 0, 2, 2, 3, 3, 1, 1, 2, 1, 1, 1, 4, 1, 3, 4, 1, 2, 4, 3, 1, 3, 1, 2, 4, 4, 2, 3, 2, 2, 2, 3, 4, 3, 2, 4, 2, 4, 4, 1, 1, 3, 4]|[0, 2, 0, 0, 3, 0, 1, 3, 0, 0, 2, 0, 1, 0, 1, 0, 0, 0, 1, 0, 0, 2, 0, 0, 1, 0, 0, 3, 0, 1, 0, 2, 0, 0, 3, 0, 1, 1, 0, 0, 0, 0, 1, 3, 0, 0, 1, 0, 2, 0, 0, 0, 0, 0, 1, 0, 1, 0, 1, 1, 0, 2, 0, 0, 0, 0, 0, 0, 0, 2, 0, 0, 1, 0, 0, 1, 0, 0, 3, 0, 0, 1, 2, 0, 0, 0, 0, 0, 3, 1, 0, 0, 1, 0, 1, 2, 0, 0, 0, 3],900.1804990387486,49473.545343247024,107728.59415278307,true
34,G2_TEC,G2_TEC,[31, 22, 82, 15, 26, 9, 95, 42, 77, 68, 47, 5, 93, 78, 86, 54, 85, 63, 18, 44, 20, 49, 36, 14, 74, 50, 53, 17, 21, 28, 11, 64, 3, 23, 30, 83, 24, 41, 40, 52, 65, 27, 90, 70, 39, 87, 48, 69, 99, 4, 75, 1, 13, 58, 97, 59, 45, 8, 73, 37, 35, 79, 71, 66, 76, 32, 60, 80, 56, 6, 67, 61, 33, 7, 57, 34, 12, 16, 10, 98, 96, 88, 43, 46, 91, 38, 84, 92, 29, 19, 51, 72, 81, 25, 89, 55, 94, 2, 62, 0]|[2, 1, 2, 1, 1, 2, 1, 1, 1, 1, 1, 0, 2, 2, 1, 2, 0, 0, 0, 2, 2, 1, 0, 2, 0, 2, 2, 1, 0, 1, 1, 1, 0, 0, 1, 0, 2, 1, 2, 2, 0, 0, 1, 1, 0, 2, 0, 2, 1, 0, 0, 2, 0, 0, 2, 0, 1, 1, 0, 0, 2, 1, 1, 2, 2, 0, 2, 2, 2, 1, 2, 1, 1, 2, 0, 1, 1, 2, 1, 2, 0, 1, 1, 0, 1, 0, 0, 0, 1, 1, 1, 1, 1, 1, 1, 0, 2, 2, 1, 0]|[0, 3, 0, 3, 4, 1, 4, 4, 2, 4, 3, 2, 1, 0, 2, 1, 1, 1, 2, 1, 1, 3, 0, 1, 0, 1, 1, 4, 1, 4, 3, 2, 2, 0, 4, 1, 1, 4, 1, 1, 2, 1, 4, 4, 1, 1, 0, 2, 3, 2, 2, 1, 2, 1, 1, 2, 4, 3, 0, 2, 2, 3, 3, 1, 1, 2, 1, 1, 1, 4, 1, 3, 4, 1, 2, 4, 3, 1, 3, 1, 2, 4, 4, 2, 3, 2, 2, 2, 3, 4, 3, 4, 4, 4, 4, 2, 1, 1, 3, 2]|[0, 2, 0, 0, 3, 0, 1, 3, 0, 0, 2, 0, 1, 0, 1, 0, 0, 0, 1, 0, 0, 2, 0, 0, 1, 0, 0, 3, 0, 1, 0, 2, 0, 0, 3, 0, 1, 1, 0, 0, 0, 0, 1, 3, 0, 0, 1, 0, 2, 0, 0, 0, 0, 0, 1, 0, 1, 0, 1, 1, 0, 2, 0, 0, 0, 0, 0, 0, 0, 2, 0, 0, 1, 0, 0, 1, 0, 0, 3, 0, 0, 1, 2, 0, 0, 0, 0, 0, 3, 1, 0, 1, 2, 3, 1, 0, 0, 0, 0, 0],908.8272556494078,49271.80918042497,107420.98859684674,false
34,G3_TWC,G3_TWC,[31, 22, 82, 15, 26, 58, 95, 42, 77, 12, 47, 5, 93, 78, 98, 54, 85, 63, 18, 44, 20, 35, 43, 97, 91, 76, 10, 30, 21, 45, 71, 64, 1, 23, 17, 83, 24, 14, 60, 36, 6, 57, 94, 88, 65, 56, 79, 40, 67, 68, 46, 75, 38, 9, 19, 32, 81, 41, 27, 62, 87, 90, 99, 59, 11, 16, 72, 73, 70, 39, 37, 84, 3, 92, 25, 55, 28, 29, 51, 7, 33, 61, 86, 48, 89, 50, 66, 96, 53, 80, 4, 8, 34, 49, 52, 0, 13, 2, 69, 74]|[1, 1, 0, 1, 1, 1, 2, 1, 2, 1, 2, 2, 2, 1, 1, 0, 0, 1, 0, 2, 2, 0, 1, 2, 0, 1, 2, 2, 0, 0, 1, 2, 1, 2, 1, 0, 2, 0, 1, 1, 0, 1, 1, 1, 0, 2, 1, 1, 0, 0, 0, 0, 1, 1, 2, 1, 2, 0, 0, 0, 2, 1, 0, 1, 2, 1, 2, 1, 1, 1, 1, 1, 2, 0, 1, 1, 0, 0, 0, 1, 2, 1, 0, 0, 1, 0, 0, 0, 0, 0, 0, 1, 2, 0, 1, 0, 0, 0, 1, 2]|[4, 3, 2, 2, 0, 0, 2, 2, 2, 4, 1, 1, 2, 4, 4, 1, 1, 4, 2, 1, 1, 1, 1, 2, 1, 2, 1, 1, 1, 1, 3, 2, 3, 0, 4, 0, 1, 1, 0, 3, 2, 2, 4, 0, 1, 1, 0, 2, 0, 1, 2, 2, 1, 4, 0, 3, 2, 1, 1, 2, 1, 3, 1, 1, 1, 3, 0, 4, 3, 1, 4, 1, 1, 2, 4, 4, 2, 1, 1, 3, 1, 3, 1, 1, 1, 1, 1, 1, 2, 1, 2, 3, 1, 1, 1, 2, 2, 2, 3, 1]|[0, 2, 1, 1, 3, 3, 0, 1, 0, 0, 0, 0, 1, 0, 1, 0, 0, 3, 1, 0, 0, 0, 3, 1, 0, 2, 0, 0, 0, 1, 0, 0, 0, 0, 3, 0, 1, 0, 0, 2, 1, 1, 2, 0, 0, 0, 0, 1, 1, 0, 0, 0, 1, 3, 0, 0, 1, 0, 0, 1, 0, 2, 0, 1, 0, 2, 1, 0, 0, 1, 1, 3, 0, 1, 3, 3, 1, 0, 0, 2, 0, 0, 0, 0, 1, 0, 0, 0, 1, 0, 1, 2, 0, 1, 1, 0, 0, 0, 0, 0],805.5394456933803,58046.77716663049,89050.44506242599,false
34,G1_CMAX,G3_TWC,[31, 22, 82, 15, 26, 58, 95, 42, 77, 12, 47, 5, 93, 78, 98, 54, 85, 63, 18, 44, 20, 35, 43, 97, 91, 76, 10, 30, 21, 45, 71, 64, 1, 23, 17, 83, 24, 14, 60, 36, 6, 57, 94, 88, 65, 56, 79, 40, 67, 68, 46, 75, 38, 9, 19, 32, 81, 41, 27, 62, 87, 90, 99, 59, 11, 16, 72, 73, 70, 39, 37, 84, 3, 92, 25, 55, 28, 29, 51, 7, 33, 61, 48, 86, 89, 50, 4, 96, 53, 8, 66, 80, 34, 49, 52, 0, 13, 2, 69, 74]|[1, 1, 0, 1, 1, 1, 2, 1, 2, 1, 2, 2, 2, 1, 1, 0, 0, 1, 0, 2, 2, 0, 0, 2, 0, 1, 2, 2, 0, 0, 1, 2, 1, 2, 1, 0, 2, 0, 1, 1, 0, 1, 1, 1, 0, 2, 1, 1, 0, 0, 0, 0, 1, 1, 2, 1, 2, 0, 0, 0, 2, 1, 1, 2, 2, 1, 2, 1, 1, 1, 1, 1, 1, 0, 1, 1, 0, 0, 0, 1, 2, 1, 0, 0, 1, 0, 0, 0, 0, 1, 2, 0, 2, 0, 1, 0, 0, 0, 1, 2]|[4, 3, 2, 2, 0, 0, 2, 2, 2, 4, 1, 1, 2, 4, 4, 1, 2, 4, 2, 1, 1, 1, 1, 2, 1, 2, 1, 1, 1, 1, 3, 1, 3, 0, 4, 0, 1, 1, 0, 3, 2, 2, 4, 0, 1, 1, 0, 2, 0, 1, 2, 2, 1, 4, 0, 3, 2, 1, 1, 2, 1, 3, 1, 1, 1, 3, 0, 4, 3, 1, 4, 1, 1, 2, 4, 4, 2, 1, 1, 3, 1, 3, 1, 1, 1, 1, 2, 1, 2, 3, 1, 1, 1, 1, 1, 2, 2, 2, 3, 1]|[0, 2, 1, 1, 3, 3, 0, 1, 0, 0, 0, 0, 1, 0, 1, 0, 0, 3, 1, 0, 0, 0, 0, 1, 0, 2, 0, 0, 0, 1, 0, 0, 0, 0, 3, 0, 1, 0, 0, 2, 1, 1, 2, 0, 0, 0, 0, 1, 1, 0, 0, 0, 1, 3, 0, 0, 1, 0, 0, 1, 0, 2, 1, 0, 0, 2, 1, 0, 0, 1, 1, 3, 1, 1, 3, 3, 1, 0, 0, 2, 0, 0, 0, 0, 1, 0, 1, 0, 1, 2, 0, 0, 0, 1, 1, 0, 0, 0, 0, 0],794.787407346162,57705.07699389357,89758.53123991514,true
34,G4_BALANCED,G4_BALANCED,[31, 11, 82, 15, 26, 9, 95, 42, 77, 68, 47, 5, 93, 78, 86, 54, 85, 63, 18, 44, 20, 49, 36, 14, 74, 50, 53, 17, 21, 45, 71, 64, 3, 23, 30, 83, 24, 41, 60, 52, 65, 27, 90, 70, 39, 87, 48, 69, 99, 4, 46, 1, 13, 58, 97, 59, 28, 75, 73, 37, 35, 79, 22, 66, 76, 32, 40, 80, 96, 6, 16, 61, 33, 7, 57, 34, 12, 67, 10, 98, 56, 88, 29, 8, 91, 38, 19, 92, 43, 84, 51, 72, 81, 62, 2, 55, 0, 89, 94, 25]|[2, 1, 2, 1, 1, 2, 1, 1, 1, 1, 1, 0, 2, 2, 1, 2, 0, 0, 0, 2, 2, 1, 0, 2, 0, 2, 2, 1, 0, 1, 1, 1, 0, 0, 1, 0, 2, 1, 2, 2, 0, 0, 1, 1, 0, 2, 0, 2, 1, 0, 0, 2, 0, 0, 2, 0, 1, 1, 0, 0, 2, 1, 0, 2, 2, 0, 2, 2, 0, 1, 2, 1, 1, 2, 0, 1, 1, 1, 1, 2, 2, 1, 1, 0, 1, 0, 1, 0, 1, 0, 1, 1, 1, 1, 2, 0, 0, 1, 2, 1]|[0, 3, 0, 2, 4, 1, 4, 4, 2, 4, 3, 2, 1, 0, 2, 1, 1, 1, 2, 1, 1, 3, 0, 1, 0, 1, 1, 4, 1, 4, 3, 2, 2, 0, 4, 1, 1, 4, 0, 1, 2, 1, 4, 4, 1, 1, 0, 2, 3, 1, 2, 1, 2, 1, 1, 2, 4, 3, 0, 2, 2, 3, 1, 0, 1, 2, 0, 1, 2, 4, 1, 3, 4, 1, 2, 4, 3, 3, 3, 1, 1, 4, 3, 2, 3, 2, 4, 2, 4, 2, 3, 4, 1, 3, 1, 2, 2, 4, 1, 4]|[0, 2, 0, 1, 3, 0, 1, 3, 0, 0, 2, 0, 1, 0, 1, 0, 0, 0, 1, 0, 0, 2, 0, 0, 1, 0, 0, 3, 0, 1, 0, 2, 0, 1, 3, 0, 1, 3, 1, 0, 0, 0, 1, 3, 0, 0, 1, 0, 2, 0, 0, 0, 0, 0, 1, 0, 1, 0, 1, 1, 0, 2, 0, 0, 0, 0, 0, 0, 0, 2, 0, 0, 1, 0, 0, 1, 0, 0, 3, 0, 0, 1, 0, 0, 0, 0, 3, 0, 2, 0, 0, 2, 1, 0, 0, 0, 0, 1, 0, 3],843.8855010804491,52038.22615277176,107575.91746051938,false
34,G2_TEC,G2_TEC,[31, 22, 82, 15, 26, 9, 95, 42, 77, 68, 47, 5, 93, 78, 86, 54, 85, 63, 18, 44, 20, 49, 36, 14, 74, 50, 53, 17, 21, 28, 11, 64, 3, 23, 30, 83, 24, 41, 40, 52, 65, 27, 90, 70, 39, 87, 48, 69, 99, 4, 75, 1, 13, 58, 97, 59, 45, 8, 73, 37, 35, 79, 71, 66, 76, 32, 60, 80, 56, 6, 67, 61, 33, 7, 57, 34, 12, 16, 10, 98, 96, 88, 43, 46, 91, 38, 84, 92, 29, 19, 51, 72, 81, 25, 89, 55, 94, 2, 62, 0]|[2, 1, 2, 1, 1, 2, 1, 1, 1, 1, 1, 0, 2, 2, 1, 2, 0, 0, 0, 2, 2, 1, 0, 2, 0, 2, 2, 1, 0, 1, 1, 1, 0, 0, 1, 0, 2, 1, 2, 2, 0, 0, 1, 1, 0, 2, 0, 2, 1, 0, 0, 2, 0, 0, 2, 0, 1, 1, 0, 0, 2, 1, 1, 2, 2, 0, 2, 2, 2, 1, 2, 1, 1, 2, 0, 1, 1, 2, 1, 2, 0, 1, 1, 0, 1, 0, 0, 0, 1, 1, 1, 1, 1, 1, 1, 0, 2, 2, 1, 0]|[0, 3, 0, 3, 4, 1, 4, 4, 2, 4, 3, 2, 1, 0, 2, 1, 1, 1, 2, 1, 1, 3, 0, 1, 0, 1, 1, 4, 1, 4, 3, 2, 2, 0, 4, 1, 1, 4, 1, 1, 2, 1, 4, 4, 1, 1, 0, 2, 3, 2, 2, 1, 2, 1, 1, 2, 4, 3, 0, 2, 2, 3, 3, 1, 1, 2, 1, 1, 1, 4, 1, 3, 4, 1, 2, 4, 3, 1, 3, 1, 2, 4, 4, 2, 3, 2, 2, 2, 3, 4, 3, 4, 4, 4, 4, 2, 1, 1, 3, 2]|[0, 2, 0, 0, 3, 0, 1, 3, 0, 0, 2, 0, 1, 0, 1, 0, 0, 0, 1, 0, 0, 2, 0, 0, 1, 0, 0, 3, 0, 1, 0, 2, 0, 0, 3, 0, 1, 1, 0, 0, 0, 0, 1, 3, 0, 0, 1, 0, 2, 0, 0, 0, 0, 0, 1, 0, 1, 0, 1, 1, 0, 2, 0, 0, 0, 0, 0, 0, 0, 2, 0, 0, 1, 0, 0, 1, 0, 0, 3, 0, 0, 1, 2, 0, 0, 0, 0, 0, 3, 1, 0, 1, 2, 3, 1, 0, 0, 0, 0, 0],908.8272556494078,49271.80918042497,107420.98859684674,false
34,G3_TWC,G4_BALANCED,[31, 11, 15, 82, 26, 9, 95, 32, 77, 68, 47, 5, 93, 78, 86, 54, 85, 63, 18, 44, 20, 49, 36, 14, 74, 50, 53, 17, 21, 45, 71, 64, 3, 23, 30, 83, 24, 41, 60, 52, 65, 27, 90, 70, 39, 87, 48, 69, 99, 4, 46, 1, 13, 58, 97, 59, 28, 75, 73, 37, 35, 79, 22, 66, 76, 42, 40, 80, 96, 6, 16, 61, 33, 7, 57, 34, 12, 67, 10, 98, 8, 88, 29, 56, 91, 38, 19, 92, 43, 84, 2, 72, 81, 25, 51, 55, 62, 89, 94, 0]|[2, 1, 1, 2, 1, 2, 1, 1, 1, 1, 1, 0, 2, 2, 1, 2, 0, 0, 0, 2, 2, 1, 0, 2, 0, 2, 2, 1, 0, 1, 1, 1, 0, 0, 1, 0, 2, 1, 2, 2, 0, 0, 1, 1, 0, 2, 0, 2, 1, 0, 0, 2, 0, 0, 2, 0, 1, 0, 0, 0, 2, 1, 1, 2, 2, 0, 2, 2, 0, 1, 2, 1, 1, 2, 0, 1, 1, 1, 1, 2, 2, 1, 1, 2, 1, 0, 1, 0, 1, 0, 2, 1, 1, 1, 1, 0, 1, 1, 2, 0]|[1, 3, 2, 0, 4, 1, 4, 4, 2, 4, 3, 2, 1, 0, 2, 1, 1, 1, 2, 1, 1, 3, 0, 1, 0, 1, 1, 4, 1, 4, 3, 2, 2, 0, 4, 1, 1, 4, 0, 1, 2, 1, 4, 4, 1, 1, 0, 2, 3, 2, 2, 1, 2, 1, 1, 2, 4, 2, 0, 2, 2, 3, 3, 0, 1, 2, 1, 1, 2, 4, 1, 3, 4, 1, 2, 4, 3, 3, 3, 1, 1, 4, 3, 1, 3, 2, 4, 2, 4, 2, 1, 4, 1, 4, 3, 2, 3, 4, 1, 2]|[1, 2, 1, 0, 3, 0, 1, 3, 0, 0, 2, 0, 1, 0, 1, 0, 0, 0, 1, 0, 0, 2, 0, 0, 1, 0, 0, 3, 0, 1, 0, 2, 0, 1, 3, 0, 1, 3, 1, 0, 0, 0, 1, 3, 0, 0, 1, 0, 2, 0, 0, 0, 0, 0, 1, 0, 1, 0, 1, 1, 0, 2, 0, 0, 0, 0, 0, 0, 0, 2, 0, 0, 1, 0, 0, 1, 0, 0, 3, 0, 0, 1, 0, 0, 0, 0, 3, 0, 2, 0, 0, 2, 1, 3, 0, 0, 0, 1, 0, 0],853.9586631816869,51686.521742419325,106121.17870986674,true
34,G1_CMAX,G3_TWC,[31, 22, 82, 15, 26, 58, 95, 42, 77, 12, 47, 5, 93, 78, 98, 54, 85, 63, 18, 44, 20, 35, 43, 97, 91, 76, 10, 30, 21, 45, 71, 64, 1, 23, 17, 83, 24, 14, 60, 36, 6, 57, 94, 88, 65, 56, 79, 40, 67, 68, 46, 75, 38, 9, 19, 32, 81, 41, 27, 62, 87, 90, 99, 59, 11, 16, 72, 73, 70, 39, 37, 84, 3, 92, 25, 55, 28, 29, 51, 7, 33, 61, 48, 86, 89, 50, 4, 96, 53, 8, 66, 80, 34, 49, 52, 0, 13, 2, 69, 74]|[1, 1, 0, 1, 1, 1, 2, 1, 2, 1, 2, 2, 2, 1, 1, 0, 0, 1, 0, 2, 2, 0, 0, 2, 0, 1, 2, 2, 0, 0, 1, 2, 1, 2, 1, 0, 2, 0, 1, 1, 0, 1, 1, 1, 0, 2, 1, 1, 0, 0, 0, 0, 1, 1, 2, 1, 2, 0, 0, 0, 2, 1, 1, 2, 2, 1, 2, 1, 1, 1, 1, 1, 1, 0, 1, 1, 0, 0, 0, 1, 2, 1, 0, 0, 1, 0, 0, 0, 0, 1, 2, 0, 2, 0, 1, 0, 0, 0, 1, 2]|[4, 3, 2, 2, 0, 0, 2, 2, 2, 4, 1, 1, 2, 4, 4, 1, 2, 4, 2, 1, 1, 1, 1, 2, 1, 2, 1, 1, 1, 1, 3, 1, 3, 0, 4, 0, 1, 1, 0, 3, 2, 2, 4, 0, 1, 1, 0, 2, 0, 1, 2, 2, 1, 4, 0, 3, 2, 1, 1, 2, 1, 3, 1, 1, 1, 3, 0, 4, 3, 1, 4, 1, 1, 2, 4, 4, 2, 1, 1, 3, 1, 3, 1, 1, 1, 1, 2, 1, 2, 3, 1, 1, 1, 1, 1, 2, 2, 2, 3, 1]|[0, 2, 1, 1, 3, 3, 0, 1, 0, 0, 0, 0, 1, 0, 1, 0, 0, 3, 1, 0, 0, 0, 0, 1, 0, 2, 0, 0, 0, 1, 0, 0, 0, 0, 3, 0, 1, 0, 0, 2, 1, 1, 2, 0, 0, 0, 0, 1, 1, 0, 0, 0, 1, 3, 0, 0, 1, 0, 0, 1, 0, 2, 1, 0, 0, 2, 1, 0, 0, 1, 1, 3, 1, 1, 3, 3, 1, 0, 0, 2, 0, 0, 0, 0, 1, 0, 1, 0, 1, 2, 0, 0, 0, 1, 1, 0, 0, 0, 0, 0],794.787407346162,57705.07699389357,89758.53123991514,true
34,G4_BALANCED,G3_TWC,[31, 22, 82, 15, 26, 58, 95, 42, 77, 12, 47, 5, 93, 78, 98, 54, 85, 63, 18, 44, 20, 35, 43, 97, 91, 76, 10, 30, 21, 45, 71, 64, 1, 23, 17, 83, 24, 14, 60, 0, 6, 57, 94, 88, 65, 56, 79, 40, 67, 68, 46, 75, 38, 9, 19, 32, 27, 41, 81, 62, 87, 90, 99, 59, 11, 16, 72, 73, 70, 39, 37, 84, 3, 92, 25, 55, 28, 29, 51, 7, 33, 61, 86, 66, 69, 50, 48, 96, 53, 8, 4, 80, 34, 49, 52, 2, 13, 36, 89, 74]|[1, 1, 0, 1, 1, 1, 2, 1, 2, 1, 2, 2, 2, 1, 1, 0, 0, 1, 0, 2, 2, 0, 1, 2, 0, 1, 2, 2, 0, 0, 1, 2, 1, 2, 1, 0, 2, 0, 1, 1, 0, 1, 1, 1, 0, 2, 1, 1, 0, 0, 0, 0, 1, 1, 2, 1, 0, 0, 2, 0, 2, 1, 0, 1, 2, 1, 2, 1, 1, 1, 1, 1, 2, 0, 1, 1, 0, 0, 0, 1, 2, 1, 0, 2, 1, 0, 0, 0, 0, 1, 0, 0, 2, 0, 1, 0, 0, 0, 1, 2]|[4, 3, 2, 2, 0, 0, 2, 2, 2, 4, 1, 1, 2, 4, 4, 1, 1, 4, 2, 1, 1, 1, 1, 2, 1, 2, 1, 1, 1, 1, 3, 2, 3, 0, 4, 0, 1, 1, 0, 3, 2, 2, 4, 0, 1, 1, 0, 2, 0, 1, 2, 2, 1, 4, 0, 3, 1, 1, 2, 2, 1, 3, 1, 1, 1, 3, 0, 4, 3, 1, 4, 1, 1, 2, 4, 4, 2, 1, 1, 3, 1, 3, 1, 1, 3, 1, 1, 1, 2, 3, 2, 1, 1, 1, 1, 2, 2, 2, 1, 1]|[0, 2, 1, 1, 3, 3, 0, 1, 0, 0, 0, 0, 1, 0, 1, 0, 0, 3, 1, 0, 0, 0, 3, 1, 0, 2, 0, 0, 0, 1, 0, 0, 0, 0, 3, 0, 1, 0, 0, 2, 1, 1, 2, 0, 0, 0, 0, 1, 1, 0, 0, 0, 1, 3, 0, 0, 0, 0, 1, 1, 0, 2, 0, 1, 0, 2, 1, 0, 0, 1, 1, 3, 0, 1, 3, 3, 1, 0, 0, 2, 0, 0, 0, 0, 0, 0, 0, 0, 1, 2, 1, 0, 0, 1, 1, 0, 0, 0, 1, 0],794.9504268325494,57749.374592850836,89546.73771391547,true
34,G2_TEC,G2_TEC,[31, 22, 82, 15, 26, 9, 95, 42, 77, 68, 47, 5, 93, 78, 86, 54, 85, 63, 18, 44, 20, 49, 36, 14, 74, 50, 53, 17, 21, 28, 11, 64, 3, 23, 30, 83, 24, 41, 40, 52, 65, 27, 90, 70, 39, 87, 48, 69, 99, 4, 75, 1, 13, 58, 97, 59, 45, 8, 73, 37, 35, 79, 71, 66, 76, 32, 60, 80, 56, 6, 67, 61, 33, 7, 57, 34, 12, 16, 10, 98, 96, 88, 43, 46, 91, 38, 84, 92, 29, 19, 51, 72, 81, 25, 89, 55, 94, 2, 62, 0]|[2, 1, 2, 1, 1, 2, 1, 1, 1, 1, 1, 0, 2, 2, 1, 2, 0, 0, 0, 2, 2, 1, 0, 2, 0, 2, 2, 1, 0, 1, 1, 1, 0, 0, 1, 0, 2, 1, 2, 2, 0, 0, 1, 1, 0, 2, 0, 2, 1, 0, 0, 2, 0, 0, 2, 0, 1, 1, 0, 0, 2, 1, 1, 2, 2, 0, 2, 2, 2, 1, 2, 1, 1, 2, 0, 1, 1, 2, 1, 2, 0, 1, 1, 0, 1, 0, 0, 0, 1, 1, 1, 1, 1, 1, 1, 0, 2, 2, 1, 0]|[0, 3, 0, 3, 4, 1, 4, 4, 2, 4, 3, 2, 1, 0, 2, 1, 1, 1, 2, 1, 1, 3, 0, 1, 0, 1, 1, 4, 1, 4, 3, 2, 2, 0, 4, 1, 1, 4, 1, 1, 2, 1, 4, 4, 1, 1, 0, 2, 3, 2, 2, 1, 2, 1, 1, 2, 4, 3, 0, 2, 2, 3, 3, 1, 1, 2, 1, 1, 1, 4, 1, 3, 4, 1, 2, 4, 3, 1, 3, 1, 2, 4, 4, 2, 3, 2, 2, 2, 3, 4, 3, 4, 4, 4, 4, 2, 1, 1, 3, 2]|[0, 2, 0, 0, 3, 0, 1, 3, 0, 0, 2, 0, 1, 0, 1, 0, 0, 0, 1, 0, 0, 2, 0, 0, 1, 0, 0, 3, 0, 1, 0, 2, 0, 0, 3, 0, 1, 1, 0, 0, 0, 0, 1, 3, 0, 0, 1, 0, 2, 0, 0, 0, 0, 0, 1, 0, 1, 0, 1, 1, 0, 2, 0, 0, 0, 0, 0, 0, 0, 2, 0, 0, 1, 0, 0, 1, 0, 0, 3, 0, 0, 1, 2, 0, 0, 0, 0, 0, 3, 1, 0, 1, 2, 3, 1, 0, 0, 0, 0, 0],908.8272556494078,49271.80918042497,107420.98859684674,false
34,G3_TWC,G3_TWC,[31, 22, 82, 15, 26, 58, 95, 42, 77, 12, 47, 5, 93, 78, 98, 54, 85, 63, 18, 44, 20, 35, 43, 97, 91, 76, 10, 30, 21, 45, 71, 64, 1, 23, 17, 83, 24, 14, 60, 36, 6, 57, 94, 88, 65, 56, 79, 40, 67, 68, 46, 75, 38, 9, 19, 32, 81, 41, 27, 62, 87, 90, 99, 59, 11, 16, 72, 73, 70, 39, 37, 84, 3, 92, 25, 55, 28, 29, 51, 7, 33, 61, 86, 48, 89, 50, 66, 96, 53, 80, 4, 8, 34, 49, 52, 0, 13, 2, 69, 74]|[1, 1, 0, 1, 1, 1, 2, 1, 2, 1, 2, 2, 2, 1, 1, 0, 0, 1, 0, 2, 2, 0, 1, 2, 0, 1, 2, 2, 0, 0, 1, 2, 1, 2, 1, 0, 2, 0, 1, 1, 0, 1, 1, 1, 0, 2, 1, 1, 0, 0, 0, 0, 1, 1, 2, 1, 2, 0, 0, 0, 2, 1, 0, 1, 2, 1, 2, 1, 1, 1, 1, 1, 2, 0, 1, 1, 0, 0, 0, 1, 2, 1, 0, 0, 1, 0, 0, 0, 0, 0, 0, 1, 2, 0, 1, 0, 0, 0, 1, 2]|[4, 3, 2, 2, 0, 0, 2, 2, 2, 4, 1, 1, 2, 4, 4, 1, 1, 4, 2, 1, 1, 1, 1, 2, 1, 2, 1, 1, 1, 1, 3, 2, 3, 0, 4, 0, 1, 1, 0, 3, 2, 2, 4, 0, 1, 1, 0, 2, 0, 1, 2, 2, 1, 4, 0, 3, 2, 1, 1, 2, 1, 3, 1, 1, 1, 3, 0, 4, 3, 1, 4, 1, 1, 2, 4, 4, 2, 1, 1, 3, 1, 3, 1, 1, 1, 1, 1, 1, 2, 1, 2, 3, 1, 1, 1, 2, 2, 2, 3, 1]|[0, 2, 1, 1, 3, 3, 0, 1, 0, 0, 0, 0, 1, 0, 1, 0, 0, 3, 1, 0, 0, 0, 3, 1, 0, 2, 0, 0, 0, 1, 0, 0, 0, 0, 3, 0, 1, 0, 0, 2, 1, 1, 2, 0, 0, 0, 0, 1, 1, 0, 0, 0, 1, 3, 0, 0, 1, 0, 0, 1, 0, 2, 0, 1, 0, 2, 1, 0, 0, 1, 1, 3, 0, 1, 3, 3, 1, 0, 0, 2, 0, 0, 0, 0, 1, 0, 0, 0, 1, 0, 1, 2, 0, 1, 1, 0, 0, 0, 0, 0],805.5394456933803,58046.77716663049,89050.44506242599,false
34,G1_CMAX,G3_TWC,[31, 22, 82, 15, 26, 58, 95, 42, 77, 12, 47, 5, 93, 78, 98, 54, 85, 63, 18, 44, 20, 35, 43, 97, 91, 76, 10, 30, 21, 45, 71, 64, 1, 23, 17, 83, 24, 14, 60, 36, 6, 57, 94, 88, 65, 56, 79, 40, 67, 68, 46, 75, 38, 9, 19, 32, 81, 41, 27, 62, 87, 90, 99, 59, 11, 16, 72, 73, 70, 39, 37, 84, 3, 92, 25, 55, 28, 29, 51, 7, 33, 61, 48, 86, 89, 50, 4, 96, 53, 8, 66, 80, 34, 49, 52, 0, 13, 2, 69, 74]|[1, 1, 0, 1, 1, 1, 2, 1, 2, 1, 2, 2, 2, 1, 1, 0, 0, 1, 0, 2, 2, 0, 0, 2, 0, 1, 2, 2, 0, 0, 1, 2, 1, 2, 1, 0, 2, 0, 1, 1, 0, 1, 1, 1, 0, 2, 1, 1, 0, 0, 0, 0, 1, 1, 2, 1, 2, 0, 0, 0, 2, 1, 1, 2, 2, 1, 2, 1, 1, 1, 1, 1, 1, 0, 1, 1, 0, 0, 0, 1, 2, 1, 0, 0, 1, 0, 0, 0, 0, 1, 2, 0, 2, 0, 1, 0, 0, 0, 1, 2]|[4, 3, 2, 2, 0, 0, 2, 2, 2, 4, 1, 1, 2, 4, 4, 1, 2, 4, 2, 1, 1, 1, 1, 2, 1, 2, 1, 1, 1, 1, 3, 1, 3, 0, 4, 0, 1, 1, 0, 3, 2, 2, 4, 0, 1, 1, 0, 2, 0, 1, 2, 2, 1, 4, 0, 3, 2, 1, 1, 2, 1, 3, 1, 1, 1, 3, 0, 4, 3, 1, 4, 1, 1, 2, 4, 4, 2, 1, 1, 3, 1, 3, 1, 1, 1, 1, 2, 1, 2, 3, 1, 1, 1, 1, 1, 2, 2, 2, 3, 1]|[0, 2, 1, 1, 3, 3, 0, 1, 0, 0, 0, 0, 1, 0, 1, 0, 0, 3, 1, 0, 0, 0, 0, 1, 0, 2, 0, 0, 0, 1, 0, 0, 0, 0, 3, 0, 1, 0, 0, 2, 1, 1, 2, 0, 0, 0, 0, 1, 1, 0, 0, 0, 1, 3, 0, 0, 1, 0, 0, 1, 0, 2, 1, 0, 0, 2, 1, 0, 0, 1, 1, 3, 1, 1, 3, 3, 1, 0, 0, 2, 0, 0, 0, 0, 1, 0, 1, 0, 1, 2, 0, 0, 0, 1, 1, 0, 0, 0, 0, 0],794.787407346162,57705.07699389357,89758.53123991514,true
34,G4_BALANCED,G4_BALANCED,[31, 11, 15, 82, 26, 9, 95, 32, 77, 68, 47, 5, 93, 78, 86, 54, 85, 63, 18, 44, 20, 49, 36, 14, 74, 50, 53, 17, 21, 45, 71, 64, 3, 23, 30, 83, 24, 41, 60, 52, 65, 27, 90, 70, 39, 87, 48, 69, 99, 4, 46, 1, 13, 58, 97, 59, 28, 75, 73, 37, 35, 98, 22, 66, 76, 42, 40, 80, 96, 6, 16, 61, 89, 7, 57, 34, 12, 67, 10, 79, 56, 88, 43, 8, 91, 38, 19, 92, 29, 84, 51, 72, 33, 25, 2, 55, 62, 81, 94, 0]|[2, 1, 1, 1, 1, 2, 1, 1, 1, 1, 1, 0, 2, 2, 1, 2, 0, 0, 0, 2, 2, 1, 0, 2, 0, 2, 2, 1, 0, 1, 1, 1, 0, 0, 1, 0, 2, 1, 2, 2, 0, 0, 1, 1, 0, 2, 0, 2, 1, 0, 0, 2, 0, 0, 2, 0, 1, 0, 0, 0, 2, 1, 0, 2, 2, 0, 2, 2, 0, 1, 2, 1, 1, 2, 0, 1, 1, 1, 1, 2, 2, 1, 1, 0, 1, 0, 1, 0, 1, 0, 1, 1, 1, 1, 2, 0, 1, 1, 2, 0]|[0, 3, 2, 3, 4, 1, 4, 4, 2, 4, 3, 2, 1, 0, 2, 1, 1, 1, 2, 1, 1, 3, 0, 1, 0, 1, 1, 4, 1, 4, 3, 2, 2, 0, 4, 1, 1, 4, 0, 1, 2, 1, 4, 4, 1, 1, 0, 2, 3, 2, 2, 1, 2, 1, 1, 2, 4, 2, 0, 2, 2, 3, 1, 0, 1, 2, 1, 1, 2, 4, 1, 3, 4, 1, 2, 4, 3, 3, 3, 1, 1, 4, 4, 2, 3, 2, 4, 2, 3, 2, 3, 4, 4, 4, 1, 2, 3, 1, 1, 2]|[0, 2, 1, 0, 3, 0, 1, 3, 0, 0, 2, 0, 1, 0, 1, 0, 0, 0, 1, 0, 0, 2, 0, 0, 1, 0, 0, 3, 0, 1, 0, 2, 0, 1, 3, 0, 1, 3, 1, 0, 0, 0, 1, 3, 0, 0, 1, 0, 2, 0, 0, 0, 0, 0, 1, 0, 1, 0, 1, 1, 0, 2, 0, 0, 0, 0, 0, 0, 0, 2, 0, 0, 1, 0, 0, 1, 0, 0, 3, 0, 0, 1, 2, 0, 0, 0, 1, 0, 3, 0, 0, 2, 1, 3, 0, 0, 0, 1, 0, 0],859.0185662211258,51452.04966736487,106354.60509939928,false
34,G2_TEC,G2_TEC,[31, 22, 82, 15, 26, 9, 95, 42, 77, 68, 47, 5, 93, 78, 86, 54, 85, 63, 18, 44, 20, 49, 36, 14, 74, 50, 53, 17, 21, 28, 11, 64, 3, 23, 30, 83, 24, 41, 40, 52, 65, 27, 90, 70, 39, 87, 48, 69, 99, 4, 75, 1, 13, 58, 97, 59, 45, 8, 73, 37, 35, 79, 71, 66, 76, 32, 60, 80, 56, 6, 67, 61, 33, 7, 57, 34, 12, 16, 10, 98, 96, 88, 43, 46, 91, 38, 84, 92, 29, 19, 51, 72, 81, 25, 89, 55, 94, 2, 62, 0]|[2, 1, 2, 1, 1, 2, 1, 1, 1, 1, 1, 0, 2, 2, 1, 2, 0, 0, 0, 2, 2, 1, 0, 2, 0, 2, 2, 1, 0, 1, 1, 1, 0, 0, 1, 0, 2, 1, 2, 2, 0, 0, 1, 1, 0, 2, 0, 2, 1, 0, 0, 2, 0, 0, 2, 0, 1, 1, 0, 0, 2, 1, 1, 2, 2, 0, 2, 2, 2, 1, 2, 1, 1, 2, 0, 1, 1, 2, 1, 2, 0, 1, 1, 0, 1, 0, 0, 0, 1, 1, 1, 1, 1, 1, 1, 0, 2, 2, 1, 0]|[0, 3, 0, 3, 4, 1, 4, 4, 2, 4, 3, 2, 1, 0, 2, 1, 1, 1, 2, 1, 1, 3, 0, 1, 0, 1, 1, 4, 1, 4, 3, 2, 2, 0, 4, 1, 1, 4, 1, 1, 2, 1, 4, 4, 1, 1, 0, 2, 3, 2, 2, 1, 2, 1, 1, 2, 4, 3, 0, 2, 2, 3, 3, 1, 1, 2, 1, 1, 1, 4, 1, 3, 4, 1, 2, 4, 3, 1, 3, 1, 2, 4, 4, 2, 3, 2, 2, 2, 3, 4, 3, 4, 4, 4, 4, 2, 1, 1, 3, 2]|[0, 2, 0, 0, 3, 0, 1, 3, 0, 0, 2, 0, 1, 0, 1, 0, 0, 0, 1, 0, 0, 2, 0, 0, 1, 0, 0, 3, 0, 1, 0, 2, 0, 0, 3, 0, 1, 1, 0, 0, 0, 0, 1, 3, 0, 0, 1, 0, 2, 0, 0, 0, 0, 0, 1, 0, 1, 0, 1, 1, 0, 2, 0, 0, 0, 0, 0, 0, 0, 2, 0, 0, 1, 0, 0, 1, 0, 0, 3, 0, 0, 1, 2, 0, 0, 0, 0, 0, 3, 1, 0, 1, 2, 3, 1, 0, 0, 0, 0, 0],908.8272556494078,49271.80918042497,107420.98859684674,false
34,G3_TWC,G3_TWC,[31, 22, 82, 15, 26, 58, 95, 42, 77, 12, 47, 5, 93, 78, 98, 54, 85, 63, 18, 44, 20, 35, 43, 97, 91, 76, 10, 30, 21, 45, 71, 64, 1, 23, 17, 83, 24, 14, 60, 36, 6, 57, 94, 88, 65, 56, 79, 40, 67, 68, 46, 75, 38, 9, 19, 32, 81, 41, 27, 62, 87, 90, 99, 59, 11, 16, 72, 73, 70, 39, 37, 84, 3, 92, 25, 55, 28, 29, 51, 7, 33, 61, 86, 48, 89, 50, 66, 96, 53, 80, 4, 8, 34, 49, 52, 0, 13, 2, 69, 74]|[1, 1, 0, 1, 1, 1, 2, 1, 2, 1, 2, 2, 2, 1, 1, 0, 0, 1, 0, 2, 2, 0, 1, 2, 0, 1, 2, 2, 0, 0, 1, 2, 1, 2, 1, 0, 2, 0, 1, 1, 0, 1, 1, 1, 0, 2, 1, 1, 0, 0, 0, 0, 1, 1, 2, 1, 2, 0, 0, 0, 2, 1, 0, 1, 2, 1, 2, 1, 1, 1, 1, 1, 2, 0, 1, 1, 0, 0, 0, 1, 2, 1, 0, 0, 1, 0, 0, 0, 0, 0, 0, 1, 2, 0, 1, 0, 0, 0, 1, 2]|[4, 3, 2, 2, 0, 0, 2, 2, 2, 4, 1, 1, 2, 4, 4, 1, 1, 4, 2, 1, 1, 1, 1, 2, 1, 2, 1, 1, 1, 1, 3, 2, 3, 0, 4, 0, 1, 1, 0, 3, 2, 2, 4, 0, 1, 1, 0, 2, 0, 1, 2, 2, 1, 4, 0, 3, 2, 1, 1, 2, 1, 3, 1, 1, 1, 3, 0, 4, 3, 1, 4, 1, 1, 2, 4, 4, 2, 1, 1, 3, 1, 3, 1, 1, 1, 1, 1, 1, 2, 1, 2, 3, 1, 1, 1, 2, 2, 2, 3, 1]|[0, 2, 1, 1, 3, 3, 0, 1, 0, 0, 0, 0, 1, 0, 1, 0, 0, 3, 1, 0, 0, 0, 3, 1, 0, 2, 0, 0, 0, 1, 0, 0, 0, 0, 3, 0, 1, 0, 0, 2, 1, 1, 2, 0, 0, 0, 0, 1, 1, 0, 0, 0, 1, 3, 0, 0, 1, 0, 0, 1, 0, 2, 0, 1, 0, 2, 1, 0, 0, 1, 1, 3, 0, 1, 3, 3, 1, 0, 0, 2, 0, 0, 0, 0, 1, 0, 0, 0, 1, 0, 1, 2, 0, 1, 1, 0, 0, 0, 0, 0],805.5394456933803,58046.77716663049,89050.44506242599,false
34,G1_CMAX,G3_TWC,[31, 22, 82, 15, 26, 58, 95, 42, 77, 12, 47, 5, 93, 78, 98, 54, 85, 63, 18, 44, 20, 35, 43, 97, 91, 76, 10, 30, 21, 45, 71, 64, 1, 23, 17, 83, 24, 14, 60, 36, 6, 57, 94, 88, 65, 56, 79, 40, 67, 68, 46, 75, 38, 9, 19, 32, 81, 41, 27, 62, 87, 90, 99, 59, 11, 16, 72, 73, 70, 39, 37, 84, 3, 92, 25, 55, 28, 29, 51, 7, 33, 61, 48, 86, 89, 50, 4, 96, 53, 8, 66, 80, 34, 49, 52, 0, 13, 2, 69, 74]|[1, 1, 0, 1, 1, 1, 2, 1, 2, 1, 2, 2, 2, 1, 1, 0, 0, 1, 0, 2, 2, 0, 0, 2, 0, 1, 2, 2, 0, 0, 1, 2, 1, 2, 1, 0, 2, 0, 1, 1, 0, 1, 1, 1, 0, 2, 1, 1, 0, 0, 0, 0, 1, 1, 2, 1, 2, 0, 0, 0, 2, 1, 1, 2, 2, 1, 2, 1, 1, 1, 1, 1, 1, 0, 1, 1, 0, 0, 0, 1, 2, 1, 0, 0, 1, 0, 0, 0, 0, 1, 2, 0, 2, 0, 1, 0, 0, 0, 1, 2]|[4, 3, 2, 2, 0, 0, 2, 2, 2, 4, 1, 1, 2, 4, 4, 1, 2, 4, 2, 1, 1, 1, 1, 2, 1, 2, 1, 1, 1, 1, 3, 1, 3, 0, 4, 0, 1, 1, 0, 3, 2, 2, 4, 0, 1, 1, 0, 2, 0, 1, 2, 2, 1, 4, 0, 3, 2, 1, 1, 2, 1, 3, 1, 1, 1, 3, 0, 4, 3, 1, 4, 1, 1, 2, 4, 4, 2, 1, 1, 3, 1, 3, 1, 1, 1, 1, 2, 1, 2, 3, 1, 1, 1, 1, 1, 2, 2, 2, 3, 1]|[0, 2, 1, 1, 3, 3, 0, 1, 0, 0, 0, 0, 1, 0, 1, 0, 0, 3, 1, 0, 0, 0, 0, 1, 0, 2, 0, 0, 0, 1, 0, 0, 0, 0, 3, 0, 1, 0, 0, 2, 1, 1, 2, 0, 0, 0, 0, 1, 1, 0, 0, 0, 1, 3, 0, 0, 1, 0, 0, 1, 0, 2, 1, 0, 0, 2, 1, 0, 0, 1, 1, 3, 1, 1, 3, 3, 1, 0, 0, 2, 0, 0, 0, 0, 1, 0, 1, 0, 1, 2, 0, 0, 0, 1, 1, 0, 0, 0, 0, 0],794.787407346162,57705.07699389357,89758.53123991514,true
34,G4_BALANCED,G3_TWC,[31, 22, 82, 15, 26, 58, 95, 42, 77, 12, 47, 5, 93, 78, 98, 54, 85, 63, 18, 44, 20, 35, 43, 97, 91, 76, 68, 30, 21, 45, 71, 64, 1, 23, 17, 83, 24, 14, 60, 36, 6, 57, 94, 88, 65, 56, 79, 40, 67, 10, 46, 75, 38, 9, 19, 32, 81, 41, 27, 62, 87, 90, 99, 59, 11, 16, 72, 73, 70, 39, 37, 84, 3, 92, 25, 55, 28, 29, 51, 7, 33, 61, 86, 66, 89, 50, 48, 80, 53, 96, 8, 4, 34, 0, 52, 2, 13, 49, 69, 74]|[1, 1, 0, 1, 1, 1, 2, 1, 2, 1, 2, 2, 2, 1, 1, 0, 0, 1, 0, 2, 2, 0, 1, 2, 0, 1, 2, 2, 0, 0, 1, 2, 1, 2, 1, 0, 2, 0, 1, 1, 0, 1, 1, 1, 0, 2, 1, 1, 0, 0, 0, 0, 1, 1, 2, 1, 2, 0, 0, 0, 2, 1, 0, 1, 2, 1, 2, 1, 1, 1, 1, 1, 1, 0, 1, 1, 0, 0, 0, 1, 2, 1, 0, 2, 1, 0, 2, 0, 0, 0, 1, 0, 2, 0, 1, 0, 0, 0, 1, 2]|[4, 3, 2, 2, 0, 0, 2, 2, 2, 4, 1, 1, 2, 4, 4, 1, 2, 4, 2, 1, 1, 1, 1, 2, 1, 2, 1, 1, 1, 1, 3, 2, 3, 0, 4, 0, 1, 1, 0, 3, 2, 2, 4, 0, 1, 1, 0, 2, 0, 1, 2, 1, 1, 4, 0, 3, 2, 1, 1, 1, 1, 3, 1, 1, 1, 3, 0, 4, 3, 1, 4, 1, 1, 2, 4, 4, 2, 1, 1, 3, 1, 3, 1, 1, 1, 1, 1, 1, 2, 1, 3, 2, 1, 2, 1, 2, 2, 1, 3, 1]|[0, 2, 1, 1, 3, 3, 0, 1, 0, 0, 0, 0, 1, 0, 1, 0, 0, 3, 1, 0, 0, 0, 3, 1, 0, 2, 0, 0, 0, 1, 0, 0, 0, 0, 3, 0, 1, 0, 0, 2, 1, 1, 2, 0, 0, 0, 0, 1, 1, 0, 0, 0, 1, 3, 0, 0, 1, 0, 0, 0, 0, 2, 0, 1, 0, 2, 1, 0, 0, 1, 1, 3, 1, 1, 3, 3, 1, 0, 0, 2, 0, 0, 0, 0, 1, 0, 0, 0, 1, 0, 2, 1, 0, 0, 1, 0, 0, 1, 0, 0],780.0689672083862,57684.04891863173,90439.9076560027,true
34,G2_TEC,G2_TEC,[31, 22, 82, 15, 26, 9, 95, 42, 77, 68, 47, 5, 93, 78, 86, 54, 85, 63, 18, 44, 20, 49, 36, 14, 74, 50, 53, 17, 21, 28, 11, 64, 3, 23, 30, 83, 24, 41, 40, 52, 65, 27, 90, 70, 39, 87, 48, 69, 99, 4, 75, 1, 13, 58, 97, 59, 45, 8, 73, 37, 35, 79, 71, 66, 76, 32, 60, 80, 56, 6, 67, 61, 33, 7, 57, 34, 12, 16, 10, 98, 96, 88, 43, 46, 91, 38, 84, 92, 29, 19, 51, 72, 81, 25, 89, 55, 94, 2, 62, 0]|[2, 1, 2, 1, 1, 2, 1, 1, 1, 1, 1, 0, 2, 2, 1, 2, 0, 0, 0, 2, 2, 1, 0, 2, 0, 2, 2, 1, 0, 1, 1, 1, 0, 0, 1, 0, 2, 1, 2, 2, 0, 0, 1, 1, 0, 2, 0, 2, 1, 0, 0, 2, 0, 0, 2, 0, 1, 1, 0, 0, 2, 1, 1, 2, 2, 0, 2, 2, 2, 1, 2, 1, 1, 2, 0, 1, 1, 2, 1, 2, 0, 1, 1, 0, 1, 0, 0, 0, 1, 1, 1, 1, 1, 1, 1, 0, 2, 2, 1, 0]|[0, 3, 0, 3, 4, 1, 4, 4, 2, 4, 3, 2, 1, 0, 2, 1, 1, 1, 2, 1, 1, 3, 0, 1, 0, 1, 1, 4, 1, 4, 3, 2, 2, 0, 4, 1, 1, 4, 1, 1, 2, 1, 4, 4, 1, 1, 0, 2, 3, 2, 2, 1, 2, 1, 1, 2, 4, 3, 0, 2, 2, 3, 3, 1, 1, 2, 1, 1, 1, 4, 1, 3, 4, 1, 2, 4, 3, 1, 3, 1, 2, 4, 4, 2, 3, 2, 2, 2, 3, 4, 3, 4, 4, 4, 4, 2, 1, 1, 3, 2]|[0, 2, 0, 0, 3, 0, 1, 3, 0, 0, 2, 0, 1, 0, 1, 0, 0, 0, 1, 0, 0, 2, 0, 0, 1, 0, 0, 3, 0, 1, 0, 2, 0, 0, 3, 0, 1, 1, 0, 0, 0, 0, 1, 3, 0, 0, 1, 0, 2, 0, 0, 0, 0, 0, 1, 0, 1, 0, 1, 1, 0, 2, 0, 0, 0, 0, 0, 0, 0, 2, 0, 0, 1, 0, 0, 1, 0, 0, 3, 0, 0, 1, 2, 0, 0, 0, 0, 0, 3, 1, 0, 1, 2, 3, 1, 0, 0, 0, 0, 0],908.8272556494078,49271.80918042497,107420.98859684674,false
34,G3_TWC,G3_TWC,[31, 22, 82, 15, 26, 58, 95, 42, 77, 12, 47, 5, 93, 78, 98, 54, 85, 63, 18, 44, 20, 35, 43, 97, 91, 76, 10, 30, 21, 45, 71, 64, 1, 23, 17, 83, 24, 14, 60, 36, 6, 57, 94, 88, 65, 56, 79, 40, 67, 68, 46, 75, 38, 9, 19, 32, 81, 41, 27, 62, 87, 90, 99, 59, 11, 16, 72, 73, 70, 39, 37, 84, 3, 92, 25, 55, 28, 29, 51, 7, 33, 61, 86, 48, 89, 50, 66, 96, 53, 80, 4, 8, 34, 49, 52, 0, 13, 2, 69, 74]|[1, 1, 0, 1, 1, 1, 2, 1, 2, 1, 2, 2, 2, 1, 1, 0, 0, 1, 0, 2, 2, 0, 1, 2, 0, 1, 2, 2, 0, 0, 1, 2, 1, 2, 1, 0, 2, 0, 1, 1, 0, 1, 1, 1, 0, 2, 1, 1, 0, 0, 0, 0, 1, 1, 2, 1, 2, 0, 0, 0, 2, 1, 0, 1, 2, 1, 2, 1, 1, 1, 1, 1, 2, 0, 1, 1, 0, 0, 0, 1, 2, 1, 0, 0, 1, 0, 0, 0, 0, 0, 0, 1, 2, 0, 1, 0, 0, 0, 1, 2]|[4, 3, 2, 2, 0, 0, 2, 2, 2, 4, 1, 1, 2, 4, 4, 1, 1, 4, 2, 1, 1, 1, 1, 2, 1, 2, 1, 1, 1, 1, 3, 2, 3, 0, 4, 0, 1, 1, 0, 3, 2, 2, 4, 0, 1, 1, 0, 2, 0, 1, 2, 2, 1, 4, 0, 3, 2, 1, 1, 2, 1, 3, 1, 1, 1, 3, 0, 4, 3, 1, 4, 1, 1, 2, 4, 4, 2, 1, 1, 3, 1, 3, 1, 1, 1, 1, 1, 1, 2, 1, 2, 3, 1, 1, 1, 2, 2, 2, 3, 1]|[0, 2, 1, 1, 3, 3, 0, 1, 0, 0, 0, 0, 1, 0, 1, 0, 0, 3, 1, 0, 0, 0, 3, 1, 0, 2, 0, 0, 0, 1, 0, 0, 0, 0, 3, 0, 1, 0, 0, 2, 1, 1, 2, 0, 0, 0, 0, 1, 1, 0, 0, 0, 1, 3, 0, 0, 1, 0, 0, 1, 0, 2, 0, 1, 0, 2, 1, 0, 0, 1, 1, 3, 0, 1, 3, 3, 1, 0, 0, 2, 0, 0, 0, 0, 1, 0, 0, 0, 1, 0, 1, 2, 0, 1, 1, 0, 0, 0, 0, 0],805.5394456933803,58046.77716663049,89050.44506242599,false
34,G1_CMAX,G3_TWC,[31, 22, 82, 15, 26, 58, 95, 42, 77, 12, 47, 5, 93, 78, 98, 54, 85, 63, 18, 44, 20, 35, 43, 97, 91, 76, 10, 30, 21, 45, 71, 64, 1, 23, 17, 83, 24, 14, 60, 36, 6, 57, 94, 88, 65, 56, 79, 40, 67, 68, 46, 75, 38, 9, 19, 32, 81, 41, 27, 62, 87, 90, 99, 59, 11, 16, 72, 73, 70, 39, 37, 84, 3, 92, 25, 55, 28, 29, 51, 7, 33, 61, 48, 86, 89, 50, 4, 96, 53, 8, 66, 80, 34, 49, 52, 0, 13, 2, 69, 74]|[1, 1, 0, 1, 1, 1, 2, 1, 2, 1, 2, 2, 2, 1, 1, 0, 0, 1, 0, 2, 2, 0, 0, 2, 0, 1, 2, 2, 0, 0, 1, 2, 1, 2, 1, 0, 2, 0, 1, 1, 0, 1, 1, 1, 0, 2, 1, 1, 0, 0, 0, 0, 1, 1, 2, 1, 2, 0, 0, 0, 2, 1, 1, 2, 2, 1, 2, 1, 1, 1, 1, 1, 1, 0, 1, 1, 0, 0, 0, 1, 2, 1, 0, 0, 1, 0, 0, 0, 0, 1, 2, 0, 2, 0, 1, 0, 0, 0, 1, 2]|[4, 3, 2, 2, 0, 0, 2, 2, 2, 4, 1, 1, 2, 4, 4, 1, 2, 4, 2, 1, 1, 1, 1, 2, 1, 2, 1, 1, 1, 1, 3, 1, 3, 0, 4, 0, 1, 1, 0, 3, 2, 2, 4, 0, 1, 1, 0, 2, 0, 1, 2, 2, 1, 4, 0, 3, 2, 1, 1, 2, 1, 3, 1, 1, 1, 3, 0, 4, 3, 1, 4, 1, 1, 2, 4, 4, 2, 1, 1, 3, 1, 3, 1, 1, 1, 1, 2, 1, 2, 3, 1, 1, 1, 1, 1, 2, 2, 2, 3, 1]|[0, 2, 1, 1, 3, 3, 0, 1, 0, 0, 0, 0, 1, 0, 1, 0, 0, 3, 1, 0, 0, 0, 0, 1, 0, 2, 0, 0, 0, 1, 0, 0, 0, 0, 3, 0, 1, 0, 0, 2, 1, 1, 2, 0, 0, 0, 0, 1, 1, 0, 0, 0, 1, 3, 0, 0, 1, 0, 0, 1, 0, 2, 1, 0, 0, 2, 1, 0, 0, 1, 1, 3, 1, 1, 3, 3, 1, 0, 0, 2, 0, 0, 0, 0, 1, 0, 1, 0, 1, 2, 0, 0, 0, 1, 1, 0, 0, 0, 0, 0],794.787407346162,57705.07699389357,89758.53123991514,true
34,G4_BALANCED,G2_TEC,[31, 22, 82, 15, 26, 9, 95, 42, 77, 68, 47, 5, 93, 78, 86, 54, 85, 63, 18, 44, 20, 49, 36, 14, 74, 50, 53, 17, 21, 28, 11, 64, 3, 23, 30, 83, 24, 41, 40, 52, 65, 27, 90, 70, 39, 87, 48, 69, 99, 4, 75, 1, 13, 58, 97, 59, 45, 8, 73, 37, 35, 79, 71, 66, 76, 32, 60, 80, 56, 6, 67, 61, 33, 7, 57, 34, 12, 16, 10, 98, 96, 88, 43, 46, 91, 38, 84, 92, 29, 19, 51, 72, 55, 89, 25, 81, 94, 2, 0, 62]|[2, 1, 2, 1, 1, 2, 1, 1, 1, 1, 1, 0, 2, 2, 1, 2, 0, 0, 0, 2, 2, 1, 0, 2, 0, 2, 2, 1, 0, 1, 1, 1, 0, 0, 1, 0, 2, 1, 2, 2, 0, 0, 1, 1, 0, 2, 0, 2, 1, 0, 0, 2, 0, 0, 2, 0, 1, 1, 0, 0, 2, 1, 1, 1, 2, 0, 2, 2, 2, 1, 2, 1, 1, 2, 0, 1, 1, 2, 1, 2, 0, 1, 1, 0, 1, 0, 0, 0, 1, 1, 1, 1, 0, 1, 1, 1, 2, 2, 0, 1]|[0, 3, 0, 3, 4, 1, 4, 4, 2, 4, 3, 2, 1, 0, 2, 1, 1, 1, 2, 1, 1, 3, 0, 1, 0, 1, 1, 4, 1, 4, 3, 2, 2, 0, 4, 1, 1, 4, 1, 1, 2, 1, 4, 4, 1, 1, 0, 2, 3, 2, 2, 1, 2, 1, 1, 2, 4, 3, 0, 2, 2, 3, 3, 1, 1, 2, 1, 1, 1, 4, 1, 3, 4, 1, 2, 4, 3, 1, 3, 1, 2, 4, 4, 2, 3, 2, 2, 2, 3, 4, 3, 4, 2, 4, 4, 4, 1, 1, 2, 3]|[0, 2, 0, 0, 3, 0, 1, 3, 0, 0, 2, 0, 1, 0, 1, 0, 0, 0, 1, 0, 0, 2, 0, 0, 1, 0, 0, 3, 0, 1, 0, 2, 0, 0, 3, 0, 1, 1, 0, 0, 0, 0, 1, 3, 0, 0, 1, 0, 2, 0, 0, 0, 0, 0, 1, 0, 1, 0, 1, 1, 0, 2, 0, 2, 0, 0, 0, 0, 0, 2, 0, 0, 1, 0, 0, 1, 0, 0, 3, 0, 0, 1, 2, 0, 0, 0, 0, 0, 3, 1, 0, 1, 0, 1, 3, 2, 0, 0, 0, 0],890.3011423596874,49636.24150581598,106847.7423921741,true
34,G2_TEC,G2_TEC,[31, 22, 82, 15, 26, 9, 95, 42, 77, 68, 47, 5, 93, 78, 86, 54, 85, 63, 18, 44, 20, 49, 36, 14, 74, 50, 53, 17, 21, 28, 11, 64, 3, 23, 30, 83, 24, 41, 40, 52, 65, 27, 90, 70, 39, 87, 48, 69, 99, 4, 75, 1, 13, 58, 97, 59, 45, 8, 73, 37, 35, 79, 71, 66, 76, 32, 60, 80, 56, 6, 67, 61, 33, 7, 57, 34, 12, 16, 10, 98, 96, 88, 43, 46, 91, 38, 84, 92, 29, 19, 51, 72, 81, 25, 89, 55, 94, 2, 62, 0]|[2, 1, 2, 1, 1, 2, 1, 1, 1, 1, 1, 0, 2, 2, 1, 2, 0, 0, 0, 2, 2, 1, 0, 2, 0, 2, 2, 1, 0, 1, 1, 1, 0, 0, 1, 0, 2, 1, 2, 2, 0, 0, 1, 1, 0, 2, 0, 2, 1, 0, 0, 2, 0, 0, 2, 0, 1, 1, 0, 0, 2, 1, 1, 2, 2, 0, 2, 2, 2, 1, 2, 1, 1, 2, 0, 1, 1, 2, 1, 2, 0, 1, 1, 0, 1, 0, 0, 0, 1, 1, 1, 1, 1, 1, 1, 0, 2, 2, 1, 0]|[0, 3, 0, 3, 4, 1, 4, 4, 2, 4, 3, 2, 1, 0, 2, 1, 1, 1, 2, 1, 1, 3, 0, 1, 0, 1, 1, 4, 1, 4, 3, 2, 2, 0, 4, 1, 1, 4, 1, 1, 2, 1, 4, 4, 1, 1, 0, 2, 3, 2, 2, 1, 2, 1, 1, 2, 4, 3, 0, 2, 2, 3, 3, 1, 1, 2, 1, 1, 1, 4, 1, 3, 4, 1, 2, 4, 3, 1, 3, 1, 2, 4, 4, 2, 3, 2, 2, 2, 3, 4, 3, 4, 4, 4, 4, 2, 1, 1, 3, 2]|[0, 2, 0, 0, 3, 0, 1, 3, 0, 0, 2, 0, 1, 0, 1, 0, 0, 0, 1, 0, 0, 2, 0, 0, 1, 0, 0, 3, 0, 1, 0, 2, 0, 0, 3, 0, 1, 1, 0, 0, 0, 0, 1, 3, 0, 0, 1, 0, 2, 0, 0, 0, 0, 0, 1, 0, 1, 0, 1, 1, 0, 2, 0, 0, 0, 0, 0, 0, 0, 2, 0, 0, 1, 0, 0, 1, 0, 0, 3, 0, 0, 1, 2, 0, 0, 0, 0, 0, 3, 1, 0, 1, 2, 3, 1, 0, 0, 0, 0, 0],908.8272556494078,49271.80918042497,107420.98859684674,false
34,G3_TWC,G3_TWC,[31, 22, 82, 15, 26, 58, 95, 42, 77, 12, 47, 5, 93, 78, 98, 54, 85, 63, 18, 44, 20, 35, 43, 97, 91, 76, 10, 30, 21, 45, 71, 64, 1, 23, 17, 83, 24, 14, 60, 36, 6, 57, 94, 88, 65, 56, 79, 40, 67, 68, 46, 75, 38, 9, 19, 32, 81, 41, 27, 62, 87, 90, 99, 59, 11, 16, 72, 73, 70, 39, 37, 84, 3, 92, 25, 55, 28, 29, 51, 7, 33, 61, 86, 48, 89, 50, 66, 96, 53, 80, 4, 8, 34, 49, 52, 0, 13, 2, 69, 74]|[1, 1, 0, 1, 1, 1, 2, 1, 2, 1, 2, 2, 2, 1, 1, 0, 0, 1, 0, 2, 2, 0, 1, 2, 0, 1, 2, 2, 0, 0, 1, 2, 1, 2, 1, 0, 2, 0, 1, 1, 0, 1, 1, 1, 0, 2, 1, 1, 0, 0, 0, 0, 1, 1, 2, 1, 2, 0, 0, 0, 2, 1, 0, 1, 2, 1, 2, 1, 1, 1, 1, 1, 2, 0, 1, 1, 0, 0, 0, 1, 2, 1, 0, 0, 1, 0, 0, 0, 0, 0, 0, 1, 2, 0, 1, 0, 0, 0, 1, 2]|[4, 3, 2, 2, 0, 0, 2, 2, 2, 4, 1, 1, 2, 4, 4, 1, 1, 4, 2, 1, 1, 1, 1, 2, 1, 2, 1, 1, 1, 1, 3, 2, 3, 0, 4, 0, 1, 1, 0, 3, 2, 2, 4, 0, 1, 1, 0, 2, 0, 1, 2, 2, 1, 4, 0, 3, 2, 1, 1, 2, 1, 3, 1, 1, 1, 3, 0, 4, 3, 1, 4, 1, 1, 2, 4, 4, 2, 1, 1, 3, 1, 3, 1, 1, 1, 1, 1, 1, 2, 1, 2, 3, 1, 1, 1, 2, 2, 2, 3, 1]|[0, 2, 1, 1, 3, 3, 0, 1, 0, 0, 0, 0, 1, 0, 1, 0, 0, 3, 1, 0, 0, 0, 3, 1, 0, 2, 0, 0, 0, 1, 0, 0, 0, 0, 3, 0, 1, 0, 0, 2, 1, 1, 2, 0, 0, 0, 0, 1, 1, 0, 0, 0, 1, 3, 0, 0, 1, 0, 0, 1, 0, 2, 0, 1, 0, 2, 1, 0, 0, 1, 1, 3, 0, 1, 3, 3, 1, 0, 0, 2, 0, 0, 0, 0, 1, 0, 0, 0, 1, 0, 1, 2, 0, 1, 1, 0, 0, 0, 0, 0],805.5394456933803,58046.77716663049,89050.44506242599,false
34,G1_CMAX,G3_TWC,[31, 22, 82, 15, 26, 58, 95, 42, 77, 12, 47, 5, 93, 78, 98, 54, 85, 63, 18, 44, 20, 35, 43, 97, 91, 76, 10, 30, 21, 45, 71, 64, 1, 23, 17, 83, 24, 14, 60, 36, 6, 57, 94, 88, 65, 56, 79, 40, 67, 68, 46, 75, 38, 9, 19, 32, 81, 41, 27, 62, 87, 90, 99, 59, 11, 16, 72, 73, 70, 39, 37, 84, 3, 92, 25, 55, 28, 29, 51, 7, 33, 61, 48, 86, 89, 50, 4, 96, 53, 8, 66, 80, 34, 49, 52, 0, 13, 2, 69, 74]|[1, 1, 0, 1, 1, 1, 2, 1, 2, 1, 2, 2, 2, 1, 1, 0, 0, 1, 0, 2, 2, 0, 0, 2, 0, 1, 2, 2, 0, 0, 1, 2, 1, 2, 1, 0, 2, 0, 1, 1, 0, 1, 1, 1, 0, 2, 1, 1, 0, 0, 0, 0, 1, 1, 2, 1, 2, 0, 0, 0, 2, 1, 1, 2, 2, 1, 2, 1, 1, 1, 1, 1, 1, 0, 1, 1, 0, 0, 0, 1, 2, 1, 0, 0, 1, 0, 0, 0, 0, 1, 2, 0, 2, 0, 1, 0, 0, 0, 1, 2]|[4, 3, 2, 2, 0, 0, 2, 2, 2, 4, 1, 1, 2, 4, 4, 1, 2, 4, 2, 1, 1, 1, 1, 2, 1, 2, 1, 1, 1, 1, 3, 1, 3, 0, 4, 0, 1, 1, 0, 3, 2, 2, 4, 0, 1, 1, 0, 2, 0, 1, 2, 2, 1, 4, 0, 3, 2, 1, 1, 2, 1, 3, 1, 1, 1, 3, 0, 4, 3, 1, 4, 1, 1, 2, 4, 4, 2, 1, 1, 3, 1, 3, 1, 1, 1, 1, 2, 1, 2, 3, 1, 1, 1, 1, 1, 2, 2, 2, 3, 1]|[0, 2, 1, 1, 3, 3, 0, 1, 0, 0, 0, 0, 1, 0, 1, 0, 0, 3, 1, 0, 0, 0, 0, 1, 0, 2, 0, 0, 0, 1, 0, 0, 0, 0, 3, 0, 1, 0, 0, 2, 1, 1, 2, 0, 0, 0, 0, 1, 1, 0, 0, 0, 1, 3, 0, 0, 1, 0, 0, 1, 0, 2, 1, 0, 0, 2, 1, 0, 0, 1, 1, 3, 1, 1, 3, 3, 1, 0, 0, 2, 0, 0, 0, 0, 1, 0, 1, 0, 1, 2, 0, 0, 0, 1, 1, 0, 0, 0, 0, 0],794.787407346162,57705.07699389357,89758.53123991514,true
34,G4_BALANCED,G4_BALANCED,[31, 22, 82, 15, 26, 9, 95, 42, 77, 68, 47, 5, 93, 78, 86, 54, 85, 63, 18, 44, 20, 49, 36, 14, 74, 50, 53, 17, 21, 28, 11, 64, 3, 23, 30, 83, 24, 41, 40, 52, 65, 27, 90, 70, 39, 87, 48, 69, 99, 4, 46, 1, 13, 58, 19, 59, 45, 8, 73, 37, 35, 79, 71, 66, 76, 32, 60, 80, 96, 6, 16, 61, 33, 7, 57, 34, 12, 67, 10, 98, 56, 88, 43, 75, 91, 38, 84, 92, 29, 97, 51, 55, 72, 89, 62, 81, 94, 25, 2, 0]|[2, 1, 2, 1, 1, 0, 1, 1, 1, 1, 1, 0, 2, 2, 1, 2, 0, 0, 0, 2, 2, 1, 0, 2, 0, 2, 2, 1, 0, 1, 1, 1, 0, 0, 1, 0, 2, 1, 2, 2, 0, 0, 1, 1, 0, 2, 0, 2, 1, 0, 0, 2, 0, 0, 2, 0, 1, 1, 0, 0, 2, 1, 1, 2, 2, 0, 2, 2, 0, 1, 2, 1, 1, 2, 0, 1, 1, 2, 1, 2, 2, 1, 1, 0, 1, 0, 0, 0, 1, 1, 1, 0, 1, 1, 1, 1, 2, 1, 2, 0]|[0, 3, 0, 3, 4, 1, 4, 4, 2, 4, 3, 2, 1, 0, 2, 1, 1, 1, 2, 1, 1, 3, 0, 1, 0, 1, 1, 4, 1, 4, 3, 2, 2, 0, 4, 1, 1, 4, 1, 1, 2, 1, 4, 4, 1, 1, 0, 2, 3, 2, 2, 1, 2, 1, 1, 2, 4, 3, 0, 2, 2, 3, 3, 1, 1, 2, 1, 1, 2, 4, 1, 3, 4, 1, 2, 4, 3, 1, 3, 1, 1, 4, 4, 2, 3, 2, 2, 2, 3, 4, 3, 2, 4, 4, 3, 4, 1, 4, 1, 2]|[0, 2, 0, 0, 3, 0, 1, 3, 0, 0, 2, 0, 1, 0, 1, 0, 0, 0, 1, 0, 0, 2, 0, 0, 1, 0, 0, 3, 0, 1, 0, 2, 0, 0, 3, 0, 1, 1, 0, 0, 0, 0, 1, 3, 0, 0, 1, 0, 2, 0, 0, 0, 0, 1, 1, 0, 1, 0, 1, 1, 0, 2, 0, 0, 0, 0, 0, 0, 0, 2, 0, 0, 1, 0, 0, 1, 0, 0, 3, 0, 0, 1, 2, 0, 0, 0, 0, 0, 3, 1, 0, 0, 1, 1, 0, 2, 0, 3, 0, 0],898.2543121797436,49970.68803818639,103736.79756580171,false
34,G2_TEC,G2_TEC,[31, 22, 82, 15, 26, 9, 95, 42, 77, 68, 47, 5, 93, 78, 86, 54, 85, 63, 18, 44, 20, 49, 36, 14, 74, 50, 53, 17, 21, 28, 11, 64, 3, 23, 30, 83, 24, 41, 40, 52, 65, 27, 90, 70, 39, 87, 48, 69, 99, 4, 75, 1, 13, 58, 97, 59, 45, 8, 73, 37, 35, 79, 71, 66, 76, 32, 60, 80, 56, 6, 67, 61, 33, 7, 57, 34, 12, 16, 10, 98, 96, 88, 43, 46, 91, 38, 84, 92, 29, 19, 51, 55, 81, 89, 25, 72, 94, 2, 0, 62]|[2, 1, 2, 1, 1, 2, 1, 1, 1, 1, 1, 0, 2, 2, 1, 2, 0, 0, 0, 2, 2, 1, 0, 2, 0, 2, 2, 1, 0, 1, 1, 1, 0, 0, 1, 0, 2, 1, 2, 2, 0, 0, 1, 1, 0, 2, 0, 2, 1, 0, 0, 2, 0, 0, 2, 0, 1, 1, 0, 0, 2, 1, 1, 2, 2, 0, 2, 2, 2, 1, 2, 1, 1, 2, 0, 1, 1, 2, 1, 2, 0, 1, 1, 0, 1, 0, 0, 0, 1, 1, 1, 0, 1, 1, 1, 1, 2, 2, 0, 1]|[0, 3, 0, 3, 4, 1, 4, 4, 2, 4, 3, 2, 1, 0, 2, 1, 1, 1, 2, 1, 1, 3, 0, 1, 0, 1, 1, 4, 1, 4, 3, 2, 2, 0, 4, 1, 1, 4, 1, 1, 2, 1, 4, 4, 1, 1, 0, 2, 3, 2, 2, 1, 2, 1, 1, 2, 4, 3, 0, 2, 2, 3, 3, 1, 1, 2, 1, 1, 1, 4, 1, 3, 4, 1, 2, 4, 3, 1, 3, 1, 2, 4, 4, 2, 3, 2, 2, 2, 3, 4, 3, 2, 4, 4, 4, 4, 1, 1, 2, 3]|[0, 2, 0, 0, 3, 0, 1, 3, 0, 0, 2, 0, 1, 0, 1, 0, 0, 0, 1, 0, 0, 2, 0, 0, 1, 0, 0, 3, 0, 1, 0, 2, 0, 0, 3, 0, 1, 1, 0, 0, 0, 0, 1, 3, 0, 0, 1, 0, 2, 0, 0, 0, 0, 0, 1, 0, 1, 0, 1, 1, 0, 2, 0, 0, 0, 0, 0, 0, 0, 2, 0, 0, 1, 0, 0, 1, 0, 0, 3, 0, 0, 1, 2, 0, 0, 0, 0, 0, 3, 1, 0, 0, 2, 1, 3, 1, 0, 0, 0, 0],908.8272556494078,49235.066718390466,107289.32240407266,false
34,G3_TWC,G3_TWC,[31, 22, 82, 15, 26, 58, 95, 42, 77, 12, 47, 5, 93, 78, 98, 54, 85, 63, 18, 44, 20, 35, 43, 97, 91, 76, 10, 30, 21, 45, 71, 64, 1, 23, 17, 83, 24, 14, 60, 36, 6, 57, 94, 88, 65, 56, 79, 40, 67, 68, 46, 75, 38, 9, 19, 32, 81, 41, 27, 62, 87, 90, 99, 59, 11, 16, 72, 73, 70, 39, 37, 84, 3, 92, 25, 55, 28, 29, 51, 7, 33, 61, 86, 48, 89, 50, 66, 96, 53, 80, 4, 8, 34, 49, 52, 0, 13, 2, 69, 74]|[1, 1, 0, 1, 1, 1, 2, 1, 2, 1, 2, 2, 2, 1, 1, 0, 0, 1, 0, 2, 2, 0, 1, 2, 0, 1, 2, 2, 0, 0, 1, 2, 1, 2, 1, 0, 2, 0, 1, 1, 0, 1, 1, 1, 0, 2, 1, 1, 0, 0, 0, 0, 1, 1, 2, 1, 2, 0, 0, 0, 2, 1, 0, 1, 2, 1, 2, 1, 1, 1, 1, 1, 2, 0, 1, 1, 0, 0, 0, 1, 2, 1, 0, 0, 1, 0, 0, 0, 0, 0, 0, 1, 2, 0, 1, 0, 0, 0, 1, 2]|[4, 3, 2, 2, 0, 0, 2, 2, 2, 4, 1, 1, 2, 4, 4, 1, 1, 4, 2, 1, 1, 1, 1, 2, 1, 2, 1, 1, 1, 1, 3, 2, 3, 0, 4, 0, 1, 1, 0, 3, 2, 2, 4, 0, 1, 1, 0, 2, 0, 1, 2, 2, 1, 4, 0, 3, 2, 1, 1, 2, 1, 3, 1, 1, 1, 3, 0, 4, 3, 1, 4, 1, 1, 2, 4, 4, 2, 1, 1, 3, 1, 3, 1, 1, 1, 1, 1, 1, 2, 1, 2, 3, 1, 1, 1, 2, 2, 2, 3, 1]|[0, 2, 1, 1, 3, 3, 0, 1, 0, 0, 0, 0, 1, 0, 1, 0, 0, 3, 1, 0, 0, 0, 3, 1, 0, 2, 0, 0, 0, 1, 0, 0, 0, 0, 3, 0, 1, 0, 0, 2, 1, 1, 2, 0, 0, 0, 0, 1, 1, 0, 0, 0, 1, 3, 0, 0, 1, 0, 0, 1, 0, 2, 0, 1, 0, 2, 1, 0, 0, 1, 1, 3, 0, 1, 3, 3, 1, 0, 0, 2, 0, 0, 0, 0, 1, 0, 0, 0, 1, 0, 1, 2, 0, 1, 1, 0, 0, 0, 0, 0],805.5394456933803,58046.77716663049,89050.44506242599,false
34,G1_CMAX,G1_CMAX,[31, 22, 82, 15, 26, 99, 95, 42, 77, 12, 47, 5, 93, 78, 86, 54, 21, 63, 18, 44, 20, 35, 43, 97, 91, 76, 10, 30, 85, 45, 71, 64, 1, 23, 17, 83, 24, 14, 60, 36, 6, 57, 40, 88, 65, 56, 79, 94, 67, 68, 46, 75, 38, 9, 19, 32, 41, 81, 27, 87, 90, 58, 59, 11, 16, 72, 73, 70, 39, 37, 84, 62, 3, 25, 55, 48, 92, 50, 51, 7, 33, 61, 98, 28, 89, 29, 4, 96, 53, 80, 8, 66, 34, 49, 52, 0, 74, 69, 2, 13]|[1, 1, 0, 1, 1, 0, 1, 1, 2, 1, 2, 2, 2, 1, 1, 0, 0, 1, 0, 2, 2, 0, 1, 2, 0, 1, 2, 2, 0, 0, 1, 2, 1, 2, 1, 0, 2, 0, 1, 1, 0, 1, 1, 1, 0, 2, 1, 1, 0, 0, 0, 0, 1, 1, 2, 1, 0, 2, 0, 2, 1, 0, 1, 2, 1, 2, 1, 1, 1, 1, 1, 0, 1, 1, 2, 0, 0, 0, 0, 1, 2, 1, 2, 0, 1, 0, 1, 2, 0, 0, 1, 2, 2, 0, 1, 0, 2, 1, 0, 0]|[0, 3, 2, 2, 4, 1, 2, 3, 2, 4, 1, 1, 2, 4, 4, 1, 1, 4, 2, 1, 1, 1, 1, 2, 1, 2, 1, 1, 2, 1, 3, 2, 3, 1, 4, 0, 1, 1, 0, 3, 2, 2, 2, 0, 1, 1, 0, 4, 0, 1, 2, 2, 1, 4, 0, 3, 1, 1, 1, 1, 3, 1, 1, 1, 3, 0, 4, 3, 1, 4, 1, 2, 1, 4, 1, 1, 0, 1, 1, 1, 1, 3, 1, 2, 1, 1, 4, 1, 2, 1, 3, 1, 1, 1, 1, 2, 1, 4, 2, 2]|[0, 2, 1, 1, 3, 0, 1, 3, 0, 0, 0, 0, 1, 0, 1, 0, 0, 3, 1, 0, 0, 0, 3, 1, 0, 2, 0, 0, 0, 1, 0, 0, 0, 0, 3, 0, 1, 0, 0, 2, 1, 1, 1, 0, 0, 0, 0, 2, 1, 0, 0, 0, 1, 3, 0, 0, 0, 0, 0, 0, 2, 0, 1, 0, 2, 1, 0, 0, 1, 1, 3, 1, 1, 3, 0, 0, 1, 0, 0, 2, 0, 0, 0, 1, 1, 0, 0, 0, 1, 0, 2, 0, 0, 1, 1, 0, 0, 2, 0, 0],730.2990040054702,56853.26859628623,93431.51655744747,false
34,G4_BALANCED,G4_BALANCED,[31, 22, 82, 15, 26, 9, 95, 42, 77, 68, 47, 5, 93, 78, 86, 54, 85, 63, 18, 44, 20, 49, 36, 14, 74, 50, 53, 17, 21, 28, 11, 64, 3, 23, 30, 83, 24, 41, 40, 52, 65, 27, 90, 70, 39, 87, 48, 69, 99, 4, 46, 1, 13, 58, 19, 59, 45, 8, 73, 37, 35, 79, 71, 66, 76, 32, 60, 80, 96, 6, 16, 61, 33, 7, 91, 34, 12, 67, 10, 98, 56, 88, 43, 75, 57, 38, 84, 92, 29, 97, 51, 72, 89, 25, 2, 81, 94, 55, 62, 0]|[2, 1, 2, 1, 1, 0, 1, 1, 1, 1, 1, 0, 2, 2, 1, 2, 0, 0, 0, 2, 2, 1, 0, 2, 0, 2, 2, 1, 0, 1, 1, 1, 0, 0, 1, 0, 2, 1, 2, 2, 0, 0, 1, 1, 0, 2, 0, 2, 1, 0, 0, 2, 0, 0, 2, 0, 1, 1, 0, 0, 2, 1, 1, 2, 2, 0, 2, 2, 0, 1, 2, 1, 1, 2, 1, 1, 1, 2, 1, 2, 2, 1, 1, 0, 1, 0, 0, 0, 1, 1, 1, 1, 1, 1, 2, 1, 2, 0, 1, 0]|[0, 3, 0, 3, 4, 1, 4, 4, 2, 4, 3, 2, 1, 0, 2, 1, 1, 1, 2, 1, 1, 3, 0, 1, 0, 1, 1, 4, 1, 4, 3, 2, 2, 0, 4, 1, 1, 4, 1, 1, 2, 1, 4, 4, 1, 1, 0, 2, 3, 2, 2, 1, 2, 1, 1, 2, 4, 3, 0, 2, 2, 3, 3, 1, 1, 2, 1, 1, 2, 4, 1, 3, 4, 1, 3, 4, 3, 1, 3, 1, 1, 4, 4, 2, 3, 2, 2, 2, 3, 4, 3, 4, 4, 4, 1, 4, 1, 2, 3, 2]|[0, 2, 0, 0, 3, 0, 1, 3, 0, 0, 2, 0, 1, 0, 1, 0, 0, 0, 1, 0, 0, 2, 0, 0, 1, 0, 0, 3, 0, 1, 0, 2, 0, 0, 3, 0, 1, 1, 0, 0, 0, 0, 1, 3, 0, 0, 1, 0, 2, 0, 0, 0, 0, 1, 1, 0, 1, 0, 1, 1, 0, 2, 0, 0, 0, 0, 0, 0, 0, 2, 0, 0, 1, 0, 0, 1, 0, 0, 3, 0, 0, 1, 2, 0, 0, 0, 0, 0, 3, 1, 0, 1, 1, 3, 0, 2, 0, 0, 0, 0],876.8623705269927,50242.863385196324,103930.35132081877,false
34,G2_TEC,G2_TEC,[31, 22, 82, 15, 26, 9, 95, 42, 77, 68, 47, 5, 93, 78, 86, 54, 85, 63, 18, 44, 20, 49, 36, 14, 74, 50, 53, 17, 21, 28, 11, 64, 3, 23, 30, 83, 24, 41, 40, 52, 65, 27, 90, 70, 39, 87, 48, 69, 99, 4, 75, 1, 13, 58, 97, 59, 45, 8, 73, 37, 35, 79, 71, 66, 76, 32, 60, 80, 56, 6, 67, 61, 33, 7, 57, 34, 12, 16, 10, 98, 96, 88, 43, 46, 91, 38, 84, 92, 29, 19, 51, 55, 81, 89, 25, 72, 94, 2, 0, 62]|[2, 1, 2, 1, 1, 2, 1, 1, 1, 1, 1, 0, 2, 2, 1, 2, 0, 0, 0, 2, 2, 1, 0, 2, 0, 2, 2, 1, 0, 1, 1, 1, 0, 0, 1, 0, 2, 1, 2, 2, 0, 0, 1, 1, 0, 2, 0, 2, 1, 0, 0, 2, 0, 0, 2, 0, 1, 1, 0, 0, 2, 1, 1, 2, 2, 0, 2, 2, 2, 1, 2, 1, 1, 2, 0, 1, 1, 2, 1, 2, 0, 1, 1, 0, 1, 0, 0, 0, 1, 1, 1, 0, 1, 1, 1, 1, 2, 2, 0, 1]|[0, 3, 0, 3, 4, 1, 4, 4, 2, 4, 3, 2, 1, 0, 2, 1, 1, 1, 2, 1, 1, 3, 0, 1, 0, 1, 1, 4, 1, 4, 3, 2, 2, 0, 4, 1, 1, 4, 1, 1, 2, 1, 4, 4, 1, 1, 0, 2, 3, 2, 2, 1, 2, 1, 1, 2, 4, 3, 0, 2, 2, 3, 3, 1, 1, 2, 1, 1, 1, 4, 1, 3, 4, 1, 2, 4, 3, 1, 3, 1, 2, 4, 4, 2, 3, 2, 2, 2, 3, 4, 3, 2, 4, 4, 4, 4, 1, 1, 2, 3]|[0, 2, 0, 0, 3, 0, 1, 3, 0, 0, 2, 0, 1, 0, 1, 0, 0, 0, 1, 0, 0, 2, 0, 0, 1, 0, 0, 3, 0, 1, 0, 2, 0, 0, 3, 0, 1, 1, 0, 0, 0, 0, 1, 3, 0, 0, 1, 0, 2, 0, 0, 0, 0, 0, 1, 0, 1, 0, 1, 1, 0, 2, 0, 0, 0, 0, 0, 0, 0, 2, 0, 0, 1, 0, 0, 1, 0, 0, 3, 0, 0, 1, 2, 0, 0, 0, 0, 0, 3, 1, 0, 0, 2, 1, 3, 1, 0, 0, 0, 0],908.8272556494078,49235.066718390466,107289.32240407266,false
34,G3_TWC,G3_TWC,[31, 22, 82, 15, 26, 58, 95, 42, 77, 12, 47, 5, 93, 78, 98, 54, 85, 63, 18, 44, 20, 35, 43, 97, 91, 76, 10, 30, 21, 45, 71, 64, 1, 23, 17, 83, 24, 14, 60, 36, 6, 57, 94, 88, 65, 56, 79, 40, 67, 68, 46, 75, 38, 9, 19, 32, 81, 41, 27, 62, 87, 90, 99, 59, 11, 16, 72, 73, 70, 39, 37, 84, 3, 92, 25, 55, 28, 29, 51, 7, 33, 61, 86, 48, 89, 50, 66, 96, 53, 80, 4, 8, 34, 49, 52, 0, 13, 2, 69, 74]|[1, 1, 0, 1, 1, 1, 2, 1, 2, 1, 2, 2, 2, 1, 1, 0, 0, 1, 0, 2, 2, 0, 1, 2, 0, 1, 2, 2, 0, 0, 1, 2, 1, 2, 1, 0, 2, 0, 1, 1, 0, 1, 1, 1, 0, 2, 1, 1, 0, 0, 0, 0, 1, 1, 2, 1, 2, 0, 0, 0, 2, 1, 0, 1, 2, 1, 2, 1, 1, 1, 1, 1, 2, 0, 1, 1, 0, 0, 0, 1, 2, 1, 0, 0, 1, 0, 0, 0, 0, 0, 0, 1, 2, 0, 1, 0, 0, 0, 1, 2]|[4, 3, 2, 2, 0, 0, 2, 2, 2, 4, 1, 1, 2, 4, 4, 1, 1, 4, 2, 1, 1, 1, 1, 2, 1, 2, 1, 1, 1, 1, 3, 2, 3, 0, 4, 0, 1, 1, 0, 3, 2, 2, 4, 0, 1, 1, 0, 2, 0, 1, 2, 2, 1, 4, 0, 3, 2, 1, 1, 2, 1, 3, 1, 1, 1, 3, 0, 4, 3, 1, 4, 1, 1, 2, 4, 4, 2, 1, 1, 3, 1, 3, 1, 1, 1, 1, 1, 1, 2, 1, 2, 3, 1, 1, 1, 2, 2, 2, 3, 1]|[0, 2, 1, 1, 3, 3, 0, 1, 0, 0, 0, 0, 1, 0, 1, 0, 0, 3, 1, 0, 0, 0, 3, 1, 0, 2, 0, 0, 0, 1, 0, 0, 0, 0, 3, 0, 1, 0, 0, 2, 1, 1, 2, 0, 0, 0, 0, 1, 1, 0, 0, 0, 1, 3, 0, 0, 1, 0, 0, 1, 0, 2, 0, 1, 0, 2, 1, 0, 0, 1, 1, 3, 0, 1, 3, 3, 1, 0, 0, 2, 0, 0, 0, 0, 1, 0, 0, 0, 1, 0, 1, 2, 0, 1, 1, 0, 0, 0, 0, 0],805.5394456933803,58046.77716663049,89050.44506242599,false
34,G1_CMAX,G1_CMAX,[31, 22, 82, 15, 26, 99, 95, 42, 77, 12, 47, 5, 93, 78, 86, 54, 21, 63, 18, 44, 20, 35, 43, 97, 91, 76, 10, 30, 85, 45, 71, 64, 1, 23, 17, 83, 24, 14, 60, 36, 6, 57, 40, 88, 65, 56, 59, 94, 67, 68, 46, 75, 38, 9, 19, 32, 41, 81, 27, 87, 90, 58, 79, 11, 16, 72, 73, 70, 39, 37, 84, 3, 92, 25, 55, 48, 62, 29, 51, 7, 33, 61, 98, 28, 89, 50, 4, 96, 53, 80, 8, 66, 34, 49, 52, 0, 74, 69, 2, 13]|[1, 1, 0, 1, 1, 0, 1, 1, 2, 1, 2, 2, 2, 1, 1, 0, 0, 1, 0, 2, 2, 0, 1, 2, 0, 1, 2, 2, 0, 0, 1, 2, 1, 2, 1, 0, 2, 0, 1, 1, 0, 1, 1, 1, 0, 2, 1, 1, 0, 0, 0, 0, 1, 1, 2, 1, 0, 2, 0, 2, 1, 0, 1, 2, 1, 2, 1, 1, 1, 1, 1, 1, 0, 1, 2, 0, 0, 0, 0, 1, 2, 1, 2, 0, 1, 0, 1, 2, 0, 0, 1, 2, 2, 0, 1, 0, 2, 1, 0, 0]|[0, 3, 2, 2, 4, 1, 2, 3, 2, 4, 1, 1, 2, 4, 4, 1, 1, 4, 2, 1, 1, 1, 1, 2, 1, 2, 1, 1, 2, 1, 3, 2, 3, 1, 4, 0, 1, 1, 0, 3, 2, 2, 2, 0, 1, 1, 1, 4, 0, 1, 2, 2, 1, 4, 0, 3, 1, 1, 1, 1, 3, 1, 1, 1, 3, 0, 4, 3, 1, 4, 1, 1, 0, 4, 1, 1, 2, 1, 1, 1, 1, 3, 1, 2, 1, 1, 4, 1, 2, 1, 3, 1, 1, 1, 1, 2, 1, 4, 2, 2]|[0, 2, 1, 1, 3, 0, 1, 3, 0, 0, 0, 0, 1, 0, 1, 0, 0, 3, 1, 0, 0, 0, 3, 1, 0, 2, 0, 0, 0, 1, 0, 0, 0, 0, 3, 0, 1, 0, 0, 2, 1, 1, 1, 0, 0, 0, 1, 2, 1, 0, 0, 0, 1, 3, 0, 0, 0, 0, 0, 0, 2, 0, 1, 0, 2, 1, 0, 0, 1, 1, 3, 1, 1, 3, 0, 0, 1, 0, 0, 2, 0, 0, 0, 1, 1, 0, 0, 0, 1, 0, 2, 0, 0, 1, 1, 0, 0, 2, 0, 0],731.2476204416437,56471.05293543117,93231.64460992858,false
34,G4_BALANCED,G2_TEC,[31, 22, 74, 15, 26, 9, 95, 42, 77, 68, 47, 5, 93, 78, 86, 54, 85, 63, 18, 44, 20, 49, 36, 14, 82, 50, 53, 17, 21, 28, 11, 64, 3, 23, 30, 83, 24, 41, 40, 52, 65, 27, 90, 70, 39, 87, 48, 69, 99, 4, 75, 1, 13, 58, 97, 59, 45, 8, 73, 37, 35, 79, 71, 66, 76, 32, 60, 80, 96, 6, 67, 61, 33, 7, 57, 34, 12, 16, 10, 98, 56, 88, 43, 46, 91, 38, 84, 92, 29, 19, 51, 55, 72, 25, 89, 81, 94, 2, 0, 62]|[2, 1, 0, 1, 1, 2, 1, 1, 1, 1, 1, 0, 2, 2, 1, 2, 0, 0, 0, 2, 2, 1, 0, 2, 0, 2, 2, 1, 0, 1, 1, 1, 0, 0, 1, 0, 2, 1, 2, 2, 0, 0, 1, 1, 0, 2, 0, 2, 1, 0, 0, 2, 0, 0, 2, 0, 1, 1, 0, 0, 2, 1, 1, 2, 2, 0, 2, 2, 0, 1, 2, 1, 1, 2, 0, 1, 1, 2, 1, 2, 2, 1, 1, 0, 1, 0, 0, 0, 1, 1, 1, 0, 1, 1, 1, 1, 2, 2, 0, 1]|[0, 3, 0, 3, 4, 1, 4, 4, 2, 4, 3, 2, 1, 0, 2, 1, 1, 1, 2, 1, 1, 3, 0, 1, 0, 1, 1, 4, 1, 4, 3, 2, 2, 0, 4, 1, 1, 4, 1, 1, 2, 1, 4, 4, 1, 1, 0, 2, 3, 2, 2, 1, 2, 1, 1, 2, 4, 3, 0, 2, 2, 3, 3, 1, 1, 2, 1, 1, 2, 4, 1, 3, 4, 1, 2, 4, 3, 1, 3, 1, 1, 4, 4, 2, 3, 2, 2, 2, 3, 4, 3, 2, 4, 4, 4, 4, 1, 1, 2, 3]|[0, 2, 1, 0, 3, 0, 1, 3, 0, 0, 2, 0, 1, 0, 1, 0, 0, 0, 1, 0, 0, 2, 0, 0, 1, 0, 0, 3, 0, 1, 0, 2, 0, 0, 3, 0, 1, 1, 0, 0, 0, 0, 1, 3, 0, 0, 1, 0, 2, 0, 0, 0, 0, 0, 1, 0, 1, 0, 1, 1, 0, 2, 0, 0, 0, 0, 0, 0, 0, 2, 0, 0, 1, 0, 0, 1, 0, 0, 3, 0, 0, 1, 2, 0, 0, 0, 0, 0, 3, 1, 0, 0, 1, 3, 1, 2, 0, 0, 0, 0],884.2749157347757,49749.927006857695,105648.86639623107,true
34,G2_TEC,G2_TEC,[31, 22, 82, 15, 26, 9, 95, 42, 77, 68, 47, 5, 93, 78, 86, 54, 85, 63, 18, 44, 20, 49, 36, 14, 74, 50, 53, 17, 21, 28, 11, 64, 3, 23, 30, 83, 24, 41, 40, 52, 65, 27, 90, 70, 39, 87, 48, 69, 99, 4, 75, 1, 13, 58, 97, 59, 45, 8, 73, 37, 35, 79, 71, 66, 76, 32, 60, 80, 56, 6, 67, 61, 33, 7, 57, 34, 12, 16, 10, 98, 96, 88, 43, 46, 91, 38, 84, 92, 29, 19, 51, 55, 81, 89, 25, 72, 94, 2, 0, 62]|[2, 1, 2, 1, 1, 2, 1, 1, 1, 1, 1, 0, 2, 2, 1, 2, 0, 0, 0, 2, 2, 1, 0, 2, 0, 2, 2, 1, 0, 1, 1, 1, 0, 0, 1, 0, 2, 1, 2, 2, 0, 0, 1, 1, 0, 2, 0, 2, 1, 0, 0, 2, 0, 0, 2, 0, 1, 1, 0, 0, 2, 1, 1, 2, 2, 0, 2, 2, 2, 1, 2, 1, 1, 2, 0, 1, 1, 2, 1, 2, 0, 1, 1, 0, 1, 0, 0, 0, 1, 1, 1, 0, 1, 1, 1, 1, 2, 2, 0, 1]|[0, 3, 0, 3, 4, 1, 4, 4, 2, 4, 3, 2, 1, 0, 2, 1, 1, 1, 2, 1, 1, 3, 0, 1, 0, 1, 1, 4, 1, 4, 3, 2, 2, 0, 4, 1, 1, 4, 1, 1, 2, 1, 4, 4, 1, 1, 0, 2, 3, 2, 2, 1, 2, 1, 1, 2, 4, 3, 0, 2, 2, 3, 3, 1, 1, 2, 1, 1, 1, 4, 1, 3, 4, 1, 2, 4, 3, 1, 3, 1, 2, 4, 4, 2, 3, 2, 2, 2, 3, 4, 3, 2, 4, 4, 4, 4, 1, 1, 2, 3]|[0, 2, 0, 0, 3, 0, 1, 3, 0, 0, 2, 0, 1, 0, 1, 0, 0, 0, 1, 0, 0, 2, 0, 0, 1, 0, 0, 3, 0, 1, 0, 2, 0, 0, 3, 0, 1, 1, 0, 0, 0, 0, 1, 3, 0, 0, 1, 0, 2, 0, 0, 0, 0, 0, 1, 0, 1, 0, 1, 1, 0, 2, 0, 0, 0, 0, 0, 0, 0, 2, 0, 0, 1, 0, 0, 1, 0, 0, 3, 0, 0, 1, 2, 0, 0, 0, 0, 0, 3, 1, 0, 0, 2, 1, 3, 1, 0, 0, 0, 0],908.8272556494078,49235.066718390466,107289.32240407266,false
34,G3_TWC,G3_TWC,[31, 22, 82, 15, 26, 58, 95, 42, 77, 12, 47, 5, 93, 78, 98, 54, 85, 63, 18, 44, 20, 35, 43, 97, 91, 76, 10, 30, 21, 45, 71, 64, 1, 23, 17, 83, 24, 14, 60, 36, 6, 57, 94, 88, 65, 56, 79, 40, 67, 68, 46, 75, 38, 9, 19, 32, 81, 41, 27, 62, 87, 90, 99, 59, 11, 16, 72, 73, 70, 39, 37, 84, 3, 92, 25, 55, 28, 29, 51, 7, 33, 61, 86, 48, 89, 50, 66, 96, 53, 80, 4, 8, 34, 49, 52, 0, 13, 2, 69, 74]|[1, 1, 0, 1, 1, 1, 2, 1, 2, 1, 2, 2, 2, 1, 1, 0, 0, 1, 0, 2, 2, 0, 1, 2, 0, 1, 2, 2, 0, 0, 1, 2, 1, 2, 1, 0, 2, 0, 1, 1, 0, 1, 1, 1, 0, 2, 1, 1, 0, 0, 0, 0, 1, 1, 2, 1, 2, 0, 0, 0, 2, 1, 0, 1, 2, 1, 2, 1, 1, 1, 1, 1, 2, 0, 1, 1, 0, 0, 0, 1, 2, 1, 0, 0, 1, 0, 0, 0, 0, 0, 0, 1, 2, 0, 1, 0, 0, 0, 1, 2]|[4, 3, 2, 2, 0, 0, 2, 2, 2, 4, 1, 1, 2, 4, 4, 1, 1, 4, 2, 1, 1, 1, 1, 2, 1, 2, 1, 1, 1, 1, 3, 2, 3, 0, 4, 0, 1, 1, 0, 3, 2, 2, 4, 0, 1, 1, 0, 2, 0, 1, 2, 2, 1, 4, 0, 3, 2, 1, 1, 2, 1, 3, 1, 1, 1, 3, 0, 4, 3, 1, 4, 1, 1, 2, 4, 4, 2, 1, 1, 3, 1, 3, 1, 1, 1, 1, 1, 1, 2, 1, 2, 3, 1, 1, 1, 2, 2, 2, 3, 1]|[0, 2, 1, 1, 3, 3, 0, 1, 0, 0, 0, 0, 1, 0, 1, 0, 0, 3, 1, 0, 0, 0, 3, 1, 0, 2, 0, 0, 0, 1, 0, 0, 0, 0, 3, 0, 1, 0, 0, 2, 1, 1, 2, 0, 0, 0, 0, 1, 1, 0, 0, 0, 1, 3, 0, 0, 1, 0, 0, 1, 0, 2, 0, 1, 0, 2, 1, 0, 0, 1, 1, 3, 0, 1, 3, 3, 1, 0, 0, 2, 0, 0, 0, 0, 1, 0, 0, 0, 1, 0, 1, 2, 0, 1, 1, 0, 0, 0, 0, 0],805.5394456933803,58046.77716663049,89050.44506242599,false
34,G1_CMAX,G1_CMAX,[31, 22, 82, 15, 26, 99, 95, 42, 77, 12, 47, 5, 93, 78, 86, 54, 21, 63, 18, 44, 20, 35, 43, 97, 91, 76, 10, 30, 85, 45, 71, 64, 1, 23, 57, 83, 24, 14, 60, 36, 6, 17, 40, 88, 65, 56, 79, 94, 67, 68, 46, 75, 38, 9, 19, 32, 41, 81, 27, 87, 90, 58, 59, 11, 16, 72, 73, 70, 39, 37, 84, 3, 92, 25, 55, 48, 62, 29, 51, 96, 33, 61, 98, 66, 89, 50, 4, 7, 53, 80, 8, 28, 34, 49, 52, 0, 74, 69, 2, 13]|[1, 1, 0, 1, 1, 0, 1, 1, 2, 1, 2, 2, 2, 1, 1, 0, 0, 1, 0, 2, 2, 0, 1, 2, 0, 1, 2, 2, 0, 0, 1, 2, 1, 2, 1, 0, 2, 0, 1, 1, 0, 1, 1, 1, 0, 2, 1, 1, 0, 0, 0, 0, 1, 1, 2, 1, 0, 2, 0, 2, 1, 0, 1, 2, 1, 2, 1, 1, 1, 1, 1, 1, 0, 1, 2, 0, 0, 0, 2, 2, 2, 1, 2, 2, 1, 0, 1, 2, 0, 0, 1, 0, 2, 0, 1, 0, 2, 1, 0, 0]|[0, 3, 2, 2, 4, 1, 2, 3, 2, 4, 1, 1, 2, 4, 4, 1, 1, 4, 2, 1, 1, 1, 1, 2, 1, 2, 1, 1, 2, 1, 3, 2, 3, 1, 4, 0, 1, 1, 0, 3, 2, 2, 2, 0, 1, 1, 0, 4, 0, 1, 2, 2, 1, 4, 0, 3, 1, 1, 1, 1, 3, 1, 1, 1, 3, 0, 4, 3, 1, 4, 1, 1, 2, 4, 1, 1, 2, 1, 2, 1, 1, 3, 1, 1, 1, 1, 4, 1, 2, 1, 3, 2, 1, 1, 1, 2, 1, 4, 2, 2]|[0, 2, 1, 1, 3, 0, 1, 3, 0, 0, 0, 0, 1, 0, 1, 0, 0, 3, 1, 0, 0, 0, 3, 1, 0, 2, 0, 0, 0, 1, 0, 0, 0, 0, 3, 0, 1, 0, 0, 2, 1, 1, 1, 0, 0, 0, 0, 2, 1, 0, 0, 0, 1, 3, 0, 0, 0, 0, 0, 0, 2, 0, 1, 0, 2, 1, 0, 0, 1, 1, 3, 1, 1, 3, 0, 0, 1, 0, 1, 0, 0, 0, 0, 0, 1, 0, 0, 0, 1, 0, 2, 1, 0, 1, 1, 0, 0, 2, 0, 0],726.9061273463456,57092.60052686413,92996.29751897219,false
34,G4_BALANCED,G4_BALANCED,[31, 11, 82, 15, 26, 9, 95, 42, 77, 68, 47, 5, 93, 78, 86, 54, 85, 63, 18, 44, 20, 49, 36, 14, 74, 50, 53, 17, 21, 45, 71, 64, 3, 23, 30, 83, 24, 41, 60, 52, 65, 27, 90, 70, 39, 87, 48, 69, 99, 4, 46, 1, 13, 58, 97, 59, 28, 75, 73, 37, 35, 79, 22, 66, 76, 32, 40, 80, 56, 6, 67, 61, 33, 7, 57, 34, 12, 16, 10, 98, 96, 88, 43, 8, 91, 38, 84, 92, 29, 19, 51, 72, 81, 89, 25, 62, 94, 55, 2, 0]|[2, 1, 2, 1, 1, 2, 1, 1, 1, 1, 1, 0, 2, 2, 1, 2, 0, 0, 0, 2, 2, 1, 0, 2, 0, 2, 2, 1, 0, 1, 1, 1, 0, 0, 1, 0, 2, 1, 2, 2, 0, 0, 1, 1, 0, 2, 0, 2, 1, 0, 0, 2, 0, 0, 2, 0, 1, 1, 0, 0, 2, 1, 1, 1, 2, 0, 2, 2, 2, 1, 0, 1, 1, 2, 0, 1, 1, 2, 1, 2, 0, 1, 0, 1, 1, 0, 0, 0, 1, 1, 1, 1, 1, 1, 1, 1, 2, 0, 2, 0]|[0, 3, 0, 2, 4, 1, 4, 4, 2, 4, 3, 2, 1, 0, 2, 1, 1, 1, 2, 1, 1, 3, 0, 1, 0, 1, 1, 4, 1, 4, 3, 2, 2, 0, 4, 1, 1, 4, 0, 1, 2, 1, 4, 4, 1, 1, 0, 2, 3, 2, 2, 1, 2, 1, 1, 2, 4, 3, 0, 2, 2, 3, 3, 1, 1, 2, 1, 1, 1, 4, 2, 3, 4, 1, 2, 4, 3, 1, 3, 1, 2, 4, 2, 3, 3, 2, 2, 2, 3, 4, 3, 4, 4, 4, 4, 3, 1, 2, 1, 2]|[0, 2, 0, 1, 3, 0, 1, 3, 0, 0, 2, 0, 1, 0, 1, 0, 0, 0, 1, 0, 0, 2, 0, 0, 1, 0, 0, 3, 0, 1, 0, 2, 0, 1, 3, 0, 1, 1, 0, 0, 0, 0, 1, 3, 0, 0, 1, 0, 2, 0, 0, 0, 0, 0, 1, 0, 1, 0, 1, 1, 0, 2, 0, 2, 0, 0, 0, 0, 0, 2, 0, 0, 1, 0, 0, 1, 0, 0, 3, 0, 0, 1, 0, 0, 0, 0, 0, 0, 0, 3, 0, 2, 2, 1, 3, 0, 0, 0, 0, 0],862.4401500859656,51241.865922690704,107945.89516689788,false
34,G2_TEC,G2_TEC,[31, 22, 82, 15, 26, 9, 95, 42, 77, 68, 47, 5, 93, 78, 86, 54, 85, 63, 18, 44, 20, 49, 36, 14, 74, 50, 53, 17, 21, 28, 11, 64, 3, 23, 30, 83, 24, 41, 40, 52, 65, 27, 90, 70, 39, 87, 48, 69, 99, 4, 75, 1, 13, 58, 97, 59, 45, 8, 73, 37, 35, 79, 71, 66, 76, 32, 60, 80, 56, 6, 67, 61, 33, 7, 57, 34, 12, 16, 10, 98, 96, 88, 43, 46, 91, 38, 84, 92, 29, 19, 51, 55, 81, 89, 25, 72, 94, 2, 0, 62]|[2, 1, 2, 1, 1, 2, 1, 1, 1, 1, 1, 0, 2, 2, 1, 2, 0, 0, 0, 2, 2, 1, 0, 2, 0, 2, 2, 1, 0, 1, 1, 1, 0, 0, 1, 0, 2, 1, 2, 2, 0, 0, 1, 1, 0, 2, 0, 2, 1, 0, 0, 2, 0, 0, 2, 0, 1, 1, 0, 0, 2, 1, 1, 2, 2, 0, 2, 2, 2, 1, 2, 1, 1, 2, 0, 1, 1, 2, 1, 2, 0, 1, 1, 0, 1, 0, 0, 0, 1, 1, 1, 0, 1, 1, 1, 1, 2, 2, 0, 1]|[0, 3, 0, 3, 4, 1, 4, 4, 2, 4, 3, 2, 1, 0, 2, 1, 1, 1, 2, 1, 1, 3, 0, 1, 0, 1, 1, 4, 1, 4, 3, 2, 2, 0, 4, 1, 1, 4, 1, 1, 2, 1, 4, 4, 1, 1, 0, 2, 3, 2, 2, 1, 2, 1, 1, 2, 4, 3, 0, 2, 2, 3, 3, 1, 1, 2, 1, 1, 1, 4, 1, 3, 4, 1, 2, 4, 3, 1, 3, 1, 2, 4, 4, 2, 3, 2, 2, 2, 3, 4, 3, 2, 4, 4, 4, 4, 1, 1, 2, 3]|[0, 2, 0, 0, 3, 0, 1, 3, 0, 0, 2, 0, 1, 0, 1, 0, 0, 0, 1, 0, 0, 2, 0, 0, 1, 0, 0, 3, 0, 1, 0, 2, 0, 0, 3, 0, 1, 1, 0, 0, 0, 0, 1, 3, 0, 0, 1, 0, 2, 0, 0, 0, 0, 0, 1, 0, 1, 0, 1, 1, 0, 2, 0, 0, 0, 0, 0, 0, 0, 2, 0, 0, 1, 0, 0, 1, 0, 0, 3, 0, 0, 1, 2, 0, 0, 0, 0, 0, 3, 1, 0, 0, 2, 1, 3, 1, 0, 0, 0, 0],908.8272556494078,49235.066718390466,107289.32240407266,false
34,G3_TWC,G3_TWC,[31, 22, 82, 15, 26, 58, 95, 42, 77, 12, 47, 5, 93, 78, 98, 54, 85, 63, 18, 44, 20, 35, 43, 97, 91, 76, 10, 30, 21, 45, 71, 64, 1, 23, 17, 83, 24, 14, 60, 36, 6, 57, 94, 88, 65, 56, 79, 40, 67, 68, 46, 75, 38, 9, 19, 32, 81, 41, 27, 62, 87, 90, 99, 59, 11, 16, 72, 73, 70, 39, 37, 84, 3, 92, 25, 55, 28, 29, 51, 7, 33, 61, 86, 48, 89, 50, 66, 96, 53, 80, 4, 8, 34, 49, 52, 0, 13, 2, 69, 74]|[1, 1, 0, 1, 1, 1, 2, 1, 2, 1, 2, 2, 2, 1, 1, 0, 0, 1, 0, 2, 2, 0, 1, 2, 0, 1, 2, 2, 0, 0, 1, 2, 1, 2, 1, 0, 2, 0, 1, 1, 0, 1, 1, 1, 0, 2, 1, 1, 0, 0, 0, 0, 1, 1, 2, 1, 2, 0, 0, 0, 2, 1, 0, 1, 2, 1, 2, 1, 1, 1, 1, 1, 2, 0, 1, 1, 0, 0, 0, 1, 2, 1, 0, 0, 1, 0, 0, 0, 0, 0, 0, 1, 2, 0, 1, 0, 0, 0, 1, 2]|[4, 3, 2, 2, 0, 0, 2, 2, 2, 4, 1, 1, 2, 4, 4, 1, 1, 4, 2, 1, 1, 1, 1, 2, 1, 2, 1, 1, 1, 1, 3, 2, 3, 0, 4, 0, 1, 1, 0, 3, 2, 2, 4, 0, 1, 1, 0, 2, 0, 1, 2, 2, 1, 4, 0, 3, 2, 1, 1, 2, 1, 3, 1, 1, 1, 3, 0, 4, 3, 1, 4, 1, 1, 2, 4, 4, 2, 1, 1, 3, 1, 3, 1, 1, 1, 1, 1, 1, 2, 1, 2, 3, 1, 1, 1, 2, 2, 2, 3, 1]|[0, 2, 1, 1, 3, 3, 0, 1, 0, 0, 0, 0, 1, 0, 1, 0, 0, 3, 1, 0, 0, 0, 3, 1, 0, 2, 0, 0, 0, 1, 0, 0, 0, 0, 3, 0, 1, 0, 0, 2, 1, 1, 2, 0, 0, 0, 0, 1, 1, 0, 0, 0, 1, 3, 0, 0, 1, 0, 0, 1, 0, 2, 0, 1, 0, 2, 1, 0, 0, 1, 1, 3, 0, 1, 3, 3, 1, 0, 0, 2, 0, 0, 0, 0, 1, 0, 0, 0, 1, 0, 1, 2, 0, 1, 1, 0, 0, 0, 0, 0],805.5394456933803,58046.77716663049,89050.44506242599,false
34,G1_CMAX,G3_TWC,[31, 22, 82, 15, 26, 58, 95, 42, 77, 12, 47, 5, 93, 78, 98, 54, 85, 63, 18, 44, 20, 35, 43, 97, 91, 76, 10, 30, 21, 45, 71, 64, 1, 23, 17, 83, 24, 14, 60, 36, 6, 57, 94, 88, 65, 56, 79, 40, 67, 68, 46, 75, 38, 9, 19, 32, 81, 41, 27, 62, 87, 90, 99, 59, 11, 16, 72, 73, 70, 39, 37, 84, 3, 92, 25, 55, 28, 29, 51, 7, 33, 61, 86, 66, 89, 50, 48, 96, 53, 8, 4, 80, 34, 69, 52, 2, 13, 0, 49, 74]|[1, 1, 0, 1, 1, 1, 2, 1, 2, 1, 2, 2, 2, 1, 1, 0, 0, 1, 0, 2, 2, 0, 1, 2, 0, 1, 2, 2, 0, 0, 1, 2, 1, 2, 1, 0, 2, 0, 1, 1, 0, 1, 1, 1, 0, 2, 1, 1, 0, 0, 0, 0, 1, 1, 2, 1, 2, 0, 0, 0, 2, 1, 0, 1, 2, 1, 2, 1, 1, 1, 1, 1, 2, 0, 1, 1, 0, 0, 0, 1, 2, 1, 0, 2, 1, 0, 0, 0, 0, 0, 0, 1, 2, 1, 1, 0, 0, 0, 0, 2]|[4, 3, 2, 2, 0, 0, 2, 2, 2, 4, 1, 1, 2, 4, 4, 1, 1, 4, 2, 1, 1, 1, 1, 2, 1, 2, 1, 1, 1, 1, 3, 2, 3, 0, 4, 0, 1, 1, 0, 3, 2, 2, 4, 0, 1, 1, 0, 2, 0, 1, 2, 2, 1, 4, 0, 3, 2, 1, 1, 2, 1, 3, 1, 1, 1, 3, 0, 4, 3, 1, 4, 1, 1, 2, 4, 4, 2, 1, 1, 3, 1, 3, 1, 1, 1, 1, 1, 1, 2, 1, 2, 3, 1, 3, 1, 2, 2, 2, 1, 1]|[0, 2, 1, 1, 3, 3, 0, 1, 0, 0, 0, 0, 1, 0, 1, 0, 0, 3, 1, 0, 0, 0, 3, 1, 0, 2, 0, 0, 0, 1, 0, 0, 0, 0, 3, 0, 1, 0, 0, 2, 1, 1, 2, 0, 0, 0, 0, 1, 1, 0, 0, 0, 1, 3, 0, 0, 1, 0, 0, 1, 0, 2, 0, 1, 0, 2, 1, 0, 0, 1, 1, 3, 0, 1, 3, 3, 1, 0, 0, 2, 0, 0, 0, 0, 1, 0, 0, 0, 1, 0, 1, 2, 0, 0, 1, 0, 0, 0, 1, 0],793.8723674695931,57822.15911438864,89269.81009310039,true
34,G4_BALANCED,G4_BALANCED,[31, 11, 82, 15, 26, 9, 95, 42, 77, 68, 47, 5, 93, 78, 86, 54, 85, 63, 18, 44, 20, 49, 36, 14, 74, 50, 53, 17, 21, 45, 71, 64, 3, 23, 30, 83, 24, 41, 60, 52, 65, 27, 90, 70, 39, 87, 48, 69, 99, 4, 46, 1, 13, 58, 97, 59, 28, 75, 73, 37, 35, 79, 22, 66, 76, 32, 40, 80, 56, 6, 67, 61, 33, 7, 57, 34, 12, 16, 10, 98, 96, 88, 43, 8, 91, 38, 84, 92, 29, 19, 51, 72, 81, 89, 25, 62, 94, 55, 2, 0]|[2, 1, 2, 1, 1, 2, 1, 1, 1, 1, 1, 0, 2, 2, 1, 2, 0, 0, 0, 2, 2, 1, 0, 2, 0, 2, 2, 1, 0, 1, 1, 1, 0, 0, 1, 0, 2, 1, 2, 2, 0, 0, 1, 1, 0, 2, 0, 2, 1, 0, 0, 2, 0, 0, 2, 0, 1, 1, 0, 0, 2, 1, 1, 1, 2, 0, 2, 2, 2, 1, 0, 1, 1, 2, 0, 1, 1, 2, 1, 2, 0, 1, 0, 1, 1, 0, 0, 0, 1, 1, 1, 1, 1, 1, 1, 1, 2, 0, 2, 0]|[0, 3, 0, 2, 4, 1, 4, 4, 2, 4, 3, 2, 1, 0, 2, 1, 1, 1, 2, 1, 1, 3, 0, 1, 0, 1, 1, 4, 1, 4, 3, 2, 2, 0, 4, 1, 1, 4, 0, 1, 2, 1, 4, 4, 1, 1, 0, 2, 3, 2, 2, 1, 2, 1, 1, 2, 4, 3, 0, 2, 2, 3, 3, 1, 1, 2, 1, 1, 1, 4, 2, 3, 4, 1, 2, 4, 3, 1, 3, 1, 2, 4, 2, 3, 3, 2, 2, 2, 3, 4, 3, 4, 4, 4, 4, 3, 1, 2, 1, 2]|[0, 2, 0, 1, 3, 0, 1, 3, 0, 0, 2, 0, 1, 0, 1, 0, 0, 0, 1, 0, 0, 2, 0, 0, 1, 0, 0, 3, 0, 1, 0, 2, 0, 1, 3, 0, 1, 1, 0, 0, 0, 0, 1, 3, 0, 0, 1, 0, 2, 0, 0, 0, 0, 0, 1, 0, 1, 0, 1, 1, 0, 2, 0, 2, 0, 0, 0, 0, 0, 2, 0, 0, 1, 0, 0, 1, 0, 0, 3, 0, 0, 1, 0, 0, 0, 0, 0, 0, 0, 3, 0, 2, 2, 1, 3, 0, 0, 0, 0, 0],862.4401500859656,51241.865922690704,107945.89516689788,false
34,G2_TEC,G2_TEC,[31, 22, 82, 15, 26, 9, 95, 42, 77, 68, 47, 5, 93, 78, 86, 54, 85, 63, 18, 44, 20, 49, 36, 14, 74, 50, 53, 17, 21, 28, 11, 64, 3, 23, 30, 83, 24, 41, 40, 52, 65, 27, 90, 70, 39, 87, 48, 69, 99, 4, 75, 1, 13, 58, 97, 59, 45, 8, 73, 37, 35, 79, 71, 66, 76, 32, 60, 80, 56, 6, 67, 61, 33, 7, 57, 34, 12, 16, 10, 98, 96, 88, 43, 46, 91, 38, 84, 92, 29, 19, 51, 55, 81, 89, 25, 72, 94, 2, 0, 62]|[2, 1, 2, 1, 1, 2, 1, 1, 1, 1, 1, 0, 2, 2, 1, 2, 0, 0, 0, 2, 2, 1, 0, 2, 0, 2, 2, 1, 0, 1, 1, 1, 0, 0, 1, 0, 2, 1, 2, 2, 0, 0, 1, 1, 0, 2, 0, 2, 1, 0, 0, 2, 0, 0, 2, 0, 1, 1, 0, 0, 2, 1, 1, 2, 2, 0, 2, 2, 2, 1, 2, 1, 1, 2, 0, 1, 1, 2, 1, 2, 0, 1, 1, 0, 1, 0, 0, 0, 1, 1, 1, 0, 1, 1, 1, 1, 2, 2, 0, 1]|[0, 3, 0, 3, 4, 1, 4, 4, 2, 4, 3, 2, 1, 0, 2, 1, 1, 1, 2, 1, 1, 3, 0, 1, 0, 1, 1, 4, 1, 4, 3, 2, 2, 0, 4, 1, 1, 4, 1, 1, 2, 1, 4, 4, 1, 1, 0, 2, 3, 2, 2, 1, 2, 1, 1, 2, 4, 3, 0, 2, 2, 3, 3, 1, 1, 2, 1, 1, 1, 4, 1, 3, 4, 1, 2, 4, 3, 1, 3, 1, 2, 4, 4, 2, 3, 2, 2, 2, 3, 4, 3, 2, 4, 4, 4, 4, 1, 1, 2, 3]|[0, 2, 0, 0, 3, 0, 1, 3, 0, 0, 2, 0, 1, 0, 1, 0, 0, 0, 1, 0, 0, 2, 0, 0, 1, 0, 0, 3, 0, 1, 0, 2, 0, 0, 3, 0, 1, 1, 0, 0, 0, 0, 1, 3, 0, 0, 1, 0, 2, 0, 0, 0, 0, 0, 1, 0, 1, 0, 1, 1, 0, 2, 0, 0, 0, 0, 0, 0, 0, 2, 0, 0, 1, 0, 0, 1, 0, 0, 3, 0, 0, 1, 2, 0, 0, 0, 0, 0, 3, 1, 0, 0, 2, 1, 3, 1, 0, 0, 0, 0],908.8272556494078,49235.066718390466,107289.32240407266,false
34,G3_TWC,G3_TWC,[31, 22, 82, 15, 26, 58, 95, 42, 77, 12, 47, 5, 93, 78, 98, 54, 85, 63, 18, 44, 20, 35, 43, 97, 91, 76, 10, 30, 21, 45, 71, 64, 1, 23, 17, 83, 24, 14, 60, 36, 6, 57, 94, 88, 65, 56, 79, 40, 67, 68, 46, 75, 38, 9, 19, 32, 81, 41, 27, 62, 87, 90, 99, 59, 11, 16, 72, 73, 70, 39, 37, 84, 3, 92, 25, 55, 28, 29, 51, 7, 33, 61, 86, 48, 89, 50, 66, 96, 53, 80, 4, 8, 34, 49, 52, 0, 13, 2, 69, 74]|[1, 1, 0, 1, 1, 1, 2, 1, 2, 1, 2, 2, 2, 1, 1, 0, 0, 1, 0, 2, 2, 0, 1, 2, 0, 1, 2, 2, 0, 0, 1, 2, 1, 2, 1, 0, 2, 0, 1, 1, 0, 1, 1, 1, 0, 2, 1, 1, 0, 0, 0, 0, 1, 1, 2, 1, 2, 0, 0, 0, 2, 1, 0, 1, 2, 1, 2, 1, 1, 1, 1, 1, 2, 0, 1, 1, 0, 0, 0, 1, 2, 1, 0, 0, 1, 0, 0, 0, 0, 0, 0, 1, 2, 0, 1, 0, 0, 0, 1, 2]|[4, 3, 2, 2, 0, 0, 2, 2, 2, 4, 1, 1, 2, 4, 4, 1, 1, 4, 2, 1, 1, 1, 1, 2, 1, 2, 1, 1, 1, 1, 3, 2, 3, 0, 4, 0, 1, 1, 0, 3, 2, 2, 4, 0, 1, 1, 0, 2, 0, 1, 2, 2, 1, 4, 0, 3, 2, 1, 1, 2, 1, 3, 1, 1, 1, 3, 0, 4, 3, 1, 4, 1, 1, 2, 4, 4, 2, 1, 1, 3, 1, 3, 1, 1, 1, 1, 1, 1, 2, 1, 2, 3, 1, 1, 1, 2, 2, 2, 3, 1]|[0, 2, 1, 1, 3, 3, 0, 1, 0, 0, 0, 0, 1, 0, 1, 0, 0, 3, 1, 0, 0, 0, 3, 1, 0, 2, 0, 0, 0, 1, 0, 0, 0, 0, 3, 0, 1, 0, 0, 2, 1, 1, 2, 0, 0, 0, 0, 1, 1, 0, 0, 0, 1, 3, 0, 0, 1, 0, 0, 1, 0, 2, 0, 1, 0, 2, 1, 0, 0, 1, 1, 3, 0, 1, 3, 3, 1, 0, 0, 2, 0, 0, 0, 0, 1, 0, 0, 0, 1, 0, 1, 2, 0, 1, 1, 0, 0, 0, 0, 0],805.5394456933803,58046.77716663049,89050.44506242599,false
34,G1_CMAX,G1_CMAX,[31, 22, 82, 15, 26, 99, 95, 42, 77, 12, 47, 5, 93, 78, 86, 54, 21, 63, 18, 44, 20, 35, 43, 97, 91, 76, 10, 30, 85, 45, 71, 64, 1, 23, 57, 83, 24, 14, 60, 36, 6, 17, 40, 88, 65, 56, 79, 94, 67, 68, 46, 75, 38, 9, 19, 32, 41, 81, 27, 87, 90, 58, 59, 11, 16, 72, 73, 70, 39, 37, 84, 3, 92, 25, 55, 48, 62, 29, 51, 96, 33, 61, 98, 66, 89, 50, 4, 7, 53, 80, 8, 28, 34, 49, 52, 0, 74, 69, 2, 13]|[1, 1, 0, 1, 1, 0, 1, 1, 2, 1, 2, 2, 2, 1, 1, 0, 0, 1, 0, 2, 2, 0, 1, 2, 0, 1, 2, 2, 0, 0, 1, 2, 1, 2, 1, 0, 2, 0, 1, 1, 0, 1, 1, 1, 0, 2, 1, 1, 0, 0, 0, 0, 1, 1, 2, 1, 0, 2, 0, 2, 1, 0, 1, 2, 1, 2, 1, 1, 1, 1, 1, 1, 0, 1, 2, 0, 0, 0, 2, 2, 2, 1, 2, 2, 1, 0, 1, 2, 0, 0, 1, 0, 2, 0, 1, 0, 2, 1, 0, 0]|[0, 3, 2, 2, 4, 1, 2, 3, 2, 4, 1, 1, 2, 4, 4, 1, 1, 4, 2, 1, 1, 1, 1, 2, 1, 2, 1, 1, 2, 1, 3, 2, 3, 1, 4, 0, 1, 1, 0, 3, 2, 2, 2, 0, 1, 1, 0, 4, 0, 1, 2, 2, 1, 4, 0, 3, 1, 1, 1, 1, 3, 1, 1, 1, 3, 0, 4, 3, 1, 4, 1, 1, 2, 4, 1, 1, 2, 1, 2, 1, 1, 3, 1, 1, 1, 1, 4, 1, 2, 1, 3, 2, 1, 1, 1, 2, 1, 4, 2, 2]|[0, 2, 1, 1, 3, 0, 1, 3, 0, 0, 0, 0, 1, 0, 1, 0, 0, 3, 1, 0, 0, 0, 3, 1, 0, 2, 0, 0, 0, 1, 0, 0, 0, 0, 3, 0, 1, 0, 0, 2, 1, 1, 1, 0, 0, 0, 0, 2, 1, 0, 0, 0, 1, 3, 0, 0, 0, 0, 0, 0, 2, 0, 1, 0, 2, 1, 0, 0, 1, 1, 3, 1, 1, 3, 0, 0, 1, 0, 1, 0, 0, 0, 0, 0, 1, 0, 0, 0, 1, 0, 2, 1, 0, 1, 1, 0, 0, 2, 0, 0],726.9061273463456,57092.60052686413,92996.29751897219,false
34,G4_BALANCED,G4_BALANCED,[31, 22, 82, 15, 26, 58, 95, 42, 77, 12, 47, 5, 93, 78, 86, 54, 85, 63, 18, 72, 20, 35, 43, 97, 91, 76, 10, 30, 21, 45, 71, 64, 1, 23, 17, 83, 24, 14, 60, 36, 6, 57, 40, 88, 65, 56, 79, 94, 67, 41, 68, 75, 38, 9, 19, 32, 81, 55, 27, 62, 87, 90, 99, 59, 11, 16, 44, 73, 70, 39, 37, 84, 3, 92, 25, 46, 28, 29, 51, 7, 66, 61, 98, 48, 89, 50, 4, 96, 53, 80, 8, 33, 34, 2, 52, 13, 0, 69, 74, 49]|[1, 1, 0, 1, 1, 0, 1, 1, 2, 1, 2, 2, 2, 1, 1, 0, 0, 1, 0, 2, 2, 0, 1, 2, 0, 1, 2, 2, 0, 0, 1, 2, 1, 2, 1, 0, 2, 0, 1, 1, 0, 1, 1, 1, 0, 2, 1, 1, 0, 0, 0, 0, 1, 1, 2, 1, 2, 0, 0, 2, 2, 1, 1, 2, 2, 1, 2, 1, 1, 1, 1, 1, 1, 0, 1, 0, 0, 0, 0, 1, 2, 1, 2, 0, 1, 0, 1, 2, 0, 0, 1, 2, 2, 0, 1, 0, 0, 1, 2, 0]|[4, 3, 2, 2, 4, 1, 2, 3, 2, 4, 1, 1, 2, 4, 4, 1, 2, 4, 2, 1, 1, 1, 1, 2, 1, 2, 1, 1, 2, 1, 3, 2, 3, 1, 4, 0, 1, 1, 0, 3, 2, 2, 2, 0, 1, 1, 0, 4, 0, 1, 2, 2, 1, 4, 0, 3, 2, 1, 1, 1, 1, 3, 1, 1, 1, 3, 1, 4, 3, 1, 4, 1, 1, 0, 4, 2, 2, 1, 1, 1, 1, 3, 1, 1, 1, 1, 4, 1, 2, 1, 3, 1, 1, 2, 1, 2, 2, 4, 1, 1]|[0, 2, 1, 1, 3, 0, 1, 3, 0, 0, 0, 0, 1, 0, 1, 0, 0, 3, 1, 0, 0, 0, 3, 1, 0, 2, 0, 0, 0, 1, 0, 0, 0, 0, 3, 0, 1, 0, 0, 2, 1, 1, 1, 0, 0, 0, 0, 2, 1, 0, 0, 0, 1, 3, 0, 0, 1, 0, 0, 0, 0, 2, 1, 0, 0, 2, 0, 0, 0, 1, 1, 3, 1, 1, 3, 0, 1, 0, 0, 2, 0, 0, 0, 0, 1, 0, 0, 0, 1, 0, 2, 0, 0, 0, 1, 0, 0, 2, 0, 1],747.1438989226004,55733.55354576636,94625.20584372425,false
34,G2_TEC,G2_TEC,[31, 22, 82, 15, 26, 9, 95, 42, 77, 68, 47, 5, 93, 78, 86, 54, 85, 63, 18, 44, 20, 49, 36, 14, 74, 50, 53, 17, 21, 28, 11, 64, 3, 23, 30, 83, 24, 41, 40, 52, 65, 27, 90, 70, 39, 87, 48, 69, 99, 4, 75, 1, 13, 58, 97, 59, 45, 8, 73, 37, 35, 79, 71, 66, 76, 32, 60, 80, 56, 6, 67, 61, 33, 7, 57, 34, 12, 16, 10, 98, 96, 88, 43, 46, 91, 38, 84, 92, 29, 19, 51, 55, 81, 89, 25, 72, 94, 2, 0, 62]|[2, 1, 2, 1, 1, 2, 1, 1, 1, 1, 1, 0, 2, 2, 1, 2, 0, 0, 0, 2, 2, 1, 0, 2, 0, 2, 2, 1, 0, 1, 1, 1, 0, 0, 1, 0, 2, 1, 2, 2, 0, 0, 1, 1, 0, 2, 0, 2, 1, 0, 0, 2, 0, 0, 2, 0, 1, 1, 0, 0, 2, 1, 1, 2, 2, 0, 2, 2, 2, 1, 2, 1, 1, 2, 0, 1, 1, 2, 1, 2, 0, 1, 1, 0, 1, 0, 0, 0, 1, 1, 1, 0, 1, 1, 1, 1, 2, 2, 0, 1]|[0, 3, 0, 3, 4, 1, 4, 4, 2, 4, 3, 2, 1, 0, 2, 1, 1, 1, 2, 1, 1, 3, 0, 1, 0, 1, 1, 4, 1, 4, 3, 2, 2, 0, 4, 1, 1, 4, 1, 1, 2, 1, 4, 4, 1, 1, 0, 2, 3, 2, 2, 1, 2, 1, 1, 2, 4, 3, 0, 2, 2, 3, 3, 1, 1, 2, 1, 1, 1, 4, 1, 3, 4, 1, 2, 4, 3, 1, 3, 1, 2, 4, 4, 2, 3, 2, 2, 2, 3, 4, 3, 2, 4, 4, 4, 4, 1, 1, 2, 3]|[0, 2, 0, 0, 3, 0, 1, 3, 0, 0, 2, 0, 1, 0, 1, 0, 0, 0, 1, 0, 0, 2, 0, 0, 1, 0, 0, 3, 0, 1, 0, 2, 0, 0, 3, 0, 1, 1, 0, 0, 0, 0, 1, 3, 0, 0, 1, 0, 2, 0, 0, 0, 0, 0, 1, 0, 1, 0, 1, 1, 0, 2, 0, 0, 0, 0, 0, 0, 0, 2, 0, 0, 1, 0, 0, 1, 0, 0, 3, 0, 0, 1, 2, 0, 0, 0, 0, 0, 3, 1, 0, 0, 2, 1, 3, 1, 0, 0, 0, 0],908.8272556494078,49235.066718390466,107289.32240407266,false
34,G3_TWC,G3_TWC,[31, 22, 82, 15, 26, 58, 95, 42, 77, 12, 47, 5, 93, 78, 98, 54, 85, 63, 18, 44, 20, 35, 43, 97, 91, 76, 10, 30, 21, 45, 71, 64, 1, 23, 17, 83, 24, 14, 60, 36, 6, 57, 94, 88, 65, 56, 79, 40, 67, 68, 46, 75, 38, 9, 19, 32, 81, 41, 27, 62, 87, 90, 99, 59, 11, 16, 72, 73, 70, 39, 37, 84, 3, 92, 25, 55, 28, 29, 51, 7, 33, 61, 86, 48, 89, 50, 66, 96, 53, 80, 4, 8, 34, 49, 52, 0, 13, 2, 69, 74]|[1, 1, 0, 1, 1, 1, 2, 1, 2, 1, 2, 2, 2, 1, 1, 0, 0, 1, 0, 2, 2, 0, 1, 2, 0, 1, 2, 2, 0, 0, 1, 2, 1, 2, 1, 0, 2, 0, 1, 1, 0, 1, 1, 1, 0, 2, 1, 1, 0, 0, 0, 0, 1, 1, 2, 1, 2, 0, 0, 0, 2, 1, 0, 1, 2, 1, 2, 1, 1, 1, 1, 1, 2, 0, 1, 1, 0, 0, 0, 1, 2, 1, 0, 0, 1, 0, 0, 0, 0, 0, 0, 1, 2, 0, 1, 0, 0, 0, 1, 2]|[4, 3, 2, 2, 0, 0, 2, 2, 2, 4, 1, 1, 2, 4, 4, 1, 1, 4, 2, 1, 1, 1, 1, 2, 1, 2, 1, 1, 1, 1, 3, 2, 3, 0, 4, 0, 1, 1, 0, 3, 2, 2, 4, 0, 1, 1, 0, 2, 0, 1, 2, 2, 1, 4, 0, 3, 2, 1, 1, 2, 1, 3, 1, 1, 1, 3, 0, 4, 3, 1, 4, 1, 1, 2, 4, 4, 2, 1, 1, 3, 1, 3, 1, 1, 1, 1, 1, 1, 2, 1, 2, 3, 1, 1, 1, 2, 2, 2, 3, 1]|[0, 2, 1, 1, 3, 3, 0, 1, 0, 0, 0, 0, 1, 0, 1, 0, 0, 3, 1, 0, 0, 0, 3, 1, 0, 2, 0, 0, 0, 1, 0, 0, 0, 0, 3, 0, 1, 0, 0, 2, 1, 1, 2, 0, 0, 0, 0, 1, 1, 0, 0, 0, 1, 3, 0, 0, 1, 0, 0, 1, 0, 2, 0, 1, 0, 2, 1, 0, 0, 1, 1, 3, 0, 1, 3, 3, 1, 0, 0, 2, 0, 0, 0, 0, 1, 0, 0, 0, 1, 0, 1, 2, 0, 1, 1, 0, 0, 0, 0, 0],805.5394456933803,58046.77716663049,89050.44506242599,false
34,G1_CMAX,G4_BALANCED,[31, 22, 82, 15, 26, 99, 95, 42, 77, 12, 47, 5, 93, 78, 86, 54, 21, 63, 18, 44, 20, 35, 43, 97, 91, 76, 10, 30, 85, 45, 71, 64, 1, 23, 17, 83, 24, 14, 60, 36, 6, 57, 94, 88, 65, 56, 79, 40, 67, 68, 46, 75, 38, 9, 19, 32, 41, 81, 27, 87, 90, 58, 59, 53, 16, 72, 73, 70, 39, 37, 84, 3, 92, 25, 55, 48, 62, 29, 51, 96, 33, 61, 98, 28, 89, 50, 4, 7, 11, 80, 8, 66, 34, 49, 52, 0, 74, 69, 2, 13]|[2, 1, 0, 1, 1, 0, 1, 1, 2, 1, 2, 2, 2, 1, 1, 0, 0, 1, 0, 2, 2, 0, 1, 2, 0, 1, 2, 2, 0, 0, 1, 2, 1, 2, 1, 0, 2, 0, 1, 1, 0, 1, 1, 1, 0, 2, 1, 1, 0, 0, 0, 0, 1, 1, 2, 1, 0, 2, 0, 2, 1, 0, 1, 0, 1, 2, 1, 1, 1, 1, 1, 1, 0, 1, 2, 0, 0, 0, 0, 2, 2, 1, 2, 0, 1, 0, 1, 2, 0, 0, 0, 2, 2, 0, 1, 0, 2, 1, 0, 0]|[1, 3, 2, 2, 4, 1, 2, 3, 2, 4, 1, 1, 2, 4, 4, 1, 1, 4, 2, 1, 1, 1, 1, 2, 1, 2, 1, 1, 2, 1, 3, 2, 3, 1, 4, 0, 1, 1, 0, 3, 2, 2, 4, 0, 1, 1, 0, 2, 0, 1, 2, 2, 1, 4, 0, 3, 1, 1, 1, 1, 3, 1, 1, 2, 3, 0, 4, 3, 1, 4, 1, 1, 2, 4, 1, 1, 2, 1, 1, 1, 1, 3, 1, 2, 1, 1, 4, 1, 2, 1, 1, 1, 1, 1, 1, 2, 1, 4, 2, 2]|[0, 2, 1, 1, 3, 0, 1, 3, 0, 0, 0, 0, 1, 0, 1, 0, 0, 3, 1, 0, 0, 0, 3, 1, 0, 2, 0, 0, 0, 1, 0, 0, 0, 0, 3, 0, 1, 0, 0, 2, 1, 1, 2, 0, 0, 0, 0, 1, 1, 0, 0, 0, 1, 3, 0, 0, 0, 0, 0, 0, 2, 0, 1, 1, 2, 1, 0, 0, 1, 1, 3, 1, 1, 3, 0, 0, 1, 0, 0, 0, 0, 0, 0, 1, 1, 0, 0, 0, 1, 0, 0, 0, 0, 1, 1, 0, 0, 2, 0, 0],777.9061139310588,56340.33150500855,91121.00473790581,true
34,G4_BALANCED,G4_BALANCED,[31, 11, 82, 15, 26, 9, 95, 42, 77, 68, 47, 5, 93, 78, 86, 54, 85, 63, 76, 44, 20, 49, 36, 14, 74, 50, 53, 25, 21, 28, 71, 64, 3, 23, 30, 83, 24, 41, 60, 52, 65, 27, 90, 70, 39, 87, 48, 69, 99, 4, 46, 1, 13, 58, 97, 59, 33, 8, 73, 37, 35, 79, 22, 66, 18, 32, 40, 80, 96, 6, 16, 61, 45, 7, 57, 34, 12, 67, 10, 98, 56, 88, 29, 75, 91, 38, 19, 92, 43, 84, 2, 72, 81, 17, 51, 55, 0, 89, 94, 62]|[2, 1, 2, 1, 1, 2, 1, 1, 1, 1, 1, 0, 2, 2, 1, 2, 0, 0, 0, 2, 2, 1, 0, 2, 0, 2, 2, 1, 0, 1, 1, 1, 0, 0, 1, 0, 2, 1, 2, 2, 0, 0, 1, 1, 0, 2, 0, 2, 1, 0, 0, 2, 0, 0, 2, 0, 1, 1, 0, 0, 2, 1, 0, 2, 2, 0, 2, 2, 0, 1, 2, 1, 1, 2, 0, 1, 1, 1, 1, 2, 2, 1, 1, 0, 1, 0, 1, 0, 1, 0, 2, 1, 1, 1, 1, 0, 0, 1, 2, 1]|[0, 3, 0, 2, 4, 1, 4, 4, 2, 4, 3, 2, 1, 0, 2, 1, 1, 1, 2, 1, 1, 3, 0, 1, 0, 1, 1, 4, 1, 4, 3, 2, 2, 0, 4, 1, 1, 4, 0, 1, 2, 1, 4, 4, 1, 1, 0, 2, 3, 1, 2, 1, 2, 1, 1, 2, 4, 3, 0, 2, 2, 3, 1, 0, 1, 2, 0, 1, 2, 4, 1, 3, 4, 1, 2, 4, 3, 3, 3, 1, 1, 4, 3, 2, 3, 2, 4, 2, 4, 2, 1, 4, 1, 4, 3, 2, 2, 4, 1, 3]|[0, 2, 0, 1, 3, 0, 1, 3, 0, 0, 2, 0, 1, 0, 1, 0, 0, 0, 1, 0, 0, 2, 0, 0, 1, 0, 0, 3, 0, 1, 0, 2, 0, 1, 3, 0, 1, 3, 1, 0, 0, 0, 1, 3, 0, 0, 1, 0, 2, 0, 0, 0, 0, 0, 1, 0, 1, 0, 1, 1, 0, 2, 0, 0, 0, 0, 0, 0, 0, 2, 0, 0, 1, 0, 0, 1, 0, 0, 3, 0, 0, 1, 0, 0, 0, 0, 3, 0, 2, 0, 0, 2, 1, 3, 0, 0, 0, 1, 0, 0],848.1161249092097,51934.83458349109,107480.51805341724,false
34,G2_TEC,G2_TEC,[31, 22, 82, 15, 26, 9, 95, 42, 77, 68, 47, 5, 93, 78, 86, 54, 85, 63, 18, 44, 20, 49, 36, 14, 74, 50, 53, 17, 21, 28, 11, 64, 3, 23, 30, 83, 24, 41, 40, 52, 65, 27, 90, 70, 39, 87, 48, 69, 99, 4, 75, 1, 13, 58, 97, 59, 45, 8, 73, 37, 35, 79, 71, 66, 76, 32, 60, 80, 56, 6, 67, 61, 33, 7, 57, 34, 12, 16, 10, 98, 96, 88, 43, 46, 91, 38, 84, 92, 29, 19, 51, 55, 81, 89, 25, 72, 94, 2, 0, 62]|[2, 1, 2, 1, 1, 2, 1, 1, 1, 1, 1, 0, 2, 2, 1, 2, 0, 0, 0, 2, 2, 1, 0, 2, 0, 2, 2, 1, 0, 1, 1, 1, 0, 0, 1, 0, 2, 1, 2, 2, 0, 0, 1, 1, 0, 2, 0, 2, 1, 0, 0, 2, 0, 0, 2, 0, 1, 1, 0, 0, 2, 1, 1, 2, 2, 0, 2, 2, 2, 1, 2, 1, 1, 2, 0, 1, 1, 2, 1, 2, 0, 1, 1, 0, 1, 0, 0, 0, 1, 1, 1, 0, 1, 1, 1, 1, 2, 2, 0, 1]|[0, 3, 0, 3, 4, 1, 4, 4, 2, 4, 3, 2, 1, 0, 2, 1, 1, 1, 2, 1, 1, 3, 0, 1, 0, 1, 1, 4, 1, 4, 3, 2, 2, 0, 4, 1, 1, 4, 1, 1, 2, 1, 4, 4, 1, 1, 0, 2, 3, 2, 2, 1, 2, 1, 1, 2, 4, 3, 0, 2, 2, 3, 3, 1, 1, 2, 1, 1, 1, 4, 1, 3, 4, 1, 2, 4, 3, 1, 3, 1, 2, 4, 4, 2, 3, 2, 2, 2, 3, 4, 3, 2, 4, 4, 4, 4, 1, 1, 2, 3]|[0, 2, 0, 0, 3, 0, 1, 3, 0, 0, 2, 0, 1, 0, 1, 0, 0, 0, 1, 0, 0, 2, 0, 0, 1, 0, 0, 3, 0, 1, 0, 2, 0, 0, 3, 0, 1, 1, 0, 0, 0, 0, 1, 3, 0, 0, 1, 0, 2, 0, 0, 0, 0, 0, 1, 0, 1, 0, 1, 1, 0, 2, 0, 0, 0, 0, 0, 0, 0, 2, 0, 0, 1, 0, 0, 1, 0, 0, 3, 0, 0, 1, 2, 0, 0, 0, 0, 0, 3, 1, 0, 0, 2, 1, 3, 1, 0, 0, 0, 0],908.8272556494078,49235.066718390466,107289.32240407266,false
34,G3_TWC,G3_TWC,[31, 22, 82, 15, 26, 58, 95, 42, 77, 12, 47, 5, 93, 78, 98, 54, 85, 63, 18, 44, 20, 35, 43, 97, 91, 76, 10, 30, 21, 45, 71, 64, 1, 23, 17, 83, 24, 14, 60, 36, 6, 57, 94, 88, 65, 56, 79, 40, 67, 68, 46, 75, 38, 9, 19, 32, 81, 41, 27, 62, 87, 90, 99, 59, 11, 16, 72, 73, 70, 39, 37, 84, 3, 92, 25, 55, 28, 29, 51, 7, 33, 61, 86, 48, 89, 50, 66, 96, 53, 80, 4, 8, 34, 49, 52, 0, 13, 2, 69, 74]|[1, 1, 0, 1, 1, 1, 2, 1, 2, 1, 2, 2, 2, 1, 1, 0, 0, 1, 0, 2, 2, 0, 1, 2, 0, 1, 2, 2, 0, 0, 1, 2, 1, 2, 1, 0, 2, 0, 1, 1, 0, 1, 1, 1, 0, 2, 1, 1, 0, 0, 0, 0, 1, 1, 2, 1, 2, 0, 0, 0, 2, 1, 0, 1, 2, 1, 2, 1, 1, 1, 1, 1, 2, 0, 1, 1, 0, 0, 0, 1, 2, 1, 0, 0, 1, 0, 0, 0, 0, 0, 0, 1, 2, 0, 1, 0, 0, 0, 1, 2]|[4, 3, 2, 2, 0, 0, 2, 2, 2, 4, 1, 1, 2, 4, 4, 1, 1, 4, 2, 1, 1, 1, 1, 2, 1, 2, 1, 1, 1, 1, 3, 2, 3, 0, 4, 0, 1, 1, 0, 3, 2, 2, 4, 0, 1, 1, 0, 2, 0, 1, 2, 2, 1, 4, 0, 3, 2, 1, 1, 2, 1, 3, 1, 1, 1, 3, 0, 4, 3, 1, 4, 1, 1, 2, 4, 4, 2, 1, 1, 3, 1, 3, 1, 1, 1, 1, 1, 1, 2, 1, 2, 3, 1, 1, 1, 2, 2, 2, 3, 1]|[0, 2, 1, 1, 3, 3, 0, 1, 0, 0, 0, 0, 1, 0, 1, 0, 0, 3, 1, 0, 0, 0, 3, 1, 0, 2, 0, 0, 0, 1, 0, 0, 0, 0, 3, 0, 1, 0, 0, 2, 1, 1, 2, 0, 0, 0, 0, 1, 1, 0, 0, 0, 1, 3, 0, 0, 1, 0, 0, 1, 0, 2, 0, 1, 0, 2, 1, 0, 0, 1, 1, 3, 0, 1, 3, 3, 1, 0, 0, 2, 0, 0, 0, 0, 1, 0, 0, 0, 1, 0, 1, 2, 0, 1, 1, 0, 0, 0, 0, 0],805.5394456933803,58046.77716663049,89050.44506242599,false
34,G1_CMAX,G4_BALANCED,[31, 22, 82, 15, 26, 9, 95, 42, 77, 68, 47, 5, 93, 78, 86, 54, 85, 63, 18, 44, 20, 49, 36, 14, 74, 50, 53, 17, 21, 28, 11, 64, 3, 23, 30, 83, 24, 41, 40, 52, 65, 27, 90, 70, 39, 87, 48, 69, 99, 4, 46, 1, 13, 58, 19, 59, 45, 8, 73, 37, 35, 79, 71, 66, 76, 32, 60, 80, 96, 6, 16, 61, 33, 7, 91, 34, 12, 67, 10, 98, 56, 88, 43, 75, 57, 38, 84, 92, 29, 97, 51, 72, 89, 25, 2, 81, 94, 55, 62, 0]|[2, 1, 2, 1, 1, 0, 1, 1, 1, 1, 1, 0, 2, 2, 1, 2, 0, 0, 0, 2, 2, 1, 0, 2, 0, 2, 2, 1, 0, 1, 1, 1, 0, 0, 1, 0, 2, 1, 2, 2, 0, 0, 1, 1, 0, 2, 0, 2, 1, 0, 0, 2, 0, 0, 2, 0, 1, 1, 0, 0, 2, 1, 1, 2, 2, 2, 2, 2, 0, 1, 2, 1, 1, 2, 1, 1, 1, 2, 1, 2, 0, 1, 1, 0, 1, 0, 0, 0, 1, 1, 1, 1, 1, 1, 2, 1, 2, 0, 1, 0]|[0, 3, 0, 3, 4, 1, 4, 4, 2, 4, 3, 2, 1, 0, 2, 1, 1, 1, 2, 1, 1, 3, 0, 1, 0, 1, 1, 4, 1, 4, 3, 2, 2, 0, 4, 1, 1, 4, 1, 1, 2, 1, 4, 4, 1, 1, 0, 2, 3, 2, 2, 1, 2, 1, 1, 2, 4, 3, 0, 2, 2, 3, 3, 1, 1, 1, 1, 1, 2, 4, 1, 3, 4, 1, 3, 4, 3, 1, 3, 1, 2, 4, 4, 2, 3, 2, 2, 2, 3, 4, 3, 4, 4, 4, 1, 4, 1, 2, 3, 2]|[0, 2, 0, 0, 3, 0, 1, 3, 0, 0, 2, 0, 1, 0, 1, 0, 0, 0, 1, 0, 0, 2, 0, 0, 1, 0, 0, 3, 0, 1, 0, 2, 0, 0, 3, 0, 1, 1, 0, 0, 0, 0, 1, 3, 0, 0, 1, 0, 2, 0, 0, 0, 0, 1, 1, 0, 1, 0, 1, 1, 0, 2, 0, 0, 0, 0, 0, 0, 0, 2, 0, 0, 1, 0, 0, 1, 0, 0, 3, 0, 0, 1, 2, 0, 0, 0, 0, 0, 3, 1, 0, 1, 1, 3, 0, 2, 0, 0, 0, 0],874.0463242045801,50256.93690266644,104172.74105790711,true
34,G4_BALANCED,G4_BALANCED,[31, 11, 15, 82, 26, 9, 95, 32, 77, 68, 47, 5, 93, 78, 86, 54, 85, 63, 18, 44, 20, 49, 43, 97, 91, 76, 10, 30, 21, 45, 71, 64, 1, 23, 17, 83, 24, 14, 60, 36, 6, 57, 40, 88, 65, 56, 79, 94, 67, 12, 46, 75, 38, 58, 19, 42, 41, 81, 27, 87, 62, 90, 99, 59, 22, 16, 73, 70, 39, 37, 84, 96, 92, 25, 55, 48, 72, 29, 51, 3, 33, 61, 98, 28, 89, 50, 4, 7, 53, 34, 8, 66, 80, 35, 52, 0, 74, 69, 2, 13]|[1, 1, 1, 1, 1, 0, 2, 1, 2, 1, 2, 2, 2, 1, 1, 0, 0, 1, 0, 2, 2, 0, 1, 2, 1, 1, 2, 2, 0, 0, 1, 2, 1, 2, 1, 0, 2, 2, 1, 1, 0, 0, 1, 1, 0, 2, 1, 1, 0, 0, 0, 0, 1, 1, 2, 0, 0, 2, 0, 2, 2, 1, 0, 2, 1, 1, 1, 1, 1, 1, 1, 2, 0, 1, 2, 0, 2, 0, 0, 1, 2, 1, 2, 0, 1, 0, 0, 2, 0, 2, 1, 2, 0, 0, 1, 0, 2, 1, 0, 0]|[4, 3, 2, 2, 4, 1, 2, 3, 2, 4, 1, 1, 1, 4, 4, 1, 1, 4, 2, 1, 1, 1, 1, 2, 3, 2, 1, 1, 1, 1, 3, 2, 3, 1, 4, 0, 1, 1, 0, 3, 2, 2, 2, 0, 1, 1, 0, 4, 0, 1, 2, 2, 1, 4, 0, 2, 1, 1, 1, 1, 1, 3, 1, 1, 3, 3, 4, 3, 1, 4, 1, 1, 2, 4, 1, 1, 0, 1, 1, 1, 1, 3, 1, 2, 1, 1, 2, 1, 2, 1, 3, 1, 1, 1, 1, 2, 1, 3, 2, 2]|[0, 2, 1, 1, 3, 0, 0, 3, 0, 0, 0, 0, 1, 0, 1, 0, 0, 3, 1, 0, 0, 0, 3, 1, 0, 2, 0, 0, 0, 1, 0, 0, 0, 0, 3, 0, 1, 0, 0, 2, 1, 0, 1, 0, 0, 0, 0, 2, 1, 0, 0, 0, 1, 3, 0, 0, 0, 0, 0, 0, 0, 2, 0, 0, 2, 2, 0, 0, 1, 1, 3, 0, 1, 3, 0, 0, 1, 0, 0, 1, 0, 0, 0, 1, 1, 0, 1, 0, 1, 0, 2, 0, 0, 1, 1, 0, 0, 0, 0, 0],878.3454608100918,54857.19736515801,101880.11170489757,false
34,G2_TEC,G2_TEC,[31, 22, 82, 15, 26, 9, 95, 42, 77, 68, 47, 5, 93, 78, 86, 54, 85, 63, 18, 44, 20, 49, 36, 14, 74, 50, 53, 17, 21, 28, 11, 64, 3, 23, 30, 83, 24, 41, 40, 52, 65, 27, 90, 70, 39, 87, 48, 69, 99, 4, 75, 1, 13, 58, 97, 59, 45, 8, 73, 37, 35, 79, 71, 66, 76, 32, 60, 80, 56, 6, 67, 61, 33, 7, 57, 34, 12, 16, 10, 98, 96, 88, 43, 46, 91, 38, 84, 92, 29, 19, 51, 55, 81, 89, 25, 72, 94, 2, 0, 62]|[2, 1, 2, 1, 1, 2, 1, 1, 1, 1, 1, 0, 2, 2, 1, 2, 0, 0, 0, 2, 2, 1, 0, 2, 0, 2, 2, 1, 0, 1, 1, 1, 0, 0, 1, 0, 2, 1, 2, 2, 0, 0, 1, 1, 0, 2, 0, 2, 1, 0, 0, 2, 0, 0, 2, 0, 1, 1, 0, 0, 2, 1, 1, 2, 2, 0, 2, 2, 2, 1, 2, 1, 1, 2, 0, 1, 1, 2, 1, 2, 0, 1, 1, 0, 1, 0, 0, 0, 1, 1, 1, 0, 1, 1, 1, 1, 2, 2, 0, 1]|[0, 3, 0, 3, 4, 1, 4, 4, 2, 4, 3, 2, 1, 0, 2, 1, 1, 1, 2, 1, 1, 3, 0, 1, 0, 1, 1, 4, 1, 4, 3, 2, 2, 0, 4, 1, 1, 4, 1, 1, 2, 1, 4, 4, 1, 1, 0, 2, 3, 2, 2, 1, 2, 1, 1, 2, 4, 3, 0, 2, 2, 3, 3, 1, 1, 2, 1, 1, 1, 4, 1, 3, 4, 1, 2, 4, 3, 1, 3, 1, 2, 4, 4, 2, 3, 2, 2, 2, 3, 4, 3, 2, 4, 4, 4, 4, 1, 1, 2, 3]|[0, 2, 0, 0, 3, 0, 1, 3, 0, 0, 2, 0, 1, 0, 1, 0, 0, 0, 1, 0, 0, 2, 0, 0, 1, 0, 0, 3, 0, 1, 0, 2, 0, 0, 3, 0, 1, 1, 0, 0, 0, 0, 1, 3, 0, 0, 1, 0, 2, 0, 0, 0, 0, 0, 1, 0, 1, 0, 1, 1, 0, 2, 0, 0, 0, 0, 0, 0, 0, 2, 0, 0, 1, 0, 0, 1, 0, 0, 3, 0, 0, 1, 2, 0, 0, 0, 0, 0, 3, 1, 0, 0, 2, 1, 3, 1, 0, 0, 0, 0],908.8272556494078,49235.066718390466,107289.32240407266,false
34,G3_TWC,G3_TWC,[31, 22, 82, 15, 26, 58, 95, 42, 77, 12, 47, 5, 93, 78, 98, 54, 85, 63, 18, 44, 20, 35, 43, 97, 91, 76, 10, 30, 21, 45, 71, 64, 1, 23, 17, 83, 24, 14, 60, 36, 6, 57, 94, 88, 65, 56, 79, 40, 67, 68, 46, 75, 38, 9, 19, 32, 81, 41, 27, 62, 87, 90, 99, 59, 11, 16, 72, 73, 70, 39, 37, 84, 3, 92, 25, 55, 28, 29, 51, 7, 33, 61, 86, 48, 89, 50, 66, 96, 53, 80, 4, 8, 34, 49, 52, 0, 13, 2, 69, 74]|[1, 1, 0, 1, 1, 1, 2, 1, 2, 1, 2, 2, 2, 1, 1, 0, 0, 1, 0, 2, 2, 0, 1, 2, 0, 1, 2, 2, 0, 0, 1, 2, 1, 2, 1, 0, 2, 0, 1, 1, 0, 1, 1, 1, 0, 2, 1, 1, 0, 0, 0, 0, 1, 1, 2, 1, 2, 0, 0, 0, 2, 1, 0, 1, 2, 1, 2, 1, 1, 1, 1, 1, 2, 0, 1, 1, 0, 0, 0, 1, 2, 1, 0, 0, 1, 0, 0, 0, 0, 0, 0, 1, 2, 0, 1, 0, 0, 0, 1, 2]|[4, 3, 2, 2, 0, 0, 2, 2, 2, 4, 1, 1, 2, 4, 4, 1, 1, 4, 2, 1, 1, 1, 1, 2, 1, 2, 1, 1, 1, 1, 3, 2, 3, 0, 4, 0, 1, 1, 0, 3, 2, 2, 4, 0, 1, 1, 0, 2, 0, 1, 2, 2, 1, 4, 0, 3, 2, 1, 1, 2, 1, 3, 1, 1, 1, 3, 0, 4, 3, 1, 4, 1, 1, 2, 4, 4, 2, 1, 1, 3, 1, 3, 1, 1, 1, 1, 1, 1, 2, 1, 2, 3, 1, 1, 1, 2, 2, 2, 3, 1]|[0, 2, 1, 1, 3, 3, 0, 1, 0, 0, 0, 0, 1, 0, 1, 0, 0, 3, 1, 0, 0, 0, 3, 1, 0, 2, 0, 0, 0, 1, 0, 0, 0, 0, 3, 0, 1, 0, 0, 2, 1, 1, 2, 0, 0, 0, 0, 1, 1, 0, 0, 0, 1, 3, 0, 0, 1, 0, 0, 1, 0, 2, 0, 1, 0, 2, 1, 0, 0, 1, 1, 3, 0, 1, 3, 3, 1, 0, 0, 2, 0, 0, 0, 0, 1, 0, 0, 0, 1, 0, 1, 2, 0, 1, 1, 0, 0, 0, 0, 0],805.5394456933803,58046.77716663049,89050.44506242599,false
34,G1_CMAX,G3_TWC,[31, 22, 82, 15, 26, 58, 95, 42, 77, 12, 47, 5, 93, 78, 98, 54, 85, 63, 18, 44, 20, 35, 43, 97, 91, 76, 10, 45, 21, 30, 71, 64, 1, 23, 17, 83, 24, 14, 60, 36, 6, 57, 94, 88, 65, 56, 79, 40, 67, 68, 46, 75, 38, 9, 19, 32, 81, 41, 27, 62, 87, 90, 99, 59, 11, 16, 72, 73, 70, 39, 37, 84, 3, 92, 25, 55, 28, 29, 51, 7, 33, 61, 86, 66, 89, 50, 48, 96, 53, 8, 4, 80, 34, 49, 52, 2, 13, 0, 69, 74]|[1, 1, 0, 1, 1, 1, 2, 1, 2, 1, 2, 2, 2, 1, 1, 0, 0, 1, 0, 2, 2, 0, 1, 2, 0, 1, 2, 2, 0, 0, 1, 2, 1, 2, 1, 0, 2, 0, 1, 1, 0, 1, 1, 1, 0, 2, 1, 1, 0, 0, 0, 0, 1, 1, 2, 1, 2, 0, 0, 0, 2, 1, 0, 1, 2, 1, 2, 1, 1, 1, 1, 1, 1, 0, 1, 1, 0, 0, 0, 1, 2, 1, 0, 2, 1, 0, 0, 0, 0, 1, 0, 0, 2, 0, 1, 0, 0, 0, 1, 2]|[4, 3, 2, 2, 0, 0, 2, 2, 2, 4, 1, 1, 2, 4, 4, 1, 1, 4, 2, 1, 1, 1, 1, 2, 1, 2, 1, 1, 1, 1, 3, 2, 3, 0, 4, 0, 1, 1, 0, 3, 2, 2, 4, 0, 1, 1, 0, 2, 0, 1, 2, 2, 1, 4, 0, 3, 2, 1, 1, 2, 1, 3, 1, 1, 1, 3, 0, 4, 3, 1, 4, 1, 1, 2, 4, 4, 2, 1, 1, 3, 1, 3, 1, 1, 1, 1, 1, 1, 2, 3, 2, 1, 1, 1, 1, 2, 2, 2, 3, 1]|[0, 2, 1, 1, 3, 3, 0, 1, 0, 0, 0, 0, 1, 0, 1, 0, 0, 3, 1, 0, 0, 0, 3, 1, 0, 2, 0, 0, 0, 1, 0, 0, 0, 0, 3, 0, 1, 0, 0, 2, 1, 1, 2, 0, 0, 0, 0, 1, 1, 0, 0, 0, 1, 3, 0, 0, 1, 0, 0, 1, 0, 2, 0, 1, 0, 2, 1, 0, 0, 1, 1, 3, 1, 1, 3, 3, 1, 0, 0, 2, 0, 0, 0, 0, 1, 0, 0, 0, 1, 2, 1, 0, 0, 1, 1, 0, 0, 0, 0, 0],781.2159025751537,57799.745119009436,89449.0153167881,true
34,G4_BALANCED,G2_TEC,[31, 22, 82, 15, 26, 9, 95, 42, 77, 68, 47, 5, 93, 78, 86, 54, 85, 63, 18, 44, 20, 49, 36, 14, 74, 50, 53, 17, 21, 28, 11, 64, 3, 23, 30, 83, 24, 41, 40, 52, 65, 27, 90, 70, 39, 87, 48, 69, 99, 4, 75, 1, 13, 58, 97, 59, 45, 8, 73, 37, 35, 79, 71, 66, 76, 32, 60, 80, 96, 6, 67, 61, 33, 7, 57, 34, 12, 16, 10, 98, 56, 88, 43, 46, 91, 38, 19, 92, 29, 84, 51, 72, 55, 89, 25, 81, 94, 2, 0, 62]|[2, 1, 2, 1, 1, 2, 1, 1, 1, 1, 1, 0, 2, 2, 1, 2, 0, 0, 0, 2, 2, 1, 0, 2, 0, 2, 2, 1, 0, 1, 1, 1, 0, 0, 1, 0, 2, 1, 2, 2, 0, 0, 1, 1, 0, 2, 0, 2, 1, 0, 0, 2, 0, 0, 2, 0, 1, 1, 0, 0, 2, 1, 1, 2, 2, 0, 2, 2, 0, 1, 2, 1, 1, 2, 0, 1, 1, 2, 1, 2, 0, 1, 1, 0, 1, 0, 0, 0, 1, 0, 1, 1, 0, 1, 1, 1, 2, 2, 0, 1]|[0, 3, 0, 3, 4, 1, 4, 4, 2, 4, 3, 2, 1, 0, 2, 1, 1, 1, 2, 1, 1, 3, 2, 1, 0, 1, 1, 4, 1, 4, 3, 2, 2, 0, 4, 1, 1, 4, 1, 1, 2, 1, 4, 4, 1, 1, 0, 2, 3, 2, 2, 1, 2, 1, 1, 2, 4, 3, 0, 2, 2, 3, 3, 1, 1, 2, 1, 1, 2, 4, 1, 3, 4, 1, 2, 4, 3, 1, 3, 1, 2, 4, 4, 2, 3, 2, 2, 2, 3, 2, 3, 4, 2, 4, 4, 4, 1, 1, 2, 3]|[0, 2, 0, 0, 3, 0, 1, 3, 0, 0, 2, 0, 1, 0, 1, 0, 0, 0, 1, 0, 0, 2, 0, 0, 1, 0, 0, 3, 0, 1, 0, 2, 0, 0, 3, 0, 1, 1, 0, 0, 0, 0, 1, 3, 0, 0, 1, 0, 2, 0, 0, 0, 0, 0, 1, 0, 1, 0, 1, 1, 0, 2, 0, 0, 0, 0, 0, 0, 0, 2, 0, 0, 1, 0, 0, 1, 0, 0, 3, 0, 0, 1, 2, 0, 0, 0, 0, 0, 3, 0, 0, 1, 0, 1, 3, 2, 0, 0, 0, 0],900.9684775469341,49581.290949617,105377.38935736836,true
34,G2_TEC,G2_TEC,[31, 22, 82, 15, 26, 9, 95, 42, 77, 68, 47, 5, 93, 78, 86, 54, 85, 63, 18, 44, 20, 49, 36, 14, 74, 50, 53, 17, 21, 28, 11, 64, 3, 23, 30, 83, 24, 41, 40, 52, 65, 27, 90, 70, 39, 87, 48, 69, 99, 4, 75, 1, 13, 58, 97, 59, 45, 8, 73, 37, 35, 79, 71, 66, 76, 32, 60, 80, 56, 6, 67, 61, 33, 7, 57, 34, 12, 16, 10, 98, 96, 88, 43, 46, 91, 38, 84, 92, 29, 19, 51, 55, 81, 89, 25, 72, 94, 2, 0, 62]|[2, 1, 2, 1, 1, 2, 1, 1, 1, 1, 1, 0, 2, 2, 1, 2, 0, 0, 0, 2, 2, 1, 0, 2, 0, 2, 2, 1, 0, 1, 1, 1, 0, 0, 1, 0, 2, 1, 2, 2, 0, 0, 1, 1, 0, 2, 0, 2, 1, 0, 0, 2, 0, 0, 2, 0, 1, 1, 0, 0, 2, 1, 1, 2, 2, 0, 2, 2, 2, 1, 2, 1, 1, 2, 0, 1, 1, 2, 1, 2, 0, 1, 1, 0, 1, 0, 0, 0, 1, 1, 1, 0, 1, 1, 1, 1, 2, 2, 0, 1]|[0, 3, 0, 3, 4, 1, 4, 4, 2, 4, 3, 2, 1, 0, 2, 1, 1, 1, 2, 1, 1, 3, 0, 1, 0, 1, 1, 4, 1, 4, 3, 2, 2, 0, 4, 1, 1, 4, 1, 1, 2, 1, 4, 4, 1, 1, 0, 2, 3, 2, 2, 1, 2, 1, 1, 2, 4, 3, 0, 2, 2, 3, 3, 1, 1, 2, 1, 1, 1, 4, 1, 3, 4, 1, 2, 4, 3, 1, 3, 1, 2, 4, 4, 2, 3, 2, 2, 2, 3, 4, 3, 2, 4, 4, 4, 4, 1, 1, 2, 3]|[0, 2, 0, 0, 3, 0, 1, 3, 0, 0, 2, 0, 1, 0, 1, 0, 0, 0, 1, 0, 0, 2, 0, 0, 1, 0, 0, 3, 0, 1, 0, 2, 0, 0, 3, 0, 1, 1, 0, 0, 0, 0, 1, 3, 0, 0, 1, 0, 2, 0, 0, 0, 0, 0, 1, 0, 1, 0, 1, 1, 0, 2, 0, 0, 0, 0, 0, 0, 0, 2, 0, 0, 1, 0, 0, 1, 0, 0, 3, 0, 0, 1, 2, 0, 0, 0, 0, 0, 3, 1, 0, 0, 2, 1, 3, 1, 0, 0, 0, 0],908.8272556494078,49235.066718390466,107289.32240407266,false
34,G3_TWC,G3_TWC,[31, 22, 82, 15, 26, 58, 95, 42, 77, 12, 47, 5, 93, 78, 98, 54, 85, 63, 18, 44, 20, 35, 43, 97, 91, 76, 10, 30, 21, 45, 71, 64, 1, 23, 17, 83, 24, 14, 60, 36, 6, 57, 94, 88, 65, 56, 79, 40, 67, 68, 46, 75, 38, 9, 19, 32, 81, 41, 27, 62, 87, 90, 99, 59, 11, 16, 72, 73, 70, 39, 37, 84, 3, 92, 25, 55, 28, 29, 51, 7, 33, 61, 86, 48, 89, 50, 66, 96, 53, 80, 4, 8, 34, 49, 52, 0, 13, 2, 69, 74]|[1, 1, 0, 1, 1, 1, 2, 1, 2, 1, 2, 2, 2, 1, 1, 0, 0, 1, 0, 2, 2, 0, 1, 2, 0, 1, 2, 2, 0, 0, 1, 2, 1, 2, 1, 0, 2, 0, 1, 1, 0, 1, 1, 1, 0, 2, 1, 1, 0, 0, 0, 0, 1, 1, 2, 1, 2, 0, 0, 0, 2, 1, 0, 1, 2, 1, 2, 1, 1, 1, 1, 1, 2, 0, 1, 1, 0, 0, 0, 1, 2, 1, 0, 0, 1, 0, 0, 0, 0, 0, 0, 1, 2, 0, 1, 0, 0, 0, 1, 2]|[4, 3, 2, 2, 0, 0, 2, 2, 2, 4, 1, 1, 2, 4, 4, 1, 1, 4, 2, 1, 1, 1, 1, 2, 1, 2, 1, 1, 1, 1, 3, 2, 3, 0, 4, 0, 1, 1, 0, 3, 2, 2, 4, 0, 1, 1, 0, 2, 0, 1, 2, 2, 1, 4, 0, 3, 2, 1, 1, 2, 1, 3, 1, 1, 1, 3, 0, 4, 3, 1, 4, 1, 1, 2, 4, 4, 2, 1, 1, 3, 1, 3, 1, 1, 1, 1, 1, 1, 2, 1, 2, 3, 1, 1, 1, 2, 2, 2, 3, 1]|[0, 2, 1, 1, 3, 3, 0, 1, 0, 0, 0, 0, 1, 0, 1, 0, 0, 3, 1, 0, 0, 0, 3, 1, 0, 2, 0, 0, 0, 1, 0, 0, 0, 0, 3, 0, 1, 0, 0, 2, 1, 1, 2, 0, 0, 0, 0, 1, 1, 0, 0, 0, 1, 3, 0, 0, 1, 0, 0, 1, 0, 2, 0, 1, 0, 2, 1, 0, 0, 1, 1, 3, 0, 1, 3, 3, 1, 0, 0, 2, 0, 0, 0, 0, 1, 0, 0, 0, 1, 0, 1, 2, 0, 1, 1, 0, 0, 0, 0, 0],805.5394456933803,58046.77716663049,89050.44506242599,false
34,G1_CMAX,G1_CMAX,[31, 22, 82, 15, 26, 99, 95, 42, 77, 12, 47, 5, 93, 78, 86, 54, 21, 63, 18, 44, 20, 35, 43, 97, 91, 76, 10, 30, 85, 45, 71, 64, 1, 23, 57, 83, 24, 14, 60, 36, 6, 17, 40, 88, 65, 56, 79, 94, 67, 68, 46, 75, 38, 9, 19, 32, 41, 81, 27, 87, 90, 58, 59, 11, 16, 72, 73, 70, 39, 37, 84, 3, 92, 25, 55, 48, 62, 29, 51, 96, 33, 61, 98, 66, 89, 50, 4, 7, 53, 80, 8, 28, 34, 49, 52, 0, 74, 69, 2, 13]|[1, 1, 0, 1, 1, 0, 1, 1, 2, 1, 2, 2, 2, 1, 1, 0, 0, 1, 0, 2, 2, 0, 1, 2, 0, 1, 2, 2, 0, 0, 1, 2, 1, 2, 1, 0, 2, 0, 1, 1, 0, 1, 1, 1, 0, 2, 1, 1, 0, 0, 0, 0, 1, 1, 2, 1, 0, 2, 0, 2, 1, 0, 1, 2, 1, 2, 1, 1, 1, 1, 1, 1, 0, 1, 2, 0, 0, 0, 2, 2, 2, 1, 2, 2, 1, 0, 1, 2, 0, 0, 1, 0, 2, 0, 1, 0, 2, 1, 0, 0]|[0, 3, 2, 2, 4, 1, 2, 3, 2, 4, 1, 1, 2, 4, 4, 1, 1, 4, 2, 1, 1, 1, 1, 2, 1, 2, 1, 1, 2, 1, 3, 2, 3, 1, 4, 0, 1, 1, 0, 3, 2, 2, 2, 0, 1, 1, 0, 4, 0, 1, 2, 2, 1, 4, 0, 3, 1, 1, 1, 1, 3, 1, 1, 1, 3, 0, 4, 3, 1, 4, 1, 1, 2, 4, 1, 1, 2, 1, 2, 1, 1, 3, 1, 1, 1, 1, 4, 1, 2, 1, 3, 2, 1, 1, 1, 2, 1, 4, 2, 2]|[0, 2, 1, 1, 3, 0, 1, 3, 0, 0, 0, 0, 1, 0, 1, 0, 0, 3, 1, 0, 0, 0, 3, 1, 0, 2, 0, 0, 0, 1, 0, 0, 0, 0, 3, 0, 1, 0, 0, 2, 1, 1, 1, 0, 0, 0, 0, 2, 1, 0, 0, 0, 1, 3, 0, 0, 0, 0, 0, 0, 2, 0, 1, 0, 2, 1, 0, 0, 1, 1, 3, 1, 1, 3, 0, 0, 1, 0, 1, 0, 0, 0, 0, 0, 1, 0, 0, 0, 1, 0, 2, 1, 0, 1, 1, 0, 0, 2, 0, 0],726.9061273463456,57092.60052686413,92996.29751897219,false
34,G4_BALANCED,G3_TWC,[31, 22, 82, 15, 26, 58, 95, 42, 77, 12, 47, 5, 93, 78, 98, 54, 85, 63, 18, 44, 20, 35, 43, 97, 91, 76, 10, 30, 21, 45, 71, 64, 1, 23, 17, 83, 24, 14, 60, 36, 6, 57, 94, 88, 65, 56, 79, 40, 67, 68, 46, 75, 38, 9, 19, 32, 81, 41, 27, 62, 87, 90, 99, 59, 11, 16, 72, 73, 70, 39, 37, 84, 3, 92, 25, 55, 28, 29, 51, 7, 33, 61, 48, 0, 89, 50, 4, 96, 53, 8, 80, 66, 34, 49, 52, 2, 13, 86, 69, 74]|[1, 1, 0, 1, 1, 1, 2, 1, 2, 1, 2, 2, 2, 1, 1, 0, 0, 1, 0, 2, 2, 0, 1, 2, 0, 1, 2, 2, 0, 0, 1, 2, 1, 2, 1, 0, 2, 0, 1, 1, 0, 1, 1, 1, 0, 2, 1, 1, 0, 0, 0, 0, 1, 1, 2, 1, 2, 2, 0, 2, 2, 1, 1, 1, 2, 1, 2, 1, 1, 1, 1, 1, 2, 1, 0, 1, 0, 0, 0, 1, 2, 1, 0, 0, 1, 0, 0, 0, 0, 1, 0, 2, 2, 0, 1, 0, 0, 0, 1, 2]|[4, 3, 2, 2, 0, 0, 2, 2, 2, 4, 1, 1, 2, 4, 4, 1, 1, 4, 2, 1, 1, 1, 1, 2, 1, 2, 1, 1, 1, 1, 3, 2, 3, 0, 4, 0, 1, 1, 0, 3, 2, 2, 4, 0, 1, 1, 0, 2, 0, 1, 2, 2, 1, 4, 0, 3, 2, 1, 1, 1, 1, 3, 1, 1, 1, 3, 0, 4, 3, 1, 4, 1, 1, 4, 2, 4, 2, 1, 1, 3, 1, 3, 1, 1, 1, 1, 2, 1, 2, 3, 1, 1, 1, 1, 1, 2, 2, 1, 3, 1]|[0, 2, 1, 1, 3, 3, 0, 1, 0, 0, 0, 0, 1, 0, 1, 0, 0, 3, 1, 0, 0, 0, 3, 1, 0, 2, 0, 0, 0, 1, 0, 0, 0, 0, 3, 0, 1, 0, 0, 2, 1, 1, 2, 0, 0, 0, 0, 1, 1, 0, 0, 0, 1, 3, 0, 0, 1, 0, 0, 0, 0, 2, 1, 1, 0, 2, 1, 0, 0, 1, 1, 3, 0, 3, 1, 3, 1, 0, 0, 2, 0, 0, 0, 0, 1, 0, 1, 0, 1, 2, 0, 0, 0, 1, 1, 0, 0, 0, 0, 0],742.5232538567726,57790.580893456776,91622.06681907018,true
34,G2_TEC,G2_TEC,[31, 22, 82, 15, 26, 9, 95, 42, 77, 68, 47, 5, 93, 78, 86, 54, 85, 63, 18, 44, 20, 49, 36, 14, 74, 50, 53, 17, 21, 28, 11, 64, 3, 23, 30, 83, 24, 41, 40, 52, 65, 27, 90, 70, 39, 87, 48, 69, 99, 4, 75, 1, 13, 58, 97, 59, 45, 8, 73, 37, 35, 79, 71, 66, 76, 32, 60, 80, 56, 6, 67, 61, 33, 7, 57, 34, 12, 16, 10, 98, 96, 88, 43, 46, 91, 38, 84, 92, 29, 19, 51, 55, 81, 89, 25, 72, 94, 2, 0, 62]|[2, 1, 2, 1, 1, 2, 1, 1, 1, 1, 1, 0, 2, 2, 1, 2, 0, 0, 0, 2, 2, 1, 0, 2, 0, 2, 2, 1, 0, 1, 1, 1, 0, 0, 1, 0, 2, 1, 2, 2, 0, 0, 1, 1, 0, 2, 0, 2, 1, 0, 0, 2, 0, 0, 2, 0, 1, 1, 0, 0, 2, 1, 1, 2, 2, 0, 2, 2, 2, 1, 2, 1, 1, 2, 0, 1, 1, 2, 1, 2, 0, 1, 1, 0, 1, 0, 0, 0, 1, 1, 1, 0, 1, 1, 1, 1, 2, 2, 0, 1]|[0, 3, 0, 3, 4, 1, 4, 4, 2, 4, 3, 2, 1, 0, 2, 1, 1, 1, 2, 1, 1, 3, 0, 1, 0, 1, 1, 4, 1, 4, 3, 2, 2, 0, 4, 1, 1, 4, 1, 1, 2, 1, 4, 4, 1, 1, 0, 2, 3, 2, 2, 1, 2, 1, 1, 2, 4, 3, 0, 2, 2, 3, 3, 1, 1, 2, 1, 1, 1, 4, 1, 3, 4, 1, 2, 4, 3, 1, 3, 1, 2, 4, 4, 2, 3, 2, 2, 2, 3, 4, 3, 2, 4, 4, 4, 4, 1, 1, 2, 3]|[0, 2, 0, 0, 3, 0, 1, 3, 0, 0, 2, 0, 1, 0, 1, 0, 0, 0, 1, 0, 0, 2, 0, 0, 1, 0, 0, 3, 0, 1, 0, 2, 0, 0, 3, 0, 1, 1, 0, 0, 0, 0, 1, 3, 0, 0, 1, 0, 2, 0, 0, 0, 0, 0, 1, 0, 1, 0, 1, 1, 0, 2, 0, 0, 0, 0, 0, 0, 0, 2, 0, 0, 1, 0, 0, 1, 0, 0, 3, 0, 0, 1, 2, 0, 0, 0, 0, 0, 3, 1, 0, 0, 2, 1, 3, 1, 0, 0, 0, 0],908.8272556494078,49235.066718390466,107289.32240407266,false
34,G3_TWC,G3_TWC,[31, 22, 82, 15, 26, 58, 95, 42, 77, 12, 47, 5, 93, 78, 98, 54, 85, 63, 18, 44, 20, 35, 43, 97, 91, 76, 10, 30, 21, 45, 71, 64, 1, 23, 17, 83, 24, 14, 60, 36, 6, 57, 94, 88, 65, 56, 79, 40, 67, 68, 46, 75, 38, 9, 19, 32, 81, 41, 27, 62, 87, 90, 99, 59, 11, 16, 72, 73, 70, 39, 37, 84, 3, 92, 25, 55, 28, 29, 51, 7, 33, 61, 86, 48, 89, 50, 66, 96, 53, 80, 4, 8, 34, 49, 52, 0, 13, 2, 69, 74]|[1, 1, 0, 1, 1, 1, 2, 1, 2, 1, 2, 2, 2, 1, 1, 0, 0, 1, 0, 2, 2, 0, 1, 2, 0, 1, 2, 2, 0, 0, 1, 2, 1, 2, 1, 0, 2, 0, 1, 1, 0, 1, 1, 1, 0, 2, 1, 1, 0, 0, 0, 0, 1, 1, 2, 1, 2, 0, 0, 0, 2, 1, 0, 1, 2, 1, 2, 1, 1, 1, 1, 1, 2, 0, 1, 1, 0, 0, 0, 1, 2, 1, 0, 0, 1, 0, 0, 0, 0, 0, 0, 1, 2, 0, 1, 0, 0, 0, 1, 2]|[4, 3, 2, 2, 0, 0, 2, 2, 2, 4, 1, 1, 2, 4, 4, 1, 1, 4, 2, 1, 1, 1, 1, 2, 1, 2, 1, 1, 1, 1, 3, 2, 3, 0, 4, 0, 1, 1, 0, 3, 2, 2, 4, 0, 1, 1, 0, 2, 0, 1, 2, 2, 1, 4, 0, 3, 2, 1, 1, 2, 1, 3, 1, 1, 1, 3, 0, 4, 3, 1, 4, 1, 1, 2, 4, 4, 2, 1, 1, 3, 1, 3, 1, 1, 1, 1, 1, 1, 2, 1, 2, 3, 1, 1, 1, 2, 2, 2, 3, 1]|[0, 2, 1, 1, 3, 3, 0, 1, 0, 0, 0, 0, 1, 0, 1, 0, 0, 3, 1, 0, 0, 0, 3, 1, 0, 2, 0, 0, 0, 1, 0, 0, 0, 0, 3, 0, 1, 0, 0, 2, 1, 1, 2, 0, 0, 0, 0, 1, 1, 0, 0, 0, 1, 3, 0, 0, 1, 0, 0, 1, 0, 2, 0, 1, 0, 2, 1, 0, 0, 1, 1, 3, 0, 1, 3, 3, 1, 0, 0, 2, 0, 0, 0, 0, 1, 0, 0, 0, 1, 0, 1, 2, 0, 1, 1, 0, 0, 0, 0, 0],805.5394456933803,58046.77716663049,89050.44506242599,false
34,G1_CMAX,G4_BALANCED,[31, 11, 82, 15, 26, 9, 95, 42, 77, 68, 47, 5, 93, 78, 86, 54, 85, 63, 18, 44, 20, 49, 36, 14, 74, 50, 53, 17, 21, 45, 71, 64, 3, 23, 30, 83, 24, 41, 60, 52, 65, 27, 90, 70, 39, 87, 48, 69, 99, 4, 46, 1, 13, 58, 97, 59, 28, 75, 73, 37, 35, 79, 22, 66, 76, 32, 40, 80, 96, 6, 61, 16, 33, 7, 57, 34, 12, 67, 10, 98, 56, 88, 29, 8, 91, 38, 19, 92, 0, 84, 51, 72, 81, 89, 25, 55, 94, 2, 43, 62]|[2, 1, 2, 1, 1, 2, 1, 1, 1, 1, 1, 0, 2, 2, 1, 2, 0, 0, 0, 2, 2, 1, 0, 2, 0, 2, 2, 1, 0, 1, 1, 1, 0, 0, 1, 0, 2, 1, 2, 2, 0, 0, 1, 1, 0, 2, 0, 2, 1, 0, 0, 2, 0, 0, 2, 0, 1, 1, 0, 0, 2, 1, 0, 1, 2, 0, 2, 2, 0, 1, 1, 2, 1, 2, 0, 1, 1, 1, 1, 2, 2, 1, 1, 0, 1, 0, 1, 0, 0, 0, 1, 1, 1, 1, 1, 0, 2, 2, 1, 1]|[0, 3, 0, 2, 4, 1, 4, 4, 2, 4, 3, 2, 1, 0, 2, 1, 1, 1, 2, 1, 1, 3, 0, 1, 0, 1, 1, 4, 1, 4, 3, 2, 2, 0, 4, 1, 1, 4, 0, 1, 2, 1, 4, 4, 1, 1, 0, 2, 3, 1, 2, 1, 2, 1, 1, 2, 4, 3, 0, 2, 2, 3, 1, 1, 1, 2, 0, 1, 2, 4, 3, 1, 4, 1, 2, 4, 3, 3, 3, 1, 1, 4, 3, 2, 3, 2, 4, 2, 2, 2, 3, 4, 4, 4, 4, 2, 1, 1, 4, 3]|[0, 2, 0, 1, 3, 0, 1, 3, 0, 0, 2, 0, 1, 0, 1, 0, 0, 0, 1, 0, 0, 2, 0, 0, 1, 0, 0, 3, 0, 1, 0, 2, 0, 1, 3, 0, 1, 3, 0, 0, 0, 0, 1, 3, 0, 0, 1, 0, 2, 0, 0, 0, 0, 0, 1, 0, 1, 0, 1, 1, 0, 2, 0, 2, 0, 0, 0, 0, 0, 2, 0, 0, 1, 0, 0, 1, 0, 0, 3, 0, 0, 1, 0, 0, 0, 0, 3, 0, 0, 0, 0, 2, 1, 1, 3, 0, 0, 0, 2, 0],851.3950062933596,51439.941474506384,111583.71672538936,true
34,G4_BALANCED,G2_TEC,[31, 22, 82, 15, 26, 9, 95, 42, 77, 68, 47, 5, 93, 78, 86, 54, 85, 63, 18, 44, 20, 49, 36, 14, 74, 50, 53, 17, 21, 28, 11, 64, 3, 23, 30, 83, 24, 41, 40, 52, 65, 27, 90, 70, 39, 87, 48, 69, 99, 4, 46, 1, 13, 58, 97, 59, 45, 8, 73, 37, 35, 79, 71, 66, 76, 32, 60, 80, 96, 6, 67, 61, 33, 7, 57, 34, 12, 72, 10, 98, 56, 88, 43, 75, 91, 38, 84, 92, 29, 19, 51, 55, 16, 89, 62, 81, 94, 25, 2, 0]|[2, 1, 2, 1, 1, 2, 1, 1, 1, 1, 1, 0, 2, 2, 1, 2, 0, 0, 0, 2, 2, 1, 0, 2, 0, 2, 2, 1, 0, 1, 1, 1, 0, 0, 1, 0, 2, 1, 2, 2, 0, 0, 1, 1, 0, 2, 0, 2, 1, 0, 0, 1, 0, 0, 2, 0, 1, 1, 0, 0, 2, 1, 1, 2, 2, 0, 2, 2, 0, 1, 2, 1, 1, 2, 0, 1, 1, 1, 1, 2, 2, 1, 1, 0, 1, 0, 0, 0, 1, 1, 1, 0, 1, 1, 1, 1, 2, 1, 2, 0]|[0, 3, 0, 3, 4, 1, 4, 4, 2, 4, 3, 2, 1, 0, 2, 1, 1, 1, 2, 1, 1, 3, 0, 1, 0, 1, 1, 4, 1, 4, 3, 2, 2, 0, 4, 1, 1, 4, 1, 1, 2, 1, 4, 4, 1, 1, 0, 2, 3, 2, 2, 4, 2, 1, 1, 2, 4, 3, 0, 2, 2, 3, 3, 1, 1, 2, 1, 1, 2, 4, 1, 3, 4, 1, 2, 4, 3, 4, 3, 1, 1, 4, 4, 2, 3, 2, 2, 2, 3, 4, 3, 2, 3, 4, 3, 4, 1, 4, 1, 2]|[0, 2, 0, 0, 3, 0, 1, 3, 0, 0, 2, 0, 1, 0, 1, 0, 0, 0, 1, 0, 0, 2, 0, 0, 1, 0, 0, 3, 0, 1, 0, 2, 0, 0, 3, 0, 1, 1, 0, 0, 0, 0, 1, 3, 0, 0, 1, 0, 2, 0, 0, 1, 0, 0, 1, 0, 1, 0, 1, 1, 0, 2, 0, 0, 0, 0, 0, 0, 0, 2, 0, 0, 1, 0, 0, 1, 0, 1, 3, 0, 0, 1, 2, 0, 0, 0, 0, 0, 3, 1, 0, 0, 0, 1, 0, 2, 0, 3, 0, 0],882.9438068981488,49724.48195624558,106947.19195034052,true
34,G2_TEC,G2_TEC,[31, 22, 82, 15, 26, 9, 95, 42, 77, 68, 47, 5, 93, 78, 86, 54, 85, 63, 18, 44, 20, 49, 36, 14, 74, 50, 53, 17, 21, 28, 11, 64, 3, 23, 30, 83, 24, 41, 40, 52, 65, 27, 90, 70, 39, 87, 48, 69, 99, 4, 75, 1, 13, 58, 97, 59, 45, 8, 73, 37, 35, 79, 71, 66, 76, 32, 60, 80, 56, 6, 67, 61, 33, 7, 57, 34, 12, 16, 10, 98, 96, 88, 43, 46, 91, 38, 84, 92, 29, 19, 51, 55, 81, 89, 25, 72, 94, 2, 0, 62]|[2, 1, 2, 1, 1, 2, 1, 1, 1, 1, 1, 0, 2, 2, 1, 2, 0, 0, 0, 2, 2, 1, 0, 2, 0, 2, 2, 1, 0, 1, 1, 1, 0, 0, 1, 0, 2, 1, 2, 2, 0, 0, 1, 1, 0, 2, 0, 2, 1, 0, 0, 2, 0, 0, 2, 0, 1, 1, 0, 0, 2, 1, 1, 2, 2, 0, 2, 2, 2, 1, 2, 1, 1, 2, 0, 1, 1, 2, 1, 2, 0, 1, 1, 0, 1, 0, 0, 0, 1, 1, 1, 0, 1, 1, 1, 1, 2, 2, 0, 1]|[0, 3, 0, 3, 4, 1, 4, 4, 2, 4, 3, 2, 1, 0, 2, 1, 1, 1, 2, 1, 1, 3, 0, 1, 0, 1, 1, 4, 1, 4, 3, 2, 2, 0, 4, 1, 1, 4, 1, 1, 2, 1, 4, 4, 1, 1, 0, 2, 3, 2, 2, 1, 2, 1, 1, 2, 4, 3, 0, 2, 2, 3, 3, 1, 1, 2, 1, 1, 1, 4, 1, 3, 4, 1, 2, 4, 3, 1, 3, 1, 2, 4, 4, 2, 3, 2, 2, 2, 3, 4, 3, 2, 4, 4, 4, 4, 1, 1, 2, 3]|[0, 2, 0, 0, 3, 0, 1, 3, 0, 0, 2, 0, 1, 0, 1, 0, 0, 0, 1, 0, 0, 2, 0, 0, 1, 0, 0, 3, 0, 1, 0, 2, 0, 0, 3, 0, 1, 1, 0, 0, 0, 0, 1, 3, 0, 0, 1, 0, 2, 0, 0, 0, 0, 0, 1, 0, 1, 0, 1, 1, 0, 2, 0, 0, 0, 0, 0, 0, 0, 2, 0, 0, 1, 0, 0, 1, 0, 0, 3, 0, 0, 1, 2, 0, 0, 0, 0, 0, 3, 1, 0, 0, 2, 1, 3, 1, 0, 0, 0, 0],908.8272556494078,49235.066718390466,107289.32240407266,false
34,G3_TWC,G3_TWC,[31, 22, 82, 15, 26, 58, 95, 42, 77, 12, 47, 5, 93, 78, 98, 54, 85, 63, 18, 44, 20, 35, 43, 97, 91, 76, 10, 30, 21, 45, 71, 64, 1, 23, 17, 83, 24, 14, 60, 36, 6, 57, 94, 88, 65, 56, 79, 40, 67, 68, 46, 75, 38, 9, 19, 32, 81, 41, 27, 62, 87, 90, 99, 59, 11, 16, 72, 73, 70, 39, 37, 84, 3, 92, 25, 55, 28, 29, 51, 7, 33, 61, 86, 48, 89, 50, 66, 96, 53, 80, 4, 8, 34, 49, 52, 0, 13, 2, 69, 74]|[1, 1, 0, 1, 1, 1, 2, 1, 2, 1, 2, 2, 2, 1, 1, 0, 0, 1, 0, 2, 2, 0, 1, 2, 0, 1, 2, 2, 0, 0, 1, 2, 1, 2, 1, 0, 2, 0, 1, 1, 0, 1, 1, 1, 0, 2, 1, 1, 0, 0, 0, 0, 1, 1, 2, 1, 2, 0, 0, 0, 2, 1, 0, 1, 2, 1, 2, 1, 1, 1, 1, 1, 2, 0, 1, 1, 0, 0, 0, 1, 2, 1, 0, 0, 1, 0, 0, 0, 0, 0, 0, 1, 2, 0, 1, 0, 0, 0, 1, 2]|[4, 3, 2, 2, 0, 0, 2, 2, 2, 4, 1, 1, 2, 4, 4, 1, 1, 4, 2, 1, 1, 1, 1, 2, 1, 2, 1, 1, 1, 1, 3, 2, 3, 0, 4, 0, 1, 1, 0, 3, 2, 2, 4, 0, 1, 1, 0, 2, 0, 1, 2, 2, 1, 4, 0, 3, 2, 1, 1, 2, 1, 3, 1, 1, 1, 3, 0, 4, 3, 1, 4, 1, 1, 2, 4, 4, 2, 1, 1, 3, 1, 3, 1, 1, 1, 1, 1, 1, 2, 1, 2, 3, 1, 1, 1, 2, 2, 2, 3, 1]|[0, 2, 1, 1, 3, 3, 0, 1, 0, 0, 0, 0, 1, 0, 1, 0, 0, 3, 1, 0, 0, 0, 3, 1, 0, 2, 0, 0, 0, 1, 0, 0, 0, 0, 3, 0, 1, 0, 0, 2, 1, 1, 2, 0, 0, 0, 0, 1, 1, 0, 0, 0, 1, 3, 0, 0, 1, 0, 0, 1, 0, 2, 0, 1, 0, 2, 1, 0, 0, 1, 1, 3, 0, 1, 3, 3, 1, 0, 0, 2, 0, 0, 0, 0, 1, 0, 0, 0, 1, 0, 1, 2, 0, 1, 1, 0, 0, 0, 0, 0],805.5394456933803,58046.77716663049,89050.44506242599,false
34,G1_CMAX,G4_BALANCED,[31, 11, 15, 82, 26, 9, 95, 32, 77, 68, 47, 5, 93, 78, 86, 54, 85, 63, 18, 44, 20, 49, 36, 14, 74, 50, 53, 17, 21, 45, 71, 64, 3, 23, 30, 83, 24, 41, 60, 52, 65, 27, 90, 70, 39, 87, 48, 69, 99, 4, 46, 1, 13, 58, 97, 59, 28, 75, 73, 37, 35, 79, 22, 66, 76, 42, 40, 80, 96, 6, 16, 61, 33, 7, 57, 34, 12, 67, 10, 98, 56, 88, 29, 94, 91, 51, 19, 92, 43, 84, 38, 72, 81, 8, 2, 55, 62, 89, 25, 0]|[2, 1, 1, 2, 1, 2, 1, 1, 1, 1, 1, 0, 2, 2, 1, 2, 0, 0, 0, 2, 2, 1, 0, 2, 0, 2, 2, 1, 0, 1, 1, 1, 0, 0, 1, 0, 2, 1, 2, 2, 0, 0, 1, 1, 0, 2, 0, 2, 1, 0, 0, 2, 0, 0, 2, 0, 1, 0, 0, 0, 2, 1, 0, 2, 2, 0, 2, 2, 0, 1, 2, 1, 1, 2, 0, 1, 1, 1, 1, 2, 2, 1, 1, 2, 1, 1, 1, 0, 1, 0, 0, 1, 1, 1, 2, 0, 1, 1, 1, 0]|[1, 3, 2, 0, 4, 1, 4, 4, 2, 4, 3, 2, 1, 0, 2, 1, 1, 1, 2, 1, 1, 3, 0, 1, 0, 1, 1, 4, 1, 4, 3, 2, 2, 0, 4, 1, 1, 4, 0, 1, 2, 1, 4, 4, 1, 1, 0, 2, 3, 1, 2, 1, 2, 1, 1, 2, 4, 2, 0, 2, 2, 3, 1, 0, 1, 2, 0, 1, 2, 4, 1, 3, 4, 1, 2, 4, 3, 3, 3, 1, 1, 4, 3, 1, 3, 3, 4, 2, 4, 2, 2, 4, 1, 3, 1, 2, 3, 4, 4, 2]|[1, 2, 1, 0, 3, 0, 1, 3, 0, 0, 2, 0, 1, 0, 1, 0, 0, 0, 1, 0, 0, 2, 0, 0, 1, 0, 0, 3, 0, 1, 0, 2, 0, 1, 3, 0, 1, 3, 1, 0, 0, 0, 1, 3, 0, 0, 1, 0, 2, 0, 0, 0, 0, 0, 1, 0, 1, 0, 1, 1, 0, 2, 0, 0, 0, 0, 0, 0, 0, 2, 0, 0, 1, 0, 0, 1, 0, 0, 3, 0, 0, 1, 0, 0, 0, 0, 3, 0, 2, 0, 0, 2, 1, 0, 0, 0, 0, 1, 3, 0],836.569815134707,52504.092339752446,107095.57005228325,true
34,G4_BALANCED,G4_BALANCED,[31, 11, 15, 82, 26, 9, 95, 32, 77, 68, 47, 5, 93, 78, 86, 54, 85, 63, 18, 44, 20, 49, 36, 14, 74, 50, 53, 17, 21, 45, 71, 64, 3, 23, 30, 83, 24, 41, 60, 52, 65, 27, 90, 70, 39, 87, 48, 69, 99, 4, 46, 1, 13, 58, 97, 59, 28, 75, 73, 37, 35, 79, 22, 66, 76, 42, 40, 80, 96, 6, 16, 61, 33, 7, 57, 34, 12, 67, 10, 98, 8, 88, 29, 56, 91, 38, 84, 92, 43, 19, 51, 55, 72, 89, 25, 81, 94, 2, 0, 62]|[2, 1, 1, 2, 1, 2, 1, 1, 1, 1, 1, 0, 2, 2, 0, 2, 0, 0, 0, 2, 2, 1, 0, 2, 0, 2, 2, 1, 0, 1, 1, 1, 0, 0, 1, 0, 2, 1, 2, 2, 0, 0, 1, 1, 0, 2, 0, 2, 1, 0, 0, 2, 0, 0, 2, 0, 1, 0, 0, 0, 2, 1, 1, 2, 2, 0, 2, 2, 0, 1, 2, 1, 1, 2, 0, 1, 1, 1, 1, 2, 2, 1, 1, 2, 1, 0, 0, 0, 1, 1, 1, 0, 1, 1, 1, 1, 2, 2, 0, 1]|[1, 3, 2, 0, 4, 1, 4, 4, 2, 4, 3, 2, 1, 0, 2, 1, 1, 1, 2, 1, 1, 3, 0, 1, 0, 1, 1, 4, 1, 4, 3, 2, 2, 0, 4, 1, 1, 4, 0, 1, 2, 1, 4, 4, 1, 1, 0, 2, 3, 2, 2, 1, 2, 1, 1, 2, 4, 2, 0, 2, 2, 3, 3, 1, 1, 2, 1, 1, 2, 4, 1, 3, 4, 1, 2, 4, 3, 3, 3, 1, 1, 4, 3, 1, 3, 2, 2, 2, 3, 4, 3, 2, 4, 4, 4, 1, 1, 1, 2, 3]|[1, 0, 1, 0, 3, 0, 1, 3, 0, 0, 2, 0, 1, 0, 0, 0, 0, 0, 1, 0, 0, 2, 0, 0, 1, 0, 0, 3, 0, 1, 0, 2, 0, 1, 3, 0, 1, 1, 1, 0, 0, 0, 1, 3, 0, 0, 1, 0, 2, 0, 0, 0, 0, 0, 1, 0, 1, 0, 1, 1, 0, 2, 0, 0, 0, 0, 0, 0, 0, 2, 0, 0, 1, 0, 0, 1, 0, 0, 3, 0, 0, 1, 0, 0, 0, 0, 0, 0, 0, 1, 0, 0, 2, 1, 3, 1, 0, 0, 0, 0],860.1575917241023,51346.35290601608,106663.83819670715,false
34,G2_TEC,G2_TEC,[31, 22, 82, 15, 26, 9, 95, 42, 77, 68, 47, 5, 93, 78, 86, 54, 85, 63, 18, 44, 20, 49, 36, 14, 74, 50, 53, 17, 21, 28, 11, 64, 3, 23, 30, 83, 24, 41, 40, 52, 65, 27, 90, 70, 39, 87, 48, 69, 99, 4, 75, 1, 13, 58, 97, 59, 45, 8, 73, 37, 35, 79, 71, 66, 76, 32, 60, 80, 56, 6, 67, 61, 33, 7, 57, 34, 12, 16, 10, 98, 96, 88, 43, 46, 91, 38, 84, 92, 29, 19, 51, 55, 81, 89, 25, 72, 94, 2, 0, 62]|[2, 1, 2, 1, 1, 2, 1, 1, 1, 1, 1, 0, 2, 2, 1, 2, 0, 0, 0, 2, 2, 1, 0, 2, 0, 2, 2, 1, 0, 1, 1, 1, 0, 0, 1, 0, 2, 1, 2, 2, 0, 0, 1, 1, 0, 2, 0, 2, 1, 0, 0, 2, 0, 0, 2, 0, 1, 1, 0, 0, 2, 1, 1, 2, 2, 0, 2, 2, 2, 1, 2, 1, 1, 2, 0, 1, 1, 2, 1, 2, 0, 1, 1, 0, 1, 0, 0, 0, 1, 1, 1, 0, 1, 1, 1, 1, 2, 2, 0, 1]|[0, 3, 0, 3, 4, 1, 4, 4, 2, 4, 3, 2, 1, 0, 2, 1, 1, 1, 2, 1, 1, 3, 0, 1, 0, 1, 1, 4, 1, 4, 3, 2, 2, 0, 4, 1, 1, 4, 1, 1, 2, 1, 4, 4, 1, 1, 0, 2, 3, 2, 2, 1, 2, 1, 1, 2, 4, 3, 0, 2, 2, 3, 3, 1, 1, 2, 1, 1, 1, 4, 1, 3, 4, 1, 2, 4, 3, 1, 3, 1, 2, 4, 4, 2, 3, 2, 2, 2, 3, 4, 3, 2, 4, 4, 4, 4, 1, 1, 2, 3]|[0, 2, 0, 0, 3, 0, 1, 3, 0, 0, 2, 0, 1, 0, 1, 0, 0, 0, 1, 0, 0, 2, 0, 0, 1, 0, 0, 3, 0, 1, 0, 2, 0, 0, 3, 0, 1, 1, 0, 0, 0, 0, 1, 3, 0, 0, 1, 0, 2, 0, 0, 0, 0, 0, 1, 0, 1, 0, 1, 1, 0, 2, 0, 0, 0, 0, 0, 0, 0, 2, 0, 0, 1, 0, 0, 1, 0, 0, 3, 0, 0, 1, 2, 0, 0, 0, 0, 0, 3, 1, 0, 0, 2, 1, 3, 1, 0, 0, 0, 0],908.8272556494078,49235.066718390466,107289.32240407266,false
34,G3_TWC,G3_TWC,[31, 22, 82, 15, 26, 58, 95, 42, 77, 12, 47, 5, 93, 78, 98, 54, 85, 63, 18, 44, 20, 35, 43, 97, 91, 76, 10, 30, 21, 45, 71, 64, 1, 23, 17, 83, 24, 14, 60, 36, 6, 57, 94, 88, 65, 56, 79, 40, 67, 68, 46, 75, 38, 9, 19, 32, 81, 41, 27, 62, 87, 90, 99, 59, 11, 16, 72, 73, 70, 39, 37, 84, 3, 92, 25, 55, 28, 29, 51, 7, 33, 61, 86, 48, 89, 50, 66, 96, 53, 80, 4, 8, 34, 49, 52, 0, 13, 2, 69, 74]|[1, 1, 0, 1, 1, 1, 2, 1, 2, 1, 2, 2, 2, 1, 1, 0, 0, 1, 0, 2, 2, 0, 1, 2, 0, 1, 2, 2, 0, 0, 1, 2, 1, 2, 1, 0, 2, 0, 1, 1, 0, 1, 1, 1, 0, 2, 1, 1, 0, 0, 0, 0, 1, 1, 2, 1, 2, 0, 0, 0, 2, 1, 0, 1, 2, 1, 2, 1, 1, 1, 1, 1, 2, 0, 1, 1, 0, 0, 0, 1, 2, 1, 0, 0, 1, 0, 0, 0, 0, 0, 0, 1, 2, 0, 1, 0, 0, 0, 1, 2]|[4, 3, 2, 2, 0, 0, 2, 2, 2, 4, 1, 1, 2, 4, 4, 1, 1, 4, 2, 1, 1, 1, 1, 2, 1, 2, 1, 1, 1, 1, 3, 2, 3, 0, 4, 0, 1, 1, 0, 3, 2, 2, 4, 0, 1, 1, 0, 2, 0, 1, 2, 2, 1, 4, 0, 3, 2, 1, 1, 2, 1, 3, 1, 1, 1, 3, 0, 4, 3, 1, 4, 1, 1, 2, 4, 4, 2, 1, 1, 3, 1, 3, 1, 1, 1, 1, 1, 1, 2, 1, 2, 3, 1, 1, 1, 2, 2, 2, 3, 1]|[0, 2, 1, 1, 3, 3, 0, 1, 0, 0, 0, 0, 1, 0, 1, 0, 0, 3, 1, 0, 0, 0, 3, 1, 0, 2, 0, 0, 0, 1, 0, 0, 0, 0, 3, 0, 1, 0, 0, 2, 1, 1, 2, 0, 0, 0, 0, 1, 1, 0, 0, 0, 1, 3, 0, 0, 1, 0, 0, 1, 0, 2, 0, 1, 0, 2, 1, 0, 0, 1, 1, 3, 0, 1, 3, 3, 1, 0, 0, 2, 0, 0, 0, 0, 1, 0, 0, 0, 1, 0, 1, 2, 0, 1, 1, 0, 0, 0, 0, 0],805.5394456933803,58046.77716663049,89050.44506242599,false
34,G1_CMAX,G1_CMAX,[31, 22, 82, 15, 26, 99, 95, 42, 77, 12, 47, 5, 93, 78, 86, 54, 21, 63, 18, 44, 20, 35, 43, 97, 91, 76, 10, 30, 85, 45, 71, 64, 1, 23, 57, 83, 24, 14, 60, 36, 6, 17, 40, 88, 65, 56, 79, 94, 67, 68, 46, 75, 38, 9, 19, 32, 41, 81, 27, 87, 90, 58, 59, 11, 16, 72, 73, 70, 39, 37, 84, 3, 92, 25, 55, 48, 62, 29, 51, 96, 33, 61, 98, 66, 89, 50, 4, 7, 53, 80, 8, 28, 34, 49, 52, 0, 74, 69, 2, 13]|[1, 1, 0, 1, 1, 0, 1, 1, 2, 1, 2, 2, 2, 1, 1, 0, 0, 1, 0, 2, 2, 0, 1, 2, 0, 1, 2, 2, 0, 0, 1, 2, 1, 2, 1, 0, 2, 0, 1, 1, 0, 1, 1, 1, 0, 2, 1, 1, 0, 0, 0, 0, 1, 1, 2, 1, 0, 2, 0, 2, 1, 0, 1, 2, 1, 2, 1, 1, 1, 1, 1, 1, 0, 1, 2, 0, 0, 0, 2, 2, 2, 1, 2, 2, 1, 0, 1, 2, 0, 0, 1, 0, 2, 0, 1, 0, 2, 1, 0, 0]|[0, 3, 2, 2, 4, 1, 2, 3, 2, 4, 1, 1, 2, 4, 4, 1, 1, 4, 2, 1, 1, 1, 1, 2, 1, 2, 1, 1, 2, 1, 3, 2, 3, 1, 4, 0, 1, 1, 0, 3, 2, 2, 2, 0, 1, 1, 0, 4, 0, 1, 2, 2, 1, 4, 0, 3, 1, 1, 1, 1, 3, 1, 1, 1, 3, 0, 4, 3, 1, 4, 1, 1, 2, 4, 1, 1, 2, 1, 2, 1, 1, 3, 1, 1, 1, 1, 4, 1, 2, 1, 3, 2, 1, 1, 1, 2, 1, 4, 2, 2]|[0, 2, 1, 1, 3, 0, 1, 3, 0, 0, 0, 0, 1, 0, 1, 0, 0, 3, 1, 0, 0, 0, 3, 1, 0, 2, 0, 0, 0, 1, 0, 0, 0, 0, 3, 0, 1, 0, 0, 2, 1, 1, 1, 0, 0, 0, 0, 2, 1, 0, 0, 0, 1, 3, 0, 0, 0, 0, 0, 0, 2, 0, 1, 0, 2, 1, 0, 0, 1, 1, 3, 1, 1, 3, 0, 0, 1, 0, 1, 0, 0, 0, 0, 0, 1, 0, 0, 0, 1, 0, 2, 1, 0, 1, 1, 0, 0, 2, 0, 0],726.9061273463456,57092.60052686413,92996.29751897219,false
34,G4_BALANCED,G4_BALANCED,[31, 11, 15, 82, 26, 9, 95, 32, 77, 68, 47, 5, 93, 78, 86, 54, 85, 63, 18, 44, 20, 49, 36, 14, 74, 50, 53, 17, 21, 45, 71, 64, 3, 23, 30, 83, 24, 41, 60, 52, 65, 27, 90, 70, 39, 87, 48, 69, 99, 4, 46, 1, 13, 58, 97, 59, 28, 75, 73, 37, 35, 79, 22, 66, 76, 42, 40, 80, 96, 6, 16, 61, 33, 7, 57, 34, 12, 67, 10, 98, 56, 88, 43, 8, 91, 38, 84, 92, 29, 19, 51, 72, 89, 25, 2, 81, 94, 55, 62, 0]|[2, 1, 1, 2, 1, 2, 1, 1, 1, 1, 1, 0, 2, 2, 1, 2, 0, 0, 0, 2, 2, 1, 0, 2, 0, 2, 2, 1, 0, 1, 1, 1, 0, 0, 1, 0, 2, 1, 2, 2, 0, 0, 1, 1, 0, 2, 0, 2, 1, 0, 0, 2, 0, 0, 1, 0, 1, 0, 0, 0, 1, 1, 0, 2, 2, 0, 2, 2, 0, 1, 2, 1, 1, 2, 0, 1, 1, 1, 1, 2, 2, 1, 1, 1, 1, 0, 0, 0, 1, 2, 1, 1, 1, 1, 2, 1, 2, 0, 1, 0]|[0, 3, 2, 0, 4, 1, 4, 4, 2, 4, 3, 2, 1, 0, 2, 1, 1, 1, 2, 1, 1, 3, 0, 1, 0, 1, 1, 4, 1, 4, 3, 2, 2, 0, 4, 1, 1, 4, 0, 1, 2, 1, 4, 4, 1, 1, 0, 2, 3, 2, 2, 1, 2, 1, 4, 2, 4, 2, 0, 2, 3, 3, 1, 0, 1, 2, 0, 1, 2, 4, 1, 3, 4, 1, 2, 4, 3, 3, 3, 1, 1, 4, 4, 3, 3, 2, 2, 2, 3, 1, 3, 4, 4, 4, 1, 1, 1, 2, 3, 2]|[0, 2, 1, 0, 3, 0, 1, 3, 0, 0, 2, 0, 1, 0, 1, 0, 0, 0, 1, 0, 0, 2, 0, 0, 1, 0, 0, 3, 0, 1, 0, 2, 0, 1, 3, 0, 1, 3, 1, 0, 0, 0, 1, 3, 0, 0, 1, 0, 2, 0, 0, 0, 0, 0, 1, 0, 1, 0, 1, 1, 0, 2, 0, 0, 0, 0, 0, 0, 0, 2, 0, 0, 1, 0, 0, 1, 0, 0, 3, 0, 0, 1, 2, 0, 0, 0, 0, 0, 3, 1, 0, 1, 1, 3, 0, 1, 0, 0, 0, 0],846.5351127246619,51659.69094396193,107891.35183337331,false
34,G2_TEC,G2_TEC,[31, 22, 82, 15, 26, 9, 95, 42, 77, 68, 47, 5, 93, 78, 86, 54, 85, 63, 18, 44, 20, 49, 36, 14, 74, 50, 53, 17, 21, 28, 11, 64, 3, 23, 30, 83, 24, 41, 40, 52, 65, 27, 90, 70, 39, 87, 48, 69, 99, 4, 75, 1, 13, 58, 97, 59, 45, 8, 73, 37, 35, 79, 71, 66, 76, 32, 60, 80, 56, 6, 67, 61, 33, 7, 57, 34, 12, 16, 10, 98, 96, 88, 43, 46, 91, 38, 84, 92, 29, 19, 51, 55, 81, 89, 25, 72, 94, 2, 0, 62]|[2, 1, 2, 1, 1, 2, 1, 1, 1, 1, 1, 0, 2, 2, 1, 2, 0, 0, 0, 2, 2, 1, 0, 2, 0, 2, 2, 1, 0, 1, 1, 1, 0, 0, 1, 0, 2, 1, 2, 2, 0, 0, 1, 1, 0, 2, 0, 2, 1, 0, 0, 2, 0, 0, 2, 0, 1, 1, 0, 0, 2, 1, 1, 2, 2, 0, 2, 2, 2, 1, 2, 1, 1, 2, 0, 1, 1, 2, 1, 2, 0, 1, 1, 0, 1, 0, 0, 0, 1, 1, 1, 0, 1, 1, 1, 1, 2, 2, 0, 1]|[0, 3, 0, 3, 4, 1, 4, 4, 2, 4, 3, 2, 1, 0, 2, 1, 1, 1, 2, 1, 1, 3, 0, 1, 0, 1, 1, 4, 1, 4, 3, 2, 2, 0, 4, 1, 1, 4, 1, 1, 2, 1, 4, 4, 1, 1, 0, 2, 3, 2, 2, 1, 2, 1, 1, 2, 4, 3, 0, 2, 2, 3, 3, 1, 1, 2, 1, 1, 1, 4, 1, 3, 4, 1, 2, 4, 3, 1, 3, 1, 2, 4, 4, 2, 3, 2, 2, 2, 3, 4, 3, 2, 4, 4, 4, 4, 1, 1, 2, 3]|[0, 2, 0, 0, 3, 0, 1, 3, 0, 0, 2, 0, 1, 0, 1, 0, 0, 0, 1, 0, 0, 2, 0, 0, 1, 0, 0, 3, 0, 1, 0, 2, 0, 0, 3, 0, 1, 1, 0, 0, 0, 0, 1, 3, 0, 0, 1, 0, 2, 0, 0, 0, 0, 0, 1, 0, 1, 0, 1, 1, 0, 2, 0, 0, 0, 0, 0, 0, 0, 2, 0, 0, 1, 0, 0, 1, 0, 0, 3, 0, 0, 1, 2, 0, 0, 0, 0, 0, 3, 1, 0, 0, 2, 1, 3, 1, 0, 0, 0, 0],908.8272556494078,49235.066718390466,107289.32240407266,false
34,G3_TWC,G3_TWC,[31, 22, 82, 15, 26, 58, 95, 42, 77, 12, 47, 5, 93, 78, 98, 54, 85, 63, 18, 44, 20, 35, 43, 97, 91, 76, 10, 30, 21, 45, 71, 64, 1, 23, 17, 83, 24, 14, 60, 36, 6, 57, 94, 88, 65, 56, 79, 40, 67, 68, 46, 75, 38, 9, 19, 32, 81, 41, 27, 62, 87, 90, 99, 59, 11, 16, 72, 73, 70, 39, 37, 84, 3, 92, 25, 55, 28, 29, 51, 7, 33, 61, 86, 48, 89, 50, 66, 96, 53, 80, 4, 8, 34, 49, 52, 0, 13, 2, 69, 74]|[1, 1, 0, 1, 1, 1, 2, 1, 2, 1, 2, 2, 2, 1, 1, 0, 0, 1, 0, 2, 2, 0, 1, 2, 0, 1, 2, 2, 0, 0, 1, 2, 1, 2, 1, 0, 2, 0, 1, 1, 0, 1, 1, 1, 0, 2, 1, 1, 0, 0, 0, 0, 1, 1, 2, 1, 2, 0, 0, 0, 2, 1, 0, 1, 2, 1, 2, 1, 1, 1, 1, 1, 2, 0, 1, 1, 0, 0, 0, 1, 2, 1, 0, 0, 1, 0, 0, 0, 0, 0, 0, 1, 2, 0, 1, 0, 0, 0, 1, 2]|[4, 3, 2, 2, 0, 0, 2, 2, 2, 4, 1, 1, 2, 4, 4, 1, 1, 4, 2, 1, 1, 1, 1, 2, 1, 2, 1, 1, 1, 1, 3, 2, 3, 0, 4, 0, 1, 1, 0, 3, 2, 2, 4, 0, 1, 1, 0, 2, 0, 1, 2, 2, 1, 4, 0, 3, 2, 1, 1, 2, 1, 3, 1, 1, 1, 3, 0, 4, 3, 1, 4, 1, 1, 2, 4, 4, 2, 1, 1, 3, 1, 3, 1, 1, 1, 1, 1, 1, 2, 1, 2, 3, 1, 1, 1, 2, 2, 2, 3, 1]|[0, 2, 1, 1, 3, 3, 0, 1, 0, 0, 0, 0, 1, 0, 1, 0, 0, 3, 1, 0, 0, 0, 3, 1, 0, 2, 0, 0, 0, 1, 0, 0, 0, 0, 3, 0, 1, 0, 0, 2, 1, 1, 2, 0, 0, 0, 0, 1, 1, 0, 0, 0, 1, 3, 0, 0, 1, 0, 0, 1, 0, 2, 0, 1, 0, 2, 1, 0, 0, 1, 1, 3, 0, 1, 3, 3, 1, 0, 0, 2, 0, 0, 0, 0, 1, 0, 0, 0, 1, 0, 1, 2, 0, 1, 1, 0, 0, 0, 0, 0],805.5394456933803,58046.77716663049,89050.44506242599,false
34,G1_CMAX,G1_CMAX,[31, 22, 82, 15, 26, 99, 95, 42, 77, 12, 47, 5, 93, 78, 86, 54, 21, 63, 18, 44, 20, 35, 43, 97, 91, 76, 10, 30, 85, 45, 71, 64, 1, 23, 57, 83, 24, 14, 60, 36, 6, 17, 40, 88, 65, 56, 79, 94, 67, 68, 46, 75, 38, 9, 19, 32, 41, 81, 27, 87, 90, 58, 59, 11, 16, 72, 73, 70, 39, 37, 84, 3, 92, 25, 55, 48, 62, 29, 51, 96, 33, 61, 98, 66, 89, 50, 4, 7, 53, 80, 8, 28, 34, 49, 52, 0, 74, 69, 2, 13]|[1, 1, 0, 1, 1, 0, 1, 1, 2, 1, 2, 2, 2, 1, 1, 0, 0, 1, 0, 2, 2, 0, 1, 2, 0, 1, 2, 2, 0, 0, 1, 2, 1, 2, 1, 0, 2, 0, 1, 1, 0, 1, 1, 1, 0, 2, 1, 1, 0, 0, 0, 0, 1, 1, 2, 1, 0, 2, 0, 2, 1, 0, 1, 2, 1, 2, 1, 1, 1, 1, 1, 1, 0, 1, 2, 0, 0, 0, 2, 2, 2, 1, 2, 2, 1, 0, 1, 2, 0, 0, 1, 0, 2, 0, 1, 0, 2, 1, 0, 0]|[0, 3, 2, 2, 4, 1, 2, 3, 2, 4, 1, 1, 2, 4, 4, 1, 1, 4, 2, 1, 1, 1, 1, 2, 1, 2, 1, 1, 2, 1, 3, 2, 3, 1, 4, 0, 1, 1, 0, 3, 2, 2, 2, 0, 1, 1, 0, 4, 0, 1, 2, 2, 1, 4, 0, 3, 1, 1, 1, 1, 3, 1, 1, 1, 3, 0, 4, 3, 1, 4, 1, 1, 2, 4, 1, 1, 2, 1, 2, 1, 1, 3, 1, 1, 1, 1, 4, 1, 2, 1, 3, 2, 1, 1, 1, 2, 1, 4, 2, 2]|[0, 2, 1, 1, 3, 0, 1, 3, 0, 0, 0, 0, 1, 0, 1, 0, 0, 3, 1, 0, 0, 0, 3, 1, 0, 2, 0, 0, 0, 1, 0, 0, 0, 0, 3, 0, 1, 0, 0, 2, 1, 1, 1, 0, 0, 0, 0, 2, 1, 0, 0, 0, 1, 3, 0, 0, 0, 0, 0, 0, 2, 0, 1, 0, 2, 1, 0, 0, 1, 1, 3, 1, 1, 3, 0, 0, 1, 0, 1, 0, 0, 0, 0, 0, 1, 0, 0, 0, 1, 0, 2, 1, 0, 1, 1, 0, 0, 2, 0, 0],726.9061273463456,57092.60052686413,92996.29751897219,false
34,G4_BALANCED,G1_CMAX,[31, 22, 82, 15, 26, 99, 95, 42, 77, 12, 47, 5, 93, 78, 86, 54, 21, 63, 18, 44, 20, 35, 43, 97, 91, 76, 10, 30, 85, 45, 71, 64, 1, 23, 17, 83, 24, 14, 60, 36, 6, 57, 40, 88, 65, 56, 79, 94, 67, 68, 46, 75, 38, 9, 19, 32, 41, 81, 27, 87, 90, 58, 59, 11, 16, 72, 73, 70, 39, 37, 84, 3, 92, 25, 55, 48, 96, 29, 51, 62, 33, 61, 98, 66, 89, 50, 4, 7, 53, 80, 8, 28, 34, 49, 52, 0, 74, 69, 2, 13]|[1, 1, 0, 1, 1, 0, 1, 1, 2, 1, 2, 2, 2, 1, 1, 0, 0, 1, 0, 2, 2, 0, 1, 2, 0, 1, 2, 2, 0, 0, 1, 2, 1, 2, 1, 0, 2, 0, 1, 1, 0, 1, 1, 1, 0, 2, 1, 1, 0, 0, 0, 0, 1, 1, 2, 1, 2, 2, 0, 2, 1, 0, 1, 2, 1, 2, 1, 1, 1, 1, 1, 1, 0, 1, 2, 0, 2, 0, 0, 0, 2, 1, 2, 2, 1, 0, 1, 2, 0, 0, 1, 0, 2, 0, 1, 0, 2, 1, 0, 0]|[0, 3, 2, 2, 4, 1, 2, 3, 2, 4, 1, 1, 2, 4, 4, 1, 1, 4, 2, 1, 1, 1, 1, 2, 1, 2, 1, 1, 2, 1, 3, 2, 3, 0, 4, 0, 1, 1, 0, 3, 2, 2, 2, 0, 1, 1, 0, 4, 0, 1, 2, 2, 1, 4, 0, 3, 2, 1, 1, 1, 3, 1, 1, 1, 3, 0, 4, 3, 1, 4, 1, 1, 0, 4, 1, 1, 1, 1, 1, 2, 1, 3, 1, 1, 1, 1, 4, 1, 2, 1, 3, 2, 1, 1, 1, 2, 1, 4, 2, 2]|[0, 2, 1, 1, 3, 0, 1, 3, 0, 0, 0, 0, 1, 0, 1, 0, 0, 3, 1, 0, 0, 0, 3, 1, 0, 2, 0, 0, 0, 1, 0, 0, 0, 0, 3, 0, 1, 0, 0, 2, 1, 1, 1, 0, 0, 0, 0, 2, 1, 0, 0, 0, 1, 3, 0, 0, 1, 0, 0, 0, 2, 0, 1, 0, 2, 1, 0, 0, 1, 1, 3, 1, 1, 3, 0, 0, 0, 0, 0, 1, 0, 0, 0, 0, 1, 0, 0, 0, 1, 0, 2, 1, 0, 1, 1, 0, 0, 2, 0, 0],724.9395833867611,57689.77869234914,92566.52405273609,true
34,G2_TEC,G2_TEC,[31, 22, 82, 15, 26, 9, 95, 42, 77, 68, 47, 5, 93, 78, 86, 54, 85, 63, 18, 44, 20, 49, 36, 14, 74, 50, 53, 17, 21, 28, 11, 64, 3, 23, 30, 83, 24, 41, 40, 52, 65, 27, 90, 70, 39, 87, 48, 69, 99, 4, 75, 1, 13, 58, 97, 59, 45, 8, 73, 37, 35, 79, 71, 66, 76, 32, 60, 80, 56, 6, 67, 61, 33, 7, 57, 34, 12, 16, 10, 98, 96, 88, 43, 46, 91, 38, 84, 92, 29, 19, 51, 55, 81, 89, 25, 72, 94, 2, 0, 62]|[2, 1, 2, 1, 1, 2, 1, 1, 1, 1, 1, 0, 2, 2, 1, 2, 0, 0, 0, 2, 2, 1, 0, 2, 0, 2, 2, 1, 0, 1, 1, 1, 0, 0, 1, 0, 2, 1, 2, 2, 0, 0, 1, 1, 0, 2, 0, 2, 1, 0, 0, 2, 0, 0, 2, 0, 1, 1, 0, 0, 2, 1, 1, 2, 2, 0, 2, 2, 2, 1, 2, 1, 1, 2, 0, 1, 1, 2, 1, 2, 0, 1, 1, 0, 1, 0, 0, 0, 1, 1, 1, 0, 1, 1, 1, 1, 2, 2, 0, 1]|[0, 3, 0, 3, 4, 1, 4, 4, 2, 4, 3, 2, 1, 0, 2, 1, 1, 1, 2, 1, 1, 3, 0, 1, 0, 1, 1, 4, 1, 4, 3, 2, 2, 0, 4, 1, 1, 4, 1, 1, 2, 1, 4, 4, 1, 1, 0, 2, 3, 2, 2, 1, 2, 1, 1, 2, 4, 3, 0, 2, 2, 3, 3, 1, 1, 2, 1, 1, 1, 4, 1, 3, 4, 1, 2, 4, 3, 1, 3, 1, 2, 4, 4, 2, 3, 2, 2, 2, 3, 4, 3, 2, 4, 4, 4, 4, 1, 1, 2, 3]|[0, 2, 0, 0, 3, 0, 1, 3, 0, 0, 2, 0, 1, 0, 1, 0, 0, 0, 1, 0, 0, 2, 0, 0, 1, 0, 0, 3, 0, 1, 0, 2, 0, 0, 3, 0, 1, 1, 0, 0, 0, 0, 1, 3, 0, 0, 1, 0, 2, 0, 0, 0, 0, 0, 1, 0, 1, 0, 1, 1, 0, 2, 0, 0, 0, 0, 0, 0, 0, 2, 0, 0, 1, 0, 0, 1, 0, 0, 3, 0, 0, 1, 2, 0, 0, 0, 0, 0, 3, 1, 0, 0, 2, 1, 3, 1, 0, 0, 0, 0],908.8272556494078,49235.066718390466,107289.32240407266,false
34,G3_TWC,G3_TWC,[31, 22, 82, 15, 26, 58, 95, 42, 77, 12, 47, 5, 93, 78, 98, 54, 85, 63, 18, 44, 20, 35, 43, 97, 91, 76, 10, 30, 21, 45, 71, 64, 1, 23, 17, 83, 24, 14, 60, 36, 6, 57, 94, 88, 65, 56, 79, 40, 67, 68, 46, 75, 38, 9, 19, 32, 81, 41, 27, 62, 87, 90, 99, 59, 11, 16, 72, 73, 70, 39, 37, 84, 3, 92, 25, 55, 28, 29, 51, 7, 33, 61, 86, 48, 89, 50, 66, 96, 53, 80, 4, 8, 34, 49, 52, 0, 13, 2, 69, 74]|[1, 1, 0, 1, 1, 1, 2, 1, 2, 1, 2, 2, 2, 1, 1, 0, 0, 1, 0, 2, 2, 0, 1, 2, 0, 1, 2, 2, 0, 0, 1, 2, 1, 2, 1, 0, 2, 0, 1, 1, 0, 1, 1, 1, 0, 2, 1, 1, 0, 0, 0, 0, 1, 1, 2, 1, 2, 0, 0, 0, 2, 1, 0, 1, 2, 1, 2, 1, 1, 1, 1, 1, 2, 0, 1, 1, 0, 0, 0, 1, 2, 1, 0, 0, 1, 0, 0, 0, 0, 0, 0, 1, 2, 0, 1, 0, 0, 0, 1, 2]|[4, 3, 2, 2, 0, 0, 2, 2, 2, 4, 1, 1, 2, 4, 4, 1, 1, 4, 2, 1, 1, 1, 1, 2, 1, 2, 1, 1, 1, 1, 3, 2, 3, 0, 4, 0, 1, 1, 0, 3, 2, 2, 4, 0, 1, 1, 0, 2, 0, 1, 2, 2, 1, 4, 0, 3, 2, 1, 1, 2, 1, 3, 1, 1, 1, 3, 0, 4, 3, 1, 4, 1, 1, 2, 4, 4, 2, 1, 1, 3, 1, 3, 1, 1, 1, 1, 1, 1, 2, 1, 2, 3, 1, 1, 1, 2, 2, 2, 3, 1]|[0, 2, 1, 1, 3, 3, 0, 1, 0, 0, 0, 0, 1, 0, 1, 0, 0, 3, 1, 0, 0, 0, 3, 1, 0, 2, 0, 0, 0, 1, 0, 0, 0, 0, 3, 0, 1, 0, 0, 2, 1, 1, 2, 0, 0, 0, 0, 1, 1, 0, 0, 0, 1, 3, 0, 0, 1, 0, 0, 1, 0, 2, 0, 1, 0, 2, 1, 0, 0, 1, 1, 3, 0, 1, 3, 3, 1, 0, 0, 2, 0, 0, 0, 0, 1, 0, 0, 0, 1, 0, 1, 2, 0, 1, 1, 0, 0, 0, 0, 0],805.5394456933803,58046.77716663049,89050.44506242599,false
34,G1_CMAX,G1_CMAX,[31, 22, 82, 15, 26, 99, 95, 42, 77, 12, 47, 5, 93, 78, 86, 54, 21, 63, 18, 44, 20, 35, 43, 97, 91, 76, 10, 30, 85, 45, 71, 64, 1, 23, 57, 83, 24, 14, 60, 36, 6, 17, 40, 88, 65, 56, 79, 94, 67, 68, 46, 75, 38, 9, 19, 32, 41, 81, 27, 87, 90, 58, 59, 11, 16, 72, 73, 70, 39, 37, 84, 3, 92, 25, 55, 48, 62, 29, 51, 96, 33, 61, 98, 66, 89, 50, 4, 7, 53, 80, 8, 28, 34, 49, 52, 0, 74, 69, 2, 13]|[1, 1, 0, 1, 1, 0, 1, 1, 2, 1, 2, 2, 2, 1, 1, 0, 0, 1, 0, 2, 2, 0, 1, 2, 0, 1, 2, 2, 0, 0, 1, 2, 1, 2, 1, 0, 2, 0, 1, 1, 0, 1, 1, 1, 0, 2, 1, 1, 0, 0, 0, 0, 1, 1, 2, 1, 0, 2, 0, 2, 1, 0, 1, 2, 1, 2, 1, 1, 1, 1, 1, 1, 0, 1, 2, 0, 0, 0, 2, 2, 2, 1, 2, 2, 1, 0, 1, 2, 0, 0, 1, 0, 2, 0, 1, 0, 2, 1, 0, 0]|[0, 3, 2, 2, 4, 1, 2, 3, 2, 4, 1, 1, 2, 4, 4, 1, 1, 4, 2, 1, 1, 1, 1, 2, 1, 2, 1, 1, 2, 1, 3, 2, 3, 1, 4, 0, 1, 1, 0, 3, 2, 2, 2, 0, 1, 1, 0, 4, 0, 1, 2, 2, 1, 4, 0, 3, 1, 1, 1, 1, 3, 1, 1, 1, 3, 0, 4, 3, 1, 4, 1, 1, 2, 4, 1, 1, 2, 1, 2, 1, 1, 3, 1, 1, 1, 1, 4, 1, 2, 1, 3, 2, 1, 1, 1, 2, 1, 4, 2, 2]|[0, 2, 1, 1, 3, 0, 1, 3, 0, 0, 0, 0, 1, 0, 1, 0, 0, 3, 1, 0, 0, 0, 3, 1, 0, 2, 0, 0, 0, 1, 0, 0, 0, 0, 3, 0, 1, 0, 0, 2, 1, 1, 1, 0, 0, 0, 0, 2, 1, 0, 0, 0, 1, 3, 0, 0, 0, 0, 0, 0, 2, 0, 1, 0, 2, 1, 0, 0, 1, 1, 3, 1, 1, 3, 0, 0, 1, 0, 1, 0, 0, 0, 0, 0, 1, 0, 0, 0, 1, 0, 2, 1, 0, 1, 1, 0, 0, 2, 0, 0],726.9061273463456,57092.60052686413,92996.29751897219,false
34,G4_BALANCED,G1_CMAX,[31, 22, 82, 15, 26, 99, 95, 42, 77, 12, 47, 5, 93, 78, 86, 54, 21, 63, 18, 44, 20, 35, 43, 97, 91, 76, 10, 30, 85, 45, 71, 64, 1, 23, 17, 83, 24, 14, 60, 36, 6, 57, 40, 88, 65, 56, 79, 94, 67, 68, 46, 75, 38, 9, 19, 32, 41, 81, 27, 87, 90, 58, 59, 11, 16, 72, 73, 70, 39, 37, 84, 3, 92, 25, 55, 48, 96, 29, 51, 62, 33, 61, 98, 66, 89, 50, 4, 7, 53, 80, 8, 28, 34, 49, 52, 0, 74, 69, 2, 13]|[1, 1, 0, 1, 1, 0, 1, 1, 2, 1, 2, 2, 2, 1, 1, 0, 0, 1, 0, 2, 2, 0, 1, 2, 0, 1, 2, 2, 0, 0, 1, 2, 1, 2, 1, 0, 2, 0, 1, 1, 0, 1, 1, 1, 0, 2, 1, 1, 0, 0, 0, 0, 1, 1, 2, 1, 2, 2, 0, 2, 1, 0, 1, 2, 1, 2, 1, 1, 1, 1, 1, 1, 0, 1, 2, 0, 2, 0, 0, 0, 2, 1, 2, 2, 1, 0, 1, 2, 0, 0, 1, 0, 2, 0, 1, 0, 2, 1, 0, 0]|[0, 3, 2, 2, 4, 1, 2, 3, 2, 4, 1, 1, 2, 4, 4, 1, 1, 4, 2, 1, 1, 1, 1, 2, 1, 2, 1, 1, 2, 1, 3, 2, 3, 0, 4, 0, 1, 1, 0, 3, 2, 2, 2, 0, 1, 1, 0, 4, 0, 1, 2, 2, 1, 4, 0, 3, 2, 1, 1, 1, 3, 1, 1, 1, 3, 0, 4, 3, 1, 4, 1, 1, 0, 4, 1, 1, 1, 1, 1, 2, 1, 3, 1, 1, 1, 1, 4, 1, 2, 1, 3, 2, 1, 1, 1, 2, 1, 4, 2, 2]|[0, 2, 1, 1, 3, 0, 1, 3, 0, 0, 0, 0, 1, 0, 1, 0, 0, 3, 1, 0, 0, 0, 3, 1, 0, 2, 0, 0, 0, 1, 0, 0, 0, 0, 3, 0, 1, 0, 0, 2, 1, 1, 1, 0, 0, 0, 0, 2, 1, 0, 0, 0, 1, 3, 0, 0, 1, 0, 0, 0, 2, 0, 1, 0, 2, 1, 0, 0, 1, 1, 3, 1, 1, 3, 0, 0, 0, 0, 0, 1, 0, 0, 0, 0, 1, 0, 0, 0, 1, 0, 2, 1, 0, 1, 1, 0, 0, 2, 0, 0],724.9395833867611,57689.77869234914,92566.52405273609,true
34,G2_TEC,G2_TEC,[31, 22, 82, 15, 26, 9, 95, 42, 77, 68, 47, 5, 93, 78, 86, 54, 85, 63, 18, 44, 20, 49, 36, 14, 74, 50, 53, 17, 21, 28, 11, 64, 3, 23, 30, 83, 24, 41, 40, 52, 65, 27, 90, 70, 39, 87, 48, 69, 99, 4, 75, 1, 13, 58, 97, 59, 45, 8, 73, 37, 35, 79, 71, 66, 76, 32, 60, 80, 56, 6, 67, 61, 33, 7, 57, 34, 12, 16, 10, 98, 96, 88, 43, 46, 91, 38, 84, 92, 29, 19, 51, 55, 81, 89, 25, 72, 94, 2, 0, 62]|[2, 1, 2, 1, 1, 2, 1, 1, 1, 1, 1, 0, 2, 2, 1, 2, 0, 0, 0, 2, 2, 1, 0, 2, 0, 2, 2, 1, 0, 1, 1, 1, 0, 0, 1, 0, 2, 1, 2, 2, 0, 0, 1, 1, 0, 2, 0, 2, 1, 0, 0, 2, 0, 0, 2, 0, 1, 1, 0, 0, 2, 1, 1, 2, 2, 0, 2, 2, 2, 1, 2, 1, 1, 2, 0, 1, 1, 2, 1, 2, 0, 1, 1, 0, 1, 0, 0, 0, 1, 1, 1, 0, 1, 1, 1, 1, 2, 2, 0, 1]|[0, 3, 0, 3, 4, 1, 4, 4, 2, 4, 3, 2, 1, 0, 2, 1, 1, 1, 2, 1, 1, 3, 0, 1, 0, 1, 1, 4, 1, 4, 3, 2, 2, 0, 4, 1, 1, 4, 1, 1, 2, 1, 4, 4, 1, 1, 0, 2, 3, 2, 2, 1, 2, 1, 1, 2, 4, 3, 0, 2, 2, 3, 3, 1, 1, 2, 1, 1, 1, 4, 1, 3, 4, 1, 2, 4, 3, 1, 3, 1, 2, 4, 4, 2, 3, 2, 2, 2, 3, 4, 3, 2, 4, 4, 4, 4, 1, 1, 2, 3]|[0, 2, 0, 0, 3, 0, 1, 3, 0, 0, 2, 0, 1, 0, 1, 0, 0, 0, 1, 0, 0, 2, 0, 0, 1, 0, 0, 3, 0, 1, 0, 2, 0, 0, 3, 0, 1, 1, 0, 0, 0, 0, 1, 3, 0, 0, 1, 0, 2, 0, 0, 0, 0, 0, 1, 0, 1, 0, 1, 1, 0, 2, 0, 0, 0, 0, 0, 0, 0, 2, 0, 0, 1, 0, 0, 1, 0, 0, 3, 0, 0, 1, 2, 0, 0, 0, 0, 0, 3, 1, 0, 0, 2, 1, 3, 1, 0, 0, 0, 0],908.8272556494078,49235.066718390466,107289.32240407266,false
34,G3_TWC,G3_TWC,[31, 22, 82, 15, 26, 58, 95, 42, 77, 12, 47, 5, 93, 78, 98, 54, 85, 63, 18, 44, 20, 35, 43, 97, 91, 76, 10, 30, 21, 45, 71, 64, 1, 23, 17, 83, 24, 14, 60, 36, 6, 57, 94, 88, 65, 56, 79, 40, 67, 68, 46, 75, 38, 9, 19, 32, 81, 41, 27, 62, 87, 90, 99, 59, 11, 16, 72, 73, 70, 39, 37, 84, 3, 92, 25, 55, 28, 29, 51, 7, 33, 61, 86, 48, 89, 50, 66, 96, 53, 80, 4, 8, 34, 49, 52, 0, 13, 2, 69, 74]|[1, 1, 0, 1, 1, 1, 2, 1, 2, 1, 2, 2, 2, 1, 1, 0, 0, 1, 0, 2, 2, 0, 1, 2, 0, 1, 2, 2, 0, 0, 1, 2, 1, 2, 1, 0, 2, 0, 1, 1, 0, 1, 1, 1, 0, 2, 1, 1, 0, 0, 0, 0, 1, 1, 2, 1, 2, 0, 0, 0, 2, 1, 0, 1, 2, 1, 2, 1, 1, 1, 1, 1, 2, 0, 1, 1, 0, 0, 0, 1, 2, 1, 0, 0, 1, 0, 0, 0, 0, 0, 0, 1, 2, 0, 1, 0, 0, 0, 1, 2]|[4, 3, 2, 2, 0, 0, 2, 2, 2, 4, 1, 1, 2, 4, 4, 1, 1, 4, 2, 1, 1, 1, 1, 2, 1, 2, 1, 1, 1, 1, 3, 2, 3, 0, 4, 0, 1, 1, 0, 3, 2, 2, 4, 0, 1, 1, 0, 2, 0, 1, 2, 2, 1, 4, 0, 3, 2, 1, 1, 2, 1, 3, 1, 1, 1, 3, 0, 4, 3, 1, 4, 1, 1, 2, 4, 4, 2, 1, 1, 3, 1, 3, 1, 1, 1, 1, 1, 1, 2, 1, 2, 3, 1, 1, 1, 2, 2, 2, 3, 1]|[0, 2, 1, 1, 3, 3, 0, 1, 0, 0, 0, 0, 1, 0, 1, 0, 0, 3, 1, 0, 0, 0, 3, 1, 0, 2, 0, 0, 0, 1, 0, 0, 0, 0, 3, 0, 1, 0, 0, 2, 1, 1, 2, 0, 0, 0, 0, 1, 1, 0, 0, 0, 1, 3, 0, 0, 1, 0, 0, 1, 0, 2, 0, 1, 0, 2, 1, 0, 0, 1, 1, 3, 0, 1, 3, 3, 1, 0, 0, 2, 0, 0, 0, 0, 1, 0, 0, 0, 1, 0, 1, 2, 0, 1, 1, 0, 0, 0, 0, 0],805.5394456933803,58046.77716663049,89050.44506242599,false
34,G1_CMAX,G1_CMAX,[31, 22, 82, 15, 26, 99, 95, 42, 77, 12, 47, 5, 93, 78, 86, 54, 21, 63, 18, 44, 20, 35, 43, 97, 91, 76, 10, 30, 85, 45, 71, 64, 1, 23, 57, 83, 24, 14, 60, 36, 6, 17, 40, 88, 65, 56, 79, 94, 67, 68, 46, 75, 38, 9, 19, 32, 41, 81, 27, 87, 90, 58, 59, 11, 16, 72, 73, 70, 39, 37, 84, 3, 92, 25, 55, 48, 62, 29, 51, 96, 33, 61, 98, 66, 89, 50, 4, 7, 53, 80, 8, 28, 34, 49, 52, 0, 74, 69, 2, 13]|[1, 1, 0, 1, 1, 0, 1, 1, 2, 1, 2, 2, 2, 1, 1, 0, 0, 1, 0, 2, 2, 0, 1, 2, 0, 1, 2, 2, 0, 0, 1, 2, 1, 2, 1, 0, 2, 0, 1, 1, 0, 1, 1, 1, 0, 2, 1, 1, 0, 0, 0, 0, 1, 1, 2, 1, 0, 2, 0, 2, 1, 0, 1, 2, 1, 2, 1, 1, 1, 1, 1, 1, 0, 1, 2, 0, 0, 0, 2, 2, 2, 1, 2, 2, 1, 0, 1, 2, 0, 0, 1, 0, 2, 0, 1, 0, 2, 1, 0, 0]|[0, 3, 2, 2, 4, 1, 2, 3, 2, 4, 1, 1, 2, 4, 4, 1, 1, 4, 2, 1, 1, 1, 1, 2, 1, 2, 1, 1, 2, 1, 3, 2, 3, 1, 4, 0, 1, 1, 0, 3, 2, 2, 2, 0, 1, 1, 0, 4, 0, 1, 2, 2, 1, 4, 0, 3, 1, 1, 1, 1, 3, 1, 1, 1, 3, 0, 4, 3, 1, 4, 1, 1, 2, 4, 1, 1, 2, 1, 2, 1, 1, 3, 1, 1, 1, 1, 4, 1, 2, 1, 3, 2, 1, 1, 1, 2, 1, 4, 2, 2]|[0, 2, 1, 1, 3, 0, 1, 3, 0, 0, 0, 0, 1, 0, 1, 0, 0, 3, 1, 0, 0, 0, 3, 1, 0, 2, 0, 0, 0, 1, 0, 0, 0, 0, 3, 0, 1, 0, 0, 2, 1, 1, 1, 0, 0, 0, 0, 2, 1, 0, 0, 0, 1, 3, 0, 0, 0, 0, 0, 0, 2, 0, 1, 0, 2, 1, 0, 0, 1, 1, 3, 1, 1, 3, 0, 0, 1, 0, 1, 0, 0, 0, 0, 0, 1, 0, 0, 0, 1, 0, 2, 1, 0, 1, 1, 0, 0, 2, 0, 0],726.9061273463456,57092.60052686413,92996.29751897219,false
34,G4_BALANCED,G1_CMAX,[31, 22, 82, 15, 26, 99, 95, 42, 77, 12, 47, 5, 93, 78, 86, 54, 21, 63, 18, 44, 20, 35, 43, 97, 91, 76, 10, 30, 85, 45, 71, 64, 1, 23, 17, 83, 24, 14, 60, 36, 6, 57, 40, 88, 65, 56, 79, 94, 67, 68, 46, 75, 38, 9, 19, 32, 41, 81, 27, 87, 90, 58, 59, 11, 16, 72, 73, 70, 39, 37, 84, 3, 92, 25, 55, 48, 96, 29, 51, 62, 33, 61, 98, 66, 89, 50, 4, 7, 53, 80, 8, 28, 34, 49, 52, 0, 74, 69, 2, 13]|[1, 1, 0, 1, 1, 0, 1, 1, 2, 1, 2, 2, 2, 1, 1, 0, 0, 1, 0, 2, 2, 0, 1, 2, 0, 1, 2, 2, 0, 0, 1, 2, 1, 2, 1, 0, 2, 0, 1, 1, 0, 1, 1, 1, 0, 2, 1, 1, 0, 0, 0, 0, 1, 1, 2, 1, 2, 2, 0, 2, 1, 0, 1, 2, 1, 2, 1, 1, 1, 1, 1, 1, 0, 1, 2, 0, 2, 0, 0, 0, 2, 1, 2, 2, 1, 0, 1, 2, 0, 0, 1, 0, 2, 0, 1, 0, 2, 1, 0, 0]|[0, 3, 2, 2, 4, 1, 2, 3, 2, 4, 1, 1, 2, 4, 4, 1, 1, 4, 2, 1, 1, 1, 1, 2, 1, 2, 1, 1, 2, 1, 3, 2, 3, 0, 4, 0, 1, 1, 0, 3, 2, 2, 2, 0, 1, 1, 0, 4, 0, 1, 2, 2, 1, 4, 0, 3, 2, 1, 1, 1, 3, 1, 1, 1, 3, 0, 4, 3, 1, 4, 1, 1, 0, 4, 1, 1, 1, 1, 1, 2, 1, 3, 1, 1, 1, 1, 4, 1, 2, 1, 3, 2, 1, 1, 1, 2, 1, 4, 2, 2]|[0, 2, 1, 1, 3, 0, 1, 3, 0, 0, 0, 0, 1, 0, 1, 0, 0, 3, 1, 0, 0, 0, 3, 1, 0, 2, 0, 0, 0, 1, 0, 0, 0, 0, 3, 0, 1, 0, 0, 2, 1, 1, 1, 0, 0, 0, 0, 2, 1, 0, 0, 0, 1, 3, 0, 0, 1, 0, 0, 0, 2, 0, 1, 0, 2, 1, 0, 0, 1, 1, 3, 1, 1, 3, 0, 0, 0, 0, 0, 1, 0, 0, 0, 0, 1, 0, 0, 0, 1, 0, 2, 1, 0, 1, 1, 0, 0, 2, 0, 0],724.9395833867611,57689.77869234914,92566.52405273609,true
34,G2_TEC,G2_TEC,[31, 22, 82, 15, 26, 9, 95, 42, 77, 68, 47, 5, 93, 78, 86, 54, 85, 63, 18, 44, 20, 49, 36, 14, 74, 50, 53, 17, 21, 28, 11, 64, 3, 23, 30, 83, 24, 41, 40, 52, 65, 27, 90, 70, 39, 87, 48, 69, 99, 4, 75, 1, 13, 58, 97, 59, 45, 8, 73, 37, 35, 79, 71, 66, 76, 32, 60, 80, 56, 6, 67, 61, 33, 7, 57, 34, 12, 16, 10, 98, 96, 88, 43, 46, 91, 38, 84, 92, 29, 19, 51, 55, 81, 89, 25, 72, 94, 2, 0, 62]|[2, 1, 2, 1, 1, 2, 1, 1, 1, 1, 1, 0, 2, 2, 1, 2, 0, 0, 0, 2, 2, 1, 0, 2, 0, 2, 2, 1, 0, 1, 1, 1, 0, 0, 1, 0, 2, 1, 2, 2, 0, 0, 1, 1, 0, 2, 0, 2, 1, 0, 0, 2, 0, 0, 2, 0, 1, 1, 0, 0, 2, 1, 1, 2, 2, 0, 2, 2, 2, 1, 2, 1, 1, 2, 0, 1, 1, 2, 1, 2, 0, 1, 1, 0, 1, 0, 0, 0, 1, 1, 1, 0, 1, 1, 1, 1, 2, 2, 0, 1]|[0, 3, 0, 3, 4, 1, 4, 4, 2, 4, 3, 2, 1, 0, 2, 1, 1, 1, 2, 1, 1, 3, 0, 1, 0, 1, 1, 4, 1, 4, 3, 2, 2, 0, 4, 1, 1, 4, 1, 1, 2, 1, 4, 4, 1, 1, 0, 2, 3, 2, 2, 1, 2, 1, 1, 2, 4, 3, 0, 2, 2, 3, 3, 1, 1, 2, 1, 1, 1, 4, 1, 3, 4, 1, 2, 4, 3, 1, 3, 1, 2, 4, 4, 2, 3, 2, 2, 2, 3, 4, 3, 2, 4, 4, 4, 4, 1, 1, 2, 3]|[0, 2, 0, 0, 3, 0, 1, 3, 0, 0, 2, 0, 1, 0, 1, 0, 0, 0, 1, 0, 0, 2, 0, 0, 1, 0, 0, 3, 0, 1, 0, 2, 0, 0, 3, 0, 1, 1, 0, 0, 0, 0, 1, 3, 0, 0, 1, 0, 2, 0, 0, 0, 0, 0, 1, 0, 1, 0, 1, 1, 0, 2, 0, 0, 0, 0, 0, 0, 0, 2, 0, 0, 1, 0, 0, 1, 0, 0, 3, 0, 0, 1, 2, 0, 0, 0, 0, 0, 3, 1, 0, 0, 2, 1, 3, 1, 0, 0, 0, 0],908.8272556494078,49235.066718390466,107289.32240407266,false
34,G3_TWC,G3_TWC,[31, 22, 82, 15, 26, 58, 95, 42, 77, 12, 47, 5, 93, 78, 98, 54, 85, 63, 18, 44, 20, 35, 43, 97, 91, 76, 10, 30, 21, 45, 71, 64, 1, 23, 17, 83, 24, 14, 60, 36, 6, 57, 94, 88, 65, 56, 79, 40, 67, 68, 46, 75, 38, 9, 19, 32, 81, 41, 27, 62, 87, 90, 99, 59, 11, 16, 72, 73, 70, 39, 37, 84, 3, 92, 25, 55, 28, 29, 51, 7, 33, 61, 86, 48, 89, 50, 66, 96, 53, 80, 4, 8, 34, 49, 52, 0, 13, 2, 69, 74]|[1, 1, 0, 1, 1, 1, 2, 1, 2, 1, 2, 2, 2, 1, 1, 0, 0, 1, 0, 2, 2, 0, 1, 2, 0, 1, 2, 2, 0, 0, 1, 2, 1, 2, 1, 0, 2, 0, 1, 1, 0, 1, 1, 1, 0, 2, 1, 1, 0, 0, 0, 0, 1, 1, 2, 1, 2, 0, 0, 0, 2, 1, 0, 1, 2, 1, 2, 1, 1, 1, 1, 1, 2, 0, 1, 1, 0, 0, 0, 1, 2, 1, 0, 0, 1, 0, 0, 0, 0, 0, 0, 1, 2, 0, 1, 0, 0, 0, 1, 2]|[4, 3, 2, 2, 0, 0, 2, 2, 2, 4, 1, 1, 2, 4, 4, 1, 1, 4, 2, 1, 1, 1, 1, 2, 1, 2, 1, 1, 1, 1, 3, 2, 3, 0, 4, 0, 1, 1, 0, 3, 2, 2, 4, 0, 1, 1, 0, 2, 0, 1, 2, 2, 1, 4, 0, 3, 2, 1, 1, 2, 1, 3, 1, 1, 1, 3, 0, 4, 3, 1, 4, 1, 1, 2, 4, 4, 2, 1, 1, 3, 1, 3, 1, 1, 1, 1, 1, 1, 2, 1, 2, 3, 1, 1, 1, 2, 2, 2, 3, 1]|[0, 2, 1, 1, 3, 3, 0, 1, 0, 0, 0, 0, 1, 0, 1, 0, 0, 3, 1, 0, 0, 0, 3, 1, 0, 2, 0, 0, 0, 1, 0, 0, 0, 0, 3, 0, 1, 0, 0, 2, 1, 1, 2, 0, 0, 0, 0, 1, 1, 0, 0, 0, 1, 3, 0, 0, 1, 0, 0, 1, 0, 2, 0, 1, 0, 2, 1, 0, 0, 1, 1, 3, 0, 1, 3, 3, 1, 0, 0, 2, 0, 0, 0, 0, 1, 0, 0, 0, 1, 0, 1, 2, 0, 1, 1, 0, 0, 0, 0, 0],805.5394456933803,58046.77716663049,89050.44506242599,false
34,G1_CMAX,G1_CMAX,[31, 22, 82, 15, 26, 99, 95, 42, 77, 12, 47, 5, 93, 78, 86, 54, 21, 63, 18, 44, 20, 35, 43, 97, 91, 76, 10, 30, 85, 45, 71, 64, 1, 23, 57, 83, 24, 14, 60, 36, 6, 17, 40, 88, 65, 56, 79, 94, 67, 68, 46, 75, 38, 9, 19, 32, 41, 81, 27, 87, 90, 58, 59, 11, 16, 72, 73, 70, 39, 37, 84, 3, 92, 25, 55, 48, 62, 29, 51, 96, 33, 61, 98, 66, 89, 50, 4, 7, 53, 80, 8, 28, 34, 49, 52, 0, 74, 69, 2, 13]|[1, 1, 0, 1, 1, 0, 1, 1, 2, 1, 2, 2, 2, 1, 1, 0, 0, 1, 0, 2, 2, 0, 1, 2, 0, 1, 2, 2, 0, 0, 1, 2, 1, 2, 1, 0, 2, 0, 1, 1, 0, 1, 1, 1, 0, 2, 1, 1, 0, 0, 0, 0, 1, 1, 2, 1, 0, 2, 0, 2, 1, 0, 1, 2, 1, 2, 1, 1, 1, 1, 1, 1, 0, 1, 2, 0, 0, 0, 2, 2, 2, 1, 2, 2, 1, 0, 1, 2, 0, 0, 1, 0, 2, 0, 1, 0, 2, 1, 0, 0]|[0, 3, 2, 2, 4, 1, 2, 3, 2, 4, 1, 1, 2, 4, 4, 1, 1, 4, 2, 1, 1, 1, 1, 2, 1, 2, 1, 1, 2, 1, 3, 2, 3, 1, 4, 0, 1, 1, 0, 3, 2, 2, 2, 0, 1, 1, 0, 4, 0, 1, 2, 2, 1, 4, 0, 3, 1, 1, 1, 1, 3, 1, 1, 1, 3, 0, 4, 3, 1, 4, 1, 1, 2, 4, 1, 1, 2, 1, 2, 1, 1, 3, 1, 1, 1, 1, 4, 1, 2, 1, 3, 2, 1, 1, 1, 2, 1, 4, 2, 2]|[0, 2, 1, 1, 3, 0, 1, 3, 0, 0, 0, 0, 1, 0, 1, 0, 0, 3, 1, 0, 0, 0, 3, 1, 0, 2, 0, 0, 0, 1, 0, 0, 0, 0, 3, 0, 1, 0, 0, 2, 1, 1, 1, 0, 0, 0, 0, 2, 1, 0, 0, 0, 1, 3, 0, 0, 0, 0, 0, 0, 2, 0, 1, 0, 2, 1, 0, 0, 1, 1, 3, 1, 1, 3, 0, 0, 1, 0, 1, 0, 0, 0, 0, 0, 1, 0, 0, 0, 1, 0, 2, 1, 0, 1, 1, 0, 0, 2, 0, 0],726.9061273463456,57092.60052686413,92996.29751897219,false
34,G4_BALANCED,G1_CMAX,[31, 22, 82, 15, 26, 99, 95, 42, 77, 12, 47, 5, 93, 78, 86, 54, 21, 63, 18, 44, 20, 35, 43, 97, 91, 76, 10, 30, 85, 45, 71, 64, 1, 23, 17, 83, 24, 14, 60, 36, 6, 57, 40, 88, 65, 56, 79, 94, 67, 68, 46, 75, 38, 9, 19, 32, 41, 81, 27, 87, 90, 58, 59, 11, 16, 72, 73, 70, 39, 37, 84, 3, 92, 25, 55, 48, 96, 29, 51, 62, 33, 61, 98, 66, 89, 50, 4, 7, 53, 80, 8, 28, 34, 49, 52, 0, 74, 69, 2, 13]|[1, 1, 0, 1, 1, 0, 1, 1, 2, 1, 2, 2, 2, 1, 1, 0, 0, 1, 0, 2, 2, 0, 1, 2, 0, 1, 2, 2, 0, 0, 1, 2, 1, 2, 1, 0, 2, 0, 1, 1, 0, 1, 1, 1, 0, 2, 1, 1, 0, 0, 0, 0, 1, 1, 2, 1, 2, 2, 0, 2, 1, 0, 1, 2, 1, 2, 1, 1, 1, 1, 1, 1, 0, 1, 2, 0, 2, 0, 0, 0, 2, 1, 2, 2, 1, 0, 1, 2, 0, 0, 1, 0, 2, 0, 1, 0, 2, 1, 0, 0]|[0, 3, 2, 2, 4, 1, 2, 3, 2, 4, 1, 1, 2, 4, 4, 1, 1, 4, 2, 1, 1, 1, 1, 2, 1, 2, 1, 1, 2, 1, 3, 2, 3, 0, 4, 0, 1, 1, 0, 3, 2, 2, 2, 0, 1, 1, 0, 4, 0, 1, 2, 2, 1, 4, 0, 3, 2, 1, 1, 1, 3, 1, 1, 1, 3, 0, 4, 3, 1, 4, 1, 1, 0, 4, 1, 1, 1, 1, 1, 2, 1, 3, 1, 1, 1, 1, 4, 1, 2, 1, 3, 2, 1, 1, 1, 2, 1, 4, 2, 2]|[0, 2, 1, 1, 3, 0, 1, 3, 0, 0, 0, 0, 1, 0, 1, 0, 0, 3, 1, 0, 0, 0, 3, 1, 0, 2, 0, 0, 0, 1, 0, 0, 0, 0, 3, 0, 1, 0, 0, 2, 1, 1, 1, 0, 0, 0, 0, 2, 1, 0, 0, 0, 1, 3, 0, 0, 1, 0, 0, 0, 2, 0, 1, 0, 2, 1, 0, 0, 1, 1, 3, 1, 1, 3, 0, 0, 0, 0, 0, 1, 0, 0, 0, 0, 1, 0, 0, 0, 1, 0, 2, 1, 0, 1, 1, 0, 0, 2, 0, 0],724.9395833867611,57689.77869234914,92566.52405273609,true
34,G2_TEC,G2_TEC,[31, 22, 82, 15, 26, 9, 95, 42, 77, 68, 47, 5, 93, 78, 86, 54, 85, 63, 18, 44, 20, 49, 36, 14, 74, 50, 53, 17, 21, 28, 11, 64, 3, 23, 30, 83, 24, 41, 40, 52, 65, 27, 90, 70, 39, 87, 48, 69, 99, 4, 75, 1, 13, 58, 97, 59, 45, 8, 73, 37, 35, 79, 71, 66, 76, 32, 60, 80, 56, 6, 67, 61, 33, 7, 57, 34, 12, 16, 10, 98, 96, 88, 43, 46, 91, 38, 84, 92, 29, 19, 51, 55, 81, 89, 25, 72, 94, 2, 0, 62]|[2, 1, 2, 1, 1, 2, 1, 1, 1, 1, 1, 0, 2, 2, 1, 2, 0, 0, 0, 2, 2, 1, 0, 2, 0, 2, 2, 1, 0, 1, 1, 1, 0, 0, 1, 0, 2, 1, 2, 2, 0, 0, 1, 1, 0, 2, 0, 2, 1, 0, 0, 2, 0, 0, 2, 0, 1, 1, 0, 0, 2, 1, 1, 2, 2, 0, 2, 2, 2, 1, 2, 1, 1, 2, 0, 1, 1, 2, 1, 2, 0, 1, 1, 0, 1, 0, 0, 0, 1, 1, 1, 0, 1, 1, 1, 1, 2, 2, 0, 1]|[0, 3, 0, 3, 4, 1, 4, 4, 2, 4, 3, 2, 1, 0, 2, 1, 1, 1, 2, 1, 1, 3, 0, 1, 0, 1, 1, 4, 1, 4, 3, 2, 2, 0, 4, 1, 1, 4, 1, 1, 2, 1, 4, 4, 1, 1, 0, 2, 3, 2, 2, 1, 2, 1, 1, 2, 4, 3, 0, 2, 2, 3, 3, 1, 1, 2, 1, 1, 1, 4, 1, 3, 4, 1, 2, 4, 3, 1, 3, 1, 2, 4, 4, 2, 3, 2, 2, 2, 3, 4, 3, 2, 4, 4, 4, 4, 1, 1, 2, 3]|[0, 2, 0, 0, 3, 0, 1, 3, 0, 0, 2, 0, 1, 0, 1, 0, 0, 0, 1, 0, 0, 2, 0, 0, 1, 0, 0, 3, 0, 1, 0, 2, 0, 0, 3, 0, 1, 1, 0, 0, 0, 0, 1, 3, 0, 0, 1, 0, 2, 0, 0, 0, 0, 0, 1, 0, 1, 0, 1, 1, 0, 2, 0, 0, 0, 0, 0, 0, 0, 2, 0, 0, 1, 0, 0, 1, 0, 0, 3, 0, 0, 1, 2, 0, 0, 0, 0, 0, 3, 1, 0, 0, 2, 1, 3, 1, 0, 0, 0, 0],908.8272556494078,49235.066718390466,107289.32240407266,false
34,G3_TWC,G3_TWC,[31, 22, 82, 15, 26, 58, 95, 42, 77, 12, 47, 5, 93, 78, 98, 54, 85, 63, 18, 44, 20, 35, 43, 97, 91, 76, 10, 30, 21, 45, 71, 64, 1, 23, 17, 83, 24, 14, 60, 36, 6, 57, 94, 88, 65, 56, 79, 40, 67, 68, 46, 75, 38, 9, 19, 32, 81, 41, 27, 62, 87, 90, 99, 59, 11, 16, 72, 73, 70, 39, 37, 84, 3, 92, 25, 55, 28, 29, 51, 7, 33, 61, 86, 48, 89, 50, 66, 96, 53, 80, 4, 8, 34, 49, 52, 0, 13, 2, 69, 74]|[1, 1, 0, 1, 1, 1, 2, 1, 2, 1, 2, 2, 2, 1, 1, 0, 0, 1, 0, 2, 2, 0, 1, 2, 0, 1, 2, 2, 0, 0, 1, 2, 1, 2, 1, 0, 2, 0, 1, 1, 0, 1, 1, 1, 0, 2, 1, 1, 0, 0, 0, 0, 1, 1, 2, 1, 2, 0, 0, 0, 2, 1, 0, 1, 2, 1, 2, 1, 1, 1, 1, 1, 2, 0, 1, 1, 0, 0, 0, 1, 2, 1, 0, 0, 1, 0, 0, 0, 0, 0, 0, 1, 2, 0, 1, 0, 0, 0, 1, 2]|[4, 3, 2, 2, 0, 0, 2, 2, 2, 4, 1, 1, 2, 4, 4, 1, 1, 4, 2, 1, 1, 1, 1, 2, 1, 2, 1, 1, 1, 1, 3, 2, 3, 0, 4, 0, 1, 1, 0, 3, 2, 2, 4, 0, 1, 1, 0, 2, 0, 1, 2, 2, 1, 4, 0, 3, 2, 1, 1, 2, 1, 3, 1, 1, 1, 3, 0, 4, 3, 1, 4, 1, 1, 2, 4, 4, 2, 1, 1, 3, 1, 3, 1, 1, 1, 1, 1, 1, 2, 1, 2, 3, 1, 1, 1, 2, 2, 2, 3, 1]|[0, 2, 1, 1, 3, 3, 0, 1, 0, 0, 0, 0, 1, 0, 1, 0, 0, 3, 1, 0, 0, 0, 3, 1, 0, 2, 0, 0, 0, 1, 0, 0, 0, 0, 3, 0, 1, 0, 0, 2, 1, 1, 2, 0, 0, 0, 0, 1, 1, 0, 0, 0, 1, 3, 0, 0, 1, 0, 0, 1, 0, 2, 0, 1, 0, 2, 1, 0, 0, 1, 1, 3, 0, 1, 3, 3, 1, 0, 0, 2, 0, 0, 0, 0, 1, 0, 0, 0, 1, 0, 1, 2, 0, 1, 1, 0, 0, 0, 0, 0],805.5394456933803,58046.77716663049,89050.44506242599,false
34,G1_CMAX,G1_CMAX,[31, 22, 82, 15, 26, 99, 95, 42, 77, 12, 47, 5, 93, 78, 86, 54, 21, 63, 18, 44, 20, 35, 43, 97, 91, 76, 10, 30, 85, 45, 71, 64, 1, 23, 57, 83, 24, 14, 60, 36, 6, 17, 40, 88, 65, 56, 79, 94, 67, 68, 46, 75, 38, 9, 19, 32, 41, 81, 27, 87, 90, 58, 59, 11, 16, 72, 73, 70, 39, 37, 84, 3, 92, 25, 55, 48, 62, 29, 51, 96, 33, 61, 98, 66, 89, 50, 4, 7, 53, 80, 8, 28, 34, 49, 52, 0, 74, 69, 2, 13]|[1, 1, 0, 1, 1, 0, 1, 1, 2, 1, 2, 2, 2, 1, 1, 0, 0, 1, 0, 2, 2, 0, 1, 2, 0, 1, 2, 2, 0, 0, 1, 2, 1, 2, 1, 0, 2, 0, 1, 1, 0, 1, 1, 1, 0, 2, 1, 1, 0, 0, 0, 0, 1, 1, 2, 1, 0, 2, 0, 2, 1, 0, 1, 2, 1, 2, 1, 1, 1, 1, 1, 1, 0, 1, 2, 0, 0, 0, 2, 2, 2, 1, 2, 2, 1, 0, 1, 2, 0, 0, 1, 0, 2, 0, 1, 0, 2, 1, 0, 0]|[0, 3, 2, 2, 4, 1, 2, 3, 2, 4, 1, 1, 2, 4, 4, 1, 1, 4, 2, 1, 1, 1, 1, 2, 1, 2, 1, 1, 2, 1, 3, 2, 3, 1, 4, 0, 1, 1, 0, 3, 2, 2, 2, 0, 1, 1, 0, 4, 0, 1, 2, 2, 1, 4, 0, 3, 1, 1, 1, 1, 3, 1, 1, 1, 3, 0, 4, 3, 1, 4, 1, 1, 2, 4, 1, 1, 2, 1, 2, 1, 1, 3, 1, 1, 1, 1, 4, 1, 2, 1, 3, 2, 1, 1, 1, 2, 1, 4, 2, 2]|[0, 2, 1, 1, 3, 0, 1, 3, 0, 0, 0, 0, 1, 0, 1, 0, 0, 3, 1, 0, 0, 0, 3, 1, 0, 2, 0, 0, 0, 1, 0, 0, 0, 0, 3, 0, 1, 0, 0, 2, 1, 1, 1, 0, 0, 0, 0, 2, 1, 0, 0, 0, 1, 3, 0, 0, 0, 0, 0, 0, 2, 0, 1, 0, 2, 1, 0, 0, 1, 1, 3, 1, 1, 3, 0, 0, 1, 0, 1, 0, 0, 0, 0, 0, 1, 0, 0, 0, 1, 0, 2, 1, 0, 1, 1, 0, 0, 2, 0, 0],726.9061273463456,57092.60052686413,92996.29751897219,false
34,G4_BALANCED,G1_CMAX,[31, 22, 82, 15, 26, 99, 95, 42, 77, 12, 47, 5, 93, 78, 86, 54, 21, 63, 18, 44, 20, 35, 43, 97, 91, 76, 10, 30, 85, 45, 71, 64, 1, 23, 17, 83, 24, 14, 60, 36, 6, 57, 40, 88, 65, 56, 79, 94, 67, 68, 46, 75, 38, 9, 19, 32, 41, 81, 27, 87, 90, 58, 59, 11, 16, 72, 73, 70, 39, 37, 84, 3, 92, 25, 55, 48, 96, 29, 51, 62, 33, 61, 98, 66, 89, 50, 4, 7, 53, 80, 8, 28, 34, 49, 52, 0, 74, 69, 2, 13]|[1, 1, 0, 1, 1, 0, 1, 1, 2, 1, 2, 2, 2, 1, 1, 0, 0, 1, 0, 2, 2, 0, 1, 2, 0, 1, 2, 2, 0, 0, 1, 2, 1, 2, 1, 0, 2, 0, 1, 1, 0, 1, 1, 1, 0, 2, 1, 1, 0, 0, 0, 0, 1, 1, 2, 1, 2, 2, 0, 2, 1, 0, 1, 2, 1, 2, 1, 1, 1, 1, 1, 1, 0, 1, 2, 0, 2, 0, 0, 0, 2, 1, 2, 2, 1, 0, 1, 2, 0, 0, 1, 0, 2, 0, 1, 0, 2, 1, 0, 0]|[0, 3, 2, 2, 4, 1, 2, 3, 2, 4, 1, 1, 2, 4, 4, 1, 1, 4, 2, 1, 1, 1, 1, 2, 1, 2, 1, 1, 2, 1, 3, 2, 3, 0, 4, 0, 1, 1, 0, 3, 2, 2, 2, 0, 1, 1, 0, 4, 0, 1, 2, 2, 1, 4, 0, 3, 2, 1, 1, 1, 3, 1, 1, 1, 3, 0, 4, 3, 1, 4, 1, 1, 0, 4, 1, 1, 1, 1, 1, 2, 1, 3, 1, 1, 1, 1, 4, 1, 2, 1, 3, 2, 1, 1, 1, 2, 1, 4, 2, 2]|[0, 2, 1, 1, 3, 0, 1, 3, 0, 0, 0, 0, 1, 0, 1, 0, 0, 3, 1, 0, 0, 0, 3, 1, 0, 2, 0, 0, 0, 1, 0, 0, 0, 0, 3, 0, 1, 0, 0, 2, 1, 1, 1, 0, 0, 0, 0, 2, 1, 0, 0, 0, 1, 3, 0, 0, 1, 0, 0, 0, 2, 0, 1, 0, 2, 1, 0, 0, 1, 1, 3, 1, 1, 3, 0, 0, 0, 0, 0, 1, 0, 0, 0, 0, 1, 0, 0, 0, 1, 0, 2, 1, 0, 1, 1, 0, 0, 2, 0, 0],724.9395833867611,57689.77869234914,92566.52405273609,true
34,G2_TEC,G2_TEC,[31, 22, 82, 15, 26, 9, 95, 42, 77, 68, 47, 5, 93, 78, 86, 54, 85, 63, 18, 44, 20, 49, 36, 14, 74, 50, 53, 17, 21, 28, 11, 64, 3, 23, 30, 83, 24, 41, 40, 52, 65, 27, 90, 70, 39, 87, 48, 69, 99, 4, 75, 1, 13, 58, 97, 59, 45, 8, 73, 37, 35, 79, 71, 66, 76, 32, 60, 80, 56, 6, 67, 61, 33, 7, 57, 34, 12, 16, 10, 98, 96, 88, 43, 46, 91, 38, 84, 92, 29, 19, 51, 55, 81, 89, 25, 72, 94, 2, 0, 62]|[2, 1, 2, 1, 1, 2, 1, 1, 1, 1, 1, 0, 2, 2, 1, 2, 0, 0, 0, 2, 2, 1, 0, 2, 0, 2, 2, 1, 0, 1, 1, 1, 0, 0, 1, 0, 2, 1, 2, 2, 0, 0, 1, 1, 0, 2, 0, 2, 1, 0, 0, 2, 0, 0, 2, 0, 1, 1, 0, 0, 2, 1, 1, 2, 2, 0, 2, 2, 2, 1, 2, 1, 1, 2, 0, 1, 1, 2, 1, 2, 0, 1, 1, 0, 1, 0, 0, 0, 1, 1, 1, 0, 1, 1, 1, 1, 2, 2, 0, 1]|[0, 3, 0, 3, 4, 1, 4, 4, 2, 4, 3, 2, 1, 0, 2, 1, 1, 1, 2, 1, 1, 3, 0, 1, 0, 1, 1, 4, 1, 4, 3, 2, 2, 0, 4, 1, 1, 4, 1, 1, 2, 1, 4, 4, 1, 1, 0, 2, 3, 2, 2, 1, 2, 1, 1, 2, 4, 3, 0, 2, 2, 3, 3, 1, 1, 2, 1, 1, 1, 4, 1, 3, 4, 1, 2, 4, 3, 1, 3, 1, 2, 4, 4, 2, 3, 2, 2, 2, 3, 4, 3, 2, 4, 4, 4, 4, 1, 1, 2, 3]|[0, 2, 0, 0, 3, 0, 1, 3, 0, 0, 2, 0, 1, 0, 1, 0, 0, 0, 1, 0, 0, 2, 0, 0, 1, 0, 0, 3, 0, 1, 0, 2, 0, 0, 3, 0, 1, 1, 0, 0, 0, 0, 1, 3, 0, 0, 1, 0, 2, 0, 0, 0, 0, 0, 1, 0, 1, 0, 1, 1, 0, 2, 0, 0, 0, 0, 0, 0, 0, 2, 0, 0, 1, 0, 0, 1, 0, 0, 3, 0, 0, 1, 2, 0, 0, 0, 0, 0, 3, 1, 0, 0, 2, 1, 3, 1, 0, 0, 0, 0],908.8272556494078,49235.066718390466,107289.32240407266,false
34,G3_TWC,G3_TWC,[31, 22, 82, 15, 26, 58, 95, 42, 77, 12, 47, 5, 93, 78, 98, 54, 85, 63, 18, 44, 20, 35, 43, 97, 91, 76, 10, 30, 21, 45, 71, 64, 1, 23, 17, 83, 24, 14, 60, 36, 6, 57, 94, 88, 65, 56, 79, 40, 67, 68, 46, 75, 38, 9, 19, 32, 81, 41, 27, 62, 87, 90, 99, 59, 11, 16, 72, 73, 70, 39, 37, 84, 3, 92, 25, 55, 28, 29, 51, 7, 33, 61, 86, 48, 89, 50, 66, 96, 53, 80, 4, 8, 34, 49, 52, 0, 13, 2, 69, 74]|[1, 1, 0, 1, 1, 1, 2, 1, 2, 1, 2, 2, 2, 1, 1, 0, 0, 1, 0, 2, 2, 0, 1, 2, 0, 1, 2, 2, 0, 0, 1, 2, 1, 2, 1, 0, 2, 0, 1, 1, 0, 1, 1, 1, 0, 2, 1, 1, 0, 0, 0, 0, 1, 1, 2, 1, 2, 0, 0, 0, 2, 1, 0, 1, 2, 1, 2, 1, 1, 1, 1, 1, 2, 0, 1, 1, 0, 0, 0, 1, 2, 1, 0, 0, 1, 0, 0, 0, 0, 0, 0, 1, 2, 0, 1, 0, 0, 0, 1, 2]|[4, 3, 2, 2, 0, 0, 2, 2, 2, 4, 1, 1, 2, 4, 4, 1, 1, 4, 2, 1, 1, 1, 1, 2, 1, 2, 1, 1, 1, 1, 3, 2, 3, 0, 4, 0, 1, 1, 0, 3, 2, 2, 4, 0, 1, 1, 0, 2, 0, 1, 2, 2, 1, 4, 0, 3, 2, 1, 1, 2, 1, 3, 1, 1, 1, 3, 0, 4, 3, 1, 4, 1, 1, 2, 4, 4, 2, 1, 1, 3, 1, 3, 1, 1, 1, 1, 1, 1, 2, 1, 2, 3, 1, 1, 1, 2, 2, 2, 3, 1]|[0, 2, 1, 1, 3, 3, 0, 1, 0, 0, 0, 0, 1, 0, 1, 0, 0, 3, 1, 0, 0, 0, 3, 1, 0, 2, 0, 0, 0, 1, 0, 0, 0, 0, 3, 0, 1, 0, 0, 2, 1, 1, 2, 0, 0, 0, 0, 1, 1, 0, 0, 0, 1, 3, 0, 0, 1, 0, 0, 1, 0, 2, 0, 1, 0, 2, 1, 0, 0, 1, 1, 3, 0, 1, 3, 3, 1, 0, 0, 2, 0, 0, 0, 0, 1, 0, 0, 0, 1, 0, 1, 2, 0, 1, 1, 0, 0, 0, 0, 0],805.5394456933803,58046.77716663049,89050.44506242599,false
34,G1_CMAX,G1_CMAX,[31, 22, 82, 15, 26, 99, 95, 42, 77, 12, 47, 5, 93, 78, 86, 54, 21, 63, 18, 44, 20, 35, 43, 97, 91, 76, 10, 30, 85, 45, 71, 64, 1, 23, 57, 83, 24, 14, 60, 36, 6, 17, 40, 88, 65, 56, 79, 94, 67, 68, 46, 75, 38, 9, 19, 32, 41, 81, 27, 87, 90, 58, 59, 11, 16, 72, 73, 70, 39, 37, 84, 3, 92, 25, 55, 48, 62, 29, 51, 96, 33, 61, 98, 66, 89, 50, 4, 7, 53, 80, 8, 28, 34, 49, 52, 0, 74, 69, 2, 13]|[1, 1, 0, 1, 1, 0, 1, 1, 2, 1, 2, 2, 2, 1, 1, 0, 0, 1, 0, 2, 2, 0, 1, 2, 0, 1, 2, 2, 0, 0, 1, 2, 1, 2, 1, 0, 2, 0, 1, 1, 0, 1, 1, 1, 0, 2, 1, 1, 0, 0, 0, 0, 1, 1, 2, 1, 0, 2, 0, 2, 1, 0, 1, 2, 1, 2, 1, 1, 1, 1, 1, 1, 0, 1, 2, 0, 0, 0, 2, 2, 2, 1, 2, 2, 1, 0, 1, 2, 0, 0, 1, 0, 2, 0, 1, 0, 2, 1, 0, 0]|[0, 3, 2, 2, 4, 1, 2, 3, 2, 4, 1, 1, 2, 4, 4, 1, 1, 4, 2, 1, 1, 1, 1, 2, 1, 2, 1, 1, 2, 1, 3, 2, 3, 1, 4, 0, 1, 1, 0, 3, 2, 2, 2, 0, 1, 1, 0, 4, 0, 1, 2, 2, 1, 4, 0, 3, 1, 1, 1, 1, 3, 1, 1, 1, 3, 0, 4, 3, 1, 4, 1, 1, 2, 4, 1, 1, 2, 1, 2, 1, 1, 3, 1, 1, 1, 1, 4, 1, 2, 1, 3, 2, 1, 1, 1, 2, 1, 4, 2, 2]|[0, 2, 1, 1, 3, 0, 1, 3, 0, 0, 0, 0, 1, 0, 1, 0, 0, 3, 1, 0, 0, 0, 3, 1, 0, 2, 0, 0, 0, 1, 0, 0, 0, 0, 3, 0, 1, 0, 0, 2, 1, 1, 1, 0, 0, 0, 0, 2, 1, 0, 0, 0, 1, 3, 0, 0, 0, 0, 0, 0, 2, 0, 1, 0, 2, 1, 0, 0, 1, 1, 3, 1, 1, 3, 0, 0, 1, 0, 1, 0, 0, 0, 0, 0, 1, 0, 0, 0, 1, 0, 2, 1, 0, 1, 1, 0, 0, 2, 0, 0],726.9061273463456,57092.60052686413,92996.29751897219,false
34,G4_BALANCED,G1_CMAX,[31, 22, 82, 15, 26, 99, 95, 42, 77, 12, 47, 5, 93, 78, 86, 54, 21, 63, 18, 44, 20, 35, 43, 97, 91, 76, 10, 30, 85, 45, 71, 64, 1, 23, 17, 83, 24, 14, 60, 36, 6, 57, 40, 88, 65, 56, 79, 94, 67, 68, 46, 75, 38, 9, 19, 32, 41, 81, 27, 87, 90, 58, 59, 11, 16, 72, 73, 70, 39, 37, 84, 3, 92, 25, 55, 48, 96, 29, 51, 62, 33, 61, 98, 66, 89, 50, 4, 7, 53, 80, 8, 28, 34, 49, 52, 0, 74, 69, 2, 13]|[1, 1, 0, 1, 1, 0, 1, 1, 2, 1, 2, 2, 2, 1, 1, 0, 0, 1, 0, 2, 2, 0, 1, 2, 0, 1, 2, 2, 0, 0, 1, 2, 1, 2, 1, 0, 2, 0, 1, 1, 0, 1, 1, 1, 0, 2, 1, 1, 0, 0, 0, 0, 1, 1, 2, 1, 2, 2, 0, 2, 1, 0, 1, 2, 1, 2, 1, 1, 1, 1, 1, 1, 0, 1, 2, 0, 2, 0, 0, 0, 2, 1, 2, 2, 1, 0, 1, 2, 0, 0, 1, 0, 2, 0, 1, 0, 2, 1, 0, 0]|[0, 3, 2, 2, 4, 1, 2, 3, 2, 4, 1, 1, 2, 4, 4, 1, 1, 4, 2, 1, 1, 1, 1, 2, 1, 2, 1, 1, 2, 1, 3, 2, 3, 0, 4, 0, 1, 1, 0, 3, 2, 2, 2, 0, 1, 1, 0, 4, 0, 1, 2, 2, 1, 4, 0, 3, 2, 1, 1, 1, 3, 1, 1, 1, 3, 0, 4, 3, 1, 4, 1, 1, 0, 4, 1, 1, 1, 1, 1, 2, 1, 3, 1, 1, 1, 1, 4, 1, 2, 1, 3, 2, 1, 1, 1, 2, 1, 4, 2, 2]|[0, 2, 1, 1, 3, 0, 1, 3, 0, 0, 0, 0, 1, 0, 1, 0, 0, 3, 1, 0, 0, 0, 3, 1, 0, 2, 0, 0, 0, 1, 0, 0, 0, 0, 3, 0, 1, 0, 0, 2, 1, 1, 1, 0, 0, 0, 0, 2, 1, 0, 0, 0, 1, 3, 0, 0, 1, 0, 0, 0, 2, 0, 1, 0, 2, 1, 0, 0, 1, 1, 3, 1, 1, 3, 0, 0, 0, 0, 0, 1, 0, 0, 0, 0, 1, 0, 0, 0, 1, 0, 2, 1, 0, 1, 1, 0, 0, 2, 0, 0],724.9395833867611,57689.77869234914,92566.52405273609,true
34,G2_TEC,G2_TEC,[31, 22, 82, 15, 26, 9, 95, 42, 77, 68, 47, 5, 93, 78, 86, 54, 85, 63, 18, 44, 20, 49, 36, 14, 74, 50, 53, 17, 21, 28, 11, 64, 3, 23, 30, 83, 24, 41, 40, 52, 65, 27, 90, 70, 39, 87, 48, 69, 99, 4, 75, 1, 13, 58, 97, 59, 45, 8, 73, 37, 35, 79, 71, 66, 76, 32, 60, 80, 56, 6, 67, 61, 33, 7, 57, 34, 12, 16, 10, 98, 96, 88, 43, 46, 91, 38, 84, 92, 29, 19, 51, 55, 81, 89, 25, 72, 94, 2, 0, 62]|[2, 1, 2, 1, 1, 2, 1, 1, 1, 1, 1, 0, 2, 2, 1, 2, 0, 0, 0, 2, 2, 1, 0, 2, 0, 2, 2, 1, 0, 1, 1, 1, 0, 0, 1, 0, 2, 1, 2, 2, 0, 0, 1, 1, 0, 2, 0, 2, 1, 0, 0, 2, 0, 0, 2, 0, 1, 1, 0, 0, 2, 1, 1, 2, 2, 0, 2, 2, 2, 1, 2, 1, 1, 2, 0, 1, 1, 2, 1, 2, 0, 1, 1, 0, 1, 0, 0, 0, 1, 1, 1, 0, 1, 1, 1, 1, 2, 2, 0, 1]|[0, 3, 0, 3, 4, 1, 4, 4, 2, 4, 3, 2, 1, 0, 2, 1, 1, 1, 2, 1, 1, 3, 0, 1, 0, 1, 1, 4, 1, 4, 3, 2, 2, 0, 4, 1, 1, 4, 1, 1, 2, 1, 4, 4, 1, 1, 0, 2, 3, 2, 2, 1, 2, 1, 1, 2, 4, 3, 0, 2, 2, 3, 3, 1, 1, 2, 1, 1, 1, 4, 1, 3, 4, 1, 2, 4, 3, 1, 3, 1, 2, 4, 4, 2, 3, 2, 2, 2, 3, 4, 3, 2, 4, 4, 4, 4, 1, 1, 2, 3]|[0, 2, 0, 0, 3, 0, 1, 3, 0, 0, 2, 0, 1, 0, 1, 0, 0, 0, 1, 0, 0, 2, 0, 0, 1, 0, 0, 3, 0, 1, 0, 2, 0, 0, 3, 0, 1, 1, 0, 0, 0, 0, 1, 3, 0, 0, 1, 0, 2, 0, 0, 0, 0, 0, 1, 0, 1, 0, 1, 1, 0, 2, 0, 0, 0, 0, 0, 0, 0, 2, 0, 0, 1, 0, 0, 1, 0, 0, 3, 0, 0, 1, 2, 0, 0, 0, 0, 0, 3, 1, 0, 0, 2, 1, 3, 1, 0, 0, 0, 0],908.8272556494078,49235.066718390466,107289.32240407266,false
34,G3_TWC,G3_TWC,[31, 22, 82, 15, 26, 58, 95, 42, 77, 12, 47, 5, 93, 78, 98, 54, 85, 63, 18, 44, 20, 35, 43, 97, 91, 76, 10, 30, 21, 45, 71, 64, 1, 23, 17, 83, 24, 14, 60, 36, 6, 57, 94, 88, 65, 56, 79, 40, 67, 68, 46, 75, 38, 9, 19, 32, 81, 41, 27, 62, 87, 90, 99, 59, 11, 16, 72, 73, 70, 39, 37, 84, 3, 92, 25, 55, 28, 29, 51, 7, 33, 61, 86, 48, 89, 50, 66, 96, 53, 80, 4, 8, 34, 49, 52, 0, 13, 2, 69, 74]|[1, 1, 0, 1, 1, 1, 2, 1, 2, 1, 2, 2, 2, 1, 1, 0, 0, 1, 0, 2, 2, 0, 1, 2, 0, 1, 2, 2, 0, 0, 1, 2, 1, 2, 1, 0, 2, 0, 1, 1, 0, 1, 1, 1, 0, 2, 1, 1, 0, 0, 0, 0, 1, 1, 2, 1, 2, 0, 0, 0, 2, 1, 0, 1, 2, 1, 2, 1, 1, 1, 1, 1, 2, 0, 1, 1, 0, 0, 0, 1, 2, 1, 0, 0, 1, 0, 0, 0, 0, 0, 0, 1, 2, 0, 1, 0, 0, 0, 1, 2]|[4, 3, 2, 2, 0, 0, 2, 2, 2, 4, 1, 1, 2, 4, 4, 1, 1, 4, 2, 1, 1, 1, 1, 2, 1, 2, 1, 1, 1, 1, 3, 2, 3, 0, 4, 0, 1, 1, 0, 3, 2, 2, 4, 0, 1, 1, 0, 2, 0, 1, 2, 2, 1, 4, 0, 3, 2, 1, 1, 2, 1, 3, 1, 1, 1, 3, 0, 4, 3, 1, 4, 1, 1, 2, 4, 4, 2, 1, 1, 3, 1, 3, 1, 1, 1, 1, 1, 1, 2, 1, 2, 3, 1, 1, 1, 2, 2, 2, 3, 1]|[0, 2, 1, 1, 3, 3, 0, 1, 0, 0, 0, 0, 1, 0, 1, 0, 0, 3, 1, 0, 0, 0, 3, 1, 0, 2, 0, 0, 0, 1, 0, 0, 0, 0, 3, 0, 1, 0, 0, 2, 1, 1, 2, 0, 0, 0, 0, 1, 1, 0, 0, 0, 1, 3, 0, 0, 1, 0, 0, 1, 0, 2, 0, 1, 0, 2, 1, 0, 0, 1, 1, 3, 0, 1, 3, 3, 1, 0, 0, 2, 0, 0, 0, 0, 1, 0, 0, 0, 1, 0, 1, 2, 0, 1, 1, 0, 0, 0, 0, 0],805.5394456933803,58046.77716663049,89050.44506242599,false
34,G1_CMAX,G1_CMAX,[31, 22, 82, 15, 26, 99, 95, 42, 77, 12, 47, 5, 93, 78, 86, 54, 21, 63, 18, 44, 20, 35, 43, 97, 91, 76, 10, 30, 85, 45, 71, 64, 1, 23, 57, 83, 24, 14, 60, 36, 6, 17, 40, 88, 65, 56, 79, 94, 67, 68, 46, 75, 38, 9, 19, 32, 41, 81, 27, 87, 90, 58, 59, 11, 16, 72, 73, 70, 39, 37, 84, 3, 92, 25, 55, 48, 62, 29, 51, 96, 33, 61, 98, 66, 89, 50, 4, 7, 53, 80, 8, 28, 34, 49, 52, 0, 74, 69, 2, 13]|[1, 1, 0, 1, 1, 0, 1, 1, 2, 1, 2, 2, 2, 1, 1, 0, 0, 1, 0, 2, 2, 0, 1, 2, 0, 1, 2, 2, 0, 0, 1, 2, 1, 2, 1, 0, 2, 0, 1, 1, 0, 1, 1, 1, 0, 2, 1, 1, 0, 0, 0, 0, 1, 1, 2, 1, 0, 2, 0, 2, 1, 0, 1, 2, 1, 2, 1, 1, 1, 1, 1, 1, 0, 1, 2, 0, 0, 0, 2, 2, 2, 1, 2, 2, 1, 0, 1, 2, 0, 0, 1, 0, 2, 0, 1, 0, 2, 1, 0, 0]|[0, 3, 2, 2, 4, 1, 2, 3, 2, 4, 1, 1, 2, 4, 4, 1, 1, 4, 2, 1, 1, 1, 1, 2, 1, 2, 1, 1, 2, 1, 3, 2, 3, 1, 4, 0, 1, 1, 0, 3, 2, 2, 2, 0, 1, 1, 0, 4, 0, 1, 2, 2, 1, 4, 0, 3, 1, 1, 1, 1, 3, 1, 1, 1, 3, 0, 4, 3, 1, 4, 1, 1, 2, 4, 1, 1, 2, 1, 2, 1, 1, 3, 1, 1, 1, 1, 4, 1, 2, 1, 3, 2, 1, 1, 1, 2, 1, 4, 2, 2]|[0, 2, 1, 1, 3, 0, 1, 3, 0, 0, 0, 0, 1, 0, 1, 0, 0, 3, 1, 0, 0, 0, 3, 1, 0, 2, 0, 0, 0, 1, 0, 0, 0, 0, 3, 0, 1, 0, 0, 2, 1, 1, 1, 0, 0, 0, 0, 2, 1, 0, 0, 0, 1, 3, 0, 0, 0, 0, 0, 0, 2, 0, 1, 0, 2, 1, 0, 0, 1, 1, 3, 1, 1, 3, 0, 0, 1, 0, 1, 0, 0, 0, 0, 0, 1, 0, 0, 0, 1, 0, 2, 1, 0, 1, 1, 0, 0, 2, 0, 0],726.9061273463456,57092.60052686413,92996.29751897219,false
34,G4_BALANCED,G1_CMAX,[31, 22, 82, 15, 26, 99, 95, 42, 77, 12, 47, 5, 93, 78, 86, 54, 21, 63, 18, 44, 20, 35, 43, 97, 91, 76, 10, 30, 85, 45, 71, 64, 1, 23, 17, 83, 24, 14, 60, 36, 6, 57, 40, 88, 65, 56, 79, 94, 67, 68, 46, 75, 38, 9, 19, 32, 41, 81, 27, 87, 90, 58, 59, 11, 16, 72, 73, 70, 39, 37, 84, 3, 92, 25, 55, 48, 96, 29, 51, 62, 33, 61, 98, 66, 89, 50, 4, 7, 53, 80, 8, 28, 34, 49, 52, 0, 74, 69, 2, 13]|[1, 1, 0, 1, 1, 0, 1, 1, 2, 1, 2, 2, 2, 1, 1, 0, 0, 1, 0, 2, 2, 0, 1, 2, 0, 1, 2, 2, 0, 0, 1, 2, 1, 2, 1, 0, 2, 0, 1, 1, 0, 1, 1, 1, 0, 2, 1, 1, 0, 0, 0, 0, 1, 1, 2, 1, 2, 2, 0, 2, 1, 0, 1, 2, 1, 2, 1, 1, 1, 1, 1, 1, 0, 1, 2, 0, 2, 0, 0, 0, 2, 1, 2, 2, 1, 0, 1, 2, 0, 0, 1, 0, 2, 0, 1, 0, 2, 1, 0, 0]|[0, 3, 2, 2, 4, 1, 2, 3, 2, 4, 1, 1, 2, 4, 4, 1, 1, 4, 2, 1, 1, 1, 1, 2, 1, 2, 1, 1, 2, 1, 3, 2, 3, 0, 4, 0, 1, 1, 0, 3, 2, 2, 2, 0, 1, 1, 0, 4, 0, 1, 2, 2, 1, 4, 0, 3, 2, 1, 1, 1, 3, 1, 1, 1, 3, 0, 4, 3, 1, 4, 1, 1, 0, 4, 1, 1, 1, 1, 1, 2, 1, 3, 1, 1, 1, 1, 4, 1, 2, 1, 3, 2, 1, 1, 1, 2, 1, 4, 2, 2]|[0, 2, 1, 1, 3, 0, 1, 3, 0, 0, 0, 0, 1, 0, 1, 0, 0, 3, 1, 0, 0, 0, 3, 1, 0, 2, 0, 0, 0, 1, 0, 0, 0, 0, 3, 0, 1, 0, 0, 2, 1, 1, 1, 0, 0, 0, 0, 2, 1, 0, 0, 0, 1, 3, 0, 0, 1, 0, 0, 0, 2, 0, 1, 0, 2, 1, 0, 0, 1, 1, 3, 1, 1, 3, 0, 0, 0, 0, 0, 1, 0, 0, 0, 0, 1, 0, 0, 0, 1, 0, 2, 1, 0, 1, 1, 0, 0, 2, 0, 0],724.9395833867611,57689.77869234914,92566.52405273609,true
34,G2_TEC,G2_TEC,[31, 22, 82, 15, 26, 9, 95, 42, 77, 68, 47, 5, 93, 78, 86, 54, 85, 63, 18, 44, 20, 49, 36, 14, 74, 50, 53, 17, 21, 28, 11, 64, 3, 23, 30, 83, 24, 41, 40, 52, 65, 27, 90, 70, 39, 87, 48, 69, 99, 4, 75, 1, 13, 58, 97, 59, 45, 8, 73, 37, 35, 79, 71, 66, 76, 32, 60, 80, 56, 6, 67, 61, 33, 7, 57, 34, 12, 16, 10, 98, 96, 88, 43, 46, 91, 38, 84, 92, 29, 19, 51, 55, 81, 89, 25, 72, 94, 2, 0, 62]|[2, 1, 2, 1, 1, 2, 1, 1, 1, 1, 1, 0, 2, 2, 1, 2, 0, 0, 0, 2, 2, 1, 0, 2, 0, 2, 2, 1, 0, 1, 1, 1, 0, 0, 1, 0, 2, 1, 2, 2, 0, 0, 1, 1, 0, 2, 0, 2, 1, 0, 0, 2, 0, 0, 2, 0, 1, 1, 0, 0, 2, 1, 1, 2, 2, 0, 2, 2, 2, 1, 2, 1, 1, 2, 0, 1, 1, 2, 1, 2, 0, 1, 1, 0, 1, 0, 0, 0, 1, 1, 1, 0, 1, 1, 1, 1, 2, 2, 0, 1]|[0, 3, 0, 3, 4, 1, 4, 4, 2, 4, 3, 2, 1, 0, 2, 1, 1, 1, 2, 1, 1, 3, 0, 1, 0, 1, 1, 4, 1, 4, 3, 2, 2, 0, 4, 1, 1, 4, 1, 1, 2, 1, 4, 4, 1, 1, 0, 2, 3, 2, 2, 1, 2, 1, 1, 2, 4, 3, 0, 2, 2, 3, 3, 1, 1, 2, 1, 1, 1, 4, 1, 3, 4, 1, 2, 4, 3, 1, 3, 1, 2, 4, 4, 2, 3, 2, 2, 2, 3, 4, 3, 2, 4, 4, 4, 4, 1, 1, 2, 3]|[0, 2, 0, 0, 3, 0, 1, 3, 0, 0, 2, 0, 1, 0, 1, 0, 0, 0, 1, 0, 0, 2, 0, 0, 1, 0, 0, 3, 0, 1, 0, 2, 0, 0, 3, 0, 1, 1, 0, 0, 0, 0, 1, 3, 0, 0, 1, 0, 2, 0, 0, 0, 0, 0, 1, 0, 1, 0, 1, 1, 0, 2, 0, 0, 0, 0, 0, 0, 0, 2, 0, 0, 1, 0, 0, 1, 0, 0, 3, 0, 0, 1, 2, 0, 0, 0, 0, 0, 3, 1, 0, 0, 2, 1, 3, 1, 0, 0, 0, 0],908.8272556494078,49235.066718390466,107289.32240407266,false
34,G3_TWC,G3_TWC,[31, 22, 82, 15, 26, 58, 95, 42, 77, 12, 47, 5, 93, 78, 98, 54, 85, 63, 18, 44, 20, 35, 43, 97, 91, 76, 10, 30, 21, 45, 71, 64, 1, 23, 17, 83, 24, 14, 60, 36, 6, 57, 94, 88, 65, 56, 79, 40, 67, 68, 46, 75, 38, 9, 19, 32, 81, 41, 27, 62, 87, 90, 99, 59, 11, 16, 72, 73, 70, 39, 37, 84, 3, 92, 25, 55, 28, 29, 51, 7, 33, 61, 86, 48, 89, 50, 66, 96, 53, 80, 4, 8, 34, 49, 52, 0, 13, 2, 69, 74]|[1, 1, 0, 1, 1, 1, 2, 1, 2, 1, 2, 2, 2, 1, 1, 0, 0, 1, 0, 2, 2, 0, 1, 2, 0, 1, 2, 2, 0, 0, 1, 2, 1, 2, 1, 0, 2, 0, 1, 1, 0, 1, 1, 1, 0, 2, 1, 1, 0, 0, 0, 0, 1, 1, 2, 1, 2, 0, 0, 0, 2, 1, 0, 1, 2, 1, 2, 1, 1, 1, 1, 1, 2, 0, 1, 1, 0, 0, 0, 1, 2, 1, 0, 0, 1, 0, 0, 0, 0, 0, 0, 1, 2, 0, 1, 0, 0, 0, 1, 2]|[4, 3, 2, 2, 0, 0, 2, 2, 2, 4, 1, 1, 2, 4, 4, 1, 1, 4, 2, 1, 1, 1, 1, 2, 1, 2, 1, 1, 1, 1, 3, 2, 3, 0, 4, 0, 1, 1, 0, 3, 2, 2, 4, 0, 1, 1, 0, 2, 0, 1, 2, 2, 1, 4, 0, 3, 2, 1, 1, 2, 1, 3, 1, 1, 1, 3, 0, 4, 3, 1, 4, 1, 1, 2, 4, 4, 2, 1, 1, 3, 1, 3, 1, 1, 1, 1, 1, 1, 2, 1, 2, 3, 1, 1, 1, 2, 2, 2, 3, 1]|[0, 2, 1, 1, 3, 3, 0, 1, 0, 0, 0, 0, 1, 0, 1, 0, 0, 3, 1, 0, 0, 0, 3, 1, 0, 2, 0, 0, 0, 1, 0, 0, 0, 0, 3, 0, 1, 0, 0, 2, 1, 1, 2, 0, 0, 0, 0, 1, 1, 0, 0, 0, 1, 3, 0, 0, 1, 0, 0, 1, 0, 2, 0, 1, 0, 2, 1, 0, 0, 1, 1, 3, 0, 1, 3, 3, 1, 0, 0, 2, 0, 0, 0, 0, 1, 0, 0, 0, 1, 0, 1, 2, 0, 1, 1, 0, 0, 0, 0, 0],805.5394456933803,58046.77716663049,89050.44506242599,false
34,G1_CMAX,G1_CMAX,[31, 22, 82, 15, 26, 99, 95, 42, 77, 12, 47, 5, 93, 78, 86, 54, 21, 63, 18, 44, 20, 35, 43, 97, 91, 76, 10, 30, 85, 45, 71, 64, 1, 23, 57, 83, 24, 14, 60, 36, 6, 17, 40, 88, 65, 56, 79, 94, 67, 68, 46, 75, 38, 9, 19, 32, 41, 81, 27, 87, 90, 58, 59, 11, 16, 72, 73, 70, 39, 37, 84, 3, 92, 25, 55, 48, 62, 29, 51, 96, 33, 61, 98, 66, 89, 50, 4, 7, 53, 80, 8, 28, 34, 49, 52, 0, 74, 69, 2, 13]|[1, 1, 0, 1, 1, 0, 1, 1, 2, 1, 2, 2, 2, 1, 1, 0, 0, 1, 0, 2, 2, 0, 1, 2, 0, 1, 2, 2, 0, 0, 1, 2, 1, 2, 1, 0, 2, 0, 1, 1, 0, 1, 1, 1, 0, 2, 1, 1, 0, 0, 0, 0, 1, 1, 2, 1, 0, 2, 0, 2, 1, 0, 1, 2, 1, 2, 1, 1, 1, 1, 1, 1, 0, 1, 2, 0, 0, 0, 2, 2, 2, 1, 2, 2, 1, 0, 1, 2, 0, 0, 1, 0, 2, 0, 1, 0, 2, 1, 0, 0]|[0, 3, 2, 2, 4, 1, 2, 3, 2, 4, 1, 1, 2, 4, 4, 1, 1, 4, 2, 1, 1, 1, 1, 2, 1, 2, 1, 1, 2, 1, 3, 2, 3, 1, 4, 0, 1, 1, 0, 3, 2, 2, 2, 0, 1, 1, 0, 4, 0, 1, 2, 2, 1, 4, 0, 3, 1, 1, 1, 1, 3, 1, 1, 1, 3, 0, 4, 3, 1, 4, 1, 1, 2, 4, 1, 1, 2, 1, 2, 1, 1, 3, 1, 1, 1, 1, 4, 1, 2, 1, 3, 2, 1, 1, 1, 2, 1, 4, 2, 2]|[0, 2, 1, 1, 3, 0, 1, 3, 0, 0, 0, 0, 1, 0, 1, 0, 0, 3, 1, 0, 0, 0, 3, 1, 0, 2, 0, 0, 0, 1, 0, 0, 0, 0, 3, 0, 1, 0, 0, 2, 1, 1, 1, 0, 0, 0, 0, 2, 1, 0, 0, 0, 1, 3, 0, 0, 0, 0, 0, 0, 2, 0, 1, 0, 2, 1, 0, 0, 1, 1, 3, 1, 1, 3, 0, 0, 1, 0, 1, 0, 0, 0, 0, 0, 1, 0, 0, 0, 1, 0, 2, 1, 0, 1, 1, 0, 0, 2, 0, 0],726.9061273463456,57092.60052686413,92996.29751897219,false
34,G4_BALANCED,G1_CMAX,[31, 22, 82, 15, 26, 99, 95, 42, 77, 12, 47, 5, 93, 78, 86, 54, 21, 63, 18, 44, 20, 35, 43, 97, 91, 76, 10, 30, 85, 45, 71, 64, 1, 23, 17, 83, 24, 14, 60, 36, 6, 57, 40, 88, 65, 56, 79, 94, 67, 68, 46, 75, 38, 9, 19, 32, 41, 81, 27, 87, 90, 58, 59, 11, 16, 72, 73, 70, 39, 37, 84, 3, 92, 25, 55, 48, 96, 29, 51, 62, 33, 61, 98, 66, 89, 50, 4, 7, 53, 80, 8, 28, 34, 49, 52, 0, 74, 69, 2, 13]|[1, 1, 0, 1, 1, 0, 1, 1, 2, 1, 2, 2, 2, 1, 1, 0, 0, 1, 0, 2, 2, 0, 1, 2, 0, 1, 2, 2, 0, 0, 1, 2, 1, 2, 1, 0, 2, 0, 1, 1, 0, 1, 1, 1, 0, 2, 1, 1, 0, 0, 0, 0, 1, 1, 2, 1, 2, 2, 0, 2, 1, 0, 1, 2, 1, 2, 1, 1, 1, 1, 1, 1, 0, 1, 2, 0, 2, 0, 0, 0, 2, 1, 2, 2, 1, 0, 1, 2, 0, 0, 1, 0, 2, 0, 1, 0, 2, 1, 0, 0]|[0, 3, 2, 2, 4, 1, 2, 3, 2, 4, 1, 1, 2, 4, 4, 1, 1, 4, 2, 1, 1, 1, 1, 2, 1, 2, 1, 1, 2, 1, 3, 2, 3, 0, 4, 0, 1, 1, 0, 3, 2, 2, 2, 0, 1, 1, 0, 4, 0, 1, 2, 2, 1, 4, 0, 3, 2, 1, 1, 1, 3, 1, 1, 1, 3, 0, 4, 3, 1, 4, 1, 1, 0, 4, 1, 1, 1, 1, 1, 2, 1, 3, 1, 1, 1, 1, 4, 1, 2, 1, 3, 2, 1, 1, 1, 2, 1, 4, 2, 2]|[0, 2, 1, 1, 3, 0, 1, 3, 0, 0, 0, 0, 1, 0, 1, 0, 0, 3, 1, 0, 0, 0, 3, 1, 0, 2, 0, 0, 0, 1, 0, 0, 0, 0, 3, 0, 1, 0, 0, 2, 1, 1, 1, 0, 0, 0, 0, 2, 1, 0, 0, 0, 1, 3, 0, 0, 1, 0, 0, 0, 2, 0, 1, 0, 2, 1, 0, 0, 1, 1, 3, 1, 1, 3, 0, 0, 0, 0, 0, 1, 0, 0, 0, 0, 1, 0, 0, 0, 1, 0, 2, 1, 0, 1, 1, 0, 0, 2, 0, 0],724.9395833867611,57689.77869234914,92566.52405273609,true
34,G2_TEC,G2_TEC,[31, 22, 82, 15, 26, 9, 95, 42, 77, 68, 47, 5, 93, 78, 86, 54, 85, 63, 18, 44, 20, 49, 36, 14, 74, 50, 53, 17, 21, 28, 11, 64, 3, 23, 30, 83, 24, 41, 40, 52, 65, 27, 90, 70, 39, 87, 48, 69, 99, 4, 75, 1, 13, 58, 97, 59, 45, 8, 73, 37, 35, 79, 71, 66, 76, 32, 60, 80, 56, 6, 67, 61, 33, 7, 57, 34, 12, 16, 10, 98, 96, 88, 43, 46, 91, 38, 84, 92, 29, 19, 51, 55, 81, 89, 25, 72, 94, 2, 0, 62]|[2, 1, 2, 1, 1, 2, 1, 1, 1, 1, 1, 0, 2, 2, 1, 2, 0, 0, 0, 2, 2, 1, 0, 2, 0, 2, 2, 1, 0, 1, 1, 1, 0, 0, 1, 0, 2, 1, 2, 2, 0, 0, 1, 1, 0, 2, 0, 2, 1, 0, 0, 2, 0, 0, 2, 0, 1, 1, 0, 0, 2, 1, 1, 2, 2, 0, 2, 2, 2, 1, 2, 1, 1, 2, 0, 1, 1, 2, 1, 2, 0, 1, 1, 0, 1, 0, 0, 0, 1, 1, 1, 0, 1, 1, 1, 1, 2, 2, 0, 1]|[0, 3, 0, 3, 4, 1, 4, 4, 2, 4, 3, 2, 1, 0, 2, 1, 1, 1, 2, 1, 1, 3, 0, 1, 0, 1, 1, 4, 1, 4, 3, 2, 2, 0, 4, 1, 1, 4, 1, 1, 2, 1, 4, 4, 1, 1, 0, 2, 3, 2, 2, 1, 2, 1, 1, 2, 4, 3, 0, 2, 2, 3, 3, 1, 1, 2, 1, 1, 1, 4, 1, 3, 4, 1, 2, 4, 3, 1, 3, 1, 2, 4, 4, 2, 3, 2, 2, 2, 3, 4, 3, 2, 4, 4, 4, 4, 1, 1, 2, 3]|[0, 2, 0, 0, 3, 0, 1, 3, 0, 0, 2, 0, 1, 0, 1, 0, 0, 0, 1, 0, 0, 2, 0, 0, 1, 0, 0, 3, 0, 1, 0, 2, 0, 0, 3, 0, 1, 1, 0, 0, 0, 0, 1, 3, 0, 0, 1, 0, 2, 0, 0, 0, 0, 0, 1, 0, 1, 0, 1, 1, 0, 2, 0, 0, 0, 0, 0, 0, 0, 2, 0, 0, 1, 0, 0, 1, 0, 0, 3, 0, 0, 1, 2, 0, 0, 0, 0, 0, 3, 1, 0, 0, 2, 1, 3, 1, 0, 0, 0, 0],908.8272556494078,49235.066718390466,107289.32240407266,false
34,G3_TWC,G3_TWC,[31, 22, 82, 15, 26, 58, 95, 42, 77, 12, 47, 5, 93, 78, 98, 54, 85, 63, 18, 44, 20, 35, 43, 97, 91, 76, 10, 30, 21, 45, 71, 64, 1, 23, 17, 83, 24, 14, 60, 36, 6, 57, 94, 88, 65, 56, 79, 40, 67, 68, 46, 75, 38, 9, 19, 32, 81, 41, 27, 62, 87, 90, 99, 59, 11, 16, 72, 73, 70, 39, 37, 84, 3, 92, 25, 55, 28, 29, 51, 7, 33, 61, 86, 48, 89, 50, 66, 96, 53, 80, 4, 8, 34, 49, 52, 0, 13, 2, 69, 74]|[1, 1, 0, 1, 1, 1, 2, 1, 2, 1, 2, 2, 2, 1, 1, 0, 0, 1, 0, 2, 2, 0, 1, 2, 0, 1, 2, 2, 0, 0, 1, 2, 1, 2, 1, 0, 2, 0, 1, 1, 0, 1, 1, 1, 0, 2, 1, 1, 0, 0, 0, 0, 1, 1, 2, 1, 2, 0, 0, 0, 2, 1, 0, 1, 2, 1, 2, 1, 1, 1, 1, 1, 2, 0, 1, 1, 0, 0, 0, 1, 2, 1, 0, 0, 1, 0, 0, 0, 0, 0, 0, 1, 2, 0, 1, 0, 0, 0, 1, 2]|[4, 3, 2, 2, 0, 0, 2, 2, 2, 4, 1, 1, 2, 4, 4, 1, 1, 4, 2, 1, 1, 1, 1, 2, 1, 2, 1, 1, 1, 1, 3, 2, 3, 0, 4, 0, 1, 1, 0, 3, 2, 2, 4, 0, 1, 1, 0, 2, 0, 1, 2, 2, 1, 4, 0, 3, 2, 1, 1, 2, 1, 3, 1, 1, 1, 3, 0, 4, 3, 1, 4, 1, 1, 2, 4, 4, 2, 1, 1, 3, 1, 3, 1, 1, 1, 1, 1, 1, 2, 1, 2, 3, 1, 1, 1, 2, 2, 2, 3, 1]|[0, 2, 1, 1, 3, 3, 0, 1, 0, 0, 0, 0, 1, 0, 1, 0, 0, 3, 1, 0, 0, 0, 3, 1, 0, 2, 0, 0, 0, 1, 0, 0, 0, 0, 3, 0, 1, 0, 0, 2, 1, 1, 2, 0, 0, 0, 0, 1, 1, 0, 0, 0, 1, 3, 0, 0, 1, 0, 0, 1, 0, 2, 0, 1, 0, 2, 1, 0, 0, 1, 1, 3, 0, 1, 3, 3, 1, 0, 0, 2, 0, 0, 0, 0, 1, 0, 0, 0, 1, 0, 1, 2, 0, 1, 1, 0, 0, 0, 0, 0],805.5394456933803,58046.77716663049,89050.44506242599,false
34,G1_CMAX,G1_CMAX,[31, 22, 82, 15, 26, 99, 95, 42, 77, 12, 47, 5, 93, 78, 86, 54, 21, 63, 18, 44, 20, 35, 43, 97, 91, 76, 10, 30, 85, 45, 71, 64, 1, 23, 57, 83, 24, 14, 60, 36, 6, 17, 40, 88, 65, 56, 79, 94, 67, 68, 46, 75, 38, 9, 19, 32, 41, 81, 27, 87, 90, 58, 59, 11, 16, 72, 73, 70, 39, 37, 84, 3, 92, 25, 55, 48, 62, 29, 51, 96, 33, 61, 98, 66, 89, 50, 4, 7, 53, 80, 8, 28, 34, 49, 52, 0, 74, 69, 2, 13]|[1, 1, 0, 1, 1, 0, 1, 1, 2, 1, 2, 2, 2, 1, 1, 0, 0, 1, 0, 2, 2, 0, 1, 2, 0, 1, 2, 2, 0, 0, 1, 2, 1, 2, 1, 0, 2, 0, 1, 1, 0, 1, 1, 1, 0, 2, 1, 1, 0, 0, 0, 0, 1, 1, 2, 1, 0, 2, 0, 2, 1, 0, 1, 2, 1, 2, 1, 1, 1, 1, 1, 1, 0, 1, 2, 0, 0, 0, 2, 2, 2, 1, 2, 2, 1, 0, 1, 2, 0, 0, 1, 0, 2, 0, 1, 0, 2, 1, 0, 0]|[0, 3, 2, 2, 4, 1, 2, 3, 2, 4, 1, 1, 2, 4, 4, 1, 1, 4, 2, 1, 1, 1, 1, 2, 1, 2, 1, 1, 2, 1, 3, 2, 3, 1, 4, 0, 1, 1, 0, 3, 2, 2, 2, 0, 1, 1, 0, 4, 0, 1, 2, 2, 1, 4, 0, 3, 1, 1, 1, 1, 3, 1, 1, 1, 3, 0, 4, 3, 1, 4, 1, 1, 2, 4, 1, 1, 2, 1, 2, 1, 1, 3, 1, 1, 1, 1, 4, 1, 2, 1, 3, 2, 1, 1, 1, 2, 1, 4, 2, 2]|[0, 2, 1, 1, 3, 0, 1, 3, 0, 0, 0, 0, 1, 0, 1, 0, 0, 3, 1, 0, 0, 0, 3, 1, 0, 2, 0, 0, 0, 1, 0, 0, 0, 0, 3, 0, 1, 0, 0, 2, 1, 1, 1, 0, 0, 0, 0, 2, 1, 0, 0, 0, 1, 3, 0, 0, 0, 0, 0, 0, 2, 0, 1, 0, 2, 1, 0, 0, 1, 1, 3, 1, 1, 3, 0, 0, 1, 0, 1, 0, 0, 0, 0, 0, 1, 0, 0, 0, 1, 0, 2, 1, 0, 1, 1, 0, 0, 2, 0, 0],726.9061273463456,57092.60052686413,92996.29751897219,false
34,G4_BALANCED,G1_CMAX,[31, 22, 82, 15, 26, 99, 95, 42, 77, 12, 47, 5, 93, 78, 86, 54, 21, 63, 18, 44, 20, 35, 43, 97, 91, 76, 10, 30, 85, 45, 71, 64, 1, 23, 17, 83, 24, 14, 60, 36, 6, 57, 40, 88, 65, 56, 79, 94, 67, 68, 46, 75, 38, 9, 19, 32, 41, 81, 27, 87, 90, 58, 59, 11, 16, 72, 73, 70, 39, 37, 84, 3, 92, 25, 55, 48, 96, 29, 51, 62, 33, 61, 98, 66, 89, 50, 4, 7, 53, 80, 8, 28, 34, 49, 52, 0, 74, 69, 2, 13]|[1, 1, 0, 1, 1, 0, 1, 1, 2, 1, 2, 2, 2, 1, 1, 0, 0, 1, 0, 2, 2, 0, 1, 2, 0, 1, 2, 2, 0, 0, 1, 2, 1, 2, 1, 0, 2, 0, 1, 1, 0, 1, 1, 1, 0, 2, 1, 1, 0, 0, 0, 0, 1, 1, 2, 1, 2, 2, 0, 2, 1, 0, 1, 2, 1, 2, 1, 1, 1, 1, 1, 1, 0, 1, 2, 0, 2, 0, 0, 0, 2, 1, 2, 2, 1, 0, 1, 2, 0, 0, 1, 0, 2, 0, 1, 0, 2, 1, 0, 0]|[0, 3, 2, 2, 4, 1, 2, 3, 2, 4, 1, 1, 2, 4, 4, 1, 1, 4, 2, 1, 1, 1, 1, 2, 1, 2, 1, 1, 2, 1, 3, 2, 3, 0, 4, 0, 1, 1, 0, 3, 2, 2, 2, 0, 1, 1, 0, 4, 0, 1, 2, 2, 1, 4, 0, 3, 2, 1, 1, 1, 3, 1, 1, 1, 3, 0, 4, 3, 1, 4, 1, 1, 0, 4, 1, 1, 1, 1, 1, 2, 1, 3, 1, 1, 1, 1, 4, 1, 2, 1, 3, 2, 1, 1, 1, 2, 1, 4, 2, 2]|[0, 2, 1, 1, 3, 0, 1, 3, 0, 0, 0, 0, 1, 0, 1, 0, 0, 3, 1, 0, 0, 0, 3, 1, 0, 2, 0, 0, 0, 1, 0, 0, 0, 0, 3, 0, 1, 0, 0, 2, 1, 1, 1, 0, 0, 0, 0, 2, 1, 0, 0, 0, 1, 3, 0, 0, 1, 0, 0, 0, 2, 0, 1, 0, 2, 1, 0, 0, 1, 1, 3, 1, 1, 3, 0, 0, 0, 0, 0, 1, 0, 0, 0, 0, 1, 0, 0, 0, 1, 0, 2, 1, 0, 1, 1, 0, 0, 2, 0, 0],724.9395833867611,57689.77869234914,92566.52405273609,true
34,G2_TEC,G2_TEC,[31, 22, 82, 15, 26, 9, 95, 42, 77, 68, 47, 5, 93, 78, 86, 54, 85, 63, 18, 44, 20, 49, 36, 14, 74, 50, 53, 17, 21, 28, 11, 64, 3, 23, 30, 83, 24, 41, 40, 52, 65, 27, 90, 70, 39, 87, 48, 69, 99, 4, 75, 1, 13, 58, 97, 59, 45, 8, 73, 37, 35, 79, 71, 66, 76, 32, 60, 80, 56, 6, 67, 61, 33, 7, 57, 34, 12, 16, 10, 98, 96, 88, 43, 46, 91, 38, 84, 92, 29, 19, 51, 55, 81, 89, 25, 72, 94, 2, 0, 62]|[2, 1, 2, 1, 1, 2, 1, 1, 1, 1, 1, 0, 2, 2, 1, 2, 0, 0, 0, 2, 2, 1, 0, 2, 0, 2, 2, 1, 0, 1, 1, 1, 0, 0, 1, 0, 2, 1, 2, 2, 0, 0, 1, 1, 0, 2, 0, 2, 1, 0, 0, 2, 0, 0, 2, 0, 1, 1, 0, 0, 2, 1, 1, 2, 2, 0, 2, 2, 2, 1, 2, 1, 1, 2, 0, 1, 1, 2, 1, 2, 0, 1, 1, 0, 1, 0, 0, 0, 1, 1, 1, 0, 1, 1, 1, 1, 2, 2, 0, 1]|[0, 3, 0, 3, 4, 1, 4, 4, 2, 4, 3, 2, 1, 0, 2, 1, 1, 1, 2, 1, 1, 3, 0, 1, 0, 1, 1, 4, 1, 4, 3, 2, 2, 0, 4, 1, 1, 4, 1, 1, 2, 1, 4, 4, 1, 1, 0, 2, 3, 2, 2, 1, 2, 1, 1, 2, 4, 3, 0, 2, 2, 3, 3, 1, 1, 2, 1, 1, 1, 4, 1, 3, 4, 1, 2, 4, 3, 1, 3, 1, 2, 4, 4, 2, 3, 2, 2, 2, 3, 4, 3, 2, 4, 4, 4, 4, 1, 1, 2, 3]|[0, 2, 0, 0, 3, 0, 1, 3, 0, 0, 2, 0, 1, 0, 1, 0, 0, 0, 1, 0, 0, 2, 0, 0, 1, 0, 0, 3, 0, 1, 0, 2, 0, 0, 3, 0, 1, 1, 0, 0, 0, 0, 1, 3, 0, 0, 1, 0, 2, 0, 0, 0, 0, 0, 1, 0, 1, 0, 1, 1, 0, 2, 0, 0, 0, 0, 0, 0, 0, 2, 0, 0, 1, 0, 0, 1, 0, 0, 3, 0, 0, 1, 2, 0, 0, 0, 0, 0, 3, 1, 0, 0, 2, 1, 3, 1, 0, 0, 0, 0],908.8272556494078,49235.066718390466,107289.32240407266,false
34,G3_TWC,G3_TWC,[31, 22, 82, 15, 26, 58, 95, 42, 77, 12, 47, 5, 93, 78, 98, 54, 85, 63, 18, 44, 20, 35, 43, 97, 91, 76, 10, 30, 21, 45, 71, 64, 1, 23, 17, 83, 24, 14, 60, 36, 6, 57, 94, 88, 65, 56, 79, 40, 67, 68, 46, 75, 38, 9, 19, 32, 81, 41, 27, 62, 87, 90, 99, 59, 11, 16, 72, 73, 70, 39, 37, 84, 3, 92, 25, 55, 28, 29, 51, 7, 33, 61, 86, 48, 89, 50, 66, 96, 53, 80, 4, 8, 34, 49, 52, 0, 13, 2, 69, 74]|[1, 1, 0, 1, 1, 1, 2, 1, 2, 1, 2, 2, 2, 1, 1, 0, 0, 1, 0, 2, 2, 0, 1, 2, 0, 1, 2, 2, 0, 0, 1, 2, 1, 2, 1, 0, 2, 0, 1, 1, 0, 1, 1, 1, 0, 2, 1, 1, 0, 0, 0, 0, 1, 1, 2, 1, 2, 0, 0, 0, 2, 1, 0, 1, 2, 1, 2, 1, 1, 1, 1, 1, 2, 0, 1, 1, 0, 0, 0, 1, 2, 1, 0, 0, 1, 0, 0, 0, 0, 0, 0, 1, 2, 0, 1, 0, 0, 0, 1, 2]|[4, 3, 2, 2, 0, 0, 2, 2, 2, 4, 1, 1, 2, 4, 4, 1, 1, 4, 2, 1, 1, 1, 1, 2, 1, 2, 1, 1, 1, 1, 3, 2, 3, 0, 4, 0, 1, 1, 0, 3, 2, 2, 4, 0, 1, 1, 0, 2, 0, 1, 2, 2, 1, 4, 0, 3, 2, 1, 1, 2, 1, 3, 1, 1, 1, 3, 0, 4, 3, 1, 4, 1, 1, 2, 4, 4, 2, 1, 1, 3, 1, 3, 1, 1, 1, 1, 1, 1, 2, 1, 2, 3, 1, 1, 1, 2, 2, 2, 3, 1]|[0, 2, 1, 1, 3, 3, 0, 1, 0, 0, 0, 0, 1, 0, 1, 0, 0, 3, 1, 0, 0, 0, 3, 1, 0, 2, 0, 0, 0, 1, 0, 0, 0, 0, 3, 0, 1, 0, 0, 2, 1, 1, 2, 0, 0, 0, 0, 1, 1, 0, 0, 0, 1, 3, 0, 0, 1, 0, 0, 1, 0, 2, 0, 1, 0, 2, 1, 0, 0, 1, 1, 3, 0, 1, 3, 3, 1, 0, 0, 2, 0, 0, 0, 0, 1, 0, 0, 0, 1, 0, 1, 2, 0, 1, 1, 0, 0, 0, 0, 0],805.5394456933803,58046.77716663049,89050.44506242599,false
34,G1_CMAX,G1_CMAX,[31, 22, 82, 15, 26, 99, 95, 42, 77, 12, 47, 5, 93, 78, 86, 54, 21, 63, 18, 44, 20, 35, 43, 97, 91, 76, 10, 30, 85, 45, 71, 64, 1, 23, 57, 83, 24, 14, 60, 36, 6, 17, 40, 88, 65, 56, 79, 94, 67, 68, 46, 75, 38, 9, 19, 32, 41, 81, 27, 87, 90, 58, 59, 11, 16, 72, 73, 70, 39, 37, 84, 3, 92, 25, 55, 48, 62, 29, 51, 96, 33, 61, 98, 66, 89, 50, 4, 7, 53, 80, 8, 28, 34, 49, 52, 0, 74, 69, 2, 13]|[1, 1, 0, 1, 1, 0, 1, 1, 2, 1, 2, 2, 2, 1, 1, 0, 0, 1, 0, 2, 2, 0, 1, 2, 0, 1, 2, 2, 0, 0, 1, 2, 1, 2, 1, 0, 2, 0, 1, 1, 0, 1, 1, 1, 0, 2, 1, 1, 0, 0, 0, 0, 1, 1, 2, 1, 0, 2, 0, 2, 1, 0, 1, 2, 1, 2, 1, 1, 1, 1, 1, 1, 0, 1, 2, 0, 0, 0, 2, 2, 2, 1, 2, 2, 1, 0, 1, 2, 0, 0, 1, 0, 2, 0, 1, 0, 2, 1, 0, 0]|[0, 3, 2, 2, 4, 1, 2, 3, 2, 4, 1, 1, 2, 4, 4, 1, 1, 4, 2, 1, 1, 1, 1, 2, 1, 2, 1, 1, 2, 1, 3, 2, 3, 1, 4, 0, 1, 1, 0, 3, 2, 2, 2, 0, 1, 1, 0, 4, 0, 1, 2, 2, 1, 4, 0, 3, 1, 1, 1, 1, 3, 1, 1, 1, 3, 0, 4, 3, 1, 4, 1, 1, 2, 4, 1, 1, 2, 1, 2, 1, 1, 3, 1, 1, 1, 1, 4, 1, 2, 1, 3, 2, 1, 1, 1, 2, 1, 4, 2, 2]|[0, 2, 1, 1, 3, 0, 1, 3, 0, 0, 0, 0, 1, 0, 1, 0, 0, 3, 1, 0, 0, 0, 3, 1, 0, 2, 0, 0, 0, 1, 0, 0, 0, 0, 3, 0, 1, 0, 0, 2, 1, 1, 1, 0, 0, 0, 0, 2, 1, 0, 0, 0, 1, 3, 0, 0, 0, 0, 0, 0, 2, 0, 1, 0, 2, 1, 0, 0, 1, 1, 3, 1, 1, 3, 0, 0, 1, 0, 1, 0, 0, 0, 0, 0, 1, 0, 0, 0, 1, 0, 2, 1, 0, 1, 1, 0, 0, 2, 0, 0],726.9061273463456,57092.60052686413,92996.29751897219,false
34,G4_BALANCED,G1_CMAX,[31, 22, 82, 15, 26, 99, 95, 42, 77, 12, 47, 5, 93, 78, 86, 54, 21, 63, 18, 44, 20, 35, 43, 97, 91, 76, 10, 30, 85, 45, 71, 64, 1, 23, 17, 83, 24, 14, 60, 36, 6, 57, 40, 88, 65, 56, 79, 94, 67, 68, 46, 75, 38, 9, 19, 32, 41, 81, 27, 87, 90, 58, 59, 11, 16, 72, 73, 70, 39, 37, 84, 3, 92, 25, 55, 48, 96, 29, 51, 62, 33, 61, 98, 66, 89, 50, 4, 7, 53, 80, 8, 28, 34, 49, 52, 0, 74, 69, 2, 13]|[1, 1, 0, 1, 1, 0, 1, 1, 2, 1, 2, 2, 2, 1, 1, 0, 0, 1, 0, 2, 2, 0, 1, 2, 0, 1, 2, 2, 0, 0, 1, 2, 1, 2, 1, 0, 2, 0, 1, 1, 0, 1, 1, 1, 0, 2, 1, 1, 0, 0, 0, 0, 1, 1, 2, 1, 2, 2, 0, 2, 1, 0, 1, 2, 1, 2, 1, 1, 1, 1, 1, 1, 0, 1, 2, 0, 2, 0, 0, 0, 2, 1, 2, 2, 1, 0, 1, 2, 0, 0, 1, 0, 2, 0, 1, 0, 2, 1, 0, 0]|[0, 3, 2, 2, 4, 1, 2, 3, 2, 4, 1, 1, 2, 4, 4, 1, 1, 4, 2, 1, 1, 1, 1, 2, 1, 2, 1, 1, 2, 1, 3, 2, 3, 0, 4, 0, 1, 1, 0, 3, 2, 2, 2, 0, 1, 1, 0, 4, 0, 1, 2, 2, 1, 4, 0, 3, 2, 1, 1, 1, 3, 1, 1, 1, 3, 0, 4, 3, 1, 4, 1, 1, 0, 4, 1, 1, 1, 1, 1, 2, 1, 3, 1, 1, 1, 1, 4, 1, 2, 1, 3, 2, 1, 1, 1, 2, 1, 4, 2, 2]|[0, 2, 1, 1, 3, 0, 1, 3, 0, 0, 0, 0, 1, 0, 1, 0, 0, 3, 1, 0, 0, 0, 3, 1, 0, 2, 0, 0, 0, 1, 0, 0, 0, 0, 3, 0, 1, 0, 0, 2, 1, 1, 1, 0, 0, 0, 0, 2, 1, 0, 0, 0, 1, 3, 0, 0, 1, 0, 0, 0, 2, 0, 1, 0, 2, 1, 0, 0, 1, 1, 3, 1, 1, 3, 0, 0, 0, 0, 0, 1, 0, 0, 0, 0, 1, 0, 0, 0, 1, 0, 2, 1, 0, 1, 1, 0, 0, 2, 0, 0],724.9395833867611,57689.77869234914,92566.52405273609,true
34,G2_TEC,G2_TEC,[31, 22, 82, 15, 26, 9, 95, 42, 77, 68, 47, 5, 93, 78, 86, 54, 85, 63, 18, 44, 20, 49, 36, 14, 74, 50, 53, 17, 21, 28, 11, 64, 3, 23, 30, 83, 24, 41, 40, 52, 65, 27, 90, 70, 39, 87, 48, 69, 99, 4, 75, 1, 13, 58, 97, 59, 45, 8, 73, 37, 35, 79, 71, 66, 76, 32, 60, 80, 56, 6, 67, 61, 33, 7, 57, 34, 12, 16, 10, 98, 96, 88, 43, 46, 91, 38, 84, 92, 29, 19, 51, 55, 81, 89, 25, 72, 94, 2, 0, 62]|[2, 1, 2, 1, 1, 2, 1, 1, 1, 1, 1, 0, 2, 2, 1, 2, 0, 0, 0, 2, 2, 1, 0, 2, 0, 2, 2, 1, 0, 1, 1, 1, 0, 0, 1, 0, 2, 1, 2, 2, 0, 0, 1, 1, 0, 2, 0, 2, 1, 0, 0, 2, 0, 0, 2, 0, 1, 1, 0, 0, 2, 1, 1, 2, 2, 0, 2, 2, 2, 1, 2, 1, 1, 2, 0, 1, 1, 2, 1, 2, 0, 1, 1, 0, 1, 0, 0, 0, 1, 1, 1, 0, 1, 1, 1, 1, 2, 2, 0, 1]|[0, 3, 0, 3, 4, 1, 4, 4, 2, 4, 3, 2, 1, 0, 2, 1, 1, 1, 2, 1, 1, 3, 0, 1, 0, 1, 1, 4, 1, 4, 3, 2, 2, 0, 4, 1, 1, 4, 1, 1, 2, 1, 4, 4, 1, 1, 0, 2, 3, 2, 2, 1, 2, 1, 1, 2, 4, 3, 0, 2, 2, 3, 3, 1, 1, 2, 1, 1, 1, 4, 1, 3, 4, 1, 2, 4, 3, 1, 3, 1, 2, 4, 4, 2, 3, 2, 2, 2, 3, 4, 3, 2, 4, 4, 4, 4, 1, 1, 2, 3]|[0, 2, 0, 0, 3, 0, 1, 3, 0, 0, 2, 0, 1, 0, 1, 0, 0, 0, 1, 0, 0, 2, 0, 0, 1, 0, 0, 3, 0, 1, 0, 2, 0, 0, 3, 0, 1, 1, 0, 0, 0, 0, 1, 3, 0, 0, 1, 0, 2, 0, 0, 0, 0, 0, 1, 0, 1, 0, 1, 1, 0, 2, 0, 0, 0, 0, 0, 0, 0, 2, 0, 0, 1, 0, 0, 1, 0, 0, 3, 0, 0, 1, 2, 0, 0, 0, 0, 0, 3, 1, 0, 0, 2, 1, 3, 1, 0, 0, 0, 0],908.8272556494078,49235.066718390466,107289.32240407266,false
34,G3_TWC,G4_BALANCED,[31, 11, 15, 82, 26, 9, 95, 32, 77, 68, 47, 5, 93, 78, 86, 54, 85, 63, 18, 44, 20, 49, 36, 14, 74, 50, 53, 17, 21, 45, 71, 64, 3, 23, 30, 83, 24, 41, 60, 52, 65, 27, 90, 70, 39, 87, 48, 69, 99, 4, 46, 1, 13, 58, 97, 59, 28, 8, 73, 37, 35, 79, 22, 66, 76, 42, 40, 80, 96, 6, 16, 61, 33, 7, 57, 34, 12, 67, 10, 98, 56, 88, 29, 75, 91, 38, 19, 92, 43, 84, 51, 72, 81, 0, 2, 55, 94, 89, 62, 25]|[2, 1, 1, 2, 1, 2, 1, 1, 1, 1, 1, 0, 2, 2, 1, 2, 0, 0, 0, 2, 2, 1, 0, 2, 0, 2, 2, 1, 0, 1, 1, 1, 0, 0, 1, 0, 2, 1, 2, 2, 0, 0, 1, 1, 0, 2, 0, 2, 1, 0, 0, 2, 0, 0, 2, 0, 1, 1, 0, 0, 2, 1, 0, 2, 2, 0, 2, 2, 0, 1, 2, 1, 1, 2, 0, 1, 1, 1, 1, 2, 2, 1, 1, 0, 1, 0, 1, 0, 1, 0, 1, 1, 1, 0, 2, 0, 2, 1, 1, 1]|[1, 3, 2, 0, 4, 1, 4, 4, 2, 4, 3, 2, 1, 0, 2, 1, 1, 1, 2, 1, 1, 3, 0, 1, 0, 1, 1, 4, 1, 4, 3, 2, 2, 0, 4, 1, 1, 4, 0, 1, 2, 1, 4, 4, 1, 1, 0, 2, 3, 2, 2, 1, 2, 1, 1, 2, 4, 3, 0, 2, 2, 3, 1, 0, 1, 2, 0, 1, 2, 4, 1, 3, 4, 1, 2, 4, 3, 3, 3, 1, 1, 4, 3, 2, 3, 2, 4, 2, 4, 2, 3, 4, 1, 2, 1, 2, 1, 4, 3, 4]|[1, 2, 1, 0, 3, 0, 1, 3, 0, 0, 2, 0, 1, 0, 1, 0, 0, 0, 1, 0, 0, 2, 0, 0, 1, 0, 0, 3, 0, 1, 0, 2, 0, 1, 3, 0, 1, 3, 1, 0, 0, 0, 1, 3, 0, 0, 1, 0, 2, 0, 0, 0, 0, 0, 1, 0, 1, 0, 1, 1, 0, 2, 0, 0, 0, 0, 0, 0, 0, 2, 0, 0, 1, 0, 0, 1, 0, 0, 3, 0, 0, 1, 0, 0, 0, 0, 3, 0, 2, 0, 0, 2, 1, 0, 0, 0, 0, 1, 0, 3],846.6109372053031,52128.769557101376,106800.59864073119,true
34,G1_CMAX,G1_CMAX,[31, 22, 82, 15, 26, 99, 95, 42, 77, 12, 47, 5, 93, 78, 86, 54, 21, 63, 18, 44, 20, 35, 43, 97, 91, 76, 10, 30, 85, 45, 71, 64, 1, 23, 57, 83, 24, 14, 60, 36, 6, 17, 40, 88, 65, 56, 79, 94, 67, 68, 46, 75, 38, 9, 19, 32, 41, 81, 27, 87, 90, 58, 59, 11, 16, 72, 73, 70, 39, 37, 84, 3, 92, 25, 55, 48, 62, 29, 51, 96, 33, 61, 98, 66, 89, 50, 4, 7, 53, 80, 8, 28, 34, 49, 52, 0, 74, 69, 2, 13]|[1, 1, 0, 1, 1, 0, 1, 1, 2, 1, 2, 2, 2, 1, 1, 0, 0, 1, 0, 2, 2, 0, 1, 2, 0, 1, 2, 2, 0, 0, 1, 2, 1, 2, 1, 0, 2, 0, 1, 1, 0, 1, 1, 1, 0, 2, 1, 1, 0, 0, 0, 0, 1, 1, 2, 1, 0, 2, 0, 2, 1, 0, 1, 2, 1, 2, 1, 1, 1, 1, 1, 1, 0, 1, 2, 0, 0, 0, 2, 2, 2, 1, 2, 2, 1, 0, 1, 2, 0, 0, 1, 0, 2, 0, 1, 0, 2, 1, 0, 0]|[0, 3, 2, 2, 4, 1, 2, 3, 2, 4, 1, 1, 2, 4, 4, 1, 1, 4, 2, 1, 1, 1, 1, 2, 1, 2, 1, 1, 2, 1, 3, 2, 3, 1, 4, 0, 1, 1, 0, 3, 2, 2, 2, 0, 1, 1, 0, 4, 0, 1, 2, 2, 1, 4, 0, 3, 1, 1, 1, 1, 3, 1, 1, 1, 3, 0, 4, 3, 1, 4, 1, 1, 2, 4, 1, 1, 2, 1, 2, 1, 1, 3, 1, 1, 1, 1, 4, 1, 2, 1, 3, 2, 1, 1, 1, 2, 1, 4, 2, 2]|[0, 2, 1, 1, 3, 0, 1, 3, 0, 0, 0, 0, 1, 0, 1, 0, 0, 3, 1, 0, 0, 0, 3, 1, 0, 2, 0, 0, 0, 1, 0, 0, 0, 0, 3, 0, 1, 0, 0, 2, 1, 1, 1, 0, 0, 0, 0, 2, 1, 0, 0, 0, 1, 3, 0, 0, 0, 0, 0, 0, 2, 0, 1, 0, 2, 1, 0, 0, 1, 1, 3, 1, 1, 3, 0, 0, 1, 0, 1, 0, 0, 0, 0, 0, 1, 0, 0, 0, 1, 0, 2, 1, 0, 1, 1, 0, 0, 2, 0, 0],726.9061273463456,57092.60052686413,92996.29751897219,false
34,G4_BALANCED,G1_CMAX,[31, 22, 82, 15, 26, 99, 95, 42, 77, 12, 47, 5, 93, 78, 86, 54, 21, 63, 18, 44, 20, 35, 43, 97, 91, 76, 10, 30, 85, 45, 71, 64, 1, 23, 17, 83, 24, 14, 60, 36, 6, 57, 40, 88, 65, 56, 79, 94, 67, 68, 46, 75, 38, 9, 19, 32, 41, 81, 27, 87, 90, 58, 59, 11, 16, 72, 73, 70, 39, 37, 84, 3, 92, 25, 55, 48, 96, 29, 51, 62, 33, 61, 98, 66, 89, 50, 4, 7, 53, 80, 8, 28, 34, 49, 52, 0, 74, 69, 2, 13]|[1, 1, 0, 1, 1, 0, 1, 1, 2, 1, 2, 2, 2, 1, 1, 0, 0, 1, 0, 2, 2, 0, 1, 2, 0, 1, 2, 2, 0, 0, 1, 2, 1, 2, 1, 0, 2, 0, 1, 1, 0, 1, 1, 1, 0, 2, 1, 1, 0, 0, 0, 0, 1, 1, 2, 1, 2, 2, 0, 2, 1, 0, 1, 2, 1, 2, 1, 1, 1, 1, 1, 1, 0, 1, 2, 0, 2, 0, 0, 0, 2, 1, 2, 2, 1, 0, 1, 2, 0, 0, 1, 0, 2, 0, 1, 0, 2, 1, 0, 0]|[0, 3, 2, 2, 4, 1, 2, 3, 2, 4, 1, 1, 2, 4, 4, 1, 1, 4, 2, 1, 1, 1, 1, 2, 1, 2, 1, 1, 2, 1, 3, 2, 3, 0, 4, 0, 1, 1, 0, 3, 2, 2, 2, 0, 1, 1, 0, 4, 0, 1, 2, 2, 1, 4, 0, 3, 2, 1, 1, 1, 3, 1, 1, 1, 3, 0, 4, 3, 1, 4, 1, 1, 0, 4, 1, 1, 1, 1, 1, 2, 1, 3, 1, 1, 1, 1, 4, 1, 2, 1, 3, 2, 1, 1, 1, 2, 1, 4, 2, 2]|[0, 2, 1, 1, 3, 0, 1, 3, 0, 0, 0, 0, 1, 0, 1, 0, 0, 3, 1, 0, 0, 0, 3, 1, 0, 2, 0, 0, 0, 1, 0, 0, 0, 0, 3, 0, 1, 0, 0, 2, 1, 1, 1, 0, 0, 0, 0, 2, 1, 0, 0, 0, 1, 3, 0, 0, 1, 0, 0, 0, 2, 0, 1, 0, 2, 1, 0, 0, 1, 1, 3, 1, 1, 3, 0, 0, 0, 0, 0, 1, 0, 0, 0, 0, 1, 0, 0, 0, 1, 0, 2, 1, 0, 1, 1, 0, 0, 2, 0, 0],724.9395833867611,57689.77869234914,92566.52405273609,true
34,G2_TEC,G2_TEC,[31, 22, 82, 15, 26, 9, 95, 42, 77, 68, 47, 5, 93, 78, 86, 54, 85, 63, 18, 44, 20, 49, 36, 14, 74, 50, 53, 17, 21, 28, 11, 64, 3, 23, 30, 83, 24, 41, 40, 52, 65, 27, 90, 70, 39, 87, 48, 69, 99, 4, 75, 1, 13, 58, 97, 59, 45, 8, 73, 37, 35, 79, 71, 66, 76, 32, 60, 80, 56, 6, 67, 61, 33, 7, 57, 34, 12, 16, 10, 98, 96, 88, 43, 46, 91, 38, 84, 92, 29, 19, 51, 55, 81, 89, 25, 72, 94, 2, 0, 62]|[2, 1, 2, 1, 1, 2, 1, 1, 1, 1, 1, 0, 2, 2, 1, 2, 0, 0, 0, 2, 2, 1, 0, 2, 0, 2, 2, 1, 0, 1, 1, 1, 0, 0, 1, 0, 2, 1, 2, 2, 0, 0, 1, 1, 0, 2, 0, 2, 1, 0, 0, 2, 0, 0, 2, 0, 1, 1, 0, 0, 2, 1, 1, 2, 2, 0, 2, 2, 2, 1, 2, 1, 1, 2, 0, 1, 1, 2, 1, 2, 0, 1, 1, 0, 1, 0, 0, 0, 1, 1, 1, 0, 1, 1, 1, 1, 2, 2, 0, 1]|[0, 3, 0, 3, 4, 1, 4, 4, 2, 4, 3, 2, 1, 0, 2, 1, 1, 1, 2, 1, 1, 3, 0, 1, 0, 1, 1, 4, 1, 4, 3, 2, 2, 0, 4, 1, 1, 4, 1, 1, 2, 1, 4, 4, 1, 1, 0, 2, 3, 2, 2, 1, 2, 1, 1, 2, 4, 3, 0, 2, 2, 3, 3, 1, 1, 2, 1, 1, 1, 4, 1, 3, 4, 1, 2, 4, 3, 1, 3, 1, 2, 4, 4, 2, 3, 2, 2, 2, 3, 4, 3, 2, 4, 4, 4, 4, 1, 1, 2, 3]|[0, 2, 0, 0, 3, 0, 1, 3, 0, 0, 2, 0, 1, 0, 1, 0, 0, 0, 1, 0, 0, 2, 0, 0, 1, 0, 0, 3, 0, 1, 0, 2, 0, 0, 3, 0, 1, 1, 0, 0, 0, 0, 1, 3, 0, 0, 1, 0, 2, 0, 0, 0, 0, 0, 1, 0, 1, 0, 1, 1, 0, 2, 0, 0, 0, 0, 0, 0, 0, 2, 0, 0, 1, 0, 0, 1, 0, 0, 3, 0, 0, 1, 2, 0, 0, 0, 0, 0, 3, 1, 0, 0, 2, 1, 3, 1, 0, 0, 0, 0],908.8272556494078,49235.066718390466,107289.32240407266,false
34,G3_TWC,G3_TWC,[31, 22, 82, 15, 26, 58, 95, 42, 77, 12, 47, 5, 93, 78, 98, 54, 85, 63, 18, 44, 20, 35, 43, 97, 91, 76, 10, 30, 21, 45, 71, 64, 1, 23, 17, 83, 24, 14, 60, 36, 6, 57, 94, 88, 65, 56, 79, 40, 67, 68, 46, 75, 38, 9, 19, 32, 81, 41, 27, 62, 87, 90, 99, 59, 11, 16, 72, 73, 70, 39, 37, 84, 3, 92, 25, 55, 28, 29, 51, 7, 33, 61, 86, 48, 89, 50, 66, 96, 53, 80, 4, 8, 34, 49, 52, 0, 13, 2, 69, 74]|[1, 1, 0, 1, 1, 1, 2, 1, 2, 1, 2, 2, 2, 1, 1, 0, 0, 1, 0, 2, 2, 0, 1, 2, 0, 1, 2, 2, 0, 0, 1, 2, 1, 2, 1, 0, 2, 0, 1, 1, 0, 1, 1, 1, 0, 2, 1, 1, 0, 0, 0, 0, 1, 1, 2, 1, 2, 0, 0, 0, 2, 1, 0, 1, 2, 1, 2, 1, 1, 1, 1, 1, 2, 0, 1, 1, 0, 0, 0, 1, 2, 1, 0, 0, 1, 0, 0, 0, 0, 0, 0, 1, 2, 0, 1, 0, 0, 0, 1, 2]|[4, 3, 2, 2, 0, 0, 2, 2, 2, 4, 1, 1, 2, 4, 4, 1, 1, 4, 2, 1, 1, 1, 1, 2, 1, 2, 1, 1, 1, 1, 3, 2, 3, 0, 4, 0, 1, 1, 0, 3, 2, 2, 4, 0, 1, 1, 0, 2, 0, 1, 2, 2, 1, 4, 0, 3, 2, 1, 1, 2, 1, 3, 1, 1, 1, 3, 0, 4, 3, 1, 4, 1, 1, 2, 4, 4, 2, 1, 1, 3, 1, 3, 1, 1, 1, 1, 1, 1, 2, 1, 2, 3, 1, 1, 1, 2, 2, 2, 3, 1]|[0, 2, 1, 1, 3, 3, 0, 1, 0, 0, 0, 0, 1, 0, 1, 0, 0, 3, 1, 0, 0, 0, 3, 1, 0, 2, 0, 0, 0, 1, 0, 0, 0, 0, 3, 0, 1, 0, 0, 2, 1, 1, 2, 0, 0, 0, 0, 1, 1, 0, 0, 0, 1, 3, 0, 0, 1, 0, 0, 1, 0, 2, 0, 1, 0, 2, 1, 0, 0, 1, 1, 3, 0, 1, 3, 3, 1, 0, 0, 2, 0, 0, 0, 0, 1, 0, 0, 0, 1, 0, 1, 2, 0, 1, 1, 0, 0, 0, 0, 0],805.5394456933803,58046.77716663049,89050.44506242599,false
34,G1_CMAX,G1_CMAX,[31, 22, 82, 15, 26, 99, 95, 42, 77, 12, 47, 5, 93, 78, 86, 54, 21, 63, 18, 44, 20, 35, 43, 97, 91, 76, 10, 30, 85, 45, 71, 64, 1, 23, 57, 83, 24, 14, 60, 36, 6, 17, 40, 88, 65, 56, 79, 94, 67, 68, 46, 75, 38, 9, 19, 32, 41, 81, 27, 87, 90, 58, 59, 11, 16, 72, 73, 70, 39, 37, 84, 3, 92, 25, 55, 48, 62, 29, 51, 96, 33, 61, 98, 66, 89, 50, 4, 7, 53, 80, 8, 28, 34, 49, 52, 0, 74, 69, 2, 13]|[1, 1, 0, 1, 1, 0, 1, 1, 2, 1, 2, 2, 2, 1, 1, 0, 0, 1, 0, 2, 2, 0, 1, 2, 0, 1, 2, 2, 0, 0, 1, 2, 1, 2, 1, 0, 2, 0, 1, 1, 0, 1, 1, 1, 0, 2, 1, 1, 0, 0, 0, 0, 1, 1, 2, 1, 0, 2, 0, 2, 1, 0, 1, 2, 1, 2, 1, 1, 1, 1, 1, 1, 0, 1, 2, 0, 0, 0, 2, 2, 2, 1, 2, 2, 1, 0, 1, 2, 0, 0, 1, 0, 2, 0, 1, 0, 2, 1, 0, 0]|[0, 3, 2, 2, 4, 1, 2, 3, 2, 4, 1, 1, 2, 4, 4, 1, 1, 4, 2, 1, 1, 1, 1, 2, 1, 2, 1, 1, 2, 1, 3, 2, 3, 1, 4, 0, 1, 1, 0, 3, 2, 2, 2, 0, 1, 1, 0, 4, 0, 1, 2, 2, 1, 4, 0, 3, 1, 1, 1, 1, 3, 1, 1, 1, 3, 0, 4, 3, 1, 4, 1, 1, 2, 4, 1, 1, 2, 1, 2, 1, 1, 3, 1, 1, 1, 1, 4, 1, 2, 1, 3, 2, 1, 1, 1, 2, 1, 4, 2, 2]|[0, 2, 1, 1, 3, 0, 1, 3, 0, 0, 0, 0, 1, 0, 1, 0, 0, 3, 1, 0, 0, 0, 3, 1, 0, 2, 0, 0, 0, 1, 0, 0, 0, 0, 3, 0, 1, 0, 0, 2, 1, 1, 1, 0, 0, 0, 0, 2, 1, 0, 0, 0, 1, 3, 0, 0, 0, 0, 0, 0, 2, 0, 1, 0, 2, 1, 0, 0, 1, 1, 3, 1, 1, 3, 0, 0, 1, 0, 1, 0, 0, 0, 0, 0, 1, 0, 0, 0, 1, 0, 2, 1, 0, 1, 1, 0, 0, 2, 0, 0],726.9061273463456,57092.60052686413,92996.29751897219,false
34,G4_BALANCED,G1_CMAX,[31, 22, 82, 15, 26, 99, 95, 42, 77, 12, 47, 5, 93, 78, 86, 54, 21, 63, 18, 44, 20, 35, 43, 97, 91, 76, 10, 30, 85, 45, 71, 64, 1, 23, 17, 83, 24, 14, 60, 36, 6, 57, 40, 88, 65, 56, 79, 94, 67, 68, 46, 75, 38, 9, 19, 32, 41, 81, 27, 87, 90, 58, 59, 11, 16, 72, 73, 70, 39, 37, 84, 3, 92, 25, 55, 48, 96, 29, 51, 62, 33, 61, 98, 66, 89, 50, 4, 7, 53, 80, 8, 28, 34, 49, 52, 0, 74, 69, 2, 13]|[1, 1, 0, 1, 1, 0, 1, 1, 2, 1, 2, 2, 2, 1, 1, 0, 0, 1, 0, 2, 2, 0, 1, 2, 0, 1, 2, 2, 0, 0, 1, 2, 1, 2, 1, 0, 2, 0, 1, 1, 0, 1, 1, 1, 0, 2, 1, 1, 0, 0, 0, 0, 1, 1, 2, 1, 2, 2, 0, 2, 1, 0, 1, 2, 1, 2, 1, 1, 1, 1, 1, 1, 0, 1, 2, 0, 2, 0, 0, 0, 2, 1, 2, 2, 1, 0, 1, 2, 0, 0, 1, 0, 2, 0, 1, 0, 2, 1, 0, 0]|[0, 3, 2, 2, 4, 1, 2, 3, 2, 4, 1, 1, 2, 4, 4, 1, 1, 4, 2, 1, 1, 1, 1, 2, 1, 2, 1, 1, 2, 1, 3, 2, 3, 0, 4, 0, 1, 1, 0, 3, 2, 2, 2, 0, 1, 1, 0, 4, 0, 1, 2, 2, 1, 4, 0, 3, 2, 1, 1, 1, 3, 1, 1, 1, 3, 0, 4, 3, 1, 4, 1, 1, 0, 4, 1, 1, 1, 1, 1, 2, 1, 3, 1, 1, 1, 1, 4, 1, 2, 1, 3, 2, 1, 1, 1, 2, 1, 4, 2, 2]|[0, 2, 1, 1, 3, 0, 1, 3, 0, 0, 0, 0, 1, 0, 1, 0, 0, 3, 1, 0, 0, 0, 3, 1, 0, 2, 0, 0, 0, 1, 0, 0, 0, 0, 3, 0, 1, 0, 0, 2, 1, 1, 1, 0, 0, 0, 0, 2, 1, 0, 0, 0, 1, 3, 0, 0, 1, 0, 0, 0, 2, 0, 1, 0, 2, 1, 0, 0, 1, 1, 3, 1, 1, 3, 0, 0, 0, 0, 0, 1, 0, 0, 0, 0, 1, 0, 0, 0, 1, 0, 2, 1, 0, 1, 1, 0, 0, 2, 0, 0],724.9395833867611,57689.77869234914,92566.52405273609,true
34,G2_TEC,G2_TEC,[31, 22, 82, 15, 26, 9, 95, 42, 77, 68, 47, 5, 93, 78, 86, 54, 85, 63, 18, 44, 20, 49, 36, 14, 74, 50, 53, 17, 21, 28, 11, 64, 3, 23, 30, 83, 24, 41, 40, 52, 65, 27, 90, 70, 39, 87, 48, 69, 99, 4, 75, 1, 13, 58, 97, 59, 45, 8, 73, 37, 35, 79, 71, 66, 76, 32, 60, 80, 56, 6, 67, 61, 33, 7, 57, 34, 12, 16, 10, 98, 96, 88, 43, 46, 91, 38, 84, 92, 29, 19, 51, 55, 81, 89, 25, 72, 94, 2, 0, 62]|[2, 1, 2, 1, 1, 2, 1, 1, 1, 1, 1, 0, 2, 2, 1, 2, 0, 0, 0, 2, 2, 1, 0, 2, 0, 2, 2, 1, 0, 1, 1, 1, 0, 0, 1, 0, 2, 1, 2, 2, 0, 0, 1, 1, 0, 2, 0, 2, 1, 0, 0, 2, 0, 0, 2, 0, 1, 1, 0, 0, 2, 1, 1, 2, 2, 0, 2, 2, 2, 1, 2, 1, 1, 2, 0, 1, 1, 2, 1, 2, 0, 1, 1, 0, 1, 0, 0, 0, 1, 1, 1, 0, 1, 1, 1, 1, 2, 2, 0, 1]|[0, 3, 0, 3, 4, 1, 4, 4, 2, 4, 3, 2, 1, 0, 2, 1, 1, 1, 2, 1, 1, 3, 0, 1, 0, 1, 1, 4, 1, 4, 3, 2, 2, 0, 4, 1, 1, 4, 1, 1, 2, 1, 4, 4, 1, 1, 0, 2, 3, 2, 2, 1, 2, 1, 1, 2, 4, 3, 0, 2, 2, 3, 3, 1, 1, 2, 1, 1, 1, 4, 1, 3, 4, 1, 2, 4, 3, 1, 3, 1, 2, 4, 4, 2, 3, 2, 2, 2, 3, 4, 3, 2, 4, 4, 4, 4, 1, 1, 2, 3]|[0, 2, 0, 0, 3, 0, 1, 3, 0, 0, 2, 0, 1, 0, 1, 0, 0, 0, 1, 0, 0, 2, 0, 0, 1, 0, 0, 3, 0, 1, 0, 2, 0, 0, 3, 0, 1, 1, 0, 0, 0, 0, 1, 3, 0, 0, 1, 0, 2, 0, 0, 0, 0, 0, 1, 0, 1, 0, 1, 1, 0, 2, 0, 0, 0, 0, 0, 0, 0, 2, 0, 0, 1, 0, 0, 1, 0, 0, 3, 0, 0, 1, 2, 0, 0, 0, 0, 0, 3, 1, 0, 0, 2, 1, 3, 1, 0, 0, 0, 0],908.8272556494078,49235.066718390466,107289.32240407266,false
34,G3_TWC,G3_TWC,[31, 22, 82, 15, 26, 58, 95, 42, 77, 12, 47, 5, 93, 78, 98, 54, 85, 63, 18, 44, 20, 35, 43, 97, 91, 76, 10, 30, 21, 45, 71, 64, 1, 23, 17, 83, 24, 14, 60, 36, 6, 57, 94, 88, 65, 56, 79, 40, 67, 68, 46, 75, 38, 9, 19, 32, 81, 41, 27, 62, 87, 90, 99, 59, 11, 16, 72, 73, 70, 39, 37, 84, 3, 92, 25, 55, 28, 29, 51, 7, 33, 61, 86, 48, 89, 50, 66, 96, 53, 80, 4, 8, 34, 49, 52, 0, 13, 2, 69, 74]|[1, 1, 0, 1, 1, 1, 2, 1, 2, 1, 2, 2, 2, 1, 1, 0, 0, 1, 0, 2, 2, 0, 1, 2, 0, 1, 2, 2, 0, 0, 1, 2, 1, 2, 1, 0, 2, 0, 1, 1, 0, 1, 1, 1, 0, 2, 1, 1, 0, 0, 0, 0, 1, 1, 2, 1, 2, 0, 0, 0, 2, 1, 0, 1, 2, 1, 2, 1, 1, 1, 1, 1, 2, 0, 1, 1, 0, 0, 0, 1, 2, 1, 0, 0, 1, 0, 0, 0, 0, 0, 0, 1, 2, 0, 1, 0, 0, 0, 1, 2]|[4, 3, 2, 2, 0, 0, 2, 2, 2, 4, 1, 1, 2, 4, 4, 1, 1, 4, 2, 1, 1, 1, 1, 2, 1, 2, 1, 1, 1, 1, 3, 2, 3, 0, 4, 0, 1, 1, 0, 3, 2, 2, 4, 0, 1, 1, 0, 2, 0, 1, 2, 2, 1, 4, 0, 3, 2, 1, 1, 2, 1, 3, 1, 1, 1, 3, 0, 4, 3, 1, 4, 1, 1, 2, 4, 4, 2, 1, 1, 3, 1, 3, 1, 1, 1, 1, 1, 1, 2, 1, 2, 3, 1, 1, 1, 2, 2, 2, 3, 1]|[0, 2, 1, 1, 3, 3, 0, 1, 0, 0, 0, 0, 1, 0, 1, 0, 0, 3, 1, 0, 0, 0, 3, 1, 0, 2, 0, 0, 0, 1, 0, 0, 0, 0, 3, 0, 1, 0, 0, 2, 1, 1, 2, 0, 0, 0, 0, 1, 1, 0, 0, 0, 1, 3, 0, 0, 1, 0, 0, 1, 0, 2, 0, 1, 0, 2, 1, 0, 0, 1, 1, 3, 0, 1, 3, 3, 1, 0, 0, 2, 0, 0, 0, 0, 1, 0, 0, 0, 1, 0, 1, 2, 0, 1, 1, 0, 0, 0, 0, 0],805.5394456933803,58046.77716663049,89050.44506242599,false
34,G1_CMAX,G1_CMAX,[31, 22, 82, 15, 26, 99, 95, 42, 77, 12, 47, 5, 93, 78, 86, 54, 21, 63, 18, 44, 20, 35, 43, 97, 91, 76, 10, 30, 85, 45, 71, 64, 1, 23, 17, 83, 24, 14, 60, 36, 6, 57, 40, 88, 65, 56, 79, 94, 67, 68, 46, 75, 38, 9, 19, 32, 41, 81, 27, 87, 90, 58, 59, 11, 16, 72, 62, 73, 70, 39, 37, 84, 3, 92, 25, 55, 28, 29, 51, 7, 33, 61, 98, 48, 89, 50, 66, 96, 53, 4, 8, 80, 34, 49, 52, 2, 13, 0, 69, 74]|[1, 1, 0, 1, 1, 0, 1, 1, 2, 1, 2, 2, 2, 1, 1, 0, 0, 1, 0, 2, 2, 0, 1, 2, 0, 1, 2, 2, 0, 0, 1, 2, 1, 2, 1, 0, 2, 0, 1, 1, 0, 1, 1, 1, 0, 2, 1, 1, 0, 0, 0, 0, 1, 1, 2, 1, 0, 2, 0, 2, 2, 1, 1, 2, 1, 2, 0, 1, 1, 1, 1, 1, 1, 0, 1, 2, 0, 0, 0, 2, 2, 1, 2, 0, 1, 0, 2, 2, 0, 1, 1, 0, 2, 0, 1, 0, 0, 0, 1, 2]|[0, 3, 2, 2, 4, 1, 2, 3, 2, 4, 1, 1, 2, 4, 4, 1, 1, 4, 2, 1, 1, 1, 1, 2, 1, 2, 1, 1, 2, 1, 3, 2, 3, 0, 4, 0, 1, 1, 0, 3, 2, 2, 2, 0, 1, 1, 0, 4, 0, 1, 2, 2, 1, 4, 0, 3, 1, 2, 1, 1, 1, 3, 1, 1, 3, 0, 2, 4, 3, 1, 4, 1, 1, 0, 4, 1, 2, 1, 1, 1, 1, 3, 1, 1, 1, 1, 1, 1, 2, 4, 3, 1, 1, 1, 1, 2, 2, 2, 4, 1]|[0, 2, 1, 1, 3, 0, 1, 3, 0, 0, 0, 0, 1, 0, 1, 0, 0, 3, 1, 0, 0, 0, 3, 1, 0, 2, 0, 0, 0, 1, 0, 0, 0, 0, 3, 0, 1, 0, 0, 2, 1, 1, 1, 0, 0, 0, 0, 2, 1, 0, 0, 0, 1, 3, 0, 0, 0, 1, 0, 0, 0, 2, 1, 0, 2, 1, 1, 0, 0, 1, 1, 3, 1, 1, 3, 0, 1, 0, 0, 0, 0, 0, 0, 0, 1, 0, 0, 0, 1, 0, 2, 0, 0, 1, 1, 0, 0, 0, 2, 0],733.5394759806172,57500.201663156506,92602.68320536255,false
34,G4_BALANCED,G1_CMAX,[31, 22, 82, 15, 26, 99, 95, 42, 77, 12, 47, 5, 93, 78, 86, 54, 21, 63, 18, 44, 20, 35, 43, 97, 91, 76, 10, 30, 85, 45, 71, 64, 1, 23, 17, 83, 24, 14, 60, 36, 6, 57, 40, 88, 65, 56, 79, 94, 67, 68, 46, 75, 38, 9, 19, 32, 41, 81, 27, 87, 90, 58, 59, 11, 16, 72, 73, 70, 39, 37, 84, 3, 92, 25, 55, 48, 96, 29, 51, 62, 33, 61, 98, 66, 89, 50, 4, 7, 53, 80, 8, 28, 34, 49, 52, 0, 74, 69, 2, 13]|[1, 1, 0, 1, 1, 0, 1, 1, 2, 1, 2, 2, 2, 1, 1, 0, 0, 1, 0, 2, 2, 0, 1, 2, 0, 1, 2, 2, 0, 0, 1, 2, 1, 2, 1, 0, 2, 0, 1, 1, 0, 1, 1, 1, 0, 2, 1, 1, 0, 0, 0, 0, 1, 1, 2, 1, 2, 2, 0, 2, 1, 0, 1, 2, 1, 2, 1, 1, 1, 1, 1, 1, 0, 1, 2, 0, 2, 0, 0, 0, 2, 1, 2, 2, 1, 0, 1, 2, 0, 0, 1, 0, 2, 0, 1, 0, 2, 1, 0, 0]|[0, 3, 2, 2, 4, 1, 2, 3, 2, 4, 1, 1, 2, 4, 4, 1, 1, 4, 2, 1, 1, 1, 1, 2, 1, 2, 1, 1, 2, 1, 3, 2, 3, 0, 4, 0, 1, 1, 0, 3, 2, 2, 2, 0, 1, 1, 0, 4, 0, 1, 2, 2, 1, 4, 0, 3, 2, 1, 1, 1, 3, 1, 1, 1, 3, 0, 4, 3, 1, 4, 1, 1, 0, 4, 1, 1, 1, 1, 1, 2, 1, 3, 1, 1, 1, 1, 4, 1, 2, 1, 3, 2, 1, 1, 1, 2, 1, 4, 2, 2]|[0, 2, 1, 1, 3, 0, 1, 3, 0, 0, 0, 0, 1, 0, 1, 0, 0, 3, 1, 0, 0, 0, 3, 1, 0, 2, 0, 0, 0, 1, 0, 0, 0, 0, 3, 0, 1, 0, 0, 2, 1, 1, 1, 0, 0, 0, 0, 2, 1, 0, 0, 0, 1, 3, 0, 0, 1, 0, 0, 0, 2, 0, 1, 0, 2, 1, 0, 0, 1, 1, 3, 1, 1, 3, 0, 0, 0, 0, 0, 1, 0, 0, 0, 0, 1, 0, 0, 0, 1, 0, 2, 1, 0, 1, 1, 0, 0, 2, 0, 0],724.9395833867611,57689.77869234914,92566.52405273609,true
34,G2_TEC,G2_TEC,[31, 22, 82, 15, 26, 9, 95, 42, 77, 68, 47, 5, 93, 78, 86, 54, 85, 63, 18, 44, 20, 49, 36, 14, 74, 50, 53, 17, 21, 28, 11, 64, 3, 23, 30, 83, 24, 41, 40, 52, 65, 27, 90, 70, 39, 87, 48, 69, 99, 4, 75, 1, 13, 58, 97, 59, 45, 8, 73, 37, 35, 79, 71, 66, 76, 32, 60, 80, 56, 6, 67, 61, 33, 7, 57, 34, 12, 16, 10, 98, 96, 88, 43, 46, 91, 38, 84, 92, 29, 19, 51, 55, 81, 89, 25, 72, 94, 2, 0, 62]|[2, 1, 2, 1, 1, 2, 1, 1, 1, 1, 1, 0, 2, 2, 1, 2, 0, 0, 0, 2, 2, 1, 0, 2, 0, 2, 2, 1, 0, 1, 1, 1, 0, 0, 1, 0, 2, 1, 2, 2, 0, 0, 1, 1, 0, 2, 0, 2, 1, 0, 0, 2, 0, 0, 2, 0, 1, 1, 0, 0, 2, 1, 1, 2, 2, 0, 2, 2, 2, 1, 2, 1, 1, 2, 0, 1, 1, 2, 1, 2, 0, 1, 1, 0, 1, 0, 0, 0, 1, 1, 1, 0, 1, 1, 1, 1, 2, 2, 0, 1]|[0, 3, 0, 3, 4, 1, 4, 4, 2, 4, 3, 2, 1, 0, 2, 1, 1, 1, 2, 1, 1, 3, 0, 1, 0, 1, 1, 4, 1, 4, 3, 2, 2, 0, 4, 1, 1, 4, 1, 1, 2, 1, 4, 4, 1, 1, 0, 2, 3, 2, 2, 1, 2, 1, 1, 2, 4, 3, 0, 2, 2, 3, 3, 1, 1, 2, 1, 1, 1, 4, 1, 3, 4, 1, 2, 4, 3, 1, 3, 1, 2, 4, 4, 2, 3, 2, 2, 2, 3, 4, 3, 2, 4, 4, 4, 4, 1, 1, 2, 3]|[0, 2, 0, 0, 3, 0, 1, 3, 0, 0, 2, 0, 1, 0, 1, 0, 0, 0, 1, 0, 0, 2, 0, 0, 1, 0, 0, 3, 0, 1, 0, 2, 0, 0, 3, 0, 1, 1, 0, 0, 0, 0, 1, 3, 0, 0, 1, 0, 2, 0, 0, 0, 0, 0, 1, 0, 1, 0, 1, 1, 0, 2, 0, 0, 0, 0, 0, 0, 0, 2, 0, 0, 1, 0, 0, 1, 0, 0, 3, 0, 0, 1, 2, 0, 0, 0, 0, 0, 3, 1, 0, 0, 2, 1, 3, 1, 0, 0, 0, 0],908.8272556494078,49235.066718390466,107289.32240407266,false
34,G3_TWC,G3_TWC,[31, 22, 82, 15, 26, 58, 95, 42, 77, 12, 47, 5, 93, 78, 98, 54, 85, 63, 18, 44, 20, 35, 43, 97, 91, 76, 10, 30, 21, 45, 71, 64, 1, 23, 17, 83, 24, 14, 60, 36, 6, 57, 94, 88, 65, 56, 79, 40, 67, 68, 46, 75, 38, 9, 19, 32, 81, 41, 27, 62, 87, 90, 99, 59, 11, 16, 72, 73, 70, 39, 37, 84, 3, 92, 25, 55, 28, 29, 51, 7, 33, 61, 86, 48, 89, 50, 66, 96, 53, 80, 4, 8, 34, 49, 52, 0, 13, 2, 69, 74]|[1, 1, 0, 1, 1, 1, 2, 1, 2, 1, 2, 2, 2, 1, 1, 0, 0, 1, 0, 2, 2, 0, 1, 2, 0, 1, 2, 2, 0, 0, 1, 2, 1, 2, 1, 0, 2, 0, 1, 1, 0, 1, 1, 1, 0, 2, 1, 1, 0, 0, 0, 0, 1, 1, 2, 1, 2, 0, 0, 0, 2, 1, 0, 1, 2, 1, 2, 1, 1, 1, 1, 1, 2, 0, 1, 1, 0, 0, 0, 1, 2, 1, 0, 0, 1, 0, 0, 0, 0, 0, 0, 1, 2, 0, 1, 0, 0, 0, 1, 2]|[4, 3, 2, 2, 0, 0, 2, 2, 2, 4, 1, 1, 2, 4, 4, 1, 1, 4, 2, 1, 1, 1, 1, 2, 1, 2, 1, 1, 1, 1, 3, 2, 3, 0, 4, 0, 1, 1, 0, 3, 2, 2, 4, 0, 1, 1, 0, 2, 0, 1, 2, 2, 1, 4, 0, 3, 2, 1, 1, 2, 1, 3, 1, 1, 1, 3, 0, 4, 3, 1, 4, 1, 1, 2, 4, 4, 2, 1, 1, 3, 1, 3, 1, 1, 1, 1, 1, 1, 2, 1, 2, 3, 1, 1, 1, 2, 2, 2, 3, 1]|[0, 2, 1, 1, 3, 3, 0, 1, 0, 0, 0, 0, 1, 0, 1, 0, 0, 3, 1, 0, 0, 0, 3, 1, 0, 2, 0, 0, 0, 1, 0, 0, 0, 0, 3, 0, 1, 0, 0, 2, 1, 1, 2, 0, 0, 0, 0, 1, 1, 0, 0, 0, 1, 3, 0, 0, 1, 0, 0, 1, 0, 2, 0, 1, 0, 2, 1, 0, 0, 1, 1, 3, 0, 1, 3, 3, 1, 0, 0, 2, 0, 0, 0, 0, 1, 0, 0, 0, 1, 0, 1, 2, 0, 1, 1, 0, 0, 0, 0, 0],805.5394456933803,58046.77716663049,89050.44506242599,false
34,G1_CMAX,G4_BALANCED,[31, 11, 15, 82, 26, 9, 95, 32, 77, 68, 47, 5, 93, 78, 86, 54, 85, 63, 18, 44, 20, 49, 36, 14, 74, 50, 53, 17, 21, 45, 71, 64, 3, 23, 30, 83, 24, 41, 60, 52, 65, 27, 90, 70, 39, 87, 48, 69, 99, 4, 46, 1, 13, 58, 97, 59, 28, 75, 73, 37, 35, 79, 22, 66, 76, 42, 40, 80, 96, 6, 16, 61, 33, 7, 57, 34, 12, 67, 10, 98, 8, 88, 29, 56, 91, 38, 19, 92, 43, 84, 2, 72, 81, 25, 51, 55, 62, 89, 94, 0]|[2, 1, 1, 2, 1, 2, 1, 1, 1, 1, 1, 0, 2, 2, 1, 2, 0, 0, 0, 2, 2, 1, 0, 2, 0, 2, 2, 1, 0, 1, 1, 1, 0, 0, 1, 0, 2, 1, 2, 2, 0, 0, 1, 1, 0, 2, 0, 2, 1, 0, 0, 2, 0, 0, 2, 0, 1, 0, 0, 0, 2, 1, 1, 2, 2, 0, 2, 2, 0, 1, 2, 1, 1, 2, 0, 1, 1, 1, 1, 2, 2, 1, 1, 2, 1, 0, 1, 0, 1, 0, 2, 1, 1, 1, 1, 0, 1, 1, 2, 0]|[1, 3, 2, 0, 4, 1, 4, 4, 2, 4, 3, 2, 1, 0, 2, 1, 1, 1, 2, 1, 1, 3, 0, 1, 0, 1, 1, 4, 1, 4, 3, 2, 2, 0, 4, 1, 1, 4, 0, 1, 2, 1, 4, 4, 1, 1, 0, 2, 3, 2, 2, 1, 2, 1, 1, 2, 4, 2, 0, 2, 2, 3, 3, 0, 1, 2, 1, 1, 2, 4, 1, 3, 4, 1, 2, 4, 3, 3, 3, 1, 1, 4, 3, 1, 3, 2, 4, 2, 4, 2, 1, 4, 1, 4, 3, 2, 3, 4, 1, 2]|[1, 2, 1, 0, 3, 0, 1, 3, 0, 0, 2, 0, 1, 0, 1, 0, 0, 0, 1, 0, 0, 2, 0, 0, 1, 0, 0, 3, 0, 1, 0, 2, 0, 1, 3, 0, 1, 3, 1, 0, 0, 0, 1, 3, 0, 0, 1, 0, 2, 0, 0, 0, 0, 0, 1, 0, 1, 0, 1, 1, 0, 2, 0, 0, 0, 0, 0, 0, 0, 2, 0, 0, 1, 0, 0, 1, 0, 0, 3, 0, 0, 1, 0, 0, 0, 0, 3, 0, 2, 0, 0, 2, 1, 3, 0, 0, 0, 1, 0, 0],853.9586631816869,51686.521742419325,106121.17870986674,true
34,G4_BALANCED,G1_CMAX,[31, 22, 82, 15, 26, 99, 95, 42, 77, 12, 47, 5, 93, 78, 86, 54, 21, 63, 18, 44, 20, 35, 43, 97, 91, 76, 10, 30, 85, 45, 71, 64, 1, 23, 17, 83, 24, 14, 60, 36, 6, 57, 40, 88, 65, 56, 79, 94, 67, 68, 46, 75, 38, 9, 19, 32, 41, 81, 27, 87, 90, 58, 59, 11, 16, 72, 73, 70, 39, 37, 84, 3, 92, 25, 55, 48, 96, 29, 51, 62, 33, 61, 98, 66, 89, 50, 4, 7, 53, 80, 8, 28, 34, 49, 52, 0, 74, 69, 2, 13]|[1, 1, 0, 1, 1, 0, 1, 1, 2, 1, 2, 2, 2, 1, 1, 0, 0, 1, 0, 2, 2, 0, 1, 2, 0, 1, 2, 2, 0, 0, 1, 2, 1, 2, 1, 0, 2, 0, 1, 1, 0, 1, 1, 1, 0, 2, 1, 1, 0, 0, 0, 0, 1, 1, 2, 1, 2, 2, 0, 2, 1, 0, 1, 2, 1, 2, 1, 1, 1, 1, 1, 1, 0, 1, 2, 0, 2, 0, 0, 0, 2, 1, 2, 2, 1, 0, 1, 2, 0, 0, 1, 0, 2, 0, 1, 0, 2, 1, 0, 0]|[0, 3, 2, 2, 4, 1, 2, 3, 2, 4, 1, 1, 2, 4, 4, 1, 1, 4, 2, 1, 1, 1, 1, 2, 1, 2, 1, 1, 2, 1, 3, 2, 3, 0, 4, 0, 1, 1, 0, 3, 2, 2, 2, 0, 1, 1, 0, 4, 0, 1, 2, 2, 1, 4, 0, 3, 2, 1, 1, 1, 3, 1, 1, 1, 3, 0, 4, 3, 1, 4, 1, 1, 0, 4, 1, 1, 1, 1, 1, 2, 1, 3, 1, 1, 1, 1, 4, 1, 2, 1, 3, 2, 1, 1, 1, 2, 1, 4, 2, 2]|[0, 2, 1, 1, 3, 0, 1, 3, 0, 0, 0, 0, 1, 0, 1, 0, 0, 3, 1, 0, 0, 0, 3, 1, 0, 2, 0, 0, 0, 1, 0, 0, 0, 0, 3, 0, 1, 0, 0, 2, 1, 1, 1, 0, 0, 0, 0, 2, 1, 0, 0, 0, 1, 3, 0, 0, 1, 0, 0, 0, 2, 0, 1, 0, 2, 1, 0, 0, 1, 1, 3, 1, 1, 3, 0, 0, 0, 0, 0, 1, 0, 0, 0, 0, 1, 0, 0, 0, 1, 0, 2, 1, 0, 1, 1, 0, 0, 2, 0, 0],724.9395833867611,57689.77869234914,92566.52405273609,true
34,G2_TEC,G2_TEC,[31, 22, 82, 15, 26, 9, 95, 42, 77, 68, 47, 5, 93, 78, 86, 54, 85, 63, 18, 44, 20, 49, 36, 14, 74, 50, 53, 17, 21, 28, 11, 64, 3, 23, 30, 83, 24, 41, 40, 52, 65, 27, 90, 70, 39, 87, 48, 69, 99, 4, 75, 1, 13, 58, 97, 59, 45, 8, 73, 37, 35, 79, 71, 66, 76, 32, 60, 80, 56, 6, 67, 61, 33, 7, 57, 34, 12, 16, 10, 98, 96, 88, 43, 46, 91, 38, 84, 92, 29, 19, 51, 55, 81, 89, 25, 72, 94, 2, 0, 62]|[2, 1, 2, 1, 1, 2, 1, 1, 1, 1, 1, 0, 2, 2, 1, 2, 0, 0, 0, 2, 2, 1, 0, 2, 0, 2, 2, 1, 0, 1, 1, 1, 0, 0, 1, 0, 2, 1, 2, 2, 0, 0, 1, 1, 0, 2, 0, 2, 1, 0, 0, 2, 0, 0, 2, 0, 1, 1, 0, 0, 2, 1, 1, 2, 2, 0, 2, 2, 2, 1, 2, 1, 1, 2, 0, 1, 1, 2, 1, 2, 0, 1, 1, 0, 1, 0, 0, 0, 1, 1, 1, 0, 1, 1, 1, 1, 2, 2, 0, 1]|[0, 3, 0, 3, 4, 1, 4, 4, 2, 4, 3, 2, 1, 0, 2, 1, 1, 1, 2, 1, 1, 3, 0, 1, 0, 1, 1, 4, 1, 4, 3, 2, 2, 0, 4, 1, 1, 4, 1, 1, 2, 1, 4, 4, 1, 1, 0, 2, 3, 2, 2, 1, 2, 1, 1, 2, 4, 3, 0, 2, 2, 3, 3, 1, 1, 2, 1, 1, 1, 4, 1, 3, 4, 1, 2, 4, 3, 1, 3, 1, 2, 4, 4, 2, 3, 2, 2, 2, 3, 4, 3, 2, 4, 4, 4, 4, 1, 1, 2, 3]|[0, 2, 0, 0, 3, 0, 1, 3, 0, 0, 2, 0, 1, 0, 1, 0, 0, 0, 1, 0, 0, 2, 0, 0, 1, 0, 0, 3, 0, 1, 0, 2, 0, 0, 3, 0, 1, 1, 0, 0, 0, 0, 1, 3, 0, 0, 1, 0, 2, 0, 0, 0, 0, 0, 1, 0, 1, 0, 1, 1, 0, 2, 0, 0, 0, 0, 0, 0, 0, 2, 0, 0, 1, 0, 0, 1, 0, 0, 3, 0, 0, 1, 2, 0, 0, 0, 0, 0, 3, 1, 0, 0, 2, 1, 3, 1, 0, 0, 0, 0],908.8272556494078,49235.066718390466,107289.32240407266,false
34,G3_TWC,G3_TWC,[31, 22, 82, 15, 26, 58, 95, 42, 77, 12, 47, 5, 93, 78, 98, 54, 85, 63, 18, 44, 20, 35, 43, 97, 91, 76, 10, 30, 21, 45, 71, 64, 1, 23, 17, 83, 24, 14, 60, 36, 6, 57, 94, 88, 65, 56, 79, 40, 67, 68, 46, 75, 38, 9, 19, 32, 81, 41, 27, 62, 87, 90, 99, 59, 11, 16, 72, 73, 70, 39, 37, 84, 3, 92, 25, 55, 28, 29, 51, 7, 33, 61, 86, 48, 89, 50, 66, 96, 53, 80, 4, 8, 34, 49, 52, 0, 13, 2, 69, 74]|[1, 1, 0, 1, 1, 1, 2, 1, 2, 1, 2, 2, 2, 1, 1, 0, 0, 1, 0, 2, 2, 0, 1, 2, 0, 1, 2, 2, 0, 0, 1, 2, 1, 2, 1, 0, 2, 0, 1, 1, 0, 1, 1, 1, 0, 2, 1, 1, 0, 0, 0, 0, 1, 1, 2, 1, 2, 0, 0, 0, 2, 1, 0, 1, 2, 1, 2, 1, 1, 1, 1, 1, 2, 0, 1, 1, 0, 0, 0, 1, 2, 1, 0, 0, 1, 0, 0, 0, 0, 0, 0, 1, 2, 0, 1, 0, 0, 0, 1, 2]|[4, 3, 2, 2, 0, 0, 2, 2, 2, 4, 1, 1, 2, 4, 4, 1, 1, 4, 2, 1, 1, 1, 1, 2, 1, 2, 1, 1, 1, 1, 3, 2, 3, 0, 4, 0, 1, 1, 0, 3, 2, 2, 4, 0, 1, 1, 0, 2, 0, 1, 2, 2, 1, 4, 0, 3, 2, 1, 1, 2, 1, 3, 1, 1, 1, 3, 0, 4, 3, 1, 4, 1, 1, 2, 4, 4, 2, 1, 1, 3, 1, 3, 1, 1, 1, 1, 1, 1, 2, 1, 2, 3, 1, 1, 1, 2, 2, 2, 3, 1]|[0, 2, 1, 1, 3, 3, 0, 1, 0, 0, 0, 0, 1, 0, 1, 0, 0, 3, 1, 0, 0, 0, 3, 1, 0, 2, 0, 0, 0, 1, 0, 0, 0, 0, 3, 0, 1, 0, 0, 2, 1, 1, 2, 0, 0, 0, 0, 1, 1, 0, 0, 0, 1, 3, 0, 0, 1, 0, 0, 1, 0, 2, 0, 1, 0, 2, 1, 0, 0, 1, 1, 3, 0, 1, 3, 3, 1, 0, 0, 2, 0, 0, 0, 0, 1, 0, 0, 0, 1, 0, 1, 2, 0, 1, 1, 0, 0, 0, 0, 0],805.5394456933803,58046.77716663049,89050.44506242599,false
34,G1_CMAX,G3_TWC,[42, 31, 22, 82, 15, 26, 58, 95, 77, 12, 47, 5, 93, 78, 98, 54, 85, 63, 18, 44, 20, 35, 43, 97, 91, 76, 10, 30, 21, 45, 71, 64, 1, 23, 17, 83, 24, 14, 60, 36, 6, 57, 94, 88, 65, 56, 79, 40, 67, 68, 46, 75, 38, 9, 19, 32, 81, 41, 27, 62, 87, 90, 99, 59, 11, 16, 72, 73, 70, 39, 37, 84, 3, 92, 25, 55, 28, 29, 51, 7, 33, 61, 86, 66, 89, 50, 48, 96, 53, 80, 4, 8, 34, 49, 52, 0, 13, 2, 69, 74]|[1, 1, 1, 0, 1, 1, 1, 2, 2, 1, 2, 2, 2, 1, 1, 0, 0, 1, 0, 2, 2, 0, 1, 2, 0, 1, 2, 2, 0, 0, 1, 2, 1, 2, 1, 0, 2, 0, 1, 1, 0, 1, 1, 1, 0, 2, 1, 1, 0, 0, 0, 0, 1, 1, 2, 1, 2, 0, 0, 0, 2, 1, 0, 1, 2, 1, 2, 1, 1, 1, 1, 1, 2, 0, 1, 1, 0, 0, 0, 1, 2, 1, 0, 2, 1, 0, 0, 0, 0, 0, 0, 1, 2, 0, 1, 0, 0, 0, 1, 2]|[2, 4, 3, 2, 2, 0, 0, 2, 2, 4, 1, 1, 2, 4, 4, 1, 1, 4, 2, 1, 1, 1, 1, 2, 1, 2, 1, 1, 1, 1, 3, 2, 3, 0, 4, 0, 1, 1, 0, 3, 2, 2, 4, 0, 1, 1, 0, 2, 0, 1, 2, 2, 1, 4, 0, 3, 2, 1, 1, 2, 1, 3, 1, 1, 1, 3, 0, 4, 3, 1, 4, 1, 1, 2, 4, 4, 2, 1, 1, 3, 1, 3, 1, 1, 1, 1, 1, 1, 2, 1, 2, 3, 1, 1, 1, 2, 2, 2, 3, 1]|[1, 0, 2, 1, 1, 3, 3, 0, 0, 0, 0, 0, 1, 0, 1, 0, 0, 3, 1, 0, 0, 0, 3, 1, 0, 2, 0, 0, 0, 1, 0, 0, 0, 0, 3, 0, 1, 0, 0, 2, 1, 1, 2, 0, 0, 0, 0, 1, 1, 0, 0, 0, 1, 3, 0, 0, 1, 0, 0, 1, 0, 2, 0, 1, 0, 2, 1, 0, 0, 1, 1, 3, 0, 1, 3, 3, 1, 0, 0, 2, 0, 0, 0, 0, 1, 0, 0, 0, 1, 0, 1, 2, 0, 1, 1, 0, 0, 0, 0, 0],790.0808266764368,58301.839560278044,88734.19036740763,true
34,G4_BALANCED,G1_CMAX,[31, 22, 82, 15, 26, 99, 95, 42, 77, 12, 47, 5, 93, 78, 86, 54, 21, 63, 18, 44, 20, 35, 43, 97, 91, 76, 10, 30, 85, 45, 71, 64, 1, 23, 17, 83, 24, 14, 60, 36, 6, 57, 40, 88, 65, 56, 79, 94, 67, 68, 46, 75, 38, 9, 19, 32, 41, 81, 27, 87, 90, 58, 59, 11, 16, 72, 73, 70, 39, 37, 84, 3, 92, 25, 55, 48, 96, 29, 51, 62, 33, 61, 98, 66, 89, 50, 4, 7, 53, 80, 8, 28, 34, 49, 52, 0, 74, 69, 2, 13]|[1, 1, 0, 1, 1, 0, 1, 1, 2, 1, 2, 2, 2, 1, 1, 0, 0, 1, 0, 2, 2, 0, 1, 2, 0, 1, 2, 2, 0, 0, 1, 2, 1, 2, 1, 0, 2, 0, 1, 1, 0, 1, 1, 1, 0, 2, 1, 1, 0, 0, 0, 0, 1, 1, 2, 1, 2, 2, 0, 2, 1, 0, 1, 2, 1, 2, 1, 1, 1, 1, 1, 1, 0, 1, 2, 0, 2, 0, 0, 0, 2, 1, 2, 2, 1, 0, 1, 2, 0, 0, 1, 0, 2, 0, 1, 0, 2, 1, 0, 0]|[0, 3, 2, 2, 4, 1, 2, 3, 2, 4, 1, 1, 2, 4, 4, 1, 1, 4, 2, 1, 1, 1, 1, 2, 1, 2, 1, 1, 2, 1, 3, 2, 3, 0, 4, 0, 1, 1, 0, 3, 2, 2, 2, 0, 1, 1, 0, 4, 0, 1, 2, 2, 1, 4, 0, 3, 2, 1, 1, 1, 3, 1, 1, 1, 3, 0, 4, 3, 1, 4, 1, 1, 0, 4, 1, 1, 1, 1, 1, 2, 1, 3, 1, 1, 1, 1, 4, 1, 2, 1, 3, 2, 1, 1, 1, 2, 1, 4, 2, 2]|[0, 2, 1, 1, 3, 0, 1, 3, 0, 0, 0, 0, 1, 0, 1, 0, 0, 3, 1, 0, 0, 0, 3, 1, 0, 2, 0, 0, 0, 1, 0, 0, 0, 0, 3, 0, 1, 0, 0, 2, 1, 1, 1, 0, 0, 0, 0, 2, 1, 0, 0, 0, 1, 3, 0, 0, 1, 0, 0, 0, 2, 0, 1, 0, 2, 1, 0, 0, 1, 1, 3, 1, 1, 3, 0, 0, 0, 0, 0, 1, 0, 0, 0, 0, 1, 0, 0, 0, 1, 0, 2, 1, 0, 1, 1, 0, 0, 2, 0, 0],724.9395833867611,57689.77869234914,92566.52405273609,true
34,G2_TEC,G2_TEC,[31, 22, 82, 15, 26, 9, 95, 42, 77, 68, 47, 5, 93, 78, 86, 54, 85, 63, 18, 44, 20, 49, 36, 14, 74, 50, 53, 17, 21, 28, 11, 64, 3, 23, 30, 83, 24, 41, 40, 52, 65, 27, 90, 70, 39, 87, 48, 69, 99, 4, 75, 1, 13, 58, 97, 59, 45, 8, 73, 37, 35, 79, 71, 66, 76, 32, 60, 80, 56, 6, 67, 61, 33, 7, 57, 34, 12, 16, 10, 98, 96, 88, 43, 46, 91, 38, 84, 92, 29, 19, 51, 55, 81, 89, 25, 72, 94, 2, 0, 62]|[2, 1, 2, 1, 1, 2, 1, 1, 1, 1, 1, 0, 2, 2, 1, 2, 0, 0, 0, 2, 2, 1, 0, 2, 0, 2, 2, 1, 0, 1, 1, 1, 0, 0, 1, 0, 2, 1, 2, 2, 0, 0, 1, 1, 0, 2, 0, 2, 1, 0, 0, 2, 0, 0, 2, 0, 1, 1, 0, 0, 2, 1, 1, 2, 2, 0, 2, 2, 2, 1, 2, 1, 1, 2, 0, 1, 1, 2, 1, 2, 0, 1, 1, 0, 1, 0, 0, 0, 1, 1, 1, 0, 1, 1, 1, 1, 2, 2, 0, 1]|[0, 3, 0, 3, 4, 1, 4, 4, 2, 4, 3, 2, 1, 0, 2, 1, 1, 1, 2, 1, 1, 3, 0, 1, 0, 1, 1, 4, 1, 4, 3, 2, 2, 0, 4, 1, 1, 4, 1, 1, 2, 1, 4, 4, 1, 1, 0, 2, 3, 2, 2, 1, 2, 1, 1, 2, 4, 3, 0, 2, 2, 3, 3, 1, 1, 2, 1, 1, 1, 4, 1, 3, 4, 1, 2, 4, 3, 1, 3, 1, 2, 4, 4, 2, 3, 2, 2, 2, 3, 4, 3, 2, 4, 4, 4, 4, 1, 1, 2, 3]|[0, 2, 0, 0, 3, 0, 1, 3, 0, 0, 2, 0, 1, 0, 1, 0, 0, 0, 1, 0, 0, 2, 0, 0, 1, 0, 0, 3, 0, 1, 0, 2, 0, 0, 3, 0, 1, 1, 0, 0, 0, 0, 1, 3, 0, 0, 1, 0, 2, 0, 0, 0, 0, 0, 1, 0, 1, 0, 1, 1, 0, 2, 0, 0, 0, 0, 0, 0, 0, 2, 0, 0, 1, 0, 0, 1, 0, 0, 3, 0, 0, 1, 2, 0, 0, 0, 0, 0, 3, 1, 0, 0, 2, 1, 3, 1, 0, 0, 0, 0],908.8272556494078,49235.066718390466,107289.32240407266,false
34,G3_TWC,G3_TWC,[31, 22, 82, 15, 26, 58, 95, 42, 77, 12, 47, 5, 93, 78, 98, 54, 85, 63, 18, 44, 20, 35, 43, 97, 91, 76, 10, 30, 21, 45, 71, 64, 1, 23, 17, 83, 24, 14, 60, 36, 6, 57, 94, 88, 65, 56, 79, 40, 67, 68, 46, 75, 38, 9, 19, 32, 81, 41, 27, 62, 87, 90, 99, 59, 11, 16, 72, 73, 70, 39, 37, 84, 3, 92, 25, 55, 28, 29, 51, 7, 33, 61, 86, 48, 89, 50, 66, 96, 53, 80, 4, 8, 34, 49, 52, 0, 13, 2, 69, 74]|[1, 1, 0, 1, 1, 1, 2, 1, 2, 1, 2, 2, 2, 1, 1, 0, 0, 1, 0, 2, 2, 0, 1, 2, 0, 1, 2, 2, 0, 0, 1, 2, 1, 2, 1, 0, 2, 0, 1, 1, 0, 1, 1, 1, 0, 2, 1, 1, 0, 0, 0, 0, 1, 1, 2, 1, 2, 0, 0, 0, 2, 1, 0, 1, 2, 1, 2, 1, 1, 1, 1, 1, 2, 0, 1, 1, 0, 0, 0, 1, 2, 1, 0, 0, 1, 0, 0, 0, 0, 0, 0, 1, 2, 0, 1, 0, 0, 0, 1, 2]|[4, 3, 2, 2, 0, 0, 2, 2, 2, 4, 1, 1, 2, 4, 4, 1, 1, 4, 2, 1, 1, 1, 1, 2, 1, 2, 1, 1, 1, 1, 3, 2, 3, 0, 4, 0, 1, 1, 0, 3, 2, 2, 4, 0, 1, 1, 0, 2, 0, 1, 2, 2, 1, 4, 0, 3, 2, 1, 1, 2, 1, 3, 1, 1, 1, 3, 0, 4, 3, 1, 4, 1, 1, 2, 4, 4, 2, 1, 1, 3, 1, 3, 1, 1, 1, 1, 1, 1, 2, 1, 2, 3, 1, 1, 1, 2, 2, 2, 3, 1]|[0, 2, 1, 1, 3, 3, 0, 1, 0, 0, 0, 0, 1, 0, 1, 0, 0, 3, 1, 0, 0, 0, 3, 1, 0, 2, 0, 0, 0, 1, 0, 0, 0, 0, 3, 0, 1, 0, 0, 2, 1, 1, 2, 0, 0, 0, 0, 1, 1, 0, 0, 0, 1, 3, 0, 0, 1, 0, 0, 1, 0, 2, 0, 1, 0, 2, 1, 0, 0, 1, 1, 3, 0, 1, 3, 3, 1, 0, 0, 2, 0, 0, 0, 0, 1, 0, 0, 0, 1, 0, 1, 2, 0, 1, 1, 0, 0, 0, 0, 0],805.5394456933803,58046.77716663049,89050.44506242599,false
34,G1_CMAX,G1_CMAX,[31, 22, 82, 15, 26, 99, 95, 42, 77, 12, 47, 5, 93, 78, 86, 54, 21, 63, 18, 44, 20, 35, 43, 97, 91, 76, 10, 30, 85, 45, 71, 64, 1, 23, 37, 83, 24, 14, 60, 36, 6, 57, 40, 88, 65, 56, 79, 94, 67, 68, 46, 75, 38, 9, 19, 32, 41, 81, 27, 87, 90, 58, 59, 11, 16, 72, 73, 70, 39, 17, 84, 3, 92, 25, 55, 48, 62, 29, 51, 96, 33, 61, 98, 28, 89, 50, 4, 7, 53, 80, 34, 66, 8, 49, 0, 74, 69, 52, 2, 13]|[2, 1, 0, 1, 1, 0, 1, 1, 2, 1, 2, 2, 2, 1, 1, 0, 0, 1, 0, 2, 2, 0, 1, 2, 0, 1, 2, 2, 0, 0, 1, 2, 1, 2, 1, 0, 2, 0, 1, 1, 0, 1, 1, 1, 0, 2, 1, 1, 0, 0, 0, 0, 1, 1, 2, 1, 0, 2, 0, 2, 1, 0, 1, 2, 1, 2, 1, 1, 1, 1, 1, 1, 0, 1, 2, 0, 0, 0, 0, 2, 2, 1, 2, 0, 1, 0, 1, 2, 0, 0, 2, 2, 1, 0, 0, 2, 1, 1, 0, 0]|[1, 3, 2, 2, 4, 1, 2, 3, 2, 4, 1, 1, 2, 4, 4, 1, 1, 4, 2, 1, 1, 1, 1, 2, 1, 2, 1, 1, 2, 1, 3, 2, 3, 1, 4, 0, 1, 1, 0, 3, 2, 2, 2, 0, 1, 1, 0, 4, 0, 1, 2, 2, 1, 4, 0, 3, 1, 1, 1, 1, 3, 1, 1, 1, 3, 0, 4, 3, 1, 4, 1, 1, 0, 4, 1, 1, 2, 1, 1, 1, 1, 3, 1, 2, 1, 1, 4, 1, 2, 1, 1, 1, 3, 1, 2, 1, 4, 1, 2, 2]|[0, 2, 1, 1, 3, 0, 1, 3, 0, 0, 0, 0, 1, 0, 1, 0, 0, 3, 1, 0, 0, 0, 3, 1, 0, 2, 0, 0, 0, 1, 0, 0, 0, 0, 3, 0, 1, 0, 0, 2, 1, 1, 1, 0, 0, 0, 0, 2, 1, 0, 0, 0, 1, 3, 0, 0, 0, 0, 0, 0, 2, 0, 1, 0, 2, 1, 0, 0, 1, 1, 3, 1, 1, 3, 0, 0, 1, 0, 0, 0, 0, 0, 0, 1, 1, 0, 0, 0, 1, 0, 0, 0, 2, 1, 0, 0, 2, 1, 0, 0],740.2718239221269,55953.992678270595,92365.00024815337,false
34,G4_BALANCED,G1_CMAX,[31, 22, 82, 15, 26, 99, 95, 42, 77, 12, 47, 5, 93, 78, 86, 54, 21, 63, 18, 44, 20, 35, 43, 97, 91, 76, 10, 30, 85, 45, 71, 64, 1, 23, 17, 83, 24, 14, 60, 36, 6, 57, 40, 88, 65, 56, 79, 94, 67, 68, 46, 75, 38, 9, 19, 32, 41, 81, 27, 87, 90, 58, 59, 11, 16, 72, 73, 70, 39, 37, 84, 3, 92, 25, 55, 48, 96, 29, 51, 62, 33, 61, 98, 66, 89, 50, 4, 7, 53, 80, 8, 28, 34, 49, 52, 0, 74, 69, 2, 13]|[1, 1, 0, 1, 1, 0, 1, 1, 2, 1, 2, 2, 2, 1, 1, 0, 0, 1, 0, 2, 2, 0, 1, 2, 0, 1, 2, 2, 0, 0, 1, 2, 1, 2, 1, 0, 2, 0, 1, 1, 0, 1, 1, 1, 0, 2, 1, 1, 0, 0, 0, 0, 1, 1, 2, 1, 2, 2, 0, 2, 1, 0, 1, 2, 1, 2, 1, 1, 1, 1, 1, 1, 0, 1, 2, 0, 2, 0, 0, 0, 2, 1, 2, 2, 1, 0, 1, 2, 0, 0, 1, 0, 2, 0, 1, 0, 2, 1, 0, 0]|[0, 3, 2, 2, 4, 1, 2, 3, 2, 4, 1, 1, 2, 4, 4, 1, 1, 4, 2, 1, 1, 1, 1, 2, 1, 2, 1, 1, 2, 1, 3, 2, 3, 0, 4, 0, 1, 1, 0, 3, 2, 2, 2, 0, 1, 1, 0, 4, 0, 1, 2, 2, 1, 4, 0, 3, 2, 1, 1, 1, 3, 1, 1, 1, 3, 0, 4, 3, 1, 4, 1, 1, 0, 4, 1, 1, 1, 1, 1, 2, 1, 3, 1, 1, 1, 1, 4, 1, 2, 1, 3, 2, 1, 1, 1, 2, 1, 4, 2, 2]|[0, 2, 1, 1, 3, 0, 1, 3, 0, 0, 0, 0, 1, 0, 1, 0, 0, 3, 1, 0, 0, 0, 3, 1, 0, 2, 0, 0, 0, 1, 0, 0, 0, 0, 3, 0, 1, 0, 0, 2, 1, 1, 1, 0, 0, 0, 0, 2, 1, 0, 0, 0, 1, 3, 0, 0, 1, 0, 0, 0, 2, 0, 1, 0, 2, 1, 0, 0, 1, 1, 3, 1, 1, 3, 0, 0, 0, 0, 0, 1, 0, 0, 0, 0, 1, 0, 0, 0, 1, 0, 2, 1, 0, 1, 1, 0, 0, 2, 0, 0],724.9395833867611,57689.77869234914,92566.52405273609,true
34,G2_TEC,G2_TEC,[31, 22, 82, 15, 26, 9, 95, 42, 77, 68, 47, 5, 93, 78, 86, 54, 85, 63, 18, 44, 20, 49, 36, 14, 74, 50, 53, 17, 21, 28, 11, 64, 3, 23, 30, 83, 24, 41, 40, 52, 65, 27, 90, 70, 39, 87, 48, 69, 99, 4, 75, 1, 13, 58, 97, 59, 45, 8, 73, 37, 35, 79, 71, 66, 76, 32, 60, 80, 56, 6, 67, 61, 33, 7, 57, 34, 12, 16, 10, 98, 96, 88, 43, 46, 91, 38, 84, 92, 29, 19, 51, 55, 81, 89, 25, 72, 94, 2, 0, 62]|[2, 1, 2, 1, 1, 2, 1, 1, 1, 1, 1, 0, 2, 2, 1, 2, 0, 0, 0, 2, 2, 1, 0, 2, 0, 2, 2, 1, 0, 1, 1, 1, 0, 0, 1, 0, 2, 1, 2, 2, 0, 0, 1, 1, 0, 2, 0, 2, 1, 0, 0, 2, 0, 0, 2, 0, 1, 1, 0, 0, 2, 1, 1, 2, 2, 0, 2, 2, 2, 1, 2, 1, 1, 2, 0, 1, 1, 2, 1, 2, 0, 1, 1, 0, 1, 0, 0, 0, 1, 1, 1, 0, 1, 1, 1, 1, 2, 2, 0, 1]|[0, 3, 0, 3, 4, 1, 4, 4, 2, 4, 3, 2, 1, 0, 2, 1, 1, 1, 2, 1, 1, 3, 0, 1, 0, 1, 1, 4, 1, 4, 3, 2, 2, 0, 4, 1, 1, 4, 1, 1, 2, 1, 4, 4, 1, 1, 0, 2, 3, 2, 2, 1, 2, 1, 1, 2, 4, 3, 0, 2, 2, 3, 3, 1, 1, 2, 1, 1, 1, 4, 1, 3, 4, 1, 2, 4, 3, 1, 3, 1, 2, 4, 4, 2, 3, 2, 2, 2, 3, 4, 3, 2, 4, 4, 4, 4, 1, 1, 2, 3]|[0, 2, 0, 0, 3, 0, 1, 3, 0, 0, 2, 0, 1, 0, 1, 0, 0, 0, 1, 0, 0, 2, 0, 0, 1, 0, 0, 3, 0, 1, 0, 2, 0, 0, 3, 0, 1, 1, 0, 0, 0, 0, 1, 3, 0, 0, 1, 0, 2, 0, 0, 0, 0, 0, 1, 0, 1, 0, 1, 1, 0, 2, 0, 0, 0, 0, 0, 0, 0, 2, 0, 0, 1, 0, 0, 1, 0, 0, 3, 0, 0, 1, 2, 0, 0, 0, 0, 0, 3, 1, 0, 0, 2, 1, 3, 1, 0, 0, 0, 0],908.8272556494078,49235.066718390466,107289.32240407266,false
34,G3_TWC,G3_TWC,[31, 22, 82, 15, 26, 58, 95, 42, 77, 12, 47, 5, 93, 78, 98, 54, 85, 63, 18, 44, 20, 35, 43, 97, 91, 76, 10, 30, 21, 45, 71, 64, 1, 23, 17, 83, 24, 14, 60, 36, 6, 57, 94, 88, 65, 56, 79, 40, 67, 68, 46, 75, 38, 9, 19, 32, 81, 41, 27, 62, 87, 90, 99, 59, 11, 16, 72, 73, 70, 39, 37, 84, 3, 92, 25, 55, 28, 29, 51, 7, 33, 61, 86, 48, 89, 50, 66, 96, 53, 80, 4, 8, 34, 49, 52, 0, 13, 2, 69, 74]|[1, 1, 0, 1, 1, 1, 2, 1, 2, 1, 2, 2, 2, 1, 1, 0, 0, 1, 0, 2, 2, 0, 1, 2, 0, 1, 2, 2, 0, 0, 1, 2, 1, 2, 1, 0, 2, 0, 1, 1, 0, 1, 1, 1, 0, 2, 1, 1, 0, 0, 0, 0, 1, 1, 2, 1, 2, 0, 0, 0, 2, 1, 0, 1, 2, 1, 2, 1, 1, 1, 1, 1, 2, 0, 1, 1, 0, 0, 0, 1, 2, 1, 0, 0, 1, 0, 0, 0, 0, 0, 0, 1, 2, 0, 1, 0, 0, 0, 1, 2]|[4, 3, 2, 2, 0, 0, 2, 2, 2, 4, 1, 1, 2, 4, 4, 1, 1, 4, 2, 1, 1, 1, 1, 2, 1, 2, 1, 1, 1, 1, 3, 2, 3, 0, 4, 0, 1, 1, 0, 3, 2, 2, 4, 0, 1, 1, 0, 2, 0, 1, 2, 2, 1, 4, 0, 3, 2, 1, 1, 2, 1, 3, 1, 1, 1, 3, 0, 4, 3, 1, 4, 1, 1, 2, 4, 4, 2, 1, 1, 3, 1, 3, 1, 1, 1, 1, 1, 1, 2, 1, 2, 3, 1, 1, 1, 2, 2, 2, 3, 1]|[0, 2, 1, 1, 3, 3, 0, 1, 0, 0, 0, 0, 1, 0, 1, 0, 0, 3, 1, 0, 0, 0, 3, 1, 0, 2, 0, 0, 0, 1, 0, 0, 0, 0, 3, 0, 1, 0, 0, 2, 1, 1, 2, 0, 0, 0, 0, 1, 1, 0, 0, 0, 1, 3, 0, 0, 1, 0, 0, 1, 0, 2, 0, 1, 0, 2, 1, 0, 0, 1, 1, 3, 0, 1, 3, 3, 1, 0, 0, 2, 0, 0, 0, 0, 1, 0, 0, 0, 1, 0, 1, 2, 0, 1, 1, 0, 0, 0, 0, 0],805.5394456933803,58046.77716663049,89050.44506242599,false
34,G1_CMAX,G1_CMAX,[31, 22, 82, 15, 26, 99, 95, 42, 77, 12, 47, 5, 93, 78, 86, 54, 21, 63, 18, 44, 20, 35, 43, 97, 91, 76, 10, 30, 85, 45, 71, 64, 1, 23, 17, 83, 24, 14, 60, 36, 6, 57, 40, 88, 65, 56, 79, 94, 67, 68, 46, 75, 38, 9, 19, 32, 41, 81, 27, 87, 90, 58, 59, 11, 16, 72, 73, 70, 39, 37, 84, 3, 92, 25, 55, 48, 62, 29, 51, 96, 33, 61, 98, 66, 89, 50, 4, 7, 53, 80, 8, 28, 34, 49, 52, 0, 74, 69, 2, 13]|[1, 1, 0, 1, 1, 0, 1, 1, 2, 1, 2, 2, 2, 1, 1, 0, 0, 1, 0, 2, 2, 0, 1, 2, 0, 1, 2, 2, 0, 0, 1, 2, 1, 2, 1, 0, 2, 0, 1, 1, 0, 1, 1, 1, 0, 2, 1, 1, 0, 0, 0, 0, 1, 1, 2, 1, 0, 2, 0, 2, 1, 0, 1, 2, 1, 2, 1, 1, 1, 1, 1, 1, 0, 1, 2, 0, 2, 0, 0, 2, 2, 1, 2, 2, 1, 0, 1, 2, 0, 0, 1, 0, 2, 0, 1, 0, 2, 1, 0, 0]|[0, 3, 2, 2, 4, 1, 2, 3, 2, 4, 1, 1, 2, 4, 4, 1, 1, 4, 2, 1, 1, 1, 1, 2, 1, 2, 1, 1, 2, 1, 3, 2, 3, 0, 4, 0, 1, 1, 0, 3, 2, 2, 2, 0, 1, 1, 0, 4, 0, 1, 2, 2, 1, 4, 0, 3, 1, 1, 1, 1, 3, 1, 1, 1, 3, 0, 4, 3, 1, 4, 1, 1, 0, 4, 1, 1, 1, 1, 1, 1, 1, 3, 1, 1, 1, 1, 4, 1, 2, 1, 3, 2, 1, 1, 1, 2, 1, 4, 2, 2]|[0, 2, 1, 1, 3, 0, 1, 3, 0, 0, 0, 0, 1, 0, 1, 0, 0, 3, 1, 0, 0, 0, 3, 1, 0, 2, 0, 0, 0, 1, 0, 0, 0, 0, 3, 0, 1, 0, 0, 2, 1, 1, 1, 0, 0, 0, 0, 2, 1, 0, 0, 0, 1, 3, 0, 0, 0, 0, 0, 0, 2, 0, 1, 0, 2, 1, 0, 0, 1, 1, 3, 1, 1, 3, 0, 0, 0, 0, 0, 0, 0, 0, 0, 0, 1, 0, 0, 0, 1, 0, 2, 1, 0, 1, 1, 0, 0, 2, 0, 0],729.4630855162613,56977.85706863535,93928.98543188533,false
34,G4_BALANCED,G1_CMAX,[31, 22, 82, 15, 26, 99, 95, 42, 77, 12, 47, 5, 93, 78, 86, 54, 21, 63, 18, 44, 20, 35, 43, 97, 91, 76, 10, 30, 85, 45, 71, 64, 1, 23, 17, 83, 24, 14, 60, 36, 6, 57, 40, 88, 65, 56, 79, 94, 67, 68, 46, 75, 38, 9, 19, 32, 41, 81, 27, 87, 90, 58, 59, 11, 16, 72, 73, 70, 39, 37, 84, 3, 92, 25, 55, 48, 96, 29, 51, 62, 33, 61, 98, 66, 89, 50, 4, 7, 53, 80, 8, 28, 34, 49, 52, 0, 74, 69, 2, 13]|[1, 1, 0, 1, 1, 0, 1, 1, 2, 1, 2, 2, 2, 1, 1, 0, 0, 1, 0, 2, 2, 0, 1, 2, 0, 1, 2, 2, 0, 0, 1, 2, 1, 2, 1, 0, 2, 0, 1, 1, 0, 1, 1, 1, 0, 2, 1, 1, 0, 0, 0, 0, 1, 1, 2, 1, 2, 2, 0, 2, 1, 0, 1, 2, 1, 2, 1, 1, 1, 1, 1, 1, 0, 1, 2, 0, 2, 0, 0, 0, 2, 1, 2, 2, 1, 0, 1, 2, 0, 0, 1, 0, 2, 0, 1, 0, 2, 1, 0, 0]|[0, 3, 2, 2, 4, 1, 2, 3, 2, 4, 1, 1, 2, 4, 4, 1, 1, 4, 2, 1, 1, 1, 1, 2, 1, 2, 1, 1, 2, 1, 3, 2, 3, 0, 4, 0, 1, 1, 0, 3, 2, 2, 2, 0, 1, 1, 0, 4, 0, 1, 2, 2, 1, 4, 0, 3, 2, 1, 1, 1, 3, 1, 1, 1, 3, 0, 4, 3, 1, 4, 1, 1, 0, 4, 1, 1, 1, 1, 1, 2, 1, 3, 1, 1, 1, 1, 4, 1, 2, 1, 3, 2, 1, 1, 1, 2, 1, 4, 2, 2]|[0, 2, 1, 1, 3, 0, 1, 3, 0, 0, 0, 0, 1, 0, 1, 0, 0, 3, 1, 0, 0, 0, 3, 1, 0, 2, 0, 0, 0, 1, 0, 0, 0, 0, 3, 0, 1, 0, 0, 2, 1, 1, 1, 0, 0, 0, 0, 2, 1, 0, 0, 0, 1, 3, 0, 0, 1, 0, 0, 0, 2, 0, 1, 0, 2, 1, 0, 0, 1, 1, 3, 1, 1, 3, 0, 0, 0, 0, 0, 1, 0, 0, 0, 0, 1, 0, 0, 0, 1, 0, 2, 1, 0, 1, 1, 0, 0, 2, 0, 0],724.9395833867611,57689.77869234914,92566.52405273609,true
34,G2_TEC,G2_TEC,[31, 22, 82, 15, 26, 9, 95, 42, 77, 68, 47, 5, 93, 78, 86, 54, 85, 63, 18, 44, 20, 49, 36, 14, 74, 50, 53, 17, 21, 28, 11, 64, 3, 23, 30, 83, 24, 41, 40, 52, 65, 27, 90, 70, 39, 87, 48, 69, 99, 4, 75, 1, 13, 58, 97, 59, 45, 8, 73, 37, 35, 79, 71, 66, 76, 32, 60, 80, 56, 6, 67, 61, 33, 7, 57, 34, 12, 16, 10, 98, 96, 88, 43, 46, 91, 38, 84, 92, 29, 19, 51, 55, 81, 89, 25, 72, 94, 2, 0, 62]|[2, 1, 2, 1, 1, 2, 1, 1, 1, 1, 1, 0, 2, 2, 1, 2, 0, 0, 0, 2, 2, 1, 0, 2, 0, 2, 2, 1, 0, 1, 1, 1, 0, 0, 1, 0, 2, 1, 2, 2, 0, 0, 1, 1, 0, 2, 0, 2, 1, 0, 0, 2, 0, 0, 2, 0, 1, 1, 0, 0, 2, 1, 1, 2, 2, 0, 2, 2, 2, 1, 2, 1, 1, 2, 0, 1, 1, 2, 1, 2, 0, 1, 1, 0, 1, 0, 0, 0, 1, 1, 1, 0, 1, 1, 1, 1, 2, 2, 0, 1]|[0, 3, 0, 3, 4, 1, 4, 4, 2, 4, 3, 2, 1, 0, 2, 1, 1, 1, 2, 1, 1, 3, 0, 1, 0, 1, 1, 4, 1, 4, 3, 2, 2, 0, 4, 1, 1, 4, 1, 1, 2, 1, 4, 4, 1, 1, 0, 2, 3, 2, 2, 1, 2, 1, 1, 2, 4, 3, 0, 2, 2, 3, 3, 1, 1, 2, 1, 1, 1, 4, 1, 3, 4, 1, 2, 4, 3, 1, 3, 1, 2, 4, 4, 2, 3, 2, 2, 2, 3, 4, 3, 2, 4, 4, 4, 4, 1, 1, 2, 3]|[0, 2, 0, 0, 3, 0, 1, 3, 0, 0, 2, 0, 1, 0, 1, 0, 0, 0, 1, 0, 0, 2, 0, 0, 1, 0, 0, 3, 0, 1, 0, 2, 0, 0, 3, 0, 1, 1, 0, 0, 0, 0, 1, 3, 0, 0, 1, 0, 2, 0, 0, 0, 0, 0, 1, 0, 1, 0, 1, 1, 0, 2, 0, 0, 0, 0, 0, 0, 0, 2, 0, 0, 1, 0, 0, 1, 0, 0, 3, 0, 0, 1, 2, 0, 0, 0, 0, 0, 3, 1, 0, 0, 2, 1, 3, 1, 0, 0, 0, 0],908.8272556494078,49235.066718390466,107289.32240407266,false
34,G3_TWC,G3_TWC,[31, 22, 82, 15, 26, 58, 95, 42, 77, 12, 47, 5, 93, 78, 98, 54, 85, 63, 18, 44, 20, 35, 43, 97, 91, 76, 10, 30, 21, 45, 71, 64, 1, 23, 17, 83, 24, 14, 60, 36, 6, 57, 94, 88, 65, 56, 79, 40, 67, 68, 46, 75, 38, 9, 19, 32, 81, 41, 27, 62, 87, 90, 99, 59, 11, 16, 72, 73, 70, 39, 37, 84, 3, 92, 25, 55, 28, 29, 51, 7, 33, 61, 86, 48, 89, 50, 66, 96, 53, 80, 4, 8, 34, 49, 52, 0, 13, 2, 69, 74]|[1, 1, 0, 1, 1, 1, 2, 1, 2, 1, 2, 2, 2, 1, 1, 0, 0, 1, 0, 2, 2, 0, 1, 2, 0, 1, 2, 2, 0, 0, 1, 2, 1, 2, 1, 0, 2, 0, 1, 1, 0, 1, 1, 1, 0, 2, 1, 1, 0, 0, 0, 0, 1, 1, 2, 1, 2, 0, 0, 0, 2, 1, 0, 1, 2, 1, 2, 1, 1, 1, 1, 1, 2, 0, 1, 1, 0, 0, 0, 1, 2, 1, 0, 0, 1, 0, 0, 0, 0, 0, 0, 1, 2, 0, 1, 0, 0, 0, 1, 2]|[4, 3, 2, 2, 0, 0, 2, 2, 2, 4, 1, 1, 2, 4, 4, 1, 1, 4, 2, 1, 1, 1, 1, 2, 1, 2, 1, 1, 1, 1, 3, 2, 3, 0, 4, 0, 1, 1, 0, 3, 2, 2, 4, 0, 1, 1, 0, 2, 0, 1, 2, 2, 1, 4, 0, 3, 2, 1, 1, 2, 1, 3, 1, 1, 1, 3, 0, 4, 3, 1, 4, 1, 1, 2, 4, 4, 2, 1, 1, 3, 1, 3, 1, 1, 1, 1, 1, 1, 2, 1, 2, 3, 1, 1, 1, 2, 2, 2, 3, 1]|[0, 2, 1, 1, 3, 3, 0, 1, 0, 0, 0, 0, 1, 0, 1, 0, 0, 3, 1, 0, 0, 0, 3, 1, 0, 2, 0, 0, 0, 1, 0, 0, 0, 0, 3, 0, 1, 0, 0, 2, 1, 1, 2, 0, 0, 0, 0, 1, 1, 0, 0, 0, 1, 3, 0, 0, 1, 0, 0, 1, 0, 2, 0, 1, 0, 2, 1, 0, 0, 1, 1, 3, 0, 1, 3, 3, 1, 0, 0, 2, 0, 0, 0, 0, 1, 0, 0, 0, 1, 0, 1, 2, 0, 1, 1, 0, 0, 0, 0, 0],805.5394456933803,58046.77716663049,89050.44506242599,false
34,G1_CMAX,G1_CMAX,[31, 22, 82, 15, 26, 58, 95, 42, 77, 12, 47, 5, 93, 78, 98, 54, 85, 63, 18, 44, 20, 35, 43, 97, 91, 76, 10, 30, 21, 45, 71, 64, 1, 23, 17, 83, 24, 14, 60, 36, 6, 57, 94, 88, 65, 56, 79, 40, 67, 68, 46, 75, 38, 9, 19, 32, 81, 41, 27, 62, 87, 90, 99, 59, 11, 16, 72, 73, 70, 39, 37, 84, 3, 92, 25, 55, 28, 29, 51, 7, 33, 61, 48, 86, 89, 50, 4, 96, 53, 8, 80, 0, 34, 49, 52, 2, 13, 66, 69, 74]|[1, 1, 0, 1, 1, 1, 2, 1, 2, 1, 2, 2, 2, 1, 1, 0, 0, 1, 0, 2, 2, 0, 0, 2, 0, 1, 2, 2, 0, 0, 1, 2, 1, 2, 1, 0, 2, 0, 1, 1, 0, 1, 1, 1, 0, 2, 1, 1, 0, 0, 0, 0, 1, 1, 2, 1, 2, 0, 0, 0, 2, 1, 0, 2, 2, 1, 2, 1, 1, 1, 1, 1, 1, 0, 1, 1, 0, 0, 0, 1, 2, 1, 0, 0, 1, 0, 0, 0, 0, 1, 0, 0, 2, 0, 1, 0, 0, 2, 1, 2]|[4, 3, 2, 2, 0, 0, 2, 2, 2, 4, 1, 1, 2, 4, 4, 1, 2, 4, 2, 1, 1, 1, 1, 2, 1, 2, 1, 1, 1, 1, 3, 1, 3, 0, 4, 0, 1, 1, 0, 3, 2, 2, 4, 0, 1, 1, 0, 2, 0, 1, 2, 2, 1, 4, 0, 3, 2, 1, 1, 2, 1, 3, 1, 1, 1, 3, 0, 4, 3, 1, 4, 1, 1, 2, 4, 4, 2, 1, 1, 3, 1, 3, 1, 1, 1, 1, 2, 1, 2, 3, 1, 2, 1, 1, 1, 2, 2, 1, 3, 1]|[0, 2, 1, 1, 3, 3, 0, 1, 0, 0, 0, 0, 1, 0, 1, 0, 0, 3, 1, 0, 0, 0, 0, 1, 0, 2, 0, 0, 0, 1, 0, 0, 0, 0, 3, 0, 1, 0, 0, 2, 1, 1, 2, 0, 0, 0, 0, 1, 1, 0, 0, 0, 1, 3, 0, 0, 1, 0, 0, 1, 0, 2, 0, 0, 0, 2, 1, 0, 0, 1, 1, 3, 1, 1, 3, 3, 1, 0, 0, 2, 0, 0, 0, 0, 1, 0, 1, 0, 1, 2, 0, 0, 0, 1, 1, 0, 0, 0, 0, 0],812.5652176659299,57417.241742072496,90029.65309338432,false
34,G4_BALANCED,G1_CMAX,[31, 22, 82, 15, 26, 99, 95, 42, 77, 12, 47, 5, 93, 78, 86, 54, 21, 63, 18, 44, 20, 35, 43, 97, 91, 76, 10, 30, 85, 45, 71, 64, 1, 23, 17, 83, 24, 14, 60, 36, 6, 57, 40, 88, 65, 56, 79, 94, 67, 68, 46, 75, 38, 9, 19, 32, 41, 81, 27, 87, 90, 58, 59, 11, 16, 72, 73, 70, 39, 37, 84, 3, 92, 25, 55, 48, 96, 29, 51, 62, 33, 61, 98, 66, 89, 50, 4, 7, 53, 80, 8, 28, 34, 49, 52, 0, 74, 69, 2, 13]|[1, 1, 0, 1, 1, 0, 1, 1, 2, 1, 2, 2, 2, 1, 1, 0, 0, 1, 0, 2, 2, 0, 1, 2, 0, 1, 2, 2, 0, 0, 1, 2, 1, 2, 1, 0, 2, 0, 1, 1, 0, 1, 1, 1, 0, 2, 1, 1, 0, 0, 0, 0, 1, 1, 2, 1, 2, 2, 0, 2, 1, 0, 1, 2, 1, 2, 1, 1, 1, 1, 1, 1, 0, 1, 2, 0, 2, 0, 0, 0, 2, 1, 2, 2, 1, 0, 1, 2, 0, 0, 1, 0, 2, 0, 1, 0, 2, 1, 0, 0]|[0, 3, 2, 2, 4, 1, 2, 3, 2, 4, 1, 1, 2, 4, 4, 1, 1, 4, 2, 1, 1, 1, 1, 2, 1, 2, 1, 1, 2, 1, 3, 2, 3, 0, 4, 0, 1, 1, 0, 3, 2, 2, 2, 0, 1, 1, 0, 4, 0, 1, 2, 2, 1, 4, 0, 3, 2, 1, 1, 1, 3, 1, 1, 1, 3, 0, 4, 3, 1, 4, 1, 1, 0, 4, 1, 1, 1, 1, 1, 2, 1, 3, 1, 1, 1, 1, 4, 1, 2, 1, 3, 2, 1, 1, 1, 2, 1, 4, 2, 2]|[0, 2, 1, 1, 3, 0, 1, 3, 0, 0, 0, 0, 1, 0, 1, 0, 0, 3, 1, 0, 0, 0, 3, 1, 0, 2, 0, 0, 0, 1, 0, 0, 0, 0, 3, 0, 1, 0, 0, 2, 1, 1, 1, 0, 0, 0, 0, 2, 1, 0, 0, 0, 1, 3, 0, 0, 1, 0, 0, 0, 2, 0, 1, 0, 2, 1, 0, 0, 1, 1, 3, 1, 1, 3, 0, 0, 0, 0, 0, 1, 0, 0, 0, 0, 1, 0, 0, 0, 1, 0, 2, 1, 0, 1, 1, 0, 0, 2, 0, 0],724.9395833867611,57689.77869234914,92566.52405273609,true
34,G2_TEC,G2_TEC,[31, 22, 82, 15, 26, 9, 95, 42, 77, 68, 47, 5, 93, 78, 86, 54, 85, 63, 18, 44, 20, 49, 36, 14, 74, 50, 53, 17, 21, 28, 11, 64, 3, 23, 30, 83, 24, 41, 40, 52, 65, 27, 90, 70, 39, 87, 48, 69, 99, 4, 75, 1, 13, 58, 97, 59, 45, 8, 73, 37, 35, 79, 71, 66, 76, 32, 60, 80, 56, 6, 67, 61, 33, 7, 57, 34, 12, 16, 10, 98, 96, 88, 43, 46, 91, 38, 84, 92, 29, 19, 51, 55, 81, 89, 25, 72, 94, 2, 0, 62]|[2, 1, 2, 1, 1, 2, 1, 1, 1, 1, 1, 0, 2, 2, 1, 2, 0, 0, 0, 2, 2, 1, 0, 2, 0, 2, 2, 1, 0, 1, 1, 1, 0, 0, 1, 0, 2, 1, 2, 2, 0, 0, 1, 1, 0, 2, 0, 2, 1, 0, 0, 2, 0, 0, 2, 0, 1, 1, 0, 0, 2, 1, 1, 2, 2, 0, 2, 2, 2, 1, 2, 1, 1, 2, 0, 1, 1, 2, 1, 2, 0, 1, 1, 0, 1, 0, 0, 0, 1, 1, 1, 0, 1, 1, 1, 1, 2, 2, 0, 1]|[0, 3, 0, 3, 4, 1, 4, 4, 2, 4, 3, 2, 1, 0, 2, 1, 1, 1, 2, 1, 1, 3, 0, 1, 0, 1, 1, 4, 1, 4, 3, 2, 2, 0, 4, 1, 1, 4, 1, 1, 2, 1, 4, 4, 1, 1, 0, 2, 3, 2, 2, 1, 2, 1, 1, 2, 4, 3, 0, 2, 2, 3, 3, 1, 1, 2, 1, 1, 1, 4, 1, 3, 4, 1, 2, 4, 3, 1, 3, 1, 2, 4, 4, 2, 3, 2, 2, 2, 3, 4, 3, 2, 4, 4, 4, 4, 1, 1, 2, 3]|[0, 2, 0, 0, 3, 0, 1, 3, 0, 0, 2, 0, 1, 0, 1, 0, 0, 0, 1, 0, 0, 2, 0, 0, 1, 0, 0, 3, 0, 1, 0, 2, 0, 0, 3, 0, 1, 1, 0, 0, 0, 0, 1, 3, 0, 0, 1, 0, 2, 0, 0, 0, 0, 0, 1, 0, 1, 0, 1, 1, 0, 2, 0, 0, 0, 0, 0, 0, 0, 2, 0, 0, 1, 0, 0, 1, 0, 0, 3, 0, 0, 1, 2, 0, 0, 0, 0, 0, 3, 1, 0, 0, 2, 1, 3, 1, 0, 0, 0, 0],908.8272556494078,49235.066718390466,107289.32240407266,false
34,G3_TWC,G3_TWC,[31, 22, 82, 15, 26, 58, 95, 42, 77, 12, 47, 5, 93, 78, 98, 54, 85, 63, 18, 44, 20, 35, 43, 97, 91, 76, 10, 30, 21, 45, 71, 64, 1, 23, 17, 83, 24, 14, 60, 36, 6, 57, 94, 88, 65, 56, 79, 40, 67, 68, 46, 75, 38, 9, 19, 32, 81, 41, 27, 62, 87, 90, 99, 59, 11, 16, 72, 73, 70, 39, 37, 84, 3, 92, 25, 55, 28, 29, 51, 7, 33, 61, 86, 48, 89, 50, 66, 96, 53, 80, 4, 8, 34, 49, 52, 0, 13, 2, 69, 74]|[1, 1, 0, 1, 1, 1, 2, 1, 2, 1, 2, 2, 2, 1, 1, 0, 0, 1, 0, 2, 2, 0, 1, 2, 0, 1, 2, 2, 0, 0, 1, 2, 1, 2, 1, 0, 2, 0, 1, 1, 0, 1, 1, 1, 0, 2, 1, 1, 0, 0, 0, 0, 1, 1, 2, 1, 2, 0, 0, 0, 2, 1, 0, 1, 2, 1, 2, 1, 1, 1, 1, 1, 2, 0, 1, 1, 0, 0, 0, 1, 2, 1, 0, 0, 1, 0, 0, 0, 0, 0, 0, 1, 2, 0, 1, 0, 0, 0, 1, 2]|[4, 3, 2, 2, 0, 0, 2, 2, 2, 4, 1, 1, 2, 4, 4, 1, 1, 4, 2, 1, 1, 1, 1, 2, 1, 2, 1, 1, 1, 1, 3, 2, 3, 0, 4, 0, 1, 1, 0, 3, 2, 2, 4, 0, 1, 1, 0, 2, 0, 1, 2, 2, 1, 4, 0, 3, 2, 1, 1, 2, 1, 3, 1, 1, 1, 3, 0, 4, 3, 1, 4, 1, 1, 2, 4, 4, 2, 1, 1, 3, 1, 3, 1, 1, 1, 1, 1, 1, 2, 1, 2, 3, 1, 1, 1, 2, 2, 2, 3, 1]|[0, 2, 1, 1, 3, 3, 0, 1, 0, 0, 0, 0, 1, 0, 1, 0, 0, 3, 1, 0, 0, 0, 3, 1, 0, 2, 0, 0, 0, 1, 0, 0, 0, 0, 3, 0, 1, 0, 0, 2, 1, 1, 2, 0, 0, 0, 0, 1, 1, 0, 0, 0, 1, 3, 0, 0, 1, 0, 0, 1, 0, 2, 0, 1, 0, 2, 1, 0, 0, 1, 1, 3, 0, 1, 3, 3, 1, 0, 0, 2, 0, 0, 0, 0, 1, 0, 0, 0, 1, 0, 1, 2, 0, 1, 1, 0, 0, 0, 0, 0],805.5394456933803,58046.77716663049,89050.44506242599,false
34,G1_CMAX,G1_CMAX,[31, 22, 82, 15, 26, 99, 95, 42, 77, 12, 47, 5, 93, 78, 86, 54, 21, 63, 18, 44, 20, 35, 43, 97, 91, 76, 10, 30, 85, 45, 71, 64, 1, 23, 57, 83, 24, 14, 60, 36, 6, 17, 40, 88, 65, 56, 79, 94, 67, 68, 46, 75, 38, 9, 19, 32, 41, 81, 27, 87, 90, 58, 59, 11, 16, 72, 73, 70, 39, 37, 84, 3, 92, 25, 55, 48, 62, 29, 51, 96, 33, 61, 98, 66, 89, 50, 4, 7, 53, 80, 8, 28, 34, 49, 52, 0, 74, 69, 2, 13]|[1, 1, 0, 1, 1, 0, 1, 1, 2, 1, 2, 2, 2, 1, 1, 0, 0, 1, 0, 2, 2, 0, 1, 2, 0, 1, 2, 2, 0, 0, 1, 2, 1, 2, 1, 0, 2, 0, 1, 1, 0, 1, 1, 1, 0, 2, 1, 1, 0, 0, 0, 0, 1, 1, 2, 1, 0, 2, 0, 2, 1, 0, 1, 2, 1, 2, 1, 1, 1, 1, 1, 1, 0, 1, 2, 0, 0, 0, 2, 2, 2, 1, 2, 2, 1, 0, 1, 2, 0, 0, 1, 0, 2, 0, 1, 0, 2, 1, 0, 0]|[0, 3, 2, 2, 4, 1, 2, 3, 2, 4, 1, 1, 2, 4, 4, 1, 1, 4, 2, 1, 1, 1, 1, 2, 1, 2, 1, 1, 2, 1, 3, 2, 3, 1, 4, 0, 1, 1, 0, 3, 2, 2, 2, 0, 1, 1, 0, 4, 0, 1, 2, 2, 1, 4, 0, 3, 1, 1, 1, 1, 3, 1, 1, 1, 3, 0, 4, 3, 1, 4, 1, 1, 2, 4, 1, 1, 2, 1, 2, 1, 1, 3, 1, 1, 1, 1, 4, 1, 2, 1, 3, 2, 1, 1, 1, 2, 1, 4, 2, 2]|[0, 2, 1, 1, 3, 0, 1, 3, 0, 0, 0, 0, 1, 0, 1, 0, 0, 3, 1, 0, 0, 0, 3, 1, 0, 2, 0, 0, 0, 1, 0, 0, 0, 0, 3, 0, 1, 0, 0, 2, 1, 1, 1, 0, 0, 0, 0, 2, 1, 0, 0, 0, 1, 3, 0, 0, 0, 0, 0, 0, 2, 0, 1, 0, 2, 1, 0, 0, 1, 1, 3, 1, 1, 3, 0, 0, 1, 0, 1, 0, 0, 0, 0, 0, 1, 0, 0, 0, 1, 0, 2, 1, 0, 1, 1, 0, 0, 2, 0, 0],726.9061273463456,57092.60052686413,92996.29751897219,false
34,G4_BALANCED,G1_CMAX,[31, 22, 82, 15, 26, 99, 95, 42, 77, 12, 47, 5, 93, 78, 86, 54, 21, 63, 18, 44, 20, 35, 43, 97, 91, 76, 10, 30, 85, 45, 71, 64, 1, 23, 17, 83, 24, 14, 60, 36, 6, 57, 40, 88, 65, 56, 79, 94, 67, 68, 46, 75, 38, 9, 19, 32, 41, 81, 27, 87, 90, 58, 59, 11, 16, 72, 73, 70, 39, 37, 84, 3, 92, 25, 55, 48, 96, 29, 51, 62, 33, 61, 98, 66, 89, 50, 4, 7, 53, 80, 8, 28, 34, 49, 52, 0, 74, 69, 2, 13]|[1, 1, 0, 1, 1, 0, 1, 1, 2, 1, 2, 2, 2, 1, 1, 0, 0, 1, 0, 2, 2, 0, 1, 2, 0, 1, 2, 2, 0, 0, 1, 2, 1, 2, 1, 0, 2, 0, 1, 1, 0, 1, 1, 1, 0, 2, 1, 1, 0, 0, 0, 0, 1, 1, 2, 1, 2, 2, 0, 2, 1, 0, 1, 2, 1, 2, 1, 1, 1, 1, 1, 1, 0, 1, 2, 0, 2, 0, 0, 0, 2, 1, 2, 2, 1, 0, 1, 2, 0, 0, 1, 0, 2, 0, 1, 0, 2, 1, 0, 0]|[0, 3, 2, 2, 4, 1, 2, 3, 2, 4, 1, 1, 2, 4, 4, 1, 1, 4, 2, 1, 1, 1, 1, 2, 1, 2, 1, 1, 2, 1, 3, 2, 3, 0, 4, 0, 1, 1, 0, 3, 2, 2, 2, 0, 1, 1, 0, 4, 0, 1, 2, 2, 1, 4, 0, 3, 2, 1, 1, 1, 3, 1, 1, 1, 3, 0, 4, 3, 1, 4, 1, 1, 0, 4, 1, 1, 1, 1, 1, 2, 1, 3, 1, 1, 1, 1, 4, 1, 2, 1, 3, 2, 1, 1, 1, 2, 1, 4, 2, 2]|[0, 2, 1, 1, 3, 0, 1, 3, 0, 0, 0, 0, 1, 0, 1, 0, 0, 3, 1, 0, 0, 0, 3, 1, 0, 2, 0, 0, 0, 1, 0, 0, 0, 0, 3, 0, 1, 0, 0, 2, 1, 1, 1, 0, 0, 0, 0, 2, 1, 0, 0, 0, 1, 3, 0, 0, 1, 0, 0, 0, 2, 0, 1, 0, 2, 1, 0, 0, 1, 1, 3, 1, 1, 3, 0, 0, 0, 0, 0, 1, 0, 0, 0, 0, 1, 0, 0, 0, 1, 0, 2, 1, 0, 1, 1, 0, 0, 2, 0, 0],724.9395833867611,57689.77869234914,92566.52405273609,true
34,G2_TEC,G2_TEC,[31, 22, 82, 15, 26, 9, 95, 42, 77, 68, 47, 5, 93, 78, 86, 54, 85, 63, 18, 44, 20, 49, 36, 14, 74, 50, 53, 17, 21, 28, 11, 64, 3, 23, 30, 83, 24, 41, 40, 52, 65, 27, 90, 70, 39, 87, 48, 69, 99, 4, 75, 1, 13, 58, 97, 59, 45, 8, 73, 37, 35, 79, 71, 66, 76, 32, 60, 80, 56, 6, 67, 61, 33, 7, 57, 34, 12, 16, 10, 98, 96, 88, 43, 46, 91, 38, 84, 92, 29, 19, 51, 55, 81, 89, 25, 72, 94, 2, 0, 62]|[2, 1, 2, 1, 1, 2, 1, 1, 1, 1, 1, 0, 2, 2, 1, 2, 0, 0, 0, 2, 2, 1, 0, 2, 0, 2, 2, 1, 0, 1, 1, 1, 0, 0, 1, 0, 2, 1, 2, 2, 0, 0, 1, 1, 0, 2, 0, 2, 1, 0, 0, 2, 0, 0, 2, 0, 1, 1, 0, 0, 2, 1, 1, 2, 2, 0, 2, 2, 2, 1, 2, 1, 1, 2, 0, 1, 1, 2, 1, 2, 0, 1, 1, 0, 1, 0, 0, 0, 1, 1, 1, 0, 1, 1, 1, 1, 2, 2, 0, 1]|[0, 3, 0, 3, 4, 1, 4, 4, 2, 4, 3, 2, 1, 0, 2, 1, 1, 1, 2, 1, 1, 3, 0, 1, 0, 1, 1, 4, 1, 4, 3, 2, 2, 0, 4, 1, 1, 4, 1, 1, 2, 1, 4, 4, 1, 1, 0, 2, 3, 2, 2, 1, 2, 1, 1, 2, 4, 3, 0, 2, 2, 3, 3, 1, 1, 2, 1, 1, 1, 4, 1, 3, 4, 1, 2, 4, 3, 1, 3, 1, 2, 4, 4, 2, 3, 2, 2, 2, 3, 4, 3, 2, 4, 4, 4, 4, 1, 1, 2, 3]|[0, 2, 0, 0, 3, 0, 1, 3, 0, 0, 2, 0, 1, 0, 1, 0, 0, 0, 1, 0, 0, 2, 0, 0, 1, 0, 0, 3, 0, 1, 0, 2, 0, 0, 3, 0, 1, 1, 0, 0, 0, 0, 1, 3, 0, 0, 1, 0, 2, 0, 0, 0, 0, 0, 1, 0, 1, 0, 1, 1, 0, 2, 0, 0, 0, 0, 0, 0, 0, 2, 0, 0, 1, 0, 0, 1, 0, 0, 3, 0, 0, 1, 2, 0, 0, 0, 0, 0, 3, 1, 0, 0, 2, 1, 3, 1, 0, 0, 0, 0],908.8272556494078,49235.066718390466,107289.32240407266,false
34,G3_TWC,G3_TWC,[31, 22, 82, 15, 26, 58, 95, 42, 77, 12, 47, 5, 93, 78, 98, 54, 85, 63, 18, 44, 20, 35, 43, 97, 91, 76, 10, 30, 21, 45, 71, 64, 1, 23, 17, 83, 24, 14, 60, 36, 6, 57, 94, 88, 65, 56, 79, 40, 67, 68, 46, 75, 38, 9, 19, 32, 81, 41, 27, 62, 87, 90, 99, 59, 11, 16, 72, 73, 70, 39, 37, 84, 3, 92, 25, 55, 28, 29, 51, 7, 33, 61, 86, 48, 89, 50, 66, 96, 53, 80, 4, 8, 34, 49, 52, 0, 13, 2, 69, 74]|[1, 1, 0, 1, 1, 1, 2, 1, 2, 1, 2, 2, 2, 1, 1, 0, 0, 1, 0, 2, 2, 0, 1, 2, 0, 1, 2, 2, 0, 0, 1, 2, 1, 2, 1, 0, 2, 0, 1, 1, 0, 1, 1, 1, 0, 2, 1, 1, 0, 0, 0, 0, 1, 1, 2, 1, 2, 0, 0, 0, 2, 1, 0, 1, 2, 1, 2, 1, 1, 1, 1, 1, 2, 0, 1, 1, 0, 0, 0, 1, 2, 1, 0, 0, 1, 0, 0, 0, 0, 0, 0, 1, 2, 0, 1, 0, 0, 0, 1, 2]|[4, 3, 2, 2, 0, 0, 2, 2, 2, 4, 1, 1, 2, 4, 4, 1, 1, 4, 2, 1, 1, 1, 1, 2, 1, 2, 1, 1, 1, 1, 3, 2, 3, 0, 4, 0, 1, 1, 0, 3, 2, 2, 4, 0, 1, 1, 0, 2, 0, 1, 2, 2, 1, 4, 0, 3, 2, 1, 1, 2, 1, 3, 1, 1, 1, 3, 0, 4, 3, 1, 4, 1, 1, 2, 4, 4, 2, 1, 1, 3, 1, 3, 1, 1, 1, 1, 1, 1, 2, 1, 2, 3, 1, 1, 1, 2, 2, 2, 3, 1]|[0, 2, 1, 1, 3, 3, 0, 1, 0, 0, 0, 0, 1, 0, 1, 0, 0, 3, 1, 0, 0, 0, 3, 1, 0, 2, 0, 0, 0, 1, 0, 0, 0, 0, 3, 0, 1, 0, 0, 2, 1, 1, 2, 0, 0, 0, 0, 1, 1, 0, 0, 0, 1, 3, 0, 0, 1, 0, 0, 1, 0, 2, 0, 1, 0, 2, 1, 0, 0, 1, 1, 3, 0, 1, 3, 3, 1, 0, 0, 2, 0, 0, 0, 0, 1, 0, 0, 0, 1, 0, 1, 2, 0, 1, 1, 0, 0, 0, 0, 0],805.5394456933803,58046.77716663049,89050.44506242599,false
34,G1_CMAX,G1_CMAX,[31, 22, 82, 15, 26, 99, 95, 42, 77, 12, 47, 5, 93, 78, 86, 54, 21, 63, 18, 44, 20, 35, 43, 97, 91, 76, 10, 30, 85, 45, 71, 64, 1, 23, 57, 83, 24, 14, 60, 36, 6, 17, 40, 88, 65, 56, 79, 94, 67, 68, 46, 75, 38, 9, 19, 32, 41, 81, 27, 87, 90, 58, 59, 11, 16, 72, 73, 70, 39, 37, 84, 3, 92, 25, 55, 48, 62, 29, 51, 96, 33, 61, 98, 66, 89, 50, 4, 7, 53, 80, 8, 28, 34, 49, 52, 0, 74, 69, 2, 13]|[1, 1, 0, 1, 1, 0, 1, 1, 2, 1, 2, 2, 2, 1, 1, 0, 0, 1, 0, 2, 2, 0, 1, 2, 0, 1, 2, 2, 0, 0, 1, 2, 1, 2, 1, 0, 2, 0, 1, 1, 0, 1, 1, 1, 0, 2, 1, 1, 0, 0, 0, 0, 1, 1, 2, 1, 0, 2, 0, 2, 1, 0, 1, 2, 1, 2, 1, 1, 1, 1, 1, 1, 0, 1, 2, 0, 0, 0, 2, 2, 2, 1, 2, 2, 1, 0, 1, 2, 0, 0, 1, 0, 2, 0, 1, 0, 2, 1, 0, 0]|[0, 3, 2, 2, 4, 1, 2, 3, 2, 4, 1, 1, 2, 4, 4, 1, 1, 4, 2, 1, 1, 1, 1, 2, 1, 2, 1, 1, 2, 1, 3, 2, 3, 1, 4, 0, 1, 1, 0, 3, 2, 2, 2, 0, 1, 1, 0, 4, 0, 1, 2, 2, 1, 4, 0, 3, 1, 1, 1, 1, 3, 1, 1, 1, 3, 0, 4, 3, 1, 4, 1, 1, 2, 4, 1, 1, 2, 1, 2, 1, 1, 3, 1, 1, 1, 1, 4, 1, 2, 1, 3, 2, 1, 1, 1, 2, 1, 4, 2, 2]|[0, 2, 1, 1, 3, 0, 1, 3, 0, 0, 0, 0, 1, 0, 1, 0, 0, 3, 1, 0, 0, 0, 3, 1, 0, 2, 0, 0, 0, 1, 0, 0, 0, 0, 3, 0, 1, 0, 0, 2, 1, 1, 1, 0, 0, 0, 0, 2, 1, 0, 0, 0, 1, 3, 0, 0, 0, 0, 0, 0, 2, 0, 1, 0, 2, 1, 0, 0, 1, 1, 3, 1, 1, 3, 0, 0, 1, 0, 1, 0, 0, 0, 0, 0, 1, 0, 0, 0, 1, 0, 2, 1, 0, 1, 1, 0, 0, 2, 0, 0],726.9061273463456,57092.60052686413,92996.29751897219,false
34,G4_BALANCED,G1_CMAX,[31, 22, 82, 15, 26, 99, 95, 42, 77, 12, 47, 5, 93, 78, 86, 54, 21, 63, 18, 44, 20, 35, 43, 97, 91, 76, 10, 30, 85, 45, 71, 64, 1, 23, 17, 83, 24, 14, 60, 36, 6, 57, 40, 88, 65, 56, 79, 94, 67, 68, 46, 75, 38, 9, 19, 32, 41, 81, 27, 87, 90, 58, 59, 11, 16, 72, 73, 70, 39, 37, 84, 3, 92, 25, 55, 48, 96, 29, 51, 62, 33, 61, 98, 66, 89, 50, 4, 7, 53, 80, 8, 28, 34, 49, 52, 0, 74, 69, 2, 13]|[1, 1, 0, 1, 1, 0, 1, 1, 2, 1, 2, 2, 2, 1, 1, 0, 0, 1, 0, 2, 2, 0, 1, 2, 0, 1, 2, 2, 0, 0, 1, 2, 1, 2, 1, 0, 2, 0, 1, 1, 0, 1, 1, 1, 0, 2, 1, 1, 0, 0, 0, 0, 1, 1, 2, 1, 2, 2, 0, 2, 1, 0, 1, 2, 1, 2, 1, 1, 1, 1, 1, 1, 0, 1, 2, 0, 2, 0, 0, 0, 2, 1, 2, 2, 1, 0, 1, 2, 0, 0, 1, 0, 2, 0, 1, 0, 2, 1, 0, 0]|[0, 3, 2, 2, 4, 1, 2, 3, 2, 4, 1, 1, 2, 4, 4, 1, 1, 4, 2, 1, 1, 1, 1, 2, 1, 2, 1, 1, 2, 1, 3, 2, 3, 0, 4, 0, 1, 1, 0, 3, 2, 2, 2, 0, 1, 1, 0, 4, 0, 1, 2, 2, 1, 4, 0, 3, 2, 1, 1, 1, 3, 1, 1, 1, 3, 0, 4, 3, 1, 4, 1, 1, 0, 4, 1, 1, 1, 1, 1, 2, 1, 3, 1, 1, 1, 1, 4, 1, 2, 1, 3, 2, 1, 1, 1, 2, 1, 4, 2, 2]|[0, 2, 1, 1, 3, 0, 1, 3, 0, 0, 0, 0, 1, 0, 1, 0, 0, 3, 1, 0, 0, 0, 3, 1, 0, 2, 0, 0, 0, 1, 0, 0, 0, 0, 3, 0, 1, 0, 0, 2, 1, 1, 1, 0, 0, 0, 0, 2, 1, 0, 0, 0, 1, 3, 0, 0, 1, 0, 0, 0, 2, 0, 1, 0, 2, 1, 0, 0, 1, 1, 3, 1, 1, 3, 0, 0, 0, 0, 0, 1, 0, 0, 0, 0, 1, 0, 0, 0, 1, 0, 2, 1, 0, 1, 1, 0, 0, 2, 0, 0],724.9395833867611,57689.77869234914,92566.52405273609,true
34,G2_TEC,G2_TEC,[31, 22, 82, 15, 26, 9, 95, 42, 77, 68, 47, 5, 93, 78, 86, 54, 85, 63, 18, 44, 20, 49, 36, 14, 74, 50, 53, 17, 21, 28, 11, 64, 3, 23, 30, 83, 24, 41, 40, 52, 65, 27, 90, 70, 39, 87, 48, 69, 99, 4, 75, 1, 13, 58, 97, 59, 45, 8, 73, 37, 35, 79, 71, 66, 76, 32, 60, 80, 56, 6, 67, 61, 33, 7, 57, 34, 12, 16, 10, 98, 96, 88, 43, 46, 91, 38, 84, 92, 29, 19, 51, 55, 81, 89, 25, 72, 94, 2, 0, 62]|[2, 1, 2, 1, 1, 2, 1, 1, 1, 1, 1, 0, 2, 2, 1, 2, 0, 0, 0, 2, 2, 1, 0, 2, 0, 2, 2, 1, 0, 1, 1, 1, 0, 0, 1, 0, 2, 1, 2, 2, 0, 0, 1, 1, 0, 2, 0, 2, 1, 0, 0, 2, 0, 0, 2, 0, 1, 1, 0, 0, 2, 1, 1, 2, 2, 0, 2, 2, 2, 1, 2, 1, 1, 2, 0, 1, 1, 2, 1, 2, 0, 1, 1, 0, 1, 0, 0, 0, 1, 1, 1, 0, 1, 1, 1, 1, 2, 2, 0, 1]|[0, 3, 0, 3, 4, 1, 4, 4, 2, 4, 3, 2, 1, 0, 2, 1, 1, 1, 2, 1, 1, 3, 0, 1, 0, 1, 1, 4, 1, 4, 3, 2, 2, 0, 4, 1, 1, 4, 1, 1, 2, 1, 4, 4, 1, 1, 0, 2, 3, 2, 2, 1, 2, 1, 1, 2, 4, 3, 0, 2, 2, 3, 3, 1, 1, 2, 1, 1, 1, 4, 1, 3, 4, 1, 2, 4, 3, 1, 3, 1, 2, 4, 4, 2, 3, 2, 2, 2, 3, 4, 3, 2, 4, 4, 4, 4, 1, 1, 2, 3]|[0, 2, 0, 0, 3, 0, 1, 3, 0, 0, 2, 0, 1, 0, 1, 0, 0, 0, 1, 0, 0, 2, 0, 0, 1, 0, 0, 3, 0, 1, 0, 2, 0, 0, 3, 0, 1, 1, 0, 0, 0, 0, 1, 3, 0, 0, 1, 0, 2, 0, 0, 0, 0, 0, 1, 0, 1, 0, 1, 1, 0, 2, 0, 0, 0, 0, 0, 0, 0, 2, 0, 0, 1, 0, 0, 1, 0, 0, 3, 0, 0, 1, 2, 0, 0, 0, 0, 0, 3, 1, 0, 0, 2, 1, 3, 1, 0, 0, 0, 0],908.8272556494078,49235.066718390466,107289.32240407266,false
34,G3_TWC,G3_TWC,[31, 22, 82, 15, 26, 58, 95, 42, 77, 12, 47, 5, 93, 78, 98, 54, 85, 63, 18, 44, 20, 35, 43, 97, 91, 76, 10, 30, 21, 45, 71, 64, 1, 23, 17, 83, 24, 14, 60, 36, 6, 57, 94, 88, 65, 56, 79, 40, 67, 68, 46, 75, 38, 9, 19, 32, 81, 41, 27, 62, 87, 90, 99, 59, 11, 16, 72, 73, 70, 39, 37, 84, 3, 92, 25, 55, 28, 29, 51, 7, 33, 61, 86, 48, 89, 50, 66, 96, 53, 80, 4, 8, 34, 49, 52, 0, 13, 2, 69, 74]|[1, 1, 0, 1, 1, 1, 2, 1, 2, 1, 2, 2, 2, 1, 1, 0, 0, 1, 0, 2, 2, 0, 1, 2, 0, 1, 2, 2, 0, 0, 1, 2, 1, 2, 1, 0, 2, 0, 1, 1, 0, 1, 1, 1, 0, 2, 1, 1, 0, 0, 0, 0, 1, 1, 2, 1, 2, 0, 0, 0, 2, 1, 0, 1, 2, 1, 2, 1, 1, 1, 1, 1, 2, 0, 1, 1, 0, 0, 0, 1, 2, 1, 0, 0, 1, 0, 0, 0, 0, 0, 0, 1, 2, 0, 1, 0, 0, 0, 1, 2]|[4, 3, 2, 2, 0, 0, 2, 2, 2, 4, 1, 1, 2, 4, 4, 1, 1, 4, 2, 1, 1, 1, 1, 2, 1, 2, 1, 1, 1, 1, 3, 2, 3, 0, 4, 0, 1, 1, 0, 3, 2, 2, 4, 0, 1, 1, 0, 2, 0, 1, 2, 2, 1, 4, 0, 3, 2, 1, 1, 2, 1, 3, 1, 1, 1, 3, 0, 4, 3, 1, 4, 1, 1, 2, 4, 4, 2, 1, 1, 3, 1, 3, 1, 1, 1, 1, 1, 1, 2, 1, 2, 3, 1, 1, 1, 2, 2, 2, 3, 1]|[0, 2, 1, 1, 3, 3, 0, 1, 0, 0, 0, 0, 1, 0, 1, 0, 0, 3, 1, 0, 0, 0, 3, 1, 0, 2, 0, 0, 0, 1, 0, 0, 0, 0, 3, 0, 1, 0, 0, 2, 1, 1, 2, 0, 0, 0, 0, 1, 1, 0, 0, 0, 1, 3, 0, 0, 1, 0, 0, 1, 0, 2, 0, 1, 0, 2, 1, 0, 0, 1, 1, 3, 0, 1, 3, 3, 1, 0, 0, 2, 0, 0, 0, 0, 1, 0, 0, 0, 1, 0, 1, 2, 0, 1, 1, 0, 0, 0, 0, 0],805.5394456933803,58046.77716663049,89050.44506242599,false
34,G1_CMAX,G1_CMAX,[31, 22, 82, 15, 26, 99, 95, 42, 77, 12, 47, 5, 93, 78, 86, 54, 21, 63, 18, 44, 20, 35, 43, 97, 91, 76, 10, 30, 85, 45, 71, 64, 1, 23, 57, 83, 24, 14, 60, 36, 6, 17, 40, 88, 65, 56, 79, 94, 67, 68, 46, 75, 38, 9, 19, 32, 41, 81, 27, 87, 90, 58, 59, 11, 16, 72, 73, 70, 39, 37, 84, 3, 92, 25, 55, 48, 62, 29, 51, 96, 33, 61, 98, 66, 89, 50, 4, 7, 53, 80, 8, 28, 34, 49, 52, 0, 74, 69, 2, 13]|[1, 1, 0, 1, 1, 0, 1, 1, 2, 1, 2, 2, 2, 1, 1, 0, 0, 1, 0, 2, 2, 0, 1, 2, 0, 1, 2, 2, 0, 0, 1, 2, 1, 2, 1, 0, 2, 0, 1, 1, 0, 1, 1, 1, 0, 2, 1, 1, 0, 0, 0, 0, 1, 1, 2, 1, 0, 2, 0, 2, 1, 0, 1, 2, 1, 2, 1, 1, 1, 1, 1, 1, 0, 1, 2, 0, 0, 0, 2, 2, 2, 1, 2, 2, 1, 0, 1, 2, 0, 0, 1, 0, 2, 0, 1, 0, 2, 1, 0, 0]|[0, 3, 2, 2, 4, 1, 2, 3, 2, 4, 1, 1, 2, 4, 4, 1, 1, 4, 2, 1, 1, 1, 1, 2, 1, 2, 1, 1, 2, 1, 3, 2, 3, 1, 4, 0, 1, 1, 0, 3, 2, 2, 2, 0, 1, 1, 0, 4, 0, 1, 2, 2, 1, 4, 0, 3, 1, 1, 1, 1, 3, 1, 1, 1, 3, 0, 4, 3, 1, 4, 1, 1, 2, 4, 1, 1, 2, 1, 2, 1, 1, 3, 1, 1, 1, 1, 4, 1, 2, 1, 3, 2, 1, 1, 1, 2, 1, 4, 2, 2]|[0, 2, 1, 1, 3, 0, 1, 3, 0, 0, 0, 0, 1, 0, 1, 0, 0, 3, 1, 0, 0, 0, 3, 1, 0, 2, 0, 0, 0, 1, 0, 0, 0, 0, 3, 0, 1, 0, 0, 2, 1, 1, 1, 0, 0, 0, 0, 2, 1, 0, 0, 0, 1, 3, 0, 0, 0, 0, 0, 0, 2, 0, 1, 0, 2, 1, 0, 0, 1, 1, 3, 1, 1, 3, 0, 0, 1, 0, 1, 0, 0, 0, 0, 0, 1, 0, 0, 0, 1, 0, 2, 1, 0, 1, 1, 0, 0, 2, 0, 0],726.9061273463456,57092.60052686413,92996.29751897219,false
34,G4_BALANCED,G1_CMAX,[31, 22, 82, 15, 26, 99, 95, 42, 77, 12, 47, 5, 93, 78, 86, 54, 21, 63, 18, 44, 20, 35, 43, 97, 91, 76, 10, 30, 85, 45, 71, 64, 1, 23, 17, 83, 24, 14, 60, 36, 6, 57, 40, 88, 65, 56, 79, 94, 67, 68, 46, 75, 38, 9, 19, 32, 41, 81, 27, 87, 90, 58, 59, 11, 16, 72, 73, 70, 39, 37, 84, 3, 92, 25, 55, 48, 96, 29, 51, 62, 33, 61, 98, 66, 89, 50, 4, 7, 53, 80, 8, 28, 34, 49, 52, 0, 74, 69, 2, 13]|[1, 1, 0, 1, 1, 0, 1, 1, 2, 1, 2, 2, 2, 1, 1, 0, 0, 1, 0, 2, 2, 0, 1, 2, 0, 1, 2, 2, 0, 0, 1, 2, 1, 2, 1, 0, 2, 0, 1, 1, 0, 1, 1, 1, 0, 2, 1, 1, 0, 0, 0, 0, 1, 1, 2, 1, 2, 2, 0, 2, 1, 0, 1, 2, 1, 2, 1, 1, 1, 1, 1, 1, 0, 1, 2, 0, 2, 0, 0, 0, 2, 1, 2, 2, 1, 0, 1, 2, 0, 0, 1, 0, 2, 0, 1, 0, 2, 1, 0, 0]|[0, 3, 2, 2, 4, 1, 2, 3, 2, 4, 1, 1, 2, 4, 4, 1, 1, 4, 2, 1, 1, 1, 1, 2, 1, 2, 1, 1, 2, 1, 3, 2, 3, 0, 4, 0, 1, 1, 0, 3, 2, 2, 2, 0, 1, 1, 0, 4, 0, 1, 2, 2, 1, 4, 0, 3, 2, 1, 1, 1, 3, 1, 1, 1, 3, 0, 4, 3, 1, 4, 1, 1, 0, 4, 1, 1, 1, 1, 1, 2, 1, 3, 1, 1, 1, 1, 4, 1, 2, 1, 3, 2, 1, 1, 1, 2, 1, 4, 2, 2]|[0, 2, 1, 1, 3, 0, 1, 3, 0, 0, 0, 0, 1, 0, 1, 0, 0, 3, 1, 0, 0, 0, 3, 1, 0, 2, 0, 0, 0, 1, 0, 0, 0, 0, 3, 0, 1, 0, 0, 2, 1, 1, 1, 0, 0, 0, 0, 2, 1, 0, 0, 0, 1, 3, 0, 0, 1, 0, 0, 0, 2, 0, 1, 0, 2, 1, 0, 0, 1, 1, 3, 1, 1, 3, 0, 0, 0, 0, 0, 1, 0, 0, 0, 0, 1, 0, 0, 0, 1, 0, 2, 1, 0, 1, 1, 0, 0, 2, 0, 0],724.9395833867611,57689.77869234914,92566.52405273609,true
34,G2_TEC,G2_TEC,[31, 22, 82, 15, 26, 9, 95, 42, 77, 68, 47, 5, 93, 78, 86, 54, 85, 63, 18, 44, 20, 49, 36, 14, 74, 50, 53, 17, 21, 28, 11, 64, 3, 23, 30, 83, 24, 41, 40, 52, 65, 27, 90, 70, 39, 87, 48, 69, 99, 4, 75, 1, 13, 58, 97, 59, 45, 8, 73, 37, 35, 79, 71, 66, 76, 32, 60, 80, 56, 6, 67, 61, 33, 7, 57, 34, 12, 16, 10, 98, 96, 88, 43, 46, 91, 38, 84, 92, 29, 19, 51, 55, 81, 89, 25, 72, 94, 2, 0, 62]|[2, 1, 2, 1, 1, 2, 1, 1, 1, 1, 1, 0, 2, 2, 1, 2, 0, 0, 0, 2, 2, 1, 0, 2, 0, 2, 2, 1, 0, 1, 1, 1, 0, 0, 1, 0, 2, 1, 2, 2, 0, 0, 1, 1, 0, 2, 0, 2, 1, 0, 0, 2, 0, 0, 2, 0, 1, 1, 0, 0, 2, 1, 1, 2, 2, 0, 2, 2, 2, 1, 2, 1, 1, 2, 0, 1, 1, 2, 1, 2, 0, 1, 1, 0, 1, 0, 0, 0, 1, 1, 1, 0, 1, 1, 1, 1, 2, 2, 0, 1]|[0, 3, 0, 3, 4, 1, 4, 4, 2, 4, 3, 2, 1, 0, 2, 1, 1, 1, 2, 1, 1, 3, 0, 1, 0, 1, 1, 4, 1, 4, 3, 2, 2, 0, 4, 1, 1, 4, 1, 1, 2, 1, 4, 4, 1, 1, 0, 2, 3, 2, 2, 1, 2, 1, 1, 2, 4, 3, 0, 2, 2, 3, 3, 1, 1, 2, 1, 1, 1, 4, 1, 3, 4, 1, 2, 4, 3, 1, 3, 1, 2, 4, 4, 2, 3, 2, 2, 2, 3, 4, 3, 2, 4, 4, 4, 4, 1, 1, 2, 3]|[0, 2, 0, 0, 3, 0, 1, 3, 0, 0, 2, 0, 1, 0, 1, 0, 0, 0, 1, 0, 0, 2, 0, 0, 1, 0, 0, 3, 0, 1, 0, 2, 0, 0, 3, 0, 1, 1, 0, 0, 0, 0, 1, 3, 0, 0, 1, 0, 2, 0, 0, 0, 0, 0, 1, 0, 1, 0, 1, 1, 0, 2, 0, 0, 0, 0, 0, 0, 0, 2, 0, 0, 1, 0, 0, 1, 0, 0, 3, 0, 0, 1, 2, 0, 0, 0, 0, 0, 3, 1, 0, 0, 2, 1, 3, 1, 0, 0, 0, 0],908.8272556494078,49235.066718390466,107289.32240407266,false
34,G3_TWC,G3_TWC,[31, 22, 82, 15, 26, 58, 95, 42, 77, 12, 47, 5, 93, 78, 98, 54, 85, 63, 18, 44, 20, 35, 43, 97, 91, 76, 10, 30, 21, 45, 71, 64, 1, 23, 17, 83, 24, 14, 60, 36, 6, 57, 94, 88, 65, 56, 79, 40, 67, 68, 46, 75, 38, 9, 19, 32, 81, 41, 27, 62, 87, 90, 99, 59, 11, 16, 72, 73, 70, 39, 37, 84, 3, 92, 25, 55, 28, 29, 51, 7, 33, 61, 86, 48, 89, 50, 66, 96, 53, 80, 4, 8, 34, 49, 52, 0, 13, 2, 69, 74]|[1, 1, 0, 1, 1, 1, 2, 1, 2, 1, 2, 2, 2, 1, 1, 0, 0, 1, 0, 2, 2, 0, 1, 2, 0, 1, 2, 2, 0, 0, 1, 2, 1, 2, 1, 0, 2, 0, 1, 1, 0, 1, 1, 1, 0, 2, 1, 1, 0, 0, 0, 0, 1, 1, 2, 1, 2, 0, 0, 0, 2, 1, 0, 1, 2, 1, 2, 1, 1, 1, 1, 1, 2, 0, 1, 1, 0, 0, 0, 1, 2, 1, 0, 0, 1, 0, 0, 0, 0, 0, 0, 1, 2, 0, 1, 0, 0, 0, 1, 2]|[4, 3, 2, 2, 0, 0, 2, 2, 2, 4, 1, 1, 2, 4, 4, 1, 1, 4, 2, 1, 1, 1, 1, 2, 1, 2, 1, 1, 1, 1, 3, 2, 3, 0, 4, 0, 1, 1, 0, 3, 2, 2, 4, 0, 1, 1, 0, 2, 0, 1, 2, 2, 1, 4, 0, 3, 2, 1, 1, 2, 1, 3, 1, 1, 1, 3, 0, 4, 3, 1, 4, 1, 1, 2, 4, 4, 2, 1, 1, 3, 1, 3, 1, 1, 1, 1, 1, 1, 2, 1, 2, 3, 1, 1, 1, 2, 2, 2, 3, 1]|[0, 2, 1, 1, 3, 3, 0, 1, 0, 0, 0, 0, 1, 0, 1, 0, 0, 3, 1, 0, 0, 0, 3, 1, 0, 2, 0, 0, 0, 1, 0, 0, 0, 0, 3, 0, 1, 0, 0, 2, 1, 1, 2, 0, 0, 0, 0, 1, 1, 0, 0, 0, 1, 3, 0, 0, 1, 0, 0, 1, 0, 2, 0, 1, 0, 2, 1, 0, 0, 1, 1, 3, 0, 1, 3, 3, 1, 0, 0, 2, 0, 0, 0, 0, 1, 0, 0, 0, 1, 0, 1, 2, 0, 1, 1, 0, 0, 0, 0, 0],805.5394456933803,58046.77716663049,89050.44506242599,false
34,G1_CMAX,G1_CMAX,[31, 22, 82, 15, 26, 99, 95, 42, 77, 12, 47, 5, 93, 78, 86, 54, 21, 63, 18, 44, 20, 35, 43, 97, 91, 76, 10, 30, 85, 45, 71, 64, 1, 23, 57, 83, 24, 14, 60, 36, 6, 17, 40, 88, 65, 56, 79, 94, 67, 68, 46, 75, 38, 9, 19, 32, 41, 81, 27, 87, 90, 58, 59, 11, 16, 72, 73, 70, 39, 37, 84, 3, 92, 25, 55, 48, 62, 29, 51, 96, 33, 61, 98, 66, 89, 50, 4, 7, 53, 80, 8, 28, 34, 49, 52, 0, 74, 69, 2, 13]|[1, 1, 0, 1, 1, 0, 1, 1, 2, 1, 2, 2, 2, 1, 1, 0, 0, 1, 0, 2, 2, 0, 1, 2, 0, 1, 2, 2, 0, 0, 1, 2, 1, 2, 1, 0, 2, 0, 1, 1, 0, 1, 1, 1, 0, 2, 1, 1, 0, 0, 0, 0, 1, 1, 2, 1, 0, 2, 0, 2, 1, 0, 1, 2, 1, 2, 1, 1, 1, 1, 1, 1, 0, 1, 2, 0, 0, 0, 2, 2, 2, 1, 2, 2, 1, 0, 1, 2, 0, 0, 1, 0, 2, 0, 1, 0, 2, 1, 0, 0]|[0, 3, 2, 2, 4, 1, 2, 3, 2, 4, 1, 1, 2, 4, 4, 1, 1, 4, 2, 1, 1, 1, 1, 2, 1, 2, 1, 1, 2, 1, 3, 2, 3, 1, 4, 0, 1, 1, 0, 3, 2, 2, 2, 0, 1, 1, 0, 4, 0, 1, 2, 2, 1, 4, 0, 3, 1, 1, 1, 1, 3, 1, 1, 1, 3, 0, 4, 3, 1, 4, 1, 1, 2, 4, 1, 1, 2, 1, 2, 1, 1, 3, 1, 1, 1, 1, 4, 1, 2, 1, 3, 2, 1, 1, 1, 2, 1, 4, 2, 2]|[0, 2, 1, 1, 3, 0, 1, 3, 0, 0, 0, 0, 1, 0, 1, 0, 0, 3, 1, 0, 0, 0, 3, 1, 0, 2, 0, 0, 0, 1, 0, 0, 0, 0, 3, 0, 1, 0, 0, 2, 1, 1, 1, 0, 0, 0, 0, 2, 1, 0, 0, 0, 1, 3, 0, 0, 0, 0, 0, 0, 2, 0, 1, 0, 2, 1, 0, 0, 1, 1, 3, 1, 1, 3, 0, 0, 1, 0, 1, 0, 0, 0, 0, 0, 1, 0, 0, 0, 1, 0, 2, 1, 0, 1, 1, 0, 0, 2, 0, 0],726.9061273463456,57092.60052686413,92996.29751897219,false
34,G4_BALANCED,G1_CMAX,[31, 22, 82, 15, 26, 99, 95, 42, 77, 12, 47, 5, 93, 78, 86, 54, 21, 63, 18, 44, 20, 35, 43, 97, 91, 76, 10, 30, 85, 45, 71, 64, 1, 23, 17, 83, 24, 14, 60, 36, 6, 57, 40, 88, 65, 56, 79, 94, 67, 68, 46, 75, 38, 9, 19, 32, 41, 81, 27, 87, 90, 58, 59, 11, 16, 72, 73, 70, 39, 37, 84, 3, 92, 25, 55, 48, 96, 29, 51, 62, 33, 61, 98, 66, 89, 50, 4, 7, 53, 80, 8, 28, 34, 49, 52, 0, 74, 69, 2, 13]|[1, 1, 0, 1, 1, 0, 1, 1, 2, 1, 2, 2, 2, 1, 1, 0, 0, 1, 0, 2, 2, 0, 1, 2, 0, 1, 2, 2, 0, 0, 1, 2, 1, 2, 1, 0, 2, 0, 1, 1, 0, 1, 1, 1, 0, 2, 1, 1, 0, 0, 0, 0, 1, 1, 2, 1, 2, 2, 0, 2, 1, 0, 1, 2, 1, 2, 1, 1, 1, 1, 1, 1, 0, 1, 2, 0, 2, 0, 0, 0, 2, 1, 2, 2, 1, 0, 1, 2, 0, 0, 1, 0, 2, 0, 1, 0, 2, 1, 0, 0]|[0, 3, 2, 2, 4, 1, 2, 3, 2, 4, 1, 1, 2, 4, 4, 1, 1, 4, 2, 1, 1, 1, 1, 2, 1, 2, 1, 1, 2, 1, 3, 2, 3, 0, 4, 0, 1, 1, 0, 3, 2, 2, 2, 0, 1, 1, 0, 4, 0, 1, 2, 2, 1, 4, 0, 3, 2, 1, 1, 1, 3, 1, 1, 1, 3, 0, 4, 3, 1, 4, 1, 1, 0, 4, 1, 1, 1, 1, 1, 2, 1, 3, 1, 1, 1, 1, 4, 1, 2, 1, 3, 2, 1, 1, 1, 2, 1, 4, 2, 2]|[0, 2, 1, 1, 3, 0, 1, 3, 0, 0, 0, 0, 1, 0, 1, 0, 0, 3, 1, 0, 0, 0, 3, 1, 0, 2, 0, 0, 0, 1, 0, 0, 0, 0, 3, 0, 1, 0, 0, 2, 1, 1, 1, 0, 0, 0, 0, 2, 1, 0, 0, 0, 1, 3, 0, 0, 1, 0, 0, 0, 2, 0, 1, 0, 2, 1, 0, 0, 1, 1, 3, 1, 1, 3, 0, 0, 0, 0, 0, 1, 0, 0, 0, 0, 1, 0, 0, 0, 1, 0, 2, 1, 0, 1, 1, 0, 0, 2, 0, 0],724.9395833867611,57689.77869234914,92566.52405273609,true
34,G2_TEC,G2_TEC,[31, 22, 82, 15, 26, 9, 95, 42, 77, 68, 47, 5, 93, 78, 86, 54, 85, 63, 18, 44, 20, 49, 36, 14, 74, 50, 53, 17, 21, 28, 11, 64, 3, 23, 30, 83, 24, 41, 40, 52, 65, 27, 90, 70, 39, 87, 48, 69, 99, 4, 75, 1, 13, 58, 97, 59, 45, 8, 73, 37, 35, 79, 71, 66, 76, 32, 60, 80, 56, 6, 67, 61, 33, 7, 57, 34, 12, 16, 10, 98, 96, 88, 43, 46, 91, 38, 84, 92, 29, 19, 51, 55, 81, 89, 25, 72, 94, 2, 0, 62]|[2, 1, 2, 1, 1, 2, 1, 1, 1, 1, 1, 0, 2, 2, 1, 2, 0, 0, 0, 2, 2, 1, 0, 2, 0, 2, 2, 1, 0, 1, 1, 1, 0, 0, 1, 0, 2, 1, 2, 2, 0, 0, 1, 1, 0, 2, 0, 2, 1, 0, 0, 2, 0, 0, 2, 0, 1, 1, 0, 0, 2, 1, 1, 2, 2, 0, 2, 2, 2, 1, 2, 1, 1, 2, 0, 1, 1, 2, 1, 2, 0, 1, 1, 0, 1, 0, 0, 0, 1, 1, 1, 0, 1, 1, 1, 1, 2, 2, 0, 1]|[0, 3, 0, 3, 4, 1, 4, 4, 2, 4, 3, 2, 1, 0, 2, 1, 1, 1, 2, 1, 1, 3, 0, 1, 0, 1, 1, 4, 1, 4, 3, 2, 2, 0, 4, 1, 1, 4, 1, 1, 2, 1, 4, 4, 1, 1, 0, 2, 3, 2, 2, 1, 2, 1, 1, 2, 4, 3, 0, 2, 2, 3, 3, 1, 1, 2, 1, 1, 1, 4, 1, 3, 4, 1, 2, 4, 3, 1, 3, 1, 2, 4, 4, 2, 3, 2, 2, 2, 3, 4, 3, 2, 4, 4, 4, 4, 1, 1, 2, 3]|[0, 2, 0, 0, 3, 0, 1, 3, 0, 0, 2, 0, 1, 0, 1, 0, 0, 0, 1, 0, 0, 2, 0, 0, 1, 0, 0, 3, 0, 1, 0, 2, 0, 0, 3, 0, 1, 1, 0, 0, 0, 0, 1, 3, 0, 0, 1, 0, 2, 0, 0, 0, 0, 0, 1, 0, 1, 0, 1, 1, 0, 2, 0, 0, 0, 0, 0, 0, 0, 2, 0, 0, 1, 0, 0, 1, 0, 0, 3, 0, 0, 1, 2, 0, 0, 0, 0, 0, 3, 1, 0, 0, 2, 1, 3, 1, 0, 0, 0, 0],908.8272556494078,49235.066718390466,107289.32240407266,false
34,G3_TWC,G3_TWC,[31, 22, 82, 15, 26, 58, 95, 42, 77, 12, 47, 5, 93, 78, 98, 54, 85, 63, 18, 44, 20, 35, 43, 97, 91, 76, 10, 30, 21, 45, 71, 64, 1, 23, 17, 83, 24, 14, 60, 36, 6, 57, 94, 88, 65, 56, 79, 40, 67, 68, 46, 75, 38, 9, 19, 32, 81, 41, 27, 62, 87, 90, 99, 59, 11, 16, 72, 73, 70, 39, 37, 84, 3, 92, 25, 55, 28, 29, 51, 7, 33, 61, 86, 48, 89, 50, 66, 96, 53, 80, 4, 8, 34, 49, 52, 0, 13, 2, 69, 74]|[1, 1, 0, 1, 1, 1, 2, 1, 2, 1, 2, 2, 2, 1, 1, 0, 0, 1, 0, 2, 2, 0, 1, 2, 0, 1, 2, 2, 0, 0, 1, 2, 1, 2, 1, 0, 2, 0, 1, 1, 0, 1, 1, 1, 0, 2, 1, 1, 0, 0, 0, 0, 1, 1, 2, 1, 2, 0, 0, 0, 2, 1, 0, 1, 2, 1, 2, 1, 1, 1, 1, 1, 2, 0, 1, 1, 0, 0, 0, 1, 2, 1, 0, 0, 1, 0, 0, 0, 0, 0, 0, 1, 2, 0, 1, 0, 0, 0, 1, 2]|[4, 3, 2, 2, 0, 0, 2, 2, 2, 4, 1, 1, 2, 4, 4, 1, 1, 4, 2, 1, 1, 1, 1, 2, 1, 2, 1, 1, 1, 1, 3, 2, 3, 0, 4, 0, 1, 1, 0, 3, 2, 2, 4, 0, 1, 1, 0, 2, 0, 1, 2, 2, 1, 4, 0, 3, 2, 1, 1, 2, 1, 3, 1, 1, 1, 3, 0, 4, 3, 1, 4, 1, 1, 2, 4, 4, 2, 1, 1, 3, 1, 3, 1, 1, 1, 1, 1, 1, 2, 1, 2, 3, 1, 1, 1, 2, 2, 2, 3, 1]|[0, 2, 1, 1, 3, 3, 0, 1, 0, 0, 0, 0, 1, 0, 1, 0, 0, 3, 1, 0, 0, 0, 3, 1, 0, 2, 0, 0, 0, 1, 0, 0, 0, 0, 3, 0, 1, 0, 0, 2, 1, 1, 2, 0, 0, 0, 0, 1, 1, 0, 0, 0, 1, 3, 0, 0, 1, 0, 0, 1, 0, 2, 0, 1, 0, 2, 1, 0, 0, 1, 1, 3, 0, 1, 3, 3, 1, 0, 0, 2, 0, 0, 0, 0, 1, 0, 0, 0, 1, 0, 1, 2, 0, 1, 1, 0, 0, 0, 0, 0],805.5394456933803,58046.77716663049,89050.44506242599,false
34,G1_CMAX,G1_CMAX,[31, 22, 82, 15, 26, 99, 95, 42, 77, 12, 47, 5, 93, 78, 86, 54, 21, 63, 18, 44, 20, 35, 43, 97, 91, 76, 10, 30, 85, 45, 71, 64, 1, 23, 57, 83, 24, 14, 60, 36, 6, 17, 40, 88, 65, 56, 79, 94, 67, 68, 46, 75, 38, 9, 19, 32, 41, 81, 27, 87, 90, 58, 59, 11, 16, 72, 73, 70, 39, 37, 84, 3, 92, 25, 55, 48, 62, 29, 51, 96, 33, 61, 98, 66, 89, 50, 4, 7, 53, 80, 8, 28, 34, 49, 52, 0, 74, 69, 2, 13]|[1, 1, 0, 1, 1, 0, 1, 1, 2, 1, 2, 2, 2, 1, 1, 0, 0, 1, 0, 2, 2, 0, 1, 2, 0, 1, 2, 2, 0, 0, 1, 2, 1, 2, 1, 0, 2, 0, 1, 1, 0, 1, 1, 1, 0, 2, 1, 1, 0, 0, 0, 0, 1, 1, 2, 1, 0, 2, 0, 2, 1, 0, 1, 2, 1, 2, 1, 1, 1, 1, 1, 1, 0, 1, 2, 0, 0, 0, 2, 2, 2, 1, 2, 2, 1, 0, 1, 2, 0, 0, 1, 0, 2, 0, 1, 0, 2, 1, 0, 0]|[0, 3, 2, 2, 4, 1, 2, 3, 2, 4, 1, 1, 2, 4, 4, 1, 1, 4, 2, 1, 1, 1, 1, 2, 1, 2, 1, 1, 2, 1, 3, 2, 3, 1, 4, 0, 1, 1, 0, 3, 2, 2, 2, 0, 1, 1, 0, 4, 0, 1, 2, 2, 1, 4, 0, 3, 1, 1, 1, 1, 3, 1, 1, 1, 3, 0, 4, 3, 1, 4, 1, 1, 2, 4, 1, 1, 2, 1, 2, 1, 1, 3, 1, 1, 1, 1, 4, 1, 2, 1, 3, 2, 1, 1, 1, 2, 1, 4, 2, 2]|[0, 2, 1, 1, 3, 0, 1, 3, 0, 0, 0, 0, 1, 0, 1, 0, 0, 3, 1, 0, 0, 0, 3, 1, 0, 2, 0, 0, 0, 1, 0, 0, 0, 0, 3, 0, 1, 0, 0, 2, 1, 1, 1, 0, 0, 0, 0, 2, 1, 0, 0, 0, 1, 3, 0, 0, 0, 0, 0, 0, 2, 0, 1, 0, 2, 1, 0, 0, 1, 1, 3, 1, 1, 3, 0, 0, 1, 0, 1, 0, 0, 0, 0, 0, 1, 0, 0, 0, 1, 0, 2, 1, 0, 1, 1, 0, 0, 2, 0, 0],726.9061273463456,57092.60052686413,92996.29751897219,false
34,G4_BALANCED,G1_CMAX,[31, 22, 82, 15, 26, 99, 95, 42, 77, 12, 47, 5, 93, 78, 86, 54, 21, 63, 18, 44, 20, 35, 43, 97, 91, 76, 10, 30, 85, 45, 71, 64, 1, 23, 17, 83, 24, 14, 60, 36, 6, 57, 40, 88, 65, 56, 79, 94, 67, 68, 46, 75, 38, 9, 19, 32, 41, 81, 27, 87, 90, 58, 59, 11, 16, 72, 73, 70, 39, 37, 84, 3, 92, 25, 55, 48, 96, 29, 51, 62, 33, 61, 98, 66, 89, 50, 4, 7, 53, 80, 8, 28, 34, 49, 52, 0, 74, 69, 2, 13]|[1, 1, 0, 1, 1, 0, 1, 1, 2, 1, 2, 2, 2, 1, 1, 0, 0, 1, 0, 2, 2, 0, 1, 2, 0, 1, 2, 2, 0, 0, 1, 2, 1, 2, 1, 0, 2, 0, 1, 1, 0, 1, 1, 1, 0, 2, 1, 1, 0, 0, 0, 0, 1, 1, 2, 1, 2, 2, 0, 2, 1, 0, 1, 2, 1, 2, 1, 1, 1, 1, 1, 1, 0, 1, 2, 0, 2, 0, 0, 0, 2, 1, 2, 2, 1, 0, 1, 2, 0, 0, 1, 0, 2, 0, 1, 0, 2, 1, 0, 0]|[0, 3, 2, 2, 4, 1, 2, 3, 2, 4, 1, 1, 2, 4, 4, 1, 1, 4, 2, 1, 1, 1, 1, 2, 1, 2, 1, 1, 2, 1, 3, 2, 3, 0, 4, 0, 1, 1, 0, 3, 2, 2, 2, 0, 1, 1, 0, 4, 0, 1, 2, 2, 1, 4, 0, 3, 2, 1, 1, 1, 3, 1, 1, 1, 3, 0, 4, 3, 1, 4, 1, 1, 0, 4, 1, 1, 1, 1, 1, 2, 1, 3, 1, 1, 1, 1, 4, 1, 2, 1, 3, 2, 1, 1, 1, 2, 1, 4, 2, 2]|[0, 2, 1, 1, 3, 0, 1, 3, 0, 0, 0, 0, 1, 0, 1, 0, 0, 3, 1, 0, 0, 0, 3, 1, 0, 2, 0, 0, 0, 1, 0, 0, 0, 0, 3, 0, 1, 0, 0, 2, 1, 1, 1, 0, 0, 0, 0, 2, 1, 0, 0, 0, 1, 3, 0, 0, 1, 0, 0, 0, 2, 0, 1, 0, 2, 1, 0, 0, 1, 1, 3, 1, 1, 3, 0, 0, 0, 0, 0, 1, 0, 0, 0, 0, 1, 0, 0, 0, 1, 0, 2, 1, 0, 1, 1, 0, 0, 2, 0, 0],724.9395833867611,57689.77869234914,92566.52405273609,true
34,G2_TEC,G2_TEC,[31, 22, 82, 15, 26, 9, 95, 42, 77, 68, 47, 5, 93, 78, 86, 54, 85, 63, 18, 44, 20, 49, 36, 14, 74, 50, 53, 17, 21, 28, 11, 64, 3, 23, 30, 83, 24, 41, 40, 52, 65, 27, 90, 70, 39, 87, 48, 69, 99, 4, 75, 1, 13, 58, 97, 59, 45, 8, 73, 37, 35, 79, 71, 66, 76, 32, 60, 80, 56, 6, 67, 61, 33, 7, 57, 34, 12, 16, 10, 98, 96, 88, 43, 46, 91, 38, 84, 92, 29, 19, 51, 55, 81, 89, 25, 72, 94, 2, 0, 62]|[2, 1, 2, 1, 1, 2, 1, 1, 1, 1, 1, 0, 2, 2, 1, 2, 0, 0, 0, 2, 2, 1, 0, 2, 0, 2, 2, 1, 0, 1, 1, 1, 0, 0, 1, 0, 2, 1, 2, 2, 0, 0, 1, 1, 0, 2, 0, 2, 1, 0, 0, 2, 0, 0, 2, 0, 1, 1, 0, 0, 2, 1, 1, 2, 2, 0, 2, 2, 2, 1, 2, 1, 1, 2, 0, 1, 1, 2, 1, 2, 0, 1, 1, 0, 1, 0, 0, 0, 1, 1, 1, 0, 1, 1, 1, 1, 2, 2, 0, 1]|[0, 3, 0, 3, 4, 1, 4, 4, 2, 4, 3, 2, 1, 0, 2, 1, 1, 1, 2, 1, 1, 3, 0, 1, 0, 1, 1, 4, 1, 4, 3, 2, 2, 0, 4, 1, 1, 4, 1, 1, 2, 1, 4, 4, 1, 1, 0, 2, 3, 2, 2, 1, 2, 1, 1, 2, 4, 3, 0, 2, 2, 3, 3, 1, 1, 2, 1, 1, 1, 4, 1, 3, 4, 1, 2, 4, 3, 1, 3, 1, 2, 4, 4, 2, 3, 2, 2, 2, 3, 4, 3, 2, 4, 4, 4, 4, 1, 1, 2, 3]|[0, 2, 0, 0, 3, 0, 1, 3, 0, 0, 2, 0, 1, 0, 1, 0, 0, 0, 1, 0, 0, 2, 0, 0, 1, 0, 0, 3, 0, 1, 0, 2, 0, 0, 3, 0, 1, 1, 0, 0, 0, 0, 1, 3, 0, 0, 1, 0, 2, 0, 0, 0, 0, 0, 1, 0, 1, 0, 1, 1, 0, 2, 0, 0, 0, 0, 0, 0, 0, 2, 0, 0, 1, 0, 0, 1, 0, 0, 3, 0, 0, 1, 2, 0, 0, 0, 0, 0, 3, 1, 0, 0, 2, 1, 3, 1, 0, 0, 0, 0],908.8272556494078,49235.066718390466,107289.32240407266,false
34,G3_TWC,G3_TWC,[31, 22, 82, 15, 26, 58, 95, 42, 77, 12, 47, 5, 93, 78, 98, 54, 85, 63, 18, 44, 20, 35, 43, 97, 91, 76, 10, 30, 21, 45, 71, 64, 1, 23, 17, 83, 24, 14, 60, 36, 6, 57, 94, 88, 65, 56, 79, 40, 67, 68, 46, 75, 38, 9, 19, 32, 81, 41, 27, 62, 87, 90, 99, 59, 11, 16, 72, 73, 70, 39, 37, 84, 3, 92, 25, 55, 28, 29, 51, 7, 33, 61, 86, 48, 89, 50, 66, 96, 53, 80, 4, 8, 34, 49, 52, 0, 13, 2, 69, 74]|[1, 1, 0, 1, 1, 1, 2, 1, 2, 1, 2, 2, 2, 1, 1, 0, 0, 1, 0, 2, 2, 0, 1, 2, 0, 1, 2, 2, 0, 0, 1, 2, 1, 2, 1, 0, 2, 0, 1, 1, 0, 1, 1, 1, 0, 2, 1, 1, 0, 0, 0, 0, 1, 1, 2, 1, 2, 0, 0, 0, 2, 1, 0, 1, 2, 1, 2, 1, 1, 1, 1, 1, 2, 0, 1, 1, 0, 0, 0, 1, 2, 1, 0, 0, 1, 0, 0, 0, 0, 0, 0, 1, 2, 0, 1, 0, 0, 0, 1, 2]|[4, 3, 2, 2, 0, 0, 2, 2, 2, 4, 1, 1, 2, 4, 4, 1, 1, 4, 2, 1, 1, 1, 1, 2, 1, 2, 1, 1, 1, 1, 3, 2, 3, 0, 4, 0, 1, 1, 0, 3, 2, 2, 4, 0, 1, 1, 0, 2, 0, 1, 2, 2, 1, 4, 0, 3, 2, 1, 1, 2, 1, 3, 1, 1, 1, 3, 0, 4, 3, 1, 4, 1, 1, 2, 4, 4, 2, 1, 1, 3, 1, 3, 1, 1, 1, 1, 1, 1, 2, 1, 2, 3, 1, 1, 1, 2, 2, 2, 3, 1]|[0, 2, 1, 1, 3, 3, 0, 1, 0, 0, 0, 0, 1, 0, 1, 0, 0, 3, 1, 0, 0, 0, 3, 1, 0, 2, 0, 0, 0, 1, 0, 0, 0, 0, 3, 0, 1, 0, 0, 2, 1, 1, 2, 0, 0, 0, 0, 1, 1, 0, 0, 0, 1, 3, 0, 0, 1, 0, 0, 1, 0, 2, 0, 1, 0, 2, 1, 0, 0, 1, 1, 3, 0, 1, 3, 3, 1, 0, 0, 2, 0, 0, 0, 0, 1, 0, 0, 0, 1, 0, 1, 2, 0, 1, 1, 0, 0, 0, 0, 0],805.5394456933803,58046.77716663049,89050.44506242599,false
34,G1_CMAX,G1_CMAX,[31, 22, 82, 15, 26, 99, 95, 42, 77, 12, 47, 5, 93, 78, 86, 54, 21, 63, 18, 44, 20, 35, 43, 97, 91, 76, 10, 30, 85, 45, 71, 64, 1, 23, 57, 83, 24, 14, 60, 36, 6, 17, 40, 88, 65, 56, 79, 94, 67, 68, 46, 75, 38, 9, 19, 32, 41, 81, 27, 87, 90, 58, 59, 11, 16, 72, 73, 70, 39, 37, 84, 3, 92, 25, 55, 48, 62, 29, 51, 96, 33, 61, 98, 66, 89, 50, 4, 7, 53, 80, 8, 28, 34, 49, 52, 0, 74, 69, 2, 13]|[1, 1, 0, 1, 1, 0, 1, 1, 2, 1, 2, 2, 2, 1, 1, 0, 0, 1, 0, 2, 2, 0, 1, 2, 0, 1, 2, 2, 0, 0, 1, 2, 1, 2, 1, 0, 2, 0, 1, 1, 0, 1, 1, 1, 0, 2, 1, 1, 0, 0, 0, 0, 1, 1, 2, 1, 0, 2, 0, 2, 1, 0, 1, 2, 1, 2, 1, 1, 1, 1, 1, 1, 0, 1, 2, 0, 0, 0, 2, 2, 2, 1, 2, 2, 1, 0, 1, 2, 0, 0, 1, 0, 2, 0, 1, 0, 2, 1, 0, 0]|[0, 3, 2, 2, 4, 1, 2, 3, 2, 4, 1, 1, 2, 4, 4, 1, 1, 4, 2, 1, 1, 1, 1, 2, 1, 2, 1, 1, 2, 1, 3, 2, 3, 1, 4, 0, 1, 1, 0, 3, 2, 2, 2, 0, 1, 1, 0, 4, 0, 1, 2, 2, 1, 4, 0, 3, 1, 1, 1, 1, 3, 1, 1, 1, 3, 0, 4, 3, 1, 4, 1, 1, 2, 4, 1, 1, 2, 1, 2, 1, 1, 3, 1, 1, 1, 1, 4, 1, 2, 1, 3, 2, 1, 1, 1, 2, 1, 4, 2, 2]|[0, 2, 1, 1, 3, 0, 1, 3, 0, 0, 0, 0, 1, 0, 1, 0, 0, 3, 1, 0, 0, 0, 3, 1, 0, 2, 0, 0, 0, 1, 0, 0, 0, 0, 3, 0, 1, 0, 0, 2, 1, 1, 1, 0, 0, 0, 0, 2, 1, 0, 0, 0, 1, 3, 0, 0, 0, 0, 0, 0, 2, 0, 1, 0, 2, 1, 0, 0, 1, 1, 3, 1, 1, 3, 0, 0, 1, 0, 1, 0, 0, 0, 0, 0, 1, 0, 0, 0, 1, 0, 2, 1, 0, 1, 1, 0, 0, 2, 0, 0],726.9061273463456,57092.60052686413,92996.29751897219,false
34,G4_BALANCED,G1_CMAX,[31, 22, 82, 15, 26, 99, 95, 42, 77, 12, 47, 5, 93, 78, 86, 54, 21, 63, 18, 44, 20, 35, 43, 97, 91, 76, 10, 30, 85, 45, 71, 64, 1, 23, 17, 83, 24, 14, 60, 36, 6, 57, 40, 88, 65, 56, 79, 94, 67, 68, 46, 75, 38, 9, 19, 32, 41, 81, 27, 87, 90, 58, 59, 11, 16, 72, 73, 70, 39, 37, 84, 3, 92, 25, 55, 48, 96, 29, 51, 62, 33, 61, 98, 66, 89, 50, 4, 7, 53, 80, 8, 28, 34, 49, 52, 0, 74, 69, 2, 13]|[1, 1, 0, 1, 1, 0, 1, 1, 2, 1, 2, 2, 2, 1, 1, 0, 0, 1, 0, 2, 2, 0, 1, 2, 0, 1, 2, 2, 0, 0, 1, 2, 1, 2, 1, 0, 2, 0, 1, 1, 0, 1, 1, 1, 0, 2, 1, 1, 0, 0, 0, 0, 1, 1, 2, 1, 2, 2, 0, 2, 1, 0, 1, 2, 1, 2, 1, 1, 1, 1, 1, 1, 0, 1, 2, 0, 2, 0, 0, 0, 2, 1, 2, 2, 1, 0, 1, 2, 0, 0, 1, 0, 2, 0, 1, 0, 2, 1, 0, 0]|[0, 3, 2, 2, 4, 1, 2, 3, 2, 4, 1, 1, 2, 4, 4, 1, 1, 4, 2, 1, 1, 1, 1, 2, 1, 2, 1, 1, 2, 1, 3, 2, 3, 0, 4, 0, 1, 1, 0, 3, 2, 2, 2, 0, 1, 1, 0, 4, 0, 1, 2, 2, 1, 4, 0, 3, 2, 1, 1, 1, 3, 1, 1, 1, 3, 0, 4, 3, 1, 4, 1, 1, 0, 4, 1, 1, 1, 1, 1, 2, 1, 3, 1, 1, 1, 1, 4, 1, 2, 1, 3, 2, 1, 1, 1, 2, 1, 4, 2, 2]|[0, 2, 1, 1, 3, 0, 1, 3, 0, 0, 0, 0, 1, 0, 1, 0, 0, 3, 1, 0, 0, 0, 3, 1, 0, 2, 0, 0, 0, 1, 0, 0, 0, 0, 3, 0, 1, 0, 0, 2, 1, 1, 1, 0, 0, 0, 0, 2, 1, 0, 0, 0, 1, 3, 0, 0, 1, 0, 0, 0, 2, 0, 1, 0, 2, 1, 0, 0, 1, 1, 3, 1, 1, 3, 0, 0, 0, 0, 0, 1, 0, 0, 0, 0, 1, 0, 0, 0, 1, 0, 2, 1, 0, 1, 1, 0, 0, 2, 0, 0],724.9395833867611,57689.77869234914,92566.52405273609,true
34,G2_TEC,G2_TEC,[31, 22, 82, 15, 26, 9, 95, 42, 77, 68, 47, 5, 93, 78, 86, 54, 85, 63, 18, 44, 20, 49, 36, 14, 74, 50, 53, 17, 21, 28, 11, 64, 3, 23, 30, 83, 24, 41, 40, 52, 65, 27, 90, 70, 39, 87, 48, 69, 99, 4, 75, 1, 13, 58, 97, 59, 45, 8, 73, 37, 35, 79, 71, 66, 76, 32, 60, 80, 56, 6, 67, 61, 33, 7, 57, 34, 12, 16, 10, 98, 96, 88, 43, 46, 91, 38, 84, 92, 29, 19, 51, 55, 81, 89, 25, 72, 94, 2, 0, 62]|[2, 1, 2, 1, 1, 2, 1, 1, 1, 1, 1, 0, 2, 2, 1, 2, 0, 0, 0, 2, 2, 1, 0, 2, 0, 2, 2, 1, 0, 1, 1, 1, 0, 0, 1, 0, 2, 1, 2, 2, 0, 0, 1, 1, 0, 2, 0, 2, 1, 0, 0, 2, 0, 0, 2, 0, 1, 1, 0, 0, 2, 1, 1, 2, 2, 0, 2, 2, 2, 1, 2, 1, 1, 2, 0, 1, 1, 2, 1, 2, 0, 1, 1, 0, 1, 0, 0, 0, 1, 1, 1, 0, 1, 1, 1, 1, 2, 2, 0, 1]|[0, 3, 0, 3, 4, 1, 4, 4, 2, 4, 3, 2, 1, 0, 2, 1, 1, 1, 2, 1, 1, 3, 0, 1, 0, 1, 1, 4, 1, 4, 3, 2, 2, 0, 4, 1, 1, 4, 1, 1, 2, 1, 4, 4, 1, 1, 0, 2, 3, 2, 2, 1, 2, 1, 1, 2, 4, 3, 0, 2, 2, 3, 3, 1, 1, 2, 1, 1, 1, 4, 1, 3, 4, 1, 2, 4, 3, 1, 3, 1, 2, 4, 4, 2, 3, 2, 2, 2, 3, 4, 3, 2, 4, 4, 4, 4, 1, 1, 2, 3]|[0, 2, 0, 0, 3, 0, 1, 3, 0, 0, 2, 0, 1, 0, 1, 0, 0, 0, 1, 0, 0, 2, 0, 0, 1, 0, 0, 3, 0, 1, 0, 2, 0, 0, 3, 0, 1, 1, 0, 0, 0, 0, 1, 3, 0, 0, 1, 0, 2, 0, 0, 0, 0, 0, 1, 0, 1, 0, 1, 1, 0, 2, 0, 0, 0, 0, 0, 0, 0, 2, 0, 0, 1, 0, 0, 1, 0, 0, 3, 0, 0, 1, 2, 0, 0, 0, 0, 0, 3, 1, 0, 0, 2, 1, 3, 1, 0, 0, 0, 0],908.8272556494078,49235.066718390466,107289.32240407266,false
34,G3_TWC,G3_TWC,[31, 22, 82, 15, 26, 58, 95, 42, 77, 12, 47, 5, 93, 78, 98, 54, 85, 63, 18, 44, 20, 35, 43, 97, 91, 76, 10, 30, 21, 45, 71, 64, 1, 23, 17, 83, 24, 14, 60, 36, 6, 57, 94, 88, 65, 56, 79, 40, 67, 68, 46, 75, 38, 9, 19, 32, 81, 41, 27, 62, 87, 90, 99, 59, 11, 16, 72, 73, 70, 39, 37, 84, 3, 92, 25, 55, 28, 29, 51, 7, 33, 61, 86, 48, 89, 50, 66, 96, 53, 80, 4, 8, 34, 49, 52, 0, 13, 2, 69, 74]|[1, 1, 0, 1, 1, 1, 2, 1, 2, 1, 2, 2, 2, 1, 1, 0, 0, 1, 0, 2, 2, 0, 1, 2, 0, 1, 2, 2, 0, 0, 1, 2, 1, 2, 1, 0, 2, 0, 1, 1, 0, 1, 1, 1, 0, 2, 1, 1, 0, 0, 0, 0, 1, 1, 2, 1, 2, 0, 0, 0, 2, 1, 0, 1, 2, 1, 2, 1, 1, 1, 1, 1, 2, 0, 1, 1, 0, 0, 0, 1, 2, 1, 0, 0, 1, 0, 0, 0, 0, 0, 0, 1, 2, 0, 1, 0, 0, 0, 1, 2]|[4, 3, 2, 2, 0, 0, 2, 2, 2, 4, 1, 1, 2, 4, 4, 1, 1, 4, 2, 1, 1, 1, 1, 2, 1, 2, 1, 1, 1, 1, 3, 2, 3, 0, 4, 0, 1, 1, 0, 3, 2, 2, 4, 0, 1, 1, 0, 2, 0, 1, 2, 2, 1, 4, 0, 3, 2, 1, 1, 2, 1, 3, 1, 1, 1, 3, 0, 4, 3, 1, 4, 1, 1, 2, 4, 4, 2, 1, 1, 3, 1, 3, 1, 1, 1, 1, 1, 1, 2, 1, 2, 3, 1, 1, 1, 2, 2, 2, 3, 1]|[0, 2, 1, 1, 3, 3, 0, 1, 0, 0, 0, 0, 1, 0, 1, 0, 0, 3, 1, 0, 0, 0, 3, 1, 0, 2, 0, 0, 0, 1, 0, 0, 0, 0, 3, 0, 1, 0, 0, 2, 1, 1, 2, 0, 0, 0, 0, 1, 1, 0, 0, 0, 1, 3, 0, 0, 1, 0, 0, 1, 0, 2, 0, 1, 0, 2, 1, 0, 0, 1, 1, 3, 0, 1, 3, 3, 1, 0, 0, 2, 0, 0, 0, 0, 1, 0, 0, 0, 1, 0, 1, 2, 0, 1, 1, 0, 0, 0, 0, 0],805.5394456933803,58046.77716663049,89050.44506242599,false
34,G1_CMAX,G1_CMAX,[31, 22, 82, 15, 26, 99, 95, 42, 77, 12, 47, 5, 93, 78, 86, 54, 21, 63, 18, 44, 20, 35, 43, 97, 91, 76, 10, 30, 85, 45, 71, 64, 1, 23, 57, 83, 24, 14, 60, 36, 6, 17, 40, 88, 65, 56, 79, 94, 67, 68, 46, 75, 38, 9, 19, 32, 41, 81, 27, 87, 90, 58, 59, 11, 16, 72, 73, 70, 39, 37, 84, 3, 92, 25, 55, 48, 62, 29, 51, 96, 33, 61, 98, 66, 89, 50, 4, 7, 53, 80, 8, 28, 34, 49, 52, 0, 74, 69, 2, 13]|[1, 1, 0, 1, 1, 0, 1, 1, 2, 1, 2, 2, 2, 1, 1, 0, 0, 1, 0, 2, 2, 0, 1, 2, 0, 1, 2, 2, 0, 0, 1, 2, 1, 2, 1, 0, 2, 0, 1, 1, 0, 1, 1, 1, 0, 2, 1, 1, 0, 0, 0, 0, 1, 1, 2, 1, 0, 2, 0, 2, 1, 0, 1, 2, 1, 2, 1, 1, 1, 1, 1, 1, 0, 1, 2, 0, 0, 0, 2, 2, 2, 1, 2, 2, 1, 0, 1, 2, 0, 0, 1, 0, 2, 0, 1, 0, 2, 1, 0, 0]|[0, 3, 2, 2, 4, 1, 2, 3, 2, 4, 1, 1, 2, 4, 4, 1, 1, 4, 2, 1, 1, 1, 1, 2, 1, 2, 1, 1, 2, 1, 3, 2, 3, 1, 4, 0, 1, 1, 0, 3, 2, 2, 2, 0, 1, 1, 0, 4, 0, 1, 2, 2, 1, 4, 0, 3, 1, 1, 1, 1, 3, 1, 1, 1, 3, 0, 4, 3, 1, 4, 1, 1, 2, 4, 1, 1, 2, 1, 2, 1, 1, 3, 1, 1, 1, 1, 4, 1, 2, 1, 3, 2, 1, 1, 1, 2, 1, 4, 2, 2]|[0, 2, 1, 1, 3, 0, 1, 3, 0, 0, 0, 0, 1, 0, 1, 0, 0, 3, 1, 0, 0, 0, 3, 1, 0, 2, 0, 0, 0, 1, 0, 0, 0, 0, 3, 0, 1, 0, 0, 2, 1, 1, 1, 0, 0, 0, 0, 2, 1, 0, 0, 0, 1, 3, 0, 0, 0, 0, 0, 0, 2, 0, 1, 0, 2, 1, 0, 0, 1, 1, 3, 1, 1, 3, 0, 0, 1, 0, 1, 0, 0, 0, 0, 0, 1, 0, 0, 0, 1, 0, 2, 1, 0, 1, 1, 0, 0, 2, 0, 0],726.9061273463456,57092.60052686413,92996.29751897219,false
34,G4_BALANCED,G1_CMAX,[31, 22, 82, 15, 26, 99, 95, 42, 77, 12, 47, 5, 93, 78, 86, 54, 21, 63, 18, 44, 20, 35, 43, 97, 91, 76, 10, 30, 85, 45, 71, 64, 1, 23, 17, 83, 24, 14, 60, 36, 6, 57, 40, 88, 65, 56, 79, 94, 67, 68, 46, 75, 38, 9, 19, 32, 41, 81, 27, 87, 90, 58, 59, 11, 16, 72, 73, 70, 39, 37, 84, 3, 92, 25, 55, 48, 96, 29, 51, 62, 33, 61, 98, 66, 89, 50, 4, 7, 53, 80, 8, 28, 34, 49, 52, 0, 74, 69, 2, 13]|[1, 1, 0, 1, 1, 0, 1, 1, 2, 1, 2, 2, 2, 1, 1, 0, 0, 1, 0, 2, 2, 0, 1, 2, 0, 1, 2, 2, 0, 0, 1, 2, 1, 2, 1, 0, 2, 0, 1, 1, 0, 1, 1, 1, 0, 2, 1, 1, 0, 0, 0, 0, 1, 1, 2, 1, 2, 2, 0, 2, 1, 0, 1, 2, 1, 2, 1, 1, 1, 1, 1, 1, 0, 1, 2, 0, 2, 0, 0, 0, 2, 1, 2, 2, 1, 0, 1, 2, 0, 0, 1, 0, 2, 0, 1, 0, 2, 1, 0, 0]|[0, 3, 2, 2, 4, 1, 2, 3, 2, 4, 1, 1, 2, 4, 4, 1, 1, 4, 2, 1, 1, 1, 1, 2, 1, 2, 1, 1, 2, 1, 3, 2, 3, 0, 4, 0, 1, 1, 0, 3, 2, 2, 2, 0, 1, 1, 0, 4, 0, 1, 2, 2, 1, 4, 0, 3, 2, 1, 1, 1, 3, 1, 1, 1, 3, 0, 4, 3, 1, 4, 1, 1, 0, 4, 1, 1, 1, 1, 1, 2, 1, 3, 1, 1, 1, 1, 4, 1, 2, 1, 3, 2, 1, 1, 1, 2, 1, 4, 2, 2]|[0, 2, 1, 1, 3, 0, 1, 3, 0, 0, 0, 0, 1, 0, 1, 0, 0, 3, 1, 0, 0, 0, 3, 1, 0, 2, 0, 0, 0, 1, 0, 0, 0, 0, 3, 0, 1, 0, 0, 2, 1, 1, 1, 0, 0, 0, 0, 2, 1, 0, 0, 0, 1, 3, 0, 0, 1, 0, 0, 0, 2, 0, 1, 0, 2, 1, 0, 0, 1, 1, 3, 1, 1, 3, 0, 0, 0, 0, 0, 1, 0, 0, 0, 0, 1, 0, 0, 0, 1, 0, 2, 1, 0, 1, 1, 0, 0, 2, 0, 0],724.9395833867611,57689.77869234914,92566.52405273609,true
34,G2_TEC,G2_TEC,[31, 22, 82, 15, 26, 9, 95, 42, 77, 68, 47, 5, 93, 78, 86, 54, 85, 63, 18, 44, 20, 49, 36, 14, 74, 50, 53, 17, 21, 28, 11, 64, 3, 23, 30, 83, 24, 41, 40, 52, 65, 27, 90, 70, 39, 87, 48, 69, 99, 4, 75, 1, 13, 58, 97, 59, 45, 8, 73, 37, 35, 79, 71, 66, 76, 32, 60, 80, 56, 6, 67, 61, 33, 7, 57, 34, 12, 16, 10, 98, 96, 88, 43, 46, 91, 38, 84, 92, 29, 19, 51, 55, 81, 89, 25, 72, 94, 2, 0, 62]|[2, 1, 2, 1, 1, 2, 1, 1, 1, 1, 1, 0, 2, 2, 1, 2, 0, 0, 0, 2, 2, 1, 0, 2, 0, 2, 2, 1, 0, 1, 1, 1, 0, 0, 1, 0, 2, 1, 2, 2, 0, 0, 1, 1, 0, 2, 0, 2, 1, 0, 0, 2, 0, 0, 2, 0, 1, 1, 0, 0, 2, 1, 1, 2, 2, 0, 2, 2, 2, 1, 2, 1, 1, 2, 0, 1, 1, 2, 1, 2, 0, 1, 1, 0, 1, 0, 0, 0, 1, 1, 1, 0, 1, 1, 1, 1, 2, 2, 0, 1]|[0, 3, 0, 3, 4, 1, 4, 4, 2, 4, 3, 2, 1, 0, 2, 1, 1, 1, 2, 1, 1, 3, 0, 1, 0, 1, 1, 4, 1, 4, 3, 2, 2, 0, 4, 1, 1, 4, 1, 1, 2, 1, 4, 4, 1, 1, 0, 2, 3, 2, 2, 1, 2, 1, 1, 2, 4, 3, 0, 2, 2, 3, 3, 1, 1, 2, 1, 1, 1, 4, 1, 3, 4, 1, 2, 4, 3, 1, 3, 1, 2, 4, 4, 2, 3, 2, 2, 2, 3, 4, 3, 2, 4, 4, 4, 4, 1, 1, 2, 3]|[0, 2, 0, 0, 3, 0, 1, 3, 0, 0, 2, 0, 1, 0, 1, 0, 0, 0, 1, 0, 0, 2, 0, 0, 1, 0, 0, 3, 0, 1, 0, 2, 0, 0, 3, 0, 1, 1, 0, 0, 0, 0, 1, 3, 0, 0, 1, 0, 2, 0, 0, 0, 0, 0, 1, 0, 1, 0, 1, 1, 0, 2, 0, 0, 0, 0, 0, 0, 0, 2, 0, 0, 1, 0, 0, 1, 0, 0, 3, 0, 0, 1, 2, 0, 0, 0, 0, 0, 3, 1, 0, 0, 2, 1, 3, 1, 0, 0, 0, 0],908.8272556494078,49235.066718390466,107289.32240407266,false
34,G3_TWC,G3_TWC,[31, 22, 82, 15, 26, 58, 95, 42, 77, 12, 47, 5, 93, 78, 98, 54, 85, 63, 18, 44, 20, 35, 43, 97, 91, 76, 10, 30, 21, 45, 71, 64, 1, 23, 17, 83, 24, 14, 60, 36, 6, 57, 94, 88, 65, 56, 79, 40, 67, 68, 46, 75, 38, 9, 19, 32, 81, 41, 27, 62, 87, 90, 99, 59, 11, 16, 72, 73, 70, 39, 37, 84, 3, 92, 25, 55, 28, 29, 51, 7, 33, 61, 86, 48, 89, 50, 66, 96, 53, 80, 4, 8, 34, 49, 52, 0, 13, 2, 69, 74]|[1, 1, 0, 1, 1, 1, 2, 1, 2, 1, 2, 2, 2, 1, 1, 0, 0, 1, 0, 2, 2, 0, 1, 2, 0, 1, 2, 2, 0, 0, 1, 2, 1, 2, 1, 0, 2, 0, 1, 1, 0, 1, 1, 1, 0, 2, 1, 1, 0, 0, 0, 0, 1, 1, 2, 1, 2, 0, 0, 0, 2, 1, 0, 1, 2, 1, 2, 1, 1, 1, 1, 1, 2, 0, 1, 1, 0, 0, 0, 1, 2, 1, 0, 0, 1, 0, 0, 0, 0, 0, 0, 1, 2, 0, 1, 0, 0, 0, 1, 2]|[4, 3, 2, 2, 0, 0, 2, 2, 2, 4, 1, 1, 2, 4, 4, 1, 1, 4, 2, 1, 1, 1, 1, 2, 1, 2, 1, 1, 1, 1, 3, 2, 3, 0, 4, 0, 1, 1, 0, 3, 2, 2, 4, 0, 1, 1, 0, 2, 0, 1, 2, 2, 1, 4, 0, 3, 2, 1, 1, 2, 1, 3, 1, 1, 1, 3, 0, 4, 3, 1, 4, 1, 1, 2, 4, 4, 2, 1, 1, 3, 1, 3, 1, 1, 1, 1, 1, 1, 2, 1, 2, 3, 1, 1, 1, 2, 2, 2, 3, 1]|[0, 2, 1, 1, 3, 3, 0, 1, 0, 0, 0, 0, 1, 0, 1, 0, 0, 3, 1, 0, 0, 0, 3, 1, 0, 2, 0, 0, 0, 1, 0, 0, 0, 0, 3, 0, 1, 0, 0, 2, 1, 1, 2, 0, 0, 0, 0, 1, 1, 0, 0, 0, 1, 3, 0, 0, 1, 0, 0, 1, 0, 2, 0, 1, 0, 2, 1, 0, 0, 1, 1, 3, 0, 1, 3, 3, 1, 0, 0, 2, 0, 0, 0, 0, 1, 0, 0, 0, 1, 0, 1, 2, 0, 1, 1, 0, 0, 0, 0, 0],805.5394456933803,58046.77716663049,89050.44506242599,false
34,G1_CMAX,G1_CMAX,[31, 22, 82, 15, 26, 99, 95, 42, 77, 12, 47, 5, 93, 78, 86, 54, 21, 63, 18, 44, 20, 35, 43, 97, 91, 76, 10, 30, 85, 45, 71, 64, 1, 23, 57, 83, 24, 14, 60, 36, 6, 17, 40, 88, 65, 56, 79, 94, 67, 68, 46, 75, 38, 9, 19, 32, 41, 81, 27, 87, 90, 58, 59, 11, 16, 72, 73, 70, 39, 37, 84, 3, 92, 25, 55, 48, 62, 29, 51, 96, 33, 61, 98, 66, 89, 50, 4, 7, 53, 80, 8, 28, 34, 49, 52, 0, 74, 69, 2, 13]|[1, 1, 0, 1, 1, 0, 1, 1, 2, 1, 2, 2, 2, 1, 1, 0, 0, 1, 0, 2, 2, 0, 1, 2, 0, 1, 2, 2, 0, 0, 1, 2, 1, 2, 1, 0, 2, 0, 1, 1, 0, 1, 1, 1, 0, 2, 1, 1, 0, 0, 0, 0, 1, 1, 2, 1, 0, 2, 0, 2, 1, 0, 1, 2, 1, 2, 1, 1, 1, 1, 1, 1, 0, 1, 2, 0, 0, 0, 2, 2, 2, 1, 2, 2, 1, 0, 1, 2, 0, 0, 1, 0, 2, 0, 1, 0, 2, 1, 0, 0]|[0, 3, 2, 2, 4, 1, 2, 3, 2, 4, 1, 1, 2, 4, 4, 1, 1, 4, 2, 1, 1, 1, 1, 2, 1, 2, 1, 1, 2, 1, 3, 2, 3, 1, 4, 0, 1, 1, 0, 3, 2, 2, 2, 0, 1, 1, 0, 4, 0, 1, 2, 2, 1, 4, 0, 3, 1, 1, 1, 1, 3, 1, 1, 1, 3, 0, 4, 3, 1, 4, 1, 1, 2, 4, 1, 1, 2, 1, 2, 1, 1, 3, 1, 1, 1, 1, 4, 1, 2, 1, 3, 2, 1, 1, 1, 2, 1, 4, 2, 2]|[0, 2, 1, 1, 3, 0, 1, 3, 0, 0, 0, 0, 1, 0, 1, 0, 0, 3, 1, 0, 0, 0, 3, 1, 0, 2, 0, 0, 0, 1, 0, 0, 0, 0, 3, 0, 1, 0, 0, 2, 1, 1, 1, 0, 0, 0, 0, 2, 1, 0, 0, 0, 1, 3, 0, 0, 0, 0, 0, 0, 2, 0, 1, 0, 2, 1, 0, 0, 1, 1, 3, 1, 1, 3, 0, 0, 1, 0, 1, 0, 0, 0, 0, 0, 1, 0, 0, 0, 1, 0, 2, 1, 0, 1, 1, 0, 0, 2, 0, 0],726.9061273463456,57092.60052686413,92996.29751897219,false
34,G4_BALANCED,G1_CMAX,[31, 22, 82, 15, 26, 99, 95, 42, 77, 12, 47, 5, 93, 78, 86, 54, 21, 63, 18, 44, 20, 35, 43, 97, 91, 76, 10, 30, 85, 45, 71, 64, 1, 23, 17, 83, 24, 14, 60, 36, 6, 57, 40, 88, 65, 56, 79, 94, 67, 68, 46, 75, 38, 9, 19, 32, 41, 81, 27, 87, 90, 58, 59, 11, 16, 72, 73, 70, 39, 37, 84, 3, 92, 25, 55, 48, 96, 29, 51, 62, 33, 61, 98, 66, 89, 50, 4, 7, 53, 80, 8, 28, 34, 49, 52, 0, 74, 69, 2, 13]|[1, 1, 0, 1, 1, 0, 1, 1, 2, 1, 2, 2, 2, 1, 1, 0, 0, 1, 0, 2, 2, 0, 1, 2, 0, 1, 2, 2, 0, 0, 1, 2, 1, 2, 1, 0, 2, 0, 1, 1, 0, 1, 1, 1, 0, 2, 1, 1, 0, 0, 0, 0, 1, 1, 2, 1, 2, 2, 0, 2, 1, 0, 1, 2, 1, 2, 1, 1, 1, 1, 1, 1, 0, 1, 2, 0, 2, 0, 0, 0, 2, 1, 2, 2, 1, 0, 1, 2, 0, 0, 1, 0, 2, 0, 1, 0, 2, 1, 0, 0]|[0, 3, 2, 2, 4, 1, 2, 3, 2, 4, 1, 1, 2, 4, 4, 1, 1, 4, 2, 1, 1, 1, 1, 2, 1, 2, 1, 1, 2, 1, 3, 2, 3, 0, 4, 0, 1, 1, 0, 3, 2, 2, 2, 0, 1, 1, 0, 4, 0, 1, 2, 2, 1, 4, 0, 3, 2, 1, 1, 1, 3, 1, 1, 1, 3, 0, 4, 3, 1, 4, 1, 1, 0, 4, 1, 1, 1, 1, 1, 2, 1, 3, 1, 1, 1, 1, 4, 1, 2, 1, 3, 2, 1, 1, 1, 2, 1, 4, 2, 2]|[0, 2, 1, 1, 3, 0, 1, 3, 0, 0, 0, 0, 1, 0, 1, 0, 0, 3, 1, 0, 0, 0, 3, 1, 0, 2, 0, 0, 0, 1, 0, 0, 0, 0, 3, 0, 1, 0, 0, 2, 1, 1, 1, 0, 0, 0, 0, 2, 1, 0, 0, 0, 1, 3, 0, 0, 1, 0, 0, 0, 2, 0, 1, 0, 2, 1, 0, 0, 1, 1, 3, 1, 1, 3, 0, 0, 0, 0, 0, 1, 0, 0, 0, 0, 1, 0, 0, 0, 1, 0, 2, 1, 0, 1, 1, 0, 0, 2, 0, 0],724.9395833867611,57689.77869234914,92566.52405273609,true
34,G2_TEC,G2_TEC,[31, 22, 82, 15, 26, 9, 95, 42, 77, 68, 47, 5, 93, 78, 86, 54, 85, 63, 18, 44, 20, 49, 36, 14, 74, 50, 53, 17, 21, 28, 11, 64, 3, 23, 30, 83, 24, 41, 40, 52, 65, 27, 90, 70, 39, 87, 48, 69, 99, 4, 75, 1, 13, 58, 97, 59, 45, 8, 73, 37, 35, 79, 71, 66, 76, 32, 60, 80, 56, 6, 67, 61, 33, 7, 57, 34, 12, 16, 10, 98, 96, 88, 43, 46, 91, 38, 84, 92, 29, 19, 51, 55, 81, 89, 25, 72, 94, 2, 0, 62]|[2, 1, 2, 1, 1, 2, 1, 1, 1, 1, 1, 0, 2, 2, 1, 2, 0, 0, 0, 2, 2, 1, 0, 2, 0, 2, 2, 1, 0, 1, 1, 1, 0, 0, 1, 0, 2, 1, 2, 2, 0, 0, 1, 1, 0, 2, 0, 2, 1, 0, 0, 2, 0, 0, 2, 0, 1, 1, 0, 0, 2, 1, 1, 2, 2, 0, 2, 2, 2, 1, 2, 1, 1, 2, 0, 1, 1, 2, 1, 2, 0, 1, 1, 0, 1, 0, 0, 0, 1, 1, 1, 0, 1, 1, 1, 1, 2, 2, 0, 1]|[0, 3, 0, 3, 4, 1, 4, 4, 2, 4, 3, 2, 1, 0, 2, 1, 1, 1, 2, 1, 1, 3, 0, 1, 0, 1, 1, 4, 1, 4, 3, 2, 2, 0, 4, 1, 1, 4, 1, 1, 2, 1, 4, 4, 1, 1, 0, 2, 3, 2, 2, 1, 2, 1, 1, 2, 4, 3, 0, 2, 2, 3, 3, 1, 1, 2, 1, 1, 1, 4, 1, 3, 4, 1, 2, 4, 3, 1, 3, 1, 2, 4, 4, 2, 3, 2, 2, 2, 3, 4, 3, 2, 4, 4, 4, 4, 1, 1, 2, 3]|[0, 2, 0, 0, 3, 0, 1, 3, 0, 0, 2, 0, 1, 0, 1, 0, 0, 0, 1, 0, 0, 2, 0, 0, 1, 0, 0, 3, 0, 1, 0, 2, 0, 0, 3, 0, 1, 1, 0, 0, 0, 0, 1, 3, 0, 0, 1, 0, 2, 0, 0, 0, 0, 0, 1, 0, 1, 0, 1, 1, 0, 2, 0, 0, 0, 0, 0, 0, 0, 2, 0, 0, 1, 0, 0, 1, 0, 0, 3, 0, 0, 1, 2, 0, 0, 0, 0, 0, 3, 1, 0, 0, 2, 1, 3, 1, 0, 0, 0, 0],908.8272556494078,49235.066718390466,107289.32240407266,false
34,G3_TWC,G3_TWC,[31, 22, 82, 15, 26, 58, 95, 42, 77, 12, 47, 5, 93, 78, 98, 54, 85, 63, 18, 44, 20, 35, 43, 97, 91, 76, 10, 30, 21, 45, 71, 64, 1, 23, 17, 83, 24, 14, 60, 36, 6, 57, 94, 88, 65, 56, 79, 40, 67, 68, 46, 75, 38, 9, 19, 32, 81, 41, 27, 62, 87, 90, 99, 59, 11, 16, 72, 73, 70, 39, 37, 84, 3, 92, 25, 55, 28, 29, 51, 7, 33, 61, 86, 48, 89, 50, 66, 96, 53, 80, 4, 8, 34, 49, 52, 0, 13, 2, 69, 74]|[1, 1, 0, 1, 1, 1, 2, 1, 2, 1, 2, 2, 2, 1, 1, 0, 0, 1, 0, 2, 2, 0, 1, 2, 0, 1, 2, 2, 0, 0, 1, 2, 1, 2, 1, 0, 2, 0, 1, 1, 0, 1, 1, 1, 0, 2, 1, 1, 0, 0, 0, 0, 1, 1, 2, 1, 2, 0, 0, 0, 2, 1, 0, 1, 2, 1, 2, 1, 1, 1, 1, 1, 2, 0, 1, 1, 0, 0, 0, 1, 2, 1, 0, 0, 1, 0, 0, 0, 0, 0, 0, 1, 2, 0, 1, 0, 0, 0, 1, 2]|[4, 3, 2, 2, 0, 0, 2, 2, 2, 4, 1, 1, 2, 4, 4, 1, 1, 4, 2, 1, 1, 1, 1, 2, 1, 2, 1, 1, 1, 1, 3, 2, 3, 0, 4, 0, 1, 1, 0, 3, 2, 2, 4, 0, 1, 1, 0, 2, 0, 1, 2, 2, 1, 4, 0, 3, 2, 1, 1, 2, 1, 3, 1, 1, 1, 3, 0, 4, 3, 1, 4, 1, 1, 2, 4, 4, 2, 1, 1, 3, 1, 3, 1, 1, 1, 1, 1, 1, 2, 1, 2, 3, 1, 1, 1, 2, 2, 2, 3, 1]|[0, 2, 1, 1, 3, 3, 0, 1, 0, 0, 0, 0, 1, 0, 1, 0, 0, 3, 1, 0, 0, 0, 3, 1, 0, 2, 0, 0, 0, 1, 0, 0, 0, 0, 3, 0, 1, 0, 0, 2, 1, 1, 2, 0, 0, 0, 0, 1, 1, 0, 0, 0, 1, 3, 0, 0, 1, 0, 0, 1, 0, 2, 0, 1, 0, 2, 1, 0, 0, 1, 1, 3, 0, 1, 3, 3, 1, 0, 0, 2, 0, 0, 0, 0, 1, 0, 0, 0, 1, 0, 1, 2, 0, 1, 1, 0, 0, 0, 0, 0],805.5394456933803,58046.77716663049,89050.44506242599,false
34,G1_CMAX,G1_CMAX,[31, 22, 82, 15, 26, 99, 95, 42, 77, 12, 47, 5, 93, 78, 86, 54, 21, 63, 18, 44, 20, 35, 43, 97, 91, 76, 10, 30, 85, 45, 71, 64, 1, 23, 57, 83, 24, 14, 60, 36, 6, 17, 40, 88, 65, 56, 79, 94, 67, 68, 46, 75, 38, 9, 19, 32, 41, 81, 27, 87, 90, 58, 59, 11, 16, 72, 73, 70, 39, 37, 84, 3, 92, 25, 55, 48, 62, 29, 51, 96, 33, 61, 98, 66, 89, 50, 4, 7, 53, 80, 8, 28, 34, 49, 52, 0, 74, 69, 2, 13]|[1, 1, 0, 1, 1, 0, 1, 1, 2, 1, 2, 2, 2, 1, 1, 0, 0, 1, 0, 2, 2, 0, 1, 2, 0, 1, 2, 2, 0, 0, 1, 2, 1, 2, 1, 0, 2, 0, 1, 1, 0, 1, 1, 1, 0, 2, 1, 1, 0, 0, 0, 0, 1, 1, 2, 1, 0, 2, 0, 2, 1, 0, 1, 2, 1, 2, 1, 1, 1, 1, 1, 1, 0, 1, 2, 0, 0, 0, 2, 2, 2, 1, 2, 2, 1, 0, 1, 2, 0, 0, 1, 0, 2, 0, 1, 0, 2, 1, 0, 0]|[0, 3, 2, 2, 4, 1, 2, 3, 2, 4, 1, 1, 2, 4, 4, 1, 1, 4, 2, 1, 1, 1, 1, 2, 1, 2, 1, 1, 2, 1, 3, 2, 3, 1, 4, 0, 1, 1, 0, 3, 2, 2, 2, 0, 1, 1, 0, 4, 0, 1, 2, 2, 1, 4, 0, 3, 1, 1, 1, 1, 3, 1, 1, 1, 3, 0, 4, 3, 1, 4, 1, 1, 2, 4, 1, 1, 2, 1, 2, 1, 1, 3, 1, 1, 1, 1, 4, 1, 2, 1, 3, 2, 1, 1, 1, 2, 1, 4, 2, 2]|[0, 2, 1, 1, 3, 0, 1, 3, 0, 0, 0, 0, 1, 0, 1, 0, 0, 3, 1, 0, 0, 0, 3, 1, 0, 2, 0, 0, 0, 1, 0, 0, 0, 0, 3, 0, 1, 0, 0, 2, 1, 1, 1, 0, 0, 0, 0, 2, 1, 0, 0, 0, 1, 3, 0, 0, 0, 0, 0, 0, 2, 0, 1, 0, 2, 1, 0, 0, 1, 1, 3, 1, 1, 3, 0, 0, 1, 0, 1, 0, 0, 0, 0, 0, 1, 0, 0, 0, 1, 0, 2, 1, 0, 1, 1, 0, 0, 2, 0, 0],726.9061273463456,57092.60052686413,92996.29751897219,false
34,G4_BALANCED,G1_CMAX,[31, 22, 82, 15, 26, 99, 95, 42, 77, 12, 47, 5, 93, 78, 86, 54, 21, 63, 18, 44, 20, 35, 43, 97, 91, 76, 10, 30, 85, 45, 71, 64, 1, 23, 17, 83, 24, 14, 60, 36, 6, 57, 40, 88, 65, 56, 79, 94, 67, 68, 46, 75, 38, 9, 19, 32, 41, 81, 27, 87, 90, 58, 59, 11, 16, 72, 73, 70, 39, 37, 84, 3, 92, 25, 55, 48, 96, 29, 51, 62, 33, 61, 98, 66, 89, 50, 4, 7, 53, 80, 8, 28, 34, 49, 52, 0, 74, 69, 2, 13]|[1, 1, 0, 1, 1, 0, 1, 1, 2, 1, 2, 2, 2, 1, 1, 0, 0, 1, 0, 2, 2, 0, 1, 2, 0, 1, 2, 2, 0, 0, 1, 2, 1, 2, 1, 0, 2, 0, 1, 1, 0, 1, 1, 1, 0, 2, 1, 1, 0, 0, 0, 0, 1, 1, 2, 1, 2, 2, 0, 2, 1, 0, 1, 2, 1, 2, 1, 1, 1, 1, 1, 1, 0, 1, 2, 0, 2, 0, 0, 0, 2, 1, 2, 2, 1, 0, 1, 2, 0, 0, 1, 0, 2, 0, 1, 0, 2, 1, 0, 0]|[0, 3, 2, 2, 4, 1, 2, 3, 2, 4, 1, 1, 2, 4, 4, 1, 1, 4, 2, 1, 1, 1, 1, 2, 1, 2, 1, 1, 2, 1, 3, 2, 3, 0, 4, 0, 1, 1, 0, 3, 2, 2, 2, 0, 1, 1, 0, 4, 0, 1, 2, 2, 1, 4, 0, 3, 2, 1, 1, 1, 3, 1, 1, 1, 3, 0, 4, 3, 1, 4, 1, 1, 0, 4, 1, 1, 1, 1, 1, 2, 1, 3, 1, 1, 1, 1, 4, 1, 2, 1, 3, 2, 1, 1, 1, 2, 1, 4, 2, 2]|[0, 2, 1, 1, 3, 0, 1, 3, 0, 0, 0, 0, 1, 0, 1, 0, 0, 3, 1, 0, 0, 0, 3, 1, 0, 2, 0, 0, 0, 1, 0, 0, 0, 0, 3, 0, 1, 0, 0, 2, 1, 1, 1, 0, 0, 0, 0, 2, 1, 0, 0, 0, 1, 3, 0, 0, 1, 0, 0, 0, 2, 0, 1, 0, 2, 1, 0, 0, 1, 1, 3, 1, 1, 3, 0, 0, 0, 0, 0, 1, 0, 0, 0, 0, 1, 0, 0, 0, 1, 0, 2, 1, 0, 1, 1, 0, 0, 2, 0, 0],724.9395833867611,57689.77869234914,92566.52405273609,true
34,G2_TEC,G2_TEC,[31, 22, 82, 15, 26, 9, 95, 42, 77, 68, 47, 5, 93, 78, 86, 54, 85, 63, 18, 44, 20, 49, 36, 14, 74, 50, 53, 17, 21, 28, 11, 64, 3, 23, 30, 83, 24, 41, 40, 52, 65, 27, 90, 70, 39, 87, 48, 69, 99, 4, 75, 1, 13, 58, 97, 59, 45, 8, 73, 37, 35, 79, 71, 66, 76, 32, 60, 80, 56, 6, 67, 61, 33, 7, 57, 34, 12, 16, 10, 98, 96, 88, 43, 46, 91, 38, 84, 92, 29, 19, 51, 55, 81, 89, 25, 72, 94, 2, 0, 62]|[2, 1, 2, 1, 1, 2, 1, 1, 1, 1, 1, 0, 2, 2, 1, 2, 0, 0, 0, 2, 2, 1, 0, 2, 0, 2, 2, 1, 0, 1, 1, 1, 0, 0, 1, 0, 2, 1, 2, 2, 0, 0, 1, 1, 0, 2, 0, 2, 1, 0, 0, 2, 0, 0, 2, 0, 1, 1, 0, 0, 2, 1, 1, 2, 2, 0, 2, 2, 2, 1, 2, 1, 1, 2, 0, 1, 1, 2, 1, 2, 0, 1, 1, 0, 1, 0, 0, 0, 1, 1, 1, 0, 1, 1, 1, 1, 2, 2, 0, 1]|[0, 3, 0, 3, 4, 1, 4, 4, 2, 4, 3, 2, 1, 0, 2, 1, 1, 1, 2, 1, 1, 3, 0, 1, 0, 1, 1, 4, 1, 4, 3, 2, 2, 0, 4, 1, 1, 4, 1, 1, 2, 1, 4, 4, 1, 1, 0, 2, 3, 2, 2, 1, 2, 1, 1, 2, 4, 3, 0, 2, 2, 3, 3, 1, 1, 2, 1, 1, 1, 4, 1, 3, 4, 1, 2, 4, 3, 1, 3, 1, 2, 4, 4, 2, 3, 2, 2, 2, 3, 4, 3, 2, 4, 4, 4, 4, 1, 1, 2, 3]|[0, 2, 0, 0, 3, 0, 1, 3, 0, 0, 2, 0, 1, 0, 1, 0, 0, 0, 1, 0, 0, 2, 0, 0, 1, 0, 0, 3, 0, 1, 0, 2, 0, 0, 3, 0, 1, 1, 0, 0, 0, 0, 1, 3, 0, 0, 1, 0, 2, 0, 0, 0, 0, 0, 1, 0, 1, 0, 1, 1, 0, 2, 0, 0, 0, 0, 0, 0, 0, 2, 0, 0, 1, 0, 0, 1, 0, 0, 3, 0, 0, 1, 2, 0, 0, 0, 0, 0, 3, 1, 0, 0, 2, 1, 3, 1, 0, 0, 0, 0],908.8272556494078,49235.066718390466,107289.32240407266,false
34,G3_TWC,G3_TWC,[31, 22, 82, 15, 26, 58, 95, 42, 77, 12, 47, 5, 93, 78, 98, 54, 85, 63, 18, 44, 20, 35, 43, 97, 91, 76, 10, 30, 21, 45, 71, 64, 1, 23, 17, 83, 24, 14, 60, 36, 6, 57, 94, 88, 65, 56, 79, 40, 67, 68, 46, 75, 38, 9, 19, 32, 81, 41, 27, 62, 87, 90, 99, 59, 11, 16, 72, 73, 70, 39, 37, 84, 3, 92, 25, 55, 28, 29, 51, 7, 33, 61, 86, 48, 89, 50, 66, 96, 53, 80, 4, 8, 34, 49, 52, 0, 13, 2, 69, 74]|[1, 1, 0, 1, 1, 1, 2, 1, 2, 1, 2, 2, 2, 1, 1, 0, 0, 1, 0, 2, 2, 0, 1, 2, 0, 1, 2, 2, 0, 0, 1, 2, 1, 2, 1, 0, 2, 0, 1, 1, 0, 1, 1, 1, 0, 2, 1, 1, 0, 0, 0, 0, 1, 1, 2, 1, 2, 0, 0, 0, 2, 1, 0, 1, 2, 1, 2, 1, 1, 1, 1, 1, 2, 0, 1, 1, 0, 0, 0, 1, 2, 1, 0, 0, 1, 0, 0, 0, 0, 0, 0, 1, 2, 0, 1, 0, 0, 0, 1, 2]|[4, 3, 2, 2, 0, 0, 2, 2, 2, 4, 1, 1, 2, 4, 4, 1, 1, 4, 2, 1, 1, 1, 1, 2, 1, 2, 1, 1, 1, 1, 3, 2, 3, 0, 4, 0, 1, 1, 0, 3, 2, 2, 4, 0, 1, 1, 0, 2, 0, 1, 2, 2, 1, 4, 0, 3, 2, 1, 1, 2, 1, 3, 1, 1, 1, 3, 0, 4, 3, 1, 4, 1, 1, 2, 4, 4, 2, 1, 1, 3, 1, 3, 1, 1, 1, 1, 1, 1, 2, 1, 2, 3, 1, 1, 1, 2, 2, 2, 3, 1]|[0, 2, 1, 1, 3, 3, 0, 1, 0, 0, 0, 0, 1, 0, 1, 0, 0, 3, 1, 0, 0, 0, 3, 1, 0, 2, 0, 0, 0, 1, 0, 0, 0, 0, 3, 0, 1, 0, 0, 2, 1, 1, 2, 0, 0, 0, 0, 1, 1, 0, 0, 0, 1, 3, 0, 0, 1, 0, 0, 1, 0, 2, 0, 1, 0, 2, 1, 0, 0, 1, 1, 3, 0, 1, 3, 3, 1, 0, 0, 2, 0, 0, 0, 0, 1, 0, 0, 0, 1, 0, 1, 2, 0, 1, 1, 0, 0, 0, 0, 0],805.5394456933803,58046.77716663049,89050.44506242599,false
34,G1_CMAX,G1_CMAX,[31, 22, 82, 15, 26, 99, 95, 42, 77, 12, 47, 5, 93, 78, 86, 54, 21, 63, 18, 44, 20, 35, 43, 97, 91, 76, 10, 30, 85, 45, 71, 64, 1, 23, 57, 83, 24, 14, 60, 36, 6, 17, 40, 88, 65, 56, 79, 94, 67, 68, 46, 75, 38, 9, 19, 32, 41, 81, 27, 87, 90, 58, 59, 11, 16, 72, 73, 70, 39, 37, 84, 3, 92, 25, 55, 48, 62, 29, 51, 96, 33, 61, 98, 66, 89, 50, 4, 7, 53, 80, 8, 28, 34, 49, 52, 0, 74, 69, 2, 13]|[1, 1, 0, 1, 1, 0, 1, 1, 2, 1, 2, 2, 2, 1, 1, 0, 0, 1, 0, 2, 2, 0, 1, 2, 0, 1, 2, 2, 0, 0, 1, 2, 1, 2, 1, 0, 2, 0, 1, 1, 0, 1, 1, 1, 0, 2, 1, 1, 0, 0, 0, 0, 1, 1, 2, 1, 0, 2, 0, 2, 1, 0, 1, 2, 1, 2, 1, 1, 1, 1, 1, 1, 0, 1, 2, 0, 0, 0, 2, 2, 2, 1, 2, 2, 1, 0, 1, 2, 0, 0, 1, 0, 2, 0, 1, 0, 2, 1, 0, 0]|[0, 3, 2, 2, 4, 1, 2, 3, 2, 4, 1, 1, 2, 4, 4, 1, 1, 4, 2, 1, 1, 1, 1, 2, 1, 2, 1, 1, 2, 1, 3, 2, 3, 1, 4, 0, 1, 1, 0, 3, 2, 2, 2, 0, 1, 1, 0, 4, 0, 1, 2, 2, 1, 4, 0, 3, 1, 1, 1, 1, 3, 1, 1, 1, 3, 0, 4, 3, 1, 4, 1, 1, 2, 4, 1, 1, 2, 1, 2, 1, 1, 3, 1, 1, 1, 1, 4, 1, 2, 1, 3, 2, 1, 1, 1, 2, 1, 4, 2, 2]|[0, 2, 1, 1, 3, 0, 1, 3, 0, 0, 0, 0, 1, 0, 1, 0, 0, 3, 1, 0, 0, 0, 3, 1, 0, 2, 0, 0, 0, 1, 0, 0, 0, 0, 3, 0, 1, 0, 0, 2, 1, 1, 1, 0, 0, 0, 0, 2, 1, 0, 0, 0, 1, 3, 0, 0, 0, 0, 0, 0, 2, 0, 1, 0, 2, 1, 0, 0, 1, 1, 3, 1, 1, 3, 0, 0, 1, 0, 1, 0, 0, 0, 0, 0, 1, 0, 0, 0, 1, 0, 2, 1, 0, 1, 1, 0, 0, 2, 0, 0],726.9061273463456,57092.60052686413,92996.29751897219,false
34,G4_BALANCED,G1_CMAX,[31, 22, 82, 15, 26, 99, 95, 42, 77, 12, 47, 5, 93, 78, 86, 54, 21, 63, 18, 44, 20, 35, 43, 97, 91, 76, 10, 30, 85, 45, 71, 64, 1, 23, 17, 83, 24, 14, 60, 36, 6, 57, 40, 88, 65, 56, 79, 94, 67, 68, 46, 75, 38, 9, 19, 32, 41, 81, 27, 87, 90, 58, 59, 11, 16, 72, 73, 70, 39, 37, 84, 3, 92, 25, 55, 48, 96, 29, 51, 62, 33, 61, 98, 66, 89, 50, 4, 7, 53, 80, 8, 28, 34, 49, 52, 0, 74, 69, 2, 13]|[1, 1, 0, 1, 1, 0, 1, 1, 2, 1, 2, 2, 2, 1, 1, 0, 0, 1, 0, 2, 2, 0, 1, 2, 0, 1, 2, 2, 0, 0, 1, 2, 1, 2, 1, 0, 2, 0, 1, 1, 0, 1, 1, 1, 0, 2, 1, 1, 0, 0, 0, 0, 1, 1, 2, 1, 2, 2, 0, 2, 1, 0, 1, 2, 1, 2, 1, 1, 1, 1, 1, 1, 0, 1, 2, 0, 2, 0, 0, 0, 2, 1, 2, 2, 1, 0, 1, 2, 0, 0, 1, 0, 2, 0, 1, 0, 2, 1, 0, 0]|[0, 3, 2, 2, 4, 1, 2, 3, 2, 4, 1, 1, 2, 4, 4, 1, 1, 4, 2, 1, 1, 1, 1, 2, 1, 2, 1, 1, 2, 1, 3, 2, 3, 0, 4, 0, 1, 1, 0, 3, 2, 2, 2, 0, 1, 1, 0, 4, 0, 1, 2, 2, 1, 4, 0, 3, 2, 1, 1, 1, 3, 1, 1, 1, 3, 0, 4, 3, 1, 4, 1, 1, 0, 4, 1, 1, 1, 1, 1, 2, 1, 3, 1, 1, 1, 1, 4, 1, 2, 1, 3, 2, 1, 1, 1, 2, 1, 4, 2, 2]|[0, 2, 1, 1, 3, 0, 1, 3, 0, 0, 0, 0, 1, 0, 1, 0, 0, 3, 1, 0, 0, 0, 3, 1, 0, 2, 0, 0, 0, 1, 0, 0, 0, 0, 3, 0, 1, 0, 0, 2, 1, 1, 1, 0, 0, 0, 0, 2, 1, 0, 0, 0, 1, 3, 0, 0, 1, 0, 0, 0, 2, 0, 1, 0, 2, 1, 0, 0, 1, 1, 3, 1, 1, 3, 0, 0, 0, 0, 0, 1, 0, 0, 0, 0, 1, 0, 0, 0, 1, 0, 2, 1, 0, 1, 1, 0, 0, 2, 0, 0],724.9395833867611,57689.77869234914,92566.52405273609,true
34,G2_TEC,G2_TEC,[31, 22, 82, 15, 26, 9, 95, 42, 77, 68, 47, 5, 93, 78, 86, 54, 85, 63, 18, 44, 20, 49, 36, 14, 74, 50, 53, 17, 21, 28, 11, 64, 3, 23, 30, 83, 24, 41, 40, 52, 65, 27, 90, 70, 39, 87, 48, 69, 99, 4, 75, 1, 13, 58, 97, 59, 45, 8, 73, 37, 35, 79, 71, 66, 76, 32, 60, 80, 56, 6, 67, 61, 33, 7, 57, 34, 12, 16, 10, 98, 96, 88, 43, 46, 91, 38, 84, 92, 29, 19, 51, 55, 81, 89, 25, 72, 94, 2, 0, 62]|[2, 1, 2, 1, 1, 2, 1, 1, 1, 1, 1, 0, 2, 2, 1, 2, 0, 0, 0, 2, 2, 1, 0, 2, 0, 2, 2, 1, 0, 1, 1, 1, 0, 0, 1, 0, 2, 1, 2, 2, 0, 0, 1, 1, 0, 2, 0, 2, 1, 0, 0, 2, 0, 0, 2, 0, 1, 1, 0, 0, 2, 1, 1, 2, 2, 0, 2, 2, 2, 1, 2, 1, 1, 2, 0, 1, 1, 2, 1, 2, 0, 1, 1, 0, 1, 0, 0, 0, 1, 1, 1, 0, 1, 1, 1, 1, 2, 2, 0, 1]|[0, 3, 0, 3, 4, 1, 4, 4, 2, 4, 3, 2, 1, 0, 2, 1, 1, 1, 2, 1, 1, 3, 0, 1, 0, 1, 1, 4, 1, 4, 3, 2, 2, 0, 4, 1, 1, 4, 1, 1, 2, 1, 4, 4, 1, 1, 0, 2, 3, 2, 2, 1, 2, 1, 1, 2, 4, 3, 0, 2, 2, 3, 3, 1, 1, 2, 1, 1, 1, 4, 1, 3, 4, 1, 2, 4, 3, 1, 3, 1, 2, 4, 4, 2, 3, 2, 2, 2, 3, 4, 3, 2, 4, 4, 4, 4, 1, 1, 2, 3]|[0, 2, 0, 0, 3, 0, 1, 3, 0, 0, 2, 0, 1, 0, 1, 0, 0, 0, 1, 0, 0, 2, 0, 0, 1, 0, 0, 3, 0, 1, 0, 2, 0, 0, 3, 0, 1, 1, 0, 0, 0, 0, 1, 3, 0, 0, 1, 0, 2, 0, 0, 0, 0, 0, 1, 0, 1, 0, 1, 1, 0, 2, 0, 0, 0, 0, 0, 0, 0, 2, 0, 0, 1, 0, 0, 1, 0, 0, 3, 0, 0, 1, 2, 0, 0, 0, 0, 0, 3, 1, 0, 0, 2, 1, 3, 1, 0, 0, 0, 0],908.8272556494078,49235.066718390466,107289.32240407266,false
34,G3_TWC,G3_TWC,[31, 22, 82, 15, 26, 58, 95, 42, 77, 12, 47, 5, 93, 78, 98, 54, 85, 63, 18, 44, 20, 35, 43, 97, 91, 76, 10, 30, 21, 45, 71, 64, 1, 23, 17, 83, 24, 14, 60, 36, 6, 57, 94, 88, 65, 56, 79, 40, 67, 68, 46, 75, 38, 9, 19, 32, 81, 41, 27, 62, 87, 90, 99, 59, 11, 16, 72, 73, 70, 39, 37, 84, 3, 92, 25, 55, 28, 29, 51, 7, 33, 61, 86, 48, 89, 50, 66, 96, 53, 80, 4, 8, 34, 49, 52, 0, 13, 2, 69, 74]|[1, 1, 0, 1, 1, 1, 2, 1, 2, 1, 2, 2, 2, 1, 1, 0, 0, 1, 0, 2, 2, 0, 1, 2, 0, 1, 2, 2, 0, 0, 1, 2, 1, 2, 1, 0, 2, 0, 1, 1, 0, 1, 1, 1, 0, 2, 1, 1, 0, 0, 0, 0, 1, 1, 2, 1, 2, 0, 0, 0, 2, 1, 0, 1, 2, 1, 2, 1, 1, 1, 1, 1, 2, 0, 1, 1, 0, 0, 0, 1, 2, 1, 0, 0, 1, 0, 0, 0, 0, 0, 0, 1, 2, 0, 1, 0, 0, 0, 1, 2]|[4, 3, 2, 2, 0, 0, 2, 2, 2, 4, 1, 1, 2, 4, 4, 1, 1, 4, 2, 1, 1, 1, 1, 2, 1, 2, 1, 1, 1, 1, 3, 2, 3, 0, 4, 0, 1, 1, 0, 3, 2, 2, 4, 0, 1, 1, 0, 2, 0, 1, 2, 2, 1, 4, 0, 3, 2, 1, 1, 2, 1, 3, 1, 1, 1, 3, 0, 4, 3, 1, 4, 1, 1, 2, 4, 4, 2, 1, 1, 3, 1, 3, 1, 1, 1, 1, 1, 1, 2, 1, 2, 3, 1, 1, 1, 2, 2, 2, 3, 1]|[0, 2, 1, 1, 3, 3, 0, 1, 0, 0, 0, 0, 1, 0, 1, 0, 0, 3, 1, 0, 0, 0, 3, 1, 0, 2, 0, 0, 0, 1, 0, 0, 0, 0, 3, 0, 1, 0, 0, 2, 1, 1, 2, 0, 0, 0, 0, 1, 1, 0, 0, 0, 1, 3, 0, 0, 1, 0, 0, 1, 0, 2, 0, 1, 0, 2, 1, 0, 0, 1, 1, 3, 0, 1, 3, 3, 1, 0, 0, 2, 0, 0, 0, 0, 1, 0, 0, 0, 1, 0, 1, 2, 0, 1, 1, 0, 0, 0, 0, 0],805.5394456933803,58046.77716663049,89050.44506242599,false
34,G1_CMAX,G1_CMAX,[31, 22, 82, 15, 26, 99, 95, 42, 77, 12, 47, 5, 93, 78, 86, 54, 21, 63, 18, 44, 20, 35, 43, 97, 91, 76, 10, 30, 85, 45, 71, 64, 1, 23, 57, 83, 24, 14, 60, 36, 6, 17, 40, 88, 65, 56, 79, 94, 67, 68, 46, 75, 38, 9, 19, 32, 41, 81, 27, 87, 90, 58, 59, 11, 16, 72, 73, 70, 39, 37, 84, 3, 92, 25, 55, 48, 62, 29, 51, 96, 33, 61, 98, 66, 89, 50, 4, 7, 53, 80, 8, 28, 34, 49, 52, 0, 74, 69, 2, 13]|[1, 1, 0, 1, 1, 0, 1, 1, 2, 1, 2, 2, 2, 1, 1, 0, 0, 1, 0, 2, 2, 0, 1, 2, 0, 1, 2, 2, 0, 0, 1, 2, 1, 2, 1, 0, 2, 0, 1, 1, 0, 1, 1, 1, 0, 2, 1, 1, 0, 0, 0, 0, 1, 1, 2, 1, 0, 2, 0, 2, 1, 0, 1, 2, 1, 2, 1, 1, 1, 1, 1, 1, 0, 1, 2, 0, 0, 0, 2, 2, 2, 1, 2, 2, 1, 0, 1, 2, 0, 0, 1, 0, 2, 0, 1, 0, 2, 1, 0, 0]|[0, 3, 2, 2, 4, 1, 2, 3, 2, 4, 1, 1, 2, 4, 4, 1, 1, 4, 2, 1, 1, 1, 1, 2, 1, 2, 1, 1, 2, 1, 3, 2, 3, 1, 4, 0, 1, 1, 0, 3, 2, 2, 2, 0, 1, 1, 0, 4, 0, 1, 2, 2, 1, 4, 0, 3, 1, 1, 1, 1, 3, 1, 1, 1, 3, 0, 4, 3, 1, 4, 1, 1, 2, 4, 1, 1, 2, 1, 2, 1, 1, 3, 1, 1, 1, 1, 4, 1, 2, 1, 3, 2, 1, 1, 1, 2, 1, 4, 2, 2]|[0, 2, 1, 1, 3, 0, 1, 3, 0, 0, 0, 0, 1, 0, 1, 0, 0, 3, 1, 0, 0, 0, 3, 1, 0, 2, 0, 0, 0, 1, 0, 0, 0, 0, 3, 0, 1, 0, 0, 2, 1, 1, 1, 0, 0, 0, 0, 2, 1, 0, 0, 0, 1, 3, 0, 0, 0, 0, 0, 0, 2, 0, 1, 0, 2, 1, 0, 0, 1, 1, 3, 1, 1, 3, 0, 0, 1, 0, 1, 0, 0, 0, 0, 0, 1, 0, 0, 0, 1, 0, 2, 1, 0, 1, 1, 0, 0, 2, 0, 0],726.9061273463456,57092.60052686413,92996.29751897219,false
34,G4_BALANCED,G1_CMAX,[31, 22, 82, 15, 26, 99, 95, 42, 77, 12, 47, 5, 93, 78, 86, 54, 21, 63, 18, 44, 20, 35, 43, 97, 91, 76, 10, 30, 85, 45, 71, 64, 1, 23, 17, 83, 24, 14, 60, 36, 6, 57, 40, 88, 65, 56, 79, 94, 67, 68, 46, 75, 38, 9, 19, 32, 41, 81, 27, 87, 90, 58, 59, 11, 16, 72, 73, 70, 39, 37, 84, 3, 92, 25, 55, 48, 96, 29, 51, 62, 33, 61, 98, 66, 89, 50, 4, 7, 53, 80, 8, 28, 34, 49, 52, 0, 74, 69, 2, 13]|[1, 1, 0, 1, 1, 0, 1, 1, 2, 1, 2, 2, 2, 1, 1, 0, 0, 1, 0, 2, 2, 0, 1, 2, 0, 1, 2, 2, 0, 0, 1, 2, 1, 2, 1, 0, 2, 0, 1, 1, 0, 1, 1, 1, 0, 2, 1, 1, 0, 0, 0, 0, 1, 1, 2, 1, 2, 2, 0, 2, 1, 0, 1, 2, 1, 2, 1, 1, 1, 1, 1, 1, 0, 1, 2, 0, 2, 0, 0, 0, 2, 1, 2, 2, 1, 0, 1, 2, 0, 0, 1, 0, 2, 0, 1, 0, 2, 1, 0, 0]|[0, 3, 2, 2, 4, 1, 2, 3, 2, 4, 1, 1, 2, 4, 4, 1, 1, 4, 2, 1, 1, 1, 1, 2, 1, 2, 1, 1, 2, 1, 3, 2, 3, 0, 4, 0, 1, 1, 0, 3, 2, 2, 2, 0, 1, 1, 0, 4, 0, 1, 2, 2, 1, 4, 0, 3, 2, 1, 1, 1, 3, 1, 1, 1, 3, 0, 4, 3, 1, 4, 1, 1, 0, 4, 1, 1, 1, 1, 1, 2, 1, 3, 1, 1, 1, 1, 4, 1, 2, 1, 3, 2, 1, 1, 1, 2, 1, 4, 2, 2]|[0, 2, 1, 1, 3, 0, 1, 3, 0, 0, 0, 0, 1, 0, 1, 0, 0, 3, 1, 0, 0, 0, 3, 1, 0, 2, 0, 0, 0, 1, 0, 0, 0, 0, 3, 0, 1, 0, 0, 2, 1, 1, 1, 0, 0, 0, 0, 2, 1, 0, 0, 0, 1, 3, 0, 0, 1, 0, 0, 0, 2, 0, 1, 0, 2, 1, 0, 0, 1, 1, 3, 1, 1, 3, 0, 0, 0, 0, 0, 1, 0, 0, 0, 0, 1, 0, 0, 0, 1, 0, 2, 1, 0, 1, 1, 0, 0, 2, 0, 0],724.9395833867611,57689.77869234914,92566.52405273609,true
34,G2_TEC,G2_TEC,[31, 22, 82, 15, 26, 9, 95, 42, 77, 68, 47, 5, 93, 78, 86, 54, 85, 63, 18, 44, 20, 49, 36, 14, 74, 50, 53, 17, 21, 28, 11, 64, 3, 23, 30, 83, 24, 41, 40, 52, 65, 27, 90, 70, 39, 87, 48, 69, 99, 4, 75, 1, 13, 58, 97, 59, 45, 8, 73, 37, 35, 79, 71, 66, 76, 32, 60, 80, 56, 6, 67, 61, 33, 7, 57, 34, 12, 16, 10, 98, 96, 88, 43, 46, 91, 38, 84, 92, 29, 19, 51, 55, 81, 89, 25, 72, 94, 2, 0, 62]|[2, 1, 2, 1, 1, 2, 1, 1, 1, 1, 1, 0, 2, 2, 1, 2, 0, 0, 0, 2, 2, 1, 0, 2, 0, 2, 2, 1, 0, 1, 1, 1, 0, 0, 1, 0, 2, 1, 2, 2, 0, 0, 1, 1, 0, 2, 0, 2, 1, 0, 0, 2, 0, 0, 2, 0, 1, 1, 0, 0, 2, 1, 1, 2, 2, 0, 2, 2, 2, 1, 2, 1, 1, 2, 0, 1, 1, 2, 1, 2, 0, 1, 1, 0, 1, 0, 0, 0, 1, 1, 1, 0, 1, 1, 1, 1, 2, 2, 0, 1]|[0, 3, 0, 3, 4, 1, 4, 4, 2, 4, 3, 2, 1, 0, 2, 1, 1, 1, 2, 1, 1, 3, 0, 1, 0, 1, 1, 4, 1, 4, 3, 2, 2, 0, 4, 1, 1, 4, 1, 1, 2, 1, 4, 4, 1, 1, 0, 2, 3, 2, 2, 1, 2, 1, 1, 2, 4, 3, 0, 2, 2, 3, 3, 1, 1, 2, 1, 1, 1, 4, 1, 3, 4, 1, 2, 4, 3, 1, 3, 1, 2, 4, 4, 2, 3, 2, 2, 2, 3, 4, 3, 2, 4, 4, 4, 4, 1, 1, 2, 3]|[0, 2, 0, 0, 3, 0, 1, 3, 0, 0, 2, 0, 1, 0, 1, 0, 0, 0, 1, 0, 0, 2, 0, 0, 1, 0, 0, 3, 0, 1, 0, 2, 0, 0, 3, 0, 1, 1, 0, 0, 0, 0, 1, 3, 0, 0, 1, 0, 2, 0, 0, 0, 0, 0, 1, 0, 1, 0, 1, 1, 0, 2, 0, 0, 0, 0, 0, 0, 0, 2, 0, 0, 1, 0, 0, 1, 0, 0, 3, 0, 0, 1, 2, 0, 0, 0, 0, 0, 3, 1, 0, 0, 2, 1, 3, 1, 0, 0, 0, 0],908.8272556494078,49235.066718390466,107289.32240407266,false
34,G3_TWC,G3_TWC,[31, 22, 82, 15, 26, 58, 95, 42, 77, 12, 47, 5, 93, 78, 98, 54, 85, 63, 18, 44, 20, 35, 43, 97, 91, 76, 10, 30, 21, 45, 71, 64, 1, 23, 17, 83, 24, 14, 60, 36, 6, 57, 94, 88, 65, 56, 79, 40, 67, 68, 46, 75, 38, 9, 19, 32, 81, 41, 27, 62, 87, 90, 99, 59, 11, 16, 72, 73, 70, 39, 37, 84, 3, 92, 25, 55, 28, 29, 51, 7, 33, 61, 86, 48, 89, 50, 66, 96, 53, 80, 4, 8, 34, 49, 52, 0, 13, 2, 69, 74]|[1, 1, 0, 1, 1, 1, 2, 1, 2, 1, 2, 2, 2, 1, 1, 0, 0, 1, 0, 2, 2, 0, 1, 2, 0, 1, 2, 2, 0, 0, 1, 2, 1, 2, 1, 0, 2, 0, 1, 1, 0, 1, 1, 1, 0, 2, 1, 1, 0, 0, 0, 0, 1, 1, 2, 1, 2, 0, 0, 0, 2, 1, 0, 1, 2, 1, 2, 1, 1, 1, 1, 1, 2, 0, 1, 1, 0, 0, 0, 1, 2, 1, 0, 0, 1, 0, 0, 0, 0, 0, 0, 1, 2, 0, 1, 0, 0, 0, 1, 2]|[4, 3, 2, 2, 0, 0, 2, 2, 2, 4, 1, 1, 2, 4, 4, 1, 1, 4, 2, 1, 1, 1, 1, 2, 1, 2, 1, 1, 1, 1, 3, 2, 3, 0, 4, 0, 1, 1, 0, 3, 2, 2, 4, 0, 1, 1, 0, 2, 0, 1, 2, 2, 1, 4, 0, 3, 2, 1, 1, 2, 1, 3, 1, 1, 1, 3, 0, 4, 3, 1, 4, 1, 1, 2, 4, 4, 2, 1, 1, 3, 1, 3, 1, 1, 1, 1, 1, 1, 2, 1, 2, 3, 1, 1, 1, 2, 2, 2, 3, 1]|[0, 2, 1, 1, 3, 3, 0, 1, 0, 0, 0, 0, 1, 0, 1, 0, 0, 3, 1, 0, 0, 0, 3, 1, 0, 2, 0, 0, 0, 1, 0, 0, 0, 0, 3, 0, 1, 0, 0, 2, 1, 1, 2, 0, 0, 0, 0, 1, 1, 0, 0, 0, 1, 3, 0, 0, 1, 0, 0, 1, 0, 2, 0, 1, 0, 2, 1, 0, 0, 1, 1, 3, 0, 1, 3, 3, 1, 0, 0, 2, 0, 0, 0, 0, 1, 0, 0, 0, 1, 0, 1, 2, 0, 1, 1, 0, 0, 0, 0, 0],805.5394456933803,58046.77716663049,89050.44506242599,false
34,G1_CMAX,G3_TWC,[31, 22, 82, 15, 26, 58, 95, 42, 77, 12, 47, 5, 93, 78, 98, 54, 85, 63, 18, 44, 20, 35, 43, 86, 91, 76, 10, 30, 21, 45, 71, 64, 1, 23, 17, 83, 24, 14, 60, 36, 6, 57, 94, 88, 65, 56, 79, 40, 67, 68, 46, 75, 38, 9, 19, 32, 81, 41, 27, 62, 87, 90, 99, 59, 11, 16, 72, 73, 70, 39, 37, 84, 3, 92, 25, 55, 28, 29, 51, 7, 33, 61, 97, 66, 89, 50, 48, 96, 53, 80, 8, 4, 34, 49, 52, 2, 13, 0, 69, 74]|[1, 1, 0, 1, 1, 1, 2, 1, 2, 1, 2, 2, 2, 1, 1, 0, 0, 1, 0, 2, 2, 0, 1, 2, 0, 1, 2, 2, 0, 0, 1, 2, 1, 2, 1, 0, 2, 0, 1, 1, 0, 1, 1, 1, 0, 2, 1, 1, 0, 0, 0, 0, 1, 1, 2, 1, 2, 0, 0, 0, 2, 1, 0, 1, 2, 1, 2, 1, 1, 1, 1, 1, 2, 0, 1, 1, 0, 0, 0, 1, 2, 1, 2, 2, 1, 0, 0, 0, 0, 0, 1, 0, 2, 0, 1, 0, 0, 0, 1, 2]|[4, 3, 2, 2, 0, 0, 2, 2, 2, 4, 1, 1, 2, 4, 4, 1, 1, 4, 2, 1, 1, 1, 1, 2, 1, 2, 1, 1, 1, 1, 3, 2, 3, 0, 4, 0, 1, 1, 0, 3, 2, 2, 4, 0, 1, 1, 0, 2, 0, 1, 2, 2, 1, 4, 0, 3, 2, 1, 1, 2, 1, 3, 1, 1, 1, 3, 0, 4, 3, 1, 4, 1, 1, 2, 4, 4, 2, 1, 1, 3, 1, 3, 2, 1, 1, 1, 1, 1, 2, 1, 3, 2, 1, 1, 1, 2, 2, 2, 3, 1]|[0, 2, 1, 1, 3, 3, 0, 1, 0, 0, 0, 0, 1, 0, 1, 0, 0, 3, 1, 0, 0, 0, 3, 1, 0, 2, 0, 0, 0, 1, 0, 0, 0, 0, 3, 0, 1, 0, 0, 2, 1, 1, 2, 0, 0, 0, 0, 1, 1, 0, 0, 0, 1, 3, 0, 0, 1, 0, 0, 1, 0, 2, 0, 1, 0, 2, 1, 0, 0, 1, 1, 3, 0, 1, 3, 3, 1, 0, 0, 2, 0, 0, 1, 0, 1, 0, 0, 0, 1, 0, 2, 1, 0, 1, 1, 0, 0, 0, 0, 0],769.3675528023551,58442.12874530247,89320.05883222428,true
34,G4_BALANCED,G1_CMAX,[31, 22, 82, 15, 26, 99, 95, 42, 77, 12, 47, 5, 93, 78, 86, 54, 21, 63, 18, 44, 20, 35, 43, 97, 91, 76, 10, 30, 85, 45, 71, 64, 1, 23, 17, 83, 24, 14, 60, 36, 6, 57, 40, 88, 65, 56, 79, 94, 67, 68, 46, 75, 38, 9, 19, 32, 41, 81, 27, 87, 90, 58, 59, 11, 16, 72, 73, 70, 39, 37, 84, 3, 62, 92, 25, 55, 28, 29, 51, 7, 33, 61, 98, 48, 89, 50, 4, 96, 53, 80, 8, 66, 34, 2, 52, 49, 13, 0, 69, 74]|[1, 1, 0, 1, 1, 0, 1, 2, 2, 1, 2, 2, 2, 1, 1, 0, 0, 1, 0, 2, 2, 0, 1, 2, 0, 1, 2, 2, 0, 0, 1, 2, 1, 2, 1, 0, 2, 0, 1, 1, 2, 2, 1, 1, 0, 2, 1, 1, 0, 0, 0, 0, 1, 1, 2, 1, 0, 2, 0, 2, 1, 0, 1, 2, 2, 1, 1, 1, 1, 1, 1, 1, 0, 0, 1, 2, 0, 0, 0, 2, 2, 1, 2, 0, 1, 0, 1, 0, 0, 0, 1, 2, 2, 0, 1, 0, 0, 0, 1, 2]|[4, 3, 2, 2, 4, 1, 2, 2, 2, 4, 1, 1, 2, 4, 4, 1, 1, 4, 2, 1, 1, 1, 1, 2, 1, 2, 1, 1, 2, 1, 3, 2, 3, 1, 4, 0, 1, 1, 0, 3, 1, 1, 2, 0, 1, 1, 0, 4, 0, 1, 2, 2, 1, 4, 0, 3, 1, 1, 1, 1, 3, 1, 1, 1, 1, 3, 4, 3, 1, 4, 1, 1, 2, 0, 4, 1, 2, 1, 1, 1, 1, 3, 1, 1, 1, 1, 4, 1, 2, 1, 3, 1, 1, 2, 1, 1, 2, 2, 4, 1]|[0, 2, 1, 1, 3, 0, 1, 0, 0, 0, 0, 0, 1, 0, 1, 0, 0, 3, 1, 0, 0, 0, 3, 1, 0, 2, 0, 0, 0, 1, 0, 0, 0, 0, 3, 0, 1, 0, 0, 2, 0, 0, 1, 0, 0, 0, 0, 2, 1, 0, 0, 0, 1, 3, 0, 0, 0, 0, 0, 0, 2, 0, 1, 0, 0, 2, 0, 0, 1, 1, 3, 1, 1, 1, 3, 0, 1, 0, 0, 0, 0, 0, 0, 0, 1, 0, 0, 0, 1, 0, 2, 0, 0, 0, 1, 1, 0, 0, 2, 0],805.0059816013858,55124.544856705135,97158.46628874657,true
34,G2_TEC,G4_BALANCED,[31, 22, 82, 15, 26, 58, 95, 42, 77, 12, 47, 5, 93, 78, 86, 54, 85, 63, 18, 44, 20, 35, 43, 97, 91, 76, 10, 30, 21, 45, 71, 64, 1, 23, 17, 83, 24, 14, 60, 36, 6, 57, 40, 88, 65, 56, 79, 94, 67, 68, 46, 29, 38, 9, 19, 32, 81, 41, 27, 87, 90, 99, 59, 62, 11, 66, 73, 70, 39, 37, 84, 3, 72, 25, 55, 48, 16, 75, 51, 7, 33, 61, 98, 92, 89, 50, 4, 96, 53, 80, 8, 28, 34, 49, 52, 0, 74, 69, 2, 13]|[1, 1, 0, 1, 1, 0, 1, 2, 2, 1, 2, 2, 2, 1, 1, 0, 0, 1, 0, 2, 2, 0, 0, 2, 0, 1, 2, 2, 0, 0, 1, 2, 1, 2, 1, 0, 2, 0, 1, 1, 0, 1, 1, 1, 0, 2, 1, 1, 0, 0, 0, 0, 1, 1, 2, 1, 2, 0, 0, 2, 1, 0, 1, 2, 2, 2, 1, 1, 1, 1, 1, 1, 2, 1, 2, 0, 1, 0, 0, 1, 2, 1, 2, 0, 1, 0, 1, 2, 0, 0, 0, 0, 2, 0, 1, 0, 2, 1, 0, 0]|[4, 3, 2, 2, 4, 1, 2, 2, 2, 4, 1, 1, 2, 4, 4, 1, 2, 4, 2, 1, 1, 1, 1, 2, 1, 2, 1, 1, 2, 1, 3, 2, 3, 1, 4, 0, 1, 1, 0, 3, 2, 2, 2, 0, 1, 1, 0, 4, 0, 1, 2, 2, 1, 4, 0, 3, 2, 1, 1, 1, 3, 1, 1, 1, 1, 1, 4, 3, 1, 4, 1, 1, 1, 4, 1, 1, 3, 1, 1, 1, 1, 3, 1, 0, 1, 1, 4, 1, 2, 1, 1, 2, 1, 1, 1, 2, 1, 4, 2, 2]|[0, 2, 1, 1, 3, 0, 1, 0, 0, 0, 0, 0, 1, 0, 1, 0, 0, 3, 1, 0, 0, 0, 0, 1, 0, 2, 0, 0, 0, 1, 0, 0, 0, 0, 3, 0, 1, 0, 0, 2, 1, 1, 1, 0, 0, 0, 0, 2, 1, 0, 0, 0, 1, 3, 0, 0, 1, 0, 0, 0, 2, 0, 1, 0, 0, 0, 0, 0, 1, 1, 3, 1, 0, 3, 0, 0, 2, 0, 0, 2, 0, 0, 0, 1, 1, 0, 0, 0, 1, 0, 0, 1, 0, 1, 1, 0, 0, 2, 0, 0],780.6740718852884,55452.862853508894,96219.06701757858,true
34,G3_TWC,G3_TWC,[31, 22, 82, 15, 26, 58, 95, 42, 77, 12, 47, 5, 93, 78, 98, 54, 85, 63, 18, 44, 20, 35, 43, 97, 91, 76, 10, 30, 21, 45, 71, 64, 1, 23, 17, 83, 24, 14, 60, 36, 6, 57, 94, 88, 65, 56, 79, 40, 67, 68, 46, 75, 38, 9, 19, 32, 81, 41, 27, 62, 87, 90, 99, 59, 11, 16, 72, 73, 70, 39, 37, 84, 3, 92, 25, 55, 28, 29, 51, 7, 33, 61, 86, 48, 89, 50, 66, 96, 53, 80, 4, 8, 34, 49, 52, 0, 13, 2, 69, 74]|[1, 1, 0, 1, 1, 1, 2, 1, 2, 1, 2, 2, 2, 1, 1, 0, 0, 1, 0, 2, 2, 0, 1, 2, 0, 1, 2, 2, 0, 0, 1, 2, 1, 2, 1, 0, 2, 0, 1, 1, 0, 1, 1, 1, 0, 2, 1, 1, 0, 0, 0, 0, 1, 1, 2, 1, 2, 0, 0, 0, 2, 1, 0, 1, 2, 1, 2, 1, 1, 1, 1, 1, 2, 0, 1, 1, 0, 0, 0, 1, 2, 1, 0, 0, 1, 0, 0, 0, 0, 0, 0, 1, 2, 0, 1, 0, 0, 0, 1, 2]|[4, 3, 2, 2, 0, 0, 2, 2, 2, 4, 1, 1, 2, 4, 4, 1, 1, 4, 2, 1, 1, 1, 1, 2, 1, 2, 1, 1, 1, 1, 3, 2, 3, 0, 4, 0, 1, 1, 0, 3, 2, 2, 4, 0, 1, 1, 0, 2, 0, 1, 2, 2, 1, 4, 0, 3, 2, 1, 1, 2, 1, 3, 1, 1, 1, 3, 0, 4, 3, 1, 4, 1, 1, 2, 4, 4, 2, 1, 1, 3, 1, 3, 1, 1, 1, 1, 1, 1, 2, 1, 2, 3, 1, 1, 1, 2, 2, 2, 3, 1]|[0, 2, 1, 1, 3, 3, 0, 1, 0, 0, 0, 0, 1, 0, 1, 0, 0, 3, 1, 0, 0, 0, 3, 1, 0, 2, 0, 0, 0, 1, 0, 0, 0, 0, 3, 0, 1, 0, 0, 2, 1, 1, 2, 0, 0, 0, 0, 1, 1, 0, 0, 0, 1, 3, 0, 0, 1, 0, 0, 1, 0, 2, 0, 1, 0, 2, 1, 0, 0, 1, 1, 3, 0, 1, 3, 3, 1, 0, 0, 2, 0, 0, 0, 0, 1, 0, 0, 0, 1, 0, 1, 2, 0, 1, 1, 0, 0, 0, 0, 0],805.5394456933803,58046.77716663049,89050.44506242599,false
34,G1_CMAX,G1_CMAX,[31, 22, 82, 15, 26, 99, 95, 42, 77, 12, 47, 5, 93, 78, 86, 54, 21, 63, 18, 44, 20, 35, 43, 97, 91, 76, 10, 30, 85, 45, 71, 64, 1, 23, 57, 83, 24, 14, 60, 36, 6, 17, 40, 88, 65, 56, 79, 94, 67, 68, 46, 75, 38, 9, 19, 32, 41, 81, 27, 87, 90, 58, 59, 11, 16, 72, 73, 70, 39, 37, 84, 3, 92, 25, 55, 48, 62, 29, 51, 96, 33, 61, 98, 66, 89, 50, 4, 7, 53, 80, 8, 28, 34, 49, 52, 0, 74, 69, 2, 13]|[1, 1, 0, 1, 1, 0, 1, 1, 2, 1, 2, 2, 2, 1, 1, 0, 0, 1, 0, 2, 2, 0, 1, 2, 0, 1, 2, 2, 0, 0, 1, 2, 1, 2, 1, 0, 2, 0, 1, 1, 0, 1, 1, 1, 0, 2, 1, 1, 0, 0, 0, 0, 1, 1, 2, 1, 0, 2, 0, 2, 1, 0, 1, 2, 1, 2, 1, 1, 1, 1, 1, 1, 0, 1, 2, 0, 0, 0, 2, 2, 2, 1, 2, 2, 1, 0, 1, 2, 0, 0, 1, 0, 2, 0, 1, 0, 2, 1, 0, 0]|[0, 3, 2, 2, 4, 1, 2, 3, 2, 4, 1, 1, 2, 4, 4, 1, 1, 4, 2, 1, 1, 1, 1, 2, 1, 2, 1, 1, 2, 1, 3, 2, 3, 1, 4, 0, 1, 1, 0, 3, 2, 2, 2, 0, 1, 1, 0, 4, 0, 1, 2, 2, 1, 4, 0, 3, 1, 1, 1, 1, 3, 1, 1, 1, 3, 0, 4, 3, 1, 4, 1, 1, 2, 4, 1, 1, 2, 1, 2, 1, 1, 3, 1, 1, 1, 1, 4, 1, 2, 1, 3, 2, 1, 1, 1, 2, 1, 4, 2, 2]|[0, 2, 1, 1, 3, 0, 1, 3, 0, 0, 0, 0, 1, 0, 1, 0, 0, 3, 1, 0, 0, 0, 3, 1, 0, 2, 0, 0, 0, 1, 0, 0, 0, 0, 3, 0, 1, 0, 0, 2, 1, 1, 1, 0, 0, 0, 0, 2, 1, 0, 0, 0, 1, 3, 0, 0, 0, 0, 0, 0, 2, 0, 1, 0, 2, 1, 0, 0, 1, 1, 3, 1, 1, 3, 0, 0, 1, 0, 1, 0, 0, 0, 0, 0, 1, 0, 0, 0, 1, 0, 2, 1, 0, 1, 1, 0, 0, 2, 0, 0],726.9061273463456,57092.60052686413,92996.29751897219,false
34,G4_BALANCED,G4_BALANCED,[31, 11, 82, 15, 26, 9, 95, 42, 77, 68, 47, 5, 93, 78, 86, 54, 85, 63, 76, 44, 20, 49, 36, 14, 74, 50, 53, 17, 21, 45, 71, 64, 3, 23, 30, 83, 24, 41, 60, 52, 65, 27, 90, 70, 39, 87, 48, 69, 99, 4, 46, 1, 13, 58, 97, 59, 28, 75, 73, 37, 35, 79, 22, 66, 18, 32, 40, 80, 96, 6, 56, 61, 33, 7, 57, 34, 12, 67, 10, 98, 16, 88, 29, 8, 91, 38, 19, 92, 72, 84, 51, 43, 81, 25, 2, 55, 0, 94, 89, 62]|[2, 1, 2, 1, 1, 2, 1, 1, 1, 1, 1, 0, 2, 2, 1, 2, 0, 0, 0, 2, 2, 1, 0, 2, 0, 2, 2, 1, 0, 1, 1, 1, 0, 0, 1, 0, 2, 1, 2, 2, 0, 0, 1, 1, 0, 2, 0, 2, 1, 0, 0, 2, 0, 0, 2, 0, 1, 0, 0, 0, 2, 1, 0, 2, 2, 0, 2, 2, 0, 1, 2, 1, 1, 2, 0, 1, 1, 1, 1, 2, 2, 1, 1, 1, 1, 0, 1, 0, 1, 0, 1, 1, 1, 1, 2, 0, 0, 2, 1, 1]|[0, 3, 0, 2, 4, 1, 4, 4, 2, 4, 3, 2, 1, 0, 2, 1, 1, 1, 2, 1, 1, 3, 0, 1, 0, 1, 1, 4, 1, 4, 3, 2, 2, 0, 4, 1, 1, 4, 0, 1, 2, 1, 4, 4, 1, 1, 0, 2, 3, 1, 2, 1, 2, 1, 1, 2, 4, 2, 0, 2, 2, 3, 1, 0, 1, 2, 0, 1, 2, 4, 1, 3, 4, 1, 2, 4, 3, 3, 3, 1, 1, 4, 3, 3, 3, 2, 4, 2, 4, 2, 3, 4, 1, 4, 1, 2, 2, 1, 4, 3]|[0, 2, 0, 1, 3, 0, 1, 3, 0, 0, 2, 0, 1, 0, 1, 0, 0, 0, 1, 0, 0, 2, 0, 0, 1, 0, 0, 3, 0, 1, 0, 2, 0, 1, 3, 0, 1, 3, 1, 0, 0, 0, 1, 3, 0, 0, 1, 0, 2, 0, 0, 0, 0, 0, 1, 0, 1, 0, 1, 1, 0, 2, 0, 0, 0, 0, 0, 0, 0, 2, 0, 0, 1, 0, 0, 1, 0, 0, 3, 0, 0, 1, 0, 0, 0, 0, 3, 0, 2, 0, 0, 2, 1, 3, 0, 0, 0, 0, 1, 0],839.7308016558047,52103.26715956506,108081.52425448055,false
34,G2_TEC,G4_BALANCED,[31, 22, 82, 15, 26, 58, 95, 42, 77, 12, 47, 5, 93, 78, 86, 54, 85, 63, 18, 44, 20, 35, 43, 97, 91, 76, 10, 30, 21, 45, 71, 64, 1, 23, 17, 83, 24, 14, 60, 36, 6, 57, 40, 88, 65, 56, 79, 94, 67, 68, 46, 29, 38, 9, 19, 32, 81, 41, 27, 87, 90, 99, 59, 62, 11, 66, 73, 70, 39, 37, 84, 3, 72, 25, 55, 48, 16, 75, 51, 7, 33, 61, 98, 92, 89, 50, 4, 96, 53, 80, 8, 28, 34, 49, 52, 0, 74, 69, 2, 13]|[1, 1, 0, 1, 1, 0, 1, 2, 2, 1, 2, 2, 2, 1, 1, 0, 0, 1, 0, 2, 2, 0, 0, 2, 0, 1, 2, 2, 0, 0, 1, 2, 1, 2, 1, 0, 2, 0, 1, 1, 0, 1, 1, 1, 0, 2, 1, 1, 0, 0, 0, 0, 1, 1, 2, 1, 2, 0, 0, 2, 1, 0, 1, 2, 2, 2, 1, 1, 1, 1, 1, 1, 2, 1, 2, 0, 1, 0, 0, 1, 2, 1, 2, 0, 1, 0, 1, 2, 0, 0, 0, 0, 2, 0, 1, 0, 2, 1, 0, 0]|[4, 3, 2, 2, 4, 1, 2, 2, 2, 4, 1, 1, 2, 4, 4, 1, 2, 4, 2, 1, 1, 1, 1, 2, 1, 2, 1, 1, 2, 1, 3, 2, 3, 1, 4, 0, 1, 1, 0, 3, 2, 2, 2, 0, 1, 1, 0, 4, 0, 1, 2, 2, 1, 4, 0, 3, 2, 1, 1, 1, 3, 1, 1, 1, 1, 1, 4, 3, 1, 4, 1, 1, 1, 4, 1, 1, 3, 1, 1, 1, 1, 3, 1, 0, 1, 1, 4, 1, 2, 1, 1, 2, 1, 1, 1, 2, 1, 4, 2, 2]|[0, 2, 1, 1, 3, 0, 1, 0, 0, 0, 0, 0, 1, 0, 1, 0, 0, 3, 1, 0, 0, 0, 0, 1, 0, 2, 0, 0, 0, 1, 0, 0, 0, 0, 3, 0, 1, 0, 0, 2, 1, 1, 1, 0, 0, 0, 0, 2, 1, 0, 0, 0, 1, 3, 0, 0, 1, 0, 0, 0, 2, 0, 1, 0, 0, 0, 0, 0, 1, 1, 3, 1, 0, 3, 0, 0, 2, 0, 0, 2, 0, 0, 0, 1, 1, 0, 0, 0, 1, 0, 0, 1, 0, 1, 1, 0, 0, 2, 0, 0],780.6740718852884,55452.862853508894,96219.06701757858,true
34,G3_TWC,G3_TWC,[31, 22, 82, 15, 26, 58, 95, 42, 77, 12, 47, 5, 93, 78, 98, 54, 85, 63, 18, 44, 20, 35, 43, 97, 91, 76, 10, 30, 21, 45, 71, 64, 1, 23, 17, 83, 24, 14, 60, 36, 6, 57, 94, 88, 65, 56, 79, 40, 67, 68, 46, 75, 38, 9, 19, 32, 81, 41, 27, 62, 87, 90, 99, 59, 11, 16, 72, 73, 70, 39, 37, 84, 3, 92, 25, 55, 28, 29, 51, 7, 33, 61, 86, 48, 89, 50, 66, 96, 53, 80, 4, 8, 34, 49, 52, 0, 13, 2, 69, 74]|[1, 1, 0, 1, 1, 1, 2, 1, 2, 1, 2, 2, 2, 1, 1, 0, 0, 1, 0, 2, 2, 0, 1, 2, 0, 1, 2, 2, 0, 0, 1, 2, 1, 2, 1, 0, 2, 0, 1, 1, 0, 1, 1, 1, 0, 2, 1, 1, 0, 0, 0, 0, 1, 1, 2, 1, 2, 0, 0, 0, 2, 1, 0, 1, 2, 1, 2, 1, 1, 1, 1, 1, 2, 0, 1, 1, 0, 0, 0, 1, 2, 1, 0, 0, 1, 0, 0, 0, 0, 0, 0, 1, 2, 0, 1, 0, 0, 0, 1, 2]|[4, 3, 2, 2, 0, 0, 2, 2, 2, 4, 1, 1, 2, 4, 4, 1, 1, 4, 2, 1, 1, 1, 1, 2, 1, 2, 1, 1, 1, 1, 3, 2, 3, 0, 4, 0, 1, 1, 0, 3, 2, 2, 4, 0, 1, 1, 0, 2, 0, 1, 2, 2, 1, 4, 0, 3, 2, 1, 1, 2, 1, 3, 1, 1, 1, 3, 0, 4, 3, 1, 4, 1, 1, 2, 4, 4, 2, 1, 1, 3, 1, 3, 1, 1, 1, 1, 1, 1, 2, 1, 2, 3, 1, 1, 1, 2, 2, 2, 3, 1]|[0, 2, 1, 1, 3, 3, 0, 1, 0, 0, 0, 0, 1, 0, 1, 0, 0, 3, 1, 0, 0, 0, 3, 1, 0, 2, 0, 0, 0, 1, 0, 0, 0, 0, 3, 0, 1, 0, 0, 2, 1, 1, 2, 0, 0, 0, 0, 1, 1, 0, 0, 0, 1, 3, 0, 0, 1, 0, 0, 1, 0, 2, 0, 1, 0, 2, 1, 0, 0, 1, 1, 3, 0, 1, 3, 3, 1, 0, 0, 2, 0, 0, 0, 0, 1, 0, 0, 0, 1, 0, 1, 2, 0, 1, 1, 0, 0, 0, 0, 0],805.5394456933803,58046.77716663049,89050.44506242599,false
35,G1_CMAX,G3_TWC,[31, 22, 82, 15, 26, 58, 95, 42, 77, 12, 47, 5, 93, 78, 98, 54, 85, 63, 18, 44, 20, 35, 43, 97, 91, 76, 10, 30, 21, 45, 71, 64, 1, 23, 17, 83, 24, 14, 60, 36, 6, 57, 94, 88, 65, 56, 79, 40, 67, 68, 46, 75, 38, 9, 19, 32, 81, 41, 27, 62, 87, 90, 99, 59, 11, 16, 73, 72, 70, 39, 37, 84, 3, 92, 25, 52, 28, 29, 51, 7, 33, 61, 86, 48, 89, 50, 4, 96, 53, 80, 66, 8, 34, 49, 55, 0, 13, 2, 69, 74]|[1, 1, 0, 1, 1, 1, 2, 1, 2, 1, 2, 2, 2, 1, 1, 0, 0, 1, 0, 2, 2, 0, 0, 2, 0, 1, 2, 2, 0, 0, 1, 2, 1, 2, 1, 0, 2, 0, 1, 1, 0, 1, 1, 1, 0, 2, 1, 1, 0, 0, 0, 0, 1, 1, 2, 1, 2, 0, 0, 0, 2, 1, 0, 2, 2, 1, 1, 2, 1, 1, 1, 1, 2, 0, 1, 1, 0, 0, 0, 1, 2, 1, 0, 0, 1, 0, 0, 0, 0, 0, 0, 1, 2, 0, 1, 0, 0, 0, 1, 2]|[4, 3, 2, 2, 0, 0, 2, 2, 2, 4, 1, 1, 2, 4, 4, 1, 2, 4, 2, 1, 1, 1, 1, 2, 1, 2, 1, 1, 1, 1, 3, 1, 3, 0, 4, 0, 1, 1, 0, 3, 2, 2, 4, 0, 1, 1, 0, 2, 0, 1, 2, 2, 1, 4, 0, 3, 2, 1, 1, 2, 1, 3, 1, 1, 1, 3, 4, 0, 3, 1, 4, 1, 1, 2, 4, 1, 2, 1, 1, 3, 1, 3, 1, 1, 1, 1, 2, 1, 2, 1, 1, 3, 1, 1, 4, 2, 2, 2, 3, 1]|[0, 2, 1, 1, 3, 3, 0, 1, 0, 0, 0, 0, 1, 0, 1, 0, 0, 3, 1, 0, 0, 0, 0, 1, 0, 2, 0, 0, 0, 1, 0, 0, 0, 0, 3, 0, 1, 0, 0, 2, 1, 1, 2, 0, 0, 0, 0, 1, 1, 0, 0, 0, 1, 3, 0, 0, 1, 0, 0, 1, 0, 2, 0, 0, 0, 2, 0, 1, 0, 1, 1, 3, 0, 1, 3, 1, 1, 0, 0, 2, 0, 0, 0, 0, 1, 0, 1, 0, 1, 0, 0, 2, 0, 1, 3, 0, 0, 0, 0, 0],836.877480839539,57407.924574562356,89637.88987542666,true
35,G4_BALANCED,G4_BALANCED,[31, 11, 82, 15, 26, 9, 95, 42, 77, 68, 47, 5, 93, 78, 86, 54, 85, 63, 76, 44, 20, 49, 36, 14, 74, 50, 53, 17, 21, 45, 71, 64, 3, 23, 30, 83, 24, 41, 60, 52, 65, 27, 90, 70, 39, 87, 48, 69, 99, 4, 46, 1, 13, 58, 97, 59, 28, 75, 73, 37, 35, 79, 22, 66, 18, 32, 40, 80, 96, 6, 56, 61, 33, 7, 57, 34, 12, 67, 10, 98, 16, 88, 29, 8, 91, 38, 19, 92, 72, 84, 51, 43, 81, 25, 2, 55, 0, 94, 89, 62]|[2, 1, 2, 1, 1, 2, 1, 1, 1, 1, 1, 0, 2, 2, 1, 2, 0, 0, 0, 2, 2, 1, 0, 2, 0, 2, 2, 1, 0, 1, 1, 1, 0, 0, 1, 0, 2, 1, 2, 2, 0, 0, 1, 1, 0, 2, 0, 2, 1, 0, 0, 2, 0, 0, 2, 0, 1, 0, 0, 0, 2, 1, 0, 2, 2, 0, 2, 2, 0, 1, 2, 1, 1, 2, 0, 1, 1, 1, 1, 2, 2, 1, 1, 1, 1, 0, 1, 0, 1, 0, 1, 1, 1, 1, 2, 0, 0, 2, 1, 1]|[0, 3, 0, 2, 4, 1, 4, 4, 2, 4, 3, 2, 1, 0, 2, 1, 1, 1, 2, 1, 1, 3, 0, 1, 0, 1, 1, 4, 1, 4, 3, 2, 2, 0, 4, 1, 1, 4, 0, 1, 2, 1, 4, 4, 1, 1, 0, 2, 3, 1, 2, 1, 2, 1, 1, 2, 4, 2, 0, 2, 2, 3, 1, 0, 1, 2, 0, 1, 2, 4, 1, 3, 4, 1, 2, 4, 3, 3, 3, 1, 1, 4, 3, 3, 3, 2, 4, 2, 4, 2, 3, 4, 1, 4, 1, 2, 2, 1, 4, 3]|[0, 2, 0, 1, 3, 0, 1, 3, 0, 0, 2, 0, 1, 0, 1, 0, 0, 0, 1, 0, 0, 2, 0, 0, 1, 0, 0, 3, 0, 1, 0, 2, 0, 1, 3, 0, 1, 3, 1, 0, 0, 0, 1, 3, 0, 0, 1, 0, 2, 0, 0, 0, 0, 0, 1, 0, 1, 0, 1, 1, 0, 2, 0, 0, 0, 0, 0, 0, 0, 2, 0, 0, 1, 0, 0, 1, 0, 0, 3, 0, 0, 1, 0, 0, 0, 0, 3, 0, 2, 0, 0, 2, 1, 3, 0, 0, 0, 0, 1, 0],839.7308016558047,52103.26715956506,108081.52425448055,false
35,G2_TEC,G2_TEC,[31, 22, 82, 15, 26, 9, 95, 42, 77, 68, 47, 5, 93, 78, 86, 54, 85, 63, 18, 44, 20, 49, 36, 14, 74, 50, 53, 17, 21, 28, 11, 64, 3, 23, 30, 83, 24, 41, 40, 52, 65, 27, 90, 70, 39, 87, 48, 69, 99, 4, 75, 1, 13, 58, 97, 59, 45, 8, 73, 37, 35, 79, 71, 66, 76, 32, 60, 80, 56, 6, 67, 61, 33, 7, 57, 34, 12, 16, 10, 98, 96, 88, 43, 46, 91, 38, 84, 92, 29, 19, 51, 55, 81, 89, 25, 72, 94, 2, 0, 62]|[2, 1, 2, 1, 1, 2, 1, 1, 1, 1, 1, 0, 2, 2, 1, 2, 0, 0, 0, 2, 2, 1, 0, 2, 0, 2, 2, 1, 0, 1, 1, 1, 0, 0, 1, 0, 2, 1, 2, 2, 0, 0, 1, 1, 0, 2, 0, 2, 1, 0, 0, 2, 0, 0, 2, 0, 1, 1, 0, 0, 2, 1, 1, 2, 2, 0, 2, 2, 2, 1, 2, 1, 1, 2, 0, 1, 1, 2, 1, 2, 0, 1, 1, 0, 1, 0, 0, 0, 1, 1, 1, 0, 1, 1, 1, 1, 2, 2, 0, 1]|[0, 3, 0, 3, 4, 1, 4, 4, 2, 4, 3, 2, 1, 0, 2, 1, 1, 1, 2, 1, 1, 3, 0, 1, 0, 1, 1, 4, 1, 4, 3, 2, 2, 0, 4, 1, 1, 4, 1, 1, 2, 1, 4, 4, 1, 1, 0, 2, 3, 2, 2, 1, 2, 1, 1, 2, 4, 3, 0, 2, 2, 3, 3, 1, 1, 2, 1, 1, 1, 4, 1, 3, 4, 1, 2, 4, 3, 1, 3, 1, 2, 4, 4, 2, 3, 2, 2, 2, 3, 4, 3, 2, 4, 4, 4, 4, 1, 1, 2, 3]|[0, 2, 0, 0, 3, 0, 1, 3, 0, 0, 2, 0, 1, 0, 1, 0, 0, 0, 1, 0, 0, 2, 0, 0, 1, 0, 0, 3, 0, 1, 0, 2, 0, 0, 3, 0, 1, 1, 0, 0, 0, 0, 1, 3, 0, 0, 1, 0, 2, 0, 0, 0, 0, 0, 1, 0, 1, 0, 1, 1, 0, 2, 0, 0, 0, 0, 0, 0, 0, 2, 0, 0, 1, 0, 0, 1, 0, 0, 3, 0, 0, 1, 2, 0, 0, 0, 0, 0, 3, 1, 0, 0, 2, 1, 3, 1, 0, 0, 0, 0],908.8272556494078,49235.066718390466,107289.32240407266,false
35,G3_TWC,G3_TWC,[31, 22, 82, 15, 26, 58, 95, 42, 77, 12, 47, 5, 93, 78, 98, 54, 85, 63, 18, 44, 20, 35, 43, 97, 91, 76, 10, 30, 21, 45, 71, 64, 1, 23, 17, 83, 24, 14, 60, 36, 6, 57, 94, 88, 65, 56, 79, 40, 67, 68, 46, 75, 38, 9, 19, 32, 81, 41, 27, 62, 87, 90, 99, 59, 11, 16, 72, 73, 70, 39, 37, 84, 3, 92, 25, 55, 28, 29, 51, 7, 33, 61, 86, 48, 89, 50, 66, 96, 53, 80, 4, 8, 34, 49, 52, 0, 13, 2, 69, 74]|[1, 1, 0, 1, 1, 1, 2, 1, 2, 1, 2, 2, 2, 1, 1, 0, 0, 1, 0, 2, 2, 0, 1, 2, 0, 1, 2, 2, 0, 0, 1, 2, 1, 2, 1, 0, 2, 0, 1, 1, 0, 1, 1, 1, 0, 2, 1, 1, 0, 0, 0, 0, 1, 1, 2, 1, 2, 0, 0, 0, 2, 1, 0, 1, 2, 1, 2, 1, 1, 1, 1, 1, 2, 0, 1, 1, 0, 0, 0, 1, 2, 1, 0, 0, 1, 0, 0, 0, 0, 0, 0, 1, 2, 0, 1, 0, 0, 0, 1, 2]|[4, 3, 2, 2, 0, 0, 2, 2, 2, 4, 1, 1, 2, 4, 4, 1, 1, 4, 2, 1, 1, 1, 1, 2, 1, 2, 1, 1, 1, 1, 3, 2, 3, 0, 4, 0, 1, 1, 0, 3, 2, 2, 4, 0, 1, 1, 0, 2, 0, 1, 2, 2, 1, 4, 0, 3, 2, 1, 1, 2, 1, 3, 1, 1, 1, 3, 0, 4, 3, 1, 4, 1, 1, 2, 4, 4, 2, 1, 1, 3, 1, 3, 1, 1, 1, 1, 1, 1, 2, 1, 2, 3, 1, 1, 1, 2, 2, 2, 3, 1]|[0, 2, 1, 1, 3, 3, 0, 1, 0, 0, 0, 0, 1, 0, 1, 0, 0, 3, 1, 0, 0, 0, 3, 1, 0, 2, 0, 0, 0, 1, 0, 0, 0, 0, 3, 0, 1, 0, 0, 2, 1, 1, 2, 0, 0, 0, 0, 1, 1, 0, 0, 0, 1, 3, 0, 0, 1, 0, 0, 1, 0, 2, 0, 1, 0, 2, 1, 0, 0, 1, 1, 3, 0, 1, 3, 3, 1, 0, 0, 2, 0, 0, 0, 0, 1, 0, 0, 0, 1, 0, 1, 2, 0, 1, 1, 0, 0, 0, 0, 0],805.5394456933803,58046.77716663049,89050.44506242599,false
35,G1_CMAX,G3_TWC,[31, 22, 82, 15, 26, 58, 95, 42, 77, 12, 47, 5, 93, 78, 98, 54, 85, 63, 18, 44, 20, 35, 43, 97, 91, 76, 10, 30, 21, 45, 71, 64, 1, 23, 17, 83, 24, 14, 60, 36, 6, 57, 94, 88, 65, 56, 79, 40, 67, 68, 46, 75, 38, 9, 19, 32, 81, 41, 27, 62, 87, 90, 99, 59, 11, 16, 73, 72, 70, 39, 37, 84, 3, 92, 25, 52, 28, 29, 51, 7, 33, 61, 86, 48, 89, 50, 4, 96, 53, 80, 66, 8, 34, 49, 55, 0, 13, 2, 69, 74]|[1, 1, 0, 1, 1, 1, 2, 1, 2, 1, 2, 2, 2, 1, 1, 0, 0, 1, 0, 2, 2, 0, 0, 2, 0, 1, 2, 2, 0, 0, 1, 2, 1, 2, 1, 0, 2, 0, 1, 1, 0, 1, 1, 1, 0, 2, 1, 1, 0, 0, 0, 0, 1, 1, 2, 1, 2, 0, 0, 0, 2, 1, 0, 2, 2, 1, 1, 2, 1, 1, 1, 1, 2, 0, 1, 1, 0, 0, 0, 1, 2, 1, 0, 0, 1, 0, 0, 0, 0, 0, 0, 1, 2, 0, 1, 0, 0, 0, 1, 2]|[4, 3, 2, 2, 0, 0, 2, 2, 2, 4, 1, 1, 2, 4, 4, 1, 2, 4, 2, 1, 1, 1, 1, 2, 1, 2, 1, 1, 1, 1, 3, 1, 3, 0, 4, 0, 1, 1, 0, 3, 2, 2, 4, 0, 1, 1, 0, 2, 0, 1, 2, 2, 1, 4, 0, 3, 2, 1, 1, 2, 1, 3, 1, 1, 1, 3, 4, 0, 3, 1, 4, 1, 1, 2, 4, 1, 2, 1, 1, 3, 1, 3, 1, 1, 1, 1, 2, 1, 2, 1, 1, 3, 1, 1, 4, 2, 2, 2, 3, 1]|[0, 2, 1, 1, 3, 3, 0, 1, 0, 0, 0, 0, 1, 0, 1, 0, 0, 3, 1, 0, 0, 0, 0, 1, 0, 2, 0, 0, 0, 1, 0, 0, 0, 0, 3, 0, 1, 0, 0, 2, 1, 1, 2, 0, 0, 0, 0, 1, 1, 0, 0, 0, 1, 3, 0, 0, 1, 0, 0, 1, 0, 2, 0, 0, 0, 2, 0, 1, 0, 1, 1, 3, 0, 1, 3, 1, 1, 0, 0, 2, 0, 0, 0, 0, 1, 0, 1, 0, 1, 0, 0, 2, 0, 1, 3, 0, 0, 0, 0, 0],836.877480839539,57407.924574562356,89637.88987542666,true
35,G4_BALANCED,G4_BALANCED,[31, 11, 82, 15, 26, 9, 95, 42, 77, 68, 47, 5, 93, 78, 86, 54, 85, 63, 76, 44, 20, 49, 36, 14, 74, 50, 53, 17, 21, 45, 71, 64, 3, 23, 30, 83, 24, 41, 60, 52, 65, 27, 90, 70, 39, 87, 48, 69, 99, 4, 46, 1, 13, 58, 97, 59, 28, 75, 73, 37, 35, 79, 22, 66, 18, 32, 40, 80, 96, 6, 56, 61, 33, 7, 57, 34, 12, 67, 10, 98, 16, 88, 29, 8, 91, 38, 19, 92, 72, 84, 51, 43, 81, 25, 2, 55, 0, 94, 89, 62]|[2, 1, 2, 1, 1, 2, 1, 1, 1, 1, 1, 0, 2, 2, 1, 2, 0, 0, 0, 2, 2, 1, 0, 2, 0, 2, 2, 1, 0, 1, 1, 1, 0, 0, 1, 0, 2, 1, 2, 2, 0, 0, 1, 1, 0, 2, 0, 2, 1, 0, 0, 2, 0, 0, 2, 0, 1, 0, 0, 0, 2, 1, 0, 2, 2, 0, 2, 2, 0, 1, 2, 1, 1, 2, 0, 1, 1, 1, 1, 2, 2, 1, 1, 1, 1, 0, 1, 0, 1, 0, 1, 1, 1, 1, 2, 0, 0, 2, 1, 1]|[0, 3, 0, 2, 4, 1, 4, 4, 2, 4, 3, 2, 1, 0, 2, 1, 1, 1, 2, 1, 1, 3, 0, 1, 0, 1, 1, 4, 1, 4, 3, 2, 2, 0, 4, 1, 1, 4, 0, 1, 2, 1, 4, 4, 1, 1, 0, 2, 3, 1, 2, 1, 2, 1, 1, 2, 4, 2, 0, 2, 2, 3, 1, 0, 1, 2, 0, 1, 2, 4, 1, 3, 4, 1, 2, 4, 3, 3, 3, 1, 1, 4, 3, 3, 3, 2, 4, 2, 4, 2, 3, 4, 1, 4, 1, 2, 2, 1, 4, 3]|[0, 2, 0, 1, 3, 0, 1, 3, 0, 0, 2, 0, 1, 0, 1, 0, 0, 0, 1, 0, 0, 2, 0, 0, 1, 0, 0, 3, 0, 1, 0, 2, 0, 1, 3, 0, 1, 3, 1, 0, 0, 0, 1, 3, 0, 0, 1, 0, 2, 0, 0, 0, 0, 0, 1, 0, 1, 0, 1, 1, 0, 2, 0, 0, 0, 0, 0, 0, 0, 2, 0, 0, 1, 0, 0, 1, 0, 0, 3, 0, 0, 1, 0, 0, 0, 0, 3, 0, 2, 0, 0, 2, 1, 3, 0, 0, 0, 0, 1, 0],839.7308016558047,52103.26715956506,108081.52425448055,false
35,G2_TEC,G2_TEC,[31, 22, 82, 15, 26, 9, 95, 42, 77, 68, 47, 5, 93, 78, 86, 54, 85, 63, 18, 44, 20, 49, 36, 14, 74, 50, 53, 17, 21, 28, 11, 64, 3, 23, 30, 83, 24, 41, 40, 52, 65, 27, 90, 70, 39, 87, 48, 69, 99, 4, 75, 1, 13, 58, 97, 59, 45, 8, 73, 37, 35, 79, 71, 66, 76, 32, 60, 80, 56, 6, 67, 61, 33, 7, 57, 34, 12, 16, 10, 98, 96, 88, 43, 46, 91, 38, 84, 92, 29, 19, 51, 55, 81, 89, 25, 72, 94, 2, 0, 62]|[2, 1, 2, 1, 1, 2, 1, 1, 1, 1, 1, 0, 2, 2, 1, 2, 0, 0, 0, 2, 2, 1, 0, 2, 0, 2, 2, 1, 0, 1, 1, 1, 0, 0, 1, 0, 2, 1, 2, 2, 0, 0, 1, 1, 0, 2, 0, 2, 1, 0, 0, 2, 0, 0, 2, 0, 1, 1, 0, 0, 2, 1, 1, 2, 2, 0, 2, 2, 2, 1, 2, 1, 1, 2, 0, 1, 1, 2, 1, 2, 0, 1, 1, 0, 1, 0, 0, 0, 1, 1, 1, 0, 1, 1, 1, 1, 2, 2, 0, 1]|[0, 3, 0, 3, 4, 1, 4, 4, 2, 4, 3, 2, 1, 0, 2, 1, 1, 1, 2, 1, 1, 3, 0, 1, 0, 1, 1, 4, 1, 4, 3, 2, 2, 0, 4, 1, 1, 4, 1, 1, 2, 1, 4, 4, 1, 1, 0, 2, 3, 2, 2, 1, 2, 1, 1, 2, 4, 3, 0, 2, 2, 3, 3, 1, 1, 2, 1, 1, 1, 4, 1, 3, 4, 1, 2, 4, 3, 1, 3, 1, 2, 4, 4, 2, 3, 2, 2, 2, 3, 4, 3, 2, 4, 4, 4, 4, 1, 1, 2, 3]|[0, 2, 0, 0, 3, 0, 1, 3, 0, 0, 2, 0, 1, 0, 1, 0, 0, 0, 1, 0, 0, 2, 0, 0, 1, 0, 0, 3, 0, 1, 0, 2, 0, 0, 3, 0, 1, 1, 0, 0, 0, 0, 1, 3, 0, 0, 1, 0, 2, 0, 0, 0, 0, 0, 1, 0, 1, 0, 1, 1, 0, 2, 0, 0, 0, 0, 0, 0, 0, 2, 0, 0, 1, 0, 0, 1, 0, 0, 3, 0, 0, 1, 2, 0, 0, 0, 0, 0, 3, 1, 0, 0, 2, 1, 3, 1, 0, 0, 0, 0],908.8272556494078,49235.066718390466,107289.32240407266,false
35,G3_TWC,G3_TWC,[31, 22, 82, 15, 26, 58, 95, 42, 77, 12, 47, 5, 93, 78, 98, 54, 85, 63, 18, 44, 20, 35, 43, 97, 91, 76, 10, 30, 21, 45, 71, 64, 1, 23, 17, 83, 24, 14, 60, 36, 6, 57, 94, 88, 65, 56, 79, 40, 67, 68, 46, 75, 38, 9, 19, 32, 81, 41, 27, 62, 87, 90, 99, 59, 11, 16, 72, 73, 70, 39, 37, 84, 3, 92, 25, 55, 28, 29, 51, 7, 33, 61, 86, 48, 89, 50, 66, 96, 53, 80, 4, 8, 34, 49, 52, 0, 13, 2, 69, 74]|[1, 1, 0, 1, 1, 1, 2, 1, 2, 1, 2, 2, 2, 1, 1, 0, 0, 1, 0, 2, 2, 0, 1, 2, 0, 1, 2, 2, 0, 0, 1, 2, 1, 2, 1, 0, 2, 0, 1, 1, 0, 1, 1, 1, 0, 2, 1, 1, 0, 0, 0, 0, 1, 1, 2, 1, 2, 0, 0, 0, 2, 1, 0, 1, 2, 1, 2, 1, 1, 1, 1, 1, 2, 0, 1, 1, 0, 0, 0, 1, 2, 1, 0, 0, 1, 0, 0, 0, 0, 0, 0, 1, 2, 0, 1, 0, 0, 0, 1, 2]|[4, 3, 2, 2, 0, 0, 2, 2, 2, 4, 1, 1, 2, 4, 4, 1, 1, 4, 2, 1, 1, 1, 1, 2, 1, 2, 1, 1, 1, 1, 3, 2, 3, 0, 4, 0, 1, 1, 0, 3, 2, 2, 4, 0, 1, 1, 0, 2, 0, 1, 2, 2, 1, 4, 0, 3, 2, 1, 1, 2, 1, 3, 1, 1, 1, 3, 0, 4, 3, 1, 4, 1, 1, 2, 4, 4, 2, 1, 1, 3, 1, 3, 1, 1, 1, 1, 1, 1, 2, 1, 2, 3, 1, 1, 1, 2, 2, 2, 3, 1]|[0, 2, 1, 1, 3, 3, 0, 1, 0, 0, 0, 0, 1, 0, 1, 0, 0, 3, 1, 0, 0, 0, 3, 1, 0, 2, 0, 0, 0, 1, 0, 0, 0, 0, 3, 0, 1, 0, 0, 2, 1, 1, 2, 0, 0, 0, 0, 1, 1, 0, 0, 0, 1, 3, 0, 0, 1, 0, 0, 1, 0, 2, 0, 1, 0, 2, 1, 0, 0, 1, 1, 3, 0, 1, 3, 3, 1, 0, 0, 2, 0, 0, 0, 0, 1, 0, 0, 0, 1, 0, 1, 2, 0, 1, 1, 0, 0, 0, 0, 0],805.5394456933803,58046.77716663049,89050.44506242599,false
35,G1_CMAX,G1_CMAX,[31, 22, 82, 15, 26, 99, 95, 42, 77, 12, 47, 5, 93, 78, 86, 54, 21, 63, 18, 44, 20, 35, 43, 97, 91, 76, 10, 30, 85, 45, 71, 64, 1, 23, 57, 83, 24, 14, 60, 36, 6, 17, 40, 88, 65, 56, 79, 94, 67, 68, 46, 75, 38, 9, 19, 32, 41, 81, 27, 87, 90, 58, 59, 11, 16, 72, 73, 70, 39, 37, 84, 3, 92, 25, 55, 48, 62, 29, 51, 96, 33, 61, 98, 66, 89, 50, 4, 7, 53, 80, 8, 28, 34, 49, 52, 0, 74, 69, 2, 13]|[1, 1, 0, 1, 1, 0, 1, 1, 2, 1, 2, 2, 2, 1, 1, 0, 0, 1, 0, 2, 2, 0, 1, 2, 0, 1, 2, 2, 0, 0, 1, 2, 1, 2, 1, 0, 2, 0, 1, 1, 0, 1, 1, 1, 0, 2, 1, 1, 0, 0, 0, 0, 1, 1, 2, 1, 0, 2, 0, 2, 1, 0, 1, 2, 1, 2, 1, 1, 1, 1, 1, 1, 0, 1, 2, 0, 0, 0, 2, 2, 2, 1, 2, 2, 1, 0, 1, 2, 0, 0, 1, 0, 2, 0, 1, 0, 2, 1, 0, 0]|[0, 3, 2, 2, 4, 1, 2, 3, 2, 4, 1, 1, 2, 4, 4, 1, 1, 4, 2, 1, 1, 1, 1, 2, 1, 2, 1, 1, 2, 1, 3, 2, 3, 1, 4, 0, 1, 1, 0, 3, 2, 2, 2, 0, 1, 1, 0, 4, 0, 1, 2, 2, 1, 4, 0, 3, 1, 1, 1, 1, 3, 1, 1, 1, 3, 0, 4, 3, 1, 4, 1, 1, 2, 4, 1, 1, 2, 1, 2, 1, 1, 3, 1, 1, 1, 1, 4, 1, 2, 1, 3, 2, 1, 1, 1, 2, 1, 4, 2, 2]|[0, 2, 1, 1, 3, 0, 1, 3, 0, 0, 0, 0, 1, 0, 1, 0, 0, 3, 1, 0, 0, 0, 3, 1, 0, 2, 0, 0, 0, 1, 0, 0, 0, 0, 3, 0, 1, 0, 0, 2, 1, 1, 1, 0, 0, 0, 0, 2, 1, 0, 0, 0, 1, 3, 0, 0, 0, 0, 0, 0, 2, 0, 1, 0, 2, 1, 0, 0, 1, 1, 3, 1, 1, 3, 0, 0, 1, 0, 1, 0, 0, 0, 0, 0, 1, 0, 0, 0, 1, 0, 2, 1, 0, 1, 1, 0, 0, 2, 0, 0],726.9061273463456,57092.60052686413,92996.29751897219,false
35,G4_BALANCED,G4_BALANCED,[31, 11, 82, 15, 26, 9, 95, 42, 77, 68, 47, 5, 93, 78, 86, 54, 85, 63, 76, 44, 20, 49, 36, 14, 74, 50, 53, 17, 21, 45, 71, 64, 3, 23, 30, 83, 24, 41, 60, 52, 65, 27, 90, 70, 39, 87, 48, 69, 99, 4, 46, 1, 13, 58, 97, 59, 28, 75, 73, 37, 35, 79, 22, 66, 18, 32, 40, 80, 96, 6, 56, 61, 33, 7, 57, 34, 12, 67, 10, 98, 16, 88, 29, 8, 91, 38, 19, 92, 72, 84, 51, 43, 81, 25, 2, 55, 0, 94, 89, 62]|[2, 1, 2, 1, 1, 2, 1, 1, 1, 1, 1, 0, 2, 2, 1, 2, 0, 0, 0, 2, 2, 1, 0, 2, 0, 2, 2, 1, 0, 1, 1, 1, 0, 0, 1, 0, 2, 1, 2, 2, 0, 0, 1, 1, 0, 2, 0, 2, 1, 0, 0, 2, 0, 0, 2, 0, 1, 0, 0, 0, 2, 1, 0, 2, 2, 0, 2, 2, 0, 1, 2, 1, 1, 2, 0, 1, 1, 1, 1, 2, 2, 1, 1, 1, 1, 0, 1, 0, 1, 0, 1, 1, 1, 1, 2, 0, 0, 2, 1, 1]|[0, 3, 0, 2, 4, 1, 4, 4, 2, 4, 3, 2, 1, 0, 2, 1, 1, 1, 2, 1, 1, 3, 0, 1, 0, 1, 1, 4, 1, 4, 3, 2, 2, 0, 4, 1, 1, 4, 0, 1, 2, 1, 4, 4, 1, 1, 0, 2, 3, 1, 2, 1, 2, 1, 1, 2, 4, 2, 0, 2, 2, 3, 1, 0, 1, 2, 0, 1, 2, 4, 1, 3, 4, 1, 2, 4, 3, 3, 3, 1, 1, 4, 3, 3, 3, 2, 4, 2, 4, 2, 3, 4, 1, 4, 1, 2, 2, 1, 4, 3]|[0, 2, 0, 1, 3, 0, 1, 3, 0, 0, 2, 0, 1, 0, 1, 0, 0, 0, 1, 0, 0, 2, 0, 0, 1, 0, 0, 3, 0, 1, 0, 2, 0, 1, 3, 0, 1, 3, 1, 0, 0, 0, 1, 3, 0, 0, 1, 0, 2, 0, 0, 0, 0, 0, 1, 0, 1, 0, 1, 1, 0, 2, 0, 0, 0, 0, 0, 0, 0, 2, 0, 0, 1, 0, 0, 1, 0, 0, 3, 0, 0, 1, 0, 0, 0, 0, 3, 0, 2, 0, 0, 2, 1, 3, 0, 0, 0, 0, 1, 0],839.7308016558047,52103.26715956506,108081.52425448055,false
35,G2_TEC,G2_TEC,[31, 22, 82, 15, 26, 9, 95, 42, 77, 68, 47, 5, 93, 78, 86, 54, 85, 63, 18, 44, 20, 49, 36, 14, 74, 50, 53, 17, 21, 28, 11, 64, 3, 23, 30, 83, 24, 41, 40, 52, 65, 27, 90, 70, 39, 87, 48, 69, 99, 4, 75, 1, 13, 58, 97, 59, 45, 8, 73, 37, 35, 79, 71, 66, 76, 32, 60, 80, 56, 6, 67, 61, 33, 7, 57, 34, 12, 16, 10, 98, 96, 88, 43, 46, 91, 38, 84, 92, 29, 19, 51, 55, 81, 89, 25, 72, 94, 2, 0, 62]|[2, 1, 2, 1, 1, 2, 1, 1, 1, 1, 1, 0, 2, 2, 1, 2, 0, 0, 0, 2, 2, 1, 0, 2, 0, 2, 2, 1, 0, 1, 1, 1, 0, 0, 1, 0, 2, 1, 2, 2, 0, 0, 1, 1, 0, 2, 0, 2, 1, 0, 0, 2, 0, 0, 2, 0, 1, 1, 0, 0, 2, 1, 1, 2, 2, 0, 2, 2, 2, 1, 2, 1, 1, 2, 0, 1, 1, 2, 1, 2, 0, 1, 1, 0, 1, 0, 0, 0, 1, 1, 1, 0, 1, 1, 1, 1, 2, 2, 0, 1]|[0, 3, 0, 3, 4, 1, 4, 4, 2, 4, 3, 2, 1, 0, 2, 1, 1, 1, 2, 1, 1, 3, 0, 1, 0, 1, 1, 4, 1, 4, 3, 2, 2, 0, 4, 1, 1, 4, 1, 1, 2, 1, 4, 4, 1, 1, 0, 2, 3, 2, 2, 1, 2, 1, 1, 2, 4, 3, 0, 2, 2, 3, 3, 1, 1, 2, 1, 1, 1, 4, 1, 3, 4, 1, 2, 4, 3, 1, 3, 1, 2, 4, 4, 2, 3, 2, 2, 2, 3, 4, 3, 2, 4, 4, 4, 4, 1, 1, 2, 3]|[0, 2, 0, 0, 3, 0, 1, 3, 0, 0, 2, 0, 1, 0, 1, 0, 0, 0, 1, 0, 0, 2, 0, 0, 1, 0, 0, 3, 0, 1, 0, 2, 0, 0, 3, 0, 1, 1, 0, 0, 0, 0, 1, 3, 0, 0, 1, 0, 2, 0, 0, 0, 0, 0, 1, 0, 1, 0, 1, 1, 0, 2, 0, 0, 0, 0, 0, 0, 0, 2, 0, 0, 1, 0, 0, 1, 0, 0, 3, 0, 0, 1, 2, 0, 0, 0, 0, 0, 3, 1, 0, 0, 2, 1, 3, 1, 0, 0, 0, 0],908.8272556494078,49235.066718390466,107289.32240407266,false
35,G3_TWC,G3_TWC,[31, 22, 82, 15, 26, 58, 95, 42, 77, 12, 47, 5, 93, 78, 98, 54, 85, 63, 18, 44, 20, 35, 43, 97, 91, 76, 10, 30, 21, 45, 71, 64, 1, 23, 17, 83, 24, 14, 60, 36, 6, 57, 94, 88, 65, 56, 79, 40, 67, 68, 46, 75, 38, 9, 19, 32, 81, 41, 27, 62, 87, 90, 99, 59, 11, 16, 72, 73, 70, 39, 37, 84, 3, 92, 25, 55, 28, 29, 51, 7, 33, 61, 86, 48, 89, 50, 66, 96, 53, 80, 4, 8, 34, 49, 52, 0, 13, 2, 69, 74]|[1, 1, 0, 1, 1, 1, 2, 1, 2, 1, 2, 2, 2, 1, 1, 0, 0, 1, 0, 2, 2, 0, 1, 2, 0, 1, 2, 2, 0, 0, 1, 2, 1, 2, 1, 0, 2, 0, 1, 1, 0, 1, 1, 1, 0, 2, 1, 1, 0, 0, 0, 0, 1, 1, 2, 1, 2, 0, 0, 0, 2, 1, 0, 1, 2, 1, 2, 1, 1, 1, 1, 1, 2, 0, 1, 1, 0, 0, 0, 1, 2, 1, 0, 0, 1, 0, 0, 0, 0, 0, 0, 1, 2, 0, 1, 0, 0, 0, 1, 2]|[4, 3, 2, 2, 0, 0, 2, 2, 2, 4, 1, 1, 2, 4, 4, 1, 1, 4, 2, 1, 1, 1, 1, 2, 1, 2, 1, 1, 1, 1, 3, 2, 3, 0, 4, 0, 1, 1, 0, 3, 2, 2, 4, 0, 1, 1, 0, 2, 0, 1, 2, 2, 1, 4, 0, 3, 2, 1, 1, 2, 1, 3, 1, 1, 1, 3, 0, 4, 3, 1, 4, 1, 1, 2, 4, 4, 2, 1, 1, 3, 1, 3, 1, 1, 1, 1, 1, 1, 2, 1, 2, 3, 1, 1, 1, 2, 2, 2, 3, 1]|[0, 2, 1, 1, 3, 3, 0, 1, 0, 0, 0, 0, 1, 0, 1, 0, 0, 3, 1, 0, 0, 0, 3, 1, 0, 2, 0, 0, 0, 1, 0, 0, 0, 0, 3, 0, 1, 0, 0, 2, 1, 1, 2, 0, 0, 0, 0, 1, 1, 0, 0, 0, 1, 3, 0, 0, 1, 0, 0, 1, 0, 2, 0, 1, 0, 2, 1, 0, 0, 1, 1, 3, 0, 1, 3, 3, 1, 0, 0, 2, 0, 0, 0, 0, 1, 0, 0, 0, 1, 0, 1, 2, 0, 1, 1, 0, 0, 0, 0, 0],805.5394456933803,58046.77716663049,89050.44506242599,false
35,G1_CMAX,G1_CMAX,[31, 22, 82, 15, 26, 99, 95, 42, 77, 12, 47, 5, 93, 78, 86, 54, 21, 63, 18, 44, 20, 35, 43, 97, 91, 76, 10, 30, 85, 45, 71, 64, 1, 23, 57, 83, 24, 14, 60, 36, 6, 17, 40, 88, 65, 56, 79, 94, 67, 68, 46, 75, 38, 9, 19, 32, 41, 81, 27, 87, 90, 58, 59, 11, 16, 72, 73, 70, 39, 37, 84, 3, 92, 25, 55, 48, 62, 29, 51, 96, 33, 61, 98, 66, 89, 50, 4, 7, 53, 80, 8, 28, 34, 49, 52, 0, 74, 69, 2, 13]|[1, 1, 0, 1, 1, 0, 1, 1, 2, 1, 2, 2, 2, 1, 1, 0, 0, 1, 0, 2, 2, 0, 1, 2, 0, 1, 2, 2, 0, 0, 1, 2, 1, 2, 1, 0, 2, 0, 1, 1, 0, 1, 1, 1, 0, 2, 1, 1, 0, 0, 0, 0, 1, 1, 2, 1, 0, 2, 0, 2, 1, 0, 1, 2, 1, 2, 1, 1, 1, 1, 1, 1, 0, 1, 2, 0, 0, 0, 2, 2, 2, 1, 2, 2, 1, 0, 1, 2, 0, 0, 1, 0, 2, 0, 1, 0, 2, 1, 0, 0]|[0, 3, 2, 2, 4, 1, 2, 3, 2, 4, 1, 1, 2, 4, 4, 1, 1, 4, 2, 1, 1, 1, 1, 2, 1, 2, 1, 1, 2, 1, 3, 2, 3, 1, 4, 0, 1, 1, 0, 3, 2, 2, 2, 0, 1, 1, 0, 4, 0, 1, 2, 2, 1, 4, 0, 3, 1, 1, 1, 1, 3, 1, 1, 1, 3, 0, 4, 3, 1, 4, 1, 1, 2, 4, 1, 1, 2, 1, 2, 1, 1, 3, 1, 1, 1, 1, 4, 1, 2, 1, 3, 2, 1, 1, 1, 2, 1, 4, 2, 2]|[0, 2, 1, 1, 3, 0, 1, 3, 0, 0, 0, 0, 1, 0, 1, 0, 0, 3, 1, 0, 0, 0, 3, 1, 0, 2, 0, 0, 0, 1, 0, 0, 0, 0, 3, 0, 1, 0, 0, 2, 1, 1, 1, 0, 0, 0, 0, 2, 1, 0, 0, 0, 1, 3, 0, 0, 0, 0, 0, 0, 2, 0, 1, 0, 2, 1, 0, 0, 1, 1, 3, 1, 1, 3, 0, 0, 1, 0, 1, 0, 0, 0, 0, 0, 1, 0, 0, 0, 1, 0, 2, 1, 0, 1, 1, 0, 0, 2, 0, 0],726.9061273463456,57092.60052686413,92996.29751897219,false
35,G4_BALANCED,G4_BALANCED,[31, 11, 82, 15, 26, 9, 95, 42, 77, 68, 47, 5, 93, 78, 86, 54, 85, 63, 76, 44, 20, 49, 36, 14, 74, 50, 53, 17, 21, 45, 71, 64, 3, 23, 30, 83, 24, 41, 60, 52, 65, 27, 90, 70, 39, 87, 48, 69, 99, 4, 46, 1, 13, 58, 97, 59, 28, 75, 73, 37, 35, 79, 22, 66, 18, 32, 40, 80, 96, 6, 56, 61, 33, 7, 57, 34, 12, 67, 10, 98, 16, 88, 29, 8, 91, 38, 19, 92, 72, 84, 51, 43, 81, 25, 2, 55, 0, 94, 89, 62]|[2, 1, 2, 1, 1, 2, 1, 1, 1, 1, 1, 0, 2, 2, 1, 2, 0, 0, 0, 2, 2, 1, 0, 2, 0, 2, 2, 1, 0, 1, 1, 1, 0, 0, 1, 0, 2, 1, 2, 2, 0, 0, 1, 1, 0, 2, 0, 2, 1, 0, 0, 2, 0, 0, 2, 0, 1, 0, 0, 0, 2, 1, 0, 2, 2, 0, 2, 2, 0, 1, 2, 1, 1, 2, 0, 1, 1, 1, 1, 2, 2, 1, 1, 1, 1, 0, 1, 0, 1, 0, 1, 1, 1, 1, 2, 0, 0, 2, 1, 1]|[0, 3, 0, 2, 4, 1, 4, 4, 2, 4, 3, 2, 1, 0, 2, 1, 1, 1, 2, 1, 1, 3, 0, 1, 0, 1, 1, 4, 1, 4, 3, 2, 2, 0, 4, 1, 1, 4, 0, 1, 2, 1, 4, 4, 1, 1, 0, 2, 3, 1, 2, 1, 2, 1, 1, 2, 4, 2, 0, 2, 2, 3, 1, 0, 1, 2, 0, 1, 2, 4, 1, 3, 4, 1, 2, 4, 3, 3, 3, 1, 1, 4, 3, 3, 3, 2, 4, 2, 4, 2, 3, 4, 1, 4, 1, 2, 2, 1, 4, 3]|[0, 2, 0, 1, 3, 0, 1, 3, 0, 0, 2, 0, 1, 0, 1, 0, 0, 0, 1, 0, 0, 2, 0, 0, 1, 0, 0, 3, 0, 1, 0, 2, 0, 1, 3, 0, 1, 3, 1, 0, 0, 0, 1, 3, 0, 0, 1, 0, 2, 0, 0, 0, 0, 0, 1, 0, 1, 0, 1, 1, 0, 2, 0, 0, 0, 0, 0, 0, 0, 2, 0, 0, 1, 0, 0, 1, 0, 0, 3, 0, 0, 1, 0, 0, 0, 0, 3, 0, 2, 0, 0, 2, 1, 3, 0, 0, 0, 0, 1, 0],839.7308016558047,52103.26715956506,108081.52425448055,false
35,G2_TEC,G2_TEC,[31, 22, 82, 15, 26, 9, 95, 42, 77, 68, 47, 5, 93, 78, 86, 54, 85, 63, 18, 44, 20, 49, 36, 14, 74, 50, 53, 17, 21, 28, 11, 64, 3, 23, 30, 83, 24, 41, 40, 52, 65, 27, 90, 70, 39, 87, 48, 69, 99, 4, 75, 1, 13, 58, 97, 59, 45, 8, 73, 37, 35, 79, 71, 66, 76, 32, 60, 80, 56, 6, 67, 61, 33, 7, 57, 34, 12, 16, 10, 98, 96, 88, 43, 46, 91, 38, 84, 92, 29, 19, 51, 55, 81, 89, 25, 72, 94, 2, 0, 62]|[2, 1, 2, 1, 1, 2, 1, 1, 1, 1, 1, 0, 2, 2, 1, 2, 0, 0, 0, 2, 2, 1, 0, 2, 0, 2, 2, 1, 0, 1, 1, 1, 0, 0, 1, 0, 2, 1, 2, 2, 0, 0, 1, 1, 0, 2, 0, 2, 1, 0, 0, 2, 0, 0, 2, 0, 1, 1, 0, 0, 2, 1, 1, 2, 2, 0, 2, 2, 2, 1, 2, 1, 1, 2, 0, 1, 1, 2, 1, 2, 0, 1, 1, 0, 1, 0, 0, 0, 1, 1, 1, 0, 1, 1, 1, 1, 2, 2, 0, 1]|[0, 3, 0, 3, 4, 1, 4, 4, 2, 4, 3, 2, 1, 0, 2, 1, 1, 1, 2, 1, 1, 3, 0, 1, 0, 1, 1, 4, 1, 4, 3, 2, 2, 0, 4, 1, 1, 4, 1, 1, 2, 1, 4, 4, 1, 1, 0, 2, 3, 2, 2, 1, 2, 1, 1, 2, 4, 3, 0, 2, 2, 3, 3, 1, 1, 2, 1, 1, 1, 4, 1, 3, 4, 1, 2, 4, 3, 1, 3, 1, 2, 4, 4, 2, 3, 2, 2, 2, 3, 4, 3, 2, 4, 4, 4, 4, 1, 1, 2, 3]|[0, 2, 0, 0, 3, 0, 1, 3, 0, 0, 2, 0, 1, 0, 1, 0, 0, 0, 1, 0, 0, 2, 0, 0, 1, 0, 0, 3, 0, 1, 0, 2, 0, 0, 3, 0, 1, 1, 0, 0, 0, 0, 1, 3, 0, 0, 1, 0, 2, 0, 0, 0, 0, 0, 1, 0, 1, 0, 1, 1, 0, 2, 0, 0, 0, 0, 0, 0, 0, 2, 0, 0, 1, 0, 0, 1, 0, 0, 3, 0, 0, 1, 2, 0, 0, 0, 0, 0, 3, 1, 0, 0, 2, 1, 3, 1, 0, 0, 0, 0],908.8272556494078,49235.066718390466,107289.32240407266,false
35,G3_TWC,G3_TWC,[31, 22, 82, 15, 26, 58, 95, 42, 77, 12, 47, 5, 93, 78, 98, 54, 85, 63, 18, 44, 20, 35, 43, 97, 91, 76, 10, 30, 21, 45, 71, 64, 1, 23, 17, 83, 24, 14, 60, 36, 6, 57, 94, 88, 65, 56, 79, 40, 67, 68, 46, 75, 38, 9, 19, 32, 81, 41, 27, 62, 87, 90, 99, 59, 11, 16, 72, 73, 70, 39, 37, 84, 3, 92, 25, 55, 28, 29, 51, 7, 33, 61, 86, 48, 89, 50, 66, 96, 53, 80, 4, 8, 34, 49, 52, 0, 13, 2, 69, 74]|[1, 1, 0, 1, 1, 1, 2, 1, 2, 1, 2, 2, 2, 1, 1, 0, 0, 1, 0, 2, 2, 0, 1, 2, 0, 1, 2, 2, 0, 0, 1, 2, 1, 2, 1, 0, 2, 0, 1, 1, 0, 1, 1, 1, 0, 2, 1, 1, 0, 0, 0, 0, 1, 1, 2, 1, 2, 0, 0, 0, 2, 1, 0, 1, 2, 1, 2, 1, 1, 1, 1, 1, 2, 0, 1, 1, 0, 0, 0, 1, 2, 1, 0, 0, 1, 0, 0, 0, 0, 0, 0, 1, 2, 0, 1, 0, 0, 0, 1, 2]|[4, 3, 2, 2, 0, 0, 2, 2, 2, 4, 1, 1, 2, 4, 4, 1, 1, 4, 2, 1, 1, 1, 1, 2, 1, 2, 1, 1, 1, 1, 3, 2, 3, 0, 4, 0, 1, 1, 0, 3, 2, 2, 4, 0, 1, 1, 0, 2, 0, 1, 2, 2, 1, 4, 0, 3, 2, 1, 1, 2, 1, 3, 1, 1, 1, 3, 0, 4, 3, 1, 4, 1, 1, 2, 4, 4, 2, 1, 1, 3, 1, 3, 1, 1, 1, 1, 1, 1, 2, 1, 2, 3, 1, 1, 1, 2, 2, 2, 3, 1]|[0, 2, 1, 1, 3, 3, 0, 1, 0, 0, 0, 0, 1, 0, 1, 0, 0, 3, 1, 0, 0, 0, 3, 1, 0, 2, 0, 0, 0, 1, 0, 0, 0, 0, 3, 0, 1, 0, 0, 2, 1, 1, 2, 0, 0, 0, 0, 1, 1, 0, 0, 0, 1, 3, 0, 0, 1, 0, 0, 1, 0, 2, 0, 1, 0, 2, 1, 0, 0, 1, 1, 3, 0, 1, 3, 3, 1, 0, 0, 2, 0, 0, 0, 0, 1, 0, 0, 0, 1, 0, 1, 2, 0, 1, 1, 0, 0, 0, 0, 0],805.5394456933803,58046.77716663049,89050.44506242599,false
35,G1_CMAX,G1_CMAX,[31, 22, 82, 15, 26, 99, 95, 42, 77, 12, 47, 5, 93, 78, 86, 54, 21, 63, 18, 44, 20, 35, 43, 97, 91, 76, 10, 30, 85, 45, 71, 64, 1, 23, 57, 83, 24, 14, 60, 36, 6, 17, 40, 88, 65, 56, 79, 94, 67, 68, 46, 75, 38, 9, 19, 32, 41, 81, 27, 87, 90, 58, 59, 11, 16, 72, 73, 70, 39, 37, 84, 3, 92, 25, 55, 48, 62, 29, 51, 96, 33, 61, 98, 66, 89, 50, 4, 7, 53, 80, 8, 28, 34, 49, 52, 0, 74, 69, 2, 13]|[1, 1, 0, 1, 1, 0, 1, 1, 2, 1, 2, 2, 2, 1, 1, 0, 0, 1, 0, 2, 2, 0, 1, 2, 0, 1, 2, 2, 0, 0, 1, 2, 1, 2, 1, 0, 2, 0, 1, 1, 0, 1, 1, 1, 0, 2, 1, 1, 0, 0, 0, 0, 1, 1, 2, 1, 0, 2, 0, 2, 1, 0, 1, 2, 1, 2, 1, 1, 1, 1, 1, 1, 0, 1, 2, 0, 0, 0, 2, 2, 2, 1, 2, 2, 1, 0, 1, 2, 0, 0, 1, 0, 2, 0, 1, 0, 2, 1, 0, 0]|[0, 3, 2, 2, 4, 1, 2, 3, 2, 4, 1, 1, 2, 4, 4, 1, 1, 4, 2, 1, 1, 1, 1, 2, 1, 2, 1, 1, 2, 1, 3, 2, 3, 1, 4, 0, 1, 1, 0, 3, 2, 2, 2, 0, 1, 1, 0, 4, 0, 1, 2, 2, 1, 4, 0, 3, 1, 1, 1, 1, 3, 1, 1, 1, 3, 0, 4, 3, 1, 4, 1, 1, 2, 4, 1, 1, 2, 1, 2, 1, 1, 3, 1, 1, 1, 1, 4, 1, 2, 1, 3, 2, 1, 1, 1, 2, 1, 4, 2, 2]|[0, 2, 1, 1, 3, 0, 1, 3, 0, 0, 0, 0, 1, 0, 1, 0, 0, 3, 1, 0, 0, 0, 3, 1, 0, 2, 0, 0, 0, 1, 0, 0, 0, 0, 3, 0, 1, 0, 0, 2, 1, 1, 1, 0, 0, 0, 0, 2, 1, 0, 0, 0, 1, 3, 0, 0, 0, 0, 0, 0, 2, 0, 1, 0, 2, 1, 0, 0, 1, 1, 3, 1, 1, 3, 0, 0, 1, 0, 1, 0, 0, 0, 0, 0, 1, 0, 0, 0, 1, 0, 2, 1, 0, 1, 1, 0, 0, 2, 0, 0],726.9061273463456,57092.60052686413,92996.29751897219,false
35,G4_BALANCED,G4_BALANCED,[31, 11, 82, 15, 26, 9, 95, 42, 77, 68, 47, 5, 93, 78, 86, 54, 85, 63, 76, 44, 20, 49, 36, 14, 74, 50, 53, 17, 21, 45, 71, 64, 3, 23, 30, 83, 24, 41, 60, 52, 65, 27, 90, 70, 39, 87, 48, 69, 99, 4, 46, 1, 13, 58, 97, 59, 28, 75, 73, 37, 35, 79, 22, 66, 18, 32, 40, 80, 96, 6, 56, 61, 33, 7, 57, 34, 12, 67, 10, 98, 16, 88, 29, 8, 91, 38, 19, 92, 72, 84, 51, 43, 81, 25, 2, 55, 0, 94, 89, 62]|[2, 1, 2, 1, 1, 2, 1, 1, 1, 1, 1, 0, 2, 2, 1, 2, 0, 0, 0, 2, 2, 1, 0, 2, 0, 2, 2, 1, 0, 1, 1, 1, 0, 0, 1, 0, 2, 1, 2, 2, 0, 0, 1, 1, 0, 2, 0, 2, 1, 0, 0, 2, 0, 0, 2, 0, 1, 0, 0, 0, 2, 1, 0, 2, 2, 0, 2, 2, 0, 1, 2, 1, 1, 2, 0, 1, 1, 1, 1, 2, 2, 1, 1, 1, 1, 0, 1, 0, 1, 0, 1, 1, 1, 1, 2, 0, 0, 2, 1, 1]|[0, 3, 0, 2, 4, 1, 4, 4, 2, 4, 3, 2, 1, 0, 2, 1, 1, 1, 2, 1, 1, 3, 0, 1, 0, 1, 1, 4, 1, 4, 3, 2, 2, 0, 4, 1, 1, 4, 0, 1, 2, 1, 4, 4, 1, 1, 0, 2, 3, 1, 2, 1, 2, 1, 1, 2, 4, 2, 0, 2, 2, 3, 1, 0, 1, 2, 0, 1, 2, 4, 1, 3, 4, 1, 2, 4, 3, 3, 3, 1, 1, 4, 3, 3, 3, 2, 4, 2, 4, 2, 3, 4, 1, 4, 1, 2, 2, 1, 4, 3]|[0, 2, 0, 1, 3, 0, 1, 3, 0, 0, 2, 0, 1, 0, 1, 0, 0, 0, 1, 0, 0, 2, 0, 0, 1, 0, 0, 3, 0, 1, 0, 2, 0, 1, 3, 0, 1, 3, 1, 0, 0, 0, 1, 3, 0, 0, 1, 0, 2, 0, 0, 0, 0, 0, 1, 0, 1, 0, 1, 1, 0, 2, 0, 0, 0, 0, 0, 0, 0, 2, 0, 0, 1, 0, 0, 1, 0, 0, 3, 0, 0, 1, 0, 0, 0, 0, 3, 0, 2, 0, 0, 2, 1, 3, 0, 0, 0, 0, 1, 0],839.7308016558047,52103.26715956506,108081.52425448055,false
35,G2_TEC,G2_TEC,[31, 22, 82, 15, 26, 9, 95, 42, 77, 68, 47, 5, 93, 78, 86, 54, 85, 63, 18, 44, 20, 49, 36, 14, 74, 50, 53, 17, 21, 28, 11, 64, 3, 23, 30, 83, 24, 41, 40, 52, 65, 27, 90, 70, 39, 87, 48, 69, 99, 4, 75, 1, 13, 58, 97, 59, 45, 8, 73, 37, 35, 79, 71, 66, 76, 32, 60, 80, 56, 6, 67, 61, 33, 7, 57, 34, 12, 16, 10, 98, 96, 88, 43, 46, 91, 38, 84, 92, 29, 19, 51, 55, 81, 89, 25, 72, 94, 2, 0, 62]|[2, 1, 2, 1, 1, 2, 1, 1, 1, 1, 1, 0, 2, 2, 1, 2, 0, 0, 0, 2, 2, 1, 0, 2, 0, 2, 2, 1, 0, 1, 1, 1, 0, 0, 1, 0, 2, 1, 2, 2, 0, 0, 1, 1, 0, 2, 0, 2, 1, 0, 0, 2, 0, 0, 2, 0, 1, 1, 0, 0, 2, 1, 1, 2, 2, 0, 2, 2, 2, 1, 2, 1, 1, 2, 0, 1, 1, 2, 1, 2, 0, 1, 1, 0, 1, 0, 0, 0, 1, 1, 1, 0, 1, 1, 1, 1, 2, 2, 0, 1]|[0, 3, 0, 3, 4, 1, 4, 4, 2, 4, 3, 2, 1, 0, 2, 1, 1, 1, 2, 1, 1, 3, 0, 1, 0, 1, 1, 4, 1, 4, 3, 2, 2, 0, 4, 1, 1, 4, 1, 1, 2, 1, 4, 4, 1, 1, 0, 2, 3, 2, 2, 1, 2, 1, 1, 2, 4, 3, 0, 2, 2, 3, 3, 1, 1, 2, 1, 1, 1, 4, 1, 3, 4, 1, 2, 4, 3, 1, 3, 1, 2, 4, 4, 2, 3, 2, 2, 2, 3, 4, 3, 2, 4, 4, 4, 4, 1, 1, 2, 3]|[0, 2, 0, 0, 3, 0, 1, 3, 0, 0, 2, 0, 1, 0, 1, 0, 0, 0, 1, 0, 0, 2, 0, 0, 1, 0, 0, 3, 0, 1, 0, 2, 0, 0, 3, 0, 1, 1, 0, 0, 0, 0, 1, 3, 0, 0, 1, 0, 2, 0, 0, 0, 0, 0, 1, 0, 1, 0, 1, 1, 0, 2, 0, 0, 0, 0, 0, 0, 0, 2, 0, 0, 1, 0, 0, 1, 0, 0, 3, 0, 0, 1, 2, 0, 0, 0, 0, 0, 3, 1, 0, 0, 2, 1, 3, 1, 0, 0, 0, 0],908.8272556494078,49235.066718390466,107289.32240407266,false
35,G3_TWC,G3_TWC,[31, 22, 82, 15, 26, 58, 95, 42, 77, 12, 47, 5, 93, 78, 98, 54, 85, 63, 18, 44, 20, 35, 43, 97, 91, 76, 10, 30, 21, 45, 71, 64, 1, 23, 17, 83, 24, 14, 60, 36, 6, 57, 94, 88, 65, 56, 79, 40, 67, 68, 46, 75, 38, 9, 19, 32, 81, 41, 27, 62, 87, 90, 99, 59, 11, 16, 72, 73, 70, 39, 37, 84, 3, 92, 25, 55, 28, 29, 51, 7, 33, 61, 86, 48, 89, 50, 66, 96, 53, 80, 4, 8, 34, 49, 52, 0, 13, 2, 69, 74]|[1, 1, 0, 1, 1, 1, 2, 1, 2, 1, 2, 2, 2, 1, 1, 0, 0, 1, 0, 2, 2, 0, 1, 2, 0, 1, 2, 2, 0, 0, 1, 2, 1, 2, 1, 0, 2, 0, 1, 1, 0, 1, 1, 1, 0, 2, 1, 1, 0, 0, 0, 0, 1, 1, 2, 1, 2, 0, 0, 0, 2, 1, 0, 1, 2, 1, 2, 1, 1, 1, 1, 1, 2, 0, 1, 1, 0, 0, 0, 1, 2, 1, 0, 0, 1, 0, 0, 0, 0, 0, 0, 1, 2, 0, 1, 0, 0, 0, 1, 2]|[4, 3, 2, 2, 0, 0, 2, 2, 2, 4, 1, 1, 2, 4, 4, 1, 1, 4, 2, 1, 1, 1, 1, 2, 1, 2, 1, 1, 1, 1, 3, 2, 3, 0, 4, 0, 1, 1, 0, 3, 2, 2, 4, 0, 1, 1, 0, 2, 0, 1, 2, 2, 1, 4, 0, 3, 2, 1, 1, 2, 1, 3, 1, 1, 1, 3, 0, 4, 3, 1, 4, 1, 1, 2, 4, 4, 2, 1, 1, 3, 1, 3, 1, 1, 1, 1, 1, 1, 2, 1, 2, 3, 1, 1, 1, 2, 2, 2, 3, 1]|[0, 2, 1, 1, 3, 3, 0, 1, 0, 0, 0, 0, 1, 0, 1, 0, 0, 3, 1, 0, 0, 0, 3, 1, 0, 2, 0, 0, 0, 1, 0, 0, 0, 0, 3, 0, 1, 0, 0, 2, 1, 1, 2, 0, 0, 0, 0, 1, 1, 0, 0, 0, 1, 3, 0, 0, 1, 0, 0, 1, 0, 2, 0, 1, 0, 2, 1, 0, 0, 1, 1, 3, 0, 1, 3, 3, 1, 0, 0, 2, 0, 0, 0, 0, 1, 0, 0, 0, 1, 0, 1, 2, 0, 1, 1, 0, 0, 0, 0, 0],805.5394456933803,58046.77716663049,89050.44506242599,false
35,G1_CMAX,G1_CMAX,[31, 22, 82, 15, 26, 99, 95, 42, 77, 12, 47, 5, 93, 78, 86, 54, 21, 63, 18, 44, 20, 35, 43, 97, 91, 76, 10, 30, 85, 45, 71, 64, 1, 23, 57, 83, 24, 14, 60, 36, 6, 17, 40, 88, 65, 56, 79, 94, 67, 68, 46, 75, 38, 9, 19, 32, 41, 81, 27, 87, 90, 58, 59, 11, 16, 72, 73, 70, 39, 37, 84, 3, 92, 25, 55, 48, 62, 29, 51, 96, 33, 61, 98, 66, 89, 50, 4, 7, 53, 80, 8, 28, 34, 49, 52, 0, 74, 69, 2, 13]|[1, 1, 0, 1, 1, 0, 1, 1, 2, 1, 2, 2, 2, 1, 1, 0, 0, 1, 0, 2, 2, 0, 1, 2, 0, 1, 2, 2, 0, 0, 1, 2, 1, 2, 1, 0, 2, 0, 1, 1, 0, 1, 1, 1, 0, 2, 1, 1, 0, 0, 0, 0, 1, 1, 2, 1, 0, 2, 0, 2, 1, 0, 1, 2, 1, 2, 1, 1, 1, 1, 1, 1, 0, 1, 2, 0, 0, 0, 2, 2, 2, 1, 2, 2, 1, 0, 1, 2, 0, 0, 1, 0, 2, 0, 1, 0, 2, 1, 0, 0]|[0, 3, 2, 2, 4, 1, 2, 3, 2, 4, 1, 1, 2, 4, 4, 1, 1, 4, 2, 1, 1, 1, 1, 2, 1, 2, 1, 1, 2, 1, 3, 2, 3, 1, 4, 0, 1, 1, 0, 3, 2, 2, 2, 0, 1, 1, 0, 4, 0, 1, 2, 2, 1, 4, 0, 3, 1, 1, 1, 1, 3, 1, 1, 1, 3, 0, 4, 3, 1, 4, 1, 1, 2, 4, 1, 1, 2, 1, 2, 1, 1, 3, 1, 1, 1, 1, 4, 1, 2, 1, 3, 2, 1, 1, 1, 2, 1, 4, 2, 2]|[0, 2, 1, 1, 3, 0, 1, 3, 0, 0, 0, 0, 1, 0, 1, 0, 0, 3, 1, 0, 0, 0, 3, 1, 0, 2, 0, 0, 0, 1, 0, 0, 0, 0, 3, 0, 1, 0, 0, 2, 1, 1, 1, 0, 0, 0, 0, 2, 1, 0, 0, 0, 1, 3, 0, 0, 0, 0, 0, 0, 2, 0, 1, 0, 2, 1, 0, 0, 1, 1, 3, 1, 1, 3, 0, 0, 1, 0, 1, 0, 0, 0, 0, 0, 1, 0, 0, 0, 1, 0, 2, 1, 0, 1, 1, 0, 0, 2, 0, 0],726.9061273463456,57092.60052686413,92996.29751897219,false
35,G4_BALANCED,G4_BALANCED,[31, 11, 82, 15, 26, 9, 95, 42, 77, 68, 47, 5, 93, 78, 86, 54, 85, 63, 76, 44, 20, 49, 36, 14, 74, 50, 53, 17, 21, 45, 71, 64, 3, 23, 30, 83, 24, 41, 60, 52, 65, 27, 90, 70, 39, 87, 48, 69, 99, 4, 46, 1, 13, 58, 97, 59, 28, 75, 73, 37, 35, 79, 22, 66, 18, 32, 40, 80, 96, 6, 56, 61, 33, 7, 57, 34, 12, 67, 10, 98, 16, 88, 29, 8, 91, 38, 19, 92, 72, 84, 51, 43, 81, 25, 2, 55, 0, 94, 89, 62]|[2, 1, 2, 1, 1, 2, 1, 1, 1, 1, 1, 0, 2, 2, 1, 2, 0, 0, 0, 2, 2, 1, 0, 2, 0, 2, 2, 1, 0, 1, 1, 1, 0, 0, 1, 0, 2, 1, 2, 2, 0, 0, 1, 1, 0, 2, 0, 2, 1, 0, 0, 2, 0, 0, 2, 0, 1, 0, 0, 0, 2, 1, 0, 2, 2, 0, 2, 2, 0, 1, 2, 1, 1, 2, 0, 1, 1, 1, 1, 2, 2, 1, 1, 1, 1, 0, 1, 0, 1, 0, 1, 1, 1, 1, 2, 0, 0, 2, 1, 1]|[0, 3, 0, 2, 4, 1, 4, 4, 2, 4, 3, 2, 1, 0, 2, 1, 1, 1, 2, 1, 1, 3, 0, 1, 0, 1, 1, 4, 1, 4, 3, 2, 2, 0, 4, 1, 1, 4, 0, 1, 2, 1, 4, 4, 1, 1, 0, 2, 3, 1, 2, 1, 2, 1, 1, 2, 4, 2, 0, 2, 2, 3, 1, 0, 1, 2, 0, 1, 2, 4, 1, 3, 4, 1, 2, 4, 3, 3, 3, 1, 1, 4, 3, 3, 3, 2, 4, 2, 4, 2, 3, 4, 1, 4, 1, 2, 2, 1, 4, 3]|[0, 2, 0, 1, 3, 0, 1, 3, 0, 0, 2, 0, 1, 0, 1, 0, 0, 0, 1, 0, 0, 2, 0, 0, 1, 0, 0, 3, 0, 1, 0, 2, 0, 1, 3, 0, 1, 3, 1, 0, 0, 0, 1, 3, 0, 0, 1, 0, 2, 0, 0, 0, 0, 0, 1, 0, 1, 0, 1, 1, 0, 2, 0, 0, 0, 0, 0, 0, 0, 2, 0, 0, 1, 0, 0, 1, 0, 0, 3, 0, 0, 1, 0, 0, 0, 0, 3, 0, 2, 0, 0, 2, 1, 3, 0, 0, 0, 0, 1, 0],839.7308016558047,52103.26715956506,108081.52425448055,false
35,G2_TEC,G2_TEC,[31, 22, 82, 15, 26, 9, 95, 42, 77, 68, 47, 5, 93, 78, 86, 54, 85, 63, 18, 44, 20, 49, 36, 14, 74, 50, 53, 17, 21, 28, 11, 64, 3, 23, 30, 83, 24, 41, 40, 52, 65, 27, 90, 70, 39, 87, 48, 69, 99, 4, 75, 1, 13, 58, 97, 59, 45, 8, 73, 37, 35, 79, 71, 66, 76, 32, 60, 80, 56, 6, 67, 61, 33, 7, 57, 34, 12, 16, 10, 98, 96, 88, 43, 46, 91, 38, 84, 92, 29, 19, 51, 55, 81, 89, 25, 72, 94, 2, 0, 62]|[2, 1, 2, 1, 1, 2, 1, 1, 1, 1, 1, 0, 2, 2, 1, 2, 0, 0, 0, 2, 2, 1, 0, 2, 0, 2, 2, 1, 0, 1, 1, 1, 0, 0, 1, 0, 2, 1, 2, 2, 0, 0, 1, 1, 0, 2, 0, 2, 1, 0, 0, 2, 0, 0, 2, 0, 1, 1, 0, 0, 2, 1, 1, 2, 2, 0, 2, 2, 2, 1, 2, 1, 1, 2, 0, 1, 1, 2, 1, 2, 0, 1, 1, 0, 1, 0, 0, 0, 1, 1, 1, 0, 1, 1, 1, 1, 2, 2, 0, 1]|[0, 3, 0, 3, 4, 1, 4, 4, 2, 4, 3, 2, 1, 0, 2, 1, 1, 1, 2, 1, 1, 3, 0, 1, 0, 1, 1, 4, 1, 4, 3, 2, 2, 0, 4, 1, 1, 4, 1, 1, 2, 1, 4, 4, 1, 1, 0, 2, 3, 2, 2, 1, 2, 1, 1, 2, 4, 3, 0, 2, 2, 3, 3, 1, 1, 2, 1, 1, 1, 4, 1, 3, 4, 1, 2, 4, 3, 1, 3, 1, 2, 4, 4, 2, 3, 2, 2, 2, 3, 4, 3, 2, 4, 4, 4, 4, 1, 1, 2, 3]|[0, 2, 0, 0, 3, 0, 1, 3, 0, 0, 2, 0, 1, 0, 1, 0, 0, 0, 1, 0, 0, 2, 0, 0, 1, 0, 0, 3, 0, 1, 0, 2, 0, 0, 3, 0, 1, 1, 0, 0, 0, 0, 1, 3, 0, 0, 1, 0, 2, 0, 0, 0, 0, 0, 1, 0, 1, 0, 1, 1, 0, 2, 0, 0, 0, 0, 0, 0, 0, 2, 0, 0, 1, 0, 0, 1, 0, 0, 3, 0, 0, 1, 2, 0, 0, 0, 0, 0, 3, 1, 0, 0, 2, 1, 3, 1, 0, 0, 0, 0],908.8272556494078,49235.066718390466,107289.32240407266,false
35,G3_TWC,G3_TWC,[31, 22, 82, 15, 26, 58, 95, 42, 77, 12, 47, 5, 93, 78, 98, 54, 85, 63, 18, 44, 20, 35, 43, 97, 91, 76, 10, 30, 21, 45, 71, 64, 1, 23, 17, 83, 24, 14, 60, 36, 6, 57, 94, 88, 65, 56, 79, 40, 67, 68, 46, 75, 38, 9, 19, 32, 81, 41, 27, 62, 87, 90, 99, 59, 11, 16, 72, 73, 70, 39, 37, 84, 3, 92, 25, 55, 28, 29, 51, 7, 33, 61, 86, 48, 89, 50, 66, 96, 53, 80, 4, 8, 34, 49, 52, 0, 13, 2, 69, 74]|[1, 1, 0, 1, 1, 1, 2, 1, 2, 1, 2, 2, 2, 1, 1, 0, 0, 1, 0, 2, 2, 0, 1, 2, 0, 1, 2, 2, 0, 0, 1, 2, 1, 2, 1, 0, 2, 0, 1, 1, 0, 1, 1, 1, 0, 2, 1, 1, 0, 0, 0, 0, 1, 1, 2, 1, 2, 0, 0, 0, 2, 1, 0, 1, 2, 1, 2, 1, 1, 1, 1, 1, 2, 0, 1, 1, 0, 0, 0, 1, 2, 1, 0, 0, 1, 0, 0, 0, 0, 0, 0, 1, 2, 0, 1, 0, 0, 0, 1, 2]|[4, 3, 2, 2, 0, 0, 2, 2, 2, 4, 1, 1, 2, 4, 4, 1, 1, 4, 2, 1, 1, 1, 1, 2, 1, 2, 1, 1, 1, 1, 3, 2, 3, 0, 4, 0, 1, 1, 0, 3, 2, 2, 4, 0, 1, 1, 0, 2, 0, 1, 2, 2, 1, 4, 0, 3, 2, 1, 1, 2, 1, 3, 1, 1, 1, 3, 0, 4, 3, 1, 4, 1, 1, 2, 4, 4, 2, 1, 1, 3, 1, 3, 1, 1, 1, 1, 1, 1, 2, 1, 2, 3, 1, 1, 1, 2, 2, 2, 3, 1]|[0, 2, 1, 1, 3, 3, 0, 1, 0, 0, 0, 0, 1, 0, 1, 0, 0, 3, 1, 0, 0, 0, 3, 1, 0, 2, 0, 0, 0, 1, 0, 0, 0, 0, 3, 0, 1, 0, 0, 2, 1, 1, 2, 0, 0, 0, 0, 1, 1, 0, 0, 0, 1, 3, 0, 0, 1, 0, 0, 1, 0, 2, 0, 1, 0, 2, 1, 0, 0, 1, 1, 3, 0, 1, 3, 3, 1, 0, 0, 2, 0, 0, 0, 0, 1, 0, 0, 0, 1, 0, 1, 2, 0, 1, 1, 0, 0, 0, 0, 0],805.5394456933803,58046.77716663049,89050.44506242599,false
35,G1_CMAX,G1_CMAX,[31, 22, 82, 15, 26, 99, 95, 42, 77, 12, 47, 5, 93, 78, 86, 54, 21, 63, 18, 44, 20, 35, 43, 97, 91, 76, 10, 30, 85, 45, 71, 64, 1, 23, 57, 83, 24, 14, 60, 36, 6, 17, 40, 88, 65, 56, 79, 94, 67, 68, 46, 75, 38, 9, 19, 32, 41, 81, 27, 87, 90, 58, 59, 11, 16, 72, 73, 70, 39, 37, 84, 3, 92, 25, 55, 48, 62, 29, 51, 96, 33, 61, 98, 66, 89, 50, 4, 7, 53, 80, 8, 28, 34, 49, 52, 0, 74, 69, 2, 13]|[1, 1, 0, 1, 1, 0, 1, 1, 2, 1, 2, 2, 2, 1, 1, 0, 0, 1, 0, 2, 2, 0, 1, 2, 0, 1, 2, 2, 0, 0, 1, 2, 1, 2, 1, 0, 2, 0, 1, 1, 0, 1, 1, 1, 0, 2, 1, 1, 0, 0, 0, 0, 1, 1, 2, 1, 0, 2, 0, 2, 1, 0, 1, 2, 1, 2, 1, 1, 1, 1, 1, 1, 0, 1, 2, 0, 0, 0, 2, 2, 2, 1, 2, 2, 1, 0, 1, 2, 0, 0, 1, 0, 2, 0, 1, 0, 2, 1, 0, 0]|[0, 3, 2, 2, 4, 1, 2, 3, 2, 4, 1, 1, 2, 4, 4, 1, 1, 4, 2, 1, 1, 1, 1, 2, 1, 2, 1, 1, 2, 1, 3, 2, 3, 1, 4, 0, 1, 1, 0, 3, 2, 2, 2, 0, 1, 1, 0, 4, 0, 1, 2, 2, 1, 4, 0, 3, 1, 1, 1, 1, 3, 1, 1, 1, 3, 0, 4, 3, 1, 4, 1, 1, 2, 4, 1, 1, 2, 1, 2, 1, 1, 3, 1, 1, 1, 1, 4, 1, 2, 1, 3, 2, 1, 1, 1, 2, 1, 4, 2, 2]|[0, 2, 1, 1, 3, 0, 1, 3, 0, 0, 0, 0, 1, 0, 1, 0, 0, 3, 1, 0, 0, 0, 3, 1, 0, 2, 0, 0, 0, 1, 0, 0, 0, 0, 3, 0, 1, 0, 0, 2, 1, 1, 1, 0, 0, 0, 0, 2, 1, 0, 0, 0, 1, 3, 0, 0, 0, 0, 0, 0, 2, 0, 1, 0, 2, 1, 0, 0, 1, 1, 3, 1, 1, 3, 0, 0, 1, 0, 1, 0, 0, 0, 0, 0, 1, 0, 0, 0, 1, 0, 2, 1, 0, 1, 1, 0, 0, 2, 0, 0],726.9061273463456,57092.60052686413,92996.29751897219,false
35,G4_BALANCED,G4_BALANCED,[31, 11, 82, 15, 26, 9, 95, 42, 77, 68, 47, 5, 93, 78, 86, 54, 85, 63, 76, 44, 20, 49, 36, 14, 74, 50, 53, 17, 21, 45, 71, 64, 3, 23, 30, 83, 24, 41, 60, 52, 65, 27, 90, 70, 39, 87, 48, 69, 99, 4, 46, 1, 13, 58, 97, 59, 28, 75, 73, 37, 35, 79, 22, 66, 18, 32, 40, 80, 96, 6, 56, 61, 33, 7, 57, 34, 12, 67, 10, 98, 16, 88, 29, 8, 91, 38, 19, 92, 72, 84, 51, 43, 81, 25, 2, 55, 0, 94, 89, 62]|[2, 1, 2, 1, 1, 2, 1, 1, 1, 1, 1, 0, 2, 2, 1, 2, 0, 0, 0, 2, 2, 1, 0, 2, 0, 2, 2, 1, 0, 1, 1, 1, 0, 0, 1, 0, 2, 1, 2, 2, 0, 0, 1, 1, 0, 2, 0, 2, 1, 0, 0, 2, 0, 0, 2, 0, 1, 0, 0, 0, 2, 1, 0, 2, 2, 0, 2, 2, 0, 1, 2, 1, 1, 2, 0, 1, 1, 1, 1, 2, 2, 1, 1, 1, 1, 0, 1, 0, 1, 0, 1, 1, 1, 1, 2, 0, 0, 2, 1, 1]|[0, 3, 0, 2, 4, 1, 4, 4, 2, 4, 3, 2, 1, 0, 2, 1, 1, 1, 2, 1, 1, 3, 0, 1, 0, 1, 1, 4, 1, 4, 3, 2, 2, 0, 4, 1, 1, 4, 0, 1, 2, 1, 4, 4, 1, 1, 0, 2, 3, 1, 2, 1, 2, 1, 1, 2, 4, 2, 0, 2, 2, 3, 1, 0, 1, 2, 0, 1, 2, 4, 1, 3, 4, 1, 2, 4, 3, 3, 3, 1, 1, 4, 3, 3, 3, 2, 4, 2, 4, 2, 3, 4, 1, 4, 1, 2, 2, 1, 4, 3]|[0, 2, 0, 1, 3, 0, 1, 3, 0, 0, 2, 0, 1, 0, 1, 0, 0, 0, 1, 0, 0, 2, 0, 0, 1, 0, 0, 3, 0, 1, 0, 2, 0, 1, 3, 0, 1, 3, 1, 0, 0, 0, 1, 3, 0, 0, 1, 0, 2, 0, 0, 0, 0, 0, 1, 0, 1, 0, 1, 1, 0, 2, 0, 0, 0, 0, 0, 0, 0, 2, 0, 0, 1, 0, 0, 1, 0, 0, 3, 0, 0, 1, 0, 0, 0, 0, 3, 0, 2, 0, 0, 2, 1, 3, 0, 0, 0, 0, 1, 0],839.7308016558047,52103.26715956506,108081.52425448055,false
35,G2_TEC,G2_TEC,[31, 22, 82, 15, 26, 9, 95, 42, 77, 68, 47, 5, 93, 78, 86, 54, 85, 63, 18, 44, 20, 49, 36, 14, 74, 50, 53, 17, 21, 28, 11, 64, 3, 23, 30, 83, 24, 41, 40, 52, 65, 27, 90, 70, 39, 87, 48, 69, 99, 4, 75, 1, 13, 58, 97, 59, 45, 8, 73, 37, 35, 79, 71, 66, 76, 32, 60, 80, 56, 6, 67, 61, 33, 7, 57, 34, 12, 16, 10, 98, 96, 88, 43, 46, 91, 38, 84, 92, 29, 19, 51, 55, 81, 89, 25, 72, 94, 2, 0, 62]|[2, 1, 2, 1, 1, 2, 1, 1, 1, 1, 1, 0, 2, 2, 1, 2, 0, 0, 0, 2, 2, 1, 0, 2, 0, 2, 2, 1, 0, 1, 1, 1, 0, 0, 1, 0, 2, 1, 2, 2, 0, 0, 1, 1, 0, 2, 0, 2, 1, 0, 0, 2, 0, 0, 2, 0, 1, 1, 0, 0, 2, 1, 1, 2, 2, 0, 2, 2, 2, 1, 2, 1, 1, 2, 0, 1, 1, 2, 1, 2, 0, 1, 1, 0, 1, 0, 0, 0, 1, 1, 1, 0, 1, 1, 1, 1, 2, 2, 0, 1]|[0, 3, 0, 3, 4, 1, 4, 4, 2, 4, 3, 2, 1, 0, 2, 1, 1, 1, 2, 1, 1, 3, 0, 1, 0, 1, 1, 4, 1, 4, 3, 2, 2, 0, 4, 1, 1, 4, 1, 1, 2, 1, 4, 4, 1, 1, 0, 2, 3, 2, 2, 1, 2, 1, 1, 2, 4, 3, 0, 2, 2, 3, 3, 1, 1, 2, 1, 1, 1, 4, 1, 3, 4, 1, 2, 4, 3, 1, 3, 1, 2, 4, 4, 2, 3, 2, 2, 2, 3, 4, 3, 2, 4, 4, 4, 4, 1, 1, 2, 3]|[0, 2, 0, 0, 3, 0, 1, 3, 0, 0, 2, 0, 1, 0, 1, 0, 0, 0, 1, 0, 0, 2, 0, 0, 1, 0, 0, 3, 0, 1, 0, 2, 0, 0, 3, 0, 1, 1, 0, 0, 0, 0, 1, 3, 0, 0, 1, 0, 2, 0, 0, 0, 0, 0, 1, 0, 1, 0, 1, 1, 0, 2, 0, 0, 0, 0, 0, 0, 0, 2, 0, 0, 1, 0, 0, 1, 0, 0, 3, 0, 0, 1, 2, 0, 0, 0, 0, 0, 3, 1, 0, 0, 2, 1, 3, 1, 0, 0, 0, 0],908.8272556494078,49235.066718390466,107289.32240407266,false
35,G3_TWC,G3_TWC,[31, 22, 82, 15, 26, 58, 95, 42, 77, 12, 47, 5, 93, 78, 98, 54, 85, 63, 18, 44, 20, 35, 43, 97, 91, 76, 10, 30, 21, 45, 71, 64, 1, 23, 17, 83, 24, 14, 60, 36, 6, 57, 94, 88, 65, 56, 79, 40, 67, 68, 46, 75, 38, 9, 19, 32, 81, 41, 27, 62, 87, 90, 99, 59, 11, 16, 72, 73, 70, 39, 37, 84, 3, 92, 25, 55, 28, 29, 51, 7, 33, 61, 86, 48, 89, 50, 66, 96, 53, 80, 4, 8, 34, 49, 52, 0, 13, 2, 69, 74]|[1, 1, 0, 1, 1, 1, 2, 1, 2, 1, 2, 2, 2, 1, 1, 0, 0, 1, 0, 2, 2, 0, 1, 2, 0, 1, 2, 2, 0, 0, 1, 2, 1, 2, 1, 0, 2, 0, 1, 1, 0, 1, 1, 1, 0, 2, 1, 1, 0, 0, 0, 0, 1, 1, 2, 1, 2, 0, 0, 0, 2, 1, 0, 1, 2, 1, 2, 1, 1, 1, 1, 1, 2, 0, 1, 1, 0, 0, 0, 1, 2, 1, 0, 0, 1, 0, 0, 0, 0, 0, 0, 1, 2, 0, 1, 0, 0, 0, 1, 2]|[4, 3, 2, 2, 0, 0, 2, 2, 2, 4, 1, 1, 2, 4, 4, 1, 1, 4, 2, 1, 1, 1, 1, 2, 1, 2, 1, 1, 1, 1, 3, 2, 3, 0, 4, 0, 1, 1, 0, 3, 2, 2, 4, 0, 1, 1, 0, 2, 0, 1, 2, 2, 1, 4, 0, 3, 2, 1, 1, 2, 1, 3, 1, 1, 1, 3, 0, 4, 3, 1, 4, 1, 1, 2, 4, 4, 2, 1, 1, 3, 1, 3, 1, 1, 1, 1, 1, 1, 2, 1, 2, 3, 1, 1, 1, 2, 2, 2, 3, 1]|[0, 2, 1, 1, 3, 3, 0, 1, 0, 0, 0, 0, 1, 0, 1, 0, 0, 3, 1, 0, 0, 0, 3, 1, 0, 2, 0, 0, 0, 1, 0, 0, 0, 0, 3, 0, 1, 0, 0, 2, 1, 1, 2, 0, 0, 0, 0, 1, 1, 0, 0, 0, 1, 3, 0, 0, 1, 0, 0, 1, 0, 2, 0, 1, 0, 2, 1, 0, 0, 1, 1, 3, 0, 1, 3, 3, 1, 0, 0, 2, 0, 0, 0, 0, 1, 0, 0, 0, 1, 0, 1, 2, 0, 1, 1, 0, 0, 0, 0, 0],805.5394456933803,58046.77716663049,89050.44506242599,false
35,G1_CMAX,G1_CMAX,[31, 22, 82, 15, 26, 99, 95, 42, 77, 12, 47, 5, 93, 78, 86, 54, 21, 63, 18, 44, 20, 35, 43, 97, 91, 76, 10, 30, 85, 45, 71, 64, 1, 23, 57, 83, 24, 14, 60, 36, 6, 17, 40, 88, 65, 56, 79, 94, 67, 68, 46, 75, 38, 9, 19, 32, 41, 81, 27, 87, 90, 58, 59, 11, 16, 72, 73, 70, 39, 37, 84, 3, 92, 25, 55, 48, 62, 29, 51, 96, 33, 61, 98, 66, 89, 50, 4, 7, 53, 80, 8, 28, 34, 49, 52, 0, 74, 69, 2, 13]|[1, 1, 0, 1, 1, 0, 1, 1, 2, 1, 2, 2, 2, 1, 1, 0, 0, 1, 0, 2, 2, 0, 1, 2, 0, 1, 2, 2, 0, 0, 1, 2, 1, 2, 1, 0, 2, 0, 1, 1, 0, 1, 1, 1, 0, 2, 1, 1, 0, 0, 0, 0, 1, 1, 2, 1, 0, 2, 0, 2, 1, 0, 1, 2, 1, 2, 1, 1, 1, 1, 1, 1, 0, 1, 2, 0, 0, 0, 2, 2, 2, 1, 2, 2, 1, 0, 1, 2, 0, 0, 1, 0, 2, 0, 1, 0, 2, 1, 0, 0]|[0, 3, 2, 2, 4, 1, 2, 3, 2, 4, 1, 1, 2, 4, 4, 1, 1, 4, 2, 1, 1, 1, 1, 2, 1, 2, 1, 1, 2, 1, 3, 2, 3, 1, 4, 0, 1, 1, 0, 3, 2, 2, 2, 0, 1, 1, 0, 4, 0, 1, 2, 2, 1, 4, 0, 3, 1, 1, 1, 1, 3, 1, 1, 1, 3, 0, 4, 3, 1, 4, 1, 1, 2, 4, 1, 1, 2, 1, 2, 1, 1, 3, 1, 1, 1, 1, 4, 1, 2, 1, 3, 2, 1, 1, 1, 2, 1, 4, 2, 2]|[0, 2, 1, 1, 3, 0, 1, 3, 0, 0, 0, 0, 1, 0, 1, 0, 0, 3, 1, 0, 0, 0, 3, 1, 0, 2, 0, 0, 0, 1, 0, 0, 0, 0, 3, 0, 1, 0, 0, 2, 1, 1, 1, 0, 0, 0, 0, 2, 1, 0, 0, 0, 1, 3, 0, 0, 0, 0, 0, 0, 2, 0, 1, 0, 2, 1, 0, 0, 1, 1, 3, 1, 1, 3, 0, 0, 1, 0, 1, 0, 0, 0, 0, 0, 1, 0, 0, 0, 1, 0, 2, 1, 0, 1, 1, 0, 0, 2, 0, 0],726.9061273463456,57092.60052686413,92996.29751897219,false
35,G4_BALANCED,G4_BALANCED,[31, 11, 82, 15, 26, 9, 95, 42, 77, 68, 47, 5, 93, 78, 86, 54, 85, 63, 76, 44, 20, 49, 36, 14, 74, 50, 53, 17, 21, 45, 71, 64, 3, 23, 30, 83, 24, 41, 60, 52, 65, 27, 90, 70, 39, 87, 48, 69, 99, 4, 46, 1, 13, 58, 97, 59, 28, 75, 73, 37, 35, 79, 22, 66, 18, 32, 40, 80, 96, 6, 56, 61, 33, 7, 57, 34, 12, 67, 10, 98, 16, 88, 29, 8, 91, 38, 19, 92, 72, 84, 51, 43, 81, 25, 2, 55, 0, 94, 89, 62]|[2, 1, 2, 1, 1, 2, 1, 1, 1, 1, 1, 0, 2, 2, 1, 2, 0, 0, 0, 2, 2, 1, 0, 2, 0, 2, 2, 1, 0, 1, 1, 1, 0, 0, 1, 0, 2, 1, 2, 2, 0, 0, 1, 1, 0, 2, 0, 2, 1, 0, 0, 2, 0, 0, 2, 0, 1, 0, 0, 0, 2, 1, 0, 2, 2, 0, 2, 2, 0, 1, 2, 1, 1, 2, 0, 1, 1, 1, 1, 2, 2, 1, 1, 1, 1, 0, 1, 0, 1, 0, 1, 1, 1, 1, 2, 0, 0, 2, 1, 1]|[0, 3, 0, 2, 4, 1, 4, 4, 2, 4, 3, 2, 1, 0, 2, 1, 1, 1, 2, 1, 1, 3, 0, 1, 0, 1, 1, 4, 1, 4, 3, 2, 2, 0, 4, 1, 1, 4, 0, 1, 2, 1, 4, 4, 1, 1, 0, 2, 3, 1, 2, 1, 2, 1, 1, 2, 4, 2, 0, 2, 2, 3, 1, 0, 1, 2, 0, 1, 2, 4, 1, 3, 4, 1, 2, 4, 3, 3, 3, 1, 1, 4, 3, 3, 3, 2, 4, 2, 4, 2, 3, 4, 1, 4, 1, 2, 2, 1, 4, 3]|[0, 2, 0, 1, 3, 0, 1, 3, 0, 0, 2, 0, 1, 0, 1, 0, 0, 0, 1, 0, 0, 2, 0, 0, 1, 0, 0, 3, 0, 1, 0, 2, 0, 1, 3, 0, 1, 3, 1, 0, 0, 0, 1, 3, 0, 0, 1, 0, 2, 0, 0, 0, 0, 0, 1, 0, 1, 0, 1, 1, 0, 2, 0, 0, 0, 0, 0, 0, 0, 2, 0, 0, 1, 0, 0, 1, 0, 0, 3, 0, 0, 1, 0, 0, 0, 0, 3, 0, 2, 0, 0, 2, 1, 3, 0, 0, 0, 0, 1, 0],839.7308016558047,52103.26715956506,108081.52425448055,false
35,G2_TEC,G2_TEC,[31, 22, 82, 15, 26, 9, 95, 42, 77, 68, 47, 5, 93, 78, 86, 54, 85, 63, 18, 44, 20, 49, 36, 14, 74, 50, 53, 17, 21, 28, 11, 64, 3, 23, 30, 83, 24, 41, 40, 52, 65, 27, 90, 70, 39, 87, 48, 69, 99, 4, 75, 1, 13, 58, 97, 59, 45, 8, 73, 37, 35, 79, 71, 66, 76, 32, 60, 80, 56, 6, 67, 61, 33, 7, 57, 34, 12, 16, 10, 98, 96, 88, 43, 46, 91, 38, 84, 92, 29, 19, 51, 55, 81, 89, 25, 72, 94, 2, 0, 62]|[2, 1, 2, 1, 1, 2, 1, 1, 1, 1, 1, 0, 2, 2, 1, 2, 0, 0, 0, 2, 2, 1, 0, 2, 0, 2, 2, 1, 0, 1, 1, 1, 0, 0, 1, 0, 2, 1, 2, 2, 0, 0, 1, 1, 0, 2, 0, 2, 1, 0, 0, 2, 0, 0, 2, 0, 1, 1, 0, 0, 2, 1, 1, 2, 2, 0, 2, 2, 2, 1, 2, 1, 1, 2, 0, 1, 1, 2, 1, 2, 0, 1, 1, 0, 1, 0, 0, 0, 1, 1, 1, 0, 1, 1, 1, 1, 2, 2, 0, 1]|[0, 3, 0, 3, 4, 1, 4, 4, 2, 4, 3, 2, 1, 0, 2, 1, 1, 1, 2, 1, 1, 3, 0, 1, 0, 1, 1, 4, 1, 4, 3, 2, 2, 0, 4, 1, 1, 4, 1, 1, 2, 1, 4, 4, 1, 1, 0, 2, 3, 2, 2, 1, 2, 1, 1, 2, 4, 3, 0, 2, 2, 3, 3, 1, 1, 2, 1, 1, 1, 4, 1, 3, 4, 1, 2, 4, 3, 1, 3, 1, 2, 4, 4, 2, 3, 2, 2, 2, 3, 4, 3, 2, 4, 4, 4, 4, 1, 1, 2, 3]|[0, 2, 0, 0, 3, 0, 1, 3, 0, 0, 2, 0, 1, 0, 1, 0, 0, 0, 1, 0, 0, 2, 0, 0, 1, 0, 0, 3, 0, 1, 0, 2, 0, 0, 3, 0, 1, 1, 0, 0, 0, 0, 1, 3, 0, 0, 1, 0, 2, 0, 0, 0, 0, 0, 1, 0, 1, 0, 1, 1, 0, 2, 0, 0, 0, 0, 0, 0, 0, 2, 0, 0, 1, 0, 0, 1, 0, 0, 3, 0, 0, 1, 2, 0, 0, 0, 0, 0, 3, 1, 0, 0, 2, 1, 3, 1, 0, 0, 0, 0],908.8272556494078,49235.066718390466,107289.32240407266,false
35,G3_TWC,G3_TWC,[31, 22, 82, 15, 26, 58, 95, 42, 77, 12, 47, 5, 93, 78, 98, 54, 85, 63, 18, 44, 20, 35, 43, 97, 91, 76, 10, 30, 21, 45, 71, 64, 1, 23, 17, 83, 24, 14, 60, 36, 6, 57, 94, 88, 65, 56, 79, 40, 67, 68, 46, 75, 38, 9, 19, 32, 81, 41, 27, 62, 87, 90, 99, 59, 11, 16, 72, 73, 70, 39, 37, 84, 3, 92, 25, 55, 28, 29, 51, 7, 33, 61, 86, 48, 89, 50, 66, 96, 53, 80, 4, 8, 34, 49, 52, 0, 13, 2, 69, 74]|[1, 1, 0, 1, 1, 1, 2, 1, 2, 1, 2, 2, 2, 1, 1, 0, 0, 1, 0, 2, 2, 0, 1, 2, 0, 1, 2, 2, 0, 0, 1, 2, 1, 2, 1, 0, 2, 0, 1, 1, 0, 1, 1, 1, 0, 2, 1, 1, 0, 0, 0, 0, 1, 1, 2, 1, 2, 0, 0, 0, 2, 1, 0, 1, 2, 1, 2, 1, 1, 1, 1, 1, 2, 0, 1, 1, 0, 0, 0, 1, 2, 1, 0, 0, 1, 0, 0, 0, 0, 0, 0, 1, 2, 0, 1, 0, 0, 0, 1, 2]|[4, 3, 2, 2, 0, 0, 2, 2, 2, 4, 1, 1, 2, 4, 4, 1, 1, 4, 2, 1, 1, 1, 1, 2, 1, 2, 1, 1, 1, 1, 3, 2, 3, 0, 4, 0, 1, 1, 0, 3, 2, 2, 4, 0, 1, 1, 0, 2, 0, 1, 2, 2, 1, 4, 0, 3, 2, 1, 1, 2, 1, 3, 1, 1, 1, 3, 0, 4, 3, 1, 4, 1, 1, 2, 4, 4, 2, 1, 1, 3, 1, 3, 1, 1, 1, 1, 1, 1, 2, 1, 2, 3, 1, 1, 1, 2, 2, 2, 3, 1]|[0, 2, 1, 1, 3, 3, 0, 1, 0, 0, 0, 0, 1, 0, 1, 0, 0, 3, 1, 0, 0, 0, 3, 1, 0, 2, 0, 0, 0, 1, 0, 0, 0, 0, 3, 0, 1, 0, 0, 2, 1, 1, 2, 0, 0, 0, 0, 1, 1, 0, 0, 0, 1, 3, 0, 0, 1, 0, 0, 1, 0, 2, 0, 1, 0, 2, 1, 0, 0, 1, 1, 3, 0, 1, 3, 3, 1, 0, 0, 2, 0, 0, 0, 0, 1, 0, 0, 0, 1, 0, 1, 2, 0, 1, 1, 0, 0, 0, 0, 0],805.5394456933803,58046.77716663049,89050.44506242599,false
35,G1_CMAX,G1_CMAX,[31, 22, 82, 15, 26, 99, 95, 42, 77, 12, 47, 5, 93, 78, 86, 54, 21, 63, 18, 44, 20, 35, 43, 97, 91, 76, 10, 30, 85, 45, 71, 64, 1, 23, 57, 83, 24, 14, 60, 36, 6, 17, 40, 88, 65, 56, 79, 94, 67, 68, 46, 75, 38, 9, 19, 32, 41, 81, 27, 87, 90, 58, 59, 11, 16, 72, 73, 70, 39, 37, 84, 3, 92, 25, 55, 48, 62, 29, 51, 96, 33, 61, 98, 66, 89, 50, 4, 7, 53, 80, 8, 28, 34, 49, 52, 0, 74, 69, 2, 13]|[1, 1, 0, 1, 1, 0, 1, 1, 2, 1, 2, 2, 2, 1, 1, 0, 0, 1, 0, 2, 2, 0, 1, 2, 0, 1, 2, 2, 0, 0, 1, 2, 1, 2, 1, 0, 2, 0, 1, 1, 0, 1, 1, 1, 0, 2, 1, 1, 0, 0, 0, 0, 1, 1, 2, 1, 0, 2, 0, 2, 1, 0, 1, 2, 1, 2, 1, 1, 1, 1, 1, 1, 0, 1, 2, 0, 0, 0, 2, 2, 2, 1, 2, 2, 1, 0, 1, 2, 0, 0, 1, 0, 2, 0, 1, 0, 2, 1, 0, 0]|[0, 3, 2, 2, 4, 1, 2, 3, 2, 4, 1, 1, 2, 4, 4, 1, 1, 4, 2, 1, 1, 1, 1, 2, 1, 2, 1, 1, 2, 1, 3, 2, 3, 1, 4, 0, 1, 1, 0, 3, 2, 2, 2, 0, 1, 1, 0, 4, 0, 1, 2, 2, 1, 4, 0, 3, 1, 1, 1, 1, 3, 1, 1, 1, 3, 0, 4, 3, 1, 4, 1, 1, 2, 4, 1, 1, 2, 1, 2, 1, 1, 3, 1, 1, 1, 1, 4, 1, 2, 1, 3, 2, 1, 1, 1, 2, 1, 4, 2, 2]|[0, 2, 1, 1, 3, 0, 1, 3, 0, 0, 0, 0, 1, 0, 1, 0, 0, 3, 1, 0, 0, 0, 3, 1, 0, 2, 0, 0, 0, 1, 0, 0, 0, 0, 3, 0, 1, 0, 0, 2, 1, 1, 1, 0, 0, 0, 0, 2, 1, 0, 0, 0, 1, 3, 0, 0, 0, 0, 0, 0, 2, 0, 1, 0, 2, 1, 0, 0, 1, 1, 3, 1, 1, 3, 0, 0, 1, 0, 1, 0, 0, 0, 0, 0, 1, 0, 0, 0, 1, 0, 2, 1, 0, 1, 1, 0, 0, 2, 0, 0],726.9061273463456,57092.60052686413,92996.29751897219,false
35,G4_BALANCED,G4_BALANCED,[31, 11, 82, 15, 26, 9, 95, 42, 77, 68, 47, 5, 93, 78, 86, 54, 85, 63, 76, 44, 20, 49, 36, 14, 74, 50, 53, 17, 21, 45, 71, 64, 3, 23, 30, 83, 24, 41, 60, 52, 65, 27, 90, 70, 39, 87, 48, 69, 99, 4, 46, 1, 13, 58, 97, 59, 28, 75, 73, 37, 35, 79, 22, 66, 18, 32, 40, 80, 96, 6, 56, 61, 33, 7, 57, 34, 12, 67, 10, 98, 16, 88, 29, 8, 91, 38, 19, 92, 72, 84, 51, 43, 81, 25, 2, 55, 0, 94, 89, 62]|[2, 1, 2, 1, 1, 2, 1, 1, 1, 1, 1, 0, 2, 2, 1, 2, 0, 0, 0, 2, 2, 1, 0, 2, 0, 2, 2, 1, 0, 1, 1, 1, 0, 0, 1, 0, 2, 1, 2, 2, 0, 0, 1, 1, 0, 2, 0, 2, 1, 0, 0, 2, 0, 0, 2, 0, 1, 0, 0, 0, 2, 1, 0, 2, 2, 0, 2, 2, 0, 1, 2, 1, 1, 2, 0, 1, 1, 1, 1, 2, 2, 1, 1, 1, 1, 0, 1, 0, 1, 0, 1, 1, 1, 1, 2, 0, 0, 2, 1, 1]|[0, 3, 0, 2, 4, 1, 4, 4, 2, 4, 3, 2, 1, 0, 2, 1, 1, 1, 2, 1, 1, 3, 0, 1, 0, 1, 1, 4, 1, 4, 3, 2, 2, 0, 4, 1, 1, 4, 0, 1, 2, 1, 4, 4, 1, 1, 0, 2, 3, 1, 2, 1, 2, 1, 1, 2, 4, 2, 0, 2, 2, 3, 1, 0, 1, 2, 0, 1, 2, 4, 1, 3, 4, 1, 2, 4, 3, 3, 3, 1, 1, 4, 3, 3, 3, 2, 4, 2, 4, 2, 3, 4, 1, 4, 1, 2, 2, 1, 4, 3]|[0, 2, 0, 1, 3, 0, 1, 3, 0, 0, 2, 0, 1, 0, 1, 0, 0, 0, 1, 0, 0, 2, 0, 0, 1, 0, 0, 3, 0, 1, 0, 2, 0, 1, 3, 0, 1, 3, 1, 0, 0, 0, 1, 3, 0, 0, 1, 0, 2, 0, 0, 0, 0, 0, 1, 0, 1, 0, 1, 1, 0, 2, 0, 0, 0, 0, 0, 0, 0, 2, 0, 0, 1, 0, 0, 1, 0, 0, 3, 0, 0, 1, 0, 0, 0, 0, 3, 0, 2, 0, 0, 2, 1, 3, 0, 0, 0, 0, 1, 0],839.7308016558047,52103.26715956506,108081.52425448055,false
35,G2_TEC,G2_TEC,[31, 22, 82, 15, 26, 9, 95, 42, 77, 68, 47, 5, 93, 78, 86, 54, 85, 63, 18, 44, 20, 49, 36, 14, 74, 50, 53, 17, 21, 28, 11, 64, 3, 23, 30, 83, 24, 41, 40, 52, 65, 27, 90, 70, 39, 87, 48, 69, 99, 4, 75, 1, 13, 58, 97, 59, 45, 8, 73, 37, 35, 79, 71, 66, 76, 32, 60, 80, 56, 6, 67, 61, 33, 7, 57, 34, 12, 16, 10, 98, 96, 88, 43, 46, 91, 38, 84, 92, 29, 19, 51, 55, 81, 89, 25, 72, 94, 2, 0, 62]|[2, 1, 2, 1, 1, 2, 1, 1, 1, 1, 1, 0, 2, 2, 1, 2, 0, 0, 0, 2, 2, 1, 0, 2, 0, 2, 2, 1, 0, 1, 1, 1, 0, 0, 1, 0, 2, 1, 2, 2, 0, 0, 1, 1, 0, 2, 0, 2, 1, 0, 0, 2, 0, 0, 2, 0, 1, 1, 0, 0, 2, 1, 1, 2, 2, 0, 2, 2, 2, 1, 2, 1, 1, 2, 0, 1, 1, 2, 1, 2, 0, 1, 1, 0, 1, 0, 0, 0, 1, 1, 1, 0, 1, 1, 1, 1, 2, 2, 0, 1]|[0, 3, 0, 3, 4, 1, 4, 4, 2, 4, 3, 2, 1, 0, 2, 1, 1, 1, 2, 1, 1, 3, 0, 1, 0, 1, 1, 4, 1, 4, 3, 2, 2, 0, 4, 1, 1, 4, 1, 1, 2, 1, 4, 4, 1, 1, 0, 2, 3, 2, 2, 1, 2, 1, 1, 2, 4, 3, 0, 2, 2, 3, 3, 1, 1, 2, 1, 1, 1, 4, 1, 3, 4, 1, 2, 4, 3, 1, 3, 1, 2, 4, 4, 2, 3, 2, 2, 2, 3, 4, 3, 2, 4, 4, 4, 4, 1, 1, 2, 3]|[0, 2, 0, 0, 3, 0, 1, 3, 0, 0, 2, 0, 1, 0, 1, 0, 0, 0, 1, 0, 0, 2, 0, 0, 1, 0, 0, 3, 0, 1, 0, 2, 0, 0, 3, 0, 1, 1, 0, 0, 0, 0, 1, 3, 0, 0, 1, 0, 2, 0, 0, 0, 0, 0, 1, 0, 1, 0, 1, 1, 0, 2, 0, 0, 0, 0, 0, 0, 0, 2, 0, 0, 1, 0, 0, 1, 0, 0, 3, 0, 0, 1, 2, 0, 0, 0, 0, 0, 3, 1, 0, 0, 2, 1, 3, 1, 0, 0, 0, 0],908.8272556494078,49235.066718390466,107289.32240407266,false
35,G3_TWC,G3_TWC,[31, 22, 82, 15, 26, 58, 95, 42, 77, 12, 47, 5, 93, 78, 98, 54, 85, 63, 18, 44, 20, 35, 43, 97, 91, 76, 10, 30, 21, 45, 71, 64, 1, 23, 17, 83, 24, 14, 60, 36, 6, 57, 94, 88, 65, 56, 79, 40, 67, 68, 46, 75, 38, 9, 19, 32, 81, 41, 27, 62, 87, 90, 99, 59, 11, 16, 72, 73, 70, 39, 37, 84, 3, 92, 25, 55, 28, 29, 51, 7, 33, 61, 86, 48, 89, 50, 66, 96, 53, 80, 4, 8, 34, 49, 52, 0, 13, 2, 69, 74]|[1, 1, 0, 1, 1, 1, 2, 1, 2, 1, 2, 2, 2, 1, 1, 0, 0, 1, 0, 2, 2, 0, 1, 2, 0, 1, 2, 2, 0, 0, 1, 2, 1, 2, 1, 0, 2, 0, 1, 1, 0, 1, 1, 1, 0, 2, 1, 1, 0, 0, 0, 0, 1, 1, 2, 1, 2, 0, 0, 0, 2, 1, 0, 1, 2, 1, 2, 1, 1, 1, 1, 1, 2, 0, 1, 1, 0, 0, 0, 1, 2, 1, 0, 0, 1, 0, 0, 0, 0, 0, 0, 1, 2, 0, 1, 0, 0, 0, 1, 2]|[4, 3, 2, 2, 0, 0, 2, 2, 2, 4, 1, 1, 2, 4, 4, 1, 1, 4, 2, 1, 1, 1, 1, 2, 1, 2, 1, 1, 1, 1, 3, 2, 3, 0, 4, 0, 1, 1, 0, 3, 2, 2, 4, 0, 1, 1, 0, 2, 0, 1, 2, 2, 1, 4, 0, 3, 2, 1, 1, 2, 1, 3, 1, 1, 1, 3, 0, 4, 3, 1, 4, 1, 1, 2, 4, 4, 2, 1, 1, 3, 1, 3, 1, 1, 1, 1, 1, 1, 2, 1, 2, 3, 1, 1, 1, 2, 2, 2, 3, 1]|[0, 2, 1, 1, 3, 3, 0, 1, 0, 0, 0, 0, 1, 0, 1, 0, 0, 3, 1, 0, 0, 0, 3, 1, 0, 2, 0, 0, 0, 1, 0, 0, 0, 0, 3, 0, 1, 0, 0, 2, 1, 1, 2, 0, 0, 0, 0, 1, 1, 0, 0, 0, 1, 3, 0, 0, 1, 0, 0, 1, 0, 2, 0, 1, 0, 2, 1, 0, 0, 1, 1, 3, 0, 1, 3, 3, 1, 0, 0, 2, 0, 0, 0, 0, 1, 0, 0, 0, 1, 0, 1, 2, 0, 1, 1, 0, 0, 0, 0, 0],805.5394456933803,58046.77716663049,89050.44506242599,false
35,G1_CMAX,G1_CMAX,[31, 22, 82, 15, 26, 99, 95, 42, 77, 12, 47, 5, 93, 78, 86, 54, 21, 63, 18, 44, 20, 35, 43, 97, 91, 76, 10, 30, 85, 45, 71, 64, 1, 23, 57, 83, 24, 14, 60, 36, 6, 17, 40, 88, 65, 56, 79, 94, 67, 68, 46, 75, 38, 9, 19, 32, 41, 81, 27, 87, 90, 58, 59, 11, 16, 72, 73, 70, 39, 37, 84, 3, 92, 25, 55, 48, 62, 29, 51, 96, 33, 61, 98, 66, 89, 50, 4, 7, 53, 80, 8, 28, 34, 49, 52, 0, 74, 69, 2, 13]|[1, 1, 0, 1, 1, 0, 1, 1, 2, 1, 2, 2, 2, 1, 1, 0, 0, 1, 0, 2, 2, 0, 1, 2, 0, 1, 2, 2, 0, 0, 1, 2, 1, 2, 1, 0, 2, 0, 1, 1, 0, 1, 1, 1, 0, 2, 1, 1, 0, 0, 0, 0, 1, 1, 2, 1, 0, 2, 0, 2, 1, 0, 1, 2, 1, 2, 1, 1, 1, 1, 1, 1, 0, 1, 2, 0, 0, 0, 2, 2, 2, 1, 2, 2, 1, 0, 1, 2, 0, 0, 1, 0, 2, 0, 1, 0, 2, 1, 0, 0]|[0, 3, 2, 2, 4, 1, 2, 3, 2, 4, 1, 1, 2, 4, 4, 1, 1, 4, 2, 1, 1, 1, 1, 2, 1, 2, 1, 1, 2, 1, 3, 2, 3, 1, 4, 0, 1, 1, 0, 3, 2, 2, 2, 0, 1, 1, 0, 4, 0, 1, 2, 2, 1, 4, 0, 3, 1, 1, 1, 1, 3, 1, 1, 1, 3, 0, 4, 3, 1, 4, 1, 1, 2, 4, 1, 1, 2, 1, 2, 1, 1, 3, 1, 1, 1, 1, 4, 1, 2, 1, 3, 2, 1, 1, 1, 2, 1, 4, 2, 2]|[0, 2, 1, 1, 3, 0, 1, 3, 0, 0, 0, 0, 1, 0, 1, 0, 0, 3, 1, 0, 0, 0, 3, 1, 0, 2, 0, 0, 0, 1, 0, 0, 0, 0, 3, 0, 1, 0, 0, 2, 1, 1, 1, 0, 0, 0, 0, 2, 1, 0, 0, 0, 1, 3, 0, 0, 0, 0, 0, 0, 2, 0, 1, 0, 2, 1, 0, 0, 1, 1, 3, 1, 1, 3, 0, 0, 1, 0, 1, 0, 0, 0, 0, 0, 1, 0, 0, 0, 1, 0, 2, 1, 0, 1, 1, 0, 0, 2, 0, 0],726.9061273463456,57092.60052686413,92996.29751897219,false
35,G4_BALANCED,G4_BALANCED,[31, 22, 82, 15, 26, 9, 95, 42, 77, 68, 47, 5, 93, 78, 86, 54, 85, 63, 18, 44, 20, 49, 36, 14, 74, 50, 53, 17, 21, 28, 11, 64, 3, 23, 30, 83, 24, 41, 40, 52, 65, 27, 90, 70, 39, 87, 48, 69, 99, 4, 46, 1, 13, 58, 97, 59, 45, 8, 73, 37, 35, 79, 71, 66, 76, 32, 60, 80, 96, 6, 16, 61, 33, 7, 57, 34, 12, 67, 10, 98, 56, 88, 43, 75, 91, 38, 84, 92, 29, 19, 51, 55, 72, 89, 62, 81, 94, 25, 2, 0]|[2, 1, 2, 1, 1, 0, 1, 1, 1, 1, 1, 0, 2, 2, 1, 2, 0, 0, 0, 2, 2, 1, 0, 2, 0, 2, 2, 1, 0, 1, 1, 1, 0, 0, 1, 0, 2, 1, 2, 2, 0, 0, 1, 1, 0, 2, 0, 2, 1, 0, 0, 2, 0, 0, 2, 0, 1, 1, 0, 0, 2, 1, 1, 2, 2, 0, 2, 2, 0, 1, 1, 1, 1, 2, 0, 1, 1, 2, 1, 2, 2, 1, 1, 0, 1, 0, 0, 0, 1, 2, 1, 0, 1, 1, 1, 1, 2, 1, 2, 0]|[0, 3, 0, 3, 4, 1, 4, 4, 2, 4, 3, 2, 1, 0, 2, 1, 1, 1, 2, 1, 1, 3, 0, 1, 0, 1, 1, 4, 1, 4, 3, 2, 2, 0, 4, 1, 1, 4, 1, 1, 2, 1, 4, 4, 1, 1, 0, 2, 3, 2, 2, 1, 2, 1, 1, 2, 4, 3, 0, 2, 2, 3, 3, 1, 1, 2, 1, 1, 2, 4, 3, 3, 4, 1, 2, 4, 3, 1, 3, 1, 1, 4, 4, 2, 3, 2, 2, 2, 3, 1, 3, 2, 4, 4, 3, 4, 1, 4, 1, 2]|[0, 2, 0, 0, 3, 0, 1, 3, 0, 0, 2, 0, 1, 0, 1, 0, 0, 0, 1, 0, 0, 2, 0, 0, 1, 0, 0, 3, 0, 1, 0, 2, 0, 0, 3, 0, 1, 1, 0, 0, 0, 0, 1, 3, 0, 0, 1, 0, 2, 0, 0, 0, 0, 1, 1, 0, 1, 0, 1, 1, 0, 2, 0, 0, 0, 0, 0, 0, 0, 2, 0, 0, 1, 0, 0, 1, 0, 0, 3, 0, 0, 1, 2, 0, 0, 0, 0, 0, 3, 1, 0, 0, 2, 1, 0, 2, 0, 3, 0, 0],898.2543121797436,50246.671159953345,103716.61071478907,false
35,G2_TEC,G2_TEC,[31, 22, 82, 15, 26, 9, 95, 42, 77, 68, 47, 5, 93, 78, 86, 54, 85, 63, 18, 44, 20, 49, 36, 14, 74, 50, 53, 17, 21, 28, 11, 64, 3, 23, 30, 83, 24, 41, 40, 52, 65, 27, 90, 70, 39, 87, 48, 69, 99, 4, 75, 1, 13, 58, 97, 59, 45, 8, 73, 37, 35, 79, 71, 66, 76, 32, 60, 80, 56, 6, 67, 61, 33, 7, 57, 34, 12, 16, 10, 98, 96, 88, 43, 46, 91, 38, 84, 92, 29, 19, 51, 55, 81, 89, 25, 72, 94, 2, 0, 62]|[2, 1, 2, 1, 1, 2, 1, 1, 1, 1, 1, 0, 2, 2, 1, 2, 0, 0, 0, 2, 2, 1, 0, 2, 0, 2, 2, 1, 0, 1, 1, 1, 0, 0, 1, 0, 2, 1, 2, 2, 0, 0, 1, 1, 0, 2, 0, 2, 1, 0, 0, 2, 0, 0, 2, 0, 1, 1, 0, 0, 2, 1, 1, 2, 2, 0, 2, 2, 2, 1, 2, 1, 1, 2, 0, 1, 1, 2, 1, 2, 0, 1, 1, 0, 1, 0, 0, 0, 1, 1, 1, 0, 1, 1, 1, 1, 2, 2, 0, 1]|[0, 3, 0, 3, 4, 1, 4, 4, 2, 4, 3, 2, 1, 0, 2, 1, 1, 1, 2, 1, 1, 3, 0, 1, 0, 1, 1, 4, 1, 4, 3, 2, 2, 0, 4, 1, 1, 4, 1, 1, 2, 1, 4, 4, 1, 1, 0, 2, 3, 2, 2, 1, 2, 1, 1, 2, 4, 3, 0, 2, 2, 3, 3, 1, 1, 2, 1, 1, 1, 4, 1, 3, 4, 1, 2, 4, 3, 1, 3, 1, 2, 4, 4, 2, 3, 2, 2, 2, 3, 4, 3, 2, 4, 4, 4, 4, 1, 1, 2, 3]|[0, 2, 0, 0, 3, 0, 1, 3, 0, 0, 2, 0, 1, 0, 1, 0, 0, 0, 1, 0, 0, 2, 0, 0, 1, 0, 0, 3, 0, 1, 0, 2, 0, 0, 3, 0, 1, 1, 0, 0, 0, 0, 1, 3, 0, 0, 1, 0, 2, 0, 0, 0, 0, 0, 1, 0, 1, 0, 1, 1, 0, 2, 0, 0, 0, 0, 0, 0, 0, 2, 0, 0, 1, 0, 0, 1, 0, 0, 3, 0, 0, 1, 2, 0, 0, 0, 0, 0, 3, 1, 0, 0, 2, 1, 3, 1, 0, 0, 0, 0],908.8272556494078,49235.066718390466,107289.32240407266,false
35,G3_TWC,G3_TWC,[31, 22, 82, 15, 26, 58, 95, 42, 77, 12, 47, 5, 93, 78, 98, 54, 85, 63, 18, 44, 20, 35, 43, 97, 91, 76, 10, 30, 21, 45, 71, 64, 1, 23, 17, 83, 24, 14, 60, 36, 6, 57, 94, 88, 65, 56, 79, 40, 67, 68, 46, 75, 38, 9, 19, 32, 81, 41, 27, 62, 87, 90, 99, 59, 11, 16, 72, 73, 70, 39, 37, 84, 3, 92, 25, 55, 28, 29, 51, 7, 33, 61, 86, 48, 89, 50, 66, 96, 53, 80, 4, 8, 34, 49, 52, 0, 13, 2, 69, 74]|[1, 1, 0, 1, 1, 1, 2, 1, 2, 1, 2, 2, 2, 1, 1, 0, 0, 1, 0, 2, 2, 0, 1, 2, 0, 1, 2, 2, 0, 0, 1, 2, 1, 2, 1, 0, 2, 0, 1, 1, 0, 1, 1, 1, 0, 2, 1, 1, 0, 0, 0, 0, 1, 1, 2, 1, 2, 0, 0, 0, 2, 1, 0, 1, 2, 1, 2, 1, 1, 1, 1, 1, 2, 0, 1, 1, 0, 0, 0, 1, 2, 1, 0, 0, 1, 0, 0, 0, 0, 0, 0, 1, 2, 0, 1, 0, 0, 0, 1, 2]|[4, 3, 2, 2, 0, 0, 2, 2, 2, 4, 1, 1, 2, 4, 4, 1, 1, 4, 2, 1, 1, 1, 1, 2, 1, 2, 1, 1, 1, 1, 3, 2, 3, 0, 4, 0, 1, 1, 0, 3, 2, 2, 4, 0, 1, 1, 0, 2, 0, 1, 2, 2, 1, 4, 0, 3, 2, 1, 1, 2, 1, 3, 1, 1, 1, 3, 0, 4, 3, 1, 4, 1, 1, 2, 4, 4, 2, 1, 1, 3, 1, 3, 1, 1, 1, 1, 1, 1, 2, 1, 2, 3, 1, 1, 1, 2, 2, 2, 3, 1]|[0, 2, 1, 1, 3, 3, 0, 1, 0, 0, 0, 0, 1, 0, 1, 0, 0, 3, 1, 0, 0, 0, 3, 1, 0, 2, 0, 0, 0, 1, 0, 0, 0, 0, 3, 0, 1, 0, 0, 2, 1, 1, 2, 0, 0, 0, 0, 1, 1, 0, 0, 0, 1, 3, 0, 0, 1, 0, 0, 1, 0, 2, 0, 1, 0, 2, 1, 0, 0, 1, 1, 3, 0, 1, 3, 3, 1, 0, 0, 2, 0, 0, 0, 0, 1, 0, 0, 0, 1, 0, 1, 2, 0, 1, 1, 0, 0, 0, 0, 0],805.5394456933803,58046.77716663049,89050.44506242599,false
35,G1_CMAX,G1_CMAX,[31, 22, 82, 15, 26, 99, 95, 42, 77, 12, 47, 5, 93, 78, 86, 54, 21, 63, 18, 44, 20, 35, 43, 97, 91, 76, 10, 30, 85, 45, 71, 64, 1, 23, 57, 83, 24, 14, 60, 36, 6, 17, 40, 88, 65, 56, 79, 94, 67, 68, 46, 75, 38, 9, 19, 32, 41, 81, 27, 87, 90, 58, 59, 11, 16, 72, 73, 70, 39, 37, 84, 3, 92, 25, 55, 48, 62, 29, 51, 96, 33, 61, 98, 66, 89, 50, 4, 7, 53, 80, 8, 28, 34, 49, 52, 0, 74, 69, 2, 13]|[1, 1, 0, 1, 1, 0, 1, 1, 2, 1, 2, 2, 2, 1, 1, 0, 0, 1, 0, 2, 2, 0, 1, 2, 0, 1, 2, 2, 0, 0, 1, 2, 1, 2, 1, 0, 2, 0, 1, 1, 0, 1, 1, 1, 0, 2, 1, 1, 0, 0, 0, 0, 1, 1, 2, 1, 0, 2, 0, 2, 1, 0, 1, 2, 1, 2, 1, 1, 1, 1, 1, 1, 0, 1, 2, 0, 0, 0, 2, 2, 2, 1, 2, 2, 1, 0, 1, 2, 0, 0, 1, 0, 2, 0, 1, 0, 2, 1, 0, 0]|[0, 3, 2, 2, 4, 1, 2, 3, 2, 4, 1, 1, 2, 4, 4, 1, 1, 4, 2, 1, 1, 1, 1, 2, 1, 2, 1, 1, 2, 1, 3, 2, 3, 1, 4, 0, 1, 1, 0, 3, 2, 2, 2, 0, 1, 1, 0, 4, 0, 1, 2, 2, 1, 4, 0, 3, 1, 1, 1, 1, 3, 1, 1, 1, 3, 0, 4, 3, 1, 4, 1, 1, 2, 4, 1, 1, 2, 1, 2, 1, 1, 3, 1, 1, 1, 1, 4, 1, 2, 1, 3, 2, 1, 1, 1, 2, 1, 4, 2, 2]|[0, 2, 1, 1, 3, 0, 1, 3, 0, 0, 0, 0, 1, 0, 1, 0, 0, 3, 1, 0, 0, 0, 3, 1, 0, 2, 0, 0, 0, 1, 0, 0, 0, 0, 3, 0, 1, 0, 0, 2, 1, 1, 1, 0, 0, 0, 0, 2, 1, 0, 0, 0, 1, 3, 0, 0, 0, 0, 0, 0, 2, 0, 1, 0, 2, 1, 0, 0, 1, 1, 3, 1, 1, 3, 0, 0, 1, 0, 1, 0, 0, 0, 0, 0, 1, 0, 0, 0, 1, 0, 2, 1, 0, 1, 1, 0, 0, 2, 0, 0],726.9061273463456,57092.60052686413,92996.29751897219,false
35,G4_BALANCED,G2_TEC,[31, 22, 82, 15, 26, 9, 95, 42, 77, 68, 47, 5, 93, 78, 86, 54, 85, 63, 18, 44, 20, 49, 36, 14, 74, 50, 53, 17, 21, 28, 11, 64, 3, 23, 30, 83, 24, 41, 60, 52, 65, 27, 90, 70, 39, 87, 48, 69, 99, 4, 46, 1, 13, 58, 97, 59, 45, 8, 73, 37, 35, 79, 71, 66, 76, 32, 40, 80, 56, 6, 67, 61, 33, 7, 57, 34, 12, 16, 10, 98, 96, 88, 43, 75, 91, 38, 19, 92, 29, 84, 51, 55, 72, 25, 89, 81, 94, 2, 62, 0]|[2, 1, 2, 1, 1, 2, 1, 1, 1, 1, 1, 0, 2, 2, 1, 2, 0, 0, 0, 2, 2, 1, 0, 2, 0, 2, 2, 1, 0, 1, 1, 1, 0, 0, 1, 0, 2, 1, 2, 2, 0, 0, 1, 1, 0, 2, 0, 2, 1, 0, 0, 2, 0, 0, 2, 0, 1, 1, 0, 0, 2, 1, 1, 2, 2, 0, 2, 2, 2, 1, 2, 1, 1, 2, 0, 1, 1, 2, 1, 2, 0, 1, 1, 0, 1, 0, 1, 0, 1, 0, 1, 0, 1, 1, 1, 1, 2, 2, 1, 0]|[0, 3, 0, 3, 4, 1, 4, 4, 2, 4, 3, 2, 1, 0, 2, 1, 1, 1, 2, 1, 1, 3, 0, 1, 0, 1, 1, 4, 1, 4, 3, 2, 2, 0, 4, 1, 1, 4, 1, 1, 2, 1, 4, 4, 1, 1, 0, 2, 3, 2, 2, 1, 2, 1, 1, 2, 4, 3, 0, 2, 2, 3, 3, 1, 1, 2, 1, 1, 1, 4, 1, 3, 4, 1, 2, 4, 3, 1, 3, 1, 2, 4, 4, 2, 3, 2, 4, 2, 3, 2, 3, 2, 4, 4, 4, 4, 1, 1, 3, 2]|[0, 2, 0, 0, 3, 0, 1, 3, 0, 0, 2, 0, 1, 0, 1, 0, 0, 0, 1, 0, 0, 2, 0, 0, 1, 0, 0, 3, 0, 1, 0, 2, 0, 0, 3, 0, 1, 1, 0, 0, 0, 0, 1, 3, 0, 0, 1, 0, 2, 0, 0, 0, 0, 0, 1, 0, 1, 0, 1, 1, 0, 2, 0, 0, 0, 0, 0, 0, 0, 2, 0, 0, 1, 0, 0, 1, 0, 0, 3, 0, 0, 1, 2, 0, 0, 0, 1, 0, 3, 0, 0, 0, 1, 3, 1, 2, 0, 0, 0, 0],908.6830653768391,49374.52762482427,107538.03356219493,true
35,G2_TEC,G2_TEC,[31, 22, 82, 15, 26, 9, 95, 42, 77, 68, 47, 5, 93, 78, 86, 54, 85, 63, 18, 44, 20, 49, 36, 14, 74, 50, 53, 17, 21, 28, 11, 64, 3, 23, 30, 83, 24, 41, 40, 52, 65, 27, 90, 70, 39, 87, 48, 69, 99, 4, 75, 1, 13, 58, 97, 59, 45, 8, 73, 37, 35, 79, 71, 66, 76, 32, 60, 80, 56, 6, 67, 61, 33, 7, 57, 34, 12, 16, 10, 98, 96, 88, 43, 46, 91, 38, 84, 92, 29, 19, 51, 55, 81, 89, 25, 72, 94, 2, 0, 62]|[2, 1, 2, 1, 1, 2, 1, 1, 1, 1, 1, 0, 2, 2, 1, 2, 0, 0, 0, 2, 2, 1, 0, 2, 0, 2, 2, 1, 0, 1, 1, 1, 0, 0, 1, 0, 2, 1, 2, 2, 0, 0, 1, 1, 0, 2, 0, 2, 1, 0, 0, 2, 0, 0, 2, 0, 1, 1, 0, 0, 2, 1, 1, 2, 2, 0, 2, 2, 2, 1, 2, 1, 1, 2, 0, 1, 1, 2, 1, 2, 0, 1, 1, 0, 1, 0, 0, 0, 1, 1, 1, 0, 1, 1, 1, 1, 2, 2, 0, 1]|[0, 3, 0, 3, 4, 1, 4, 4, 2, 4, 3, 2, 1, 0, 2, 1, 1, 1, 2, 1, 1, 3, 0, 1, 0, 1, 1, 4, 1, 4, 3, 2, 2, 0, 4, 1, 1, 4, 1, 1, 2, 1, 4, 4, 1, 1, 0, 2, 3, 2, 2, 1, 2, 1, 1, 2, 4, 3, 0, 2, 2, 3, 3, 1, 1, 2, 1, 1, 1, 4, 1, 3, 4, 1, 2, 4, 3, 1, 3, 1, 2, 4, 4, 2, 3, 2, 2, 2, 3, 4, 3, 2, 4, 4, 4, 4, 1, 1, 2, 3]|[0, 2, 0, 0, 3, 0, 1, 3, 0, 0, 2, 0, 1, 0, 1, 0, 0, 0, 1, 0, 0, 2, 0, 0, 1, 0, 0, 3, 0, 1, 0, 2, 0, 0, 3, 0, 1, 1, 0, 0, 0, 0, 1, 3, 0, 0, 1, 0, 2, 0, 0, 0, 0, 0, 1, 0, 1, 0, 1, 1, 0, 2, 0, 0, 0, 0, 0, 0, 0, 2, 0, 0, 1, 0, 0, 1, 0, 0, 3, 0, 0, 1, 2, 0, 0, 0, 0, 0, 3, 1, 0, 0, 2, 1, 3, 1, 0, 0, 0, 0],908.8272556494078,49235.066718390466,107289.32240407266,false
35,G3_TWC,G3_TWC,[31, 22, 82, 15, 26, 58, 95, 42, 77, 12, 47, 5, 93, 78, 98, 54, 85, 63, 18, 44, 20, 35, 43, 97, 91, 76, 10, 30, 21, 45, 71, 64, 1, 23, 17, 83, 24, 14, 60, 36, 6, 57, 94, 88, 65, 56, 79, 40, 67, 68, 46, 75, 38, 9, 19, 32, 81, 41, 27, 62, 87, 90, 99, 59, 11, 16, 72, 73, 70, 39, 37, 84, 3, 92, 25, 55, 28, 29, 51, 7, 33, 61, 86, 48, 89, 50, 66, 96, 53, 80, 4, 8, 34, 49, 52, 0, 13, 2, 69, 74]|[1, 1, 0, 1, 1, 1, 2, 1, 2, 1, 2, 2, 2, 1, 1, 0, 0, 1, 0, 2, 2, 0, 1, 2, 0, 1, 2, 2, 0, 0, 1, 2, 1, 2, 1, 0, 2, 0, 1, 1, 0, 1, 1, 1, 0, 2, 1, 1, 0, 0, 0, 0, 1, 1, 2, 1, 2, 0, 0, 0, 2, 1, 0, 1, 2, 1, 2, 1, 1, 1, 1, 1, 2, 0, 1, 1, 0, 0, 0, 1, 2, 1, 0, 0, 1, 0, 0, 0, 0, 0, 0, 1, 2, 0, 1, 0, 0, 0, 1, 2]|[4, 3, 2, 2, 0, 0, 2, 2, 2, 4, 1, 1, 2, 4, 4, 1, 1, 4, 2, 1, 1, 1, 1, 2, 1, 2, 1, 1, 1, 1, 3, 2, 3, 0, 4, 0, 1, 1, 0, 3, 2, 2, 4, 0, 1, 1, 0, 2, 0, 1, 2, 2, 1, 4, 0, 3, 2, 1, 1, 2, 1, 3, 1, 1, 1, 3, 0, 4, 3, 1, 4, 1, 1, 2, 4, 4, 2, 1, 1, 3, 1, 3, 1, 1, 1, 1, 1, 1, 2, 1, 2, 3, 1, 1, 1, 2, 2, 2, 3, 1]|[0, 2, 1, 1, 3, 3, 0, 1, 0, 0, 0, 0, 1, 0, 1, 0, 0, 3, 1, 0, 0, 0, 3, 1, 0, 2, 0, 0, 0, 1, 0, 0, 0, 0, 3, 0, 1, 0, 0, 2, 1, 1, 2, 0, 0, 0, 0, 1, 1, 0, 0, 0, 1, 3, 0, 0, 1, 0, 0, 1, 0, 2, 0, 1, 0, 2, 1, 0, 0, 1, 1, 3, 0, 1, 3, 3, 1, 0, 0, 2, 0, 0, 0, 0, 1, 0, 0, 0, 1, 0, 1, 2, 0, 1, 1, 0, 0, 0, 0, 0],805.5394456933803,58046.77716663049,89050.44506242599,false
35,G1_CMAX,G1_CMAX,[31, 22, 82, 15, 26, 99, 95, 42, 77, 12, 47, 5, 93, 78, 86, 54, 21, 63, 18, 44, 20, 35, 43, 97, 91, 76, 10, 30, 85, 45, 71, 64, 1, 23, 57, 83, 24, 14, 60, 36, 6, 17, 40, 88, 65, 56, 79, 94, 67, 68, 46, 75, 38, 9, 19, 32, 41, 81, 27, 87, 90, 58, 59, 11, 16, 72, 73, 70, 39, 37, 84, 3, 92, 25, 55, 48, 62, 29, 51, 96, 33, 61, 98, 66, 89, 50, 4, 7, 53, 80, 8, 28, 34, 49, 52, 0, 74, 69, 2, 13]|[1, 1, 0, 1, 1, 0, 1, 1, 2, 1, 2, 2, 2, 1, 1, 0, 0, 1, 0, 2, 2, 0, 1, 2, 0, 1, 2, 2, 0, 0, 1, 2, 1, 2, 1, 0, 2, 0, 1, 1, 0, 1, 1, 1, 0, 2, 1, 1, 0, 0, 0, 0, 1, 1, 2, 1, 0, 2, 0, 2, 1, 0, 1, 2, 1, 2, 1, 1, 1, 1, 1, 1, 0, 1, 2, 0, 0, 0, 2, 2, 2, 1, 2, 2, 1, 0, 1, 2, 0, 0, 1, 0, 2, 0, 1, 0, 2, 1, 0, 0]|[0, 3, 2, 2, 4, 1, 2, 3, 2, 4, 1, 1, 2, 4, 4, 1, 1, 4, 2, 1, 1, 1, 1, 2, 1, 2, 1, 1, 2, 1, 3, 2, 3, 1, 4, 0, 1, 1, 0, 3, 2, 2, 2, 0, 1, 1, 0, 4, 0, 1, 2, 2, 1, 4, 0, 3, 1, 1, 1, 1, 3, 1, 1, 1, 3, 0, 4, 3, 1, 4, 1, 1, 2, 4, 1, 1, 2, 1, 2, 1, 1, 3, 1, 1, 1, 1, 4, 1, 2, 1, 3, 2, 1, 1, 1, 2, 1, 4, 2, 2]|[0, 2, 1, 1, 3, 0, 1, 3, 0, 0, 0, 0, 1, 0, 1, 0, 0, 3, 1, 0, 0, 0, 3, 1, 0, 2, 0, 0, 0, 1, 0, 0, 0, 0, 3, 0, 1, 0, 0, 2, 1, 1, 1, 0, 0, 0, 0, 2, 1, 0, 0, 0, 1, 3, 0, 0, 0, 0, 0, 0, 2, 0, 1, 0, 2, 1, 0, 0, 1, 1, 3, 1, 1, 3, 0, 0, 1, 0, 1, 0, 0, 0, 0, 0, 1, 0, 0, 0, 1, 0, 2, 1, 0, 1, 1, 0, 0, 2, 0, 0],726.9061273463456,57092.60052686413,92996.29751897219,false
35,G4_BALANCED,G4_BALANCED,[31, 22, 82, 15, 26, 9, 95, 42, 77, 68, 47, 5, 93, 78, 86, 54, 85, 63, 18, 44, 20, 49, 36, 14, 74, 50, 53, 17, 21, 28, 11, 64, 3, 23, 30, 83, 24, 41, 40, 52, 65, 27, 90, 70, 39, 87, 48, 69, 99, 4, 46, 1, 13, 58, 19, 59, 45, 8, 73, 37, 35, 79, 71, 66, 76, 32, 60, 80, 56, 6, 67, 61, 33, 7, 57, 34, 12, 16, 10, 98, 96, 88, 43, 75, 91, 38, 84, 92, 29, 97, 51, 55, 81, 89, 25, 72, 94, 2, 0, 62]|[2, 1, 2, 1, 1, 0, 1, 1, 1, 1, 1, 0, 2, 2, 1, 2, 0, 0, 0, 2, 2, 1, 0, 2, 0, 2, 2, 1, 0, 1, 1, 1, 0, 0, 1, 0, 2, 1, 2, 2, 0, 0, 1, 1, 0, 2, 0, 2, 1, 0, 0, 2, 0, 0, 2, 0, 1, 1, 0, 0, 2, 1, 1, 2, 2, 0, 2, 2, 2, 1, 2, 1, 1, 2, 0, 1, 1, 2, 1, 2, 0, 1, 1, 0, 1, 0, 0, 0, 1, 1, 1, 0, 1, 1, 1, 1, 2, 2, 0, 1]|[0, 3, 0, 3, 4, 1, 4, 4, 2, 4, 3, 2, 1, 0, 2, 1, 1, 1, 2, 1, 1, 3, 0, 1, 0, 1, 1, 4, 1, 4, 3, 2, 2, 0, 4, 1, 1, 4, 1, 1, 2, 1, 4, 4, 1, 1, 0, 2, 3, 2, 2, 1, 2, 1, 1, 2, 4, 3, 0, 2, 2, 3, 3, 1, 1, 2, 1, 1, 1, 4, 1, 3, 4, 1, 2, 4, 3, 1, 3, 1, 2, 4, 4, 2, 3, 2, 2, 2, 3, 4, 3, 2, 4, 4, 4, 4, 1, 1, 2, 3]|[0, 2, 0, 0, 3, 0, 1, 3, 0, 0, 2, 0, 1, 0, 1, 0, 0, 0, 1, 0, 0, 2, 0, 0, 1, 0, 0, 3, 0, 1, 0, 2, 0, 0, 3, 0, 1, 1, 0, 0, 0, 0, 1, 3, 0, 0, 1, 0, 2, 0, 0, 0, 0, 0, 1, 0, 1, 0, 1, 1, 0, 2, 0, 0, 0, 0, 0, 0, 0, 2, 0, 0, 1, 0, 0, 1, 0, 0, 3, 0, 0, 1, 2, 0, 0, 0, 0, 0, 3, 1, 0, 0, 2, 1, 3, 1, 0, 0, 0, 0],920.1849049908361,49505.9112889671,105404.67717899394,false
35,G2_TEC,G2_TEC,[31, 22, 82, 15, 26, 9, 95, 42, 77, 68, 47, 5, 93, 78, 86, 54, 85, 63, 18, 44, 20, 49, 36, 14, 74, 50, 53, 17, 21, 28, 11, 64, 3, 23, 30, 83, 24, 41, 40, 52, 65, 27, 90, 70, 39, 87, 48, 69, 99, 4, 75, 1, 13, 58, 97, 59, 45, 8, 73, 37, 35, 79, 71, 66, 76, 32, 60, 80, 56, 6, 67, 61, 33, 7, 57, 34, 12, 16, 10, 98, 96, 88, 43, 46, 91, 38, 84, 92, 29, 19, 51, 55, 81, 89, 25, 72, 94, 2, 0, 62]|[2, 1, 2, 1, 1, 2, 1, 1, 1, 1, 1, 0, 2, 2, 1, 2, 0, 0, 0, 2, 2, 1, 0, 2, 0, 2, 2, 1, 0, 1, 1, 1, 0, 0, 1, 0, 2, 1, 2, 2, 0, 0, 1, 1, 0, 2, 0, 2, 1, 0, 0, 2, 0, 0, 2, 0, 1, 1, 0, 0, 2, 1, 1, 2, 2, 0, 2, 2, 2, 1, 2, 1, 1, 2, 0, 1, 1, 2, 1, 2, 0, 1, 1, 0, 1, 0, 0, 0, 1, 1, 1, 0, 1, 1, 1, 1, 2, 2, 0, 1]|[0, 3, 0, 3, 4, 1, 4, 4, 2, 4, 3, 2, 1, 0, 2, 1, 1, 1, 2, 1, 1, 3, 0, 1, 0, 1, 1, 4, 1, 4, 3, 2, 2, 0, 4, 1, 1, 4, 1, 1, 2, 1, 4, 4, 1, 1, 0, 2, 3, 2, 2, 1, 2, 1, 1, 2, 4, 3, 0, 2, 2, 3, 3, 1, 1, 2, 1, 1, 1, 4, 1, 3, 4, 1, 2, 4, 3, 1, 3, 1, 2, 4, 4, 2, 3, 2, 2, 2, 3, 4, 3, 2, 4, 4, 4, 4, 1, 1, 2, 3]|[0, 2, 0, 0, 3, 0, 1, 3, 0, 0, 2, 0, 1, 0, 1, 0, 0, 0, 1, 0, 0, 2, 0, 0, 1, 0, 0, 3, 0, 1, 0, 2, 0, 0, 3, 0, 1, 1, 0, 0, 0, 0, 1, 3, 0, 0, 1, 0, 2, 0, 0, 0, 0, 0, 1, 0, 1, 0, 1, 1, 0, 2, 0, 0, 0, 0, 0, 0, 0, 2, 0, 0, 1, 0, 0, 1, 0, 0, 3, 0, 0, 1, 2, 0, 0, 0, 0, 0, 3, 1, 0, 0, 2, 1, 3, 1, 0, 0, 0, 0],908.8272556494078,49235.066718390466,107289.32240407266,false
35,G3_TWC,G3_TWC,[31, 22, 82, 15, 26, 58, 95, 42, 77, 12, 47, 5, 93, 78, 98, 54, 85, 63, 18, 44, 20, 35, 43, 97, 91, 76, 10, 30, 21, 45, 71, 64, 1, 23, 17, 83, 24, 14, 60, 36, 6, 57, 94, 88, 65, 56, 79, 40, 67, 68, 46, 75, 38, 9, 19, 32, 81, 41, 27, 62, 87, 90, 99, 59, 11, 16, 72, 73, 70, 39, 37, 84, 3, 92, 25, 55, 28, 29, 51, 7, 33, 61, 86, 48, 89, 50, 66, 96, 53, 80, 4, 8, 34, 49, 52, 0, 13, 2, 69, 74]|[1, 1, 0, 1, 1, 1, 2, 1, 2, 1, 2, 2, 2, 1, 1, 0, 0, 1, 0, 2, 2, 0, 1, 2, 0, 1, 2, 2, 0, 0, 1, 2, 1, 2, 1, 0, 2, 0, 1, 1, 0, 1, 1, 1, 0, 2, 1, 1, 0, 0, 0, 0, 1, 1, 2, 1, 2, 0, 0, 0, 2, 1, 0, 1, 2, 1, 2, 1, 1, 1, 1, 1, 2, 0, 1, 1, 0, 0, 0, 1, 2, 1, 0, 0, 1, 0, 0, 0, 0, 0, 0, 1, 2, 0, 1, 0, 0, 0, 1, 2]|[4, 3, 2, 2, 0, 0, 2, 2, 2, 4, 1, 1, 2, 4, 4, 1, 1, 4, 2, 1, 1, 1, 1, 2, 1, 2, 1, 1, 1, 1, 3, 2, 3, 0, 4, 0, 1, 1, 0, 3, 2, 2, 4, 0, 1, 1, 0, 2, 0, 1, 2, 2, 1, 4, 0, 3, 2, 1, 1, 2, 1, 3, 1, 1, 1, 3, 0, 4, 3, 1, 4, 1, 1, 2, 4, 4, 2, 1, 1, 3, 1, 3, 1, 1, 1, 1, 1, 1, 2, 1, 2, 3, 1, 1, 1, 2, 2, 2, 3, 1]|[0, 2, 1, 1, 3, 3, 0, 1, 0, 0, 0, 0, 1, 0, 1, 0, 0, 3, 1, 0, 0, 0, 3, 1, 0, 2, 0, 0, 0, 1, 0, 0, 0, 0, 3, 0, 1, 0, 0, 2, 1, 1, 2, 0, 0, 0, 0, 1, 1, 0, 0, 0, 1, 3, 0, 0, 1, 0, 0, 1, 0, 2, 0, 1, 0, 2, 1, 0, 0, 1, 1, 3, 0, 1, 3, 3, 1, 0, 0, 2, 0, 0, 0, 0, 1, 0, 0, 0, 1, 0, 1, 2, 0, 1, 1, 0, 0, 0, 0, 0],805.5394456933803,58046.77716663049,89050.44506242599,false
35,G1_CMAX,G1_CMAX,[31, 22, 82, 15, 26, 99, 95, 42, 77, 12, 47, 5, 93, 78, 86, 54, 21, 63, 18, 44, 20, 35, 43, 97, 91, 76, 10, 30, 85, 45, 71, 64, 1, 23, 57, 83, 24, 14, 60, 36, 6, 17, 40, 88, 65, 56, 79, 94, 67, 68, 46, 75, 38, 9, 19, 32, 41, 81, 27, 87, 90, 58, 59, 11, 16, 72, 73, 70, 39, 37, 84, 3, 92, 25, 55, 48, 62, 29, 51, 96, 33, 61, 98, 66, 89, 50, 4, 7, 53, 80, 8, 28, 34, 49, 52, 0, 74, 69, 2, 13]|[1, 1, 0, 1, 1, 0, 1, 1, 2, 1, 2, 2, 2, 1, 1, 0, 0, 1, 0, 2, 2, 0, 1, 2, 0, 1, 2, 2, 0, 0, 1, 2, 1, 2, 1, 0, 2, 0, 1, 1, 0, 1, 1, 1, 0, 2, 1, 1, 0, 0, 0, 0, 1, 1, 2, 1, 0, 2, 0, 2, 1, 0, 1, 2, 1, 2, 1, 1, 1, 1, 1, 1, 0, 1, 2, 0, 0, 0, 2, 2, 2, 1, 2, 2, 1, 0, 1, 2, 0, 0, 1, 0, 2, 0, 1, 0, 2, 1, 0, 0]|[0, 3, 2, 2, 4, 1, 2, 3, 2, 4, 1, 1, 2, 4, 4, 1, 1, 4, 2, 1, 1, 1, 1, 2, 1, 2, 1, 1, 2, 1, 3, 2, 3, 1, 4, 0, 1, 1, 0, 3, 2, 2, 2, 0, 1, 1, 0, 4, 0, 1, 2, 2, 1, 4, 0, 3, 1, 1, 1, 1, 3, 1, 1, 1, 3, 0, 4, 3, 1, 4, 1, 1, 2, 4, 1, 1, 2, 1, 2, 1, 1, 3, 1, 1, 1, 1, 4, 1, 2, 1, 3, 2, 1, 1, 1, 2, 1, 4, 2, 2]|[0, 2, 1, 1, 3, 0, 1, 3, 0, 0, 0, 0, 1, 0, 1, 0, 0, 3, 1, 0, 0, 0, 3, 1, 0, 2, 0, 0, 0, 1, 0, 0, 0, 0, 3, 0, 1, 0, 0, 2, 1, 1, 1, 0, 0, 0, 0, 2, 1, 0, 0, 0, 1, 3, 0, 0, 0, 0, 0, 0, 2, 0, 1, 0, 2, 1, 0, 0, 1, 1, 3, 1, 1, 3, 0, 0, 1, 0, 1, 0, 0, 0, 0, 0, 1, 0, 0, 0, 1, 0, 2, 1, 0, 1, 1, 0, 0, 2, 0, 0],726.9061273463456,57092.60052686413,92996.29751897219,false
35,G4_BALANCED,G4_BALANCED,[31, 22, 82, 15, 26, 9, 95, 42, 77, 68, 47, 5, 93, 78, 86, 54, 85, 63, 18, 44, 20, 49, 36, 14, 74, 50, 53, 17, 21, 28, 11, 64, 3, 23, 30, 83, 24, 41, 40, 52, 65, 27, 90, 70, 39, 87, 48, 69, 99, 4, 46, 1, 13, 58, 19, 59, 45, 8, 73, 37, 35, 79, 71, 66, 76, 32, 60, 80, 56, 6, 67, 61, 33, 7, 57, 34, 12, 16, 10, 98, 96, 88, 43, 75, 91, 38, 84, 92, 29, 97, 51, 55, 81, 89, 25, 72, 94, 2, 0, 62]|[2, 1, 2, 1, 1, 0, 1, 1, 1, 1, 1, 0, 2, 2, 1, 2, 0, 0, 0, 2, 2, 1, 0, 2, 0, 2, 2, 1, 0, 1, 1, 1, 0, 0, 1, 0, 2, 1, 2, 2, 0, 0, 1, 1, 0, 2, 0, 2, 1, 0, 0, 2, 0, 0, 2, 0, 1, 1, 0, 0, 2, 1, 1, 2, 2, 0, 2, 2, 2, 1, 2, 1, 1, 2, 0, 1, 1, 2, 1, 2, 0, 1, 1, 0, 1, 0, 0, 0, 1, 1, 1, 0, 1, 1, 1, 1, 2, 2, 0, 1]|[0, 3, 0, 3, 4, 1, 4, 4, 2, 4, 3, 2, 1, 0, 2, 1, 1, 1, 2, 1, 1, 3, 0, 1, 0, 1, 1, 4, 1, 4, 3, 2, 2, 0, 4, 1, 1, 4, 1, 1, 2, 1, 4, 4, 1, 1, 0, 2, 3, 2, 2, 1, 2, 1, 1, 2, 4, 3, 0, 2, 2, 3, 3, 1, 1, 2, 1, 1, 1, 4, 1, 3, 4, 1, 2, 4, 3, 1, 3, 1, 2, 4, 4, 2, 3, 2, 2, 2, 3, 4, 3, 2, 4, 4, 4, 4, 1, 1, 2, 3]|[0, 2, 0, 0, 3, 0, 1, 3, 0, 0, 2, 0, 1, 0, 1, 0, 0, 0, 1, 0, 0, 2, 0, 0, 1, 0, 0, 3, 0, 1, 0, 2, 0, 0, 3, 0, 1, 1, 0, 0, 0, 0, 1, 3, 0, 0, 1, 0, 2, 0, 0, 0, 0, 0, 1, 0, 1, 0, 1, 1, 0, 2, 0, 0, 0, 0, 0, 0, 0, 2, 0, 0, 1, 0, 0, 1, 0, 0, 3, 0, 0, 1, 2, 0, 0, 0, 0, 0, 3, 1, 0, 0, 2, 1, 3, 1, 0, 0, 0, 0],920.1849049908361,49505.9112889671,105404.67717899394,false
35,G2_TEC,G2_TEC,[31, 22, 82, 15, 26, 9, 95, 42, 77, 68, 47, 5, 93, 78, 86, 54, 85, 63, 18, 44, 20, 49, 36, 14, 74, 50, 53, 17, 21, 28, 11, 64, 3, 23, 30, 83, 24, 41, 40, 52, 65, 27, 90, 70, 39, 87, 48, 69, 99, 4, 75, 1, 13, 58, 97, 59, 45, 8, 73, 37, 35, 79, 71, 66, 76, 32, 60, 80, 56, 6, 67, 61, 33, 7, 57, 34, 12, 16, 10, 98, 96, 88, 43, 46, 91, 38, 84, 92, 29, 19, 51, 55, 81, 89, 25, 72, 94, 2, 0, 62]|[2, 1, 2, 1, 1, 2, 1, 1, 1, 1, 1, 0, 2, 2, 1, 2, 0, 0, 0, 2, 2, 1, 0, 2, 0, 2, 2, 1, 0, 1, 1, 1, 0, 0, 1, 0, 2, 1, 2, 2, 0, 0, 1, 1, 0, 2, 0, 2, 1, 0, 0, 2, 0, 0, 2, 0, 1, 1, 0, 0, 2, 1, 1, 2, 2, 0, 2, 2, 2, 1, 2, 1, 1, 2, 0, 1, 1, 2, 1, 2, 0, 1, 1, 0, 1, 0, 0, 0, 1, 1, 1, 0, 1, 1, 1, 1, 2, 2, 0, 1]|[0, 3, 0, 3, 4, 1, 4, 4, 2, 4, 3, 2, 1, 0, 2, 1, 1, 1, 2, 1, 1, 3, 0, 1, 0, 1, 1, 4, 1, 4, 3, 2, 2, 0, 4, 1, 1, 4, 1, 1, 2, 1, 4, 4, 1, 1, 0, 2, 3, 2, 2, 1, 2, 1, 1, 2, 4, 3, 0, 2, 2, 3, 3, 1, 1, 2, 1, 1, 1, 4, 1, 3, 4, 1, 2, 4, 3, 1, 3, 1, 2, 4, 4, 2, 3, 2, 2, 2, 3, 4, 3, 2, 4, 4, 4, 4, 1, 1, 2, 3]|[0, 2, 0, 0, 3, 0, 1, 3, 0, 0, 2, 0, 1, 0, 1, 0, 0, 0, 1, 0, 0, 2, 0, 0, 1, 0, 0, 3, 0, 1, 0, 2, 0, 0, 3, 0, 1, 1, 0, 0, 0, 0, 1, 3, 0, 0, 1, 0, 2, 0, 0, 0, 0, 0, 1, 0, 1, 0, 1, 1, 0, 2, 0, 0, 0, 0, 0, 0, 0, 2, 0, 0, 1, 0, 0, 1, 0, 0, 3, 0, 0, 1, 2, 0, 0, 0, 0, 0, 3, 1, 0, 0, 2, 1, 3, 1, 0, 0, 0, 0],908.8272556494078,49235.066718390466,107289.32240407266,false
35,G3_TWC,G3_TWC,[31, 22, 82, 15, 26, 58, 95, 42, 77, 12, 47, 5, 93, 78, 98, 54, 85, 63, 18, 44, 20, 35, 43, 97, 91, 76, 10, 30, 21, 45, 71, 64, 1, 23, 17, 83, 24, 14, 60, 36, 6, 57, 94, 88, 65, 56, 79, 40, 67, 68, 46, 75, 38, 9, 19, 32, 81, 41, 27, 62, 87, 90, 99, 59, 11, 16, 72, 73, 70, 39, 37, 84, 3, 92, 25, 55, 28, 29, 51, 7, 33, 61, 86, 48, 89, 50, 66, 96, 53, 80, 4, 8, 34, 49, 52, 0, 13, 2, 69, 74]|[1, 1, 0, 1, 1, 1, 2, 1, 2, 1, 2, 2, 2, 1, 1, 0, 0, 1, 0, 2, 2, 0, 1, 2, 0, 1, 2, 2, 0, 0, 1, 2, 1, 2, 1, 0, 2, 0, 1, 1, 0, 1, 1, 1, 0, 2, 1, 1, 0, 0, 0, 0, 1, 1, 2, 1, 2, 0, 0, 0, 2, 1, 0, 1, 2, 1, 2, 1, 1, 1, 1, 1, 2, 0, 1, 1, 0, 0, 0, 1, 2, 1, 0, 0, 1, 0, 0, 0, 0, 0, 0, 1, 2, 0, 1, 0, 0, 0, 1, 2]|[4, 3, 2, 2, 0, 0, 2, 2, 2, 4, 1, 1, 2, 4, 4, 1, 1, 4, 2, 1, 1, 1, 1, 2, 1, 2, 1, 1, 1, 1, 3, 2, 3, 0, 4, 0, 1, 1, 0, 3, 2, 2, 4, 0, 1, 1, 0, 2, 0, 1, 2, 2, 1, 4, 0, 3, 2, 1, 1, 2, 1, 3, 1, 1, 1, 3, 0, 4, 3, 1, 4, 1, 1, 2, 4, 4, 2, 1, 1, 3, 1, 3, 1, 1, 1, 1, 1, 1, 2, 1, 2, 3, 1, 1, 1, 2, 2, 2, 3, 1]|[0, 2, 1, 1, 3, 3, 0, 1, 0, 0, 0, 0, 1, 0, 1, 0, 0, 3, 1, 0, 0, 0, 3, 1, 0, 2, 0, 0, 0, 1, 0, 0, 0, 0, 3, 0, 1, 0, 0, 2, 1, 1, 2, 0, 0, 0, 0, 1, 1, 0, 0, 0, 1, 3, 0, 0, 1, 0, 0, 1, 0, 2, 0, 1, 0, 2, 1, 0, 0, 1, 1, 3, 0, 1, 3, 3, 1, 0, 0, 2, 0, 0, 0, 0, 1, 0, 0, 0, 1, 0, 1, 2, 0, 1, 1, 0, 0, 0, 0, 0],805.5394456933803,58046.77716663049,89050.44506242599,false
35,G1_CMAX,G1_CMAX,[31, 22, 82, 15, 26, 99, 95, 42, 77, 12, 47, 5, 93, 78, 86, 54, 21, 63, 18, 44, 20, 35, 43, 97, 91, 76, 10, 30, 85, 45, 71, 64, 1, 23, 57, 83, 24, 14, 60, 36, 6, 17, 40, 88, 65, 56, 79, 94, 67, 68, 46, 75, 38, 9, 19, 32, 41, 81, 27, 87, 90, 58, 59, 11, 16, 72, 73, 70, 39, 37, 84, 3, 92, 25, 55, 48, 62, 29, 51, 96, 33, 61, 98, 66, 89, 50, 4, 7, 53, 80, 8, 28, 34, 49, 52, 0, 74, 69, 2, 13]|[1, 1, 0, 1, 1, 0, 1, 1, 2, 1, 2, 2, 2, 1, 1, 0, 0, 1, 0, 2, 2, 0, 1, 2, 0, 1, 2, 2, 0, 0, 1, 2, 1, 2, 1, 0, 2, 0, 1, 1, 0, 1, 1, 1, 0, 2, 1, 1, 0, 0, 0, 0, 1, 1, 2, 1, 0, 2, 0, 2, 1, 0, 1, 2, 1, 2, 1, 1, 1, 1, 1, 1, 0, 1, 2, 0, 0, 0, 2, 2, 2, 1, 2, 2, 1, 0, 1, 2, 0, 0, 1, 0, 2, 0, 1, 0, 2, 1, 0, 0]|[0, 3, 2, 2, 4, 1, 2, 3, 2, 4, 1, 1, 2, 4, 4, 1, 1, 4, 2, 1, 1, 1, 1, 2, 1, 2, 1, 1, 2, 1, 3, 2, 3, 1, 4, 0, 1, 1, 0, 3, 2, 2, 2, 0, 1, 1, 0, 4, 0, 1, 2, 2, 1, 4, 0, 3, 1, 1, 1, 1, 3, 1, 1, 1, 3, 0, 4, 3, 1, 4, 1, 1, 2, 4, 1, 1, 2, 1, 2, 1, 1, 3, 1, 1, 1, 1, 4, 1, 2, 1, 3, 2, 1, 1, 1, 2, 1, 4, 2, 2]|[0, 2, 1, 1, 3, 0, 1, 3, 0, 0, 0, 0, 1, 0, 1, 0, 0, 3, 1, 0, 0, 0, 3, 1, 0, 2, 0, 0, 0, 1, 0, 0, 0, 0, 3, 0, 1, 0, 0, 2, 1, 1, 1, 0, 0, 0, 0, 2, 1, 0, 0, 0, 1, 3, 0, 0, 0, 0, 0, 0, 2, 0, 1, 0, 2, 1, 0, 0, 1, 1, 3, 1, 1, 3, 0, 0, 1, 0, 1, 0, 0, 0, 0, 0, 1, 0, 0, 0, 1, 0, 2, 1, 0, 1, 1, 0, 0, 2, 0, 0],726.9061273463456,57092.60052686413,92996.29751897219,false
35,G4_BALANCED,G4_BALANCED,[31, 22, 82, 15, 26, 9, 95, 42, 77, 68, 47, 5, 93, 78, 86, 54, 85, 63, 18, 44, 20, 49, 36, 14, 74, 50, 53, 17, 21, 28, 11, 64, 3, 23, 30, 83, 24, 41, 40, 52, 65, 27, 90, 70, 39, 87, 48, 69, 99, 4, 46, 1, 13, 58, 19, 59, 45, 8, 73, 37, 35, 79, 71, 66, 76, 32, 60, 80, 56, 6, 67, 61, 33, 7, 57, 34, 12, 16, 10, 98, 96, 88, 43, 75, 91, 38, 84, 92, 29, 97, 51, 55, 81, 89, 25, 72, 94, 2, 0, 62]|[2, 1, 2, 1, 1, 0, 1, 1, 1, 1, 1, 0, 2, 2, 1, 2, 0, 0, 0, 2, 2, 1, 0, 2, 0, 2, 2, 1, 0, 1, 1, 1, 0, 0, 1, 0, 2, 1, 2, 2, 0, 0, 1, 1, 0, 2, 0, 2, 1, 0, 0, 2, 0, 0, 2, 0, 1, 1, 0, 0, 2, 1, 1, 2, 2, 0, 2, 2, 2, 1, 2, 1, 1, 2, 0, 1, 1, 2, 1, 2, 0, 1, 1, 0, 1, 0, 0, 0, 1, 1, 1, 0, 1, 1, 1, 1, 2, 2, 0, 1]|[0, 3, 0, 3, 4, 1, 4, 4, 2, 4, 3, 2, 1, 0, 2, 1, 1, 1, 2, 1, 1, 3, 0, 1, 0, 1, 1, 4, 1, 4, 3, 2, 2, 0, 4, 1, 1, 4, 1, 1, 2, 1, 4, 4, 1, 1, 0, 2, 3, 2, 2, 1, 2, 1, 1, 2, 4, 3, 0, 2, 2, 3, 3, 1, 1, 2, 1, 1, 1, 4, 1, 3, 4, 1, 2, 4, 3, 1, 3, 1, 2, 4, 4, 2, 3, 2, 2, 2, 3, 4, 3, 2, 4, 4, 4, 4, 1, 1, 2, 3]|[0, 2, 0, 0, 3, 0, 1, 3, 0, 0, 2, 0, 1, 0, 1, 0, 0, 0, 1, 0, 0, 2, 0, 0, 1, 0, 0, 3, 0, 1, 0, 2, 0, 0, 3, 0, 1, 1, 0, 0, 0, 0, 1, 3, 0, 0, 1, 0, 2, 0, 0, 0, 0, 0, 1, 0, 1, 0, 1, 1, 0, 2, 0, 0, 0, 0, 0, 0, 0, 2, 0, 0, 1, 0, 0, 1, 0, 0, 3, 0, 0, 1, 2, 0, 0, 0, 0, 0, 3, 1, 0, 0, 2, 1, 3, 1, 0, 0, 0, 0],920.1849049908361,49505.9112889671,105404.67717899394,false
35,G2_TEC,G2_TEC,[31, 22, 82, 15, 26, 9, 95, 42, 77, 68, 47, 5, 93, 78, 86, 54, 85, 63, 18, 44, 20, 49, 36, 14, 74, 50, 53, 17, 21, 28, 11, 64, 3, 23, 30, 83, 24, 41, 40, 52, 65, 27, 90, 70, 39, 87, 48, 69, 99, 4, 75, 1, 13, 58, 97, 59, 45, 8, 73, 37, 35, 79, 71, 66, 76, 32, 60, 80, 56, 6, 67, 61, 33, 7, 57, 34, 12, 16, 10, 98, 96, 88, 43, 46, 91, 38, 84, 92, 29, 19, 51, 55, 81, 89, 25, 72, 94, 2, 0, 62]|[2, 1, 2, 1, 1, 2, 1, 1, 1, 1, 1, 0, 2, 2, 1, 2, 0, 0, 0, 2, 2, 1, 0, 2, 0, 2, 2, 1, 0, 1, 1, 1, 0, 0, 1, 0, 2, 1, 2, 2, 0, 0, 1, 1, 0, 2, 0, 2, 1, 0, 0, 2, 0, 0, 2, 0, 1, 1, 0, 0, 2, 1, 1, 2, 2, 0, 2, 2, 2, 1, 2, 1, 1, 2, 0, 1, 1, 2, 1, 2, 0, 1, 1, 0, 1, 0, 0, 0, 1, 1, 1, 0, 1, 1, 1, 1, 2, 2, 0, 1]|[0, 3, 0, 3, 4, 1, 4, 4, 2, 4, 3, 2, 1, 0, 2, 1, 1, 1, 2, 1, 1, 3, 0, 1, 0, 1, 1, 4, 1, 4, 3, 2, 2, 0, 4, 1, 1, 4, 1, 1, 2, 1, 4, 4, 1, 1, 0, 2, 3, 2, 2, 1, 2, 1, 1, 2, 4, 3, 0, 2, 2, 3, 3, 1, 1, 2, 1, 1, 1, 4, 1, 3, 4, 1, 2, 4, 3, 1, 3, 1, 2, 4, 4, 2, 3, 2, 2, 2, 3, 4, 3, 2, 4, 4, 4, 4, 1, 1, 2, 3]|[0, 2, 0, 0, 3, 0, 1, 3, 0, 0, 2, 0, 1, 0, 1, 0, 0, 0, 1, 0, 0, 2, 0, 0, 1, 0, 0, 3, 0, 1, 0, 2, 0, 0, 3, 0, 1, 1, 0, 0, 0, 0, 1, 3, 0, 0, 1, 0, 2, 0, 0, 0, 0, 0, 1, 0, 1, 0, 1, 1, 0, 2, 0, 0, 0, 0, 0, 0, 0, 2, 0, 0, 1, 0, 0, 1, 0, 0, 3, 0, 0, 1, 2, 0, 0, 0, 0, 0, 3, 1, 0, 0, 2, 1, 3, 1, 0, 0, 0, 0],908.8272556494078,49235.066718390466,107289.32240407266,false
35,G3_TWC,G3_TWC,[31, 22, 82, 15, 26, 58, 95, 42, 77, 12, 47, 5, 93, 78, 98, 54, 85, 63, 18, 44, 20, 35, 43, 97, 91, 76, 10, 30, 21, 45, 71, 64, 1, 23, 17, 83, 24, 14, 60, 36, 6, 57, 94, 88, 65, 56, 79, 40, 67, 68, 46, 75, 38, 9, 19, 32, 81, 41, 27, 62, 87, 90, 99, 59, 11, 16, 72, 73, 70, 39, 37, 84, 3, 92, 25, 55, 28, 29, 51, 7, 33, 61, 86, 48, 89, 50, 66, 96, 53, 80, 4, 8, 34, 49, 52, 0, 13, 2, 69, 74]|[1, 1, 0, 1, 1, 1, 2, 1, 2, 1, 2, 2, 2, 1, 1, 0, 0, 1, 0, 2, 2, 0, 1, 2, 0, 1, 2, 2, 0, 0, 1, 2, 1, 2, 1, 0, 2, 0, 1, 1, 0, 1, 1, 1, 0, 2, 1, 1, 0, 0, 0, 0, 1, 1, 2, 1, 2, 0, 0, 0, 2, 1, 0, 1, 2, 1, 2, 1, 1, 1, 1, 1, 2, 0, 1, 1, 0, 0, 0, 1, 2, 1, 0, 0, 1, 0, 0, 0, 0, 0, 0, 1, 2, 0, 1, 0, 0, 0, 1, 2]|[4, 3, 2, 2, 0, 0, 2, 2, 2, 4, 1, 1, 2, 4, 4, 1, 1, 4, 2, 1, 1, 1, 1, 2, 1, 2, 1, 1, 1, 1, 3, 2, 3, 0, 4, 0, 1, 1, 0, 3, 2, 2, 4, 0, 1, 1, 0, 2, 0, 1, 2, 2, 1, 4, 0, 3, 2, 1, 1, 2, 1, 3, 1, 1, 1, 3, 0, 4, 3, 1, 4, 1, 1, 2, 4, 4, 2, 1, 1, 3, 1, 3, 1, 1, 1, 1, 1, 1, 2, 1, 2, 3, 1, 1, 1, 2, 2, 2, 3, 1]|[0, 2, 1, 1, 3, 3, 0, 1, 0, 0, 0, 0, 1, 0, 1, 0, 0, 3, 1, 0, 0, 0, 3, 1, 0, 2, 0, 0, 0, 1, 0, 0, 0, 0, 3, 0, 1, 0, 0, 2, 1, 1, 2, 0, 0, 0, 0, 1, 1, 0, 0, 0, 1, 3, 0, 0, 1, 0, 0, 1, 0, 2, 0, 1, 0, 2, 1, 0, 0, 1, 1, 3, 0, 1, 3, 3, 1, 0, 0, 2, 0, 0, 0, 0, 1, 0, 0, 0, 1, 0, 1, 2, 0, 1, 1, 0, 0, 0, 0, 0],805.5394456933803,58046.77716663049,89050.44506242599,false
35,G1_CMAX,G1_CMAX,[31, 22, 82, 15, 26, 99, 95, 42, 77, 12, 47, 5, 93, 78, 86, 54, 21, 63, 18, 44, 20, 35, 43, 97, 91, 76, 10, 30, 85, 45, 71, 64, 1, 23, 57, 83, 24, 14, 60, 36, 6, 17, 40, 88, 65, 56, 79, 94, 67, 68, 46, 75, 38, 9, 19, 32, 41, 81, 27, 87, 90, 58, 59, 11, 16, 72, 73, 70, 39, 37, 84, 3, 92, 25, 55, 48, 62, 29, 51, 96, 33, 61, 98, 66, 89, 50, 4, 7, 53, 80, 8, 28, 34, 49, 52, 0, 74, 69, 2, 13]|[1, 1, 0, 1, 1, 0, 1, 1, 2, 1, 2, 2, 2, 1, 1, 0, 0, 1, 0, 2, 2, 0, 1, 2, 0, 1, 2, 2, 0, 0, 1, 2, 1, 2, 1, 0, 2, 0, 1, 1, 0, 1, 1, 1, 0, 2, 1, 1, 0, 0, 0, 0, 1, 1, 2, 1, 0, 2, 0, 2, 1, 0, 1, 2, 1, 2, 1, 1, 1, 1, 1, 1, 0, 1, 2, 0, 0, 0, 2, 2, 2, 1, 2, 2, 1, 0, 1, 2, 0, 0, 1, 0, 2, 0, 1, 0, 2, 1, 0, 0]|[0, 3, 2, 2, 4, 1, 2, 3, 2, 4, 1, 1, 2, 4, 4, 1, 1, 4, 2, 1, 1, 1, 1, 2, 1, 2, 1, 1, 2, 1, 3, 2, 3, 1, 4, 0, 1, 1, 0, 3, 2, 2, 2, 0, 1, 1, 0, 4, 0, 1, 2, 2, 1, 4, 0, 3, 1, 1, 1, 1, 3, 1, 1, 1, 3, 0, 4, 3, 1, 4, 1, 1, 2, 4, 1, 1, 2, 1, 2, 1, 1, 3, 1, 1, 1, 1, 4, 1, 2, 1, 3, 2, 1, 1, 1, 2, 1, 4, 2, 2]|[0, 2, 1, 1, 3, 0, 1, 3, 0, 0, 0, 0, 1, 0, 1, 0, 0, 3, 1, 0, 0, 0, 3, 1, 0, 2, 0, 0, 0, 1, 0, 0, 0, 0, 3, 0, 1, 0, 0, 2, 1, 1, 1, 0, 0, 0, 0, 2, 1, 0, 0, 0, 1, 3, 0, 0, 0, 0, 0, 0, 2, 0, 1, 0, 2, 1, 0, 0, 1, 1, 3, 1, 1, 3, 0, 0, 1, 0, 1, 0, 0, 0, 0, 0, 1, 0, 0, 0, 1, 0, 2, 1, 0, 1, 1, 0, 0, 2, 0, 0],726.9061273463456,57092.60052686413,92996.29751897219,false
35,G4_BALANCED,G4_BALANCED,[31, 22, 82, 15, 26, 9, 95, 42, 77, 68, 47, 5, 93, 78, 86, 54, 85, 63, 18, 44, 20, 49, 36, 14, 74, 50, 53, 17, 21, 28, 11, 64, 3, 23, 30, 83, 24, 41, 40, 52, 65, 27, 90, 70, 39, 87, 48, 69, 99, 4, 46, 1, 13, 58, 19, 59, 45, 8, 73, 37, 35, 79, 71, 66, 76, 32, 60, 80, 56, 6, 67, 61, 33, 7, 57, 34, 12, 16, 10, 98, 96, 88, 43, 75, 91, 38, 84, 92, 29, 97, 51, 55, 81, 89, 25, 72, 94, 2, 0, 62]|[2, 1, 2, 1, 1, 0, 1, 1, 1, 1, 1, 0, 2, 2, 1, 2, 0, 0, 0, 2, 2, 1, 0, 2, 0, 2, 2, 1, 0, 1, 1, 1, 0, 0, 1, 0, 2, 1, 2, 2, 0, 0, 1, 1, 0, 2, 0, 2, 1, 0, 0, 2, 0, 0, 2, 0, 1, 1, 0, 0, 2, 1, 1, 2, 2, 0, 2, 2, 2, 1, 2, 1, 1, 2, 0, 1, 1, 2, 1, 2, 0, 1, 1, 0, 1, 0, 0, 0, 1, 1, 1, 0, 1, 1, 1, 1, 2, 2, 0, 1]|[0, 3, 0, 3, 4, 1, 4, 4, 2, 4, 3, 2, 1, 0, 2, 1, 1, 1, 2, 1, 1, 3, 0, 1, 0, 1, 1, 4, 1, 4, 3, 2, 2, 0, 4, 1, 1, 4, 1, 1, 2, 1, 4, 4, 1, 1, 0, 2, 3, 2, 2, 1, 2, 1, 1, 2, 4, 3, 0, 2, 2, 3, 3, 1, 1, 2, 1, 1, 1, 4, 1, 3, 4, 1, 2, 4, 3, 1, 3, 1, 2, 4, 4, 2, 3, 2, 2, 2, 3, 4, 3, 2, 4, 4, 4, 4, 1, 1, 2, 3]|[0, 2, 0, 0, 3, 0, 1, 3, 0, 0, 2, 0, 1, 0, 1, 0, 0, 0, 1, 0, 0, 2, 0, 0, 1, 0, 0, 3, 0, 1, 0, 2, 0, 0, 3, 0, 1, 1, 0, 0, 0, 0, 1, 3, 0, 0, 1, 0, 2, 0, 0, 0, 0, 0, 1, 0, 1, 0, 1, 1, 0, 2, 0, 0, 0, 0, 0, 0, 0, 2, 0, 0, 1, 0, 0, 1, 0, 0, 3, 0, 0, 1, 2, 0, 0, 0, 0, 0, 3, 1, 0, 0, 2, 1, 3, 1, 0, 0, 0, 0],920.1849049908361,49505.9112889671,105404.67717899394,false
35,G2_TEC,G2_TEC,[31, 22, 82, 15, 26, 9, 95, 42, 77, 68, 47, 5, 93, 78, 86, 54, 85, 63, 18, 44, 20, 49, 36, 14, 74, 50, 53, 17, 21, 28, 11, 64, 3, 23, 30, 83, 24, 41, 40, 52, 65, 27, 90, 70, 39, 87, 48, 69, 99, 4, 75, 1, 13, 58, 97, 59, 45, 8, 73, 37, 35, 79, 71, 66, 76, 32, 60, 80, 56, 6, 67, 61, 33, 7, 57, 34, 12, 16, 10, 98, 96, 88, 43, 46, 91, 38, 84, 92, 29, 19, 51, 55, 81, 89, 25, 72, 94, 2, 0, 62]|[2, 1, 2, 1, 1, 2, 1, 1, 1, 1, 1, 0, 2, 2, 1, 2, 0, 0, 0, 2, 2, 1, 0, 2, 0, 2, 2, 1, 0, 1, 1, 1, 0, 0, 1, 0, 2, 1, 2, 2, 0, 0, 1, 1, 0, 2, 0, 2, 1, 0, 0, 2, 0, 0, 2, 0, 1, 1, 0, 0, 2, 1, 1, 2, 2, 0, 2, 2, 2, 1, 2, 1, 1, 2, 0, 1, 1, 2, 1, 2, 0, 1, 1, 0, 1, 0, 0, 0, 1, 1, 1, 0, 1, 1, 1, 1, 2, 2, 0, 1]|[0, 3, 0, 3, 4, 1, 4, 4, 2, 4, 3, 2, 1, 0, 2, 1, 1, 1, 2, 1, 1, 3, 0, 1, 0, 1, 1, 4, 1, 4, 3, 2, 2, 0, 4, 1, 1, 4, 1, 1, 2, 1, 4, 4, 1, 1, 0, 2, 3, 2, 2, 1, 2, 1, 1, 2, 4, 3, 0, 2, 2, 3, 3, 1, 1, 2, 1, 1, 1, 4, 1, 3, 4, 1, 2, 4, 3, 1, 3, 1, 2, 4, 4, 2, 3, 2, 2, 2, 3, 4, 3, 2, 4, 4, 4, 4, 1, 1, 2, 3]|[0, 2, 0, 0, 3, 0, 1, 3, 0, 0, 2, 0, 1, 0, 1, 0, 0, 0, 1, 0, 0, 2, 0, 0, 1, 0, 0, 3, 0, 1, 0, 2, 0, 0, 3, 0, 1, 1, 0, 0, 0, 0, 1, 3, 0, 0, 1, 0, 2, 0, 0, 0, 0, 0, 1, 0, 1, 0, 1, 1, 0, 2, 0, 0, 0, 0, 0, 0, 0, 2, 0, 0, 1, 0, 0, 1, 0, 0, 3, 0, 0, 1, 2, 0, 0, 0, 0, 0, 3, 1, 0, 0, 2, 1, 3, 1, 0, 0, 0, 0],908.8272556494078,49235.066718390466,107289.32240407266,false
35,G3_TWC,G3_TWC,[31, 22, 82, 15, 26, 58, 95, 42, 77, 12, 47, 5, 93, 78, 98, 54, 85, 63, 18, 44, 20, 35, 43, 97, 91, 76, 10, 30, 21, 45, 71, 64, 1, 23, 17, 83, 24, 14, 60, 36, 6, 57, 94, 88, 65, 56, 79, 40, 67, 68, 46, 75, 38, 9, 19, 32, 81, 41, 27, 62, 87, 90, 99, 59, 11, 16, 72, 73, 70, 39, 37, 84, 3, 92, 25, 55, 28, 29, 51, 7, 33, 61, 86, 48, 89, 50, 66, 96, 53, 80, 4, 8, 34, 49, 52, 0, 13, 2, 69, 74]|[1, 1, 0, 1, 1, 1, 2, 1, 2, 1, 2, 2, 2, 1, 1, 0, 0, 1, 0, 2, 2, 0, 1, 2, 0, 1, 2, 2, 0, 0, 1, 2, 1, 2, 1, 0, 2, 0, 1, 1, 0, 1, 1, 1, 0, 2, 1, 1, 0, 0, 0, 0, 1, 1, 2, 1, 2, 0, 0, 0, 2, 1, 0, 1, 2, 1, 2, 1, 1, 1, 1, 1, 2, 0, 1, 1, 0, 0, 0, 1, 2, 1, 0, 0, 1, 0, 0, 0, 0, 0, 0, 1, 2, 0, 1, 0, 0, 0, 1, 2]|[4, 3, 2, 2, 0, 0, 2, 2, 2, 4, 1, 1, 2, 4, 4, 1, 1, 4, 2, 1, 1, 1, 1, 2, 1, 2, 1, 1, 1, 1, 3, 2, 3, 0, 4, 0, 1, 1, 0, 3, 2, 2, 4, 0, 1, 1, 0, 2, 0, 1, 2, 2, 1, 4, 0, 3, 2, 1, 1, 2, 1, 3, 1, 1, 1, 3, 0, 4, 3, 1, 4, 1, 1, 2, 4, 4, 2, 1, 1, 3, 1, 3, 1, 1, 1, 1, 1, 1, 2, 1, 2, 3, 1, 1, 1, 2, 2, 2, 3, 1]|[0, 2, 1, 1, 3, 3, 0, 1, 0, 0, 0, 0, 1, 0, 1, 0, 0, 3, 1, 0, 0, 0, 3, 1, 0, 2, 0, 0, 0, 1, 0, 0, 0, 0, 3, 0, 1, 0, 0, 2, 1, 1, 2, 0, 0, 0, 0, 1, 1, 0, 0, 0, 1, 3, 0, 0, 1, 0, 0, 1, 0, 2, 0, 1, 0, 2, 1, 0, 0, 1, 1, 3, 0, 1, 3, 3, 1, 0, 0, 2, 0, 0, 0, 0, 1, 0, 0, 0, 1, 0, 1, 2, 0, 1, 1, 0, 0, 0, 0, 0],805.5394456933803,58046.77716663049,89050.44506242599,false
35,G1_CMAX,G1_CMAX,[31, 22, 82, 15, 26, 99, 95, 42, 77, 12, 47, 5, 93, 78, 86, 54, 21, 63, 18, 44, 20, 35, 43, 97, 91, 76, 10, 30, 85, 45, 71, 64, 1, 23, 57, 83, 24, 14, 60, 36, 6, 17, 40, 88, 65, 56, 79, 94, 67, 68, 46, 75, 38, 9, 19, 32, 41, 81, 27, 87, 90, 58, 59, 11, 16, 72, 73, 70, 39, 37, 84, 3, 92, 25, 55, 48, 62, 29, 51, 96, 33, 61, 98, 66, 89, 50, 4, 7, 53, 80, 8, 28, 34, 49, 52, 0, 74, 69, 2, 13]|[1, 1, 0, 1, 1, 0, 1, 1, 2, 1, 2, 2, 2, 1, 1, 0, 0, 1, 0, 2, 2, 0, 1, 2, 0, 1, 2, 2, 0, 0, 1, 2, 1, 2, 1, 0, 2, 0, 1, 1, 0, 1, 1, 1, 0, 2, 1, 1, 0, 0, 0, 0, 1, 1, 2, 1, 0, 2, 0, 2, 1, 0, 1, 2, 1, 2, 1, 1, 1, 1, 1, 1, 0, 1, 2, 0, 0, 0, 2, 2, 2, 1, 2, 2, 1, 0, 1, 2, 0, 0, 1, 0, 2, 0, 1, 0, 2, 1, 0, 0]|[0, 3, 2, 2, 4, 1, 2, 3, 2, 4, 1, 1, 2, 4, 4, 1, 1, 4, 2, 1, 1, 1, 1, 2, 1, 2, 1, 1, 2, 1, 3, 2, 3, 1, 4, 0, 1, 1, 0, 3, 2, 2, 2, 0, 1, 1, 0, 4, 0, 1, 2, 2, 1, 4, 0, 3, 1, 1, 1, 1, 3, 1, 1, 1, 3, 0, 4, 3, 1, 4, 1, 1, 2, 4, 1, 1, 2, 1, 2, 1, 1, 3, 1, 1, 1, 1, 4, 1, 2, 1, 3, 2, 1, 1, 1, 2, 1, 4, 2, 2]|[0, 2, 1, 1, 3, 0, 1, 3, 0, 0, 0, 0, 1, 0, 1, 0, 0, 3, 1, 0, 0, 0, 3, 1, 0, 2, 0, 0, 0, 1, 0, 0, 0, 0, 3, 0, 1, 0, 0, 2, 1, 1, 1, 0, 0, 0, 0, 2, 1, 0, 0, 0, 1, 3, 0, 0, 0, 0, 0, 0, 2, 0, 1, 0, 2, 1, 0, 0, 1, 1, 3, 1, 1, 3, 0, 0, 1, 0, 1, 0, 0, 0, 0, 0, 1, 0, 0, 0, 1, 0, 2, 1, 0, 1, 1, 0, 0, 2, 0, 0],726.9061273463456,57092.60052686413,92996.29751897219,false
35,G4_BALANCED,G4_BALANCED,[31, 22, 82, 15, 26, 9, 95, 42, 77, 68, 47, 5, 93, 78, 86, 54, 85, 63, 18, 44, 20, 49, 36, 14, 74, 50, 53, 17, 21, 28, 11, 64, 3, 23, 30, 83, 24, 41, 40, 52, 65, 27, 90, 70, 39, 87, 48, 69, 99, 4, 46, 1, 13, 58, 19, 59, 45, 8, 73, 37, 35, 79, 71, 66, 76, 32, 60, 80, 56, 6, 67, 61, 33, 7, 57, 34, 12, 16, 10, 98, 96, 88, 43, 75, 91, 38, 84, 92, 29, 97, 51, 55, 81, 89, 25, 72, 94, 2, 0, 62]|[2, 1, 2, 1, 1, 0, 1, 1, 1, 1, 1, 0, 2, 2, 1, 2, 0, 0, 0, 2, 2, 1, 0, 2, 0, 2, 2, 1, 0, 1, 1, 1, 0, 0, 1, 0, 2, 1, 2, 2, 0, 0, 1, 1, 0, 2, 0, 2, 1, 0, 0, 2, 0, 0, 2, 0, 1, 1, 0, 0, 2, 1, 1, 2, 2, 0, 2, 2, 2, 1, 2, 1, 1, 2, 0, 1, 1, 2, 1, 2, 0, 1, 1, 0, 1, 0, 0, 0, 1, 1, 1, 0, 1, 1, 1, 1, 2, 2, 0, 1]|[0, 3, 0, 3, 4, 1, 4, 4, 2, 4, 3, 2, 1, 0, 2, 1, 1, 1, 2, 1, 1, 3, 0, 1, 0, 1, 1, 4, 1, 4, 3, 2, 2, 0, 4, 1, 1, 4, 1, 1, 2, 1, 4, 4, 1, 1, 0, 2, 3, 2, 2, 1, 2, 1, 1, 2, 4, 3, 0, 2, 2, 3, 3, 1, 1, 2, 1, 1, 1, 4, 1, 3, 4, 1, 2, 4, 3, 1, 3, 1, 2, 4, 4, 2, 3, 2, 2, 2, 3, 4, 3, 2, 4, 4, 4, 4, 1, 1, 2, 3]|[0, 2, 0, 0, 3, 0, 1, 3, 0, 0, 2, 0, 1, 0, 1, 0, 0, 0, 1, 0, 0, 2, 0, 0, 1, 0, 0, 3, 0, 1, 0, 2, 0, 0, 3, 0, 1, 1, 0, 0, 0, 0, 1, 3, 0, 0, 1, 0, 2, 0, 0, 0, 0, 0, 1, 0, 1, 0, 1, 1, 0, 2, 0, 0, 0, 0, 0, 0, 0, 2, 0, 0, 1, 0, 0, 1, 0, 0, 3, 0, 0, 1, 2, 0, 0, 0, 0, 0, 3, 1, 0, 0, 2, 1, 3, 1, 0, 0, 0, 0],920.1849049908361,49505.9112889671,105404.67717899394,false
35,G2_TEC,G2_TEC,[31, 22, 82, 15, 26, 9, 95, 42, 77, 68, 47, 5, 93, 78, 86, 54, 85, 63, 18, 44, 20, 49, 36, 14, 74, 50, 53, 17, 21, 28, 11, 64, 3, 23, 30, 83, 24, 41, 40, 52, 65, 27, 90, 70, 39, 87, 48, 69, 99, 4, 75, 1, 13, 58, 97, 59, 45, 8, 73, 37, 35, 79, 71, 66, 76, 32, 60, 80, 56, 6, 67, 61, 33, 7, 57, 34, 12, 16, 10, 98, 96, 88, 43, 46, 91, 38, 84, 92, 29, 19, 51, 55, 81, 89, 25, 72, 94, 2, 0, 62]|[2, 1, 2, 1, 1, 2, 1, 1, 1, 1, 1, 0, 2, 2, 1, 2, 0, 0, 0, 2, 2, 1, 0, 2, 0, 2, 2, 1, 0, 1, 1, 1, 0, 0, 1, 0, 2, 1, 2, 2, 0, 0, 1, 1, 0, 2, 0, 2, 1, 0, 0, 2, 0, 0, 2, 0, 1, 1, 0, 0, 2, 1, 1, 2, 2, 0, 2, 2, 2, 1, 2, 1, 1, 2, 0, 1, 1, 2, 1, 2, 0, 1, 1, 0, 1, 0, 0, 0, 1, 1, 1, 0, 1, 1, 1, 1, 2, 2, 0, 1]|[0, 3, 0, 3, 4, 1, 4, 4, 2, 4, 3, 2, 1, 0, 2, 1, 1, 1, 2, 1, 1, 3, 0, 1, 0, 1, 1, 4, 1, 4, 3, 2, 2, 0, 4, 1, 1, 4, 1, 1, 2, 1, 4, 4, 1, 1, 0, 2, 3, 2, 2, 1, 2, 1, 1, 2, 4, 3, 0, 2, 2, 3, 3, 1, 1, 2, 1, 1, 1, 4, 1, 3, 4, 1, 2, 4, 3, 1, 3, 1, 2, 4, 4, 2, 3, 2, 2, 2, 3, 4, 3, 2, 4, 4, 4, 4, 1, 1, 2, 3]|[0, 2, 0, 0, 3, 0, 1, 3, 0, 0, 2, 0, 1, 0, 1, 0, 0, 0, 1, 0, 0, 2, 0, 0, 1, 0, 0, 3, 0, 1, 0, 2, 0, 0, 3, 0, 1, 1, 0, 0, 0, 0, 1, 3, 0, 0, 1, 0, 2, 0, 0, 0, 0, 0, 1, 0, 1, 0, 1, 1, 0, 2, 0, 0, 0, 0, 0, 0, 0, 2, 0, 0, 1, 0, 0, 1, 0, 0, 3, 0, 0, 1, 2, 0, 0, 0, 0, 0, 3, 1, 0, 0, 2, 1, 3, 1, 0, 0, 0, 0],908.8272556494078,49235.066718390466,107289.32240407266,false
35,G3_TWC,G3_TWC,[31, 22, 82, 15, 26, 58, 95, 42, 77, 12, 47, 5, 93, 78, 98, 54, 85, 63, 18, 44, 20, 35, 43, 97, 91, 76, 10, 30, 21, 45, 71, 64, 1, 23, 17, 83, 24, 14, 60, 36, 6, 57, 94, 88, 65, 56, 79, 40, 67, 68, 46, 75, 38, 9, 19, 32, 81, 41, 27, 62, 87, 90, 99, 59, 11, 16, 72, 73, 70, 39, 37, 84, 3, 92, 25, 55, 28, 29, 51, 7, 33, 61, 86, 48, 89, 50, 66, 96, 53, 80, 4, 8, 34, 49, 52, 0, 13, 2, 69, 74]|[1, 1, 0, 1, 1, 1, 2, 1, 2, 1, 2, 2, 2, 1, 1, 0, 0, 1, 0, 2, 2, 0, 1, 2, 0, 1, 2, 2, 0, 0, 1, 2, 1, 2, 1, 0, 2, 0, 1, 1, 0, 1, 1, 1, 0, 2, 1, 1, 0, 0, 0, 0, 1, 1, 2, 1, 2, 0, 0, 0, 2, 1, 0, 1, 2, 1, 2, 1, 1, 1, 1, 1, 2, 0, 1, 1, 0, 0, 0, 1, 2, 1, 0, 0, 1, 0, 0, 0, 0, 0, 0, 1, 2, 0, 1, 0, 0, 0, 1, 2]|[4, 3, 2, 2, 0, 0, 2, 2, 2, 4, 1, 1, 2, 4, 4, 1, 1, 4, 2, 1, 1, 1, 1, 2, 1, 2, 1, 1, 1, 1, 3, 2, 3, 0, 4, 0, 1, 1, 0, 3, 2, 2, 4, 0, 1, 1, 0, 2, 0, 1, 2, 2, 1, 4, 0, 3, 2, 1, 1, 2, 1, 3, 1, 1, 1, 3, 0, 4, 3, 1, 4, 1, 1, 2, 4, 4, 2, 1, 1, 3, 1, 3, 1, 1, 1, 1, 1, 1, 2, 1, 2, 3, 1, 1, 1, 2, 2, 2, 3, 1]|[0, 2, 1, 1, 3, 3, 0, 1, 0, 0, 0, 0, 1, 0, 1, 0, 0, 3, 1, 0, 0, 0, 3, 1, 0, 2, 0, 0, 0, 1, 0, 0, 0, 0, 3, 0, 1, 0, 0, 2, 1, 1, 2, 0, 0, 0, 0, 1, 1, 0, 0, 0, 1, 3, 0, 0, 1, 0, 0, 1, 0, 2, 0, 1, 0, 2, 1, 0, 0, 1, 1, 3, 0, 1, 3, 3, 1, 0, 0, 2, 0, 0, 0, 0, 1, 0, 0, 0, 1, 0, 1, 2, 0, 1, 1, 0, 0, 0, 0, 0],805.5394456933803,58046.77716663049,89050.44506242599,false
35,G1_CMAX,G1_CMAX,[31, 22, 82, 15, 26, 99, 95, 42, 77, 12, 47, 5, 93, 78, 86, 54, 21, 63, 18, 44, 20, 35, 43, 97, 91, 76, 10, 30, 85, 45, 71, 64, 1, 23, 57, 83, 24, 14, 60, 36, 6, 17, 40, 88, 65, 56, 79, 94, 67, 68, 46, 75, 38, 9, 19, 32, 41, 81, 27, 87, 90, 58, 59, 11, 16, 72, 73, 70, 39, 37, 84, 3, 92, 25, 55, 48, 62, 29, 51, 96, 33, 61, 98, 66, 89, 50, 4, 7, 53, 80, 8, 28, 34, 49, 52, 0, 74, 69, 2, 13]|[1, 1, 0, 1, 1, 0, 1, 1, 2, 1, 2, 2, 2, 1, 1, 0, 0, 1, 0, 2, 2, 0, 1, 2, 0, 1, 2, 2, 0, 0, 1, 2, 1, 2, 1, 0, 2, 0, 1, 1, 0, 1, 1, 1, 0, 2, 1, 1, 0, 0, 0, 0, 1, 1, 2, 1, 0, 2, 0, 2, 1, 0, 1, 2, 1, 2, 1, 1, 1, 1, 1, 1, 0, 1, 2, 0, 0, 0, 2, 2, 2, 1, 2, 2, 1, 0, 1, 2, 0, 0, 1, 0, 2, 0, 1, 0, 2, 1, 0, 0]|[0, 3, 2, 2, 4, 1, 2, 3, 2, 4, 1, 1, 2, 4, 4, 1, 1, 4, 2, 1, 1, 1, 1, 2, 1, 2, 1, 1, 2, 1, 3, 2, 3, 1, 4, 0, 1, 1, 0, 3, 2, 2, 2, 0, 1, 1, 0, 4, 0, 1, 2, 2, 1, 4, 0, 3, 1, 1, 1, 1, 3, 1, 1, 1, 3, 0, 4, 3, 1, 4, 1, 1, 2, 4, 1, 1, 2, 1, 2, 1, 1, 3, 1, 1, 1, 1, 4, 1, 2, 1, 3, 2, 1, 1, 1, 2, 1, 4, 2, 2]|[0, 2, 1, 1, 3, 0, 1, 3, 0, 0, 0, 0, 1, 0, 1, 0, 0, 3, 1, 0, 0, 0, 3, 1, 0, 2, 0, 0, 0, 1, 0, 0, 0, 0, 3, 0, 1, 0, 0, 2, 1, 1, 1, 0, 0, 0, 0, 2, 1, 0, 0, 0, 1, 3, 0, 0, 0, 0, 0, 0, 2, 0, 1, 0, 2, 1, 0, 0, 1, 1, 3, 1, 1, 3, 0, 0, 1, 0, 1, 0, 0, 0, 0, 0, 1, 0, 0, 0, 1, 0, 2, 1, 0, 1, 1, 0, 0, 2, 0, 0],726.9061273463456,57092.60052686413,92996.29751897219,false
35,G4_BALANCED,G4_BALANCED,[31, 22, 82, 15, 26, 9, 95, 42, 77, 68, 47, 5, 93, 78, 86, 54, 85, 63, 18, 44, 20, 49, 36, 14, 74, 50, 53, 17, 21, 28, 11, 64, 3, 23, 30, 83, 24, 41, 40, 52, 65, 27, 90, 70, 39, 87, 48, 69, 99, 4, 46, 1, 13, 58, 19, 59, 45, 8, 73, 37, 35, 79, 71, 66, 76, 32, 60, 80, 56, 6, 67, 61, 33, 7, 57, 34, 12, 16, 10, 98, 96, 88, 43, 75, 91, 38, 84, 92, 29, 97, 51, 55, 81, 89, 25, 72, 94, 2, 0, 62]|[2, 1, 2, 1, 1, 0, 1, 1, 1, 1, 1, 0, 2, 2, 1, 2, 0, 0, 0, 2, 2, 1, 0, 2, 0, 2, 2, 1, 0, 1, 1, 1, 0, 0, 1, 0, 2, 1, 2, 2, 0, 0, 1, 1, 0, 2, 0, 2, 1, 0, 0, 2, 0, 0, 2, 0, 1, 1, 0, 0, 2, 1, 1, 2, 2, 0, 2, 2, 2, 1, 2, 1, 1, 2, 0, 1, 1, 2, 1, 2, 0, 1, 1, 0, 1, 0, 0, 0, 1, 1, 1, 0, 1, 1, 1, 1, 2, 2, 0, 1]|[0, 3, 0, 3, 4, 1, 4, 4, 2, 4, 3, 2, 1, 0, 2, 1, 1, 1, 2, 1, 1, 3, 0, 1, 0, 1, 1, 4, 1, 4, 3, 2, 2, 0, 4, 1, 1, 4, 1, 1, 2, 1, 4, 4, 1, 1, 0, 2, 3, 2, 2, 1, 2, 1, 1, 2, 4, 3, 0, 2, 2, 3, 3, 1, 1, 2, 1, 1, 1, 4, 1, 3, 4, 1, 2, 4, 3, 1, 3, 1, 2, 4, 4, 2, 3, 2, 2, 2, 3, 4, 3, 2, 4, 4, 4, 4, 1, 1, 2, 3]|[0, 2, 0, 0, 3, 0, 1, 3, 0, 0, 2, 0, 1, 0, 1, 0, 0, 0, 1, 0, 0, 2, 0, 0, 1, 0, 0, 3, 0, 1, 0, 2, 0, 0, 3, 0, 1, 1, 0, 0, 0, 0, 1, 3, 0, 0, 1, 0, 2, 0, 0, 0, 0, 0, 1, 0, 1, 0, 1, 1, 0, 2, 0, 0, 0, 0, 0, 0, 0, 2, 0, 0, 1, 0, 0, 1, 0, 0, 3, 0, 0, 1, 2, 0, 0, 0, 0, 0, 3, 1, 0, 0, 2, 1, 3, 1, 0, 0, 0, 0],920.1849049908361,49505.9112889671,105404.67717899394,false
35,G2_TEC,G2_TEC,[31, 22, 82, 15, 26, 9, 95, 42, 77, 68, 47, 5, 93, 78, 86, 54, 85, 63, 18, 44, 20, 49, 36, 14, 74, 50, 53, 17, 21, 28, 11, 64, 3, 23, 30, 83, 24, 41, 40, 52, 65, 27, 90, 70, 39, 87, 48, 69, 99, 4, 75, 1, 13, 58, 97, 59, 45, 8, 73, 37, 35, 79, 71, 66, 76, 32, 60, 80, 56, 6, 67, 61, 33, 7, 57, 34, 12, 16, 10, 98, 96, 88, 43, 46, 91, 38, 84, 92, 29, 19, 51, 55, 81, 89, 25, 72, 94, 2, 0, 62]|[2, 1, 2, 1, 1, 2, 1, 1, 1, 1, 1, 0, 2, 2, 1, 2, 0, 0, 0, 2, 2, 1, 0, 2, 0, 2, 2, 1, 0, 1, 1, 1, 0, 0, 1, 0, 2, 1, 2, 2, 0, 0, 1, 1, 0, 2, 0, 2, 1, 0, 0, 2, 0, 0, 2, 0, 1, 1, 0, 0, 2, 1, 1, 2, 2, 0, 2, 2, 2, 1, 2, 1, 1, 2, 0, 1, 1, 2, 1, 2, 0, 1, 1, 0, 1, 0, 0, 0, 1, 1, 1, 0, 1, 1, 1, 1, 2, 2, 0, 1]|[0, 3, 0, 3, 4, 1, 4, 4, 2, 4, 3, 2, 1, 0, 2, 1, 1, 1, 2, 1, 1, 3, 0, 1, 0, 1, 1, 4, 1, 4, 3, 2, 2, 0, 4, 1, 1, 4, 1, 1, 2, 1, 4, 4, 1, 1, 0, 2, 3, 2, 2, 1, 2, 1, 1, 2, 4, 3, 0, 2, 2, 3, 3, 1, 1, 2, 1, 1, 1, 4, 1, 3, 4, 1, 2, 4, 3, 1, 3, 1, 2, 4, 4, 2, 3, 2, 2, 2, 3, 4, 3, 2, 4, 4, 4, 4, 1, 1, 2, 3]|[0, 2, 0, 0, 3, 0, 1, 3, 0, 0, 2, 0, 1, 0, 1, 0, 0, 0, 1, 0, 0, 2, 0, 0, 1, 0, 0, 3, 0, 1, 0, 2, 0, 0, 3, 0, 1, 1, 0, 0, 0, 0, 1, 3, 0, 0, 1, 0, 2, 0, 0, 0, 0, 0, 1, 0, 1, 0, 1, 1, 0, 2, 0, 0, 0, 0, 0, 0, 0, 2, 0, 0, 1, 0, 0, 1, 0, 0, 3, 0, 0, 1, 2, 0, 0, 0, 0, 0, 3, 1, 0, 0, 2, 1, 3, 1, 0, 0, 0, 0],908.8272556494078,49235.066718390466,107289.32240407266,false
35,G3_TWC,G3_TWC,[31, 22, 82, 15, 26, 58, 95, 42, 77, 12, 47, 5, 93, 78, 98, 54, 85, 63, 18, 44, 20, 35, 43, 97, 91, 76, 10, 30, 21, 45, 71, 64, 1, 23, 17, 83, 24, 14, 60, 36, 6, 57, 94, 88, 65, 56, 79, 40, 67, 68, 46, 75, 38, 9, 19, 32, 81, 41, 27, 62, 87, 90, 99, 59, 11, 16, 72, 73, 70, 39, 37, 84, 3, 92, 25, 55, 28, 29, 51, 7, 33, 61, 86, 48, 89, 50, 66, 96, 53, 80, 4, 8, 34, 49, 52, 0, 13, 2, 69, 74]|[1, 1, 0, 1, 1, 1, 2, 1, 2, 1, 2, 2, 2, 1, 1, 0, 0, 1, 0, 2, 2, 0, 1, 2, 0, 1, 2, 2, 0, 0, 1, 2, 1, 2, 1, 0, 2, 0, 1, 1, 0, 1, 1, 1, 0, 2, 1, 1, 0, 0, 0, 0, 1, 1, 2, 1, 2, 0, 0, 0, 2, 1, 0, 1, 2, 1, 2, 1, 1, 1, 1, 1, 2, 0, 1, 1, 0, 0, 0, 1, 2, 1, 0, 0, 1, 0, 0, 0, 0, 0, 0, 1, 2, 0, 1, 0, 0, 0, 1, 2]|[4, 3, 2, 2, 0, 0, 2, 2, 2, 4, 1, 1, 2, 4, 4, 1, 1, 4, 2, 1, 1, 1, 1, 2, 1, 2, 1, 1, 1, 1, 3, 2, 3, 0, 4, 0, 1, 1, 0, 3, 2, 2, 4, 0, 1, 1, 0, 2, 0, 1, 2, 2, 1, 4, 0, 3, 2, 1, 1, 2, 1, 3, 1, 1, 1, 3, 0, 4, 3, 1, 4, 1, 1, 2, 4, 4, 2, 1, 1, 3, 1, 3, 1, 1, 1, 1, 1, 1, 2, 1, 2, 3, 1, 1, 1, 2, 2, 2, 3, 1]|[0, 2, 1, 1, 3, 3, 0, 1, 0, 0, 0, 0, 1, 0, 1, 0, 0, 3, 1, 0, 0, 0, 3, 1, 0, 2, 0, 0, 0, 1, 0, 0, 0, 0, 3, 0, 1, 0, 0, 2, 1, 1, 2, 0, 0, 0, 0, 1, 1, 0, 0, 0, 1, 3, 0, 0, 1, 0, 0, 1, 0, 2, 0, 1, 0, 2, 1, 0, 0, 1, 1, 3, 0, 1, 3, 3, 1, 0, 0, 2, 0, 0, 0, 0, 1, 0, 0, 0, 1, 0, 1, 2, 0, 1, 1, 0, 0, 0, 0, 0],805.5394456933803,58046.77716663049,89050.44506242599,false
35,G1_CMAX,G1_CMAX,[31, 22, 82, 15, 26, 99, 95, 42, 77, 12, 47, 5, 93, 78, 86, 54, 21, 63, 18, 44, 20, 35, 43, 97, 91, 76, 10, 30, 85, 45, 71, 64, 1, 23, 57, 83, 24, 14, 60, 36, 6, 17, 40, 88, 65, 56, 79, 94, 67, 68, 46, 75, 38, 9, 19, 32, 41, 81, 27, 87, 90, 58, 59, 11, 16, 72, 73, 70, 39, 37, 84, 3, 92, 25, 55, 48, 62, 29, 51, 96, 33, 61, 98, 66, 89, 50, 4, 7, 53, 80, 8, 28, 34, 49, 52, 0, 74, 69, 2, 13]|[1, 1, 0, 1, 1, 0, 1, 1, 2, 1, 2, 2, 2, 1, 1, 0, 0, 1, 0, 2, 2, 0, 1, 2, 0, 1, 2, 2, 0, 0, 1, 2, 1, 2, 1, 0, 2, 0, 1, 1, 0, 1, 1, 1, 0, 2, 1, 1, 0, 0, 0, 0, 1, 1, 2, 1, 0, 2, 0, 2, 1, 0, 1, 2, 1, 2, 1, 1, 1, 1, 1, 1, 0, 1, 2, 0, 0, 0, 2, 2, 2, 1, 2, 2, 1, 0, 1, 2, 0, 0, 1, 0, 2, 0, 1, 0, 2, 1, 0, 0]|[0, 3, 2, 2, 4, 1, 2, 3, 2, 4, 1, 1, 2, 4, 4, 1, 1, 4, 2, 1, 1, 1, 1, 2, 1, 2, 1, 1, 2, 1, 3, 2, 3, 1, 4, 0, 1, 1, 0, 3, 2, 2, 2, 0, 1, 1, 0, 4, 0, 1, 2, 2, 1, 4, 0, 3, 1, 1, 1, 1, 3, 1, 1, 1, 3, 0, 4, 3, 1, 4, 1, 1, 2, 4, 1, 1, 2, 1, 2, 1, 1, 3, 1, 1, 1, 1, 4, 1, 2, 1, 3, 2, 1, 1, 1, 2, 1, 4, 2, 2]|[0, 2, 1, 1, 3, 0, 1, 3, 0, 0, 0, 0, 1, 0, 1, 0, 0, 3, 1, 0, 0, 0, 3, 1, 0, 2, 0, 0, 0, 1, 0, 0, 0, 0, 3, 0, 1, 0, 0, 2, 1, 1, 1, 0, 0, 0, 0, 2, 1, 0, 0, 0, 1, 3, 0, 0, 0, 0, 0, 0, 2, 0, 1, 0, 2, 1, 0, 0, 1, 1, 3, 1, 1, 3, 0, 0, 1, 0, 1, 0, 0, 0, 0, 0, 1, 0, 0, 0, 1, 0, 2, 1, 0, 1, 1, 0, 0, 2, 0, 0],726.9061273463456,57092.60052686413,92996.29751897219,false
35,G4_BALANCED,G4_BALANCED,[31, 22, 82, 15, 26, 9, 95, 42, 77, 68, 47, 5, 93, 78, 86, 54, 85, 63, 18, 44, 20, 49, 36, 14, 74, 50, 53, 17, 21, 28, 11, 64, 3, 23, 30, 83, 24, 41, 40, 52, 65, 27, 90, 70, 39, 87, 48, 69, 99, 4, 46, 1, 13, 58, 19, 59, 45, 8, 73, 37, 35, 79, 71, 66, 76, 32, 60, 80, 56, 6, 67, 61, 33, 7, 57, 34, 12, 16, 10, 98, 96, 88, 43, 75, 91, 38, 84, 92, 29, 97, 51, 55, 81, 89, 25, 72, 94, 2, 0, 62]|[2, 1, 2, 1, 1, 0, 1, 1, 1, 1, 1, 0, 2, 2, 1, 2, 0, 0, 0, 2, 2, 1, 0, 2, 0, 2, 2, 1, 0, 1, 1, 1, 0, 0, 1, 0, 2, 1, 2, 2, 0, 0, 1, 1, 0, 2, 0, 2, 1, 0, 0, 2, 0, 0, 2, 0, 1, 1, 0, 0, 2, 1, 1, 2, 2, 0, 2, 2, 2, 1, 2, 1, 1, 2, 0, 1, 1, 2, 1, 2, 0, 1, 1, 0, 1, 0, 0, 0, 1, 1, 1, 0, 1, 1, 1, 1, 2, 2, 0, 1]|[0, 3, 0, 3, 4, 1, 4, 4, 2, 4, 3, 2, 1, 0, 2, 1, 1, 1, 2, 1, 1, 3, 0, 1, 0, 1, 1, 4, 1, 4, 3, 2, 2, 0, 4, 1, 1, 4, 1, 1, 2, 1, 4, 4, 1, 1, 0, 2, 3, 2, 2, 1, 2, 1, 1, 2, 4, 3, 0, 2, 2, 3, 3, 1, 1, 2, 1, 1, 1, 4, 1, 3, 4, 1, 2, 4, 3, 1, 3, 1, 2, 4, 4, 2, 3, 2, 2, 2, 3, 4, 3, 2, 4, 4, 4, 4, 1, 1, 2, 3]|[0, 2, 0, 0, 3, 0, 1, 3, 0, 0, 2, 0, 1, 0, 1, 0, 0, 0, 1, 0, 0, 2, 0, 0, 1, 0, 0, 3, 0, 1, 0, 2, 0, 0, 3, 0, 1, 1, 0, 0, 0, 0, 1, 3, 0, 0, 1, 0, 2, 0, 0, 0, 0, 0, 1, 0, 1, 0, 1, 1, 0, 2, 0, 0, 0, 0, 0, 0, 0, 2, 0, 0, 1, 0, 0, 1, 0, 0, 3, 0, 0, 1, 2, 0, 0, 0, 0, 0, 3, 1, 0, 0, 2, 1, 3, 1, 0, 0, 0, 0],920.1849049908361,49505.9112889671,105404.67717899394,false
35,G2_TEC,G2_TEC,[31, 22, 82, 15, 26, 9, 95, 42, 77, 68, 47, 5, 93, 78, 86, 54, 85, 63, 18, 44, 20, 49, 36, 14, 74, 50, 53, 17, 21, 28, 11, 64, 3, 23, 30, 83, 24, 41, 40, 52, 65, 27, 90, 70, 39, 87, 48, 69, 99, 4, 75, 1, 13, 58, 97, 59, 45, 8, 73, 37, 35, 79, 71, 66, 76, 32, 60, 80, 56, 6, 67, 61, 33, 7, 57, 34, 12, 16, 10, 98, 96, 88, 43, 46, 91, 38, 84, 92, 29, 19, 51, 55, 81, 89, 25, 72, 94, 2, 0, 62]|[2, 1, 2, 1, 1, 2, 1, 1, 1, 1, 1, 0, 2, 2, 1, 2, 0, 0, 0, 2, 2, 1, 0, 2, 0, 2, 2, 1, 0, 1, 1, 1, 0, 0, 1, 0, 2, 1, 2, 2, 0, 0, 1, 1, 0, 2, 0, 2, 1, 0, 0, 2, 0, 0, 2, 0, 1, 1, 0, 0, 2, 1, 1, 2, 2, 0, 2, 2, 2, 1, 2, 1, 1, 2, 0, 1, 1, 2, 1, 2, 0, 1, 1, 0, 1, 0, 0, 0, 1, 1, 1, 0, 1, 1, 1, 1, 2, 2, 0, 1]|[0, 3, 0, 3, 4, 1, 4, 4, 2, 4, 3, 2, 1, 0, 2, 1, 1, 1, 2, 1, 1, 3, 0, 1, 0, 1, 1, 4, 1, 4, 3, 2, 2, 0, 4, 1, 1, 4, 1, 1, 2, 1, 4, 4, 1, 1, 0, 2, 3, 2, 2, 1, 2, 1, 1, 2, 4, 3, 0, 2, 2, 3, 3, 1, 1, 2, 1, 1, 1, 4, 1, 3, 4, 1, 2, 4, 3, 1, 3, 1, 2, 4, 4, 2, 3, 2, 2, 2, 3, 4, 3, 2, 4, 4, 4, 4, 1, 1, 2, 3]|[0, 2, 0, 0, 3, 0, 1, 3, 0, 0, 2, 0, 1, 0, 1, 0, 0, 0, 1, 0, 0, 2, 0, 0, 1, 0, 0, 3, 0, 1, 0, 2, 0, 0, 3, 0, 1, 1, 0, 0, 0, 0, 1, 3, 0, 0, 1, 0, 2, 0, 0, 0, 0, 0, 1, 0, 1, 0, 1, 1, 0, 2, 0, 0, 0, 0, 0, 0, 0, 2, 0, 0, 1, 0, 0, 1, 0, 0, 3, 0, 0, 1, 2, 0, 0, 0, 0, 0, 3, 1, 0, 0, 2, 1, 3, 1, 0, 0, 0, 0],908.8272556494078,49235.066718390466,107289.32240407266,false
35,G3_TWC,G3_TWC,[31, 22, 82, 15, 26, 58, 95, 42, 77, 12, 47, 5, 93, 78, 98, 54, 85, 63, 18, 44, 20, 35, 43, 97, 91, 76, 10, 30, 21, 45, 71, 64, 1, 23, 17, 83, 24, 14, 60, 36, 6, 57, 94, 88, 65, 56, 79, 40, 67, 68, 46, 75, 38, 9, 19, 32, 81, 41, 27, 62, 87, 90, 99, 59, 11, 16, 72, 73, 70, 39, 37, 84, 3, 92, 25, 55, 28, 29, 51, 7, 33, 61, 86, 48, 89, 50, 66, 96, 53, 80, 4, 8, 34, 49, 52, 0, 13, 2, 69, 74]|[1, 1, 0, 1, 1, 1, 2, 1, 2, 1, 2, 2, 2, 1, 1, 0, 0, 1, 0, 2, 2, 0, 1, 2, 0, 1, 2, 2, 0, 0, 1, 2, 1, 2, 1, 0, 2, 0, 1, 1, 0, 1, 1, 1, 0, 2, 1, 1, 0, 0, 0, 0, 1, 1, 2, 1, 2, 0, 0, 0, 2, 1, 0, 1, 2, 1, 2, 1, 1, 1, 1, 1, 2, 0, 1, 1, 0, 0, 0, 1, 2, 1, 0, 0, 1, 0, 0, 0, 0, 0, 0, 1, 2, 0, 1, 0, 0, 0, 1, 2]|[4, 3, 2, 2, 0, 0, 2, 2, 2, 4, 1, 1, 2, 4, 4, 1, 1, 4, 2, 1, 1, 1, 1, 2, 1, 2, 1, 1, 1, 1, 3, 2, 3, 0, 4, 0, 1, 1, 0, 3, 2, 2, 4, 0, 1, 1, 0, 2, 0, 1, 2, 2, 1, 4, 0, 3, 2, 1, 1, 2, 1, 3, 1, 1, 1, 3, 0, 4, 3, 1, 4, 1, 1, 2, 4, 4, 2, 1, 1, 3, 1, 3, 1, 1, 1, 1, 1, 1, 2, 1, 2, 3, 1, 1, 1, 2, 2, 2, 3, 1]|[0, 2, 1, 1, 3, 3, 0, 1, 0, 0, 0, 0, 1, 0, 1, 0, 0, 3, 1, 0, 0, 0, 3, 1, 0, 2, 0, 0, 0, 1, 0, 0, 0, 0, 3, 0, 1, 0, 0, 2, 1, 1, 2, 0, 0, 0, 0, 1, 1, 0, 0, 0, 1, 3, 0, 0, 1, 0, 0, 1, 0, 2, 0, 1, 0, 2, 1, 0, 0, 1, 1, 3, 0, 1, 3, 3, 1, 0, 0, 2, 0, 0, 0, 0, 1, 0, 0, 0, 1, 0, 1, 2, 0, 1, 1, 0, 0, 0, 0, 0],805.5394456933803,58046.77716663049,89050.44506242599,false
35,G1_CMAX,G1_CMAX,[31, 22, 82, 15, 26, 99, 95, 42, 77, 12, 47, 5, 93, 78, 86, 54, 21, 63, 18, 44, 20, 35, 43, 97, 91, 76, 10, 30, 85, 45, 71, 64, 1, 23, 57, 83, 24, 14, 60, 36, 6, 17, 40, 88, 65, 56, 79, 94, 67, 68, 46, 75, 38, 9, 19, 32, 41, 81, 27, 87, 90, 58, 59, 11, 16, 72, 73, 70, 39, 37, 84, 3, 92, 25, 55, 48, 62, 29, 51, 96, 33, 61, 98, 66, 89, 50, 4, 7, 53, 80, 8, 28, 34, 49, 52, 0, 74, 69, 2, 13]|[1, 1, 0, 1, 1, 0, 1, 1, 2, 1, 2, 2, 2, 1, 1, 0, 0, 1, 0, 2, 2, 0, 1, 2, 0, 1, 2, 2, 0, 0, 1, 2, 1, 2, 1, 0, 2, 0, 1, 1, 0, 1, 1, 1, 0, 2, 1, 1, 0, 0, 0, 0, 1, 1, 2, 1, 0, 2, 0, 2, 1, 0, 1, 2, 1, 2, 1, 1, 1, 1, 1, 1, 0, 1, 2, 0, 0, 0, 2, 2, 2, 1, 2, 2, 1, 0, 1, 2, 0, 0, 1, 0, 2, 0, 1, 0, 2, 1, 0, 0]|[0, 3, 2, 2, 4, 1, 2, 3, 2, 4, 1, 1, 2, 4, 4, 1, 1, 4, 2, 1, 1, 1, 1, 2, 1, 2, 1, 1, 2, 1, 3, 2, 3, 1, 4, 0, 1, 1, 0, 3, 2, 2, 2, 0, 1, 1, 0, 4, 0, 1, 2, 2, 1, 4, 0, 3, 1, 1, 1, 1, 3, 1, 1, 1, 3, 0, 4, 3, 1, 4, 1, 1, 2, 4, 1, 1, 2, 1, 2, 1, 1, 3, 1, 1, 1, 1, 4, 1, 2, 1, 3, 2, 1, 1, 1, 2, 1, 4, 2, 2]|[0, 2, 1, 1, 3, 0, 1, 3, 0, 0, 0, 0, 1, 0, 1, 0, 0, 3, 1, 0, 0, 0, 3, 1, 0, 2, 0, 0, 0, 1, 0, 0, 0, 0, 3, 0, 1, 0, 0, 2, 1, 1, 1, 0, 0, 0, 0, 2, 1, 0, 0, 0, 1, 3, 0, 0, 0, 0, 0, 0, 2, 0, 1, 0, 2, 1, 0, 0, 1, 1, 3, 1, 1, 3, 0, 0, 1, 0, 1, 0, 0, 0, 0, 0, 1, 0, 0, 0, 1, 0, 2, 1, 0, 1, 1, 0, 0, 2, 0, 0],726.9061273463456,57092.60052686413,92996.29751897219,false
35,G4_BALANCED,G4_BALANCED,[31, 11, 15, 82, 26, 9, 95, 32, 77, 68, 47, 5, 93, 78, 86, 54, 85, 63, 18, 44, 20, 49, 36, 14, 74, 50, 53, 17, 21, 45, 71, 64, 3, 23, 30, 83, 24, 41, 60, 52, 65, 27, 90, 70, 39, 87, 48, 69, 99, 4, 46, 1, 13, 58, 97, 59, 28, 75, 73, 37, 35, 79, 22, 66, 76, 42, 40, 80, 96, 6, 16, 61, 33, 7, 57, 34, 12, 67, 10, 98, 56, 88, 29, 94, 91, 38, 51, 92, 43, 84, 19, 72, 81, 25, 0, 55, 62, 89, 8, 2]|[2, 1, 1, 2, 1, 2, 1, 1, 1, 1, 1, 0, 2, 2, 1, 2, 0, 0, 0, 2, 2, 1, 0, 2, 0, 2, 2, 1, 0, 1, 1, 1, 0, 0, 1, 0, 2, 1, 2, 2, 0, 0, 1, 1, 0, 2, 0, 2, 1, 0, 0, 2, 0, 0, 2, 0, 1, 0, 0, 0, 2, 1, 0, 2, 2, 0, 2, 2, 0, 1, 2, 1, 1, 2, 0, 1, 1, 1, 1, 2, 2, 1, 1, 2, 1, 0, 1, 0, 1, 0, 1, 1, 1, 1, 0, 0, 1, 1, 1, 2]|[0, 3, 2, 0, 4, 1, 4, 4, 2, 4, 3, 2, 1, 0, 2, 1, 1, 1, 2, 1, 1, 3, 0, 1, 0, 1, 1, 4, 1, 4, 3, 2, 2, 0, 4, 1, 1, 4, 0, 1, 2, 1, 4, 4, 1, 1, 0, 2, 3, 1, 2, 1, 2, 1, 1, 2, 4, 2, 0, 2, 2, 3, 1, 0, 1, 2, 0, 1, 2, 4, 1, 3, 4, 1, 2, 4, 3, 3, 3, 1, 1, 4, 3, 1, 3, 2, 3, 2, 4, 2, 4, 4, 1, 4, 2, 2, 3, 4, 3, 1]|[0, 2, 1, 0, 3, 0, 1, 3, 0, 0, 2, 0, 1, 0, 1, 0, 0, 0, 1, 0, 0, 2, 0, 0, 1, 0, 0, 3, 0, 1, 0, 2, 0, 1, 3, 0, 1, 3, 1, 0, 0, 0, 1, 3, 0, 0, 1, 0, 2, 0, 0, 0, 0, 0, 1, 0, 1, 0, 1, 1, 0, 2, 0, 0, 0, 0, 0, 0, 0, 2, 0, 0, 1, 0, 0, 1, 0, 0, 3, 0, 0, 1, 0, 0, 0, 0, 0, 0, 2, 0, 3, 2, 1, 3, 0, 0, 0, 1, 0, 0],838.0858887121581,52145.01293281826,108083.60693758915,false
35,G2_TEC,G2_TEC,[31, 22, 82, 15, 26, 9, 95, 42, 77, 68, 47, 5, 93, 78, 86, 54, 85, 63, 18, 44, 20, 49, 36, 14, 74, 50, 53, 17, 21, 28, 11, 64, 3, 23, 30, 83, 24, 41, 40, 52, 65, 27, 90, 70, 39, 87, 48, 69, 99, 4, 75, 1, 13, 58, 97, 59, 45, 8, 73, 37, 35, 79, 71, 66, 76, 32, 60, 80, 56, 6, 67, 61, 33, 7, 57, 34, 12, 16, 10, 98, 96, 88, 43, 46, 91, 38, 84, 92, 29, 19, 51, 55, 81, 89, 25, 72, 94, 2, 0, 62]|[2, 1, 2, 1, 1, 2, 1, 1, 1, 1, 1, 0, 2, 2, 1, 2, 0, 0, 0, 2, 2, 1, 0, 2, 0, 2, 2, 1, 0, 1, 1, 1, 0, 0, 1, 0, 2, 1, 2, 2, 0, 0, 1, 1, 0, 2, 0, 2, 1, 0, 0, 2, 0, 0, 2, 0, 1, 1, 0, 0, 2, 1, 1, 2, 2, 0, 2, 2, 2, 1, 2, 1, 1, 2, 0, 1, 1, 2, 1, 2, 0, 1, 1, 0, 1, 0, 0, 0, 1, 1, 1, 0, 1, 1, 1, 1, 2, 2, 0, 1]|[0, 3, 0, 3, 4, 1, 4, 4, 2, 4, 3, 2, 1, 0, 2, 1, 1, 1, 2, 1, 1, 3, 0, 1, 0, 1, 1, 4, 1, 4, 3, 2, 2, 0, 4, 1, 1, 4, 1, 1, 2, 1, 4, 4, 1, 1, 0, 2, 3, 2, 2, 1, 2, 1, 1, 2, 4, 3, 0, 2, 2, 3, 3, 1, 1, 2, 1, 1, 1, 4, 1, 3, 4, 1, 2, 4, 3, 1, 3, 1, 2, 4, 4, 2, 3, 2, 2, 2, 3, 4, 3, 2, 4, 4, 4, 4, 1, 1, 2, 3]|[0, 2, 0, 0, 3, 0, 1, 3, 0, 0, 2, 0, 1, 0, 1, 0, 0, 0, 1, 0, 0, 2, 0, 0, 1, 0, 0, 3, 0, 1, 0, 2, 0, 0, 3, 0, 1, 1, 0, 0, 0, 0, 1, 3, 0, 0, 1, 0, 2, 0, 0, 0, 0, 0, 1, 0, 1, 0, 1, 1, 0, 2, 0, 0, 0, 0, 0, 0, 0, 2, 0, 0, 1, 0, 0, 1, 0, 0, 3, 0, 0, 1, 2, 0, 0, 0, 0, 0, 3, 1, 0, 0, 2, 1, 3, 1, 0, 0, 0, 0],908.8272556494078,49235.066718390466,107289.32240407266,false
35,G3_TWC,G3_TWC,[31, 22, 82, 15, 26, 58, 95, 42, 77, 12, 47, 5, 93, 78, 98, 54, 85, 63, 18, 44, 20, 35, 43, 97, 91, 76, 10, 30, 21, 45, 71, 64, 1, 23, 17, 83, 24, 14, 60, 36, 6, 57, 94, 88, 65, 56, 79, 40, 67, 68, 46, 75, 38, 9, 19, 32, 81, 41, 27, 62, 87, 90, 99, 59, 11, 16, 72, 73, 70, 39, 37, 84, 3, 92, 25, 55, 28, 29, 51, 7, 33, 61, 86, 48, 89, 50, 66, 96, 53, 80, 4, 8, 34, 49, 52, 0, 13, 2, 69, 74]|[1, 1, 0, 1, 1, 1, 2, 1, 2, 1, 2, 2, 2, 1, 1, 0, 0, 1, 0, 2, 2, 0, 1, 2, 0, 1, 2, 2, 0, 0, 1, 2, 1, 2, 1, 0, 2, 0, 1, 1, 0, 1, 1, 1, 0, 2, 1, 1, 0, 0, 0, 0, 1, 1, 2, 1, 2, 0, 0, 0, 2, 1, 0, 1, 2, 1, 2, 1, 1, 1, 1, 1, 2, 0, 1, 1, 0, 0, 0, 1, 2, 1, 0, 0, 1, 0, 0, 0, 0, 0, 0, 1, 2, 0, 1, 0, 0, 0, 1, 2]|[4, 3, 2, 2, 0, 0, 2, 2, 2, 4, 1, 1, 2, 4, 4, 1, 1, 4, 2, 1, 1, 1, 1, 2, 1, 2, 1, 1, 1, 1, 3, 2, 3, 0, 4, 0, 1, 1, 0, 3, 2, 2, 4, 0, 1, 1, 0, 2, 0, 1, 2, 2, 1, 4, 0, 3, 2, 1, 1, 2, 1, 3, 1, 1, 1, 3, 0, 4, 3, 1, 4, 1, 1, 2, 4, 4, 2, 1, 1, 3, 1, 3, 1, 1, 1, 1, 1, 1, 2, 1, 2, 3, 1, 1, 1, 2, 2, 2, 3, 1]|[0, 2, 1, 1, 3, 3, 0, 1, 0, 0, 0, 0, 1, 0, 1, 0, 0, 3, 1, 0, 0, 0, 3, 1, 0, 2, 0, 0, 0, 1, 0, 0, 0, 0, 3, 0, 1, 0, 0, 2, 1, 1, 2, 0, 0, 0, 0, 1, 1, 0, 0, 0, 1, 3, 0, 0, 1, 0, 0, 1, 0, 2, 0, 1, 0, 2, 1, 0, 0, 1, 1, 3, 0, 1, 3, 3, 1, 0, 0, 2, 0, 0, 0, 0, 1, 0, 0, 0, 1, 0, 1, 2, 0, 1, 1, 0, 0, 0, 0, 0],805.5394456933803,58046.77716663049,89050.44506242599,false
35,G1_CMAX,G1_CMAX,[31, 22, 82, 15, 26, 99, 95, 42, 77, 12, 47, 5, 93, 78, 86, 54, 21, 63, 18, 44, 20, 35, 43, 97, 91, 76, 10, 30, 85, 45, 71, 64, 1, 23, 57, 83, 24, 14, 60, 36, 6, 17, 40, 88, 65, 56, 79, 94, 67, 68, 46, 75, 38, 9, 19, 32, 41, 81, 27, 87, 90, 58, 59, 11, 16, 72, 73, 70, 39, 37, 84, 3, 92, 25, 55, 48, 62, 29, 51, 96, 33, 61, 98, 66, 89, 50, 4, 7, 53, 80, 8, 28, 34, 49, 52, 0, 74, 69, 2, 13]|[1, 1, 0, 1, 1, 0, 1, 1, 2, 1, 2, 2, 2, 1, 1, 0, 0, 1, 0, 2, 2, 0, 1, 2, 0, 1, 2, 2, 0, 0, 1, 2, 1, 2, 1, 0, 2, 0, 1, 1, 0, 1, 1, 1, 0, 2, 1, 1, 0, 0, 0, 0, 1, 1, 2, 1, 0, 2, 0, 2, 1, 0, 1, 2, 1, 2, 1, 1, 1, 1, 1, 1, 0, 1, 2, 0, 0, 0, 2, 2, 2, 1, 2, 2, 1, 0, 1, 2, 0, 0, 1, 0, 2, 0, 1, 0, 2, 1, 0, 0]|[0, 3, 2, 2, 4, 1, 2, 3, 2, 4, 1, 1, 2, 4, 4, 1, 1, 4, 2, 1, 1, 1, 1, 2, 1, 2, 1, 1, 2, 1, 3, 2, 3, 1, 4, 0, 1, 1, 0, 3, 2, 2, 2, 0, 1, 1, 0, 4, 0, 1, 2, 2, 1, 4, 0, 3, 1, 1, 1, 1, 3, 1, 1, 1, 3, 0, 4, 3, 1, 4, 1, 1, 2, 4, 1, 1, 2, 1, 2, 1, 1, 3, 1, 1, 1, 1, 4, 1, 2, 1, 3, 2, 1, 1, 1, 2, 1, 4, 2, 2]|[0, 2, 1, 1, 3, 0, 1, 3, 0, 0, 0, 0, 1, 0, 1, 0, 0, 3, 1, 0, 0, 0, 3, 1, 0, 2, 0, 0, 0, 1, 0, 0, 0, 0, 3, 0, 1, 0, 0, 2, 1, 1, 1, 0, 0, 0, 0, 2, 1, 0, 0, 0, 1, 3, 0, 0, 0, 0, 0, 0, 2, 0, 1, 0, 2, 1, 0, 0, 1, 1, 3, 1, 1, 3, 0, 0, 1, 0, 1, 0, 0, 0, 0, 0, 1, 0, 0, 0, 1, 0, 2, 1, 0, 1, 1, 0, 0, 2, 0, 0],726.9061273463456,57092.60052686413,92996.29751897219,false
35,G4_BALANCED,G4_BALANCED,[31, 11, 15, 82, 26, 9, 95, 32, 77, 68, 47, 5, 93, 78, 86, 54, 85, 63, 18, 44, 20, 49, 36, 14, 74, 50, 53, 17, 21, 45, 71, 64, 3, 23, 30, 83, 24, 41, 60, 52, 65, 27, 90, 70, 39, 87, 48, 69, 99, 4, 46, 1, 13, 58, 97, 59, 28, 75, 73, 37, 35, 79, 22, 66, 76, 42, 40, 80, 96, 6, 16, 61, 33, 7, 57, 34, 12, 67, 10, 98, 56, 88, 29, 94, 91, 38, 51, 92, 43, 84, 19, 72, 81, 25, 0, 55, 62, 89, 8, 2]|[2, 1, 1, 2, 1, 2, 1, 1, 1, 1, 1, 0, 2, 2, 1, 2, 0, 0, 0, 2, 2, 1, 0, 2, 0, 2, 2, 1, 0, 1, 1, 1, 0, 0, 1, 0, 2, 1, 2, 2, 0, 0, 1, 1, 0, 2, 0, 2, 1, 0, 0, 2, 0, 0, 2, 0, 1, 0, 0, 0, 2, 1, 0, 2, 2, 0, 2, 2, 0, 1, 2, 1, 1, 2, 0, 1, 1, 1, 1, 2, 2, 1, 1, 2, 1, 0, 1, 0, 1, 0, 1, 1, 1, 1, 0, 0, 1, 1, 1, 2]|[0, 3, 2, 0, 4, 1, 4, 4, 2, 4, 3, 2, 1, 0, 2, 1, 1, 1, 2, 1, 1, 3, 0, 1, 0, 1, 1, 4, 1, 4, 3, 2, 2, 0, 4, 1, 1, 4, 0, 1, 2, 1, 4, 4, 1, 1, 0, 2, 3, 1, 2, 1, 2, 1, 1, 2, 4, 2, 0, 2, 2, 3, 1, 0, 1, 2, 0, 1, 2, 4, 1, 3, 4, 1, 2, 4, 3, 3, 3, 1, 1, 4, 3, 1, 3, 2, 3, 2, 4, 2, 4, 4, 1, 4, 2, 2, 3, 4, 3, 1]|[0, 2, 1, 0, 3, 0, 1, 3, 0, 0, 2, 0, 1, 0, 1, 0, 0, 0, 1, 0, 0, 2, 0, 0, 1, 0, 0, 3, 0, 1, 0, 2, 0, 1, 3, 0, 1, 3, 1, 0, 0, 0, 1, 3, 0, 0, 1, 0, 2, 0, 0, 0, 0, 0, 1, 0, 1, 0, 1, 1, 0, 2, 0, 0, 0, 0, 0, 0, 0, 2, 0, 0, 1, 0, 0, 1, 0, 0, 3, 0, 0, 1, 0, 0, 0, 0, 0, 0, 2, 0, 3, 2, 1, 3, 0, 0, 0, 1, 0, 0],838.0858887121581,52145.01293281826,108083.60693758915,false
35,G2_TEC,G2_TEC,[31, 22, 82, 15, 26, 9, 95, 42, 77, 68, 47, 5, 93, 78, 86, 54, 85, 63, 18, 44, 20, 49, 36, 14, 74, 50, 53, 17, 21, 28, 11, 64, 3, 23, 30, 83, 24, 41, 40, 52, 65, 27, 90, 70, 39, 87, 48, 69, 99, 4, 75, 1, 13, 58, 97, 59, 45, 8, 73, 37, 35, 79, 71, 66, 76, 32, 60, 80, 56, 6, 67, 61, 33, 7, 57, 34, 12, 16, 10, 98, 96, 88, 43, 46, 91, 38, 84, 92, 29, 19, 51, 55, 81, 89, 25, 72, 94, 2, 0, 62]|[2, 1, 2, 1, 1, 2, 1, 1, 1, 1, 1, 0, 2, 2, 1, 2, 0, 0, 0, 2, 2, 1, 0, 2, 0, 2, 2, 1, 0, 1, 1, 1, 0, 0, 1, 0, 2, 1, 2, 2, 0, 0, 1, 1, 0, 2, 0, 2, 1, 0, 0, 2, 0, 0, 2, 0, 1, 1, 0, 0, 2, 1, 1, 2, 2, 0, 2, 2, 2, 1, 2, 1, 1, 2, 0, 1, 1, 2, 1, 2, 0, 1, 1, 0, 1, 0, 0, 0, 1, 1, 1, 0, 1, 1, 1, 1, 2, 2, 0, 1]|[0, 3, 0, 3, 4, 1, 4, 4, 2, 4, 3, 2, 1, 0, 2, 1, 1, 1, 2, 1, 1, 3, 0, 1, 0, 1, 1, 4, 1, 4, 3, 2, 2, 0, 4, 1, 1, 4, 1, 1, 2, 1, 4, 4, 1, 1, 0, 2, 3, 2, 2, 1, 2, 1, 1, 2, 4, 3, 0, 2, 2, 3, 3, 1, 1, 2, 1, 1, 1, 4, 1, 3, 4, 1, 2, 4, 3, 1, 3, 1, 2, 4, 4, 2, 3, 2, 2, 2, 3, 4, 3, 2, 4, 4, 4, 4, 1, 1, 2, 3]|[0, 2, 0, 0, 3, 0, 1, 3, 0, 0, 2, 0, 1, 0, 1, 0, 0, 0, 1, 0, 0, 2, 0, 0, 1, 0, 0, 3, 0, 1, 0, 2, 0, 0, 3, 0, 1, 1, 0, 0, 0, 0, 1, 3, 0, 0, 1, 0, 2, 0, 0, 0, 0, 0, 1, 0, 1, 0, 1, 1, 0, 2, 0, 0, 0, 0, 0, 0, 0, 2, 0, 0, 1, 0, 0, 1, 0, 0, 3, 0, 0, 1, 2, 0, 0, 0, 0, 0, 3, 1, 0, 0, 2, 1, 3, 1, 0, 0, 0, 0],908.8272556494078,49235.066718390466,107289.32240407266,false
35,G3_TWC,G3_TWC,[31, 22, 82, 15, 26, 58, 95, 42, 77, 12, 47, 5, 93, 78, 98, 54, 85, 63, 18, 44, 20, 35, 43, 97, 91, 76, 10, 30, 21, 45, 71, 64, 1, 23, 17, 83, 24, 14, 60, 36, 6, 57, 94, 88, 65, 56, 79, 40, 67, 68, 46, 75, 38, 9, 19, 32, 81, 41, 27, 62, 87, 90, 99, 59, 11, 16, 72, 73, 70, 39, 37, 84, 3, 92, 25, 55, 28, 29, 51, 7, 33, 61, 86, 48, 89, 50, 66, 96, 53, 80, 4, 8, 34, 49, 52, 0, 13, 2, 69, 74]|[1, 1, 0, 1, 1, 1, 2, 1, 2, 1, 2, 2, 2, 1, 1, 0, 0, 1, 0, 2, 2, 0, 1, 2, 0, 1, 2, 2, 0, 0, 1, 2, 1, 2, 1, 0, 2, 0, 1, 1, 0, 1, 1, 1, 0, 2, 1, 1, 0, 0, 0, 0, 1, 1, 2, 1, 2, 0, 0, 0, 2, 1, 0, 1, 2, 1, 2, 1, 1, 1, 1, 1, 2, 0, 1, 1, 0, 0, 0, 1, 2, 1, 0, 0, 1, 0, 0, 0, 0, 0, 0, 1, 2, 0, 1, 0, 0, 0, 1, 2]|[4, 3, 2, 2, 0, 0, 2, 2, 2, 4, 1, 1, 2, 4, 4, 1, 1, 4, 2, 1, 1, 1, 1, 2, 1, 2, 1, 1, 1, 1, 3, 2, 3, 0, 4, 0, 1, 1, 0, 3, 2, 2, 4, 0, 1, 1, 0, 2, 0, 1, 2, 2, 1, 4, 0, 3, 2, 1, 1, 2, 1, 3, 1, 1, 1, 3, 0, 4, 3, 1, 4, 1, 1, 2, 4, 4, 2, 1, 1, 3, 1, 3, 1, 1, 1, 1, 1, 1, 2, 1, 2, 3, 1, 1, 1, 2, 2, 2, 3, 1]|[0, 2, 1, 1, 3, 3, 0, 1, 0, 0, 0, 0, 1, 0, 1, 0, 0, 3, 1, 0, 0, 0, 3, 1, 0, 2, 0, 0, 0, 1, 0, 0, 0, 0, 3, 0, 1, 0, 0, 2, 1, 1, 2, 0, 0, 0, 0, 1, 1, 0, 0, 0, 1, 3, 0, 0, 1, 0, 0, 1, 0, 2, 0, 1, 0, 2, 1, 0, 0, 1, 1, 3, 0, 1, 3, 3, 1, 0, 0, 2, 0, 0, 0, 0, 1, 0, 0, 0, 1, 0, 1, 2, 0, 1, 1, 0, 0, 0, 0, 0],805.5394456933803,58046.77716663049,89050.44506242599,false
35,G1_CMAX,G1_CMAX,[31, 22, 82, 15, 26, 99, 95, 42, 77, 12, 47, 5, 93, 78, 86, 54, 21, 63, 18, 44, 20, 35, 43, 97, 91, 76, 10, 30, 85, 45, 71, 64, 1, 23, 57, 83, 24, 14, 60, 36, 6, 17, 40, 88, 65, 56, 79, 94, 67, 68, 46, 75, 38, 9, 19, 32, 41, 81, 27, 87, 90, 58, 59, 11, 16, 72, 73, 70, 39, 37, 84, 3, 92, 25, 55, 48, 62, 29, 51, 96, 33, 61, 98, 66, 89, 50, 4, 7, 53, 80, 8, 28, 34, 49, 52, 0, 74, 69, 2, 13]|[1, 1, 0, 1, 1, 0, 1, 1, 2, 1, 2, 2, 2, 1, 1, 0, 0, 1, 0, 2, 2, 0, 1, 2, 0, 1, 2, 2, 0, 0, 1, 2, 1, 2, 1, 0, 2, 0, 1, 1, 0, 1, 1, 1, 0, 2, 1, 1, 0, 0, 0, 0, 1, 1, 2, 1, 0, 2, 0, 2, 1, 0, 1, 2, 1, 2, 1, 1, 1, 1, 1, 1, 0, 1, 2, 0, 0, 0, 2, 2, 2, 1, 2, 2, 1, 0, 1, 2, 0, 0, 1, 0, 2, 0, 1, 0, 2, 1, 0, 0]|[0, 3, 2, 2, 4, 1, 2, 3, 2, 4, 1, 1, 2, 4, 4, 1, 1, 4, 2, 1, 1, 1, 1, 2, 1, 2, 1, 1, 2, 1, 3, 2, 3, 1, 4, 0, 1, 1, 0, 3, 2, 2, 2, 0, 1, 1, 0, 4, 0, 1, 2, 2, 1, 4, 0, 3, 1, 1, 1, 1, 3, 1, 1, 1, 3, 0, 4, 3, 1, 4, 1, 1, 2, 4, 1, 1, 2, 1, 2, 1, 1, 3, 1, 1, 1, 1, 4, 1, 2, 1, 3, 2, 1, 1, 1, 2, 1, 4, 2, 2]|[0, 2, 1, 1, 3, 0, 1, 3, 0, 0, 0, 0, 1, 0, 1, 0, 0, 3, 1, 0, 0, 0, 3, 1, 0, 2, 0, 0, 0, 1, 0, 0, 0, 0, 3, 0, 1, 0, 0, 2, 1, 1, 1, 0, 0, 0, 0, 2, 1, 0, 0, 0, 1, 3, 0, 0, 0, 0, 0, 0, 2, 0, 1, 0, 2, 1, 0, 0, 1, 1, 3, 1, 1, 3, 0, 0, 1, 0, 1, 0, 0, 0, 0, 0, 1, 0, 0, 0, 1, 0, 2, 1, 0, 1, 1, 0, 0, 2, 0, 0],726.9061273463456,57092.60052686413,92996.29751897219,false
35,G4_BALANCED,G2_TEC,[31, 22, 82, 15, 26, 9, 95, 42, 77, 68, 47, 5, 93, 78, 86, 54, 85, 63, 18, 44, 20, 49, 36, 14, 74, 50, 53, 17, 21, 28, 11, 64, 3, 23, 30, 83, 24, 41, 40, 52, 65, 27, 90, 70, 39, 87, 48, 69, 99, 4, 46, 1, 13, 58, 97, 59, 45, 8, 73, 37, 35, 79, 71, 66, 76, 32, 60, 80, 96, 6, 67, 61, 33, 7, 57, 34, 12, 16, 10, 98, 56, 88, 43, 75, 91, 38, 84, 92, 29, 19, 51, 55, 72, 25, 89, 81, 94, 2, 0, 62]|[2, 1, 2, 1, 1, 0, 1, 1, 1, 1, 1, 0, 2, 2, 1, 2, 0, 0, 0, 2, 2, 1, 0, 2, 0, 2, 2, 1, 0, 1, 1, 1, 0, 0, 1, 0, 2, 1, 2, 2, 0, 0, 1, 1, 0, 2, 0, 2, 1, 0, 0, 2, 0, 0, 2, 0, 1, 1, 0, 0, 2, 1, 1, 2, 2, 0, 2, 2, 2, 1, 2, 1, 1, 2, 0, 1, 1, 2, 1, 2, 2, 1, 1, 0, 1, 0, 0, 0, 1, 1, 1, 0, 1, 1, 1, 1, 2, 2, 0, 1]|[0, 3, 0, 3, 4, 1, 4, 4, 2, 4, 3, 2, 1, 0, 2, 1, 1, 1, 2, 1, 1, 3, 0, 1, 0, 1, 1, 4, 1, 4, 3, 2, 2, 0, 4, 1, 1, 4, 1, 1, 2, 1, 4, 4, 1, 1, 0, 2, 3, 2, 2, 1, 2, 1, 1, 2, 4, 3, 0, 2, 2, 3, 3, 1, 1, 2, 1, 1, 1, 4, 1, 3, 4, 1, 2, 4, 3, 1, 3, 1, 1, 4, 4, 2, 3, 2, 2, 2, 3, 4, 3, 2, 4, 4, 4, 4, 1, 1, 2, 3]|[0, 2, 0, 0, 3, 0, 1, 3, 0, 0, 2, 0, 1, 0, 1, 0, 0, 0, 1, 0, 0, 2, 0, 0, 1, 0, 0, 3, 0, 1, 0, 2, 0, 0, 3, 0, 1, 3, 0, 0, 0, 0, 1, 3, 0, 0, 1, 0, 2, 0, 0, 0, 0, 0, 1, 0, 1, 0, 1, 1, 0, 2, 0, 0, 0, 0, 0, 0, 0, 2, 0, 0, 1, 0, 0, 1, 0, 0, 3, 0, 0, 1, 2, 0, 0, 0, 0, 0, 3, 1, 0, 0, 1, 3, 1, 2, 0, 0, 0, 0],884.7022504668442,49690.84369414244,106564.85768457933,true
35,G2_TEC,G2_TEC,[31, 22, 82, 15, 26, 9, 95, 42, 77, 68, 47, 5, 93, 78, 86, 54, 85, 63, 18, 44, 20, 49, 36, 14, 74, 50, 53, 17, 21, 28, 11, 64, 3, 23, 30, 83, 24, 41, 40, 52, 65, 27, 90, 70, 39, 87, 48, 69, 99, 4, 75, 1, 13, 58, 97, 59, 45, 8, 73, 37, 35, 79, 71, 66, 76, 32, 60, 80, 56, 6, 67, 61, 33, 7, 57, 34, 12, 16, 10, 98, 96, 88, 43, 46, 91, 38, 84, 92, 29, 19, 51, 55, 81, 89, 25, 72, 94, 2, 0, 62]|[2, 1, 2, 1, 1, 2, 1, 1, 1, 1, 1, 0, 2, 2, 1, 2, 0, 0, 0, 2, 2, 1, 0, 2, 0, 2, 2, 1, 0, 1, 1, 1, 0, 0, 1, 0, 2, 1, 2, 2, 0, 0, 1, 1, 0, 2, 0, 2, 1, 0, 0, 2, 0, 0, 2, 0, 1, 1, 0, 0, 2, 1, 1, 2, 2, 0, 2, 2, 2, 1, 2, 1, 1, 2, 0, 1, 1, 2, 1, 2, 0, 1, 1, 0, 1, 0, 0, 0, 1, 1, 1, 0, 1, 1, 1, 1, 2, 2, 0, 1]|[0, 3, 0, 3, 4, 1, 4, 4, 2, 4, 3, 2, 1, 0, 2, 1, 1, 1, 2, 1, 1, 3, 0, 1, 0, 1, 1, 4, 1, 4, 3, 2, 2, 0, 4, 1, 1, 4, 1, 1, 2, 1, 4, 4, 1, 1, 0, 2, 3, 2, 2, 1, 2, 1, 1, 2, 4, 3, 0, 2, 2, 3, 3, 1, 1, 2, 1, 1, 1, 4, 1, 3, 4, 1, 2, 4, 3, 1, 3, 1, 2, 4, 4, 2, 3, 2, 2, 2, 3, 4, 3, 2, 4, 4, 4, 4, 1, 1, 2, 3]|[0, 2, 0, 0, 3, 0, 1, 3, 0, 0, 2, 0, 1, 0, 1, 0, 0, 0, 1, 0, 0, 2, 0, 0, 1, 0, 0, 3, 0, 1, 0, 2, 0, 0, 3, 0, 1, 1, 0, 0, 0, 0, 1, 3, 0, 0, 1, 0, 2, 0, 0, 0, 0, 0, 1, 0, 1, 0, 1, 1, 0, 2, 0, 0, 0, 0, 0, 0, 0, 2, 0, 0, 1, 0, 0, 1, 0, 0, 3, 0, 0, 1, 2, 0, 0, 0, 0, 0, 3, 1, 0, 0, 2, 1, 3, 1, 0, 0, 0, 0],908.8272556494078,49235.066718390466,107289.32240407266,false
35,G3_TWC,G3_TWC,[31, 22, 82, 15, 26, 58, 95, 42, 77, 12, 47, 5, 93, 78, 98, 54, 85, 63, 18, 44, 20, 35, 43, 97, 91, 76, 10, 30, 21, 45, 71, 64, 1, 23, 17, 83, 24, 14, 60, 36, 6, 57, 94, 88, 65, 56, 79, 40, 67, 68, 46, 75, 38, 9, 19, 32, 81, 41, 27, 62, 87, 90, 99, 59, 11, 16, 72, 73, 70, 39, 37, 84, 3, 92, 25, 55, 28, 29, 51, 7, 33, 61, 86, 48, 89, 50, 69, 96, 53, 80, 4, 8, 34, 49, 52, 0, 13, 2, 66, 74]|[1, 1, 0, 1, 1, 1, 2, 1, 2, 1, 2, 2, 2, 1, 1, 0, 0, 1, 0, 2, 2, 0, 1, 2, 0, 1, 2, 2, 0, 0, 1, 2, 1, 2, 1, 0, 2, 0, 1, 1, 0, 1, 1, 1, 0, 2, 1, 1, 0, 0, 0, 0, 1, 1, 2, 1, 2, 0, 0, 0, 2, 1, 0, 1, 2, 1, 2, 1, 1, 1, 1, 1, 2, 0, 1, 1, 0, 0, 0, 1, 2, 1, 0, 0, 1, 0, 1, 0, 0, 0, 0, 1, 2, 0, 1, 0, 0, 0, 2, 2]|[4, 3, 2, 2, 0, 0, 2, 2, 2, 4, 1, 1, 2, 4, 4, 1, 1, 4, 2, 1, 1, 1, 1, 2, 1, 2, 1, 1, 1, 1, 3, 2, 3, 0, 4, 0, 1, 1, 0, 3, 2, 2, 4, 0, 1, 1, 0, 2, 0, 1, 2, 2, 1, 4, 0, 3, 2, 1, 1, 2, 1, 3, 1, 1, 1, 3, 0, 4, 3, 1, 4, 1, 1, 2, 4, 4, 2, 1, 1, 3, 1, 3, 1, 1, 1, 1, 3, 1, 2, 1, 2, 3, 1, 1, 1, 2, 2, 2, 1, 1]|[0, 2, 1, 1, 3, 3, 0, 1, 0, 0, 0, 0, 1, 0, 1, 0, 0, 3, 1, 0, 0, 0, 3, 1, 0, 2, 0, 0, 0, 1, 0, 0, 0, 0, 3, 0, 1, 0, 0, 2, 1, 1, 2, 0, 0, 0, 0, 1, 1, 0, 0, 0, 1, 3, 0, 0, 1, 0, 0, 1, 0, 2, 0, 1, 0, 2, 1, 0, 0, 1, 1, 3, 0, 1, 3, 3, 1, 0, 0, 2, 0, 0, 0, 0, 1, 0, 0, 0, 1, 0, 1, 2, 0, 1, 1, 0, 0, 0, 0, 0],790.1170626932459,57964.85042440004,88964.63499548077,false
35,G1_CMAX,G1_CMAX,[31, 22, 82, 15, 26, 99, 95, 42, 77, 12, 47, 5, 93, 78, 86, 54, 21, 63, 18, 44, 20, 35, 43, 97, 91, 76, 10, 30, 85, 45, 71, 64, 1, 23, 57, 83, 24, 14, 60, 36, 6, 17, 40, 88, 65, 56, 79, 94, 67, 68, 46, 75, 38, 9, 19, 32, 41, 81, 27, 87, 90, 58, 59, 11, 16, 72, 73, 70, 39, 37, 84, 3, 92, 25, 55, 48, 62, 29, 51, 96, 33, 61, 98, 66, 89, 50, 4, 7, 53, 80, 8, 28, 34, 49, 52, 0, 74, 69, 2, 13]|[1, 1, 0, 1, 1, 0, 1, 1, 2, 1, 2, 2, 2, 1, 1, 0, 0, 1, 0, 2, 2, 0, 1, 2, 0, 1, 2, 2, 0, 0, 1, 2, 1, 2, 1, 0, 2, 0, 1, 1, 0, 1, 1, 1, 0, 2, 1, 1, 0, 0, 0, 0, 1, 1, 2, 1, 0, 2, 0, 2, 1, 0, 1, 2, 1, 2, 1, 1, 1, 1, 1, 1, 0, 1, 2, 0, 0, 0, 2, 2, 2, 1, 2, 2, 1, 0, 1, 2, 0, 0, 1, 0, 2, 0, 1, 0, 2, 1, 0, 0]|[0, 3, 2, 2, 4, 1, 2, 3, 2, 4, 1, 1, 2, 4, 4, 1, 1, 4, 2, 1, 1, 1, 1, 2, 1, 2, 1, 1, 2, 1, 3, 2, 3, 1, 4, 0, 1, 1, 0, 3, 2, 2, 2, 0, 1, 1, 0, 4, 0, 1, 2, 2, 1, 4, 0, 3, 1, 1, 1, 1, 3, 1, 1, 1, 3, 0, 4, 3, 1, 4, 1, 1, 2, 4, 1, 1, 2, 1, 2, 1, 1, 3, 1, 1, 1, 1, 4, 1, 2, 1, 3, 2, 1, 1, 1, 2, 1, 4, 2, 2]|[0, 2, 1, 1, 3, 0, 1, 3, 0, 0, 0, 0, 1, 0, 1, 0, 0, 3, 1, 0, 0, 0, 3, 1, 0, 2, 0, 0, 0, 1, 0, 0, 0, 0, 3, 0, 1, 0, 0, 2, 1, 1, 1, 0, 0, 0, 0, 2, 1, 0, 0, 0, 1, 3, 0, 0, 0, 0, 0, 0, 2, 0, 1, 0, 2, 1, 0, 0, 1, 1, 3, 1, 1, 3, 0, 0, 1, 0, 1, 0, 0, 0, 0, 0, 1, 0, 0, 0, 1, 0, 2, 1, 0, 1, 1, 0, 0, 2, 0, 0],726.9061273463456,57092.60052686413,92996.29751897219,false
35,G4_BALANCED,G3_TWC,[31, 22, 82, 15, 26, 58, 95, 42, 77, 12, 47, 5, 93, 78, 98, 54, 85, 63, 18, 44, 20, 35, 43, 97, 91, 76, 10, 30, 21, 45, 71, 64, 1, 23, 17, 83, 24, 14, 60, 36, 6, 57, 94, 88, 65, 56, 79, 40, 67, 68, 46, 75, 38, 9, 19, 32, 81, 41, 27, 62, 87, 90, 99, 59, 11, 16, 72, 73, 70, 39, 37, 84, 3, 92, 25, 55, 28, 29, 51, 7, 33, 61, 86, 66, 89, 50, 48, 96, 53, 80, 4, 8, 34, 49, 52, 2, 13, 0, 69, 74]|[1, 1, 0, 1, 1, 1, 2, 1, 2, 1, 2, 2, 2, 1, 1, 0, 0, 1, 0, 2, 2, 0, 1, 2, 0, 1, 2, 2, 0, 0, 1, 2, 1, 2, 1, 0, 2, 0, 1, 1, 0, 1, 1, 1, 0, 2, 1, 1, 0, 0, 0, 0, 1, 1, 2, 1, 2, 0, 0, 0, 2, 1, 0, 1, 2, 1, 2, 1, 1, 1, 1, 1, 1, 0, 1, 1, 0, 0, 0, 1, 2, 1, 0, 2, 1, 0, 0, 0, 0, 0, 0, 1, 2, 0, 1, 0, 0, 0, 1, 2]|[4, 3, 2, 2, 0, 0, 2, 2, 2, 4, 1, 1, 2, 4, 4, 1, 2, 4, 2, 1, 1, 1, 1, 2, 1, 2, 1, 1, 2, 1, 3, 2, 3, 0, 4, 0, 1, 1, 0, 3, 2, 2, 4, 0, 1, 1, 0, 1, 0, 1, 2, 2, 1, 4, 0, 3, 1, 1, 1, 2, 1, 3, 1, 1, 1, 3, 0, 4, 3, 1, 4, 1, 1, 2, 4, 4, 2, 1, 1, 3, 1, 3, 1, 1, 1, 1, 1, 1, 2, 1, 2, 3, 1, 1, 1, 2, 2, 2, 3, 1]|[0, 2, 1, 1, 3, 3, 0, 1, 0, 0, 0, 0, 1, 0, 1, 0, 0, 3, 1, 0, 0, 0, 3, 1, 0, 2, 0, 0, 0, 1, 0, 0, 0, 0, 3, 0, 1, 0, 0, 2, 1, 1, 2, 0, 0, 0, 0, 1, 1, 0, 0, 0, 1, 3, 0, 0, 0, 0, 0, 1, 0, 2, 0, 1, 0, 2, 1, 0, 0, 1, 1, 3, 1, 1, 3, 3, 1, 0, 0, 2, 0, 0, 0, 0, 1, 0, 0, 0, 1, 0, 1, 2, 0, 1, 1, 0, 0, 0, 0, 0],802.1679574225899,57444.92327030251,90654.40736391596,true
35,G2_TEC,G2_TEC,[31, 22, 82, 15, 26, 9, 95, 42, 77, 68, 47, 5, 93, 78, 86, 54, 85, 63, 18, 44, 20, 49, 36, 14, 74, 50, 53, 17, 21, 28, 11, 64, 3, 23, 30, 83, 24, 41, 40, 52, 65, 27, 90, 70, 39, 87, 48, 69, 99, 4, 75, 1, 13, 58, 97, 59, 45, 8, 73, 37, 35, 79, 71, 66, 76, 32, 60, 80, 56, 6, 67, 61, 33, 7, 57, 34, 12, 16, 10, 98, 96, 88, 43, 46, 91, 38, 84, 92, 29, 19, 51, 55, 81, 89, 25, 72, 94, 2, 0, 62]|[2, 1, 2, 1, 1, 2, 1, 1, 1, 1, 1, 0, 2, 2, 1, 2, 0, 0, 0, 2, 2, 1, 0, 2, 0, 2, 2, 1, 0, 1, 1, 1, 0, 0, 1, 0, 2, 1, 2, 2, 0, 0, 1, 1, 0, 2, 0, 2, 1, 0, 0, 2, 0, 0, 2, 0, 1, 1, 0, 0, 2, 1, 1, 2, 2, 0, 2, 2, 2, 1, 2, 1, 1, 2, 0, 1, 1, 2, 1, 2, 0, 1, 1, 0, 1, 0, 0, 0, 1, 1, 1, 0, 1, 1, 1, 1, 2, 2, 0, 1]|[0, 3, 0, 3, 4, 1, 4, 4, 2, 4, 3, 2, 1, 0, 2, 1, 1, 1, 2, 1, 1, 3, 0, 1, 0, 1, 1, 4, 1, 4, 3, 2, 2, 0, 4, 1, 1, 4, 1, 1, 2, 1, 4, 4, 1, 1, 0, 2, 3, 2, 2, 1, 2, 1, 1, 2, 4, 3, 0, 2, 2, 3, 3, 1, 1, 2, 1, 1, 1, 4, 1, 3, 4, 1, 2, 4, 3, 1, 3, 1, 2, 4, 4, 2, 3, 2, 2, 2, 3, 4, 3, 2, 4, 4, 4, 4, 1, 1, 2, 3]|[0, 2, 0, 0, 3, 0, 1, 3, 0, 0, 2, 0, 1, 0, 1, 0, 0, 0, 1, 0, 0, 2, 0, 0, 1, 0, 0, 3, 0, 1, 0, 2, 0, 0, 3, 0, 1, 1, 0, 0, 0, 0, 1, 3, 0, 0, 1, 0, 2, 0, 0, 0, 0, 0, 1, 0, 1, 0, 1, 1, 0, 2, 0, 0, 0, 0, 0, 0, 0, 2, 0, 0, 1, 0, 0, 1, 0, 0, 3, 0, 0, 1, 2, 0, 0, 0, 0, 0, 3, 1, 0, 0, 2, 1, 3, 1, 0, 0, 0, 0],908.8272556494078,49235.066718390466,107289.32240407266,false
35,G3_TWC,G3_TWC,[31, 22, 82, 15, 26, 58, 95, 42, 77, 12, 47, 5, 93, 78, 98, 54, 85, 63, 18, 44, 20, 35, 43, 97, 91, 76, 10, 30, 21, 45, 71, 64, 1, 23, 17, 83, 24, 14, 60, 36, 6, 57, 94, 88, 65, 56, 79, 40, 67, 68, 46, 75, 38, 9, 19, 32, 81, 41, 27, 62, 87, 90, 99, 59, 11, 16, 72, 73, 70, 39, 37, 84, 3, 92, 25, 55, 28, 29, 51, 7, 33, 61, 86, 48, 89, 50, 69, 96, 53, 80, 4, 8, 34, 49, 52, 0, 13, 2, 66, 74]|[1, 1, 0, 1, 1, 1, 2, 1, 2, 1, 2, 2, 2, 1, 1, 0, 0, 1, 0, 2, 2, 0, 1, 2, 0, 1, 2, 2, 0, 0, 1, 2, 1, 2, 1, 0, 2, 0, 1, 1, 0, 1, 1, 1, 0, 2, 1, 1, 0, 0, 0, 0, 1, 1, 2, 1, 2, 0, 0, 0, 2, 1, 0, 1, 2, 1, 2, 1, 1, 1, 1, 1, 2, 0, 1, 1, 0, 0, 0, 1, 2, 1, 0, 0, 1, 0, 1, 0, 0, 0, 0, 1, 2, 0, 1, 0, 0, 0, 2, 2]|[4, 3, 2, 2, 0, 0, 2, 2, 2, 4, 1, 1, 2, 4, 4, 1, 1, 4, 2, 1, 1, 1, 1, 2, 1, 2, 1, 1, 1, 1, 3, 2, 3, 0, 4, 0, 1, 1, 0, 3, 2, 2, 4, 0, 1, 1, 0, 2, 0, 1, 2, 2, 1, 4, 0, 3, 2, 1, 1, 2, 1, 3, 1, 1, 1, 3, 0, 4, 3, 1, 4, 1, 1, 2, 4, 4, 2, 1, 1, 3, 1, 3, 1, 1, 1, 1, 3, 1, 2, 1, 2, 3, 1, 1, 1, 2, 2, 2, 1, 1]|[0, 2, 1, 1, 3, 3, 0, 1, 0, 0, 0, 0, 1, 0, 1, 0, 0, 3, 1, 0, 0, 0, 3, 1, 0, 2, 0, 0, 0, 1, 0, 0, 0, 0, 3, 0, 1, 0, 0, 2, 1, 1, 2, 0, 0, 0, 0, 1, 1, 0, 0, 0, 1, 3, 0, 0, 1, 0, 0, 1, 0, 2, 0, 1, 0, 2, 1, 0, 0, 1, 1, 3, 0, 1, 3, 3, 1, 0, 0, 2, 0, 0, 0, 0, 1, 0, 0, 0, 1, 0, 1, 2, 0, 1, 1, 0, 0, 0, 0, 0],790.1170626932459,57964.85042440004,88964.63499548077,false
35,G1_CMAX,G1_CMAX,[31, 22, 82, 15, 26, 99, 95, 42, 77, 12, 47, 5, 93, 78, 86, 54, 21, 63, 18, 44, 20, 35, 43, 97, 91, 76, 10, 30, 85, 45, 71, 64, 1, 23, 57, 83, 24, 14, 60, 36, 6, 17, 40, 88, 65, 56, 79, 94, 67, 68, 46, 75, 38, 9, 19, 32, 41, 81, 27, 87, 90, 58, 59, 11, 16, 72, 73, 70, 39, 37, 84, 3, 92, 25, 55, 48, 62, 29, 51, 96, 33, 61, 98, 66, 89, 50, 4, 7, 53, 80, 8, 28, 34, 49, 52, 0, 74, 69, 2, 13]|[1, 1, 0, 1, 1, 0, 1, 1, 2, 1, 2, 2, 2, 1, 1, 0, 0, 1, 0, 2, 2, 0, 1, 2, 0, 1, 2, 2, 0, 0, 1, 2, 1, 2, 1, 0, 2, 0, 1, 1, 0, 1, 1, 1, 0, 2, 1, 1, 0, 0, 0, 0, 1, 1, 2, 1, 0, 2, 0, 2, 1, 0, 1, 2, 1, 2, 1, 1, 1, 1, 1, 1, 0, 1, 2, 0, 0, 0, 2, 2, 2, 1, 2, 2, 1, 0, 1, 2, 0, 0, 1, 0, 2, 0, 1, 0, 2, 1, 0, 0]|[0, 3, 2, 2, 4, 1, 2, 3, 2, 4, 1, 1, 2, 4, 4, 1, 1, 4, 2, 1, 1, 1, 1, 2, 1, 2, 1, 1, 2, 1, 3, 2, 3, 1, 4, 0, 1, 1, 0, 3, 2, 2, 2, 0, 1, 1, 0, 4, 0, 1, 2, 2, 1, 4, 0, 3, 1, 1, 1, 1, 3, 1, 1, 1, 3, 0, 4, 3, 1, 4, 1, 1, 2, 4, 1, 1, 2, 1, 2, 1, 1, 3, 1, 1, 1, 1, 4, 1, 2, 1, 3, 2, 1, 1, 1, 2, 1, 4, 2, 2]|[0, 2, 1, 1, 3, 0, 1, 3, 0, 0, 0, 0, 1, 0, 1, 0, 0, 3, 1, 0, 0, 0, 3, 1, 0, 2, 0, 0, 0, 1, 0, 0, 0, 0, 3, 0, 1, 0, 0, 2, 1, 1, 1, 0, 0, 0, 0, 2, 1, 0, 0, 0, 1, 3, 0, 0, 0, 0, 0, 0, 2, 0, 1, 0, 2, 1, 0, 0, 1, 1, 3, 1, 1, 3, 0, 0, 1, 0, 1, 0, 0, 0, 0, 0, 1, 0, 0, 0, 1, 0, 2, 1, 0, 1, 1, 0, 0, 2, 0, 0],726.9061273463456,57092.60052686413,92996.29751897219,false
35,G4_BALANCED,G4_BALANCED,[31, 22, 82, 15, 26, 58, 95, 42, 77, 12, 47, 5, 93, 78, 86, 54, 85, 63, 18, 44, 20, 35, 43, 97, 66, 76, 79, 30, 21, 45, 71, 64, 1, 23, 17, 83, 24, 14, 60, 36, 6, 57, 40, 88, 65, 56, 10, 94, 67, 68, 46, 75, 38, 9, 19, 32, 41, 81, 27, 62, 87, 90, 99, 59, 11, 16, 72, 73, 69, 39, 37, 84, 3, 92, 25, 55, 29, 28, 51, 7, 33, 61, 48, 98, 89, 8, 4, 96, 53, 80, 50, 91, 34, 2, 52, 0, 49, 70, 13, 74]|[1, 1, 0, 1, 1, 0, 1, 2, 2, 1, 2, 2, 2, 1, 1, 0, 0, 1, 0, 2, 2, 0, 1, 2, 2, 1, 2, 2, 0, 0, 1, 2, 1, 2, 1, 0, 2, 0, 1, 1, 0, 1, 1, 1, 0, 2, 2, 1, 0, 0, 0, 0, 1, 1, 2, 1, 0, 2, 0, 0, 2, 1, 0, 1, 2, 1, 2, 1, 1, 1, 1, 1, 1, 0, 1, 2, 0, 0, 0, 1, 2, 1, 0, 2, 1, 1, 1, 2, 0, 0, 0, 0, 2, 0, 1, 0, 0, 1, 0, 2]|[4, 3, 2, 2, 4, 1, 2, 2, 2, 4, 1, 1, 2, 4, 4, 1, 2, 4, 2, 1, 1, 1, 1, 2, 1, 2, 1, 1, 1, 1, 3, 1, 3, 1, 4, 0, 1, 1, 0, 3, 2, 2, 2, 0, 1, 1, 1, 4, 0, 1, 2, 2, 1, 4, 0, 3, 1, 1, 1, 2, 1, 3, 1, 1, 1, 3, 0, 4, 4, 1, 4, 1, 1, 0, 4, 1, 1, 2, 1, 1, 1, 3, 1, 1, 1, 3, 4, 1, 2, 1, 1, 1, 1, 2, 1, 2, 1, 3, 2, 1]|[0, 2, 1, 1, 3, 0, 1, 0, 0, 0, 0, 0, 1, 0, 1, 0, 0, 3, 1, 0, 0, 0, 3, 1, 0, 2, 0, 0, 0, 0, 0, 0, 0, 0, 3, 0, 1, 0, 0, 2, 1, 1, 1, 0, 0, 0, 0, 2, 1, 0, 0, 0, 1, 3, 0, 0, 0, 0, 0, 1, 0, 2, 0, 1, 0, 2, 1, 0, 2, 1, 1, 3, 1, 1, 3, 0, 0, 1, 0, 2, 0, 0, 0, 0, 1, 2, 0, 0, 1, 0, 0, 0, 0, 0, 1, 0, 1, 0, 0, 0],777.436160111927,55378.96358309585,98756.68483674081,false
35,G2_TEC,G2_TEC,[31, 22, 82, 15, 26, 9, 95, 42, 77, 68, 47, 5, 93, 78, 86, 54, 85, 63, 18, 44, 20, 49, 36, 14, 74, 50, 53, 17, 21, 28, 11, 64, 3, 23, 30, 83, 24, 41, 40, 52, 65, 27, 90, 70, 39, 87, 48, 69, 99, 4, 75, 1, 13, 58, 97, 59, 45, 8, 73, 37, 35, 79, 71, 66, 76, 32, 60, 80, 56, 6, 67, 61, 33, 7, 57, 34, 12, 16, 10, 98, 96, 88, 43, 46, 91, 38, 84, 92, 29, 19, 51, 55, 81, 89, 25, 72, 94, 2, 0, 62]|[2, 1, 2, 1, 1, 2, 1, 1, 1, 1, 1, 0, 2, 2, 1, 2, 0, 0, 0, 2, 2, 1, 0, 2, 0, 2, 2, 1, 0, 1, 1, 1, 0, 0, 1, 0, 2, 1, 2, 2, 0, 0, 1, 1, 0, 2, 0, 2, 1, 0, 0, 2, 0, 0, 2, 0, 1, 1, 0, 0, 2, 1, 1, 2, 2, 0, 2, 2, 2, 1, 2, 1, 1, 2, 0, 1, 1, 2, 1, 2, 0, 1, 1, 0, 1, 0, 0, 0, 1, 1, 1, 0, 1, 1, 1, 1, 2, 2, 0, 1]|[0, 3, 0, 3, 4, 1, 4, 4, 2, 4, 3, 2, 1, 0, 2, 1, 1, 1, 2, 1, 1, 3, 0, 1, 0, 1, 1, 4, 1, 4, 3, 2, 2, 0, 4, 1, 1, 4, 1, 1, 2, 1, 4, 4, 1, 1, 0, 2, 3, 2, 2, 1, 2, 1, 1, 2, 4, 3, 0, 2, 2, 3, 3, 1, 1, 2, 1, 1, 1, 4, 1, 3, 4, 1, 2, 4, 3, 1, 3, 1, 2, 4, 4, 2, 3, 2, 2, 2, 3, 4, 3, 2, 4, 4, 4, 4, 1, 1, 2, 3]|[0, 2, 0, 0, 3, 0, 1, 3, 0, 0, 2, 0, 1, 0, 1, 0, 0, 0, 1, 0, 0, 2, 0, 0, 1, 0, 0, 3, 0, 1, 0, 2, 0, 0, 3, 0, 1, 1, 0, 0, 0, 0, 1, 3, 0, 0, 1, 0, 2, 0, 0, 0, 0, 0, 1, 0, 1, 0, 1, 1, 0, 2, 0, 0, 0, 0, 0, 0, 0, 2, 0, 0, 1, 0, 0, 1, 0, 0, 3, 0, 0, 1, 2, 0, 0, 0, 0, 0, 3, 1, 0, 0, 2, 1, 3, 1, 0, 0, 0, 0],908.8272556494078,49235.066718390466,107289.32240407266,false
35,G3_TWC,G3_TWC,[31, 22, 82, 15, 26, 58, 95, 42, 77, 12, 47, 5, 93, 78, 98, 54, 85, 63, 18, 44, 20, 35, 43, 97, 91, 76, 10, 30, 21, 45, 71, 64, 1, 23, 17, 83, 24, 14, 60, 36, 6, 57, 94, 88, 65, 56, 79, 40, 67, 68, 46, 75, 38, 9, 19, 32, 81, 41, 27, 62, 87, 90, 99, 59, 11, 16, 72, 73, 70, 39, 37, 84, 3, 92, 25, 55, 28, 29, 51, 7, 33, 61, 86, 48, 89, 50, 69, 96, 53, 80, 4, 8, 34, 49, 52, 0, 13, 2, 66, 74]|[1, 1, 0, 1, 1, 1, 2, 1, 2, 1, 2, 2, 2, 1, 1, 0, 0, 1, 0, 2, 2, 0, 1, 2, 0, 1, 2, 2, 0, 0, 1, 2, 1, 2, 1, 0, 2, 0, 1, 1, 0, 1, 1, 1, 0, 2, 1, 1, 0, 0, 0, 0, 1, 1, 2, 1, 2, 0, 0, 0, 2, 1, 0, 1, 2, 1, 2, 1, 1, 1, 1, 1, 2, 0, 1, 1, 0, 0, 0, 1, 2, 1, 0, 0, 1, 0, 1, 0, 0, 0, 0, 1, 2, 0, 1, 0, 0, 0, 2, 2]|[4, 3, 2, 2, 0, 0, 2, 2, 2, 4, 1, 1, 2, 4, 4, 1, 1, 4, 2, 1, 1, 1, 1, 2, 1, 2, 1, 1, 1, 1, 3, 2, 3, 0, 4, 0, 1, 1, 0, 3, 2, 2, 4, 0, 1, 1, 0, 2, 0, 1, 2, 2, 1, 4, 0, 3, 2, 1, 1, 2, 1, 3, 1, 1, 1, 3, 0, 4, 3, 1, 4, 1, 1, 2, 4, 4, 2, 1, 1, 3, 1, 3, 1, 1, 1, 1, 3, 1, 2, 1, 2, 3, 1, 1, 1, 2, 2, 2, 1, 1]|[0, 2, 1, 1, 3, 3, 0, 1, 0, 0, 0, 0, 1, 0, 1, 0, 0, 3, 1, 0, 0, 0, 3, 1, 0, 2, 0, 0, 0, 1, 0, 0, 0, 0, 3, 0, 1, 0, 0, 2, 1, 1, 2, 0, 0, 0, 0, 1, 1, 0, 0, 0, 1, 3, 0, 0, 1, 0, 0, 1, 0, 2, 0, 1, 0, 2, 1, 0, 0, 1, 1, 3, 0, 1, 3, 3, 1, 0, 0, 2, 0, 0, 0, 0, 1, 0, 0, 0, 1, 0, 1, 2, 0, 1, 1, 0, 0, 0, 0, 0],790.1170626932459,57964.85042440004,88964.63499548077,false
35,G1_CMAX,G1_CMAX,[31, 22, 82, 15, 26, 99, 95, 42, 77, 12, 47, 5, 93, 78, 86, 54, 21, 63, 18, 44, 20, 35, 43, 97, 91, 76, 10, 30, 85, 45, 71, 64, 1, 23, 57, 83, 24, 14, 60, 36, 6, 17, 40, 88, 65, 56, 79, 94, 67, 68, 46, 75, 38, 9, 19, 32, 41, 81, 27, 87, 90, 58, 59, 11, 16, 72, 73, 70, 39, 37, 84, 3, 92, 25, 55, 48, 62, 29, 51, 96, 33, 61, 98, 66, 89, 50, 4, 7, 53, 80, 8, 28, 34, 49, 52, 0, 74, 69, 2, 13]|[1, 1, 0, 1, 1, 0, 1, 1, 2, 1, 2, 2, 2, 1, 1, 0, 0, 1, 0, 2, 2, 0, 1, 2, 0, 1, 2, 2, 0, 0, 1, 2, 1, 2, 1, 0, 2, 0, 1, 1, 0, 1, 1, 1, 0, 2, 1, 1, 0, 0, 0, 0, 1, 1, 2, 1, 0, 2, 0, 2, 1, 0, 1, 2, 1, 2, 1, 1, 1, 1, 1, 1, 0, 1, 2, 0, 0, 0, 2, 2, 2, 1, 2, 2, 1, 0, 1, 2, 0, 0, 1, 0, 2, 0, 1, 0, 2, 1, 0, 0]|[0, 3, 2, 2, 4, 1, 2, 3, 2, 4, 1, 1, 2, 4, 4, 1, 1, 4, 2, 1, 1, 1, 1, 2, 1, 2, 1, 1, 2, 1, 3, 2, 3, 1, 4, 0, 1, 1, 0, 3, 2, 2, 2, 0, 1, 1, 0, 4, 0, 1, 2, 2, 1, 4, 0, 3, 1, 1, 1, 1, 3, 1, 1, 1, 3, 0, 4, 3, 1, 4, 1, 1, 2, 4, 1, 1, 2, 1, 2, 1, 1, 3, 1, 1, 1, 1, 4, 1, 2, 1, 3, 2, 1, 1, 1, 2, 1, 4, 2, 2]|[0, 2, 1, 1, 3, 0, 1, 3, 0, 0, 0, 0, 1, 0, 1, 0, 0, 3, 1, 0, 0, 0, 3, 1, 0, 2, 0, 0, 0, 1, 0, 0, 0, 0, 3, 0, 1, 0, 0, 2, 1, 1, 1, 0, 0, 0, 0, 2, 1, 0, 0, 0, 1, 3, 0, 0, 0, 0, 0, 0, 2, 0, 1, 0, 2, 1, 0, 0, 1, 1, 3, 1, 1, 3, 0, 0, 1, 0, 1, 0, 0, 0, 0, 0, 1, 0, 0, 0, 1, 0, 2, 1, 0, 1, 1, 0, 0, 2, 0, 0],726.9061273463456,57092.60052686413,92996.29751897219,false
35,G4_BALANCED,G4_BALANCED,[31, 22, 26, 15, 82, 99, 95, 42, 77, 12, 47, 5, 93, 78, 86, 54, 21, 63, 18, 44, 20, 35, 43, 97, 91, 76, 10, 30, 85, 45, 71, 64, 1, 23, 57, 83, 24, 14, 60, 36, 6, 17, 40, 88, 65, 56, 79, 94, 67, 68, 46, 75, 38, 9, 19, 32, 41, 81, 27, 87, 90, 58, 59, 11, 16, 72, 73, 70, 39, 37, 84, 3, 92, 25, 62, 55, 28, 29, 51, 7, 33, 61, 98, 48, 89, 50, 4, 34, 53, 80, 8, 66, 96, 49, 52, 0, 74, 69, 2, 13]|[1, 1, 0, 1, 1, 0, 1, 1, 2, 1, 2, 2, 2, 1, 1, 0, 0, 1, 0, 2, 2, 0, 1, 2, 0, 1, 2, 2, 0, 0, 1, 2, 1, 2, 1, 0, 2, 0, 1, 1, 0, 1, 1, 1, 0, 2, 1, 1, 0, 0, 0, 0, 1, 1, 2, 1, 0, 2, 0, 2, 1, 0, 1, 2, 1, 2, 1, 1, 1, 1, 1, 1, 0, 1, 0, 2, 0, 0, 2, 1, 2, 1, 2, 0, 1, 0, 1, 2, 0, 0, 1, 2, 2, 0, 1, 0, 2, 1, 0, 0]|[0, 3, 2, 2, 4, 1, 2, 3, 2, 4, 1, 1, 2, 4, 4, 1, 1, 4, 2, 1, 1, 1, 1, 2, 1, 2, 1, 1, 2, 1, 3, 2, 3, 1, 2, 0, 1, 1, 0, 3, 2, 4, 2, 0, 1, 1, 0, 4, 0, 1, 2, 2, 1, 4, 0, 3, 1, 1, 1, 1, 3, 1, 1, 1, 3, 0, 4, 3, 1, 4, 1, 1, 0, 4, 2, 1, 2, 1, 2, 1, 1, 3, 1, 1, 1, 1, 4, 1, 2, 1, 3, 1, 1, 1, 1, 2, 1, 4, 2, 2]|[0, 2, 1, 1, 3, 0, 1, 3, 0, 0, 0, 0, 1, 0, 1, 0, 0, 3, 1, 0, 0, 0, 3, 1, 0, 2, 0, 0, 0, 1, 0, 0, 0, 0, 1, 0, 1, 0, 0, 2, 1, 3, 1, 0, 0, 0, 0, 2, 1, 0, 0, 0, 1, 3, 0, 0, 0, 0, 0, 0, 2, 0, 1, 0, 2, 1, 0, 0, 1, 1, 3, 1, 1, 3, 1, 0, 1, 0, 1, 2, 0, 0, 0, 0, 1, 0, 0, 0, 1, 0, 2, 0, 0, 1, 1, 0, 0, 2, 0, 0],719.9713831019282,57349.30822281929,93068.63967491605,false
35,G2_TEC,G2_TEC,[31, 22, 82, 15, 26, 9, 95, 42, 77, 68, 47, 5, 93, 78, 86, 54, 85, 63, 18, 44, 20, 49, 36, 14, 74, 50, 53, 17, 21, 28, 11, 64, 3, 23, 30, 83, 24, 41, 40, 52, 65, 27, 90, 70, 39, 87, 48, 69, 99, 4, 75, 1, 13, 58, 97, 59, 45, 8, 73, 37, 35, 79, 71, 66, 76, 32, 60, 80, 56, 6, 67, 61, 33, 7, 57, 34, 12, 16, 10, 98, 96, 88, 43, 46, 91, 38, 84, 92, 29, 19, 51, 55, 81, 89, 25, 72, 94, 2, 0, 62]|[2, 1, 2, 1, 1, 2, 1, 1, 1, 1, 1, 0, 2, 2, 1, 2, 0, 0, 0, 2, 2, 1, 0, 2, 0, 2, 2, 1, 0, 1, 1, 1, 0, 0, 1, 0, 2, 1, 2, 2, 0, 0, 1, 1, 0, 2, 0, 2, 1, 0, 0, 2, 0, 0, 2, 0, 1, 1, 0, 0, 2, 1, 1, 2, 2, 0, 2, 2, 2, 1, 2, 1, 1, 2, 0, 1, 1, 2, 1, 2, 0, 1, 1, 0, 1, 0, 0, 0, 1, 1, 1, 0, 1, 1, 1, 1, 2, 2, 0, 1]|[0, 3, 0, 3, 4, 1, 4, 4, 2, 4, 3, 2, 1, 0, 2, 1, 1, 1, 2, 1, 1, 3, 0, 1, 0, 1, 1, 4, 1, 4, 3, 2, 2, 0, 4, 1, 1, 4, 1, 1, 2, 1, 4, 4, 1, 1, 0, 2, 3, 2, 2, 1, 2, 1, 1, 2, 4, 3, 0, 2, 2, 3, 3, 1, 1, 2, 1, 1, 1, 4, 1, 3, 4, 1, 2, 4, 3, 1, 3, 1, 2, 4, 4, 2, 3, 2, 2, 2, 3, 4, 3, 2, 4, 4, 4, 4, 1, 1, 2, 3]|[0, 2, 0, 0, 3, 0, 1, 3, 0, 0, 2, 0, 1, 0, 1, 0, 0, 0, 1, 0, 0, 2, 0, 0, 1, 0, 0, 3, 0, 1, 0, 2, 0, 0, 3, 0, 1, 1, 0, 0, 0, 0, 1, 3, 0, 0, 1, 0, 2, 0, 0, 0, 0, 0, 1, 0, 1, 0, 1, 1, 0, 2, 0, 0, 0, 0, 0, 0, 0, 2, 0, 0, 1, 0, 0, 1, 0, 0, 3, 0, 0, 1, 2, 0, 0, 0, 0, 0, 3, 1, 0, 0, 2, 1, 3, 1, 0, 0, 0, 0],908.8272556494078,49235.066718390466,107289.32240407266,false
35,G3_TWC,G3_TWC,[31, 22, 82, 15, 26, 58, 95, 42, 77, 12, 47, 5, 93, 78, 98, 54, 85, 63, 18, 44, 20, 35, 43, 97, 91, 76, 10, 30, 21, 45, 71, 64, 1, 23, 17, 83, 24, 14, 60, 36, 6, 57, 94, 88, 65, 56, 79, 40, 67, 68, 46, 75, 38, 9, 19, 32, 81, 41, 27, 62, 87, 90, 99, 59, 11, 16, 72, 73, 70, 39, 37, 84, 3, 92, 25, 55, 28, 29, 51, 7, 33, 61, 86, 48, 89, 50, 69, 96, 53, 80, 4, 8, 34, 49, 52, 0, 13, 2, 66, 74]|[1, 1, 0, 1, 1, 1, 2, 1, 2, 1, 2, 2, 2, 1, 1, 0, 0, 1, 0, 2, 2, 0, 1, 2, 0, 1, 2, 2, 0, 0, 1, 2, 1, 2, 1, 0, 2, 0, 1, 1, 0, 1, 1, 1, 0, 2, 1, 1, 0, 0, 0, 0, 1, 1, 2, 1, 2, 0, 0, 0, 2, 1, 0, 1, 2, 1, 2, 1, 1, 1, 1, 1, 2, 0, 1, 1, 0, 0, 0, 1, 2, 1, 0, 0, 1, 0, 1, 0, 0, 0, 0, 1, 2, 0, 1, 0, 0, 0, 2, 2]|[4, 3, 2, 2, 0, 0, 2, 2, 2, 4, 1, 1, 2, 4, 4, 1, 1, 4, 2, 1, 1, 1, 1, 2, 1, 2, 1, 1, 1, 1, 3, 2, 3, 0, 4, 0, 1, 1, 0, 3, 2, 2, 4, 0, 1, 1, 0, 2, 0, 1, 2, 2, 1, 4, 0, 3, 2, 1, 1, 2, 1, 3, 1, 1, 1, 3, 0, 4, 3, 1, 4, 1, 1, 2, 4, 4, 2, 1, 1, 3, 1, 3, 1, 1, 1, 1, 3, 1, 2, 1, 2, 3, 1, 1, 1, 2, 2, 2, 1, 1]|[0, 2, 1, 1, 3, 3, 0, 1, 0, 0, 0, 0, 1, 0, 1, 0, 0, 3, 1, 0, 0, 0, 3, 1, 0, 2, 0, 0, 0, 1, 0, 0, 0, 0, 3, 0, 1, 0, 0, 2, 1, 1, 2, 0, 0, 0, 0, 1, 1, 0, 0, 0, 1, 3, 0, 0, 1, 0, 0, 1, 0, 2, 0, 1, 0, 2, 1, 0, 0, 1, 1, 3, 0, 1, 3, 3, 1, 0, 0, 2, 0, 0, 0, 0, 1, 0, 0, 0, 1, 0, 1, 2, 0, 1, 1, 0, 0, 0, 0, 0],790.1170626932459,57964.85042440004,88964.63499548077,false
35,G1_CMAX,G1_CMAX,[31, 22, 82, 15, 26, 99, 95, 42, 77, 12, 47, 5, 93, 78, 86, 54, 21, 63, 18, 44, 20, 35, 43, 97, 91, 76, 10, 30, 85, 45, 71, 64, 1, 23, 57, 83, 24, 14, 60, 36, 6, 17, 40, 88, 65, 56, 79, 94, 67, 68, 46, 75, 38, 9, 19, 32, 41, 81, 27, 87, 90, 58, 59, 11, 16, 72, 73, 70, 39, 37, 84, 3, 92, 25, 55, 48, 62, 29, 51, 96, 33, 61, 98, 66, 89, 50, 4, 7, 53, 80, 8, 28, 34, 49, 52, 0, 74, 69, 2, 13]|[1, 1, 0, 1, 1, 0, 1, 1, 2, 1, 2, 2, 2, 1, 1, 0, 0, 1, 0, 2, 2, 0, 1, 2, 0, 1, 2, 2, 0, 0, 1, 2, 1, 2, 1, 0, 2, 0, 1, 1, 0, 1, 1, 1, 0, 2, 1, 1, 0, 0, 0, 0, 1, 1, 2, 1, 0, 2, 0, 2, 1, 0, 1, 2, 1, 2, 1, 1, 1, 1, 1, 1, 0, 1, 2, 0, 0, 0, 2, 2, 2, 1, 2, 2, 1, 0, 1, 2, 0, 0, 1, 0, 2, 0, 1, 0, 2, 1, 0, 0]|[0, 3, 2, 2, 4, 1, 2, 3, 2, 4, 1, 1, 2, 4, 4, 1, 1, 4, 2, 1, 1, 1, 1, 2, 1, 2, 1, 1, 2, 1, 3, 2, 3, 1, 4, 0, 1, 1, 0, 3, 2, 2, 2, 0, 1, 1, 0, 4, 0, 1, 2, 2, 1, 4, 0, 3, 1, 1, 1, 1, 3, 1, 1, 1, 3, 0, 4, 3, 1, 4, 1, 1, 2, 4, 1, 1, 2, 1, 2, 1, 1, 3, 1, 1, 1, 1, 4, 1, 2, 1, 3, 2, 1, 1, 1, 2, 1, 4, 2, 2]|[0, 2, 1, 1, 3, 0, 1, 3, 0, 0, 0, 0, 1, 0, 1, 0, 0, 3, 1, 0, 0, 0, 3, 1, 0, 2, 0, 0, 0, 1, 0, 0, 0, 0, 3, 0, 1, 0, 0, 2, 1, 1, 1, 0, 0, 0, 0, 2, 1, 0, 0, 0, 1, 3, 0, 0, 0, 0, 0, 0, 2, 0, 1, 0, 2, 1, 0, 0, 1, 1, 3, 1, 1, 3, 0, 0, 1, 0, 1, 0, 0, 0, 0, 0, 1, 0, 0, 0, 1, 0, 2, 1, 0, 1, 1, 0, 0, 2, 0, 0],726.9061273463456,57092.60052686413,92996.29751897219,false
35,G4_BALANCED,G2_TEC,[31, 22, 82, 15, 26, 9, 95, 42, 77, 68, 47, 5, 93, 78, 86, 54, 85, 63, 18, 44, 20, 49, 36, 14, 74, 50, 53, 17, 21, 28, 11, 64, 3, 23, 30, 83, 24, 41, 40, 52, 65, 27, 90, 70, 39, 87, 48, 69, 99, 4, 46, 1, 13, 58, 97, 59, 45, 8, 73, 37, 35, 79, 71, 66, 76, 32, 60, 80, 96, 6, 16, 61, 33, 7, 57, 34, 12, 67, 10, 98, 56, 88, 43, 75, 91, 38, 84, 92, 29, 19, 51, 72, 55, 81, 89, 25, 94, 2, 0, 62]|[2, 1, 2, 1, 1, 0, 1, 1, 1, 1, 1, 0, 2, 2, 1, 2, 0, 0, 0, 2, 2, 1, 0, 2, 0, 2, 2, 1, 0, 1, 1, 1, 0, 0, 1, 0, 2, 1, 2, 2, 0, 0, 1, 1, 0, 2, 0, 2, 1, 0, 0, 2, 0, 0, 2, 0, 1, 0, 0, 0, 2, 1, 1, 2, 2, 0, 2, 2, 0, 1, 2, 1, 1, 2, 0, 1, 1, 2, 1, 2, 2, 1, 1, 1, 1, 0, 0, 0, 1, 1, 1, 1, 0, 1, 1, 1, 2, 2, 0, 1]|[0, 3, 0, 3, 4, 1, 4, 4, 2, 4, 3, 2, 1, 0, 2, 1, 1, 1, 2, 1, 1, 3, 0, 1, 0, 1, 1, 4, 1, 4, 3, 2, 2, 0, 4, 1, 1, 4, 1, 1, 2, 1, 4, 4, 1, 1, 0, 2, 3, 2, 2, 1, 2, 1, 1, 2, 4, 2, 0, 2, 2, 3, 3, 1, 1, 2, 1, 1, 2, 4, 1, 3, 4, 1, 2, 4, 3, 1, 3, 1, 1, 4, 4, 3, 3, 2, 2, 2, 3, 4, 3, 4, 2, 4, 4, 4, 1, 1, 2, 3]|[0, 2, 0, 0, 3, 0, 1, 3, 0, 0, 2, 0, 1, 0, 1, 0, 0, 0, 1, 0, 0, 2, 0, 0, 1, 0, 0, 3, 0, 1, 0, 2, 0, 0, 3, 0, 1, 3, 0, 0, 0, 0, 1, 3, 0, 0, 1, 0, 2, 0, 0, 0, 0, 1, 1, 0, 1, 0, 1, 1, 0, 2, 0, 0, 0, 0, 0, 0, 0, 2, 0, 0, 1, 0, 0, 1, 0, 0, 3, 0, 0, 1, 2, 0, 0, 0, 0, 0, 3, 1, 0, 2, 0, 2, 1, 3, 0, 0, 0, 0],892.0969809380683,50237.98296295838,104407.04402405984,true
35,G2_TEC,G2_TEC,[31, 22, 82, 15, 26, 9, 95, 42, 77, 68, 47, 5, 93, 78, 86, 54, 85, 63, 18, 44, 20, 49, 36, 14, 74, 50, 53, 17, 21, 28, 11, 64, 3, 23, 30, 83, 24, 41, 40, 52, 65, 27, 90, 70, 39, 87, 48, 69, 99, 4, 75, 1, 13, 58, 97, 59, 45, 8, 73, 37, 35, 79, 71, 66, 76, 32, 60, 80, 56, 6, 67, 61, 33, 7, 57, 34, 12, 16, 10, 98, 96, 88, 43, 46, 91, 38, 84, 92, 29, 19, 51, 55, 81, 89, 25, 72, 94, 2, 0, 62]|[2, 1, 2, 1, 1, 2, 1, 1, 1, 1, 1, 0, 2, 2, 1, 2, 0, 0, 0, 2, 2, 1, 0, 2, 0, 2, 2, 1, 0, 1, 1, 1, 0, 0, 1, 0, 2, 1, 2, 2, 0, 0, 1, 1, 0, 2, 0, 2, 1, 0, 0, 2, 0, 0, 2, 0, 1, 1, 0, 0, 2, 1, 1, 2, 2, 0, 2, 2, 2, 1, 2, 1, 1, 2, 0, 1, 1, 2, 1, 2, 0, 1, 1, 0, 1, 0, 0, 0, 1, 1, 1, 0, 1, 1, 1, 1, 2, 2, 0, 1]|[0, 3, 0, 3, 4, 1, 4, 4, 2, 4, 3, 2, 1, 0, 2, 1, 1, 1, 2, 1, 1, 3, 0, 1, 0, 1, 1, 4, 1, 4, 3, 2, 2, 0, 4, 1, 1, 4, 1, 1, 2, 1, 4, 4, 1, 1, 0, 2, 3, 2, 2, 1, 2, 1, 1, 2, 4, 3, 0, 2, 2, 3, 3, 1, 1, 2, 1, 1, 1, 4, 1, 3, 4, 1, 2, 4, 3, 1, 3, 1, 2, 4, 4, 2, 3, 2, 2, 2, 3, 4, 3, 2, 4, 4, 4, 4, 1, 1, 2, 3]|[0, 2, 0, 0, 3, 0, 1, 3, 0, 0, 2, 0, 1, 0, 1, 0, 0, 0, 1, 0, 0, 2, 0, 0, 1, 0, 0, 3, 0, 1, 0, 2, 0, 0, 3, 0, 1, 1, 0, 0, 0, 0, 1, 3, 0, 0, 1, 0, 2, 0, 0, 0, 0, 0, 1, 0, 1, 0, 1, 1, 0, 2, 0, 0, 0, 0, 0, 0, 0, 2, 0, 0, 1, 0, 0, 1, 0, 0, 3, 0, 0, 1, 2, 0, 0, 0, 0, 0, 3, 1, 0, 0, 2, 1, 3, 1, 0, 0, 0, 0],908.8272556494078,49235.066718390466,107289.32240407266,false
35,G3_TWC,G3_TWC,[31, 22, 82, 15, 26, 58, 95, 42, 77, 12, 47, 5, 93, 78, 98, 54, 85, 63, 18, 44, 20, 35, 43, 97, 91, 76, 10, 30, 21, 45, 71, 64, 1, 23, 17, 83, 24, 14, 60, 36, 6, 57, 94, 88, 65, 56, 79, 40, 67, 68, 46, 75, 38, 9, 19, 32, 81, 41, 27, 62, 87, 90, 99, 59, 11, 16, 72, 73, 70, 39, 37, 84, 3, 92, 25, 55, 28, 29, 51, 7, 33, 61, 86, 48, 89, 50, 69, 96, 53, 80, 4, 8, 34, 49, 52, 0, 13, 2, 66, 74]|[1, 1, 0, 1, 1, 1, 2, 1, 2, 1, 2, 2, 2, 1, 1, 0, 0, 1, 0, 2, 2, 0, 1, 2, 0, 1, 2, 2, 0, 0, 1, 2, 1, 2, 1, 0, 2, 0, 1, 1, 0, 1, 1, 1, 0, 2, 1, 1, 0, 0, 0, 0, 1, 1, 2, 1, 2, 0, 0, 0, 2, 1, 0, 1, 2, 1, 2, 1, 1, 1, 1, 1, 2, 0, 1, 1, 0, 0, 0, 1, 2, 1, 0, 0, 1, 0, 1, 0, 0, 0, 0, 1, 2, 0, 1, 0, 0, 0, 2, 2]|[4, 3, 2, 2, 0, 0, 2, 2, 2, 4, 1, 1, 2, 4, 4, 1, 1, 4, 2, 1, 1, 1, 1, 2, 1, 2, 1, 1, 1, 1, 3, 2, 3, 0, 4, 0, 1, 1, 0, 3, 2, 2, 4, 0, 1, 1, 0, 2, 0, 1, 2, 2, 1, 4, 0, 3, 2, 1, 1, 2, 1, 3, 1, 1, 1, 3, 0, 4, 3, 1, 4, 1, 1, 2, 4, 4, 2, 1, 1, 3, 1, 3, 1, 1, 1, 1, 3, 1, 2, 1, 2, 3, 1, 1, 1, 2, 2, 2, 1, 1]|[0, 2, 1, 1, 3, 3, 0, 1, 0, 0, 0, 0, 1, 0, 1, 0, 0, 3, 1, 0, 0, 0, 3, 1, 0, 2, 0, 0, 0, 1, 0, 0, 0, 0, 3, 0, 1, 0, 0, 2, 1, 1, 2, 0, 0, 0, 0, 1, 1, 0, 0, 0, 1, 3, 0, 0, 1, 0, 0, 1, 0, 2, 0, 1, 0, 2, 1, 0, 0, 1, 1, 3, 0, 1, 3, 3, 1, 0, 0, 2, 0, 0, 0, 0, 1, 0, 0, 0, 1, 0, 1, 2, 0, 1, 1, 0, 0, 0, 0, 0],790.1170626932459,57964.85042440004,88964.63499548077,false
35,G1_CMAX,G1_CMAX,[31, 22, 82, 15, 26, 99, 95, 42, 77, 12, 47, 5, 93, 78, 86, 54, 21, 63, 18, 44, 20, 35, 43, 97, 91, 76, 10, 30, 85, 45, 71, 64, 1, 23, 57, 83, 24, 14, 60, 36, 6, 17, 40, 88, 65, 56, 79, 94, 67, 68, 46, 75, 38, 9, 19, 32, 41, 81, 27, 87, 90, 58, 59, 11, 16, 72, 73, 70, 39, 37, 84, 3, 92, 25, 55, 48, 62, 29, 51, 96, 33, 61, 98, 66, 89, 50, 4, 7, 53, 80, 8, 28, 34, 49, 52, 0, 74, 69, 2, 13]|[1, 1, 0, 1, 1, 0, 1, 1, 2, 1, 2, 2, 2, 1, 1, 0, 0, 1, 0, 2, 2, 0, 1, 2, 0, 1, 2, 2, 0, 0, 1, 2, 1, 2, 1, 0, 2, 0, 1, 1, 0, 1, 1, 1, 0, 2, 1, 1, 0, 0, 0, 0, 1, 1, 2, 1, 0, 2, 0, 2, 1, 0, 1, 2, 1, 2, 1, 1, 1, 1, 1, 1, 0, 1, 2, 0, 0, 0, 2, 2, 2, 1, 2, 2, 1, 0, 1, 2, 0, 0, 1, 0, 2, 0, 1, 0, 2, 1, 0, 0]|[0, 3, 2, 2, 4, 1, 2, 3, 2, 4, 1, 1, 2, 4, 4, 1, 1, 4, 2, 1, 1, 1, 1, 2, 1, 2, 1, 1, 2, 1, 3, 2, 3, 1, 4, 0, 1, 1, 0, 3, 2, 2, 2, 0, 1, 1, 0, 4, 0, 1, 2, 2, 1, 4, 0, 3, 1, 1, 1, 1, 3, 1, 1, 1, 3, 0, 4, 3, 1, 4, 1, 1, 2, 4, 1, 1, 2, 1, 2, 1, 1, 3, 1, 1, 1, 1, 4, 1, 2, 1, 3, 2, 1, 1, 1, 2, 1, 4, 2, 2]|[0, 2, 1, 1, 3, 0, 1, 3, 0, 0, 0, 0, 1, 0, 1, 0, 0, 3, 1, 0, 0, 0, 3, 1, 0, 2, 0, 0, 0, 1, 0, 0, 0, 0, 3, 0, 1, 0, 0, 2, 1, 1, 1, 0, 0, 0, 0, 2, 1, 0, 0, 0, 1, 3, 0, 0, 0, 0, 0, 0, 2, 0, 1, 0, 2, 1, 0, 0, 1, 1, 3, 1, 1, 3, 0, 0, 1, 0, 1, 0, 0, 0, 0, 0, 1, 0, 0, 0, 1, 0, 2, 1, 0, 1, 1, 0, 0, 2, 0, 0],726.9061273463456,57092.60052686413,92996.29751897219,false
35,G4_BALANCED,G3_TWC,[31, 22, 82, 15, 26, 58, 95, 42, 77, 12, 47, 5, 93, 78, 98, 54, 85, 63, 18, 44, 20, 35, 43, 97, 91, 76, 10, 30, 21, 45, 71, 64, 1, 23, 17, 83, 24, 14, 60, 36, 6, 57, 94, 88, 65, 56, 79, 40, 67, 41, 46, 75, 38, 9, 33, 32, 81, 68, 27, 62, 87, 90, 99, 86, 11, 16, 72, 73, 70, 39, 37, 84, 3, 92, 25, 55, 28, 29, 51, 7, 19, 61, 59, 66, 89, 50, 48, 80, 53, 96, 8, 4, 34, 49, 52, 0, 13, 2, 69, 74]|[1, 1, 0, 1, 1, 1, 2, 1, 2, 1, 2, 2, 2, 1, 1, 0, 0, 1, 0, 2, 2, 0, 0, 2, 0, 1, 2, 2, 0, 0, 1, 2, 1, 2, 1, 0, 2, 0, 1, 1, 0, 1, 1, 1, 0, 2, 1, 1, 0, 0, 0, 0, 1, 1, 2, 1, 2, 0, 0, 0, 2, 2, 0, 0, 2, 1, 2, 1, 1, 1, 1, 1, 1, 0, 1, 1, 0, 0, 0, 1, 2, 1, 0, 2, 1, 0, 0, 0, 0, 0, 1, 0, 2, 0, 1, 0, 0, 0, 1, 2]|[4, 3, 2, 2, 0, 0, 2, 2, 2, 4, 1, 1, 2, 4, 4, 1, 2, 4, 2, 1, 1, 1, 1, 2, 1, 2, 1, 1, 2, 1, 3, 2, 3, 1, 4, 0, 1, 1, 0, 3, 2, 2, 4, 0, 1, 1, 0, 2, 0, 1, 2, 2, 1, 4, 0, 3, 2, 1, 1, 2, 1, 1, 1, 1, 1, 3, 0, 4, 3, 1, 4, 1, 1, 2, 4, 4, 2, 1, 1, 3, 1, 3, 1, 1, 1, 1, 1, 1, 2, 1, 3, 2, 1, 1, 1, 2, 2, 2, 3, 1]|[0, 2, 1, 1, 3, 3, 0, 1, 0, 0, 0, 0, 1, 0, 1, 0, 0, 3, 1, 0, 0, 0, 0, 1, 0, 2, 0, 0, 0, 1, 0, 0, 0, 0, 3, 0, 1, 0, 0, 2, 1, 1, 2, 0, 0, 0, 0, 1, 1, 0, 0, 0, 1, 3, 0, 0, 1, 0, 0, 1, 0, 0, 0, 0, 0, 2, 1, 0, 0, 1, 1, 3, 1, 1, 3, 3, 1, 0, 0, 2, 0, 0, 0, 0, 1, 0, 0, 0, 1, 0, 2, 1, 0, 1, 1, 0, 0, 0, 0, 0],850.8431495909725,57150.93500181648,90783.102936903,true
35,G2_TEC,G2_TEC,[31, 22, 82, 15, 26, 9, 95, 42, 77, 68, 47, 5, 93, 78, 86, 54, 85, 63, 18, 44, 20, 49, 36, 14, 74, 50, 53, 17, 21, 28, 11, 64, 3, 23, 30, 83, 24, 41, 40, 52, 65, 27, 90, 70, 39, 87, 48, 69, 99, 4, 75, 1, 13, 58, 97, 59, 45, 8, 73, 37, 35, 79, 71, 66, 76, 32, 60, 80, 56, 6, 67, 61, 33, 7, 57, 34, 12, 16, 10, 98, 96, 88, 43, 46, 91, 38, 84, 92, 29, 19, 51, 55, 81, 89, 25, 72, 94, 2, 0, 62]|[2, 1, 2, 1, 1, 2, 1, 1, 1, 1, 1, 0, 2, 2, 1, 2, 0, 0, 0, 2, 2, 1, 0, 2, 0, 2, 2, 1, 0, 1, 1, 1, 0, 0, 1, 0, 2, 1, 2, 2, 0, 0, 1, 1, 0, 2, 0, 2, 1, 0, 0, 2, 0, 0, 2, 0, 1, 1, 0, 0, 2, 1, 1, 2, 2, 0, 2, 2, 2, 1, 2, 1, 1, 2, 0, 1, 1, 2, 1, 2, 0, 1, 1, 0, 1, 0, 0, 0, 1, 1, 1, 0, 1, 1, 1, 1, 2, 2, 0, 1]|[0, 3, 0, 3, 4, 1, 4, 4, 2, 4, 3, 2, 1, 0, 2, 1, 1, 1, 2, 1, 1, 3, 0, 1, 0, 1, 1, 4, 1, 4, 3, 2, 2, 0, 4, 1, 1, 4, 1, 1, 2, 1, 4, 4, 1, 1, 0, 2, 3, 2, 2, 1, 2, 1, 1, 2, 4, 3, 0, 2, 2, 3, 3, 1, 1, 2, 1, 1, 1, 4, 1, 3, 4, 1, 2, 4, 3, 1, 3, 1, 2, 4, 4, 2, 3, 2, 2, 2, 3, 4, 3, 2, 4, 4, 4, 4, 1, 1, 2, 3]|[0, 2, 0, 0, 3, 0, 1, 3, 0, 0, 2, 0, 1, 0, 1, 0, 0, 0, 1, 0, 0, 2, 0, 0, 1, 0, 0, 3, 0, 1, 0, 2, 0, 0, 3, 0, 1, 1, 0, 0, 0, 0, 1, 3, 0, 0, 1, 0, 2, 0, 0, 0, 0, 0, 1, 0, 1, 0, 1, 1, 0, 2, 0, 0, 0, 0, 0, 0, 0, 2, 0, 0, 1, 0, 0, 1, 0, 0, 3, 0, 0, 1, 2, 0, 0, 0, 0, 0, 3, 1, 0, 0, 2, 1, 3, 1, 0, 0, 0, 0],908.8272556494078,49235.066718390466,107289.32240407266,false
35,G3_TWC,G3_TWC,[31, 22, 82, 15, 26, 58, 95, 42, 77, 12, 47, 5, 93, 78, 98, 54, 85, 63, 18, 44, 20, 35, 43, 97, 91, 76, 10, 30, 21, 45, 71, 64, 1, 23, 17, 83, 24, 14, 60, 36, 6, 57, 94, 88, 65, 56, 79, 40, 67, 68, 46, 75, 38, 9, 19, 32, 81, 41, 27, 62, 87, 90, 99, 59, 11, 16, 72, 73, 70, 39, 37, 84, 3, 92, 25, 55, 28, 29, 51, 7, 33, 61, 86, 48, 89, 50, 69, 96, 53, 80, 4, 8, 34, 49, 52, 0, 13, 2, 66, 74]|[1, 1, 0, 1, 1, 1, 2, 1, 2, 1, 2, 2, 2, 1, 1, 0, 0, 1, 0, 2, 2, 0, 1, 2, 0, 1, 2, 2, 0, 0, 1, 2, 1, 2, 1, 0, 2, 0, 1, 1, 0, 1, 1, 1, 0, 2, 1, 1, 0, 0, 0, 0, 1, 1, 2, 1, 2, 0, 0, 0, 2, 1, 0, 1, 2, 1, 2, 1, 1, 1, 1, 1, 2, 0, 1, 1, 0, 0, 0, 1, 2, 1, 0, 0, 1, 0, 1, 0, 0, 0, 0, 1, 2, 0, 1, 0, 0, 0, 2, 2]|[4, 3, 2, 2, 0, 0, 2, 2, 2, 4, 1, 1, 2, 4, 4, 1, 1, 4, 2, 1, 1, 1, 1, 2, 1, 2, 1, 1, 1, 1, 3, 2, 3, 0, 4, 0, 1, 1, 0, 3, 2, 2, 4, 0, 1, 1, 0, 2, 0, 1, 2, 2, 1, 4, 0, 3, 2, 1, 1, 2, 1, 3, 1, 1, 1, 3, 0, 4, 3, 1, 4, 1, 1, 2, 4, 4, 2, 1, 1, 3, 1, 3, 1, 1, 1, 1, 3, 1, 2, 1, 2, 3, 1, 1, 1, 2, 2, 2, 1, 1]|[0, 2, 1, 1, 3, 3, 0, 1, 0, 0, 0, 0, 1, 0, 1, 0, 0, 3, 1, 0, 0, 0, 3, 1, 0, 2, 0, 0, 0, 1, 0, 0, 0, 0, 3, 0, 1, 0, 0, 2, 1, 1, 2, 0, 0, 0, 0, 1, 1, 0, 0, 0, 1, 3, 0, 0, 1, 0, 0, 1, 0, 2, 0, 1, 0, 2, 1, 0, 0, 1, 1, 3, 0, 1, 3, 3, 1, 0, 0, 2, 0, 0, 0, 0, 1, 0, 0, 0, 1, 0, 1, 2, 0, 1, 1, 0, 0, 0, 0, 0],790.1170626932459,57964.85042440004,88964.63499548077,false
35,G1_CMAX,G1_CMAX,[31, 22, 82, 15, 26, 99, 95, 42, 77, 12, 47, 5, 93, 78, 86, 54, 21, 63, 18, 44, 20, 35, 43, 97, 91, 76, 10, 30, 85, 45, 71, 64, 1, 23, 57, 83, 24, 14, 60, 36, 6, 17, 40, 88, 65, 56, 79, 94, 67, 68, 46, 75, 38, 9, 19, 32, 41, 81, 27, 87, 90, 58, 59, 11, 16, 72, 73, 70, 39, 37, 84, 3, 92, 25, 55, 48, 62, 29, 51, 96, 33, 61, 98, 66, 89, 50, 4, 7, 53, 80, 8, 28, 34, 49, 52, 0, 74, 69, 2, 13]|[1, 1, 0, 1, 1, 0, 1, 1, 2, 1, 2, 2, 2, 1, 1, 0, 0, 1, 0, 2, 2, 0, 1, 2, 0, 1, 2, 2, 0, 0, 1, 2, 1, 2, 1, 0, 2, 0, 1, 1, 0, 1, 1, 1, 0, 2, 1, 1, 0, 0, 0, 0, 1, 1, 2, 1, 0, 2, 0, 2, 1, 0, 1, 2, 1, 2, 1, 1, 1, 1, 1, 1, 0, 1, 2, 0, 0, 0, 2, 2, 2, 1, 2, 2, 1, 0, 1, 2, 0, 0, 1, 0, 2, 0, 1, 0, 2, 1, 0, 0]|[0, 3, 2, 2, 4, 1, 2, 3, 2, 4, 1, 1, 2, 4, 4, 1, 1, 4, 2, 1, 1, 1, 1, 2, 1, 2, 1, 1, 2, 1, 3, 2, 3, 1, 4, 0, 1, 1, 0, 3, 2, 2, 2, 0, 1, 1, 0, 4, 0, 1, 2, 2, 1, 4, 0, 3, 1, 1, 1, 1, 3, 1, 1, 1, 3, 0, 4, 3, 1, 4, 1, 1, 2, 4, 1, 1, 2, 1, 2, 1, 1, 3, 1, 1, 1, 1, 4, 1, 2, 1, 3, 2, 1, 1, 1, 2, 1, 4, 2, 2]|[0, 2, 1, 1, 3, 0, 1, 3, 0, 0, 0, 0, 1, 0, 1, 0, 0, 3, 1, 0, 0, 0, 3, 1, 0, 2, 0, 0, 0, 1, 0, 0, 0, 0, 3, 0, 1, 0, 0, 2, 1, 1, 1, 0, 0, 0, 0, 2, 1, 0, 0, 0, 1, 3, 0, 0, 0, 0, 0, 0, 2, 0, 1, 0, 2, 1, 0, 0, 1, 1, 3, 1, 1, 3, 0, 0, 1, 0, 1, 0, 0, 0, 0, 0, 1, 0, 0, 0, 1, 0, 2, 1, 0, 1, 1, 0, 0, 2, 0, 0],726.9061273463456,57092.60052686413,92996.29751897219,false
35,G4_BALANCED,G2_TEC,[31, 22, 82, 15, 26, 9, 95, 42, 77, 68, 47, 5, 93, 78, 86, 54, 85, 63, 18, 44, 20, 49, 36, 14, 74, 50, 53, 17, 21, 28, 11, 64, 3, 23, 30, 83, 24, 41, 40, 52, 65, 27, 90, 70, 39, 87, 48, 69, 99, 4, 75, 1, 13, 58, 97, 59, 45, 8, 73, 37, 35, 79, 71, 66, 76, 32, 60, 80, 56, 6, 67, 61, 33, 7, 57, 34, 12, 0, 10, 98, 96, 88, 43, 46, 91, 38, 84, 92, 29, 19, 51, 55, 72, 89, 25, 81, 94, 2, 62, 16]|[2, 1, 2, 1, 1, 2, 1, 1, 1, 1, 1, 0, 2, 2, 1, 2, 0, 0, 0, 2, 2, 1, 0, 2, 0, 2, 2, 1, 0, 1, 1, 1, 0, 0, 1, 0, 2, 1, 2, 2, 0, 0, 1, 1, 0, 2, 0, 2, 1, 0, 0, 2, 0, 0, 2, 0, 1, 1, 0, 0, 2, 1, 1, 2, 2, 0, 2, 2, 2, 1, 2, 1, 1, 2, 0, 1, 1, 0, 1, 2, 0, 1, 1, 0, 1, 0, 0, 1, 1, 1, 1, 0, 1, 1, 1, 1, 2, 2, 1, 0]|[0, 3, 0, 3, 4, 1, 4, 4, 2, 4, 3, 2, 1, 0, 2, 1, 1, 1, 2, 1, 1, 3, 0, 1, 0, 1, 1, 4, 1, 4, 3, 2, 2, 0, 4, 1, 1, 4, 1, 1, 2, 1, 4, 4, 1, 1, 0, 2, 3, 2, 2, 1, 2, 1, 1, 2, 4, 3, 0, 2, 2, 3, 3, 1, 1, 2, 1, 1, 1, 4, 1, 3, 4, 1, 2, 4, 3, 2, 3, 1, 2, 4, 4, 2, 3, 2, 2, 3, 3, 4, 3, 2, 4, 4, 4, 4, 1, 1, 3, 2]|[0, 2, 0, 0, 3, 0, 1, 3, 0, 0, 2, 0, 1, 0, 1, 0, 0, 0, 1, 0, 0, 2, 0, 0, 1, 0, 0, 3, 0, 1, 0, 2, 0, 0, 3, 0, 1, 1, 0, 0, 0, 0, 1, 3, 0, 0, 1, 0, 2, 0, 0, 0, 0, 0, 1, 0, 1, 0, 1, 1, 0, 2, 0, 0, 0, 0, 0, 0, 0, 2, 0, 0, 1, 0, 0, 1, 0, 0, 3, 0, 0, 1, 2, 0, 0, 0, 0, 0, 3, 1, 0, 0, 1, 1, 3, 2, 0, 0, 0, 0],886.7819803210996,49509.323287608735,107424.07283090819,true
35,G2_TEC,G2_TEC,[31, 22, 82, 15, 26, 9, 95, 42, 77, 68, 47, 5, 93, 78, 86, 54, 85, 63, 18, 44, 20, 49, 36, 14, 74, 50, 53, 17, 21, 28, 11, 64, 3, 23, 30, 83, 24, 41, 40, 52, 65, 27, 90, 70, 39, 87, 48, 69, 99, 4, 75, 1, 13, 58, 97, 59, 45, 8, 73, 37, 35, 79, 71, 66, 76, 32, 60, 80, 56, 6, 67, 61, 33, 7, 57, 34, 12, 16, 10, 98, 96, 88, 43, 46, 91, 38, 84, 92, 29, 19, 51, 55, 81, 89, 25, 72, 94, 2, 0, 62]|[2, 1, 2, 1, 1, 2, 1, 1, 1, 1, 1, 0, 2, 2, 1, 2, 0, 0, 0, 2, 2, 1, 0, 2, 0, 2, 2, 1, 0, 1, 1, 1, 0, 0, 1, 0, 2, 1, 2, 2, 0, 0, 1, 1, 0, 2, 0, 2, 1, 0, 0, 2, 0, 0, 2, 0, 1, 1, 0, 0, 2, 1, 1, 2, 2, 0, 2, 2, 2, 1, 2, 1, 1, 2, 0, 1, 1, 2, 1, 2, 0, 1, 1, 0, 1, 0, 0, 0, 1, 1, 1, 0, 1, 1, 1, 1, 2, 2, 0, 1]|[0, 3, 0, 3, 4, 1, 4, 4, 2, 4, 3, 2, 1, 0, 2, 1, 1, 1, 2, 1, 1, 3, 0, 1, 0, 1, 1, 4, 1, 4, 3, 2, 2, 0, 4, 1, 1, 4, 1, 1, 2, 1, 4, 4, 1, 1, 0, 2, 3, 2, 2, 1, 2, 1, 1, 2, 4, 3, 0, 2, 2, 3, 3, 1, 1, 2, 1, 1, 1, 4, 1, 3, 4, 1, 2, 4, 3, 1, 3, 1, 2, 4, 4, 2, 3, 2, 2, 2, 3, 4, 3, 2, 4, 4, 4, 4, 1, 1, 2, 3]|[0, 2, 0, 0, 3, 0, 1, 3, 0, 0, 2, 0, 1, 0, 1, 0, 0, 0, 1, 0, 0, 2, 0, 0, 1, 0, 0, 3, 0, 1, 0, 2, 0, 0, 3, 0, 1, 1, 0, 0, 0, 0, 1, 3, 0, 0, 1, 0, 2, 0, 0, 0, 0, 0, 1, 0, 1, 0, 1, 1, 0, 2, 0, 0, 0, 0, 0, 0, 0, 2, 0, 0, 1, 0, 0, 1, 0, 0, 3, 0, 0, 1, 2, 0, 0, 0, 0, 0, 3, 1, 0, 0, 2, 1, 3, 1, 0, 0, 0, 0],908.8272556494078,49235.066718390466,107289.32240407266,false
35,G3_TWC,G3_TWC,[31, 22, 82, 15, 26, 58, 95, 42, 77, 12, 47, 5, 93, 78, 98, 54, 85, 63, 18, 44, 20, 35, 43, 97, 91, 76, 10, 30, 21, 45, 71, 64, 1, 23, 17, 83, 24, 14, 60, 36, 6, 57, 94, 88, 65, 56, 79, 40, 67, 68, 46, 75, 38, 9, 19, 32, 81, 41, 27, 62, 87, 90, 99, 59, 11, 16, 72, 73, 70, 39, 37, 84, 3, 92, 25, 55, 28, 29, 51, 7, 33, 61, 86, 48, 89, 50, 69, 96, 53, 80, 4, 8, 34, 49, 52, 0, 13, 2, 66, 74]|[1, 1, 0, 1, 1, 1, 2, 1, 2, 1, 2, 2, 2, 1, 1, 0, 0, 1, 0, 2, 2, 0, 1, 2, 0, 1, 2, 2, 0, 0, 1, 2, 1, 2, 1, 0, 2, 0, 1, 1, 0, 1, 1, 1, 0, 2, 1, 1, 0, 0, 0, 0, 1, 1, 2, 1, 2, 0, 0, 0, 2, 1, 0, 1, 2, 1, 2, 1, 1, 1, 1, 1, 2, 0, 1, 1, 0, 0, 0, 1, 2, 1, 0, 0, 1, 0, 1, 0, 0, 0, 0, 1, 2, 0, 1, 0, 0, 0, 2, 2]|[4, 3, 2, 2, 0, 0, 2, 2, 2, 4, 1, 1, 2, 4, 4, 1, 1, 4, 2, 1, 1, 1, 1, 2, 1, 2, 1, 1, 1, 1, 3, 2, 3, 0, 4, 0, 1, 1, 0, 3, 2, 2, 4, 0, 1, 1, 0, 2, 0, 1, 2, 2, 1, 4, 0, 3, 2, 1, 1, 2, 1, 3, 1, 1, 1, 3, 0, 4, 3, 1, 4, 1, 1, 2, 4, 4, 2, 1, 1, 3, 1, 3, 1, 1, 1, 1, 3, 1, 2, 1, 2, 3, 1, 1, 1, 2, 2, 2, 1, 1]|[0, 2, 1, 1, 3, 3, 0, 1, 0, 0, 0, 0, 1, 0, 1, 0, 0, 3, 1, 0, 0, 0, 3, 1, 0, 2, 0, 0, 0, 1, 0, 0, 0, 0, 3, 0, 1, 0, 0, 2, 1, 1, 2, 0, 0, 0, 0, 1, 1, 0, 0, 0, 1, 3, 0, 0, 1, 0, 0, 1, 0, 2, 0, 1, 0, 2, 1, 0, 0, 1, 1, 3, 0, 1, 3, 3, 1, 0, 0, 2, 0, 0, 0, 0, 1, 0, 0, 0, 1, 0, 1, 2, 0, 1, 1, 0, 0, 0, 0, 0],790.1170626932459,57964.85042440004,88964.63499548077,false
35,G1_CMAX,G1_CMAX,[31, 22, 82, 15, 26, 99, 95, 42, 77, 12, 47, 5, 93, 78, 86, 54, 21, 63, 18, 44, 20, 35, 43, 97, 91, 76, 10, 30, 85, 45, 71, 64, 1, 23, 57, 83, 24, 14, 60, 36, 6, 17, 40, 88, 65, 56, 79, 94, 67, 68, 46, 75, 38, 9, 19, 32, 41, 81, 27, 87, 90, 58, 59, 11, 16, 72, 73, 70, 39, 37, 84, 3, 92, 25, 55, 48, 62, 29, 51, 96, 33, 61, 98, 66, 89, 50, 4, 7, 53, 80, 8, 28, 34, 49, 52, 0, 74, 69, 2, 13]|[1, 1, 0, 1, 1, 0, 1, 1, 2, 1, 2, 2, 2, 1, 1, 0, 0, 1, 0, 2, 2, 0, 1, 2, 0, 1, 2, 2, 0, 0, 1, 2, 1, 2, 1, 0, 2, 0, 1, 1, 0, 1, 1, 1, 0, 2, 1, 1, 0, 0, 0, 0, 1, 1, 2, 1, 0, 2, 0, 2, 1, 0, 1, 2, 1, 2, 1, 1, 1, 1, 1, 1, 0, 1, 2, 0, 0, 0, 2, 2, 2, 1, 2, 2, 1, 0, 1, 2, 0, 0, 1, 0, 2, 0, 1, 0, 2, 1, 0, 0]|[0, 3, 2, 2, 4, 1, 2, 3, 2, 4, 1, 1, 2, 4, 4, 1, 1, 4, 2, 1, 1, 1, 1, 2, 1, 2, 1, 1, 2, 1, 3, 2, 3, 1, 4, 0, 1, 1, 0, 3, 2, 2, 2, 0, 1, 1, 0, 4, 0, 1, 2, 2, 1, 4, 0, 3, 1, 1, 1, 1, 3, 1, 1, 1, 3, 0, 4, 3, 1, 4, 1, 1, 2, 4, 1, 1, 2, 1, 2, 1, 1, 3, 1, 1, 1, 1, 4, 1, 2, 1, 3, 2, 1, 1, 1, 2, 1, 4, 2, 2]|[0, 2, 1, 1, 3, 0, 1, 3, 0, 0, 0, 0, 1, 0, 1, 0, 0, 3, 1, 0, 0, 0, 3, 1, 0, 2, 0, 0, 0, 1, 0, 0, 0, 0, 3, 0, 1, 0, 0, 2, 1, 1, 1, 0, 0, 0, 0, 2, 1, 0, 0, 0, 1, 3, 0, 0, 0, 0, 0, 0, 2, 0, 1, 0, 2, 1, 0, 0, 1, 1, 3, 1, 1, 3, 0, 0, 1, 0, 1, 0, 0, 0, 0, 0, 1, 0, 0, 0, 1, 0, 2, 1, 0, 1, 1, 0, 0, 2, 0, 0],726.9061273463456,57092.60052686413,92996.29751897219,false
35,G4_BALANCED,G4_BALANCED,[31, 22, 82, 15, 26, 9, 95, 42, 77, 68, 47, 5, 93, 78, 86, 54, 85, 63, 18, 44, 20, 49, 36, 14, 74, 50, 53, 17, 21, 28, 11, 64, 3, 23, 30, 83, 24, 41, 40, 52, 65, 27, 90, 70, 39, 87, 48, 69, 99, 4, 46, 1, 13, 58, 19, 59, 45, 8, 73, 37, 35, 79, 71, 66, 76, 32, 60, 80, 96, 6, 16, 61, 33, 7, 57, 34, 12, 0, 10, 98, 56, 88, 43, 75, 91, 38, 84, 92, 29, 97, 51, 72, 55, 25, 89, 81, 94, 2, 62, 67]|[2, 1, 2, 1, 1, 0, 1, 1, 1, 1, 1, 0, 2, 2, 1, 2, 0, 0, 0, 2, 2, 1, 0, 2, 0, 2, 2, 1, 0, 1, 1, 1, 0, 0, 1, 0, 2, 1, 2, 2, 0, 0, 1, 1, 0, 2, 0, 2, 1, 0, 0, 2, 0, 0, 2, 0, 1, 1, 0, 0, 2, 1, 1, 1, 2, 0, 2, 2, 0, 1, 2, 1, 1, 2, 0, 1, 1, 2, 1, 2, 2, 1, 1, 0, 1, 0, 0, 0, 1, 1, 1, 1, 0, 1, 1, 1, 2, 2, 1, 2]|[0, 3, 0, 3, 4, 1, 4, 4, 2, 4, 3, 2, 1, 0, 2, 1, 1, 1, 2, 1, 1, 3, 0, 1, 0, 1, 1, 4, 1, 4, 3, 2, 2, 0, 4, 1, 1, 4, 1, 1, 2, 1, 4, 4, 1, 1, 0, 2, 3, 2, 2, 1, 2, 1, 1, 2, 4, 3, 0, 2, 2, 3, 3, 1, 1, 2, 1, 1, 2, 4, 1, 3, 4, 1, 2, 4, 3, 1, 3, 1, 1, 4, 4, 2, 3, 2, 2, 2, 3, 4, 3, 4, 2, 4, 4, 4, 1, 1, 3, 1]|[0, 2, 0, 0, 3, 0, 1, 3, 0, 0, 2, 0, 1, 0, 1, 0, 0, 0, 1, 0, 0, 2, 0, 0, 1, 0, 0, 3, 0, 1, 0, 2, 0, 0, 3, 0, 1, 3, 0, 0, 0, 0, 1, 3, 0, 0, 1, 0, 2, 0, 0, 0, 0, 1, 1, 0, 1, 0, 1, 1, 0, 2, 0, 2, 0, 0, 0, 0, 0, 2, 0, 0, 1, 0, 0, 1, 0, 0, 3, 0, 0, 1, 2, 0, 0, 0, 0, 0, 3, 1, 0, 2, 0, 3, 1, 2, 0, 0, 0, 0],887.1401620814495,50208.584340193614,104549.4051625019,false
35,G2_TEC,G2_TEC,[31, 22, 82, 15, 26, 9, 95, 42, 77, 68, 47, 5, 93, 78, 86, 54, 85, 63, 18, 44, 20, 49, 36, 14, 74, 50, 53, 17, 21, 28, 11, 64, 3, 23, 30, 83, 24, 41, 40, 52, 65, 27, 90, 70, 39, 87, 48, 69, 99, 4, 75, 1, 13, 58, 97, 59, 45, 8, 73, 37, 35, 79, 71, 66, 76, 32, 60, 80, 56, 6, 67, 61, 33, 7, 57, 34, 12, 16, 10, 98, 96, 88, 43, 46, 91, 38, 84, 92, 29, 19, 51, 55, 81, 89, 25, 72, 94, 2, 0, 62]|[2, 1, 2, 1, 1, 2, 1, 1, 1, 1, 1, 0, 2, 2, 1, 2, 0, 0, 0, 2, 2, 1, 0, 2, 0, 2, 2, 1, 0, 1, 1, 1, 0, 0, 1, 0, 2, 1, 2, 2, 0, 0, 1, 1, 0, 2, 0, 2, 1, 0, 0, 2, 0, 0, 2, 0, 1, 1, 0, 0, 2, 1, 1, 2, 2, 0, 2, 2, 2, 1, 2, 1, 1, 2, 0, 1, 1, 2, 1, 2, 0, 1, 1, 0, 1, 0, 0, 0, 1, 1, 1, 0, 1, 1, 1, 1, 2, 2, 0, 1]|[0, 3, 0, 3, 4, 1, 4, 4, 2, 4, 3, 2, 1, 0, 2, 1, 1, 1, 2, 1, 1, 3, 0, 1, 0, 1, 1, 4, 1, 4, 3, 2, 2, 0, 4, 1, 1, 4, 1, 1, 2, 1, 4, 4, 1, 1, 0, 2, 3, 2, 2, 1, 2, 1, 1, 2, 4, 3, 0, 2, 2, 3, 3, 1, 1, 2, 1, 1, 1, 4, 1, 3, 4, 1, 2, 4, 3, 1, 3, 1, 2, 4, 4, 2, 3, 2, 2, 2, 3, 4, 3, 2, 4, 4, 4, 4, 1, 1, 2, 3]|[0, 2, 0, 0, 3, 0, 1, 3, 0, 0, 2, 0, 1, 0, 1, 0, 0, 0, 1, 0, 0, 2, 0, 0, 1, 0, 0, 3, 0, 1, 0, 2, 0, 0, 3, 0, 1, 1, 0, 0, 0, 0, 1, 3, 0, 0, 1, 0, 2, 0, 0, 0, 0, 0, 1, 0, 1, 0, 1, 1, 0, 2, 0, 0, 0, 0, 0, 0, 0, 2, 0, 0, 1, 0, 0, 1, 0, 0, 3, 0, 0, 1, 2, 0, 0, 0, 0, 0, 3, 1, 0, 0, 2, 1, 3, 1, 0, 0, 0, 0],908.8272556494078,49235.066718390466,107289.32240407266,false
35,G3_TWC,G3_TWC,[31, 22, 82, 15, 26, 58, 95, 42, 77, 12, 47, 5, 93, 78, 98, 54, 85, 63, 18, 44, 20, 35, 43, 97, 91, 76, 10, 30, 21, 45, 71, 64, 1, 23, 17, 83, 24, 14, 60, 36, 6, 57, 94, 88, 65, 56, 79, 40, 67, 68, 46, 75, 38, 9, 19, 32, 81, 41, 27, 62, 87, 90, 99, 59, 11, 16, 72, 73, 70, 39, 37, 84, 3, 92, 25, 55, 28, 29, 51, 7, 33, 61, 86, 48, 89, 50, 69, 96, 53, 80, 4, 8, 34, 49, 52, 0, 13, 2, 66, 74]|[1, 1, 0, 1, 1, 1, 2, 1, 2, 1, 2, 2, 2, 1, 1, 0, 0, 1, 0, 2, 2, 0, 1, 2, 0, 1, 2, 2, 0, 0, 1, 2, 1, 2, 1, 0, 2, 0, 1, 1, 0, 1, 1, 1, 0, 2, 1, 1, 0, 0, 0, 0, 1, 1, 2, 1, 2, 0, 0, 0, 2, 1, 0, 1, 2, 1, 2, 1, 1, 1, 1, 1, 2, 0, 1, 1, 0, 0, 0, 1, 2, 1, 0, 0, 1, 0, 1, 0, 0, 0, 0, 1, 2, 0, 1, 0, 0, 0, 2, 2]|[4, 3, 2, 2, 0, 0, 2, 2, 2, 4, 1, 1, 2, 4, 4, 1, 1, 4, 2, 1, 1, 1, 1, 2, 1, 2, 1, 1, 1, 1, 3, 2, 3, 0, 4, 0, 1, 1, 0, 3, 2, 2, 4, 0, 1, 1, 0, 2, 0, 1, 2, 2, 1, 4, 0, 3, 2, 1, 1, 2, 1, 3, 1, 1, 1, 3, 0, 4, 3, 1, 4, 1, 1, 2, 4, 4, 2, 1, 1, 3, 1, 3, 1, 1, 1, 1, 3, 1, 2, 1, 2, 3, 1, 1, 1, 2, 2, 2, 1, 1]|[0, 2, 1, 1, 3, 3, 0, 1, 0, 0, 0, 0, 1, 0, 1, 0, 0, 3, 1, 0, 0, 0, 3, 1, 0, 2, 0, 0, 0, 1, 0, 0, 0, 0, 3, 0, 1, 0, 0, 2, 1, 1, 2, 0, 0, 0, 0, 1, 1, 0, 0, 0, 1, 3, 0, 0, 1, 0, 0, 1, 0, 2, 0, 1, 0, 2, 1, 0, 0, 1, 1, 3, 0, 1, 3, 3, 1, 0, 0, 2, 0, 0, 0, 0, 1, 0, 0, 0, 1, 0, 1, 2, 0, 1, 1, 0, 0, 0, 0, 0],790.1170626932459,57964.85042440004,88964.63499548077,false
35,G1_CMAX,G1_CMAX,[31, 22, 82, 15, 26, 99, 95, 42, 77, 12, 47, 5, 93, 78, 86, 54, 21, 63, 18, 44, 20, 35, 43, 97, 91, 76, 10, 30, 85, 45, 71, 64, 1, 23, 57, 83, 24, 14, 60, 36, 6, 17, 40, 88, 65, 56, 79, 94, 67, 68, 46, 75, 38, 9, 19, 32, 41, 81, 27, 87, 90, 58, 59, 11, 16, 72, 73, 70, 39, 37, 84, 3, 92, 25, 55, 48, 62, 29, 51, 96, 33, 61, 98, 66, 89, 50, 4, 7, 53, 80, 8, 28, 34, 49, 52, 0, 74, 69, 2, 13]|[1, 1, 0, 1, 1, 0, 1, 1, 2, 1, 2, 2, 2, 1, 1, 0, 0, 1, 0, 2, 2, 0, 1, 2, 0, 1, 2, 2, 0, 0, 1, 2, 1, 2, 1, 0, 2, 0, 1, 1, 0, 1, 1, 1, 0, 2, 1, 1, 0, 0, 0, 0, 1, 1, 2, 1, 0, 2, 0, 2, 1, 0, 1, 2, 1, 2, 1, 1, 1, 1, 1, 1, 0, 1, 2, 0, 0, 0, 2, 2, 2, 1, 2, 2, 1, 0, 1, 2, 0, 0, 1, 0, 2, 0, 1, 0, 2, 1, 0, 0]|[0, 3, 2, 2, 4, 1, 2, 3, 2, 4, 1, 1, 2, 4, 4, 1, 1, 4, 2, 1, 1, 1, 1, 2, 1, 2, 1, 1, 2, 1, 3, 2, 3, 1, 4, 0, 1, 1, 0, 3, 2, 2, 2, 0, 1, 1, 0, 4, 0, 1, 2, 2, 1, 4, 0, 3, 1, 1, 1, 1, 3, 1, 1, 1, 3, 0, 4, 3, 1, 4, 1, 1, 2, 4, 1, 1, 2, 1, 2, 1, 1, 3, 1, 1, 1, 1, 4, 1, 2, 1, 3, 2, 1, 1, 1, 2, 1, 4, 2, 2]|[0, 2, 1, 1, 3, 0, 1, 3, 0, 0, 0, 0, 1, 0, 1, 0, 0, 3, 1, 0, 0, 0, 3, 1, 0, 2, 0, 0, 0, 1, 0, 0, 0, 0, 3, 0, 1, 0, 0, 2, 1, 1, 1, 0, 0, 0, 0, 2, 1, 0, 0, 0, 1, 3, 0, 0, 0, 0, 0, 0, 2, 0, 1, 0, 2, 1, 0, 0, 1, 1, 3, 1, 1, 3, 0, 0, 1, 0, 1, 0, 0, 0, 0, 0, 1, 0, 0, 0, 1, 0, 2, 1, 0, 1, 1, 0, 0, 2, 0, 0],726.9061273463456,57092.60052686413,92996.29751897219,false
35,G4_BALANCED,G4_BALANCED,[31, 22, 82, 15, 26, 9, 95, 42, 77, 68, 47, 5, 93, 78, 86, 54, 85, 63, 18, 44, 20, 49, 36, 14, 74, 50, 53, 17, 21, 28, 11, 64, 3, 23, 30, 83, 24, 41, 40, 52, 65, 27, 90, 70, 39, 87, 48, 69, 99, 4, 46, 1, 13, 58, 19, 59, 45, 8, 73, 37, 35, 79, 71, 66, 76, 32, 60, 80, 96, 6, 16, 61, 33, 7, 57, 34, 12, 0, 10, 98, 56, 88, 43, 75, 91, 38, 84, 92, 29, 97, 51, 72, 55, 25, 89, 81, 94, 2, 62, 67]|[2, 1, 2, 1, 1, 0, 1, 1, 1, 1, 1, 0, 2, 2, 1, 2, 0, 0, 0, 2, 2, 1, 0, 2, 0, 2, 2, 1, 0, 1, 1, 1, 0, 0, 1, 0, 2, 1, 2, 2, 0, 0, 1, 1, 0, 2, 0, 2, 1, 0, 0, 2, 0, 0, 2, 0, 1, 1, 0, 0, 2, 1, 1, 1, 2, 0, 2, 2, 0, 1, 2, 1, 1, 2, 0, 1, 1, 2, 1, 2, 2, 1, 1, 0, 1, 0, 0, 0, 1, 1, 1, 1, 0, 1, 1, 1, 2, 2, 1, 2]|[0, 3, 0, 3, 4, 1, 4, 4, 2, 4, 3, 2, 1, 0, 2, 1, 1, 1, 2, 1, 1, 3, 0, 1, 0, 1, 1, 4, 1, 4, 3, 2, 2, 0, 4, 1, 1, 4, 1, 1, 2, 1, 4, 4, 1, 1, 0, 2, 3, 2, 2, 1, 2, 1, 1, 2, 4, 3, 0, 2, 2, 3, 3, 1, 1, 2, 1, 1, 2, 4, 1, 3, 4, 1, 2, 4, 3, 1, 3, 1, 1, 4, 4, 2, 3, 2, 2, 2, 3, 4, 3, 4, 2, 4, 4, 4, 1, 1, 3, 1]|[0, 2, 0, 0, 3, 0, 1, 3, 0, 0, 2, 0, 1, 0, 1, 0, 0, 0, 1, 0, 0, 2, 0, 0, 1, 0, 0, 3, 0, 1, 0, 2, 0, 0, 3, 0, 1, 3, 0, 0, 0, 0, 1, 3, 0, 0, 1, 0, 2, 0, 0, 0, 0, 1, 1, 0, 1, 0, 1, 1, 0, 2, 0, 2, 0, 0, 0, 0, 0, 2, 0, 0, 1, 0, 0, 1, 0, 0, 3, 0, 0, 1, 2, 0, 0, 0, 0, 0, 3, 1, 0, 2, 0, 3, 1, 2, 0, 0, 0, 0],887.1401620814495,50208.584340193614,104549.4051625019,false
35,G2_TEC,G2_TEC,[31, 22, 82, 15, 26, 9, 95, 42, 77, 68, 47, 5, 93, 78, 86, 54, 85, 63, 18, 44, 20, 49, 36, 14, 74, 50, 53, 17, 21, 28, 11, 64, 3, 23, 30, 83, 24, 41, 40, 52, 65, 27, 90, 70, 39, 87, 48, 69, 99, 4, 75, 1, 13, 58, 97, 59, 45, 8, 73, 37, 35, 79, 71, 66, 76, 32, 60, 80, 56, 6, 67, 61, 33, 7, 57, 34, 12, 16, 10, 98, 96, 88, 43, 46, 91, 38, 84, 92, 29, 19, 51, 55, 81, 89, 25, 72, 94, 2, 0, 62]|[2, 1, 2, 1, 1, 2, 1, 1, 1, 1, 1, 0, 2, 2, 1, 2, 0, 0, 0, 2, 2, 1, 0, 2, 0, 2, 2, 1, 0, 1, 1, 1, 0, 0, 1, 0, 2, 1, 2, 2, 0, 0, 1, 1, 0, 2, 0, 2, 1, 0, 0, 2, 0, 0, 2, 0, 1, 1, 0, 0, 2, 1, 1, 2, 2, 0, 2, 2, 2, 1, 2, 1, 1, 2, 0, 1, 1, 2, 1, 2, 0, 1, 1, 0, 1, 0, 0, 0, 1, 1, 1, 0, 1, 1, 1, 1, 2, 2, 0, 1]|[0, 3, 0, 3, 4, 1, 4, 4, 2, 4, 3, 2, 1, 0, 2, 1, 1, 1, 2, 1, 1, 3, 0, 1, 0, 1, 1, 4, 1, 4, 3, 2, 2, 0, 4, 1, 1, 4, 1, 1, 2, 1, 4, 4, 1, 1, 0, 2, 3, 2, 2, 1, 2, 1, 1, 2, 4, 3, 0, 2, 2, 3, 3, 1, 1, 2, 1, 1, 1, 4, 1, 3, 4, 1, 2, 4, 3, 1, 3, 1, 2, 4, 4, 2, 3, 2, 2, 2, 3, 4, 3, 2, 4, 4, 4, 4, 1, 1, 2, 3]|[0, 2, 0, 0, 3, 0, 1, 3, 0, 0, 2, 0, 1, 0, 1, 0, 0, 0, 1, 0, 0, 2, 0, 0, 1, 0, 0, 3, 0, 1, 0, 2, 0, 0, 3, 0, 1, 1, 0, 0, 0, 0, 1, 3, 0, 0, 1, 0, 2, 0, 0, 0, 0, 0, 1, 0, 1, 0, 1, 1, 0, 2, 0, 0, 0, 0, 0, 0, 0, 2, 0, 0, 1, 0, 0, 1, 0, 0, 3, 0, 0, 1, 2, 0, 0, 0, 0, 0, 3, 1, 0, 0, 2, 1, 3, 1, 0, 0, 0, 0],908.8272556494078,49235.066718390466,107289.32240407266,false
35,G3_TWC,G3_TWC,[31, 22, 82, 15, 26, 58, 95, 42, 77, 12, 47, 5, 93, 78, 98, 54, 85, 63, 18, 44, 20, 35, 43, 97, 91, 76, 10, 30, 21, 45, 71, 64, 1, 23, 17, 83, 24, 14, 60, 36, 6, 57, 94, 88, 65, 56, 79, 40, 67, 68, 46, 75, 38, 9, 19, 32, 81, 41, 27, 62, 87, 90, 99, 59, 11, 16, 72, 73, 70, 39, 37, 84, 3, 92, 25, 55, 28, 29, 51, 7, 33, 61, 86, 48, 89, 50, 69, 96, 53, 80, 4, 8, 34, 49, 52, 0, 13, 2, 66, 74]|[1, 1, 0, 1, 1, 1, 2, 1, 2, 1, 2, 2, 2, 1, 1, 0, 0, 1, 0, 2, 2, 0, 1, 2, 0, 1, 2, 2, 0, 0, 1, 2, 1, 2, 1, 0, 2, 0, 1, 1, 0, 1, 1, 1, 0, 2, 1, 1, 0, 0, 0, 0, 1, 1, 2, 1, 2, 0, 0, 0, 2, 1, 0, 1, 2, 1, 2, 1, 1, 1, 1, 1, 2, 0, 1, 1, 0, 0, 0, 1, 2, 1, 0, 0, 1, 0, 1, 0, 0, 0, 0, 1, 2, 0, 1, 0, 0, 0, 2, 2]|[4, 3, 2, 2, 0, 0, 2, 2, 2, 4, 1, 1, 2, 4, 4, 1, 1, 4, 2, 1, 1, 1, 1, 2, 1, 2, 1, 1, 1, 1, 3, 2, 3, 0, 4, 0, 1, 1, 0, 3, 2, 2, 4, 0, 1, 1, 0, 2, 0, 1, 2, 2, 1, 4, 0, 3, 2, 1, 1, 2, 1, 3, 1, 1, 1, 3, 0, 4, 3, 1, 4, 1, 1, 2, 4, 4, 2, 1, 1, 3, 1, 3, 1, 1, 1, 1, 3, 1, 2, 1, 2, 3, 1, 1, 1, 2, 2, 2, 1, 1]|[0, 2, 1, 1, 3, 3, 0, 1, 0, 0, 0, 0, 1, 0, 1, 0, 0, 3, 1, 0, 0, 0, 3, 1, 0, 2, 0, 0, 0, 1, 0, 0, 0, 0, 3, 0, 1, 0, 0, 2, 1, 1, 2, 0, 0, 0, 0, 1, 1, 0, 0, 0, 1, 3, 0, 0, 1, 0, 0, 1, 0, 2, 0, 1, 0, 2, 1, 0, 0, 1, 1, 3, 0, 1, 3, 3, 1, 0, 0, 2, 0, 0, 0, 0, 1, 0, 0, 0, 1, 0, 1, 2, 0, 1, 1, 0, 0, 0, 0, 0],790.1170626932459,57964.85042440004,88964.63499548077,false
35,G1_CMAX,G1_CMAX,[31, 22, 82, 15, 26, 99, 95, 42, 77, 12, 47, 5, 93, 78, 86, 54, 21, 63, 18, 44, 20, 35, 43, 97, 91, 76, 10, 30, 85, 45, 71, 64, 1, 23, 57, 83, 24, 14, 60, 36, 6, 17, 40, 88, 65, 56, 79, 94, 67, 68, 46, 75, 38, 9, 19, 32, 41, 81, 27, 87, 90, 58, 59, 11, 16, 72, 73, 70, 39, 37, 84, 3, 92, 25, 55, 48, 62, 29, 51, 96, 33, 61, 98, 66, 89, 50, 4, 7, 53, 80, 8, 28, 34, 49, 52, 0, 74, 69, 2, 13]|[1, 1, 0, 1, 1, 0, 1, 1, 2, 1, 2, 2, 2, 1, 1, 0, 0, 1, 0, 2, 2, 0, 1, 2, 0, 1, 2, 2, 0, 0, 1, 2, 1, 2, 1, 0, 2, 0, 1, 1, 0, 1, 1, 1, 0, 2, 1, 1, 0, 0, 0, 0, 1, 1, 2, 1, 0, 2, 0, 2, 1, 0, 1, 2, 1, 2, 1, 1, 1, 1, 1, 1, 0, 1, 2, 0, 0, 0, 2, 2, 2, 1, 2, 2, 1, 0, 1, 2, 0, 0, 1, 0, 2, 0, 1, 0, 2, 1, 0, 0]|[0, 3, 2, 2, 4, 1, 2, 3, 2, 4, 1, 1, 2, 4, 4, 1, 1, 4, 2, 1, 1, 1, 1, 2, 1, 2, 1, 1, 2, 1, 3, 2, 3, 1, 4, 0, 1, 1, 0, 3, 2, 2, 2, 0, 1, 1, 0, 4, 0, 1, 2, 2, 1, 4, 0, 3, 1, 1, 1, 1, 3, 1, 1, 1, 3, 0, 4, 3, 1, 4, 1, 1, 2, 4, 1, 1, 2, 1, 2, 1, 1, 3, 1, 1, 1, 1, 4, 1, 2, 1, 3, 2, 1, 1, 1, 2, 1, 4, 2, 2]|[0, 2, 1, 1, 3, 0, 1, 3, 0, 0, 0, 0, 1, 0, 1, 0, 0, 3, 1, 0, 0, 0, 3, 1, 0, 2, 0, 0, 0, 1, 0, 0, 0, 0, 3, 0, 1, 0, 0, 2, 1, 1, 1, 0, 0, 0, 0, 2, 1, 0, 0, 0, 1, 3, 0, 0, 0, 0, 0, 0, 2, 0, 1, 0, 2, 1, 0, 0, 1, 1, 3, 1, 1, 3, 0, 0, 1, 0, 1, 0, 0, 0, 0, 0, 1, 0, 0, 0, 1, 0, 2, 1, 0, 1, 1, 0, 0, 2, 0, 0],726.9061273463456,57092.60052686413,92996.29751897219,false
35,G4_BALANCED,G4_BALANCED,[31, 22, 82, 15, 26, 9, 95, 42, 77, 68, 47, 5, 93, 78, 86, 54, 85, 63, 18, 44, 20, 49, 36, 14, 74, 50, 53, 17, 21, 28, 11, 64, 3, 23, 30, 83, 24, 41, 40, 52, 65, 27, 90, 70, 39, 87, 48, 69, 99, 4, 46, 1, 13, 58, 19, 59, 45, 8, 73, 37, 35, 79, 71, 66, 76, 32, 60, 80, 96, 6, 16, 61, 33, 7, 57, 34, 12, 0, 10, 98, 56, 88, 43, 75, 91, 38, 84, 92, 29, 97, 51, 72, 55, 25, 89, 81, 94, 2, 62, 67]|[2, 1, 2, 1, 1, 0, 1, 1, 1, 1, 1, 0, 2, 2, 1, 2, 0, 0, 0, 2, 2, 1, 0, 2, 0, 2, 2, 1, 0, 1, 1, 1, 0, 0, 1, 0, 2, 1, 2, 2, 0, 0, 1, 1, 0, 2, 0, 2, 1, 0, 0, 2, 0, 0, 2, 0, 1, 1, 0, 0, 2, 1, 1, 1, 2, 0, 2, 2, 0, 1, 2, 1, 1, 2, 0, 1, 1, 2, 1, 2, 2, 1, 1, 0, 1, 0, 0, 0, 1, 1, 1, 1, 0, 1, 1, 1, 2, 2, 1, 2]|[0, 3, 0, 3, 4, 1, 4, 4, 2, 4, 3, 2, 1, 0, 2, 1, 1, 1, 2, 1, 1, 3, 0, 1, 0, 1, 1, 4, 1, 4, 3, 2, 2, 0, 4, 1, 1, 4, 1, 1, 2, 1, 4, 4, 1, 1, 0, 2, 3, 2, 2, 1, 2, 1, 1, 2, 4, 3, 0, 2, 2, 3, 3, 1, 1, 2, 1, 1, 2, 4, 1, 3, 4, 1, 2, 4, 3, 1, 3, 1, 1, 4, 4, 2, 3, 2, 2, 2, 3, 4, 3, 4, 2, 4, 4, 4, 1, 1, 3, 1]|[0, 2, 0, 0, 3, 0, 1, 3, 0, 0, 2, 0, 1, 0, 1, 0, 0, 0, 1, 0, 0, 2, 0, 0, 1, 0, 0, 3, 0, 1, 0, 2, 0, 0, 3, 0, 1, 3, 0, 0, 0, 0, 1, 3, 0, 0, 1, 0, 2, 0, 0, 0, 0, 1, 1, 0, 1, 0, 1, 1, 0, 2, 0, 2, 0, 0, 0, 0, 0, 2, 0, 0, 1, 0, 0, 1, 0, 0, 3, 0, 0, 1, 2, 0, 0, 0, 0, 0, 3, 1, 0, 2, 0, 3, 1, 2, 0, 0, 0, 0],887.1401620814495,50208.584340193614,104549.4051625019,false
35,G2_TEC,G2_TEC,[31, 22, 82, 15, 26, 9, 95, 42, 77, 68, 47, 5, 93, 78, 86, 54, 85, 63, 18, 44, 20, 49, 36, 14, 74, 50, 53, 17, 21, 28, 11, 64, 3, 23, 30, 83, 24, 41, 40, 52, 65, 27, 90, 70, 39, 87, 48, 69, 99, 4, 75, 1, 13, 58, 97, 59, 45, 8, 73, 37, 35, 79, 71, 66, 76, 32, 60, 80, 56, 6, 67, 61, 33, 7, 57, 34, 12, 16, 10, 98, 96, 88, 43, 46, 91, 38, 84, 92, 29, 19, 51, 55, 81, 89, 25, 72, 94, 2, 0, 62]|[2, 1, 2, 1, 1, 2, 1, 1, 1, 1, 1, 0, 2, 2, 1, 2, 0, 0, 0, 2, 2, 1, 0, 2, 0, 2, 2, 1, 0, 1, 1, 1, 0, 0, 1, 0, 2, 1, 2, 2, 0, 0, 1, 1, 0, 2, 0, 2, 1, 0, 0, 2, 0, 0, 2, 0, 1, 1, 0, 0, 2, 1, 1, 2, 2, 0, 2, 2, 2, 1, 2, 1, 1, 2, 0, 1, 1, 2, 1, 2, 0, 1, 1, 0, 1, 0, 0, 0, 1, 1, 1, 0, 1, 1, 1, 1, 2, 2, 0, 1]|[0, 3, 0, 3, 4, 1, 4, 4, 2, 4, 3, 2, 1, 0, 2, 1, 1, 1, 2, 1, 1, 3, 0, 1, 0, 1, 1, 4, 1, 4, 3, 2, 2, 0, 4, 1, 1, 4, 1, 1, 2, 1, 4, 4, 1, 1, 0, 2, 3, 2, 2, 1, 2, 1, 1, 2, 4, 3, 0, 2, 2, 3, 3, 1, 1, 2, 1, 1, 1, 4, 1, 3, 4, 1, 2, 4, 3, 1, 3, 1, 2, 4, 4, 2, 3, 2, 2, 2, 3, 4, 3, 2, 4, 4, 4, 4, 1, 1, 2, 3]|[0, 2, 0, 0, 3, 0, 1, 3, 0, 0, 2, 0, 1, 0, 1, 0, 0, 0, 1, 0, 0, 2, 0, 0, 1, 0, 0, 3, 0, 1, 0, 2, 0, 0, 3, 0, 1, 1, 0, 0, 0, 0, 1, 3, 0, 0, 1, 0, 2, 0, 0, 0, 0, 0, 1, 0, 1, 0, 1, 1, 0, 2, 0, 0, 0, 0, 0, 0, 0, 2, 0, 0, 1, 0, 0, 1, 0, 0, 3, 0, 0, 1, 2, 0, 0, 0, 0, 0, 3, 1, 0, 0, 2, 1, 3, 1, 0, 0, 0, 0],908.8272556494078,49235.066718390466,107289.32240407266,false
35,G3_TWC,G3_TWC,[31, 22, 82, 15, 26, 58, 95, 42, 77, 12, 47, 5, 93, 78, 98, 54, 85, 63, 18, 44, 20, 35, 43, 97, 91, 76, 10, 30, 21, 45, 71, 64, 1, 23, 17, 83, 24, 14, 60, 36, 6, 57, 94, 88, 65, 56, 79, 40, 67, 68, 46, 75, 38, 9, 19, 32, 81, 41, 27, 62, 87, 90, 99, 59, 11, 16, 72, 73, 70, 39, 37, 84, 3, 92, 25, 55, 28, 29, 51, 7, 33, 61, 86, 48, 89, 50, 69, 96, 53, 80, 4, 8, 34, 49, 52, 0, 13, 2, 66, 74]|[1, 1, 0, 1, 1, 1, 2, 1, 2, 1, 2, 2, 2, 1, 1, 0, 0, 1, 0, 2, 2, 0, 1, 2, 0, 1, 2, 2, 0, 0, 1, 2, 1, 2, 1, 0, 2, 0, 1, 1, 0, 1, 1, 1, 0, 2, 1, 1, 0, 0, 0, 0, 1, 1, 2, 1, 2, 0, 0, 0, 2, 1, 0, 1, 2, 1, 2, 1, 1, 1, 1, 1, 2, 0, 1, 1, 0, 0, 0, 1, 2, 1, 0, 0, 1, 0, 1, 0, 0, 0, 0, 1, 2, 0, 1, 0, 0, 0, 2, 2]|[4, 3, 2, 2, 0, 0, 2, 2, 2, 4, 1, 1, 2, 4, 4, 1, 1, 4, 2, 1, 1, 1, 1, 2, 1, 2, 1, 1, 1, 1, 3, 2, 3, 0, 4, 0, 1, 1, 0, 3, 2, 2, 4, 0, 1, 1, 0, 2, 0, 1, 2, 2, 1, 4, 0, 3, 2, 1, 1, 2, 1, 3, 1, 1, 1, 3, 0, 4, 3, 1, 4, 1, 1, 2, 4, 4, 2, 1, 1, 3, 1, 3, 1, 1, 1, 1, 3, 1, 2, 1, 2, 3, 1, 1, 1, 2, 2, 2, 1, 1]|[0, 2, 1, 1, 3, 3, 0, 1, 0, 0, 0, 0, 1, 0, 1, 0, 0, 3, 1, 0, 0, 0, 3, 1, 0, 2, 0, 0, 0, 1, 0, 0, 0, 0, 3, 0, 1, 0, 0, 2, 1, 1, 2, 0, 0, 0, 0, 1, 1, 0, 0, 0, 1, 3, 0, 0, 1, 0, 0, 1, 0, 2, 0, 1, 0, 2, 1, 0, 0, 1, 1, 3, 0, 1, 3, 3, 1, 0, 0, 2, 0, 0, 0, 0, 1, 0, 0, 0, 1, 0, 1, 2, 0, 1, 1, 0, 0, 0, 0, 0],790.1170626932459,57964.85042440004,88964.63499548077,false
35,G1_CMAX,G1_CMAX,[31, 22, 82, 15, 26, 99, 95, 42, 77, 12, 47, 5, 93, 78, 86, 54, 21, 63, 18, 44, 20, 35, 43, 97, 91, 76, 10, 30, 85, 45, 71, 64, 1, 23, 57, 83, 24, 14, 60, 36, 6, 17, 40, 88, 65, 56, 79, 94, 67, 68, 46, 75, 38, 9, 19, 32, 41, 81, 27, 87, 90, 58, 59, 11, 16, 72, 73, 70, 39, 37, 84, 3, 92, 25, 55, 48, 62, 29, 51, 96, 33, 61, 98, 66, 89, 50, 4, 7, 53, 80, 8, 28, 34, 49, 52, 0, 74, 69, 2, 13]|[1, 1, 0, 1, 1, 0, 1, 1, 2, 1, 2, 2, 2, 1, 1, 0, 0, 1, 0, 2, 2, 0, 1, 2, 0, 1, 2, 2, 0, 0, 1, 2, 1, 2, 1, 0, 2, 0, 1, 1, 0, 1, 1, 1, 0, 2, 1, 1, 0, 0, 0, 0, 1, 1, 2, 1, 0, 2, 0, 2, 1, 0, 1, 2, 1, 2, 1, 1, 1, 1, 1, 1, 0, 1, 2, 0, 0, 0, 2, 2, 2, 1, 2, 2, 1, 0, 1, 2, 0, 0, 1, 0, 2, 0, 1, 0, 2, 1, 0, 0]|[0, 3, 2, 2, 4, 1, 2, 3, 2, 4, 1, 1, 2, 4, 4, 1, 1, 4, 2, 1, 1, 1, 1, 2, 1, 2, 1, 1, 2, 1, 3, 2, 3, 1, 4, 0, 1, 1, 0, 3, 2, 2, 2, 0, 1, 1, 0, 4, 0, 1, 2, 2, 1, 4, 0, 3, 1, 1, 1, 1, 3, 1, 1, 1, 3, 0, 4, 3, 1, 4, 1, 1, 2, 4, 1, 1, 2, 1, 2, 1, 1, 3, 1, 1, 1, 1, 4, 1, 2, 1, 3, 2, 1, 1, 1, 2, 1, 4, 2, 2]|[0, 2, 1, 1, 3, 0, 1, 3, 0, 0, 0, 0, 1, 0, 1, 0, 0, 3, 1, 0, 0, 0, 3, 1, 0, 2, 0, 0, 0, 1, 0, 0, 0, 0, 3, 0, 1, 0, 0, 2, 1, 1, 1, 0, 0, 0, 0, 2, 1, 0, 0, 0, 1, 3, 0, 0, 0, 0, 0, 0, 2, 0, 1, 0, 2, 1, 0, 0, 1, 1, 3, 1, 1, 3, 0, 0, 1, 0, 1, 0, 0, 0, 0, 0, 1, 0, 0, 0, 1, 0, 2, 1, 0, 1, 1, 0, 0, 2, 0, 0],726.9061273463456,57092.60052686413,92996.29751897219,false
35,G4_BALANCED,G4_BALANCED,[31, 22, 82, 15, 26, 9, 95, 42, 77, 68, 47, 5, 93, 78, 86, 54, 85, 63, 18, 44, 20, 49, 36, 14, 74, 50, 53, 17, 21, 28, 11, 64, 3, 23, 30, 83, 24, 41, 40, 52, 65, 27, 90, 70, 39, 87, 48, 69, 99, 4, 46, 1, 13, 58, 19, 59, 45, 8, 73, 37, 35, 79, 71, 66, 76, 32, 60, 80, 96, 6, 16, 61, 33, 7, 57, 34, 12, 0, 10, 98, 56, 88, 43, 75, 91, 38, 84, 92, 29, 97, 51, 72, 55, 25, 89, 81, 94, 2, 62, 67]|[2, 1, 2, 1, 1, 0, 1, 1, 1, 1, 1, 0, 2, 2, 1, 2, 0, 0, 0, 2, 2, 1, 0, 2, 0, 2, 2, 1, 0, 1, 1, 1, 0, 0, 1, 0, 2, 1, 2, 2, 0, 0, 1, 1, 0, 2, 0, 2, 1, 0, 0, 2, 0, 0, 2, 0, 1, 1, 0, 0, 2, 1, 1, 1, 2, 0, 2, 2, 0, 1, 2, 1, 1, 2, 0, 1, 1, 2, 1, 2, 2, 1, 1, 0, 1, 0, 0, 0, 1, 1, 1, 1, 0, 1, 1, 1, 2, 2, 1, 2]|[0, 3, 0, 3, 4, 1, 4, 4, 2, 4, 3, 2, 1, 0, 2, 1, 1, 1, 2, 1, 1, 3, 0, 1, 0, 1, 1, 4, 1, 4, 3, 2, 2, 0, 4, 1, 1, 4, 1, 1, 2, 1, 4, 4, 1, 1, 0, 2, 3, 2, 2, 1, 2, 1, 1, 2, 4, 3, 0, 2, 2, 3, 3, 1, 1, 2, 1, 1, 2, 4, 1, 3, 4, 1, 2, 4, 3, 1, 3, 1, 1, 4, 4, 2, 3, 2, 2, 2, 3, 4, 3, 4, 2, 4, 4, 4, 1, 1, 3, 1]|[0, 2, 0, 0, 3, 0, 1, 3, 0, 0, 2, 0, 1, 0, 1, 0, 0, 0, 1, 0, 0, 2, 0, 0, 1, 0, 0, 3, 0, 1, 0, 2, 0, 0, 3, 0, 1, 3, 0, 0, 0, 0, 1, 3, 0, 0, 1, 0, 2, 0, 0, 0, 0, 1, 1, 0, 1, 0, 1, 1, 0, 2, 0, 2, 0, 0, 0, 0, 0, 2, 0, 0, 1, 0, 0, 1, 0, 0, 3, 0, 0, 1, 2, 0, 0, 0, 0, 0, 3, 1, 0, 2, 0, 3, 1, 2, 0, 0, 0, 0],887.1401620814495,50208.584340193614,104549.4051625019,false
35,G2_TEC,G2_TEC,[31, 22, 82, 15, 26, 9, 95, 42, 77, 68, 47, 5, 93, 78, 86, 54, 85, 63, 18, 44, 20, 49, 36, 14, 74, 50, 53, 17, 21, 28, 11, 64, 3, 23, 30, 83, 24, 41, 40, 52, 65, 27, 90, 70, 39, 87, 48, 69, 99, 4, 75, 1, 13, 58, 97, 59, 45, 8, 73, 37, 35, 79, 71, 66, 76, 32, 60, 80, 56, 6, 67, 61, 33, 7, 57, 34, 12, 16, 10, 98, 96, 88, 43, 46, 91, 38, 84, 92, 29, 19, 51, 55, 81, 89, 25, 72, 94, 2, 0, 62]|[2, 1, 2, 1, 1, 2, 1, 1, 1, 1, 1, 0, 2, 2, 1, 2, 0, 0, 0, 2, 2, 1, 0, 2, 0, 2, 2, 1, 0, 1, 1, 1, 0, 0, 1, 0, 2, 1, 2, 2, 0, 0, 1, 1, 0, 2, 0, 2, 1, 0, 0, 2, 0, 0, 2, 0, 1, 1, 0, 0, 2, 1, 1, 2, 2, 0, 2, 2, 2, 1, 2, 1, 1, 2, 0, 1, 1, 2, 1, 2, 0, 1, 1, 0, 1, 0, 0, 0, 1, 1, 1, 0, 1, 1, 1, 1, 2, 2, 0, 1]|[0, 3, 0, 3, 4, 1, 4, 4, 2, 4, 3, 2, 1, 0, 2, 1, 1, 1, 2, 1, 1, 3, 0, 1, 0, 1, 1, 4, 1, 4, 3, 2, 2, 0, 4, 1, 1, 4, 1, 1, 2, 1, 4, 4, 1, 1, 0, 2, 3, 2, 2, 1, 2, 1, 1, 2, 4, 3, 0, 2, 2, 3, 3, 1, 1, 2, 1, 1, 1, 4, 1, 3, 4, 1, 2, 4, 3, 1, 3, 1, 2, 4, 4, 2, 3, 2, 2, 2, 3, 4, 3, 2, 4, 4, 4, 4, 1, 1, 2, 3]|[0, 2, 0, 0, 3, 0, 1, 3, 0, 0, 2, 0, 1, 0, 1, 0, 0, 0, 1, 0, 0, 2, 0, 0, 1, 0, 0, 3, 0, 1, 0, 2, 0, 0, 3, 0, 1, 1, 0, 0, 0, 0, 1, 3, 0, 0, 1, 0, 2, 0, 0, 0, 0, 0, 1, 0, 1, 0, 1, 1, 0, 2, 0, 0, 0, 0, 0, 0, 0, 2, 0, 0, 1, 0, 0, 1, 0, 0, 3, 0, 0, 1, 2, 0, 0, 0, 0, 0, 3, 1, 0, 0, 2, 1, 3, 1, 0, 0, 0, 0],908.8272556494078,49235.066718390466,107289.32240407266,false
35,G3_TWC,G3_TWC,[31, 22, 82, 15, 26, 58, 95, 42, 77, 12, 47, 5, 93, 78, 98, 54, 85, 63, 18, 44, 20, 35, 43, 97, 91, 76, 10, 30, 21, 45, 71, 64, 1, 23, 17, 83, 24, 14, 60, 36, 6, 57, 94, 88, 65, 56, 79, 40, 67, 68, 46, 75, 38, 9, 19, 32, 81, 41, 27, 62, 87, 90, 99, 59, 11, 16, 72, 73, 70, 39, 37, 84, 3, 92, 25, 55, 28, 29, 51, 7, 33, 61, 86, 48, 89, 50, 69, 96, 53, 80, 4, 8, 34, 49, 52, 0, 13, 2, 66, 74]|[1, 1, 0, 1, 1, 1, 2, 1, 2, 1, 2, 2, 2, 1, 1, 0, 0, 1, 0, 2, 2, 0, 1, 2, 0, 1, 2, 2, 0, 0, 1, 2, 1, 2, 1, 0, 2, 0, 1, 1, 0, 1, 1, 1, 0, 2, 1, 1, 0, 0, 0, 0, 1, 1, 2, 1, 2, 0, 0, 0, 2, 1, 0, 1, 2, 1, 2, 1, 1, 1, 1, 1, 2, 0, 1, 1, 0, 0, 0, 1, 2, 1, 0, 0, 1, 0, 1, 0, 0, 0, 0, 1, 2, 0, 1, 0, 0, 0, 2, 2]|[4, 3, 2, 2, 0, 0, 2, 2, 2, 4, 1, 1, 2, 4, 4, 1, 1, 4, 2, 1, 1, 1, 1, 2, 1, 2, 1, 1, 1, 1, 3, 2, 3, 0, 4, 0, 1, 1, 0, 3, 2, 2, 4, 0, 1, 1, 0, 2, 0, 1, 2, 2, 1, 4, 0, 3, 2, 1, 1, 2, 1, 3, 1, 1, 1, 3, 0, 4, 3, 1, 4, 1, 1, 2, 4, 4, 2, 1, 1, 3, 1, 3, 1, 1, 1, 1, 3, 1, 2, 1, 2, 3, 1, 1, 1, 2, 2, 2, 1, 1]|[0, 2, 1, 1, 3, 3, 0, 1, 0, 0, 0, 0, 1, 0, 1, 0, 0, 3, 1, 0, 0, 0, 3, 1, 0, 2, 0, 0, 0, 1, 0, 0, 0, 0, 3, 0, 1, 0, 0, 2, 1, 1, 2, 0, 0, 0, 0, 1, 1, 0, 0, 0, 1, 3, 0, 0, 1, 0, 0, 1, 0, 2, 0, 1, 0, 2, 1, 0, 0, 1, 1, 3, 0, 1, 3, 3, 1, 0, 0, 2, 0, 0, 0, 0, 1, 0, 0, 0, 1, 0, 1, 2, 0, 1, 1, 0, 0, 0, 0, 0],790.1170626932459,57964.85042440004,88964.63499548077,false
35,G1_CMAX,G3_TWC,[31, 22, 82, 15, 26, 58, 95, 42, 77, 12, 47, 5, 93, 78, 98, 54, 85, 63, 18, 44, 20, 35, 43, 97, 91, 76, 10, 30, 21, 45, 71, 64, 1, 23, 17, 83, 24, 14, 60, 36, 6, 57, 94, 88, 65, 56, 79, 40, 67, 68, 46, 75, 38, 9, 19, 32, 41, 81, 27, 87, 90, 62, 99, 59, 11, 16, 72, 73, 70, 39, 37, 84, 3, 92, 25, 55, 28, 29, 51, 7, 33, 61, 86, 66, 89, 50, 4, 96, 53, 80, 8, 48, 34, 49, 52, 0, 13, 2, 74, 69]|[1, 1, 0, 1, 1, 1, 2, 1, 2, 1, 2, 2, 2, 1, 1, 0, 0, 1, 0, 2, 2, 0, 1, 2, 0, 1, 2, 2, 0, 0, 1, 2, 1, 2, 1, 0, 2, 0, 1, 1, 0, 1, 1, 1, 0, 2, 1, 1, 0, 0, 0, 0, 1, 1, 2, 1, 0, 2, 0, 2, 1, 0, 0, 1, 2, 1, 2, 1, 1, 1, 1, 1, 2, 0, 1, 1, 0, 0, 0, 1, 2, 1, 0, 2, 1, 0, 0, 0, 0, 0, 1, 0, 2, 0, 1, 0, 0, 0, 2, 1]|[4, 3, 2, 2, 4, 0, 2, 2, 2, 4, 1, 1, 2, 4, 4, 1, 1, 4, 2, 1, 1, 1, 1, 2, 1, 2, 1, 1, 2, 1, 3, 2, 3, 0, 4, 0, 1, 1, 0, 3, 2, 2, 2, 0, 1, 1, 0, 4, 0, 1, 2, 2, 1, 4, 0, 3, 1, 2, 1, 1, 3, 2, 1, 1, 1, 3, 0, 4, 3, 1, 4, 1, 1, 2, 4, 4, 2, 1, 1, 3, 1, 3, 1, 1, 1, 1, 2, 1, 2, 1, 3, 1, 1, 1, 1, 2, 2, 2, 1, 3]|[0, 2, 1, 1, 3, 3, 0, 1, 0, 0, 0, 0, 1, 0, 1, 0, 0, 3, 1, 0, 0, 0, 3, 1, 0, 2, 0, 0, 0, 1, 0, 0, 0, 0, 3, 0, 1, 0, 0, 2, 1, 1, 1, 0, 0, 0, 0, 2, 1, 0, 0, 0, 1, 3, 0, 0, 0, 1, 0, 0, 2, 1, 0, 1, 0, 2, 1, 0, 0, 1, 1, 3, 0, 1, 3, 3, 1, 0, 0, 2, 0, 0, 0, 0, 1, 0, 1, 0, 1, 0, 2, 0, 0, 1, 1, 0, 0, 0, 0, 0],792.5112627999162,57528.50696550536,90933.51080244884,true
35,G4_BALANCED,G4_BALANCED,[31, 22, 82, 15, 26, 9, 95, 42, 77, 68, 47, 5, 93, 78, 86, 54, 85, 63, 18, 44, 20, 49, 36, 14, 74, 50, 53, 17, 21, 28, 11, 64, 3, 23, 30, 83, 24, 41, 40, 52, 65, 27, 90, 70, 39, 87, 48, 69, 99, 4, 46, 1, 13, 58, 19, 59, 45, 8, 73, 37, 35, 79, 71, 66, 76, 32, 60, 80, 96, 6, 16, 61, 33, 7, 57, 34, 12, 0, 10, 98, 56, 88, 43, 75, 91, 38, 84, 92, 29, 97, 51, 72, 55, 25, 89, 81, 94, 2, 62, 67]|[2, 1, 2, 1, 1, 0, 1, 1, 1, 1, 1, 0, 2, 2, 1, 2, 0, 0, 0, 2, 2, 1, 0, 2, 0, 2, 2, 1, 0, 1, 1, 1, 0, 0, 1, 0, 2, 1, 2, 2, 0, 0, 1, 1, 0, 2, 0, 2, 1, 0, 0, 2, 0, 0, 2, 0, 1, 1, 0, 0, 2, 1, 1, 1, 2, 0, 2, 2, 0, 1, 2, 1, 1, 2, 0, 1, 1, 2, 1, 2, 2, 1, 1, 0, 1, 0, 0, 0, 1, 1, 1, 1, 0, 1, 1, 1, 2, 2, 1, 2]|[0, 3, 0, 3, 4, 1, 4, 4, 2, 4, 3, 2, 1, 0, 2, 1, 1, 1, 2, 1, 1, 3, 0, 1, 0, 1, 1, 4, 1, 4, 3, 2, 2, 0, 4, 1, 1, 4, 1, 1, 2, 1, 4, 4, 1, 1, 0, 2, 3, 2, 2, 1, 2, 1, 1, 2, 4, 3, 0, 2, 2, 3, 3, 1, 1, 2, 1, 1, 2, 4, 1, 3, 4, 1, 2, 4, 3, 1, 3, 1, 1, 4, 4, 2, 3, 2, 2, 2, 3, 4, 3, 4, 2, 4, 4, 4, 1, 1, 3, 1]|[0, 2, 0, 0, 3, 0, 1, 3, 0, 0, 2, 0, 1, 0, 1, 0, 0, 0, 1, 0, 0, 2, 0, 0, 1, 0, 0, 3, 0, 1, 0, 2, 0, 0, 3, 0, 1, 3, 0, 0, 0, 0, 1, 3, 0, 0, 1, 0, 2, 0, 0, 0, 0, 1, 1, 0, 1, 0, 1, 1, 0, 2, 0, 2, 0, 0, 0, 0, 0, 2, 0, 0, 1, 0, 0, 1, 0, 0, 3, 0, 0, 1, 2, 0, 0, 0, 0, 0, 3, 1, 0, 2, 0, 3, 1, 2, 0, 0, 0, 0],887.1401620814495,50208.584340193614,104549.4051625019,false
35,G2_TEC,G2_TEC,[31, 22, 82, 15, 26, 9, 95, 42, 77, 68, 47, 5, 93, 78, 86, 54, 85, 63, 18, 44, 20, 49, 36, 14, 74, 50, 53, 17, 21, 28, 11, 64, 3, 23, 30, 83, 24, 41, 40, 52, 65, 27, 90, 70, 39, 87, 48, 69, 99, 4, 75, 1, 13, 58, 97, 59, 45, 8, 73, 37, 35, 79, 71, 66, 76, 32, 60, 80, 56, 6, 67, 61, 33, 7, 57, 34, 12, 16, 10, 98, 96, 88, 43, 46, 91, 38, 84, 92, 29, 19, 51, 55, 81, 89, 25, 72, 94, 2, 0, 62]|[2, 1, 2, 1, 1, 2, 1, 1, 1, 1, 1, 0, 2, 2, 1, 2, 0, 0, 0, 2, 2, 1, 0, 2, 0, 2, 2, 1, 0, 1, 1, 1, 0, 0, 1, 0, 2, 1, 2, 2, 0, 0, 1, 1, 0, 2, 0, 2, 1, 0, 0, 2, 0, 0, 2, 0, 1, 1, 0, 0, 2, 1, 1, 2, 2, 0, 2, 2, 2, 1, 2, 1, 1, 2, 0, 1, 1, 2, 1, 2, 0, 1, 1, 0, 1, 0, 0, 0, 1, 1, 1, 0, 1, 1, 1, 1, 2, 2, 0, 1]|[0, 3, 0, 3, 4, 1, 4, 4, 2, 4, 3, 2, 1, 0, 2, 1, 1, 1, 2, 1, 1, 3, 0, 1, 0, 1, 1, 4, 1, 4, 3, 2, 2, 0, 4, 1, 1, 4, 1, 1, 2, 1, 4, 4, 1, 1, 0, 2, 3, 2, 2, 1, 2, 1, 1, 2, 4, 3, 0, 2, 2, 3, 3, 1, 1, 2, 1, 1, 1, 4, 1, 3, 4, 1, 2, 4, 3, 1, 3, 1, 2, 4, 4, 2, 3, 2, 2, 2, 3, 4, 3, 2, 4, 4, 4, 4, 1, 1, 2, 3]|[0, 2, 0, 0, 3, 0, 1, 3, 0, 0, 2, 0, 1, 0, 1, 0, 0, 0, 1, 0, 0, 2, 0, 0, 1, 0, 0, 3, 0, 1, 0, 2, 0, 0, 3, 0, 1, 1, 0, 0, 0, 0, 1, 3, 0, 0, 1, 0, 2, 0, 0, 0, 0, 0, 1, 0, 1, 0, 1, 1, 0, 2, 0, 0, 0, 0, 0, 0, 0, 2, 0, 0, 1, 0, 0, 1, 0, 0, 3, 0, 0, 1, 2, 0, 0, 0, 0, 0, 3, 1, 0, 0, 2, 1, 3, 1, 0, 0, 0, 0],908.8272556494078,49235.066718390466,107289.32240407266,false
35,G3_TWC,G3_TWC,[31, 22, 82, 15, 26, 58, 95, 42, 77, 12, 47, 5, 93, 78, 98, 54, 85, 63, 18, 44, 20, 35, 43, 97, 91, 76, 10, 30, 21, 45, 71, 64, 1, 23, 17, 83, 24, 14, 60, 36, 6, 57, 94, 88, 65, 56, 79, 40, 67, 68, 46, 75, 38, 9, 19, 32, 81, 41, 27, 62, 87, 90, 99, 59, 11, 16, 72, 73, 70, 39, 37, 84, 3, 92, 25, 55, 28, 29, 51, 7, 33, 61, 86, 48, 89, 50, 69, 96, 53, 80, 4, 8, 34, 49, 52, 0, 13, 2, 66, 74]|[1, 1, 0, 1, 1, 1, 2, 1, 2, 1, 2, 2, 2, 1, 1, 0, 0, 1, 0, 2, 2, 0, 1, 2, 0, 1, 2, 2, 0, 0, 1, 2, 1, 2, 1, 0, 2, 0, 1, 1, 0, 1, 1, 1, 0, 2, 1, 1, 0, 0, 0, 0, 1, 1, 2, 1, 2, 0, 0, 0, 2, 1, 0, 1, 2, 1, 2, 1, 1, 1, 1, 1, 2, 0, 1, 1, 0, 0, 0, 1, 2, 1, 0, 0, 1, 0, 1, 0, 0, 0, 0, 1, 2, 0, 1, 0, 0, 0, 2, 2]|[4, 3, 2, 2, 0, 0, 2, 2, 2, 4, 1, 1, 2, 4, 4, 1, 1, 4, 2, 1, 1, 1, 1, 2, 1, 2, 1, 1, 1, 1, 3, 2, 3, 0, 4, 0, 1, 1, 0, 3, 2, 2, 4, 0, 1, 1, 0, 2, 0, 1, 2, 2, 1, 4, 0, 3, 2, 1, 1, 2, 1, 3, 1, 1, 1, 3, 0, 4, 3, 1, 4, 1, 1, 2, 4, 4, 2, 1, 1, 3, 1, 3, 1, 1, 1, 1, 3, 1, 2, 1, 2, 3, 1, 1, 1, 2, 2, 2, 1, 1]|[0, 2, 1, 1, 3, 3, 0, 1, 0, 0, 0, 0, 1, 0, 1, 0, 0, 3, 1, 0, 0, 0, 3, 1, 0, 2, 0, 0, 0, 1, 0, 0, 0, 0, 3, 0, 1, 0, 0, 2, 1, 1, 2, 0, 0, 0, 0, 1, 1, 0, 0, 0, 1, 3, 0, 0, 1, 0, 0, 1, 0, 2, 0, 1, 0, 2, 1, 0, 0, 1, 1, 3, 0, 1, 3, 3, 1, 0, 0, 2, 0, 0, 0, 0, 1, 0, 0, 0, 1, 0, 1, 2, 0, 1, 1, 0, 0, 0, 0, 0],790.1170626932459,57964.85042440004,88964.63499548077,false
35,G1_CMAX,G3_TWC,[31, 22, 82, 15, 26, 58, 95, 42, 77, 12, 47, 5, 93, 78, 98, 54, 85, 63, 18, 44, 20, 35, 43, 97, 91, 76, 10, 30, 21, 45, 71, 64, 1, 23, 17, 83, 24, 14, 60, 36, 6, 57, 94, 88, 65, 56, 79, 40, 67, 68, 46, 75, 38, 9, 19, 32, 81, 41, 27, 62, 87, 90, 99, 59, 11, 16, 72, 73, 70, 39, 37, 84, 3, 92, 25, 55, 28, 29, 51, 96, 50, 61, 7, 66, 89, 33, 86, 69, 53, 80, 4, 8, 34, 49, 52, 0, 13, 2, 48, 74]|[1, 1, 0, 1, 1, 1, 2, 1, 2, 1, 2, 2, 2, 1, 1, 0, 0, 1, 0, 2, 2, 0, 1, 2, 0, 1, 2, 2, 0, 0, 1, 2, 1, 2, 1, 0, 2, 0, 1, 1, 0, 1, 1, 1, 0, 2, 1, 1, 0, 0, 0, 0, 1, 1, 2, 1, 2, 0, 0, 0, 2, 1, 0, 1, 2, 1, 2, 1, 1, 1, 1, 1, 2, 0, 1, 1, 1, 0, 0, 2, 2, 1, 1, 0, 1, 0, 0, 1, 0, 0, 0, 1, 2, 0, 1, 0, 0, 0, 1, 2]|[4, 3, 2, 2, 0, 0, 2, 2, 2, 4, 1, 1, 2, 4, 4, 1, 1, 4, 2, 1, 1, 1, 1, 2, 1, 2, 1, 1, 1, 1, 3, 2, 3, 0, 4, 0, 1, 1, 0, 3, 2, 2, 4, 0, 1, 1, 0, 2, 0, 1, 2, 2, 1, 4, 0, 3, 2, 1, 1, 2, 1, 3, 1, 1, 1, 3, 0, 4, 3, 1, 4, 1, 1, 2, 4, 4, 3, 1, 1, 1, 1, 3, 3, 1, 1, 1, 1, 3, 2, 1, 2, 3, 1, 1, 1, 2, 2, 2, 4, 1]|[0, 2, 1, 1, 3, 3, 0, 1, 0, 0, 0, 0, 1, 0, 1, 0, 0, 3, 1, 0, 0, 0, 3, 1, 0, 2, 0, 0, 0, 1, 0, 0, 0, 0, 3, 0, 1, 0, 0, 2, 1, 1, 2, 0, 0, 0, 0, 1, 1, 0, 0, 0, 1, 3, 0, 0, 1, 0, 0, 1, 0, 2, 0, 1, 0, 2, 1, 0, 0, 1, 1, 3, 0, 1, 3, 3, 0, 0, 0, 0, 0, 0, 2, 0, 1, 0, 0, 0, 1, 0, 1, 2, 0, 1, 1, 0, 0, 0, 3, 0],740.059157056214,57907.53779160026,91290.71913715142,true
35,G4_BALANCED,G4_BALANCED,[31, 11, 82, 15, 26, 9, 95, 42, 77, 68, 47, 5, 93, 78, 86, 54, 85, 63, 18, 44, 20, 49, 36, 14, 74, 50, 53, 17, 21, 45, 71, 64, 3, 23, 30, 83, 24, 41, 60, 52, 65, 27, 90, 70, 39, 87, 48, 69, 99, 4, 46, 1, 13, 58, 97, 59, 28, 75, 73, 37, 35, 79, 22, 66, 76, 32, 40, 80, 96, 6, 61, 16, 33, 7, 57, 34, 12, 67, 10, 98, 56, 88, 29, 8, 91, 38, 19, 92, 0, 84, 51, 72, 81, 89, 25, 55, 94, 2, 43, 62]|[2, 1, 2, 1, 1, 2, 1, 1, 1, 1, 1, 0, 2, 2, 1, 2, 0, 0, 0, 2, 2, 1, 0, 2, 0, 2, 2, 1, 0, 1, 1, 1, 0, 0, 1, 0, 2, 1, 2, 2, 0, 0, 1, 1, 0, 2, 0, 2, 1, 0, 0, 2, 0, 0, 2, 0, 1, 1, 0, 0, 2, 1, 0, 1, 2, 0, 2, 2, 0, 1, 1, 2, 1, 2, 0, 1, 1, 1, 1, 2, 2, 1, 1, 0, 1, 0, 1, 0, 0, 0, 1, 1, 1, 1, 1, 0, 2, 2, 1, 1]|[0, 3, 0, 2, 4, 1, 4, 4, 2, 4, 3, 2, 1, 0, 2, 1, 1, 1, 2, 1, 1, 3, 0, 1, 0, 1, 1, 4, 1, 4, 3, 2, 2, 0, 4, 1, 1, 4, 0, 1, 2, 1, 4, 4, 1, 1, 0, 2, 3, 1, 2, 1, 2, 1, 1, 2, 4, 3, 0, 2, 2, 3, 1, 1, 1, 2, 0, 1, 2, 4, 3, 1, 4, 1, 2, 4, 3, 3, 3, 1, 1, 4, 3, 2, 3, 2, 4, 2, 2, 2, 3, 4, 4, 4, 4, 2, 1, 1, 4, 3]|[0, 2, 0, 1, 3, 0, 1, 3, 0, 0, 2, 0, 1, 0, 1, 0, 0, 0, 1, 0, 0, 2, 0, 0, 1, 0, 0, 3, 0, 1, 0, 2, 0, 1, 3, 0, 1, 3, 0, 0, 0, 0, 1, 3, 0, 0, 1, 0, 2, 0, 0, 0, 0, 0, 1, 0, 1, 0, 1, 1, 0, 2, 0, 2, 0, 0, 0, 0, 0, 2, 0, 0, 1, 0, 0, 1, 0, 0, 3, 0, 0, 1, 0, 0, 0, 0, 3, 0, 0, 0, 0, 2, 1, 1, 3, 0, 0, 0, 2, 0],851.3950062933596,51439.941474506384,111583.71672538936,false
35,G2_TEC,G2_TEC,[31, 22, 82, 15, 26, 9, 95, 42, 77, 68, 47, 5, 93, 78, 86, 54, 85, 63, 18, 44, 20, 49, 36, 14, 74, 50, 53, 17, 21, 28, 11, 64, 3, 23, 30, 83, 24, 41, 40, 52, 65, 27, 90, 70, 39, 87, 48, 69, 99, 4, 75, 1, 13, 58, 97, 59, 45, 8, 73, 37, 35, 79, 71, 66, 76, 32, 60, 80, 56, 6, 67, 61, 33, 7, 57, 34, 12, 16, 10, 98, 96, 88, 43, 46, 91, 38, 84, 92, 29, 19, 51, 55, 81, 89, 25, 72, 94, 2, 0, 62]|[2, 1, 2, 1, 1, 2, 1, 1, 1, 1, 1, 0, 2, 2, 1, 2, 0, 0, 0, 2, 2, 1, 0, 2, 0, 2, 2, 1, 0, 1, 1, 1, 0, 0, 1, 0, 2, 1, 2, 2, 0, 0, 1, 1, 0, 2, 0, 2, 1, 0, 0, 2, 0, 0, 2, 0, 1, 1, 0, 0, 2, 1, 1, 2, 2, 0, 2, 2, 2, 1, 2, 1, 1, 2, 0, 1, 1, 2, 1, 2, 0, 1, 1, 0, 1, 0, 0, 0, 1, 1, 1, 0, 1, 1, 1, 1, 2, 2, 0, 1]|[0, 3, 0, 3, 4, 1, 4, 4, 2, 4, 3, 2, 1, 0, 2, 1, 1, 1, 2, 1, 1, 3, 0, 1, 0, 1, 1, 4, 1, 4, 3, 2, 2, 0, 4, 1, 1, 4, 1, 1, 2, 1, 4, 4, 1, 1, 0, 2, 3, 2, 2, 1, 2, 1, 1, 2, 4, 3, 0, 2, 2, 3, 3, 1, 1, 2, 1, 1, 1, 4, 1, 3, 4, 1, 2, 4, 3, 1, 3, 1, 2, 4, 4, 2, 3, 2, 2, 2, 3, 4, 3, 2, 4, 4, 4, 4, 1, 1, 2, 3]|[0, 2, 0, 0, 3, 0, 1, 3, 0, 0, 2, 0, 1, 0, 1, 0, 0, 0, 1, 0, 0, 2, 0, 0, 1, 0, 0, 3, 0, 1, 0, 2, 0, 0, 3, 0, 1, 1, 0, 0, 0, 0, 1, 3, 0, 0, 1, 0, 2, 0, 0, 0, 0, 0, 1, 0, 1, 0, 1, 1, 0, 2, 0, 0, 0, 0, 0, 0, 0, 2, 0, 0, 1, 0, 0, 1, 0, 0, 3, 0, 0, 1, 2, 0, 0, 0, 0, 0, 3, 1, 0, 0, 2, 1, 3, 1, 0, 0, 0, 0],908.8272556494078,49235.066718390466,107289.32240407266,false
35,G3_TWC,G3_TWC,[31, 22, 82, 15, 26, 58, 95, 42, 77, 12, 47, 5, 93, 78, 98, 54, 85, 63, 18, 44, 20, 35, 43, 97, 91, 76, 10, 30, 21, 45, 71, 64, 1, 23, 17, 83, 24, 14, 60, 36, 6, 57, 94, 88, 65, 56, 79, 40, 67, 68, 46, 75, 38, 9, 19, 32, 81, 41, 27, 62, 87, 90, 99, 59, 11, 16, 72, 73, 70, 39, 37, 84, 3, 92, 25, 55, 28, 29, 51, 7, 33, 61, 86, 48, 89, 50, 69, 96, 53, 80, 4, 8, 34, 49, 52, 0, 13, 2, 66, 74]|[1, 1, 0, 1, 1, 1, 2, 1, 2, 1, 2, 2, 2, 1, 1, 0, 0, 1, 0, 2, 2, 0, 1, 2, 0, 1, 2, 2, 0, 0, 1, 2, 1, 2, 1, 0, 2, 0, 1, 1, 0, 1, 1, 1, 0, 2, 1, 1, 0, 0, 0, 0, 1, 1, 2, 1, 2, 0, 0, 0, 2, 1, 0, 1, 2, 1, 2, 1, 1, 1, 1, 1, 2, 0, 1, 1, 0, 0, 0, 1, 2, 1, 0, 0, 1, 0, 1, 0, 0, 0, 0, 1, 2, 0, 1, 0, 0, 0, 2, 2]|[4, 3, 2, 2, 0, 0, 2, 2, 2, 4, 1, 1, 2, 4, 4, 1, 1, 4, 2, 1, 1, 1, 1, 2, 1, 2, 1, 1, 1, 1, 3, 2, 3, 0, 4, 0, 1, 1, 0, 3, 2, 2, 4, 0, 1, 1, 0, 2, 0, 1, 2, 2, 1, 4, 0, 3, 2, 1, 1, 2, 1, 3, 1, 1, 1, 3, 0, 4, 3, 1, 4, 1, 1, 2, 4, 4, 2, 1, 1, 3, 1, 3, 1, 1, 1, 1, 3, 1, 2, 1, 2, 3, 1, 1, 1, 2, 2, 2, 1, 1]|[0, 2, 1, 1, 3, 3, 0, 1, 0, 0, 0, 0, 1, 0, 1, 0, 0, 3, 1, 0, 0, 0, 3, 1, 0, 2, 0, 0, 0, 1, 0, 0, 0, 0, 3, 0, 1, 0, 0, 2, 1, 1, 2, 0, 0, 0, 0, 1, 1, 0, 0, 0, 1, 3, 0, 0, 1, 0, 0, 1, 0, 2, 0, 1, 0, 2, 1, 0, 0, 1, 1, 3, 0, 1, 3, 3, 1, 0, 0, 2, 0, 0, 0, 0, 1, 0, 0, 0, 1, 0, 1, 2, 0, 1, 1, 0, 0, 0, 0, 0],790.1170626932459,57964.85042440004,88964.63499548077,false
35,G1_CMAX,G3_TWC,[31, 22, 82, 15, 26, 58, 95, 42, 77, 12, 47, 5, 93, 78, 98, 54, 85, 63, 18, 44, 20, 35, 43, 97, 91, 76, 10, 30, 21, 45, 71, 64, 1, 23, 17, 83, 24, 14, 60, 36, 6, 57, 94, 88, 65, 56, 79, 40, 67, 68, 46, 75, 38, 9, 19, 32, 81, 41, 27, 62, 87, 90, 99, 59, 11, 16, 72, 73, 70, 39, 37, 84, 3, 92, 25, 55, 28, 29, 51, 96, 50, 61, 7, 66, 89, 33, 86, 69, 53, 80, 4, 8, 34, 49, 52, 0, 13, 2, 48, 74]|[1, 1, 0, 1, 1, 1, 2, 1, 2, 1, 2, 2, 2, 1, 1, 0, 0, 1, 0, 2, 2, 0, 1, 2, 0, 1, 2, 2, 0, 0, 1, 2, 1, 2, 1, 0, 2, 0, 1, 1, 0, 1, 1, 1, 0, 2, 1, 1, 0, 0, 0, 0, 1, 1, 2, 1, 2, 0, 0, 0, 2, 1, 0, 1, 2, 1, 2, 1, 1, 1, 1, 1, 2, 0, 1, 1, 1, 0, 0, 2, 2, 1, 1, 0, 1, 0, 0, 1, 0, 0, 0, 1, 2, 0, 1, 0, 0, 0, 1, 2]|[4, 3, 2, 2, 0, 0, 2, 2, 2, 4, 1, 1, 2, 4, 4, 1, 1, 4, 2, 1, 1, 1, 1, 2, 1, 2, 1, 1, 1, 1, 3, 2, 3, 0, 4, 0, 1, 1, 0, 3, 2, 2, 4, 0, 1, 1, 0, 2, 0, 1, 2, 2, 1, 4, 0, 3, 2, 1, 1, 2, 1, 3, 1, 1, 1, 3, 0, 4, 3, 1, 4, 1, 1, 2, 4, 4, 3, 1, 1, 1, 1, 3, 3, 1, 1, 1, 1, 3, 2, 1, 2, 3, 1, 1, 1, 2, 2, 2, 4, 1]|[0, 2, 1, 1, 3, 3, 0, 1, 0, 0, 0, 0, 1, 0, 1, 0, 0, 3, 1, 0, 0, 0, 3, 1, 0, 2, 0, 0, 0, 1, 0, 0, 0, 0, 3, 0, 1, 0, 0, 2, 1, 1, 2, 0, 0, 0, 0, 1, 1, 0, 0, 0, 1, 3, 0, 0, 1, 0, 0, 1, 0, 2, 0, 1, 0, 2, 1, 0, 0, 1, 1, 3, 0, 1, 3, 3, 0, 0, 0, 0, 0, 0, 2, 0, 1, 0, 0, 0, 1, 0, 1, 2, 0, 1, 1, 0, 0, 0, 3, 0],740.059157056214,57907.53779160026,91290.71913715142,true
35,G4_BALANCED,G4_BALANCED,[31, 11, 15, 82, 26, 9, 95, 32, 77, 68, 47, 5, 93, 78, 86, 54, 85, 63, 18, 44, 20, 49, 36, 14, 74, 50, 53, 17, 21, 45, 71, 64, 3, 23, 30, 83, 24, 41, 60, 52, 65, 27, 90, 70, 39, 87, 48, 69, 99, 4, 46, 1, 13, 58, 97, 59, 28, 75, 73, 37, 35, 79, 22, 66, 76, 42, 40, 80, 96, 6, 16, 61, 33, 7, 57, 34, 12, 67, 10, 98, 56, 88, 29, 94, 91, 51, 19, 92, 43, 84, 38, 72, 81, 8, 2, 55, 62, 89, 25, 0]|[2, 1, 1, 2, 1, 2, 1, 1, 1, 1, 1, 0, 2, 2, 1, 2, 0, 0, 0, 2, 2, 1, 0, 2, 0, 2, 2, 1, 0, 1, 1, 1, 0, 0, 1, 0, 2, 1, 2, 2, 0, 0, 1, 1, 0, 2, 0, 2, 1, 0, 0, 2, 0, 0, 2, 0, 1, 0, 0, 0, 2, 1, 0, 2, 2, 0, 2, 2, 0, 1, 2, 1, 1, 2, 0, 1, 1, 1, 1, 2, 2, 1, 1, 2, 1, 1, 1, 0, 1, 0, 0, 1, 1, 1, 2, 0, 1, 1, 1, 0]|[1, 3, 2, 0, 4, 1, 4, 4, 2, 4, 3, 2, 1, 0, 2, 1, 1, 1, 2, 1, 1, 3, 0, 1, 0, 1, 1, 4, 1, 4, 3, 2, 2, 0, 4, 1, 1, 4, 0, 1, 2, 1, 4, 4, 1, 1, 0, 2, 3, 1, 2, 1, 2, 1, 1, 2, 4, 2, 0, 2, 2, 3, 1, 0, 1, 2, 0, 1, 2, 4, 1, 3, 4, 1, 2, 4, 3, 3, 3, 1, 1, 4, 3, 1, 3, 3, 4, 2, 4, 2, 2, 4, 1, 3, 1, 2, 3, 4, 4, 2]|[1, 2, 1, 0, 3, 0, 1, 3, 0, 0, 2, 0, 1, 0, 1, 0, 0, 0, 1, 0, 0, 2, 0, 0, 1, 0, 0, 3, 0, 1, 0, 2, 0, 1, 3, 0, 1, 3, 1, 0, 0, 0, 1, 3, 0, 0, 1, 0, 2, 0, 0, 0, 0, 0, 1, 0, 1, 0, 1, 1, 0, 2, 0, 0, 0, 0, 0, 0, 0, 2, 0, 0, 1, 0, 0, 1, 0, 0, 3, 0, 0, 1, 0, 0, 0, 0, 3, 0, 2, 0, 0, 2, 1, 0, 0, 0, 0, 1, 3, 0],836.569815134707,52504.092339752446,107095.57005228325,false
35,G2_TEC,G2_TEC,[31, 22, 82, 15, 26, 9, 95, 42, 77, 68, 47, 5, 93, 78, 86, 54, 85, 63, 18, 44, 20, 49, 36, 14, 74, 50, 53, 17, 21, 28, 11, 64, 3, 23, 30, 83, 24, 41, 40, 52, 65, 27, 90, 70, 39, 87, 48, 69, 99, 4, 75, 1, 13, 58, 97, 59, 45, 8, 73, 37, 35, 79, 71, 66, 76, 32, 60, 80, 56, 6, 67, 61, 33, 7, 57, 34, 12, 16, 10, 98, 96, 88, 43, 46, 91, 38, 84, 92, 29, 19, 51, 55, 81, 89, 25, 72, 94, 2, 0, 62]|[2, 1, 2, 1, 1, 2, 1, 1, 1, 1, 1, 0, 2, 2, 1, 2, 0, 0, 0, 2, 2, 1, 0, 2, 0, 2, 2, 1, 0, 1, 1, 1, 0, 0, 1, 0, 2, 1, 2, 2, 0, 0, 1, 1, 0, 2, 0, 2, 1, 0, 0, 2, 0, 0, 2, 0, 1, 1, 0, 0, 2, 1, 1, 2, 2, 0, 2, 2, 2, 1, 2, 1, 1, 2, 0, 1, 1, 2, 1, 2, 0, 1, 1, 0, 1, 0, 0, 0, 1, 1, 1, 0, 1, 1, 1, 1, 2, 2, 0, 1]|[0, 3, 0, 3, 4, 1, 4, 4, 2, 4, 3, 2, 1, 0, 2, 1, 1, 1, 2, 1, 1, 3, 0, 1, 0, 1, 1, 4, 1, 4, 3, 2, 2, 0, 4, 1, 1, 4, 1, 1, 2, 1, 4, 4, 1, 1, 0, 2, 3, 2, 2, 1, 2, 1, 1, 2, 4, 3, 0, 2, 2, 3, 3, 1, 1, 2, 1, 1, 1, 4, 1, 3, 4, 1, 2, 4, 3, 1, 3, 1, 2, 4, 4, 2, 3, 2, 2, 2, 3, 4, 3, 2, 4, 4, 4, 4, 1, 1, 2, 3]|[0, 2, 0, 0, 3, 0, 1, 3, 0, 0, 2, 0, 1, 0, 1, 0, 0, 0, 1, 0, 0, 2, 0, 0, 1, 0, 0, 3, 0, 1, 0, 2, 0, 0, 3, 0, 1, 1, 0, 0, 0, 0, 1, 3, 0, 0, 1, 0, 2, 0, 0, 0, 0, 0, 1, 0, 1, 0, 1, 1, 0, 2, 0, 0, 0, 0, 0, 0, 0, 2, 0, 0, 1, 0, 0, 1, 0, 0, 3, 0, 0, 1, 2, 0, 0, 0, 0, 0, 3, 1, 0, 0, 2, 1, 3, 1, 0, 0, 0, 0],908.8272556494078,49235.066718390466,107289.32240407266,false
35,G3_TWC,G3_TWC,[31, 22, 82, 15, 26, 58, 95, 42, 77, 12, 47, 5, 93, 78, 98, 54, 85, 63, 18, 44, 20, 35, 43, 97, 91, 76, 10, 30, 21, 45, 71, 64, 1, 23, 17, 83, 24, 14, 60, 36, 6, 57, 94, 88, 65, 56, 79, 40, 67, 68, 46, 75, 38, 9, 19, 32, 81, 41, 27, 62, 87, 90, 99, 59, 11, 16, 72, 73, 70, 39, 37, 84, 3, 92, 25, 55, 28, 29, 51, 7, 33, 61, 86, 48, 89, 50, 69, 96, 53, 80, 4, 8, 34, 49, 52, 0, 13, 2, 66, 74]|[1, 1, 0, 1, 1, 1, 2, 1, 2, 1, 2, 2, 2, 1, 1, 0, 0, 1, 0, 2, 2, 0, 1, 2, 0, 1, 2, 2, 0, 0, 1, 2, 1, 2, 1, 0, 2, 0, 1, 1, 0, 1, 1, 1, 0, 2, 1, 1, 0, 0, 0, 0, 1, 1, 2, 1, 2, 0, 0, 0, 2, 1, 0, 1, 2, 1, 2, 1, 1, 1, 1, 1, 2, 0, 1, 1, 0, 0, 0, 1, 2, 1, 0, 0, 1, 0, 1, 0, 0, 0, 0, 1, 2, 0, 1, 0, 0, 0, 2, 2]|[4, 3, 2, 2, 0, 0, 2, 2, 2, 4, 1, 1, 2, 4, 4, 1, 1, 4, 2, 1, 1, 1, 1, 2, 1, 2, 1, 1, 1, 1, 3, 2, 3, 0, 4, 0, 1, 1, 0, 3, 2, 2, 4, 0, 1, 1, 0, 2, 0, 1, 2, 2, 1, 4, 0, 3, 2, 1, 1, 2, 1, 3, 1, 1, 1, 3, 0, 4, 3, 1, 4, 1, 1, 2, 4, 4, 2, 1, 1, 3, 1, 3, 1, 1, 1, 1, 3, 1, 2, 1, 2, 3, 1, 1, 1, 2, 2, 2, 1, 1]|[0, 2, 1, 1, 3, 3, 0, 1, 0, 0, 0, 0, 1, 0, 1, 0, 0, 3, 1, 0, 0, 0, 3, 1, 0, 2, 0, 0, 0, 1, 0, 0, 0, 0, 3, 0, 1, 0, 0, 2, 1, 1, 2, 0, 0, 0, 0, 1, 1, 0, 0, 0, 1, 3, 0, 0, 1, 0, 0, 1, 0, 2, 0, 1, 0, 2, 1, 0, 0, 1, 1, 3, 0, 1, 3, 3, 1, 0, 0, 2, 0, 0, 0, 0, 1, 0, 0, 0, 1, 0, 1, 2, 0, 1, 1, 0, 0, 0, 0, 0],790.1170626932459,57964.85042440004,88964.63499548077,false
35,G1_CMAX,G1_CMAX,[31, 22, 82, 15, 26, 58, 95, 42, 77, 12, 93, 5, 47, 78, 86, 21, 63, 18, 44, 20, 35, 43, 97, 91, 76, 10, 30, 85, 45, 71, 64, 23, 17, 83, 24, 14, 60, 25, 6, 54, 40, 88, 65, 56, 79, 57, 69, 67, 46, 75, 38, 99, 19, 32, 41, 81, 27, 87, 90, 9, 59, 11, 16, 72, 73, 70, 39, 37, 84, 1, 3, 92, 36, 55, 48, 68, 96, 29, 51, 62, 33, 61, 98, 66, 89, 50, 4, 7, 53, 80, 94, 28, 34, 49, 52, 0, 74, 8, 2, 13]|[1, 1, 0, 1, 1, 0, 1, 1, 2, 1, 2, 2, 2, 1, 1, 0, 1, 0, 2, 2, 0, 1, 2, 0, 1, 2, 2, 2, 0, 1, 2, 2, 1, 0, 2, 0, 1, 1, 0, 0, 1, 1, 0, 2, 1, 1, 1, 0, 0, 0, 1, 1, 2, 1, 2, 2, 0, 2, 1, 0, 1, 2, 1, 2, 1, 1, 1, 1, 1, 1, 1, 0, 1, 1, 0, 0, 2, 0, 0, 0, 2, 1, 2, 2, 1, 0, 1, 0, 0, 0, 1, 0, 2, 0, 1, 0, 2, 1, 0, 0]|[0, 3, 2, 2, 4, 1, 2, 3, 2, 4, 2, 1, 1, 4, 4, 1, 4, 2, 1, 1, 1, 1, 2, 1, 2, 1, 1, 2, 1, 3, 2, 0, 4, 0, 1, 1, 0, 3, 2, 1, 2, 0, 1, 1, 0, 2, 4, 0, 2, 2, 1, 4, 0, 3, 2, 1, 1, 1, 3, 1, 1, 1, 3, 0, 4, 3, 1, 4, 1, 3, 1, 0, 4, 2, 1, 1, 1, 1, 1, 2, 1, 3, 1, 1, 1, 1, 4, 0, 2, 1, 3, 2, 1, 1, 1, 2, 1, 4, 2, 2]|[0, 2, 1, 1, 3, 0, 1, 3, 0, 0, 0, 0, 0, 0, 1, 0, 3, 1, 0, 0, 0, 3, 1, 0, 2, 0, 0, 1, 1, 0, 0, 0, 3, 0, 1, 0, 0, 2, 1, 0, 1, 0, 0, 0, 0, 1, 2, 1, 0, 0, 1, 3, 0, 0, 1, 0, 0, 0, 2, 0, 1, 0, 2, 1, 0, 0, 1, 1, 3, 0, 1, 1, 3, 3, 0, 0, 0, 0, 0, 1, 0, 0, 0, 0, 1, 0, 0, 0, 1, 0, 2, 1, 0, 1, 1, 0, 0, 2, 0, 0],717.7746778690674,58051.11429889491,97947.81742761745,false
35,G4_BALANCED,G3_TWC,[31, 22, 82, 15, 26, 58, 95, 42, 77, 12, 47, 5, 93, 78, 98, 54, 85, 63, 18, 44, 20, 35, 43, 97, 91, 76, 10, 30, 21, 45, 71, 64, 1, 23, 17, 83, 24, 14, 60, 36, 6, 57, 94, 88, 65, 56, 79, 40, 67, 68, 46, 75, 38, 9, 19, 32, 81, 41, 27, 62, 87, 90, 99, 59, 11, 16, 72, 73, 70, 39, 37, 84, 3, 92, 25, 55, 28, 29, 51, 7, 33, 61, 86, 66, 89, 50, 48, 96, 53, 80, 4, 8, 34, 49, 52, 2, 13, 0, 69, 74]|[1, 1, 0, 1, 1, 1, 2, 1, 2, 1, 2, 2, 2, 1, 1, 0, 0, 1, 0, 2, 2, 0, 1, 2, 0, 1, 2, 2, 0, 0, 1, 2, 1, 2, 1, 0, 2, 0, 1, 1, 0, 1, 1, 1, 0, 2, 1, 1, 0, 0, 0, 0, 1, 1, 2, 1, 2, 0, 0, 0, 2, 1, 0, 1, 2, 1, 2, 1, 1, 1, 1, 1, 1, 0, 1, 1, 0, 0, 0, 1, 2, 1, 0, 2, 1, 0, 0, 0, 0, 0, 0, 1, 2, 0, 1, 0, 0, 0, 1, 2]|[4, 3, 2, 2, 0, 0, 2, 2, 2, 4, 1, 1, 2, 4, 4, 1, 2, 4, 2, 1, 1, 1, 1, 2, 1, 2, 1, 1, 2, 1, 3, 2, 3, 0, 4, 0, 1, 1, 0, 3, 2, 2, 4, 0, 1, 1, 0, 1, 0, 1, 2, 2, 1, 4, 0, 3, 1, 1, 1, 2, 1, 3, 1, 1, 1, 3, 0, 4, 3, 1, 4, 1, 1, 2, 4, 4, 2, 1, 1, 3, 1, 3, 1, 1, 1, 1, 1, 1, 2, 1, 2, 3, 1, 1, 1, 2, 2, 2, 3, 1]|[0, 2, 1, 1, 3, 3, 0, 1, 0, 0, 0, 0, 1, 0, 1, 0, 0, 3, 1, 0, 0, 0, 3, 1, 0, 2, 0, 0, 0, 1, 0, 0, 0, 0, 3, 0, 1, 0, 0, 2, 1, 1, 2, 0, 0, 0, 0, 1, 1, 0, 0, 0, 1, 3, 0, 0, 0, 0, 0, 1, 0, 2, 0, 1, 0, 2, 1, 0, 0, 1, 1, 3, 1, 1, 3, 3, 1, 0, 0, 2, 0, 0, 0, 0, 1, 0, 0, 0, 1, 0, 1, 2, 0, 1, 1, 0, 0, 0, 0, 0],802.1679574225899,57444.92327030251,90654.40736391596,true
35,G2_TEC,G2_TEC,[31, 22, 82, 15, 26, 9, 95, 42, 77, 68, 47, 5, 93, 78, 86, 54, 85, 63, 18, 44, 20, 49, 36, 14, 74, 50, 53, 17, 21, 28, 11, 64, 3, 23, 30, 83, 24, 41, 40, 52, 65, 27, 90, 70, 39, 87, 48, 69, 99, 4, 75, 1, 13, 58, 97, 59, 45, 8, 73, 37, 35, 79, 71, 66, 76, 32, 60, 80, 56, 6, 67, 61, 33, 7, 57, 34, 12, 16, 10, 98, 96, 88, 43, 46, 91, 38, 84, 92, 29, 19, 51, 55, 81, 89, 25, 72, 94, 2, 0, 62]|[2, 1, 2, 1, 1, 2, 1, 1, 1, 1, 1, 0, 2, 2, 1, 2, 0, 0, 0, 2, 2, 1, 0, 2, 0, 2, 2, 1, 0, 1, 1, 1, 0, 0, 1, 0, 2, 1, 2, 2, 0, 0, 1, 1, 0, 2, 0, 2, 1, 0, 0, 2, 0, 0, 2, 0, 1, 1, 0, 0, 2, 1, 1, 2, 2, 0, 2, 2, 2, 1, 2, 1, 1, 2, 0, 1, 1, 2, 1, 2, 0, 1, 1, 0, 1, 0, 0, 0, 1, 1, 1, 0, 1, 1, 1, 1, 2, 2, 0, 1]|[0, 3, 0, 3, 4, 1, 4, 4, 2, 4, 3, 2, 1, 0, 2, 1, 1, 1, 2, 1, 1, 3, 0, 1, 0, 1, 1, 4, 1, 4, 3, 2, 2, 0, 4, 1, 1, 4, 1, 1, 2, 1, 4, 4, 1, 1, 0, 2, 3, 2, 2, 1, 2, 1, 1, 2, 4, 3, 0, 2, 2, 3, 3, 1, 1, 2, 1, 1, 1, 4, 1, 3, 4, 1, 2, 4, 3, 1, 3, 1, 2, 4, 4, 2, 3, 2, 2, 2, 3, 4, 3, 2, 4, 4, 4, 4, 1, 1, 2, 3]|[0, 2, 0, 0, 3, 0, 1, 3, 0, 0, 2, 0, 1, 0, 1, 0, 0, 0, 1, 0, 0, 2, 0, 0, 1, 0, 0, 3, 0, 1, 0, 2, 0, 0, 3, 0, 1, 1, 0, 0, 0, 0, 1, 3, 0, 0, 1, 0, 2, 0, 0, 0, 0, 0, 1, 0, 1, 0, 1, 1, 0, 2, 0, 0, 0, 0, 0, 0, 0, 2, 0, 0, 1, 0, 0, 1, 0, 0, 3, 0, 0, 1, 2, 0, 0, 0, 0, 0, 3, 1, 0, 0, 2, 1, 3, 1, 0, 0, 0, 0],908.8272556494078,49235.066718390466,107289.32240407266,false
35,G3_TWC,G3_TWC,[31, 22, 82, 15, 26, 58, 95, 42, 77, 12, 47, 5, 93, 78, 98, 54, 85, 63, 18, 44, 20, 35, 43, 97, 91, 76, 10, 30, 21, 45, 71, 64, 1, 23, 17, 83, 24, 14, 60, 36, 6, 57, 94, 88, 65, 56, 79, 40, 67, 68, 46, 75, 38, 9, 19, 32, 81, 41, 27, 62, 87, 90, 99, 59, 11, 16, 72, 73, 70, 39, 37, 84, 3, 92, 25, 55, 28, 29, 51, 7, 33, 61, 86, 48, 89, 50, 69, 96, 53, 80, 4, 8, 34, 49, 52, 0, 13, 2, 66, 74]|[1, 1, 0, 1, 1, 1, 2, 1, 2, 1, 2, 2, 2, 1, 1, 0, 0, 1, 0, 2, 2, 0, 1, 2, 0, 1, 2, 2, 0, 0, 1, 2, 1, 2, 1, 0, 2, 0, 1, 1, 0, 1, 1, 1, 0, 2, 1, 1, 0, 0, 0, 0, 1, 1, 2, 1, 2, 0, 0, 0, 2, 1, 0, 1, 2, 1, 2, 1, 1, 1, 1, 1, 2, 0, 1, 1, 0, 0, 0, 1, 2, 1, 0, 0, 1, 0, 1, 0, 0, 0, 0, 1, 2, 0, 1, 0, 0, 0, 2, 2]|[4, 3, 2, 2, 0, 0, 2, 2, 2, 4, 1, 1, 2, 4, 4, 1, 1, 4, 2, 1, 1, 1, 1, 2, 1, 2, 1, 1, 1, 1, 3, 2, 3, 0, 4, 0, 1, 1, 0, 3, 2, 2, 4, 0, 1, 1, 0, 2, 0, 1, 2, 2, 1, 4, 0, 3, 2, 1, 1, 2, 1, 3, 1, 1, 1, 3, 0, 4, 3, 1, 4, 1, 1, 2, 4, 4, 2, 1, 1, 3, 1, 3, 1, 1, 1, 1, 3, 1, 2, 1, 2, 3, 1, 1, 1, 2, 2, 2, 1, 1]|[0, 2, 1, 1, 3, 3, 0, 1, 0, 0, 0, 0, 1, 0, 1, 0, 0, 3, 1, 0, 0, 0, 3, 1, 0, 2, 0, 0, 0, 1, 0, 0, 0, 0, 3, 0, 1, 0, 0, 2, 1, 1, 2, 0, 0, 0, 0, 1, 1, 0, 0, 0, 1, 3, 0, 0, 1, 0, 0, 1, 0, 2, 0, 1, 0, 2, 1, 0, 0, 1, 1, 3, 0, 1, 3, 3, 1, 0, 0, 2, 0, 0, 0, 0, 1, 0, 0, 0, 1, 0, 1, 2, 0, 1, 1, 0, 0, 0, 0, 0],790.1170626932459,57964.85042440004,88964.63499548077,false
35,G1_CMAX,G1_CMAX,[31, 22, 82, 15, 26, 58, 95, 42, 77, 12, 47, 5, 93, 78, 98, 54, 85, 63, 18, 44, 20, 35, 43, 97, 91, 76, 10, 30, 21, 45, 71, 64, 1, 23, 17, 83, 24, 14, 60, 36, 6, 57, 94, 88, 65, 56, 79, 40, 67, 68, 46, 75, 38, 9, 19, 32, 81, 41, 27, 62, 87, 90, 99, 59, 11, 16, 72, 73, 70, 39, 37, 84, 3, 92, 25, 55, 28, 29, 51, 7, 33, 61, 48, 86, 89, 50, 4, 96, 53, 8, 80, 0, 34, 49, 52, 2, 13, 66, 69, 74]|[1, 1, 0, 1, 1, 1, 2, 1, 2, 1, 2, 2, 2, 1, 1, 0, 0, 1, 0, 2, 2, 0, 0, 2, 0, 1, 2, 2, 0, 0, 1, 2, 1, 2, 1, 0, 2, 0, 1, 1, 0, 1, 1, 1, 0, 2, 1, 1, 0, 0, 0, 0, 1, 1, 2, 1, 2, 0, 0, 0, 2, 1, 0, 2, 2, 1, 2, 1, 1, 1, 1, 1, 1, 0, 1, 1, 0, 0, 0, 1, 2, 1, 0, 0, 1, 0, 0, 0, 0, 1, 0, 0, 2, 0, 1, 0, 0, 2, 1, 2]|[4, 3, 2, 2, 0, 0, 2, 2, 2, 4, 1, 1, 2, 4, 4, 1, 2, 4, 2, 1, 1, 1, 1, 2, 1, 2, 1, 1, 1, 1, 3, 1, 3, 0, 4, 0, 1, 1, 0, 3, 2, 2, 4, 0, 1, 1, 0, 2, 0, 1, 2, 2, 1, 4, 0, 3, 2, 1, 1, 2, 1, 3, 1, 1, 1, 3, 0, 4, 3, 1, 4, 1, 1, 2, 4, 4, 2, 1, 1, 3, 1, 3, 1, 1, 1, 1, 2, 1, 2, 3, 1, 2, 1, 1, 1, 2, 2, 1, 3, 1]|[0, 2, 1, 1, 3, 3, 0, 1, 0, 0, 0, 0, 1, 0, 1, 0, 0, 3, 1, 0, 0, 0, 0, 1, 0, 2, 0, 0, 0, 1, 0, 0, 0, 0, 3, 0, 1, 0, 0, 2, 1, 1, 2, 0, 0, 0, 0, 1, 1, 0, 0, 0, 1, 3, 0, 0, 1, 0, 0, 1, 0, 2, 0, 0, 0, 2, 1, 0, 0, 1, 1, 3, 1, 1, 3, 3, 1, 0, 0, 2, 0, 0, 0, 0, 1, 0, 1, 0, 1, 2, 0, 0, 0, 1, 1, 0, 0, 0, 0, 0],812.5652176659299,57417.241742072496,90029.65309338432,false
35,G4_BALANCED,G3_TWC,[31, 22, 82, 15, 26, 58, 42, 95, 77, 12, 47, 5, 93, 78, 98, 54, 85, 63, 18, 44, 20, 35, 43, 97, 91, 76, 10, 30, 21, 45, 71, 64, 1, 23, 17, 83, 24, 14, 61, 36, 6, 57, 94, 88, 65, 56, 79, 40, 67, 68, 46, 75, 38, 9, 19, 32, 81, 41, 27, 62, 87, 90, 99, 59, 11, 16, 72, 73, 70, 39, 37, 84, 3, 92, 25, 80, 28, 29, 51, 7, 33, 60, 86, 66, 89, 50, 48, 96, 53, 55, 4, 8, 34, 49, 52, 0, 13, 2, 69, 74]|[1, 1, 0, 1, 1, 1, 1, 2, 2, 1, 2, 2, 2, 1, 1, 0, 0, 1, 0, 2, 2, 0, 1, 2, 0, 1, 2, 2, 0, 0, 1, 2, 1, 2, 1, 0, 2, 0, 1, 1, 0, 1, 1, 1, 0, 2, 1, 1, 0, 0, 0, 0, 1, 1, 2, 1, 2, 0, 0, 0, 2, 1, 0, 1, 2, 1, 2, 1, 1, 1, 1, 1, 2, 0, 1, 0, 0, 0, 0, 1, 2, 1, 0, 0, 1, 0, 0, 0, 0, 1, 0, 1, 2, 0, 1, 0, 0, 0, 1, 2]|[4, 3, 2, 2, 2, 0, 0, 2, 2, 4, 1, 1, 2, 4, 4, 1, 1, 4, 2, 1, 1, 1, 1, 2, 1, 2, 1, 1, 1, 1, 3, 2, 3, 0, 4, 0, 1, 1, 3, 3, 2, 2, 4, 0, 1, 1, 0, 2, 0, 1, 2, 2, 1, 4, 0, 3, 2, 1, 1, 2, 1, 3, 1, 1, 1, 3, 0, 4, 3, 1, 4, 1, 1, 2, 4, 1, 2, 1, 1, 3, 1, 3, 1, 1, 1, 1, 1, 1, 2, 4, 2, 3, 1, 1, 1, 2, 2, 2, 3, 1]|[0, 2, 1, 1, 1, 3, 3, 0, 0, 0, 0, 0, 1, 0, 1, 0, 0, 3, 1, 0, 0, 0, 3, 1, 0, 2, 0, 0, 0, 1, 0, 0, 0, 0, 3, 0, 1, 0, 0, 2, 1, 1, 2, 0, 0, 0, 0, 1, 1, 0, 0, 0, 1, 3, 0, 0, 1, 0, 0, 1, 0, 2, 0, 1, 0, 2, 1, 0, 0, 1, 1, 3, 0, 1, 3, 0, 1, 0, 0, 2, 0, 0, 0, 0, 1, 0, 0, 0, 1, 3, 1, 2, 0, 1, 1, 0, 0, 0, 0, 0],805.8426473929301,57817.24426286343,89151.32835116901,true
35,G2_TEC,G2_TEC,[31, 22, 82, 15, 26, 9, 95, 42, 77, 68, 47, 5, 93, 78, 86, 54, 85, 63, 18, 44, 20, 49, 36, 14, 74, 50, 53, 17, 21, 28, 11, 64, 3, 23, 30, 83, 24, 41, 40, 52, 65, 27, 90, 70, 39, 87, 48, 69, 99, 4, 75, 1, 13, 58, 97, 59, 45, 8, 73, 37, 35, 79, 71, 66, 76, 32, 60, 80, 56, 6, 67, 61, 33, 7, 57, 34, 12, 16, 10, 98, 96, 88, 43, 46, 91, 38, 84, 92, 29, 19, 51, 55, 81, 89, 25, 72, 94, 2, 0, 62]|[2, 1, 2, 1, 1, 2, 1, 1, 1, 1, 1, 0, 2, 2, 1, 2, 0, 0, 0, 2, 2, 1, 0, 2, 0, 2, 2, 1, 0, 1, 1, 1, 0, 0, 1, 0, 2, 1, 2, 2, 0, 0, 1, 1, 0, 2, 0, 2, 1, 0, 0, 2, 0, 0, 2, 0, 1, 1, 0, 0, 2, 1, 1, 2, 2, 0, 2, 2, 2, 1, 2, 1, 1, 2, 0, 1, 1, 2, 1, 2, 0, 1, 1, 0, 1, 0, 0, 0, 1, 1, 1, 0, 1, 1, 1, 1, 2, 2, 0, 1]|[0, 3, 0, 3, 4, 1, 4, 4, 2, 4, 3, 2, 1, 0, 2, 1, 1, 1, 2, 1, 1, 3, 0, 1, 0, 1, 1, 4, 1, 4, 3, 2, 2, 0, 4, 1, 1, 4, 1, 1, 2, 1, 4, 4, 1, 1, 0, 2, 3, 2, 2, 1, 2, 1, 1, 2, 4, 3, 0, 2, 2, 3, 3, 1, 1, 2, 1, 1, 1, 4, 1, 3, 4, 1, 2, 4, 3, 1, 3, 1, 2, 4, 4, 2, 3, 2, 2, 2, 3, 4, 3, 2, 4, 4, 4, 4, 1, 1, 2, 3]|[0, 2, 0, 0, 3, 0, 1, 3, 0, 0, 2, 0, 1, 0, 1, 0, 0, 0, 1, 0, 0, 2, 0, 0, 1, 0, 0, 3, 0, 1, 0, 2, 0, 0, 3, 0, 1, 1, 0, 0, 0, 0, 1, 3, 0, 0, 1, 0, 2, 0, 0, 0, 0, 0, 1, 0, 1, 0, 1, 1, 0, 2, 0, 0, 0, 0, 0, 0, 0, 2, 0, 0, 1, 0, 0, 1, 0, 0, 3, 0, 0, 1, 2, 0, 0, 0, 0, 0, 3, 1, 0, 0, 2, 1, 3, 1, 0, 0, 0, 0],908.8272556494078,49235.066718390466,107289.32240407266,false
35,G3_TWC,G3_TWC,[31, 22, 82, 15, 26, 58, 95, 42, 77, 12, 47, 5, 93, 78, 98, 54, 85, 63, 18, 44, 20, 35, 43, 97, 91, 76, 10, 30, 21, 45, 71, 64, 1, 23, 17, 83, 24, 14, 60, 36, 6, 57, 94, 88, 65, 56, 79, 40, 67, 68, 46, 75, 38, 9, 19, 32, 81, 41, 27, 62, 87, 90, 99, 59, 11, 16, 72, 73, 70, 39, 37, 84, 3, 92, 25, 55, 28, 29, 51, 7, 33, 61, 86, 48, 89, 50, 69, 96, 53, 80, 4, 8, 34, 49, 52, 0, 13, 2, 66, 74]|[1, 1, 0, 1, 1, 1, 2, 1, 2, 1, 2, 2, 2, 1, 1, 0, 0, 1, 0, 2, 2, 0, 1, 2, 0, 1, 2, 2, 0, 0, 1, 2, 1, 2, 1, 0, 2, 0, 1, 1, 0, 1, 1, 1, 0, 2, 1, 1, 0, 0, 0, 0, 1, 1, 2, 1, 2, 0, 0, 0, 2, 1, 0, 1, 2, 1, 2, 1, 1, 1, 1, 1, 2, 0, 1, 1, 0, 0, 0, 1, 2, 1, 0, 0, 1, 0, 1, 0, 0, 0, 0, 1, 2, 0, 1, 0, 0, 0, 2, 2]|[4, 3, 2, 2, 0, 0, 2, 2, 2, 4, 1, 1, 2, 4, 4, 1, 1, 4, 2, 1, 1, 1, 1, 2, 1, 2, 1, 1, 1, 1, 3, 2, 3, 0, 4, 0, 1, 1, 0, 3, 2, 2, 4, 0, 1, 1, 0, 2, 0, 1, 2, 2, 1, 4, 0, 3, 2, 1, 1, 2, 1, 3, 1, 1, 1, 3, 0, 4, 3, 1, 4, 1, 1, 2, 4, 4, 2, 1, 1, 3, 1, 3, 1, 1, 1, 1, 3, 1, 2, 1, 2, 3, 1, 1, 1, 2, 2, 2, 1, 1]|[0, 2, 1, 1, 3, 3, 0, 1, 0, 0, 0, 0, 1, 0, 1, 0, 0, 3, 1, 0, 0, 0, 3, 1, 0, 2, 0, 0, 0, 1, 0, 0, 0, 0, 3, 0, 1, 0, 0, 2, 1, 1, 2, 0, 0, 0, 0, 1, 1, 0, 0, 0, 1, 3, 0, 0, 1, 0, 0, 1, 0, 2, 0, 1, 0, 2, 1, 0, 0, 1, 1, 3, 0, 1, 3, 3, 1, 0, 0, 2, 0, 0, 0, 0, 1, 0, 0, 0, 1, 0, 1, 2, 0, 1, 1, 0, 0, 0, 0, 0],790.1170626932459,57964.85042440004,88964.63499548077,false
35,G1_CMAX,G4_BALANCED,[31, 11, 82, 15, 26, 9, 95, 42, 77, 68, 47, 5, 93, 78, 86, 54, 85, 63, 76, 44, 20, 49, 36, 14, 74, 50, 53, 17, 21, 45, 71, 64, 3, 23, 30, 83, 24, 41, 60, 52, 65, 27, 90, 70, 39, 87, 48, 69, 99, 4, 46, 1, 13, 58, 97, 59, 28, 75, 73, 37, 35, 79, 22, 66, 18, 32, 40, 80, 96, 6, 56, 61, 33, 7, 57, 34, 12, 67, 10, 98, 16, 88, 29, 8, 91, 38, 19, 92, 72, 84, 51, 43, 81, 25, 2, 55, 0, 94, 89, 62]|[2, 1, 2, 1, 1, 2, 1, 1, 1, 1, 1, 0, 2, 2, 1, 2, 0, 0, 0, 2, 2, 1, 0, 2, 0, 2, 2, 1, 0, 1, 1, 1, 0, 0, 1, 0, 2, 1, 2, 2, 0, 0, 1, 1, 0, 2, 0, 2, 1, 0, 0, 2, 0, 0, 2, 0, 1, 0, 0, 0, 2, 1, 0, 2, 2, 0, 2, 2, 0, 1, 2, 1, 1, 2, 0, 1, 1, 1, 1, 2, 2, 1, 1, 1, 1, 0, 1, 0, 1, 0, 1, 1, 1, 1, 2, 0, 0, 2, 1, 1]|[0, 3, 0, 2, 4, 1, 4, 4, 2, 4, 3, 2, 1, 0, 2, 1, 1, 1, 2, 1, 1, 3, 0, 1, 0, 1, 1, 4, 1, 4, 3, 2, 2, 0, 4, 1, 1, 4, 0, 1, 2, 1, 4, 4, 1, 1, 0, 2, 3, 1, 2, 1, 2, 1, 1, 2, 4, 2, 0, 2, 2, 3, 1, 0, 1, 2, 0, 1, 2, 4, 1, 3, 4, 1, 2, 4, 3, 3, 3, 1, 1, 4, 3, 3, 3, 2, 4, 2, 4, 2, 3, 4, 1, 4, 1, 2, 2, 1, 4, 3]|[0, 2, 0, 1, 3, 0, 1, 3, 0, 0, 2, 0, 1, 0, 1, 0, 0, 0, 1, 0, 0, 2, 0, 0, 1, 0, 0, 3, 0, 1, 0, 2, 0, 1, 3, 0, 1, 3, 1, 0, 0, 0, 1, 3, 0, 0, 1, 0, 2, 0, 0, 0, 0, 0, 1, 0, 1, 0, 1, 1, 0, 2, 0, 0, 0, 0, 0, 0, 0, 2, 0, 0, 1, 0, 0, 1, 0, 0, 3, 0, 0, 1, 0, 0, 0, 0, 3, 0, 2, 0, 0, 2, 1, 3, 0, 0, 0, 0, 1, 0],839.7308016558047,52103.26715956506,108081.52425448055,true
35,G4_BALANCED,G4_BALANCED,[31, 11, 82, 15, 26, 9, 95, 42, 77, 68, 47, 5, 93, 78, 86, 54, 85, 63, 76, 44, 20, 49, 36, 14, 74, 50, 53, 17, 21, 45, 71, 64, 3, 23, 30, 83, 24, 41, 60, 52, 65, 27, 90, 70, 39, 87, 48, 69, 99, 4, 46, 1, 13, 58, 97, 59, 28, 75, 73, 37, 35, 79, 22, 66, 18, 32, 40, 80, 96, 6, 56, 61, 33, 7, 57, 34, 12, 67, 10, 98, 16, 88, 29, 8, 91, 38, 19, 92, 72, 84, 51, 43, 81, 25, 2, 55, 0, 94, 89, 62]|[2, 1, 2, 1, 1, 2, 1, 1, 1, 1, 1, 0, 2, 2, 1, 2, 0, 0, 0, 2, 2, 1, 0, 2, 0, 2, 2, 1, 0, 1, 1, 1, 0, 0, 1, 0, 2, 1, 2, 2, 0, 0, 1, 1, 0, 2, 0, 2, 1, 0, 0, 2, 0, 0, 2, 0, 1, 0, 0, 0, 2, 1, 0, 2, 2, 0, 2, 2, 0, 1, 2, 1, 1, 2, 0, 1, 1, 1, 1, 2, 2, 1, 1, 1, 1, 0, 1, 0, 1, 0, 1, 1, 1, 1, 2, 0, 0, 2, 1, 1]|[0, 3, 0, 2, 4, 1, 4, 4, 2, 4, 3, 2, 1, 0, 2, 1, 1, 1, 2, 1, 1, 3, 0, 1, 0, 1, 1, 4, 1, 4, 3, 2, 2, 0, 4, 1, 1, 4, 0, 1, 2, 1, 4, 4, 1, 1, 0, 2, 3, 1, 2, 1, 2, 1, 1, 2, 4, 2, 0, 2, 2, 3, 1, 0, 1, 2, 0, 1, 2, 4, 1, 3, 4, 1, 2, 4, 3, 3, 3, 1, 1, 4, 3, 3, 3, 2, 4, 2, 4, 2, 3, 4, 1, 4, 1, 2, 2, 1, 4, 3]|[0, 2, 0, 1, 3, 0, 1, 3, 0, 0, 2, 0, 1, 0, 1, 0, 0, 0, 1, 0, 0, 2, 0, 0, 1, 0, 0, 3, 0, 1, 0, 2, 0, 1, 3, 0, 1, 3, 1, 0, 0, 0, 1, 3, 0, 0, 1, 0, 2, 0, 0, 0, 0, 0, 1, 0, 1, 0, 1, 1, 0, 2, 0, 0, 0, 0, 0, 0, 0, 2, 0, 0, 1, 0, 0, 1, 0, 0, 3, 0, 0, 1, 0, 0, 0, 0, 3, 0, 2, 0, 0, 2, 1, 3, 0, 0, 0, 0, 1, 0],839.7308016558047,52103.26715956506,108081.52425448055,false
35,G2_TEC,G2_TEC,[31, 22, 82, 15, 26, 9, 95, 42, 77, 68, 47, 5, 93, 78, 86, 54, 85, 63, 18, 44, 20, 49, 36, 14, 74, 50, 53, 17, 21, 28, 11, 64, 3, 23, 30, 83, 24, 41, 40, 52, 65, 27, 90, 70, 39, 87, 48, 69, 99, 4, 75, 1, 13, 58, 97, 59, 45, 8, 73, 37, 35, 79, 71, 66, 76, 32, 60, 80, 56, 6, 67, 61, 33, 7, 57, 34, 12, 16, 10, 98, 96, 88, 43, 46, 91, 38, 84, 92, 29, 19, 51, 55, 81, 89, 25, 72, 94, 2, 0, 62]|[2, 1, 2, 1, 1, 2, 1, 1, 1, 1, 1, 0, 2, 2, 1, 2, 0, 0, 0, 2, 2, 1, 0, 2, 0, 2, 2, 1, 0, 1, 1, 1, 0, 0, 1, 0, 2, 1, 2, 2, 0, 0, 1, 1, 0, 2, 0, 2, 1, 0, 0, 2, 0, 0, 2, 0, 1, 1, 0, 0, 2, 1, 1, 2, 2, 0, 2, 2, 2, 1, 2, 1, 1, 2, 0, 1, 1, 2, 1, 2, 0, 1, 1, 0, 1, 0, 0, 0, 1, 1, 1, 0, 1, 1, 1, 1, 2, 2, 0, 1]|[0, 3, 0, 3, 4, 1, 4, 4, 2, 4, 3, 2, 1, 0, 2, 1, 1, 1, 2, 1, 1, 3, 0, 1, 0, 1, 1, 4, 1, 4, 3, 2, 2, 0, 4, 1, 1, 4, 1, 1, 2, 1, 4, 4, 1, 1, 0, 2, 3, 2, 2, 1, 2, 1, 1, 2, 4, 3, 0, 2, 2, 3, 3, 1, 1, 2, 1, 1, 1, 4, 1, 3, 4, 1, 2, 4, 3, 1, 3, 1, 2, 4, 4, 2, 3, 2, 2, 2, 3, 4, 3, 2, 4, 4, 4, 4, 1, 1, 2, 3]|[0, 2, 0, 0, 3, 0, 1, 3, 0, 0, 2, 0, 1, 0, 1, 0, 0, 0, 1, 0, 0, 2, 0, 0, 1, 0, 0, 3, 0, 1, 0, 2, 0, 0, 3, 0, 1, 1, 0, 0, 0, 0, 1, 3, 0, 0, 1, 0, 2, 0, 0, 0, 0, 0, 1, 0, 1, 0, 1, 1, 0, 2, 0, 0, 0, 0, 0, 0, 0, 2, 0, 0, 1, 0, 0, 1, 0, 0, 3, 0, 0, 1, 2, 0, 0, 0, 0, 0, 3, 1, 0, 0, 2, 1, 3, 1, 0, 0, 0, 0],908.8272556494078,49235.066718390466,107289.32240407266,false
35,G3_TWC,G3_TWC,[31, 22, 82, 15, 26, 58, 95, 42, 77, 12, 47, 5, 93, 78, 98, 54, 85, 63, 18, 44, 20, 35, 43, 97, 91, 76, 10, 30, 21, 45, 71, 64, 1, 23, 17, 83, 24, 14, 60, 36, 6, 57, 94, 88, 65, 56, 79, 40, 67, 68, 46, 75, 38, 9, 19, 32, 81, 41, 27, 62, 87, 90, 99, 59, 11, 16, 72, 73, 70, 39, 37, 84, 3, 92, 25, 55, 28, 29, 51, 7, 33, 61, 86, 48, 89, 50, 69, 96, 53, 80, 4, 8, 34, 49, 52, 0, 13, 2, 66, 74]|[1, 1, 0, 1, 1, 1, 2, 1, 2, 1, 2, 2, 2, 1, 1, 0, 0, 1, 0, 2, 2, 0, 1, 2, 0, 1, 2, 2, 0, 0, 1, 2, 1, 2, 1, 0, 2, 0, 1, 1, 0, 1, 1, 1, 0, 2, 1, 1, 0, 0, 0, 0, 1, 1, 2, 1, 2, 0, 0, 0, 2, 1, 0, 1, 2, 1, 2, 1, 1, 1, 1, 1, 2, 0, 1, 1, 0, 0, 0, 1, 2, 1, 0, 0, 1, 0, 1, 0, 0, 0, 0, 1, 2, 0, 1, 0, 0, 0, 2, 2]|[4, 3, 2, 2, 0, 0, 2, 2, 2, 4, 1, 1, 2, 4, 4, 1, 1, 4, 2, 1, 1, 1, 1, 2, 1, 2, 1, 1, 1, 1, 3, 2, 3, 0, 4, 0, 1, 1, 0, 3, 2, 2, 4, 0, 1, 1, 0, 2, 0, 1, 2, 2, 1, 4, 0, 3, 2, 1, 1, 2, 1, 3, 1, 1, 1, 3, 0, 4, 3, 1, 4, 1, 1, 2, 4, 4, 2, 1, 1, 3, 1, 3, 1, 1, 1, 1, 3, 1, 2, 1, 2, 3, 1, 1, 1, 2, 2, 2, 1, 1]|[0, 2, 1, 1, 3, 3, 0, 1, 0, 0, 0, 0, 1, 0, 1, 0, 0, 3, 1, 0, 0, 0, 3, 1, 0, 2, 0, 0, 0, 1, 0, 0, 0, 0, 3, 0, 1, 0, 0, 2, 1, 1, 2, 0, 0, 0, 0, 1, 1, 0, 0, 0, 1, 3, 0, 0, 1, 0, 0, 1, 0, 2, 0, 1, 0, 2, 1, 0, 0, 1, 1, 3, 0, 1, 3, 3, 1, 0, 0, 2, 0, 0, 0, 0, 1, 0, 0, 0, 1, 0, 1, 2, 0, 1, 1, 0, 0, 0, 0, 0],790.1170626932459,57964.85042440004,88964.63499548077,false
35,G1_CMAX,G4_BALANCED,[31, 22, 82, 15, 26, 58, 95, 42, 77, 12, 47, 5, 93, 78, 86, 54, 85, 63, 18, 44, 20, 35, 43, 97, 66, 76, 79, 30, 21, 45, 71, 64, 1, 23, 17, 83, 24, 14, 60, 36, 6, 57, 40, 88, 65, 56, 10, 94, 67, 68, 46, 75, 38, 9, 19, 32, 41, 81, 27, 62, 87, 90, 99, 59, 11, 16, 72, 73, 69, 39, 37, 84, 3, 92, 25, 55, 29, 28, 51, 7, 33, 61, 48, 98, 89, 8, 4, 96, 53, 80, 50, 91, 34, 2, 52, 0, 49, 70, 13, 74]|[1, 1, 0, 1, 1, 0, 1, 2, 2, 1, 2, 2, 2, 1, 1, 0, 0, 1, 0, 2, 2, 0, 1, 2, 2, 1, 2, 2, 0, 0, 1, 2, 1, 2, 1, 0, 2, 0, 1, 1, 0, 1, 1, 1, 0, 2, 2, 1, 0, 0, 0, 0, 1, 1, 2, 1, 0, 2, 0, 0, 2, 1, 0, 1, 2, 1, 2, 1, 1, 1, 1, 1, 1, 0, 1, 2, 0, 0, 0, 1, 2, 1, 0, 2, 1, 1, 1, 2, 0, 0, 0, 0, 2, 0, 1, 0, 0, 1, 0, 2]|[4, 3, 2, 2, 4, 1, 2, 2, 2, 4, 1, 1, 2, 4, 4, 1, 2, 4, 2, 1, 1, 1, 1, 2, 1, 2, 1, 1, 1, 1, 3, 1, 3, 1, 4, 0, 1, 1, 0, 3, 2, 2, 2, 0, 1, 1, 1, 4, 0, 1, 2, 2, 1, 4, 0, 3, 1, 1, 1, 2, 1, 3, 1, 1, 1, 3, 0, 4, 4, 1, 4, 1, 1, 0, 4, 1, 1, 2, 1, 1, 1, 3, 1, 1, 1, 3, 4, 1, 2, 1, 1, 1, 1, 2, 1, 2, 1, 3, 2, 1]|[0, 2, 1, 1, 3, 0, 1, 0, 0, 0, 0, 0, 1, 0, 1, 0, 0, 3, 1, 0, 0, 0, 3, 1, 0, 2, 0, 0, 0, 0, 0, 0, 0, 0, 3, 0, 1, 0, 0, 2, 1, 1, 1, 0, 0, 0, 0, 2, 1, 0, 0, 0, 1, 3, 0, 0, 0, 0, 0, 1, 0, 2, 0, 1, 0, 2, 1, 0, 2, 1, 1, 3, 1, 1, 3, 0, 0, 1, 0, 2, 0, 0, 0, 0, 1, 2, 0, 0, 1, 0, 0, 0, 0, 0, 1, 0, 1, 0, 0, 0],777.436160111927,55378.96358309585,98756.68483674081,true
35,G4_BALANCED,G4_BALANCED,[31, 22, 82, 15, 26, 58, 95, 42, 77, 12, 47, 5, 93, 78, 86, 54, 85, 63, 18, 44, 20, 35, 43, 97, 66, 76, 10, 30, 21, 45, 71, 64, 1, 23, 17, 83, 24, 14, 60, 36, 6, 57, 40, 88, 65, 56, 79, 94, 67, 68, 46, 75, 38, 9, 19, 32, 41, 81, 27, 62, 87, 90, 99, 59, 11, 16, 72, 73, 69, 39, 37, 84, 3, 92, 25, 55, 29, 28, 51, 7, 33, 61, 98, 48, 89, 50, 4, 96, 53, 8, 80, 91, 52, 49, 34, 0, 74, 70, 2, 13]|[1, 1, 0, 1, 1, 0, 1, 2, 2, 1, 2, 2, 2, 1, 1, 0, 0, 1, 0, 2, 2, 0, 1, 2, 2, 1, 2, 2, 0, 0, 1, 2, 1, 2, 1, 0, 2, 0, 1, 1, 0, 1, 1, 1, 0, 2, 2, 1, 0, 0, 0, 0, 1, 1, 2, 1, 0, 2, 0, 0, 2, 1, 0, 1, 2, 1, 2, 1, 1, 1, 1, 1, 1, 0, 1, 1, 0, 0, 0, 1, 2, 1, 2, 0, 1, 0, 1, 2, 0, 1, 0, 0, 1, 0, 2, 0, 2, 1, 0, 0]|[4, 3, 2, 2, 4, 1, 2, 2, 2, 4, 1, 1, 2, 4, 4, 1, 2, 4, 2, 1, 1, 1, 1, 2, 1, 2, 1, 1, 1, 1, 3, 2, 3, 1, 4, 0, 1, 1, 0, 3, 2, 2, 2, 0, 1, 1, 1, 4, 0, 1, 2, 2, 1, 4, 0, 3, 1, 1, 1, 2, 1, 3, 1, 1, 1, 3, 0, 4, 3, 1, 4, 1, 1, 2, 4, 4, 1, 1, 1, 1, 1, 3, 1, 1, 1, 1, 4, 1, 2, 3, 1, 1, 1, 1, 1, 2, 1, 4, 2, 2]|[0, 2, 1, 1, 3, 0, 1, 0, 0, 0, 0, 0, 1, 0, 1, 0, 0, 3, 1, 0, 0, 0, 3, 1, 0, 2, 0, 0, 0, 0, 0, 0, 0, 0, 3, 0, 1, 0, 0, 2, 1, 1, 1, 0, 0, 0, 0, 2, 1, 0, 0, 0, 1, 3, 0, 0, 0, 0, 0, 1, 0, 2, 0, 1, 0, 2, 1, 0, 0, 1, 1, 3, 1, 1, 3, 3, 0, 0, 0, 2, 0, 0, 0, 0, 1, 0, 0, 0, 1, 2, 0, 0, 1, 1, 0, 0, 0, 2, 0, 0],798.3530402857136,55227.74749962417,97608.17100854636,false
35,G2_TEC,G2_TEC,[31, 22, 82, 15, 26, 9, 95, 42, 77, 68, 47, 5, 93, 78, 86, 54, 85, 63, 18, 44, 20, 49, 36, 14, 74, 50, 53, 17, 21, 28, 11, 64, 3, 23, 30, 83, 24, 41, 40, 52, 65, 27, 90, 70, 39, 87, 48, 69, 99, 4, 75, 1, 13, 58, 97, 59, 45, 8, 73, 37, 35, 79, 71, 66, 76, 32, 60, 80, 56, 6, 67, 61, 33, 7, 57, 34, 12, 16, 10, 98, 96, 88, 43, 46, 91, 38, 84, 92, 29, 19, 51, 55, 81, 89, 25, 72, 94, 2, 0, 62]|[2, 1, 2, 1, 1, 2, 1, 1, 1, 1, 1, 0, 2, 2, 1, 2, 0, 0, 0, 2, 2, 1, 0, 2, 0, 2, 2, 1, 0, 1, 1, 1, 0, 0, 1, 0, 2, 1, 2, 2, 0, 0, 1, 1, 0, 2, 0, 2, 1, 0, 0, 2, 0, 0, 2, 0, 1, 1, 0, 0, 2, 1, 1, 2, 2, 0, 2, 2, 2, 1, 2, 1, 1, 2, 0, 1, 1, 2, 1, 2, 0, 1, 1, 0, 1, 0, 0, 0, 1, 1, 1, 0, 1, 1, 1, 1, 2, 2, 0, 1]|[0, 3, 0, 3, 4, 1, 4, 4, 2, 4, 3, 2, 1, 0, 2, 1, 1, 1, 2, 1, 1, 3, 0, 1, 0, 1, 1, 4, 1, 4, 3, 2, 2, 0, 4, 1, 1, 4, 1, 1, 2, 1, 4, 4, 1, 1, 0, 2, 3, 2, 2, 1, 2, 1, 1, 2, 4, 3, 0, 2, 2, 3, 3, 1, 1, 2, 1, 1, 1, 4, 1, 3, 4, 1, 2, 4, 3, 1, 3, 1, 2, 4, 4, 2, 3, 2, 2, 2, 3, 4, 3, 2, 4, 4, 4, 4, 1, 1, 2, 3]|[0, 2, 0, 0, 3, 0, 1, 3, 0, 0, 2, 0, 1, 0, 1, 0, 0, 0, 1, 0, 0, 2, 0, 0, 1, 0, 0, 3, 0, 1, 0, 2, 0, 0, 3, 0, 1, 1, 0, 0, 0, 0, 1, 3, 0, 0, 1, 0, 2, 0, 0, 0, 0, 0, 1, 0, 1, 0, 1, 1, 0, 2, 0, 0, 0, 0, 0, 0, 0, 2, 0, 0, 1, 0, 0, 1, 0, 0, 3, 0, 0, 1, 2, 0, 0, 0, 0, 0, 3, 1, 0, 0, 2, 1, 3, 1, 0, 0, 0, 0],908.8272556494078,49235.066718390466,107289.32240407266,false
35,G3_TWC,G3_TWC,[31, 22, 82, 15, 26, 58, 95, 42, 77, 12, 47, 5, 93, 78, 98, 54, 85, 63, 18, 44, 20, 35, 43, 97, 91, 76, 10, 30, 21, 45, 71, 64, 1, 23, 17, 83, 24, 14, 60, 36, 6, 57, 94, 88, 65, 56, 79, 40, 67, 68, 46, 75, 38, 9, 19, 32, 81, 41, 27, 62, 87, 90, 99, 59, 11, 16, 72, 73, 70, 39, 37, 84, 3, 92, 25, 55, 28, 29, 51, 7, 33, 61, 86, 48, 89, 50, 69, 96, 53, 80, 4, 8, 34, 49, 52, 0, 13, 2, 66, 74]|[1, 1, 0, 1, 1, 1, 2, 1, 2, 1, 2, 2, 2, 1, 1, 0, 0, 1, 0, 2, 2, 0, 1, 2, 0, 1, 2, 2, 0, 0, 1, 2, 1, 2, 1, 0, 2, 0, 1, 1, 0, 1, 1, 1, 0, 2, 1, 1, 0, 0, 0, 0, 1, 1, 2, 1, 2, 0, 0, 0, 2, 1, 0, 1, 2, 1, 2, 1, 1, 1, 1, 1, 2, 0, 1, 1, 0, 0, 0, 1, 2, 1, 0, 0, 1, 0, 1, 0, 0, 0, 0, 1, 2, 0, 1, 0, 0, 0, 2, 2]|[4, 3, 2, 2, 0, 0, 2, 2, 2, 4, 1, 1, 2, 4, 4, 1, 1, 4, 2, 1, 1, 1, 1, 2, 1, 2, 1, 1, 1, 1, 3, 2, 3, 0, 4, 0, 1, 1, 0, 3, 2, 2, 4, 0, 1, 1, 0, 2, 0, 1, 2, 2, 1, 4, 0, 3, 2, 1, 1, 2, 1, 3, 1, 1, 1, 3, 0, 4, 3, 1, 4, 1, 1, 2, 4, 4, 2, 1, 1, 3, 1, 3, 1, 1, 1, 1, 3, 1, 2, 1, 2, 3, 1, 1, 1, 2, 2, 2, 1, 1]|[0, 2, 1, 1, 3, 3, 0, 1, 0, 0, 0, 0, 1, 0, 1, 0, 0, 3, 1, 0, 0, 0, 3, 1, 0, 2, 0, 0, 0, 1, 0, 0, 0, 0, 3, 0, 1, 0, 0, 2, 1, 1, 2, 0, 0, 0, 0, 1, 1, 0, 0, 0, 1, 3, 0, 0, 1, 0, 0, 1, 0, 2, 0, 1, 0, 2, 1, 0, 0, 1, 1, 3, 0, 1, 3, 3, 1, 0, 0, 2, 0, 0, 0, 0, 1, 0, 0, 0, 1, 0, 1, 2, 0, 1, 1, 0, 0, 0, 0, 0],790.1170626932459,57964.85042440004,88964.63499548077,false
35,G1_CMAX,G1_CMAX,[31, 22, 82, 15, 26, 58, 95, 42, 77, 12, 93, 5, 47, 78, 86, 21, 63, 18, 44, 20, 35, 43, 97, 91, 76, 10, 30, 85, 45, 71, 64, 23, 17, 83, 24, 14, 60, 25, 6, 54, 40, 88, 65, 56, 79, 57, 69, 67, 46, 75, 38, 99, 19, 32, 41, 81, 27, 87, 90, 9, 59, 11, 16, 72, 73, 70, 39, 37, 84, 1, 3, 92, 36, 55, 48, 68, 96, 29, 51, 62, 33, 61, 98, 66, 89, 50, 4, 7, 53, 80, 94, 28, 34, 49, 52, 0, 74, 8, 2, 13]|[1, 1, 0, 1, 1, 0, 1, 1, 2, 1, 2, 2, 2, 1, 1, 0, 1, 0, 2, 2, 0, 1, 2, 0, 1, 2, 2, 2, 0, 1, 2, 2, 1, 0, 2, 0, 1, 1, 0, 0, 1, 1, 0, 2, 1, 1, 1, 0, 0, 0, 1, 1, 2, 1, 2, 2, 0, 2, 1, 0, 1, 2, 1, 2, 1, 1, 1, 1, 1, 1, 1, 0, 1, 1, 0, 0, 2, 0, 0, 0, 2, 1, 2, 2, 1, 0, 1, 0, 0, 0, 1, 0, 2, 0, 1, 0, 2, 1, 0, 0]|[0, 3, 2, 2, 4, 1, 2, 3, 2, 4, 2, 1, 1, 4, 4, 1, 4, 2, 1, 1, 1, 1, 2, 1, 2, 1, 1, 2, 1, 3, 2, 0, 4, 0, 1, 1, 0, 3, 2, 1, 2, 0, 1, 1, 0, 2, 4, 0, 2, 2, 1, 4, 0, 3, 2, 1, 1, 1, 3, 1, 1, 1, 3, 0, 4, 3, 1, 4, 1, 3, 1, 0, 4, 2, 1, 1, 1, 1, 1, 2, 1, 3, 1, 1, 1, 1, 4, 0, 2, 1, 3, 2, 1, 1, 1, 2, 1, 4, 2, 2]|[0, 2, 1, 1, 3, 0, 1, 3, 0, 0, 0, 0, 0, 0, 1, 0, 3, 1, 0, 0, 0, 3, 1, 0, 2, 0, 0, 1, 1, 0, 0, 0, 3, 0, 1, 0, 0, 2, 1, 0, 1, 0, 0, 0, 0, 1, 2, 1, 0, 0, 1, 3, 0, 0, 1, 0, 0, 0, 2, 0, 1, 0, 2, 1, 0, 0, 1, 1, 3, 0, 1, 1, 3, 3, 0, 0, 0, 0, 0, 1, 0, 0, 0, 0, 1, 0, 0, 0, 1, 0, 2, 1, 0, 1, 1, 0, 0, 2, 0, 0],717.7746778690674,58051.11429889491,97947.81742761745,false
35,G4_BALANCED,G4_BALANCED,[31, 22, 74, 15, 26, 9, 95, 42, 77, 68, 47, 5, 93, 78, 86, 54, 85, 63, 18, 44, 20, 49, 36, 14, 82, 50, 53, 17, 21, 28, 11, 64, 3, 23, 30, 83, 24, 41, 40, 52, 65, 27, 90, 70, 39, 87, 48, 69, 99, 4, 75, 1, 13, 58, 97, 59, 45, 8, 73, 37, 35, 79, 71, 66, 76, 32, 60, 80, 56, 6, 67, 61, 33, 7, 57, 34, 12, 16, 55, 98, 96, 88, 43, 46, 91, 38, 84, 92, 29, 19, 51, 10, 72, 89, 25, 81, 94, 2, 62, 0]|[2, 1, 0, 1, 1, 2, 1, 1, 1, 1, 1, 0, 2, 2, 1, 2, 0, 0, 0, 2, 2, 1, 0, 2, 0, 2, 2, 1, 0, 1, 1, 1, 0, 0, 1, 0, 2, 1, 2, 2, 0, 0, 1, 1, 0, 2, 0, 2, 1, 0, 0, 2, 0, 0, 2, 0, 1, 1, 0, 0, 2, 1, 1, 2, 2, 0, 2, 2, 2, 1, 2, 1, 1, 2, 0, 1, 1, 2, 0, 2, 0, 1, 1, 0, 1, 0, 0, 0, 1, 1, 1, 0, 1, 1, 1, 1, 2, 2, 1, 0]|[0, 3, 0, 3, 4, 1, 4, 4, 2, 4, 3, 2, 1, 0, 2, 1, 1, 1, 2, 1, 1, 3, 0, 1, 0, 1, 1, 4, 1, 4, 3, 2, 2, 0, 4, 1, 1, 4, 1, 1, 2, 1, 4, 4, 1, 1, 0, 2, 3, 2, 2, 1, 2, 1, 1, 2, 4, 3, 0, 2, 2, 3, 3, 1, 1, 2, 1, 1, 1, 4, 1, 3, 4, 1, 2, 4, 3, 1, 2, 1, 2, 4, 4, 2, 3, 2, 2, 2, 3, 4, 3, 2, 4, 4, 4, 4, 1, 1, 3, 2]|[0, 2, 1, 0, 3, 0, 1, 3, 0, 0, 2, 0, 1, 0, 1, 0, 0, 0, 1, 0, 0, 2, 0, 0, 1, 0, 0, 3, 0, 1, 0, 2, 0, 0, 3, 0, 1, 1, 0, 0, 0, 0, 1, 3, 0, 0, 1, 0, 2, 0, 0, 0, 0, 1, 1, 0, 1, 0, 1, 1, 0, 2, 0, 0, 0, 0, 0, 0, 0, 2, 0, 0, 1, 0, 0, 1, 0, 0, 0, 0, 0, 1, 2, 0, 0, 0, 0, 0, 3, 1, 0, 0, 1, 1, 3, 2, 0, 0, 0, 0],888.6995017737006,49869.04200949402,104486.27672803425,false
35,G2_TEC,G2_TEC,[31, 22, 82, 15, 26, 9, 95, 42, 77, 68, 47, 5, 93, 78, 86, 54, 85, 63, 18, 44, 20, 49, 36, 14, 74, 50, 53, 17, 21, 28, 11, 64, 3, 23, 30, 83, 24, 41, 40, 52, 65, 27, 90, 70, 39, 87, 48, 69, 99, 4, 75, 1, 13, 58, 97, 59, 45, 8, 73, 37, 35, 79, 71, 66, 76, 32, 60, 80, 56, 6, 67, 61, 33, 7, 57, 34, 12, 16, 10, 98, 96, 88, 43, 46, 91, 38, 84, 92, 29, 19, 51, 55, 81, 89, 25, 72, 94, 2, 0, 62]|[2, 1, 2, 1, 1, 2, 1, 1, 1, 1, 1, 0, 2, 2, 1, 2, 0, 0, 0, 2, 2, 1, 0, 2, 0, 2, 2, 1, 0, 1, 1, 1, 0, 0, 1, 0, 2, 1, 2, 2, 0, 0, 1, 1, 0, 2, 0, 2, 1, 0, 0, 2, 0, 0, 2, 0, 1, 1, 0, 0, 2, 1, 1, 2, 2, 0, 2, 2, 2, 1, 2, 1, 1, 2, 0, 1, 1, 2, 1, 2, 0, 1, 1, 0, 1, 0, 0, 0, 1, 1, 1, 0, 1, 1, 1, 1, 2, 2, 0, 1]|[0, 3, 0, 3, 4, 1, 4, 4, 2, 4, 3, 2, 1, 0, 2, 1, 1, 1, 2, 1, 1, 3, 0, 1, 0, 1, 1, 4, 1, 4, 3, 2, 2, 0, 4, 1, 1, 4, 1, 1, 2, 1, 4, 4, 1, 1, 0, 2, 3, 2, 2, 1, 2, 1, 1, 2, 4, 3, 0, 2, 2, 3, 3, 1, 1, 2, 1, 1, 1, 4, 1, 3, 4, 1, 2, 4, 3, 1, 3, 1, 2, 4, 4, 2, 3, 2, 2, 2, 3, 4, 3, 2, 4, 4, 4, 4, 1, 1, 2, 3]|[0, 2, 0, 0, 3, 0, 1, 3, 0, 0, 2, 0, 1, 0, 1, 0, 0, 0, 1, 0, 0, 2, 0, 0, 1, 0, 0, 3, 0, 1, 0, 2, 0, 0, 3, 0, 1, 1, 0, 0, 0, 0, 1, 3, 0, 0, 1, 0, 2, 0, 0, 0, 0, 0, 1, 0, 1, 0, 1, 1, 0, 2, 0, 0, 0, 0, 0, 0, 0, 2, 0, 0, 1, 0, 0, 1, 0, 0, 3, 0, 0, 1, 2, 0, 0, 0, 0, 0, 3, 1, 0, 0, 2, 1, 3, 1, 0, 0, 0, 0],908.8272556494078,49235.066718390466,107289.32240407266,false
35,G3_TWC,G3_TWC,[31, 22, 82, 15, 26, 58, 95, 42, 77, 12, 47, 5, 93, 78, 98, 54, 85, 63, 18, 44, 20, 35, 43, 97, 91, 76, 10, 30, 21, 45, 71, 64, 1, 23, 17, 83, 24, 14, 60, 36, 6, 57, 94, 88, 65, 56, 79, 40, 67, 68, 46, 75, 38, 9, 19, 32, 81, 41, 27, 62, 87, 90, 99, 59, 11, 16, 72, 73, 70, 39, 37, 84, 3, 92, 25, 55, 28, 29, 51, 7, 33, 61, 86, 48, 89, 50, 69, 96, 53, 80, 4, 8, 34, 49, 52, 0, 13, 2, 66, 74]|[1, 1, 0, 1, 1, 1, 2, 1, 2, 1, 2, 2, 2, 1, 1, 0, 0, 1, 0, 2, 2, 0, 1, 2, 0, 1, 2, 2, 0, 0, 1, 2, 1, 2, 1, 0, 2, 0, 1, 1, 0, 1, 1, 1, 0, 2, 1, 1, 0, 0, 0, 0, 1, 1, 2, 1, 2, 0, 0, 0, 2, 1, 0, 1, 2, 1, 2, 1, 1, 1, 1, 1, 2, 0, 1, 1, 0, 0, 0, 1, 2, 1, 0, 0, 1, 0, 1, 0, 0, 0, 0, 1, 2, 0, 1, 0, 0, 0, 2, 2]|[4, 3, 2, 2, 0, 0, 2, 2, 2, 4, 1, 1, 2, 4, 4, 1, 1, 4, 2, 1, 1, 1, 1, 2, 1, 2, 1, 1, 1, 1, 3, 2, 3, 0, 4, 0, 1, 1, 0, 3, 2, 2, 4, 0, 1, 1, 0, 2, 0, 1, 2, 2, 1, 4, 0, 3, 2, 1, 1, 2, 1, 3, 1, 1, 1, 3, 0, 4, 3, 1, 4, 1, 1, 2, 4, 4, 2, 1, 1, 3, 1, 3, 1, 1, 1, 1, 3, 1, 2, 1, 2, 3, 1, 1, 1, 2, 2, 2, 1, 1]|[0, 2, 1, 1, 3, 3, 0, 1, 0, 0, 0, 0, 1, 0, 1, 0, 0, 3, 1, 0, 0, 0, 3, 1, 0, 2, 0, 0, 0, 1, 0, 0, 0, 0, 3, 0, 1, 0, 0, 2, 1, 1, 2, 0, 0, 0, 0, 1, 1, 0, 0, 0, 1, 3, 0, 0, 1, 0, 0, 1, 0, 2, 0, 1, 0, 2, 1, 0, 0, 1, 1, 3, 0, 1, 3, 3, 1, 0, 0, 2, 0, 0, 0, 0, 1, 0, 0, 0, 1, 0, 1, 2, 0, 1, 1, 0, 0, 0, 0, 0],790.1170626932459,57964.85042440004,88964.63499548077,false
35,G1_CMAX,G3_TWC,[31, 22, 82, 15, 26, 9, 42, 95, 77, 12, 47, 5, 93, 78, 86, 54, 71, 63, 18, 44, 20, 35, 43, 34, 91, 76, 10, 30, 21, 45, 85, 64, 1, 23, 17, 83, 24, 14, 60, 36, 6, 57, 94, 88, 65, 56, 79, 40, 67, 68, 46, 75, 39, 58, 19, 32, 81, 96, 27, 62, 87, 90, 99, 59, 11, 16, 72, 73, 70, 38, 37, 84, 3, 92, 25, 55, 28, 29, 51, 7, 33, 61, 98, 48, 89, 50, 4, 41, 53, 8, 80, 13, 69, 49, 52, 0, 74, 97, 2, 66]|[1, 1, 0, 1, 1, 1, 2, 1, 2, 1, 2, 2, 2, 1, 1, 0, 1, 1, 0, 2, 2, 0, 1, 2, 0, 1, 2, 2, 0, 0, 0, 2, 1, 2, 1, 0, 2, 0, 1, 1, 0, 1, 1, 1, 0, 2, 1, 1, 0, 0, 0, 0, 1, 1, 2, 1, 2, 2, 0, 0, 2, 1, 0, 1, 2, 1, 2, 1, 1, 1, 1, 1, 1, 0, 1, 1, 0, 0, 0, 1, 2, 1, 0, 0, 1, 0, 0, 2, 0, 0, 0, 0, 1, 0, 1, 0, 2, 2, 0, 2]|[4, 3, 2, 2, 0, 0, 2, 2, 2, 4, 1, 2, 1, 4, 4, 1, 3, 4, 2, 1, 1, 1, 1, 2, 1, 2, 1, 1, 1, 1, 2, 2, 3, 1, 4, 0, 1, 1, 0, 3, 2, 2, 4, 0, 1, 1, 0, 2, 0, 1, 2, 2, 1, 4, 0, 3, 2, 1, 1, 2, 1, 3, 1, 1, 1, 3, 0, 4, 3, 1, 4, 1, 1, 2, 4, 4, 2, 1, 1, 3, 1, 3, 1, 1, 1, 1, 2, 1, 2, 1, 1, 1, 3, 1, 1, 2, 1, 1, 2, 1]|[0, 2, 1, 1, 3, 3, 0, 1, 0, 0, 0, 1, 0, 0, 1, 0, 0, 3, 1, 0, 0, 0, 3, 1, 0, 2, 0, 0, 0, 1, 0, 0, 0, 0, 3, 0, 1, 0, 0, 2, 1, 1, 2, 0, 0, 0, 0, 1, 1, 0, 0, 0, 1, 3, 0, 0, 1, 0, 0, 1, 0, 2, 0, 1, 0, 2, 1, 0, 0, 1, 1, 3, 1, 1, 3, 3, 1, 0, 0, 2, 0, 0, 0, 0, 1, 0, 1, 0, 1, 0, 0, 0, 0, 1, 1, 0, 0, 0, 0, 0],761.3348399239985,58195.972123259366,90996.83021526894,true
35,G4_BALANCED,G4_BALANCED,[31, 11, 15, 82, 26, 9, 95, 32, 77, 68, 47, 5, 93, 78, 86, 54, 85, 63, 18, 44, 20, 49, 36, 14, 74, 50, 53, 17, 21, 45, 71, 64, 3, 23, 30, 83, 24, 41, 60, 52, 65, 27, 90, 70, 39, 87, 48, 69, 99, 4, 46, 1, 13, 58, 97, 59, 28, 75, 73, 37, 35, 79, 22, 66, 76, 42, 40, 80, 96, 6, 16, 61, 33, 7, 57, 34, 12, 67, 10, 98, 56, 88, 29, 94, 91, 38, 51, 92, 43, 84, 19, 72, 81, 25, 0, 55, 62, 89, 8, 2]|[2, 1, 1, 2, 1, 2, 1, 1, 1, 1, 1, 0, 2, 2, 1, 2, 0, 0, 0, 2, 2, 1, 0, 2, 0, 2, 2, 1, 0, 1, 1, 1, 0, 0, 1, 0, 2, 1, 2, 2, 0, 0, 1, 1, 0, 2, 0, 2, 1, 0, 0, 2, 0, 0, 2, 0, 1, 0, 0, 0, 2, 1, 0, 2, 2, 0, 2, 2, 0, 1, 2, 1, 1, 2, 0, 1, 1, 1, 1, 2, 2, 1, 1, 2, 1, 0, 1, 0, 1, 0, 1, 1, 1, 1, 0, 0, 1, 1, 1, 2]|[0, 3, 2, 0, 4, 1, 4, 4, 2, 4, 3, 2, 1, 0, 2, 1, 1, 1, 2, 1, 1, 3, 0, 1, 0, 1, 1, 4, 1, 4, 3, 2, 2, 0, 4, 1, 1, 4, 0, 1, 2, 1, 4, 4, 1, 1, 0, 2, 3, 1, 2, 1, 2, 1, 1, 2, 4, 2, 0, 2, 2, 3, 1, 0, 1, 2, 0, 1, 2, 4, 1, 3, 4, 1, 2, 4, 3, 3, 3, 1, 1, 4, 3, 1, 3, 2, 3, 2, 4, 2, 4, 4, 1, 4, 2, 2, 3, 4, 3, 1]|[0, 2, 1, 0, 3, 0, 1, 3, 0, 0, 2, 0, 1, 0, 1, 0, 0, 0, 1, 0, 0, 2, 0, 0, 1, 0, 0, 3, 0, 1, 0, 2, 0, 1, 3, 0, 1, 3, 1, 0, 0, 0, 1, 3, 0, 0, 1, 0, 2, 0, 0, 0, 0, 0, 1, 0, 1, 0, 1, 1, 0, 2, 0, 0, 0, 0, 0, 0, 0, 2, 0, 0, 1, 0, 0, 1, 0, 0, 3, 0, 0, 1, 0, 0, 0, 0, 0, 0, 2, 0, 3, 2, 1, 3, 0, 0, 0, 1, 0, 0],838.0858887121581,52145.01293281826,108083.60693758915,false
35,G2_TEC,G2_TEC,[31, 22, 82, 15, 26, 9, 95, 42, 77, 68, 47, 5, 93, 78, 86, 54, 85, 63, 18, 44, 20, 49, 36, 14, 74, 50, 53, 17, 21, 28, 11, 64, 3, 23, 30, 83, 24, 41, 40, 52, 65, 27, 90, 70, 39, 87, 48, 69, 99, 4, 75, 1, 13, 58, 97, 59, 45, 8, 73, 37, 35, 79, 71, 66, 76, 32, 60, 80, 56, 6, 67, 61, 33, 7, 57, 34, 12, 16, 10, 98, 96, 88, 43, 46, 91, 38, 84, 92, 29, 19, 51, 55, 81, 89, 25, 72, 94, 2, 0, 62]|[2, 1, 2, 1, 1, 2, 1, 1, 1, 1, 1, 0, 2, 2, 1, 2, 0, 0, 0, 2, 2, 1, 0, 2, 0, 2, 2, 1, 0, 1, 1, 1, 0, 0, 1, 0, 2, 1, 2, 2, 0, 0, 1, 1, 0, 2, 0, 2, 1, 0, 0, 2, 0, 0, 2, 0, 1, 1, 0, 0, 2, 1, 1, 2, 2, 0, 2, 2, 2, 1, 2, 1, 1, 2, 0, 1, 1, 2, 1, 2, 0, 1, 1, 0, 1, 0, 0, 0, 1, 1, 1, 0, 1, 1, 1, 1, 2, 2, 0, 1]|[0, 3, 0, 3, 4, 1, 4, 4, 2, 4, 3, 2, 1, 0, 2, 1, 1, 1, 2, 1, 1, 3, 0, 1, 0, 1, 1, 4, 1, 4, 3, 2, 2, 0, 4, 1, 1, 4, 1, 1, 2, 1, 4, 4, 1, 1, 0, 2, 3, 2, 2, 1, 2, 1, 1, 2, 4, 3, 0, 2, 2, 3, 3, 1, 1, 2, 1, 1, 1, 4, 1, 3, 4, 1, 2, 4, 3, 1, 3, 1, 2, 4, 4, 2, 3, 2, 2, 2, 3, 4, 3, 2, 4, 4, 4, 4, 1, 1, 2, 3]|[0, 2, 0, 0, 3, 0, 1, 3, 0, 0, 2, 0, 1, 0, 1, 0, 0, 0, 1, 0, 0, 2, 0, 0, 1, 0, 0, 3, 0, 1, 0, 2, 0, 0, 3, 0, 1, 1, 0, 0, 0, 0, 1, 3, 0, 0, 1, 0, 2, 0, 0, 0, 0, 0, 1, 0, 1, 0, 1, 1, 0, 2, 0, 0, 0, 0, 0, 0, 0, 2, 0, 0, 1, 0, 0, 1, 0, 0, 3, 0, 0, 1, 2, 0, 0, 0, 0, 0, 3, 1, 0, 0, 2, 1, 3, 1, 0, 0, 0, 0],908.8272556494078,49235.066718390466,107289.32240407266,false
35,G3_TWC,G3_TWC,[31, 22, 82, 15, 26, 58, 95, 42, 77, 12, 47, 5, 93, 78, 98, 54, 85, 63, 18, 44, 20, 35, 43, 97, 91, 76, 10, 30, 21, 45, 71, 64, 1, 23, 17, 83, 24, 14, 60, 36, 6, 57, 94, 88, 65, 56, 79, 40, 67, 68, 46, 75, 38, 9, 19, 32, 81, 41, 27, 62, 87, 90, 99, 59, 11, 16, 72, 73, 70, 39, 37, 84, 3, 92, 25, 55, 28, 29, 51, 7, 33, 61, 86, 48, 89, 50, 69, 96, 53, 80, 4, 8, 34, 49, 52, 0, 13, 2, 66, 74]|[1, 1, 0, 1, 1, 1, 2, 1, 2, 1, 2, 2, 2, 1, 1, 0, 0, 1, 0, 2, 2, 0, 1, 2, 0, 1, 2, 2, 0, 0, 1, 2, 1, 2, 1, 0, 2, 0, 1, 1, 0, 1, 1, 1, 0, 2, 1, 1, 0, 0, 0, 0, 1, 1, 2, 1, 2, 0, 0, 0, 2, 1, 0, 1, 2, 1, 2, 1, 1, 1, 1, 1, 2, 0, 1, 1, 0, 0, 0, 1, 2, 1, 0, 0, 1, 0, 1, 0, 0, 0, 0, 1, 2, 0, 1, 0, 0, 0, 2, 2]|[4, 3, 2, 2, 0, 0, 2, 2, 2, 4, 1, 1, 2, 4, 4, 1, 1, 4, 2, 1, 1, 1, 1, 2, 1, 2, 1, 1, 1, 1, 3, 2, 3, 0, 4, 0, 1, 1, 0, 3, 2, 2, 4, 0, 1, 1, 0, 2, 0, 1, 2, 2, 1, 4, 0, 3, 2, 1, 1, 2, 1, 3, 1, 1, 1, 3, 0, 4, 3, 1, 4, 1, 1, 2, 4, 4, 2, 1, 1, 3, 1, 3, 1, 1, 1, 1, 3, 1, 2, 1, 2, 3, 1, 1, 1, 2, 2, 2, 1, 1]|[0, 2, 1, 1, 3, 3, 0, 1, 0, 0, 0, 0, 1, 0, 1, 0, 0, 3, 1, 0, 0, 0, 3, 1, 0, 2, 0, 0, 0, 1, 0, 0, 0, 0, 3, 0, 1, 0, 0, 2, 1, 1, 2, 0, 0, 0, 0, 1, 1, 0, 0, 0, 1, 3, 0, 0, 1, 0, 0, 1, 0, 2, 0, 1, 0, 2, 1, 0, 0, 1, 1, 3, 0, 1, 3, 3, 1, 0, 0, 2, 0, 0, 0, 0, 1, 0, 0, 0, 1, 0, 1, 2, 0, 1, 1, 0, 0, 0, 0, 0],790.1170626932459,57964.85042440004,88964.63499548077,false
35,G1_CMAX,G4_BALANCED,[31, 22, 82, 15, 26, 9, 95, 42, 77, 68, 47, 5, 93, 78, 86, 54, 85, 63, 18, 44, 20, 49, 36, 14, 74, 50, 53, 17, 21, 28, 11, 64, 3, 23, 30, 83, 24, 41, 40, 52, 65, 27, 90, 70, 39, 87, 48, 69, 99, 4, 46, 1, 13, 58, 19, 59, 45, 8, 73, 37, 35, 79, 71, 66, 76, 32, 60, 80, 96, 6, 67, 61, 33, 7, 57, 34, 12, 16, 10, 98, 56, 88, 43, 75, 91, 38, 97, 92, 29, 84, 2, 72, 25, 89, 55, 81, 94, 51, 62, 0]|[2, 1, 2, 1, 1, 2, 1, 1, 1, 1, 1, 0, 2, 2, 1, 2, 0, 0, 0, 2, 2, 1, 0, 2, 0, 2, 2, 1, 0, 1, 1, 1, 0, 0, 1, 0, 2, 1, 2, 2, 0, 0, 1, 1, 0, 2, 0, 2, 1, 0, 0, 2, 0, 0, 2, 0, 1, 1, 0, 0, 2, 1, 1, 2, 2, 0, 2, 2, 0, 1, 0, 1, 1, 2, 0, 1, 1, 2, 1, 2, 2, 1, 1, 0, 1, 0, 1, 0, 1, 0, 2, 1, 1, 1, 0, 1, 2, 1, 1, 0]|[0, 3, 0, 3, 4, 1, 4, 4, 2, 4, 3, 2, 1, 0, 2, 1, 1, 1, 2, 1, 1, 3, 0, 1, 0, 1, 1, 4, 1, 4, 3, 2, 2, 0, 4, 1, 1, 4, 1, 1, 2, 1, 4, 4, 1, 1, 0, 2, 3, 2, 2, 1, 2, 1, 1, 2, 4, 3, 0, 2, 2, 3, 3, 1, 1, 2, 1, 1, 2, 4, 2, 3, 4, 1, 2, 4, 3, 1, 3, 1, 1, 4, 4, 2, 3, 2, 4, 2, 3, 2, 1, 4, 4, 4, 2, 4, 1, 3, 3, 2]|[0, 2, 0, 0, 3, 0, 1, 3, 0, 0, 2, 0, 1, 0, 1, 0, 0, 0, 1, 0, 0, 2, 0, 0, 1, 0, 0, 3, 0, 1, 0, 2, 0, 0, 3, 0, 1, 1, 0, 0, 0, 0, 1, 3, 0, 0, 1, 0, 2, 0, 0, 0, 0, 1, 1, 0, 1, 0, 1, 1, 0, 2, 0, 0, 0, 0, 0, 0, 0, 2, 0, 0, 1, 0, 0, 1, 0, 0, 3, 0, 0, 1, 2, 0, 0, 0, 1, 0, 3, 0, 0, 2, 3, 1, 0, 2, 0, 0, 0, 0],897.7591838808809,49643.76078991009,105256.00159578695,true
35,G4_BALANCED,G4_BALANCED,[31, 11, 15, 82, 26, 9, 95, 32, 77, 68, 47, 5, 93, 78, 86, 54, 85, 63, 18, 44, 20, 49, 36, 14, 74, 50, 53, 17, 21, 45, 71, 64, 3, 23, 30, 83, 24, 41, 60, 52, 65, 27, 90, 70, 39, 87, 48, 69, 99, 4, 46, 1, 13, 58, 97, 59, 28, 75, 73, 37, 35, 79, 22, 66, 76, 42, 40, 80, 96, 6, 16, 61, 33, 7, 57, 34, 12, 67, 10, 98, 56, 88, 29, 94, 91, 38, 51, 92, 43, 84, 19, 72, 81, 25, 0, 55, 62, 89, 8, 2]|[2, 1, 1, 2, 1, 2, 1, 1, 1, 1, 1, 0, 2, 2, 1, 2, 0, 0, 0, 2, 2, 1, 0, 2, 0, 2, 2, 1, 0, 1, 1, 1, 0, 0, 1, 0, 2, 1, 2, 2, 0, 0, 1, 1, 0, 2, 0, 2, 1, 0, 0, 2, 0, 0, 2, 0, 1, 0, 0, 0, 2, 1, 0, 2, 2, 0, 2, 2, 0, 1, 2, 1, 1, 2, 0, 1, 1, 1, 1, 2, 2, 1, 1, 2, 1, 0, 1, 0, 1, 0, 1, 1, 1, 1, 0, 0, 1, 1, 1, 2]|[0, 3, 2, 0, 4, 1, 4, 4, 2, 4, 3, 2, 1, 0, 2, 1, 1, 1, 2, 1, 1, 3, 0, 1, 0, 1, 1, 4, 1, 4, 3, 2, 2, 0, 4, 1, 1, 4, 0, 1, 2, 1, 4, 4, 1, 1, 0, 2, 3, 1, 2, 1, 2, 1, 1, 2, 4, 2, 0, 2, 2, 3, 1, 0, 1, 2, 0, 1, 2, 4, 1, 3, 4, 1, 2, 4, 3, 3, 3, 1, 1, 4, 3, 1, 3, 2, 3, 2, 4, 2, 4, 4, 1, 4, 2, 2, 3, 4, 3, 1]|[0, 2, 1, 0, 3, 0, 1, 3, 0, 0, 2, 0, 1, 0, 1, 0, 0, 0, 1, 0, 0, 2, 0, 0, 1, 0, 0, 3, 0, 1, 0, 2, 0, 1, 3, 0, 1, 3, 1, 0, 0, 0, 1, 3, 0, 0, 1, 0, 2, 0, 0, 0, 0, 0, 1, 0, 1, 0, 1, 1, 0, 2, 0, 0, 0, 0, 0, 0, 0, 2, 0, 0, 1, 0, 0, 1, 0, 0, 3, 0, 0, 1, 0, 0, 0, 0, 0, 0, 2, 0, 3, 2, 1, 3, 0, 0, 0, 1, 0, 0],838.0858887121581,52145.01293281826,108083.60693758915,false
35,G2_TEC,G2_TEC,[31, 22, 82, 15, 26, 9, 95, 42, 77, 68, 47, 5, 93, 78, 86, 54, 85, 63, 18, 44, 20, 49, 36, 14, 74, 50, 53, 17, 21, 28, 11, 64, 3, 23, 30, 83, 24, 41, 40, 52, 65, 27, 90, 70, 39, 87, 48, 69, 99, 4, 75, 1, 13, 58, 97, 59, 45, 8, 73, 37, 35, 79, 71, 66, 76, 32, 60, 80, 56, 6, 67, 61, 33, 7, 57, 34, 12, 16, 10, 98, 96, 88, 43, 46, 91, 38, 84, 92, 29, 19, 51, 55, 81, 89, 25, 72, 94, 2, 0, 62]|[2, 1, 2, 1, 1, 2, 1, 1, 1, 1, 1, 0, 2, 2, 1, 2, 0, 0, 0, 2, 2, 1, 0, 2, 0, 2, 2, 1, 0, 1, 1, 1, 0, 0, 1, 0, 2, 1, 2, 2, 0, 0, 1, 1, 0, 2, 0, 2, 1, 0, 0, 2, 0, 0, 2, 0, 1, 1, 0, 0, 2, 1, 1, 2, 2, 0, 2, 2, 2, 1, 2, 1, 1, 2, 0, 1, 1, 2, 1, 2, 0, 1, 1, 0, 1, 0, 0, 0, 1, 1, 1, 0, 1, 1, 1, 1, 2, 2, 0, 1]|[0, 3, 0, 3, 4, 1, 4, 4, 2, 4, 3, 2, 1, 0, 2, 1, 1, 1, 2, 1, 1, 3, 0, 1, 0, 1, 1, 4, 1, 4, 3, 2, 2, 0, 4, 1, 1, 4, 1, 1, 2, 1, 4, 4, 1, 1, 0, 2, 3, 2, 2, 1, 2, 1, 1, 2, 4, 3, 0, 2, 2, 3, 3, 1, 1, 2, 1, 1, 1, 4, 1, 3, 4, 1, 2, 4, 3, 1, 3, 1, 2, 4, 4, 2, 3, 2, 2, 2, 3, 4, 3, 2, 4, 4, 4, 4, 1, 1, 2, 3]|[0, 2, 0, 0, 3, 0, 1, 3, 0, 0, 2, 0, 1, 0, 1, 0, 0, 0, 1, 0, 0, 2, 0, 0, 1, 0, 0, 3, 0, 1, 0, 2, 0, 0, 3, 0, 1, 1, 0, 0, 0, 0, 1, 3, 0, 0, 1, 0, 2, 0, 0, 0, 0, 0, 1, 0, 1, 0, 1, 1, 0, 2, 0, 0, 0, 0, 0, 0, 0, 2, 0, 0, 1, 0, 0, 1, 0, 0, 3, 0, 0, 1, 2, 0, 0, 0, 0, 0, 3, 1, 0, 0, 2, 1, 3, 1, 0, 0, 0, 0],908.8272556494078,49235.066718390466,107289.32240407266,false
35,G3_TWC,G3_TWC,[31, 22, 82, 15, 26, 58, 95, 42, 77, 12, 47, 5, 93, 78, 98, 54, 85, 63, 18, 44, 20, 35, 43, 97, 91, 76, 10, 30, 21, 45, 71, 64, 1, 23, 17, 83, 24, 14, 60, 36, 6, 57, 94, 88, 65, 56, 79, 40, 67, 68, 46, 75, 38, 9, 19, 32, 81, 41, 27, 62, 87, 90, 99, 59, 11, 16, 72, 73, 70, 39, 37, 84, 3, 92, 25, 55, 28, 29, 51, 7, 33, 61, 86, 48, 89, 50, 69, 96, 53, 80, 4, 8, 34, 49, 52, 0, 13, 2, 66, 74]|[1, 1, 0, 1, 1, 1, 2, 1, 2, 1, 2, 2, 2, 1, 1, 0, 0, 1, 0, 2, 2, 0, 1, 2, 0, 1, 2, 2, 0, 0, 1, 2, 1, 2, 1, 0, 2, 0, 1, 1, 0, 1, 1, 1, 0, 2, 1, 1, 0, 0, 0, 0, 1, 1, 2, 1, 2, 0, 0, 0, 2, 1, 0, 1, 2, 1, 2, 1, 1, 1, 1, 1, 2, 0, 1, 1, 0, 0, 0, 1, 2, 1, 0, 0, 1, 0, 1, 0, 0, 0, 0, 1, 2, 0, 1, 0, 0, 0, 2, 2]|[4, 3, 2, 2, 0, 0, 2, 2, 2, 4, 1, 1, 2, 4, 4, 1, 1, 4, 2, 1, 1, 1, 1, 2, 1, 2, 1, 1, 1, 1, 3, 2, 3, 0, 4, 0, 1, 1, 0, 3, 2, 2, 4, 0, 1, 1, 0, 2, 0, 1, 2, 2, 1, 4, 0, 3, 2, 1, 1, 2, 1, 3, 1, 1, 1, 3, 0, 4, 3, 1, 4, 1, 1, 2, 4, 4, 2, 1, 1, 3, 1, 3, 1, 1, 1, 1, 3, 1, 2, 1, 2, 3, 1, 1, 1, 2, 2, 2, 1, 1]|[0, 2, 1, 1, 3, 3, 0, 1, 0, 0, 0, 0, 1, 0, 1, 0, 0, 3, 1, 0, 0, 0, 3, 1, 0, 2, 0, 0, 0, 1, 0, 0, 0, 0, 3, 0, 1, 0, 0, 2, 1, 1, 2, 0, 0, 0, 0, 1, 1, 0, 0, 0, 1, 3, 0, 0, 1, 0, 0, 1, 0, 2, 0, 1, 0, 2, 1, 0, 0, 1, 1, 3, 0, 1, 3, 3, 1, 0, 0, 2, 0, 0, 0, 0, 1, 0, 0, 0, 1, 0, 1, 2, 0, 1, 1, 0, 0, 0, 0, 0],790.1170626932459,57964.85042440004,88964.63499548077,false
35,G1_CMAX,G4_BALANCED,[31, 22, 82, 15, 26, 9, 95, 42, 77, 68, 47, 5, 93, 78, 86, 54, 85, 63, 18, 44, 20, 49, 36, 14, 74, 50, 53, 17, 21, 28, 11, 64, 3, 23, 30, 83, 24, 41, 40, 52, 65, 27, 90, 70, 39, 87, 48, 69, 99, 4, 46, 1, 13, 58, 19, 59, 45, 8, 73, 37, 35, 79, 71, 66, 76, 32, 60, 80, 96, 6, 67, 61, 33, 7, 57, 34, 12, 16, 10, 98, 56, 88, 43, 75, 91, 38, 97, 92, 29, 84, 2, 72, 25, 89, 55, 81, 94, 51, 62, 0]|[2, 1, 2, 1, 1, 2, 1, 1, 1, 1, 1, 0, 2, 2, 1, 2, 0, 0, 0, 2, 2, 1, 0, 2, 0, 2, 2, 1, 0, 1, 1, 1, 0, 0, 1, 0, 2, 1, 2, 2, 0, 0, 1, 1, 0, 2, 0, 2, 1, 0, 0, 2, 0, 0, 2, 0, 1, 1, 0, 0, 2, 1, 1, 2, 2, 0, 2, 2, 0, 1, 0, 1, 1, 2, 0, 1, 1, 2, 1, 2, 2, 1, 1, 0, 1, 0, 1, 0, 1, 0, 2, 1, 1, 1, 0, 1, 2, 1, 1, 0]|[0, 3, 0, 3, 4, 1, 4, 4, 2, 4, 3, 2, 1, 0, 2, 1, 1, 1, 2, 1, 1, 3, 0, 1, 0, 1, 1, 4, 1, 4, 3, 2, 2, 0, 4, 1, 1, 4, 1, 1, 2, 1, 4, 4, 1, 1, 0, 2, 3, 2, 2, 1, 2, 1, 1, 2, 4, 3, 0, 2, 2, 3, 3, 1, 1, 2, 1, 1, 2, 4, 2, 3, 4, 1, 2, 4, 3, 1, 3, 1, 1, 4, 4, 2, 3, 2, 4, 2, 3, 2, 1, 4, 4, 4, 2, 4, 1, 3, 3, 2]|[0, 2, 0, 0, 3, 0, 1, 3, 0, 0, 2, 0, 1, 0, 1, 0, 0, 0, 1, 0, 0, 2, 0, 0, 1, 0, 0, 3, 0, 1, 0, 2, 0, 0, 3, 0, 1, 1, 0, 0, 0, 0, 1, 3, 0, 0, 1, 0, 2, 0, 0, 0, 0, 1, 1, 0, 1, 0, 1, 1, 0, 2, 0, 0, 0, 0, 0, 0, 0, 2, 0, 0, 1, 0, 0, 1, 0, 0, 3, 0, 0, 1, 2, 0, 0, 0, 1, 0, 3, 0, 0, 2, 3, 1, 0, 2, 0, 0, 0, 0],897.7591838808809,49643.76078991009,105256.00159578695,true
35,G4_BALANCED,G4_BALANCED,[31, 11, 15, 82, 26, 9, 95, 32, 77, 68, 47, 5, 93, 78, 86, 54, 85, 63, 18, 44, 20, 49, 36, 14, 74, 50, 53, 17, 21, 45, 71, 64, 3, 23, 30, 83, 24, 41, 60, 52, 65, 27, 90, 70, 39, 87, 48, 69, 99, 4, 46, 1, 13, 58, 97, 59, 28, 75, 73, 37, 35, 79, 22, 66, 76, 42, 40, 80, 96, 6, 16, 61, 33, 7, 57, 34, 12, 67, 10, 98, 56, 88, 29, 94, 91, 38, 51, 92, 43, 84, 19, 72, 81, 25, 0, 55, 62, 89, 8, 2]|[2, 1, 1, 2, 1, 2, 1, 1, 1, 1, 1, 0, 2, 2, 1, 2, 0, 0, 0, 2, 2, 1, 0, 2, 0, 2, 2, 1, 0, 1, 1, 1, 0, 0, 1, 0, 2, 1, 2, 2, 0, 0, 1, 1, 0, 2, 0, 2, 1, 0, 0, 2, 0, 0, 2, 0, 1, 0, 0, 0, 2, 1, 0, 2, 2, 0, 2, 2, 0, 1, 2, 1, 1, 2, 0, 1, 1, 1, 1, 2, 2, 1, 1, 2, 1, 0, 1, 0, 1, 0, 1, 1, 1, 1, 0, 0, 1, 1, 1, 2]|[0, 3, 2, 0, 4, 1, 4, 4, 2, 4, 3, 2, 1, 0, 2, 1, 1, 1, 2, 1, 1, 3, 0, 1, 0, 1, 1, 4, 1, 4, 3, 2, 2, 0, 4, 1, 1, 4, 0, 1, 2, 1, 4, 4, 1, 1, 0, 2, 3, 1, 2, 1, 2, 1, 1, 2, 4, 2, 0, 2, 2, 3, 1, 0, 1, 2, 0, 1, 2, 4, 1, 3, 4, 1, 2, 4, 3, 3, 3, 1, 1, 4, 3, 1, 3, 2, 3, 2, 4, 2, 4, 4, 1, 4, 2, 2, 3, 4, 3, 1]|[0, 2, 1, 0, 3, 0, 1, 3, 0, 0, 2, 0, 1, 0, 1, 0, 0, 0, 1, 0, 0, 2, 0, 0, 1, 0, 0, 3, 0, 1, 0, 2, 0, 1, 3, 0, 1, 3, 1, 0, 0, 0, 1, 3, 0, 0, 1, 0, 2, 0, 0, 0, 0, 0, 1, 0, 1, 0, 1, 1, 0, 2, 0, 0, 0, 0, 0, 0, 0, 2, 0, 0, 1, 0, 0, 1, 0, 0, 3, 0, 0, 1, 0, 0, 0, 0, 0, 0, 2, 0, 3, 2, 1, 3, 0, 0, 0, 1, 0, 0],838.0858887121581,52145.01293281826,108083.60693758915,false
35,G2_TEC,G4_BALANCED,[31, 22, 82, 15, 26, 9, 95, 42, 77, 68, 47, 5, 93, 78, 86, 54, 85, 63, 18, 44, 20, 49, 36, 14, 74, 50, 53, 17, 21, 28, 11, 64, 3, 23, 30, 83, 24, 41, 40, 52, 65, 27, 90, 70, 39, 87, 48, 69, 99, 4, 46, 1, 13, 58, 97, 59, 45, 8, 73, 37, 35, 79, 71, 66, 76, 32, 60, 80, 96, 6, 67, 61, 33, 7, 57, 34, 12, 16, 10, 98, 56, 88, 43, 75, 91, 38, 84, 92, 29, 19, 51, 55, 72, 25, 89, 81, 94, 2, 0, 62]|[2, 1, 2, 1, 1, 0, 1, 1, 1, 1, 1, 0, 2, 2, 1, 2, 0, 0, 0, 2, 2, 1, 0, 2, 0, 2, 2, 1, 0, 1, 1, 1, 0, 0, 1, 0, 2, 1, 2, 2, 0, 0, 1, 1, 0, 2, 0, 2, 1, 0, 0, 2, 0, 0, 2, 0, 1, 0, 0, 0, 2, 1, 1, 2, 2, 0, 2, 2, 0, 1, 2, 1, 1, 2, 0, 1, 1, 2, 1, 2, 0, 1, 1, 0, 1, 0, 0, 0, 1, 1, 1, 0, 1, 1, 1, 1, 2, 2, 0, 1]|[0, 3, 0, 3, 4, 1, 4, 4, 2, 4, 3, 2, 1, 0, 2, 1, 1, 1, 2, 1, 1, 3, 0, 1, 0, 1, 1, 4, 1, 4, 3, 2, 2, 0, 4, 1, 1, 4, 1, 1, 2, 1, 4, 4, 1, 1, 0, 2, 3, 2, 2, 1, 2, 1, 1, 2, 4, 2, 0, 2, 2, 3, 3, 1, 1, 2, 1, 1, 2, 4, 1, 3, 4, 1, 2, 4, 3, 1, 3, 1, 2, 4, 4, 2, 3, 2, 2, 2, 3, 4, 3, 2, 4, 4, 4, 4, 1, 1, 2, 3]|[0, 2, 0, 0, 3, 0, 1, 3, 0, 0, 2, 0, 1, 0, 1, 0, 0, 0, 1, 0, 0, 2, 0, 0, 1, 0, 0, 3, 0, 1, 0, 2, 0, 0, 3, 0, 1, 1, 0, 0, 0, 0, 1, 3, 0, 0, 1, 0, 2, 0, 0, 0, 0, 1, 1, 0, 1, 0, 1, 1, 0, 2, 0, 0, 0, 0, 0, 0, 0, 2, 0, 0, 1, 0, 0, 1, 0, 0, 3, 0, 0, 1, 2, 0, 0, 0, 0, 0, 3, 1, 0, 0, 2, 3, 1, 2, 0, 0, 0, 0],939.218078656074,50087.31798016027,103285.93374355117,true
35,G3_TWC,G3_TWC,[31, 22, 82, 15, 26, 58, 95, 42, 77, 12, 47, 5, 93, 78, 98, 54, 85, 63, 18, 44, 20, 35, 43, 97, 91, 76, 10, 30, 21, 45, 71, 64, 1, 23, 17, 83, 24, 14, 60, 36, 6, 57, 94, 88, 65, 56, 79, 40, 67, 68, 46, 75, 38, 9, 19, 32, 81, 41, 27, 62, 87, 90, 99, 59, 11, 16, 72, 73, 70, 39, 37, 84, 3, 92, 25, 55, 28, 29, 51, 7, 33, 61, 86, 48, 89, 50, 69, 96, 53, 80, 4, 8, 34, 49, 52, 0, 13, 2, 66, 74]|[1, 1, 0, 1, 1, 1, 2, 1, 2, 1, 2, 2, 2, 1, 1, 0, 0, 1, 0, 2, 2, 0, 1, 2, 0, 1, 2, 2, 0, 0, 1, 2, 1, 2, 1, 0, 2, 0, 1, 1, 0, 1, 1, 1, 0, 2, 1, 1, 0, 0, 0, 0, 1, 1, 2, 1, 2, 0, 0, 0, 2, 1, 0, 1, 2, 1, 2, 1, 1, 1, 1, 1, 2, 0, 1, 1, 0, 0, 0, 1, 2, 1, 0, 0, 1, 0, 1, 0, 0, 0, 0, 1, 2, 0, 1, 0, 0, 0, 2, 2]|[4, 3, 2, 2, 0, 0, 2, 2, 2, 4, 1, 1, 2, 4, 4, 1, 1, 4, 2, 1, 1, 1, 1, 2, 1, 2, 1, 1, 1, 1, 3, 2, 3, 0, 4, 0, 1, 1, 0, 3, 2, 2, 4, 0, 1, 1, 0, 2, 0, 1, 2, 2, 1, 4, 0, 3, 2, 1, 1, 2, 1, 3, 1, 1, 1, 3, 0, 4, 3, 1, 4, 1, 1, 2, 4, 4, 2, 1, 1, 3, 1, 3, 1, 1, 1, 1, 3, 1, 2, 1, 2, 3, 1, 1, 1, 2, 2, 2, 1, 1]|[0, 2, 1, 1, 3, 3, 0, 1, 0, 0, 0, 0, 1, 0, 1, 0, 0, 3, 1, 0, 0, 0, 3, 1, 0, 2, 0, 0, 0, 1, 0, 0, 0, 0, 3, 0, 1, 0, 0, 2, 1, 1, 2, 0, 0, 0, 0, 1, 1, 0, 0, 0, 1, 3, 0, 0, 1, 0, 0, 1, 0, 2, 0, 1, 0, 2, 1, 0, 0, 1, 1, 3, 0, 1, 3, 3, 1, 0, 0, 2, 0, 0, 0, 0, 1, 0, 0, 0, 1, 0, 1, 2, 0, 1, 1, 0, 0, 0, 0, 0],790.1170626932459,57964.85042440004,88964.63499548077,false
35,G1_CMAX,G1_CMAX,[31, 22, 82, 15, 26, 58, 95, 42, 77, 12, 93, 5, 47, 78, 86, 21, 63, 18, 44, 20, 35, 43, 97, 91, 76, 10, 30, 85, 45, 71, 64, 23, 17, 83, 24, 14, 60, 25, 6, 54, 40, 88, 65, 56, 79, 57, 69, 67, 46, 75, 38, 99, 19, 32, 41, 81, 27, 87, 90, 9, 59, 11, 16, 72, 73, 70, 39, 37, 84, 1, 3, 92, 36, 55, 48, 68, 96, 29, 51, 62, 33, 61, 98, 66, 89, 50, 4, 7, 53, 80, 94, 28, 34, 49, 52, 0, 74, 8, 2, 13]|[1, 1, 0, 1, 1, 0, 1, 1, 2, 1, 2, 2, 2, 1, 1, 0, 1, 0, 2, 2, 0, 1, 2, 0, 1, 2, 2, 2, 0, 1, 2, 2, 1, 0, 2, 0, 1, 1, 0, 0, 1, 1, 0, 2, 1, 1, 1, 0, 0, 0, 1, 1, 2, 1, 2, 2, 0, 2, 1, 0, 1, 2, 1, 2, 1, 1, 1, 1, 1, 1, 1, 0, 1, 1, 0, 0, 2, 0, 0, 0, 2, 1, 2, 2, 1, 0, 1, 0, 0, 0, 1, 0, 2, 0, 1, 0, 2, 1, 0, 0]|[0, 3, 2, 2, 4, 1, 2, 3, 2, 4, 2, 1, 1, 4, 4, 1, 4, 2, 1, 1, 1, 1, 2, 1, 2, 1, 1, 2, 1, 3, 2, 0, 4, 0, 1, 1, 0, 3, 2, 1, 2, 0, 1, 1, 0, 2, 4, 0, 2, 2, 1, 4, 0, 3, 2, 1, 1, 1, 3, 1, 1, 1, 3, 0, 4, 3, 1, 4, 1, 3, 1, 0, 4, 2, 1, 1, 1, 1, 1, 2, 1, 3, 1, 1, 1, 1, 4, 0, 2, 1, 3, 2, 1, 1, 1, 2, 1, 4, 2, 2]|[0, 2, 1, 1, 3, 0, 1, 3, 0, 0, 0, 0, 0, 0, 1, 0, 3, 1, 0, 0, 0, 3, 1, 0, 2, 0, 0, 1, 1, 0, 0, 0, 3, 0, 1, 0, 0, 2, 1, 0, 1, 0, 0, 0, 0, 1, 2, 1, 0, 0, 1, 3, 0, 0, 1, 0, 0, 0, 2, 0, 1, 0, 2, 1, 0, 0, 1, 1, 3, 0, 1, 1, 3, 3, 0, 0, 0, 0, 0, 1, 0, 0, 0, 0, 1, 0, 0, 0, 1, 0, 2, 1, 0, 1, 1, 0, 0, 2, 0, 0],717.7746778690674,58051.11429889491,97947.81742761745,false
35,G4_BALANCED,G3_TWC,[31, 22, 82, 15, 26, 58, 95, 42, 77, 12, 47, 5, 93, 78, 98, 54, 85, 63, 18, 44, 20, 35, 43, 97, 91, 76, 10, 30, 21, 45, 71, 64, 1, 23, 17, 83, 24, 14, 60, 36, 6, 57, 94, 88, 65, 56, 79, 40, 67, 68, 46, 75, 38, 9, 19, 32, 81, 41, 27, 62, 87, 90, 99, 59, 11, 16, 72, 73, 70, 39, 37, 84, 3, 92, 25, 55, 28, 29, 51, 7, 33, 61, 86, 66, 89, 50, 48, 96, 53, 8, 4, 80, 34, 49, 52, 0, 13, 2, 69, 74]|[1, 1, 0, 1, 1, 1, 2, 1, 2, 1, 2, 2, 2, 1, 1, 0, 0, 1, 0, 2, 2, 0, 1, 2, 0, 1, 2, 2, 0, 0, 1, 2, 1, 2, 1, 0, 2, 0, 1, 1, 0, 1, 1, 1, 0, 2, 1, 1, 0, 0, 0, 0, 1, 1, 2, 1, 2, 0, 0, 0, 2, 1, 0, 1, 2, 1, 2, 1, 1, 1, 1, 1, 2, 0, 1, 1, 0, 0, 0, 1, 2, 1, 0, 2, 1, 0, 0, 0, 0, 1, 0, 0, 2, 0, 1, 0, 0, 0, 1, 2]|[4, 3, 2, 2, 0, 0, 2, 2, 2, 4, 1, 1, 2, 4, 4, 1, 1, 4, 2, 1, 1, 1, 1, 2, 1, 2, 1, 1, 1, 1, 3, 2, 3, 0, 4, 0, 1, 1, 0, 3, 2, 2, 4, 0, 1, 1, 0, 2, 0, 1, 2, 2, 1, 4, 0, 3, 2, 1, 1, 2, 1, 3, 1, 1, 1, 3, 0, 4, 3, 1, 4, 1, 1, 2, 4, 4, 2, 1, 1, 3, 1, 3, 1, 1, 1, 1, 1, 1, 2, 3, 2, 1, 1, 1, 1, 2, 2, 2, 3, 1]|[0, 2, 1, 1, 3, 3, 0, 1, 0, 0, 0, 0, 1, 0, 1, 0, 0, 3, 1, 0, 0, 0, 3, 1, 0, 2, 0, 0, 0, 1, 0, 0, 0, 0, 3, 0, 1, 0, 0, 2, 1, 1, 2, 0, 0, 0, 0, 1, 1, 0, 0, 0, 1, 3, 0, 0, 1, 0, 0, 1, 0, 2, 0, 1, 0, 2, 1, 0, 0, 1, 1, 3, 0, 1, 3, 3, 1, 0, 0, 2, 0, 0, 0, 0, 1, 0, 0, 0, 1, 2, 1, 0, 0, 1, 1, 0, 0, 0, 0, 0],790.0808266764368,57926.0831962336,89131.00769295532,true
35,G2_TEC,G2_TEC,[31, 22, 82, 15, 26, 9, 95, 42, 77, 68, 47, 5, 93, 78, 86, 54, 85, 63, 18, 44, 20, 49, 36, 14, 74, 50, 53, 17, 21, 28, 11, 64, 3, 23, 30, 83, 24, 41, 40, 52, 65, 27, 90, 70, 39, 87, 48, 69, 99, 4, 46, 1, 13, 58, 97, 59, 45, 8, 73, 37, 35, 79, 71, 66, 76, 32, 60, 80, 96, 6, 67, 61, 33, 7, 57, 34, 12, 16, 10, 98, 56, 88, 43, 75, 91, 38, 84, 92, 29, 19, 51, 55, 72, 89, 25, 81, 94, 2, 62, 0]|[2, 1, 2, 1, 1, 0, 1, 1, 1, 1, 1, 0, 2, 2, 1, 2, 0, 0, 0, 2, 2, 1, 0, 2, 0, 2, 2, 1, 0, 1, 1, 1, 0, 0, 1, 0, 2, 1, 2, 2, 0, 0, 1, 1, 0, 2, 0, 2, 1, 0, 0, 2, 0, 0, 2, 0, 1, 1, 0, 0, 2, 1, 1, 2, 2, 0, 2, 2, 0, 1, 2, 1, 1, 2, 0, 1, 1, 2, 1, 2, 0, 1, 1, 0, 1, 0, 0, 0, 1, 1, 1, 0, 1, 1, 1, 1, 2, 2, 1, 0]|[0, 3, 0, 3, 4, 1, 4, 4, 2, 4, 3, 2, 1, 0, 2, 1, 1, 1, 2, 1, 1, 3, 0, 1, 0, 1, 1, 4, 1, 4, 3, 2, 2, 0, 4, 1, 1, 4, 1, 1, 2, 1, 4, 4, 1, 1, 0, 2, 3, 2, 2, 1, 2, 1, 1, 2, 4, 3, 0, 2, 2, 3, 3, 1, 1, 2, 1, 1, 2, 4, 1, 3, 4, 1, 2, 4, 3, 1, 3, 1, 2, 4, 4, 2, 3, 2, 2, 2, 3, 4, 3, 2, 4, 4, 4, 4, 1, 1, 3, 2]|[0, 2, 0, 0, 3, 0, 1, 3, 0, 0, 2, 0, 1, 0, 1, 0, 0, 0, 1, 0, 0, 2, 0, 0, 1, 0, 0, 3, 0, 1, 0, 2, 0, 0, 3, 0, 1, 1, 0, 0, 0, 0, 1, 3, 0, 0, 1, 0, 2, 0, 0, 0, 0, 1, 1, 0, 1, 0, 1, 1, 0, 2, 0, 0, 0, 0, 0, 0, 0, 2, 0, 0, 1, 0, 0, 1, 0, 0, 3, 0, 0, 1, 2, 0, 0, 0, 0, 0, 3, 1, 0, 0, 2, 1, 3, 2, 0, 0, 0, 0],920.4947514803512,50008.503137683554,102922.41978699603,false
35,G3_TWC,G3_TWC,[31, 22, 82, 15, 26, 58, 95, 42, 77, 12, 47, 5, 93, 78, 98, 54, 85, 63, 18, 44, 20, 35, 43, 97, 91, 76, 10, 30, 21, 45, 71, 64, 1, 23, 17, 83, 24, 14, 60, 36, 6, 57, 94, 88, 65, 56, 79, 40, 67, 68, 46, 75, 39, 9, 19, 32, 81, 96, 27, 62, 87, 90, 99, 59, 11, 16, 72, 73, 70, 38, 37, 84, 3, 92, 25, 55, 28, 29, 51, 7, 33, 61, 86, 48, 89, 50, 69, 41, 53, 80, 4, 8, 34, 49, 52, 0, 13, 2, 66, 74]|[1, 1, 0, 1, 1, 1, 2, 1, 2, 1, 2, 2, 2, 1, 1, 0, 0, 1, 0, 2, 2, 0, 1, 2, 0, 1, 2, 2, 0, 0, 1, 2, 1, 2, 1, 0, 2, 0, 1, 1, 0, 1, 1, 1, 0, 2, 1, 1, 0, 0, 0, 0, 1, 1, 2, 1, 2, 0, 0, 0, 2, 1, 0, 1, 2, 1, 2, 1, 1, 1, 1, 1, 2, 0, 1, 1, 0, 0, 0, 1, 2, 1, 0, 0, 1, 0, 1, 0, 0, 0, 0, 1, 2, 0, 1, 0, 0, 0, 2, 2]|[4, 3, 2, 2, 0, 0, 2, 2, 2, 4, 1, 1, 2, 4, 4, 1, 1, 4, 2, 1, 1, 1, 1, 2, 1, 2, 1, 1, 1, 1, 3, 2, 3, 0, 4, 0, 1, 1, 0, 3, 2, 2, 4, 0, 1, 1, 0, 2, 0, 1, 2, 2, 1, 4, 0, 3, 2, 1, 1, 2, 1, 3, 1, 1, 1, 3, 0, 4, 3, 1, 4, 1, 1, 2, 4, 4, 2, 1, 1, 3, 1, 3, 1, 1, 1, 1, 3, 1, 2, 1, 2, 3, 1, 1, 1, 2, 2, 2, 1, 1]|[0, 2, 1, 1, 3, 3, 0, 1, 0, 0, 0, 0, 1, 0, 1, 0, 0, 3, 1, 0, 0, 0, 3, 1, 0, 2, 0, 0, 0, 1, 0, 0, 0, 0, 3, 0, 1, 0, 0, 2, 1, 1, 2, 0, 0, 0, 0, 1, 1, 0, 0, 0, 1, 3, 0, 0, 1, 0, 0, 1, 0, 2, 0, 1, 0, 2, 1, 0, 0, 1, 1, 3, 0, 1, 3, 3, 1, 0, 0, 2, 0, 0, 0, 0, 1, 0, 0, 0, 1, 0, 1, 2, 0, 1, 1, 0, 0, 0, 0, 0],790.0799945868791,57951.42221290124,88960.86369927591,false
35,G1_CMAX,G1_CMAX,[31, 22, 82, 15, 26, 58, 95, 42, 77, 12, 93, 5, 47, 78, 86, 21, 63, 18, 44, 20, 35, 43, 97, 91, 76, 10, 30, 85, 45, 71, 64, 23, 17, 83, 24, 14, 60, 25, 6, 54, 40, 88, 65, 56, 79, 57, 69, 67, 46, 75, 38, 99, 19, 32, 41, 81, 27, 87, 90, 9, 59, 11, 16, 72, 73, 70, 39, 37, 84, 1, 3, 92, 36, 55, 48, 68, 96, 29, 51, 62, 33, 61, 98, 66, 89, 50, 4, 7, 53, 80, 94, 28, 34, 49, 52, 0, 74, 8, 2, 13]|[1, 1, 0, 1, 1, 0, 1, 1, 2, 1, 2, 2, 2, 1, 1, 0, 1, 0, 2, 2, 0, 1, 2, 0, 1, 2, 2, 2, 0, 1, 2, 2, 1, 0, 2, 0, 1, 1, 0, 0, 1, 1, 0, 2, 1, 1, 1, 0, 0, 0, 1, 1, 2, 1, 2, 2, 0, 2, 1, 0, 1, 2, 1, 2, 1, 1, 1, 1, 1, 1, 1, 0, 1, 1, 0, 0, 2, 0, 0, 0, 2, 1, 2, 2, 1, 0, 1, 0, 0, 0, 1, 0, 2, 0, 1, 0, 2, 1, 0, 0]|[0, 3, 2, 2, 4, 1, 2, 3, 2, 4, 2, 1, 1, 4, 4, 1, 4, 2, 1, 1, 1, 1, 2, 1, 2, 1, 1, 2, 1, 3, 2, 0, 4, 0, 1, 1, 0, 3, 2, 1, 2, 0, 1, 1, 0, 2, 4, 0, 2, 2, 1, 4, 0, 3, 2, 1, 1, 1, 3, 1, 1, 1, 3, 0, 4, 3, 1, 4, 1, 3, 1, 0, 4, 2, 1, 1, 1, 1, 1, 2, 1, 3, 1, 1, 1, 1, 4, 0, 2, 1, 3, 2, 1, 1, 1, 2, 1, 4, 2, 2]|[0, 2, 1, 1, 3, 0, 1, 3, 0, 0, 0, 0, 0, 0, 1, 0, 3, 1, 0, 0, 0, 3, 1, 0, 2, 0, 0, 1, 1, 0, 0, 0, 3, 0, 1, 0, 0, 2, 1, 0, 1, 0, 0, 0, 0, 1, 2, 1, 0, 0, 1, 3, 0, 0, 1, 0, 0, 0, 2, 0, 1, 0, 2, 1, 0, 0, 1, 1, 3, 0, 1, 1, 3, 3, 0, 0, 0, 0, 0, 1, 0, 0, 0, 0, 1, 0, 0, 0, 1, 0, 2, 1, 0, 1, 1, 0, 0, 2, 0, 0],717.7746778690674,58051.11429889491,97947.81742761745,false
35,G4_BALANCED,G1_CMAX,[31, 22, 82, 15, 26, 99, 95, 42, 77, 12, 47, 5, 93, 78, 86, 54, 21, 63, 18, 44, 20, 35, 43, 97, 91, 76, 10, 30, 85, 45, 71, 64, 1, 23, 17, 83, 24, 14, 60, 36, 6, 57, 40, 88, 65, 56, 59, 94, 67, 68, 46, 75, 38, 9, 19, 32, 41, 81, 27, 87, 90, 58, 79, 11, 16, 72, 73, 70, 39, 37, 84, 3, 92, 25, 55, 48, 62, 29, 51, 7, 33, 61, 98, 28, 89, 50, 4, 96, 53, 80, 8, 66, 34, 49, 52, 0, 74, 69, 2, 13]|[1, 1, 0, 1, 1, 0, 1, 1, 2, 1, 2, 2, 2, 1, 1, 0, 0, 1, 0, 2, 2, 0, 1, 2, 0, 1, 2, 2, 0, 0, 1, 2, 1, 2, 1, 0, 2, 0, 1, 1, 0, 1, 1, 1, 0, 2, 1, 1, 0, 0, 0, 0, 1, 1, 2, 1, 0, 2, 0, 2, 1, 0, 1, 2, 1, 2, 1, 1, 1, 1, 1, 1, 0, 1, 2, 0, 0, 0, 0, 1, 2, 1, 2, 0, 1, 0, 1, 2, 0, 0, 1, 2, 2, 0, 1, 0, 2, 1, 0, 0]|[0, 3, 2, 2, 4, 1, 2, 3, 2, 4, 1, 1, 2, 4, 4, 1, 1, 4, 2, 1, 1, 1, 1, 2, 1, 2, 1, 1, 2, 1, 3, 2, 3, 1, 4, 0, 1, 1, 0, 3, 2, 2, 2, 0, 1, 1, 1, 4, 0, 1, 2, 2, 1, 4, 0, 3, 1, 1, 1, 1, 3, 1, 1, 1, 3, 0, 4, 3, 1, 4, 1, 1, 0, 4, 1, 1, 2, 1, 1, 1, 1, 3, 1, 2, 1, 1, 4, 1, 2, 1, 3, 1, 1, 1, 1, 2, 1, 4, 2, 2]|[0, 2, 1, 1, 3, 0, 1, 3, 0, 0, 0, 0, 1, 0, 1, 0, 0, 3, 1, 0, 0, 0, 3, 1, 0, 2, 0, 0, 0, 1, 0, 0, 0, 0, 3, 0, 1, 0, 0, 2, 1, 1, 1, 0, 0, 0, 1, 2, 1, 0, 0, 0, 1, 3, 0, 0, 0, 0, 0, 0, 2, 0, 1, 0, 2, 1, 0, 0, 1, 1, 3, 1, 1, 3, 0, 0, 1, 0, 0, 2, 0, 0, 0, 1, 1, 0, 0, 0, 1, 0, 2, 0, 0, 1, 1, 0, 0, 2, 0, 0],731.2476204416437,56471.05293543117,93231.64460992858,true
35,G2_TEC,G2_TEC,[31, 22, 82, 15, 26, 9, 95, 42, 77, 68, 47, 5, 93, 78, 86, 54, 85, 63, 18, 44, 20, 49, 36, 14, 74, 50, 53, 17, 21, 28, 11, 64, 3, 23, 30, 83, 24, 41, 40, 52, 65, 27, 90, 70, 39, 87, 48, 69, 99, 4, 46, 1, 13, 58, 97, 59, 45, 8, 73, 37, 35, 79, 71, 66, 76, 32, 60, 80, 96, 6, 67, 61, 33, 7, 57, 34, 12, 16, 10, 98, 56, 88, 43, 75, 91, 38, 84, 92, 29, 19, 51, 55, 72, 89, 25, 81, 94, 2, 62, 0]|[2, 1, 2, 1, 1, 0, 1, 1, 1, 1, 1, 0, 2, 2, 1, 2, 0, 0, 0, 2, 2, 1, 0, 2, 0, 2, 2, 1, 0, 1, 1, 1, 0, 0, 1, 0, 2, 1, 2, 2, 0, 0, 1, 1, 0, 2, 0, 2, 1, 0, 0, 2, 0, 0, 2, 0, 1, 1, 0, 0, 2, 1, 1, 2, 2, 0, 2, 2, 0, 1, 2, 1, 1, 2, 0, 1, 1, 2, 1, 2, 0, 1, 1, 0, 1, 0, 0, 0, 1, 1, 1, 0, 1, 1, 1, 1, 2, 2, 1, 0]|[0, 3, 0, 3, 4, 1, 4, 4, 2, 4, 3, 2, 1, 0, 2, 1, 1, 1, 2, 1, 1, 3, 0, 1, 0, 1, 1, 4, 1, 4, 3, 2, 2, 0, 4, 1, 1, 4, 1, 1, 2, 1, 4, 4, 1, 1, 0, 2, 3, 2, 2, 1, 2, 1, 1, 2, 4, 3, 0, 2, 2, 3, 3, 1, 1, 2, 1, 1, 2, 4, 1, 3, 4, 1, 2, 4, 3, 1, 3, 1, 2, 4, 4, 2, 3, 2, 2, 2, 3, 4, 3, 2, 4, 4, 4, 4, 1, 1, 3, 2]|[0, 2, 0, 0, 3, 0, 1, 3, 0, 0, 2, 0, 1, 0, 1, 0, 0, 0, 1, 0, 0, 2, 0, 0, 1, 0, 0, 3, 0, 1, 0, 2, 0, 0, 3, 0, 1, 1, 0, 0, 0, 0, 1, 3, 0, 0, 1, 0, 2, 0, 0, 0, 0, 1, 1, 0, 1, 0, 1, 1, 0, 2, 0, 0, 0, 0, 0, 0, 0, 2, 0, 0, 1, 0, 0, 1, 0, 0, 3, 0, 0, 1, 2, 0, 0, 0, 0, 0, 3, 1, 0, 0, 2, 1, 3, 2, 0, 0, 0, 0],920.4947514803512,50008.503137683554,102922.41978699603,false
35,G3_TWC,G3_TWC,[31, 22, 82, 15, 26, 58, 95, 42, 77, 12, 47, 5, 93, 78, 98, 54, 85, 63, 18, 44, 20, 35, 43, 97, 91, 76, 10, 30, 21, 45, 71, 64, 1, 23, 17, 83, 24, 14, 60, 36, 6, 57, 94, 88, 65, 56, 79, 40, 67, 68, 46, 75, 39, 9, 19, 32, 81, 96, 27, 62, 87, 90, 99, 59, 11, 16, 72, 73, 70, 38, 37, 84, 3, 92, 25, 55, 28, 29, 51, 7, 33, 61, 86, 48, 89, 50, 69, 41, 53, 80, 4, 8, 34, 49, 52, 0, 13, 2, 66, 74]|[1, 1, 0, 1, 1, 1, 2, 1, 2, 1, 2, 2, 2, 1, 1, 0, 0, 1, 0, 2, 2, 0, 1, 2, 0, 1, 2, 2, 0, 0, 1, 2, 1, 2, 1, 0, 2, 0, 1, 1, 0, 1, 1, 1, 0, 2, 1, 1, 0, 0, 0, 0, 1, 1, 2, 1, 2, 0, 0, 0, 2, 1, 0, 1, 2, 1, 2, 1, 1, 1, 1, 1, 2, 0, 1, 1, 0, 0, 0, 1, 2, 1, 0, 0, 1, 0, 1, 0, 0, 0, 0, 1, 2, 0, 1, 0, 0, 0, 2, 2]|[4, 3, 2, 2, 0, 0, 2, 2, 2, 4, 1, 1, 2, 4, 4, 1, 1, 4, 2, 1, 1, 1, 1, 2, 1, 2, 1, 1, 1, 1, 3, 2, 3, 0, 4, 0, 1, 1, 0, 3, 2, 2, 4, 0, 1, 1, 0, 2, 0, 1, 2, 2, 1, 4, 0, 3, 2, 1, 1, 2, 1, 3, 1, 1, 1, 3, 0, 4, 3, 1, 4, 1, 1, 2, 4, 4, 2, 1, 1, 3, 1, 3, 1, 1, 1, 1, 3, 1, 2, 1, 2, 3, 1, 1, 1, 2, 2, 2, 1, 1]|[0, 2, 1, 1, 3, 3, 0, 1, 0, 0, 0, 0, 1, 0, 1, 0, 0, 3, 1, 0, 0, 0, 3, 1, 0, 2, 0, 0, 0, 1, 0, 0, 0, 0, 3, 0, 1, 0, 0, 2, 1, 1, 2, 0, 0, 0, 0, 1, 1, 0, 0, 0, 1, 3, 0, 0, 1, 0, 0, 1, 0, 2, 0, 1, 0, 2, 1, 0, 0, 1, 1, 3, 0, 1, 3, 3, 1, 0, 0, 2, 0, 0, 0, 0, 1, 0, 0, 0, 1, 0, 1, 2, 0, 1, 1, 0, 0, 0, 0, 0],790.0799945868791,57951.42221290124,88960.86369927591,false
35,G1_CMAX,G1_CMAX,[31, 22, 82, 15, 26, 58, 95, 42, 77, 12, 93, 5, 47, 78, 86, 21, 63, 18, 44, 20, 35, 43, 97, 91, 76, 10, 30, 85, 45, 71, 64, 23, 17, 83, 24, 14, 60, 25, 6, 54, 40, 88, 65, 56, 79, 57, 69, 67, 46, 75, 38, 99, 19, 32, 41, 81, 27, 87, 90, 9, 59, 11, 16, 72, 73, 70, 39, 37, 84, 1, 3, 92, 36, 55, 48, 68, 96, 29, 51, 62, 33, 61, 98, 66, 89, 50, 4, 7, 53, 80, 94, 28, 34, 49, 52, 0, 74, 8, 2, 13]|[1, 1, 0, 1, 1, 0, 1, 1, 2, 1, 2, 2, 2, 1, 1, 0, 1, 0, 2, 2, 0, 1, 2, 0, 1, 2, 2, 2, 0, 1, 2, 2, 1, 0, 2, 0, 1, 1, 0, 0, 1, 1, 0, 2, 1, 1, 1, 0, 0, 0, 1, 1, 2, 1, 2, 2, 0, 2, 1, 0, 1, 2, 1, 2, 1, 1, 1, 1, 1, 1, 1, 0, 1, 1, 0, 0, 2, 0, 0, 0, 2, 1, 2, 2, 1, 0, 1, 0, 0, 0, 1, 0, 2, 0, 1, 0, 2, 1, 0, 0]|[0, 3, 2, 2, 4, 1, 2, 3, 2, 4, 2, 1, 1, 4, 4, 1, 4, 2, 1, 1, 1, 1, 2, 1, 2, 1, 1, 2, 1, 3, 2, 0, 4, 0, 1, 1, 0, 3, 2, 1, 2, 0, 1, 1, 0, 2, 4, 0, 2, 2, 1, 4, 0, 3, 2, 1, 1, 1, 3, 1, 1, 1, 3, 0, 4, 3, 1, 4, 1, 3, 1, 0, 4, 2, 1, 1, 1, 1, 1, 2, 1, 3, 1, 1, 1, 1, 4, 0, 2, 1, 3, 2, 1, 1, 1, 2, 1, 4, 2, 2]|[0, 2, 1, 1, 3, 0, 1, 3, 0, 0, 0, 0, 0, 0, 1, 0, 3, 1, 0, 0, 0, 3, 1, 0, 2, 0, 0, 1, 1, 0, 0, 0, 3, 0, 1, 0, 0, 2, 1, 0, 1, 0, 0, 0, 0, 1, 2, 1, 0, 0, 1, 3, 0, 0, 1, 0, 0, 0, 2, 0, 1, 0, 2, 1, 0, 0, 1, 1, 3, 0, 1, 1, 3, 3, 0, 0, 0, 0, 0, 1, 0, 0, 0, 0, 1, 0, 0, 0, 1, 0, 2, 1, 0, 1, 1, 0, 0, 2, 0, 0],717.7746778690674,58051.11429889491,97947.81742761745,false
35,G4_BALANCED,G4_BALANCED,[31, 22, 82, 15, 26, 9, 95, 42, 77, 68, 47, 5, 93, 78, 86, 54, 85, 63, 18, 44, 20, 49, 36, 14, 74, 50, 53, 17, 21, 28, 11, 64, 3, 23, 30, 83, 24, 41, 92, 52, 65, 27, 90, 70, 39, 87, 48, 69, 99, 4, 46, 1, 13, 58, 19, 59, 45, 8, 73, 37, 35, 79, 71, 66, 76, 32, 60, 80, 96, 6, 16, 61, 33, 7, 57, 34, 12, 67, 10, 98, 56, 88, 43, 75, 91, 38, 84, 40, 29, 97, 51, 55, 72, 25, 62, 81, 94, 89, 2, 0]|[2, 1, 2, 1, 1, 0, 1, 1, 1, 1, 1, 0, 2, 2, 1, 2, 0, 0, 0, 2, 2, 1, 0, 2, 0, 2, 2, 1, 0, 1, 1, 1, 0, 0, 1, 0, 2, 1, 2, 2, 0, 0, 1, 1, 0, 2, 0, 2, 1, 0, 0, 2, 0, 0, 2, 0, 1, 1, 0, 0, 2, 1, 1, 2, 2, 0, 2, 2, 0, 1, 2, 1, 1, 2, 0, 1, 1, 2, 1, 2, 2, 1, 1, 0, 1, 0, 0, 0, 1, 1, 1, 0, 1, 1, 1, 1, 2, 1, 2, 2]|[0, 3, 0, 3, 4, 1, 4, 4, 2, 4, 3, 2, 1, 0, 2, 1, 1, 1, 2, 1, 1, 3, 0, 1, 0, 1, 1, 4, 1, 4, 3, 2, 2, 0, 4, 1, 1, 4, 1, 1, 2, 1, 4, 4, 1, 1, 0, 2, 3, 2, 2, 1, 2, 1, 1, 2, 4, 3, 0, 2, 2, 3, 3, 1, 1, 2, 1, 1, 2, 4, 1, 3, 4, 1, 2, 4, 3, 1, 3, 1, 1, 4, 4, 2, 3, 2, 2, 2, 3, 4, 3, 2, 4, 4, 3, 4, 1, 4, 1, 1]|[0, 2, 0, 0, 3, 0, 1, 3, 0, 0, 2, 0, 1, 0, 1, 0, 0, 0, 1, 0, 0, 2, 0, 0, 1, 0, 0, 3, 0, 1, 0, 2, 0, 0, 3, 0, 1, 1, 0, 0, 0, 0, 1, 3, 0, 0, 1, 0, 2, 0, 0, 0, 0, 1, 1, 0, 1, 0, 1, 1, 0, 2, 0, 0, 0, 0, 0, 0, 0, 2, 0, 0, 1, 0, 0, 1, 0, 0, 3, 0, 0, 1, 2, 0, 0, 0, 0, 0, 3, 1, 0, 0, 2, 3, 0, 2, 0, 3, 0, 0],878.6786902612151,49987.12354632857,104641.30486809197,false
35,G2_TEC,G2_TEC,[31, 22, 82, 15, 26, 9, 95, 42, 77, 68, 47, 5, 93, 78, 86, 54, 85, 63, 18, 44, 20, 49, 36, 14, 74, 50, 53, 17, 21, 28, 11, 64, 3, 23, 30, 83, 24, 41, 40, 52, 65, 27, 90, 70, 39, 87, 48, 69, 99, 4, 46, 1, 13, 58, 97, 59, 45, 8, 73, 37, 35, 79, 71, 66, 76, 32, 60, 80, 96, 6, 67, 61, 33, 7, 57, 34, 12, 16, 10, 98, 56, 88, 43, 75, 91, 38, 84, 92, 29, 19, 51, 55, 72, 89, 25, 81, 94, 2, 62, 0]|[2, 1, 2, 1, 1, 0, 1, 1, 1, 1, 1, 0, 2, 2, 1, 2, 0, 0, 0, 2, 2, 1, 0, 2, 0, 2, 2, 1, 0, 1, 1, 1, 0, 0, 1, 0, 2, 1, 2, 2, 0, 0, 1, 1, 0, 2, 0, 2, 1, 0, 0, 2, 0, 0, 2, 0, 1, 1, 0, 0, 2, 1, 1, 2, 2, 0, 2, 2, 0, 1, 2, 1, 1, 2, 0, 1, 1, 2, 1, 2, 0, 1, 1, 0, 1, 0, 0, 0, 1, 1, 1, 0, 1, 1, 1, 1, 2, 2, 1, 0]|[0, 3, 0, 3, 4, 1, 4, 4, 2, 4, 3, 2, 1, 0, 2, 1, 1, 1, 2, 1, 1, 3, 0, 1, 0, 1, 1, 4, 1, 4, 3, 2, 2, 0, 4, 1, 1, 4, 1, 1, 2, 1, 4, 4, 1, 1, 0, 2, 3, 2, 2, 1, 2, 1, 1, 2, 4, 3, 0, 2, 2, 3, 3, 1, 1, 2, 1, 1, 2, 4, 1, 3, 4, 1, 2, 4, 3, 1, 3, 1, 2, 4, 4, 2, 3, 2, 2, 2, 3, 4, 3, 2, 4, 4, 4, 4, 1, 1, 3, 2]|[0, 2, 0, 0, 3, 0, 1, 3, 0, 0, 2, 0, 1, 0, 1, 0, 0, 0, 1, 0, 0, 2, 0, 0, 1, 0, 0, 3, 0, 1, 0, 2, 0, 0, 3, 0, 1, 1, 0, 0, 0, 0, 1, 3, 0, 0, 1, 0, 2, 0, 0, 0, 0, 1, 1, 0, 1, 0, 1, 1, 0, 2, 0, 0, 0, 0, 0, 0, 0, 2, 0, 0, 1, 0, 0, 1, 0, 0, 3, 0, 0, 1, 2, 0, 0, 0, 0, 0, 3, 1, 0, 0, 2, 1, 3, 2, 0, 0, 0, 0],920.4947514803512,50008.503137683554,102922.41978699603,false
35,G3_TWC,G3_TWC,[31, 22, 82, 15, 26, 58, 95, 42, 77, 12, 47, 5, 93, 78, 98, 54, 85, 63, 18, 44, 20, 35, 43, 97, 91, 76, 10, 30, 21, 45, 71, 64, 1, 23, 17, 83, 24, 14, 60, 36, 6, 57, 94, 88, 65, 56, 79, 40, 67, 68, 46, 75, 39, 9, 19, 32, 81, 96, 27, 62, 87, 90, 99, 59, 11, 16, 72, 73, 70, 38, 37, 84, 3, 92, 25, 55, 28, 29, 51, 7, 33, 61, 86, 48, 89, 50, 69, 41, 53, 80, 4, 8, 34, 49, 52, 0, 13, 2, 66, 74]|[1, 1, 0, 1, 1, 1, 2, 1, 2, 1, 2, 2, 2, 1, 1, 0, 0, 1, 0, 2, 2, 0, 1, 2, 0, 1, 2, 2, 0, 0, 1, 2, 1, 2, 1, 0, 2, 0, 1, 1, 0, 1, 1, 1, 0, 2, 1, 1, 0, 0, 0, 0, 1, 1, 2, 1, 2, 0, 0, 0, 2, 1, 0, 1, 2, 1, 2, 1, 1, 1, 1, 1, 2, 0, 1, 1, 0, 0, 0, 1, 2, 1, 0, 0, 1, 0, 1, 0, 0, 0, 0, 1, 2, 0, 1, 0, 0, 0, 2, 2]|[4, 3, 2, 2, 0, 0, 2, 2, 2, 4, 1, 1, 2, 4, 4, 1, 1, 4, 2, 1, 1, 1, 1, 2, 1, 2, 1, 1, 1, 1, 3, 2, 3, 0, 4, 0, 1, 1, 0, 3, 2, 2, 4, 0, 1, 1, 0, 2, 0, 1, 2, 2, 1, 4, 0, 3, 2, 1, 1, 2, 1, 3, 1, 1, 1, 3, 0, 4, 3, 1, 4, 1, 1, 2, 4, 4, 2, 1, 1, 3, 1, 3, 1, 1, 1, 1, 3, 1, 2, 1, 2, 3, 1, 1, 1, 2, 2, 2, 1, 1]|[0, 2, 1, 1, 3, 3, 0, 1, 0, 0, 0, 0, 1, 0, 1, 0, 0, 3, 1, 0, 0, 0, 3, 1, 0, 2, 0, 0, 0, 1, 0, 0, 0, 0, 3, 0, 1, 0, 0, 2, 1, 1, 2, 0, 0, 0, 0, 1, 1, 0, 0, 0, 1, 3, 0, 0, 1, 0, 0, 1, 0, 2, 0, 1, 0, 2, 1, 0, 0, 1, 1, 3, 0, 1, 3, 3, 1, 0, 0, 2, 0, 0, 0, 0, 1, 0, 0, 0, 1, 0, 1, 2, 0, 1, 1, 0, 0, 0, 0, 0],790.0799945868791,57951.42221290124,88960.86369927591,false
35,G1_CMAX,G1_CMAX,[31, 22, 82, 15, 26, 58, 95, 42, 77, 12, 93, 5, 47, 78, 86, 21, 63, 18, 44, 20, 35, 43, 97, 91, 76, 10, 30, 85, 45, 71, 64, 23, 17, 83, 24, 14, 60, 25, 6, 54, 40, 88, 65, 56, 79, 57, 69, 67, 46, 75, 38, 99, 19, 32, 41, 81, 27, 87, 90, 9, 59, 11, 16, 72, 73, 70, 39, 37, 84, 1, 3, 92, 36, 55, 48, 68, 96, 29, 51, 62, 33, 61, 98, 66, 89, 50, 4, 7, 53, 80, 94, 28, 34, 49, 52, 0, 74, 8, 2, 13]|[1, 1, 0, 1, 1, 0, 1, 1, 2, 1, 2, 2, 2, 1, 1, 0, 1, 0, 2, 2, 0, 1, 2, 0, 1, 2, 2, 2, 0, 1, 2, 2, 1, 0, 2, 0, 1, 1, 0, 0, 1, 1, 0, 2, 1, 1, 1, 0, 0, 0, 1, 1, 2, 1, 2, 2, 0, 2, 1, 0, 1, 2, 1, 2, 1, 1, 1, 1, 1, 1, 1, 0, 1, 1, 0, 0, 2, 0, 0, 0, 2, 1, 2, 2, 1, 0, 1, 0, 0, 0, 1, 0, 2, 0, 1, 0, 2, 1, 0, 0]|[0, 3, 2, 2, 4, 1, 2, 3, 2, 4, 2, 1, 1, 4, 4, 1, 4, 2, 1, 1, 1, 1, 2, 1, 2, 1, 1, 2, 1, 3, 2, 0, 4, 0, 1, 1, 0, 3, 2, 1, 2, 0, 1, 1, 0, 2, 4, 0, 2, 2, 1, 4, 0, 3, 2, 1, 1, 1, 3, 1, 1, 1, 3, 0, 4, 3, 1, 4, 1, 3, 1, 0, 4, 2, 1, 1, 1, 1, 1, 2, 1, 3, 1, 1, 1, 1, 4, 0, 2, 1, 3, 2, 1, 1, 1, 2, 1, 4, 2, 2]|[0, 2, 1, 1, 3, 0, 1, 3, 0, 0, 0, 0, 0, 0, 1, 0, 3, 1, 0, 0, 0, 3, 1, 0, 2, 0, 0, 1, 1, 0, 0, 0, 3, 0, 1, 0, 0, 2, 1, 0, 1, 0, 0, 0, 0, 1, 2, 1, 0, 0, 1, 3, 0, 0, 1, 0, 0, 0, 2, 0, 1, 0, 2, 1, 0, 0, 1, 1, 3, 0, 1, 1, 3, 3, 0, 0, 0, 0, 0, 1, 0, 0, 0, 0, 1, 0, 0, 0, 1, 0, 2, 1, 0, 1, 1, 0, 0, 2, 0, 0],717.7746778690674,58051.11429889491,97947.81742761745,false
35,G4_BALANCED,G2_TEC,[31, 22, 82, 15, 26, 9, 95, 42, 77, 68, 47, 5, 93, 78, 86, 54, 85, 63, 18, 44, 20, 49, 36, 14, 74, 50, 53, 17, 21, 28, 71, 64, 3, 23, 30, 83, 24, 41, 60, 52, 65, 27, 90, 70, 39, 87, 48, 69, 99, 4, 46, 1, 13, 58, 97, 59, 45, 8, 73, 37, 35, 79, 11, 66, 76, 32, 40, 80, 96, 6, 16, 61, 33, 7, 57, 34, 12, 67, 10, 98, 56, 88, 29, 75, 91, 38, 19, 92, 43, 84, 51, 72, 81, 25, 2, 55, 0, 94, 89, 62]|[2, 1, 2, 1, 1, 2, 1, 1, 1, 2, 1, 0, 2, 2, 1, 2, 0, 0, 0, 2, 2, 1, 0, 2, 0, 2, 2, 1, 0, 1, 1, 1, 0, 0, 1, 0, 2, 1, 2, 2, 0, 0, 1, 1, 0, 2, 0, 2, 1, 0, 0, 2, 0, 0, 2, 0, 1, 1, 0, 0, 2, 1, 0, 2, 2, 0, 2, 2, 0, 1, 2, 1, 1, 2, 0, 1, 1, 1, 1, 2, 2, 1, 1, 0, 1, 0, 1, 0, 1, 0, 1, 1, 1, 1, 2, 0, 0, 2, 1, 1]|[0, 3, 0, 3, 4, 1, 4, 4, 2, 0, 3, 2, 1, 0, 2, 1, 1, 1, 2, 1, 1, 3, 0, 1, 0, 1, 1, 4, 1, 4, 3, 2, 2, 0, 4, 1, 1, 4, 0, 1, 2, 1, 4, 4, 1, 1, 0, 2, 3, 1, 2, 1, 2, 1, 1, 2, 4, 3, 0, 2, 2, 3, 1, 0, 1, 2, 0, 1, 2, 4, 1, 3, 4, 1, 2, 4, 3, 3, 3, 1, 1, 4, 3, 2, 3, 2, 4, 2, 4, 2, 3, 4, 4, 4, 1, 2, 2, 1, 4, 3]|[0, 2, 0, 0, 3, 0, 1, 3, 0, 0, 2, 0, 1, 0, 1, 0, 0, 0, 1, 0, 0, 2, 0, 0, 1, 0, 0, 3, 0, 1, 0, 2, 0, 1, 3, 0, 1, 3, 1, 0, 0, 0, 1, 3, 0, 0, 1, 0, 2, 0, 0, 0, 0, 0, 1, 0, 1, 0, 1, 1, 0, 2, 0, 0, 0, 0, 0, 0, 0, 2, 0, 0, 1, 0, 0, 1, 0, 0, 3, 0, 0, 1, 0, 0, 0, 0, 3, 0, 2, 0, 0, 2, 1, 3, 0, 0, 0, 0, 1, 0],848.7210464257236,51873.96370052903,107003.66788360782,true
35,G2_TEC,G2_TEC,[31, 22, 82, 15, 26, 9, 95, 42, 77, 68, 47, 5, 93, 78, 86, 54, 85, 63, 18, 44, 20, 49, 36, 14, 74, 50, 53, 17, 21, 28, 11, 64, 3, 23, 30, 83, 24, 41, 40, 52, 65, 27, 90, 70, 39, 87, 48, 69, 99, 4, 75, 1, 13, 58, 97, 59, 45, 8, 73, 37, 35, 79, 71, 66, 76, 32, 60, 80, 56, 6, 67, 61, 33, 7, 57, 34, 12, 16, 10, 98, 96, 88, 43, 46, 91, 38, 84, 92, 29, 19, 51, 55, 81, 89, 25, 72, 94, 2, 0, 62]|[2, 1, 2, 1, 1, 2, 1, 1, 1, 1, 1, 0, 2, 2, 1, 2, 0, 0, 0, 2, 2, 1, 0, 2, 0, 2, 2, 1, 0, 1, 1, 1, 0, 0, 1, 0, 2, 1, 2, 2, 0, 0, 1, 1, 0, 2, 0, 2, 1, 0, 0, 2, 0, 0, 2, 0, 1, 1, 0, 0, 2, 1, 1, 2, 2, 0, 2, 2, 2, 1, 2, 1, 1, 2, 0, 1, 1, 2, 1, 2, 0, 1, 1, 0, 1, 0, 0, 0, 1, 1, 1, 0, 1, 1, 1, 1, 2, 2, 0, 1]|[0, 3, 0, 3, 4, 1, 4, 4, 2, 4, 3, 2, 1, 0, 2, 1, 1, 1, 2, 1, 1, 3, 0, 1, 0, 1, 1, 4, 1, 4, 3, 2, 2, 0, 4, 1, 1, 4, 1, 1, 2, 1, 4, 4, 1, 1, 0, 2, 3, 2, 2, 1, 2, 1, 1, 2, 4, 3, 0, 2, 2, 3, 3, 1, 1, 2, 1, 1, 1, 4, 1, 3, 4, 1, 2, 4, 3, 1, 3, 1, 2, 4, 4, 2, 3, 2, 2, 2, 3, 4, 3, 2, 4, 4, 4, 4, 1, 1, 2, 3]|[0, 2, 0, 0, 3, 0, 1, 3, 0, 0, 2, 0, 1, 0, 1, 0, 0, 0, 1, 0, 0, 2, 0, 0, 1, 0, 0, 3, 0, 1, 0, 2, 0, 0, 3, 0, 1, 1, 0, 0, 0, 0, 1, 3, 0, 0, 1, 0, 2, 0, 0, 0, 0, 0, 1, 0, 1, 0, 1, 1, 0, 2, 0, 0, 0, 0, 0, 0, 0, 2, 0, 0, 1, 0, 0, 1, 0, 0, 3, 0, 0, 1, 2, 0, 0, 0, 0, 0, 3, 1, 0, 0, 2, 1, 3, 1, 0, 0, 0, 0],908.8272556494078,49235.066718390466,107289.32240407266,false
35,G3_TWC,G3_TWC,[31, 22, 82, 15, 26, 58, 95, 42, 77, 12, 47, 5, 93, 78, 98, 54, 85, 63, 18, 44, 20, 35, 43, 97, 91, 76, 10, 30, 21, 45, 71, 64, 1, 23, 17, 83, 24, 14, 60, 36, 6, 57, 94, 88, 65, 56, 79, 40, 67, 68, 46, 75, 39, 9, 19, 32, 81, 96, 27, 62, 87, 90, 99, 59, 11, 16, 72, 73, 70, 38, 37, 84, 3, 92, 25, 55, 28, 29, 51, 7, 33, 61, 86, 48, 89, 50, 69, 41, 53, 80, 4, 8, 34, 49, 52, 0, 13, 2, 66, 74]|[1, 1, 0, 1, 1, 1, 2, 1, 2, 1, 2, 2, 2, 1, 1, 0, 0, 1, 0, 2, 2, 0, 1, 2, 0, 1, 2, 2, 0, 0, 1, 2, 1, 2, 1, 0, 2, 0, 1, 1, 0, 1, 1, 1, 0, 2, 1, 1, 0, 0, 0, 0, 1, 1, 2, 1, 2, 0, 0, 0, 2, 1, 0, 1, 2, 1, 2, 1, 1, 1, 1, 1, 2, 0, 1, 1, 0, 0, 0, 1, 2, 1, 0, 0, 1, 0, 1, 0, 0, 0, 0, 1, 2, 0, 1, 0, 0, 0, 2, 2]|[4, 3, 2, 2, 0, 0, 2, 2, 2, 4, 1, 1, 2, 4, 4, 1, 1, 4, 2, 1, 1, 1, 1, 2, 1, 2, 1, 1, 1, 1, 3, 2, 3, 0, 4, 0, 1, 1, 0, 3, 2, 2, 4, 0, 1, 1, 0, 2, 0, 1, 2, 2, 1, 4, 0, 3, 2, 1, 1, 2, 1, 3, 1, 1, 1, 3, 0, 4, 3, 1, 4, 1, 1, 2, 4, 4, 2, 1, 1, 3, 1, 3, 1, 1, 1, 1, 3, 1, 2, 1, 2, 3, 1, 1, 1, 2, 2, 2, 1, 1]|[0, 2, 1, 1, 3, 3, 0, 1, 0, 0, 0, 0, 1, 0, 1, 0, 0, 3, 1, 0, 0, 0, 3, 1, 0, 2, 0, 0, 0, 1, 0, 0, 0, 0, 3, 0, 1, 0, 0, 2, 1, 1, 2, 0, 0, 0, 0, 1, 1, 0, 0, 0, 1, 3, 0, 0, 1, 0, 0, 1, 0, 2, 0, 1, 0, 2, 1, 0, 0, 1, 1, 3, 0, 1, 3, 3, 1, 0, 0, 2, 0, 0, 0, 0, 1, 0, 0, 0, 1, 0, 1, 2, 0, 1, 1, 0, 0, 0, 0, 0],790.0799945868791,57951.42221290124,88960.86369927591,false
35,G1_CMAX,G1_CMAX,[31, 22, 82, 15, 26, 58, 95, 42, 77, 12, 93, 5, 47, 78, 86, 21, 63, 18, 44, 20, 35, 43, 97, 91, 76, 10, 30, 85, 45, 71, 64, 23, 17, 83, 24, 14, 60, 25, 6, 54, 40, 88, 65, 56, 79, 57, 69, 67, 46, 75, 38, 99, 19, 32, 41, 81, 27, 87, 90, 9, 59, 11, 16, 72, 73, 70, 39, 37, 84, 1, 3, 92, 36, 55, 48, 68, 96, 29, 51, 62, 33, 61, 98, 66, 89, 50, 4, 7, 53, 80, 94, 28, 34, 49, 52, 0, 74, 8, 2, 13]|[1, 1, 0, 1, 1, 0, 1, 1, 2, 1, 2, 2, 2, 1, 1, 0, 1, 0, 2, 2, 0, 1, 2, 0, 1, 2, 2, 2, 0, 1, 2, 2, 1, 0, 2, 0, 1, 1, 0, 0, 1, 1, 0, 2, 1, 1, 1, 0, 0, 0, 1, 1, 2, 1, 2, 2, 0, 2, 1, 0, 1, 2, 1, 2, 1, 1, 1, 1, 1, 1, 1, 0, 1, 1, 0, 0, 2, 0, 0, 0, 2, 1, 2, 2, 1, 0, 1, 0, 0, 0, 1, 0, 2, 0, 1, 0, 2, 1, 0, 0]|[0, 3, 2, 2, 4, 1, 2, 3, 2, 4, 2, 1, 1, 4, 4, 1, 4, 2, 1, 1, 1, 1, 2, 1, 2, 1, 1, 2, 1, 3, 2, 0, 4, 0, 1, 1, 0, 3, 2, 1, 2, 0, 1, 1, 0, 2, 4, 0, 2, 2, 1, 4, 0, 3, 2, 1, 1, 1, 3, 1, 1, 1, 3, 0, 4, 3, 1, 4, 1, 3, 1, 0, 4, 2, 1, 1, 1, 1, 1, 2, 1, 3, 1, 1, 1, 1, 4, 0, 2, 1, 3, 2, 1, 1, 1, 2, 1, 4, 2, 2]|[0, 2, 1, 1, 3, 0, 1, 3, 0, 0, 0, 0, 0, 0, 1, 0, 3, 1, 0, 0, 0, 3, 1, 0, 2, 0, 0, 1, 1, 0, 0, 0, 3, 0, 1, 0, 0, 2, 1, 0, 1, 0, 0, 0, 0, 1, 2, 1, 0, 0, 1, 3, 0, 0, 1, 0, 0, 0, 2, 0, 1, 0, 2, 1, 0, 0, 1, 1, 3, 0, 1, 1, 3, 3, 0, 0, 0, 0, 0, 1, 0, 0, 0, 0, 1, 0, 0, 0, 1, 0, 2, 1, 0, 1, 1, 0, 0, 2, 0, 0],717.7746778690674,58051.11429889491,97947.81742761745,false
35,G4_BALANCED,G4_BALANCED,[31, 22, 82, 15, 26, 58, 95, 42, 77, 12, 47, 5, 30, 78, 86, 54, 85, 63, 18, 44, 20, 35, 43, 97, 91, 76, 10, 93, 21, 45, 71, 64, 1, 23, 17, 83, 24, 14, 60, 36, 6, 57, 40, 88, 65, 56, 79, 94, 67, 68, 46, 75, 38, 9, 19, 32, 81, 41, 27, 62, 90, 99, 59, 87, 11, 66, 73, 70, 39, 37, 84, 3, 72, 25, 55, 16, 28, 29, 51, 7, 92, 61, 98, 48, 33, 50, 4, 96, 53, 80, 8, 89, 34, 2, 52, 13, 0, 69, 74, 49]|[1, 1, 0, 1, 1, 0, 1, 2, 2, 1, 2, 2, 2, 1, 1, 0, 0, 1, 0, 2, 2, 0, 1, 2, 0, 1, 2, 2, 0, 0, 1, 2, 1, 2, 1, 0, 2, 0, 1, 1, 0, 1, 1, 1, 0, 2, 1, 1, 0, 0, 0, 0, 1, 1, 2, 1, 0, 2, 0, 2, 1, 0, 1, 2, 2, 2, 1, 1, 1, 1, 1, 1, 2, 1, 1, 0, 0, 0, 0, 1, 2, 1, 2, 0, 1, 0, 1, 2, 0, 0, 0, 1, 2, 0, 1, 0, 0, 1, 2, 0]|[4, 3, 2, 2, 4, 1, 2, 2, 2, 4, 1, 1, 2, 4, 4, 1, 2, 4, 2, 1, 1, 1, 1, 2, 1, 2, 1, 1, 1, 1, 3, 2, 3, 1, 4, 0, 1, 1, 0, 3, 2, 2, 2, 0, 1, 1, 0, 4, 0, 1, 2, 2, 1, 4, 0, 3, 1, 1, 1, 1, 3, 1, 1, 1, 1, 1, 4, 3, 1, 4, 1, 1, 1, 4, 4, 2, 2, 2, 1, 1, 1, 3, 1, 1, 1, 1, 4, 1, 2, 1, 1, 1, 1, 2, 1, 2, 2, 4, 1, 1]|[0, 2, 1, 1, 3, 0, 1, 0, 0, 0, 0, 0, 1, 0, 1, 0, 0, 3, 1, 0, 0, 0, 3, 1, 0, 2, 0, 0, 0, 1, 0, 0, 0, 0, 3, 0, 1, 0, 0, 2, 1, 1, 1, 0, 0, 0, 0, 2, 1, 0, 0, 0, 1, 3, 0, 0, 0, 0, 0, 0, 2, 0, 1, 0, 0, 0, 0, 0, 1, 1, 3, 1, 0, 3, 3, 1, 1, 0, 0, 2, 0, 0, 0, 0, 1, 0, 0, 0, 1, 0, 0, 1, 0, 0, 1, 0, 0, 2, 0, 1],815.9382298603316,55074.479227271986,99598.30336368816,false
35,G2_TEC,G2_TEC,[31, 22, 82, 15, 26, 9, 95, 42, 77, 68, 47, 5, 93, 78, 86, 54, 85, 63, 18, 44, 20, 49, 36, 14, 74, 50, 53, 17, 21, 28, 11, 64, 3, 23, 30, 83, 24, 41, 40, 52, 65, 27, 90, 70, 39, 87, 48, 69, 99, 4, 75, 1, 13, 58, 97, 59, 45, 8, 73, 37, 35, 79, 71, 66, 76, 32, 60, 80, 56, 6, 67, 61, 33, 7, 57, 34, 12, 16, 10, 98, 96, 88, 43, 46, 91, 38, 84, 92, 29, 19, 51, 55, 81, 89, 25, 72, 94, 2, 0, 62]|[2, 1, 2, 1, 1, 2, 1, 1, 1, 1, 1, 0, 2, 2, 1, 2, 0, 0, 0, 2, 2, 1, 0, 2, 0, 2, 2, 1, 0, 1, 1, 1, 0, 0, 1, 0, 2, 1, 2, 2, 0, 0, 1, 1, 0, 2, 0, 2, 1, 0, 0, 2, 0, 0, 2, 0, 1, 1, 0, 0, 2, 1, 1, 2, 2, 0, 2, 2, 2, 1, 2, 1, 1, 2, 0, 1, 1, 2, 1, 2, 0, 1, 1, 0, 1, 0, 0, 0, 1, 1, 1, 0, 1, 1, 1, 1, 2, 2, 0, 1]|[0, 3, 0, 3, 4, 1, 4, 4, 2, 4, 3, 2, 1, 0, 2, 1, 1, 1, 2, 1, 1, 3, 0, 1, 0, 1, 1, 4, 1, 4, 3, 2, 2, 0, 4, 1, 1, 4, 1, 1, 2, 1, 4, 4, 1, 1, 0, 2, 3, 2, 2, 1, 2, 1, 1, 2, 4, 3, 0, 2, 2, 3, 3, 1, 1, 2, 1, 1, 1, 4, 1, 3, 4, 1, 2, 4, 3, 1, 3, 1, 2, 4, 4, 2, 3, 2, 2, 2, 3, 4, 3, 2, 4, 4, 4, 4, 1, 1, 2, 3]|[0, 2, 0, 0, 3, 0, 1, 3, 0, 0, 2, 0, 1, 0, 1, 0, 0, 0, 1, 0, 0, 2, 0, 0, 1, 0, 0, 3, 0, 1, 0, 2, 0, 0, 3, 0, 1, 1, 0, 0, 0, 0, 1, 3, 0, 0, 1, 0, 2, 0, 0, 0, 0, 0, 1, 0, 1, 0, 1, 1, 0, 2, 0, 0, 0, 0, 0, 0, 0, 2, 0, 0, 1, 0, 0, 1, 0, 0, 3, 0, 0, 1, 2, 0, 0, 0, 0, 0, 3, 1, 0, 0, 2, 1, 3, 1, 0, 0, 0, 0],908.8272556494078,49235.066718390466,107289.32240407266,false
35,G3_TWC,G3_TWC,[31, 22, 82, 15, 26, 58, 95, 42, 77, 12, 47, 5, 93, 78, 98, 54, 85, 63, 18, 44, 20, 35, 43, 97, 91, 76, 10, 30, 21, 45, 71, 64, 1, 23, 17, 83, 24, 14, 60, 36, 6, 57, 94, 88, 65, 56, 79, 40, 67, 68, 46, 75, 39, 9, 19, 32, 81, 96, 27, 62, 87, 90, 99, 59, 11, 16, 72, 73, 70, 38, 37, 84, 3, 92, 25, 55, 28, 29, 51, 7, 33, 61, 86, 48, 89, 50, 69, 41, 53, 80, 4, 8, 34, 49, 52, 0, 13, 2, 66, 74]|[1, 1, 0, 1, 1, 1, 2, 1, 2, 1, 2, 2, 2, 1, 1, 0, 0, 1, 0, 2, 2, 0, 1, 2, 0, 1, 2, 2, 0, 0, 1, 2, 1, 2, 1, 0, 2, 0, 1, 1, 0, 1, 1, 1, 0, 2, 1, 1, 0, 0, 0, 0, 1, 1, 2, 1, 2, 0, 0, 0, 2, 1, 0, 1, 2, 1, 2, 1, 1, 1, 1, 1, 2, 0, 1, 1, 0, 0, 0, 1, 2, 1, 0, 0, 1, 0, 1, 0, 0, 0, 0, 1, 2, 0, 1, 0, 0, 0, 2, 2]|[4, 3, 2, 2, 0, 0, 2, 2, 2, 4, 1, 1, 2, 4, 4, 1, 1, 4, 2, 1, 1, 1, 1, 2, 1, 2, 1, 1, 1, 1, 3, 2, 3, 0, 4, 0, 1, 1, 0, 3, 2, 2, 4, 0, 1, 1, 0, 2, 0, 1, 2, 2, 1, 4, 0, 3, 2, 1, 1, 2, 1, 3, 1, 1, 1, 3, 0, 4, 3, 1, 4, 1, 1, 2, 4, 4, 2, 1, 1, 3, 1, 3, 1, 1, 1, 1, 3, 1, 2, 1, 2, 3, 1, 1, 1, 2, 2, 2, 1, 1]|[0, 2, 1, 1, 3, 3, 0, 1, 0, 0, 0, 0, 1, 0, 1, 0, 0, 3, 1, 0, 0, 0, 3, 1, 0, 2, 0, 0, 0, 1, 0, 0, 0, 0, 3, 0, 1, 0, 0, 2, 1, 1, 2, 0, 0, 0, 0, 1, 1, 0, 0, 0, 1, 3, 0, 0, 1, 0, 0, 1, 0, 2, 0, 1, 0, 2, 1, 0, 0, 1, 1, 3, 0, 1, 3, 3, 1, 0, 0, 2, 0, 0, 0, 0, 1, 0, 0, 0, 1, 0, 1, 2, 0, 1, 1, 0, 0, 0, 0, 0],790.0799945868791,57951.42221290124,88960.86369927591,false
35,G1_CMAX,G1_CMAX,[31, 22, 82, 15, 26, 58, 95, 42, 77, 12, 93, 5, 47, 78, 86, 21, 63, 18, 44, 20, 35, 43, 97, 91, 76, 10, 30, 85, 45, 71, 64, 23, 17, 83, 24, 14, 60, 25, 6, 54, 40, 88, 65, 56, 79, 57, 69, 67, 46, 75, 38, 99, 19, 32, 41, 81, 27, 87, 90, 9, 59, 11, 16, 72, 73, 70, 39, 37, 84, 1, 3, 92, 36, 55, 48, 68, 96, 29, 51, 62, 33, 61, 98, 66, 89, 50, 4, 7, 53, 80, 94, 28, 34, 49, 52, 0, 74, 8, 2, 13]|[1, 1, 0, 1, 1, 0, 1, 1, 2, 1, 2, 2, 2, 1, 1, 0, 1, 0, 2, 2, 0, 1, 2, 0, 1, 2, 2, 2, 0, 1, 2, 2, 1, 0, 2, 0, 1, 1, 0, 0, 1, 1, 0, 2, 1, 1, 1, 0, 0, 0, 1, 1, 2, 1, 2, 2, 0, 2, 1, 0, 1, 2, 1, 2, 1, 1, 1, 1, 1, 1, 1, 0, 1, 1, 0, 0, 2, 0, 0, 0, 2, 1, 2, 2, 1, 0, 1, 0, 0, 0, 1, 0, 2, 0, 1, 0, 2, 1, 0, 0]|[0, 3, 2, 2, 4, 1, 2, 3, 2, 4, 2, 1, 1, 4, 4, 1, 4, 2, 1, 1, 1, 1, 2, 1, 2, 1, 1, 2, 1, 3, 2, 0, 4, 0, 1, 1, 0, 3, 2, 1, 2, 0, 1, 1, 0, 2, 4, 0, 2, 2, 1, 4, 0, 3, 2, 1, 1, 1, 3, 1, 1, 1, 3, 0, 4, 3, 1, 4, 1, 3, 1, 0, 4, 2, 1, 1, 1, 1, 1, 2, 1, 3, 1, 1, 1, 1, 4, 0, 2, 1, 3, 2, 1, 1, 1, 2, 1, 4, 2, 2]|[0, 2, 1, 1, 3, 0, 1, 3, 0, 0, 0, 0, 0, 0, 1, 0, 3, 1, 0, 0, 0, 3, 1, 0, 2, 0, 0, 1, 1, 0, 0, 0, 3, 0, 1, 0, 0, 2, 1, 0, 1, 0, 0, 0, 0, 1, 2, 1, 0, 0, 1, 3, 0, 0, 1, 0, 0, 0, 2, 0, 1, 0, 2, 1, 0, 0, 1, 1, 3, 0, 1, 1, 3, 3, 0, 0, 0, 0, 0, 1, 0, 0, 0, 0, 1, 0, 0, 0, 1, 0, 2, 1, 0, 1, 1, 0, 0, 2, 0, 0],717.7746778690674,58051.11429889491,97947.81742761745,false
35,G4_BALANCED,G1_CMAX,[31, 22, 82, 15, 26, 58, 95, 42, 77, 12, 47, 5, 93, 78, 98, 54, 85, 63, 18, 44, 20, 35, 43, 97, 91, 76, 10, 30, 21, 45, 71, 64, 1, 23, 17, 83, 24, 14, 60, 36, 6, 57, 94, 88, 65, 56, 79, 40, 67, 68, 46, 75, 38, 9, 19, 32, 81, 41, 27, 62, 87, 90, 99, 59, 11, 16, 72, 73, 70, 39, 37, 84, 3, 92, 25, 55, 28, 29, 51, 7, 33, 61, 48, 86, 89, 50, 4, 96, 53, 8, 80, 0, 34, 49, 52, 2, 13, 66, 69, 74]|[1, 1, 0, 1, 1, 1, 2, 1, 2, 1, 2, 2, 2, 1, 1, 0, 0, 1, 0, 2, 2, 0, 0, 2, 0, 1, 2, 2, 0, 0, 1, 2, 1, 2, 1, 0, 2, 0, 1, 1, 0, 1, 1, 1, 0, 2, 1, 1, 0, 0, 0, 0, 1, 1, 2, 1, 2, 0, 0, 0, 2, 1, 0, 2, 2, 1, 2, 1, 1, 1, 1, 1, 1, 0, 1, 1, 0, 0, 0, 1, 2, 1, 0, 0, 1, 0, 0, 0, 0, 1, 0, 0, 2, 0, 1, 0, 0, 2, 1, 2]|[4, 3, 2, 2, 0, 0, 2, 2, 2, 4, 1, 1, 2, 4, 4, 1, 2, 4, 2, 1, 1, 1, 1, 2, 1, 2, 1, 1, 1, 1, 3, 1, 3, 0, 4, 0, 1, 1, 0, 3, 2, 2, 4, 0, 1, 1, 0, 2, 0, 1, 2, 2, 1, 4, 0, 3, 2, 1, 1, 2, 1, 3, 1, 1, 1, 3, 0, 4, 3, 1, 4, 1, 1, 2, 4, 4, 2, 1, 1, 3, 1, 3, 1, 1, 1, 1, 2, 1, 2, 3, 1, 2, 1, 1, 1, 2, 2, 1, 3, 1]|[0, 2, 1, 1, 3, 3, 0, 1, 0, 0, 0, 0, 1, 0, 1, 0, 0, 3, 1, 0, 0, 0, 0, 1, 0, 2, 0, 0, 0, 1, 0, 0, 0, 0, 3, 0, 1, 0, 0, 2, 1, 1, 2, 0, 0, 0, 0, 1, 1, 0, 0, 0, 1, 3, 0, 0, 1, 0, 0, 1, 0, 2, 0, 0, 0, 2, 1, 0, 0, 1, 1, 3, 1, 1, 3, 3, 1, 0, 0, 2, 0, 0, 0, 0, 1, 0, 1, 0, 1, 2, 0, 0, 0, 1, 1, 0, 0, 0, 0, 0],812.5652176659299,57417.241742072496,90029.65309338432,true
35,G2_TEC,G2_TEC,[31, 22, 82, 15, 26, 9, 95, 42, 77, 68, 47, 5, 93, 78, 86, 54, 85, 63, 18, 44, 20, 49, 36, 14, 74, 50, 53, 17, 21, 28, 11, 64, 3, 23, 30, 83, 24, 41, 40, 52, 65, 27, 90, 70, 39, 87, 48, 69, 99, 4, 75, 1, 13, 58, 97, 59, 45, 8, 73, 37, 35, 79, 71, 66, 76, 32, 60, 80, 56, 6, 67, 61, 33, 7, 57, 34, 12, 16, 10, 98, 96, 88, 43, 46, 91, 38, 84, 92, 29, 19, 51, 55, 81, 89, 25, 72, 94, 2, 0, 62]|[2, 1, 2, 1, 1, 2, 1, 1, 1, 1, 1, 0, 2, 2, 1, 2, 0, 0, 0, 2, 2, 1, 0, 2, 0, 2, 2, 1, 0, 1, 1, 1, 0, 0, 1, 0, 2, 1, 2, 2, 0, 0, 1, 1, 0, 2, 0, 2, 1, 0, 0, 2, 0, 0, 2, 0, 1, 1, 0, 0, 2, 1, 1, 2, 2, 0, 2, 2, 2, 1, 2, 1, 1, 2, 0, 1, 1, 2, 1, 2, 0, 1, 1, 0, 1, 0, 0, 0, 1, 1, 1, 0, 1, 1, 1, 1, 2, 2, 0, 1]|[0, 3, 0, 3, 4, 1, 4, 4, 2, 4, 3, 2, 1, 0, 2, 1, 1, 1, 2, 1, 1, 3, 0, 1, 0, 1, 1, 4, 1, 4, 3, 2, 2, 0, 4, 1, 1, 4, 1, 1, 2, 1, 4, 4, 1, 1, 0, 2, 3, 2, 2, 1, 2, 1, 1, 2, 4, 3, 0, 2, 2, 3, 3, 1, 1, 2, 1, 1, 1, 4, 1, 3, 4, 1, 2, 4, 3, 1, 3, 1, 2, 4, 4, 2, 3, 2, 2, 2, 3, 4, 3, 2, 4, 4, 4, 4, 1, 1, 2, 3]|[0, 2, 0, 0, 3, 0, 1, 3, 0, 0, 2, 0, 1, 0, 1, 0, 0, 0, 1, 0, 0, 2, 0, 0, 1, 0, 0, 3, 0, 1, 0, 2, 0, 0, 3, 0, 1, 1, 0, 0, 0, 0, 1, 3, 0, 0, 1, 0, 2, 0, 0, 0, 0, 0, 1, 0, 1, 0, 1, 1, 0, 2, 0, 0, 0, 0, 0, 0, 0, 2, 0, 0, 1, 0, 0, 1, 0, 0, 3, 0, 0, 1, 2, 0, 0, 0, 0, 0, 3, 1, 0, 0, 2, 1, 3, 1, 0, 0, 0, 0],908.8272556494078,49235.066718390466,107289.32240407266,false
35,G3_TWC,G3_TWC,[31, 22, 82, 15, 26, 58, 95, 42, 77, 12, 47, 5, 93, 78, 98, 54, 85, 63, 18, 44, 20, 35, 43, 97, 91, 76, 10, 30, 21, 45, 71, 64, 1, 23, 17, 83, 24, 14, 60, 36, 6, 57, 94, 88, 65, 56, 79, 40, 67, 68, 46, 75, 39, 9, 19, 32, 81, 96, 27, 62, 87, 90, 99, 59, 11, 16, 72, 73, 70, 38, 37, 84, 3, 92, 25, 55, 28, 29, 51, 7, 33, 61, 86, 48, 89, 50, 69, 41, 53, 80, 4, 8, 34, 49, 52, 0, 13, 2, 66, 74]|[1, 1, 0, 1, 1, 1, 2, 1, 2, 1, 2, 2, 2, 1, 1, 0, 0, 1, 0, 2, 2, 0, 1, 2, 0, 1, 2, 2, 0, 0, 1, 2, 1, 2, 1, 0, 2, 0, 1, 1, 0, 1, 1, 1, 0, 2, 1, 1, 0, 0, 0, 0, 1, 1, 2, 1, 2, 0, 0, 0, 2, 1, 0, 1, 2, 1, 2, 1, 1, 1, 1, 1, 2, 0, 1, 1, 0, 0, 0, 1, 2, 1, 0, 0, 1, 0, 1, 0, 0, 0, 0, 1, 2, 0, 1, 0, 0, 0, 2, 2]|[4, 3, 2, 2, 0, 0, 2, 2, 2, 4, 1, 1, 2, 4, 4, 1, 1, 4, 2, 1, 1, 1, 1, 2, 1, 2, 1, 1, 1, 1, 3, 2, 3, 0, 4, 0, 1, 1, 0, 3, 2, 2, 4, 0, 1, 1, 0, 2, 0, 1, 2, 2, 1, 4, 0, 3, 2, 1, 1, 2, 1, 3, 1, 1, 1, 3, 0, 4, 3, 1, 4, 1, 1, 2, 4, 4, 2, 1, 1, 3, 1, 3, 1, 1, 1, 1, 3, 1, 2, 1, 2, 3, 1, 1, 1, 2, 2, 2, 1, 1]|[0, 2, 1, 1, 3, 3, 0, 1, 0, 0, 0, 0, 1, 0, 1, 0, 0, 3, 1, 0, 0, 0, 3, 1, 0, 2, 0, 0, 0, 1, 0, 0, 0, 0, 3, 0, 1, 0, 0, 2, 1, 1, 2, 0, 0, 0, 0, 1, 1, 0, 0, 0, 1, 3, 0, 0, 1, 0, 0, 1, 0, 2, 0, 1, 0, 2, 1, 0, 0, 1, 1, 3, 0, 1, 3, 3, 1, 0, 0, 2, 0, 0, 0, 0, 1, 0, 0, 0, 1, 0, 1, 2, 0, 1, 1, 0, 0, 0, 0, 0],790.0799945868791,57951.42221290124,88960.86369927591,false
35,G1_CMAX,G1_CMAX,[31, 22, 82, 15, 26, 58, 95, 42, 77, 12, 93, 5, 47, 78, 86, 21, 63, 18, 44, 20, 35, 43, 97, 91, 76, 10, 30, 85, 45, 71, 64, 23, 17, 83, 24, 14, 60, 25, 6, 54, 40, 88, 65, 56, 79, 57, 69, 67, 46, 75, 38, 99, 19, 32, 41, 81, 27, 87, 90, 9, 59, 11, 16, 72, 73, 70, 39, 37, 84, 1, 3, 92, 36, 55, 48, 68, 96, 29, 51, 62, 33, 61, 98, 66, 89, 50, 4, 7, 53, 80, 94, 28, 34, 49, 52, 0, 74, 8, 2, 13]|[1, 1, 0, 1, 1, 0, 1, 1, 2, 1, 2, 2, 2, 1, 1, 0, 1, 0, 2, 2, 0, 1, 2, 0, 1, 2, 2, 2, 0, 1, 2, 2, 1, 0, 2, 0, 1, 1, 0, 0, 1, 1, 0, 2, 1, 1, 1, 0, 0, 0, 1, 1, 2, 1, 2, 2, 0, 2, 1, 0, 1, 2, 1, 2, 1, 1, 1, 1, 1, 1, 1, 0, 1, 1, 0, 0, 2, 0, 0, 0, 2, 1, 2, 2, 1, 0, 1, 0, 0, 0, 1, 0, 2, 0, 1, 0, 2, 1, 0, 0]|[0, 3, 2, 2, 4, 1, 2, 3, 2, 4, 2, 1, 1, 4, 4, 1, 4, 2, 1, 1, 1, 1, 2, 1, 2, 1, 1, 2, 1, 3, 2, 0, 4, 0, 1, 1, 0, 3, 2, 1, 2, 0, 1, 1, 0, 2, 4, 0, 2, 2, 1, 4, 0, 3, 2, 1, 1, 1, 3, 1, 1, 1, 3, 0, 4, 3, 1, 4, 1, 3, 1, 0, 4, 2, 1, 1, 1, 1, 1, 2, 1, 3, 1, 1, 1, 1, 4, 0, 2, 1, 3, 2, 1, 1, 1, 2, 1, 4, 2, 2]|[0, 2, 1, 1, 3, 0, 1, 3, 0, 0, 0, 0, 0, 0, 1, 0, 3, 1, 0, 0, 0, 3, 1, 0, 2, 0, 0, 1, 1, 0, 0, 0, 3, 0, 1, 0, 0, 2, 1, 0, 1, 0, 0, 0, 0, 1, 2, 1, 0, 0, 1, 3, 0, 0, 1, 0, 0, 0, 2, 0, 1, 0, 2, 1, 0, 0, 1, 1, 3, 0, 1, 1, 3, 3, 0, 0, 0, 0, 0, 1, 0, 0, 0, 0, 1, 0, 0, 0, 1, 0, 2, 1, 0, 1, 1, 0, 0, 2, 0, 0],717.7746778690674,58051.11429889491,97947.81742761745,false
35,G4_BALANCED,G2_TEC,[31, 22, 82, 15, 26, 9, 95, 42, 77, 68, 47, 5, 93, 78, 86, 54, 85, 63, 18, 44, 20, 49, 36, 14, 74, 50, 53, 17, 21, 28, 11, 64, 3, 23, 30, 83, 24, 41, 40, 52, 65, 27, 90, 70, 39, 87, 48, 69, 99, 4, 46, 1, 13, 58, 97, 59, 45, 8, 73, 37, 35, 79, 71, 66, 76, 32, 60, 80, 96, 6, 67, 61, 33, 7, 57, 34, 12, 16, 10, 98, 56, 88, 43, 75, 91, 38, 19, 92, 29, 84, 51, 55, 72, 25, 89, 81, 94, 2, 0, 62]|[2, 1, 2, 1, 1, 0, 1, 1, 1, 1, 1, 0, 2, 2, 1, 2, 0, 0, 0, 2, 2, 1, 0, 2, 0, 2, 2, 1, 0, 1, 1, 1, 0, 0, 1, 0, 2, 1, 2, 2, 0, 0, 1, 1, 0, 2, 0, 2, 1, 0, 0, 2, 0, 0, 2, 0, 1, 1, 0, 0, 2, 1, 1, 2, 2, 0, 2, 2, 0, 1, 2, 1, 1, 2, 0, 1, 1, 2, 1, 2, 2, 1, 1, 0, 1, 0, 1, 0, 1, 0, 1, 0, 1, 1, 1, 1, 2, 2, 0, 1]|[0, 3, 0, 3, 4, 1, 4, 4, 2, 4, 3, 2, 1, 0, 2, 1, 1, 1, 2, 1, 1, 3, 0, 1, 0, 1, 1, 4, 1, 4, 3, 2, 2, 0, 4, 1, 1, 4, 1, 1, 2, 1, 4, 4, 1, 1, 0, 2, 3, 2, 2, 1, 2, 1, 1, 2, 4, 3, 0, 2, 2, 3, 3, 1, 1, 2, 1, 1, 2, 4, 1, 3, 4, 1, 2, 4, 3, 1, 3, 1, 1, 4, 4, 2, 3, 2, 4, 2, 3, 2, 3, 2, 4, 4, 4, 4, 1, 1, 2, 3]|[0, 2, 0, 0, 3, 0, 1, 3, 0, 0, 2, 0, 1, 0, 1, 0, 0, 0, 1, 0, 0, 2, 0, 0, 1, 0, 0, 3, 0, 1, 0, 2, 0, 0, 3, 0, 1, 1, 0, 0, 0, 0, 1, 3, 0, 0, 1, 0, 2, 0, 0, 0, 0, 1, 1, 0, 1, 0, 1, 1, 0, 2, 0, 0, 0, 0, 0, 0, 0, 2, 0, 0, 1, 0, 0, 1, 0, 0, 3, 0, 0, 1, 2, 0, 0, 0, 1, 0, 3, 0, 0, 0, 1, 3, 1, 2, 0, 0, 0, 0],899.5093495624716,49861.95982698932,103705.26511491132,true
35,G2_TEC,G2_TEC,[31, 22, 82, 15, 26, 9, 95, 42, 77, 68, 47, 5, 93, 78, 86, 54, 85, 63, 18, 44, 20, 49, 36, 14, 74, 50, 53, 17, 21, 28, 11, 64, 3, 23, 30, 83, 24, 41, 40, 52, 65, 27, 90, 70, 39, 87, 48, 69, 99, 4, 75, 1, 13, 58, 97, 59, 45, 8, 73, 37, 35, 79, 71, 66, 76, 32, 60, 80, 56, 6, 67, 61, 33, 7, 57, 34, 12, 16, 10, 98, 96, 88, 43, 46, 91, 38, 84, 92, 29, 19, 51, 55, 81, 89, 25, 72, 94, 2, 0, 62]|[2, 1, 2, 1, 1, 2, 1, 1, 1, 1, 1, 0, 2, 2, 1, 2, 0, 0, 0, 2, 2, 1, 0, 2, 0, 2, 2, 1, 0, 1, 1, 1, 0, 0, 1, 0, 2, 1, 2, 2, 0, 0, 1, 1, 0, 2, 0, 2, 1, 0, 0, 2, 0, 0, 2, 0, 1, 1, 0, 0, 2, 1, 1, 2, 2, 0, 2, 2, 2, 1, 2, 1, 1, 2, 0, 1, 1, 2, 1, 2, 0, 1, 1, 0, 1, 0, 0, 0, 1, 1, 1, 0, 1, 1, 1, 1, 2, 2, 0, 1]|[0, 3, 0, 3, 4, 1, 4, 4, 2, 4, 3, 2, 1, 0, 2, 1, 1, 1, 2, 1, 1, 3, 0, 1, 0, 1, 1, 4, 1, 4, 3, 2, 2, 0, 4, 1, 1, 4, 1, 1, 2, 1, 4, 4, 1, 1, 0, 2, 3, 2, 2, 1, 2, 1, 1, 2, 4, 3, 0, 2, 2, 3, 3, 1, 1, 2, 1, 1, 1, 4, 1, 3, 4, 1, 2, 4, 3, 1, 3, 1, 2, 4, 4, 2, 3, 2, 2, 2, 3, 4, 3, 2, 4, 4, 4, 4, 1, 1, 2, 3]|[0, 2, 0, 0, 3, 0, 1, 3, 0, 0, 2, 0, 1, 0, 1, 0, 0, 0, 1, 0, 0, 2, 0, 0, 1, 0, 0, 3, 0, 1, 0, 2, 0, 0, 3, 0, 1, 1, 0, 0, 0, 0, 1, 3, 0, 0, 1, 0, 2, 0, 0, 0, 0, 0, 1, 0, 1, 0, 1, 1, 0, 2, 0, 0, 0, 0, 0, 0, 0, 2, 0, 0, 1, 0, 0, 1, 0, 0, 3, 0, 0, 1, 2, 0, 0, 0, 0, 0, 3, 1, 0, 0, 2, 1, 3, 1, 0, 0, 0, 0],908.8272556494078,49235.066718390466,107289.32240407266,false
35,G3_TWC,G3_TWC,[31, 22, 82, 15, 26, 58, 95, 42, 77, 12, 47, 5, 93, 78, 98, 54, 85, 63, 18, 44, 20, 35, 43, 97, 91, 76, 10, 30, 21, 45, 71, 64, 1, 23, 17, 83, 24, 14, 60, 36, 6, 57, 94, 88, 65, 56, 79, 40, 67, 68, 46, 75, 39, 9, 19, 32, 81, 96, 27, 62, 87, 90, 99, 59, 11, 16, 72, 73, 70, 38, 37, 84, 3, 92, 25, 55, 28, 29, 51, 7, 33, 61, 86, 48, 89, 50, 69, 41, 53, 80, 4, 8, 34, 49, 52, 0, 13, 2, 66, 74]|[1, 1, 0, 1, 1, 1, 2, 1, 2, 1, 2, 2, 2, 1, 1, 0, 0, 1, 0, 2, 2, 0, 1, 2, 0, 1, 2, 2, 0, 0, 1, 2, 1, 2, 1, 0, 2, 0, 1, 1, 0, 1, 1, 1, 0, 2, 1, 1, 0, 0, 0, 0, 1, 1, 2, 1, 2, 0, 0, 0, 2, 1, 0, 1, 2, 1, 2, 1, 1, 1, 1, 1, 2, 0, 1, 1, 0, 0, 0, 1, 2, 1, 0, 0, 1, 0, 1, 0, 0, 0, 0, 1, 2, 0, 1, 0, 0, 0, 2, 2]|[4, 3, 2, 2, 0, 0, 2, 2, 2, 4, 1, 1, 2, 4, 4, 1, 1, 4, 2, 1, 1, 1, 1, 2, 1, 2, 1, 1, 1, 1, 3, 2, 3, 0, 4, 0, 1, 1, 0, 3, 2, 2, 4, 0, 1, 1, 0, 2, 0, 1, 2, 2, 1, 4, 0, 3, 2, 1, 1, 2, 1, 3, 1, 1, 1, 3, 0, 4, 3, 1, 4, 1, 1, 2, 4, 4, 2, 1, 1, 3, 1, 3, 1, 1, 1, 1, 3, 1, 2, 1, 2, 3, 1, 1, 1, 2, 2, 2, 1, 1]|[0, 2, 1, 1, 3, 3, 0, 1, 0, 0, 0, 0, 1, 0, 1, 0, 0, 3, 1, 0, 0, 0, 3, 1, 0, 2, 0, 0, 0, 1, 0, 0, 0, 0, 3, 0, 1, 0, 0, 2, 1, 1, 2, 0, 0, 0, 0, 1, 1, 0, 0, 0, 1, 3, 0, 0, 1, 0, 0, 1, 0, 2, 0, 1, 0, 2, 1, 0, 0, 1, 1, 3, 0, 1, 3, 3, 1, 0, 0, 2, 0, 0, 0, 0, 1, 0, 0, 0, 1, 0, 1, 2, 0, 1, 1, 0, 0, 0, 0, 0],790.0799945868791,57951.42221290124,88960.86369927591,false
35,G1_CMAX,G1_CMAX,[31, 22, 82, 15, 26, 58, 95, 42, 77, 12, 93, 5, 47, 78, 86, 21, 63, 18, 44, 20, 35, 43, 97, 91, 76, 10, 30, 85, 45, 71, 64, 23, 17, 83, 24, 14, 60, 25, 6, 54, 40, 88, 65, 56, 79, 57, 69, 67, 46, 75, 38, 99, 19, 32, 41, 81, 27, 87, 90, 9, 59, 11, 16, 72, 73, 70, 39, 37, 84, 1, 3, 92, 36, 55, 48, 68, 96, 29, 51, 62, 33, 61, 98, 66, 89, 50, 4, 7, 53, 80, 94, 28, 34, 49, 52, 0, 74, 8, 2, 13]|[1, 1, 0, 1, 1, 0, 1, 1, 2, 1, 2, 2, 2, 1, 1, 0, 1, 0, 2, 2, 0, 1, 2, 0, 1, 2, 2, 2, 0, 1, 2, 2, 1, 0, 2, 0, 1, 1, 0, 0, 1, 1, 0, 2, 1, 1, 1, 0, 0, 0, 1, 1, 2, 1, 2, 2, 0, 2, 1, 0, 1, 2, 1, 2, 1, 1, 1, 1, 1, 1, 1, 0, 1, 1, 0, 0, 2, 0, 0, 0, 2, 1, 2, 2, 1, 0, 1, 0, 0, 0, 1, 0, 2, 0, 1, 0, 2, 1, 0, 0]|[0, 3, 2, 2, 4, 1, 2, 3, 2, 4, 2, 1, 1, 4, 4, 1, 4, 2, 1, 1, 1, 1, 2, 1, 2, 1, 1, 2, 1, 3, 2, 0, 4, 0, 1, 1, 0, 3, 2, 1, 2, 0, 1, 1, 0, 2, 4, 0, 2, 2, 1, 4, 0, 3, 2, 1, 1, 1, 3, 1, 1, 1, 3, 0, 4, 3, 1, 4, 1, 3, 1, 0, 4, 2, 1, 1, 1, 1, 1, 2, 1, 3, 1, 1, 1, 1, 4, 0, 2, 1, 3, 2, 1, 1, 1, 2, 1, 4, 2, 2]|[0, 2, 1, 1, 3, 0, 1, 3, 0, 0, 0, 0, 0, 0, 1, 0, 3, 1, 0, 0, 0, 3, 1, 0, 2, 0, 0, 1, 1, 0, 0, 0, 3, 0, 1, 0, 0, 2, 1, 0, 1, 0, 0, 0, 0, 1, 2, 1, 0, 0, 1, 3, 0, 0, 1, 0, 0, 0, 2, 0, 1, 0, 2, 1, 0, 0, 1, 1, 3, 0, 1, 1, 3, 3, 0, 0, 0, 0, 0, 1, 0, 0, 0, 0, 1, 0, 0, 0, 1, 0, 2, 1, 0, 1, 1, 0, 0, 2, 0, 0],717.7746778690674,58051.11429889491,97947.81742761745,false
35,G4_BALANCED,G4_BALANCED,[31, 11, 15, 82, 26, 9, 95, 32, 77, 68, 47, 5, 93, 78, 86, 54, 85, 63, 18, 44, 20, 49, 36, 14, 74, 50, 53, 17, 21, 45, 71, 64, 3, 23, 30, 83, 24, 41, 60, 52, 65, 27, 90, 70, 39, 87, 48, 69, 99, 4, 46, 1, 13, 58, 97, 59, 28, 75, 73, 37, 35, 79, 22, 66, 76, 42, 40, 80, 96, 6, 16, 61, 33, 7, 57, 34, 12, 67, 10, 98, 56, 88, 29, 94, 91, 38, 51, 92, 43, 84, 19, 72, 81, 25, 0, 55, 62, 89, 8, 2]|[2, 1, 1, 2, 1, 2, 1, 1, 1, 1, 1, 0, 2, 2, 1, 2, 0, 0, 0, 2, 2, 1, 0, 2, 0, 2, 2, 1, 0, 1, 1, 1, 0, 0, 1, 0, 2, 1, 2, 2, 0, 0, 1, 1, 0, 2, 0, 2, 1, 0, 0, 2, 0, 0, 2, 0, 1, 0, 0, 0, 2, 1, 0, 2, 2, 0, 2, 2, 0, 1, 2, 1, 1, 2, 0, 1, 1, 1, 1, 2, 2, 1, 1, 2, 1, 0, 1, 0, 1, 0, 1, 1, 1, 1, 0, 0, 1, 1, 1, 2]|[0, 3, 2, 0, 4, 1, 4, 4, 2, 4, 3, 2, 1, 0, 2, 1, 1, 1, 2, 1, 1, 3, 0, 1, 0, 1, 1, 4, 1, 4, 3, 2, 2, 0, 4, 1, 1, 4, 0, 1, 2, 1, 4, 4, 1, 1, 0, 2, 3, 1, 2, 1, 2, 1, 1, 2, 4, 2, 0, 2, 2, 3, 1, 0, 1, 2, 0, 1, 2, 4, 1, 3, 4, 1, 2, 4, 3, 3, 3, 1, 1, 4, 3, 1, 3, 2, 3, 2, 4, 2, 4, 4, 1, 4, 2, 2, 3, 4, 3, 1]|[0, 2, 1, 0, 3, 0, 1, 3, 0, 0, 2, 0, 1, 0, 1, 0, 0, 0, 1, 0, 0, 2, 0, 0, 1, 0, 0, 3, 0, 1, 0, 2, 0, 1, 3, 0, 1, 3, 1, 0, 0, 0, 1, 3, 0, 0, 1, 0, 2, 0, 0, 0, 0, 0, 1, 0, 1, 0, 1, 1, 0, 2, 0, 0, 0, 0, 0, 0, 0, 2, 0, 0, 1, 0, 0, 1, 0, 0, 3, 0, 0, 1, 0, 0, 0, 0, 0, 0, 2, 0, 3, 2, 1, 3, 0, 0, 0, 1, 0, 0],838.0858887121581,52145.01293281826,108083.60693758915,false
35,G2_TEC,G2_TEC,[31, 22, 82, 15, 26, 9, 95, 42, 77, 68, 47, 5, 93, 78, 86, 54, 85, 63, 18, 44, 20, 49, 36, 14, 74, 50, 53, 17, 21, 28, 11, 64, 3, 23, 30, 83, 24, 41, 40, 52, 65, 27, 90, 70, 39, 87, 48, 69, 99, 4, 75, 1, 13, 58, 97, 59, 45, 8, 73, 37, 35, 79, 71, 66, 76, 32, 60, 80, 56, 6, 67, 61, 33, 7, 57, 34, 12, 16, 10, 98, 96, 88, 43, 46, 91, 38, 84, 92, 29, 19, 51, 55, 81, 89, 25, 72, 94, 2, 0, 62]|[2, 1, 2, 1, 1, 2, 1, 1, 1, 1, 1, 0, 2, 2, 1, 2, 0, 0, 0, 2, 2, 1, 0, 2, 0, 2, 2, 1, 0, 1, 1, 1, 0, 0, 1, 0, 2, 1, 2, 2, 0, 0, 1, 1, 0, 2, 0, 2, 1, 0, 0, 2, 0, 0, 2, 0, 1, 1, 0, 0, 2, 1, 1, 2, 2, 0, 2, 2, 2, 1, 2, 1, 1, 2, 0, 1, 1, 2, 1, 2, 0, 1, 1, 0, 1, 0, 0, 0, 1, 1, 1, 0, 1, 1, 1, 1, 2, 2, 0, 1]|[0, 3, 0, 3, 4, 1, 4, 4, 2, 4, 3, 2, 1, 0, 2, 1, 1, 1, 2, 1, 1, 3, 0, 1, 0, 1, 1, 4, 1, 4, 3, 2, 2, 0, 4, 1, 1, 4, 1, 1, 2, 1, 4, 4, 1, 1, 0, 2, 3, 2, 2, 1, 2, 1, 1, 2, 4, 3, 0, 2, 2, 3, 3, 1, 1, 2, 1, 1, 1, 4, 1, 3, 4, 1, 2, 4, 3, 1, 3, 1, 2, 4, 4, 2, 3, 2, 2, 2, 3, 4, 3, 2, 4, 4, 4, 4, 1, 1, 2, 3]|[0, 2, 0, 0, 3, 0, 1, 3, 0, 0, 2, 0, 1, 0, 1, 0, 0, 0, 1, 0, 0, 2, 0, 0, 1, 0, 0, 3, 0, 1, 0, 2, 0, 0, 3, 0, 1, 1, 0, 0, 0, 0, 1, 3, 0, 0, 1, 0, 2, 0, 0, 0, 0, 0, 1, 0, 1, 0, 1, 1, 0, 2, 0, 0, 0, 0, 0, 0, 0, 2, 0, 0, 1, 0, 0, 1, 0, 0, 3, 0, 0, 1, 2, 0, 0, 0, 0, 0, 3, 1, 0, 0, 2, 1, 3, 1, 0, 0, 0, 0],908.8272556494078,49235.066718390466,107289.32240407266,false
35,G3_TWC,G3_TWC,[31, 22, 82, 15, 26, 58, 95, 42, 77, 12, 47, 5, 93, 78, 98, 54, 85, 63, 18, 44, 20, 35, 43, 97, 91, 76, 10, 30, 21, 45, 71, 64, 1, 23, 17, 83, 24, 14, 60, 36, 6, 57, 94, 88, 65, 56, 79, 40, 67, 68, 46, 75, 39, 9, 19, 32, 81, 96, 27, 62, 87, 90, 99, 59, 11, 16, 72, 73, 70, 38, 37, 84, 3, 92, 25, 55, 28, 29, 51, 7, 33, 61, 86, 48, 89, 50, 69, 41, 53, 80, 4, 8, 34, 49, 52, 0, 13, 2, 66, 74]|[1, 1, 0, 1, 1, 1, 2, 1, 2, 1, 2, 2, 2, 1, 1, 0, 0, 1, 0, 2, 2, 0, 1, 2, 0, 1, 2, 2, 0, 0, 1, 2, 1, 2, 1, 0, 2, 0, 1, 1, 0, 1, 1, 1, 0, 2, 1, 1, 0, 0, 0, 0, 1, 1, 2, 1, 2, 0, 0, 0, 2, 1, 0, 1, 2, 1, 2, 1, 1, 1, 1, 1, 2, 0, 1, 1, 0, 0, 0, 1, 2, 1, 0, 0, 1, 0, 1, 0, 0, 0, 0, 1, 2, 0, 1, 0, 0, 0, 2, 2]|[4, 3, 2, 2, 0, 0, 2, 2, 2, 4, 1, 1, 2, 4, 4, 1, 1, 4, 2, 1, 1, 1, 1, 2, 1, 2, 1, 1, 1, 1, 3, 2, 3, 0, 4, 0, 1, 1, 0, 3, 2, 2, 4, 0, 1, 1, 0, 2, 0, 1, 2, 2, 1, 4, 0, 3, 2, 1, 1, 2, 1, 3, 1, 1, 1, 3, 0, 4, 3, 1, 4, 1, 1, 2, 4, 4, 2, 1, 1, 3, 1, 3, 1, 1, 1, 1, 3, 1, 2, 1, 2, 3, 1, 1, 1, 2, 2, 2, 1, 1]|[0, 2, 1, 1, 3, 3, 0, 1, 0, 0, 0, 0, 1, 0, 1, 0, 0, 3, 1, 0, 0, 0, 3, 1, 0, 2, 0, 0, 0, 1, 0, 0, 0, 0, 3, 0, 1, 0, 0, 2, 1, 1, 2, 0, 0, 0, 0, 1, 1, 0, 0, 0, 1, 3, 0, 0, 1, 0, 0, 1, 0, 2, 0, 1, 0, 2, 1, 0, 0, 1, 1, 3, 0, 1, 3, 3, 1, 0, 0, 2, 0, 0, 0, 0, 1, 0, 0, 0, 1, 0, 1, 2, 0, 1, 1, 0, 0, 0, 0, 0],790.0799945868791,57951.42221290124,88960.86369927591,false
36,G1_CMAX,G4_BALANCED,[31, 22, 82, 15, 26, 99, 95, 42, 77, 12, 47, 5, 93, 78, 86, 54, 21, 63, 18, 44, 20, 23, 43, 97, 91, 76, 10, 30, 85, 45, 71, 64, 1, 35, 17, 83, 24, 14, 60, 36, 6, 57, 40, 88, 65, 56, 79, 94, 67, 68, 46, 75, 38, 9, 19, 32, 41, 81, 27, 87, 90, 58, 59, 11, 16, 72, 62, 73, 70, 39, 37, 3, 92, 25, 55, 48, 84, 29, 51, 96, 33, 61, 98, 28, 89, 50, 4, 7, 53, 80, 52, 34, 66, 8, 13, 0, 74, 69, 2, 49]|[2, 1, 0, 1, 1, 0, 1, 1, 2, 1, 2, 2, 2, 1, 1, 0, 0, 1, 0, 2, 2, 2, 1, 2, 0, 1, 2, 2, 0, 0, 1, 2, 1, 2, 1, 0, 2, 0, 1, 1, 0, 1, 1, 1, 0, 2, 1, 1, 0, 0, 0, 0, 1, 1, 2, 1, 0, 2, 0, 2, 1, 0, 1, 2, 1, 2, 0, 1, 1, 1, 1, 1, 0, 1, 2, 0, 1, 0, 0, 2, 2, 1, 2, 0, 1, 0, 1, 2, 0, 0, 1, 2, 2, 1, 0, 0, 2, 1, 0, 0]|[1, 3, 2, 2, 4, 1, 2, 3, 2, 4, 1, 1, 2, 4, 4, 1, 1, 4, 2, 1, 1, 1, 1, 2, 1, 2, 1, 1, 2, 1, 3, 2, 3, 1, 4, 0, 1, 1, 0, 3, 2, 2, 2, 0, 1, 1, 0, 4, 0, 1, 2, 2, 1, 4, 0, 3, 1, 1, 1, 1, 3, 1, 1, 1, 3, 0, 2, 4, 3, 1, 4, 1, 0, 4, 1, 1, 1, 1, 1, 1, 1, 3, 1, 2, 1, 1, 4, 1, 2, 1, 1, 1, 1, 3, 2, 2, 1, 4, 2, 2]|[0, 2, 1, 1, 3, 0, 1, 3, 0, 0, 0, 0, 1, 0, 1, 0, 0, 3, 1, 0, 0, 0, 3, 1, 0, 2, 0, 0, 0, 1, 0, 0, 0, 0, 3, 0, 1, 0, 0, 2, 1, 1, 1, 0, 0, 0, 0, 2, 1, 0, 0, 0, 1, 3, 0, 0, 0, 0, 0, 0, 2, 0, 1, 0, 2, 1, 1, 0, 0, 1, 1, 1, 1, 3, 0, 0, 3, 0, 0, 0, 0, 0, 0, 1, 1, 0, 0, 0, 1, 0, 1, 0, 0, 2, 0, 0, 0, 2, 0, 0],768.4425996665918,55544.97691543313,95885.95702711058,true
36,G4_BALANCED,G4_BALANCED,[31, 11, 15, 82, 26, 9, 95, 32, 77, 68, 47, 5, 93, 78, 86, 54, 85, 63, 18, 44, 20, 49, 36, 14, 74, 50, 53, 17, 21, 45, 71, 64, 3, 23, 30, 83, 24, 41, 60, 52, 65, 27, 90, 70, 39, 87, 48, 69, 99, 4, 46, 1, 13, 58, 97, 59, 28, 75, 73, 37, 35, 79, 22, 66, 76, 42, 40, 80, 96, 6, 16, 61, 33, 7, 57, 34, 12, 67, 10, 98, 56, 88, 29, 94, 91, 38, 51, 92, 43, 84, 19, 72, 81, 25, 0, 55, 62, 89, 8, 2]|[2, 1, 1, 2, 1, 2, 1, 1, 1, 1, 1, 0, 2, 2, 1, 2, 0, 0, 0, 2, 2, 1, 0, 2, 0, 2, 2, 1, 0, 1, 1, 1, 0, 0, 1, 0, 2, 1, 2, 2, 0, 0, 1, 1, 0, 2, 0, 2, 1, 0, 0, 2, 0, 0, 2, 0, 1, 0, 0, 0, 2, 1, 0, 2, 2, 0, 2, 2, 0, 1, 2, 1, 1, 2, 0, 1, 1, 1, 1, 2, 2, 1, 1, 2, 1, 0, 1, 0, 1, 0, 1, 1, 1, 1, 0, 0, 1, 1, 1, 2]|[0, 3, 2, 0, 4, 1, 4, 4, 2, 4, 3, 2, 1, 0, 2, 1, 1, 1, 2, 1, 1, 3, 0, 1, 0, 1, 1, 4, 1, 4, 3, 2, 2, 0, 4, 1, 1, 4, 0, 1, 2, 1, 4, 4, 1, 1, 0, 2, 3, 1, 2, 1, 2, 1, 1, 2, 4, 2, 0, 2, 2, 3, 1, 0, 1, 2, 0, 1, 2, 4, 1, 3, 4, 1, 2, 4, 3, 3, 3, 1, 1, 4, 3, 1, 3, 2, 3, 2, 4, 2, 4, 4, 1, 4, 2, 2, 3, 4, 3, 1]|[0, 2, 1, 0, 3, 0, 1, 3, 0, 0, 2, 0, 1, 0, 1, 0, 0, 0, 1, 0, 0, 2, 0, 0, 1, 0, 0, 3, 0, 1, 0, 2, 0, 1, 3, 0, 1, 3, 1, 0, 0, 0, 1, 3, 0, 0, 1, 0, 2, 0, 0, 0, 0, 0, 1, 0, 1, 0, 1, 1, 0, 2, 0, 0, 0, 0, 0, 0, 0, 2, 0, 0, 1, 0, 0, 1, 0, 0, 3, 0, 0, 1, 0, 0, 0, 0, 0, 0, 2, 0, 3, 2, 1, 3, 0, 0, 0, 1, 0, 0],838.0858887121581,52145.01293281826,108083.60693758915,false
36,G2_TEC,G2_TEC,[31, 22, 82, 15, 26, 9, 95, 42, 77, 68, 47, 5, 93, 78, 86, 54, 85, 63, 18, 44, 20, 49, 36, 14, 74, 50, 53, 17, 21, 28, 11, 64, 3, 23, 30, 83, 24, 41, 40, 52, 65, 27, 90, 70, 39, 87, 48, 69, 99, 4, 75, 1, 13, 58, 97, 59, 45, 8, 73, 37, 35, 79, 71, 66, 76, 32, 60, 80, 56, 6, 67, 61, 33, 7, 57, 34, 12, 16, 10, 98, 96, 88, 43, 46, 91, 38, 84, 92, 29, 19, 51, 55, 81, 89, 25, 72, 94, 2, 0, 62]|[2, 1, 2, 1, 1, 2, 1, 1, 1, 1, 1, 0, 2, 2, 1, 2, 0, 0, 0, 2, 2, 1, 0, 2, 0, 2, 2, 1, 0, 1, 1, 1, 0, 0, 1, 0, 2, 1, 2, 2, 0, 0, 1, 1, 0, 2, 0, 2, 1, 0, 0, 2, 0, 0, 2, 0, 1, 1, 0, 0, 2, 1, 1, 2, 2, 0, 2, 2, 2, 1, 2, 1, 1, 2, 0, 1, 1, 2, 1, 2, 0, 1, 1, 0, 1, 0, 0, 0, 1, 1, 1, 0, 1, 1, 1, 1, 2, 2, 0, 1]|[0, 3, 0, 3, 4, 1, 4, 4, 2, 4, 3, 2, 1, 0, 2, 1, 1, 1, 2, 1, 1, 3, 0, 1, 0, 1, 1, 4, 1, 4, 3, 2, 2, 0, 4, 1, 1, 4, 1, 1, 2, 1, 4, 4, 1, 1, 0, 2, 3, 2, 2, 1, 2, 1, 1, 2, 4, 3, 0, 2, 2, 3, 3, 1, 1, 2, 1, 1, 1, 4, 1, 3, 4, 1, 2, 4, 3, 1, 3, 1, 2, 4, 4, 2, 3, 2, 2, 2, 3, 4, 3, 2, 4, 4, 4, 4, 1, 1, 2, 3]|[0, 2, 0, 0, 3, 0, 1, 3, 0, 0, 2, 0, 1, 0, 1, 0, 0, 0, 1, 0, 0, 2, 0, 0, 1, 0, 0, 3, 0, 1, 0, 2, 0, 0, 3, 0, 1, 1, 0, 0, 0, 0, 1, 3, 0, 0, 1, 0, 2, 0, 0, 0, 0, 0, 1, 0, 1, 0, 1, 1, 0, 2, 0, 0, 0, 0, 0, 0, 0, 2, 0, 0, 1, 0, 0, 1, 0, 0, 3, 0, 0, 1, 2, 0, 0, 0, 0, 0, 3, 1, 0, 0, 2, 1, 3, 1, 0, 0, 0, 0],908.8272556494078,49235.066718390466,107289.32240407266,false
36,G3_TWC,G3_TWC,[31, 22, 82, 15, 26, 58, 95, 42, 77, 12, 47, 5, 93, 78, 98, 54, 85, 63, 18, 44, 20, 35, 43, 97, 91, 76, 10, 30, 21, 45, 71, 64, 1, 23, 17, 83, 24, 14, 60, 36, 6, 57, 94, 88, 65, 56, 79, 40, 67, 68, 46, 75, 39, 9, 19, 32, 81, 96, 27, 62, 87, 90, 99, 59, 11, 16, 72, 73, 70, 38, 37, 84, 3, 92, 25, 55, 28, 29, 51, 7, 33, 61, 86, 48, 89, 50, 69, 41, 53, 80, 4, 8, 34, 49, 52, 0, 13, 2, 66, 74]|[1, 1, 0, 1, 1, 1, 2, 1, 2, 1, 2, 2, 2, 1, 1, 0, 0, 1, 0, 2, 2, 0, 1, 2, 0, 1, 2, 2, 0, 0, 1, 2, 1, 2, 1, 0, 2, 0, 1, 1, 0, 1, 1, 1, 0, 2, 1, 1, 0, 0, 0, 0, 1, 1, 2, 1, 2, 0, 0, 0, 2, 1, 0, 1, 2, 1, 2, 1, 1, 1, 1, 1, 2, 0, 1, 1, 0, 0, 0, 1, 2, 1, 0, 0, 1, 0, 1, 0, 0, 0, 0, 1, 2, 0, 1, 0, 0, 0, 2, 2]|[4, 3, 2, 2, 0, 0, 2, 2, 2, 4, 1, 1, 2, 4, 4, 1, 1, 4, 2, 1, 1, 1, 1, 2, 1, 2, 1, 1, 1, 1, 3, 2, 3, 0, 4, 0, 1, 1, 0, 3, 2, 2, 4, 0, 1, 1, 0, 2, 0, 1, 2, 2, 1, 4, 0, 3, 2, 1, 1, 2, 1, 3, 1, 1, 1, 3, 0, 4, 3, 1, 4, 1, 1, 2, 4, 4, 2, 1, 1, 3, 1, 3, 1, 1, 1, 1, 3, 1, 2, 1, 2, 3, 1, 1, 1, 2, 2, 2, 1, 1]|[0, 2, 1, 1, 3, 3, 0, 1, 0, 0, 0, 0, 1, 0, 1, 0, 0, 3, 1, 0, 0, 0, 3, 1, 0, 2, 0, 0, 0, 1, 0, 0, 0, 0, 3, 0, 1, 0, 0, 2, 1, 1, 2, 0, 0, 0, 0, 1, 1, 0, 0, 0, 1, 3, 0, 0, 1, 0, 0, 1, 0, 2, 0, 1, 0, 2, 1, 0, 0, 1, 1, 3, 0, 1, 3, 3, 1, 0, 0, 2, 0, 0, 0, 0, 1, 0, 0, 0, 1, 0, 1, 2, 0, 1, 1, 0, 0, 0, 0, 0],790.0799945868791,57951.42221290124,88960.86369927591,false
36,G1_CMAX,G4_BALANCED,[31, 22, 82, 15, 26, 99, 95, 42, 77, 12, 47, 5, 93, 78, 86, 54, 21, 63, 18, 44, 20, 23, 43, 97, 91, 76, 10, 30, 85, 45, 71, 64, 1, 35, 17, 83, 24, 14, 60, 36, 6, 57, 40, 88, 65, 56, 79, 94, 67, 68, 46, 75, 38, 9, 19, 32, 41, 81, 27, 87, 90, 58, 59, 11, 16, 72, 62, 73, 70, 39, 37, 3, 92, 25, 55, 48, 84, 29, 51, 96, 33, 61, 98, 28, 89, 50, 4, 7, 53, 80, 52, 34, 66, 8, 13, 0, 74, 69, 2, 49]|[2, 1, 0, 1, 1, 0, 1, 1, 2, 1, 2, 2, 2, 1, 1, 0, 0, 1, 0, 2, 2, 2, 1, 2, 0, 1, 2, 2, 0, 0, 1, 2, 1, 2, 1, 0, 2, 0, 1, 1, 0, 1, 1, 1, 0, 2, 1, 1, 0, 0, 0, 0, 1, 1, 2, 1, 0, 2, 0, 2, 1, 0, 1, 2, 1, 2, 0, 1, 1, 1, 1, 1, 0, 1, 2, 0, 1, 0, 0, 2, 2, 1, 2, 0, 1, 0, 1, 2, 0, 0, 1, 2, 2, 1, 0, 0, 2, 1, 0, 0]|[1, 3, 2, 2, 4, 1, 2, 3, 2, 4, 1, 1, 2, 4, 4, 1, 1, 4, 2, 1, 1, 1, 1, 2, 1, 2, 1, 1, 2, 1, 3, 2, 3, 1, 4, 0, 1, 1, 0, 3, 2, 2, 2, 0, 1, 1, 0, 4, 0, 1, 2, 2, 1, 4, 0, 3, 1, 1, 1, 1, 3, 1, 1, 1, 3, 0, 2, 4, 3, 1, 4, 1, 0, 4, 1, 1, 1, 1, 1, 1, 1, 3, 1, 2, 1, 1, 4, 1, 2, 1, 1, 1, 1, 3, 2, 2, 1, 4, 2, 2]|[0, 2, 1, 1, 3, 0, 1, 3, 0, 0, 0, 0, 1, 0, 1, 0, 0, 3, 1, 0, 0, 0, 3, 1, 0, 2, 0, 0, 0, 1, 0, 0, 0, 0, 3, 0, 1, 0, 0, 2, 1, 1, 1, 0, 0, 0, 0, 2, 1, 0, 0, 0, 1, 3, 0, 0, 0, 0, 0, 0, 2, 0, 1, 0, 2, 1, 1, 0, 0, 1, 1, 1, 1, 3, 0, 0, 3, 0, 0, 0, 0, 0, 0, 1, 1, 0, 0, 0, 1, 0, 1, 0, 0, 2, 0, 0, 0, 2, 0, 0],768.4425996665918,55544.97691543313,95885.95702711058,true
36,G4_BALANCED,G2_TEC,[31, 22, 82, 15, 26, 9, 95, 42, 77, 68, 47, 5, 93, 78, 86, 54, 85, 63, 18, 44, 20, 49, 36, 14, 74, 50, 53, 17, 21, 28, 11, 64, 3, 23, 30, 83, 24, 41, 40, 52, 65, 27, 90, 70, 39, 87, 48, 69, 99, 4, 46, 1, 13, 58, 97, 59, 45, 8, 73, 37, 35, 79, 71, 66, 76, 32, 60, 80, 96, 6, 67, 61, 33, 7, 57, 34, 12, 16, 10, 98, 56, 88, 43, 75, 91, 38, 19, 92, 29, 84, 51, 55, 72, 25, 89, 81, 94, 2, 0, 62]|[2, 1, 2, 1, 1, 0, 1, 1, 1, 1, 1, 0, 2, 2, 1, 2, 0, 0, 0, 2, 2, 1, 0, 2, 0, 2, 2, 1, 0, 1, 1, 1, 0, 0, 1, 0, 2, 1, 2, 2, 0, 0, 1, 1, 0, 2, 0, 2, 1, 0, 0, 2, 0, 0, 2, 0, 1, 1, 0, 0, 2, 1, 1, 2, 2, 0, 2, 2, 0, 1, 2, 1, 1, 2, 0, 1, 1, 2, 1, 2, 2, 1, 1, 0, 1, 0, 1, 0, 1, 0, 1, 0, 1, 1, 1, 1, 2, 2, 0, 1]|[0, 3, 0, 3, 4, 1, 4, 4, 2, 4, 3, 2, 1, 0, 2, 1, 1, 1, 2, 1, 1, 3, 0, 1, 0, 1, 1, 4, 1, 4, 3, 2, 2, 0, 4, 1, 1, 4, 1, 1, 2, 1, 4, 4, 1, 1, 0, 2, 3, 2, 2, 1, 2, 1, 1, 2, 4, 3, 0, 2, 2, 3, 3, 1, 1, 2, 1, 1, 2, 4, 1, 3, 4, 1, 2, 4, 3, 1, 3, 1, 1, 4, 4, 2, 3, 2, 4, 2, 3, 2, 3, 2, 4, 4, 4, 4, 1, 1, 2, 3]|[0, 2, 0, 0, 3, 0, 1, 3, 0, 0, 2, 0, 1, 0, 1, 0, 0, 0, 1, 0, 0, 2, 0, 0, 1, 0, 0, 3, 0, 1, 0, 2, 0, 0, 3, 0, 1, 1, 0, 0, 0, 0, 1, 3, 0, 0, 1, 0, 2, 0, 0, 0, 0, 1, 1, 0, 1, 0, 1, 1, 0, 2, 0, 0, 0, 0, 0, 0, 0, 2, 0, 0, 1, 0, 0, 1, 0, 0, 3, 0, 0, 1, 2, 0, 0, 0, 1, 0, 3, 0, 0, 0, 1, 3, 1, 2, 0, 0, 0, 0],899.5093495624716,49861.95982698932,103705.26511491132,true
36,G2_TEC,G2_TEC,[31, 22, 82, 15, 26, 9, 95, 42, 77, 68, 47, 5, 93, 78, 86, 54, 85, 63, 18, 44, 20, 49, 36, 14, 74, 50, 53, 17, 21, 28, 11, 64, 3, 23, 30, 83, 24, 41, 40, 52, 65, 27, 90, 70, 39, 87, 48, 69, 99, 4, 75, 1, 13, 58, 97, 59, 45, 8, 73, 37, 35, 79, 71, 66, 76, 32, 60, 80, 56, 6, 67, 61, 33, 7, 57, 34, 12, 16, 10, 98, 96, 88, 43, 46, 91, 38, 84, 92, 29, 19, 51, 55, 81, 89, 25, 72, 94, 2, 0, 62]|[2, 1, 2, 1, 1, 2, 1, 1, 1, 1, 1, 0, 2, 2, 1, 2, 0, 0, 0, 2, 2, 1, 0, 2, 0, 2, 2, 1, 0, 1, 1, 1, 0, 0, 1, 0, 2, 1, 2, 2, 0, 0, 1, 1, 0, 2, 0, 2, 1, 0, 0, 2, 0, 0, 2, 0, 1, 1, 0, 0, 2, 1, 1, 2, 2, 0, 2, 2, 2, 1, 2, 1, 1, 2, 0, 1, 1, 2, 1, 2, 0, 1, 1, 0, 1, 0, 0, 0, 1, 1, 1, 0, 1, 1, 1, 1, 2, 2, 0, 1]|[0, 3, 0, 3, 4, 1, 4, 4, 2, 4, 3, 2, 1, 0, 2, 1, 1, 1, 2, 1, 1, 3, 0, 1, 0, 1, 1, 4, 1, 4, 3, 2, 2, 0, 4, 1, 1, 4, 1, 1, 2, 1, 4, 4, 1, 1, 0, 2, 3, 2, 2, 1, 2, 1, 1, 2, 4, 3, 0, 2, 2, 3, 3, 1, 1, 2, 1, 1, 1, 4, 1, 3, 4, 1, 2, 4, 3, 1, 3, 1, 2, 4, 4, 2, 3, 2, 2, 2, 3, 4, 3, 2, 4, 4, 4, 4, 1, 1, 2, 3]|[0, 2, 0, 0, 3, 0, 1, 3, 0, 0, 2, 0, 1, 0, 1, 0, 0, 0, 1, 0, 0, 2, 0, 0, 1, 0, 0, 3, 0, 1, 0, 2, 0, 0, 3, 0, 1, 1, 0, 0, 0, 0, 1, 3, 0, 0, 1, 0, 2, 0, 0, 0, 0, 0, 1, 0, 1, 0, 1, 1, 0, 2, 0, 0, 0, 0, 0, 0, 0, 2, 0, 0, 1, 0, 0, 1, 0, 0, 3, 0, 0, 1, 2, 0, 0, 0, 0, 0, 3, 1, 0, 0, 2, 1, 3, 1, 0, 0, 0, 0],908.8272556494078,49235.066718390466,107289.32240407266,false
36,G3_TWC,G3_TWC,[31, 22, 82, 15, 26, 58, 95, 42, 77, 12, 47, 5, 93, 78, 98, 54, 85, 63, 18, 44, 20, 35, 43, 97, 91, 76, 10, 30, 21, 45, 71, 64, 1, 23, 17, 83, 24, 14, 60, 36, 6, 57, 94, 88, 65, 56, 79, 40, 67, 68, 46, 75, 39, 9, 19, 32, 81, 96, 27, 62, 87, 90, 99, 59, 11, 16, 72, 73, 70, 38, 37, 84, 3, 92, 25, 55, 28, 29, 51, 7, 33, 61, 86, 48, 89, 50, 69, 41, 53, 80, 4, 8, 34, 49, 52, 0, 13, 2, 66, 74]|[1, 1, 0, 1, 1, 1, 2, 1, 2, 1, 2, 2, 2, 1, 1, 0, 0, 1, 0, 2, 2, 0, 1, 2, 0, 1, 2, 2, 0, 0, 1, 2, 1, 2, 1, 0, 2, 0, 1, 1, 0, 1, 1, 1, 0, 2, 1, 1, 0, 0, 0, 0, 1, 1, 2, 1, 2, 0, 0, 0, 2, 1, 0, 1, 2, 1, 2, 1, 1, 1, 1, 1, 2, 0, 1, 1, 0, 0, 0, 1, 2, 1, 0, 0, 1, 0, 1, 0, 0, 0, 0, 1, 2, 0, 1, 0, 0, 0, 2, 2]|[4, 3, 2, 2, 0, 0, 2, 2, 2, 4, 1, 1, 2, 4, 4, 1, 1, 4, 2, 1, 1, 1, 1, 2, 1, 2, 1, 1, 1, 1, 3, 2, 3, 0, 4, 0, 1, 1, 0, 3, 2, 2, 4, 0, 1, 1, 0, 2, 0, 1, 2, 2, 1, 4, 0, 3, 2, 1, 1, 2, 1, 3, 1, 1, 1, 3, 0, 4, 3, 1, 4, 1, 1, 2, 4, 4, 2, 1, 1, 3, 1, 3, 1, 1, 1, 1, 3, 1, 2, 1, 2, 3, 1, 1, 1, 2, 2, 2, 1, 1]|[0, 2, 1, 1, 3, 3, 0, 1, 0, 0, 0, 0, 1, 0, 1, 0, 0, 3, 1, 0, 0, 0, 3, 1, 0, 2, 0, 0, 0, 1, 0, 0, 0, 0, 3, 0, 1, 0, 0, 2, 1, 1, 2, 0, 0, 0, 0, 1, 1, 0, 0, 0, 1, 3, 0, 0, 1, 0, 0, 1, 0, 2, 0, 1, 0, 2, 1, 0, 0, 1, 1, 3, 0, 1, 3, 3, 1, 0, 0, 2, 0, 0, 0, 0, 1, 0, 0, 0, 1, 0, 1, 2, 0, 1, 1, 0, 0, 0, 0, 0],790.0799945868791,57951.42221290124,88960.86369927591,false
36,G1_CMAX,G4_BALANCED,[31, 22, 82, 15, 26, 99, 95, 42, 77, 12, 47, 5, 93, 78, 86, 54, 21, 63, 18, 44, 20, 23, 43, 97, 91, 76, 10, 30, 85, 45, 71, 64, 1, 35, 17, 83, 24, 14, 60, 36, 6, 57, 40, 88, 65, 56, 79, 94, 67, 68, 46, 75, 38, 9, 19, 32, 41, 81, 27, 87, 90, 58, 59, 11, 16, 72, 62, 73, 70, 39, 37, 3, 92, 25, 55, 48, 84, 29, 51, 96, 33, 61, 98, 28, 89, 50, 4, 7, 53, 80, 52, 34, 66, 8, 13, 0, 74, 69, 2, 49]|[2, 1, 0, 1, 1, 0, 1, 1, 2, 1, 2, 2, 2, 1, 1, 0, 0, 1, 0, 2, 2, 2, 1, 2, 0, 1, 2, 2, 0, 0, 1, 2, 1, 2, 1, 0, 2, 0, 1, 1, 0, 1, 1, 1, 0, 2, 1, 1, 0, 0, 0, 0, 1, 1, 2, 1, 0, 2, 0, 2, 1, 0, 1, 2, 1, 2, 0, 1, 1, 1, 1, 1, 0, 1, 2, 0, 1, 0, 0, 2, 2, 1, 2, 0, 1, 0, 1, 2, 0, 0, 1, 2, 2, 1, 0, 0, 2, 1, 0, 0]|[1, 3, 2, 2, 4, 1, 2, 3, 2, 4, 1, 1, 2, 4, 4, 1, 1, 4, 2, 1, 1, 1, 1, 2, 1, 2, 1, 1, 2, 1, 3, 2, 3, 1, 4, 0, 1, 1, 0, 3, 2, 2, 2, 0, 1, 1, 0, 4, 0, 1, 2, 2, 1, 4, 0, 3, 1, 1, 1, 1, 3, 1, 1, 1, 3, 0, 2, 4, 3, 1, 4, 1, 0, 4, 1, 1, 1, 1, 1, 1, 1, 3, 1, 2, 1, 1, 4, 1, 2, 1, 1, 1, 1, 3, 2, 2, 1, 4, 2, 2]|[0, 2, 1, 1, 3, 0, 1, 3, 0, 0, 0, 0, 1, 0, 1, 0, 0, 3, 1, 0, 0, 0, 3, 1, 0, 2, 0, 0, 0, 1, 0, 0, 0, 0, 3, 0, 1, 0, 0, 2, 1, 1, 1, 0, 0, 0, 0, 2, 1, 0, 0, 0, 1, 3, 0, 0, 0, 0, 0, 0, 2, 0, 1, 0, 2, 1, 1, 0, 0, 1, 1, 1, 1, 3, 0, 0, 3, 0, 0, 0, 0, 0, 0, 1, 1, 0, 0, 0, 1, 0, 1, 0, 0, 2, 0, 0, 0, 2, 0, 0],768.4425996665918,55544.97691543313,95885.95702711058,true
36,G4_BALANCED,G4_BALANCED,[31, 11, 15, 82, 26, 9, 95, 32, 77, 68, 47, 5, 93, 78, 86, 54, 85, 63, 18, 44, 20, 49, 36, 14, 74, 50, 53, 17, 21, 45, 71, 64, 3, 23, 30, 83, 24, 41, 60, 52, 65, 27, 90, 70, 39, 87, 48, 69, 99, 4, 46, 1, 13, 58, 97, 59, 28, 75, 73, 37, 35, 79, 22, 66, 76, 42, 40, 80, 96, 6, 16, 61, 33, 7, 57, 34, 12, 67, 10, 98, 56, 88, 29, 94, 91, 38, 51, 92, 43, 84, 19, 72, 81, 25, 0, 55, 62, 89, 8, 2]|[2, 1, 1, 2, 1, 2, 1, 1, 1, 1, 1, 0, 2, 2, 1, 2, 0, 0, 0, 2, 2, 1, 0, 2, 0, 2, 2, 1, 0, 1, 1, 1, 0, 0, 1, 0, 2, 1, 2, 2, 0, 0, 1, 1, 0, 2, 0, 2, 1, 0, 0, 2, 0, 0, 2, 0, 1, 0, 0, 0, 2, 1, 0, 2, 2, 0, 2, 2, 0, 1, 2, 1, 1, 2, 0, 1, 1, 1, 1, 2, 2, 1, 1, 2, 1, 0, 1, 0, 1, 0, 1, 1, 1, 1, 0, 0, 1, 1, 1, 2]|[0, 3, 2, 0, 4, 1, 4, 4, 2, 4, 3, 2, 1, 0, 2, 1, 1, 1, 2, 1, 1, 3, 0, 1, 0, 1, 1, 4, 1, 4, 3, 2, 2, 0, 4, 1, 1, 4, 0, 1, 2, 1, 4, 4, 1, 1, 0, 2, 3, 1, 2, 1, 2, 1, 1, 2, 4, 2, 0, 2, 2, 3, 1, 0, 1, 2, 0, 1, 2, 4, 1, 3, 4, 1, 2, 4, 3, 3, 3, 1, 1, 4, 3, 1, 3, 2, 3, 2, 4, 2, 4, 4, 1, 4, 2, 2, 3, 4, 3, 1]|[0, 2, 1, 0, 3, 0, 1, 3, 0, 0, 2, 0, 1, 0, 1, 0, 0, 0, 1, 0, 0, 2, 0, 0, 1, 0, 0, 3, 0, 1, 0, 2, 0, 1, 3, 0, 1, 3, 1, 0, 0, 0, 1, 3, 0, 0, 1, 0, 2, 0, 0, 0, 0, 0, 1, 0, 1, 0, 1, 1, 0, 2, 0, 0, 0, 0, 0, 0, 0, 2, 0, 0, 1, 0, 0, 1, 0, 0, 3, 0, 0, 1, 0, 0, 0, 0, 0, 0, 2, 0, 3, 2, 1, 3, 0, 0, 0, 1, 0, 0],838.0858887121581,52145.01293281826,108083.60693758915,false
36,G2_TEC,G2_TEC,[31, 22, 82, 15, 26, 9, 95, 42, 77, 68, 47, 5, 93, 78, 86, 54, 85, 63, 18, 44, 20, 49, 36, 14, 74, 50, 53, 17, 21, 28, 11, 64, 3, 23, 30, 83, 24, 41, 40, 52, 65, 27, 90, 70, 39, 87, 48, 69, 99, 4, 75, 1, 13, 58, 97, 59, 45, 8, 73, 37, 35, 79, 71, 66, 76, 32, 60, 80, 56, 6, 67, 61, 33, 7, 57, 34, 12, 16, 10, 98, 96, 88, 43, 46, 91, 38, 84, 92, 29, 19, 51, 55, 81, 89, 25, 72, 94, 2, 0, 62]|[2, 1, 2, 1, 1, 2, 1, 1, 1, 1, 1, 0, 2, 2, 1, 2, 0, 0, 0, 2, 2, 1, 0, 2, 0, 2, 2, 1, 0, 1, 1, 1, 0, 0, 1, 0, 2, 1, 2, 2, 0, 0, 1, 1, 0, 2, 0, 2, 1, 0, 0, 2, 0, 0, 2, 0, 1, 1, 0, 0, 2, 1, 1, 2, 2, 0, 2, 2, 2, 1, 2, 1, 1, 2, 0, 1, 1, 2, 1, 2, 0, 1, 1, 0, 1, 0, 0, 0, 1, 1, 1, 0, 1, 1, 1, 1, 2, 2, 0, 1]|[0, 3, 0, 3, 4, 1, 4, 4, 2, 4, 3, 2, 1, 0, 2, 1, 1, 1, 2, 1, 1, 3, 0, 1, 0, 1, 1, 4, 1, 4, 3, 2, 2, 0, 4, 1, 1, 4, 1, 1, 2, 1, 4, 4, 1, 1, 0, 2, 3, 2, 2, 1, 2, 1, 1, 2, 4, 3, 0, 2, 2, 3, 3, 1, 1, 2, 1, 1, 1, 4, 1, 3, 4, 1, 2, 4, 3, 1, 3, 1, 2, 4, 4, 2, 3, 2, 2, 2, 3, 4, 3, 2, 4, 4, 4, 4, 1, 1, 2, 3]|[0, 2, 0, 0, 3, 0, 1, 3, 0, 0, 2, 0, 1, 0, 1, 0, 0, 0, 1, 0, 0, 2, 0, 0, 1, 0, 0, 3, 0, 1, 0, 2, 0, 0, 3, 0, 1, 1, 0, 0, 0, 0, 1, 3, 0, 0, 1, 0, 2, 0, 0, 0, 0, 0, 1, 0, 1, 0, 1, 1, 0, 2, 0, 0, 0, 0, 0, 0, 0, 2, 0, 0, 1, 0, 0, 1, 0, 0, 3, 0, 0, 1, 2, 0, 0, 0, 0, 0, 3, 1, 0, 0, 2, 1, 3, 1, 0, 0, 0, 0],908.8272556494078,49235.066718390466,107289.32240407266,false
36,G3_TWC,G3_TWC,[31, 22, 82, 15, 26, 58, 95, 42, 77, 12, 47, 5, 93, 78, 98, 54, 85, 63, 18, 44, 20, 35, 43, 97, 91, 76, 10, 30, 21, 45, 71, 64, 1, 23, 17, 83, 24, 14, 60, 36, 6, 57, 94, 88, 65, 56, 79, 40, 67, 68, 46, 75, 39, 9, 19, 32, 81, 96, 27, 62, 87, 90, 99, 59, 11, 16, 72, 73, 70, 38, 37, 84, 3, 92, 25, 55, 28, 29, 51, 7, 33, 61, 86, 48, 89, 50, 69, 41, 53, 80, 4, 8, 34, 49, 52, 0, 13, 2, 66, 74]|[1, 1, 0, 1, 1, 1, 2, 1, 2, 1, 2, 2, 2, 1, 1, 0, 0, 1, 0, 2, 2, 0, 1, 2, 0, 1, 2, 2, 0, 0, 1, 2, 1, 2, 1, 0, 2, 0, 1, 1, 0, 1, 1, 1, 0, 2, 1, 1, 0, 0, 0, 0, 1, 1, 2, 1, 2, 0, 0, 0, 2, 1, 0, 1, 2, 1, 2, 1, 1, 1, 1, 1, 2, 0, 1, 1, 0, 0, 0, 1, 2, 1, 0, 0, 1, 0, 1, 0, 0, 0, 0, 1, 2, 0, 1, 0, 0, 0, 2, 2]|[4, 3, 2, 2, 0, 0, 2, 2, 2, 4, 1, 1, 2, 4, 4, 1, 1, 4, 2, 1, 1, 1, 1, 2, 1, 2, 1, 1, 1, 1, 3, 2, 3, 0, 4, 0, 1, 1, 0, 3, 2, 2, 4, 0, 1, 1, 0, 2, 0, 1, 2, 2, 1, 4, 0, 3, 2, 1, 1, 2, 1, 3, 1, 1, 1, 3, 0, 4, 3, 1, 4, 1, 1, 2, 4, 4, 2, 1, 1, 3, 1, 3, 1, 1, 1, 1, 3, 1, 2, 1, 2, 3, 1, 1, 1, 2, 2, 2, 1, 1]|[0, 2, 1, 1, 3, 3, 0, 1, 0, 0, 0, 0, 1, 0, 1, 0, 0, 3, 1, 0, 0, 0, 3, 1, 0, 2, 0, 0, 0, 1, 0, 0, 0, 0, 3, 0, 1, 0, 0, 2, 1, 1, 2, 0, 0, 0, 0, 1, 1, 0, 0, 0, 1, 3, 0, 0, 1, 0, 0, 1, 0, 2, 0, 1, 0, 2, 1, 0, 0, 1, 1, 3, 0, 1, 3, 3, 1, 0, 0, 2, 0, 0, 0, 0, 1, 0, 0, 0, 1, 0, 1, 2, 0, 1, 1, 0, 0, 0, 0, 0],790.0799945868791,57951.42221290124,88960.86369927591,false
36,G1_CMAX,G4_BALANCED,[31, 22, 82, 15, 26, 99, 95, 42, 77, 12, 47, 5, 93, 78, 86, 54, 21, 63, 18, 44, 20, 23, 43, 97, 91, 76, 10, 30, 85, 45, 71, 64, 1, 35, 17, 83, 24, 14, 60, 36, 6, 57, 40, 88, 65, 56, 79, 94, 67, 68, 46, 75, 38, 9, 19, 32, 41, 81, 27, 87, 90, 58, 59, 11, 16, 72, 62, 73, 70, 39, 37, 3, 92, 25, 55, 48, 84, 29, 51, 96, 33, 61, 98, 28, 89, 50, 4, 7, 53, 80, 52, 34, 66, 8, 13, 0, 74, 69, 2, 49]|[2, 1, 0, 1, 1, 0, 1, 1, 2, 1, 2, 2, 2, 1, 1, 0, 0, 1, 0, 2, 2, 2, 1, 2, 0, 1, 2, 2, 0, 0, 1, 2, 1, 2, 1, 0, 2, 0, 1, 1, 0, 1, 1, 1, 0, 2, 1, 1, 0, 0, 0, 0, 1, 1, 2, 1, 0, 2, 0, 2, 1, 0, 1, 2, 1, 2, 0, 1, 1, 1, 1, 1, 0, 1, 2, 0, 1, 0, 0, 2, 2, 1, 2, 0, 1, 0, 1, 2, 0, 0, 1, 2, 2, 1, 0, 0, 2, 1, 0, 0]|[1, 3, 2, 2, 4, 1, 2, 3, 2, 4, 1, 1, 2, 4, 4, 1, 1, 4, 2, 1, 1, 1, 1, 2, 1, 2, 1, 1, 2, 1, 3, 2, 3, 1, 4, 0, 1, 1, 0, 3, 2, 2, 2, 0, 1, 1, 0, 4, 0, 1, 2, 2, 1, 4, 0, 3, 1, 1, 1, 1, 3, 1, 1, 1, 3, 0, 2, 4, 3, 1, 4, 1, 0, 4, 1, 1, 1, 1, 1, 1, 1, 3, 1, 2, 1, 1, 4, 1, 2, 1, 1, 1, 1, 3, 2, 2, 1, 4, 2, 2]|[0, 2, 1, 1, 3, 0, 1, 3, 0, 0, 0, 0, 1, 0, 1, 0, 0, 3, 1, 0, 0, 0, 3, 1, 0, 2, 0, 0, 0, 1, 0, 0, 0, 0, 3, 0, 1, 0, 0, 2, 1, 1, 1, 0, 0, 0, 0, 2, 1, 0, 0, 0, 1, 3, 0, 0, 0, 0, 0, 0, 2, 0, 1, 0, 2, 1, 1, 0, 0, 1, 1, 1, 1, 3, 0, 0, 3, 0, 0, 0, 0, 0, 0, 1, 1, 0, 0, 0, 1, 0, 1, 0, 0, 2, 0, 0, 0, 2, 0, 0],768.4425996665918,55544.97691543313,95885.95702711058,true
36,G4_BALANCED,G4_BALANCED,[31, 11, 15, 82, 26, 9, 95, 32, 77, 68, 47, 5, 93, 78, 86, 54, 85, 63, 18, 44, 20, 49, 36, 14, 74, 50, 53, 17, 21, 45, 71, 64, 3, 23, 30, 83, 24, 41, 60, 52, 65, 27, 90, 70, 39, 87, 48, 69, 99, 4, 46, 1, 13, 58, 97, 59, 28, 75, 73, 37, 35, 79, 22, 66, 76, 42, 40, 80, 96, 6, 16, 61, 33, 7, 57, 34, 12, 67, 10, 98, 56, 88, 29, 94, 91, 38, 51, 92, 43, 84, 19, 72, 81, 25, 0, 55, 62, 89, 8, 2]|[2, 1, 1, 2, 1, 2, 1, 1, 1, 1, 1, 0, 2, 2, 1, 2, 0, 0, 0, 2, 2, 1, 0, 2, 0, 2, 2, 1, 0, 1, 1, 1, 0, 0, 1, 0, 2, 1, 2, 2, 0, 0, 1, 1, 0, 2, 0, 2, 1, 0, 0, 2, 0, 0, 2, 0, 1, 0, 0, 0, 2, 1, 0, 2, 2, 0, 2, 2, 0, 1, 2, 1, 1, 2, 0, 1, 1, 1, 1, 2, 2, 1, 1, 2, 1, 0, 1, 0, 1, 0, 1, 1, 1, 1, 0, 0, 1, 1, 1, 2]|[0, 3, 2, 0, 4, 1, 4, 4, 2, 4, 3, 2, 1, 0, 2, 1, 1, 1, 2, 1, 1, 3, 0, 1, 0, 1, 1, 4, 1, 4, 3, 2, 2, 0, 4, 1, 1, 4, 0, 1, 2, 1, 4, 4, 1, 1, 0, 2, 3, 1, 2, 1, 2, 1, 1, 2, 4, 2, 0, 2, 2, 3, 1, 0, 1, 2, 0, 1, 2, 4, 1, 3, 4, 1, 2, 4, 3, 3, 3, 1, 1, 4, 3, 1, 3, 2, 3, 2, 4, 2, 4, 4, 1, 4, 2, 2, 3, 4, 3, 1]|[0, 2, 1, 0, 3, 0, 1, 3, 0, 0, 2, 0, 1, 0, 1, 0, 0, 0, 1, 0, 0, 2, 0, 0, 1, 0, 0, 3, 0, 1, 0, 2, 0, 1, 3, 0, 1, 3, 1, 0, 0, 0, 1, 3, 0, 0, 1, 0, 2, 0, 0, 0, 0, 0, 1, 0, 1, 0, 1, 1, 0, 2, 0, 0, 0, 0, 0, 0, 0, 2, 0, 0, 1, 0, 0, 1, 0, 0, 3, 0, 0, 1, 0, 0, 0, 0, 0, 0, 2, 0, 3, 2, 1, 3, 0, 0, 0, 1, 0, 0],838.0858887121581,52145.01293281826,108083.60693758915,false
36,G2_TEC,G2_TEC,[31, 22, 82, 15, 26, 9, 95, 42, 77, 68, 47, 5, 93, 78, 86, 54, 85, 63, 18, 44, 20, 49, 36, 14, 74, 50, 53, 17, 21, 28, 11, 64, 3, 23, 30, 83, 24, 41, 40, 52, 65, 27, 90, 70, 39, 87, 48, 69, 99, 4, 75, 1, 13, 58, 97, 59, 45, 8, 73, 37, 35, 79, 71, 66, 76, 32, 60, 80, 56, 6, 67, 61, 33, 7, 57, 34, 12, 16, 10, 98, 96, 88, 43, 46, 91, 38, 84, 92, 29, 19, 51, 55, 81, 89, 25, 72, 94, 2, 0, 62]|[2, 1, 2, 1, 1, 2, 1, 1, 1, 1, 1, 0, 2, 2, 1, 2, 0, 0, 0, 2, 2, 1, 0, 2, 0, 2, 2, 1, 0, 1, 1, 1, 0, 0, 1, 0, 2, 1, 2, 2, 0, 0, 1, 1, 0, 2, 0, 2, 1, 0, 0, 2, 0, 0, 2, 0, 1, 1, 0, 0, 2, 1, 1, 2, 2, 0, 2, 2, 2, 1, 2, 1, 1, 2, 0, 1, 1, 2, 1, 2, 0, 1, 1, 0, 1, 0, 0, 0, 1, 1, 1, 0, 1, 1, 1, 1, 2, 2, 0, 1]|[0, 3, 0, 3, 4, 1, 4, 4, 2, 4, 3, 2, 1, 0, 2, 1, 1, 1, 2, 1, 1, 3, 0, 1, 0, 1, 1, 4, 1, 4, 3, 2, 2, 0, 4, 1, 1, 4, 1, 1, 2, 1, 4, 4, 1, 1, 0, 2, 3, 2, 2, 1, 2, 1, 1, 2, 4, 3, 0, 2, 2, 3, 3, 1, 1, 2, 1, 1, 1, 4, 1, 3, 4, 1, 2, 4, 3, 1, 3, 1, 2, 4, 4, 2, 3, 2, 2, 2, 3, 4, 3, 2, 4, 4, 4, 4, 1, 1, 2, 3]|[0, 2, 0, 0, 3, 0, 1, 3, 0, 0, 2, 0, 1, 0, 1, 0, 0, 0, 1, 0, 0, 2, 0, 0, 1, 0, 0, 3, 0, 1, 0, 2, 0, 0, 3, 0, 1, 1, 0, 0, 0, 0, 1, 3, 0, 0, 1, 0, 2, 0, 0, 0, 0, 0, 1, 0, 1, 0, 1, 1, 0, 2, 0, 0, 0, 0, 0, 0, 0, 2, 0, 0, 1, 0, 0, 1, 0, 0, 3, 0, 0, 1, 2, 0, 0, 0, 0, 0, 3, 1, 0, 0, 2, 1, 3, 1, 0, 0, 0, 0],908.8272556494078,49235.066718390466,107289.32240407266,false
36,G3_TWC,G3_TWC,[31, 22, 82, 15, 26, 58, 95, 42, 77, 12, 47, 5, 93, 78, 98, 54, 85, 63, 18, 44, 20, 35, 43, 97, 91, 76, 10, 30, 21, 45, 71, 64, 1, 23, 17, 83, 24, 14, 60, 36, 6, 57, 94, 88, 65, 56, 79, 40, 67, 68, 46, 75, 39, 9, 19, 32, 81, 96, 27, 62, 87, 90, 99, 59, 11, 16, 72, 73, 70, 38, 37, 84, 3, 92, 25, 55, 28, 29, 51, 7, 33, 61, 86, 48, 89, 50, 69, 41, 53, 80, 4, 8, 34, 49, 52, 0, 13, 2, 66, 74]|[1, 1, 0, 1, 1, 1, 2, 1, 2, 1, 2, 2, 2, 1, 1, 0, 0, 1, 0, 2, 2, 0, 1, 2, 0, 1, 2, 2, 0, 0, 1, 2, 1, 2, 1, 0, 2, 0, 1, 1, 0, 1, 1, 1, 0, 2, 1, 1, 0, 0, 0, 0, 1, 1, 2, 1, 2, 0, 0, 0, 2, 1, 0, 1, 2, 1, 2, 1, 1, 1, 1, 1, 2, 0, 1, 1, 0, 0, 0, 1, 2, 1, 0, 0, 1, 0, 1, 0, 0, 0, 0, 1, 2, 0, 1, 0, 0, 0, 2, 2]|[4, 3, 2, 2, 0, 0, 2, 2, 2, 4, 1, 1, 2, 4, 4, 1, 1, 4, 2, 1, 1, 1, 1, 2, 1, 2, 1, 1, 1, 1, 3, 2, 3, 0, 4, 0, 1, 1, 0, 3, 2, 2, 4, 0, 1, 1, 0, 2, 0, 1, 2, 2, 1, 4, 0, 3, 2, 1, 1, 2, 1, 3, 1, 1, 1, 3, 0, 4, 3, 1, 4, 1, 1, 2, 4, 4, 2, 1, 1, 3, 1, 3, 1, 1, 1, 1, 3, 1, 2, 1, 2, 3, 1, 1, 1, 2, 2, 2, 1, 1]|[0, 2, 1, 1, 3, 3, 0, 1, 0, 0, 0, 0, 1, 0, 1, 0, 0, 3, 1, 0, 0, 0, 3, 1, 0, 2, 0, 0, 0, 1, 0, 0, 0, 0, 3, 0, 1, 0, 0, 2, 1, 1, 2, 0, 0, 0, 0, 1, 1, 0, 0, 0, 1, 3, 0, 0, 1, 0, 0, 1, 0, 2, 0, 1, 0, 2, 1, 0, 0, 1, 1, 3, 0, 1, 3, 3, 1, 0, 0, 2, 0, 0, 0, 0, 1, 0, 0, 0, 1, 0, 1, 2, 0, 1, 1, 0, 0, 0, 0, 0],790.0799945868791,57951.42221290124,88960.86369927591,false
36,G1_CMAX,G4_BALANCED,[31, 22, 82, 15, 26, 99, 95, 42, 77, 12, 47, 5, 93, 78, 86, 54, 21, 63, 18, 44, 20, 23, 43, 97, 91, 76, 10, 30, 85, 45, 71, 64, 1, 35, 17, 83, 24, 14, 60, 36, 6, 57, 40, 88, 65, 56, 79, 94, 67, 68, 46, 75, 38, 9, 19, 32, 41, 81, 27, 87, 90, 58, 59, 11, 16, 72, 62, 73, 70, 39, 37, 3, 92, 25, 55, 48, 84, 29, 51, 96, 33, 61, 98, 28, 89, 50, 4, 7, 53, 80, 52, 34, 66, 8, 13, 0, 74, 69, 2, 49]|[2, 1, 0, 1, 1, 0, 1, 1, 2, 1, 2, 2, 2, 1, 1, 0, 0, 1, 0, 2, 2, 2, 1, 2, 0, 1, 2, 2, 0, 0, 1, 2, 1, 2, 1, 0, 2, 0, 1, 1, 0, 1, 1, 1, 0, 2, 1, 1, 0, 0, 0, 0, 1, 1, 2, 1, 0, 2, 0, 2, 1, 0, 1, 2, 1, 2, 0, 1, 1, 1, 1, 1, 0, 1, 2, 0, 1, 0, 0, 2, 2, 1, 2, 0, 1, 0, 1, 2, 0, 0, 1, 2, 2, 1, 0, 0, 2, 1, 0, 0]|[1, 3, 2, 2, 4, 1, 2, 3, 2, 4, 1, 1, 2, 4, 4, 1, 1, 4, 2, 1, 1, 1, 1, 2, 1, 2, 1, 1, 2, 1, 3, 2, 3, 1, 4, 0, 1, 1, 0, 3, 2, 2, 2, 0, 1, 1, 0, 4, 0, 1, 2, 2, 1, 4, 0, 3, 1, 1, 1, 1, 3, 1, 1, 1, 3, 0, 2, 4, 3, 1, 4, 1, 0, 4, 1, 1, 1, 1, 1, 1, 1, 3, 1, 2, 1, 1, 4, 1, 2, 1, 1, 1, 1, 3, 2, 2, 1, 4, 2, 2]|[0, 2, 1, 1, 3, 0, 1, 3, 0, 0, 0, 0, 1, 0, 1, 0, 0, 3, 1, 0, 0, 0, 3, 1, 0, 2, 0, 0, 0, 1, 0, 0, 0, 0, 3, 0, 1, 0, 0, 2, 1, 1, 1, 0, 0, 0, 0, 2, 1, 0, 0, 0, 1, 3, 0, 0, 0, 0, 0, 0, 2, 0, 1, 0, 2, 1, 1, 0, 0, 1, 1, 1, 1, 3, 0, 0, 3, 0, 0, 0, 0, 0, 0, 1, 1, 0, 0, 0, 1, 0, 1, 0, 0, 2, 0, 0, 0, 2, 0, 0],768.4425996665918,55544.97691543313,95885.95702711058,true
36,G4_BALANCED,G4_BALANCED,[31, 11, 15, 82, 26, 9, 95, 32, 77, 68, 47, 5, 93, 78, 86, 54, 85, 63, 18, 44, 20, 49, 36, 14, 74, 50, 53, 17, 21, 45, 71, 64, 3, 23, 30, 83, 24, 41, 60, 52, 65, 27, 90, 70, 39, 87, 48, 69, 99, 4, 46, 1, 13, 58, 97, 59, 28, 75, 73, 37, 35, 79, 22, 66, 76, 42, 40, 80, 96, 6, 16, 61, 33, 7, 57, 34, 12, 67, 10, 98, 56, 88, 29, 94, 91, 38, 51, 92, 43, 84, 19, 72, 81, 25, 0, 55, 62, 89, 8, 2]|[2, 1, 1, 2, 1, 2, 1, 1, 1, 1, 1, 0, 2, 2, 1, 2, 0, 0, 0, 2, 2, 1, 0, 2, 0, 2, 2, 1, 0, 1, 1, 1, 0, 0, 1, 0, 2, 1, 2, 2, 0, 0, 1, 1, 0, 2, 0, 2, 1, 0, 0, 2, 0, 0, 2, 0, 1, 0, 0, 0, 2, 1, 0, 2, 2, 0, 2, 2, 0, 1, 2, 1, 1, 2, 0, 1, 1, 1, 1, 2, 2, 1, 1, 2, 1, 0, 1, 0, 1, 0, 1, 1, 1, 1, 0, 0, 1, 1, 1, 2]|[0, 3, 2, 0, 4, 1, 4, 4, 2, 4, 3, 2, 1, 0, 2, 1, 1, 1, 2, 1, 1, 3, 0, 1, 0, 1, 1, 4, 1, 4, 3, 2, 2, 0, 4, 1, 1, 4, 0, 1, 2, 1, 4, 4, 1, 1, 0, 2, 3, 1, 2, 1, 2, 1, 1, 2, 4, 2, 0, 2, 2, 3, 1, 0, 1, 2, 0, 1, 2, 4, 1, 3, 4, 1, 2, 4, 3, 3, 3, 1, 1, 4, 3, 1, 3, 2, 3, 2, 4, 2, 4, 4, 1, 4, 2, 2, 3, 4, 3, 1]|[0, 2, 1, 0, 3, 0, 1, 3, 0, 0, 2, 0, 1, 0, 1, 0, 0, 0, 1, 0, 0, 2, 0, 0, 1, 0, 0, 3, 0, 1, 0, 2, 0, 1, 3, 0, 1, 3, 1, 0, 0, 0, 1, 3, 0, 0, 1, 0, 2, 0, 0, 0, 0, 0, 1, 0, 1, 0, 1, 1, 0, 2, 0, 0, 0, 0, 0, 0, 0, 2, 0, 0, 1, 0, 0, 1, 0, 0, 3, 0, 0, 1, 0, 0, 0, 0, 0, 0, 2, 0, 3, 2, 1, 3, 0, 0, 0, 1, 0, 0],838.0858887121581,52145.01293281826,108083.60693758915,false
36,G2_TEC,G2_TEC,[31, 22, 82, 15, 26, 9, 95, 42, 77, 68, 47, 5, 93, 78, 86, 54, 85, 63, 18, 44, 20, 49, 36, 14, 74, 50, 53, 17, 21, 28, 11, 64, 3, 23, 30, 83, 24, 41, 40, 52, 65, 27, 90, 70, 39, 87, 48, 69, 99, 4, 75, 1, 13, 58, 97, 59, 45, 8, 73, 37, 35, 79, 71, 66, 76, 32, 60, 80, 56, 6, 67, 61, 33, 7, 57, 34, 12, 16, 10, 98, 96, 88, 43, 46, 91, 38, 84, 92, 29, 19, 51, 55, 81, 89, 25, 72, 94, 2, 0, 62]|[2, 1, 2, 1, 1, 2, 1, 1, 1, 1, 1, 0, 2, 2, 1, 2, 0, 0, 0, 2, 2, 1, 0, 2, 0, 2, 2, 1, 0, 1, 1, 1, 0, 0, 1, 0, 2, 1, 2, 2, 0, 0, 1, 1, 0, 2, 0, 2, 1, 0, 0, 2, 0, 0, 2, 0, 1, 1, 0, 0, 2, 1, 1, 2, 2, 0, 2, 2, 2, 1, 2, 1, 1, 2, 0, 1, 1, 2, 1, 2, 0, 1, 1, 0, 1, 0, 0, 0, 1, 1, 1, 0, 1, 1, 1, 1, 2, 2, 0, 1]|[0, 3, 0, 3, 4, 1, 4, 4, 2, 4, 3, 2, 1, 0, 2, 1, 1, 1, 2, 1, 1, 3, 0, 1, 0, 1, 1, 4, 1, 4, 3, 2, 2, 0, 4, 1, 1, 4, 1, 1, 2, 1, 4, 4, 1, 1, 0, 2, 3, 2, 2, 1, 2, 1, 1, 2, 4, 3, 0, 2, 2, 3, 3, 1, 1, 2, 1, 1, 1, 4, 1, 3, 4, 1, 2, 4, 3, 1, 3, 1, 2, 4, 4, 2, 3, 2, 2, 2, 3, 4, 3, 2, 4, 4, 4, 4, 1, 1, 2, 3]|[0, 2, 0, 0, 3, 0, 1, 3, 0, 0, 2, 0, 1, 0, 1, 0, 0, 0, 1, 0, 0, 2, 0, 0, 1, 0, 0, 3, 0, 1, 0, 2, 0, 0, 3, 0, 1, 1, 0, 0, 0, 0, 1, 3, 0, 0, 1, 0, 2, 0, 0, 0, 0, 0, 1, 0, 1, 0, 1, 1, 0, 2, 0, 0, 0, 0, 0, 0, 0, 2, 0, 0, 1, 0, 0, 1, 0, 0, 3, 0, 0, 1, 2, 0, 0, 0, 0, 0, 3, 1, 0, 0, 2, 1, 3, 1, 0, 0, 0, 0],908.8272556494078,49235.066718390466,107289.32240407266,false
36,G3_TWC,G3_TWC,[31, 22, 82, 15, 26, 58, 95, 42, 77, 12, 47, 5, 93, 78, 98, 54, 85, 63, 18, 44, 20, 35, 43, 97, 91, 76, 10, 30, 21, 45, 71, 64, 1, 23, 17, 83, 24, 14, 60, 36, 6, 57, 94, 88, 65, 56, 79, 40, 67, 68, 46, 75, 39, 9, 19, 32, 81, 96, 27, 62, 87, 90, 99, 59, 11, 16, 72, 73, 70, 38, 37, 84, 3, 92, 25, 55, 28, 29, 51, 7, 33, 61, 86, 48, 89, 50, 69, 41, 53, 80, 4, 8, 34, 49, 52, 0, 13, 2, 66, 74]|[1, 1, 0, 1, 1, 1, 2, 1, 2, 1, 2, 2, 2, 1, 1, 0, 0, 1, 0, 2, 2, 0, 1, 2, 0, 1, 2, 2, 0, 0, 1, 2, 1, 2, 1, 0, 2, 0, 1, 1, 0, 1, 1, 1, 0, 2, 1, 1, 0, 0, 0, 0, 1, 1, 2, 1, 2, 0, 0, 0, 2, 1, 0, 1, 2, 1, 2, 1, 1, 1, 1, 1, 2, 0, 1, 1, 0, 0, 0, 1, 2, 1, 0, 0, 1, 0, 1, 0, 0, 0, 0, 1, 2, 0, 1, 0, 0, 0, 2, 2]|[4, 3, 2, 2, 0, 0, 2, 2, 2, 4, 1, 1, 2, 4, 4, 1, 1, 4, 2, 1, 1, 1, 1, 2, 1, 2, 1, 1, 1, 1, 3, 2, 3, 0, 4, 0, 1, 1, 0, 3, 2, 2, 4, 0, 1, 1, 0, 2, 0, 1, 2, 2, 1, 4, 0, 3, 2, 1, 1, 2, 1, 3, 1, 1, 1, 3, 0, 4, 3, 1, 4, 1, 1, 2, 4, 4, 2, 1, 1, 3, 1, 3, 1, 1, 1, 1, 3, 1, 2, 1, 2, 3, 1, 1, 1, 2, 2, 2, 1, 1]|[0, 2, 1, 1, 3, 3, 0, 1, 0, 0, 0, 0, 1, 0, 1, 0, 0, 3, 1, 0, 0, 0, 3, 1, 0, 2, 0, 0, 0, 1, 0, 0, 0, 0, 3, 0, 1, 0, 0, 2, 1, 1, 2, 0, 0, 0, 0, 1, 1, 0, 0, 0, 1, 3, 0, 0, 1, 0, 0, 1, 0, 2, 0, 1, 0, 2, 1, 0, 0, 1, 1, 3, 0, 1, 3, 3, 1, 0, 0, 2, 0, 0, 0, 0, 1, 0, 0, 0, 1, 0, 1, 2, 0, 1, 1, 0, 0, 0, 0, 0],790.0799945868791,57951.42221290124,88960.86369927591,false
36,G1_CMAX,G4_BALANCED,[31, 22, 82, 15, 26, 99, 95, 42, 77, 12, 47, 5, 93, 78, 86, 54, 21, 63, 18, 44, 20, 23, 43, 97, 91, 76, 10, 30, 85, 45, 71, 64, 1, 35, 17, 83, 24, 14, 60, 36, 6, 57, 40, 88, 65, 56, 79, 94, 67, 68, 46, 75, 38, 9, 19, 32, 41, 81, 27, 87, 90, 58, 59, 11, 16, 72, 62, 73, 70, 39, 37, 3, 92, 25, 55, 48, 84, 29, 51, 96, 33, 61, 98, 28, 89, 50, 4, 7, 53, 80, 52, 34, 66, 8, 13, 0, 74, 69, 2, 49]|[2, 1, 0, 1, 1, 0, 1, 1, 2, 1, 2, 2, 2, 1, 1, 0, 0, 1, 0, 2, 2, 2, 1, 2, 0, 1, 2, 2, 0, 0, 1, 2, 1, 2, 1, 0, 2, 0, 1, 1, 0, 1, 1, 1, 0, 2, 1, 1, 0, 0, 0, 0, 1, 1, 2, 1, 0, 2, 0, 2, 1, 0, 1, 2, 1, 2, 0, 1, 1, 1, 1, 1, 0, 1, 2, 0, 1, 0, 0, 2, 2, 1, 2, 0, 1, 0, 1, 2, 0, 0, 1, 2, 2, 1, 0, 0, 2, 1, 0, 0]|[1, 3, 2, 2, 4, 1, 2, 3, 2, 4, 1, 1, 2, 4, 4, 1, 1, 4, 2, 1, 1, 1, 1, 2, 1, 2, 1, 1, 2, 1, 3, 2, 3, 1, 4, 0, 1, 1, 0, 3, 2, 2, 2, 0, 1, 1, 0, 4, 0, 1, 2, 2, 1, 4, 0, 3, 1, 1, 1, 1, 3, 1, 1, 1, 3, 0, 2, 4, 3, 1, 4, 1, 0, 4, 1, 1, 1, 1, 1, 1, 1, 3, 1, 2, 1, 1, 4, 1, 2, 1, 1, 1, 1, 3, 2, 2, 1, 4, 2, 2]|[0, 2, 1, 1, 3, 0, 1, 3, 0, 0, 0, 0, 1, 0, 1, 0, 0, 3, 1, 0, 0, 0, 3, 1, 0, 2, 0, 0, 0, 1, 0, 0, 0, 0, 3, 0, 1, 0, 0, 2, 1, 1, 1, 0, 0, 0, 0, 2, 1, 0, 0, 0, 1, 3, 0, 0, 0, 0, 0, 0, 2, 0, 1, 0, 2, 1, 1, 0, 0, 1, 1, 1, 1, 3, 0, 0, 3, 0, 0, 0, 0, 0, 0, 1, 1, 0, 0, 0, 1, 0, 1, 0, 0, 2, 0, 0, 0, 2, 0, 0],768.4425996665918,55544.97691543313,95885.95702711058,true
36,G4_BALANCED,G4_BALANCED,[31, 11, 15, 82, 26, 9, 95, 32, 77, 68, 47, 5, 93, 78, 86, 54, 85, 63, 18, 44, 20, 49, 36, 14, 74, 50, 53, 17, 21, 45, 71, 64, 3, 23, 30, 83, 24, 41, 60, 52, 65, 27, 90, 70, 39, 87, 48, 69, 99, 4, 46, 1, 13, 58, 97, 59, 28, 75, 73, 37, 35, 79, 22, 66, 76, 42, 40, 80, 96, 6, 16, 61, 33, 7, 57, 34, 12, 67, 10, 98, 56, 88, 29, 94, 91, 38, 51, 92, 43, 84, 19, 72, 81, 25, 0, 55, 62, 89, 8, 2]|[2, 1, 1, 2, 1, 2, 1, 1, 1, 1, 1, 0, 2, 2, 1, 2, 0, 0, 0, 2, 2, 1, 0, 2, 0, 2, 2, 1, 0, 1, 1, 1, 0, 0, 1, 0, 2, 1, 2, 2, 0, 0, 1, 1, 0, 2, 0, 2, 1, 0, 0, 2, 0, 0, 2, 0, 1, 0, 0, 0, 2, 1, 0, 2, 2, 0, 2, 2, 0, 1, 2, 1, 1, 2, 0, 1, 1, 1, 1, 2, 2, 1, 1, 2, 1, 0, 1, 0, 1, 0, 1, 1, 1, 1, 0, 0, 1, 1, 1, 2]|[0, 3, 2, 0, 4, 1, 4, 4, 2, 4, 3, 2, 1, 0, 2, 1, 1, 1, 2, 1, 1, 3, 0, 1, 0, 1, 1, 4, 1, 4, 3, 2, 2, 0, 4, 1, 1, 4, 0, 1, 2, 1, 4, 4, 1, 1, 0, 2, 3, 1, 2, 1, 2, 1, 1, 2, 4, 2, 0, 2, 2, 3, 1, 0, 1, 2, 0, 1, 2, 4, 1, 3, 4, 1, 2, 4, 3, 3, 3, 1, 1, 4, 3, 1, 3, 2, 3, 2, 4, 2, 4, 4, 1, 4, 2, 2, 3, 4, 3, 1]|[0, 2, 1, 0, 3, 0, 1, 3, 0, 0, 2, 0, 1, 0, 1, 0, 0, 0, 1, 0, 0, 2, 0, 0, 1, 0, 0, 3, 0, 1, 0, 2, 0, 1, 3, 0, 1, 3, 1, 0, 0, 0, 1, 3, 0, 0, 1, 0, 2, 0, 0, 0, 0, 0, 1, 0, 1, 0, 1, 1, 0, 2, 0, 0, 0, 0, 0, 0, 0, 2, 0, 0, 1, 0, 0, 1, 0, 0, 3, 0, 0, 1, 0, 0, 0, 0, 0, 0, 2, 0, 3, 2, 1, 3, 0, 0, 0, 1, 0, 0],838.0858887121581,52145.01293281826,108083.60693758915,false
36,G2_TEC,G2_TEC,[31, 22, 82, 15, 26, 9, 95, 42, 77, 68, 47, 5, 93, 78, 86, 54, 85, 63, 18, 44, 20, 49, 36, 14, 74, 50, 53, 17, 21, 28, 11, 64, 3, 23, 30, 83, 24, 41, 40, 52, 65, 27, 90, 70, 39, 87, 48, 69, 99, 4, 75, 1, 13, 58, 97, 59, 45, 8, 73, 37, 35, 79, 71, 66, 76, 32, 60, 80, 56, 6, 67, 61, 33, 7, 57, 34, 12, 16, 10, 98, 96, 88, 43, 46, 91, 38, 84, 92, 29, 19, 51, 55, 81, 89, 25, 72, 94, 2, 0, 62]|[2, 1, 2, 1, 1, 2, 1, 1, 1, 1, 1, 0, 2, 2, 1, 2, 0, 0, 0, 2, 2, 1, 0, 2, 0, 2, 2, 1, 0, 1, 1, 1, 0, 0, 1, 0, 2, 1, 2, 2, 0, 0, 1, 1, 0, 2, 0, 2, 1, 0, 0, 2, 0, 0, 2, 0, 1, 1, 0, 0, 2, 1, 1, 2, 2, 0, 2, 2, 2, 1, 2, 1, 1, 2, 0, 1, 1, 2, 1, 2, 0, 1, 1, 0, 1, 0, 0, 0, 1, 1, 1, 0, 1, 1, 1, 1, 2, 2, 0, 1]|[0, 3, 0, 3, 4, 1, 4, 4, 2, 4, 3, 2, 1, 0, 2, 1, 1, 1, 2, 1, 1, 3, 0, 1, 0, 1, 1, 4, 1, 4, 3, 2, 2, 0, 4, 1, 1, 4, 1, 1, 2, 1, 4, 4, 1, 1, 0, 2, 3, 2, 2, 1, 2, 1, 1, 2, 4, 3, 0, 2, 2, 3, 3, 1, 1, 2, 1, 1, 1, 4, 1, 3, 4, 1, 2, 4, 3, 1, 3, 1, 2, 4, 4, 2, 3, 2, 2, 2, 3, 4, 3, 2, 4, 4, 4, 4, 1, 1, 2, 3]|[0, 2, 0, 0, 3, 0, 1, 3, 0, 0, 2, 0, 1, 0, 1, 0, 0, 0, 1, 0, 0, 2, 0, 0, 1, 0, 0, 3, 0, 1, 0, 2, 0, 0, 3, 0, 1, 1, 0, 0, 0, 0, 1, 3, 0, 0, 1, 0, 2, 0, 0, 0, 0, 0, 1, 0, 1, 0, 1, 1, 0, 2, 0, 0, 0, 0, 0, 0, 0, 2, 0, 0, 1, 0, 0, 1, 0, 0, 3, 0, 0, 1, 2, 0, 0, 0, 0, 0, 3, 1, 0, 0, 2, 1, 3, 1, 0, 0, 0, 0],908.8272556494078,49235.066718390466,107289.32240407266,false
36,G3_TWC,G3_TWC,[31, 22, 82, 15, 26, 58, 95, 42, 77, 12, 47, 5, 93, 78, 98, 54, 85, 63, 18, 44, 20, 35, 43, 97, 91, 76, 10, 30, 21, 45, 71, 64, 1, 23, 17, 83, 24, 14, 60, 36, 6, 57, 94, 88, 65, 56, 79, 40, 67, 68, 46, 75, 39, 9, 19, 32, 81, 96, 27, 62, 87, 90, 99, 59, 11, 16, 72, 73, 70, 38, 37, 84, 3, 92, 25, 55, 28, 29, 51, 7, 33, 61, 86, 48, 89, 50, 69, 41, 53, 80, 4, 8, 34, 49, 52, 0, 13, 2, 66, 74]|[1, 1, 0, 1, 1, 1, 2, 1, 2, 1, 2, 2, 2, 1, 1, 0, 0, 1, 0, 2, 2, 0, 1, 2, 0, 1, 2, 2, 0, 0, 1, 2, 1, 2, 1, 0, 2, 0, 1, 1, 0, 1, 1, 1, 0, 2, 1, 1, 0, 0, 0, 0, 1, 1, 2, 1, 2, 0, 0, 0, 2, 1, 0, 1, 2, 1, 2, 1, 1, 1, 1, 1, 2, 0, 1, 1, 0, 0, 0, 1, 2, 1, 0, 0, 1, 0, 1, 0, 0, 0, 0, 1, 2, 0, 1, 0, 0, 0, 2, 2]|[4, 3, 2, 2, 0, 0, 2, 2, 2, 4, 1, 1, 2, 4, 4, 1, 1, 4, 2, 1, 1, 1, 1, 2, 1, 2, 1, 1, 1, 1, 3, 2, 3, 0, 4, 0, 1, 1, 0, 3, 2, 2, 4, 0, 1, 1, 0, 2, 0, 1, 2, 2, 1, 4, 0, 3, 2, 1, 1, 2, 1, 3, 1, 1, 1, 3, 0, 4, 3, 1, 4, 1, 1, 2, 4, 4, 2, 1, 1, 3, 1, 3, 1, 1, 1, 1, 3, 1, 2, 1, 2, 3, 1, 1, 1, 2, 2, 2, 1, 1]|[0, 2, 1, 1, 3, 3, 0, 1, 0, 0, 0, 0, 1, 0, 1, 0, 0, 3, 1, 0, 0, 0, 3, 1, 0, 2, 0, 0, 0, 1, 0, 0, 0, 0, 3, 0, 1, 0, 0, 2, 1, 1, 2, 0, 0, 0, 0, 1, 1, 0, 0, 0, 1, 3, 0, 0, 1, 0, 0, 1, 0, 2, 0, 1, 0, 2, 1, 0, 0, 1, 1, 3, 0, 1, 3, 3, 1, 0, 0, 2, 0, 0, 0, 0, 1, 0, 0, 0, 1, 0, 1, 2, 0, 1, 1, 0, 0, 0, 0, 0],790.0799945868791,57951.42221290124,88960.86369927591,false
36,G1_CMAX,G4_BALANCED,[31, 22, 82, 15, 26, 99, 95, 42, 77, 12, 47, 5, 93, 78, 86, 54, 21, 63, 18, 44, 20, 23, 43, 97, 91, 76, 10, 30, 85, 45, 71, 64, 1, 35, 17, 83, 24, 14, 60, 36, 6, 57, 40, 88, 65, 56, 79, 94, 67, 68, 46, 75, 38, 9, 19, 32, 41, 81, 27, 87, 90, 58, 59, 11, 16, 72, 62, 73, 70, 39, 37, 3, 92, 25, 55, 48, 84, 29, 51, 96, 33, 61, 98, 28, 89, 50, 4, 7, 53, 80, 52, 34, 66, 8, 13, 0, 74, 69, 2, 49]|[2, 1, 0, 1, 1, 0, 1, 1, 2, 1, 2, 2, 2, 1, 1, 0, 0, 1, 0, 2, 2, 2, 1, 2, 0, 1, 2, 2, 0, 0, 1, 2, 1, 2, 1, 0, 2, 0, 1, 1, 0, 1, 1, 1, 0, 2, 1, 1, 0, 0, 0, 0, 1, 1, 2, 1, 0, 2, 0, 2, 1, 0, 1, 2, 1, 2, 0, 1, 1, 1, 1, 1, 0, 1, 2, 0, 1, 0, 0, 2, 2, 1, 2, 0, 1, 0, 1, 2, 0, 0, 1, 2, 2, 1, 0, 0, 2, 1, 0, 0]|[1, 3, 2, 2, 4, 1, 2, 3, 2, 4, 1, 1, 2, 4, 4, 1, 1, 4, 2, 1, 1, 1, 1, 2, 1, 2, 1, 1, 2, 1, 3, 2, 3, 1, 4, 0, 1, 1, 0, 3, 2, 2, 2, 0, 1, 1, 0, 4, 0, 1, 2, 2, 1, 4, 0, 3, 1, 1, 1, 1, 3, 1, 1, 1, 3, 0, 2, 4, 3, 1, 4, 1, 0, 4, 1, 1, 1, 1, 1, 1, 1, 3, 1, 2, 1, 1, 4, 1, 2, 1, 1, 1, 1, 3, 2, 2, 1, 4, 2, 2]|[0, 2, 1, 1, 3, 0, 1, 3, 0, 0, 0, 0, 1, 0, 1, 0, 0, 3, 1, 0, 0, 0, 3, 1, 0, 2, 0, 0, 0, 1, 0, 0, 0, 0, 3, 0, 1, 0, 0, 2, 1, 1, 1, 0, 0, 0, 0, 2, 1, 0, 0, 0, 1, 3, 0, 0, 0, 0, 0, 0, 2, 0, 1, 0, 2, 1, 1, 0, 0, 1, 1, 1, 1, 3, 0, 0, 3, 0, 0, 0, 0, 0, 0, 1, 1, 0, 0, 0, 1, 0, 1, 0, 0, 2, 0, 0, 0, 2, 0, 0],768.4425996665918,55544.97691543313,95885.95702711058,true
36,G4_BALANCED,G4_BALANCED,[31, 11, 15, 82, 26, 9, 95, 32, 77, 68, 47, 5, 93, 78, 86, 54, 85, 63, 18, 44, 20, 49, 36, 14, 74, 50, 53, 17, 21, 45, 71, 64, 3, 23, 30, 83, 24, 41, 60, 52, 65, 27, 90, 70, 39, 87, 48, 69, 99, 4, 46, 1, 13, 58, 97, 59, 28, 75, 73, 37, 35, 79, 22, 66, 76, 42, 40, 80, 96, 6, 16, 61, 33, 7, 57, 34, 12, 67, 10, 98, 56, 88, 29, 94, 91, 38, 51, 92, 43, 84, 19, 72, 81, 25, 0, 55, 62, 89, 8, 2]|[2, 1, 1, 2, 1, 2, 1, 1, 1, 1, 1, 0, 2, 2, 1, 2, 0, 0, 0, 2, 2, 1, 0, 2, 0, 2, 2, 1, 0, 1, 1, 1, 0, 0, 1, 0, 2, 1, 2, 2, 0, 0, 1, 1, 0, 2, 0, 2, 1, 0, 0, 2, 0, 0, 2, 0, 1, 0, 0, 0, 2, 1, 0, 2, 2, 0, 2, 2, 0, 1, 2, 1, 1, 2, 0, 1, 1, 1, 1, 2, 2, 1, 1, 2, 1, 0, 1, 0, 1, 0, 1, 1, 1, 1, 0, 0, 1, 1, 1, 2]|[0, 3, 2, 0, 4, 1, 4, 4, 2, 4, 3, 2, 1, 0, 2, 1, 1, 1, 2, 1, 1, 3, 0, 1, 0, 1, 1, 4, 1, 4, 3, 2, 2, 0, 4, 1, 1, 4, 0, 1, 2, 1, 4, 4, 1, 1, 0, 2, 3, 1, 2, 1, 2, 1, 1, 2, 4, 2, 0, 2, 2, 3, 1, 0, 1, 2, 0, 1, 2, 4, 1, 3, 4, 1, 2, 4, 3, 3, 3, 1, 1, 4, 3, 1, 3, 2, 3, 2, 4, 2, 4, 4, 1, 4, 2, 2, 3, 4, 3, 1]|[0, 2, 1, 0, 3, 0, 1, 3, 0, 0, 2, 0, 1, 0, 1, 0, 0, 0, 1, 0, 0, 2, 0, 0, 1, 0, 0, 3, 0, 1, 0, 2, 0, 1, 3, 0, 1, 3, 1, 0, 0, 0, 1, 3, 0, 0, 1, 0, 2, 0, 0, 0, 0, 0, 1, 0, 1, 0, 1, 1, 0, 2, 0, 0, 0, 0, 0, 0, 0, 2, 0, 0, 1, 0, 0, 1, 0, 0, 3, 0, 0, 1, 0, 0, 0, 0, 0, 0, 2, 0, 3, 2, 1, 3, 0, 0, 0, 1, 0, 0],838.0858887121581,52145.01293281826,108083.60693758915,false
36,G2_TEC,G2_TEC,[31, 22, 82, 15, 26, 9, 95, 42, 77, 68, 47, 5, 93, 78, 86, 54, 85, 63, 18, 44, 20, 49, 36, 14, 74, 50, 53, 17, 21, 28, 11, 64, 3, 23, 30, 83, 24, 41, 40, 52, 65, 27, 90, 70, 39, 87, 48, 69, 99, 4, 75, 1, 13, 58, 97, 59, 45, 8, 73, 37, 35, 79, 71, 66, 76, 32, 60, 80, 56, 6, 67, 61, 33, 7, 57, 34, 12, 16, 10, 98, 96, 88, 43, 46, 91, 38, 84, 92, 29, 19, 51, 55, 81, 89, 25, 72, 94, 2, 0, 62]|[2, 1, 2, 1, 1, 2, 1, 1, 1, 1, 1, 0, 2, 2, 1, 2, 0, 0, 0, 2, 2, 1, 0, 2, 0, 2, 2, 1, 0, 1, 1, 1, 0, 0, 1, 0, 2, 1, 2, 2, 0, 0, 1, 1, 0, 2, 0, 2, 1, 0, 0, 2, 0, 0, 2, 0, 1, 1, 0, 0, 2, 1, 1, 2, 2, 0, 2, 2, 2, 1, 2, 1, 1, 2, 0, 1, 1, 2, 1, 2, 0, 1, 1, 0, 1, 0, 0, 0, 1, 1, 1, 0, 1, 1, 1, 1, 2, 2, 0, 1]|[0, 3, 0, 3, 4, 1, 4, 4, 2, 4, 3, 2, 1, 0, 2, 1, 1, 1, 2, 1, 1, 3, 0, 1, 0, 1, 1, 4, 1, 4, 3, 2, 2, 0, 4, 1, 1, 4, 1, 1, 2, 1, 4, 4, 1, 1, 0, 2, 3, 2, 2, 1, 2, 1, 1, 2, 4, 3, 0, 2, 2, 3, 3, 1, 1, 2, 1, 1, 1, 4, 1, 3, 4, 1, 2, 4, 3, 1, 3, 1, 2, 4, 4, 2, 3, 2, 2, 2, 3, 4, 3, 2, 4, 4, 4, 4, 1, 1, 2, 3]|[0, 2, 0, 0, 3, 0, 1, 3, 0, 0, 2, 0, 1, 0, 1, 0, 0, 0, 1, 0, 0, 2, 0, 0, 1, 0, 0, 3, 0, 1, 0, 2, 0, 0, 3, 0, 1, 1, 0, 0, 0, 0, 1, 3, 0, 0, 1, 0, 2, 0, 0, 0, 0, 0, 1, 0, 1, 0, 1, 1, 0, 2, 0, 0, 0, 0, 0, 0, 0, 2, 0, 0, 1, 0, 0, 1, 0, 0, 3, 0, 0, 1, 2, 0, 0, 0, 0, 0, 3, 1, 0, 0, 2, 1, 3, 1, 0, 0, 0, 0],908.8272556494078,49235.066718390466,107289.32240407266,false
36,G3_TWC,G3_TWC,[31, 22, 82, 15, 26, 58, 95, 42, 77, 12, 47, 5, 93, 78, 98, 54, 85, 63, 18, 44, 20, 35, 43, 97, 91, 76, 10, 30, 21, 45, 71, 64, 1, 23, 17, 83, 24, 14, 60, 36, 6, 57, 94, 88, 65, 56, 79, 40, 67, 68, 46, 75, 39, 9, 19, 32, 81, 96, 27, 62, 87, 90, 99, 59, 11, 16, 72, 73, 70, 38, 37, 84, 3, 92, 25, 55, 28, 29, 51, 7, 33, 61, 86, 48, 89, 50, 69, 41, 53, 80, 4, 8, 34, 49, 52, 0, 13, 2, 66, 74]|[1, 1, 0, 1, 1, 1, 2, 1, 2, 1, 2, 2, 2, 1, 1, 0, 0, 1, 0, 2, 2, 0, 1, 2, 0, 1, 2, 2, 0, 0, 1, 2, 1, 2, 1, 0, 2, 0, 1, 1, 0, 1, 1, 1, 0, 2, 1, 1, 0, 0, 0, 0, 1, 1, 2, 1, 2, 0, 0, 0, 2, 1, 0, 1, 2, 1, 2, 1, 1, 1, 1, 1, 2, 0, 1, 1, 0, 0, 0, 1, 2, 1, 0, 0, 1, 0, 1, 0, 0, 0, 0, 1, 2, 0, 1, 0, 0, 0, 2, 2]|[4, 3, 2, 2, 0, 0, 2, 2, 2, 4, 1, 1, 2, 4, 4, 1, 1, 4, 2, 1, 1, 1, 1, 2, 1, 2, 1, 1, 1, 1, 3, 2, 3, 0, 4, 0, 1, 1, 0, 3, 2, 2, 4, 0, 1, 1, 0, 2, 0, 1, 2, 2, 1, 4, 0, 3, 2, 1, 1, 2, 1, 3, 1, 1, 1, 3, 0, 4, 3, 1, 4, 1, 1, 2, 4, 4, 2, 1, 1, 3, 1, 3, 1, 1, 1, 1, 3, 1, 2, 1, 2, 3, 1, 1, 1, 2, 2, 2, 1, 1]|[0, 2, 1, 1, 3, 3, 0, 1, 0, 0, 0, 0, 1, 0, 1, 0, 0, 3, 1, 0, 0, 0, 3, 1, 0, 2, 0, 0, 0, 1, 0, 0, 0, 0, 3, 0, 1, 0, 0, 2, 1, 1, 2, 0, 0, 0, 0, 1, 1, 0, 0, 0, 1, 3, 0, 0, 1, 0, 0, 1, 0, 2, 0, 1, 0, 2, 1, 0, 0, 1, 1, 3, 0, 1, 3, 3, 1, 0, 0, 2, 0, 0, 0, 0, 1, 0, 0, 0, 1, 0, 1, 2, 0, 1, 1, 0, 0, 0, 0, 0],790.0799945868791,57951.42221290124,88960.86369927591,false
36,G1_CMAX,G4_BALANCED,[31, 22, 82, 15, 26, 99, 95, 42, 77, 12, 47, 5, 93, 78, 86, 54, 21, 63, 18, 44, 20, 23, 43, 97, 91, 76, 10, 30, 85, 45, 71, 64, 1, 35, 17, 83, 24, 14, 60, 36, 6, 57, 40, 88, 65, 56, 79, 94, 67, 68, 46, 75, 38, 9, 19, 32, 41, 81, 27, 87, 90, 58, 59, 11, 16, 72, 62, 73, 70, 39, 37, 3, 92, 25, 55, 48, 84, 29, 51, 96, 33, 61, 98, 28, 89, 50, 4, 7, 53, 80, 52, 34, 66, 8, 13, 0, 74, 69, 2, 49]|[2, 1, 0, 1, 1, 0, 1, 1, 2, 1, 2, 2, 2, 1, 1, 0, 0, 1, 0, 2, 2, 2, 1, 2, 0, 1, 2, 2, 0, 0, 1, 2, 1, 2, 1, 0, 2, 0, 1, 1, 0, 1, 1, 1, 0, 2, 1, 1, 0, 0, 0, 0, 1, 1, 2, 1, 0, 2, 0, 2, 1, 0, 1, 2, 1, 2, 0, 1, 1, 1, 1, 1, 0, 1, 2, 0, 1, 0, 0, 2, 2, 1, 2, 0, 1, 0, 1, 2, 0, 0, 1, 2, 2, 1, 0, 0, 2, 1, 0, 0]|[1, 3, 2, 2, 4, 1, 2, 3, 2, 4, 1, 1, 2, 4, 4, 1, 1, 4, 2, 1, 1, 1, 1, 2, 1, 2, 1, 1, 2, 1, 3, 2, 3, 1, 4, 0, 1, 1, 0, 3, 2, 2, 2, 0, 1, 1, 0, 4, 0, 1, 2, 2, 1, 4, 0, 3, 1, 1, 1, 1, 3, 1, 1, 1, 3, 0, 2, 4, 3, 1, 4, 1, 0, 4, 1, 1, 1, 1, 1, 1, 1, 3, 1, 2, 1, 1, 4, 1, 2, 1, 1, 1, 1, 3, 2, 2, 1, 4, 2, 2]|[0, 2, 1, 1, 3, 0, 1, 3, 0, 0, 0, 0, 1, 0, 1, 0, 0, 3, 1, 0, 0, 0, 3, 1, 0, 2, 0, 0, 0, 1, 0, 0, 0, 0, 3, 0, 1, 0, 0, 2, 1, 1, 1, 0, 0, 0, 0, 2, 1, 0, 0, 0, 1, 3, 0, 0, 0, 0, 0, 0, 2, 0, 1, 0, 2, 1, 1, 0, 0, 1, 1, 1, 1, 3, 0, 0, 3, 0, 0, 0, 0, 0, 0, 1, 1, 0, 0, 0, 1, 0, 1, 0, 0, 2, 0, 0, 0, 2, 0, 0],768.4425996665918,55544.97691543313,95885.95702711058,true
36,G4_BALANCED,G2_TEC,[31, 22, 82, 15, 26, 9, 95, 42, 77, 68, 47, 5, 93, 78, 86, 54, 85, 63, 18, 44, 20, 49, 36, 14, 74, 50, 53, 17, 21, 28, 11, 64, 3, 23, 30, 83, 24, 41, 40, 52, 65, 27, 90, 70, 39, 87, 48, 69, 99, 4, 75, 1, 13, 58, 97, 59, 45, 8, 73, 37, 35, 79, 71, 66, 76, 32, 60, 80, 56, 6, 67, 61, 33, 7, 57, 34, 12, 0, 10, 98, 96, 88, 43, 46, 91, 38, 84, 92, 29, 19, 51, 55, 72, 89, 25, 81, 94, 2, 62, 16]|[2, 1, 2, 1, 1, 2, 1, 1, 1, 1, 1, 0, 2, 2, 1, 2, 0, 0, 0, 2, 2, 1, 0, 2, 0, 2, 2, 1, 0, 1, 1, 1, 0, 0, 1, 0, 2, 1, 2, 2, 0, 0, 1, 1, 0, 2, 0, 2, 1, 0, 0, 2, 0, 0, 2, 0, 1, 1, 0, 0, 2, 1, 1, 2, 2, 0, 2, 2, 2, 1, 2, 1, 1, 2, 0, 1, 1, 0, 1, 2, 0, 1, 1, 0, 1, 0, 0, 1, 1, 1, 1, 0, 1, 1, 1, 1, 2, 2, 1, 0]|[0, 3, 0, 3, 4, 1, 4, 4, 2, 4, 3, 2, 1, 0, 2, 1, 1, 1, 2, 1, 1, 3, 0, 1, 0, 1, 1, 4, 1, 4, 3, 2, 2, 0, 4, 1, 1, 4, 1, 1, 2, 1, 4, 4, 1, 1, 0, 2, 3, 2, 2, 1, 2, 1, 1, 2, 4, 3, 0, 2, 2, 3, 3, 1, 1, 2, 1, 1, 1, 4, 1, 3, 4, 1, 2, 4, 3, 2, 3, 1, 2, 4, 4, 2, 3, 2, 2, 3, 3, 4, 3, 2, 4, 4, 4, 4, 1, 1, 3, 2]|[0, 2, 0, 0, 3, 0, 1, 3, 0, 0, 2, 0, 1, 0, 1, 0, 0, 0, 1, 0, 0, 2, 0, 0, 1, 0, 0, 3, 0, 1, 0, 2, 0, 0, 3, 0, 1, 1, 0, 0, 0, 0, 1, 3, 0, 0, 1, 0, 2, 0, 0, 0, 0, 0, 1, 0, 1, 0, 1, 1, 0, 2, 0, 0, 0, 0, 0, 0, 0, 2, 0, 0, 1, 0, 0, 1, 0, 0, 3, 0, 0, 1, 2, 0, 0, 0, 0, 0, 3, 1, 0, 0, 1, 1, 3, 2, 0, 0, 0, 0],886.7819803210996,49509.323287608735,107424.07283090819,true
36,G2_TEC,G2_TEC,[31, 22, 82, 15, 26, 9, 95, 42, 77, 68, 47, 5, 93, 78, 86, 54, 85, 63, 18, 44, 20, 49, 36, 14, 74, 50, 53, 17, 21, 28, 11, 64, 3, 23, 30, 83, 24, 41, 40, 52, 65, 27, 90, 70, 39, 87, 48, 69, 99, 4, 75, 1, 13, 58, 97, 59, 45, 8, 73, 37, 35, 79, 71, 66, 76, 32, 60, 80, 56, 6, 67, 61, 33, 7, 57, 34, 12, 16, 10, 98, 96, 88, 43, 46, 91, 38, 84, 92, 29, 19, 51, 55, 81, 89, 25, 72, 94, 2, 0, 62]|[2, 1, 2, 1, 1, 2, 1, 1, 1, 1, 1, 0, 2, 2, 1, 2, 0, 0, 0, 2, 2, 1, 0, 2, 0, 2, 2, 1, 0, 1, 1, 1, 0, 0, 1, 0, 2, 1, 2, 2, 0, 0, 1, 1, 0, 2, 0, 2, 1, 0, 0, 2, 0, 0, 2, 0, 1, 1, 0, 0, 2, 1, 1, 2, 2, 0, 2, 2, 2, 1, 2, 1, 1, 2, 0, 1, 1, 2, 1, 2, 0, 1, 1, 0, 1, 0, 0, 0, 1, 1, 1, 0, 1, 1, 1, 1, 2, 2, 0, 1]|[0, 3, 0, 3, 4, 1, 4, 4, 2, 4, 3, 2, 1, 0, 2, 1, 1, 1, 2, 1, 1, 3, 0, 1, 0, 1, 1, 4, 1, 4, 3, 2, 2, 0, 4, 1, 1, 4, 1, 1, 2, 1, 4, 4, 1, 1, 0, 2, 3, 2, 2, 1, 2, 1, 1, 2, 4, 3, 0, 2, 2, 3, 3, 1, 1, 2, 1, 1, 1, 4, 1, 3, 4, 1, 2, 4, 3, 1, 3, 1, 2, 4, 4, 2, 3, 2, 2, 2, 3, 4, 3, 2, 4, 4, 4, 4, 1, 1, 2, 3]|[0, 2, 0, 0, 3, 0, 1, 3, 0, 0, 2, 0, 1, 0, 1, 0, 0, 0, 1, 0, 0, 2, 0, 0, 1, 0, 0, 3, 0, 1, 0, 2, 0, 0, 3, 0, 1, 1, 0, 0, 0, 0, 1, 3, 0, 0, 1, 0, 2, 0, 0, 0, 0, 0, 1, 0, 1, 0, 1, 1, 0, 2, 0, 0, 0, 0, 0, 0, 0, 2, 0, 0, 1, 0, 0, 1, 0, 0, 3, 0, 0, 1, 2, 0, 0, 0, 0, 0, 3, 1, 0, 0, 2, 1, 3, 1, 0, 0, 0, 0],908.8272556494078,49235.066718390466,107289.32240407266,false
36,G3_TWC,G3_TWC,[31, 22, 82, 15, 26, 58, 95, 42, 77, 12, 47, 5, 93, 78, 98, 54, 85, 63, 18, 44, 20, 35, 43, 97, 91, 76, 10, 30, 21, 45, 71, 64, 1, 23, 17, 83, 24, 14, 60, 36, 6, 57, 94, 88, 65, 56, 79, 40, 67, 68, 46, 75, 39, 9, 19, 32, 81, 96, 27, 62, 87, 90, 99, 59, 11, 16, 72, 73, 70, 38, 37, 84, 3, 92, 25, 55, 28, 29, 51, 7, 33, 61, 86, 48, 89, 50, 69, 41, 53, 80, 4, 8, 34, 49, 52, 0, 13, 2, 66, 74]|[1, 1, 0, 1, 1, 1, 2, 1, 2, 1, 2, 2, 2, 1, 1, 0, 0, 1, 0, 2, 2, 0, 1, 2, 0, 1, 2, 2, 0, 0, 1, 2, 1, 2, 1, 0, 2, 0, 1, 1, 0, 1, 1, 1, 0, 2, 1, 1, 0, 0, 0, 0, 1, 1, 2, 1, 2, 0, 0, 0, 2, 1, 0, 1, 2, 1, 2, 1, 1, 1, 1, 1, 2, 0, 1, 1, 0, 0, 0, 1, 2, 1, 0, 0, 1, 0, 1, 0, 0, 0, 0, 1, 2, 0, 1, 0, 0, 0, 2, 2]|[4, 3, 2, 2, 0, 0, 2, 2, 2, 4, 1, 1, 2, 4, 4, 1, 1, 4, 2, 1, 1, 1, 1, 2, 1, 2, 1, 1, 1, 1, 3, 2, 3, 0, 4, 0, 1, 1, 0, 3, 2, 2, 4, 0, 1, 1, 0, 2, 0, 1, 2, 2, 1, 4, 0, 3, 2, 1, 1, 2, 1, 3, 1, 1, 1, 3, 0, 4, 3, 1, 4, 1, 1, 2, 4, 4, 2, 1, 1, 3, 1, 3, 1, 1, 1, 1, 3, 1, 2, 1, 2, 3, 1, 1, 1, 2, 2, 2, 1, 1]|[0, 2, 1, 1, 3, 3, 0, 1, 0, 0, 0, 0, 1, 0, 1, 0, 0, 3, 1, 0, 0, 0, 3, 1, 0, 2, 0, 0, 0, 1, 0, 0, 0, 0, 3, 0, 1, 0, 0, 2, 1, 1, 2, 0, 0, 0, 0, 1, 1, 0, 0, 0, 1, 3, 0, 0, 1, 0, 0, 1, 0, 2, 0, 1, 0, 2, 1, 0, 0, 1, 1, 3, 0, 1, 3, 3, 1, 0, 0, 2, 0, 0, 0, 0, 1, 0, 0, 0, 1, 0, 1, 2, 0, 1, 1, 0, 0, 0, 0, 0],790.0799945868791,57951.42221290124,88960.86369927591,false
36,G1_CMAX,G4_BALANCED,[31, 22, 82, 15, 26, 99, 95, 42, 77, 12, 47, 5, 93, 78, 86, 54, 21, 63, 18, 44, 20, 23, 43, 97, 91, 76, 10, 30, 85, 45, 71, 64, 1, 35, 17, 83, 24, 14, 60, 36, 6, 57, 40, 88, 65, 56, 79, 94, 67, 68, 46, 75, 38, 9, 19, 32, 41, 81, 27, 87, 90, 58, 59, 11, 16, 72, 62, 73, 70, 39, 37, 3, 92, 25, 55, 48, 84, 29, 51, 96, 33, 61, 98, 28, 89, 50, 4, 7, 53, 80, 52, 34, 66, 8, 13, 0, 74, 69, 2, 49]|[2, 1, 0, 1, 1, 0, 1, 1, 2, 1, 2, 2, 2, 1, 1, 0, 0, 1, 0, 2, 2, 2, 1, 2, 0, 1, 2, 2, 0, 0, 1, 2, 1, 2, 1, 0, 2, 0, 1, 1, 0, 1, 1, 1, 0, 2, 1, 1, 0, 0, 0, 0, 1, 1, 2, 1, 0, 2, 0, 2, 1, 0, 1, 2, 1, 2, 0, 1, 1, 1, 1, 1, 0, 1, 2, 0, 1, 0, 0, 2, 2, 1, 2, 0, 1, 0, 1, 2, 0, 0, 1, 2, 2, 1, 0, 0, 2, 1, 0, 0]|[1, 3, 2, 2, 4, 1, 2, 3, 2, 4, 1, 1, 2, 4, 4, 1, 1, 4, 2, 1, 1, 1, 1, 2, 1, 2, 1, 1, 2, 1, 3, 2, 3, 1, 4, 0, 1, 1, 0, 3, 2, 2, 2, 0, 1, 1, 0, 4, 0, 1, 2, 2, 1, 4, 0, 3, 1, 1, 1, 1, 3, 1, 1, 1, 3, 0, 2, 4, 3, 1, 4, 1, 0, 4, 1, 1, 1, 1, 1, 1, 1, 3, 1, 2, 1, 1, 4, 1, 2, 1, 1, 1, 1, 3, 2, 2, 1, 4, 2, 2]|[0, 2, 1, 1, 3, 0, 1, 3, 0, 0, 0, 0, 1, 0, 1, 0, 0, 3, 1, 0, 0, 0, 3, 1, 0, 2, 0, 0, 0, 1, 0, 0, 0, 0, 3, 0, 1, 0, 0, 2, 1, 1, 1, 0, 0, 0, 0, 2, 1, 0, 0, 0, 1, 3, 0, 0, 0, 0, 0, 0, 2, 0, 1, 0, 2, 1, 1, 0, 0, 1, 1, 1, 1, 3, 0, 0, 3, 0, 0, 0, 0, 0, 0, 1, 1, 0, 0, 0, 1, 0, 1, 0, 0, 2, 0, 0, 0, 2, 0, 0],768.4425996665918,55544.97691543313,95885.95702711058,true
36,G4_BALANCED,G3_TWC,[31, 22, 82, 15, 26, 58, 95, 42, 77, 12, 47, 5, 93, 78, 98, 54, 85, 63, 18, 44, 20, 35, 43, 97, 91, 76, 10, 30, 21, 45, 71, 64, 1, 23, 17, 83, 24, 14, 60, 36, 6, 57, 94, 88, 65, 56, 79, 40, 67, 41, 46, 75, 38, 9, 33, 32, 81, 68, 27, 62, 87, 90, 99, 86, 11, 16, 72, 73, 70, 39, 37, 84, 3, 92, 25, 55, 28, 29, 51, 7, 19, 61, 59, 66, 89, 50, 48, 80, 53, 96, 8, 4, 34, 49, 52, 0, 13, 2, 69, 74]|[1, 1, 0, 1, 1, 1, 2, 1, 2, 1, 2, 2, 2, 1, 1, 0, 0, 1, 0, 2, 2, 0, 0, 2, 0, 1, 2, 2, 0, 0, 1, 2, 1, 2, 1, 0, 2, 0, 1, 1, 0, 1, 1, 1, 0, 2, 1, 1, 0, 0, 0, 0, 1, 1, 2, 1, 2, 0, 0, 0, 2, 2, 0, 0, 2, 1, 2, 1, 1, 1, 1, 1, 1, 0, 1, 1, 0, 0, 0, 1, 2, 1, 0, 2, 1, 0, 0, 0, 0, 0, 1, 0, 2, 0, 1, 0, 0, 0, 1, 2]|[4, 3, 2, 2, 0, 0, 2, 2, 2, 4, 1, 1, 2, 4, 4, 1, 2, 4, 2, 1, 1, 1, 1, 2, 1, 2, 1, 1, 2, 1, 3, 2, 3, 1, 4, 0, 1, 1, 0, 3, 2, 2, 4, 0, 1, 1, 0, 2, 0, 1, 2, 2, 1, 4, 0, 3, 2, 1, 1, 2, 1, 1, 1, 1, 1, 3, 0, 4, 3, 1, 4, 1, 1, 2, 4, 4, 2, 1, 1, 3, 1, 3, 1, 1, 1, 1, 1, 1, 2, 1, 3, 2, 1, 1, 1, 2, 2, 2, 3, 1]|[0, 2, 1, 1, 3, 3, 0, 1, 0, 0, 0, 0, 1, 0, 1, 0, 0, 3, 1, 0, 0, 0, 0, 1, 0, 2, 0, 0, 0, 1, 0, 0, 0, 0, 3, 0, 1, 0, 0, 2, 1, 1, 2, 0, 0, 0, 0, 1, 1, 0, 0, 0, 1, 3, 0, 0, 1, 0, 0, 1, 0, 0, 0, 0, 0, 2, 1, 0, 0, 1, 1, 3, 1, 1, 3, 3, 1, 0, 0, 2, 0, 0, 0, 0, 1, 0, 0, 0, 1, 0, 2, 1, 0, 1, 1, 0, 0, 0, 0, 0],850.8431495909725,57150.93500181648,90783.102936903,true
36,G2_TEC,G2_TEC,[31, 22, 82, 15, 26, 9, 95, 42, 77, 68, 47, 5, 93, 78, 86, 54, 85, 63, 18, 44, 20, 49, 36, 14, 74, 50, 53, 17, 21, 28, 11, 64, 3, 23, 30, 83, 24, 41, 40, 52, 65, 27, 90, 70, 39, 87, 48, 69, 99, 4, 75, 1, 13, 58, 97, 59, 45, 8, 73, 37, 35, 79, 71, 66, 76, 32, 60, 80, 56, 6, 67, 61, 33, 7, 57, 34, 12, 16, 10, 98, 96, 88, 43, 46, 91, 38, 84, 92, 29, 19, 51, 55, 81, 89, 25, 72, 94, 2, 0, 62]|[2, 1, 2, 1, 1, 2, 1, 1, 1, 1, 1, 0, 2, 2, 1, 2, 0, 0, 0, 2, 2, 1, 0, 2, 0, 2, 2, 1, 0, 1, 1, 1, 0, 0, 1, 0, 2, 1, 2, 2, 0, 0, 1, 1, 0, 2, 0, 2, 1, 0, 0, 2, 0, 0, 2, 0, 1, 1, 0, 0, 2, 1, 1, 2, 2, 0, 2, 2, 2, 1, 2, 1, 1, 2, 0, 1, 1, 2, 1, 2, 0, 1, 1, 0, 1, 0, 0, 0, 1, 1, 1, 0, 1, 1, 1, 1, 2, 2, 0, 1]|[0, 3, 0, 3, 4, 1, 4, 4, 2, 4, 3, 2, 1, 0, 2, 1, 1, 1, 2, 1, 1, 3, 0, 1, 0, 1, 1, 4, 1, 4, 3, 2, 2, 0, 4, 1, 1, 4, 1, 1, 2, 1, 4, 4, 1, 1, 0, 2, 3, 2, 2, 1, 2, 1, 1, 2, 4, 3, 0, 2, 2, 3, 3, 1, 1, 2, 1, 1, 1, 4, 1, 3, 4, 1, 2, 4, 3, 1, 3, 1, 2, 4, 4, 2, 3, 2, 2, 2, 3, 4, 3, 2, 4, 4, 4, 4, 1, 1, 2, 3]|[0, 2, 0, 0, 3, 0, 1, 3, 0, 0, 2, 0, 1, 0, 1, 0, 0, 0, 1, 0, 0, 2, 0, 0, 1, 0, 0, 3, 0, 1, 0, 2, 0, 0, 3, 0, 1, 1, 0, 0, 0, 0, 1, 3, 0, 0, 1, 0, 2, 0, 0, 0, 0, 0, 1, 0, 1, 0, 1, 1, 0, 2, 0, 0, 0, 0, 0, 0, 0, 2, 0, 0, 1, 0, 0, 1, 0, 0, 3, 0, 0, 1, 2, 0, 0, 0, 0, 0, 3, 1, 0, 0, 2, 1, 3, 1, 0, 0, 0, 0],908.8272556494078,49235.066718390466,107289.32240407266,false
36,G3_TWC,G3_TWC,[31, 22, 82, 15, 26, 58, 95, 42, 77, 12, 47, 5, 93, 78, 98, 54, 85, 63, 18, 44, 20, 35, 43, 97, 91, 76, 10, 30, 21, 45, 71, 64, 1, 23, 17, 83, 24, 14, 60, 36, 6, 57, 94, 88, 65, 56, 79, 40, 67, 68, 46, 75, 39, 9, 19, 32, 81, 96, 27, 62, 87, 90, 99, 59, 11, 16, 72, 73, 70, 38, 37, 84, 3, 92, 25, 55, 28, 29, 51, 7, 33, 61, 86, 48, 89, 50, 69, 41, 53, 80, 4, 8, 34, 49, 52, 0, 13, 2, 66, 74]|[1, 1, 0, 1, 1, 1, 2, 1, 2, 1, 2, 2, 2, 1, 1, 0, 0, 1, 0, 2, 2, 0, 1, 2, 0, 1, 2, 2, 0, 0, 1, 2, 1, 2, 1, 0, 2, 0, 1, 1, 0, 1, 1, 1, 0, 2, 1, 1, 0, 0, 0, 0, 1, 1, 2, 1, 2, 0, 0, 0, 2, 1, 0, 1, 2, 1, 2, 1, 1, 1, 1, 1, 2, 0, 1, 1, 0, 0, 0, 1, 2, 1, 0, 0, 1, 0, 1, 0, 0, 0, 0, 1, 2, 0, 1, 0, 0, 0, 2, 2]|[4, 3, 2, 2, 0, 0, 2, 2, 2, 4, 1, 1, 2, 4, 4, 1, 1, 4, 2, 1, 1, 1, 1, 2, 1, 2, 1, 1, 1, 1, 3, 2, 3, 0, 4, 0, 1, 1, 0, 3, 2, 2, 4, 0, 1, 1, 0, 2, 0, 1, 2, 2, 1, 4, 0, 3, 2, 1, 1, 2, 1, 3, 1, 1, 1, 3, 0, 4, 3, 1, 4, 1, 1, 2, 4, 4, 2, 1, 1, 3, 1, 3, 1, 1, 1, 1, 3, 1, 2, 1, 2, 3, 1, 1, 1, 2, 2, 2, 1, 1]|[0, 2, 1, 1, 3, 3, 0, 1, 0, 0, 0, 0, 1, 0, 1, 0, 0, 3, 1, 0, 0, 0, 3, 1, 0, 2, 0, 0, 0, 1, 0, 0, 0, 0, 3, 0, 1, 0, 0, 2, 1, 1, 2, 0, 0, 0, 0, 1, 1, 0, 0, 0, 1, 3, 0, 0, 1, 0, 0, 1, 0, 2, 0, 1, 0, 2, 1, 0, 0, 1, 1, 3, 0, 1, 3, 3, 1, 0, 0, 2, 0, 0, 0, 0, 1, 0, 0, 0, 1, 0, 1, 2, 0, 1, 1, 0, 0, 0, 0, 0],790.0799945868791,57951.42221290124,88960.86369927591,false
36,G1_CMAX,G4_BALANCED,[31, 22, 82, 15, 26, 99, 95, 42, 77, 12, 47, 5, 93, 78, 86, 54, 21, 63, 18, 44, 20, 23, 43, 97, 91, 76, 10, 30, 85, 45, 71, 64, 1, 35, 17, 83, 24, 14, 60, 36, 6, 57, 40, 88, 65, 56, 79, 94, 67, 68, 46, 75, 38, 9, 19, 32, 41, 81, 27, 87, 90, 58, 59, 11, 16, 72, 62, 73, 70, 39, 37, 3, 92, 25, 55, 48, 84, 29, 51, 96, 33, 61, 98, 28, 89, 50, 4, 7, 53, 80, 52, 34, 66, 8, 13, 0, 74, 69, 2, 49]|[2, 1, 0, 1, 1, 0, 1, 1, 2, 1, 2, 2, 2, 1, 1, 0, 0, 1, 0, 2, 2, 2, 1, 2, 0, 1, 2, 2, 0, 0, 1, 2, 1, 2, 1, 0, 2, 0, 1, 1, 0, 1, 1, 1, 0, 2, 1, 1, 0, 0, 0, 0, 1, 1, 2, 1, 0, 2, 0, 2, 1, 0, 1, 2, 1, 2, 0, 1, 1, 1, 1, 1, 0, 1, 2, 0, 1, 0, 0, 2, 2, 1, 2, 0, 1, 0, 1, 2, 0, 0, 1, 2, 2, 1, 0, 0, 2, 1, 0, 0]|[1, 3, 2, 2, 4, 1, 2, 3, 2, 4, 1, 1, 2, 4, 4, 1, 1, 4, 2, 1, 1, 1, 1, 2, 1, 2, 1, 1, 2, 1, 3, 2, 3, 1, 4, 0, 1, 1, 0, 3, 2, 2, 2, 0, 1, 1, 0, 4, 0, 1, 2, 2, 1, 4, 0, 3, 1, 1, 1, 1, 3, 1, 1, 1, 3, 0, 2, 4, 3, 1, 4, 1, 0, 4, 1, 1, 1, 1, 1, 1, 1, 3, 1, 2, 1, 1, 4, 1, 2, 1, 1, 1, 1, 3, 2, 2, 1, 4, 2, 2]|[0, 2, 1, 1, 3, 0, 1, 3, 0, 0, 0, 0, 1, 0, 1, 0, 0, 3, 1, 0, 0, 0, 3, 1, 0, 2, 0, 0, 0, 1, 0, 0, 0, 0, 3, 0, 1, 0, 0, 2, 1, 1, 1, 0, 0, 0, 0, 2, 1, 0, 0, 0, 1, 3, 0, 0, 0, 0, 0, 0, 2, 0, 1, 0, 2, 1, 1, 0, 0, 1, 1, 1, 1, 3, 0, 0, 3, 0, 0, 0, 0, 0, 0, 1, 1, 0, 0, 0, 1, 0, 1, 0, 0, 2, 0, 0, 0, 2, 0, 0],768.4425996665918,55544.97691543313,95885.95702711058,true
36,G4_BALANCED,G4_BALANCED,[31, 22, 82, 15, 26, 58, 95, 42, 77, 12, 47, 5, 93, 78, 98, 54, 85, 63, 18, 44, 20, 35, 43, 97, 91, 76, 10, 30, 21, 45, 71, 64, 1, 23, 17, 83, 24, 14, 60, 36, 6, 57, 94, 88, 65, 56, 79, 40, 67, 68, 46, 75, 38, 9, 19, 32, 81, 41, 27, 62, 87, 90, 99, 59, 11, 16, 72, 73, 70, 39, 37, 84, 3, 92, 25, 55, 28, 29, 51, 7, 33, 61, 86, 48, 89, 34, 69, 96, 53, 80, 4, 8, 50, 49, 52, 0, 13, 2, 66, 74]|[1, 1, 0, 1, 1, 1, 2, 1, 2, 1, 2, 2, 2, 1, 1, 0, 0, 1, 0, 2, 2, 0, 1, 2, 0, 1, 2, 2, 0, 0, 1, 2, 1, 2, 1, 0, 2, 0, 1, 1, 0, 1, 1, 1, 0, 2, 1, 1, 0, 0, 0, 0, 1, 1, 2, 1, 2, 0, 0, 0, 2, 1, 0, 1, 2, 1, 2, 1, 1, 1, 1, 1, 2, 0, 1, 1, 0, 0, 0, 1, 2, 1, 0, 0, 1, 2, 1, 0, 0, 0, 0, 1, 0, 0, 1, 0, 0, 0, 2, 2]|[4, 3, 2, 2, 0, 0, 2, 2, 2, 4, 1, 1, 2, 4, 4, 1, 1, 4, 2, 1, 1, 1, 1, 2, 1, 2, 1, 1, 1, 1, 3, 2, 3, 0, 4, 0, 1, 1, 0, 3, 2, 2, 4, 0, 1, 1, 0, 2, 0, 1, 2, 2, 1, 4, 0, 3, 2, 1, 1, 2, 1, 3, 1, 1, 1, 3, 0, 4, 3, 1, 4, 1, 1, 2, 4, 4, 2, 1, 1, 3, 1, 3, 1, 1, 1, 1, 3, 1, 2, 1, 2, 3, 1, 1, 1, 2, 2, 2, 1, 1]|[0, 2, 1, 1, 3, 3, 0, 1, 0, 0, 0, 0, 1, 0, 1, 0, 0, 3, 1, 0, 0, 0, 3, 1, 0, 2, 0, 0, 0, 1, 0, 0, 0, 0, 3, 0, 1, 0, 0, 2, 1, 1, 2, 0, 0, 0, 0, 1, 1, 0, 0, 0, 1, 3, 0, 0, 1, 0, 0, 1, 0, 2, 0, 1, 0, 2, 1, 0, 0, 1, 1, 3, 0, 1, 3, 3, 1, 0, 0, 2, 0, 0, 0, 0, 1, 0, 0, 0, 1, 0, 1, 2, 0, 1, 1, 0, 0, 0, 0, 0],790.1921483697682,57957.04840138768,88951.83199580385,false
36,G2_TEC,G2_TEC,[31, 22, 82, 15, 26, 9, 95, 42, 77, 68, 47, 5, 93, 78, 86, 54, 85, 63, 18, 44, 20, 49, 36, 14, 74, 50, 53, 17, 21, 28, 11, 64, 3, 23, 30, 83, 24, 41, 40, 52, 65, 27, 90, 70, 39, 87, 48, 69, 99, 4, 75, 1, 13, 58, 97, 59, 45, 8, 73, 37, 35, 79, 71, 66, 76, 32, 60, 80, 56, 6, 67, 61, 33, 7, 57, 34, 12, 16, 10, 98, 96, 88, 43, 46, 91, 38, 84, 92, 29, 19, 51, 55, 81, 89, 25, 72, 94, 2, 0, 62]|[2, 1, 2, 1, 1, 2, 1, 1, 1, 1, 1, 0, 2, 2, 1, 2, 0, 0, 0, 2, 2, 1, 0, 2, 0, 2, 2, 1, 0, 1, 1, 1, 0, 0, 1, 0, 2, 1, 2, 2, 0, 0, 1, 1, 0, 2, 0, 2, 1, 0, 0, 2, 0, 0, 2, 0, 1, 1, 0, 0, 2, 1, 1, 2, 2, 0, 2, 2, 2, 1, 2, 1, 1, 2, 0, 1, 1, 2, 1, 2, 0, 1, 1, 0, 1, 0, 0, 0, 1, 1, 1, 0, 1, 1, 1, 1, 2, 2, 0, 1]|[0, 3, 0, 3, 4, 1, 4, 4, 2, 4, 3, 2, 1, 0, 2, 1, 1, 1, 2, 1, 1, 3, 0, 1, 0, 1, 1, 4, 1, 4, 3, 2, 2, 0, 4, 1, 1, 4, 1, 1, 2, 1, 4, 4, 1, 1, 0, 2, 3, 2, 2, 1, 2, 1, 1, 2, 4, 3, 0, 2, 2, 3, 3, 1, 1, 2, 1, 1, 1, 4, 1, 3, 4, 1, 2, 4, 3, 1, 3, 1, 2, 4, 4, 2, 3, 2, 2, 2, 3, 4, 3, 2, 4, 4, 4, 4, 1, 1, 2, 3]|[0, 2, 0, 0, 3, 0, 1, 3, 0, 0, 2, 0, 1, 0, 1, 0, 0, 0, 1, 0, 0, 2, 0, 0, 1, 0, 0, 3, 0, 1, 0, 2, 0, 0, 3, 0, 1, 1, 0, 0, 0, 0, 1, 3, 0, 0, 1, 0, 2, 0, 0, 0, 0, 0, 1, 0, 1, 0, 1, 1, 0, 2, 0, 0, 0, 0, 0, 0, 0, 2, 0, 0, 1, 0, 0, 1, 0, 0, 3, 0, 0, 1, 2, 0, 0, 0, 0, 0, 3, 1, 0, 0, 2, 1, 3, 1, 0, 0, 0, 0],908.8272556494078,49235.066718390466,107289.32240407266,false
36,G3_TWC,G3_TWC,[31, 22, 82, 15, 26, 58, 95, 42, 77, 12, 47, 5, 93, 78, 98, 54, 85, 63, 18, 44, 20, 35, 43, 97, 91, 76, 10, 30, 21, 45, 71, 64, 1, 23, 17, 83, 24, 14, 60, 36, 6, 57, 94, 88, 65, 56, 79, 40, 67, 68, 46, 75, 39, 9, 19, 32, 81, 96, 27, 62, 87, 90, 99, 59, 11, 16, 72, 73, 70, 38, 37, 84, 3, 92, 25, 55, 28, 29, 51, 7, 33, 61, 86, 48, 89, 50, 69, 41, 53, 80, 4, 8, 34, 49, 52, 0, 13, 2, 66, 74]|[1, 1, 0, 1, 1, 1, 2, 1, 2, 1, 2, 2, 2, 1, 1, 0, 0, 1, 0, 2, 2, 0, 1, 2, 0, 1, 2, 2, 0, 0, 1, 2, 1, 2, 1, 0, 2, 0, 1, 1, 0, 1, 1, 1, 0, 2, 1, 1, 0, 0, 0, 0, 1, 1, 2, 1, 2, 0, 0, 0, 2, 1, 0, 1, 2, 1, 2, 1, 1, 1, 1, 1, 2, 0, 1, 1, 0, 0, 0, 1, 2, 1, 0, 0, 1, 0, 1, 0, 0, 0, 0, 1, 2, 0, 1, 0, 0, 0, 2, 2]|[4, 3, 2, 2, 0, 0, 2, 2, 2, 4, 1, 1, 2, 4, 4, 1, 1, 4, 2, 1, 1, 1, 1, 2, 1, 2, 1, 1, 1, 1, 3, 2, 3, 0, 4, 0, 1, 1, 0, 3, 2, 2, 4, 0, 1, 1, 0, 2, 0, 1, 2, 2, 1, 4, 0, 3, 2, 1, 1, 2, 1, 3, 1, 1, 1, 3, 0, 4, 3, 1, 4, 1, 1, 2, 4, 4, 2, 1, 1, 3, 1, 3, 1, 1, 1, 1, 3, 1, 2, 1, 2, 3, 1, 1, 1, 2, 2, 2, 1, 1]|[0, 2, 1, 1, 3, 3, 0, 1, 0, 0, 0, 0, 1, 0, 1, 0, 0, 3, 1, 0, 0, 0, 3, 1, 0, 2, 0, 0, 0, 1, 0, 0, 0, 0, 3, 0, 1, 0, 0, 2, 1, 1, 2, 0, 0, 0, 0, 1, 1, 0, 0, 0, 1, 3, 0, 0, 1, 0, 0, 1, 0, 2, 0, 1, 0, 2, 1, 0, 0, 1, 1, 3, 0, 1, 3, 3, 1, 0, 0, 2, 0, 0, 0, 0, 1, 0, 0, 0, 1, 0, 1, 2, 0, 1, 1, 0, 0, 0, 0, 0],790.0799945868791,57951.42221290124,88960.86369927591,false
36,G1_CMAX,G4_BALANCED,[31, 22, 82, 15, 26, 99, 95, 42, 77, 12, 47, 5, 93, 78, 86, 54, 21, 63, 18, 44, 20, 23, 43, 97, 91, 76, 10, 30, 85, 45, 71, 64, 1, 35, 17, 83, 24, 14, 60, 36, 6, 57, 40, 88, 65, 56, 79, 94, 67, 68, 46, 75, 38, 9, 19, 32, 41, 81, 27, 87, 90, 58, 59, 11, 16, 72, 62, 73, 70, 39, 37, 3, 92, 25, 55, 48, 84, 29, 51, 96, 33, 61, 98, 28, 89, 50, 4, 7, 53, 80, 52, 34, 66, 8, 13, 0, 74, 69, 2, 49]|[2, 1, 0, 1, 1, 0, 1, 1, 2, 1, 2, 2, 2, 1, 1, 0, 0, 1, 0, 2, 2, 2, 1, 2, 0, 1, 2, 2, 0, 0, 1, 2, 1, 2, 1, 0, 2, 0, 1, 1, 0, 1, 1, 1, 0, 2, 1, 1, 0, 0, 0, 0, 1, 1, 2, 1, 0, 2, 0, 2, 1, 0, 1, 2, 1, 2, 0, 1, 1, 1, 1, 1, 0, 1, 2, 0, 1, 0, 0, 2, 2, 1, 2, 0, 1, 0, 1, 2, 0, 0, 1, 2, 2, 1, 0, 0, 2, 1, 0, 0]|[1, 3, 2, 2, 4, 1, 2, 3, 2, 4, 1, 1, 2, 4, 4, 1, 1, 4, 2, 1, 1, 1, 1, 2, 1, 2, 1, 1, 2, 1, 3, 2, 3, 1, 4, 0, 1, 1, 0, 3, 2, 2, 2, 0, 1, 1, 0, 4, 0, 1, 2, 2, 1, 4, 0, 3, 1, 1, 1, 1, 3, 1, 1, 1, 3, 0, 2, 4, 3, 1, 4, 1, 0, 4, 1, 1, 1, 1, 1, 1, 1, 3, 1, 2, 1, 1, 4, 1, 2, 1, 1, 1, 1, 3, 2, 2, 1, 4, 2, 2]|[0, 2, 1, 1, 3, 0, 1, 3, 0, 0, 0, 0, 1, 0, 1, 0, 0, 3, 1, 0, 0, 0, 3, 1, 0, 2, 0, 0, 0, 1, 0, 0, 0, 0, 3, 0, 1, 0, 0, 2, 1, 1, 1, 0, 0, 0, 0, 2, 1, 0, 0, 0, 1, 3, 0, 0, 0, 0, 0, 0, 2, 0, 1, 0, 2, 1, 1, 0, 0, 1, 1, 1, 1, 3, 0, 0, 3, 0, 0, 0, 0, 0, 0, 1, 1, 0, 0, 0, 1, 0, 1, 0, 0, 2, 0, 0, 0, 2, 0, 0],768.4425996665918,55544.97691543313,95885.95702711058,true
36,G4_BALANCED,G3_TWC,[31, 22, 82, 15, 26, 58, 95, 42, 77, 12, 47, 5, 93, 78, 98, 54, 85, 63, 18, 44, 20, 35, 43, 97, 91, 76, 10, 30, 21, 45, 71, 64, 1, 23, 17, 83, 24, 14, 60, 36, 6, 57, 94, 88, 65, 56, 79, 40, 67, 68, 46, 75, 38, 9, 19, 32, 81, 41, 27, 62, 87, 90, 99, 59, 11, 16, 72, 73, 70, 39, 37, 84, 3, 92, 25, 55, 28, 29, 51, 7, 33, 61, 86, 48, 89, 50, 4, 96, 53, 80, 66, 8, 34, 49, 52, 0, 13, 2, 69, 74]|[1, 1, 0, 1, 1, 1, 2, 1, 2, 1, 2, 2, 2, 1, 1, 0, 0, 1, 0, 2, 2, 0, 0, 2, 0, 1, 2, 2, 0, 0, 1, 2, 1, 2, 1, 0, 2, 0, 1, 1, 0, 1, 1, 1, 0, 2, 1, 1, 0, 0, 0, 0, 1, 1, 2, 1, 2, 0, 0, 0, 2, 1, 0, 2, 2, 1, 2, 1, 1, 1, 1, 1, 2, 0, 1, 1, 0, 0, 0, 1, 2, 1, 0, 0, 1, 0, 0, 0, 0, 0, 0, 1, 2, 0, 1, 0, 0, 0, 1, 2]|[4, 3, 2, 2, 0, 0, 2, 2, 2, 4, 1, 1, 2, 4, 4, 1, 1, 4, 2, 1, 1, 1, 1, 2, 1, 2, 1, 1, 1, 1, 3, 2, 3, 0, 4, 0, 1, 1, 0, 3, 2, 2, 4, 0, 1, 1, 0, 2, 0, 1, 2, 2, 1, 4, 0, 3, 2, 1, 1, 2, 1, 3, 1, 1, 1, 3, 0, 4, 3, 1, 4, 1, 1, 2, 4, 4, 2, 1, 1, 3, 1, 3, 1, 1, 1, 1, 2, 1, 2, 1, 1, 3, 1, 1, 1, 2, 2, 2, 3, 1]|[0, 2, 1, 1, 3, 3, 0, 1, 0, 0, 0, 0, 1, 0, 1, 0, 0, 3, 1, 0, 0, 0, 0, 1, 0, 2, 0, 0, 0, 1, 0, 0, 0, 0, 3, 0, 1, 0, 0, 2, 1, 1, 2, 0, 0, 0, 0, 1, 1, 0, 0, 0, 1, 3, 0, 0, 1, 0, 0, 1, 0, 2, 0, 0, 0, 2, 1, 0, 0, 1, 1, 3, 0, 1, 3, 3, 1, 0, 0, 2, 0, 0, 0, 0, 1, 0, 1, 0, 1, 0, 0, 2, 0, 1, 1, 0, 0, 0, 0, 0],824.3830344786442,57612.977619865575,89202.65349099987,true
36,G2_TEC,G2_TEC,[31, 22, 82, 15, 26, 9, 95, 42, 77, 68, 47, 5, 93, 78, 86, 54, 85, 63, 18, 44, 20, 49, 36, 14, 74, 50, 53, 17, 21, 28, 11, 64, 3, 23, 30, 83, 24, 41, 40, 52, 65, 27, 90, 70, 39, 87, 48, 69, 99, 4, 75, 1, 13, 58, 97, 59, 45, 8, 73, 37, 35, 79, 71, 66, 76, 32, 60, 80, 56, 6, 67, 61, 33, 7, 57, 34, 12, 16, 10, 98, 96, 88, 43, 46, 91, 38, 84, 92, 29, 19, 51, 55, 81, 89, 25, 72, 94, 2, 0, 62]|[2, 1, 2, 1, 1, 2, 1, 1, 1, 1, 1, 0, 2, 2, 1, 2, 0, 0, 0, 2, 2, 1, 0, 2, 0, 2, 2, 1, 0, 1, 1, 1, 0, 0, 1, 0, 2, 1, 2, 2, 0, 0, 1, 1, 0, 2, 0, 2, 1, 0, 0, 2, 0, 0, 2, 0, 1, 1, 0, 0, 2, 1, 1, 2, 2, 0, 2, 2, 2, 1, 2, 1, 1, 2, 0, 1, 1, 2, 1, 2, 0, 1, 1, 0, 1, 0, 0, 0, 1, 1, 1, 0, 1, 1, 1, 1, 2, 2, 0, 1]|[0, 3, 0, 3, 4, 1, 4, 4, 2, 4, 3, 2, 1, 0, 2, 1, 1, 1, 2, 1, 1, 3, 0, 1, 0, 1, 1, 4, 1, 4, 3, 2, 2, 0, 4, 1, 1, 4, 1, 1, 2, 1, 4, 4, 1, 1, 0, 2, 3, 2, 2, 1, 2, 1, 1, 2, 4, 3, 0, 2, 2, 3, 3, 1, 1, 2, 1, 1, 1, 4, 1, 3, 4, 1, 2, 4, 3, 1, 3, 1, 2, 4, 4, 2, 3, 2, 2, 2, 3, 4, 3, 2, 4, 4, 4, 4, 1, 1, 2, 3]|[0, 2, 0, 0, 3, 0, 1, 3, 0, 0, 2, 0, 1, 0, 1, 0, 0, 0, 1, 0, 0, 2, 0, 0, 1, 0, 0, 3, 0, 1, 0, 2, 0, 0, 3, 0, 1, 1, 0, 0, 0, 0, 1, 3, 0, 0, 1, 0, 2, 0, 0, 0, 0, 0, 1, 0, 1, 0, 1, 1, 0, 2, 0, 0, 0, 0, 0, 0, 0, 2, 0, 0, 1, 0, 0, 1, 0, 0, 3, 0, 0, 1, 2, 0, 0, 0, 0, 0, 3, 1, 0, 0, 2, 1, 3, 1, 0, 0, 0, 0],908.8272556494078,49235.066718390466,107289.32240407266,false
36,G3_TWC,G3_TWC,[31, 22, 82, 15, 26, 58, 95, 42, 77, 12, 47, 5, 93, 78, 98, 54, 85, 63, 18, 44, 20, 35, 43, 97, 91, 76, 10, 30, 21, 45, 71, 64, 1, 23, 17, 83, 24, 14, 60, 36, 6, 57, 94, 88, 65, 56, 79, 40, 67, 68, 46, 75, 39, 9, 19, 32, 81, 96, 27, 62, 87, 90, 99, 59, 11, 16, 72, 73, 70, 38, 37, 84, 3, 92, 25, 55, 28, 29, 51, 7, 33, 61, 86, 48, 89, 50, 69, 41, 53, 80, 4, 8, 34, 49, 52, 0, 13, 2, 66, 74]|[1, 1, 0, 1, 1, 1, 2, 1, 2, 1, 2, 2, 2, 1, 1, 0, 0, 1, 0, 2, 2, 0, 1, 2, 0, 1, 2, 2, 0, 0, 1, 2, 1, 2, 1, 0, 2, 0, 1, 1, 0, 1, 1, 1, 0, 2, 1, 1, 0, 0, 0, 0, 1, 1, 2, 1, 2, 0, 0, 0, 2, 1, 0, 1, 2, 1, 2, 1, 1, 1, 1, 1, 2, 0, 1, 1, 0, 0, 0, 1, 2, 1, 0, 0, 1, 0, 1, 0, 0, 0, 0, 1, 2, 0, 1, 0, 0, 0, 2, 2]|[4, 3, 2, 2, 0, 0, 2, 2, 2, 4, 1, 1, 2, 4, 4, 1, 1, 4, 2, 1, 1, 1, 1, 2, 1, 2, 1, 1, 1, 1, 3, 2, 3, 0, 4, 0, 1, 1, 0, 3, 2, 2, 4, 0, 1, 1, 0, 2, 0, 1, 2, 2, 1, 4, 0, 3, 2, 1, 1, 2, 1, 3, 1, 1, 1, 3, 0, 4, 3, 1, 4, 1, 1, 2, 4, 4, 2, 1, 1, 3, 1, 3, 1, 1, 1, 1, 3, 1, 2, 1, 2, 3, 1, 1, 1, 2, 2, 2, 1, 1]|[0, 2, 1, 1, 3, 3, 0, 1, 0, 0, 0, 0, 1, 0, 1, 0, 0, 3, 1, 0, 0, 0, 3, 1, 0, 2, 0, 0, 0, 1, 0, 0, 0, 0, 3, 0, 1, 0, 0, 2, 1, 1, 2, 0, 0, 0, 0, 1, 1, 0, 0, 0, 1, 3, 0, 0, 1, 0, 0, 1, 0, 2, 0, 1, 0, 2, 1, 0, 0, 1, 1, 3, 0, 1, 3, 3, 1, 0, 0, 2, 0, 0, 0, 0, 1, 0, 0, 0, 1, 0, 1, 2, 0, 1, 1, 0, 0, 0, 0, 0],790.0799945868791,57951.42221290124,88960.86369927591,false
36,G1_CMAX,G4_BALANCED,[31, 22, 82, 15, 26, 99, 95, 42, 77, 12, 47, 5, 93, 78, 86, 54, 21, 63, 18, 44, 20, 23, 43, 97, 91, 76, 10, 30, 85, 45, 71, 64, 1, 35, 17, 83, 24, 14, 60, 36, 6, 57, 40, 88, 65, 56, 79, 94, 67, 68, 46, 75, 38, 9, 19, 32, 41, 81, 27, 87, 90, 58, 59, 11, 16, 72, 62, 73, 70, 39, 37, 3, 92, 25, 55, 48, 84, 29, 51, 96, 33, 61, 98, 28, 89, 50, 4, 7, 53, 80, 52, 34, 66, 8, 13, 0, 74, 69, 2, 49]|[2, 1, 0, 1, 1, 0, 1, 1, 2, 1, 2, 2, 2, 1, 1, 0, 0, 1, 0, 2, 2, 2, 1, 2, 0, 1, 2, 2, 0, 0, 1, 2, 1, 2, 1, 0, 2, 0, 1, 1, 0, 1, 1, 1, 0, 2, 1, 1, 0, 0, 0, 0, 1, 1, 2, 1, 0, 2, 0, 2, 1, 0, 1, 2, 1, 2, 0, 1, 1, 1, 1, 1, 0, 1, 2, 0, 1, 0, 0, 2, 2, 1, 2, 0, 1, 0, 1, 2, 0, 0, 1, 2, 2, 1, 0, 0, 2, 1, 0, 0]|[1, 3, 2, 2, 4, 1, 2, 3, 2, 4, 1, 1, 2, 4, 4, 1, 1, 4, 2, 1, 1, 1, 1, 2, 1, 2, 1, 1, 2, 1, 3, 2, 3, 1, 4, 0, 1, 1, 0, 3, 2, 2, 2, 0, 1, 1, 0, 4, 0, 1, 2, 2, 1, 4, 0, 3, 1, 1, 1, 1, 3, 1, 1, 1, 3, 0, 2, 4, 3, 1, 4, 1, 0, 4, 1, 1, 1, 1, 1, 1, 1, 3, 1, 2, 1, 1, 4, 1, 2, 1, 1, 1, 1, 3, 2, 2, 1, 4, 2, 2]|[0, 2, 1, 1, 3, 0, 1, 3, 0, 0, 0, 0, 1, 0, 1, 0, 0, 3, 1, 0, 0, 0, 3, 1, 0, 2, 0, 0, 0, 1, 0, 0, 0, 0, 3, 0, 1, 0, 0, 2, 1, 1, 1, 0, 0, 0, 0, 2, 1, 0, 0, 0, 1, 3, 0, 0, 0, 0, 0, 0, 2, 0, 1, 0, 2, 1, 1, 0, 0, 1, 1, 1, 1, 3, 0, 0, 3, 0, 0, 0, 0, 0, 0, 1, 1, 0, 0, 0, 1, 0, 1, 0, 0, 2, 0, 0, 0, 2, 0, 0],768.4425996665918,55544.97691543313,95885.95702711058,true
36,G4_BALANCED,G4_BALANCED,[31, 22, 82, 15, 26, 58, 95, 42, 77, 12, 47, 5, 93, 78, 86, 54, 85, 63, 18, 44, 20, 35, 43, 97, 66, 76, 79, 30, 21, 45, 71, 64, 1, 23, 17, 83, 24, 14, 60, 36, 6, 57, 40, 88, 65, 56, 10, 94, 67, 68, 46, 75, 38, 9, 19, 32, 41, 81, 27, 62, 87, 90, 99, 59, 11, 16, 72, 73, 69, 39, 37, 84, 3, 92, 25, 55, 29, 28, 51, 7, 33, 61, 48, 98, 89, 8, 4, 96, 53, 80, 50, 91, 34, 2, 52, 0, 49, 70, 13, 74]|[1, 1, 0, 1, 1, 0, 1, 2, 2, 1, 2, 2, 2, 1, 1, 0, 0, 1, 0, 2, 2, 0, 1, 2, 2, 1, 2, 2, 0, 0, 1, 2, 1, 2, 1, 0, 2, 0, 1, 1, 0, 1, 1, 1, 0, 2, 2, 1, 0, 0, 0, 0, 1, 1, 2, 1, 0, 2, 0, 0, 2, 1, 0, 1, 2, 1, 2, 1, 1, 1, 1, 1, 1, 0, 1, 2, 0, 0, 0, 1, 2, 1, 0, 2, 1, 1, 1, 2, 0, 0, 0, 0, 2, 0, 1, 0, 0, 1, 0, 2]|[4, 3, 2, 2, 4, 1, 2, 2, 2, 4, 1, 1, 2, 4, 4, 1, 2, 4, 2, 1, 1, 1, 1, 2, 1, 2, 1, 1, 1, 1, 3, 1, 3, 1, 4, 0, 1, 1, 0, 3, 2, 2, 2, 0, 1, 1, 1, 4, 0, 1, 2, 2, 1, 4, 0, 3, 1, 1, 1, 2, 1, 3, 1, 1, 1, 3, 0, 4, 4, 1, 4, 1, 1, 0, 4, 1, 1, 2, 1, 1, 1, 3, 1, 1, 1, 3, 4, 1, 2, 1, 1, 1, 1, 2, 1, 2, 1, 3, 2, 1]|[0, 2, 1, 1, 3, 0, 1, 0, 0, 0, 0, 0, 1, 0, 1, 0, 0, 3, 1, 0, 0, 0, 3, 1, 0, 2, 0, 0, 0, 0, 0, 0, 0, 0, 3, 0, 1, 0, 0, 2, 1, 1, 1, 0, 0, 0, 0, 2, 1, 0, 0, 0, 1, 3, 0, 0, 0, 0, 0, 1, 0, 2, 0, 1, 0, 2, 1, 0, 2, 1, 1, 3, 1, 1, 3, 0, 0, 1, 0, 2, 0, 0, 0, 0, 1, 2, 0, 0, 1, 0, 0, 0, 0, 0, 1, 0, 1, 0, 0, 0],777.436160111927,55378.96358309585,98756.68483674081,false
36,G2_TEC,G2_TEC,[31, 22, 82, 15, 26, 9, 95, 42, 77, 68, 47, 5, 93, 78, 86, 54, 85, 63, 18, 44, 20, 49, 36, 14, 74, 50, 53, 17, 21, 28, 11, 64, 3, 23, 30, 83, 24, 41, 40, 52, 65, 27, 90, 70, 39, 87, 48, 69, 99, 4, 75, 1, 13, 58, 97, 59, 45, 8, 73, 37, 35, 79, 71, 66, 76, 32, 60, 80, 56, 6, 67, 61, 33, 7, 57, 34, 12, 16, 10, 98, 96, 88, 43, 46, 91, 38, 84, 92, 29, 19, 51, 55, 81, 89, 25, 72, 94, 2, 0, 62]|[2, 1, 2, 1, 1, 2, 1, 1, 1, 1, 1, 0, 2, 2, 1, 2, 0, 0, 0, 2, 2, 1, 0, 2, 0, 2, 2, 1, 0, 1, 1, 1, 0, 0, 1, 0, 2, 1, 2, 2, 0, 0, 1, 1, 0, 2, 0, 2, 1, 0, 0, 2, 0, 0, 2, 0, 1, 1, 0, 0, 2, 1, 1, 2, 2, 0, 2, 2, 2, 1, 2, 1, 1, 2, 0, 1, 1, 2, 1, 2, 0, 1, 1, 0, 1, 0, 0, 0, 1, 1, 1, 0, 1, 1, 1, 1, 2, 2, 0, 1]|[0, 3, 0, 3, 4, 1, 4, 4, 2, 4, 3, 2, 1, 0, 2, 1, 1, 1, 2, 1, 1, 3, 0, 1, 0, 1, 1, 4, 1, 4, 3, 2, 2, 0, 4, 1, 1, 4, 1, 1, 2, 1, 4, 4, 1, 1, 0, 2, 3, 2, 2, 1, 2, 1, 1, 2, 4, 3, 0, 2, 2, 3, 3, 1, 1, 2, 1, 1, 1, 4, 1, 3, 4, 1, 2, 4, 3, 1, 3, 1, 2, 4, 4, 2, 3, 2, 2, 2, 3, 4, 3, 2, 4, 4, 4, 4, 1, 1, 2, 3]|[0, 2, 0, 0, 3, 0, 1, 3, 0, 0, 2, 0, 1, 0, 1, 0, 0, 0, 1, 0, 0, 2, 0, 0, 1, 0, 0, 3, 0, 1, 0, 2, 0, 0, 3, 0, 1, 1, 0, 0, 0, 0, 1, 3, 0, 0, 1, 0, 2, 0, 0, 0, 0, 0, 1, 0, 1, 0, 1, 1, 0, 2, 0, 0, 0, 0, 0, 0, 0, 2, 0, 0, 1, 0, 0, 1, 0, 0, 3, 0, 0, 1, 2, 0, 0, 0, 0, 0, 3, 1, 0, 0, 2, 1, 3, 1, 0, 0, 0, 0],908.8272556494078,49235.066718390466,107289.32240407266,false
36,G3_TWC,G3_TWC,[31, 22, 82, 15, 26, 58, 95, 42, 77, 12, 47, 5, 93, 78, 98, 54, 85, 63, 18, 44, 20, 35, 43, 97, 91, 76, 10, 30, 21, 45, 71, 64, 1, 23, 17, 83, 24, 14, 60, 36, 6, 57, 94, 88, 65, 56, 79, 40, 67, 68, 46, 75, 39, 9, 19, 32, 81, 96, 27, 62, 87, 90, 99, 59, 11, 16, 72, 73, 70, 38, 37, 84, 3, 92, 25, 55, 28, 29, 51, 7, 33, 61, 86, 48, 89, 50, 69, 41, 53, 80, 4, 8, 34, 49, 52, 0, 13, 2, 66, 74]|[1, 1, 0, 1, 1, 1, 2, 1, 2, 1, 2, 2, 2, 1, 1, 0, 0, 1, 0, 2, 2, 0, 1, 2, 0, 1, 2, 2, 0, 0, 1, 2, 1, 2, 1, 0, 2, 0, 1, 1, 0, 1, 1, 1, 0, 2, 1, 1, 0, 0, 0, 0, 1, 1, 2, 1, 2, 0, 0, 0, 2, 1, 0, 1, 2, 1, 2, 1, 1, 1, 1, 1, 2, 0, 1, 1, 0, 0, 0, 1, 2, 1, 0, 0, 1, 0, 1, 0, 0, 0, 0, 1, 2, 0, 1, 0, 0, 0, 2, 2]|[4, 3, 2, 2, 0, 0, 2, 2, 2, 4, 1, 1, 2, 4, 4, 1, 1, 4, 2, 1, 1, 1, 1, 2, 1, 2, 1, 1, 1, 1, 3, 2, 3, 0, 4, 0, 1, 1, 0, 3, 2, 2, 4, 0, 1, 1, 0, 2, 0, 1, 2, 2, 1, 4, 0, 3, 2, 1, 1, 2, 1, 3, 1, 1, 1, 3, 0, 4, 3, 1, 4, 1, 1, 2, 4, 4, 2, 1, 1, 3, 1, 3, 1, 1, 1, 1, 3, 1, 2, 1, 2, 3, 1, 1, 1, 2, 2, 2, 1, 1]|[0, 2, 1, 1, 3, 3, 0, 1, 0, 0, 0, 0, 1, 0, 1, 0, 0, 3, 1, 0, 0, 0, 3, 1, 0, 2, 0, 0, 0, 1, 0, 0, 0, 0, 3, 0, 1, 0, 0, 2, 1, 1, 2, 0, 0, 0, 0, 1, 1, 0, 0, 0, 1, 3, 0, 0, 1, 0, 0, 1, 0, 2, 0, 1, 0, 2, 1, 0, 0, 1, 1, 3, 0, 1, 3, 3, 1, 0, 0, 2, 0, 0, 0, 0, 1, 0, 0, 0, 1, 0, 1, 2, 0, 1, 1, 0, 0, 0, 0, 0],790.0799945868791,57951.42221290124,88960.86369927591,false
36,G1_CMAX,G4_BALANCED,[31, 22, 82, 15, 26, 99, 95, 42, 77, 12, 47, 5, 93, 78, 86, 54, 21, 63, 18, 44, 20, 23, 43, 97, 91, 76, 10, 30, 85, 45, 71, 64, 1, 35, 17, 83, 24, 14, 60, 36, 6, 57, 40, 88, 65, 56, 79, 94, 67, 68, 46, 75, 38, 9, 19, 32, 41, 81, 27, 87, 90, 58, 59, 11, 16, 72, 62, 73, 70, 39, 37, 3, 92, 25, 55, 48, 84, 29, 51, 96, 33, 61, 98, 28, 89, 50, 4, 7, 53, 80, 52, 34, 66, 8, 13, 0, 74, 69, 2, 49]|[2, 1, 0, 1, 1, 0, 1, 1, 2, 1, 2, 2, 2, 1, 1, 0, 0, 1, 0, 2, 2, 2, 1, 2, 0, 1, 2, 2, 0, 0, 1, 2, 1, 2, 1, 0, 2, 0, 1, 1, 0, 1, 1, 1, 0, 2, 1, 1, 0, 0, 0, 0, 1, 1, 2, 1, 0, 2, 0, 2, 1, 0, 1, 2, 1, 2, 0, 1, 1, 1, 1, 1, 0, 1, 2, 0, 1, 0, 0, 2, 2, 1, 2, 0, 1, 0, 1, 2, 0, 0, 1, 2, 2, 1, 0, 0, 2, 1, 0, 0]|[1, 3, 2, 2, 4, 1, 2, 3, 2, 4, 1, 1, 2, 4, 4, 1, 1, 4, 2, 1, 1, 1, 1, 2, 1, 2, 1, 1, 2, 1, 3, 2, 3, 1, 4, 0, 1, 1, 0, 3, 2, 2, 2, 0, 1, 1, 0, 4, 0, 1, 2, 2, 1, 4, 0, 3, 1, 1, 1, 1, 3, 1, 1, 1, 3, 0, 2, 4, 3, 1, 4, 1, 0, 4, 1, 1, 1, 1, 1, 1, 1, 3, 1, 2, 1, 1, 4, 1, 2, 1, 1, 1, 1, 3, 2, 2, 1, 4, 2, 2]|[0, 2, 1, 1, 3, 0, 1, 3, 0, 0, 0, 0, 1, 0, 1, 0, 0, 3, 1, 0, 0, 0, 3, 1, 0, 2, 0, 0, 0, 1, 0, 0, 0, 0, 3, 0, 1, 0, 0, 2, 1, 1, 1, 0, 0, 0, 0, 2, 1, 0, 0, 0, 1, 3, 0, 0, 0, 0, 0, 0, 2, 0, 1, 0, 2, 1, 1, 0, 0, 1, 1, 1, 1, 3, 0, 0, 3, 0, 0, 0, 0, 0, 0, 1, 1, 0, 0, 0, 1, 0, 1, 0, 0, 2, 0, 0, 0, 2, 0, 0],768.4425996665918,55544.97691543313,95885.95702711058,true
36,G4_BALANCED,G4_BALANCED,[31, 11, 82, 15, 26, 9, 95, 42, 77, 68, 47, 5, 93, 78, 86, 54, 85, 63, 18, 44, 20, 49, 36, 14, 74, 50, 53, 17, 21, 45, 71, 64, 3, 23, 30, 83, 24, 41, 60, 52, 65, 27, 90, 70, 39, 87, 48, 69, 99, 4, 46, 1, 13, 58, 97, 59, 28, 75, 73, 37, 35, 79, 22, 66, 76, 32, 40, 80, 96, 6, 16, 61, 33, 7, 57, 34, 12, 67, 10, 98, 56, 88, 29, 8, 91, 38, 19, 92, 43, 2, 89, 72, 51, 25, 84, 55, 62, 81, 94, 0]|[2, 1, 2, 1, 1, 2, 1, 1, 1, 1, 1, 0, 2, 2, 1, 2, 0, 0, 0, 2, 2, 1, 0, 2, 0, 2, 2, 1, 0, 1, 1, 1, 0, 0, 2, 0, 2, 1, 2, 2, 0, 0, 1, 1, 0, 2, 0, 2, 1, 0, 0, 2, 0, 0, 2, 0, 1, 1, 0, 0, 2, 1, 0, 2, 2, 0, 2, 2, 0, 1, 2, 1, 2, 2, 0, 1, 1, 1, 1, 2, 2, 1, 1, 0, 1, 0, 1, 0, 1, 2, 1, 1, 1, 1, 0, 0, 1, 1, 2, 0]|[0, 3, 0, 2, 4, 1, 4, 4, 2, 4, 3, 2, 1, 0, 2, 1, 1, 1, 2, 1, 1, 3, 0, 1, 0, 1, 1, 4, 1, 4, 3, 2, 2, 0, 1, 1, 1, 4, 0, 1, 2, 1, 4, 4, 1, 1, 0, 2, 3, 2, 2, 1, 2, 1, 1, 2, 4, 3, 0, 2, 2, 3, 1, 0, 1, 2, 0, 1, 2, 4, 1, 3, 1, 1, 2, 4, 3, 3, 3, 1, 1, 4, 3, 2, 3, 2, 4, 2, 4, 1, 4, 4, 3, 4, 2, 2, 3, 4, 1, 2]|[0, 2, 0, 1, 3, 0, 1, 3, 0, 0, 2, 0, 1, 0, 1, 0, 0, 0, 1, 0, 0, 2, 0, 0, 1, 0, 0, 3, 0, 1, 0, 2, 0, 1, 0, 0, 1, 3, 1, 0, 0, 0, 1, 3, 0, 0, 1, 0, 2, 0, 0, 0, 0, 0, 1, 0, 1, 0, 1, 1, 0, 2, 0, 0, 0, 0, 1, 0, 0, 2, 0, 0, 0, 0, 0, 1, 0, 0, 3, 0, 0, 1, 3, 0, 0, 0, 1, 0, 2, 0, 1, 2, 0, 3, 0, 0, 0, 1, 0, 0],852.5184451675896,52077.87777408223,105904.01879381535,false
36,G2_TEC,G2_TEC,[31, 22, 82, 15, 26, 9, 95, 42, 77, 68, 47, 5, 93, 78, 86, 54, 85, 63, 18, 44, 20, 49, 36, 14, 74, 50, 53, 17, 21, 28, 11, 64, 3, 23, 30, 83, 24, 41, 40, 52, 65, 27, 90, 70, 39, 87, 48, 69, 99, 4, 75, 1, 13, 58, 97, 59, 45, 8, 73, 37, 35, 79, 71, 66, 76, 32, 60, 80, 56, 6, 67, 61, 33, 7, 57, 34, 12, 16, 10, 98, 96, 88, 43, 46, 91, 38, 84, 92, 29, 19, 51, 55, 81, 89, 25, 72, 94, 2, 0, 62]|[2, 1, 2, 1, 1, 2, 1, 1, 1, 1, 1, 0, 2, 2, 1, 2, 0, 0, 0, 2, 2, 1, 0, 2, 0, 2, 2, 1, 0, 1, 1, 1, 0, 0, 1, 0, 2, 1, 2, 2, 0, 0, 1, 1, 0, 2, 0, 2, 1, 0, 0, 2, 0, 0, 2, 0, 1, 1, 0, 0, 2, 1, 1, 2, 2, 0, 2, 2, 2, 1, 2, 1, 1, 2, 0, 1, 1, 2, 1, 2, 0, 1, 1, 0, 1, 0, 0, 0, 1, 1, 1, 0, 1, 1, 1, 1, 2, 2, 0, 1]|[0, 3, 0, 3, 4, 1, 4, 4, 2, 4, 3, 2, 1, 0, 2, 1, 1, 1, 2, 1, 1, 3, 0, 1, 0, 1, 1, 4, 1, 4, 3, 2, 2, 0, 4, 1, 1, 4, 1, 1, 2, 1, 4, 4, 1, 1, 0, 2, 3, 2, 2, 1, 2, 1, 1, 2, 4, 3, 0, 2, 2, 3, 3, 1, 1, 2, 1, 1, 1, 4, 1, 3, 4, 1, 2, 4, 3, 1, 3, 1, 2, 4, 4, 2, 3, 2, 2, 2, 3, 4, 3, 2, 4, 4, 4, 4, 1, 1, 2, 3]|[0, 2, 0, 0, 3, 0, 1, 3, 0, 0, 2, 0, 1, 0, 1, 0, 0, 0, 1, 0, 0, 2, 0, 0, 1, 0, 0, 3, 0, 1, 0, 2, 0, 0, 3, 0, 1, 1, 0, 0, 0, 0, 1, 3, 0, 0, 1, 0, 2, 0, 0, 0, 0, 0, 1, 0, 1, 0, 1, 1, 0, 2, 0, 0, 0, 0, 0, 0, 0, 2, 0, 0, 1, 0, 0, 1, 0, 0, 3, 0, 0, 1, 2, 0, 0, 0, 0, 0, 3, 1, 0, 0, 2, 1, 3, 1, 0, 0, 0, 0],908.8272556494078,49235.066718390466,107289.32240407266,false
36,G3_TWC,G3_TWC,[31, 22, 82, 15, 26, 58, 95, 42, 77, 12, 47, 5, 93, 78, 98, 54, 85, 63, 18, 44, 20, 35, 43, 97, 91, 76, 10, 30, 21, 45, 71, 64, 1, 23, 17, 83, 24, 14, 60, 36, 6, 57, 94, 88, 65, 56, 79, 40, 67, 68, 46, 75, 39, 9, 19, 32, 81, 96, 27, 62, 87, 90, 99, 59, 11, 16, 72, 73, 70, 38, 37, 84, 3, 92, 25, 55, 28, 29, 51, 7, 33, 61, 86, 48, 89, 50, 69, 41, 53, 80, 4, 8, 34, 49, 52, 0, 13, 2, 66, 74]|[1, 1, 0, 1, 1, 1, 2, 1, 2, 1, 2, 2, 2, 1, 1, 0, 0, 1, 0, 2, 2, 0, 1, 2, 0, 1, 2, 2, 0, 0, 1, 2, 1, 2, 1, 0, 2, 0, 1, 1, 0, 1, 1, 1, 0, 2, 1, 1, 0, 0, 0, 0, 1, 1, 2, 1, 2, 0, 0, 0, 2, 1, 0, 1, 2, 1, 2, 1, 1, 1, 1, 1, 2, 0, 1, 1, 0, 0, 0, 1, 2, 1, 0, 0, 1, 0, 1, 0, 0, 0, 0, 1, 2, 0, 1, 0, 0, 0, 2, 2]|[4, 3, 2, 2, 0, 0, 2, 2, 2, 4, 1, 1, 2, 4, 4, 1, 1, 4, 2, 1, 1, 1, 1, 2, 1, 2, 1, 1, 1, 1, 3, 2, 3, 0, 4, 0, 1, 1, 0, 3, 2, 2, 4, 0, 1, 1, 0, 2, 0, 1, 2, 2, 1, 4, 0, 3, 2, 1, 1, 2, 1, 3, 1, 1, 1, 3, 0, 4, 3, 1, 4, 1, 1, 2, 4, 4, 2, 1, 1, 3, 1, 3, 1, 1, 1, 1, 3, 1, 2, 1, 2, 3, 1, 1, 1, 2, 2, 2, 1, 1]|[0, 2, 1, 1, 3, 3, 0, 1, 0, 0, 0, 0, 1, 0, 1, 0, 0, 3, 1, 0, 0, 0, 3, 1, 0, 2, 0, 0, 0, 1, 0, 0, 0, 0, 3, 0, 1, 0, 0, 2, 1, 1, 2, 0, 0, 0, 0, 1, 1, 0, 0, 0, 1, 3, 0, 0, 1, 0, 0, 1, 0, 2, 0, 1, 0, 2, 1, 0, 0, 1, 1, 3, 0, 1, 3, 3, 1, 0, 0, 2, 0, 0, 0, 0, 1, 0, 0, 0, 1, 0, 1, 2, 0, 1, 1, 0, 0, 0, 0, 0],790.0799945868791,57951.42221290124,88960.86369927591,false
36,G1_CMAX,G4_BALANCED,[31, 22, 82, 15, 26, 99, 95, 42, 77, 12, 47, 5, 93, 78, 86, 54, 21, 63, 18, 44, 20, 23, 43, 97, 91, 76, 10, 30, 85, 45, 71, 64, 1, 35, 17, 83, 24, 14, 60, 36, 6, 57, 40, 88, 65, 56, 79, 94, 67, 68, 46, 75, 38, 9, 19, 32, 41, 81, 27, 87, 90, 58, 59, 11, 16, 72, 62, 73, 70, 39, 37, 3, 92, 25, 55, 48, 84, 29, 51, 96, 33, 61, 98, 28, 89, 50, 4, 7, 53, 80, 52, 34, 66, 8, 13, 0, 74, 69, 2, 49]|[2, 1, 0, 1, 1, 0, 1, 1, 2, 1, 2, 2, 2, 1, 1, 0, 0, 1, 0, 2, 2, 2, 1, 2, 0, 1, 2, 2, 0, 0, 1, 2, 1, 2, 1, 0, 2, 0, 1, 1, 0, 1, 1, 1, 0, 2, 1, 1, 0, 0, 0, 0, 1, 1, 2, 1, 0, 2, 0, 2, 1, 0, 1, 2, 1, 2, 0, 1, 1, 1, 1, 1, 0, 1, 2, 0, 1, 0, 0, 2, 2, 1, 2, 0, 1, 0, 1, 2, 0, 0, 1, 2, 2, 1, 0, 0, 2, 1, 0, 0]|[1, 3, 2, 2, 4, 1, 2, 3, 2, 4, 1, 1, 2, 4, 4, 1, 1, 4, 2, 1, 1, 1, 1, 2, 1, 2, 1, 1, 2, 1, 3, 2, 3, 1, 4, 0, 1, 1, 0, 3, 2, 2, 2, 0, 1, 1, 0, 4, 0, 1, 2, 2, 1, 4, 0, 3, 1, 1, 1, 1, 3, 1, 1, 1, 3, 0, 2, 4, 3, 1, 4, 1, 0, 4, 1, 1, 1, 1, 1, 1, 1, 3, 1, 2, 1, 1, 4, 1, 2, 1, 1, 1, 1, 3, 2, 2, 1, 4, 2, 2]|[0, 2, 1, 1, 3, 0, 1, 3, 0, 0, 0, 0, 1, 0, 1, 0, 0, 3, 1, 0, 0, 0, 3, 1, 0, 2, 0, 0, 0, 1, 0, 0, 0, 0, 3, 0, 1, 0, 0, 2, 1, 1, 1, 0, 0, 0, 0, 2, 1, 0, 0, 0, 1, 3, 0, 0, 0, 0, 0, 0, 2, 0, 1, 0, 2, 1, 1, 0, 0, 1, 1, 1, 1, 3, 0, 0, 3, 0, 0, 0, 0, 0, 0, 1, 1, 0, 0, 0, 1, 0, 1, 0, 0, 2, 0, 0, 0, 2, 0, 0],768.4425996665918,55544.97691543313,95885.95702711058,true
36,G4_BALANCED,G4_BALANCED,[31, 22, 82, 15, 26, 9, 95, 42, 77, 68, 47, 5, 93, 78, 86, 54, 85, 63, 18, 44, 20, 49, 36, 14, 74, 50, 53, 17, 21, 28, 11, 64, 3, 23, 30, 83, 24, 41, 40, 52, 65, 27, 90, 70, 39, 87, 48, 69, 99, 4, 46, 1, 13, 58, 19, 59, 45, 8, 73, 37, 35, 79, 71, 66, 76, 32, 60, 80, 96, 6, 16, 61, 33, 7, 57, 34, 12, 0, 10, 98, 56, 88, 43, 75, 91, 38, 2, 92, 29, 97, 51, 55, 72, 25, 89, 81, 94, 84, 67, 62]|[2, 1, 2, 1, 1, 0, 1, 1, 1, 1, 1, 0, 2, 2, 1, 2, 0, 0, 0, 2, 2, 1, 0, 2, 0, 2, 2, 1, 0, 1, 1, 1, 0, 0, 1, 0, 2, 1, 2, 2, 0, 0, 1, 1, 0, 2, 0, 2, 1, 0, 0, 2, 0, 0, 2, 0, 1, 1, 0, 0, 2, 1, 1, 1, 2, 0, 2, 2, 0, 1, 2, 1, 1, 2, 0, 1, 1, 2, 1, 2, 2, 1, 0, 0, 1, 0, 2, 0, 1, 1, 1, 0, 1, 1, 1, 1, 2, 0, 2, 1]|[0, 3, 0, 3, 4, 1, 4, 4, 2, 4, 3, 2, 1, 0, 2, 1, 1, 1, 2, 1, 1, 3, 0, 1, 0, 1, 1, 4, 1, 4, 3, 2, 2, 0, 4, 1, 1, 4, 1, 1, 2, 1, 4, 4, 1, 1, 0, 2, 3, 2, 2, 1, 2, 1, 1, 2, 4, 3, 0, 2, 2, 3, 3, 1, 1, 2, 1, 1, 2, 4, 1, 3, 4, 1, 2, 4, 3, 1, 3, 1, 1, 4, 2, 2, 3, 2, 1, 2, 3, 4, 3, 2, 4, 4, 4, 4, 1, 2, 1, 3]|[0, 2, 0, 0, 3, 0, 1, 3, 0, 0, 2, 0, 1, 0, 1, 0, 0, 0, 1, 0, 0, 2, 0, 0, 1, 0, 0, 3, 0, 1, 0, 2, 0, 0, 3, 0, 1, 3, 0, 0, 0, 0, 1, 3, 0, 0, 1, 0, 2, 0, 0, 0, 0, 1, 1, 0, 1, 0, 1, 1, 0, 2, 0, 2, 0, 0, 0, 0, 0, 2, 0, 0, 1, 0, 0, 1, 0, 0, 3, 0, 0, 1, 0, 0, 0, 0, 0, 0, 3, 1, 0, 0, 1, 3, 1, 2, 0, 0, 0, 0],888.9211680355863,50240.15296041069,104430.93770880686,false
36,G2_TEC,G2_TEC,[31, 22, 82, 15, 26, 9, 95, 42, 77, 68, 47, 5, 93, 78, 86, 54, 85, 63, 18, 44, 20, 49, 36, 14, 74, 50, 53, 17, 21, 28, 11, 64, 3, 23, 30, 83, 24, 41, 40, 52, 65, 27, 90, 70, 39, 87, 48, 69, 99, 4, 75, 1, 13, 58, 97, 59, 45, 8, 73, 37, 35, 79, 71, 66, 76, 32, 60, 80, 56, 6, 67, 61, 33, 7, 57, 34, 12, 16, 10, 98, 96, 88, 43, 46, 91, 38, 84, 92, 29, 19, 51, 55, 81, 89, 25, 72, 94, 2, 0, 62]|[2, 1, 2, 1, 1, 2, 1, 1, 1, 1, 1, 0, 2, 2, 1, 2, 0, 0, 0, 2, 2, 1, 0, 2, 0, 2, 2, 1, 0, 1, 1, 1, 0, 0, 1, 0, 2, 1, 2, 2, 0, 0, 1, 1, 0, 2, 0, 2, 1, 0, 0, 2, 0, 0, 2, 0, 1, 1, 0, 0, 2, 1, 1, 2, 2, 0, 2, 2, 2, 1, 2, 1, 1, 2, 0, 1, 1, 2, 1, 2, 0, 1, 1, 0, 1, 0, 0, 0, 1, 1, 1, 0, 1, 1, 1, 1, 2, 2, 0, 1]|[0, 3, 0, 3, 4, 1, 4, 4, 2, 4, 3, 2, 1, 0, 2, 1, 1, 1, 2, 1, 1, 3, 0, 1, 0, 1, 1, 4, 1, 4, 3, 2, 2, 0, 4, 1, 1, 4, 1, 1, 2, 1, 4, 4, 1, 1, 0, 2, 3, 2, 2, 1, 2, 1, 1, 2, 4, 3, 0, 2, 2, 3, 3, 1, 1, 2, 1, 1, 1, 4, 1, 3, 4, 1, 2, 4, 3, 1, 3, 1, 2, 4, 4, 2, 3, 2, 2, 2, 3, 4, 3, 2, 4, 4, 4, 4, 1, 1, 2, 3]|[0, 2, 0, 0, 3, 0, 1, 3, 0, 0, 2, 0, 1, 0, 1, 0, 0, 0, 1, 0, 0, 2, 0, 0, 1, 0, 0, 3, 0, 1, 0, 2, 0, 0, 3, 0, 1, 1, 0, 0, 0, 0, 1, 3, 0, 0, 1, 0, 2, 0, 0, 0, 0, 0, 1, 0, 1, 0, 1, 1, 0, 2, 0, 0, 0, 0, 0, 0, 0, 2, 0, 0, 1, 0, 0, 1, 0, 0, 3, 0, 0, 1, 2, 0, 0, 0, 0, 0, 3, 1, 0, 0, 2, 1, 3, 1, 0, 0, 0, 0],908.8272556494078,49235.066718390466,107289.32240407266,false
36,G3_TWC,G3_TWC,[31, 22, 82, 15, 26, 58, 95, 42, 77, 12, 47, 5, 93, 78, 98, 54, 85, 63, 18, 44, 20, 35, 43, 97, 91, 76, 10, 30, 21, 45, 71, 64, 1, 23, 17, 83, 24, 14, 60, 36, 6, 57, 94, 88, 65, 56, 79, 40, 67, 68, 46, 75, 39, 9, 19, 32, 81, 96, 27, 62, 87, 90, 99, 59, 11, 16, 72, 73, 70, 38, 37, 84, 3, 92, 25, 55, 28, 29, 51, 7, 33, 61, 86, 48, 89, 50, 69, 41, 53, 80, 4, 8, 34, 49, 52, 0, 13, 2, 66, 74]|[1, 1, 0, 1, 1, 1, 2, 1, 2, 1, 2, 2, 2, 1, 1, 0, 0, 1, 0, 2, 2, 0, 1, 2, 0, 1, 2, 2, 0, 0, 1, 2, 1, 2, 1, 0, 2, 0, 1, 1, 0, 1, 1, 1, 0, 2, 1, 1, 0, 0, 0, 0, 1, 1, 2, 1, 2, 0, 0, 0, 2, 1, 0, 1, 2, 1, 2, 1, 1, 1, 1, 1, 2, 0, 1, 1, 0, 0, 0, 1, 2, 1, 0, 0, 1, 0, 1, 0, 0, 0, 0, 1, 2, 0, 1, 0, 0, 0, 2, 2]|[4, 3, 2, 2, 0, 0, 2, 2, 2, 4, 1, 1, 2, 4, 4, 1, 1, 4, 2, 1, 1, 1, 1, 2, 1, 2, 1, 1, 1, 1, 3, 2, 3, 0, 4, 0, 1, 1, 0, 3, 2, 2, 4, 0, 1, 1, 0, 2, 0, 1, 2, 2, 1, 4, 0, 3, 2, 1, 1, 2, 1, 3, 1, 1, 1, 3, 0, 4, 3, 1, 4, 1, 1, 2, 4, 4, 2, 1, 1, 3, 1, 3, 1, 1, 1, 1, 3, 1, 2, 1, 2, 3, 1, 1, 1, 2, 2, 2, 1, 1]|[0, 2, 1, 1, 3, 3, 0, 1, 0, 0, 0, 0, 1, 0, 1, 0, 0, 3, 1, 0, 0, 0, 3, 1, 0, 2, 0, 0, 0, 1, 0, 0, 0, 0, 3, 0, 1, 0, 0, 2, 1, 1, 2, 0, 0, 0, 0, 1, 1, 0, 0, 0, 1, 3, 0, 0, 1, 0, 0, 1, 0, 2, 0, 1, 0, 2, 1, 0, 0, 1, 1, 3, 0, 1, 3, 3, 1, 0, 0, 2, 0, 0, 0, 0, 1, 0, 0, 0, 1, 0, 1, 2, 0, 1, 1, 0, 0, 0, 0, 0],790.0799945868791,57951.42221290124,88960.86369927591,false
36,G1_CMAX,G4_BALANCED,[31, 22, 82, 15, 26, 99, 95, 42, 77, 12, 47, 5, 93, 78, 86, 54, 21, 63, 18, 44, 20, 23, 43, 97, 91, 76, 10, 30, 85, 45, 71, 64, 1, 35, 17, 83, 24, 14, 60, 36, 6, 57, 40, 88, 65, 56, 79, 94, 67, 68, 46, 75, 38, 9, 19, 32, 41, 81, 27, 87, 90, 58, 59, 11, 16, 72, 62, 73, 70, 39, 37, 3, 92, 25, 55, 48, 84, 29, 51, 96, 33, 61, 98, 28, 89, 50, 4, 7, 53, 80, 52, 34, 66, 8, 13, 0, 74, 69, 2, 49]|[2, 1, 0, 1, 1, 0, 1, 1, 2, 1, 2, 2, 2, 1, 1, 0, 0, 1, 0, 2, 2, 2, 1, 2, 0, 1, 2, 2, 0, 0, 1, 2, 1, 2, 1, 0, 2, 0, 1, 1, 0, 1, 1, 1, 0, 2, 1, 1, 0, 0, 0, 0, 1, 1, 2, 1, 0, 2, 0, 2, 1, 0, 1, 2, 1, 2, 0, 1, 1, 1, 1, 1, 0, 1, 2, 0, 1, 0, 0, 2, 2, 1, 2, 0, 1, 0, 1, 2, 0, 0, 1, 2, 2, 1, 0, 0, 2, 1, 0, 0]|[1, 3, 2, 2, 4, 1, 2, 3, 2, 4, 1, 1, 2, 4, 4, 1, 1, 4, 2, 1, 1, 1, 1, 2, 1, 2, 1, 1, 2, 1, 3, 2, 3, 1, 4, 0, 1, 1, 0, 3, 2, 2, 2, 0, 1, 1, 0, 4, 0, 1, 2, 2, 1, 4, 0, 3, 1, 1, 1, 1, 3, 1, 1, 1, 3, 0, 2, 4, 3, 1, 4, 1, 0, 4, 1, 1, 1, 1, 1, 1, 1, 3, 1, 2, 1, 1, 4, 1, 2, 1, 1, 1, 1, 3, 2, 2, 1, 4, 2, 2]|[0, 2, 1, 1, 3, 0, 1, 3, 0, 0, 0, 0, 1, 0, 1, 0, 0, 3, 1, 0, 0, 0, 3, 1, 0, 2, 0, 0, 0, 1, 0, 0, 0, 0, 3, 0, 1, 0, 0, 2, 1, 1, 1, 0, 0, 0, 0, 2, 1, 0, 0, 0, 1, 3, 0, 0, 0, 0, 0, 0, 2, 0, 1, 0, 2, 1, 1, 0, 0, 1, 1, 1, 1, 3, 0, 0, 3, 0, 0, 0, 0, 0, 0, 1, 1, 0, 0, 0, 1, 0, 1, 0, 0, 2, 0, 0, 0, 2, 0, 0],768.4425996665918,55544.97691543313,95885.95702711058,true
36,G4_BALANCED,G4_BALANCED,[31, 22, 82, 15, 26, 9, 95, 42, 77, 68, 47, 5, 93, 78, 86, 54, 85, 63, 18, 44, 20, 49, 36, 14, 74, 50, 53, 17, 21, 28, 11, 64, 3, 23, 30, 83, 24, 41, 40, 52, 65, 27, 90, 70, 39, 87, 48, 69, 99, 4, 46, 1, 13, 58, 19, 59, 45, 8, 73, 37, 35, 79, 71, 66, 76, 32, 60, 80, 96, 6, 67, 61, 33, 7, 57, 34, 12, 16, 10, 98, 56, 88, 43, 75, 91, 38, 84, 92, 29, 97, 51, 55, 72, 25, 89, 81, 94, 2, 0, 62]|[2, 1, 2, 1, 1, 0, 1, 1, 1, 1, 1, 0, 2, 2, 1, 2, 0, 0, 0, 2, 2, 1, 0, 2, 0, 2, 2, 1, 0, 1, 1, 1, 0, 0, 1, 0, 2, 1, 2, 2, 0, 0, 1, 1, 0, 2, 0, 2, 1, 0, 0, 2, 0, 0, 2, 0, 1, 1, 0, 0, 2, 1, 1, 1, 2, 0, 2, 2, 0, 1, 2, 1, 1, 2, 0, 1, 1, 2, 1, 2, 2, 1, 1, 0, 1, 0, 0, 0, 1, 1, 1, 0, 1, 1, 1, 1, 2, 2, 0, 1]|[0, 3, 0, 3, 4, 1, 4, 4, 2, 4, 3, 2, 1, 0, 2, 1, 1, 1, 2, 1, 1, 3, 0, 1, 0, 1, 1, 4, 1, 4, 3, 2, 2, 0, 4, 1, 1, 4, 1, 1, 2, 1, 4, 4, 1, 1, 0, 2, 3, 2, 2, 1, 2, 1, 1, 2, 4, 3, 0, 2, 2, 3, 3, 1, 1, 2, 1, 1, 2, 4, 1, 3, 4, 1, 2, 4, 3, 1, 3, 1, 1, 4, 4, 2, 3, 2, 2, 2, 3, 4, 3, 2, 4, 4, 4, 4, 1, 1, 2, 3]|[0, 2, 0, 0, 3, 0, 1, 3, 0, 0, 2, 0, 1, 0, 1, 0, 0, 0, 1, 0, 0, 2, 0, 0, 1, 0, 0, 3, 0, 1, 0, 2, 0, 0, 3, 0, 1, 1, 0, 0, 0, 0, 1, 3, 0, 0, 1, 0, 2, 0, 0, 0, 0, 1, 1, 0, 1, 0, 1, 1, 0, 2, 0, 2, 0, 0, 0, 0, 0, 2, 0, 0, 1, 0, 0, 1, 0, 0, 3, 0, 0, 1, 2, 0, 0, 0, 0, 0, 3, 1, 0, 0, 1, 3, 1, 2, 0, 0, 0, 0],898.2543121797436,50147.294144607724,103177.42002641749,false
36,G2_TEC,G2_TEC,[31, 22, 82, 15, 26, 9, 95, 42, 77, 68, 47, 5, 93, 78, 86, 54, 85, 63, 18, 44, 20, 49, 36, 14, 74, 50, 53, 17, 21, 28, 11, 64, 3, 23, 30, 83, 24, 41, 40, 52, 65, 27, 90, 70, 39, 87, 48, 69, 99, 4, 75, 1, 13, 58, 97, 59, 45, 8, 73, 37, 35, 79, 71, 66, 76, 32, 60, 80, 56, 6, 67, 61, 33, 7, 57, 34, 12, 16, 10, 98, 96, 88, 43, 46, 91, 38, 84, 92, 29, 19, 51, 55, 81, 89, 25, 72, 94, 2, 0, 62]|[2, 1, 2, 1, 1, 2, 1, 1, 1, 1, 1, 0, 2, 2, 1, 2, 0, 0, 0, 2, 2, 1, 0, 2, 0, 2, 2, 1, 0, 1, 1, 1, 0, 0, 1, 0, 2, 1, 2, 2, 0, 0, 1, 1, 0, 2, 0, 2, 1, 0, 0, 2, 0, 0, 2, 0, 1, 1, 0, 0, 2, 1, 1, 2, 2, 0, 2, 2, 2, 1, 2, 1, 1, 2, 0, 1, 1, 2, 1, 2, 0, 1, 1, 0, 1, 0, 0, 0, 1, 1, 1, 0, 1, 1, 1, 1, 2, 2, 0, 1]|[0, 3, 0, 3, 4, 1, 4, 4, 2, 4, 3, 2, 1, 0, 2, 1, 1, 1, 2, 1, 1, 3, 0, 1, 0, 1, 1, 4, 1, 4, 3, 2, 2, 0, 4, 1, 1, 4, 1, 1, 2, 1, 4, 4, 1, 1, 0, 2, 3, 2, 2, 1, 2, 1, 1, 2, 4, 3, 0, 2, 2, 3, 3, 1, 1, 2, 1, 1, 1, 4, 1, 3, 4, 1, 2, 4, 3, 1, 3, 1, 2, 4, 4, 2, 3, 2, 2, 2, 3, 4, 3, 2, 4, 4, 4, 4, 1, 1, 2, 3]|[0, 2, 0, 0, 3, 0, 1, 3, 0, 0, 2, 0, 1, 0, 1, 0, 0, 0, 1, 0, 0, 2, 0, 0, 1, 0, 0, 3, 0, 1, 0, 2, 0, 0, 3, 0, 1, 1, 0, 0, 0, 0, 1, 3, 0, 0, 1, 0, 2, 0, 0, 0, 0, 0, 1, 0, 1, 0, 1, 1, 0, 2, 0, 0, 0, 0, 0, 0, 0, 2, 0, 0, 1, 0, 0, 1, 0, 0, 3, 0, 0, 1, 2, 0, 0, 0, 0, 0, 3, 1, 0, 0, 2, 1, 3, 1, 0, 0, 0, 0],908.8272556494078,49235.066718390466,107289.32240407266,false
36,G3_TWC,G3_TWC,[31, 22, 82, 15, 26, 58, 95, 42, 77, 12, 47, 5, 93, 78, 98, 54, 85, 63, 18, 44, 20, 35, 43, 97, 91, 76, 10, 30, 21, 45, 71, 64, 1, 23, 17, 83, 24, 14, 60, 36, 6, 57, 94, 88, 65, 56, 79, 40, 67, 68, 46, 75, 39, 9, 19, 32, 81, 96, 27, 62, 87, 90, 99, 59, 11, 16, 72, 73, 70, 38, 37, 84, 3, 92, 25, 55, 28, 29, 51, 7, 33, 61, 86, 48, 89, 50, 69, 41, 53, 80, 4, 8, 34, 49, 52, 0, 13, 2, 66, 74]|[1, 1, 0, 1, 1, 1, 2, 1, 2, 1, 2, 2, 2, 1, 1, 0, 0, 1, 0, 2, 2, 0, 1, 2, 0, 1, 2, 2, 0, 0, 1, 2, 1, 2, 1, 0, 2, 0, 1, 1, 0, 1, 1, 1, 0, 2, 1, 1, 0, 0, 0, 0, 1, 1, 2, 1, 2, 0, 0, 0, 2, 1, 0, 1, 2, 1, 2, 1, 1, 1, 1, 1, 2, 0, 1, 1, 0, 0, 0, 1, 2, 1, 0, 0, 1, 0, 1, 0, 0, 0, 0, 1, 2, 0, 1, 0, 0, 0, 2, 2]|[4, 3, 2, 2, 0, 0, 2, 2, 2, 4, 1, 1, 2, 4, 4, 1, 1, 4, 2, 1, 1, 1, 1, 2, 1, 2, 1, 1, 1, 1, 3, 2, 3, 0, 4, 0, 1, 1, 0, 3, 2, 2, 4, 0, 1, 1, 0, 2, 0, 1, 2, 2, 1, 4, 0, 3, 2, 1, 1, 2, 1, 3, 1, 1, 1, 3, 0, 4, 3, 1, 4, 1, 1, 2, 4, 4, 2, 1, 1, 3, 1, 3, 1, 1, 1, 1, 3, 1, 2, 1, 2, 3, 1, 1, 1, 2, 2, 2, 1, 1]|[0, 2, 1, 1, 3, 3, 0, 1, 0, 0, 0, 0, 1, 0, 1, 0, 0, 3, 1, 0, 0, 0, 3, 1, 0, 2, 0, 0, 0, 1, 0, 0, 0, 0, 3, 0, 1, 0, 0, 2, 1, 1, 2, 0, 0, 0, 0, 1, 1, 0, 0, 0, 1, 3, 0, 0, 1, 0, 0, 1, 0, 2, 0, 1, 0, 2, 1, 0, 0, 1, 1, 3, 0, 1, 3, 3, 1, 0, 0, 2, 0, 0, 0, 0, 1, 0, 0, 0, 1, 0, 1, 2, 0, 1, 1, 0, 0, 0, 0, 0],790.0799945868791,57951.42221290124,88960.86369927591,false
36,G1_CMAX,G4_BALANCED,[31, 22, 82, 15, 26, 99, 95, 42, 77, 12, 47, 5, 93, 78, 86, 54, 21, 63, 18, 44, 20, 23, 43, 97, 91, 76, 10, 30, 85, 45, 71, 64, 1, 35, 17, 83, 24, 14, 60, 36, 6, 57, 40, 88, 65, 56, 79, 94, 67, 68, 46, 75, 38, 9, 19, 32, 41, 81, 27, 87, 90, 58, 59, 11, 16, 72, 62, 73, 70, 39, 37, 3, 92, 25, 55, 48, 84, 29, 51, 96, 33, 61, 98, 28, 89, 50, 4, 7, 53, 80, 52, 34, 66, 8, 13, 0, 74, 69, 2, 49]|[2, 1, 0, 1, 1, 0, 1, 1, 2, 1, 2, 2, 2, 1, 1, 0, 0, 1, 0, 2, 2, 2, 1, 2, 0, 1, 2, 2, 0, 0, 1, 2, 1, 2, 1, 0, 2, 0, 1, 1, 0, 1, 1, 1, 0, 2, 1, 1, 0, 0, 0, 0, 1, 1, 2, 1, 0, 2, 0, 2, 1, 0, 1, 2, 1, 2, 0, 1, 1, 1, 1, 1, 0, 1, 2, 0, 1, 0, 0, 2, 2, 1, 2, 0, 1, 0, 1, 2, 0, 0, 1, 2, 2, 1, 0, 0, 2, 1, 0, 0]|[1, 3, 2, 2, 4, 1, 2, 3, 2, 4, 1, 1, 2, 4, 4, 1, 1, 4, 2, 1, 1, 1, 1, 2, 1, 2, 1, 1, 2, 1, 3, 2, 3, 1, 4, 0, 1, 1, 0, 3, 2, 2, 2, 0, 1, 1, 0, 4, 0, 1, 2, 2, 1, 4, 0, 3, 1, 1, 1, 1, 3, 1, 1, 1, 3, 0, 2, 4, 3, 1, 4, 1, 0, 4, 1, 1, 1, 1, 1, 1, 1, 3, 1, 2, 1, 1, 4, 1, 2, 1, 1, 1, 1, 3, 2, 2, 1, 4, 2, 2]|[0, 2, 1, 1, 3, 0, 1, 3, 0, 0, 0, 0, 1, 0, 1, 0, 0, 3, 1, 0, 0, 0, 3, 1, 0, 2, 0, 0, 0, 1, 0, 0, 0, 0, 3, 0, 1, 0, 0, 2, 1, 1, 1, 0, 0, 0, 0, 2, 1, 0, 0, 0, 1, 3, 0, 0, 0, 0, 0, 0, 2, 0, 1, 0, 2, 1, 1, 0, 0, 1, 1, 1, 1, 3, 0, 0, 3, 0, 0, 0, 0, 0, 0, 1, 1, 0, 0, 0, 1, 0, 1, 0, 0, 2, 0, 0, 0, 2, 0, 0],768.4425996665918,55544.97691543313,95885.95702711058,true
36,G4_BALANCED,G3_TWC,[31, 22, 82, 15, 26, 58, 95, 42, 77, 12, 47, 5, 93, 78, 98, 54, 85, 63, 18, 44, 20, 35, 43, 97, 91, 76, 10, 30, 21, 45, 71, 64, 1, 23, 17, 83, 24, 14, 60, 0, 6, 57, 94, 88, 65, 56, 79, 40, 67, 68, 46, 75, 38, 9, 19, 32, 27, 41, 81, 62, 87, 90, 99, 59, 11, 16, 72, 73, 70, 39, 37, 84, 3, 92, 25, 55, 28, 29, 51, 7, 33, 61, 86, 66, 69, 50, 48, 96, 53, 8, 4, 80, 34, 49, 52, 2, 13, 36, 89, 74]|[1, 1, 0, 1, 1, 1, 2, 1, 2, 1, 2, 2, 2, 1, 1, 0, 0, 1, 0, 2, 2, 0, 1, 2, 0, 1, 2, 2, 0, 0, 1, 2, 1, 2, 1, 0, 2, 0, 1, 1, 0, 1, 1, 1, 0, 2, 1, 1, 0, 0, 0, 0, 1, 1, 2, 1, 0, 0, 2, 0, 2, 1, 0, 1, 2, 1, 2, 1, 1, 1, 1, 1, 2, 0, 1, 1, 0, 0, 0, 1, 2, 1, 0, 2, 1, 0, 0, 0, 0, 1, 0, 0, 2, 0, 1, 0, 0, 0, 1, 2]|[4, 3, 2, 2, 0, 0, 2, 2, 2, 4, 1, 1, 2, 4, 4, 1, 1, 4, 2, 1, 1, 1, 1, 2, 1, 2, 1, 1, 1, 1, 3, 2, 3, 0, 4, 0, 1, 1, 0, 3, 2, 2, 4, 0, 1, 1, 0, 2, 0, 1, 2, 2, 1, 4, 0, 3, 1, 1, 2, 2, 1, 3, 1, 1, 1, 3, 0, 4, 3, 1, 4, 1, 1, 2, 4, 4, 2, 1, 1, 3, 1, 3, 1, 1, 3, 1, 1, 1, 2, 3, 2, 1, 1, 1, 1, 2, 2, 2, 1, 1]|[0, 2, 1, 1, 3, 3, 0, 1, 0, 0, 0, 0, 1, 0, 1, 0, 0, 3, 1, 0, 0, 0, 3, 1, 0, 2, 0, 0, 0, 1, 0, 0, 0, 0, 3, 0, 1, 0, 0, 2, 1, 1, 2, 0, 0, 0, 0, 1, 1, 0, 0, 0, 1, 3, 0, 0, 0, 0, 1, 1, 0, 2, 0, 1, 0, 2, 1, 0, 0, 1, 1, 3, 0, 1, 3, 3, 1, 0, 0, 2, 0, 0, 0, 0, 0, 0, 0, 0, 1, 2, 1, 0, 0, 1, 1, 0, 0, 0, 1, 0],794.9504268325494,57749.374592850836,89546.73771391547,true
36,G2_TEC,G2_TEC,[31, 22, 82, 15, 26, 9, 95, 42, 77, 68, 47, 5, 93, 78, 86, 54, 85, 63, 18, 44, 20, 49, 36, 14, 74, 50, 53, 17, 21, 28, 11, 64, 3, 23, 30, 83, 24, 41, 40, 52, 65, 27, 90, 70, 39, 87, 48, 69, 99, 4, 75, 1, 13, 58, 97, 59, 45, 8, 73, 37, 35, 79, 71, 66, 76, 32, 60, 80, 56, 6, 67, 61, 33, 7, 57, 34, 12, 16, 10, 98, 96, 88, 43, 46, 91, 38, 84, 92, 29, 19, 51, 55, 81, 89, 25, 72, 94, 2, 0, 62]|[2, 1, 2, 1, 1, 2, 1, 1, 1, 1, 1, 0, 2, 2, 1, 2, 0, 0, 0, 2, 2, 1, 0, 2, 0, 2, 2, 1, 0, 1, 1, 1, 0, 0, 1, 0, 2, 1, 2, 2, 0, 0, 1, 1, 0, 2, 0, 2, 1, 0, 0, 2, 0, 0, 2, 0, 1, 1, 0, 0, 2, 1, 1, 2, 2, 0, 2, 2, 2, 1, 2, 1, 1, 2, 0, 1, 1, 2, 1, 2, 0, 1, 1, 0, 1, 0, 0, 0, 1, 1, 1, 0, 1, 1, 1, 1, 2, 2, 0, 1]|[0, 3, 0, 3, 4, 1, 4, 4, 2, 4, 3, 2, 1, 0, 2, 1, 1, 1, 2, 1, 1, 3, 0, 1, 0, 1, 1, 4, 1, 4, 3, 2, 2, 0, 4, 1, 1, 4, 1, 1, 2, 1, 4, 4, 1, 1, 0, 2, 3, 2, 2, 1, 2, 1, 1, 2, 4, 3, 0, 2, 2, 3, 3, 1, 1, 2, 1, 1, 1, 4, 1, 3, 4, 1, 2, 4, 3, 1, 3, 1, 2, 4, 4, 2, 3, 2, 2, 2, 3, 4, 3, 2, 4, 4, 4, 4, 1, 1, 2, 3]|[0, 2, 0, 0, 3, 0, 1, 3, 0, 0, 2, 0, 1, 0, 1, 0, 0, 0, 1, 0, 0, 2, 0, 0, 1, 0, 0, 3, 0, 1, 0, 2, 0, 0, 3, 0, 1, 1, 0, 0, 0, 0, 1, 3, 0, 0, 1, 0, 2, 0, 0, 0, 0, 0, 1, 0, 1, 0, 1, 1, 0, 2, 0, 0, 0, 0, 0, 0, 0, 2, 0, 0, 1, 0, 0, 1, 0, 0, 3, 0, 0, 1, 2, 0, 0, 0, 0, 0, 3, 1, 0, 0, 2, 1, 3, 1, 0, 0, 0, 0],908.8272556494078,49235.066718390466,107289.32240407266,false
36,G3_TWC,G3_TWC,[31, 22, 82, 15, 26, 58, 95, 42, 77, 12, 47, 5, 93, 78, 98, 54, 85, 63, 18, 44, 20, 35, 43, 97, 91, 76, 10, 30, 21, 45, 71, 64, 1, 23, 17, 83, 24, 14, 60, 36, 6, 57, 94, 88, 65, 56, 79, 40, 67, 68, 46, 75, 39, 9, 19, 32, 81, 96, 27, 62, 87, 90, 99, 59, 11, 16, 72, 73, 70, 38, 37, 84, 3, 92, 25, 55, 28, 29, 51, 7, 33, 61, 86, 48, 89, 50, 69, 41, 53, 80, 4, 8, 34, 49, 52, 0, 13, 2, 66, 74]|[1, 1, 0, 1, 1, 1, 2, 1, 2, 1, 2, 2, 2, 1, 1, 0, 0, 1, 0, 2, 2, 0, 1, 2, 0, 1, 2, 2, 0, 0, 1, 2, 1, 2, 1, 0, 2, 0, 1, 1, 0, 1, 1, 1, 0, 2, 1, 1, 0, 0, 0, 0, 1, 1, 2, 1, 2, 0, 0, 0, 2, 1, 0, 1, 2, 1, 2, 1, 1, 1, 1, 1, 2, 0, 1, 1, 0, 0, 0, 1, 2, 1, 0, 0, 1, 0, 1, 0, 0, 0, 0, 1, 2, 0, 1, 0, 0, 0, 2, 2]|[4, 3, 2, 2, 0, 0, 2, 2, 2, 4, 1, 1, 2, 4, 4, 1, 1, 4, 2, 1, 1, 1, 1, 2, 1, 2, 1, 1, 1, 1, 3, 2, 3, 0, 4, 0, 1, 1, 0, 3, 2, 2, 4, 0, 1, 1, 0, 2, 0, 1, 2, 2, 1, 4, 0, 3, 2, 1, 1, 2, 1, 3, 1, 1, 1, 3, 0, 4, 3, 1, 4, 1, 1, 2, 4, 4, 2, 1, 1, 3, 1, 3, 1, 1, 1, 1, 3, 1, 2, 1, 2, 3, 1, 1, 1, 2, 2, 2, 1, 1]|[0, 2, 1, 1, 3, 3, 0, 1, 0, 0, 0, 0, 1, 0, 1, 0, 0, 3, 1, 0, 0, 0, 3, 1, 0, 2, 0, 0, 0, 1, 0, 0, 0, 0, 3, 0, 1, 0, 0, 2, 1, 1, 2, 0, 0, 0, 0, 1, 1, 0, 0, 0, 1, 3, 0, 0, 1, 0, 0, 1, 0, 2, 0, 1, 0, 2, 1, 0, 0, 1, 1, 3, 0, 1, 3, 3, 1, 0, 0, 2, 0, 0, 0, 0, 1, 0, 0, 0, 1, 0, 1, 2, 0, 1, 1, 0, 0, 0, 0, 0],790.0799945868791,57951.42221290124,88960.86369927591,false
36,G1_CMAX,G4_BALANCED,[31, 22, 82, 15, 26, 99, 95, 42, 77, 12, 47, 5, 93, 78, 86, 54, 21, 63, 18, 44, 20, 23, 43, 97, 91, 76, 10, 30, 85, 45, 71, 64, 1, 35, 17, 83, 24, 14, 60, 36, 6, 57, 40, 88, 65, 56, 79, 94, 67, 68, 46, 75, 38, 9, 19, 32, 41, 81, 27, 87, 90, 58, 59, 11, 16, 72, 62, 73, 70, 39, 37, 3, 92, 25, 55, 48, 84, 29, 51, 96, 33, 61, 98, 28, 89, 50, 4, 7, 53, 80, 52, 34, 66, 8, 13, 0, 74, 69, 2, 49]|[2, 1, 0, 1, 1, 0, 1, 1, 2, 1, 2, 2, 2, 1, 1, 0, 0, 1, 0, 2, 2, 2, 1, 2, 0, 1, 2, 2, 0, 0, 1, 2, 1, 2, 1, 0, 2, 0, 1, 1, 0, 1, 1, 1, 0, 2, 1, 1, 0, 0, 0, 0, 1, 1, 2, 1, 0, 2, 0, 2, 1, 0, 1, 2, 1, 2, 0, 1, 1, 1, 1, 1, 0, 1, 2, 0, 1, 0, 0, 2, 2, 1, 2, 0, 1, 0, 1, 2, 0, 0, 1, 2, 2, 1, 0, 0, 2, 1, 0, 0]|[1, 3, 2, 2, 4, 1, 2, 3, 2, 4, 1, 1, 2, 4, 4, 1, 1, 4, 2, 1, 1, 1, 1, 2, 1, 2, 1, 1, 2, 1, 3, 2, 3, 1, 4, 0, 1, 1, 0, 3, 2, 2, 2, 0, 1, 1, 0, 4, 0, 1, 2, 2, 1, 4, 0, 3, 1, 1, 1, 1, 3, 1, 1, 1, 3, 0, 2, 4, 3, 1, 4, 1, 0, 4, 1, 1, 1, 1, 1, 1, 1, 3, 1, 2, 1, 1, 4, 1, 2, 1, 1, 1, 1, 3, 2, 2, 1, 4, 2, 2]|[0, 2, 1, 1, 3, 0, 1, 3, 0, 0, 0, 0, 1, 0, 1, 0, 0, 3, 1, 0, 0, 0, 3, 1, 0, 2, 0, 0, 0, 1, 0, 0, 0, 0, 3, 0, 1, 0, 0, 2, 1, 1, 1, 0, 0, 0, 0, 2, 1, 0, 0, 0, 1, 3, 0, 0, 0, 0, 0, 0, 2, 0, 1, 0, 2, 1, 1, 0, 0, 1, 1, 1, 1, 3, 0, 0, 3, 0, 0, 0, 0, 0, 0, 1, 1, 0, 0, 0, 1, 0, 1, 0, 0, 2, 0, 0, 0, 2, 0, 0],768.4425996665918,55544.97691543313,95885.95702711058,true
36,G4_BALANCED,G1_CMAX,[31, 22, 82, 15, 26, 58, 95, 42, 77, 12, 47, 5, 93, 78, 98, 54, 85, 63, 18, 44, 20, 35, 43, 97, 91, 76, 10, 30, 21, 45, 71, 64, 1, 23, 17, 83, 24, 14, 60, 36, 6, 57, 94, 88, 65, 56, 79, 40, 67, 68, 46, 75, 38, 9, 19, 32, 81, 41, 27, 62, 87, 90, 99, 59, 11, 16, 72, 73, 70, 39, 37, 84, 3, 92, 25, 55, 28, 29, 51, 7, 33, 61, 86, 48, 89, 50, 4, 96, 53, 80, 66, 8, 34, 49, 52, 0, 13, 2, 69, 74]|[1, 1, 0, 1, 1, 1, 2, 1, 2, 1, 2, 2, 2, 1, 1, 0, 0, 1, 0, 2, 2, 0, 1, 2, 0, 1, 2, 2, 0, 0, 1, 2, 1, 2, 1, 0, 2, 0, 1, 1, 0, 1, 1, 1, 0, 2, 1, 1, 0, 0, 0, 0, 1, 1, 2, 1, 2, 0, 0, 0, 2, 1, 1, 2, 2, 1, 2, 1, 1, 1, 1, 1, 2, 0, 1, 1, 0, 0, 0, 1, 2, 1, 0, 0, 1, 0, 0, 0, 0, 0, 2, 1, 2, 0, 1, 0, 0, 0, 1, 2]|[4, 3, 2, 2, 0, 0, 2, 2, 2, 4, 1, 1, 2, 4, 4, 1, 1, 4, 2, 1, 1, 1, 1, 2, 1, 2, 1, 1, 1, 1, 3, 2, 3, 0, 4, 0, 1, 1, 0, 3, 2, 2, 4, 0, 1, 1, 0, 2, 0, 1, 2, 2, 1, 4, 0, 3, 2, 1, 1, 2, 1, 3, 1, 1, 1, 3, 0, 4, 3, 1, 4, 1, 1, 2, 4, 4, 2, 1, 1, 3, 1, 3, 1, 1, 1, 1, 2, 1, 2, 1, 1, 3, 1, 1, 1, 2, 2, 2, 3, 1]|[0, 2, 1, 1, 3, 3, 0, 1, 0, 0, 0, 0, 1, 0, 1, 0, 0, 3, 1, 0, 0, 0, 3, 1, 0, 2, 0, 0, 0, 1, 0, 0, 0, 0, 3, 0, 1, 0, 0, 2, 1, 1, 2, 0, 0, 0, 0, 1, 1, 0, 0, 0, 1, 3, 0, 0, 1, 0, 0, 1, 0, 2, 1, 0, 0, 2, 1, 0, 0, 1, 1, 3, 0, 1, 3, 3, 1, 0, 0, 2, 0, 0, 0, 0, 1, 0, 1, 0, 1, 0, 0, 2, 0, 1, 1, 0, 0, 0, 0, 0],774.1253265754351,57643.335867129426,89577.92143309758,true
36,G2_TEC,G2_TEC,[31, 22, 82, 15, 26, 9, 95, 42, 77, 68, 47, 5, 93, 78, 86, 54, 85, 63, 18, 44, 20, 49, 36, 14, 74, 50, 53, 17, 21, 28, 11, 64, 3, 23, 30, 83, 24, 41, 40, 52, 65, 27, 90, 70, 39, 87, 48, 69, 99, 4, 75, 1, 13, 58, 97, 59, 45, 8, 73, 37, 35, 79, 71, 66, 76, 32, 60, 80, 56, 6, 67, 61, 33, 7, 57, 34, 12, 16, 10, 98, 96, 88, 43, 46, 91, 38, 84, 92, 29, 19, 51, 55, 81, 89, 25, 72, 94, 2, 0, 62]|[2, 1, 2, 1, 1, 2, 1, 1, 1, 1, 1, 0, 2, 2, 1, 2, 0, 0, 0, 2, 2, 1, 0, 2, 0, 2, 2, 1, 0, 1, 1, 1, 0, 0, 1, 0, 2, 1, 2, 2, 0, 0, 1, 1, 0, 2, 0, 2, 1, 0, 0, 2, 0, 0, 2, 0, 1, 1, 0, 0, 2, 1, 1, 2, 2, 0, 2, 2, 2, 1, 2, 1, 1, 2, 0, 1, 1, 2, 1, 2, 0, 1, 1, 0, 1, 0, 0, 0, 1, 1, 1, 0, 1, 1, 1, 1, 2, 2, 0, 1]|[0, 3, 0, 3, 4, 1, 4, 4, 2, 4, 3, 2, 1, 0, 2, 1, 1, 1, 2, 1, 1, 3, 0, 1, 0, 1, 1, 4, 1, 4, 3, 2, 2, 0, 4, 1, 1, 4, 1, 1, 2, 1, 4, 4, 1, 1, 0, 2, 3, 2, 2, 1, 2, 1, 1, 2, 4, 3, 0, 2, 2, 3, 3, 1, 1, 2, 1, 1, 1, 4, 1, 3, 4, 1, 2, 4, 3, 1, 3, 1, 2, 4, 4, 2, 3, 2, 2, 2, 3, 4, 3, 2, 4, 4, 4, 4, 1, 1, 2, 3]|[0, 2, 0, 0, 3, 0, 1, 3, 0, 0, 2, 0, 1, 0, 1, 0, 0, 0, 1, 0, 0, 2, 0, 0, 1, 0, 0, 3, 0, 1, 0, 2, 0, 0, 3, 0, 1, 1, 0, 0, 0, 0, 1, 3, 0, 0, 1, 0, 2, 0, 0, 0, 0, 0, 1, 0, 1, 0, 1, 1, 0, 2, 0, 0, 0, 0, 0, 0, 0, 2, 0, 0, 1, 0, 0, 1, 0, 0, 3, 0, 0, 1, 2, 0, 0, 0, 0, 0, 3, 1, 0, 0, 2, 1, 3, 1, 0, 0, 0, 0],908.8272556494078,49235.066718390466,107289.32240407266,false
36,G3_TWC,G3_TWC,[31, 22, 82, 15, 26, 58, 95, 42, 77, 12, 47, 5, 93, 78, 98, 54, 85, 63, 18, 44, 20, 35, 43, 97, 91, 76, 10, 30, 21, 45, 71, 64, 1, 23, 17, 83, 24, 14, 60, 36, 6, 57, 94, 88, 65, 56, 79, 40, 67, 68, 46, 75, 39, 9, 19, 32, 81, 96, 27, 62, 87, 90, 99, 59, 11, 16, 72, 73, 70, 38, 37, 84, 3, 92, 25, 55, 28, 29, 51, 7, 33, 61, 86, 48, 89, 50, 69, 41, 53, 80, 4, 8, 34, 49, 52, 0, 13, 2, 66, 74]|[1, 1, 0, 1, 1, 1, 2, 1, 2, 1, 2, 2, 2, 1, 1, 0, 0, 1, 0, 2, 2, 0, 1, 2, 0, 1, 2, 2, 0, 0, 1, 2, 1, 2, 1, 0, 2, 0, 1, 1, 0, 1, 1, 1, 0, 2, 1, 1, 0, 0, 0, 0, 1, 1, 2, 1, 2, 0, 0, 0, 2, 1, 0, 1, 2, 1, 2, 1, 1, 1, 1, 1, 2, 0, 1, 1, 0, 0, 0, 1, 2, 1, 0, 0, 1, 0, 1, 0, 0, 0, 0, 1, 2, 0, 1, 0, 0, 0, 2, 2]|[4, 3, 2, 2, 0, 0, 2, 2, 2, 4, 1, 1, 2, 4, 4, 1, 1, 4, 2, 1, 1, 1, 1, 2, 1, 2, 1, 1, 1, 1, 3, 2, 3, 0, 4, 0, 1, 1, 0, 3, 2, 2, 4, 0, 1, 1, 0, 2, 0, 1, 2, 2, 1, 4, 0, 3, 2, 1, 1, 2, 1, 3, 1, 1, 1, 3, 0, 4, 3, 1, 4, 1, 1, 2, 4, 4, 2, 1, 1, 3, 1, 3, 1, 1, 1, 1, 3, 1, 2, 1, 2, 3, 1, 1, 1, 2, 2, 2, 1, 1]|[0, 2, 1, 1, 3, 3, 0, 1, 0, 0, 0, 0, 1, 0, 1, 0, 0, 3, 1, 0, 0, 0, 3, 1, 0, 2, 0, 0, 0, 1, 0, 0, 0, 0, 3, 0, 1, 0, 0, 2, 1, 1, 2, 0, 0, 0, 0, 1, 1, 0, 0, 0, 1, 3, 0, 0, 1, 0, 0, 1, 0, 2, 0, 1, 0, 2, 1, 0, 0, 1, 1, 3, 0, 1, 3, 3, 1, 0, 0, 2, 0, 0, 0, 0, 1, 0, 0, 0, 1, 0, 1, 2, 0, 1, 1, 0, 0, 0, 0, 0],790.0799945868791,57951.42221290124,88960.86369927591,false
36,G1_CMAX,G4_BALANCED,[31, 22, 82, 15, 26, 99, 95, 42, 77, 12, 47, 5, 93, 78, 86, 54, 21, 63, 18, 44, 20, 23, 43, 97, 91, 76, 10, 30, 85, 45, 71, 64, 1, 35, 17, 83, 24, 14, 60, 36, 6, 57, 40, 88, 65, 56, 79, 94, 67, 68, 46, 75, 38, 9, 19, 32, 41, 81, 27, 87, 90, 58, 59, 11, 16, 72, 62, 73, 70, 39, 37, 3, 92, 25, 55, 48, 84, 29, 51, 96, 33, 61, 98, 28, 89, 50, 4, 7, 53, 80, 52, 34, 66, 8, 13, 0, 74, 69, 2, 49]|[2, 1, 0, 1, 1, 0, 1, 1, 2, 1, 2, 2, 2, 1, 1, 0, 0, 1, 0, 2, 2, 2, 1, 2, 0, 1, 2, 2, 0, 0, 1, 2, 1, 2, 1, 0, 2, 0, 1, 1, 0, 1, 1, 1, 0, 2, 1, 1, 0, 0, 0, 0, 1, 1, 2, 1, 0, 2, 0, 2, 1, 0, 1, 2, 1, 2, 0, 1, 1, 1, 1, 1, 0, 1, 2, 0, 1, 0, 0, 2, 2, 1, 2, 0, 1, 0, 1, 2, 0, 0, 1, 2, 2, 1, 0, 0, 2, 1, 0, 0]|[1, 3, 2, 2, 4, 1, 2, 3, 2, 4, 1, 1, 2, 4, 4, 1, 1, 4, 2, 1, 1, 1, 1, 2, 1, 2, 1, 1, 2, 1, 3, 2, 3, 1, 4, 0, 1, 1, 0, 3, 2, 2, 2, 0, 1, 1, 0, 4, 0, 1, 2, 2, 1, 4, 0, 3, 1, 1, 1, 1, 3, 1, 1, 1, 3, 0, 2, 4, 3, 1, 4, 1, 0, 4, 1, 1, 1, 1, 1, 1, 1, 3, 1, 2, 1, 1, 4, 1, 2, 1, 1, 1, 1, 3, 2, 2, 1, 4, 2, 2]|[0, 2, 1, 1, 3, 0, 1, 3, 0, 0, 0, 0, 1, 0, 1, 0, 0, 3, 1, 0, 0, 0, 3, 1, 0, 2, 0, 0, 0, 1, 0, 0, 0, 0, 3, 0, 1, 0, 0, 2, 1, 1, 1, 0, 0, 0, 0, 2, 1, 0, 0, 0, 1, 3, 0, 0, 0, 0, 0, 0, 2, 0, 1, 0, 2, 1, 1, 0, 0, 1, 1, 1, 1, 3, 0, 0, 3, 0, 0, 0, 0, 0, 0, 1, 1, 0, 0, 0, 1, 0, 1, 0, 0, 2, 0, 0, 0, 2, 0, 0],768.4425996665918,55544.97691543313,95885.95702711058,true
36,G4_BALANCED,G3_TWC,[31, 22, 82, 15, 26, 58, 95, 42, 77, 12, 47, 5, 93, 78, 98, 54, 85, 63, 18, 44, 20, 35, 43, 97, 91, 76, 10, 30, 21, 45, 71, 64, 1, 23, 17, 83, 24, 14, 60, 36, 6, 57, 94, 88, 65, 56, 79, 40, 67, 68, 46, 75, 39, 9, 19, 32, 81, 96, 27, 62, 87, 90, 99, 59, 11, 16, 72, 73, 70, 38, 37, 84, 3, 92, 25, 55, 28, 29, 51, 7, 33, 61, 86, 48, 89, 50, 69, 41, 53, 80, 4, 8, 34, 49, 52, 0, 13, 2, 66, 74]|[1, 1, 0, 1, 1, 1, 2, 1, 2, 1, 2, 2, 2, 1, 1, 0, 0, 1, 0, 2, 2, 0, 1, 2, 0, 1, 2, 2, 0, 0, 1, 2, 1, 2, 1, 0, 2, 0, 1, 1, 0, 1, 1, 1, 0, 2, 1, 1, 0, 0, 0, 0, 1, 1, 2, 1, 2, 0, 0, 0, 2, 1, 0, 1, 2, 1, 2, 1, 1, 1, 1, 1, 2, 0, 1, 1, 0, 0, 0, 1, 2, 1, 0, 0, 1, 0, 1, 0, 0, 0, 0, 1, 2, 0, 1, 0, 0, 0, 2, 2]|[4, 3, 2, 2, 0, 0, 2, 2, 2, 4, 1, 1, 2, 4, 4, 1, 1, 4, 2, 1, 1, 1, 1, 2, 1, 2, 1, 1, 1, 1, 3, 2, 3, 0, 4, 0, 1, 1, 0, 3, 2, 2, 4, 0, 1, 1, 0, 2, 0, 1, 2, 2, 1, 4, 0, 3, 2, 1, 1, 2, 1, 3, 1, 1, 1, 3, 0, 4, 3, 1, 4, 1, 1, 2, 4, 4, 2, 1, 1, 3, 1, 3, 1, 1, 1, 1, 3, 1, 2, 1, 2, 3, 1, 1, 1, 2, 2, 2, 1, 1]|[0, 2, 1, 1, 3, 3, 0, 1, 0, 0, 0, 0, 1, 0, 1, 0, 0, 3, 1, 0, 0, 0, 3, 1, 0, 2, 0, 0, 0, 1, 0, 0, 0, 0, 3, 0, 1, 0, 0, 2, 1, 1, 2, 0, 0, 0, 0, 1, 1, 0, 0, 0, 1, 3, 0, 0, 1, 0, 0, 1, 0, 2, 0, 1, 0, 2, 1, 0, 0, 1, 1, 3, 0, 1, 3, 3, 1, 0, 0, 2, 0, 0, 0, 0, 1, 0, 0, 0, 1, 0, 1, 2, 0, 1, 1, 0, 0, 0, 0, 0],790.0799945868791,57951.42221290124,88960.86369927591,true
36,G2_TEC,G2_TEC,[31, 22, 82, 15, 26, 9, 95, 42, 77, 68, 47, 5, 93, 78, 86, 54, 85, 63, 18, 44, 20, 49, 36, 14, 74, 50, 53, 17, 21, 28, 11, 64, 3, 23, 30, 83, 24, 41, 40, 52, 65, 27, 90, 70, 39, 87, 48, 69, 99, 4, 75, 1, 13, 58, 97, 59, 45, 8, 73, 37, 35, 79, 71, 66, 76, 32, 60, 80, 56, 6, 67, 61, 33, 7, 57, 34, 12, 16, 10, 98, 96, 88, 43, 46, 91, 38, 84, 92, 29, 19, 51, 55, 81, 89, 25, 72, 94, 2, 0, 62]|[2, 1, 2, 1, 1, 2, 1, 1, 1, 1, 1, 0, 2, 2, 1, 2, 0, 0, 0, 2, 2, 1, 0, 2, 0, 2, 2, 1, 0, 1, 1, 1, 0, 0, 1, 0, 2, 1, 2, 2, 0, 0, 1, 1, 0, 2, 0, 2, 1, 0, 0, 2, 0, 0, 2, 0, 1, 1, 0, 0, 2, 1, 1, 2, 2, 0, 2, 2, 2, 1, 2, 1, 1, 2, 0, 1, 1, 2, 1, 2, 0, 1, 1, 0, 1, 0, 0, 0, 1, 1, 1, 0, 1, 1, 1, 1, 2, 2, 0, 1]|[0, 3, 0, 3, 4, 1, 4, 4, 2, 4, 3, 2, 1, 0, 2, 1, 1, 1, 2, 1, 1, 3, 0, 1, 0, 1, 1, 4, 1, 4, 3, 2, 2, 0, 4, 1, 1, 4, 1, 1, 2, 1, 4, 4, 1, 1, 0, 2, 3, 2, 2, 1, 2, 1, 1, 2, 4, 3, 0, 2, 2, 3, 3, 1, 1, 2, 1, 1, 1, 4, 1, 3, 4, 1, 2, 4, 3, 1, 3, 1, 2, 4, 4, 2, 3, 2, 2, 2, 3, 4, 3, 2, 4, 4, 4, 4, 1, 1, 2, 3]|[0, 2, 0, 0, 3, 0, 1, 3, 0, 0, 2, 0, 1, 0, 1, 0, 0, 0, 1, 0, 0, 2, 0, 0, 1, 0, 0, 3, 0, 1, 0, 2, 0, 0, 3, 0, 1, 1, 0, 0, 0, 0, 1, 3, 0, 0, 1, 0, 2, 0, 0, 0, 0, 0, 1, 0, 1, 0, 1, 1, 0, 2, 0, 0, 0, 0, 0, 0, 0, 2, 0, 0, 1, 0, 0, 1, 0, 0, 3, 0, 0, 1, 2, 0, 0, 0, 0, 0, 3, 1, 0, 0, 2, 1, 3, 1, 0, 0, 0, 0],908.8272556494078,49235.066718390466,107289.32240407266,false
36,G3_TWC,G3_TWC,[31, 22, 82, 15, 26, 58, 95, 42, 77, 12, 47, 5, 93, 78, 98, 54, 85, 63, 18, 44, 20, 35, 43, 97, 91, 76, 10, 30, 21, 45, 71, 64, 1, 23, 17, 83, 24, 14, 60, 36, 6, 57, 94, 88, 65, 56, 79, 40, 67, 68, 46, 75, 39, 9, 19, 32, 81, 96, 27, 62, 87, 90, 99, 59, 11, 16, 72, 73, 70, 38, 37, 84, 3, 92, 25, 55, 28, 29, 51, 7, 33, 61, 86, 48, 89, 50, 69, 41, 53, 80, 4, 8, 34, 49, 52, 0, 13, 2, 66, 74]|[1, 1, 0, 1, 1, 1, 2, 1, 2, 1, 2, 2, 2, 1, 1, 0, 0, 1, 0, 2, 2, 0, 1, 2, 0, 1, 2, 2, 0, 0, 1, 2, 1, 2, 1, 0, 2, 0, 1, 1, 0, 1, 1, 1, 0, 2, 1, 1, 0, 0, 0, 0, 1, 1, 2, 1, 2, 0, 0, 0, 2, 1, 0, 1, 2, 1, 2, 1, 1, 1, 1, 1, 2, 0, 1, 1, 0, 0, 0, 1, 2, 1, 0, 0, 1, 0, 1, 0, 0, 0, 0, 1, 2, 0, 1, 0, 0, 0, 2, 2]|[4, 3, 2, 2, 0, 0, 2, 2, 2, 4, 1, 1, 2, 4, 4, 1, 1, 4, 2, 1, 1, 1, 1, 2, 1, 2, 1, 1, 1, 1, 3, 2, 3, 0, 4, 0, 1, 1, 0, 3, 2, 2, 4, 0, 1, 1, 0, 2, 0, 1, 2, 2, 1, 4, 0, 3, 2, 1, 1, 2, 1, 3, 1, 1, 1, 3, 0, 4, 3, 1, 4, 1, 1, 2, 4, 4, 2, 1, 1, 3, 1, 3, 1, 1, 1, 1, 3, 1, 2, 1, 2, 3, 1, 1, 1, 2, 2, 2, 1, 1]|[0, 2, 1, 1, 3, 3, 0, 1, 0, 0, 0, 0, 1, 0, 1, 0, 0, 3, 1, 0, 0, 0, 3, 1, 0, 2, 0, 0, 0, 1, 0, 0, 0, 0, 3, 0, 1, 0, 0, 2, 1, 1, 2, 0, 0, 0, 0, 1, 1, 0, 0, 0, 1, 3, 0, 0, 1, 0, 0, 1, 0, 2, 0, 1, 0, 2, 1, 0, 0, 1, 1, 3, 0, 1, 3, 3, 1, 0, 0, 2, 0, 0, 0, 0, 1, 0, 0, 0, 1, 0, 1, 2, 0, 1, 1, 0, 0, 0, 0, 0],790.0799945868791,57951.42221290124,88960.86369927591,false
36,G1_CMAX,G1_CMAX,[31, 22, 82, 15, 26, 58, 95, 42, 77, 12, 93, 5, 47, 78, 86, 21, 63, 18, 44, 20, 35, 43, 97, 91, 76, 10, 30, 85, 45, 71, 64, 23, 17, 83, 24, 14, 60, 25, 6, 54, 40, 88, 65, 56, 79, 57, 69, 67, 46, 75, 38, 99, 19, 32, 41, 81, 27, 87, 90, 9, 59, 11, 16, 72, 73, 70, 39, 37, 84, 1, 3, 92, 36, 55, 48, 68, 96, 29, 51, 62, 33, 61, 98, 66, 89, 50, 4, 7, 53, 80, 94, 28, 34, 49, 52, 0, 74, 8, 2, 13]|[1, 1, 0, 1, 1, 0, 1, 1, 2, 1, 2, 2, 2, 1, 1, 0, 1, 0, 2, 2, 0, 1, 2, 0, 1, 2, 2, 2, 0, 1, 2, 2, 1, 0, 2, 0, 1, 1, 0, 0, 1, 1, 0, 2, 1, 1, 1, 0, 0, 0, 1, 1, 2, 1, 2, 2, 0, 2, 1, 0, 1, 2, 1, 2, 1, 1, 1, 1, 1, 1, 1, 0, 1, 1, 0, 0, 2, 0, 0, 0, 2, 1, 2, 2, 1, 0, 1, 0, 0, 0, 1, 0, 2, 0, 1, 0, 2, 1, 0, 0]|[0, 3, 2, 2, 4, 1, 2, 3, 2, 4, 2, 1, 1, 4, 4, 1, 4, 2, 1, 1, 1, 1, 2, 1, 2, 1, 1, 2, 1, 3, 2, 0, 4, 0, 1, 1, 0, 3, 2, 1, 2, 0, 1, 1, 0, 2, 4, 0, 2, 2, 1, 4, 0, 3, 2, 1, 1, 1, 3, 1, 1, 1, 3, 0, 4, 3, 1, 4, 1, 3, 1, 0, 4, 2, 1, 1, 1, 1, 1, 2, 1, 3, 1, 1, 1, 1, 4, 0, 2, 1, 3, 2, 1, 1, 1, 2, 1, 4, 2, 2]|[0, 2, 1, 1, 3, 0, 1, 3, 0, 0, 0, 0, 0, 0, 1, 0, 3, 1, 0, 0, 0, 3, 1, 0, 2, 0, 0, 1, 1, 0, 0, 0, 3, 0, 1, 0, 0, 2, 1, 0, 1, 0, 0, 0, 0, 1, 2, 1, 0, 0, 1, 3, 0, 0, 1, 0, 0, 0, 2, 0, 1, 0, 2, 1, 0, 0, 1, 1, 3, 0, 1, 1, 3, 3, 0, 0, 0, 0, 0, 1, 0, 0, 0, 0, 1, 0, 0, 0, 1, 0, 2, 1, 0, 1, 1, 0, 0, 2, 0, 0],717.7746778690674,58051.11429889491,97947.81742761745,false
36,G4_BALANCED,G3_TWC,[31, 22, 82, 15, 26, 58, 95, 42, 77, 12, 47, 5, 93, 78, 98, 54, 85, 63, 18, 44, 20, 35, 43, 97, 91, 76, 10, 30, 21, 45, 71, 64, 1, 23, 17, 83, 24, 14, 60, 36, 6, 57, 94, 88, 65, 56, 79, 40, 67, 68, 46, 75, 38, 9, 19, 32, 81, 41, 27, 62, 87, 90, 99, 59, 11, 16, 72, 73, 70, 39, 37, 84, 3, 92, 25, 48, 28, 29, 51, 7, 33, 61, 86, 55, 89, 50, 69, 96, 53, 80, 4, 8, 34, 49, 52, 0, 13, 2, 66, 74]|[1, 1, 0, 1, 1, 1, 2, 1, 2, 1, 2, 2, 2, 1, 1, 0, 0, 1, 0, 2, 2, 0, 1, 2, 0, 1, 2, 2, 0, 0, 1, 2, 1, 2, 1, 0, 2, 0, 1, 1, 0, 1, 1, 1, 0, 2, 1, 1, 0, 0, 0, 0, 1, 1, 2, 1, 2, 0, 0, 0, 2, 1, 0, 1, 2, 1, 2, 1, 1, 1, 1, 2, 2, 0, 1, 0, 0, 0, 0, 1, 2, 1, 0, 1, 1, 0, 1, 0, 0, 0, 0, 1, 2, 0, 1, 0, 0, 0, 2, 2]|[4, 3, 2, 2, 0, 0, 2, 2, 2, 4, 1, 1, 2, 4, 4, 1, 1, 4, 2, 1, 1, 1, 1, 2, 1, 2, 1, 1, 1, 1, 3, 2, 3, 0, 4, 0, 1, 1, 0, 3, 2, 2, 4, 0, 1, 1, 0, 2, 0, 1, 2, 2, 1, 4, 0, 3, 2, 1, 1, 2, 1, 3, 1, 1, 1, 3, 0, 4, 3, 1, 4, 1, 1, 2, 4, 1, 2, 1, 1, 3, 1, 3, 1, 4, 1, 1, 3, 1, 2, 1, 2, 3, 1, 1, 1, 2, 2, 2, 1, 1]|[0, 2, 1, 1, 3, 3, 0, 1, 0, 0, 0, 0, 1, 0, 1, 0, 0, 3, 1, 0, 0, 0, 3, 1, 0, 2, 0, 0, 0, 1, 0, 0, 0, 0, 3, 0, 1, 0, 0, 2, 1, 1, 2, 0, 0, 0, 0, 1, 1, 0, 0, 0, 1, 3, 0, 0, 1, 0, 0, 1, 0, 2, 0, 1, 0, 2, 1, 0, 0, 1, 1, 0, 0, 1, 3, 0, 1, 0, 0, 2, 0, 0, 0, 3, 1, 0, 0, 0, 1, 0, 1, 2, 0, 1, 1, 0, 0, 0, 0, 0],807.7565409423834,57491.48123009081,90386.14260822815,true
36,G2_TEC,G2_TEC,[31, 22, 82, 15, 26, 9, 95, 42, 77, 68, 47, 5, 93, 78, 86, 54, 85, 63, 18, 44, 20, 49, 36, 14, 74, 50, 53, 17, 21, 28, 11, 64, 3, 23, 30, 83, 24, 41, 40, 52, 65, 27, 90, 70, 39, 87, 48, 69, 99, 4, 75, 1, 13, 58, 97, 59, 45, 8, 73, 37, 35, 79, 71, 66, 76, 32, 60, 80, 56, 6, 67, 61, 33, 7, 57, 34, 12, 16, 10, 98, 96, 88, 43, 46, 91, 38, 84, 92, 29, 19, 51, 55, 81, 89, 25, 72, 94, 2, 0, 62]|[2, 1, 2, 1, 1, 2, 1, 1, 1, 1, 1, 0, 2, 2, 1, 2, 0, 0, 0, 2, 2, 1, 0, 2, 0, 2, 2, 1, 0, 1, 1, 1, 0, 0, 1, 0, 2, 1, 2, 2, 0, 0, 1, 1, 0, 2, 0, 2, 1, 0, 0, 2, 0, 0, 2, 0, 1, 1, 0, 0, 2, 1, 1, 2, 2, 0, 2, 2, 2, 1, 2, 1, 1, 2, 0, 1, 1, 2, 1, 2, 0, 1, 1, 0, 1, 0, 0, 0, 1, 1, 1, 0, 1, 1, 1, 1, 2, 2, 0, 1]|[0, 3, 0, 3, 4, 1, 4, 4, 2, 4, 3, 2, 1, 0, 2, 1, 1, 1, 2, 1, 1, 3, 0, 1, 0, 1, 1, 4, 1, 4, 3, 2, 2, 0, 4, 1, 1, 4, 1, 1, 2, 1, 4, 4, 1, 1, 0, 2, 3, 2, 2, 1, 2, 1, 1, 2, 4, 3, 0, 2, 2, 3, 3, 1, 1, 2, 1, 1, 1, 4, 1, 3, 4, 1, 2, 4, 3, 1, 3, 1, 2, 4, 4, 2, 3, 2, 2, 2, 3, 4, 3, 2, 4, 4, 4, 4, 1, 1, 2, 3]|[0, 2, 0, 0, 3, 0, 1, 3, 0, 0, 2, 0, 1, 0, 1, 0, 0, 0, 1, 0, 0, 2, 0, 0, 1, 0, 0, 3, 0, 1, 0, 2, 0, 0, 3, 0, 1, 1, 0, 0, 0, 0, 1, 3, 0, 0, 1, 0, 2, 0, 0, 0, 0, 0, 1, 0, 1, 0, 1, 1, 0, 2, 0, 0, 0, 0, 0, 0, 0, 2, 0, 0, 1, 0, 0, 1, 0, 0, 3, 0, 0, 1, 2, 0, 0, 0, 0, 0, 3, 1, 0, 0, 2, 1, 3, 1, 0, 0, 0, 0],908.8272556494078,49235.066718390466,107289.32240407266,false
36,G3_TWC,G3_TWC,[31, 22, 82, 15, 26, 58, 95, 42, 77, 12, 47, 5, 93, 78, 98, 54, 85, 63, 18, 44, 20, 35, 43, 97, 91, 76, 10, 30, 21, 45, 71, 64, 1, 23, 17, 83, 24, 14, 60, 36, 6, 57, 94, 88, 65, 56, 79, 40, 67, 68, 46, 75, 39, 9, 19, 32, 81, 96, 27, 62, 87, 90, 99, 59, 11, 16, 72, 73, 70, 38, 37, 84, 3, 92, 25, 55, 28, 29, 51, 7, 33, 61, 86, 48, 89, 50, 69, 41, 53, 80, 4, 8, 34, 49, 52, 0, 13, 2, 66, 74]|[1, 1, 0, 1, 1, 1, 2, 1, 2, 1, 2, 2, 2, 1, 1, 0, 0, 1, 0, 2, 2, 0, 1, 2, 0, 1, 2, 2, 0, 0, 1, 2, 1, 2, 1, 0, 2, 0, 1, 1, 0, 1, 1, 1, 0, 2, 1, 1, 0, 0, 0, 0, 1, 1, 2, 1, 2, 0, 0, 0, 2, 1, 0, 1, 2, 1, 2, 1, 1, 1, 1, 1, 2, 0, 1, 1, 0, 0, 0, 1, 2, 1, 0, 0, 1, 0, 1, 0, 0, 0, 0, 1, 2, 0, 1, 0, 0, 0, 2, 2]|[4, 3, 2, 2, 0, 0, 2, 2, 2, 4, 1, 1, 2, 4, 4, 1, 1, 4, 2, 1, 1, 1, 1, 2, 1, 2, 1, 1, 1, 1, 3, 2, 3, 0, 4, 0, 1, 1, 0, 3, 2, 2, 4, 0, 1, 1, 0, 2, 0, 1, 2, 2, 1, 4, 0, 3, 2, 1, 1, 2, 1, 3, 1, 1, 1, 3, 0, 4, 3, 1, 4, 1, 1, 2, 4, 4, 2, 1, 1, 3, 1, 3, 1, 1, 1, 1, 3, 1, 2, 1, 2, 3, 1, 1, 1, 2, 2, 2, 1, 1]|[0, 2, 1, 1, 3, 3, 0, 1, 0, 0, 0, 0, 1, 0, 1, 0, 0, 3, 1, 0, 0, 0, 3, 1, 0, 2, 0, 0, 0, 1, 0, 0, 0, 0, 3, 0, 1, 0, 0, 2, 1, 1, 2, 0, 0, 0, 0, 1, 1, 0, 0, 0, 1, 3, 0, 0, 1, 0, 0, 1, 0, 2, 0, 1, 0, 2, 1, 0, 0, 1, 1, 3, 0, 1, 3, 3, 1, 0, 0, 2, 0, 0, 0, 0, 1, 0, 0, 0, 1, 0, 1, 2, 0, 1, 1, 0, 0, 0, 0, 0],790.0799945868791,57951.42221290124,88960.86369927591,false
36,G1_CMAX,G1_CMAX,[31, 22, 82, 15, 26, 58, 95, 42, 77, 12, 93, 5, 47, 78, 86, 21, 63, 18, 44, 20, 35, 43, 97, 91, 76, 10, 30, 85, 45, 71, 64, 23, 17, 83, 24, 14, 60, 25, 6, 54, 40, 88, 65, 56, 79, 57, 69, 67, 46, 75, 38, 99, 19, 32, 41, 81, 27, 87, 90, 9, 59, 11, 16, 72, 73, 70, 39, 37, 84, 1, 3, 92, 36, 55, 48, 68, 96, 29, 51, 62, 33, 61, 98, 66, 89, 50, 4, 7, 53, 80, 94, 28, 34, 49, 52, 0, 74, 8, 2, 13]|[1, 1, 0, 1, 1, 0, 1, 1, 2, 1, 2, 2, 2, 1, 1, 0, 1, 0, 2, 2, 0, 1, 2, 0, 1, 2, 2, 2, 0, 1, 2, 2, 1, 0, 2, 0, 1, 1, 0, 0, 1, 1, 0, 2, 1, 1, 1, 0, 0, 0, 1, 1, 2, 1, 2, 2, 0, 2, 1, 0, 1, 2, 1, 2, 1, 1, 1, 1, 1, 1, 1, 0, 1, 1, 0, 0, 2, 0, 0, 0, 2, 1, 2, 2, 1, 0, 1, 0, 0, 0, 1, 0, 2, 0, 1, 0, 2, 1, 0, 0]|[0, 3, 2, 2, 4, 1, 2, 3, 2, 4, 2, 1, 1, 4, 4, 1, 4, 2, 1, 1, 1, 1, 2, 1, 2, 1, 1, 2, 1, 3, 2, 0, 4, 0, 1, 1, 0, 3, 2, 1, 2, 0, 1, 1, 0, 2, 4, 0, 2, 2, 1, 4, 0, 3, 2, 1, 1, 1, 3, 1, 1, 1, 3, 0, 4, 3, 1, 4, 1, 3, 1, 0, 4, 2, 1, 1, 1, 1, 1, 2, 1, 3, 1, 1, 1, 1, 4, 0, 2, 1, 3, 2, 1, 1, 1, 2, 1, 4, 2, 2]|[0, 2, 1, 1, 3, 0, 1, 3, 0, 0, 0, 0, 0, 0, 1, 0, 3, 1, 0, 0, 0, 3, 1, 0, 2, 0, 0, 1, 1, 0, 0, 0, 3, 0, 1, 0, 0, 2, 1, 0, 1, 0, 0, 0, 0, 1, 2, 1, 0, 0, 1, 3, 0, 0, 1, 0, 0, 0, 2, 0, 1, 0, 2, 1, 0, 0, 1, 1, 3, 0, 1, 1, 3, 3, 0, 0, 0, 0, 0, 1, 0, 0, 0, 0, 1, 0, 0, 0, 1, 0, 2, 1, 0, 1, 1, 0, 0, 2, 0, 0],717.7746778690674,58051.11429889491,97947.81742761745,false
36,G4_BALANCED,G3_TWC,[31, 22, 82, 15, 26, 58, 95, 42, 77, 12, 47, 5, 93, 78, 98, 54, 85, 63, 18, 44, 20, 35, 43, 97, 91, 76, 10, 30, 21, 45, 71, 64, 1, 23, 17, 83, 24, 14, 60, 36, 6, 57, 94, 88, 65, 56, 79, 40, 67, 68, 46, 75, 39, 9, 19, 32, 81, 96, 27, 62, 87, 90, 99, 59, 53, 16, 72, 73, 70, 38, 37, 84, 3, 92, 25, 55, 28, 29, 51, 7, 33, 61, 86, 66, 89, 50, 48, 41, 11, 80, 4, 8, 34, 49, 52, 0, 13, 2, 69, 74]|[1, 1, 0, 1, 1, 1, 2, 1, 2, 1, 2, 2, 2, 1, 1, 0, 0, 1, 0, 2, 2, 0, 1, 2, 0, 1, 2, 2, 0, 0, 1, 2, 1, 2, 1, 0, 2, 0, 1, 1, 0, 1, 1, 1, 0, 2, 1, 1, 0, 0, 0, 0, 1, 1, 2, 1, 2, 0, 0, 0, 2, 1, 0, 1, 0, 1, 2, 1, 1, 1, 1, 1, 2, 0, 1, 1, 0, 0, 0, 1, 2, 1, 0, 2, 1, 0, 0, 2, 2, 0, 0, 1, 2, 0, 1, 0, 0, 0, 1, 2]|[4, 3, 2, 2, 0, 0, 2, 2, 2, 4, 1, 1, 2, 4, 4, 1, 1, 4, 2, 1, 1, 1, 1, 2, 1, 2, 1, 1, 1, 1, 3, 2, 3, 0, 4, 0, 1, 1, 0, 3, 2, 2, 4, 0, 1, 1, 0, 2, 0, 1, 2, 2, 1, 4, 0, 3, 2, 1, 1, 2, 1, 3, 1, 1, 2, 3, 0, 4, 3, 1, 4, 1, 1, 2, 4, 4, 2, 1, 1, 3, 1, 3, 1, 1, 1, 1, 1, 1, 1, 1, 2, 3, 1, 1, 1, 2, 2, 2, 3, 1]|[0, 2, 1, 1, 3, 3, 0, 1, 0, 0, 0, 0, 1, 0, 1, 0, 0, 3, 1, 0, 0, 0, 3, 1, 0, 2, 0, 0, 0, 1, 0, 0, 0, 0, 3, 0, 1, 0, 0, 2, 1, 1, 2, 0, 0, 0, 0, 1, 1, 0, 0, 0, 1, 3, 0, 0, 1, 0, 0, 1, 0, 2, 0, 1, 1, 2, 1, 0, 0, 1, 1, 3, 0, 1, 3, 3, 1, 0, 0, 2, 0, 0, 0, 0, 1, 0, 0, 0, 0, 0, 1, 2, 0, 1, 1, 0, 0, 0, 0, 0],765.1395626884388,57769.19651867675,89744.90231435932,true
36,G2_TEC,G2_TEC,[31, 22, 82, 15, 26, 9, 95, 42, 77, 68, 47, 5, 93, 78, 86, 54, 85, 63, 18, 44, 20, 49, 36, 14, 74, 50, 53, 17, 21, 28, 11, 64, 3, 23, 30, 83, 24, 41, 40, 52, 65, 27, 90, 70, 39, 87, 48, 69, 99, 4, 75, 1, 13, 58, 97, 59, 45, 8, 73, 37, 35, 79, 71, 66, 76, 32, 60, 80, 56, 6, 67, 61, 33, 7, 57, 34, 12, 16, 10, 98, 96, 88, 43, 46, 91, 38, 84, 92, 29, 19, 51, 55, 81, 89, 25, 72, 94, 2, 0, 62]|[2, 1, 2, 1, 1, 2, 1, 1, 1, 1, 1, 0, 2, 2, 1, 2, 0, 0, 0, 2, 2, 1, 0, 2, 0, 2, 2, 1, 0, 1, 1, 1, 0, 0, 1, 0, 2, 1, 2, 2, 0, 0, 1, 1, 0, 2, 0, 2, 1, 0, 0, 2, 0, 0, 2, 0, 1, 1, 0, 0, 2, 1, 1, 2, 2, 0, 2, 2, 2, 1, 2, 1, 1, 2, 0, 1, 1, 2, 1, 2, 0, 1, 1, 0, 1, 0, 0, 0, 1, 1, 1, 0, 1, 1, 1, 1, 2, 2, 0, 1]|[0, 3, 0, 3, 4, 1, 4, 4, 2, 4, 3, 2, 1, 0, 2, 1, 1, 1, 2, 1, 1, 3, 0, 1, 0, 1, 1, 4, 1, 4, 3, 2, 2, 0, 4, 1, 1, 4, 1, 1, 2, 1, 4, 4, 1, 1, 0, 2, 3, 2, 2, 1, 2, 1, 1, 2, 4, 3, 0, 2, 2, 3, 3, 1, 1, 2, 1, 1, 1, 4, 1, 3, 4, 1, 2, 4, 3, 1, 3, 1, 2, 4, 4, 2, 3, 2, 2, 2, 3, 4, 3, 2, 4, 4, 4, 4, 1, 1, 2, 3]|[0, 2, 0, 0, 3, 0, 1, 3, 0, 0, 2, 0, 1, 0, 1, 0, 0, 0, 1, 0, 0, 2, 0, 0, 1, 0, 0, 3, 0, 1, 0, 2, 0, 0, 3, 0, 1, 1, 0, 0, 0, 0, 1, 3, 0, 0, 1, 0, 2, 0, 0, 0, 0, 0, 1, 0, 1, 0, 1, 1, 0, 2, 0, 0, 0, 0, 0, 0, 0, 2, 0, 0, 1, 0, 0, 1, 0, 0, 3, 0, 0, 1, 2, 0, 0, 0, 0, 0, 3, 1, 0, 0, 2, 1, 3, 1, 0, 0, 0, 0],908.8272556494078,49235.066718390466,107289.32240407266,false
36,G3_TWC,G3_TWC,[31, 22, 82, 15, 26, 58, 95, 42, 77, 12, 47, 5, 93, 78, 98, 54, 85, 63, 18, 44, 20, 35, 43, 97, 91, 76, 10, 30, 21, 45, 71, 64, 1, 23, 17, 83, 24, 14, 60, 36, 6, 57, 94, 88, 65, 56, 79, 40, 67, 68, 46, 75, 39, 9, 19, 32, 81, 96, 27, 62, 87, 90, 99, 59, 11, 16, 72, 73, 70, 38, 37, 84, 3, 92, 25, 55, 28, 29, 51, 7, 33, 61, 86, 48, 89, 50, 69, 41, 53, 80, 4, 8, 34, 49, 52, 0, 13, 2, 66, 74]|[1, 1, 0, 1, 1, 1, 2, 1, 2, 1, 2, 2, 2, 1, 1, 0, 0, 1, 0, 2, 2, 0, 1, 2, 0, 1, 2, 2, 0, 0, 1, 2, 1, 2, 1, 0, 2, 0, 1, 1, 0, 1, 1, 1, 0, 2, 1, 1, 0, 0, 0, 0, 1, 1, 2, 1, 2, 0, 0, 0, 2, 1, 0, 1, 2, 1, 2, 1, 1, 1, 1, 1, 2, 0, 1, 1, 0, 0, 0, 1, 2, 1, 0, 0, 1, 0, 1, 0, 0, 0, 0, 1, 2, 0, 1, 0, 0, 0, 2, 2]|[4, 3, 2, 2, 0, 0, 2, 2, 2, 4, 1, 1, 2, 4, 4, 1, 1, 4, 2, 1, 1, 1, 1, 2, 1, 2, 1, 1, 1, 1, 3, 2, 3, 0, 4, 0, 1, 1, 0, 3, 2, 2, 4, 0, 1, 1, 0, 2, 0, 1, 2, 2, 1, 4, 0, 3, 2, 1, 1, 2, 1, 3, 1, 1, 1, 3, 0, 4, 3, 1, 4, 1, 1, 2, 4, 4, 2, 1, 1, 3, 1, 3, 1, 1, 1, 1, 3, 1, 2, 1, 2, 3, 1, 1, 1, 2, 2, 2, 1, 1]|[0, 2, 1, 1, 3, 3, 0, 1, 0, 0, 0, 0, 1, 0, 1, 0, 0, 3, 1, 0, 0, 0, 3, 1, 0, 2, 0, 0, 0, 1, 0, 0, 0, 0, 3, 0, 1, 0, 0, 2, 1, 1, 2, 0, 0, 0, 0, 1, 1, 0, 0, 0, 1, 3, 0, 0, 1, 0, 0, 1, 0, 2, 0, 1, 0, 2, 1, 0, 0, 1, 1, 3, 0, 1, 3, 3, 1, 0, 0, 2, 0, 0, 0, 0, 1, 0, 0, 0, 1, 0, 1, 2, 0, 1, 1, 0, 0, 0, 0, 0],790.0799945868791,57951.42221290124,88960.86369927591,false
36,G1_CMAX,G1_CMAX,[31, 22, 82, 15, 26, 58, 95, 42, 77, 12, 93, 5, 47, 78, 86, 21, 63, 18, 44, 20, 35, 43, 97, 91, 76, 10, 30, 85, 45, 71, 64, 23, 17, 83, 24, 14, 60, 25, 6, 54, 40, 88, 65, 56, 79, 57, 69, 67, 46, 75, 38, 99, 19, 32, 41, 81, 27, 87, 90, 9, 59, 11, 16, 72, 73, 70, 39, 37, 84, 1, 3, 92, 36, 55, 48, 68, 96, 29, 51, 62, 33, 61, 98, 66, 89, 50, 4, 7, 53, 80, 94, 28, 34, 49, 52, 0, 74, 8, 2, 13]|[1, 1, 0, 1, 1, 0, 1, 1, 2, 1, 2, 2, 2, 1, 1, 0, 1, 0, 2, 2, 0, 1, 2, 0, 1, 2, 2, 2, 0, 1, 2, 2, 1, 0, 2, 0, 1, 1, 0, 0, 1, 1, 0, 2, 1, 1, 1, 0, 0, 0, 1, 1, 2, 1, 2, 2, 0, 2, 1, 0, 1, 2, 1, 2, 1, 1, 1, 1, 1, 1, 1, 0, 1, 1, 0, 0, 2, 0, 0, 0, 2, 1, 2, 2, 1, 0, 1, 0, 0, 0, 1, 0, 2, 0, 1, 0, 2, 1, 0, 0]|[0, 3, 2, 2, 4, 1, 2, 3, 2, 4, 2, 1, 1, 4, 4, 1, 4, 2, 1, 1, 1, 1, 2, 1, 2, 1, 1, 2, 1, 3, 2, 0, 4, 0, 1, 1, 0, 3, 2, 1, 2, 0, 1, 1, 0, 2, 4, 0, 2, 2, 1, 4, 0, 3, 2, 1, 1, 1, 3, 1, 1, 1, 3, 0, 4, 3, 1, 4, 1, 3, 1, 0, 4, 2, 1, 1, 1, 1, 1, 2, 1, 3, 1, 1, 1, 1, 4, 0, 2, 1, 3, 2, 1, 1, 1, 2, 1, 4, 2, 2]|[0, 2, 1, 1, 3, 0, 1, 3, 0, 0, 0, 0, 0, 0, 1, 0, 3, 1, 0, 0, 0, 3, 1, 0, 2, 0, 0, 1, 1, 0, 0, 0, 3, 0, 1, 0, 0, 2, 1, 0, 1, 0, 0, 0, 0, 1, 2, 1, 0, 0, 1, 3, 0, 0, 1, 0, 0, 0, 2, 0, 1, 0, 2, 1, 0, 0, 1, 1, 3, 0, 1, 1, 3, 3, 0, 0, 0, 0, 0, 1, 0, 0, 0, 0, 1, 0, 0, 0, 1, 0, 2, 1, 0, 1, 1, 0, 0, 2, 0, 0],717.7746778690674,58051.11429889491,97947.81742761745,false
36,G4_BALANCED,G3_TWC,[31, 22, 82, 15, 26, 58, 95, 42, 77, 12, 47, 5, 93, 78, 98, 54, 85, 63, 18, 44, 20, 35, 43, 97, 91, 76, 10, 30, 21, 45, 71, 64, 1, 23, 17, 83, 24, 14, 60, 36, 6, 57, 94, 88, 65, 56, 79, 40, 67, 41, 46, 75, 38, 9, 33, 32, 81, 68, 27, 62, 87, 90, 99, 86, 11, 16, 72, 73, 70, 39, 37, 84, 3, 92, 25, 55, 28, 29, 51, 7, 19, 61, 59, 66, 89, 50, 48, 80, 53, 96, 8, 4, 34, 49, 52, 0, 13, 2, 69, 74]|[1, 1, 0, 1, 1, 1, 2, 1, 2, 1, 2, 2, 2, 1, 1, 0, 0, 1, 0, 2, 2, 0, 0, 2, 0, 1, 2, 2, 0, 0, 1, 2, 1, 2, 1, 0, 2, 0, 1, 1, 0, 1, 1, 1, 0, 2, 1, 1, 0, 0, 0, 0, 1, 1, 2, 1, 2, 0, 0, 0, 2, 2, 0, 0, 2, 1, 2, 1, 1, 1, 1, 1, 1, 0, 1, 1, 0, 0, 0, 1, 2, 1, 0, 2, 1, 0, 0, 0, 0, 0, 1, 0, 2, 0, 1, 0, 0, 0, 1, 2]|[4, 3, 2, 2, 0, 0, 2, 2, 2, 4, 1, 1, 2, 4, 4, 1, 2, 4, 2, 1, 1, 1, 1, 2, 1, 2, 1, 1, 2, 1, 3, 2, 3, 1, 4, 0, 1, 1, 0, 3, 2, 2, 4, 0, 1, 1, 0, 2, 0, 1, 2, 2, 1, 4, 0, 3, 2, 1, 1, 2, 1, 1, 1, 1, 1, 3, 0, 4, 3, 1, 4, 1, 1, 2, 4, 4, 2, 1, 1, 3, 1, 3, 1, 1, 1, 1, 1, 1, 2, 1, 3, 2, 1, 1, 1, 2, 2, 2, 3, 1]|[0, 2, 1, 1, 3, 3, 0, 1, 0, 0, 0, 0, 1, 0, 1, 0, 0, 3, 1, 0, 0, 0, 0, 1, 0, 2, 0, 0, 0, 1, 0, 0, 0, 0, 3, 0, 1, 0, 0, 2, 1, 1, 2, 0, 0, 0, 0, 1, 1, 0, 0, 0, 1, 3, 0, 0, 1, 0, 0, 1, 0, 0, 0, 0, 0, 2, 1, 0, 0, 1, 1, 3, 1, 1, 3, 3, 1, 0, 0, 2, 0, 0, 0, 0, 1, 0, 0, 0, 1, 0, 2, 1, 0, 1, 1, 0, 0, 0, 0, 0],850.8431495909725,57150.93500181648,90783.102936903,true
36,G2_TEC,G2_TEC,[31, 22, 82, 15, 26, 9, 95, 42, 77, 68, 47, 5, 93, 78, 86, 54, 85, 63, 18, 44, 20, 49, 36, 14, 74, 50, 53, 17, 21, 28, 11, 64, 3, 23, 30, 83, 24, 41, 40, 52, 65, 27, 90, 70, 39, 87, 48, 69, 99, 4, 46, 1, 13, 58, 97, 59, 45, 8, 73, 37, 35, 79, 71, 66, 76, 32, 60, 80, 96, 6, 67, 61, 33, 7, 57, 34, 12, 0, 10, 98, 56, 88, 43, 75, 91, 38, 84, 92, 29, 19, 51, 55, 72, 25, 89, 81, 94, 2, 16, 62]|[2, 1, 2, 1, 1, 2, 1, 1, 1, 1, 1, 0, 2, 2, 1, 2, 0, 0, 0, 2, 2, 1, 0, 2, 0, 2, 2, 1, 0, 1, 1, 1, 0, 0, 1, 0, 2, 1, 2, 2, 0, 0, 1, 1, 0, 2, 0, 2, 1, 0, 0, 2, 0, 0, 2, 0, 1, 1, 0, 0, 2, 1, 1, 2, 2, 0, 2, 2, 0, 1, 2, 1, 1, 2, 0, 1, 1, 0, 1, 2, 0, 1, 1, 0, 1, 0, 0, 0, 1, 1, 1, 0, 1, 1, 1, 1, 2, 2, 2, 1]|[0, 3, 0, 3, 4, 1, 4, 4, 2, 4, 3, 2, 1, 0, 2, 1, 1, 1, 2, 1, 1, 3, 0, 1, 0, 1, 1, 4, 1, 4, 3, 2, 2, 0, 4, 1, 1, 4, 1, 1, 2, 1, 4, 4, 1, 1, 0, 2, 3, 2, 2, 1, 2, 1, 1, 2, 4, 3, 0, 2, 2, 3, 3, 1, 1, 2, 1, 1, 2, 4, 1, 3, 4, 1, 2, 4, 3, 2, 3, 1, 2, 4, 4, 2, 3, 2, 2, 2, 3, 4, 3, 2, 4, 4, 4, 4, 1, 1, 1, 3]|[0, 2, 0, 0, 3, 0, 1, 3, 0, 0, 2, 0, 1, 0, 1, 0, 0, 0, 1, 0, 0, 2, 0, 0, 1, 0, 0, 3, 0, 1, 0, 2, 0, 0, 3, 0, 1, 1, 0, 0, 0, 0, 1, 3, 0, 0, 1, 0, 2, 0, 0, 0, 0, 1, 1, 0, 1, 0, 1, 1, 0, 2, 0, 0, 0, 0, 0, 0, 0, 2, 0, 0, 1, 0, 0, 1, 0, 0, 3, 0, 0, 1, 2, 0, 0, 0, 0, 0, 3, 1, 0, 0, 2, 3, 1, 2, 0, 0, 0, 0],887.0083847592954,49707.74278849508,105583.24171303054,false
36,G3_TWC,G3_TWC,[31, 22, 82, 15, 26, 58, 95, 42, 77, 12, 47, 5, 93, 78, 98, 54, 85, 63, 18, 44, 20, 35, 43, 97, 91, 76, 10, 30, 21, 45, 71, 64, 1, 23, 17, 83, 24, 14, 60, 36, 6, 57, 94, 88, 65, 56, 79, 40, 67, 68, 46, 75, 39, 9, 19, 32, 81, 96, 27, 62, 87, 90, 99, 59, 11, 16, 72, 73, 70, 38, 37, 84, 3, 92, 25, 55, 28, 29, 51, 7, 33, 61, 86, 48, 89, 50, 69, 41, 53, 80, 4, 8, 34, 49, 52, 0, 13, 2, 66, 74]|[1, 1, 0, 1, 1, 1, 2, 1, 2, 1, 2, 2, 2, 1, 1, 0, 0, 1, 0, 2, 2, 0, 1, 2, 0, 1, 2, 2, 0, 0, 1, 2, 1, 2, 1, 0, 2, 0, 1, 1, 0, 1, 1, 1, 0, 2, 1, 1, 0, 0, 0, 0, 1, 1, 2, 1, 2, 0, 0, 0, 2, 1, 0, 1, 2, 1, 2, 1, 1, 1, 1, 1, 2, 0, 1, 1, 0, 0, 0, 1, 2, 1, 0, 0, 1, 0, 1, 0, 0, 0, 0, 1, 2, 0, 1, 0, 0, 0, 2, 2]|[4, 3, 2, 2, 0, 0, 2, 2, 2, 4, 1, 1, 2, 4, 4, 1, 1, 4, 2, 1, 1, 1, 1, 2, 1, 2, 1, 1, 1, 1, 3, 2, 3, 0, 4, 0, 1, 1, 0, 3, 2, 2, 4, 0, 1, 1, 0, 2, 0, 1, 2, 2, 1, 4, 0, 3, 2, 1, 1, 2, 1, 3, 1, 1, 1, 3, 0, 4, 3, 1, 4, 1, 1, 2, 4, 4, 2, 1, 1, 3, 1, 3, 1, 1, 1, 1, 3, 1, 2, 1, 2, 3, 1, 1, 1, 2, 2, 2, 1, 1]|[0, 2, 1, 1, 3, 3, 0, 1, 0, 0, 0, 0, 1, 0, 1, 0, 0, 3, 1, 0, 0, 0, 3, 1, 0, 2, 0, 0, 0, 1, 0, 0, 0, 0, 3, 0, 1, 0, 0, 2, 1, 1, 2, 0, 0, 0, 0, 1, 1, 0, 0, 0, 1, 3, 0, 0, 1, 0, 0, 1, 0, 2, 0, 1, 0, 2, 1, 0, 0, 1, 1, 3, 0, 1, 3, 3, 1, 0, 0, 2, 0, 0, 0, 0, 1, 0, 0, 0, 1, 0, 1, 2, 0, 1, 1, 0, 0, 0, 0, 0],790.0799945868791,57951.42221290124,88960.86369927591,false
36,G1_CMAX,G1_CMAX,[31, 22, 82, 15, 26, 58, 95, 42, 77, 12, 93, 5, 47, 78, 86, 21, 63, 18, 44, 20, 35, 43, 97, 91, 76, 10, 30, 85, 45, 71, 64, 23, 17, 83, 24, 14, 60, 25, 6, 54, 40, 88, 65, 56, 79, 57, 69, 67, 46, 75, 38, 99, 19, 32, 41, 81, 27, 87, 90, 9, 59, 11, 16, 72, 73, 70, 39, 37, 84, 1, 3, 92, 36, 55, 48, 68, 96, 29, 51, 62, 33, 61, 98, 66, 89, 50, 4, 7, 53, 80, 94, 28, 34, 49, 52, 0, 74, 8, 2, 13]|[1, 1, 0, 1, 1, 0, 1, 1, 2, 1, 2, 2, 2, 1, 1, 0, 1, 0, 2, 2, 0, 1, 2, 0, 1, 2, 2, 2, 0, 1, 2, 2, 1, 0, 2, 0, 1, 1, 0, 0, 1, 1, 0, 2, 1, 1, 1, 0, 0, 0, 1, 1, 2, 1, 2, 2, 0, 2, 1, 0, 1, 2, 1, 2, 1, 1, 1, 1, 1, 1, 1, 0, 1, 1, 0, 0, 2, 0, 0, 0, 2, 1, 2, 2, 1, 0, 1, 0, 0, 0, 1, 0, 2, 0, 1, 0, 2, 1, 0, 0]|[0, 3, 2, 2, 4, 1, 2, 3, 2, 4, 2, 1, 1, 4, 4, 1, 4, 2, 1, 1, 1, 1, 2, 1, 2, 1, 1, 2, 1, 3, 2, 0, 4, 0, 1, 1, 0, 3, 2, 1, 2, 0, 1, 1, 0, 2, 4, 0, 2, 2, 1, 4, 0, 3, 2, 1, 1, 1, 3, 1, 1, 1, 3, 0, 4, 3, 1, 4, 1, 3, 1, 0, 4, 2, 1, 1, 1, 1, 1, 2, 1, 3, 1, 1, 1, 1, 4, 0, 2, 1, 3, 2, 1, 1, 1, 2, 1, 4, 2, 2]|[0, 2, 1, 1, 3, 0, 1, 3, 0, 0, 0, 0, 0, 0, 1, 0, 3, 1, 0, 0, 0, 3, 1, 0, 2, 0, 0, 1, 1, 0, 0, 0, 3, 0, 1, 0, 0, 2, 1, 0, 1, 0, 0, 0, 0, 1, 2, 1, 0, 0, 1, 3, 0, 0, 1, 0, 0, 0, 2, 0, 1, 0, 2, 1, 0, 0, 1, 1, 3, 0, 1, 1, 3, 3, 0, 0, 0, 0, 0, 1, 0, 0, 0, 0, 1, 0, 0, 0, 1, 0, 2, 1, 0, 1, 1, 0, 0, 2, 0, 0],717.7746778690674,58051.11429889491,97947.81742761745,false
36,G4_BALANCED,G4_BALANCED,[31, 22, 82, 15, 26, 99, 95, 42, 77, 12, 47, 5, 93, 78, 86, 54, 21, 63, 18, 44, 20, 23, 66, 97, 91, 76, 10, 30, 85, 45, 71, 64, 1, 35, 17, 83, 24, 14, 60, 36, 6, 57, 94, 88, 65, 56, 79, 40, 67, 68, 46, 75, 38, 9, 19, 32, 41, 81, 27, 87, 90, 58, 59, 11, 16, 72, 73, 70, 39, 37, 84, 3, 92, 25, 55, 48, 62, 29, 51, 96, 33, 61, 98, 28, 89, 50, 4, 7, 53, 80, 8, 43, 34, 49, 52, 0, 74, 69, 2, 13]|[2, 1, 0, 1, 1, 0, 1, 1, 2, 1, 2, 2, 2, 1, 1, 0, 0, 1, 0, 2, 2, 0, 2, 2, 0, 1, 2, 2, 0, 0, 1, 2, 1, 2, 1, 0, 2, 0, 1, 1, 0, 1, 1, 1, 0, 2, 1, 1, 0, 0, 0, 0, 1, 1, 2, 1, 0, 2, 0, 2, 1, 0, 1, 2, 1, 2, 1, 1, 1, 1, 1, 1, 0, 1, 2, 0, 0, 0, 0, 2, 2, 1, 2, 0, 1, 0, 1, 2, 0, 0, 1, 1, 2, 0, 1, 0, 2, 1, 0, 0]|[1, 3, 2, 2, 4, 1, 2, 3, 2, 4, 1, 1, 2, 4, 4, 1, 1, 4, 2, 1, 1, 1, 1, 2, 1, 2, 1, 1, 2, 1, 3, 2, 3, 1, 4, 0, 1, 1, 0, 3, 2, 2, 4, 0, 1, 1, 0, 2, 0, 1, 2, 2, 1, 4, 0, 3, 1, 1, 1, 1, 3, 1, 1, 1, 3, 0, 4, 3, 1, 4, 1, 1, 0, 4, 1, 1, 2, 1, 1, 1, 1, 3, 1, 2, 1, 1, 4, 1, 2, 1, 3, 1, 1, 1, 1, 2, 1, 4, 2, 2]|[0, 2, 1, 1, 3, 0, 1, 3, 0, 0, 0, 0, 1, 0, 1, 0, 0, 3, 1, 0, 0, 0, 0, 1, 0, 2, 0, 0, 0, 1, 0, 0, 0, 0, 3, 0, 1, 0, 0, 2, 1, 1, 2, 0, 0, 0, 0, 1, 1, 0, 0, 0, 1, 3, 0, 0, 0, 0, 0, 0, 2, 0, 1, 0, 2, 1, 0, 0, 1, 1, 3, 1, 1, 3, 0, 0, 1, 0, 0, 0, 0, 0, 0, 1, 1, 0, 0, 0, 1, 0, 2, 3, 0, 1, 1, 0, 0, 2, 0, 0],747.0447039953423,55884.40275560545,91815.55647472355,false
36,G2_TEC,G4_BALANCED,[31, 11, 15, 82, 26, 9, 95, 32, 77, 68, 47, 5, 93, 78, 86, 54, 85, 63, 18, 44, 20, 49, 36, 14, 74, 50, 53, 17, 21, 45, 71, 64, 3, 23, 30, 83, 24, 41, 60, 52, 51, 27, 90, 70, 39, 87, 48, 69, 99, 4, 46, 1, 13, 58, 97, 59, 28, 8, 73, 37, 35, 79, 22, 66, 76, 42, 40, 80, 96, 6, 16, 61, 33, 7, 57, 34, 12, 72, 10, 98, 56, 88, 43, 75, 91, 38, 84, 92, 29, 19, 65, 55, 67, 89, 62, 81, 94, 25, 2, 0]|[2, 1, 2, 2, 1, 2, 1, 1, 1, 1, 1, 0, 2, 2, 1, 2, 0, 0, 0, 2, 2, 1, 0, 2, 0, 2, 2, 1, 0, 1, 1, 1, 0, 0, 1, 0, 2, 1, 2, 2, 0, 0, 1, 1, 0, 2, 0, 2, 1, 0, 0, 2, 0, 0, 2, 0, 1, 1, 0, 0, 2, 1, 1, 2, 2, 0, 2, 2, 0, 1, 2, 1, 1, 2, 0, 1, 2, 1, 1, 2, 2, 1, 0, 0, 1, 0, 0, 0, 1, 1, 1, 0, 1, 1, 1, 1, 2, 1, 2, 0]|[1, 3, 0, 0, 4, 1, 4, 4, 2, 4, 3, 2, 1, 0, 2, 1, 1, 1, 2, 1, 1, 3, 0, 1, 0, 1, 1, 4, 1, 4, 3, 2, 2, 0, 4, 1, 1, 4, 0, 1, 2, 1, 4, 4, 1, 1, 0, 2, 3, 2, 2, 1, 2, 1, 1, 2, 4, 3, 0, 2, 2, 3, 3, 0, 1, 2, 0, 1, 2, 4, 1, 3, 4, 1, 2, 4, 1, 4, 3, 1, 1, 4, 2, 2, 3, 2, 2, 2, 3, 4, 3, 2, 3, 4, 3, 1, 1, 4, 1, 2]|[1, 2, 0, 0, 3, 0, 1, 3, 0, 0, 2, 0, 1, 0, 1, 0, 0, 0, 1, 0, 0, 2, 0, 0, 1, 0, 0, 3, 0, 1, 0, 2, 0, 1, 3, 0, 1, 1, 1, 0, 0, 0, 1, 3, 0, 0, 1, 0, 2, 0, 0, 0, 0, 0, 1, 0, 1, 0, 1, 1, 0, 2, 0, 0, 0, 0, 1, 0, 0, 2, 0, 0, 1, 0, 0, 1, 0, 1, 3, 0, 0, 1, 0, 0, 0, 0, 0, 0, 3, 1, 0, 0, 0, 1, 0, 1, 0, 3, 0, 0],862.5574002925049,52056.944639361565,105318.62001204232,true
36,G3_TWC,G3_TWC,[31, 22, 82, 15, 26, 58, 95, 42, 77, 12, 47, 5, 93, 78, 98, 54, 85, 63, 18, 44, 20, 35, 43, 97, 91, 76, 10, 30, 21, 45, 71, 64, 1, 23, 17, 83, 24, 14, 60, 36, 6, 57, 94, 88, 65, 56, 79, 40, 67, 68, 46, 75, 39, 9, 19, 32, 81, 96, 27, 62, 87, 90, 99, 59, 11, 16, 72, 73, 70, 38, 37, 84, 3, 92, 25, 55, 28, 29, 51, 7, 33, 61, 86, 48, 89, 50, 69, 41, 53, 80, 4, 8, 34, 49, 52, 0, 13, 2, 66, 74]|[1, 1, 0, 1, 1, 1, 2, 1, 2, 1, 2, 2, 2, 1, 1, 0, 0, 1, 0, 2, 2, 0, 1, 2, 0, 1, 2, 2, 0, 0, 1, 2, 1, 2, 1, 0, 2, 0, 1, 1, 0, 1, 1, 1, 0, 2, 1, 1, 0, 0, 0, 0, 1, 1, 2, 1, 2, 0, 0, 0, 2, 1, 0, 1, 2, 1, 2, 1, 1, 1, 1, 1, 2, 0, 1, 1, 0, 0, 0, 1, 2, 1, 0, 0, 1, 0, 1, 0, 0, 0, 0, 1, 2, 0, 1, 0, 0, 0, 2, 2]|[4, 3, 2, 2, 0, 0, 2, 2, 2, 4, 1, 1, 2, 4, 4, 1, 1, 4, 2, 1, 1, 1, 1, 2, 1, 2, 1, 1, 1, 1, 3, 2, 3, 0, 4, 0, 1, 1, 0, 3, 2, 2, 4, 0, 1, 1, 0, 2, 0, 1, 2, 2, 1, 4, 0, 3, 2, 1, 1, 2, 1, 3, 1, 1, 1, 3, 0, 4, 3, 1, 4, 1, 1, 2, 4, 4, 2, 1, 1, 3, 1, 3, 1, 1, 1, 1, 3, 1, 2, 1, 2, 3, 1, 1, 1, 2, 2, 2, 1, 1]|[0, 2, 1, 1, 3, 3, 0, 1, 0, 0, 0, 0, 1, 0, 1, 0, 0, 3, 1, 0, 0, 0, 3, 1, 0, 2, 0, 0, 0, 1, 0, 0, 0, 0, 3, 0, 1, 0, 0, 2, 1, 1, 2, 0, 0, 0, 0, 1, 1, 0, 0, 0, 1, 3, 0, 0, 1, 0, 0, 1, 0, 2, 0, 1, 0, 2, 1, 0, 0, 1, 1, 3, 0, 1, 3, 3, 1, 0, 0, 2, 0, 0, 0, 0, 1, 0, 0, 0, 1, 0, 1, 2, 0, 1, 1, 0, 0, 0, 0, 0],790.0799945868791,57951.42221290124,88960.86369927591,false
36,G1_CMAX,G1_CMAX,[31, 22, 82, 15, 26, 58, 95, 42, 77, 12, 93, 5, 47, 78, 86, 21, 63, 18, 44, 20, 35, 43, 97, 91, 76, 10, 30, 85, 45, 71, 64, 23, 17, 83, 24, 14, 60, 25, 6, 54, 40, 88, 65, 56, 79, 57, 69, 67, 46, 75, 38, 99, 19, 32, 41, 81, 27, 87, 90, 9, 59, 11, 16, 72, 73, 70, 39, 37, 84, 1, 3, 92, 36, 55, 48, 68, 96, 29, 51, 62, 33, 61, 98, 66, 89, 50, 4, 7, 53, 80, 94, 28, 34, 49, 52, 0, 74, 8, 2, 13]|[1, 1, 0, 1, 1, 0, 1, 1, 2, 1, 2, 2, 2, 1, 1, 0, 1, 0, 2, 2, 0, 1, 2, 0, 1, 2, 2, 2, 0, 1, 2, 2, 1, 0, 2, 0, 1, 1, 0, 0, 1, 1, 0, 2, 1, 1, 1, 0, 0, 0, 1, 1, 2, 1, 2, 2, 0, 2, 1, 0, 1, 2, 1, 2, 1, 1, 1, 1, 1, 1, 1, 0, 1, 1, 0, 0, 2, 0, 0, 0, 2, 1, 2, 2, 1, 0, 1, 0, 0, 0, 1, 0, 2, 0, 1, 0, 2, 1, 0, 0]|[0, 3, 2, 2, 4, 1, 2, 3, 2, 4, 2, 1, 1, 4, 4, 1, 4, 2, 1, 1, 1, 1, 2, 1, 2, 1, 1, 2, 1, 3, 2, 0, 4, 0, 1, 1, 0, 3, 2, 1, 2, 0, 1, 1, 0, 2, 4, 0, 2, 2, 1, 4, 0, 3, 2, 1, 1, 1, 3, 1, 1, 1, 3, 0, 4, 3, 1, 4, 1, 3, 1, 0, 4, 2, 1, 1, 1, 1, 1, 2, 1, 3, 1, 1, 1, 1, 4, 0, 2, 1, 3, 2, 1, 1, 1, 2, 1, 4, 2, 2]|[0, 2, 1, 1, 3, 0, 1, 3, 0, 0, 0, 0, 0, 0, 1, 0, 3, 1, 0, 0, 0, 3, 1, 0, 2, 0, 0, 1, 1, 0, 0, 0, 3, 0, 1, 0, 0, 2, 1, 0, 1, 0, 0, 0, 0, 1, 2, 1, 0, 0, 1, 3, 0, 0, 1, 0, 0, 0, 2, 0, 1, 0, 2, 1, 0, 0, 1, 1, 3, 0, 1, 1, 3, 3, 0, 0, 0, 0, 0, 1, 0, 0, 0, 0, 1, 0, 0, 0, 1, 0, 2, 1, 0, 1, 1, 0, 0, 2, 0, 0],717.7746778690674,58051.11429889491,97947.81742761745,false
36,G4_BALANCED,G3_TWC,[31, 22, 82, 15, 26, 58, 95, 42, 77, 12, 47, 5, 93, 78, 98, 54, 85, 63, 18, 44, 81, 35, 43, 97, 91, 76, 10, 30, 21, 45, 71, 64, 1, 23, 17, 83, 24, 14, 60, 36, 6, 57, 94, 88, 67, 56, 79, 40, 65, 68, 46, 75, 38, 9, 19, 32, 20, 41, 27, 62, 87, 90, 99, 59, 11, 16, 72, 73, 70, 39, 37, 84, 3, 92, 25, 55, 28, 29, 51, 7, 33, 61, 86, 48, 89, 50, 66, 96, 53, 80, 8, 4, 34, 49, 52, 2, 13, 0, 69, 74]|[1, 1, 0, 1, 1, 1, 2, 1, 2, 1, 2, 2, 2, 1, 1, 0, 0, 1, 0, 2, 2, 0, 1, 2, 0, 1, 2, 2, 0, 0, 1, 2, 1, 2, 1, 0, 2, 0, 1, 1, 0, 1, 1, 1, 0, 2, 1, 1, 0, 0, 0, 0, 1, 1, 2, 1, 2, 0, 0, 0, 2, 1, 0, 1, 2, 1, 2, 1, 1, 1, 1, 1, 1, 0, 1, 1, 0, 0, 0, 1, 2, 1, 0, 0, 1, 0, 0, 0, 0, 0, 1, 0, 2, 0, 1, 0, 0, 0, 1, 2]|[4, 3, 2, 2, 0, 0, 2, 2, 2, 4, 1, 1, 2, 4, 4, 1, 1, 4, 2, 1, 1, 1, 1, 2, 1, 2, 1, 1, 1, 1, 3, 2, 3, 0, 4, 0, 1, 1, 0, 3, 2, 2, 4, 0, 1, 1, 0, 2, 1, 1, 2, 2, 1, 4, 0, 3, 1, 1, 1, 2, 1, 3, 1, 1, 1, 3, 0, 4, 3, 1, 4, 1, 1, 2, 4, 4, 2, 1, 1, 3, 1, 3, 1, 1, 1, 1, 1, 1, 2, 1, 3, 2, 1, 1, 1, 2, 2, 2, 3, 1]|[0, 2, 1, 1, 3, 3, 0, 1, 0, 0, 0, 0, 1, 0, 1, 0, 0, 3, 1, 0, 0, 0, 3, 1, 0, 2, 0, 0, 0, 1, 0, 0, 0, 0, 3, 0, 1, 0, 0, 2, 1, 1, 2, 0, 0, 0, 0, 1, 0, 0, 0, 0, 1, 3, 0, 0, 0, 0, 0, 1, 0, 2, 0, 1, 0, 2, 1, 0, 0, 1, 1, 3, 1, 1, 3, 3, 1, 0, 0, 2, 0, 0, 0, 0, 1, 0, 0, 0, 1, 0, 2, 1, 0, 1, 1, 0, 0, 0, 0, 0],843.4709970845271,57228.31881936741,89928.46452215366,true
36,G2_TEC,G2_TEC,[31, 22, 82, 15, 26, 9, 95, 42, 77, 68, 47, 5, 93, 78, 86, 54, 85, 63, 18, 44, 20, 49, 36, 14, 74, 50, 53, 17, 21, 28, 11, 64, 3, 23, 30, 83, 24, 41, 40, 52, 65, 27, 90, 70, 39, 87, 48, 69, 99, 4, 75, 1, 13, 58, 97, 59, 45, 8, 73, 37, 35, 79, 71, 66, 76, 32, 60, 80, 56, 6, 67, 61, 33, 7, 57, 34, 12, 16, 10, 98, 96, 88, 43, 46, 91, 38, 84, 92, 29, 19, 51, 55, 81, 89, 25, 72, 94, 2, 0, 62]|[2, 1, 2, 1, 1, 2, 1, 1, 1, 1, 1, 0, 2, 2, 1, 2, 0, 0, 0, 2, 2, 1, 0, 2, 0, 2, 2, 1, 0, 1, 1, 1, 0, 0, 1, 0, 2, 1, 2, 2, 0, 0, 1, 1, 0, 2, 0, 2, 1, 0, 0, 2, 0, 0, 2, 0, 1, 1, 0, 0, 2, 1, 1, 2, 2, 0, 2, 2, 2, 1, 2, 1, 1, 2, 0, 1, 1, 2, 1, 2, 0, 1, 1, 0, 1, 0, 0, 0, 1, 1, 1, 0, 1, 1, 1, 1, 2, 2, 0, 1]|[0, 3, 0, 3, 4, 1, 4, 4, 2, 4, 3, 2, 1, 0, 2, 1, 1, 1, 2, 1, 1, 3, 0, 1, 0, 1, 1, 4, 1, 4, 3, 2, 2, 0, 4, 1, 1, 4, 1, 1, 2, 1, 4, 4, 1, 1, 0, 2, 3, 2, 2, 1, 2, 1, 1, 2, 4, 3, 0, 2, 2, 3, 3, 1, 1, 2, 1, 1, 1, 4, 1, 3, 4, 1, 2, 4, 3, 1, 3, 1, 2, 4, 4, 2, 3, 2, 2, 2, 3, 4, 3, 2, 4, 4, 4, 4, 1, 1, 2, 3]|[0, 2, 0, 0, 3, 0, 1, 3, 0, 0, 2, 0, 1, 0, 1, 0, 0, 0, 1, 0, 0, 2, 0, 0, 1, 0, 0, 3, 0, 1, 0, 2, 0, 0, 3, 0, 1, 1, 0, 0, 0, 0, 1, 3, 0, 0, 1, 0, 2, 0, 0, 0, 0, 0, 1, 0, 1, 0, 1, 1, 0, 2, 0, 0, 0, 0, 0, 0, 0, 2, 0, 0, 1, 0, 0, 1, 0, 0, 3, 0, 0, 1, 2, 0, 0, 0, 0, 0, 3, 1, 0, 0, 2, 1, 3, 1, 0, 0, 0, 0],908.8272556494078,49235.066718390466,107289.32240407266,false
36,G3_TWC,G3_TWC,[31, 22, 82, 15, 26, 58, 95, 42, 77, 12, 47, 5, 93, 78, 98, 54, 85, 63, 18, 44, 20, 35, 43, 97, 91, 76, 10, 30, 21, 45, 71, 64, 1, 23, 17, 83, 24, 14, 60, 36, 6, 57, 94, 88, 65, 56, 79, 40, 67, 68, 46, 75, 39, 9, 19, 32, 81, 96, 27, 62, 87, 90, 99, 59, 11, 16, 72, 73, 70, 38, 37, 84, 3, 92, 25, 55, 28, 29, 51, 7, 33, 61, 86, 48, 89, 50, 69, 41, 53, 80, 4, 8, 34, 49, 52, 0, 13, 2, 66, 74]|[1, 1, 0, 1, 1, 1, 2, 1, 2, 1, 2, 2, 2, 1, 1, 0, 0, 1, 0, 2, 2, 0, 1, 2, 0, 1, 2, 2, 0, 0, 1, 2, 1, 2, 1, 0, 2, 0, 1, 1, 0, 1, 1, 1, 0, 2, 1, 1, 0, 0, 0, 0, 1, 1, 2, 1, 2, 0, 0, 0, 2, 1, 0, 1, 2, 1, 2, 1, 1, 1, 1, 1, 2, 0, 1, 1, 0, 0, 0, 1, 2, 1, 0, 0, 1, 0, 1, 0, 0, 0, 0, 1, 2, 0, 1, 0, 0, 0, 2, 2]|[4, 3, 2, 2, 0, 0, 2, 2, 2, 4, 1, 1, 2, 4, 4, 1, 1, 4, 2, 1, 1, 1, 1, 2, 1, 2, 1, 1, 1, 1, 3, 2, 3, 0, 4, 0, 1, 1, 0, 3, 2, 2, 4, 0, 1, 1, 0, 2, 0, 1, 2, 2, 1, 4, 0, 3, 2, 1, 1, 2, 1, 3, 1, 1, 1, 3, 0, 4, 3, 1, 4, 1, 1, 2, 4, 4, 2, 1, 1, 3, 1, 3, 1, 1, 1, 1, 3, 1, 2, 1, 2, 3, 1, 1, 1, 2, 2, 2, 1, 1]|[0, 2, 1, 1, 3, 3, 0, 1, 0, 0, 0, 0, 1, 0, 1, 0, 0, 3, 1, 0, 0, 0, 3, 1, 0, 2, 0, 0, 0, 1, 0, 0, 0, 0, 3, 0, 1, 0, 0, 2, 1, 1, 2, 0, 0, 0, 0, 1, 1, 0, 0, 0, 1, 3, 0, 0, 1, 0, 0, 1, 0, 2, 0, 1, 0, 2, 1, 0, 0, 1, 1, 3, 0, 1, 3, 3, 1, 0, 0, 2, 0, 0, 0, 0, 1, 0, 0, 0, 1, 0, 1, 2, 0, 1, 1, 0, 0, 0, 0, 0],790.0799945868791,57951.42221290124,88960.86369927591,false
36,G1_CMAX,G1_CMAX,[31, 22, 82, 15, 26, 58, 95, 42, 77, 12, 93, 5, 47, 78, 86, 21, 63, 18, 44, 20, 35, 43, 97, 91, 76, 10, 30, 85, 45, 71, 64, 23, 17, 83, 24, 14, 60, 25, 6, 54, 40, 88, 65, 56, 79, 57, 69, 67, 46, 75, 38, 99, 19, 32, 41, 81, 27, 87, 90, 9, 59, 11, 16, 72, 73, 70, 39, 37, 84, 1, 3, 92, 36, 55, 48, 68, 96, 29, 51, 62, 33, 61, 98, 66, 89, 50, 4, 7, 53, 80, 94, 28, 34, 49, 52, 0, 74, 8, 2, 13]|[1, 1, 0, 1, 1, 0, 1, 1, 2, 1, 2, 2, 2, 1, 1, 0, 1, 0, 2, 2, 0, 1, 2, 0, 1, 2, 2, 2, 0, 1, 2, 2, 1, 0, 2, 0, 1, 1, 0, 0, 1, 1, 0, 2, 1, 1, 1, 0, 0, 0, 1, 1, 2, 1, 2, 2, 0, 2, 1, 0, 1, 2, 1, 2, 1, 1, 1, 1, 1, 1, 1, 0, 1, 1, 0, 0, 2, 0, 0, 0, 2, 1, 2, 2, 1, 0, 1, 0, 0, 0, 1, 0, 2, 0, 1, 0, 2, 1, 0, 0]|[0, 3, 2, 2, 4, 1, 2, 3, 2, 4, 2, 1, 1, 4, 4, 1, 4, 2, 1, 1, 1, 1, 2, 1, 2, 1, 1, 2, 1, 3, 2, 0, 4, 0, 1, 1, 0, 3, 2, 1, 2, 0, 1, 1, 0, 2, 4, 0, 2, 2, 1, 4, 0, 3, 2, 1, 1, 1, 3, 1, 1, 1, 3, 0, 4, 3, 1, 4, 1, 3, 1, 0, 4, 2, 1, 1, 1, 1, 1, 2, 1, 3, 1, 1, 1, 1, 4, 0, 2, 1, 3, 2, 1, 1, 1, 2, 1, 4, 2, 2]|[0, 2, 1, 1, 3, 0, 1, 3, 0, 0, 0, 0, 0, 0, 1, 0, 3, 1, 0, 0, 0, 3, 1, 0, 2, 0, 0, 1, 1, 0, 0, 0, 3, 0, 1, 0, 0, 2, 1, 0, 1, 0, 0, 0, 0, 1, 2, 1, 0, 0, 1, 3, 0, 0, 1, 0, 0, 0, 2, 0, 1, 0, 2, 1, 0, 0, 1, 1, 3, 0, 1, 1, 3, 3, 0, 0, 0, 0, 0, 1, 0, 0, 0, 0, 1, 0, 0, 0, 1, 0, 2, 1, 0, 1, 1, 0, 0, 2, 0, 0],717.7746778690674,58051.11429889491,97947.81742761745,false
36,G4_BALANCED,G4_BALANCED,[31, 11, 15, 82, 26, 9, 95, 32, 77, 68, 47, 5, 93, 78, 86, 54, 85, 63, 18, 44, 20, 49, 36, 14, 74, 50, 53, 17, 21, 45, 71, 64, 3, 23, 30, 83, 24, 41, 60, 52, 65, 27, 90, 70, 39, 87, 48, 69, 99, 4, 46, 1, 13, 58, 97, 59, 28, 8, 73, 37, 35, 79, 22, 66, 76, 42, 40, 80, 96, 6, 16, 61, 33, 7, 57, 34, 12, 67, 10, 98, 56, 88, 29, 75, 91, 38, 19, 92, 43, 84, 51, 72, 81, 0, 2, 55, 94, 89, 62, 25]|[2, 1, 1, 2, 1, 2, 1, 1, 1, 1, 1, 0, 2, 2, 1, 2, 0, 0, 0, 2, 2, 1, 0, 2, 0, 2, 2, 1, 0, 1, 1, 1, 0, 0, 1, 0, 2, 1, 2, 2, 0, 0, 1, 1, 0, 2, 0, 2, 1, 0, 0, 2, 0, 0, 2, 0, 1, 1, 0, 0, 2, 1, 0, 2, 2, 0, 2, 2, 0, 1, 2, 1, 1, 2, 0, 1, 1, 1, 1, 2, 2, 1, 1, 0, 1, 0, 1, 0, 1, 0, 1, 1, 1, 0, 2, 0, 2, 1, 1, 1]|[1, 3, 2, 0, 4, 1, 4, 4, 2, 4, 3, 2, 1, 0, 2, 1, 1, 1, 2, 1, 1, 3, 0, 1, 0, 1, 1, 4, 1, 4, 3, 2, 2, 0, 4, 1, 1, 4, 0, 1, 2, 1, 4, 4, 1, 1, 0, 2, 3, 2, 2, 1, 2, 1, 1, 2, 4, 3, 0, 2, 2, 3, 1, 0, 1, 2, 0, 1, 2, 4, 1, 3, 4, 1, 2, 4, 3, 3, 3, 1, 1, 4, 3, 2, 3, 2, 4, 2, 4, 2, 3, 4, 1, 2, 1, 2, 1, 4, 3, 4]|[1, 2, 1, 0, 3, 0, 1, 3, 0, 0, 2, 0, 1, 0, 1, 0, 0, 0, 1, 0, 0, 2, 0, 0, 1, 0, 0, 3, 0, 1, 0, 2, 0, 1, 3, 0, 1, 3, 1, 0, 0, 0, 1, 3, 0, 0, 1, 0, 2, 0, 0, 0, 0, 0, 1, 0, 1, 0, 1, 1, 0, 2, 0, 0, 0, 0, 0, 0, 0, 2, 0, 0, 1, 0, 0, 1, 0, 0, 3, 0, 0, 1, 0, 0, 0, 0, 3, 0, 2, 0, 0, 2, 1, 0, 0, 0, 0, 1, 0, 3],846.6109372053031,52128.769557101376,106800.59864073119,false
36,G2_TEC,G2_TEC,[31, 22, 82, 15, 26, 9, 95, 42, 77, 68, 47, 5, 93, 78, 86, 54, 85, 63, 18, 44, 20, 49, 36, 14, 74, 50, 53, 17, 21, 28, 11, 64, 3, 23, 30, 83, 24, 41, 40, 52, 65, 27, 90, 70, 39, 87, 48, 69, 99, 4, 75, 1, 13, 58, 97, 59, 45, 8, 73, 37, 35, 79, 71, 66, 76, 32, 60, 80, 56, 6, 67, 61, 33, 7, 57, 34, 12, 16, 10, 98, 96, 88, 43, 46, 91, 38, 84, 92, 29, 19, 51, 55, 81, 89, 25, 72, 94, 2, 0, 62]|[2, 1, 2, 1, 1, 2, 1, 1, 1, 1, 1, 0, 2, 2, 1, 2, 0, 0, 0, 2, 2, 1, 0, 2, 0, 2, 2, 1, 0, 1, 1, 1, 0, 0, 1, 0, 2, 1, 2, 2, 0, 0, 1, 1, 0, 2, 0, 2, 1, 0, 0, 2, 0, 0, 2, 0, 1, 1, 0, 0, 2, 1, 1, 2, 2, 0, 2, 2, 2, 1, 2, 1, 1, 2, 0, 1, 1, 2, 1, 2, 0, 1, 1, 0, 1, 0, 0, 0, 1, 1, 1, 0, 1, 1, 1, 1, 2, 2, 0, 1]|[0, 3, 0, 3, 4, 1, 4, 4, 2, 4, 3, 2, 1, 0, 2, 1, 1, 1, 2, 1, 1, 3, 0, 1, 0, 1, 1, 4, 1, 4, 3, 2, 2, 0, 4, 1, 1, 4, 1, 1, 2, 1, 4, 4, 1, 1, 0, 2, 3, 2, 2, 1, 2, 1, 1, 2, 4, 3, 0, 2, 2, 3, 3, 1, 1, 2, 1, 1, 1, 4, 1, 3, 4, 1, 2, 4, 3, 1, 3, 1, 2, 4, 4, 2, 3, 2, 2, 2, 3, 4, 3, 2, 4, 4, 4, 4, 1, 1, 2, 3]|[0, 2, 0, 0, 3, 0, 1, 3, 0, 0, 2, 0, 1, 0, 1, 0, 0, 0, 1, 0, 0, 2, 0, 0, 1, 0, 0, 3, 0, 1, 0, 2, 0, 0, 3, 0, 1, 1, 0, 0, 0, 0, 1, 3, 0, 0, 1, 0, 2, 0, 0, 0, 0, 0, 1, 0, 1, 0, 1, 1, 0, 2, 0, 0, 0, 0, 0, 0, 0, 2, 0, 0, 1, 0, 0, 1, 0, 0, 3, 0, 0, 1, 2, 0, 0, 0, 0, 0, 3, 1, 0, 0, 2, 1, 3, 1, 0, 0, 0, 0],908.8272556494078,49235.066718390466,107289.32240407266,false
36,G3_TWC,G3_TWC,[31, 22, 82, 15, 26, 58, 95, 42, 77, 12, 47, 5, 93, 78, 98, 54, 85, 63, 18, 44, 20, 35, 43, 97, 91, 76, 10, 30, 21, 45, 71, 64, 1, 23, 17, 83, 24, 14, 60, 36, 6, 57, 94, 88, 65, 56, 79, 40, 67, 68, 46, 75, 39, 9, 19, 32, 81, 96, 27, 62, 87, 90, 99, 59, 11, 16, 72, 73, 70, 38, 37, 84, 3, 92, 25, 55, 28, 29, 51, 7, 33, 61, 86, 48, 89, 50, 69, 41, 53, 80, 4, 8, 34, 49, 52, 0, 13, 2, 66, 74]|[1, 1, 0, 1, 1, 1, 2, 1, 2, 1, 2, 2, 2, 1, 1, 0, 0, 1, 0, 2, 2, 0, 1, 2, 0, 1, 2, 2, 0, 0, 1, 2, 1, 2, 1, 0, 2, 0, 1, 1, 0, 1, 1, 1, 0, 2, 1, 1, 0, 0, 0, 0, 1, 1, 2, 1, 2, 0, 0, 0, 2, 1, 0, 1, 2, 1, 2, 1, 1, 1, 1, 1, 2, 0, 1, 1, 0, 0, 0, 1, 2, 1, 0, 0, 1, 0, 1, 0, 0, 0, 0, 1, 2, 0, 1, 0, 0, 0, 2, 2]|[4, 3, 2, 2, 0, 0, 2, 2, 2, 4, 1, 1, 2, 4, 4, 1, 1, 4, 2, 1, 1, 1, 1, 2, 1, 2, 1, 1, 1, 1, 3, 2, 3, 0, 4, 0, 1, 1, 0, 3, 2, 2, 4, 0, 1, 1, 0, 2, 0, 1, 2, 2, 1, 4, 0, 3, 2, 1, 1, 2, 1, 3, 1, 1, 1, 3, 0, 4, 3, 1, 4, 1, 1, 2, 4, 4, 2, 1, 1, 3, 1, 3, 1, 1, 1, 1, 3, 1, 2, 1, 2, 3, 1, 1, 1, 2, 2, 2, 1, 1]|[0, 2, 1, 1, 3, 3, 0, 1, 0, 0, 0, 0, 1, 0, 1, 0, 0, 3, 1, 0, 0, 0, 3, 1, 0, 2, 0, 0, 0, 1, 0, 0, 0, 0, 3, 0, 1, 0, 0, 2, 1, 1, 2, 0, 0, 0, 0, 1, 1, 0, 0, 0, 1, 3, 0, 0, 1, 0, 0, 1, 0, 2, 0, 1, 0, 2, 1, 0, 0, 1, 1, 3, 0, 1, 3, 3, 1, 0, 0, 2, 0, 0, 0, 0, 1, 0, 0, 0, 1, 0, 1, 2, 0, 1, 1, 0, 0, 0, 0, 0],790.0799945868791,57951.42221290124,88960.86369927591,false
36,G1_CMAX,G1_CMAX,[31, 22, 82, 15, 26, 58, 95, 42, 77, 12, 93, 5, 47, 78, 86, 21, 63, 18, 44, 20, 35, 43, 97, 91, 76, 10, 30, 85, 45, 71, 64, 23, 17, 83, 24, 14, 60, 25, 6, 54, 40, 88, 65, 56, 79, 57, 69, 67, 46, 75, 38, 99, 19, 32, 41, 81, 27, 87, 90, 9, 59, 11, 16, 72, 73, 70, 39, 37, 84, 1, 3, 92, 36, 55, 48, 68, 96, 29, 51, 62, 33, 61, 98, 66, 89, 50, 4, 7, 53, 80, 94, 28, 34, 49, 52, 0, 74, 8, 2, 13]|[1, 1, 0, 1, 1, 0, 1, 1, 2, 1, 2, 2, 2, 1, 1, 0, 1, 0, 2, 2, 0, 1, 2, 0, 1, 2, 2, 2, 0, 1, 2, 2, 1, 0, 2, 0, 1, 1, 0, 0, 1, 1, 0, 2, 1, 1, 1, 0, 0, 0, 1, 1, 2, 1, 2, 2, 0, 2, 1, 0, 1, 2, 1, 2, 1, 1, 1, 1, 1, 1, 1, 0, 1, 1, 0, 0, 2, 0, 0, 0, 2, 1, 2, 2, 1, 0, 1, 0, 0, 0, 1, 0, 2, 0, 1, 0, 2, 1, 0, 0]|[0, 3, 2, 2, 4, 1, 2, 3, 2, 4, 2, 1, 1, 4, 4, 1, 4, 2, 1, 1, 1, 1, 2, 1, 2, 1, 1, 2, 1, 3, 2, 0, 4, 0, 1, 1, 0, 3, 2, 1, 2, 0, 1, 1, 0, 2, 4, 0, 2, 2, 1, 4, 0, 3, 2, 1, 1, 1, 3, 1, 1, 1, 3, 0, 4, 3, 1, 4, 1, 3, 1, 0, 4, 2, 1, 1, 1, 1, 1, 2, 1, 3, 1, 1, 1, 1, 4, 0, 2, 1, 3, 2, 1, 1, 1, 2, 1, 4, 2, 2]|[0, 2, 1, 1, 3, 0, 1, 3, 0, 0, 0, 0, 0, 0, 1, 0, 3, 1, 0, 0, 0, 3, 1, 0, 2, 0, 0, 1, 1, 0, 0, 0, 3, 0, 1, 0, 0, 2, 1, 0, 1, 0, 0, 0, 0, 1, 2, 1, 0, 0, 1, 3, 0, 0, 1, 0, 0, 0, 2, 0, 1, 0, 2, 1, 0, 0, 1, 1, 3, 0, 1, 1, 3, 3, 0, 0, 0, 0, 0, 1, 0, 0, 0, 0, 1, 0, 0, 0, 1, 0, 2, 1, 0, 1, 1, 0, 0, 2, 0, 0],717.7746778690674,58051.11429889491,97947.81742761745,false
36,G4_BALANCED,G3_TWC,[31, 22, 82, 15, 26, 58, 95, 42, 77, 12, 47, 5, 93, 78, 98, 54, 85, 63, 18, 44, 20, 35, 43, 97, 91, 76, 10, 30, 21, 45, 71, 64, 1, 23, 17, 83, 24, 14, 60, 36, 6, 57, 94, 88, 65, 56, 79, 40, 67, 68, 46, 75, 38, 9, 19, 32, 81, 41, 27, 62, 87, 90, 99, 59, 11, 16, 72, 73, 70, 39, 37, 84, 3, 92, 25, 55, 28, 29, 51, 7, 33, 61, 86, 66, 89, 50, 48, 96, 53, 80, 4, 8, 34, 49, 52, 2, 13, 0, 69, 74]|[1, 1, 0, 1, 1, 1, 2, 1, 2, 1, 2, 2, 2, 1, 1, 0, 0, 1, 0, 2, 2, 0, 1, 2, 0, 1, 2, 2, 0, 0, 1, 2, 1, 2, 1, 0, 2, 0, 1, 1, 0, 1, 1, 1, 0, 2, 1, 1, 0, 0, 0, 0, 1, 1, 2, 1, 2, 0, 0, 0, 2, 1, 0, 1, 2, 1, 2, 1, 1, 1, 1, 1, 1, 0, 1, 1, 0, 0, 0, 1, 2, 1, 0, 2, 1, 0, 0, 0, 0, 0, 0, 1, 2, 0, 1, 0, 0, 0, 1, 2]|[4, 3, 2, 2, 0, 0, 2, 2, 2, 4, 1, 1, 2, 4, 4, 1, 2, 4, 2, 1, 1, 1, 1, 2, 1, 2, 1, 1, 2, 1, 3, 2, 3, 0, 4, 0, 1, 1, 0, 3, 2, 2, 4, 0, 1, 1, 0, 1, 0, 1, 2, 2, 1, 4, 0, 3, 1, 1, 1, 2, 1, 3, 1, 1, 1, 3, 0, 4, 3, 1, 4, 1, 1, 2, 4, 4, 2, 1, 1, 3, 1, 3, 1, 1, 1, 1, 1, 1, 2, 1, 2, 3, 1, 1, 1, 2, 2, 2, 3, 1]|[0, 2, 1, 1, 3, 3, 0, 1, 0, 0, 0, 0, 1, 0, 1, 0, 0, 3, 1, 0, 0, 0, 3, 1, 0, 2, 0, 0, 0, 1, 0, 0, 0, 0, 3, 0, 1, 0, 0, 2, 1, 1, 2, 0, 0, 0, 0, 1, 1, 0, 0, 0, 1, 3, 0, 0, 0, 0, 0, 1, 0, 2, 0, 1, 0, 2, 1, 0, 0, 1, 1, 3, 1, 1, 3, 3, 1, 0, 0, 2, 0, 0, 0, 0, 1, 0, 0, 0, 1, 0, 1, 2, 0, 1, 1, 0, 0, 0, 0, 0],802.1679574225899,57444.92327030251,90654.40736391596,true
36,G2_TEC,G2_TEC,[31, 22, 82, 15, 26, 9, 95, 42, 77, 68, 47, 5, 93, 78, 86, 54, 85, 63, 18, 44, 20, 49, 36, 14, 74, 50, 53, 17, 21, 28, 11, 64, 3, 23, 30, 83, 24, 41, 40, 52, 65, 27, 90, 70, 39, 87, 48, 69, 99, 4, 75, 1, 13, 58, 97, 59, 45, 8, 73, 37, 35, 79, 71, 66, 76, 32, 60, 80, 56, 6, 67, 61, 33, 7, 57, 34, 12, 16, 10, 98, 96, 88, 43, 46, 91, 38, 84, 92, 29, 19, 51, 55, 81, 89, 25, 72, 94, 2, 0, 62]|[2, 1, 2, 1, 1, 2, 1, 1, 1, 1, 1, 0, 2, 2, 1, 2, 0, 0, 0, 2, 2, 1, 0, 2, 0, 2, 2, 1, 0, 1, 1, 1, 0, 0, 1, 0, 2, 1, 2, 2, 0, 0, 1, 1, 0, 2, 0, 2, 1, 0, 0, 2, 0, 0, 2, 0, 1, 1, 0, 0, 2, 1, 1, 2, 2, 0, 2, 2, 2, 1, 2, 1, 1, 2, 0, 1, 1, 2, 1, 2, 0, 1, 1, 0, 1, 0, 0, 0, 1, 1, 1, 0, 1, 1, 1, 1, 2, 2, 0, 1]|[0, 3, 0, 3, 4, 1, 4, 4, 2, 4, 3, 2, 1, 0, 2, 1, 1, 1, 2, 1, 1, 3, 0, 1, 0, 1, 1, 4, 1, 4, 3, 2, 2, 0, 4, 1, 1, 4, 1, 1, 2, 1, 4, 4, 1, 1, 0, 2, 3, 2, 2, 1, 2, 1, 1, 2, 4, 3, 0, 2, 2, 3, 3, 1, 1, 2, 1, 1, 1, 4, 1, 3, 4, 1, 2, 4, 3, 1, 3, 1, 2, 4, 4, 2, 3, 2, 2, 2, 3, 4, 3, 2, 4, 4, 4, 4, 1, 1, 2, 3]|[0, 2, 0, 0, 3, 0, 1, 3, 0, 0, 2, 0, 1, 0, 1, 0, 0, 0, 1, 0, 0, 2, 0, 0, 1, 0, 0, 3, 0, 1, 0, 2, 0, 0, 3, 0, 1, 1, 0, 0, 0, 0, 1, 3, 0, 0, 1, 0, 2, 0, 0, 0, 0, 0, 1, 0, 1, 0, 1, 1, 0, 2, 0, 0, 0, 0, 0, 0, 0, 2, 0, 0, 1, 0, 0, 1, 0, 0, 3, 0, 0, 1, 2, 0, 0, 0, 0, 0, 3, 1, 0, 0, 2, 1, 3, 1, 0, 0, 0, 0],908.8272556494078,49235.066718390466,107289.32240407266,false
36,G3_TWC,G3_TWC,[31, 22, 82, 15, 26, 58, 95, 42, 77, 12, 47, 5, 93, 78, 98, 54, 85, 63, 18, 44, 20, 35, 43, 97, 91, 76, 10, 30, 21, 45, 71, 64, 1, 23, 17, 83, 24, 14, 60, 36, 6, 57, 94, 88, 65, 56, 79, 40, 67, 68, 46, 75, 39, 9, 19, 32, 81, 96, 27, 62, 87, 90, 99, 59, 11, 16, 72, 73, 70, 38, 37, 84, 3, 92, 25, 55, 28, 29, 51, 7, 33, 61, 86, 48, 89, 50, 69, 41, 53, 80, 4, 8, 34, 49, 52, 0, 13, 2, 66, 74]|[1, 1, 0, 1, 1, 1, 2, 1, 2, 1, 2, 2, 2, 1, 1, 0, 0, 1, 0, 2, 2, 0, 1, 2, 0, 1, 2, 2, 0, 0, 1, 2, 1, 2, 1, 0, 2, 0, 1, 1, 0, 1, 1, 1, 0, 2, 1, 1, 0, 0, 0, 0, 1, 1, 2, 1, 2, 0, 0, 0, 2, 1, 0, 1, 2, 1, 2, 1, 1, 1, 1, 1, 2, 0, 1, 1, 0, 0, 0, 1, 2, 1, 0, 0, 1, 0, 1, 0, 0, 0, 0, 1, 2, 0, 1, 0, 0, 0, 2, 2]|[4, 3, 2, 2, 0, 0, 2, 2, 2, 4, 1, 1, 2, 4, 4, 1, 1, 4, 2, 1, 1, 1, 1, 2, 1, 2, 1, 1, 1, 1, 3, 2, 3, 0, 4, 0, 1, 1, 0, 3, 2, 2, 4, 0, 1, 1, 0, 2, 0, 1, 2, 2, 1, 4, 0, 3, 2, 1, 1, 2, 1, 3, 1, 1, 1, 3, 0, 4, 3, 1, 4, 1, 1, 2, 4, 4, 2, 1, 1, 3, 1, 3, 1, 1, 1, 1, 3, 1, 2, 1, 2, 3, 1, 1, 1, 2, 2, 2, 1, 1]|[0, 2, 1, 1, 3, 3, 0, 1, 0, 0, 0, 0, 1, 0, 1, 0, 0, 3, 1, 0, 0, 0, 3, 1, 0, 2, 0, 0, 0, 1, 0, 0, 0, 0, 3, 0, 1, 0, 0, 2, 1, 1, 2, 0, 0, 0, 0, 1, 1, 0, 0, 0, 1, 3, 0, 0, 1, 0, 0, 1, 0, 2, 0, 1, 0, 2, 1, 0, 0, 1, 1, 3, 0, 1, 3, 3, 1, 0, 0, 2, 0, 0, 0, 0, 1, 0, 0, 0, 1, 0, 1, 2, 0, 1, 1, 0, 0, 0, 0, 0],790.0799945868791,57951.42221290124,88960.86369927591,false
36,G1_CMAX,G1_CMAX,[31, 22, 82, 15, 26, 58, 95, 42, 77, 12, 93, 5, 47, 78, 86, 21, 63, 18, 44, 20, 35, 43, 97, 91, 76, 10, 30, 85, 45, 71, 64, 23, 17, 83, 24, 14, 60, 25, 6, 54, 40, 88, 65, 56, 79, 57, 69, 67, 46, 75, 38, 99, 19, 32, 41, 81, 27, 87, 90, 9, 59, 11, 16, 72, 73, 70, 39, 37, 84, 1, 3, 92, 36, 55, 48, 68, 96, 29, 51, 62, 33, 61, 98, 66, 89, 50, 4, 7, 53, 80, 94, 28, 34, 49, 52, 0, 74, 8, 2, 13]|[1, 1, 0, 1, 1, 0, 1, 1, 2, 1, 2, 2, 2, 1, 1, 0, 1, 0, 2, 2, 0, 1, 2, 0, 1, 2, 2, 2, 0, 1, 2, 2, 1, 0, 2, 0, 1, 1, 0, 0, 1, 1, 0, 2, 1, 1, 1, 0, 0, 0, 1, 1, 2, 1, 2, 2, 0, 2, 1, 0, 1, 2, 1, 2, 1, 1, 1, 1, 1, 1, 1, 0, 1, 1, 0, 0, 2, 0, 0, 0, 2, 1, 2, 2, 1, 0, 1, 0, 0, 0, 1, 0, 2, 0, 1, 0, 2, 1, 0, 0]|[0, 3, 2, 2, 4, 1, 2, 3, 2, 4, 2, 1, 1, 4, 4, 1, 4, 2, 1, 1, 1, 1, 2, 1, 2, 1, 1, 2, 1, 3, 2, 0, 4, 0, 1, 1, 0, 3, 2, 1, 2, 0, 1, 1, 0, 2, 4, 0, 2, 2, 1, 4, 0, 3, 2, 1, 1, 1, 3, 1, 1, 1, 3, 0, 4, 3, 1, 4, 1, 3, 1, 0, 4, 2, 1, 1, 1, 1, 1, 2, 1, 3, 1, 1, 1, 1, 4, 0, 2, 1, 3, 2, 1, 1, 1, 2, 1, 4, 2, 2]|[0, 2, 1, 1, 3, 0, 1, 3, 0, 0, 0, 0, 0, 0, 1, 0, 3, 1, 0, 0, 0, 3, 1, 0, 2, 0, 0, 1, 1, 0, 0, 0, 3, 0, 1, 0, 0, 2, 1, 0, 1, 0, 0, 0, 0, 1, 2, 1, 0, 0, 1, 3, 0, 0, 1, 0, 0, 0, 2, 0, 1, 0, 2, 1, 0, 0, 1, 1, 3, 0, 1, 1, 3, 3, 0, 0, 0, 0, 0, 1, 0, 0, 0, 0, 1, 0, 0, 0, 1, 0, 2, 1, 0, 1, 1, 0, 0, 2, 0, 0],717.7746778690674,58051.11429889491,97947.81742761745,false
36,G4_BALANCED,G3_TWC,[31, 22, 82, 15, 26, 58, 95, 42, 77, 12, 47, 5, 93, 78, 98, 54, 85, 63, 18, 44, 20, 35, 43, 97, 91, 76, 10, 30, 21, 45, 71, 64, 1, 23, 17, 83, 24, 14, 60, 36, 6, 57, 94, 88, 65, 56, 79, 40, 67, 68, 46, 75, 38, 9, 19, 32, 81, 41, 27, 62, 87, 90, 99, 59, 11, 16, 72, 73, 70, 39, 37, 84, 3, 92, 25, 55, 28, 29, 51, 7, 33, 61, 86, 66, 89, 50, 48, 96, 53, 8, 4, 80, 34, 49, 52, 2, 13, 0, 69, 74]|[1, 1, 0, 1, 1, 1, 2, 1, 2, 1, 2, 2, 2, 1, 1, 0, 0, 1, 0, 2, 2, 0, 1, 2, 0, 1, 2, 2, 0, 0, 1, 2, 1, 2, 1, 0, 2, 0, 1, 1, 0, 1, 1, 1, 0, 2, 1, 1, 0, 2, 0, 0, 1, 1, 2, 1, 2, 0, 0, 0, 2, 1, 0, 1, 2, 1, 2, 1, 1, 1, 1, 1, 2, 0, 1, 1, 0, 0, 0, 1, 2, 1, 0, 2, 1, 0, 0, 0, 0, 1, 0, 0, 2, 0, 1, 0, 0, 0, 1, 2]|[4, 3, 2, 2, 4, 0, 2, 2, 2, 4, 1, 1, 2, 4, 4, 1, 1, 4, 2, 1, 1, 1, 1, 2, 1, 2, 1, 1, 1, 1, 3, 2, 3, 1, 4, 0, 1, 1, 0, 3, 2, 2, 4, 0, 1, 1, 0, 2, 0, 1, 2, 1, 1, 4, 0, 3, 2, 1, 1, 2, 1, 3, 1, 1, 1, 3, 0, 4, 3, 1, 4, 1, 1, 2, 4, 4, 2, 1, 1, 1, 1, 3, 1, 1, 1, 1, 1, 1, 2, 3, 2, 1, 1, 1, 1, 2, 2, 2, 3, 1]|[0, 2, 1, 1, 3, 3, 0, 1, 0, 0, 0, 0, 1, 0, 1, 0, 0, 3, 1, 0, 0, 0, 3, 1, 0, 2, 0, 0, 0, 1, 0, 0, 0, 0, 3, 0, 1, 0, 0, 2, 1, 1, 2, 0, 0, 0, 0, 1, 1, 0, 0, 0, 1, 3, 0, 0, 1, 0, 0, 1, 0, 2, 0, 1, 0, 2, 1, 0, 0, 1, 1, 3, 0, 1, 3, 3, 1, 0, 0, 2, 0, 0, 0, 0, 1, 0, 0, 0, 1, 2, 1, 0, 0, 1, 1, 0, 0, 0, 0, 0],774.753934266166,57219.08173655573,91107.27774858533,true
36,G2_TEC,G2_TEC,[31, 22, 82, 15, 26, 9, 95, 42, 77, 68, 47, 5, 93, 78, 86, 54, 85, 63, 18, 44, 20, 49, 36, 14, 74, 50, 53, 17, 21, 28, 11, 64, 3, 23, 30, 83, 24, 41, 40, 52, 65, 27, 90, 70, 39, 87, 48, 69, 99, 4, 75, 1, 13, 58, 97, 59, 45, 8, 73, 37, 35, 79, 71, 66, 76, 32, 60, 80, 56, 6, 67, 61, 33, 7, 57, 34, 12, 16, 10, 98, 96, 88, 43, 46, 91, 38, 84, 92, 29, 19, 51, 55, 81, 89, 25, 72, 94, 2, 0, 62]|[2, 1, 2, 1, 1, 2, 1, 1, 1, 1, 1, 0, 2, 2, 1, 2, 0, 0, 0, 2, 2, 1, 0, 2, 0, 2, 2, 1, 0, 1, 1, 1, 0, 0, 1, 0, 2, 1, 2, 2, 0, 0, 1, 1, 0, 2, 0, 2, 1, 0, 0, 2, 0, 0, 2, 0, 1, 1, 0, 0, 2, 1, 1, 2, 2, 0, 2, 2, 2, 1, 2, 1, 1, 2, 0, 1, 1, 2, 1, 2, 0, 1, 1, 0, 1, 0, 0, 0, 1, 1, 1, 0, 1, 1, 1, 1, 2, 2, 0, 1]|[0, 3, 0, 3, 4, 1, 4, 4, 2, 4, 3, 2, 1, 0, 2, 1, 1, 1, 2, 1, 1, 3, 0, 1, 0, 1, 1, 4, 1, 4, 3, 2, 2, 0, 4, 1, 1, 4, 1, 1, 2, 1, 4, 4, 1, 1, 0, 2, 3, 2, 2, 1, 2, 1, 1, 2, 4, 3, 0, 2, 2, 3, 3, 1, 1, 2, 1, 1, 1, 4, 1, 3, 4, 1, 2, 4, 3, 1, 3, 1, 2, 4, 4, 2, 3, 2, 2, 2, 3, 4, 3, 2, 4, 4, 4, 4, 1, 1, 2, 3]|[0, 2, 0, 0, 3, 0, 1, 3, 0, 0, 2, 0, 1, 0, 1, 0, 0, 0, 1, 0, 0, 2, 0, 0, 1, 0, 0, 3, 0, 1, 0, 2, 0, 0, 3, 0, 1, 1, 0, 0, 0, 0, 1, 3, 0, 0, 1, 0, 2, 0, 0, 0, 0, 0, 1, 0, 1, 0, 1, 1, 0, 2, 0, 0, 0, 0, 0, 0, 0, 2, 0, 0, 1, 0, 0, 1, 0, 0, 3, 0, 0, 1, 2, 0, 0, 0, 0, 0, 3, 1, 0, 0, 2, 1, 3, 1, 0, 0, 0, 0],908.8272556494078,49235.066718390466,107289.32240407266,false
36,G3_TWC,G3_TWC,[31, 22, 82, 15, 26, 58, 95, 42, 77, 12, 47, 5, 93, 78, 98, 54, 85, 63, 18, 44, 20, 35, 43, 97, 91, 76, 10, 30, 21, 45, 71, 64, 1, 23, 17, 83, 24, 14, 60, 36, 6, 57, 94, 88, 65, 56, 79, 40, 67, 68, 46, 75, 39, 9, 19, 32, 81, 96, 27, 62, 87, 90, 99, 59, 11, 16, 72, 73, 70, 38, 37, 84, 3, 92, 25, 55, 28, 29, 51, 7, 33, 61, 86, 48, 89, 50, 69, 41, 53, 80, 4, 8, 34, 49, 52, 0, 13, 2, 66, 74]|[1, 1, 0, 1, 1, 1, 2, 1, 2, 1, 2, 2, 2, 1, 1, 0, 0, 1, 0, 2, 2, 0, 1, 2, 0, 1, 2, 2, 0, 0, 1, 2, 1, 2, 1, 0, 2, 0, 1, 1, 0, 1, 1, 1, 0, 2, 1, 1, 0, 0, 0, 0, 1, 1, 2, 1, 2, 0, 0, 0, 2, 1, 0, 1, 2, 1, 2, 1, 1, 1, 1, 1, 2, 0, 1, 1, 0, 0, 0, 1, 2, 1, 0, 0, 1, 0, 1, 0, 0, 0, 0, 1, 2, 0, 1, 0, 0, 0, 2, 2]|[4, 3, 2, 2, 0, 0, 2, 2, 2, 4, 1, 1, 2, 4, 4, 1, 1, 4, 2, 1, 1, 1, 1, 2, 1, 2, 1, 1, 1, 1, 3, 2, 3, 0, 4, 0, 1, 1, 0, 3, 2, 2, 4, 0, 1, 1, 0, 2, 0, 1, 2, 2, 1, 4, 0, 3, 2, 1, 1, 2, 1, 3, 1, 1, 1, 3, 0, 4, 3, 1, 4, 1, 1, 2, 4, 4, 2, 1, 1, 3, 1, 3, 1, 1, 1, 1, 3, 1, 2, 1, 2, 3, 1, 1, 1, 2, 2, 2, 1, 1]|[0, 2, 1, 1, 3, 3, 0, 1, 0, 0, 0, 0, 1, 0, 1, 0, 0, 3, 1, 0, 0, 0, 3, 1, 0, 2, 0, 0, 0, 1, 0, 0, 0, 0, 3, 0, 1, 0, 0, 2, 1, 1, 2, 0, 0, 0, 0, 1, 1, 0, 0, 0, 1, 3, 0, 0, 1, 0, 0, 1, 0, 2, 0, 1, 0, 2, 1, 0, 0, 1, 1, 3, 0, 1, 3, 3, 1, 0, 0, 2, 0, 0, 0, 0, 1, 0, 0, 0, 1, 0, 1, 2, 0, 1, 1, 0, 0, 0, 0, 0],790.0799945868791,57951.42221290124,88960.86369927591,false
36,G1_CMAX,G1_CMAX,[31, 22, 82, 15, 26, 58, 95, 42, 77, 12, 93, 5, 47, 78, 86, 21, 63, 18, 44, 20, 35, 43, 97, 91, 76, 10, 30, 85, 45, 71, 64, 23, 17, 83, 24, 14, 60, 25, 6, 54, 40, 88, 65, 56, 79, 57, 69, 67, 46, 75, 38, 99, 19, 32, 41, 81, 27, 87, 90, 9, 59, 11, 16, 72, 73, 70, 39, 37, 84, 1, 3, 92, 36, 55, 48, 68, 96, 29, 51, 62, 33, 61, 98, 66, 89, 50, 4, 7, 53, 80, 94, 28, 34, 49, 52, 0, 74, 8, 2, 13]|[1, 1, 0, 1, 1, 0, 1, 1, 2, 1, 2, 2, 2, 1, 1, 0, 1, 0, 2, 2, 0, 1, 2, 0, 1, 2, 2, 2, 0, 1, 2, 2, 1, 0, 2, 0, 1, 1, 0, 0, 1, 1, 0, 2, 1, 1, 1, 0, 0, 0, 1, 1, 2, 1, 2, 2, 0, 2, 1, 0, 1, 2, 1, 2, 1, 1, 1, 1, 1, 1, 1, 0, 1, 1, 0, 0, 2, 0, 0, 0, 2, 1, 2, 2, 1, 0, 1, 0, 0, 0, 1, 0, 2, 0, 1, 0, 2, 1, 0, 0]|[0, 3, 2, 2, 4, 1, 2, 3, 2, 4, 2, 1, 1, 4, 4, 1, 4, 2, 1, 1, 1, 1, 2, 1, 2, 1, 1, 2, 1, 3, 2, 0, 4, 0, 1, 1, 0, 3, 2, 1, 2, 0, 1, 1, 0, 2, 4, 0, 2, 2, 1, 4, 0, 3, 2, 1, 1, 1, 3, 1, 1, 1, 3, 0, 4, 3, 1, 4, 1, 3, 1, 0, 4, 2, 1, 1, 1, 1, 1, 2, 1, 3, 1, 1, 1, 1, 4, 0, 2, 1, 3, 2, 1, 1, 1, 2, 1, 4, 2, 2]|[0, 2, 1, 1, 3, 0, 1, 3, 0, 0, 0, 0, 0, 0, 1, 0, 3, 1, 0, 0, 0, 3, 1, 0, 2, 0, 0, 1, 1, 0, 0, 0, 3, 0, 1, 0, 0, 2, 1, 0, 1, 0, 0, 0, 0, 1, 2, 1, 0, 0, 1, 3, 0, 0, 1, 0, 0, 0, 2, 0, 1, 0, 2, 1, 0, 0, 1, 1, 3, 0, 1, 1, 3, 3, 0, 0, 0, 0, 0, 1, 0, 0, 0, 0, 1, 0, 0, 0, 1, 0, 2, 1, 0, 1, 1, 0, 0, 2, 0, 0],717.7746778690674,58051.11429889491,97947.81742761745,false
36,G4_BALANCED,G4_BALANCED,[31, 22, 82, 15, 26, 58, 95, 42, 77, 12, 47, 5, 93, 78, 86, 54, 85, 63, 18, 72, 20, 35, 43, 97, 91, 76, 10, 30, 21, 45, 71, 64, 1, 23, 17, 83, 24, 14, 60, 36, 6, 57, 40, 88, 65, 56, 79, 94, 67, 41, 68, 75, 38, 9, 19, 32, 81, 55, 27, 62, 87, 90, 99, 59, 11, 16, 44, 73, 70, 39, 37, 84, 3, 92, 25, 46, 28, 29, 51, 7, 66, 61, 98, 48, 89, 50, 4, 96, 53, 80, 8, 33, 34, 2, 52, 13, 0, 69, 74, 49]|[1, 1, 0, 1, 1, 0, 1, 1, 2, 1, 2, 2, 2, 1, 1, 0, 0, 1, 0, 2, 2, 0, 1, 2, 0, 1, 2, 2, 0, 0, 1, 2, 1, 2, 1, 0, 2, 0, 1, 1, 0, 1, 1, 1, 0, 2, 1, 1, 0, 0, 0, 0, 1, 1, 2, 1, 2, 0, 0, 2, 2, 1, 1, 2, 2, 1, 2, 1, 1, 1, 1, 1, 1, 0, 1, 0, 0, 0, 0, 1, 2, 1, 2, 0, 1, 0, 1, 2, 0, 0, 1, 2, 2, 0, 1, 0, 0, 1, 2, 0]|[4, 3, 2, 2, 4, 1, 2, 3, 2, 4, 1, 1, 2, 4, 4, 1, 2, 4, 2, 1, 1, 1, 1, 2, 1, 2, 1, 1, 2, 1, 3, 2, 3, 1, 4, 0, 1, 1, 0, 3, 2, 2, 2, 0, 1, 1, 0, 4, 0, 1, 2, 2, 1, 4, 0, 3, 2, 1, 1, 1, 1, 3, 1, 1, 1, 3, 1, 4, 3, 1, 4, 1, 1, 0, 4, 2, 2, 1, 1, 1, 1, 3, 1, 1, 1, 1, 4, 1, 2, 1, 3, 1, 1, 2, 1, 2, 2, 4, 1, 1]|[0, 2, 1, 1, 3, 0, 1, 3, 0, 0, 0, 0, 1, 0, 1, 0, 0, 3, 1, 0, 0, 0, 3, 1, 0, 2, 0, 0, 0, 1, 0, 0, 0, 0, 3, 0, 1, 0, 0, 2, 1, 1, 1, 0, 0, 0, 0, 2, 1, 0, 0, 0, 1, 3, 0, 0, 1, 0, 0, 0, 0, 2, 1, 0, 0, 2, 0, 0, 0, 1, 1, 3, 1, 1, 3, 0, 1, 0, 0, 2, 0, 0, 0, 0, 1, 0, 0, 0, 1, 0, 2, 0, 0, 0, 1, 0, 0, 2, 0, 1],747.1438989226004,55733.55354576636,94625.20584372425,false
36,G2_TEC,G2_TEC,[31, 22, 82, 15, 26, 9, 95, 42, 77, 68, 47, 5, 93, 78, 86, 54, 85, 63, 18, 44, 20, 49, 36, 14, 74, 50, 53, 17, 21, 28, 11, 64, 3, 23, 30, 83, 24, 41, 40, 52, 65, 27, 90, 70, 39, 87, 48, 69, 99, 4, 75, 1, 13, 58, 97, 59, 45, 8, 73, 37, 35, 79, 71, 66, 76, 32, 60, 80, 56, 6, 67, 61, 33, 7, 57, 34, 12, 16, 10, 98, 96, 88, 43, 46, 91, 38, 84, 92, 29, 19, 51, 55, 81, 89, 25, 72, 94, 2, 0, 62]|[2, 1, 2, 1, 1, 2, 1, 1, 1, 1, 1, 0, 2, 2, 1, 2, 0, 0, 0, 2, 2, 1, 0, 2, 0, 2, 2, 1, 0, 1, 1, 1, 0, 0, 1, 0, 2, 1, 2, 2, 0, 0, 1, 1, 0, 2, 0, 2, 1, 0, 0, 2, 0, 0, 2, 0, 1, 1, 0, 0, 2, 1, 1, 2, 2, 0, 2, 2, 2, 1, 2, 1, 1, 2, 0, 1, 1, 2, 1, 2, 0, 1, 1, 0, 1, 0, 0, 0, 1, 1, 1, 0, 1, 1, 1, 1, 2, 2, 0, 1]|[0, 3, 0, 3, 4, 1, 4, 4, 2, 4, 3, 2, 1, 0, 2, 1, 1, 1, 2, 1, 1, 3, 0, 1, 0, 1, 1, 4, 1, 4, 3, 2, 2, 0, 4, 1, 1, 4, 1, 1, 2, 1, 4, 4, 1, 1, 0, 2, 3, 2, 2, 1, 2, 1, 1, 2, 4, 3, 0, 2, 2, 3, 3, 1, 1, 2, 1, 1, 1, 4, 1, 3, 4, 1, 2, 4, 3, 1, 3, 1, 2, 4, 4, 2, 3, 2, 2, 2, 3, 4, 3, 2, 4, 4, 4, 4, 1, 1, 2, 3]|[0, 2, 0, 0, 3, 0, 1, 3, 0, 0, 2, 0, 1, 0, 1, 0, 0, 0, 1, 0, 0, 2, 0, 0, 1, 0, 0, 3, 0, 1, 0, 2, 0, 0, 3, 0, 1, 1, 0, 0, 0, 0, 1, 3, 0, 0, 1, 0, 2, 0, 0, 0, 0, 0, 1, 0, 1, 0, 1, 1, 0, 2, 0, 0, 0, 0, 0, 0, 0, 2, 0, 0, 1, 0, 0, 1, 0, 0, 3, 0, 0, 1, 2, 0, 0, 0, 0, 0, 3, 1, 0, 0, 2, 1, 3, 1, 0, 0, 0, 0],908.8272556494078,49235.066718390466,107289.32240407266,false
36,G3_TWC,G3_TWC,[31, 22, 82, 15, 26, 58, 95, 42, 77, 12, 47, 5, 93, 78, 98, 54, 85, 63, 18, 44, 20, 35, 43, 97, 91, 76, 10, 30, 21, 45, 71, 64, 1, 23, 17, 83, 24, 14, 60, 36, 6, 57, 94, 88, 65, 56, 79, 40, 67, 68, 46, 75, 39, 9, 19, 32, 81, 96, 27, 62, 87, 90, 99, 59, 11, 16, 72, 73, 70, 38, 37, 84, 3, 92, 25, 55, 28, 29, 51, 7, 33, 61, 86, 48, 89, 50, 69, 41, 53, 80, 4, 8, 34, 49, 52, 0, 13, 2, 66, 74]|[1, 1, 0, 1, 1, 1, 2, 1, 2, 1, 2, 2, 2, 1, 1, 0, 0, 1, 0, 2, 2, 0, 1, 2, 0, 1, 2, 2, 0, 0, 1, 2, 1, 2, 1, 0, 2, 0, 1, 1, 0, 1, 1, 1, 0, 2, 1, 1, 0, 0, 0, 0, 1, 1, 2, 1, 2, 0, 0, 0, 2, 1, 0, 1, 2, 1, 2, 1, 1, 1, 1, 1, 2, 0, 1, 1, 0, 0, 0, 1, 2, 1, 0, 0, 1, 0, 1, 0, 0, 0, 0, 1, 2, 0, 1, 0, 0, 0, 2, 2]|[4, 3, 2, 2, 0, 0, 2, 2, 2, 4, 1, 1, 2, 4, 4, 1, 1, 4, 2, 1, 1, 1, 1, 2, 1, 2, 1, 1, 1, 1, 3, 2, 3, 0, 4, 0, 1, 1, 0, 3, 2, 2, 4, 0, 1, 1, 0, 2, 0, 1, 2, 2, 1, 4, 0, 3, 2, 1, 1, 2, 1, 3, 1, 1, 1, 3, 0, 4, 3, 1, 4, 1, 1, 2, 4, 4, 2, 1, 1, 3, 1, 3, 1, 1, 1, 1, 3, 1, 2, 1, 2, 3, 1, 1, 1, 2, 2, 2, 1, 1]|[0, 2, 1, 1, 3, 3, 0, 1, 0, 0, 0, 0, 1, 0, 1, 0, 0, 3, 1, 0, 0, 0, 3, 1, 0, 2, 0, 0, 0, 1, 0, 0, 0, 0, 3, 0, 1, 0, 0, 2, 1, 1, 2, 0, 0, 0, 0, 1, 1, 0, 0, 0, 1, 3, 0, 0, 1, 0, 0, 1, 0, 2, 0, 1, 0, 2, 1, 0, 0, 1, 1, 3, 0, 1, 3, 3, 1, 0, 0, 2, 0, 0, 0, 0, 1, 0, 0, 0, 1, 0, 1, 2, 0, 1, 1, 0, 0, 0, 0, 0],790.0799945868791,57951.42221290124,88960.86369927591,false
36,G1_CMAX,G1_CMAX,[31, 22, 82, 15, 26, 58, 95, 42, 77, 12, 93, 5, 47, 78, 86, 21, 63, 18, 44, 20, 35, 43, 97, 91, 76, 10, 30, 85, 45, 71, 64, 23, 17, 83, 24, 14, 60, 25, 6, 54, 40, 88, 65, 56, 79, 57, 69, 67, 46, 75, 38, 99, 19, 32, 41, 81, 27, 87, 90, 9, 59, 11, 16, 72, 73, 70, 39, 37, 84, 1, 3, 92, 36, 55, 48, 68, 96, 29, 51, 62, 33, 61, 98, 66, 89, 50, 4, 7, 53, 80, 94, 28, 34, 49, 52, 0, 74, 8, 2, 13]|[1, 1, 0, 1, 1, 0, 1, 1, 2, 1, 2, 2, 2, 1, 1, 0, 1, 0, 2, 2, 0, 1, 2, 0, 1, 2, 2, 2, 0, 1, 2, 2, 1, 0, 2, 0, 1, 1, 0, 0, 1, 1, 0, 2, 1, 1, 1, 0, 0, 0, 1, 1, 2, 1, 2, 2, 0, 2, 1, 0, 1, 2, 1, 2, 1, 1, 1, 1, 1, 1, 1, 0, 1, 1, 0, 0, 2, 0, 0, 0, 2, 1, 2, 2, 1, 0, 1, 0, 0, 0, 1, 0, 2, 0, 1, 0, 2, 1, 0, 0]|[0, 3, 2, 2, 4, 1, 2, 3, 2, 4, 2, 1, 1, 4, 4, 1, 4, 2, 1, 1, 1, 1, 2, 1, 2, 1, 1, 2, 1, 3, 2, 0, 4, 0, 1, 1, 0, 3, 2, 1, 2, 0, 1, 1, 0, 2, 4, 0, 2, 2, 1, 4, 0, 3, 2, 1, 1, 1, 3, 1, 1, 1, 3, 0, 4, 3, 1, 4, 1, 3, 1, 0, 4, 2, 1, 1, 1, 1, 1, 2, 1, 3, 1, 1, 1, 1, 4, 0, 2, 1, 3, 2, 1, 1, 1, 2, 1, 4, 2, 2]|[0, 2, 1, 1, 3, 0, 1, 3, 0, 0, 0, 0, 0, 0, 1, 0, 3, 1, 0, 0, 0, 3, 1, 0, 2, 0, 0, 1, 1, 0, 0, 0, 3, 0, 1, 0, 0, 2, 1, 0, 1, 0, 0, 0, 0, 1, 2, 1, 0, 0, 1, 3, 0, 0, 1, 0, 0, 0, 2, 0, 1, 0, 2, 1, 0, 0, 1, 1, 3, 0, 1, 1, 3, 3, 0, 0, 0, 0, 0, 1, 0, 0, 0, 0, 1, 0, 0, 0, 1, 0, 2, 1, 0, 1, 1, 0, 0, 2, 0, 0],717.7746778690674,58051.11429889491,97947.81742761745,false
36,G4_BALANCED,G2_TEC,[31, 22, 82, 15, 26, 9, 95, 42, 77, 68, 47, 5, 93, 78, 86, 54, 85, 63, 18, 44, 20, 49, 36, 14, 74, 50, 53, 17, 21, 28, 71, 64, 3, 23, 30, 83, 24, 41, 60, 52, 65, 27, 90, 70, 39, 87, 48, 69, 99, 4, 46, 1, 13, 58, 97, 59, 45, 8, 73, 37, 35, 79, 11, 66, 76, 32, 40, 80, 96, 6, 16, 61, 33, 7, 57, 34, 12, 67, 10, 98, 56, 88, 29, 75, 91, 38, 19, 92, 43, 84, 51, 72, 81, 25, 2, 55, 0, 94, 89, 62]|[2, 1, 2, 1, 1, 2, 1, 1, 1, 2, 1, 0, 2, 2, 1, 2, 0, 0, 0, 2, 2, 1, 0, 2, 0, 2, 2, 1, 0, 1, 1, 1, 0, 0, 1, 0, 2, 1, 2, 2, 0, 0, 1, 1, 0, 2, 0, 2, 1, 0, 0, 2, 0, 0, 2, 0, 1, 1, 0, 0, 2, 1, 0, 2, 2, 0, 2, 2, 0, 1, 2, 1, 1, 2, 0, 1, 1, 1, 1, 2, 2, 1, 1, 0, 1, 0, 1, 0, 1, 0, 1, 1, 1, 1, 2, 0, 0, 2, 1, 1]|[0, 3, 0, 3, 4, 1, 4, 4, 2, 0, 3, 2, 1, 0, 2, 1, 1, 1, 2, 1, 1, 3, 0, 1, 0, 1, 1, 4, 1, 4, 3, 2, 2, 0, 4, 1, 1, 4, 0, 1, 2, 1, 4, 4, 1, 1, 0, 2, 3, 1, 2, 1, 2, 1, 1, 2, 4, 3, 0, 2, 2, 3, 1, 0, 1, 2, 0, 1, 2, 4, 1, 3, 4, 1, 2, 4, 3, 3, 3, 1, 1, 4, 3, 2, 3, 2, 4, 2, 4, 2, 3, 4, 4, 4, 1, 2, 2, 1, 4, 3]|[0, 2, 0, 0, 3, 0, 1, 3, 0, 0, 2, 0, 1, 0, 1, 0, 0, 0, 1, 0, 0, 2, 0, 0, 1, 0, 0, 3, 0, 1, 0, 2, 0, 1, 3, 0, 1, 3, 1, 0, 0, 0, 1, 3, 0, 0, 1, 0, 2, 0, 0, 0, 0, 0, 1, 0, 1, 0, 1, 1, 0, 2, 0, 0, 0, 0, 0, 0, 0, 2, 0, 0, 1, 0, 0, 1, 0, 0, 3, 0, 0, 1, 0, 0, 0, 0, 3, 0, 2, 0, 0, 2, 1, 3, 0, 0, 0, 0, 1, 0],848.7210464257236,51873.96370052903,107003.66788360782,true
36,G2_TEC,G4_BALANCED,[31, 22, 82, 15, 26, 99, 95, 42, 77, 12, 47, 5, 93, 78, 86, 54, 21, 63, 18, 44, 20, 35, 43, 97, 91, 76, 10, 30, 85, 45, 71, 64, 1, 23, 17, 83, 24, 14, 60, 36, 6, 57, 40, 88, 65, 56, 79, 94, 67, 68, 46, 29, 38, 9, 19, 32, 81, 41, 27, 87, 90, 58, 59, 62, 11, 66, 73, 72, 70, 39, 37, 84, 3, 92, 25, 55, 28, 75, 51, 7, 33, 61, 98, 48, 89, 50, 16, 96, 53, 80, 4, 8, 34, 49, 52, 2, 13, 0, 69, 74]|[1, 1, 0, 1, 1, 0, 1, 2, 2, 1, 2, 2, 2, 1, 1, 0, 0, 1, 0, 2, 2, 0, 0, 2, 0, 1, 2, 2, 0, 0, 1, 2, 1, 2, 1, 0, 2, 0, 1, 1, 0, 1, 1, 1, 0, 2, 1, 1, 0, 0, 0, 0, 1, 1, 2, 1, 2, 0, 0, 2, 2, 1, 1, 2, 2, 2, 1, 2, 1, 1, 1, 1, 1, 0, 1, 1, 0, 0, 0, 1, 2, 1, 0, 0, 1, 0, 2, 2, 0, 0, 1, 1, 2, 0, 1, 0, 0, 0, 1, 2]|[4, 3, 2, 2, 4, 1, 2, 2, 2, 4, 1, 1, 2, 4, 4, 1, 2, 4, 2, 1, 1, 1, 1, 2, 1, 2, 1, 1, 2, 1, 3, 2, 3, 1, 4, 0, 1, 1, 0, 3, 2, 2, 2, 0, 1, 1, 0, 4, 0, 1, 2, 2, 1, 4, 0, 3, 2, 1, 1, 1, 1, 3, 1, 1, 1, 1, 4, 1, 3, 1, 4, 1, 1, 0, 4, 4, 2, 2, 1, 1, 1, 3, 1, 1, 1, 1, 1, 1, 2, 1, 4, 3, 1, 1, 1, 2, 2, 2, 4, 1]|[0, 2, 1, 1, 3, 0, 1, 0, 0, 0, 0, 0, 1, 0, 1, 0, 0, 3, 1, 0, 0, 0, 0, 1, 0, 2, 0, 0, 0, 1, 0, 0, 0, 0, 3, 0, 1, 0, 0, 2, 1, 1, 1, 0, 0, 0, 0, 2, 1, 0, 0, 0, 1, 3, 0, 0, 1, 0, 0, 0, 0, 2, 1, 0, 0, 0, 0, 0, 0, 1, 1, 3, 1, 1, 3, 3, 1, 0, 0, 2, 0, 0, 0, 0, 1, 0, 0, 0, 1, 0, 0, 2, 0, 1, 1, 0, 0, 0, 2, 0],787.3813303729636,55270.10129536277,98079.20203737501,true
36,G3_TWC,G3_TWC,[31, 22, 82, 15, 26, 58, 95, 42, 77, 12, 47, 5, 93, 78, 98, 54, 85, 63, 18, 44, 20, 35, 43, 97, 91, 76, 10, 30, 21, 45, 71, 64, 1, 23, 17, 83, 24, 14, 60, 36, 6, 57, 94, 88, 65, 56, 79, 40, 67, 68, 46, 75, 38, 9, 19, 32, 81, 41, 27, 62, 87, 90, 99, 59, 11, 16, 72, 73, 70, 39, 37, 84, 92, 3, 25, 55, 28, 2, 51, 7, 33, 61, 86, 48, 89, 50, 69, 96, 53, 80, 4, 8, 34, 49, 52, 0, 13, 29, 66, 74]|[1, 1, 0, 1, 1, 1, 2, 1, 2, 1, 2, 2, 2, 1, 1, 0, 0, 1, 0, 2, 2, 0, 1, 2, 0, 1, 2, 2, 0, 0, 1, 2, 1, 2, 1, 0, 2, 0, 1, 1, 0, 1, 1, 1, 0, 2, 1, 1, 0, 0, 0, 0, 1, 1, 2, 1, 2, 0, 0, 0, 2, 1, 0, 1, 2, 1, 2, 1, 1, 1, 1, 1, 2, 2, 1, 1, 0, 0, 0, 1, 2, 1, 0, 0, 1, 0, 1, 0, 0, 0, 0, 1, 2, 0, 1, 0, 0, 0, 2, 2]|[4, 3, 2, 2, 0, 0, 2, 2, 2, 4, 1, 1, 2, 4, 4, 1, 1, 4, 2, 1, 1, 1, 1, 2, 1, 2, 1, 1, 1, 1, 3, 2, 3, 0, 4, 0, 1, 1, 0, 3, 2, 2, 4, 0, 1, 1, 0, 2, 0, 1, 2, 2, 1, 4, 0, 3, 2, 1, 1, 2, 1, 3, 1, 1, 1, 3, 0, 4, 3, 1, 4, 1, 1, 1, 4, 4, 2, 2, 1, 3, 1, 3, 1, 1, 1, 1, 3, 1, 2, 1, 2, 3, 1, 1, 1, 2, 2, 1, 1, 1]|[0, 2, 1, 1, 3, 3, 0, 1, 0, 0, 0, 0, 1, 0, 1, 0, 0, 3, 1, 0, 0, 0, 3, 1, 0, 2, 0, 0, 0, 1, 0, 0, 0, 0, 3, 0, 1, 0, 0, 2, 1, 1, 2, 0, 0, 0, 0, 1, 1, 0, 0, 0, 1, 3, 0, 0, 1, 0, 0, 1, 0, 2, 0, 1, 0, 2, 1, 0, 0, 1, 1, 3, 0, 0, 3, 3, 1, 0, 0, 2, 0, 0, 0, 0, 1, 0, 0, 0, 1, 0, 1, 2, 0, 1, 1, 0, 0, 0, 0, 0],789.7080104925091,57483.01805641274,90738.9098644572,false
36,G1_CMAX,G1_CMAX,[31, 22, 82, 15, 26, 58, 95, 42, 77, 12, 93, 5, 47, 78, 86, 21, 63, 18, 44, 20, 35, 43, 97, 91, 76, 10, 30, 85, 45, 71, 64, 23, 17, 83, 24, 14, 60, 25, 6, 54, 40, 88, 65, 56, 79, 57, 69, 67, 46, 75, 38, 99, 19, 32, 41, 81, 27, 87, 90, 9, 59, 11, 16, 72, 73, 70, 39, 37, 84, 1, 3, 92, 36, 55, 48, 68, 96, 29, 51, 62, 33, 61, 98, 66, 89, 50, 4, 7, 53, 80, 94, 28, 34, 49, 52, 0, 74, 8, 2, 13]|[1, 1, 0, 1, 1, 0, 1, 1, 2, 1, 2, 2, 2, 1, 1, 0, 1, 0, 2, 2, 0, 1, 2, 0, 1, 2, 2, 2, 0, 1, 2, 2, 1, 0, 2, 0, 1, 1, 0, 0, 1, 1, 0, 2, 1, 1, 1, 0, 0, 0, 1, 1, 2, 1, 2, 2, 0, 2, 1, 0, 1, 2, 1, 2, 1, 1, 1, 1, 1, 1, 1, 0, 1, 1, 0, 0, 2, 0, 0, 0, 2, 1, 2, 2, 1, 0, 1, 0, 0, 0, 1, 0, 2, 0, 1, 0, 2, 1, 0, 0]|[0, 3, 2, 2, 4, 1, 2, 3, 2, 4, 2, 1, 1, 4, 4, 1, 4, 2, 1, 1, 1, 1, 2, 1, 2, 1, 1, 2, 1, 3, 2, 0, 4, 0, 1, 1, 0, 3, 2, 1, 2, 0, 1, 1, 0, 2, 4, 0, 2, 2, 1, 4, 0, 3, 2, 1, 1, 1, 3, 1, 1, 1, 3, 0, 4, 3, 1, 4, 1, 3, 1, 0, 4, 2, 1, 1, 1, 1, 1, 2, 1, 3, 1, 1, 1, 1, 4, 0, 2, 1, 3, 2, 1, 1, 1, 2, 1, 4, 2, 2]|[0, 2, 1, 1, 3, 0, 1, 3, 0, 0, 0, 0, 0, 0, 1, 0, 3, 1, 0, 0, 0, 3, 1, 0, 2, 0, 0, 1, 1, 0, 0, 0, 3, 0, 1, 0, 0, 2, 1, 0, 1, 0, 0, 0, 0, 1, 2, 1, 0, 0, 1, 3, 0, 0, 1, 0, 0, 0, 2, 0, 1, 0, 2, 1, 0, 0, 1, 1, 3, 0, 1, 1, 3, 3, 0, 0, 0, 0, 0, 1, 0, 0, 0, 0, 1, 0, 0, 0, 1, 0, 2, 1, 0, 1, 1, 0, 0, 2, 0, 0],717.7746778690674,58051.11429889491,97947.81742761745,false
36,G4_BALANCED,G3_TWC,[31, 22, 82, 15, 26, 58, 95, 42, 77, 12, 47, 5, 93, 78, 98, 54, 85, 63, 18, 44, 20, 35, 43, 97, 91, 76, 10, 30, 21, 45, 71, 64, 1, 23, 17, 83, 24, 14, 60, 36, 6, 57, 94, 88, 65, 56, 79, 40, 67, 68, 46, 75, 39, 9, 19, 32, 81, 96, 27, 62, 87, 90, 99, 59, 11, 16, 72, 73, 70, 38, 37, 84, 3, 92, 25, 55, 28, 29, 51, 7, 33, 61, 86, 48, 89, 50, 66, 34, 53, 80, 8, 4, 41, 69, 52, 2, 13, 0, 49, 74]|[1, 1, 0, 1, 1, 1, 2, 1, 2, 1, 2, 2, 2, 1, 1, 0, 0, 1, 0, 2, 2, 0, 1, 2, 0, 1, 2, 2, 0, 0, 1, 2, 1, 0, 1, 0, 2, 0, 1, 1, 0, 1, 1, 1, 0, 2, 1, 1, 0, 2, 0, 0, 1, 1, 2, 1, 2, 0, 0, 0, 2, 1, 0, 1, 2, 1, 2, 1, 1, 1, 1, 1, 2, 0, 1, 1, 0, 0, 0, 1, 0, 1, 0, 0, 1, 0, 2, 2, 0, 0, 1, 0, 0, 1, 1, 0, 0, 0, 0, 2]|[4, 3, 2, 2, 0, 0, 2, 2, 2, 4, 1, 1, 2, 4, 4, 1, 1, 4, 2, 1, 1, 1, 1, 2, 1, 2, 1, 1, 1, 1, 3, 2, 3, 1, 4, 0, 1, 1, 0, 3, 2, 2, 4, 0, 1, 1, 0, 2, 0, 1, 2, 2, 1, 4, 0, 3, 2, 1, 1, 2, 1, 3, 1, 1, 1, 3, 0, 4, 3, 1, 4, 1, 1, 2, 4, 4, 2, 1, 1, 3, 1, 3, 1, 1, 1, 1, 1, 1, 2, 1, 3, 2, 1, 3, 1, 2, 2, 2, 1, 1]|[0, 2, 1, 1, 3, 3, 0, 1, 0, 0, 0, 0, 1, 0, 1, 0, 0, 3, 1, 0, 0, 0, 3, 1, 0, 2, 0, 0, 0, 1, 0, 0, 0, 0, 3, 0, 1, 0, 0, 2, 1, 1, 2, 0, 0, 0, 0, 1, 1, 0, 0, 0, 1, 3, 0, 0, 1, 0, 0, 1, 0, 2, 0, 1, 0, 2, 1, 0, 0, 1, 1, 3, 0, 1, 3, 3, 1, 0, 0, 2, 0, 0, 0, 0, 1, 0, 0, 0, 1, 0, 2, 1, 0, 0, 1, 0, 0, 0, 1, 0],858.7497685297365,57405.654834964706,89874.28879320828,true
36,G2_TEC,G2_TEC,[31, 22, 82, 15, 26, 9, 95, 42, 77, 68, 47, 5, 93, 78, 86, 54, 85, 63, 18, 44, 20, 49, 36, 14, 74, 50, 53, 17, 21, 28, 11, 64, 3, 23, 30, 83, 24, 41, 40, 52, 65, 27, 90, 70, 39, 87, 48, 69, 99, 4, 75, 1, 13, 58, 97, 59, 45, 8, 73, 37, 35, 79, 71, 66, 76, 32, 60, 80, 56, 6, 67, 61, 33, 7, 57, 34, 12, 16, 10, 98, 96, 88, 43, 46, 91, 38, 84, 92, 29, 19, 51, 55, 81, 89, 25, 72, 94, 2, 0, 62]|[2, 1, 2, 1, 1, 2, 1, 1, 1, 1, 1, 0, 2, 2, 1, 2, 0, 0, 0, 2, 2, 1, 0, 2, 0, 2, 2, 1, 0, 1, 1, 1, 0, 0, 1, 0, 2, 1, 2, 2, 0, 0, 1, 1, 0, 2, 0, 2, 1, 0, 0, 2, 0, 0, 2, 0, 1, 1, 0, 0, 2, 1, 1, 2, 2, 0, 2, 2, 2, 1, 2, 1, 1, 2, 0, 1, 1, 2, 1, 2, 0, 1, 1, 0, 1, 0, 0, 0, 1, 1, 1, 0, 1, 1, 1, 1, 2, 2, 0, 1]|[0, 3, 0, 3, 4, 1, 4, 4, 2, 4, 3, 2, 1, 0, 2, 1, 1, 1, 2, 1, 1, 3, 0, 1, 0, 1, 1, 4, 1, 4, 3, 2, 2, 0, 4, 1, 1, 4, 1, 1, 2, 1, 4, 4, 1, 1, 0, 2, 3, 2, 2, 1, 2, 1, 1, 2, 4, 3, 0, 2, 2, 3, 3, 1, 1, 2, 1, 1, 1, 4, 1, 3, 4, 1, 2, 4, 3, 1, 3, 1, 2, 4, 4, 2, 3, 2, 2, 2, 3, 4, 3, 2, 4, 4, 4, 4, 1, 1, 2, 3]|[0, 2, 0, 0, 3, 0, 1, 3, 0, 0, 2, 0, 1, 0, 1, 0, 0, 0, 1, 0, 0, 2, 0, 0, 1, 0, 0, 3, 0, 1, 0, 2, 0, 0, 3, 0, 1, 1, 0, 0, 0, 0, 1, 3, 0, 0, 1, 0, 2, 0, 0, 0, 0, 0, 1, 0, 1, 0, 1, 1, 0, 2, 0, 0, 0, 0, 0, 0, 0, 2, 0, 0, 1, 0, 0, 1, 0, 0, 3, 0, 0, 1, 2, 0, 0, 0, 0, 0, 3, 1, 0, 0, 2, 1, 3, 1, 0, 0, 0, 0],908.8272556494078,49235.066718390466,107289.32240407266,false
36,G3_TWC,G3_TWC,[31, 22, 82, 15, 26, 58, 95, 42, 77, 12, 47, 5, 93, 78, 98, 54, 85, 63, 18, 44, 20, 35, 43, 97, 91, 76, 10, 30, 21, 45, 71, 64, 1, 23, 17, 83, 24, 14, 60, 36, 6, 57, 94, 88, 65, 56, 79, 40, 67, 68, 46, 75, 39, 9, 19, 32, 81, 96, 27, 62, 87, 90, 99, 59, 11, 16, 72, 73, 70, 38, 37, 84, 3, 92, 25, 55, 28, 29, 51, 7, 33, 61, 86, 48, 89, 50, 69, 41, 53, 80, 4, 8, 34, 49, 52, 0, 13, 2, 66, 74]|[1, 1, 0, 1, 1, 1, 2, 1, 2, 1, 2, 2, 2, 1, 1, 0, 0, 1, 0, 2, 2, 0, 1, 2, 0, 1, 2, 2, 0, 0, 1, 2, 1, 2, 1, 0, 2, 0, 1, 1, 0, 1, 1, 1, 0, 2, 1, 1, 0, 0, 0, 0, 1, 1, 2, 1, 2, 0, 0, 0, 2, 1, 0, 1, 2, 1, 2, 1, 1, 1, 1, 1, 2, 0, 1, 1, 0, 0, 0, 1, 2, 1, 0, 0, 1, 0, 1, 0, 0, 0, 0, 1, 2, 0, 1, 0, 0, 0, 2, 2]|[4, 3, 2, 2, 0, 0, 2, 2, 2, 4, 1, 1, 2, 4, 4, 1, 1, 4, 2, 1, 1, 1, 1, 2, 1, 2, 1, 1, 1, 1, 3, 2, 3, 0, 4, 0, 1, 1, 0, 3, 2, 2, 4, 0, 1, 1, 0, 2, 0, 1, 2, 2, 1, 4, 0, 3, 2, 1, 1, 2, 1, 3, 1, 1, 1, 3, 0, 4, 3, 1, 4, 1, 1, 2, 4, 4, 2, 1, 1, 3, 1, 3, 1, 1, 1, 1, 3, 1, 2, 1, 2, 3, 1, 1, 1, 2, 2, 2, 1, 1]|[0, 2, 1, 1, 3, 3, 0, 1, 0, 0, 0, 0, 1, 0, 1, 0, 0, 3, 1, 0, 0, 0, 3, 1, 0, 2, 0, 0, 0, 1, 0, 0, 0, 0, 3, 0, 1, 0, 0, 2, 1, 1, 2, 0, 0, 0, 0, 1, 1, 0, 0, 0, 1, 3, 0, 0, 1, 0, 0, 1, 0, 2, 0, 1, 0, 2, 1, 0, 0, 1, 1, 3, 0, 1, 3, 3, 1, 0, 0, 2, 0, 0, 0, 0, 1, 0, 0, 0, 1, 0, 1, 2, 0, 1, 1, 0, 0, 0, 0, 0],790.0799945868791,57951.42221290124,88960.86369927591,false
36,G1_CMAX,G1_CMAX,[31, 22, 82, 15, 26, 58, 95, 42, 77, 12, 93, 5, 47, 78, 86, 21, 63, 18, 44, 20, 35, 43, 97, 91, 76, 10, 30, 85, 45, 71, 64, 23, 17, 83, 24, 14, 60, 25, 6, 54, 40, 88, 65, 56, 79, 57, 69, 67, 46, 75, 38, 99, 19, 32, 41, 81, 27, 87, 90, 9, 59, 11, 16, 72, 73, 70, 39, 37, 84, 1, 3, 92, 36, 55, 48, 68, 96, 29, 51, 62, 33, 61, 98, 66, 89, 50, 4, 7, 53, 80, 94, 28, 34, 49, 52, 0, 74, 8, 2, 13]|[1, 1, 0, 1, 1, 0, 1, 1, 2, 1, 2, 2, 2, 1, 1, 0, 1, 0, 2, 2, 0, 1, 2, 0, 1, 2, 2, 2, 0, 1, 2, 2, 1, 0, 2, 0, 1, 1, 0, 0, 1, 1, 0, 2, 1, 1, 1, 0, 0, 0, 1, 1, 2, 1, 2, 2, 0, 2, 1, 0, 1, 2, 1, 2, 1, 1, 1, 1, 1, 1, 1, 0, 1, 1, 0, 0, 2, 0, 0, 0, 2, 1, 2, 2, 1, 0, 1, 0, 0, 0, 1, 0, 2, 0, 1, 0, 2, 1, 0, 0]|[0, 3, 2, 2, 4, 1, 2, 3, 2, 4, 2, 1, 1, 4, 4, 1, 4, 2, 1, 1, 1, 1, 2, 1, 2, 1, 1, 2, 1, 3, 2, 0, 4, 0, 1, 1, 0, 3, 2, 1, 2, 0, 1, 1, 0, 2, 4, 0, 2, 2, 1, 4, 0, 3, 2, 1, 1, 1, 3, 1, 1, 1, 3, 0, 4, 3, 1, 4, 1, 3, 1, 0, 4, 2, 1, 1, 1, 1, 1, 2, 1, 3, 1, 1, 1, 1, 4, 0, 2, 1, 3, 2, 1, 1, 1, 2, 1, 4, 2, 2]|[0, 2, 1, 1, 3, 0, 1, 3, 0, 0, 0, 0, 0, 0, 1, 0, 3, 1, 0, 0, 0, 3, 1, 0, 2, 0, 0, 1, 1, 0, 0, 0, 3, 0, 1, 0, 0, 2, 1, 0, 1, 0, 0, 0, 0, 1, 2, 1, 0, 0, 1, 3, 0, 0, 1, 0, 0, 0, 2, 0, 1, 0, 2, 1, 0, 0, 1, 1, 3, 0, 1, 1, 3, 3, 0, 0, 0, 0, 0, 1, 0, 0, 0, 0, 1, 0, 0, 0, 1, 0, 2, 1, 0, 1, 1, 0, 0, 2, 0, 0],717.7746778690674,58051.11429889491,97947.81742761745,false
36,G4_BALANCED,G4_BALANCED,[31, 11, 15, 82, 26, 9, 95, 32, 77, 68, 47, 5, 93, 78, 86, 54, 85, 63, 18, 44, 20, 49, 36, 14, 74, 50, 53, 17, 21, 45, 71, 64, 3, 23, 30, 83, 24, 41, 60, 52, 65, 27, 90, 70, 39, 87, 48, 69, 99, 4, 46, 1, 13, 58, 97, 59, 28, 75, 73, 37, 35, 79, 22, 66, 76, 42, 40, 80, 96, 6, 16, 61, 33, 7, 57, 34, 12, 67, 10, 98, 56, 88, 29, 94, 91, 38, 51, 92, 43, 84, 19, 72, 81, 25, 0, 55, 62, 89, 8, 2]|[2, 1, 1, 2, 1, 2, 1, 1, 1, 1, 1, 0, 2, 2, 1, 2, 0, 0, 0, 2, 2, 1, 0, 2, 0, 2, 2, 1, 0, 1, 1, 1, 0, 0, 1, 0, 2, 1, 2, 2, 0, 0, 1, 1, 0, 2, 0, 2, 1, 0, 0, 2, 0, 0, 2, 0, 1, 0, 0, 0, 2, 1, 0, 2, 2, 0, 2, 2, 0, 1, 2, 1, 1, 2, 0, 1, 1, 1, 1, 2, 2, 1, 1, 2, 1, 0, 1, 0, 1, 0, 1, 1, 1, 1, 0, 0, 1, 1, 1, 2]|[0, 3, 2, 0, 4, 1, 4, 4, 2, 4, 3, 2, 1, 0, 2, 1, 1, 1, 2, 1, 1, 3, 0, 1, 0, 1, 1, 4, 1, 4, 3, 2, 2, 0, 4, 1, 1, 4, 0, 1, 2, 1, 4, 4, 1, 1, 0, 2, 3, 1, 2, 1, 2, 1, 1, 2, 4, 2, 0, 2, 2, 3, 1, 0, 1, 2, 0, 1, 2, 4, 1, 3, 4, 1, 2, 4, 3, 3, 3, 1, 1, 4, 3, 1, 3, 2, 3, 2, 4, 2, 4, 4, 1, 4, 2, 2, 3, 4, 3, 1]|[0, 2, 1, 0, 3, 0, 1, 3, 0, 0, 2, 0, 1, 0, 1, 0, 0, 0, 1, 0, 0, 2, 0, 0, 1, 0, 0, 3, 0, 1, 0, 2, 0, 1, 3, 0, 1, 3, 1, 0, 0, 0, 1, 3, 0, 0, 1, 0, 2, 0, 0, 0, 0, 0, 1, 0, 1, 0, 1, 1, 0, 2, 0, 0, 0, 0, 0, 0, 0, 2, 0, 0, 1, 0, 0, 1, 0, 0, 3, 0, 0, 1, 0, 0, 0, 0, 0, 0, 2, 0, 3, 2, 1, 3, 0, 0, 0, 1, 0, 0],838.0858887121581,52145.01293281826,108083.60693758915,false
36,G2_TEC,G2_TEC,[31, 22, 82, 15, 26, 9, 95, 42, 77, 68, 47, 5, 93, 78, 86, 54, 85, 63, 18, 44, 20, 49, 36, 14, 74, 50, 53, 17, 21, 28, 11, 64, 3, 23, 30, 83, 24, 41, 40, 52, 65, 27, 90, 70, 39, 87, 48, 69, 99, 4, 75, 1, 13, 58, 97, 59, 45, 8, 73, 37, 35, 79, 71, 66, 76, 32, 60, 80, 56, 6, 67, 61, 33, 7, 57, 34, 12, 16, 10, 98, 96, 88, 43, 46, 91, 38, 84, 92, 29, 19, 51, 55, 81, 89, 25, 72, 94, 2, 0, 62]|[2, 1, 2, 1, 1, 2, 1, 1, 1, 1, 1, 0, 2, 2, 1, 2, 0, 0, 0, 2, 2, 1, 0, 2, 0, 2, 2, 1, 0, 1, 1, 1, 0, 0, 1, 0, 2, 1, 2, 2, 0, 0, 1, 1, 0, 2, 0, 2, 1, 0, 0, 2, 0, 0, 2, 0, 1, 1, 0, 0, 2, 1, 1, 2, 2, 0, 2, 2, 2, 1, 2, 1, 1, 2, 0, 1, 1, 2, 1, 2, 0, 1, 1, 0, 1, 0, 0, 0, 1, 1, 1, 0, 1, 1, 1, 1, 2, 2, 0, 1]|[0, 3, 0, 3, 4, 1, 4, 4, 2, 4, 3, 2, 1, 0, 2, 1, 1, 1, 2, 1, 1, 3, 0, 1, 0, 1, 1, 4, 1, 4, 3, 2, 2, 0, 4, 1, 1, 4, 1, 1, 2, 1, 4, 4, 1, 1, 0, 2, 3, 2, 2, 1, 2, 1, 1, 2, 4, 3, 0, 2, 2, 3, 3, 1, 1, 2, 1, 1, 1, 4, 1, 3, 4, 1, 2, 4, 3, 1, 3, 1, 2, 4, 4, 2, 3, 2, 2, 2, 3, 4, 3, 2, 4, 4, 4, 4, 1, 1, 2, 3]|[0, 2, 0, 0, 3, 0, 1, 3, 0, 0, 2, 0, 1, 0, 1, 0, 0, 0, 1, 0, 0, 2, 0, 0, 1, 0, 0, 3, 0, 1, 0, 2, 0, 0, 3, 0, 1, 1, 0, 0, 0, 0, 1, 3, 0, 0, 1, 0, 2, 0, 0, 0, 0, 0, 1, 0, 1, 0, 1, 1, 0, 2, 0, 0, 0, 0, 0, 0, 0, 2, 0, 0, 1, 0, 0, 1, 0, 0, 3, 0, 0, 1, 2, 0, 0, 0, 0, 0, 3, 1, 0, 0, 2, 1, 3, 1, 0, 0, 0, 0],908.8272556494078,49235.066718390466,107289.32240407266,false
36,G3_TWC,G3_TWC,[31, 22, 82, 15, 26, 58, 95, 42, 77, 12, 47, 5, 93, 78, 98, 54, 85, 63, 18, 44, 20, 35, 43, 97, 91, 76, 10, 30, 21, 45, 71, 64, 1, 23, 17, 83, 24, 14, 60, 36, 6, 57, 94, 88, 65, 56, 79, 40, 67, 68, 46, 75, 39, 9, 19, 32, 81, 96, 27, 62, 87, 90, 99, 59, 11, 16, 72, 73, 70, 38, 37, 84, 3, 92, 25, 55, 28, 29, 51, 7, 33, 61, 86, 48, 89, 50, 69, 41, 53, 80, 4, 8, 34, 49, 52, 0, 13, 2, 66, 74]|[1, 1, 0, 1, 1, 1, 2, 1, 2, 1, 2, 2, 2, 1, 1, 0, 0, 1, 0, 2, 2, 0, 1, 2, 0, 1, 2, 2, 0, 0, 1, 2, 1, 2, 1, 0, 2, 0, 1, 1, 0, 1, 1, 1, 0, 2, 1, 1, 0, 0, 0, 0, 1, 1, 2, 1, 2, 0, 0, 0, 2, 1, 0, 1, 2, 1, 2, 1, 1, 1, 1, 1, 2, 0, 1, 1, 0, 0, 0, 1, 2, 1, 0, 0, 1, 0, 1, 0, 0, 0, 0, 1, 2, 0, 1, 0, 0, 0, 2, 2]|[4, 3, 2, 2, 0, 0, 2, 2, 2, 4, 1, 1, 2, 4, 4, 1, 1, 4, 2, 1, 1, 1, 1, 2, 1, 2, 1, 1, 1, 1, 3, 2, 3, 0, 4, 0, 1, 1, 0, 3, 2, 2, 4, 0, 1, 1, 0, 2, 0, 1, 2, 2, 1, 4, 0, 3, 2, 1, 1, 2, 1, 3, 1, 1, 1, 3, 0, 4, 3, 1, 4, 1, 1, 2, 4, 4, 2, 1, 1, 3, 1, 3, 1, 1, 1, 1, 3, 1, 2, 1, 2, 3, 1, 1, 1, 2, 2, 2, 1, 1]|[0, 2, 1, 1, 3, 3, 0, 1, 0, 0, 0, 0, 1, 0, 1, 0, 0, 3, 1, 0, 0, 0, 3, 1, 0, 2, 0, 0, 0, 1, 0, 0, 0, 0, 3, 0, 1, 0, 0, 2, 1, 1, 2, 0, 0, 0, 0, 1, 1, 0, 0, 0, 1, 3, 0, 0, 1, 0, 0, 1, 0, 2, 0, 1, 0, 2, 1, 0, 0, 1, 1, 3, 0, 1, 3, 3, 1, 0, 0, 2, 0, 0, 0, 0, 1, 0, 0, 0, 1, 0, 1, 2, 0, 1, 1, 0, 0, 0, 0, 0],790.0799945868791,57951.42221290124,88960.86369927591,false
36,G1_CMAX,G1_CMAX,[31, 22, 82, 15, 26, 58, 95, 42, 77, 12, 93, 5, 47, 78, 86, 21, 63, 18, 44, 20, 35, 43, 97, 91, 76, 10, 30, 85, 45, 71, 64, 23, 17, 83, 24, 14, 60, 25, 6, 54, 40, 88, 65, 56, 79, 57, 69, 67, 46, 75, 38, 99, 19, 32, 41, 81, 27, 87, 90, 9, 59, 11, 16, 72, 73, 70, 39, 37, 84, 1, 3, 92, 36, 55, 48, 68, 96, 29, 51, 62, 33, 61, 98, 66, 89, 50, 4, 7, 53, 80, 94, 28, 34, 49, 52, 0, 74, 8, 2, 13]|[1, 1, 0, 1, 1, 0, 1, 1, 2, 1, 2, 2, 2, 1, 1, 0, 1, 0, 2, 2, 0, 1, 2, 0, 1, 2, 2, 2, 0, 1, 2, 2, 1, 0, 2, 0, 1, 1, 0, 0, 1, 1, 0, 2, 1, 1, 1, 0, 0, 0, 1, 1, 2, 1, 2, 2, 0, 2, 1, 0, 1, 2, 1, 2, 1, 1, 1, 1, 1, 1, 1, 0, 1, 1, 0, 0, 2, 0, 0, 0, 2, 1, 2, 2, 1, 0, 1, 0, 0, 0, 1, 0, 2, 0, 1, 0, 2, 1, 0, 0]|[0, 3, 2, 2, 4, 1, 2, 3, 2, 4, 2, 1, 1, 4, 4, 1, 4, 2, 1, 1, 1, 1, 2, 1, 2, 1, 1, 2, 1, 3, 2, 0, 4, 0, 1, 1, 0, 3, 2, 1, 2, 0, 1, 1, 0, 2, 4, 0, 2, 2, 1, 4, 0, 3, 2, 1, 1, 1, 3, 1, 1, 1, 3, 0, 4, 3, 1, 4, 1, 3, 1, 0, 4, 2, 1, 1, 1, 1, 1, 2, 1, 3, 1, 1, 1, 1, 4, 0, 2, 1, 3, 2, 1, 1, 1, 2, 1, 4, 2, 2]|[0, 2, 1, 1, 3, 0, 1, 3, 0, 0, 0, 0, 0, 0, 1, 0, 3, 1, 0, 0, 0, 3, 1, 0, 2, 0, 0, 1, 1, 0, 0, 0, 3, 0, 1, 0, 0, 2, 1, 0, 1, 0, 0, 0, 0, 1, 2, 1, 0, 0, 1, 3, 0, 0, 1, 0, 0, 0, 2, 0, 1, 0, 2, 1, 0, 0, 1, 1, 3, 0, 1, 1, 3, 3, 0, 0, 0, 0, 0, 1, 0, 0, 0, 0, 1, 0, 0, 0, 1, 0, 2, 1, 0, 1, 1, 0, 0, 2, 0, 0],717.7746778690674,58051.11429889491,97947.81742761745,false
36,G4_BALANCED,G4_BALANCED,[31, 11, 15, 82, 26, 9, 95, 32, 77, 68, 47, 5, 93, 78, 86, 54, 85, 63, 18, 44, 20, 49, 36, 14, 74, 50, 53, 17, 21, 45, 71, 64, 3, 23, 30, 83, 24, 41, 60, 52, 65, 27, 90, 70, 39, 87, 48, 69, 99, 4, 46, 1, 13, 58, 97, 59, 28, 75, 73, 37, 35, 79, 22, 66, 76, 42, 40, 80, 96, 6, 16, 61, 33, 7, 57, 34, 12, 67, 10, 98, 56, 88, 29, 94, 91, 38, 51, 92, 43, 84, 19, 72, 81, 25, 0, 55, 62, 89, 8, 2]|[2, 1, 1, 2, 1, 2, 1, 1, 1, 1, 1, 0, 2, 2, 1, 2, 0, 0, 0, 2, 2, 1, 0, 2, 0, 2, 2, 1, 0, 1, 1, 1, 0, 0, 1, 0, 2, 1, 2, 2, 0, 0, 1, 1, 0, 2, 0, 2, 1, 0, 0, 2, 0, 0, 2, 0, 1, 0, 0, 0, 2, 1, 0, 2, 2, 0, 2, 2, 0, 1, 2, 1, 1, 2, 0, 1, 1, 1, 1, 2, 2, 1, 1, 2, 1, 0, 1, 0, 1, 0, 1, 1, 1, 1, 0, 0, 1, 1, 1, 2]|[0, 3, 2, 0, 4, 1, 4, 4, 2, 4, 3, 2, 1, 0, 2, 1, 1, 1, 2, 1, 1, 3, 0, 1, 0, 1, 1, 4, 1, 4, 3, 2, 2, 0, 4, 1, 1, 4, 0, 1, 2, 1, 4, 4, 1, 1, 0, 2, 3, 1, 2, 1, 2, 1, 1, 2, 4, 2, 0, 2, 2, 3, 1, 0, 1, 2, 0, 1, 2, 4, 1, 3, 4, 1, 2, 4, 3, 3, 3, 1, 1, 4, 3, 1, 3, 2, 3, 2, 4, 2, 4, 4, 1, 4, 2, 2, 3, 4, 3, 1]|[0, 2, 1, 0, 3, 0, 1, 3, 0, 0, 2, 0, 1, 0, 1, 0, 0, 0, 1, 0, 0, 2, 0, 0, 1, 0, 0, 3, 0, 1, 0, 2, 0, 1, 3, 0, 1, 3, 1, 0, 0, 0, 1, 3, 0, 0, 1, 0, 2, 0, 0, 0, 0, 0, 1, 0, 1, 0, 1, 1, 0, 2, 0, 0, 0, 0, 0, 0, 0, 2, 0, 0, 1, 0, 0, 1, 0, 0, 3, 0, 0, 1, 0, 0, 0, 0, 0, 0, 2, 0, 3, 2, 1, 3, 0, 0, 0, 1, 0, 0],838.0858887121581,52145.01293281826,108083.60693758915,false
36,G2_TEC,G2_TEC,[31, 22, 82, 15, 26, 9, 95, 42, 77, 68, 47, 5, 93, 78, 86, 54, 85, 63, 18, 44, 20, 49, 36, 14, 74, 50, 53, 17, 21, 28, 11, 64, 3, 23, 30, 83, 24, 41, 40, 52, 65, 27, 90, 70, 39, 87, 48, 69, 99, 4, 75, 1, 13, 58, 97, 59, 45, 8, 73, 37, 35, 79, 71, 66, 76, 32, 60, 80, 56, 6, 67, 61, 33, 7, 57, 34, 12, 16, 10, 98, 96, 88, 43, 46, 91, 38, 84, 92, 29, 19, 51, 55, 81, 89, 25, 72, 94, 2, 0, 62]|[2, 1, 2, 1, 1, 2, 1, 1, 1, 1, 1, 0, 2, 2, 1, 2, 0, 0, 0, 2, 2, 1, 0, 2, 0, 2, 2, 1, 0, 1, 1, 1, 0, 0, 1, 0, 2, 1, 2, 2, 0, 0, 1, 1, 0, 2, 0, 2, 1, 0, 0, 2, 0, 0, 2, 0, 1, 1, 0, 0, 2, 1, 1, 2, 2, 0, 2, 2, 2, 1, 2, 1, 1, 2, 0, 1, 1, 2, 1, 2, 0, 1, 1, 0, 1, 0, 0, 0, 1, 1, 1, 0, 1, 1, 1, 1, 2, 2, 0, 1]|[0, 3, 0, 3, 4, 1, 4, 4, 2, 4, 3, 2, 1, 0, 2, 1, 1, 1, 2, 1, 1, 3, 0, 1, 0, 1, 1, 4, 1, 4, 3, 2, 2, 0, 4, 1, 1, 4, 1, 1, 2, 1, 4, 4, 1, 1, 0, 2, 3, 2, 2, 1, 2, 1, 1, 2, 4, 3, 0, 2, 2, 3, 3, 1, 1, 2, 1, 1, 1, 4, 1, 3, 4, 1, 2, 4, 3, 1, 3, 1, 2, 4, 4, 2, 3, 2, 2, 2, 3, 4, 3, 2, 4, 4, 4, 4, 1, 1, 2, 3]|[0, 2, 0, 0, 3, 0, 1, 3, 0, 0, 2, 0, 1, 0, 1, 0, 0, 0, 1, 0, 0, 2, 0, 0, 1, 0, 0, 3, 0, 1, 0, 2, 0, 0, 3, 0, 1, 1, 0, 0, 0, 0, 1, 3, 0, 0, 1, 0, 2, 0, 0, 0, 0, 0, 1, 0, 1, 0, 1, 1, 0, 2, 0, 0, 0, 0, 0, 0, 0, 2, 0, 0, 1, 0, 0, 1, 0, 0, 3, 0, 0, 1, 2, 0, 0, 0, 0, 0, 3, 1, 0, 0, 2, 1, 3, 1, 0, 0, 0, 0],908.8272556494078,49235.066718390466,107289.32240407266,false
36,G3_TWC,G3_TWC,[31, 22, 82, 15, 26, 58, 95, 42, 77, 12, 47, 5, 93, 78, 98, 54, 85, 63, 18, 44, 20, 35, 43, 97, 91, 76, 10, 30, 21, 45, 71, 64, 1, 23, 17, 83, 24, 14, 60, 36, 6, 57, 94, 88, 65, 56, 79, 40, 67, 68, 46, 75, 39, 9, 19, 32, 81, 96, 27, 62, 87, 90, 99, 59, 11, 16, 72, 73, 70, 38, 37, 84, 3, 92, 25, 55, 28, 29, 51, 7, 33, 61, 86, 48, 89, 50, 69, 41, 53, 80, 4, 8, 34, 49, 52, 0, 13, 2, 66, 74]|[1, 1, 0, 1, 1, 1, 2, 1, 2, 1, 2, 2, 2, 1, 1, 0, 0, 1, 0, 2, 2, 0, 1, 2, 0, 1, 2, 2, 0, 0, 1, 2, 1, 2, 1, 0, 2, 0, 1, 1, 0, 1, 1, 1, 0, 2, 1, 1, 0, 0, 0, 0, 1, 1, 2, 1, 2, 0, 0, 0, 2, 1, 0, 1, 2, 1, 2, 1, 1, 1, 1, 1, 2, 0, 1, 1, 0, 0, 0, 1, 2, 1, 0, 0, 1, 0, 1, 0, 0, 0, 0, 1, 2, 0, 1, 0, 0, 0, 2, 2]|[4, 3, 2, 2, 0, 0, 2, 2, 2, 4, 1, 1, 2, 4, 4, 1, 1, 4, 2, 1, 1, 1, 1, 2, 1, 2, 1, 1, 1, 1, 3, 2, 3, 0, 4, 0, 1, 1, 0, 3, 2, 2, 4, 0, 1, 1, 0, 2, 0, 1, 2, 2, 1, 4, 0, 3, 2, 1, 1, 2, 1, 3, 1, 1, 1, 3, 0, 4, 3, 1, 4, 1, 1, 2, 4, 4, 2, 1, 1, 3, 1, 3, 1, 1, 1, 1, 3, 1, 2, 1, 2, 3, 1, 1, 1, 2, 2, 2, 1, 1]|[0, 2, 1, 1, 3, 3, 0, 1, 0, 0, 0, 0, 1, 0, 1, 0, 0, 3, 1, 0, 0, 0, 3, 1, 0, 2, 0, 0, 0, 1, 0, 0, 0, 0, 3, 0, 1, 0, 0, 2, 1, 1, 2, 0, 0, 0, 0, 1, 1, 0, 0, 0, 1, 3, 0, 0, 1, 0, 0, 1, 0, 2, 0, 1, 0, 2, 1, 0, 0, 1, 1, 3, 0, 1, 3, 3, 1, 0, 0, 2, 0, 0, 0, 0, 1, 0, 0, 0, 1, 0, 1, 2, 0, 1, 1, 0, 0, 0, 0, 0],790.0799945868791,57951.42221290124,88960.86369927591,false
36,G1_CMAX,G4_BALANCED,[31, 22, 82, 15, 26, 58, 95, 42, 77, 12, 47, 5, 30, 78, 86, 54, 85, 63, 18, 44, 20, 35, 43, 97, 91, 76, 10, 93, 21, 45, 71, 64, 1, 23, 17, 83, 24, 14, 60, 36, 6, 57, 40, 88, 65, 56, 79, 94, 67, 68, 46, 75, 38, 9, 19, 32, 81, 41, 27, 62, 90, 99, 59, 87, 11, 66, 73, 70, 39, 37, 84, 3, 72, 25, 55, 16, 28, 29, 51, 7, 92, 61, 98, 48, 33, 50, 4, 96, 53, 80, 8, 89, 34, 2, 52, 13, 0, 69, 74, 49]|[1, 1, 0, 1, 1, 0, 1, 2, 2, 1, 2, 2, 2, 1, 1, 0, 0, 1, 0, 2, 2, 0, 1, 2, 0, 1, 2, 2, 0, 0, 1, 2, 1, 2, 1, 0, 2, 0, 1, 1, 0, 1, 1, 1, 0, 2, 1, 1, 0, 0, 0, 0, 1, 1, 2, 1, 0, 2, 0, 2, 1, 0, 1, 2, 2, 2, 1, 1, 1, 1, 1, 1, 2, 1, 1, 0, 0, 0, 0, 1, 2, 1, 2, 0, 1, 0, 1, 2, 0, 0, 0, 1, 2, 0, 1, 0, 0, 1, 2, 0]|[4, 3, 2, 2, 4, 1, 2, 2, 2, 4, 1, 1, 2, 4, 4, 1, 2, 4, 2, 1, 1, 1, 1, 2, 1, 2, 1, 1, 1, 1, 3, 2, 3, 1, 4, 0, 1, 1, 0, 3, 2, 2, 2, 0, 1, 1, 0, 4, 0, 1, 2, 2, 1, 4, 0, 3, 1, 1, 1, 1, 3, 1, 1, 1, 1, 1, 4, 3, 1, 4, 1, 1, 1, 4, 4, 2, 2, 2, 1, 1, 1, 3, 1, 1, 1, 1, 4, 1, 2, 1, 1, 1, 1, 2, 1, 2, 2, 4, 1, 1]|[0, 2, 1, 1, 3, 0, 1, 0, 0, 0, 0, 0, 1, 0, 1, 0, 0, 3, 1, 0, 0, 0, 3, 1, 0, 2, 0, 0, 0, 1, 0, 0, 0, 0, 3, 0, 1, 0, 0, 2, 1, 1, 1, 0, 0, 0, 0, 2, 1, 0, 0, 0, 1, 3, 0, 0, 0, 0, 0, 0, 2, 0, 1, 0, 0, 0, 0, 0, 1, 1, 3, 1, 0, 3, 3, 1, 1, 0, 0, 2, 0, 0, 0, 0, 1, 0, 0, 0, 1, 0, 0, 1, 0, 0, 1, 0, 0, 2, 0, 1],815.9382298603316,55074.479227271986,99598.30336368816,true
36,G4_BALANCED,G3_TWC,[31, 22, 82, 15, 26, 58, 95, 42, 77, 12, 47, 5, 93, 78, 86, 54, 71, 63, 18, 44, 20, 35, 43, 97, 91, 76, 10, 30, 21, 45, 85, 64, 1, 23, 17, 83, 24, 14, 60, 36, 6, 57, 40, 88, 65, 56, 66, 94, 67, 68, 46, 75, 38, 9, 19, 32, 81, 41, 27, 62, 87, 90, 99, 59, 11, 16, 72, 73, 70, 39, 37, 84, 3, 92, 25, 55, 28, 29, 51, 7, 33, 61, 98, 79, 89, 50, 69, 96, 53, 80, 4, 8, 34, 49, 52, 0, 13, 2, 48, 74]|[1, 1, 0, 1, 1, 1, 2, 1, 2, 1, 2, 2, 2, 1, 1, 0, 1, 1, 0, 2, 2, 0, 1, 2, 0, 1, 2, 2, 0, 0, 0, 2, 1, 2, 1, 0, 2, 0, 1, 1, 0, 1, 1, 1, 0, 2, 2, 1, 0, 0, 0, 0, 1, 1, 2, 1, 2, 0, 0, 0, 2, 1, 0, 1, 2, 1, 2, 1, 1, 1, 1, 1, 2, 0, 1, 1, 0, 0, 0, 1, 2, 1, 2, 2, 1, 0, 1, 0, 0, 0, 0, 1, 2, 0, 1, 0, 0, 0, 0, 2]|[4, 3, 2, 2, 0, 0, 2, 2, 2, 4, 1, 1, 2, 4, 4, 1, 3, 4, 2, 1, 1, 1, 1, 2, 1, 2, 1, 1, 1, 1, 2, 2, 3, 1, 4, 0, 1, 1, 0, 3, 2, 2, 2, 0, 1, 1, 1, 4, 0, 1, 2, 2, 1, 4, 0, 3, 2, 1, 1, 2, 1, 3, 1, 1, 1, 3, 0, 4, 3, 1, 4, 1, 1, 2, 4, 4, 2, 1, 1, 3, 1, 3, 1, 1, 1, 1, 3, 1, 2, 1, 2, 3, 1, 1, 1, 2, 2, 2, 1, 1]|[0, 2, 1, 1, 3, 3, 0, 1, 0, 0, 0, 0, 1, 0, 1, 0, 0, 3, 1, 0, 0, 0, 3, 1, 0, 2, 0, 0, 0, 1, 0, 0, 0, 0, 3, 0, 1, 0, 0, 2, 1, 1, 1, 0, 0, 0, 0, 2, 1, 0, 0, 0, 1, 3, 0, 0, 1, 0, 0, 1, 0, 2, 0, 1, 0, 2, 1, 0, 0, 1, 1, 3, 0, 1, 3, 3, 1, 0, 0, 2, 0, 0, 0, 0, 1, 0, 0, 0, 1, 0, 1, 2, 0, 1, 1, 0, 0, 0, 0, 0],781.9410001438831,57520.683063395605,90408.97475039563,true
36,G2_TEC,G2_TEC,[31, 22, 82, 15, 26, 9, 95, 42, 77, 68, 47, 5, 93, 78, 86, 54, 85, 63, 18, 44, 20, 49, 36, 14, 74, 50, 53, 17, 21, 28, 11, 64, 3, 23, 30, 83, 24, 41, 40, 52, 65, 27, 90, 70, 39, 87, 48, 69, 99, 4, 75, 1, 13, 58, 97, 59, 45, 8, 73, 37, 35, 79, 71, 66, 76, 32, 60, 80, 56, 6, 67, 61, 33, 7, 57, 34, 12, 16, 10, 98, 96, 88, 43, 46, 91, 38, 84, 92, 29, 19, 51, 55, 81, 89, 25, 72, 94, 2, 0, 62]|[2, 1, 2, 1, 1, 2, 1, 1, 1, 1, 1, 0, 2, 2, 1, 2, 0, 0, 0, 2, 2, 1, 0, 2, 0, 2, 2, 1, 0, 1, 1, 1, 0, 0, 1, 0, 2, 1, 2, 2, 0, 0, 1, 1, 0, 2, 0, 2, 1, 0, 0, 2, 0, 0, 2, 0, 1, 1, 0, 0, 2, 1, 1, 2, 2, 0, 2, 2, 2, 1, 2, 1, 1, 2, 0, 1, 1, 2, 1, 2, 0, 1, 1, 0, 1, 0, 0, 0, 1, 1, 1, 0, 1, 1, 1, 1, 2, 2, 0, 1]|[0, 3, 0, 3, 4, 1, 4, 4, 2, 4, 3, 2, 1, 0, 2, 1, 1, 1, 2, 1, 1, 3, 0, 1, 0, 1, 1, 4, 1, 4, 3, 2, 2, 0, 4, 1, 1, 4, 1, 1, 2, 1, 4, 4, 1, 1, 0, 2, 3, 2, 2, 1, 2, 1, 1, 2, 4, 3, 0, 2, 2, 3, 3, 1, 1, 2, 1, 1, 1, 4, 1, 3, 4, 1, 2, 4, 3, 1, 3, 1, 2, 4, 4, 2, 3, 2, 2, 2, 3, 4, 3, 2, 4, 4, 4, 4, 1, 1, 2, 3]|[0, 2, 0, 0, 3, 0, 1, 3, 0, 0, 2, 0, 1, 0, 1, 0, 0, 0, 1, 0, 0, 2, 0, 0, 1, 0, 0, 3, 0, 1, 0, 2, 0, 0, 3, 0, 1, 1, 0, 0, 0, 0, 1, 3, 0, 0, 1, 0, 2, 0, 0, 0, 0, 0, 1, 0, 1, 0, 1, 1, 0, 2, 0, 0, 0, 0, 0, 0, 0, 2, 0, 0, 1, 0, 0, 1, 0, 0, 3, 0, 0, 1, 2, 0, 0, 0, 0, 0, 3, 1, 0, 0, 2, 1, 3, 1, 0, 0, 0, 0],908.8272556494078,49235.066718390466,107289.32240407266,false
36,G3_TWC,G3_TWC,[31, 22, 82, 15, 26, 58, 95, 42, 77, 12, 47, 5, 93, 78, 98, 54, 85, 63, 18, 44, 20, 35, 43, 97, 91, 76, 10, 30, 21, 45, 71, 64, 1, 23, 17, 83, 24, 14, 60, 36, 6, 57, 94, 88, 65, 56, 79, 40, 67, 68, 46, 75, 39, 9, 19, 32, 81, 96, 27, 62, 87, 90, 99, 59, 11, 16, 72, 73, 70, 38, 37, 84, 3, 92, 25, 55, 28, 29, 51, 7, 33, 61, 86, 48, 89, 50, 69, 41, 53, 80, 4, 8, 34, 49, 52, 0, 13, 2, 66, 74]|[1, 1, 0, 1, 1, 1, 2, 1, 2, 1, 2, 2, 2, 1, 1, 0, 0, 1, 0, 2, 2, 0, 1, 2, 0, 1, 2, 2, 0, 0, 1, 2, 1, 2, 1, 0, 2, 0, 1, 1, 0, 1, 1, 1, 0, 2, 1, 1, 0, 0, 0, 0, 1, 1, 2, 1, 2, 0, 0, 0, 2, 1, 0, 1, 2, 1, 2, 1, 1, 1, 1, 1, 2, 0, 1, 1, 0, 0, 0, 1, 2, 1, 0, 0, 1, 0, 1, 0, 0, 0, 0, 1, 2, 0, 1, 0, 0, 0, 2, 2]|[4, 3, 2, 2, 0, 0, 2, 2, 2, 4, 1, 1, 2, 4, 4, 1, 1, 4, 2, 1, 1, 1, 1, 2, 1, 2, 1, 1, 1, 1, 3, 2, 3, 0, 4, 0, 1, 1, 0, 3, 2, 2, 4, 0, 1, 1, 0, 2, 0, 1, 2, 2, 1, 4, 0, 3, 2, 1, 1, 2, 1, 3, 1, 1, 1, 3, 0, 4, 3, 1, 4, 1, 1, 2, 4, 4, 2, 1, 1, 3, 1, 3, 1, 1, 1, 1, 3, 1, 2, 1, 2, 3, 1, 1, 1, 2, 2, 2, 1, 1]|[0, 2, 1, 1, 3, 3, 0, 1, 0, 0, 0, 0, 1, 0, 1, 0, 0, 3, 1, 0, 0, 0, 3, 1, 0, 2, 0, 0, 0, 1, 0, 0, 0, 0, 3, 0, 1, 0, 0, 2, 1, 1, 2, 0, 0, 0, 0, 1, 1, 0, 0, 0, 1, 3, 0, 0, 1, 0, 0, 1, 0, 2, 0, 1, 0, 2, 1, 0, 0, 1, 1, 3, 0, 1, 3, 3, 1, 0, 0, 2, 0, 0, 0, 0, 1, 0, 0, 0, 1, 0, 1, 2, 0, 1, 1, 0, 0, 0, 0, 0],790.0799945868791,57951.42221290124,88960.86369927591,false
36,G1_CMAX,G1_CMAX,[31, 22, 82, 15, 26, 99, 95, 42, 77, 12, 47, 5, 93, 78, 86, 54, 21, 63, 18, 44, 20, 23, 43, 97, 91, 76, 10, 30, 85, 45, 71, 64, 1, 35, 17, 83, 24, 14, 60, 36, 6, 57, 40, 88, 65, 56, 79, 94, 67, 68, 46, 75, 38, 9, 19, 32, 41, 81, 27, 87, 90, 58, 62, 39, 11, 16, 72, 73, 70, 59, 37, 84, 3, 92, 25, 55, 28, 29, 51, 7, 33, 61, 98, 66, 89, 50, 48, 96, 53, 80, 4, 8, 34, 49, 52, 0, 13, 2, 69, 74]|[1, 1, 0, 1, 1, 1, 2, 1, 2, 1, 2, 2, 2, 1, 1, 0, 0, 1, 0, 2, 2, 0, 1, 2, 0, 1, 2, 2, 0, 0, 1, 2, 1, 2, 1, 0, 2, 0, 1, 1, 0, 1, 1, 1, 0, 2, 1, 1, 0, 0, 0, 0, 1, 1, 2, 1, 2, 0, 0, 2, 2, 1, 0, 1, 2, 1, 2, 1, 1, 1, 1, 1, 2, 0, 1, 1, 0, 0, 0, 1, 2, 1, 2, 2, 1, 0, 0, 0, 0, 0, 0, 1, 2, 0, 1, 0, 0, 0, 1, 2]|[4, 3, 2, 2, 0, 0, 2, 2, 2, 4, 1, 1, 2, 4, 4, 1, 1, 4, 2, 1, 1, 1, 1, 2, 1, 2, 1, 1, 1, 1, 3, 2, 3, 0, 4, 0, 1, 1, 0, 3, 2, 2, 2, 0, 1, 1, 0, 4, 0, 1, 2, 2, 1, 4, 0, 3, 2, 1, 1, 1, 1, 3, 1, 1, 1, 3, 0, 4, 3, 1, 4, 1, 1, 2, 4, 4, 2, 1, 1, 3, 1, 3, 1, 1, 1, 1, 1, 1, 2, 1, 2, 3, 1, 1, 1, 2, 2, 2, 4, 1]|[0, 2, 1, 1, 3, 3, 0, 1, 0, 0, 0, 0, 1, 0, 1, 0, 0, 3, 1, 0, 0, 0, 3, 1, 0, 2, 0, 0, 0, 1, 0, 0, 0, 0, 3, 0, 1, 0, 0, 2, 1, 1, 1, 0, 0, 0, 0, 2, 1, 0, 0, 0, 1, 3, 0, 0, 1, 0, 0, 0, 0, 2, 0, 1, 0, 2, 1, 0, 0, 1, 1, 3, 0, 1, 3, 3, 1, 0, 0, 2, 0, 0, 0, 0, 1, 0, 0, 0, 1, 0, 1, 2, 0, 1, 1, 0, 0, 0, 2, 0],760.3853689308421,58081.62961599292,90593.08160129942,false
36,G4_BALANCED,G4_BALANCED,[31, 22, 82, 15, 26, 9, 95, 42, 77, 68, 47, 5, 93, 78, 86, 54, 85, 63, 18, 44, 20, 49, 36, 14, 74, 50, 53, 17, 21, 28, 11, 64, 3, 23, 30, 83, 24, 41, 40, 52, 65, 27, 90, 70, 39, 87, 48, 69, 99, 4, 46, 1, 13, 58, 97, 59, 45, 8, 73, 37, 35, 79, 71, 66, 76, 32, 60, 80, 56, 6, 67, 61, 33, 7, 57, 34, 12, 16, 10, 98, 96, 88, 43, 75, 91, 38, 84, 92, 29, 94, 51, 72, 55, 89, 25, 81, 19, 2, 0, 62]|[2, 1, 2, 1, 1, 2, 1, 1, 1, 1, 1, 0, 2, 2, 1, 2, 0, 0, 0, 2, 2, 1, 0, 2, 0, 2, 2, 1, 0, 1, 1, 1, 0, 0, 1, 0, 2, 1, 2, 2, 0, 0, 1, 1, 0, 2, 0, 2, 1, 0, 0, 2, 0, 0, 2, 0, 1, 1, 0, 0, 2, 1, 1, 2, 2, 0, 2, 2, 2, 1, 2, 1, 1, 2, 0, 1, 1, 2, 1, 2, 0, 1, 1, 0, 1, 0, 0, 0, 1, 1, 1, 1, 0, 1, 1, 1, 1, 2, 0, 1]|[0, 3, 0, 3, 4, 1, 4, 4, 2, 4, 3, 2, 1, 0, 2, 1, 1, 1, 2, 1, 1, 3, 0, 1, 0, 1, 1, 4, 1, 4, 3, 2, 2, 0, 4, 1, 1, 4, 1, 1, 2, 1, 4, 4, 1, 1, 0, 2, 3, 2, 2, 1, 2, 1, 1, 2, 4, 3, 0, 2, 2, 3, 3, 1, 1, 2, 1, 1, 1, 4, 1, 3, 4, 1, 2, 4, 3, 1, 3, 1, 2, 4, 4, 2, 3, 2, 2, 2, 3, 4, 3, 4, 2, 4, 4, 4, 4, 1, 2, 3]|[0, 2, 0, 0, 3, 0, 1, 3, 0, 0, 2, 0, 1, 0, 1, 0, 0, 0, 1, 0, 0, 2, 0, 0, 1, 0, 0, 3, 0, 1, 0, 2, 0, 0, 3, 0, 1, 1, 0, 0, 0, 0, 1, 3, 0, 0, 1, 0, 2, 0, 0, 0, 0, 0, 1, 0, 1, 0, 1, 1, 0, 2, 0, 0, 0, 0, 0, 0, 0, 2, 0, 0, 1, 0, 0, 1, 0, 0, 3, 0, 0, 1, 2, 0, 0, 0, 0, 0, 3, 1, 0, 1, 0, 1, 3, 2, 1, 0, 0, 0],896.1397489326695,49421.411449897474,107878.07833794181,false
36,G2_TEC,G2_TEC,[31, 22, 82, 15, 26, 9, 95, 42, 77, 68, 47, 5, 93, 78, 86, 54, 85, 63, 18, 44, 20, 49, 36, 14, 74, 50, 53, 17, 21, 28, 11, 64, 3, 23, 30, 83, 24, 41, 40, 52, 65, 27, 90, 70, 39, 87, 48, 69, 99, 4, 75, 1, 13, 58, 97, 59, 45, 8, 73, 37, 35, 79, 71, 66, 76, 32, 60, 80, 56, 6, 67, 61, 33, 7, 57, 34, 12, 16, 10, 98, 96, 88, 43, 46, 91, 38, 84, 92, 29, 19, 51, 55, 81, 89, 25, 72, 94, 2, 0, 62]|[2, 1, 2, 1, 1, 2, 1, 1, 1, 1, 1, 0, 2, 2, 1, 2, 0, 0, 0, 2, 2, 1, 0, 2, 0, 2, 2, 1, 0, 1, 1, 1, 0, 0, 1, 0, 2, 1, 2, 2, 0, 0, 1, 1, 0, 2, 0, 2, 1, 0, 0, 2, 0, 0, 2, 0, 1, 1, 0, 0, 2, 1, 1, 2, 2, 0, 2, 2, 2, 1, 2, 1, 1, 2, 0, 1, 1, 2, 1, 2, 0, 1, 1, 0, 1, 0, 0, 0, 1, 1, 1, 0, 1, 1, 1, 1, 2, 2, 0, 1]|[0, 3, 0, 3, 4, 1, 4, 4, 2, 4, 3, 2, 1, 0, 2, 1, 1, 1, 2, 1, 1, 3, 0, 1, 0, 1, 1, 4, 1, 4, 3, 2, 2, 0, 4, 1, 1, 4, 1, 1, 2, 1, 4, 4, 1, 1, 0, 2, 3, 2, 2, 1, 2, 1, 1, 2, 4, 3, 0, 2, 2, 3, 3, 1, 1, 2, 1, 1, 1, 4, 1, 3, 4, 1, 2, 4, 3, 1, 3, 1, 2, 4, 4, 2, 3, 2, 2, 2, 3, 4, 3, 2, 4, 4, 4, 4, 1, 1, 2, 3]|[0, 2, 0, 0, 3, 0, 1, 3, 0, 0, 2, 0, 1, 0, 1, 0, 0, 0, 1, 0, 0, 2, 0, 0, 1, 0, 0, 3, 0, 1, 0, 2, 0, 0, 3, 0, 1, 1, 0, 0, 0, 0, 1, 3, 0, 0, 1, 0, 2, 0, 0, 0, 0, 0, 1, 0, 1, 0, 1, 1, 0, 2, 0, 0, 0, 0, 0, 0, 0, 2, 0, 0, 1, 0, 0, 1, 0, 0, 3, 0, 0, 1, 2, 0, 0, 0, 0, 0, 3, 1, 0, 0, 2, 1, 3, 1, 0, 0, 0, 0],908.8272556494078,49235.066718390466,107289.32240407266,false
36,G3_TWC,G3_TWC,[31, 22, 82, 15, 26, 58, 95, 42, 77, 12, 47, 5, 93, 78, 98, 54, 85, 63, 18, 44, 20, 35, 43, 97, 91, 76, 10, 30, 21, 45, 71, 64, 1, 23, 17, 83, 24, 14, 60, 36, 6, 57, 94, 88, 65, 56, 79, 40, 67, 68, 46, 75, 38, 9, 19, 32, 81, 41, 27, 62, 87, 90, 99, 59, 11, 16, 72, 73, 70, 39, 37, 84, 3, 92, 25, 55, 28, 29, 51, 7, 33, 61, 86, 66, 89, 50, 48, 96, 53, 8, 80, 4, 34, 2, 52, 49, 13, 0, 69, 74]|[1, 1, 0, 1, 1, 1, 2, 1, 2, 1, 2, 2, 2, 1, 1, 0, 0, 1, 0, 2, 2, 0, 1, 2, 0, 1, 2, 2, 0, 0, 1, 2, 1, 2, 1, 0, 2, 0, 1, 1, 0, 1, 1, 1, 0, 2, 1, 1, 0, 0, 0, 0, 1, 1, 2, 1, 2, 0, 0, 0, 2, 1, 0, 1, 2, 1, 2, 1, 1, 1, 1, 1, 2, 1, 1, 1, 0, 0, 0, 1, 2, 1, 0, 2, 1, 0, 2, 0, 0, 1, 0, 0, 2, 0, 1, 0, 0, 0, 1, 2]|[4, 3, 2, 2, 0, 0, 2, 2, 2, 4, 1, 1, 2, 4, 4, 1, 1, 4, 2, 1, 1, 1, 1, 2, 1, 2, 1, 1, 1, 1, 3, 2, 3, 0, 4, 0, 1, 1, 0, 3, 2, 2, 4, 0, 1, 1, 0, 2, 0, 1, 2, 2, 1, 0, 0, 3, 2, 1, 1, 2, 1, 3, 1, 1, 1, 3, 0, 4, 3, 1, 4, 1, 1, 1, 4, 4, 2, 1, 1, 3, 1, 3, 1, 1, 1, 1, 1, 1, 2, 3, 1, 2, 1, 2, 1, 1, 2, 2, 3, 1]|[0, 2, 1, 1, 3, 3, 0, 1, 0, 0, 0, 0, 1, 0, 1, 0, 0, 3, 1, 0, 0, 0, 3, 1, 0, 2, 0, 0, 0, 1, 0, 0, 0, 0, 3, 0, 1, 0, 0, 2, 1, 1, 2, 0, 0, 0, 0, 1, 1, 0, 0, 0, 1, 3, 0, 0, 1, 0, 0, 1, 0, 2, 0, 1, 0, 2, 1, 0, 0, 1, 1, 3, 0, 1, 3, 3, 1, 0, 0, 2, 0, 0, 0, 0, 1, 0, 0, 0, 1, 2, 0, 1, 0, 0, 1, 1, 0, 0, 0, 0],755.4379969399846,58273.65604684748,91146.20269587272,false
36,G1_CMAX,G1_CMAX,[31, 22, 82, 15, 26, 99, 95, 42, 77, 12, 47, 5, 93, 78, 86, 54, 21, 63, 18, 44, 20, 35, 43, 97, 91, 76, 10, 30, 85, 45, 71, 64, 1, 23, 17, 83, 24, 14, 60, 36, 6, 57, 40, 88, 65, 56, 59, 94, 67, 68, 46, 75, 38, 9, 19, 32, 41, 81, 27, 87, 90, 58, 79, 11, 16, 72, 73, 70, 39, 37, 84, 3, 92, 25, 55, 48, 62, 29, 51, 7, 33, 61, 98, 28, 89, 50, 4, 96, 53, 80, 8, 66, 34, 49, 52, 0, 74, 69, 2, 13]|[1, 1, 0, 1, 1, 0, 1, 1, 2, 1, 2, 2, 2, 1, 1, 0, 0, 1, 0, 2, 2, 0, 1, 2, 0, 1, 2, 2, 0, 0, 1, 2, 1, 2, 1, 0, 2, 0, 1, 1, 0, 1, 1, 1, 0, 2, 1, 1, 0, 0, 0, 0, 1, 1, 2, 1, 0, 2, 0, 2, 1, 0, 1, 2, 1, 2, 1, 1, 1, 1, 1, 1, 0, 1, 2, 0, 0, 0, 0, 1, 2, 1, 2, 0, 1, 0, 1, 2, 0, 0, 1, 2, 2, 0, 1, 0, 2, 1, 0, 0]|[0, 3, 2, 2, 4, 1, 2, 3, 2, 4, 1, 1, 2, 4, 4, 1, 1, 4, 2, 1, 1, 1, 1, 2, 1, 2, 1, 1, 2, 1, 3, 2, 3, 1, 4, 0, 1, 1, 0, 3, 2, 2, 2, 0, 1, 1, 1, 4, 0, 1, 2, 2, 1, 4, 0, 3, 1, 1, 1, 1, 3, 1, 1, 1, 3, 0, 4, 3, 1, 4, 1, 1, 0, 4, 1, 1, 2, 1, 1, 1, 1, 3, 1, 2, 1, 1, 4, 1, 2, 1, 3, 1, 1, 1, 1, 2, 1, 4, 2, 2]|[0, 2, 1, 1, 3, 0, 1, 3, 0, 0, 0, 0, 1, 0, 1, 0, 0, 3, 1, 0, 0, 0, 3, 1, 0, 2, 0, 0, 0, 1, 0, 0, 0, 0, 3, 0, 1, 0, 0, 2, 1, 1, 1, 0, 0, 0, 1, 2, 1, 0, 0, 0, 1, 3, 0, 0, 0, 0, 0, 0, 2, 0, 1, 0, 2, 1, 0, 0, 1, 1, 3, 1, 1, 3, 0, 0, 1, 0, 0, 2, 0, 0, 0, 1, 1, 0, 0, 0, 1, 0, 2, 0, 0, 1, 1, 0, 0, 2, 0, 0],731.2476204416437,56471.05293543117,93231.64460992858,false
36,G4_BALANCED,G3_TWC,[31, 22, 82, 15, 26, 58, 95, 42, 77, 12, 47, 5, 93, 78, 98, 54, 85, 63, 18, 44, 20, 35, 43, 97, 91, 76, 10, 30, 21, 45, 71, 64, 1, 23, 17, 83, 24, 14, 60, 36, 6, 57, 94, 88, 65, 56, 79, 40, 67, 68, 46, 75, 38, 9, 19, 32, 81, 41, 27, 62, 87, 90, 99, 59, 11, 16, 72, 73, 70, 39, 37, 84, 3, 92, 25, 55, 28, 29, 51, 7, 33, 61, 86, 66, 89, 50, 48, 96, 53, 8, 80, 4, 34, 2, 52, 49, 13, 0, 69, 74]|[1, 1, 0, 1, 1, 1, 2, 1, 2, 1, 2, 2, 2, 1, 1, 0, 0, 1, 0, 2, 2, 0, 1, 2, 0, 1, 2, 2, 0, 0, 1, 2, 1, 2, 1, 0, 2, 0, 1, 1, 0, 1, 1, 1, 0, 2, 1, 1, 0, 0, 0, 0, 1, 1, 2, 1, 2, 0, 0, 0, 2, 1, 0, 1, 2, 1, 2, 1, 1, 1, 1, 1, 2, 1, 1, 1, 0, 0, 0, 1, 2, 1, 0, 2, 1, 0, 2, 0, 0, 1, 0, 0, 2, 0, 1, 0, 0, 0, 1, 2]|[4, 3, 2, 2, 0, 0, 2, 2, 2, 4, 1, 1, 2, 4, 4, 1, 1, 4, 2, 1, 1, 1, 1, 2, 1, 2, 1, 1, 1, 1, 3, 2, 3, 0, 4, 0, 1, 1, 0, 3, 2, 2, 4, 0, 1, 1, 0, 2, 0, 1, 2, 2, 1, 0, 0, 3, 2, 1, 1, 2, 1, 3, 1, 1, 1, 3, 0, 4, 3, 1, 4, 1, 1, 1, 4, 4, 2, 1, 1, 3, 1, 3, 1, 1, 1, 1, 1, 1, 2, 3, 1, 2, 1, 2, 1, 1, 2, 2, 3, 1]|[0, 2, 1, 1, 3, 3, 0, 1, 0, 0, 0, 0, 1, 0, 1, 0, 0, 3, 1, 0, 0, 0, 3, 1, 0, 2, 0, 0, 0, 1, 0, 0, 0, 0, 3, 0, 1, 0, 0, 2, 1, 1, 2, 0, 0, 0, 0, 1, 1, 0, 0, 0, 1, 3, 0, 0, 1, 0, 0, 1, 0, 2, 0, 1, 0, 2, 1, 0, 0, 1, 1, 3, 0, 1, 3, 3, 1, 0, 0, 2, 0, 0, 0, 0, 1, 0, 0, 0, 1, 2, 0, 1, 0, 0, 1, 1, 0, 0, 0, 0],755.4379969399846,58273.65604684748,91146.20269587272,true
36,G2_TEC,G2_TEC,[31, 22, 82, 15, 26, 9, 95, 42, 77, 68, 47, 5, 93, 78, 86, 54, 85, 63, 18, 44, 20, 49, 36, 14, 74, 50, 53, 17, 21, 28, 11, 64, 3, 23, 30, 83, 24, 41, 40, 52, 65, 27, 90, 70, 39, 87, 48, 69, 99, 4, 75, 1, 13, 58, 97, 59, 45, 8, 73, 37, 35, 79, 71, 66, 76, 32, 60, 80, 56, 6, 67, 61, 33, 7, 57, 34, 12, 16, 10, 98, 96, 88, 43, 46, 91, 38, 84, 92, 29, 19, 51, 55, 81, 89, 25, 72, 94, 2, 0, 62]|[2, 1, 2, 1, 1, 2, 1, 1, 1, 1, 1, 0, 2, 2, 1, 2, 0, 0, 0, 2, 2, 1, 0, 2, 0, 2, 2, 1, 0, 1, 1, 1, 0, 0, 1, 0, 2, 1, 2, 2, 0, 0, 1, 1, 0, 2, 0, 2, 1, 0, 0, 2, 0, 0, 2, 0, 1, 1, 0, 0, 2, 1, 1, 2, 2, 0, 2, 2, 2, 1, 2, 1, 1, 2, 0, 1, 1, 2, 1, 2, 0, 1, 1, 0, 1, 0, 0, 0, 1, 1, 1, 0, 1, 1, 1, 1, 2, 2, 0, 1]|[0, 3, 0, 3, 4, 1, 4, 4, 2, 4, 3, 2, 1, 0, 2, 1, 1, 1, 2, 1, 1, 3, 0, 1, 0, 1, 1, 4, 1, 4, 3, 2, 2, 0, 4, 1, 1, 4, 1, 1, 2, 1, 4, 4, 1, 1, 0, 2, 3, 2, 2, 1, 2, 1, 1, 2, 4, 3, 0, 2, 2, 3, 3, 1, 1, 2, 1, 1, 1, 4, 1, 3, 4, 1, 2, 4, 3, 1, 3, 1, 2, 4, 4, 2, 3, 2, 2, 2, 3, 4, 3, 2, 4, 4, 4, 4, 1, 1, 2, 3]|[0, 2, 0, 0, 3, 0, 1, 3, 0, 0, 2, 0, 1, 0, 1, 0, 0, 0, 1, 0, 0, 2, 0, 0, 1, 0, 0, 3, 0, 1, 0, 2, 0, 0, 3, 0, 1, 1, 0, 0, 0, 0, 1, 3, 0, 0, 1, 0, 2, 0, 0, 0, 0, 0, 1, 0, 1, 0, 1, 1, 0, 2, 0, 0, 0, 0, 0, 0, 0, 2, 0, 0, 1, 0, 0, 1, 0, 0, 3, 0, 0, 1, 2, 0, 0, 0, 0, 0, 3, 1, 0, 0, 2, 1, 3, 1, 0, 0, 0, 0],908.8272556494078,49235.066718390466,107289.32240407266,false
36,G3_TWC,G2_TEC,[31, 22, 82, 15, 26, 9, 95, 42, 77, 68, 47, 5, 93, 78, 86, 54, 85, 63, 18, 44, 20, 49, 36, 14, 74, 50, 53, 17, 21, 28, 11, 64, 3, 23, 30, 83, 24, 41, 40, 52, 65, 27, 90, 70, 39, 87, 48, 69, 99, 4, 75, 1, 13, 58, 97, 59, 45, 8, 73, 37, 35, 79, 71, 66, 76, 32, 60, 80, 96, 6, 67, 61, 33, 7, 57, 34, 12, 16, 10, 98, 56, 88, 43, 46, 91, 38, 19, 92, 29, 84, 51, 72, 55, 89, 25, 81, 94, 2, 0, 62]|[2, 1, 2, 1, 1, 2, 1, 1, 1, 1, 1, 0, 2, 2, 1, 2, 0, 0, 0, 2, 2, 1, 0, 2, 0, 2, 2, 1, 0, 1, 1, 1, 0, 0, 1, 0, 2, 1, 2, 2, 0, 0, 1, 1, 0, 2, 0, 2, 1, 0, 0, 2, 0, 0, 2, 0, 1, 1, 0, 0, 2, 1, 1, 2, 2, 0, 2, 2, 0, 1, 2, 1, 1, 2, 0, 1, 1, 2, 1, 2, 0, 1, 1, 0, 1, 0, 0, 0, 1, 0, 1, 1, 0, 1, 1, 1, 2, 2, 0, 1]|[0, 3, 0, 3, 4, 1, 4, 4, 2, 4, 3, 2, 1, 0, 2, 1, 1, 1, 2, 1, 1, 3, 2, 1, 0, 1, 1, 4, 1, 4, 3, 2, 2, 0, 4, 1, 1, 4, 1, 1, 2, 1, 4, 4, 1, 1, 0, 2, 3, 2, 2, 1, 2, 1, 1, 2, 4, 3, 0, 2, 2, 3, 3, 1, 1, 2, 1, 1, 2, 4, 1, 3, 4, 1, 2, 4, 3, 1, 3, 1, 2, 4, 4, 2, 3, 2, 2, 2, 3, 2, 3, 4, 2, 4, 4, 4, 1, 1, 2, 3]|[0, 2, 0, 0, 3, 0, 1, 3, 0, 0, 2, 0, 1, 0, 1, 0, 0, 0, 1, 0, 0, 2, 0, 0, 1, 0, 0, 3, 0, 1, 0, 2, 0, 0, 3, 0, 1, 1, 0, 0, 0, 0, 1, 3, 0, 0, 1, 0, 2, 0, 0, 0, 0, 0, 1, 0, 1, 0, 1, 1, 0, 2, 0, 0, 0, 0, 0, 0, 0, 2, 0, 0, 1, 0, 0, 1, 0, 0, 3, 0, 0, 1, 2, 0, 0, 0, 0, 0, 3, 0, 0, 1, 0, 1, 3, 2, 0, 0, 0, 0],900.9684775469341,49581.290949617,105377.38935736836,true
36,G1_CMAX,G4_BALANCED,[31, 22, 82, 15, 26, 9, 95, 42, 77, 68, 47, 5, 93, 78, 86, 54, 85, 63, 18, 44, 20, 49, 36, 14, 74, 50, 53, 17, 21, 28, 11, 64, 3, 23, 30, 83, 24, 41, 40, 52, 65, 27, 90, 70, 39, 87, 48, 69, 99, 4, 46, 1, 13, 58, 97, 59, 45, 8, 73, 37, 35, 79, 71, 66, 76, 32, 60, 80, 56, 6, 67, 61, 33, 7, 57, 34, 12, 16, 10, 98, 96, 88, 43, 75, 91, 38, 84, 92, 29, 94, 51, 72, 55, 89, 25, 81, 19, 2, 0, 62]|[2, 1, 2, 1, 1, 2, 1, 1, 1, 1, 1, 0, 2, 2, 1, 2, 0, 0, 0, 2, 2, 1, 0, 2, 0, 2, 2, 1, 0, 1, 1, 1, 0, 0, 1, 0, 2, 1, 2, 2, 0, 0, 1, 1, 0, 2, 0, 2, 1, 0, 0, 2, 0, 0, 2, 0, 1, 1, 0, 0, 2, 1, 1, 2, 2, 0, 2, 2, 2, 1, 2, 1, 1, 2, 0, 1, 1, 2, 1, 2, 0, 1, 1, 0, 1, 0, 0, 0, 1, 1, 1, 1, 0, 1, 1, 1, 1, 2, 0, 1]|[0, 3, 0, 3, 4, 1, 4, 4, 2, 4, 3, 2, 1, 0, 2, 1, 1, 1, 2, 1, 1, 3, 0, 1, 0, 1, 1, 4, 1, 4, 3, 2, 2, 0, 4, 1, 1, 4, 1, 1, 2, 1, 4, 4, 1, 1, 0, 2, 3, 2, 2, 1, 2, 1, 1, 2, 4, 3, 0, 2, 2, 3, 3, 1, 1, 2, 1, 1, 1, 4, 1, 3, 4, 1, 2, 4, 3, 1, 3, 1, 2, 4, 4, 2, 3, 2, 2, 2, 3, 4, 3, 4, 2, 4, 4, 4, 4, 1, 2, 3]|[0, 2, 0, 0, 3, 0, 1, 3, 0, 0, 2, 0, 1, 0, 1, 0, 0, 0, 1, 0, 0, 2, 0, 0, 1, 0, 0, 3, 0, 1, 0, 2, 0, 0, 3, 0, 1, 1, 0, 0, 0, 0, 1, 3, 0, 0, 1, 0, 2, 0, 0, 0, 0, 0, 1, 0, 1, 0, 1, 1, 0, 2, 0, 0, 0, 0, 0, 0, 0, 2, 0, 0, 1, 0, 0, 1, 0, 0, 3, 0, 0, 1, 2, 0, 0, 0, 0, 0, 3, 1, 0, 1, 0, 1, 3, 2, 1, 0, 0, 0],896.1397489326695,49421.411449897474,107878.07833794181,true
36,G4_BALANCED,G2_TEC,[31, 22, 82, 15, 26, 9, 95, 42, 77, 68, 47, 5, 93, 78, 86, 54, 85, 63, 18, 44, 20, 49, 36, 14, 74, 50, 53, 17, 21, 28, 11, 64, 3, 23, 30, 83, 24, 41, 40, 52, 65, 27, 90, 70, 39, 87, 48, 69, 99, 4, 75, 1, 13, 58, 97, 59, 45, 8, 73, 37, 35, 79, 71, 66, 76, 32, 60, 80, 96, 6, 67, 61, 33, 7, 57, 34, 12, 16, 10, 98, 56, 88, 43, 46, 91, 38, 19, 92, 29, 84, 51, 72, 55, 89, 25, 81, 94, 2, 0, 62]|[2, 1, 2, 1, 1, 2, 1, 1, 1, 1, 1, 0, 2, 2, 1, 2, 0, 0, 0, 2, 2, 1, 0, 2, 0, 2, 2, 1, 0, 1, 1, 1, 0, 0, 1, 0, 2, 1, 2, 2, 0, 0, 1, 1, 0, 2, 0, 2, 1, 0, 0, 2, 0, 0, 2, 0, 1, 1, 0, 0, 2, 1, 1, 2, 2, 0, 2, 2, 0, 1, 2, 1, 1, 2, 0, 1, 1, 2, 1, 2, 0, 1, 1, 0, 1, 0, 0, 0, 1, 0, 1, 1, 0, 1, 1, 1, 2, 2, 0, 1]|[0, 3, 0, 3, 4, 1, 4, 4, 2, 4, 3, 2, 1, 0, 2, 1, 1, 1, 2, 1, 1, 3, 2, 1, 0, 1, 1, 4, 1, 4, 3, 2, 2, 0, 4, 1, 1, 4, 1, 1, 2, 1, 4, 4, 1, 1, 0, 2, 3, 2, 2, 1, 2, 1, 1, 2, 4, 3, 0, 2, 2, 3, 3, 1, 1, 2, 1, 1, 2, 4, 1, 3, 4, 1, 2, 4, 3, 1, 3, 1, 2, 4, 4, 2, 3, 2, 2, 2, 3, 2, 3, 4, 2, 4, 4, 4, 1, 1, 2, 3]|[0, 2, 0, 0, 3, 0, 1, 3, 0, 0, 2, 0, 1, 0, 1, 0, 0, 0, 1, 0, 0, 2, 0, 0, 1, 0, 0, 3, 0, 1, 0, 2, 0, 0, 3, 0, 1, 1, 0, 0, 0, 0, 1, 3, 0, 0, 1, 0, 2, 0, 0, 0, 0, 0, 1, 0, 1, 0, 1, 1, 0, 2, 0, 0, 0, 0, 0, 0, 0, 2, 0, 0, 1, 0, 0, 1, 0, 0, 3, 0, 0, 1, 2, 0, 0, 0, 0, 0, 3, 0, 0, 1, 0, 1, 3, 2, 0, 0, 0, 0],900.9684775469341,49581.290949617,105377.38935736836,true
36,G2_TEC,G2_TEC,[31, 22, 82, 15, 26, 9, 95, 42, 77, 68, 47, 5, 93, 78, 86, 54, 85, 63, 18, 44, 20, 49, 36, 14, 74, 50, 53, 17, 21, 28, 11, 64, 3, 23, 30, 83, 24, 41, 40, 52, 65, 27, 90, 70, 39, 87, 48, 69, 99, 4, 75, 1, 13, 58, 97, 59, 45, 8, 73, 37, 35, 79, 71, 66, 76, 32, 60, 80, 56, 6, 67, 61, 33, 7, 57, 34, 12, 16, 10, 98, 96, 88, 43, 46, 91, 38, 84, 92, 29, 19, 51, 55, 81, 89, 25, 72, 94, 2, 0, 62]|[2, 1, 2, 1, 1, 2, 1, 1, 1, 1, 1, 0, 2, 2, 1, 2, 0, 0, 0, 2, 2, 1, 0, 2, 0, 2, 2, 1, 0, 1, 1, 1, 0, 0, 1, 0, 2, 1, 2, 2, 0, 0, 1, 1, 0, 2, 0, 2, 1, 0, 0, 2, 0, 0, 2, 0, 1, 1, 0, 0, 2, 1, 1, 2, 2, 0, 2, 2, 2, 1, 2, 1, 1, 2, 0, 1, 1, 2, 1, 2, 0, 1, 1, 0, 1, 0, 0, 0, 1, 1, 1, 0, 1, 1, 1, 1, 2, 2, 0, 1]|[0, 3, 0, 3, 4, 1, 4, 4, 2, 4, 3, 2, 1, 0, 2, 1, 1, 1, 2, 1, 1, 3, 0, 1, 0, 1, 1, 4, 1, 4, 3, 2, 2, 0, 4, 1, 1, 4, 1, 1, 2, 1, 4, 4, 1, 1, 0, 2, 3, 2, 2, 1, 2, 1, 1, 2, 4, 3, 0, 2, 2, 3, 3, 1, 1, 2, 1, 1, 1, 4, 1, 3, 4, 1, 2, 4, 3, 1, 3, 1, 2, 4, 4, 2, 3, 2, 2, 2, 3, 4, 3, 2, 4, 4, 4, 4, 1, 1, 2, 3]|[0, 2, 0, 0, 3, 0, 1, 3, 0, 0, 2, 0, 1, 0, 1, 0, 0, 0, 1, 0, 0, 2, 0, 0, 1, 0, 0, 3, 0, 1, 0, 2, 0, 0, 3, 0, 1, 1, 0, 0, 0, 0, 1, 3, 0, 0, 1, 0, 2, 0, 0, 0, 0, 0, 1, 0, 1, 0, 1, 1, 0, 2, 0, 0, 0, 0, 0, 0, 0, 2, 0, 0, 1, 0, 0, 1, 0, 0, 3, 0, 0, 1, 2, 0, 0, 0, 0, 0, 3, 1, 0, 0, 2, 1, 3, 1, 0, 0, 0, 0],908.8272556494078,49235.066718390466,107289.32240407266,false
36,G3_TWC,G3_TWC,[31, 22, 82, 15, 26, 58, 95, 42, 77, 12, 47, 5, 93, 78, 98, 54, 85, 63, 18, 44, 20, 35, 43, 97, 91, 76, 10, 30, 21, 45, 71, 64, 1, 23, 17, 83, 24, 14, 60, 36, 6, 57, 94, 88, 65, 56, 79, 40, 67, 68, 46, 75, 38, 9, 19, 32, 81, 41, 27, 62, 87, 90, 99, 59, 11, 16, 72, 73, 70, 39, 37, 84, 3, 92, 25, 52, 28, 29, 51, 7, 33, 61, 86, 48, 89, 50, 4, 96, 53, 80, 66, 8, 34, 49, 55, 0, 13, 2, 69, 74]|[1, 1, 0, 1, 1, 1, 2, 1, 2, 1, 2, 2, 2, 1, 1, 0, 0, 1, 0, 2, 2, 0, 1, 2, 0, 1, 2, 2, 0, 0, 1, 2, 1, 2, 1, 0, 2, 0, 1, 1, 0, 1, 1, 1, 0, 2, 1, 1, 0, 0, 0, 0, 1, 1, 2, 1, 2, 0, 0, 0, 2, 1, 1, 2, 2, 1, 2, 1, 1, 1, 1, 1, 2, 0, 1, 1, 0, 0, 0, 1, 2, 1, 0, 0, 1, 0, 0, 2, 0, 0, 2, 1, 2, 0, 1, 0, 0, 0, 1, 2]|[4, 3, 2, 2, 0, 0, 2, 2, 2, 4, 1, 1, 2, 4, 4, 1, 1, 4, 2, 1, 1, 1, 1, 2, 1, 2, 1, 1, 1, 1, 3, 1, 3, 0, 4, 0, 1, 1, 0, 3, 2, 2, 4, 0, 1, 1, 0, 2, 0, 1, 2, 2, 1, 4, 0, 3, 2, 1, 1, 2, 1, 3, 1, 1, 1, 3, 0, 4, 3, 1, 4, 1, 1, 2, 4, 1, 2, 1, 1, 3, 1, 3, 1, 1, 1, 1, 2, 1, 2, 1, 1, 3, 1, 1, 4, 2, 2, 2, 3, 1]|[0, 2, 1, 1, 3, 3, 0, 1, 0, 0, 0, 0, 1, 0, 1, 0, 0, 3, 1, 0, 0, 0, 3, 1, 0, 2, 0, 0, 0, 1, 0, 0, 0, 0, 3, 0, 1, 0, 0, 2, 1, 1, 2, 0, 0, 0, 0, 1, 1, 0, 0, 0, 1, 3, 0, 0, 1, 0, 0, 1, 0, 2, 1, 0, 0, 2, 1, 0, 0, 1, 1, 3, 0, 1, 3, 1, 1, 0, 0, 2, 0, 0, 0, 0, 1, 0, 1, 0, 1, 0, 0, 2, 0, 1, 3, 0, 0, 0, 0, 0],764.1406961456112,57571.98020914945,90460.40004277138,false
36,G1_CMAX,G4_BALANCED,[31, 22, 26, 15, 82, 99, 95, 42, 77, 12, 47, 5, 93, 78, 86, 54, 21, 63, 18, 44, 20, 35, 43, 97, 91, 76, 10, 30, 85, 45, 71, 64, 1, 23, 57, 83, 24, 14, 60, 36, 6, 17, 40, 88, 65, 56, 79, 94, 67, 68, 46, 75, 38, 9, 19, 32, 41, 81, 27, 87, 90, 58, 59, 11, 16, 72, 73, 70, 39, 37, 84, 3, 92, 25, 62, 55, 28, 29, 51, 7, 33, 61, 98, 48, 89, 50, 4, 34, 53, 80, 8, 66, 96, 49, 52, 0, 74, 69, 2, 13]|[1, 1, 0, 1, 1, 0, 1, 1, 2, 1, 2, 2, 2, 1, 1, 0, 0, 1, 0, 2, 2, 0, 1, 2, 0, 1, 2, 2, 0, 0, 1, 2, 1, 2, 1, 0, 2, 0, 1, 1, 0, 1, 1, 1, 0, 2, 1, 1, 0, 0, 0, 0, 1, 1, 2, 1, 0, 2, 0, 2, 1, 0, 1, 2, 1, 2, 1, 1, 1, 1, 1, 1, 0, 1, 0, 2, 0, 0, 2, 1, 2, 1, 2, 0, 1, 0, 1, 2, 0, 0, 1, 2, 2, 0, 1, 0, 2, 1, 0, 0]|[0, 3, 2, 2, 4, 1, 2, 3, 2, 4, 1, 1, 2, 4, 4, 1, 1, 4, 2, 1, 1, 1, 1, 2, 1, 2, 1, 1, 2, 1, 3, 2, 3, 1, 2, 0, 1, 1, 0, 3, 2, 4, 2, 0, 1, 1, 0, 4, 0, 1, 2, 2, 1, 4, 0, 3, 1, 1, 1, 1, 3, 1, 1, 1, 3, 0, 4, 3, 1, 4, 1, 1, 0, 4, 2, 1, 2, 1, 2, 1, 1, 3, 1, 1, 1, 1, 4, 1, 2, 1, 3, 1, 1, 1, 1, 2, 1, 4, 2, 2]|[0, 2, 1, 1, 3, 0, 1, 3, 0, 0, 0, 0, 1, 0, 1, 0, 0, 3, 1, 0, 0, 0, 3, 1, 0, 2, 0, 0, 0, 1, 0, 0, 0, 0, 1, 0, 1, 0, 0, 2, 1, 3, 1, 0, 0, 0, 0, 2, 1, 0, 0, 0, 1, 3, 0, 0, 0, 0, 0, 0, 2, 0, 1, 0, 2, 1, 0, 0, 1, 1, 3, 1, 1, 3, 1, 0, 1, 0, 1, 2, 0, 0, 0, 0, 1, 0, 0, 0, 1, 0, 2, 0, 0, 1, 1, 0, 0, 2, 0, 0],719.9713831019282,57349.30822281929,93068.63967491605,true
36,G4_BALANCED,G3_TWC,[31, 22, 82, 15, 26, 58, 95, 42, 77, 12, 47, 5, 93, 78, 98, 54, 85, 63, 18, 44, 20, 35, 43, 86, 91, 76, 10, 30, 21, 19, 71, 64, 1, 23, 17, 83, 24, 14, 60, 36, 6, 57, 94, 88, 65, 56, 79, 40, 67, 68, 46, 75, 38, 9, 45, 32, 81, 41, 27, 62, 87, 90, 99, 59, 11, 16, 72, 73, 69, 39, 37, 84, 3, 92, 25, 55, 28, 29, 51, 7, 33, 61, 97, 66, 89, 50, 48, 80, 53, 8, 4, 96, 34, 49, 52, 70, 13, 0, 2, 74]|[1, 1, 0, 1, 1, 1, 2, 1, 2, 1, 2, 2, 2, 1, 1, 0, 0, 1, 0, 2, 2, 0, 1, 2, 0, 1, 2, 2, 0, 0, 1, 2, 1, 2, 1, 0, 2, 0, 1, 1, 0, 1, 1, 1, 0, 2, 1, 1, 0, 0, 0, 0, 1, 1, 2, 1, 2, 0, 0, 0, 2, 1, 0, 1, 2, 1, 2, 1, 1, 1, 1, 1, 1, 0, 1, 1, 0, 0, 0, 1, 2, 1, 2, 2, 1, 0, 0, 0, 0, 0, 0, 2, 2, 0, 1, 1, 0, 0, 0, 2]|[4, 3, 2, 2, 0, 0, 2, 2, 2, 4, 1, 1, 2, 4, 4, 1, 2, 4, 2, 1, 1, 1, 1, 2, 1, 2, 1, 1, 1, 1, 3, 2, 3, 0, 4, 0, 1, 1, 0, 3, 2, 2, 4, 0, 1, 1, 0, 2, 0, 1, 2, 2, 1, 4, 0, 3, 2, 1, 1, 2, 1, 3, 1, 1, 1, 3, 0, 4, 3, 1, 4, 1, 1, 2, 4, 4, 2, 1, 1, 3, 1, 3, 2, 1, 1, 1, 1, 1, 2, 1, 2, 1, 1, 1, 1, 3, 2, 2, 2, 1]|[0, 2, 1, 1, 3, 3, 0, 1, 0, 0, 0, 0, 1, 0, 1, 0, 0, 3, 1, 0, 0, 0, 3, 1, 0, 2, 0, 0, 0, 1, 0, 0, 0, 0, 3, 0, 1, 0, 0, 2, 1, 1, 2, 0, 0, 0, 0, 1, 1, 0, 0, 0, 1, 3, 0, 0, 1, 0, 0, 1, 0, 2, 0, 1, 0, 2, 1, 0, 0, 1, 1, 3, 1, 1, 3, 3, 1, 0, 0, 2, 0, 0, 1, 0, 1, 0, 0, 0, 1, 0, 1, 0, 0, 1, 1, 0, 0, 0, 0, 0],757.8340194958434,58332.18807427518,90897.19424700103,true
36,G2_TEC,G2_TEC,[31, 22, 82, 15, 26, 9, 95, 42, 77, 68, 47, 5, 93, 78, 86, 54, 85, 63, 18, 44, 20, 49, 36, 14, 74, 50, 53, 17, 21, 28, 11, 64, 3, 23, 30, 83, 24, 41, 40, 52, 65, 27, 90, 70, 39, 87, 48, 69, 99, 4, 75, 1, 13, 58, 97, 59, 45, 8, 73, 37, 35, 79, 71, 66, 76, 32, 60, 80, 56, 6, 67, 61, 33, 7, 57, 34, 12, 16, 10, 98, 96, 88, 43, 46, 91, 38, 84, 92, 29, 19, 51, 55, 81, 89, 25, 72, 94, 2, 0, 62]|[2, 1, 2, 1, 1, 2, 1, 1, 1, 1, 1, 0, 2, 2, 1, 2, 0, 0, 0, 2, 2, 1, 0, 2, 0, 2, 2, 1, 0, 1, 1, 1, 0, 0, 1, 0, 2, 1, 2, 2, 0, 0, 1, 1, 0, 2, 0, 2, 1, 0, 0, 2, 0, 0, 2, 0, 1, 1, 0, 0, 2, 1, 1, 2, 2, 0, 2, 2, 2, 1, 2, 1, 1, 2, 0, 1, 1, 2, 1, 2, 0, 1, 1, 0, 1, 0, 0, 0, 1, 1, 1, 0, 1, 1, 1, 1, 2, 2, 0, 1]|[0, 3, 0, 3, 4, 1, 4, 4, 2, 4, 3, 2, 1, 0, 2, 1, 1, 1, 2, 1, 1, 3, 0, 1, 0, 1, 1, 4, 1, 4, 3, 2, 2, 0, 4, 1, 1, 4, 1, 1, 2, 1, 4, 4, 1, 1, 0, 2, 3, 2, 2, 1, 2, 1, 1, 2, 4, 3, 0, 2, 2, 3, 3, 1, 1, 2, 1, 1, 1, 4, 1, 3, 4, 1, 2, 4, 3, 1, 3, 1, 2, 4, 4, 2, 3, 2, 2, 2, 3, 4, 3, 2, 4, 4, 4, 4, 1, 1, 2, 3]|[0, 2, 0, 0, 3, 0, 1, 3, 0, 0, 2, 0, 1, 0, 1, 0, 0, 0, 1, 0, 0, 2, 0, 0, 1, 0, 0, 3, 0, 1, 0, 2, 0, 0, 3, 0, 1, 1, 0, 0, 0, 0, 1, 3, 0, 0, 1, 0, 2, 0, 0, 0, 0, 0, 1, 0, 1, 0, 1, 1, 0, 2, 0, 0, 0, 0, 0, 0, 0, 2, 0, 0, 1, 0, 0, 1, 0, 0, 3, 0, 0, 1, 2, 0, 0, 0, 0, 0, 3, 1, 0, 0, 2, 1, 3, 1, 0, 0, 0, 0],908.8272556494078,49235.066718390466,107289.32240407266,false
36,G3_TWC,G1_CMAX,[31, 22, 82, 15, 26, 99, 95, 42, 77, 12, 47, 5, 93, 78, 86, 54, 21, 63, 18, 44, 20, 35, 43, 97, 91, 76, 10, 30, 85, 45, 71, 64, 1, 23, 17, 83, 24, 14, 60, 36, 6, 57, 40, 88, 65, 56, 79, 94, 67, 68, 46, 75, 38, 9, 19, 32, 41, 81, 27, 87, 90, 58, 59, 11, 62, 16, 72, 73, 39, 37, 84, 3, 92, 25, 55, 48, 70, 29, 51, 96, 33, 61, 98, 66, 89, 50, 4, 7, 53, 80, 8, 28, 34, 49, 52, 0, 74, 69, 2, 13]|[1, 1, 0, 1, 1, 0, 1, 1, 2, 1, 2, 2, 2, 1, 1, 0, 0, 1, 0, 2, 2, 0, 1, 2, 0, 1, 2, 2, 0, 0, 1, 2, 1, 2, 1, 0, 2, 0, 1, 1, 0, 1, 1, 1, 0, 2, 1, 1, 0, 0, 0, 0, 1, 1, 2, 1, 0, 2, 0, 2, 1, 0, 1, 2, 0, 1, 2, 1, 1, 1, 1, 1, 0, 1, 2, 0, 1, 0, 0, 2, 2, 1, 2, 2, 1, 0, 1, 2, 0, 0, 1, 0, 2, 0, 1, 0, 2, 1, 0, 0]|[4, 3, 2, 2, 4, 1, 2, 3, 2, 4, 1, 1, 2, 4, 4, 1, 1, 4, 2, 1, 1, 1, 1, 2, 1, 2, 1, 1, 2, 1, 3, 2, 3, 1, 4, 0, 1, 1, 0, 3, 2, 2, 2, 0, 1, 1, 0, 4, 0, 1, 2, 2, 1, 4, 0, 3, 1, 1, 1, 1, 3, 1, 1, 1, 2, 3, 0, 4, 1, 4, 1, 1, 2, 4, 1, 1, 3, 1, 1, 1, 1, 3, 1, 1, 1, 1, 4, 1, 2, 1, 3, 2, 1, 1, 1, 2, 1, 4, 2, 2]|[0, 2, 1, 1, 3, 0, 1, 3, 0, 0, 0, 0, 1, 0, 1, 0, 0, 3, 1, 0, 0, 0, 3, 1, 0, 2, 0, 0, 0, 1, 0, 0, 0, 0, 3, 0, 1, 0, 0, 2, 1, 1, 1, 0, 0, 0, 0, 2, 1, 0, 0, 0, 1, 3, 0, 0, 0, 0, 0, 0, 2, 0, 1, 0, 1, 2, 1, 0, 1, 1, 3, 1, 1, 3, 0, 0, 0, 0, 0, 0, 0, 0, 0, 0, 1, 0, 0, 0, 1, 0, 2, 1, 0, 1, 1, 0, 0, 2, 0, 0],760.8061429141708,55811.58046129318,92924.88522080088,true
36,G1_CMAX,G4_BALANCED,[31, 22, 26, 15, 82, 99, 95, 42, 77, 12, 47, 5, 93, 78, 86, 54, 21, 63, 18, 44, 20, 35, 43, 97, 91, 76, 10, 30, 85, 45, 71, 64, 1, 23, 57, 83, 24, 14, 60, 36, 6, 17, 40, 88, 65, 56, 79, 94, 67, 68, 46, 75, 38, 9, 19, 32, 41, 81, 27, 87, 90, 58, 62, 59, 11, 16, 72, 73, 39, 70, 37, 84, 3, 92, 25, 55, 28, 29, 51, 7, 33, 61, 98, 48, 89, 50, 66, 96, 53, 80, 2, 4, 34, 49, 52, 8, 13, 0, 69, 74]|[1, 1, 0, 1, 1, 0, 1, 1, 2, 1, 2, 2, 2, 1, 1, 0, 0, 1, 0, 2, 2, 0, 1, 2, 0, 1, 2, 2, 0, 0, 1, 2, 1, 2, 1, 0, 2, 0, 1, 1, 0, 1, 1, 1, 0, 2, 1, 1, 0, 0, 0, 0, 1, 1, 2, 1, 2, 0, 0, 2, 1, 0, 0, 1, 2, 1, 2, 1, 1, 1, 1, 1, 1, 0, 1, 2, 0, 0, 0, 1, 2, 1, 2, 0, 1, 0, 2, 2, 0, 0, 0, 1, 2, 0, 1, 1, 0, 0, 1, 2]|[4, 3, 2, 2, 4, 1, 2, 3, 2, 4, 1, 1, 2, 4, 4, 1, 1, 4, 2, 1, 1, 1, 1, 2, 1, 2, 1, 1, 2, 1, 3, 2, 3, 1, 4, 0, 1, 1, 0, 3, 2, 2, 2, 0, 1, 1, 0, 4, 0, 1, 2, 2, 1, 4, 0, 3, 2, 1, 1, 1, 3, 1, 2, 1, 1, 3, 0, 4, 1, 3, 4, 1, 1, 0, 4, 1, 2, 1, 1, 3, 1, 3, 1, 1, 1, 1, 1, 1, 2, 1, 2, 4, 1, 1, 1, 3, 2, 2, 4, 1]|[0, 2, 1, 1, 3, 0, 1, 3, 0, 0, 0, 0, 1, 0, 1, 0, 0, 3, 1, 0, 0, 0, 3, 1, 0, 2, 0, 0, 0, 1, 0, 0, 0, 0, 3, 0, 1, 0, 0, 2, 1, 1, 1, 0, 0, 0, 0, 2, 1, 0, 0, 0, 1, 3, 0, 0, 1, 0, 0, 0, 2, 0, 1, 1, 0, 2, 1, 0, 1, 0, 1, 3, 1, 1, 3, 0, 1, 0, 0, 2, 0, 0, 0, 0, 1, 0, 0, 0, 1, 0, 0, 0, 0, 1, 1, 2, 0, 0, 2, 0],736.0828032649227,57179.18300595639,91612.3231837457,true
36,G4_BALANCED,G1_CMAX,[31, 22, 82, 15, 26, 58, 95, 42, 77, 12, 47, 5, 93, 78, 98, 54, 85, 63, 18, 44, 20, 35, 43, 97, 91, 76, 10, 30, 21, 45, 71, 64, 1, 23, 17, 83, 24, 14, 60, 36, 6, 57, 94, 88, 65, 56, 79, 40, 67, 68, 46, 75, 38, 9, 19, 32, 81, 41, 27, 62, 87, 90, 99, 59, 11, 16, 72, 73, 70, 39, 37, 84, 3, 92, 25, 55, 28, 29, 51, 7, 33, 61, 86, 48, 89, 50, 4, 96, 53, 80, 66, 8, 34, 49, 52, 0, 13, 2, 69, 74]|[1, 1, 0, 1, 1, 1, 2, 1, 2, 1, 2, 2, 2, 1, 1, 0, 0, 1, 0, 2, 2, 0, 1, 2, 0, 1, 2, 2, 0, 0, 1, 2, 1, 2, 1, 0, 2, 0, 1, 1, 0, 1, 1, 1, 0, 2, 1, 1, 0, 0, 0, 0, 1, 1, 2, 1, 2, 0, 0, 0, 2, 1, 1, 2, 2, 1, 2, 1, 1, 1, 1, 1, 2, 0, 1, 1, 0, 0, 0, 1, 2, 1, 0, 0, 1, 0, 0, 0, 0, 0, 2, 1, 2, 0, 1, 0, 0, 0, 1, 2]|[4, 3, 2, 2, 0, 0, 2, 2, 2, 4, 1, 1, 2, 4, 4, 1, 1, 4, 2, 1, 1, 1, 1, 2, 1, 2, 1, 1, 1, 1, 3, 2, 3, 0, 4, 0, 1, 1, 0, 3, 2, 2, 4, 0, 1, 1, 0, 2, 0, 1, 2, 2, 1, 4, 0, 3, 2, 1, 1, 2, 1, 3, 1, 1, 1, 3, 0, 4, 3, 1, 4, 1, 1, 2, 4, 4, 2, 1, 1, 3, 1, 3, 1, 1, 1, 1, 2, 1, 2, 1, 1, 3, 1, 1, 1, 2, 2, 2, 3, 1]|[0, 2, 1, 1, 3, 3, 0, 1, 0, 0, 0, 0, 1, 0, 1, 0, 0, 3, 1, 0, 0, 0, 3, 1, 0, 2, 0, 0, 0, 1, 0, 0, 0, 0, 3, 0, 1, 0, 0, 2, 1, 1, 2, 0, 0, 0, 0, 1, 1, 0, 0, 0, 1, 3, 0, 0, 1, 0, 0, 1, 0, 2, 1, 0, 0, 2, 1, 0, 0, 1, 1, 3, 0, 1, 3, 3, 1, 0, 0, 2, 0, 0, 0, 0, 1, 0, 1, 0, 1, 0, 0, 2, 0, 1, 1, 0, 0, 0, 0, 0],774.1253265754351,57643.335867129426,89577.92143309758,true
36,G2_TEC,G2_TEC,[31, 22, 82, 15, 26, 9, 95, 42, 77, 68, 47, 5, 93, 78, 86, 54, 85, 63, 18, 44, 20, 49, 36, 14, 74, 50, 53, 17, 21, 28, 11, 64, 3, 23, 30, 83, 24, 41, 40, 52, 65, 27, 90, 70, 39, 87, 48, 69, 99, 4, 75, 1, 13, 58, 97, 59, 45, 8, 73, 37, 35, 79, 71, 66, 76, 32, 60, 80, 56, 6, 67, 61, 33, 7, 57, 34, 12, 16, 10, 98, 96, 88, 43, 46, 91, 38, 84, 92, 29, 19, 51, 55, 81, 89, 25, 72, 94, 2, 0, 62]|[2, 1, 2, 1, 1, 2, 1, 1, 1, 1, 1, 0, 2, 2, 1, 2, 0, 0, 0, 2, 2, 1, 0, 2, 0, 2, 2, 1, 0, 1, 1, 1, 0, 0, 1, 0, 2, 1, 2, 2, 0, 0, 1, 1, 0, 2, 0, 2, 1, 0, 0, 2, 0, 0, 2, 0, 1, 1, 0, 0, 2, 1, 1, 2, 2, 0, 2, 2, 2, 1, 2, 1, 1, 2, 0, 1, 1, 2, 1, 2, 0, 1, 1, 0, 1, 0, 0, 0, 1, 1, 1, 0, 1, 1, 1, 1, 2, 2, 0, 1]|[0, 3, 0, 3, 4, 1, 4, 4, 2, 4, 3, 2, 1, 0, 2, 1, 1, 1, 2, 1, 1, 3, 0, 1, 0, 1, 1, 4, 1, 4, 3, 2, 2, 0, 4, 1, 1, 4, 1, 1, 2, 1, 4, 4, 1, 1, 0, 2, 3, 2, 2, 1, 2, 1, 1, 2, 4, 3, 0, 2, 2, 3, 3, 1, 1, 2, 1, 1, 1, 4, 1, 3, 4, 1, 2, 4, 3, 1, 3, 1, 2, 4, 4, 2, 3, 2, 2, 2, 3, 4, 3, 2, 4, 4, 4, 4, 1, 1, 2, 3]|[0, 2, 0, 0, 3, 0, 1, 3, 0, 0, 2, 0, 1, 0, 1, 0, 0, 0, 1, 0, 0, 2, 0, 0, 1, 0, 0, 3, 0, 1, 0, 2, 0, 0, 3, 0, 1, 1, 0, 0, 0, 0, 1, 3, 0, 0, 1, 0, 2, 0, 0, 0, 0, 0, 1, 0, 1, 0, 1, 1, 0, 2, 0, 0, 0, 0, 0, 0, 0, 2, 0, 0, 1, 0, 0, 1, 0, 0, 3, 0, 0, 1, 2, 0, 0, 0, 0, 0, 3, 1, 0, 0, 2, 1, 3, 1, 0, 0, 0, 0],908.8272556494078,49235.066718390466,107289.32240407266,false
36,G3_TWC,G4_BALANCED,[31, 22, 82, 15, 26, 58, 95, 42, 77, 12, 47, 5, 93, 78, 98, 54, 85, 63, 18, 44, 20, 35, 43, 97, 91, 76, 10, 30, 21, 45, 71, 64, 1, 23, 17, 83, 24, 14, 60, 36, 6, 57, 94, 88, 65, 56, 79, 40, 67, 68, 46, 75, 38, 9, 19, 32, 81, 41, 27, 62, 87, 90, 99, 59, 11, 16, 72, 73, 70, 39, 37, 84, 33, 92, 25, 55, 28, 29, 51, 7, 3, 61, 86, 66, 89, 50, 8, 80, 53, 48, 96, 74, 34, 2, 52, 49, 13, 0, 69, 4]|[1, 1, 0, 1, 1, 1, 2, 1, 2, 1, 2, 2, 2, 1, 1, 0, 0, 1, 0, 2, 2, 0, 1, 2, 0, 1, 2, 2, 0, 0, 1, 2, 1, 2, 1, 0, 2, 0, 1, 1, 0, 1, 1, 1, 0, 2, 1, 1, 0, 0, 0, 0, 1, 1, 2, 1, 2, 0, 0, 0, 2, 1, 0, 1, 2, 1, 2, 1, 1, 1, 1, 1, 2, 0, 1, 1, 0, 0, 0, 1, 1, 1, 0, 2, 1, 0, 1, 0, 0, 2, 0, 2, 2, 0, 1, 0, 0, 0, 1, 1]|[4, 3, 2, 2, 0, 0, 2, 2, 2, 4, 1, 1, 2, 4, 4, 1, 1, 4, 2, 1, 1, 1, 1, 2, 1, 2, 1, 1, 1, 1, 3, 2, 3, 0, 4, 0, 1, 1, 0, 3, 2, 2, 4, 0, 1, 1, 0, 2, 0, 1, 2, 2, 1, 4, 0, 3, 2, 1, 1, 2, 1, 3, 1, 1, 1, 3, 0, 4, 3, 1, 4, 1, 1, 2, 4, 4, 2, 1, 1, 3, 1, 3, 1, 1, 1, 1, 3, 1, 2, 1, 1, 1, 1, 2, 1, 1, 2, 2, 3, 4]|[0, 2, 1, 1, 3, 3, 0, 1, 0, 0, 0, 0, 1, 0, 1, 0, 0, 3, 1, 0, 0, 0, 3, 1, 0, 2, 0, 0, 0, 1, 0, 0, 0, 0, 3, 0, 1, 0, 0, 2, 1, 1, 2, 0, 0, 0, 0, 1, 1, 0, 0, 0, 1, 3, 0, 0, 1, 0, 0, 1, 0, 2, 0, 1, 0, 2, 1, 0, 0, 1, 1, 3, 0, 1, 3, 3, 1, 0, 0, 2, 1, 0, 0, 0, 1, 0, 2, 0, 1, 0, 0, 0, 0, 0, 1, 1, 0, 0, 0, 0],759.6565410949493,57742.933975781416,91277.7819987437,true
36,G1_CMAX,G4_BALANCED,[31, 22, 26, 15, 82, 99, 95, 42, 77, 12, 47, 5, 93, 78, 86, 54, 21, 63, 18, 44, 20, 35, 43, 97, 91, 76, 10, 30, 85, 45, 71, 64, 1, 23, 57, 83, 24, 14, 60, 36, 6, 17, 40, 88, 65, 56, 79, 94, 67, 68, 46, 75, 38, 9, 19, 32, 41, 81, 27, 87, 90, 58, 62, 59, 11, 16, 72, 73, 39, 70, 37, 84, 3, 92, 25, 55, 28, 29, 51, 7, 33, 61, 98, 48, 89, 50, 66, 96, 53, 80, 2, 4, 34, 49, 52, 8, 13, 0, 69, 74]|[1, 1, 0, 1, 1, 0, 1, 1, 2, 1, 2, 2, 2, 1, 1, 0, 0, 1, 0, 2, 2, 0, 1, 2, 0, 1, 2, 2, 0, 0, 1, 2, 1, 2, 1, 0, 2, 0, 1, 1, 0, 1, 1, 1, 0, 2, 1, 1, 0, 0, 0, 0, 1, 1, 2, 1, 2, 0, 0, 2, 1, 0, 0, 1, 2, 1, 2, 1, 1, 1, 1, 1, 1, 0, 1, 2, 0, 0, 0, 1, 2, 1, 2, 0, 1, 0, 2, 2, 0, 0, 0, 1, 2, 0, 1, 1, 0, 0, 1, 2]|[4, 3, 2, 2, 4, 1, 2, 3, 2, 4, 1, 1, 2, 4, 4, 1, 1, 4, 2, 1, 1, 1, 1, 2, 1, 2, 1, 1, 2, 1, 3, 2, 3, 1, 4, 0, 1, 1, 0, 3, 2, 2, 2, 0, 1, 1, 0, 4, 0, 1, 2, 2, 1, 4, 0, 3, 2, 1, 1, 1, 3, 1, 2, 1, 1, 3, 0, 4, 1, 3, 4, 1, 1, 0, 4, 1, 2, 1, 1, 3, 1, 3, 1, 1, 1, 1, 1, 1, 2, 1, 2, 4, 1, 1, 1, 3, 2, 2, 4, 1]|[0, 2, 1, 1, 3, 0, 1, 3, 0, 0, 0, 0, 1, 0, 1, 0, 0, 3, 1, 0, 0, 0, 3, 1, 0, 2, 0, 0, 0, 1, 0, 0, 0, 0, 3, 0, 1, 0, 0, 2, 1, 1, 1, 0, 0, 0, 0, 2, 1, 0, 0, 0, 1, 3, 0, 0, 1, 0, 0, 0, 2, 0, 1, 1, 0, 2, 1, 0, 1, 0, 1, 3, 1, 1, 3, 0, 1, 0, 0, 2, 0, 0, 0, 0, 1, 0, 0, 0, 1, 0, 0, 0, 0, 1, 1, 2, 0, 0, 2, 0],736.0828032649227,57179.18300595639,91612.3231837457,true
36,G4_BALANCED,G1_CMAX,[31, 22, 82, 15, 26, 99, 95, 42, 77, 12, 47, 5, 93, 78, 86, 54, 21, 63, 18, 44, 20, 35, 43, 97, 91, 76, 10, 30, 85, 45, 71, 64, 1, 23, 17, 83, 24, 14, 60, 36, 6, 57, 40, 88, 65, 56, 79, 94, 67, 68, 46, 75, 38, 9, 19, 32, 41, 81, 27, 87, 90, 58, 59, 11, 16, 72, 73, 70, 39, 37, 84, 3, 92, 25, 55, 48, 62, 29, 51, 7, 33, 61, 66, 28, 89, 50, 4, 96, 53, 80, 8, 98, 34, 49, 52, 0, 74, 69, 2, 13]|[1, 1, 0, 1, 1, 0, 1, 1, 2, 1, 2, 2, 2, 1, 1, 0, 0, 1, 0, 2, 2, 0, 1, 2, 0, 1, 2, 2, 0, 0, 1, 2, 1, 2, 1, 0, 2, 0, 1, 1, 0, 1, 1, 1, 0, 2, 2, 1, 0, 0, 0, 0, 1, 1, 2, 1, 0, 2, 0, 2, 1, 0, 1, 2, 1, 2, 1, 1, 1, 1, 1, 1, 0, 1, 2, 0, 0, 0, 0, 2, 2, 1, 2, 0, 1, 0, 1, 2, 0, 0, 1, 2, 2, 0, 1, 0, 2, 1, 0, 0]|[0, 3, 2, 2, 4, 1, 2, 3, 2, 4, 1, 1, 2, 4, 4, 1, 1, 4, 2, 1, 1, 1, 1, 2, 1, 2, 1, 1, 2, 1, 3, 2, 3, 1, 4, 0, 1, 1, 0, 3, 2, 2, 2, 0, 1, 1, 1, 4, 0, 1, 2, 2, 1, 4, 0, 3, 1, 1, 1, 1, 3, 1, 1, 1, 3, 0, 4, 3, 1, 4, 1, 1, 0, 4, 1, 1, 2, 1, 1, 1, 1, 3, 1, 2, 1, 1, 4, 1, 2, 1, 3, 1, 1, 1, 1, 2, 1, 4, 2, 2]|[0, 2, 1, 1, 3, 0, 1, 3, 0, 0, 0, 0, 1, 0, 1, 0, 0, 3, 1, 0, 0, 0, 3, 1, 0, 2, 0, 0, 0, 1, 0, 0, 0, 0, 3, 0, 1, 0, 0, 2, 1, 1, 1, 0, 0, 0, 0, 2, 1, 0, 0, 0, 1, 3, 0, 0, 0, 0, 0, 0, 2, 0, 1, 0, 2, 1, 0, 0, 1, 1, 3, 1, 1, 3, 0, 0, 1, 0, 0, 0, 0, 0, 0, 1, 1, 0, 0, 0, 1, 0, 2, 0, 0, 1, 1, 0, 0, 2, 0, 0],734.7379753826443,56212.42260301796,92506.7406905272,true
36,G2_TEC,G2_TEC,[31, 22, 82, 15, 26, 9, 95, 42, 77, 68, 47, 5, 93, 78, 86, 54, 85, 63, 18, 44, 20, 49, 36, 14, 74, 50, 53, 17, 21, 28, 11, 64, 3, 23, 30, 83, 24, 41, 40, 52, 65, 27, 90, 70, 39, 87, 48, 69, 99, 4, 75, 1, 13, 58, 97, 59, 45, 8, 73, 37, 35, 79, 71, 66, 76, 32, 60, 80, 56, 6, 67, 61, 33, 7, 57, 34, 12, 16, 10, 98, 96, 88, 43, 46, 91, 38, 84, 92, 29, 19, 51, 55, 81, 89, 25, 72, 94, 2, 0, 62]|[2, 1, 2, 1, 1, 2, 1, 1, 1, 1, 1, 0, 2, 2, 1, 2, 0, 0, 0, 2, 2, 1, 0, 2, 0, 2, 2, 1, 0, 1, 1, 1, 0, 0, 1, 0, 2, 1, 2, 2, 0, 0, 1, 1, 0, 2, 0, 2, 1, 0, 0, 2, 0, 0, 2, 0, 1, 1, 0, 0, 2, 1, 1, 2, 2, 0, 2, 2, 2, 1, 2, 1, 1, 2, 0, 1, 1, 2, 1, 2, 0, 1, 1, 0, 1, 0, 0, 0, 1, 1, 1, 0, 1, 1, 1, 1, 2, 2, 0, 1]|[0, 3, 0, 3, 4, 1, 4, 4, 2, 4, 3, 2, 1, 0, 2, 1, 1, 1, 2, 1, 1, 3, 0, 1, 0, 1, 1, 4, 1, 4, 3, 2, 2, 0, 4, 1, 1, 4, 1, 1, 2, 1, 4, 4, 1, 1, 0, 2, 3, 2, 2, 1, 2, 1, 1, 2, 4, 3, 0, 2, 2, 3, 3, 1, 1, 2, 1, 1, 1, 4, 1, 3, 4, 1, 2, 4, 3, 1, 3, 1, 2, 4, 4, 2, 3, 2, 2, 2, 3, 4, 3, 2, 4, 4, 4, 4, 1, 1, 2, 3]|[0, 2, 0, 0, 3, 0, 1, 3, 0, 0, 2, 0, 1, 0, 1, 0, 0, 0, 1, 0, 0, 2, 0, 0, 1, 0, 0, 3, 0, 1, 0, 2, 0, 0, 3, 0, 1, 1, 0, 0, 0, 0, 1, 3, 0, 0, 1, 0, 2, 0, 0, 0, 0, 0, 1, 0, 1, 0, 1, 1, 0, 2, 0, 0, 0, 0, 0, 0, 0, 2, 0, 0, 1, 0, 0, 1, 0, 0, 3, 0, 0, 1, 2, 0, 0, 0, 0, 0, 3, 1, 0, 0, 2, 1, 3, 1, 0, 0, 0, 0],908.8272556494078,49235.066718390466,107289.32240407266,false
36,G3_TWC,G1_CMAX,[31, 22, 82, 15, 26, 99, 95, 42, 77, 12, 47, 5, 93, 78, 86, 54, 21, 63, 18, 44, 20, 35, 43, 97, 91, 76, 10, 30, 85, 45, 71, 64, 1, 23, 17, 83, 24, 14, 60, 36, 6, 57, 40, 88, 65, 56, 79, 94, 67, 68, 46, 75, 38, 9, 19, 32, 41, 81, 27, 87, 90, 58, 59, 11, 16, 72, 73, 70, 39, 37, 84, 62, 3, 25, 55, 48, 92, 50, 51, 7, 33, 61, 98, 28, 89, 29, 4, 96, 53, 80, 8, 66, 34, 49, 52, 0, 74, 69, 2, 13]|[1, 1, 0, 1, 1, 0, 1, 1, 2, 1, 2, 2, 2, 1, 1, 0, 0, 1, 0, 2, 2, 0, 1, 2, 0, 1, 2, 2, 0, 0, 1, 2, 1, 2, 1, 0, 2, 0, 1, 1, 0, 1, 1, 1, 0, 2, 1, 1, 0, 0, 0, 0, 1, 1, 2, 1, 0, 2, 0, 2, 1, 0, 1, 2, 1, 2, 1, 1, 1, 1, 1, 0, 1, 1, 2, 0, 0, 0, 0, 1, 2, 1, 2, 0, 1, 0, 1, 2, 0, 0, 1, 2, 2, 0, 1, 0, 2, 1, 0, 0]|[0, 3, 2, 2, 4, 1, 2, 3, 2, 4, 1, 1, 2, 4, 4, 1, 1, 4, 2, 1, 1, 1, 1, 2, 1, 2, 1, 1, 2, 1, 3, 2, 3, 1, 4, 0, 1, 1, 0, 3, 2, 2, 2, 0, 1, 1, 0, 4, 0, 1, 2, 2, 1, 4, 0, 3, 1, 1, 1, 1, 3, 1, 1, 1, 3, 0, 4, 3, 1, 4, 1, 2, 1, 4, 1, 1, 0, 1, 1, 1, 1, 3, 1, 2, 1, 1, 4, 1, 2, 1, 3, 1, 1, 1, 1, 2, 1, 4, 2, 2]|[0, 2, 1, 1, 3, 0, 1, 3, 0, 0, 0, 0, 1, 0, 1, 0, 0, 3, 1, 0, 0, 0, 3, 1, 0, 2, 0, 0, 0, 1, 0, 0, 0, 0, 3, 0, 1, 0, 0, 2, 1, 1, 1, 0, 0, 0, 0, 2, 1, 0, 0, 0, 1, 3, 0, 0, 0, 0, 0, 0, 2, 0, 1, 0, 2, 1, 0, 0, 1, 1, 3, 1, 1, 3, 0, 0, 1, 0, 0, 2, 0, 0, 0, 1, 1, 0, 0, 0, 1, 0, 2, 0, 0, 1, 1, 0, 0, 2, 0, 0],730.2990040054702,56853.26859628623,93431.51655744747,true
36,G1_CMAX,G3_TWC,[31, 22, 82, 15, 26, 58, 95, 42, 77, 12, 47, 5, 93, 78, 98, 54, 85, 63, 18, 44, 81, 35, 43, 97, 91, 76, 10, 30, 21, 45, 71, 64, 1, 23, 17, 83, 24, 14, 60, 36, 6, 57, 94, 88, 67, 56, 79, 40, 65, 68, 46, 75, 38, 9, 19, 32, 20, 41, 27, 62, 87, 90, 99, 59, 11, 16, 72, 73, 70, 39, 37, 84, 3, 92, 25, 55, 28, 29, 51, 7, 33, 61, 86, 48, 89, 50, 66, 96, 53, 80, 8, 4, 34, 49, 52, 2, 13, 0, 69, 74]|[1, 1, 0, 1, 1, 1, 2, 1, 2, 1, 2, 2, 2, 1, 1, 0, 0, 1, 0, 2, 2, 0, 1, 2, 0, 1, 2, 2, 0, 0, 1, 2, 1, 2, 1, 0, 2, 0, 1, 1, 0, 1, 1, 1, 0, 2, 1, 1, 0, 0, 0, 0, 1, 1, 2, 1, 2, 0, 0, 0, 2, 1, 0, 1, 2, 1, 2, 1, 1, 1, 1, 1, 1, 0, 1, 1, 0, 0, 0, 1, 2, 1, 0, 0, 1, 0, 0, 0, 0, 0, 1, 0, 2, 0, 1, 0, 0, 0, 1, 2]|[4, 3, 2, 2, 0, 0, 2, 2, 2, 4, 1, 1, 2, 4, 4, 1, 1, 4, 2, 1, 1, 1, 1, 2, 1, 2, 1, 1, 1, 1, 3, 2, 3, 0, 4, 0, 1, 1, 0, 3, 2, 2, 4, 0, 1, 1, 0, 2, 1, 1, 2, 2, 1, 4, 0, 3, 1, 1, 1, 2, 1, 3, 1, 1, 1, 3, 0, 4, 3, 1, 4, 1, 1, 2, 4, 4, 2, 1, 1, 3, 1, 3, 1, 1, 1, 1, 1, 1, 2, 1, 3, 2, 1, 1, 1, 2, 2, 2, 3, 1]|[0, 2, 1, 1, 3, 3, 0, 1, 0, 0, 0, 0, 1, 0, 1, 0, 0, 3, 1, 0, 0, 0, 3, 1, 0, 2, 0, 0, 0, 1, 0, 0, 0, 0, 3, 0, 1, 0, 0, 2, 1, 1, 2, 0, 0, 0, 0, 1, 0, 0, 0, 0, 1, 3, 0, 0, 0, 0, 0, 1, 0, 2, 0, 1, 0, 2, 1, 0, 0, 1, 1, 3, 1, 1, 3, 3, 1, 0, 0, 2, 0, 0, 0, 0, 1, 0, 0, 0, 1, 0, 2, 1, 0, 1, 1, 0, 0, 0, 0, 0],843.4709970845271,57228.31881936741,89928.46452215366,true
36,G4_BALANCED,G4_BALANCED,[31, 22, 82, 15, 26, 9, 95, 42, 77, 68, 47, 5, 93, 78, 86, 54, 85, 63, 18, 44, 20, 49, 36, 14, 74, 50, 53, 17, 21, 28, 11, 64, 3, 23, 30, 83, 24, 41, 40, 52, 65, 27, 90, 70, 39, 87, 48, 69, 99, 4, 46, 1, 13, 58, 19, 59, 45, 8, 73, 37, 35, 79, 71, 66, 76, 32, 60, 80, 56, 6, 67, 61, 33, 7, 57, 34, 12, 16, 10, 98, 96, 88, 43, 75, 91, 38, 84, 92, 29, 97, 51, 55, 81, 89, 25, 72, 94, 2, 0, 62]|[2, 1, 2, 1, 1, 0, 1, 1, 1, 1, 1, 0, 2, 2, 1, 2, 0, 0, 0, 2, 2, 1, 0, 2, 0, 2, 2, 1, 0, 1, 1, 1, 0, 0, 1, 0, 2, 1, 2, 2, 0, 0, 1, 1, 0, 2, 0, 2, 1, 0, 0, 2, 0, 0, 2, 0, 1, 1, 0, 0, 2, 1, 1, 2, 2, 0, 2, 2, 2, 1, 2, 1, 1, 2, 0, 1, 1, 2, 1, 2, 0, 1, 1, 0, 1, 0, 0, 0, 1, 1, 1, 0, 1, 1, 1, 1, 2, 2, 0, 1]|[0, 3, 0, 3, 4, 1, 4, 4, 2, 4, 3, 2, 1, 0, 2, 1, 1, 1, 2, 1, 1, 3, 0, 1, 0, 1, 1, 4, 1, 4, 3, 2, 2, 0, 4, 1, 1, 4, 1, 1, 2, 1, 4, 4, 1, 1, 0, 2, 3, 2, 2, 1, 2, 1, 1, 2, 4, 3, 0, 2, 2, 3, 3, 1, 1, 2, 1, 1, 1, 4, 1, 3, 4, 1, 2, 4, 3, 1, 3, 1, 2, 4, 4, 2, 3, 2, 2, 2, 3, 4, 3, 2, 4, 4, 4, 4, 1, 1, 2, 3]|[0, 2, 0, 0, 3, 0, 1, 3, 0, 0, 2, 0, 1, 0, 1, 0, 0, 0, 1, 0, 0, 2, 0, 0, 1, 0, 0, 3, 0, 1, 0, 2, 0, 0, 3, 0, 1, 1, 0, 0, 0, 0, 1, 3, 0, 0, 1, 0, 2, 0, 0, 0, 0, 0, 1, 0, 1, 0, 1, 1, 0, 2, 0, 0, 0, 0, 0, 0, 0, 2, 0, 0, 1, 0, 0, 1, 0, 0, 3, 0, 0, 1, 2, 0, 0, 0, 0, 0, 3, 1, 0, 0, 2, 1, 3, 1, 0, 0, 0, 0],920.1849049908361,49505.9112889671,105404.67717899394,false
36,G2_TEC,G2_TEC,[31, 22, 82, 15, 26, 9, 95, 42, 77, 68, 47, 5, 93, 78, 86, 54, 85, 63, 18, 44, 20, 49, 36, 14, 74, 50, 53, 17, 21, 28, 11, 64, 3, 23, 30, 83, 24, 41, 40, 52, 65, 27, 90, 70, 39, 87, 48, 69, 99, 4, 75, 1, 13, 58, 97, 59, 45, 8, 73, 37, 35, 79, 71, 66, 76, 32, 60, 80, 56, 6, 67, 61, 33, 7, 57, 34, 12, 16, 10, 98, 96, 88, 43, 46, 91, 38, 84, 92, 29, 19, 51, 55, 81, 89, 25, 72, 94, 2, 0, 62]|[2, 1, 2, 1, 1, 2, 1, 1, 1, 1, 1, 0, 2, 2, 1, 2, 0, 0, 0, 2, 2, 1, 0, 2, 0, 2, 2, 1, 0, 1, 1, 1, 0, 0, 1, 0, 2, 1, 2, 2, 0, 0, 1, 1, 0, 2, 0, 2, 1, 0, 0, 2, 0, 0, 2, 0, 1, 1, 0, 0, 2, 1, 1, 2, 2, 0, 2, 2, 2, 1, 2, 1, 1, 2, 0, 1, 1, 2, 1, 2, 0, 1, 1, 0, 1, 0, 0, 0, 1, 1, 1, 0, 1, 1, 1, 1, 2, 2, 0, 1]|[0, 3, 0, 3, 4, 1, 4, 4, 2, 4, 3, 2, 1, 0, 2, 1, 1, 1, 2, 1, 1, 3, 0, 1, 0, 1, 1, 4, 1, 4, 3, 2, 2, 0, 4, 1, 1, 4, 1, 1, 2, 1, 4, 4, 1, 1, 0, 2, 3, 2, 2, 1, 2, 1, 1, 2, 4, 3, 0, 2, 2, 3, 3, 1, 1, 2, 1, 1, 1, 4, 1, 3, 4, 1, 2, 4, 3, 1, 3, 1, 2, 4, 4, 2, 3, 2, 2, 2, 3, 4, 3, 2, 4, 4, 4, 4, 1, 1, 2, 3]|[0, 2, 0, 0, 3, 0, 1, 3, 0, 0, 2, 0, 1, 0, 1, 0, 0, 0, 1, 0, 0, 2, 0, 0, 1, 0, 0, 3, 0, 1, 0, 2, 0, 0, 3, 0, 1, 1, 0, 0, 0, 0, 1, 3, 0, 0, 1, 0, 2, 0, 0, 0, 0, 0, 1, 0, 1, 0, 1, 1, 0, 2, 0, 0, 0, 0, 0, 0, 0, 2, 0, 0, 1, 0, 0, 1, 0, 0, 3, 0, 0, 1, 2, 0, 0, 0, 0, 0, 3, 1, 0, 0, 2, 1, 3, 1, 0, 0, 0, 0],908.8272556494078,49235.066718390466,107289.32240407266,false
36,G3_TWC,G3_TWC,[31, 22, 82, 15, 26, 58, 95, 42, 77, 12, 47, 5, 93, 78, 98, 54, 85, 63, 18, 44, 20, 35, 43, 97, 91, 76, 10, 30, 21, 45, 71, 64, 1, 23, 17, 83, 24, 14, 60, 36, 6, 57, 94, 88, 65, 56, 79, 40, 67, 68, 46, 75, 39, 9, 19, 32, 81, 96, 27, 62, 87, 90, 99, 59, 11, 16, 72, 73, 70, 38, 37, 84, 3, 92, 25, 55, 28, 29, 51, 7, 33, 61, 86, 48, 89, 50, 69, 41, 53, 80, 4, 8, 34, 49, 52, 0, 13, 2, 66, 74]|[1, 1, 0, 1, 1, 1, 2, 1, 2, 1, 2, 2, 2, 1, 1, 0, 0, 1, 0, 2, 2, 0, 1, 2, 0, 1, 2, 2, 0, 0, 1, 2, 1, 2, 1, 0, 2, 0, 1, 1, 0, 1, 1, 1, 0, 2, 1, 1, 0, 0, 0, 0, 1, 1, 2, 1, 2, 0, 0, 0, 2, 1, 0, 1, 2, 1, 2, 1, 1, 1, 1, 1, 2, 0, 1, 1, 0, 0, 0, 1, 2, 1, 0, 0, 1, 0, 1, 0, 0, 0, 0, 1, 2, 0, 1, 0, 0, 0, 2, 2]|[4, 3, 2, 2, 0, 0, 2, 2, 2, 4, 1, 1, 2, 4, 4, 1, 1, 4, 2, 1, 1, 1, 1, 2, 1, 2, 1, 1, 1, 1, 3, 2, 3, 0, 4, 0, 1, 1, 0, 3, 2, 2, 4, 0, 1, 1, 0, 2, 0, 1, 2, 2, 1, 4, 0, 3, 2, 1, 1, 2, 1, 3, 1, 1, 1, 3, 0, 4, 3, 1, 4, 1, 1, 2, 4, 4, 2, 1, 1, 3, 1, 3, 1, 1, 1, 1, 3, 1, 2, 1, 2, 3, 1, 1, 1, 2, 2, 2, 1, 1]|[0, 2, 1, 1, 3, 3, 0, 1, 0, 0, 0, 0, 1, 0, 1, 0, 0, 3, 1, 0, 0, 0, 3, 1, 0, 2, 0, 0, 0, 1, 0, 0, 0, 0, 3, 0, 1, 0, 0, 2, 1, 1, 2, 0, 0, 0, 0, 1, 1, 0, 0, 0, 1, 3, 0, 0, 1, 0, 0, 1, 0, 2, 0, 1, 0, 2, 1, 0, 0, 1, 1, 3, 0, 1, 3, 3, 1, 0, 0, 2, 0, 0, 0, 0, 1, 0, 0, 0, 1, 0, 1, 2, 0, 1, 1, 0, 0, 0, 0, 0],790.0799945868791,57951.42221290124,88960.86369927591,false
36,G1_CMAX,G2_TEC,[31, 22, 82, 15, 26, 9, 95, 42, 77, 68, 47, 5, 93, 78, 86, 54, 85, 63, 18, 44, 20, 49, 36, 14, 74, 50, 53, 17, 21, 28, 71, 64, 3, 23, 30, 83, 24, 41, 60, 52, 65, 27, 90, 70, 39, 87, 48, 69, 99, 4, 46, 1, 13, 58, 97, 59, 45, 8, 73, 37, 35, 79, 11, 66, 76, 32, 40, 80, 96, 6, 16, 61, 33, 7, 57, 34, 12, 67, 10, 98, 56, 88, 29, 75, 91, 38, 19, 92, 43, 84, 51, 72, 81, 25, 2, 55, 0, 94, 89, 62]|[2, 1, 2, 1, 1, 2, 1, 1, 1, 2, 1, 0, 2, 2, 1, 2, 0, 0, 0, 2, 2, 1, 0, 2, 0, 2, 2, 1, 0, 1, 1, 1, 0, 0, 1, 0, 2, 1, 2, 2, 0, 0, 1, 1, 0, 2, 0, 2, 1, 0, 0, 2, 0, 0, 2, 0, 1, 1, 0, 0, 2, 1, 0, 2, 2, 0, 2, 2, 0, 1, 2, 1, 1, 2, 0, 1, 1, 1, 1, 2, 2, 1, 1, 0, 1, 0, 1, 0, 1, 0, 1, 1, 1, 1, 2, 0, 0, 2, 1, 1]|[0, 3, 0, 3, 4, 1, 4, 4, 2, 0, 3, 2, 1, 0, 2, 1, 1, 1, 2, 1, 1, 3, 0, 1, 0, 1, 1, 4, 1, 4, 3, 2, 2, 0, 4, 1, 1, 4, 0, 1, 2, 1, 4, 4, 1, 1, 0, 2, 3, 1, 2, 1, 2, 1, 1, 2, 4, 3, 0, 2, 2, 3, 1, 0, 1, 2, 0, 1, 2, 4, 1, 3, 4, 1, 2, 4, 3, 3, 3, 1, 1, 4, 3, 2, 3, 2, 4, 2, 4, 2, 3, 4, 4, 4, 1, 2, 2, 1, 4, 3]|[0, 2, 0, 0, 3, 0, 1, 3, 0, 0, 2, 0, 1, 0, 1, 0, 0, 0, 1, 0, 0, 2, 0, 0, 1, 0, 0, 3, 0, 1, 0, 2, 0, 1, 3, 0, 1, 3, 1, 0, 0, 0, 1, 3, 0, 0, 1, 0, 2, 0, 0, 0, 0, 0, 1, 0, 1, 0, 1, 1, 0, 2, 0, 0, 0, 0, 0, 0, 0, 2, 0, 0, 1, 0, 0, 1, 0, 0, 3, 0, 0, 1, 0, 0, 0, 0, 3, 0, 2, 0, 0, 2, 1, 3, 0, 0, 0, 0, 1, 0],848.7210464257236,51873.96370052903,107003.66788360782,true
36,G4_BALANCED,G4_BALANCED,[31, 11, 82, 15, 26, 9, 95, 42, 77, 68, 47, 5, 93, 78, 86, 54, 85, 63, 18, 44, 20, 49, 36, 14, 74, 50, 53, 17, 21, 45, 71, 64, 3, 23, 30, 83, 24, 41, 60, 52, 65, 27, 90, 70, 39, 87, 48, 69, 99, 4, 46, 1, 13, 58, 97, 59, 28, 75, 73, 37, 35, 79, 22, 66, 76, 32, 40, 80, 96, 6, 61, 16, 33, 7, 57, 34, 12, 67, 10, 98, 56, 88, 29, 8, 91, 38, 19, 92, 0, 84, 51, 72, 81, 89, 25, 55, 94, 2, 43, 62]|[2, 1, 2, 1, 1, 2, 1, 1, 1, 1, 1, 0, 2, 2, 1, 2, 0, 0, 0, 2, 2, 1, 0, 2, 0, 2, 2, 1, 0, 1, 1, 1, 0, 0, 1, 0, 2, 1, 2, 2, 0, 0, 1, 1, 0, 2, 0, 2, 1, 0, 0, 2, 0, 0, 2, 0, 1, 1, 0, 0, 2, 1, 0, 1, 2, 0, 2, 2, 0, 1, 1, 2, 1, 2, 0, 1, 1, 1, 1, 2, 2, 1, 1, 0, 1, 0, 1, 0, 0, 0, 1, 1, 1, 1, 1, 0, 2, 2, 1, 1]|[0, 3, 0, 2, 4, 1, 4, 4, 2, 4, 3, 2, 1, 0, 2, 1, 1, 1, 2, 1, 1, 3, 0, 1, 0, 1, 1, 4, 1, 4, 3, 2, 2, 0, 4, 1, 1, 4, 0, 1, 2, 1, 4, 4, 1, 1, 0, 2, 3, 1, 2, 1, 2, 1, 1, 2, 4, 3, 0, 2, 2, 3, 1, 1, 1, 2, 0, 1, 2, 4, 3, 1, 4, 1, 2, 4, 3, 3, 3, 1, 1, 4, 3, 2, 3, 2, 4, 2, 2, 2, 3, 4, 4, 4, 4, 2, 1, 1, 4, 3]|[0, 2, 0, 1, 3, 0, 1, 3, 0, 0, 2, 0, 1, 0, 1, 0, 0, 0, 1, 0, 0, 2, 0, 0, 1, 0, 0, 3, 0, 1, 0, 2, 0, 1, 3, 0, 1, 3, 0, 0, 0, 0, 1, 3, 0, 0, 1, 0, 2, 0, 0, 0, 0, 0, 1, 0, 1, 0, 1, 1, 0, 2, 0, 2, 0, 0, 0, 0, 0, 2, 0, 0, 1, 0, 0, 1, 0, 0, 3, 0, 0, 1, 0, 0, 0, 0, 3, 0, 0, 0, 0, 2, 1, 1, 3, 0, 0, 0, 2, 0],851.3950062933596,51439.941474506384,111583.71672538936,false
36,G2_TEC,G2_TEC,[31, 22, 82, 15, 26, 9, 95, 42, 77, 68, 47, 5, 93, 78, 86, 54, 85, 63, 18, 44, 20, 49, 36, 14, 74, 50, 53, 17, 21, 28, 11, 64, 3, 23, 30, 83, 24, 41, 40, 52, 65, 27, 90, 70, 39, 87, 48, 69, 99, 4, 75, 1, 13, 58, 97, 59, 45, 8, 73, 37, 35, 79, 71, 66, 76, 32, 60, 80, 56, 6, 67, 61, 33, 7, 57, 34, 12, 16, 10, 98, 96, 88, 43, 46, 91, 38, 84, 92, 29, 19, 51, 55, 81, 89, 25, 72, 94, 2, 0, 62]|[2, 1, 2, 1, 1, 2, 1, 1, 1, 1, 1, 0, 2, 2, 1, 2, 0, 0, 0, 2, 2, 1, 0, 2, 0, 2, 2, 1, 0, 1, 1, 1, 0, 0, 1, 0, 2, 1, 2, 2, 0, 0, 1, 1, 0, 2, 0, 2, 1, 0, 0, 2, 0, 0, 2, 0, 1, 1, 0, 0, 2, 1, 1, 2, 2, 0, 2, 2, 2, 1, 2, 1, 1, 2, 0, 1, 1, 2, 1, 2, 0, 1, 1, 0, 1, 0, 0, 0, 1, 1, 1, 0, 1, 1, 1, 1, 2, 2, 0, 1]|[0, 3, 0, 3, 4, 1, 4, 4, 2, 4, 3, 2, 1, 0, 2, 1, 1, 1, 2, 1, 1, 3, 0, 1, 0, 1, 1, 4, 1, 4, 3, 2, 2, 0, 4, 1, 1, 4, 1, 1, 2, 1, 4, 4, 1, 1, 0, 2, 3, 2, 2, 1, 2, 1, 1, 2, 4, 3, 0, 2, 2, 3, 3, 1, 1, 2, 1, 1, 1, 4, 1, 3, 4, 1, 2, 4, 3, 1, 3, 1, 2, 4, 4, 2, 3, 2, 2, 2, 3, 4, 3, 2, 4, 4, 4, 4, 1, 1, 2, 3]|[0, 2, 0, 0, 3, 0, 1, 3, 0, 0, 2, 0, 1, 0, 1, 0, 0, 0, 1, 0, 0, 2, 0, 0, 1, 0, 0, 3, 0, 1, 0, 2, 0, 0, 3, 0, 1, 1, 0, 0, 0, 0, 1, 3, 0, 0, 1, 0, 2, 0, 0, 0, 0, 0, 1, 0, 1, 0, 1, 1, 0, 2, 0, 0, 0, 0, 0, 0, 0, 2, 0, 0, 1, 0, 0, 1, 0, 0, 3, 0, 0, 1, 2, 0, 0, 0, 0, 0, 3, 1, 0, 0, 2, 1, 3, 1, 0, 0, 0, 0],908.8272556494078,49235.066718390466,107289.32240407266,false
36,G3_TWC,G3_TWC,[31, 22, 82, 15, 26, 58, 95, 42, 77, 12, 47, 5, 93, 78, 98, 54, 85, 63, 18, 44, 20, 35, 43, 97, 91, 76, 10, 30, 21, 45, 71, 64, 1, 23, 17, 83, 24, 14, 60, 36, 6, 57, 94, 88, 65, 56, 79, 40, 67, 68, 46, 75, 39, 9, 19, 32, 81, 96, 27, 62, 87, 90, 99, 59, 11, 16, 72, 73, 70, 38, 37, 84, 3, 92, 25, 55, 28, 29, 51, 7, 33, 61, 86, 48, 89, 50, 69, 41, 53, 80, 4, 8, 34, 49, 52, 0, 13, 2, 66, 74]|[1, 1, 0, 1, 1, 1, 2, 1, 2, 1, 2, 2, 2, 1, 1, 0, 0, 1, 0, 2, 2, 0, 1, 2, 0, 1, 2, 2, 0, 0, 1, 2, 1, 2, 1, 0, 2, 0, 1, 1, 0, 1, 1, 1, 0, 2, 1, 1, 0, 0, 0, 0, 1, 1, 2, 1, 2, 0, 0, 0, 2, 1, 0, 1, 2, 1, 2, 1, 1, 1, 1, 1, 2, 0, 1, 1, 0, 0, 0, 1, 2, 1, 0, 0, 1, 0, 1, 0, 0, 0, 0, 1, 2, 0, 1, 0, 0, 0, 2, 2]|[4, 3, 2, 2, 0, 0, 2, 2, 2, 4, 1, 1, 2, 4, 4, 1, 1, 4, 2, 1, 1, 1, 1, 2, 1, 2, 1, 1, 1, 1, 3, 2, 3, 0, 4, 0, 1, 1, 0, 3, 2, 2, 4, 0, 1, 1, 0, 2, 0, 1, 2, 2, 1, 4, 0, 3, 2, 1, 1, 2, 1, 3, 1, 1, 1, 3, 0, 4, 3, 1, 4, 1, 1, 2, 4, 4, 2, 1, 1, 3, 1, 3, 1, 1, 1, 1, 3, 1, 2, 1, 2, 3, 1, 1, 1, 2, 2, 2, 1, 1]|[0, 2, 1, 1, 3, 3, 0, 1, 0, 0, 0, 0, 1, 0, 1, 0, 0, 3, 1, 0, 0, 0, 3, 1, 0, 2, 0, 0, 0, 1, 0, 0, 0, 0, 3, 0, 1, 0, 0, 2, 1, 1, 2, 0, 0, 0, 0, 1, 1, 0, 0, 0, 1, 3, 0, 0, 1, 0, 0, 1, 0, 2, 0, 1, 0, 2, 1, 0, 0, 1, 1, 3, 0, 1, 3, 3, 1, 0, 0, 2, 0, 0, 0, 0, 1, 0, 0, 0, 1, 0, 1, 2, 0, 1, 1, 0, 0, 0, 0, 0],790.0799945868791,57951.42221290124,88960.86369927591,false
36,G1_CMAX,G2_TEC,[31, 22, 82, 15, 26, 9, 95, 42, 77, 68, 47, 5, 93, 78, 86, 54, 85, 63, 18, 44, 20, 49, 36, 14, 74, 50, 53, 17, 21, 28, 71, 64, 3, 23, 30, 83, 24, 41, 60, 52, 65, 27, 90, 70, 39, 87, 48, 69, 99, 4, 46, 1, 13, 58, 97, 59, 45, 8, 73, 37, 35, 79, 11, 66, 76, 32, 40, 80, 96, 6, 16, 61, 33, 7, 57, 34, 12, 67, 10, 98, 56, 88, 29, 75, 91, 38, 19, 92, 43, 84, 51, 72, 81, 25, 2, 55, 0, 94, 89, 62]|[2, 1, 2, 1, 1, 2, 1, 1, 1, 2, 1, 0, 2, 2, 1, 2, 0, 0, 0, 2, 2, 1, 0, 2, 0, 2, 2, 1, 0, 1, 1, 1, 0, 0, 1, 0, 2, 1, 2, 2, 0, 0, 1, 1, 0, 2, 0, 2, 1, 0, 0, 2, 0, 0, 2, 0, 1, 1, 0, 0, 2, 1, 0, 2, 2, 0, 2, 2, 0, 1, 2, 1, 1, 2, 0, 1, 1, 1, 1, 2, 2, 1, 1, 0, 1, 0, 1, 0, 1, 0, 1, 1, 1, 1, 2, 0, 0, 2, 1, 1]|[0, 3, 0, 3, 4, 1, 4, 4, 2, 0, 3, 2, 1, 0, 2, 1, 1, 1, 2, 1, 1, 3, 0, 1, 0, 1, 1, 4, 1, 4, 3, 2, 2, 0, 4, 1, 1, 4, 0, 1, 2, 1, 4, 4, 1, 1, 0, 2, 3, 1, 2, 1, 2, 1, 1, 2, 4, 3, 0, 2, 2, 3, 1, 0, 1, 2, 0, 1, 2, 4, 1, 3, 4, 1, 2, 4, 3, 3, 3, 1, 1, 4, 3, 2, 3, 2, 4, 2, 4, 2, 3, 4, 4, 4, 1, 2, 2, 1, 4, 3]|[0, 2, 0, 0, 3, 0, 1, 3, 0, 0, 2, 0, 1, 0, 1, 0, 0, 0, 1, 0, 0, 2, 0, 0, 1, 0, 0, 3, 0, 1, 0, 2, 0, 1, 3, 0, 1, 3, 1, 0, 0, 0, 1, 3, 0, 0, 1, 0, 2, 0, 0, 0, 0, 0, 1, 0, 1, 0, 1, 1, 0, 2, 0, 0, 0, 0, 0, 0, 0, 2, 0, 0, 1, 0, 0, 1, 0, 0, 3, 0, 0, 1, 0, 0, 0, 0, 3, 0, 2, 0, 0, 2, 1, 3, 0, 0, 0, 0, 1, 0],848.7210464257236,51873.96370052903,107003.66788360782,true
36,G4_BALANCED,G4_BALANCED,[31, 11, 15, 82, 26, 9, 95, 32, 77, 68, 47, 5, 93, 78, 86, 54, 85, 63, 18, 44, 20, 49, 36, 14, 74, 50, 53, 17, 21, 45, 71, 64, 3, 23, 30, 83, 24, 41, 60, 52, 65, 27, 90, 70, 39, 87, 48, 69, 99, 4, 46, 1, 13, 58, 97, 59, 28, 75, 73, 37, 35, 79, 22, 66, 76, 42, 40, 80, 96, 6, 16, 61, 33, 7, 57, 34, 12, 67, 10, 98, 56, 88, 29, 94, 91, 38, 51, 92, 43, 84, 19, 72, 81, 25, 0, 55, 62, 89, 8, 2]|[2, 1, 1, 2, 1, 2, 1, 1, 1, 1, 1, 0, 2, 2, 1, 2, 0, 0, 0, 2, 2, 1, 0, 2, 0, 2, 2, 1, 0, 1, 1, 1, 0, 0, 1, 0, 2, 1, 2, 2, 0, 0, 1, 1, 0, 2, 0, 2, 1, 0, 0, 2, 0, 0, 2, 0, 1, 0, 0, 0, 2, 1, 0, 2, 2, 0, 2, 2, 0, 1, 2, 1, 1, 2, 0, 1, 1, 1, 1, 2, 2, 1, 1, 2, 1, 0, 1, 0, 1, 0, 1, 1, 1, 1, 0, 0, 1, 1, 1, 2]|[0, 3, 2, 0, 4, 1, 4, 4, 2, 4, 3, 2, 1, 0, 2, 1, 1, 1, 2, 1, 1, 3, 0, 1, 0, 1, 1, 4, 1, 4, 3, 2, 2, 0, 4, 1, 1, 4, 0, 1, 2, 1, 4, 4, 1, 1, 0, 2, 3, 1, 2, 1, 2, 1, 1, 2, 4, 2, 0, 2, 2, 3, 1, 0, 1, 2, 0, 1, 2, 4, 1, 3, 4, 1, 2, 4, 3, 3, 3, 1, 1, 4, 3, 1, 3, 2, 3, 2, 4, 2, 4, 4, 1, 4, 2, 2, 3, 4, 3, 1]|[0, 2, 1, 0, 3, 0, 1, 3, 0, 0, 2, 0, 1, 0, 1, 0, 0, 0, 1, 0, 0, 2, 0, 0, 1, 0, 0, 3, 0, 1, 0, 2, 0, 1, 3, 0, 1, 3, 1, 0, 0, 0, 1, 3, 0, 0, 1, 0, 2, 0, 0, 0, 0, 0, 1, 0, 1, 0, 1, 1, 0, 2, 0, 0, 0, 0, 0, 0, 0, 2, 0, 0, 1, 0, 0, 1, 0, 0, 3, 0, 0, 1, 0, 0, 0, 0, 0, 0, 2, 0, 3, 2, 1, 3, 0, 0, 0, 1, 0, 0],838.0858887121581,52145.01293281826,108083.60693758915,false
36,G2_TEC,G2_TEC,[31, 22, 82, 15, 26, 9, 95, 42, 77, 68, 47, 5, 93, 78, 86, 54, 85, 63, 18, 44, 20, 49, 36, 14, 74, 50, 53, 17, 21, 28, 11, 64, 3, 23, 30, 83, 24, 41, 40, 52, 65, 27, 90, 70, 39, 87, 48, 69, 99, 4, 75, 1, 13, 58, 97, 59, 45, 8, 73, 37, 35, 79, 71, 66, 76, 32, 60, 80, 56, 6, 67, 61, 33, 7, 57, 34, 12, 16, 10, 98, 96, 88, 43, 46, 91, 38, 84, 92, 29, 19, 51, 55, 81, 89, 25, 72, 94, 2, 0, 62]|[2, 1, 2, 1, 1, 2, 1, 1, 1, 1, 1, 0, 2, 2, 1, 2, 0, 0, 0, 2, 2, 1, 0, 2, 0, 2, 2, 1, 0, 1, 1, 1, 0, 0, 1, 0, 2, 1, 2, 2, 0, 0, 1, 1, 0, 2, 0, 2, 1, 0, 0, 2, 0, 0, 2, 0, 1, 1, 0, 0, 2, 1, 1, 2, 2, 0, 2, 2, 2, 1, 2, 1, 1, 2, 0, 1, 1, 2, 1, 2, 0, 1, 1, 0, 1, 0, 0, 0, 1, 1, 1, 0, 1, 1, 1, 1, 2, 2, 0, 1]|[0, 3, 0, 3, 4, 1, 4, 4, 2, 4, 3, 2, 1, 0, 2, 1, 1, 1, 2, 1, 1, 3, 0, 1, 0, 1, 1, 4, 1, 4, 3, 2, 2, 0, 4, 1, 1, 4, 1, 1, 2, 1, 4, 4, 1, 1, 0, 2, 3, 2, 2, 1, 2, 1, 1, 2, 4, 3, 0, 2, 2, 3, 3, 1, 1, 2, 1, 1, 1, 4, 1, 3, 4, 1, 2, 4, 3, 1, 3, 1, 2, 4, 4, 2, 3, 2, 2, 2, 3, 4, 3, 2, 4, 4, 4, 4, 1, 1, 2, 3]|[0, 2, 0, 0, 3, 0, 1, 3, 0, 0, 2, 0, 1, 0, 1, 0, 0, 0, 1, 0, 0, 2, 0, 0, 1, 0, 0, 3, 0, 1, 0, 2, 0, 0, 3, 0, 1, 1, 0, 0, 0, 0, 1, 3, 0, 0, 1, 0, 2, 0, 0, 0, 0, 0, 1, 0, 1, 0, 1, 1, 0, 2, 0, 0, 0, 0, 0, 0, 0, 2, 0, 0, 1, 0, 0, 1, 0, 0, 3, 0, 0, 1, 2, 0, 0, 0, 0, 0, 3, 1, 0, 0, 2, 1, 3, 1, 0, 0, 0, 0],908.8272556494078,49235.066718390466,107289.32240407266,false
36,G3_TWC,G3_TWC,[31, 22, 82, 15, 26, 58, 95, 42, 77, 12, 47, 5, 93, 78, 98, 54, 85, 63, 18, 44, 20, 35, 43, 97, 91, 76, 10, 30, 21, 45, 71, 64, 1, 23, 17, 83, 24, 14, 60, 36, 6, 57, 94, 88, 65, 56, 79, 40, 67, 68, 46, 75, 39, 9, 19, 32, 81, 96, 27, 62, 87, 90, 99, 59, 11, 16, 72, 73, 70, 38, 37, 84, 3, 92, 25, 55, 28, 29, 51, 7, 33, 61, 86, 48, 89, 50, 69, 41, 53, 80, 4, 8, 34, 49, 52, 0, 13, 2, 66, 74]|[1, 1, 0, 1, 1, 1, 2, 1, 2, 1, 2, 2, 2, 1, 1, 0, 0, 1, 0, 2, 2, 0, 1, 2, 0, 1, 2, 2, 0, 0, 1, 2, 1, 2, 1, 0, 2, 0, 1, 1, 0, 1, 1, 1, 0, 2, 1, 1, 0, 0, 0, 0, 1, 1, 2, 1, 2, 0, 0, 0, 2, 1, 0, 1, 2, 1, 2, 1, 1, 1, 1, 1, 2, 0, 1, 1, 0, 0, 0, 1, 2, 1, 0, 0, 1, 0, 1, 0, 0, 0, 0, 1, 2, 0, 1, 0, 0, 0, 2, 2]|[4, 3, 2, 2, 0, 0, 2, 2, 2, 4, 1, 1, 2, 4, 4, 1, 1, 4, 2, 1, 1, 1, 1, 2, 1, 2, 1, 1, 1, 1, 3, 2, 3, 0, 4, 0, 1, 1, 0, 3, 2, 2, 4, 0, 1, 1, 0, 2, 0, 1, 2, 2, 1, 4, 0, 3, 2, 1, 1, 2, 1, 3, 1, 1, 1, 3, 0, 4, 3, 1, 4, 1, 1, 2, 4, 4, 2, 1, 1, 3, 1, 3, 1, 1, 1, 1, 3, 1, 2, 1, 2, 3, 1, 1, 1, 2, 2, 2, 1, 1]|[0, 2, 1, 1, 3, 3, 0, 1, 0, 0, 0, 0, 1, 0, 1, 0, 0, 3, 1, 0, 0, 0, 3, 1, 0, 2, 0, 0, 0, 1, 0, 0, 0, 0, 3, 0, 1, 0, 0, 2, 1, 1, 2, 0, 0, 0, 0, 1, 1, 0, 0, 0, 1, 3, 0, 0, 1, 0, 0, 1, 0, 2, 0, 1, 0, 2, 1, 0, 0, 1, 1, 3, 0, 1, 3, 3, 1, 0, 0, 2, 0, 0, 0, 0, 1, 0, 0, 0, 1, 0, 1, 2, 0, 1, 1, 0, 0, 0, 0, 0],790.0799945868791,57951.42221290124,88960.86369927591,false
36,G1_CMAX,G1_CMAX,[31, 22, 82, 15, 26, 58, 95, 42, 77, 12, 93, 5, 47, 78, 86, 21, 63, 18, 44, 20, 35, 43, 97, 91, 76, 10, 30, 85, 45, 71, 64, 23, 17, 83, 24, 14, 60, 25, 6, 54, 40, 88, 65, 56, 79, 57, 69, 67, 46, 75, 38, 99, 19, 32, 41, 81, 27, 87, 90, 9, 59, 11, 16, 72, 73, 70, 39, 37, 84, 1, 3, 92, 36, 55, 48, 68, 96, 29, 51, 62, 33, 61, 98, 66, 89, 50, 4, 7, 53, 80, 94, 28, 34, 49, 52, 0, 74, 8, 2, 13]|[1, 1, 0, 1, 1, 0, 1, 1, 2, 1, 2, 2, 2, 1, 1, 0, 1, 0, 2, 2, 0, 1, 2, 0, 1, 2, 2, 2, 0, 1, 2, 2, 1, 0, 2, 0, 1, 1, 0, 0, 1, 1, 0, 2, 1, 1, 1, 0, 0, 0, 1, 1, 2, 1, 2, 2, 0, 2, 1, 0, 1, 2, 1, 2, 1, 1, 1, 1, 1, 1, 1, 0, 1, 1, 0, 0, 2, 0, 0, 0, 2, 1, 2, 2, 1, 0, 1, 0, 0, 0, 1, 0, 2, 0, 1, 0, 2, 1, 0, 0]|[0, 3, 2, 2, 4, 1, 2, 3, 2, 4, 2, 1, 1, 4, 4, 1, 4, 2, 1, 1, 1, 1, 2, 1, 2, 1, 1, 2, 1, 3, 2, 0, 4, 0, 1, 1, 0, 3, 2, 1, 2, 0, 1, 1, 0, 2, 4, 0, 2, 2, 1, 4, 0, 3, 2, 1, 1, 1, 3, 1, 1, 1, 3, 0, 4, 3, 1, 4, 1, 3, 1, 0, 4, 2, 1, 1, 1, 1, 1, 2, 1, 3, 1, 1, 1, 1, 4, 0, 2, 1, 3, 2, 1, 1, 1, 2, 1, 4, 2, 2]|[0, 2, 1, 1, 3, 0, 1, 3, 0, 0, 0, 0, 0, 0, 1, 0, 3, 1, 0, 0, 0, 3, 1, 0, 2, 0, 0, 1, 1, 0, 0, 0, 3, 0, 1, 0, 0, 2, 1, 0, 1, 0, 0, 0, 0, 1, 2, 1, 0, 0, 1, 3, 0, 0, 1, 0, 0, 0, 2, 0, 1, 0, 2, 1, 0, 0, 1, 1, 3, 0, 1, 1, 3, 3, 0, 0, 0, 0, 0, 1, 0, 0, 0, 0, 1, 0, 0, 0, 1, 0, 2, 1, 0, 1, 1, 0, 0, 2, 0, 0],717.7746778690674,58051.11429889491,97947.81742761745,false
36,G4_BALANCED,G4_BALANCED,[31, 11, 15, 82, 26, 9, 95, 32, 77, 68, 47, 5, 93, 78, 86, 54, 85, 63, 18, 44, 20, 49, 36, 14, 74, 50, 53, 17, 21, 45, 71, 64, 3, 23, 30, 83, 24, 41, 60, 52, 65, 27, 90, 70, 39, 87, 48, 69, 99, 4, 46, 1, 13, 58, 97, 59, 28, 75, 73, 37, 35, 79, 22, 66, 76, 42, 40, 80, 96, 6, 16, 61, 33, 7, 57, 34, 12, 67, 10, 98, 56, 88, 29, 94, 91, 38, 51, 92, 43, 84, 19, 72, 81, 25, 0, 55, 62, 89, 8, 2]|[2, 1, 1, 2, 1, 2, 1, 1, 1, 1, 1, 0, 2, 2, 1, 2, 0, 0, 0, 2, 2, 1, 0, 2, 0, 2, 2, 1, 0, 1, 1, 1, 0, 0, 1, 0, 2, 1, 2, 2, 0, 0, 1, 1, 0, 2, 0, 2, 1, 0, 0, 2, 0, 0, 2, 0, 1, 0, 0, 0, 2, 1, 0, 2, 2, 0, 2, 2, 0, 1, 2, 1, 1, 2, 0, 1, 1, 1, 1, 2, 2, 1, 1, 2, 1, 0, 1, 0, 1, 0, 1, 1, 1, 1, 0, 0, 1, 1, 1, 2]|[0, 3, 2, 0, 4, 1, 4, 4, 2, 4, 3, 2, 1, 0, 2, 1, 1, 1, 2, 1, 1, 3, 0, 1, 0, 1, 1, 4, 1, 4, 3, 2, 2, 0, 4, 1, 1, 4, 0, 1, 2, 1, 4, 4, 1, 1, 0, 2, 3, 1, 2, 1, 2, 1, 1, 2, 4, 2, 0, 2, 2, 3, 1, 0, 1, 2, 0, 1, 2, 4, 1, 3, 4, 1, 2, 4, 3, 3, 3, 1, 1, 4, 3, 1, 3, 2, 3, 2, 4, 2, 4, 4, 1, 4, 2, 2, 3, 4, 3, 1]|[0, 2, 1, 0, 3, 0, 1, 3, 0, 0, 2, 0, 1, 0, 1, 0, 0, 0, 1, 0, 0, 2, 0, 0, 1, 0, 0, 3, 0, 1, 0, 2, 0, 1, 3, 0, 1, 3, 1, 0, 0, 0, 1, 3, 0, 0, 1, 0, 2, 0, 0, 0, 0, 0, 1, 0, 1, 0, 1, 1, 0, 2, 0, 0, 0, 0, 0, 0, 0, 2, 0, 0, 1, 0, 0, 1, 0, 0, 3, 0, 0, 1, 0, 0, 0, 0, 0, 0, 2, 0, 3, 2, 1, 3, 0, 0, 0, 1, 0, 0],838.0858887121581,52145.01293281826,108083.60693758915,false
36,G2_TEC,G2_TEC,[31, 22, 82, 15, 26, 9, 95, 42, 77, 68, 47, 5, 93, 78, 86, 54, 85, 63, 18, 44, 20, 49, 36, 14, 74, 50, 53, 17, 21, 28, 11, 64, 3, 23, 30, 83, 24, 41, 40, 52, 65, 27, 90, 70, 39, 87, 48, 69, 99, 4, 75, 1, 13, 58, 97, 59, 45, 8, 73, 37, 35, 79, 71, 66, 76, 32, 60, 80, 56, 6, 67, 61, 33, 7, 57, 34, 12, 16, 10, 98, 96, 88, 43, 46, 91, 38, 84, 92, 29, 19, 51, 55, 81, 89, 25, 72, 94, 2, 0, 62]|[2, 1, 2, 1, 1, 2, 1, 1, 1, 1, 1, 0, 2, 2, 1, 2, 0, 0, 0, 2, 2, 1, 0, 2, 0, 2, 2, 1, 0, 1, 1, 1, 0, 0, 1, 0, 2, 1, 2, 2, 0, 0, 1, 1, 0, 2, 0, 2, 1, 0, 0, 2, 0, 0, 2, 0, 1, 1, 0, 0, 2, 1, 1, 2, 2, 0, 2, 2, 2, 1, 2, 1, 1, 2, 0, 1, 1, 2, 1, 2, 0, 1, 1, 0, 1, 0, 0, 0, 1, 1, 1, 0, 1, 1, 1, 1, 2, 2, 0, 1]|[0, 3, 0, 3, 4, 1, 4, 4, 2, 4, 3, 2, 1, 0, 2, 1, 1, 1, 2, 1, 1, 3, 0, 1, 0, 1, 1, 4, 1, 4, 3, 2, 2, 0, 4, 1, 1, 4, 1, 1, 2, 1, 4, 4, 1, 1, 0, 2, 3, 2, 2, 1, 2, 1, 1, 2, 4, 3, 0, 2, 2, 3, 3, 1, 1, 2, 1, 1, 1, 4, 1, 3, 4, 1, 2, 4, 3, 1, 3, 1, 2, 4, 4, 2, 3, 2, 2, 2, 3, 4, 3, 2, 4, 4, 4, 4, 1, 1, 2, 3]|[0, 2, 0, 0, 3, 0, 1, 3, 0, 0, 2, 0, 1, 0, 1, 0, 0, 0, 1, 0, 0, 2, 0, 0, 1, 0, 0, 3, 0, 1, 0, 2, 0, 0, 3, 0, 1, 1, 0, 0, 0, 0, 1, 3, 0, 0, 1, 0, 2, 0, 0, 0, 0, 0, 1, 0, 1, 0, 1, 1, 0, 2, 0, 0, 0, 0, 0, 0, 0, 2, 0, 0, 1, 0, 0, 1, 0, 0, 3, 0, 0, 1, 2, 0, 0, 0, 0, 0, 3, 1, 0, 0, 2, 1, 3, 1, 0, 0, 0, 0],908.8272556494078,49235.066718390466,107289.32240407266,false
36,G3_TWC,G3_TWC,[31, 22, 82, 15, 26, 58, 95, 42, 77, 12, 47, 5, 93, 78, 98, 54, 85, 63, 18, 44, 20, 35, 43, 97, 91, 76, 10, 30, 21, 45, 71, 64, 1, 23, 17, 83, 24, 14, 60, 36, 6, 57, 94, 88, 65, 56, 79, 40, 67, 68, 46, 75, 39, 9, 19, 32, 81, 96, 27, 62, 87, 90, 99, 59, 11, 16, 72, 73, 70, 38, 37, 84, 3, 92, 25, 55, 28, 29, 51, 7, 33, 61, 86, 48, 89, 50, 69, 41, 53, 80, 4, 8, 34, 49, 52, 0, 13, 2, 66, 74]|[1, 1, 0, 1, 1, 1, 2, 1, 2, 1, 2, 2, 2, 1, 1, 0, 0, 1, 0, 2, 2, 0, 1, 2, 0, 1, 2, 2, 0, 0, 1, 2, 1, 2, 1, 0, 2, 0, 1, 1, 0, 1, 1, 1, 0, 2, 1, 1, 0, 0, 0, 0, 1, 1, 2, 1, 2, 0, 0, 0, 2, 1, 0, 1, 2, 1, 2, 1, 1, 1, 1, 1, 2, 0, 1, 1, 0, 0, 0, 1, 2, 1, 0, 0, 1, 0, 1, 0, 0, 0, 0, 1, 2, 0, 1, 0, 0, 0, 2, 2]|[4, 3, 2, 2, 0, 0, 2, 2, 2, 4, 1, 1, 2, 4, 4, 1, 1, 4, 2, 1, 1, 1, 1, 2, 1, 2, 1, 1, 1, 1, 3, 2, 3, 0, 4, 0, 1, 1, 0, 3, 2, 2, 4, 0, 1, 1, 0, 2, 0, 1, 2, 2, 1, 4, 0, 3, 2, 1, 1, 2, 1, 3, 1, 1, 1, 3, 0, 4, 3, 1, 4, 1, 1, 2, 4, 4, 2, 1, 1, 3, 1, 3, 1, 1, 1, 1, 3, 1, 2, 1, 2, 3, 1, 1, 1, 2, 2, 2, 1, 1]|[0, 2, 1, 1, 3, 3, 0, 1, 0, 0, 0, 0, 1, 0, 1, 0, 0, 3, 1, 0, 0, 0, 3, 1, 0, 2, 0, 0, 0, 1, 0, 0, 0, 0, 3, 0, 1, 0, 0, 2, 1, 1, 2, 0, 0, 0, 0, 1, 1, 0, 0, 0, 1, 3, 0, 0, 1, 0, 0, 1, 0, 2, 0, 1, 0, 2, 1, 0, 0, 1, 1, 3, 0, 1, 3, 3, 1, 0, 0, 2, 0, 0, 0, 0, 1, 0, 0, 0, 1, 0, 1, 2, 0, 1, 1, 0, 0, 0, 0, 0],790.0799945868791,57951.42221290124,88960.86369927591,false
36,G1_CMAX,G1_CMAX,[31, 22, 82, 15, 26, 58, 95, 42, 77, 12, 93, 5, 47, 78, 86, 21, 63, 18, 44, 20, 35, 43, 97, 91, 76, 10, 30, 85, 45, 71, 64, 23, 17, 83, 24, 14, 60, 25, 6, 54, 40, 88, 65, 56, 79, 57, 69, 67, 46, 75, 38, 99, 19, 32, 41, 81, 27, 87, 90, 9, 59, 11, 16, 72, 73, 70, 39, 37, 84, 1, 3, 92, 36, 55, 48, 68, 96, 29, 51, 62, 33, 61, 98, 66, 89, 50, 4, 7, 53, 80, 94, 28, 34, 49, 52, 0, 74, 8, 2, 13]|[1, 1, 0, 1, 1, 0, 1, 1, 2, 1, 2, 2, 2, 1, 1, 0, 1, 0, 2, 2, 0, 1, 2, 0, 1, 2, 2, 2, 0, 1, 2, 2, 1, 0, 2, 0, 1, 1, 0, 0, 1, 1, 0, 2, 1, 1, 1, 0, 0, 0, 1, 1, 2, 1, 2, 2, 0, 2, 1, 0, 1, 2, 1, 2, 1, 1, 1, 1, 1, 1, 1, 0, 1, 1, 0, 0, 2, 0, 0, 0, 2, 1, 2, 2, 1, 0, 1, 0, 0, 0, 1, 0, 2, 0, 1, 0, 2, 1, 0, 0]|[0, 3, 2, 2, 4, 1, 2, 3, 2, 4, 2, 1, 1, 4, 4, 1, 4, 2, 1, 1, 1, 1, 2, 1, 2, 1, 1, 2, 1, 3, 2, 0, 4, 0, 1, 1, 0, 3, 2, 1, 2, 0, 1, 1, 0, 2, 4, 0, 2, 2, 1, 4, 0, 3, 2, 1, 1, 1, 3, 1, 1, 1, 3, 0, 4, 3, 1, 4, 1, 3, 1, 0, 4, 2, 1, 1, 1, 1, 1, 2, 1, 3, 1, 1, 1, 1, 4, 0, 2, 1, 3, 2, 1, 1, 1, 2, 1, 4, 2, 2]|[0, 2, 1, 1, 3, 0, 1, 3, 0, 0, 0, 0, 0, 0, 1, 0, 3, 1, 0, 0, 0, 3, 1, 0, 2, 0, 0, 1, 1, 0, 0, 0, 3, 0, 1, 0, 0, 2, 1, 0, 1, 0, 0, 0, 0, 1, 2, 1, 0, 0, 1, 3, 0, 0, 1, 0, 0, 0, 2, 0, 1, 0, 2, 1, 0, 0, 1, 1, 3, 0, 1, 1, 3, 3, 0, 0, 0, 0, 0, 1, 0, 0, 0, 0, 1, 0, 0, 0, 1, 0, 2, 1, 0, 1, 1, 0, 0, 2, 0, 0],717.7746778690674,58051.11429889491,97947.81742761745,false
36,G4_BALANCED,G4_BALANCED,[31, 11, 15, 82, 26, 9, 95, 32, 77, 68, 47, 5, 93, 78, 86, 54, 85, 63, 18, 44, 20, 49, 36, 14, 74, 50, 53, 17, 21, 45, 71, 64, 3, 23, 30, 83, 24, 41, 60, 52, 65, 27, 90, 70, 39, 87, 48, 69, 99, 4, 46, 1, 13, 58, 97, 59, 28, 75, 73, 37, 35, 79, 22, 66, 76, 42, 40, 80, 96, 6, 16, 61, 33, 7, 57, 34, 12, 67, 10, 98, 56, 88, 29, 94, 91, 38, 51, 92, 43, 84, 19, 72, 81, 25, 0, 55, 62, 89, 8, 2]|[2, 1, 1, 2, 1, 2, 1, 1, 1, 1, 1, 0, 2, 2, 1, 2, 0, 0, 0, 2, 2, 1, 0, 2, 0, 2, 2, 1, 0, 1, 1, 1, 0, 0, 1, 0, 2, 1, 2, 2, 0, 0, 1, 1, 0, 2, 0, 2, 1, 0, 0, 2, 0, 0, 2, 0, 1, 0, 0, 0, 2, 1, 0, 2, 2, 0, 2, 2, 0, 1, 2, 1, 1, 2, 0, 1, 1, 1, 1, 2, 2, 1, 1, 2, 1, 0, 1, 0, 1, 0, 1, 1, 1, 1, 0, 0, 1, 1, 1, 2]|[0, 3, 2, 0, 4, 1, 4, 4, 2, 4, 3, 2, 1, 0, 2, 1, 1, 1, 2, 1, 1, 3, 0, 1, 0, 1, 1, 4, 1, 4, 3, 2, 2, 0, 4, 1, 1, 4, 0, 1, 2, 1, 4, 4, 1, 1, 0, 2, 3, 1, 2, 1, 2, 1, 1, 2, 4, 2, 0, 2, 2, 3, 1, 0, 1, 2, 0, 1, 2, 4, 1, 3, 4, 1, 2, 4, 3, 3, 3, 1, 1, 4, 3, 1, 3, 2, 3, 2, 4, 2, 4, 4, 1, 4, 2, 2, 3, 4, 3, 1]|[0, 2, 1, 0, 3, 0, 1, 3, 0, 0, 2, 0, 1, 0, 1, 0, 0, 0, 1, 0, 0, 2, 0, 0, 1, 0, 0, 3, 0, 1, 0, 2, 0, 1, 3, 0, 1, 3, 1, 0, 0, 0, 1, 3, 0, 0, 1, 0, 2, 0, 0, 0, 0, 0, 1, 0, 1, 0, 1, 1, 0, 2, 0, 0, 0, 0, 0, 0, 0, 2, 0, 0, 1, 0, 0, 1, 0, 0, 3, 0, 0, 1, 0, 0, 0, 0, 0, 0, 2, 0, 3, 2, 1, 3, 0, 0, 0, 1, 0, 0],838.0858887121581,52145.01293281826,108083.60693758915,false
36,G2_TEC,G2_TEC,[31, 22, 82, 15, 26, 9, 95, 42, 77, 68, 47, 5, 93, 78, 86, 54, 85, 63, 18, 44, 20, 49, 36, 14, 74, 50, 53, 17, 21, 28, 11, 64, 3, 23, 30, 83, 24, 41, 40, 52, 65, 27, 90, 70, 39, 87, 48, 69, 99, 4, 75, 1, 13, 58, 97, 59, 45, 8, 73, 37, 35, 79, 71, 66, 76, 32, 60, 80, 56, 6, 67, 61, 33, 7, 57, 34, 12, 16, 10, 98, 96, 88, 43, 46, 91, 38, 84, 92, 29, 19, 51, 55, 81, 89, 25, 72, 94, 2, 0, 62]|[2, 1, 2, 1, 1, 2, 1, 1, 1, 1, 1, 0, 2, 2, 1, 2, 0, 0, 0, 2, 2, 1, 0, 2, 0, 2, 2, 1, 0, 1, 1, 1, 0, 0, 1, 0, 2, 1, 2, 2, 0, 0, 1, 1, 0, 2, 0, 2, 1, 0, 0, 2, 0, 0, 2, 0, 1, 1, 0, 0, 2, 1, 1, 2, 2, 0, 2, 2, 2, 1, 2, 1, 1, 2, 0, 1, 1, 2, 1, 2, 0, 1, 1, 0, 1, 0, 0, 0, 1, 1, 1, 0, 1, 1, 1, 1, 2, 2, 0, 1]|[0, 3, 0, 3, 4, 1, 4, 4, 2, 4, 3, 2, 1, 0, 2, 1, 1, 1, 2, 1, 1, 3, 0, 1, 0, 1, 1, 4, 1, 4, 3, 2, 2, 0, 4, 1, 1, 4, 1, 1, 2, 1, 4, 4, 1, 1, 0, 2, 3, 2, 2, 1, 2, 1, 1, 2, 4, 3, 0, 2, 2, 3, 3, 1, 1, 2, 1, 1, 1, 4, 1, 3, 4, 1, 2, 4, 3, 1, 3, 1, 2, 4, 4, 2, 3, 2, 2, 2, 3, 4, 3, 2, 4, 4, 4, 4, 1, 1, 2, 3]|[0, 2, 0, 0, 3, 0, 1, 3, 0, 0, 2, 0, 1, 0, 1, 0, 0, 0, 1, 0, 0, 2, 0, 0, 1, 0, 0, 3, 0, 1, 0, 2, 0, 0, 3, 0, 1, 1, 0, 0, 0, 0, 1, 3, 0, 0, 1, 0, 2, 0, 0, 0, 0, 0, 1, 0, 1, 0, 1, 1, 0, 2, 0, 0, 0, 0, 0, 0, 0, 2, 0, 0, 1, 0, 0, 1, 0, 0, 3, 0, 0, 1, 2, 0, 0, 0, 0, 0, 3, 1, 0, 0, 2, 1, 3, 1, 0, 0, 0, 0],908.8272556494078,49235.066718390466,107289.32240407266,false
36,G3_TWC,G3_TWC,[31, 22, 82, 15, 26, 58, 95, 42, 77, 12, 47, 5, 93, 78, 98, 54, 85, 63, 18, 44, 20, 35, 43, 97, 91, 76, 10, 30, 21, 45, 71, 64, 1, 23, 17, 83, 24, 14, 60, 36, 6, 57, 94, 88, 65, 56, 79, 40, 67, 68, 46, 75, 39, 9, 19, 32, 81, 96, 27, 62, 87, 90, 99, 59, 11, 16, 72, 73, 70, 38, 37, 84, 3, 92, 25, 55, 28, 29, 51, 7, 33, 61, 86, 48, 89, 50, 69, 41, 53, 80, 4, 8, 34, 49, 52, 0, 13, 2, 66, 74]|[1, 1, 0, 1, 1, 1, 2, 1, 2, 1, 2, 2, 2, 1, 1, 0, 0, 1, 0, 2, 2, 0, 1, 2, 0, 1, 2, 2, 0, 0, 1, 2, 1, 2, 1, 0, 2, 0, 1, 1, 0, 1, 1, 1, 0, 2, 1, 1, 0, 0, 0, 0, 1, 1, 2, 1, 2, 0, 0, 0, 2, 1, 0, 1, 2, 1, 2, 1, 1, 1, 1, 1, 2, 0, 1, 1, 0, 0, 0, 1, 2, 1, 0, 0, 1, 0, 1, 0, 0, 0, 0, 1, 2, 0, 1, 0, 0, 0, 2, 2]|[4, 3, 2, 2, 0, 0, 2, 2, 2, 4, 1, 1, 2, 4, 4, 1, 1, 4, 2, 1, 1, 1, 1, 2, 1, 2, 1, 1, 1, 1, 3, 2, 3, 0, 4, 0, 1, 1, 0, 3, 2, 2, 4, 0, 1, 1, 0, 2, 0, 1, 2, 2, 1, 4, 0, 3, 2, 1, 1, 2, 1, 3, 1, 1, 1, 3, 0, 4, 3, 1, 4, 1, 1, 2, 4, 4, 2, 1, 1, 3, 1, 3, 1, 1, 1, 1, 3, 1, 2, 1, 2, 3, 1, 1, 1, 2, 2, 2, 1, 1]|[0, 2, 1, 1, 3, 3, 0, 1, 0, 0, 0, 0, 1, 0, 1, 0, 0, 3, 1, 0, 0, 0, 3, 1, 0, 2, 0, 0, 0, 1, 0, 0, 0, 0, 3, 0, 1, 0, 0, 2, 1, 1, 2, 0, 0, 0, 0, 1, 1, 0, 0, 0, 1, 3, 0, 0, 1, 0, 0, 1, 0, 2, 0, 1, 0, 2, 1, 0, 0, 1, 1, 3, 0, 1, 3, 3, 1, 0, 0, 2, 0, 0, 0, 0, 1, 0, 0, 0, 1, 0, 1, 2, 0, 1, 1, 0, 0, 0, 0, 0],790.0799945868791,57951.42221290124,88960.86369927591,false
36,G1_CMAX,G1_CMAX,[31, 22, 82, 15, 26, 58, 95, 42, 77, 12, 93, 5, 47, 78, 86, 21, 63, 18, 44, 20, 35, 43, 97, 91, 76, 10, 30, 85, 45, 71, 64, 23, 17, 83, 24, 14, 60, 25, 6, 54, 40, 88, 65, 56, 79, 57, 69, 67, 46, 75, 38, 99, 19, 32, 41, 81, 27, 87, 90, 9, 59, 11, 16, 72, 73, 70, 39, 37, 84, 1, 3, 92, 36, 55, 48, 68, 96, 29, 51, 62, 33, 61, 98, 66, 89, 50, 4, 7, 53, 80, 94, 28, 34, 49, 52, 0, 74, 8, 2, 13]|[1, 1, 0, 1, 1, 0, 1, 1, 2, 1, 2, 2, 2, 1, 1, 0, 1, 0, 2, 2, 0, 1, 2, 0, 1, 2, 2, 2, 0, 1, 2, 2, 1, 0, 2, 0, 1, 1, 0, 0, 1, 1, 0, 2, 1, 1, 1, 0, 0, 0, 1, 1, 2, 1, 2, 2, 0, 2, 1, 0, 1, 2, 1, 2, 1, 1, 1, 1, 1, 1, 1, 0, 1, 1, 0, 0, 2, 0, 0, 0, 2, 1, 2, 2, 1, 0, 1, 0, 0, 0, 1, 0, 2, 0, 1, 0, 2, 1, 0, 0]|[0, 3, 2, 2, 4, 1, 2, 3, 2, 4, 2, 1, 1, 4, 4, 1, 4, 2, 1, 1, 1, 1, 2, 1, 2, 1, 1, 2, 1, 3, 2, 0, 4, 0, 1, 1, 0, 3, 2, 1, 2, 0, 1, 1, 0, 2, 4, 0, 2, 2, 1, 4, 0, 3, 2, 1, 1, 1, 3, 1, 1, 1, 3, 0, 4, 3, 1, 4, 1, 3, 1, 0, 4, 2, 1, 1, 1, 1, 1, 2, 1, 3, 1, 1, 1, 1, 4, 0, 2, 1, 3, 2, 1, 1, 1, 2, 1, 4, 2, 2]|[0, 2, 1, 1, 3, 0, 1, 3, 0, 0, 0, 0, 0, 0, 1, 0, 3, 1, 0, 0, 0, 3, 1, 0, 2, 0, 0, 1, 1, 0, 0, 0, 3, 0, 1, 0, 0, 2, 1, 0, 1, 0, 0, 0, 0, 1, 2, 1, 0, 0, 1, 3, 0, 0, 1, 0, 0, 0, 2, 0, 1, 0, 2, 1, 0, 0, 1, 1, 3, 0, 1, 1, 3, 3, 0, 0, 0, 0, 0, 1, 0, 0, 0, 0, 1, 0, 0, 0, 1, 0, 2, 1, 0, 1, 1, 0, 0, 2, 0, 0],717.7746778690674,58051.11429889491,97947.81742761745,false
36,G4_BALANCED,G4_BALANCED,[31, 11, 15, 82, 26, 9, 95, 32, 77, 68, 47, 5, 93, 78, 86, 54, 85, 63, 18, 44, 20, 49, 36, 14, 74, 50, 53, 17, 21, 45, 71, 64, 3, 23, 30, 83, 24, 41, 60, 52, 65, 27, 90, 70, 39, 87, 48, 69, 99, 4, 46, 1, 13, 58, 97, 59, 28, 75, 73, 37, 35, 79, 22, 66, 76, 42, 40, 80, 96, 6, 16, 61, 33, 7, 57, 34, 12, 67, 10, 98, 56, 88, 29, 94, 91, 38, 51, 92, 43, 84, 19, 72, 81, 25, 0, 55, 62, 89, 8, 2]|[2, 1, 1, 2, 1, 2, 1, 1, 1, 1, 1, 0, 2, 2, 1, 2, 0, 0, 0, 2, 2, 1, 0, 2, 0, 2, 2, 1, 0, 1, 1, 1, 0, 0, 1, 0, 2, 1, 2, 2, 0, 0, 1, 1, 0, 2, 0, 2, 1, 0, 0, 2, 0, 0, 2, 0, 1, 0, 0, 0, 2, 1, 0, 2, 2, 0, 2, 2, 0, 1, 2, 1, 1, 2, 0, 1, 1, 1, 1, 2, 2, 1, 1, 2, 1, 0, 1, 0, 1, 0, 1, 1, 1, 1, 0, 0, 1, 1, 1, 2]|[0, 3, 2, 0, 4, 1, 4, 4, 2, 4, 3, 2, 1, 0, 2, 1, 1, 1, 2, 1, 1, 3, 0, 1, 0, 1, 1, 4, 1, 4, 3, 2, 2, 0, 4, 1, 1, 4, 0, 1, 2, 1, 4, 4, 1, 1, 0, 2, 3, 1, 2, 1, 2, 1, 1, 2, 4, 2, 0, 2, 2, 3, 1, 0, 1, 2, 0, 1, 2, 4, 1, 3, 4, 1, 2, 4, 3, 3, 3, 1, 1, 4, 3, 1, 3, 2, 3, 2, 4, 2, 4, 4, 1, 4, 2, 2, 3, 4, 3, 1]|[0, 2, 1, 0, 3, 0, 1, 3, 0, 0, 2, 0, 1, 0, 1, 0, 0, 0, 1, 0, 0, 2, 0, 0, 1, 0, 0, 3, 0, 1, 0, 2, 0, 1, 3, 0, 1, 3, 1, 0, 0, 0, 1, 3, 0, 0, 1, 0, 2, 0, 0, 0, 0, 0, 1, 0, 1, 0, 1, 1, 0, 2, 0, 0, 0, 0, 0, 0, 0, 2, 0, 0, 1, 0, 0, 1, 0, 0, 3, 0, 0, 1, 0, 0, 0, 0, 0, 0, 2, 0, 3, 2, 1, 3, 0, 0, 0, 1, 0, 0],838.0858887121581,52145.01293281826,108083.60693758915,false
36,G2_TEC,G2_TEC,[31, 22, 82, 15, 26, 9, 95, 42, 77, 68, 47, 5, 93, 78, 86, 54, 85, 63, 18, 44, 20, 49, 36, 14, 74, 50, 53, 17, 21, 28, 11, 64, 3, 23, 30, 83, 24, 41, 40, 52, 65, 27, 90, 70, 39, 87, 48, 69, 99, 4, 75, 1, 13, 58, 97, 59, 45, 8, 73, 37, 35, 79, 71, 66, 76, 32, 60, 80, 56, 6, 67, 61, 33, 7, 57, 34, 12, 16, 10, 98, 96, 88, 43, 46, 91, 38, 84, 92, 29, 19, 51, 55, 81, 89, 25, 72, 94, 2, 0, 62]|[2, 1, 2, 1, 1, 2, 1, 1, 1, 1, 1, 0, 2, 2, 1, 2, 0, 0, 0, 2, 2, 1, 0, 2, 0, 2, 2, 1, 0, 1, 1, 1, 0, 0, 1, 0, 2, 1, 2, 2, 0, 0, 1, 1, 0, 2, 0, 2, 1, 0, 0, 2, 0, 0, 2, 0, 1, 1, 0, 0, 2, 1, 1, 2, 2, 0, 2, 2, 2, 1, 2, 1, 1, 2, 0, 1, 1, 2, 1, 2, 0, 1, 1, 0, 1, 0, 0, 0, 1, 1, 1, 0, 1, 1, 1, 1, 2, 2, 0, 1]|[0, 3, 0, 3, 4, 1, 4, 4, 2, 4, 3, 2, 1, 0, 2, 1, 1, 1, 2, 1, 1, 3, 0, 1, 0, 1, 1, 4, 1, 4, 3, 2, 2, 0, 4, 1, 1, 4, 1, 1, 2, 1, 4, 4, 1, 1, 0, 2, 3, 2, 2, 1, 2, 1, 1, 2, 4, 3, 0, 2, 2, 3, 3, 1, 1, 2, 1, 1, 1, 4, 1, 3, 4, 1, 2, 4, 3, 1, 3, 1, 2, 4, 4, 2, 3, 2, 2, 2, 3, 4, 3, 2, 4, 4, 4, 4, 1, 1, 2, 3]|[0, 2, 0, 0, 3, 0, 1, 3, 0, 0, 2, 0, 1, 0, 1, 0, 0, 0, 1, 0, 0, 2, 0, 0, 1, 0, 0, 3, 0, 1, 0, 2, 0, 0, 3, 0, 1, 1, 0, 0, 0, 0, 1, 3, 0, 0, 1, 0, 2, 0, 0, 0, 0, 0, 1, 0, 1, 0, 1, 1, 0, 2, 0, 0, 0, 0, 0, 0, 0, 2, 0, 0, 1, 0, 0, 1, 0, 0, 3, 0, 0, 1, 2, 0, 0, 0, 0, 0, 3, 1, 0, 0, 2, 1, 3, 1, 0, 0, 0, 0],908.8272556494078,49235.066718390466,107289.32240407266,false
36,G3_TWC,G3_TWC,[31, 22, 82, 15, 26, 58, 95, 42, 77, 12, 47, 5, 93, 78, 98, 54, 85, 63, 18, 44, 20, 35, 43, 97, 91, 76, 10, 30, 21, 45, 71, 64, 1, 23, 17, 83, 24, 14, 60, 36, 6, 57, 94, 88, 65, 56, 79, 40, 67, 68, 46, 75, 39, 9, 19, 32, 81, 96, 27, 62, 87, 90, 99, 59, 11, 16, 72, 73, 70, 38, 37, 84, 3, 92, 25, 55, 28, 29, 51, 7, 33, 61, 86, 48, 89, 50, 69, 41, 53, 80, 4, 8, 34, 49, 52, 0, 13, 2, 66, 74]|[1, 1, 0, 1, 1, 1, 2, 1, 2, 1, 2, 2, 2, 1, 1, 0, 0, 1, 0, 2, 2, 0, 1, 2, 0, 1, 2, 2, 0, 0, 1, 2, 1, 2, 1, 0, 2, 0, 1, 1, 0, 1, 1, 1, 0, 2, 1, 1, 0, 0, 0, 0, 1, 1, 2, 1, 2, 0, 0, 0, 2, 1, 0, 1, 2, 1, 2, 1, 1, 1, 1, 1, 2, 0, 1, 1, 0, 0, 0, 1, 2, 1, 0, 0, 1, 0, 1, 0, 0, 0, 0, 1, 2, 0, 1, 0, 0, 0, 2, 2]|[4, 3, 2, 2, 0, 0, 2, 2, 2, 4, 1, 1, 2, 4, 4, 1, 1, 4, 2, 1, 1, 1, 1, 2, 1, 2, 1, 1, 1, 1, 3, 2, 3, 0, 4, 0, 1, 1, 0, 3, 2, 2, 4, 0, 1, 1, 0, 2, 0, 1, 2, 2, 1, 4, 0, 3, 2, 1, 1, 2, 1, 3, 1, 1, 1, 3, 0, 4, 3, 1, 4, 1, 1, 2, 4, 4, 2, 1, 1, 3, 1, 3, 1, 1, 1, 1, 3, 1, 2, 1, 2, 3, 1, 1, 1, 2, 2, 2, 1, 1]|[0, 2, 1, 1, 3, 3, 0, 1, 0, 0, 0, 0, 1, 0, 1, 0, 0, 3, 1, 0, 0, 0, 3, 1, 0, 2, 0, 0, 0, 1, 0, 0, 0, 0, 3, 0, 1, 0, 0, 2, 1, 1, 2, 0, 0, 0, 0, 1, 1, 0, 0, 0, 1, 3, 0, 0, 1, 0, 0, 1, 0, 2, 0, 1, 0, 2, 1, 0, 0, 1, 1, 3, 0, 1, 3, 3, 1, 0, 0, 2, 0, 0, 0, 0, 1, 0, 0, 0, 1, 0, 1, 2, 0, 1, 1, 0, 0, 0, 0, 0],790.0799945868791,57951.42221290124,88960.86369927591,false
36,G1_CMAX,G1_CMAX,[31, 22, 82, 15, 26, 58, 95, 42, 77, 12, 93, 5, 47, 78, 86, 21, 63, 18, 44, 20, 35, 43, 97, 91, 76, 10, 30, 85, 45, 71, 64, 23, 17, 83, 24, 14, 60, 25, 6, 54, 40, 88, 65, 56, 79, 57, 69, 67, 46, 75, 38, 99, 19, 32, 41, 81, 27, 87, 90, 9, 59, 11, 16, 72, 73, 70, 39, 37, 84, 1, 3, 92, 36, 55, 48, 68, 96, 29, 51, 62, 33, 61, 98, 66, 89, 50, 4, 7, 53, 80, 94, 28, 34, 49, 52, 0, 74, 8, 2, 13]|[1, 1, 0, 1, 1, 0, 1, 1, 2, 1, 2, 2, 2, 1, 1, 0, 1, 0, 2, 2, 0, 1, 2, 0, 1, 2, 2, 2, 0, 1, 2, 2, 1, 0, 2, 0, 1, 1, 0, 0, 1, 1, 0, 2, 1, 1, 1, 0, 0, 0, 1, 1, 2, 1, 2, 2, 0, 2, 1, 0, 1, 2, 1, 2, 1, 1, 1, 1, 1, 1, 1, 0, 1, 1, 0, 0, 2, 0, 0, 0, 2, 1, 2, 2, 1, 0, 1, 0, 0, 0, 1, 0, 2, 0, 1, 0, 2, 1, 0, 0]|[0, 3, 2, 2, 4, 1, 2, 3, 2, 4, 2, 1, 1, 4, 4, 1, 4, 2, 1, 1, 1, 1, 2, 1, 2, 1, 1, 2, 1, 3, 2, 0, 4, 0, 1, 1, 0, 3, 2, 1, 2, 0, 1, 1, 0, 2, 4, 0, 2, 2, 1, 4, 0, 3, 2, 1, 1, 1, 3, 1, 1, 1, 3, 0, 4, 3, 1, 4, 1, 3, 1, 0, 4, 2, 1, 1, 1, 1, 1, 2, 1, 3, 1, 1, 1, 1, 4, 0, 2, 1, 3, 2, 1, 1, 1, 2, 1, 4, 2, 2]|[0, 2, 1, 1, 3, 0, 1, 3, 0, 0, 0, 0, 0, 0, 1, 0, 3, 1, 0, 0, 0, 3, 1, 0, 2, 0, 0, 1, 1, 0, 0, 0, 3, 0, 1, 0, 0, 2, 1, 0, 1, 0, 0, 0, 0, 1, 2, 1, 0, 0, 1, 3, 0, 0, 1, 0, 0, 0, 2, 0, 1, 0, 2, 1, 0, 0, 1, 1, 3, 0, 1, 1, 3, 3, 0, 0, 0, 0, 0, 1, 0, 0, 0, 0, 1, 0, 0, 0, 1, 0, 2, 1, 0, 1, 1, 0, 0, 2, 0, 0],717.7746778690674,58051.11429889491,97947.81742761745,false
36,G4_BALANCED,G4_BALANCED,[31, 11, 15, 82, 26, 9, 95, 32, 77, 68, 47, 5, 93, 78, 86, 54, 85, 63, 18, 44, 20, 49, 36, 14, 74, 50, 53, 17, 21, 45, 71, 64, 3, 23, 30, 83, 24, 41, 60, 52, 65, 27, 90, 70, 39, 87, 48, 69, 99, 4, 46, 1, 13, 58, 97, 59, 28, 75, 73, 37, 35, 79, 22, 66, 76, 42, 40, 80, 96, 6, 16, 61, 33, 7, 57, 34, 12, 67, 10, 98, 56, 88, 29, 94, 91, 38, 51, 92, 43, 84, 19, 72, 81, 25, 0, 55, 62, 89, 8, 2]|[2, 1, 1, 2, 1, 2, 1, 1, 1, 1, 1, 0, 2, 2, 1, 2, 0, 0, 0, 2, 2, 1, 0, 2, 0, 2, 2, 1, 0, 1, 1, 1, 0, 0, 1, 0, 2, 1, 2, 2, 0, 0, 1, 1, 0, 2, 0, 2, 1, 0, 0, 2, 0, 0, 2, 0, 1, 0, 0, 0, 2, 1, 0, 2, 2, 0, 2, 2, 0, 1, 2, 1, 1, 2, 0, 1, 1, 1, 1, 2, 2, 1, 1, 2, 1, 0, 1, 0, 1, 0, 1, 1, 1, 1, 0, 0, 1, 1, 1, 2]|[0, 3, 2, 0, 4, 1, 4, 4, 2, 4, 3, 2, 1, 0, 2, 1, 1, 1, 2, 1, 1, 3, 0, 1, 0, 1, 1, 4, 1, 4, 3, 2, 2, 0, 4, 1, 1, 4, 0, 1, 2, 1, 4, 4, 1, 1, 0, 2, 3, 1, 2, 1, 2, 1, 1, 2, 4, 2, 0, 2, 2, 3, 1, 0, 1, 2, 0, 1, 2, 4, 1, 3, 4, 1, 2, 4, 3, 3, 3, 1, 1, 4, 3, 1, 3, 2, 3, 2, 4, 2, 4, 4, 1, 4, 2, 2, 3, 4, 3, 1]|[0, 2, 1, 0, 3, 0, 1, 3, 0, 0, 2, 0, 1, 0, 1, 0, 0, 0, 1, 0, 0, 2, 0, 0, 1, 0, 0, 3, 0, 1, 0, 2, 0, 1, 3, 0, 1, 3, 1, 0, 0, 0, 1, 3, 0, 0, 1, 0, 2, 0, 0, 0, 0, 0, 1, 0, 1, 0, 1, 1, 0, 2, 0, 0, 0, 0, 0, 0, 0, 2, 0, 0, 1, 0, 0, 1, 0, 0, 3, 0, 0, 1, 0, 0, 0, 0, 0, 0, 2, 0, 3, 2, 1, 3, 0, 0, 0, 1, 0, 0],838.0858887121581,52145.01293281826,108083.60693758915,false
36,G2_TEC,G2_TEC,[31, 22, 82, 15, 26, 9, 95, 42, 77, 68, 47, 5, 93, 78, 86, 54, 85, 63, 18, 44, 20, 49, 36, 14, 74, 50, 53, 17, 21, 28, 11, 64, 3, 23, 30, 83, 24, 41, 40, 52, 65, 27, 90, 70, 39, 87, 48, 69, 99, 4, 75, 1, 13, 58, 97, 59, 45, 8, 73, 37, 35, 79, 71, 66, 76, 32, 60, 80, 56, 6, 67, 61, 33, 7, 57, 34, 12, 16, 10, 98, 96, 88, 43, 46, 91, 38, 84, 92, 29, 19, 51, 55, 81, 89, 25, 72, 94, 2, 0, 62]|[2, 1, 2, 1, 1, 2, 1, 1, 1, 1, 1, 0, 2, 2, 1, 2, 0, 0, 0, 2, 2, 1, 0, 2, 0, 2, 2, 1, 0, 1, 1, 1, 0, 0, 1, 0, 2, 1, 2, 2, 0, 0, 1, 1, 0, 2, 0, 2, 1, 0, 0, 2, 0, 0, 2, 0, 1, 1, 0, 0, 2, 1, 1, 2, 2, 0, 2, 2, 2, 1, 2, 1, 1, 2, 0, 1, 1, 2, 1, 2, 0, 1, 1, 0, 1, 0, 0, 0, 1, 1, 1, 0, 1, 1, 1, 1, 2, 2, 0, 1]|[0, 3, 0, 3, 4, 1, 4, 4, 2, 4, 3, 2, 1, 0, 2, 1, 1, 1, 2, 1, 1, 3, 0, 1, 0, 1, 1, 4, 1, 4, 3, 2, 2, 0, 4, 1, 1, 4, 1, 1, 2, 1, 4, 4, 1, 1, 0, 2, 3, 2, 2, 1, 2, 1, 1, 2, 4, 3, 0, 2, 2, 3, 3, 1, 1, 2, 1, 1, 1, 4, 1, 3, 4, 1, 2, 4, 3, 1, 3, 1, 2, 4, 4, 2, 3, 2, 2, 2, 3, 4, 3, 2, 4, 4, 4, 4, 1, 1, 2, 3]|[0, 2, 0, 0, 3, 0, 1, 3, 0, 0, 2, 0, 1, 0, 1, 0, 0, 0, 1, 0, 0, 2, 0, 0, 1, 0, 0, 3, 0, 1, 0, 2, 0, 0, 3, 0, 1, 1, 0, 0, 0, 0, 1, 3, 0, 0, 1, 0, 2, 0, 0, 0, 0, 0, 1, 0, 1, 0, 1, 1, 0, 2, 0, 0, 0, 0, 0, 0, 0, 2, 0, 0, 1, 0, 0, 1, 0, 0, 3, 0, 0, 1, 2, 0, 0, 0, 0, 0, 3, 1, 0, 0, 2, 1, 3, 1, 0, 0, 0, 0],908.8272556494078,49235.066718390466,107289.32240407266,false
36,G3_TWC,G3_TWC,[31, 22, 82, 15, 26, 58, 95, 42, 77, 12, 47, 5, 93, 78, 98, 54, 85, 63, 18, 44, 20, 35, 43, 97, 91, 76, 10, 30, 21, 45, 71, 64, 1, 23, 17, 83, 24, 14, 60, 36, 6, 57, 94, 88, 65, 56, 79, 40, 67, 68, 46, 75, 39, 9, 19, 32, 81, 96, 27, 62, 87, 90, 99, 59, 11, 16, 72, 73, 70, 38, 37, 84, 3, 92, 25, 55, 28, 29, 51, 7, 33, 61, 86, 48, 89, 50, 69, 41, 53, 80, 4, 8, 34, 49, 52, 0, 13, 2, 66, 74]|[1, 1, 0, 1, 1, 1, 2, 1, 2, 1, 2, 2, 2, 1, 1, 0, 0, 1, 0, 2, 2, 0, 1, 2, 0, 1, 2, 2, 0, 0, 1, 2, 1, 2, 1, 0, 2, 0, 1, 1, 0, 1, 1, 1, 0, 2, 1, 1, 0, 0, 0, 0, 1, 1, 2, 1, 2, 0, 0, 0, 2, 1, 0, 1, 2, 1, 2, 1, 1, 1, 1, 1, 2, 0, 1, 1, 0, 0, 0, 1, 2, 1, 0, 0, 1, 0, 1, 0, 0, 0, 0, 1, 2, 0, 1, 0, 0, 0, 2, 2]|[4, 3, 2, 2, 0, 0, 2, 2, 2, 4, 1, 1, 2, 4, 4, 1, 1, 4, 2, 1, 1, 1, 1, 2, 1, 2, 1, 1, 1, 1, 3, 2, 3, 0, 4, 0, 1, 1, 0, 3, 2, 2, 4, 0, 1, 1, 0, 2, 0, 1, 2, 2, 1, 4, 0, 3, 2, 1, 1, 2, 1, 3, 1, 1, 1, 3, 0, 4, 3, 1, 4, 1, 1, 2, 4, 4, 2, 1, 1, 3, 1, 3, 1, 1, 1, 1, 3, 1, 2, 1, 2, 3, 1, 1, 1, 2, 2, 2, 1, 1]|[0, 2, 1, 1, 3, 3, 0, 1, 0, 0, 0, 0, 1, 0, 1, 0, 0, 3, 1, 0, 0, 0, 3, 1, 0, 2, 0, 0, 0, 1, 0, 0, 0, 0, 3, 0, 1, 0, 0, 2, 1, 1, 2, 0, 0, 0, 0, 1, 1, 0, 0, 0, 1, 3, 0, 0, 1, 0, 0, 1, 0, 2, 0, 1, 0, 2, 1, 0, 0, 1, 1, 3, 0, 1, 3, 3, 1, 0, 0, 2, 0, 0, 0, 0, 1, 0, 0, 0, 1, 0, 1, 2, 0, 1, 1, 0, 0, 0, 0, 0],790.0799945868791,57951.42221290124,88960.86369927591,false
36,G1_CMAX,G1_CMAX,[31, 22, 82, 15, 26, 58, 95, 42, 77, 12, 93, 5, 47, 78, 86, 21, 63, 18, 44, 20, 35, 43, 97, 91, 76, 10, 30, 85, 45, 71, 64, 23, 17, 83, 24, 14, 60, 25, 6, 54, 40, 88, 65, 56, 79, 57, 69, 67, 46, 75, 38, 99, 19, 32, 41, 81, 27, 87, 90, 9, 59, 11, 16, 72, 73, 70, 39, 37, 84, 1, 3, 92, 36, 55, 48, 68, 96, 29, 51, 62, 33, 61, 98, 66, 89, 50, 4, 7, 53, 80, 94, 28, 34, 49, 52, 0, 74, 8, 2, 13]|[1, 1, 0, 1, 1, 0, 1, 1, 2, 1, 2, 2, 2, 1, 1, 0, 1, 0, 2, 2, 0, 1, 2, 0, 1, 2, 2, 2, 0, 1, 2, 2, 1, 0, 2, 0, 1, 1, 0, 0, 1, 1, 0, 2, 1, 1, 1, 0, 0, 0, 1, 1, 2, 1, 2, 2, 0, 2, 1, 0, 1, 2, 1, 2, 1, 1, 1, 1, 1, 1, 1, 0, 1, 1, 0, 0, 2, 0, 0, 0, 2, 1, 2, 2, 1, 0, 1, 0, 0, 0, 1, 0, 2, 0, 1, 0, 2, 1, 0, 0]|[0, 3, 2, 2, 4, 1, 2, 3, 2, 4, 2, 1, 1, 4, 4, 1, 4, 2, 1, 1, 1, 1, 2, 1, 2, 1, 1, 2, 1, 3, 2, 0, 4, 0, 1, 1, 0, 3, 2, 1, 2, 0, 1, 1, 0, 2, 4, 0, 2, 2, 1, 4, 0, 3, 2, 1, 1, 1, 3, 1, 1, 1, 3, 0, 4, 3, 1, 4, 1, 3, 1, 0, 4, 2, 1, 1, 1, 1, 1, 2, 1, 3, 1, 1, 1, 1, 4, 0, 2, 1, 3, 2, 1, 1, 1, 2, 1, 4, 2, 2]|[0, 2, 1, 1, 3, 0, 1, 3, 0, 0, 0, 0, 0, 0, 1, 0, 3, 1, 0, 0, 0, 3, 1, 0, 2, 0, 0, 1, 1, 0, 0, 0, 3, 0, 1, 0, 0, 2, 1, 0, 1, 0, 0, 0, 0, 1, 2, 1, 0, 0, 1, 3, 0, 0, 1, 0, 0, 0, 2, 0, 1, 0, 2, 1, 0, 0, 1, 1, 3, 0, 1, 1, 3, 3, 0, 0, 0, 0, 0, 1, 0, 0, 0, 0, 1, 0, 0, 0, 1, 0, 2, 1, 0, 1, 1, 0, 0, 2, 0, 0],717.7746778690674,58051.11429889491,97947.81742761745,false
36,G4_BALANCED,G4_BALANCED,[31, 11, 15, 82, 26, 9, 95, 32, 77, 68, 47, 5, 93, 78, 86, 54, 85, 63, 18, 44, 20, 49, 36, 14, 74, 50, 53, 17, 21, 45, 71, 64, 3, 23, 30, 83, 24, 41, 60, 52, 65, 27, 90, 70, 39, 87, 48, 69, 99, 4, 46, 1, 13, 58, 97, 59, 28, 75, 73, 37, 35, 79, 22, 66, 76, 42, 40, 80, 96, 6, 16, 61, 33, 7, 57, 34, 12, 67, 10, 98, 56, 88, 29, 94, 91, 38, 51, 92, 43, 84, 19, 72, 81, 25, 0, 55, 62, 89, 8, 2]|[2, 1, 1, 2, 1, 2, 1, 1, 1, 1, 1, 0, 2, 2, 1, 2, 0, 0, 0, 2, 2, 1, 0, 2, 0, 2, 2, 1, 0, 1, 1, 1, 0, 0, 1, 0, 2, 1, 2, 2, 0, 0, 1, 1, 0, 2, 0, 2, 1, 0, 0, 2, 0, 0, 2, 0, 1, 0, 0, 0, 2, 1, 0, 2, 2, 0, 2, 2, 0, 1, 2, 1, 1, 2, 0, 1, 1, 1, 1, 2, 2, 1, 1, 2, 1, 0, 1, 0, 1, 0, 1, 1, 1, 1, 0, 0, 1, 1, 1, 2]|[0, 3, 2, 0, 4, 1, 4, 4, 2, 4, 3, 2, 1, 0, 2, 1, 1, 1, 2, 1, 1, 3, 0, 1, 0, 1, 1, 4, 1, 4, 3, 2, 2, 0, 4, 1, 1, 4, 0, 1, 2, 1, 4, 4, 1, 1, 0, 2, 3, 1, 2, 1, 2, 1, 1, 2, 4, 2, 0, 2, 2, 3, 1, 0, 1, 2, 0, 1, 2, 4, 1, 3, 4, 1, 2, 4, 3, 3, 3, 1, 1, 4, 3, 1, 3, 2, 3, 2, 4, 2, 4, 4, 1, 4, 2, 2, 3, 4, 3, 1]|[0, 2, 1, 0, 3, 0, 1, 3, 0, 0, 2, 0, 1, 0, 1, 0, 0, 0, 1, 0, 0, 2, 0, 0, 1, 0, 0, 3, 0, 1, 0, 2, 0, 1, 3, 0, 1, 3, 1, 0, 0, 0, 1, 3, 0, 0, 1, 0, 2, 0, 0, 0, 0, 0, 1, 0, 1, 0, 1, 1, 0, 2, 0, 0, 0, 0, 0, 0, 0, 2, 0, 0, 1, 0, 0, 1, 0, 0, 3, 0, 0, 1, 0, 0, 0, 0, 0, 0, 2, 0, 3, 2, 1, 3, 0, 0, 0, 1, 0, 0],838.0858887121581,52145.01293281826,108083.60693758915,false
36,G2_TEC,G2_TEC,[31, 22, 82, 15, 26, 9, 95, 42, 77, 68, 47, 5, 93, 78, 86, 54, 85, 63, 18, 44, 20, 49, 36, 14, 74, 50, 53, 17, 21, 28, 11, 64, 3, 23, 30, 83, 24, 41, 40, 52, 65, 27, 90, 70, 39, 87, 48, 69, 99, 4, 75, 1, 13, 58, 97, 59, 45, 8, 73, 37, 35, 79, 71, 66, 76, 32, 60, 80, 56, 6, 67, 61, 33, 7, 57, 34, 12, 16, 10, 98, 96, 88, 43, 46, 91, 38, 84, 92, 29, 19, 51, 55, 81, 89, 25, 72, 94, 2, 0, 62]|[2, 1, 2, 1, 1, 2, 1, 1, 1, 1, 1, 0, 2, 2, 1, 2, 0, 0, 0, 2, 2, 1, 0, 2, 0, 2, 2, 1, 0, 1, 1, 1, 0, 0, 1, 0, 2, 1, 2, 2, 0, 0, 1, 1, 0, 2, 0, 2, 1, 0, 0, 2, 0, 0, 2, 0, 1, 1, 0, 0, 2, 1, 1, 2, 2, 0, 2, 2, 2, 1, 2, 1, 1, 2, 0, 1, 1, 2, 1, 2, 0, 1, 1, 0, 1, 0, 0, 0, 1, 1, 1, 0, 1, 1, 1, 1, 2, 2, 0, 1]|[0, 3, 0, 3, 4, 1, 4, 4, 2, 4, 3, 2, 1, 0, 2, 1, 1, 1, 2, 1, 1, 3, 0, 1, 0, 1, 1, 4, 1, 4, 3, 2, 2, 0, 4, 1, 1, 4, 1, 1, 2, 1, 4, 4, 1, 1, 0, 2, 3, 2, 2, 1, 2, 1, 1, 2, 4, 3, 0, 2, 2, 3, 3, 1, 1, 2, 1, 1, 1, 4, 1, 3, 4, 1, 2, 4, 3, 1, 3, 1, 2, 4, 4, 2, 3, 2, 2, 2, 3, 4, 3, 2, 4, 4, 4, 4, 1, 1, 2, 3]|[0, 2, 0, 0, 3, 0, 1, 3, 0, 0, 2, 0, 1, 0, 1, 0, 0, 0, 1, 0, 0, 2, 0, 0, 1, 0, 0, 3, 0, 1, 0, 2, 0, 0, 3, 0, 1, 1, 0, 0, 0, 0, 1, 3, 0, 0, 1, 0, 2, 0, 0, 0, 0, 0, 1, 0, 1, 0, 1, 1, 0, 2, 0, 0, 0, 0, 0, 0, 0, 2, 0, 0, 1, 0, 0, 1, 0, 0, 3, 0, 0, 1, 2, 0, 0, 0, 0, 0, 3, 1, 0, 0, 2, 1, 3, 1, 0, 0, 0, 0],908.8272556494078,49235.066718390466,107289.32240407266,false
36,G3_TWC,G3_TWC,[31, 22, 82, 15, 26, 58, 95, 42, 77, 12, 47, 5, 93, 78, 98, 54, 85, 63, 18, 44, 20, 35, 43, 97, 91, 76, 10, 30, 21, 45, 71, 64, 1, 23, 17, 83, 24, 14, 60, 36, 6, 57, 94, 88, 65, 56, 79, 40, 67, 68, 46, 75, 39, 9, 19, 32, 81, 96, 27, 62, 87, 90, 99, 59, 11, 16, 72, 73, 70, 38, 37, 84, 3, 92, 25, 55, 28, 29, 51, 7, 33, 61, 86, 48, 89, 50, 69, 41, 53, 80, 4, 8, 34, 49, 52, 0, 13, 2, 66, 74]|[1, 1, 0, 1, 1, 1, 2, 1, 2, 1, 2, 2, 2, 1, 1, 0, 0, 1, 0, 2, 2, 0, 1, 2, 0, 1, 2, 2, 0, 0, 1, 2, 1, 2, 1, 0, 2, 0, 1, 1, 0, 1, 1, 1, 0, 2, 1, 1, 0, 0, 0, 0, 1, 1, 2, 1, 2, 0, 0, 0, 2, 1, 0, 1, 2, 1, 2, 1, 1, 1, 1, 1, 2, 0, 1, 1, 0, 0, 0, 1, 2, 1, 0, 0, 1, 0, 1, 0, 0, 0, 0, 1, 2, 0, 1, 0, 0, 0, 2, 2]|[4, 3, 2, 2, 0, 0, 2, 2, 2, 4, 1, 1, 2, 4, 4, 1, 1, 4, 2, 1, 1, 1, 1, 2, 1, 2, 1, 1, 1, 1, 3, 2, 3, 0, 4, 0, 1, 1, 0, 3, 2, 2, 4, 0, 1, 1, 0, 2, 0, 1, 2, 2, 1, 4, 0, 3, 2, 1, 1, 2, 1, 3, 1, 1, 1, 3, 0, 4, 3, 1, 4, 1, 1, 2, 4, 4, 2, 1, 1, 3, 1, 3, 1, 1, 1, 1, 3, 1, 2, 1, 2, 3, 1, 1, 1, 2, 2, 2, 1, 1]|[0, 2, 1, 1, 3, 3, 0, 1, 0, 0, 0, 0, 1, 0, 1, 0, 0, 3, 1, 0, 0, 0, 3, 1, 0, 2, 0, 0, 0, 1, 0, 0, 0, 0, 3, 0, 1, 0, 0, 2, 1, 1, 2, 0, 0, 0, 0, 1, 1, 0, 0, 0, 1, 3, 0, 0, 1, 0, 0, 1, 0, 2, 0, 1, 0, 2, 1, 0, 0, 1, 1, 3, 0, 1, 3, 3, 1, 0, 0, 2, 0, 0, 0, 0, 1, 0, 0, 0, 1, 0, 1, 2, 0, 1, 1, 0, 0, 0, 0, 0],790.0799945868791,57951.42221290124,88960.86369927591,false
36,G1_CMAX,G1_CMAX,[31, 22, 82, 15, 26, 58, 95, 42, 77, 12, 93, 5, 47, 78, 86, 21, 63, 18, 44, 20, 35, 43, 97, 91, 76, 10, 30, 85, 45, 71, 64, 23, 17, 83, 24, 14, 60, 25, 6, 54, 40, 88, 65, 56, 79, 57, 69, 67, 46, 75, 38, 99, 19, 32, 41, 81, 27, 87, 90, 9, 59, 11, 16, 72, 73, 70, 39, 37, 84, 1, 3, 92, 36, 55, 48, 68, 96, 29, 51, 62, 33, 61, 98, 66, 89, 50, 4, 7, 53, 80, 94, 28, 34, 49, 52, 0, 74, 8, 2, 13]|[1, 1, 0, 1, 1, 0, 1, 1, 2, 1, 2, 2, 2, 1, 1, 0, 1, 0, 2, 2, 0, 1, 2, 0, 1, 2, 2, 2, 0, 1, 2, 2, 1, 0, 2, 0, 1, 1, 0, 0, 1, 1, 0, 2, 1, 1, 1, 0, 0, 0, 1, 1, 2, 1, 2, 2, 0, 2, 1, 0, 1, 2, 1, 2, 1, 1, 1, 1, 1, 1, 1, 0, 1, 1, 0, 0, 2, 0, 0, 0, 2, 1, 2, 2, 1, 0, 1, 0, 0, 0, 1, 0, 2, 0, 1, 0, 2, 1, 0, 0]|[0, 3, 2, 2, 4, 1, 2, 3, 2, 4, 2, 1, 1, 4, 4, 1, 4, 2, 1, 1, 1, 1, 2, 1, 2, 1, 1, 2, 1, 3, 2, 0, 4, 0, 1, 1, 0, 3, 2, 1, 2, 0, 1, 1, 0, 2, 4, 0, 2, 2, 1, 4, 0, 3, 2, 1, 1, 1, 3, 1, 1, 1, 3, 0, 4, 3, 1, 4, 1, 3, 1, 0, 4, 2, 1, 1, 1, 1, 1, 2, 1, 3, 1, 1, 1, 1, 4, 0, 2, 1, 3, 2, 1, 1, 1, 2, 1, 4, 2, 2]|[0, 2, 1, 1, 3, 0, 1, 3, 0, 0, 0, 0, 0, 0, 1, 0, 3, 1, 0, 0, 0, 3, 1, 0, 2, 0, 0, 1, 1, 0, 0, 0, 3, 0, 1, 0, 0, 2, 1, 0, 1, 0, 0, 0, 0, 1, 2, 1, 0, 0, 1, 3, 0, 0, 1, 0, 0, 0, 2, 0, 1, 0, 2, 1, 0, 0, 1, 1, 3, 0, 1, 1, 3, 3, 0, 0, 0, 0, 0, 1, 0, 0, 0, 0, 1, 0, 0, 0, 1, 0, 2, 1, 0, 1, 1, 0, 0, 2, 0, 0],717.7746778690674,58051.11429889491,97947.81742761745,false
36,G4_BALANCED,G4_BALANCED,[31, 11, 15, 82, 26, 9, 95, 32, 77, 68, 47, 5, 93, 78, 86, 54, 85, 63, 18, 44, 20, 49, 36, 14, 74, 50, 53, 17, 21, 45, 71, 64, 3, 23, 30, 83, 24, 41, 60, 52, 65, 27, 90, 70, 39, 87, 48, 69, 99, 4, 46, 1, 13, 58, 97, 59, 28, 75, 73, 37, 35, 79, 22, 66, 76, 42, 40, 80, 96, 6, 16, 61, 33, 7, 57, 34, 12, 67, 10, 98, 56, 88, 29, 94, 91, 38, 51, 92, 43, 84, 19, 72, 81, 25, 0, 55, 62, 89, 8, 2]|[2, 1, 1, 2, 1, 2, 1, 1, 1, 1, 1, 0, 2, 2, 1, 2, 0, 0, 0, 2, 2, 1, 0, 2, 0, 2, 2, 1, 0, 1, 1, 1, 0, 0, 1, 0, 2, 1, 2, 2, 0, 0, 1, 1, 0, 2, 0, 2, 1, 0, 0, 2, 0, 0, 2, 0, 1, 0, 0, 0, 2, 1, 0, 2, 2, 0, 2, 2, 0, 1, 2, 1, 1, 2, 0, 1, 1, 1, 1, 2, 2, 1, 1, 2, 1, 0, 1, 0, 1, 0, 1, 1, 1, 1, 0, 0, 1, 1, 1, 2]|[0, 3, 2, 0, 4, 1, 4, 4, 2, 4, 3, 2, 1, 0, 2, 1, 1, 1, 2, 1, 1, 3, 0, 1, 0, 1, 1, 4, 1, 4, 3, 2, 2, 0, 4, 1, 1, 4, 0, 1, 2, 1, 4, 4, 1, 1, 0, 2, 3, 1, 2, 1, 2, 1, 1, 2, 4, 2, 0, 2, 2, 3, 1, 0, 1, 2, 0, 1, 2, 4, 1, 3, 4, 1, 2, 4, 3, 3, 3, 1, 1, 4, 3, 1, 3, 2, 3, 2, 4, 2, 4, 4, 1, 4, 2, 2, 3, 4, 3, 1]|[0, 2, 1, 0, 3, 0, 1, 3, 0, 0, 2, 0, 1, 0, 1, 0, 0, 0, 1, 0, 0, 2, 0, 0, 1, 0, 0, 3, 0, 1, 0, 2, 0, 1, 3, 0, 1, 3, 1, 0, 0, 0, 1, 3, 0, 0, 1, 0, 2, 0, 0, 0, 0, 0, 1, 0, 1, 0, 1, 1, 0, 2, 0, 0, 0, 0, 0, 0, 0, 2, 0, 0, 1, 0, 0, 1, 0, 0, 3, 0, 0, 1, 0, 0, 0, 0, 0, 0, 2, 0, 3, 2, 1, 3, 0, 0, 0, 1, 0, 0],838.0858887121581,52145.01293281826,108083.60693758915,false
36,G2_TEC,G2_TEC,[31, 22, 82, 15, 26, 9, 95, 42, 77, 68, 47, 5, 93, 78, 86, 54, 85, 63, 18, 44, 20, 49, 36, 14, 74, 50, 53, 17, 21, 28, 11, 64, 3, 23, 30, 83, 24, 41, 40, 52, 65, 27, 90, 70, 39, 87, 48, 69, 99, 4, 75, 1, 13, 58, 97, 59, 45, 8, 73, 37, 35, 79, 71, 66, 76, 32, 60, 80, 56, 6, 67, 61, 33, 7, 57, 34, 12, 16, 10, 98, 96, 88, 43, 46, 91, 38, 84, 92, 29, 19, 51, 55, 81, 89, 25, 72, 94, 2, 0, 62]|[2, 1, 2, 1, 1, 2, 1, 1, 1, 1, 1, 0, 2, 2, 1, 2, 0, 0, 0, 2, 2, 1, 0, 2, 0, 2, 2, 1, 0, 1, 1, 1, 0, 0, 1, 0, 2, 1, 2, 2, 0, 0, 1, 1, 0, 2, 0, 2, 1, 0, 0, 2, 0, 0, 2, 0, 1, 1, 0, 0, 2, 1, 1, 2, 2, 0, 2, 2, 2, 1, 2, 1, 1, 2, 0, 1, 1, 2, 1, 2, 0, 1, 1, 0, 1, 0, 0, 0, 1, 1, 1, 0, 1, 1, 1, 1, 2, 2, 0, 1]|[0, 3, 0, 3, 4, 1, 4, 4, 2, 4, 3, 2, 1, 0, 2, 1, 1, 1, 2, 1, 1, 3, 0, 1, 0, 1, 1, 4, 1, 4, 3, 2, 2, 0, 4, 1, 1, 4, 1, 1, 2, 1, 4, 4, 1, 1, 0, 2, 3, 2, 2, 1, 2, 1, 1, 2, 4, 3, 0, 2, 2, 3, 3, 1, 1, 2, 1, 1, 1, 4, 1, 3, 4, 1, 2, 4, 3, 1, 3, 1, 2, 4, 4, 2, 3, 2, 2, 2, 3, 4, 3, 2, 4, 4, 4, 4, 1, 1, 2, 3]|[0, 2, 0, 0, 3, 0, 1, 3, 0, 0, 2, 0, 1, 0, 1, 0, 0, 0, 1, 0, 0, 2, 0, 0, 1, 0, 0, 3, 0, 1, 0, 2, 0, 0, 3, 0, 1, 1, 0, 0, 0, 0, 1, 3, 0, 0, 1, 0, 2, 0, 0, 0, 0, 0, 1, 0, 1, 0, 1, 1, 0, 2, 0, 0, 0, 0, 0, 0, 0, 2, 0, 0, 1, 0, 0, 1, 0, 0, 3, 0, 0, 1, 2, 0, 0, 0, 0, 0, 3, 1, 0, 0, 2, 1, 3, 1, 0, 0, 0, 0],908.8272556494078,49235.066718390466,107289.32240407266,false
36,G3_TWC,G3_TWC,[31, 22, 82, 15, 26, 58, 95, 42, 77, 12, 47, 5, 93, 78, 98, 54, 85, 63, 18, 44, 20, 35, 43, 97, 91, 76, 10, 30, 21, 45, 71, 64, 1, 23, 17, 83, 24, 14, 60, 36, 6, 57, 94, 88, 65, 56, 79, 40, 67, 68, 46, 75, 39, 9, 19, 32, 81, 96, 27, 62, 87, 90, 99, 59, 11, 16, 72, 73, 70, 38, 37, 84, 3, 92, 25, 55, 28, 29, 51, 7, 33, 61, 86, 48, 89, 50, 69, 41, 53, 80, 4, 8, 34, 49, 52, 0, 13, 2, 66, 74]|[1, 1, 0, 1, 1, 1, 2, 1, 2, 1, 2, 2, 2, 1, 1, 0, 0, 1, 0, 2, 2, 0, 1, 2, 0, 1, 2, 2, 0, 0, 1, 2, 1, 2, 1, 0, 2, 0, 1, 1, 0, 1, 1, 1, 0, 2, 1, 1, 0, 0, 0, 0, 1, 1, 2, 1, 2, 0, 0, 0, 2, 1, 0, 1, 2, 1, 2, 1, 1, 1, 1, 1, 2, 0, 1, 1, 0, 0, 0, 1, 2, 1, 0, 0, 1, 0, 1, 0, 0, 0, 0, 1, 2, 0, 1, 0, 0, 0, 2, 2]|[4, 3, 2, 2, 0, 0, 2, 2, 2, 4, 1, 1, 2, 4, 4, 1, 1, 4, 2, 1, 1, 1, 1, 2, 1, 2, 1, 1, 1, 1, 3, 2, 3, 0, 4, 0, 1, 1, 0, 3, 2, 2, 4, 0, 1, 1, 0, 2, 0, 1, 2, 2, 1, 4, 0, 3, 2, 1, 1, 2, 1, 3, 1, 1, 1, 3, 0, 4, 3, 1, 4, 1, 1, 2, 4, 4, 2, 1, 1, 3, 1, 3, 1, 1, 1, 1, 3, 1, 2, 1, 2, 3, 1, 1, 1, 2, 2, 2, 1, 1]|[0, 2, 1, 1, 3, 3, 0, 1, 0, 0, 0, 0, 1, 0, 1, 0, 0, 3, 1, 0, 0, 0, 3, 1, 0, 2, 0, 0, 0, 1, 0, 0, 0, 0, 3, 0, 1, 0, 0, 2, 1, 1, 2, 0, 0, 0, 0, 1, 1, 0, 0, 0, 1, 3, 0, 0, 1, 0, 0, 1, 0, 2, 0, 1, 0, 2, 1, 0, 0, 1, 1, 3, 0, 1, 3, 3, 1, 0, 0, 2, 0, 0, 0, 0, 1, 0, 0, 0, 1, 0, 1, 2, 0, 1, 1, 0, 0, 0, 0, 0],790.0799945868791,57951.42221290124,88960.86369927591,false
36,G1_CMAX,G1_CMAX,[31, 22, 82, 15, 26, 99, 95, 42, 77, 12, 47, 5, 93, 78, 86, 54, 85, 63, 18, 44, 20, 35, 43, 97, 91, 76, 10, 30, 21, 45, 71, 64, 1, 23, 17, 83, 24, 14, 60, 36, 6, 57, 40, 88, 65, 56, 79, 94, 67, 68, 46, 75, 38, 9, 19, 32, 81, 41, 27, 87, 62, 58, 59, 11, 16, 72, 73, 70, 39, 37, 84, 3, 92, 25, 55, 48, 90, 29, 51, 96, 33, 61, 98, 28, 7, 50, 4, 89, 53, 13, 8, 66, 34, 49, 52, 0, 74, 69, 2, 80]|[1, 1, 0, 1, 1, 0, 1, 1, 2, 1, 2, 2, 2, 1, 1, 0, 0, 1, 0, 2, 2, 0, 1, 2, 0, 1, 2, 2, 0, 0, 1, 2, 1, 2, 1, 0, 2, 0, 1, 1, 0, 1, 1, 1, 0, 2, 1, 1, 0, 0, 0, 0, 1, 1, 2, 1, 2, 2, 0, 2, 1, 0, 1, 2, 1, 2, 1, 1, 1, 1, 1, 1, 0, 1, 2, 0, 1, 0, 0, 2, 2, 1, 2, 0, 2, 0, 1, 1, 0, 0, 1, 2, 2, 0, 1, 0, 2, 1, 0, 0]|[4, 3, 2, 2, 4, 1, 2, 3, 2, 4, 1, 1, 2, 4, 4, 1, 2, 4, 2, 1, 1, 1, 1, 2, 1, 2, 1, 1, 2, 1, 3, 2, 3, 1, 4, 0, 1, 1, 0, 3, 2, 2, 2, 0, 1, 1, 0, 4, 0, 1, 2, 2, 1, 4, 0, 3, 1, 1, 1, 1, 3, 1, 1, 1, 3, 0, 4, 3, 1, 4, 1, 1, 0, 4, 1, 1, 3, 1, 1, 1, 1, 3, 1, 2, 1, 1, 4, 1, 2, 2, 3, 1, 1, 1, 1, 2, 1, 4, 2, 1]|[0, 2, 1, 1, 3, 0, 1, 3, 0, 0, 0, 0, 1, 0, 1, 0, 0, 3, 1, 0, 0, 0, 3, 1, 0, 2, 0, 0, 0, 1, 0, 0, 0, 0, 3, 0, 1, 0, 0, 2, 1, 1, 1, 0, 0, 0, 0, 2, 1, 0, 0, 0, 1, 3, 0, 0, 0, 0, 0, 0, 2, 0, 1, 0, 2, 1, 0, 0, 1, 1, 3, 1, 1, 3, 0, 0, 2, 0, 0, 0, 0, 0, 0, 1, 0, 0, 0, 1, 1, 0, 2, 0, 0, 1, 1, 0, 0, 2, 0, 0],759.8298578266035,55619.9918721624,94856.27633352597,false
36,G4_BALANCED,G4_BALANCED,[31, 11, 15, 82, 26, 9, 95, 32, 77, 68, 47, 5, 93, 78, 86, 54, 85, 63, 18, 44, 20, 49, 36, 14, 74, 50, 53, 17, 21, 45, 71, 64, 3, 23, 30, 83, 24, 41, 60, 52, 65, 27, 90, 70, 39, 87, 48, 69, 99, 4, 46, 1, 13, 58, 97, 59, 28, 75, 73, 37, 35, 79, 22, 66, 76, 42, 40, 80, 96, 6, 16, 61, 33, 7, 57, 34, 12, 67, 10, 98, 56, 88, 29, 94, 91, 38, 51, 92, 43, 84, 19, 72, 81, 25, 0, 55, 62, 89, 8, 2]|[2, 1, 1, 2, 1, 2, 1, 1, 1, 1, 1, 0, 2, 2, 1, 2, 0, 0, 0, 2, 2, 1, 0, 2, 0, 2, 2, 1, 0, 1, 1, 1, 0, 0, 1, 0, 2, 1, 2, 2, 0, 0, 1, 1, 0, 2, 0, 2, 1, 0, 0, 2, 0, 0, 2, 0, 1, 0, 0, 0, 2, 1, 0, 2, 2, 0, 2, 2, 0, 1, 2, 1, 1, 2, 0, 1, 1, 1, 1, 2, 2, 1, 1, 2, 1, 0, 1, 0, 1, 0, 1, 1, 1, 1, 0, 0, 1, 1, 1, 2]|[0, 3, 2, 0, 4, 1, 4, 4, 2, 4, 3, 2, 1, 0, 2, 1, 1, 1, 2, 1, 1, 3, 0, 1, 0, 1, 1, 4, 1, 4, 3, 2, 2, 0, 4, 1, 1, 4, 0, 1, 2, 1, 4, 4, 1, 1, 0, 2, 3, 1, 2, 1, 2, 1, 1, 2, 4, 2, 0, 2, 2, 3, 1, 0, 1, 2, 0, 1, 2, 4, 1, 3, 4, 1, 2, 4, 3, 3, 3, 1, 1, 4, 3, 1, 3, 2, 3, 2, 4, 2, 4, 4, 1, 4, 2, 2, 3, 4, 3, 1]|[0, 2, 1, 0, 3, 0, 1, 3, 0, 0, 2, 0, 1, 0, 1, 0, 0, 0, 1, 0, 0, 2, 0, 0, 1, 0, 0, 3, 0, 1, 0, 2, 0, 1, 3, 0, 1, 3, 1, 0, 0, 0, 1, 3, 0, 0, 1, 0, 2, 0, 0, 0, 0, 0, 1, 0, 1, 0, 1, 1, 0, 2, 0, 0, 0, 0, 0, 0, 0, 2, 0, 0, 1, 0, 0, 1, 0, 0, 3, 0, 0, 1, 0, 0, 0, 0, 0, 0, 2, 0, 3, 2, 1, 3, 0, 0, 0, 1, 0, 0],838.0858887121581,52145.01293281826,108083.60693758915,false
36,G2_TEC,G2_TEC,[31, 22, 82, 15, 26, 9, 95, 42, 77, 68, 47, 5, 93, 78, 86, 54, 85, 63, 18, 44, 20, 49, 36, 14, 74, 50, 53, 17, 21, 28, 11, 64, 3, 23, 30, 83, 24, 41, 40, 52, 65, 27, 90, 70, 39, 87, 48, 69, 99, 4, 75, 1, 13, 58, 97, 59, 45, 8, 73, 37, 35, 79, 71, 66, 76, 32, 60, 80, 56, 6, 67, 61, 33, 7, 57, 34, 12, 16, 10, 98, 96, 88, 43, 46, 91, 38, 84, 92, 29, 19, 51, 55, 81, 89, 25, 72, 94, 2, 0, 62]|[2, 1, 2, 1, 1, 2, 1, 1, 1, 1, 1, 0, 2, 2, 1, 2, 0, 0, 0, 2, 2, 1, 0, 2, 0, 2, 2, 1, 0, 1, 1, 1, 0, 0, 1, 0, 2, 1, 2, 2, 0, 0, 1, 1, 0, 2, 0, 2, 1, 0, 0, 2, 0, 0, 2, 0, 1, 1, 0, 0, 2, 1, 1, 2, 2, 0, 2, 2, 2, 1, 2, 1, 1, 2, 0, 1, 1, 2, 1, 2, 0, 1, 1, 0, 1, 0, 0, 0, 1, 1, 1, 0, 1, 1, 1, 1, 2, 2, 0, 1]|[0, 3, 0, 3, 4, 1, 4, 4, 2, 4, 3, 2, 1, 0, 2, 1, 1, 1, 2, 1, 1, 3, 0, 1, 0, 1, 1, 4, 1, 4, 3, 2, 2, 0, 4, 1, 1, 4, 1, 1, 2, 1, 4, 4, 1, 1, 0, 2, 3, 2, 2, 1, 2, 1, 1, 2, 4, 3, 0, 2, 2, 3, 3, 1, 1, 2, 1, 1, 1, 4, 1, 3, 4, 1, 2, 4, 3, 1, 3, 1, 2, 4, 4, 2, 3, 2, 2, 2, 3, 4, 3, 2, 4, 4, 4, 4, 1, 1, 2, 3]|[0, 2, 0, 0, 3, 0, 1, 3, 0, 0, 2, 0, 1, 0, 1, 0, 0, 0, 1, 0, 0, 2, 0, 0, 1, 0, 0, 3, 0, 1, 0, 2, 0, 0, 3, 0, 1, 1, 0, 0, 0, 0, 1, 3, 0, 0, 1, 0, 2, 0, 0, 0, 0, 0, 1, 0, 1, 0, 1, 1, 0, 2, 0, 0, 0, 0, 0, 0, 0, 2, 0, 0, 1, 0, 0, 1, 0, 0, 3, 0, 0, 1, 2, 0, 0, 0, 0, 0, 3, 1, 0, 0, 2, 1, 3, 1, 0, 0, 0, 0],908.8272556494078,49235.066718390466,107289.32240407266,false
36,G3_TWC,G3_TWC,[31, 22, 82, 15, 26, 58, 95, 42, 77, 12, 47, 5, 93, 78, 98, 54, 85, 63, 18, 44, 20, 35, 43, 97, 91, 76, 10, 30, 21, 45, 71, 64, 1, 23, 17, 83, 24, 14, 60, 36, 6, 57, 94, 88, 65, 56, 79, 40, 67, 68, 46, 75, 39, 9, 19, 32, 81, 96, 27, 62, 87, 90, 99, 59, 11, 16, 72, 73, 70, 38, 37, 84, 3, 92, 25, 55, 28, 29, 51, 7, 33, 61, 86, 48, 89, 50, 69, 41, 53, 80, 4, 8, 34, 49, 52, 0, 13, 2, 66, 74]|[1, 1, 0, 1, 1, 1, 2, 1, 2, 1, 2, 2, 2, 1, 1, 0, 0, 1, 0, 2, 2, 0, 1, 2, 0, 1, 2, 2, 0, 0, 1, 2, 1, 2, 1, 0, 2, 0, 1, 1, 0, 1, 1, 1, 0, 2, 1, 1, 0, 0, 0, 0, 1, 1, 2, 1, 2, 0, 0, 0, 2, 1, 0, 1, 2, 1, 2, 1, 1, 1, 1, 1, 2, 0, 1, 1, 0, 0, 0, 1, 2, 1, 0, 0, 1, 0, 1, 0, 0, 0, 0, 1, 2, 0, 1, 0, 0, 0, 2, 2]|[4, 3, 2, 2, 0, 0, 2, 2, 2, 4, 1, 1, 2, 4, 4, 1, 1, 4, 2, 1, 1, 1, 1, 2, 1, 2, 1, 1, 1, 1, 3, 2, 3, 0, 4, 0, 1, 1, 0, 3, 2, 2, 4, 0, 1, 1, 0, 2, 0, 1, 2, 2, 1, 4, 0, 3, 2, 1, 1, 2, 1, 3, 1, 1, 1, 3, 0, 4, 3, 1, 4, 1, 1, 2, 4, 4, 2, 1, 1, 3, 1, 3, 1, 1, 1, 1, 3, 1, 2, 1, 2, 3, 1, 1, 1, 2, 2, 2, 1, 1]|[0, 2, 1, 1, 3, 3, 0, 1, 0, 0, 0, 0, 1, 0, 1, 0, 0, 3, 1, 0, 0, 0, 3, 1, 0, 2, 0, 0, 0, 1, 0, 0, 0, 0, 3, 0, 1, 0, 0, 2, 1, 1, 2, 0, 0, 0, 0, 1, 1, 0, 0, 0, 1, 3, 0, 0, 1, 0, 0, 1, 0, 2, 0, 1, 0, 2, 1, 0, 0, 1, 1, 3, 0, 1, 3, 3, 1, 0, 0, 2, 0, 0, 0, 0, 1, 0, 0, 0, 1, 0, 1, 2, 0, 1, 1, 0, 0, 0, 0, 0],790.0799945868791,57951.42221290124,88960.86369927591,false
36,G1_CMAX,G1_CMAX,[31, 22, 82, 15, 26, 58, 95, 42, 77, 12, 93, 5, 47, 78, 86, 21, 63, 18, 44, 20, 35, 43, 97, 91, 76, 10, 30, 85, 45, 71, 64, 23, 17, 83, 24, 14, 60, 25, 6, 54, 40, 88, 65, 56, 79, 57, 69, 67, 46, 75, 38, 99, 19, 32, 41, 81, 27, 87, 90, 9, 59, 11, 16, 72, 73, 70, 39, 37, 84, 1, 3, 92, 36, 55, 48, 68, 96, 29, 51, 62, 33, 61, 98, 66, 89, 50, 4, 7, 53, 80, 94, 28, 34, 49, 52, 0, 74, 8, 2, 13]|[1, 1, 0, 1, 1, 0, 1, 1, 2, 1, 2, 2, 2, 1, 1, 0, 1, 0, 2, 2, 0, 1, 2, 0, 1, 2, 2, 2, 0, 1, 2, 2, 1, 0, 2, 0, 1, 1, 0, 0, 1, 1, 0, 2, 1, 1, 1, 0, 0, 0, 1, 1, 2, 1, 2, 2, 0, 2, 1, 0, 1, 2, 1, 2, 1, 1, 1, 1, 1, 1, 1, 0, 1, 1, 0, 0, 2, 0, 0, 0, 2, 1, 2, 2, 1, 0, 1, 0, 0, 0, 1, 0, 2, 0, 1, 0, 2, 1, 0, 0]|[0, 3, 2, 2, 4, 1, 2, 3, 2, 4, 2, 1, 1, 4, 4, 1, 4, 2, 1, 1, 1, 1, 2, 1, 2, 1, 1, 2, 1, 3, 2, 0, 4, 0, 1, 1, 0, 3, 2, 1, 2, 0, 1, 1, 0, 2, 4, 0, 2, 2, 1, 4, 0, 3, 2, 1, 1, 1, 3, 1, 1, 1, 3, 0, 4, 3, 1, 4, 1, 3, 1, 0, 4, 2, 1, 1, 1, 1, 1, 2, 1, 3, 1, 1, 1, 1, 4, 0, 2, 1, 3, 2, 1, 1, 1, 2, 1, 4, 2, 2]|[0, 2, 1, 1, 3, 0, 1, 3, 0, 0, 0, 0, 0, 0, 1, 0, 3, 1, 0, 0, 0, 3, 1, 0, 2, 0, 0, 1, 1, 0, 0, 0, 3, 0, 1, 0, 0, 2, 1, 0, 1, 0, 0, 0, 0, 1, 2, 1, 0, 0, 1, 3, 0, 0, 1, 0, 0, 0, 2, 0, 1, 0, 2, 1, 0, 0, 1, 1, 3, 0, 1, 1, 3, 3, 0, 0, 0, 0, 0, 1, 0, 0, 0, 0, 1, 0, 0, 0, 1, 0, 2, 1, 0, 1, 1, 0, 0, 2, 0, 0],717.7746778690674,58051.11429889491,97947.81742761745,false
36,G4_BALANCED,G4_BALANCED,[31, 11, 15, 82, 26, 9, 95, 32, 77, 68, 47, 5, 93, 78, 86, 54, 85, 63, 18, 44, 20, 49, 36, 14, 74, 50, 53, 17, 21, 45, 71, 64, 3, 23, 30, 83, 24, 41, 60, 52, 65, 27, 90, 70, 39, 87, 48, 69, 99, 4, 46, 1, 13, 58, 97, 59, 28, 75, 73, 37, 35, 79, 22, 66, 76, 42, 40, 80, 96, 6, 16, 61, 33, 7, 57, 34, 12, 67, 10, 98, 56, 88, 29, 94, 91, 38, 84, 92, 43, 19, 51, 55, 81, 25, 89, 72, 8, 2, 0, 62]|[2, 1, 1, 2, 1, 2, 1, 1, 1, 1, 1, 0, 2, 2, 1, 2, 0, 0, 0, 2, 2, 1, 0, 2, 0, 2, 2, 1, 0, 1, 1, 1, 0, 0, 1, 0, 2, 1, 2, 2, 0, 0, 1, 1, 0, 2, 0, 2, 1, 0, 0, 2, 0, 0, 2, 0, 1, 1, 0, 0, 2, 1, 0, 2, 2, 0, 2, 2, 0, 1, 2, 1, 1, 2, 0, 1, 1, 1, 1, 2, 2, 1, 1, 0, 2, 0, 0, 0, 1, 1, 1, 0, 1, 1, 1, 1, 2, 2, 0, 1]|[1, 3, 2, 0, 4, 1, 4, 4, 2, 4, 3, 2, 1, 0, 2, 1, 1, 1, 2, 1, 1, 3, 0, 1, 0, 1, 1, 4, 1, 4, 3, 2, 2, 0, 4, 1, 1, 4, 0, 1, 2, 1, 4, 4, 1, 1, 0, 2, 3, 2, 2, 1, 2, 1, 1, 2, 4, 3, 0, 2, 2, 3, 1, 0, 1, 2, 0, 1, 2, 4, 1, 3, 4, 1, 2, 4, 3, 3, 3, 1, 1, 4, 3, 2, 1, 2, 2, 2, 3, 4, 3, 2, 4, 4, 4, 4, 1, 1, 2, 3]|[1, 0, 1, 0, 3, 0, 1, 3, 0, 0, 2, 0, 1, 0, 1, 0, 0, 0, 1, 0, 0, 2, 0, 0, 1, 0, 0, 3, 0, 1, 0, 2, 0, 1, 3, 0, 1, 3, 1, 0, 0, 0, 1, 3, 0, 0, 1, 0, 2, 0, 0, 0, 0, 0, 1, 0, 1, 0, 1, 1, 0, 2, 0, 0, 0, 0, 0, 0, 0, 2, 0, 0, 1, 0, 0, 1, 0, 0, 3, 0, 0, 1, 0, 0, 0, 0, 0, 0, 0, 3, 0, 0, 1, 3, 1, 1, 0, 0, 0, 0],852.5133725602822,51557.5538377163,107624.36016933215,false
36,G2_TEC,G2_TEC,[31, 22, 82, 15, 26, 9, 95, 42, 77, 68, 47, 5, 93, 78, 86, 54, 85, 63, 18, 44, 20, 49, 36, 14, 74, 50, 53, 17, 21, 28, 11, 64, 3, 23, 30, 83, 24, 41, 40, 52, 65, 27, 90, 70, 39, 87, 48, 69, 99, 4, 75, 1, 13, 58, 97, 59, 45, 8, 73, 37, 35, 79, 71, 66, 76, 32, 60, 80, 56, 6, 67, 61, 33, 7, 57, 34, 12, 16, 10, 98, 96, 88, 43, 46, 91, 38, 84, 92, 29, 19, 51, 55, 81, 89, 25, 72, 94, 2, 0, 62]|[2, 1, 2, 1, 1, 2, 1, 1, 1, 1, 1, 0, 2, 2, 1, 2, 0, 0, 0, 2, 2, 1, 0, 2, 0, 2, 2, 1, 0, 1, 1, 1, 0, 0, 1, 0, 2, 1, 2, 2, 0, 0, 1, 1, 0, 2, 0, 2, 1, 0, 0, 2, 0, 0, 2, 0, 1, 1, 0, 0, 2, 1, 1, 2, 2, 0, 2, 2, 2, 1, 2, 1, 1, 2, 0, 1, 1, 2, 1, 2, 0, 1, 1, 0, 1, 0, 0, 0, 1, 1, 1, 0, 1, 1, 1, 1, 2, 2, 0, 1]|[0, 3, 0, 3, 4, 1, 4, 4, 2, 4, 3, 2, 1, 0, 2, 1, 1, 1, 2, 1, 1, 3, 0, 1, 0, 1, 1, 4, 1, 4, 3, 2, 2, 0, 4, 1, 1, 4, 1, 1, 2, 1, 4, 4, 1, 1, 0, 2, 3, 2, 2, 1, 2, 1, 1, 2, 4, 3, 0, 2, 2, 3, 3, 1, 1, 2, 1, 1, 1, 4, 1, 3, 4, 1, 2, 4, 3, 1, 3, 1, 2, 4, 4, 2, 3, 2, 2, 2, 3, 4, 3, 2, 4, 4, 4, 4, 1, 1, 2, 3]|[0, 2, 0, 0, 3, 0, 1, 3, 0, 0, 2, 0, 1, 0, 1, 0, 0, 0, 1, 0, 0, 2, 0, 0, 1, 0, 0, 3, 0, 1, 0, 2, 0, 0, 3, 0, 1, 1, 0, 0, 0, 0, 1, 3, 0, 0, 1, 0, 2, 0, 0, 0, 0, 0, 1, 0, 1, 0, 1, 1, 0, 2, 0, 0, 0, 0, 0, 0, 0, 2, 0, 0, 1, 0, 0, 1, 0, 0, 3, 0, 0, 1, 2, 0, 0, 0, 0, 0, 3, 1, 0, 0, 2, 1, 3, 1, 0, 0, 0, 0],908.8272556494078,49235.066718390466,107289.32240407266,false
36,G3_TWC,G3_TWC,[31, 22, 82, 15, 26, 58, 95, 42, 77, 12, 47, 5, 93, 78, 98, 54, 85, 63, 18, 44, 20, 35, 43, 97, 91, 76, 10, 30, 21, 45, 71, 64, 1, 23, 17, 83, 24, 14, 60, 36, 6, 57, 94, 88, 65, 56, 79, 40, 67, 68, 46, 75, 39, 9, 19, 32, 81, 96, 27, 62, 87, 90, 99, 59, 11, 16, 72, 73, 70, 38, 37, 84, 3, 92, 25, 55, 28, 29, 51, 7, 33, 61, 86, 48, 89, 50, 69, 41, 53, 80, 4, 8, 34, 49, 52, 0, 13, 2, 66, 74]|[1, 1, 0, 1, 1, 1, 2, 1, 2, 1, 2, 2, 2, 1, 1, 0, 0, 1, 0, 2, 2, 0, 1, 2, 0, 1, 2, 2, 0, 0, 1, 2, 1, 2, 1, 0, 2, 0, 1, 1, 0, 1, 1, 1, 0, 2, 1, 1, 0, 0, 0, 0, 1, 1, 2, 1, 2, 0, 0, 0, 2, 1, 0, 1, 2, 1, 2, 1, 1, 1, 1, 1, 2, 0, 1, 1, 0, 0, 0, 1, 2, 1, 0, 0, 1, 0, 1, 0, 0, 0, 0, 1, 2, 0, 1, 0, 0, 0, 2, 2]|[4, 3, 2, 2, 0, 0, 2, 2, 2, 4, 1, 1, 2, 4, 4, 1, 1, 4, 2, 1, 1, 1, 1, 2, 1, 2, 1, 1, 1, 1, 3, 2, 3, 0, 4, 0, 1, 1, 0, 3, 2, 2, 4, 0, 1, 1, 0, 2, 0, 1, 2, 2, 1, 4, 0, 3, 2, 1, 1, 2, 1, 3, 1, 1, 1, 3, 0, 4, 3, 1, 4, 1, 1, 2, 4, 4, 2, 1, 1, 3, 1, 3, 1, 1, 1, 1, 3, 1, 2, 1, 2, 3, 1, 1, 1, 2, 2, 2, 1, 1]|[0, 2, 1, 1, 3, 3, 0, 1, 0, 0, 0, 0, 1, 0, 1, 0, 0, 3, 1, 0, 0, 0, 3, 1, 0, 2, 0, 0, 0, 1, 0, 0, 0, 0, 3, 0, 1, 0, 0, 2, 1, 1, 2, 0, 0, 0, 0, 1, 1, 0, 0, 0, 1, 3, 0, 0, 1, 0, 0, 1, 0, 2, 0, 1, 0, 2, 1, 0, 0, 1, 1, 3, 0, 1, 3, 3, 1, 0, 0, 2, 0, 0, 0, 0, 1, 0, 0, 0, 1, 0, 1, 2, 0, 1, 1, 0, 0, 0, 0, 0],790.0799945868791,57951.42221290124,88960.86369927591,false
36,G1_CMAX,G1_CMAX,[31, 22, 82, 15, 26, 58, 95, 42, 77, 12, 93, 5, 47, 78, 86, 21, 63, 18, 44, 20, 35, 43, 97, 91, 76, 10, 30, 85, 45, 71, 64, 23, 17, 83, 24, 14, 60, 25, 6, 54, 40, 88, 65, 56, 79, 57, 69, 67, 46, 75, 38, 99, 19, 32, 41, 81, 27, 87, 90, 9, 59, 11, 16, 72, 73, 70, 39, 37, 84, 1, 3, 92, 36, 55, 48, 68, 96, 29, 51, 62, 33, 61, 98, 66, 89, 50, 4, 7, 53, 80, 94, 28, 34, 49, 52, 0, 74, 8, 2, 13]|[1, 1, 0, 1, 1, 0, 1, 1, 2, 1, 2, 2, 2, 1, 1, 0, 1, 0, 2, 2, 0, 1, 2, 0, 1, 2, 2, 2, 0, 1, 2, 2, 1, 0, 2, 0, 1, 1, 0, 0, 1, 1, 0, 2, 1, 1, 1, 0, 0, 0, 1, 1, 2, 1, 2, 2, 0, 2, 1, 0, 1, 2, 1, 2, 1, 1, 1, 1, 1, 1, 1, 0, 1, 1, 0, 0, 2, 0, 0, 0, 2, 1, 2, 2, 1, 0, 1, 0, 0, 0, 1, 0, 2, 0, 1, 0, 2, 1, 0, 0]|[0, 3, 2, 2, 4, 1, 2, 3, 2, 4, 2, 1, 1, 4, 4, 1, 4, 2, 1, 1, 1, 1, 2, 1, 2, 1, 1, 2, 1, 3, 2, 0, 4, 0, 1, 1, 0, 3, 2, 1, 2, 0, 1, 1, 0, 2, 4, 0, 2, 2, 1, 4, 0, 3, 2, 1, 1, 1, 3, 1, 1, 1, 3, 0, 4, 3, 1, 4, 1, 3, 1, 0, 4, 2, 1, 1, 1, 1, 1, 2, 1, 3, 1, 1, 1, 1, 4, 0, 2, 1, 3, 2, 1, 1, 1, 2, 1, 4, 2, 2]|[0, 2, 1, 1, 3, 0, 1, 3, 0, 0, 0, 0, 0, 0, 1, 0, 3, 1, 0, 0, 0, 3, 1, 0, 2, 0, 0, 1, 1, 0, 0, 0, 3, 0, 1, 0, 0, 2, 1, 0, 1, 0, 0, 0, 0, 1, 2, 1, 0, 0, 1, 3, 0, 0, 1, 0, 0, 0, 2, 0, 1, 0, 2, 1, 0, 0, 1, 1, 3, 0, 1, 1, 3, 3, 0, 0, 0, 0, 0, 1, 0, 0, 0, 0, 1, 0, 0, 0, 1, 0, 2, 1, 0, 1, 1, 0, 0, 2, 0, 0],717.7746778690674,58051.11429889491,97947.81742761745,false
36,G4_BALANCED,G4_BALANCED,[31, 11, 15, 82, 26, 9, 95, 32, 77, 68, 47, 5, 93, 78, 86, 54, 85, 63, 18, 44, 20, 49, 36, 14, 74, 50, 53, 17, 21, 45, 71, 64, 3, 23, 30, 83, 24, 41, 60, 52, 65, 27, 90, 70, 39, 87, 48, 69, 99, 4, 46, 1, 13, 58, 97, 59, 28, 75, 73, 37, 35, 79, 22, 66, 76, 42, 40, 80, 96, 6, 16, 61, 33, 7, 57, 34, 12, 67, 10, 98, 56, 88, 29, 94, 91, 38, 51, 92, 43, 84, 19, 72, 81, 25, 0, 55, 62, 89, 8, 2]|[2, 1, 1, 2, 1, 2, 1, 1, 1, 1, 1, 0, 2, 2, 1, 2, 0, 0, 0, 2, 2, 1, 0, 2, 0, 2, 2, 1, 0, 1, 1, 1, 0, 0, 1, 0, 2, 1, 2, 2, 0, 0, 1, 1, 0, 2, 0, 2, 1, 0, 0, 2, 0, 0, 2, 0, 1, 0, 0, 0, 2, 1, 0, 2, 2, 0, 2, 2, 0, 1, 2, 1, 1, 2, 0, 1, 1, 1, 1, 2, 2, 1, 1, 2, 1, 0, 1, 0, 1, 0, 1, 1, 1, 1, 0, 0, 1, 1, 1, 2]|[0, 3, 2, 0, 4, 1, 4, 4, 2, 4, 3, 2, 1, 0, 2, 1, 1, 1, 2, 1, 1, 3, 0, 1, 0, 1, 1, 4, 1, 4, 3, 2, 2, 0, 4, 1, 1, 4, 0, 1, 2, 1, 4, 4, 1, 1, 0, 2, 3, 1, 2, 1, 2, 1, 1, 2, 4, 2, 0, 2, 2, 3, 1, 0, 1, 2, 0, 1, 2, 4, 1, 3, 4, 1, 2, 4, 3, 3, 3, 1, 1, 4, 3, 1, 3, 2, 3, 2, 4, 2, 4, 4, 1, 4, 2, 2, 3, 4, 3, 1]|[0, 2, 1, 0, 3, 0, 1, 3, 0, 0, 2, 0, 1, 0, 1, 0, 0, 0, 1, 0, 0, 2, 0, 0, 1, 0, 0, 3, 0, 1, 0, 2, 0, 1, 3, 0, 1, 3, 1, 0, 0, 0, 1, 3, 0, 0, 1, 0, 2, 0, 0, 0, 0, 0, 1, 0, 1, 0, 1, 1, 0, 2, 0, 0, 0, 0, 0, 0, 0, 2, 0, 0, 1, 0, 0, 1, 0, 0, 3, 0, 0, 1, 0, 0, 0, 0, 0, 0, 2, 0, 3, 2, 1, 3, 0, 0, 0, 1, 0, 0],838.0858887121581,52145.01293281826,108083.60693758915,false
36,G2_TEC,G2_TEC,[31, 22, 82, 15, 26, 9, 95, 42, 77, 68, 47, 5, 93, 78, 86, 54, 85, 63, 18, 44, 20, 49, 36, 14, 74, 50, 53, 17, 21, 28, 11, 64, 3, 23, 30, 83, 24, 41, 40, 52, 65, 27, 90, 70, 39, 87, 48, 69, 99, 4, 75, 1, 13, 58, 97, 59, 45, 8, 73, 37, 35, 79, 71, 66, 76, 32, 60, 80, 56, 6, 67, 61, 33, 7, 57, 34, 12, 16, 10, 98, 96, 88, 43, 46, 91, 38, 84, 92, 29, 19, 51, 55, 81, 89, 25, 72, 94, 2, 0, 62]|[2, 1, 2, 1, 1, 2, 1, 1, 1, 1, 1, 0, 2, 2, 1, 2, 0, 0, 0, 2, 2, 1, 0, 2, 0, 2, 2, 1, 0, 1, 1, 1, 0, 0, 1, 0, 2, 1, 2, 2, 0, 0, 1, 1, 0, 2, 0, 2, 1, 0, 0, 2, 0, 0, 2, 0, 1, 1, 0, 0, 2, 1, 1, 2, 2, 0, 2, 2, 2, 1, 2, 1, 1, 2, 0, 1, 1, 2, 1, 2, 0, 1, 1, 0, 1, 0, 0, 0, 1, 1, 1, 0, 1, 1, 1, 1, 2, 2, 0, 1]|[0, 3, 0, 3, 4, 1, 4, 4, 2, 4, 3, 2, 1, 0, 2, 1, 1, 1, 2, 1, 1, 3, 0, 1, 0, 1, 1, 4, 1, 4, 3, 2, 2, 0, 4, 1, 1, 4, 1, 1, 2, 1, 4, 4, 1, 1, 0, 2, 3, 2, 2, 1, 2, 1, 1, 2, 4, 3, 0, 2, 2, 3, 3, 1, 1, 2, 1, 1, 1, 4, 1, 3, 4, 1, 2, 4, 3, 1, 3, 1, 2, 4, 4, 2, 3, 2, 2, 2, 3, 4, 3, 2, 4, 4, 4, 4, 1, 1, 2, 3]|[0, 2, 0, 0, 3, 0, 1, 3, 0, 0, 2, 0, 1, 0, 1, 0, 0, 0, 1, 0, 0, 2, 0, 0, 1, 0, 0, 3, 0, 1, 0, 2, 0, 0, 3, 0, 1, 1, 0, 0, 0, 0, 1, 3, 0, 0, 1, 0, 2, 0, 0, 0, 0, 0, 1, 0, 1, 0, 1, 1, 0, 2, 0, 0, 0, 0, 0, 0, 0, 2, 0, 0, 1, 0, 0, 1, 0, 0, 3, 0, 0, 1, 2, 0, 0, 0, 0, 0, 3, 1, 0, 0, 2, 1, 3, 1, 0, 0, 0, 0],908.8272556494078,49235.066718390466,107289.32240407266,false
36,G3_TWC,G3_TWC,[31, 22, 82, 15, 26, 58, 95, 42, 77, 12, 47, 5, 93, 78, 98, 54, 85, 63, 18, 44, 20, 35, 43, 97, 91, 76, 10, 30, 21, 45, 71, 64, 1, 23, 17, 83, 24, 14, 60, 36, 6, 57, 94, 88, 65, 56, 79, 40, 67, 68, 46, 75, 39, 9, 19, 32, 81, 96, 27, 62, 87, 90, 99, 59, 11, 16, 72, 73, 70, 38, 37, 84, 3, 92, 25, 55, 28, 29, 51, 7, 33, 61, 86, 48, 89, 50, 69, 41, 53, 80, 4, 8, 34, 49, 52, 0, 13, 2, 66, 74]|[1, 1, 0, 1, 1, 1, 2, 1, 2, 1, 2, 2, 2, 1, 1, 0, 0, 1, 0, 2, 2, 0, 1, 2, 0, 1, 2, 2, 0, 0, 1, 2, 1, 2, 1, 0, 2, 0, 1, 1, 0, 1, 1, 1, 0, 2, 1, 1, 0, 0, 0, 0, 1, 1, 2, 1, 2, 0, 0, 0, 2, 1, 0, 1, 2, 1, 2, 1, 1, 1, 1, 1, 2, 0, 1, 1, 0, 0, 0, 1, 2, 1, 0, 0, 1, 0, 1, 0, 0, 0, 0, 1, 2, 0, 1, 0, 0, 0, 2, 2]|[4, 3, 2, 2, 0, 0, 2, 2, 2, 4, 1, 1, 2, 4, 4, 1, 1, 4, 2, 1, 1, 1, 1, 2, 1, 2, 1, 1, 1, 1, 3, 2, 3, 0, 4, 0, 1, 1, 0, 3, 2, 2, 4, 0, 1, 1, 0, 2, 0, 1, 2, 2, 1, 4, 0, 3, 2, 1, 1, 2, 1, 3, 1, 1, 1, 3, 0, 4, 3, 1, 4, 1, 1, 2, 4, 4, 2, 1, 1, 3, 1, 3, 1, 1, 1, 1, 3, 1, 2, 1, 2, 3, 1, 1, 1, 2, 2, 2, 1, 1]|[0, 2, 1, 1, 3, 3, 0, 1, 0, 0, 0, 0, 1, 0, 1, 0, 0, 3, 1, 0, 0, 0, 3, 1, 0, 2, 0, 0, 0, 1, 0, 0, 0, 0, 3, 0, 1, 0, 0, 2, 1, 1, 2, 0, 0, 0, 0, 1, 1, 0, 0, 0, 1, 3, 0, 0, 1, 0, 0, 1, 0, 2, 0, 1, 0, 2, 1, 0, 0, 1, 1, 3, 0, 1, 3, 3, 1, 0, 0, 2, 0, 0, 0, 0, 1, 0, 0, 0, 1, 0, 1, 2, 0, 1, 1, 0, 0, 0, 0, 0],790.0799945868791,57951.42221290124,88960.86369927591,false
37,G1_CMAX,G4_BALANCED,[31, 22, 82, 15, 26, 99, 95, 42, 77, 12, 47, 5, 93, 78, 86, 54, 21, 63, 18, 44, 20, 23, 43, 97, 91, 76, 10, 30, 85, 45, 71, 64, 1, 35, 17, 83, 24, 14, 60, 36, 6, 57, 40, 88, 65, 56, 79, 94, 67, 68, 46, 75, 38, 9, 19, 32, 41, 81, 27, 87, 90, 58, 59, 62, 11, 16, 72, 73, 39, 37, 84, 3, 92, 25, 55, 48, 70, 29, 51, 96, 33, 61, 98, 66, 89, 50, 4, 7, 53, 80, 8, 28, 34, 49, 52, 0, 74, 69, 2, 13]|[2, 1, 0, 1, 1, 0, 1, 1, 2, 1, 2, 2, 2, 1, 1, 0, 0, 1, 0, 2, 2, 0, 1, 2, 0, 1, 2, 2, 0, 0, 1, 2, 1, 2, 1, 0, 2, 0, 1, 1, 0, 1, 1, 1, 0, 2, 1, 1, 0, 0, 0, 0, 1, 1, 2, 1, 0, 2, 0, 2, 1, 0, 1, 0, 2, 1, 2, 1, 1, 1, 1, 1, 0, 1, 2, 0, 1, 0, 0, 2, 2, 1, 2, 2, 1, 0, 1, 1, 0, 0, 1, 0, 2, 0, 1, 0, 2, 1, 0, 0]|[1, 3, 2, 2, 4, 1, 2, 3, 2, 4, 1, 1, 2, 4, 4, 1, 1, 4, 2, 1, 1, 1, 1, 2, 1, 2, 1, 1, 2, 1, 3, 1, 3, 1, 4, 0, 1, 1, 0, 3, 2, 2, 2, 0, 1, 1, 0, 4, 0, 1, 2, 2, 1, 4, 0, 3, 1, 1, 1, 1, 3, 1, 1, 2, 1, 3, 0, 4, 1, 4, 1, 1, 2, 4, 1, 1, 3, 1, 1, 1, 1, 3, 1, 1, 1, 1, 4, 3, 2, 1, 3, 2, 1, 1, 1, 2, 1, 4, 2, 2]|[0, 2, 1, 1, 3, 0, 1, 3, 0, 0, 0, 0, 1, 0, 1, 0, 0, 3, 1, 0, 0, 0, 3, 1, 0, 2, 0, 0, 0, 1, 0, 0, 0, 0, 3, 0, 1, 0, 0, 2, 1, 1, 1, 0, 0, 0, 0, 2, 1, 0, 0, 0, 1, 3, 0, 0, 0, 0, 0, 0, 2, 0, 1, 1, 0, 2, 1, 0, 1, 1, 3, 1, 1, 3, 0, 0, 0, 0, 0, 0, 0, 0, 0, 0, 1, 0, 0, 2, 1, 0, 2, 1, 0, 1, 1, 0, 0, 2, 0, 0],757.0396004785916,56129.652691911746,91492.16283940467,true
37,G4_BALANCED,G4_BALANCED,[31, 22, 82, 15, 26, 58, 95, 42, 77, 12, 47, 5, 93, 78, 86, 54, 85, 63, 18, 44, 20, 35, 43, 97, 66, 76, 79, 30, 21, 45, 71, 64, 1, 23, 17, 83, 24, 14, 60, 36, 6, 57, 40, 88, 65, 56, 10, 94, 67, 68, 46, 75, 38, 9, 19, 32, 41, 81, 27, 62, 87, 90, 99, 59, 11, 16, 72, 73, 69, 39, 37, 84, 3, 92, 25, 55, 29, 28, 51, 7, 33, 61, 48, 98, 89, 8, 4, 96, 53, 80, 50, 91, 34, 2, 52, 0, 49, 70, 13, 74]|[1, 1, 0, 1, 1, 0, 1, 2, 2, 1, 2, 2, 2, 1, 1, 0, 0, 1, 0, 2, 2, 0, 1, 2, 2, 1, 2, 2, 0, 0, 1, 2, 1, 2, 1, 0, 2, 0, 1, 1, 0, 1, 1, 1, 0, 2, 2, 1, 0, 0, 0, 0, 1, 1, 2, 1, 0, 2, 0, 0, 2, 1, 0, 1, 2, 1, 2, 1, 1, 1, 1, 1, 1, 0, 1, 2, 0, 0, 0, 1, 2, 1, 0, 2, 1, 1, 1, 2, 0, 0, 0, 0, 2, 0, 1, 0, 0, 1, 0, 2]|[4, 3, 2, 2, 4, 1, 2, 2, 2, 4, 1, 1, 2, 4, 4, 1, 2, 4, 2, 1, 1, 1, 1, 2, 1, 2, 1, 1, 1, 1, 3, 1, 3, 1, 4, 0, 1, 1, 0, 3, 2, 2, 2, 0, 1, 1, 1, 4, 0, 1, 2, 2, 1, 4, 0, 3, 1, 1, 1, 2, 1, 3, 1, 1, 1, 3, 0, 4, 4, 1, 4, 1, 1, 0, 4, 1, 1, 2, 1, 1, 1, 3, 1, 1, 1, 3, 4, 1, 2, 1, 1, 1, 1, 2, 1, 2, 1, 3, 2, 1]|[0, 2, 1, 1, 3, 0, 1, 0, 0, 0, 0, 0, 1, 0, 1, 0, 0, 3, 1, 0, 0, 0, 3, 1, 0, 2, 0, 0, 0, 0, 0, 0, 0, 0, 3, 0, 1, 0, 0, 2, 1, 1, 1, 0, 0, 0, 0, 2, 1, 0, 0, 0, 1, 3, 0, 0, 0, 0, 0, 1, 0, 2, 0, 1, 0, 2, 1, 0, 2, 1, 1, 3, 1, 1, 3, 0, 0, 1, 0, 2, 0, 0, 0, 0, 1, 2, 0, 0, 1, 0, 0, 0, 0, 0, 1, 0, 1, 0, 0, 0],777.436160111927,55378.96358309585,98756.68483674081,false
37,G2_TEC,G2_TEC,[31, 22, 82, 15, 26, 9, 95, 42, 77, 68, 47, 5, 93, 78, 86, 54, 85, 63, 18, 44, 20, 49, 36, 14, 74, 50, 53, 17, 21, 28, 11, 64, 3, 23, 30, 83, 24, 41, 40, 52, 65, 27, 90, 70, 39, 87, 48, 69, 99, 4, 75, 1, 13, 58, 97, 59, 45, 8, 73, 37, 35, 79, 71, 66, 76, 32, 60, 80, 56, 6, 67, 61, 33, 7, 57, 34, 12, 16, 10, 98, 96, 88, 43, 46, 91, 38, 84, 92, 29, 19, 51, 55, 81, 89, 25, 72, 94, 2, 0, 62]|[2, 1, 2, 1, 1, 2, 1, 1, 1, 1, 1, 0, 2, 2, 1, 2, 0, 0, 0, 2, 2, 1, 0, 2, 0, 2, 2, 1, 0, 1, 1, 1, 0, 0, 1, 0, 2, 1, 2, 2, 0, 0, 1, 1, 0, 2, 0, 2, 1, 0, 0, 2, 0, 0, 2, 0, 1, 1, 0, 0, 2, 1, 1, 2, 2, 0, 2, 2, 2, 1, 2, 1, 1, 2, 0, 1, 1, 2, 1, 2, 0, 1, 1, 0, 1, 0, 0, 0, 1, 1, 1, 0, 1, 1, 1, 1, 2, 2, 0, 1]|[0, 3, 0, 3, 4, 1, 4, 4, 2, 4, 3, 2, 1, 0, 2, 1, 1, 1, 2, 1, 1, 3, 0, 1, 0, 1, 1, 4, 1, 4, 3, 2, 2, 0, 4, 1, 1, 4, 1, 1, 2, 1, 4, 4, 1, 1, 0, 2, 3, 2, 2, 1, 2, 1, 1, 2, 4, 3, 0, 2, 2, 3, 3, 1, 1, 2, 1, 1, 1, 4, 1, 3, 4, 1, 2, 4, 3, 1, 3, 1, 2, 4, 4, 2, 3, 2, 2, 2, 3, 4, 3, 2, 4, 4, 4, 4, 1, 1, 2, 3]|[0, 2, 0, 0, 3, 0, 1, 3, 0, 0, 2, 0, 1, 0, 1, 0, 0, 0, 1, 0, 0, 2, 0, 0, 1, 0, 0, 3, 0, 1, 0, 2, 0, 0, 3, 0, 1, 1, 0, 0, 0, 0, 1, 3, 0, 0, 1, 0, 2, 0, 0, 0, 0, 0, 1, 0, 1, 0, 1, 1, 0, 2, 0, 0, 0, 0, 0, 0, 0, 2, 0, 0, 1, 0, 0, 1, 0, 0, 3, 0, 0, 1, 2, 0, 0, 0, 0, 0, 3, 1, 0, 0, 2, 1, 3, 1, 0, 0, 0, 0],908.8272556494078,49235.066718390466,107289.32240407266,false
37,G3_TWC,G3_TWC,[31, 22, 82, 15, 26, 58, 95, 42, 77, 12, 47, 5, 93, 78, 98, 54, 85, 63, 18, 44, 20, 35, 43, 97, 91, 76, 10, 30, 21, 45, 71, 64, 1, 23, 17, 83, 24, 14, 60, 36, 6, 57, 94, 88, 65, 56, 79, 40, 67, 68, 46, 75, 39, 9, 19, 32, 81, 96, 27, 62, 87, 90, 99, 59, 11, 16, 72, 73, 70, 38, 37, 84, 3, 92, 25, 55, 28, 29, 51, 7, 33, 61, 86, 48, 89, 50, 69, 41, 53, 80, 4, 8, 34, 49, 52, 0, 13, 2, 66, 74]|[1, 1, 0, 1, 1, 1, 2, 1, 2, 1, 2, 2, 2, 1, 1, 0, 0, 1, 0, 2, 2, 0, 1, 2, 0, 1, 2, 2, 0, 0, 1, 2, 1, 2, 1, 0, 2, 0, 1, 1, 0, 1, 1, 1, 0, 2, 1, 1, 0, 0, 0, 0, 1, 1, 2, 1, 2, 0, 0, 0, 2, 1, 0, 1, 2, 1, 2, 1, 1, 1, 1, 1, 2, 0, 1, 1, 0, 0, 0, 1, 2, 1, 0, 0, 1, 0, 1, 0, 0, 0, 0, 1, 2, 0, 1, 0, 0, 0, 2, 2]|[4, 3, 2, 2, 0, 0, 2, 2, 2, 4, 1, 1, 2, 4, 4, 1, 1, 4, 2, 1, 1, 1, 1, 2, 1, 2, 1, 1, 1, 1, 3, 2, 3, 0, 4, 0, 1, 1, 0, 3, 2, 2, 4, 0, 1, 1, 0, 2, 0, 1, 2, 2, 1, 4, 0, 3, 2, 1, 1, 2, 1, 3, 1, 1, 1, 3, 0, 4, 3, 1, 4, 1, 1, 2, 4, 4, 2, 1, 1, 3, 1, 3, 1, 1, 1, 1, 3, 1, 2, 1, 2, 3, 1, 1, 1, 2, 2, 2, 1, 1]|[0, 2, 1, 1, 3, 3, 0, 1, 0, 0, 0, 0, 1, 0, 1, 0, 0, 3, 1, 0, 0, 0, 3, 1, 0, 2, 0, 0, 0, 1, 0, 0, 0, 0, 3, 0, 1, 0, 0, 2, 1, 1, 2, 0, 0, 0, 0, 1, 1, 0, 0, 0, 1, 3, 0, 0, 1, 0, 0, 1, 0, 2, 0, 1, 0, 2, 1, 0, 0, 1, 1, 3, 0, 1, 3, 3, 1, 0, 0, 2, 0, 0, 0, 0, 1, 0, 0, 0, 1, 0, 1, 2, 0, 1, 1, 0, 0, 0, 0, 0],790.0799945868791,57951.42221290124,88960.86369927591,false
37,G1_CMAX,G1_CMAX,[31, 22, 82, 15, 26, 58, 95, 42, 77, 12, 93, 5, 47, 78, 86, 21, 63, 18, 44, 20, 35, 43, 97, 91, 76, 10, 30, 85, 45, 71, 64, 23, 17, 83, 24, 14, 60, 25, 6, 54, 40, 88, 65, 56, 79, 57, 69, 67, 46, 75, 38, 99, 19, 32, 41, 81, 27, 87, 90, 9, 59, 11, 16, 72, 73, 70, 39, 37, 84, 1, 3, 92, 36, 55, 48, 68, 96, 29, 51, 62, 33, 61, 98, 66, 89, 50, 4, 7, 53, 80, 94, 28, 34, 49, 52, 0, 74, 8, 2, 13]|[1, 1, 0, 1, 1, 0, 1, 1, 2, 1, 2, 2, 2, 1, 1, 0, 1, 0, 2, 2, 0, 1, 2, 0, 1, 2, 2, 2, 0, 1, 2, 2, 1, 0, 2, 0, 1, 1, 0, 0, 1, 1, 0, 2, 1, 1, 1, 0, 0, 0, 1, 1, 2, 1, 2, 2, 0, 2, 1, 0, 1, 2, 1, 2, 1, 1, 1, 1, 1, 1, 1, 0, 1, 1, 0, 0, 2, 0, 0, 0, 2, 1, 2, 2, 1, 0, 1, 0, 0, 0, 1, 0, 2, 0, 1, 0, 2, 1, 0, 0]|[0, 3, 2, 2, 4, 1, 2, 3, 2, 4, 2, 1, 1, 4, 4, 1, 4, 2, 1, 1, 1, 1, 2, 1, 2, 1, 1, 2, 1, 3, 2, 0, 4, 0, 1, 1, 0, 3, 2, 1, 2, 0, 1, 1, 0, 2, 4, 0, 2, 2, 1, 4, 0, 3, 2, 1, 1, 1, 3, 1, 1, 1, 3, 0, 4, 3, 1, 4, 1, 3, 1, 0, 4, 2, 1, 1, 1, 1, 1, 2, 1, 3, 1, 1, 1, 1, 4, 0, 2, 1, 3, 2, 1, 1, 1, 2, 1, 4, 2, 2]|[0, 2, 1, 1, 3, 0, 1, 3, 0, 0, 0, 0, 0, 0, 1, 0, 3, 1, 0, 0, 0, 3, 1, 0, 2, 0, 0, 1, 1, 0, 0, 0, 3, 0, 1, 0, 0, 2, 1, 0, 1, 0, 0, 0, 0, 1, 2, 1, 0, 0, 1, 3, 0, 0, 1, 0, 0, 0, 2, 0, 1, 0, 2, 1, 0, 0, 1, 1, 3, 0, 1, 1, 3, 3, 0, 0, 0, 0, 0, 1, 0, 0, 0, 0, 1, 0, 0, 0, 1, 0, 2, 1, 0, 1, 1, 0, 0, 2, 0, 0],717.7746778690674,58051.11429889491,97947.81742761745,false
37,G4_BALANCED,G4_BALANCED,[31, 22, 82, 15, 26, 58, 95, 42, 77, 12, 47, 5, 93, 78, 86, 54, 85, 63, 18, 44, 20, 35, 43, 97, 66, 76, 79, 30, 21, 45, 71, 64, 1, 23, 17, 83, 24, 14, 60, 36, 6, 57, 40, 88, 65, 56, 10, 94, 67, 68, 46, 75, 38, 9, 19, 32, 41, 81, 27, 62, 87, 90, 99, 59, 11, 16, 72, 73, 69, 39, 37, 84, 3, 92, 25, 55, 29, 28, 51, 7, 33, 61, 48, 98, 89, 8, 4, 96, 53, 80, 50, 91, 34, 2, 52, 0, 49, 70, 13, 74]|[1, 1, 0, 1, 1, 0, 1, 2, 2, 1, 2, 2, 2, 1, 1, 0, 0, 1, 0, 2, 2, 0, 1, 2, 2, 1, 2, 2, 0, 0, 1, 2, 1, 2, 1, 0, 2, 0, 1, 1, 0, 1, 1, 1, 0, 2, 2, 1, 0, 0, 0, 0, 1, 1, 2, 1, 0, 2, 0, 0, 2, 1, 0, 1, 2, 1, 2, 1, 1, 1, 1, 1, 1, 0, 1, 2, 0, 0, 0, 1, 2, 1, 0, 2, 1, 1, 1, 2, 0, 0, 0, 0, 2, 0, 1, 0, 0, 1, 0, 2]|[4, 3, 2, 2, 4, 1, 2, 2, 2, 4, 1, 1, 2, 4, 4, 1, 2, 4, 2, 1, 1, 1, 1, 2, 1, 2, 1, 1, 1, 1, 3, 1, 3, 1, 4, 0, 1, 1, 0, 3, 2, 2, 2, 0, 1, 1, 1, 4, 0, 1, 2, 2, 1, 4, 0, 3, 1, 1, 1, 2, 1, 3, 1, 1, 1, 3, 0, 4, 4, 1, 4, 1, 1, 0, 4, 1, 1, 2, 1, 1, 1, 3, 1, 1, 1, 3, 4, 1, 2, 1, 1, 1, 1, 2, 1, 2, 1, 3, 2, 1]|[0, 2, 1, 1, 3, 0, 1, 0, 0, 0, 0, 0, 1, 0, 1, 0, 0, 3, 1, 0, 0, 0, 3, 1, 0, 2, 0, 0, 0, 0, 0, 0, 0, 0, 3, 0, 1, 0, 0, 2, 1, 1, 1, 0, 0, 0, 0, 2, 1, 0, 0, 0, 1, 3, 0, 0, 0, 0, 0, 1, 0, 2, 0, 1, 0, 2, 1, 0, 2, 1, 1, 3, 1, 1, 3, 0, 0, 1, 0, 2, 0, 0, 0, 0, 1, 2, 0, 0, 1, 0, 0, 0, 0, 0, 1, 0, 1, 0, 0, 0],777.436160111927,55378.96358309585,98756.68483674081,false
37,G2_TEC,G2_TEC,[31, 22, 82, 15, 26, 9, 95, 42, 77, 68, 47, 5, 93, 78, 86, 54, 85, 63, 18, 44, 20, 49, 36, 14, 74, 50, 53, 17, 21, 28, 11, 64, 3, 23, 30, 83, 24, 41, 40, 52, 65, 27, 90, 70, 39, 87, 48, 69, 99, 4, 75, 1, 13, 58, 97, 59, 45, 8, 73, 37, 35, 79, 71, 66, 76, 32, 60, 80, 56, 6, 67, 61, 33, 7, 57, 34, 12, 16, 10, 98, 96, 88, 43, 46, 91, 38, 84, 92, 29, 19, 51, 55, 81, 89, 25, 72, 94, 2, 0, 62]|[2, 1, 2, 1, 1, 2, 1, 1, 1, 1, 1, 0, 2, 2, 1, 2, 0, 0, 0, 2, 2, 1, 0, 2, 0, 2, 2, 1, 0, 1, 1, 1, 0, 0, 1, 0, 2, 1, 2, 2, 0, 0, 1, 1, 0, 2, 0, 2, 1, 0, 0, 2, 0, 0, 2, 0, 1, 1, 0, 0, 2, 1, 1, 2, 2, 0, 2, 2, 2, 1, 2, 1, 1, 2, 0, 1, 1, 2, 1, 2, 0, 1, 1, 0, 1, 0, 0, 0, 1, 1, 1, 0, 1, 1, 1, 1, 2, 2, 0, 1]|[0, 3, 0, 3, 4, 1, 4, 4, 2, 4, 3, 2, 1, 0, 2, 1, 1, 1, 2, 1, 1, 3, 0, 1, 0, 1, 1, 4, 1, 4, 3, 2, 2, 0, 4, 1, 1, 4, 1, 1, 2, 1, 4, 4, 1, 1, 0, 2, 3, 2, 2, 1, 2, 1, 1, 2, 4, 3, 0, 2, 2, 3, 3, 1, 1, 2, 1, 1, 1, 4, 1, 3, 4, 1, 2, 4, 3, 1, 3, 1, 2, 4, 4, 2, 3, 2, 2, 2, 3, 4, 3, 2, 4, 4, 4, 4, 1, 1, 2, 3]|[0, 2, 0, 0, 3, 0, 1, 3, 0, 0, 2, 0, 1, 0, 1, 0, 0, 0, 1, 0, 0, 2, 0, 0, 1, 0, 0, 3, 0, 1, 0, 2, 0, 0, 3, 0, 1, 1, 0, 0, 0, 0, 1, 3, 0, 0, 1, 0, 2, 0, 0, 0, 0, 0, 1, 0, 1, 0, 1, 1, 0, 2, 0, 0, 0, 0, 0, 0, 0, 2, 0, 0, 1, 0, 0, 1, 0, 0, 3, 0, 0, 1, 2, 0, 0, 0, 0, 0, 3, 1, 0, 0, 2, 1, 3, 1, 0, 0, 0, 0],908.8272556494078,49235.066718390466,107289.32240407266,false
37,G3_TWC,G3_TWC,[31, 22, 82, 15, 26, 58, 95, 42, 77, 12, 47, 5, 93, 78, 98, 54, 85, 63, 18, 44, 20, 35, 43, 97, 91, 76, 10, 30, 21, 45, 71, 64, 1, 23, 17, 83, 24, 14, 60, 36, 6, 57, 94, 88, 65, 56, 79, 40, 67, 68, 46, 75, 39, 9, 19, 32, 81, 96, 27, 62, 87, 90, 99, 59, 11, 16, 72, 73, 70, 38, 37, 84, 3, 92, 25, 55, 28, 29, 51, 7, 33, 61, 86, 48, 89, 50, 69, 41, 53, 80, 4, 8, 34, 49, 52, 0, 13, 2, 66, 74]|[1, 1, 0, 1, 1, 1, 2, 1, 2, 1, 2, 2, 2, 1, 1, 0, 0, 1, 0, 2, 2, 0, 1, 2, 0, 1, 2, 2, 0, 0, 1, 2, 1, 2, 1, 0, 2, 0, 1, 1, 0, 1, 1, 1, 0, 2, 1, 1, 0, 0, 0, 0, 1, 1, 2, 1, 2, 0, 0, 0, 2, 1, 0, 1, 2, 1, 2, 1, 1, 1, 1, 1, 2, 0, 1, 1, 0, 0, 0, 1, 2, 1, 0, 0, 1, 0, 1, 0, 0, 0, 0, 1, 2, 0, 1, 0, 0, 0, 2, 2]|[4, 3, 2, 2, 0, 0, 2, 2, 2, 4, 1, 1, 2, 4, 4, 1, 1, 4, 2, 1, 1, 1, 1, 2, 1, 2, 1, 1, 1, 1, 3, 2, 3, 0, 4, 0, 1, 1, 0, 3, 2, 2, 4, 0, 1, 1, 0, 2, 0, 1, 2, 2, 1, 4, 0, 3, 2, 1, 1, 2, 1, 3, 1, 1, 1, 3, 0, 4, 3, 1, 4, 1, 1, 2, 4, 4, 2, 1, 1, 3, 1, 3, 1, 1, 1, 1, 3, 1, 2, 1, 2, 3, 1, 1, 1, 2, 2, 2, 1, 1]|[0, 2, 1, 1, 3, 3, 0, 1, 0, 0, 0, 0, 1, 0, 1, 0, 0, 3, 1, 0, 0, 0, 3, 1, 0, 2, 0, 0, 0, 1, 0, 0, 0, 0, 3, 0, 1, 0, 0, 2, 1, 1, 2, 0, 0, 0, 0, 1, 1, 0, 0, 0, 1, 3, 0, 0, 1, 0, 0, 1, 0, 2, 0, 1, 0, 2, 1, 0, 0, 1, 1, 3, 0, 1, 3, 3, 1, 0, 0, 2, 0, 0, 0, 0, 1, 0, 0, 0, 1, 0, 1, 2, 0, 1, 1, 0, 0, 0, 0, 0],790.0799945868791,57951.42221290124,88960.86369927591,false
37,G1_CMAX,G1_CMAX,[31, 22, 82, 15, 26, 58, 95, 42, 77, 12, 93, 5, 47, 78, 86, 21, 63, 18, 44, 20, 35, 43, 97, 91, 76, 10, 30, 85, 45, 71, 64, 23, 17, 83, 24, 14, 60, 25, 6, 54, 40, 88, 65, 56, 79, 57, 69, 67, 46, 75, 38, 99, 19, 32, 41, 81, 27, 87, 90, 9, 59, 11, 16, 72, 73, 70, 39, 37, 84, 1, 3, 92, 36, 55, 48, 68, 96, 29, 51, 62, 33, 61, 98, 66, 89, 50, 4, 7, 53, 80, 94, 28, 34, 49, 52, 0, 74, 8, 2, 13]|[1, 1, 0, 1, 1, 0, 1, 1, 2, 1, 2, 2, 2, 1, 1, 0, 1, 0, 2, 2, 0, 1, 2, 0, 1, 2, 2, 2, 0, 1, 2, 2, 1, 0, 2, 0, 1, 1, 0, 0, 1, 1, 0, 2, 1, 1, 1, 0, 0, 0, 1, 1, 2, 1, 2, 2, 0, 2, 1, 0, 1, 2, 1, 2, 1, 1, 1, 1, 1, 1, 1, 0, 1, 1, 0, 0, 2, 0, 0, 0, 2, 1, 2, 2, 1, 0, 1, 0, 0, 0, 1, 0, 2, 0, 1, 0, 2, 1, 0, 0]|[0, 3, 2, 2, 4, 1, 2, 3, 2, 4, 2, 1, 1, 4, 4, 1, 4, 2, 1, 1, 1, 1, 2, 1, 2, 1, 1, 2, 1, 3, 2, 0, 4, 0, 1, 1, 0, 3, 2, 1, 2, 0, 1, 1, 0, 2, 4, 0, 2, 2, 1, 4, 0, 3, 2, 1, 1, 1, 3, 1, 1, 1, 3, 0, 4, 3, 1, 4, 1, 3, 1, 0, 4, 2, 1, 1, 1, 1, 1, 2, 1, 3, 1, 1, 1, 1, 4, 0, 2, 1, 3, 2, 1, 1, 1, 2, 1, 4, 2, 2]|[0, 2, 1, 1, 3, 0, 1, 3, 0, 0, 0, 0, 0, 0, 1, 0, 3, 1, 0, 0, 0, 3, 1, 0, 2, 0, 0, 1, 1, 0, 0, 0, 3, 0, 1, 0, 0, 2, 1, 0, 1, 0, 0, 0, 0, 1, 2, 1, 0, 0, 1, 3, 0, 0, 1, 0, 0, 0, 2, 0, 1, 0, 2, 1, 0, 0, 1, 1, 3, 0, 1, 1, 3, 3, 0, 0, 0, 0, 0, 1, 0, 0, 0, 0, 1, 0, 0, 0, 1, 0, 2, 1, 0, 1, 1, 0, 0, 2, 0, 0],717.7746778690674,58051.11429889491,97947.81742761745,false
37,G4_BALANCED,G4_BALANCED,[31, 22, 82, 15, 26, 58, 95, 42, 77, 12, 47, 5, 93, 78, 86, 54, 85, 63, 18, 44, 20, 35, 43, 97, 66, 76, 79, 30, 21, 45, 71, 64, 1, 23, 17, 83, 24, 14, 60, 36, 6, 57, 40, 88, 65, 56, 10, 94, 67, 68, 46, 75, 38, 9, 19, 32, 41, 81, 27, 62, 87, 90, 99, 59, 11, 16, 72, 73, 69, 39, 37, 84, 3, 92, 25, 55, 29, 28, 51, 7, 33, 61, 48, 98, 89, 8, 4, 96, 53, 80, 50, 91, 34, 2, 52, 0, 49, 70, 13, 74]|[1, 1, 0, 1, 1, 0, 1, 2, 2, 1, 2, 2, 2, 1, 1, 0, 0, 1, 0, 2, 2, 0, 1, 2, 2, 1, 2, 2, 0, 0, 1, 2, 1, 2, 1, 0, 2, 0, 1, 1, 0, 1, 1, 1, 0, 2, 2, 1, 0, 0, 0, 0, 1, 1, 2, 1, 0, 2, 0, 0, 2, 1, 0, 1, 2, 1, 2, 1, 1, 1, 1, 1, 1, 0, 1, 2, 0, 0, 0, 1, 2, 1, 0, 2, 1, 1, 1, 2, 0, 0, 0, 0, 2, 0, 1, 0, 0, 1, 0, 2]|[4, 3, 2, 2, 4, 1, 2, 2, 2, 4, 1, 1, 2, 4, 4, 1, 2, 4, 2, 1, 1, 1, 1, 2, 1, 2, 1, 1, 1, 1, 3, 1, 3, 1, 4, 0, 1, 1, 0, 3, 2, 2, 2, 0, 1, 1, 1, 4, 0, 1, 2, 2, 1, 4, 0, 3, 1, 1, 1, 2, 1, 3, 1, 1, 1, 3, 0, 4, 4, 1, 4, 1, 1, 0, 4, 1, 1, 2, 1, 1, 1, 3, 1, 1, 1, 3, 4, 1, 2, 1, 1, 1, 1, 2, 1, 2, 1, 3, 2, 1]|[0, 2, 1, 1, 3, 0, 1, 0, 0, 0, 0, 0, 1, 0, 1, 0, 0, 3, 1, 0, 0, 0, 3, 1, 0, 2, 0, 0, 0, 0, 0, 0, 0, 0, 3, 0, 1, 0, 0, 2, 1, 1, 1, 0, 0, 0, 0, 2, 1, 0, 0, 0, 1, 3, 0, 0, 0, 0, 0, 1, 0, 2, 0, 1, 0, 2, 1, 0, 2, 1, 1, 3, 1, 1, 3, 0, 0, 1, 0, 2, 0, 0, 0, 0, 1, 2, 0, 0, 1, 0, 0, 0, 0, 0, 1, 0, 1, 0, 0, 0],777.436160111927,55378.96358309585,98756.68483674081,false
37,G2_TEC,G2_TEC,[31, 22, 82, 15, 26, 9, 95, 42, 77, 68, 47, 5, 93, 78, 86, 54, 85, 63, 18, 44, 20, 49, 36, 14, 74, 50, 53, 17, 21, 28, 11, 64, 3, 23, 30, 83, 24, 41, 40, 52, 65, 27, 90, 70, 39, 87, 48, 69, 99, 4, 75, 1, 13, 58, 97, 59, 45, 8, 73, 37, 35, 79, 71, 66, 76, 32, 60, 80, 56, 6, 67, 61, 33, 7, 57, 34, 12, 16, 10, 98, 96, 88, 43, 46, 91, 38, 84, 92, 29, 19, 51, 55, 81, 89, 25, 72, 94, 2, 0, 62]|[2, 1, 2, 1, 1, 2, 1, 1, 1, 1, 1, 0, 2, 2, 1, 2, 0, 0, 0, 2, 2, 1, 0, 2, 0, 2, 2, 1, 0, 1, 1, 1, 0, 0, 1, 0, 2, 1, 2, 2, 0, 0, 1, 1, 0, 2, 0, 2, 1, 0, 0, 2, 0, 0, 2, 0, 1, 1, 0, 0, 2, 1, 1, 2, 2, 0, 2, 2, 2, 1, 2, 1, 1, 2, 0, 1, 1, 2, 1, 2, 0, 1, 1, 0, 1, 0, 0, 0, 1, 1, 1, 0, 1, 1, 1, 1, 2, 2, 0, 1]|[0, 3, 0, 3, 4, 1, 4, 4, 2, 4, 3, 2, 1, 0, 2, 1, 1, 1, 2, 1, 1, 3, 0, 1, 0, 1, 1, 4, 1, 4, 3, 2, 2, 0, 4, 1, 1, 4, 1, 1, 2, 1, 4, 4, 1, 1, 0, 2, 3, 2, 2, 1, 2, 1, 1, 2, 4, 3, 0, 2, 2, 3, 3, 1, 1, 2, 1, 1, 1, 4, 1, 3, 4, 1, 2, 4, 3, 1, 3, 1, 2, 4, 4, 2, 3, 2, 2, 2, 3, 4, 3, 2, 4, 4, 4, 4, 1, 1, 2, 3]|[0, 2, 0, 0, 3, 0, 1, 3, 0, 0, 2, 0, 1, 0, 1, 0, 0, 0, 1, 0, 0, 2, 0, 0, 1, 0, 0, 3, 0, 1, 0, 2, 0, 0, 3, 0, 1, 1, 0, 0, 0, 0, 1, 3, 0, 0, 1, 0, 2, 0, 0, 0, 0, 0, 1, 0, 1, 0, 1, 1, 0, 2, 0, 0, 0, 0, 0, 0, 0, 2, 0, 0, 1, 0, 0, 1, 0, 0, 3, 0, 0, 1, 2, 0, 0, 0, 0, 0, 3, 1, 0, 0, 2, 1, 3, 1, 0, 0, 0, 0],908.8272556494078,49235.066718390466,107289.32240407266,false
37,G3_TWC,G3_TWC,[31, 22, 82, 15, 26, 58, 95, 42, 77, 12, 47, 5, 93, 78, 98, 54, 85, 63, 18, 44, 20, 35, 43, 97, 91, 76, 10, 30, 21, 45, 71, 64, 1, 23, 17, 83, 24, 14, 60, 36, 6, 57, 94, 88, 65, 56, 79, 40, 67, 68, 46, 75, 39, 9, 19, 32, 81, 96, 27, 62, 87, 90, 99, 59, 11, 16, 72, 73, 70, 38, 37, 84, 3, 92, 25, 55, 28, 29, 51, 7, 33, 61, 86, 48, 89, 50, 69, 41, 53, 80, 4, 8, 34, 49, 52, 0, 13, 2, 66, 74]|[1, 1, 0, 1, 1, 1, 2, 1, 2, 1, 2, 2, 2, 1, 1, 0, 0, 1, 0, 2, 2, 0, 1, 2, 0, 1, 2, 2, 0, 0, 1, 2, 1, 2, 1, 0, 2, 0, 1, 1, 0, 1, 1, 1, 0, 2, 1, 1, 0, 0, 0, 0, 1, 1, 2, 1, 2, 0, 0, 0, 2, 1, 0, 1, 2, 1, 2, 1, 1, 1, 1, 1, 2, 0, 1, 1, 0, 0, 0, 1, 2, 1, 0, 0, 1, 0, 1, 0, 0, 0, 0, 1, 2, 0, 1, 0, 0, 0, 2, 2]|[4, 3, 2, 2, 0, 0, 2, 2, 2, 4, 1, 1, 2, 4, 4, 1, 1, 4, 2, 1, 1, 1, 1, 2, 1, 2, 1, 1, 1, 1, 3, 2, 3, 0, 4, 0, 1, 1, 0, 3, 2, 2, 4, 0, 1, 1, 0, 2, 0, 1, 2, 2, 1, 4, 0, 3, 2, 1, 1, 2, 1, 3, 1, 1, 1, 3, 0, 4, 3, 1, 4, 1, 1, 2, 4, 4, 2, 1, 1, 3, 1, 3, 1, 1, 1, 1, 3, 1, 2, 1, 2, 3, 1, 1, 1, 2, 2, 2, 1, 1]|[0, 2, 1, 1, 3, 3, 0, 1, 0, 0, 0, 0, 1, 0, 1, 0, 0, 3, 1, 0, 0, 0, 3, 1, 0, 2, 0, 0, 0, 1, 0, 0, 0, 0, 3, 0, 1, 0, 0, 2, 1, 1, 2, 0, 0, 0, 0, 1, 1, 0, 0, 0, 1, 3, 0, 0, 1, 0, 0, 1, 0, 2, 0, 1, 0, 2, 1, 0, 0, 1, 1, 3, 0, 1, 3, 3, 1, 0, 0, 2, 0, 0, 0, 0, 1, 0, 0, 0, 1, 0, 1, 2, 0, 1, 1, 0, 0, 0, 0, 0],790.0799945868791,57951.42221290124,88960.86369927591,false
37,G1_CMAX,G1_CMAX,[31, 22, 82, 15, 26, 58, 95, 42, 77, 12, 93, 5, 47, 78, 86, 21, 63, 18, 44, 20, 35, 43, 97, 91, 76, 10, 30, 85, 45, 71, 64, 23, 17, 83, 24, 14, 60, 25, 6, 54, 40, 88, 65, 56, 79, 57, 69, 67, 46, 75, 38, 99, 19, 32, 41, 81, 27, 87, 90, 9, 59, 11, 16, 72, 73, 70, 39, 37, 84, 1, 3, 92, 36, 55, 48, 68, 96, 29, 51, 62, 33, 61, 98, 66, 89, 50, 4, 7, 53, 80, 94, 28, 34, 49, 52, 0, 74, 8, 2, 13]|[1, 1, 0, 1, 1, 0, 1, 1, 2, 1, 2, 2, 2, 1, 1, 0, 1, 0, 2, 2, 0, 1, 2, 0, 1, 2, 2, 2, 0, 1, 2, 2, 1, 0, 2, 0, 1, 1, 0, 0, 1, 1, 0, 2, 1, 1, 1, 0, 0, 0, 1, 1, 2, 1, 2, 2, 0, 2, 1, 0, 1, 2, 1, 2, 1, 1, 1, 1, 1, 1, 1, 0, 1, 1, 0, 0, 2, 0, 0, 0, 2, 1, 2, 2, 1, 0, 1, 0, 0, 0, 1, 0, 2, 0, 1, 0, 2, 1, 0, 0]|[0, 3, 2, 2, 4, 1, 2, 3, 2, 4, 2, 1, 1, 4, 4, 1, 4, 2, 1, 1, 1, 1, 2, 1, 2, 1, 1, 2, 1, 3, 2, 0, 4, 0, 1, 1, 0, 3, 2, 1, 2, 0, 1, 1, 0, 2, 4, 0, 2, 2, 1, 4, 0, 3, 2, 1, 1, 1, 3, 1, 1, 1, 3, 0, 4, 3, 1, 4, 1, 3, 1, 0, 4, 2, 1, 1, 1, 1, 1, 2, 1, 3, 1, 1, 1, 1, 4, 0, 2, 1, 3, 2, 1, 1, 1, 2, 1, 4, 2, 2]|[0, 2, 1, 1, 3, 0, 1, 3, 0, 0, 0, 0, 0, 0, 1, 0, 3, 1, 0, 0, 0, 3, 1, 0, 2, 0, 0, 1, 1, 0, 0, 0, 3, 0, 1, 0, 0, 2, 1, 0, 1, 0, 0, 0, 0, 1, 2, 1, 0, 0, 1, 3, 0, 0, 1, 0, 0, 0, 2, 0, 1, 0, 2, 1, 0, 0, 1, 1, 3, 0, 1, 1, 3, 3, 0, 0, 0, 0, 0, 1, 0, 0, 0, 0, 1, 0, 0, 0, 1, 0, 2, 1, 0, 1, 1, 0, 0, 2, 0, 0],717.7746778690674,58051.11429889491,97947.81742761745,false
37,G4_BALANCED,G4_BALANCED,[31, 22, 82, 15, 26, 58, 95, 42, 77, 12, 47, 5, 93, 78, 86, 54, 85, 63, 18, 44, 20, 35, 43, 97, 66, 76, 79, 30, 21, 45, 71, 64, 1, 23, 17, 83, 24, 14, 60, 36, 6, 57, 40, 88, 65, 56, 10, 94, 67, 68, 46, 75, 38, 9, 19, 32, 41, 81, 27, 62, 87, 90, 99, 59, 11, 16, 72, 73, 69, 39, 37, 84, 3, 92, 25, 55, 29, 28, 51, 7, 33, 61, 48, 98, 89, 8, 4, 96, 53, 80, 50, 91, 34, 2, 52, 0, 49, 70, 13, 74]|[1, 1, 0, 1, 1, 0, 1, 2, 2, 1, 2, 2, 2, 1, 1, 0, 0, 1, 0, 2, 2, 0, 1, 2, 2, 1, 2, 2, 0, 0, 1, 2, 1, 2, 1, 0, 2, 0, 1, 1, 0, 1, 1, 1, 0, 2, 2, 1, 0, 0, 0, 0, 1, 1, 2, 1, 0, 2, 0, 0, 2, 1, 0, 1, 2, 1, 2, 1, 1, 1, 1, 1, 1, 0, 1, 2, 0, 0, 0, 1, 2, 1, 0, 2, 1, 1, 1, 2, 0, 0, 0, 0, 2, 0, 1, 0, 0, 1, 0, 2]|[4, 3, 2, 2, 4, 1, 2, 2, 2, 4, 1, 1, 2, 4, 4, 1, 2, 4, 2, 1, 1, 1, 1, 2, 1, 2, 1, 1, 1, 1, 3, 1, 3, 1, 4, 0, 1, 1, 0, 3, 2, 2, 2, 0, 1, 1, 1, 4, 0, 1, 2, 2, 1, 4, 0, 3, 1, 1, 1, 2, 1, 3, 1, 1, 1, 3, 0, 4, 4, 1, 4, 1, 1, 0, 4, 1, 1, 2, 1, 1, 1, 3, 1, 1, 1, 3, 4, 1, 2, 1, 1, 1, 1, 2, 1, 2, 1, 3, 2, 1]|[0, 2, 1, 1, 3, 0, 1, 0, 0, 0, 0, 0, 1, 0, 1, 0, 0, 3, 1, 0, 0, 0, 3, 1, 0, 2, 0, 0, 0, 0, 0, 0, 0, 0, 3, 0, 1, 0, 0, 2, 1, 1, 1, 0, 0, 0, 0, 2, 1, 0, 0, 0, 1, 3, 0, 0, 0, 0, 0, 1, 0, 2, 0, 1, 0, 2, 1, 0, 2, 1, 1, 3, 1, 1, 3, 0, 0, 1, 0, 2, 0, 0, 0, 0, 1, 2, 0, 0, 1, 0, 0, 0, 0, 0, 1, 0, 1, 0, 0, 0],777.436160111927,55378.96358309585,98756.68483674081,false
37,G2_TEC,G2_TEC,[31, 22, 82, 15, 26, 9, 95, 42, 77, 68, 47, 5, 93, 78, 86, 54, 85, 63, 18, 44, 20, 49, 36, 14, 74, 50, 53, 17, 21, 28, 11, 64, 3, 23, 30, 83, 24, 41, 40, 52, 65, 27, 90, 70, 39, 87, 48, 69, 99, 4, 75, 1, 13, 58, 97, 59, 45, 8, 73, 37, 35, 79, 71, 66, 76, 32, 60, 80, 56, 6, 67, 61, 33, 7, 57, 34, 12, 16, 10, 98, 96, 88, 43, 46, 91, 38, 84, 92, 29, 19, 51, 55, 81, 89, 25, 72, 94, 2, 0, 62]|[2, 1, 2, 1, 1, 2, 1, 1, 1, 1, 1, 0, 2, 2, 1, 2, 0, 0, 0, 2, 2, 1, 0, 2, 0, 2, 2, 1, 0, 1, 1, 1, 0, 0, 1, 0, 2, 1, 2, 2, 0, 0, 1, 1, 0, 2, 0, 2, 1, 0, 0, 2, 0, 0, 2, 0, 1, 1, 0, 0, 2, 1, 1, 2, 2, 0, 2, 2, 2, 1, 2, 1, 1, 2, 0, 1, 1, 2, 1, 2, 0, 1, 1, 0, 1, 0, 0, 0, 1, 1, 1, 0, 1, 1, 1, 1, 2, 2, 0, 1]|[0, 3, 0, 3, 4, 1, 4, 4, 2, 4, 3, 2, 1, 0, 2, 1, 1, 1, 2, 1, 1, 3, 0, 1, 0, 1, 1, 4, 1, 4, 3, 2, 2, 0, 4, 1, 1, 4, 1, 1, 2, 1, 4, 4, 1, 1, 0, 2, 3, 2, 2, 1, 2, 1, 1, 2, 4, 3, 0, 2, 2, 3, 3, 1, 1, 2, 1, 1, 1, 4, 1, 3, 4, 1, 2, 4, 3, 1, 3, 1, 2, 4, 4, 2, 3, 2, 2, 2, 3, 4, 3, 2, 4, 4, 4, 4, 1, 1, 2, 3]|[0, 2, 0, 0, 3, 0, 1, 3, 0, 0, 2, 0, 1, 0, 1, 0, 0, 0, 1, 0, 0, 2, 0, 0, 1, 0, 0, 3, 0, 1, 0, 2, 0, 0, 3, 0, 1, 1, 0, 0, 0, 0, 1, 3, 0, 0, 1, 0, 2, 0, 0, 0, 0, 0, 1, 0, 1, 0, 1, 1, 0, 2, 0, 0, 0, 0, 0, 0, 0, 2, 0, 0, 1, 0, 0, 1, 0, 0, 3, 0, 0, 1, 2, 0, 0, 0, 0, 0, 3, 1, 0, 0, 2, 1, 3, 1, 0, 0, 0, 0],908.8272556494078,49235.066718390466,107289.32240407266,false
37,G3_TWC,G3_TWC,[31, 22, 82, 15, 26, 58, 95, 42, 77, 12, 47, 5, 93, 78, 98, 54, 85, 63, 18, 44, 20, 35, 43, 97, 91, 76, 10, 30, 21, 45, 71, 64, 1, 23, 17, 83, 24, 14, 60, 36, 6, 57, 94, 88, 65, 56, 79, 40, 67, 68, 46, 75, 39, 9, 19, 32, 81, 96, 27, 62, 87, 90, 99, 59, 11, 16, 72, 73, 70, 38, 37, 84, 3, 92, 25, 55, 28, 29, 51, 7, 33, 61, 86, 48, 89, 50, 69, 41, 53, 80, 4, 8, 34, 49, 52, 0, 13, 2, 66, 74]|[1, 1, 0, 1, 1, 1, 2, 1, 2, 1, 2, 2, 2, 1, 1, 0, 0, 1, 0, 2, 2, 0, 1, 2, 0, 1, 2, 2, 0, 0, 1, 2, 1, 2, 1, 0, 2, 0, 1, 1, 0, 1, 1, 1, 0, 2, 1, 1, 0, 0, 0, 0, 1, 1, 2, 1, 2, 0, 0, 0, 2, 1, 0, 1, 2, 1, 2, 1, 1, 1, 1, 1, 2, 0, 1, 1, 0, 0, 0, 1, 2, 1, 0, 0, 1, 0, 1, 0, 0, 0, 0, 1, 2, 0, 1, 0, 0, 0, 2, 2]|[4, 3, 2, 2, 0, 0, 2, 2, 2, 4, 1, 1, 2, 4, 4, 1, 1, 4, 2, 1, 1, 1, 1, 2, 1, 2, 1, 1, 1, 1, 3, 2, 3, 0, 4, 0, 1, 1, 0, 3, 2, 2, 4, 0, 1, 1, 0, 2, 0, 1, 2, 2, 1, 4, 0, 3, 2, 1, 1, 2, 1, 3, 1, 1, 1, 3, 0, 4, 3, 1, 4, 1, 1, 2, 4, 4, 2, 1, 1, 3, 1, 3, 1, 1, 1, 1, 3, 1, 2, 1, 2, 3, 1, 1, 1, 2, 2, 2, 1, 1]|[0, 2, 1, 1, 3, 3, 0, 1, 0, 0, 0, 0, 1, 0, 1, 0, 0, 3, 1, 0, 0, 0, 3, 1, 0, 2, 0, 0, 0, 1, 0, 0, 0, 0, 3, 0, 1, 0, 0, 2, 1, 1, 2, 0, 0, 0, 0, 1, 1, 0, 0, 0, 1, 3, 0, 0, 1, 0, 0, 1, 0, 2, 0, 1, 0, 2, 1, 0, 0, 1, 1, 3, 0, 1, 3, 3, 1, 0, 0, 2, 0, 0, 0, 0, 1, 0, 0, 0, 1, 0, 1, 2, 0, 1, 1, 0, 0, 0, 0, 0],790.0799945868791,57951.42221290124,88960.86369927591,false
37,G1_CMAX,G1_CMAX,[31, 22, 82, 15, 26, 58, 95, 42, 77, 12, 93, 5, 47, 78, 86, 21, 63, 18, 44, 20, 35, 43, 97, 91, 76, 10, 30, 85, 45, 71, 64, 23, 17, 83, 24, 14, 60, 25, 6, 54, 40, 88, 65, 56, 79, 57, 69, 67, 46, 75, 38, 99, 19, 32, 41, 81, 27, 87, 90, 9, 59, 11, 16, 72, 73, 70, 39, 37, 84, 1, 3, 92, 36, 55, 48, 68, 96, 29, 51, 62, 33, 61, 98, 66, 89, 50, 4, 7, 53, 80, 94, 28, 34, 49, 52, 0, 74, 8, 2, 13]|[1, 1, 0, 1, 1, 0, 1, 1, 2, 1, 2, 2, 2, 1, 1, 0, 1, 0, 2, 2, 0, 1, 2, 0, 1, 2, 2, 2, 0, 1, 2, 2, 1, 0, 2, 0, 1, 1, 0, 0, 1, 1, 0, 2, 1, 1, 1, 0, 0, 0, 1, 1, 2, 1, 2, 2, 0, 2, 1, 0, 1, 2, 1, 2, 1, 1, 1, 1, 1, 1, 1, 0, 1, 1, 0, 0, 2, 0, 0, 0, 2, 1, 2, 2, 1, 0, 1, 0, 0, 0, 1, 0, 2, 0, 1, 0, 2, 1, 0, 0]|[0, 3, 2, 2, 4, 1, 2, 3, 2, 4, 2, 1, 1, 4, 4, 1, 4, 2, 1, 1, 1, 1, 2, 1, 2, 1, 1, 2, 1, 3, 2, 0, 4, 0, 1, 1, 0, 3, 2, 1, 2, 0, 1, 1, 0, 2, 4, 0, 2, 2, 1, 4, 0, 3, 2, 1, 1, 1, 3, 1, 1, 1, 3, 0, 4, 3, 1, 4, 1, 3, 1, 0, 4, 2, 1, 1, 1, 1, 1, 2, 1, 3, 1, 1, 1, 1, 4, 0, 2, 1, 3, 2, 1, 1, 1, 2, 1, 4, 2, 2]|[0, 2, 1, 1, 3, 0, 1, 3, 0, 0, 0, 0, 0, 0, 1, 0, 3, 1, 0, 0, 0, 3, 1, 0, 2, 0, 0, 1, 1, 0, 0, 0, 3, 0, 1, 0, 0, 2, 1, 0, 1, 0, 0, 0, 0, 1, 2, 1, 0, 0, 1, 3, 0, 0, 1, 0, 0, 0, 2, 0, 1, 0, 2, 1, 0, 0, 1, 1, 3, 0, 1, 1, 3, 3, 0, 0, 0, 0, 0, 1, 0, 0, 0, 0, 1, 0, 0, 0, 1, 0, 2, 1, 0, 1, 1, 0, 0, 2, 0, 0],717.7746778690674,58051.11429889491,97947.81742761745,false
37,G4_BALANCED,G4_BALANCED,[31, 22, 82, 15, 26, 58, 95, 42, 77, 12, 47, 5, 93, 78, 86, 54, 85, 63, 18, 44, 20, 35, 43, 97, 66, 76, 79, 30, 21, 45, 71, 64, 1, 23, 17, 83, 24, 14, 60, 36, 6, 57, 40, 88, 65, 56, 10, 94, 67, 68, 46, 75, 38, 9, 19, 32, 41, 81, 27, 62, 87, 90, 99, 59, 11, 16, 72, 73, 69, 39, 37, 84, 3, 92, 25, 55, 29, 28, 51, 7, 33, 61, 48, 98, 89, 8, 4, 96, 53, 80, 50, 91, 34, 2, 52, 0, 49, 70, 13, 74]|[1, 1, 0, 1, 1, 0, 1, 2, 2, 1, 2, 2, 2, 1, 1, 0, 0, 1, 0, 2, 2, 0, 1, 2, 2, 1, 2, 2, 0, 0, 1, 2, 1, 2, 1, 0, 2, 0, 1, 1, 0, 1, 1, 1, 0, 2, 2, 1, 0, 0, 0, 0, 1, 1, 2, 1, 0, 2, 0, 0, 2, 1, 0, 1, 2, 1, 2, 1, 1, 1, 1, 1, 1, 0, 1, 2, 0, 0, 0, 1, 2, 1, 0, 2, 1, 1, 1, 2, 0, 0, 0, 0, 2, 0, 1, 0, 0, 1, 0, 2]|[4, 3, 2, 2, 4, 1, 2, 2, 2, 4, 1, 1, 2, 4, 4, 1, 2, 4, 2, 1, 1, 1, 1, 2, 1, 2, 1, 1, 1, 1, 3, 1, 3, 1, 4, 0, 1, 1, 0, 3, 2, 2, 2, 0, 1, 1, 1, 4, 0, 1, 2, 2, 1, 4, 0, 3, 1, 1, 1, 2, 1, 3, 1, 1, 1, 3, 0, 4, 4, 1, 4, 1, 1, 0, 4, 1, 1, 2, 1, 1, 1, 3, 1, 1, 1, 3, 4, 1, 2, 1, 1, 1, 1, 2, 1, 2, 1, 3, 2, 1]|[0, 2, 1, 1, 3, 0, 1, 0, 0, 0, 0, 0, 1, 0, 1, 0, 0, 3, 1, 0, 0, 0, 3, 1, 0, 2, 0, 0, 0, 0, 0, 0, 0, 0, 3, 0, 1, 0, 0, 2, 1, 1, 1, 0, 0, 0, 0, 2, 1, 0, 0, 0, 1, 3, 0, 0, 0, 0, 0, 1, 0, 2, 0, 1, 0, 2, 1, 0, 2, 1, 1, 3, 1, 1, 3, 0, 0, 1, 0, 2, 0, 0, 0, 0, 1, 2, 0, 0, 1, 0, 0, 0, 0, 0, 1, 0, 1, 0, 0, 0],777.436160111927,55378.96358309585,98756.68483674081,false
37,G2_TEC,G2_TEC,[31, 22, 82, 15, 26, 9, 95, 42, 77, 68, 47, 5, 93, 78, 86, 54, 85, 63, 18, 44, 20, 49, 36, 14, 74, 50, 53, 17, 21, 28, 11, 64, 3, 23, 30, 83, 24, 41, 40, 52, 65, 27, 90, 70, 39, 87, 48, 69, 99, 4, 75, 1, 13, 58, 97, 59, 45, 8, 73, 37, 35, 79, 71, 66, 76, 32, 60, 80, 56, 6, 67, 61, 33, 7, 57, 34, 12, 16, 10, 98, 96, 88, 43, 46, 91, 38, 84, 92, 29, 19, 51, 55, 81, 89, 25, 72, 94, 2, 0, 62]|[2, 1, 2, 1, 1, 2, 1, 1, 1, 1, 1, 0, 2, 2, 1, 2, 0, 0, 0, 2, 2, 1, 0, 2, 0, 2, 2, 1, 0, 1, 1, 1, 0, 0, 1, 0, 2, 1, 2, 2, 0, 0, 1, 1, 0, 2, 0, 2, 1, 0, 0, 2, 0, 0, 2, 0, 1, 1, 0, 0, 2, 1, 1, 2, 2, 0, 2, 2, 2, 1, 2, 1, 1, 2, 0, 1, 1, 2, 1, 2, 0, 1, 1, 0, 1, 0, 0, 0, 1, 1, 1, 0, 1, 1, 1, 1, 2, 2, 0, 1]|[0, 3, 0, 3, 4, 1, 4, 4, 2, 4, 3, 2, 1, 0, 2, 1, 1, 1, 2, 1, 1, 3, 0, 1, 0, 1, 1, 4, 1, 4, 3, 2, 2, 0, 4, 1, 1, 4, 1, 1, 2, 1, 4, 4, 1, 1, 0, 2, 3, 2, 2, 1, 2, 1, 1, 2, 4, 3, 0, 2, 2, 3, 3, 1, 1, 2, 1, 1, 1, 4, 1, 3, 4, 1, 2, 4, 3, 1, 3, 1, 2, 4, 4, 2, 3, 2, 2, 2, 3, 4, 3, 2, 4, 4, 4, 4, 1, 1, 2, 3]|[0, 2, 0, 0, 3, 0, 1, 3, 0, 0, 2, 0, 1, 0, 1, 0, 0, 0, 1, 0, 0, 2, 0, 0, 1, 0, 0, 3, 0, 1, 0, 2, 0, 0, 3, 0, 1, 1, 0, 0, 0, 0, 1, 3, 0, 0, 1, 0, 2, 0, 0, 0, 0, 0, 1, 0, 1, 0, 1, 1, 0, 2, 0, 0, 0, 0, 0, 0, 0, 2, 0, 0, 1, 0, 0, 1, 0, 0, 3, 0, 0, 1, 2, 0, 0, 0, 0, 0, 3, 1, 0, 0, 2, 1, 3, 1, 0, 0, 0, 0],908.8272556494078,49235.066718390466,107289.32240407266,false
37,G3_TWC,G3_TWC,[31, 22, 82, 15, 26, 58, 95, 42, 77, 12, 47, 5, 93, 78, 98, 54, 85, 63, 18, 44, 20, 35, 43, 97, 91, 76, 10, 30, 21, 45, 71, 64, 1, 23, 17, 83, 24, 14, 60, 36, 6, 57, 94, 88, 65, 56, 79, 40, 67, 68, 46, 75, 39, 9, 19, 32, 81, 96, 27, 62, 87, 90, 99, 59, 11, 16, 72, 73, 70, 38, 37, 84, 3, 92, 25, 55, 28, 29, 51, 7, 33, 61, 86, 48, 89, 50, 69, 41, 53, 80, 4, 8, 34, 49, 52, 0, 13, 2, 66, 74]|[1, 1, 0, 1, 1, 1, 2, 1, 2, 1, 2, 2, 2, 1, 1, 0, 0, 1, 0, 2, 2, 0, 1, 2, 0, 1, 2, 2, 0, 0, 1, 2, 1, 2, 1, 0, 2, 0, 1, 1, 0, 1, 1, 1, 0, 2, 1, 1, 0, 0, 0, 0, 1, 1, 2, 1, 2, 0, 0, 0, 2, 1, 0, 1, 2, 1, 2, 1, 1, 1, 1, 1, 2, 0, 1, 1, 0, 0, 0, 1, 2, 1, 0, 0, 1, 0, 1, 0, 0, 0, 0, 1, 2, 0, 1, 0, 0, 0, 2, 2]|[4, 3, 2, 2, 0, 0, 2, 2, 2, 4, 1, 1, 2, 4, 4, 1, 1, 4, 2, 1, 1, 1, 1, 2, 1, 2, 1, 1, 1, 1, 3, 2, 3, 0, 4, 0, 1, 1, 0, 3, 2, 2, 4, 0, 1, 1, 0, 2, 0, 1, 2, 2, 1, 4, 0, 3, 2, 1, 1, 2, 1, 3, 1, 1, 1, 3, 0, 4, 3, 1, 4, 1, 1, 2, 4, 4, 2, 1, 1, 3, 1, 3, 1, 1, 1, 1, 3, 1, 2, 1, 2, 3, 1, 1, 1, 2, 2, 2, 1, 1]|[0, 2, 1, 1, 3, 3, 0, 1, 0, 0, 0, 0, 1, 0, 1, 0, 0, 3, 1, 0, 0, 0, 3, 1, 0, 2, 0, 0, 0, 1, 0, 0, 0, 0, 3, 0, 1, 0, 0, 2, 1, 1, 2, 0, 0, 0, 0, 1, 1, 0, 0, 0, 1, 3, 0, 0, 1, 0, 0, 1, 0, 2, 0, 1, 0, 2, 1, 0, 0, 1, 1, 3, 0, 1, 3, 3, 1, 0, 0, 2, 0, 0, 0, 0, 1, 0, 0, 0, 1, 0, 1, 2, 0, 1, 1, 0, 0, 0, 0, 0],790.0799945868791,57951.42221290124,88960.86369927591,false
37,G1_CMAX,G1_CMAX,[31, 22, 82, 15, 26, 58, 95, 42, 77, 12, 93, 5, 47, 78, 86, 21, 63, 18, 44, 20, 35, 43, 97, 91, 76, 10, 30, 85, 45, 71, 64, 23, 17, 83, 24, 14, 60, 25, 6, 54, 40, 88, 65, 56, 79, 57, 69, 67, 46, 75, 38, 99, 19, 32, 41, 81, 27, 87, 90, 9, 59, 11, 16, 72, 73, 70, 39, 37, 84, 1, 3, 92, 36, 55, 48, 68, 96, 29, 51, 62, 33, 61, 98, 66, 89, 50, 4, 7, 53, 80, 94, 28, 34, 49, 52, 0, 74, 8, 2, 13]|[1, 1, 0, 1, 1, 0, 1, 1, 2, 1, 2, 2, 2, 1, 1, 0, 1, 0, 2, 2, 0, 1, 2, 0, 1, 2, 2, 2, 0, 1, 2, 2, 1, 0, 2, 0, 1, 1, 0, 0, 1, 1, 0, 2, 1, 1, 1, 0, 0, 0, 1, 1, 2, 1, 2, 2, 0, 2, 1, 0, 1, 2, 1, 2, 1, 1, 1, 1, 1, 1, 1, 0, 1, 1, 0, 0, 2, 0, 0, 0, 2, 1, 2, 2, 1, 0, 1, 0, 0, 0, 1, 0, 2, 0, 1, 0, 2, 1, 0, 0]|[0, 3, 2, 2, 4, 1, 2, 3, 2, 4, 2, 1, 1, 4, 4, 1, 4, 2, 1, 1, 1, 1, 2, 1, 2, 1, 1, 2, 1, 3, 2, 0, 4, 0, 1, 1, 0, 3, 2, 1, 2, 0, 1, 1, 0, 2, 4, 0, 2, 2, 1, 4, 0, 3, 2, 1, 1, 1, 3, 1, 1, 1, 3, 0, 4, 3, 1, 4, 1, 3, 1, 0, 4, 2, 1, 1, 1, 1, 1, 2, 1, 3, 1, 1, 1, 1, 4, 0, 2, 1, 3, 2, 1, 1, 1, 2, 1, 4, 2, 2]|[0, 2, 1, 1, 3, 0, 1, 3, 0, 0, 0, 0, 0, 0, 1, 0, 3, 1, 0, 0, 0, 3, 1, 0, 2, 0, 0, 1, 1, 0, 0, 0, 3, 0, 1, 0, 0, 2, 1, 0, 1, 0, 0, 0, 0, 1, 2, 1, 0, 0, 1, 3, 0, 0, 1, 0, 0, 0, 2, 0, 1, 0, 2, 1, 0, 0, 1, 1, 3, 0, 1, 1, 3, 3, 0, 0, 0, 0, 0, 1, 0, 0, 0, 0, 1, 0, 0, 0, 1, 0, 2, 1, 0, 1, 1, 0, 0, 2, 0, 0],717.7746778690674,58051.11429889491,97947.81742761745,false
37,G4_BALANCED,G4_BALANCED,[31, 22, 82, 15, 26, 58, 95, 42, 77, 12, 47, 5, 93, 78, 86, 54, 85, 63, 18, 44, 20, 35, 43, 97, 66, 76, 79, 30, 21, 45, 71, 64, 1, 23, 17, 83, 24, 14, 60, 36, 6, 57, 40, 88, 65, 56, 10, 94, 67, 68, 46, 75, 38, 9, 19, 32, 41, 81, 27, 62, 87, 90, 99, 59, 11, 16, 72, 73, 69, 39, 37, 84, 3, 92, 25, 55, 29, 28, 51, 7, 33, 61, 48, 98, 89, 8, 4, 96, 53, 80, 50, 91, 34, 2, 52, 0, 49, 70, 13, 74]|[1, 1, 0, 1, 1, 0, 1, 2, 2, 1, 2, 2, 2, 1, 1, 0, 0, 1, 0, 2, 2, 0, 1, 2, 2, 1, 2, 2, 0, 0, 1, 2, 1, 2, 1, 0, 2, 0, 1, 1, 0, 1, 1, 1, 0, 2, 2, 1, 0, 0, 0, 0, 1, 1, 2, 1, 0, 2, 0, 0, 2, 1, 0, 1, 2, 1, 2, 1, 1, 1, 1, 1, 1, 0, 1, 2, 0, 0, 0, 1, 2, 1, 0, 2, 1, 1, 1, 2, 0, 0, 0, 0, 2, 0, 1, 0, 0, 1, 0, 2]|[4, 3, 2, 2, 4, 1, 2, 2, 2, 4, 1, 1, 2, 4, 4, 1, 2, 4, 2, 1, 1, 1, 1, 2, 1, 2, 1, 1, 1, 1, 3, 1, 3, 1, 4, 0, 1, 1, 0, 3, 2, 2, 2, 0, 1, 1, 1, 4, 0, 1, 2, 2, 1, 4, 0, 3, 1, 1, 1, 2, 1, 3, 1, 1, 1, 3, 0, 4, 4, 1, 4, 1, 1, 0, 4, 1, 1, 2, 1, 1, 1, 3, 1, 1, 1, 3, 4, 1, 2, 1, 1, 1, 1, 2, 1, 2, 1, 3, 2, 1]|[0, 2, 1, 1, 3, 0, 1, 0, 0, 0, 0, 0, 1, 0, 1, 0, 0, 3, 1, 0, 0, 0, 3, 1, 0, 2, 0, 0, 0, 0, 0, 0, 0, 0, 3, 0, 1, 0, 0, 2, 1, 1, 1, 0, 0, 0, 0, 2, 1, 0, 0, 0, 1, 3, 0, 0, 0, 0, 0, 1, 0, 2, 0, 1, 0, 2, 1, 0, 2, 1, 1, 3, 1, 1, 3, 0, 0, 1, 0, 2, 0, 0, 0, 0, 1, 2, 0, 0, 1, 0, 0, 0, 0, 0, 1, 0, 1, 0, 0, 0],777.436160111927,55378.96358309585,98756.68483674081,false
37,G2_TEC,G2_TEC,[31, 22, 82, 15, 26, 9, 95, 42, 77, 68, 47, 5, 93, 78, 86, 54, 85, 63, 18, 44, 20, 49, 36, 14, 74, 50, 53, 17, 21, 28, 11, 64, 3, 23, 30, 83, 24, 41, 40, 52, 65, 27, 90, 70, 39, 87, 48, 69, 99, 4, 75, 1, 13, 58, 97, 59, 45, 8, 73, 37, 35, 79, 71, 66, 76, 32, 60, 80, 56, 6, 67, 61, 33, 7, 57, 34, 12, 16, 10, 98, 96, 88, 43, 46, 91, 38, 84, 92, 29, 19, 51, 55, 81, 89, 25, 72, 94, 2, 0, 62]|[2, 1, 2, 1, 1, 2, 1, 1, 1, 1, 1, 0, 2, 2, 1, 2, 0, 0, 0, 2, 2, 1, 0, 2, 0, 2, 2, 1, 0, 1, 1, 1, 0, 0, 1, 0, 2, 1, 2, 2, 0, 0, 1, 1, 0, 2, 0, 2, 1, 0, 0, 2, 0, 0, 2, 0, 1, 1, 0, 0, 2, 1, 1, 2, 2, 0, 2, 2, 2, 1, 2, 1, 1, 2, 0, 1, 1, 2, 1, 2, 0, 1, 1, 0, 1, 0, 0, 0, 1, 1, 1, 0, 1, 1, 1, 1, 2, 2, 0, 1]|[0, 3, 0, 3, 4, 1, 4, 4, 2, 4, 3, 2, 1, 0, 2, 1, 1, 1, 2, 1, 1, 3, 0, 1, 0, 1, 1, 4, 1, 4, 3, 2, 2, 0, 4, 1, 1, 4, 1, 1, 2, 1, 4, 4, 1, 1, 0, 2, 3, 2, 2, 1, 2, 1, 1, 2, 4, 3, 0, 2, 2, 3, 3, 1, 1, 2, 1, 1, 1, 4, 1, 3, 4, 1, 2, 4, 3, 1, 3, 1, 2, 4, 4, 2, 3, 2, 2, 2, 3, 4, 3, 2, 4, 4, 4, 4, 1, 1, 2, 3]|[0, 2, 0, 0, 3, 0, 1, 3, 0, 0, 2, 0, 1, 0, 1, 0, 0, 0, 1, 0, 0, 2, 0, 0, 1, 0, 0, 3, 0, 1, 0, 2, 0, 0, 3, 0, 1, 1, 0, 0, 0, 0, 1, 3, 0, 0, 1, 0, 2, 0, 0, 0, 0, 0, 1, 0, 1, 0, 1, 1, 0, 2, 0, 0, 0, 0, 0, 0, 0, 2, 0, 0, 1, 0, 0, 1, 0, 0, 3, 0, 0, 1, 2, 0, 0, 0, 0, 0, 3, 1, 0, 0, 2, 1, 3, 1, 0, 0, 0, 0],908.8272556494078,49235.066718390466,107289.32240407266,false
37,G3_TWC,G3_TWC,[31, 22, 82, 15, 26, 58, 95, 42, 77, 12, 47, 5, 93, 78, 98, 54, 85, 63, 18, 44, 20, 35, 43, 97, 91, 76, 10, 30, 21, 45, 71, 64, 1, 23, 17, 83, 24, 14, 60, 36, 6, 57, 94, 88, 65, 56, 79, 40, 67, 68, 46, 75, 39, 9, 19, 32, 81, 96, 27, 62, 87, 90, 99, 59, 11, 16, 72, 73, 70, 38, 37, 84, 3, 92, 25, 55, 28, 29, 51, 7, 33, 61, 86, 48, 89, 50, 69, 41, 53, 80, 4, 8, 34, 49, 52, 0, 13, 2, 66, 74]|[1, 1, 0, 1, 1, 1, 2, 1, 2, 1, 2, 2, 2, 1, 1, 0, 0, 1, 0, 2, 2, 0, 1, 2, 0, 1, 2, 2, 0, 0, 1, 2, 1, 2, 1, 0, 2, 0, 1, 1, 0, 1, 1, 1, 0, 2, 1, 1, 0, 0, 0, 0, 1, 1, 2, 1, 2, 0, 0, 0, 2, 1, 0, 1, 2, 1, 2, 1, 1, 1, 1, 1, 2, 0, 1, 1, 0, 0, 0, 1, 2, 1, 0, 0, 1, 0, 1, 0, 0, 0, 0, 1, 2, 0, 1, 0, 0, 0, 2, 2]|[4, 3, 2, 2, 0, 0, 2, 2, 2, 4, 1, 1, 2, 4, 4, 1, 1, 4, 2, 1, 1, 1, 1, 2, 1, 2, 1, 1, 1, 1, 3, 2, 3, 0, 4, 0, 1, 1, 0, 3, 2, 2, 4, 0, 1, 1, 0, 2, 0, 1, 2, 2, 1, 4, 0, 3, 2, 1, 1, 2, 1, 3, 1, 1, 1, 3, 0, 4, 3, 1, 4, 1, 1, 2, 4, 4, 2, 1, 1, 3, 1, 3, 1, 1, 1, 1, 3, 1, 2, 1, 2, 3, 1, 1, 1, 2, 2, 2, 1, 1]|[0, 2, 1, 1, 3, 3, 0, 1, 0, 0, 0, 0, 1, 0, 1, 0, 0, 3, 1, 0, 0, 0, 3, 1, 0, 2, 0, 0, 0, 1, 0, 0, 0, 0, 3, 0, 1, 0, 0, 2, 1, 1, 2, 0, 0, 0, 0, 1, 1, 0, 0, 0, 1, 3, 0, 0, 1, 0, 0, 1, 0, 2, 0, 1, 0, 2, 1, 0, 0, 1, 1, 3, 0, 1, 3, 3, 1, 0, 0, 2, 0, 0, 0, 0, 1, 0, 0, 0, 1, 0, 1, 2, 0, 1, 1, 0, 0, 0, 0, 0],790.0799945868791,57951.42221290124,88960.86369927591,false
37,G1_CMAX,G1_CMAX,[31, 22, 82, 15, 26, 58, 95, 42, 77, 12, 93, 5, 47, 78, 86, 21, 63, 18, 44, 20, 35, 43, 97, 91, 76, 10, 30, 85, 45, 71, 64, 23, 17, 83, 24, 14, 60, 25, 6, 54, 40, 88, 65, 56, 79, 57, 69, 67, 46, 75, 38, 99, 19, 32, 41, 81, 27, 87, 90, 9, 59, 11, 16, 72, 73, 70, 39, 37, 84, 1, 3, 92, 36, 55, 48, 68, 96, 29, 51, 62, 33, 61, 98, 66, 89, 50, 4, 7, 53, 80, 94, 28, 34, 49, 52, 0, 74, 8, 2, 13]|[1, 1, 0, 1, 1, 0, 1, 1, 2, 1, 2, 2, 2, 1, 1, 0, 1, 0, 2, 2, 0, 1, 2, 0, 1, 2, 2, 2, 0, 1, 2, 2, 1, 0, 2, 0, 1, 1, 0, 0, 1, 1, 0, 2, 1, 1, 1, 0, 0, 0, 1, 1, 2, 1, 2, 2, 0, 2, 1, 0, 1, 2, 1, 2, 1, 1, 1, 1, 1, 1, 1, 0, 1, 1, 0, 0, 2, 0, 0, 0, 2, 1, 2, 2, 1, 0, 1, 0, 0, 0, 1, 0, 2, 0, 1, 0, 2, 1, 0, 0]|[0, 3, 2, 2, 4, 1, 2, 3, 2, 4, 2, 1, 1, 4, 4, 1, 4, 2, 1, 1, 1, 1, 2, 1, 2, 1, 1, 2, 1, 3, 2, 0, 4, 0, 1, 1, 0, 3, 2, 1, 2, 0, 1, 1, 0, 2, 4, 0, 2, 2, 1, 4, 0, 3, 2, 1, 1, 1, 3, 1, 1, 1, 3, 0, 4, 3, 1, 4, 1, 3, 1, 0, 4, 2, 1, 1, 1, 1, 1, 2, 1, 3, 1, 1, 1, 1, 4, 0, 2, 1, 3, 2, 1, 1, 1, 2, 1, 4, 2, 2]|[0, 2, 1, 1, 3, 0, 1, 3, 0, 0, 0, 0, 0, 0, 1, 0, 3, 1, 0, 0, 0, 3, 1, 0, 2, 0, 0, 1, 1, 0, 0, 0, 3, 0, 1, 0, 0, 2, 1, 0, 1, 0, 0, 0, 0, 1, 2, 1, 0, 0, 1, 3, 0, 0, 1, 0, 0, 0, 2, 0, 1, 0, 2, 1, 0, 0, 1, 1, 3, 0, 1, 1, 3, 3, 0, 0, 0, 0, 0, 1, 0, 0, 0, 0, 1, 0, 0, 0, 1, 0, 2, 1, 0, 1, 1, 0, 0, 2, 0, 0],717.7746778690674,58051.11429889491,97947.81742761745,false
37,G4_BALANCED,G4_BALANCED,[31, 22, 82, 15, 26, 58, 95, 42, 77, 12, 47, 5, 93, 78, 86, 54, 85, 63, 18, 44, 20, 35, 43, 97, 66, 76, 79, 30, 21, 45, 71, 64, 1, 23, 17, 83, 24, 14, 60, 36, 6, 57, 40, 88, 65, 56, 10, 94, 67, 68, 46, 75, 38, 9, 19, 32, 41, 81, 27, 62, 87, 90, 99, 59, 11, 16, 72, 73, 69, 39, 37, 84, 3, 92, 25, 55, 29, 28, 51, 7, 33, 61, 48, 98, 89, 8, 4, 96, 53, 80, 50, 91, 34, 2, 52, 0, 49, 70, 13, 74]|[1, 1, 0, 1, 1, 0, 1, 2, 2, 1, 2, 2, 2, 1, 1, 0, 0, 1, 0, 2, 2, 0, 1, 2, 2, 1, 2, 2, 0, 0, 1, 2, 1, 2, 1, 0, 2, 0, 1, 1, 0, 1, 1, 1, 0, 2, 2, 1, 0, 0, 0, 0, 1, 1, 2, 1, 0, 2, 0, 0, 2, 1, 0, 1, 2, 1, 2, 1, 1, 1, 1, 1, 1, 0, 1, 2, 0, 0, 0, 1, 2, 1, 0, 2, 1, 1, 1, 2, 0, 0, 0, 0, 2, 0, 1, 0, 0, 1, 0, 2]|[4, 3, 2, 2, 4, 1, 2, 2, 2, 4, 1, 1, 2, 4, 4, 1, 2, 4, 2, 1, 1, 1, 1, 2, 1, 2, 1, 1, 1, 1, 3, 1, 3, 1, 4, 0, 1, 1, 0, 3, 2, 2, 2, 0, 1, 1, 1, 4, 0, 1, 2, 2, 1, 4, 0, 3, 1, 1, 1, 2, 1, 3, 1, 1, 1, 3, 0, 4, 4, 1, 4, 1, 1, 0, 4, 1, 1, 2, 1, 1, 1, 3, 1, 1, 1, 3, 4, 1, 2, 1, 1, 1, 1, 2, 1, 2, 1, 3, 2, 1]|[0, 2, 1, 1, 3, 0, 1, 0, 0, 0, 0, 0, 1, 0, 1, 0, 0, 3, 1, 0, 0, 0, 3, 1, 0, 2, 0, 0, 0, 0, 0, 0, 0, 0, 3, 0, 1, 0, 0, 2, 1, 1, 1, 0, 0, 0, 0, 2, 1, 0, 0, 0, 1, 3, 0, 0, 0, 0, 0, 1, 0, 2, 0, 1, 0, 2, 1, 0, 2, 1, 1, 3, 1, 1, 3, 0, 0, 1, 0, 2, 0, 0, 0, 0, 1, 2, 0, 0, 1, 0, 0, 0, 0, 0, 1, 0, 1, 0, 0, 0],777.436160111927,55378.96358309585,98756.68483674081,false
37,G2_TEC,G2_TEC,[31, 22, 82, 15, 26, 9, 95, 42, 77, 68, 47, 5, 93, 78, 86, 54, 85, 63, 18, 44, 20, 49, 36, 14, 74, 50, 53, 17, 21, 28, 11, 64, 3, 23, 30, 83, 24, 41, 40, 52, 65, 27, 90, 70, 39, 87, 48, 69, 99, 4, 75, 1, 13, 58, 97, 59, 45, 8, 73, 37, 35, 79, 71, 66, 76, 32, 60, 80, 56, 6, 67, 61, 33, 7, 57, 34, 12, 16, 10, 98, 96, 88, 43, 46, 91, 38, 84, 92, 29, 19, 51, 55, 81, 89, 25, 72, 94, 2, 0, 62]|[2, 1, 2, 1, 1, 2, 1, 1, 1, 1, 1, 0, 2, 2, 1, 2, 0, 0, 0, 2, 2, 1, 0, 2, 0, 2, 2, 1, 0, 1, 1, 1, 0, 0, 1, 0, 2, 1, 2, 2, 0, 0, 1, 1, 0, 2, 0, 2, 1, 0, 0, 2, 0, 0, 2, 0, 1, 1, 0, 0, 2, 1, 1, 2, 2, 0, 2, 2, 2, 1, 2, 1, 1, 2, 0, 1, 1, 2, 1, 2, 0, 1, 1, 0, 1, 0, 0, 0, 1, 1, 1, 0, 1, 1, 1, 1, 2, 2, 0, 1]|[0, 3, 0, 3, 4, 1, 4, 4, 2, 4, 3, 2, 1, 0, 2, 1, 1, 1, 2, 1, 1, 3, 0, 1, 0, 1, 1, 4, 1, 4, 3, 2, 2, 0, 4, 1, 1, 4, 1, 1, 2, 1, 4, 4, 1, 1, 0, 2, 3, 2, 2, 1, 2, 1, 1, 2, 4, 3, 0, 2, 2, 3, 3, 1, 1, 2, 1, 1, 1, 4, 1, 3, 4, 1, 2, 4, 3, 1, 3, 1, 2, 4, 4, 2, 3, 2, 2, 2, 3, 4, 3, 2, 4, 4, 4, 4, 1, 1, 2, 3]|[0, 2, 0, 0, 3, 0, 1, 3, 0, 0, 2, 0, 1, 0, 1, 0, 0, 0, 1, 0, 0, 2, 0, 0, 1, 0, 0, 3, 0, 1, 0, 2, 0, 0, 3, 0, 1, 1, 0, 0, 0, 0, 1, 3, 0, 0, 1, 0, 2, 0, 0, 0, 0, 0, 1, 0, 1, 0, 1, 1, 0, 2, 0, 0, 0, 0, 0, 0, 0, 2, 0, 0, 1, 0, 0, 1, 0, 0, 3, 0, 0, 1, 2, 0, 0, 0, 0, 0, 3, 1, 0, 0, 2, 1, 3, 1, 0, 0, 0, 0],908.8272556494078,49235.066718390466,107289.32240407266,false
37,G3_TWC,G3_TWC,[31, 22, 82, 15, 26, 58, 95, 42, 77, 12, 47, 5, 93, 78, 98, 54, 85, 63, 18, 44, 20, 35, 43, 97, 91, 76, 10, 30, 21, 45, 71, 64, 1, 23, 17, 83, 24, 14, 60, 36, 6, 57, 94, 88, 65, 56, 79, 40, 67, 68, 46, 75, 39, 9, 19, 32, 81, 96, 27, 62, 87, 90, 99, 59, 11, 16, 72, 73, 70, 38, 37, 84, 3, 92, 25, 55, 28, 29, 51, 7, 33, 61, 86, 48, 89, 50, 69, 41, 53, 80, 4, 8, 34, 49, 52, 0, 13, 2, 66, 74]|[1, 1, 0, 1, 1, 1, 2, 1, 2, 1, 2, 2, 2, 1, 1, 0, 0, 1, 0, 2, 2, 0, 1, 2, 0, 1, 2, 2, 0, 0, 1, 2, 1, 2, 1, 0, 2, 0, 1, 1, 0, 1, 1, 1, 0, 2, 1, 1, 0, 0, 0, 0, 1, 1, 2, 1, 2, 0, 0, 0, 2, 1, 0, 1, 2, 1, 2, 1, 1, 1, 1, 1, 2, 0, 1, 1, 0, 0, 0, 1, 2, 1, 0, 0, 1, 0, 1, 0, 0, 0, 0, 1, 2, 0, 1, 0, 0, 0, 2, 2]|[4, 3, 2, 2, 0, 0, 2, 2, 2, 4, 1, 1, 2, 4, 4, 1, 1, 4, 2, 1, 1, 1, 1, 2, 1, 2, 1, 1, 1, 1, 3, 2, 3, 0, 4, 0, 1, 1, 0, 3, 2, 2, 4, 0, 1, 1, 0, 2, 0, 1, 2, 2, 1, 4, 0, 3, 2, 1, 1, 2, 1, 3, 1, 1, 1, 3, 0, 4, 3, 1, 4, 1, 1, 2, 4, 4, 2, 1, 1, 3, 1, 3, 1, 1, 1, 1, 3, 1, 2, 1, 2, 3, 1, 1, 1, 2, 2, 2, 1, 1]|[0, 2, 1, 1, 3, 3, 0, 1, 0, 0, 0, 0, 1, 0, 1, 0, 0, 3, 1, 0, 0, 0, 3, 1, 0, 2, 0, 0, 0, 1, 0, 0, 0, 0, 3, 0, 1, 0, 0, 2, 1, 1, 2, 0, 0, 0, 0, 1, 1, 0, 0, 0, 1, 3, 0, 0, 1, 0, 0, 1, 0, 2, 0, 1, 0, 2, 1, 0, 0, 1, 1, 3, 0, 1, 3, 3, 1, 0, 0, 2, 0, 0, 0, 0, 1, 0, 0, 0, 1, 0, 1, 2, 0, 1, 1, 0, 0, 0, 0, 0],790.0799945868791,57951.42221290124,88960.86369927591,false
37,G1_CMAX,G1_CMAX,[31, 22, 82, 15, 26, 58, 95, 42, 77, 12, 93, 5, 47, 78, 86, 21, 63, 18, 44, 20, 35, 43, 97, 91, 76, 10, 30, 85, 45, 71, 64, 23, 17, 83, 24, 14, 60, 25, 6, 54, 40, 88, 65, 56, 79, 57, 69, 67, 46, 75, 38, 99, 19, 32, 41, 81, 27, 87, 90, 9, 59, 11, 16, 72, 73, 70, 39, 37, 84, 1, 3, 92, 36, 55, 48, 68, 96, 29, 51, 62, 33, 61, 98, 66, 89, 50, 4, 7, 53, 80, 94, 28, 34, 49, 52, 0, 74, 8, 2, 13]|[1, 1, 0, 1, 1, 0, 1, 1, 2, 1, 2, 2, 2, 1, 1, 0, 1, 0, 2, 2, 0, 1, 2, 0, 1, 2, 2, 2, 0, 1, 2, 2, 1, 0, 2, 0, 1, 1, 0, 0, 1, 1, 0, 2, 1, 1, 1, 0, 0, 0, 1, 1, 2, 1, 2, 2, 0, 2, 1, 0, 1, 2, 1, 2, 1, 1, 1, 1, 1, 1, 1, 0, 1, 1, 0, 0, 2, 0, 0, 0, 2, 1, 2, 2, 1, 0, 1, 0, 0, 0, 1, 0, 2, 0, 1, 0, 2, 1, 0, 0]|[0, 3, 2, 2, 4, 1, 2, 3, 2, 4, 2, 1, 1, 4, 4, 1, 4, 2, 1, 1, 1, 1, 2, 1, 2, 1, 1, 2, 1, 3, 2, 0, 4, 0, 1, 1, 0, 3, 2, 1, 2, 0, 1, 1, 0, 2, 4, 0, 2, 2, 1, 4, 0, 3, 2, 1, 1, 1, 3, 1, 1, 1, 3, 0, 4, 3, 1, 4, 1, 3, 1, 0, 4, 2, 1, 1, 1, 1, 1, 2, 1, 3, 1, 1, 1, 1, 4, 0, 2, 1, 3, 2, 1, 1, 1, 2, 1, 4, 2, 2]|[0, 2, 1, 1, 3, 0, 1, 3, 0, 0, 0, 0, 0, 0, 1, 0, 3, 1, 0, 0, 0, 3, 1, 0, 2, 0, 0, 1, 1, 0, 0, 0, 3, 0, 1, 0, 0, 2, 1, 0, 1, 0, 0, 0, 0, 1, 2, 1, 0, 0, 1, 3, 0, 0, 1, 0, 0, 0, 2, 0, 1, 0, 2, 1, 0, 0, 1, 1, 3, 0, 1, 1, 3, 3, 0, 0, 0, 0, 0, 1, 0, 0, 0, 0, 1, 0, 0, 0, 1, 0, 2, 1, 0, 1, 1, 0, 0, 2, 0, 0],717.7746778690674,58051.11429889491,97947.81742761745,false
37,G4_BALANCED,G4_BALANCED,[31, 22, 82, 15, 26, 58, 95, 42, 77, 12, 47, 5, 93, 78, 86, 54, 85, 63, 18, 44, 20, 35, 43, 97, 66, 76, 79, 30, 21, 45, 71, 64, 1, 23, 17, 83, 24, 14, 60, 36, 6, 57, 40, 88, 65, 56, 10, 94, 67, 68, 46, 75, 38, 9, 19, 32, 41, 81, 27, 62, 87, 90, 99, 59, 11, 16, 72, 73, 69, 39, 37, 84, 3, 92, 25, 55, 29, 28, 51, 7, 33, 61, 48, 98, 89, 8, 4, 96, 53, 80, 50, 91, 34, 2, 52, 0, 49, 70, 13, 74]|[1, 1, 0, 1, 1, 0, 1, 2, 2, 1, 2, 2, 2, 1, 1, 0, 0, 1, 0, 2, 2, 0, 1, 2, 2, 1, 2, 2, 0, 0, 1, 2, 1, 2, 1, 0, 2, 0, 1, 1, 0, 1, 1, 1, 0, 2, 2, 1, 0, 0, 0, 0, 1, 1, 2, 1, 0, 2, 0, 0, 2, 1, 0, 1, 2, 1, 2, 1, 1, 1, 1, 1, 1, 0, 1, 2, 0, 0, 0, 1, 2, 1, 0, 2, 1, 1, 1, 2, 0, 0, 0, 0, 2, 0, 1, 0, 0, 1, 0, 2]|[4, 3, 2, 2, 4, 1, 2, 2, 2, 4, 1, 1, 2, 4, 4, 1, 2, 4, 2, 1, 1, 1, 1, 2, 1, 2, 1, 1, 1, 1, 3, 1, 3, 1, 4, 0, 1, 1, 0, 3, 2, 2, 2, 0, 1, 1, 1, 4, 0, 1, 2, 2, 1, 4, 0, 3, 1, 1, 1, 2, 1, 3, 1, 1, 1, 3, 0, 4, 4, 1, 4, 1, 1, 0, 4, 1, 1, 2, 1, 1, 1, 3, 1, 1, 1, 3, 4, 1, 2, 1, 1, 1, 1, 2, 1, 2, 1, 3, 2, 1]|[0, 2, 1, 1, 3, 0, 1, 0, 0, 0, 0, 0, 1, 0, 1, 0, 0, 3, 1, 0, 0, 0, 3, 1, 0, 2, 0, 0, 0, 0, 0, 0, 0, 0, 3, 0, 1, 0, 0, 2, 1, 1, 1, 0, 0, 0, 0, 2, 1, 0, 0, 0, 1, 3, 0, 0, 0, 0, 0, 1, 0, 2, 0, 1, 0, 2, 1, 0, 2, 1, 1, 3, 1, 1, 3, 0, 0, 1, 0, 2, 0, 0, 0, 0, 1, 2, 0, 0, 1, 0, 0, 0, 0, 0, 1, 0, 1, 0, 0, 0],777.436160111927,55378.96358309585,98756.68483674081,false
37,G2_TEC,G2_TEC,[31, 22, 82, 15, 26, 9, 95, 42, 77, 68, 47, 5, 93, 78, 86, 54, 85, 63, 18, 44, 20, 49, 36, 14, 74, 50, 53, 17, 21, 28, 11, 64, 3, 23, 30, 83, 24, 41, 40, 52, 65, 27, 90, 70, 39, 87, 48, 69, 99, 4, 75, 1, 13, 58, 97, 59, 45, 8, 73, 37, 35, 79, 71, 66, 76, 32, 60, 80, 56, 6, 67, 61, 33, 7, 57, 34, 12, 16, 10, 98, 96, 88, 43, 46, 91, 38, 84, 92, 29, 19, 51, 55, 81, 89, 25, 72, 94, 2, 0, 62]|[2, 1, 2, 1, 1, 2, 1, 1, 1, 1, 1, 0, 2, 2, 1, 2, 0, 0, 0, 2, 2, 1, 0, 2, 0, 2, 2, 1, 0, 1, 1, 1, 0, 0, 1, 0, 2, 1, 2, 2, 0, 0, 1, 1, 0, 2, 0, 2, 1, 0, 0, 2, 0, 0, 2, 0, 1, 1, 0, 0, 2, 1, 1, 2, 2, 0, 2, 2, 2, 1, 2, 1, 1, 2, 0, 1, 1, 2, 1, 2, 0, 1, 1, 0, 1, 0, 0, 0, 1, 1, 1, 0, 1, 1, 1, 1, 2, 2, 0, 1]|[0, 3, 0, 3, 4, 1, 4, 4, 2, 4, 3, 2, 1, 0, 2, 1, 1, 1, 2, 1, 1, 3, 0, 1, 0, 1, 1, 4, 1, 4, 3, 2, 2, 0, 4, 1, 1, 4, 1, 1, 2, 1, 4, 4, 1, 1, 0, 2, 3, 2, 2, 1, 2, 1, 1, 2, 4, 3, 0, 2, 2, 3, 3, 1, 1, 2, 1, 1, 1, 4, 1, 3, 4, 1, 2, 4, 3, 1, 3, 1, 2, 4, 4, 2, 3, 2, 2, 2, 3, 4, 3, 2, 4, 4, 4, 4, 1, 1, 2, 3]|[0, 2, 0, 0, 3, 0, 1, 3, 0, 0, 2, 0, 1, 0, 1, 0, 0, 0, 1, 0, 0, 2, 0, 0, 1, 0, 0, 3, 0, 1, 0, 2, 0, 0, 3, 0, 1, 1, 0, 0, 0, 0, 1, 3, 0, 0, 1, 0, 2, 0, 0, 0, 0, 0, 1, 0, 1, 0, 1, 1, 0, 2, 0, 0, 0, 0, 0, 0, 0, 2, 0, 0, 1, 0, 0, 1, 0, 0, 3, 0, 0, 1, 2, 0, 0, 0, 0, 0, 3, 1, 0, 0, 2, 1, 3, 1, 0, 0, 0, 0],908.8272556494078,49235.066718390466,107289.32240407266,false
37,G3_TWC,G3_TWC,[31, 22, 82, 15, 26, 58, 95, 42, 77, 12, 47, 5, 93, 78, 98, 54, 85, 63, 18, 44, 20, 35, 43, 97, 91, 76, 10, 30, 21, 45, 71, 64, 1, 23, 17, 83, 24, 14, 60, 36, 6, 57, 94, 88, 65, 56, 79, 40, 67, 68, 46, 75, 39, 9, 19, 32, 81, 96, 27, 62, 87, 90, 99, 59, 11, 16, 72, 73, 70, 38, 37, 84, 3, 92, 25, 55, 28, 29, 51, 7, 33, 61, 86, 48, 89, 50, 69, 41, 53, 80, 4, 8, 34, 49, 52, 0, 13, 2, 66, 74]|[1, 1, 0, 1, 1, 1, 2, 1, 2, 1, 2, 2, 2, 1, 1, 0, 0, 1, 0, 2, 2, 0, 1, 2, 0, 1, 2, 2, 0, 0, 1, 2, 1, 2, 1, 0, 2, 0, 1, 1, 0, 1, 1, 1, 0, 2, 1, 1, 0, 0, 0, 0, 1, 1, 2, 1, 2, 0, 0, 0, 2, 1, 0, 1, 2, 1, 2, 1, 1, 1, 1, 1, 2, 0, 1, 1, 0, 0, 0, 1, 2, 1, 0, 0, 1, 0, 1, 0, 0, 0, 0, 1, 2, 0, 1, 0, 0, 0, 2, 2]|[4, 3, 2, 2, 0, 0, 2, 2, 2, 4, 1, 1, 2, 4, 4, 1, 1, 4, 2, 1, 1, 1, 1, 2, 1, 2, 1, 1, 1, 1, 3, 2, 3, 0, 4, 0, 1, 1, 0, 3, 2, 2, 4, 0, 1, 1, 0, 2, 0, 1, 2, 2, 1, 4, 0, 3, 2, 1, 1, 2, 1, 3, 1, 1, 1, 3, 0, 4, 3, 1, 4, 1, 1, 2, 4, 4, 2, 1, 1, 3, 1, 3, 1, 1, 1, 1, 3, 1, 2, 1, 2, 3, 1, 1, 1, 2, 2, 2, 1, 1]|[0, 2, 1, 1, 3, 3, 0, 1, 0, 0, 0, 0, 1, 0, 1, 0, 0, 3, 1, 0, 0, 0, 3, 1, 0, 2, 0, 0, 0, 1, 0, 0, 0, 0, 3, 0, 1, 0, 0, 2, 1, 1, 2, 0, 0, 0, 0, 1, 1, 0, 0, 0, 1, 3, 0, 0, 1, 0, 0, 1, 0, 2, 0, 1, 0, 2, 1, 0, 0, 1, 1, 3, 0, 1, 3, 3, 1, 0, 0, 2, 0, 0, 0, 0, 1, 0, 0, 0, 1, 0, 1, 2, 0, 1, 1, 0, 0, 0, 0, 0],790.0799945868791,57951.42221290124,88960.86369927591,false
37,G1_CMAX,G1_CMAX,[31, 22, 82, 15, 26, 58, 95, 42, 77, 12, 93, 5, 47, 78, 86, 21, 63, 18, 44, 20, 35, 43, 97, 91, 76, 10, 30, 85, 45, 71, 64, 23, 17, 83, 24, 14, 60, 25, 6, 54, 40, 88, 65, 56, 79, 57, 69, 67, 46, 75, 38, 99, 19, 32, 41, 81, 27, 87, 90, 9, 59, 11, 16, 72, 73, 70, 39, 37, 84, 1, 3, 92, 36, 55, 48, 68, 96, 29, 51, 62, 33, 61, 98, 66, 89, 50, 4, 7, 53, 80, 94, 28, 34, 49, 52, 0, 74, 8, 2, 13]|[1, 1, 0, 1, 1, 0, 1, 1, 2, 1, 2, 2, 2, 1, 1, 0, 1, 0, 2, 2, 0, 1, 2, 0, 1, 2, 2, 2, 0, 1, 2, 2, 1, 0, 2, 0, 1, 1, 0, 0, 1, 1, 0, 2, 1, 1, 1, 0, 0, 0, 1, 1, 2, 1, 2, 2, 0, 2, 1, 0, 1, 2, 1, 2, 1, 1, 1, 1, 1, 1, 1, 0, 1, 1, 0, 0, 2, 0, 0, 0, 2, 1, 2, 2, 1, 0, 1, 0, 0, 0, 1, 0, 2, 0, 1, 0, 2, 1, 0, 0]|[0, 3, 2, 2, 4, 1, 2, 3, 2, 4, 2, 1, 1, 4, 4, 1, 4, 2, 1, 1, 1, 1, 2, 1, 2, 1, 1, 2, 1, 3, 2, 0, 4, 0, 1, 1, 0, 3, 2, 1, 2, 0, 1, 1, 0, 2, 4, 0, 2, 2, 1, 4, 0, 3, 2, 1, 1, 1, 3, 1, 1, 1, 3, 0, 4, 3, 1, 4, 1, 3, 1, 0, 4, 2, 1, 1, 1, 1, 1, 2, 1, 3, 1, 1, 1, 1, 4, 0, 2, 1, 3, 2, 1, 1, 1, 2, 1, 4, 2, 2]|[0, 2, 1, 1, 3, 0, 1, 3, 0, 0, 0, 0, 0, 0, 1, 0, 3, 1, 0, 0, 0, 3, 1, 0, 2, 0, 0, 1, 1, 0, 0, 0, 3, 0, 1, 0, 0, 2, 1, 0, 1, 0, 0, 0, 0, 1, 2, 1, 0, 0, 1, 3, 0, 0, 1, 0, 0, 0, 2, 0, 1, 0, 2, 1, 0, 0, 1, 1, 3, 0, 1, 1, 3, 3, 0, 0, 0, 0, 0, 1, 0, 0, 0, 0, 1, 0, 0, 0, 1, 0, 2, 1, 0, 1, 1, 0, 0, 2, 0, 0],717.7746778690674,58051.11429889491,97947.81742761745,false
37,G4_BALANCED,G4_BALANCED,[31, 22, 82, 15, 26, 58, 95, 42, 77, 12, 47, 5, 93, 78, 86, 54, 85, 63, 18, 44, 20, 35, 43, 97, 66, 76, 79, 30, 21, 45, 71, 64, 1, 23, 17, 83, 24, 14, 60, 36, 6, 57, 40, 88, 65, 56, 10, 94, 67, 68, 46, 75, 38, 9, 19, 32, 41, 81, 27, 62, 87, 90, 99, 59, 11, 16, 72, 73, 69, 39, 37, 84, 3, 92, 25, 55, 29, 28, 51, 7, 33, 61, 48, 98, 89, 8, 4, 96, 53, 80, 50, 91, 34, 2, 52, 0, 49, 70, 13, 74]|[1, 1, 0, 1, 1, 0, 1, 2, 2, 1, 2, 2, 2, 1, 1, 0, 0, 1, 0, 2, 2, 0, 1, 2, 2, 1, 2, 2, 0, 0, 1, 2, 1, 2, 1, 0, 2, 0, 1, 1, 0, 1, 1, 1, 0, 2, 2, 1, 0, 0, 0, 0, 1, 1, 2, 1, 0, 2, 0, 0, 2, 1, 0, 1, 2, 1, 2, 1, 1, 1, 1, 1, 1, 0, 1, 2, 0, 0, 0, 1, 2, 1, 0, 2, 1, 1, 1, 2, 0, 0, 0, 0, 2, 0, 1, 0, 0, 1, 0, 2]|[4, 3, 2, 2, 4, 1, 2, 2, 2, 4, 1, 1, 2, 4, 4, 1, 2, 4, 2, 1, 1, 1, 1, 2, 1, 2, 1, 1, 1, 1, 3, 1, 3, 1, 4, 0, 1, 1, 0, 3, 2, 2, 2, 0, 1, 1, 1, 4, 0, 1, 2, 2, 1, 4, 0, 3, 1, 1, 1, 2, 1, 3, 1, 1, 1, 3, 0, 4, 4, 1, 4, 1, 1, 0, 4, 1, 1, 2, 1, 1, 1, 3, 1, 1, 1, 3, 4, 1, 2, 1, 1, 1, 1, 2, 1, 2, 1, 3, 2, 1]|[0, 2, 1, 1, 3, 0, 1, 0, 0, 0, 0, 0, 1, 0, 1, 0, 0, 3, 1, 0, 0, 0, 3, 1, 0, 2, 0, 0, 0, 0, 0, 0, 0, 0, 3, 0, 1, 0, 0, 2, 1, 1, 1, 0, 0, 0, 0, 2, 1, 0, 0, 0, 1, 3, 0, 0, 0, 0, 0, 1, 0, 2, 0, 1, 0, 2, 1, 0, 2, 1, 1, 3, 1, 1, 3, 0, 0, 1, 0, 2, 0, 0, 0, 0, 1, 2, 0, 0, 1, 0, 0, 0, 0, 0, 1, 0, 1, 0, 0, 0],777.436160111927,55378.96358309585,98756.68483674081,false
37,G2_TEC,G2_TEC,[31, 22, 82, 15, 26, 9, 95, 42, 77, 68, 47, 5, 93, 78, 86, 54, 85, 63, 18, 44, 20, 49, 36, 14, 74, 50, 53, 17, 21, 28, 11, 64, 3, 23, 30, 83, 24, 41, 40, 52, 65, 27, 90, 70, 39, 87, 48, 69, 99, 4, 75, 1, 13, 58, 97, 59, 45, 8, 73, 37, 35, 79, 71, 66, 76, 32, 60, 80, 56, 6, 67, 61, 33, 7, 57, 34, 12, 16, 10, 98, 96, 88, 43, 46, 91, 38, 84, 92, 29, 19, 51, 55, 81, 89, 25, 72, 94, 2, 0, 62]|[2, 1, 2, 1, 1, 2, 1, 1, 1, 1, 1, 0, 2, 2, 1, 2, 0, 0, 0, 2, 2, 1, 0, 2, 0, 2, 2, 1, 0, 1, 1, 1, 0, 0, 1, 0, 2, 1, 2, 2, 0, 0, 1, 1, 0, 2, 0, 2, 1, 0, 0, 2, 0, 0, 2, 0, 1, 1, 0, 0, 2, 1, 1, 2, 2, 0, 2, 2, 2, 1, 2, 1, 1, 2, 0, 1, 1, 2, 1, 2, 0, 1, 1, 0, 1, 0, 0, 0, 1, 1, 1, 0, 1, 1, 1, 1, 2, 2, 0, 1]|[0, 3, 0, 3, 4, 1, 4, 4, 2, 4, 3, 2, 1, 0, 2, 1, 1, 1, 2, 1, 1, 3, 0, 1, 0, 1, 1, 4, 1, 4, 3, 2, 2, 0, 4, 1, 1, 4, 1, 1, 2, 1, 4, 4, 1, 1, 0, 2, 3, 2, 2, 1, 2, 1, 1, 2, 4, 3, 0, 2, 2, 3, 3, 1, 1, 2, 1, 1, 1, 4, 1, 3, 4, 1, 2, 4, 3, 1, 3, 1, 2, 4, 4, 2, 3, 2, 2, 2, 3, 4, 3, 2, 4, 4, 4, 4, 1, 1, 2, 3]|[0, 2, 0, 0, 3, 0, 1, 3, 0, 0, 2, 0, 1, 0, 1, 0, 0, 0, 1, 0, 0, 2, 0, 0, 1, 0, 0, 3, 0, 1, 0, 2, 0, 0, 3, 0, 1, 1, 0, 0, 0, 0, 1, 3, 0, 0, 1, 0, 2, 0, 0, 0, 0, 0, 1, 0, 1, 0, 1, 1, 0, 2, 0, 0, 0, 0, 0, 0, 0, 2, 0, 0, 1, 0, 0, 1, 0, 0, 3, 0, 0, 1, 2, 0, 0, 0, 0, 0, 3, 1, 0, 0, 2, 1, 3, 1, 0, 0, 0, 0],908.8272556494078,49235.066718390466,107289.32240407266,false
37,G3_TWC,G3_TWC,[31, 22, 82, 15, 26, 58, 95, 42, 77, 12, 47, 5, 93, 78, 98, 54, 85, 63, 18, 44, 20, 35, 43, 97, 91, 76, 10, 30, 21, 45, 71, 64, 1, 23, 17, 83, 24, 14, 60, 36, 6, 57, 94, 88, 65, 56, 79, 40, 67, 68, 46, 75, 39, 9, 19, 32, 81, 96, 27, 62, 87, 90, 99, 59, 11, 16, 72, 73, 70, 38, 37, 84, 3, 92, 25, 55, 28, 29, 51, 7, 33, 61, 86, 48, 89, 50, 69, 41, 53, 80, 4, 8, 34, 49, 52, 0, 13, 2, 66, 74]|[1, 1, 0, 1, 1, 1, 2, 1, 2, 1, 2, 2, 2, 1, 1, 0, 0, 1, 0, 2, 2, 0, 1, 2, 0, 1, 2, 2, 0, 0, 1, 2, 1, 2, 1, 0, 2, 0, 1, 1, 0, 1, 1, 1, 0, 2, 1, 1, 0, 0, 0, 0, 1, 1, 2, 1, 2, 0, 0, 0, 2, 1, 0, 1, 2, 1, 2, 1, 1, 1, 1, 1, 2, 0, 1, 1, 0, 0, 0, 1, 2, 1, 0, 0, 1, 0, 1, 0, 0, 0, 0, 1, 2, 0, 1, 0, 0, 0, 2, 2]|[4, 3, 2, 2, 0, 0, 2, 2, 2, 4, 1, 1, 2, 4, 4, 1, 1, 4, 2, 1, 1, 1, 1, 2, 1, 2, 1, 1, 1, 1, 3, 2, 3, 0, 4, 0, 1, 1, 0, 3, 2, 2, 4, 0, 1, 1, 0, 2, 0, 1, 2, 2, 1, 4, 0, 3, 2, 1, 1, 2, 1, 3, 1, 1, 1, 3, 0, 4, 3, 1, 4, 1, 1, 2, 4, 4, 2, 1, 1, 3, 1, 3, 1, 1, 1, 1, 3, 1, 2, 1, 2, 3, 1, 1, 1, 2, 2, 2, 1, 1]|[0, 2, 1, 1, 3, 3, 0, 1, 0, 0, 0, 0, 1, 0, 1, 0, 0, 3, 1, 0, 0, 0, 3, 1, 0, 2, 0, 0, 0, 1, 0, 0, 0, 0, 3, 0, 1, 0, 0, 2, 1, 1, 2, 0, 0, 0, 0, 1, 1, 0, 0, 0, 1, 3, 0, 0, 1, 0, 0, 1, 0, 2, 0, 1, 0, 2, 1, 0, 0, 1, 1, 3, 0, 1, 3, 3, 1, 0, 0, 2, 0, 0, 0, 0, 1, 0, 0, 0, 1, 0, 1, 2, 0, 1, 1, 0, 0, 0, 0, 0],790.0799945868791,57951.42221290124,88960.86369927591,false
37,G1_CMAX,G1_CMAX,[31, 22, 82, 15, 26, 58, 95, 42, 77, 12, 93, 5, 47, 78, 86, 21, 63, 18, 44, 20, 35, 43, 97, 91, 76, 10, 30, 85, 45, 71, 64, 23, 17, 83, 24, 14, 60, 25, 6, 54, 40, 88, 65, 56, 79, 57, 69, 67, 46, 75, 38, 99, 19, 32, 41, 81, 27, 87, 90, 9, 59, 11, 16, 72, 73, 70, 39, 37, 84, 1, 3, 92, 36, 55, 48, 68, 96, 29, 51, 62, 33, 61, 98, 66, 89, 50, 4, 7, 53, 80, 94, 28, 34, 49, 52, 0, 74, 8, 2, 13]|[1, 1, 0, 1, 1, 0, 1, 1, 2, 1, 2, 2, 2, 1, 1, 0, 1, 0, 2, 2, 0, 1, 2, 0, 1, 2, 2, 2, 0, 1, 2, 2, 1, 0, 2, 0, 1, 1, 0, 0, 1, 1, 0, 2, 1, 1, 1, 0, 0, 0, 1, 1, 2, 1, 2, 2, 0, 2, 1, 0, 1, 2, 1, 2, 1, 1, 1, 1, 1, 1, 1, 0, 1, 1, 0, 0, 2, 0, 0, 0, 2, 1, 2, 2, 1, 0, 1, 0, 0, 0, 1, 0, 2, 0, 1, 0, 2, 1, 0, 0]|[0, 3, 2, 2, 4, 1, 2, 3, 2, 4, 2, 1, 1, 4, 4, 1, 4, 2, 1, 1, 1, 1, 2, 1, 2, 1, 1, 2, 1, 3, 2, 0, 4, 0, 1, 1, 0, 3, 2, 1, 2, 0, 1, 1, 0, 2, 4, 0, 2, 2, 1, 4, 0, 3, 2, 1, 1, 1, 3, 1, 1, 1, 3, 0, 4, 3, 1, 4, 1, 3, 1, 0, 4, 2, 1, 1, 1, 1, 1, 2, 1, 3, 1, 1, 1, 1, 4, 0, 2, 1, 3, 2, 1, 1, 1, 2, 1, 4, 2, 2]|[0, 2, 1, 1, 3, 0, 1, 3, 0, 0, 0, 0, 0, 0, 1, 0, 3, 1, 0, 0, 0, 3, 1, 0, 2, 0, 0, 1, 1, 0, 0, 0, 3, 0, 1, 0, 0, 2, 1, 0, 1, 0, 0, 0, 0, 1, 2, 1, 0, 0, 1, 3, 0, 0, 1, 0, 0, 0, 2, 0, 1, 0, 2, 1, 0, 0, 1, 1, 3, 0, 1, 1, 3, 3, 0, 0, 0, 0, 0, 1, 0, 0, 0, 0, 1, 0, 0, 0, 1, 0, 2, 1, 0, 1, 1, 0, 0, 2, 0, 0],717.7746778690674,58051.11429889491,97947.81742761745,false
37,G4_BALANCED,G4_BALANCED,[31, 22, 82, 15, 26, 58, 95, 42, 77, 12, 47, 5, 93, 78, 86, 54, 85, 63, 18, 44, 20, 35, 43, 97, 66, 76, 79, 30, 21, 45, 71, 64, 1, 23, 17, 83, 24, 14, 60, 36, 6, 57, 40, 88, 65, 56, 10, 94, 67, 68, 46, 75, 38, 9, 19, 32, 41, 81, 27, 62, 87, 90, 99, 59, 11, 16, 72, 73, 69, 39, 37, 84, 3, 92, 25, 55, 29, 28, 51, 7, 33, 61, 48, 98, 89, 8, 4, 96, 53, 80, 50, 91, 34, 2, 52, 0, 49, 70, 13, 74]|[1, 1, 0, 1, 1, 0, 1, 2, 2, 1, 2, 2, 2, 1, 1, 0, 0, 1, 0, 2, 2, 0, 1, 2, 2, 1, 2, 2, 0, 0, 1, 2, 1, 2, 1, 0, 2, 0, 1, 1, 0, 1, 1, 1, 0, 2, 2, 1, 0, 0, 0, 0, 1, 1, 2, 1, 0, 2, 0, 0, 2, 1, 0, 1, 2, 1, 2, 1, 1, 1, 1, 1, 1, 0, 1, 2, 0, 0, 0, 1, 2, 1, 0, 2, 1, 1, 1, 2, 0, 0, 0, 0, 2, 0, 1, 0, 0, 1, 0, 2]|[4, 3, 2, 2, 4, 1, 2, 2, 2, 4, 1, 1, 2, 4, 4, 1, 2, 4, 2, 1, 1, 1, 1, 2, 1, 2, 1, 1, 1, 1, 3, 1, 3, 1, 4, 0, 1, 1, 0, 3, 2, 2, 2, 0, 1, 1, 1, 4, 0, 1, 2, 2, 1, 4, 0, 3, 1, 1, 1, 2, 1, 3, 1, 1, 1, 3, 0, 4, 4, 1, 4, 1, 1, 0, 4, 1, 1, 2, 1, 1, 1, 3, 1, 1, 1, 3, 4, 1, 2, 1, 1, 1, 1, 2, 1, 2, 1, 3, 2, 1]|[0, 2, 1, 1, 3, 0, 1, 0, 0, 0, 0, 0, 1, 0, 1, 0, 0, 3, 1, 0, 0, 0, 3, 1, 0, 2, 0, 0, 0, 0, 0, 0, 0, 0, 3, 0, 1, 0, 0, 2, 1, 1, 1, 0, 0, 0, 0, 2, 1, 0, 0, 0, 1, 3, 0, 0, 0, 0, 0, 1, 0, 2, 0, 1, 0, 2, 1, 0, 2, 1, 1, 3, 1, 1, 3, 0, 0, 1, 0, 2, 0, 0, 0, 0, 1, 2, 0, 0, 1, 0, 0, 0, 0, 0, 1, 0, 1, 0, 0, 0],777.436160111927,55378.96358309585,98756.68483674081,false
37,G2_TEC,G4_BALANCED,[31, 22, 82, 15, 26, 9, 95, 42, 77, 68, 47, 5, 93, 78, 86, 54, 85, 63, 18, 44, 20, 49, 36, 14, 74, 50, 53, 17, 21, 28, 71, 64, 3, 23, 30, 83, 24, 41, 60, 52, 65, 27, 90, 70, 39, 87, 48, 69, 99, 4, 46, 1, 13, 58, 97, 59, 45, 8, 73, 37, 35, 79, 11, 66, 76, 32, 40, 80, 96, 6, 16, 61, 33, 7, 57, 34, 12, 67, 10, 98, 56, 88, 29, 75, 91, 38, 19, 92, 43, 2, 55, 72, 81, 25, 84, 51, 62, 89, 94, 0]|[2, 1, 2, 1, 1, 2, 1, 1, 1, 1, 1, 0, 2, 2, 1, 2, 0, 0, 0, 2, 2, 1, 0, 2, 0, 2, 2, 1, 0, 1, 1, 1, 0, 0, 1, 0, 2, 1, 2, 2, 0, 0, 1, 1, 0, 2, 0, 2, 1, 0, 0, 2, 0, 0, 2, 0, 1, 1, 0, 0, 2, 1, 0, 2, 2, 0, 2, 2, 0, 1, 2, 1, 1, 2, 0, 1, 1, 1, 1, 2, 2, 1, 1, 0, 1, 0, 1, 0, 1, 2, 0, 1, 1, 1, 0, 1, 1, 1, 2, 0]|[0, 3, 0, 3, 4, 1, 4, 4, 2, 4, 3, 2, 1, 0, 2, 1, 1, 1, 2, 1, 1, 3, 0, 1, 0, 1, 1, 4, 1, 4, 3, 2, 2, 0, 4, 1, 1, 4, 0, 1, 2, 1, 4, 4, 1, 1, 0, 2, 3, 1, 2, 1, 2, 1, 1, 2, 4, 3, 0, 2, 2, 3, 1, 0, 1, 2, 0, 1, 2, 4, 1, 3, 4, 1, 2, 4, 3, 3, 3, 1, 1, 4, 3, 2, 3, 2, 4, 2, 3, 1, 2, 4, 1, 4, 2, 3, 3, 4, 1, 2]|[0, 2, 0, 0, 3, 0, 1, 3, 0, 0, 2, 0, 1, 0, 1, 0, 0, 0, 1, 0, 0, 2, 0, 0, 1, 0, 0, 3, 0, 1, 0, 2, 0, 1, 3, 0, 1, 3, 0, 0, 0, 0, 1, 3, 0, 0, 1, 0, 2, 0, 0, 0, 0, 0, 1, 0, 1, 0, 1, 1, 0, 2, 0, 0, 0, 0, 0, 0, 0, 2, 0, 0, 1, 0, 0, 1, 0, 0, 3, 0, 0, 1, 0, 0, 0, 0, 3, 0, 3, 0, 0, 2, 1, 3, 0, 0, 0, 1, 0, 0],855.0943538544129,51546.39699852298,110959.41762027839,true
37,G3_TWC,G3_TWC,[31, 22, 82, 15, 26, 58, 95, 42, 77, 12, 47, 5, 93, 78, 98, 54, 85, 63, 18, 44, 20, 35, 43, 97, 91, 76, 10, 30, 21, 45, 71, 64, 1, 23, 17, 83, 24, 14, 60, 36, 6, 57, 94, 88, 65, 56, 79, 40, 67, 68, 46, 75, 39, 9, 19, 32, 81, 96, 27, 62, 87, 90, 99, 59, 11, 16, 72, 73, 70, 38, 37, 84, 3, 92, 25, 55, 28, 29, 51, 7, 33, 61, 86, 48, 89, 50, 69, 41, 53, 80, 4, 8, 34, 49, 52, 0, 13, 2, 66, 74]|[1, 1, 0, 1, 1, 1, 2, 1, 2, 1, 2, 2, 2, 1, 1, 0, 0, 1, 0, 2, 2, 0, 1, 2, 0, 1, 2, 2, 0, 0, 1, 2, 1, 2, 1, 0, 2, 0, 1, 1, 0, 1, 1, 1, 0, 2, 1, 1, 0, 0, 0, 0, 1, 1, 2, 1, 2, 0, 0, 0, 2, 1, 0, 1, 2, 1, 2, 1, 1, 1, 1, 1, 2, 0, 1, 1, 0, 0, 0, 1, 2, 1, 0, 0, 1, 0, 1, 0, 0, 0, 0, 1, 2, 0, 1, 0, 0, 0, 2, 2]|[4, 3, 2, 2, 0, 0, 2, 2, 2, 4, 1, 1, 2, 4, 4, 1, 1, 4, 2, 1, 1, 1, 1, 2, 1, 2, 1, 1, 1, 1, 3, 2, 3, 0, 4, 0, 1, 1, 0, 3, 2, 2, 4, 0, 1, 1, 0, 2, 0, 1, 2, 2, 1, 4, 0, 3, 2, 1, 1, 2, 1, 3, 1, 1, 1, 3, 0, 4, 3, 1, 4, 1, 1, 2, 4, 4, 2, 1, 1, 3, 1, 3, 1, 1, 1, 1, 3, 1, 2, 1, 2, 3, 1, 1, 1, 2, 2, 2, 1, 1]|[0, 2, 1, 1, 3, 3, 0, 1, 0, 0, 0, 0, 1, 0, 1, 0, 0, 3, 1, 0, 0, 0, 3, 1, 0, 2, 0, 0, 0, 1, 0, 0, 0, 0, 3, 0, 1, 0, 0, 2, 1, 1, 2, 0, 0, 0, 0, 1, 1, 0, 0, 0, 1, 3, 0, 0, 1, 0, 0, 1, 0, 2, 0, 1, 0, 2, 1, 0, 0, 1, 1, 3, 0, 1, 3, 3, 1, 0, 0, 2, 0, 0, 0, 0, 1, 0, 0, 0, 1, 0, 1, 2, 0, 1, 1, 0, 0, 0, 0, 0],790.0799945868791,57951.42221290124,88960.86369927591,false
37,G1_CMAX,G1_CMAX,[31, 22, 82, 15, 26, 58, 95, 42, 77, 12, 93, 5, 47, 78, 86, 21, 63, 18, 44, 20, 35, 43, 97, 91, 76, 10, 30, 85, 45, 71, 64, 23, 17, 83, 24, 14, 60, 25, 6, 54, 40, 88, 65, 56, 79, 57, 69, 67, 46, 75, 38, 99, 19, 32, 41, 81, 27, 87, 90, 9, 59, 11, 16, 72, 73, 70, 39, 37, 84, 1, 3, 92, 36, 55, 48, 68, 96, 29, 51, 62, 33, 61, 98, 66, 89, 50, 4, 7, 53, 80, 94, 28, 34, 49, 52, 0, 74, 8, 2, 13]|[1, 1, 0, 1, 1, 0, 1, 1, 2, 1, 2, 2, 2, 1, 1, 0, 1, 0, 2, 2, 0, 1, 2, 0, 1, 2, 2, 2, 0, 1, 2, 2, 1, 0, 2, 0, 1, 1, 0, 0, 1, 1, 0, 2, 1, 1, 1, 0, 0, 0, 1, 1, 2, 1, 2, 2, 0, 2, 1, 0, 1, 2, 1, 2, 1, 1, 1, 1, 1, 1, 1, 0, 1, 1, 0, 0, 2, 0, 0, 0, 2, 1, 2, 2, 1, 0, 1, 0, 0, 0, 1, 0, 2, 0, 1, 0, 2, 1, 0, 0]|[0, 3, 2, 2, 4, 1, 2, 3, 2, 4, 2, 1, 1, 4, 4, 1, 4, 2, 1, 1, 1, 1, 2, 1, 2, 1, 1, 2, 1, 3, 2, 0, 4, 0, 1, 1, 0, 3, 2, 1, 2, 0, 1, 1, 0, 2, 4, 0, 2, 2, 1, 4, 0, 3, 2, 1, 1, 1, 3, 1, 1, 1, 3, 0, 4, 3, 1, 4, 1, 3, 1, 0, 4, 2, 1, 1, 1, 1, 1, 2, 1, 3, 1, 1, 1, 1, 4, 0, 2, 1, 3, 2, 1, 1, 1, 2, 1, 4, 2, 2]|[0, 2, 1, 1, 3, 0, 1, 3, 0, 0, 0, 0, 0, 0, 1, 0, 3, 1, 0, 0, 0, 3, 1, 0, 2, 0, 0, 1, 1, 0, 0, 0, 3, 0, 1, 0, 0, 2, 1, 0, 1, 0, 0, 0, 0, 1, 2, 1, 0, 0, 1, 3, 0, 0, 1, 0, 0, 0, 2, 0, 1, 0, 2, 1, 0, 0, 1, 1, 3, 0, 1, 1, 3, 3, 0, 0, 0, 0, 0, 1, 0, 0, 0, 0, 1, 0, 0, 0, 1, 0, 2, 1, 0, 1, 1, 0, 0, 2, 0, 0],717.7746778690674,58051.11429889491,97947.81742761745,false
37,G4_BALANCED,G4_BALANCED,[31, 11, 15, 82, 26, 9, 95, 32, 77, 68, 47, 5, 93, 78, 86, 54, 85, 63, 18, 44, 20, 49, 36, 14, 74, 50, 53, 17, 21, 45, 71, 64, 3, 23, 30, 83, 24, 41, 60, 52, 65, 27, 90, 70, 39, 87, 48, 69, 99, 4, 46, 1, 13, 58, 97, 59, 28, 75, 73, 37, 35, 79, 22, 66, 76, 42, 40, 80, 96, 6, 16, 61, 33, 7, 57, 34, 12, 67, 10, 98, 56, 88, 29, 94, 91, 38, 51, 92, 43, 84, 19, 72, 81, 25, 0, 55, 62, 89, 8, 2]|[2, 1, 1, 2, 1, 2, 1, 1, 1, 1, 1, 0, 2, 2, 1, 2, 0, 0, 0, 2, 2, 1, 0, 2, 0, 2, 2, 1, 0, 1, 1, 1, 0, 0, 1, 0, 2, 1, 2, 2, 0, 0, 1, 1, 0, 2, 0, 2, 1, 0, 0, 2, 0, 0, 2, 0, 1, 0, 0, 0, 2, 1, 0, 2, 2, 0, 2, 2, 0, 1, 2, 1, 1, 2, 0, 1, 1, 1, 1, 2, 2, 1, 1, 2, 1, 0, 1, 0, 1, 0, 1, 1, 1, 1, 0, 0, 1, 1, 1, 2]|[0, 3, 2, 0, 4, 1, 4, 4, 2, 4, 3, 2, 1, 0, 2, 1, 1, 1, 2, 1, 1, 3, 0, 1, 0, 1, 1, 4, 1, 4, 3, 2, 2, 0, 4, 1, 1, 4, 0, 1, 2, 1, 4, 4, 1, 1, 0, 2, 3, 1, 2, 1, 2, 1, 1, 2, 4, 2, 0, 2, 2, 3, 1, 0, 1, 2, 0, 1, 2, 4, 1, 3, 4, 1, 2, 4, 3, 3, 3, 1, 1, 4, 3, 1, 3, 2, 3, 2, 4, 2, 4, 4, 1, 4, 2, 2, 3, 4, 3, 1]|[0, 2, 1, 0, 3, 0, 1, 3, 0, 0, 2, 0, 1, 0, 1, 0, 0, 0, 1, 0, 0, 2, 0, 0, 1, 0, 0, 3, 0, 1, 0, 2, 0, 1, 3, 0, 1, 3, 1, 0, 0, 0, 1, 3, 0, 0, 1, 0, 2, 0, 0, 0, 0, 0, 1, 0, 1, 0, 1, 1, 0, 2, 0, 0, 0, 0, 0, 0, 0, 2, 0, 0, 1, 0, 0, 1, 0, 0, 3, 0, 0, 1, 0, 0, 0, 0, 0, 0, 2, 0, 3, 2, 1, 3, 0, 0, 0, 1, 0, 0],838.0858887121581,52145.01293281826,108083.60693758915,false
37,G2_TEC,G4_BALANCED,[31, 22, 82, 15, 26, 9, 95, 42, 77, 68, 47, 5, 93, 78, 86, 54, 85, 63, 18, 44, 20, 49, 36, 14, 74, 50, 53, 17, 21, 28, 71, 64, 3, 23, 30, 83, 24, 41, 60, 52, 65, 27, 90, 70, 39, 87, 48, 69, 99, 4, 46, 1, 13, 58, 97, 59, 45, 8, 73, 37, 35, 79, 11, 66, 76, 32, 40, 80, 96, 6, 16, 61, 33, 7, 57, 34, 12, 67, 10, 98, 56, 88, 29, 75, 91, 38, 19, 92, 43, 2, 55, 72, 81, 25, 84, 51, 62, 89, 94, 0]|[2, 1, 2, 1, 1, 2, 1, 1, 1, 1, 1, 0, 2, 2, 1, 2, 0, 0, 0, 2, 2, 1, 0, 2, 0, 2, 2, 1, 0, 1, 1, 1, 0, 0, 1, 0, 2, 1, 2, 2, 0, 0, 1, 1, 0, 2, 0, 2, 1, 0, 0, 2, 0, 0, 2, 0, 1, 1, 0, 0, 2, 1, 0, 2, 2, 0, 2, 2, 0, 1, 2, 1, 1, 2, 0, 1, 1, 1, 1, 2, 2, 1, 1, 0, 1, 0, 1, 0, 1, 2, 0, 1, 1, 1, 0, 1, 1, 1, 2, 0]|[0, 3, 0, 3, 4, 1, 4, 4, 2, 4, 3, 2, 1, 0, 2, 1, 1, 1, 2, 1, 1, 3, 0, 1, 0, 1, 1, 4, 1, 4, 3, 2, 2, 0, 4, 1, 1, 4, 0, 1, 2, 1, 4, 4, 1, 1, 0, 2, 3, 1, 2, 1, 2, 1, 1, 2, 4, 3, 0, 2, 2, 3, 1, 0, 1, 2, 0, 1, 2, 4, 1, 3, 4, 1, 2, 4, 3, 3, 3, 1, 1, 4, 3, 2, 3, 2, 4, 2, 3, 1, 2, 4, 1, 4, 2, 3, 3, 4, 1, 2]|[0, 2, 0, 0, 3, 0, 1, 3, 0, 0, 2, 0, 1, 0, 1, 0, 0, 0, 1, 0, 0, 2, 0, 0, 1, 0, 0, 3, 0, 1, 0, 2, 0, 1, 3, 0, 1, 3, 0, 0, 0, 0, 1, 3, 0, 0, 1, 0, 2, 0, 0, 0, 0, 0, 1, 0, 1, 0, 1, 1, 0, 2, 0, 0, 0, 0, 0, 0, 0, 2, 0, 0, 1, 0, 0, 1, 0, 0, 3, 0, 0, 1, 0, 0, 0, 0, 3, 0, 3, 0, 0, 2, 1, 3, 0, 0, 0, 1, 0, 0],855.0943538544129,51546.39699852298,110959.41762027839,true
37,G3_TWC,G3_TWC,[31, 22, 82, 15, 26, 58, 95, 42, 77, 12, 47, 5, 93, 78, 98, 54, 85, 63, 18, 44, 20, 35, 43, 97, 91, 76, 10, 30, 21, 45, 71, 64, 1, 23, 17, 83, 24, 14, 60, 36, 6, 57, 94, 88, 65, 56, 79, 40, 67, 68, 46, 75, 39, 9, 19, 32, 81, 96, 27, 62, 87, 90, 99, 59, 11, 16, 72, 73, 70, 38, 37, 84, 3, 92, 25, 55, 28, 29, 51, 7, 33, 61, 86, 48, 89, 50, 69, 41, 53, 80, 4, 8, 34, 49, 52, 0, 13, 2, 66, 74]|[1, 1, 0, 1, 1, 1, 2, 1, 2, 1, 2, 2, 2, 1, 1, 0, 0, 1, 0, 2, 2, 0, 1, 2, 0, 1, 2, 2, 0, 0, 1, 2, 1, 2, 1, 0, 2, 0, 1, 1, 0, 1, 1, 1, 0, 2, 1, 1, 0, 0, 0, 0, 1, 1, 2, 1, 2, 0, 0, 0, 2, 1, 0, 1, 2, 1, 2, 1, 1, 1, 1, 1, 2, 0, 1, 1, 0, 0, 0, 1, 2, 1, 0, 0, 1, 0, 1, 0, 0, 0, 0, 1, 2, 0, 1, 0, 0, 0, 2, 2]|[4, 3, 2, 2, 0, 0, 2, 2, 2, 4, 1, 1, 2, 4, 4, 1, 1, 4, 2, 1, 1, 1, 1, 2, 1, 2, 1, 1, 1, 1, 3, 2, 3, 0, 4, 0, 1, 1, 0, 3, 2, 2, 4, 0, 1, 1, 0, 2, 0, 1, 2, 2, 1, 4, 0, 3, 2, 1, 1, 2, 1, 3, 1, 1, 1, 3, 0, 4, 3, 1, 4, 1, 1, 2, 4, 4, 2, 1, 1, 3, 1, 3, 1, 1, 1, 1, 3, 1, 2, 1, 2, 3, 1, 1, 1, 2, 2, 2, 1, 1]|[0, 2, 1, 1, 3, 3, 0, 1, 0, 0, 0, 0, 1, 0, 1, 0, 0, 3, 1, 0, 0, 0, 3, 1, 0, 2, 0, 0, 0, 1, 0, 0, 0, 0, 3, 0, 1, 0, 0, 2, 1, 1, 2, 0, 0, 0, 0, 1, 1, 0, 0, 0, 1, 3, 0, 0, 1, 0, 0, 1, 0, 2, 0, 1, 0, 2, 1, 0, 0, 1, 1, 3, 0, 1, 3, 3, 1, 0, 0, 2, 0, 0, 0, 0, 1, 0, 0, 0, 1, 0, 1, 2, 0, 1, 1, 0, 0, 0, 0, 0],790.0799945868791,57951.42221290124,88960.86369927591,false
37,G1_CMAX,G1_CMAX,[31, 22, 82, 15, 26, 99, 95, 42, 77, 12, 47, 5, 93, 78, 86, 54, 21, 63, 18, 44, 20, 23, 43, 97, 91, 76, 10, 30, 85, 45, 71, 64, 1, 35, 17, 83, 24, 14, 60, 36, 6, 57, 40, 88, 65, 56, 79, 94, 67, 68, 46, 75, 38, 9, 19, 32, 41, 81, 27, 87, 90, 58, 62, 39, 11, 16, 72, 73, 70, 59, 37, 84, 3, 92, 25, 55, 28, 29, 51, 7, 33, 61, 98, 66, 89, 50, 48, 96, 53, 80, 4, 8, 34, 49, 52, 0, 13, 2, 69, 74]|[1, 1, 0, 1, 1, 1, 2, 1, 2, 1, 2, 2, 2, 1, 1, 0, 0, 1, 0, 2, 2, 0, 1, 2, 0, 1, 2, 2, 0, 0, 1, 2, 1, 2, 1, 0, 2, 0, 1, 1, 0, 1, 1, 1, 0, 2, 1, 1, 0, 0, 0, 0, 1, 1, 2, 1, 2, 0, 0, 2, 2, 1, 0, 1, 2, 1, 2, 1, 1, 1, 1, 1, 2, 0, 1, 1, 0, 0, 0, 1, 2, 1, 2, 2, 1, 0, 0, 0, 0, 0, 0, 1, 2, 0, 1, 0, 0, 0, 1, 2]|[4, 3, 2, 2, 0, 0, 2, 2, 2, 4, 1, 1, 2, 4, 4, 1, 1, 4, 2, 1, 1, 1, 1, 2, 1, 2, 1, 1, 1, 1, 3, 2, 3, 0, 4, 0, 1, 1, 0, 3, 2, 2, 2, 0, 1, 1, 0, 4, 0, 1, 2, 2, 1, 4, 0, 3, 2, 1, 1, 1, 1, 3, 1, 1, 1, 3, 0, 4, 3, 1, 4, 1, 1, 2, 4, 4, 2, 1, 1, 3, 1, 3, 1, 1, 1, 1, 1, 1, 2, 1, 2, 3, 1, 1, 1, 2, 2, 2, 4, 1]|[0, 2, 1, 1, 3, 3, 0, 1, 0, 0, 0, 0, 1, 0, 1, 0, 0, 3, 1, 0, 0, 0, 3, 1, 0, 2, 0, 0, 0, 1, 0, 0, 0, 0, 3, 0, 1, 0, 0, 2, 1, 1, 1, 0, 0, 0, 0, 2, 1, 0, 0, 0, 1, 3, 0, 0, 1, 0, 0, 0, 0, 2, 0, 1, 0, 2, 1, 0, 0, 1, 1, 3, 0, 1, 3, 3, 1, 0, 0, 2, 0, 0, 0, 0, 1, 0, 0, 0, 1, 0, 1, 2, 0, 1, 1, 0, 0, 0, 2, 0],760.3853689308421,58081.62961599292,90593.08160129942,false
37,G4_BALANCED,G4_BALANCED,[31, 11, 15, 82, 26, 9, 95, 32, 77, 68, 47, 5, 93, 78, 86, 54, 85, 63, 18, 44, 20, 49, 36, 14, 74, 50, 53, 17, 21, 45, 71, 64, 3, 23, 30, 83, 24, 41, 60, 52, 65, 27, 90, 70, 39, 87, 48, 69, 99, 4, 46, 1, 13, 58, 97, 59, 28, 75, 73, 37, 35, 79, 22, 66, 76, 42, 40, 80, 96, 6, 16, 61, 33, 7, 57, 34, 12, 67, 10, 98, 56, 88, 29, 94, 91, 38, 51, 92, 43, 84, 19, 72, 81, 25, 0, 55, 62, 89, 8, 2]|[2, 1, 1, 2, 1, 2, 1, 1, 1, 1, 1, 0, 2, 2, 1, 2, 0, 0, 0, 2, 2, 1, 0, 2, 0, 2, 2, 1, 0, 1, 1, 1, 0, 0, 1, 0, 2, 1, 2, 2, 0, 0, 1, 1, 0, 2, 0, 2, 1, 0, 0, 2, 0, 0, 2, 0, 1, 0, 0, 0, 2, 1, 0, 2, 2, 0, 2, 2, 0, 1, 2, 1, 1, 2, 0, 1, 1, 1, 1, 2, 2, 1, 1, 2, 1, 0, 1, 0, 1, 0, 1, 1, 1, 1, 0, 0, 1, 1, 1, 2]|[0, 3, 2, 0, 4, 1, 4, 4, 2, 4, 3, 2, 1, 0, 2, 1, 1, 1, 2, 1, 1, 3, 0, 1, 0, 1, 1, 4, 1, 4, 3, 2, 2, 0, 4, 1, 1, 4, 0, 1, 2, 1, 4, 4, 1, 1, 0, 2, 3, 1, 2, 1, 2, 1, 1, 2, 4, 2, 0, 2, 2, 3, 1, 0, 1, 2, 0, 1, 2, 4, 1, 3, 4, 1, 2, 4, 3, 3, 3, 1, 1, 4, 3, 1, 3, 2, 3, 2, 4, 2, 4, 4, 1, 4, 2, 2, 3, 4, 3, 1]|[0, 2, 1, 0, 3, 0, 1, 3, 0, 0, 2, 0, 1, 0, 1, 0, 0, 0, 1, 0, 0, 2, 0, 0, 1, 0, 0, 3, 0, 1, 0, 2, 0, 1, 3, 0, 1, 3, 1, 0, 0, 0, 1, 3, 0, 0, 1, 0, 2, 0, 0, 0, 0, 0, 1, 0, 1, 0, 1, 1, 0, 2, 0, 0, 0, 0, 0, 0, 0, 2, 0, 0, 1, 0, 0, 1, 0, 0, 3, 0, 0, 1, 0, 0, 0, 0, 0, 0, 2, 0, 3, 2, 1, 3, 0, 0, 0, 1, 0, 0],838.0858887121581,52145.01293281826,108083.60693758915,false
37,G2_TEC,G4_BALANCED,[31, 22, 82, 15, 26, 9, 95, 42, 77, 68, 47, 5, 93, 78, 86, 54, 85, 63, 18, 44, 20, 49, 36, 14, 74, 50, 53, 17, 21, 28, 71, 64, 3, 23, 30, 83, 24, 41, 60, 52, 65, 27, 90, 70, 39, 87, 48, 69, 99, 4, 46, 1, 13, 58, 97, 59, 45, 8, 73, 37, 35, 79, 11, 66, 76, 32, 40, 80, 96, 6, 16, 61, 33, 7, 57, 34, 12, 67, 10, 98, 56, 88, 29, 75, 91, 38, 19, 92, 43, 2, 55, 72, 81, 25, 84, 51, 62, 89, 94, 0]|[2, 1, 2, 1, 1, 2, 1, 1, 1, 1, 1, 0, 2, 2, 1, 2, 0, 0, 0, 2, 2, 1, 0, 2, 0, 2, 2, 1, 0, 1, 1, 1, 0, 0, 1, 0, 2, 1, 2, 2, 0, 0, 1, 1, 0, 2, 0, 2, 1, 0, 0, 2, 0, 0, 2, 0, 1, 1, 0, 0, 2, 1, 0, 2, 2, 0, 2, 2, 0, 1, 2, 1, 1, 2, 0, 1, 1, 1, 1, 2, 2, 1, 1, 0, 1, 0, 1, 0, 1, 2, 0, 1, 1, 1, 0, 1, 1, 1, 2, 0]|[0, 3, 0, 3, 4, 1, 4, 4, 2, 4, 3, 2, 1, 0, 2, 1, 1, 1, 2, 1, 1, 3, 0, 1, 0, 1, 1, 4, 1, 4, 3, 2, 2, 0, 4, 1, 1, 4, 0, 1, 2, 1, 4, 4, 1, 1, 0, 2, 3, 1, 2, 1, 2, 1, 1, 2, 4, 3, 0, 2, 2, 3, 1, 0, 1, 2, 0, 1, 2, 4, 1, 3, 4, 1, 2, 4, 3, 3, 3, 1, 1, 4, 3, 2, 3, 2, 4, 2, 3, 1, 2, 4, 1, 4, 2, 3, 3, 4, 1, 2]|[0, 2, 0, 0, 3, 0, 1, 3, 0, 0, 2, 0, 1, 0, 1, 0, 0, 0, 1, 0, 0, 2, 0, 0, 1, 0, 0, 3, 0, 1, 0, 2, 0, 1, 3, 0, 1, 3, 0, 0, 0, 0, 1, 3, 0, 0, 1, 0, 2, 0, 0, 0, 0, 0, 1, 0, 1, 0, 1, 1, 0, 2, 0, 0, 0, 0, 0, 0, 0, 2, 0, 0, 1, 0, 0, 1, 0, 0, 3, 0, 0, 1, 0, 0, 0, 0, 3, 0, 3, 0, 0, 2, 1, 3, 0, 0, 0, 1, 0, 0],855.0943538544129,51546.39699852298,110959.41762027839,true
37,G3_TWC,G3_TWC,[31, 22, 82, 15, 26, 58, 95, 42, 77, 12, 47, 5, 93, 78, 98, 54, 85, 63, 18, 44, 20, 35, 43, 97, 91, 76, 10, 30, 21, 45, 71, 64, 1, 23, 17, 83, 24, 14, 60, 36, 6, 57, 94, 88, 65, 56, 79, 40, 67, 68, 46, 75, 39, 9, 19, 32, 81, 96, 27, 62, 87, 90, 99, 59, 11, 16, 72, 73, 70, 38, 37, 84, 3, 92, 25, 55, 28, 29, 51, 7, 33, 61, 86, 48, 89, 50, 69, 41, 53, 80, 4, 8, 34, 49, 52, 0, 13, 2, 66, 74]|[1, 1, 0, 1, 1, 1, 2, 1, 2, 1, 2, 2, 2, 1, 1, 0, 0, 1, 0, 2, 2, 0, 1, 2, 0, 1, 2, 2, 0, 0, 1, 2, 1, 2, 1, 0, 2, 0, 1, 1, 0, 1, 1, 1, 0, 2, 1, 1, 0, 0, 0, 0, 1, 1, 2, 1, 2, 0, 0, 0, 2, 1, 0, 1, 2, 1, 2, 1, 1, 1, 1, 1, 2, 0, 1, 1, 0, 0, 0, 1, 2, 1, 0, 0, 1, 0, 1, 0, 0, 0, 0, 1, 2, 0, 1, 0, 0, 0, 2, 2]|[4, 3, 2, 2, 0, 0, 2, 2, 2, 4, 1, 1, 2, 4, 4, 1, 1, 4, 2, 1, 1, 1, 1, 2, 1, 2, 1, 1, 1, 1, 3, 2, 3, 0, 4, 0, 1, 1, 0, 3, 2, 2, 4, 0, 1, 1, 0, 2, 0, 1, 2, 2, 1, 4, 0, 3, 2, 1, 1, 2, 1, 3, 1, 1, 1, 3, 0, 4, 3, 1, 4, 1, 1, 2, 4, 4, 2, 1, 1, 3, 1, 3, 1, 1, 1, 1, 3, 1, 2, 1, 2, 3, 1, 1, 1, 2, 2, 2, 1, 1]|[0, 2, 1, 1, 3, 3, 0, 1, 0, 0, 0, 0, 1, 0, 1, 0, 0, 3, 1, 0, 0, 0, 3, 1, 0, 2, 0, 0, 0, 1, 0, 0, 0, 0, 3, 0, 1, 0, 0, 2, 1, 1, 2, 0, 0, 0, 0, 1, 1, 0, 0, 0, 1, 3, 0, 0, 1, 0, 0, 1, 0, 2, 0, 1, 0, 2, 1, 0, 0, 1, 1, 3, 0, 1, 3, 3, 1, 0, 0, 2, 0, 0, 0, 0, 1, 0, 0, 0, 1, 0, 1, 2, 0, 1, 1, 0, 0, 0, 0, 0],790.0799945868791,57951.42221290124,88960.86369927591,false
37,G1_CMAX,G1_CMAX,[31, 22, 82, 15, 26, 99, 95, 42, 77, 12, 47, 5, 93, 78, 86, 54, 21, 63, 18, 44, 20, 35, 43, 97, 91, 76, 10, 30, 85, 45, 71, 64, 1, 23, 17, 83, 24, 14, 60, 36, 6, 57, 40, 88, 65, 56, 79, 94, 67, 68, 46, 75, 38, 9, 19, 32, 41, 81, 27, 87, 90, 58, 59, 11, 16, 72, 73, 70, 39, 37, 84, 3, 92, 25, 55, 48, 62, 29, 51, 7, 33, 61, 66, 28, 89, 50, 4, 96, 53, 80, 8, 98, 34, 49, 52, 0, 74, 69, 2, 13]|[1, 1, 0, 1, 1, 0, 1, 1, 2, 1, 2, 2, 2, 1, 1, 0, 0, 1, 0, 2, 2, 0, 1, 2, 0, 1, 2, 2, 0, 0, 1, 2, 1, 2, 1, 0, 2, 0, 1, 1, 0, 1, 1, 1, 0, 2, 2, 1, 0, 0, 0, 0, 1, 1, 2, 1, 0, 2, 0, 2, 1, 0, 1, 2, 1, 2, 1, 1, 1, 1, 1, 1, 0, 1, 2, 0, 0, 0, 0, 2, 2, 1, 2, 0, 1, 0, 1, 2, 0, 0, 1, 2, 2, 0, 1, 0, 2, 1, 0, 0]|[0, 3, 2, 2, 4, 1, 2, 3, 2, 4, 1, 1, 2, 4, 4, 1, 1, 4, 2, 1, 1, 1, 1, 2, 1, 2, 1, 1, 2, 1, 3, 2, 3, 1, 4, 0, 1, 1, 0, 3, 2, 2, 2, 0, 1, 1, 1, 4, 0, 1, 2, 2, 1, 4, 0, 3, 1, 1, 1, 1, 3, 1, 1, 1, 3, 0, 4, 3, 1, 4, 1, 1, 0, 4, 1, 1, 2, 1, 1, 1, 1, 3, 1, 2, 1, 1, 4, 1, 2, 1, 3, 1, 1, 1, 1, 2, 1, 4, 2, 2]|[0, 2, 1, 1, 3, 0, 1, 3, 0, 0, 0, 0, 1, 0, 1, 0, 0, 3, 1, 0, 0, 0, 3, 1, 0, 2, 0, 0, 0, 1, 0, 0, 0, 0, 3, 0, 1, 0, 0, 2, 1, 1, 1, 0, 0, 0, 0, 2, 1, 0, 0, 0, 1, 3, 0, 0, 0, 0, 0, 0, 2, 0, 1, 0, 2, 1, 0, 0, 1, 1, 3, 1, 1, 3, 0, 0, 1, 0, 0, 0, 0, 0, 0, 1, 1, 0, 0, 0, 1, 0, 2, 0, 0, 1, 1, 0, 0, 2, 0, 0],734.7379753826443,56212.42260301796,92506.7406905272,false
37,G4_BALANCED,G4_BALANCED,[31, 11, 15, 82, 26, 9, 95, 32, 77, 68, 47, 5, 93, 78, 86, 54, 85, 63, 18, 44, 20, 49, 36, 14, 74, 50, 53, 17, 21, 45, 71, 64, 3, 23, 30, 83, 24, 41, 60, 52, 65, 27, 90, 70, 39, 87, 48, 69, 99, 4, 46, 1, 13, 58, 97, 59, 28, 75, 73, 37, 35, 79, 22, 66, 76, 42, 40, 80, 96, 6, 16, 61, 33, 7, 57, 34, 12, 67, 10, 98, 56, 88, 29, 94, 91, 38, 51, 92, 43, 84, 19, 72, 81, 25, 0, 55, 62, 89, 8, 2]|[2, 1, 1, 2, 1, 2, 1, 1, 1, 1, 1, 0, 2, 2, 1, 2, 0, 0, 0, 2, 2, 1, 0, 2, 0, 2, 2, 1, 0, 1, 1, 1, 0, 0, 1, 0, 2, 1, 2, 2, 0, 0, 1, 1, 0, 2, 0, 2, 1, 0, 0, 2, 0, 0, 2, 0, 1, 0, 0, 0, 2, 1, 0, 2, 2, 0, 2, 2, 0, 1, 2, 1, 1, 2, 0, 1, 1, 1, 1, 2, 2, 1, 1, 2, 1, 0, 1, 0, 1, 0, 1, 1, 1, 1, 0, 0, 1, 1, 1, 2]|[0, 3, 2, 0, 4, 1, 4, 4, 2, 4, 3, 2, 1, 0, 2, 1, 1, 1, 2, 1, 1, 3, 0, 1, 0, 1, 1, 4, 1, 4, 3, 2, 2, 0, 4, 1, 1, 4, 0, 1, 2, 1, 4, 4, 1, 1, 0, 2, 3, 1, 2, 1, 2, 1, 1, 2, 4, 2, 0, 2, 2, 3, 1, 0, 1, 2, 0, 1, 2, 4, 1, 3, 4, 1, 2, 4, 3, 3, 3, 1, 1, 4, 3, 1, 3, 2, 3, 2, 4, 2, 4, 4, 1, 4, 2, 2, 3, 4, 3, 1]|[0, 2, 1, 0, 3, 0, 1, 3, 0, 0, 2, 0, 1, 0, 1, 0, 0, 0, 1, 0, 0, 2, 0, 0, 1, 0, 0, 3, 0, 1, 0, 2, 0, 1, 3, 0, 1, 3, 1, 0, 0, 0, 1, 3, 0, 0, 1, 0, 2, 0, 0, 0, 0, 0, 1, 0, 1, 0, 1, 1, 0, 2, 0, 0, 0, 0, 0, 0, 0, 2, 0, 0, 1, 0, 0, 1, 0, 0, 3, 0, 0, 1, 0, 0, 0, 0, 0, 0, 2, 0, 3, 2, 1, 3, 0, 0, 0, 1, 0, 0],838.0858887121581,52145.01293281826,108083.60693758915,false
37,G2_TEC,G2_TEC,[31, 22, 82, 15, 26, 9, 95, 42, 77, 68, 47, 5, 93, 78, 86, 54, 85, 63, 18, 44, 20, 49, 36, 14, 74, 50, 53, 17, 21, 28, 11, 64, 3, 23, 30, 83, 24, 41, 40, 52, 65, 27, 90, 70, 39, 87, 48, 69, 99, 4, 75, 1, 13, 58, 97, 59, 45, 8, 73, 37, 35, 79, 71, 66, 76, 32, 60, 80, 56, 6, 67, 61, 33, 7, 57, 34, 12, 16, 10, 98, 96, 88, 43, 46, 91, 38, 84, 92, 29, 19, 51, 55, 81, 89, 25, 72, 94, 2, 0, 62]|[2, 1, 2, 1, 1, 2, 1, 1, 1, 1, 1, 0, 2, 2, 1, 2, 0, 0, 0, 2, 2, 1, 0, 2, 0, 2, 2, 1, 0, 1, 1, 1, 0, 0, 1, 0, 2, 1, 2, 2, 0, 0, 1, 1, 0, 2, 0, 2, 1, 0, 0, 2, 0, 0, 2, 0, 1, 1, 0, 0, 2, 1, 1, 2, 2, 0, 2, 2, 2, 1, 2, 1, 1, 2, 0, 1, 1, 2, 1, 2, 0, 1, 1, 0, 1, 0, 0, 0, 1, 1, 1, 0, 1, 1, 1, 1, 2, 2, 0, 1]|[0, 3, 0, 3, 4, 1, 4, 4, 2, 4, 3, 2, 1, 0, 2, 1, 1, 1, 2, 1, 1, 3, 0, 1, 0, 1, 1, 4, 1, 4, 3, 2, 2, 0, 4, 1, 1, 4, 1, 1, 2, 1, 4, 4, 1, 1, 0, 2, 3, 2, 2, 1, 2, 1, 1, 2, 4, 3, 0, 2, 2, 3, 3, 1, 1, 2, 1, 1, 1, 4, 1, 3, 4, 1, 2, 4, 3, 1, 3, 1, 2, 4, 4, 2, 3, 2, 2, 2, 3, 4, 3, 2, 4, 4, 4, 4, 1, 1, 2, 3]|[0, 2, 0, 0, 3, 0, 1, 3, 0, 0, 2, 0, 1, 0, 1, 0, 0, 0, 1, 0, 0, 2, 0, 0, 1, 0, 0, 3, 0, 1, 0, 2, 0, 0, 3, 0, 1, 1, 0, 0, 0, 0, 1, 3, 0, 0, 1, 0, 2, 0, 0, 0, 0, 0, 1, 0, 1, 0, 1, 1, 0, 2, 0, 0, 0, 0, 0, 0, 0, 2, 0, 0, 1, 0, 0, 1, 0, 0, 3, 0, 0, 1, 2, 0, 0, 0, 0, 0, 3, 1, 0, 0, 2, 1, 3, 1, 0, 0, 0, 0],908.8272556494078,49235.066718390466,107289.32240407266,false
37,G3_TWC,G3_TWC,[31, 22, 82, 15, 26, 58, 95, 42, 77, 12, 47, 5, 93, 78, 98, 54, 85, 63, 18, 44, 20, 35, 43, 97, 91, 76, 10, 30, 21, 45, 71, 64, 1, 23, 17, 83, 24, 14, 60, 36, 6, 57, 94, 88, 65, 56, 79, 40, 67, 68, 46, 75, 39, 9, 19, 32, 81, 96, 27, 62, 87, 90, 99, 59, 11, 16, 72, 73, 70, 38, 37, 84, 3, 92, 25, 55, 28, 29, 51, 7, 33, 61, 86, 48, 89, 50, 69, 41, 53, 80, 4, 8, 34, 49, 52, 0, 13, 2, 66, 74]|[1, 1, 0, 1, 1, 1, 2, 1, 2, 1, 2, 2, 2, 1, 1, 0, 0, 1, 0, 2, 2, 0, 1, 2, 0, 1, 2, 2, 0, 0, 1, 2, 1, 2, 1, 0, 2, 0, 1, 1, 0, 1, 1, 1, 0, 2, 1, 1, 0, 0, 0, 0, 1, 1, 2, 1, 2, 0, 0, 0, 2, 1, 0, 1, 2, 1, 2, 1, 1, 1, 1, 1, 2, 0, 1, 1, 0, 0, 0, 1, 2, 1, 0, 0, 1, 0, 1, 0, 0, 0, 0, 1, 2, 0, 1, 0, 0, 0, 2, 2]|[4, 3, 2, 2, 0, 0, 2, 2, 2, 4, 1, 1, 2, 4, 4, 1, 1, 4, 2, 1, 1, 1, 1, 2, 1, 2, 1, 1, 1, 1, 3, 2, 3, 0, 4, 0, 1, 1, 0, 3, 2, 2, 4, 0, 1, 1, 0, 2, 0, 1, 2, 2, 1, 4, 0, 3, 2, 1, 1, 2, 1, 3, 1, 1, 1, 3, 0, 4, 3, 1, 4, 1, 1, 2, 4, 4, 2, 1, 1, 3, 1, 3, 1, 1, 1, 1, 3, 1, 2, 1, 2, 3, 1, 1, 1, 2, 2, 2, 1, 1]|[0, 2, 1, 1, 3, 3, 0, 1, 0, 0, 0, 0, 1, 0, 1, 0, 0, 3, 1, 0, 0, 0, 3, 1, 0, 2, 0, 0, 0, 1, 0, 0, 0, 0, 3, 0, 1, 0, 0, 2, 1, 1, 2, 0, 0, 0, 0, 1, 1, 0, 0, 0, 1, 3, 0, 0, 1, 0, 0, 1, 0, 2, 0, 1, 0, 2, 1, 0, 0, 1, 1, 3, 0, 1, 3, 3, 1, 0, 0, 2, 0, 0, 0, 0, 1, 0, 0, 0, 1, 0, 1, 2, 0, 1, 1, 0, 0, 0, 0, 0],790.0799945868791,57951.42221290124,88960.86369927591,false
37,G1_CMAX,G3_TWC,[42, 31, 22, 82, 15, 26, 58, 95, 77, 12, 47, 5, 93, 78, 98, 54, 85, 63, 18, 44, 20, 35, 43, 97, 91, 76, 10, 30, 21, 45, 71, 64, 1, 23, 17, 83, 24, 14, 60, 36, 6, 57, 94, 88, 65, 56, 79, 40, 67, 68, 46, 75, 38, 9, 19, 32, 81, 41, 27, 62, 87, 90, 99, 59, 11, 16, 72, 73, 70, 39, 37, 84, 3, 92, 25, 55, 28, 29, 51, 7, 33, 61, 86, 66, 89, 50, 48, 96, 53, 80, 4, 8, 34, 49, 52, 0, 13, 2, 69, 74]|[1, 1, 1, 0, 1, 1, 1, 2, 2, 1, 2, 2, 2, 1, 1, 0, 0, 1, 0, 2, 2, 0, 1, 2, 0, 1, 2, 2, 0, 0, 1, 2, 1, 2, 1, 0, 2, 0, 1, 1, 0, 1, 1, 1, 0, 2, 1, 1, 0, 0, 0, 0, 1, 1, 2, 1, 2, 0, 0, 0, 2, 1, 0, 1, 2, 1, 2, 1, 1, 1, 1, 1, 2, 0, 1, 1, 0, 0, 0, 1, 2, 1, 0, 2, 1, 0, 0, 0, 0, 0, 0, 1, 2, 0, 1, 0, 0, 0, 1, 2]|[2, 4, 3, 2, 2, 0, 0, 2, 2, 4, 1, 1, 2, 4, 4, 1, 1, 4, 2, 1, 1, 1, 1, 2, 1, 2, 1, 1, 1, 1, 3, 2, 3, 0, 4, 0, 1, 1, 0, 3, 2, 2, 4, 0, 1, 1, 0, 2, 0, 1, 2, 2, 1, 4, 0, 3, 2, 1, 1, 2, 1, 3, 1, 1, 1, 3, 0, 4, 3, 1, 4, 1, 1, 2, 4, 4, 2, 1, 1, 3, 1, 3, 1, 1, 1, 1, 1, 1, 2, 1, 2, 3, 1, 1, 1, 2, 2, 2, 3, 1]|[1, 0, 2, 1, 1, 3, 3, 0, 0, 0, 0, 0, 1, 0, 1, 0, 0, 3, 1, 0, 0, 0, 3, 1, 0, 2, 0, 0, 0, 1, 0, 0, 0, 0, 3, 0, 1, 0, 0, 2, 1, 1, 2, 0, 0, 0, 0, 1, 1, 0, 0, 0, 1, 3, 0, 0, 1, 0, 0, 1, 0, 2, 0, 1, 0, 2, 1, 0, 0, 1, 1, 3, 0, 1, 3, 3, 1, 0, 0, 2, 0, 0, 0, 0, 1, 0, 0, 0, 1, 0, 1, 2, 0, 1, 1, 0, 0, 0, 0, 0],790.0808266764368,58301.839560278044,88734.19036740763,true
37,G4_BALANCED,G4_BALANCED,[31, 11, 15, 82, 26, 9, 95, 32, 77, 68, 47, 5, 93, 78, 86, 54, 85, 63, 18, 44, 20, 49, 36, 14, 74, 50, 53, 17, 21, 45, 71, 64, 3, 23, 30, 83, 24, 41, 60, 52, 65, 27, 90, 70, 39, 87, 48, 69, 99, 4, 46, 1, 13, 58, 97, 59, 28, 75, 73, 37, 35, 79, 22, 66, 76, 42, 40, 80, 96, 6, 16, 61, 33, 7, 57, 34, 12, 67, 10, 98, 56, 88, 29, 94, 91, 38, 51, 92, 43, 84, 19, 72, 81, 25, 0, 55, 62, 89, 8, 2]|[2, 1, 1, 2, 1, 2, 1, 1, 1, 1, 1, 0, 2, 2, 1, 2, 0, 0, 0, 2, 2, 1, 0, 2, 0, 2, 2, 1, 0, 1, 1, 1, 0, 0, 1, 0, 2, 1, 2, 2, 0, 0, 1, 1, 0, 2, 0, 2, 1, 0, 0, 2, 0, 0, 2, 0, 1, 0, 0, 0, 2, 1, 0, 2, 2, 0, 2, 2, 0, 1, 2, 1, 1, 2, 0, 1, 1, 1, 1, 2, 2, 1, 1, 2, 1, 0, 1, 0, 1, 0, 1, 1, 1, 1, 0, 0, 1, 1, 1, 2]|[0, 3, 2, 0, 4, 1, 4, 4, 2, 4, 3, 2, 1, 0, 2, 1, 1, 1, 2, 1, 1, 3, 0, 1, 0, 1, 1, 4, 1, 4, 3, 2, 2, 0, 4, 1, 1, 4, 0, 1, 2, 1, 4, 4, 1, 1, 0, 2, 3, 1, 2, 1, 2, 1, 1, 2, 4, 2, 0, 2, 2, 3, 1, 0, 1, 2, 0, 1, 2, 4, 1, 3, 4, 1, 2, 4, 3, 3, 3, 1, 1, 4, 3, 1, 3, 2, 3, 2, 4, 2, 4, 4, 1, 4, 2, 2, 3, 4, 3, 1]|[0, 2, 1, 0, 3, 0, 1, 3, 0, 0, 2, 0, 1, 0, 1, 0, 0, 0, 1, 0, 0, 2, 0, 0, 1, 0, 0, 3, 0, 1, 0, 2, 0, 1, 3, 0, 1, 3, 1, 0, 0, 0, 1, 3, 0, 0, 1, 0, 2, 0, 0, 0, 0, 0, 1, 0, 1, 0, 1, 1, 0, 2, 0, 0, 0, 0, 0, 0, 0, 2, 0, 0, 1, 0, 0, 1, 0, 0, 3, 0, 0, 1, 0, 0, 0, 0, 0, 0, 2, 0, 3, 2, 1, 3, 0, 0, 0, 1, 0, 0],838.0858887121581,52145.01293281826,108083.60693758915,false
37,G2_TEC,G2_TEC,[31, 22, 82, 15, 26, 9, 95, 42, 77, 68, 47, 5, 93, 78, 86, 54, 85, 63, 18, 44, 20, 49, 36, 14, 74, 50, 53, 17, 21, 28, 11, 64, 3, 23, 30, 83, 24, 41, 40, 52, 65, 27, 90, 70, 39, 87, 48, 69, 99, 4, 75, 1, 13, 58, 97, 59, 45, 8, 73, 37, 35, 79, 71, 66, 76, 32, 60, 80, 56, 6, 67, 61, 33, 7, 57, 34, 12, 16, 10, 98, 96, 88, 43, 46, 91, 38, 84, 92, 29, 19, 51, 55, 81, 89, 25, 72, 94, 2, 0, 62]|[2, 1, 2, 1, 1, 2, 1, 1, 1, 1, 1, 0, 2, 2, 1, 2, 0, 0, 0, 2, 2, 1, 0, 2, 0, 2, 2, 1, 0, 1, 1, 1, 0, 0, 1, 0, 2, 1, 2, 2, 0, 0, 1, 1, 0, 2, 0, 2, 1, 0, 0, 2, 0, 0, 2, 0, 1, 1, 0, 0, 2, 1, 1, 2, 2, 0, 2, 2, 2, 1, 2, 1, 1, 2, 0, 1, 1, 2, 1, 2, 0, 1, 1, 0, 1, 0, 0, 0, 1, 1, 1, 0, 1, 1, 1, 1, 2, 2, 0, 1]|[0, 3, 0, 3, 4, 1, 4, 4, 2, 4, 3, 2, 1, 0, 2, 1, 1, 1, 2, 1, 1, 3, 0, 1, 0, 1, 1, 4, 1, 4, 3, 2, 2, 0, 4, 1, 1, 4, 1, 1, 2, 1, 4, 4, 1, 1, 0, 2, 3, 2, 2, 1, 2, 1, 1, 2, 4, 3, 0, 2, 2, 3, 3, 1, 1, 2, 1, 1, 1, 4, 1, 3, 4, 1, 2, 4, 3, 1, 3, 1, 2, 4, 4, 2, 3, 2, 2, 2, 3, 4, 3, 2, 4, 4, 4, 4, 1, 1, 2, 3]|[0, 2, 0, 0, 3, 0, 1, 3, 0, 0, 2, 0, 1, 0, 1, 0, 0, 0, 1, 0, 0, 2, 0, 0, 1, 0, 0, 3, 0, 1, 0, 2, 0, 0, 3, 0, 1, 1, 0, 0, 0, 0, 1, 3, 0, 0, 1, 0, 2, 0, 0, 0, 0, 0, 1, 0, 1, 0, 1, 1, 0, 2, 0, 0, 0, 0, 0, 0, 0, 2, 0, 0, 1, 0, 0, 1, 0, 0, 3, 0, 0, 1, 2, 0, 0, 0, 0, 0, 3, 1, 0, 0, 2, 1, 3, 1, 0, 0, 0, 0],908.8272556494078,49235.066718390466,107289.32240407266,false
37,G3_TWC,G3_TWC,[31, 22, 82, 15, 26, 58, 95, 42, 77, 12, 47, 5, 93, 78, 98, 54, 85, 63, 18, 44, 20, 35, 43, 97, 91, 76, 10, 30, 21, 45, 71, 64, 1, 23, 17, 83, 24, 14, 60, 36, 6, 57, 94, 88, 65, 56, 79, 40, 67, 68, 46, 75, 39, 9, 19, 32, 81, 96, 27, 62, 87, 90, 99, 59, 11, 16, 72, 73, 70, 38, 37, 84, 3, 92, 25, 55, 28, 29, 51, 7, 33, 61, 86, 48, 89, 50, 69, 41, 53, 80, 4, 8, 34, 49, 52, 0, 13, 2, 66, 74]|[1, 1, 0, 1, 1, 1, 2, 1, 2, 1, 2, 2, 2, 1, 1, 0, 0, 1, 0, 2, 2, 0, 1, 2, 0, 1, 2, 2, 0, 0, 1, 2, 1, 2, 1, 0, 2, 0, 1, 1, 0, 1, 1, 1, 0, 2, 1, 1, 0, 0, 0, 0, 1, 1, 2, 1, 2, 0, 0, 0, 2, 1, 0, 1, 2, 1, 2, 1, 1, 1, 1, 1, 2, 0, 1, 1, 0, 0, 0, 1, 2, 1, 0, 0, 1, 0, 1, 0, 0, 0, 0, 1, 2, 0, 1, 0, 0, 0, 2, 2]|[4, 3, 2, 2, 0, 0, 2, 2, 2, 4, 1, 1, 2, 4, 4, 1, 1, 4, 2, 1, 1, 1, 1, 2, 1, 2, 1, 1, 1, 1, 3, 2, 3, 0, 4, 0, 1, 1, 0, 3, 2, 2, 4, 0, 1, 1, 0, 2, 0, 1, 2, 2, 1, 4, 0, 3, 2, 1, 1, 2, 1, 3, 1, 1, 1, 3, 0, 4, 3, 1, 4, 1, 1, 2, 4, 4, 2, 1, 1, 3, 1, 3, 1, 1, 1, 1, 3, 1, 2, 1, 2, 3, 1, 1, 1, 2, 2, 2, 1, 1]|[0, 2, 1, 1, 3, 3, 0, 1, 0, 0, 0, 0, 1, 0, 1, 0, 0, 3, 1, 0, 0, 0, 3, 1, 0, 2, 0, 0, 0, 1, 0, 0, 0, 0, 3, 0, 1, 0, 0, 2, 1, 1, 2, 0, 0, 0, 0, 1, 1, 0, 0, 0, 1, 3, 0, 0, 1, 0, 0, 1, 0, 2, 0, 1, 0, 2, 1, 0, 0, 1, 1, 3, 0, 1, 3, 3, 1, 0, 0, 2, 0, 0, 0, 0, 1, 0, 0, 0, 1, 0, 1, 2, 0, 1, 1, 0, 0, 0, 0, 0],790.0799945868791,57951.42221290124,88960.86369927591,false
37,G1_CMAX,G3_TWC,[31, 22, 82, 15, 26, 58, 95, 42, 77, 12, 47, 5, 93, 78, 98, 54, 85, 63, 18, 44, 20, 35, 43, 97, 91, 76, 10, 30, 21, 45, 71, 64, 1, 23, 17, 83, 24, 14, 60, 36, 6, 57, 94, 88, 65, 56, 79, 40, 67, 68, 46, 75, 38, 9, 19, 32, 81, 41, 27, 62, 87, 90, 99, 59, 11, 16, 73, 72, 70, 39, 37, 84, 3, 92, 25, 55, 28, 29, 51, 7, 33, 61, 86, 80, 89, 50, 4, 96, 53, 48, 66, 8, 34, 49, 52, 0, 13, 2, 69, 74]|[1, 1, 0, 1, 1, 1, 2, 1, 2, 1, 2, 2, 2, 1, 1, 0, 0, 1, 0, 2, 2, 0, 0, 2, 0, 1, 2, 2, 0, 0, 1, 2, 1, 2, 1, 0, 2, 0, 1, 1, 0, 1, 1, 1, 0, 2, 1, 1, 0, 0, 0, 0, 1, 1, 2, 1, 2, 0, 0, 0, 2, 1, 1, 2, 2, 1, 2, 1, 1, 1, 1, 1, 1, 0, 1, 1, 0, 0, 0, 1, 2, 1, 0, 0, 1, 0, 0, 0, 0, 0, 2, 1, 2, 0, 1, 0, 0, 0, 1, 2]|[4, 3, 2, 2, 0, 0, 2, 2, 2, 4, 1, 1, 2, 4, 4, 1, 1, 4, 2, 1, 1, 1, 1, 2, 1, 2, 1, 1, 1, 1, 3, 1, 3, 0, 4, 0, 1, 1, 0, 3, 2, 2, 4, 0, 1, 1, 0, 2, 0, 1, 2, 2, 1, 4, 0, 3, 2, 1, 1, 2, 1, 3, 1, 1, 1, 3, 0, 4, 3, 1, 4, 1, 1, 2, 4, 4, 2, 1, 1, 3, 1, 3, 1, 1, 1, 1, 2, 1, 2, 1, 1, 3, 1, 1, 1, 2, 2, 2, 3, 1]|[0, 2, 1, 1, 3, 3, 0, 1, 0, 0, 0, 0, 1, 0, 1, 0, 0, 3, 1, 0, 0, 0, 0, 1, 0, 2, 0, 0, 0, 1, 0, 0, 0, 0, 3, 0, 1, 0, 0, 2, 1, 1, 2, 0, 0, 0, 0, 1, 1, 0, 0, 0, 1, 3, 0, 0, 1, 0, 0, 1, 0, 2, 1, 0, 0, 2, 1, 0, 0, 1, 1, 3, 1, 1, 3, 3, 1, 0, 0, 2, 0, 0, 0, 0, 1, 0, 1, 0, 1, 0, 0, 2, 0, 1, 1, 0, 0, 0, 0, 0],783.513658900274,57954.02994106131,89339.01998104787,true
37,G4_BALANCED,G4_BALANCED,[31, 11, 15, 82, 26, 9, 95, 32, 77, 68, 47, 5, 93, 78, 86, 54, 85, 63, 18, 44, 20, 49, 36, 14, 74, 50, 53, 17, 21, 45, 71, 64, 3, 23, 30, 83, 24, 41, 60, 52, 65, 27, 90, 70, 39, 87, 48, 69, 99, 4, 46, 1, 13, 58, 97, 59, 28, 75, 73, 37, 35, 79, 22, 66, 76, 42, 40, 80, 96, 6, 16, 61, 33, 7, 57, 34, 12, 67, 10, 98, 56, 88, 29, 94, 91, 38, 51, 92, 43, 84, 19, 72, 81, 25, 0, 55, 62, 89, 8, 2]|[2, 1, 1, 2, 1, 2, 1, 1, 1, 1, 1, 0, 2, 2, 1, 2, 0, 0, 0, 2, 2, 1, 0, 2, 0, 2, 2, 1, 0, 1, 1, 1, 0, 0, 1, 0, 2, 1, 2, 2, 0, 0, 1, 1, 0, 2, 0, 2, 1, 0, 0, 2, 0, 0, 2, 0, 1, 0, 0, 0, 2, 1, 0, 2, 2, 0, 2, 2, 0, 1, 2, 1, 1, 2, 0, 1, 1, 1, 1, 2, 2, 1, 1, 2, 1, 0, 1, 0, 1, 0, 1, 1, 1, 1, 0, 0, 1, 1, 1, 2]|[0, 3, 2, 0, 4, 1, 4, 4, 2, 4, 3, 2, 1, 0, 2, 1, 1, 1, 2, 1, 1, 3, 0, 1, 0, 1, 1, 4, 1, 4, 3, 2, 2, 0, 4, 1, 1, 4, 0, 1, 2, 1, 4, 4, 1, 1, 0, 2, 3, 1, 2, 1, 2, 1, 1, 2, 4, 2, 0, 2, 2, 3, 1, 0, 1, 2, 0, 1, 2, 4, 1, 3, 4, 1, 2, 4, 3, 3, 3, 1, 1, 4, 3, 1, 3, 2, 3, 2, 4, 2, 4, 4, 1, 4, 2, 2, 3, 4, 3, 1]|[0, 2, 1, 0, 3, 0, 1, 3, 0, 0, 2, 0, 1, 0, 1, 0, 0, 0, 1, 0, 0, 2, 0, 0, 1, 0, 0, 3, 0, 1, 0, 2, 0, 1, 3, 0, 1, 3, 1, 0, 0, 0, 1, 3, 0, 0, 1, 0, 2, 0, 0, 0, 0, 0, 1, 0, 1, 0, 1, 1, 0, 2, 0, 0, 0, 0, 0, 0, 0, 2, 0, 0, 1, 0, 0, 1, 0, 0, 3, 0, 0, 1, 0, 0, 0, 0, 0, 0, 2, 0, 3, 2, 1, 3, 0, 0, 0, 1, 0, 0],838.0858887121581,52145.01293281826,108083.60693758915,false
37,G2_TEC,G2_TEC,[31, 22, 82, 15, 26, 9, 95, 42, 77, 68, 47, 5, 93, 78, 86, 54, 85, 63, 18, 44, 20, 49, 36, 14, 74, 50, 53, 17, 21, 28, 11, 64, 3, 23, 30, 83, 24, 41, 40, 52, 65, 27, 90, 70, 39, 87, 48, 69, 99, 4, 75, 1, 13, 58, 97, 59, 45, 8, 73, 37, 35, 79, 71, 66, 76, 32, 60, 80, 56, 6, 67, 61, 33, 7, 57, 34, 12, 16, 10, 98, 96, 88, 43, 46, 91, 38, 84, 92, 29, 19, 51, 55, 81, 89, 25, 72, 94, 2, 0, 62]|[2, 1, 2, 1, 1, 2, 1, 1, 1, 1, 1, 0, 2, 2, 1, 2, 0, 0, 0, 2, 2, 1, 0, 2, 0, 2, 2, 1, 0, 1, 1, 1, 0, 0, 1, 0, 2, 1, 2, 2, 0, 0, 1, 1, 0, 2, 0, 2, 1, 0, 0, 2, 0, 0, 2, 0, 1, 1, 0, 0, 2, 1, 1, 2, 2, 0, 2, 2, 2, 1, 2, 1, 1, 2, 0, 1, 1, 2, 1, 2, 0, 1, 1, 0, 1, 0, 0, 0, 1, 1, 1, 0, 1, 1, 1, 1, 2, 2, 0, 1]|[0, 3, 0, 3, 4, 1, 4, 4, 2, 4, 3, 2, 1, 0, 2, 1, 1, 1, 2, 1, 1, 3, 0, 1, 0, 1, 1, 4, 1, 4, 3, 2, 2, 0, 4, 1, 1, 4, 1, 1, 2, 1, 4, 4, 1, 1, 0, 2, 3, 2, 2, 1, 2, 1, 1, 2, 4, 3, 0, 2, 2, 3, 3, 1, 1, 2, 1, 1, 1, 4, 1, 3, 4, 1, 2, 4, 3, 1, 3, 1, 2, 4, 4, 2, 3, 2, 2, 2, 3, 4, 3, 2, 4, 4, 4, 4, 1, 1, 2, 3]|[0, 2, 0, 0, 3, 0, 1, 3, 0, 0, 2, 0, 1, 0, 1, 0, 0, 0, 1, 0, 0, 2, 0, 0, 1, 0, 0, 3, 0, 1, 0, 2, 0, 0, 3, 0, 1, 1, 0, 0, 0, 0, 1, 3, 0, 0, 1, 0, 2, 0, 0, 0, 0, 0, 1, 0, 1, 0, 1, 1, 0, 2, 0, 0, 0, 0, 0, 0, 0, 2, 0, 0, 1, 0, 0, 1, 0, 0, 3, 0, 0, 1, 2, 0, 0, 0, 0, 0, 3, 1, 0, 0, 2, 1, 3, 1, 0, 0, 0, 0],908.8272556494078,49235.066718390466,107289.32240407266,false
37,G3_TWC,G3_TWC,[31, 22, 82, 15, 26, 58, 95, 42, 77, 12, 47, 5, 93, 78, 98, 54, 85, 63, 18, 44, 20, 35, 43, 97, 91, 76, 10, 30, 21, 45, 71, 64, 1, 23, 17, 83, 24, 14, 60, 36, 6, 57, 94, 88, 65, 56, 79, 40, 67, 68, 46, 75, 39, 9, 19, 32, 81, 96, 27, 62, 87, 90, 99, 59, 11, 16, 72, 73, 70, 38, 37, 84, 3, 92, 25, 55, 28, 29, 51, 7, 33, 61, 86, 48, 89, 50, 69, 41, 53, 80, 4, 8, 34, 49, 52, 0, 13, 2, 66, 74]|[1, 1, 0, 1, 1, 1, 2, 1, 2, 1, 2, 2, 2, 1, 1, 0, 0, 1, 0, 2, 2, 0, 1, 2, 0, 1, 2, 2, 0, 0, 1, 2, 1, 2, 1, 0, 2, 0, 1, 1, 0, 1, 1, 1, 0, 2, 1, 1, 0, 0, 0, 0, 1, 1, 2, 1, 2, 0, 0, 0, 2, 1, 0, 1, 2, 1, 2, 1, 1, 1, 1, 1, 2, 0, 1, 1, 0, 0, 0, 1, 2, 1, 0, 0, 1, 0, 1, 0, 0, 0, 0, 1, 2, 0, 1, 0, 0, 0, 2, 2]|[4, 3, 2, 2, 0, 0, 2, 2, 2, 4, 1, 1, 2, 4, 4, 1, 1, 4, 2, 1, 1, 1, 1, 2, 1, 2, 1, 1, 1, 1, 3, 2, 3, 0, 4, 0, 1, 1, 0, 3, 2, 2, 4, 0, 1, 1, 0, 2, 0, 1, 2, 2, 1, 4, 0, 3, 2, 1, 1, 2, 1, 3, 1, 1, 1, 3, 0, 4, 3, 1, 4, 1, 1, 2, 4, 4, 2, 1, 1, 3, 1, 3, 1, 1, 1, 1, 3, 1, 2, 1, 2, 3, 1, 1, 1, 2, 2, 2, 1, 1]|[0, 2, 1, 1, 3, 3, 0, 1, 0, 0, 0, 0, 1, 0, 1, 0, 0, 3, 1, 0, 0, 0, 3, 1, 0, 2, 0, 0, 0, 1, 0, 0, 0, 0, 3, 0, 1, 0, 0, 2, 1, 1, 2, 0, 0, 0, 0, 1, 1, 0, 0, 0, 1, 3, 0, 0, 1, 0, 0, 1, 0, 2, 0, 1, 0, 2, 1, 0, 0, 1, 1, 3, 0, 1, 3, 3, 1, 0, 0, 2, 0, 0, 0, 0, 1, 0, 0, 0, 1, 0, 1, 2, 0, 1, 1, 0, 0, 0, 0, 0],790.0799945868791,57951.42221290124,88960.86369927591,false
37,G1_CMAX,G4_BALANCED,[31, 11, 15, 82, 26, 9, 95, 32, 77, 68, 47, 5, 93, 78, 86, 54, 85, 63, 18, 44, 20, 49, 36, 14, 74, 50, 53, 17, 21, 45, 71, 64, 3, 23, 30, 83, 24, 41, 60, 52, 65, 27, 90, 70, 39, 87, 48, 69, 99, 4, 46, 1, 13, 58, 97, 59, 28, 8, 73, 37, 35, 79, 22, 66, 76, 42, 40, 80, 96, 6, 16, 61, 33, 7, 57, 34, 12, 67, 10, 98, 56, 88, 29, 75, 91, 38, 19, 92, 43, 84, 51, 72, 81, 0, 2, 55, 94, 89, 62, 25]|[2, 1, 1, 2, 1, 2, 1, 1, 1, 1, 1, 0, 2, 2, 1, 2, 0, 0, 0, 2, 2, 1, 0, 2, 0, 2, 2, 1, 0, 1, 1, 1, 0, 0, 1, 0, 2, 1, 2, 2, 0, 0, 1, 1, 0, 2, 0, 2, 1, 0, 0, 2, 0, 0, 2, 0, 1, 1, 0, 0, 2, 1, 0, 2, 2, 0, 2, 2, 0, 1, 2, 1, 1, 2, 0, 1, 1, 1, 1, 2, 2, 1, 1, 0, 1, 0, 1, 0, 1, 0, 1, 1, 1, 0, 2, 0, 2, 1, 1, 1]|[1, 3, 2, 0, 4, 1, 4, 4, 2, 4, 3, 2, 1, 0, 2, 1, 1, 1, 2, 1, 1, 3, 0, 1, 0, 1, 1, 4, 1, 4, 3, 2, 2, 0, 4, 1, 1, 4, 0, 1, 2, 1, 4, 4, 1, 1, 0, 2, 3, 2, 2, 1, 2, 1, 1, 2, 4, 3, 0, 2, 2, 3, 1, 0, 1, 2, 0, 1, 2, 4, 1, 3, 4, 1, 2, 4, 3, 3, 3, 1, 1, 4, 3, 2, 3, 2, 4, 2, 4, 2, 3, 4, 1, 2, 1, 2, 1, 4, 3, 4]|[1, 2, 1, 0, 3, 0, 1, 3, 0, 0, 2, 0, 1, 0, 1, 0, 0, 0, 1, 0, 0, 2, 0, 0, 1, 0, 0, 3, 0, 1, 0, 2, 0, 1, 3, 0, 1, 3, 1, 0, 0, 0, 1, 3, 0, 0, 1, 0, 2, 0, 0, 0, 0, 0, 1, 0, 1, 0, 1, 1, 0, 2, 0, 0, 0, 0, 0, 0, 0, 2, 0, 0, 1, 0, 0, 1, 0, 0, 3, 0, 0, 1, 0, 0, 0, 0, 3, 0, 2, 0, 0, 2, 1, 0, 0, 0, 0, 1, 0, 3],846.6109372053031,52128.769557101376,106800.59864073119,true
37,G4_BALANCED,G4_BALANCED,[31, 11, 15, 82, 26, 9, 95, 32, 77, 68, 47, 5, 93, 78, 86, 54, 85, 63, 18, 44, 20, 49, 36, 14, 74, 50, 53, 17, 21, 45, 71, 64, 3, 23, 30, 83, 24, 41, 60, 52, 65, 27, 90, 70, 39, 87, 48, 69, 99, 4, 46, 1, 13, 58, 97, 59, 28, 75, 73, 37, 35, 79, 22, 66, 76, 42, 40, 80, 96, 6, 16, 61, 33, 7, 57, 34, 12, 67, 10, 98, 56, 88, 29, 94, 91, 38, 51, 92, 43, 84, 19, 72, 81, 25, 0, 55, 62, 89, 8, 2]|[2, 1, 1, 2, 1, 2, 1, 1, 1, 1, 1, 0, 2, 2, 1, 2, 0, 0, 0, 2, 2, 1, 0, 2, 0, 2, 2, 1, 0, 1, 1, 1, 0, 0, 1, 0, 2, 1, 2, 2, 0, 0, 1, 1, 0, 2, 0, 2, 1, 0, 0, 2, 0, 0, 2, 0, 1, 0, 0, 0, 2, 1, 0, 2, 2, 0, 2, 2, 0, 1, 2, 1, 1, 2, 0, 1, 1, 1, 1, 2, 2, 1, 1, 2, 1, 0, 1, 0, 1, 0, 1, 1, 1, 1, 0, 0, 1, 1, 1, 2]|[0, 3, 2, 0, 4, 1, 4, 4, 2, 4, 3, 2, 1, 0, 2, 1, 1, 1, 2, 1, 1, 3, 0, 1, 0, 1, 1, 4, 1, 4, 3, 2, 2, 0, 4, 1, 1, 4, 0, 1, 2, 1, 4, 4, 1, 1, 0, 2, 3, 1, 2, 1, 2, 1, 1, 2, 4, 2, 0, 2, 2, 3, 1, 0, 1, 2, 0, 1, 2, 4, 1, 3, 4, 1, 2, 4, 3, 3, 3, 1, 1, 4, 3, 1, 3, 2, 3, 2, 4, 2, 4, 4, 1, 4, 2, 2, 3, 4, 3, 1]|[0, 2, 1, 0, 3, 0, 1, 3, 0, 0, 2, 0, 1, 0, 1, 0, 0, 0, 1, 0, 0, 2, 0, 0, 1, 0, 0, 3, 0, 1, 0, 2, 0, 1, 3, 0, 1, 3, 1, 0, 0, 0, 1, 3, 0, 0, 1, 0, 2, 0, 0, 0, 0, 0, 1, 0, 1, 0, 1, 1, 0, 2, 0, 0, 0, 0, 0, 0, 0, 2, 0, 0, 1, 0, 0, 1, 0, 0, 3, 0, 0, 1, 0, 0, 0, 0, 0, 0, 2, 0, 3, 2, 1, 3, 0, 0, 0, 1, 0, 0],838.0858887121581,52145.01293281826,108083.60693758915,false
37,G2_TEC,G2_TEC,[31, 22, 82, 15, 26, 9, 95, 42, 77, 68, 47, 5, 93, 78, 86, 54, 85, 63, 18, 44, 20, 49, 36, 14, 74, 50, 53, 17, 21, 28, 11, 64, 3, 23, 30, 83, 24, 41, 40, 52, 65, 27, 90, 70, 39, 87, 48, 69, 99, 4, 75, 1, 13, 58, 97, 59, 45, 8, 73, 37, 35, 79, 71, 66, 76, 32, 60, 80, 56, 6, 67, 61, 33, 7, 57, 34, 12, 16, 10, 98, 96, 88, 43, 46, 91, 38, 84, 92, 29, 19, 51, 55, 81, 89, 25, 72, 94, 2, 0, 62]|[2, 1, 2, 1, 1, 2, 1, 1, 1, 1, 1, 0, 2, 2, 1, 2, 0, 0, 0, 2, 2, 1, 0, 2, 0, 2, 2, 1, 0, 1, 1, 1, 0, 0, 1, 0, 2, 1, 2, 2, 0, 0, 1, 1, 0, 2, 0, 2, 1, 0, 0, 2, 0, 0, 2, 0, 1, 1, 0, 0, 2, 1, 1, 2, 2, 0, 2, 2, 2, 1, 2, 1, 1, 2, 0, 1, 1, 2, 1, 2, 0, 1, 1, 0, 1, 0, 0, 0, 1, 1, 1, 0, 1, 1, 1, 1, 2, 2, 0, 1]|[0, 3, 0, 3, 4, 1, 4, 4, 2, 4, 3, 2, 1, 0, 2, 1, 1, 1, 2, 1, 1, 3, 0, 1, 0, 1, 1, 4, 1, 4, 3, 2, 2, 0, 4, 1, 1, 4, 1, 1, 2, 1, 4, 4, 1, 1, 0, 2, 3, 2, 2, 1, 2, 1, 1, 2, 4, 3, 0, 2, 2, 3, 3, 1, 1, 2, 1, 1, 1, 4, 1, 3, 4, 1, 2, 4, 3, 1, 3, 1, 2, 4, 4, 2, 3, 2, 2, 2, 3, 4, 3, 2, 4, 4, 4, 4, 1, 1, 2, 3]|[0, 2, 0, 0, 3, 0, 1, 3, 0, 0, 2, 0, 1, 0, 1, 0, 0, 0, 1, 0, 0, 2, 0, 0, 1, 0, 0, 3, 0, 1, 0, 2, 0, 0, 3, 0, 1, 1, 0, 0, 0, 0, 1, 3, 0, 0, 1, 0, 2, 0, 0, 0, 0, 0, 1, 0, 1, 0, 1, 1, 0, 2, 0, 0, 0, 0, 0, 0, 0, 2, 0, 0, 1, 0, 0, 1, 0, 0, 3, 0, 0, 1, 2, 0, 0, 0, 0, 0, 3, 1, 0, 0, 2, 1, 3, 1, 0, 0, 0, 0],908.8272556494078,49235.066718390466,107289.32240407266,false
37,G3_TWC,G3_TWC,[31, 22, 82, 15, 26, 58, 95, 42, 77, 12, 47, 5, 93, 78, 98, 54, 85, 63, 18, 44, 20, 35, 43, 97, 91, 76, 10, 30, 21, 45, 71, 64, 1, 23, 17, 83, 24, 14, 60, 36, 6, 57, 94, 88, 65, 56, 79, 40, 67, 68, 46, 75, 39, 9, 19, 32, 81, 96, 27, 62, 87, 90, 99, 59, 11, 16, 72, 73, 70, 38, 37, 84, 3, 92, 25, 55, 28, 29, 51, 7, 33, 61, 86, 48, 89, 50, 69, 41, 53, 80, 4, 8, 34, 49, 52, 0, 13, 2, 66, 74]|[1, 1, 0, 1, 1, 1, 2, 1, 2, 1, 2, 2, 2, 1, 1, 0, 0, 1, 0, 2, 2, 0, 1, 2, 0, 1, 2, 2, 0, 0, 1, 2, 1, 2, 1, 0, 2, 0, 1, 1, 0, 1, 1, 1, 0, 2, 1, 1, 0, 0, 0, 0, 1, 1, 2, 1, 2, 0, 0, 0, 2, 1, 0, 1, 2, 1, 2, 1, 1, 1, 1, 1, 2, 0, 1, 1, 0, 0, 0, 1, 2, 1, 0, 0, 1, 0, 1, 0, 0, 0, 0, 1, 2, 0, 1, 0, 0, 0, 2, 2]|[4, 3, 2, 2, 0, 0, 2, 2, 2, 4, 1, 1, 2, 4, 4, 1, 1, 4, 2, 1, 1, 1, 1, 2, 1, 2, 1, 1, 1, 1, 3, 2, 3, 0, 4, 0, 1, 1, 0, 3, 2, 2, 4, 0, 1, 1, 0, 2, 0, 1, 2, 2, 1, 4, 0, 3, 2, 1, 1, 2, 1, 3, 1, 1, 1, 3, 0, 4, 3, 1, 4, 1, 1, 2, 4, 4, 2, 1, 1, 3, 1, 3, 1, 1, 1, 1, 3, 1, 2, 1, 2, 3, 1, 1, 1, 2, 2, 2, 1, 1]|[0, 2, 1, 1, 3, 3, 0, 1, 0, 0, 0, 0, 1, 0, 1, 0, 0, 3, 1, 0, 0, 0, 3, 1, 0, 2, 0, 0, 0, 1, 0, 0, 0, 0, 3, 0, 1, 0, 0, 2, 1, 1, 2, 0, 0, 0, 0, 1, 1, 0, 0, 0, 1, 3, 0, 0, 1, 0, 0, 1, 0, 2, 0, 1, 0, 2, 1, 0, 0, 1, 1, 3, 0, 1, 3, 3, 1, 0, 0, 2, 0, 0, 0, 0, 1, 0, 0, 0, 1, 0, 1, 2, 0, 1, 1, 0, 0, 0, 0, 0],790.0799945868791,57951.42221290124,88960.86369927591,false
37,G1_CMAX,G1_CMAX,[31, 22, 82, 15, 26, 99, 95, 42, 77, 12, 47, 5, 93, 78, 86, 54, 21, 63, 18, 44, 20, 35, 43, 97, 91, 76, 10, 30, 85, 45, 71, 64, 1, 23, 37, 83, 24, 14, 60, 36, 6, 57, 40, 88, 65, 56, 79, 94, 67, 68, 46, 75, 38, 9, 19, 32, 41, 81, 27, 87, 90, 58, 59, 11, 16, 72, 73, 70, 39, 17, 84, 69, 92, 25, 55, 48, 62, 29, 51, 96, 33, 61, 98, 28, 89, 50, 4, 7, 53, 52, 34, 66, 8, 49, 0, 74, 3, 80, 2, 13]|[2, 1, 0, 1, 1, 0, 1, 1, 2, 1, 2, 2, 2, 1, 1, 0, 0, 1, 0, 2, 2, 0, 1, 2, 0, 1, 2, 2, 0, 0, 1, 2, 1, 2, 1, 0, 2, 0, 1, 1, 0, 1, 1, 1, 0, 2, 1, 1, 0, 0, 0, 0, 1, 1, 2, 1, 0, 2, 0, 2, 1, 0, 1, 2, 1, 2, 1, 1, 1, 1, 1, 1, 0, 1, 2, 0, 0, 0, 0, 2, 2, 1, 2, 0, 1, 0, 1, 2, 0, 1, 2, 2, 1, 0, 0, 2, 1, 0, 0, 0]|[1, 3, 2, 2, 4, 1, 2, 3, 2, 4, 1, 1, 2, 4, 4, 1, 1, 4, 2, 1, 1, 1, 1, 2, 1, 2, 1, 1, 2, 1, 3, 2, 3, 1, 4, 0, 1, 1, 0, 3, 2, 2, 2, 0, 1, 1, 0, 4, 0, 1, 2, 2, 1, 4, 0, 3, 1, 1, 1, 1, 3, 1, 1, 1, 3, 0, 4, 3, 1, 4, 1, 4, 0, 4, 1, 1, 2, 1, 1, 1, 1, 3, 1, 2, 1, 1, 4, 1, 2, 1, 1, 1, 3, 1, 2, 1, 4, 1, 2, 2]|[0, 2, 1, 1, 3, 0, 1, 3, 0, 0, 0, 0, 1, 0, 1, 0, 0, 3, 1, 0, 0, 0, 3, 1, 0, 2, 0, 0, 0, 1, 0, 0, 0, 0, 3, 0, 1, 0, 0, 2, 1, 1, 1, 0, 0, 0, 0, 2, 1, 0, 0, 0, 1, 3, 0, 0, 0, 0, 0, 0, 2, 0, 1, 0, 2, 1, 0, 0, 1, 1, 3, 2, 1, 3, 0, 0, 1, 0, 0, 0, 0, 0, 0, 1, 1, 0, 0, 0, 1, 1, 0, 0, 2, 1, 0, 0, 2, 0, 0, 0],762.2810737692679,55791.6781131156,93646.30234486963,false
37,G4_BALANCED,G4_BALANCED,[31, 11, 15, 82, 26, 9, 95, 32, 77, 68, 47, 5, 93, 78, 86, 54, 85, 63, 18, 44, 20, 49, 36, 14, 74, 50, 53, 17, 21, 45, 71, 64, 3, 23, 30, 83, 24, 41, 60, 52, 65, 27, 90, 70, 39, 87, 48, 69, 99, 4, 46, 1, 13, 58, 97, 59, 28, 75, 73, 37, 35, 79, 22, 66, 76, 42, 40, 80, 96, 6, 16, 61, 33, 7, 57, 34, 12, 67, 10, 98, 56, 88, 29, 94, 91, 38, 51, 92, 43, 84, 19, 72, 81, 25, 0, 55, 62, 89, 8, 2]|[2, 1, 1, 2, 1, 2, 1, 1, 1, 1, 1, 0, 2, 2, 1, 2, 0, 0, 0, 2, 2, 1, 0, 2, 0, 2, 2, 1, 0, 1, 1, 1, 0, 0, 1, 0, 2, 1, 2, 2, 0, 0, 1, 1, 0, 2, 0, 2, 1, 0, 0, 2, 0, 0, 2, 0, 1, 0, 0, 0, 2, 1, 0, 2, 2, 0, 2, 2, 0, 1, 2, 1, 1, 2, 0, 1, 1, 1, 1, 2, 2, 1, 1, 2, 1, 0, 1, 0, 1, 0, 1, 1, 1, 1, 0, 0, 1, 1, 1, 2]|[0, 3, 2, 0, 4, 1, 4, 4, 2, 4, 3, 2, 1, 0, 2, 1, 1, 1, 2, 1, 1, 3, 0, 1, 0, 1, 1, 4, 1, 4, 3, 2, 2, 0, 4, 1, 1, 4, 0, 1, 2, 1, 4, 4, 1, 1, 0, 2, 3, 1, 2, 1, 2, 1, 1, 2, 4, 2, 0, 2, 2, 3, 1, 0, 1, 2, 0, 1, 2, 4, 1, 3, 4, 1, 2, 4, 3, 3, 3, 1, 1, 4, 3, 1, 3, 2, 3, 2, 4, 2, 4, 4, 1, 4, 2, 2, 3, 4, 3, 1]|[0, 2, 1, 0, 3, 0, 1, 3, 0, 0, 2, 0, 1, 0, 1, 0, 0, 0, 1, 0, 0, 2, 0, 0, 1, 0, 0, 3, 0, 1, 0, 2, 0, 1, 3, 0, 1, 3, 1, 0, 0, 0, 1, 3, 0, 0, 1, 0, 2, 0, 0, 0, 0, 0, 1, 0, 1, 0, 1, 1, 0, 2, 0, 0, 0, 0, 0, 0, 0, 2, 0, 0, 1, 0, 0, 1, 0, 0, 3, 0, 0, 1, 0, 0, 0, 0, 0, 0, 2, 0, 3, 2, 1, 3, 0, 0, 0, 1, 0, 0],838.0858887121581,52145.01293281826,108083.60693758915,false
37,G2_TEC,G2_TEC,[31, 22, 82, 15, 26, 9, 95, 42, 77, 68, 47, 5, 93, 78, 86, 54, 85, 63, 18, 44, 20, 49, 36, 14, 74, 50, 53, 17, 21, 28, 11, 64, 3, 23, 30, 83, 24, 41, 40, 52, 65, 27, 90, 70, 39, 87, 48, 69, 99, 4, 75, 1, 13, 58, 97, 59, 45, 8, 73, 37, 35, 79, 71, 66, 76, 32, 60, 80, 56, 6, 67, 61, 33, 7, 57, 34, 12, 16, 10, 98, 96, 88, 43, 46, 91, 38, 84, 92, 29, 19, 51, 55, 81, 89, 25, 72, 94, 2, 0, 62]|[2, 1, 2, 1, 1, 2, 1, 1, 1, 1, 1, 0, 2, 2, 1, 2, 0, 0, 0, 2, 2, 1, 0, 2, 0, 2, 2, 1, 0, 1, 1, 1, 0, 0, 1, 0, 2, 1, 2, 2, 0, 0, 1, 1, 0, 2, 0, 2, 1, 0, 0, 2, 0, 0, 2, 0, 1, 1, 0, 0, 2, 1, 1, 2, 2, 0, 2, 2, 2, 1, 2, 1, 1, 2, 0, 1, 1, 2, 1, 2, 0, 1, 1, 0, 1, 0, 0, 0, 1, 1, 1, 0, 1, 1, 1, 1, 2, 2, 0, 1]|[0, 3, 0, 3, 4, 1, 4, 4, 2, 4, 3, 2, 1, 0, 2, 1, 1, 1, 2, 1, 1, 3, 0, 1, 0, 1, 1, 4, 1, 4, 3, 2, 2, 0, 4, 1, 1, 4, 1, 1, 2, 1, 4, 4, 1, 1, 0, 2, 3, 2, 2, 1, 2, 1, 1, 2, 4, 3, 0, 2, 2, 3, 3, 1, 1, 2, 1, 1, 1, 4, 1, 3, 4, 1, 2, 4, 3, 1, 3, 1, 2, 4, 4, 2, 3, 2, 2, 2, 3, 4, 3, 2, 4, 4, 4, 4, 1, 1, 2, 3]|[0, 2, 0, 0, 3, 0, 1, 3, 0, 0, 2, 0, 1, 0, 1, 0, 0, 0, 1, 0, 0, 2, 0, 0, 1, 0, 0, 3, 0, 1, 0, 2, 0, 0, 3, 0, 1, 1, 0, 0, 0, 0, 1, 3, 0, 0, 1, 0, 2, 0, 0, 0, 0, 0, 1, 0, 1, 0, 1, 1, 0, 2, 0, 0, 0, 0, 0, 0, 0, 2, 0, 0, 1, 0, 0, 1, 0, 0, 3, 0, 0, 1, 2, 0, 0, 0, 0, 0, 3, 1, 0, 0, 2, 1, 3, 1, 0, 0, 0, 0],908.8272556494078,49235.066718390466,107289.32240407266,false
37,G3_TWC,G3_TWC,[31, 22, 82, 15, 26, 58, 95, 42, 77, 12, 47, 5, 93, 78, 98, 54, 85, 63, 18, 44, 20, 35, 43, 97, 91, 76, 10, 30, 21, 45, 71, 64, 1, 23, 17, 83, 24, 14, 60, 36, 6, 57, 94, 88, 65, 56, 79, 40, 67, 68, 46, 75, 39, 9, 19, 32, 81, 96, 27, 62, 87, 90, 99, 59, 11, 16, 72, 73, 70, 38, 37, 84, 3, 92, 25, 55, 28, 29, 51, 7, 33, 61, 86, 48, 89, 50, 69, 41, 53, 80, 4, 8, 34, 49, 52, 0, 13, 2, 66, 74]|[1, 1, 0, 1, 1, 1, 2, 1, 2, 1, 2, 2, 2, 1, 1, 0, 0, 1, 0, 2, 2, 0, 1, 2, 0, 1, 2, 2, 0, 0, 1, 2, 1, 2, 1, 0, 2, 0, 1, 1, 0, 1, 1, 1, 0, 2, 1, 1, 0, 0, 0, 0, 1, 1, 2, 1, 2, 0, 0, 0, 2, 1, 0, 1, 2, 1, 2, 1, 1, 1, 1, 1, 2, 0, 1, 1, 0, 0, 0, 1, 2, 1, 0, 0, 1, 0, 1, 0, 0, 0, 0, 1, 2, 0, 1, 0, 0, 0, 2, 2]|[4, 3, 2, 2, 0, 0, 2, 2, 2, 4, 1, 1, 2, 4, 4, 1, 1, 4, 2, 1, 1, 1, 1, 2, 1, 2, 1, 1, 1, 1, 3, 2, 3, 0, 4, 0, 1, 1, 0, 3, 2, 2, 4, 0, 1, 1, 0, 2, 0, 1, 2, 2, 1, 4, 0, 3, 2, 1, 1, 2, 1, 3, 1, 1, 1, 3, 0, 4, 3, 1, 4, 1, 1, 2, 4, 4, 2, 1, 1, 3, 1, 3, 1, 1, 1, 1, 3, 1, 2, 1, 2, 3, 1, 1, 1, 2, 2, 2, 1, 1]|[0, 2, 1, 1, 3, 3, 0, 1, 0, 0, 0, 0, 1, 0, 1, 0, 0, 3, 1, 0, 0, 0, 3, 1, 0, 2, 0, 0, 0, 1, 0, 0, 0, 0, 3, 0, 1, 0, 0, 2, 1, 1, 2, 0, 0, 0, 0, 1, 1, 0, 0, 0, 1, 3, 0, 0, 1, 0, 0, 1, 0, 2, 0, 1, 0, 2, 1, 0, 0, 1, 1, 3, 0, 1, 3, 3, 1, 0, 0, 2, 0, 0, 0, 0, 1, 0, 0, 0, 1, 0, 1, 2, 0, 1, 1, 0, 0, 0, 0, 0],790.0799945868791,57951.42221290124,88960.86369927591,false
37,G1_CMAX,G4_BALANCED,[31, 22, 82, 15, 26, 99, 95, 42, 77, 12, 47, 5, 93, 78, 86, 54, 21, 63, 18, 44, 20, 23, 66, 97, 91, 76, 10, 30, 85, 45, 71, 64, 1, 35, 17, 83, 24, 14, 60, 36, 6, 57, 94, 88, 65, 56, 79, 40, 67, 68, 46, 75, 38, 9, 19, 32, 41, 81, 27, 87, 90, 58, 59, 11, 16, 72, 73, 70, 39, 37, 84, 3, 92, 25, 55, 48, 62, 29, 51, 96, 33, 61, 98, 28, 89, 50, 4, 7, 53, 80, 8, 43, 34, 49, 52, 0, 74, 69, 2, 13]|[2, 1, 0, 1, 1, 0, 1, 1, 2, 1, 2, 2, 2, 1, 1, 0, 0, 1, 0, 2, 2, 0, 2, 2, 0, 1, 2, 2, 0, 0, 1, 2, 1, 2, 1, 0, 2, 0, 1, 1, 0, 1, 1, 1, 0, 2, 1, 1, 0, 0, 0, 0, 1, 1, 2, 1, 0, 2, 0, 2, 1, 0, 1, 2, 1, 2, 1, 1, 1, 1, 1, 1, 0, 1, 2, 0, 0, 0, 0, 2, 2, 1, 2, 0, 1, 0, 1, 2, 0, 0, 1, 1, 2, 0, 1, 0, 2, 1, 0, 0]|[1, 3, 2, 2, 4, 1, 2, 3, 2, 4, 1, 1, 2, 4, 4, 1, 1, 4, 2, 1, 1, 1, 1, 2, 1, 2, 1, 1, 2, 1, 3, 2, 3, 1, 4, 0, 1, 1, 0, 3, 2, 2, 4, 0, 1, 1, 0, 2, 0, 1, 2, 2, 1, 4, 0, 3, 1, 1, 1, 1, 3, 1, 1, 1, 3, 0, 4, 3, 1, 4, 1, 1, 0, 4, 1, 1, 2, 1, 1, 1, 1, 3, 1, 2, 1, 1, 4, 1, 2, 1, 3, 1, 1, 1, 1, 2, 1, 4, 2, 2]|[0, 2, 1, 1, 3, 0, 1, 3, 0, 0, 0, 0, 1, 0, 1, 0, 0, 3, 1, 0, 0, 0, 0, 1, 0, 2, 0, 0, 0, 1, 0, 0, 0, 0, 3, 0, 1, 0, 0, 2, 1, 1, 2, 0, 0, 0, 0, 1, 1, 0, 0, 0, 1, 3, 0, 0, 0, 0, 0, 0, 2, 0, 1, 0, 2, 1, 0, 0, 1, 1, 3, 1, 1, 3, 0, 0, 1, 0, 0, 0, 0, 0, 0, 1, 1, 0, 0, 0, 1, 0, 2, 3, 0, 1, 1, 0, 0, 2, 0, 0],747.0447039953423,55884.40275560545,91815.55647472355,true
37,G4_BALANCED,G4_BALANCED,[31, 11, 15, 82, 26, 9, 95, 32, 77, 68, 47, 5, 93, 78, 86, 54, 85, 63, 18, 44, 20, 49, 36, 14, 74, 50, 53, 17, 21, 45, 71, 64, 3, 23, 30, 83, 24, 41, 60, 52, 65, 27, 90, 70, 39, 87, 48, 69, 99, 4, 46, 1, 13, 58, 97, 59, 28, 75, 73, 37, 35, 79, 22, 66, 76, 42, 40, 80, 96, 6, 16, 61, 33, 7, 57, 34, 12, 67, 10, 98, 56, 88, 29, 94, 91, 38, 51, 92, 43, 84, 19, 72, 81, 25, 0, 55, 62, 89, 8, 2]|[2, 1, 1, 2, 1, 2, 1, 1, 1, 1, 1, 0, 2, 2, 1, 2, 0, 0, 0, 2, 2, 1, 0, 2, 0, 2, 2, 1, 0, 1, 1, 1, 0, 0, 1, 0, 2, 1, 2, 2, 0, 0, 1, 1, 0, 2, 0, 2, 1, 0, 0, 2, 0, 0, 2, 0, 1, 0, 0, 0, 2, 1, 0, 2, 2, 0, 2, 2, 0, 1, 2, 1, 1, 2, 0, 1, 1, 1, 1, 2, 2, 1, 1, 2, 1, 0, 1, 0, 1, 0, 1, 1, 1, 1, 0, 0, 1, 1, 1, 2]|[0, 3, 2, 0, 4, 1, 4, 4, 2, 4, 3, 2, 1, 0, 2, 1, 1, 1, 2, 1, 1, 3, 0, 1, 0, 1, 1, 4, 1, 4, 3, 2, 2, 0, 4, 1, 1, 4, 0, 1, 2, 1, 4, 4, 1, 1, 0, 2, 3, 1, 2, 1, 2, 1, 1, 2, 4, 2, 0, 2, 2, 3, 1, 0, 1, 2, 0, 1, 2, 4, 1, 3, 4, 1, 2, 4, 3, 3, 3, 1, 1, 4, 3, 1, 3, 2, 3, 2, 4, 2, 4, 4, 1, 4, 2, 2, 3, 4, 3, 1]|[0, 2, 1, 0, 3, 0, 1, 3, 0, 0, 2, 0, 1, 0, 1, 0, 0, 0, 1, 0, 0, 2, 0, 0, 1, 0, 0, 3, 0, 1, 0, 2, 0, 1, 3, 0, 1, 3, 1, 0, 0, 0, 1, 3, 0, 0, 1, 0, 2, 0, 0, 0, 0, 0, 1, 0, 1, 0, 1, 1, 0, 2, 0, 0, 0, 0, 0, 0, 0, 2, 0, 0, 1, 0, 0, 1, 0, 0, 3, 0, 0, 1, 0, 0, 0, 0, 0, 0, 2, 0, 3, 2, 1, 3, 0, 0, 0, 1, 0, 0],838.0858887121581,52145.01293281826,108083.60693758915,false
37,G2_TEC,G2_TEC,[31, 22, 82, 15, 26, 9, 95, 42, 77, 68, 47, 5, 93, 78, 86, 54, 85, 63, 18, 44, 20, 49, 36, 14, 74, 50, 53, 17, 21, 28, 11, 64, 3, 23, 30, 83, 24, 41, 40, 52, 65, 27, 90, 70, 39, 87, 48, 69, 99, 4, 75, 1, 13, 58, 97, 59, 45, 8, 73, 37, 35, 79, 71, 66, 76, 32, 60, 80, 56, 6, 67, 61, 33, 7, 57, 34, 12, 16, 10, 98, 96, 88, 43, 46, 91, 38, 84, 92, 29, 19, 51, 55, 81, 89, 25, 72, 94, 2, 0, 62]|[2, 1, 2, 1, 1, 2, 1, 1, 1, 1, 1, 0, 2, 2, 1, 2, 0, 0, 0, 2, 2, 1, 0, 2, 0, 2, 2, 1, 0, 1, 1, 1, 0, 0, 1, 0, 2, 1, 2, 2, 0, 0, 1, 1, 0, 2, 0, 2, 1, 0, 0, 2, 0, 0, 2, 0, 1, 1, 0, 0, 2, 1, 1, 2, 2, 0, 2, 2, 2, 1, 2, 1, 1, 2, 0, 1, 1, 2, 1, 2, 0, 1, 1, 0, 1, 0, 0, 0, 1, 1, 1, 0, 1, 1, 1, 1, 2, 2, 0, 1]|[0, 3, 0, 3, 4, 1, 4, 4, 2, 4, 3, 2, 1, 0, 2, 1, 1, 1, 2, 1, 1, 3, 0, 1, 0, 1, 1, 4, 1, 4, 3, 2, 2, 0, 4, 1, 1, 4, 1, 1, 2, 1, 4, 4, 1, 1, 0, 2, 3, 2, 2, 1, 2, 1, 1, 2, 4, 3, 0, 2, 2, 3, 3, 1, 1, 2, 1, 1, 1, 4, 1, 3, 4, 1, 2, 4, 3, 1, 3, 1, 2, 4, 4, 2, 3, 2, 2, 2, 3, 4, 3, 2, 4, 4, 4, 4, 1, 1, 2, 3]|[0, 2, 0, 0, 3, 0, 1, 3, 0, 0, 2, 0, 1, 0, 1, 0, 0, 0, 1, 0, 0, 2, 0, 0, 1, 0, 0, 3, 0, 1, 0, 2, 0, 0, 3, 0, 1, 1, 0, 0, 0, 0, 1, 3, 0, 0, 1, 0, 2, 0, 0, 0, 0, 0, 1, 0, 1, 0, 1, 1, 0, 2, 0, 0, 0, 0, 0, 0, 0, 2, 0, 0, 1, 0, 0, 1, 0, 0, 3, 0, 0, 1, 2, 0, 0, 0, 0, 0, 3, 1, 0, 0, 2, 1, 3, 1, 0, 0, 0, 0],908.8272556494078,49235.066718390466,107289.32240407266,false
37,G3_TWC,G3_TWC,[31, 22, 82, 15, 26, 58, 95, 42, 77, 12, 47, 5, 93, 78, 98, 54, 85, 63, 18, 44, 20, 35, 43, 97, 91, 76, 10, 30, 21, 45, 71, 64, 1, 23, 17, 83, 24, 14, 60, 36, 6, 57, 94, 88, 65, 56, 79, 40, 67, 68, 46, 75, 39, 9, 19, 32, 81, 96, 27, 62, 87, 90, 99, 59, 11, 16, 72, 73, 70, 38, 37, 84, 3, 92, 25, 55, 28, 29, 51, 7, 33, 61, 86, 48, 89, 50, 69, 41, 53, 80, 4, 8, 34, 49, 52, 0, 13, 2, 66, 74]|[1, 1, 0, 1, 1, 1, 2, 1, 2, 1, 2, 2, 2, 1, 1, 0, 0, 1, 0, 2, 2, 0, 1, 2, 0, 1, 2, 2, 0, 0, 1, 2, 1, 2, 1, 0, 2, 0, 1, 1, 0, 1, 1, 1, 0, 2, 1, 1, 0, 0, 0, 0, 1, 1, 2, 1, 2, 0, 0, 0, 2, 1, 0, 1, 2, 1, 2, 1, 1, 1, 1, 1, 2, 0, 1, 1, 0, 0, 0, 1, 2, 1, 0, 0, 1, 0, 1, 0, 0, 0, 0, 1, 2, 0, 1, 0, 0, 0, 2, 2]|[4, 3, 2, 2, 0, 0, 2, 2, 2, 4, 1, 1, 2, 4, 4, 1, 1, 4, 2, 1, 1, 1, 1, 2, 1, 2, 1, 1, 1, 1, 3, 2, 3, 0, 4, 0, 1, 1, 0, 3, 2, 2, 4, 0, 1, 1, 0, 2, 0, 1, 2, 2, 1, 4, 0, 3, 2, 1, 1, 2, 1, 3, 1, 1, 1, 3, 0, 4, 3, 1, 4, 1, 1, 2, 4, 4, 2, 1, 1, 3, 1, 3, 1, 1, 1, 1, 3, 1, 2, 1, 2, 3, 1, 1, 1, 2, 2, 2, 1, 1]|[0, 2, 1, 1, 3, 3, 0, 1, 0, 0, 0, 0, 1, 0, 1, 0, 0, 3, 1, 0, 0, 0, 3, 1, 0, 2, 0, 0, 0, 1, 0, 0, 0, 0, 3, 0, 1, 0, 0, 2, 1, 1, 2, 0, 0, 0, 0, 1, 1, 0, 0, 0, 1, 3, 0, 0, 1, 0, 0, 1, 0, 2, 0, 1, 0, 2, 1, 0, 0, 1, 1, 3, 0, 1, 3, 3, 1, 0, 0, 2, 0, 0, 0, 0, 1, 0, 0, 0, 1, 0, 1, 2, 0, 1, 1, 0, 0, 0, 0, 0],790.0799945868791,57951.42221290124,88960.86369927591,false
37,G1_CMAX,G1_CMAX,[31, 22, 82, 15, 26, 99, 95, 42, 77, 12, 47, 5, 93, 78, 86, 54, 21, 63, 18, 44, 20, 35, 43, 97, 91, 76, 10, 30, 85, 45, 71, 64, 1, 23, 17, 83, 24, 14, 60, 36, 6, 57, 40, 88, 65, 56, 79, 94, 67, 68, 46, 75, 38, 9, 19, 32, 41, 81, 27, 87, 90, 58, 59, 11, 16, 72, 73, 70, 39, 37, 84, 3, 62, 92, 25, 55, 28, 29, 51, 7, 33, 61, 98, 48, 89, 50, 4, 96, 53, 80, 8, 66, 34, 2, 52, 49, 13, 0, 69, 74]|[1, 1, 0, 1, 1, 0, 1, 2, 2, 1, 2, 2, 2, 1, 1, 0, 0, 1, 0, 2, 2, 0, 1, 2, 0, 1, 2, 2, 0, 0, 1, 2, 1, 2, 1, 0, 2, 0, 1, 1, 2, 2, 1, 1, 0, 2, 1, 1, 0, 0, 0, 0, 1, 1, 2, 1, 0, 2, 0, 2, 1, 0, 1, 2, 2, 1, 1, 1, 1, 1, 1, 1, 0, 0, 1, 2, 0, 0, 0, 2, 2, 1, 2, 0, 1, 0, 1, 0, 0, 0, 1, 2, 2, 0, 1, 0, 0, 0, 1, 2]|[4, 3, 2, 2, 4, 1, 2, 2, 2, 4, 1, 1, 2, 4, 4, 1, 1, 4, 2, 1, 1, 1, 1, 2, 1, 2, 1, 1, 2, 1, 3, 2, 3, 1, 4, 0, 1, 1, 0, 3, 1, 1, 2, 0, 1, 1, 0, 4, 0, 1, 2, 2, 1, 4, 0, 3, 1, 1, 1, 1, 3, 1, 1, 1, 1, 3, 4, 3, 1, 4, 1, 1, 2, 0, 4, 1, 2, 1, 1, 1, 1, 3, 1, 1, 1, 1, 4, 1, 2, 1, 3, 1, 1, 2, 1, 1, 2, 2, 4, 1]|[0, 2, 1, 1, 3, 0, 1, 0, 0, 0, 0, 0, 1, 0, 1, 0, 0, 3, 1, 0, 0, 0, 3, 1, 0, 2, 0, 0, 0, 1, 0, 0, 0, 0, 3, 0, 1, 0, 0, 2, 0, 0, 1, 0, 0, 0, 0, 2, 1, 0, 0, 0, 1, 3, 0, 0, 0, 0, 0, 0, 2, 0, 1, 0, 0, 2, 0, 0, 1, 1, 3, 1, 1, 1, 3, 0, 1, 0, 0, 0, 0, 0, 0, 0, 1, 0, 0, 0, 1, 0, 2, 0, 0, 0, 1, 1, 0, 0, 2, 0],805.0059816013858,55124.544856705135,97158.46628874657,false
37,G4_BALANCED,G4_BALANCED,[31, 11, 15, 82, 26, 9, 95, 32, 77, 68, 47, 5, 93, 78, 86, 54, 85, 63, 18, 44, 20, 49, 36, 14, 74, 50, 53, 17, 21, 45, 71, 64, 3, 23, 30, 83, 24, 41, 60, 52, 65, 27, 90, 70, 39, 87, 48, 69, 99, 4, 46, 1, 13, 58, 97, 59, 28, 75, 73, 37, 35, 79, 22, 66, 76, 42, 40, 80, 96, 6, 16, 61, 33, 7, 57, 34, 12, 67, 10, 98, 56, 88, 29, 94, 91, 38, 51, 92, 43, 84, 19, 72, 81, 25, 0, 55, 62, 89, 8, 2]|[2, 1, 1, 2, 1, 2, 1, 1, 1, 1, 1, 0, 2, 2, 1, 2, 0, 0, 0, 2, 2, 1, 0, 2, 0, 2, 2, 1, 0, 1, 1, 1, 0, 0, 1, 0, 2, 1, 2, 2, 0, 0, 1, 1, 0, 2, 0, 2, 1, 0, 0, 2, 0, 0, 2, 0, 1, 0, 0, 0, 2, 1, 0, 2, 2, 0, 2, 2, 0, 1, 2, 1, 1, 2, 0, 1, 1, 1, 1, 2, 2, 1, 1, 2, 1, 0, 1, 0, 1, 0, 1, 1, 1, 1, 0, 0, 1, 1, 1, 2]|[0, 3, 2, 0, 4, 1, 4, 4, 2, 4, 3, 2, 1, 0, 2, 1, 1, 1, 2, 1, 1, 3, 0, 1, 0, 1, 1, 4, 1, 4, 3, 2, 2, 0, 4, 1, 1, 4, 0, 1, 2, 1, 4, 4, 1, 1, 0, 2, 3, 1, 2, 1, 2, 1, 1, 2, 4, 2, 0, 2, 2, 3, 1, 0, 1, 2, 0, 1, 2, 4, 1, 3, 4, 1, 2, 4, 3, 3, 3, 1, 1, 4, 3, 1, 3, 2, 3, 2, 4, 2, 4, 4, 1, 4, 2, 2, 3, 4, 3, 1]|[0, 2, 1, 0, 3, 0, 1, 3, 0, 0, 2, 0, 1, 0, 1, 0, 0, 0, 1, 0, 0, 2, 0, 0, 1, 0, 0, 3, 0, 1, 0, 2, 0, 1, 3, 0, 1, 3, 1, 0, 0, 0, 1, 3, 0, 0, 1, 0, 2, 0, 0, 0, 0, 0, 1, 0, 1, 0, 1, 1, 0, 2, 0, 0, 0, 0, 0, 0, 0, 2, 0, 0, 1, 0, 0, 1, 0, 0, 3, 0, 0, 1, 0, 0, 0, 0, 0, 0, 2, 0, 3, 2, 1, 3, 0, 0, 0, 1, 0, 0],838.0858887121581,52145.01293281826,108083.60693758915,false
37,G2_TEC,G2_TEC,[31, 22, 82, 15, 26, 9, 95, 42, 77, 68, 47, 5, 93, 78, 86, 54, 85, 63, 18, 44, 20, 49, 36, 14, 74, 50, 53, 17, 21, 28, 11, 64, 3, 23, 30, 83, 24, 41, 40, 52, 65, 27, 90, 70, 39, 87, 48, 69, 99, 4, 75, 1, 13, 58, 97, 59, 45, 8, 73, 37, 35, 79, 71, 66, 76, 32, 60, 80, 56, 6, 67, 61, 33, 7, 57, 34, 12, 16, 10, 98, 96, 88, 43, 46, 91, 38, 84, 92, 29, 19, 51, 55, 81, 89, 25, 72, 94, 2, 0, 62]|[2, 1, 2, 1, 1, 2, 1, 1, 1, 1, 1, 0, 2, 2, 1, 2, 0, 0, 0, 2, 2, 1, 0, 2, 0, 2, 2, 1, 0, 1, 1, 1, 0, 0, 1, 0, 2, 1, 2, 2, 0, 0, 1, 1, 0, 2, 0, 2, 1, 0, 0, 2, 0, 0, 2, 0, 1, 1, 0, 0, 2, 1, 1, 2, 2, 0, 2, 2, 2, 1, 2, 1, 1, 2, 0, 1, 1, 2, 1, 2, 0, 1, 1, 0, 1, 0, 0, 0, 1, 1, 1, 0, 1, 1, 1, 1, 2, 2, 0, 1]|[0, 3, 0, 3, 4, 1, 4, 4, 2, 4, 3, 2, 1, 0, 2, 1, 1, 1, 2, 1, 1, 3, 0, 1, 0, 1, 1, 4, 1, 4, 3, 2, 2, 0, 4, 1, 1, 4, 1, 1, 2, 1, 4, 4, 1, 1, 0, 2, 3, 2, 2, 1, 2, 1, 1, 2, 4, 3, 0, 2, 2, 3, 3, 1, 1, 2, 1, 1, 1, 4, 1, 3, 4, 1, 2, 4, 3, 1, 3, 1, 2, 4, 4, 2, 3, 2, 2, 2, 3, 4, 3, 2, 4, 4, 4, 4, 1, 1, 2, 3]|[0, 2, 0, 0, 3, 0, 1, 3, 0, 0, 2, 0, 1, 0, 1, 0, 0, 0, 1, 0, 0, 2, 0, 0, 1, 0, 0, 3, 0, 1, 0, 2, 0, 0, 3, 0, 1, 1, 0, 0, 0, 0, 1, 3, 0, 0, 1, 0, 2, 0, 0, 0, 0, 0, 1, 0, 1, 0, 1, 1, 0, 2, 0, 0, 0, 0, 0, 0, 0, 2, 0, 0, 1, 0, 0, 1, 0, 0, 3, 0, 0, 1, 2, 0, 0, 0, 0, 0, 3, 1, 0, 0, 2, 1, 3, 1, 0, 0, 0, 0],908.8272556494078,49235.066718390466,107289.32240407266,false
37,G3_TWC,G3_TWC,[31, 22, 82, 15, 26, 58, 95, 42, 77, 12, 47, 5, 93, 78, 98, 54, 85, 63, 18, 44, 20, 35, 43, 97, 91, 76, 10, 30, 21, 45, 71, 64, 1, 23, 17, 83, 24, 14, 60, 36, 6, 57, 94, 88, 65, 56, 79, 40, 67, 68, 46, 75, 39, 9, 19, 32, 81, 96, 27, 62, 87, 90, 99, 59, 11, 16, 72, 73, 70, 38, 37, 84, 3, 92, 25, 55, 28, 29, 51, 7, 33, 61, 86, 48, 89, 50, 69, 41, 53, 80, 4, 8, 34, 49, 52, 0, 13, 2, 66, 74]|[1, 1, 0, 1, 1, 1, 2, 1, 2, 1, 2, 2, 2, 1, 1, 0, 0, 1, 0, 2, 2, 0, 1, 2, 0, 1, 2, 2, 0, 0, 1, 2, 1, 2, 1, 0, 2, 0, 1, 1, 0, 1, 1, 1, 0, 2, 1, 1, 0, 0, 0, 0, 1, 1, 2, 1, 2, 0, 0, 0, 2, 1, 0, 1, 2, 1, 2, 1, 1, 1, 1, 1, 2, 0, 1, 1, 0, 0, 0, 1, 2, 1, 0, 0, 1, 0, 1, 0, 0, 0, 0, 1, 2, 0, 1, 0, 0, 0, 2, 2]|[4, 3, 2, 2, 0, 0, 2, 2, 2, 4, 1, 1, 2, 4, 4, 1, 1, 4, 2, 1, 1, 1, 1, 2, 1, 2, 1, 1, 1, 1, 3, 2, 3, 0, 4, 0, 1, 1, 0, 3, 2, 2, 4, 0, 1, 1, 0, 2, 0, 1, 2, 2, 1, 4, 0, 3, 2, 1, 1, 2, 1, 3, 1, 1, 1, 3, 0, 4, 3, 1, 4, 1, 1, 2, 4, 4, 2, 1, 1, 3, 1, 3, 1, 1, 1, 1, 3, 1, 2, 1, 2, 3, 1, 1, 1, 2, 2, 2, 1, 1]|[0, 2, 1, 1, 3, 3, 0, 1, 0, 0, 0, 0, 1, 0, 1, 0, 0, 3, 1, 0, 0, 0, 3, 1, 0, 2, 0, 0, 0, 1, 0, 0, 0, 0, 3, 0, 1, 0, 0, 2, 1, 1, 2, 0, 0, 0, 0, 1, 1, 0, 0, 0, 1, 3, 0, 0, 1, 0, 0, 1, 0, 2, 0, 1, 0, 2, 1, 0, 0, 1, 1, 3, 0, 1, 3, 3, 1, 0, 0, 2, 0, 0, 0, 0, 1, 0, 0, 0, 1, 0, 1, 2, 0, 1, 1, 0, 0, 0, 0, 0],790.0799945868791,57951.42221290124,88960.86369927591,false
37,G1_CMAX,G1_CMAX,[31, 22, 82, 15, 26, 99, 95, 42, 77, 12, 47, 5, 93, 78, 86, 54, 21, 63, 18, 44, 20, 35, 43, 97, 91, 76, 10, 30, 85, 45, 71, 64, 1, 23, 57, 83, 24, 14, 60, 36, 81, 17, 40, 88, 65, 56, 79, 94, 67, 68, 46, 75, 38, 9, 19, 32, 41, 6, 27, 87, 90, 58, 59, 11, 16, 72, 73, 70, 39, 37, 84, 3, 92, 25, 55, 28, 62, 29, 51, 7, 33, 61, 98, 48, 89, 50, 4, 96, 53, 80, 66, 8, 34, 49, 52, 0, 13, 2, 69, 74]|[1, 1, 0, 1, 1, 0, 1, 1, 2, 1, 2, 2, 2, 1, 1, 0, 0, 1, 0, 2, 2, 0, 1, 2, 0, 1, 2, 2, 0, 0, 1, 2, 1, 2, 1, 0, 2, 0, 1, 1, 0, 1, 1, 1, 0, 2, 1, 1, 0, 0, 0, 0, 1, 1, 2, 1, 2, 2, 0, 2, 1, 0, 1, 2, 1, 2, 1, 1, 1, 1, 1, 1, 0, 1, 2, 2, 0, 0, 2, 2, 2, 1, 2, 0, 1, 0, 1, 2, 0, 0, 2, 1, 2, 0, 1, 0, 0, 0, 1, 2]|[0, 3, 2, 2, 4, 1, 2, 3, 2, 4, 1, 1, 2, 4, 4, 1, 1, 4, 2, 1, 1, 1, 1, 2, 1, 2, 1, 1, 2, 1, 3, 2, 3, 0, 4, 0, 1, 1, 0, 3, 2, 2, 2, 0, 1, 1, 0, 4, 0, 1, 2, 2, 1, 4, 0, 3, 2, 2, 1, 1, 3, 1, 1, 1, 3, 0, 4, 3, 1, 4, 1, 1, 0, 4, 1, 1, 2, 1, 2, 1, 1, 3, 1, 1, 1, 1, 4, 1, 2, 1, 1, 3, 1, 1, 1, 2, 2, 2, 4, 1]|[0, 2, 1, 1, 3, 0, 1, 3, 0, 0, 0, 0, 1, 0, 1, 0, 0, 3, 1, 0, 0, 0, 3, 1, 0, 2, 0, 0, 0, 1, 0, 0, 0, 0, 3, 0, 1, 0, 0, 2, 1, 1, 1, 0, 0, 0, 0, 2, 1, 0, 0, 0, 1, 3, 0, 0, 1, 1, 0, 0, 2, 0, 1, 0, 2, 1, 0, 0, 1, 1, 3, 1, 1, 3, 0, 0, 1, 0, 1, 0, 0, 0, 0, 0, 1, 0, 0, 0, 1, 0, 0, 2, 0, 1, 1, 0, 0, 0, 2, 0],714.4485115867469,58161.785232764836,94013.66617097157,false
37,G4_BALANCED,G4_BALANCED,[31, 11, 15, 82, 26, 9, 95, 32, 77, 68, 47, 5, 93, 78, 86, 54, 85, 63, 18, 44, 20, 49, 36, 14, 74, 50, 53, 17, 21, 45, 71, 64, 3, 23, 30, 83, 24, 41, 60, 52, 65, 27, 90, 70, 39, 87, 48, 69, 99, 4, 46, 1, 13, 58, 97, 59, 28, 75, 73, 37, 35, 79, 22, 66, 76, 42, 40, 80, 96, 6, 16, 61, 33, 7, 57, 34, 12, 67, 10, 98, 56, 88, 29, 94, 91, 38, 51, 92, 43, 84, 19, 72, 81, 25, 0, 55, 62, 89, 8, 2]|[2, 1, 1, 2, 1, 2, 1, 1, 1, 1, 1, 0, 2, 2, 1, 2, 0, 0, 0, 2, 2, 1, 0, 2, 0, 2, 2, 1, 0, 1, 1, 1, 0, 0, 1, 0, 2, 1, 2, 2, 0, 0, 1, 1, 0, 2, 0, 2, 1, 0, 0, 2, 0, 0, 2, 0, 1, 0, 0, 0, 2, 1, 0, 2, 2, 0, 2, 2, 0, 1, 2, 1, 1, 2, 0, 1, 1, 1, 1, 2, 2, 1, 1, 2, 1, 0, 1, 0, 1, 0, 1, 1, 1, 1, 0, 0, 1, 1, 1, 2]|[0, 3, 2, 0, 4, 1, 4, 4, 2, 4, 3, 2, 1, 0, 2, 1, 1, 1, 2, 1, 1, 3, 0, 1, 0, 1, 1, 4, 1, 4, 3, 2, 2, 0, 4, 1, 1, 4, 0, 1, 2, 1, 4, 4, 1, 1, 0, 2, 3, 1, 2, 1, 2, 1, 1, 2, 4, 2, 0, 2, 2, 3, 1, 0, 1, 2, 0, 1, 2, 4, 1, 3, 4, 1, 2, 4, 3, 3, 3, 1, 1, 4, 3, 1, 3, 2, 3, 2, 4, 2, 4, 4, 1, 4, 2, 2, 3, 4, 3, 1]|[0, 2, 1, 0, 3, 0, 1, 3, 0, 0, 2, 0, 1, 0, 1, 0, 0, 0, 1, 0, 0, 2, 0, 0, 1, 0, 0, 3, 0, 1, 0, 2, 0, 1, 3, 0, 1, 3, 1, 0, 0, 0, 1, 3, 0, 0, 1, 0, 2, 0, 0, 0, 0, 0, 1, 0, 1, 0, 1, 1, 0, 2, 0, 0, 0, 0, 0, 0, 0, 2, 0, 0, 1, 0, 0, 1, 0, 0, 3, 0, 0, 1, 0, 0, 0, 0, 0, 0, 2, 0, 3, 2, 1, 3, 0, 0, 0, 1, 0, 0],838.0858887121581,52145.01293281826,108083.60693758915,false
37,G2_TEC,G2_TEC,[31, 22, 82, 15, 26, 9, 95, 42, 77, 68, 47, 5, 93, 78, 86, 54, 85, 63, 18, 44, 20, 49, 36, 14, 74, 50, 53, 17, 21, 28, 11, 64, 3, 23, 30, 83, 24, 41, 40, 52, 65, 27, 90, 70, 39, 87, 48, 69, 99, 4, 75, 1, 13, 58, 97, 59, 45, 8, 73, 37, 35, 79, 71, 66, 76, 32, 60, 80, 56, 6, 67, 61, 33, 7, 57, 34, 12, 16, 10, 98, 96, 88, 43, 46, 91, 38, 84, 92, 29, 19, 51, 55, 81, 89, 25, 72, 94, 2, 0, 62]|[2, 1, 2, 1, 1, 2, 1, 1, 1, 1, 1, 0, 2, 2, 1, 2, 0, 0, 0, 2, 2, 1, 0, 2, 0, 2, 2, 1, 0, 1, 1, 1, 0, 0, 1, 0, 2, 1, 2, 2, 0, 0, 1, 1, 0, 2, 0, 2, 1, 0, 0, 2, 0, 0, 2, 0, 1, 1, 0, 0, 2, 1, 1, 2, 2, 0, 2, 2, 2, 1, 2, 1, 1, 2, 0, 1, 1, 2, 1, 2, 0, 1, 1, 0, 1, 0, 0, 0, 1, 1, 1, 0, 1, 1, 1, 1, 2, 2, 0, 1]|[0, 3, 0, 3, 4, 1, 4, 4, 2, 4, 3, 2, 1, 0, 2, 1, 1, 1, 2, 1, 1, 3, 0, 1, 0, 1, 1, 4, 1, 4, 3, 2, 2, 0, 4, 1, 1, 4, 1, 1, 2, 1, 4, 4, 1, 1, 0, 2, 3, 2, 2, 1, 2, 1, 1, 2, 4, 3, 0, 2, 2, 3, 3, 1, 1, 2, 1, 1, 1, 4, 1, 3, 4, 1, 2, 4, 3, 1, 3, 1, 2, 4, 4, 2, 3, 2, 2, 2, 3, 4, 3, 2, 4, 4, 4, 4, 1, 1, 2, 3]|[0, 2, 0, 0, 3, 0, 1, 3, 0, 0, 2, 0, 1, 0, 1, 0, 0, 0, 1, 0, 0, 2, 0, 0, 1, 0, 0, 3, 0, 1, 0, 2, 0, 0, 3, 0, 1, 1, 0, 0, 0, 0, 1, 3, 0, 0, 1, 0, 2, 0, 0, 0, 0, 0, 1, 0, 1, 0, 1, 1, 0, 2, 0, 0, 0, 0, 0, 0, 0, 2, 0, 0, 1, 0, 0, 1, 0, 0, 3, 0, 0, 1, 2, 0, 0, 0, 0, 0, 3, 1, 0, 0, 2, 1, 3, 1, 0, 0, 0, 0],908.8272556494078,49235.066718390466,107289.32240407266,false
37,G3_TWC,G3_TWC,[31, 22, 82, 15, 26, 58, 95, 42, 77, 12, 47, 5, 93, 78, 98, 54, 85, 63, 18, 44, 20, 35, 43, 97, 91, 76, 10, 30, 21, 45, 71, 64, 1, 23, 17, 83, 24, 14, 60, 36, 6, 57, 94, 88, 65, 56, 79, 40, 67, 68, 46, 75, 39, 9, 19, 32, 81, 96, 27, 62, 87, 90, 99, 59, 11, 16, 72, 73, 70, 38, 37, 84, 3, 92, 25, 55, 28, 29, 51, 7, 33, 61, 86, 48, 89, 50, 69, 41, 53, 80, 4, 8, 34, 49, 52, 0, 13, 2, 66, 74]|[1, 1, 0, 1, 1, 1, 2, 1, 2, 1, 2, 2, 2, 1, 1, 0, 0, 1, 0, 2, 2, 0, 1, 2, 0, 1, 2, 2, 0, 0, 1, 2, 1, 2, 1, 0, 2, 0, 1, 1, 0, 1, 1, 1, 0, 2, 1, 1, 0, 0, 0, 0, 1, 1, 2, 1, 2, 0, 0, 0, 2, 1, 0, 1, 2, 1, 2, 1, 1, 1, 1, 1, 2, 0, 1, 1, 0, 0, 0, 1, 2, 1, 0, 0, 1, 0, 1, 0, 0, 0, 0, 1, 2, 0, 1, 0, 0, 0, 2, 2]|[4, 3, 2, 2, 0, 0, 2, 2, 2, 4, 1, 1, 2, 4, 4, 1, 1, 4, 2, 1, 1, 1, 1, 2, 1, 2, 1, 1, 1, 1, 3, 2, 3, 0, 4, 0, 1, 1, 0, 3, 2, 2, 4, 0, 1, 1, 0, 2, 0, 1, 2, 2, 1, 4, 0, 3, 2, 1, 1, 2, 1, 3, 1, 1, 1, 3, 0, 4, 3, 1, 4, 1, 1, 2, 4, 4, 2, 1, 1, 3, 1, 3, 1, 1, 1, 1, 3, 1, 2, 1, 2, 3, 1, 1, 1, 2, 2, 2, 1, 1]|[0, 2, 1, 1, 3, 3, 0, 1, 0, 0, 0, 0, 1, 0, 1, 0, 0, 3, 1, 0, 0, 0, 3, 1, 0, 2, 0, 0, 0, 1, 0, 0, 0, 0, 3, 0, 1, 0, 0, 2, 1, 1, 2, 0, 0, 0, 0, 1, 1, 0, 0, 0, 1, 3, 0, 0, 1, 0, 0, 1, 0, 2, 0, 1, 0, 2, 1, 0, 0, 1, 1, 3, 0, 1, 3, 3, 1, 0, 0, 2, 0, 0, 0, 0, 1, 0, 0, 0, 1, 0, 1, 2, 0, 1, 1, 0, 0, 0, 0, 0],790.0799945868791,57951.42221290124,88960.86369927591,false
37,G1_CMAX,G1_CMAX,[31, 22, 82, 15, 26, 99, 95, 42, 77, 12, 47, 5, 93, 78, 86, 54, 21, 63, 18, 44, 20, 35, 43, 97, 91, 76, 10, 30, 85, 45, 71, 64, 1, 23, 37, 83, 24, 14, 60, 36, 6, 57, 40, 88, 65, 56, 79, 94, 67, 68, 46, 75, 38, 9, 19, 32, 41, 81, 27, 87, 90, 58, 59, 11, 16, 72, 73, 70, 39, 17, 84, 3, 92, 25, 55, 48, 62, 29, 51, 96, 33, 61, 98, 28, 89, 50, 4, 7, 53, 80, 34, 66, 8, 49, 0, 74, 69, 52, 2, 13]|[2, 1, 0, 1, 1, 0, 1, 1, 2, 1, 2, 2, 2, 1, 1, 0, 0, 1, 0, 2, 2, 0, 1, 2, 0, 1, 2, 2, 0, 0, 1, 2, 1, 2, 1, 0, 2, 0, 1, 1, 0, 1, 1, 1, 0, 2, 1, 1, 0, 0, 0, 0, 1, 1, 2, 1, 0, 2, 0, 2, 1, 0, 1, 2, 1, 2, 1, 1, 1, 1, 1, 1, 0, 1, 2, 0, 0, 0, 0, 2, 2, 1, 2, 0, 1, 0, 1, 2, 0, 0, 2, 2, 1, 0, 0, 2, 1, 1, 0, 0]|[1, 3, 2, 2, 4, 1, 2, 3, 2, 4, 1, 1, 2, 4, 4, 1, 1, 4, 2, 1, 1, 1, 1, 2, 1, 2, 1, 1, 2, 1, 3, 2, 3, 1, 4, 0, 1, 1, 0, 3, 2, 2, 2, 0, 1, 1, 0, 4, 0, 1, 2, 2, 1, 4, 0, 3, 1, 1, 1, 1, 3, 1, 1, 1, 3, 0, 4, 3, 1, 4, 1, 1, 0, 4, 1, 1, 2, 1, 1, 1, 1, 3, 1, 2, 1, 1, 4, 1, 2, 1, 1, 1, 3, 1, 2, 1, 4, 1, 2, 2]|[0, 2, 1, 1, 3, 0, 1, 3, 0, 0, 0, 0, 1, 0, 1, 0, 0, 3, 1, 0, 0, 0, 3, 1, 0, 2, 0, 0, 0, 1, 0, 0, 0, 0, 3, 0, 1, 0, 0, 2, 1, 1, 1, 0, 0, 0, 0, 2, 1, 0, 0, 0, 1, 3, 0, 0, 0, 0, 0, 0, 2, 0, 1, 0, 2, 1, 0, 0, 1, 1, 3, 1, 1, 3, 0, 0, 1, 0, 0, 0, 0, 0, 0, 1, 1, 0, 0, 0, 1, 0, 0, 0, 2, 1, 0, 0, 2, 1, 0, 0],740.2718239221269,55953.992678270595,92365.00024815337,false
37,G4_BALANCED,G4_BALANCED,[31, 11, 15, 82, 26, 9, 95, 32, 77, 68, 47, 5, 93, 78, 86, 54, 85, 63, 18, 44, 20, 49, 36, 14, 74, 50, 53, 17, 21, 45, 71, 64, 3, 23, 30, 83, 24, 41, 60, 52, 65, 27, 90, 70, 39, 87, 48, 69, 99, 4, 46, 1, 13, 58, 97, 59, 28, 75, 73, 37, 35, 79, 22, 66, 76, 42, 40, 80, 96, 6, 16, 61, 33, 7, 57, 34, 12, 67, 10, 98, 56, 88, 29, 94, 91, 38, 51, 92, 43, 84, 19, 72, 81, 25, 0, 55, 62, 89, 8, 2]|[2, 1, 1, 2, 1, 2, 1, 1, 1, 1, 1, 0, 2, 2, 1, 2, 0, 0, 0, 2, 2, 1, 0, 2, 0, 2, 2, 1, 0, 1, 1, 1, 0, 0, 1, 0, 2, 1, 2, 2, 0, 0, 1, 1, 0, 2, 0, 2, 1, 0, 0, 2, 0, 0, 2, 0, 1, 0, 0, 0, 2, 1, 0, 2, 2, 0, 2, 2, 0, 1, 2, 1, 1, 2, 0, 1, 1, 1, 1, 2, 2, 1, 1, 2, 1, 0, 1, 0, 1, 0, 1, 1, 1, 1, 0, 0, 1, 1, 1, 2]|[0, 3, 2, 0, 4, 1, 4, 4, 2, 4, 3, 2, 1, 0, 2, 1, 1, 1, 2, 1, 1, 3, 0, 1, 0, 1, 1, 4, 1, 4, 3, 2, 2, 0, 4, 1, 1, 4, 0, 1, 2, 1, 4, 4, 1, 1, 0, 2, 3, 1, 2, 1, 2, 1, 1, 2, 4, 2, 0, 2, 2, 3, 1, 0, 1, 2, 0, 1, 2, 4, 1, 3, 4, 1, 2, 4, 3, 3, 3, 1, 1, 4, 3, 1, 3, 2, 3, 2, 4, 2, 4, 4, 1, 4, 2, 2, 3, 4, 3, 1]|[0, 2, 1, 0, 3, 0, 1, 3, 0, 0, 2, 0, 1, 0, 1, 0, 0, 0, 1, 0, 0, 2, 0, 0, 1, 0, 0, 3, 0, 1, 0, 2, 0, 1, 3, 0, 1, 3, 1, 0, 0, 0, 1, 3, 0, 0, 1, 0, 2, 0, 0, 0, 0, 0, 1, 0, 1, 0, 1, 1, 0, 2, 0, 0, 0, 0, 0, 0, 0, 2, 0, 0, 1, 0, 0, 1, 0, 0, 3, 0, 0, 1, 0, 0, 0, 0, 0, 0, 2, 0, 3, 2, 1, 3, 0, 0, 0, 1, 0, 0],838.0858887121581,52145.01293281826,108083.60693758915,false
37,G2_TEC,G2_TEC,[31, 22, 82, 15, 26, 9, 95, 42, 77, 68, 47, 5, 93, 78, 86, 54, 85, 63, 18, 44, 20, 49, 36, 14, 74, 50, 53, 17, 21, 28, 11, 64, 3, 23, 30, 83, 24, 41, 40, 52, 65, 27, 90, 70, 39, 87, 48, 69, 99, 4, 75, 1, 13, 58, 97, 59, 45, 8, 73, 37, 35, 79, 71, 66, 76, 32, 60, 80, 56, 6, 67, 61, 33, 7, 57, 34, 12, 16, 10, 98, 96, 88, 43, 46, 91, 38, 84, 92, 29, 19, 51, 55, 81, 89, 25, 72, 94, 2, 0, 62]|[2, 1, 2, 1, 1, 2, 1, 1, 1, 1, 1, 0, 2, 2, 1, 2, 0, 0, 0, 2, 2, 1, 0, 2, 0, 2, 2, 1, 0, 1, 1, 1, 0, 0, 1, 0, 2, 1, 2, 2, 0, 0, 1, 1, 0, 2, 0, 2, 1, 0, 0, 2, 0, 0, 2, 0, 1, 1, 0, 0, 2, 1, 1, 2, 2, 0, 2, 2, 2, 1, 2, 1, 1, 2, 0, 1, 1, 2, 1, 2, 0, 1, 1, 0, 1, 0, 0, 0, 1, 1, 1, 0, 1, 1, 1, 1, 2, 2, 0, 1]|[0, 3, 0, 3, 4, 1, 4, 4, 2, 4, 3, 2, 1, 0, 2, 1, 1, 1, 2, 1, 1, 3, 0, 1, 0, 1, 1, 4, 1, 4, 3, 2, 2, 0, 4, 1, 1, 4, 1, 1, 2, 1, 4, 4, 1, 1, 0, 2, 3, 2, 2, 1, 2, 1, 1, 2, 4, 3, 0, 2, 2, 3, 3, 1, 1, 2, 1, 1, 1, 4, 1, 3, 4, 1, 2, 4, 3, 1, 3, 1, 2, 4, 4, 2, 3, 2, 2, 2, 3, 4, 3, 2, 4, 4, 4, 4, 1, 1, 2, 3]|[0, 2, 0, 0, 3, 0, 1, 3, 0, 0, 2, 0, 1, 0, 1, 0, 0, 0, 1, 0, 0, 2, 0, 0, 1, 0, 0, 3, 0, 1, 0, 2, 0, 0, 3, 0, 1, 1, 0, 0, 0, 0, 1, 3, 0, 0, 1, 0, 2, 0, 0, 0, 0, 0, 1, 0, 1, 0, 1, 1, 0, 2, 0, 0, 0, 0, 0, 0, 0, 2, 0, 0, 1, 0, 0, 1, 0, 0, 3, 0, 0, 1, 2, 0, 0, 0, 0, 0, 3, 1, 0, 0, 2, 1, 3, 1, 0, 0, 0, 0],908.8272556494078,49235.066718390466,107289.32240407266,false
37,G3_TWC,G3_TWC,[31, 22, 82, 15, 26, 58, 95, 42, 77, 12, 47, 5, 93, 78, 98, 54, 85, 63, 18, 44, 20, 35, 43, 97, 91, 76, 10, 30, 21, 45, 71, 64, 1, 23, 17, 83, 24, 14, 60, 36, 6, 57, 94, 88, 65, 56, 79, 40, 67, 68, 46, 75, 39, 9, 19, 32, 81, 96, 27, 62, 87, 90, 99, 59, 11, 16, 72, 73, 70, 38, 37, 84, 3, 92, 25, 55, 28, 29, 51, 7, 33, 61, 86, 48, 89, 50, 69, 41, 53, 80, 4, 8, 34, 49, 52, 0, 13, 2, 66, 74]|[1, 1, 0, 1, 1, 1, 2, 1, 2, 1, 2, 2, 2, 1, 1, 0, 0, 1, 0, 2, 2, 0, 1, 2, 0, 1, 2, 2, 0, 0, 1, 2, 1, 2, 1, 0, 2, 0, 1, 1, 0, 1, 1, 1, 0, 2, 1, 1, 0, 0, 0, 0, 1, 1, 2, 1, 2, 0, 0, 0, 2, 1, 0, 1, 2, 1, 2, 1, 1, 1, 1, 1, 2, 0, 1, 1, 0, 0, 0, 1, 2, 1, 0, 0, 1, 0, 1, 0, 0, 0, 0, 1, 2, 0, 1, 0, 0, 0, 2, 2]|[4, 3, 2, 2, 0, 0, 2, 2, 2, 4, 1, 1, 2, 4, 4, 1, 1, 4, 2, 1, 1, 1, 1, 2, 1, 2, 1, 1, 1, 1, 3, 2, 3, 0, 4, 0, 1, 1, 0, 3, 2, 2, 4, 0, 1, 1, 0, 2, 0, 1, 2, 2, 1, 4, 0, 3, 2, 1, 1, 2, 1, 3, 1, 1, 1, 3, 0, 4, 3, 1, 4, 1, 1, 2, 4, 4, 2, 1, 1, 3, 1, 3, 1, 1, 1, 1, 3, 1, 2, 1, 2, 3, 1, 1, 1, 2, 2, 2, 1, 1]|[0, 2, 1, 1, 3, 3, 0, 1, 0, 0, 0, 0, 1, 0, 1, 0, 0, 3, 1, 0, 0, 0, 3, 1, 0, 2, 0, 0, 0, 1, 0, 0, 0, 0, 3, 0, 1, 0, 0, 2, 1, 1, 2, 0, 0, 0, 0, 1, 1, 0, 0, 0, 1, 3, 0, 0, 1, 0, 0, 1, 0, 2, 0, 1, 0, 2, 1, 0, 0, 1, 1, 3, 0, 1, 3, 3, 1, 0, 0, 2, 0, 0, 0, 0, 1, 0, 0, 0, 1, 0, 1, 2, 0, 1, 1, 0, 0, 0, 0, 0],790.0799945868791,57951.42221290124,88960.86369927591,false
37,G1_CMAX,G4_BALANCED,[31, 22, 82, 15, 26, 99, 95, 42, 77, 12, 47, 5, 93, 78, 86, 54, 21, 63, 18, 44, 20, 35, 43, 97, 91, 76, 10, 30, 85, 45, 71, 64, 1, 23, 17, 83, 24, 14, 60, 36, 6, 57, 40, 88, 65, 56, 79, 94, 67, 68, 46, 75, 38, 9, 19, 32, 41, 81, 27, 87, 90, 58, 59, 11, 16, 72, 73, 70, 39, 37, 84, 3, 92, 25, 55, 62, 28, 29, 51, 7, 33, 61, 48, 66, 89, 50, 98, 96, 53, 80, 4, 8, 34, 49, 52, 0, 13, 2, 69, 74]|[1, 1, 0, 1, 1, 0, 1, 1, 2, 1, 2, 2, 2, 1, 1, 0, 0, 1, 0, 2, 2, 0, 1, 2, 0, 1, 2, 2, 0, 0, 1, 2, 1, 2, 1, 0, 2, 0, 1, 1, 0, 1, 1, 1, 0, 2, 1, 1, 0, 0, 0, 0, 1, 1, 2, 1, 2, 2, 0, 2, 1, 0, 1, 2, 1, 2, 1, 1, 1, 1, 1, 1, 0, 1, 2, 0, 0, 0, 0, 2, 2, 1, 0, 2, 1, 0, 2, 2, 0, 0, 1, 1, 2, 0, 1, 0, 0, 0, 1, 2]|[0, 3, 2, 2, 4, 1, 2, 3, 2, 4, 1, 1, 2, 4, 4, 1, 1, 4, 2, 1, 1, 1, 1, 2, 1, 2, 1, 1, 2, 1, 3, 2, 3, 0, 4, 0, 1, 1, 0, 3, 2, 2, 2, 0, 1, 1, 0, 4, 0, 1, 2, 2, 1, 4, 0, 3, 2, 1, 1, 1, 3, 1, 1, 1, 3, 0, 4, 3, 1, 4, 1, 1, 2, 4, 1, 2, 2, 1, 1, 1, 1, 3, 1, 1, 1, 1, 1, 1, 2, 1, 4, 3, 1, 1, 1, 2, 2, 2, 4, 1]|[0, 2, 1, 1, 3, 0, 1, 3, 0, 0, 0, 0, 1, 0, 1, 0, 0, 3, 1, 0, 0, 0, 3, 1, 0, 2, 0, 0, 0, 1, 0, 0, 0, 0, 3, 0, 1, 0, 0, 2, 1, 1, 1, 0, 0, 0, 0, 2, 1, 0, 0, 0, 1, 3, 0, 0, 1, 0, 0, 0, 2, 0, 1, 0, 2, 1, 0, 0, 1, 1, 3, 1, 1, 3, 0, 1, 1, 0, 0, 0, 0, 0, 0, 0, 1, 0, 0, 0, 1, 0, 0, 2, 0, 1, 1, 0, 0, 0, 2, 0],721.5061524654766,57732.676531569545,92274.47002206098,true
37,G4_BALANCED,G4_BALANCED,[31, 22, 82, 15, 26, 58, 95, 42, 77, 12, 47, 5, 93, 78, 98, 54, 85, 63, 18, 44, 20, 35, 43, 97, 91, 76, 10, 30, 21, 45, 71, 64, 1, 23, 17, 83, 24, 14, 60, 36, 6, 57, 94, 88, 65, 56, 79, 40, 67, 68, 46, 75, 38, 9, 19, 32, 81, 41, 27, 62, 87, 90, 99, 59, 11, 16, 72, 73, 70, 39, 37, 84, 33, 92, 25, 55, 28, 29, 51, 7, 3, 61, 86, 66, 89, 50, 8, 80, 53, 48, 96, 74, 34, 2, 52, 49, 13, 0, 69, 4]|[1, 1, 0, 1, 1, 1, 2, 1, 2, 1, 2, 2, 2, 1, 1, 0, 0, 1, 0, 2, 2, 0, 1, 2, 0, 1, 2, 2, 0, 0, 1, 2, 1, 2, 1, 0, 2, 0, 1, 1, 0, 1, 1, 1, 0, 2, 1, 1, 0, 0, 0, 0, 1, 1, 2, 1, 2, 0, 0, 0, 2, 1, 0, 1, 2, 1, 2, 1, 1, 1, 1, 1, 2, 0, 1, 1, 0, 0, 0, 1, 1, 1, 0, 2, 1, 0, 1, 0, 0, 2, 0, 2, 2, 0, 1, 0, 0, 0, 1, 1]|[4, 3, 2, 2, 0, 0, 2, 2, 2, 4, 1, 1, 2, 4, 4, 1, 1, 4, 2, 1, 1, 1, 1, 2, 1, 2, 1, 1, 1, 1, 3, 2, 3, 0, 4, 0, 1, 1, 0, 3, 2, 2, 4, 0, 1, 1, 0, 2, 0, 1, 2, 2, 1, 4, 0, 3, 2, 1, 1, 2, 1, 3, 1, 1, 1, 3, 0, 4, 3, 1, 4, 1, 1, 2, 4, 4, 2, 1, 1, 3, 1, 3, 1, 1, 1, 1, 3, 1, 2, 1, 1, 1, 1, 2, 1, 1, 2, 2, 3, 4]|[0, 2, 1, 1, 3, 3, 0, 1, 0, 0, 0, 0, 1, 0, 1, 0, 0, 3, 1, 0, 0, 0, 3, 1, 0, 2, 0, 0, 0, 1, 0, 0, 0, 0, 3, 0, 1, 0, 0, 2, 1, 1, 2, 0, 0, 0, 0, 1, 1, 0, 0, 0, 1, 3, 0, 0, 1, 0, 0, 1, 0, 2, 0, 1, 0, 2, 1, 0, 0, 1, 1, 3, 0, 1, 3, 3, 1, 0, 0, 2, 1, 0, 0, 0, 1, 0, 2, 0, 1, 0, 0, 0, 0, 0, 1, 1, 0, 0, 0, 0],759.6565410949493,57742.933975781416,91277.7819987437,false
37,G2_TEC,G2_TEC,[31, 22, 82, 15, 26, 9, 95, 42, 77, 68, 47, 5, 93, 78, 86, 54, 85, 63, 18, 44, 20, 49, 36, 14, 74, 50, 53, 17, 21, 28, 11, 64, 3, 23, 30, 83, 24, 41, 40, 52, 65, 27, 90, 70, 39, 87, 48, 69, 99, 4, 75, 1, 13, 58, 97, 59, 45, 8, 73, 37, 35, 79, 71, 66, 76, 32, 60, 80, 56, 6, 67, 61, 33, 7, 57, 34, 12, 16, 10, 98, 96, 88, 43, 46, 91, 38, 84, 92, 29, 19, 51, 55, 81, 89, 25, 72, 94, 2, 0, 62]|[2, 1, 2, 1, 1, 2, 1, 1, 1, 1, 1, 0, 2, 2, 1, 2, 0, 0, 0, 2, 2, 1, 0, 2, 0, 2, 2, 1, 0, 1, 1, 1, 0, 0, 1, 0, 2, 1, 2, 2, 0, 0, 1, 1, 0, 2, 0, 2, 1, 0, 0, 2, 0, 0, 2, 0, 1, 1, 0, 0, 2, 1, 1, 2, 2, 0, 2, 2, 2, 1, 2, 1, 1, 2, 0, 1, 1, 2, 1, 2, 0, 1, 1, 0, 1, 0, 0, 0, 1, 1, 1, 0, 1, 1, 1, 1, 2, 2, 0, 1]|[0, 3, 0, 3, 4, 1, 4, 4, 2, 4, 3, 2, 1, 0, 2, 1, 1, 1, 2, 1, 1, 3, 0, 1, 0, 1, 1, 4, 1, 4, 3, 2, 2, 0, 4, 1, 1, 4, 1, 1, 2, 1, 4, 4, 1, 1, 0, 2, 3, 2, 2, 1, 2, 1, 1, 2, 4, 3, 0, 2, 2, 3, 3, 1, 1, 2, 1, 1, 1, 4, 1, 3, 4, 1, 2, 4, 3, 1, 3, 1, 2, 4, 4, 2, 3, 2, 2, 2, 3, 4, 3, 2, 4, 4, 4, 4, 1, 1, 2, 3]|[0, 2, 0, 0, 3, 0, 1, 3, 0, 0, 2, 0, 1, 0, 1, 0, 0, 0, 1, 0, 0, 2, 0, 0, 1, 0, 0, 3, 0, 1, 0, 2, 0, 0, 3, 0, 1, 1, 0, 0, 0, 0, 1, 3, 0, 0, 1, 0, 2, 0, 0, 0, 0, 0, 1, 0, 1, 0, 1, 1, 0, 2, 0, 0, 0, 0, 0, 0, 0, 2, 0, 0, 1, 0, 0, 1, 0, 0, 3, 0, 0, 1, 2, 0, 0, 0, 0, 0, 3, 1, 0, 0, 2, 1, 3, 1, 0, 0, 0, 0],908.8272556494078,49235.066718390466,107289.32240407266,false
37,G3_TWC,G3_TWC,[31, 22, 82, 15, 26, 58, 95, 42, 77, 12, 47, 5, 93, 78, 98, 54, 85, 63, 18, 44, 20, 35, 43, 97, 91, 76, 10, 30, 21, 45, 71, 64, 1, 23, 17, 83, 24, 14, 60, 36, 6, 57, 94, 88, 65, 56, 79, 40, 67, 68, 46, 75, 39, 9, 19, 32, 81, 96, 27, 62, 87, 90, 99, 59, 11, 16, 72, 73, 70, 38, 37, 84, 3, 92, 25, 55, 28, 29, 51, 7, 33, 61, 86, 48, 89, 50, 69, 41, 53, 80, 4, 8, 34, 49, 52, 0, 13, 2, 66, 74]|[1, 1, 0, 1, 1, 1, 2, 1, 2, 1, 2, 2, 2, 1, 1, 0, 0, 1, 0, 2, 2, 0, 1, 2, 0, 1, 2, 2, 0, 0, 1, 2, 1, 2, 1, 0, 2, 0, 1, 1, 0, 1, 1, 1, 0, 2, 1, 1, 0, 0, 0, 0, 1, 1, 2, 1, 2, 0, 0, 0, 2, 1, 0, 1, 2, 1, 2, 1, 1, 1, 1, 1, 2, 0, 1, 1, 0, 0, 0, 1, 2, 1, 0, 0, 1, 0, 1, 0, 0, 0, 0, 1, 2, 0, 1, 0, 0, 0, 2, 2]|[4, 3, 2, 2, 0, 0, 2, 2, 2, 4, 1, 1, 2, 4, 4, 1, 1, 4, 2, 1, 1, 1, 1, 2, 1, 2, 1, 1, 1, 1, 3, 2, 3, 0, 4, 0, 1, 1, 0, 3, 2, 2, 4, 0, 1, 1, 0, 2, 0, 1, 2, 2, 1, 4, 0, 3, 2, 1, 1, 2, 1, 3, 1, 1, 1, 3, 0, 4, 3, 1, 4, 1, 1, 2, 4, 4, 2, 1, 1, 3, 1, 3, 1, 1, 1, 1, 3, 1, 2, 1, 2, 3, 1, 1, 1, 2, 2, 2, 1, 1]|[0, 2, 1, 1, 3, 3, 0, 1, 0, 0, 0, 0, 1, 0, 1, 0, 0, 3, 1, 0, 0, 0, 3, 1, 0, 2, 0, 0, 0, 1, 0, 0, 0, 0, 3, 0, 1, 0, 0, 2, 1, 1, 2, 0, 0, 0, 0, 1, 1, 0, 0, 0, 1, 3, 0, 0, 1, 0, 0, 1, 0, 2, 0, 1, 0, 2, 1, 0, 0, 1, 1, 3, 0, 1, 3, 3, 1, 0, 0, 2, 0, 0, 0, 0, 1, 0, 0, 0, 1, 0, 1, 2, 0, 1, 1, 0, 0, 0, 0, 0],790.0799945868791,57951.42221290124,88960.86369927591,false
37,G1_CMAX,G2_TEC,[31, 22, 74, 15, 26, 9, 95, 42, 77, 68, 47, 5, 93, 78, 86, 54, 85, 63, 18, 44, 20, 49, 36, 14, 82, 50, 53, 17, 21, 28, 11, 64, 3, 23, 30, 83, 24, 41, 40, 52, 65, 27, 90, 70, 39, 87, 48, 69, 99, 4, 75, 1, 13, 58, 97, 59, 45, 8, 73, 37, 35, 79, 71, 66, 76, 32, 60, 80, 96, 6, 67, 61, 33, 7, 57, 34, 12, 16, 10, 98, 56, 88, 43, 46, 91, 38, 84, 92, 29, 19, 51, 55, 72, 25, 89, 81, 94, 2, 0, 62]|[2, 1, 0, 1, 1, 2, 1, 1, 1, 1, 1, 0, 2, 2, 1, 2, 0, 0, 0, 2, 2, 1, 0, 2, 0, 2, 2, 1, 0, 1, 1, 1, 0, 0, 1, 0, 2, 1, 2, 2, 0, 0, 1, 1, 0, 2, 0, 2, 1, 0, 0, 2, 0, 0, 2, 0, 1, 1, 0, 0, 2, 1, 1, 2, 2, 0, 2, 2, 0, 1, 2, 1, 1, 2, 0, 1, 1, 2, 1, 2, 2, 1, 1, 0, 1, 0, 0, 0, 1, 1, 1, 0, 1, 1, 1, 1, 2, 2, 0, 1]|[0, 3, 0, 3, 4, 1, 4, 4, 2, 4, 3, 2, 1, 0, 2, 1, 1, 1, 2, 1, 1, 3, 0, 1, 0, 1, 1, 4, 1, 4, 3, 2, 2, 0, 4, 1, 1, 4, 1, 1, 2, 1, 4, 4, 1, 1, 0, 2, 3, 2, 2, 1, 2, 1, 1, 2, 4, 3, 0, 2, 2, 3, 3, 1, 1, 2, 1, 1, 2, 4, 1, 3, 4, 1, 2, 4, 3, 1, 3, 1, 1, 4, 4, 2, 3, 2, 2, 2, 3, 4, 3, 2, 4, 4, 4, 4, 1, 1, 2, 3]|[0, 2, 1, 0, 3, 0, 1, 3, 0, 0, 2, 0, 1, 0, 1, 0, 0, 0, 1, 0, 0, 2, 0, 0, 1, 0, 0, 3, 0, 1, 0, 2, 0, 0, 3, 0, 1, 1, 0, 0, 0, 0, 1, 3, 0, 0, 1, 0, 2, 0, 0, 0, 0, 0, 1, 0, 1, 0, 1, 1, 0, 2, 0, 0, 0, 0, 0, 0, 0, 2, 0, 0, 1, 0, 0, 1, 0, 0, 3, 0, 0, 1, 2, 0, 0, 0, 0, 0, 3, 1, 0, 0, 1, 3, 1, 2, 0, 0, 0, 0],884.2749157347757,49749.927006857695,105648.86639623107,true
37,G4_BALANCED,G2_TEC,[31, 22, 82, 15, 26, 9, 95, 42, 77, 68, 47, 5, 16, 78, 86, 54, 85, 63, 18, 44, 20, 49, 36, 14, 74, 50, 53, 17, 21, 28, 11, 64, 3, 23, 30, 83, 24, 41, 40, 52, 65, 27, 90, 70, 39, 87, 48, 69, 99, 4, 75, 1, 13, 58, 97, 59, 45, 8, 73, 37, 35, 79, 71, 66, 76, 32, 60, 80, 96, 6, 93, 61, 33, 7, 57, 34, 12, 67, 10, 98, 56, 88, 43, 46, 91, 38, 19, 92, 29, 84, 51, 55, 81, 89, 25, 72, 94, 2, 0, 62]|[2, 1, 2, 1, 1, 2, 1, 1, 1, 1, 1, 0, 2, 2, 1, 2, 0, 0, 0, 2, 2, 1, 0, 2, 0, 2, 2, 1, 0, 1, 1, 1, 0, 0, 1, 0, 2, 1, 2, 2, 0, 0, 1, 1, 0, 2, 0, 2, 1, 0, 0, 2, 0, 0, 2, 0, 1, 1, 0, 0, 2, 1, 1, 2, 2, 0, 2, 2, 0, 1, 2, 1, 1, 2, 0, 1, 1, 2, 1, 2, 2, 1, 1, 0, 1, 0, 1, 0, 1, 0, 1, 0, 1, 1, 1, 1, 2, 2, 0, 1]|[0, 3, 0, 3, 4, 1, 4, 4, 2, 4, 3, 2, 1, 0, 2, 1, 1, 1, 2, 1, 1, 3, 0, 1, 0, 1, 1, 4, 1, 4, 3, 2, 2, 0, 4, 1, 1, 4, 1, 1, 2, 1, 4, 4, 1, 1, 0, 2, 3, 2, 2, 1, 2, 1, 1, 2, 4, 3, 0, 2, 2, 3, 3, 1, 1, 2, 1, 1, 2, 4, 1, 3, 4, 1, 2, 4, 3, 1, 3, 1, 1, 4, 4, 2, 3, 2, 4, 2, 3, 2, 3, 2, 4, 4, 4, 4, 1, 1, 2, 3]|[0, 2, 0, 0, 3, 0, 1, 3, 0, 0, 2, 0, 1, 0, 1, 0, 0, 0, 1, 0, 0, 2, 0, 0, 1, 0, 0, 3, 0, 1, 0, 2, 0, 0, 3, 0, 1, 1, 0, 0, 0, 0, 1, 3, 0, 0, 1, 0, 2, 0, 0, 0, 0, 0, 1, 0, 1, 0, 1, 1, 0, 2, 0, 0, 0, 0, 0, 0, 0, 2, 0, 0, 1, 0, 0, 1, 0, 0, 3, 0, 0, 1, 2, 0, 0, 0, 1, 0, 3, 0, 0, 0, 2, 1, 3, 1, 0, 0, 0, 0],899.9328028591096,49188.61484124702,107480.42448773066,true
37,G2_TEC,G2_TEC,[31, 22, 82, 15, 26, 9, 95, 42, 77, 68, 47, 5, 93, 78, 86, 54, 85, 63, 18, 44, 20, 49, 36, 14, 74, 50, 53, 17, 21, 28, 11, 64, 3, 23, 30, 83, 24, 41, 40, 52, 65, 27, 90, 70, 39, 87, 48, 69, 99, 4, 75, 1, 13, 58, 97, 59, 45, 8, 73, 37, 35, 79, 71, 66, 76, 32, 60, 80, 56, 6, 67, 61, 33, 7, 57, 34, 12, 16, 10, 98, 96, 88, 43, 46, 91, 38, 84, 92, 29, 19, 51, 55, 81, 89, 25, 72, 94, 2, 0, 62]|[2, 1, 2, 1, 1, 2, 1, 1, 1, 1, 1, 0, 2, 2, 1, 2, 0, 0, 0, 2, 2, 1, 0, 2, 0, 2, 2, 1, 0, 1, 1, 1, 0, 0, 1, 0, 2, 1, 2, 2, 0, 0, 1, 1, 0, 2, 0, 2, 1, 0, 0, 2, 0, 0, 2, 0, 1, 1, 0, 0, 2, 1, 1, 2, 2, 0, 2, 2, 2, 1, 2, 1, 1, 2, 0, 1, 1, 2, 1, 2, 0, 1, 1, 0, 1, 0, 0, 0, 1, 1, 1, 0, 1, 1, 1, 1, 2, 2, 0, 1]|[0, 3, 0, 3, 4, 1, 4, 4, 2, 4, 3, 2, 1, 0, 2, 1, 1, 1, 2, 1, 1, 3, 0, 1, 0, 1, 1, 4, 1, 4, 3, 2, 2, 0, 4, 1, 1, 4, 1, 1, 2, 1, 4, 4, 1, 1, 0, 2, 3, 2, 2, 1, 2, 1, 1, 2, 4, 3, 0, 2, 2, 3, 3, 1, 1, 2, 1, 1, 1, 4, 1, 3, 4, 1, 2, 4, 3, 1, 3, 1, 2, 4, 4, 2, 3, 2, 2, 2, 3, 4, 3, 2, 4, 4, 4, 4, 1, 1, 2, 3]|[0, 2, 0, 0, 3, 0, 1, 3, 0, 0, 2, 0, 1, 0, 1, 0, 0, 0, 1, 0, 0, 2, 0, 0, 1, 0, 0, 3, 0, 1, 0, 2, 0, 0, 3, 0, 1, 1, 0, 0, 0, 0, 1, 3, 0, 0, 1, 0, 2, 0, 0, 0, 0, 0, 1, 0, 1, 0, 1, 1, 0, 2, 0, 0, 0, 0, 0, 0, 0, 2, 0, 0, 1, 0, 0, 1, 0, 0, 3, 0, 0, 1, 2, 0, 0, 0, 0, 0, 3, 1, 0, 0, 2, 1, 3, 1, 0, 0, 0, 0],908.8272556494078,49235.066718390466,107289.32240407266,false
37,G3_TWC,G3_TWC,[31, 22, 82, 15, 26, 58, 95, 42, 77, 12, 47, 5, 93, 78, 98, 54, 85, 63, 18, 44, 20, 35, 43, 97, 91, 76, 10, 30, 21, 45, 71, 64, 1, 23, 17, 83, 24, 14, 60, 36, 6, 57, 94, 88, 65, 56, 79, 40, 67, 68, 46, 75, 39, 9, 19, 32, 81, 96, 27, 62, 87, 90, 99, 59, 11, 16, 72, 73, 70, 38, 37, 84, 3, 92, 25, 55, 28, 29, 51, 7, 33, 61, 86, 48, 89, 50, 69, 41, 53, 80, 4, 8, 34, 49, 52, 0, 13, 2, 66, 74]|[1, 1, 0, 1, 1, 1, 2, 1, 2, 1, 2, 2, 2, 1, 1, 0, 0, 1, 0, 2, 2, 0, 1, 2, 0, 1, 2, 2, 0, 0, 1, 2, 1, 2, 1, 0, 2, 0, 1, 1, 0, 1, 1, 1, 0, 2, 1, 1, 0, 0, 0, 0, 1, 1, 2, 1, 2, 0, 0, 0, 2, 1, 0, 1, 2, 1, 2, 1, 1, 1, 1, 1, 2, 0, 1, 1, 0, 0, 0, 1, 2, 1, 0, 0, 1, 0, 1, 0, 0, 0, 0, 1, 2, 0, 1, 0, 0, 0, 2, 2]|[4, 3, 2, 2, 0, 0, 2, 2, 2, 4, 1, 1, 2, 4, 4, 1, 1, 4, 2, 1, 1, 1, 1, 2, 1, 2, 1, 1, 1, 1, 3, 2, 3, 0, 4, 0, 1, 1, 0, 3, 2, 2, 4, 0, 1, 1, 0, 2, 0, 1, 2, 2, 1, 4, 0, 3, 2, 1, 1, 2, 1, 3, 1, 1, 1, 3, 0, 4, 3, 1, 4, 1, 1, 2, 4, 4, 2, 1, 1, 3, 1, 3, 1, 1, 1, 1, 3, 1, 2, 1, 2, 3, 1, 1, 1, 2, 2, 2, 1, 1]|[0, 2, 1, 1, 3, 3, 0, 1, 0, 0, 0, 0, 1, 0, 1, 0, 0, 3, 1, 0, 0, 0, 3, 1, 0, 2, 0, 0, 0, 1, 0, 0, 0, 0, 3, 0, 1, 0, 0, 2, 1, 1, 2, 0, 0, 0, 0, 1, 1, 0, 0, 0, 1, 3, 0, 0, 1, 0, 0, 1, 0, 2, 0, 1, 0, 2, 1, 0, 0, 1, 1, 3, 0, 1, 3, 3, 1, 0, 0, 2, 0, 0, 0, 0, 1, 0, 0, 0, 1, 0, 1, 2, 0, 1, 1, 0, 0, 0, 0, 0],790.0799945868791,57951.42221290124,88960.86369927591,false
37,G1_CMAX,G1_CMAX,[31, 22, 82, 15, 26, 99, 95, 42, 77, 12, 47, 5, 93, 78, 86, 54, 21, 63, 18, 44, 20, 35, 43, 97, 91, 76, 10, 30, 85, 45, 71, 64, 1, 23, 57, 83, 24, 14, 60, 36, 81, 17, 40, 88, 65, 56, 79, 94, 67, 68, 46, 75, 38, 9, 19, 32, 41, 6, 27, 87, 90, 58, 59, 11, 16, 72, 73, 70, 39, 37, 84, 3, 92, 25, 55, 28, 62, 29, 51, 7, 33, 61, 98, 48, 89, 50, 4, 96, 53, 80, 66, 8, 34, 49, 52, 0, 13, 2, 69, 74]|[1, 1, 0, 1, 1, 0, 1, 1, 2, 1, 2, 2, 2, 1, 1, 0, 0, 1, 0, 2, 2, 0, 1, 2, 0, 1, 2, 2, 0, 0, 1, 2, 1, 2, 1, 0, 2, 0, 1, 1, 0, 1, 1, 1, 0, 2, 1, 1, 0, 0, 0, 0, 1, 1, 2, 1, 2, 2, 0, 2, 1, 0, 1, 2, 1, 2, 1, 1, 1, 1, 1, 1, 0, 1, 2, 2, 0, 0, 2, 2, 2, 1, 2, 0, 1, 0, 1, 2, 0, 0, 2, 1, 2, 0, 1, 0, 0, 0, 1, 2]|[0, 3, 2, 2, 4, 1, 2, 3, 2, 4, 1, 1, 2, 4, 4, 1, 1, 4, 2, 1, 1, 1, 1, 2, 1, 2, 1, 1, 2, 1, 3, 2, 3, 0, 4, 0, 1, 1, 0, 3, 2, 2, 2, 0, 1, 1, 0, 4, 0, 1, 2, 2, 1, 4, 0, 3, 2, 2, 1, 1, 3, 1, 1, 1, 3, 0, 4, 3, 1, 4, 1, 1, 0, 4, 1, 1, 2, 1, 2, 1, 1, 3, 1, 1, 1, 1, 4, 1, 2, 1, 1, 3, 1, 1, 1, 2, 2, 2, 4, 1]|[0, 2, 1, 1, 3, 0, 1, 3, 0, 0, 0, 0, 1, 0, 1, 0, 0, 3, 1, 0, 0, 0, 3, 1, 0, 2, 0, 0, 0, 1, 0, 0, 0, 0, 3, 0, 1, 0, 0, 2, 1, 1, 1, 0, 0, 0, 0, 2, 1, 0, 0, 0, 1, 3, 0, 0, 1, 1, 0, 0, 2, 0, 1, 0, 2, 1, 0, 0, 1, 1, 3, 1, 1, 3, 0, 0, 1, 0, 1, 0, 0, 0, 0, 0, 1, 0, 0, 0, 1, 0, 0, 2, 0, 1, 1, 0, 0, 0, 2, 0],714.4485115867469,58161.785232764836,94013.66617097157,false
37,G4_BALANCED,G3_TWC,[31, 22, 82, 15, 26, 58, 95, 42, 77, 12, 47, 5, 93, 78, 98, 54, 85, 63, 18, 44, 20, 35, 43, 97, 91, 76, 10, 30, 21, 45, 71, 64, 1, 23, 17, 83, 24, 14, 60, 36, 6, 57, 94, 88, 65, 56, 79, 40, 67, 68, 46, 75, 39, 9, 19, 32, 81, 96, 27, 62, 87, 90, 99, 59, 11, 16, 72, 73, 70, 38, 37, 84, 3, 92, 25, 55, 28, 29, 51, 7, 33, 61, 86, 48, 89, 50, 69, 41, 53, 80, 8, 4, 34, 66, 52, 2, 13, 0, 49, 74]|[1, 1, 0, 1, 1, 1, 2, 1, 2, 1, 2, 2, 2, 1, 1, 0, 0, 1, 0, 2, 2, 0, 1, 2, 0, 1, 2, 2, 0, 0, 1, 2, 1, 2, 1, 0, 2, 0, 1, 1, 0, 1, 1, 1, 0, 2, 1, 1, 0, 0, 0, 0, 1, 1, 2, 1, 2, 0, 0, 0, 2, 1, 0, 1, 2, 1, 2, 1, 1, 1, 1, 2, 2, 0, 1, 1, 0, 0, 0, 1, 2, 1, 0, 0, 1, 0, 0, 2, 0, 0, 1, 0, 2, 2, 1, 0, 0, 0, 0, 2]|[4, 3, 2, 2, 0, 0, 2, 2, 2, 4, 1, 1, 2, 4, 4, 1, 1, 4, 2, 1, 1, 1, 1, 2, 1, 2, 1, 1, 1, 1, 3, 2, 3, 0, 4, 0, 1, 1, 0, 3, 2, 2, 4, 0, 1, 1, 0, 2, 0, 1, 2, 2, 1, 4, 0, 3, 2, 1, 1, 2, 1, 3, 1, 1, 1, 3, 0, 4, 3, 1, 4, 1, 1, 2, 4, 4, 2, 1, 1, 3, 1, 3, 1, 1, 1, 1, 1, 1, 2, 1, 3, 2, 1, 1, 1, 2, 2, 2, 1, 1]|[0, 2, 1, 1, 3, 3, 0, 1, 0, 0, 0, 0, 1, 0, 1, 0, 0, 3, 1, 0, 0, 0, 3, 1, 0, 2, 0, 0, 0, 1, 0, 0, 0, 0, 3, 0, 1, 0, 0, 2, 1, 1, 2, 0, 0, 0, 0, 1, 1, 0, 0, 0, 1, 3, 0, 0, 1, 0, 0, 1, 0, 2, 0, 1, 0, 2, 1, 0, 0, 1, 1, 0, 0, 1, 3, 3, 1, 0, 0, 2, 0, 0, 0, 0, 1, 0, 0, 0, 1, 0, 2, 1, 0, 0, 1, 0, 0, 0, 1, 0],790.4565500811616,57443.931412243786,90278.65376541775,true
37,G2_TEC,G2_TEC,[31, 22, 82, 15, 26, 9, 95, 42, 77, 68, 47, 5, 93, 78, 86, 54, 85, 63, 18, 44, 20, 49, 36, 14, 74, 50, 53, 17, 21, 28, 11, 64, 3, 23, 30, 83, 24, 41, 40, 52, 65, 27, 90, 70, 39, 87, 48, 69, 99, 4, 75, 1, 13, 58, 97, 59, 45, 8, 73, 37, 35, 79, 71, 66, 76, 32, 60, 80, 56, 6, 67, 61, 33, 7, 57, 34, 12, 16, 10, 98, 96, 88, 43, 46, 91, 38, 84, 92, 29, 19, 51, 55, 81, 89, 25, 72, 94, 2, 0, 62]|[2, 1, 2, 1, 1, 2, 1, 1, 1, 1, 1, 0, 2, 2, 1, 2, 0, 0, 0, 2, 2, 1, 0, 2, 0, 2, 2, 1, 0, 1, 1, 1, 0, 0, 1, 0, 2, 1, 2, 2, 0, 0, 1, 1, 0, 2, 0, 2, 1, 0, 0, 2, 0, 0, 2, 0, 1, 1, 0, 0, 2, 1, 1, 2, 2, 0, 2, 2, 2, 1, 2, 1, 1, 2, 0, 1, 1, 2, 1, 2, 0, 1, 1, 0, 1, 0, 0, 0, 1, 1, 1, 0, 1, 1, 1, 1, 2, 2, 0, 1]|[0, 3, 0, 3, 4, 1, 4, 4, 2, 4, 3, 2, 1, 0, 2, 1, 1, 1, 2, 1, 1, 3, 0, 1, 0, 1, 1, 4, 1, 4, 3, 2, 2, 0, 4, 1, 1, 4, 1, 1, 2, 1, 4, 4, 1, 1, 0, 2, 3, 2, 2, 1, 2, 1, 1, 2, 4, 3, 0, 2, 2, 3, 3, 1, 1, 2, 1, 1, 1, 4, 1, 3, 4, 1, 2, 4, 3, 1, 3, 1, 2, 4, 4, 2, 3, 2, 2, 2, 3, 4, 3, 2, 4, 4, 4, 4, 1, 1, 2, 3]|[0, 2, 0, 0, 3, 0, 1, 3, 0, 0, 2, 0, 1, 0, 1, 0, 0, 0, 1, 0, 0, 2, 0, 0, 1, 0, 0, 3, 0, 1, 0, 2, 0, 0, 3, 0, 1, 1, 0, 0, 0, 0, 1, 3, 0, 0, 1, 0, 2, 0, 0, 0, 0, 0, 1, 0, 1, 0, 1, 1, 0, 2, 0, 0, 0, 0, 0, 0, 0, 2, 0, 0, 1, 0, 0, 1, 0, 0, 3, 0, 0, 1, 2, 0, 0, 0, 0, 0, 3, 1, 0, 0, 2, 1, 3, 1, 0, 0, 0, 0],908.8272556494078,49235.066718390466,107289.32240407266,false
37,G3_TWC,G3_TWC,[31, 22, 82, 15, 26, 58, 95, 42, 77, 12, 47, 5, 93, 78, 98, 54, 85, 63, 18, 44, 20, 35, 43, 97, 91, 76, 10, 30, 21, 45, 71, 64, 1, 23, 17, 83, 24, 14, 60, 36, 6, 57, 94, 88, 65, 56, 79, 40, 67, 68, 46, 75, 39, 9, 19, 32, 81, 96, 27, 62, 87, 90, 99, 59, 11, 16, 72, 73, 70, 38, 37, 84, 3, 92, 25, 55, 28, 29, 51, 7, 33, 61, 86, 48, 89, 50, 69, 41, 53, 80, 4, 8, 34, 49, 52, 0, 13, 2, 66, 74]|[1, 1, 0, 1, 1, 1, 2, 1, 2, 1, 2, 2, 2, 1, 1, 0, 0, 1, 0, 2, 2, 0, 1, 2, 0, 1, 2, 2, 0, 0, 1, 2, 1, 2, 1, 0, 2, 0, 1, 1, 0, 1, 1, 1, 0, 2, 1, 1, 0, 0, 0, 0, 1, 1, 2, 1, 2, 0, 0, 0, 2, 1, 0, 1, 2, 1, 2, 1, 1, 1, 1, 1, 2, 0, 1, 1, 0, 0, 0, 1, 2, 1, 0, 0, 1, 0, 1, 0, 0, 0, 0, 1, 2, 0, 1, 0, 0, 0, 2, 2]|[4, 3, 2, 2, 0, 0, 2, 2, 2, 4, 1, 1, 2, 4, 4, 1, 1, 4, 2, 1, 1, 1, 1, 2, 1, 2, 1, 1, 1, 1, 3, 2, 3, 0, 4, 0, 1, 1, 0, 3, 2, 2, 4, 0, 1, 1, 0, 2, 0, 1, 2, 2, 1, 4, 0, 3, 2, 1, 1, 2, 1, 3, 1, 1, 1, 3, 0, 4, 3, 1, 4, 1, 1, 2, 4, 4, 2, 1, 1, 3, 1, 3, 1, 1, 1, 1, 3, 1, 2, 1, 2, 3, 1, 1, 1, 2, 2, 2, 1, 1]|[0, 2, 1, 1, 3, 3, 0, 1, 0, 0, 0, 0, 1, 0, 1, 0, 0, 3, 1, 0, 0, 0, 3, 1, 0, 2, 0, 0, 0, 1, 0, 0, 0, 0, 3, 0, 1, 0, 0, 2, 1, 1, 2, 0, 0, 0, 0, 1, 1, 0, 0, 0, 1, 3, 0, 0, 1, 0, 0, 1, 0, 2, 0, 1, 0, 2, 1, 0, 0, 1, 1, 3, 0, 1, 3, 3, 1, 0, 0, 2, 0, 0, 0, 0, 1, 0, 0, 0, 1, 0, 1, 2, 0, 1, 1, 0, 0, 0, 0, 0],790.0799945868791,57951.42221290124,88960.86369927591,false
37,G1_CMAX,G3_TWC,[31, 22, 82, 15, 26, 58, 95, 42, 77, 12, 47, 5, 93, 78, 98, 54, 85, 63, 18, 44, 20, 35, 43, 97, 91, 76, 10, 45, 21, 30, 71, 64, 1, 23, 17, 83, 24, 14, 60, 36, 6, 57, 94, 88, 65, 56, 79, 40, 67, 68, 46, 75, 38, 9, 19, 32, 81, 41, 27, 62, 87, 90, 99, 59, 11, 16, 72, 73, 70, 39, 37, 84, 3, 92, 25, 55, 28, 29, 51, 7, 33, 61, 86, 66, 89, 50, 48, 96, 53, 8, 4, 80, 34, 49, 52, 2, 13, 0, 69, 74]|[1, 1, 0, 1, 1, 1, 2, 1, 2, 1, 2, 2, 2, 1, 1, 0, 0, 1, 0, 2, 2, 0, 1, 2, 0, 1, 2, 2, 0, 0, 1, 2, 1, 2, 1, 0, 2, 0, 1, 1, 0, 1, 1, 1, 0, 2, 1, 1, 0, 0, 0, 0, 1, 1, 2, 1, 2, 0, 0, 0, 2, 1, 0, 1, 2, 1, 2, 1, 1, 1, 1, 1, 1, 0, 1, 1, 0, 0, 0, 1, 2, 1, 0, 2, 1, 0, 0, 0, 0, 1, 0, 0, 2, 0, 1, 0, 0, 0, 1, 2]|[4, 3, 2, 2, 0, 0, 2, 2, 2, 4, 1, 1, 2, 4, 4, 1, 1, 4, 2, 1, 1, 1, 1, 2, 1, 2, 1, 1, 1, 1, 3, 2, 3, 0, 4, 0, 1, 1, 0, 3, 2, 2, 4, 0, 1, 1, 0, 2, 0, 1, 2, 2, 1, 4, 0, 3, 2, 1, 1, 2, 1, 3, 1, 1, 1, 3, 0, 4, 3, 1, 4, 1, 1, 2, 4, 4, 2, 1, 1, 3, 1, 3, 1, 1, 1, 1, 1, 1, 2, 3, 2, 1, 1, 1, 1, 2, 2, 2, 3, 1]|[0, 2, 1, 1, 3, 3, 0, 1, 0, 0, 0, 0, 1, 0, 1, 0, 0, 3, 1, 0, 0, 0, 3, 1, 0, 2, 0, 0, 0, 1, 0, 0, 0, 0, 3, 0, 1, 0, 0, 2, 1, 1, 2, 0, 0, 0, 0, 1, 1, 0, 0, 0, 1, 3, 0, 0, 1, 0, 0, 1, 0, 2, 0, 1, 0, 2, 1, 0, 0, 1, 1, 3, 1, 1, 3, 3, 1, 0, 0, 2, 0, 0, 0, 0, 1, 0, 0, 0, 1, 2, 1, 0, 0, 1, 1, 0, 0, 0, 0, 0],781.2159025751537,57799.745119009436,89449.0153167881,true
37,G4_BALANCED,G4_BALANCED,[31, 11, 15, 82, 26, 9, 95, 32, 77, 68, 47, 5, 93, 78, 86, 54, 85, 63, 18, 44, 20, 49, 36, 14, 74, 50, 53, 17, 21, 45, 71, 64, 3, 23, 30, 83, 24, 41, 60, 52, 65, 27, 90, 70, 39, 87, 48, 69, 99, 4, 46, 1, 13, 58, 97, 59, 28, 75, 73, 37, 35, 79, 22, 66, 76, 42, 40, 80, 96, 6, 16, 61, 33, 7, 57, 34, 12, 67, 10, 98, 56, 88, 29, 94, 91, 51, 19, 92, 43, 84, 38, 72, 81, 8, 2, 55, 62, 89, 25, 0]|[2, 1, 1, 2, 1, 2, 1, 1, 1, 1, 1, 0, 2, 2, 1, 2, 0, 0, 0, 2, 2, 1, 0, 2, 0, 2, 2, 1, 0, 1, 1, 1, 0, 0, 1, 0, 2, 1, 2, 2, 0, 0, 1, 1, 0, 2, 0, 2, 1, 0, 0, 2, 0, 0, 2, 0, 1, 0, 0, 0, 2, 1, 0, 2, 2, 0, 2, 2, 0, 1, 2, 1, 1, 2, 0, 1, 1, 1, 1, 2, 2, 1, 1, 2, 1, 1, 1, 0, 1, 0, 0, 1, 1, 1, 2, 0, 1, 1, 1, 0]|[1, 3, 2, 0, 4, 1, 4, 4, 2, 4, 3, 2, 1, 0, 2, 1, 1, 1, 2, 1, 1, 3, 0, 1, 0, 1, 1, 4, 1, 4, 3, 2, 2, 0, 4, 1, 1, 4, 0, 1, 2, 1, 4, 4, 1, 1, 0, 2, 3, 1, 2, 1, 2, 1, 1, 2, 4, 2, 0, 2, 2, 3, 1, 0, 1, 2, 0, 1, 2, 4, 1, 3, 4, 1, 2, 4, 3, 3, 3, 1, 1, 4, 3, 1, 3, 3, 4, 2, 4, 2, 2, 4, 1, 3, 1, 2, 3, 4, 4, 2]|[1, 2, 1, 0, 3, 0, 1, 3, 0, 0, 2, 0, 1, 0, 1, 0, 0, 0, 1, 0, 0, 2, 0, 0, 1, 0, 0, 3, 0, 1, 0, 2, 0, 1, 3, 0, 1, 3, 1, 0, 0, 0, 1, 3, 0, 0, 1, 0, 2, 0, 0, 0, 0, 0, 1, 0, 1, 0, 1, 1, 0, 2, 0, 0, 0, 0, 0, 0, 0, 2, 0, 0, 1, 0, 0, 1, 0, 0, 3, 0, 0, 1, 0, 0, 0, 0, 3, 0, 2, 0, 0, 2, 1, 0, 0, 0, 0, 1, 3, 0],836.569815134707,52504.092339752446,107095.57005228325,false
37,G2_TEC,G2_TEC,[31, 22, 82, 15, 26, 9, 95, 42, 77, 68, 47, 5, 93, 78, 86, 54, 85, 63, 18, 44, 20, 49, 36, 14, 74, 50, 53, 17, 21, 28, 11, 64, 3, 23, 30, 83, 24, 41, 40, 52, 65, 27, 90, 70, 39, 87, 48, 69, 99, 4, 75, 1, 13, 58, 97, 59, 45, 8, 73, 37, 35, 79, 71, 66, 76, 32, 60, 80, 56, 6, 67, 61, 33, 7, 57, 34, 12, 16, 10, 98, 96, 88, 43, 46, 91, 38, 84, 92, 29, 19, 51, 55, 81, 89, 25, 72, 94, 2, 0, 62]|[2, 1, 2, 1, 1, 2, 1, 1, 1, 1, 1, 0, 2, 2, 1, 2, 0, 0, 0, 2, 2, 1, 0, 2, 0, 2, 2, 1, 0, 1, 1, 1, 0, 0, 1, 0, 2, 1, 2, 2, 0, 0, 1, 1, 0, 2, 0, 2, 1, 0, 0, 2, 0, 0, 2, 0, 1, 1, 0, 0, 2, 1, 1, 2, 2, 0, 2, 2, 2, 1, 2, 1, 1, 2, 0, 1, 1, 2, 1, 2, 0, 1, 1, 0, 1, 0, 0, 0, 1, 1, 1, 0, 1, 1, 1, 1, 2, 2, 0, 1]|[0, 3, 0, 3, 4, 1, 4, 4, 2, 4, 3, 2, 1, 0, 2, 1, 1, 1, 2, 1, 1, 3, 0, 1, 0, 1, 1, 4, 1, 4, 3, 2, 2, 0, 4, 1, 1, 4, 1, 1, 2, 1, 4, 4, 1, 1, 0, 2, 3, 2, 2, 1, 2, 1, 1, 2, 4, 3, 0, 2, 2, 3, 3, 1, 1, 2, 1, 1, 1, 4, 1, 3, 4, 1, 2, 4, 3, 1, 3, 1, 2, 4, 4, 2, 3, 2, 2, 2, 3, 4, 3, 2, 4, 4, 4, 4, 1, 1, 2, 3]|[0, 2, 0, 0, 3, 0, 1, 3, 0, 0, 2, 0, 1, 0, 1, 0, 0, 0, 1, 0, 0, 2, 0, 0, 1, 0, 0, 3, 0, 1, 0, 2, 0, 0, 3, 0, 1, 1, 0, 0, 0, 0, 1, 3, 0, 0, 1, 0, 2, 0, 0, 0, 0, 0, 1, 0, 1, 0, 1, 1, 0, 2, 0, 0, 0, 0, 0, 0, 0, 2, 0, 0, 1, 0, 0, 1, 0, 0, 3, 0, 0, 1, 2, 0, 0, 0, 0, 0, 3, 1, 0, 0, 2, 1, 3, 1, 0, 0, 0, 0],908.8272556494078,49235.066718390466,107289.32240407266,false
37,G3_TWC,G3_TWC,[31, 22, 82, 15, 26, 58, 95, 42, 77, 12, 47, 5, 93, 78, 98, 54, 85, 63, 18, 44, 20, 35, 43, 97, 91, 76, 10, 30, 21, 45, 71, 64, 1, 23, 17, 83, 24, 14, 60, 36, 6, 57, 94, 88, 65, 56, 79, 40, 67, 68, 46, 75, 39, 9, 19, 32, 81, 96, 27, 62, 87, 90, 99, 59, 11, 16, 72, 73, 70, 38, 37, 84, 3, 92, 25, 55, 28, 29, 51, 7, 33, 61, 86, 48, 89, 50, 69, 41, 53, 80, 4, 8, 34, 49, 52, 0, 13, 2, 66, 74]|[1, 1, 0, 1, 1, 1, 2, 1, 2, 1, 2, 2, 2, 1, 1, 0, 0, 1, 0, 2, 2, 0, 1, 2, 0, 1, 2, 2, 0, 0, 1, 2, 1, 2, 1, 0, 2, 0, 1, 1, 0, 1, 1, 1, 0, 2, 1, 1, 0, 0, 0, 0, 1, 1, 2, 1, 2, 0, 0, 0, 2, 1, 0, 1, 2, 1, 2, 1, 1, 1, 1, 1, 2, 0, 1, 1, 0, 0, 0, 1, 2, 1, 0, 0, 1, 0, 1, 0, 0, 0, 0, 1, 2, 0, 1, 0, 0, 0, 2, 2]|[4, 3, 2, 2, 0, 0, 2, 2, 2, 4, 1, 1, 2, 4, 4, 1, 1, 4, 2, 1, 1, 1, 1, 2, 1, 2, 1, 1, 1, 1, 3, 2, 3, 0, 4, 0, 1, 1, 0, 3, 2, 2, 4, 0, 1, 1, 0, 2, 0, 1, 2, 2, 1, 4, 0, 3, 2, 1, 1, 2, 1, 3, 1, 1, 1, 3, 0, 4, 3, 1, 4, 1, 1, 2, 4, 4, 2, 1, 1, 3, 1, 3, 1, 1, 1, 1, 3, 1, 2, 1, 2, 3, 1, 1, 1, 2, 2, 2, 1, 1]|[0, 2, 1, 1, 3, 3, 0, 1, 0, 0, 0, 0, 1, 0, 1, 0, 0, 3, 1, 0, 0, 0, 3, 1, 0, 2, 0, 0, 0, 1, 0, 0, 0, 0, 3, 0, 1, 0, 0, 2, 1, 1, 2, 0, 0, 0, 0, 1, 1, 0, 0, 0, 1, 3, 0, 0, 1, 0, 0, 1, 0, 2, 0, 1, 0, 2, 1, 0, 0, 1, 1, 3, 0, 1, 3, 3, 1, 0, 0, 2, 0, 0, 0, 0, 1, 0, 0, 0, 1, 0, 1, 2, 0, 1, 1, 0, 0, 0, 0, 0],790.0799945868791,57951.42221290124,88960.86369927591,false
37,G1_CMAX,G2_TEC,[31, 22, 82, 15, 26, 9, 95, 42, 77, 68, 47, 5, 93, 78, 86, 54, 85, 63, 18, 44, 20, 49, 36, 14, 74, 50, 53, 17, 21, 28, 71, 64, 3, 23, 30, 83, 24, 41, 60, 52, 65, 27, 90, 70, 39, 87, 48, 69, 99, 4, 46, 1, 13, 58, 97, 59, 45, 8, 73, 37, 35, 79, 11, 66, 76, 32, 40, 80, 96, 6, 16, 61, 33, 7, 57, 34, 12, 67, 10, 98, 56, 88, 29, 75, 91, 38, 19, 92, 43, 84, 51, 72, 81, 25, 2, 55, 0, 94, 89, 62]|[2, 1, 2, 1, 1, 2, 1, 1, 1, 2, 1, 0, 2, 2, 1, 2, 0, 0, 0, 2, 2, 1, 0, 2, 0, 2, 2, 1, 0, 1, 1, 1, 0, 0, 1, 0, 2, 1, 2, 2, 0, 0, 1, 1, 0, 2, 0, 2, 1, 0, 0, 2, 0, 0, 2, 0, 1, 1, 0, 0, 2, 1, 0, 2, 2, 0, 2, 2, 0, 1, 2, 1, 1, 2, 0, 1, 1, 1, 1, 2, 2, 1, 1, 0, 1, 0, 1, 0, 1, 0, 1, 1, 1, 1, 2, 0, 0, 2, 1, 1]|[0, 3, 0, 3, 4, 1, 4, 4, 2, 0, 3, 2, 1, 0, 2, 1, 1, 1, 2, 1, 1, 3, 0, 1, 0, 1, 1, 4, 1, 4, 3, 2, 2, 0, 4, 1, 1, 4, 0, 1, 2, 1, 4, 4, 1, 1, 0, 2, 3, 1, 2, 1, 2, 1, 1, 2, 4, 3, 0, 2, 2, 3, 1, 0, 1, 2, 0, 1, 2, 4, 1, 3, 4, 1, 2, 4, 3, 3, 3, 1, 1, 4, 3, 2, 3, 2, 4, 2, 4, 2, 3, 4, 4, 4, 1, 2, 2, 1, 4, 3]|[0, 2, 0, 0, 3, 0, 1, 3, 0, 0, 2, 0, 1, 0, 1, 0, 0, 0, 1, 0, 0, 2, 0, 0, 1, 0, 0, 3, 0, 1, 0, 2, 0, 1, 3, 0, 1, 3, 1, 0, 0, 0, 1, 3, 0, 0, 1, 0, 2, 0, 0, 0, 0, 0, 1, 0, 1, 0, 1, 1, 0, 2, 0, 0, 0, 0, 0, 0, 0, 2, 0, 0, 1, 0, 0, 1, 0, 0, 3, 0, 0, 1, 0, 0, 0, 0, 3, 0, 2, 0, 0, 2, 1, 3, 0, 0, 0, 0, 1, 0],848.7210464257236,51873.96370052903,107003.66788360782,true
37,G4_BALANCED,G4_BALANCED,[31, 11, 15, 82, 26, 9, 95, 32, 77, 68, 47, 5, 93, 78, 86, 54, 85, 63, 18, 44, 20, 49, 36, 14, 74, 50, 53, 17, 21, 45, 71, 64, 3, 23, 30, 83, 24, 41, 60, 52, 65, 27, 90, 70, 39, 87, 48, 69, 99, 4, 46, 1, 13, 58, 97, 59, 28, 75, 73, 37, 35, 79, 22, 66, 76, 42, 40, 80, 96, 6, 16, 61, 33, 7, 57, 34, 12, 67, 10, 98, 56, 88, 29, 94, 91, 38, 51, 92, 43, 84, 19, 72, 81, 25, 0, 55, 62, 89, 8, 2]|[2, 1, 1, 2, 1, 2, 1, 1, 1, 1, 1, 0, 2, 2, 1, 2, 0, 0, 0, 2, 2, 1, 0, 2, 0, 2, 2, 1, 0, 1, 1, 1, 0, 0, 1, 0, 2, 1, 2, 2, 0, 0, 1, 1, 0, 2, 0, 2, 1, 0, 0, 2, 0, 0, 2, 0, 1, 0, 0, 0, 2, 1, 0, 2, 2, 0, 2, 2, 0, 1, 2, 1, 1, 2, 0, 1, 1, 1, 1, 2, 2, 1, 1, 2, 1, 0, 1, 0, 1, 0, 1, 1, 1, 1, 0, 0, 1, 1, 1, 2]|[0, 3, 2, 0, 4, 1, 4, 4, 2, 4, 3, 2, 1, 0, 2, 1, 1, 1, 2, 1, 1, 3, 0, 1, 0, 1, 1, 4, 1, 4, 3, 2, 2, 0, 4, 1, 1, 4, 0, 1, 2, 1, 4, 4, 1, 1, 0, 2, 3, 1, 2, 1, 2, 1, 1, 2, 4, 2, 0, 2, 2, 3, 1, 0, 1, 2, 0, 1, 2, 4, 1, 3, 4, 1, 2, 4, 3, 3, 3, 1, 1, 4, 3, 1, 3, 2, 3, 2, 4, 2, 4, 4, 1, 4, 2, 2, 3, 4, 3, 1]|[0, 2, 1, 0, 3, 0, 1, 3, 0, 0, 2, 0, 1, 0, 1, 0, 0, 0, 1, 0, 0, 2, 0, 0, 1, 0, 0, 3, 0, 1, 0, 2, 0, 1, 3, 0, 1, 3, 1, 0, 0, 0, 1, 3, 0, 0, 1, 0, 2, 0, 0, 0, 0, 0, 1, 0, 1, 0, 1, 1, 0, 2, 0, 0, 0, 0, 0, 0, 0, 2, 0, 0, 1, 0, 0, 1, 0, 0, 3, 0, 0, 1, 0, 0, 0, 0, 0, 0, 2, 0, 3, 2, 1, 3, 0, 0, 0, 1, 0, 0],838.0858887121581,52145.01293281826,108083.60693758915,false
37,G2_TEC,G2_TEC,[31, 22, 82, 15, 26, 9, 95, 42, 77, 68, 47, 5, 93, 78, 86, 54, 85, 63, 18, 44, 20, 49, 36, 14, 74, 50, 53, 17, 21, 28, 11, 64, 3, 23, 30, 83, 24, 41, 40, 52, 65, 27, 90, 70, 39, 87, 48, 69, 99, 4, 75, 1, 13, 58, 97, 59, 45, 8, 73, 37, 35, 79, 71, 66, 76, 32, 60, 80, 56, 6, 67, 61, 33, 7, 57, 34, 12, 16, 10, 98, 96, 88, 43, 46, 91, 38, 84, 92, 29, 19, 51, 55, 81, 89, 25, 72, 94, 2, 0, 62]|[2, 1, 2, 1, 1, 2, 1, 1, 1, 1, 1, 0, 2, 2, 1, 2, 0, 0, 0, 2, 2, 1, 0, 2, 0, 2, 2, 1, 0, 1, 1, 1, 0, 0, 1, 0, 2, 1, 2, 2, 0, 0, 1, 1, 0, 2, 0, 2, 1, 0, 0, 2, 0, 0, 2, 0, 1, 1, 0, 0, 2, 1, 1, 2, 2, 0, 2, 2, 2, 1, 2, 1, 1, 2, 0, 1, 1, 2, 1, 2, 0, 1, 1, 0, 1, 0, 0, 0, 1, 1, 1, 0, 1, 1, 1, 1, 2, 2, 0, 1]|[0, 3, 0, 3, 4, 1, 4, 4, 2, 4, 3, 2, 1, 0, 2, 1, 1, 1, 2, 1, 1, 3, 0, 1, 0, 1, 1, 4, 1, 4, 3, 2, 2, 0, 4, 1, 1, 4, 1, 1, 2, 1, 4, 4, 1, 1, 0, 2, 3, 2, 2, 1, 2, 1, 1, 2, 4, 3, 0, 2, 2, 3, 3, 1, 1, 2, 1, 1, 1, 4, 1, 3, 4, 1, 2, 4, 3, 1, 3, 1, 2, 4, 4, 2, 3, 2, 2, 2, 3, 4, 3, 2, 4, 4, 4, 4, 1, 1, 2, 3]|[0, 2, 0, 0, 3, 0, 1, 3, 0, 0, 2, 0, 1, 0, 1, 0, 0, 0, 1, 0, 0, 2, 0, 0, 1, 0, 0, 3, 0, 1, 0, 2, 0, 0, 3, 0, 1, 1, 0, 0, 0, 0, 1, 3, 0, 0, 1, 0, 2, 0, 0, 0, 0, 0, 1, 0, 1, 0, 1, 1, 0, 2, 0, 0, 0, 0, 0, 0, 0, 2, 0, 0, 1, 0, 0, 1, 0, 0, 3, 0, 0, 1, 2, 0, 0, 0, 0, 0, 3, 1, 0, 0, 2, 1, 3, 1, 0, 0, 0, 0],908.8272556494078,49235.066718390466,107289.32240407266,false
37,G3_TWC,G3_TWC,[31, 22, 82, 15, 26, 58, 95, 42, 77, 12, 47, 5, 93, 78, 98, 54, 85, 63, 18, 44, 20, 35, 43, 97, 91, 76, 10, 30, 21, 45, 71, 64, 1, 23, 17, 83, 24, 14, 60, 36, 6, 57, 94, 88, 65, 56, 79, 40, 67, 68, 46, 75, 39, 9, 19, 32, 81, 96, 27, 62, 87, 90, 99, 59, 11, 16, 72, 73, 70, 38, 37, 84, 3, 92, 25, 55, 28, 29, 51, 7, 33, 61, 86, 48, 89, 50, 69, 41, 53, 80, 4, 8, 34, 49, 52, 0, 13, 2, 66, 74]|[1, 1, 0, 1, 1, 1, 2, 1, 2, 1, 2, 2, 2, 1, 1, 0, 0, 1, 0, 2, 2, 0, 1, 2, 0, 1, 2, 2, 0, 0, 1, 2, 1, 2, 1, 0, 2, 0, 1, 1, 0, 1, 1, 1, 0, 2, 1, 1, 0, 0, 0, 0, 1, 1, 2, 1, 2, 0, 0, 0, 2, 1, 0, 1, 2, 1, 2, 1, 1, 1, 1, 1, 2, 0, 1, 1, 0, 0, 0, 1, 2, 1, 0, 0, 1, 0, 1, 0, 0, 0, 0, 1, 2, 0, 1, 0, 0, 0, 2, 2]|[4, 3, 2, 2, 0, 0, 2, 2, 2, 4, 1, 1, 2, 4, 4, 1, 1, 4, 2, 1, 1, 1, 1, 2, 1, 2, 1, 1, 1, 1, 3, 2, 3, 0, 4, 0, 1, 1, 0, 3, 2, 2, 4, 0, 1, 1, 0, 2, 0, 1, 2, 2, 1, 4, 0, 3, 2, 1, 1, 2, 1, 3, 1, 1, 1, 3, 0, 4, 3, 1, 4, 1, 1, 2, 4, 4, 2, 1, 1, 3, 1, 3, 1, 1, 1, 1, 3, 1, 2, 1, 2, 3, 1, 1, 1, 2, 2, 2, 1, 1]|[0, 2, 1, 1, 3, 3, 0, 1, 0, 0, 0, 0, 1, 0, 1, 0, 0, 3, 1, 0, 0, 0, 3, 1, 0, 2, 0, 0, 0, 1, 0, 0, 0, 0, 3, 0, 1, 0, 0, 2, 1, 1, 2, 0, 0, 0, 0, 1, 1, 0, 0, 0, 1, 3, 0, 0, 1, 0, 0, 1, 0, 2, 0, 1, 0, 2, 1, 0, 0, 1, 1, 3, 0, 1, 3, 3, 1, 0, 0, 2, 0, 0, 0, 0, 1, 0, 0, 0, 1, 0, 1, 2, 0, 1, 1, 0, 0, 0, 0, 0],790.0799945868791,57951.42221290124,88960.86369927591,false
37,G1_CMAX,G1_CMAX,[31, 22, 82, 15, 26, 99, 95, 42, 77, 12, 47, 5, 93, 78, 86, 54, 21, 63, 18, 44, 20, 35, 43, 97, 91, 76, 10, 30, 85, 45, 71, 64, 1, 23, 17, 83, 24, 14, 60, 36, 6, 57, 40, 88, 65, 56, 79, 94, 67, 68, 46, 75, 38, 9, 19, 32, 41, 81, 27, 87, 90, 58, 59, 11, 16, 72, 73, 70, 39, 37, 84, 3, 92, 25, 55, 48, 62, 29, 51, 96, 33, 61, 98, 66, 89, 50, 4, 7, 53, 80, 8, 28, 34, 49, 52, 0, 74, 69, 2, 13]|[1, 1, 0, 1, 1, 0, 1, 1, 2, 1, 2, 2, 2, 1, 1, 0, 0, 1, 0, 2, 2, 0, 1, 2, 0, 1, 2, 2, 0, 0, 1, 2, 1, 2, 1, 0, 2, 0, 1, 1, 0, 1, 1, 1, 0, 2, 1, 1, 0, 0, 0, 0, 1, 1, 2, 1, 0, 2, 0, 2, 1, 0, 1, 2, 1, 2, 1, 1, 1, 1, 1, 1, 0, 1, 2, 0, 0, 0, 2, 2, 2, 1, 2, 2, 1, 0, 1, 2, 0, 0, 1, 0, 2, 0, 1, 0, 2, 1, 0, 0]|[0, 3, 2, 2, 4, 1, 2, 3, 2, 4, 1, 1, 2, 4, 4, 1, 1, 4, 2, 1, 1, 1, 1, 2, 1, 2, 1, 1, 2, 1, 3, 2, 3, 1, 4, 0, 1, 1, 0, 3, 2, 2, 2, 0, 1, 1, 0, 4, 0, 1, 2, 2, 1, 4, 0, 3, 1, 1, 1, 1, 3, 1, 1, 1, 3, 0, 4, 3, 1, 4, 1, 1, 2, 4, 1, 1, 2, 1, 2, 1, 1, 3, 1, 1, 1, 1, 4, 1, 2, 1, 3, 2, 1, 1, 1, 2, 1, 4, 2, 2]|[0, 2, 1, 1, 3, 0, 1, 3, 0, 0, 0, 0, 1, 0, 1, 0, 0, 3, 1, 0, 0, 0, 3, 1, 0, 2, 0, 0, 0, 1, 0, 0, 0, 0, 3, 0, 1, 0, 0, 2, 1, 1, 1, 0, 0, 0, 0, 2, 1, 0, 0, 0, 1, 3, 0, 0, 0, 0, 0, 0, 2, 0, 1, 0, 2, 1, 0, 0, 1, 1, 3, 1, 1, 3, 0, 0, 1, 0, 1, 0, 0, 0, 0, 0, 1, 0, 0, 0, 1, 0, 2, 1, 0, 1, 1, 0, 0, 2, 0, 0],726.9061273463456,57380.066446172044,92884.00290204745,false
37,G4_BALANCED,G3_TWC,[31, 22, 82, 15, 26, 58, 95, 42, 77, 12, 47, 5, 93, 78, 98, 54, 85, 63, 18, 44, 20, 35, 43, 97, 91, 76, 10, 30, 21, 45, 71, 64, 1, 23, 17, 83, 24, 14, 60, 36, 6, 57, 94, 88, 65, 56, 79, 40, 67, 68, 46, 75, 38, 9, 19, 32, 81, 41, 27, 62, 87, 90, 99, 59, 11, 16, 73, 72, 70, 39, 37, 84, 3, 92, 25, 52, 28, 29, 51, 7, 33, 61, 86, 48, 89, 50, 4, 96, 53, 80, 66, 8, 34, 49, 55, 0, 13, 2, 69, 74]|[1, 1, 0, 1, 1, 1, 2, 1, 2, 1, 2, 2, 2, 1, 1, 0, 0, 1, 0, 2, 2, 0, 0, 2, 0, 1, 2, 2, 0, 0, 1, 2, 1, 2, 1, 0, 2, 0, 1, 1, 0, 1, 1, 1, 0, 2, 1, 1, 0, 0, 0, 0, 1, 1, 2, 1, 2, 0, 0, 0, 2, 1, 0, 2, 2, 1, 1, 2, 1, 1, 1, 1, 2, 0, 1, 1, 0, 0, 0, 1, 2, 1, 0, 0, 1, 0, 0, 0, 0, 0, 0, 1, 2, 0, 1, 0, 0, 0, 1, 2]|[4, 3, 2, 2, 0, 0, 2, 2, 2, 4, 1, 1, 2, 4, 4, 1, 2, 4, 2, 1, 1, 1, 1, 2, 1, 2, 1, 1, 1, 1, 3, 1, 3, 0, 4, 0, 1, 1, 0, 3, 2, 2, 4, 0, 1, 1, 0, 2, 0, 1, 2, 2, 1, 4, 0, 3, 2, 1, 1, 2, 1, 3, 1, 1, 1, 3, 4, 0, 3, 1, 4, 1, 1, 2, 4, 1, 2, 1, 1, 3, 1, 3, 1, 1, 1, 1, 2, 1, 2, 1, 1, 3, 1, 1, 4, 2, 2, 2, 3, 1]|[0, 2, 1, 1, 3, 3, 0, 1, 0, 0, 0, 0, 1, 0, 1, 0, 0, 3, 1, 0, 0, 0, 0, 1, 0, 2, 0, 0, 0, 1, 0, 0, 0, 0, 3, 0, 1, 0, 0, 2, 1, 1, 2, 0, 0, 0, 0, 1, 1, 0, 0, 0, 1, 3, 0, 0, 1, 0, 0, 1, 0, 2, 0, 0, 0, 2, 0, 1, 0, 1, 1, 3, 0, 1, 3, 1, 1, 0, 0, 2, 0, 0, 0, 0, 1, 0, 1, 0, 1, 0, 0, 2, 0, 1, 3, 0, 0, 0, 0, 0],836.877480839539,57407.924574562356,89637.88987542666,true
37,G2_TEC,G2_TEC,[31, 22, 82, 15, 26, 9, 95, 42, 77, 68, 47, 5, 93, 78, 86, 54, 85, 63, 18, 44, 20, 49, 36, 14, 74, 50, 53, 17, 21, 28, 11, 64, 3, 23, 30, 83, 24, 41, 40, 52, 65, 27, 90, 70, 39, 87, 48, 69, 99, 4, 75, 1, 13, 58, 97, 59, 45, 8, 73, 37, 35, 79, 71, 66, 76, 32, 60, 80, 56, 6, 67, 61, 33, 7, 57, 34, 12, 16, 10, 98, 96, 88, 43, 46, 91, 38, 84, 92, 29, 19, 51, 55, 81, 89, 25, 72, 94, 2, 0, 62]|[2, 1, 2, 1, 1, 2, 1, 1, 1, 1, 1, 0, 2, 2, 1, 2, 0, 0, 0, 2, 2, 1, 0, 2, 0, 2, 2, 1, 0, 1, 1, 1, 0, 0, 1, 0, 2, 1, 2, 2, 0, 0, 1, 1, 0, 2, 0, 2, 1, 0, 0, 2, 0, 0, 2, 0, 1, 1, 0, 0, 2, 1, 1, 2, 2, 0, 2, 2, 2, 1, 2, 1, 1, 2, 0, 1, 1, 2, 1, 2, 0, 1, 1, 0, 1, 0, 0, 0, 1, 1, 1, 0, 1, 1, 1, 1, 2, 2, 0, 1]|[0, 3, 0, 3, 4, 1, 4, 4, 2, 4, 3, 2, 1, 0, 2, 1, 1, 1, 2, 1, 1, 3, 0, 1, 0, 1, 1, 4, 1, 4, 3, 2, 2, 0, 4, 1, 1, 4, 1, 1, 2, 1, 4, 4, 1, 1, 0, 2, 3, 2, 2, 1, 2, 1, 1, 2, 4, 3, 0, 2, 2, 3, 3, 1, 1, 2, 1, 1, 1, 4, 1, 3, 4, 1, 2, 4, 3, 1, 3, 1, 2, 4, 4, 2, 3, 2, 2, 2, 3, 4, 3, 2, 4, 4, 4, 4, 1, 1, 2, 3]|[0, 2, 0, 0, 3, 0, 1, 3, 0, 0, 2, 0, 1, 0, 1, 0, 0, 0, 1, 0, 0, 2, 0, 0, 1, 0, 0, 3, 0, 1, 0, 2, 0, 0, 3, 0, 1, 1, 0, 0, 0, 0, 1, 3, 0, 0, 1, 0, 2, 0, 0, 0, 0, 0, 1, 0, 1, 0, 1, 1, 0, 2, 0, 0, 0, 0, 0, 0, 0, 2, 0, 0, 1, 0, 0, 1, 0, 0, 3, 0, 0, 1, 2, 0, 0, 0, 0, 0, 3, 1, 0, 0, 2, 1, 3, 1, 0, 0, 0, 0],908.8272556494078,49235.066718390466,107289.32240407266,false
37,G3_TWC,G3_TWC,[31, 22, 82, 15, 26, 58, 95, 42, 77, 12, 47, 5, 93, 78, 98, 54, 85, 63, 18, 44, 20, 35, 43, 97, 91, 76, 10, 30, 21, 45, 71, 64, 1, 23, 17, 83, 24, 14, 60, 36, 6, 57, 94, 88, 65, 56, 79, 40, 67, 68, 46, 75, 39, 9, 19, 32, 81, 96, 27, 62, 87, 90, 99, 59, 11, 16, 72, 73, 70, 38, 37, 84, 3, 92, 25, 55, 28, 29, 51, 7, 33, 61, 86, 48, 89, 50, 69, 41, 53, 80, 4, 8, 34, 49, 52, 0, 13, 2, 66, 74]|[1, 1, 0, 1, 1, 1, 2, 1, 2, 1, 2, 2, 2, 1, 1, 0, 0, 1, 0, 2, 2, 0, 1, 2, 0, 1, 2, 2, 0, 0, 1, 2, 1, 2, 1, 0, 2, 0, 1, 1, 0, 1, 1, 1, 0, 2, 1, 1, 0, 0, 0, 0, 1, 1, 2, 1, 2, 0, 0, 0, 2, 1, 0, 1, 2, 1, 2, 1, 1, 1, 1, 1, 2, 0, 1, 1, 0, 0, 0, 1, 2, 1, 0, 0, 1, 0, 1, 0, 0, 0, 0, 1, 2, 0, 1, 0, 0, 0, 2, 2]|[4, 3, 2, 2, 0, 0, 2, 2, 2, 4, 1, 1, 2, 4, 4, 1, 1, 4, 2, 1, 1, 1, 1, 2, 1, 2, 1, 1, 1, 1, 3, 2, 3, 0, 4, 0, 1, 1, 0, 3, 2, 2, 4, 0, 1, 1, 0, 2, 0, 1, 2, 2, 1, 4, 0, 3, 2, 1, 1, 2, 1, 3, 1, 1, 1, 3, 0, 4, 3, 1, 4, 1, 1, 2, 4, 4, 2, 1, 1, 3, 1, 3, 1, 1, 1, 1, 3, 1, 2, 1, 2, 3, 1, 1, 1, 2, 2, 2, 1, 1]|[0, 2, 1, 1, 3, 3, 0, 1, 0, 0, 0, 0, 1, 0, 1, 0, 0, 3, 1, 0, 0, 0, 3, 1, 0, 2, 0, 0, 0, 1, 0, 0, 0, 0, 3, 0, 1, 0, 0, 2, 1, 1, 2, 0, 0, 0, 0, 1, 1, 0, 0, 0, 1, 3, 0, 0, 1, 0, 0, 1, 0, 2, 0, 1, 0, 2, 1, 0, 0, 1, 1, 3, 0, 1, 3, 3, 1, 0, 0, 2, 0, 0, 0, 0, 1, 0, 0, 0, 1, 0, 1, 2, 0, 1, 1, 0, 0, 0, 0, 0],790.0799945868791,57951.42221290124,88960.86369927591,false
37,G1_CMAX,G1_CMAX,[31, 22, 82, 15, 26, 58, 95, 42, 77, 12, 93, 5, 47, 78, 86, 21, 63, 18, 44, 20, 35, 43, 97, 91, 76, 10, 30, 85, 45, 71, 64, 23, 17, 83, 24, 14, 60, 25, 6, 54, 40, 88, 65, 56, 79, 57, 69, 67, 46, 75, 38, 99, 19, 32, 41, 81, 27, 87, 90, 9, 59, 11, 16, 72, 73, 70, 39, 37, 84, 1, 3, 92, 36, 55, 48, 68, 96, 29, 51, 62, 33, 61, 98, 66, 89, 50, 4, 7, 53, 80, 94, 28, 34, 49, 52, 0, 74, 8, 2, 13]|[1, 1, 0, 1, 1, 0, 1, 1, 2, 1, 2, 2, 2, 1, 1, 0, 1, 0, 2, 2, 0, 1, 2, 0, 1, 2, 2, 2, 0, 1, 2, 2, 1, 0, 2, 0, 1, 1, 0, 0, 1, 1, 0, 2, 1, 1, 1, 0, 0, 0, 1, 1, 2, 1, 2, 2, 0, 2, 1, 0, 1, 2, 1, 2, 1, 1, 1, 1, 1, 1, 1, 0, 1, 1, 0, 0, 2, 0, 0, 0, 2, 1, 2, 2, 1, 0, 1, 0, 0, 0, 1, 0, 2, 0, 1, 0, 2, 1, 0, 0]|[0, 3, 2, 2, 4, 1, 2, 3, 2, 4, 2, 1, 1, 4, 4, 1, 4, 2, 1, 1, 1, 1, 2, 1, 2, 1, 1, 2, 1, 3, 2, 0, 4, 0, 1, 1, 0, 3, 2, 1, 2, 0, 1, 1, 0, 2, 4, 0, 2, 2, 1, 4, 0, 3, 2, 1, 1, 1, 3, 1, 1, 1, 3, 0, 4, 3, 1, 4, 1, 3, 1, 0, 4, 2, 1, 1, 1, 1, 1, 2, 1, 3, 1, 1, 1, 1, 4, 0, 2, 1, 3, 2, 1, 1, 1, 2, 1, 4, 2, 2]|[0, 2, 1, 1, 3, 0, 1, 3, 0, 0, 0, 0, 0, 0, 1, 0, 3, 1, 0, 0, 0, 3, 1, 0, 2, 0, 0, 1, 1, 0, 0, 0, 3, 0, 1, 0, 0, 2, 1, 0, 1, 0, 0, 0, 0, 1, 2, 1, 0, 0, 1, 3, 0, 0, 1, 0, 0, 0, 2, 0, 1, 0, 2, 1, 0, 0, 1, 1, 3, 0, 1, 1, 3, 3, 0, 0, 0, 0, 0, 1, 0, 0, 0, 0, 1, 0, 0, 0, 1, 0, 2, 1, 0, 1, 1, 0, 0, 2, 0, 0],717.7746778690674,58051.11429889491,97947.81742761745,false
37,G4_BALANCED,G3_TWC,[31, 22, 82, 15, 26, 58, 95, 42, 77, 12, 47, 5, 93, 78, 98, 54, 85, 63, 18, 44, 20, 35, 43, 97, 91, 76, 10, 30, 21, 45, 71, 64, 1, 23, 17, 13, 24, 14, 60, 36, 6, 57, 94, 88, 65, 56, 79, 40, 67, 68, 46, 75, 38, 9, 19, 32, 81, 41, 27, 62, 87, 90, 99, 59, 11, 16, 72, 73, 70, 39, 37, 84, 3, 92, 25, 55, 28, 29, 51, 7, 33, 61, 86, 66, 89, 50, 48, 96, 53, 80, 4, 8, 34, 2, 52, 49, 83, 0, 69, 74]|[1, 1, 0, 1, 1, 1, 2, 1, 2, 1, 2, 2, 2, 1, 1, 0, 0, 1, 0, 2, 2, 0, 1, 2, 0, 1, 2, 2, 0, 0, 1, 2, 1, 2, 1, 0, 2, 0, 1, 1, 0, 1, 1, 1, 0, 2, 1, 1, 0, 0, 0, 0, 1, 1, 2, 1, 2, 0, 0, 0, 2, 1, 0, 1, 2, 1, 2, 1, 1, 1, 1, 1, 1, 0, 1, 1, 0, 0, 0, 1, 2, 1, 0, 2, 1, 0, 0, 0, 0, 0, 0, 1, 2, 0, 1, 0, 0, 0, 1, 2]|[4, 3, 2, 2, 0, 0, 2, 2, 2, 4, 1, 1, 2, 4, 4, 1, 2, 4, 2, 1, 1, 1, 1, 2, 1, 2, 1, 1, 1, 1, 3, 2, 3, 0, 4, 2, 1, 1, 0, 3, 2, 2, 4, 0, 1, 1, 0, 2, 0, 1, 2, 2, 1, 4, 0, 3, 2, 1, 1, 2, 1, 3, 1, 1, 1, 3, 0, 4, 3, 1, 4, 1, 1, 2, 4, 4, 2, 1, 1, 3, 1, 3, 1, 1, 1, 1, 1, 1, 2, 1, 2, 3, 1, 2, 1, 1, 2, 2, 3, 1]|[0, 2, 1, 1, 3, 3, 0, 1, 0, 0, 0, 0, 1, 0, 1, 0, 0, 3, 1, 0, 0, 0, 3, 1, 0, 2, 0, 0, 0, 1, 0, 0, 0, 0, 3, 0, 1, 0, 0, 2, 1, 1, 2, 0, 0, 0, 0, 1, 1, 0, 0, 0, 1, 3, 0, 0, 1, 0, 0, 1, 0, 2, 0, 1, 0, 2, 1, 0, 0, 1, 1, 3, 1, 1, 3, 3, 1, 0, 0, 2, 0, 0, 0, 0, 1, 0, 0, 0, 1, 0, 1, 2, 0, 0, 1, 1, 0, 0, 0, 0],811.9845383807663,57728.67027821423,89513.44702377252,true
37,G2_TEC,G2_TEC,[31, 22, 82, 15, 26, 9, 95, 42, 77, 68, 47, 5, 93, 78, 86, 54, 85, 63, 18, 44, 20, 49, 36, 14, 74, 50, 53, 17, 21, 28, 11, 64, 3, 23, 30, 83, 24, 41, 40, 52, 65, 27, 90, 70, 39, 87, 48, 69, 99, 4, 75, 1, 13, 58, 97, 59, 45, 8, 73, 37, 35, 79, 71, 66, 76, 32, 60, 80, 56, 6, 67, 61, 33, 7, 57, 34, 12, 16, 10, 98, 96, 88, 43, 46, 91, 38, 84, 92, 29, 19, 51, 55, 81, 89, 25, 72, 94, 2, 0, 62]|[2, 1, 2, 1, 1, 2, 1, 1, 1, 1, 1, 0, 2, 2, 1, 2, 0, 0, 0, 2, 2, 1, 0, 2, 0, 2, 2, 1, 0, 1, 1, 1, 0, 0, 1, 0, 2, 1, 2, 2, 0, 0, 1, 1, 0, 2, 0, 2, 1, 0, 0, 2, 0, 0, 2, 0, 1, 1, 0, 0, 2, 1, 1, 2, 2, 0, 2, 2, 2, 1, 2, 1, 1, 2, 0, 1, 1, 2, 1, 2, 0, 1, 1, 0, 1, 0, 0, 0, 1, 1, 1, 0, 1, 1, 1, 1, 2, 2, 0, 1]|[0, 3, 0, 3, 4, 1, 4, 4, 2, 4, 3, 2, 1, 0, 2, 1, 1, 1, 2, 1, 1, 3, 0, 1, 0, 1, 1, 4, 1, 4, 3, 2, 2, 0, 4, 1, 1, 4, 1, 1, 2, 1, 4, 4, 1, 1, 0, 2, 3, 2, 2, 1, 2, 1, 1, 2, 4, 3, 0, 2, 2, 3, 3, 1, 1, 2, 1, 1, 1, 4, 1, 3, 4, 1, 2, 4, 3, 1, 3, 1, 2, 4, 4, 2, 3, 2, 2, 2, 3, 4, 3, 2, 4, 4, 4, 4, 1, 1, 2, 3]|[0, 2, 0, 0, 3, 0, 1, 3, 0, 0, 2, 0, 1, 0, 1, 0, 0, 0, 1, 0, 0, 2, 0, 0, 1, 0, 0, 3, 0, 1, 0, 2, 0, 0, 3, 0, 1, 1, 0, 0, 0, 0, 1, 3, 0, 0, 1, 0, 2, 0, 0, 0, 0, 0, 1, 0, 1, 0, 1, 1, 0, 2, 0, 0, 0, 0, 0, 0, 0, 2, 0, 0, 1, 0, 0, 1, 0, 0, 3, 0, 0, 1, 2, 0, 0, 0, 0, 0, 3, 1, 0, 0, 2, 1, 3, 1, 0, 0, 0, 0],908.8272556494078,49235.066718390466,107289.32240407266,false
37,G3_TWC,G3_TWC,[31, 22, 82, 15, 26, 58, 95, 42, 77, 12, 47, 5, 93, 78, 98, 54, 85, 63, 18, 44, 20, 35, 43, 97, 91, 76, 10, 30, 21, 45, 71, 64, 1, 23, 17, 83, 24, 14, 60, 36, 6, 57, 94, 88, 65, 56, 79, 40, 67, 68, 46, 75, 39, 9, 19, 32, 81, 96, 27, 62, 87, 90, 99, 59, 11, 16, 72, 73, 70, 38, 37, 84, 3, 92, 25, 55, 28, 29, 51, 7, 33, 61, 86, 48, 89, 50, 69, 41, 53, 80, 4, 8, 34, 49, 52, 0, 13, 2, 66, 74]|[1, 1, 0, 1, 1, 1, 2, 1, 2, 1, 2, 2, 2, 1, 1, 0, 0, 1, 0, 2, 2, 0, 1, 2, 0, 1, 2, 2, 0, 0, 1, 2, 1, 2, 1, 0, 2, 0, 1, 1, 0, 1, 1, 1, 0, 2, 1, 1, 0, 0, 0, 0, 1, 1, 2, 1, 2, 0, 0, 0, 2, 1, 0, 1, 2, 1, 2, 1, 1, 1, 1, 1, 2, 0, 1, 1, 0, 0, 0, 1, 2, 1, 0, 0, 1, 0, 1, 0, 0, 0, 0, 1, 2, 0, 1, 0, 0, 0, 2, 2]|[4, 3, 2, 2, 0, 0, 2, 2, 2, 4, 1, 1, 2, 4, 4, 1, 1, 4, 2, 1, 1, 1, 1, 2, 1, 2, 1, 1, 1, 1, 3, 2, 3, 0, 4, 0, 1, 1, 0, 3, 2, 2, 4, 0, 1, 1, 0, 2, 0, 1, 2, 2, 1, 4, 0, 3, 2, 1, 1, 2, 1, 3, 1, 1, 1, 3, 0, 4, 3, 1, 4, 1, 1, 2, 4, 4, 2, 1, 1, 3, 1, 3, 1, 1, 1, 1, 3, 1, 2, 1, 2, 3, 1, 1, 1, 2, 2, 2, 1, 1]|[0, 2, 1, 1, 3, 3, 0, 1, 0, 0, 0, 0, 1, 0, 1, 0, 0, 3, 1, 0, 0, 0, 3, 1, 0, 2, 0, 0, 0, 1, 0, 0, 0, 0, 3, 0, 1, 0, 0, 2, 1, 1, 2, 0, 0, 0, 0, 1, 1, 0, 0, 0, 1, 3, 0, 0, 1, 0, 0, 1, 0, 2, 0, 1, 0, 2, 1, 0, 0, 1, 1, 3, 0, 1, 3, 3, 1, 0, 0, 2, 0, 0, 0, 0, 1, 0, 0, 0, 1, 0, 1, 2, 0, 1, 1, 0, 0, 0, 0, 0],790.0799945868791,57951.42221290124,88960.86369927591,false
37,G1_CMAX,G3_TWC,[31, 22, 82, 15, 26, 58, 95, 42, 77, 12, 47, 5, 93, 78, 98, 54, 85, 63, 18, 44, 20, 35, 43, 97, 91, 76, 10, 30, 21, 45, 71, 64, 1, 23, 17, 83, 24, 14, 60, 36, 6, 57, 94, 88, 65, 56, 79, 40, 67, 68, 46, 75, 38, 9, 19, 32, 81, 41, 27, 62, 87, 90, 99, 59, 11, 16, 72, 73, 70, 39, 37, 84, 3, 92, 25, 55, 28, 29, 51, 7, 33, 61, 86, 48, 89, 50, 4, 96, 53, 80, 66, 8, 34, 49, 52, 0, 13, 2, 69, 74]|[1, 1, 0, 1, 1, 1, 2, 1, 2, 1, 2, 2, 2, 1, 1, 0, 0, 1, 0, 2, 2, 0, 0, 2, 0, 1, 2, 2, 0, 0, 1, 2, 1, 2, 1, 0, 2, 0, 1, 1, 0, 1, 1, 1, 0, 2, 1, 1, 0, 0, 0, 0, 1, 1, 2, 1, 2, 0, 0, 0, 2, 1, 0, 2, 2, 1, 2, 1, 1, 1, 1, 1, 2, 0, 1, 1, 0, 0, 0, 1, 2, 1, 0, 0, 1, 0, 0, 0, 0, 0, 0, 1, 2, 0, 1, 0, 0, 0, 1, 2]|[4, 3, 2, 2, 0, 0, 2, 2, 2, 4, 1, 1, 2, 4, 4, 1, 1, 4, 2, 1, 1, 1, 1, 2, 1, 2, 1, 1, 1, 1, 3, 2, 3, 0, 4, 0, 1, 1, 0, 3, 2, 2, 4, 0, 1, 1, 0, 2, 0, 1, 2, 2, 1, 4, 0, 3, 2, 1, 1, 2, 1, 3, 1, 1, 1, 3, 0, 4, 3, 1, 4, 1, 1, 2, 4, 4, 2, 1, 1, 3, 1, 3, 1, 1, 1, 1, 2, 1, 2, 1, 1, 3, 1, 1, 1, 2, 2, 2, 3, 1]|[0, 2, 1, 1, 3, 3, 0, 1, 0, 0, 0, 0, 1, 0, 1, 0, 0, 3, 1, 0, 0, 0, 0, 1, 0, 2, 0, 0, 0, 1, 0, 0, 0, 0, 3, 0, 1, 0, 0, 2, 1, 1, 2, 0, 0, 0, 0, 1, 1, 0, 0, 0, 1, 3, 0, 0, 1, 0, 0, 1, 0, 2, 0, 0, 0, 2, 1, 0, 0, 1, 1, 3, 0, 1, 3, 3, 1, 0, 0, 2, 0, 0, 0, 0, 1, 0, 1, 0, 1, 0, 0, 2, 0, 1, 1, 0, 0, 0, 0, 0],824.3830344786442,57612.977619865575,89202.65349099987,true
37,G4_BALANCED,G4_BALANCED,[31, 22, 82, 15, 26, 9, 95, 42, 77, 68, 47, 5, 93, 78, 86, 54, 85, 63, 18, 44, 20, 49, 36, 14, 74, 50, 53, 17, 21, 28, 11, 64, 3, 23, 30, 83, 24, 41, 40, 52, 65, 27, 90, 70, 39, 87, 48, 69, 99, 4, 46, 1, 13, 58, 19, 59, 45, 8, 73, 37, 35, 79, 71, 66, 76, 32, 60, 80, 56, 6, 67, 61, 33, 7, 57, 34, 12, 16, 10, 98, 96, 88, 43, 75, 91, 38, 84, 92, 29, 97, 51, 55, 81, 89, 25, 72, 94, 2, 0, 62]|[2, 1, 2, 1, 1, 0, 1, 1, 1, 1, 1, 0, 2, 2, 1, 2, 0, 0, 0, 2, 2, 1, 0, 2, 0, 2, 2, 1, 0, 1, 1, 1, 0, 0, 1, 0, 2, 1, 2, 2, 0, 0, 1, 1, 0, 2, 0, 2, 1, 0, 0, 2, 0, 0, 2, 0, 1, 1, 0, 0, 2, 1, 1, 2, 2, 0, 2, 2, 2, 1, 2, 1, 1, 2, 0, 1, 1, 2, 1, 2, 0, 1, 1, 0, 1, 0, 0, 0, 1, 1, 1, 0, 1, 1, 1, 1, 2, 2, 0, 1]|[0, 3, 0, 3, 4, 1, 4, 4, 2, 4, 3, 2, 1, 0, 2, 1, 1, 1, 2, 1, 1, 3, 0, 1, 0, 1, 1, 4, 1, 4, 3, 2, 2, 0, 4, 1, 1, 4, 1, 1, 2, 1, 4, 4, 1, 1, 0, 2, 3, 2, 2, 1, 2, 1, 1, 2, 4, 3, 0, 2, 2, 3, 3, 1, 1, 2, 1, 1, 1, 4, 1, 3, 4, 1, 2, 4, 3, 1, 3, 1, 2, 4, 4, 2, 3, 2, 2, 2, 3, 4, 3, 2, 4, 4, 4, 4, 1, 1, 2, 3]|[0, 2, 0, 0, 3, 0, 1, 3, 0, 0, 2, 0, 1, 0, 1, 0, 0, 0, 1, 0, 0, 2, 0, 0, 1, 0, 0, 3, 0, 1, 0, 2, 0, 0, 3, 0, 1, 1, 0, 0, 0, 0, 1, 3, 0, 0, 1, 0, 2, 0, 0, 0, 0, 0, 1, 0, 1, 0, 1, 1, 0, 2, 0, 0, 0, 0, 0, 0, 0, 2, 0, 0, 1, 0, 0, 1, 0, 0, 3, 0, 0, 1, 2, 0, 0, 0, 0, 0, 3, 1, 0, 0, 2, 1, 3, 1, 0, 0, 0, 0],920.1849049908361,49505.9112889671,105404.67717899394,false
37,G2_TEC,G2_TEC,[31, 22, 82, 15, 26, 9, 95, 42, 77, 68, 47, 5, 93, 78, 86, 54, 85, 63, 18, 44, 20, 49, 36, 14, 74, 50, 53, 17, 21, 28, 11, 64, 3, 23, 30, 83, 24, 41, 40, 52, 65, 27, 90, 70, 39, 87, 48, 69, 99, 4, 75, 1, 13, 58, 97, 59, 45, 8, 73, 37, 35, 79, 71, 66, 76, 32, 60, 80, 56, 6, 67, 61, 33, 7, 57, 34, 12, 16, 10, 98, 96, 88, 43, 46, 91, 38, 84, 92, 29, 19, 51, 55, 81, 89, 25, 72, 94, 2, 0, 62]|[2, 1, 2, 1, 1, 2, 1, 1, 1, 1, 1, 0, 2, 2, 1, 2, 0, 0, 0, 2, 2, 1, 0, 2, 0, 2, 2, 1, 0, 1, 1, 1, 0, 0, 1, 0, 2, 1, 2, 2, 0, 0, 1, 1, 0, 2, 0, 2, 1, 0, 0, 2, 0, 0, 2, 0, 1, 1, 0, 0, 2, 1, 1, 2, 2, 0, 2, 2, 2, 1, 2, 1, 1, 2, 0, 1, 1, 2, 1, 2, 0, 1, 1, 0, 1, 0, 0, 0, 1, 1, 1, 0, 1, 1, 1, 1, 2, 2, 0, 1]|[0, 3, 0, 3, 4, 1, 4, 4, 2, 4, 3, 2, 1, 0, 2, 1, 1, 1, 2, 1, 1, 3, 0, 1, 0, 1, 1, 4, 1, 4, 3, 2, 2, 0, 4, 1, 1, 4, 1, 1, 2, 1, 4, 4, 1, 1, 0, 2, 3, 2, 2, 1, 2, 1, 1, 2, 4, 3, 0, 2, 2, 3, 3, 1, 1, 2, 1, 1, 1, 4, 1, 3, 4, 1, 2, 4, 3, 1, 3, 1, 2, 4, 4, 2, 3, 2, 2, 2, 3, 4, 3, 2, 4, 4, 4, 4, 1, 1, 2, 3]|[0, 2, 0, 0, 3, 0, 1, 3, 0, 0, 2, 0, 1, 0, 1, 0, 0, 0, 1, 0, 0, 2, 0, 0, 1, 0, 0, 3, 0, 1, 0, 2, 0, 0, 3, 0, 1, 1, 0, 0, 0, 0, 1, 3, 0, 0, 1, 0, 2, 0, 0, 0, 0, 0, 1, 0, 1, 0, 1, 1, 0, 2, 0, 0, 0, 0, 0, 0, 0, 2, 0, 0, 1, 0, 0, 1, 0, 0, 3, 0, 0, 1, 2, 0, 0, 0, 0, 0, 3, 1, 0, 0, 2, 1, 3, 1, 0, 0, 0, 0],908.8272556494078,49235.066718390466,107289.32240407266,false
37,G3_TWC,G3_TWC,[31, 22, 82, 15, 26, 58, 95, 42, 77, 12, 47, 5, 93, 78, 98, 54, 85, 63, 18, 44, 20, 35, 43, 97, 91, 76, 10, 30, 21, 45, 71, 64, 1, 23, 17, 83, 24, 14, 60, 36, 6, 57, 94, 88, 65, 56, 79, 40, 67, 68, 46, 75, 39, 9, 19, 32, 81, 96, 27, 62, 87, 90, 99, 59, 11, 16, 72, 73, 70, 38, 37, 84, 3, 92, 25, 55, 28, 29, 51, 7, 33, 61, 86, 48, 89, 50, 69, 41, 53, 80, 4, 8, 34, 49, 52, 0, 13, 2, 66, 74]|[1, 1, 0, 1, 1, 1, 2, 1, 2, 1, 2, 2, 2, 1, 1, 0, 0, 1, 0, 2, 2, 0, 1, 2, 0, 1, 2, 2, 0, 0, 1, 2, 1, 2, 1, 0, 2, 0, 1, 1, 0, 1, 1, 1, 0, 2, 1, 1, 0, 0, 0, 0, 1, 1, 2, 1, 2, 0, 0, 0, 2, 1, 0, 1, 2, 1, 2, 1, 1, 1, 1, 1, 2, 0, 1, 1, 0, 0, 0, 1, 2, 1, 0, 0, 1, 0, 1, 0, 0, 0, 0, 1, 2, 0, 1, 0, 0, 0, 2, 2]|[4, 3, 2, 2, 0, 0, 2, 2, 2, 4, 1, 1, 2, 4, 4, 1, 1, 4, 2, 1, 1, 1, 1, 2, 1, 2, 1, 1, 1, 1, 3, 2, 3, 0, 4, 0, 1, 1, 0, 3, 2, 2, 4, 0, 1, 1, 0, 2, 0, 1, 2, 2, 1, 4, 0, 3, 2, 1, 1, 2, 1, 3, 1, 1, 1, 3, 0, 4, 3, 1, 4, 1, 1, 2, 4, 4, 2, 1, 1, 3, 1, 3, 1, 1, 1, 1, 3, 1, 2, 1, 2, 3, 1, 1, 1, 2, 2, 2, 1, 1]|[0, 2, 1, 1, 3, 3, 0, 1, 0, 0, 0, 0, 1, 0, 1, 0, 0, 3, 1, 0, 0, 0, 3, 1, 0, 2, 0, 0, 0, 1, 0, 0, 0, 0, 3, 0, 1, 0, 0, 2, 1, 1, 2, 0, 0, 0, 0, 1, 1, 0, 0, 0, 1, 3, 0, 0, 1, 0, 0, 1, 0, 2, 0, 1, 0, 2, 1, 0, 0, 1, 1, 3, 0, 1, 3, 3, 1, 0, 0, 2, 0, 0, 0, 0, 1, 0, 0, 0, 1, 0, 1, 2, 0, 1, 1, 0, 0, 0, 0, 0],790.0799945868791,57951.42221290124,88960.86369927591,false
37,G1_CMAX,G1_CMAX,[31, 22, 82, 15, 26, 99, 95, 42, 77, 12, 47, 5, 93, 78, 86, 54, 21, 63, 18, 44, 20, 35, 43, 97, 91, 76, 10, 30, 85, 45, 71, 64, 1, 23, 17, 83, 24, 14, 60, 36, 6, 57, 40, 88, 65, 56, 79, 94, 67, 68, 46, 75, 38, 9, 19, 33, 81, 41, 27, 62, 87, 90, 58, 59, 11, 72, 73, 70, 39, 37, 84, 3, 92, 25, 55, 48, 16, 29, 51, 7, 32, 61, 98, 66, 89, 50, 4, 96, 53, 80, 8, 28, 34, 49, 52, 0, 74, 69, 2, 13]|[1, 1, 0, 1, 1, 0, 1, 1, 2, 1, 2, 2, 2, 1, 1, 0, 0, 1, 0, 2, 2, 0, 1, 2, 0, 1, 2, 2, 0, 0, 1, 2, 1, 2, 1, 0, 2, 0, 1, 1, 0, 1, 1, 1, 0, 2, 1, 1, 0, 0, 0, 0, 1, 1, 2, 1, 2, 2, 0, 0, 1, 1, 0, 1, 2, 2, 1, 1, 1, 1, 1, 1, 0, 1, 2, 0, 0, 0, 0, 1, 2, 1, 2, 2, 1, 0, 1, 0, 0, 0, 1, 0, 2, 0, 1, 0, 2, 1, 0, 0]|[4, 3, 2, 2, 4, 1, 2, 3, 2, 4, 1, 1, 2, 4, 4, 1, 1, 4, 2, 1, 1, 1, 1, 2, 1, 2, 1, 1, 1, 1, 3, 2, 3, 1, 4, 0, 1, 1, 0, 3, 2, 2, 4, 0, 1, 1, 0, 2, 0, 1, 2, 2, 1, 4, 0, 3, 2, 1, 1, 2, 3, 3, 1, 1, 1, 0, 4, 3, 1, 4, 1, 1, 2, 4, 1, 1, 2, 1, 1, 1, 1, 3, 1, 1, 1, 1, 4, 1, 2, 1, 3, 2, 1, 1, 1, 2, 1, 4, 2, 2]|[0, 2, 1, 1, 3, 0, 1, 3, 0, 0, 0, 0, 1, 0, 1, 0, 0, 3, 1, 0, 0, 0, 3, 1, 0, 2, 0, 0, 0, 1, 0, 0, 0, 0, 3, 0, 1, 0, 0, 2, 1, 1, 2, 0, 0, 0, 0, 1, 1, 0, 0, 0, 1, 3, 0, 0, 1, 0, 0, 1, 2, 2, 0, 1, 0, 1, 0, 0, 1, 1, 3, 1, 1, 3, 0, 0, 1, 0, 0, 2, 0, 0, 0, 0, 1, 0, 0, 0, 1, 0, 2, 1, 0, 1, 1, 0, 0, 2, 0, 0],760.3723351700548,57215.57290696014,91332.0679202168,false
37,G4_BALANCED,G4_BALANCED,[31, 11, 15, 82, 26, 9, 95, 32, 77, 68, 47, 5, 93, 78, 86, 54, 85, 63, 18, 44, 20, 49, 36, 14, 74, 50, 53, 17, 21, 45, 71, 64, 3, 23, 30, 83, 24, 41, 60, 52, 65, 27, 90, 70, 39, 87, 48, 69, 99, 4, 46, 1, 13, 58, 97, 59, 28, 75, 73, 37, 35, 79, 22, 66, 76, 42, 40, 80, 96, 6, 16, 61, 33, 7, 57, 34, 12, 67, 10, 98, 56, 88, 29, 94, 91, 38, 51, 92, 43, 84, 19, 72, 81, 25, 0, 55, 62, 89, 8, 2]|[2, 1, 1, 2, 1, 2, 1, 1, 1, 1, 1, 0, 2, 2, 1, 2, 0, 0, 0, 2, 2, 1, 0, 2, 0, 2, 2, 1, 0, 1, 1, 1, 0, 0, 1, 0, 2, 1, 2, 2, 0, 0, 1, 1, 0, 2, 0, 2, 1, 0, 0, 2, 0, 0, 2, 0, 1, 0, 0, 0, 2, 1, 0, 2, 2, 0, 2, 2, 0, 1, 2, 1, 1, 2, 0, 1, 1, 1, 1, 2, 2, 1, 1, 2, 1, 0, 1, 0, 1, 0, 1, 1, 1, 1, 0, 0, 1, 1, 1, 2]|[0, 3, 2, 0, 4, 1, 4, 4, 2, 4, 3, 2, 1, 0, 2, 1, 1, 1, 2, 1, 1, 3, 0, 1, 0, 1, 1, 4, 1, 4, 3, 2, 2, 0, 4, 1, 1, 4, 0, 1, 2, 1, 4, 4, 1, 1, 0, 2, 3, 1, 2, 1, 2, 1, 1, 2, 4, 2, 0, 2, 2, 3, 1, 0, 1, 2, 0, 1, 2, 4, 1, 3, 4, 1, 2, 4, 3, 3, 3, 1, 1, 4, 3, 1, 3, 2, 3, 2, 4, 2, 4, 4, 1, 4, 2, 2, 3, 4, 3, 1]|[0, 2, 1, 0, 3, 0, 1, 3, 0, 0, 2, 0, 1, 0, 1, 0, 0, 0, 1, 0, 0, 2, 0, 0, 1, 0, 0, 3, 0, 1, 0, 2, 0, 1, 3, 0, 1, 3, 1, 0, 0, 0, 1, 3, 0, 0, 1, 0, 2, 0, 0, 0, 0, 0, 1, 0, 1, 0, 1, 1, 0, 2, 0, 0, 0, 0, 0, 0, 0, 2, 0, 0, 1, 0, 0, 1, 0, 0, 3, 0, 0, 1, 0, 0, 0, 0, 0, 0, 2, 0, 3, 2, 1, 3, 0, 0, 0, 1, 0, 0],838.0858887121581,52145.01293281826,108083.60693758915,false
37,G2_TEC,G2_TEC,[31, 22, 82, 15, 26, 9, 95, 42, 77, 68, 47, 5, 93, 78, 86, 54, 85, 63, 18, 44, 20, 49, 36, 14, 74, 50, 53, 17, 21, 28, 11, 64, 3, 23, 30, 83, 24, 41, 40, 52, 65, 27, 90, 70, 39, 87, 48, 69, 99, 4, 75, 1, 13, 58, 97, 59, 45, 8, 73, 37, 35, 79, 71, 66, 76, 32, 60, 80, 56, 6, 67, 61, 33, 7, 57, 34, 12, 16, 10, 98, 96, 88, 43, 46, 91, 38, 84, 92, 29, 19, 51, 55, 81, 89, 25, 72, 94, 2, 0, 62]|[2, 1, 2, 1, 1, 2, 1, 1, 1, 1, 1, 0, 2, 2, 1, 2, 0, 0, 0, 2, 2, 1, 0, 2, 0, 2, 2, 1, 0, 1, 1, 1, 0, 0, 1, 0, 2, 1, 2, 2, 0, 0, 1, 1, 0, 2, 0, 2, 1, 0, 0, 2, 0, 0, 2, 0, 1, 1, 0, 0, 2, 1, 1, 2, 2, 0, 2, 2, 2, 1, 2, 1, 1, 2, 0, 1, 1, 2, 1, 2, 0, 1, 1, 0, 1, 0, 0, 0, 1, 1, 1, 0, 1, 1, 1, 1, 2, 2, 0, 1]|[0, 3, 0, 3, 4, 1, 4, 4, 2, 4, 3, 2, 1, 0, 2, 1, 1, 1, 2, 1, 1, 3, 0, 1, 0, 1, 1, 4, 1, 4, 3, 2, 2, 0, 4, 1, 1, 4, 1, 1, 2, 1, 4, 4, 1, 1, 0, 2, 3, 2, 2, 1, 2, 1, 1, 2, 4, 3, 0, 2, 2, 3, 3, 1, 1, 2, 1, 1, 1, 4, 1, 3, 4, 1, 2, 4, 3, 1, 3, 1, 2, 4, 4, 2, 3, 2, 2, 2, 3, 4, 3, 2, 4, 4, 4, 4, 1, 1, 2, 3]|[0, 2, 0, 0, 3, 0, 1, 3, 0, 0, 2, 0, 1, 0, 1, 0, 0, 0, 1, 0, 0, 2, 0, 0, 1, 0, 0, 3, 0, 1, 0, 2, 0, 0, 3, 0, 1, 1, 0, 0, 0, 0, 1, 3, 0, 0, 1, 0, 2, 0, 0, 0, 0, 0, 1, 0, 1, 0, 1, 1, 0, 2, 0, 0, 0, 0, 0, 0, 0, 2, 0, 0, 1, 0, 0, 1, 0, 0, 3, 0, 0, 1, 2, 0, 0, 0, 0, 0, 3, 1, 0, 0, 2, 1, 3, 1, 0, 0, 0, 0],908.8272556494078,49235.066718390466,107289.32240407266,false
37,G3_TWC,G3_TWC,[31, 22, 82, 15, 26, 58, 95, 42, 77, 12, 47, 5, 93, 78, 98, 54, 85, 63, 18, 44, 20, 35, 43, 97, 91, 76, 10, 30, 21, 45, 71, 64, 1, 23, 17, 83, 24, 14, 60, 36, 6, 57, 94, 88, 65, 56, 79, 40, 67, 68, 46, 75, 39, 9, 19, 32, 81, 96, 27, 62, 87, 90, 99, 59, 11, 16, 72, 73, 70, 38, 37, 84, 3, 92, 25, 55, 28, 29, 51, 7, 33, 61, 86, 48, 89, 50, 69, 41, 53, 80, 4, 8, 34, 49, 52, 0, 13, 2, 66, 74]|[1, 1, 0, 1, 1, 1, 2, 1, 2, 1, 2, 2, 2, 1, 1, 0, 0, 1, 0, 2, 2, 0, 1, 2, 0, 1, 2, 2, 0, 0, 1, 2, 1, 2, 1, 0, 2, 0, 1, 1, 0, 1, 1, 1, 0, 2, 1, 1, 0, 0, 0, 0, 1, 1, 2, 1, 2, 0, 0, 0, 2, 1, 0, 1, 2, 1, 2, 1, 1, 1, 1, 1, 2, 0, 1, 1, 0, 0, 0, 1, 2, 1, 0, 0, 1, 0, 1, 0, 0, 0, 0, 1, 2, 0, 1, 0, 0, 0, 2, 2]|[4, 3, 2, 2, 0, 0, 2, 2, 2, 4, 1, 1, 2, 4, 4, 1, 1, 4, 2, 1, 1, 1, 1, 2, 1, 2, 1, 1, 1, 1, 3, 2, 3, 0, 4, 0, 1, 1, 0, 3, 2, 2, 4, 0, 1, 1, 0, 2, 0, 1, 2, 2, 1, 4, 0, 3, 2, 1, 1, 2, 1, 3, 1, 1, 1, 3, 0, 4, 3, 1, 4, 1, 1, 2, 4, 4, 2, 1, 1, 3, 1, 3, 1, 1, 1, 1, 3, 1, 2, 1, 2, 3, 1, 1, 1, 2, 2, 2, 1, 1]|[0, 2, 1, 1, 3, 3, 0, 1, 0, 0, 0, 0, 1, 0, 1, 0, 0, 3, 1, 0, 0, 0, 3, 1, 0, 2, 0, 0, 0, 1, 0, 0, 0, 0, 3, 0, 1, 0, 0, 2, 1, 1, 2, 0, 0, 0, 0, 1, 1, 0, 0, 0, 1, 3, 0, 0, 1, 0, 0, 1, 0, 2, 0, 1, 0, 2, 1, 0, 0, 1, 1, 3, 0, 1, 3, 3, 1, 0, 0, 2, 0, 0, 0, 0, 1, 0, 0, 0, 1, 0, 1, 2, 0, 1, 1, 0, 0, 0, 0, 0],790.0799945868791,57951.42221290124,88960.86369927591,false
37,G1_CMAX,G4_BALANCED,[31, 11, 82, 15, 26, 9, 95, 42, 77, 68, 47, 5, 93, 78, 86, 54, 85, 63, 76, 44, 20, 49, 36, 14, 74, 50, 53, 25, 21, 28, 71, 64, 3, 23, 30, 83, 24, 41, 60, 52, 65, 27, 90, 70, 39, 87, 48, 69, 99, 4, 46, 1, 13, 58, 97, 59, 33, 8, 73, 37, 35, 79, 22, 66, 18, 32, 40, 80, 96, 6, 16, 61, 45, 7, 57, 34, 12, 67, 10, 98, 56, 88, 29, 75, 91, 38, 19, 92, 43, 84, 2, 72, 81, 17, 51, 55, 0, 89, 94, 62]|[2, 1, 2, 1, 1, 2, 1, 1, 1, 1, 1, 0, 2, 2, 1, 2, 0, 0, 0, 2, 2, 1, 0, 2, 0, 2, 2, 1, 0, 1, 1, 1, 0, 0, 1, 0, 2, 1, 2, 2, 0, 0, 1, 1, 0, 2, 0, 2, 1, 0, 0, 2, 0, 0, 2, 0, 1, 1, 0, 0, 2, 1, 0, 2, 2, 0, 2, 2, 0, 1, 2, 1, 1, 2, 0, 1, 1, 1, 1, 2, 2, 1, 1, 0, 1, 0, 1, 0, 1, 0, 2, 1, 1, 1, 1, 0, 0, 1, 2, 1]|[0, 3, 0, 2, 4, 1, 4, 4, 2, 4, 3, 2, 1, 0, 2, 1, 1, 1, 2, 1, 1, 3, 0, 1, 0, 1, 1, 4, 1, 4, 3, 2, 2, 0, 4, 1, 1, 4, 0, 1, 2, 1, 4, 4, 1, 1, 0, 2, 3, 1, 2, 1, 2, 1, 1, 2, 4, 3, 0, 2, 2, 3, 1, 0, 1, 2, 0, 1, 2, 4, 1, 3, 4, 1, 2, 4, 3, 3, 3, 1, 1, 4, 3, 2, 3, 2, 4, 2, 4, 2, 1, 4, 1, 4, 3, 2, 2, 4, 1, 3]|[0, 2, 0, 1, 3, 0, 1, 3, 0, 0, 2, 0, 1, 0, 1, 0, 0, 0, 1, 0, 0, 2, 0, 0, 1, 0, 0, 3, 0, 1, 0, 2, 0, 1, 3, 0, 1, 3, 1, 0, 0, 0, 1, 3, 0, 0, 1, 0, 2, 0, 0, 0, 0, 0, 1, 0, 1, 0, 1, 1, 0, 2, 0, 0, 0, 0, 0, 0, 0, 2, 0, 0, 1, 0, 0, 1, 0, 0, 3, 0, 0, 1, 0, 0, 0, 0, 3, 0, 2, 0, 0, 2, 1, 3, 0, 0, 0, 1, 0, 0],848.1161249092097,51934.83458349109,107480.51805341724,true
37,G4_BALANCED,G4_BALANCED,[31, 11, 15, 82, 26, 9, 95, 32, 77, 68, 47, 5, 93, 78, 86, 54, 85, 63, 18, 44, 20, 49, 36, 14, 74, 50, 53, 17, 21, 45, 71, 64, 3, 23, 30, 83, 24, 41, 60, 52, 65, 27, 90, 70, 39, 87, 48, 69, 99, 4, 46, 1, 13, 58, 97, 59, 28, 75, 73, 37, 35, 79, 22, 66, 76, 42, 40, 80, 96, 6, 16, 61, 33, 7, 57, 34, 12, 67, 10, 98, 56, 88, 29, 94, 91, 38, 51, 92, 43, 84, 19, 72, 81, 25, 0, 55, 62, 89, 8, 2]|[2, 1, 1, 2, 1, 2, 1, 1, 1, 1, 1, 0, 2, 2, 1, 2, 0, 0, 0, 2, 2, 1, 0, 2, 0, 2, 2, 1, 0, 1, 1, 1, 0, 0, 1, 0, 2, 1, 2, 2, 0, 0, 1, 1, 0, 2, 0, 2, 1, 0, 0, 2, 0, 0, 2, 0, 1, 0, 0, 0, 2, 1, 0, 2, 2, 0, 2, 2, 0, 1, 2, 1, 1, 2, 0, 1, 1, 1, 1, 2, 2, 1, 1, 2, 1, 0, 1, 0, 1, 0, 1, 1, 1, 1, 0, 0, 1, 1, 1, 2]|[0, 3, 2, 0, 4, 1, 4, 4, 2, 4, 3, 2, 1, 0, 2, 1, 1, 1, 2, 1, 1, 3, 0, 1, 0, 1, 1, 4, 1, 4, 3, 2, 2, 0, 4, 1, 1, 4, 0, 1, 2, 1, 4, 4, 1, 1, 0, 2, 3, 1, 2, 1, 2, 1, 1, 2, 4, 2, 0, 2, 2, 3, 1, 0, 1, 2, 0, 1, 2, 4, 1, 3, 4, 1, 2, 4, 3, 3, 3, 1, 1, 4, 3, 1, 3, 2, 3, 2, 4, 2, 4, 4, 1, 4, 2, 2, 3, 4, 3, 1]|[0, 2, 1, 0, 3, 0, 1, 3, 0, 0, 2, 0, 1, 0, 1, 0, 0, 0, 1, 0, 0, 2, 0, 0, 1, 0, 0, 3, 0, 1, 0, 2, 0, 1, 3, 0, 1, 3, 1, 0, 0, 0, 1, 3, 0, 0, 1, 0, 2, 0, 0, 0, 0, 0, 1, 0, 1, 0, 1, 1, 0, 2, 0, 0, 0, 0, 0, 0, 0, 2, 0, 0, 1, 0, 0, 1, 0, 0, 3, 0, 0, 1, 0, 0, 0, 0, 0, 0, 2, 0, 3, 2, 1, 3, 0, 0, 0, 1, 0, 0],838.0858887121581,52145.01293281826,108083.60693758915,false
37,G2_TEC,G2_TEC,[31, 22, 82, 15, 26, 9, 95, 42, 77, 68, 47, 5, 93, 78, 86, 54, 85, 63, 18, 44, 20, 49, 36, 14, 74, 50, 53, 17, 21, 28, 11, 64, 3, 23, 30, 83, 24, 41, 40, 52, 65, 27, 90, 70, 39, 87, 48, 69, 99, 4, 75, 1, 13, 58, 97, 59, 45, 8, 73, 37, 35, 79, 71, 66, 76, 32, 60, 80, 56, 6, 67, 61, 33, 7, 57, 34, 12, 16, 10, 98, 96, 88, 43, 46, 91, 38, 84, 92, 29, 19, 51, 55, 81, 89, 25, 72, 94, 2, 0, 62]|[2, 1, 2, 1, 1, 2, 1, 1, 1, 1, 1, 0, 2, 2, 1, 2, 0, 0, 0, 2, 2, 1, 0, 2, 0, 2, 2, 1, 0, 1, 1, 1, 0, 0, 1, 0, 2, 1, 2, 2, 0, 0, 1, 1, 0, 2, 0, 2, 1, 0, 0, 2, 0, 0, 2, 0, 1, 1, 0, 0, 2, 1, 1, 2, 2, 0, 2, 2, 2, 1, 2, 1, 1, 2, 0, 1, 1, 2, 1, 2, 0, 1, 1, 0, 1, 0, 0, 0, 1, 1, 1, 0, 1, 1, 1, 1, 2, 2, 0, 1]|[0, 3, 0, 3, 4, 1, 4, 4, 2, 4, 3, 2, 1, 0, 2, 1, 1, 1, 2, 1, 1, 3, 0, 1, 0, 1, 1, 4, 1, 4, 3, 2, 2, 0, 4, 1, 1, 4, 1, 1, 2, 1, 4, 4, 1, 1, 0, 2, 3, 2, 2, 1, 2, 1, 1, 2, 4, 3, 0, 2, 2, 3, 3, 1, 1, 2, 1, 1, 1, 4, 1, 3, 4, 1, 2, 4, 3, 1, 3, 1, 2, 4, 4, 2, 3, 2, 2, 2, 3, 4, 3, 2, 4, 4, 4, 4, 1, 1, 2, 3]|[0, 2, 0, 0, 3, 0, 1, 3, 0, 0, 2, 0, 1, 0, 1, 0, 0, 0, 1, 0, 0, 2, 0, 0, 1, 0, 0, 3, 0, 1, 0, 2, 0, 0, 3, 0, 1, 1, 0, 0, 0, 0, 1, 3, 0, 0, 1, 0, 2, 0, 0, 0, 0, 0, 1, 0, 1, 0, 1, 1, 0, 2, 0, 0, 0, 0, 0, 0, 0, 2, 0, 0, 1, 0, 0, 1, 0, 0, 3, 0, 0, 1, 2, 0, 0, 0, 0, 0, 3, 1, 0, 0, 2, 1, 3, 1, 0, 0, 0, 0],908.8272556494078,49235.066718390466,107289.32240407266,false
37,G3_TWC,G3_TWC,[31, 22, 82, 15, 26, 58, 95, 42, 77, 12, 47, 5, 93, 78, 98, 54, 85, 63, 18, 44, 20, 35, 43, 97, 91, 76, 10, 30, 21, 45, 71, 64, 1, 23, 17, 83, 24, 14, 60, 36, 6, 57, 94, 88, 65, 56, 79, 40, 67, 68, 46, 75, 39, 9, 19, 32, 81, 96, 27, 62, 87, 90, 99, 59, 11, 16, 72, 73, 70, 38, 37, 84, 3, 92, 25, 55, 28, 29, 51, 7, 33, 61, 86, 48, 89, 50, 69, 41, 53, 80, 4, 8, 34, 49, 52, 0, 13, 2, 66, 74]|[1, 1, 0, 1, 1, 1, 2, 1, 2, 1, 2, 2, 2, 1, 1, 0, 0, 1, 0, 2, 2, 0, 1, 2, 0, 1, 2, 2, 0, 0, 1, 2, 1, 2, 1, 0, 2, 0, 1, 1, 0, 1, 1, 1, 0, 2, 1, 1, 0, 0, 0, 0, 1, 1, 2, 1, 2, 0, 0, 0, 2, 1, 0, 1, 2, 1, 2, 1, 1, 1, 1, 1, 2, 0, 1, 1, 0, 0, 0, 1, 2, 1, 0, 0, 1, 0, 1, 0, 0, 0, 0, 1, 2, 0, 1, 0, 0, 0, 2, 2]|[4, 3, 2, 2, 0, 0, 2, 2, 2, 4, 1, 1, 2, 4, 4, 1, 1, 4, 2, 1, 1, 1, 1, 2, 1, 2, 1, 1, 1, 1, 3, 2, 3, 0, 4, 0, 1, 1, 0, 3, 2, 2, 4, 0, 1, 1, 0, 2, 0, 1, 2, 2, 1, 4, 0, 3, 2, 1, 1, 2, 1, 3, 1, 1, 1, 3, 0, 4, 3, 1, 4, 1, 1, 2, 4, 4, 2, 1, 1, 3, 1, 3, 1, 1, 1, 1, 3, 1, 2, 1, 2, 3, 1, 1, 1, 2, 2, 2, 1, 1]|[0, 2, 1, 1, 3, 3, 0, 1, 0, 0, 0, 0, 1, 0, 1, 0, 0, 3, 1, 0, 0, 0, 3, 1, 0, 2, 0, 0, 0, 1, 0, 0, 0, 0, 3, 0, 1, 0, 0, 2, 1, 1, 2, 0, 0, 0, 0, 1, 1, 0, 0, 0, 1, 3, 0, 0, 1, 0, 0, 1, 0, 2, 0, 1, 0, 2, 1, 0, 0, 1, 1, 3, 0, 1, 3, 3, 1, 0, 0, 2, 0, 0, 0, 0, 1, 0, 0, 0, 1, 0, 1, 2, 0, 1, 1, 0, 0, 0, 0, 0],790.0799945868791,57951.42221290124,88960.86369927591,false
37,G1_CMAX,G1_CMAX,[31, 22, 82, 15, 26, 99, 95, 42, 77, 12, 47, 5, 93, 78, 86, 54, 21, 63, 18, 44, 20, 35, 43, 97, 91, 76, 10, 30, 85, 45, 71, 64, 1, 23, 57, 83, 24, 14, 60, 36, 81, 17, 40, 88, 65, 56, 79, 94, 67, 68, 46, 75, 38, 9, 19, 32, 41, 6, 27, 87, 90, 58, 59, 11, 16, 72, 73, 70, 39, 37, 84, 3, 92, 25, 55, 28, 62, 29, 51, 7, 33, 61, 98, 48, 89, 50, 4, 96, 53, 80, 66, 8, 34, 49, 52, 0, 13, 2, 69, 74]|[1, 1, 0, 1, 1, 0, 1, 1, 2, 1, 2, 2, 2, 1, 1, 0, 0, 1, 0, 2, 2, 0, 1, 2, 0, 1, 2, 2, 0, 0, 1, 2, 1, 2, 1, 0, 2, 0, 1, 1, 0, 1, 1, 1, 0, 2, 1, 1, 0, 0, 0, 0, 1, 1, 2, 1, 2, 2, 0, 2, 1, 0, 1, 2, 1, 2, 1, 1, 1, 1, 1, 1, 0, 1, 2, 2, 0, 0, 2, 2, 2, 1, 2, 0, 1, 0, 1, 2, 0, 0, 2, 1, 2, 0, 1, 0, 0, 0, 1, 2]|[0, 3, 2, 2, 4, 1, 2, 3, 2, 4, 1, 1, 2, 4, 4, 1, 1, 4, 2, 1, 1, 1, 1, 2, 1, 2, 1, 1, 2, 1, 3, 2, 3, 0, 4, 0, 1, 1, 0, 3, 2, 2, 2, 0, 1, 1, 0, 4, 0, 1, 2, 2, 1, 4, 0, 3, 2, 2, 1, 1, 3, 1, 1, 1, 3, 0, 4, 3, 1, 4, 1, 1, 0, 4, 1, 1, 2, 1, 2, 1, 1, 3, 1, 1, 1, 1, 4, 1, 2, 1, 1, 3, 1, 1, 1, 2, 2, 2, 4, 1]|[0, 2, 1, 1, 3, 0, 1, 3, 0, 0, 0, 0, 1, 0, 1, 0, 0, 3, 1, 0, 0, 0, 3, 1, 0, 2, 0, 0, 0, 1, 0, 0, 0, 0, 3, 0, 1, 0, 0, 2, 1, 1, 1, 0, 0, 0, 0, 2, 1, 0, 0, 0, 1, 3, 0, 0, 1, 1, 0, 0, 2, 0, 1, 0, 2, 1, 0, 0, 1, 1, 3, 1, 1, 3, 0, 0, 1, 0, 1, 0, 0, 0, 0, 0, 1, 0, 0, 0, 1, 0, 0, 2, 0, 1, 1, 0, 0, 0, 2, 0],714.4485115867469,58161.785232764836,94013.66617097157,false
37,G4_BALANCED,G4_BALANCED,[31, 11, 15, 82, 26, 9, 95, 32, 77, 68, 47, 5, 93, 78, 86, 54, 85, 63, 18, 44, 20, 49, 36, 14, 74, 50, 53, 17, 21, 45, 71, 64, 3, 23, 30, 83, 24, 41, 60, 52, 65, 27, 90, 70, 39, 87, 48, 69, 99, 4, 46, 1, 13, 58, 97, 59, 28, 75, 73, 37, 35, 79, 22, 66, 76, 42, 40, 80, 96, 6, 16, 61, 33, 7, 57, 34, 12, 67, 10, 98, 56, 88, 29, 94, 91, 38, 51, 92, 43, 84, 19, 72, 81, 25, 0, 55, 62, 89, 8, 2]|[2, 1, 1, 2, 1, 2, 1, 1, 1, 1, 1, 0, 2, 2, 1, 2, 0, 0, 0, 2, 2, 1, 0, 2, 0, 2, 2, 1, 0, 1, 1, 1, 0, 0, 1, 0, 2, 1, 2, 2, 0, 0, 1, 1, 0, 2, 0, 2, 1, 0, 0, 2, 0, 0, 2, 0, 1, 0, 0, 0, 2, 1, 0, 2, 2, 0, 2, 2, 0, 1, 2, 1, 1, 2, 0, 1, 1, 1, 1, 2, 2, 1, 1, 2, 1, 0, 1, 0, 1, 0, 1, 1, 1, 1, 0, 0, 1, 1, 1, 2]|[0, 3, 2, 0, 4, 1, 4, 4, 2, 4, 3, 2, 1, 0, 2, 1, 1, 1, 2, 1, 1, 3, 0, 1, 0, 1, 1, 4, 1, 4, 3, 2, 2, 0, 4, 1, 1, 4, 0, 1, 2, 1, 4, 4, 1, 1, 0, 2, 3, 1, 2, 1, 2, 1, 1, 2, 4, 2, 0, 2, 2, 3, 1, 0, 1, 2, 0, 1, 2, 4, 1, 3, 4, 1, 2, 4, 3, 3, 3, 1, 1, 4, 3, 1, 3, 2, 3, 2, 4, 2, 4, 4, 1, 4, 2, 2, 3, 4, 3, 1]|[0, 2, 1, 0, 3, 0, 1, 3, 0, 0, 2, 0, 1, 0, 1, 0, 0, 0, 1, 0, 0, 2, 0, 0, 1, 0, 0, 3, 0, 1, 0, 2, 0, 1, 3, 0, 1, 3, 1, 0, 0, 0, 1, 3, 0, 0, 1, 0, 2, 0, 0, 0, 0, 0, 1, 0, 1, 0, 1, 1, 0, 2, 0, 0, 0, 0, 0, 0, 0, 2, 0, 0, 1, 0, 0, 1, 0, 0, 3, 0, 0, 1, 0, 0, 0, 0, 0, 0, 2, 0, 3, 2, 1, 3, 0, 0, 0, 1, 0, 0],838.0858887121581,52145.01293281826,108083.60693758915,false
37,G2_TEC,G2_TEC,[31, 22, 82, 15, 26, 9, 95, 42, 77, 68, 47, 5, 93, 78, 86, 54, 85, 63, 18, 44, 20, 49, 36, 14, 74, 50, 53, 17, 21, 28, 11, 64, 3, 23, 30, 83, 24, 41, 40, 52, 65, 27, 90, 70, 39, 87, 48, 69, 99, 4, 75, 1, 13, 58, 97, 59, 45, 8, 73, 37, 35, 79, 71, 66, 76, 32, 60, 80, 56, 6, 67, 61, 33, 7, 57, 34, 12, 16, 10, 98, 96, 88, 43, 46, 91, 38, 84, 92, 29, 19, 51, 55, 81, 89, 25, 72, 94, 2, 0, 62]|[2, 1, 2, 1, 1, 2, 1, 1, 1, 1, 1, 0, 2, 2, 1, 2, 0, 0, 0, 2, 2, 1, 0, 2, 0, 2, 2, 1, 0, 1, 1, 1, 0, 0, 1, 0, 2, 1, 2, 2, 0, 0, 1, 1, 0, 2, 0, 2, 1, 0, 0, 2, 0, 0, 2, 0, 1, 1, 0, 0, 2, 1, 1, 2, 2, 0, 2, 2, 2, 1, 2, 1, 1, 2, 0, 1, 1, 2, 1, 2, 0, 1, 1, 0, 1, 0, 0, 0, 1, 1, 1, 0, 1, 1, 1, 1, 2, 2, 0, 1]|[0, 3, 0, 3, 4, 1, 4, 4, 2, 4, 3, 2, 1, 0, 2, 1, 1, 1, 2, 1, 1, 3, 0, 1, 0, 1, 1, 4, 1, 4, 3, 2, 2, 0, 4, 1, 1, 4, 1, 1, 2, 1, 4, 4, 1, 1, 0, 2, 3, 2, 2, 1, 2, 1, 1, 2, 4, 3, 0, 2, 2, 3, 3, 1, 1, 2, 1, 1, 1, 4, 1, 3, 4, 1, 2, 4, 3, 1, 3, 1, 2, 4, 4, 2, 3, 2, 2, 2, 3, 4, 3, 2, 4, 4, 4, 4, 1, 1, 2, 3]|[0, 2, 0, 0, 3, 0, 1, 3, 0, 0, 2, 0, 1, 0, 1, 0, 0, 0, 1, 0, 0, 2, 0, 0, 1, 0, 0, 3, 0, 1, 0, 2, 0, 0, 3, 0, 1, 1, 0, 0, 0, 0, 1, 3, 0, 0, 1, 0, 2, 0, 0, 0, 0, 0, 1, 0, 1, 0, 1, 1, 0, 2, 0, 0, 0, 0, 0, 0, 0, 2, 0, 0, 1, 0, 0, 1, 0, 0, 3, 0, 0, 1, 2, 0, 0, 0, 0, 0, 3, 1, 0, 0, 2, 1, 3, 1, 0, 0, 0, 0],908.8272556494078,49235.066718390466,107289.32240407266,false
37,G3_TWC,G3_TWC,[31, 22, 82, 15, 26, 58, 95, 42, 77, 12, 47, 5, 93, 78, 98, 54, 85, 63, 18, 44, 20, 35, 43, 97, 91, 76, 10, 30, 21, 45, 71, 64, 1, 23, 17, 83, 24, 14, 60, 36, 6, 57, 94, 88, 65, 56, 79, 40, 67, 68, 46, 75, 39, 9, 19, 32, 81, 96, 27, 62, 87, 90, 99, 59, 11, 16, 72, 73, 70, 38, 37, 84, 3, 92, 25, 55, 28, 29, 51, 7, 33, 61, 86, 48, 89, 50, 69, 41, 53, 80, 4, 8, 34, 49, 52, 0, 13, 2, 66, 74]|[1, 1, 0, 1, 1, 1, 2, 1, 2, 1, 2, 2, 2, 1, 1, 0, 0, 1, 0, 2, 2, 0, 1, 2, 0, 1, 2, 2, 0, 0, 1, 2, 1, 2, 1, 0, 2, 0, 1, 1, 0, 1, 1, 1, 0, 2, 1, 1, 0, 0, 0, 0, 1, 1, 2, 1, 2, 0, 0, 0, 2, 1, 0, 1, 2, 1, 2, 1, 1, 1, 1, 1, 2, 0, 1, 1, 0, 0, 0, 1, 2, 1, 0, 0, 1, 0, 1, 0, 0, 0, 0, 1, 2, 0, 1, 0, 0, 0, 2, 2]|[4, 3, 2, 2, 0, 0, 2, 2, 2, 4, 1, 1, 2, 4, 4, 1, 1, 4, 2, 1, 1, 1, 1, 2, 1, 2, 1, 1, 1, 1, 3, 2, 3, 0, 4, 0, 1, 1, 0, 3, 2, 2, 4, 0, 1, 1, 0, 2, 0, 1, 2, 2, 1, 4, 0, 3, 2, 1, 1, 2, 1, 3, 1, 1, 1, 3, 0, 4, 3, 1, 4, 1, 1, 2, 4, 4, 2, 1, 1, 3, 1, 3, 1, 1, 1, 1, 3, 1, 2, 1, 2, 3, 1, 1, 1, 2, 2, 2, 1, 1]|[0, 2, 1, 1, 3, 3, 0, 1, 0, 0, 0, 0, 1, 0, 1, 0, 0, 3, 1, 0, 0, 0, 3, 1, 0, 2, 0, 0, 0, 1, 0, 0, 0, 0, 3, 0, 1, 0, 0, 2, 1, 1, 2, 0, 0, 0, 0, 1, 1, 0, 0, 0, 1, 3, 0, 0, 1, 0, 0, 1, 0, 2, 0, 1, 0, 2, 1, 0, 0, 1, 1, 3, 0, 1, 3, 3, 1, 0, 0, 2, 0, 0, 0, 0, 1, 0, 0, 0, 1, 0, 1, 2, 0, 1, 1, 0, 0, 0, 0, 0],790.0799945868791,57951.42221290124,88960.86369927591,false
37,G1_CMAX,G1_CMAX,[31, 22, 82, 15, 26, 99, 95, 42, 77, 12, 47, 5, 93, 78, 86, 54, 21, 63, 18, 44, 20, 35, 43, 97, 91, 76, 10, 30, 85, 45, 71, 64, 1, 23, 57, 83, 24, 14, 60, 36, 81, 17, 40, 88, 65, 56, 79, 94, 67, 68, 46, 75, 38, 9, 19, 32, 41, 6, 27, 87, 90, 58, 59, 11, 16, 72, 73, 70, 39, 37, 84, 3, 92, 25, 55, 28, 62, 29, 51, 7, 33, 61, 98, 48, 89, 50, 4, 96, 53, 80, 66, 8, 34, 49, 52, 0, 13, 2, 69, 74]|[1, 1, 0, 1, 1, 0, 1, 1, 2, 1, 2, 2, 2, 1, 1, 0, 0, 1, 0, 2, 2, 0, 1, 2, 0, 1, 2, 2, 0, 0, 1, 2, 1, 2, 1, 0, 2, 0, 1, 1, 0, 1, 1, 1, 0, 2, 1, 1, 0, 0, 0, 0, 1, 1, 2, 1, 2, 2, 0, 2, 1, 0, 1, 2, 1, 2, 1, 1, 1, 1, 1, 1, 0, 1, 2, 2, 0, 0, 2, 2, 2, 1, 2, 0, 1, 0, 1, 2, 0, 0, 2, 1, 2, 0, 1, 0, 0, 0, 1, 2]|[0, 3, 2, 2, 4, 1, 2, 3, 2, 4, 1, 1, 2, 4, 4, 1, 1, 4, 2, 1, 1, 1, 1, 2, 1, 2, 1, 1, 2, 1, 3, 2, 3, 0, 4, 0, 1, 1, 0, 3, 2, 2, 2, 0, 1, 1, 0, 4, 0, 1, 2, 2, 1, 4, 0, 3, 2, 2, 1, 1, 3, 1, 1, 1, 3, 0, 4, 3, 1, 4, 1, 1, 0, 4, 1, 1, 2, 1, 2, 1, 1, 3, 1, 1, 1, 1, 4, 1, 2, 1, 1, 3, 1, 1, 1, 2, 2, 2, 4, 1]|[0, 2, 1, 1, 3, 0, 1, 3, 0, 0, 0, 0, 1, 0, 1, 0, 0, 3, 1, 0, 0, 0, 3, 1, 0, 2, 0, 0, 0, 1, 0, 0, 0, 0, 3, 0, 1, 0, 0, 2, 1, 1, 1, 0, 0, 0, 0, 2, 1, 0, 0, 0, 1, 3, 0, 0, 1, 1, 0, 0, 2, 0, 1, 0, 2, 1, 0, 0, 1, 1, 3, 1, 1, 3, 0, 0, 1, 0, 1, 0, 0, 0, 0, 0, 1, 0, 0, 0, 1, 0, 0, 2, 0, 1, 1, 0, 0, 0, 2, 0],714.4485115867469,58161.785232764836,94013.66617097157,false
37,G4_BALANCED,G1_CMAX,[22, 82, 3, 58, 95, 42, 77, 47, 5, 93, 78, 12, 86, 54, 50, 63, 18, 44, 20, 35, 43, 97, 91, 76, 10, 30, 21, 45, 71, 64, 36, 23, 17, 83, 24, 14, 60, 1, 6, 40, 57, 90, 65, 56, 79, 94, 67, 68, 46, 75, 38, 9, 19, 32, 81, 41, 27, 62, 16, 55, 59, 89, 88, 87, 31, 72, 73, 70, 39, 37, 84, 92, 25, 11, 48, 15, 29, 51, 7, 33, 61, 98, 28, 99, 26, 85, 66, 96, 53, 80, 4, 8, 34, 49, 52, 2, 13, 0, 69, 74]|[1, 0, 1, 0, 1, 2, 2, 2, 2, 2, 1, 1, 1, 0, 0, 1, 0, 2, 2, 0, 1, 2, 0, 1, 2, 2, 0, 0, 1, 2, 1, 2, 1, 0, 2, 0, 1, 1, 0, 1, 1, 1, 0, 2, 1, 1, 0, 0, 0, 0, 1, 1, 2, 1, 2, 0, 0, 0, 1, 2, 1, 1, 1, 1, 1, 2, 1, 2, 1, 1, 1, 0, 1, 2, 2, 1, 0, 0, 1, 2, 1, 2, 0, 1, 1, 0, 0, 2, 0, 0, 1, 1, 2, 0, 1, 0, 0, 0, 1, 2]|[3, 2, 1, 1, 2, 1, 2, 1, 1, 2, 4, 4, 4, 1, 1, 4, 2, 1, 1, 1, 1, 2, 1, 2, 1, 1, 2, 1, 3, 2, 3, 1, 4, 1, 1, 1, 0, 3, 2, 2, 2, 3, 1, 1, 0, 4, 0, 1, 2, 2, 1, 4, 0, 3, 2, 1, 1, 2, 3, 1, 1, 1, 0, 3, 0, 0, 3, 0, 1, 4, 1, 0, 4, 1, 1, 4, 1, 1, 1, 1, 3, 1, 2, 1, 0, 2, 1, 1, 2, 1, 4, 3, 1, 1, 1, 2, 2, 2, 4, 1]|[3, 1, 2, 0, 1, 0, 0, 0, 0, 1, 0, 0, 1, 0, 0, 3, 1, 0, 0, 0, 3, 1, 0, 2, 0, 0, 0, 1, 0, 0, 2, 0, 3, 0, 1, 0, 0, 0, 1, 1, 1, 2, 0, 0, 0, 2, 1, 0, 0, 0, 1, 3, 0, 0, 1, 0, 0, 1, 2, 0, 1, 1, 0, 2, 0, 1, 0, 1, 1, 1, 1, 1, 3, 0, 0, 3, 0, 0, 2, 0, 0, 0, 1, 1, 3, 0, 0, 0, 1, 0, 0, 2, 0, 1, 1, 0, 0, 0, 2, 0],715.7913946700162,58060.95961022334,95287.06515100288,true
37,G2_TEC,G2_TEC,[31, 22, 82, 15, 26, 9, 95, 42, 77, 68, 47, 5, 93, 78, 86, 54, 85, 63, 18, 44, 20, 49, 36, 14, 74, 50, 53, 17, 21, 28, 11, 64, 3, 23, 30, 83, 24, 41, 40, 52, 65, 27, 90, 70, 39, 87, 48, 69, 99, 4, 75, 1, 13, 58, 97, 59, 45, 8, 73, 37, 35, 79, 71, 66, 76, 32, 60, 80, 56, 6, 67, 61, 33, 7, 57, 34, 12, 16, 10, 98, 96, 88, 43, 46, 91, 38, 84, 92, 29, 19, 51, 55, 81, 89, 25, 72, 94, 2, 0, 62]|[2, 1, 2, 1, 1, 2, 1, 1, 1, 1, 1, 0, 2, 2, 1, 2, 0, 0, 0, 2, 2, 1, 0, 2, 0, 2, 2, 1, 0, 1, 1, 1, 0, 0, 1, 0, 2, 1, 2, 2, 0, 0, 1, 1, 0, 2, 0, 2, 1, 0, 0, 2, 0, 0, 2, 0, 1, 1, 0, 0, 2, 1, 1, 2, 2, 0, 2, 2, 2, 1, 2, 1, 1, 2, 0, 1, 1, 2, 1, 2, 0, 1, 1, 0, 1, 0, 0, 0, 1, 1, 1, 0, 1, 1, 1, 1, 2, 2, 0, 1]|[0, 3, 0, 3, 4, 1, 4, 4, 2, 4, 3, 2, 1, 0, 2, 1, 1, 1, 2, 1, 1, 3, 0, 1, 0, 1, 1, 4, 1, 4, 3, 2, 2, 0, 4, 1, 1, 4, 1, 1, 2, 1, 4, 4, 1, 1, 0, 2, 3, 2, 2, 1, 2, 1, 1, 2, 4, 3, 0, 2, 2, 3, 3, 1, 1, 2, 1, 1, 1, 4, 1, 3, 4, 1, 2, 4, 3, 1, 3, 1, 2, 4, 4, 2, 3, 2, 2, 2, 3, 4, 3, 2, 4, 4, 4, 4, 1, 1, 2, 3]|[0, 2, 0, 0, 3, 0, 1, 3, 0, 0, 2, 0, 1, 0, 1, 0, 0, 0, 1, 0, 0, 2, 0, 0, 1, 0, 0, 3, 0, 1, 0, 2, 0, 0, 3, 0, 1, 1, 0, 0, 0, 0, 1, 3, 0, 0, 1, 0, 2, 0, 0, 0, 0, 0, 1, 0, 1, 0, 1, 1, 0, 2, 0, 0, 0, 0, 0, 0, 0, 2, 0, 0, 1, 0, 0, 1, 0, 0, 3, 0, 0, 1, 2, 0, 0, 0, 0, 0, 3, 1, 0, 0, 2, 1, 3, 1, 0, 0, 0, 0],908.8272556494078,49235.066718390466,107289.32240407266,false
37,G3_TWC,G3_TWC,[31, 22, 82, 15, 26, 58, 95, 42, 77, 12, 47, 5, 93, 78, 98, 54, 85, 63, 18, 44, 20, 35, 43, 97, 91, 76, 10, 30, 21, 45, 71, 64, 1, 23, 17, 83, 24, 14, 60, 36, 6, 57, 94, 88, 65, 56, 79, 40, 67, 68, 46, 75, 39, 9, 19, 32, 81, 96, 27, 62, 87, 90, 99, 59, 11, 16, 72, 73, 70, 38, 37, 84, 3, 92, 25, 55, 28, 29, 51, 7, 33, 61, 86, 48, 89, 50, 69, 41, 53, 80, 4, 8, 34, 49, 52, 0, 13, 2, 66, 74]|[1, 1, 0, 1, 1, 1, 2, 1, 2, 1, 2, 2, 2, 1, 1, 0, 0, 1, 0, 2, 2, 0, 1, 2, 0, 1, 2, 2, 0, 0, 1, 2, 1, 2, 1, 0, 2, 0, 1, 1, 0, 1, 1, 1, 0, 2, 1, 1, 0, 0, 0, 0, 1, 1, 2, 1, 2, 0, 0, 0, 2, 1, 0, 1, 2, 1, 2, 1, 1, 1, 1, 1, 2, 0, 1, 1, 0, 0, 0, 1, 2, 1, 0, 0, 1, 0, 1, 0, 0, 0, 0, 1, 2, 0, 1, 0, 0, 0, 2, 2]|[4, 3, 2, 2, 0, 0, 2, 2, 2, 4, 1, 1, 2, 4, 4, 1, 1, 4, 2, 1, 1, 1, 1, 2, 1, 2, 1, 1, 1, 1, 3, 2, 3, 0, 4, 0, 1, 1, 0, 3, 2, 2, 4, 0, 1, 1, 0, 2, 0, 1, 2, 2, 1, 4, 0, 3, 2, 1, 1, 2, 1, 3, 1, 1, 1, 3, 0, 4, 3, 1, 4, 1, 1, 2, 4, 4, 2, 1, 1, 3, 1, 3, 1, 1, 1, 1, 3, 1, 2, 1, 2, 3, 1, 1, 1, 2, 2, 2, 1, 1]|[0, 2, 1, 1, 3, 3, 0, 1, 0, 0, 0, 0, 1, 0, 1, 0, 0, 3, 1, 0, 0, 0, 3, 1, 0, 2, 0, 0, 0, 1, 0, 0, 0, 0, 3, 0, 1, 0, 0, 2, 1, 1, 2, 0, 0, 0, 0, 1, 1, 0, 0, 0, 1, 3, 0, 0, 1, 0, 0, 1, 0, 2, 0, 1, 0, 2, 1, 0, 0, 1, 1, 3, 0, 1, 3, 3, 1, 0, 0, 2, 0, 0, 0, 0, 1, 0, 0, 0, 1, 0, 1, 2, 0, 1, 1, 0, 0, 0, 0, 0],790.0799945868791,57951.42221290124,88960.86369927591,false
37,G1_CMAX,G1_CMAX,[31, 22, 82, 15, 26, 99, 95, 42, 77, 12, 47, 5, 93, 78, 86, 54, 21, 63, 18, 44, 20, 35, 43, 97, 91, 76, 10, 30, 85, 45, 71, 64, 1, 23, 57, 83, 24, 14, 60, 36, 81, 17, 40, 88, 65, 56, 79, 94, 67, 68, 46, 75, 38, 9, 19, 32, 41, 6, 27, 87, 90, 58, 59, 11, 16, 72, 73, 70, 39, 37, 84, 3, 92, 25, 55, 28, 62, 29, 51, 7, 33, 61, 98, 48, 89, 50, 4, 96, 53, 80, 66, 8, 34, 49, 52, 0, 13, 2, 69, 74]|[1, 1, 0, 1, 1, 0, 1, 1, 2, 1, 2, 2, 2, 1, 1, 0, 0, 1, 0, 2, 2, 0, 1, 2, 0, 1, 2, 2, 0, 0, 1, 2, 1, 2, 1, 0, 2, 0, 1, 1, 0, 1, 1, 1, 0, 2, 1, 1, 0, 0, 0, 0, 1, 1, 2, 1, 2, 2, 0, 2, 1, 0, 1, 2, 1, 2, 1, 1, 1, 1, 1, 1, 0, 1, 2, 2, 0, 0, 2, 2, 2, 1, 2, 0, 1, 0, 1, 2, 0, 0, 2, 1, 2, 0, 1, 0, 0, 0, 1, 2]|[0, 3, 2, 2, 4, 1, 2, 3, 2, 4, 1, 1, 2, 4, 4, 1, 1, 4, 2, 1, 1, 1, 1, 2, 1, 2, 1, 1, 2, 1, 3, 2, 3, 0, 4, 0, 1, 1, 0, 3, 2, 2, 2, 0, 1, 1, 0, 4, 0, 1, 2, 2, 1, 4, 0, 3, 2, 2, 1, 1, 3, 1, 1, 1, 3, 0, 4, 3, 1, 4, 1, 1, 0, 4, 1, 1, 2, 1, 2, 1, 1, 3, 1, 1, 1, 1, 4, 1, 2, 1, 1, 3, 1, 1, 1, 2, 2, 2, 4, 1]|[0, 2, 1, 1, 3, 0, 1, 3, 0, 0, 0, 0, 1, 0, 1, 0, 0, 3, 1, 0, 0, 0, 3, 1, 0, 2, 0, 0, 0, 1, 0, 0, 0, 0, 3, 0, 1, 0, 0, 2, 1, 1, 1, 0, 0, 0, 0, 2, 1, 0, 0, 0, 1, 3, 0, 0, 1, 1, 0, 0, 2, 0, 1, 0, 2, 1, 0, 0, 1, 1, 3, 1, 1, 3, 0, 0, 1, 0, 1, 0, 0, 0, 0, 0, 1, 0, 0, 0, 1, 0, 0, 2, 0, 1, 1, 0, 0, 0, 2, 0],714.4485115867469,58161.785232764836,94013.66617097157,false
37,G4_BALANCED,G4_BALANCED,[31, 22, 26, 15, 82, 99, 95, 42, 77, 12, 47, 5, 93, 78, 86, 54, 21, 63, 18, 44, 20, 35, 43, 97, 91, 76, 10, 30, 85, 45, 71, 64, 1, 23, 57, 83, 24, 14, 60, 36, 6, 17, 40, 88, 65, 56, 79, 94, 67, 68, 46, 75, 38, 9, 19, 32, 41, 81, 27, 87, 90, 58, 62, 59, 11, 16, 72, 73, 39, 70, 37, 84, 3, 92, 25, 55, 28, 29, 51, 7, 33, 61, 98, 48, 89, 50, 66, 96, 53, 80, 2, 4, 34, 49, 52, 8, 13, 0, 69, 74]|[1, 1, 0, 1, 1, 0, 1, 1, 2, 1, 2, 2, 2, 1, 1, 0, 0, 1, 0, 2, 2, 0, 1, 2, 0, 1, 2, 2, 0, 0, 1, 2, 1, 2, 1, 0, 2, 0, 1, 1, 0, 1, 1, 1, 0, 2, 1, 1, 0, 0, 0, 0, 1, 1, 2, 1, 2, 0, 0, 2, 1, 0, 0, 1, 2, 1, 2, 1, 1, 1, 1, 1, 1, 0, 1, 2, 0, 0, 0, 1, 2, 1, 2, 0, 1, 0, 2, 2, 0, 0, 0, 1, 2, 0, 1, 1, 0, 0, 1, 2]|[4, 3, 2, 2, 4, 1, 2, 3, 2, 4, 1, 1, 2, 4, 4, 1, 1, 4, 2, 1, 1, 1, 1, 2, 1, 2, 1, 1, 2, 1, 3, 2, 3, 1, 4, 0, 1, 1, 0, 3, 2, 2, 2, 0, 1, 1, 0, 4, 0, 1, 2, 2, 1, 4, 0, 3, 2, 1, 1, 1, 3, 1, 2, 1, 1, 3, 0, 4, 1, 3, 4, 1, 1, 0, 4, 1, 2, 1, 1, 3, 1, 3, 1, 1, 1, 1, 1, 1, 2, 1, 2, 4, 1, 1, 1, 3, 2, 2, 4, 1]|[0, 2, 1, 1, 3, 0, 1, 3, 0, 0, 0, 0, 1, 0, 1, 0, 0, 3, 1, 0, 0, 0, 3, 1, 0, 2, 0, 0, 0, 1, 0, 0, 0, 0, 3, 0, 1, 0, 0, 2, 1, 1, 1, 0, 0, 0, 0, 2, 1, 0, 0, 0, 1, 3, 0, 0, 1, 0, 0, 0, 2, 0, 1, 1, 0, 2, 1, 0, 1, 0, 1, 3, 1, 1, 3, 0, 1, 0, 0, 2, 0, 0, 0, 0, 1, 0, 0, 0, 1, 0, 0, 0, 0, 1, 1, 2, 0, 0, 2, 0],736.0828032649227,57179.18300595639,91612.3231837457,false
37,G2_TEC,G2_TEC,[31, 22, 82, 15, 26, 9, 95, 42, 77, 68, 47, 5, 93, 78, 86, 54, 85, 63, 18, 44, 20, 49, 36, 14, 74, 50, 53, 17, 21, 28, 11, 64, 3, 23, 30, 83, 24, 41, 40, 52, 65, 27, 90, 70, 39, 87, 48, 69, 99, 4, 75, 1, 13, 58, 97, 59, 45, 8, 73, 37, 35, 79, 71, 66, 76, 32, 60, 80, 56, 6, 67, 61, 33, 7, 57, 34, 12, 16, 10, 98, 96, 88, 43, 46, 91, 38, 84, 92, 29, 19, 51, 55, 81, 89, 25, 72, 94, 2, 0, 62]|[2, 1, 2, 1, 1, 2, 1, 1, 1, 1, 1, 0, 2, 2, 1, 2, 0, 0, 0, 2, 2, 1, 0, 2, 0, 2, 2, 1, 0, 1, 1, 1, 0, 0, 1, 0, 2, 1, 2, 2, 0, 0, 1, 1, 0, 2, 0, 2, 1, 0, 0, 2, 0, 0, 2, 0, 1, 1, 0, 0, 2, 1, 1, 2, 2, 0, 2, 2, 2, 1, 2, 1, 1, 2, 0, 1, 1, 2, 1, 2, 0, 1, 1, 0, 1, 0, 0, 0, 1, 1, 1, 0, 1, 1, 1, 1, 2, 2, 0, 1]|[0, 3, 0, 3, 4, 1, 4, 4, 2, 4, 3, 2, 1, 0, 2, 1, 1, 1, 2, 1, 1, 3, 0, 1, 0, 1, 1, 4, 1, 4, 3, 2, 2, 0, 4, 1, 1, 4, 1, 1, 2, 1, 4, 4, 1, 1, 0, 2, 3, 2, 2, 1, 2, 1, 1, 2, 4, 3, 0, 2, 2, 3, 3, 1, 1, 2, 1, 1, 1, 4, 1, 3, 4, 1, 2, 4, 3, 1, 3, 1, 2, 4, 4, 2, 3, 2, 2, 2, 3, 4, 3, 2, 4, 4, 4, 4, 1, 1, 2, 3]|[0, 2, 0, 0, 3, 0, 1, 3, 0, 0, 2, 0, 1, 0, 1, 0, 0, 0, 1, 0, 0, 2, 0, 0, 1, 0, 0, 3, 0, 1, 0, 2, 0, 0, 3, 0, 1, 1, 0, 0, 0, 0, 1, 3, 0, 0, 1, 0, 2, 0, 0, 0, 0, 0, 1, 0, 1, 0, 1, 1, 0, 2, 0, 0, 0, 0, 0, 0, 0, 2, 0, 0, 1, 0, 0, 1, 0, 0, 3, 0, 0, 1, 2, 0, 0, 0, 0, 0, 3, 1, 0, 0, 2, 1, 3, 1, 0, 0, 0, 0],908.8272556494078,49235.066718390466,107289.32240407266,false
37,G3_TWC,G3_TWC,[31, 22, 82, 15, 26, 58, 95, 42, 77, 12, 47, 5, 93, 78, 98, 54, 85, 63, 18, 44, 20, 35, 43, 97, 91, 76, 10, 30, 21, 45, 71, 64, 1, 23, 17, 83, 24, 14, 60, 36, 6, 57, 94, 88, 65, 56, 79, 40, 67, 68, 46, 75, 39, 9, 19, 32, 81, 96, 27, 62, 87, 90, 99, 59, 11, 16, 72, 73, 70, 38, 37, 84, 3, 92, 25, 55, 28, 29, 51, 7, 33, 61, 86, 48, 89, 50, 69, 41, 53, 80, 4, 8, 34, 49, 52, 0, 13, 2, 66, 74]|[1, 1, 0, 1, 1, 1, 2, 1, 2, 1, 2, 2, 2, 1, 1, 0, 0, 1, 0, 2, 2, 0, 1, 2, 0, 1, 2, 2, 0, 0, 1, 2, 1, 2, 1, 0, 2, 0, 1, 1, 0, 1, 1, 1, 0, 2, 1, 1, 0, 0, 0, 0, 1, 1, 2, 1, 2, 0, 0, 0, 2, 1, 0, 1, 2, 1, 2, 1, 1, 1, 1, 1, 2, 0, 1, 1, 0, 0, 0, 1, 2, 1, 0, 0, 1, 0, 1, 0, 0, 0, 0, 1, 2, 0, 1, 0, 0, 0, 2, 2]|[4, 3, 2, 2, 0, 0, 2, 2, 2, 4, 1, 1, 2, 4, 4, 1, 1, 4, 2, 1, 1, 1, 1, 2, 1, 2, 1, 1, 1, 1, 3, 2, 3, 0, 4, 0, 1, 1, 0, 3, 2, 2, 4, 0, 1, 1, 0, 2, 0, 1, 2, 2, 1, 4, 0, 3, 2, 1, 1, 2, 1, 3, 1, 1, 1, 3, 0, 4, 3, 1, 4, 1, 1, 2, 4, 4, 2, 1, 1, 3, 1, 3, 1, 1, 1, 1, 3, 1, 2, 1, 2, 3, 1, 1, 1, 2, 2, 2, 1, 1]|[0, 2, 1, 1, 3, 3, 0, 1, 0, 0, 0, 0, 1, 0, 1, 0, 0, 3, 1, 0, 0, 0, 3, 1, 0, 2, 0, 0, 0, 1, 0, 0, 0, 0, 3, 0, 1, 0, 0, 2, 1, 1, 2, 0, 0, 0, 0, 1, 1, 0, 0, 0, 1, 3, 0, 0, 1, 0, 0, 1, 0, 2, 0, 1, 0, 2, 1, 0, 0, 1, 1, 3, 0, 1, 3, 3, 1, 0, 0, 2, 0, 0, 0, 0, 1, 0, 0, 0, 1, 0, 1, 2, 0, 1, 1, 0, 0, 0, 0, 0],790.0799945868791,57951.42221290124,88960.86369927591,false
37,G1_CMAX,G1_CMAX,[31, 22, 82, 15, 26, 99, 95, 42, 77, 12, 47, 5, 93, 78, 86, 54, 21, 63, 18, 44, 20, 35, 43, 97, 91, 76, 10, 30, 85, 45, 71, 64, 1, 23, 57, 83, 24, 14, 60, 36, 81, 17, 40, 88, 65, 56, 79, 94, 67, 68, 46, 75, 38, 9, 19, 32, 41, 6, 27, 87, 90, 58, 59, 11, 16, 72, 73, 70, 39, 37, 84, 3, 92, 25, 55, 28, 62, 29, 51, 7, 33, 61, 98, 48, 89, 50, 4, 96, 53, 80, 66, 8, 34, 49, 52, 0, 13, 2, 69, 74]|[1, 1, 0, 1, 1, 0, 1, 1, 2, 1, 2, 2, 2, 1, 1, 0, 0, 1, 0, 2, 2, 0, 1, 2, 0, 1, 2, 2, 0, 0, 1, 2, 1, 2, 1, 0, 2, 0, 1, 1, 0, 1, 1, 1, 0, 2, 1, 1, 0, 0, 0, 0, 1, 1, 2, 1, 2, 2, 0, 2, 1, 0, 1, 2, 1, 2, 1, 1, 1, 1, 1, 1, 0, 1, 2, 2, 0, 0, 2, 2, 2, 1, 2, 0, 1, 0, 1, 2, 0, 0, 2, 1, 2, 0, 1, 0, 0, 0, 1, 2]|[0, 3, 2, 2, 4, 1, 2, 3, 2, 4, 1, 1, 2, 4, 4, 1, 1, 4, 2, 1, 1, 1, 1, 2, 1, 2, 1, 1, 2, 1, 3, 2, 3, 0, 4, 0, 1, 1, 0, 3, 2, 2, 2, 0, 1, 1, 0, 4, 0, 1, 2, 2, 1, 4, 0, 3, 2, 2, 1, 1, 3, 1, 1, 1, 3, 0, 4, 3, 1, 4, 1, 1, 0, 4, 1, 1, 2, 1, 2, 1, 1, 3, 1, 1, 1, 1, 4, 1, 2, 1, 1, 3, 1, 1, 1, 2, 2, 2, 4, 1]|[0, 2, 1, 1, 3, 0, 1, 3, 0, 0, 0, 0, 1, 0, 1, 0, 0, 3, 1, 0, 0, 0, 3, 1, 0, 2, 0, 0, 0, 1, 0, 0, 0, 0, 3, 0, 1, 0, 0, 2, 1, 1, 1, 0, 0, 0, 0, 2, 1, 0, 0, 0, 1, 3, 0, 0, 1, 1, 0, 0, 2, 0, 1, 0, 2, 1, 0, 0, 1, 1, 3, 1, 1, 3, 0, 0, 1, 0, 1, 0, 0, 0, 0, 0, 1, 0, 0, 0, 1, 0, 0, 2, 0, 1, 1, 0, 0, 0, 2, 0],714.4485115867469,58161.785232764836,94013.66617097157,false
37,G4_BALANCED,G4_BALANCED,[31, 22, 26, 15, 82, 99, 95, 42, 77, 12, 47, 5, 93, 78, 86, 54, 21, 63, 18, 44, 20, 35, 43, 97, 91, 76, 10, 30, 85, 45, 71, 64, 1, 23, 57, 83, 24, 14, 60, 36, 6, 17, 40, 88, 65, 56, 79, 94, 67, 68, 46, 75, 38, 9, 19, 32, 41, 81, 27, 87, 90, 58, 62, 59, 11, 16, 72, 73, 39, 70, 37, 84, 3, 92, 25, 55, 28, 29, 51, 7, 33, 61, 98, 48, 89, 50, 66, 96, 53, 80, 2, 4, 34, 49, 52, 8, 13, 0, 69, 74]|[1, 1, 0, 1, 1, 0, 1, 1, 2, 1, 2, 2, 2, 1, 1, 0, 0, 1, 0, 2, 2, 0, 1, 2, 0, 1, 2, 2, 0, 0, 1, 2, 1, 2, 1, 0, 2, 0, 1, 1, 0, 1, 1, 1, 0, 2, 1, 1, 0, 0, 0, 0, 1, 1, 2, 1, 2, 0, 0, 2, 1, 0, 0, 1, 2, 1, 2, 1, 1, 1, 1, 1, 1, 0, 1, 2, 0, 0, 0, 1, 2, 1, 2, 0, 1, 0, 2, 2, 0, 0, 0, 1, 2, 0, 1, 1, 0, 0, 1, 2]|[4, 3, 2, 2, 4, 1, 2, 3, 2, 4, 1, 1, 2, 4, 4, 1, 1, 4, 2, 1, 1, 1, 1, 2, 1, 2, 1, 1, 2, 1, 3, 2, 3, 1, 4, 0, 1, 1, 0, 3, 2, 2, 2, 0, 1, 1, 0, 4, 0, 1, 2, 2, 1, 4, 0, 3, 2, 1, 1, 1, 3, 1, 2, 1, 1, 3, 0, 4, 1, 3, 4, 1, 1, 0, 4, 1, 2, 1, 1, 3, 1, 3, 1, 1, 1, 1, 1, 1, 2, 1, 2, 4, 1, 1, 1, 3, 2, 2, 4, 1]|[0, 2, 1, 1, 3, 0, 1, 3, 0, 0, 0, 0, 1, 0, 1, 0, 0, 3, 1, 0, 0, 0, 3, 1, 0, 2, 0, 0, 0, 1, 0, 0, 0, 0, 3, 0, 1, 0, 0, 2, 1, 1, 1, 0, 0, 0, 0, 2, 1, 0, 0, 0, 1, 3, 0, 0, 1, 0, 0, 0, 2, 0, 1, 1, 0, 2, 1, 0, 1, 0, 1, 3, 1, 1, 3, 0, 1, 0, 0, 2, 0, 0, 0, 0, 1, 0, 0, 0, 1, 0, 0, 0, 0, 1, 1, 2, 0, 0, 2, 0],736.0828032649227,57179.18300595639,91612.3231837457,false
37,G2_TEC,G2_TEC,[31, 22, 82, 15, 26, 9, 95, 42, 77, 68, 47, 5, 93, 78, 86, 54, 85, 63, 18, 44, 20, 49, 36, 14, 74, 50, 53, 17, 21, 28, 11, 64, 3, 23, 30, 83, 24, 41, 40, 52, 65, 27, 90, 70, 39, 87, 48, 69, 99, 4, 75, 1, 13, 58, 97, 59, 45, 8, 73, 37, 35, 79, 71, 66, 76, 32, 60, 80, 56, 6, 67, 61, 33, 7, 57, 34, 12, 16, 10, 98, 96, 88, 43, 46, 91, 38, 84, 92, 29, 19, 51, 55, 81, 89, 25, 72, 94, 2, 0, 62]|[2, 1, 2, 1, 1, 2, 1, 1, 1, 1, 1, 0, 2, 2, 1, 2, 0, 0, 0, 2, 2, 1, 0, 2, 0, 2, 2, 1, 0, 1, 1, 1, 0, 0, 1, 0, 2, 1, 2, 2, 0, 0, 1, 1, 0, 2, 0, 2, 1, 0, 0, 2, 0, 0, 2, 0, 1, 1, 0, 0, 2, 1, 1, 2, 2, 0, 2, 2, 2, 1, 2, 1, 1, 2, 0, 1, 1, 2, 1, 2, 0, 1, 1, 0, 1, 0, 0, 0, 1, 1, 1, 0, 1, 1, 1, 1, 2, 2, 0, 1]|[0, 3, 0, 3, 4, 1, 4, 4, 2, 4, 3, 2, 1, 0, 2, 1, 1, 1, 2, 1, 1, 3, 0, 1, 0, 1, 1, 4, 1, 4, 3, 2, 2, 0, 4, 1, 1, 4, 1, 1, 2, 1, 4, 4, 1, 1, 0, 2, 3, 2, 2, 1, 2, 1, 1, 2, 4, 3, 0, 2, 2, 3, 3, 1, 1, 2, 1, 1, 1, 4, 1, 3, 4, 1, 2, 4, 3, 1, 3, 1, 2, 4, 4, 2, 3, 2, 2, 2, 3, 4, 3, 2, 4, 4, 4, 4, 1, 1, 2, 3]|[0, 2, 0, 0, 3, 0, 1, 3, 0, 0, 2, 0, 1, 0, 1, 0, 0, 0, 1, 0, 0, 2, 0, 0, 1, 0, 0, 3, 0, 1, 0, 2, 0, 0, 3, 0, 1, 1, 0, 0, 0, 0, 1, 3, 0, 0, 1, 0, 2, 0, 0, 0, 0, 0, 1, 0, 1, 0, 1, 1, 0, 2, 0, 0, 0, 0, 0, 0, 0, 2, 0, 0, 1, 0, 0, 1, 0, 0, 3, 0, 0, 1, 2, 0, 0, 0, 0, 0, 3, 1, 0, 0, 2, 1, 3, 1, 0, 0, 0, 0],908.8272556494078,49235.066718390466,107289.32240407266,false
37,G3_TWC,G3_TWC,[31, 22, 82, 15, 26, 58, 95, 42, 77, 12, 47, 5, 93, 78, 98, 54, 85, 63, 18, 44, 20, 35, 43, 97, 91, 76, 10, 30, 21, 45, 71, 64, 1, 23, 17, 83, 24, 14, 60, 36, 6, 57, 94, 88, 65, 56, 79, 40, 67, 68, 46, 75, 39, 9, 19, 32, 81, 96, 27, 62, 87, 90, 99, 59, 11, 16, 72, 73, 70, 38, 37, 84, 3, 92, 25, 55, 28, 29, 51, 7, 33, 61, 86, 48, 89, 50, 69, 41, 53, 80, 4, 8, 34, 49, 52, 0, 13, 2, 66, 74]|[1, 1, 0, 1, 1, 1, 2, 1, 2, 1, 2, 2, 2, 1, 1, 0, 0, 1, 0, 2, 2, 0, 1, 2, 0, 1, 2, 2, 0, 0, 1, 2, 1, 2, 1, 0, 2, 0, 1, 1, 0, 1, 1, 1, 0, 2, 1, 1, 0, 0, 0, 0, 1, 1, 2, 1, 2, 0, 0, 0, 2, 1, 0, 1, 2, 1, 2, 1, 1, 1, 1, 1, 2, 0, 1, 1, 0, 0, 0, 1, 2, 1, 0, 0, 1, 0, 1, 0, 0, 0, 0, 1, 2, 0, 1, 0, 0, 0, 2, 2]|[4, 3, 2, 2, 0, 0, 2, 2, 2, 4, 1, 1, 2, 4, 4, 1, 1, 4, 2, 1, 1, 1, 1, 2, 1, 2, 1, 1, 1, 1, 3, 2, 3, 0, 4, 0, 1, 1, 0, 3, 2, 2, 4, 0, 1, 1, 0, 2, 0, 1, 2, 2, 1, 4, 0, 3, 2, 1, 1, 2, 1, 3, 1, 1, 1, 3, 0, 4, 3, 1, 4, 1, 1, 2, 4, 4, 2, 1, 1, 3, 1, 3, 1, 1, 1, 1, 3, 1, 2, 1, 2, 3, 1, 1, 1, 2, 2, 2, 1, 1]|[0, 2, 1, 1, 3, 3, 0, 1, 0, 0, 0, 0, 1, 0, 1, 0, 0, 3, 1, 0, 0, 0, 3, 1, 0, 2, 0, 0, 0, 1, 0, 0, 0, 0, 3, 0, 1, 0, 0, 2, 1, 1, 2, 0, 0, 0, 0, 1, 1, 0, 0, 0, 1, 3, 0, 0, 1, 0, 0, 1, 0, 2, 0, 1, 0, 2, 1, 0, 0, 1, 1, 3, 0, 1, 3, 3, 1, 0, 0, 2, 0, 0, 0, 0, 1, 0, 0, 0, 1, 0, 1, 2, 0, 1, 1, 0, 0, 0, 0, 0],790.0799945868791,57951.42221290124,88960.86369927591,false
37,G1_CMAX,G1_CMAX,[31, 22, 82, 15, 26, 99, 95, 42, 77, 12, 47, 5, 93, 78, 86, 54, 21, 63, 18, 44, 20, 35, 43, 97, 91, 76, 10, 30, 85, 45, 71, 64, 1, 23, 57, 83, 24, 14, 60, 36, 81, 17, 40, 88, 65, 56, 79, 94, 67, 68, 46, 75, 38, 9, 19, 32, 41, 6, 27, 87, 90, 58, 59, 11, 16, 72, 73, 70, 39, 37, 84, 3, 92, 25, 55, 28, 62, 29, 51, 7, 33, 61, 98, 48, 89, 50, 4, 96, 53, 80, 66, 8, 34, 49, 52, 0, 13, 2, 69, 74]|[1, 1, 0, 1, 1, 0, 1, 1, 2, 1, 2, 2, 2, 1, 1, 0, 0, 1, 0, 2, 2, 0, 1, 2, 0, 1, 2, 2, 0, 0, 1, 2, 1, 2, 1, 0, 2, 0, 1, 1, 0, 1, 1, 1, 0, 2, 1, 1, 0, 0, 0, 0, 1, 1, 2, 1, 2, 2, 0, 2, 1, 0, 1, 2, 1, 2, 1, 1, 1, 1, 1, 1, 0, 1, 2, 2, 0, 0, 2, 2, 2, 1, 2, 0, 1, 0, 1, 2, 0, 0, 2, 1, 2, 0, 1, 0, 0, 0, 1, 2]|[0, 3, 2, 2, 4, 1, 2, 3, 2, 4, 1, 1, 2, 4, 4, 1, 1, 4, 2, 1, 1, 1, 1, 2, 1, 2, 1, 1, 2, 1, 3, 2, 3, 0, 4, 0, 1, 1, 0, 3, 2, 2, 2, 0, 1, 1, 0, 4, 0, 1, 2, 2, 1, 4, 0, 3, 2, 2, 1, 1, 3, 1, 1, 1, 3, 0, 4, 3, 1, 4, 1, 1, 0, 4, 1, 1, 2, 1, 2, 1, 1, 3, 1, 1, 1, 1, 4, 1, 2, 1, 1, 3, 1, 1, 1, 2, 2, 2, 4, 1]|[0, 2, 1, 1, 3, 0, 1, 3, 0, 0, 0, 0, 1, 0, 1, 0, 0, 3, 1, 0, 0, 0, 3, 1, 0, 2, 0, 0, 0, 1, 0, 0, 0, 0, 3, 0, 1, 0, 0, 2, 1, 1, 1, 0, 0, 0, 0, 2, 1, 0, 0, 0, 1, 3, 0, 0, 1, 1, 0, 0, 2, 0, 1, 0, 2, 1, 0, 0, 1, 1, 3, 1, 1, 3, 0, 0, 1, 0, 1, 0, 0, 0, 0, 0, 1, 0, 0, 0, 1, 0, 0, 2, 0, 1, 1, 0, 0, 0, 2, 0],714.4485115867469,58161.785232764836,94013.66617097157,false
37,G4_BALANCED,G3_TWC,[31, 22, 82, 15, 26, 58, 95, 42, 77, 12, 47, 5, 93, 78, 98, 54, 85, 63, 18, 44, 20, 35, 43, 97, 91, 76, 10, 30, 21, 45, 71, 64, 1, 23, 17, 83, 24, 14, 60, 36, 6, 57, 94, 88, 65, 56, 79, 40, 67, 68, 46, 75, 38, 9, 19, 32, 81, 41, 27, 62, 87, 90, 99, 59, 11, 16, 72, 73, 70, 39, 37, 84, 3, 92, 25, 52, 28, 29, 51, 7, 33, 61, 86, 48, 89, 50, 4, 96, 53, 80, 66, 8, 34, 49, 55, 0, 13, 2, 69, 74]|[1, 1, 0, 1, 1, 1, 2, 1, 2, 1, 2, 2, 2, 1, 1, 0, 0, 1, 0, 2, 2, 0, 1, 2, 0, 1, 2, 2, 0, 0, 1, 2, 1, 2, 1, 0, 2, 0, 1, 1, 0, 1, 1, 1, 0, 2, 1, 1, 0, 0, 0, 0, 1, 1, 2, 1, 2, 0, 0, 0, 2, 1, 1, 2, 2, 1, 2, 1, 1, 1, 1, 1, 2, 0, 1, 1, 0, 0, 0, 1, 2, 1, 0, 0, 1, 0, 0, 2, 0, 0, 2, 1, 2, 0, 1, 0, 0, 0, 1, 2]|[4, 3, 2, 2, 0, 0, 2, 2, 2, 4, 1, 1, 2, 4, 4, 1, 1, 4, 2, 1, 1, 1, 1, 2, 1, 2, 1, 1, 1, 1, 3, 1, 3, 0, 4, 0, 1, 1, 0, 3, 2, 2, 4, 0, 1, 1, 0, 2, 0, 1, 2, 2, 1, 4, 0, 3, 2, 1, 1, 2, 1, 3, 1, 1, 1, 3, 0, 4, 3, 1, 4, 1, 1, 2, 4, 1, 2, 1, 1, 3, 1, 3, 1, 1, 1, 1, 2, 1, 2, 1, 1, 3, 1, 1, 4, 2, 2, 2, 3, 1]|[0, 2, 1, 1, 3, 3, 0, 1, 0, 0, 0, 0, 1, 0, 1, 0, 0, 3, 1, 0, 0, 0, 3, 1, 0, 2, 0, 0, 0, 1, 0, 0, 0, 0, 3, 0, 1, 0, 0, 2, 1, 1, 2, 0, 0, 0, 0, 1, 1, 0, 0, 0, 1, 3, 0, 0, 1, 0, 0, 1, 0, 2, 1, 0, 0, 2, 1, 0, 0, 1, 1, 3, 0, 1, 3, 1, 1, 0, 0, 2, 0, 0, 0, 0, 1, 0, 1, 0, 1, 0, 0, 2, 0, 1, 3, 0, 0, 0, 0, 0],764.1406961456112,57571.98020914945,90460.40004277138,true
37,G2_TEC,G2_TEC,[31, 22, 82, 15, 26, 9, 95, 42, 77, 68, 47, 5, 93, 78, 86, 54, 85, 63, 18, 44, 20, 49, 36, 14, 74, 50, 53, 17, 21, 28, 11, 64, 3, 23, 30, 83, 24, 41, 40, 52, 65, 27, 90, 70, 39, 87, 48, 69, 99, 4, 75, 1, 13, 58, 97, 59, 45, 8, 73, 37, 35, 79, 71, 66, 76, 32, 60, 80, 56, 6, 67, 61, 33, 7, 57, 34, 12, 16, 10, 98, 96, 88, 43, 46, 91, 38, 84, 92, 29, 19, 51, 55, 81, 89, 25, 72, 94, 2, 0, 62]|[2, 1, 2, 1, 1, 2, 1, 1, 1, 1, 1, 0, 2, 2, 1, 2, 0, 0, 0, 2, 2, 1, 0, 2, 0, 2, 2, 1, 0, 1, 1, 1, 0, 0, 1, 0, 2, 1, 2, 2, 0, 0, 1, 1, 0, 2, 0, 2, 1, 0, 0, 2, 0, 0, 2, 0, 1, 1, 0, 0, 2, 1, 1, 2, 2, 0, 2, 2, 2, 1, 2, 1, 1, 2, 0, 1, 1, 2, 1, 2, 0, 1, 1, 0, 1, 0, 0, 0, 1, 1, 1, 0, 1, 1, 1, 1, 2, 2, 0, 1]|[0, 3, 0, 3, 4, 1, 4, 4, 2, 4, 3, 2, 1, 0, 2, 1, 1, 1, 2, 1, 1, 3, 0, 1, 0, 1, 1, 4, 1, 4, 3, 2, 2, 0, 4, 1, 1, 4, 1, 1, 2, 1, 4, 4, 1, 1, 0, 2, 3, 2, 2, 1, 2, 1, 1, 2, 4, 3, 0, 2, 2, 3, 3, 1, 1, 2, 1, 1, 1, 4, 1, 3, 4, 1, 2, 4, 3, 1, 3, 1, 2, 4, 4, 2, 3, 2, 2, 2, 3, 4, 3, 2, 4, 4, 4, 4, 1, 1, 2, 3]|[0, 2, 0, 0, 3, 0, 1, 3, 0, 0, 2, 0, 1, 0, 1, 0, 0, 0, 1, 0, 0, 2, 0, 0, 1, 0, 0, 3, 0, 1, 0, 2, 0, 0, 3, 0, 1, 1, 0, 0, 0, 0, 1, 3, 0, 0, 1, 0, 2, 0, 0, 0, 0, 0, 1, 0, 1, 0, 1, 1, 0, 2, 0, 0, 0, 0, 0, 0, 0, 2, 0, 0, 1, 0, 0, 1, 0, 0, 3, 0, 0, 1, 2, 0, 0, 0, 0, 0, 3, 1, 0, 0, 2, 1, 3, 1, 0, 0, 0, 0],908.8272556494078,49235.066718390466,107289.32240407266,false
37,G3_TWC,G3_TWC,[31, 22, 82, 15, 26, 58, 95, 42, 77, 12, 47, 5, 93, 78, 98, 54, 85, 63, 18, 44, 20, 35, 43, 97, 91, 76, 10, 30, 21, 45, 71, 64, 1, 23, 17, 83, 24, 14, 60, 36, 6, 57, 94, 88, 65, 56, 79, 40, 67, 68, 46, 75, 39, 9, 19, 32, 81, 96, 27, 62, 87, 90, 99, 59, 11, 16, 72, 73, 70, 38, 37, 84, 3, 92, 25, 55, 28, 29, 51, 7, 33, 61, 86, 48, 89, 50, 69, 41, 53, 80, 4, 8, 34, 49, 52, 0, 13, 2, 66, 74]|[1, 1, 0, 1, 1, 1, 2, 1, 2, 1, 2, 2, 2, 1, 1, 0, 0, 1, 0, 2, 2, 0, 1, 2, 0, 1, 2, 2, 0, 0, 1, 2, 1, 2, 1, 0, 2, 0, 1, 1, 0, 1, 1, 1, 0, 2, 1, 1, 0, 0, 0, 0, 1, 1, 2, 1, 2, 0, 0, 0, 2, 1, 0, 1, 2, 1, 2, 1, 1, 1, 1, 1, 2, 0, 1, 1, 0, 0, 0, 1, 2, 1, 0, 0, 1, 0, 1, 0, 0, 0, 0, 1, 2, 0, 1, 0, 0, 0, 2, 2]|[4, 3, 2, 2, 0, 0, 2, 2, 2, 4, 1, 1, 2, 4, 4, 1, 1, 4, 2, 1, 1, 1, 1, 2, 1, 2, 1, 1, 1, 1, 3, 2, 3, 0, 4, 0, 1, 1, 0, 3, 2, 2, 4, 0, 1, 1, 0, 2, 0, 1, 2, 2, 1, 4, 0, 3, 2, 1, 1, 2, 1, 3, 1, 1, 1, 3, 0, 4, 3, 1, 4, 1, 1, 2, 4, 4, 2, 1, 1, 3, 1, 3, 1, 1, 1, 1, 3, 1, 2, 1, 2, 3, 1, 1, 1, 2, 2, 2, 1, 1]|[0, 2, 1, 1, 3, 3, 0, 1, 0, 0, 0, 0, 1, 0, 1, 0, 0, 3, 1, 0, 0, 0, 3, 1, 0, 2, 0, 0, 0, 1, 0, 0, 0, 0, 3, 0, 1, 0, 0, 2, 1, 1, 2, 0, 0, 0, 0, 1, 1, 0, 0, 0, 1, 3, 0, 0, 1, 0, 0, 1, 0, 2, 0, 1, 0, 2, 1, 0, 0, 1, 1, 3, 0, 1, 3, 3, 1, 0, 0, 2, 0, 0, 0, 0, 1, 0, 0, 0, 1, 0, 1, 2, 0, 1, 1, 0, 0, 0, 0, 0],790.0799945868791,57951.42221290124,88960.86369927591,false
37,G1_CMAX,G1_CMAX,[31, 22, 82, 15, 26, 99, 95, 42, 77, 12, 47, 5, 93, 78, 86, 54, 21, 63, 18, 44, 20, 35, 43, 97, 91, 76, 10, 30, 85, 45, 71, 64, 1, 23, 57, 83, 24, 14, 60, 36, 81, 17, 40, 88, 65, 56, 79, 94, 67, 68, 46, 75, 38, 9, 19, 32, 41, 6, 27, 87, 90, 58, 59, 11, 16, 72, 73, 70, 39, 37, 84, 3, 92, 25, 55, 28, 62, 29, 51, 7, 33, 61, 98, 48, 89, 50, 4, 96, 53, 80, 66, 8, 34, 49, 52, 0, 13, 2, 69, 74]|[1, 1, 0, 1, 1, 0, 1, 1, 2, 1, 2, 2, 2, 1, 1, 0, 0, 1, 0, 2, 2, 0, 1, 2, 0, 1, 2, 2, 0, 0, 1, 2, 1, 2, 1, 0, 2, 0, 1, 1, 0, 1, 1, 1, 0, 2, 1, 1, 0, 0, 0, 0, 1, 1, 2, 1, 2, 2, 0, 2, 1, 0, 1, 2, 1, 2, 1, 1, 1, 1, 1, 1, 0, 1, 2, 2, 0, 0, 2, 2, 2, 1, 2, 0, 1, 0, 1, 2, 0, 0, 2, 1, 2, 0, 1, 0, 0, 0, 1, 2]|[0, 3, 2, 2, 4, 1, 2, 3, 2, 4, 1, 1, 2, 4, 4, 1, 1, 4, 2, 1, 1, 1, 1, 2, 1, 2, 1, 1, 2, 1, 3, 2, 3, 0, 4, 0, 1, 1, 0, 3, 2, 2, 2, 0, 1, 1, 0, 4, 0, 1, 2, 2, 1, 4, 0, 3, 2, 2, 1, 1, 3, 1, 1, 1, 3, 0, 4, 3, 1, 4, 1, 1, 0, 4, 1, 1, 2, 1, 2, 1, 1, 3, 1, 1, 1, 1, 4, 1, 2, 1, 1, 3, 1, 1, 1, 2, 2, 2, 4, 1]|[0, 2, 1, 1, 3, 0, 1, 3, 0, 0, 0, 0, 1, 0, 1, 0, 0, 3, 1, 0, 0, 0, 3, 1, 0, 2, 0, 0, 0, 1, 0, 0, 0, 0, 3, 0, 1, 0, 0, 2, 1, 1, 1, 0, 0, 0, 0, 2, 1, 0, 0, 0, 1, 3, 0, 0, 1, 1, 0, 0, 2, 0, 1, 0, 2, 1, 0, 0, 1, 1, 3, 1, 1, 3, 0, 0, 1, 0, 1, 0, 0, 0, 0, 0, 1, 0, 0, 0, 1, 0, 0, 2, 0, 1, 1, 0, 0, 0, 2, 0],714.4485115867469,58161.785232764836,94013.66617097157,false
37,G4_BALANCED,G1_CMAX,[31, 22, 82, 15, 26, 58, 95, 42, 77, 12, 47, 5, 93, 78, 98, 54, 85, 63, 18, 44, 20, 35, 43, 97, 91, 76, 10, 30, 21, 45, 71, 64, 1, 23, 17, 83, 24, 14, 60, 36, 6, 57, 94, 88, 65, 56, 79, 40, 67, 68, 46, 75, 38, 9, 19, 32, 81, 41, 27, 62, 87, 90, 99, 59, 11, 16, 72, 73, 70, 39, 37, 84, 3, 92, 25, 55, 28, 29, 51, 7, 33, 61, 48, 66, 89, 50, 86, 96, 53, 80, 4, 8, 34, 49, 52, 0, 13, 2, 69, 74]|[1, 1, 0, 1, 1, 1, 2, 1, 2, 1, 2, 2, 2, 1, 1, 0, 0, 1, 0, 2, 2, 0, 0, 2, 0, 1, 2, 2, 0, 0, 1, 2, 1, 2, 1, 0, 2, 0, 1, 1, 0, 1, 1, 1, 0, 2, 1, 1, 0, 0, 0, 0, 1, 1, 2, 1, 2, 0, 0, 0, 2, 1, 1, 2, 2, 1, 2, 1, 1, 1, 1, 1, 1, 0, 1, 1, 0, 0, 0, 1, 2, 1, 0, 2, 1, 0, 0, 0, 0, 0, 0, 1, 2, 0, 1, 0, 0, 0, 1, 2]|[4, 3, 2, 2, 0, 0, 2, 2, 2, 4, 1, 1, 2, 4, 4, 1, 2, 4, 2, 1, 1, 1, 1, 2, 1, 2, 1, 1, 1, 1, 3, 1, 3, 0, 4, 0, 1, 1, 0, 3, 2, 2, 4, 0, 1, 1, 0, 2, 0, 1, 2, 2, 1, 4, 0, 3, 2, 1, 1, 1, 1, 3, 1, 1, 1, 3, 0, 4, 3, 1, 4, 1, 1, 2, 4, 4, 2, 1, 1, 3, 1, 3, 1, 1, 1, 1, 1, 1, 2, 1, 2, 3, 1, 1, 1, 2, 2, 2, 3, 1]|[0, 2, 1, 1, 3, 3, 0, 1, 0, 0, 0, 0, 1, 0, 1, 0, 0, 3, 1, 0, 0, 0, 0, 1, 0, 2, 0, 0, 0, 1, 0, 0, 0, 0, 3, 0, 1, 0, 0, 2, 1, 1, 2, 0, 0, 0, 0, 1, 1, 0, 0, 0, 1, 3, 0, 0, 1, 0, 0, 0, 0, 2, 1, 0, 0, 2, 1, 0, 0, 1, 1, 3, 1, 1, 3, 3, 1, 0, 0, 2, 0, 0, 0, 0, 1, 0, 0, 0, 1, 0, 1, 2, 0, 1, 1, 0, 0, 0, 0, 0],797.1361525286193,57537.89100467504,90192.49185999582,true
37,G2_TEC,G2_TEC,[31, 22, 82, 15, 26, 9, 95, 42, 77, 68, 47, 5, 93, 78, 86, 54, 85, 63, 18, 44, 20, 49, 36, 14, 74, 50, 53, 17, 21, 28, 11, 64, 3, 23, 30, 83, 24, 41, 40, 52, 65, 27, 90, 70, 39, 87, 48, 69, 99, 4, 75, 1, 13, 58, 97, 59, 45, 8, 73, 37, 35, 79, 71, 66, 76, 32, 60, 80, 56, 6, 67, 61, 33, 7, 57, 34, 12, 16, 10, 98, 96, 88, 43, 46, 91, 38, 84, 92, 29, 19, 51, 55, 81, 89, 25, 72, 94, 2, 0, 62]|[2, 1, 2, 1, 1, 2, 1, 1, 1, 1, 1, 0, 2, 2, 1, 2, 0, 0, 0, 2, 2, 1, 0, 2, 0, 2, 2, 1, 0, 1, 1, 1, 0, 0, 1, 0, 2, 1, 2, 2, 0, 0, 1, 1, 0, 2, 0, 2, 1, 0, 0, 2, 0, 0, 2, 0, 1, 1, 0, 0, 2, 1, 1, 2, 2, 0, 2, 2, 2, 1, 2, 1, 1, 2, 0, 1, 1, 2, 1, 2, 0, 1, 1, 0, 1, 0, 0, 0, 1, 1, 1, 0, 1, 1, 1, 1, 2, 2, 0, 1]|[0, 3, 0, 3, 4, 1, 4, 4, 2, 4, 3, 2, 1, 0, 2, 1, 1, 1, 2, 1, 1, 3, 0, 1, 0, 1, 1, 4, 1, 4, 3, 2, 2, 0, 4, 1, 1, 4, 1, 1, 2, 1, 4, 4, 1, 1, 0, 2, 3, 2, 2, 1, 2, 1, 1, 2, 4, 3, 0, 2, 2, 3, 3, 1, 1, 2, 1, 1, 1, 4, 1, 3, 4, 1, 2, 4, 3, 1, 3, 1, 2, 4, 4, 2, 3, 2, 2, 2, 3, 4, 3, 2, 4, 4, 4, 4, 1, 1, 2, 3]|[0, 2, 0, 0, 3, 0, 1, 3, 0, 0, 2, 0, 1, 0, 1, 0, 0, 0, 1, 0, 0, 2, 0, 0, 1, 0, 0, 3, 0, 1, 0, 2, 0, 0, 3, 0, 1, 1, 0, 0, 0, 0, 1, 3, 0, 0, 1, 0, 2, 0, 0, 0, 0, 0, 1, 0, 1, 0, 1, 1, 0, 2, 0, 0, 0, 0, 0, 0, 0, 2, 0, 0, 1, 0, 0, 1, 0, 0, 3, 0, 0, 1, 2, 0, 0, 0, 0, 0, 3, 1, 0, 0, 2, 1, 3, 1, 0, 0, 0, 0],908.8272556494078,49235.066718390466,107289.32240407266,false
37,G3_TWC,G3_TWC,[31, 22, 82, 15, 26, 58, 95, 42, 77, 12, 47, 5, 93, 78, 98, 54, 85, 63, 18, 44, 20, 35, 43, 97, 91, 76, 10, 30, 21, 45, 71, 64, 1, 23, 17, 83, 24, 14, 60, 36, 6, 57, 94, 88, 65, 56, 79, 40, 67, 68, 46, 75, 39, 9, 19, 32, 81, 96, 27, 62, 87, 90, 99, 59, 11, 16, 72, 73, 70, 38, 37, 84, 3, 92, 25, 55, 28, 29, 51, 7, 33, 61, 86, 48, 89, 50, 69, 41, 53, 80, 4, 8, 34, 49, 52, 0, 13, 2, 66, 74]|[1, 1, 0, 1, 1, 1, 2, 1, 2, 1, 2, 2, 2, 1, 1, 0, 0, 1, 0, 2, 2, 0, 1, 2, 0, 1, 2, 2, 0, 0, 1, 2, 1, 2, 1, 0, 2, 0, 1, 1, 0, 1, 1, 1, 0, 2, 1, 1, 0, 0, 0, 0, 1, 1, 2, 1, 2, 0, 0, 0, 2, 1, 0, 1, 2, 1, 2, 1, 1, 1, 1, 1, 2, 0, 1, 1, 0, 0, 0, 1, 2, 1, 0, 0, 1, 0, 1, 0, 0, 0, 0, 1, 2, 0, 1, 0, 0, 0, 2, 2]|[4, 3, 2, 2, 0, 0, 2, 2, 2, 4, 1, 1, 2, 4, 4, 1, 1, 4, 2, 1, 1, 1, 1, 2, 1, 2, 1, 1, 1, 1, 3, 2, 3, 0, 4, 0, 1, 1, 0, 3, 2, 2, 4, 0, 1, 1, 0, 2, 0, 1, 2, 2, 1, 4, 0, 3, 2, 1, 1, 2, 1, 3, 1, 1, 1, 3, 0, 4, 3, 1, 4, 1, 1, 2, 4, 4, 2, 1, 1, 3, 1, 3, 1, 1, 1, 1, 3, 1, 2, 1, 2, 3, 1, 1, 1, 2, 2, 2, 1, 1]|[0, 2, 1, 1, 3, 3, 0, 1, 0, 0, 0, 0, 1, 0, 1, 0, 0, 3, 1, 0, 0, 0, 3, 1, 0, 2, 0, 0, 0, 1, 0, 0, 0, 0, 3, 0, 1, 0, 0, 2, 1, 1, 2, 0, 0, 0, 0, 1, 1, 0, 0, 0, 1, 3, 0, 0, 1, 0, 0, 1, 0, 2, 0, 1, 0, 2, 1, 0, 0, 1, 1, 3, 0, 1, 3, 3, 1, 0, 0, 2, 0, 0, 0, 0, 1, 0, 0, 0, 1, 0, 1, 2, 0, 1, 1, 0, 0, 0, 0, 0],790.0799945868791,57951.42221290124,88960.86369927591,false
37,G1_CMAX,G1_CMAX,[31, 22, 82, 15, 26, 99, 95, 42, 77, 12, 47, 5, 93, 78, 86, 54, 21, 63, 18, 44, 20, 35, 43, 97, 91, 76, 10, 30, 85, 45, 71, 64, 1, 23, 57, 83, 24, 14, 60, 36, 81, 17, 40, 88, 65, 56, 79, 94, 67, 68, 46, 75, 38, 9, 19, 32, 41, 6, 27, 87, 90, 58, 59, 11, 16, 72, 73, 70, 39, 37, 84, 3, 92, 25, 55, 28, 62, 29, 51, 7, 33, 61, 98, 48, 89, 50, 4, 96, 53, 80, 66, 8, 34, 49, 52, 0, 13, 2, 69, 74]|[1, 1, 0, 1, 1, 0, 1, 1, 2, 1, 2, 2, 2, 1, 1, 0, 0, 1, 0, 2, 2, 0, 1, 2, 0, 1, 2, 2, 0, 0, 1, 2, 1, 2, 1, 0, 2, 0, 1, 1, 0, 1, 1, 1, 0, 2, 1, 1, 0, 0, 0, 0, 1, 1, 2, 1, 2, 2, 0, 2, 1, 0, 1, 2, 1, 2, 1, 1, 1, 1, 1, 1, 0, 1, 2, 2, 0, 0, 2, 2, 2, 1, 2, 0, 1, 0, 1, 2, 0, 0, 2, 1, 2, 0, 1, 0, 0, 0, 1, 2]|[0, 3, 2, 2, 4, 1, 2, 3, 2, 4, 1, 1, 2, 4, 4, 1, 1, 4, 2, 1, 1, 1, 1, 2, 1, 2, 1, 1, 2, 1, 3, 2, 3, 0, 4, 0, 1, 1, 0, 3, 2, 2, 2, 0, 1, 1, 0, 4, 0, 1, 2, 2, 1, 4, 0, 3, 2, 2, 1, 1, 3, 1, 1, 1, 3, 0, 4, 3, 1, 4, 1, 1, 0, 4, 1, 1, 2, 1, 2, 1, 1, 3, 1, 1, 1, 1, 4, 1, 2, 1, 1, 3, 1, 1, 1, 2, 2, 2, 4, 1]|[0, 2, 1, 1, 3, 0, 1, 3, 0, 0, 0, 0, 1, 0, 1, 0, 0, 3, 1, 0, 0, 0, 3, 1, 0, 2, 0, 0, 0, 1, 0, 0, 0, 0, 3, 0, 1, 0, 0, 2, 1, 1, 1, 0, 0, 0, 0, 2, 1, 0, 0, 0, 1, 3, 0, 0, 1, 1, 0, 0, 2, 0, 1, 0, 2, 1, 0, 0, 1, 1, 3, 1, 1, 3, 0, 0, 1, 0, 1, 0, 0, 0, 0, 0, 1, 0, 0, 0, 1, 0, 0, 2, 0, 1, 1, 0, 0, 0, 2, 0],714.4485115867469,58161.785232764836,94013.66617097157,false
37,G4_BALANCED,G3_TWC,[31, 22, 82, 15, 26, 58, 95, 42, 77, 12, 47, 5, 93, 78, 98, 54, 85, 63, 18, 44, 20, 35, 43, 97, 91, 76, 10, 30, 21, 45, 71, 64, 1, 23, 17, 83, 24, 14, 60, 36, 6, 57, 94, 88, 65, 56, 79, 40, 67, 68, 46, 75, 38, 9, 19, 32, 81, 41, 27, 62, 87, 90, 99, 59, 11, 16, 72, 73, 70, 39, 37, 84, 92, 25, 55, 3, 28, 29, 51, 7, 33, 61, 48, 66, 89, 50, 86, 96, 53, 80, 4, 8, 34, 49, 52, 0, 13, 2, 69, 74]|[1, 1, 0, 1, 1, 0, 2, 1, 2, 1, 2, 2, 2, 1, 1, 0, 0, 1, 0, 2, 2, 0, 1, 2, 0, 1, 2, 2, 0, 0, 1, 2, 1, 2, 1, 0, 2, 0, 1, 1, 0, 1, 1, 1, 0, 2, 1, 1, 0, 0, 0, 0, 1, 1, 2, 1, 2, 0, 0, 0, 2, 1, 0, 1, 2, 1, 2, 1, 1, 1, 1, 1, 0, 1, 1, 2, 0, 0, 0, 2, 2, 1, 0, 2, 1, 0, 0, 0, 0, 0, 0, 0, 2, 0, 1, 0, 0, 0, 1, 2]|[4, 3, 2, 2, 4, 1, 2, 2, 2, 4, 1, 1, 2, 4, 4, 1, 1, 4, 2, 1, 1, 1, 1, 2, 1, 2, 1, 1, 2, 1, 3, 2, 3, 0, 4, 0, 1, 1, 0, 3, 2, 2, 4, 0, 1, 1, 0, 2, 0, 1, 2, 2, 1, 4, 0, 3, 2, 1, 1, 2, 1, 3, 1, 1, 1, 3, 0, 4, 3, 1, 4, 1, 2, 4, 4, 1, 2, 1, 1, 1, 1, 3, 1, 1, 1, 1, 1, 1, 2, 1, 2, 1, 1, 1, 1, 2, 2, 2, 3, 1]|[0, 2, 1, 1, 3, 0, 0, 1, 0, 0, 0, 0, 1, 0, 1, 0, 0, 3, 1, 0, 0, 0, 3, 1, 0, 2, 0, 0, 0, 1, 0, 0, 0, 0, 3, 0, 1, 0, 0, 2, 1, 1, 2, 0, 0, 0, 0, 1, 1, 0, 0, 0, 1, 3, 0, 0, 1, 0, 0, 1, 0, 2, 0, 1, 0, 2, 1, 0, 0, 1, 1, 3, 1, 3, 3, 0, 1, 0, 0, 0, 0, 0, 0, 0, 1, 0, 0, 0, 1, 0, 1, 0, 0, 1, 1, 0, 0, 0, 0, 0],826.0186055860304,57189.56996225781,90725.33931854488,true
37,G2_TEC,G2_TEC,[31, 22, 82, 15, 26, 9, 95, 42, 77, 68, 47, 5, 93, 78, 86, 54, 85, 63, 18, 44, 20, 49, 36, 14, 74, 50, 53, 17, 21, 28, 11, 64, 3, 23, 30, 83, 24, 41, 40, 52, 65, 27, 90, 70, 39, 87, 48, 69, 99, 4, 75, 1, 13, 58, 97, 59, 45, 8, 73, 37, 35, 79, 71, 66, 76, 32, 60, 80, 56, 6, 67, 61, 33, 7, 57, 34, 12, 16, 10, 98, 96, 88, 43, 46, 91, 38, 84, 92, 29, 19, 51, 55, 81, 89, 25, 72, 94, 2, 0, 62]|[2, 1, 2, 1, 1, 2, 1, 1, 1, 1, 1, 0, 2, 2, 1, 2, 0, 0, 0, 2, 2, 1, 0, 2, 0, 2, 2, 1, 0, 1, 1, 1, 0, 0, 1, 0, 2, 1, 2, 2, 0, 0, 1, 1, 0, 2, 0, 2, 1, 0, 0, 2, 0, 0, 2, 0, 1, 1, 0, 0, 2, 1, 1, 2, 2, 0, 2, 2, 2, 1, 2, 1, 1, 2, 0, 1, 1, 2, 1, 2, 0, 1, 1, 0, 1, 0, 0, 0, 1, 1, 1, 0, 1, 1, 1, 1, 2, 2, 0, 1]|[0, 3, 0, 3, 4, 1, 4, 4, 2, 4, 3, 2, 1, 0, 2, 1, 1, 1, 2, 1, 1, 3, 0, 1, 0, 1, 1, 4, 1, 4, 3, 2, 2, 0, 4, 1, 1, 4, 1, 1, 2, 1, 4, 4, 1, 1, 0, 2, 3, 2, 2, 1, 2, 1, 1, 2, 4, 3, 0, 2, 2, 3, 3, 1, 1, 2, 1, 1, 1, 4, 1, 3, 4, 1, 2, 4, 3, 1, 3, 1, 2, 4, 4, 2, 3, 2, 2, 2, 3, 4, 3, 2, 4, 4, 4, 4, 1, 1, 2, 3]|[0, 2, 0, 0, 3, 0, 1, 3, 0, 0, 2, 0, 1, 0, 1, 0, 0, 0, 1, 0, 0, 2, 0, 0, 1, 0, 0, 3, 0, 1, 0, 2, 0, 0, 3, 0, 1, 1, 0, 0, 0, 0, 1, 3, 0, 0, 1, 0, 2, 0, 0, 0, 0, 0, 1, 0, 1, 0, 1, 1, 0, 2, 0, 0, 0, 0, 0, 0, 0, 2, 0, 0, 1, 0, 0, 1, 0, 0, 3, 0, 0, 1, 2, 0, 0, 0, 0, 0, 3, 1, 0, 0, 2, 1, 3, 1, 0, 0, 0, 0],908.8272556494078,49235.066718390466,107289.32240407266,false
37,G3_TWC,G3_TWC,[31, 22, 82, 15, 26, 58, 95, 42, 77, 12, 47, 5, 93, 78, 98, 54, 85, 63, 18, 44, 20, 35, 43, 97, 91, 76, 10, 30, 21, 45, 71, 64, 1, 23, 17, 83, 24, 14, 60, 36, 6, 57, 94, 88, 65, 56, 79, 40, 67, 68, 46, 75, 39, 9, 19, 32, 81, 96, 27, 62, 87, 90, 99, 59, 11, 16, 72, 73, 70, 38, 37, 84, 3, 92, 25, 55, 28, 29, 51, 7, 33, 61, 86, 48, 89, 50, 69, 41, 53, 80, 4, 8, 34, 49, 52, 0, 13, 2, 66, 74]|[1, 1, 0, 1, 1, 1, 2, 1, 2, 1, 2, 2, 2, 1, 1, 0, 0, 1, 0, 2, 2, 0, 1, 2, 0, 1, 2, 2, 0, 0, 1, 2, 1, 2, 1, 0, 2, 0, 1, 1, 0, 1, 1, 1, 0, 2, 1, 1, 0, 0, 0, 0, 1, 1, 2, 1, 2, 0, 0, 0, 2, 1, 0, 1, 2, 1, 2, 1, 1, 1, 1, 1, 2, 0, 1, 1, 0, 0, 0, 1, 2, 1, 0, 0, 1, 0, 1, 0, 0, 0, 0, 1, 2, 0, 1, 0, 0, 0, 2, 2]|[4, 3, 2, 2, 0, 0, 2, 2, 2, 4, 1, 1, 2, 4, 4, 1, 1, 4, 2, 1, 1, 1, 1, 2, 1, 2, 1, 1, 1, 1, 3, 2, 3, 0, 4, 0, 1, 1, 0, 3, 2, 2, 4, 0, 1, 1, 0, 2, 0, 1, 2, 2, 1, 4, 0, 3, 2, 1, 1, 2, 1, 3, 1, 1, 1, 3, 0, 4, 3, 1, 4, 1, 1, 2, 4, 4, 2, 1, 1, 3, 1, 3, 1, 1, 1, 1, 3, 1, 2, 1, 2, 3, 1, 1, 1, 2, 2, 2, 1, 1]|[0, 2, 1, 1, 3, 3, 0, 1, 0, 0, 0, 0, 1, 0, 1, 0, 0, 3, 1, 0, 0, 0, 3, 1, 0, 2, 0, 0, 0, 1, 0, 0, 0, 0, 3, 0, 1, 0, 0, 2, 1, 1, 2, 0, 0, 0, 0, 1, 1, 0, 0, 0, 1, 3, 0, 0, 1, 0, 0, 1, 0, 2, 0, 1, 0, 2, 1, 0, 0, 1, 1, 3, 0, 1, 3, 3, 1, 0, 0, 2, 0, 0, 0, 0, 1, 0, 0, 0, 1, 0, 1, 2, 0, 1, 1, 0, 0, 0, 0, 0],790.0799945868791,57951.42221290124,88960.86369927591,false
37,G1_CMAX,G1_CMAX,[31, 22, 82, 15, 26, 99, 95, 42, 77, 12, 47, 5, 93, 78, 86, 54, 21, 63, 18, 44, 20, 35, 43, 97, 91, 76, 10, 30, 85, 45, 71, 64, 1, 23, 57, 83, 24, 14, 60, 36, 81, 17, 40, 88, 65, 56, 79, 94, 67, 68, 46, 75, 38, 9, 19, 32, 41, 6, 27, 87, 90, 58, 59, 11, 16, 72, 73, 70, 39, 37, 84, 3, 92, 25, 55, 28, 62, 29, 51, 7, 33, 61, 98, 48, 89, 50, 4, 96, 53, 80, 66, 8, 34, 49, 52, 0, 13, 2, 69, 74]|[1, 1, 0, 1, 1, 0, 1, 1, 2, 1, 2, 2, 2, 1, 1, 0, 0, 1, 0, 2, 2, 0, 1, 2, 0, 1, 2, 2, 0, 0, 1, 2, 1, 2, 1, 0, 2, 0, 1, 1, 0, 1, 1, 1, 0, 2, 1, 1, 0, 0, 0, 0, 1, 1, 2, 1, 2, 2, 0, 2, 1, 0, 1, 2, 1, 2, 1, 1, 1, 1, 1, 1, 0, 1, 2, 2, 0, 0, 2, 2, 2, 1, 2, 0, 1, 0, 1, 2, 0, 0, 2, 1, 2, 0, 1, 0, 0, 0, 1, 2]|[0, 3, 2, 2, 4, 1, 2, 3, 2, 4, 1, 1, 2, 4, 4, 1, 1, 4, 2, 1, 1, 1, 1, 2, 1, 2, 1, 1, 2, 1, 3, 2, 3, 0, 4, 0, 1, 1, 0, 3, 2, 2, 2, 0, 1, 1, 0, 4, 0, 1, 2, 2, 1, 4, 0, 3, 2, 2, 1, 1, 3, 1, 1, 1, 3, 0, 4, 3, 1, 4, 1, 1, 0, 4, 1, 1, 2, 1, 2, 1, 1, 3, 1, 1, 1, 1, 4, 1, 2, 1, 1, 3, 1, 1, 1, 2, 2, 2, 4, 1]|[0, 2, 1, 1, 3, 0, 1, 3, 0, 0, 0, 0, 1, 0, 1, 0, 0, 3, 1, 0, 0, 0, 3, 1, 0, 2, 0, 0, 0, 1, 0, 0, 0, 0, 3, 0, 1, 0, 0, 2, 1, 1, 1, 0, 0, 0, 0, 2, 1, 0, 0, 0, 1, 3, 0, 0, 1, 1, 0, 0, 2, 0, 1, 0, 2, 1, 0, 0, 1, 1, 3, 1, 1, 3, 0, 0, 1, 0, 1, 0, 0, 0, 0, 0, 1, 0, 0, 0, 1, 0, 0, 2, 0, 1, 1, 0, 0, 0, 2, 0],714.4485115867469,58161.785232764836,94013.66617097157,false
37,G4_BALANCED,G4_BALANCED,[31, 22, 82, 15, 26, 9, 95, 42, 77, 68, 47, 5, 93, 78, 86, 54, 85, 63, 18, 44, 20, 49, 36, 14, 74, 50, 53, 17, 21, 28, 11, 64, 3, 23, 30, 83, 24, 41, 40, 52, 65, 27, 90, 70, 39, 87, 48, 69, 99, 4, 46, 1, 13, 58, 19, 59, 45, 8, 73, 37, 35, 79, 71, 66, 76, 32, 60, 80, 96, 6, 67, 61, 33, 7, 57, 34, 12, 16, 10, 98, 56, 88, 43, 84, 91, 38, 75, 92, 29, 97, 51, 55, 72, 89, 25, 81, 94, 2, 62, 0]|[2, 1, 2, 1, 1, 0, 1, 1, 1, 1, 1, 0, 2, 2, 1, 2, 0, 0, 0, 2, 2, 1, 0, 2, 0, 2, 2, 1, 0, 1, 1, 1, 0, 0, 1, 0, 2, 1, 2, 2, 0, 0, 1, 1, 0, 2, 0, 2, 1, 0, 0, 2, 0, 0, 2, 0, 1, 1, 0, 0, 2, 1, 1, 2, 2, 0, 2, 2, 2, 1, 2, 1, 1, 2, 0, 1, 1, 2, 1, 2, 2, 1, 1, 0, 1, 0, 0, 0, 1, 1, 1, 0, 1, 1, 1, 1, 2, 2, 1, 0]|[0, 3, 0, 3, 4, 1, 4, 4, 2, 4, 3, 2, 1, 0, 2, 1, 1, 1, 2, 1, 1, 3, 0, 1, 0, 1, 1, 4, 1, 4, 3, 2, 2, 0, 4, 1, 1, 4, 1, 1, 2, 1, 4, 4, 1, 1, 0, 2, 3, 2, 2, 1, 2, 1, 1, 2, 4, 3, 0, 2, 2, 3, 3, 1, 1, 2, 1, 1, 1, 4, 1, 3, 4, 1, 2, 4, 3, 1, 3, 1, 1, 4, 4, 2, 3, 2, 2, 2, 3, 4, 3, 2, 4, 4, 4, 4, 1, 1, 3, 2]|[0, 2, 0, 0, 3, 0, 1, 3, 0, 0, 2, 0, 1, 0, 1, 0, 0, 0, 1, 0, 0, 2, 0, 0, 1, 0, 0, 3, 0, 1, 0, 2, 0, 0, 3, 0, 1, 1, 0, 0, 0, 0, 1, 3, 0, 0, 1, 0, 2, 0, 0, 0, 0, 1, 1, 0, 1, 0, 1, 1, 0, 2, 0, 0, 0, 0, 0, 0, 0, 2, 0, 0, 1, 0, 0, 1, 0, 0, 3, 0, 0, 1, 2, 0, 0, 0, 0, 0, 3, 1, 0, 0, 1, 1, 3, 2, 0, 0, 0, 0],880.5078726524667,49907.548330059835,103796.87624961621,false
37,G2_TEC,G2_TEC,[31, 22, 82, 15, 26, 9, 95, 42, 77, 68, 47, 5, 93, 78, 86, 54, 85, 63, 18, 44, 20, 49, 36, 14, 74, 50, 53, 17, 21, 28, 11, 64, 3, 23, 30, 83, 24, 41, 40, 52, 65, 27, 90, 70, 39, 87, 48, 69, 99, 4, 75, 1, 13, 58, 97, 59, 45, 8, 73, 37, 35, 79, 71, 66, 76, 32, 60, 80, 56, 6, 67, 61, 33, 7, 57, 34, 12, 16, 10, 98, 96, 88, 43, 46, 91, 38, 84, 92, 29, 19, 51, 55, 81, 89, 25, 72, 94, 2, 0, 62]|[2, 1, 2, 1, 1, 2, 1, 1, 1, 1, 1, 0, 2, 2, 1, 2, 0, 0, 0, 2, 2, 1, 0, 2, 0, 2, 2, 1, 0, 1, 1, 1, 0, 0, 1, 0, 2, 1, 2, 2, 0, 0, 1, 1, 0, 2, 0, 2, 1, 0, 0, 2, 0, 0, 2, 0, 1, 1, 0, 0, 2, 1, 1, 2, 2, 0, 2, 2, 2, 1, 2, 1, 1, 2, 0, 1, 1, 2, 1, 2, 0, 1, 1, 0, 1, 0, 0, 0, 1, 1, 1, 0, 1, 1, 1, 1, 2, 2, 0, 1]|[0, 3, 0, 3, 4, 1, 4, 4, 2, 4, 3, 2, 1, 0, 2, 1, 1, 1, 2, 1, 1, 3, 0, 1, 0, 1, 1, 4, 1, 4, 3, 2, 2, 0, 4, 1, 1, 4, 1, 1, 2, 1, 4, 4, 1, 1, 0, 2, 3, 2, 2, 1, 2, 1, 1, 2, 4, 3, 0, 2, 2, 3, 3, 1, 1, 2, 1, 1, 1, 4, 1, 3, 4, 1, 2, 4, 3, 1, 3, 1, 2, 4, 4, 2, 3, 2, 2, 2, 3, 4, 3, 2, 4, 4, 4, 4, 1, 1, 2, 3]|[0, 2, 0, 0, 3, 0, 1, 3, 0, 0, 2, 0, 1, 0, 1, 0, 0, 0, 1, 0, 0, 2, 0, 0, 1, 0, 0, 3, 0, 1, 0, 2, 0, 0, 3, 0, 1, 1, 0, 0, 0, 0, 1, 3, 0, 0, 1, 0, 2, 0, 0, 0, 0, 0, 1, 0, 1, 0, 1, 1, 0, 2, 0, 0, 0, 0, 0, 0, 0, 2, 0, 0, 1, 0, 0, 1, 0, 0, 3, 0, 0, 1, 2, 0, 0, 0, 0, 0, 3, 1, 0, 0, 2, 1, 3, 1, 0, 0, 0, 0],908.8272556494078,49235.066718390466,107289.32240407266,false
37,G3_TWC,G3_TWC,[31, 22, 82, 15, 26, 58, 95, 42, 77, 12, 47, 5, 93, 78, 98, 54, 85, 63, 18, 44, 20, 35, 43, 97, 91, 76, 10, 30, 21, 45, 71, 64, 1, 23, 17, 83, 24, 14, 60, 36, 6, 57, 94, 88, 65, 56, 79, 40, 67, 68, 46, 75, 39, 9, 19, 32, 81, 96, 27, 62, 87, 90, 99, 59, 11, 16, 72, 73, 70, 38, 37, 84, 3, 92, 25, 55, 28, 29, 51, 7, 33, 61, 86, 48, 89, 50, 69, 41, 53, 80, 4, 8, 34, 49, 52, 0, 13, 2, 66, 74]|[1, 1, 0, 1, 1, 1, 2, 1, 2, 1, 2, 2, 2, 1, 1, 0, 0, 1, 0, 2, 2, 0, 1, 2, 0, 1, 2, 2, 0, 0, 1, 2, 1, 2, 1, 0, 2, 0, 1, 1, 0, 1, 1, 1, 0, 2, 1, 1, 0, 0, 0, 0, 1, 1, 2, 1, 2, 0, 0, 0, 2, 1, 0, 1, 2, 1, 2, 1, 1, 1, 1, 1, 2, 0, 1, 1, 0, 0, 0, 1, 2, 1, 0, 0, 1, 0, 1, 0, 0, 0, 0, 1, 2, 0, 1, 0, 0, 0, 2, 2]|[4, 3, 2, 2, 0, 0, 2, 2, 2, 4, 1, 1, 2, 4, 4, 1, 1, 4, 2, 1, 1, 1, 1, 2, 1, 2, 1, 1, 1, 1, 3, 2, 3, 0, 4, 0, 1, 1, 0, 3, 2, 2, 4, 0, 1, 1, 0, 2, 0, 1, 2, 2, 1, 4, 0, 3, 2, 1, 1, 2, 1, 3, 1, 1, 1, 3, 0, 4, 3, 1, 4, 1, 1, 2, 4, 4, 2, 1, 1, 3, 1, 3, 1, 1, 1, 1, 3, 1, 2, 1, 2, 3, 1, 1, 1, 2, 2, 2, 1, 1]|[0, 2, 1, 1, 3, 3, 0, 1, 0, 0, 0, 0, 1, 0, 1, 0, 0, 3, 1, 0, 0, 0, 3, 1, 0, 2, 0, 0, 0, 1, 0, 0, 0, 0, 3, 0, 1, 0, 0, 2, 1, 1, 2, 0, 0, 0, 0, 1, 1, 0, 0, 0, 1, 3, 0, 0, 1, 0, 0, 1, 0, 2, 0, 1, 0, 2, 1, 0, 0, 1, 1, 3, 0, 1, 3, 3, 1, 0, 0, 2, 0, 0, 0, 0, 1, 0, 0, 0, 1, 0, 1, 2, 0, 1, 1, 0, 0, 0, 0, 0],790.0799945868791,57951.42221290124,88960.86369927591,false
37,G1_CMAX,G1_CMAX,[31, 22, 82, 15, 26, 99, 95, 42, 77, 12, 47, 5, 93, 78, 86, 54, 21, 63, 18, 44, 20, 35, 43, 97, 91, 76, 10, 30, 85, 45, 71, 64, 1, 23, 57, 83, 24, 14, 60, 36, 81, 17, 40, 88, 65, 56, 79, 94, 67, 68, 46, 75, 38, 9, 19, 32, 41, 6, 27, 87, 90, 58, 59, 11, 16, 72, 73, 70, 39, 37, 84, 3, 92, 25, 55, 28, 62, 29, 51, 7, 33, 61, 98, 48, 89, 50, 4, 96, 53, 80, 66, 8, 34, 49, 52, 0, 13, 2, 69, 74]|[1, 1, 0, 1, 1, 0, 1, 1, 2, 1, 2, 2, 2, 1, 1, 0, 0, 1, 0, 2, 2, 0, 1, 2, 0, 1, 2, 2, 0, 0, 1, 2, 1, 2, 1, 0, 2, 0, 1, 1, 0, 1, 1, 1, 0, 2, 1, 1, 0, 0, 0, 0, 1, 1, 2, 1, 2, 2, 0, 2, 1, 0, 1, 2, 1, 2, 1, 1, 1, 1, 1, 1, 0, 1, 2, 2, 0, 0, 2, 2, 2, 1, 2, 0, 1, 0, 1, 2, 0, 0, 2, 1, 2, 0, 1, 0, 0, 0, 1, 2]|[0, 3, 2, 2, 4, 1, 2, 3, 2, 4, 1, 1, 2, 4, 4, 1, 1, 4, 2, 1, 1, 1, 1, 2, 1, 2, 1, 1, 2, 1, 3, 2, 3, 0, 4, 0, 1, 1, 0, 3, 2, 2, 2, 0, 1, 1, 0, 4, 0, 1, 2, 2, 1, 4, 0, 3, 2, 2, 1, 1, 3, 1, 1, 1, 3, 0, 4, 3, 1, 4, 1, 1, 0, 4, 1, 1, 2, 1, 2, 1, 1, 3, 1, 1, 1, 1, 4, 1, 2, 1, 1, 3, 1, 1, 1, 2, 2, 2, 4, 1]|[0, 2, 1, 1, 3, 0, 1, 3, 0, 0, 0, 0, 1, 0, 1, 0, 0, 3, 1, 0, 0, 0, 3, 1, 0, 2, 0, 0, 0, 1, 0, 0, 0, 0, 3, 0, 1, 0, 0, 2, 1, 1, 1, 0, 0, 0, 0, 2, 1, 0, 0, 0, 1, 3, 0, 0, 1, 1, 0, 0, 2, 0, 1, 0, 2, 1, 0, 0, 1, 1, 3, 1, 1, 3, 0, 0, 1, 0, 1, 0, 0, 0, 0, 0, 1, 0, 0, 0, 1, 0, 0, 2, 0, 1, 1, 0, 0, 0, 2, 0],714.4485115867469,58161.785232764836,94013.66617097157,false
37,G4_BALANCED,G3_TWC,[31, 22, 82, 15, 26, 58, 95, 42, 77, 12, 47, 5, 93, 78, 98, 54, 85, 63, 18, 44, 20, 35, 43, 97, 91, 76, 10, 30, 21, 45, 71, 64, 1, 23, 17, 83, 24, 14, 60, 36, 6, 57, 94, 88, 65, 56, 79, 40, 67, 68, 46, 75, 38, 9, 19, 32, 81, 41, 27, 62, 87, 90, 99, 59, 11, 16, 72, 73, 70, 39, 37, 84, 3, 92, 25, 52, 28, 29, 51, 7, 33, 61, 86, 66, 89, 50, 69, 96, 53, 80, 8, 48, 34, 4, 55, 2, 13, 0, 49, 74]|[1, 1, 0, 1, 1, 1, 2, 1, 2, 1, 2, 2, 2, 1, 1, 0, 0, 1, 0, 2, 2, 0, 1, 2, 0, 1, 2, 2, 0, 0, 1, 2, 1, 2, 1, 0, 2, 0, 1, 1, 0, 1, 1, 1, 0, 2, 1, 1, 0, 0, 0, 0, 1, 1, 2, 1, 2, 0, 0, 0, 2, 1, 1, 2, 2, 1, 2, 1, 1, 1, 1, 1, 1, 0, 1, 2, 0, 0, 0, 1, 2, 1, 0, 2, 1, 0, 1, 0, 0, 0, 1, 0, 2, 0, 1, 0, 0, 0, 0, 2]|[4, 3, 2, 2, 0, 0, 2, 2, 2, 4, 1, 1, 2, 4, 4, 1, 1, 4, 2, 1, 1, 1, 1, 2, 1, 2, 1, 1, 1, 1, 3, 2, 3, 0, 4, 0, 1, 1, 0, 3, 2, 2, 4, 0, 1, 1, 0, 2, 0, 1, 2, 2, 1, 4, 0, 3, 2, 1, 1, 2, 1, 3, 1, 1, 1, 3, 0, 4, 3, 1, 4, 1, 1, 2, 4, 1, 2, 1, 1, 3, 1, 3, 1, 1, 1, 1, 4, 1, 2, 1, 3, 1, 1, 2, 4, 2, 2, 2, 1, 1]|[0, 2, 1, 1, 3, 3, 0, 1, 0, 0, 0, 0, 1, 0, 1, 0, 0, 3, 1, 0, 0, 0, 3, 1, 0, 2, 0, 0, 0, 1, 0, 0, 0, 0, 3, 0, 1, 0, 0, 2, 1, 1, 2, 0, 0, 0, 0, 1, 1, 0, 0, 0, 1, 3, 0, 0, 1, 0, 0, 1, 0, 2, 1, 0, 0, 2, 1, 0, 0, 1, 1, 3, 1, 1, 3, 0, 1, 0, 0, 2, 0, 0, 0, 0, 1, 0, 2, 0, 1, 0, 2, 0, 0, 1, 3, 0, 0, 0, 1, 0],778.1571309532659,57639.58708583879,90358.37136286322,true
37,G2_TEC,G2_TEC,[31, 22, 82, 15, 26, 9, 95, 42, 77, 68, 47, 5, 93, 78, 86, 54, 85, 63, 18, 44, 20, 49, 36, 14, 74, 50, 53, 17, 21, 28, 11, 64, 3, 23, 30, 83, 24, 41, 40, 52, 65, 27, 90, 70, 39, 87, 48, 69, 99, 4, 75, 1, 13, 58, 97, 59, 45, 8, 73, 37, 35, 79, 71, 66, 76, 32, 60, 80, 56, 6, 67, 61, 33, 7, 57, 34, 12, 16, 10, 98, 96, 88, 43, 46, 91, 38, 84, 92, 29, 19, 51, 55, 81, 89, 25, 72, 94, 2, 0, 62]|[2, 1, 2, 1, 1, 2, 1, 1, 1, 1, 1, 0, 2, 2, 1, 2, 0, 0, 0, 2, 2, 1, 0, 2, 0, 2, 2, 1, 0, 1, 1, 1, 0, 0, 1, 0, 2, 1, 2, 2, 0, 0, 1, 1, 0, 2, 0, 2, 1, 0, 0, 2, 0, 0, 2, 0, 1, 1, 0, 0, 2, 1, 1, 2, 2, 0, 2, 2, 2, 1, 2, 1, 1, 2, 0, 1, 1, 2, 1, 2, 0, 1, 1, 0, 1, 0, 0, 0, 1, 1, 1, 0, 1, 1, 1, 1, 2, 2, 0, 1]|[0, 3, 0, 3, 4, 1, 4, 4, 2, 4, 3, 2, 1, 0, 2, 1, 1, 1, 2, 1, 1, 3, 0, 1, 0, 1, 1, 4, 1, 4, 3, 2, 2, 0, 4, 1, 1, 4, 1, 1, 2, 1, 4, 4, 1, 1, 0, 2, 3, 2, 2, 1, 2, 1, 1, 2, 4, 3, 0, 2, 2, 3, 3, 1, 1, 2, 1, 1, 1, 4, 1, 3, 4, 1, 2, 4, 3, 1, 3, 1, 2, 4, 4, 2, 3, 2, 2, 2, 3, 4, 3, 2, 4, 4, 4, 4, 1, 1, 2, 3]|[0, 2, 0, 0, 3, 0, 1, 3, 0, 0, 2, 0, 1, 0, 1, 0, 0, 0, 1, 0, 0, 2, 0, 0, 1, 0, 0, 3, 0, 1, 0, 2, 0, 0, 3, 0, 1, 1, 0, 0, 0, 0, 1, 3, 0, 0, 1, 0, 2, 0, 0, 0, 0, 0, 1, 0, 1, 0, 1, 1, 0, 2, 0, 0, 0, 0, 0, 0, 0, 2, 0, 0, 1, 0, 0, 1, 0, 0, 3, 0, 0, 1, 2, 0, 0, 0, 0, 0, 3, 1, 0, 0, 2, 1, 3, 1, 0, 0, 0, 0],908.8272556494078,49235.066718390466,107289.32240407266,false
37,G3_TWC,G3_TWC,[31, 22, 82, 15, 26, 58, 95, 42, 77, 12, 47, 5, 93, 78, 98, 54, 85, 63, 18, 44, 20, 35, 43, 97, 91, 76, 10, 30, 21, 45, 71, 64, 1, 23, 17, 83, 24, 14, 60, 36, 6, 57, 94, 88, 65, 56, 79, 40, 67, 68, 46, 75, 39, 9, 19, 32, 81, 96, 27, 62, 87, 90, 99, 59, 11, 16, 72, 73, 70, 38, 37, 84, 3, 92, 25, 55, 28, 29, 51, 7, 33, 61, 86, 48, 89, 50, 69, 41, 53, 80, 4, 8, 34, 49, 52, 0, 13, 2, 66, 74]|[1, 1, 0, 1, 1, 1, 2, 1, 2, 1, 2, 2, 2, 1, 1, 0, 0, 1, 0, 2, 2, 0, 1, 2, 0, 1, 2, 2, 0, 0, 1, 2, 1, 2, 1, 0, 2, 0, 1, 1, 0, 1, 1, 1, 0, 2, 1, 1, 0, 0, 0, 0, 1, 1, 2, 1, 2, 0, 0, 0, 2, 1, 0, 1, 2, 1, 2, 1, 1, 1, 1, 1, 2, 0, 1, 1, 0, 0, 0, 1, 2, 1, 0, 0, 1, 0, 1, 0, 0, 0, 0, 1, 2, 0, 1, 0, 0, 0, 2, 2]|[4, 3, 2, 2, 0, 0, 2, 2, 2, 4, 1, 1, 2, 4, 4, 1, 1, 4, 2, 1, 1, 1, 1, 2, 1, 2, 1, 1, 1, 1, 3, 2, 3, 0, 4, 0, 1, 1, 0, 3, 2, 2, 4, 0, 1, 1, 0, 2, 0, 1, 2, 2, 1, 4, 0, 3, 2, 1, 1, 2, 1, 3, 1, 1, 1, 3, 0, 4, 3, 1, 4, 1, 1, 2, 4, 4, 2, 1, 1, 3, 1, 3, 1, 1, 1, 1, 3, 1, 2, 1, 2, 3, 1, 1, 1, 2, 2, 2, 1, 1]|[0, 2, 1, 1, 3, 3, 0, 1, 0, 0, 0, 0, 1, 0, 1, 0, 0, 3, 1, 0, 0, 0, 3, 1, 0, 2, 0, 0, 0, 1, 0, 0, 0, 0, 3, 0, 1, 0, 0, 2, 1, 1, 2, 0, 0, 0, 0, 1, 1, 0, 0, 0, 1, 3, 0, 0, 1, 0, 0, 1, 0, 2, 0, 1, 0, 2, 1, 0, 0, 1, 1, 3, 0, 1, 3, 3, 1, 0, 0, 2, 0, 0, 0, 0, 1, 0, 0, 0, 1, 0, 1, 2, 0, 1, 1, 0, 0, 0, 0, 0],790.0799945868791,57951.42221290124,88960.86369927591,false
37,G1_CMAX,G1_CMAX,[31, 22, 82, 15, 26, 99, 95, 42, 77, 12, 47, 5, 93, 78, 86, 54, 21, 63, 18, 44, 20, 35, 43, 97, 91, 76, 10, 30, 85, 45, 71, 64, 1, 23, 57, 83, 24, 14, 60, 36, 81, 17, 40, 88, 65, 56, 79, 94, 67, 68, 46, 75, 38, 9, 19, 32, 41, 6, 27, 87, 90, 58, 59, 11, 16, 72, 73, 70, 39, 37, 84, 3, 92, 25, 55, 28, 62, 29, 51, 7, 33, 61, 98, 48, 89, 50, 4, 96, 53, 80, 66, 8, 34, 49, 52, 0, 13, 2, 69, 74]|[1, 1, 0, 1, 1, 0, 1, 1, 2, 1, 2, 2, 2, 1, 1, 0, 0, 1, 0, 2, 2, 0, 1, 2, 0, 1, 2, 2, 0, 0, 1, 2, 1, 2, 1, 0, 2, 0, 1, 1, 0, 1, 1, 1, 0, 2, 1, 1, 0, 0, 0, 0, 1, 1, 2, 1, 2, 2, 0, 2, 1, 0, 1, 2, 1, 2, 1, 1, 1, 1, 1, 1, 0, 1, 2, 2, 0, 0, 2, 2, 2, 1, 2, 0, 1, 0, 1, 2, 0, 0, 2, 1, 2, 0, 1, 0, 0, 0, 1, 2]|[0, 3, 2, 2, 4, 1, 2, 3, 2, 4, 1, 1, 2, 4, 4, 1, 1, 4, 2, 1, 1, 1, 1, 2, 1, 2, 1, 1, 2, 1, 3, 2, 3, 0, 4, 0, 1, 1, 0, 3, 2, 2, 2, 0, 1, 1, 0, 4, 0, 1, 2, 2, 1, 4, 0, 3, 2, 2, 1, 1, 3, 1, 1, 1, 3, 0, 4, 3, 1, 4, 1, 1, 0, 4, 1, 1, 2, 1, 2, 1, 1, 3, 1, 1, 1, 1, 4, 1, 2, 1, 1, 3, 1, 1, 1, 2, 2, 2, 4, 1]|[0, 2, 1, 1, 3, 0, 1, 3, 0, 0, 0, 0, 1, 0, 1, 0, 0, 3, 1, 0, 0, 0, 3, 1, 0, 2, 0, 0, 0, 1, 0, 0, 0, 0, 3, 0, 1, 0, 0, 2, 1, 1, 1, 0, 0, 0, 0, 2, 1, 0, 0, 0, 1, 3, 0, 0, 1, 1, 0, 0, 2, 0, 1, 0, 2, 1, 0, 0, 1, 1, 3, 1, 1, 3, 0, 0, 1, 0, 1, 0, 0, 0, 0, 0, 1, 0, 0, 0, 1, 0, 0, 2, 0, 1, 1, 0, 0, 0, 2, 0],714.4485115867469,58161.785232764836,94013.66617097157,false
37,G4_BALANCED,G3_TWC,[31, 22, 82, 15, 26, 58, 95, 42, 77, 12, 47, 5, 93, 78, 98, 54, 85, 63, 18, 44, 81, 35, 43, 97, 91, 76, 10, 30, 21, 45, 71, 64, 1, 23, 17, 83, 24, 14, 60, 36, 6, 57, 94, 88, 67, 56, 79, 40, 65, 68, 46, 75, 38, 9, 19, 32, 20, 41, 27, 62, 87, 90, 99, 59, 11, 16, 72, 73, 70, 39, 37, 84, 3, 92, 25, 55, 28, 29, 51, 7, 33, 61, 86, 48, 89, 50, 66, 96, 53, 80, 8, 4, 34, 49, 52, 2, 13, 0, 69, 74]|[1, 1, 0, 1, 1, 1, 2, 1, 2, 1, 2, 2, 2, 1, 1, 0, 0, 1, 0, 2, 2, 0, 1, 2, 0, 1, 2, 2, 0, 0, 1, 2, 1, 2, 1, 0, 2, 0, 1, 1, 0, 1, 1, 1, 0, 2, 1, 1, 0, 0, 0, 0, 1, 1, 2, 1, 2, 0, 0, 0, 2, 1, 0, 1, 2, 1, 2, 1, 1, 1, 1, 1, 1, 0, 1, 1, 0, 0, 0, 1, 2, 1, 0, 0, 1, 0, 0, 0, 0, 0, 1, 0, 2, 0, 1, 0, 0, 0, 1, 2]|[4, 3, 2, 2, 0, 0, 2, 2, 2, 4, 1, 1, 2, 4, 4, 1, 1, 4, 2, 1, 1, 1, 1, 2, 1, 2, 1, 1, 1, 1, 3, 2, 3, 0, 4, 0, 1, 1, 0, 3, 2, 2, 4, 0, 1, 1, 0, 2, 1, 1, 2, 2, 1, 4, 0, 3, 1, 1, 1, 2, 1, 3, 1, 1, 1, 3, 0, 4, 3, 1, 4, 1, 1, 2, 4, 4, 2, 1, 1, 3, 1, 3, 1, 1, 1, 1, 1, 1, 2, 1, 3, 2, 1, 1, 1, 2, 2, 2, 3, 1]|[0, 2, 1, 1, 3, 3, 0, 1, 0, 0, 0, 0, 1, 0, 1, 0, 0, 3, 1, 0, 0, 0, 3, 1, 0, 2, 0, 0, 0, 1, 0, 0, 0, 0, 3, 0, 1, 0, 0, 2, 1, 1, 2, 0, 0, 0, 0, 1, 0, 0, 0, 0, 1, 3, 0, 0, 0, 0, 0, 1, 0, 2, 0, 1, 0, 2, 1, 0, 0, 1, 1, 3, 1, 1, 3, 3, 1, 0, 0, 2, 0, 0, 0, 0, 1, 0, 0, 0, 1, 0, 2, 1, 0, 1, 1, 0, 0, 0, 0, 0],843.4709970845271,57228.31881936741,89928.46452215366,true
37,G2_TEC,G4_BALANCED,[31, 11, 15, 82, 26, 9, 95, 32, 77, 68, 47, 5, 93, 78, 86, 54, 85, 63, 18, 44, 20, 49, 36, 14, 74, 50, 53, 17, 21, 45, 71, 64, 3, 73, 30, 83, 24, 41, 2, 52, 65, 27, 90, 70, 39, 87, 48, 69, 99, 4, 46, 1, 13, 58, 97, 59, 28, 75, 23, 37, 35, 79, 22, 66, 76, 42, 40, 80, 96, 6, 16, 61, 33, 7, 57, 34, 12, 67, 10, 98, 56, 88, 29, 8, 91, 38, 19, 92, 43, 84, 51, 72, 81, 25, 60, 55, 94, 89, 62, 0]|[2, 1, 1, 2, 1, 2, 1, 1, 1, 1, 1, 0, 2, 2, 1, 2, 0, 0, 0, 2, 2, 1, 0, 2, 0, 2, 2, 1, 0, 1, 1, 1, 0, 0, 1, 0, 2, 1, 2, 2, 0, 0, 1, 1, 0, 2, 0, 2, 1, 0, 0, 2, 0, 0, 2, 0, 1, 0, 0, 0, 2, 1, 0, 2, 2, 0, 2, 2, 0, 1, 2, 1, 1, 2, 0, 1, 1, 1, 1, 2, 2, 1, 1, 1, 1, 0, 1, 0, 1, 0, 1, 1, 1, 1, 2, 0, 2, 1, 1, 0]|[1, 3, 2, 0, 4, 1, 4, 4, 2, 4, 3, 2, 1, 0, 2, 1, 1, 1, 2, 1, 1, 3, 0, 1, 0, 1, 1, 4, 1, 4, 3, 2, 2, 0, 4, 1, 1, 4, 0, 1, 2, 1, 4, 4, 1, 1, 0, 2, 3, 2, 2, 1, 2, 1, 1, 2, 4, 2, 0, 2, 2, 3, 1, 0, 1, 2, 0, 1, 2, 4, 1, 3, 4, 1, 2, 4, 3, 3, 3, 1, 1, 4, 3, 3, 3, 2, 4, 2, 4, 2, 3, 4, 1, 4, 0, 2, 1, 4, 3, 2]|[1, 2, 1, 0, 3, 0, 1, 3, 0, 0, 2, 0, 1, 0, 1, 0, 0, 0, 1, 0, 0, 2, 0, 0, 1, 0, 0, 3, 0, 1, 0, 2, 0, 1, 3, 0, 1, 3, 1, 0, 0, 0, 1, 3, 0, 0, 1, 0, 2, 0, 0, 0, 0, 0, 1, 0, 1, 0, 1, 1, 0, 2, 0, 0, 0, 0, 0, 0, 0, 2, 0, 0, 1, 0, 0, 1, 0, 0, 3, 0, 0, 1, 0, 0, 0, 0, 3, 0, 2, 0, 0, 2, 1, 3, 1, 0, 0, 1, 0, 0],842.3358630601143,53281.86467765049,106164.56583665014,true
37,G3_TWC,G3_TWC,[31, 22, 82, 15, 26, 58, 95, 42, 77, 12, 47, 5, 93, 78, 98, 54, 85, 63, 18, 44, 20, 35, 43, 97, 91, 76, 10, 30, 21, 45, 71, 64, 1, 23, 17, 83, 24, 14, 60, 36, 6, 57, 94, 88, 65, 56, 79, 40, 67, 68, 46, 75, 39, 9, 19, 32, 81, 96, 27, 62, 87, 90, 99, 59, 11, 16, 72, 73, 70, 38, 37, 84, 3, 92, 25, 55, 28, 29, 51, 7, 33, 61, 86, 48, 89, 50, 69, 41, 53, 80, 4, 8, 34, 49, 52, 0, 13, 2, 66, 74]|[1, 1, 0, 1, 1, 1, 2, 1, 2, 1, 2, 2, 2, 1, 1, 0, 0, 1, 0, 2, 2, 0, 1, 2, 0, 1, 2, 2, 0, 0, 1, 2, 1, 2, 1, 0, 2, 0, 1, 1, 0, 1, 1, 1, 0, 2, 1, 1, 0, 0, 0, 0, 1, 1, 2, 1, 2, 0, 0, 0, 2, 1, 0, 1, 2, 1, 2, 1, 1, 1, 1, 1, 2, 0, 1, 1, 0, 0, 0, 1, 2, 1, 0, 0, 1, 0, 1, 0, 0, 0, 0, 1, 2, 0, 1, 0, 0, 0, 2, 2]|[4, 3, 2, 2, 0, 0, 2, 2, 2, 4, 1, 1, 2, 4, 4, 1, 1, 4, 2, 1, 1, 1, 1, 2, 1, 2, 1, 1, 1, 1, 3, 2, 3, 0, 4, 0, 1, 1, 0, 3, 2, 2, 4, 0, 1, 1, 0, 2, 0, 1, 2, 2, 1, 4, 0, 3, 2, 1, 1, 2, 1, 3, 1, 1, 1, 3, 0, 4, 3, 1, 4, 1, 1, 2, 4, 4, 2, 1, 1, 3, 1, 3, 1, 1, 1, 1, 3, 1, 2, 1, 2, 3, 1, 1, 1, 2, 2, 2, 1, 1]|[0, 2, 1, 1, 3, 3, 0, 1, 0, 0, 0, 0, 1, 0, 1, 0, 0, 3, 1, 0, 0, 0, 3, 1, 0, 2, 0, 0, 0, 1, 0, 0, 0, 0, 3, 0, 1, 0, 0, 2, 1, 1, 2, 0, 0, 0, 0, 1, 1, 0, 0, 0, 1, 3, 0, 0, 1, 0, 0, 1, 0, 2, 0, 1, 0, 2, 1, 0, 0, 1, 1, 3, 0, 1, 3, 3, 1, 0, 0, 2, 0, 0, 0, 0, 1, 0, 0, 0, 1, 0, 1, 2, 0, 1, 1, 0, 0, 0, 0, 0],790.0799945868791,57951.42221290124,88960.86369927591,false
37,G1_CMAX,G1_CMAX,[31, 22, 82, 15, 26, 99, 95, 42, 77, 12, 47, 5, 93, 78, 86, 54, 21, 63, 18, 44, 20, 35, 43, 97, 91, 76, 10, 30, 85, 45, 71, 64, 1, 23, 57, 83, 24, 14, 60, 36, 81, 17, 40, 88, 65, 56, 79, 94, 67, 68, 46, 75, 38, 9, 19, 32, 41, 6, 27, 87, 90, 58, 59, 11, 16, 72, 73, 70, 39, 37, 84, 3, 92, 25, 55, 28, 62, 29, 51, 7, 33, 61, 98, 48, 89, 50, 4, 96, 53, 80, 66, 8, 34, 49, 52, 0, 13, 2, 69, 74]|[1, 1, 0, 1, 1, 0, 1, 1, 2, 1, 2, 2, 2, 1, 1, 0, 0, 1, 0, 2, 2, 0, 1, 2, 0, 1, 2, 2, 0, 0, 1, 2, 1, 2, 1, 0, 2, 0, 1, 1, 0, 1, 1, 1, 0, 2, 1, 1, 0, 0, 0, 0, 1, 1, 2, 1, 2, 2, 0, 2, 1, 0, 1, 2, 1, 2, 1, 1, 1, 1, 1, 1, 0, 1, 2, 2, 0, 0, 2, 2, 2, 1, 2, 0, 1, 0, 1, 2, 0, 0, 2, 1, 2, 0, 1, 0, 0, 0, 1, 2]|[0, 3, 2, 2, 4, 1, 2, 3, 2, 4, 1, 1, 2, 4, 4, 1, 1, 4, 2, 1, 1, 1, 1, 2, 1, 2, 1, 1, 2, 1, 3, 2, 3, 0, 4, 0, 1, 1, 0, 3, 2, 2, 2, 0, 1, 1, 0, 4, 0, 1, 2, 2, 1, 4, 0, 3, 2, 2, 1, 1, 3, 1, 1, 1, 3, 0, 4, 3, 1, 4, 1, 1, 0, 4, 1, 1, 2, 1, 2, 1, 1, 3, 1, 1, 1, 1, 4, 1, 2, 1, 1, 3, 1, 1, 1, 2, 2, 2, 4, 1]|[0, 2, 1, 1, 3, 0, 1, 3, 0, 0, 0, 0, 1, 0, 1, 0, 0, 3, 1, 0, 0, 0, 3, 1, 0, 2, 0, 0, 0, 1, 0, 0, 0, 0, 3, 0, 1, 0, 0, 2, 1, 1, 1, 0, 0, 0, 0, 2, 1, 0, 0, 0, 1, 3, 0, 0, 1, 1, 0, 0, 2, 0, 1, 0, 2, 1, 0, 0, 1, 1, 3, 1, 1, 3, 0, 0, 1, 0, 1, 0, 0, 0, 0, 0, 1, 0, 0, 0, 1, 0, 0, 2, 0, 1, 1, 0, 0, 0, 2, 0],714.4485115867469,58161.785232764836,94013.66617097157,false
37,G4_BALANCED,G4_BALANCED,[31, 22, 82, 15, 26, 9, 95, 42, 77, 68, 47, 5, 93, 78, 86, 54, 85, 63, 18, 44, 20, 49, 36, 14, 74, 50, 53, 17, 21, 28, 11, 64, 3, 23, 30, 83, 24, 41, 40, 52, 65, 27, 90, 70, 39, 87, 48, 69, 99, 4, 46, 1, 13, 58, 97, 59, 45, 8, 73, 37, 35, 79, 71, 66, 76, 32, 60, 80, 96, 6, 16, 61, 33, 7, 57, 34, 12, 67, 10, 98, 56, 88, 43, 75, 91, 38, 84, 92, 29, 19, 2, 72, 55, 25, 89, 81, 94, 51, 62, 0]|[2, 1, 2, 1, 1, 0, 1, 1, 1, 1, 1, 0, 2, 2, 1, 2, 0, 0, 0, 2, 2, 1, 0, 2, 0, 2, 2, 1, 0, 1, 1, 1, 0, 0, 1, 0, 2, 1, 2, 2, 0, 0, 1, 1, 0, 2, 0, 2, 1, 0, 0, 2, 0, 0, 2, 0, 1, 1, 0, 0, 2, 1, 1, 2, 2, 0, 2, 2, 0, 1, 2, 1, 1, 2, 0, 1, 1, 2, 1, 2, 2, 1, 1, 0, 1, 0, 0, 0, 1, 1, 2, 1, 0, 1, 1, 1, 2, 1, 1, 0]|[0, 3, 0, 3, 4, 1, 4, 4, 2, 4, 3, 2, 1, 0, 2, 1, 1, 1, 2, 1, 1, 3, 0, 1, 0, 1, 1, 4, 1, 4, 3, 2, 2, 0, 4, 1, 1, 4, 1, 1, 2, 1, 4, 4, 1, 1, 0, 2, 3, 2, 2, 1, 2, 1, 1, 2, 4, 3, 0, 2, 2, 3, 3, 1, 1, 2, 1, 1, 2, 4, 1, 3, 4, 1, 2, 4, 3, 1, 3, 1, 1, 4, 4, 2, 3, 2, 2, 2, 3, 4, 1, 4, 2, 4, 4, 4, 1, 3, 3, 2]|[0, 2, 0, 0, 3, 0, 1, 3, 0, 0, 2, 0, 1, 0, 1, 0, 0, 0, 1, 0, 0, 2, 0, 0, 1, 0, 0, 3, 0, 1, 0, 2, 0, 0, 3, 0, 1, 1, 0, 0, 0, 0, 1, 3, 0, 0, 1, 0, 2, 0, 0, 0, 0, 1, 1, 0, 1, 0, 1, 1, 0, 2, 0, 0, 0, 0, 0, 0, 0, 2, 0, 0, 1, 0, 0, 1, 0, 0, 3, 0, 0, 1, 2, 0, 0, 0, 0, 0, 3, 1, 0, 1, 0, 3, 1, 2, 0, 0, 0, 0],898.2543121797436,49876.04929822017,103886.08988387324,false
37,G2_TEC,G4_BALANCED,[31, 11, 15, 82, 26, 9, 95, 32, 77, 68, 47, 5, 93, 78, 86, 54, 85, 63, 18, 44, 20, 49, 36, 14, 74, 50, 53, 17, 21, 45, 71, 64, 3, 73, 30, 83, 24, 41, 2, 52, 65, 27, 90, 70, 39, 87, 48, 69, 99, 4, 46, 1, 13, 58, 97, 59, 28, 75, 23, 37, 35, 79, 22, 66, 76, 42, 40, 80, 96, 6, 16, 61, 33, 7, 57, 34, 12, 67, 10, 98, 56, 88, 29, 8, 91, 38, 19, 92, 43, 84, 51, 72, 81, 25, 60, 55, 94, 89, 62, 0]|[2, 1, 1, 2, 1, 2, 1, 1, 1, 1, 1, 0, 2, 2, 1, 2, 0, 0, 0, 2, 2, 1, 0, 2, 0, 2, 2, 1, 0, 1, 1, 1, 0, 0, 1, 0, 2, 1, 2, 2, 0, 0, 1, 1, 0, 2, 0, 2, 1, 0, 0, 2, 0, 0, 2, 0, 1, 0, 0, 0, 2, 1, 0, 2, 2, 0, 2, 2, 0, 1, 2, 1, 1, 2, 0, 1, 1, 1, 1, 2, 2, 1, 1, 1, 1, 0, 1, 0, 1, 0, 1, 1, 1, 1, 2, 0, 2, 1, 1, 0]|[1, 3, 2, 0, 4, 1, 4, 4, 2, 4, 3, 2, 1, 0, 2, 1, 1, 1, 2, 1, 1, 3, 0, 1, 0, 1, 1, 4, 1, 4, 3, 2, 2, 0, 4, 1, 1, 4, 0, 1, 2, 1, 4, 4, 1, 1, 0, 2, 3, 2, 2, 1, 2, 1, 1, 2, 4, 2, 0, 2, 2, 3, 1, 0, 1, 2, 0, 1, 2, 4, 1, 3, 4, 1, 2, 4, 3, 3, 3, 1, 1, 4, 3, 3, 3, 2, 4, 2, 4, 2, 3, 4, 1, 4, 0, 2, 1, 4, 3, 2]|[1, 2, 1, 0, 3, 0, 1, 3, 0, 0, 2, 0, 1, 0, 1, 0, 0, 0, 1, 0, 0, 2, 0, 0, 1, 0, 0, 3, 0, 1, 0, 2, 0, 1, 3, 0, 1, 3, 1, 0, 0, 0, 1, 3, 0, 0, 1, 0, 2, 0, 0, 0, 0, 0, 1, 0, 1, 0, 1, 1, 0, 2, 0, 0, 0, 0, 0, 0, 0, 2, 0, 0, 1, 0, 0, 1, 0, 0, 3, 0, 0, 1, 0, 0, 0, 0, 3, 0, 2, 0, 0, 2, 1, 3, 1, 0, 0, 1, 0, 0],842.3358630601143,53281.86467765049,106164.56583665014,true
37,G3_TWC,G3_TWC,[31, 22, 82, 15, 26, 58, 95, 42, 77, 12, 47, 5, 93, 78, 98, 54, 85, 63, 18, 44, 20, 35, 43, 97, 91, 76, 10, 30, 21, 45, 71, 64, 1, 23, 17, 83, 24, 14, 60, 36, 6, 57, 94, 88, 65, 56, 79, 40, 67, 68, 46, 75, 39, 9, 19, 32, 81, 96, 27, 62, 87, 90, 99, 59, 11, 16, 72, 73, 70, 38, 37, 84, 3, 92, 25, 55, 28, 29, 51, 7, 33, 61, 86, 48, 89, 50, 69, 41, 53, 80, 4, 8, 34, 49, 52, 0, 13, 2, 66, 74]|[1, 1, 0, 1, 1, 1, 2, 1, 2, 1, 2, 2, 2, 1, 1, 0, 0, 1, 0, 2, 2, 0, 1, 2, 0, 1, 2, 2, 0, 0, 1, 2, 1, 2, 1, 0, 2, 0, 1, 1, 0, 1, 1, 1, 0, 2, 1, 1, 0, 0, 0, 0, 1, 1, 2, 1, 2, 0, 0, 0, 2, 1, 0, 1, 2, 1, 2, 1, 1, 1, 1, 1, 2, 0, 1, 1, 0, 0, 0, 1, 2, 1, 0, 0, 1, 0, 1, 0, 0, 0, 0, 1, 2, 0, 1, 0, 0, 0, 2, 2]|[4, 3, 2, 2, 0, 0, 2, 2, 2, 4, 1, 1, 2, 4, 4, 1, 1, 4, 2, 1, 1, 1, 1, 2, 1, 2, 1, 1, 1, 1, 3, 2, 3, 0, 4, 0, 1, 1, 0, 3, 2, 2, 4, 0, 1, 1, 0, 2, 0, 1, 2, 2, 1, 4, 0, 3, 2, 1, 1, 2, 1, 3, 1, 1, 1, 3, 0, 4, 3, 1, 4, 1, 1, 2, 4, 4, 2, 1, 1, 3, 1, 3, 1, 1, 1, 1, 3, 1, 2, 1, 2, 3, 1, 1, 1, 2, 2, 2, 1, 1]|[0, 2, 1, 1, 3, 3, 0, 1, 0, 0, 0, 0, 1, 0, 1, 0, 0, 3, 1, 0, 0, 0, 3, 1, 0, 2, 0, 0, 0, 1, 0, 0, 0, 0, 3, 0, 1, 0, 0, 2, 1, 1, 2, 0, 0, 0, 0, 1, 1, 0, 0, 0, 1, 3, 0, 0, 1, 0, 0, 1, 0, 2, 0, 1, 0, 2, 1, 0, 0, 1, 1, 3, 0, 1, 3, 3, 1, 0, 0, 2, 0, 0, 0, 0, 1, 0, 0, 0, 1, 0, 1, 2, 0, 1, 1, 0, 0, 0, 0, 0],790.0799945868791,57951.42221290124,88960.86369927591,false
37,G1_CMAX,G1_CMAX,[31, 22, 82, 15, 26, 99, 95, 42, 77, 12, 47, 5, 93, 78, 86, 54, 21, 63, 18, 44, 20, 35, 43, 97, 91, 76, 10, 30, 85, 45, 71, 64, 1, 23, 57, 83, 24, 14, 60, 36, 81, 17, 40, 88, 65, 56, 79, 94, 67, 68, 46, 75, 38, 9, 19, 32, 41, 6, 27, 87, 90, 58, 59, 11, 16, 72, 73, 70, 39, 37, 84, 3, 92, 25, 55, 28, 62, 29, 51, 7, 33, 61, 98, 48, 89, 50, 4, 96, 53, 80, 66, 8, 34, 49, 52, 0, 13, 2, 69, 74]|[1, 1, 0, 1, 1, 0, 1, 1, 2, 1, 2, 2, 2, 1, 1, 0, 0, 1, 0, 2, 2, 0, 1, 2, 0, 1, 2, 2, 0, 0, 1, 2, 1, 2, 1, 0, 2, 0, 1, 1, 0, 1, 1, 1, 0, 2, 1, 1, 0, 0, 0, 0, 1, 1, 2, 1, 2, 2, 0, 2, 1, 0, 1, 2, 1, 2, 1, 1, 1, 1, 1, 1, 0, 1, 2, 2, 0, 0, 2, 2, 2, 1, 2, 0, 1, 0, 1, 2, 0, 0, 2, 1, 2, 0, 1, 0, 0, 0, 1, 2]|[0, 3, 2, 2, 4, 1, 2, 3, 2, 4, 1, 1, 2, 4, 4, 1, 1, 4, 2, 1, 1, 1, 1, 2, 1, 2, 1, 1, 2, 1, 3, 2, 3, 0, 4, 0, 1, 1, 0, 3, 2, 2, 2, 0, 1, 1, 0, 4, 0, 1, 2, 2, 1, 4, 0, 3, 2, 2, 1, 1, 3, 1, 1, 1, 3, 0, 4, 3, 1, 4, 1, 1, 0, 4, 1, 1, 2, 1, 2, 1, 1, 3, 1, 1, 1, 1, 4, 1, 2, 1, 1, 3, 1, 1, 1, 2, 2, 2, 4, 1]|[0, 2, 1, 1, 3, 0, 1, 3, 0, 0, 0, 0, 1, 0, 1, 0, 0, 3, 1, 0, 0, 0, 3, 1, 0, 2, 0, 0, 0, 1, 0, 0, 0, 0, 3, 0, 1, 0, 0, 2, 1, 1, 1, 0, 0, 0, 0, 2, 1, 0, 0, 0, 1, 3, 0, 0, 1, 1, 0, 0, 2, 0, 1, 0, 2, 1, 0, 0, 1, 1, 3, 1, 1, 3, 0, 0, 1, 0, 1, 0, 0, 0, 0, 0, 1, 0, 0, 0, 1, 0, 0, 2, 0, 1, 1, 0, 0, 0, 2, 0],714.4485115867469,58161.785232764836,94013.66617097157,false
37,G4_BALANCED,G1_CMAX,[31, 22, 82, 15, 26, 58, 95, 42, 77, 12, 93, 5, 47, 78, 86, 21, 63, 18, 44, 20, 35, 43, 97, 91, 76, 10, 30, 85, 45, 71, 64, 23, 17, 83, 24, 14, 60, 25, 6, 54, 40, 88, 65, 56, 79, 57, 69, 67, 46, 75, 38, 99, 19, 32, 41, 81, 27, 87, 90, 9, 59, 11, 16, 72, 73, 70, 39, 37, 84, 1, 3, 92, 36, 55, 48, 68, 96, 29, 51, 62, 33, 61, 98, 66, 89, 50, 4, 7, 53, 80, 94, 28, 34, 49, 52, 0, 74, 8, 2, 13]|[1, 1, 0, 1, 1, 0, 1, 1, 2, 1, 2, 2, 2, 1, 1, 0, 1, 0, 2, 2, 0, 1, 2, 0, 1, 2, 2, 2, 0, 1, 2, 2, 1, 0, 2, 0, 1, 1, 0, 0, 1, 1, 0, 2, 1, 1, 1, 0, 0, 0, 1, 1, 2, 1, 2, 2, 0, 2, 1, 0, 1, 2, 1, 2, 1, 1, 1, 1, 1, 1, 1, 0, 1, 1, 0, 0, 2, 0, 0, 0, 2, 1, 2, 2, 1, 0, 1, 0, 0, 0, 1, 0, 2, 0, 1, 0, 2, 1, 0, 0]|[0, 3, 2, 2, 4, 1, 2, 3, 2, 4, 2, 1, 1, 4, 4, 1, 4, 2, 1, 1, 1, 1, 2, 1, 2, 1, 1, 2, 1, 3, 2, 0, 4, 0, 1, 1, 0, 3, 2, 1, 2, 0, 1, 1, 0, 2, 4, 0, 2, 2, 1, 4, 0, 3, 2, 1, 1, 1, 3, 1, 1, 1, 3, 0, 4, 3, 1, 4, 1, 3, 1, 0, 4, 2, 1, 1, 1, 1, 1, 2, 1, 3, 1, 1, 1, 1, 4, 0, 2, 1, 3, 2, 1, 1, 1, 2, 1, 4, 2, 2]|[0, 2, 1, 1, 3, 0, 1, 3, 0, 0, 0, 0, 0, 0, 1, 0, 3, 1, 0, 0, 0, 3, 1, 0, 2, 0, 0, 1, 1, 0, 0, 0, 3, 0, 1, 0, 0, 2, 1, 0, 1, 0, 0, 0, 0, 1, 2, 1, 0, 0, 1, 3, 0, 0, 1, 0, 0, 0, 2, 0, 1, 0, 2, 1, 0, 0, 1, 1, 3, 0, 1, 1, 3, 3, 0, 0, 0, 0, 0, 1, 0, 0, 0, 0, 1, 0, 0, 0, 1, 0, 2, 1, 0, 1, 1, 0, 0, 2, 0, 0],717.7746778690674,58051.11429889491,97947.81742761745,true
37,G2_TEC,G2_TEC,[31, 22, 82, 15, 26, 9, 95, 42, 77, 68, 47, 5, 93, 78, 86, 54, 85, 63, 18, 44, 20, 49, 36, 14, 74, 50, 53, 17, 21, 28, 11, 64, 3, 23, 30, 83, 24, 41, 40, 52, 65, 27, 90, 70, 39, 87, 48, 69, 99, 4, 75, 1, 13, 58, 97, 59, 45, 8, 73, 37, 35, 79, 71, 66, 76, 32, 60, 80, 56, 6, 67, 61, 33, 7, 57, 34, 12, 16, 10, 98, 96, 88, 43, 46, 91, 38, 84, 92, 29, 19, 51, 55, 81, 89, 25, 72, 94, 2, 0, 62]|[2, 1, 2, 1, 1, 2, 1, 1, 1, 1, 1, 0, 2, 2, 1, 2, 0, 0, 0, 2, 2, 1, 0, 2, 0, 2, 2, 1, 0, 1, 1, 1, 0, 0, 1, 0, 2, 1, 2, 2, 0, 0, 1, 1, 0, 2, 0, 2, 1, 0, 0, 2, 0, 0, 2, 0, 1, 1, 0, 0, 2, 1, 1, 2, 2, 0, 2, 2, 2, 1, 2, 1, 1, 2, 0, 1, 1, 2, 1, 2, 0, 1, 1, 0, 1, 0, 0, 0, 1, 1, 1, 0, 1, 1, 1, 1, 2, 2, 0, 1]|[0, 3, 0, 3, 4, 1, 4, 4, 2, 4, 3, 2, 1, 0, 2, 1, 1, 1, 2, 1, 1, 3, 0, 1, 0, 1, 1, 4, 1, 4, 3, 2, 2, 0, 4, 1, 1, 4, 1, 1, 2, 1, 4, 4, 1, 1, 0, 2, 3, 2, 2, 1, 2, 1, 1, 2, 4, 3, 0, 2, 2, 3, 3, 1, 1, 2, 1, 1, 1, 4, 1, 3, 4, 1, 2, 4, 3, 1, 3, 1, 2, 4, 4, 2, 3, 2, 2, 2, 3, 4, 3, 2, 4, 4, 4, 4, 1, 1, 2, 3]|[0, 2, 0, 0, 3, 0, 1, 3, 0, 0, 2, 0, 1, 0, 1, 0, 0, 0, 1, 0, 0, 2, 0, 0, 1, 0, 0, 3, 0, 1, 0, 2, 0, 0, 3, 0, 1, 1, 0, 0, 0, 0, 1, 3, 0, 0, 1, 0, 2, 0, 0, 0, 0, 0, 1, 0, 1, 0, 1, 1, 0, 2, 0, 0, 0, 0, 0, 0, 0, 2, 0, 0, 1, 0, 0, 1, 0, 0, 3, 0, 0, 1, 2, 0, 0, 0, 0, 0, 3, 1, 0, 0, 2, 1, 3, 1, 0, 0, 0, 0],908.8272556494078,49235.066718390466,107289.32240407266,false
37,G3_TWC,G3_TWC,[31, 22, 82, 15, 26, 58, 95, 42, 77, 12, 47, 5, 93, 78, 98, 54, 85, 63, 18, 44, 20, 35, 43, 97, 91, 76, 10, 30, 21, 45, 71, 64, 1, 23, 17, 83, 24, 14, 60, 36, 6, 57, 94, 88, 65, 56, 79, 40, 67, 68, 46, 75, 39, 9, 19, 32, 81, 96, 27, 62, 87, 90, 99, 59, 11, 16, 72, 73, 70, 38, 37, 84, 3, 92, 25, 55, 28, 29, 51, 7, 33, 61, 86, 48, 89, 50, 69, 41, 53, 80, 4, 8, 34, 49, 52, 0, 13, 2, 66, 74]|[1, 1, 0, 1, 1, 1, 2, 1, 2, 1, 2, 2, 2, 1, 1, 0, 0, 1, 0, 2, 2, 0, 1, 2, 0, 1, 2, 2, 0, 0, 1, 2, 1, 2, 1, 0, 2, 0, 1, 1, 0, 1, 1, 1, 0, 2, 1, 1, 0, 0, 0, 0, 1, 1, 2, 1, 2, 0, 0, 0, 2, 1, 0, 1, 2, 1, 2, 1, 1, 1, 1, 1, 2, 0, 1, 1, 0, 0, 0, 1, 2, 1, 0, 0, 1, 0, 1, 0, 0, 0, 0, 1, 2, 0, 1, 0, 0, 0, 2, 2]|[4, 3, 2, 2, 0, 0, 2, 2, 2, 4, 1, 1, 2, 4, 4, 1, 1, 4, 2, 1, 1, 1, 1, 2, 1, 2, 1, 1, 1, 1, 3, 2, 3, 0, 4, 0, 1, 1, 0, 3, 2, 2, 4, 0, 1, 1, 0, 2, 0, 1, 2, 2, 1, 4, 0, 3, 2, 1, 1, 2, 1, 3, 1, 1, 1, 3, 0, 4, 3, 1, 4, 1, 1, 2, 4, 4, 2, 1, 1, 3, 1, 3, 1, 1, 1, 1, 3, 1, 2, 1, 2, 3, 1, 1, 1, 2, 2, 2, 1, 1]|[0, 2, 1, 1, 3, 3, 0, 1, 0, 0, 0, 0, 1, 0, 1, 0, 0, 3, 1, 0, 0, 0, 3, 1, 0, 2, 0, 0, 0, 1, 0, 0, 0, 0, 3, 0, 1, 0, 0, 2, 1, 1, 2, 0, 0, 0, 0, 1, 1, 0, 0, 0, 1, 3, 0, 0, 1, 0, 0, 1, 0, 2, 0, 1, 0, 2, 1, 0, 0, 1, 1, 3, 0, 1, 3, 3, 1, 0, 0, 2, 0, 0, 0, 0, 1, 0, 0, 0, 1, 0, 1, 2, 0, 1, 1, 0, 0, 0, 0, 0],790.0799945868791,57951.42221290124,88960.86369927591,false
37,G1_CMAX,G1_CMAX,[31, 22, 82, 15, 26, 99, 95, 42, 77, 12, 47, 5, 93, 78, 86, 54, 21, 63, 18, 44, 20, 35, 43, 97, 91, 76, 10, 30, 85, 45, 71, 64, 1, 23, 57, 83, 24, 14, 60, 36, 81, 17, 40, 88, 65, 56, 79, 94, 67, 68, 46, 75, 38, 9, 19, 32, 41, 6, 27, 87, 90, 58, 59, 11, 16, 72, 73, 70, 39, 37, 84, 3, 92, 25, 55, 28, 62, 29, 51, 7, 33, 61, 98, 48, 89, 50, 4, 96, 53, 80, 66, 8, 34, 49, 52, 0, 13, 2, 69, 74]|[1, 1, 0, 1, 1, 0, 1, 1, 2, 1, 2, 2, 2, 1, 1, 0, 0, 1, 0, 2, 2, 0, 1, 2, 0, 1, 2, 2, 0, 0, 1, 2, 1, 2, 1, 0, 2, 0, 1, 1, 0, 1, 1, 1, 0, 2, 1, 1, 0, 0, 0, 0, 1, 1, 2, 1, 2, 2, 0, 2, 1, 0, 1, 2, 1, 2, 1, 1, 1, 1, 1, 1, 0, 1, 2, 2, 0, 0, 2, 2, 2, 1, 2, 0, 1, 0, 1, 2, 0, 0, 2, 1, 2, 0, 1, 0, 0, 0, 1, 2]|[0, 3, 2, 2, 4, 1, 2, 3, 2, 4, 1, 1, 2, 4, 4, 1, 1, 4, 2, 1, 1, 1, 1, 2, 1, 2, 1, 1, 2, 1, 3, 2, 3, 0, 4, 0, 1, 1, 0, 3, 2, 2, 2, 0, 1, 1, 0, 4, 0, 1, 2, 2, 1, 4, 0, 3, 2, 2, 1, 1, 3, 1, 1, 1, 3, 0, 4, 3, 1, 4, 1, 1, 0, 4, 1, 1, 2, 1, 2, 1, 1, 3, 1, 1, 1, 1, 4, 1, 2, 1, 1, 3, 1, 1, 1, 2, 2, 2, 4, 1]|[0, 2, 1, 1, 3, 0, 1, 3, 0, 0, 0, 0, 1, 0, 1, 0, 0, 3, 1, 0, 0, 0, 3, 1, 0, 2, 0, 0, 0, 1, 0, 0, 0, 0, 3, 0, 1, 0, 0, 2, 1, 1, 1, 0, 0, 0, 0, 2, 1, 0, 0, 0, 1, 3, 0, 0, 1, 1, 0, 0, 2, 0, 1, 0, 2, 1, 0, 0, 1, 1, 3, 1, 1, 3, 0, 0, 1, 0, 1, 0, 0, 0, 0, 0, 1, 0, 0, 0, 1, 0, 0, 2, 0, 1, 1, 0, 0, 0, 2, 0],714.4485115867469,58161.785232764836,94013.66617097157,false
37,G4_BALANCED,G4_BALANCED,[31, 22, 82, 15, 26, 58, 95, 42, 77, 12, 47, 5, 93, 78, 86, 54, 85, 63, 18, 44, 20, 35, 43, 97, 66, 76, 10, 30, 21, 45, 71, 64, 1, 23, 17, 83, 24, 14, 60, 36, 6, 57, 40, 88, 65, 56, 79, 94, 67, 68, 46, 29, 38, 9, 19, 32, 81, 41, 27, 87, 90, 62, 99, 59, 11, 16, 72, 73, 70, 39, 37, 84, 3, 92, 25, 55, 28, 75, 51, 7, 91, 61, 98, 8, 89, 50, 33, 96, 49, 48, 80, 4, 34, 53, 52, 0, 13, 2, 69, 74]|[1, 1, 0, 1, 1, 0, 1, 2, 2, 1, 2, 2, 2, 1, 1, 0, 0, 1, 0, 2, 2, 0, 1, 2, 0, 1, 2, 2, 0, 0, 1, 2, 1, 2, 1, 0, 2, 0, 1, 1, 0, 1, 1, 1, 0, 2, 1, 1, 0, 0, 0, 0, 1, 1, 2, 1, 2, 0, 0, 2, 1, 0, 0, 2, 2, 1, 2, 1, 1, 1, 1, 1, 1, 0, 1, 2, 0, 0, 0, 1, 2, 1, 1, 1, 1, 0, 2, 2, 0, 0, 0, 1, 2, 0, 1, 0, 0, 0, 1, 2]|[4, 3, 2, 2, 4, 1, 2, 2, 2, 4, 1, 1, 2, 4, 4, 1, 1, 4, 2, 1, 1, 1, 1, 2, 1, 2, 1, 1, 1, 1, 3, 1, 3, 1, 4, 0, 1, 1, 0, 3, 2, 2, 2, 0, 1, 1, 0, 4, 0, 1, 2, 1, 1, 4, 0, 3, 2, 1, 1, 1, 3, 2, 1, 1, 1, 3, 1, 4, 3, 1, 4, 1, 1, 0, 4, 1, 2, 2, 1, 1, 1, 3, 4, 3, 1, 1, 1, 1, 1, 1, 1, 4, 1, 2, 1, 2, 2, 2, 4, 1]|[0, 2, 1, 1, 3, 0, 1, 0, 0, 0, 0, 0, 1, 0, 1, 0, 0, 3, 1, 0, 0, 0, 3, 1, 0, 2, 0, 0, 0, 0, 0, 0, 0, 0, 3, 0, 1, 0, 0, 2, 1, 1, 1, 0, 0, 0, 0, 2, 1, 0, 0, 0, 1, 3, 0, 0, 1, 0, 0, 0, 2, 1, 0, 0, 0, 2, 0, 0, 0, 1, 1, 3, 1, 1, 3, 0, 1, 0, 0, 2, 0, 0, 1, 2, 1, 0, 0, 0, 1, 0, 0, 0, 0, 1, 1, 0, 0, 0, 2, 0],820.9533813903317,55075.289204387875,98896.49816512917,false
37,G2_TEC,G2_TEC,[31, 22, 82, 15, 26, 9, 95, 42, 77, 68, 47, 5, 93, 78, 86, 54, 85, 63, 18, 44, 20, 49, 36, 14, 74, 50, 53, 17, 21, 28, 11, 64, 3, 23, 30, 83, 24, 41, 40, 52, 65, 27, 90, 70, 39, 87, 48, 69, 99, 4, 75, 1, 13, 58, 97, 59, 45, 8, 73, 37, 35, 79, 71, 66, 76, 32, 60, 80, 56, 6, 67, 61, 33, 7, 57, 34, 12, 16, 10, 98, 96, 88, 43, 46, 91, 38, 84, 92, 29, 19, 51, 55, 81, 89, 25, 72, 94, 2, 0, 62]|[2, 1, 2, 1, 1, 2, 1, 1, 1, 1, 1, 0, 2, 2, 1, 2, 0, 0, 0, 2, 2, 1, 0, 2, 0, 2, 2, 1, 0, 1, 1, 1, 0, 0, 1, 0, 2, 1, 2, 2, 0, 0, 1, 1, 0, 2, 0, 2, 1, 0, 0, 2, 0, 0, 2, 0, 1, 1, 0, 0, 2, 1, 1, 2, 2, 0, 2, 2, 2, 1, 2, 1, 1, 2, 0, 1, 1, 2, 1, 2, 0, 1, 1, 0, 1, 0, 0, 0, 1, 1, 1, 0, 1, 1, 1, 1, 2, 2, 0, 1]|[0, 3, 0, 3, 4, 1, 4, 4, 2, 4, 3, 2, 1, 0, 2, 1, 1, 1, 2, 1, 1, 3, 0, 1, 0, 1, 1, 4, 1, 4, 3, 2, 2, 0, 4, 1, 1, 4, 1, 1, 2, 1, 4, 4, 1, 1, 0, 2, 3, 2, 2, 1, 2, 1, 1, 2, 4, 3, 0, 2, 2, 3, 3, 1, 1, 2, 1, 1, 1, 4, 1, 3, 4, 1, 2, 4, 3, 1, 3, 1, 2, 4, 4, 2, 3, 2, 2, 2, 3, 4, 3, 2, 4, 4, 4, 4, 1, 1, 2, 3]|[0, 2, 0, 0, 3, 0, 1, 3, 0, 0, 2, 0, 1, 0, 1, 0, 0, 0, 1, 0, 0, 2, 0, 0, 1, 0, 0, 3, 0, 1, 0, 2, 0, 0, 3, 0, 1, 1, 0, 0, 0, 0, 1, 3, 0, 0, 1, 0, 2, 0, 0, 0, 0, 0, 1, 0, 1, 0, 1, 1, 0, 2, 0, 0, 0, 0, 0, 0, 0, 2, 0, 0, 1, 0, 0, 1, 0, 0, 3, 0, 0, 1, 2, 0, 0, 0, 0, 0, 3, 1, 0, 0, 2, 1, 3, 1, 0, 0, 0, 0],908.8272556494078,49235.066718390466,107289.32240407266,false
37,G3_TWC,G3_TWC,[31, 22, 82, 15, 26, 58, 95, 42, 77, 12, 47, 5, 93, 78, 98, 54, 85, 63, 18, 44, 20, 35, 43, 97, 91, 76, 10, 30, 21, 45, 71, 64, 1, 23, 17, 83, 24, 14, 60, 36, 6, 57, 94, 88, 65, 56, 79, 40, 67, 68, 46, 75, 39, 9, 19, 32, 81, 96, 27, 62, 87, 90, 99, 59, 11, 16, 72, 73, 70, 38, 37, 84, 3, 92, 25, 55, 28, 29, 51, 7, 33, 61, 86, 48, 89, 50, 69, 41, 53, 80, 4, 8, 34, 49, 52, 0, 13, 2, 66, 74]|[1, 1, 0, 1, 1, 1, 2, 1, 2, 1, 2, 2, 2, 1, 1, 0, 0, 1, 0, 2, 2, 0, 1, 2, 0, 1, 2, 2, 0, 0, 1, 2, 1, 2, 1, 0, 2, 0, 1, 1, 0, 1, 1, 1, 0, 2, 1, 1, 0, 0, 0, 0, 1, 1, 2, 1, 2, 0, 0, 0, 2, 1, 0, 1, 2, 1, 2, 1, 1, 1, 1, 1, 2, 0, 1, 1, 0, 0, 0, 1, 2, 1, 0, 0, 1, 0, 1, 0, 0, 0, 0, 1, 2, 0, 1, 0, 0, 0, 2, 2]|[4, 3, 2, 2, 0, 0, 2, 2, 2, 4, 1, 1, 2, 4, 4, 1, 1, 4, 2, 1, 1, 1, 1, 2, 1, 2, 1, 1, 1, 1, 3, 2, 3, 0, 4, 0, 1, 1, 0, 3, 2, 2, 4, 0, 1, 1, 0, 2, 0, 1, 2, 2, 1, 4, 0, 3, 2, 1, 1, 2, 1, 3, 1, 1, 1, 3, 0, 4, 3, 1, 4, 1, 1, 2, 4, 4, 2, 1, 1, 3, 1, 3, 1, 1, 1, 1, 3, 1, 2, 1, 2, 3, 1, 1, 1, 2, 2, 2, 1, 1]|[0, 2, 1, 1, 3, 3, 0, 1, 0, 0, 0, 0, 1, 0, 1, 0, 0, 3, 1, 0, 0, 0, 3, 1, 0, 2, 0, 0, 0, 1, 0, 0, 0, 0, 3, 0, 1, 0, 0, 2, 1, 1, 2, 0, 0, 0, 0, 1, 1, 0, 0, 0, 1, 3, 0, 0, 1, 0, 0, 1, 0, 2, 0, 1, 0, 2, 1, 0, 0, 1, 1, 3, 0, 1, 3, 3, 1, 0, 0, 2, 0, 0, 0, 0, 1, 0, 0, 0, 1, 0, 1, 2, 0, 1, 1, 0, 0, 0, 0, 0],790.0799945868791,57951.42221290124,88960.86369927591,false
37,G1_CMAX,G1_CMAX,[31, 22, 82, 15, 26, 99, 95, 42, 77, 12, 47, 5, 93, 78, 86, 54, 21, 63, 18, 44, 20, 35, 43, 97, 91, 76, 10, 30, 85, 45, 71, 64, 1, 23, 57, 83, 24, 14, 60, 36, 81, 17, 40, 88, 65, 56, 79, 94, 67, 68, 46, 75, 38, 9, 19, 32, 41, 6, 27, 87, 90, 58, 59, 11, 16, 72, 73, 70, 39, 37, 84, 3, 92, 25, 55, 28, 62, 29, 51, 7, 33, 61, 98, 48, 89, 50, 4, 96, 53, 80, 66, 8, 34, 49, 52, 0, 13, 2, 69, 74]|[1, 1, 0, 1, 1, 0, 1, 1, 2, 1, 2, 2, 2, 1, 1, 0, 0, 1, 0, 2, 2, 0, 1, 2, 0, 1, 2, 2, 0, 0, 1, 2, 1, 2, 1, 0, 2, 0, 1, 1, 0, 1, 1, 1, 0, 2, 1, 1, 0, 0, 0, 0, 1, 1, 2, 1, 2, 2, 0, 2, 1, 0, 1, 2, 1, 2, 1, 1, 1, 1, 1, 1, 0, 1, 2, 2, 0, 0, 2, 2, 2, 1, 2, 0, 1, 0, 1, 2, 0, 0, 2, 1, 2, 0, 1, 0, 0, 0, 1, 2]|[0, 3, 2, 2, 4, 1, 2, 3, 2, 4, 1, 1, 2, 4, 4, 1, 1, 4, 2, 1, 1, 1, 1, 2, 1, 2, 1, 1, 2, 1, 3, 2, 3, 0, 4, 0, 1, 1, 0, 3, 2, 2, 2, 0, 1, 1, 0, 4, 0, 1, 2, 2, 1, 4, 0, 3, 2, 2, 1, 1, 3, 1, 1, 1, 3, 0, 4, 3, 1, 4, 1, 1, 0, 4, 1, 1, 2, 1, 2, 1, 1, 3, 1, 1, 1, 1, 4, 1, 2, 1, 1, 3, 1, 1, 1, 2, 2, 2, 4, 1]|[0, 2, 1, 1, 3, 0, 1, 3, 0, 0, 0, 0, 1, 0, 1, 0, 0, 3, 1, 0, 0, 0, 3, 1, 0, 2, 0, 0, 0, 1, 0, 0, 0, 0, 3, 0, 1, 0, 0, 2, 1, 1, 1, 0, 0, 0, 0, 2, 1, 0, 0, 0, 1, 3, 0, 0, 1, 1, 0, 0, 2, 0, 1, 0, 2, 1, 0, 0, 1, 1, 3, 1, 1, 3, 0, 0, 1, 0, 1, 0, 0, 0, 0, 0, 1, 0, 0, 0, 1, 0, 0, 2, 0, 1, 1, 0, 0, 0, 2, 0],714.4485115867469,58161.785232764836,94013.66617097157,false
37,G4_BALANCED,G4_BALANCED,[31, 22, 82, 15, 26, 58, 95, 42, 77, 12, 47, 5, 93, 78, 86, 54, 85, 63, 18, 44, 20, 35, 43, 97, 66, 76, 79, 30, 21, 45, 71, 64, 1, 23, 17, 83, 24, 14, 60, 36, 6, 57, 40, 88, 65, 56, 10, 94, 67, 68, 46, 75, 38, 9, 19, 32, 41, 81, 27, 62, 87, 90, 99, 59, 16, 72, 73, 70, 39, 37, 84, 3, 92, 25, 55, 48, 11, 29, 51, 96, 33, 61, 98, 28, 89, 50, 4, 34, 53, 80, 8, 91, 7, 49, 52, 0, 74, 69, 2, 13]|[1, 1, 0, 1, 1, 0, 1, 2, 2, 1, 2, 2, 2, 1, 1, 0, 0, 1, 0, 2, 2, 0, 2, 2, 0, 1, 2, 2, 0, 0, 1, 2, 1, 2, 1, 0, 2, 0, 1, 1, 0, 1, 1, 1, 0, 2, 2, 1, 0, 0, 0, 0, 1, 1, 2, 1, 0, 2, 0, 2, 2, 1, 0, 1, 1, 2, 1, 1, 1, 1, 1, 1, 0, 1, 2, 0, 2, 0, 0, 2, 2, 1, 2, 0, 1, 0, 1, 2, 0, 0, 1, 0, 1, 0, 1, 0, 2, 1, 0, 0]|[4, 3, 2, 2, 4, 1, 2, 2, 2, 4, 2, 1, 2, 4, 4, 1, 2, 4, 2, 1, 1, 1, 2, 2, 1, 2, 1, 1, 1, 1, 3, 2, 3, 1, 4, 0, 1, 1, 0, 3, 2, 2, 2, 0, 1, 1, 1, 4, 0, 1, 2, 2, 1, 4, 0, 3, 1, 1, 1, 1, 1, 3, 1, 1, 3, 0, 4, 3, 1, 4, 1, 1, 2, 4, 1, 1, 1, 1, 1, 1, 1, 3, 1, 2, 1, 1, 4, 1, 2, 1, 3, 1, 1, 1, 1, 2, 1, 4, 2, 2]|[0, 2, 1, 1, 3, 0, 1, 0, 0, 0, 0, 0, 0, 0, 1, 0, 0, 3, 1, 0, 0, 0, 1, 1, 0, 2, 0, 0, 0, 0, 0, 0, 0, 0, 3, 0, 1, 0, 0, 2, 1, 1, 1, 0, 0, 0, 0, 2, 1, 0, 0, 0, 1, 3, 0, 0, 0, 0, 0, 0, 0, 2, 0, 1, 2, 1, 0, 0, 1, 1, 3, 1, 1, 3, 0, 0, 0, 0, 0, 0, 0, 0, 0, 1, 1, 0, 0, 0, 1, 0, 2, 0, 2, 1, 1, 0, 0, 2, 0, 0],833.102820254495,54845.058524332984,98518.43558293639,false
37,G2_TEC,G2_TEC,[31, 22, 82, 15, 26, 9, 95, 42, 77, 68, 47, 5, 93, 78, 86, 54, 85, 63, 18, 44, 20, 49, 36, 14, 74, 50, 53, 17, 21, 28, 11, 64, 3, 23, 30, 83, 24, 41, 40, 52, 65, 27, 90, 70, 39, 87, 48, 69, 99, 4, 75, 1, 13, 58, 97, 59, 45, 8, 73, 37, 35, 79, 71, 66, 76, 32, 60, 80, 56, 6, 67, 61, 33, 7, 57, 34, 12, 16, 10, 98, 96, 88, 43, 46, 91, 38, 84, 92, 29, 19, 51, 55, 81, 89, 25, 72, 94, 2, 0, 62]|[2, 1, 2, 1, 1, 2, 1, 1, 1, 1, 1, 0, 2, 2, 1, 2, 0, 0, 0, 2, 2, 1, 0, 2, 0, 2, 2, 1, 0, 1, 1, 1, 0, 0, 1, 0, 2, 1, 2, 2, 0, 0, 1, 1, 0, 2, 0, 2, 1, 0, 0, 2, 0, 0, 2, 0, 1, 1, 0, 0, 2, 1, 1, 2, 2, 0, 2, 2, 2, 1, 2, 1, 1, 2, 0, 1, 1, 2, 1, 2, 0, 1, 1, 0, 1, 0, 0, 0, 1, 1, 1, 0, 1, 1, 1, 1, 2, 2, 0, 1]|[0, 3, 0, 3, 4, 1, 4, 4, 2, 4, 3, 2, 1, 0, 2, 1, 1, 1, 2, 1, 1, 3, 0, 1, 0, 1, 1, 4, 1, 4, 3, 2, 2, 0, 4, 1, 1, 4, 1, 1, 2, 1, 4, 4, 1, 1, 0, 2, 3, 2, 2, 1, 2, 1, 1, 2, 4, 3, 0, 2, 2, 3, 3, 1, 1, 2, 1, 1, 1, 4, 1, 3, 4, 1, 2, 4, 3, 1, 3, 1, 2, 4, 4, 2, 3, 2, 2, 2, 3, 4, 3, 2, 4, 4, 4, 4, 1, 1, 2, 3]|[0, 2, 0, 0, 3, 0, 1, 3, 0, 0, 2, 0, 1, 0, 1, 0, 0, 0, 1, 0, 0, 2, 0, 0, 1, 0, 0, 3, 0, 1, 0, 2, 0, 0, 3, 0, 1, 1, 0, 0, 0, 0, 1, 3, 0, 0, 1, 0, 2, 0, 0, 0, 0, 0, 1, 0, 1, 0, 1, 1, 0, 2, 0, 0, 0, 0, 0, 0, 0, 2, 0, 0, 1, 0, 0, 1, 0, 0, 3, 0, 0, 1, 2, 0, 0, 0, 0, 0, 3, 1, 0, 0, 2, 1, 3, 1, 0, 0, 0, 0],908.8272556494078,49235.066718390466,107289.32240407266,false
37,G3_TWC,G3_TWC,[31, 22, 82, 15, 26, 58, 95, 42, 77, 12, 47, 5, 93, 78, 98, 54, 85, 63, 18, 44, 20, 35, 43, 97, 91, 76, 10, 30, 21, 45, 71, 64, 1, 23, 17, 83, 24, 14, 60, 36, 6, 57, 94, 88, 65, 56, 79, 40, 67, 68, 46, 75, 39, 9, 19, 32, 81, 96, 27, 62, 87, 90, 99, 59, 11, 16, 72, 73, 70, 38, 37, 84, 3, 92, 25, 55, 28, 29, 51, 7, 33, 61, 86, 48, 89, 50, 69, 41, 53, 80, 4, 8, 34, 49, 52, 0, 13, 2, 66, 74]|[1, 1, 0, 1, 1, 1, 2, 1, 2, 1, 2, 2, 2, 1, 1, 0, 0, 1, 0, 2, 2, 0, 1, 2, 0, 1, 2, 2, 0, 0, 1, 2, 1, 2, 1, 0, 2, 0, 1, 1, 0, 1, 1, 1, 0, 2, 1, 1, 0, 0, 0, 0, 1, 1, 2, 1, 2, 0, 0, 0, 2, 1, 0, 1, 2, 1, 2, 1, 1, 1, 1, 1, 2, 0, 1, 1, 0, 0, 0, 1, 2, 1, 0, 0, 1, 0, 1, 0, 0, 0, 0, 1, 2, 0, 1, 0, 0, 0, 2, 2]|[4, 3, 2, 2, 0, 0, 2, 2, 2, 4, 1, 1, 2, 4, 4, 1, 1, 4, 2, 1, 1, 1, 1, 2, 1, 2, 1, 1, 1, 1, 3, 2, 3, 0, 4, 0, 1, 1, 0, 3, 2, 2, 4, 0, 1, 1, 0, 2, 0, 1, 2, 2, 1, 4, 0, 3, 2, 1, 1, 2, 1, 3, 1, 1, 1, 3, 0, 4, 3, 1, 4, 1, 1, 2, 4, 4, 2, 1, 1, 3, 1, 3, 1, 1, 1, 1, 3, 1, 2, 1, 2, 3, 1, 1, 1, 2, 2, 2, 1, 1]|[0, 2, 1, 1, 3, 3, 0, 1, 0, 0, 0, 0, 1, 0, 1, 0, 0, 3, 1, 0, 0, 0, 3, 1, 0, 2, 0, 0, 0, 1, 0, 0, 0, 0, 3, 0, 1, 0, 0, 2, 1, 1, 2, 0, 0, 0, 0, 1, 1, 0, 0, 0, 1, 3, 0, 0, 1, 0, 0, 1, 0, 2, 0, 1, 0, 2, 1, 0, 0, 1, 1, 3, 0, 1, 3, 3, 1, 0, 0, 2, 0, 0, 0, 0, 1, 0, 0, 0, 1, 0, 1, 2, 0, 1, 1, 0, 0, 0, 0, 0],790.0799945868791,57951.42221290124,88960.86369927591,false
37,G1_CMAX,G1_CMAX,[31, 22, 82, 15, 26, 99, 95, 42, 77, 12, 47, 5, 93, 78, 86, 54, 21, 63, 18, 44, 20, 35, 43, 97, 91, 76, 10, 30, 85, 45, 71, 64, 1, 23, 57, 83, 24, 14, 60, 36, 81, 17, 40, 88, 65, 56, 79, 94, 67, 68, 46, 75, 38, 9, 19, 32, 41, 6, 27, 87, 90, 58, 59, 11, 16, 72, 73, 70, 39, 37, 84, 3, 92, 25, 55, 28, 62, 29, 51, 7, 33, 61, 98, 48, 89, 50, 4, 96, 53, 80, 66, 8, 34, 49, 52, 0, 13, 2, 69, 74]|[1, 1, 0, 1, 1, 0, 1, 1, 2, 1, 2, 2, 2, 1, 1, 0, 0, 1, 0, 2, 2, 0, 1, 2, 0, 1, 2, 2, 0, 0, 1, 2, 1, 2, 1, 0, 2, 0, 1, 1, 0, 1, 1, 1, 0, 2, 1, 1, 0, 0, 0, 0, 1, 1, 2, 1, 2, 2, 0, 2, 1, 0, 1, 2, 1, 2, 1, 1, 1, 1, 1, 1, 0, 1, 2, 2, 0, 0, 2, 2, 2, 1, 2, 0, 1, 0, 1, 2, 0, 0, 2, 1, 2, 0, 1, 0, 0, 0, 1, 2]|[0, 3, 2, 2, 4, 1, 2, 3, 2, 4, 1, 1, 2, 4, 4, 1, 1, 4, 2, 1, 1, 1, 1, 2, 1, 2, 1, 1, 2, 1, 3, 2, 3, 0, 4, 0, 1, 1, 0, 3, 2, 2, 2, 0, 1, 1, 0, 4, 0, 1, 2, 2, 1, 4, 0, 3, 2, 2, 1, 1, 3, 1, 1, 1, 3, 0, 4, 3, 1, 4, 1, 1, 0, 4, 1, 1, 2, 1, 2, 1, 1, 3, 1, 1, 1, 1, 4, 1, 2, 1, 1, 3, 1, 1, 1, 2, 2, 2, 4, 1]|[0, 2, 1, 1, 3, 0, 1, 3, 0, 0, 0, 0, 1, 0, 1, 0, 0, 3, 1, 0, 0, 0, 3, 1, 0, 2, 0, 0, 0, 1, 0, 0, 0, 0, 3, 0, 1, 0, 0, 2, 1, 1, 1, 0, 0, 0, 0, 2, 1, 0, 0, 0, 1, 3, 0, 0, 1, 1, 0, 0, 2, 0, 1, 0, 2, 1, 0, 0, 1, 1, 3, 1, 1, 3, 0, 0, 1, 0, 1, 0, 0, 0, 0, 0, 1, 0, 0, 0, 1, 0, 0, 2, 0, 1, 1, 0, 0, 0, 2, 0],714.4485115867469,58161.785232764836,94013.66617097157,false
37,G4_BALANCED,G3_TWC,[31, 22, 82, 15, 26, 58, 95, 42, 77, 12, 47, 5, 93, 78, 98, 54, 85, 63, 18, 44, 20, 35, 43, 97, 91, 76, 10, 30, 21, 45, 71, 64, 1, 23, 17, 83, 24, 14, 60, 36, 6, 57, 94, 88, 65, 56, 79, 40, 67, 68, 46, 75, 38, 9, 19, 32, 81, 41, 27, 62, 87, 90, 99, 59, 28, 16, 72, 73, 70, 39, 37, 84, 3, 92, 25, 55, 11, 29, 51, 7, 33, 61, 86, 66, 89, 50, 48, 96, 53, 80, 4, 8, 34, 49, 52, 0, 13, 2, 69, 74]|[1, 1, 0, 1, 1, 1, 2, 1, 2, 1, 2, 2, 2, 1, 1, 0, 0, 1, 0, 2, 2, 0, 1, 2, 0, 1, 2, 2, 0, 0, 1, 2, 1, 2, 1, 0, 2, 0, 1, 1, 0, 1, 1, 1, 0, 2, 1, 1, 0, 0, 0, 0, 1, 1, 2, 1, 2, 0, 0, 0, 2, 1, 0, 1, 0, 1, 2, 1, 1, 1, 1, 1, 2, 0, 1, 1, 2, 0, 0, 1, 2, 1, 0, 2, 1, 0, 0, 2, 0, 0, 0, 1, 2, 0, 1, 0, 0, 0, 1, 2]|[4, 3, 2, 2, 4, 0, 2, 2, 2, 4, 1, 1, 2, 4, 4, 1, 1, 4, 2, 1, 1, 1, 1, 2, 1, 2, 1, 1, 1, 1, 3, 2, 3, 1, 4, 0, 2, 1, 0, 3, 2, 2, 4, 0, 1, 1, 0, 2, 0, 1, 2, 2, 1, 4, 0, 3, 2, 1, 1, 2, 1, 3, 1, 1, 2, 3, 0, 4, 3, 1, 4, 1, 1, 2, 4, 4, 1, 1, 1, 3, 1, 3, 1, 1, 1, 1, 1, 1, 2, 1, 2, 3, 1, 1, 1, 2, 2, 2, 3, 1]|[0, 2, 1, 1, 3, 3, 0, 1, 0, 0, 0, 0, 1, 0, 1, 0, 0, 3, 1, 0, 0, 0, 3, 1, 0, 2, 0, 0, 0, 1, 0, 0, 0, 0, 3, 0, 1, 0, 0, 2, 1, 1, 2, 0, 0, 0, 0, 1, 1, 0, 0, 0, 1, 3, 0, 0, 1, 0, 0, 1, 0, 2, 0, 1, 1, 2, 1, 0, 0, 1, 1, 3, 0, 1, 3, 3, 0, 0, 0, 2, 0, 0, 0, 0, 1, 0, 0, 0, 1, 0, 1, 2, 0, 1, 1, 0, 0, 0, 0, 0],777.4450193580618,57364.1537506052,91096.94656943124,true
37,G2_TEC,G2_TEC,[31, 22, 82, 15, 26, 9, 95, 42, 77, 68, 47, 5, 93, 78, 86, 54, 85, 63, 18, 44, 20, 49, 36, 14, 74, 50, 53, 17, 21, 28, 11, 64, 3, 23, 30, 83, 24, 41, 40, 52, 65, 27, 90, 70, 39, 87, 48, 69, 99, 4, 75, 1, 13, 58, 97, 59, 45, 8, 73, 37, 35, 79, 71, 66, 76, 32, 60, 80, 56, 6, 67, 61, 33, 7, 57, 34, 12, 16, 10, 98, 96, 88, 43, 46, 91, 38, 84, 92, 29, 19, 51, 55, 81, 89, 25, 72, 94, 2, 0, 62]|[2, 1, 2, 1, 1, 2, 1, 1, 1, 1, 1, 0, 2, 2, 1, 2, 0, 0, 0, 2, 2, 1, 0, 2, 0, 2, 2, 1, 0, 1, 1, 1, 0, 0, 1, 0, 2, 1, 2, 2, 0, 0, 1, 1, 0, 2, 0, 2, 1, 0, 0, 2, 0, 0, 2, 0, 1, 1, 0, 0, 2, 1, 1, 2, 2, 0, 2, 2, 2, 1, 2, 1, 1, 2, 0, 1, 1, 2, 1, 2, 0, 1, 1, 0, 1, 0, 0, 0, 1, 1, 1, 0, 1, 1, 1, 1, 2, 2, 0, 1]|[0, 3, 0, 3, 4, 1, 4, 4, 2, 4, 3, 2, 1, 0, 2, 1, 1, 1, 2, 1, 1, 3, 0, 1, 0, 1, 1, 4, 1, 4, 3, 2, 2, 0, 4, 1, 1, 4, 1, 1, 2, 1, 4, 4, 1, 1, 0, 2, 3, 2, 2, 1, 2, 1, 1, 2, 4, 3, 0, 2, 2, 3, 3, 1, 1, 2, 1, 1, 1, 4, 1, 3, 4, 1, 2, 4, 3, 1, 3, 1, 2, 4, 4, 2, 3, 2, 2, 2, 3, 4, 3, 2, 4, 4, 4, 4, 1, 1, 2, 3]|[0, 2, 0, 0, 3, 0, 1, 3, 0, 0, 2, 0, 1, 0, 1, 0, 0, 0, 1, 0, 0, 2, 0, 0, 1, 0, 0, 3, 0, 1, 0, 2, 0, 0, 3, 0, 1, 1, 0, 0, 0, 0, 1, 3, 0, 0, 1, 0, 2, 0, 0, 0, 0, 0, 1, 0, 1, 0, 1, 1, 0, 2, 0, 0, 0, 0, 0, 0, 0, 2, 0, 0, 1, 0, 0, 1, 0, 0, 3, 0, 0, 1, 2, 0, 0, 0, 0, 0, 3, 1, 0, 0, 2, 1, 3, 1, 0, 0, 0, 0],908.8272556494078,49235.066718390466,107289.32240407266,false
37,G3_TWC,G3_TWC,[31, 22, 82, 15, 26, 58, 95, 42, 77, 12, 47, 5, 93, 78, 98, 54, 85, 63, 18, 44, 20, 35, 43, 97, 91, 76, 10, 30, 21, 45, 71, 64, 1, 23, 17, 83, 24, 14, 60, 36, 6, 57, 94, 88, 65, 56, 79, 40, 67, 68, 46, 75, 39, 9, 19, 32, 81, 96, 27, 62, 87, 90, 99, 59, 11, 16, 72, 73, 70, 38, 37, 84, 3, 92, 25, 55, 28, 29, 51, 7, 33, 61, 86, 48, 89, 50, 69, 41, 53, 80, 4, 8, 34, 49, 52, 0, 13, 2, 66, 74]|[1, 1, 0, 1, 1, 1, 2, 1, 2, 1, 2, 2, 2, 1, 1, 0, 0, 1, 0, 2, 2, 0, 1, 2, 0, 1, 2, 2, 0, 0, 1, 2, 1, 2, 1, 0, 2, 0, 1, 1, 0, 1, 1, 1, 0, 2, 1, 1, 0, 0, 0, 0, 1, 1, 2, 1, 2, 0, 0, 0, 2, 1, 0, 1, 2, 1, 2, 1, 1, 1, 1, 1, 2, 0, 1, 1, 0, 0, 0, 1, 2, 1, 0, 0, 1, 0, 1, 0, 0, 0, 0, 1, 2, 0, 1, 0, 0, 0, 2, 2]|[4, 3, 2, 2, 0, 0, 2, 2, 2, 4, 1, 1, 2, 4, 4, 1, 1, 4, 2, 1, 1, 1, 1, 2, 1, 2, 1, 1, 1, 1, 3, 2, 3, 0, 4, 0, 1, 1, 0, 3, 2, 2, 4, 0, 1, 1, 0, 2, 0, 1, 2, 2, 1, 4, 0, 3, 2, 1, 1, 2, 1, 3, 1, 1, 1, 3, 0, 4, 3, 1, 4, 1, 1, 2, 4, 4, 2, 1, 1, 3, 1, 3, 1, 1, 1, 1, 3, 1, 2, 1, 2, 3, 1, 1, 1, 2, 2, 2, 1, 1]|[0, 2, 1, 1, 3, 3, 0, 1, 0, 0, 0, 0, 1, 0, 1, 0, 0, 3, 1, 0, 0, 0, 3, 1, 0, 2, 0, 0, 0, 1, 0, 0, 0, 0, 3, 0, 1, 0, 0, 2, 1, 1, 2, 0, 0, 0, 0, 1, 1, 0, 0, 0, 1, 3, 0, 0, 1, 0, 0, 1, 0, 2, 0, 1, 0, 2, 1, 0, 0, 1, 1, 3, 0, 1, 3, 3, 1, 0, 0, 2, 0, 0, 0, 0, 1, 0, 0, 0, 1, 0, 1, 2, 0, 1, 1, 0, 0, 0, 0, 0],790.0799945868791,57951.42221290124,88960.86369927591,false
37,G1_CMAX,G1_CMAX,[31, 22, 82, 15, 26, 99, 95, 42, 77, 12, 47, 5, 93, 78, 86, 54, 21, 63, 18, 44, 20, 35, 43, 97, 91, 76, 10, 30, 85, 45, 71, 64, 1, 23, 57, 83, 24, 14, 60, 36, 81, 17, 40, 88, 65, 56, 79, 94, 67, 68, 46, 75, 38, 9, 19, 32, 41, 6, 27, 87, 90, 58, 59, 11, 16, 72, 73, 70, 39, 37, 84, 3, 92, 25, 55, 28, 62, 29, 51, 7, 33, 61, 98, 48, 89, 50, 4, 96, 53, 80, 66, 8, 34, 49, 52, 0, 13, 2, 69, 74]|[1, 1, 0, 1, 1, 0, 1, 1, 2, 1, 2, 2, 2, 1, 1, 0, 0, 1, 0, 2, 2, 0, 1, 2, 0, 1, 2, 2, 0, 0, 1, 2, 1, 2, 1, 0, 2, 0, 1, 1, 0, 1, 1, 1, 0, 2, 1, 1, 0, 0, 0, 0, 1, 1, 2, 1, 2, 2, 0, 2, 1, 0, 1, 2, 1, 2, 1, 1, 1, 1, 1, 1, 0, 1, 2, 2, 0, 0, 2, 2, 2, 1, 2, 0, 1, 0, 1, 2, 0, 0, 2, 1, 2, 0, 1, 0, 0, 0, 1, 2]|[0, 3, 2, 2, 4, 1, 2, 3, 2, 4, 1, 1, 2, 4, 4, 1, 1, 4, 2, 1, 1, 1, 1, 2, 1, 2, 1, 1, 2, 1, 3, 2, 3, 0, 4, 0, 1, 1, 0, 3, 2, 2, 2, 0, 1, 1, 0, 4, 0, 1, 2, 2, 1, 4, 0, 3, 2, 2, 1, 1, 3, 1, 1, 1, 3, 0, 4, 3, 1, 4, 1, 1, 0, 4, 1, 1, 2, 1, 2, 1, 1, 3, 1, 1, 1, 1, 4, 1, 2, 1, 1, 3, 1, 1, 1, 2, 2, 2, 4, 1]|[0, 2, 1, 1, 3, 0, 1, 3, 0, 0, 0, 0, 1, 0, 1, 0, 0, 3, 1, 0, 0, 0, 3, 1, 0, 2, 0, 0, 0, 1, 0, 0, 0, 0, 3, 0, 1, 0, 0, 2, 1, 1, 1, 0, 0, 0, 0, 2, 1, 0, 0, 0, 1, 3, 0, 0, 1, 1, 0, 0, 2, 0, 1, 0, 2, 1, 0, 0, 1, 1, 3, 1, 1, 3, 0, 0, 1, 0, 1, 0, 0, 0, 0, 0, 1, 0, 0, 0, 1, 0, 0, 2, 0, 1, 1, 0, 0, 0, 2, 0],714.4485115867469,58161.785232764836,94013.66617097157,false
37,G4_BALANCED,G4_BALANCED,[31, 22, 74, 15, 26, 9, 95, 42, 77, 68, 47, 5, 93, 78, 86, 54, 85, 63, 18, 44, 20, 49, 36, 14, 82, 50, 53, 17, 21, 28, 11, 64, 3, 23, 30, 83, 24, 41, 40, 52, 65, 27, 90, 70, 39, 87, 48, 69, 99, 4, 75, 1, 13, 58, 97, 59, 45, 8, 73, 37, 35, 79, 71, 66, 76, 32, 60, 80, 56, 6, 67, 61, 33, 7, 57, 34, 12, 16, 55, 98, 96, 88, 43, 46, 91, 38, 84, 92, 29, 19, 51, 10, 72, 89, 25, 81, 94, 2, 62, 0]|[2, 1, 0, 1, 1, 2, 1, 1, 1, 1, 1, 0, 2, 2, 1, 2, 0, 0, 0, 2, 2, 1, 0, 2, 0, 2, 2, 1, 0, 1, 1, 1, 0, 0, 1, 0, 2, 1, 2, 2, 0, 0, 1, 1, 0, 2, 0, 2, 1, 0, 0, 2, 0, 0, 2, 0, 1, 1, 0, 0, 2, 1, 1, 2, 2, 0, 2, 2, 2, 1, 2, 1, 1, 2, 0, 1, 1, 2, 0, 2, 0, 1, 1, 0, 1, 0, 0, 0, 1, 1, 1, 0, 1, 1, 1, 1, 2, 2, 1, 0]|[0, 3, 0, 3, 4, 1, 4, 4, 2, 4, 3, 2, 1, 0, 2, 1, 1, 1, 2, 1, 1, 3, 0, 1, 0, 1, 1, 4, 1, 4, 3, 2, 2, 0, 4, 1, 1, 4, 1, 1, 2, 1, 4, 4, 1, 1, 0, 2, 3, 2, 2, 1, 2, 1, 1, 2, 4, 3, 0, 2, 2, 3, 3, 1, 1, 2, 1, 1, 1, 4, 1, 3, 4, 1, 2, 4, 3, 1, 2, 1, 2, 4, 4, 2, 3, 2, 2, 2, 3, 4, 3, 2, 4, 4, 4, 4, 1, 1, 3, 2]|[0, 2, 1, 0, 3, 0, 1, 3, 0, 0, 2, 0, 1, 0, 1, 0, 0, 0, 1, 0, 0, 2, 0, 0, 1, 0, 0, 3, 0, 1, 0, 2, 0, 0, 3, 0, 1, 1, 0, 0, 0, 0, 1, 3, 0, 0, 1, 0, 2, 0, 0, 0, 0, 1, 1, 0, 1, 0, 1, 1, 0, 2, 0, 0, 0, 0, 0, 0, 0, 2, 0, 0, 1, 0, 0, 1, 0, 0, 0, 0, 0, 1, 2, 0, 0, 0, 0, 0, 3, 1, 0, 0, 1, 1, 3, 2, 0, 0, 0, 0],888.6995017737006,49869.04200949402,104486.27672803425,false
37,G2_TEC,G2_TEC,[31, 22, 82, 15, 26, 9, 95, 42, 77, 68, 47, 5, 93, 78, 86, 54, 85, 63, 18, 44, 20, 49, 36, 14, 74, 50, 53, 17, 21, 28, 11, 64, 3, 23, 30, 83, 24, 41, 40, 52, 65, 27, 90, 70, 39, 87, 48, 69, 99, 4, 75, 1, 13, 58, 97, 59, 45, 8, 73, 37, 35, 79, 71, 66, 76, 32, 60, 80, 56, 6, 67, 61, 33, 7, 57, 34, 12, 16, 10, 98, 96, 88, 43, 46, 91, 38, 84, 92, 29, 19, 51, 55, 81, 89, 25, 72, 94, 2, 0, 62]|[2, 1, 2, 1, 1, 2, 1, 1, 1, 1, 1, 0, 2, 2, 1, 2, 0, 0, 0, 2, 2, 1, 0, 2, 0, 2, 2, 1, 0, 1, 1, 1, 0, 0, 1, 0, 2, 1, 2, 2, 0, 0, 1, 1, 0, 2, 0, 2, 1, 0, 0, 2, 0, 0, 2, 0, 1, 1, 0, 0, 2, 1, 1, 2, 2, 0, 2, 2, 2, 1, 2, 1, 1, 2, 0, 1, 1, 2, 1, 2, 0, 1, 1, 0, 1, 0, 0, 0, 1, 1, 1, 0, 1, 1, 1, 1, 2, 2, 0, 1]|[0, 3, 0, 3, 4, 1, 4, 4, 2, 4, 3, 2, 1, 0, 2, 1, 1, 1, 2, 1, 1, 3, 0, 1, 0, 1, 1, 4, 1, 4, 3, 2, 2, 0, 4, 1, 1, 4, 1, 1, 2, 1, 4, 4, 1, 1, 0, 2, 3, 2, 2, 1, 2, 1, 1, 2, 4, 3, 0, 2, 2, 3, 3, 1, 1, 2, 1, 1, 1, 4, 1, 3, 4, 1, 2, 4, 3, 1, 3, 1, 2, 4, 4, 2, 3, 2, 2, 2, 3, 4, 3, 2, 4, 4, 4, 4, 1, 1, 2, 3]|[0, 2, 0, 0, 3, 0, 1, 3, 0, 0, 2, 0, 1, 0, 1, 0, 0, 0, 1, 0, 0, 2, 0, 0, 1, 0, 0, 3, 0, 1, 0, 2, 0, 0, 3, 0, 1, 1, 0, 0, 0, 0, 1, 3, 0, 0, 1, 0, 2, 0, 0, 0, 0, 0, 1, 0, 1, 0, 1, 1, 0, 2, 0, 0, 0, 0, 0, 0, 0, 2, 0, 0, 1, 0, 0, 1, 0, 0, 3, 0, 0, 1, 2, 0, 0, 0, 0, 0, 3, 1, 0, 0, 2, 1, 3, 1, 0, 0, 0, 0],908.8272556494078,49235.066718390466,107289.32240407266,false
37,G3_TWC,G3_TWC,[31, 22, 82, 15, 26, 58, 95, 42, 77, 12, 47, 5, 93, 78, 98, 54, 85, 63, 18, 44, 20, 35, 43, 97, 91, 76, 10, 30, 21, 45, 71, 64, 1, 23, 17, 83, 24, 14, 60, 36, 6, 57, 94, 88, 65, 56, 79, 40, 67, 68, 46, 75, 39, 9, 19, 32, 81, 96, 27, 62, 87, 90, 99, 59, 11, 16, 72, 73, 70, 38, 37, 84, 3, 92, 25, 55, 28, 29, 51, 7, 33, 61, 86, 48, 89, 50, 69, 41, 53, 80, 4, 8, 34, 49, 52, 0, 13, 2, 66, 74]|[1, 1, 0, 1, 1, 1, 2, 1, 2, 1, 2, 2, 2, 1, 1, 0, 0, 1, 0, 2, 2, 0, 1, 2, 0, 1, 2, 2, 0, 0, 1, 2, 1, 2, 1, 0, 2, 0, 1, 1, 0, 1, 1, 1, 0, 2, 1, 1, 0, 0, 0, 0, 1, 1, 2, 1, 2, 0, 0, 0, 2, 1, 0, 1, 2, 1, 2, 1, 1, 1, 1, 1, 2, 0, 1, 1, 0, 0, 0, 1, 2, 1, 0, 0, 1, 0, 1, 0, 0, 0, 0, 1, 2, 0, 1, 0, 0, 0, 2, 2]|[4, 3, 2, 2, 0, 0, 2, 2, 2, 4, 1, 1, 2, 4, 4, 1, 1, 4, 2, 1, 1, 1, 1, 2, 1, 2, 1, 1, 1, 1, 3, 2, 3, 0, 4, 0, 1, 1, 0, 3, 2, 2, 4, 0, 1, 1, 0, 2, 0, 1, 2, 2, 1, 4, 0, 3, 2, 1, 1, 2, 1, 3, 1, 1, 1, 3, 0, 4, 3, 1, 4, 1, 1, 2, 4, 4, 2, 1, 1, 3, 1, 3, 1, 1, 1, 1, 3, 1, 2, 1, 2, 3, 1, 1, 1, 2, 2, 2, 1, 1]|[0, 2, 1, 1, 3, 3, 0, 1, 0, 0, 0, 0, 1, 0, 1, 0, 0, 3, 1, 0, 0, 0, 3, 1, 0, 2, 0, 0, 0, 1, 0, 0, 0, 0, 3, 0, 1, 0, 0, 2, 1, 1, 2, 0, 0, 0, 0, 1, 1, 0, 0, 0, 1, 3, 0, 0, 1, 0, 0, 1, 0, 2, 0, 1, 0, 2, 1, 0, 0, 1, 1, 3, 0, 1, 3, 3, 1, 0, 0, 2, 0, 0, 0, 0, 1, 0, 0, 0, 1, 0, 1, 2, 0, 1, 1, 0, 0, 0, 0, 0],790.0799945868791,57951.42221290124,88960.86369927591,false
37,G1_CMAX,G1_CMAX,[31, 22, 82, 15, 26, 99, 95, 42, 77, 12, 47, 5, 93, 78, 86, 54, 21, 63, 18, 44, 20, 35, 43, 97, 91, 76, 10, 30, 85, 45, 71, 64, 1, 23, 57, 83, 24, 14, 60, 36, 81, 17, 40, 88, 65, 56, 79, 94, 67, 68, 46, 75, 38, 9, 19, 32, 41, 6, 27, 87, 90, 58, 59, 11, 16, 72, 73, 70, 39, 37, 84, 3, 92, 25, 55, 28, 62, 29, 51, 7, 33, 61, 98, 48, 89, 50, 4, 96, 53, 80, 66, 8, 34, 49, 52, 0, 13, 2, 69, 74]|[1, 1, 0, 1, 1, 0, 1, 1, 2, 1, 2, 2, 2, 1, 1, 0, 0, 1, 0, 2, 2, 0, 1, 2, 0, 1, 2, 2, 0, 0, 1, 2, 1, 2, 1, 0, 2, 0, 1, 1, 0, 1, 1, 1, 0, 2, 1, 1, 0, 0, 0, 0, 1, 1, 2, 1, 2, 2, 0, 2, 1, 0, 1, 2, 1, 2, 1, 1, 1, 1, 1, 1, 0, 1, 2, 2, 0, 0, 2, 2, 2, 1, 2, 0, 1, 0, 1, 2, 0, 0, 2, 1, 2, 0, 1, 0, 0, 0, 1, 2]|[0, 3, 2, 2, 4, 1, 2, 3, 2, 4, 1, 1, 2, 4, 4, 1, 1, 4, 2, 1, 1, 1, 1, 2, 1, 2, 1, 1, 2, 1, 3, 2, 3, 0, 4, 0, 1, 1, 0, 3, 2, 2, 2, 0, 1, 1, 0, 4, 0, 1, 2, 2, 1, 4, 0, 3, 2, 2, 1, 1, 3, 1, 1, 1, 3, 0, 4, 3, 1, 4, 1, 1, 0, 4, 1, 1, 2, 1, 2, 1, 1, 3, 1, 1, 1, 1, 4, 1, 2, 1, 1, 3, 1, 1, 1, 2, 2, 2, 4, 1]|[0, 2, 1, 1, 3, 0, 1, 3, 0, 0, 0, 0, 1, 0, 1, 0, 0, 3, 1, 0, 0, 0, 3, 1, 0, 2, 0, 0, 0, 1, 0, 0, 0, 0, 3, 0, 1, 0, 0, 2, 1, 1, 1, 0, 0, 0, 0, 2, 1, 0, 0, 0, 1, 3, 0, 0, 1, 1, 0, 0, 2, 0, 1, 0, 2, 1, 0, 0, 1, 1, 3, 1, 1, 3, 0, 0, 1, 0, 1, 0, 0, 0, 0, 0, 1, 0, 0, 0, 1, 0, 0, 2, 0, 1, 1, 0, 0, 0, 2, 0],714.4485115867469,58161.785232764836,94013.66617097157,false
37,G4_BALANCED,G3_TWC,[31, 22, 82, 15, 26, 58, 95, 42, 77, 12, 47, 5, 93, 78, 98, 54, 85, 63, 18, 44, 20, 35, 43, 97, 91, 76, 10, 30, 21, 45, 71, 64, 1, 23, 17, 83, 24, 14, 60, 36, 6, 57, 94, 88, 65, 56, 79, 40, 67, 68, 46, 75, 39, 9, 19, 32, 81, 96, 27, 62, 87, 90, 99, 59, 11, 16, 72, 73, 70, 38, 37, 84, 3, 92, 25, 55, 28, 29, 51, 7, 33, 61, 86, 48, 89, 50, 69, 41, 53, 80, 8, 4, 34, 66, 52, 2, 13, 0, 49, 74]|[1, 1, 0, 1, 1, 1, 2, 1, 2, 1, 2, 2, 2, 1, 1, 0, 0, 1, 0, 2, 2, 0, 1, 2, 0, 1, 2, 2, 0, 0, 1, 2, 1, 2, 1, 0, 2, 0, 1, 1, 0, 1, 1, 1, 0, 2, 1, 1, 0, 0, 0, 0, 1, 1, 2, 1, 2, 0, 0, 0, 2, 1, 0, 1, 2, 1, 2, 1, 1, 1, 1, 1, 2, 0, 1, 1, 0, 0, 0, 1, 2, 1, 0, 0, 1, 0, 1, 0, 0, 0, 1, 0, 2, 2, 1, 0, 0, 0, 0, 2]|[4, 3, 2, 2, 0, 0, 2, 2, 2, 4, 1, 1, 2, 4, 4, 1, 1, 4, 2, 1, 1, 1, 1, 2, 1, 2, 1, 1, 1, 1, 3, 2, 3, 0, 4, 0, 1, 1, 0, 3, 2, 2, 4, 0, 1, 1, 0, 2, 0, 1, 2, 2, 1, 4, 0, 3, 2, 1, 1, 2, 1, 3, 1, 1, 1, 3, 1, 4, 3, 1, 4, 1, 1, 0, 4, 4, 2, 1, 1, 3, 1, 3, 1, 1, 1, 1, 3, 1, 2, 1, 3, 2, 1, 1, 1, 2, 2, 2, 1, 1]|[0, 2, 1, 1, 3, 3, 0, 1, 0, 0, 0, 0, 1, 0, 1, 0, 0, 3, 1, 0, 0, 0, 3, 1, 0, 2, 0, 0, 0, 1, 0, 0, 0, 0, 3, 0, 1, 0, 0, 2, 1, 1, 2, 0, 0, 0, 0, 1, 1, 0, 0, 0, 1, 3, 0, 0, 1, 0, 0, 1, 0, 2, 0, 1, 0, 2, 0, 0, 0, 1, 1, 3, 0, 1, 3, 3, 1, 0, 0, 2, 0, 0, 0, 0, 1, 0, 0, 0, 1, 0, 2, 1, 0, 0, 1, 0, 0, 0, 1, 0],793.0743183086472,57380.20615643805,90822.94145279545,true
37,G2_TEC,G1_CMAX,[31, 22, 82, 15, 26, 99, 95, 42, 77, 12, 47, 5, 93, 78, 86, 54, 21, 63, 18, 44, 20, 35, 43, 97, 91, 76, 10, 30, 85, 45, 71, 64, 1, 23, 17, 83, 24, 14, 60, 36, 6, 57, 40, 88, 65, 56, 79, 94, 67, 68, 46, 75, 38, 9, 19, 32, 41, 81, 27, 87, 90, 58, 59, 11, 16, 72, 73, 70, 39, 37, 84, 3, 62, 92, 25, 55, 28, 29, 51, 7, 33, 61, 98, 48, 89, 50, 4, 96, 53, 80, 8, 66, 34, 2, 52, 49, 13, 0, 69, 74]|[1, 1, 0, 1, 1, 0, 1, 2, 2, 1, 2, 2, 2, 1, 1, 0, 0, 1, 0, 2, 2, 0, 1, 2, 0, 1, 2, 2, 0, 0, 1, 2, 1, 2, 1, 0, 2, 0, 1, 1, 2, 2, 1, 1, 0, 2, 1, 1, 0, 0, 0, 0, 1, 1, 2, 1, 0, 2, 0, 2, 1, 0, 1, 2, 2, 1, 1, 1, 1, 1, 1, 1, 0, 0, 1, 2, 0, 0, 0, 2, 2, 1, 2, 0, 1, 0, 1, 0, 0, 0, 1, 2, 2, 0, 1, 0, 0, 0, 1, 2]|[4, 3, 2, 2, 4, 1, 2, 2, 2, 4, 1, 1, 2, 4, 4, 1, 1, 4, 2, 1, 1, 1, 1, 2, 1, 2, 1, 1, 2, 1, 3, 2, 3, 1, 4, 0, 1, 1, 0, 3, 1, 1, 2, 0, 1, 1, 0, 4, 0, 1, 2, 2, 1, 4, 0, 3, 1, 1, 1, 1, 3, 1, 1, 1, 1, 3, 4, 3, 1, 4, 1, 1, 2, 0, 4, 1, 2, 1, 1, 1, 1, 3, 1, 1, 1, 1, 4, 1, 2, 1, 3, 1, 1, 2, 1, 1, 2, 2, 4, 1]|[0, 2, 1, 1, 3, 0, 1, 0, 0, 0, 0, 0, 1, 0, 1, 0, 0, 3, 1, 0, 0, 0, 3, 1, 0, 2, 0, 0, 0, 1, 0, 0, 0, 0, 3, 0, 1, 0, 0, 2, 0, 0, 1, 0, 0, 0, 0, 2, 1, 0, 0, 0, 1, 3, 0, 0, 0, 0, 0, 0, 2, 0, 1, 0, 0, 2, 0, 0, 1, 1, 3, 1, 1, 1, 3, 0, 1, 0, 0, 0, 0, 0, 0, 0, 1, 0, 0, 0, 1, 0, 2, 0, 0, 0, 1, 1, 0, 0, 2, 0],805.0059816013858,55124.544856705135,97158.46628874657,true
37,G3_TWC,G3_TWC,[31, 22, 82, 15, 26, 58, 95, 42, 77, 12, 47, 5, 93, 78, 98, 54, 85, 63, 18, 44, 20, 35, 43, 97, 91, 76, 10, 30, 21, 45, 71, 64, 1, 23, 17, 83, 24, 14, 60, 36, 6, 57, 94, 88, 65, 56, 79, 40, 67, 68, 46, 75, 39, 9, 19, 32, 81, 96, 27, 62, 87, 90, 99, 59, 11, 16, 72, 73, 70, 38, 37, 84, 3, 92, 25, 55, 28, 29, 51, 7, 33, 61, 86, 48, 89, 50, 69, 41, 53, 80, 4, 8, 34, 49, 52, 0, 13, 2, 66, 74]|[1, 1, 0, 1, 1, 1, 2, 1, 2, 1, 2, 2, 2, 1, 1, 0, 0, 1, 0, 2, 2, 0, 1, 2, 0, 1, 2, 2, 0, 0, 1, 2, 1, 2, 1, 0, 2, 0, 1, 1, 0, 1, 1, 1, 0, 2, 1, 1, 0, 0, 0, 0, 1, 1, 2, 1, 2, 0, 0, 0, 2, 1, 0, 1, 2, 1, 2, 1, 1, 1, 1, 1, 2, 0, 1, 1, 0, 0, 0, 1, 2, 1, 0, 0, 1, 0, 1, 0, 0, 0, 0, 1, 2, 0, 1, 0, 0, 0, 2, 2]|[4, 3, 2, 2, 0, 0, 2, 2, 2, 4, 1, 1, 2, 4, 4, 1, 1, 4, 2, 1, 1, 1, 1, 2, 1, 2, 1, 1, 1, 1, 3, 2, 3, 0, 4, 0, 1, 1, 0, 3, 2, 2, 4, 0, 1, 1, 0, 2, 0, 1, 2, 2, 1, 4, 0, 3, 2, 1, 1, 2, 1, 3, 1, 1, 1, 3, 0, 4, 3, 1, 4, 1, 1, 2, 4, 4, 2, 1, 1, 3, 1, 3, 1, 1, 1, 1, 3, 1, 2, 1, 2, 3, 1, 1, 1, 2, 2, 2, 1, 1]|[0, 2, 1, 1, 3, 3, 0, 1, 0, 0, 0, 0, 1, 0, 1, 0, 0, 3, 1, 0, 0, 0, 3, 1, 0, 2, 0, 0, 0, 1, 0, 0, 0, 0, 3, 0, 1, 0, 0, 2, 1, 1, 2, 0, 0, 0, 0, 1, 1, 0, 0, 0, 1, 3, 0, 0, 1, 0, 0, 1, 0, 2, 0, 1, 0, 2, 1, 0, 0, 1, 1, 3, 0, 1, 3, 3, 1, 0, 0, 2, 0, 0, 0, 0, 1, 0, 0, 0, 1, 0, 1, 2, 0, 1, 1, 0, 0, 0, 0, 0],790.0799945868791,57951.42221290124,88960.86369927591,false
37,G1_CMAX,G1_CMAX,[31, 22, 82, 15, 26, 99, 95, 42, 77, 12, 47, 5, 93, 78, 86, 54, 21, 63, 18, 44, 20, 35, 43, 97, 91, 76, 10, 30, 85, 45, 71, 64, 1, 23, 57, 83, 24, 14, 60, 36, 81, 17, 40, 88, 65, 56, 79, 94, 67, 68, 46, 75, 38, 9, 19, 32, 41, 6, 27, 87, 90, 58, 59, 11, 16, 72, 73, 70, 39, 37, 84, 3, 92, 25, 55, 28, 62, 29, 51, 7, 33, 61, 98, 48, 89, 50, 4, 96, 53, 80, 66, 8, 34, 49, 52, 0, 13, 2, 69, 74]|[1, 1, 0, 1, 1, 0, 1, 1, 2, 1, 2, 2, 2, 1, 1, 0, 0, 1, 0, 2, 2, 0, 1, 2, 0, 1, 2, 2, 0, 0, 1, 2, 1, 2, 1, 0, 2, 0, 1, 1, 0, 1, 1, 1, 0, 2, 1, 1, 0, 0, 0, 0, 1, 1, 2, 1, 2, 2, 0, 2, 1, 0, 1, 2, 1, 2, 1, 1, 1, 1, 1, 1, 0, 1, 2, 2, 0, 0, 2, 2, 2, 1, 2, 0, 1, 0, 1, 2, 0, 0, 2, 1, 2, 0, 1, 0, 0, 0, 1, 2]|[0, 3, 2, 2, 4, 1, 2, 3, 2, 4, 1, 1, 2, 4, 4, 1, 1, 4, 2, 1, 1, 1, 1, 2, 1, 2, 1, 1, 2, 1, 3, 2, 3, 0, 4, 0, 1, 1, 0, 3, 2, 2, 2, 0, 1, 1, 0, 4, 0, 1, 2, 2, 1, 4, 0, 3, 2, 2, 1, 1, 3, 1, 1, 1, 3, 0, 4, 3, 1, 4, 1, 1, 0, 4, 1, 1, 2, 1, 2, 1, 1, 3, 1, 1, 1, 1, 4, 1, 2, 1, 1, 3, 1, 1, 1, 2, 2, 2, 4, 1]|[0, 2, 1, 1, 3, 0, 1, 3, 0, 0, 0, 0, 1, 0, 1, 0, 0, 3, 1, 0, 0, 0, 3, 1, 0, 2, 0, 0, 0, 1, 0, 0, 0, 0, 3, 0, 1, 0, 0, 2, 1, 1, 1, 0, 0, 0, 0, 2, 1, 0, 0, 0, 1, 3, 0, 0, 1, 1, 0, 0, 2, 0, 1, 0, 2, 1, 0, 0, 1, 1, 3, 1, 1, 3, 0, 0, 1, 0, 1, 0, 0, 0, 0, 0, 1, 0, 0, 0, 1, 0, 0, 2, 0, 1, 1, 0, 0, 0, 2, 0],714.4485115867469,58161.785232764836,94013.66617097157,false
37,G4_BALANCED,G4_BALANCED,[31, 22, 82, 15, 26, 58, 95, 42, 77, 12, 47, 5, 30, 78, 86, 54, 85, 63, 18, 44, 20, 35, 43, 97, 91, 76, 10, 93, 21, 45, 71, 64, 1, 23, 17, 83, 24, 14, 60, 36, 6, 57, 40, 88, 65, 56, 79, 94, 67, 68, 46, 75, 38, 9, 19, 32, 81, 41, 27, 62, 90, 99, 59, 87, 11, 66, 73, 70, 39, 37, 84, 3, 72, 92, 25, 55, 28, 29, 51, 7, 16, 61, 98, 48, 89, 50, 4, 96, 53, 80, 8, 33, 34, 49, 52, 0, 13, 2, 69, 74]|[1, 1, 0, 1, 1, 0, 1, 2, 2, 1, 2, 2, 2, 1, 1, 0, 0, 1, 0, 2, 2, 0, 0, 2, 0, 1, 2, 2, 0, 0, 1, 2, 1, 2, 1, 0, 2, 0, 1, 1, 0, 1, 1, 1, 0, 2, 1, 1, 0, 0, 0, 0, 1, 1, 2, 1, 2, 0, 0, 2, 1, 0, 1, 2, 2, 2, 1, 1, 1, 1, 1, 1, 2, 0, 1, 1, 0, 0, 0, 1, 2, 1, 2, 0, 1, 0, 1, 2, 0, 0, 0, 2, 2, 0, 1, 0, 0, 0, 1, 2]|[4, 3, 2, 2, 4, 1, 2, 2, 2, 4, 1, 1, 2, 4, 4, 1, 2, 4, 2, 1, 1, 1, 1, 2, 1, 2, 1, 1, 2, 1, 3, 2, 3, 1, 4, 0, 1, 1, 0, 3, 2, 2, 2, 0, 1, 1, 0, 4, 0, 1, 2, 2, 1, 4, 0, 3, 2, 1, 1, 1, 3, 1, 1, 1, 1, 1, 4, 3, 1, 4, 1, 1, 1, 0, 4, 4, 2, 2, 1, 1, 1, 3, 1, 1, 1, 1, 4, 1, 2, 1, 1, 1, 1, 1, 1, 2, 2, 2, 4, 1]|[0, 2, 1, 1, 3, 0, 1, 0, 0, 0, 0, 0, 1, 0, 1, 0, 0, 3, 1, 0, 0, 0, 0, 1, 0, 2, 0, 0, 0, 1, 0, 0, 0, 0, 3, 0, 1, 0, 0, 2, 1, 1, 1, 0, 0, 0, 0, 2, 1, 0, 0, 0, 1, 3, 0, 0, 1, 0, 0, 0, 2, 0, 1, 0, 0, 0, 0, 0, 1, 1, 3, 1, 0, 1, 3, 3, 1, 0, 0, 2, 0, 0, 0, 0, 1, 0, 0, 0, 1, 0, 0, 0, 0, 1, 1, 0, 0, 0, 2, 0],780.1204793587376,55381.14930119356,97957.80477469892,false
37,G2_TEC,G2_TEC,[31, 22, 82, 15, 26, 9, 95, 42, 77, 68, 47, 5, 93, 78, 86, 54, 85, 63, 18, 44, 20, 49, 36, 14, 74, 50, 53, 17, 21, 28, 11, 64, 3, 23, 30, 83, 24, 41, 40, 52, 65, 27, 90, 70, 39, 87, 48, 69, 99, 4, 75, 1, 13, 58, 97, 59, 45, 8, 73, 37, 35, 79, 71, 66, 76, 32, 60, 80, 56, 6, 67, 61, 33, 7, 57, 34, 12, 16, 10, 98, 96, 88, 43, 46, 91, 38, 84, 92, 29, 19, 51, 55, 81, 89, 25, 72, 94, 2, 0, 62]|[2, 1, 2, 1, 1, 2, 1, 1, 1, 1, 1, 0, 2, 2, 1, 2, 0, 0, 0, 2, 2, 1, 0, 2, 0, 2, 2, 1, 0, 1, 1, 1, 0, 0, 1, 0, 2, 1, 2, 2, 0, 0, 1, 1, 0, 2, 0, 2, 1, 0, 0, 2, 0, 0, 2, 0, 1, 1, 0, 0, 2, 1, 1, 2, 2, 0, 2, 2, 2, 1, 2, 1, 1, 2, 0, 1, 1, 2, 1, 2, 0, 1, 1, 0, 1, 0, 0, 0, 1, 1, 1, 0, 1, 1, 1, 1, 2, 2, 0, 1]|[0, 3, 0, 3, 4, 1, 4, 4, 2, 4, 3, 2, 1, 0, 2, 1, 1, 1, 2, 1, 1, 3, 0, 1, 0, 1, 1, 4, 1, 4, 3, 2, 2, 0, 4, 1, 1, 4, 1, 1, 2, 1, 4, 4, 1, 1, 0, 2, 3, 2, 2, 1, 2, 1, 1, 2, 4, 3, 0, 2, 2, 3, 3, 1, 1, 2, 1, 1, 1, 4, 1, 3, 4, 1, 2, 4, 3, 1, 3, 1, 2, 4, 4, 2, 3, 2, 2, 2, 3, 4, 3, 2, 4, 4, 4, 4, 1, 1, 2, 3]|[0, 2, 0, 0, 3, 0, 1, 3, 0, 0, 2, 0, 1, 0, 1, 0, 0, 0, 1, 0, 0, 2, 0, 0, 1, 0, 0, 3, 0, 1, 0, 2, 0, 0, 3, 0, 1, 1, 0, 0, 0, 0, 1, 3, 0, 0, 1, 0, 2, 0, 0, 0, 0, 0, 1, 0, 1, 0, 1, 1, 0, 2, 0, 0, 0, 0, 0, 0, 0, 2, 0, 0, 1, 0, 0, 1, 0, 0, 3, 0, 0, 1, 2, 0, 0, 0, 0, 0, 3, 1, 0, 0, 2, 1, 3, 1, 0, 0, 0, 0],908.8272556494078,49235.066718390466,107289.32240407266,false
37,G3_TWC,G4_BALANCED,[31, 22, 82, 15, 26, 99, 95, 42, 77, 12, 47, 5, 93, 78, 86, 54, 21, 63, 18, 44, 20, 23, 43, 97, 91, 76, 10, 30, 85, 45, 71, 64, 1, 35, 17, 83, 24, 14, 60, 36, 6, 57, 40, 88, 65, 56, 79, 94, 67, 68, 46, 75, 38, 9, 19, 32, 41, 81, 27, 87, 90, 58, 59, 62, 11, 16, 72, 73, 39, 37, 84, 3, 92, 25, 55, 48, 70, 29, 51, 96, 33, 61, 98, 66, 89, 50, 4, 7, 53, 80, 8, 28, 34, 49, 52, 0, 74, 69, 2, 13]|[2, 1, 0, 1, 1, 0, 1, 1, 2, 1, 2, 2, 2, 1, 1, 0, 0, 1, 0, 2, 2, 0, 1, 2, 0, 1, 2, 2, 0, 0, 1, 2, 1, 2, 1, 0, 2, 0, 1, 1, 0, 1, 1, 1, 0, 2, 1, 1, 0, 0, 0, 0, 1, 1, 2, 1, 0, 2, 0, 2, 1, 0, 1, 0, 2, 1, 2, 1, 1, 1, 1, 1, 0, 1, 2, 0, 1, 0, 0, 2, 2, 1, 2, 2, 1, 0, 1, 1, 0, 0, 1, 0, 2, 0, 1, 0, 2, 1, 0, 0]|[1, 3, 2, 2, 4, 1, 2, 3, 2, 4, 1, 1, 2, 4, 4, 1, 1, 4, 2, 1, 1, 1, 1, 2, 1, 2, 1, 1, 2, 1, 3, 1, 3, 1, 4, 0, 1, 1, 0, 3, 2, 2, 2, 0, 1, 1, 0, 4, 0, 1, 2, 2, 1, 4, 0, 3, 1, 1, 1, 1, 3, 1, 1, 2, 1, 3, 0, 4, 1, 4, 1, 1, 2, 4, 1, 1, 3, 1, 1, 1, 1, 3, 1, 1, 1, 1, 4, 3, 2, 1, 3, 2, 1, 1, 1, 2, 1, 4, 2, 2]|[0, 2, 1, 1, 3, 0, 1, 3, 0, 0, 0, 0, 1, 0, 1, 0, 0, 3, 1, 0, 0, 0, 3, 1, 0, 2, 0, 0, 0, 1, 0, 0, 0, 0, 3, 0, 1, 0, 0, 2, 1, 1, 1, 0, 0, 0, 0, 2, 1, 0, 0, 0, 1, 3, 0, 0, 0, 0, 0, 0, 2, 0, 1, 1, 0, 2, 1, 0, 1, 1, 3, 1, 1, 3, 0, 0, 0, 0, 0, 0, 0, 0, 0, 0, 1, 0, 0, 2, 1, 0, 2, 1, 0, 1, 1, 0, 0, 2, 0, 0],757.0396004785916,56129.652691911746,91492.16283940467,true
37,G1_CMAX,G1_CMAX,[31, 22, 82, 15, 26, 99, 95, 42, 77, 12, 47, 5, 93, 78, 86, 54, 21, 63, 18, 44, 20, 35, 43, 97, 91, 76, 10, 30, 85, 45, 71, 64, 1, 23, 57, 83, 24, 14, 60, 36, 81, 17, 40, 88, 65, 56, 79, 94, 67, 68, 46, 75, 38, 9, 19, 32, 41, 6, 27, 87, 90, 58, 59, 11, 16, 72, 73, 70, 39, 37, 84, 3, 92, 25, 55, 28, 62, 29, 51, 7, 33, 61, 98, 48, 89, 50, 4, 96, 53, 80, 66, 8, 34, 49, 52, 0, 13, 2, 69, 74]|[1, 1, 0, 1, 1, 0, 1, 1, 2, 1, 2, 2, 2, 1, 1, 0, 0, 1, 0, 2, 2, 0, 1, 2, 0, 1, 2, 2, 0, 0, 1, 2, 1, 2, 1, 0, 2, 0, 1, 1, 0, 1, 1, 1, 0, 2, 1, 1, 0, 0, 0, 0, 1, 1, 2, 1, 2, 2, 0, 2, 1, 0, 1, 2, 1, 2, 1, 1, 1, 1, 1, 1, 0, 1, 2, 2, 0, 0, 2, 2, 2, 1, 2, 0, 1, 0, 1, 2, 0, 0, 2, 1, 2, 0, 1, 0, 0, 0, 1, 2]|[0, 3, 2, 2, 4, 1, 2, 3, 2, 4, 1, 1, 2, 4, 4, 1, 1, 4, 2, 1, 1, 1, 1, 2, 1, 2, 1, 1, 2, 1, 3, 2, 3, 0, 4, 0, 1, 1, 0, 3, 2, 2, 2, 0, 1, 1, 0, 4, 0, 1, 2, 2, 1, 4, 0, 3, 2, 2, 1, 1, 3, 1, 1, 1, 3, 0, 4, 3, 1, 4, 1, 1, 0, 4, 1, 1, 2, 1, 2, 1, 1, 3, 1, 1, 1, 1, 4, 1, 2, 1, 1, 3, 1, 1, 1, 2, 2, 2, 4, 1]|[0, 2, 1, 1, 3, 0, 1, 3, 0, 0, 0, 0, 1, 0, 1, 0, 0, 3, 1, 0, 0, 0, 3, 1, 0, 2, 0, 0, 0, 1, 0, 0, 0, 0, 3, 0, 1, 0, 0, 2, 1, 1, 1, 0, 0, 0, 0, 2, 1, 0, 0, 0, 1, 3, 0, 0, 1, 1, 0, 0, 2, 0, 1, 0, 2, 1, 0, 0, 1, 1, 3, 1, 1, 3, 0, 0, 1, 0, 1, 0, 0, 0, 0, 0, 1, 0, 0, 0, 1, 0, 0, 2, 0, 1, 1, 0, 0, 0, 2, 0],714.4485115867469,58161.785232764836,94013.66617097157,false
37,G4_BALANCED,G4_BALANCED,[31, 22, 82, 15, 26, 9, 95, 42, 77, 68, 47, 5, 93, 78, 86, 54, 85, 63, 18, 44, 20, 49, 36, 14, 74, 50, 53, 17, 21, 28, 11, 64, 3, 23, 30, 83, 24, 41, 40, 52, 65, 27, 90, 70, 39, 87, 48, 69, 99, 4, 46, 1, 13, 58, 19, 59, 45, 8, 73, 37, 35, 79, 71, 66, 76, 32, 60, 80, 96, 6, 67, 61, 33, 7, 57, 34, 12, 16, 10, 98, 56, 88, 43, 84, 91, 38, 75, 92, 29, 97, 51, 55, 72, 89, 25, 81, 94, 2, 62, 0]|[2, 1, 2, 1, 1, 0, 1, 1, 1, 1, 1, 0, 2, 2, 1, 2, 0, 0, 0, 2, 2, 1, 0, 2, 0, 2, 2, 1, 0, 1, 1, 1, 0, 0, 1, 0, 2, 1, 2, 2, 0, 0, 1, 1, 0, 2, 0, 2, 1, 0, 0, 2, 0, 0, 2, 0, 1, 1, 0, 0, 2, 1, 1, 2, 2, 0, 2, 2, 2, 1, 2, 1, 1, 2, 0, 1, 1, 2, 1, 2, 2, 1, 1, 0, 1, 0, 0, 0, 1, 1, 1, 0, 1, 1, 1, 1, 2, 2, 1, 0]|[0, 3, 0, 3, 4, 1, 4, 4, 2, 4, 3, 2, 1, 0, 2, 1, 1, 1, 2, 1, 1, 3, 0, 1, 0, 1, 1, 4, 1, 4, 3, 2, 2, 0, 4, 1, 1, 4, 1, 1, 2, 1, 4, 4, 1, 1, 0, 2, 3, 2, 2, 1, 2, 1, 1, 2, 4, 3, 0, 2, 2, 3, 3, 1, 1, 2, 1, 1, 1, 4, 1, 3, 4, 1, 2, 4, 3, 1, 3, 1, 1, 4, 4, 2, 3, 2, 2, 2, 3, 4, 3, 2, 4, 4, 4, 4, 1, 1, 3, 2]|[0, 2, 0, 0, 3, 0, 1, 3, 0, 0, 2, 0, 1, 0, 1, 0, 0, 0, 1, 0, 0, 2, 0, 0, 1, 0, 0, 3, 0, 1, 0, 2, 0, 0, 3, 0, 1, 1, 0, 0, 0, 0, 1, 3, 0, 0, 1, 0, 2, 0, 0, 0, 0, 1, 1, 0, 1, 0, 1, 1, 0, 2, 0, 0, 0, 0, 0, 0, 0, 2, 0, 0, 1, 0, 0, 1, 0, 0, 3, 0, 0, 1, 2, 0, 0, 0, 0, 0, 3, 1, 0, 0, 1, 1, 3, 2, 0, 0, 0, 0],880.5078726524667,49907.548330059835,103796.87624961621,false
37,G2_TEC,G2_TEC,[31, 22, 82, 15, 26, 9, 95, 42, 77, 68, 47, 5, 93, 78, 86, 54, 85, 63, 18, 44, 20, 49, 36, 14, 74, 50, 53, 17, 21, 28, 11, 64, 3, 23, 30, 83, 24, 41, 40, 52, 65, 27, 90, 70, 39, 87, 48, 69, 99, 4, 75, 1, 13, 58, 97, 59, 45, 8, 73, 37, 35, 79, 71, 66, 76, 32, 60, 80, 56, 6, 67, 61, 33, 7, 57, 34, 12, 16, 10, 98, 96, 88, 43, 46, 91, 38, 84, 92, 29, 19, 51, 55, 81, 89, 25, 72, 94, 2, 0, 62]|[2, 1, 2, 1, 1, 2, 1, 1, 1, 1, 1, 0, 2, 2, 1, 2, 0, 0, 0, 2, 2, 1, 0, 2, 0, 2, 2, 1, 0, 1, 1, 1, 0, 0, 1, 0, 2, 1, 2, 2, 0, 0, 1, 1, 0, 2, 0, 2, 1, 0, 0, 2, 0, 0, 2, 0, 1, 1, 0, 0, 2, 1, 1, 2, 2, 0, 2, 2, 2, 1, 2, 1, 1, 2, 0, 1, 1, 2, 1, 2, 0, 1, 1, 0, 1, 0, 0, 0, 1, 1, 1, 0, 1, 1, 1, 1, 2, 2, 0, 1]|[0, 3, 0, 3, 4, 1, 4, 4, 2, 4, 3, 2, 1, 0, 2, 1, 1, 1, 2, 1, 1, 3, 0, 1, 0, 1, 1, 4, 1, 4, 3, 2, 2, 0, 4, 1, 1, 4, 1, 1, 2, 1, 4, 4, 1, 1, 0, 2, 3, 2, 2, 1, 2, 1, 1, 2, 4, 3, 0, 2, 2, 3, 3, 1, 1, 2, 1, 1, 1, 4, 1, 3, 4, 1, 2, 4, 3, 1, 3, 1, 2, 4, 4, 2, 3, 2, 2, 2, 3, 4, 3, 2, 4, 4, 4, 4, 1, 1, 2, 3]|[0, 2, 0, 0, 3, 0, 1, 3, 0, 0, 2, 0, 1, 0, 1, 0, 0, 0, 1, 0, 0, 2, 0, 0, 1, 0, 0, 3, 0, 1, 0, 2, 0, 0, 3, 0, 1, 1, 0, 0, 0, 0, 1, 3, 0, 0, 1, 0, 2, 0, 0, 0, 0, 0, 1, 0, 1, 0, 1, 1, 0, 2, 0, 0, 0, 0, 0, 0, 0, 2, 0, 0, 1, 0, 0, 1, 0, 0, 3, 0, 0, 1, 2, 0, 0, 0, 0, 0, 3, 1, 0, 0, 2, 1, 3, 1, 0, 0, 0, 0],908.8272556494078,49235.066718390466,107289.32240407266,false
37,G3_TWC,G4_BALANCED,[31, 22, 82, 15, 26, 99, 95, 42, 77, 12, 47, 5, 93, 78, 86, 54, 21, 63, 18, 44, 20, 23, 43, 97, 91, 76, 10, 30, 85, 45, 71, 64, 1, 35, 17, 83, 24, 14, 60, 36, 6, 57, 40, 88, 65, 56, 79, 94, 67, 68, 46, 75, 38, 9, 19, 32, 41, 81, 27, 87, 90, 58, 59, 62, 11, 16, 72, 73, 39, 37, 84, 3, 92, 25, 55, 48, 70, 29, 51, 96, 33, 61, 98, 66, 89, 50, 4, 7, 53, 80, 8, 28, 34, 49, 52, 0, 74, 69, 2, 13]|[2, 1, 0, 1, 1, 0, 1, 1, 2, 1, 2, 2, 2, 1, 1, 0, 0, 1, 0, 2, 2, 0, 1, 2, 0, 1, 2, 2, 0, 0, 1, 2, 1, 2, 1, 0, 2, 0, 1, 1, 0, 1, 1, 1, 0, 2, 1, 1, 0, 0, 0, 0, 1, 1, 2, 1, 0, 2, 0, 2, 1, 0, 1, 0, 2, 1, 2, 1, 1, 1, 1, 1, 0, 1, 2, 0, 1, 0, 0, 2, 2, 1, 2, 2, 1, 0, 1, 1, 0, 0, 1, 0, 2, 0, 1, 0, 2, 1, 0, 0]|[1, 3, 2, 2, 4, 1, 2, 3, 2, 4, 1, 1, 2, 4, 4, 1, 1, 4, 2, 1, 1, 1, 1, 2, 1, 2, 1, 1, 2, 1, 3, 1, 3, 1, 4, 0, 1, 1, 0, 3, 2, 2, 2, 0, 1, 1, 0, 4, 0, 1, 2, 2, 1, 4, 0, 3, 1, 1, 1, 1, 3, 1, 1, 2, 1, 3, 0, 4, 1, 4, 1, 1, 2, 4, 1, 1, 3, 1, 1, 1, 1, 3, 1, 1, 1, 1, 4, 3, 2, 1, 3, 2, 1, 1, 1, 2, 1, 4, 2, 2]|[0, 2, 1, 1, 3, 0, 1, 3, 0, 0, 0, 0, 1, 0, 1, 0, 0, 3, 1, 0, 0, 0, 3, 1, 0, 2, 0, 0, 0, 1, 0, 0, 0, 0, 3, 0, 1, 0, 0, 2, 1, 1, 1, 0, 0, 0, 0, 2, 1, 0, 0, 0, 1, 3, 0, 0, 0, 0, 0, 0, 2, 0, 1, 1, 0, 2, 1, 0, 1, 1, 3, 1, 1, 3, 0, 0, 0, 0, 0, 0, 0, 0, 0, 0, 1, 0, 0, 2, 1, 0, 2, 1, 0, 1, 1, 0, 0, 2, 0, 0],757.0396004785916,56129.652691911746,91492.16283940467,true
38,G1_CMAX,G1_CMAX,[31, 22, 82, 15, 26, 99, 95, 42, 77, 12, 47, 5, 93, 78, 86, 54, 21, 63, 18, 44, 20, 35, 43, 97, 91, 76, 10, 30, 85, 45, 71, 64, 1, 23, 57, 83, 24, 14, 60, 36, 81, 17, 40, 88, 65, 56, 79, 94, 67, 68, 46, 75, 38, 9, 19, 32, 41, 6, 27, 87, 90, 58, 59, 11, 16, 72, 73, 70, 39, 37, 84, 3, 92, 25, 55, 28, 62, 29, 51, 7, 33, 61, 98, 48, 89, 50, 4, 96, 53, 80, 66, 8, 34, 49, 52, 0, 13, 2, 69, 74]|[1, 1, 0, 1, 1, 0, 1, 1, 2, 1, 2, 2, 2, 1, 1, 0, 0, 1, 0, 2, 2, 0, 1, 2, 0, 1, 2, 2, 0, 0, 1, 2, 1, 2, 1, 0, 2, 0, 1, 1, 0, 1, 1, 1, 0, 2, 1, 1, 0, 0, 0, 0, 1, 1, 2, 1, 2, 2, 0, 2, 1, 0, 1, 2, 1, 2, 1, 1, 1, 1, 1, 1, 0, 1, 2, 2, 0, 0, 2, 2, 2, 1, 2, 0, 1, 0, 1, 2, 0, 0, 2, 1, 2, 0, 1, 0, 0, 0, 1, 2]|[0, 3, 2, 2, 4, 1, 2, 3, 2, 4, 1, 1, 2, 4, 4, 1, 1, 4, 2, 1, 1, 1, 1, 2, 1, 2, 1, 1, 2, 1, 3, 2, 3, 0, 4, 0, 1, 1, 0, 3, 2, 2, 2, 0, 1, 1, 0, 4, 0, 1, 2, 2, 1, 4, 0, 3, 2, 2, 1, 1, 3, 1, 1, 1, 3, 0, 4, 3, 1, 4, 1, 1, 0, 4, 1, 1, 2, 1, 2, 1, 1, 3, 1, 1, 1, 1, 4, 1, 2, 1, 1, 3, 1, 1, 1, 2, 2, 2, 4, 1]|[0, 2, 1, 1, 3, 0, 1, 3, 0, 0, 0, 0, 1, 0, 1, 0, 0, 3, 1, 0, 0, 0, 3, 1, 0, 2, 0, 0, 0, 1, 0, 0, 0, 0, 3, 0, 1, 0, 0, 2, 1, 1, 1, 0, 0, 0, 0, 2, 1, 0, 0, 0, 1, 3, 0, 0, 1, 1, 0, 0, 2, 0, 1, 0, 2, 1, 0, 0, 1, 1, 3, 1, 1, 3, 0, 0, 1, 0, 1, 0, 0, 0, 0, 0, 1, 0, 0, 0, 1, 0, 0, 2, 0, 1, 1, 0, 0, 0, 2, 0],714.4485115867469,58161.785232764836,94013.66617097157,false
38,G4_BALANCED,G4_BALANCED,[31, 11, 82, 15, 26, 9, 95, 42, 77, 68, 47, 5, 93, 78, 86, 54, 85, 63, 76, 44, 20, 49, 36, 14, 74, 50, 53, 25, 21, 28, 71, 64, 3, 23, 30, 83, 24, 41, 60, 52, 65, 27, 90, 70, 39, 87, 48, 69, 99, 4, 46, 1, 13, 58, 97, 59, 33, 8, 73, 37, 35, 79, 22, 66, 18, 32, 40, 80, 96, 6, 16, 61, 45, 7, 57, 34, 12, 67, 10, 98, 56, 88, 29, 75, 91, 38, 19, 92, 43, 84, 2, 72, 81, 17, 51, 55, 0, 89, 94, 62]|[2, 1, 2, 1, 1, 2, 1, 1, 1, 1, 1, 0, 2, 2, 1, 2, 0, 0, 0, 2, 2, 1, 0, 2, 0, 2, 2, 1, 0, 1, 1, 1, 0, 0, 1, 0, 2, 1, 2, 2, 0, 0, 1, 1, 0, 2, 0, 2, 1, 0, 0, 2, 0, 0, 2, 0, 1, 1, 0, 0, 2, 1, 0, 2, 2, 0, 2, 2, 0, 1, 2, 1, 1, 2, 0, 1, 1, 1, 1, 2, 2, 1, 1, 0, 1, 0, 1, 0, 1, 0, 2, 1, 1, 1, 1, 0, 0, 1, 2, 1]|[0, 3, 0, 2, 4, 1, 4, 4, 2, 4, 3, 2, 1, 0, 2, 1, 1, 1, 2, 1, 1, 3, 0, 1, 0, 1, 1, 4, 1, 4, 3, 2, 2, 0, 4, 1, 1, 4, 0, 1, 2, 1, 4, 4, 1, 1, 0, 2, 3, 1, 2, 1, 2, 1, 1, 2, 4, 3, 0, 2, 2, 3, 1, 0, 1, 2, 0, 1, 2, 4, 1, 3, 4, 1, 2, 4, 3, 3, 3, 1, 1, 4, 3, 2, 3, 2, 4, 2, 4, 2, 1, 4, 1, 4, 3, 2, 2, 4, 1, 3]|[0, 2, 0, 1, 3, 0, 1, 3, 0, 0, 2, 0, 1, 0, 1, 0, 0, 0, 1, 0, 0, 2, 0, 0, 1, 0, 0, 3, 0, 1, 0, 2, 0, 1, 3, 0, 1, 3, 1, 0, 0, 0, 1, 3, 0, 0, 1, 0, 2, 0, 0, 0, 0, 0, 1, 0, 1, 0, 1, 1, 0, 2, 0, 0, 0, 0, 0, 0, 0, 2, 0, 0, 1, 0, 0, 1, 0, 0, 3, 0, 0, 1, 0, 0, 0, 0, 3, 0, 2, 0, 0, 2, 1, 3, 0, 0, 0, 1, 0, 0],848.1161249092097,51934.83458349109,107480.51805341724,false
38,G2_TEC,G1_CMAX,[31, 22, 82, 15, 26, 99, 95, 42, 77, 12, 47, 5, 93, 78, 86, 54, 21, 63, 18, 44, 20, 35, 43, 97, 91, 76, 10, 30, 85, 45, 71, 64, 1, 23, 17, 83, 24, 14, 60, 36, 6, 57, 40, 88, 65, 56, 79, 94, 67, 68, 46, 75, 38, 9, 19, 32, 41, 81, 27, 87, 90, 58, 59, 11, 16, 72, 73, 70, 39, 37, 84, 62, 3, 25, 55, 48, 92, 50, 51, 7, 33, 61, 98, 28, 89, 29, 4, 96, 53, 80, 8, 66, 34, 49, 52, 0, 74, 69, 2, 13]|[1, 1, 0, 1, 1, 0, 1, 1, 2, 1, 2, 2, 2, 1, 1, 0, 0, 1, 0, 2, 2, 0, 1, 2, 0, 1, 2, 2, 0, 0, 1, 2, 1, 2, 1, 0, 2, 0, 1, 1, 0, 1, 1, 1, 0, 2, 1, 1, 0, 0, 0, 0, 1, 1, 2, 1, 0, 2, 0, 2, 1, 0, 1, 2, 1, 2, 1, 1, 1, 1, 1, 0, 1, 1, 2, 0, 0, 0, 0, 1, 2, 1, 2, 0, 1, 0, 1, 2, 0, 0, 1, 2, 2, 0, 1, 0, 2, 1, 0, 0]|[0, 3, 2, 2, 4, 1, 2, 3, 2, 4, 1, 1, 2, 4, 4, 1, 1, 4, 2, 1, 1, 1, 1, 2, 1, 2, 1, 1, 2, 1, 3, 2, 3, 1, 4, 0, 1, 1, 0, 3, 2, 2, 2, 0, 1, 1, 0, 4, 0, 1, 2, 2, 1, 4, 0, 3, 1, 1, 1, 1, 3, 1, 1, 1, 3, 0, 4, 3, 1, 4, 1, 2, 1, 4, 1, 1, 0, 1, 1, 1, 1, 3, 1, 2, 1, 1, 4, 1, 2, 1, 3, 1, 1, 1, 1, 2, 1, 4, 2, 2]|[0, 2, 1, 1, 3, 0, 1, 3, 0, 0, 0, 0, 1, 0, 1, 0, 0, 3, 1, 0, 0, 0, 3, 1, 0, 2, 0, 0, 0, 1, 0, 0, 0, 0, 3, 0, 1, 0, 0, 2, 1, 1, 1, 0, 0, 0, 0, 2, 1, 0, 0, 0, 1, 3, 0, 0, 0, 0, 0, 0, 2, 0, 1, 0, 2, 1, 0, 0, 1, 1, 3, 1, 1, 3, 0, 0, 1, 0, 0, 2, 0, 0, 0, 1, 1, 0, 0, 0, 1, 0, 2, 0, 0, 1, 1, 0, 0, 2, 0, 0],730.2990040054702,56853.26859628623,93431.51655744747,true
38,G3_TWC,G4_BALANCED,[31, 22, 82, 15, 26, 99, 95, 42, 77, 12, 47, 5, 93, 78, 86, 54, 21, 63, 18, 44, 20, 23, 43, 97, 91, 76, 10, 30, 85, 45, 71, 64, 1, 35, 17, 83, 24, 14, 60, 36, 6, 57, 40, 88, 65, 56, 79, 94, 67, 68, 46, 75, 38, 9, 19, 32, 41, 81, 27, 87, 90, 58, 59, 62, 11, 16, 72, 73, 39, 37, 84, 3, 92, 25, 55, 48, 70, 29, 51, 96, 33, 61, 98, 66, 89, 50, 4, 7, 53, 80, 8, 28, 34, 49, 52, 0, 74, 69, 2, 13]|[2, 1, 0, 1, 1, 0, 1, 1, 2, 1, 2, 2, 2, 1, 1, 0, 0, 1, 0, 2, 2, 0, 1, 2, 0, 1, 2, 2, 0, 0, 1, 2, 1, 2, 1, 0, 2, 0, 1, 1, 0, 1, 1, 1, 0, 2, 1, 1, 0, 0, 0, 0, 1, 1, 2, 1, 0, 2, 0, 2, 1, 0, 1, 0, 2, 1, 2, 1, 1, 1, 1, 1, 0, 1, 2, 0, 1, 0, 0, 2, 2, 1, 2, 2, 1, 0, 1, 1, 0, 0, 1, 0, 2, 0, 1, 0, 2, 1, 0, 0]|[1, 3, 2, 2, 4, 1, 2, 3, 2, 4, 1, 1, 2, 4, 4, 1, 1, 4, 2, 1, 1, 1, 1, 2, 1, 2, 1, 1, 2, 1, 3, 1, 3, 1, 4, 0, 1, 1, 0, 3, 2, 2, 2, 0, 1, 1, 0, 4, 0, 1, 2, 2, 1, 4, 0, 3, 1, 1, 1, 1, 3, 1, 1, 2, 1, 3, 0, 4, 1, 4, 1, 1, 2, 4, 1, 1, 3, 1, 1, 1, 1, 3, 1, 1, 1, 1, 4, 3, 2, 1, 3, 2, 1, 1, 1, 2, 1, 4, 2, 2]|[0, 2, 1, 1, 3, 0, 1, 3, 0, 0, 0, 0, 1, 0, 1, 0, 0, 3, 1, 0, 0, 0, 3, 1, 0, 2, 0, 0, 0, 1, 0, 0, 0, 0, 3, 0, 1, 0, 0, 2, 1, 1, 1, 0, 0, 0, 0, 2, 1, 0, 0, 0, 1, 3, 0, 0, 0, 0, 0, 0, 2, 0, 1, 1, 0, 2, 1, 0, 1, 1, 3, 1, 1, 3, 0, 0, 0, 0, 0, 0, 0, 0, 0, 0, 1, 0, 0, 2, 1, 0, 2, 1, 0, 1, 1, 0, 0, 2, 0, 0],757.0396004785916,56129.652691911746,91492.16283940467,true
38,G1_CMAX,G1_CMAX,[31, 22, 82, 15, 26, 58, 95, 42, 77, 12, 47, 5, 93, 78, 98, 54, 85, 63, 18, 44, 20, 35, 43, 97, 91, 76, 10, 30, 21, 45, 71, 64, 1, 23, 17, 83, 24, 14, 60, 36, 6, 57, 94, 88, 65, 56, 79, 40, 67, 68, 46, 75, 38, 9, 19, 32, 81, 41, 27, 62, 87, 90, 99, 59, 11, 16, 72, 73, 70, 39, 37, 84, 3, 92, 25, 55, 28, 29, 51, 7, 33, 61, 48, 86, 89, 50, 4, 96, 53, 8, 80, 0, 34, 49, 52, 2, 13, 66, 69, 74]|[1, 1, 0, 1, 1, 1, 2, 1, 2, 1, 2, 2, 2, 1, 1, 0, 0, 1, 0, 2, 2, 0, 0, 2, 0, 1, 2, 2, 0, 0, 1, 2, 1, 2, 1, 0, 2, 0, 1, 1, 0, 1, 1, 1, 0, 2, 1, 1, 0, 0, 0, 0, 1, 1, 2, 1, 2, 0, 0, 0, 2, 1, 1, 2, 2, 1, 2, 1, 1, 1, 1, 1, 1, 0, 1, 1, 0, 0, 0, 1, 2, 1, 0, 0, 1, 0, 0, 0, 0, 1, 0, 0, 2, 0, 1, 0, 0, 2, 1, 2]|[4, 3, 2, 2, 0, 0, 2, 2, 2, 4, 1, 1, 2, 4, 4, 1, 2, 4, 2, 1, 1, 1, 1, 2, 1, 2, 1, 1, 1, 1, 3, 1, 3, 0, 4, 0, 1, 1, 0, 3, 2, 2, 4, 0, 1, 1, 0, 2, 0, 1, 2, 2, 1, 4, 0, 3, 2, 1, 1, 2, 1, 3, 1, 1, 1, 3, 0, 4, 3, 1, 4, 1, 1, 2, 4, 4, 2, 1, 1, 3, 1, 3, 1, 1, 1, 1, 2, 1, 2, 3, 1, 2, 1, 1, 1, 2, 2, 1, 3, 1]|[0, 2, 1, 1, 3, 3, 0, 1, 0, 0, 0, 0, 1, 0, 1, 0, 0, 3, 1, 0, 0, 0, 0, 1, 0, 2, 0, 0, 0, 1, 0, 0, 0, 0, 3, 0, 1, 0, 0, 2, 1, 1, 2, 0, 0, 0, 0, 1, 1, 0, 0, 0, 1, 3, 0, 0, 1, 0, 0, 1, 0, 2, 1, 0, 0, 2, 1, 0, 0, 1, 1, 3, 1, 1, 3, 3, 1, 0, 0, 2, 0, 0, 0, 0, 1, 0, 1, 0, 1, 2, 0, 0, 0, 1, 1, 0, 0, 0, 0, 0],786.9675413170938,57624.74004638153,90024.39896312059,false
38,G4_BALANCED,G1_CMAX,[31, 22, 82, 15, 26, 99, 95, 42, 77, 12, 47, 5, 93, 78, 86, 54, 21, 63, 18, 44, 20, 35, 43, 97, 91, 76, 10, 30, 85, 45, 71, 64, 1, 23, 17, 83, 24, 14, 60, 36, 6, 57, 40, 88, 65, 56, 79, 94, 67, 68, 46, 75, 38, 9, 19, 32, 41, 81, 27, 87, 90, 58, 59, 11, 16, 72, 73, 70, 39, 37, 84, 62, 3, 25, 55, 48, 92, 50, 51, 7, 33, 61, 98, 28, 89, 29, 4, 96, 53, 80, 8, 66, 34, 49, 52, 0, 74, 69, 2, 13]|[1, 1, 0, 1, 1, 0, 1, 1, 2, 1, 2, 2, 2, 1, 1, 0, 0, 1, 0, 2, 2, 0, 1, 2, 0, 1, 2, 2, 0, 0, 1, 2, 1, 2, 1, 0, 2, 0, 1, 1, 0, 1, 1, 1, 0, 2, 1, 1, 0, 0, 0, 0, 1, 1, 2, 1, 0, 2, 0, 2, 1, 0, 1, 2, 1, 2, 1, 1, 1, 1, 1, 0, 1, 1, 2, 0, 0, 0, 0, 1, 2, 1, 2, 0, 1, 0, 1, 2, 0, 0, 1, 2, 2, 0, 1, 0, 2, 1, 0, 0]|[0, 3, 2, 2, 4, 1, 2, 3, 2, 4, 1, 1, 2, 4, 4, 1, 1, 4, 2, 1, 1, 1, 1, 2, 1, 2, 1, 1, 2, 1, 3, 2, 3, 1, 4, 0, 1, 1, 0, 3, 2, 2, 2, 0, 1, 1, 0, 4, 0, 1, 2, 2, 1, 4, 0, 3, 1, 1, 1, 1, 3, 1, 1, 1, 3, 0, 4, 3, 1, 4, 1, 2, 1, 4, 1, 1, 0, 1, 1, 1, 1, 3, 1, 2, 1, 1, 4, 1, 2, 1, 3, 1, 1, 1, 1, 2, 1, 4, 2, 2]|[0, 2, 1, 1, 3, 0, 1, 3, 0, 0, 0, 0, 1, 0, 1, 0, 0, 3, 1, 0, 0, 0, 3, 1, 0, 2, 0, 0, 0, 1, 0, 0, 0, 0, 3, 0, 1, 0, 0, 2, 1, 1, 1, 0, 0, 0, 0, 2, 1, 0, 0, 0, 1, 3, 0, 0, 0, 0, 0, 0, 2, 0, 1, 0, 2, 1, 0, 0, 1, 1, 3, 1, 1, 3, 0, 0, 1, 0, 0, 2, 0, 0, 0, 1, 1, 0, 0, 0, 1, 0, 2, 0, 0, 1, 1, 0, 0, 2, 0, 0],730.2990040054702,56853.26859628623,93431.51655744747,true
38,G2_TEC,G4_BALANCED,[31, 22, 82, 15, 26, 9, 95, 42, 77, 68, 47, 5, 93, 78, 86, 54, 85, 63, 18, 44, 20, 49, 36, 14, 74, 50, 53, 17, 21, 28, 11, 64, 3, 23, 30, 83, 24, 41, 40, 52, 65, 27, 90, 70, 39, 87, 48, 69, 99, 4, 46, 1, 13, 58, 19, 59, 45, 8, 73, 37, 35, 79, 71, 66, 76, 32, 60, 80, 56, 6, 67, 61, 33, 7, 57, 34, 12, 16, 10, 98, 96, 88, 43, 75, 91, 38, 97, 92, 29, 84, 51, 55, 81, 89, 25, 72, 94, 2, 62, 0]|[2, 1, 2, 1, 1, 0, 1, 1, 1, 1, 1, 0, 2, 2, 1, 2, 0, 0, 0, 2, 2, 1, 0, 2, 0, 2, 2, 1, 0, 1, 1, 1, 0, 0, 1, 0, 2, 1, 2, 2, 0, 0, 1, 1, 0, 2, 0, 2, 1, 0, 0, 2, 0, 0, 2, 0, 1, 1, 0, 0, 2, 1, 1, 2, 2, 0, 2, 2, 2, 1, 2, 1, 1, 2, 0, 1, 1, 2, 1, 2, 0, 1, 1, 0, 1, 0, 1, 0, 1, 0, 1, 0, 1, 1, 1, 1, 2, 2, 1, 0]|[0, 3, 0, 3, 4, 1, 4, 4, 2, 4, 3, 2, 1, 0, 2, 1, 1, 1, 2, 1, 1, 3, 0, 1, 0, 1, 1, 4, 1, 4, 3, 2, 2, 0, 4, 1, 1, 4, 1, 1, 2, 1, 4, 4, 1, 1, 0, 2, 3, 2, 2, 1, 2, 1, 1, 2, 4, 3, 0, 2, 2, 3, 3, 1, 1, 2, 1, 1, 1, 4, 1, 3, 4, 1, 2, 4, 3, 1, 3, 1, 2, 4, 4, 2, 3, 2, 4, 2, 3, 2, 3, 2, 4, 4, 4, 4, 1, 1, 3, 2]|[0, 2, 0, 0, 3, 0, 1, 3, 0, 0, 2, 0, 1, 0, 1, 0, 0, 0, 1, 0, 0, 2, 0, 0, 1, 0, 0, 3, 0, 1, 0, 2, 0, 0, 3, 0, 1, 1, 0, 0, 0, 0, 1, 3, 0, 0, 1, 0, 2, 0, 0, 0, 0, 1, 1, 0, 1, 0, 1, 1, 0, 2, 0, 0, 0, 0, 0, 0, 0, 2, 0, 0, 1, 0, 0, 1, 0, 0, 3, 0, 0, 1, 2, 0, 0, 0, 1, 0, 3, 0, 0, 0, 2, 1, 3, 1, 0, 0, 0, 0],899.8883607251797,49686.12312344518,103520.79155241839,true
38,G3_TWC,G1_CMAX,[31, 22, 82, 15, 26, 99, 95, 42, 77, 12, 47, 5, 93, 78, 86, 54, 21, 63, 18, 44, 20, 35, 43, 97, 91, 76, 10, 30, 85, 45, 71, 64, 1, 23, 17, 83, 24, 14, 60, 36, 6, 57, 40, 88, 65, 56, 59, 94, 67, 68, 46, 75, 38, 9, 19, 32, 41, 81, 27, 87, 90, 58, 79, 11, 16, 72, 73, 70, 39, 37, 84, 3, 92, 25, 55, 48, 62, 29, 51, 7, 33, 61, 98, 28, 89, 50, 4, 96, 53, 80, 8, 66, 34, 49, 52, 0, 74, 69, 2, 13]|[1, 1, 0, 1, 1, 0, 1, 1, 2, 1, 2, 2, 2, 1, 1, 0, 0, 1, 0, 2, 2, 0, 1, 2, 0, 1, 2, 2, 0, 0, 1, 2, 1, 2, 1, 0, 2, 0, 1, 1, 0, 1, 1, 1, 0, 2, 1, 1, 0, 0, 0, 0, 1, 1, 2, 1, 0, 2, 0, 2, 1, 0, 1, 2, 1, 2, 1, 1, 1, 1, 1, 1, 0, 1, 2, 0, 0, 0, 0, 1, 2, 1, 2, 0, 1, 0, 1, 2, 0, 0, 1, 2, 2, 0, 1, 0, 2, 1, 0, 0]|[0, 3, 2, 2, 4, 1, 2, 3, 2, 4, 1, 1, 2, 4, 4, 1, 1, 4, 2, 1, 1, 1, 1, 2, 1, 2, 1, 1, 2, 1, 3, 2, 3, 1, 4, 0, 1, 1, 0, 3, 2, 2, 2, 0, 1, 1, 1, 4, 0, 1, 2, 2, 1, 4, 0, 3, 1, 1, 1, 1, 3, 1, 1, 1, 3, 0, 4, 3, 1, 4, 1, 1, 0, 4, 1, 1, 2, 1, 1, 1, 1, 3, 1, 2, 1, 1, 4, 1, 2, 1, 3, 1, 1, 1, 1, 2, 1, 4, 2, 2]|[0, 2, 1, 1, 3, 0, 1, 3, 0, 0, 0, 0, 1, 0, 1, 0, 0, 3, 1, 0, 0, 0, 3, 1, 0, 2, 0, 0, 0, 1, 0, 0, 0, 0, 3, 0, 1, 0, 0, 2, 1, 1, 1, 0, 0, 0, 1, 2, 1, 0, 0, 0, 1, 3, 0, 0, 0, 0, 0, 0, 2, 0, 1, 0, 2, 1, 0, 0, 1, 1, 3, 1, 1, 3, 0, 0, 1, 0, 0, 2, 0, 0, 0, 1, 1, 0, 0, 0, 1, 0, 2, 0, 0, 1, 1, 0, 0, 2, 0, 0],731.2476204416437,56471.05293543117,93231.64460992858,true
38,G1_CMAX,G3_TWC,[31, 22, 82, 15, 26, 58, 95, 42, 77, 12, 47, 5, 93, 78, 98, 54, 85, 63, 18, 44, 20, 35, 43, 97, 91, 76, 10, 30, 21, 45, 71, 64, 1, 23, 17, 83, 24, 14, 60, 36, 6, 57, 94, 88, 65, 56, 79, 40, 67, 68, 46, 75, 39, 9, 19, 32, 81, 96, 27, 62, 87, 90, 99, 59, 11, 16, 72, 73, 70, 38, 37, 84, 3, 92, 25, 55, 28, 29, 51, 7, 33, 61, 86, 48, 89, 50, 69, 41, 53, 80, 8, 4, 34, 66, 52, 2, 13, 0, 49, 74]|[1, 1, 0, 1, 1, 1, 2, 1, 2, 1, 2, 2, 2, 1, 1, 0, 0, 1, 0, 2, 2, 0, 1, 2, 0, 1, 2, 2, 0, 0, 1, 2, 1, 2, 1, 0, 2, 0, 1, 1, 0, 1, 1, 1, 0, 2, 1, 1, 0, 0, 0, 0, 1, 1, 2, 1, 2, 0, 0, 0, 2, 1, 0, 1, 2, 1, 2, 1, 1, 1, 1, 1, 2, 0, 1, 1, 0, 0, 0, 1, 2, 1, 0, 0, 1, 0, 1, 0, 0, 0, 1, 0, 2, 2, 1, 0, 0, 0, 0, 2]|[4, 3, 2, 2, 0, 0, 2, 2, 2, 4, 1, 1, 2, 4, 4, 1, 1, 4, 2, 1, 1, 1, 1, 2, 1, 2, 1, 1, 1, 1, 3, 2, 3, 0, 4, 0, 1, 1, 0, 3, 2, 2, 4, 0, 1, 1, 0, 2, 0, 1, 2, 2, 1, 4, 0, 3, 2, 1, 1, 2, 1, 3, 1, 1, 1, 3, 1, 4, 3, 1, 4, 1, 1, 0, 4, 4, 2, 1, 1, 3, 1, 3, 1, 1, 1, 1, 3, 1, 2, 1, 3, 2, 1, 1, 1, 2, 2, 2, 1, 1]|[0, 2, 1, 1, 3, 3, 0, 1, 0, 0, 0, 0, 1, 0, 1, 0, 0, 3, 1, 0, 0, 0, 3, 1, 0, 2, 0, 0, 0, 1, 0, 0, 0, 0, 3, 0, 1, 0, 0, 2, 1, 1, 2, 0, 0, 0, 0, 1, 1, 0, 0, 0, 1, 3, 0, 0, 1, 0, 0, 1, 0, 2, 0, 1, 0, 2, 0, 0, 0, 1, 1, 3, 0, 1, 3, 3, 1, 0, 0, 2, 0, 0, 0, 0, 1, 0, 0, 0, 1, 0, 2, 1, 0, 0, 1, 0, 0, 0, 1, 0],793.0743183086472,57380.20615643805,90822.94145279545,true
38,G4_BALANCED,G2_TEC,[31, 22, 82, 15, 26, 9, 95, 42, 77, 68, 47, 5, 93, 78, 86, 54, 85, 63, 18, 44, 20, 49, 36, 14, 74, 50, 53, 17, 21, 28, 11, 64, 3, 23, 30, 83, 24, 41, 40, 52, 65, 27, 90, 70, 39, 87, 48, 69, 99, 4, 46, 1, 13, 58, 97, 59, 45, 8, 73, 37, 35, 79, 71, 66, 76, 32, 60, 80, 96, 6, 67, 61, 33, 7, 57, 34, 12, 16, 10, 98, 56, 88, 43, 75, 91, 38, 84, 89, 29, 19, 51, 55, 72, 25, 92, 81, 94, 2, 0, 62]|[2, 1, 2, 1, 1, 2, 1, 1, 1, 1, 1, 0, 2, 2, 1, 2, 0, 0, 0, 2, 2, 1, 0, 2, 0, 2, 2, 1, 0, 1, 1, 1, 0, 0, 1, 0, 2, 1, 2, 2, 0, 0, 1, 1, 0, 2, 0, 2, 1, 0, 0, 2, 0, 0, 2, 0, 1, 1, 0, 0, 2, 1, 1, 2, 2, 0, 2, 2, 0, 1, 2, 1, 1, 2, 0, 1, 1, 2, 1, 2, 2, 1, 1, 0, 1, 0, 0, 1, 1, 1, 1, 0, 1, 1, 0, 1, 2, 2, 0, 1]|[0, 3, 0, 3, 4, 1, 4, 4, 2, 4, 3, 2, 1, 0, 2, 1, 1, 1, 2, 1, 1, 3, 0, 1, 0, 1, 1, 4, 1, 4, 3, 2, 2, 0, 4, 1, 1, 4, 1, 1, 2, 1, 4, 4, 1, 1, 0, 2, 3, 2, 2, 1, 2, 1, 1, 2, 4, 3, 0, 2, 2, 3, 3, 1, 1, 2, 1, 1, 2, 4, 1, 3, 4, 1, 2, 4, 3, 1, 3, 1, 1, 4, 4, 2, 3, 2, 2, 4, 3, 4, 3, 2, 4, 4, 2, 4, 1, 1, 2, 3]|[0, 2, 0, 0, 3, 0, 1, 3, 0, 0, 2, 0, 1, 0, 1, 0, 0, 0, 1, 0, 0, 2, 0, 0, 1, 0, 0, 3, 0, 1, 0, 2, 0, 0, 3, 0, 1, 1, 0, 0, 0, 0, 1, 3, 0, 0, 1, 0, 2, 0, 0, 0, 0, 1, 1, 0, 1, 0, 1, 1, 0, 2, 0, 0, 0, 0, 0, 0, 0, 2, 0, 0, 1, 0, 0, 1, 0, 0, 3, 0, 0, 1, 2, 0, 0, 0, 0, 1, 3, 1, 0, 0, 1, 3, 0, 2, 0, 0, 0, 0],909.3679954935071,49567.16054768001,105676.01324624618,true
38,G2_TEC,G4_BALANCED,[31, 22, 82, 15, 26, 9, 95, 42, 77, 68, 47, 5, 93, 78, 86, 54, 85, 63, 18, 44, 20, 49, 36, 14, 74, 50, 53, 17, 21, 28, 11, 64, 3, 23, 30, 83, 24, 41, 40, 52, 65, 27, 90, 70, 39, 87, 48, 69, 99, 4, 46, 1, 13, 58, 19, 59, 45, 8, 73, 37, 35, 79, 71, 66, 76, 32, 60, 80, 56, 6, 67, 61, 33, 7, 57, 34, 12, 16, 10, 98, 96, 88, 43, 75, 91, 38, 97, 92, 29, 84, 51, 55, 81, 89, 25, 72, 94, 2, 62, 0]|[2, 1, 2, 1, 1, 0, 1, 1, 1, 1, 1, 0, 2, 2, 1, 2, 0, 0, 0, 2, 2, 1, 0, 2, 0, 2, 2, 1, 0, 1, 1, 1, 0, 0, 1, 0, 2, 1, 2, 2, 0, 0, 1, 1, 0, 2, 0, 2, 1, 0, 0, 2, 0, 0, 2, 0, 1, 1, 0, 0, 2, 1, 1, 2, 2, 0, 2, 2, 2, 1, 2, 1, 1, 2, 0, 1, 1, 2, 1, 2, 0, 1, 1, 0, 1, 0, 1, 0, 1, 0, 1, 0, 1, 1, 1, 1, 2, 2, 1, 0]|[0, 3, 0, 3, 4, 1, 4, 4, 2, 4, 3, 2, 1, 0, 2, 1, 1, 1, 2, 1, 1, 3, 0, 1, 0, 1, 1, 4, 1, 4, 3, 2, 2, 0, 4, 1, 1, 4, 1, 1, 2, 1, 4, 4, 1, 1, 0, 2, 3, 2, 2, 1, 2, 1, 1, 2, 4, 3, 0, 2, 2, 3, 3, 1, 1, 2, 1, 1, 1, 4, 1, 3, 4, 1, 2, 4, 3, 1, 3, 1, 2, 4, 4, 2, 3, 2, 4, 2, 3, 2, 3, 2, 4, 4, 4, 4, 1, 1, 3, 2]|[0, 2, 0, 0, 3, 0, 1, 3, 0, 0, 2, 0, 1, 0, 1, 0, 0, 0, 1, 0, 0, 2, 0, 0, 1, 0, 0, 3, 0, 1, 0, 2, 0, 0, 3, 0, 1, 1, 0, 0, 0, 0, 1, 3, 0, 0, 1, 0, 2, 0, 0, 0, 0, 1, 1, 0, 1, 0, 1, 1, 0, 2, 0, 0, 0, 0, 0, 0, 0, 2, 0, 0, 1, 0, 0, 1, 0, 0, 3, 0, 0, 1, 2, 0, 0, 0, 1, 0, 3, 0, 0, 0, 2, 1, 3, 1, 0, 0, 0, 0],899.8883607251797,49686.12312344518,103520.79155241839,true
38,G3_TWC,G3_TWC,[31, 22, 82, 15, 26, 58, 95, 42, 77, 12, 47, 5, 93, 78, 98, 54, 85, 63, 18, 44, 20, 35, 43, 97, 91, 76, 10, 30, 21, 45, 71, 64, 1, 23, 17, 83, 24, 14, 60, 36, 6, 57, 94, 88, 65, 56, 79, 40, 67, 68, 46, 75, 39, 9, 19, 32, 81, 96, 27, 62, 87, 90, 99, 59, 11, 16, 72, 73, 70, 38, 37, 84, 3, 92, 25, 55, 28, 29, 51, 7, 33, 61, 86, 48, 89, 50, 69, 41, 53, 80, 4, 8, 34, 49, 52, 0, 13, 2, 66, 74]|[1, 1, 0, 1, 1, 1, 2, 1, 2, 1, 2, 2, 2, 1, 1, 0, 0, 1, 0, 2, 2, 0, 1, 2, 0, 1, 2, 2, 0, 0, 1, 2, 1, 2, 1, 0, 2, 0, 1, 1, 0, 1, 1, 1, 0, 2, 1, 1, 0, 0, 0, 0, 1, 1, 2, 1, 2, 0, 0, 0, 2, 1, 0, 1, 2, 1, 2, 1, 1, 1, 1, 1, 2, 0, 1, 1, 0, 0, 0, 1, 2, 1, 0, 0, 1, 0, 1, 0, 0, 0, 0, 1, 2, 0, 1, 0, 0, 0, 2, 2]|[4, 3, 2, 2, 0, 0, 2, 2, 2, 4, 1, 1, 2, 4, 4, 1, 1, 4, 2, 1, 1, 1, 1, 2, 1, 2, 1, 1, 1, 1, 3, 2, 3, 0, 4, 0, 1, 1, 0, 3, 2, 2, 4, 0, 1, 1, 0, 2, 0, 1, 2, 2, 1, 4, 0, 3, 2, 1, 1, 2, 1, 3, 1, 1, 1, 3, 0, 4, 3, 1, 4, 1, 1, 2, 4, 4, 2, 1, 1, 3, 1, 3, 1, 1, 1, 1, 3, 1, 2, 1, 2, 3, 1, 1, 1, 2, 2, 2, 1, 1]|[0, 2, 1, 1, 3, 3, 0, 1, 0, 0, 0, 0, 1, 0, 1, 0, 0, 3, 1, 0, 0, 0, 3, 1, 0, 2, 0, 0, 0, 1, 0, 0, 0, 0, 3, 0, 1, 0, 0, 2, 1, 1, 2, 0, 0, 0, 0, 1, 1, 0, 0, 0, 1, 3, 0, 0, 1, 0, 0, 1, 0, 2, 0, 1, 0, 2, 1, 0, 0, 1, 1, 3, 0, 1, 3, 3, 1, 0, 0, 2, 0, 0, 0, 0, 1, 0, 0, 0, 1, 0, 1, 2, 0, 1, 1, 0, 0, 0, 0, 0],790.0799945868791,57951.42221290124,88960.86369927591,false
38,G1_CMAX,G4_BALANCED,[31, 22, 82, 15, 26, 99, 95, 42, 77, 12, 47, 5, 93, 78, 86, 54, 21, 63, 18, 44, 20, 23, 43, 97, 91, 76, 10, 30, 85, 45, 71, 64, 1, 35, 17, 83, 24, 14, 60, 36, 6, 57, 40, 88, 65, 56, 79, 94, 67, 68, 46, 75, 38, 9, 19, 32, 41, 81, 27, 87, 90, 58, 59, 11, 16, 72, 62, 73, 70, 39, 37, 3, 92, 25, 55, 48, 84, 29, 51, 96, 33, 61, 98, 28, 89, 50, 4, 7, 53, 80, 52, 34, 66, 8, 13, 0, 74, 69, 2, 49]|[2, 1, 0, 1, 1, 0, 1, 1, 2, 1, 2, 2, 2, 1, 1, 0, 0, 1, 0, 2, 2, 2, 1, 2, 0, 1, 2, 2, 0, 0, 1, 2, 1, 2, 1, 0, 2, 0, 1, 1, 0, 1, 1, 1, 0, 2, 1, 1, 0, 0, 0, 0, 1, 1, 2, 1, 0, 2, 0, 2, 1, 0, 1, 2, 1, 2, 0, 1, 1, 1, 1, 1, 0, 1, 2, 0, 1, 0, 0, 2, 2, 1, 2, 0, 1, 0, 1, 2, 0, 0, 1, 2, 2, 1, 0, 0, 2, 1, 0, 0]|[1, 3, 2, 2, 4, 1, 2, 3, 2, 4, 1, 1, 2, 4, 4, 1, 1, 4, 2, 1, 1, 1, 1, 2, 1, 2, 1, 1, 2, 1, 3, 2, 3, 1, 4, 0, 1, 1, 0, 3, 2, 2, 2, 0, 1, 1, 0, 4, 0, 1, 2, 2, 1, 4, 0, 3, 1, 1, 1, 1, 3, 1, 1, 1, 3, 0, 2, 4, 3, 1, 4, 1, 0, 4, 1, 1, 1, 1, 1, 1, 1, 3, 1, 2, 1, 1, 4, 1, 2, 1, 1, 1, 1, 3, 2, 2, 1, 4, 2, 2]|[0, 2, 1, 1, 3, 0, 1, 3, 0, 0, 0, 0, 1, 0, 1, 0, 0, 3, 1, 0, 0, 0, 3, 1, 0, 2, 0, 0, 0, 1, 0, 0, 0, 0, 3, 0, 1, 0, 0, 2, 1, 1, 1, 0, 0, 0, 0, 2, 1, 0, 0, 0, 1, 3, 0, 0, 0, 0, 0, 0, 2, 0, 1, 0, 2, 1, 1, 0, 0, 1, 1, 1, 1, 3, 0, 0, 3, 0, 0, 0, 0, 0, 0, 1, 1, 0, 0, 0, 1, 0, 1, 0, 0, 2, 0, 0, 0, 2, 0, 0],768.4425996665918,55544.97691543313,95885.95702711058,true
38,G4_BALANCED,G3_TWC,[31, 22, 82, 15, 26, 58, 95, 27, 77, 12, 47, 5, 93, 78, 98, 54, 85, 63, 18, 44, 20, 35, 43, 97, 91, 76, 10, 30, 21, 45, 71, 64, 1, 23, 17, 83, 24, 14, 60, 36, 6, 57, 94, 88, 65, 56, 79, 40, 67, 68, 46, 75, 39, 9, 19, 32, 81, 41, 42, 62, 87, 90, 99, 59, 11, 16, 72, 73, 70, 38, 37, 84, 3, 92, 25, 52, 28, 29, 51, 7, 33, 61, 86, 66, 89, 50, 48, 96, 53, 80, 4, 8, 34, 49, 55, 0, 13, 2, 69, 74]|[1, 1, 0, 1, 1, 1, 2, 1, 2, 1, 2, 2, 2, 1, 1, 0, 0, 1, 0, 2, 2, 0, 1, 2, 0, 1, 2, 2, 0, 0, 1, 2, 1, 2, 1, 0, 2, 0, 1, 1, 0, 1, 1, 1, 0, 2, 1, 1, 0, 0, 0, 0, 1, 1, 2, 1, 2, 0, 0, 0, 2, 1, 0, 1, 2, 1, 2, 1, 1, 1, 1, 1, 2, 0, 1, 1, 0, 0, 0, 1, 2, 1, 0, 2, 1, 0, 0, 0, 0, 0, 0, 1, 2, 0, 1, 0, 0, 0, 1, 2]|[4, 3, 2, 2, 0, 0, 2, 2, 2, 4, 1, 1, 2, 4, 4, 1, 1, 4, 2, 1, 1, 1, 1, 2, 1, 2, 1, 1, 1, 1, 3, 2, 3, 0, 4, 0, 1, 1, 0, 3, 2, 2, 4, 0, 1, 1, 0, 2, 0, 1, 2, 2, 1, 4, 0, 3, 2, 1, 1, 2, 1, 3, 1, 1, 1, 3, 0, 4, 3, 1, 4, 1, 1, 2, 4, 1, 2, 1, 1, 3, 1, 3, 1, 1, 1, 1, 1, 1, 2, 1, 2, 3, 1, 1, 4, 2, 2, 2, 3, 1]|[0, 2, 1, 1, 3, 3, 0, 1, 0, 0, 0, 0, 1, 0, 1, 0, 0, 3, 1, 0, 0, 0, 3, 1, 0, 2, 0, 0, 0, 1, 0, 0, 0, 0, 3, 0, 1, 0, 0, 2, 1, 1, 2, 0, 0, 0, 0, 1, 1, 0, 0, 0, 1, 3, 0, 0, 1, 0, 0, 1, 0, 2, 0, 1, 0, 2, 1, 0, 0, 1, 1, 3, 0, 1, 3, 1, 1, 0, 0, 2, 0, 0, 0, 0, 1, 0, 0, 0, 1, 0, 1, 2, 0, 1, 3, 0, 0, 0, 0, 0],809.1152396105251,57829.98412643394,88824.25505897307,true
38,G2_TEC,G4_BALANCED,[31, 22, 82, 15, 26, 9, 95, 42, 77, 68, 47, 5, 93, 78, 86, 54, 85, 63, 18, 44, 20, 49, 36, 14, 74, 50, 53, 17, 21, 28, 11, 64, 3, 23, 30, 83, 24, 41, 40, 52, 65, 27, 90, 70, 39, 87, 48, 69, 99, 4, 46, 1, 13, 58, 19, 59, 45, 8, 73, 37, 35, 79, 71, 66, 76, 32, 60, 80, 56, 6, 67, 61, 33, 7, 57, 34, 12, 16, 10, 98, 96, 88, 43, 75, 91, 38, 97, 92, 29, 84, 51, 55, 81, 89, 25, 72, 94, 2, 62, 0]|[2, 1, 2, 1, 1, 0, 1, 1, 1, 1, 1, 0, 2, 2, 1, 2, 0, 0, 0, 2, 2, 1, 0, 2, 0, 2, 2, 1, 0, 1, 1, 1, 0, 0, 1, 0, 2, 1, 2, 2, 0, 0, 1, 1, 0, 2, 0, 2, 1, 0, 0, 2, 0, 0, 2, 0, 1, 1, 0, 0, 2, 1, 1, 2, 2, 0, 2, 2, 2, 1, 2, 1, 1, 2, 0, 1, 1, 2, 1, 2, 0, 1, 1, 0, 1, 0, 1, 0, 1, 0, 1, 0, 1, 1, 1, 1, 2, 2, 1, 0]|[0, 3, 0, 3, 4, 1, 4, 4, 2, 4, 3, 2, 1, 0, 2, 1, 1, 1, 2, 1, 1, 3, 0, 1, 0, 1, 1, 4, 1, 4, 3, 2, 2, 0, 4, 1, 1, 4, 1, 1, 2, 1, 4, 4, 1, 1, 0, 2, 3, 2, 2, 1, 2, 1, 1, 2, 4, 3, 0, 2, 2, 3, 3, 1, 1, 2, 1, 1, 1, 4, 1, 3, 4, 1, 2, 4, 3, 1, 3, 1, 2, 4, 4, 2, 3, 2, 4, 2, 3, 2, 3, 2, 4, 4, 4, 4, 1, 1, 3, 2]|[0, 2, 0, 0, 3, 0, 1, 3, 0, 0, 2, 0, 1, 0, 1, 0, 0, 0, 1, 0, 0, 2, 0, 0, 1, 0, 0, 3, 0, 1, 0, 2, 0, 0, 3, 0, 1, 1, 0, 0, 0, 0, 1, 3, 0, 0, 1, 0, 2, 0, 0, 0, 0, 1, 1, 0, 1, 0, 1, 1, 0, 2, 0, 0, 0, 0, 0, 0, 0, 2, 0, 0, 1, 0, 0, 1, 0, 0, 3, 0, 0, 1, 2, 0, 0, 0, 1, 0, 3, 0, 0, 0, 2, 1, 3, 1, 0, 0, 0, 0],899.8883607251797,49686.12312344518,103520.79155241839,true
38,G3_TWC,G3_TWC,[31, 22, 82, 15, 26, 58, 95, 42, 77, 12, 47, 5, 93, 78, 98, 54, 85, 63, 18, 44, 20, 35, 43, 97, 91, 76, 10, 30, 21, 45, 71, 64, 1, 23, 17, 83, 24, 14, 60, 36, 6, 57, 94, 88, 65, 56, 79, 40, 67, 68, 46, 75, 39, 9, 19, 32, 81, 96, 27, 62, 87, 90, 99, 59, 11, 16, 72, 73, 70, 38, 37, 84, 3, 92, 25, 55, 28, 29, 51, 7, 33, 61, 86, 48, 89, 50, 69, 41, 53, 80, 4, 8, 34, 49, 52, 0, 13, 2, 66, 74]|[1, 1, 0, 1, 1, 1, 2, 1, 2, 1, 2, 2, 2, 1, 1, 0, 0, 1, 0, 2, 2, 0, 1, 2, 0, 1, 2, 2, 0, 0, 1, 2, 1, 2, 1, 0, 2, 0, 1, 1, 0, 1, 1, 1, 0, 2, 1, 1, 0, 0, 0, 0, 1, 1, 2, 1, 2, 0, 0, 0, 2, 1, 0, 1, 2, 1, 2, 1, 1, 1, 1, 1, 2, 0, 1, 1, 0, 0, 0, 1, 2, 1, 0, 0, 1, 0, 1, 0, 0, 0, 0, 1, 2, 0, 1, 0, 0, 0, 2, 2]|[4, 3, 2, 2, 0, 0, 2, 2, 2, 4, 1, 1, 2, 4, 4, 1, 1, 4, 2, 1, 1, 1, 1, 2, 1, 2, 1, 1, 1, 1, 3, 2, 3, 0, 4, 0, 1, 1, 0, 3, 2, 2, 4, 0, 1, 1, 0, 2, 0, 1, 2, 2, 1, 4, 0, 3, 2, 1, 1, 2, 1, 3, 1, 1, 1, 3, 0, 4, 3, 1, 4, 1, 1, 2, 4, 4, 2, 1, 1, 3, 1, 3, 1, 1, 1, 1, 3, 1, 2, 1, 2, 3, 1, 1, 1, 2, 2, 2, 1, 1]|[0, 2, 1, 1, 3, 3, 0, 1, 0, 0, 0, 0, 1, 0, 1, 0, 0, 3, 1, 0, 0, 0, 3, 1, 0, 2, 0, 0, 0, 1, 0, 0, 0, 0, 3, 0, 1, 0, 0, 2, 1, 1, 2, 0, 0, 0, 0, 1, 1, 0, 0, 0, 1, 3, 0, 0, 1, 0, 0, 1, 0, 2, 0, 1, 0, 2, 1, 0, 0, 1, 1, 3, 0, 1, 3, 3, 1, 0, 0, 2, 0, 0, 0, 0, 1, 0, 0, 0, 1, 0, 1, 2, 0, 1, 1, 0, 0, 0, 0, 0],790.0799945868791,57951.42221290124,88960.86369927591,false
38,G1_CMAX,G1_CMAX,[31, 22, 82, 15, 26, 99, 95, 77, 42, 12, 5, 93, 78, 86, 54, 21, 63, 18, 10, 20, 35, 43, 97, 91, 76, 47, 30, 85, 45, 71, 1, 66, 64, 17, 83, 24, 14, 60, 36, 6, 57, 40, 88, 65, 79, 94, 67, 68, 46, 75, 38, 9, 19, 32, 28, 81, 27, 74, 39, 58, 59, 11, 16, 72, 62, 73, 70, 37, 84, 3, 51, 29, 90, 48, 55, 25, 92, 7, 44, 33, 61, 98, 56, 23, 89, 50, 41, 96, 53, 80, 4, 8, 34, 49, 52, 0, 13, 2, 69, 87]|[1, 1, 0, 1, 1, 0, 1, 2, 2, 1, 2, 2, 1, 1, 0, 0, 1, 0, 2, 2, 0, 1, 2, 0, 1, 2, 2, 0, 0, 1, 1, 2, 2, 1, 0, 2, 0, 1, 1, 0, 1, 1, 1, 0, 1, 1, 0, 0, 0, 0, 1, 1, 2, 1, 0, 2, 0, 2, 1, 0, 1, 2, 1, 2, 1, 1, 1, 1, 1, 1, 0, 0, 1, 0, 2, 1, 0, 2, 2, 2, 1, 2, 2, 2, 1, 0, 0, 2, 0, 0, 1, 1, 2, 0, 1, 0, 0, 0, 1, 2]|[0, 3, 2, 4, 0, 1, 2, 1, 1, 4, 1, 2, 4, 4, 1, 1, 4, 2, 1, 1, 1, 1, 2, 1, 2, 1, 1, 2, 1, 3, 3, 1, 2, 4, 0, 1, 1, 0, 3, 2, 2, 2, 0, 1, 0, 4, 0, 1, 2, 2, 1, 4, 0, 3, 2, 1, 1, 1, 1, 1, 1, 1, 3, 0, 4, 4, 1, 4, 1, 1, 1, 1, 3, 1, 1, 4, 0, 1, 1, 1, 3, 1, 1, 1, 1, 1, 1, 1, 2, 1, 4, 3, 1, 1, 1, 2, 2, 2, 4, 1]|[3, 2, 1, 1, 3, 0, 1, 0, 0, 0, 0, 1, 0, 1, 0, 0, 3, 1, 0, 0, 0, 3, 1, 0, 2, 0, 0, 0, 1, 0, 0, 0, 0, 3, 0, 1, 0, 0, 2, 1, 1, 1, 0, 0, 0, 2, 1, 0, 0, 0, 1, 3, 0, 0, 1, 0, 0, 0, 1, 0, 1, 0, 2, 1, 0, 0, 1, 1, 3, 1, 0, 0, 2, 0, 0, 3, 1, 0, 0, 0, 0, 0, 0, 0, 1, 0, 0, 0, 1, 0, 0, 2, 0, 1, 1, 0, 0, 0, 2, 0],731.8082727016543,56338.86946404046,92912.0862316895,false
38,G4_BALANCED,G3_TWC,[31, 22, 82, 15, 26, 58, 95, 42, 77, 12, 47, 5, 93, 78, 98, 54, 85, 63, 18, 44, 20, 35, 43, 97, 91, 76, 10, 30, 21, 45, 71, 64, 1, 23, 17, 83, 24, 14, 60, 36, 6, 57, 94, 88, 65, 56, 79, 40, 67, 68, 46, 75, 38, 9, 19, 32, 81, 41, 27, 62, 87, 90, 99, 59, 11, 16, 72, 73, 70, 39, 37, 84, 3, 92, 25, 52, 28, 29, 51, 7, 33, 61, 86, 66, 89, 50, 69, 96, 53, 80, 8, 48, 34, 4, 55, 2, 13, 0, 49, 74]|[1, 1, 0, 1, 1, 1, 2, 1, 2, 1, 2, 2, 2, 1, 1, 0, 0, 1, 0, 2, 2, 0, 1, 2, 0, 1, 2, 2, 0, 0, 1, 2, 1, 2, 1, 0, 2, 0, 1, 1, 0, 1, 1, 1, 0, 2, 1, 1, 0, 0, 0, 0, 1, 1, 2, 1, 2, 0, 0, 0, 2, 1, 1, 2, 2, 1, 2, 1, 1, 1, 1, 1, 1, 0, 1, 2, 0, 0, 0, 1, 2, 1, 0, 2, 1, 0, 1, 0, 0, 0, 1, 0, 2, 0, 1, 0, 0, 0, 0, 2]|[4, 3, 2, 2, 0, 0, 2, 2, 2, 4, 1, 1, 2, 4, 4, 1, 1, 4, 2, 1, 1, 1, 1, 2, 1, 2, 1, 1, 1, 1, 3, 2, 3, 0, 4, 0, 1, 1, 0, 3, 2, 2, 4, 0, 1, 1, 0, 2, 0, 1, 2, 2, 1, 4, 0, 3, 2, 1, 1, 2, 1, 3, 1, 1, 1, 3, 0, 4, 3, 1, 4, 1, 1, 2, 4, 1, 2, 1, 1, 3, 1, 3, 1, 1, 1, 1, 4, 1, 2, 1, 3, 1, 1, 2, 4, 2, 2, 2, 1, 1]|[0, 2, 1, 1, 3, 3, 0, 1, 0, 0, 0, 0, 1, 0, 1, 0, 0, 3, 1, 0, 0, 0, 3, 1, 0, 2, 0, 0, 0, 1, 0, 0, 0, 0, 3, 0, 1, 0, 0, 2, 1, 1, 2, 0, 0, 0, 0, 1, 1, 0, 0, 0, 1, 3, 0, 0, 1, 0, 0, 1, 0, 2, 1, 0, 0, 2, 1, 0, 0, 1, 1, 3, 1, 1, 3, 0, 1, 0, 0, 2, 0, 0, 0, 0, 1, 0, 2, 0, 1, 0, 2, 0, 0, 1, 3, 0, 0, 0, 1, 0],778.1571309532659,57639.58708583879,90358.37136286322,true
38,G2_TEC,G2_TEC,[31, 22, 82, 15, 26, 9, 95, 42, 77, 68, 47, 5, 93, 78, 86, 54, 85, 63, 18, 44, 20, 49, 36, 14, 74, 11, 53, 17, 21, 28, 50, 64, 3, 23, 30, 83, 24, 41, 40, 52, 65, 27, 90, 70, 39, 87, 48, 69, 99, 4, 75, 1, 13, 58, 97, 59, 45, 8, 73, 37, 35, 79, 71, 66, 76, 32, 60, 80, 56, 6, 67, 61, 33, 7, 57, 34, 12, 16, 10, 98, 96, 88, 43, 46, 91, 38, 84, 92, 29, 19, 51, 72, 55, 89, 25, 81, 94, 2, 0, 62]|[2, 1, 2, 1, 1, 2, 1, 1, 1, 1, 1, 0, 2, 2, 1, 2, 0, 0, 0, 2, 2, 1, 0, 2, 0, 1, 2, 1, 0, 1, 1, 1, 0, 0, 1, 0, 2, 1, 2, 2, 0, 0, 1, 1, 0, 2, 0, 2, 1, 0, 0, 2, 0, 0, 2, 0, 1, 1, 0, 0, 2, 1, 1, 2, 2, 0, 2, 2, 2, 1, 2, 1, 1, 2, 0, 1, 1, 2, 1, 2, 0, 1, 1, 0, 1, 0, 0, 0, 1, 1, 1, 1, 0, 1, 1, 1, 2, 2, 0, 1]|[0, 3, 0, 3, 4, 1, 4, 4, 2, 4, 3, 2, 1, 0, 2, 1, 1, 1, 2, 1, 1, 3, 0, 1, 0, 3, 1, 4, 1, 4, 3, 2, 2, 0, 4, 1, 1, 4, 1, 1, 2, 1, 4, 4, 1, 1, 0, 2, 3, 2, 2, 1, 2, 1, 1, 2, 4, 3, 0, 2, 2, 3, 3, 1, 1, 2, 1, 1, 1, 4, 1, 3, 4, 1, 2, 4, 3, 1, 3, 1, 2, 4, 4, 2, 3, 2, 2, 2, 3, 4, 3, 4, 2, 4, 4, 4, 1, 1, 2, 3]|[0, 2, 0, 0, 3, 0, 1, 3, 0, 0, 2, 0, 1, 0, 1, 0, 0, 0, 1, 0, 0, 2, 0, 0, 1, 0, 0, 3, 0, 1, 0, 2, 0, 0, 3, 0, 1, 1, 0, 0, 0, 0, 1, 3, 0, 0, 1, 0, 2, 0, 0, 0, 0, 0, 1, 0, 1, 0, 1, 1, 0, 2, 0, 0, 0, 0, 0, 0, 0, 2, 0, 0, 1, 0, 0, 1, 0, 0, 3, 0, 0, 1, 2, 0, 0, 0, 0, 0, 3, 1, 0, 1, 0, 1, 3, 2, 0, 0, 0, 0],882.7852096145542,49462.339839733424,107447.45065905225,false
38,G3_TWC,G3_TWC,[31, 22, 82, 15, 26, 58, 95, 42, 77, 12, 47, 5, 93, 78, 98, 54, 85, 63, 18, 44, 20, 35, 43, 97, 91, 76, 10, 30, 21, 45, 71, 64, 1, 23, 17, 83, 24, 14, 60, 36, 6, 57, 94, 88, 65, 56, 79, 40, 67, 68, 46, 75, 39, 9, 19, 32, 81, 96, 27, 62, 87, 90, 99, 59, 11, 16, 72, 73, 70, 38, 37, 84, 3, 92, 25, 55, 28, 29, 51, 7, 33, 61, 86, 48, 89, 50, 69, 41, 53, 80, 4, 8, 34, 49, 52, 0, 13, 2, 66, 74]|[1, 1, 0, 1, 1, 1, 2, 1, 2, 1, 2, 2, 2, 1, 1, 0, 0, 1, 0, 2, 2, 0, 1, 2, 0, 1, 2, 2, 0, 0, 1, 2, 1, 2, 1, 0, 2, 0, 1, 1, 0, 1, 1, 1, 0, 2, 1, 1, 0, 0, 0, 0, 1, 1, 2, 1, 2, 0, 0, 0, 2, 1, 0, 1, 2, 1, 2, 1, 1, 1, 1, 1, 2, 0, 1, 1, 0, 0, 0, 1, 2, 1, 0, 0, 1, 0, 1, 0, 0, 0, 0, 1, 2, 0, 1, 0, 0, 0, 2, 2]|[4, 3, 2, 2, 0, 0, 2, 2, 2, 4, 1, 1, 2, 4, 4, 1, 1, 4, 2, 1, 1, 1, 1, 2, 1, 2, 1, 1, 1, 1, 3, 2, 3, 0, 4, 0, 1, 1, 0, 3, 2, 2, 4, 0, 1, 1, 0, 2, 0, 1, 2, 2, 1, 4, 0, 3, 2, 1, 1, 2, 1, 3, 1, 1, 1, 3, 0, 4, 3, 1, 4, 1, 1, 2, 4, 4, 2, 1, 1, 3, 1, 3, 1, 1, 1, 1, 3, 1, 2, 1, 2, 3, 1, 1, 1, 2, 2, 2, 1, 1]|[0, 2, 1, 1, 3, 3, 0, 1, 0, 0, 0, 0, 1, 0, 1, 0, 0, 3, 1, 0, 0, 0, 3, 1, 0, 2, 0, 0, 0, 1, 0, 0, 0, 0, 3, 0, 1, 0, 0, 2, 1, 1, 2, 0, 0, 0, 0, 1, 1, 0, 0, 0, 1, 3, 0, 0, 1, 0, 0, 1, 0, 2, 0, 1, 0, 2, 1, 0, 0, 1, 1, 3, 0, 1, 3, 3, 1, 0, 0, 2, 0, 0, 0, 0, 1, 0, 0, 0, 1, 0, 1, 2, 0, 1, 1, 0, 0, 0, 0, 0],790.0799945868791,57951.42221290124,88960.86369927591,false
38,G1_CMAX,G3_TWC,[42, 31, 22, 82, 15, 26, 58, 95, 77, 12, 47, 5, 93, 78, 98, 54, 85, 63, 18, 44, 20, 35, 43, 97, 91, 76, 10, 30, 21, 45, 71, 64, 1, 23, 17, 83, 24, 14, 60, 36, 6, 57, 94, 88, 65, 56, 79, 40, 67, 68, 46, 75, 38, 9, 19, 32, 81, 41, 27, 62, 87, 90, 99, 59, 11, 16, 72, 73, 70, 39, 37, 84, 3, 92, 25, 55, 28, 29, 51, 7, 33, 61, 86, 66, 89, 50, 48, 96, 53, 80, 4, 8, 34, 49, 52, 0, 13, 2, 69, 74]|[1, 1, 1, 0, 1, 1, 1, 2, 2, 1, 2, 2, 2, 1, 1, 0, 0, 1, 0, 2, 2, 0, 1, 2, 0, 1, 2, 2, 0, 0, 1, 2, 1, 2, 1, 0, 2, 0, 1, 1, 0, 1, 1, 1, 0, 2, 1, 1, 0, 0, 0, 0, 1, 1, 2, 1, 2, 0, 0, 0, 2, 1, 0, 1, 2, 1, 2, 1, 1, 1, 1, 1, 2, 0, 1, 1, 0, 0, 0, 1, 2, 1, 0, 2, 1, 0, 0, 0, 0, 0, 0, 1, 2, 0, 1, 0, 0, 0, 1, 2]|[2, 4, 3, 2, 2, 0, 0, 2, 2, 4, 1, 1, 2, 4, 4, 1, 1, 4, 2, 1, 1, 1, 1, 2, 1, 2, 1, 1, 1, 1, 3, 2, 3, 0, 4, 0, 1, 1, 0, 3, 2, 2, 4, 0, 1, 1, 0, 2, 0, 1, 2, 2, 1, 4, 0, 3, 2, 1, 1, 2, 1, 3, 1, 1, 1, 3, 0, 4, 3, 1, 4, 1, 1, 2, 4, 4, 2, 1, 1, 3, 1, 3, 1, 1, 1, 1, 1, 1, 2, 1, 2, 3, 1, 1, 1, 2, 2, 2, 3, 1]|[1, 0, 2, 1, 1, 3, 3, 0, 0, 0, 0, 0, 1, 0, 1, 0, 0, 3, 1, 0, 0, 0, 3, 1, 0, 2, 0, 0, 0, 1, 0, 0, 0, 0, 3, 0, 1, 0, 0, 2, 1, 1, 2, 0, 0, 0, 0, 1, 1, 0, 0, 0, 1, 3, 0, 0, 1, 0, 0, 1, 0, 2, 0, 1, 0, 2, 1, 0, 0, 1, 1, 3, 0, 1, 3, 3, 1, 0, 0, 2, 0, 0, 0, 0, 1, 0, 0, 0, 1, 0, 1, 2, 0, 1, 1, 0, 0, 0, 0, 0],790.0808266764368,58301.839560278044,88734.19036740763,true
38,G4_BALANCED,G2_TEC,[31, 22, 82, 15, 26, 9, 95, 42, 77, 68, 47, 5, 93, 78, 86, 54, 85, 63, 18, 44, 20, 49, 36, 14, 74, 50, 53, 17, 21, 28, 11, 64, 3, 23, 30, 83, 24, 41, 40, 52, 65, 27, 90, 70, 39, 87, 48, 69, 99, 4, 75, 1, 13, 34, 97, 59, 45, 8, 73, 37, 35, 79, 71, 66, 76, 32, 60, 80, 56, 6, 16, 61, 33, 7, 57, 58, 12, 0, 10, 98, 96, 88, 43, 46, 91, 38, 84, 92, 29, 19, 51, 55, 81, 89, 25, 72, 94, 2, 67, 62]|[2, 1, 2, 1, 1, 2, 1, 1, 1, 1, 1, 0, 2, 2, 1, 2, 0, 0, 0, 2, 2, 1, 0, 2, 0, 2, 2, 1, 0, 1, 1, 1, 0, 0, 1, 0, 2, 1, 2, 2, 0, 0, 1, 1, 0, 2, 0, 2, 1, 0, 0, 2, 0, 1, 2, 0, 1, 1, 0, 0, 2, 1, 1, 2, 2, 0, 2, 2, 2, 1, 2, 1, 1, 2, 0, 1, 1, 0, 1, 2, 0, 1, 1, 0, 1, 0, 0, 0, 1, 1, 1, 0, 1, 1, 1, 1, 2, 2, 0, 1]|[0, 3, 0, 3, 4, 1, 4, 4, 2, 4, 3, 2, 1, 0, 2, 1, 1, 1, 2, 1, 1, 3, 0, 1, 0, 1, 1, 4, 1, 4, 3, 2, 2, 0, 4, 1, 1, 4, 1, 1, 2, 1, 4, 4, 1, 1, 0, 2, 3, 2, 2, 1, 2, 4, 1, 2, 4, 3, 0, 2, 2, 3, 3, 1, 1, 2, 1, 1, 1, 4, 1, 3, 4, 1, 2, 4, 3, 2, 3, 1, 2, 4, 4, 2, 3, 2, 2, 2, 3, 4, 3, 2, 4, 4, 4, 4, 1, 1, 2, 3]|[0, 2, 0, 0, 3, 0, 1, 3, 0, 0, 2, 0, 1, 0, 1, 0, 0, 0, 1, 0, 0, 2, 0, 0, 1, 0, 0, 3, 0, 1, 0, 2, 0, 0, 3, 0, 1, 1, 0, 0, 0, 0, 1, 3, 0, 0, 1, 0, 2, 0, 0, 0, 0, 1, 1, 0, 1, 0, 1, 1, 0, 2, 0, 0, 0, 0, 0, 0, 0, 2, 0, 0, 1, 0, 0, 1, 0, 0, 3, 0, 0, 1, 2, 0, 0, 0, 0, 0, 3, 1, 0, 0, 2, 1, 3, 1, 0, 0, 0, 0],905.2766999376576,49283.259897769734,106557.08488972121,true
38,G2_TEC,G1_CMAX,[31, 22, 82, 15, 26, 99, 95, 42, 77, 12, 47, 5, 93, 78, 86, 54, 21, 63, 18, 44, 20, 35, 43, 97, 91, 76, 10, 30, 85, 45, 71, 64, 1, 23, 17, 83, 24, 14, 60, 36, 6, 57, 40, 88, 65, 56, 79, 94, 67, 68, 46, 75, 38, 9, 19, 32, 41, 81, 27, 87, 90, 58, 59, 11, 16, 72, 73, 70, 39, 37, 84, 62, 3, 92, 25, 55, 28, 29, 51, 7, 33, 61, 98, 48, 89, 50, 4, 96, 53, 8, 66, 80, 34, 49, 52, 2, 13, 0, 69, 74]|[1, 1, 0, 1, 1, 0, 1, 1, 2, 1, 2, 2, 2, 1, 1, 0, 0, 1, 0, 2, 2, 0, 1, 2, 0, 1, 2, 2, 0, 0, 1, 2, 1, 2, 1, 0, 2, 0, 1, 1, 0, 1, 1, 1, 0, 2, 1, 1, 0, 0, 0, 0, 1, 1, 2, 1, 0, 2, 0, 2, 2, 0, 1, 2, 2, 1, 1, 1, 1, 1, 1, 0, 1, 0, 1, 2, 0, 0, 0, 2, 2, 1, 2, 0, 1, 0, 1, 2, 0, 1, 2, 0, 2, 0, 1, 0, 0, 0, 1, 2]|[4, 3, 2, 2, 4, 1, 2, 3, 2, 4, 1, 1, 2, 4, 4, 1, 1, 4, 2, 1, 1, 1, 1, 2, 1, 2, 1, 1, 2, 1, 3, 2, 3, 1, 4, 0, 1, 1, 0, 3, 2, 2, 2, 0, 1, 1, 0, 4, 0, 1, 2, 2, 1, 4, 0, 3, 1, 1, 1, 1, 1, 1, 1, 1, 1, 3, 4, 4, 1, 1, 4, 2, 1, 0, 4, 1, 2, 1, 1, 1, 1, 3, 1, 1, 1, 1, 4, 1, 2, 3, 1, 1, 1, 1, 1, 2, 2, 2, 4, 1]|[0, 2, 1, 1, 3, 0, 1, 3, 0, 0, 0, 0, 1, 0, 1, 0, 0, 3, 1, 0, 0, 0, 3, 1, 0, 2, 0, 0, 0, 1, 0, 0, 0, 0, 3, 0, 1, 0, 0, 2, 1, 1, 1, 0, 0, 0, 0, 2, 1, 0, 0, 0, 1, 3, 0, 0, 0, 0, 0, 0, 0, 0, 1, 0, 0, 2, 0, 0, 1, 1, 1, 1, 1, 1, 3, 0, 1, 0, 0, 0, 0, 0, 0, 0, 1, 0, 0, 0, 1, 2, 0, 0, 0, 1, 1, 0, 0, 0, 2, 0],780.7181470595841,55327.02844755024,96781.7980844454,true
38,G3_TWC,G3_TWC,[31, 22, 82, 15, 26, 58, 95, 42, 77, 12, 47, 5, 93, 78, 98, 54, 85, 63, 18, 44, 20, 35, 43, 97, 91, 76, 10, 30, 21, 45, 71, 64, 1, 23, 17, 83, 24, 14, 60, 36, 6, 57, 94, 88, 65, 56, 79, 40, 67, 68, 46, 75, 39, 9, 19, 32, 81, 96, 27, 62, 87, 90, 99, 59, 11, 16, 72, 73, 70, 38, 37, 84, 3, 92, 25, 55, 28, 29, 51, 7, 33, 61, 86, 48, 89, 50, 69, 41, 53, 80, 4, 8, 34, 49, 52, 0, 13, 2, 66, 74]|[1, 1, 0, 1, 1, 1, 2, 1, 2, 1, 2, 2, 2, 1, 1, 0, 0, 1, 0, 2, 2, 0, 1, 2, 0, 1, 2, 2, 0, 0, 1, 2, 1, 2, 1, 0, 2, 0, 1, 1, 0, 1, 1, 1, 0, 2, 1, 1, 0, 0, 0, 0, 1, 1, 2, 1, 2, 0, 0, 0, 2, 1, 0, 1, 2, 1, 2, 1, 1, 1, 1, 1, 2, 0, 1, 1, 0, 0, 0, 1, 2, 1, 0, 0, 1, 0, 1, 0, 0, 0, 0, 1, 2, 0, 1, 0, 0, 0, 2, 2]|[4, 3, 2, 2, 0, 0, 2, 2, 2, 4, 1, 1, 2, 4, 4, 1, 1, 4, 2, 1, 1, 1, 1, 2, 1, 2, 1, 1, 1, 1, 3, 2, 3, 0, 4, 0, 1, 1, 0, 3, 2, 2, 4, 0, 1, 1, 0, 2, 0, 1, 2, 2, 1, 4, 0, 3, 2, 1, 1, 2, 1, 3, 1, 1, 1, 3, 0, 4, 3, 1, 4, 1, 1, 2, 4, 4, 2, 1, 1, 3, 1, 3, 1, 1, 1, 1, 3, 1, 2, 1, 2, 3, 1, 1, 1, 2, 2, 2, 1, 1]|[0, 2, 1, 1, 3, 3, 0, 1, 0, 0, 0, 0, 1, 0, 1, 0, 0, 3, 1, 0, 0, 0, 3, 1, 0, 2, 0, 0, 0, 1, 0, 0, 0, 0, 3, 0, 1, 0, 0, 2, 1, 1, 2, 0, 0, 0, 0, 1, 1, 0, 0, 0, 1, 3, 0, 0, 1, 0, 0, 1, 0, 2, 0, 1, 0, 2, 1, 0, 0, 1, 1, 3, 0, 1, 3, 3, 1, 0, 0, 2, 0, 0, 0, 0, 1, 0, 0, 0, 1, 0, 1, 2, 0, 1, 1, 0, 0, 0, 0, 0],790.0799945868791,57951.42221290124,88960.86369927591,false
38,G1_CMAX,G3_TWC,[31, 22, 82, 15, 26, 58, 95, 42, 77, 12, 47, 5, 93, 78, 86, 54, 71, 63, 18, 44, 20, 35, 43, 97, 91, 76, 10, 30, 21, 45, 85, 64, 1, 23, 17, 83, 24, 14, 60, 36, 6, 57, 40, 88, 65, 56, 66, 94, 67, 68, 46, 75, 38, 9, 19, 32, 81, 41, 27, 62, 87, 90, 99, 59, 11, 16, 72, 73, 70, 39, 37, 84, 3, 92, 25, 55, 28, 29, 51, 7, 33, 61, 98, 79, 89, 50, 69, 96, 53, 80, 4, 8, 34, 49, 52, 0, 13, 2, 48, 74]|[1, 1, 0, 1, 1, 1, 2, 1, 2, 1, 2, 2, 2, 1, 1, 0, 1, 1, 0, 2, 2, 0, 1, 2, 0, 1, 2, 2, 0, 0, 0, 2, 1, 2, 1, 0, 2, 0, 1, 1, 0, 1, 1, 1, 0, 2, 2, 1, 0, 0, 0, 0, 1, 1, 2, 1, 2, 0, 0, 0, 2, 1, 0, 1, 2, 1, 2, 1, 1, 1, 1, 1, 2, 0, 1, 1, 0, 0, 0, 1, 2, 1, 2, 2, 1, 0, 1, 0, 0, 0, 0, 1, 2, 0, 1, 0, 0, 0, 0, 2]|[4, 3, 2, 2, 0, 0, 2, 2, 2, 4, 1, 1, 2, 4, 4, 1, 3, 4, 2, 1, 1, 1, 1, 2, 1, 2, 1, 1, 1, 1, 2, 2, 3, 1, 4, 0, 1, 1, 0, 3, 2, 2, 2, 0, 1, 1, 1, 4, 0, 1, 2, 2, 1, 4, 0, 3, 2, 1, 1, 2, 1, 3, 1, 1, 1, 3, 0, 4, 3, 1, 4, 1, 1, 2, 4, 4, 2, 1, 1, 3, 1, 3, 1, 1, 1, 1, 3, 1, 2, 1, 2, 3, 1, 1, 1, 2, 2, 2, 1, 1]|[0, 2, 1, 1, 3, 3, 0, 1, 0, 0, 0, 0, 1, 0, 1, 0, 0, 3, 1, 0, 0, 0, 3, 1, 0, 2, 0, 0, 0, 1, 0, 0, 0, 0, 3, 0, 1, 0, 0, 2, 1, 1, 1, 0, 0, 0, 0, 2, 1, 0, 0, 0, 1, 3, 0, 0, 1, 0, 0, 1, 0, 2, 0, 1, 0, 2, 1, 0, 0, 1, 1, 3, 0, 1, 3, 3, 1, 0, 0, 2, 0, 0, 0, 0, 1, 0, 0, 0, 1, 0, 1, 2, 0, 1, 1, 0, 0, 0, 0, 0],781.9410001438831,57520.683063395605,90408.97475039563,true
38,G4_BALANCED,G3_TWC,[31, 22, 82, 15, 26, 58, 95, 42, 77, 12, 47, 5, 93, 78, 98, 54, 85, 63, 18, 44, 20, 35, 43, 97, 91, 76, 10, 30, 21, 45, 71, 64, 1, 23, 17, 83, 24, 14, 60, 36, 6, 57, 94, 88, 65, 56, 79, 40, 67, 68, 46, 75, 38, 9, 19, 32, 81, 41, 27, 62, 87, 90, 99, 59, 11, 16, 72, 73, 70, 39, 37, 84, 3, 92, 25, 52, 28, 29, 51, 7, 33, 61, 86, 48, 89, 50, 4, 96, 53, 80, 66, 8, 34, 49, 55, 0, 13, 2, 69, 74]|[1, 1, 0, 1, 1, 1, 2, 1, 2, 1, 2, 2, 2, 1, 1, 0, 0, 1, 0, 2, 2, 0, 1, 2, 0, 1, 2, 2, 0, 0, 1, 2, 1, 2, 1, 0, 2, 0, 1, 1, 0, 1, 1, 1, 0, 2, 1, 1, 0, 0, 0, 0, 1, 1, 2, 1, 2, 0, 0, 0, 2, 1, 1, 2, 2, 1, 2, 1, 1, 1, 1, 1, 2, 0, 1, 1, 0, 0, 0, 1, 2, 1, 0, 0, 1, 0, 0, 2, 0, 0, 2, 1, 2, 0, 1, 0, 0, 0, 1, 2]|[4, 3, 2, 2, 0, 0, 2, 2, 2, 4, 1, 1, 2, 4, 4, 1, 1, 4, 2, 1, 1, 1, 1, 2, 1, 2, 1, 1, 1, 1, 3, 1, 3, 0, 4, 0, 1, 1, 0, 3, 2, 2, 4, 0, 1, 1, 0, 2, 0, 1, 2, 2, 1, 4, 0, 3, 2, 1, 1, 2, 1, 3, 1, 1, 1, 3, 0, 4, 3, 1, 4, 1, 1, 2, 4, 1, 2, 1, 1, 3, 1, 3, 1, 1, 1, 1, 2, 1, 2, 1, 1, 3, 1, 1, 4, 2, 2, 2, 3, 1]|[0, 2, 1, 1, 3, 3, 0, 1, 0, 0, 0, 0, 1, 0, 1, 0, 0, 3, 1, 0, 0, 0, 3, 1, 0, 2, 0, 0, 0, 1, 0, 0, 0, 0, 3, 0, 1, 0, 0, 2, 1, 1, 2, 0, 0, 0, 0, 1, 1, 0, 0, 0, 1, 3, 0, 0, 1, 0, 0, 1, 0, 2, 1, 0, 0, 2, 1, 0, 0, 1, 1, 3, 0, 1, 3, 1, 1, 0, 0, 2, 0, 0, 0, 0, 1, 0, 1, 0, 1, 0, 0, 2, 0, 1, 3, 0, 0, 0, 0, 0],764.1406961456112,57571.98020914945,90460.40004277138,true
38,G2_TEC,G4_BALANCED,[31, 11, 15, 82, 26, 9, 95, 32, 77, 68, 47, 5, 93, 78, 86, 54, 85, 63, 18, 44, 20, 49, 36, 14, 74, 50, 53, 17, 21, 45, 71, 64, 3, 23, 30, 83, 24, 41, 60, 52, 51, 27, 90, 70, 39, 87, 48, 69, 99, 4, 46, 1, 13, 58, 97, 59, 28, 8, 73, 37, 35, 79, 22, 66, 76, 42, 40, 80, 96, 6, 16, 61, 33, 7, 57, 34, 12, 67, 10, 98, 56, 88, 29, 25, 91, 38, 19, 92, 43, 84, 65, 72, 81, 75, 2, 55, 62, 89, 94, 0]|[2, 1, 1, 2, 1, 2, 1, 1, 1, 1, 1, 0, 2, 2, 1, 2, 0, 0, 0, 2, 2, 1, 0, 2, 0, 2, 2, 1, 0, 1, 1, 1, 0, 0, 1, 0, 2, 1, 2, 2, 0, 0, 1, 1, 0, 2, 0, 2, 1, 0, 0, 2, 0, 0, 2, 0, 1, 1, 0, 0, 2, 1, 1, 2, 2, 0, 2, 2, 0, 1, 2, 1, 1, 2, 0, 1, 2, 1, 1, 2, 2, 1, 1, 1, 1, 0, 1, 0, 1, 0, 1, 1, 1, 0, 2, 0, 1, 1, 2, 0]|[1, 3, 2, 0, 4, 1, 4, 4, 2, 4, 3, 2, 1, 0, 2, 1, 1, 1, 2, 1, 1, 3, 0, 1, 0, 1, 1, 4, 1, 4, 3, 2, 2, 0, 4, 1, 1, 4, 0, 1, 2, 1, 4, 4, 1, 1, 0, 2, 3, 1, 2, 1, 2, 1, 1, 2, 4, 3, 0, 2, 2, 3, 3, 0, 1, 2, 0, 1, 2, 4, 1, 3, 4, 1, 2, 4, 1, 3, 3, 1, 1, 4, 3, 4, 3, 2, 4, 2, 4, 2, 3, 4, 1, 2, 1, 2, 3, 4, 1, 2]|[1, 2, 1, 0, 3, 0, 1, 3, 0, 0, 2, 0, 1, 0, 1, 0, 0, 0, 1, 0, 0, 2, 0, 0, 1, 0, 0, 3, 0, 1, 0, 2, 0, 1, 3, 0, 1, 3, 1, 0, 0, 0, 1, 3, 0, 0, 1, 0, 2, 0, 0, 0, 0, 0, 1, 0, 1, 0, 1, 1, 0, 2, 2, 0, 0, 0, 1, 0, 0, 2, 0, 0, 1, 0, 0, 1, 0, 0, 3, 0, 0, 1, 0, 3, 0, 0, 1, 0, 2, 0, 0, 2, 1, 0, 0, 0, 0, 1, 0, 0],850.9632869082183,52431.02217786142,105346.60403335126,true
38,G3_TWC,G3_TWC,[31, 22, 82, 15, 26, 58, 95, 42, 77, 12, 47, 5, 93, 78, 98, 54, 85, 63, 18, 44, 20, 35, 43, 97, 91, 76, 10, 30, 21, 45, 71, 64, 1, 23, 17, 83, 24, 14, 60, 36, 6, 57, 94, 88, 65, 56, 79, 40, 67, 68, 46, 75, 39, 9, 19, 32, 81, 96, 27, 62, 87, 90, 99, 59, 11, 16, 72, 73, 70, 38, 37, 84, 3, 92, 25, 55, 28, 29, 51, 7, 33, 61, 86, 48, 89, 50, 69, 41, 53, 80, 4, 8, 34, 49, 52, 0, 13, 2, 66, 74]|[1, 1, 0, 1, 1, 1, 2, 1, 2, 1, 2, 2, 2, 1, 1, 0, 0, 1, 0, 2, 2, 0, 1, 2, 0, 1, 2, 2, 0, 0, 1, 2, 1, 2, 1, 0, 2, 0, 1, 1, 0, 1, 1, 1, 0, 2, 1, 1, 0, 0, 0, 0, 1, 1, 2, 1, 2, 0, 0, 0, 2, 1, 0, 1, 2, 1, 2, 1, 1, 1, 1, 1, 2, 0, 1, 1, 0, 0, 0, 1, 2, 1, 0, 0, 1, 0, 1, 0, 0, 0, 0, 1, 2, 0, 1, 0, 0, 0, 2, 2]|[4, 3, 2, 2, 0, 0, 2, 2, 2, 4, 1, 1, 2, 4, 4, 1, 1, 4, 2, 1, 1, 1, 1, 2, 1, 2, 1, 1, 1, 1, 3, 2, 3, 0, 4, 0, 1, 1, 0, 3, 2, 2, 4, 0, 1, 1, 0, 2, 0, 1, 2, 2, 1, 4, 0, 3, 2, 1, 1, 2, 1, 3, 1, 1, 1, 3, 0, 4, 3, 1, 4, 1, 1, 2, 4, 4, 2, 1, 1, 3, 1, 3, 1, 1, 1, 1, 3, 1, 2, 1, 2, 3, 1, 1, 1, 2, 2, 2, 1, 1]|[0, 2, 1, 1, 3, 3, 0, 1, 0, 0, 0, 0, 1, 0, 1, 0, 0, 3, 1, 0, 0, 0, 3, 1, 0, 2, 0, 0, 0, 1, 0, 0, 0, 0, 3, 0, 1, 0, 0, 2, 1, 1, 2, 0, 0, 0, 0, 1, 1, 0, 0, 0, 1, 3, 0, 0, 1, 0, 0, 1, 0, 2, 0, 1, 0, 2, 1, 0, 0, 1, 1, 3, 0, 1, 3, 3, 1, 0, 0, 2, 0, 0, 0, 0, 1, 0, 0, 0, 1, 0, 1, 2, 0, 1, 1, 0, 0, 0, 0, 0],790.0799945868791,57951.42221290124,88960.86369927591,false
38,G1_CMAX,G4_BALANCED,[31, 22, 82, 15, 26, 58, 95, 42, 77, 12, 47, 5, 93, 78, 98, 54, 85, 63, 18, 44, 20, 35, 43, 97, 91, 76, 10, 30, 21, 45, 71, 64, 1, 23, 17, 83, 24, 14, 60, 36, 6, 57, 94, 88, 65, 56, 79, 40, 67, 68, 46, 75, 38, 9, 19, 32, 81, 41, 27, 62, 87, 90, 99, 59, 11, 16, 72, 73, 70, 39, 37, 84, 3, 92, 25, 50, 28, 29, 51, 7, 33, 61, 86, 66, 89, 55, 48, 96, 53, 80, 4, 8, 34, 49, 52, 0, 13, 2, 69, 74]|[1, 1, 0, 1, 1, 1, 2, 1, 2, 1, 2, 2, 2, 1, 1, 0, 0, 1, 0, 2, 2, 0, 1, 2, 0, 1, 2, 2, 0, 0, 1, 2, 1, 2, 1, 0, 2, 0, 1, 1, 0, 1, 1, 1, 0, 2, 1, 1, 0, 0, 0, 0, 1, 1, 2, 1, 2, 0, 0, 0, 2, 1, 0, 1, 2, 1, 2, 1, 1, 1, 1, 1, 2, 0, 1, 0, 0, 0, 0, 1, 2, 1, 0, 2, 1, 2, 0, 0, 0, 0, 0, 1, 2, 0, 1, 0, 0, 0, 1, 2]|[4, 3, 2, 2, 0, 0, 2, 2, 2, 4, 1, 1, 2, 4, 4, 1, 1, 4, 2, 1, 1, 1, 1, 2, 1, 2, 1, 1, 1, 1, 3, 2, 3, 1, 4, 0, 1, 1, 0, 3, 2, 2, 4, 0, 1, 1, 0, 2, 0, 1, 2, 2, 1, 4, 0, 3, 2, 1, 1, 2, 1, 3, 1, 1, 1, 3, 1, 4, 3, 1, 4, 1, 1, 0, 4, 1, 2, 1, 1, 3, 1, 3, 1, 1, 1, 1, 1, 1, 2, 1, 2, 3, 1, 1, 1, 2, 2, 2, 3, 1]|[0, 2, 1, 1, 3, 3, 0, 1, 0, 0, 0, 0, 1, 0, 1, 0, 0, 3, 1, 0, 0, 0, 3, 1, 0, 2, 0, 0, 0, 1, 0, 0, 0, 0, 3, 0, 1, 0, 0, 2, 1, 1, 2, 0, 0, 0, 0, 1, 1, 0, 0, 0, 1, 3, 0, 0, 1, 0, 0, 1, 0, 2, 0, 1, 0, 2, 0, 0, 0, 1, 1, 3, 0, 1, 3, 0, 1, 0, 0, 2, 0, 0, 0, 0, 1, 0, 0, 0, 1, 0, 1, 2, 0, 1, 1, 0, 0, 0, 0, 0],807.9611331918658,57165.13555491244,90797.66942117897,true
38,G4_BALANCED,G3_TWC,[31, 22, 82, 15, 26, 58, 95, 42, 77, 12, 47, 5, 93, 78, 98, 54, 85, 63, 18, 44, 20, 35, 43, 97, 91, 76, 10, 30, 21, 45, 71, 64, 1, 23, 17, 83, 24, 14, 60, 36, 6, 57, 94, 88, 65, 56, 79, 40, 67, 68, 46, 75, 39, 9, 19, 32, 81, 96, 27, 62, 87, 90, 99, 59, 11, 16, 72, 73, 70, 38, 37, 84, 3, 92, 25, 55, 28, 29, 51, 7, 33, 61, 86, 48, 89, 50, 66, 41, 53, 8, 4, 80, 34, 49, 52, 69, 13, 2, 0, 74]|[1, 1, 0, 1, 1, 1, 2, 1, 2, 1, 2, 2, 2, 1, 1, 0, 0, 1, 0, 2, 2, 0, 1, 2, 0, 1, 2, 2, 0, 0, 1, 2, 1, 2, 1, 0, 2, 0, 1, 1, 0, 1, 1, 1, 0, 2, 1, 1, 0, 0, 0, 0, 1, 1, 2, 1, 2, 0, 0, 0, 2, 1, 0, 1, 2, 1, 2, 1, 1, 1, 1, 1, 2, 0, 1, 1, 0, 0, 0, 1, 2, 1, 0, 0, 1, 0, 2, 0, 0, 1, 0, 0, 2, 0, 1, 1, 0, 0, 0, 2]|[4, 3, 2, 2, 0, 0, 2, 2, 2, 4, 1, 1, 2, 4, 4, 1, 1, 4, 2, 1, 1, 1, 1, 2, 1, 2, 1, 1, 1, 1, 3, 2, 3, 0, 4, 0, 1, 1, 0, 3, 2, 2, 4, 0, 1, 1, 0, 2, 0, 1, 2, 2, 1, 4, 0, 3, 2, 1, 1, 2, 1, 3, 1, 1, 1, 3, 0, 4, 3, 1, 4, 1, 1, 2, 4, 4, 2, 1, 1, 3, 1, 3, 1, 1, 1, 1, 1, 1, 2, 3, 2, 1, 1, 1, 1, 3, 2, 2, 2, 1]|[0, 2, 1, 1, 3, 3, 0, 1, 0, 0, 0, 0, 1, 0, 1, 0, 0, 3, 1, 0, 0, 0, 3, 1, 0, 2, 0, 0, 0, 1, 0, 0, 0, 0, 3, 0, 1, 0, 0, 2, 1, 1, 2, 0, 0, 0, 0, 1, 1, 0, 0, 0, 1, 3, 0, 0, 1, 0, 0, 1, 0, 2, 0, 1, 0, 2, 1, 0, 0, 1, 1, 3, 0, 1, 3, 3, 1, 0, 0, 2, 0, 0, 0, 0, 1, 0, 0, 0, 1, 2, 1, 0, 0, 1, 1, 0, 0, 0, 0, 0],787.9332527573479,57913.77657340804,89140.52696017598,true
38,G2_TEC,G4_BALANCED,[31, 22, 82, 15, 26, 9, 95, 42, 77, 68, 47, 5, 93, 78, 86, 54, 85, 63, 18, 44, 20, 49, 36, 14, 74, 50, 53, 17, 21, 28, 11, 64, 3, 23, 30, 83, 24, 41, 40, 52, 65, 27, 90, 70, 39, 87, 48, 69, 99, 4, 46, 1, 13, 58, 19, 59, 45, 8, 73, 37, 35, 79, 71, 66, 76, 32, 60, 80, 96, 6, 67, 61, 33, 7, 57, 34, 12, 16, 10, 98, 56, 88, 43, 75, 91, 38, 97, 92, 29, 84, 51, 55, 81, 25, 89, 72, 94, 2, 0, 62]|[2, 1, 2, 1, 1, 0, 1, 1, 1, 1, 1, 0, 2, 2, 1, 2, 0, 0, 0, 2, 2, 1, 0, 2, 0, 2, 2, 1, 0, 1, 1, 1, 0, 0, 1, 0, 2, 1, 2, 2, 0, 0, 1, 1, 0, 2, 0, 2, 1, 0, 0, 2, 0, 0, 2, 0, 1, 1, 0, 0, 2, 1, 1, 1, 2, 0, 2, 2, 0, 1, 2, 1, 1, 2, 0, 1, 1, 2, 1, 2, 0, 1, 1, 0, 1, 0, 1, 0, 1, 0, 1, 0, 1, 1, 1, 1, 2, 2, 0, 1]|[0, 3, 0, 3, 4, 1, 4, 4, 2, 4, 3, 2, 1, 0, 2, 1, 1, 1, 2, 1, 1, 3, 0, 1, 0, 1, 1, 4, 1, 4, 3, 2, 2, 0, 4, 1, 1, 4, 1, 1, 2, 1, 4, 4, 1, 1, 0, 2, 3, 2, 2, 1, 2, 1, 1, 2, 4, 3, 0, 2, 2, 3, 3, 1, 1, 2, 1, 1, 2, 4, 1, 3, 4, 1, 2, 4, 3, 1, 3, 1, 2, 4, 4, 2, 3, 2, 4, 2, 3, 2, 3, 2, 4, 4, 4, 4, 1, 1, 2, 3]|[0, 2, 0, 0, 3, 0, 1, 3, 0, 0, 2, 0, 1, 0, 1, 0, 0, 0, 1, 0, 0, 2, 0, 0, 1, 0, 0, 3, 0, 1, 0, 2, 0, 0, 3, 0, 1, 1, 0, 0, 0, 0, 1, 3, 0, 0, 1, 0, 2, 0, 0, 0, 0, 1, 1, 0, 1, 0, 1, 1, 0, 2, 0, 2, 0, 0, 0, 0, 0, 2, 0, 0, 1, 0, 0, 1, 0, 0, 3, 0, 0, 1, 2, 0, 0, 0, 1, 0, 3, 0, 0, 0, 2, 3, 1, 1, 0, 0, 0, 0],920.7076635939763,50247.30683839398,102805.06006721003,true
38,G3_TWC,G3_TWC,[31, 22, 82, 15, 26, 58, 95, 42, 77, 12, 47, 5, 93, 78, 98, 54, 85, 63, 18, 44, 20, 35, 43, 97, 91, 76, 10, 30, 21, 45, 71, 64, 1, 23, 17, 83, 24, 14, 60, 36, 6, 57, 94, 88, 65, 56, 79, 40, 67, 68, 46, 75, 39, 9, 19, 32, 81, 96, 27, 62, 87, 90, 99, 59, 11, 16, 72, 73, 70, 38, 37, 84, 3, 92, 25, 55, 28, 29, 51, 7, 33, 61, 86, 48, 89, 50, 69, 41, 53, 80, 4, 8, 34, 49, 52, 0, 13, 2, 66, 74]|[1, 1, 0, 1, 1, 1, 2, 1, 2, 1, 2, 2, 2, 1, 1, 0, 0, 1, 0, 2, 2, 0, 1, 2, 0, 1, 2, 2, 0, 0, 1, 2, 1, 2, 1, 0, 2, 0, 1, 1, 0, 1, 1, 1, 0, 2, 1, 1, 0, 0, 0, 0, 1, 1, 2, 1, 2, 0, 0, 0, 2, 1, 0, 1, 2, 1, 2, 1, 1, 1, 1, 1, 2, 0, 1, 1, 0, 0, 0, 1, 2, 1, 0, 0, 1, 0, 1, 0, 0, 0, 0, 1, 2, 0, 1, 0, 0, 0, 2, 2]|[4, 3, 2, 2, 0, 0, 2, 2, 2, 4, 1, 1, 2, 4, 4, 1, 1, 4, 2, 1, 1, 1, 1, 2, 1, 2, 1, 1, 1, 1, 3, 2, 3, 0, 4, 0, 1, 1, 0, 3, 2, 2, 4, 0, 1, 1, 0, 2, 0, 1, 2, 2, 1, 4, 0, 3, 2, 1, 1, 2, 1, 3, 1, 1, 1, 3, 0, 4, 3, 1, 4, 1, 1, 2, 4, 4, 2, 1, 1, 3, 1, 3, 1, 1, 1, 1, 3, 1, 2, 1, 2, 3, 1, 1, 1, 2, 2, 2, 1, 1]|[0, 2, 1, 1, 3, 3, 0, 1, 0, 0, 0, 0, 1, 0, 1, 0, 0, 3, 1, 0, 0, 0, 3, 1, 0, 2, 0, 0, 0, 1, 0, 0, 0, 0, 3, 0, 1, 0, 0, 2, 1, 1, 2, 0, 0, 0, 0, 1, 1, 0, 0, 0, 1, 3, 0, 0, 1, 0, 0, 1, 0, 2, 0, 1, 0, 2, 1, 0, 0, 1, 1, 3, 0, 1, 3, 3, 1, 0, 0, 2, 0, 0, 0, 0, 1, 0, 0, 0, 1, 0, 1, 2, 0, 1, 1, 0, 0, 0, 0, 0],790.0799945868791,57951.42221290124,88960.86369927591,false
38,G1_CMAX,G1_CMAX,[31, 22, 82, 15, 26, 99, 95, 42, 77, 12, 47, 5, 93, 78, 86, 54, 21, 63, 18, 44, 20, 35, 43, 97, 91, 76, 10, 30, 85, 45, 71, 64, 1, 23, 57, 83, 24, 14, 60, 36, 81, 17, 40, 88, 65, 56, 79, 94, 67, 68, 46, 75, 38, 9, 19, 32, 41, 6, 27, 87, 90, 58, 59, 11, 16, 72, 73, 70, 39, 37, 84, 3, 92, 25, 55, 28, 62, 29, 51, 7, 33, 61, 98, 48, 89, 50, 4, 96, 53, 80, 66, 8, 34, 49, 52, 0, 13, 2, 69, 74]|[1, 1, 0, 1, 1, 0, 1, 1, 2, 1, 2, 2, 2, 1, 1, 0, 0, 1, 0, 2, 2, 0, 1, 2, 0, 1, 2, 2, 0, 0, 1, 2, 1, 2, 1, 0, 2, 0, 1, 1, 0, 1, 1, 1, 0, 2, 1, 1, 0, 0, 0, 0, 1, 1, 2, 1, 2, 2, 0, 2, 1, 0, 1, 2, 1, 2, 1, 1, 1, 1, 1, 1, 0, 1, 2, 2, 0, 0, 2, 2, 2, 1, 2, 0, 1, 0, 1, 2, 0, 0, 2, 1, 2, 0, 1, 0, 0, 0, 1, 2]|[0, 3, 2, 2, 4, 1, 2, 3, 2, 4, 1, 1, 2, 4, 4, 1, 1, 4, 2, 1, 1, 1, 1, 2, 1, 2, 1, 1, 2, 1, 3, 2, 3, 0, 4, 0, 1, 1, 0, 3, 2, 2, 2, 0, 1, 1, 0, 4, 0, 1, 2, 2, 1, 4, 0, 3, 2, 2, 1, 1, 3, 1, 1, 1, 3, 0, 4, 3, 1, 4, 1, 1, 0, 4, 1, 1, 2, 1, 2, 1, 1, 3, 1, 1, 1, 1, 4, 1, 2, 1, 1, 3, 1, 1, 1, 2, 2, 2, 4, 1]|[0, 2, 1, 1, 3, 0, 1, 3, 0, 0, 0, 0, 1, 0, 1, 0, 0, 3, 1, 0, 0, 0, 3, 1, 0, 2, 0, 0, 0, 1, 0, 0, 0, 0, 3, 0, 1, 0, 0, 2, 1, 1, 1, 0, 0, 0, 0, 2, 1, 0, 0, 0, 1, 3, 0, 0, 1, 1, 0, 0, 2, 0, 1, 0, 2, 1, 0, 0, 1, 1, 3, 1, 1, 3, 0, 0, 1, 0, 1, 0, 0, 0, 0, 0, 1, 0, 0, 0, 1, 0, 0, 2, 0, 1, 1, 0, 0, 0, 2, 0],714.4485115867469,58161.785232764836,94013.66617097157,false
38,G4_BALANCED,G1_CMAX,[22, 82, 3, 58, 95, 42, 77, 47, 5, 93, 78, 12, 86, 54, 50, 63, 18, 44, 20, 35, 43, 97, 91, 76, 10, 30, 21, 45, 71, 64, 36, 23, 17, 83, 24, 14, 60, 1, 6, 40, 57, 90, 65, 56, 79, 94, 67, 68, 46, 75, 38, 9, 19, 32, 81, 41, 27, 62, 16, 55, 59, 89, 88, 87, 31, 72, 73, 70, 39, 37, 84, 92, 25, 11, 48, 15, 29, 51, 7, 33, 61, 98, 28, 99, 26, 85, 66, 96, 53, 80, 4, 8, 34, 49, 52, 2, 13, 0, 69, 74]|[1, 0, 1, 0, 1, 2, 2, 2, 2, 2, 1, 1, 1, 0, 0, 1, 0, 2, 2, 0, 1, 2, 0, 1, 2, 2, 0, 0, 1, 2, 1, 2, 1, 0, 2, 0, 1, 1, 0, 1, 1, 1, 0, 2, 1, 1, 0, 0, 0, 0, 1, 1, 2, 1, 2, 0, 0, 0, 1, 2, 1, 1, 1, 1, 1, 2, 1, 2, 1, 1, 1, 0, 1, 2, 2, 1, 0, 0, 1, 2, 1, 2, 0, 1, 1, 0, 0, 2, 0, 0, 1, 1, 2, 0, 1, 0, 0, 0, 1, 2]|[3, 2, 1, 1, 2, 1, 2, 1, 1, 2, 4, 4, 4, 1, 1, 4, 2, 1, 1, 1, 1, 2, 1, 2, 1, 1, 2, 1, 3, 2, 3, 1, 4, 1, 1, 1, 0, 3, 2, 2, 2, 3, 1, 1, 0, 4, 0, 1, 2, 2, 1, 4, 0, 3, 2, 1, 1, 2, 3, 1, 1, 1, 0, 3, 0, 0, 3, 0, 1, 4, 1, 0, 4, 1, 1, 4, 1, 1, 1, 1, 3, 1, 2, 1, 0, 2, 1, 1, 2, 1, 4, 3, 1, 1, 1, 2, 2, 2, 4, 1]|[3, 1, 2, 0, 1, 0, 0, 0, 0, 1, 0, 0, 1, 0, 0, 3, 1, 0, 0, 0, 3, 1, 0, 2, 0, 0, 0, 1, 0, 0, 2, 0, 3, 0, 1, 0, 0, 0, 1, 1, 1, 2, 0, 0, 0, 2, 1, 0, 0, 0, 1, 3, 0, 0, 1, 0, 0, 1, 2, 0, 1, 1, 0, 2, 0, 1, 0, 1, 1, 1, 1, 1, 3, 0, 0, 3, 0, 0, 2, 0, 0, 0, 1, 1, 3, 0, 0, 0, 1, 0, 0, 2, 0, 1, 1, 0, 0, 0, 2, 0],715.7913946700162,58060.95961022334,95287.06515100288,true
38,G2_TEC,G4_BALANCED,[31, 22, 82, 15, 26, 9, 95, 42, 77, 68, 47, 5, 93, 78, 86, 54, 85, 63, 18, 44, 20, 49, 36, 14, 74, 50, 53, 17, 21, 28, 11, 64, 3, 23, 30, 83, 24, 41, 40, 52, 65, 27, 90, 70, 39, 87, 48, 69, 99, 4, 46, 1, 13, 58, 19, 59, 45, 8, 73, 37, 35, 79, 71, 66, 76, 32, 60, 80, 96, 6, 67, 61, 33, 7, 57, 34, 12, 16, 10, 98, 56, 88, 43, 75, 91, 38, 97, 92, 29, 84, 51, 55, 81, 25, 89, 72, 94, 2, 0, 62]|[2, 1, 2, 1, 1, 0, 1, 1, 1, 1, 1, 0, 2, 2, 1, 2, 0, 0, 0, 2, 2, 1, 0, 2, 0, 2, 2, 1, 0, 1, 1, 1, 0, 0, 1, 0, 2, 1, 2, 2, 0, 0, 1, 1, 0, 2, 0, 2, 1, 0, 0, 2, 0, 0, 2, 0, 1, 1, 0, 0, 2, 1, 1, 1, 2, 0, 2, 2, 0, 1, 2, 1, 1, 2, 0, 1, 1, 2, 1, 2, 0, 1, 1, 0, 1, 0, 1, 0, 1, 0, 1, 0, 1, 1, 1, 1, 2, 2, 0, 1]|[0, 3, 0, 3, 4, 1, 4, 4, 2, 4, 3, 2, 1, 0, 2, 1, 1, 1, 2, 1, 1, 3, 0, 1, 0, 1, 1, 4, 1, 4, 3, 2, 2, 0, 4, 1, 1, 4, 1, 1, 2, 1, 4, 4, 1, 1, 0, 2, 3, 2, 2, 1, 2, 1, 1, 2, 4, 3, 0, 2, 2, 3, 3, 1, 1, 2, 1, 1, 2, 4, 1, 3, 4, 1, 2, 4, 3, 1, 3, 1, 2, 4, 4, 2, 3, 2, 4, 2, 3, 2, 3, 2, 4, 4, 4, 4, 1, 1, 2, 3]|[0, 2, 0, 0, 3, 0, 1, 3, 0, 0, 2, 0, 1, 0, 1, 0, 0, 0, 1, 0, 0, 2, 0, 0, 1, 0, 0, 3, 0, 1, 0, 2, 0, 0, 3, 0, 1, 1, 0, 0, 0, 0, 1, 3, 0, 0, 1, 0, 2, 0, 0, 0, 0, 1, 1, 0, 1, 0, 1, 1, 0, 2, 0, 2, 0, 0, 0, 0, 0, 2, 0, 0, 1, 0, 0, 1, 0, 0, 3, 0, 0, 1, 2, 0, 0, 0, 1, 0, 3, 0, 0, 0, 2, 3, 1, 1, 0, 0, 0, 0],920.7076635939763,50247.30683839398,102805.06006721003,true
38,G3_TWC,G3_TWC,[31, 22, 82, 15, 26, 58, 95, 42, 77, 12, 47, 5, 93, 78, 98, 54, 85, 63, 18, 44, 20, 35, 43, 97, 91, 76, 10, 30, 21, 45, 71, 64, 1, 23, 17, 83, 24, 14, 60, 36, 6, 57, 94, 88, 65, 56, 79, 40, 67, 68, 46, 75, 39, 9, 19, 32, 81, 96, 27, 62, 87, 90, 99, 59, 11, 16, 72, 73, 70, 38, 37, 84, 3, 92, 25, 55, 28, 29, 51, 7, 33, 61, 86, 48, 89, 50, 69, 41, 53, 80, 4, 8, 34, 49, 52, 0, 13, 2, 66, 74]|[1, 1, 0, 1, 1, 1, 2, 1, 2, 1, 2, 2, 2, 1, 1, 0, 0, 1, 0, 2, 2, 0, 1, 2, 0, 1, 2, 2, 0, 0, 1, 2, 1, 2, 1, 0, 2, 0, 1, 1, 0, 1, 1, 1, 0, 2, 1, 1, 0, 0, 0, 0, 1, 1, 2, 1, 2, 0, 0, 0, 2, 1, 0, 1, 2, 1, 2, 1, 1, 1, 1, 1, 2, 0, 1, 1, 0, 0, 0, 1, 2, 1, 0, 0, 1, 0, 1, 0, 0, 0, 0, 1, 2, 0, 1, 0, 0, 0, 2, 2]|[4, 3, 2, 2, 0, 0, 2, 2, 2, 4, 1, 1, 2, 4, 4, 1, 1, 4, 2, 1, 1, 1, 1, 2, 1, 2, 1, 1, 1, 1, 3, 2, 3, 0, 4, 0, 1, 1, 0, 3, 2, 2, 4, 0, 1, 1, 0, 2, 0, 1, 2, 2, 1, 4, 0, 3, 2, 1, 1, 2, 1, 3, 1, 1, 1, 3, 0, 4, 3, 1, 4, 1, 1, 2, 4, 4, 2, 1, 1, 3, 1, 3, 1, 1, 1, 1, 3, 1, 2, 1, 2, 3, 1, 1, 1, 2, 2, 2, 1, 1]|[0, 2, 1, 1, 3, 3, 0, 1, 0, 0, 0, 0, 1, 0, 1, 0, 0, 3, 1, 0, 0, 0, 3, 1, 0, 2, 0, 0, 0, 1, 0, 0, 0, 0, 3, 0, 1, 0, 0, 2, 1, 1, 2, 0, 0, 0, 0, 1, 1, 0, 0, 0, 1, 3, 0, 0, 1, 0, 0, 1, 0, 2, 0, 1, 0, 2, 1, 0, 0, 1, 1, 3, 0, 1, 3, 3, 1, 0, 0, 2, 0, 0, 0, 0, 1, 0, 0, 0, 1, 0, 1, 2, 0, 1, 1, 0, 0, 0, 0, 0],790.0799945868791,57951.42221290124,88960.86369927591,false
38,G1_CMAX,G1_CMAX,[31, 22, 82, 15, 26, 99, 95, 42, 77, 12, 47, 5, 93, 78, 86, 54, 21, 63, 18, 44, 20, 35, 43, 97, 91, 76, 10, 30, 85, 45, 71, 64, 1, 23, 57, 83, 24, 14, 60, 36, 81, 17, 40, 88, 65, 56, 79, 94, 67, 68, 46, 75, 38, 9, 19, 32, 41, 6, 27, 87, 90, 58, 59, 11, 16, 72, 73, 70, 39, 37, 84, 3, 92, 25, 55, 28, 62, 29, 51, 7, 33, 61, 98, 48, 89, 50, 4, 96, 53, 80, 66, 8, 34, 49, 52, 0, 13, 2, 69, 74]|[1, 1, 0, 1, 1, 0, 1, 1, 2, 1, 2, 2, 2, 1, 1, 0, 0, 1, 0, 2, 2, 0, 1, 2, 0, 1, 2, 2, 0, 0, 1, 2, 1, 2, 1, 0, 2, 0, 1, 1, 0, 1, 1, 1, 0, 2, 1, 1, 0, 0, 0, 0, 1, 1, 2, 1, 2, 2, 0, 2, 1, 0, 1, 2, 1, 2, 1, 1, 1, 1, 1, 1, 0, 1, 2, 2, 0, 0, 2, 2, 2, 1, 2, 0, 1, 0, 1, 2, 0, 0, 2, 1, 2, 0, 1, 0, 0, 0, 1, 2]|[0, 3, 2, 2, 4, 1, 2, 3, 2, 4, 1, 1, 2, 4, 4, 1, 1, 4, 2, 1, 1, 1, 1, 2, 1, 2, 1, 1, 2, 1, 3, 2, 3, 0, 4, 0, 1, 1, 0, 3, 2, 2, 2, 0, 1, 1, 0, 4, 0, 1, 2, 2, 1, 4, 0, 3, 2, 2, 1, 1, 3, 1, 1, 1, 3, 0, 4, 3, 1, 4, 1, 1, 0, 4, 1, 1, 2, 1, 2, 1, 1, 3, 1, 1, 1, 1, 4, 1, 2, 1, 1, 3, 1, 1, 1, 2, 2, 2, 4, 1]|[0, 2, 1, 1, 3, 0, 1, 3, 0, 0, 0, 0, 1, 0, 1, 0, 0, 3, 1, 0, 0, 0, 3, 1, 0, 2, 0, 0, 0, 1, 0, 0, 0, 0, 3, 0, 1, 0, 0, 2, 1, 1, 1, 0, 0, 0, 0, 2, 1, 0, 0, 0, 1, 3, 0, 0, 1, 1, 0, 0, 2, 0, 1, 0, 2, 1, 0, 0, 1, 1, 3, 1, 1, 3, 0, 0, 1, 0, 1, 0, 0, 0, 0, 0, 1, 0, 0, 0, 1, 0, 0, 2, 0, 1, 1, 0, 0, 0, 2, 0],714.4485115867469,58161.785232764836,94013.66617097157,false
38,G4_BALANCED,G2_TEC,[31, 22, 82, 15, 26, 9, 95, 42, 77, 68, 47, 5, 93, 78, 86, 54, 85, 52, 18, 44, 20, 49, 36, 14, 74, 50, 53, 17, 21, 28, 11, 64, 3, 23, 30, 83, 24, 41, 40, 63, 65, 27, 90, 70, 39, 87, 48, 69, 99, 4, 75, 1, 13, 58, 97, 59, 45, 8, 73, 37, 35, 79, 71, 66, 76, 32, 60, 80, 56, 6, 67, 61, 33, 7, 57, 34, 12, 16, 10, 94, 96, 88, 43, 46, 91, 38, 84, 0, 29, 89, 51, 55, 72, 25, 19, 81, 98, 2, 92, 62]|[2, 1, 2, 1, 1, 2, 1, 1, 1, 1, 1, 0, 2, 2, 1, 2, 0, 0, 0, 2, 2, 1, 0, 2, 0, 2, 2, 1, 0, 1, 1, 1, 0, 0, 1, 0, 2, 1, 2, 2, 0, 0, 1, 1, 0, 2, 0, 2, 1, 0, 0, 2, 0, 0, 2, 0, 1, 1, 0, 0, 2, 1, 1, 2, 2, 0, 2, 2, 2, 1, 2, 1, 1, 2, 0, 1, 1, 2, 1, 2, 0, 1, 1, 0, 1, 0, 0, 0, 1, 1, 1, 0, 1, 1, 1, 1, 2, 2, 0, 1]|[0, 3, 0, 3, 4, 1, 4, 4, 2, 4, 3, 2, 1, 0, 2, 1, 1, 1, 2, 1, 1, 3, 0, 1, 0, 1, 1, 4, 1, 4, 3, 2, 2, 0, 4, 1, 1, 4, 1, 1, 2, 1, 4, 4, 1, 1, 0, 2, 3, 2, 2, 1, 2, 1, 1, 2, 4, 3, 0, 2, 2, 3, 3, 1, 1, 2, 1, 1, 1, 4, 1, 3, 4, 1, 2, 4, 3, 1, 3, 1, 2, 4, 4, 2, 3, 2, 2, 2, 3, 4, 3, 2, 4, 4, 4, 4, 1, 1, 2, 3]|[0, 2, 0, 0, 3, 0, 1, 3, 0, 0, 2, 0, 1, 0, 1, 0, 0, 0, 1, 0, 0, 2, 0, 0, 1, 0, 0, 3, 0, 1, 0, 2, 0, 0, 3, 0, 1, 1, 0, 0, 0, 0, 1, 3, 0, 0, 1, 0, 2, 0, 0, 0, 0, 0, 1, 0, 1, 0, 1, 1, 0, 2, 0, 0, 0, 0, 0, 0, 0, 2, 0, 0, 1, 0, 0, 1, 0, 0, 3, 0, 0, 1, 2, 0, 0, 0, 0, 0, 3, 1, 0, 0, 1, 3, 1, 2, 0, 0, 0, 0],898.2093483329215,49420.31630690148,107266.89240046384,true
38,G2_TEC,G4_BALANCED,[31, 22, 82, 15, 26, 9, 95, 42, 77, 68, 47, 5, 93, 78, 86, 54, 85, 63, 18, 44, 20, 49, 36, 14, 74, 50, 53, 17, 21, 28, 11, 64, 3, 23, 30, 83, 24, 41, 40, 52, 65, 27, 90, 70, 39, 87, 48, 69, 99, 4, 46, 1, 13, 58, 19, 59, 45, 8, 73, 37, 35, 79, 71, 66, 76, 32, 60, 80, 96, 6, 67, 61, 33, 7, 57, 34, 12, 16, 10, 98, 56, 88, 43, 75, 91, 38, 97, 92, 29, 84, 51, 55, 81, 25, 89, 72, 94, 2, 0, 62]|[2, 1, 2, 1, 1, 0, 1, 1, 1, 1, 1, 0, 2, 2, 1, 2, 0, 0, 0, 2, 2, 1, 0, 2, 0, 2, 2, 1, 0, 1, 1, 1, 0, 0, 1, 0, 2, 1, 2, 2, 0, 0, 1, 1, 0, 2, 0, 2, 1, 0, 0, 2, 0, 0, 2, 0, 1, 1, 0, 0, 2, 1, 1, 1, 2, 0, 2, 2, 0, 1, 2, 1, 1, 2, 0, 1, 1, 2, 1, 2, 0, 1, 1, 0, 1, 0, 1, 0, 1, 0, 1, 0, 1, 1, 1, 1, 2, 2, 0, 1]|[0, 3, 0, 3, 4, 1, 4, 4, 2, 4, 3, 2, 1, 0, 2, 1, 1, 1, 2, 1, 1, 3, 0, 1, 0, 1, 1, 4, 1, 4, 3, 2, 2, 0, 4, 1, 1, 4, 1, 1, 2, 1, 4, 4, 1, 1, 0, 2, 3, 2, 2, 1, 2, 1, 1, 2, 4, 3, 0, 2, 2, 3, 3, 1, 1, 2, 1, 1, 2, 4, 1, 3, 4, 1, 2, 4, 3, 1, 3, 1, 2, 4, 4, 2, 3, 2, 4, 2, 3, 2, 3, 2, 4, 4, 4, 4, 1, 1, 2, 3]|[0, 2, 0, 0, 3, 0, 1, 3, 0, 0, 2, 0, 1, 0, 1, 0, 0, 0, 1, 0, 0, 2, 0, 0, 1, 0, 0, 3, 0, 1, 0, 2, 0, 0, 3, 0, 1, 1, 0, 0, 0, 0, 1, 3, 0, 0, 1, 0, 2, 0, 0, 0, 0, 1, 1, 0, 1, 0, 1, 1, 0, 2, 0, 2, 0, 0, 0, 0, 0, 2, 0, 0, 1, 0, 0, 1, 0, 0, 3, 0, 0, 1, 2, 0, 0, 0, 1, 0, 3, 0, 0, 0, 2, 3, 1, 1, 0, 0, 0, 0],920.7076635939763,50247.30683839398,102805.06006721003,true
38,G3_TWC,G3_TWC,[31, 22, 82, 15, 26, 58, 95, 42, 77, 12, 47, 5, 93, 78, 98, 54, 85, 63, 18, 44, 20, 35, 43, 97, 91, 76, 10, 30, 21, 61, 71, 64, 1, 23, 17, 83, 24, 14, 60, 36, 6, 57, 94, 88, 65, 56, 79, 40, 67, 68, 46, 75, 38, 9, 19, 32, 81, 41, 27, 62, 87, 90, 99, 59, 11, 16, 72, 73, 70, 39, 37, 84, 3, 92, 25, 55, 28, 29, 51, 7, 33, 45, 48, 66, 89, 50, 86, 96, 53, 80, 4, 8, 34, 49, 52, 0, 13, 2, 69, 74]|[1, 1, 0, 1, 1, 1, 2, 1, 2, 1, 2, 2, 2, 1, 1, 0, 0, 1, 0, 2, 2, 0, 0, 2, 0, 1, 2, 2, 0, 0, 1, 2, 1, 2, 1, 0, 2, 0, 1, 1, 0, 1, 1, 1, 0, 2, 1, 1, 0, 0, 0, 0, 1, 1, 2, 1, 2, 0, 0, 0, 2, 1, 1, 2, 2, 1, 2, 1, 1, 1, 1, 1, 2, 0, 1, 1, 0, 0, 0, 1, 2, 1, 0, 2, 1, 0, 0, 0, 0, 0, 0, 1, 2, 0, 1, 0, 0, 0, 1, 2]|[4, 3, 2, 2, 0, 0, 2, 2, 2, 4, 1, 1, 2, 4, 4, 1, 1, 4, 2, 1, 1, 1, 1, 2, 1, 2, 1, 1, 1, 1, 3, 2, 3, 0, 4, 0, 1, 1, 0, 3, 2, 2, 4, 0, 1, 1, 0, 2, 0, 1, 2, 2, 1, 4, 0, 3, 2, 1, 1, 1, 1, 3, 1, 1, 1, 3, 0, 4, 3, 1, 4, 1, 1, 2, 4, 4, 2, 1, 1, 3, 1, 3, 1, 1, 1, 1, 1, 1, 2, 1, 2, 3, 1, 1, 1, 2, 2, 2, 3, 1]|[0, 2, 1, 1, 3, 3, 0, 1, 0, 0, 0, 0, 1, 0, 1, 0, 0, 3, 1, 0, 0, 0, 0, 1, 0, 2, 0, 0, 0, 1, 0, 0, 0, 0, 3, 0, 1, 0, 0, 2, 1, 1, 2, 0, 0, 0, 0, 1, 1, 0, 0, 0, 1, 3, 0, 0, 1, 0, 0, 0, 0, 2, 1, 0, 0, 2, 1, 0, 0, 1, 1, 3, 0, 1, 3, 3, 1, 0, 0, 2, 0, 0, 0, 0, 1, 0, 0, 0, 1, 0, 1, 2, 0, 1, 1, 0, 0, 0, 0, 0],786.1574510680352,57196.372507870794,91050.60679155638,false
38,G1_CMAX,G1_CMAX,[31, 22, 82, 15, 26, 99, 95, 42, 77, 12, 47, 5, 93, 78, 86, 54, 21, 63, 18, 44, 20, 35, 43, 97, 91, 76, 10, 30, 85, 45, 71, 64, 1, 23, 57, 83, 24, 14, 60, 36, 81, 17, 40, 88, 65, 56, 79, 94, 67, 68, 46, 75, 38, 9, 19, 32, 41, 6, 27, 87, 90, 58, 59, 11, 16, 72, 73, 70, 39, 37, 84, 3, 92, 25, 55, 28, 62, 29, 51, 7, 33, 61, 98, 48, 89, 50, 4, 96, 53, 80, 66, 8, 34, 49, 52, 0, 13, 2, 69, 74]|[1, 1, 0, 1, 1, 0, 1, 1, 2, 1, 2, 2, 2, 1, 1, 0, 0, 1, 0, 2, 2, 0, 1, 2, 0, 1, 2, 2, 0, 0, 1, 2, 1, 2, 1, 0, 2, 0, 1, 1, 0, 1, 1, 1, 0, 2, 1, 1, 0, 0, 0, 0, 1, 1, 2, 1, 2, 2, 0, 2, 1, 0, 1, 2, 1, 2, 1, 1, 1, 1, 1, 1, 0, 1, 2, 2, 0, 0, 2, 2, 2, 1, 2, 0, 1, 0, 1, 2, 0, 0, 2, 1, 2, 0, 1, 0, 0, 0, 1, 2]|[0, 3, 2, 2, 4, 1, 2, 3, 2, 4, 1, 1, 2, 4, 4, 1, 1, 4, 2, 1, 1, 1, 1, 2, 1, 2, 1, 1, 2, 1, 3, 2, 3, 0, 4, 0, 1, 1, 0, 3, 2, 2, 2, 0, 1, 1, 0, 4, 0, 1, 2, 2, 1, 4, 0, 3, 2, 2, 1, 1, 3, 1, 1, 1, 3, 0, 4, 3, 1, 4, 1, 1, 0, 4, 1, 1, 2, 1, 2, 1, 1, 3, 1, 1, 1, 1, 4, 1, 2, 1, 1, 3, 1, 1, 1, 2, 2, 2, 4, 1]|[0, 2, 1, 1, 3, 0, 1, 3, 0, 0, 0, 0, 1, 0, 1, 0, 0, 3, 1, 0, 0, 0, 3, 1, 0, 2, 0, 0, 0, 1, 0, 0, 0, 0, 3, 0, 1, 0, 0, 2, 1, 1, 1, 0, 0, 0, 0, 2, 1, 0, 0, 0, 1, 3, 0, 0, 1, 1, 0, 0, 2, 0, 1, 0, 2, 1, 0, 0, 1, 1, 3, 1, 1, 3, 0, 0, 1, 0, 1, 0, 0, 0, 0, 0, 1, 0, 0, 0, 1, 0, 0, 2, 0, 1, 1, 0, 0, 0, 2, 0],714.4485115867469,58161.785232764836,94013.66617097157,false
38,G4_BALANCED,G1_CMAX,[22, 82, 3, 58, 95, 42, 77, 47, 5, 93, 78, 12, 86, 54, 50, 63, 18, 44, 20, 35, 43, 97, 91, 76, 10, 30, 21, 45, 71, 64, 36, 23, 17, 83, 24, 14, 60, 1, 6, 40, 57, 90, 65, 56, 79, 94, 67, 68, 46, 75, 38, 9, 19, 32, 81, 41, 27, 62, 16, 55, 59, 89, 88, 87, 31, 72, 73, 70, 39, 37, 84, 92, 25, 11, 48, 15, 29, 51, 7, 33, 61, 98, 28, 99, 26, 85, 66, 96, 53, 80, 4, 8, 34, 49, 52, 2, 13, 0, 69, 74]|[1, 0, 1, 0, 1, 2, 2, 2, 2, 2, 1, 1, 1, 0, 0, 1, 0, 2, 2, 0, 1, 2, 0, 1, 2, 2, 0, 0, 1, 2, 1, 2, 1, 0, 2, 0, 1, 1, 0, 1, 1, 1, 0, 2, 1, 1, 0, 0, 0, 0, 1, 1, 2, 1, 2, 0, 0, 0, 1, 2, 1, 1, 1, 1, 1, 2, 1, 2, 1, 1, 1, 0, 1, 2, 2, 1, 0, 0, 1, 2, 1, 2, 0, 1, 1, 0, 0, 2, 0, 0, 1, 1, 2, 0, 1, 0, 0, 0, 1, 2]|[3, 2, 1, 1, 2, 1, 2, 1, 1, 2, 4, 4, 4, 1, 1, 4, 2, 1, 1, 1, 1, 2, 1, 2, 1, 1, 2, 1, 3, 2, 3, 1, 4, 1, 1, 1, 0, 3, 2, 2, 2, 3, 1, 1, 0, 4, 0, 1, 2, 2, 1, 4, 0, 3, 2, 1, 1, 2, 3, 1, 1, 1, 0, 3, 0, 0, 3, 0, 1, 4, 1, 0, 4, 1, 1, 4, 1, 1, 1, 1, 3, 1, 2, 1, 0, 2, 1, 1, 2, 1, 4, 3, 1, 1, 1, 2, 2, 2, 4, 1]|[3, 1, 2, 0, 1, 0, 0, 0, 0, 1, 0, 0, 1, 0, 0, 3, 1, 0, 0, 0, 3, 1, 0, 2, 0, 0, 0, 1, 0, 0, 2, 0, 3, 0, 1, 0, 0, 0, 1, 1, 1, 2, 0, 0, 0, 2, 1, 0, 0, 0, 1, 3, 0, 0, 1, 0, 0, 1, 2, 0, 1, 1, 0, 2, 0, 1, 0, 1, 1, 1, 1, 1, 3, 0, 0, 3, 0, 0, 2, 0, 0, 0, 1, 1, 3, 0, 0, 0, 1, 0, 0, 2, 0, 1, 1, 0, 0, 0, 2, 0],715.7913946700162,58060.95961022334,95287.06515100288,true
38,G2_TEC,G4_BALANCED,[31, 22, 82, 15, 26, 9, 95, 42, 77, 68, 47, 5, 93, 78, 86, 54, 85, 63, 18, 44, 20, 49, 36, 14, 74, 50, 53, 17, 21, 28, 11, 64, 3, 23, 30, 83, 24, 41, 40, 52, 65, 27, 90, 70, 39, 87, 48, 69, 99, 4, 46, 1, 13, 58, 19, 59, 45, 8, 73, 37, 35, 79, 71, 66, 76, 32, 60, 80, 96, 6, 67, 61, 33, 7, 57, 34, 12, 16, 10, 98, 56, 88, 43, 75, 91, 38, 97, 92, 29, 84, 51, 55, 81, 25, 89, 72, 94, 2, 0, 62]|[2, 1, 2, 1, 1, 0, 1, 1, 1, 1, 1, 0, 2, 2, 1, 2, 0, 0, 0, 2, 2, 1, 0, 2, 0, 2, 2, 1, 0, 1, 1, 1, 0, 0, 1, 0, 2, 1, 2, 2, 0, 0, 1, 1, 0, 2, 0, 2, 1, 0, 0, 2, 0, 0, 2, 0, 1, 1, 0, 0, 2, 1, 1, 1, 2, 0, 2, 2, 0, 1, 2, 1, 1, 2, 0, 1, 1, 2, 1, 2, 0, 1, 1, 0, 1, 0, 1, 0, 1, 0, 1, 0, 1, 1, 1, 1, 2, 2, 0, 1]|[0, 3, 0, 3, 4, 1, 4, 4, 2, 4, 3, 2, 1, 0, 2, 1, 1, 1, 2, 1, 1, 3, 0, 1, 0, 1, 1, 4, 1, 4, 3, 2, 2, 0, 4, 1, 1, 4, 1, 1, 2, 1, 4, 4, 1, 1, 0, 2, 3, 2, 2, 1, 2, 1, 1, 2, 4, 3, 0, 2, 2, 3, 3, 1, 1, 2, 1, 1, 2, 4, 1, 3, 4, 1, 2, 4, 3, 1, 3, 1, 2, 4, 4, 2, 3, 2, 4, 2, 3, 2, 3, 2, 4, 4, 4, 4, 1, 1, 2, 3]|[0, 2, 0, 0, 3, 0, 1, 3, 0, 0, 2, 0, 1, 0, 1, 0, 0, 0, 1, 0, 0, 2, 0, 0, 1, 0, 0, 3, 0, 1, 0, 2, 0, 0, 3, 0, 1, 1, 0, 0, 0, 0, 1, 3, 0, 0, 1, 0, 2, 0, 0, 0, 0, 1, 1, 0, 1, 0, 1, 1, 0, 2, 0, 2, 0, 0, 0, 0, 0, 2, 0, 0, 1, 0, 0, 1, 0, 0, 3, 0, 0, 1, 2, 0, 0, 0, 1, 0, 3, 0, 0, 0, 2, 3, 1, 1, 0, 0, 0, 0],920.7076635939763,50247.30683839398,102805.06006721003,true
38,G3_TWC,G3_TWC,[31, 22, 82, 15, 26, 58, 95, 42, 77, 12, 47, 5, 93, 78, 98, 54, 85, 63, 18, 44, 20, 35, 43, 97, 91, 76, 10, 30, 21, 61, 71, 64, 1, 23, 17, 83, 24, 14, 60, 36, 6, 57, 94, 88, 65, 56, 79, 40, 67, 68, 46, 75, 38, 9, 19, 32, 81, 41, 27, 62, 87, 90, 99, 59, 11, 16, 72, 73, 70, 39, 37, 84, 3, 92, 25, 55, 28, 29, 51, 7, 33, 45, 48, 66, 89, 50, 86, 96, 53, 80, 4, 8, 34, 49, 52, 0, 13, 2, 69, 74]|[1, 1, 0, 1, 1, 1, 2, 1, 2, 1, 2, 2, 2, 1, 1, 0, 0, 1, 0, 2, 2, 0, 0, 2, 0, 1, 2, 2, 0, 0, 1, 2, 1, 2, 1, 0, 2, 0, 1, 1, 0, 1, 1, 1, 0, 2, 1, 1, 0, 0, 0, 0, 1, 1, 2, 1, 2, 0, 0, 0, 2, 1, 1, 2, 2, 1, 2, 1, 1, 1, 1, 1, 2, 0, 1, 1, 0, 0, 0, 1, 2, 1, 0, 2, 1, 0, 0, 0, 0, 0, 0, 1, 2, 0, 1, 0, 0, 0, 1, 2]|[4, 3, 2, 2, 0, 0, 2, 2, 2, 4, 1, 1, 2, 4, 4, 1, 1, 4, 2, 1, 1, 1, 1, 2, 1, 2, 1, 1, 1, 1, 3, 2, 3, 0, 4, 0, 1, 1, 0, 3, 2, 2, 4, 0, 1, 1, 0, 2, 0, 1, 2, 2, 1, 4, 0, 3, 2, 1, 1, 1, 1, 3, 1, 1, 1, 3, 0, 4, 3, 1, 4, 1, 1, 2, 4, 4, 2, 1, 1, 3, 1, 3, 1, 1, 1, 1, 1, 1, 2, 1, 2, 3, 1, 1, 1, 2, 2, 2, 3, 1]|[0, 2, 1, 1, 3, 3, 0, 1, 0, 0, 0, 0, 1, 0, 1, 0, 0, 3, 1, 0, 0, 0, 0, 1, 0, 2, 0, 0, 0, 1, 0, 0, 0, 0, 3, 0, 1, 0, 0, 2, 1, 1, 2, 0, 0, 0, 0, 1, 1, 0, 0, 0, 1, 3, 0, 0, 1, 0, 0, 0, 0, 2, 1, 0, 0, 2, 1, 0, 0, 1, 1, 3, 0, 1, 3, 3, 1, 0, 0, 2, 0, 0, 0, 0, 1, 0, 0, 0, 1, 0, 1, 2, 0, 1, 1, 0, 0, 0, 0, 0],786.1574510680352,57196.372507870794,91050.60679155638,false
38,G1_CMAX,G1_CMAX,[31, 22, 82, 15, 26, 99, 95, 42, 77, 12, 47, 5, 93, 78, 86, 54, 21, 63, 18, 44, 20, 35, 43, 97, 91, 76, 10, 30, 85, 45, 71, 64, 1, 23, 57, 83, 24, 14, 60, 36, 81, 17, 40, 88, 65, 56, 79, 94, 67, 68, 46, 75, 38, 9, 19, 32, 41, 6, 27, 87, 90, 58, 59, 11, 16, 72, 73, 70, 39, 37, 84, 3, 92, 25, 55, 28, 62, 29, 51, 7, 33, 61, 98, 48, 89, 50, 4, 96, 53, 80, 66, 8, 34, 49, 52, 0, 13, 2, 69, 74]|[1, 1, 0, 1, 1, 0, 1, 1, 2, 1, 2, 2, 2, 1, 1, 0, 0, 1, 0, 2, 2, 0, 1, 2, 0, 1, 2, 2, 0, 0, 1, 2, 1, 2, 1, 0, 2, 0, 1, 1, 0, 1, 1, 1, 0, 2, 1, 1, 0, 0, 0, 0, 1, 1, 2, 1, 2, 2, 0, 2, 1, 0, 1, 2, 1, 2, 1, 1, 1, 1, 1, 1, 0, 1, 2, 2, 0, 0, 2, 2, 2, 1, 2, 0, 1, 0, 1, 2, 0, 0, 2, 1, 2, 0, 1, 0, 0, 0, 1, 2]|[0, 3, 2, 2, 4, 1, 2, 3, 2, 4, 1, 1, 2, 4, 4, 1, 1, 4, 2, 1, 1, 1, 1, 2, 1, 2, 1, 1, 2, 1, 3, 2, 3, 0, 4, 0, 1, 1, 0, 3, 2, 2, 2, 0, 1, 1, 0, 4, 0, 1, 2, 2, 1, 4, 0, 3, 2, 2, 1, 1, 3, 1, 1, 1, 3, 0, 4, 3, 1, 4, 1, 1, 0, 4, 1, 1, 2, 1, 2, 1, 1, 3, 1, 1, 1, 1, 4, 1, 2, 1, 1, 3, 1, 1, 1, 2, 2, 2, 4, 1]|[0, 2, 1, 1, 3, 0, 1, 3, 0, 0, 0, 0, 1, 0, 1, 0, 0, 3, 1, 0, 0, 0, 3, 1, 0, 2, 0, 0, 0, 1, 0, 0, 0, 0, 3, 0, 1, 0, 0, 2, 1, 1, 1, 0, 0, 0, 0, 2, 1, 0, 0, 0, 1, 3, 0, 0, 1, 1, 0, 0, 2, 0, 1, 0, 2, 1, 0, 0, 1, 1, 3, 1, 1, 3, 0, 0, 1, 0, 1, 0, 0, 0, 0, 0, 1, 0, 0, 0, 1, 0, 0, 2, 0, 1, 1, 0, 0, 0, 2, 0],714.4485115867469,58161.785232764836,94013.66617097157,false
38,G4_BALANCED,G1_CMAX,[22, 82, 3, 58, 95, 42, 77, 47, 5, 93, 78, 12, 86, 54, 50, 63, 18, 44, 20, 35, 43, 97, 91, 76, 10, 30, 21, 45, 71, 64, 36, 23, 17, 83, 24, 14, 60, 1, 6, 40, 57, 90, 65, 56, 79, 94, 67, 68, 46, 75, 38, 9, 19, 32, 81, 41, 27, 62, 16, 55, 59, 89, 88, 87, 31, 72, 73, 70, 39, 37, 84, 92, 25, 11, 48, 15, 29, 51, 7, 33, 61, 98, 28, 99, 26, 85, 66, 96, 53, 80, 4, 8, 34, 49, 52, 2, 13, 0, 69, 74]|[1, 0, 1, 0, 1, 2, 2, 2, 2, 2, 1, 1, 1, 0, 0, 1, 0, 2, 2, 0, 1, 2, 0, 1, 2, 2, 0, 0, 1, 2, 1, 2, 1, 0, 2, 0, 1, 1, 0, 1, 1, 1, 0, 2, 1, 1, 0, 0, 0, 0, 1, 1, 2, 1, 2, 0, 0, 0, 1, 2, 1, 1, 1, 1, 1, 2, 1, 2, 1, 1, 1, 0, 1, 2, 2, 1, 0, 0, 1, 2, 1, 2, 0, 1, 1, 0, 0, 2, 0, 0, 1, 1, 2, 0, 1, 0, 0, 0, 1, 2]|[3, 2, 1, 1, 2, 1, 2, 1, 1, 2, 4, 4, 4, 1, 1, 4, 2, 1, 1, 1, 1, 2, 1, 2, 1, 1, 2, 1, 3, 2, 3, 1, 4, 1, 1, 1, 0, 3, 2, 2, 2, 3, 1, 1, 0, 4, 0, 1, 2, 2, 1, 4, 0, 3, 2, 1, 1, 2, 3, 1, 1, 1, 0, 3, 0, 0, 3, 0, 1, 4, 1, 0, 4, 1, 1, 4, 1, 1, 1, 1, 3, 1, 2, 1, 0, 2, 1, 1, 2, 1, 4, 3, 1, 1, 1, 2, 2, 2, 4, 1]|[3, 1, 2, 0, 1, 0, 0, 0, 0, 1, 0, 0, 1, 0, 0, 3, 1, 0, 0, 0, 3, 1, 0, 2, 0, 0, 0, 1, 0, 0, 2, 0, 3, 0, 1, 0, 0, 0, 1, 1, 1, 2, 0, 0, 0, 2, 1, 0, 0, 0, 1, 3, 0, 0, 1, 0, 0, 1, 2, 0, 1, 1, 0, 2, 0, 1, 0, 1, 1, 1, 1, 1, 3, 0, 0, 3, 0, 0, 2, 0, 0, 0, 1, 1, 3, 0, 0, 0, 1, 0, 0, 2, 0, 1, 1, 0, 0, 0, 2, 0],715.7913946700162,58060.95961022334,95287.06515100288,true
38,G2_TEC,G4_BALANCED,[31, 22, 82, 15, 26, 9, 95, 42, 77, 68, 47, 5, 93, 78, 86, 54, 85, 63, 18, 44, 20, 49, 36, 14, 74, 50, 53, 17, 21, 28, 11, 64, 3, 23, 30, 83, 24, 41, 92, 52, 65, 27, 90, 70, 39, 87, 48, 69, 99, 4, 46, 1, 13, 58, 19, 59, 45, 8, 73, 37, 35, 79, 71, 66, 76, 32, 60, 80, 96, 6, 67, 61, 33, 7, 57, 34, 12, 16, 10, 98, 56, 88, 43, 75, 91, 38, 84, 40, 29, 97, 51, 55, 72, 25, 89, 81, 94, 2, 0, 62]|[2, 1, 2, 1, 1, 2, 1, 1, 1, 1, 1, 0, 2, 2, 1, 2, 0, 0, 0, 2, 2, 1, 0, 2, 0, 2, 2, 1, 0, 1, 1, 1, 0, 0, 1, 0, 2, 1, 2, 2, 0, 0, 1, 1, 0, 2, 0, 2, 1, 0, 0, 2, 0, 0, 2, 0, 1, 1, 0, 0, 2, 1, 1, 2, 2, 0, 2, 2, 0, 1, 2, 1, 1, 2, 0, 1, 1, 2, 1, 2, 0, 1, 1, 0, 1, 0, 0, 0, 1, 1, 1, 0, 1, 1, 1, 1, 2, 2, 0, 1]|[0, 3, 0, 3, 4, 1, 4, 4, 2, 4, 3, 2, 1, 0, 2, 1, 1, 1, 2, 1, 1, 3, 0, 1, 0, 1, 1, 4, 1, 4, 3, 2, 2, 0, 4, 1, 1, 4, 1, 1, 2, 1, 4, 4, 1, 1, 0, 2, 3, 2, 2, 1, 2, 1, 1, 2, 4, 3, 0, 2, 2, 3, 3, 1, 1, 2, 1, 1, 2, 4, 1, 3, 4, 1, 2, 4, 3, 1, 3, 1, 2, 4, 4, 2, 3, 2, 2, 2, 3, 4, 3, 2, 4, 4, 4, 4, 1, 1, 2, 3]|[0, 2, 0, 0, 3, 0, 1, 3, 0, 0, 2, 0, 1, 0, 1, 0, 0, 0, 1, 0, 0, 2, 0, 0, 1, 0, 0, 3, 0, 1, 0, 2, 0, 0, 3, 0, 1, 1, 0, 0, 0, 0, 1, 3, 0, 0, 1, 0, 2, 0, 0, 0, 0, 1, 1, 0, 1, 0, 1, 1, 0, 2, 0, 0, 0, 0, 0, 0, 0, 2, 0, 0, 1, 0, 0, 1, 0, 0, 3, 0, 0, 1, 2, 0, 0, 0, 0, 0, 3, 1, 0, 0, 1, 3, 3, 2, 0, 0, 0, 0],886.5077340621172,49712.09665444946,105368.03599008455,true
38,G3_TWC,G3_TWC,[31, 22, 82, 15, 26, 58, 95, 42, 77, 12, 47, 5, 93, 78, 98, 54, 85, 63, 18, 44, 20, 35, 43, 97, 91, 76, 10, 30, 21, 45, 71, 64, 1, 23, 17, 83, 24, 14, 60, 36, 6, 57, 94, 88, 65, 56, 79, 40, 67, 68, 46, 75, 39, 9, 19, 32, 81, 96, 27, 62, 87, 90, 99, 59, 11, 16, 72, 73, 70, 38, 37, 84, 3, 92, 25, 55, 28, 29, 51, 7, 33, 61, 86, 48, 89, 50, 69, 41, 53, 80, 4, 8, 34, 49, 52, 0, 13, 2, 66, 74]|[1, 1, 0, 1, 1, 1, 2, 1, 2, 1, 2, 2, 2, 1, 1, 0, 0, 1, 0, 2, 2, 0, 1, 2, 0, 1, 2, 2, 0, 0, 1, 2, 1, 2, 1, 0, 2, 0, 1, 1, 0, 1, 1, 1, 0, 2, 1, 1, 0, 0, 0, 0, 1, 1, 2, 1, 2, 0, 0, 0, 2, 1, 0, 1, 2, 1, 2, 1, 1, 1, 1, 1, 2, 0, 1, 1, 0, 0, 0, 1, 2, 1, 0, 0, 1, 0, 1, 0, 0, 0, 0, 1, 2, 0, 1, 0, 0, 0, 2, 2]|[4, 3, 2, 2, 0, 0, 2, 2, 2, 4, 1, 1, 2, 4, 4, 1, 1, 4, 2, 1, 1, 1, 1, 2, 1, 2, 1, 1, 1, 1, 3, 2, 3, 0, 4, 0, 1, 1, 0, 3, 2, 2, 4, 0, 1, 1, 0, 2, 0, 1, 2, 2, 1, 4, 0, 3, 2, 1, 1, 2, 1, 3, 1, 1, 1, 3, 0, 4, 3, 1, 4, 1, 1, 2, 4, 4, 2, 1, 1, 3, 1, 3, 1, 1, 1, 1, 3, 1, 2, 1, 2, 3, 1, 1, 1, 2, 2, 2, 1, 1]|[0, 2, 1, 1, 3, 3, 0, 1, 0, 0, 0, 0, 1, 0, 1, 0, 0, 3, 1, 0, 0, 0, 3, 1, 0, 2, 0, 0, 0, 1, 0, 0, 0, 0, 3, 0, 1, 0, 0, 2, 1, 1, 2, 0, 0, 0, 0, 1, 1, 0, 0, 0, 1, 3, 0, 0, 1, 0, 0, 1, 0, 2, 0, 1, 0, 2, 1, 0, 0, 1, 1, 3, 0, 1, 3, 3, 1, 0, 0, 2, 0, 0, 0, 0, 1, 0, 0, 0, 1, 0, 1, 2, 0, 1, 1, 0, 0, 0, 0, 0],790.0799945868791,57951.42221290124,88960.86369927591,false
38,G1_CMAX,G1_CMAX,[31, 22, 82, 15, 26, 99, 95, 42, 77, 12, 47, 5, 93, 78, 86, 54, 21, 63, 18, 44, 20, 35, 43, 97, 91, 76, 10, 30, 85, 45, 71, 64, 1, 23, 57, 83, 24, 14, 60, 36, 81, 17, 40, 88, 65, 56, 79, 94, 67, 68, 46, 75, 38, 9, 19, 32, 41, 6, 27, 87, 90, 58, 59, 11, 16, 72, 73, 70, 39, 37, 84, 3, 92, 25, 55, 28, 62, 29, 51, 7, 33, 61, 98, 48, 89, 50, 4, 96, 53, 80, 66, 8, 34, 49, 52, 0, 13, 2, 69, 74]|[1, 1, 0, 1, 1, 0, 1, 1, 2, 1, 2, 2, 2, 1, 1, 0, 0, 1, 0, 2, 2, 0, 1, 2, 0, 1, 2, 2, 0, 0, 1, 2, 1, 2, 1, 0, 2, 0, 1, 1, 0, 1, 1, 1, 0, 2, 1, 1, 0, 0, 0, 0, 1, 1, 2, 1, 2, 2, 0, 2, 1, 0, 1, 2, 1, 2, 1, 1, 1, 1, 1, 1, 0, 1, 2, 2, 0, 0, 2, 2, 2, 1, 2, 0, 1, 0, 1, 2, 0, 0, 2, 1, 2, 0, 1, 0, 0, 0, 1, 2]|[0, 3, 2, 2, 4, 1, 2, 3, 2, 4, 1, 1, 2, 4, 4, 1, 1, 4, 2, 1, 1, 1, 1, 2, 1, 2, 1, 1, 2, 1, 3, 2, 3, 0, 4, 0, 1, 1, 0, 3, 2, 2, 2, 0, 1, 1, 0, 4, 0, 1, 2, 2, 1, 4, 0, 3, 2, 2, 1, 1, 3, 1, 1, 1, 3, 0, 4, 3, 1, 4, 1, 1, 0, 4, 1, 1, 2, 1, 2, 1, 1, 3, 1, 1, 1, 1, 4, 1, 2, 1, 1, 3, 1, 1, 1, 2, 2, 2, 4, 1]|[0, 2, 1, 1, 3, 0, 1, 3, 0, 0, 0, 0, 1, 0, 1, 0, 0, 3, 1, 0, 0, 0, 3, 1, 0, 2, 0, 0, 0, 1, 0, 0, 0, 0, 3, 0, 1, 0, 0, 2, 1, 1, 1, 0, 0, 0, 0, 2, 1, 0, 0, 0, 1, 3, 0, 0, 1, 1, 0, 0, 2, 0, 1, 0, 2, 1, 0, 0, 1, 1, 3, 1, 1, 3, 0, 0, 1, 0, 1, 0, 0, 0, 0, 0, 1, 0, 0, 0, 1, 0, 0, 2, 0, 1, 1, 0, 0, 0, 2, 0],714.4485115867469,58161.785232764836,94013.66617097157,false
38,G4_BALANCED,G1_CMAX,[22, 82, 3, 58, 95, 42, 77, 47, 5, 93, 78, 12, 86, 54, 50, 63, 18, 44, 20, 35, 43, 97, 91, 76, 10, 30, 21, 45, 71, 64, 36, 23, 17, 83, 24, 14, 60, 1, 6, 40, 57, 90, 65, 56, 79, 94, 67, 68, 46, 75, 38, 9, 19, 32, 81, 41, 27, 62, 16, 55, 59, 89, 88, 87, 31, 72, 73, 70, 39, 37, 84, 92, 25, 11, 48, 15, 29, 51, 7, 33, 61, 98, 28, 99, 26, 85, 66, 96, 53, 80, 4, 8, 34, 49, 52, 2, 13, 0, 69, 74]|[1, 0, 1, 0, 1, 2, 2, 2, 2, 2, 1, 1, 1, 0, 0, 1, 0, 2, 2, 0, 1, 2, 0, 1, 2, 2, 0, 0, 1, 2, 1, 2, 1, 0, 2, 0, 1, 1, 0, 1, 1, 1, 0, 2, 1, 1, 0, 0, 0, 0, 1, 1, 2, 1, 2, 0, 0, 0, 1, 2, 1, 1, 1, 1, 1, 2, 1, 2, 1, 1, 1, 0, 1, 2, 2, 1, 0, 0, 1, 2, 1, 2, 0, 1, 1, 0, 0, 2, 0, 0, 1, 1, 2, 0, 1, 0, 0, 0, 1, 2]|[3, 2, 1, 1, 2, 1, 2, 1, 1, 2, 4, 4, 4, 1, 1, 4, 2, 1, 1, 1, 1, 2, 1, 2, 1, 1, 2, 1, 3, 2, 3, 1, 4, 1, 1, 1, 0, 3, 2, 2, 2, 3, 1, 1, 0, 4, 0, 1, 2, 2, 1, 4, 0, 3, 2, 1, 1, 2, 3, 1, 1, 1, 0, 3, 0, 0, 3, 0, 1, 4, 1, 0, 4, 1, 1, 4, 1, 1, 1, 1, 3, 1, 2, 1, 0, 2, 1, 1, 2, 1, 4, 3, 1, 1, 1, 2, 2, 2, 4, 1]|[3, 1, 2, 0, 1, 0, 0, 0, 0, 1, 0, 0, 1, 0, 0, 3, 1, 0, 0, 0, 3, 1, 0, 2, 0, 0, 0, 1, 0, 0, 2, 0, 3, 0, 1, 0, 0, 0, 1, 1, 1, 2, 0, 0, 0, 2, 1, 0, 0, 0, 1, 3, 0, 0, 1, 0, 0, 1, 2, 0, 1, 1, 0, 2, 0, 1, 0, 1, 1, 1, 1, 1, 3, 0, 0, 3, 0, 0, 2, 0, 0, 0, 1, 1, 3, 0, 0, 0, 1, 0, 0, 2, 0, 1, 1, 0, 0, 0, 2, 0],715.7913946700162,58060.95961022334,95287.06515100288,true
38,G2_TEC,G4_BALANCED,[31, 22, 82, 15, 26, 9, 95, 42, 77, 68, 47, 5, 93, 78, 86, 54, 85, 63, 18, 44, 20, 49, 36, 14, 74, 50, 53, 17, 21, 28, 11, 64, 3, 23, 30, 83, 24, 41, 92, 52, 65, 27, 90, 70, 39, 87, 48, 69, 99, 4, 46, 1, 13, 58, 19, 59, 45, 8, 73, 37, 35, 79, 71, 66, 76, 32, 60, 80, 96, 6, 67, 61, 33, 7, 57, 34, 12, 16, 10, 98, 56, 88, 43, 75, 91, 38, 84, 40, 29, 97, 51, 55, 72, 25, 89, 81, 94, 2, 0, 62]|[2, 1, 2, 1, 1, 2, 1, 1, 1, 1, 1, 0, 2, 2, 1, 2, 0, 0, 0, 2, 2, 1, 0, 2, 0, 2, 2, 1, 0, 1, 1, 1, 0, 0, 1, 0, 2, 1, 2, 2, 0, 0, 1, 1, 0, 2, 0, 2, 1, 0, 0, 2, 0, 0, 2, 0, 1, 1, 0, 0, 2, 1, 1, 2, 2, 0, 2, 2, 0, 1, 2, 1, 1, 2, 0, 1, 1, 2, 1, 2, 0, 1, 1, 0, 1, 0, 0, 0, 1, 1, 1, 0, 1, 1, 1, 1, 2, 2, 0, 1]|[0, 3, 0, 3, 4, 1, 4, 4, 2, 4, 3, 2, 1, 0, 2, 1, 1, 1, 2, 1, 1, 3, 0, 1, 0, 1, 1, 4, 1, 4, 3, 2, 2, 0, 4, 1, 1, 4, 1, 1, 2, 1, 4, 4, 1, 1, 0, 2, 3, 2, 2, 1, 2, 1, 1, 2, 4, 3, 0, 2, 2, 3, 3, 1, 1, 2, 1, 1, 2, 4, 1, 3, 4, 1, 2, 4, 3, 1, 3, 1, 2, 4, 4, 2, 3, 2, 2, 2, 3, 4, 3, 2, 4, 4, 4, 4, 1, 1, 2, 3]|[0, 2, 0, 0, 3, 0, 1, 3, 0, 0, 2, 0, 1, 0, 1, 0, 0, 0, 1, 0, 0, 2, 0, 0, 1, 0, 0, 3, 0, 1, 0, 2, 0, 0, 3, 0, 1, 1, 0, 0, 0, 0, 1, 3, 0, 0, 1, 0, 2, 0, 0, 0, 0, 1, 1, 0, 1, 0, 1, 1, 0, 2, 0, 0, 0, 0, 0, 0, 0, 2, 0, 0, 1, 0, 0, 1, 0, 0, 3, 0, 0, 1, 2, 0, 0, 0, 0, 0, 3, 1, 0, 0, 1, 3, 3, 2, 0, 0, 0, 0],886.5077340621172,49712.09665444946,105368.03599008455,true
38,G3_TWC,G3_TWC,[31, 22, 82, 15, 26, 58, 95, 42, 77, 12, 47, 5, 93, 78, 98, 54, 85, 63, 18, 44, 20, 35, 43, 97, 91, 76, 10, 30, 21, 45, 71, 64, 1, 23, 17, 83, 24, 14, 60, 36, 6, 57, 94, 88, 65, 56, 79, 40, 67, 68, 46, 75, 39, 9, 19, 32, 81, 96, 27, 62, 87, 90, 99, 59, 11, 16, 72, 73, 70, 38, 37, 84, 3, 92, 25, 55, 28, 29, 51, 7, 33, 61, 86, 48, 89, 50, 69, 41, 53, 80, 4, 8, 34, 49, 52, 0, 13, 2, 66, 74]|[1, 1, 0, 1, 1, 1, 2, 1, 2, 1, 2, 2, 2, 1, 1, 0, 0, 1, 0, 2, 2, 0, 1, 2, 0, 1, 2, 2, 0, 0, 1, 2, 1, 2, 1, 0, 2, 0, 1, 1, 0, 1, 1, 1, 0, 2, 1, 1, 0, 0, 0, 0, 1, 1, 2, 1, 2, 0, 0, 0, 2, 1, 0, 1, 2, 1, 2, 1, 1, 1, 1, 1, 2, 0, 1, 1, 0, 0, 0, 1, 2, 1, 0, 0, 1, 0, 1, 0, 0, 0, 0, 1, 2, 0, 1, 0, 0, 0, 2, 2]|[4, 3, 2, 2, 0, 0, 2, 2, 2, 4, 1, 1, 2, 4, 4, 1, 1, 4, 2, 1, 1, 1, 1, 2, 1, 2, 1, 1, 1, 1, 3, 2, 3, 0, 4, 0, 1, 1, 0, 3, 2, 2, 4, 0, 1, 1, 0, 2, 0, 1, 2, 2, 1, 4, 0, 3, 2, 1, 1, 2, 1, 3, 1, 1, 1, 3, 0, 4, 3, 1, 4, 1, 1, 2, 4, 4, 2, 1, 1, 3, 1, 3, 1, 1, 1, 1, 3, 1, 2, 1, 2, 3, 1, 1, 1, 2, 2, 2, 1, 1]|[0, 2, 1, 1, 3, 3, 0, 1, 0, 0, 0, 0, 1, 0, 1, 0, 0, 3, 1, 0, 0, 0, 3, 1, 0, 2, 0, 0, 0, 1, 0, 0, 0, 0, 3, 0, 1, 0, 0, 2, 1, 1, 2, 0, 0, 0, 0, 1, 1, 0, 0, 0, 1, 3, 0, 0, 1, 0, 0, 1, 0, 2, 0, 1, 0, 2, 1, 0, 0, 1, 1, 3, 0, 1, 3, 3, 1, 0, 0, 2, 0, 0, 0, 0, 1, 0, 0, 0, 1, 0, 1, 2, 0, 1, 1, 0, 0, 0, 0, 0],790.0799945868791,57951.42221290124,88960.86369927591,false
38,G1_CMAX,G1_CMAX,[31, 22, 82, 15, 26, 99, 95, 42, 77, 12, 47, 5, 93, 78, 86, 54, 21, 63, 18, 44, 20, 35, 43, 97, 91, 76, 10, 30, 85, 45, 71, 64, 1, 23, 57, 83, 24, 14, 60, 36, 81, 17, 40, 88, 65, 56, 79, 94, 67, 68, 46, 75, 38, 9, 19, 32, 41, 6, 27, 87, 90, 58, 59, 11, 16, 72, 73, 70, 39, 37, 84, 3, 92, 25, 55, 28, 62, 29, 51, 7, 33, 61, 98, 48, 89, 50, 4, 96, 53, 80, 66, 8, 34, 49, 52, 0, 13, 2, 69, 74]|[1, 1, 0, 1, 1, 0, 1, 1, 2, 1, 2, 2, 2, 1, 1, 0, 0, 1, 0, 2, 2, 0, 1, 2, 0, 1, 2, 2, 0, 0, 1, 2, 1, 2, 1, 0, 2, 0, 1, 1, 0, 1, 1, 1, 0, 2, 1, 1, 0, 0, 0, 0, 1, 1, 2, 1, 2, 2, 0, 2, 1, 0, 1, 2, 1, 2, 1, 1, 1, 1, 1, 1, 0, 1, 2, 2, 0, 0, 2, 2, 2, 1, 2, 0, 1, 0, 1, 2, 0, 0, 2, 1, 2, 0, 1, 0, 0, 0, 1, 2]|[0, 3, 2, 2, 4, 1, 2, 3, 2, 4, 1, 1, 2, 4, 4, 1, 1, 4, 2, 1, 1, 1, 1, 2, 1, 2, 1, 1, 2, 1, 3, 2, 3, 0, 4, 0, 1, 1, 0, 3, 2, 2, 2, 0, 1, 1, 0, 4, 0, 1, 2, 2, 1, 4, 0, 3, 2, 2, 1, 1, 3, 1, 1, 1, 3, 0, 4, 3, 1, 4, 1, 1, 0, 4, 1, 1, 2, 1, 2, 1, 1, 3, 1, 1, 1, 1, 4, 1, 2, 1, 1, 3, 1, 1, 1, 2, 2, 2, 4, 1]|[0, 2, 1, 1, 3, 0, 1, 3, 0, 0, 0, 0, 1, 0, 1, 0, 0, 3, 1, 0, 0, 0, 3, 1, 0, 2, 0, 0, 0, 1, 0, 0, 0, 0, 3, 0, 1, 0, 0, 2, 1, 1, 1, 0, 0, 0, 0, 2, 1, 0, 0, 0, 1, 3, 0, 0, 1, 1, 0, 0, 2, 0, 1, 0, 2, 1, 0, 0, 1, 1, 3, 1, 1, 3, 0, 0, 1, 0, 1, 0, 0, 0, 0, 0, 1, 0, 0, 0, 1, 0, 0, 2, 0, 1, 1, 0, 0, 0, 2, 0],714.4485115867469,58161.785232764836,94013.66617097157,false
38,G4_BALANCED,G1_CMAX,[22, 82, 3, 58, 95, 42, 77, 47, 5, 93, 78, 12, 86, 54, 50, 63, 18, 44, 20, 35, 43, 97, 91, 76, 10, 30, 21, 45, 71, 64, 36, 23, 17, 83, 24, 14, 60, 1, 6, 40, 57, 90, 65, 56, 79, 94, 67, 68, 46, 75, 38, 9, 19, 32, 81, 41, 27, 62, 16, 55, 59, 89, 88, 87, 31, 72, 73, 70, 39, 37, 84, 92, 25, 11, 48, 15, 29, 51, 7, 33, 61, 98, 28, 99, 26, 85, 66, 96, 53, 80, 4, 8, 34, 49, 52, 2, 13, 0, 69, 74]|[1, 0, 1, 0, 1, 2, 2, 2, 2, 2, 1, 1, 1, 0, 0, 1, 0, 2, 2, 0, 1, 2, 0, 1, 2, 2, 0, 0, 1, 2, 1, 2, 1, 0, 2, 0, 1, 1, 0, 1, 1, 1, 0, 2, 1, 1, 0, 0, 0, 0, 1, 1, 2, 1, 2, 0, 0, 0, 1, 2, 1, 1, 1, 1, 1, 2, 1, 2, 1, 1, 1, 0, 1, 2, 2, 1, 0, 0, 1, 2, 1, 2, 0, 1, 1, 0, 0, 2, 0, 0, 1, 1, 2, 0, 1, 0, 0, 0, 1, 2]|[3, 2, 1, 1, 2, 1, 2, 1, 1, 2, 4, 4, 4, 1, 1, 4, 2, 1, 1, 1, 1, 2, 1, 2, 1, 1, 2, 1, 3, 2, 3, 1, 4, 1, 1, 1, 0, 3, 2, 2, 2, 3, 1, 1, 0, 4, 0, 1, 2, 2, 1, 4, 0, 3, 2, 1, 1, 2, 3, 1, 1, 1, 0, 3, 0, 0, 3, 0, 1, 4, 1, 0, 4, 1, 1, 4, 1, 1, 1, 1, 3, 1, 2, 1, 0, 2, 1, 1, 2, 1, 4, 3, 1, 1, 1, 2, 2, 2, 4, 1]|[3, 1, 2, 0, 1, 0, 0, 0, 0, 1, 0, 0, 1, 0, 0, 3, 1, 0, 0, 0, 3, 1, 0, 2, 0, 0, 0, 1, 0, 0, 2, 0, 3, 0, 1, 0, 0, 0, 1, 1, 1, 2, 0, 0, 0, 2, 1, 0, 0, 0, 1, 3, 0, 0, 1, 0, 0, 1, 2, 0, 1, 1, 0, 2, 0, 1, 0, 1, 1, 1, 1, 1, 3, 0, 0, 3, 0, 0, 2, 0, 0, 0, 1, 1, 3, 0, 0, 0, 1, 0, 0, 2, 0, 1, 1, 0, 0, 0, 2, 0],715.7913946700162,58060.95961022334,95287.06515100288,true
38,G2_TEC,G2_TEC,[31, 22, 82, 15, 26, 9, 95, 42, 77, 68, 47, 5, 93, 78, 86, 54, 85, 63, 18, 44, 20, 49, 36, 14, 74, 50, 53, 17, 21, 28, 11, 64, 3, 23, 30, 83, 24, 41, 40, 52, 65, 27, 90, 70, 39, 87, 48, 69, 99, 4, 75, 1, 13, 58, 97, 59, 45, 8, 73, 37, 35, 79, 71, 66, 76, 32, 60, 80, 56, 6, 67, 61, 33, 7, 57, 34, 12, 16, 10, 98, 96, 88, 43, 46, 91, 38, 84, 92, 29, 19, 51, 55, 81, 89, 25, 72, 94, 2, 0, 62]|[2, 1, 2, 1, 1, 2, 1, 1, 1, 1, 1, 0, 2, 2, 1, 2, 0, 0, 0, 2, 2, 1, 0, 2, 0, 2, 2, 1, 0, 1, 1, 1, 0, 0, 1, 0, 2, 1, 2, 2, 0, 0, 1, 1, 0, 2, 0, 2, 1, 0, 0, 2, 0, 0, 2, 0, 1, 1, 0, 0, 2, 1, 1, 2, 2, 0, 2, 2, 2, 1, 2, 1, 1, 2, 0, 1, 1, 2, 1, 2, 0, 1, 1, 0, 1, 0, 0, 0, 1, 1, 1, 0, 1, 1, 1, 1, 2, 2, 0, 1]|[0, 3, 0, 3, 4, 1, 4, 4, 2, 4, 3, 2, 1, 0, 2, 1, 1, 1, 2, 1, 1, 3, 0, 1, 0, 1, 1, 4, 1, 4, 3, 2, 2, 0, 4, 1, 1, 4, 1, 1, 2, 1, 4, 4, 1, 1, 0, 2, 3, 2, 2, 1, 2, 1, 1, 2, 4, 3, 0, 2, 2, 3, 3, 1, 1, 2, 1, 1, 1, 4, 1, 3, 4, 1, 2, 4, 3, 1, 3, 1, 2, 4, 4, 2, 3, 2, 2, 2, 3, 4, 3, 2, 4, 4, 4, 4, 1, 1, 2, 3]|[0, 2, 0, 0, 3, 0, 1, 3, 0, 0, 2, 0, 1, 0, 1, 0, 0, 0, 1, 0, 0, 2, 0, 0, 1, 0, 0, 3, 0, 1, 0, 2, 0, 0, 3, 0, 1, 1, 0, 0, 0, 0, 1, 3, 0, 0, 1, 0, 2, 0, 0, 0, 0, 0, 1, 0, 1, 0, 1, 1, 0, 2, 0, 0, 0, 0, 0, 0, 0, 2, 0, 0, 1, 0, 0, 1, 0, 0, 3, 0, 0, 1, 2, 0, 0, 0, 0, 0, 3, 1, 0, 0, 2, 1, 3, 1, 0, 0, 0, 0],908.8272556494078,49235.066718390466,107289.32240407266,false
38,G3_TWC,G3_TWC,[31, 22, 82, 15, 26, 58, 95, 42, 77, 12, 47, 5, 93, 78, 98, 54, 85, 63, 18, 44, 20, 35, 43, 97, 91, 76, 10, 30, 21, 45, 71, 64, 1, 23, 17, 83, 24, 14, 60, 36, 6, 57, 94, 88, 65, 56, 79, 40, 67, 68, 46, 75, 39, 9, 19, 32, 81, 96, 27, 62, 87, 90, 99, 59, 11, 16, 72, 73, 70, 38, 37, 84, 3, 92, 25, 55, 28, 29, 51, 7, 33, 61, 86, 48, 89, 50, 69, 41, 53, 80, 4, 8, 34, 49, 52, 0, 13, 2, 66, 74]|[1, 1, 0, 1, 1, 1, 2, 1, 2, 1, 2, 2, 2, 1, 1, 0, 0, 1, 0, 2, 2, 0, 1, 2, 0, 1, 2, 2, 0, 0, 1, 2, 1, 2, 1, 0, 2, 0, 1, 1, 0, 1, 1, 1, 0, 2, 1, 1, 0, 0, 0, 0, 1, 1, 2, 1, 2, 0, 0, 0, 2, 1, 0, 1, 2, 1, 2, 1, 1, 1, 1, 1, 2, 0, 1, 1, 0, 0, 0, 1, 2, 1, 0, 0, 1, 0, 1, 0, 0, 0, 0, 1, 2, 0, 1, 0, 0, 0, 2, 2]|[4, 3, 2, 2, 0, 0, 2, 2, 2, 4, 1, 1, 2, 4, 4, 1, 1, 4, 2, 1, 1, 1, 1, 2, 1, 2, 1, 1, 1, 1, 3, 2, 3, 0, 4, 0, 1, 1, 0, 3, 2, 2, 4, 0, 1, 1, 0, 2, 0, 1, 2, 2, 1, 4, 0, 3, 2, 1, 1, 2, 1, 3, 1, 1, 1, 3, 0, 4, 3, 1, 4, 1, 1, 2, 4, 4, 2, 1, 1, 3, 1, 3, 1, 1, 1, 1, 3, 1, 2, 1, 2, 3, 1, 1, 1, 2, 2, 2, 1, 1]|[0, 2, 1, 1, 3, 3, 0, 1, 0, 0, 0, 0, 1, 0, 1, 0, 0, 3, 1, 0, 0, 0, 3, 1, 0, 2, 0, 0, 0, 1, 0, 0, 0, 0, 3, 0, 1, 0, 0, 2, 1, 1, 2, 0, 0, 0, 0, 1, 1, 0, 0, 0, 1, 3, 0, 0, 1, 0, 0, 1, 0, 2, 0, 1, 0, 2, 1, 0, 0, 1, 1, 3, 0, 1, 3, 3, 1, 0, 0, 2, 0, 0, 0, 0, 1, 0, 0, 0, 1, 0, 1, 2, 0, 1, 1, 0, 0, 0, 0, 0],790.0799945868791,57951.42221290124,88960.86369927591,false
38,G1_CMAX,G1_CMAX,[31, 22, 82, 15, 26, 99, 95, 42, 77, 12, 47, 5, 93, 78, 86, 54, 21, 63, 18, 44, 20, 35, 43, 97, 91, 76, 10, 30, 85, 45, 71, 64, 1, 23, 57, 83, 24, 14, 60, 36, 81, 17, 40, 88, 65, 56, 79, 94, 67, 68, 46, 75, 38, 9, 19, 32, 41, 6, 27, 87, 90, 58, 59, 11, 16, 72, 73, 70, 39, 37, 84, 3, 92, 25, 55, 28, 62, 29, 51, 7, 33, 61, 98, 48, 89, 50, 4, 96, 53, 80, 66, 8, 34, 49, 52, 0, 13, 2, 69, 74]|[1, 1, 0, 1, 1, 0, 1, 1, 2, 1, 2, 2, 2, 1, 1, 0, 0, 1, 0, 2, 2, 0, 1, 2, 0, 1, 2, 2, 0, 0, 1, 2, 1, 2, 1, 0, 2, 0, 1, 1, 0, 1, 1, 1, 0, 2, 1, 1, 0, 0, 0, 0, 1, 1, 2, 1, 2, 2, 0, 2, 1, 0, 1, 2, 1, 2, 1, 1, 1, 1, 1, 1, 0, 1, 2, 2, 0, 0, 2, 2, 2, 1, 2, 0, 1, 0, 1, 2, 0, 0, 2, 1, 2, 0, 1, 0, 0, 0, 1, 2]|[0, 3, 2, 2, 4, 1, 2, 3, 2, 4, 1, 1, 2, 4, 4, 1, 1, 4, 2, 1, 1, 1, 1, 2, 1, 2, 1, 1, 2, 1, 3, 2, 3, 0, 4, 0, 1, 1, 0, 3, 2, 2, 2, 0, 1, 1, 0, 4, 0, 1, 2, 2, 1, 4, 0, 3, 2, 2, 1, 1, 3, 1, 1, 1, 3, 0, 4, 3, 1, 4, 1, 1, 0, 4, 1, 1, 2, 1, 2, 1, 1, 3, 1, 1, 1, 1, 4, 1, 2, 1, 1, 3, 1, 1, 1, 2, 2, 2, 4, 1]|[0, 2, 1, 1, 3, 0, 1, 3, 0, 0, 0, 0, 1, 0, 1, 0, 0, 3, 1, 0, 0, 0, 3, 1, 0, 2, 0, 0, 0, 1, 0, 0, 0, 0, 3, 0, 1, 0, 0, 2, 1, 1, 1, 0, 0, 0, 0, 2, 1, 0, 0, 0, 1, 3, 0, 0, 1, 1, 0, 0, 2, 0, 1, 0, 2, 1, 0, 0, 1, 1, 3, 1, 1, 3, 0, 0, 1, 0, 1, 0, 0, 0, 0, 0, 1, 0, 0, 0, 1, 0, 0, 2, 0, 1, 1, 0, 0, 0, 2, 0],714.4485115867469,58161.785232764836,94013.66617097157,false
38,G4_BALANCED,G1_CMAX,[22, 82, 3, 58, 95, 42, 77, 47, 5, 93, 78, 12, 86, 54, 50, 63, 18, 44, 20, 35, 43, 97, 91, 76, 10, 30, 21, 45, 71, 64, 36, 23, 17, 83, 24, 14, 60, 1, 6, 40, 57, 90, 65, 56, 79, 94, 67, 68, 46, 75, 38, 9, 19, 32, 81, 41, 27, 62, 16, 55, 59, 89, 88, 87, 31, 72, 73, 70, 39, 37, 84, 92, 25, 11, 48, 15, 29, 51, 7, 33, 61, 98, 28, 99, 26, 85, 66, 96, 53, 80, 4, 8, 34, 49, 52, 2, 13, 0, 69, 74]|[1, 0, 1, 0, 1, 2, 2, 2, 2, 2, 1, 1, 1, 0, 0, 1, 0, 2, 2, 0, 1, 2, 0, 1, 2, 2, 0, 0, 1, 2, 1, 2, 1, 0, 2, 0, 1, 1, 0, 1, 1, 1, 0, 2, 1, 1, 0, 0, 0, 0, 1, 1, 2, 1, 2, 0, 0, 0, 1, 2, 1, 1, 1, 1, 1, 2, 1, 2, 1, 1, 1, 0, 1, 2, 2, 1, 0, 0, 1, 2, 1, 2, 0, 1, 1, 0, 0, 2, 0, 0, 1, 1, 2, 0, 1, 0, 0, 0, 1, 2]|[3, 2, 1, 1, 2, 1, 2, 1, 1, 2, 4, 4, 4, 1, 1, 4, 2, 1, 1, 1, 1, 2, 1, 2, 1, 1, 2, 1, 3, 2, 3, 1, 4, 1, 1, 1, 0, 3, 2, 2, 2, 3, 1, 1, 0, 4, 0, 1, 2, 2, 1, 4, 0, 3, 2, 1, 1, 2, 3, 1, 1, 1, 0, 3, 0, 0, 3, 0, 1, 4, 1, 0, 4, 1, 1, 4, 1, 1, 1, 1, 3, 1, 2, 1, 0, 2, 1, 1, 2, 1, 4, 3, 1, 1, 1, 2, 2, 2, 4, 1]|[3, 1, 2, 0, 1, 0, 0, 0, 0, 1, 0, 0, 1, 0, 0, 3, 1, 0, 0, 0, 3, 1, 0, 2, 0, 0, 0, 1, 0, 0, 2, 0, 3, 0, 1, 0, 0, 0, 1, 1, 1, 2, 0, 0, 0, 2, 1, 0, 0, 0, 1, 3, 0, 0, 1, 0, 0, 1, 2, 0, 1, 1, 0, 2, 0, 1, 0, 1, 1, 1, 1, 1, 3, 0, 0, 3, 0, 0, 2, 0, 0, 0, 1, 1, 3, 0, 0, 0, 1, 0, 0, 2, 0, 1, 1, 0, 0, 0, 2, 0],715.7913946700162,58060.95961022334,95287.06515100288,true
38,G2_TEC,G2_TEC,[31, 22, 82, 15, 26, 9, 95, 42, 77, 68, 47, 5, 93, 78, 86, 54, 85, 63, 18, 44, 20, 49, 36, 14, 74, 50, 53, 17, 21, 28, 11, 64, 3, 23, 30, 83, 24, 41, 40, 52, 65, 27, 90, 70, 39, 87, 48, 69, 99, 4, 75, 1, 13, 58, 97, 59, 45, 8, 73, 37, 35, 79, 71, 66, 76, 32, 60, 80, 56, 6, 67, 61, 33, 7, 57, 34, 12, 16, 10, 98, 96, 88, 43, 46, 91, 38, 84, 92, 29, 19, 51, 55, 81, 89, 25, 72, 94, 2, 0, 62]|[2, 1, 2, 1, 1, 2, 1, 1, 1, 1, 1, 0, 2, 2, 1, 2, 0, 0, 0, 2, 2, 1, 0, 2, 0, 2, 2, 1, 0, 1, 1, 1, 0, 0, 1, 0, 2, 1, 2, 2, 0, 0, 1, 1, 0, 2, 0, 2, 1, 0, 0, 2, 0, 0, 2, 0, 1, 1, 0, 0, 2, 1, 1, 2, 2, 0, 2, 2, 2, 1, 2, 1, 1, 2, 0, 1, 1, 2, 1, 2, 0, 1, 1, 0, 1, 0, 0, 0, 1, 1, 1, 0, 1, 1, 1, 1, 2, 2, 0, 1]|[0, 3, 0, 3, 4, 1, 4, 4, 2, 4, 3, 2, 1, 0, 2, 1, 1, 1, 2, 1, 1, 3, 0, 1, 0, 1, 1, 4, 1, 4, 3, 2, 2, 0, 4, 1, 1, 4, 1, 1, 2, 1, 4, 4, 1, 1, 0, 2, 3, 2, 2, 1, 2, 1, 1, 2, 4, 3, 0, 2, 2, 3, 3, 1, 1, 2, 1, 1, 1, 4, 1, 3, 4, 1, 2, 4, 3, 1, 3, 1, 2, 4, 4, 2, 3, 2, 2, 2, 3, 4, 3, 2, 4, 4, 4, 4, 1, 1, 2, 3]|[0, 2, 0, 0, 3, 0, 1, 3, 0, 0, 2, 0, 1, 0, 1, 0, 0, 0, 1, 0, 0, 2, 0, 0, 1, 0, 0, 3, 0, 1, 0, 2, 0, 0, 3, 0, 1, 1, 0, 0, 0, 0, 1, 3, 0, 0, 1, 0, 2, 0, 0, 0, 0, 0, 1, 0, 1, 0, 1, 1, 0, 2, 0, 0, 0, 0, 0, 0, 0, 2, 0, 0, 1, 0, 0, 1, 0, 0, 3, 0, 0, 1, 2, 0, 0, 0, 0, 0, 3, 1, 0, 0, 2, 1, 3, 1, 0, 0, 0, 0],908.8272556494078,49235.066718390466,107289.32240407266,false
38,G3_TWC,G3_TWC,[31, 22, 82, 15, 26, 58, 95, 42, 77, 12, 47, 5, 93, 78, 98, 54, 85, 63, 18, 44, 20, 35, 43, 97, 91, 76, 10, 30, 21, 45, 71, 64, 1, 23, 17, 83, 24, 14, 60, 36, 6, 57, 94, 88, 65, 56, 79, 40, 67, 68, 46, 75, 39, 9, 19, 32, 81, 96, 27, 62, 87, 90, 99, 59, 11, 16, 72, 73, 70, 38, 37, 84, 3, 92, 25, 55, 28, 29, 51, 7, 33, 61, 86, 48, 89, 50, 69, 41, 53, 80, 4, 8, 34, 49, 52, 0, 13, 2, 66, 74]|[1, 1, 0, 1, 1, 1, 2, 1, 2, 1, 2, 2, 2, 1, 1, 0, 0, 1, 0, 2, 2, 0, 1, 2, 0, 1, 2, 2, 0, 0, 1, 2, 1, 2, 1, 0, 2, 0, 1, 1, 0, 1, 1, 1, 0, 2, 1, 1, 0, 0, 0, 0, 1, 1, 2, 1, 2, 0, 0, 0, 2, 1, 0, 1, 2, 1, 2, 1, 1, 1, 1, 1, 2, 0, 1, 1, 0, 0, 0, 1, 2, 1, 0, 0, 1, 0, 1, 0, 0, 0, 0, 1, 2, 0, 1, 0, 0, 0, 2, 2]|[4, 3, 2, 2, 0, 0, 2, 2, 2, 4, 1, 1, 2, 4, 4, 1, 1, 4, 2, 1, 1, 1, 1, 2, 1, 2, 1, 1, 1, 1, 3, 2, 3, 0, 4, 0, 1, 1, 0, 3, 2, 2, 4, 0, 1, 1, 0, 2, 0, 1, 2, 2, 1, 4, 0, 3, 2, 1, 1, 2, 1, 3, 1, 1, 1, 3, 0, 4, 3, 1, 4, 1, 1, 2, 4, 4, 2, 1, 1, 3, 1, 3, 1, 1, 1, 1, 3, 1, 2, 1, 2, 3, 1, 1, 1, 2, 2, 2, 1, 1]|[0, 2, 1, 1, 3, 3, 0, 1, 0, 0, 0, 0, 1, 0, 1, 0, 0, 3, 1, 0, 0, 0, 3, 1, 0, 2, 0, 0, 0, 1, 0, 0, 0, 0, 3, 0, 1, 0, 0, 2, 1, 1, 2, 0, 0, 0, 0, 1, 1, 0, 0, 0, 1, 3, 0, 0, 1, 0, 0, 1, 0, 2, 0, 1, 0, 2, 1, 0, 0, 1, 1, 3, 0, 1, 3, 3, 1, 0, 0, 2, 0, 0, 0, 0, 1, 0, 0, 0, 1, 0, 1, 2, 0, 1, 1, 0, 0, 0, 0, 0],790.0799945868791,57951.42221290124,88960.86369927591,false
38,G1_CMAX,G1_CMAX,[31, 22, 82, 15, 26, 99, 95, 42, 77, 12, 47, 5, 93, 78, 86, 54, 21, 63, 18, 44, 20, 35, 43, 97, 91, 76, 10, 30, 85, 45, 71, 64, 1, 23, 57, 83, 24, 14, 60, 36, 81, 17, 40, 88, 65, 56, 79, 94, 67, 68, 46, 75, 38, 9, 19, 32, 41, 6, 27, 87, 90, 58, 59, 11, 16, 72, 73, 70, 39, 37, 84, 3, 92, 25, 55, 28, 62, 29, 51, 7, 33, 61, 98, 48, 89, 50, 4, 96, 53, 80, 66, 8, 34, 49, 52, 0, 13, 2, 69, 74]|[1, 1, 0, 1, 1, 0, 1, 1, 2, 1, 2, 2, 2, 1, 1, 0, 0, 1, 0, 2, 2, 0, 1, 2, 0, 1, 2, 2, 0, 0, 1, 2, 1, 2, 1, 0, 2, 0, 1, 1, 0, 1, 1, 1, 0, 2, 1, 1, 0, 0, 0, 0, 1, 1, 2, 1, 2, 2, 0, 2, 1, 0, 1, 2, 1, 2, 1, 1, 1, 1, 1, 1, 0, 1, 2, 2, 0, 0, 2, 2, 2, 1, 2, 0, 1, 0, 1, 2, 0, 0, 2, 1, 2, 0, 1, 0, 0, 0, 1, 2]|[0, 3, 2, 2, 4, 1, 2, 3, 2, 4, 1, 1, 2, 4, 4, 1, 1, 4, 2, 1, 1, 1, 1, 2, 1, 2, 1, 1, 2, 1, 3, 2, 3, 0, 4, 0, 1, 1, 0, 3, 2, 2, 2, 0, 1, 1, 0, 4, 0, 1, 2, 2, 1, 4, 0, 3, 2, 2, 1, 1, 3, 1, 1, 1, 3, 0, 4, 3, 1, 4, 1, 1, 0, 4, 1, 1, 2, 1, 2, 1, 1, 3, 1, 1, 1, 1, 4, 1, 2, 1, 1, 3, 1, 1, 1, 2, 2, 2, 4, 1]|[0, 2, 1, 1, 3, 0, 1, 3, 0, 0, 0, 0, 1, 0, 1, 0, 0, 3, 1, 0, 0, 0, 3, 1, 0, 2, 0, 0, 0, 1, 0, 0, 0, 0, 3, 0, 1, 0, 0, 2, 1, 1, 1, 0, 0, 0, 0, 2, 1, 0, 0, 0, 1, 3, 0, 0, 1, 1, 0, 0, 2, 0, 1, 0, 2, 1, 0, 0, 1, 1, 3, 1, 1, 3, 0, 0, 1, 0, 1, 0, 0, 0, 0, 0, 1, 0, 0, 0, 1, 0, 0, 2, 0, 1, 1, 0, 0, 0, 2, 0],714.4485115867469,58161.785232764836,94013.66617097157,false
38,G4_BALANCED,G1_CMAX,[22, 82, 3, 58, 95, 42, 77, 47, 5, 93, 78, 12, 86, 54, 50, 63, 18, 44, 20, 35, 43, 97, 91, 76, 10, 30, 21, 45, 71, 64, 36, 23, 17, 83, 24, 14, 60, 1, 6, 40, 57, 90, 65, 56, 79, 94, 67, 68, 46, 75, 38, 9, 19, 32, 81, 41, 27, 62, 16, 55, 59, 89, 88, 87, 31, 72, 73, 70, 39, 37, 84, 92, 25, 11, 48, 15, 29, 51, 7, 33, 61, 98, 28, 99, 26, 85, 66, 96, 53, 80, 4, 8, 34, 49, 52, 2, 13, 0, 69, 74]|[1, 0, 1, 0, 1, 2, 2, 2, 2, 2, 1, 1, 1, 0, 0, 1, 0, 2, 2, 0, 1, 2, 0, 1, 2, 2, 0, 0, 1, 2, 1, 2, 1, 0, 2, 0, 1, 1, 0, 1, 1, 1, 0, 2, 1, 1, 0, 0, 0, 0, 1, 1, 2, 1, 2, 0, 0, 0, 1, 2, 1, 1, 1, 1, 1, 2, 1, 2, 1, 1, 1, 0, 1, 2, 2, 1, 0, 0, 1, 2, 1, 2, 0, 1, 1, 0, 0, 2, 0, 0, 1, 1, 2, 0, 1, 0, 0, 0, 1, 2]|[3, 2, 1, 1, 2, 1, 2, 1, 1, 2, 4, 4, 4, 1, 1, 4, 2, 1, 1, 1, 1, 2, 1, 2, 1, 1, 2, 1, 3, 2, 3, 1, 4, 1, 1, 1, 0, 3, 2, 2, 2, 3, 1, 1, 0, 4, 0, 1, 2, 2, 1, 4, 0, 3, 2, 1, 1, 2, 3, 1, 1, 1, 0, 3, 0, 0, 3, 0, 1, 4, 1, 0, 4, 1, 1, 4, 1, 1, 1, 1, 3, 1, 2, 1, 0, 2, 1, 1, 2, 1, 4, 3, 1, 1, 1, 2, 2, 2, 4, 1]|[3, 1, 2, 0, 1, 0, 0, 0, 0, 1, 0, 0, 1, 0, 0, 3, 1, 0, 0, 0, 3, 1, 0, 2, 0, 0, 0, 1, 0, 0, 2, 0, 3, 0, 1, 0, 0, 0, 1, 1, 1, 2, 0, 0, 0, 2, 1, 0, 0, 0, 1, 3, 0, 0, 1, 0, 0, 1, 2, 0, 1, 1, 0, 2, 0, 1, 0, 1, 1, 1, 1, 1, 3, 0, 0, 3, 0, 0, 2, 0, 0, 0, 1, 1, 3, 0, 0, 0, 1, 0, 0, 2, 0, 1, 1, 0, 0, 0, 2, 0],715.7913946700162,58060.95961022334,95287.06515100288,true
38,G2_TEC,G2_TEC,[31, 22, 82, 15, 26, 9, 95, 42, 77, 68, 47, 5, 93, 78, 86, 54, 85, 63, 18, 44, 20, 49, 36, 14, 74, 50, 53, 17, 21, 28, 11, 64, 3, 23, 30, 83, 24, 41, 40, 52, 65, 27, 90, 70, 39, 87, 48, 69, 99, 4, 75, 1, 13, 58, 97, 59, 45, 8, 73, 37, 35, 79, 71, 66, 76, 32, 60, 80, 56, 6, 67, 61, 33, 7, 57, 34, 12, 16, 10, 98, 96, 88, 43, 46, 91, 38, 84, 92, 29, 19, 51, 55, 81, 89, 25, 72, 94, 2, 0, 62]|[2, 1, 2, 1, 1, 2, 1, 1, 1, 1, 1, 0, 2, 2, 1, 2, 0, 0, 0, 2, 2, 1, 0, 2, 0, 2, 2, 1, 0, 1, 1, 1, 0, 0, 1, 0, 2, 1, 2, 2, 0, 0, 1, 1, 0, 2, 0, 2, 1, 0, 0, 2, 0, 0, 2, 0, 1, 1, 0, 0, 2, 1, 1, 2, 2, 0, 2, 2, 2, 1, 2, 1, 1, 2, 0, 1, 1, 2, 1, 2, 0, 1, 1, 0, 1, 0, 0, 0, 1, 1, 1, 0, 1, 1, 1, 1, 2, 2, 0, 1]|[0, 3, 0, 3, 4, 1, 4, 4, 2, 4, 3, 2, 1, 0, 2, 1, 1, 1, 2, 1, 1, 3, 0, 1, 0, 1, 1, 4, 1, 4, 3, 2, 2, 0, 4, 1, 1, 4, 1, 1, 2, 1, 4, 4, 1, 1, 0, 2, 3, 2, 2, 1, 2, 1, 1, 2, 4, 3, 0, 2, 2, 3, 3, 1, 1, 2, 1, 1, 1, 4, 1, 3, 4, 1, 2, 4, 3, 1, 3, 1, 2, 4, 4, 2, 3, 2, 2, 2, 3, 4, 3, 2, 4, 4, 4, 4, 1, 1, 2, 3]|[0, 2, 0, 0, 3, 0, 1, 3, 0, 0, 2, 0, 1, 0, 1, 0, 0, 0, 1, 0, 0, 2, 0, 0, 1, 0, 0, 3, 0, 1, 0, 2, 0, 0, 3, 0, 1, 1, 0, 0, 0, 0, 1, 3, 0, 0, 1, 0, 2, 0, 0, 0, 0, 0, 1, 0, 1, 0, 1, 1, 0, 2, 0, 0, 0, 0, 0, 0, 0, 2, 0, 0, 1, 0, 0, 1, 0, 0, 3, 0, 0, 1, 2, 0, 0, 0, 0, 0, 3, 1, 0, 0, 2, 1, 3, 1, 0, 0, 0, 0],908.8272556494078,49235.066718390466,107289.32240407266,false
38,G3_TWC,G3_TWC,[31, 22, 82, 15, 26, 58, 95, 42, 77, 12, 47, 5, 93, 78, 98, 54, 85, 63, 18, 44, 20, 35, 43, 97, 91, 76, 10, 30, 21, 45, 71, 64, 1, 23, 17, 83, 24, 14, 60, 36, 6, 57, 94, 88, 65, 56, 79, 40, 67, 68, 46, 75, 39, 9, 19, 32, 81, 96, 27, 62, 87, 90, 99, 59, 11, 16, 72, 73, 70, 38, 37, 84, 3, 92, 25, 55, 28, 29, 51, 7, 33, 61, 86, 48, 89, 50, 69, 41, 53, 80, 4, 8, 34, 49, 52, 0, 13, 2, 66, 74]|[1, 1, 0, 1, 1, 1, 2, 1, 2, 1, 2, 2, 2, 1, 1, 0, 0, 1, 0, 2, 2, 0, 1, 2, 0, 1, 2, 2, 0, 0, 1, 2, 1, 2, 1, 0, 2, 0, 1, 1, 0, 1, 1, 1, 0, 2, 1, 1, 0, 0, 0, 0, 1, 1, 2, 1, 2, 0, 0, 0, 2, 1, 0, 1, 2, 1, 2, 1, 1, 1, 1, 1, 2, 0, 1, 1, 0, 0, 0, 1, 2, 1, 0, 0, 1, 0, 1, 0, 0, 0, 0, 1, 2, 0, 1, 0, 0, 0, 2, 2]|[4, 3, 2, 2, 0, 0, 2, 2, 2, 4, 1, 1, 2, 4, 4, 1, 1, 4, 2, 1, 1, 1, 1, 2, 1, 2, 1, 1, 1, 1, 3, 2, 3, 0, 4, 0, 1, 1, 0, 3, 2, 2, 4, 0, 1, 1, 0, 2, 0, 1, 2, 2, 1, 4, 0, 3, 2, 1, 1, 2, 1, 3, 1, 1, 1, 3, 0, 4, 3, 1, 4, 1, 1, 2, 4, 4, 2, 1, 1, 3, 1, 3, 1, 1, 1, 1, 3, 1, 2, 1, 2, 3, 1, 1, 1, 2, 2, 2, 1, 1]|[0, 2, 1, 1, 3, 3, 0, 1, 0, 0, 0, 0, 1, 0, 1, 0, 0, 3, 1, 0, 0, 0, 3, 1, 0, 2, 0, 0, 0, 1, 0, 0, 0, 0, 3, 0, 1, 0, 0, 2, 1, 1, 2, 0, 0, 0, 0, 1, 1, 0, 0, 0, 1, 3, 0, 0, 1, 0, 0, 1, 0, 2, 0, 1, 0, 2, 1, 0, 0, 1, 1, 3, 0, 1, 3, 3, 1, 0, 0, 2, 0, 0, 0, 0, 1, 0, 0, 0, 1, 0, 1, 2, 0, 1, 1, 0, 0, 0, 0, 0],790.0799945868791,57951.42221290124,88960.86369927591,false
38,G1_CMAX,G1_CMAX,[31, 22, 82, 15, 26, 99, 95, 42, 77, 12, 47, 5, 93, 78, 86, 54, 21, 63, 18, 44, 20, 35, 43, 97, 91, 76, 10, 30, 85, 45, 71, 64, 1, 23, 57, 83, 24, 14, 60, 36, 81, 17, 40, 88, 65, 56, 79, 94, 67, 68, 46, 75, 38, 9, 19, 32, 41, 6, 27, 87, 90, 58, 59, 11, 16, 72, 73, 70, 39, 37, 84, 3, 92, 25, 55, 28, 62, 29, 51, 7, 33, 61, 98, 48, 89, 50, 4, 96, 53, 80, 66, 8, 34, 49, 52, 0, 13, 2, 69, 74]|[1, 1, 0, 1, 1, 0, 1, 1, 2, 1, 2, 2, 2, 1, 1, 0, 0, 1, 0, 2, 2, 0, 1, 2, 0, 1, 2, 2, 0, 0, 1, 2, 1, 2, 1, 0, 2, 0, 1, 1, 0, 1, 1, 1, 0, 2, 1, 1, 0, 0, 0, 0, 1, 1, 2, 1, 2, 2, 0, 2, 1, 0, 1, 2, 1, 2, 1, 1, 1, 1, 1, 1, 0, 1, 2, 2, 0, 0, 2, 2, 2, 1, 2, 0, 1, 0, 1, 2, 0, 0, 2, 1, 2, 0, 1, 0, 0, 0, 1, 2]|[0, 3, 2, 2, 4, 1, 2, 3, 2, 4, 1, 1, 2, 4, 4, 1, 1, 4, 2, 1, 1, 1, 1, 2, 1, 2, 1, 1, 2, 1, 3, 2, 3, 0, 4, 0, 1, 1, 0, 3, 2, 2, 2, 0, 1, 1, 0, 4, 0, 1, 2, 2, 1, 4, 0, 3, 2, 2, 1, 1, 3, 1, 1, 1, 3, 0, 4, 3, 1, 4, 1, 1, 0, 4, 1, 1, 2, 1, 2, 1, 1, 3, 1, 1, 1, 1, 4, 1, 2, 1, 1, 3, 1, 1, 1, 2, 2, 2, 4, 1]|[0, 2, 1, 1, 3, 0, 1, 3, 0, 0, 0, 0, 1, 0, 1, 0, 0, 3, 1, 0, 0, 0, 3, 1, 0, 2, 0, 0, 0, 1, 0, 0, 0, 0, 3, 0, 1, 0, 0, 2, 1, 1, 1, 0, 0, 0, 0, 2, 1, 0, 0, 0, 1, 3, 0, 0, 1, 1, 0, 0, 2, 0, 1, 0, 2, 1, 0, 0, 1, 1, 3, 1, 1, 3, 0, 0, 1, 0, 1, 0, 0, 0, 0, 0, 1, 0, 0, 0, 1, 0, 0, 2, 0, 1, 1, 0, 0, 0, 2, 0],714.4485115867469,58161.785232764836,94013.66617097157,false
38,G4_BALANCED,G1_CMAX,[22, 82, 3, 58, 95, 42, 77, 47, 5, 93, 78, 12, 86, 54, 50, 63, 18, 44, 20, 35, 43, 97, 91, 76, 10, 30, 21, 45, 71, 64, 36, 23, 17, 83, 24, 14, 60, 1, 6, 40, 57, 90, 65, 56, 79, 94, 67, 68, 46, 75, 38, 9, 19, 32, 81, 41, 27, 62, 16, 55, 59, 89, 88, 87, 31, 72, 73, 70, 39, 37, 84, 92, 25, 11, 48, 15, 29, 51, 7, 33, 61, 98, 28, 99, 26, 85, 66, 96, 53, 80, 4, 8, 34, 49, 52, 2, 13, 0, 69, 74]|[1, 0, 1, 0, 1, 2, 2, 2, 2, 2, 1, 1, 1, 0, 0, 1, 0, 2, 2, 0, 1, 2, 0, 1, 2, 2, 0, 0, 1, 2, 1, 2, 1, 0, 2, 0, 1, 1, 0, 1, 1, 1, 0, 2, 1, 1, 0, 0, 0, 0, 1, 1, 2, 1, 2, 0, 0, 0, 1, 2, 1, 1, 1, 1, 1, 2, 1, 2, 1, 1, 1, 0, 1, 2, 2, 1, 0, 0, 1, 2, 1, 2, 0, 1, 1, 0, 0, 2, 0, 0, 1, 1, 2, 0, 1, 0, 0, 0, 1, 2]|[3, 2, 1, 1, 2, 1, 2, 1, 1, 2, 4, 4, 4, 1, 1, 4, 2, 1, 1, 1, 1, 2, 1, 2, 1, 1, 2, 1, 3, 2, 3, 1, 4, 1, 1, 1, 0, 3, 2, 2, 2, 3, 1, 1, 0, 4, 0, 1, 2, 2, 1, 4, 0, 3, 2, 1, 1, 2, 3, 1, 1, 1, 0, 3, 0, 0, 3, 0, 1, 4, 1, 0, 4, 1, 1, 4, 1, 1, 1, 1, 3, 1, 2, 1, 0, 2, 1, 1, 2, 1, 4, 3, 1, 1, 1, 2, 2, 2, 4, 1]|[3, 1, 2, 0, 1, 0, 0, 0, 0, 1, 0, 0, 1, 0, 0, 3, 1, 0, 0, 0, 3, 1, 0, 2, 0, 0, 0, 1, 0, 0, 2, 0, 3, 0, 1, 0, 0, 0, 1, 1, 1, 2, 0, 0, 0, 2, 1, 0, 0, 0, 1, 3, 0, 0, 1, 0, 0, 1, 2, 0, 1, 1, 0, 2, 0, 1, 0, 1, 1, 1, 1, 1, 3, 0, 0, 3, 0, 0, 2, 0, 0, 0, 1, 1, 3, 0, 0, 0, 1, 0, 0, 2, 0, 1, 1, 0, 0, 0, 2, 0],715.7913946700162,58060.95961022334,95287.06515100288,true
38,G2_TEC,G2_TEC,[31, 22, 82, 15, 26, 9, 95, 42, 77, 68, 47, 5, 93, 78, 86, 54, 85, 63, 18, 44, 20, 49, 36, 14, 74, 50, 53, 17, 21, 28, 11, 64, 3, 23, 30, 83, 24, 41, 40, 52, 65, 27, 90, 70, 39, 87, 48, 69, 99, 4, 75, 1, 13, 58, 97, 59, 45, 8, 73, 37, 35, 79, 71, 66, 76, 32, 60, 80, 56, 6, 67, 61, 33, 7, 57, 34, 12, 16, 10, 98, 96, 88, 43, 46, 91, 38, 84, 92, 29, 19, 51, 55, 81, 89, 25, 72, 94, 2, 0, 62]|[2, 1, 2, 1, 1, 2, 1, 1, 1, 1, 1, 0, 2, 2, 1, 2, 0, 0, 0, 2, 2, 1, 0, 2, 0, 2, 2, 1, 0, 1, 1, 1, 0, 0, 1, 0, 2, 1, 2, 2, 0, 0, 1, 1, 0, 2, 0, 2, 1, 0, 0, 2, 0, 0, 2, 0, 1, 1, 0, 0, 2, 1, 1, 2, 2, 0, 2, 2, 2, 1, 2, 1, 1, 2, 0, 1, 1, 2, 1, 2, 0, 1, 1, 0, 1, 0, 0, 0, 1, 1, 1, 0, 1, 1, 1, 1, 2, 2, 0, 1]|[0, 3, 0, 3, 4, 1, 4, 4, 2, 4, 3, 2, 1, 0, 2, 1, 1, 1, 2, 1, 1, 3, 0, 1, 0, 1, 1, 4, 1, 4, 3, 2, 2, 0, 4, 1, 1, 4, 1, 1, 2, 1, 4, 4, 1, 1, 0, 2, 3, 2, 2, 1, 2, 1, 1, 2, 4, 3, 0, 2, 2, 3, 3, 1, 1, 2, 1, 1, 1, 4, 1, 3, 4, 1, 2, 4, 3, 1, 3, 1, 2, 4, 4, 2, 3, 2, 2, 2, 3, 4, 3, 2, 4, 4, 4, 4, 1, 1, 2, 3]|[0, 2, 0, 0, 3, 0, 1, 3, 0, 0, 2, 0, 1, 0, 1, 0, 0, 0, 1, 0, 0, 2, 0, 0, 1, 0, 0, 3, 0, 1, 0, 2, 0, 0, 3, 0, 1, 1, 0, 0, 0, 0, 1, 3, 0, 0, 1, 0, 2, 0, 0, 0, 0, 0, 1, 0, 1, 0, 1, 1, 0, 2, 0, 0, 0, 0, 0, 0, 0, 2, 0, 0, 1, 0, 0, 1, 0, 0, 3, 0, 0, 1, 2, 0, 0, 0, 0, 0, 3, 1, 0, 0, 2, 1, 3, 1, 0, 0, 0, 0],908.8272556494078,49235.066718390466,107289.32240407266,false
38,G3_TWC,G3_TWC,[31, 22, 82, 15, 26, 58, 95, 42, 77, 12, 47, 5, 93, 78, 98, 54, 85, 63, 18, 44, 20, 35, 43, 97, 91, 76, 10, 30, 21, 45, 71, 64, 1, 23, 17, 83, 24, 14, 60, 36, 6, 57, 94, 88, 65, 56, 79, 40, 67, 68, 46, 75, 39, 9, 19, 32, 81, 96, 27, 62, 87, 90, 99, 59, 11, 16, 72, 73, 70, 38, 37, 84, 3, 92, 25, 55, 28, 29, 51, 7, 33, 61, 86, 48, 89, 50, 69, 41, 53, 80, 4, 8, 34, 49, 52, 0, 13, 2, 66, 74]|[1, 1, 0, 1, 1, 1, 2, 1, 2, 1, 2, 2, 2, 1, 1, 0, 0, 1, 0, 2, 2, 0, 1, 2, 0, 1, 2, 2, 0, 0, 1, 2, 1, 2, 1, 0, 2, 0, 1, 1, 0, 1, 1, 1, 0, 2, 1, 1, 0, 0, 0, 0, 1, 1, 2, 1, 2, 0, 0, 0, 2, 1, 0, 1, 2, 1, 2, 1, 1, 1, 1, 1, 2, 0, 1, 1, 0, 0, 0, 1, 2, 1, 0, 0, 1, 0, 1, 0, 0, 0, 0, 1, 2, 0, 1, 0, 0, 0, 2, 2]|[4, 3, 2, 2, 0, 0, 2, 2, 2, 4, 1, 1, 2, 4, 4, 1, 1, 4, 2, 1, 1, 1, 1, 2, 1, 2, 1, 1, 1, 1, 3, 2, 3, 0, 4, 0, 1, 1, 0, 3, 2, 2, 4, 0, 1, 1, 0, 2, 0, 1, 2, 2, 1, 4, 0, 3, 2, 1, 1, 2, 1, 3, 1, 1, 1, 3, 0, 4, 3, 1, 4, 1, 1, 2, 4, 4, 2, 1, 1, 3, 1, 3, 1, 1, 1, 1, 3, 1, 2, 1, 2, 3, 1, 1, 1, 2, 2, 2, 1, 1]|[0, 2, 1, 1, 3, 3, 0, 1, 0, 0, 0, 0, 1, 0, 1, 0, 0, 3, 1, 0, 0, 0, 3, 1, 0, 2, 0, 0, 0, 1, 0, 0, 0, 0, 3, 0, 1, 0, 0, 2, 1, 1, 2, 0, 0, 0, 0, 1, 1, 0, 0, 0, 1, 3, 0, 0, 1, 0, 0, 1, 0, 2, 0, 1, 0, 2, 1, 0, 0, 1, 1, 3, 0, 1, 3, 3, 1, 0, 0, 2, 0, 0, 0, 0, 1, 0, 0, 0, 1, 0, 1, 2, 0, 1, 1, 0, 0, 0, 0, 0],790.0799945868791,57951.42221290124,88960.86369927591,false
38,G1_CMAX,G1_CMAX,[31, 22, 82, 15, 26, 99, 95, 42, 77, 12, 47, 5, 93, 78, 86, 54, 21, 63, 18, 44, 20, 35, 43, 97, 91, 76, 10, 30, 85, 45, 71, 64, 1, 23, 57, 83, 24, 14, 60, 36, 81, 17, 40, 88, 65, 56, 79, 94, 67, 68, 46, 75, 38, 9, 19, 32, 41, 6, 27, 87, 90, 58, 59, 11, 16, 72, 73, 70, 39, 37, 84, 3, 92, 25, 55, 28, 62, 29, 51, 7, 33, 61, 98, 48, 89, 50, 4, 96, 53, 80, 66, 8, 34, 49, 52, 0, 13, 2, 69, 74]|[1, 1, 0, 1, 1, 0, 1, 1, 2, 1, 2, 2, 2, 1, 1, 0, 0, 1, 0, 2, 2, 0, 1, 2, 0, 1, 2, 2, 0, 0, 1, 2, 1, 2, 1, 0, 2, 0, 1, 1, 0, 1, 1, 1, 0, 2, 1, 1, 0, 0, 0, 0, 1, 1, 2, 1, 2, 2, 0, 2, 1, 0, 1, 2, 1, 2, 1, 1, 1, 1, 1, 1, 0, 1, 2, 2, 0, 0, 2, 2, 2, 1, 2, 0, 1, 0, 1, 2, 0, 0, 2, 1, 2, 0, 1, 0, 0, 0, 1, 2]|[0, 3, 2, 2, 4, 1, 2, 3, 2, 4, 1, 1, 2, 4, 4, 1, 1, 4, 2, 1, 1, 1, 1, 2, 1, 2, 1, 1, 2, 1, 3, 2, 3, 0, 4, 0, 1, 1, 0, 3, 2, 2, 2, 0, 1, 1, 0, 4, 0, 1, 2, 2, 1, 4, 0, 3, 2, 2, 1, 1, 3, 1, 1, 1, 3, 0, 4, 3, 1, 4, 1, 1, 0, 4, 1, 1, 2, 1, 2, 1, 1, 3, 1, 1, 1, 1, 4, 1, 2, 1, 1, 3, 1, 1, 1, 2, 2, 2, 4, 1]|[0, 2, 1, 1, 3, 0, 1, 3, 0, 0, 0, 0, 1, 0, 1, 0, 0, 3, 1, 0, 0, 0, 3, 1, 0, 2, 0, 0, 0, 1, 0, 0, 0, 0, 3, 0, 1, 0, 0, 2, 1, 1, 1, 0, 0, 0, 0, 2, 1, 0, 0, 0, 1, 3, 0, 0, 1, 1, 0, 0, 2, 0, 1, 0, 2, 1, 0, 0, 1, 1, 3, 1, 1, 3, 0, 0, 1, 0, 1, 0, 0, 0, 0, 0, 1, 0, 0, 0, 1, 0, 0, 2, 0, 1, 1, 0, 0, 0, 2, 0],714.4485115867469,58161.785232764836,94013.66617097157,false
38,G4_BALANCED,G1_CMAX,[22, 82, 3, 58, 95, 42, 77, 47, 5, 93, 78, 12, 86, 54, 50, 63, 18, 44, 20, 35, 43, 97, 91, 76, 10, 30, 21, 45, 71, 64, 36, 23, 17, 83, 24, 14, 60, 1, 6, 40, 57, 90, 65, 56, 79, 94, 67, 68, 46, 75, 38, 9, 19, 32, 81, 41, 27, 62, 16, 55, 59, 89, 88, 87, 31, 72, 73, 70, 39, 37, 84, 92, 25, 11, 48, 15, 29, 51, 7, 33, 61, 98, 28, 99, 26, 85, 66, 96, 53, 80, 4, 8, 34, 49, 52, 2, 13, 0, 69, 74]|[1, 0, 1, 0, 1, 2, 2, 2, 2, 2, 1, 1, 1, 0, 0, 1, 0, 2, 2, 0, 1, 2, 0, 1, 2, 2, 0, 0, 1, 2, 1, 2, 1, 0, 2, 0, 1, 1, 0, 1, 1, 1, 0, 2, 1, 1, 0, 0, 0, 0, 1, 1, 2, 1, 2, 0, 0, 0, 1, 2, 1, 1, 1, 1, 1, 2, 1, 2, 1, 1, 1, 0, 1, 2, 2, 1, 0, 0, 1, 2, 1, 2, 0, 1, 1, 0, 0, 2, 0, 0, 1, 1, 2, 0, 1, 0, 0, 0, 1, 2]|[3, 2, 1, 1, 2, 1, 2, 1, 1, 2, 4, 4, 4, 1, 1, 4, 2, 1, 1, 1, 1, 2, 1, 2, 1, 1, 2, 1, 3, 2, 3, 1, 4, 1, 1, 1, 0, 3, 2, 2, 2, 3, 1, 1, 0, 4, 0, 1, 2, 2, 1, 4, 0, 3, 2, 1, 1, 2, 3, 1, 1, 1, 0, 3, 0, 0, 3, 0, 1, 4, 1, 0, 4, 1, 1, 4, 1, 1, 1, 1, 3, 1, 2, 1, 0, 2, 1, 1, 2, 1, 4, 3, 1, 1, 1, 2, 2, 2, 4, 1]|[3, 1, 2, 0, 1, 0, 0, 0, 0, 1, 0, 0, 1, 0, 0, 3, 1, 0, 0, 0, 3, 1, 0, 2, 0, 0, 0, 1, 0, 0, 2, 0, 3, 0, 1, 0, 0, 0, 1, 1, 1, 2, 0, 0, 0, 2, 1, 0, 0, 0, 1, 3, 0, 0, 1, 0, 0, 1, 2, 0, 1, 1, 0, 2, 0, 1, 0, 1, 1, 1, 1, 1, 3, 0, 0, 3, 0, 0, 2, 0, 0, 0, 1, 1, 3, 0, 0, 0, 1, 0, 0, 2, 0, 1, 1, 0, 0, 0, 2, 0],715.7913946700162,58060.95961022334,95287.06515100288,true
38,G2_TEC,G2_TEC,[31, 22, 82, 15, 26, 9, 95, 42, 77, 68, 47, 5, 93, 78, 86, 54, 85, 63, 18, 44, 20, 49, 36, 14, 74, 50, 53, 17, 21, 28, 11, 64, 3, 23, 30, 83, 24, 41, 40, 52, 65, 27, 90, 70, 39, 87, 48, 69, 99, 4, 75, 1, 13, 58, 97, 59, 45, 8, 73, 37, 35, 79, 71, 66, 76, 32, 60, 80, 56, 6, 67, 61, 33, 7, 57, 34, 12, 16, 10, 98, 96, 88, 43, 46, 91, 38, 84, 92, 29, 19, 51, 55, 81, 89, 25, 72, 94, 2, 0, 62]|[2, 1, 2, 1, 1, 2, 1, 1, 1, 1, 1, 0, 2, 2, 1, 2, 0, 0, 0, 2, 2, 1, 0, 2, 0, 2, 2, 1, 0, 1, 1, 1, 0, 0, 1, 0, 2, 1, 2, 2, 0, 0, 1, 1, 0, 2, 0, 2, 1, 0, 0, 2, 0, 0, 2, 0, 1, 1, 0, 0, 2, 1, 1, 2, 2, 0, 2, 2, 2, 1, 2, 1, 1, 2, 0, 1, 1, 2, 1, 2, 0, 1, 1, 0, 1, 0, 0, 0, 1, 1, 1, 0, 1, 1, 1, 1, 2, 2, 0, 1]|[0, 3, 0, 3, 4, 1, 4, 4, 2, 4, 3, 2, 1, 0, 2, 1, 1, 1, 2, 1, 1, 3, 0, 1, 0, 1, 1, 4, 1, 4, 3, 2, 2, 0, 4, 1, 1, 4, 1, 1, 2, 1, 4, 4, 1, 1, 0, 2, 3, 2, 2, 1, 2, 1, 1, 2, 4, 3, 0, 2, 2, 3, 3, 1, 1, 2, 1, 1, 1, 4, 1, 3, 4, 1, 2, 4, 3, 1, 3, 1, 2, 4, 4, 2, 3, 2, 2, 2, 3, 4, 3, 2, 4, 4, 4, 4, 1, 1, 2, 3]|[0, 2, 0, 0, 3, 0, 1, 3, 0, 0, 2, 0, 1, 0, 1, 0, 0, 0, 1, 0, 0, 2, 0, 0, 1, 0, 0, 3, 0, 1, 0, 2, 0, 0, 3, 0, 1, 1, 0, 0, 0, 0, 1, 3, 0, 0, 1, 0, 2, 0, 0, 0, 0, 0, 1, 0, 1, 0, 1, 1, 0, 2, 0, 0, 0, 0, 0, 0, 0, 2, 0, 0, 1, 0, 0, 1, 0, 0, 3, 0, 0, 1, 2, 0, 0, 0, 0, 0, 3, 1, 0, 0, 2, 1, 3, 1, 0, 0, 0, 0],908.8272556494078,49235.066718390466,107289.32240407266,false
38,G3_TWC,G3_TWC,[31, 22, 82, 15, 26, 58, 95, 42, 77, 12, 47, 5, 93, 78, 98, 54, 85, 63, 18, 44, 20, 35, 43, 97, 91, 76, 10, 30, 21, 45, 71, 64, 1, 23, 17, 83, 24, 14, 60, 36, 6, 57, 94, 88, 65, 56, 79, 40, 67, 68, 46, 75, 39, 9, 19, 32, 81, 96, 27, 62, 87, 90, 99, 59, 11, 16, 72, 73, 70, 38, 37, 84, 3, 92, 25, 55, 28, 29, 51, 7, 33, 61, 86, 48, 89, 50, 69, 41, 53, 80, 4, 8, 34, 49, 52, 0, 13, 2, 66, 74]|[1, 1, 0, 1, 1, 1, 2, 1, 2, 1, 2, 2, 2, 1, 1, 0, 0, 1, 0, 2, 2, 0, 1, 2, 0, 1, 2, 2, 0, 0, 1, 2, 1, 2, 1, 0, 2, 0, 1, 1, 0, 1, 1, 1, 0, 2, 1, 1, 0, 0, 0, 0, 1, 1, 2, 1, 2, 0, 0, 0, 2, 1, 0, 1, 2, 1, 2, 1, 1, 1, 1, 1, 2, 0, 1, 1, 0, 0, 0, 1, 2, 1, 0, 0, 1, 0, 1, 0, 0, 0, 0, 1, 2, 0, 1, 0, 0, 0, 2, 2]|[4, 3, 2, 2, 0, 0, 2, 2, 2, 4, 1, 1, 2, 4, 4, 1, 1, 4, 2, 1, 1, 1, 1, 2, 1, 2, 1, 1, 1, 1, 3, 2, 3, 0, 4, 0, 1, 1, 0, 3, 2, 2, 4, 0, 1, 1, 0, 2, 0, 1, 2, 2, 1, 4, 0, 3, 2, 1, 1, 2, 1, 3, 1, 1, 1, 3, 0, 4, 3, 1, 4, 1, 1, 2, 4, 4, 2, 1, 1, 3, 1, 3, 1, 1, 1, 1, 3, 1, 2, 1, 2, 3, 1, 1, 1, 2, 2, 2, 1, 1]|[0, 2, 1, 1, 3, 3, 0, 1, 0, 0, 0, 0, 1, 0, 1, 0, 0, 3, 1, 0, 0, 0, 3, 1, 0, 2, 0, 0, 0, 1, 0, 0, 0, 0, 3, 0, 1, 0, 0, 2, 1, 1, 2, 0, 0, 0, 0, 1, 1, 0, 0, 0, 1, 3, 0, 0, 1, 0, 0, 1, 0, 2, 0, 1, 0, 2, 1, 0, 0, 1, 1, 3, 0, 1, 3, 3, 1, 0, 0, 2, 0, 0, 0, 0, 1, 0, 0, 0, 1, 0, 1, 2, 0, 1, 1, 0, 0, 0, 0, 0],790.0799945868791,57951.42221290124,88960.86369927591,false
38,G1_CMAX,G1_CMAX,[31, 22, 82, 15, 26, 99, 95, 42, 77, 12, 47, 5, 93, 78, 86, 54, 21, 63, 18, 44, 20, 35, 43, 97, 91, 76, 10, 30, 85, 45, 71, 64, 1, 23, 57, 83, 24, 14, 60, 36, 81, 17, 40, 88, 65, 56, 79, 94, 67, 68, 46, 75, 38, 9, 19, 32, 41, 6, 27, 87, 90, 58, 59, 11, 16, 72, 73, 70, 39, 37, 84, 3, 92, 25, 55, 28, 62, 29, 51, 7, 33, 61, 98, 48, 89, 50, 4, 96, 53, 80, 66, 8, 34, 49, 52, 0, 13, 2, 69, 74]|[1, 1, 0, 1, 1, 0, 1, 1, 2, 1, 2, 2, 2, 1, 1, 0, 0, 1, 0, 2, 2, 0, 1, 2, 0, 1, 2, 2, 0, 0, 1, 2, 1, 2, 1, 0, 2, 0, 1, 1, 0, 1, 1, 1, 0, 2, 1, 1, 0, 0, 0, 0, 1, 1, 2, 1, 2, 2, 0, 2, 1, 0, 1, 2, 1, 2, 1, 1, 1, 1, 1, 1, 0, 1, 2, 2, 0, 0, 2, 2, 2, 1, 2, 0, 1, 0, 1, 2, 0, 0, 2, 1, 2, 0, 1, 0, 0, 0, 1, 2]|[0, 3, 2, 2, 4, 1, 2, 3, 2, 4, 1, 1, 2, 4, 4, 1, 1, 4, 2, 1, 1, 1, 1, 2, 1, 2, 1, 1, 2, 1, 3, 2, 3, 0, 4, 0, 1, 1, 0, 3, 2, 2, 2, 0, 1, 1, 0, 4, 0, 1, 2, 2, 1, 4, 0, 3, 2, 2, 1, 1, 3, 1, 1, 1, 3, 0, 4, 3, 1, 4, 1, 1, 0, 4, 1, 1, 2, 1, 2, 1, 1, 3, 1, 1, 1, 1, 4, 1, 2, 1, 1, 3, 1, 1, 1, 2, 2, 2, 4, 1]|[0, 2, 1, 1, 3, 0, 1, 3, 0, 0, 0, 0, 1, 0, 1, 0, 0, 3, 1, 0, 0, 0, 3, 1, 0, 2, 0, 0, 0, 1, 0, 0, 0, 0, 3, 0, 1, 0, 0, 2, 1, 1, 1, 0, 0, 0, 0, 2, 1, 0, 0, 0, 1, 3, 0, 0, 1, 1, 0, 0, 2, 0, 1, 0, 2, 1, 0, 0, 1, 1, 3, 1, 1, 3, 0, 0, 1, 0, 1, 0, 0, 0, 0, 0, 1, 0, 0, 0, 1, 0, 0, 2, 0, 1, 1, 0, 0, 0, 2, 0],714.4485115867469,58161.785232764836,94013.66617097157,false
38,G4_BALANCED,G1_CMAX,[22, 82, 3, 58, 95, 42, 77, 47, 5, 93, 78, 12, 86, 54, 50, 63, 18, 44, 20, 35, 43, 97, 91, 76, 10, 30, 21, 45, 71, 64, 36, 23, 17, 83, 24, 14, 60, 1, 6, 40, 57, 90, 65, 56, 79, 94, 67, 68, 46, 75, 38, 9, 19, 32, 81, 41, 27, 62, 16, 55, 59, 89, 88, 87, 31, 72, 73, 70, 39, 37, 84, 92, 25, 11, 48, 15, 29, 51, 7, 33, 61, 98, 28, 99, 26, 85, 66, 96, 53, 80, 4, 8, 34, 49, 52, 2, 13, 0, 69, 74]|[1, 0, 1, 0, 1, 2, 2, 2, 2, 2, 1, 1, 1, 0, 0, 1, 0, 2, 2, 0, 1, 2, 0, 1, 2, 2, 0, 0, 1, 2, 1, 2, 1, 0, 2, 0, 1, 1, 0, 1, 1, 1, 0, 2, 1, 1, 0, 0, 0, 0, 1, 1, 2, 1, 2, 0, 0, 0, 1, 2, 1, 1, 1, 1, 1, 2, 1, 2, 1, 1, 1, 0, 1, 2, 2, 1, 0, 0, 1, 2, 1, 2, 0, 1, 1, 0, 0, 2, 0, 0, 1, 1, 2, 0, 1, 0, 0, 0, 1, 2]|[3, 2, 1, 1, 2, 1, 2, 1, 1, 2, 4, 4, 4, 1, 1, 4, 2, 1, 1, 1, 1, 2, 1, 2, 1, 1, 2, 1, 3, 2, 3, 1, 4, 1, 1, 1, 0, 3, 2, 2, 2, 3, 1, 1, 0, 4, 0, 1, 2, 2, 1, 4, 0, 3, 2, 1, 1, 2, 3, 1, 1, 1, 0, 3, 0, 0, 3, 0, 1, 4, 1, 0, 4, 1, 1, 4, 1, 1, 1, 1, 3, 1, 2, 1, 0, 2, 1, 1, 2, 1, 4, 3, 1, 1, 1, 2, 2, 2, 4, 1]|[3, 1, 2, 0, 1, 0, 0, 0, 0, 1, 0, 0, 1, 0, 0, 3, 1, 0, 0, 0, 3, 1, 0, 2, 0, 0, 0, 1, 0, 0, 2, 0, 3, 0, 1, 0, 0, 0, 1, 1, 1, 2, 0, 0, 0, 2, 1, 0, 0, 0, 1, 3, 0, 0, 1, 0, 0, 1, 2, 0, 1, 1, 0, 2, 0, 1, 0, 1, 1, 1, 1, 1, 3, 0, 0, 3, 0, 0, 2, 0, 0, 0, 1, 1, 3, 0, 0, 0, 1, 0, 0, 2, 0, 1, 1, 0, 0, 0, 2, 0],715.7913946700162,58060.95961022334,95287.06515100288,true
38,G2_TEC,G2_TEC,[31, 22, 82, 15, 26, 9, 95, 42, 77, 68, 47, 5, 93, 78, 86, 54, 85, 63, 18, 44, 20, 49, 36, 14, 74, 50, 53, 17, 21, 28, 11, 64, 3, 23, 30, 83, 24, 41, 40, 52, 65, 27, 90, 70, 39, 87, 48, 69, 99, 4, 75, 1, 13, 58, 97, 59, 45, 8, 73, 37, 35, 79, 71, 66, 76, 32, 60, 80, 56, 6, 67, 61, 33, 7, 57, 34, 12, 16, 10, 98, 96, 88, 43, 46, 91, 38, 84, 92, 29, 19, 51, 55, 81, 89, 25, 72, 94, 2, 0, 62]|[2, 1, 2, 1, 1, 2, 1, 1, 1, 1, 1, 0, 2, 2, 1, 2, 0, 0, 0, 2, 2, 1, 0, 2, 0, 2, 2, 1, 0, 1, 1, 1, 0, 0, 1, 0, 2, 1, 2, 2, 0, 0, 1, 1, 0, 2, 0, 2, 1, 0, 0, 2, 0, 0, 2, 0, 1, 1, 0, 0, 2, 1, 1, 2, 2, 0, 2, 2, 2, 1, 2, 1, 1, 2, 0, 1, 1, 2, 1, 2, 0, 1, 1, 0, 1, 0, 0, 0, 1, 1, 1, 0, 1, 1, 1, 1, 2, 2, 0, 1]|[0, 3, 0, 3, 4, 1, 4, 4, 2, 4, 3, 2, 1, 0, 2, 1, 1, 1, 2, 1, 1, 3, 0, 1, 0, 1, 1, 4, 1, 4, 3, 2, 2, 0, 4, 1, 1, 4, 1, 1, 2, 1, 4, 4, 1, 1, 0, 2, 3, 2, 2, 1, 2, 1, 1, 2, 4, 3, 0, 2, 2, 3, 3, 1, 1, 2, 1, 1, 1, 4, 1, 3, 4, 1, 2, 4, 3, 1, 3, 1, 2, 4, 4, 2, 3, 2, 2, 2, 3, 4, 3, 2, 4, 4, 4, 4, 1, 1, 2, 3]|[0, 2, 0, 0, 3, 0, 1, 3, 0, 0, 2, 0, 1, 0, 1, 0, 0, 0, 1, 0, 0, 2, 0, 0, 1, 0, 0, 3, 0, 1, 0, 2, 0, 0, 3, 0, 1, 1, 0, 0, 0, 0, 1, 3, 0, 0, 1, 0, 2, 0, 0, 0, 0, 0, 1, 0, 1, 0, 1, 1, 0, 2, 0, 0, 0, 0, 0, 0, 0, 2, 0, 0, 1, 0, 0, 1, 0, 0, 3, 0, 0, 1, 2, 0, 0, 0, 0, 0, 3, 1, 0, 0, 2, 1, 3, 1, 0, 0, 0, 0],908.8272556494078,49235.066718390466,107289.32240407266,false
38,G3_TWC,G3_TWC,[31, 22, 82, 15, 26, 58, 95, 42, 77, 12, 47, 5, 93, 78, 98, 54, 85, 63, 18, 44, 20, 35, 43, 97, 91, 76, 10, 30, 21, 45, 71, 64, 1, 23, 17, 83, 24, 14, 60, 36, 6, 57, 94, 88, 65, 56, 79, 40, 67, 68, 46, 75, 39, 9, 19, 32, 81, 96, 27, 62, 87, 90, 99, 59, 11, 16, 72, 73, 70, 38, 37, 84, 3, 92, 25, 55, 28, 29, 51, 7, 33, 61, 86, 48, 89, 50, 69, 41, 53, 80, 4, 8, 34, 49, 52, 0, 13, 2, 66, 74]|[1, 1, 0, 1, 1, 1, 2, 1, 2, 1, 2, 2, 2, 1, 1, 0, 0, 1, 0, 2, 2, 0, 1, 2, 0, 1, 2, 2, 0, 0, 1, 2, 1, 2, 1, 0, 2, 0, 1, 1, 0, 1, 1, 1, 0, 2, 1, 1, 0, 0, 0, 0, 1, 1, 2, 1, 2, 0, 0, 0, 2, 1, 0, 1, 2, 1, 2, 1, 1, 1, 1, 1, 2, 0, 1, 1, 0, 0, 0, 1, 2, 1, 0, 0, 1, 0, 1, 0, 0, 0, 0, 1, 2, 0, 1, 0, 0, 0, 2, 2]|[4, 3, 2, 2, 0, 0, 2, 2, 2, 4, 1, 1, 2, 4, 4, 1, 1, 4, 2, 1, 1, 1, 1, 2, 1, 2, 1, 1, 1, 1, 3, 2, 3, 0, 4, 0, 1, 1, 0, 3, 2, 2, 4, 0, 1, 1, 0, 2, 0, 1, 2, 2, 1, 4, 0, 3, 2, 1, 1, 2, 1, 3, 1, 1, 1, 3, 0, 4, 3, 1, 4, 1, 1, 2, 4, 4, 2, 1, 1, 3, 1, 3, 1, 1, 1, 1, 3, 1, 2, 1, 2, 3, 1, 1, 1, 2, 2, 2, 1, 1]|[0, 2, 1, 1, 3, 3, 0, 1, 0, 0, 0, 0, 1, 0, 1, 0, 0, 3, 1, 0, 0, 0, 3, 1, 0, 2, 0, 0, 0, 1, 0, 0, 0, 0, 3, 0, 1, 0, 0, 2, 1, 1, 2, 0, 0, 0, 0, 1, 1, 0, 0, 0, 1, 3, 0, 0, 1, 0, 0, 1, 0, 2, 0, 1, 0, 2, 1, 0, 0, 1, 1, 3, 0, 1, 3, 3, 1, 0, 0, 2, 0, 0, 0, 0, 1, 0, 0, 0, 1, 0, 1, 2, 0, 1, 1, 0, 0, 0, 0, 0],790.0799945868791,57951.42221290124,88960.86369927591,false
38,G1_CMAX,G1_CMAX,[31, 22, 82, 15, 26, 99, 95, 42, 77, 12, 47, 5, 93, 78, 86, 54, 21, 63, 18, 44, 20, 35, 43, 97, 91, 76, 10, 30, 85, 45, 71, 64, 1, 23, 57, 83, 24, 14, 60, 36, 81, 17, 40, 88, 65, 56, 79, 94, 67, 68, 46, 75, 38, 9, 19, 32, 41, 6, 27, 87, 90, 58, 59, 11, 16, 72, 73, 70, 39, 37, 84, 3, 92, 25, 55, 28, 62, 29, 51, 7, 33, 61, 98, 48, 89, 50, 4, 96, 53, 80, 66, 8, 34, 49, 52, 0, 13, 2, 69, 74]|[1, 1, 0, 1, 1, 0, 1, 1, 2, 1, 2, 2, 2, 1, 1, 0, 0, 1, 0, 2, 2, 0, 1, 2, 0, 1, 2, 2, 0, 0, 1, 2, 1, 2, 1, 0, 2, 0, 1, 1, 0, 1, 1, 1, 0, 2, 1, 1, 0, 0, 0, 0, 1, 1, 2, 1, 2, 2, 0, 2, 1, 0, 1, 2, 1, 2, 1, 1, 1, 1, 1, 1, 0, 1, 2, 2, 0, 0, 2, 2, 2, 1, 2, 0, 1, 0, 1, 2, 0, 0, 2, 1, 2, 0, 1, 0, 0, 0, 1, 2]|[0, 3, 2, 2, 4, 1, 2, 3, 2, 4, 1, 1, 2, 4, 4, 1, 1, 4, 2, 1, 1, 1, 1, 2, 1, 2, 1, 1, 2, 1, 3, 2, 3, 0, 4, 0, 1, 1, 0, 3, 2, 2, 2, 0, 1, 1, 0, 4, 0, 1, 2, 2, 1, 4, 0, 3, 2, 2, 1, 1, 3, 1, 1, 1, 3, 0, 4, 3, 1, 4, 1, 1, 0, 4, 1, 1, 2, 1, 2, 1, 1, 3, 1, 1, 1, 1, 4, 1, 2, 1, 1, 3, 1, 1, 1, 2, 2, 2, 4, 1]|[0, 2, 1, 1, 3, 0, 1, 3, 0, 0, 0, 0, 1, 0, 1, 0, 0, 3, 1, 0, 0, 0, 3, 1, 0, 2, 0, 0, 0, 1, 0, 0, 0, 0, 3, 0, 1, 0, 0, 2, 1, 1, 1, 0, 0, 0, 0, 2, 1, 0, 0, 0, 1, 3, 0, 0, 1, 1, 0, 0, 2, 0, 1, 0, 2, 1, 0, 0, 1, 1, 3, 1, 1, 3, 0, 0, 1, 0, 1, 0, 0, 0, 0, 0, 1, 0, 0, 0, 1, 0, 0, 2, 0, 1, 1, 0, 0, 0, 2, 0],714.4485115867469,58161.785232764836,94013.66617097157,false
38,G4_BALANCED,G1_CMAX,[22, 82, 3, 58, 95, 42, 77, 47, 5, 93, 78, 12, 86, 54, 50, 63, 18, 44, 20, 35, 43, 97, 91, 76, 10, 30, 21, 45, 71, 64, 36, 23, 17, 83, 24, 14, 60, 1, 6, 40, 57, 90, 65, 56, 79, 94, 67, 68, 46, 75, 38, 9, 19, 32, 81, 41, 27, 62, 16, 55, 59, 89, 88, 87, 31, 72, 73, 70, 39, 37, 84, 92, 25, 11, 48, 15, 29, 51, 7, 33, 61, 98, 28, 99, 26, 85, 66, 96, 53, 80, 4, 8, 34, 49, 52, 2, 13, 0, 69, 74]|[1, 0, 1, 0, 1, 2, 2, 2, 2, 2, 1, 1, 1, 0, 0, 1, 0, 2, 2, 0, 1, 2, 0, 1, 2, 2, 0, 0, 1, 2, 1, 2, 1, 0, 2, 0, 1, 1, 0, 1, 1, 1, 0, 2, 1, 1, 0, 0, 0, 0, 1, 1, 2, 1, 2, 0, 0, 0, 1, 2, 1, 1, 1, 1, 1, 2, 1, 2, 1, 1, 1, 0, 1, 2, 2, 1, 0, 0, 1, 2, 1, 2, 0, 1, 1, 0, 0, 2, 0, 0, 1, 1, 2, 0, 1, 0, 0, 0, 1, 2]|[3, 2, 1, 1, 2, 1, 2, 1, 1, 2, 4, 4, 4, 1, 1, 4, 2, 1, 1, 1, 1, 2, 1, 2, 1, 1, 2, 1, 3, 2, 3, 1, 4, 1, 1, 1, 0, 3, 2, 2, 2, 3, 1, 1, 0, 4, 0, 1, 2, 2, 1, 4, 0, 3, 2, 1, 1, 2, 3, 1, 1, 1, 0, 3, 0, 0, 3, 0, 1, 4, 1, 0, 4, 1, 1, 4, 1, 1, 1, 1, 3, 1, 2, 1, 0, 2, 1, 1, 2, 1, 4, 3, 1, 1, 1, 2, 2, 2, 4, 1]|[3, 1, 2, 0, 1, 0, 0, 0, 0, 1, 0, 0, 1, 0, 0, 3, 1, 0, 0, 0, 3, 1, 0, 2, 0, 0, 0, 1, 0, 0, 2, 0, 3, 0, 1, 0, 0, 0, 1, 1, 1, 2, 0, 0, 0, 2, 1, 0, 0, 0, 1, 3, 0, 0, 1, 0, 0, 1, 2, 0, 1, 1, 0, 2, 0, 1, 0, 1, 1, 1, 1, 1, 3, 0, 0, 3, 0, 0, 2, 0, 0, 0, 1, 1, 3, 0, 0, 0, 1, 0, 0, 2, 0, 1, 1, 0, 0, 0, 2, 0],715.7913946700162,58060.95961022334,95287.06515100288,true
38,G2_TEC,G2_TEC,[31, 22, 82, 15, 26, 9, 95, 42, 77, 68, 47, 5, 93, 78, 86, 54, 85, 63, 18, 44, 20, 49, 36, 14, 74, 50, 53, 17, 21, 28, 11, 64, 3, 23, 30, 83, 24, 41, 40, 52, 65, 27, 90, 70, 39, 87, 48, 69, 99, 4, 75, 1, 13, 58, 97, 59, 45, 8, 73, 37, 35, 79, 71, 66, 76, 32, 60, 80, 56, 6, 67, 61, 33, 7, 57, 34, 12, 16, 10, 98, 96, 88, 43, 46, 91, 38, 84, 92, 29, 19, 51, 55, 81, 89, 25, 72, 94, 2, 0, 62]|[2, 1, 2, 1, 1, 2, 1, 1, 1, 1, 1, 0, 2, 2, 1, 2, 0, 0, 0, 2, 2, 1, 0, 2, 0, 2, 2, 1, 0, 1, 1, 1, 0, 0, 1, 0, 2, 1, 2, 2, 0, 0, 1, 1, 0, 2, 0, 2, 1, 0, 0, 2, 0, 0, 2, 0, 1, 1, 0, 0, 2, 1, 1, 2, 2, 0, 2, 2, 2, 1, 2, 1, 1, 2, 0, 1, 1, 2, 1, 2, 0, 1, 1, 0, 1, 0, 0, 0, 1, 1, 1, 0, 1, 1, 1, 1, 2, 2, 0, 1]|[0, 3, 0, 3, 4, 1, 4, 4, 2, 4, 3, 2, 1, 0, 2, 1, 1, 1, 2, 1, 1, 3, 0, 1, 0, 1, 1, 4, 1, 4, 3, 2, 2, 0, 4, 1, 1, 4, 1, 1, 2, 1, 4, 4, 1, 1, 0, 2, 3, 2, 2, 1, 2, 1, 1, 2, 4, 3, 0, 2, 2, 3, 3, 1, 1, 2, 1, 1, 1, 4, 1, 3, 4, 1, 2, 4, 3, 1, 3, 1, 2, 4, 4, 2, 3, 2, 2, 2, 3, 4, 3, 2, 4, 4, 4, 4, 1, 1, 2, 3]|[0, 2, 0, 0, 3, 0, 1, 3, 0, 0, 2, 0, 1, 0, 1, 0, 0, 0, 1, 0, 0, 2, 0, 0, 1, 0, 0, 3, 0, 1, 0, 2, 0, 0, 3, 0, 1, 1, 0, 0, 0, 0, 1, 3, 0, 0, 1, 0, 2, 0, 0, 0, 0, 0, 1, 0, 1, 0, 1, 1, 0, 2, 0, 0, 0, 0, 0, 0, 0, 2, 0, 0, 1, 0, 0, 1, 0, 0, 3, 0, 0, 1, 2, 0, 0, 0, 0, 0, 3, 1, 0, 0, 2, 1, 3, 1, 0, 0, 0, 0],908.8272556494078,49235.066718390466,107289.32240407266,false
38,G3_TWC,G3_TWC,[31, 22, 82, 15, 26, 58, 95, 42, 77, 12, 47, 5, 93, 78, 98, 54, 85, 63, 18, 44, 20, 35, 43, 97, 91, 76, 10, 30, 21, 45, 71, 64, 1, 23, 17, 83, 24, 14, 60, 36, 6, 57, 94, 88, 65, 56, 79, 40, 67, 68, 46, 75, 39, 9, 19, 32, 81, 96, 27, 62, 87, 90, 99, 59, 11, 16, 72, 73, 70, 38, 37, 84, 3, 92, 25, 55, 28, 29, 51, 7, 33, 61, 86, 48, 89, 50, 69, 41, 53, 80, 4, 8, 34, 49, 52, 0, 13, 2, 66, 74]|[1, 1, 0, 1, 1, 1, 2, 1, 2, 1, 2, 2, 2, 1, 1, 0, 0, 1, 0, 2, 2, 0, 1, 2, 0, 1, 2, 2, 0, 0, 1, 2, 1, 2, 1, 0, 2, 0, 1, 1, 0, 1, 1, 1, 0, 2, 1, 1, 0, 0, 0, 0, 1, 1, 2, 1, 2, 0, 0, 0, 2, 1, 0, 1, 2, 1, 2, 1, 1, 1, 1, 1, 2, 0, 1, 1, 0, 0, 0, 1, 2, 1, 0, 0, 1, 0, 1, 0, 0, 0, 0, 1, 2, 0, 1, 0, 0, 0, 2, 2]|[4, 3, 2, 2, 0, 0, 2, 2, 2, 4, 1, 1, 2, 4, 4, 1, 1, 4, 2, 1, 1, 1, 1, 2, 1, 2, 1, 1, 1, 1, 3, 2, 3, 0, 4, 0, 1, 1, 0, 3, 2, 2, 4, 0, 1, 1, 0, 2, 0, 1, 2, 2, 1, 4, 0, 3, 2, 1, 1, 2, 1, 3, 1, 1, 1, 3, 0, 4, 3, 1, 4, 1, 1, 2, 4, 4, 2, 1, 1, 3, 1, 3, 1, 1, 1, 1, 3, 1, 2, 1, 2, 3, 1, 1, 1, 2, 2, 2, 1, 1]|[0, 2, 1, 1, 3, 3, 0, 1, 0, 0, 0, 0, 1, 0, 1, 0, 0, 3, 1, 0, 0, 0, 3, 1, 0, 2, 0, 0, 0, 1, 0, 0, 0, 0, 3, 0, 1, 0, 0, 2, 1, 1, 2, 0, 0, 0, 0, 1, 1, 0, 0, 0, 1, 3, 0, 0, 1, 0, 0, 1, 0, 2, 0, 1, 0, 2, 1, 0, 0, 1, 1, 3, 0, 1, 3, 3, 1, 0, 0, 2, 0, 0, 0, 0, 1, 0, 0, 0, 1, 0, 1, 2, 0, 1, 1, 0, 0, 0, 0, 0],790.0799945868791,57951.42221290124,88960.86369927591,false
38,G1_CMAX,G1_CMAX,[31, 22, 82, 15, 26, 99, 95, 42, 77, 12, 47, 5, 93, 78, 86, 54, 21, 63, 18, 44, 20, 35, 43, 97, 91, 76, 10, 30, 85, 45, 71, 64, 1, 23, 57, 83, 24, 14, 60, 36, 81, 17, 40, 88, 65, 56, 79, 94, 67, 68, 46, 75, 38, 9, 19, 32, 41, 6, 27, 87, 90, 58, 59, 11, 16, 72, 73, 70, 39, 37, 84, 3, 92, 25, 55, 28, 62, 29, 51, 7, 33, 61, 98, 48, 89, 50, 4, 96, 53, 80, 66, 8, 34, 49, 52, 0, 13, 2, 69, 74]|[1, 1, 0, 1, 1, 0, 1, 1, 2, 1, 2, 2, 2, 1, 1, 0, 0, 1, 0, 2, 2, 0, 1, 2, 0, 1, 2, 2, 0, 0, 1, 2, 1, 2, 1, 0, 2, 0, 1, 1, 0, 1, 1, 1, 0, 2, 1, 1, 0, 0, 0, 0, 1, 1, 2, 1, 2, 2, 0, 2, 1, 0, 1, 2, 1, 2, 1, 1, 1, 1, 1, 1, 0, 1, 2, 2, 0, 0, 2, 2, 2, 1, 2, 0, 1, 0, 1, 2, 0, 0, 2, 1, 2, 0, 1, 0, 0, 0, 1, 2]|[0, 3, 2, 2, 4, 1, 2, 3, 2, 4, 1, 1, 2, 4, 4, 1, 1, 4, 2, 1, 1, 1, 1, 2, 1, 2, 1, 1, 2, 1, 3, 2, 3, 0, 4, 0, 1, 1, 0, 3, 2, 2, 2, 0, 1, 1, 0, 4, 0, 1, 2, 2, 1, 4, 0, 3, 2, 2, 1, 1, 3, 1, 1, 1, 3, 0, 4, 3, 1, 4, 1, 1, 0, 4, 1, 1, 2, 1, 2, 1, 1, 3, 1, 1, 1, 1, 4, 1, 2, 1, 1, 3, 1, 1, 1, 2, 2, 2, 4, 1]|[0, 2, 1, 1, 3, 0, 1, 3, 0, 0, 0, 0, 1, 0, 1, 0, 0, 3, 1, 0, 0, 0, 3, 1, 0, 2, 0, 0, 0, 1, 0, 0, 0, 0, 3, 0, 1, 0, 0, 2, 1, 1, 1, 0, 0, 0, 0, 2, 1, 0, 0, 0, 1, 3, 0, 0, 1, 1, 0, 0, 2, 0, 1, 0, 2, 1, 0, 0, 1, 1, 3, 1, 1, 3, 0, 0, 1, 0, 1, 0, 0, 0, 0, 0, 1, 0, 0, 0, 1, 0, 0, 2, 0, 1, 1, 0, 0, 0, 2, 0],714.4485115867469,58161.785232764836,94013.66617097157,false
38,G4_BALANCED,G2_TEC,[31, 22, 82, 15, 26, 9, 95, 42, 77, 68, 47, 5, 93, 78, 86, 54, 85, 63, 18, 44, 20, 49, 36, 14, 74, 50, 53, 17, 21, 28, 11, 64, 3, 23, 30, 83, 24, 41, 40, 52, 65, 27, 90, 70, 39, 87, 48, 69, 99, 4, 46, 1, 13, 58, 97, 59, 45, 8, 73, 37, 35, 79, 71, 66, 76, 32, 60, 80, 96, 6, 67, 61, 33, 7, 57, 34, 12, 16, 10, 98, 56, 88, 43, 75, 91, 38, 19, 92, 29, 84, 51, 55, 72, 25, 89, 81, 94, 2, 0, 62]|[2, 1, 2, 1, 1, 0, 1, 1, 1, 1, 1, 0, 2, 2, 1, 2, 0, 0, 0, 2, 2, 1, 0, 2, 0, 2, 2, 1, 0, 1, 1, 1, 0, 0, 1, 0, 2, 1, 2, 2, 0, 0, 1, 1, 0, 2, 0, 2, 1, 0, 0, 2, 0, 0, 2, 0, 1, 1, 0, 0, 2, 1, 1, 2, 2, 0, 2, 2, 0, 1, 2, 1, 1, 2, 0, 1, 1, 2, 1, 2, 0, 1, 1, 0, 1, 0, 1, 0, 1, 0, 1, 0, 1, 1, 1, 1, 2, 2, 0, 1]|[0, 3, 0, 3, 4, 1, 4, 4, 2, 4, 3, 2, 1, 0, 2, 1, 1, 1, 2, 1, 1, 3, 0, 1, 0, 1, 1, 4, 1, 4, 3, 2, 2, 0, 4, 1, 1, 4, 1, 1, 2, 1, 4, 4, 1, 1, 0, 2, 3, 2, 2, 1, 2, 1, 1, 2, 4, 3, 0, 2, 2, 3, 3, 1, 1, 2, 1, 1, 2, 4, 1, 3, 4, 1, 2, 4, 3, 1, 3, 1, 2, 4, 4, 2, 3, 2, 4, 2, 3, 2, 3, 2, 4, 4, 4, 4, 1, 1, 2, 3]|[0, 2, 0, 0, 3, 0, 1, 3, 0, 0, 2, 0, 1, 0, 1, 0, 0, 0, 1, 0, 0, 2, 0, 0, 1, 0, 0, 3, 0, 1, 0, 2, 0, 0, 3, 0, 1, 1, 0, 0, 0, 0, 1, 3, 0, 0, 1, 0, 2, 0, 0, 0, 0, 1, 1, 0, 1, 0, 1, 1, 0, 2, 0, 0, 0, 0, 0, 0, 0, 2, 0, 0, 1, 0, 0, 1, 0, 0, 3, 0, 0, 1, 2, 0, 0, 0, 1, 0, 3, 0, 0, 0, 1, 3, 1, 2, 0, 0, 0, 0],920.7076635939763,49971.61335062835,103150.59111451317,true
38,G2_TEC,G4_BALANCED,[31, 22, 74, 15, 26, 9, 95, 42, 77, 68, 47, 5, 93, 78, 86, 54, 85, 63, 18, 44, 20, 49, 36, 14, 82, 50, 53, 17, 21, 28, 11, 64, 3, 23, 30, 83, 24, 41, 40, 52, 65, 27, 90, 70, 39, 87, 48, 69, 99, 4, 75, 1, 13, 58, 97, 59, 45, 8, 73, 37, 35, 79, 71, 66, 76, 32, 60, 80, 56, 6, 67, 61, 33, 7, 57, 34, 12, 16, 55, 98, 96, 88, 43, 46, 91, 38, 84, 92, 29, 19, 51, 10, 72, 89, 25, 81, 94, 2, 62, 0]|[2, 1, 0, 1, 1, 2, 1, 1, 1, 1, 1, 0, 2, 2, 1, 2, 0, 0, 0, 2, 2, 1, 0, 2, 0, 2, 2, 1, 0, 1, 1, 1, 0, 0, 1, 0, 2, 1, 2, 2, 0, 0, 1, 1, 0, 2, 0, 2, 1, 0, 0, 2, 0, 0, 2, 0, 1, 1, 0, 0, 2, 1, 1, 2, 2, 0, 2, 2, 2, 1, 2, 1, 1, 2, 0, 1, 1, 2, 0, 2, 0, 1, 1, 0, 1, 0, 0, 0, 1, 1, 1, 0, 1, 1, 1, 1, 2, 2, 1, 0]|[0, 3, 0, 3, 4, 1, 4, 4, 2, 4, 3, 2, 1, 0, 2, 1, 1, 1, 2, 1, 1, 3, 0, 1, 0, 1, 1, 4, 1, 4, 3, 2, 2, 0, 4, 1, 1, 4, 1, 1, 2, 1, 4, 4, 1, 1, 0, 2, 3, 2, 2, 1, 2, 1, 1, 2, 4, 3, 0, 2, 2, 3, 3, 1, 1, 2, 1, 1, 1, 4, 1, 3, 4, 1, 2, 4, 3, 1, 2, 1, 2, 4, 4, 2, 3, 2, 2, 2, 3, 4, 3, 2, 4, 4, 4, 4, 1, 1, 3, 2]|[0, 2, 1, 0, 3, 0, 1, 3, 0, 0, 2, 0, 1, 0, 1, 0, 0, 0, 1, 0, 0, 2, 0, 0, 1, 0, 0, 3, 0, 1, 0, 2, 0, 0, 3, 0, 1, 1, 0, 0, 0, 0, 1, 3, 0, 0, 1, 0, 2, 0, 0, 0, 0, 1, 1, 0, 1, 0, 1, 1, 0, 2, 0, 0, 0, 0, 0, 0, 0, 2, 0, 0, 1, 0, 0, 1, 0, 0, 0, 0, 0, 1, 2, 0, 0, 0, 0, 0, 3, 1, 0, 0, 1, 1, 3, 2, 0, 0, 0, 0],888.6995017737006,49869.04200949402,104486.27672803425,true
38,G3_TWC,G3_TWC,[31, 22, 82, 15, 26, 58, 95, 42, 77, 12, 47, 5, 93, 78, 98, 54, 85, 63, 18, 44, 20, 35, 43, 97, 91, 76, 10, 30, 21, 45, 71, 64, 1, 23, 17, 83, 24, 14, 60, 36, 6, 57, 94, 88, 65, 56, 79, 40, 67, 68, 46, 75, 39, 9, 19, 32, 81, 96, 27, 62, 87, 90, 99, 59, 11, 16, 72, 73, 70, 38, 37, 84, 3, 92, 25, 55, 28, 29, 51, 7, 33, 61, 86, 48, 89, 50, 69, 41, 53, 80, 4, 8, 34, 49, 52, 0, 13, 2, 66, 74]|[1, 1, 0, 1, 1, 1, 2, 1, 2, 1, 2, 2, 2, 1, 1, 0, 0, 1, 0, 2, 2, 0, 1, 2, 0, 1, 2, 2, 0, 0, 1, 2, 1, 2, 1, 0, 2, 0, 1, 1, 0, 1, 1, 1, 0, 2, 1, 1, 0, 0, 0, 0, 1, 1, 2, 1, 2, 0, 0, 0, 2, 1, 0, 1, 2, 1, 2, 1, 1, 1, 1, 1, 2, 0, 1, 1, 0, 0, 0, 1, 2, 1, 0, 0, 1, 0, 1, 0, 0, 0, 0, 1, 2, 0, 1, 0, 0, 0, 2, 2]|[4, 3, 2, 2, 0, 0, 2, 2, 2, 4, 1, 1, 2, 4, 4, 1, 1, 4, 2, 1, 1, 1, 1, 2, 1, 2, 1, 1, 1, 1, 3, 2, 3, 0, 4, 0, 1, 1, 0, 3, 2, 2, 4, 0, 1, 1, 0, 2, 0, 1, 2, 2, 1, 4, 0, 3, 2, 1, 1, 2, 1, 3, 1, 1, 1, 3, 0, 4, 3, 1, 4, 1, 1, 2, 4, 4, 2, 1, 1, 3, 1, 3, 1, 1, 1, 1, 3, 1, 2, 1, 2, 3, 1, 1, 1, 2, 2, 2, 1, 1]|[0, 2, 1, 1, 3, 3, 0, 1, 0, 0, 0, 0, 1, 0, 1, 0, 0, 3, 1, 0, 0, 0, 3, 1, 0, 2, 0, 0, 0, 1, 0, 0, 0, 0, 3, 0, 1, 0, 0, 2, 1, 1, 2, 0, 0, 0, 0, 1, 1, 0, 0, 0, 1, 3, 0, 0, 1, 0, 0, 1, 0, 2, 0, 1, 0, 2, 1, 0, 0, 1, 1, 3, 0, 1, 3, 3, 1, 0, 0, 2, 0, 0, 0, 0, 1, 0, 0, 0, 1, 0, 1, 2, 0, 1, 1, 0, 0, 0, 0, 0],790.0799945868791,57951.42221290124,88960.86369927591,false
38,G1_CMAX,G1_CMAX,[31, 22, 82, 15, 26, 99, 95, 42, 77, 12, 47, 5, 93, 78, 86, 54, 21, 63, 18, 44, 20, 35, 43, 97, 91, 76, 10, 30, 85, 45, 71, 64, 1, 23, 57, 83, 24, 14, 60, 36, 81, 17, 40, 88, 65, 56, 79, 94, 67, 68, 46, 75, 38, 9, 19, 32, 41, 6, 27, 87, 90, 58, 59, 11, 16, 72, 73, 70, 39, 37, 84, 3, 92, 25, 55, 28, 62, 29, 51, 7, 33, 61, 98, 48, 89, 50, 4, 96, 53, 80, 66, 8, 34, 49, 52, 0, 13, 2, 69, 74]|[1, 1, 0, 1, 1, 0, 1, 1, 2, 1, 2, 2, 2, 1, 1, 0, 0, 1, 0, 2, 2, 0, 1, 2, 0, 1, 2, 2, 0, 0, 1, 2, 1, 2, 1, 0, 2, 0, 1, 1, 0, 1, 1, 1, 0, 2, 1, 1, 0, 0, 0, 0, 1, 1, 2, 1, 2, 2, 0, 2, 1, 0, 1, 2, 1, 2, 1, 1, 1, 1, 1, 1, 0, 1, 2, 2, 0, 0, 2, 2, 2, 1, 2, 0, 1, 0, 1, 2, 0, 0, 2, 1, 2, 0, 1, 0, 0, 0, 1, 2]|[0, 3, 2, 2, 4, 1, 2, 3, 2, 4, 1, 1, 2, 4, 4, 1, 1, 4, 2, 1, 1, 1, 1, 2, 1, 2, 1, 1, 2, 1, 3, 2, 3, 0, 4, 0, 1, 1, 0, 3, 2, 2, 2, 0, 1, 1, 0, 4, 0, 1, 2, 2, 1, 4, 0, 3, 2, 2, 1, 1, 3, 1, 1, 1, 3, 0, 4, 3, 1, 4, 1, 1, 0, 4, 1, 1, 2, 1, 2, 1, 1, 3, 1, 1, 1, 1, 4, 1, 2, 1, 1, 3, 1, 1, 1, 2, 2, 2, 4, 1]|[0, 2, 1, 1, 3, 0, 1, 3, 0, 0, 0, 0, 1, 0, 1, 0, 0, 3, 1, 0, 0, 0, 3, 1, 0, 2, 0, 0, 0, 1, 0, 0, 0, 0, 3, 0, 1, 0, 0, 2, 1, 1, 1, 0, 0, 0, 0, 2, 1, 0, 0, 0, 1, 3, 0, 0, 1, 1, 0, 0, 2, 0, 1, 0, 2, 1, 0, 0, 1, 1, 3, 1, 1, 3, 0, 0, 1, 0, 1, 0, 0, 0, 0, 0, 1, 0, 0, 0, 1, 0, 0, 2, 0, 1, 1, 0, 0, 0, 2, 0],714.4485115867469,58161.785232764836,94013.66617097157,false
38,G4_BALANCED,G4_BALANCED,[31, 22, 82, 15, 26, 58, 95, 42, 77, 12, 47, 5, 93, 78, 86, 54, 85, 63, 18, 44, 20, 35, 43, 97, 66, 76, 10, 30, 21, 45, 71, 64, 1, 23, 17, 83, 24, 14, 60, 36, 6, 57, 40, 88, 65, 56, 79, 94, 67, 68, 46, 29, 38, 9, 19, 32, 41, 81, 27, 62, 87, 90, 99, 59, 11, 16, 72, 73, 69, 39, 84, 70, 3, 92, 25, 55, 75, 28, 51, 7, 33, 61, 48, 98, 89, 50, 4, 96, 53, 8, 91, 80, 34, 49, 52, 0, 13, 2, 37, 74]|[1, 1, 0, 1, 1, 0, 1, 2, 2, 1, 2, 2, 2, 1, 1, 0, 0, 1, 0, 2, 2, 0, 0, 2, 2, 1, 2, 2, 0, 0, 1, 2, 1, 2, 1, 0, 2, 0, 1, 1, 0, 1, 1, 1, 0, 2, 2, 1, 0, 0, 0, 0, 1, 1, 2, 1, 0, 2, 0, 2, 2, 1, 0, 1, 2, 1, 2, 1, 1, 1, 1, 1, 1, 0, 1, 2, 0, 0, 0, 1, 2, 1, 0, 2, 1, 0, 1, 2, 0, 1, 0, 0, 2, 0, 1, 0, 0, 0, 1, 2]|[4, 3, 2, 2, 4, 1, 2, 2, 2, 4, 1, 1, 2, 4, 4, 1, 2, 4, 2, 1, 1, 1, 1, 2, 1, 2, 1, 1, 1, 1, 3, 2, 3, 1, 4, 0, 1, 1, 0, 3, 2, 2, 2, 0, 1, 1, 1, 4, 0, 1, 2, 1, 1, 4, 0, 3, 1, 1, 1, 1, 1, 3, 1, 1, 1, 3, 1, 4, 4, 4, 1, 3, 1, 0, 4, 1, 1, 2, 1, 1, 1, 3, 1, 1, 1, 1, 4, 1, 2, 3, 1, 1, 1, 1, 1, 2, 2, 2, 4, 1]|[0, 2, 1, 1, 3, 0, 1, 0, 0, 0, 0, 0, 1, 0, 1, 0, 0, 3, 1, 0, 0, 0, 0, 1, 0, 2, 0, 0, 0, 0, 0, 0, 0, 0, 3, 0, 1, 0, 0, 2, 1, 1, 1, 0, 0, 0, 0, 2, 1, 0, 0, 0, 1, 3, 0, 0, 0, 0, 0, 0, 0, 2, 0, 1, 0, 2, 0, 0, 2, 1, 3, 0, 1, 1, 3, 0, 0, 1, 0, 2, 0, 0, 0, 0, 1, 0, 0, 0, 1, 2, 0, 0, 0, 1, 1, 0, 0, 0, 1, 0],821.9358107439288,54885.39358643736,102427.86673951944,false
38,G2_TEC,G2_TEC,[31, 22, 82, 15, 26, 9, 95, 42, 77, 68, 47, 5, 93, 78, 86, 54, 85, 63, 18, 44, 20, 49, 36, 14, 74, 50, 53, 17, 21, 28, 11, 64, 3, 23, 30, 83, 24, 41, 40, 52, 65, 27, 90, 70, 39, 87, 48, 69, 99, 4, 75, 1, 13, 58, 97, 59, 45, 8, 73, 37, 35, 79, 71, 66, 76, 32, 60, 80, 56, 6, 67, 61, 33, 7, 57, 34, 12, 16, 10, 98, 96, 88, 43, 46, 91, 38, 84, 92, 29, 19, 51, 55, 81, 89, 25, 72, 94, 2, 0, 62]|[2, 1, 2, 1, 1, 2, 1, 1, 1, 1, 1, 0, 2, 2, 1, 2, 0, 0, 0, 2, 2, 1, 0, 2, 0, 2, 2, 1, 0, 1, 1, 1, 0, 0, 1, 0, 2, 1, 2, 2, 0, 0, 1, 1, 0, 2, 0, 2, 1, 0, 0, 2, 0, 0, 2, 0, 1, 1, 0, 0, 2, 1, 1, 2, 2, 0, 2, 2, 2, 1, 2, 1, 1, 2, 0, 1, 1, 2, 1, 2, 0, 1, 1, 0, 1, 0, 0, 0, 1, 1, 1, 0, 1, 1, 1, 1, 2, 2, 0, 1]|[0, 3, 0, 3, 4, 1, 4, 4, 2, 4, 3, 2, 1, 0, 2, 1, 1, 1, 2, 1, 1, 3, 0, 1, 0, 1, 1, 4, 1, 4, 3, 2, 2, 0, 4, 1, 1, 4, 1, 1, 2, 1, 4, 4, 1, 1, 0, 2, 3, 2, 2, 1, 2, 1, 1, 2, 4, 3, 0, 2, 2, 3, 3, 1, 1, 2, 1, 1, 1, 4, 1, 3, 4, 1, 2, 4, 3, 1, 3, 1, 2, 4, 4, 2, 3, 2, 2, 2, 3, 4, 3, 2, 4, 4, 4, 4, 1, 1, 2, 3]|[0, 2, 0, 0, 3, 0, 1, 3, 0, 0, 2, 0, 1, 0, 1, 0, 0, 0, 1, 0, 0, 2, 0, 0, 1, 0, 0, 3, 0, 1, 0, 2, 0, 0, 3, 0, 1, 1, 0, 0, 0, 0, 1, 3, 0, 0, 1, 0, 2, 0, 0, 0, 0, 0, 1, 0, 1, 0, 1, 1, 0, 2, 0, 0, 0, 0, 0, 0, 0, 2, 0, 0, 1, 0, 0, 1, 0, 0, 3, 0, 0, 1, 2, 0, 0, 0, 0, 0, 3, 1, 0, 0, 2, 1, 3, 1, 0, 0, 0, 0],908.8272556494078,49235.066718390466,107289.32240407266,false
38,G3_TWC,G3_TWC,[31, 22, 82, 15, 26, 58, 95, 42, 77, 12, 47, 5, 93, 78, 98, 54, 85, 63, 18, 44, 20, 35, 43, 97, 91, 76, 10, 30, 21, 45, 71, 64, 1, 23, 17, 83, 24, 14, 60, 36, 6, 57, 94, 88, 65, 56, 79, 40, 67, 68, 46, 75, 39, 9, 19, 32, 81, 96, 27, 62, 87, 90, 99, 59, 11, 16, 72, 73, 70, 38, 37, 84, 3, 92, 25, 55, 28, 29, 51, 7, 33, 61, 86, 48, 89, 50, 69, 41, 53, 80, 4, 8, 34, 49, 52, 0, 13, 2, 66, 74]|[1, 1, 0, 1, 1, 1, 2, 1, 2, 1, 2, 2, 2, 1, 1, 0, 0, 1, 0, 2, 2, 0, 1, 2, 0, 1, 2, 2, 0, 0, 1, 2, 1, 2, 1, 0, 2, 0, 1, 1, 0, 1, 1, 1, 0, 2, 1, 1, 0, 0, 0, 0, 1, 1, 2, 1, 2, 0, 0, 0, 2, 1, 0, 1, 2, 1, 2, 1, 1, 1, 1, 1, 2, 0, 1, 1, 0, 0, 0, 1, 2, 1, 0, 0, 1, 0, 1, 0, 0, 0, 0, 1, 2, 0, 1, 0, 0, 0, 2, 2]|[4, 3, 2, 2, 0, 0, 2, 2, 2, 4, 1, 1, 2, 4, 4, 1, 1, 4, 2, 1, 1, 1, 1, 2, 1, 2, 1, 1, 1, 1, 3, 2, 3, 0, 4, 0, 1, 1, 0, 3, 2, 2, 4, 0, 1, 1, 0, 2, 0, 1, 2, 2, 1, 4, 0, 3, 2, 1, 1, 2, 1, 3, 1, 1, 1, 3, 0, 4, 3, 1, 4, 1, 1, 2, 4, 4, 2, 1, 1, 3, 1, 3, 1, 1, 1, 1, 3, 1, 2, 1, 2, 3, 1, 1, 1, 2, 2, 2, 1, 1]|[0, 2, 1, 1, 3, 3, 0, 1, 0, 0, 0, 0, 1, 0, 1, 0, 0, 3, 1, 0, 0, 0, 3, 1, 0, 2, 0, 0, 0, 1, 0, 0, 0, 0, 3, 0, 1, 0, 0, 2, 1, 1, 2, 0, 0, 0, 0, 1, 1, 0, 0, 0, 1, 3, 0, 0, 1, 0, 0, 1, 0, 2, 0, 1, 0, 2, 1, 0, 0, 1, 1, 3, 0, 1, 3, 3, 1, 0, 0, 2, 0, 0, 0, 0, 1, 0, 0, 0, 1, 0, 1, 2, 0, 1, 1, 0, 0, 0, 0, 0],790.0799945868791,57951.42221290124,88960.86369927591,false
38,G1_CMAX,G1_CMAX,[31, 22, 82, 15, 26, 99, 95, 42, 77, 12, 47, 5, 93, 78, 86, 54, 21, 63, 18, 44, 20, 35, 43, 97, 91, 76, 10, 30, 85, 45, 71, 64, 1, 23, 57, 83, 24, 14, 60, 36, 81, 17, 40, 88, 65, 56, 79, 94, 67, 68, 46, 75, 38, 9, 19, 32, 41, 6, 27, 87, 90, 58, 59, 11, 16, 72, 73, 70, 39, 37, 84, 3, 92, 25, 55, 28, 62, 29, 51, 7, 33, 61, 98, 48, 89, 50, 4, 96, 53, 80, 66, 8, 34, 49, 52, 0, 13, 2, 69, 74]|[1, 1, 0, 1, 1, 0, 1, 1, 2, 1, 2, 2, 2, 1, 1, 0, 0, 1, 0, 2, 2, 0, 1, 2, 0, 1, 2, 2, 0, 0, 1, 2, 1, 2, 1, 0, 2, 0, 1, 1, 0, 1, 1, 1, 0, 2, 1, 1, 0, 0, 0, 0, 1, 1, 2, 1, 2, 2, 0, 2, 1, 0, 1, 2, 1, 2, 1, 1, 1, 1, 1, 1, 0, 1, 2, 2, 0, 0, 2, 2, 2, 1, 2, 0, 1, 0, 1, 2, 0, 0, 2, 1, 2, 0, 1, 0, 0, 0, 1, 2]|[0, 3, 2, 2, 4, 1, 2, 3, 2, 4, 1, 1, 2, 4, 4, 1, 1, 4, 2, 1, 1, 1, 1, 2, 1, 2, 1, 1, 2, 1, 3, 2, 3, 0, 4, 0, 1, 1, 0, 3, 2, 2, 2, 0, 1, 1, 0, 4, 0, 1, 2, 2, 1, 4, 0, 3, 2, 2, 1, 1, 3, 1, 1, 1, 3, 0, 4, 3, 1, 4, 1, 1, 0, 4, 1, 1, 2, 1, 2, 1, 1, 3, 1, 1, 1, 1, 4, 1, 2, 1, 1, 3, 1, 1, 1, 2, 2, 2, 4, 1]|[0, 2, 1, 1, 3, 0, 1, 3, 0, 0, 0, 0, 1, 0, 1, 0, 0, 3, 1, 0, 0, 0, 3, 1, 0, 2, 0, 0, 0, 1, 0, 0, 0, 0, 3, 0, 1, 0, 0, 2, 1, 1, 1, 0, 0, 0, 0, 2, 1, 0, 0, 0, 1, 3, 0, 0, 1, 1, 0, 0, 2, 0, 1, 0, 2, 1, 0, 0, 1, 1, 3, 1, 1, 3, 0, 0, 1, 0, 1, 0, 0, 0, 0, 0, 1, 0, 0, 0, 1, 0, 0, 2, 0, 1, 1, 0, 0, 0, 2, 0],714.4485115867469,58161.785232764836,94013.66617097157,false
38,G4_BALANCED,G4_BALANCED,[31, 11, 15, 82, 26, 9, 95, 32, 77, 68, 47, 5, 93, 78, 86, 54, 85, 63, 18, 44, 20, 49, 36, 14, 74, 50, 53, 17, 21, 45, 71, 64, 3, 23, 30, 83, 24, 41, 60, 52, 65, 27, 90, 70, 39, 87, 48, 69, 99, 4, 46, 1, 13, 58, 97, 59, 28, 75, 73, 37, 35, 79, 22, 66, 76, 42, 40, 80, 96, 6, 16, 61, 33, 7, 57, 34, 12, 67, 10, 98, 56, 88, 29, 94, 91, 51, 19, 92, 43, 84, 38, 72, 81, 8, 2, 55, 62, 89, 25, 0]|[2, 1, 1, 2, 1, 2, 1, 1, 1, 1, 1, 0, 2, 2, 1, 2, 0, 0, 0, 2, 2, 1, 0, 2, 0, 2, 2, 1, 0, 1, 1, 1, 0, 0, 1, 0, 2, 1, 2, 2, 0, 0, 1, 1, 0, 2, 0, 2, 1, 0, 0, 2, 0, 0, 2, 0, 1, 0, 0, 0, 2, 1, 0, 2, 2, 0, 2, 2, 0, 1, 2, 1, 1, 2, 0, 1, 1, 1, 1, 2, 2, 1, 1, 2, 1, 1, 1, 0, 1, 0, 0, 1, 1, 1, 2, 0, 1, 1, 1, 0]|[1, 3, 2, 0, 4, 1, 4, 4, 2, 4, 3, 2, 1, 0, 2, 1, 1, 1, 2, 1, 1, 3, 0, 1, 0, 1, 1, 4, 1, 4, 3, 2, 2, 0, 4, 1, 1, 4, 0, 1, 2, 1, 4, 4, 1, 1, 0, 2, 3, 1, 2, 1, 2, 1, 1, 2, 4, 2, 0, 2, 2, 3, 1, 0, 1, 2, 0, 1, 2, 4, 1, 3, 4, 1, 2, 4, 3, 3, 3, 1, 1, 4, 3, 1, 3, 3, 4, 2, 4, 2, 2, 4, 1, 3, 1, 2, 3, 4, 4, 2]|[1, 2, 1, 0, 3, 0, 1, 3, 0, 0, 2, 0, 1, 0, 1, 0, 0, 0, 1, 0, 0, 2, 0, 0, 1, 0, 0, 3, 0, 1, 0, 2, 0, 1, 3, 0, 1, 3, 1, 0, 0, 0, 1, 3, 0, 0, 1, 0, 2, 0, 0, 0, 0, 0, 1, 0, 1, 0, 1, 1, 0, 2, 0, 0, 0, 0, 0, 0, 0, 2, 0, 0, 1, 0, 0, 1, 0, 0, 3, 0, 0, 1, 0, 0, 0, 0, 3, 0, 2, 0, 0, 2, 1, 0, 0, 0, 0, 1, 3, 0],836.569815134707,52504.092339752446,107095.57005228325,false
38,G2_TEC,G2_TEC,[31, 22, 82, 15, 26, 9, 95, 42, 77, 68, 47, 5, 93, 78, 86, 54, 85, 63, 18, 44, 20, 49, 36, 14, 74, 50, 53, 17, 21, 28, 11, 64, 3, 23, 30, 83, 24, 41, 40, 52, 65, 27, 90, 70, 39, 87, 48, 69, 99, 4, 75, 1, 13, 58, 97, 59, 45, 8, 73, 37, 35, 79, 71, 66, 76, 32, 60, 80, 56, 6, 67, 61, 33, 7, 57, 34, 12, 16, 10, 98, 96, 88, 43, 46, 91, 38, 84, 92, 29, 19, 51, 55, 81, 89, 25, 72, 94, 2, 0, 62]|[2, 1, 2, 1, 1, 2, 1, 1, 1, 1, 1, 0, 2, 2, 1, 2, 0, 0, 0, 2, 2, 1, 0, 2, 0, 2, 2, 1, 0, 1, 1, 1, 0, 0, 1, 0, 2, 1, 2, 2, 0, 0, 1, 1, 0, 2, 0, 2, 1, 0, 0, 2, 0, 0, 2, 0, 1, 1, 0, 0, 2, 1, 1, 2, 2, 0, 2, 2, 2, 1, 2, 1, 1, 2, 0, 1, 1, 2, 1, 2, 0, 1, 1, 0, 1, 0, 0, 0, 1, 1, 1, 0, 1, 1, 1, 1, 2, 2, 0, 1]|[0, 3, 0, 3, 4, 1, 4, 4, 2, 4, 3, 2, 1, 0, 2, 1, 1, 1, 2, 1, 1, 3, 0, 1, 0, 1, 1, 4, 1, 4, 3, 2, 2, 0, 4, 1, 1, 4, 1, 1, 2, 1, 4, 4, 1, 1, 0, 2, 3, 2, 2, 1, 2, 1, 1, 2, 4, 3, 0, 2, 2, 3, 3, 1, 1, 2, 1, 1, 1, 4, 1, 3, 4, 1, 2, 4, 3, 1, 3, 1, 2, 4, 4, 2, 3, 2, 2, 2, 3, 4, 3, 2, 4, 4, 4, 4, 1, 1, 2, 3]|[0, 2, 0, 0, 3, 0, 1, 3, 0, 0, 2, 0, 1, 0, 1, 0, 0, 0, 1, 0, 0, 2, 0, 0, 1, 0, 0, 3, 0, 1, 0, 2, 0, 0, 3, 0, 1, 1, 0, 0, 0, 0, 1, 3, 0, 0, 1, 0, 2, 0, 0, 0, 0, 0, 1, 0, 1, 0, 1, 1, 0, 2, 0, 0, 0, 0, 0, 0, 0, 2, 0, 0, 1, 0, 0, 1, 0, 0, 3, 0, 0, 1, 2, 0, 0, 0, 0, 0, 3, 1, 0, 0, 2, 1, 3, 1, 0, 0, 0, 0],908.8272556494078,49235.066718390466,107289.32240407266,false
38,G3_TWC,G3_TWC,[31, 22, 82, 15, 26, 58, 95, 42, 77, 12, 47, 5, 93, 78, 98, 54, 85, 63, 18, 44, 20, 35, 43, 97, 91, 76, 10, 30, 21, 45, 71, 64, 1, 23, 17, 83, 24, 14, 60, 36, 6, 57, 94, 88, 65, 56, 79, 40, 67, 68, 46, 75, 39, 9, 19, 32, 81, 96, 27, 62, 87, 90, 99, 59, 11, 16, 72, 73, 70, 38, 37, 84, 3, 92, 25, 55, 28, 29, 51, 7, 33, 61, 86, 48, 89, 50, 69, 41, 53, 80, 4, 8, 34, 49, 52, 0, 13, 2, 66, 74]|[1, 1, 0, 1, 1, 1, 2, 1, 2, 1, 2, 2, 2, 1, 1, 0, 0, 1, 0, 2, 2, 0, 1, 2, 0, 1, 2, 2, 0, 0, 1, 2, 1, 2, 1, 0, 2, 0, 1, 1, 0, 1, 1, 1, 0, 2, 1, 1, 0, 0, 0, 0, 1, 1, 2, 1, 2, 0, 0, 0, 2, 1, 0, 1, 2, 1, 2, 1, 1, 1, 1, 1, 2, 0, 1, 1, 0, 0, 0, 1, 2, 1, 0, 0, 1, 0, 1, 0, 0, 0, 0, 1, 2, 0, 1, 0, 0, 0, 2, 2]|[4, 3, 2, 2, 0, 0, 2, 2, 2, 4, 1, 1, 2, 4, 4, 1, 1, 4, 2, 1, 1, 1, 1, 2, 1, 2, 1, 1, 1, 1, 3, 2, 3, 0, 4, 0, 1, 1, 0, 3, 2, 2, 4, 0, 1, 1, 0, 2, 0, 1, 2, 2, 1, 4, 0, 3, 2, 1, 1, 2, 1, 3, 1, 1, 1, 3, 0, 4, 3, 1, 4, 1, 1, 2, 4, 4, 2, 1, 1, 3, 1, 3, 1, 1, 1, 1, 3, 1, 2, 1, 2, 3, 1, 1, 1, 2, 2, 2, 1, 1]|[0, 2, 1, 1, 3, 3, 0, 1, 0, 0, 0, 0, 1, 0, 1, 0, 0, 3, 1, 0, 0, 0, 3, 1, 0, 2, 0, 0, 0, 1, 0, 0, 0, 0, 3, 0, 1, 0, 0, 2, 1, 1, 2, 0, 0, 0, 0, 1, 1, 0, 0, 0, 1, 3, 0, 0, 1, 0, 0, 1, 0, 2, 0, 1, 0, 2, 1, 0, 0, 1, 1, 3, 0, 1, 3, 3, 1, 0, 0, 2, 0, 0, 0, 0, 1, 0, 0, 0, 1, 0, 1, 2, 0, 1, 1, 0, 0, 0, 0, 0],790.0799945868791,57951.42221290124,88960.86369927591,false
38,G1_CMAX,G1_CMAX,[31, 22, 82, 15, 26, 99, 95, 42, 77, 12, 47, 5, 93, 78, 86, 54, 21, 63, 18, 44, 20, 35, 43, 97, 91, 76, 10, 30, 85, 45, 71, 64, 1, 23, 57, 83, 24, 14, 60, 36, 81, 17, 40, 88, 65, 56, 79, 94, 67, 68, 46, 75, 38, 9, 19, 32, 41, 6, 27, 87, 90, 58, 59, 11, 16, 72, 73, 70, 39, 37, 84, 3, 92, 25, 55, 28, 62, 29, 51, 7, 33, 61, 98, 48, 89, 50, 4, 96, 53, 80, 66, 8, 34, 49, 52, 0, 13, 2, 69, 74]|[1, 1, 0, 1, 1, 0, 1, 1, 2, 1, 2, 2, 2, 1, 1, 0, 0, 1, 0, 2, 2, 0, 1, 2, 0, 1, 2, 2, 0, 0, 1, 2, 1, 2, 1, 0, 2, 0, 1, 1, 0, 1, 1, 1, 0, 2, 1, 1, 0, 0, 0, 0, 1, 1, 2, 1, 2, 2, 0, 2, 1, 0, 1, 2, 1, 2, 1, 1, 1, 1, 1, 1, 0, 1, 2, 2, 0, 0, 2, 2, 2, 1, 2, 0, 1, 0, 1, 2, 0, 0, 2, 1, 2, 0, 1, 0, 0, 0, 1, 2]|[0, 3, 2, 2, 4, 1, 2, 3, 2, 4, 1, 1, 2, 4, 4, 1, 1, 4, 2, 1, 1, 1, 1, 2, 1, 2, 1, 1, 2, 1, 3, 2, 3, 0, 4, 0, 1, 1, 0, 3, 2, 2, 2, 0, 1, 1, 0, 4, 0, 1, 2, 2, 1, 4, 0, 3, 2, 2, 1, 1, 3, 1, 1, 1, 3, 0, 4, 3, 1, 4, 1, 1, 0, 4, 1, 1, 2, 1, 2, 1, 1, 3, 1, 1, 1, 1, 4, 1, 2, 1, 1, 3, 1, 1, 1, 2, 2, 2, 4, 1]|[0, 2, 1, 1, 3, 0, 1, 3, 0, 0, 0, 0, 1, 0, 1, 0, 0, 3, 1, 0, 0, 0, 3, 1, 0, 2, 0, 0, 0, 1, 0, 0, 0, 0, 3, 0, 1, 0, 0, 2, 1, 1, 1, 0, 0, 0, 0, 2, 1, 0, 0, 0, 1, 3, 0, 0, 1, 1, 0, 0, 2, 0, 1, 0, 2, 1, 0, 0, 1, 1, 3, 1, 1, 3, 0, 0, 1, 0, 1, 0, 0, 0, 0, 0, 1, 0, 0, 0, 1, 0, 0, 2, 0, 1, 1, 0, 0, 0, 2, 0],714.4485115867469,58161.785232764836,94013.66617097157,false
38,G4_BALANCED,G4_BALANCED,[31, 22, 82, 15, 26, 58, 95, 42, 77, 12, 47, 5, 93, 78, 86, 54, 85, 63, 18, 44, 20, 35, 43, 97, 66, 76, 10, 30, 21, 45, 71, 64, 1, 23, 17, 83, 24, 14, 60, 36, 6, 57, 40, 88, 65, 56, 79, 94, 67, 68, 46, 29, 38, 9, 19, 32, 81, 41, 27, 87, 90, 62, 99, 59, 11, 16, 72, 73, 70, 39, 37, 84, 3, 92, 25, 55, 28, 75, 51, 7, 91, 61, 98, 8, 89, 50, 33, 96, 49, 48, 80, 4, 34, 53, 52, 0, 13, 2, 69, 74]|[1, 1, 0, 1, 1, 0, 1, 2, 2, 1, 2, 2, 2, 1, 1, 0, 0, 1, 0, 2, 2, 0, 1, 2, 0, 1, 2, 2, 0, 0, 1, 2, 1, 2, 1, 0, 2, 0, 1, 1, 0, 1, 1, 1, 0, 2, 1, 1, 0, 0, 0, 0, 1, 1, 2, 1, 2, 0, 0, 2, 1, 0, 0, 2, 2, 1, 2, 1, 1, 1, 1, 1, 1, 0, 1, 2, 0, 0, 0, 1, 2, 1, 1, 1, 1, 0, 2, 2, 0, 0, 0, 1, 2, 0, 1, 0, 0, 0, 1, 2]|[4, 3, 2, 2, 4, 1, 2, 2, 2, 4, 1, 1, 2, 4, 4, 1, 1, 4, 2, 1, 1, 1, 1, 2, 1, 2, 1, 1, 1, 1, 3, 1, 3, 1, 4, 0, 1, 1, 0, 3, 2, 2, 2, 0, 1, 1, 0, 4, 0, 1, 2, 1, 1, 4, 0, 3, 2, 1, 1, 1, 3, 2, 1, 1, 1, 3, 1, 4, 3, 1, 4, 1, 1, 0, 4, 1, 2, 2, 1, 1, 1, 3, 4, 3, 1, 1, 1, 1, 1, 1, 1, 4, 1, 2, 1, 2, 2, 2, 4, 1]|[0, 2, 1, 1, 3, 0, 1, 0, 0, 0, 0, 0, 1, 0, 1, 0, 0, 3, 1, 0, 0, 0, 3, 1, 0, 2, 0, 0, 0, 0, 0, 0, 0, 0, 3, 0, 1, 0, 0, 2, 1, 1, 1, 0, 0, 0, 0, 2, 1, 0, 0, 0, 1, 3, 0, 0, 1, 0, 0, 0, 2, 1, 0, 0, 0, 2, 0, 0, 0, 1, 1, 3, 1, 1, 3, 0, 1, 0, 0, 2, 0, 0, 1, 2, 1, 0, 0, 0, 1, 0, 0, 0, 0, 1, 1, 0, 0, 0, 2, 0],820.9533813903317,55075.289204387875,98896.49816512917,false
38,G2_TEC,G2_TEC,[31, 22, 82, 15, 26, 9, 95, 42, 77, 68, 47, 5, 93, 78, 86, 54, 85, 63, 18, 44, 20, 49, 36, 14, 74, 50, 53, 17, 21, 28, 11, 64, 3, 23, 30, 83, 24, 41, 40, 52, 65, 27, 90, 70, 39, 87, 48, 69, 99, 4, 75, 1, 13, 58, 97, 59, 45, 8, 73, 37, 35, 79, 71, 66, 76, 32, 60, 80, 56, 6, 67, 61, 33, 7, 57, 34, 12, 16, 10, 98, 96, 88, 43, 46, 91, 38, 84, 92, 29, 19, 51, 55, 81, 89, 25, 72, 94, 2, 0, 62]|[2, 1, 2, 1, 1, 2, 1, 1, 1, 1, 1, 0, 2, 2, 1, 2, 0, 0, 0, 2, 2, 1, 0, 2, 0, 2, 2, 1, 0, 1, 1, 1, 0, 0, 1, 0, 2, 1, 2, 2, 0, 0, 1, 1, 0, 2, 0, 2, 1, 0, 0, 2, 0, 0, 2, 0, 1, 1, 0, 0, 2, 1, 1, 2, 2, 0, 2, 2, 2, 1, 2, 1, 1, 2, 0, 1, 1, 2, 1, 2, 0, 1, 1, 0, 1, 0, 0, 0, 1, 1, 1, 0, 1, 1, 1, 1, 2, 2, 0, 1]|[0, 3, 0, 3, 4, 1, 4, 4, 2, 4, 3, 2, 1, 0, 2, 1, 1, 1, 2, 1, 1, 3, 0, 1, 0, 1, 1, 4, 1, 4, 3, 2, 2, 0, 4, 1, 1, 4, 1, 1, 2, 1, 4, 4, 1, 1, 0, 2, 3, 2, 2, 1, 2, 1, 1, 2, 4, 3, 0, 2, 2, 3, 3, 1, 1, 2, 1, 1, 1, 4, 1, 3, 4, 1, 2, 4, 3, 1, 3, 1, 2, 4, 4, 2, 3, 2, 2, 2, 3, 4, 3, 2, 4, 4, 4, 4, 1, 1, 2, 3]|[0, 2, 0, 0, 3, 0, 1, 3, 0, 0, 2, 0, 1, 0, 1, 0, 0, 0, 1, 0, 0, 2, 0, 0, 1, 0, 0, 3, 0, 1, 0, 2, 0, 0, 3, 0, 1, 1, 0, 0, 0, 0, 1, 3, 0, 0, 1, 0, 2, 0, 0, 0, 0, 0, 1, 0, 1, 0, 1, 1, 0, 2, 0, 0, 0, 0, 0, 0, 0, 2, 0, 0, 1, 0, 0, 1, 0, 0, 3, 0, 0, 1, 2, 0, 0, 0, 0, 0, 3, 1, 0, 0, 2, 1, 3, 1, 0, 0, 0, 0],908.8272556494078,49235.066718390466,107289.32240407266,false
38,G3_TWC,G3_TWC,[31, 22, 82, 15, 26, 58, 95, 42, 77, 12, 47, 5, 93, 78, 98, 54, 85, 63, 18, 44, 20, 35, 43, 97, 91, 76, 10, 30, 21, 45, 71, 64, 1, 23, 17, 83, 24, 14, 60, 36, 6, 57, 94, 88, 65, 56, 79, 40, 67, 68, 46, 75, 39, 9, 19, 32, 81, 96, 27, 62, 87, 90, 99, 59, 11, 16, 72, 73, 70, 38, 37, 84, 3, 92, 25, 55, 28, 29, 51, 7, 33, 61, 86, 48, 89, 50, 69, 41, 53, 80, 4, 8, 34, 49, 52, 0, 13, 2, 66, 74]|[1, 1, 0, 1, 1, 1, 2, 1, 2, 1, 2, 2, 2, 1, 1, 0, 0, 1, 0, 2, 2, 0, 1, 2, 0, 1, 2, 2, 0, 0, 1, 2, 1, 2, 1, 0, 2, 0, 1, 1, 0, 1, 1, 1, 0, 2, 1, 1, 0, 0, 0, 0, 1, 1, 2, 1, 2, 0, 0, 0, 2, 1, 0, 1, 2, 1, 2, 1, 1, 1, 1, 1, 2, 0, 1, 1, 0, 0, 0, 1, 2, 1, 0, 0, 1, 0, 1, 0, 0, 0, 0, 1, 2, 0, 1, 0, 0, 0, 2, 2]|[4, 3, 2, 2, 0, 0, 2, 2, 2, 4, 1, 1, 2, 4, 4, 1, 1, 4, 2, 1, 1, 1, 1, 2, 1, 2, 1, 1, 1, 1, 3, 2, 3, 0, 4, 0, 1, 1, 0, 3, 2, 2, 4, 0, 1, 1, 0, 2, 0, 1, 2, 2, 1, 4, 0, 3, 2, 1, 1, 2, 1, 3, 1, 1, 1, 3, 0, 4, 3, 1, 4, 1, 1, 2, 4, 4, 2, 1, 1, 3, 1, 3, 1, 1, 1, 1, 3, 1, 2, 1, 2, 3, 1, 1, 1, 2, 2, 2, 1, 1]|[0, 2, 1, 1, 3, 3, 0, 1, 0, 0, 0, 0, 1, 0, 1, 0, 0, 3, 1, 0, 0, 0, 3, 1, 0, 2, 0, 0, 0, 1, 0, 0, 0, 0, 3, 0, 1, 0, 0, 2, 1, 1, 2, 0, 0, 0, 0, 1, 1, 0, 0, 0, 1, 3, 0, 0, 1, 0, 0, 1, 0, 2, 0, 1, 0, 2, 1, 0, 0, 1, 1, 3, 0, 1, 3, 3, 1, 0, 0, 2, 0, 0, 0, 0, 1, 0, 0, 0, 1, 0, 1, 2, 0, 1, 1, 0, 0, 0, 0, 0],790.0799945868791,57951.42221290124,88960.86369927591,false
38,G1_CMAX,G1_CMAX,[31, 22, 82, 15, 26, 99, 95, 42, 77, 12, 47, 5, 93, 78, 86, 54, 21, 63, 18, 44, 20, 35, 43, 97, 91, 76, 10, 30, 85, 45, 71, 64, 1, 23, 57, 83, 24, 14, 60, 36, 81, 17, 40, 88, 65, 56, 79, 94, 67, 68, 46, 75, 38, 9, 19, 32, 41, 6, 27, 87, 90, 58, 59, 11, 16, 72, 73, 70, 39, 37, 84, 3, 92, 25, 55, 28, 62, 29, 51, 7, 33, 61, 98, 48, 89, 50, 4, 96, 53, 80, 66, 8, 34, 49, 52, 0, 13, 2, 69, 74]|[1, 1, 0, 1, 1, 0, 1, 1, 2, 1, 2, 2, 2, 1, 1, 0, 0, 1, 0, 2, 2, 0, 1, 2, 0, 1, 2, 2, 0, 0, 1, 2, 1, 2, 1, 0, 2, 0, 1, 1, 0, 1, 1, 1, 0, 2, 1, 1, 0, 0, 0, 0, 1, 1, 2, 1, 2, 2, 0, 2, 1, 0, 1, 2, 1, 2, 1, 1, 1, 1, 1, 1, 0, 1, 2, 2, 0, 0, 2, 2, 2, 1, 2, 0, 1, 0, 1, 2, 0, 0, 2, 1, 2, 0, 1, 0, 0, 0, 1, 2]|[0, 3, 2, 2, 4, 1, 2, 3, 2, 4, 1, 1, 2, 4, 4, 1, 1, 4, 2, 1, 1, 1, 1, 2, 1, 2, 1, 1, 2, 1, 3, 2, 3, 0, 4, 0, 1, 1, 0, 3, 2, 2, 2, 0, 1, 1, 0, 4, 0, 1, 2, 2, 1, 4, 0, 3, 2, 2, 1, 1, 3, 1, 1, 1, 3, 0, 4, 3, 1, 4, 1, 1, 0, 4, 1, 1, 2, 1, 2, 1, 1, 3, 1, 1, 1, 1, 4, 1, 2, 1, 1, 3, 1, 1, 1, 2, 2, 2, 4, 1]|[0, 2, 1, 1, 3, 0, 1, 3, 0, 0, 0, 0, 1, 0, 1, 0, 0, 3, 1, 0, 0, 0, 3, 1, 0, 2, 0, 0, 0, 1, 0, 0, 0, 0, 3, 0, 1, 0, 0, 2, 1, 1, 1, 0, 0, 0, 0, 2, 1, 0, 0, 0, 1, 3, 0, 0, 1, 1, 0, 0, 2, 0, 1, 0, 2, 1, 0, 0, 1, 1, 3, 1, 1, 3, 0, 0, 1, 0, 1, 0, 0, 0, 0, 0, 1, 0, 0, 0, 1, 0, 0, 2, 0, 1, 1, 0, 0, 0, 2, 0],714.4485115867469,58161.785232764836,94013.66617097157,false
38,G4_BALANCED,G4_BALANCED,[31, 11, 15, 82, 26, 9, 95, 32, 77, 68, 47, 5, 93, 78, 86, 54, 85, 63, 18, 44, 20, 49, 36, 14, 74, 50, 53, 17, 21, 45, 71, 64, 3, 23, 30, 83, 24, 41, 60, 52, 65, 27, 90, 70, 39, 87, 48, 69, 99, 4, 46, 1, 13, 58, 97, 59, 28, 75, 73, 37, 35, 79, 22, 66, 76, 42, 40, 80, 96, 6, 16, 61, 33, 7, 57, 34, 12, 67, 10, 98, 56, 88, 29, 94, 91, 38, 51, 92, 43, 84, 19, 72, 81, 25, 0, 55, 62, 89, 8, 2]|[2, 1, 1, 2, 1, 2, 1, 1, 1, 1, 1, 0, 2, 2, 1, 2, 0, 0, 0, 2, 2, 1, 0, 2, 0, 2, 2, 1, 0, 1, 1, 1, 0, 0, 1, 0, 2, 1, 2, 2, 0, 0, 1, 1, 0, 2, 0, 2, 1, 0, 0, 2, 0, 0, 2, 0, 1, 0, 0, 0, 2, 1, 0, 2, 2, 0, 2, 2, 0, 1, 2, 1, 1, 2, 0, 1, 1, 1, 1, 2, 2, 1, 1, 2, 1, 0, 1, 0, 1, 0, 1, 1, 1, 1, 0, 0, 1, 1, 1, 2]|[0, 3, 2, 0, 4, 1, 4, 4, 2, 4, 3, 2, 1, 0, 2, 1, 1, 1, 2, 1, 1, 3, 0, 1, 0, 1, 1, 4, 1, 4, 3, 2, 2, 0, 4, 1, 1, 4, 0, 1, 2, 1, 4, 4, 1, 1, 0, 2, 3, 1, 2, 1, 2, 1, 1, 2, 4, 2, 0, 2, 2, 3, 1, 0, 1, 2, 0, 1, 2, 4, 1, 3, 4, 1, 2, 4, 3, 3, 3, 1, 1, 4, 3, 1, 3, 2, 3, 2, 4, 2, 4, 4, 1, 4, 2, 2, 3, 4, 3, 1]|[0, 2, 1, 0, 3, 0, 1, 3, 0, 0, 2, 0, 1, 0, 1, 0, 0, 0, 1, 0, 0, 2, 0, 0, 1, 0, 0, 3, 0, 1, 0, 2, 0, 1, 3, 0, 1, 3, 1, 0, 0, 0, 1, 3, 0, 0, 1, 0, 2, 0, 0, 0, 0, 0, 1, 0, 1, 0, 1, 1, 0, 2, 0, 0, 0, 0, 0, 0, 0, 2, 0, 0, 1, 0, 0, 1, 0, 0, 3, 0, 0, 1, 0, 0, 0, 0, 0, 0, 2, 0, 3, 2, 1, 3, 0, 0, 0, 1, 0, 0],838.0858887121581,52145.01293281826,108083.60693758915,false
38,G2_TEC,G2_TEC,[31, 22, 82, 15, 26, 9, 95, 42, 77, 68, 47, 5, 93, 78, 86, 54, 85, 63, 18, 44, 20, 49, 36, 14, 74, 50, 53, 17, 21, 28, 11, 64, 3, 23, 30, 83, 24, 41, 40, 52, 65, 27, 90, 70, 39, 87, 48, 69, 99, 4, 75, 1, 13, 58, 97, 59, 45, 8, 73, 37, 35, 79, 71, 66, 76, 32, 60, 80, 56, 6, 67, 61, 33, 7, 57, 34, 12, 16, 10, 98, 96, 88, 43, 46, 91, 38, 84, 92, 29, 19, 51, 55, 81, 89, 25, 72, 94, 2, 0, 62]|[2, 1, 2, 1, 1, 2, 1, 1, 1, 1, 1, 0, 2, 2, 1, 2, 0, 0, 0, 2, 2, 1, 0, 2, 0, 2, 2, 1, 0, 1, 1, 1, 0, 0, 1, 0, 2, 1, 2, 2, 0, 0, 1, 1, 0, 2, 0, 2, 1, 0, 0, 2, 0, 0, 2, 0, 1, 1, 0, 0, 2, 1, 1, 2, 2, 0, 2, 2, 2, 1, 2, 1, 1, 2, 0, 1, 1, 2, 1, 2, 0, 1, 1, 0, 1, 0, 0, 0, 1, 1, 1, 0, 1, 1, 1, 1, 2, 2, 0, 1]|[0, 3, 0, 3, 4, 1, 4, 4, 2, 4, 3, 2, 1, 0, 2, 1, 1, 1, 2, 1, 1, 3, 0, 1, 0, 1, 1, 4, 1, 4, 3, 2, 2, 0, 4, 1, 1, 4, 1, 1, 2, 1, 4, 4, 1, 1, 0, 2, 3, 2, 2, 1, 2, 1, 1, 2, 4, 3, 0, 2, 2, 3, 3, 1, 1, 2, 1, 1, 1, 4, 1, 3, 4, 1, 2, 4, 3, 1, 3, 1, 2, 4, 4, 2, 3, 2, 2, 2, 3, 4, 3, 2, 4, 4, 4, 4, 1, 1, 2, 3]|[0, 2, 0, 0, 3, 0, 1, 3, 0, 0, 2, 0, 1, 0, 1, 0, 0, 0, 1, 0, 0, 2, 0, 0, 1, 0, 0, 3, 0, 1, 0, 2, 0, 0, 3, 0, 1, 1, 0, 0, 0, 0, 1, 3, 0, 0, 1, 0, 2, 0, 0, 0, 0, 0, 1, 0, 1, 0, 1, 1, 0, 2, 0, 0, 0, 0, 0, 0, 0, 2, 0, 0, 1, 0, 0, 1, 0, 0, 3, 0, 0, 1, 2, 0, 0, 0, 0, 0, 3, 1, 0, 0, 2, 1, 3, 1, 0, 0, 0, 0],908.8272556494078,49235.066718390466,107289.32240407266,false
38,G3_TWC,G3_TWC,[31, 22, 82, 15, 26, 58, 95, 42, 77, 12, 47, 5, 93, 78, 98, 54, 85, 63, 18, 44, 20, 35, 43, 97, 91, 76, 10, 30, 21, 45, 71, 64, 1, 23, 17, 83, 24, 14, 60, 36, 6, 57, 94, 88, 65, 56, 79, 40, 67, 68, 46, 75, 39, 9, 19, 32, 81, 96, 27, 62, 87, 90, 99, 59, 11, 16, 72, 73, 70, 38, 37, 84, 3, 92, 25, 55, 28, 29, 51, 7, 33, 61, 86, 48, 89, 50, 69, 41, 53, 80, 4, 8, 34, 49, 52, 0, 13, 2, 66, 74]|[1, 1, 0, 1, 1, 1, 2, 1, 2, 1, 2, 2, 2, 1, 1, 0, 0, 1, 0, 2, 2, 0, 1, 2, 0, 1, 2, 2, 0, 0, 1, 2, 1, 2, 1, 0, 2, 0, 1, 1, 0, 1, 1, 1, 0, 2, 1, 1, 0, 0, 0, 0, 1, 1, 2, 1, 2, 0, 0, 0, 2, 1, 0, 1, 2, 1, 2, 1, 1, 1, 1, 1, 2, 0, 1, 1, 0, 0, 0, 1, 2, 1, 0, 0, 1, 0, 1, 0, 0, 0, 0, 1, 2, 0, 1, 0, 0, 0, 2, 2]|[4, 3, 2, 2, 0, 0, 2, 2, 2, 4, 1, 1, 2, 4, 4, 1, 1, 4, 2, 1, 1, 1, 1, 2, 1, 2, 1, 1, 1, 1, 3, 2, 3, 0, 4, 0, 1, 1, 0, 3, 2, 2, 4, 0, 1, 1, 0, 2, 0, 1, 2, 2, 1, 4, 0, 3, 2, 1, 1, 2, 1, 3, 1, 1, 1, 3, 0, 4, 3, 1, 4, 1, 1, 2, 4, 4, 2, 1, 1, 3, 1, 3, 1, 1, 1, 1, 3, 1, 2, 1, 2, 3, 1, 1, 1, 2, 2, 2, 1, 1]|[0, 2, 1, 1, 3, 3, 0, 1, 0, 0, 0, 0, 1, 0, 1, 0, 0, 3, 1, 0, 0, 0, 3, 1, 0, 2, 0, 0, 0, 1, 0, 0, 0, 0, 3, 0, 1, 0, 0, 2, 1, 1, 2, 0, 0, 0, 0, 1, 1, 0, 0, 0, 1, 3, 0, 0, 1, 0, 0, 1, 0, 2, 0, 1, 0, 2, 1, 0, 0, 1, 1, 3, 0, 1, 3, 3, 1, 0, 0, 2, 0, 0, 0, 0, 1, 0, 0, 0, 1, 0, 1, 2, 0, 1, 1, 0, 0, 0, 0, 0],790.0799945868791,57951.42221290124,88960.86369927591,false
38,G1_CMAX,G1_CMAX,[31, 22, 82, 15, 26, 99, 95, 42, 77, 12, 47, 5, 93, 78, 86, 54, 21, 63, 18, 44, 20, 35, 43, 97, 91, 76, 10, 30, 85, 45, 71, 64, 1, 23, 57, 83, 24, 14, 60, 36, 81, 17, 40, 88, 65, 56, 79, 94, 67, 68, 46, 75, 38, 9, 19, 32, 41, 6, 27, 87, 90, 58, 59, 11, 16, 72, 73, 70, 39, 37, 84, 3, 92, 25, 55, 28, 62, 29, 51, 7, 33, 61, 98, 48, 89, 50, 4, 96, 53, 80, 66, 8, 34, 49, 52, 0, 13, 2, 69, 74]|[1, 1, 0, 1, 1, 0, 1, 1, 2, 1, 2, 2, 2, 1, 1, 0, 0, 1, 0, 2, 2, 0, 1, 2, 0, 1, 2, 2, 0, 0, 1, 2, 1, 2, 1, 0, 2, 0, 1, 1, 0, 1, 1, 1, 0, 2, 1, 1, 0, 0, 0, 0, 1, 1, 2, 1, 2, 2, 0, 2, 1, 0, 1, 2, 1, 2, 1, 1, 1, 1, 1, 1, 0, 1, 2, 2, 0, 0, 2, 2, 2, 1, 2, 0, 1, 0, 1, 2, 0, 0, 2, 1, 2, 0, 1, 0, 0, 0, 1, 2]|[0, 3, 2, 2, 4, 1, 2, 3, 2, 4, 1, 1, 2, 4, 4, 1, 1, 4, 2, 1, 1, 1, 1, 2, 1, 2, 1, 1, 2, 1, 3, 2, 3, 0, 4, 0, 1, 1, 0, 3, 2, 2, 2, 0, 1, 1, 0, 4, 0, 1, 2, 2, 1, 4, 0, 3, 2, 2, 1, 1, 3, 1, 1, 1, 3, 0, 4, 3, 1, 4, 1, 1, 0, 4, 1, 1, 2, 1, 2, 1, 1, 3, 1, 1, 1, 1, 4, 1, 2, 1, 1, 3, 1, 1, 1, 2, 2, 2, 4, 1]|[0, 2, 1, 1, 3, 0, 1, 3, 0, 0, 0, 0, 1, 0, 1, 0, 0, 3, 1, 0, 0, 0, 3, 1, 0, 2, 0, 0, 0, 1, 0, 0, 0, 0, 3, 0, 1, 0, 0, 2, 1, 1, 1, 0, 0, 0, 0, 2, 1, 0, 0, 0, 1, 3, 0, 0, 1, 1, 0, 0, 2, 0, 1, 0, 2, 1, 0, 0, 1, 1, 3, 1, 1, 3, 0, 0, 1, 0, 1, 0, 0, 0, 0, 0, 1, 0, 0, 0, 1, 0, 0, 2, 0, 1, 1, 0, 0, 0, 2, 0],714.4485115867469,58161.785232764836,94013.66617097157,false
38,G4_BALANCED,G4_BALANCED,[31, 22, 82, 15, 26, 9, 95, 42, 77, 68, 47, 5, 93, 78, 86, 54, 85, 63, 18, 44, 20, 49, 36, 14, 74, 50, 53, 17, 21, 28, 11, 64, 3, 23, 30, 83, 24, 41, 40, 52, 65, 27, 90, 70, 39, 87, 48, 69, 99, 4, 46, 1, 13, 58, 19, 59, 45, 8, 73, 37, 35, 79, 71, 66, 76, 32, 60, 80, 56, 6, 67, 61, 33, 7, 57, 34, 12, 16, 10, 89, 96, 88, 43, 75, 91, 38, 97, 92, 29, 84, 51, 55, 81, 98, 25, 72, 94, 2, 62, 0]|[2, 1, 2, 1, 1, 0, 1, 1, 1, 1, 1, 0, 2, 2, 1, 2, 0, 0, 0, 2, 2, 1, 0, 2, 0, 2, 2, 1, 0, 1, 1, 1, 0, 0, 1, 0, 2, 1, 2, 2, 0, 0, 1, 1, 0, 2, 0, 2, 1, 0, 0, 2, 0, 0, 2, 0, 1, 1, 0, 0, 2, 1, 1, 2, 2, 0, 2, 2, 2, 1, 2, 1, 1, 2, 0, 1, 1, 2, 1, 1, 0, 1, 1, 0, 1, 0, 1, 0, 1, 0, 1, 0, 1, 2, 1, 1, 2, 2, 1, 0]|[0, 3, 0, 3, 4, 1, 4, 4, 2, 4, 3, 2, 1, 0, 2, 1, 1, 1, 2, 1, 1, 3, 0, 1, 0, 1, 1, 4, 1, 4, 3, 2, 2, 0, 4, 1, 1, 4, 1, 1, 2, 1, 4, 4, 1, 1, 0, 2, 3, 2, 2, 1, 2, 1, 1, 2, 4, 3, 0, 2, 2, 3, 3, 1, 1, 2, 1, 1, 1, 4, 1, 3, 4, 1, 2, 4, 3, 1, 3, 4, 2, 4, 4, 2, 3, 2, 4, 2, 3, 2, 3, 2, 4, 1, 4, 4, 1, 1, 3, 2]|[0, 2, 0, 0, 3, 0, 1, 3, 0, 0, 2, 0, 1, 0, 1, 0, 0, 0, 1, 0, 0, 2, 0, 0, 1, 0, 0, 3, 0, 1, 0, 2, 0, 0, 3, 0, 1, 1, 0, 0, 0, 0, 1, 3, 0, 0, 1, 0, 2, 0, 0, 0, 0, 0, 1, 0, 1, 0, 1, 1, 0, 2, 0, 0, 0, 0, 0, 0, 0, 2, 0, 0, 1, 0, 0, 1, 0, 0, 3, 1, 0, 1, 2, 0, 0, 0, 1, 0, 3, 0, 0, 0, 2, 0, 3, 1, 0, 0, 0, 0],921.2929394516713,49492.41128185718,105639.49851806405,false
38,G2_TEC,G2_TEC,[31, 22, 82, 15, 26, 9, 95, 42, 77, 68, 47, 5, 93, 78, 86, 54, 85, 63, 18, 44, 20, 49, 36, 14, 74, 50, 53, 17, 21, 28, 11, 64, 3, 23, 30, 83, 24, 41, 40, 52, 65, 27, 90, 70, 39, 87, 48, 69, 99, 4, 75, 1, 13, 58, 97, 59, 45, 8, 73, 37, 35, 79, 71, 66, 76, 32, 60, 80, 56, 6, 67, 61, 33, 7, 57, 34, 12, 16, 10, 98, 96, 88, 43, 46, 91, 38, 84, 92, 29, 19, 51, 55, 81, 89, 25, 72, 94, 2, 0, 62]|[2, 1, 2, 1, 1, 2, 1, 1, 1, 1, 1, 0, 2, 2, 1, 2, 0, 0, 0, 2, 2, 1, 0, 2, 0, 2, 2, 1, 0, 1, 1, 1, 0, 0, 1, 0, 2, 1, 2, 2, 0, 0, 1, 1, 0, 2, 0, 2, 1, 0, 0, 2, 0, 0, 2, 0, 1, 1, 0, 0, 2, 1, 1, 2, 2, 0, 2, 2, 2, 1, 2, 1, 1, 2, 0, 1, 1, 2, 1, 2, 0, 1, 1, 0, 1, 0, 0, 0, 1, 1, 1, 0, 1, 1, 1, 1, 2, 2, 0, 1]|[0, 3, 0, 3, 4, 1, 4, 4, 2, 4, 3, 2, 1, 0, 2, 1, 1, 1, 2, 1, 1, 3, 0, 1, 0, 1, 1, 4, 1, 4, 3, 2, 2, 0, 4, 1, 1, 4, 1, 1, 2, 1, 4, 4, 1, 1, 0, 2, 3, 2, 2, 1, 2, 1, 1, 2, 4, 3, 0, 2, 2, 3, 3, 1, 1, 2, 1, 1, 1, 4, 1, 3, 4, 1, 2, 4, 3, 1, 3, 1, 2, 4, 4, 2, 3, 2, 2, 2, 3, 4, 3, 2, 4, 4, 4, 4, 1, 1, 2, 3]|[0, 2, 0, 0, 3, 0, 1, 3, 0, 0, 2, 0, 1, 0, 1, 0, 0, 0, 1, 0, 0, 2, 0, 0, 1, 0, 0, 3, 0, 1, 0, 2, 0, 0, 3, 0, 1, 1, 0, 0, 0, 0, 1, 3, 0, 0, 1, 0, 2, 0, 0, 0, 0, 0, 1, 0, 1, 0, 1, 1, 0, 2, 0, 0, 0, 0, 0, 0, 0, 2, 0, 0, 1, 0, 0, 1, 0, 0, 3, 0, 0, 1, 2, 0, 0, 0, 0, 0, 3, 1, 0, 0, 2, 1, 3, 1, 0, 0, 0, 0],908.8272556494078,49235.066718390466,107289.32240407266,false
38,G3_TWC,G3_TWC,[31, 22, 82, 15, 26, 58, 95, 42, 77, 12, 47, 5, 93, 78, 98, 54, 85, 63, 18, 44, 20, 35, 43, 97, 91, 76, 10, 30, 21, 45, 71, 64, 1, 23, 17, 83, 24, 14, 60, 36, 6, 57, 94, 88, 65, 56, 79, 40, 67, 68, 46, 75, 39, 9, 19, 32, 81, 96, 27, 62, 87, 90, 99, 59, 11, 16, 72, 73, 70, 38, 37, 84, 3, 92, 25, 55, 28, 29, 51, 7, 33, 61, 86, 48, 89, 50, 69, 41, 53, 80, 4, 8, 34, 49, 52, 0, 13, 2, 66, 74]|[1, 1, 0, 1, 1, 1, 2, 1, 2, 1, 2, 2, 2, 1, 1, 0, 0, 1, 0, 2, 2, 0, 1, 2, 0, 1, 2, 2, 0, 0, 1, 2, 1, 2, 1, 0, 2, 0, 1, 1, 0, 1, 1, 1, 0, 2, 1, 1, 0, 0, 0, 0, 1, 1, 2, 1, 2, 0, 0, 0, 2, 1, 0, 1, 2, 1, 2, 1, 1, 1, 1, 1, 2, 0, 1, 1, 0, 0, 0, 1, 2, 1, 0, 0, 1, 0, 1, 0, 0, 0, 0, 1, 2, 0, 1, 0, 0, 0, 2, 2]|[4, 3, 2, 2, 0, 0, 2, 2, 2, 4, 1, 1, 2, 4, 4, 1, 1, 4, 2, 1, 1, 1, 1, 2, 1, 2, 1, 1, 1, 1, 3, 2, 3, 0, 4, 0, 1, 1, 0, 3, 2, 2, 4, 0, 1, 1, 0, 2, 0, 1, 2, 2, 1, 4, 0, 3, 2, 1, 1, 2, 1, 3, 1, 1, 1, 3, 0, 4, 3, 1, 4, 1, 1, 2, 4, 4, 2, 1, 1, 3, 1, 3, 1, 1, 1, 1, 3, 1, 2, 1, 2, 3, 1, 1, 1, 2, 2, 2, 1, 1]|[0, 2, 1, 1, 3, 3, 0, 1, 0, 0, 0, 0, 1, 0, 1, 0, 0, 3, 1, 0, 0, 0, 3, 1, 0, 2, 0, 0, 0, 1, 0, 0, 0, 0, 3, 0, 1, 0, 0, 2, 1, 1, 2, 0, 0, 0, 0, 1, 1, 0, 0, 0, 1, 3, 0, 0, 1, 0, 0, 1, 0, 2, 0, 1, 0, 2, 1, 0, 0, 1, 1, 3, 0, 1, 3, 3, 1, 0, 0, 2, 0, 0, 0, 0, 1, 0, 0, 0, 1, 0, 1, 2, 0, 1, 1, 0, 0, 0, 0, 0],790.0799945868791,57951.42221290124,88960.86369927591,false
38,G1_CMAX,G1_CMAX,[31, 22, 82, 15, 26, 99, 95, 42, 77, 12, 47, 5, 93, 78, 86, 54, 21, 63, 18, 44, 20, 35, 43, 97, 91, 76, 10, 30, 85, 45, 71, 64, 1, 23, 57, 83, 24, 14, 60, 36, 81, 17, 40, 88, 65, 56, 79, 94, 67, 68, 46, 75, 38, 9, 19, 32, 41, 6, 27, 87, 90, 58, 59, 11, 16, 72, 73, 70, 39, 37, 84, 3, 92, 25, 55, 28, 62, 29, 51, 7, 33, 61, 98, 48, 89, 50, 4, 96, 53, 80, 66, 8, 34, 49, 52, 0, 13, 2, 69, 74]|[1, 1, 0, 1, 1, 0, 1, 1, 2, 1, 2, 2, 2, 1, 1, 0, 0, 1, 0, 2, 2, 0, 1, 2, 0, 1, 2, 2, 0, 0, 1, 2, 1, 2, 1, 0, 2, 0, 1, 1, 0, 1, 1, 1, 0, 2, 1, 1, 0, 0, 0, 0, 1, 1, 2, 1, 2, 2, 0, 2, 1, 0, 1, 2, 1, 2, 1, 1, 1, 1, 1, 1, 0, 1, 2, 2, 0, 0, 2, 2, 2, 1, 2, 0, 1, 0, 1, 2, 0, 0, 2, 1, 2, 0, 1, 0, 0, 0, 1, 2]|[0, 3, 2, 2, 4, 1, 2, 3, 2, 4, 1, 1, 2, 4, 4, 1, 1, 4, 2, 1, 1, 1, 1, 2, 1, 2, 1, 1, 2, 1, 3, 2, 3, 0, 4, 0, 1, 1, 0, 3, 2, 2, 2, 0, 1, 1, 0, 4, 0, 1, 2, 2, 1, 4, 0, 3, 2, 2, 1, 1, 3, 1, 1, 1, 3, 0, 4, 3, 1, 4, 1, 1, 0, 4, 1, 1, 2, 1, 2, 1, 1, 3, 1, 1, 1, 1, 4, 1, 2, 1, 1, 3, 1, 1, 1, 2, 2, 2, 4, 1]|[0, 2, 1, 1, 3, 0, 1, 3, 0, 0, 0, 0, 1, 0, 1, 0, 0, 3, 1, 0, 0, 0, 3, 1, 0, 2, 0, 0, 0, 1, 0, 0, 0, 0, 3, 0, 1, 0, 0, 2, 1, 1, 1, 0, 0, 0, 0, 2, 1, 0, 0, 0, 1, 3, 0, 0, 1, 1, 0, 0, 2, 0, 1, 0, 2, 1, 0, 0, 1, 1, 3, 1, 1, 3, 0, 0, 1, 0, 1, 0, 0, 0, 0, 0, 1, 0, 0, 0, 1, 0, 0, 2, 0, 1, 1, 0, 0, 0, 2, 0],714.4485115867469,58161.785232764836,94013.66617097157,false
38,G4_BALANCED,G4_BALANCED,[31, 22, 82, 15, 26, 58, 95, 42, 77, 12, 47, 5, 93, 78, 86, 54, 85, 63, 18, 44, 20, 35, 43, 97, 66, 76, 79, 30, 21, 45, 71, 64, 1, 23, 17, 83, 24, 14, 60, 36, 6, 57, 40, 88, 65, 56, 10, 94, 67, 68, 46, 75, 38, 9, 19, 32, 41, 81, 27, 62, 87, 90, 99, 59, 11, 16, 72, 73, 69, 39, 37, 84, 3, 92, 25, 55, 29, 28, 51, 7, 33, 61, 48, 98, 89, 50, 4, 96, 53, 80, 91, 8, 34, 2, 52, 70, 13, 0, 49, 74]|[1, 1, 0, 1, 1, 0, 1, 2, 2, 1, 2, 2, 2, 1, 1, 0, 0, 1, 0, 2, 2, 0, 1, 2, 2, 1, 2, 2, 0, 0, 1, 2, 1, 2, 1, 0, 2, 0, 1, 1, 0, 1, 1, 1, 0, 2, 2, 1, 0, 0, 0, 0, 1, 1, 2, 1, 0, 2, 0, 0, 2, 1, 0, 1, 2, 1, 2, 1, 1, 1, 1, 1, 1, 0, 1, 2, 0, 0, 0, 1, 2, 1, 0, 2, 1, 0, 1, 2, 0, 0, 0, 1, 2, 0, 1, 1, 0, 0, 0, 2]|[4, 3, 2, 2, 4, 1, 2, 2, 2, 4, 1, 1, 2, 4, 4, 1, 2, 4, 2, 1, 1, 1, 1, 2, 1, 2, 1, 1, 1, 1, 3, 1, 3, 1, 4, 0, 1, 1, 0, 3, 2, 2, 2, 0, 1, 1, 1, 4, 0, 1, 2, 2, 1, 4, 0, 3, 1, 1, 1, 2, 1, 3, 1, 1, 1, 3, 0, 4, 4, 1, 4, 1, 1, 0, 4, 1, 1, 2, 1, 1, 1, 3, 1, 1, 1, 1, 4, 1, 2, 1, 1, 3, 1, 2, 1, 3, 2, 2, 1, 1]|[0, 2, 1, 1, 3, 0, 1, 0, 0, 0, 0, 0, 1, 0, 1, 0, 0, 3, 1, 0, 0, 0, 3, 1, 0, 2, 0, 0, 0, 0, 0, 0, 0, 0, 3, 0, 1, 0, 0, 2, 1, 1, 1, 0, 0, 0, 0, 2, 1, 0, 0, 0, 1, 3, 0, 0, 0, 0, 0, 1, 0, 2, 0, 1, 0, 2, 1, 0, 2, 1, 1, 3, 1, 1, 3, 0, 0, 1, 0, 2, 0, 0, 0, 0, 1, 0, 0, 0, 1, 0, 0, 2, 0, 0, 1, 0, 0, 0, 1, 0],777.436160111927,55362.22348255077,98760.25566819475,false
38,G2_TEC,G2_TEC,[31, 22, 82, 15, 26, 9, 95, 42, 77, 68, 47, 5, 93, 78, 86, 54, 85, 63, 18, 44, 20, 49, 36, 14, 74, 50, 53, 17, 21, 28, 11, 64, 3, 23, 30, 83, 24, 41, 40, 52, 65, 27, 90, 70, 39, 87, 48, 69, 99, 4, 75, 1, 13, 58, 97, 59, 45, 8, 73, 37, 35, 79, 71, 66, 76, 32, 60, 80, 56, 6, 67, 61, 33, 7, 57, 34, 12, 16, 10, 98, 96, 88, 43, 46, 91, 38, 84, 92, 29, 19, 51, 55, 81, 89, 25, 72, 94, 2, 0, 62]|[2, 1, 2, 1, 1, 2, 1, 1, 1, 1, 1, 0, 2, 2, 1, 2, 0, 0, 0, 2, 2, 1, 0, 2, 0, 2, 2, 1, 0, 1, 1, 1, 0, 0, 1, 0, 2, 1, 2, 2, 0, 0, 1, 1, 0, 2, 0, 2, 1, 0, 0, 2, 0, 0, 2, 0, 1, 1, 0, 0, 2, 1, 1, 2, 2, 0, 2, 2, 2, 1, 2, 1, 1, 2, 0, 1, 1, 2, 1, 2, 0, 1, 1, 0, 1, 0, 0, 0, 1, 1, 1, 0, 1, 1, 1, 1, 2, 2, 0, 1]|[0, 3, 0, 3, 4, 1, 4, 4, 2, 4, 3, 2, 1, 0, 2, 1, 1, 1, 2, 1, 1, 3, 0, 1, 0, 1, 1, 4, 1, 4, 3, 2, 2, 0, 4, 1, 1, 4, 1, 1, 2, 1, 4, 4, 1, 1, 0, 2, 3, 2, 2, 1, 2, 1, 1, 2, 4, 3, 0, 2, 2, 3, 3, 1, 1, 2, 1, 1, 1, 4, 1, 3, 4, 1, 2, 4, 3, 1, 3, 1, 2, 4, 4, 2, 3, 2, 2, 2, 3, 4, 3, 2, 4, 4, 4, 4, 1, 1, 2, 3]|[0, 2, 0, 0, 3, 0, 1, 3, 0, 0, 2, 0, 1, 0, 1, 0, 0, 0, 1, 0, 0, 2, 0, 0, 1, 0, 0, 3, 0, 1, 0, 2, 0, 0, 3, 0, 1, 1, 0, 0, 0, 0, 1, 3, 0, 0, 1, 0, 2, 0, 0, 0, 0, 0, 1, 0, 1, 0, 1, 1, 0, 2, 0, 0, 0, 0, 0, 0, 0, 2, 0, 0, 1, 0, 0, 1, 0, 0, 3, 0, 0, 1, 2, 0, 0, 0, 0, 0, 3, 1, 0, 0, 2, 1, 3, 1, 0, 0, 0, 0],908.8272556494078,49235.066718390466,107289.32240407266,false
38,G3_TWC,G3_TWC,[31, 22, 82, 15, 26, 58, 95, 42, 77, 12, 47, 5, 93, 78, 98, 54, 85, 63, 18, 44, 20, 35, 43, 97, 91, 76, 10, 30, 21, 45, 71, 64, 1, 23, 17, 83, 24, 14, 60, 36, 6, 57, 94, 88, 65, 56, 79, 40, 67, 68, 46, 75, 39, 9, 19, 32, 81, 96, 27, 62, 87, 90, 99, 59, 11, 16, 72, 73, 70, 38, 37, 84, 3, 92, 25, 55, 28, 29, 51, 7, 33, 61, 86, 48, 89, 50, 69, 41, 53, 80, 4, 8, 34, 49, 52, 0, 13, 2, 66, 74]|[1, 1, 0, 1, 1, 1, 2, 1, 2, 1, 2, 2, 2, 1, 1, 0, 0, 1, 0, 2, 2, 0, 1, 2, 0, 1, 2, 2, 0, 0, 1, 2, 1, 2, 1, 0, 2, 0, 1, 1, 0, 1, 1, 1, 0, 2, 1, 1, 0, 0, 0, 0, 1, 1, 2, 1, 2, 0, 0, 0, 2, 1, 0, 1, 2, 1, 2, 1, 1, 1, 1, 1, 2, 0, 1, 1, 0, 0, 0, 1, 2, 1, 0, 0, 1, 0, 1, 0, 0, 0, 0, 1, 2, 0, 1, 0, 0, 0, 2, 2]|[4, 3, 2, 2, 0, 0, 2, 2, 2, 4, 1, 1, 2, 4, 4, 1, 1, 4, 2, 1, 1, 1, 1, 2, 1, 2, 1, 1, 1, 1, 3, 2, 3, 0, 4, 0, 1, 1, 0, 3, 2, 2, 4, 0, 1, 1, 0, 2, 0, 1, 2, 2, 1, 4, 0, 3, 2, 1, 1, 2, 1, 3, 1, 1, 1, 3, 0, 4, 3, 1, 4, 1, 1, 2, 4, 4, 2, 1, 1, 3, 1, 3, 1, 1, 1, 1, 3, 1, 2, 1, 2, 3, 1, 1, 1, 2, 2, 2, 1, 1]|[0, 2, 1, 1, 3, 3, 0, 1, 0, 0, 0, 0, 1, 0, 1, 0, 0, 3, 1, 0, 0, 0, 3, 1, 0, 2, 0, 0, 0, 1, 0, 0, 0, 0, 3, 0, 1, 0, 0, 2, 1, 1, 2, 0, 0, 0, 0, 1, 1, 0, 0, 0, 1, 3, 0, 0, 1, 0, 0, 1, 0, 2, 0, 1, 0, 2, 1, 0, 0, 1, 1, 3, 0, 1, 3, 3, 1, 0, 0, 2, 0, 0, 0, 0, 1, 0, 0, 0, 1, 0, 1, 2, 0, 1, 1, 0, 0, 0, 0, 0],790.0799945868791,57951.42221290124,88960.86369927591,false
38,G1_CMAX,G1_CMAX,[31, 22, 82, 15, 26, 99, 95, 42, 77, 12, 47, 5, 93, 78, 86, 54, 21, 63, 18, 44, 20, 35, 43, 97, 91, 76, 10, 30, 85, 45, 71, 64, 1, 23, 57, 83, 24, 14, 60, 36, 81, 17, 40, 88, 65, 56, 79, 94, 67, 68, 46, 75, 38, 9, 19, 32, 41, 6, 27, 87, 90, 58, 59, 11, 16, 72, 73, 70, 39, 37, 84, 3, 92, 25, 55, 28, 62, 29, 51, 7, 33, 61, 98, 48, 89, 50, 4, 96, 53, 80, 66, 8, 34, 49, 52, 0, 13, 2, 69, 74]|[1, 1, 0, 1, 1, 0, 1, 1, 2, 1, 2, 2, 2, 1, 1, 0, 0, 1, 0, 2, 2, 0, 1, 2, 0, 1, 2, 2, 0, 0, 1, 2, 1, 2, 1, 0, 2, 0, 1, 1, 0, 1, 1, 1, 0, 2, 1, 1, 0, 0, 0, 0, 1, 1, 2, 1, 2, 2, 0, 2, 1, 0, 1, 2, 1, 2, 1, 1, 1, 1, 1, 1, 0, 1, 2, 2, 0, 0, 2, 2, 2, 1, 2, 0, 1, 0, 1, 2, 0, 0, 2, 1, 2, 0, 1, 0, 0, 0, 1, 2]|[0, 3, 2, 2, 4, 1, 2, 3, 2, 4, 1, 1, 2, 4, 4, 1, 1, 4, 2, 1, 1, 1, 1, 2, 1, 2, 1, 1, 2, 1, 3, 2, 3, 0, 4, 0, 1, 1, 0, 3, 2, 2, 2, 0, 1, 1, 0, 4, 0, 1, 2, 2, 1, 4, 0, 3, 2, 2, 1, 1, 3, 1, 1, 1, 3, 0, 4, 3, 1, 4, 1, 1, 0, 4, 1, 1, 2, 1, 2, 1, 1, 3, 1, 1, 1, 1, 4, 1, 2, 1, 1, 3, 1, 1, 1, 2, 2, 2, 4, 1]|[0, 2, 1, 1, 3, 0, 1, 3, 0, 0, 0, 0, 1, 0, 1, 0, 0, 3, 1, 0, 0, 0, 3, 1, 0, 2, 0, 0, 0, 1, 0, 0, 0, 0, 3, 0, 1, 0, 0, 2, 1, 1, 1, 0, 0, 0, 0, 2, 1, 0, 0, 0, 1, 3, 0, 0, 1, 1, 0, 0, 2, 0, 1, 0, 2, 1, 0, 0, 1, 1, 3, 1, 1, 3, 0, 0, 1, 0, 1, 0, 0, 0, 0, 0, 1, 0, 0, 0, 1, 0, 0, 2, 0, 1, 1, 0, 0, 0, 2, 0],714.4485115867469,58161.785232764836,94013.66617097157,false
38,G4_BALANCED,G4_BALANCED,[31, 22, 82, 15, 26, 9, 95, 42, 77, 68, 47, 5, 93, 78, 86, 54, 85, 63, 18, 44, 20, 49, 36, 14, 74, 50, 53, 17, 21, 28, 11, 64, 3, 23, 30, 83, 24, 41, 40, 52, 65, 27, 90, 70, 39, 87, 48, 69, 99, 4, 46, 1, 13, 58, 19, 59, 45, 8, 73, 37, 35, 79, 71, 66, 76, 32, 60, 80, 96, 6, 67, 61, 33, 7, 57, 34, 12, 16, 10, 98, 56, 88, 43, 75, 91, 38, 97, 92, 29, 84, 51, 55, 81, 25, 89, 72, 94, 2, 0, 62]|[2, 1, 2, 1, 1, 0, 1, 1, 1, 1, 1, 0, 2, 2, 1, 2, 0, 0, 0, 2, 2, 1, 0, 2, 0, 2, 2, 1, 0, 1, 1, 1, 0, 0, 1, 0, 2, 1, 2, 2, 0, 0, 1, 1, 0, 2, 0, 2, 1, 0, 0, 2, 0, 0, 2, 0, 1, 1, 0, 0, 2, 1, 1, 1, 2, 0, 2, 2, 0, 1, 2, 1, 1, 2, 0, 1, 1, 2, 1, 2, 0, 1, 1, 0, 1, 0, 1, 0, 1, 0, 1, 0, 1, 1, 1, 1, 2, 2, 0, 1]|[0, 3, 0, 3, 4, 1, 4, 4, 2, 4, 3, 2, 1, 0, 2, 1, 1, 1, 2, 1, 1, 3, 0, 1, 0, 1, 1, 4, 1, 4, 3, 2, 2, 0, 4, 1, 1, 4, 1, 1, 2, 1, 4, 4, 1, 1, 0, 2, 3, 2, 2, 1, 2, 1, 1, 2, 4, 3, 0, 2, 2, 3, 3, 1, 1, 2, 1, 1, 2, 4, 1, 3, 4, 1, 2, 4, 3, 1, 3, 1, 2, 4, 4, 2, 3, 2, 4, 2, 3, 2, 3, 2, 4, 4, 4, 4, 1, 1, 2, 3]|[0, 2, 0, 0, 3, 0, 1, 3, 0, 0, 2, 0, 1, 0, 1, 0, 0, 0, 1, 0, 0, 2, 0, 0, 1, 0, 0, 3, 0, 1, 0, 2, 0, 0, 3, 0, 1, 1, 0, 0, 0, 0, 1, 3, 0, 0, 1, 0, 2, 0, 0, 0, 0, 1, 1, 0, 1, 0, 1, 1, 0, 2, 0, 2, 0, 0, 0, 0, 0, 2, 0, 0, 1, 0, 0, 1, 0, 0, 3, 0, 0, 1, 2, 0, 0, 0, 1, 0, 3, 0, 0, 0, 2, 3, 1, 1, 0, 0, 0, 0],920.7076635939763,50247.30683839398,102805.06006721003,false
38,G2_TEC,G2_TEC,[31, 22, 82, 15, 26, 9, 95, 42, 77, 68, 47, 5, 93, 78, 86, 54, 85, 63, 18, 44, 20, 49, 36, 14, 74, 50, 53, 17, 21, 28, 11, 64, 3, 23, 30, 83, 24, 41, 40, 52, 65, 27, 90, 70, 39, 87, 48, 69, 99, 4, 75, 1, 13, 58, 97, 59, 45, 8, 73, 37, 35, 79, 71, 66, 76, 32, 60, 80, 56, 6, 67, 61, 33, 7, 57, 34, 12, 16, 10, 98, 96, 88, 43, 46, 91, 38, 84, 92, 29, 19, 51, 55, 81, 89, 25, 72, 94, 2, 0, 62]|[2, 1, 2, 1, 1, 2, 1, 1, 1, 1, 1, 0, 2, 2, 1, 2, 0, 0, 0, 2, 2, 1, 0, 2, 0, 2, 2, 1, 0, 1, 1, 1, 0, 0, 1, 0, 2, 1, 2, 2, 0, 0, 1, 1, 0, 2, 0, 2, 1, 0, 0, 2, 0, 0, 2, 0, 1, 1, 0, 0, 2, 1, 1, 2, 2, 0, 2, 2, 2, 1, 2, 1, 1, 2, 0, 1, 1, 2, 1, 2, 0, 1, 1, 0, 1, 0, 0, 0, 1, 1, 1, 0, 1, 1, 1, 1, 2, 2, 0, 1]|[0, 3, 0, 3, 4, 1, 4, 4, 2, 4, 3, 2, 1, 0, 2, 1, 1, 1, 2, 1, 1, 3, 0, 1, 0, 1, 1, 4, 1, 4, 3, 2, 2, 0, 4, 1, 1, 4, 1, 1, 2, 1, 4, 4, 1, 1, 0, 2, 3, 2, 2, 1, 2, 1, 1, 2, 4, 3, 0, 2, 2, 3, 3, 1, 1, 2, 1, 1, 1, 4, 1, 3, 4, 1, 2, 4, 3, 1, 3, 1, 2, 4, 4, 2, 3, 2, 2, 2, 3, 4, 3, 2, 4, 4, 4, 4, 1, 1, 2, 3]|[0, 2, 0, 0, 3, 0, 1, 3, 0, 0, 2, 0, 1, 0, 1, 0, 0, 0, 1, 0, 0, 2, 0, 0, 1, 0, 0, 3, 0, 1, 0, 2, 0, 0, 3, 0, 1, 1, 0, 0, 0, 0, 1, 3, 0, 0, 1, 0, 2, 0, 0, 0, 0, 0, 1, 0, 1, 0, 1, 1, 0, 2, 0, 0, 0, 0, 0, 0, 0, 2, 0, 0, 1, 0, 0, 1, 0, 0, 3, 0, 0, 1, 2, 0, 0, 0, 0, 0, 3, 1, 0, 0, 2, 1, 3, 1, 0, 0, 0, 0],908.8272556494078,49235.066718390466,107289.32240407266,false
38,G3_TWC,G3_TWC,[31, 22, 82, 15, 26, 58, 95, 42, 77, 12, 47, 5, 93, 78, 98, 54, 85, 63, 18, 44, 20, 35, 43, 97, 91, 76, 10, 30, 21, 45, 71, 64, 1, 23, 17, 83, 24, 14, 60, 36, 6, 57, 94, 88, 65, 56, 79, 40, 67, 68, 46, 75, 39, 9, 19, 32, 81, 96, 27, 62, 87, 90, 99, 59, 11, 16, 72, 73, 70, 38, 37, 84, 3, 92, 25, 55, 28, 29, 51, 7, 33, 61, 86, 48, 89, 50, 69, 41, 53, 80, 4, 8, 34, 49, 52, 0, 13, 2, 66, 74]|[1, 1, 0, 1, 1, 1, 2, 1, 2, 1, 2, 2, 2, 1, 1, 0, 0, 1, 0, 2, 2, 0, 1, 2, 0, 1, 2, 2, 0, 0, 1, 2, 1, 2, 1, 0, 2, 0, 1, 1, 0, 1, 1, 1, 0, 2, 1, 1, 0, 0, 0, 0, 1, 1, 2, 1, 2, 0, 0, 0, 2, 1, 0, 1, 2, 1, 2, 1, 1, 1, 1, 1, 2, 0, 1, 1, 0, 0, 0, 1, 2, 1, 0, 0, 1, 0, 1, 0, 0, 0, 0, 1, 2, 0, 1, 0, 0, 0, 2, 2]|[4, 3, 2, 2, 0, 0, 2, 2, 2, 4, 1, 1, 2, 4, 4, 1, 1, 4, 2, 1, 1, 1, 1, 2, 1, 2, 1, 1, 1, 1, 3, 2, 3, 0, 4, 0, 1, 1, 0, 3, 2, 2, 4, 0, 1, 1, 0, 2, 0, 1, 2, 2, 1, 4, 0, 3, 2, 1, 1, 2, 1, 3, 1, 1, 1, 3, 0, 4, 3, 1, 4, 1, 1, 2, 4, 4, 2, 1, 1, 3, 1, 3, 1, 1, 1, 1, 3, 1, 2, 1, 2, 3, 1, 1, 1, 2, 2, 2, 1, 1]|[0, 2, 1, 1, 3, 3, 0, 1, 0, 0, 0, 0, 1, 0, 1, 0, 0, 3, 1, 0, 0, 0, 3, 1, 0, 2, 0, 0, 0, 1, 0, 0, 0, 0, 3, 0, 1, 0, 0, 2, 1, 1, 2, 0, 0, 0, 0, 1, 1, 0, 0, 0, 1, 3, 0, 0, 1, 0, 0, 1, 0, 2, 0, 1, 0, 2, 1, 0, 0, 1, 1, 3, 0, 1, 3, 3, 1, 0, 0, 2, 0, 0, 0, 0, 1, 0, 0, 0, 1, 0, 1, 2, 0, 1, 1, 0, 0, 0, 0, 0],790.0799945868791,57951.42221290124,88960.86369927591,false
38,G1_CMAX,G1_CMAX,[31, 22, 82, 15, 26, 99, 95, 42, 77, 12, 47, 5, 93, 78, 86, 54, 21, 63, 18, 44, 20, 35, 43, 97, 91, 76, 10, 30, 85, 45, 71, 64, 1, 23, 57, 83, 24, 14, 60, 36, 81, 17, 40, 88, 65, 56, 79, 94, 67, 68, 46, 75, 38, 9, 19, 32, 41, 6, 27, 87, 90, 58, 59, 11, 16, 72, 73, 70, 39, 37, 84, 3, 92, 25, 55, 28, 62, 29, 51, 7, 33, 61, 98, 48, 89, 50, 4, 96, 53, 80, 66, 8, 34, 49, 52, 0, 13, 2, 69, 74]|[1, 1, 0, 1, 1, 0, 1, 1, 2, 1, 2, 2, 2, 1, 1, 0, 0, 1, 0, 2, 2, 0, 1, 2, 0, 1, 2, 2, 0, 0, 1, 2, 1, 2, 1, 0, 2, 0, 1, 1, 0, 1, 1, 1, 0, 2, 1, 1, 0, 0, 0, 0, 1, 1, 2, 1, 2, 2, 0, 2, 1, 0, 1, 2, 1, 2, 1, 1, 1, 1, 1, 1, 0, 1, 2, 2, 0, 0, 2, 2, 2, 1, 2, 0, 1, 0, 1, 2, 0, 0, 2, 1, 2, 0, 1, 0, 0, 0, 1, 2]|[0, 3, 2, 2, 4, 1, 2, 3, 2, 4, 1, 1, 2, 4, 4, 1, 1, 4, 2, 1, 1, 1, 1, 2, 1, 2, 1, 1, 2, 1, 3, 2, 3, 0, 4, 0, 1, 1, 0, 3, 2, 2, 2, 0, 1, 1, 0, 4, 0, 1, 2, 2, 1, 4, 0, 3, 2, 2, 1, 1, 3, 1, 1, 1, 3, 0, 4, 3, 1, 4, 1, 1, 0, 4, 1, 1, 2, 1, 2, 1, 1, 3, 1, 1, 1, 1, 4, 1, 2, 1, 1, 3, 1, 1, 1, 2, 2, 2, 4, 1]|[0, 2, 1, 1, 3, 0, 1, 3, 0, 0, 0, 0, 1, 0, 1, 0, 0, 3, 1, 0, 0, 0, 3, 1, 0, 2, 0, 0, 0, 1, 0, 0, 0, 0, 3, 0, 1, 0, 0, 2, 1, 1, 1, 0, 0, 0, 0, 2, 1, 0, 0, 0, 1, 3, 0, 0, 1, 1, 0, 0, 2, 0, 1, 0, 2, 1, 0, 0, 1, 1, 3, 1, 1, 3, 0, 0, 1, 0, 1, 0, 0, 0, 0, 0, 1, 0, 0, 0, 1, 0, 0, 2, 0, 1, 1, 0, 0, 0, 2, 0],714.4485115867469,58161.785232764836,94013.66617097157,false
38,G4_BALANCED,G4_BALANCED,[31, 22, 82, 15, 26, 9, 95, 42, 77, 68, 47, 5, 93, 78, 86, 54, 85, 63, 18, 44, 20, 49, 36, 14, 74, 50, 53, 17, 21, 28, 11, 64, 3, 23, 30, 83, 24, 41, 40, 52, 65, 27, 90, 70, 39, 87, 48, 69, 99, 4, 46, 1, 13, 58, 19, 59, 45, 8, 73, 37, 35, 79, 71, 66, 76, 32, 60, 80, 96, 6, 67, 61, 33, 7, 57, 34, 12, 16, 10, 98, 56, 88, 43, 75, 91, 38, 97, 92, 29, 84, 51, 55, 81, 25, 89, 72, 94, 2, 0, 62]|[2, 1, 2, 1, 1, 0, 1, 1, 1, 1, 1, 0, 2, 2, 1, 2, 0, 0, 0, 2, 2, 1, 0, 2, 0, 2, 2, 1, 0, 1, 1, 1, 0, 0, 1, 0, 2, 1, 2, 2, 0, 0, 1, 1, 0, 2, 0, 2, 1, 0, 0, 2, 0, 0, 2, 0, 1, 1, 0, 0, 2, 1, 1, 1, 2, 0, 2, 2, 0, 1, 2, 1, 1, 2, 0, 1, 1, 2, 1, 2, 0, 1, 1, 0, 1, 0, 1, 0, 1, 0, 1, 0, 1, 1, 1, 1, 2, 2, 0, 1]|[0, 3, 0, 3, 4, 1, 4, 4, 2, 4, 3, 2, 1, 0, 2, 1, 1, 1, 2, 1, 1, 3, 0, 1, 0, 1, 1, 4, 1, 4, 3, 2, 2, 0, 4, 1, 1, 4, 1, 1, 2, 1, 4, 4, 1, 1, 0, 2, 3, 2, 2, 1, 2, 1, 1, 2, 4, 3, 0, 2, 2, 3, 3, 1, 1, 2, 1, 1, 2, 4, 1, 3, 4, 1, 2, 4, 3, 1, 3, 1, 2, 4, 4, 2, 3, 2, 4, 2, 3, 2, 3, 2, 4, 4, 4, 4, 1, 1, 2, 3]|[0, 2, 0, 0, 3, 0, 1, 3, 0, 0, 2, 0, 1, 0, 1, 0, 0, 0, 1, 0, 0, 2, 0, 0, 1, 0, 0, 3, 0, 1, 0, 2, 0, 0, 3, 0, 1, 1, 0, 0, 0, 0, 1, 3, 0, 0, 1, 0, 2, 0, 0, 0, 0, 1, 1, 0, 1, 0, 1, 1, 0, 2, 0, 2, 0, 0, 0, 0, 0, 2, 0, 0, 1, 0, 0, 1, 0, 0, 3, 0, 0, 1, 2, 0, 0, 0, 1, 0, 3, 0, 0, 0, 2, 3, 1, 1, 0, 0, 0, 0],920.7076635939763,50247.30683839398,102805.06006721003,false
38,G2_TEC,G2_TEC,[31, 22, 82, 15, 26, 9, 95, 42, 77, 68, 47, 5, 93, 78, 86, 54, 85, 63, 18, 44, 20, 49, 36, 14, 74, 50, 53, 17, 21, 28, 11, 64, 3, 23, 30, 83, 24, 41, 40, 52, 65, 27, 90, 70, 39, 87, 48, 69, 99, 4, 75, 1, 13, 58, 97, 59, 45, 8, 73, 37, 35, 79, 71, 66, 76, 32, 60, 80, 56, 6, 67, 61, 33, 7, 57, 34, 12, 16, 10, 98, 96, 88, 43, 46, 91, 38, 84, 92, 29, 19, 51, 55, 81, 89, 25, 72, 94, 2, 0, 62]|[2, 1, 2, 1, 1, 2, 1, 1, 1, 1, 1, 0, 2, 2, 1, 2, 0, 0, 0, 2, 2, 1, 0, 2, 0, 2, 2, 1, 0, 1, 1, 1, 0, 0, 1, 0, 2, 1, 2, 2, 0, 0, 1, 1, 0, 2, 0, 2, 1, 0, 0, 2, 0, 0, 2, 0, 1, 1, 0, 0, 2, 1, 1, 2, 2, 0, 2, 2, 2, 1, 2, 1, 1, 2, 0, 1, 1, 2, 1, 2, 0, 1, 1, 0, 1, 0, 0, 0, 1, 1, 1, 0, 1, 1, 1, 1, 2, 2, 0, 1]|[0, 3, 0, 3, 4, 1, 4, 4, 2, 4, 3, 2, 1, 0, 2, 1, 1, 1, 2, 1, 1, 3, 0, 1, 0, 1, 1, 4, 1, 4, 3, 2, 2, 0, 4, 1, 1, 4, 1, 1, 2, 1, 4, 4, 1, 1, 0, 2, 3, 2, 2, 1, 2, 1, 1, 2, 4, 3, 0, 2, 2, 3, 3, 1, 1, 2, 1, 1, 1, 4, 1, 3, 4, 1, 2, 4, 3, 1, 3, 1, 2, 4, 4, 2, 3, 2, 2, 2, 3, 4, 3, 2, 4, 4, 4, 4, 1, 1, 2, 3]|[0, 2, 0, 0, 3, 0, 1, 3, 0, 0, 2, 0, 1, 0, 1, 0, 0, 0, 1, 0, 0, 2, 0, 0, 1, 0, 0, 3, 0, 1, 0, 2, 0, 0, 3, 0, 1, 1, 0, 0, 0, 0, 1, 3, 0, 0, 1, 0, 2, 0, 0, 0, 0, 0, 1, 0, 1, 0, 1, 1, 0, 2, 0, 0, 0, 0, 0, 0, 0, 2, 0, 0, 1, 0, 0, 1, 0, 0, 3, 0, 0, 1, 2, 0, 0, 0, 0, 0, 3, 1, 0, 0, 2, 1, 3, 1, 0, 0, 0, 0],908.8272556494078,49235.066718390466,107289.32240407266,false
38,G3_TWC,G3_TWC,[31, 22, 82, 15, 26, 58, 95, 42, 77, 12, 47, 5, 93, 78, 98, 54, 85, 63, 18, 44, 20, 35, 43, 97, 91, 76, 10, 30, 21, 45, 71, 64, 1, 23, 17, 83, 24, 14, 60, 36, 6, 57, 94, 88, 65, 56, 79, 40, 67, 68, 46, 75, 39, 9, 19, 32, 81, 96, 27, 62, 87, 90, 99, 59, 11, 16, 72, 73, 70, 38, 37, 84, 3, 92, 25, 55, 28, 29, 51, 7, 33, 61, 86, 48, 89, 50, 69, 41, 53, 80, 4, 8, 34, 49, 52, 0, 13, 2, 66, 74]|[1, 1, 0, 1, 1, 1, 2, 1, 2, 1, 2, 2, 2, 1, 1, 0, 0, 1, 0, 2, 2, 0, 1, 2, 0, 1, 2, 2, 0, 0, 1, 2, 1, 2, 1, 0, 2, 0, 1, 1, 0, 1, 1, 1, 0, 2, 1, 1, 0, 0, 0, 0, 1, 1, 2, 1, 2, 0, 0, 0, 2, 1, 0, 1, 2, 1, 2, 1, 1, 1, 1, 1, 2, 0, 1, 1, 0, 0, 0, 1, 2, 1, 0, 0, 1, 0, 1, 0, 0, 0, 0, 1, 2, 0, 1, 0, 0, 0, 2, 2]|[4, 3, 2, 2, 0, 0, 2, 2, 2, 4, 1, 1, 2, 4, 4, 1, 1, 4, 2, 1, 1, 1, 1, 2, 1, 2, 1, 1, 1, 1, 3, 2, 3, 0, 4, 0, 1, 1, 0, 3, 2, 2, 4, 0, 1, 1, 0, 2, 0, 1, 2, 2, 1, 4, 0, 3, 2, 1, 1, 2, 1, 3, 1, 1, 1, 3, 0, 4, 3, 1, 4, 1, 1, 2, 4, 4, 2, 1, 1, 3, 1, 3, 1, 1, 1, 1, 3, 1, 2, 1, 2, 3, 1, 1, 1, 2, 2, 2, 1, 1]|[0, 2, 1, 1, 3, 3, 0, 1, 0, 0, 0, 0, 1, 0, 1, 0, 0, 3, 1, 0, 0, 0, 3, 1, 0, 2, 0, 0, 0, 1, 0, 0, 0, 0, 3, 0, 1, 0, 0, 2, 1, 1, 2, 0, 0, 0, 0, 1, 1, 0, 0, 0, 1, 3, 0, 0, 1, 0, 0, 1, 0, 2, 0, 1, 0, 2, 1, 0, 0, 1, 1, 3, 0, 1, 3, 3, 1, 0, 0, 2, 0, 0, 0, 0, 1, 0, 0, 0, 1, 0, 1, 2, 0, 1, 1, 0, 0, 0, 0, 0],790.0799945868791,57951.42221290124,88960.86369927591,false
38,G1_CMAX,G1_CMAX,[31, 22, 82, 15, 26, 99, 95, 42, 77, 12, 47, 5, 93, 78, 86, 54, 21, 63, 18, 44, 20, 35, 43, 97, 91, 76, 10, 30, 85, 45, 71, 64, 1, 23, 57, 83, 24, 14, 60, 36, 81, 17, 40, 88, 65, 56, 79, 94, 67, 68, 46, 75, 38, 9, 19, 32, 41, 6, 27, 87, 90, 58, 59, 11, 16, 72, 73, 70, 39, 37, 84, 3, 92, 25, 55, 28, 62, 29, 51, 7, 33, 61, 98, 48, 89, 50, 4, 96, 53, 80, 66, 8, 34, 49, 52, 0, 13, 2, 69, 74]|[1, 1, 0, 1, 1, 0, 1, 1, 2, 1, 2, 2, 2, 1, 1, 0, 0, 1, 0, 2, 2, 0, 1, 2, 0, 1, 2, 2, 0, 0, 1, 2, 1, 2, 1, 0, 2, 0, 1, 1, 0, 1, 1, 1, 0, 2, 1, 1, 0, 0, 0, 0, 1, 1, 2, 1, 2, 2, 0, 2, 1, 0, 1, 2, 1, 2, 1, 1, 1, 1, 1, 1, 0, 1, 2, 2, 0, 0, 2, 2, 2, 1, 2, 0, 1, 0, 1, 2, 0, 0, 2, 1, 2, 0, 1, 0, 0, 0, 1, 2]|[0, 3, 2, 2, 4, 1, 2, 3, 2, 4, 1, 1, 2, 4, 4, 1, 1, 4, 2, 1, 1, 1, 1, 2, 1, 2, 1, 1, 2, 1, 3, 2, 3, 0, 4, 0, 1, 1, 0, 3, 2, 2, 2, 0, 1, 1, 0, 4, 0, 1, 2, 2, 1, 4, 0, 3, 2, 2, 1, 1, 3, 1, 1, 1, 3, 0, 4, 3, 1, 4, 1, 1, 0, 4, 1, 1, 2, 1, 2, 1, 1, 3, 1, 1, 1, 1, 4, 1, 2, 1, 1, 3, 1, 1, 1, 2, 2, 2, 4, 1]|[0, 2, 1, 1, 3, 0, 1, 3, 0, 0, 0, 0, 1, 0, 1, 0, 0, 3, 1, 0, 0, 0, 3, 1, 0, 2, 0, 0, 0, 1, 0, 0, 0, 0, 3, 0, 1, 0, 0, 2, 1, 1, 1, 0, 0, 0, 0, 2, 1, 0, 0, 0, 1, 3, 0, 0, 1, 1, 0, 0, 2, 0, 1, 0, 2, 1, 0, 0, 1, 1, 3, 1, 1, 3, 0, 0, 1, 0, 1, 0, 0, 0, 0, 0, 1, 0, 0, 0, 1, 0, 0, 2, 0, 1, 1, 0, 0, 0, 2, 0],714.4485115867469,58161.785232764836,94013.66617097157,false
38,G4_BALANCED,G1_CMAX,[22, 82, 3, 58, 95, 42, 77, 47, 5, 93, 78, 12, 86, 54, 50, 63, 18, 44, 20, 35, 43, 97, 91, 76, 10, 30, 21, 45, 71, 64, 36, 23, 17, 83, 24, 14, 60, 1, 6, 40, 57, 90, 65, 56, 79, 94, 67, 68, 46, 75, 38, 9, 19, 32, 81, 41, 27, 62, 16, 55, 59, 89, 88, 87, 31, 72, 73, 70, 39, 37, 84, 92, 25, 11, 48, 15, 29, 51, 7, 33, 61, 98, 28, 99, 26, 85, 66, 96, 53, 80, 4, 8, 34, 49, 52, 2, 13, 0, 69, 74]|[1, 0, 1, 0, 1, 2, 2, 2, 2, 2, 1, 1, 1, 0, 0, 1, 0, 2, 2, 0, 1, 2, 0, 1, 2, 2, 0, 0, 1, 2, 1, 2, 1, 0, 2, 0, 1, 1, 0, 1, 1, 1, 0, 2, 1, 1, 0, 0, 0, 0, 1, 1, 2, 1, 2, 0, 0, 0, 1, 2, 1, 1, 1, 1, 1, 2, 1, 2, 1, 1, 1, 0, 1, 2, 2, 1, 0, 0, 1, 2, 1, 2, 0, 1, 1, 0, 0, 2, 0, 0, 1, 1, 2, 0, 1, 0, 0, 0, 1, 2]|[3, 2, 1, 1, 2, 1, 2, 1, 1, 2, 4, 4, 4, 1, 1, 4, 2, 1, 1, 1, 1, 2, 1, 2, 1, 1, 2, 1, 3, 2, 3, 1, 4, 1, 1, 1, 0, 3, 2, 2, 2, 3, 1, 1, 0, 4, 0, 1, 2, 2, 1, 4, 0, 3, 2, 1, 1, 2, 3, 1, 1, 1, 0, 3, 0, 0, 3, 0, 1, 4, 1, 0, 4, 1, 1, 4, 1, 1, 1, 1, 3, 1, 2, 1, 0, 2, 1, 1, 2, 1, 4, 3, 1, 1, 1, 2, 2, 2, 4, 1]|[3, 1, 2, 0, 1, 0, 0, 0, 0, 1, 0, 0, 1, 0, 0, 3, 1, 0, 0, 0, 3, 1, 0, 2, 0, 0, 0, 1, 0, 0, 2, 0, 3, 0, 1, 0, 0, 0, 1, 1, 1, 2, 0, 0, 0, 2, 1, 0, 0, 0, 1, 3, 0, 0, 1, 0, 0, 1, 2, 0, 1, 1, 0, 2, 0, 1, 0, 1, 1, 1, 1, 1, 3, 0, 0, 3, 0, 0, 2, 0, 0, 0, 1, 1, 3, 0, 0, 0, 1, 0, 0, 2, 0, 1, 1, 0, 0, 0, 2, 0],715.7913946700162,58060.95961022334,95287.06515100288,true
38,G2_TEC,G2_TEC,[31, 22, 82, 15, 26, 9, 95, 42, 77, 68, 47, 5, 93, 78, 86, 54, 85, 63, 18, 44, 20, 49, 36, 14, 74, 50, 53, 17, 21, 28, 11, 64, 3, 23, 30, 83, 24, 41, 40, 52, 65, 27, 90, 70, 39, 87, 48, 69, 99, 4, 75, 1, 13, 58, 97, 59, 45, 8, 73, 37, 35, 79, 71, 66, 76, 32, 60, 80, 56, 6, 67, 61, 33, 7, 57, 34, 12, 16, 10, 98, 96, 88, 43, 46, 91, 38, 84, 92, 29, 19, 51, 55, 81, 89, 25, 72, 94, 2, 0, 62]|[2, 1, 2, 1, 1, 2, 1, 1, 1, 1, 1, 0, 2, 2, 1, 2, 0, 0, 0, 2, 2, 1, 0, 2, 0, 2, 2, 1, 0, 1, 1, 1, 0, 0, 1, 0, 2, 1, 2, 2, 0, 0, 1, 1, 0, 2, 0, 2, 1, 0, 0, 2, 0, 0, 2, 0, 1, 1, 0, 0, 2, 1, 1, 2, 2, 0, 2, 2, 2, 1, 2, 1, 1, 2, 0, 1, 1, 2, 1, 2, 0, 1, 1, 0, 1, 0, 0, 0, 1, 1, 1, 0, 1, 1, 1, 1, 2, 2, 0, 1]|[0, 3, 0, 3, 4, 1, 4, 4, 2, 4, 3, 2, 1, 0, 2, 1, 1, 1, 2, 1, 1, 3, 0, 1, 0, 1, 1, 4, 1, 4, 3, 2, 2, 0, 4, 1, 1, 4, 1, 1, 2, 1, 4, 4, 1, 1, 0, 2, 3, 2, 2, 1, 2, 1, 1, 2, 4, 3, 0, 2, 2, 3, 3, 1, 1, 2, 1, 1, 1, 4, 1, 3, 4, 1, 2, 4, 3, 1, 3, 1, 2, 4, 4, 2, 3, 2, 2, 2, 3, 4, 3, 2, 4, 4, 4, 4, 1, 1, 2, 3]|[0, 2, 0, 0, 3, 0, 1, 3, 0, 0, 2, 0, 1, 0, 1, 0, 0, 0, 1, 0, 0, 2, 0, 0, 1, 0, 0, 3, 0, 1, 0, 2, 0, 0, 3, 0, 1, 1, 0, 0, 0, 0, 1, 3, 0, 0, 1, 0, 2, 0, 0, 0, 0, 0, 1, 0, 1, 0, 1, 1, 0, 2, 0, 0, 0, 0, 0, 0, 0, 2, 0, 0, 1, 0, 0, 1, 0, 0, 3, 0, 0, 1, 2, 0, 0, 0, 0, 0, 3, 1, 0, 0, 2, 1, 3, 1, 0, 0, 0, 0],908.8272556494078,49235.066718390466,107289.32240407266,false
38,G3_TWC,G3_TWC,[31, 22, 82, 15, 26, 58, 95, 42, 77, 12, 47, 5, 93, 78, 98, 54, 85, 63, 18, 44, 20, 35, 43, 97, 91, 76, 10, 30, 21, 45, 71, 64, 1, 23, 17, 83, 24, 14, 60, 36, 6, 57, 94, 88, 65, 56, 79, 40, 67, 68, 46, 75, 39, 9, 19, 32, 81, 96, 27, 62, 87, 90, 99, 59, 11, 16, 72, 73, 70, 38, 37, 84, 3, 92, 25, 55, 28, 29, 51, 7, 33, 61, 86, 48, 89, 50, 69, 41, 53, 80, 4, 8, 34, 49, 52, 0, 13, 2, 66, 74]|[1, 1, 0, 1, 1, 1, 2, 1, 2, 1, 2, 2, 2, 1, 1, 0, 0, 1, 0, 2, 2, 0, 1, 2, 0, 1, 2, 2, 0, 0, 1, 2, 1, 2, 1, 0, 2, 0, 1, 1, 0, 1, 1, 1, 0, 2, 1, 1, 0, 0, 0, 0, 1, 1, 2, 1, 2, 0, 0, 0, 2, 1, 0, 1, 2, 1, 2, 1, 1, 1, 1, 1, 2, 0, 1, 1, 0, 0, 0, 1, 2, 1, 0, 0, 1, 0, 1, 0, 0, 0, 0, 1, 2, 0, 1, 0, 0, 0, 2, 2]|[4, 3, 2, 2, 0, 0, 2, 2, 2, 4, 1, 1, 2, 4, 4, 1, 1, 4, 2, 1, 1, 1, 1, 2, 1, 2, 1, 1, 1, 1, 3, 2, 3, 0, 4, 0, 1, 1, 0, 3, 2, 2, 4, 0, 1, 1, 0, 2, 0, 1, 2, 2, 1, 4, 0, 3, 2, 1, 1, 2, 1, 3, 1, 1, 1, 3, 0, 4, 3, 1, 4, 1, 1, 2, 4, 4, 2, 1, 1, 3, 1, 3, 1, 1, 1, 1, 3, 1, 2, 1, 2, 3, 1, 1, 1, 2, 2, 2, 1, 1]|[0, 2, 1, 1, 3, 3, 0, 1, 0, 0, 0, 0, 1, 0, 1, 0, 0, 3, 1, 0, 0, 0, 3, 1, 0, 2, 0, 0, 0, 1, 0, 0, 0, 0, 3, 0, 1, 0, 0, 2, 1, 1, 2, 0, 0, 0, 0, 1, 1, 0, 0, 0, 1, 3, 0, 0, 1, 0, 0, 1, 0, 2, 0, 1, 0, 2, 1, 0, 0, 1, 1, 3, 0, 1, 3, 3, 1, 0, 0, 2, 0, 0, 0, 0, 1, 0, 0, 0, 1, 0, 1, 2, 0, 1, 1, 0, 0, 0, 0, 0],790.0799945868791,57951.42221290124,88960.86369927591,false
38,G1_CMAX,G1_CMAX,[31, 22, 82, 15, 26, 99, 95, 42, 77, 12, 47, 5, 93, 78, 86, 54, 21, 63, 18, 44, 20, 35, 43, 97, 91, 76, 10, 30, 85, 45, 71, 64, 1, 23, 57, 83, 24, 14, 60, 36, 81, 17, 40, 88, 65, 56, 79, 94, 67, 68, 46, 75, 38, 9, 19, 32, 41, 6, 27, 87, 90, 58, 59, 11, 16, 72, 73, 70, 39, 37, 84, 3, 92, 25, 55, 28, 62, 29, 51, 7, 33, 61, 98, 48, 89, 50, 4, 96, 53, 80, 66, 8, 34, 49, 52, 0, 13, 2, 69, 74]|[1, 1, 0, 1, 1, 0, 1, 1, 2, 1, 2, 2, 2, 1, 1, 0, 0, 1, 0, 2, 2, 0, 1, 2, 0, 1, 2, 2, 0, 0, 1, 2, 1, 2, 1, 0, 2, 0, 1, 1, 0, 1, 1, 1, 0, 2, 1, 1, 0, 0, 0, 0, 1, 1, 2, 1, 2, 2, 0, 2, 1, 0, 1, 2, 1, 2, 1, 1, 1, 1, 1, 1, 0, 1, 2, 2, 0, 0, 2, 2, 2, 1, 2, 0, 1, 0, 1, 2, 0, 0, 2, 1, 2, 0, 1, 0, 0, 0, 1, 2]|[0, 3, 2, 2, 4, 1, 2, 3, 2, 4, 1, 1, 2, 4, 4, 1, 1, 4, 2, 1, 1, 1, 1, 2, 1, 2, 1, 1, 2, 1, 3, 2, 3, 0, 4, 0, 1, 1, 0, 3, 2, 2, 2, 0, 1, 1, 0, 4, 0, 1, 2, 2, 1, 4, 0, 3, 2, 2, 1, 1, 3, 1, 1, 1, 3, 0, 4, 3, 1, 4, 1, 1, 0, 4, 1, 1, 2, 1, 2, 1, 1, 3, 1, 1, 1, 1, 4, 1, 2, 1, 1, 3, 1, 1, 1, 2, 2, 2, 4, 1]|[0, 2, 1, 1, 3, 0, 1, 3, 0, 0, 0, 0, 1, 0, 1, 0, 0, 3, 1, 0, 0, 0, 3, 1, 0, 2, 0, 0, 0, 1, 0, 0, 0, 0, 3, 0, 1, 0, 0, 2, 1, 1, 1, 0, 0, 0, 0, 2, 1, 0, 0, 0, 1, 3, 0, 0, 1, 1, 0, 0, 2, 0, 1, 0, 2, 1, 0, 0, 1, 1, 3, 1, 1, 3, 0, 0, 1, 0, 1, 0, 0, 0, 0, 0, 1, 0, 0, 0, 1, 0, 0, 2, 0, 1, 1, 0, 0, 0, 2, 0],714.4485115867469,58161.785232764836,94013.66617097157,false
38,G4_BALANCED,G1_CMAX,[22, 82, 3, 58, 95, 42, 77, 47, 5, 93, 78, 12, 86, 54, 50, 63, 18, 44, 20, 35, 43, 97, 91, 76, 10, 30, 21, 45, 71, 64, 36, 23, 17, 83, 24, 14, 60, 1, 6, 40, 57, 90, 65, 56, 79, 94, 67, 68, 46, 75, 38, 9, 19, 32, 81, 41, 27, 62, 16, 55, 59, 89, 88, 87, 31, 72, 73, 70, 39, 37, 84, 92, 25, 11, 48, 15, 29, 51, 7, 33, 61, 98, 28, 99, 26, 85, 66, 96, 53, 80, 4, 8, 34, 49, 52, 2, 13, 0, 69, 74]|[1, 0, 1, 0, 1, 2, 2, 2, 2, 2, 1, 1, 1, 0, 0, 1, 0, 2, 2, 0, 1, 2, 0, 1, 2, 2, 0, 0, 1, 2, 1, 2, 1, 0, 2, 0, 1, 1, 0, 1, 1, 1, 0, 2, 1, 1, 0, 0, 0, 0, 1, 1, 2, 1, 2, 0, 0, 0, 1, 2, 1, 1, 1, 1, 1, 2, 1, 2, 1, 1, 1, 0, 1, 2, 2, 1, 0, 0, 1, 2, 1, 2, 0, 1, 1, 0, 0, 2, 0, 0, 1, 1, 2, 0, 1, 0, 0, 0, 1, 2]|[3, 2, 1, 1, 2, 1, 2, 1, 1, 2, 4, 4, 4, 1, 1, 4, 2, 1, 1, 1, 1, 2, 1, 2, 1, 1, 2, 1, 3, 2, 3, 1, 4, 1, 1, 1, 0, 3, 2, 2, 2, 3, 1, 1, 0, 4, 0, 1, 2, 2, 1, 4, 0, 3, 2, 1, 1, 2, 3, 1, 1, 1, 0, 3, 0, 0, 3, 0, 1, 4, 1, 0, 4, 1, 1, 4, 1, 1, 1, 1, 3, 1, 2, 1, 0, 2, 1, 1, 2, 1, 4, 3, 1, 1, 1, 2, 2, 2, 4, 1]|[3, 1, 2, 0, 1, 0, 0, 0, 0, 1, 0, 0, 1, 0, 0, 3, 1, 0, 0, 0, 3, 1, 0, 2, 0, 0, 0, 1, 0, 0, 2, 0, 3, 0, 1, 0, 0, 0, 1, 1, 1, 2, 0, 0, 0, 2, 1, 0, 0, 0, 1, 3, 0, 0, 1, 0, 0, 1, 2, 0, 1, 1, 0, 2, 0, 1, 0, 1, 1, 1, 1, 1, 3, 0, 0, 3, 0, 0, 2, 0, 0, 0, 1, 1, 3, 0, 0, 0, 1, 0, 0, 2, 0, 1, 1, 0, 0, 0, 2, 0],715.7913946700162,58060.95961022334,95287.06515100288,true
38,G2_TEC,G2_TEC,[31, 22, 82, 15, 26, 9, 95, 42, 77, 68, 47, 5, 93, 78, 86, 54, 85, 63, 18, 44, 20, 49, 36, 14, 74, 50, 53, 17, 21, 28, 11, 64, 3, 23, 30, 83, 24, 41, 40, 52, 65, 27, 90, 70, 39, 87, 48, 69, 99, 4, 75, 1, 13, 58, 97, 59, 45, 8, 73, 37, 35, 79, 71, 66, 76, 32, 60, 80, 56, 6, 67, 61, 33, 7, 57, 34, 12, 16, 10, 98, 96, 88, 43, 46, 91, 38, 84, 92, 29, 19, 51, 55, 81, 89, 25, 72, 94, 2, 0, 62]|[2, 1, 2, 1, 1, 2, 1, 1, 1, 1, 1, 0, 2, 2, 1, 2, 0, 0, 0, 2, 2, 1, 0, 2, 0, 2, 2, 1, 0, 1, 1, 1, 0, 0, 1, 0, 2, 1, 2, 2, 0, 0, 1, 1, 0, 2, 0, 2, 1, 0, 0, 2, 0, 0, 2, 0, 1, 1, 0, 0, 2, 1, 1, 2, 2, 0, 2, 2, 2, 1, 2, 1, 1, 2, 0, 1, 1, 2, 1, 2, 0, 1, 1, 0, 1, 0, 0, 0, 1, 1, 1, 0, 1, 1, 1, 1, 2, 2, 0, 1]|[0, 3, 0, 3, 4, 1, 4, 4, 2, 4, 3, 2, 1, 0, 2, 1, 1, 1, 2, 1, 1, 3, 0, 1, 0, 1, 1, 4, 1, 4, 3, 2, 2, 0, 4, 1, 1, 4, 1, 1, 2, 1, 4, 4, 1, 1, 0, 2, 3, 2, 2, 1, 2, 1, 1, 2, 4, 3, 0, 2, 2, 3, 3, 1, 1, 2, 1, 1, 1, 4, 1, 3, 4, 1, 2, 4, 3, 1, 3, 1, 2, 4, 4, 2, 3, 2, 2, 2, 3, 4, 3, 2, 4, 4, 4, 4, 1, 1, 2, 3]|[0, 2, 0, 0, 3, 0, 1, 3, 0, 0, 2, 0, 1, 0, 1, 0, 0, 0, 1, 0, 0, 2, 0, 0, 1, 0, 0, 3, 0, 1, 0, 2, 0, 0, 3, 0, 1, 1, 0, 0, 0, 0, 1, 3, 0, 0, 1, 0, 2, 0, 0, 0, 0, 0, 1, 0, 1, 0, 1, 1, 0, 2, 0, 0, 0, 0, 0, 0, 0, 2, 0, 0, 1, 0, 0, 1, 0, 0, 3, 0, 0, 1, 2, 0, 0, 0, 0, 0, 3, 1, 0, 0, 2, 1, 3, 1, 0, 0, 0, 0],908.8272556494078,49235.066718390466,107289.32240407266,false
38,G3_TWC,G3_TWC,[31, 22, 82, 15, 26, 58, 95, 42, 77, 12, 47, 5, 93, 78, 98, 54, 85, 63, 18, 44, 20, 35, 43, 97, 91, 76, 10, 30, 21, 45, 71, 64, 1, 23, 17, 83, 24, 14, 60, 36, 6, 57, 94, 88, 65, 56, 79, 40, 67, 68, 46, 75, 39, 9, 19, 32, 81, 96, 27, 62, 87, 90, 99, 59, 11, 16, 72, 73, 70, 38, 37, 84, 3, 92, 25, 55, 28, 29, 51, 7, 33, 61, 86, 48, 89, 50, 69, 41, 53, 80, 4, 8, 34, 49, 52, 0, 13, 2, 66, 74]|[1, 1, 0, 1, 1, 1, 2, 1, 2, 1, 2, 2, 2, 1, 1, 0, 0, 1, 0, 2, 2, 0, 1, 2, 0, 1, 2, 2, 0, 0, 1, 2, 1, 2, 1, 0, 2, 0, 1, 1, 0, 1, 1, 1, 0, 2, 1, 1, 0, 0, 0, 0, 1, 1, 2, 1, 2, 0, 0, 0, 2, 1, 0, 1, 2, 1, 2, 1, 1, 1, 1, 1, 2, 0, 1, 1, 0, 0, 0, 1, 2, 1, 0, 0, 1, 0, 1, 0, 0, 0, 0, 1, 2, 0, 1, 0, 0, 0, 2, 2]|[4, 3, 2, 2, 0, 0, 2, 2, 2, 4, 1, 1, 2, 4, 4, 1, 1, 4, 2, 1, 1, 1, 1, 2, 1, 2, 1, 1, 1, 1, 3, 2, 3, 0, 4, 0, 1, 1, 0, 3, 2, 2, 4, 0, 1, 1, 0, 2, 0, 1, 2, 2, 1, 4, 0, 3, 2, 1, 1, 2, 1, 3, 1, 1, 1, 3, 0, 4, 3, 1, 4, 1, 1, 2, 4, 4, 2, 1, 1, 3, 1, 3, 1, 1, 1, 1, 3, 1, 2, 1, 2, 3, 1, 1, 1, 2, 2, 2, 1, 1]|[0, 2, 1, 1, 3, 3, 0, 1, 0, 0, 0, 0, 1, 0, 1, 0, 0, 3, 1, 0, 0, 0, 3, 1, 0, 2, 0, 0, 0, 1, 0, 0, 0, 0, 3, 0, 1, 0, 0, 2, 1, 1, 2, 0, 0, 0, 0, 1, 1, 0, 0, 0, 1, 3, 0, 0, 1, 0, 0, 1, 0, 2, 0, 1, 0, 2, 1, 0, 0, 1, 1, 3, 0, 1, 3, 3, 1, 0, 0, 2, 0, 0, 0, 0, 1, 0, 0, 0, 1, 0, 1, 2, 0, 1, 1, 0, 0, 0, 0, 0],790.0799945868791,57951.42221290124,88960.86369927591,false
38,G1_CMAX,G1_CMAX,[31, 22, 82, 15, 26, 99, 95, 42, 77, 12, 47, 5, 93, 78, 86, 54, 21, 63, 18, 44, 20, 35, 43, 97, 91, 76, 10, 30, 85, 45, 71, 64, 1, 23, 57, 83, 24, 14, 60, 36, 81, 17, 40, 88, 65, 56, 79, 94, 67, 68, 46, 75, 38, 9, 19, 32, 41, 6, 27, 87, 90, 58, 59, 11, 16, 72, 73, 70, 39, 37, 84, 3, 92, 25, 55, 28, 62, 29, 51, 7, 33, 61, 98, 48, 89, 50, 4, 96, 53, 80, 66, 8, 34, 49, 52, 0, 13, 2, 69, 74]|[1, 1, 0, 1, 1, 0, 1, 1, 2, 1, 2, 2, 2, 1, 1, 0, 0, 1, 0, 2, 2, 0, 1, 2, 0, 1, 2, 2, 0, 0, 1, 2, 1, 2, 1, 0, 2, 0, 1, 1, 0, 1, 1, 1, 0, 2, 1, 1, 0, 0, 0, 0, 1, 1, 2, 1, 2, 2, 0, 2, 1, 0, 1, 2, 1, 2, 1, 1, 1, 1, 1, 1, 0, 1, 2, 2, 0, 0, 2, 2, 2, 1, 2, 0, 1, 0, 1, 2, 0, 0, 2, 1, 2, 0, 1, 0, 0, 0, 1, 2]|[0, 3, 2, 2, 4, 1, 2, 3, 2, 4, 1, 1, 2, 4, 4, 1, 1, 4, 2, 1, 1, 1, 1, 2, 1, 2, 1, 1, 2, 1, 3, 2, 3, 0, 4, 0, 1, 1, 0, 3, 2, 2, 2, 0, 1, 1, 0, 4, 0, 1, 2, 2, 1, 4, 0, 3, 2, 2, 1, 1, 3, 1, 1, 1, 3, 0, 4, 3, 1, 4, 1, 1, 0, 4, 1, 1, 2, 1, 2, 1, 1, 3, 1, 1, 1, 1, 4, 1, 2, 1, 1, 3, 1, 1, 1, 2, 2, 2, 4, 1]|[0, 2, 1, 1, 3, 0, 1, 3, 0, 0, 0, 0, 1, 0, 1, 0, 0, 3, 1, 0, 0, 0, 3, 1, 0, 2, 0, 0, 0, 1, 0, 0, 0, 0, 3, 0, 1, 0, 0, 2, 1, 1, 1, 0, 0, 0, 0, 2, 1, 0, 0, 0, 1, 3, 0, 0, 1, 1, 0, 0, 2, 0, 1, 0, 2, 1, 0, 0, 1, 1, 3, 1, 1, 3, 0, 0, 1, 0, 1, 0, 0, 0, 0, 0, 1, 0, 0, 0, 1, 0, 0, 2, 0, 1, 1, 0, 0, 0, 2, 0],714.4485115867469,58161.785232764836,94013.66617097157,false
38,G4_BALANCED,G1_CMAX,[22, 82, 3, 58, 95, 42, 77, 47, 5, 93, 78, 12, 86, 54, 50, 63, 18, 44, 20, 35, 43, 97, 91, 76, 10, 30, 21, 45, 71, 64, 36, 23, 17, 83, 24, 14, 60, 1, 6, 40, 57, 90, 65, 56, 79, 94, 67, 68, 46, 75, 38, 9, 19, 32, 81, 41, 27, 62, 16, 55, 59, 89, 88, 87, 31, 72, 73, 70, 39, 37, 84, 92, 25, 11, 48, 15, 29, 51, 7, 33, 61, 98, 28, 99, 26, 85, 66, 96, 53, 80, 4, 8, 34, 49, 52, 2, 13, 0, 69, 74]|[1, 0, 1, 0, 1, 2, 2, 2, 2, 2, 1, 1, 1, 0, 0, 1, 0, 2, 2, 0, 1, 2, 0, 1, 2, 2, 0, 0, 1, 2, 1, 2, 1, 0, 2, 0, 1, 1, 0, 1, 1, 1, 0, 2, 1, 1, 0, 0, 0, 0, 1, 1, 2, 1, 2, 0, 0, 0, 1, 2, 1, 1, 1, 1, 1, 2, 1, 2, 1, 1, 1, 0, 1, 2, 2, 1, 0, 0, 1, 2, 1, 2, 0, 1, 1, 0, 0, 2, 0, 0, 1, 1, 2, 0, 1, 0, 0, 0, 1, 2]|[3, 2, 1, 1, 2, 1, 2, 1, 1, 2, 4, 4, 4, 1, 1, 4, 2, 1, 1, 1, 1, 2, 1, 2, 1, 1, 2, 1, 3, 2, 3, 1, 4, 1, 1, 1, 0, 3, 2, 2, 2, 3, 1, 1, 0, 4, 0, 1, 2, 2, 1, 4, 0, 3, 2, 1, 1, 2, 3, 1, 1, 1, 0, 3, 0, 0, 3, 0, 1, 4, 1, 0, 4, 1, 1, 4, 1, 1, 1, 1, 3, 1, 2, 1, 0, 2, 1, 1, 2, 1, 4, 3, 1, 1, 1, 2, 2, 2, 4, 1]|[3, 1, 2, 0, 1, 0, 0, 0, 0, 1, 0, 0, 1, 0, 0, 3, 1, 0, 0, 0, 3, 1, 0, 2, 0, 0, 0, 1, 0, 0, 2, 0, 3, 0, 1, 0, 0, 0, 1, 1, 1, 2, 0, 0, 0, 2, 1, 0, 0, 0, 1, 3, 0, 0, 1, 0, 0, 1, 2, 0, 1, 1, 0, 2, 0, 1, 0, 1, 1, 1, 1, 1, 3, 0, 0, 3, 0, 0, 2, 0, 0, 0, 1, 1, 3, 0, 0, 0, 1, 0, 0, 2, 0, 1, 1, 0, 0, 0, 2, 0],715.7913946700162,58060.95961022334,95287.06515100288,true
38,G2_TEC,G2_TEC,[31, 22, 82, 15, 26, 9, 95, 42, 77, 68, 47, 5, 93, 78, 86, 54, 85, 63, 18, 44, 20, 49, 36, 14, 74, 50, 53, 17, 21, 28, 11, 64, 3, 23, 30, 83, 24, 41, 40, 52, 65, 27, 90, 70, 39, 87, 48, 69, 99, 4, 75, 1, 13, 58, 97, 59, 45, 8, 73, 37, 35, 79, 71, 66, 76, 32, 60, 80, 56, 6, 67, 61, 33, 7, 57, 34, 12, 16, 10, 98, 96, 88, 43, 46, 91, 38, 84, 92, 29, 19, 51, 55, 81, 89, 25, 72, 94, 2, 0, 62]|[2, 1, 2, 1, 1, 2, 1, 1, 1, 1, 1, 0, 2, 2, 1, 2, 0, 0, 0, 2, 2, 1, 0, 2, 0, 2, 2, 1, 0, 1, 1, 1, 0, 0, 1, 0, 2, 1, 2, 2, 0, 0, 1, 1, 0, 2, 0, 2, 1, 0, 0, 2, 0, 0, 2, 0, 1, 1, 0, 0, 2, 1, 1, 2, 2, 0, 2, 2, 2, 1, 2, 1, 1, 2, 0, 1, 1, 2, 1, 2, 0, 1, 1, 0, 1, 0, 0, 0, 1, 1, 1, 0, 1, 1, 1, 1, 2, 2, 0, 1]|[0, 3, 0, 3, 4, 1, 4, 4, 2, 4, 3, 2, 1, 0, 2, 1, 1, 1, 2, 1, 1, 3, 0, 1, 0, 1, 1, 4, 1, 4, 3, 2, 2, 0, 4, 1, 1, 4, 1, 1, 2, 1, 4, 4, 1, 1, 0, 2, 3, 2, 2, 1, 2, 1, 1, 2, 4, 3, 0, 2, 2, 3, 3, 1, 1, 2, 1, 1, 1, 4, 1, 3, 4, 1, 2, 4, 3, 1, 3, 1, 2, 4, 4, 2, 3, 2, 2, 2, 3, 4, 3, 2, 4, 4, 4, 4, 1, 1, 2, 3]|[0, 2, 0, 0, 3, 0, 1, 3, 0, 0, 2, 0, 1, 0, 1, 0, 0, 0, 1, 0, 0, 2, 0, 0, 1, 0, 0, 3, 0, 1, 0, 2, 0, 0, 3, 0, 1, 1, 0, 0, 0, 0, 1, 3, 0, 0, 1, 0, 2, 0, 0, 0, 0, 0, 1, 0, 1, 0, 1, 1, 0, 2, 0, 0, 0, 0, 0, 0, 0, 2, 0, 0, 1, 0, 0, 1, 0, 0, 3, 0, 0, 1, 2, 0, 0, 0, 0, 0, 3, 1, 0, 0, 2, 1, 3, 1, 0, 0, 0, 0],908.8272556494078,49235.066718390466,107289.32240407266,false
38,G3_TWC,G3_TWC,[31, 22, 82, 15, 26, 58, 95, 42, 77, 12, 47, 5, 93, 78, 98, 54, 85, 63, 18, 44, 20, 35, 43, 97, 91, 76, 10, 30, 21, 45, 71, 64, 1, 23, 17, 83, 24, 14, 60, 36, 6, 57, 94, 88, 65, 56, 79, 40, 67, 68, 46, 75, 39, 9, 19, 32, 81, 96, 27, 62, 87, 90, 99, 59, 11, 16, 72, 73, 70, 38, 37, 84, 3, 92, 25, 55, 28, 29, 51, 7, 33, 61, 86, 48, 89, 50, 69, 41, 53, 80, 4, 8, 34, 49, 52, 0, 13, 2, 66, 74]|[1, 1, 0, 1, 1, 1, 2, 1, 2, 1, 2, 2, 2, 1, 1, 0, 0, 1, 0, 2, 2, 0, 1, 2, 0, 1, 2, 2, 0, 0, 1, 2, 1, 2, 1, 0, 2, 0, 1, 1, 0, 1, 1, 1, 0, 2, 1, 1, 0, 0, 0, 0, 1, 1, 2, 1, 2, 0, 0, 0, 2, 1, 0, 1, 2, 1, 2, 1, 1, 1, 1, 1, 2, 0, 1, 1, 0, 0, 0, 1, 2, 1, 0, 0, 1, 0, 1, 0, 0, 0, 0, 1, 2, 0, 1, 0, 0, 0, 2, 2]|[4, 3, 2, 2, 0, 0, 2, 2, 2, 4, 1, 1, 2, 4, 4, 1, 1, 4, 2, 1, 1, 1, 1, 2, 1, 2, 1, 1, 1, 1, 3, 2, 3, 0, 4, 0, 1, 1, 0, 3, 2, 2, 4, 0, 1, 1, 0, 2, 0, 1, 2, 2, 1, 4, 0, 3, 2, 1, 1, 2, 1, 3, 1, 1, 1, 3, 0, 4, 3, 1, 4, 1, 1, 2, 4, 4, 2, 1, 1, 3, 1, 3, 1, 1, 1, 1, 3, 1, 2, 1, 2, 3, 1, 1, 1, 2, 2, 2, 1, 1]|[0, 2, 1, 1, 3, 3, 0, 1, 0, 0, 0, 0, 1, 0, 1, 0, 0, 3, 1, 0, 0, 0, 3, 1, 0, 2, 0, 0, 0, 1, 0, 0, 0, 0, 3, 0, 1, 0, 0, 2, 1, 1, 2, 0, 0, 0, 0, 1, 1, 0, 0, 0, 1, 3, 0, 0, 1, 0, 0, 1, 0, 2, 0, 1, 0, 2, 1, 0, 0, 1, 1, 3, 0, 1, 3, 3, 1, 0, 0, 2, 0, 0, 0, 0, 1, 0, 0, 0, 1, 0, 1, 2, 0, 1, 1, 0, 0, 0, 0, 0],790.0799945868791,57951.42221290124,88960.86369927591,false
38,G1_CMAX,G1_CMAX,[31, 22, 82, 15, 26, 99, 95, 42, 77, 12, 47, 5, 93, 78, 86, 54, 21, 63, 18, 44, 20, 35, 43, 97, 91, 76, 10, 30, 85, 45, 71, 64, 1, 23, 57, 83, 24, 14, 60, 36, 81, 17, 40, 88, 65, 56, 79, 94, 67, 68, 46, 75, 38, 9, 19, 32, 41, 6, 27, 87, 90, 58, 59, 11, 16, 72, 73, 70, 39, 37, 84, 3, 92, 25, 55, 28, 62, 29, 51, 7, 33, 61, 98, 48, 89, 50, 4, 96, 53, 80, 66, 8, 34, 49, 52, 0, 13, 2, 69, 74]|[1, 1, 0, 1, 1, 0, 1, 1, 2, 1, 2, 2, 2, 1, 1, 0, 0, 1, 0, 2, 2, 0, 1, 2, 0, 1, 2, 2, 0, 0, 1, 2, 1, 2, 1, 0, 2, 0, 1, 1, 0, 1, 1, 1, 0, 2, 1, 1, 0, 0, 0, 0, 1, 1, 2, 1, 2, 2, 0, 2, 1, 0, 1, 2, 1, 2, 1, 1, 1, 1, 1, 1, 0, 1, 2, 2, 0, 0, 2, 2, 2, 1, 2, 0, 1, 0, 1, 2, 0, 0, 2, 1, 2, 0, 1, 0, 0, 0, 1, 2]|[0, 3, 2, 2, 4, 1, 2, 3, 2, 4, 1, 1, 2, 4, 4, 1, 1, 4, 2, 1, 1, 1, 1, 2, 1, 2, 1, 1, 2, 1, 3, 2, 3, 0, 4, 0, 1, 1, 0, 3, 2, 2, 2, 0, 1, 1, 0, 4, 0, 1, 2, 2, 1, 4, 0, 3, 2, 2, 1, 1, 3, 1, 1, 1, 3, 0, 4, 3, 1, 4, 1, 1, 0, 4, 1, 1, 2, 1, 2, 1, 1, 3, 1, 1, 1, 1, 4, 1, 2, 1, 1, 3, 1, 1, 1, 2, 2, 2, 4, 1]|[0, 2, 1, 1, 3, 0, 1, 3, 0, 0, 0, 0, 1, 0, 1, 0, 0, 3, 1, 0, 0, 0, 3, 1, 0, 2, 0, 0, 0, 1, 0, 0, 0, 0, 3, 0, 1, 0, 0, 2, 1, 1, 1, 0, 0, 0, 0, 2, 1, 0, 0, 0, 1, 3, 0, 0, 1, 1, 0, 0, 2, 0, 1, 0, 2, 1, 0, 0, 1, 1, 3, 1, 1, 3, 0, 0, 1, 0, 1, 0, 0, 0, 0, 0, 1, 0, 0, 0, 1, 0, 0, 2, 0, 1, 1, 0, 0, 0, 2, 0],714.4485115867469,58161.785232764836,94013.66617097157,false
38,G4_BALANCED,G1_CMAX,[22, 82, 3, 58, 95, 42, 77, 47, 5, 93, 78, 12, 86, 54, 50, 63, 18, 44, 20, 35, 43, 97, 91, 76, 10, 30, 21, 45, 71, 64, 36, 23, 17, 83, 24, 14, 60, 1, 6, 40, 57, 90, 65, 56, 79, 94, 67, 68, 46, 75, 38, 9, 19, 32, 81, 41, 27, 62, 16, 55, 59, 89, 88, 87, 31, 72, 73, 70, 39, 37, 84, 92, 25, 11, 48, 15, 29, 51, 7, 33, 61, 98, 28, 99, 26, 85, 66, 96, 53, 80, 4, 8, 34, 49, 52, 2, 13, 0, 69, 74]|[1, 0, 1, 0, 1, 2, 2, 2, 2, 2, 1, 1, 1, 0, 0, 1, 0, 2, 2, 0, 1, 2, 0, 1, 2, 2, 0, 0, 1, 2, 1, 2, 1, 0, 2, 0, 1, 1, 0, 1, 1, 1, 0, 2, 1, 1, 0, 0, 0, 0, 1, 1, 2, 1, 2, 0, 0, 0, 1, 2, 1, 1, 1, 1, 1, 2, 1, 2, 1, 1, 1, 0, 1, 2, 2, 1, 0, 0, 1, 2, 1, 2, 0, 1, 1, 0, 0, 2, 0, 0, 1, 1, 2, 0, 1, 0, 0, 0, 1, 2]|[3, 2, 1, 1, 2, 1, 2, 1, 1, 2, 4, 4, 4, 1, 1, 4, 2, 1, 1, 1, 1, 2, 1, 2, 1, 1, 2, 1, 3, 2, 3, 1, 4, 1, 1, 1, 0, 3, 2, 2, 2, 3, 1, 1, 0, 4, 0, 1, 2, 2, 1, 4, 0, 3, 2, 1, 1, 2, 3, 1, 1, 1, 0, 3, 0, 0, 3, 0, 1, 4, 1, 0, 4, 1, 1, 4, 1, 1, 1, 1, 3, 1, 2, 1, 0, 2, 1, 1, 2, 1, 4, 3, 1, 1, 1, 2, 2, 2, 4, 1]|[3, 1, 2, 0, 1, 0, 0, 0, 0, 1, 0, 0, 1, 0, 0, 3, 1, 0, 0, 0, 3, 1, 0, 2, 0, 0, 0, 1, 0, 0, 2, 0, 3, 0, 1, 0, 0, 0, 1, 1, 1, 2, 0, 0, 0, 2, 1, 0, 0, 0, 1, 3, 0, 0, 1, 0, 0, 1, 2, 0, 1, 1, 0, 2, 0, 1, 0, 1, 1, 1, 1, 1, 3, 0, 0, 3, 0, 0, 2, 0, 0, 0, 1, 1, 3, 0, 0, 0, 1, 0, 0, 2, 0, 1, 1, 0, 0, 0, 2, 0],715.7913946700162,58060.95961022334,95287.06515100288,true
38,G2_TEC,G2_TEC,[31, 22, 82, 15, 26, 9, 95, 42, 77, 68, 47, 5, 93, 78, 86, 54, 85, 63, 18, 44, 20, 49, 36, 14, 74, 50, 53, 17, 21, 28, 11, 64, 3, 23, 30, 83, 24, 41, 40, 52, 65, 27, 90, 70, 39, 87, 48, 69, 99, 4, 75, 1, 13, 58, 97, 59, 45, 8, 73, 37, 35, 79, 71, 66, 76, 32, 60, 80, 56, 6, 67, 61, 33, 7, 57, 34, 12, 16, 10, 98, 96, 88, 43, 46, 91, 38, 84, 92, 29, 19, 51, 55, 81, 89, 25, 72, 94, 2, 0, 62]|[2, 1, 2, 1, 1, 2, 1, 1, 1, 1, 1, 0, 2, 2, 1, 2, 0, 0, 0, 2, 2, 1, 0, 2, 0, 2, 2, 1, 0, 1, 1, 1, 0, 0, 1, 0, 2, 1, 2, 2, 0, 0, 1, 1, 0, 2, 0, 2, 1, 0, 0, 2, 0, 0, 2, 0, 1, 1, 0, 0, 2, 1, 1, 2, 2, 0, 2, 2, 2, 1, 2, 1, 1, 2, 0, 1, 1, 2, 1, 2, 0, 1, 1, 0, 1, 0, 0, 0, 1, 1, 1, 0, 1, 1, 1, 1, 2, 2, 0, 1]|[0, 3, 0, 3, 4, 1, 4, 4, 2, 4, 3, 2, 1, 0, 2, 1, 1, 1, 2, 1, 1, 3, 0, 1, 0, 1, 1, 4, 1, 4, 3, 2, 2, 0, 4, 1, 1, 4, 1, 1, 2, 1, 4, 4, 1, 1, 0, 2, 3, 2, 2, 1, 2, 1, 1, 2, 4, 3, 0, 2, 2, 3, 3, 1, 1, 2, 1, 1, 1, 4, 1, 3, 4, 1, 2, 4, 3, 1, 3, 1, 2, 4, 4, 2, 3, 2, 2, 2, 3, 4, 3, 2, 4, 4, 4, 4, 1, 1, 2, 3]|[0, 2, 0, 0, 3, 0, 1, 3, 0, 0, 2, 0, 1, 0, 1, 0, 0, 0, 1, 0, 0, 2, 0, 0, 1, 0, 0, 3, 0, 1, 0, 2, 0, 0, 3, 0, 1, 1, 0, 0, 0, 0, 1, 3, 0, 0, 1, 0, 2, 0, 0, 0, 0, 0, 1, 0, 1, 0, 1, 1, 0, 2, 0, 0, 0, 0, 0, 0, 0, 2, 0, 0, 1, 0, 0, 1, 0, 0, 3, 0, 0, 1, 2, 0, 0, 0, 0, 0, 3, 1, 0, 0, 2, 1, 3, 1, 0, 0, 0, 0],908.8272556494078,49235.066718390466,107289.32240407266,false
38,G3_TWC,G3_TWC,[31, 22, 82, 15, 26, 58, 95, 42, 77, 12, 47, 5, 93, 78, 98, 54, 85, 63, 18, 44, 20, 35, 43, 97, 91, 76, 10, 30, 21, 45, 71, 64, 1, 23, 17, 83, 24, 14, 60, 36, 6, 57, 94, 88, 65, 56, 79, 40, 67, 68, 46, 75, 39, 9, 19, 32, 81, 96, 27, 62, 87, 90, 99, 59, 11, 16, 72, 73, 70, 38, 37, 84, 3, 92, 25, 55, 28, 29, 51, 7, 33, 61, 86, 48, 89, 50, 69, 41, 53, 80, 4, 8, 34, 49, 52, 0, 13, 2, 66, 74]|[1, 1, 0, 1, 1, 1, 2, 1, 2, 1, 2, 2, 2, 1, 1, 0, 0, 1, 0, 2, 2, 0, 1, 2, 0, 1, 2, 2, 0, 0, 1, 2, 1, 2, 1, 0, 2, 0, 1, 1, 0, 1, 1, 1, 0, 2, 1, 1, 0, 0, 0, 0, 1, 1, 2, 1, 2, 0, 0, 0, 2, 1, 0, 1, 2, 1, 2, 1, 1, 1, 1, 1, 2, 0, 1, 1, 0, 0, 0, 1, 2, 1, 0, 0, 1, 0, 1, 0, 0, 0, 0, 1, 2, 0, 1, 0, 0, 0, 2, 2]|[4, 3, 2, 2, 0, 0, 2, 2, 2, 4, 1, 1, 2, 4, 4, 1, 1, 4, 2, 1, 1, 1, 1, 2, 1, 2, 1, 1, 1, 1, 3, 2, 3, 0, 4, 0, 1, 1, 0, 3, 2, 2, 4, 0, 1, 1, 0, 2, 0, 1, 2, 2, 1, 4, 0, 3, 2, 1, 1, 2, 1, 3, 1, 1, 1, 3, 0, 4, 3, 1, 4, 1, 1, 2, 4, 4, 2, 1, 1, 3, 1, 3, 1, 1, 1, 1, 3, 1, 2, 1, 2, 3, 1, 1, 1, 2, 2, 2, 1, 1]|[0, 2, 1, 1, 3, 3, 0, 1, 0, 0, 0, 0, 1, 0, 1, 0, 0, 3, 1, 0, 0, 0, 3, 1, 0, 2, 0, 0, 0, 1, 0, 0, 0, 0, 3, 0, 1, 0, 0, 2, 1, 1, 2, 0, 0, 0, 0, 1, 1, 0, 0, 0, 1, 3, 0, 0, 1, 0, 0, 1, 0, 2, 0, 1, 0, 2, 1, 0, 0, 1, 1, 3, 0, 1, 3, 3, 1, 0, 0, 2, 0, 0, 0, 0, 1, 0, 0, 0, 1, 0, 1, 2, 0, 1, 1, 0, 0, 0, 0, 0],790.0799945868791,57951.42221290124,88960.86369927591,false
38,G1_CMAX,G1_CMAX,[31, 22, 82, 15, 26, 99, 95, 42, 77, 12, 47, 5, 93, 78, 86, 54, 21, 63, 18, 44, 20, 35, 43, 97, 91, 76, 10, 30, 85, 45, 71, 64, 1, 23, 57, 83, 24, 14, 60, 36, 81, 17, 40, 88, 65, 56, 79, 94, 67, 68, 46, 75, 38, 9, 19, 32, 41, 6, 27, 87, 90, 58, 59, 11, 16, 72, 73, 70, 39, 37, 84, 3, 92, 25, 55, 28, 62, 29, 51, 7, 33, 61, 98, 48, 89, 50, 4, 96, 53, 80, 66, 8, 34, 49, 52, 0, 13, 2, 69, 74]|[1, 1, 0, 1, 1, 0, 1, 1, 2, 1, 2, 2, 2, 1, 1, 0, 0, 1, 0, 2, 2, 0, 1, 2, 0, 1, 2, 2, 0, 0, 1, 2, 1, 2, 1, 0, 2, 0, 1, 1, 0, 1, 1, 1, 0, 2, 1, 1, 0, 0, 0, 0, 1, 1, 2, 1, 2, 2, 0, 2, 1, 0, 1, 2, 1, 2, 1, 1, 1, 1, 1, 1, 0, 1, 2, 2, 0, 0, 2, 2, 2, 1, 2, 0, 1, 0, 1, 2, 0, 0, 2, 1, 2, 0, 1, 0, 0, 0, 1, 2]|[0, 3, 2, 2, 4, 1, 2, 3, 2, 4, 1, 1, 2, 4, 4, 1, 1, 4, 2, 1, 1, 1, 1, 2, 1, 2, 1, 1, 2, 1, 3, 2, 3, 0, 4, 0, 1, 1, 0, 3, 2, 2, 2, 0, 1, 1, 0, 4, 0, 1, 2, 2, 1, 4, 0, 3, 2, 2, 1, 1, 3, 1, 1, 1, 3, 0, 4, 3, 1, 4, 1, 1, 0, 4, 1, 1, 2, 1, 2, 1, 1, 3, 1, 1, 1, 1, 4, 1, 2, 1, 1, 3, 1, 1, 1, 2, 2, 2, 4, 1]|[0, 2, 1, 1, 3, 0, 1, 3, 0, 0, 0, 0, 1, 0, 1, 0, 0, 3, 1, 0, 0, 0, 3, 1, 0, 2, 0, 0, 0, 1, 0, 0, 0, 0, 3, 0, 1, 0, 0, 2, 1, 1, 1, 0, 0, 0, 0, 2, 1, 0, 0, 0, 1, 3, 0, 0, 1, 1, 0, 0, 2, 0, 1, 0, 2, 1, 0, 0, 1, 1, 3, 1, 1, 3, 0, 0, 1, 0, 1, 0, 0, 0, 0, 0, 1, 0, 0, 0, 1, 0, 0, 2, 0, 1, 1, 0, 0, 0, 2, 0],714.4485115867469,58161.785232764836,94013.66617097157,false
38,G4_BALANCED,G1_CMAX,[22, 82, 3, 58, 95, 42, 77, 47, 5, 93, 78, 12, 86, 54, 50, 63, 18, 44, 20, 35, 43, 97, 91, 76, 10, 30, 21, 45, 71, 64, 36, 23, 17, 83, 24, 14, 60, 1, 6, 40, 57, 90, 65, 56, 79, 94, 67, 68, 46, 75, 38, 9, 19, 32, 81, 41, 27, 62, 16, 55, 59, 89, 88, 87, 31, 72, 73, 70, 39, 37, 84, 92, 25, 11, 48, 15, 29, 51, 7, 33, 61, 98, 28, 99, 26, 85, 66, 96, 53, 80, 4, 8, 34, 49, 52, 2, 13, 0, 69, 74]|[1, 0, 1, 0, 1, 2, 2, 2, 2, 2, 1, 1, 1, 0, 0, 1, 0, 2, 2, 0, 1, 2, 0, 1, 2, 2, 0, 0, 1, 2, 1, 2, 1, 0, 2, 0, 1, 1, 0, 1, 1, 1, 0, 2, 1, 1, 0, 0, 0, 0, 1, 1, 2, 1, 2, 0, 0, 0, 1, 2, 1, 1, 1, 1, 1, 2, 1, 2, 1, 1, 1, 0, 1, 2, 2, 1, 0, 0, 1, 2, 1, 2, 0, 1, 1, 0, 0, 2, 0, 0, 1, 1, 2, 0, 1, 0, 0, 0, 1, 2]|[3, 2, 1, 1, 2, 1, 2, 1, 1, 2, 4, 4, 4, 1, 1, 4, 2, 1, 1, 1, 1, 2, 1, 2, 1, 1, 2, 1, 3, 2, 3, 1, 4, 1, 1, 1, 0, 3, 2, 2, 2, 3, 1, 1, 0, 4, 0, 1, 2, 2, 1, 4, 0, 3, 2, 1, 1, 2, 3, 1, 1, 1, 0, 3, 0, 0, 3, 0, 1, 4, 1, 0, 4, 1, 1, 4, 1, 1, 1, 1, 3, 1, 2, 1, 0, 2, 1, 1, 2, 1, 4, 3, 1, 1, 1, 2, 2, 2, 4, 1]|[3, 1, 2, 0, 1, 0, 0, 0, 0, 1, 0, 0, 1, 0, 0, 3, 1, 0, 0, 0, 3, 1, 0, 2, 0, 0, 0, 1, 0, 0, 2, 0, 3, 0, 1, 0, 0, 0, 1, 1, 1, 2, 0, 0, 0, 2, 1, 0, 0, 0, 1, 3, 0, 0, 1, 0, 0, 1, 2, 0, 1, 1, 0, 2, 0, 1, 0, 1, 1, 1, 1, 1, 3, 0, 0, 3, 0, 0, 2, 0, 0, 0, 1, 1, 3, 0, 0, 0, 1, 0, 0, 2, 0, 1, 1, 0, 0, 0, 2, 0],715.7913946700162,58060.95961022334,95287.06515100288,true
38,G2_TEC,G2_TEC,[31, 22, 82, 15, 26, 9, 95, 42, 77, 68, 47, 5, 93, 78, 86, 54, 85, 63, 18, 44, 20, 49, 36, 14, 74, 50, 53, 17, 21, 28, 11, 64, 3, 23, 30, 83, 24, 41, 40, 52, 65, 27, 90, 70, 39, 87, 48, 69, 99, 4, 75, 1, 13, 58, 97, 59, 45, 8, 73, 37, 35, 79, 71, 66, 76, 32, 60, 80, 56, 6, 67, 61, 33, 7, 57, 34, 12, 16, 10, 98, 96, 88, 43, 46, 91, 38, 84, 92, 29, 19, 51, 55, 81, 89, 25, 72, 94, 2, 0, 62]|[2, 1, 2, 1, 1, 2, 1, 1, 1, 1, 1, 0, 2, 2, 1, 2, 0, 0, 0, 2, 2, 1, 0, 2, 0, 2, 2, 1, 0, 1, 1, 1, 0, 0, 1, 0, 2, 1, 2, 2, 0, 0, 1, 1, 0, 2, 0, 2, 1, 0, 0, 2, 0, 0, 2, 0, 1, 1, 0, 0, 2, 1, 1, 2, 2, 0, 2, 2, 2, 1, 2, 1, 1, 2, 0, 1, 1, 2, 1, 2, 0, 1, 1, 0, 1, 0, 0, 0, 1, 1, 1, 0, 1, 1, 1, 1, 2, 2, 0, 1]|[0, 3, 0, 3, 4, 1, 4, 4, 2, 4, 3, 2, 1, 0, 2, 1, 1, 1, 2, 1, 1, 3, 0, 1, 0, 1, 1, 4, 1, 4, 3, 2, 2, 0, 4, 1, 1, 4, 1, 1, 2, 1, 4, 4, 1, 1, 0, 2, 3, 2, 2, 1, 2, 1, 1, 2, 4, 3, 0, 2, 2, 3, 3, 1, 1, 2, 1, 1, 1, 4, 1, 3, 4, 1, 2, 4, 3, 1, 3, 1, 2, 4, 4, 2, 3, 2, 2, 2, 3, 4, 3, 2, 4, 4, 4, 4, 1, 1, 2, 3]|[0, 2, 0, 0, 3, 0, 1, 3, 0, 0, 2, 0, 1, 0, 1, 0, 0, 0, 1, 0, 0, 2, 0, 0, 1, 0, 0, 3, 0, 1, 0, 2, 0, 0, 3, 0, 1, 1, 0, 0, 0, 0, 1, 3, 0, 0, 1, 0, 2, 0, 0, 0, 0, 0, 1, 0, 1, 0, 1, 1, 0, 2, 0, 0, 0, 0, 0, 0, 0, 2, 0, 0, 1, 0, 0, 1, 0, 0, 3, 0, 0, 1, 2, 0, 0, 0, 0, 0, 3, 1, 0, 0, 2, 1, 3, 1, 0, 0, 0, 0],908.8272556494078,49235.066718390466,107289.32240407266,false
38,G3_TWC,G3_TWC,[31, 22, 82, 15, 26, 58, 95, 42, 77, 12, 47, 5, 93, 78, 98, 54, 85, 63, 18, 44, 20, 35, 43, 97, 91, 76, 10, 30, 21, 45, 71, 64, 1, 23, 17, 83, 24, 14, 60, 36, 6, 57, 94, 88, 65, 56, 79, 40, 67, 68, 46, 75, 39, 9, 19, 32, 81, 96, 27, 62, 87, 90, 99, 59, 11, 16, 72, 73, 70, 38, 37, 84, 3, 92, 25, 55, 28, 29, 51, 7, 33, 61, 86, 48, 89, 50, 69, 41, 53, 80, 4, 8, 34, 49, 52, 0, 13, 2, 66, 74]|[1, 1, 0, 1, 1, 1, 2, 1, 2, 1, 2, 2, 2, 1, 1, 0, 0, 1, 0, 2, 2, 0, 1, 2, 0, 1, 2, 2, 0, 0, 1, 2, 1, 2, 1, 0, 2, 0, 1, 1, 0, 1, 1, 1, 0, 2, 1, 1, 0, 0, 0, 0, 1, 1, 2, 1, 2, 0, 0, 0, 2, 1, 0, 1, 2, 1, 2, 1, 1, 1, 1, 1, 2, 0, 1, 1, 0, 0, 0, 1, 2, 1, 0, 0, 1, 0, 1, 0, 0, 0, 0, 1, 2, 0, 1, 0, 0, 0, 2, 2]|[4, 3, 2, 2, 0, 0, 2, 2, 2, 4, 1, 1, 2, 4, 4, 1, 1, 4, 2, 1, 1, 1, 1, 2, 1, 2, 1, 1, 1, 1, 3, 2, 3, 0, 4, 0, 1, 1, 0, 3, 2, 2, 4, 0, 1, 1, 0, 2, 0, 1, 2, 2, 1, 4, 0, 3, 2, 1, 1, 2, 1, 3, 1, 1, 1, 3, 0, 4, 3, 1, 4, 1, 1, 2, 4, 4, 2, 1, 1, 3, 1, 3, 1, 1, 1, 1, 3, 1, 2, 1, 2, 3, 1, 1, 1, 2, 2, 2, 1, 1]|[0, 2, 1, 1, 3, 3, 0, 1, 0, 0, 0, 0, 1, 0, 1, 0, 0, 3, 1, 0, 0, 0, 3, 1, 0, 2, 0, 0, 0, 1, 0, 0, 0, 0, 3, 0, 1, 0, 0, 2, 1, 1, 2, 0, 0, 0, 0, 1, 1, 0, 0, 0, 1, 3, 0, 0, 1, 0, 0, 1, 0, 2, 0, 1, 0, 2, 1, 0, 0, 1, 1, 3, 0, 1, 3, 3, 1, 0, 0, 2, 0, 0, 0, 0, 1, 0, 0, 0, 1, 0, 1, 2, 0, 1, 1, 0, 0, 0, 0, 0],790.0799945868791,57951.42221290124,88960.86369927591,false
38,G1_CMAX,G1_CMAX,[31, 22, 82, 15, 26, 99, 95, 42, 77, 12, 47, 5, 93, 78, 86, 54, 21, 63, 18, 44, 20, 35, 43, 97, 91, 76, 10, 30, 85, 45, 71, 64, 1, 23, 57, 83, 24, 14, 60, 36, 81, 17, 40, 88, 65, 56, 79, 94, 67, 68, 46, 75, 38, 9, 19, 32, 41, 6, 27, 87, 90, 58, 59, 11, 16, 72, 73, 70, 39, 37, 84, 3, 92, 25, 55, 28, 62, 29, 51, 7, 33, 61, 98, 48, 89, 50, 4, 96, 53, 80, 66, 8, 34, 49, 52, 0, 13, 2, 69, 74]|[1, 1, 0, 1, 1, 0, 1, 1, 2, 1, 2, 2, 2, 1, 1, 0, 0, 1, 0, 2, 2, 0, 1, 2, 0, 1, 2, 2, 0, 0, 1, 2, 1, 2, 1, 0, 2, 0, 1, 1, 0, 1, 1, 1, 0, 2, 1, 1, 0, 0, 0, 0, 1, 1, 2, 1, 2, 2, 0, 2, 1, 0, 1, 2, 1, 2, 1, 1, 1, 1, 1, 1, 0, 1, 2, 2, 0, 0, 2, 2, 2, 1, 2, 0, 1, 0, 1, 2, 0, 0, 2, 1, 2, 0, 1, 0, 0, 0, 1, 2]|[0, 3, 2, 2, 4, 1, 2, 3, 2, 4, 1, 1, 2, 4, 4, 1, 1, 4, 2, 1, 1, 1, 1, 2, 1, 2, 1, 1, 2, 1, 3, 2, 3, 0, 4, 0, 1, 1, 0, 3, 2, 2, 2, 0, 1, 1, 0, 4, 0, 1, 2, 2, 1, 4, 0, 3, 2, 2, 1, 1, 3, 1, 1, 1, 3, 0, 4, 3, 1, 4, 1, 1, 0, 4, 1, 1, 2, 1, 2, 1, 1, 3, 1, 1, 1, 1, 4, 1, 2, 1, 1, 3, 1, 1, 1, 2, 2, 2, 4, 1]|[0, 2, 1, 1, 3, 0, 1, 3, 0, 0, 0, 0, 1, 0, 1, 0, 0, 3, 1, 0, 0, 0, 3, 1, 0, 2, 0, 0, 0, 1, 0, 0, 0, 0, 3, 0, 1, 0, 0, 2, 1, 1, 1, 0, 0, 0, 0, 2, 1, 0, 0, 0, 1, 3, 0, 0, 1, 1, 0, 0, 2, 0, 1, 0, 2, 1, 0, 0, 1, 1, 3, 1, 1, 3, 0, 0, 1, 0, 1, 0, 0, 0, 0, 0, 1, 0, 0, 0, 1, 0, 0, 2, 0, 1, 1, 0, 0, 0, 2, 0],714.4485115867469,58161.785232764836,94013.66617097157,false
38,G4_BALANCED,G1_CMAX,[22, 82, 3, 58, 95, 42, 77, 47, 5, 93, 78, 12, 86, 54, 50, 63, 18, 44, 20, 35, 43, 97, 91, 76, 10, 30, 21, 45, 71, 64, 36, 23, 17, 83, 24, 14, 60, 1, 6, 40, 57, 90, 65, 56, 79, 94, 67, 68, 46, 75, 38, 9, 19, 32, 81, 41, 27, 62, 16, 55, 59, 89, 88, 87, 31, 72, 73, 70, 39, 37, 84, 92, 25, 11, 48, 15, 29, 51, 7, 33, 61, 98, 28, 99, 26, 85, 66, 96, 53, 80, 4, 8, 34, 49, 52, 2, 13, 0, 69, 74]|[1, 0, 1, 0, 1, 2, 2, 2, 2, 2, 1, 1, 1, 0, 0, 1, 0, 2, 2, 0, 1, 2, 0, 1, 2, 2, 0, 0, 1, 2, 1, 2, 1, 0, 2, 0, 1, 1, 0, 1, 1, 1, 0, 2, 1, 1, 0, 0, 0, 0, 1, 1, 2, 1, 2, 0, 0, 0, 1, 2, 1, 1, 1, 1, 1, 2, 1, 2, 1, 1, 1, 0, 1, 2, 2, 1, 0, 0, 1, 2, 1, 2, 0, 1, 1, 0, 0, 2, 0, 0, 1, 1, 2, 0, 1, 0, 0, 0, 1, 2]|[3, 2, 1, 1, 2, 1, 2, 1, 1, 2, 4, 4, 4, 1, 1, 4, 2, 1, 1, 1, 1, 2, 1, 2, 1, 1, 2, 1, 3, 2, 3, 1, 4, 1, 1, 1, 0, 3, 2, 2, 2, 3, 1, 1, 0, 4, 0, 1, 2, 2, 1, 4, 0, 3, 2, 1, 1, 2, 3, 1, 1, 1, 0, 3, 0, 0, 3, 0, 1, 4, 1, 0, 4, 1, 1, 4, 1, 1, 1, 1, 3, 1, 2, 1, 0, 2, 1, 1, 2, 1, 4, 3, 1, 1, 1, 2, 2, 2, 4, 1]|[3, 1, 2, 0, 1, 0, 0, 0, 0, 1, 0, 0, 1, 0, 0, 3, 1, 0, 0, 0, 3, 1, 0, 2, 0, 0, 0, 1, 0, 0, 2, 0, 3, 0, 1, 0, 0, 0, 1, 1, 1, 2, 0, 0, 0, 2, 1, 0, 0, 0, 1, 3, 0, 0, 1, 0, 0, 1, 2, 0, 1, 1, 0, 2, 0, 1, 0, 1, 1, 1, 1, 1, 3, 0, 0, 3, 0, 0, 2, 0, 0, 0, 1, 1, 3, 0, 0, 0, 1, 0, 0, 2, 0, 1, 1, 0, 0, 0, 2, 0],715.7913946700162,58060.95961022334,95287.06515100288,true
38,G2_TEC,G2_TEC,[31, 22, 82, 15, 26, 9, 95, 42, 77, 68, 47, 5, 93, 78, 86, 54, 85, 63, 18, 44, 20, 49, 36, 14, 74, 50, 53, 17, 21, 28, 11, 64, 3, 23, 30, 83, 24, 41, 40, 52, 65, 27, 90, 70, 39, 87, 48, 69, 99, 4, 75, 1, 13, 58, 97, 59, 45, 8, 73, 37, 35, 79, 71, 66, 76, 32, 60, 80, 56, 6, 67, 61, 33, 7, 57, 34, 12, 16, 10, 98, 96, 88, 43, 46, 91, 38, 84, 92, 29, 19, 51, 55, 81, 89, 25, 72, 94, 2, 0, 62]|[2, 1, 2, 1, 1, 2, 1, 1, 1, 1, 1, 0, 2, 2, 1, 2, 0, 0, 0, 2, 2, 1, 0, 2, 0, 2, 2, 1, 0, 1, 1, 1, 0, 0, 1, 0, 2, 1, 2, 2, 0, 0, 1, 1, 0, 2, 0, 2, 1, 0, 0, 2, 0, 0, 2, 0, 1, 1, 0, 0, 2, 1, 1, 2, 2, 0, 2, 2, 2, 1, 2, 1, 1, 2, 0, 1, 1, 2, 1, 2, 0, 1, 1, 0, 1, 0, 0, 0, 1, 1, 1, 0, 1, 1, 1, 1, 2, 2, 0, 1]|[0, 3, 0, 3, 4, 1, 4, 4, 2, 4, 3, 2, 1, 0, 2, 1, 1, 1, 2, 1, 1, 3, 0, 1, 0, 1, 1, 4, 1, 4, 3, 2, 2, 0, 4, 1, 1, 4, 1, 1, 2, 1, 4, 4, 1, 1, 0, 2, 3, 2, 2, 1, 2, 1, 1, 2, 4, 3, 0, 2, 2, 3, 3, 1, 1, 2, 1, 1, 1, 4, 1, 3, 4, 1, 2, 4, 3, 1, 3, 1, 2, 4, 4, 2, 3, 2, 2, 2, 3, 4, 3, 2, 4, 4, 4, 4, 1, 1, 2, 3]|[0, 2, 0, 0, 3, 0, 1, 3, 0, 0, 2, 0, 1, 0, 1, 0, 0, 0, 1, 0, 0, 2, 0, 0, 1, 0, 0, 3, 0, 1, 0, 2, 0, 0, 3, 0, 1, 1, 0, 0, 0, 0, 1, 3, 0, 0, 1, 0, 2, 0, 0, 0, 0, 0, 1, 0, 1, 0, 1, 1, 0, 2, 0, 0, 0, 0, 0, 0, 0, 2, 0, 0, 1, 0, 0, 1, 0, 0, 3, 0, 0, 1, 2, 0, 0, 0, 0, 0, 3, 1, 0, 0, 2, 1, 3, 1, 0, 0, 0, 0],908.8272556494078,49235.066718390466,107289.32240407266,false
38,G3_TWC,G3_TWC,[31, 22, 82, 15, 26, 58, 95, 42, 77, 12, 47, 5, 93, 78, 98, 54, 85, 63, 18, 44, 20, 35, 43, 97, 91, 76, 10, 30, 21, 45, 71, 64, 1, 23, 17, 83, 24, 14, 60, 36, 6, 57, 94, 88, 65, 56, 79, 40, 67, 68, 46, 75, 39, 9, 19, 32, 81, 96, 27, 62, 87, 90, 99, 59, 11, 16, 72, 73, 70, 38, 37, 84, 3, 92, 25, 55, 28, 29, 51, 7, 33, 61, 86, 48, 89, 50, 69, 41, 53, 80, 4, 8, 34, 49, 52, 0, 13, 2, 66, 74]|[1, 1, 0, 1, 1, 1, 2, 1, 2, 1, 2, 2, 2, 1, 1, 0, 0, 1, 0, 2, 2, 0, 1, 2, 0, 1, 2, 2, 0, 0, 1, 2, 1, 2, 1, 0, 2, 0, 1, 1, 0, 1, 1, 1, 0, 2, 1, 1, 0, 0, 0, 0, 1, 1, 2, 1, 2, 0, 0, 0, 2, 1, 0, 1, 2, 1, 2, 1, 1, 1, 1, 1, 2, 0, 1, 1, 0, 0, 0, 1, 2, 1, 0, 0, 1, 0, 1, 0, 0, 0, 0, 1, 2, 0, 1, 0, 0, 0, 2, 2]|[4, 3, 2, 2, 0, 0, 2, 2, 2, 4, 1, 1, 2, 4, 4, 1, 1, 4, 2, 1, 1, 1, 1, 2, 1, 2, 1, 1, 1, 1, 3, 2, 3, 0, 4, 0, 1, 1, 0, 3, 2, 2, 4, 0, 1, 1, 0, 2, 0, 1, 2, 2, 1, 4, 0, 3, 2, 1, 1, 2, 1, 3, 1, 1, 1, 3, 0, 4, 3, 1, 4, 1, 1, 2, 4, 4, 2, 1, 1, 3, 1, 3, 1, 1, 1, 1, 3, 1, 2, 1, 2, 3, 1, 1, 1, 2, 2, 2, 1, 1]|[0, 2, 1, 1, 3, 3, 0, 1, 0, 0, 0, 0, 1, 0, 1, 0, 0, 3, 1, 0, 0, 0, 3, 1, 0, 2, 0, 0, 0, 1, 0, 0, 0, 0, 3, 0, 1, 0, 0, 2, 1, 1, 2, 0, 0, 0, 0, 1, 1, 0, 0, 0, 1, 3, 0, 0, 1, 0, 0, 1, 0, 2, 0, 1, 0, 2, 1, 0, 0, 1, 1, 3, 0, 1, 3, 3, 1, 0, 0, 2, 0, 0, 0, 0, 1, 0, 0, 0, 1, 0, 1, 2, 0, 1, 1, 0, 0, 0, 0, 0],790.0799945868791,57951.42221290124,88960.86369927591,false
38,G1_CMAX,G1_CMAX,[31, 22, 82, 15, 26, 99, 95, 42, 77, 12, 47, 5, 93, 78, 86, 54, 21, 63, 18, 44, 20, 35, 43, 97, 91, 76, 10, 30, 85, 45, 71, 64, 1, 23, 57, 83, 24, 14, 60, 36, 81, 17, 40, 88, 65, 56, 79, 94, 67, 68, 46, 75, 38, 9, 19, 32, 41, 6, 27, 87, 90, 58, 59, 11, 16, 72, 73, 70, 39, 37, 84, 3, 92, 25, 55, 28, 62, 29, 51, 7, 33, 61, 98, 48, 89, 50, 4, 96, 53, 80, 66, 8, 34, 49, 52, 0, 13, 2, 69, 74]|[1, 1, 0, 1, 1, 0, 1, 1, 2, 1, 2, 2, 2, 1, 1, 0, 0, 1, 0, 2, 2, 0, 1, 2, 0, 1, 2, 2, 0, 0, 1, 2, 1, 2, 1, 0, 2, 0, 1, 1, 0, 1, 1, 1, 0, 2, 1, 1, 0, 0, 0, 0, 1, 1, 2, 1, 2, 2, 0, 2, 1, 0, 1, 2, 1, 2, 1, 1, 1, 1, 1, 1, 0, 1, 2, 2, 0, 0, 2, 2, 2, 1, 2, 0, 1, 0, 1, 2, 0, 0, 2, 1, 2, 0, 1, 0, 0, 0, 1, 2]|[0, 3, 2, 2, 4, 1, 2, 3, 2, 4, 1, 1, 2, 4, 4, 1, 1, 4, 2, 1, 1, 1, 1, 2, 1, 2, 1, 1, 2, 1, 3, 2, 3, 0, 4, 0, 1, 1, 0, 3, 2, 2, 2, 0, 1, 1, 0, 4, 0, 1, 2, 2, 1, 4, 0, 3, 2, 2, 1, 1, 3, 1, 1, 1, 3, 0, 4, 3, 1, 4, 1, 1, 0, 4, 1, 1, 2, 1, 2, 1, 1, 3, 1, 1, 1, 1, 4, 1, 2, 1, 1, 3, 1, 1, 1, 2, 2, 2, 4, 1]|[0, 2, 1, 1, 3, 0, 1, 3, 0, 0, 0, 0, 1, 0, 1, 0, 0, 3, 1, 0, 0, 0, 3, 1, 0, 2, 0, 0, 0, 1, 0, 0, 0, 0, 3, 0, 1, 0, 0, 2, 1, 1, 1, 0, 0, 0, 0, 2, 1, 0, 0, 0, 1, 3, 0, 0, 1, 1, 0, 0, 2, 0, 1, 0, 2, 1, 0, 0, 1, 1, 3, 1, 1, 3, 0, 0, 1, 0, 1, 0, 0, 0, 0, 0, 1, 0, 0, 0, 1, 0, 0, 2, 0, 1, 1, 0, 0, 0, 2, 0],714.4485115867469,58161.785232764836,94013.66617097157,false
38,G4_BALANCED,G1_CMAX,[22, 82, 3, 58, 95, 42, 77, 47, 5, 93, 78, 12, 86, 54, 50, 63, 18, 44, 20, 35, 43, 97, 91, 76, 10, 30, 21, 45, 71, 64, 36, 23, 17, 83, 24, 14, 60, 1, 6, 40, 57, 90, 65, 56, 79, 94, 67, 68, 46, 75, 38, 9, 19, 32, 81, 41, 27, 62, 16, 55, 59, 89, 88, 87, 31, 72, 73, 70, 39, 37, 84, 92, 25, 11, 48, 15, 29, 51, 7, 33, 61, 98, 28, 99, 26, 85, 66, 96, 53, 80, 4, 8, 34, 49, 52, 2, 13, 0, 69, 74]|[1, 0, 1, 0, 1, 2, 2, 2, 2, 2, 1, 1, 1, 0, 0, 1, 0, 2, 2, 0, 1, 2, 0, 1, 2, 2, 0, 0, 1, 2, 1, 2, 1, 0, 2, 0, 1, 1, 0, 1, 1, 1, 0, 2, 1, 1, 0, 0, 0, 0, 1, 1, 2, 1, 2, 0, 0, 0, 1, 2, 1, 1, 1, 1, 1, 2, 1, 2, 1, 1, 1, 0, 1, 2, 2, 1, 0, 0, 1, 2, 1, 2, 0, 1, 1, 0, 0, 2, 0, 0, 1, 1, 2, 0, 1, 0, 0, 0, 1, 2]|[3, 2, 1, 1, 2, 1, 2, 1, 1, 2, 4, 4, 4, 1, 1, 4, 2, 1, 1, 1, 1, 2, 1, 2, 1, 1, 2, 1, 3, 2, 3, 1, 4, 1, 1, 1, 0, 3, 2, 2, 2, 3, 1, 1, 0, 4, 0, 1, 2, 2, 1, 4, 0, 3, 2, 1, 1, 2, 3, 1, 1, 1, 0, 3, 0, 0, 3, 0, 1, 4, 1, 0, 4, 1, 1, 4, 1, 1, 1, 1, 3, 1, 2, 1, 0, 2, 1, 1, 2, 1, 4, 3, 1, 1, 1, 2, 2, 2, 4, 1]|[3, 1, 2, 0, 1, 0, 0, 0, 0, 1, 0, 0, 1, 0, 0, 3, 1, 0, 0, 0, 3, 1, 0, 2, 0, 0, 0, 1, 0, 0, 2, 0, 3, 0, 1, 0, 0, 0, 1, 1, 1, 2, 0, 0, 0, 2, 1, 0, 0, 0, 1, 3, 0, 0, 1, 0, 0, 1, 2, 0, 1, 1, 0, 2, 0, 1, 0, 1, 1, 1, 1, 1, 3, 0, 0, 3, 0, 0, 2, 0, 0, 0, 1, 1, 3, 0, 0, 0, 1, 0, 0, 2, 0, 1, 1, 0, 0, 0, 2, 0],715.7913946700162,58060.95961022334,95287.06515100288,true
38,G2_TEC,G2_TEC,[31, 22, 82, 15, 26, 9, 95, 42, 77, 68, 47, 5, 93, 78, 86, 54, 85, 63, 18, 44, 20, 49, 36, 14, 74, 50, 53, 17, 21, 28, 11, 64, 3, 23, 30, 83, 24, 41, 40, 52, 65, 27, 90, 70, 39, 87, 48, 69, 99, 4, 75, 1, 13, 58, 97, 59, 45, 8, 73, 37, 35, 79, 71, 66, 76, 32, 60, 80, 56, 6, 67, 61, 33, 7, 57, 34, 12, 16, 10, 98, 96, 88, 43, 46, 91, 38, 84, 92, 29, 19, 51, 55, 81, 89, 25, 72, 94, 2, 0, 62]|[2, 1, 2, 1, 1, 2, 1, 1, 1, 1, 1, 0, 2, 2, 1, 2, 0, 0, 0, 2, 2, 1, 0, 2, 0, 2, 2, 1, 0, 1, 1, 1, 0, 0, 1, 0, 2, 1, 2, 2, 0, 0, 1, 1, 0, 2, 0, 2, 1, 0, 0, 2, 0, 0, 2, 0, 1, 1, 0, 0, 2, 1, 1, 2, 2, 0, 2, 2, 2, 1, 2, 1, 1, 2, 0, 1, 1, 2, 1, 2, 0, 1, 1, 0, 1, 0, 0, 0, 1, 1, 1, 0, 1, 1, 1, 1, 2, 2, 0, 1]|[0, 3, 0, 3, 4, 1, 4, 4, 2, 4, 3, 2, 1, 0, 2, 1, 1, 1, 2, 1, 1, 3, 0, 1, 0, 1, 1, 4, 1, 4, 3, 2, 2, 0, 4, 1, 1, 4, 1, 1, 2, 1, 4, 4, 1, 1, 0, 2, 3, 2, 2, 1, 2, 1, 1, 2, 4, 3, 0, 2, 2, 3, 3, 1, 1, 2, 1, 1, 1, 4, 1, 3, 4, 1, 2, 4, 3, 1, 3, 1, 2, 4, 4, 2, 3, 2, 2, 2, 3, 4, 3, 2, 4, 4, 4, 4, 1, 1, 2, 3]|[0, 2, 0, 0, 3, 0, 1, 3, 0, 0, 2, 0, 1, 0, 1, 0, 0, 0, 1, 0, 0, 2, 0, 0, 1, 0, 0, 3, 0, 1, 0, 2, 0, 0, 3, 0, 1, 1, 0, 0, 0, 0, 1, 3, 0, 0, 1, 0, 2, 0, 0, 0, 0, 0, 1, 0, 1, 0, 1, 1, 0, 2, 0, 0, 0, 0, 0, 0, 0, 2, 0, 0, 1, 0, 0, 1, 0, 0, 3, 0, 0, 1, 2, 0, 0, 0, 0, 0, 3, 1, 0, 0, 2, 1, 3, 1, 0, 0, 0, 0],908.8272556494078,49235.066718390466,107289.32240407266,false
38,G3_TWC,G3_TWC,[31, 22, 82, 15, 26, 58, 95, 42, 77, 12, 47, 5, 93, 78, 98, 54, 85, 63, 18, 44, 20, 35, 43, 97, 91, 76, 10, 30, 21, 45, 71, 64, 1, 23, 17, 83, 24, 14, 60, 36, 6, 57, 94, 88, 65, 56, 79, 40, 67, 68, 46, 75, 39, 9, 19, 32, 81, 96, 27, 62, 87, 90, 99, 59, 11, 16, 72, 73, 70, 38, 37, 84, 3, 92, 25, 55, 28, 29, 51, 7, 33, 61, 86, 48, 89, 50, 69, 41, 53, 80, 4, 8, 34, 49, 52, 0, 13, 2, 66, 74]|[1, 1, 0, 1, 1, 1, 2, 1, 2, 1, 2, 2, 2, 1, 1, 0, 0, 1, 0, 2, 2, 0, 1, 2, 0, 1, 2, 2, 0, 0, 1, 2, 1, 2, 1, 0, 2, 0, 1, 1, 0, 1, 1, 1, 0, 2, 1, 1, 0, 0, 0, 0, 1, 1, 2, 1, 2, 0, 0, 0, 2, 1, 0, 1, 2, 1, 2, 1, 1, 1, 1, 1, 2, 0, 1, 1, 0, 0, 0, 1, 2, 1, 0, 0, 1, 0, 1, 0, 0, 0, 0, 1, 2, 0, 1, 0, 0, 0, 2, 2]|[4, 3, 2, 2, 0, 0, 2, 2, 2, 4, 1, 1, 2, 4, 4, 1, 1, 4, 2, 1, 1, 1, 1, 2, 1, 2, 1, 1, 1, 1, 3, 2, 3, 0, 4, 0, 1, 1, 0, 3, 2, 2, 4, 0, 1, 1, 0, 2, 0, 1, 2, 2, 1, 4, 0, 3, 2, 1, 1, 2, 1, 3, 1, 1, 1, 3, 0, 4, 3, 1, 4, 1, 1, 2, 4, 4, 2, 1, 1, 3, 1, 3, 1, 1, 1, 1, 3, 1, 2, 1, 2, 3, 1, 1, 1, 2, 2, 2, 1, 1]|[0, 2, 1, 1, 3, 3, 0, 1, 0, 0, 0, 0, 1, 0, 1, 0, 0, 3, 1, 0, 0, 0, 3, 1, 0, 2, 0, 0, 0, 1, 0, 0, 0, 0, 3, 0, 1, 0, 0, 2, 1, 1, 2, 0, 0, 0, 0, 1, 1, 0, 0, 0, 1, 3, 0, 0, 1, 0, 0, 1, 0, 2, 0, 1, 0, 2, 1, 0, 0, 1, 1, 3, 0, 1, 3, 3, 1, 0, 0, 2, 0, 0, 0, 0, 1, 0, 0, 0, 1, 0, 1, 2, 0, 1, 1, 0, 0, 0, 0, 0],790.0799945868791,57951.42221290124,88960.86369927591,false
38,G1_CMAX,G1_CMAX,[31, 22, 82, 15, 26, 99, 95, 42, 77, 12, 47, 5, 93, 78, 86, 54, 21, 63, 18, 44, 20, 35, 43, 97, 91, 76, 10, 30, 85, 45, 71, 64, 1, 23, 57, 83, 24, 14, 60, 36, 81, 17, 40, 88, 65, 56, 79, 94, 67, 68, 46, 75, 38, 9, 19, 32, 41, 6, 27, 87, 90, 58, 59, 11, 16, 72, 73, 70, 39, 37, 84, 3, 92, 25, 55, 28, 62, 29, 51, 7, 33, 61, 98, 48, 89, 50, 4, 96, 53, 80, 66, 8, 34, 49, 52, 0, 13, 2, 69, 74]|[1, 1, 0, 1, 1, 0, 1, 1, 2, 1, 2, 2, 2, 1, 1, 0, 0, 1, 0, 2, 2, 0, 1, 2, 0, 1, 2, 2, 0, 0, 1, 2, 1, 2, 1, 0, 2, 0, 1, 1, 0, 1, 1, 1, 0, 2, 1, 1, 0, 0, 0, 0, 1, 1, 2, 1, 2, 2, 0, 2, 1, 0, 1, 2, 1, 2, 1, 1, 1, 1, 1, 1, 0, 1, 2, 2, 0, 0, 2, 2, 2, 1, 2, 0, 1, 0, 1, 2, 0, 0, 2, 1, 2, 0, 1, 0, 0, 0, 1, 2]|[0, 3, 2, 2, 4, 1, 2, 3, 2, 4, 1, 1, 2, 4, 4, 1, 1, 4, 2, 1, 1, 1, 1, 2, 1, 2, 1, 1, 2, 1, 3, 2, 3, 0, 4, 0, 1, 1, 0, 3, 2, 2, 2, 0, 1, 1, 0, 4, 0, 1, 2, 2, 1, 4, 0, 3, 2, 2, 1, 1, 3, 1, 1, 1, 3, 0, 4, 3, 1, 4, 1, 1, 0, 4, 1, 1, 2, 1, 2, 1, 1, 3, 1, 1, 1, 1, 4, 1, 2, 1, 1, 3, 1, 1, 1, 2, 2, 2, 4, 1]|[0, 2, 1, 1, 3, 0, 1, 3, 0, 0, 0, 0, 1, 0, 1, 0, 0, 3, 1, 0, 0, 0, 3, 1, 0, 2, 0, 0, 0, 1, 0, 0, 0, 0, 3, 0, 1, 0, 0, 2, 1, 1, 1, 0, 0, 0, 0, 2, 1, 0, 0, 0, 1, 3, 0, 0, 1, 1, 0, 0, 2, 0, 1, 0, 2, 1, 0, 0, 1, 1, 3, 1, 1, 3, 0, 0, 1, 0, 1, 0, 0, 0, 0, 0, 1, 0, 0, 0, 1, 0, 0, 2, 0, 1, 1, 0, 0, 0, 2, 0],714.4485115867469,58161.785232764836,94013.66617097157,false
38,G4_BALANCED,G1_CMAX,[22, 82, 3, 58, 95, 42, 77, 47, 5, 93, 78, 12, 86, 54, 50, 63, 18, 44, 20, 35, 43, 97, 91, 76, 10, 30, 21, 45, 71, 64, 36, 23, 17, 83, 24, 14, 60, 1, 6, 40, 57, 90, 65, 56, 79, 94, 67, 68, 46, 75, 38, 9, 19, 32, 81, 41, 27, 62, 16, 55, 59, 89, 88, 87, 31, 72, 73, 70, 39, 37, 84, 92, 25, 11, 48, 15, 29, 51, 7, 33, 61, 98, 28, 99, 26, 85, 66, 96, 53, 80, 4, 8, 34, 49, 52, 2, 13, 0, 69, 74]|[1, 0, 1, 0, 1, 2, 2, 2, 2, 2, 1, 1, 1, 0, 0, 1, 0, 2, 2, 0, 1, 2, 0, 1, 2, 2, 0, 0, 1, 2, 1, 2, 1, 0, 2, 0, 1, 1, 0, 1, 1, 1, 0, 2, 1, 1, 0, 0, 0, 0, 1, 1, 2, 1, 2, 0, 0, 0, 1, 2, 1, 1, 1, 1, 1, 2, 1, 2, 1, 1, 1, 0, 1, 2, 2, 1, 0, 0, 1, 2, 1, 2, 0, 1, 1, 0, 0, 2, 0, 0, 1, 1, 2, 0, 1, 0, 0, 0, 1, 2]|[3, 2, 1, 1, 2, 1, 2, 1, 1, 2, 4, 4, 4, 1, 1, 4, 2, 1, 1, 1, 1, 2, 1, 2, 1, 1, 2, 1, 3, 2, 3, 1, 4, 1, 1, 1, 0, 3, 2, 2, 2, 3, 1, 1, 0, 4, 0, 1, 2, 2, 1, 4, 0, 3, 2, 1, 1, 2, 3, 1, 1, 1, 0, 3, 0, 0, 3, 0, 1, 4, 1, 0, 4, 1, 1, 4, 1, 1, 1, 1, 3, 1, 2, 1, 0, 2, 1, 1, 2, 1, 4, 3, 1, 1, 1, 2, 2, 2, 4, 1]|[3, 1, 2, 0, 1, 0, 0, 0, 0, 1, 0, 0, 1, 0, 0, 3, 1, 0, 0, 0, 3, 1, 0, 2, 0, 0, 0, 1, 0, 0, 2, 0, 3, 0, 1, 0, 0, 0, 1, 1, 1, 2, 0, 0, 0, 2, 1, 0, 0, 0, 1, 3, 0, 0, 1, 0, 0, 1, 2, 0, 1, 1, 0, 2, 0, 1, 0, 1, 1, 1, 1, 1, 3, 0, 0, 3, 0, 0, 2, 0, 0, 0, 1, 1, 3, 0, 0, 0, 1, 0, 0, 2, 0, 1, 1, 0, 0, 0, 2, 0],715.7913946700162,58060.95961022334,95287.06515100288,true
38,G2_TEC,G2_TEC,[31, 22, 82, 15, 26, 9, 95, 42, 77, 68, 47, 5, 93, 78, 86, 54, 85, 63, 18, 44, 20, 49, 36, 14, 74, 50, 53, 17, 21, 28, 11, 64, 3, 23, 30, 83, 24, 41, 40, 52, 65, 27, 90, 70, 39, 87, 48, 69, 99, 4, 75, 1, 13, 58, 97, 59, 45, 8, 73, 37, 35, 79, 71, 66, 76, 32, 60, 80, 56, 6, 67, 61, 33, 7, 57, 34, 12, 16, 10, 98, 96, 88, 43, 46, 91, 38, 84, 92, 29, 19, 51, 55, 81, 89, 25, 72, 94, 2, 0, 62]|[2, 1, 2, 1, 1, 2, 1, 1, 1, 1, 1, 0, 2, 2, 1, 2, 0, 0, 0, 2, 2, 1, 0, 2, 0, 2, 2, 1, 0, 1, 1, 1, 0, 0, 1, 0, 2, 1, 2, 2, 0, 0, 1, 1, 0, 2, 0, 2, 1, 0, 0, 2, 0, 0, 2, 0, 1, 1, 0, 0, 2, 1, 1, 2, 2, 0, 2, 2, 2, 1, 2, 1, 1, 2, 0, 1, 1, 2, 1, 2, 0, 1, 1, 0, 1, 0, 0, 0, 1, 1, 1, 0, 1, 1, 1, 1, 2, 2, 0, 1]|[0, 3, 0, 3, 4, 1, 4, 4, 2, 4, 3, 2, 1, 0, 2, 1, 1, 1, 2, 1, 1, 3, 0, 1, 0, 1, 1, 4, 1, 4, 3, 2, 2, 0, 4, 1, 1, 4, 1, 1, 2, 1, 4, 4, 1, 1, 0, 2, 3, 2, 2, 1, 2, 1, 1, 2, 4, 3, 0, 2, 2, 3, 3, 1, 1, 2, 1, 1, 1, 4, 1, 3, 4, 1, 2, 4, 3, 1, 3, 1, 2, 4, 4, 2, 3, 2, 2, 2, 3, 4, 3, 2, 4, 4, 4, 4, 1, 1, 2, 3]|[0, 2, 0, 0, 3, 0, 1, 3, 0, 0, 2, 0, 1, 0, 1, 0, 0, 0, 1, 0, 0, 2, 0, 0, 1, 0, 0, 3, 0, 1, 0, 2, 0, 0, 3, 0, 1, 1, 0, 0, 0, 0, 1, 3, 0, 0, 1, 0, 2, 0, 0, 0, 0, 0, 1, 0, 1, 0, 1, 1, 0, 2, 0, 0, 0, 0, 0, 0, 0, 2, 0, 0, 1, 0, 0, 1, 0, 0, 3, 0, 0, 1, 2, 0, 0, 0, 0, 0, 3, 1, 0, 0, 2, 1, 3, 1, 0, 0, 0, 0],908.8272556494078,49235.066718390466,107289.32240407266,false
38,G3_TWC,G3_TWC,[31, 22, 82, 15, 26, 58, 95, 42, 77, 12, 47, 5, 93, 78, 98, 54, 85, 63, 18, 44, 20, 35, 43, 97, 91, 76, 10, 30, 21, 45, 71, 64, 1, 23, 17, 83, 24, 14, 60, 36, 6, 57, 94, 88, 65, 56, 79, 40, 67, 68, 46, 75, 39, 9, 19, 32, 81, 96, 27, 62, 87, 90, 99, 59, 11, 16, 72, 73, 70, 38, 37, 84, 3, 92, 25, 55, 28, 29, 51, 7, 33, 61, 86, 48, 89, 50, 69, 41, 53, 80, 4, 8, 34, 49, 52, 0, 13, 2, 66, 74]|[1, 1, 0, 1, 1, 1, 2, 1, 2, 1, 2, 2, 2, 1, 1, 0, 0, 1, 0, 2, 2, 0, 1, 2, 0, 1, 2, 2, 0, 0, 1, 2, 1, 2, 1, 0, 2, 0, 1, 1, 0, 1, 1, 1, 0, 2, 1, 1, 0, 0, 0, 0, 1, 1, 2, 1, 2, 0, 0, 0, 2, 1, 0, 1, 2, 1, 2, 1, 1, 1, 1, 1, 2, 0, 1, 1, 0, 0, 0, 1, 2, 1, 0, 0, 1, 0, 1, 0, 0, 0, 0, 1, 2, 0, 1, 0, 0, 0, 2, 2]|[4, 3, 2, 2, 0, 0, 2, 2, 2, 4, 1, 1, 2, 4, 4, 1, 1, 4, 2, 1, 1, 1, 1, 2, 1, 2, 1, 1, 1, 1, 3, 2, 3, 0, 4, 0, 1, 1, 0, 3, 2, 2, 4, 0, 1, 1, 0, 2, 0, 1, 2, 2, 1, 4, 0, 3, 2, 1, 1, 2, 1, 3, 1, 1, 1, 3, 0, 4, 3, 1, 4, 1, 1, 2, 4, 4, 2, 1, 1, 3, 1, 3, 1, 1, 1, 1, 3, 1, 2, 1, 2, 3, 1, 1, 1, 2, 2, 2, 1, 1]|[0, 2, 1, 1, 3, 3, 0, 1, 0, 0, 0, 0, 1, 0, 1, 0, 0, 3, 1, 0, 0, 0, 3, 1, 0, 2, 0, 0, 0, 1, 0, 0, 0, 0, 3, 0, 1, 0, 0, 2, 1, 1, 2, 0, 0, 0, 0, 1, 1, 0, 0, 0, 1, 3, 0, 0, 1, 0, 0, 1, 0, 2, 0, 1, 0, 2, 1, 0, 0, 1, 1, 3, 0, 1, 3, 3, 1, 0, 0, 2, 0, 0, 0, 0, 1, 0, 0, 0, 1, 0, 1, 2, 0, 1, 1, 0, 0, 0, 0, 0],790.0799945868791,57951.42221290124,88960.86369927591,false
38,G1_CMAX,G1_CMAX,[31, 22, 82, 15, 26, 99, 95, 42, 77, 12, 47, 5, 93, 78, 86, 54, 21, 63, 18, 44, 20, 35, 43, 97, 91, 76, 10, 30, 85, 45, 71, 64, 1, 23, 57, 83, 24, 14, 60, 36, 81, 17, 40, 88, 65, 56, 79, 94, 67, 68, 46, 75, 38, 9, 19, 32, 41, 6, 27, 87, 90, 58, 59, 11, 16, 72, 73, 70, 39, 37, 84, 3, 92, 25, 55, 28, 62, 29, 51, 7, 33, 61, 98, 48, 89, 50, 4, 96, 53, 80, 66, 8, 34, 49, 52, 0, 13, 2, 69, 74]|[1, 1, 0, 1, 1, 0, 1, 1, 2, 1, 2, 2, 2, 1, 1, 0, 0, 1, 0, 2, 2, 0, 1, 2, 0, 1, 2, 2, 0, 0, 1, 2, 1, 2, 1, 0, 2, 0, 1, 1, 0, 1, 1, 1, 0, 2, 1, 1, 0, 0, 0, 0, 1, 1, 2, 1, 2, 2, 0, 2, 1, 0, 1, 2, 1, 2, 1, 1, 1, 1, 1, 1, 0, 1, 2, 2, 0, 0, 2, 2, 2, 1, 2, 0, 1, 0, 1, 2, 0, 0, 2, 1, 2, 0, 1, 0, 0, 0, 1, 2]|[0, 3, 2, 2, 4, 1, 2, 3, 2, 4, 1, 1, 2, 4, 4, 1, 1, 4, 2, 1, 1, 1, 1, 2, 1, 2, 1, 1, 2, 1, 3, 2, 3, 0, 4, 0, 1, 1, 0, 3, 2, 2, 2, 0, 1, 1, 0, 4, 0, 1, 2, 2, 1, 4, 0, 3, 2, 2, 1, 1, 3, 1, 1, 1, 3, 0, 4, 3, 1, 4, 1, 1, 0, 4, 1, 1, 2, 1, 2, 1, 1, 3, 1, 1, 1, 1, 4, 1, 2, 1, 1, 3, 1, 1, 1, 2, 2, 2, 4, 1]|[0, 2, 1, 1, 3, 0, 1, 3, 0, 0, 0, 0, 1, 0, 1, 0, 0, 3, 1, 0, 0, 0, 3, 1, 0, 2, 0, 0, 0, 1, 0, 0, 0, 0, 3, 0, 1, 0, 0, 2, 1, 1, 1, 0, 0, 0, 0, 2, 1, 0, 0, 0, 1, 3, 0, 0, 1, 1, 0, 0, 2, 0, 1, 0, 2, 1, 0, 0, 1, 1, 3, 1, 1, 3, 0, 0, 1, 0, 1, 0, 0, 0, 0, 0, 1, 0, 0, 0, 1, 0, 0, 2, 0, 1, 1, 0, 0, 0, 2, 0],714.4485115867469,58161.785232764836,94013.66617097157,false
38,G4_BALANCED,G1_CMAX,[22, 82, 3, 58, 95, 42, 77, 47, 5, 93, 78, 12, 86, 54, 50, 63, 18, 44, 20, 35, 43, 97, 91, 76, 10, 30, 21, 45, 71, 64, 36, 23, 17, 83, 24, 14, 60, 1, 6, 40, 57, 90, 65, 56, 79, 94, 67, 68, 46, 75, 38, 9, 19, 32, 81, 41, 27, 62, 16, 55, 59, 89, 88, 87, 31, 72, 73, 70, 39, 37, 84, 92, 25, 11, 48, 15, 29, 51, 7, 33, 61, 98, 28, 99, 26, 85, 66, 96, 53, 80, 4, 8, 34, 49, 52, 2, 13, 0, 69, 74]|[1, 0, 1, 0, 1, 2, 2, 2, 2, 2, 1, 1, 1, 0, 0, 1, 0, 2, 2, 0, 1, 2, 0, 1, 2, 2, 0, 0, 1, 2, 1, 2, 1, 0, 2, 0, 1, 1, 0, 1, 1, 1, 0, 2, 1, 1, 0, 0, 0, 0, 1, 1, 2, 1, 2, 0, 0, 0, 1, 2, 1, 1, 1, 1, 1, 2, 1, 2, 1, 1, 1, 0, 1, 2, 2, 1, 0, 0, 1, 2, 1, 2, 0, 1, 1, 0, 0, 2, 0, 0, 1, 1, 2, 0, 1, 0, 0, 0, 1, 2]|[3, 2, 1, 1, 2, 1, 2, 1, 1, 2, 4, 4, 4, 1, 1, 4, 2, 1, 1, 1, 1, 2, 1, 2, 1, 1, 2, 1, 3, 2, 3, 1, 4, 1, 1, 1, 0, 3, 2, 2, 2, 3, 1, 1, 0, 4, 0, 1, 2, 2, 1, 4, 0, 3, 2, 1, 1, 2, 3, 1, 1, 1, 0, 3, 0, 0, 3, 0, 1, 4, 1, 0, 4, 1, 1, 4, 1, 1, 1, 1, 3, 1, 2, 1, 0, 2, 1, 1, 2, 1, 4, 3, 1, 1, 1, 2, 2, 2, 4, 1]|[3, 1, 2, 0, 1, 0, 0, 0, 0, 1, 0, 0, 1, 0, 0, 3, 1, 0, 0, 0, 3, 1, 0, 2, 0, 0, 0, 1, 0, 0, 2, 0, 3, 0, 1, 0, 0, 0, 1, 1, 1, 2, 0, 0, 0, 2, 1, 0, 0, 0, 1, 3, 0, 0, 1, 0, 0, 1, 2, 0, 1, 1, 0, 2, 0, 1, 0, 1, 1, 1, 1, 1, 3, 0, 0, 3, 0, 0, 2, 0, 0, 0, 1, 1, 3, 0, 0, 0, 1, 0, 0, 2, 0, 1, 1, 0, 0, 0, 2, 0],715.7913946700162,58060.95961022334,95287.06515100288,true
38,G2_TEC,G4_BALANCED,[31, 22, 82, 15, 26, 9, 95, 42, 77, 68, 47, 5, 93, 78, 86, 54, 85, 63, 18, 44, 20, 49, 36, 14, 74, 50, 53, 17, 21, 28, 11, 64, 3, 23, 30, 83, 24, 41, 40, 52, 65, 27, 90, 70, 39, 87, 48, 69, 99, 4, 75, 1, 13, 58, 97, 59, 45, 8, 73, 37, 35, 79, 71, 66, 76, 32, 60, 80, 96, 6, 67, 61, 33, 7, 57, 34, 12, 16, 10, 98, 56, 88, 43, 46, 91, 38, 84, 92, 29, 19, 51, 55, 72, 89, 25, 81, 94, 2, 62, 0]|[2, 1, 2, 1, 1, 2, 1, 1, 1, 1, 1, 0, 2, 2, 1, 2, 0, 0, 0, 2, 2, 1, 0, 2, 0, 2, 2, 1, 0, 1, 1, 1, 0, 0, 1, 0, 2, 1, 2, 2, 0, 0, 1, 1, 0, 2, 0, 2, 1, 0, 0, 2, 0, 0, 2, 0, 1, 1, 0, 0, 2, 1, 1, 2, 2, 0, 2, 2, 0, 1, 2, 1, 1, 2, 0, 1, 1, 2, 1, 2, 0, 1, 1, 0, 1, 0, 0, 0, 1, 1, 1, 0, 1, 1, 1, 1, 2, 2, 1, 0]|[0, 3, 0, 3, 4, 1, 4, 4, 2, 4, 3, 2, 1, 0, 2, 1, 1, 1, 2, 1, 1, 3, 0, 1, 0, 1, 1, 4, 1, 4, 3, 2, 2, 0, 4, 1, 1, 4, 1, 1, 2, 1, 4, 4, 1, 1, 0, 2, 3, 2, 2, 1, 2, 1, 1, 2, 4, 3, 0, 2, 2, 3, 3, 1, 1, 2, 1, 1, 2, 4, 1, 3, 4, 1, 2, 4, 3, 1, 3, 1, 2, 4, 4, 2, 3, 2, 2, 2, 3, 4, 3, 2, 4, 4, 4, 4, 1, 1, 3, 2]|[0, 2, 0, 0, 3, 0, 1, 3, 0, 0, 2, 0, 1, 0, 1, 0, 0, 0, 1, 0, 0, 2, 0, 0, 1, 0, 0, 3, 0, 1, 0, 2, 0, 0, 3, 0, 1, 1, 0, 0, 0, 0, 1, 3, 0, 0, 1, 0, 2, 0, 0, 0, 0, 1, 1, 0, 1, 0, 1, 1, 0, 2, 0, 0, 0, 0, 0, 0, 0, 2, 0, 0, 1, 0, 0, 1, 0, 0, 3, 0, 0, 1, 2, 0, 0, 0, 0, 0, 3, 1, 0, 0, 1, 1, 3, 2, 0, 0, 0, 0],885.482556055631,49740.871625514876,105318.24401334692,true
38,G3_TWC,G3_TWC,[31, 22, 82, 15, 26, 58, 95, 42, 77, 12, 47, 5, 93, 78, 98, 54, 85, 63, 18, 44, 20, 35, 43, 97, 91, 76, 10, 30, 21, 45, 71, 64, 1, 23, 17, 83, 24, 14, 60, 36, 6, 57, 94, 88, 65, 56, 79, 40, 67, 68, 46, 75, 39, 9, 19, 32, 81, 96, 27, 62, 87, 90, 99, 59, 11, 16, 72, 73, 70, 38, 37, 84, 3, 92, 25, 55, 28, 29, 51, 7, 33, 61, 86, 48, 89, 50, 69, 41, 53, 80, 4, 8, 34, 49, 52, 0, 13, 2, 66, 74]|[1, 1, 0, 1, 1, 1, 2, 1, 2, 1, 2, 2, 2, 1, 1, 0, 0, 1, 0, 2, 2, 0, 1, 2, 0, 1, 2, 2, 0, 0, 1, 2, 1, 2, 1, 0, 2, 0, 1, 1, 0, 1, 1, 1, 0, 2, 1, 1, 0, 0, 0, 0, 1, 1, 2, 1, 2, 0, 0, 0, 2, 1, 0, 1, 2, 1, 2, 1, 1, 1, 1, 1, 2, 0, 1, 1, 0, 0, 0, 1, 2, 1, 0, 0, 1, 0, 1, 0, 0, 0, 0, 1, 2, 0, 1, 0, 0, 0, 2, 2]|[4, 3, 2, 2, 0, 0, 2, 2, 2, 4, 1, 1, 2, 4, 4, 1, 1, 4, 2, 1, 1, 1, 1, 2, 1, 2, 1, 1, 1, 1, 3, 2, 3, 0, 4, 0, 1, 1, 0, 3, 2, 2, 4, 0, 1, 1, 0, 2, 0, 1, 2, 2, 1, 4, 0, 3, 2, 1, 1, 2, 1, 3, 1, 1, 1, 3, 0, 4, 3, 1, 4, 1, 1, 2, 4, 4, 2, 1, 1, 3, 1, 3, 1, 1, 1, 1, 3, 1, 2, 1, 2, 3, 1, 1, 1, 2, 2, 2, 1, 1]|[0, 2, 1, 1, 3, 3, 0, 1, 0, 0, 0, 0, 1, 0, 1, 0, 0, 3, 1, 0, 0, 0, 3, 1, 0, 2, 0, 0, 0, 1, 0, 0, 0, 0, 3, 0, 1, 0, 0, 2, 1, 1, 2, 0, 0, 0, 0, 1, 1, 0, 0, 0, 1, 3, 0, 0, 1, 0, 0, 1, 0, 2, 0, 1, 0, 2, 1, 0, 0, 1, 1, 3, 0, 1, 3, 3, 1, 0, 0, 2, 0, 0, 0, 0, 1, 0, 0, 0, 1, 0, 1, 2, 0, 1, 1, 0, 0, 0, 0, 0],790.0799945868791,57951.42221290124,88960.86369927591,false
38,G1_CMAX,G1_CMAX,[31, 22, 82, 15, 26, 99, 95, 42, 77, 12, 47, 5, 93, 78, 86, 54, 21, 63, 18, 44, 20, 35, 43, 97, 91, 76, 10, 30, 85, 45, 71, 64, 1, 23, 57, 83, 24, 14, 60, 36, 81, 17, 40, 88, 65, 56, 79, 94, 67, 68, 46, 75, 38, 9, 19, 32, 41, 6, 27, 87, 90, 58, 59, 11, 16, 72, 73, 70, 39, 37, 84, 3, 92, 25, 55, 28, 62, 29, 51, 7, 33, 61, 98, 48, 89, 50, 4, 96, 53, 80, 66, 8, 34, 49, 52, 0, 13, 2, 69, 74]|[1, 1, 0, 1, 1, 0, 1, 1, 2, 1, 2, 2, 2, 1, 1, 0, 0, 1, 0, 2, 2, 0, 1, 2, 0, 1, 2, 2, 0, 0, 1, 2, 1, 2, 1, 0, 2, 0, 1, 1, 0, 1, 1, 1, 0, 2, 1, 1, 0, 0, 0, 0, 1, 1, 2, 1, 2, 2, 0, 2, 1, 0, 1, 2, 1, 2, 1, 1, 1, 1, 1, 1, 0, 1, 2, 2, 0, 0, 2, 2, 2, 1, 2, 0, 1, 0, 1, 2, 0, 0, 2, 1, 2, 0, 1, 0, 0, 0, 1, 2]|[0, 3, 2, 2, 4, 1, 2, 3, 2, 4, 1, 1, 2, 4, 4, 1, 1, 4, 2, 1, 1, 1, 1, 2, 1, 2, 1, 1, 2, 1, 3, 2, 3, 0, 4, 0, 1, 1, 0, 3, 2, 2, 2, 0, 1, 1, 0, 4, 0, 1, 2, 2, 1, 4, 0, 3, 2, 2, 1, 1, 3, 1, 1, 1, 3, 0, 4, 3, 1, 4, 1, 1, 0, 4, 1, 1, 2, 1, 2, 1, 1, 3, 1, 1, 1, 1, 4, 1, 2, 1, 1, 3, 1, 1, 1, 2, 2, 2, 4, 1]|[0, 2, 1, 1, 3, 0, 1, 3, 0, 0, 0, 0, 1, 0, 1, 0, 0, 3, 1, 0, 0, 0, 3, 1, 0, 2, 0, 0, 0, 1, 0, 0, 0, 0, 3, 0, 1, 0, 0, 2, 1, 1, 1, 0, 0, 0, 0, 2, 1, 0, 0, 0, 1, 3, 0, 0, 1, 1, 0, 0, 2, 0, 1, 0, 2, 1, 0, 0, 1, 1, 3, 1, 1, 3, 0, 0, 1, 0, 1, 0, 0, 0, 0, 0, 1, 0, 0, 0, 1, 0, 0, 2, 0, 1, 1, 0, 0, 0, 2, 0],714.4485115867469,58161.785232764836,94013.66617097157,false
38,G4_BALANCED,G1_CMAX,[22, 82, 3, 58, 95, 42, 77, 47, 5, 93, 78, 12, 86, 54, 50, 63, 18, 44, 20, 35, 43, 97, 91, 76, 10, 30, 21, 45, 71, 64, 36, 23, 17, 83, 24, 14, 60, 1, 6, 40, 57, 90, 65, 56, 79, 94, 67, 68, 46, 75, 38, 9, 19, 32, 81, 41, 27, 62, 16, 55, 59, 89, 88, 87, 31, 72, 73, 70, 39, 37, 84, 92, 25, 11, 48, 15, 29, 51, 7, 33, 61, 98, 28, 99, 26, 85, 66, 96, 53, 80, 4, 8, 34, 49, 52, 2, 13, 0, 69, 74]|[1, 0, 1, 0, 1, 2, 2, 2, 2, 2, 1, 1, 1, 0, 0, 1, 0, 2, 2, 0, 1, 2, 0, 1, 2, 2, 0, 0, 1, 2, 1, 2, 1, 0, 2, 0, 1, 1, 0, 1, 1, 1, 0, 2, 1, 1, 0, 0, 0, 0, 1, 1, 2, 1, 2, 0, 0, 0, 1, 2, 1, 1, 1, 1, 1, 2, 1, 2, 1, 1, 1, 0, 1, 2, 2, 1, 0, 0, 1, 2, 1, 2, 0, 1, 1, 0, 0, 2, 0, 0, 1, 1, 2, 0, 1, 0, 0, 0, 1, 2]|[3, 2, 1, 1, 2, 1, 2, 1, 1, 2, 4, 4, 4, 1, 1, 4, 2, 1, 1, 1, 1, 2, 1, 2, 1, 1, 2, 1, 3, 2, 3, 1, 4, 1, 1, 1, 0, 3, 2, 2, 2, 3, 1, 1, 0, 4, 0, 1, 2, 2, 1, 4, 0, 3, 2, 1, 1, 2, 3, 1, 1, 1, 0, 3, 0, 0, 3, 0, 1, 4, 1, 0, 4, 1, 1, 4, 1, 1, 1, 1, 3, 1, 2, 1, 0, 2, 1, 1, 2, 1, 4, 3, 1, 1, 1, 2, 2, 2, 4, 1]|[3, 1, 2, 0, 1, 0, 0, 0, 0, 1, 0, 0, 1, 0, 0, 3, 1, 0, 0, 0, 3, 1, 0, 2, 0, 0, 0, 1, 0, 0, 2, 0, 3, 0, 1, 0, 0, 0, 1, 1, 1, 2, 0, 0, 0, 2, 1, 0, 0, 0, 1, 3, 0, 0, 1, 0, 0, 1, 2, 0, 1, 1, 0, 2, 0, 1, 0, 1, 1, 1, 1, 1, 3, 0, 0, 3, 0, 0, 2, 0, 0, 0, 1, 1, 3, 0, 0, 0, 1, 0, 0, 2, 0, 1, 1, 0, 0, 0, 2, 0],715.7913946700162,58060.95961022334,95287.06515100288,true
38,G2_TEC,G2_TEC,[31, 22, 82, 15, 26, 9, 95, 42, 77, 68, 47, 5, 93, 78, 86, 54, 85, 63, 18, 44, 20, 49, 36, 14, 74, 50, 53, 17, 21, 28, 11, 64, 3, 23, 30, 83, 24, 41, 40, 52, 65, 27, 90, 70, 39, 87, 48, 69, 99, 4, 75, 1, 13, 58, 97, 59, 45, 8, 73, 37, 35, 79, 71, 66, 76, 32, 60, 80, 56, 6, 67, 61, 33, 7, 57, 34, 12, 16, 10, 98, 96, 88, 43, 46, 91, 38, 84, 92, 29, 19, 51, 55, 81, 89, 25, 72, 94, 2, 0, 62]|[2, 1, 2, 1, 1, 2, 1, 1, 1, 1, 1, 0, 2, 2, 1, 2, 0, 0, 0, 2, 2, 1, 0, 2, 0, 2, 2, 1, 0, 1, 1, 1, 0, 0, 1, 0, 2, 1, 2, 2, 0, 0, 1, 1, 0, 2, 0, 2, 1, 0, 0, 2, 0, 0, 2, 0, 1, 1, 0, 0, 2, 1, 1, 2, 2, 0, 2, 2, 2, 1, 2, 1, 1, 2, 0, 1, 1, 2, 1, 2, 0, 1, 1, 0, 1, 0, 0, 0, 1, 1, 1, 0, 1, 1, 1, 1, 2, 2, 0, 1]|[0, 3, 0, 3, 4, 1, 4, 4, 2, 4, 3, 2, 1, 0, 2, 1, 1, 1, 2, 1, 1, 3, 0, 1, 0, 1, 1, 4, 1, 4, 3, 2, 2, 0, 4, 1, 1, 4, 1, 1, 2, 1, 4, 4, 1, 1, 0, 2, 3, 2, 2, 1, 2, 1, 1, 2, 4, 3, 0, 2, 2, 3, 3, 1, 1, 2, 1, 1, 1, 4, 1, 3, 4, 1, 2, 4, 3, 1, 3, 1, 2, 4, 4, 2, 3, 2, 2, 2, 3, 4, 3, 2, 4, 4, 4, 4, 1, 1, 2, 3]|[0, 2, 0, 0, 3, 0, 1, 3, 0, 0, 2, 0, 1, 0, 1, 0, 0, 0, 1, 0, 0, 2, 0, 0, 1, 0, 0, 3, 0, 1, 0, 2, 0, 0, 3, 0, 1, 1, 0, 0, 0, 0, 1, 3, 0, 0, 1, 0, 2, 0, 0, 0, 0, 0, 1, 0, 1, 0, 1, 1, 0, 2, 0, 0, 0, 0, 0, 0, 0, 2, 0, 0, 1, 0, 0, 1, 0, 0, 3, 0, 0, 1, 2, 0, 0, 0, 0, 0, 3, 1, 0, 0, 2, 1, 3, 1, 0, 0, 0, 0],908.8272556494078,49235.066718390466,107289.32240407266,false
38,G3_TWC,G3_TWC,[31, 22, 82, 15, 26, 58, 95, 42, 77, 12, 47, 5, 93, 78, 98, 54, 85, 63, 18, 44, 20, 35, 43, 97, 91, 76, 10, 30, 21, 45, 71, 64, 1, 23, 17, 83, 24, 14, 60, 36, 6, 57, 94, 88, 65, 56, 79, 40, 67, 68, 46, 75, 39, 9, 19, 32, 81, 96, 27, 62, 87, 90, 99, 59, 11, 16, 72, 73, 70, 38, 37, 84, 3, 92, 25, 55, 28, 29, 51, 7, 33, 61, 86, 48, 89, 50, 69, 41, 53, 80, 4, 8, 34, 49, 52, 0, 13, 2, 66, 74]|[1, 1, 0, 1, 1, 1, 2, 1, 2, 1, 2, 2, 2, 1, 1, 0, 0, 1, 0, 2, 2, 0, 1, 2, 0, 1, 2, 2, 0, 0, 1, 2, 1, 2, 1, 0, 2, 0, 1, 1, 0, 1, 1, 1, 0, 2, 1, 1, 0, 0, 0, 0, 1, 1, 2, 1, 2, 0, 0, 0, 2, 1, 0, 1, 2, 1, 2, 1, 1, 1, 1, 1, 2, 0, 1, 1, 0, 0, 0, 1, 2, 1, 0, 0, 1, 0, 1, 0, 0, 0, 0, 1, 2, 0, 1, 0, 0, 0, 2, 2]|[4, 3, 2, 2, 0, 0, 2, 2, 2, 4, 1, 1, 2, 4, 4, 1, 1, 4, 2, 1, 1, 1, 1, 2, 1, 2, 1, 1, 1, 1, 3, 2, 3, 0, 4, 0, 1, 1, 0, 3, 2, 2, 4, 0, 1, 1, 0, 2, 0, 1, 2, 2, 1, 4, 0, 3, 2, 1, 1, 2, 1, 3, 1, 1, 1, 3, 0, 4, 3, 1, 4, 1, 1, 2, 4, 4, 2, 1, 1, 3, 1, 3, 1, 1, 1, 1, 3, 1, 2, 1, 2, 3, 1, 1, 1, 2, 2, 2, 1, 1]|[0, 2, 1, 1, 3, 3, 0, 1, 0, 0, 0, 0, 1, 0, 1, 0, 0, 3, 1, 0, 0, 0, 3, 1, 0, 2, 0, 0, 0, 1, 0, 0, 0, 0, 3, 0, 1, 0, 0, 2, 1, 1, 2, 0, 0, 0, 0, 1, 1, 0, 0, 0, 1, 3, 0, 0, 1, 0, 0, 1, 0, 2, 0, 1, 0, 2, 1, 0, 0, 1, 1, 3, 0, 1, 3, 3, 1, 0, 0, 2, 0, 0, 0, 0, 1, 0, 0, 0, 1, 0, 1, 2, 0, 1, 1, 0, 0, 0, 0, 0],790.0799945868791,57951.42221290124,88960.86369927591,false
38,G1_CMAX,G1_CMAX,[31, 22, 82, 15, 26, 99, 95, 42, 77, 12, 47, 5, 93, 78, 86, 54, 21, 63, 18, 44, 20, 35, 43, 97, 91, 76, 10, 30, 85, 45, 71, 64, 1, 23, 57, 83, 24, 14, 60, 36, 81, 17, 40, 88, 65, 56, 79, 94, 67, 68, 46, 75, 38, 9, 19, 32, 41, 6, 27, 87, 90, 58, 59, 11, 16, 72, 73, 70, 39, 37, 84, 3, 92, 25, 55, 28, 62, 29, 51, 7, 33, 61, 98, 48, 89, 50, 4, 96, 53, 80, 66, 8, 34, 49, 52, 0, 13, 2, 69, 74]|[1, 1, 0, 1, 1, 0, 1, 1, 2, 1, 2, 2, 2, 1, 1, 0, 0, 1, 0, 2, 2, 0, 1, 2, 0, 1, 2, 2, 0, 0, 1, 2, 1, 2, 1, 0, 2, 0, 1, 1, 0, 1, 1, 1, 0, 2, 1, 1, 0, 0, 0, 0, 1, 1, 2, 1, 2, 2, 0, 2, 1, 0, 1, 2, 1, 2, 1, 1, 1, 1, 1, 1, 0, 1, 2, 2, 0, 0, 2, 2, 2, 1, 2, 0, 1, 0, 1, 2, 0, 0, 2, 1, 2, 0, 1, 0, 0, 0, 1, 2]|[0, 3, 2, 2, 4, 1, 2, 3, 2, 4, 1, 1, 2, 4, 4, 1, 1, 4, 2, 1, 1, 1, 1, 2, 1, 2, 1, 1, 2, 1, 3, 2, 3, 0, 4, 0, 1, 1, 0, 3, 2, 2, 2, 0, 1, 1, 0, 4, 0, 1, 2, 2, 1, 4, 0, 3, 2, 2, 1, 1, 3, 1, 1, 1, 3, 0, 4, 3, 1, 4, 1, 1, 0, 4, 1, 1, 2, 1, 2, 1, 1, 3, 1, 1, 1, 1, 4, 1, 2, 1, 1, 3, 1, 1, 1, 2, 2, 2, 4, 1]|[0, 2, 1, 1, 3, 0, 1, 3, 0, 0, 0, 0, 1, 0, 1, 0, 0, 3, 1, 0, 0, 0, 3, 1, 0, 2, 0, 0, 0, 1, 0, 0, 0, 0, 3, 0, 1, 0, 0, 2, 1, 1, 1, 0, 0, 0, 0, 2, 1, 0, 0, 0, 1, 3, 0, 0, 1, 1, 0, 0, 2, 0, 1, 0, 2, 1, 0, 0, 1, 1, 3, 1, 1, 3, 0, 0, 1, 0, 1, 0, 0, 0, 0, 0, 1, 0, 0, 0, 1, 0, 0, 2, 0, 1, 1, 0, 0, 0, 2, 0],714.4485115867469,58161.785232764836,94013.66617097157,false
38,G4_BALANCED,G1_CMAX,[22, 82, 3, 58, 95, 42, 77, 47, 5, 93, 78, 12, 86, 54, 50, 63, 18, 44, 20, 35, 43, 97, 91, 76, 10, 30, 21, 45, 71, 64, 36, 23, 17, 83, 24, 14, 60, 1, 6, 40, 57, 90, 65, 56, 79, 94, 67, 68, 46, 75, 38, 9, 19, 32, 81, 41, 27, 62, 16, 55, 59, 89, 88, 87, 31, 72, 73, 70, 39, 37, 84, 92, 25, 11, 48, 15, 29, 51, 7, 33, 61, 98, 28, 99, 26, 85, 66, 96, 53, 80, 4, 8, 34, 49, 52, 2, 13, 0, 69, 74]|[1, 0, 1, 0, 1, 2, 2, 2, 2, 2, 1, 1, 1, 0, 0, 1, 0, 2, 2, 0, 1, 2, 0, 1, 2, 2, 0, 0, 1, 2, 1, 2, 1, 0, 2, 0, 1, 1, 0, 1, 1, 1, 0, 2, 1, 1, 0, 0, 0, 0, 1, 1, 2, 1, 2, 0, 0, 0, 1, 2, 1, 1, 1, 1, 1, 2, 1, 2, 1, 1, 1, 0, 1, 2, 2, 1, 0, 0, 1, 2, 1, 2, 0, 1, 1, 0, 0, 2, 0, 0, 1, 1, 2, 0, 1, 0, 0, 0, 1, 2]|[3, 2, 1, 1, 2, 1, 2, 1, 1, 2, 4, 4, 4, 1, 1, 4, 2, 1, 1, 1, 1, 2, 1, 2, 1, 1, 2, 1, 3, 2, 3, 1, 4, 1, 1, 1, 0, 3, 2, 2, 2, 3, 1, 1, 0, 4, 0, 1, 2, 2, 1, 4, 0, 3, 2, 1, 1, 2, 3, 1, 1, 1, 0, 3, 0, 0, 3, 0, 1, 4, 1, 0, 4, 1, 1, 4, 1, 1, 1, 1, 3, 1, 2, 1, 0, 2, 1, 1, 2, 1, 4, 3, 1, 1, 1, 2, 2, 2, 4, 1]|[3, 1, 2, 0, 1, 0, 0, 0, 0, 1, 0, 0, 1, 0, 0, 3, 1, 0, 0, 0, 3, 1, 0, 2, 0, 0, 0, 1, 0, 0, 2, 0, 3, 0, 1, 0, 0, 0, 1, 1, 1, 2, 0, 0, 0, 2, 1, 0, 0, 0, 1, 3, 0, 0, 1, 0, 0, 1, 2, 0, 1, 1, 0, 2, 0, 1, 0, 1, 1, 1, 1, 1, 3, 0, 0, 3, 0, 0, 2, 0, 0, 0, 1, 1, 3, 0, 0, 0, 1, 0, 0, 2, 0, 1, 1, 0, 0, 0, 2, 0],715.7913946700162,58060.95961022334,95287.06515100288,true
38,G2_TEC,G2_TEC,[31, 22, 82, 15, 26, 9, 95, 42, 77, 68, 47, 5, 93, 78, 86, 54, 85, 63, 18, 44, 20, 49, 36, 14, 74, 50, 53, 17, 21, 28, 11, 64, 3, 23, 30, 83, 24, 41, 40, 52, 65, 27, 90, 70, 39, 87, 48, 69, 99, 4, 75, 1, 13, 58, 97, 59, 45, 8, 73, 37, 35, 79, 71, 66, 76, 32, 60, 80, 56, 6, 67, 61, 33, 7, 57, 34, 12, 16, 10, 98, 96, 88, 43, 46, 91, 38, 84, 92, 29, 19, 51, 55, 81, 89, 25, 72, 94, 2, 0, 62]|[2, 1, 2, 1, 1, 2, 1, 1, 1, 1, 1, 0, 2, 2, 1, 2, 0, 0, 0, 2, 2, 1, 0, 2, 0, 2, 2, 1, 0, 1, 1, 1, 0, 0, 1, 0, 2, 1, 2, 2, 0, 0, 1, 1, 0, 2, 0, 2, 1, 0, 0, 2, 0, 0, 2, 0, 1, 1, 0, 0, 2, 1, 1, 2, 2, 0, 2, 2, 2, 1, 2, 1, 1, 2, 0, 1, 1, 2, 1, 2, 0, 1, 1, 0, 1, 0, 0, 0, 1, 1, 1, 0, 1, 1, 1, 1, 2, 2, 0, 1]|[0, 3, 0, 3, 4, 1, 4, 4, 2, 4, 3, 2, 1, 0, 2, 1, 1, 1, 2, 1, 1, 3, 0, 1, 0, 1, 1, 4, 1, 4, 3, 2, 2, 0, 4, 1, 1, 4, 1, 1, 2, 1, 4, 4, 1, 1, 0, 2, 3, 2, 2, 1, 2, 1, 1, 2, 4, 3, 0, 2, 2, 3, 3, 1, 1, 2, 1, 1, 1, 4, 1, 3, 4, 1, 2, 4, 3, 1, 3, 1, 2, 4, 4, 2, 3, 2, 2, 2, 3, 4, 3, 2, 4, 4, 4, 4, 1, 1, 2, 3]|[0, 2, 0, 0, 3, 0, 1, 3, 0, 0, 2, 0, 1, 0, 1, 0, 0, 0, 1, 0, 0, 2, 0, 0, 1, 0, 0, 3, 0, 1, 0, 2, 0, 0, 3, 0, 1, 1, 0, 0, 0, 0, 1, 3, 0, 0, 1, 0, 2, 0, 0, 0, 0, 0, 1, 0, 1, 0, 1, 1, 0, 2, 0, 0, 0, 0, 0, 0, 0, 2, 0, 0, 1, 0, 0, 1, 0, 0, 3, 0, 0, 1, 2, 0, 0, 0, 0, 0, 3, 1, 0, 0, 2, 1, 3, 1, 0, 0, 0, 0],908.8272556494078,49235.066718390466,107289.32240407266,false
38,G3_TWC,G3_TWC,[31, 22, 82, 15, 26, 58, 95, 42, 77, 12, 47, 5, 93, 78, 98, 54, 85, 63, 18, 44, 20, 35, 43, 97, 91, 76, 10, 30, 21, 45, 71, 64, 1, 23, 17, 83, 24, 14, 60, 36, 6, 57, 94, 88, 65, 56, 79, 40, 67, 68, 46, 75, 39, 9, 19, 32, 81, 96, 27, 62, 87, 90, 99, 59, 11, 16, 72, 73, 70, 38, 37, 84, 3, 92, 25, 55, 28, 29, 51, 7, 33, 61, 86, 48, 89, 50, 69, 41, 53, 80, 4, 8, 34, 49, 52, 0, 13, 2, 66, 74]|[1, 1, 0, 1, 1, 1, 2, 1, 2, 1, 2, 2, 2, 1, 1, 0, 0, 1, 0, 2, 2, 0, 1, 2, 0, 1, 2, 2, 0, 0, 1, 2, 1, 2, 1, 0, 2, 0, 1, 1, 0, 1, 1, 1, 0, 2, 1, 1, 0, 0, 0, 0, 1, 1, 2, 1, 2, 0, 0, 0, 2, 1, 0, 1, 2, 1, 2, 1, 1, 1, 1, 1, 2, 0, 1, 1, 0, 0, 0, 1, 2, 1, 0, 0, 1, 0, 1, 0, 0, 0, 0, 1, 2, 0, 1, 0, 0, 0, 2, 2]|[4, 3, 2, 2, 0, 0, 2, 2, 2, 4, 1, 1, 2, 4, 4, 1, 1, 4, 2, 1, 1, 1, 1, 2, 1, 2, 1, 1, 1, 1, 3, 2, 3, 0, 4, 0, 1, 1, 0, 3, 2, 2, 4, 0, 1, 1, 0, 2, 0, 1, 2, 2, 1, 4, 0, 3, 2, 1, 1, 2, 1, 3, 1, 1, 1, 3, 0, 4, 3, 1, 4, 1, 1, 2, 4, 4, 2, 1, 1, 3, 1, 3, 1, 1, 1, 1, 3, 1, 2, 1, 2, 3, 1, 1, 1, 2, 2, 2, 1, 1]|[0, 2, 1, 1, 3, 3, 0, 1, 0, 0, 0, 0, 1, 0, 1, 0, 0, 3, 1, 0, 0, 0, 3, 1, 0, 2, 0, 0, 0, 1, 0, 0, 0, 0, 3, 0, 1, 0, 0, 2, 1, 1, 2, 0, 0, 0, 0, 1, 1, 0, 0, 0, 1, 3, 0, 0, 1, 0, 0, 1, 0, 2, 0, 1, 0, 2, 1, 0, 0, 1, 1, 3, 0, 1, 3, 3, 1, 0, 0, 2, 0, 0, 0, 0, 1, 0, 0, 0, 1, 0, 1, 2, 0, 1, 1, 0, 0, 0, 0, 0],790.0799945868791,57951.42221290124,88960.86369927591,false
38,G1_CMAX,G1_CMAX,[31, 22, 82, 15, 26, 99, 95, 42, 77, 12, 47, 5, 93, 78, 86, 54, 21, 63, 18, 44, 20, 35, 43, 97, 91, 76, 10, 30, 85, 45, 71, 64, 1, 23, 57, 83, 24, 14, 60, 36, 81, 17, 40, 88, 65, 56, 79, 94, 67, 68, 46, 75, 38, 9, 19, 32, 41, 6, 27, 87, 90, 58, 59, 11, 16, 72, 73, 70, 39, 37, 84, 3, 92, 25, 55, 28, 62, 29, 51, 7, 33, 61, 98, 48, 89, 50, 4, 96, 53, 80, 66, 8, 34, 49, 52, 0, 13, 2, 69, 74]|[1, 1, 0, 1, 1, 0, 1, 1, 2, 1, 2, 2, 2, 1, 1, 0, 0, 1, 0, 2, 2, 0, 1, 2, 0, 1, 2, 2, 0, 0, 1, 2, 1, 2, 1, 0, 2, 0, 1, 1, 0, 1, 1, 1, 0, 2, 1, 1, 0, 0, 0, 0, 1, 1, 2, 1, 2, 2, 0, 2, 1, 0, 1, 2, 1, 2, 1, 1, 1, 1, 1, 1, 0, 1, 2, 2, 0, 0, 2, 2, 2, 1, 2, 0, 1, 0, 1, 2, 0, 0, 2, 1, 2, 0, 1, 0, 0, 0, 1, 2]|[0, 3, 2, 2, 4, 1, 2, 3, 2, 4, 1, 1, 2, 4, 4, 1, 1, 4, 2, 1, 1, 1, 1, 2, 1, 2, 1, 1, 2, 1, 3, 2, 3, 0, 4, 0, 1, 1, 0, 3, 2, 2, 2, 0, 1, 1, 0, 4, 0, 1, 2, 2, 1, 4, 0, 3, 2, 2, 1, 1, 3, 1, 1, 1, 3, 0, 4, 3, 1, 4, 1, 1, 0, 4, 1, 1, 2, 1, 2, 1, 1, 3, 1, 1, 1, 1, 4, 1, 2, 1, 1, 3, 1, 1, 1, 2, 2, 2, 4, 1]|[0, 2, 1, 1, 3, 0, 1, 3, 0, 0, 0, 0, 1, 0, 1, 0, 0, 3, 1, 0, 0, 0, 3, 1, 0, 2, 0, 0, 0, 1, 0, 0, 0, 0, 3, 0, 1, 0, 0, 2, 1, 1, 1, 0, 0, 0, 0, 2, 1, 0, 0, 0, 1, 3, 0, 0, 1, 1, 0, 0, 2, 0, 1, 0, 2, 1, 0, 0, 1, 1, 3, 1, 1, 3, 0, 0, 1, 0, 1, 0, 0, 0, 0, 0, 1, 0, 0, 0, 1, 0, 0, 2, 0, 1, 1, 0, 0, 0, 2, 0],714.4485115867469,58161.785232764836,94013.66617097157,false
38,G4_BALANCED,G1_CMAX,[22, 82, 3, 58, 95, 42, 77, 47, 5, 93, 78, 12, 86, 54, 50, 63, 18, 44, 20, 35, 43, 97, 91, 76, 10, 30, 21, 45, 71, 64, 36, 23, 17, 83, 24, 14, 60, 1, 6, 40, 57, 90, 65, 56, 79, 94, 67, 68, 46, 75, 38, 9, 19, 32, 81, 41, 27, 62, 16, 55, 59, 89, 88, 87, 31, 72, 73, 70, 39, 37, 84, 92, 25, 11, 48, 15, 29, 51, 7, 33, 61, 98, 28, 99, 26, 85, 66, 96, 53, 80, 4, 8, 34, 49, 52, 2, 13, 0, 69, 74]|[1, 0, 1, 0, 1, 2, 2, 2, 2, 2, 1, 1, 1, 0, 0, 1, 0, 2, 2, 0, 1, 2, 0, 1, 2, 2, 0, 0, 1, 2, 1, 2, 1, 0, 2, 0, 1, 1, 0, 1, 1, 1, 0, 2, 1, 1, 0, 0, 0, 0, 1, 1, 2, 1, 2, 0, 0, 0, 1, 2, 1, 1, 1, 1, 1, 2, 1, 2, 1, 1, 1, 0, 1, 2, 2, 1, 0, 0, 1, 2, 1, 2, 0, 1, 1, 0, 0, 2, 0, 0, 1, 1, 2, 0, 1, 0, 0, 0, 1, 2]|[3, 2, 1, 1, 2, 1, 2, 1, 1, 2, 4, 4, 4, 1, 1, 4, 2, 1, 1, 1, 1, 2, 1, 2, 1, 1, 2, 1, 3, 2, 3, 1, 4, 1, 1, 1, 0, 3, 2, 2, 2, 3, 1, 1, 0, 4, 0, 1, 2, 2, 1, 4, 0, 3, 2, 1, 1, 2, 3, 1, 1, 1, 0, 3, 0, 0, 3, 0, 1, 4, 1, 0, 4, 1, 1, 4, 1, 1, 1, 1, 3, 1, 2, 1, 0, 2, 1, 1, 2, 1, 4, 3, 1, 1, 1, 2, 2, 2, 4, 1]|[3, 1, 2, 0, 1, 0, 0, 0, 0, 1, 0, 0, 1, 0, 0, 3, 1, 0, 0, 0, 3, 1, 0, 2, 0, 0, 0, 1, 0, 0, 2, 0, 3, 0, 1, 0, 0, 0, 1, 1, 1, 2, 0, 0, 0, 2, 1, 0, 0, 0, 1, 3, 0, 0, 1, 0, 0, 1, 2, 0, 1, 1, 0, 2, 0, 1, 0, 1, 1, 1, 1, 1, 3, 0, 0, 3, 0, 0, 2, 0, 0, 0, 1, 1, 3, 0, 0, 0, 1, 0, 0, 2, 0, 1, 1, 0, 0, 0, 2, 0],715.7913946700162,58060.95961022334,95287.06515100288,true
38,G2_TEC,G2_TEC,[31, 22, 82, 15, 26, 9, 95, 42, 77, 68, 47, 5, 93, 78, 86, 54, 85, 63, 18, 44, 20, 49, 36, 14, 74, 50, 53, 17, 21, 28, 11, 64, 3, 23, 30, 83, 24, 41, 40, 52, 65, 27, 90, 70, 39, 87, 48, 69, 99, 4, 75, 1, 13, 58, 97, 59, 45, 8, 73, 37, 35, 79, 71, 66, 76, 32, 60, 80, 56, 6, 67, 61, 33, 7, 57, 34, 12, 16, 10, 98, 96, 88, 43, 46, 91, 38, 84, 92, 29, 19, 51, 55, 81, 89, 25, 72, 94, 2, 0, 62]|[2, 1, 2, 1, 1, 2, 1, 1, 1, 1, 1, 0, 2, 2, 1, 2, 0, 0, 0, 2, 2, 1, 0, 2, 0, 2, 2, 1, 0, 1, 1, 1, 0, 0, 1, 0, 2, 1, 2, 2, 0, 0, 1, 1, 0, 2, 0, 2, 1, 0, 0, 2, 0, 0, 2, 0, 1, 1, 0, 0, 2, 1, 1, 2, 2, 0, 2, 2, 2, 1, 2, 1, 1, 2, 0, 1, 1, 2, 1, 2, 0, 1, 1, 0, 1, 0, 0, 0, 1, 1, 1, 0, 1, 1, 1, 1, 2, 2, 0, 1]|[0, 3, 0, 3, 4, 1, 4, 4, 2, 4, 3, 2, 1, 0, 2, 1, 1, 1, 2, 1, 1, 3, 0, 1, 0, 1, 1, 4, 1, 4, 3, 2, 2, 0, 4, 1, 1, 4, 1, 1, 2, 1, 4, 4, 1, 1, 0, 2, 3, 2, 2, 1, 2, 1, 1, 2, 4, 3, 0, 2, 2, 3, 3, 1, 1, 2, 1, 1, 1, 4, 1, 3, 4, 1, 2, 4, 3, 1, 3, 1, 2, 4, 4, 2, 3, 2, 2, 2, 3, 4, 3, 2, 4, 4, 4, 4, 1, 1, 2, 3]|[0, 2, 0, 0, 3, 0, 1, 3, 0, 0, 2, 0, 1, 0, 1, 0, 0, 0, 1, 0, 0, 2, 0, 0, 1, 0, 0, 3, 0, 1, 0, 2, 0, 0, 3, 0, 1, 1, 0, 0, 0, 0, 1, 3, 0, 0, 1, 0, 2, 0, 0, 0, 0, 0, 1, 0, 1, 0, 1, 1, 0, 2, 0, 0, 0, 0, 0, 0, 0, 2, 0, 0, 1, 0, 0, 1, 0, 0, 3, 0, 0, 1, 2, 0, 0, 0, 0, 0, 3, 1, 0, 0, 2, 1, 3, 1, 0, 0, 0, 0],908.8272556494078,49235.066718390466,107289.32240407266,false
38,G3_TWC,G3_TWC,[31, 22, 82, 15, 26, 58, 95, 42, 77, 12, 47, 5, 93, 78, 98, 54, 85, 63, 18, 44, 20, 35, 43, 97, 91, 76, 10, 30, 21, 45, 71, 64, 1, 23, 17, 83, 24, 14, 60, 36, 6, 57, 94, 88, 65, 56, 79, 40, 67, 68, 46, 75, 39, 9, 19, 32, 81, 96, 27, 62, 87, 90, 99, 59, 11, 16, 72, 73, 70, 38, 37, 84, 3, 92, 25, 55, 28, 29, 51, 7, 33, 61, 86, 48, 89, 50, 69, 41, 53, 80, 4, 8, 34, 49, 52, 0, 13, 2, 66, 74]|[1, 1, 0, 1, 1, 1, 2, 1, 2, 1, 2, 2, 2, 1, 1, 0, 0, 1, 0, 2, 2, 0, 1, 2, 0, 1, 2, 2, 0, 0, 1, 2, 1, 2, 1, 0, 2, 0, 1, 1, 0, 1, 1, 1, 0, 2, 1, 1, 0, 0, 0, 0, 1, 1, 2, 1, 2, 0, 0, 0, 2, 1, 0, 1, 2, 1, 2, 1, 1, 1, 1, 1, 2, 0, 1, 1, 0, 0, 0, 1, 2, 1, 0, 0, 1, 0, 1, 0, 0, 0, 0, 1, 2, 0, 1, 0, 0, 0, 2, 2]|[4, 3, 2, 2, 0, 0, 2, 2, 2, 4, 1, 1, 2, 4, 4, 1, 1, 4, 2, 1, 1, 1, 1, 2, 1, 2, 1, 1, 1, 1, 3, 2, 3, 0, 4, 0, 1, 1, 0, 3, 2, 2, 4, 0, 1, 1, 0, 2, 0, 1, 2, 2, 1, 4, 0, 3, 2, 1, 1, 2, 1, 3, 1, 1, 1, 3, 0, 4, 3, 1, 4, 1, 1, 2, 4, 4, 2, 1, 1, 3, 1, 3, 1, 1, 1, 1, 3, 1, 2, 1, 2, 3, 1, 1, 1, 2, 2, 2, 1, 1]|[0, 2, 1, 1, 3, 3, 0, 1, 0, 0, 0, 0, 1, 0, 1, 0, 0, 3, 1, 0, 0, 0, 3, 1, 0, 2, 0, 0, 0, 1, 0, 0, 0, 0, 3, 0, 1, 0, 0, 2, 1, 1, 2, 0, 0, 0, 0, 1, 1, 0, 0, 0, 1, 3, 0, 0, 1, 0, 0, 1, 0, 2, 0, 1, 0, 2, 1, 0, 0, 1, 1, 3, 0, 1, 3, 3, 1, 0, 0, 2, 0, 0, 0, 0, 1, 0, 0, 0, 1, 0, 1, 2, 0, 1, 1, 0, 0, 0, 0, 0],790.0799945868791,57951.42221290124,88960.86369927591,false
38,G1_CMAX,G1_CMAX,[31, 22, 82, 15, 26, 99, 95, 42, 77, 12, 47, 5, 93, 78, 86, 54, 21, 63, 18, 44, 20, 35, 43, 97, 91, 76, 10, 30, 85, 45, 71, 64, 1, 23, 57, 83, 24, 14, 60, 36, 81, 17, 40, 88, 65, 56, 79, 94, 67, 68, 46, 75, 38, 9, 19, 32, 41, 6, 27, 87, 90, 58, 59, 11, 16, 72, 73, 70, 39, 37, 84, 3, 92, 25, 55, 28, 62, 29, 51, 7, 33, 61, 98, 48, 89, 50, 4, 96, 53, 80, 66, 8, 34, 49, 52, 0, 13, 2, 69, 74]|[1, 1, 0, 1, 1, 0, 1, 1, 2, 1, 2, 2, 2, 1, 1, 0, 0, 1, 0, 2, 2, 0, 1, 2, 0, 1, 2, 2, 0, 0, 1, 2, 1, 2, 1, 0, 2, 0, 1, 1, 0, 1, 1, 1, 0, 2, 1, 1, 0, 0, 0, 0, 1, 1, 2, 1, 2, 2, 0, 2, 1, 0, 1, 2, 1, 2, 1, 1, 1, 1, 1, 1, 0, 1, 2, 2, 0, 0, 2, 2, 2, 1, 2, 0, 1, 0, 1, 2, 0, 0, 2, 1, 2, 0, 1, 0, 0, 0, 1, 2]|[0, 3, 2, 2, 4, 1, 2, 3, 2, 4, 1, 1, 2, 4, 4, 1, 1, 4, 2, 1, 1, 1, 1, 2, 1, 2, 1, 1, 2, 1, 3, 2, 3, 0, 4, 0, 1, 1, 0, 3, 2, 2, 2, 0, 1, 1, 0, 4, 0, 1, 2, 2, 1, 4, 0, 3, 2, 2, 1, 1, 3, 1, 1, 1, 3, 0, 4, 3, 1, 4, 1, 1, 0, 4, 1, 1, 2, 1, 2, 1, 1, 3, 1, 1, 1, 1, 4, 1, 2, 1, 1, 3, 1, 1, 1, 2, 2, 2, 4, 1]|[0, 2, 1, 1, 3, 0, 1, 3, 0, 0, 0, 0, 1, 0, 1, 0, 0, 3, 1, 0, 0, 0, 3, 1, 0, 2, 0, 0, 0, 1, 0, 0, 0, 0, 3, 0, 1, 0, 0, 2, 1, 1, 1, 0, 0, 0, 0, 2, 1, 0, 0, 0, 1, 3, 0, 0, 1, 1, 0, 0, 2, 0, 1, 0, 2, 1, 0, 0, 1, 1, 3, 1, 1, 3, 0, 0, 1, 0, 1, 0, 0, 0, 0, 0, 1, 0, 0, 0, 1, 0, 0, 2, 0, 1, 1, 0, 0, 0, 2, 0],714.4485115867469,58161.785232764836,94013.66617097157,false
38,G4_BALANCED,G1_CMAX,[22, 82, 3, 58, 95, 42, 77, 47, 5, 93, 78, 12, 86, 54, 50, 63, 18, 44, 20, 35, 43, 97, 91, 76, 10, 30, 21, 45, 71, 64, 36, 23, 17, 83, 24, 14, 60, 1, 6, 40, 57, 90, 65, 56, 79, 94, 67, 68, 46, 75, 38, 9, 19, 32, 81, 41, 27, 62, 16, 55, 59, 89, 88, 87, 31, 72, 73, 70, 39, 37, 84, 92, 25, 11, 48, 15, 29, 51, 7, 33, 61, 98, 28, 99, 26, 85, 66, 96, 53, 80, 4, 8, 34, 49, 52, 2, 13, 0, 69, 74]|[1, 0, 1, 0, 1, 2, 2, 2, 2, 2, 1, 1, 1, 0, 0, 1, 0, 2, 2, 0, 1, 2, 0, 1, 2, 2, 0, 0, 1, 2, 1, 2, 1, 0, 2, 0, 1, 1, 0, 1, 1, 1, 0, 2, 1, 1, 0, 0, 0, 0, 1, 1, 2, 1, 2, 0, 0, 0, 1, 2, 1, 1, 1, 1, 1, 2, 1, 2, 1, 1, 1, 0, 1, 2, 2, 1, 0, 0, 1, 2, 1, 2, 0, 1, 1, 0, 0, 2, 0, 0, 1, 1, 2, 0, 1, 0, 0, 0, 1, 2]|[3, 2, 1, 1, 2, 1, 2, 1, 1, 2, 4, 4, 4, 1, 1, 4, 2, 1, 1, 1, 1, 2, 1, 2, 1, 1, 2, 1, 3, 2, 3, 1, 4, 1, 1, 1, 0, 3, 2, 2, 2, 3, 1, 1, 0, 4, 0, 1, 2, 2, 1, 4, 0, 3, 2, 1, 1, 2, 3, 1, 1, 1, 0, 3, 0, 0, 3, 0, 1, 4, 1, 0, 4, 1, 1, 4, 1, 1, 1, 1, 3, 1, 2, 1, 0, 2, 1, 1, 2, 1, 4, 3, 1, 1, 1, 2, 2, 2, 4, 1]|[3, 1, 2, 0, 1, 0, 0, 0, 0, 1, 0, 0, 1, 0, 0, 3, 1, 0, 0, 0, 3, 1, 0, 2, 0, 0, 0, 1, 0, 0, 2, 0, 3, 0, 1, 0, 0, 0, 1, 1, 1, 2, 0, 0, 0, 2, 1, 0, 0, 0, 1, 3, 0, 0, 1, 0, 0, 1, 2, 0, 1, 1, 0, 2, 0, 1, 0, 1, 1, 1, 1, 1, 3, 0, 0, 3, 0, 0, 2, 0, 0, 0, 1, 1, 3, 0, 0, 0, 1, 0, 0, 2, 0, 1, 1, 0, 0, 0, 2, 0],715.7913946700162,58060.95961022334,95287.06515100288,true
38,G2_TEC,G2_TEC,[31, 22, 82, 15, 26, 9, 95, 42, 77, 68, 47, 5, 93, 78, 86, 54, 85, 63, 18, 44, 20, 49, 36, 14, 74, 50, 53, 17, 21, 28, 11, 64, 3, 23, 30, 83, 24, 41, 40, 52, 65, 27, 90, 70, 39, 87, 48, 69, 99, 4, 75, 1, 13, 58, 97, 59, 45, 8, 73, 37, 35, 79, 71, 66, 76, 32, 60, 80, 56, 6, 67, 61, 33, 7, 57, 34, 12, 16, 10, 98, 96, 88, 43, 46, 91, 38, 84, 92, 29, 19, 51, 55, 81, 89, 25, 72, 94, 2, 0, 62]|[2, 1, 2, 1, 1, 2, 1, 1, 1, 1, 1, 0, 2, 2, 1, 2, 0, 0, 0, 2, 2, 1, 0, 2, 0, 2, 2, 1, 0, 1, 1, 1, 0, 0, 1, 0, 2, 1, 2, 2, 0, 0, 1, 1, 0, 2, 0, 2, 1, 0, 0, 2, 0, 0, 2, 0, 1, 1, 0, 0, 2, 1, 1, 2, 2, 0, 2, 2, 2, 1, 2, 1, 1, 2, 0, 1, 1, 2, 1, 2, 0, 1, 1, 0, 1, 0, 0, 0, 1, 1, 1, 0, 1, 1, 1, 1, 2, 2, 0, 1]|[0, 3, 0, 3, 4, 1, 4, 4, 2, 4, 3, 2, 1, 0, 2, 1, 1, 1, 2, 1, 1, 3, 0, 1, 0, 1, 1, 4, 1, 4, 3, 2, 2, 0, 4, 1, 1, 4, 1, 1, 2, 1, 4, 4, 1, 1, 0, 2, 3, 2, 2, 1, 2, 1, 1, 2, 4, 3, 0, 2, 2, 3, 3, 1, 1, 2, 1, 1, 1, 4, 1, 3, 4, 1, 2, 4, 3, 1, 3, 1, 2, 4, 4, 2, 3, 2, 2, 2, 3, 4, 3, 2, 4, 4, 4, 4, 1, 1, 2, 3]|[0, 2, 0, 0, 3, 0, 1, 3, 0, 0, 2, 0, 1, 0, 1, 0, 0, 0, 1, 0, 0, 2, 0, 0, 1, 0, 0, 3, 0, 1, 0, 2, 0, 0, 3, 0, 1, 1, 0, 0, 0, 0, 1, 3, 0, 0, 1, 0, 2, 0, 0, 0, 0, 0, 1, 0, 1, 0, 1, 1, 0, 2, 0, 0, 0, 0, 0, 0, 0, 2, 0, 0, 1, 0, 0, 1, 0, 0, 3, 0, 0, 1, 2, 0, 0, 0, 0, 0, 3, 1, 0, 0, 2, 1, 3, 1, 0, 0, 0, 0],908.8272556494078,49235.066718390466,107289.32240407266,false
38,G3_TWC,G3_TWC,[31, 22, 82, 15, 26, 58, 95, 42, 77, 12, 47, 5, 93, 78, 98, 54, 85, 63, 18, 44, 20, 35, 43, 97, 91, 76, 10, 30, 21, 45, 71, 64, 1, 23, 17, 83, 24, 14, 60, 36, 6, 57, 94, 88, 65, 56, 79, 40, 67, 68, 46, 75, 39, 9, 19, 32, 81, 96, 27, 62, 87, 90, 99, 59, 11, 16, 72, 73, 70, 38, 37, 84, 3, 92, 25, 55, 28, 29, 51, 7, 33, 61, 86, 48, 89, 50, 69, 41, 53, 80, 8, 4, 34, 66, 52, 2, 13, 0, 49, 74]|[1, 1, 0, 1, 1, 1, 2, 1, 2, 1, 2, 2, 2, 1, 1, 0, 0, 1, 0, 2, 2, 0, 1, 2, 0, 1, 2, 2, 0, 0, 1, 2, 1, 2, 1, 0, 2, 0, 1, 1, 0, 1, 1, 1, 0, 2, 1, 1, 0, 0, 0, 0, 1, 1, 2, 1, 2, 0, 0, 0, 2, 1, 0, 1, 2, 1, 2, 1, 1, 1, 1, 2, 2, 0, 1, 1, 0, 0, 0, 1, 2, 1, 0, 0, 1, 0, 0, 2, 0, 0, 1, 0, 2, 2, 1, 0, 0, 0, 0, 2]|[4, 3, 2, 2, 0, 0, 2, 2, 2, 4, 1, 1, 2, 4, 4, 1, 1, 4, 2, 1, 1, 1, 1, 2, 1, 2, 1, 1, 1, 1, 3, 2, 3, 0, 4, 0, 1, 1, 0, 3, 2, 2, 4, 0, 1, 1, 0, 2, 0, 1, 2, 2, 1, 4, 0, 3, 2, 1, 1, 2, 1, 3, 1, 1, 1, 3, 0, 4, 3, 1, 4, 1, 1, 2, 4, 4, 2, 1, 1, 3, 1, 3, 1, 1, 1, 1, 1, 1, 2, 1, 3, 2, 1, 1, 1, 2, 2, 2, 1, 1]|[0, 2, 1, 1, 3, 3, 0, 1, 0, 0, 0, 0, 1, 0, 1, 0, 0, 3, 1, 0, 0, 0, 3, 1, 0, 2, 0, 0, 0, 1, 0, 0, 0, 0, 3, 0, 1, 0, 0, 2, 1, 1, 2, 0, 0, 0, 0, 1, 1, 0, 0, 0, 1, 3, 0, 0, 1, 0, 0, 1, 0, 2, 0, 1, 0, 2, 1, 0, 0, 1, 1, 0, 0, 1, 3, 3, 1, 0, 0, 2, 0, 0, 0, 0, 1, 0, 0, 0, 1, 0, 2, 1, 0, 0, 1, 0, 0, 0, 1, 0],790.4565500811616,57443.931412243786,90278.65376541775,false
38,G1_CMAX,G1_CMAX,[31, 22, 82, 15, 26, 99, 95, 42, 77, 12, 47, 5, 93, 78, 86, 54, 21, 63, 18, 44, 20, 35, 43, 97, 91, 76, 10, 30, 85, 45, 71, 64, 1, 23, 57, 83, 24, 14, 60, 36, 81, 17, 40, 88, 65, 56, 79, 94, 67, 68, 46, 75, 38, 9, 19, 32, 41, 6, 27, 87, 90, 58, 59, 11, 16, 72, 73, 70, 39, 37, 84, 3, 92, 25, 55, 28, 62, 29, 51, 7, 33, 61, 98, 48, 89, 50, 4, 96, 53, 80, 66, 8, 34, 49, 52, 0, 13, 2, 69, 74]|[1, 1, 0, 1, 1, 0, 1, 1, 2, 1, 2, 2, 2, 1, 1, 0, 0, 1, 0, 2, 2, 0, 1, 2, 0, 1, 2, 2, 0, 0, 1, 2, 1, 2, 1, 0, 2, 0, 1, 1, 0, 1, 1, 1, 0, 2, 1, 1, 0, 0, 0, 0, 1, 1, 2, 1, 2, 2, 0, 2, 1, 0, 1, 2, 1, 2, 1, 1, 1, 1, 1, 1, 0, 1, 2, 2, 0, 0, 2, 2, 2, 1, 2, 0, 1, 0, 1, 2, 0, 0, 2, 1, 2, 0, 1, 0, 0, 0, 1, 2]|[0, 3, 2, 2, 4, 1, 2, 3, 2, 4, 1, 1, 2, 4, 4, 1, 1, 4, 2, 1, 1, 1, 1, 2, 1, 2, 1, 1, 2, 1, 3, 2, 3, 0, 4, 0, 1, 1, 0, 3, 2, 2, 2, 0, 1, 1, 0, 4, 0, 1, 2, 2, 1, 4, 0, 3, 2, 2, 1, 1, 3, 1, 1, 1, 3, 0, 4, 3, 1, 4, 1, 1, 0, 4, 1, 1, 2, 1, 2, 1, 1, 3, 1, 1, 1, 1, 4, 1, 2, 1, 1, 3, 1, 1, 1, 2, 2, 2, 4, 1]|[0, 2, 1, 1, 3, 0, 1, 3, 0, 0, 0, 0, 1, 0, 1, 0, 0, 3, 1, 0, 0, 0, 3, 1, 0, 2, 0, 0, 0, 1, 0, 0, 0, 0, 3, 0, 1, 0, 0, 2, 1, 1, 1, 0, 0, 0, 0, 2, 1, 0, 0, 0, 1, 3, 0, 0, 1, 1, 0, 0, 2, 0, 1, 0, 2, 1, 0, 0, 1, 1, 3, 1, 1, 3, 0, 0, 1, 0, 1, 0, 0, 0, 0, 0, 1, 0, 0, 0, 1, 0, 0, 2, 0, 1, 1, 0, 0, 0, 2, 0],714.4485115867469,58161.785232764836,94013.66617097157,false
38,G4_BALANCED,G1_CMAX,[22, 82, 3, 58, 95, 42, 77, 47, 5, 93, 78, 12, 86, 54, 50, 63, 18, 44, 20, 35, 43, 97, 91, 76, 10, 30, 21, 45, 71, 64, 36, 23, 17, 83, 24, 14, 60, 1, 6, 40, 57, 90, 65, 56, 79, 94, 67, 68, 46, 75, 38, 9, 19, 32, 81, 41, 27, 62, 16, 55, 59, 89, 88, 87, 31, 72, 73, 70, 39, 37, 84, 92, 25, 11, 48, 15, 29, 51, 7, 33, 61, 98, 28, 99, 26, 85, 66, 96, 53, 80, 4, 8, 34, 49, 52, 2, 13, 0, 69, 74]|[1, 0, 1, 0, 1, 2, 2, 2, 2, 2, 1, 1, 1, 0, 0, 1, 0, 2, 2, 0, 1, 2, 0, 1, 2, 2, 0, 0, 1, 2, 1, 2, 1, 0, 2, 0, 1, 1, 0, 1, 1, 1, 0, 2, 1, 1, 0, 0, 0, 0, 1, 1, 2, 1, 2, 0, 0, 0, 1, 2, 1, 1, 1, 1, 1, 2, 1, 2, 1, 1, 1, 0, 1, 2, 2, 1, 0, 0, 1, 2, 1, 2, 0, 1, 1, 0, 0, 2, 0, 0, 1, 1, 2, 0, 1, 0, 0, 0, 1, 2]|[3, 2, 1, 1, 2, 1, 2, 1, 1, 2, 4, 4, 4, 1, 1, 4, 2, 1, 1, 1, 1, 2, 1, 2, 1, 1, 2, 1, 3, 2, 3, 1, 4, 1, 1, 1, 0, 3, 2, 2, 2, 3, 1, 1, 0, 4, 0, 1, 2, 2, 1, 4, 0, 3, 2, 1, 1, 2, 3, 1, 1, 1, 0, 3, 0, 0, 3, 0, 1, 4, 1, 0, 4, 1, 1, 4, 1, 1, 1, 1, 3, 1, 2, 1, 0, 2, 1, 1, 2, 1, 4, 3, 1, 1, 1, 2, 2, 2, 4, 1]|[3, 1, 2, 0, 1, 0, 0, 0, 0, 1, 0, 0, 1, 0, 0, 3, 1, 0, 0, 0, 3, 1, 0, 2, 0, 0, 0, 1, 0, 0, 2, 0, 3, 0, 1, 0, 0, 0, 1, 1, 1, 2, 0, 0, 0, 2, 1, 0, 0, 0, 1, 3, 0, 0, 1, 0, 0, 1, 2, 0, 1, 1, 0, 2, 0, 1, 0, 1, 1, 1, 1, 1, 3, 0, 0, 3, 0, 0, 2, 0, 0, 0, 1, 1, 3, 0, 0, 0, 1, 0, 0, 2, 0, 1, 1, 0, 0, 0, 2, 0],715.7913946700162,58060.95961022334,95287.06515100288,true
38,G2_TEC,G2_TEC,[31, 22, 82, 15, 26, 9, 95, 42, 77, 68, 47, 5, 93, 78, 86, 54, 85, 63, 18, 44, 20, 49, 36, 14, 74, 50, 53, 17, 21, 28, 11, 64, 3, 23, 30, 83, 24, 41, 40, 52, 65, 27, 90, 70, 39, 87, 48, 69, 99, 4, 75, 1, 13, 58, 97, 59, 45, 8, 73, 37, 35, 79, 71, 66, 76, 32, 60, 80, 56, 6, 67, 61, 33, 7, 57, 34, 12, 16, 10, 98, 96, 88, 43, 46, 91, 38, 84, 92, 29, 19, 51, 55, 81, 89, 25, 72, 94, 2, 0, 62]|[2, 1, 2, 1, 1, 2, 1, 1, 1, 1, 1, 0, 2, 2, 1, 2, 0, 0, 0, 2, 2, 1, 0, 2, 0, 2, 2, 1, 0, 1, 1, 1, 0, 0, 1, 0, 2, 1, 2, 2, 0, 0, 1, 1, 0, 2, 0, 2, 1, 0, 0, 2, 0, 0, 2, 0, 1, 1, 0, 0, 2, 1, 1, 2, 2, 0, 2, 2, 2, 1, 2, 1, 1, 2, 0, 1, 1, 2, 1, 2, 0, 1, 1, 0, 1, 0, 0, 0, 1, 1, 1, 0, 1, 1, 1, 1, 2, 2, 0, 1]|[0, 3, 0, 3, 4, 1, 4, 4, 2, 4, 3, 2, 1, 0, 2, 1, 1, 1, 2, 1, 1, 3, 0, 1, 0, 1, 1, 4, 1, 4, 3, 2, 2, 0, 4, 1, 1, 4, 1, 1, 2, 1, 4, 4, 1, 1, 0, 2, 3, 2, 2, 1, 2, 1, 1, 2, 4, 3, 0, 2, 2, 3, 3, 1, 1, 2, 1, 1, 1, 4, 1, 3, 4, 1, 2, 4, 3, 1, 3, 1, 2, 4, 4, 2, 3, 2, 2, 2, 3, 4, 3, 2, 4, 4, 4, 4, 1, 1, 2, 3]|[0, 2, 0, 0, 3, 0, 1, 3, 0, 0, 2, 0, 1, 0, 1, 0, 0, 0, 1, 0, 0, 2, 0, 0, 1, 0, 0, 3, 0, 1, 0, 2, 0, 0, 3, 0, 1, 1, 0, 0, 0, 0, 1, 3, 0, 0, 1, 0, 2, 0, 0, 0, 0, 0, 1, 0, 1, 0, 1, 1, 0, 2, 0, 0, 0, 0, 0, 0, 0, 2, 0, 0, 1, 0, 0, 1, 0, 0, 3, 0, 0, 1, 2, 0, 0, 0, 0, 0, 3, 1, 0, 0, 2, 1, 3, 1, 0, 0, 0, 0],908.8272556494078,49235.066718390466,107289.32240407266,false
38,G3_TWC,G3_TWC,[31, 22, 82, 15, 26, 58, 95, 42, 77, 12, 47, 5, 93, 78, 98, 54, 85, 63, 18, 44, 20, 35, 43, 97, 91, 76, 10, 30, 21, 45, 71, 64, 1, 23, 17, 83, 24, 14, 60, 36, 6, 57, 94, 88, 65, 56, 79, 40, 67, 68, 46, 75, 39, 9, 19, 32, 81, 96, 27, 62, 87, 90, 99, 59, 11, 16, 72, 73, 70, 38, 37, 84, 3, 92, 25, 55, 28, 29, 51, 7, 33, 61, 86, 48, 89, 50, 69, 41, 53, 80, 8, 4, 34, 66, 52, 2, 13, 0, 49, 74]|[1, 1, 0, 1, 1, 1, 2, 1, 2, 1, 2, 2, 2, 1, 1, 0, 0, 1, 0, 2, 2, 0, 1, 2, 0, 1, 2, 2, 0, 0, 1, 2, 1, 2, 1, 0, 2, 0, 1, 1, 0, 1, 1, 1, 0, 2, 1, 1, 0, 0, 0, 0, 1, 1, 2, 1, 2, 0, 0, 0, 2, 1, 0, 1, 2, 1, 2, 1, 1, 1, 1, 2, 2, 0, 1, 1, 0, 0, 0, 1, 2, 1, 0, 0, 1, 0, 0, 2, 0, 0, 1, 0, 2, 2, 1, 0, 0, 0, 0, 2]|[4, 3, 2, 2, 0, 0, 2, 2, 2, 4, 1, 1, 2, 4, 4, 1, 1, 4, 2, 1, 1, 1, 1, 2, 1, 2, 1, 1, 1, 1, 3, 2, 3, 0, 4, 0, 1, 1, 0, 3, 2, 2, 4, 0, 1, 1, 0, 2, 0, 1, 2, 2, 1, 4, 0, 3, 2, 1, 1, 2, 1, 3, 1, 1, 1, 3, 0, 4, 3, 1, 4, 1, 1, 2, 4, 4, 2, 1, 1, 3, 1, 3, 1, 1, 1, 1, 1, 1, 2, 1, 3, 2, 1, 1, 1, 2, 2, 2, 1, 1]|[0, 2, 1, 1, 3, 3, 0, 1, 0, 0, 0, 0, 1, 0, 1, 0, 0, 3, 1, 0, 0, 0, 3, 1, 0, 2, 0, 0, 0, 1, 0, 0, 0, 0, 3, 0, 1, 0, 0, 2, 1, 1, 2, 0, 0, 0, 0, 1, 1, 0, 0, 0, 1, 3, 0, 0, 1, 0, 0, 1, 0, 2, 0, 1, 0, 2, 1, 0, 0, 1, 1, 0, 0, 1, 3, 3, 1, 0, 0, 2, 0, 0, 0, 0, 1, 0, 0, 0, 1, 0, 2, 1, 0, 0, 1, 0, 0, 0, 1, 0],790.4565500811616,57443.931412243786,90278.65376541775,false
38,G1_CMAX,G1_CMAX,[31, 22, 82, 15, 26, 99, 95, 42, 77, 12, 47, 5, 93, 78, 86, 54, 21, 63, 18, 44, 20, 35, 43, 97, 91, 76, 10, 30, 85, 45, 71, 64, 1, 23, 57, 83, 24, 14, 60, 36, 81, 17, 40, 88, 65, 56, 79, 94, 67, 68, 46, 75, 38, 9, 19, 32, 41, 6, 27, 87, 90, 58, 59, 11, 16, 72, 73, 70, 39, 37, 84, 3, 92, 25, 55, 28, 62, 29, 51, 7, 33, 61, 98, 48, 89, 50, 4, 96, 53, 80, 66, 8, 34, 49, 52, 0, 13, 2, 69, 74]|[1, 1, 0, 1, 1, 0, 1, 1, 2, 1, 2, 2, 2, 1, 1, 0, 0, 1, 0, 2, 2, 0, 1, 2, 0, 1, 2, 2, 0, 0, 1, 2, 1, 2, 1, 0, 2, 0, 1, 1, 0, 1, 1, 1, 0, 2, 1, 1, 0, 0, 0, 0, 1, 1, 2, 1, 2, 2, 0, 2, 1, 0, 1, 2, 1, 2, 1, 1, 1, 1, 1, 1, 0, 1, 2, 2, 0, 0, 2, 2, 2, 1, 2, 0, 1, 0, 1, 2, 0, 0, 2, 1, 2, 0, 1, 0, 0, 0, 1, 2]|[0, 3, 2, 2, 4, 1, 2, 3, 2, 4, 1, 1, 2, 4, 4, 1, 1, 4, 2, 1, 1, 1, 1, 2, 1, 2, 1, 1, 2, 1, 3, 2, 3, 0, 4, 0, 1, 1, 0, 3, 2, 2, 2, 0, 1, 1, 0, 4, 0, 1, 2, 2, 1, 4, 0, 3, 2, 2, 1, 1, 3, 1, 1, 1, 3, 0, 4, 3, 1, 4, 1, 1, 0, 4, 1, 1, 2, 1, 2, 1, 1, 3, 1, 1, 1, 1, 4, 1, 2, 1, 1, 3, 1, 1, 1, 2, 2, 2, 4, 1]|[0, 2, 1, 1, 3, 0, 1, 3, 0, 0, 0, 0, 1, 0, 1, 0, 0, 3, 1, 0, 0, 0, 3, 1, 0, 2, 0, 0, 0, 1, 0, 0, 0, 0, 3, 0, 1, 0, 0, 2, 1, 1, 1, 0, 0, 0, 0, 2, 1, 0, 0, 0, 1, 3, 0, 0, 1, 1, 0, 0, 2, 0, 1, 0, 2, 1, 0, 0, 1, 1, 3, 1, 1, 3, 0, 0, 1, 0, 1, 0, 0, 0, 0, 0, 1, 0, 0, 0, 1, 0, 0, 2, 0, 1, 1, 0, 0, 0, 2, 0],714.4485115867469,58161.785232764836,94013.66617097157,false
38,G4_BALANCED,G1_CMAX,[22, 82, 3, 58, 95, 42, 77, 47, 5, 93, 78, 12, 86, 54, 50, 63, 18, 44, 20, 35, 43, 97, 91, 76, 10, 30, 21, 45, 71, 64, 36, 23, 17, 83, 24, 14, 60, 1, 6, 40, 57, 90, 65, 56, 79, 94, 67, 68, 46, 75, 38, 9, 19, 32, 81, 41, 27, 62, 16, 55, 59, 89, 88, 87, 31, 72, 73, 70, 39, 37, 84, 92, 25, 11, 48, 15, 29, 51, 7, 33, 61, 98, 28, 99, 26, 85, 66, 96, 53, 80, 4, 8, 34, 49, 52, 2, 13, 0, 69, 74]|[1, 0, 1, 0, 1, 2, 2, 2, 2, 2, 1, 1, 1, 0, 0, 1, 0, 2, 2, 0, 1, 2, 0, 1, 2, 2, 0, 0, 1, 2, 1, 2, 1, 0, 2, 0, 1, 1, 0, 1, 1, 1, 0, 2, 1, 1, 0, 0, 0, 0, 1, 1, 2, 1, 2, 0, 0, 0, 1, 2, 1, 1, 1, 1, 1, 2, 1, 2, 1, 1, 1, 0, 1, 2, 2, 1, 0, 0, 1, 2, 1, 2, 0, 1, 1, 0, 0, 2, 0, 0, 1, 1, 2, 0, 1, 0, 0, 0, 1, 2]|[3, 2, 1, 1, 2, 1, 2, 1, 1, 2, 4, 4, 4, 1, 1, 4, 2, 1, 1, 1, 1, 2, 1, 2, 1, 1, 2, 1, 3, 2, 3, 1, 4, 1, 1, 1, 0, 3, 2, 2, 2, 3, 1, 1, 0, 4, 0, 1, 2, 2, 1, 4, 0, 3, 2, 1, 1, 2, 3, 1, 1, 1, 0, 3, 0, 0, 3, 0, 1, 4, 1, 0, 4, 1, 1, 4, 1, 1, 1, 1, 3, 1, 2, 1, 0, 2, 1, 1, 2, 1, 4, 3, 1, 1, 1, 2, 2, 2, 4, 1]|[3, 1, 2, 0, 1, 0, 0, 0, 0, 1, 0, 0, 1, 0, 0, 3, 1, 0, 0, 0, 3, 1, 0, 2, 0, 0, 0, 1, 0, 0, 2, 0, 3, 0, 1, 0, 0, 0, 1, 1, 1, 2, 0, 0, 0, 2, 1, 0, 0, 0, 1, 3, 0, 0, 1, 0, 0, 1, 2, 0, 1, 1, 0, 2, 0, 1, 0, 1, 1, 1, 1, 1, 3, 0, 0, 3, 0, 0, 2, 0, 0, 0, 1, 1, 3, 0, 0, 0, 1, 0, 0, 2, 0, 1, 1, 0, 0, 0, 2, 0],715.7913946700162,58060.95961022334,95287.06515100288,true
38,G2_TEC,G2_TEC,[31, 22, 82, 15, 26, 9, 95, 42, 77, 68, 47, 5, 93, 78, 86, 54, 85, 63, 18, 44, 20, 49, 36, 14, 74, 50, 53, 17, 21, 28, 11, 64, 3, 23, 30, 83, 24, 41, 40, 52, 65, 27, 90, 70, 39, 87, 48, 69, 99, 4, 75, 1, 13, 58, 97, 59, 45, 8, 73, 37, 35, 79, 71, 66, 76, 32, 60, 80, 56, 6, 67, 61, 33, 7, 57, 34, 12, 16, 10, 98, 96, 88, 43, 46, 91, 38, 84, 92, 29, 19, 51, 55, 81, 89, 25, 72, 94, 2, 0, 62]|[2, 1, 2, 1, 1, 2, 1, 1, 1, 1, 1, 0, 2, 2, 1, 2, 0, 0, 0, 2, 2, 1, 0, 2, 0, 2, 2, 1, 0, 1, 1, 1, 0, 0, 1, 0, 2, 1, 2, 2, 0, 0, 1, 1, 0, 2, 0, 2, 1, 0, 0, 2, 0, 0, 2, 0, 1, 1, 0, 0, 2, 1, 1, 2, 2, 0, 2, 2, 2, 1, 2, 1, 1, 2, 0, 1, 1, 2, 1, 2, 0, 1, 1, 0, 1, 0, 0, 0, 1, 1, 1, 0, 1, 1, 1, 1, 2, 2, 0, 1]|[0, 3, 0, 3, 4, 1, 4, 4, 2, 4, 3, 2, 1, 0, 2, 1, 1, 1, 2, 1, 1, 3, 0, 1, 0, 1, 1, 4, 1, 4, 3, 2, 2, 0, 4, 1, 1, 4, 1, 1, 2, 1, 4, 4, 1, 1, 0, 2, 3, 2, 2, 1, 2, 1, 1, 2, 4, 3, 0, 2, 2, 3, 3, 1, 1, 2, 1, 1, 1, 4, 1, 3, 4, 1, 2, 4, 3, 1, 3, 1, 2, 4, 4, 2, 3, 2, 2, 2, 3, 4, 3, 2, 4, 4, 4, 4, 1, 1, 2, 3]|[0, 2, 0, 0, 3, 0, 1, 3, 0, 0, 2, 0, 1, 0, 1, 0, 0, 0, 1, 0, 0, 2, 0, 0, 1, 0, 0, 3, 0, 1, 0, 2, 0, 0, 3, 0, 1, 1, 0, 0, 0, 0, 1, 3, 0, 0, 1, 0, 2, 0, 0, 0, 0, 0, 1, 0, 1, 0, 1, 1, 0, 2, 0, 0, 0, 0, 0, 0, 0, 2, 0, 0, 1, 0, 0, 1, 0, 0, 3, 0, 0, 1, 2, 0, 0, 0, 0, 0, 3, 1, 0, 0, 2, 1, 3, 1, 0, 0, 0, 0],908.8272556494078,49235.066718390466,107289.32240407266,false
38,G3_TWC,G3_TWC,[31, 22, 82, 15, 26, 58, 95, 42, 77, 12, 47, 5, 93, 78, 98, 54, 85, 63, 18, 44, 20, 35, 43, 97, 91, 76, 10, 30, 21, 45, 71, 64, 1, 23, 17, 83, 24, 14, 60, 36, 6, 57, 94, 88, 65, 56, 79, 40, 67, 68, 46, 75, 39, 9, 19, 32, 81, 96, 27, 62, 87, 90, 99, 59, 11, 16, 72, 73, 70, 38, 37, 84, 3, 92, 25, 55, 28, 29, 51, 7, 33, 61, 86, 48, 89, 50, 69, 41, 53, 80, 8, 4, 34, 66, 52, 2, 13, 0, 49, 74]|[1, 1, 0, 1, 1, 1, 2, 1, 2, 1, 2, 2, 2, 1, 1, 0, 0, 1, 0, 2, 2, 0, 1, 2, 0, 1, 2, 2, 0, 0, 1, 2, 1, 2, 1, 0, 2, 0, 1, 1, 0, 1, 1, 1, 0, 2, 1, 1, 0, 0, 0, 0, 1, 1, 2, 1, 2, 0, 0, 0, 2, 1, 0, 1, 2, 1, 2, 1, 1, 1, 1, 2, 2, 0, 1, 1, 0, 0, 0, 1, 2, 1, 0, 0, 1, 0, 0, 2, 0, 0, 1, 0, 2, 2, 1, 0, 0, 0, 0, 2]|[4, 3, 2, 2, 0, 0, 2, 2, 2, 4, 1, 1, 2, 4, 4, 1, 1, 4, 2, 1, 1, 1, 1, 2, 1, 2, 1, 1, 1, 1, 3, 2, 3, 0, 4, 0, 1, 1, 0, 3, 2, 2, 4, 0, 1, 1, 0, 2, 0, 1, 2, 2, 1, 4, 0, 3, 2, 1, 1, 2, 1, 3, 1, 1, 1, 3, 0, 4, 3, 1, 4, 1, 1, 2, 4, 4, 2, 1, 1, 3, 1, 3, 1, 1, 1, 1, 1, 1, 2, 1, 3, 2, 1, 1, 1, 2, 2, 2, 1, 1]|[0, 2, 1, 1, 3, 3, 0, 1, 0, 0, 0, 0, 1, 0, 1, 0, 0, 3, 1, 0, 0, 0, 3, 1, 0, 2, 0, 0, 0, 1, 0, 0, 0, 0, 3, 0, 1, 0, 0, 2, 1, 1, 2, 0, 0, 0, 0, 1, 1, 0, 0, 0, 1, 3, 0, 0, 1, 0, 0, 1, 0, 2, 0, 1, 0, 2, 1, 0, 0, 1, 1, 0, 0, 1, 3, 3, 1, 0, 0, 2, 0, 0, 0, 0, 1, 0, 0, 0, 1, 0, 2, 1, 0, 0, 1, 0, 0, 0, 1, 0],790.4565500811616,57443.931412243786,90278.65376541775,false
38,G1_CMAX,G1_CMAX,[31, 22, 82, 15, 26, 99, 95, 42, 77, 12, 47, 5, 93, 78, 86, 54, 21, 63, 18, 44, 20, 35, 43, 97, 91, 76, 10, 30, 85, 45, 71, 64, 1, 23, 57, 83, 24, 14, 60, 36, 81, 17, 40, 88, 65, 56, 79, 94, 67, 68, 46, 75, 38, 9, 19, 32, 41, 6, 27, 87, 90, 58, 59, 11, 16, 72, 73, 70, 39, 37, 84, 3, 92, 25, 55, 28, 62, 29, 51, 7, 33, 61, 98, 48, 89, 50, 4, 96, 53, 80, 66, 8, 34, 49, 52, 0, 13, 2, 69, 74]|[1, 1, 0, 1, 1, 0, 1, 1, 2, 1, 2, 2, 2, 1, 1, 0, 0, 1, 0, 2, 2, 0, 1, 2, 0, 1, 2, 2, 0, 0, 1, 2, 1, 2, 1, 0, 2, 0, 1, 1, 0, 1, 1, 1, 0, 2, 1, 1, 0, 0, 0, 0, 1, 1, 2, 1, 2, 2, 0, 2, 1, 0, 1, 2, 1, 2, 1, 1, 1, 1, 1, 1, 0, 1, 2, 2, 0, 0, 2, 2, 2, 1, 2, 0, 1, 0, 1, 2, 0, 0, 2, 1, 2, 0, 1, 0, 0, 0, 1, 2]|[0, 3, 2, 2, 4, 1, 2, 3, 2, 4, 1, 1, 2, 4, 4, 1, 1, 4, 2, 1, 1, 1, 1, 2, 1, 2, 1, 1, 2, 1, 3, 2, 3, 0, 4, 0, 1, 1, 0, 3, 2, 2, 2, 0, 1, 1, 0, 4, 0, 1, 2, 2, 1, 4, 0, 3, 2, 2, 1, 1, 3, 1, 1, 1, 3, 0, 4, 3, 1, 4, 1, 1, 0, 4, 1, 1, 2, 1, 2, 1, 1, 3, 1, 1, 1, 1, 4, 1, 2, 1, 1, 3, 1, 1, 1, 2, 2, 2, 4, 1]|[0, 2, 1, 1, 3, 0, 1, 3, 0, 0, 0, 0, 1, 0, 1, 0, 0, 3, 1, 0, 0, 0, 3, 1, 0, 2, 0, 0, 0, 1, 0, 0, 0, 0, 3, 0, 1, 0, 0, 2, 1, 1, 1, 0, 0, 0, 0, 2, 1, 0, 0, 0, 1, 3, 0, 0, 1, 1, 0, 0, 2, 0, 1, 0, 2, 1, 0, 0, 1, 1, 3, 1, 1, 3, 0, 0, 1, 0, 1, 0, 0, 0, 0, 0, 1, 0, 0, 0, 1, 0, 0, 2, 0, 1, 1, 0, 0, 0, 2, 0],714.4485115867469,58161.785232764836,94013.66617097157,false
38,G4_BALANCED,G1_CMAX,[22, 82, 3, 58, 95, 42, 77, 47, 5, 93, 78, 12, 86, 54, 50, 63, 18, 44, 20, 35, 43, 97, 91, 76, 10, 30, 21, 45, 71, 64, 36, 23, 17, 83, 24, 14, 60, 1, 6, 40, 57, 90, 65, 56, 79, 94, 67, 68, 46, 75, 38, 9, 19, 32, 81, 41, 27, 62, 16, 55, 59, 89, 88, 87, 31, 72, 73, 70, 39, 37, 84, 92, 25, 11, 48, 15, 29, 51, 7, 33, 61, 98, 28, 99, 26, 85, 66, 96, 53, 80, 4, 8, 34, 49, 52, 2, 13, 0, 69, 74]|[1, 0, 1, 0, 1, 2, 2, 2, 2, 2, 1, 1, 1, 0, 0, 1, 0, 2, 2, 0, 1, 2, 0, 1, 2, 2, 0, 0, 1, 2, 1, 2, 1, 0, 2, 0, 1, 1, 0, 1, 1, 1, 0, 2, 1, 1, 0, 0, 0, 0, 1, 1, 2, 1, 2, 0, 0, 0, 1, 2, 1, 1, 1, 1, 1, 2, 1, 2, 1, 1, 1, 0, 1, 2, 2, 1, 0, 0, 1, 2, 1, 2, 0, 1, 1, 0, 0, 2, 0, 0, 1, 1, 2, 0, 1, 0, 0, 0, 1, 2]|[3, 2, 1, 1, 2, 1, 2, 1, 1, 2, 4, 4, 4, 1, 1, 4, 2, 1, 1, 1, 1, 2, 1, 2, 1, 1, 2, 1, 3, 2, 3, 1, 4, 1, 1, 1, 0, 3, 2, 2, 2, 3, 1, 1, 0, 4, 0, 1, 2, 2, 1, 4, 0, 3, 2, 1, 1, 2, 3, 1, 1, 1, 0, 3, 0, 0, 3, 0, 1, 4, 1, 0, 4, 1, 1, 4, 1, 1, 1, 1, 3, 1, 2, 1, 0, 2, 1, 1, 2, 1, 4, 3, 1, 1, 1, 2, 2, 2, 4, 1]|[3, 1, 2, 0, 1, 0, 0, 0, 0, 1, 0, 0, 1, 0, 0, 3, 1, 0, 0, 0, 3, 1, 0, 2, 0, 0, 0, 1, 0, 0, 2, 0, 3, 0, 1, 0, 0, 0, 1, 1, 1, 2, 0, 0, 0, 2, 1, 0, 0, 0, 1, 3, 0, 0, 1, 0, 0, 1, 2, 0, 1, 1, 0, 2, 0, 1, 0, 1, 1, 1, 1, 1, 3, 0, 0, 3, 0, 0, 2, 0, 0, 0, 1, 1, 3, 0, 0, 0, 1, 0, 0, 2, 0, 1, 1, 0, 0, 0, 2, 0],715.7913946700162,58060.95961022334,95287.06515100288,true
38,G2_TEC,G2_TEC,[31, 22, 82, 15, 26, 9, 95, 42, 77, 68, 47, 5, 93, 78, 86, 54, 85, 63, 18, 44, 20, 49, 36, 14, 74, 50, 53, 17, 21, 28, 11, 64, 3, 23, 30, 83, 24, 41, 40, 52, 65, 27, 90, 70, 39, 87, 48, 69, 99, 4, 75, 1, 13, 58, 97, 59, 45, 8, 73, 37, 35, 79, 71, 66, 76, 32, 60, 80, 56, 6, 67, 61, 33, 7, 57, 34, 12, 16, 10, 98, 96, 88, 43, 46, 91, 38, 84, 92, 29, 19, 51, 55, 81, 89, 25, 72, 94, 2, 0, 62]|[2, 1, 2, 1, 1, 2, 1, 1, 1, 1, 1, 0, 2, 2, 1, 2, 0, 0, 0, 2, 2, 1, 0, 2, 0, 2, 2, 1, 0, 1, 1, 1, 0, 0, 1, 0, 2, 1, 2, 2, 0, 0, 1, 1, 0, 2, 0, 2, 1, 0, 0, 2, 0, 0, 2, 0, 1, 1, 0, 0, 2, 1, 1, 2, 2, 0, 2, 2, 2, 1, 2, 1, 1, 2, 0, 1, 1, 2, 1, 2, 0, 1, 1, 0, 1, 0, 0, 0, 1, 1, 1, 0, 1, 1, 1, 1, 2, 2, 0, 1]|[0, 3, 0, 3, 4, 1, 4, 4, 2, 4, 3, 2, 1, 0, 2, 1, 1, 1, 2, 1, 1, 3, 0, 1, 0, 1, 1, 4, 1, 4, 3, 2, 2, 0, 4, 1, 1, 4, 1, 1, 2, 1, 4, 4, 1, 1, 0, 2, 3, 2, 2, 1, 2, 1, 1, 2, 4, 3, 0, 2, 2, 3, 3, 1, 1, 2, 1, 1, 1, 4, 1, 3, 4, 1, 2, 4, 3, 1, 3, 1, 2, 4, 4, 2, 3, 2, 2, 2, 3, 4, 3, 2, 4, 4, 4, 4, 1, 1, 2, 3]|[0, 2, 0, 0, 3, 0, 1, 3, 0, 0, 2, 0, 1, 0, 1, 0, 0, 0, 1, 0, 0, 2, 0, 0, 1, 0, 0, 3, 0, 1, 0, 2, 0, 0, 3, 0, 1, 1, 0, 0, 0, 0, 1, 3, 0, 0, 1, 0, 2, 0, 0, 0, 0, 0, 1, 0, 1, 0, 1, 1, 0, 2, 0, 0, 0, 0, 0, 0, 0, 2, 0, 0, 1, 0, 0, 1, 0, 0, 3, 0, 0, 1, 2, 0, 0, 0, 0, 0, 3, 1, 0, 0, 2, 1, 3, 1, 0, 0, 0, 0],908.8272556494078,49235.066718390466,107289.32240407266,false
38,G3_TWC,G3_TWC,[31, 22, 82, 15, 26, 58, 95, 42, 77, 12, 47, 5, 93, 78, 98, 54, 85, 63, 18, 44, 20, 35, 43, 97, 91, 76, 10, 30, 21, 45, 71, 64, 1, 23, 17, 83, 24, 14, 60, 36, 6, 57, 94, 88, 65, 56, 79, 40, 67, 68, 46, 75, 39, 9, 19, 32, 81, 96, 27, 62, 87, 90, 99, 59, 11, 16, 72, 73, 70, 38, 37, 84, 3, 92, 25, 55, 28, 29, 51, 7, 33, 61, 86, 48, 89, 50, 69, 41, 53, 80, 8, 4, 34, 66, 52, 2, 13, 0, 49, 74]|[1, 1, 0, 1, 1, 1, 2, 1, 2, 1, 2, 2, 2, 1, 1, 0, 0, 1, 0, 2, 2, 0, 1, 2, 0, 1, 2, 2, 0, 0, 1, 2, 1, 2, 1, 0, 2, 0, 1, 1, 0, 1, 1, 1, 0, 2, 1, 1, 0, 0, 0, 0, 1, 1, 2, 1, 2, 0, 0, 0, 2, 1, 0, 1, 2, 1, 2, 1, 1, 1, 1, 2, 2, 0, 1, 1, 0, 0, 0, 1, 2, 1, 0, 0, 1, 0, 0, 2, 0, 0, 1, 0, 2, 2, 1, 0, 0, 0, 0, 2]|[4, 3, 2, 2, 0, 0, 2, 2, 2, 4, 1, 1, 2, 4, 4, 1, 1, 4, 2, 1, 1, 1, 1, 2, 1, 2, 1, 1, 1, 1, 3, 2, 3, 0, 4, 0, 1, 1, 0, 3, 2, 2, 4, 0, 1, 1, 0, 2, 0, 1, 2, 2, 1, 4, 0, 3, 2, 1, 1, 2, 1, 3, 1, 1, 1, 3, 0, 4, 3, 1, 4, 1, 1, 2, 4, 4, 2, 1, 1, 3, 1, 3, 1, 1, 1, 1, 1, 1, 2, 1, 3, 2, 1, 1, 1, 2, 2, 2, 1, 1]|[0, 2, 1, 1, 3, 3, 0, 1, 0, 0, 0, 0, 1, 0, 1, 0, 0, 3, 1, 0, 0, 0, 3, 1, 0, 2, 0, 0, 0, 1, 0, 0, 0, 0, 3, 0, 1, 0, 0, 2, 1, 1, 2, 0, 0, 0, 0, 1, 1, 0, 0, 0, 1, 3, 0, 0, 1, 0, 0, 1, 0, 2, 0, 1, 0, 2, 1, 0, 0, 1, 1, 0, 0, 1, 3, 3, 1, 0, 0, 2, 0, 0, 0, 0, 1, 0, 0, 0, 1, 0, 2, 1, 0, 0, 1, 0, 0, 0, 1, 0],790.4565500811616,57443.931412243786,90278.65376541775,false
38,G1_CMAX,G1_CMAX,[31, 22, 82, 15, 26, 99, 95, 42, 77, 12, 47, 5, 93, 78, 86, 54, 21, 63, 18, 44, 20, 35, 43, 97, 91, 76, 10, 30, 85, 45, 71, 64, 1, 23, 57, 83, 24, 14, 60, 36, 81, 17, 40, 88, 65, 56, 79, 94, 67, 68, 46, 75, 38, 9, 19, 32, 41, 6, 27, 87, 90, 58, 59, 11, 16, 72, 73, 70, 39, 37, 84, 3, 92, 25, 55, 28, 62, 29, 51, 7, 33, 61, 98, 48, 89, 50, 4, 96, 53, 80, 66, 8, 34, 49, 52, 0, 13, 2, 69, 74]|[1, 1, 0, 1, 1, 0, 1, 1, 2, 1, 2, 2, 2, 1, 1, 0, 0, 1, 0, 2, 2, 0, 1, 2, 0, 1, 2, 2, 0, 0, 1, 2, 1, 2, 1, 0, 2, 0, 1, 1, 0, 1, 1, 1, 0, 2, 1, 1, 0, 0, 0, 0, 1, 1, 2, 1, 2, 2, 0, 2, 1, 0, 1, 2, 1, 2, 1, 1, 1, 1, 1, 1, 0, 1, 2, 2, 0, 0, 2, 2, 2, 1, 2, 0, 1, 0, 1, 2, 0, 0, 2, 1, 2, 0, 1, 0, 0, 0, 1, 2]|[0, 3, 2, 2, 4, 1, 2, 3, 2, 4, 1, 1, 2, 4, 4, 1, 1, 4, 2, 1, 1, 1, 1, 2, 1, 2, 1, 1, 2, 1, 3, 2, 3, 0, 4, 0, 1, 1, 0, 3, 2, 2, 2, 0, 1, 1, 0, 4, 0, 1, 2, 2, 1, 4, 0, 3, 2, 2, 1, 1, 3, 1, 1, 1, 3, 0, 4, 3, 1, 4, 1, 1, 0, 4, 1, 1, 2, 1, 2, 1, 1, 3, 1, 1, 1, 1, 4, 1, 2, 1, 1, 3, 1, 1, 1, 2, 2, 2, 4, 1]|[0, 2, 1, 1, 3, 0, 1, 3, 0, 0, 0, 0, 1, 0, 1, 0, 0, 3, 1, 0, 0, 0, 3, 1, 0, 2, 0, 0, 0, 1, 0, 0, 0, 0, 3, 0, 1, 0, 0, 2, 1, 1, 1, 0, 0, 0, 0, 2, 1, 0, 0, 0, 1, 3, 0, 0, 1, 1, 0, 0, 2, 0, 1, 0, 2, 1, 0, 0, 1, 1, 3, 1, 1, 3, 0, 0, 1, 0, 1, 0, 0, 0, 0, 0, 1, 0, 0, 0, 1, 0, 0, 2, 0, 1, 1, 0, 0, 0, 2, 0],714.4485115867469,58161.785232764836,94013.66617097157,false
38,G4_BALANCED,G1_CMAX,[22, 82, 3, 58, 95, 42, 77, 47, 5, 93, 78, 12, 86, 54, 50, 63, 18, 44, 20, 35, 43, 97, 91, 76, 10, 30, 21, 45, 71, 64, 36, 23, 17, 83, 24, 14, 60, 1, 6, 40, 57, 90, 65, 56, 79, 94, 67, 68, 46, 75, 38, 9, 19, 32, 81, 41, 27, 62, 16, 55, 59, 89, 88, 87, 31, 72, 73, 70, 39, 37, 84, 92, 25, 11, 48, 15, 29, 51, 7, 33, 61, 98, 28, 99, 26, 85, 66, 96, 53, 80, 4, 8, 34, 49, 52, 2, 13, 0, 69, 74]|[1, 0, 1, 0, 1, 2, 2, 2, 2, 2, 1, 1, 1, 0, 0, 1, 0, 2, 2, 0, 1, 2, 0, 1, 2, 2, 0, 0, 1, 2, 1, 2, 1, 0, 2, 0, 1, 1, 0, 1, 1, 1, 0, 2, 1, 1, 0, 0, 0, 0, 1, 1, 2, 1, 2, 0, 0, 0, 1, 2, 1, 1, 1, 1, 1, 2, 1, 2, 1, 1, 1, 0, 1, 2, 2, 1, 0, 0, 1, 2, 1, 2, 0, 1, 1, 0, 0, 2, 0, 0, 1, 1, 2, 0, 1, 0, 0, 0, 1, 2]|[3, 2, 1, 1, 2, 1, 2, 1, 1, 2, 4, 4, 4, 1, 1, 4, 2, 1, 1, 1, 1, 2, 1, 2, 1, 1, 2, 1, 3, 2, 3, 1, 4, 1, 1, 1, 0, 3, 2, 2, 2, 3, 1, 1, 0, 4, 0, 1, 2, 2, 1, 4, 0, 3, 2, 1, 1, 2, 3, 1, 1, 1, 0, 3, 0, 0, 3, 0, 1, 4, 1, 0, 4, 1, 1, 4, 1, 1, 1, 1, 3, 1, 2, 1, 0, 2, 1, 1, 2, 1, 4, 3, 1, 1, 1, 2, 2, 2, 4, 1]|[3, 1, 2, 0, 1, 0, 0, 0, 0, 1, 0, 0, 1, 0, 0, 3, 1, 0, 0, 0, 3, 1, 0, 2, 0, 0, 0, 1, 0, 0, 2, 0, 3, 0, 1, 0, 0, 0, 1, 1, 1, 2, 0, 0, 0, 2, 1, 0, 0, 0, 1, 3, 0, 0, 1, 0, 0, 1, 2, 0, 1, 1, 0, 2, 0, 1, 0, 1, 1, 1, 1, 1, 3, 0, 0, 3, 0, 0, 2, 0, 0, 0, 1, 1, 3, 0, 0, 0, 1, 0, 0, 2, 0, 1, 1, 0, 0, 0, 2, 0],715.7913946700162,58060.95961022334,95287.06515100288,true
38,G2_TEC,G2_TEC,[31, 22, 82, 15, 26, 9, 95, 42, 77, 68, 47, 5, 93, 78, 86, 54, 85, 63, 18, 44, 20, 49, 36, 14, 74, 50, 53, 17, 21, 28, 11, 64, 3, 23, 30, 83, 24, 41, 40, 52, 65, 27, 90, 70, 39, 87, 48, 69, 99, 4, 75, 1, 13, 58, 97, 59, 45, 8, 73, 37, 35, 79, 71, 66, 76, 32, 60, 80, 56, 6, 67, 61, 33, 7, 57, 34, 12, 16, 10, 98, 96, 88, 43, 46, 91, 38, 84, 92, 29, 19, 51, 55, 81, 89, 25, 72, 94, 2, 0, 62]|[2, 1, 2, 1, 1, 2, 1, 1, 1, 1, 1, 0, 2, 2, 1, 2, 0, 0, 0, 2, 2, 1, 0, 2, 0, 2, 2, 1, 0, 1, 1, 1, 0, 0, 1, 0, 2, 1, 2, 2, 0, 0, 1, 1, 0, 2, 0, 2, 1, 0, 0, 2, 0, 0, 2, 0, 1, 1, 0, 0, 2, 1, 1, 2, 2, 0, 2, 2, 2, 1, 2, 1, 1, 2, 0, 1, 1, 2, 1, 2, 0, 1, 1, 0, 1, 0, 0, 0, 1, 1, 1, 0, 1, 1, 1, 1, 2, 2, 0, 1]|[0, 3, 0, 3, 4, 1, 4, 4, 2, 4, 3, 2, 1, 0, 2, 1, 1, 1, 2, 1, 1, 3, 0, 1, 0, 1, 1, 4, 1, 4, 3, 2, 2, 0, 4, 1, 1, 4, 1, 1, 2, 1, 4, 4, 1, 1, 0, 2, 3, 2, 2, 1, 2, 1, 1, 2, 4, 3, 0, 2, 2, 3, 3, 1, 1, 2, 1, 1, 1, 4, 1, 3, 4, 1, 2, 4, 3, 1, 3, 1, 2, 4, 4, 2, 3, 2, 2, 2, 3, 4, 3, 2, 4, 4, 4, 4, 1, 1, 2, 3]|[0, 2, 0, 0, 3, 0, 1, 3, 0, 0, 2, 0, 1, 0, 1, 0, 0, 0, 1, 0, 0, 2, 0, 0, 1, 0, 0, 3, 0, 1, 0, 2, 0, 0, 3, 0, 1, 1, 0, 0, 0, 0, 1, 3, 0, 0, 1, 0, 2, 0, 0, 0, 0, 0, 1, 0, 1, 0, 1, 1, 0, 2, 0, 0, 0, 0, 0, 0, 0, 2, 0, 0, 1, 0, 0, 1, 0, 0, 3, 0, 0, 1, 2, 0, 0, 0, 0, 0, 3, 1, 0, 0, 2, 1, 3, 1, 0, 0, 0, 0],908.8272556494078,49235.066718390466,107289.32240407266,false
38,G3_TWC,G3_TWC,[31, 22, 82, 15, 26, 58, 95, 42, 77, 12, 47, 5, 93, 78, 98, 54, 85, 63, 18, 44, 20, 35, 43, 97, 91, 76, 10, 30, 21, 45, 71, 64, 1, 23, 17, 83, 24, 14, 60, 36, 6, 57, 94, 88, 65, 56, 79, 40, 67, 68, 46, 75, 39, 9, 19, 32, 81, 96, 27, 62, 87, 90, 99, 59, 11, 16, 72, 73, 70, 38, 37, 84, 3, 92, 25, 55, 28, 29, 51, 7, 33, 61, 86, 48, 89, 50, 69, 41, 53, 80, 8, 4, 34, 66, 52, 2, 13, 0, 49, 74]|[1, 1, 0, 1, 1, 1, 2, 1, 2, 1, 2, 2, 2, 1, 1, 0, 0, 1, 0, 2, 2, 0, 1, 2, 0, 1, 2, 2, 0, 0, 1, 2, 1, 2, 1, 0, 2, 0, 1, 1, 0, 1, 1, 1, 0, 2, 1, 1, 0, 0, 0, 0, 1, 1, 2, 1, 2, 0, 0, 0, 2, 1, 0, 1, 2, 1, 2, 1, 1, 1, 1, 2, 2, 0, 1, 1, 0, 0, 0, 1, 2, 1, 0, 0, 1, 0, 0, 2, 0, 0, 1, 0, 2, 2, 1, 0, 0, 0, 0, 2]|[4, 3, 2, 2, 0, 0, 2, 2, 2, 4, 1, 1, 2, 4, 4, 1, 1, 4, 2, 1, 1, 1, 1, 2, 1, 2, 1, 1, 1, 1, 3, 2, 3, 0, 4, 0, 1, 1, 0, 3, 2, 2, 4, 0, 1, 1, 0, 2, 0, 1, 2, 2, 1, 4, 0, 3, 2, 1, 1, 2, 1, 3, 1, 1, 1, 3, 0, 4, 3, 1, 4, 1, 1, 2, 4, 4, 2, 1, 1, 3, 1, 3, 1, 1, 1, 1, 1, 1, 2, 1, 3, 2, 1, 1, 1, 2, 2, 2, 1, 1]|[0, 2, 1, 1, 3, 3, 0, 1, 0, 0, 0, 0, 1, 0, 1, 0, 0, 3, 1, 0, 0, 0, 3, 1, 0, 2, 0, 0, 0, 1, 0, 0, 0, 0, 3, 0, 1, 0, 0, 2, 1, 1, 2, 0, 0, 0, 0, 1, 1, 0, 0, 0, 1, 3, 0, 0, 1, 0, 0, 1, 0, 2, 0, 1, 0, 2, 1, 0, 0, 1, 1, 0, 0, 1, 3, 3, 1, 0, 0, 2, 0, 0, 0, 0, 1, 0, 0, 0, 1, 0, 2, 1, 0, 0, 1, 0, 0, 0, 1, 0],790.4565500811616,57443.931412243786,90278.65376541775,false
38,G1_CMAX,G1_CMAX,[31, 22, 82, 15, 26, 99, 95, 42, 77, 12, 47, 5, 93, 78, 86, 54, 21, 63, 18, 44, 20, 35, 43, 97, 91, 76, 10, 30, 85, 45, 71, 64, 1, 23, 57, 83, 24, 14, 60, 36, 81, 17, 40, 88, 65, 56, 79, 94, 67, 68, 46, 75, 38, 9, 19, 32, 41, 6, 27, 87, 90, 58, 59, 11, 16, 72, 73, 70, 39, 37, 84, 3, 92, 25, 55, 28, 62, 29, 51, 7, 33, 61, 98, 48, 89, 50, 4, 96, 53, 80, 66, 8, 34, 49, 52, 0, 13, 2, 69, 74]|[1, 1, 0, 1, 1, 0, 1, 1, 2, 1, 2, 2, 2, 1, 1, 0, 0, 1, 0, 2, 2, 0, 1, 2, 0, 1, 2, 2, 0, 0, 1, 2, 1, 2, 1, 0, 2, 0, 1, 1, 0, 1, 1, 1, 0, 2, 1, 1, 0, 0, 0, 0, 1, 1, 2, 1, 2, 2, 0, 2, 1, 0, 1, 2, 1, 2, 1, 1, 1, 1, 1, 1, 0, 1, 2, 2, 0, 0, 2, 2, 2, 1, 2, 0, 1, 0, 1, 2, 0, 0, 2, 1, 2, 0, 1, 0, 0, 0, 1, 2]|[0, 3, 2, 2, 4, 1, 2, 3, 2, 4, 1, 1, 2, 4, 4, 1, 1, 4, 2, 1, 1, 1, 1, 2, 1, 2, 1, 1, 2, 1, 3, 2, 3, 0, 4, 0, 1, 1, 0, 3, 2, 2, 2, 0, 1, 1, 0, 4, 0, 1, 2, 2, 1, 4, 0, 3, 2, 2, 1, 1, 3, 1, 1, 1, 3, 0, 4, 3, 1, 4, 1, 1, 0, 4, 1, 1, 2, 1, 2, 1, 1, 3, 1, 1, 1, 1, 4, 1, 2, 1, 1, 3, 1, 1, 1, 2, 2, 2, 4, 1]|[0, 2, 1, 1, 3, 0, 1, 3, 0, 0, 0, 0, 1, 0, 1, 0, 0, 3, 1, 0, 0, 0, 3, 1, 0, 2, 0, 0, 0, 1, 0, 0, 0, 0, 3, 0, 1, 0, 0, 2, 1, 1, 1, 0, 0, 0, 0, 2, 1, 0, 0, 0, 1, 3, 0, 0, 1, 1, 0, 0, 2, 0, 1, 0, 2, 1, 0, 0, 1, 1, 3, 1, 1, 3, 0, 0, 1, 0, 1, 0, 0, 0, 0, 0, 1, 0, 0, 0, 1, 0, 0, 2, 0, 1, 1, 0, 0, 0, 2, 0],714.4485115867469,58161.785232764836,94013.66617097157,false
38,G4_BALANCED,G1_CMAX,[22, 82, 3, 58, 95, 42, 77, 47, 5, 93, 78, 12, 86, 54, 50, 63, 18, 44, 20, 35, 43, 97, 91, 76, 10, 30, 21, 45, 71, 64, 36, 23, 17, 83, 24, 14, 60, 1, 6, 40, 57, 90, 65, 56, 79, 94, 67, 68, 46, 75, 38, 9, 19, 32, 81, 41, 27, 62, 16, 55, 59, 89, 88, 87, 31, 72, 73, 70, 39, 37, 84, 92, 25, 11, 48, 15, 29, 51, 7, 33, 61, 98, 28, 99, 26, 85, 66, 96, 53, 80, 4, 8, 34, 49, 52, 2, 13, 0, 69, 74]|[1, 0, 1, 0, 1, 2, 2, 2, 2, 2, 1, 1, 1, 0, 0, 1, 0, 2, 2, 0, 1, 2, 0, 1, 2, 2, 0, 0, 1, 2, 1, 2, 1, 0, 2, 0, 1, 1, 0, 1, 1, 1, 0, 2, 1, 1, 0, 0, 0, 0, 1, 1, 2, 1, 2, 0, 0, 0, 1, 2, 1, 1, 1, 1, 1, 2, 1, 2, 1, 1, 1, 0, 1, 2, 2, 1, 0, 0, 1, 2, 1, 2, 0, 1, 1, 0, 0, 2, 0, 0, 1, 1, 2, 0, 1, 0, 0, 0, 1, 2]|[3, 2, 1, 1, 2, 1, 2, 1, 1, 2, 4, 4, 4, 1, 1, 4, 2, 1, 1, 1, 1, 2, 1, 2, 1, 1, 2, 1, 3, 2, 3, 1, 4, 1, 1, 1, 0, 3, 2, 2, 2, 3, 1, 1, 0, 4, 0, 1, 2, 2, 1, 4, 0, 3, 2, 1, 1, 2, 3, 1, 1, 1, 0, 3, 0, 0, 3, 0, 1, 4, 1, 0, 4, 1, 1, 4, 1, 1, 1, 1, 3, 1, 2, 1, 0, 2, 1, 1, 2, 1, 4, 3, 1, 1, 1, 2, 2, 2, 4, 1]|[3, 1, 2, 0, 1, 0, 0, 0, 0, 1, 0, 0, 1, 0, 0, 3, 1, 0, 0, 0, 3, 1, 0, 2, 0, 0, 0, 1, 0, 0, 2, 0, 3, 0, 1, 0, 0, 0, 1, 1, 1, 2, 0, 0, 0, 2, 1, 0, 0, 0, 1, 3, 0, 0, 1, 0, 0, 1, 2, 0, 1, 1, 0, 2, 0, 1, 0, 1, 1, 1, 1, 1, 3, 0, 0, 3, 0, 0, 2, 0, 0, 0, 1, 1, 3, 0, 0, 0, 1, 0, 0, 2, 0, 1, 1, 0, 0, 0, 2, 0],715.7913946700162,58060.95961022334,95287.06515100288,true
38,G2_TEC,G2_TEC,[31, 22, 82, 15, 26, 9, 95, 42, 77, 68, 47, 5, 93, 78, 86, 54, 85, 63, 18, 44, 20, 49, 36, 14, 74, 50, 53, 17, 21, 28, 11, 64, 3, 23, 30, 83, 24, 41, 40, 52, 65, 27, 90, 70, 39, 87, 48, 69, 99, 4, 75, 1, 13, 58, 97, 59, 45, 8, 73, 37, 35, 79, 71, 66, 76, 32, 60, 80, 56, 6, 67, 61, 33, 7, 57, 34, 12, 16, 10, 98, 96, 88, 43, 46, 91, 38, 84, 92, 29, 19, 51, 55, 81, 89, 25, 72, 94, 2, 0, 62]|[2, 1, 2, 1, 1, 2, 1, 1, 1, 1, 1, 0, 2, 2, 1, 2, 0, 0, 0, 2, 2, 1, 0, 2, 0, 2, 2, 1, 0, 1, 1, 1, 0, 0, 1, 0, 2, 1, 2, 2, 0, 0, 1, 1, 0, 2, 0, 2, 1, 0, 0, 2, 0, 0, 2, 0, 1, 1, 0, 0, 2, 1, 1, 2, 2, 0, 2, 2, 2, 1, 2, 1, 1, 2, 0, 1, 1, 2, 1, 2, 0, 1, 1, 0, 1, 0, 0, 0, 1, 1, 1, 0, 1, 1, 1, 1, 2, 2, 0, 1]|[0, 3, 0, 3, 4, 1, 4, 4, 2, 4, 3, 2, 1, 0, 2, 1, 1, 1, 2, 1, 1, 3, 0, 1, 0, 1, 1, 4, 1, 4, 3, 2, 2, 0, 4, 1, 1, 4, 1, 1, 2, 1, 4, 4, 1, 1, 0, 2, 3, 2, 2, 1, 2, 1, 1, 2, 4, 3, 0, 2, 2, 3, 3, 1, 1, 2, 1, 1, 1, 4, 1, 3, 4, 1, 2, 4, 3, 1, 3, 1, 2, 4, 4, 2, 3, 2, 2, 2, 3, 4, 3, 2, 4, 4, 4, 4, 1, 1, 2, 3]|[0, 2, 0, 0, 3, 0, 1, 3, 0, 0, 2, 0, 1, 0, 1, 0, 0, 0, 1, 0, 0, 2, 0, 0, 1, 0, 0, 3, 0, 1, 0, 2, 0, 0, 3, 0, 1, 1, 0, 0, 0, 0, 1, 3, 0, 0, 1, 0, 2, 0, 0, 0, 0, 0, 1, 0, 1, 0, 1, 1, 0, 2, 0, 0, 0, 0, 0, 0, 0, 2, 0, 0, 1, 0, 0, 1, 0, 0, 3, 0, 0, 1, 2, 0, 0, 0, 0, 0, 3, 1, 0, 0, 2, 1, 3, 1, 0, 0, 0, 0],908.8272556494078,49235.066718390466,107289.32240407266,false
38,G3_TWC,G3_TWC,[31, 22, 82, 15, 26, 58, 95, 42, 77, 12, 47, 5, 93, 78, 98, 54, 85, 63, 18, 44, 20, 35, 43, 97, 91, 76, 10, 30, 21, 45, 71, 64, 1, 23, 17, 83, 24, 14, 60, 36, 6, 57, 94, 88, 65, 56, 79, 40, 67, 68, 46, 75, 39, 9, 19, 32, 81, 96, 27, 62, 87, 90, 99, 59, 11, 16, 72, 73, 70, 38, 37, 84, 3, 92, 25, 55, 28, 29, 51, 7, 33, 61, 86, 48, 89, 50, 69, 41, 53, 80, 8, 4, 34, 66, 52, 2, 13, 0, 49, 74]|[1, 1, 0, 1, 1, 1, 2, 1, 2, 1, 2, 2, 2, 1, 1, 0, 0, 1, 0, 2, 2, 0, 1, 2, 0, 1, 2, 2, 0, 0, 1, 2, 1, 2, 1, 0, 2, 0, 1, 1, 0, 1, 1, 1, 0, 2, 1, 1, 0, 0, 0, 0, 1, 1, 2, 1, 2, 0, 0, 0, 2, 1, 0, 1, 2, 1, 2, 1, 1, 1, 1, 2, 2, 0, 1, 1, 0, 0, 0, 1, 2, 1, 0, 0, 1, 0, 0, 2, 0, 0, 1, 0, 2, 2, 1, 0, 0, 0, 0, 2]|[4, 3, 2, 2, 0, 0, 2, 2, 2, 4, 1, 1, 2, 4, 4, 1, 1, 4, 2, 1, 1, 1, 1, 2, 1, 2, 1, 1, 1, 1, 3, 2, 3, 0, 4, 0, 1, 1, 0, 3, 2, 2, 4, 0, 1, 1, 0, 2, 0, 1, 2, 2, 1, 4, 0, 3, 2, 1, 1, 2, 1, 3, 1, 1, 1, 3, 0, 4, 3, 1, 4, 1, 1, 2, 4, 4, 2, 1, 1, 3, 1, 3, 1, 1, 1, 1, 1, 1, 2, 1, 3, 2, 1, 1, 1, 2, 2, 2, 1, 1]|[0, 2, 1, 1, 3, 3, 0, 1, 0, 0, 0, 0, 1, 0, 1, 0, 0, 3, 1, 0, 0, 0, 3, 1, 0, 2, 0, 0, 0, 1, 0, 0, 0, 0, 3, 0, 1, 0, 0, 2, 1, 1, 2, 0, 0, 0, 0, 1, 1, 0, 0, 0, 1, 3, 0, 0, 1, 0, 0, 1, 0, 2, 0, 1, 0, 2, 1, 0, 0, 1, 1, 0, 0, 1, 3, 3, 1, 0, 0, 2, 0, 0, 0, 0, 1, 0, 0, 0, 1, 0, 2, 1, 0, 0, 1, 0, 0, 0, 1, 0],790.4565500811616,57443.931412243786,90278.65376541775,false
38,G1_CMAX,G1_CMAX,[31, 22, 82, 15, 26, 99, 95, 42, 77, 12, 47, 5, 93, 78, 86, 54, 21, 63, 18, 44, 20, 35, 43, 97, 91, 76, 10, 30, 85, 45, 71, 64, 1, 23, 57, 83, 24, 14, 60, 36, 81, 17, 40, 88, 65, 56, 79, 94, 67, 68, 46, 75, 38, 9, 19, 32, 41, 6, 27, 87, 90, 58, 59, 11, 16, 72, 73, 70, 39, 37, 84, 3, 92, 25, 55, 28, 62, 29, 51, 7, 33, 61, 98, 48, 89, 50, 4, 96, 53, 80, 66, 8, 34, 49, 52, 0, 13, 2, 69, 74]|[1, 1, 0, 1, 1, 0, 1, 1, 2, 1, 2, 2, 2, 1, 1, 0, 0, 1, 0, 2, 2, 0, 1, 2, 0, 1, 2, 2, 0, 0, 1, 2, 1, 2, 1, 0, 2, 0, 1, 1, 0, 1, 1, 1, 0, 2, 1, 1, 0, 0, 0, 0, 1, 1, 2, 1, 2, 2, 0, 2, 1, 0, 1, 2, 1, 2, 1, 1, 1, 1, 1, 1, 0, 1, 2, 2, 0, 0, 2, 2, 2, 1, 2, 0, 1, 0, 1, 2, 0, 0, 2, 1, 2, 0, 1, 0, 0, 0, 1, 2]|[0, 3, 2, 2, 4, 1, 2, 3, 2, 4, 1, 1, 2, 4, 4, 1, 1, 4, 2, 1, 1, 1, 1, 2, 1, 2, 1, 1, 2, 1, 3, 2, 3, 0, 4, 0, 1, 1, 0, 3, 2, 2, 2, 0, 1, 1, 0, 4, 0, 1, 2, 2, 1, 4, 0, 3, 2, 2, 1, 1, 3, 1, 1, 1, 3, 0, 4, 3, 1, 4, 1, 1, 0, 4, 1, 1, 2, 1, 2, 1, 1, 3, 1, 1, 1, 1, 4, 1, 2, 1, 1, 3, 1, 1, 1, 2, 2, 2, 4, 1]|[0, 2, 1, 1, 3, 0, 1, 3, 0, 0, 0, 0, 1, 0, 1, 0, 0, 3, 1, 0, 0, 0, 3, 1, 0, 2, 0, 0, 0, 1, 0, 0, 0, 0, 3, 0, 1, 0, 0, 2, 1, 1, 1, 0, 0, 0, 0, 2, 1, 0, 0, 0, 1, 3, 0, 0, 1, 1, 0, 0, 2, 0, 1, 0, 2, 1, 0, 0, 1, 1, 3, 1, 1, 3, 0, 0, 1, 0, 1, 0, 0, 0, 0, 0, 1, 0, 0, 0, 1, 0, 0, 2, 0, 1, 1, 0, 0, 0, 2, 0],714.4485115867469,58161.785232764836,94013.66617097157,false
38,G4_BALANCED,G1_CMAX,[22, 82, 3, 58, 95, 42, 77, 47, 5, 93, 78, 12, 86, 54, 50, 63, 18, 44, 20, 35, 43, 97, 91, 76, 10, 30, 21, 45, 71, 64, 36, 23, 17, 83, 24, 14, 60, 1, 6, 40, 57, 90, 65, 56, 79, 94, 67, 68, 46, 75, 38, 9, 19, 32, 81, 41, 27, 62, 16, 55, 59, 89, 88, 87, 31, 72, 73, 70, 39, 37, 84, 92, 25, 11, 48, 15, 29, 51, 7, 33, 61, 98, 28, 99, 26, 85, 66, 96, 53, 80, 4, 8, 34, 49, 52, 2, 13, 0, 69, 74]|[1, 0, 1, 0, 1, 2, 2, 2, 2, 2, 1, 1, 1, 0, 0, 1, 0, 2, 2, 0, 1, 2, 0, 1, 2, 2, 0, 0, 1, 2, 1, 2, 1, 0, 2, 0, 1, 1, 0, 1, 1, 1, 0, 2, 1, 1, 0, 0, 0, 0, 1, 1, 2, 1, 2, 0, 0, 0, 1, 2, 1, 1, 1, 1, 1, 2, 1, 2, 1, 1, 1, 0, 1, 2, 2, 1, 0, 0, 1, 2, 1, 2, 0, 1, 1, 0, 0, 2, 0, 0, 1, 1, 2, 0, 1, 0, 0, 0, 1, 2]|[3, 2, 1, 1, 2, 1, 2, 1, 1, 2, 4, 4, 4, 1, 1, 4, 2, 1, 1, 1, 1, 2, 1, 2, 1, 1, 2, 1, 3, 2, 3, 1, 4, 1, 1, 1, 0, 3, 2, 2, 2, 3, 1, 1, 0, 4, 0, 1, 2, 2, 1, 4, 0, 3, 2, 1, 1, 2, 3, 1, 1, 1, 0, 3, 0, 0, 3, 0, 1, 4, 1, 0, 4, 1, 1, 4, 1, 1, 1, 1, 3, 1, 2, 1, 0, 2, 1, 1, 2, 1, 4, 3, 1, 1, 1, 2, 2, 2, 4, 1]|[3, 1, 2, 0, 1, 0, 0, 0, 0, 1, 0, 0, 1, 0, 0, 3, 1, 0, 0, 0, 3, 1, 0, 2, 0, 0, 0, 1, 0, 0, 2, 0, 3, 0, 1, 0, 0, 0, 1, 1, 1, 2, 0, 0, 0, 2, 1, 0, 0, 0, 1, 3, 0, 0, 1, 0, 0, 1, 2, 0, 1, 1, 0, 2, 0, 1, 0, 1, 1, 1, 1, 1, 3, 0, 0, 3, 0, 0, 2, 0, 0, 0, 1, 1, 3, 0, 0, 0, 1, 0, 0, 2, 0, 1, 1, 0, 0, 0, 2, 0],715.7913946700162,58060.95961022334,95287.06515100288,true
38,G2_TEC,G2_TEC,[31, 22, 82, 15, 26, 9, 95, 42, 77, 68, 47, 5, 93, 78, 86, 54, 85, 63, 18, 44, 20, 49, 36, 14, 74, 50, 53, 17, 21, 28, 11, 64, 3, 23, 30, 83, 24, 41, 40, 52, 65, 27, 90, 70, 39, 87, 48, 69, 99, 4, 75, 1, 13, 58, 97, 59, 45, 8, 73, 37, 35, 79, 71, 66, 76, 32, 60, 80, 56, 6, 67, 61, 33, 7, 57, 34, 12, 16, 10, 98, 96, 88, 43, 46, 91, 38, 84, 92, 29, 19, 51, 55, 81, 89, 25, 72, 94, 2, 0, 62]|[2, 1, 2, 1, 1, 2, 1, 1, 1, 1, 1, 0, 2, 2, 1, 2, 0, 0, 0, 2, 2, 1, 0, 2, 0, 2, 2, 1, 0, 1, 1, 1, 0, 0, 1, 0, 2, 1, 2, 2, 0, 0, 1, 1, 0, 2, 0, 2, 1, 0, 0, 2, 0, 0, 2, 0, 1, 1, 0, 0, 2, 1, 1, 2, 2, 0, 2, 2, 2, 1, 2, 1, 1, 2, 0, 1, 1, 2, 1, 2, 0, 1, 1, 0, 1, 0, 0, 0, 1, 1, 1, 0, 1, 1, 1, 1, 2, 2, 0, 1]|[0, 3, 0, 3, 4, 1, 4, 4, 2, 4, 3, 2, 1, 0, 2, 1, 1, 1, 2, 1, 1, 3, 0, 1, 0, 1, 1, 4, 1, 4, 3, 2, 2, 0, 4, 1, 1, 4, 1, 1, 2, 1, 4, 4, 1, 1, 0, 2, 3, 2, 2, 1, 2, 1, 1, 2, 4, 3, 0, 2, 2, 3, 3, 1, 1, 2, 1, 1, 1, 4, 1, 3, 4, 1, 2, 4, 3, 1, 3, 1, 2, 4, 4, 2, 3, 2, 2, 2, 3, 4, 3, 2, 4, 4, 4, 4, 1, 1, 2, 3]|[0, 2, 0, 0, 3, 0, 1, 3, 0, 0, 2, 0, 1, 0, 1, 0, 0, 0, 1, 0, 0, 2, 0, 0, 1, 0, 0, 3, 0, 1, 0, 2, 0, 0, 3, 0, 1, 1, 0, 0, 0, 0, 1, 3, 0, 0, 1, 0, 2, 0, 0, 0, 0, 0, 1, 0, 1, 0, 1, 1, 0, 2, 0, 0, 0, 0, 0, 0, 0, 2, 0, 0, 1, 0, 0, 1, 0, 0, 3, 0, 0, 1, 2, 0, 0, 0, 0, 0, 3, 1, 0, 0, 2, 1, 3, 1, 0, 0, 0, 0],908.8272556494078,49235.066718390466,107289.32240407266,false
38,G3_TWC,G3_TWC,[31, 22, 82, 15, 26, 58, 95, 42, 77, 12, 47, 5, 93, 78, 98, 54, 85, 63, 18, 44, 20, 35, 43, 97, 91, 76, 10, 30, 21, 45, 71, 64, 1, 23, 17, 83, 24, 14, 60, 36, 6, 57, 94, 88, 65, 56, 79, 40, 67, 68, 46, 75, 39, 9, 19, 32, 81, 96, 27, 62, 87, 90, 99, 59, 11, 16, 72, 73, 70, 38, 37, 84, 3, 92, 25, 55, 28, 29, 51, 7, 33, 61, 86, 48, 89, 50, 69, 41, 53, 80, 8, 4, 34, 66, 52, 2, 13, 0, 49, 74]|[1, 1, 0, 1, 1, 1, 2, 1, 2, 1, 2, 2, 2, 1, 1, 0, 0, 1, 0, 2, 2, 0, 1, 2, 0, 1, 2, 2, 0, 0, 1, 2, 1, 2, 1, 0, 2, 0, 1, 1, 0, 1, 1, 1, 0, 2, 1, 1, 0, 0, 0, 0, 1, 1, 2, 1, 2, 0, 0, 0, 2, 1, 0, 1, 2, 1, 2, 1, 1, 1, 1, 2, 2, 0, 1, 1, 0, 0, 0, 1, 2, 1, 0, 0, 1, 0, 0, 2, 0, 0, 1, 0, 2, 2, 1, 0, 0, 0, 0, 2]|[4, 3, 2, 2, 0, 0, 2, 2, 2, 4, 1, 1, 2, 4, 4, 1, 1, 4, 2, 1, 1, 1, 1, 2, 1, 2, 1, 1, 1, 1, 3, 2, 3, 0, 4, 0, 1, 1, 0, 3, 2, 2, 4, 0, 1, 1, 0, 2, 0, 1, 2, 2, 1, 4, 0, 3, 2, 1, 1, 2, 1, 3, 1, 1, 1, 3, 0, 4, 3, 1, 4, 1, 1, 2, 4, 4, 2, 1, 1, 3, 1, 3, 1, 1, 1, 1, 1, 1, 2, 1, 3, 2, 1, 1, 1, 2, 2, 2, 1, 1]|[0, 2, 1, 1, 3, 3, 0, 1, 0, 0, 0, 0, 1, 0, 1, 0, 0, 3, 1, 0, 0, 0, 3, 1, 0, 2, 0, 0, 0, 1, 0, 0, 0, 0, 3, 0, 1, 0, 0, 2, 1, 1, 2, 0, 0, 0, 0, 1, 1, 0, 0, 0, 1, 3, 0, 0, 1, 0, 0, 1, 0, 2, 0, 1, 0, 2, 1, 0, 0, 1, 1, 0, 0, 1, 3, 3, 1, 0, 0, 2, 0, 0, 0, 0, 1, 0, 0, 0, 1, 0, 2, 1, 0, 0, 1, 0, 0, 0, 1, 0],790.4565500811616,57443.931412243786,90278.65376541775,false
38,G1_CMAX,G1_CMAX,[31, 22, 82, 15, 26, 99, 95, 42, 77, 12, 47, 5, 93, 78, 86, 54, 21, 63, 18, 44, 20, 35, 43, 97, 91, 76, 10, 30, 85, 45, 71, 64, 1, 23, 57, 83, 24, 14, 60, 36, 81, 17, 40, 88, 65, 56, 79, 94, 67, 68, 46, 75, 38, 9, 19, 32, 41, 6, 27, 87, 90, 58, 59, 11, 16, 72, 73, 70, 39, 37, 84, 3, 92, 25, 55, 28, 62, 29, 51, 7, 33, 61, 98, 48, 89, 50, 4, 96, 53, 80, 66, 8, 34, 49, 52, 0, 13, 2, 69, 74]|[1, 1, 0, 1, 1, 0, 1, 1, 2, 1, 2, 2, 2, 1, 1, 0, 0, 1, 0, 2, 2, 0, 1, 2, 0, 1, 2, 2, 0, 0, 1, 2, 1, 2, 1, 0, 2, 0, 1, 1, 0, 1, 1, 1, 0, 2, 1, 1, 0, 0, 0, 0, 1, 1, 2, 1, 2, 2, 0, 2, 1, 0, 1, 2, 1, 2, 1, 1, 1, 1, 1, 1, 0, 1, 2, 2, 0, 0, 2, 2, 2, 1, 2, 0, 1, 0, 1, 2, 0, 0, 2, 1, 2, 0, 1, 0, 0, 0, 1, 2]|[0, 3, 2, 2, 4, 1, 2, 3, 2, 4, 1, 1, 2, 4, 4, 1, 1, 4, 2, 1, 1, 1, 1, 2, 1, 2, 1, 1, 2, 1, 3, 2, 3, 0, 4, 0, 1, 1, 0, 3, 2, 2, 2, 0, 1, 1, 0, 4, 0, 1, 2, 2, 1, 4, 0, 3, 2, 2, 1, 1, 3, 1, 1, 1, 3, 0, 4, 3, 1, 4, 1, 1, 0, 4, 1, 1, 2, 1, 2, 1, 1, 3, 1, 1, 1, 1, 4, 1, 2, 1, 1, 3, 1, 1, 1, 2, 2, 2, 4, 1]|[0, 2, 1, 1, 3, 0, 1, 3, 0, 0, 0, 0, 1, 0, 1, 0, 0, 3, 1, 0, 0, 0, 3, 1, 0, 2, 0, 0, 0, 1, 0, 0, 0, 0, 3, 0, 1, 0, 0, 2, 1, 1, 1, 0, 0, 0, 0, 2, 1, 0, 0, 0, 1, 3, 0, 0, 1, 1, 0, 0, 2, 0, 1, 0, 2, 1, 0, 0, 1, 1, 3, 1, 1, 3, 0, 0, 1, 0, 1, 0, 0, 0, 0, 0, 1, 0, 0, 0, 1, 0, 0, 2, 0, 1, 1, 0, 0, 0, 2, 0],714.4485115867469,58161.785232764836,94013.66617097157,false
38,G4_BALANCED,G1_CMAX,[22, 82, 3, 58, 95, 42, 77, 47, 5, 93, 78, 12, 86, 54, 50, 63, 18, 44, 20, 35, 43, 97, 91, 76, 10, 30, 21, 45, 71, 64, 36, 23, 17, 83, 24, 14, 60, 1, 6, 40, 57, 90, 65, 56, 79, 94, 67, 68, 46, 75, 38, 9, 19, 32, 81, 41, 27, 62, 16, 55, 59, 89, 88, 87, 31, 72, 73, 70, 39, 37, 84, 92, 25, 11, 48, 15, 29, 51, 7, 33, 61, 98, 28, 99, 26, 85, 66, 96, 53, 80, 4, 8, 34, 49, 52, 2, 13, 0, 69, 74]|[1, 0, 1, 0, 1, 2, 2, 2, 2, 2, 1, 1, 1, 0, 0, 1, 0, 2, 2, 0, 1, 2, 0, 1, 2, 2, 0, 0, 1, 2, 1, 2, 1, 0, 2, 0, 1, 1, 0, 1, 1, 1, 0, 2, 1, 1, 0, 0, 0, 0, 1, 1, 2, 1, 2, 0, 0, 0, 1, 2, 1, 1, 1, 1, 1, 2, 1, 2, 1, 1, 1, 0, 1, 2, 2, 1, 0, 0, 1, 2, 1, 2, 0, 1, 1, 0, 0, 2, 0, 0, 1, 1, 2, 0, 1, 0, 0, 0, 1, 2]|[3, 2, 1, 1, 2, 1, 2, 1, 1, 2, 4, 4, 4, 1, 1, 4, 2, 1, 1, 1, 1, 2, 1, 2, 1, 1, 2, 1, 3, 2, 3, 1, 4, 1, 1, 1, 0, 3, 2, 2, 2, 3, 1, 1, 0, 4, 0, 1, 2, 2, 1, 4, 0, 3, 2, 1, 1, 2, 3, 1, 1, 1, 0, 3, 0, 0, 3, 0, 1, 4, 1, 0, 4, 1, 1, 4, 1, 1, 1, 1, 3, 1, 2, 1, 0, 2, 1, 1, 2, 1, 4, 3, 1, 1, 1, 2, 2, 2, 4, 1]|[3, 1, 2, 0, 1, 0, 0, 0, 0, 1, 0, 0, 1, 0, 0, 3, 1, 0, 0, 0, 3, 1, 0, 2, 0, 0, 0, 1, 0, 0, 2, 0, 3, 0, 1, 0, 0, 0, 1, 1, 1, 2, 0, 0, 0, 2, 1, 0, 0, 0, 1, 3, 0, 0, 1, 0, 0, 1, 2, 0, 1, 1, 0, 2, 0, 1, 0, 1, 1, 1, 1, 1, 3, 0, 0, 3, 0, 0, 2, 0, 0, 0, 1, 1, 3, 0, 0, 0, 1, 0, 0, 2, 0, 1, 1, 0, 0, 0, 2, 0],715.7913946700162,58060.95961022334,95287.06515100288,true
38,G2_TEC,G2_TEC,[31, 22, 82, 15, 26, 9, 95, 42, 77, 68, 47, 5, 93, 78, 86, 54, 85, 63, 18, 44, 20, 49, 36, 14, 74, 50, 53, 17, 21, 28, 11, 64, 3, 23, 30, 83, 24, 41, 40, 52, 65, 27, 90, 70, 39, 87, 48, 69, 99, 4, 75, 1, 13, 58, 97, 59, 45, 8, 73, 37, 35, 79, 71, 66, 76, 32, 60, 80, 56, 6, 67, 61, 33, 7, 57, 34, 12, 16, 10, 98, 96, 88, 43, 46, 91, 38, 84, 92, 29, 19, 51, 55, 81, 89, 25, 72, 94, 2, 0, 62]|[2, 1, 2, 1, 1, 2, 1, 1, 1, 1, 1, 0, 2, 2, 1, 2, 0, 0, 0, 2, 2, 1, 0, 2, 0, 2, 2, 1, 0, 1, 1, 1, 0, 0, 1, 0, 2, 1, 2, 2, 0, 0, 1, 1, 0, 2, 0, 2, 1, 0, 0, 2, 0, 0, 2, 0, 1, 1, 0, 0, 2, 1, 1, 2, 2, 0, 2, 2, 2, 1, 2, 1, 1, 2, 0, 1, 1, 2, 1, 2, 0, 1, 1, 0, 1, 0, 0, 0, 1, 1, 1, 0, 1, 1, 1, 1, 2, 2, 0, 1]|[0, 3, 0, 3, 4, 1, 4, 4, 2, 4, 3, 2, 1, 0, 2, 1, 1, 1, 2, 1, 1, 3, 0, 1, 0, 1, 1, 4, 1, 4, 3, 2, 2, 0, 4, 1, 1, 4, 1, 1, 2, 1, 4, 4, 1, 1, 0, 2, 3, 2, 2, 1, 2, 1, 1, 2, 4, 3, 0, 2, 2, 3, 3, 1, 1, 2, 1, 1, 1, 4, 1, 3, 4, 1, 2, 4, 3, 1, 3, 1, 2, 4, 4, 2, 3, 2, 2, 2, 3, 4, 3, 2, 4, 4, 4, 4, 1, 1, 2, 3]|[0, 2, 0, 0, 3, 0, 1, 3, 0, 0, 2, 0, 1, 0, 1, 0, 0, 0, 1, 0, 0, 2, 0, 0, 1, 0, 0, 3, 0, 1, 0, 2, 0, 0, 3, 0, 1, 1, 0, 0, 0, 0, 1, 3, 0, 0, 1, 0, 2, 0, 0, 0, 0, 0, 1, 0, 1, 0, 1, 1, 0, 2, 0, 0, 0, 0, 0, 0, 0, 2, 0, 0, 1, 0, 0, 1, 0, 0, 3, 0, 0, 1, 2, 0, 0, 0, 0, 0, 3, 1, 0, 0, 2, 1, 3, 1, 0, 0, 0, 0],908.8272556494078,49235.066718390466,107289.32240407266,false
38,G3_TWC,G3_TWC,[31, 22, 82, 15, 26, 58, 95, 42, 77, 12, 47, 5, 93, 78, 98, 54, 85, 63, 18, 44, 20, 35, 43, 97, 91, 76, 10, 30, 21, 45, 71, 64, 1, 23, 17, 83, 24, 14, 60, 36, 6, 57, 94, 88, 65, 56, 79, 40, 67, 68, 46, 75, 39, 9, 19, 32, 81, 96, 27, 62, 87, 90, 99, 59, 11, 16, 72, 73, 70, 38, 37, 84, 3, 92, 25, 55, 28, 29, 51, 7, 33, 61, 86, 48, 89, 50, 69, 41, 53, 80, 8, 4, 34, 66, 52, 2, 13, 0, 49, 74]|[1, 1, 0, 1, 1, 1, 2, 1, 2, 1, 2, 2, 2, 1, 1, 0, 0, 1, 0, 2, 2, 0, 1, 2, 0, 1, 2, 2, 0, 0, 1, 2, 1, 2, 1, 0, 2, 0, 1, 1, 0, 1, 1, 1, 0, 2, 1, 1, 0, 0, 0, 0, 1, 1, 2, 1, 2, 0, 0, 0, 2, 1, 0, 1, 2, 1, 2, 1, 1, 1, 1, 2, 2, 0, 1, 1, 0, 0, 0, 1, 2, 1, 0, 0, 1, 0, 0, 2, 0, 0, 1, 0, 2, 2, 1, 0, 0, 0, 0, 2]|[4, 3, 2, 2, 0, 0, 2, 2, 2, 4, 1, 1, 2, 4, 4, 1, 1, 4, 2, 1, 1, 1, 1, 2, 1, 2, 1, 1, 1, 1, 3, 2, 3, 0, 4, 0, 1, 1, 0, 3, 2, 2, 4, 0, 1, 1, 0, 2, 0, 1, 2, 2, 1, 4, 0, 3, 2, 1, 1, 2, 1, 3, 1, 1, 1, 3, 0, 4, 3, 1, 4, 1, 1, 2, 4, 4, 2, 1, 1, 3, 1, 3, 1, 1, 1, 1, 1, 1, 2, 1, 3, 2, 1, 1, 1, 2, 2, 2, 1, 1]|[0, 2, 1, 1, 3, 3, 0, 1, 0, 0, 0, 0, 1, 0, 1, 0, 0, 3, 1, 0, 0, 0, 3, 1, 0, 2, 0, 0, 0, 1, 0, 0, 0, 0, 3, 0, 1, 0, 0, 2, 1, 1, 2, 0, 0, 0, 0, 1, 1, 0, 0, 0, 1, 3, 0, 0, 1, 0, 0, 1, 0, 2, 0, 1, 0, 2, 1, 0, 0, 1, 1, 0, 0, 1, 3, 3, 1, 0, 0, 2, 0, 0, 0, 0, 1, 0, 0, 0, 1, 0, 2, 1, 0, 0, 1, 0, 0, 0, 1, 0],790.4565500811616,57443.931412243786,90278.65376541775,false
38,G1_CMAX,G1_CMAX,[31, 22, 82, 15, 26, 99, 95, 42, 77, 12, 47, 5, 93, 78, 86, 54, 21, 63, 18, 44, 20, 35, 43, 97, 91, 76, 10, 30, 85, 45, 71, 64, 1, 23, 57, 83, 24, 14, 60, 36, 81, 17, 40, 88, 65, 56, 79, 94, 67, 68, 46, 75, 38, 9, 19, 32, 41, 6, 27, 87, 90, 58, 59, 11, 16, 72, 73, 70, 39, 37, 84, 3, 92, 25, 55, 28, 62, 29, 51, 7, 33, 61, 98, 48, 89, 50, 4, 96, 53, 80, 66, 8, 34, 49, 52, 0, 13, 2, 69, 74]|[1, 1, 0, 1, 1, 0, 1, 1, 2, 1, 2, 2, 2, 1, 1, 0, 0, 1, 0, 2, 2, 0, 1, 2, 0, 1, 2, 2, 0, 0, 1, 2, 1, 2, 1, 0, 2, 0, 1, 1, 0, 1, 1, 1, 0, 2, 1, 1, 0, 0, 0, 0, 1, 1, 2, 1, 2, 2, 0, 2, 1, 0, 1, 2, 1, 2, 1, 1, 1, 1, 1, 1, 0, 1, 2, 2, 0, 0, 2, 2, 2, 1, 2, 0, 1, 0, 1, 2, 0, 0, 2, 1, 2, 0, 1, 0, 0, 0, 1, 2]|[0, 3, 2, 2, 4, 1, 2, 3, 2, 4, 1, 1, 2, 4, 4, 1, 1, 4, 2, 1, 1, 1, 1, 2, 1, 2, 1, 1, 2, 1, 3, 2, 3, 0, 4, 0, 1, 1, 0, 3, 2, 2, 2, 0, 1, 1, 0, 4, 0, 1, 2, 2, 1, 4, 0, 3, 2, 2, 1, 1, 3, 1, 1, 1, 3, 0, 4, 3, 1, 4, 1, 1, 0, 4, 1, 1, 2, 1, 2, 1, 1, 3, 1, 1, 1, 1, 4, 1, 2, 1, 1, 3, 1, 1, 1, 2, 2, 2, 4, 1]|[0, 2, 1, 1, 3, 0, 1, 3, 0, 0, 0, 0, 1, 0, 1, 0, 0, 3, 1, 0, 0, 0, 3, 1, 0, 2, 0, 0, 0, 1, 0, 0, 0, 0, 3, 0, 1, 0, 0, 2, 1, 1, 1, 0, 0, 0, 0, 2, 1, 0, 0, 0, 1, 3, 0, 0, 1, 1, 0, 0, 2, 0, 1, 0, 2, 1, 0, 0, 1, 1, 3, 1, 1, 3, 0, 0, 1, 0, 1, 0, 0, 0, 0, 0, 1, 0, 0, 0, 1, 0, 0, 2, 0, 1, 1, 0, 0, 0, 2, 0],714.4485115867469,58161.785232764836,94013.66617097157,false
38,G4_BALANCED,G1_CMAX,[22, 82, 3, 58, 95, 42, 77, 47, 5, 93, 78, 12, 86, 54, 50, 63, 18, 44, 20, 35, 43, 97, 91, 76, 10, 30, 21, 45, 71, 64, 36, 23, 17, 83, 24, 14, 60, 1, 6, 40, 57, 90, 65, 56, 79, 94, 67, 68, 46, 75, 38, 9, 19, 32, 81, 41, 27, 62, 16, 55, 59, 89, 88, 87, 31, 72, 73, 70, 39, 37, 84, 92, 25, 11, 48, 15, 29, 51, 7, 33, 61, 98, 28, 99, 26, 85, 66, 96, 53, 80, 4, 8, 34, 49, 52, 2, 13, 0, 69, 74]|[1, 0, 1, 0, 1, 2, 2, 2, 2, 2, 1, 1, 1, 0, 0, 1, 0, 2, 2, 0, 1, 2, 0, 1, 2, 2, 0, 0, 1, 2, 1, 2, 1, 0, 2, 0, 1, 1, 0, 1, 1, 1, 0, 2, 1, 1, 0, 0, 0, 0, 1, 1, 2, 1, 2, 0, 0, 0, 1, 2, 1, 1, 1, 1, 1, 2, 1, 2, 1, 1, 1, 0, 1, 2, 2, 1, 0, 0, 1, 2, 1, 2, 0, 1, 1, 0, 0, 2, 0, 0, 1, 1, 2, 0, 1, 0, 0, 0, 1, 2]|[3, 2, 1, 1, 2, 1, 2, 1, 1, 2, 4, 4, 4, 1, 1, 4, 2, 1, 1, 1, 1, 2, 1, 2, 1, 1, 2, 1, 3, 2, 3, 1, 4, 1, 1, 1, 0, 3, 2, 2, 2, 3, 1, 1, 0, 4, 0, 1, 2, 2, 1, 4, 0, 3, 2, 1, 1, 2, 3, 1, 1, 1, 0, 3, 0, 0, 3, 0, 1, 4, 1, 0, 4, 1, 1, 4, 1, 1, 1, 1, 3, 1, 2, 1, 0, 2, 1, 1, 2, 1, 4, 3, 1, 1, 1, 2, 2, 2, 4, 1]|[3, 1, 2, 0, 1, 0, 0, 0, 0, 1, 0, 0, 1, 0, 0, 3, 1, 0, 0, 0, 3, 1, 0, 2, 0, 0, 0, 1, 0, 0, 2, 0, 3, 0, 1, 0, 0, 0, 1, 1, 1, 2, 0, 0, 0, 2, 1, 0, 0, 0, 1, 3, 0, 0, 1, 0, 0, 1, 2, 0, 1, 1, 0, 2, 0, 1, 0, 1, 1, 1, 1, 1, 3, 0, 0, 3, 0, 0, 2, 0, 0, 0, 1, 1, 3, 0, 0, 0, 1, 0, 0, 2, 0, 1, 1, 0, 0, 0, 2, 0],715.7913946700162,58060.95961022334,95287.06515100288,true
38,G2_TEC,G2_TEC,[31, 22, 82, 15, 26, 9, 95, 42, 77, 68, 47, 5, 93, 78, 86, 54, 85, 63, 18, 44, 20, 49, 36, 14, 74, 50, 53, 17, 21, 28, 11, 64, 3, 23, 30, 83, 24, 41, 40, 52, 65, 27, 90, 70, 39, 87, 48, 69, 99, 4, 75, 1, 13, 58, 97, 59, 45, 8, 73, 37, 35, 79, 71, 66, 76, 32, 60, 80, 56, 6, 67, 61, 33, 7, 57, 34, 12, 16, 10, 98, 96, 88, 43, 46, 91, 38, 84, 92, 29, 19, 51, 55, 81, 89, 25, 72, 94, 2, 0, 62]|[2, 1, 2, 1, 1, 2, 1, 1, 1, 1, 1, 0, 2, 2, 1, 2, 0, 0, 0, 2, 2, 1, 0, 2, 0, 2, 2, 1, 0, 1, 1, 1, 0, 0, 1, 0, 2, 1, 2, 2, 0, 0, 1, 1, 0, 2, 0, 2, 1, 0, 0, 2, 0, 0, 2, 0, 1, 1, 0, 0, 2, 1, 1, 2, 2, 0, 2, 2, 2, 1, 2, 1, 1, 2, 0, 1, 1, 2, 1, 2, 0, 1, 1, 0, 1, 0, 0, 0, 1, 1, 1, 0, 1, 1, 1, 1, 2, 2, 0, 1]|[0, 3, 0, 3, 4, 1, 4, 4, 2, 4, 3, 2, 1, 0, 2, 1, 1, 1, 2, 1, 1, 3, 0, 1, 0, 1, 1, 4, 1, 4, 3, 2, 2, 0, 4, 1, 1, 4, 1, 1, 2, 1, 4, 4, 1, 1, 0, 2, 3, 2, 2, 1, 2, 1, 1, 2, 4, 3, 0, 2, 2, 3, 3, 1, 1, 2, 1, 1, 1, 4, 1, 3, 4, 1, 2, 4, 3, 1, 3, 1, 2, 4, 4, 2, 3, 2, 2, 2, 3, 4, 3, 2, 4, 4, 4, 4, 1, 1, 2, 3]|[0, 2, 0, 0, 3, 0, 1, 3, 0, 0, 2, 0, 1, 0, 1, 0, 0, 0, 1, 0, 0, 2, 0, 0, 1, 0, 0, 3, 0, 1, 0, 2, 0, 0, 3, 0, 1, 1, 0, 0, 0, 0, 1, 3, 0, 0, 1, 0, 2, 0, 0, 0, 0, 0, 1, 0, 1, 0, 1, 1, 0, 2, 0, 0, 0, 0, 0, 0, 0, 2, 0, 0, 1, 0, 0, 1, 0, 0, 3, 0, 0, 1, 2, 0, 0, 0, 0, 0, 3, 1, 0, 0, 2, 1, 3, 1, 0, 0, 0, 0],908.8272556494078,49235.066718390466,107289.32240407266,false
38,G3_TWC,G3_TWC,[31, 22, 82, 15, 26, 58, 95, 42, 77, 12, 47, 5, 93, 78, 98, 54, 85, 63, 18, 44, 20, 35, 43, 97, 91, 76, 10, 30, 21, 45, 71, 64, 1, 23, 17, 83, 24, 14, 60, 36, 6, 57, 94, 88, 65, 56, 79, 40, 67, 68, 46, 75, 39, 9, 19, 32, 81, 96, 27, 62, 87, 90, 99, 59, 11, 16, 72, 73, 70, 38, 37, 84, 3, 92, 25, 55, 28, 29, 51, 7, 33, 61, 86, 48, 89, 50, 69, 41, 53, 80, 8, 4, 34, 66, 52, 2, 13, 0, 49, 74]|[1, 1, 0, 1, 1, 1, 2, 1, 2, 1, 2, 2, 2, 1, 1, 0, 0, 1, 0, 2, 2, 0, 1, 2, 0, 1, 2, 2, 0, 0, 1, 2, 1, 2, 1, 0, 2, 0, 1, 1, 0, 1, 1, 1, 0, 2, 1, 1, 0, 0, 0, 0, 1, 1, 2, 1, 2, 0, 0, 0, 2, 1, 0, 1, 2, 1, 2, 1, 1, 1, 1, 2, 2, 0, 1, 1, 0, 0, 0, 1, 2, 1, 0, 0, 1, 0, 0, 2, 0, 0, 1, 0, 2, 2, 1, 0, 0, 0, 0, 2]|[4, 3, 2, 2, 0, 0, 2, 2, 2, 4, 1, 1, 2, 4, 4, 1, 1, 4, 2, 1, 1, 1, 1, 2, 1, 2, 1, 1, 1, 1, 3, 2, 3, 0, 4, 0, 1, 1, 0, 3, 2, 2, 4, 0, 1, 1, 0, 2, 0, 1, 2, 2, 1, 4, 0, 3, 2, 1, 1, 2, 1, 3, 1, 1, 1, 3, 0, 4, 3, 1, 4, 1, 1, 2, 4, 4, 2, 1, 1, 3, 1, 3, 1, 1, 1, 1, 1, 1, 2, 1, 3, 2, 1, 1, 1, 2, 2, 2, 1, 1]|[0, 2, 1, 1, 3, 3, 0, 1, 0, 0, 0, 0, 1, 0, 1, 0, 0, 3, 1, 0, 0, 0, 3, 1, 0, 2, 0, 0, 0, 1, 0, 0, 0, 0, 3, 0, 1, 0, 0, 2, 1, 1, 2, 0, 0, 0, 0, 1, 1, 0, 0, 0, 1, 3, 0, 0, 1, 0, 0, 1, 0, 2, 0, 1, 0, 2, 1, 0, 0, 1, 1, 0, 0, 1, 3, 3, 1, 0, 0, 2, 0, 0, 0, 0, 1, 0, 0, 0, 1, 0, 2, 1, 0, 0, 1, 0, 0, 0, 1, 0],790.4565500811616,57443.931412243786,90278.65376541775,false
39,G1_CMAX,G3_TWC,[31, 22, 82, 15, 26, 58, 95, 42, 77, 12, 47, 5, 93, 78, 98, 54, 85, 63, 18, 44, 20, 35, 43, 97, 91, 76, 10, 30, 21, 45, 71, 64, 1, 23, 17, 83, 24, 14, 60, 36, 6, 57, 94, 88, 65, 56, 79, 40, 67, 68, 46, 75, 39, 9, 19, 32, 81, 41, 27, 62, 87, 90, 99, 59, 11, 16, 72, 73, 70, 38, 37, 84, 3, 92, 25, 55, 28, 29, 51, 7, 33, 61, 86, 48, 89, 34, 69, 96, 53, 80, 4, 8, 50, 49, 52, 0, 13, 2, 66, 74]|[1, 1, 0, 1, 1, 1, 2, 1, 2, 1, 2, 2, 2, 1, 1, 0, 0, 1, 0, 2, 2, 0, 1, 2, 0, 1, 2, 2, 0, 0, 1, 2, 1, 2, 1, 0, 2, 0, 1, 1, 0, 1, 1, 1, 0, 2, 1, 1, 0, 0, 0, 0, 1, 1, 2, 1, 2, 0, 0, 0, 2, 1, 0, 1, 2, 1, 2, 1, 1, 1, 1, 1, 2, 0, 1, 1, 0, 0, 0, 1, 2, 1, 0, 0, 1, 2, 1, 0, 0, 0, 0, 1, 0, 0, 1, 0, 0, 0, 2, 2]|[4, 3, 2, 2, 0, 0, 2, 2, 2, 4, 1, 1, 2, 4, 4, 1, 1, 4, 2, 1, 1, 1, 1, 2, 1, 2, 1, 1, 1, 1, 3, 2, 3, 0, 4, 0, 1, 1, 0, 3, 2, 2, 4, 0, 1, 1, 0, 2, 0, 1, 2, 2, 1, 4, 0, 3, 2, 1, 1, 2, 1, 3, 1, 1, 1, 3, 0, 4, 3, 1, 4, 1, 1, 2, 4, 4, 2, 1, 1, 3, 1, 3, 1, 1, 1, 1, 3, 1, 2, 1, 2, 3, 1, 1, 1, 2, 2, 2, 1, 1]|[0, 2, 1, 1, 3, 3, 0, 1, 0, 0, 0, 0, 1, 0, 1, 0, 0, 3, 1, 0, 0, 0, 3, 1, 0, 2, 0, 0, 0, 1, 0, 0, 0, 0, 3, 0, 1, 0, 0, 2, 1, 1, 2, 0, 0, 0, 0, 1, 1, 0, 0, 0, 1, 3, 0, 0, 1, 0, 0, 1, 0, 2, 0, 1, 0, 2, 1, 0, 0, 1, 1, 3, 0, 1, 3, 3, 1, 0, 0, 2, 0, 0, 0, 0, 1, 0, 0, 0, 1, 0, 1, 2, 0, 1, 1, 0, 0, 0, 0, 0],790.1921483697682,57949.8284897391,88957.44446645015,true
39,G4_BALANCED,G1_CMAX,[22, 82, 3, 58, 95, 42, 77, 47, 5, 93, 78, 12, 86, 54, 50, 63, 18, 44, 20, 35, 43, 97, 91, 76, 10, 30, 21, 45, 71, 64, 36, 23, 17, 83, 24, 14, 60, 1, 6, 40, 57, 90, 65, 56, 79, 94, 67, 68, 46, 75, 38, 9, 19, 32, 81, 41, 27, 62, 16, 55, 59, 89, 88, 87, 31, 72, 73, 70, 39, 37, 84, 92, 25, 11, 48, 15, 29, 51, 7, 33, 61, 98, 28, 99, 26, 85, 66, 96, 53, 80, 4, 8, 34, 49, 52, 2, 13, 0, 69, 74]|[1, 0, 1, 0, 1, 2, 2, 2, 2, 2, 1, 1, 1, 0, 0, 1, 0, 2, 2, 0, 1, 2, 0, 1, 2, 2, 0, 0, 1, 2, 1, 2, 1, 0, 2, 0, 1, 1, 0, 1, 1, 1, 0, 2, 1, 1, 0, 0, 0, 0, 1, 1, 2, 1, 2, 0, 0, 0, 1, 2, 1, 1, 1, 1, 1, 2, 1, 2, 1, 1, 1, 0, 1, 2, 2, 1, 0, 0, 1, 2, 1, 2, 0, 1, 1, 0, 0, 2, 0, 0, 1, 1, 2, 0, 1, 0, 0, 0, 1, 2]|[3, 2, 1, 1, 2, 1, 2, 1, 1, 2, 4, 4, 4, 1, 1, 4, 2, 1, 1, 1, 1, 2, 1, 2, 1, 1, 2, 1, 3, 2, 3, 1, 4, 1, 1, 1, 0, 3, 2, 2, 2, 3, 1, 1, 0, 4, 0, 1, 2, 2, 1, 4, 0, 3, 2, 1, 1, 2, 3, 1, 1, 1, 0, 3, 0, 0, 3, 0, 1, 4, 1, 0, 4, 1, 1, 4, 1, 1, 1, 1, 3, 1, 2, 1, 0, 2, 1, 1, 2, 1, 4, 3, 1, 1, 1, 2, 2, 2, 4, 1]|[3, 1, 2, 0, 1, 0, 0, 0, 0, 1, 0, 0, 1, 0, 0, 3, 1, 0, 0, 0, 3, 1, 0, 2, 0, 0, 0, 1, 0, 0, 2, 0, 3, 0, 1, 0, 0, 0, 1, 1, 1, 2, 0, 0, 0, 2, 1, 0, 0, 0, 1, 3, 0, 0, 1, 0, 0, 1, 2, 0, 1, 1, 0, 2, 0, 1, 0, 1, 1, 1, 1, 1, 3, 0, 0, 3, 0, 0, 2, 0, 0, 0, 1, 1, 3, 0, 0, 0, 1, 0, 0, 2, 0, 1, 1, 0, 0, 0, 2, 0],715.7913946700162,58060.95961022334,95287.06515100288,true
39,G2_TEC,G2_TEC,[31, 22, 82, 15, 26, 9, 95, 42, 77, 68, 47, 5, 93, 78, 86, 54, 85, 63, 18, 44, 20, 49, 36, 14, 74, 50, 53, 17, 21, 28, 11, 64, 3, 23, 30, 83, 24, 41, 40, 52, 65, 27, 90, 70, 39, 87, 48, 69, 99, 4, 75, 1, 13, 58, 97, 59, 45, 8, 73, 37, 35, 79, 71, 66, 76, 32, 60, 80, 56, 6, 67, 61, 33, 7, 57, 34, 12, 16, 10, 98, 96, 88, 43, 46, 91, 38, 84, 92, 29, 19, 51, 55, 81, 89, 25, 72, 94, 2, 0, 62]|[2, 1, 2, 1, 1, 2, 1, 1, 1, 1, 1, 0, 2, 2, 1, 2, 0, 0, 0, 2, 2, 1, 0, 2, 0, 2, 2, 1, 0, 1, 1, 1, 0, 0, 1, 0, 2, 1, 2, 2, 0, 0, 1, 1, 0, 2, 0, 2, 1, 0, 0, 2, 0, 0, 2, 0, 1, 1, 0, 0, 2, 1, 1, 2, 2, 0, 2, 2, 2, 1, 2, 1, 1, 2, 0, 1, 1, 2, 1, 2, 0, 1, 1, 0, 1, 0, 0, 0, 1, 1, 1, 0, 1, 1, 1, 1, 2, 2, 0, 1]|[0, 3, 0, 3, 4, 1, 4, 4, 2, 4, 3, 2, 1, 0, 2, 1, 1, 1, 2, 1, 1, 3, 0, 1, 0, 1, 1, 4, 1, 4, 3, 2, 2, 0, 4, 1, 1, 4, 1, 1, 2, 1, 4, 4, 1, 1, 0, 2, 3, 2, 2, 1, 2, 1, 1, 2, 4, 3, 0, 2, 2, 3, 3, 1, 1, 2, 1, 1, 1, 4, 1, 3, 4, 1, 2, 4, 3, 1, 3, 1, 2, 4, 4, 2, 3, 2, 2, 2, 3, 4, 3, 2, 4, 4, 4, 4, 1, 1, 2, 3]|[0, 2, 0, 0, 3, 0, 1, 3, 0, 0, 2, 0, 1, 0, 1, 0, 0, 0, 1, 0, 0, 2, 0, 0, 1, 0, 0, 3, 0, 1, 0, 2, 0, 0, 3, 0, 1, 1, 0, 0, 0, 0, 1, 3, 0, 0, 1, 0, 2, 0, 0, 0, 0, 0, 1, 0, 1, 0, 1, 1, 0, 2, 0, 0, 0, 0, 0, 0, 0, 2, 0, 0, 1, 0, 0, 1, 0, 0, 3, 0, 0, 1, 2, 0, 0, 0, 0, 0, 3, 1, 0, 0, 2, 1, 3, 1, 0, 0, 0, 0],908.8272556494078,49235.066718390466,107289.32240407266,false
39,G3_TWC,G4_BALANCED,[31, 22, 82, 15, 26, 99, 95, 42, 77, 12, 47, 5, 93, 78, 86, 54, 21, 63, 18, 44, 20, 23, 43, 97, 91, 76, 10, 30, 85, 45, 71, 64, 1, 35, 17, 83, 24, 14, 60, 36, 6, 57, 40, 88, 65, 56, 79, 94, 67, 68, 46, 75, 38, 9, 19, 32, 41, 81, 27, 87, 62, 90, 58, 59, 16, 72, 73, 70, 39, 37, 84, 3, 92, 25, 55, 48, 11, 29, 51, 96, 33, 61, 98, 66, 89, 50, 4, 7, 53, 80, 8, 28, 34, 49, 52, 0, 74, 69, 2, 13]|[2, 1, 0, 1, 1, 0, 1, 1, 2, 1, 2, 2, 2, 1, 1, 0, 0, 1, 0, 2, 2, 0, 1, 2, 0, 1, 2, 2, 0, 0, 1, 2, 1, 2, 1, 0, 2, 0, 1, 1, 0, 1, 1, 1, 0, 2, 1, 1, 0, 0, 0, 0, 1, 1, 2, 1, 0, 2, 0, 2, 0, 1, 0, 1, 1, 2, 1, 1, 1, 1, 1, 1, 0, 1, 2, 0, 2, 0, 0, 2, 2, 1, 2, 2, 1, 0, 1, 2, 0, 0, 1, 0, 2, 0, 1, 0, 2, 1, 0, 0]|[1, 3, 2, 2, 4, 1, 2, 3, 2, 4, 1, 1, 2, 4, 4, 1, 1, 4, 2, 1, 1, 1, 1, 2, 1, 2, 1, 1, 2, 1, 3, 2, 3, 0, 4, 0, 1, 1, 0, 3, 2, 2, 2, 0, 1, 1, 0, 4, 0, 1, 2, 2, 1, 4, 0, 3, 1, 2, 1, 1, 2, 3, 1, 1, 3, 0, 4, 3, 1, 4, 1, 1, 0, 4, 1, 1, 1, 1, 1, 1, 1, 3, 1, 1, 1, 1, 4, 1, 2, 1, 3, 2, 1, 1, 1, 2, 1, 4, 2, 2]|[0, 2, 1, 1, 3, 0, 1, 3, 0, 0, 0, 0, 1, 0, 1, 0, 0, 3, 1, 0, 0, 0, 3, 1, 0, 2, 0, 0, 0, 1, 0, 0, 0, 0, 3, 0, 1, 0, 0, 2, 1, 1, 1, 0, 0, 0, 0, 2, 1, 0, 0, 0, 1, 3, 0, 0, 0, 1, 0, 0, 1, 2, 0, 1, 2, 1, 0, 0, 1, 1, 3, 1, 1, 3, 0, 0, 0, 0, 0, 0, 0, 0, 0, 0, 1, 0, 0, 0, 1, 0, 2, 1, 0, 1, 1, 0, 0, 2, 0, 0],746.998318561944,56705.00401616378,91603.00561069252,true
39,G1_CMAX,G1_CMAX,[31, 22, 82, 15, 26, 99, 95, 42, 77, 12, 47, 5, 93, 78, 86, 54, 21, 63, 18, 44, 20, 35, 43, 97, 91, 76, 10, 30, 85, 45, 71, 64, 1, 23, 57, 83, 24, 14, 60, 36, 81, 17, 40, 88, 65, 56, 79, 94, 67, 68, 46, 75, 38, 9, 19, 32, 41, 6, 27, 87, 90, 58, 59, 11, 16, 72, 73, 70, 39, 37, 84, 3, 92, 25, 55, 28, 62, 29, 51, 7, 33, 61, 98, 48, 89, 50, 4, 96, 53, 80, 66, 8, 34, 49, 52, 0, 13, 2, 69, 74]|[1, 1, 0, 1, 1, 0, 1, 1, 2, 1, 2, 2, 2, 1, 1, 0, 0, 1, 0, 2, 2, 0, 1, 2, 0, 1, 2, 2, 0, 0, 1, 2, 1, 2, 1, 0, 2, 0, 1, 1, 0, 1, 1, 1, 0, 2, 1, 1, 0, 0, 0, 0, 1, 1, 2, 1, 2, 2, 0, 2, 1, 0, 1, 2, 1, 2, 1, 1, 1, 1, 1, 1, 0, 1, 2, 2, 0, 0, 2, 2, 2, 1, 2, 0, 1, 0, 1, 2, 0, 0, 2, 1, 2, 0, 1, 0, 0, 0, 1, 2]|[0, 3, 2, 2, 4, 1, 2, 3, 2, 4, 1, 1, 2, 4, 4, 1, 1, 4, 2, 1, 1, 1, 1, 2, 1, 2, 1, 1, 2, 1, 3, 2, 3, 0, 4, 0, 1, 1, 0, 3, 2, 2, 2, 0, 1, 1, 0, 4, 0, 1, 2, 2, 1, 4, 0, 3, 2, 2, 1, 1, 3, 1, 1, 1, 3, 0, 4, 3, 1, 4, 1, 1, 0, 4, 1, 1, 2, 1, 2, 1, 1, 3, 1, 1, 1, 1, 4, 1, 2, 1, 1, 3, 1, 1, 1, 2, 2, 2, 4, 1]|[0, 2, 1, 1, 3, 0, 1, 3, 0, 0, 0, 0, 1, 0, 1, 0, 0, 3, 1, 0, 0, 0, 3, 1, 0, 2, 0, 0, 0, 1, 0, 0, 0, 0, 3, 0, 1, 0, 0, 2, 1, 1, 1, 0, 0, 0, 0, 2, 1, 0, 0, 0, 1, 3, 0, 0, 1, 1, 0, 0, 2, 0, 1, 0, 2, 1, 0, 0, 1, 1, 3, 1, 1, 3, 0, 0, 1, 0, 1, 0, 0, 0, 0, 0, 1, 0, 0, 0, 1, 0, 0, 2, 0, 1, 1, 0, 0, 0, 2, 0],714.4485115867469,58161.785232764836,94013.66617097157,false
39,G4_BALANCED,G1_CMAX,[22, 82, 3, 58, 95, 42, 77, 47, 5, 93, 78, 12, 86, 54, 50, 63, 18, 44, 20, 35, 43, 97, 91, 76, 10, 30, 21, 45, 71, 64, 36, 23, 17, 83, 24, 14, 60, 1, 6, 40, 57, 90, 65, 56, 79, 94, 67, 68, 46, 75, 38, 9, 19, 32, 81, 41, 27, 62, 16, 55, 59, 89, 88, 87, 31, 72, 73, 70, 39, 37, 84, 92, 25, 11, 48, 15, 29, 51, 7, 33, 61, 98, 28, 99, 26, 85, 66, 96, 53, 80, 4, 8, 34, 49, 52, 2, 13, 0, 69, 74]|[1, 0, 1, 0, 1, 2, 2, 2, 2, 2, 1, 1, 1, 0, 0, 1, 0, 2, 2, 0, 1, 2, 0, 1, 2, 2, 0, 0, 1, 2, 1, 2, 1, 0, 2, 0, 1, 1, 0, 1, 1, 1, 0, 2, 1, 1, 0, 0, 0, 0, 1, 1, 2, 1, 2, 0, 0, 0, 1, 2, 1, 1, 1, 1, 1, 2, 1, 2, 1, 1, 1, 0, 1, 2, 2, 1, 0, 0, 1, 2, 1, 2, 0, 1, 1, 0, 0, 2, 0, 0, 1, 1, 2, 0, 1, 0, 0, 0, 1, 2]|[3, 2, 1, 1, 2, 1, 2, 1, 1, 2, 4, 4, 4, 1, 1, 4, 2, 1, 1, 1, 1, 2, 1, 2, 1, 1, 2, 1, 3, 2, 3, 1, 4, 1, 1, 1, 0, 3, 2, 2, 2, 3, 1, 1, 0, 4, 0, 1, 2, 2, 1, 4, 0, 3, 2, 1, 1, 2, 3, 1, 1, 1, 0, 3, 0, 0, 3, 0, 1, 4, 1, 0, 4, 1, 1, 4, 1, 1, 1, 1, 3, 1, 2, 1, 0, 2, 1, 1, 2, 1, 4, 3, 1, 1, 1, 2, 2, 2, 4, 1]|[3, 1, 2, 0, 1, 0, 0, 0, 0, 1, 0, 0, 1, 0, 0, 3, 1, 0, 0, 0, 3, 1, 0, 2, 0, 0, 0, 1, 0, 0, 2, 0, 3, 0, 1, 0, 0, 0, 1, 1, 1, 2, 0, 0, 0, 2, 1, 0, 0, 0, 1, 3, 0, 0, 1, 0, 0, 1, 2, 0, 1, 1, 0, 2, 0, 1, 0, 1, 1, 1, 1, 1, 3, 0, 0, 3, 0, 0, 2, 0, 0, 0, 1, 1, 3, 0, 0, 0, 1, 0, 0, 2, 0, 1, 1, 0, 0, 0, 2, 0],715.7913946700162,58060.95961022334,95287.06515100288,true
39,G2_TEC,G1_CMAX,[31, 22, 82, 15, 26, 99, 95, 42, 77, 12, 47, 5, 93, 78, 86, 54, 21, 63, 18, 44, 20, 35, 43, 97, 91, 76, 10, 30, 85, 45, 71, 64, 1, 23, 17, 83, 24, 14, 60, 36, 6, 57, 40, 88, 65, 56, 79, 94, 67, 68, 46, 75, 38, 9, 19, 32, 41, 81, 27, 87, 90, 58, 59, 11, 16, 72, 73, 70, 39, 37, 84, 62, 3, 92, 25, 55, 28, 29, 51, 7, 33, 61, 98, 48, 89, 50, 4, 96, 53, 8, 66, 80, 34, 49, 52, 2, 13, 0, 69, 74]|[1, 1, 0, 1, 1, 0, 1, 1, 2, 1, 2, 2, 2, 1, 1, 0, 0, 1, 0, 2, 2, 0, 1, 2, 0, 1, 2, 2, 0, 0, 1, 2, 1, 2, 1, 0, 2, 0, 1, 1, 0, 1, 1, 1, 0, 2, 1, 1, 0, 0, 0, 0, 1, 1, 2, 1, 0, 2, 0, 2, 2, 0, 1, 2, 2, 1, 1, 1, 1, 1, 1, 0, 1, 0, 1, 2, 0, 0, 0, 2, 2, 1, 2, 0, 1, 0, 1, 2, 0, 1, 2, 0, 2, 0, 1, 0, 0, 0, 1, 2]|[4, 3, 2, 2, 4, 1, 2, 3, 2, 4, 1, 1, 2, 4, 4, 1, 1, 4, 2, 1, 1, 1, 1, 2, 1, 2, 1, 1, 2, 1, 3, 2, 3, 1, 4, 0, 1, 1, 0, 3, 2, 2, 2, 0, 1, 1, 0, 4, 0, 1, 2, 2, 1, 4, 0, 3, 1, 1, 1, 1, 1, 1, 1, 1, 1, 3, 4, 4, 1, 1, 4, 2, 1, 0, 4, 1, 2, 1, 1, 1, 1, 3, 1, 1, 1, 1, 4, 1, 2, 3, 1, 1, 1, 1, 1, 2, 2, 2, 4, 1]|[0, 2, 1, 1, 3, 0, 1, 3, 0, 0, 0, 0, 1, 0, 1, 0, 0, 3, 1, 0, 0, 0, 3, 1, 0, 2, 0, 0, 0, 1, 0, 0, 0, 0, 3, 0, 1, 0, 0, 2, 1, 1, 1, 0, 0, 0, 0, 2, 1, 0, 0, 0, 1, 3, 0, 0, 0, 0, 0, 0, 0, 0, 1, 0, 0, 2, 0, 0, 1, 1, 1, 1, 1, 1, 3, 0, 1, 0, 0, 0, 0, 0, 0, 0, 1, 0, 0, 0, 1, 2, 0, 0, 0, 1, 1, 0, 0, 0, 2, 0],780.7181470595841,55327.02844755024,96781.7980844454,true
39,G3_TWC,G4_BALANCED,[31, 22, 82, 15, 26, 99, 95, 42, 77, 12, 47, 5, 93, 78, 86, 54, 21, 63, 18, 44, 20, 23, 43, 97, 91, 76, 10, 30, 85, 45, 71, 64, 1, 35, 17, 83, 24, 14, 60, 36, 6, 57, 40, 88, 65, 56, 79, 94, 67, 68, 46, 75, 38, 9, 19, 32, 41, 81, 27, 87, 62, 90, 58, 59, 16, 72, 73, 70, 39, 37, 84, 3, 92, 25, 55, 48, 11, 29, 51, 96, 33, 61, 98, 66, 89, 50, 4, 7, 53, 80, 8, 28, 34, 49, 52, 0, 74, 69, 2, 13]|[2, 1, 0, 1, 1, 0, 1, 1, 2, 1, 2, 2, 2, 1, 1, 0, 0, 1, 0, 2, 2, 0, 1, 2, 0, 1, 2, 2, 0, 0, 1, 2, 1, 2, 1, 0, 2, 0, 1, 1, 0, 1, 1, 1, 0, 2, 1, 1, 0, 0, 0, 0, 1, 1, 2, 1, 0, 2, 0, 2, 0, 1, 0, 1, 1, 2, 1, 1, 1, 1, 1, 1, 0, 1, 2, 0, 2, 0, 0, 2, 2, 1, 2, 2, 1, 0, 1, 2, 0, 0, 1, 0, 2, 0, 1, 0, 2, 1, 0, 0]|[1, 3, 2, 2, 4, 1, 2, 3, 2, 4, 1, 1, 2, 4, 4, 1, 1, 4, 2, 1, 1, 1, 1, 2, 1, 2, 1, 1, 2, 1, 3, 2, 3, 0, 4, 0, 1, 1, 0, 3, 2, 2, 2, 0, 1, 1, 0, 4, 0, 1, 2, 2, 1, 4, 0, 3, 1, 2, 1, 1, 2, 3, 1, 1, 3, 0, 4, 3, 1, 4, 1, 1, 0, 4, 1, 1, 1, 1, 1, 1, 1, 3, 1, 1, 1, 1, 4, 1, 2, 1, 3, 2, 1, 1, 1, 2, 1, 4, 2, 2]|[0, 2, 1, 1, 3, 0, 1, 3, 0, 0, 0, 0, 1, 0, 1, 0, 0, 3, 1, 0, 0, 0, 3, 1, 0, 2, 0, 0, 0, 1, 0, 0, 0, 0, 3, 0, 1, 0, 0, 2, 1, 1, 1, 0, 0, 0, 0, 2, 1, 0, 0, 0, 1, 3, 0, 0, 0, 1, 0, 0, 1, 2, 0, 1, 2, 1, 0, 0, 1, 1, 3, 1, 1, 3, 0, 0, 0, 0, 0, 0, 0, 0, 0, 0, 1, 0, 0, 0, 1, 0, 2, 1, 0, 1, 1, 0, 0, 2, 0, 0],746.998318561944,56705.00401616378,91603.00561069252,true
39,G1_CMAX,G1_CMAX,[31, 22, 82, 15, 26, 99, 95, 42, 77, 12, 47, 5, 93, 78, 86, 54, 21, 63, 18, 44, 20, 35, 43, 97, 91, 76, 10, 30, 85, 45, 71, 64, 1, 23, 57, 83, 24, 14, 60, 36, 81, 17, 40, 88, 65, 56, 79, 94, 67, 68, 46, 75, 38, 9, 19, 32, 41, 6, 27, 87, 90, 58, 59, 11, 16, 72, 73, 70, 39, 37, 84, 3, 92, 25, 55, 28, 62, 29, 51, 7, 33, 61, 98, 48, 89, 50, 4, 96, 53, 80, 66, 8, 34, 49, 52, 0, 13, 2, 69, 74]|[1, 1, 0, 1, 1, 0, 1, 1, 2, 1, 2, 2, 2, 1, 1, 0, 0, 1, 0, 2, 2, 0, 1, 2, 0, 1, 2, 2, 0, 0, 1, 2, 1, 2, 1, 0, 2, 0, 1, 1, 0, 1, 1, 1, 0, 2, 1, 1, 0, 0, 0, 0, 1, 1, 2, 1, 2, 2, 0, 2, 1, 0, 1, 2, 1, 2, 1, 1, 1, 1, 1, 1, 0, 1, 2, 2, 0, 0, 2, 2, 2, 1, 2, 0, 1, 0, 1, 2, 0, 0, 2, 1, 2, 0, 1, 0, 0, 0, 1, 2]|[0, 3, 2, 2, 4, 1, 2, 3, 2, 4, 1, 1, 2, 4, 4, 1, 1, 4, 2, 1, 1, 1, 1, 2, 1, 2, 1, 1, 2, 1, 3, 2, 3, 0, 4, 0, 1, 1, 0, 3, 2, 2, 2, 0, 1, 1, 0, 4, 0, 1, 2, 2, 1, 4, 0, 3, 2, 2, 1, 1, 3, 1, 1, 1, 3, 0, 4, 3, 1, 4, 1, 1, 0, 4, 1, 1, 2, 1, 2, 1, 1, 3, 1, 1, 1, 1, 4, 1, 2, 1, 1, 3, 1, 1, 1, 2, 2, 2, 4, 1]|[0, 2, 1, 1, 3, 0, 1, 3, 0, 0, 0, 0, 1, 0, 1, 0, 0, 3, 1, 0, 0, 0, 3, 1, 0, 2, 0, 0, 0, 1, 0, 0, 0, 0, 3, 0, 1, 0, 0, 2, 1, 1, 1, 0, 0, 0, 0, 2, 1, 0, 0, 0, 1, 3, 0, 0, 1, 1, 0, 0, 2, 0, 1, 0, 2, 1, 0, 0, 1, 1, 3, 1, 1, 3, 0, 0, 1, 0, 1, 0, 0, 0, 0, 0, 1, 0, 0, 0, 1, 0, 0, 2, 0, 1, 1, 0, 0, 0, 2, 0],714.4485115867469,58161.785232764836,94013.66617097157,false
39,G4_BALANCED,G1_CMAX,[22, 82, 3, 58, 95, 42, 77, 47, 5, 93, 78, 12, 86, 54, 50, 63, 18, 44, 20, 35, 43, 97, 91, 76, 10, 30, 21, 45, 71, 64, 36, 23, 17, 83, 24, 14, 60, 1, 6, 40, 57, 90, 65, 56, 79, 94, 67, 68, 46, 75, 38, 9, 19, 32, 81, 41, 27, 62, 16, 55, 59, 89, 88, 87, 31, 72, 73, 70, 39, 37, 84, 92, 25, 11, 48, 15, 29, 51, 7, 33, 61, 98, 28, 99, 26, 85, 66, 96, 53, 80, 4, 8, 34, 49, 52, 2, 13, 0, 69, 74]|[1, 0, 1, 0, 1, 2, 2, 2, 2, 2, 1, 1, 1, 0, 0, 1, 0, 2, 2, 0, 1, 2, 0, 1, 2, 2, 0, 0, 1, 2, 1, 2, 1, 0, 2, 0, 1, 1, 0, 1, 1, 1, 0, 2, 1, 1, 0, 0, 0, 0, 1, 1, 2, 1, 2, 0, 0, 0, 1, 2, 1, 1, 1, 1, 1, 2, 1, 2, 1, 1, 1, 0, 1, 2, 2, 1, 0, 0, 1, 2, 1, 2, 0, 1, 1, 0, 0, 2, 0, 0, 1, 1, 2, 0, 1, 0, 0, 0, 1, 2]|[3, 2, 1, 1, 2, 1, 2, 1, 1, 2, 4, 4, 4, 1, 1, 4, 2, 1, 1, 1, 1, 2, 1, 2, 1, 1, 2, 1, 3, 2, 3, 1, 4, 1, 1, 1, 0, 3, 2, 2, 2, 3, 1, 1, 0, 4, 0, 1, 2, 2, 1, 4, 0, 3, 2, 1, 1, 2, 3, 1, 1, 1, 0, 3, 0, 0, 3, 0, 1, 4, 1, 0, 4, 1, 1, 4, 1, 1, 1, 1, 3, 1, 2, 1, 0, 2, 1, 1, 2, 1, 4, 3, 1, 1, 1, 2, 2, 2, 4, 1]|[3, 1, 2, 0, 1, 0, 0, 0, 0, 1, 0, 0, 1, 0, 0, 3, 1, 0, 0, 0, 3, 1, 0, 2, 0, 0, 0, 1, 0, 0, 2, 0, 3, 0, 1, 0, 0, 0, 1, 1, 1, 2, 0, 0, 0, 2, 1, 0, 0, 0, 1, 3, 0, 0, 1, 0, 0, 1, 2, 0, 1, 1, 0, 2, 0, 1, 0, 1, 1, 1, 1, 1, 3, 0, 0, 3, 0, 0, 2, 0, 0, 0, 1, 1, 3, 0, 0, 0, 1, 0, 0, 2, 0, 1, 1, 0, 0, 0, 2, 0],715.7913946700162,58060.95961022334,95287.06515100288,true
39,G2_TEC,G2_TEC,[31, 22, 82, 15, 26, 9, 95, 42, 77, 68, 47, 5, 93, 78, 86, 54, 85, 63, 18, 44, 20, 49, 36, 14, 74, 50, 53, 17, 21, 28, 11, 64, 3, 23, 30, 83, 24, 41, 40, 52, 65, 27, 90, 70, 39, 87, 48, 69, 99, 4, 75, 1, 13, 58, 97, 59, 45, 8, 73, 37, 35, 79, 71, 66, 76, 32, 60, 80, 56, 6, 67, 61, 33, 7, 57, 34, 12, 16, 10, 98, 96, 88, 43, 46, 91, 38, 84, 92, 29, 19, 51, 55, 81, 89, 25, 72, 94, 2, 0, 62]|[2, 1, 2, 1, 1, 2, 1, 1, 1, 1, 1, 0, 2, 2, 1, 2, 0, 0, 0, 2, 2, 1, 0, 2, 0, 2, 2, 1, 0, 1, 1, 1, 0, 0, 1, 0, 2, 1, 2, 2, 0, 0, 1, 1, 0, 2, 0, 2, 1, 0, 0, 2, 0, 0, 2, 0, 1, 1, 0, 0, 2, 1, 1, 2, 2, 0, 2, 2, 2, 1, 2, 1, 1, 2, 0, 1, 1, 2, 1, 2, 0, 1, 1, 0, 1, 0, 0, 0, 1, 1, 1, 0, 1, 1, 1, 1, 2, 2, 0, 1]|[0, 3, 0, 3, 4, 1, 4, 4, 2, 4, 3, 2, 1, 0, 2, 1, 1, 1, 2, 1, 1, 3, 0, 1, 0, 1, 1, 4, 1, 4, 3, 2, 2, 0, 4, 1, 1, 4, 1, 1, 2, 1, 4, 4, 1, 1, 0, 2, 3, 2, 2, 1, 2, 1, 1, 2, 4, 3, 0, 2, 2, 3, 3, 1, 1, 2, 1, 1, 1, 4, 1, 3, 4, 1, 2, 4, 3, 1, 3, 1, 2, 4, 4, 2, 3, 2, 2, 2, 3, 4, 3, 2, 4, 4, 4, 4, 1, 1, 2, 3]|[0, 2, 0, 0, 3, 0, 1, 3, 0, 0, 2, 0, 1, 0, 1, 0, 0, 0, 1, 0, 0, 2, 0, 0, 1, 0, 0, 3, 0, 1, 0, 2, 0, 0, 3, 0, 1, 1, 0, 0, 0, 0, 1, 3, 0, 0, 1, 0, 2, 0, 0, 0, 0, 0, 1, 0, 1, 0, 1, 1, 0, 2, 0, 0, 0, 0, 0, 0, 0, 2, 0, 0, 1, 0, 0, 1, 0, 0, 3, 0, 0, 1, 2, 0, 0, 0, 0, 0, 3, 1, 0, 0, 2, 1, 3, 1, 0, 0, 0, 0],908.8272556494078,49235.066718390466,107289.32240407266,false
39,G3_TWC,G4_BALANCED,[31, 22, 82, 15, 26, 99, 95, 42, 77, 12, 47, 5, 93, 78, 86, 54, 21, 63, 18, 44, 20, 23, 43, 97, 91, 76, 10, 30, 85, 45, 71, 64, 1, 35, 17, 83, 24, 14, 60, 36, 6, 57, 40, 88, 65, 56, 79, 94, 67, 68, 46, 75, 38, 9, 19, 32, 41, 81, 27, 87, 62, 90, 58, 59, 16, 72, 73, 70, 39, 37, 84, 3, 92, 25, 55, 48, 11, 29, 51, 96, 33, 61, 98, 66, 89, 50, 4, 7, 53, 80, 8, 28, 34, 49, 52, 0, 74, 69, 2, 13]|[2, 1, 0, 1, 1, 0, 1, 1, 2, 1, 2, 2, 2, 1, 1, 0, 0, 1, 0, 2, 2, 0, 1, 2, 0, 1, 2, 2, 0, 0, 1, 2, 1, 2, 1, 0, 2, 0, 1, 1, 0, 1, 1, 1, 0, 2, 1, 1, 0, 0, 0, 0, 1, 1, 2, 1, 0, 2, 0, 2, 0, 1, 0, 1, 1, 2, 1, 1, 1, 1, 1, 1, 0, 1, 2, 0, 2, 0, 0, 2, 2, 1, 2, 2, 1, 0, 1, 2, 0, 0, 1, 0, 2, 0, 1, 0, 2, 1, 0, 0]|[1, 3, 2, 2, 4, 1, 2, 3, 2, 4, 1, 1, 2, 4, 4, 1, 1, 4, 2, 1, 1, 1, 1, 2, 1, 2, 1, 1, 2, 1, 3, 2, 3, 0, 4, 0, 1, 1, 0, 3, 2, 2, 2, 0, 1, 1, 0, 4, 0, 1, 2, 2, 1, 4, 0, 3, 1, 2, 1, 1, 2, 3, 1, 1, 3, 0, 4, 3, 1, 4, 1, 1, 0, 4, 1, 1, 1, 1, 1, 1, 1, 3, 1, 1, 1, 1, 4, 1, 2, 1, 3, 2, 1, 1, 1, 2, 1, 4, 2, 2]|[0, 2, 1, 1, 3, 0, 1, 3, 0, 0, 0, 0, 1, 0, 1, 0, 0, 3, 1, 0, 0, 0, 3, 1, 0, 2, 0, 0, 0, 1, 0, 0, 0, 0, 3, 0, 1, 0, 0, 2, 1, 1, 1, 0, 0, 0, 0, 2, 1, 0, 0, 0, 1, 3, 0, 0, 0, 1, 0, 0, 1, 2, 0, 1, 2, 1, 0, 0, 1, 1, 3, 1, 1, 3, 0, 0, 0, 0, 0, 0, 0, 0, 0, 0, 1, 0, 0, 0, 1, 0, 2, 1, 0, 1, 1, 0, 0, 2, 0, 0],746.998318561944,56705.00401616378,91603.00561069252,true
39,G1_CMAX,G1_CMAX,[31, 22, 82, 15, 26, 99, 95, 42, 77, 12, 47, 5, 93, 78, 86, 54, 21, 63, 18, 44, 20, 35, 43, 97, 91, 76, 10, 30, 85, 45, 71, 64, 1, 23, 57, 83, 24, 14, 60, 36, 81, 17, 40, 88, 65, 56, 79, 94, 67, 68, 46, 75, 38, 9, 19, 32, 41, 6, 27, 87, 90, 58, 59, 11, 16, 72, 73, 70, 39, 37, 84, 3, 92, 25, 55, 28, 62, 29, 51, 7, 33, 61, 98, 48, 89, 50, 4, 96, 53, 80, 66, 8, 34, 49, 52, 0, 13, 2, 69, 74]|[1, 1, 0, 1, 1, 0, 1, 1, 2, 1, 2, 2, 2, 1, 1, 0, 0, 1, 0, 2, 2, 0, 1, 2, 0, 1, 2, 2, 0, 0, 1, 2, 1, 2, 1, 0, 2, 0, 1, 1, 0, 1, 1, 1, 0, 2, 1, 1, 0, 0, 0, 0, 1, 1, 2, 1, 2, 2, 0, 2, 1, 0, 1, 2, 1, 2, 1, 1, 1, 1, 1, 1, 0, 1, 2, 2, 0, 0, 2, 2, 2, 1, 2, 0, 1, 0, 1, 2, 0, 0, 2, 1, 2, 0, 1, 0, 0, 0, 1, 2]|[0, 3, 2, 2, 4, 1, 2, 3, 2, 4, 1, 1, 2, 4, 4, 1, 1, 4, 2, 1, 1, 1, 1, 2, 1, 2, 1, 1, 2, 1, 3, 2, 3, 0, 4, 0, 1, 1, 0, 3, 2, 2, 2, 0, 1, 1, 0, 4, 0, 1, 2, 2, 1, 4, 0, 3, 2, 2, 1, 1, 3, 1, 1, 1, 3, 0, 4, 3, 1, 4, 1, 1, 0, 4, 1, 1, 2, 1, 2, 1, 1, 3, 1, 1, 1, 1, 4, 1, 2, 1, 1, 3, 1, 1, 1, 2, 2, 2, 4, 1]|[0, 2, 1, 1, 3, 0, 1, 3, 0, 0, 0, 0, 1, 0, 1, 0, 0, 3, 1, 0, 0, 0, 3, 1, 0, 2, 0, 0, 0, 1, 0, 0, 0, 0, 3, 0, 1, 0, 0, 2, 1, 1, 1, 0, 0, 0, 0, 2, 1, 0, 0, 0, 1, 3, 0, 0, 1, 1, 0, 0, 2, 0, 1, 0, 2, 1, 0, 0, 1, 1, 3, 1, 1, 3, 0, 0, 1, 0, 1, 0, 0, 0, 0, 0, 1, 0, 0, 0, 1, 0, 0, 2, 0, 1, 1, 0, 0, 0, 2, 0],714.4485115867469,58161.785232764836,94013.66617097157,false
39,G4_BALANCED,G1_CMAX,[22, 82, 3, 58, 95, 42, 77, 47, 5, 93, 78, 12, 86, 54, 50, 63, 18, 44, 20, 35, 43, 97, 91, 76, 10, 30, 21, 45, 71, 64, 36, 23, 17, 83, 24, 14, 60, 1, 6, 40, 57, 90, 65, 56, 79, 94, 67, 68, 46, 75, 38, 9, 19, 32, 81, 41, 27, 62, 16, 55, 59, 89, 88, 87, 31, 72, 73, 70, 39, 37, 84, 92, 25, 11, 48, 15, 29, 51, 7, 33, 61, 98, 28, 99, 26, 85, 66, 96, 53, 80, 4, 8, 34, 49, 52, 2, 13, 0, 69, 74]|[1, 0, 1, 0, 1, 2, 2, 2, 2, 2, 1, 1, 1, 0, 0, 1, 0, 2, 2, 0, 1, 2, 0, 1, 2, 2, 0, 0, 1, 2, 1, 2, 1, 0, 2, 0, 1, 1, 0, 1, 1, 1, 0, 2, 1, 1, 0, 0, 0, 0, 1, 1, 2, 1, 2, 0, 0, 0, 1, 2, 1, 1, 1, 1, 1, 2, 1, 2, 1, 1, 1, 0, 1, 2, 2, 1, 0, 0, 1, 2, 1, 2, 0, 1, 1, 0, 0, 2, 0, 0, 1, 1, 2, 0, 1, 0, 0, 0, 1, 2]|[3, 2, 1, 1, 2, 1, 2, 1, 1, 2, 4, 4, 4, 1, 1, 4, 2, 1, 1, 1, 1, 2, 1, 2, 1, 1, 2, 1, 3, 2, 3, 1, 4, 1, 1, 1, 0, 3, 2, 2, 2, 3, 1, 1, 0, 4, 0, 1, 2, 2, 1, 4, 0, 3, 2, 1, 1, 2, 3, 1, 1, 1, 0, 3, 0, 0, 3, 0, 1, 4, 1, 0, 4, 1, 1, 4, 1, 1, 1, 1, 3, 1, 2, 1, 0, 2, 1, 1, 2, 1, 4, 3, 1, 1, 1, 2, 2, 2, 4, 1]|[3, 1, 2, 0, 1, 0, 0, 0, 0, 1, 0, 0, 1, 0, 0, 3, 1, 0, 0, 0, 3, 1, 0, 2, 0, 0, 0, 1, 0, 0, 2, 0, 3, 0, 1, 0, 0, 0, 1, 1, 1, 2, 0, 0, 0, 2, 1, 0, 0, 0, 1, 3, 0, 0, 1, 0, 0, 1, 2, 0, 1, 1, 0, 2, 0, 1, 0, 1, 1, 1, 1, 1, 3, 0, 0, 3, 0, 0, 2, 0, 0, 0, 1, 1, 3, 0, 0, 0, 1, 0, 0, 2, 0, 1, 1, 0, 0, 0, 2, 0],715.7913946700162,58060.95961022334,95287.06515100288,true
39,G2_TEC,G2_TEC,[31, 22, 82, 15, 26, 9, 95, 42, 77, 68, 47, 5, 93, 78, 86, 54, 85, 63, 18, 44, 20, 49, 36, 14, 74, 50, 53, 17, 21, 28, 11, 64, 3, 23, 30, 83, 24, 41, 40, 52, 65, 27, 90, 70, 39, 87, 48, 69, 99, 4, 75, 1, 13, 58, 97, 59, 45, 8, 73, 37, 35, 79, 71, 66, 76, 32, 60, 80, 56, 6, 67, 61, 33, 7, 57, 34, 12, 16, 10, 98, 96, 88, 43, 46, 91, 38, 84, 92, 29, 19, 51, 55, 81, 89, 25, 72, 94, 2, 0, 62]|[2, 1, 2, 1, 1, 2, 1, 1, 1, 1, 1, 0, 2, 2, 1, 2, 0, 0, 0, 2, 2, 1, 0, 2, 0, 2, 2, 1, 0, 1, 1, 1, 0, 0, 1, 0, 2, 1, 2, 2, 0, 0, 1, 1, 0, 2, 0, 2, 1, 0, 0, 2, 0, 0, 2, 0, 1, 1, 0, 0, 2, 1, 1, 2, 2, 0, 2, 2, 2, 1, 2, 1, 1, 2, 0, 1, 1, 2, 1, 2, 0, 1, 1, 0, 1, 0, 0, 0, 1, 1, 1, 0, 1, 1, 1, 1, 2, 2, 0, 1]|[0, 3, 0, 3, 4, 1, 4, 4, 2, 4, 3, 2, 1, 0, 2, 1, 1, 1, 2, 1, 1, 3, 0, 1, 0, 1, 1, 4, 1, 4, 3, 2, 2, 0, 4, 1, 1, 4, 1, 1, 2, 1, 4, 4, 1, 1, 0, 2, 3, 2, 2, 1, 2, 1, 1, 2, 4, 3, 0, 2, 2, 3, 3, 1, 1, 2, 1, 1, 1, 4, 1, 3, 4, 1, 2, 4, 3, 1, 3, 1, 2, 4, 4, 2, 3, 2, 2, 2, 3, 4, 3, 2, 4, 4, 4, 4, 1, 1, 2, 3]|[0, 2, 0, 0, 3, 0, 1, 3, 0, 0, 2, 0, 1, 0, 1, 0, 0, 0, 1, 0, 0, 2, 0, 0, 1, 0, 0, 3, 0, 1, 0, 2, 0, 0, 3, 0, 1, 1, 0, 0, 0, 0, 1, 3, 0, 0, 1, 0, 2, 0, 0, 0, 0, 0, 1, 0, 1, 0, 1, 1, 0, 2, 0, 0, 0, 0, 0, 0, 0, 2, 0, 0, 1, 0, 0, 1, 0, 0, 3, 0, 0, 1, 2, 0, 0, 0, 0, 0, 3, 1, 0, 0, 2, 1, 3, 1, 0, 0, 0, 0],908.8272556494078,49235.066718390466,107289.32240407266,false
39,G3_TWC,G4_BALANCED,[31, 22, 82, 15, 26, 99, 95, 42, 77, 12, 47, 5, 93, 78, 86, 54, 21, 63, 18, 44, 20, 23, 43, 97, 91, 76, 10, 30, 85, 45, 71, 64, 1, 35, 17, 83, 24, 14, 60, 36, 6, 57, 40, 88, 65, 56, 79, 94, 67, 68, 46, 75, 38, 9, 19, 32, 41, 81, 27, 87, 62, 90, 58, 59, 16, 72, 73, 70, 39, 37, 84, 3, 92, 25, 55, 48, 11, 29, 51, 96, 33, 61, 98, 66, 89, 50, 4, 7, 53, 80, 8, 28, 34, 49, 52, 0, 74, 69, 2, 13]|[2, 1, 0, 1, 1, 0, 1, 1, 2, 1, 2, 2, 2, 1, 1, 0, 0, 1, 0, 2, 2, 0, 1, 2, 0, 1, 2, 2, 0, 0, 1, 2, 1, 2, 1, 0, 2, 0, 1, 1, 0, 1, 1, 1, 0, 2, 1, 1, 0, 0, 0, 0, 1, 1, 2, 1, 0, 2, 0, 2, 0, 1, 0, 1, 1, 2, 1, 1, 1, 1, 1, 1, 0, 1, 2, 0, 2, 0, 0, 2, 2, 1, 2, 2, 1, 0, 1, 2, 0, 0, 1, 0, 2, 0, 1, 0, 2, 1, 0, 0]|[1, 3, 2, 2, 4, 1, 2, 3, 2, 4, 1, 1, 2, 4, 4, 1, 1, 4, 2, 1, 1, 1, 1, 2, 1, 2, 1, 1, 2, 1, 3, 2, 3, 0, 4, 0, 1, 1, 0, 3, 2, 2, 2, 0, 1, 1, 0, 4, 0, 1, 2, 2, 1, 4, 0, 3, 1, 2, 1, 1, 2, 3, 1, 1, 3, 0, 4, 3, 1, 4, 1, 1, 0, 4, 1, 1, 1, 1, 1, 1, 1, 3, 1, 1, 1, 1, 4, 1, 2, 1, 3, 2, 1, 1, 1, 2, 1, 4, 2, 2]|[0, 2, 1, 1, 3, 0, 1, 3, 0, 0, 0, 0, 1, 0, 1, 0, 0, 3, 1, 0, 0, 0, 3, 1, 0, 2, 0, 0, 0, 1, 0, 0, 0, 0, 3, 0, 1, 0, 0, 2, 1, 1, 1, 0, 0, 0, 0, 2, 1, 0, 0, 0, 1, 3, 0, 0, 0, 1, 0, 0, 1, 2, 0, 1, 2, 1, 0, 0, 1, 1, 3, 1, 1, 3, 0, 0, 0, 0, 0, 0, 0, 0, 0, 0, 1, 0, 0, 0, 1, 0, 2, 1, 0, 1, 1, 0, 0, 2, 0, 0],746.998318561944,56705.00401616378,91603.00561069252,true
39,G1_CMAX,G1_CMAX,[31, 22, 82, 15, 26, 99, 95, 42, 77, 12, 47, 5, 93, 78, 86, 54, 21, 63, 18, 44, 20, 35, 43, 97, 91, 76, 10, 30, 85, 45, 71, 64, 1, 23, 57, 83, 24, 14, 60, 36, 81, 17, 40, 88, 65, 56, 79, 94, 67, 68, 46, 75, 38, 9, 19, 32, 41, 6, 27, 87, 90, 58, 59, 11, 16, 72, 73, 70, 39, 37, 84, 3, 92, 25, 55, 28, 62, 29, 51, 7, 33, 61, 98, 48, 89, 50, 4, 96, 53, 80, 66, 8, 34, 49, 52, 0, 13, 2, 69, 74]|[1, 1, 0, 1, 1, 0, 1, 1, 2, 1, 2, 2, 2, 1, 1, 0, 0, 1, 0, 2, 2, 0, 1, 2, 0, 1, 2, 2, 0, 0, 1, 2, 1, 2, 1, 0, 2, 0, 1, 1, 0, 1, 1, 1, 0, 2, 1, 1, 0, 0, 0, 0, 1, 1, 2, 1, 2, 2, 0, 2, 1, 0, 1, 2, 1, 2, 1, 1, 1, 1, 1, 1, 0, 1, 2, 2, 0, 0, 2, 2, 2, 1, 2, 0, 1, 0, 1, 2, 0, 0, 2, 1, 2, 0, 1, 0, 0, 0, 1, 2]|[0, 3, 2, 2, 4, 1, 2, 3, 2, 4, 1, 1, 2, 4, 4, 1, 1, 4, 2, 1, 1, 1, 1, 2, 1, 2, 1, 1, 2, 1, 3, 2, 3, 0, 4, 0, 1, 1, 0, 3, 2, 2, 2, 0, 1, 1, 0, 4, 0, 1, 2, 2, 1, 4, 0, 3, 2, 2, 1, 1, 3, 1, 1, 1, 3, 0, 4, 3, 1, 4, 1, 1, 0, 4, 1, 1, 2, 1, 2, 1, 1, 3, 1, 1, 1, 1, 4, 1, 2, 1, 1, 3, 1, 1, 1, 2, 2, 2, 4, 1]|[0, 2, 1, 1, 3, 0, 1, 3, 0, 0, 0, 0, 1, 0, 1, 0, 0, 3, 1, 0, 0, 0, 3, 1, 0, 2, 0, 0, 0, 1, 0, 0, 0, 0, 3, 0, 1, 0, 0, 2, 1, 1, 1, 0, 0, 0, 0, 2, 1, 0, 0, 0, 1, 3, 0, 0, 1, 1, 0, 0, 2, 0, 1, 0, 2, 1, 0, 0, 1, 1, 3, 1, 1, 3, 0, 0, 1, 0, 1, 0, 0, 0, 0, 0, 1, 0, 0, 0, 1, 0, 0, 2, 0, 1, 1, 0, 0, 0, 2, 0],714.4485115867469,58161.785232764836,94013.66617097157,false
39,G4_BALANCED,G1_CMAX,[22, 82, 3, 58, 95, 42, 77, 47, 5, 93, 78, 12, 86, 54, 50, 63, 18, 44, 20, 35, 43, 97, 91, 76, 10, 30, 21, 45, 71, 64, 36, 23, 17, 83, 24, 14, 60, 1, 6, 40, 57, 90, 65, 56, 79, 94, 67, 68, 46, 75, 38, 9, 19, 32, 81, 41, 27, 62, 16, 55, 59, 89, 88, 87, 31, 72, 73, 70, 39, 37, 84, 92, 25, 11, 48, 15, 29, 51, 7, 33, 61, 98, 28, 99, 26, 85, 66, 96, 53, 80, 4, 8, 34, 49, 52, 2, 13, 0, 69, 74]|[1, 0, 1, 0, 1, 2, 2, 2, 2, 2, 1, 1, 1, 0, 0, 1, 0, 2, 2, 0, 1, 2, 0, 1, 2, 2, 0, 0, 1, 2, 1, 2, 1, 0, 2, 0, 1, 1, 0, 1, 1, 1, 0, 2, 1, 1, 0, 0, 0, 0, 1, 1, 2, 1, 2, 0, 0, 0, 1, 2, 1, 1, 1, 1, 1, 2, 1, 2, 1, 1, 1, 0, 1, 2, 2, 1, 0, 0, 1, 2, 1, 2, 0, 1, 1, 0, 0, 2, 0, 0, 1, 1, 2, 0, 1, 0, 0, 0, 1, 2]|[3, 2, 1, 1, 2, 1, 2, 1, 1, 2, 4, 4, 4, 1, 1, 4, 2, 1, 1, 1, 1, 2, 1, 2, 1, 1, 2, 1, 3, 2, 3, 1, 4, 1, 1, 1, 0, 3, 2, 2, 2, 3, 1, 1, 0, 4, 0, 1, 2, 2, 1, 4, 0, 3, 2, 1, 1, 2, 3, 1, 1, 1, 0, 3, 0, 0, 3, 0, 1, 4, 1, 0, 4, 1, 1, 4, 1, 1, 1, 1, 3, 1, 2, 1, 0, 2, 1, 1, 2, 1, 4, 3, 1, 1, 1, 2, 2, 2, 4, 1]|[3, 1, 2, 0, 1, 0, 0, 0, 0, 1, 0, 0, 1, 0, 0, 3, 1, 0, 0, 0, 3, 1, 0, 2, 0, 0, 0, 1, 0, 0, 2, 0, 3, 0, 1, 0, 0, 0, 1, 1, 1, 2, 0, 0, 0, 2, 1, 0, 0, 0, 1, 3, 0, 0, 1, 0, 0, 1, 2, 0, 1, 1, 0, 2, 0, 1, 0, 1, 1, 1, 1, 1, 3, 0, 0, 3, 0, 0, 2, 0, 0, 0, 1, 1, 3, 0, 0, 0, 1, 0, 0, 2, 0, 1, 1, 0, 0, 0, 2, 0],715.7913946700162,58060.95961022334,95287.06515100288,true
39,G2_TEC,G2_TEC,[31, 22, 82, 15, 26, 9, 95, 42, 77, 68, 47, 5, 93, 78, 86, 54, 85, 63, 18, 44, 20, 49, 36, 14, 74, 50, 53, 17, 21, 28, 11, 64, 3, 23, 30, 83, 24, 41, 40, 52, 65, 27, 90, 70, 39, 87, 48, 69, 99, 4, 75, 1, 13, 58, 97, 59, 45, 8, 73, 37, 35, 79, 71, 66, 76, 32, 60, 80, 56, 6, 67, 61, 33, 7, 57, 34, 12, 16, 10, 98, 96, 88, 43, 46, 91, 38, 84, 92, 29, 19, 51, 55, 81, 89, 25, 72, 94, 2, 0, 62]|[2, 1, 2, 1, 1, 2, 1, 1, 1, 1, 1, 0, 2, 2, 1, 2, 0, 0, 0, 2, 2, 1, 0, 2, 0, 2, 2, 1, 0, 1, 1, 1, 0, 0, 1, 0, 2, 1, 2, 2, 0, 0, 1, 1, 0, 2, 0, 2, 1, 0, 0, 2, 0, 0, 2, 0, 1, 1, 0, 0, 2, 1, 1, 2, 2, 0, 2, 2, 2, 1, 2, 1, 1, 2, 0, 1, 1, 2, 1, 2, 0, 1, 1, 0, 1, 0, 0, 0, 1, 1, 1, 0, 1, 1, 1, 1, 2, 2, 0, 1]|[0, 3, 0, 3, 4, 1, 4, 4, 2, 4, 3, 2, 1, 0, 2, 1, 1, 1, 2, 1, 1, 3, 0, 1, 0, 1, 1, 4, 1, 4, 3, 2, 2, 0, 4, 1, 1, 4, 1, 1, 2, 1, 4, 4, 1, 1, 0, 2, 3, 2, 2, 1, 2, 1, 1, 2, 4, 3, 0, 2, 2, 3, 3, 1, 1, 2, 1, 1, 1, 4, 1, 3, 4, 1, 2, 4, 3, 1, 3, 1, 2, 4, 4, 2, 3, 2, 2, 2, 3, 4, 3, 2, 4, 4, 4, 4, 1, 1, 2, 3]|[0, 2, 0, 0, 3, 0, 1, 3, 0, 0, 2, 0, 1, 0, 1, 0, 0, 0, 1, 0, 0, 2, 0, 0, 1, 0, 0, 3, 0, 1, 0, 2, 0, 0, 3, 0, 1, 1, 0, 0, 0, 0, 1, 3, 0, 0, 1, 0, 2, 0, 0, 0, 0, 0, 1, 0, 1, 0, 1, 1, 0, 2, 0, 0, 0, 0, 0, 0, 0, 2, 0, 0, 1, 0, 0, 1, 0, 0, 3, 0, 0, 1, 2, 0, 0, 0, 0, 0, 3, 1, 0, 0, 2, 1, 3, 1, 0, 0, 0, 0],908.8272556494078,49235.066718390466,107289.32240407266,false
39,G3_TWC,G4_BALANCED,[31, 22, 82, 15, 26, 99, 95, 42, 77, 12, 47, 5, 93, 78, 86, 54, 21, 63, 18, 44, 20, 23, 43, 97, 91, 76, 10, 30, 85, 45, 71, 64, 1, 35, 17, 83, 24, 14, 60, 36, 6, 57, 40, 88, 65, 56, 79, 94, 67, 68, 46, 75, 38, 9, 19, 32, 41, 81, 27, 87, 62, 90, 58, 59, 16, 72, 73, 70, 39, 37, 84, 3, 92, 25, 55, 48, 11, 29, 51, 96, 33, 61, 98, 66, 89, 50, 4, 7, 53, 80, 8, 28, 34, 49, 52, 0, 74, 69, 2, 13]|[2, 1, 0, 1, 1, 0, 1, 1, 2, 1, 2, 2, 2, 1, 1, 0, 0, 1, 0, 2, 2, 0, 1, 2, 0, 1, 2, 2, 0, 0, 1, 2, 1, 2, 1, 0, 2, 0, 1, 1, 0, 1, 1, 1, 0, 2, 1, 1, 0, 0, 0, 0, 1, 1, 2, 1, 0, 2, 0, 2, 0, 1, 0, 1, 1, 2, 1, 1, 1, 1, 1, 1, 0, 1, 2, 0, 2, 0, 0, 2, 2, 1, 2, 2, 1, 0, 1, 2, 0, 0, 1, 0, 2, 0, 1, 0, 2, 1, 0, 0]|[1, 3, 2, 2, 4, 1, 2, 3, 2, 4, 1, 1, 2, 4, 4, 1, 1, 4, 2, 1, 1, 1, 1, 2, 1, 2, 1, 1, 2, 1, 3, 2, 3, 0, 4, 0, 1, 1, 0, 3, 2, 2, 2, 0, 1, 1, 0, 4, 0, 1, 2, 2, 1, 4, 0, 3, 1, 2, 1, 1, 2, 3, 1, 1, 3, 0, 4, 3, 1, 4, 1, 1, 0, 4, 1, 1, 1, 1, 1, 1, 1, 3, 1, 1, 1, 1, 4, 1, 2, 1, 3, 2, 1, 1, 1, 2, 1, 4, 2, 2]|[0, 2, 1, 1, 3, 0, 1, 3, 0, 0, 0, 0, 1, 0, 1, 0, 0, 3, 1, 0, 0, 0, 3, 1, 0, 2, 0, 0, 0, 1, 0, 0, 0, 0, 3, 0, 1, 0, 0, 2, 1, 1, 1, 0, 0, 0, 0, 2, 1, 0, 0, 0, 1, 3, 0, 0, 0, 1, 0, 0, 1, 2, 0, 1, 2, 1, 0, 0, 1, 1, 3, 1, 1, 3, 0, 0, 0, 0, 0, 0, 0, 0, 0, 0, 1, 0, 0, 0, 1, 0, 2, 1, 0, 1, 1, 0, 0, 2, 0, 0],746.998318561944,56705.00401616378,91603.00561069252,true
39,G1_CMAX,G1_CMAX,[31, 22, 82, 15, 26, 99, 95, 42, 77, 12, 47, 5, 93, 78, 86, 54, 21, 63, 18, 44, 20, 35, 43, 97, 91, 76, 10, 30, 85, 45, 71, 64, 1, 23, 57, 83, 24, 14, 60, 36, 81, 17, 40, 88, 65, 56, 79, 94, 67, 68, 46, 75, 38, 9, 19, 32, 41, 6, 27, 87, 90, 58, 59, 11, 16, 72, 73, 70, 39, 37, 84, 3, 92, 25, 55, 28, 62, 29, 51, 7, 33, 61, 98, 48, 89, 50, 4, 96, 53, 80, 66, 8, 34, 49, 52, 0, 13, 2, 69, 74]|[1, 1, 0, 1, 1, 0, 1, 1, 2, 1, 2, 2, 2, 1, 1, 0, 0, 1, 0, 2, 2, 0, 1, 2, 0, 1, 2, 2, 0, 0, 1, 2, 1, 2, 1, 0, 2, 0, 1, 1, 0, 1, 1, 1, 0, 2, 1, 1, 0, 0, 0, 0, 1, 1, 2, 1, 2, 2, 0, 2, 1, 0, 1, 2, 1, 2, 1, 1, 1, 1, 1, 1, 0, 1, 2, 2, 0, 0, 2, 2, 2, 1, 2, 0, 1, 0, 1, 2, 0, 0, 2, 1, 2, 0, 1, 0, 0, 0, 1, 2]|[0, 3, 2, 2, 4, 1, 2, 3, 2, 4, 1, 1, 2, 4, 4, 1, 1, 4, 2, 1, 1, 1, 1, 2, 1, 2, 1, 1, 2, 1, 3, 2, 3, 0, 4, 0, 1, 1, 0, 3, 2, 2, 2, 0, 1, 1, 0, 4, 0, 1, 2, 2, 1, 4, 0, 3, 2, 2, 1, 1, 3, 1, 1, 1, 3, 0, 4, 3, 1, 4, 1, 1, 0, 4, 1, 1, 2, 1, 2, 1, 1, 3, 1, 1, 1, 1, 4, 1, 2, 1, 1, 3, 1, 1, 1, 2, 2, 2, 4, 1]|[0, 2, 1, 1, 3, 0, 1, 3, 0, 0, 0, 0, 1, 0, 1, 0, 0, 3, 1, 0, 0, 0, 3, 1, 0, 2, 0, 0, 0, 1, 0, 0, 0, 0, 3, 0, 1, 0, 0, 2, 1, 1, 1, 0, 0, 0, 0, 2, 1, 0, 0, 0, 1, 3, 0, 0, 1, 1, 0, 0, 2, 0, 1, 0, 2, 1, 0, 0, 1, 1, 3, 1, 1, 3, 0, 0, 1, 0, 1, 0, 0, 0, 0, 0, 1, 0, 0, 0, 1, 0, 0, 2, 0, 1, 1, 0, 0, 0, 2, 0],714.4485115867469,58161.785232764836,94013.66617097157,false
39,G4_BALANCED,G1_CMAX,[22, 82, 3, 58, 95, 42, 77, 47, 5, 93, 78, 12, 86, 54, 50, 63, 18, 44, 20, 35, 43, 97, 91, 76, 10, 30, 21, 45, 71, 64, 36, 23, 17, 83, 24, 14, 60, 1, 6, 40, 57, 90, 65, 56, 79, 94, 67, 68, 46, 75, 38, 9, 19, 32, 81, 41, 27, 62, 16, 55, 59, 89, 88, 87, 31, 72, 73, 70, 39, 37, 84, 92, 25, 11, 48, 15, 29, 51, 7, 33, 61, 98, 28, 99, 26, 85, 66, 96, 53, 80, 4, 8, 34, 49, 52, 2, 13, 0, 69, 74]|[1, 0, 1, 0, 1, 2, 2, 2, 2, 2, 1, 1, 1, 0, 0, 1, 0, 2, 2, 0, 1, 2, 0, 1, 2, 2, 0, 0, 1, 2, 1, 2, 1, 0, 2, 0, 1, 1, 0, 1, 1, 1, 0, 2, 1, 1, 0, 0, 0, 0, 1, 1, 2, 1, 2, 0, 0, 0, 1, 2, 1, 1, 1, 1, 1, 2, 1, 2, 1, 1, 1, 0, 1, 2, 2, 1, 0, 0, 1, 2, 1, 2, 0, 1, 1, 0, 0, 2, 0, 0, 1, 1, 2, 0, 1, 0, 0, 0, 1, 2]|[3, 2, 1, 1, 2, 1, 2, 1, 1, 2, 4, 4, 4, 1, 1, 4, 2, 1, 1, 1, 1, 2, 1, 2, 1, 1, 2, 1, 3, 2, 3, 1, 4, 1, 1, 1, 0, 3, 2, 2, 2, 3, 1, 1, 0, 4, 0, 1, 2, 2, 1, 4, 0, 3, 2, 1, 1, 2, 3, 1, 1, 1, 0, 3, 0, 0, 3, 0, 1, 4, 1, 0, 4, 1, 1, 4, 1, 1, 1, 1, 3, 1, 2, 1, 0, 2, 1, 1, 2, 1, 4, 3, 1, 1, 1, 2, 2, 2, 4, 1]|[3, 1, 2, 0, 1, 0, 0, 0, 0, 1, 0, 0, 1, 0, 0, 3, 1, 0, 0, 0, 3, 1, 0, 2, 0, 0, 0, 1, 0, 0, 2, 0, 3, 0, 1, 0, 0, 0, 1, 1, 1, 2, 0, 0, 0, 2, 1, 0, 0, 0, 1, 3, 0, 0, 1, 0, 0, 1, 2, 0, 1, 1, 0, 2, 0, 1, 0, 1, 1, 1, 1, 1, 3, 0, 0, 3, 0, 0, 2, 0, 0, 0, 1, 1, 3, 0, 0, 0, 1, 0, 0, 2, 0, 1, 1, 0, 0, 0, 2, 0],715.7913946700162,58060.95961022334,95287.06515100288,true
39,G2_TEC,G2_TEC,[31, 22, 82, 15, 26, 9, 95, 42, 77, 68, 47, 5, 93, 78, 86, 54, 85, 63, 18, 44, 20, 49, 36, 14, 74, 50, 53, 17, 21, 28, 11, 64, 3, 23, 30, 83, 24, 41, 40, 52, 65, 27, 90, 70, 39, 87, 48, 69, 99, 4, 75, 1, 13, 58, 97, 59, 45, 8, 73, 37, 35, 79, 71, 66, 76, 32, 60, 80, 56, 6, 67, 61, 33, 7, 57, 34, 12, 16, 10, 98, 96, 88, 43, 46, 91, 38, 84, 92, 29, 19, 51, 55, 81, 89, 25, 72, 94, 2, 0, 62]|[2, 1, 2, 1, 1, 2, 1, 1, 1, 1, 1, 0, 2, 2, 1, 2, 0, 0, 0, 2, 2, 1, 0, 2, 0, 2, 2, 1, 0, 1, 1, 1, 0, 0, 1, 0, 2, 1, 2, 2, 0, 0, 1, 1, 0, 2, 0, 2, 1, 0, 0, 2, 0, 0, 2, 0, 1, 1, 0, 0, 2, 1, 1, 2, 2, 0, 2, 2, 2, 1, 2, 1, 1, 2, 0, 1, 1, 2, 1, 2, 0, 1, 1, 0, 1, 0, 0, 0, 1, 1, 1, 0, 1, 1, 1, 1, 2, 2, 0, 1]|[0, 3, 0, 3, 4, 1, 4, 4, 2, 4, 3, 2, 1, 0, 2, 1, 1, 1, 2, 1, 1, 3, 0, 1, 0, 1, 1, 4, 1, 4, 3, 2, 2, 0, 4, 1, 1, 4, 1, 1, 2, 1, 4, 4, 1, 1, 0, 2, 3, 2, 2, 1, 2, 1, 1, 2, 4, 3, 0, 2, 2, 3, 3, 1, 1, 2, 1, 1, 1, 4, 1, 3, 4, 1, 2, 4, 3, 1, 3, 1, 2, 4, 4, 2, 3, 2, 2, 2, 3, 4, 3, 2, 4, 4, 4, 4, 1, 1, 2, 3]|[0, 2, 0, 0, 3, 0, 1, 3, 0, 0, 2, 0, 1, 0, 1, 0, 0, 0, 1, 0, 0, 2, 0, 0, 1, 0, 0, 3, 0, 1, 0, 2, 0, 0, 3, 0, 1, 1, 0, 0, 0, 0, 1, 3, 0, 0, 1, 0, 2, 0, 0, 0, 0, 0, 1, 0, 1, 0, 1, 1, 0, 2, 0, 0, 0, 0, 0, 0, 0, 2, 0, 0, 1, 0, 0, 1, 0, 0, 3, 0, 0, 1, 2, 0, 0, 0, 0, 0, 3, 1, 0, 0, 2, 1, 3, 1, 0, 0, 0, 0],908.8272556494078,49235.066718390466,107289.32240407266,false
39,G3_TWC,G4_BALANCED,[31, 22, 82, 15, 26, 99, 95, 42, 77, 12, 47, 5, 93, 78, 86, 54, 21, 63, 18, 44, 20, 23, 43, 97, 91, 76, 10, 30, 85, 45, 71, 64, 1, 35, 17, 83, 24, 14, 60, 36, 6, 57, 40, 88, 65, 56, 79, 94, 67, 68, 46, 75, 38, 9, 19, 32, 41, 81, 27, 87, 62, 90, 58, 59, 16, 72, 73, 70, 39, 37, 84, 3, 92, 25, 55, 48, 11, 29, 51, 96, 33, 61, 98, 66, 89, 50, 4, 7, 53, 80, 8, 28, 34, 49, 52, 0, 74, 69, 2, 13]|[2, 1, 0, 1, 1, 0, 1, 1, 2, 1, 2, 2, 2, 1, 1, 0, 0, 1, 0, 2, 2, 0, 1, 2, 0, 1, 2, 2, 0, 0, 1, 2, 1, 2, 1, 0, 2, 0, 1, 1, 0, 1, 1, 1, 0, 2, 1, 1, 0, 0, 0, 0, 1, 1, 2, 1, 0, 2, 0, 2, 0, 1, 0, 1, 1, 2, 1, 1, 1, 1, 1, 1, 0, 1, 2, 0, 2, 0, 0, 2, 2, 1, 2, 2, 1, 0, 1, 2, 0, 0, 1, 0, 2, 0, 1, 0, 2, 1, 0, 0]|[1, 3, 2, 2, 4, 1, 2, 3, 2, 4, 1, 1, 2, 4, 4, 1, 1, 4, 2, 1, 1, 1, 1, 2, 1, 2, 1, 1, 2, 1, 3, 2, 3, 0, 4, 0, 1, 1, 0, 3, 2, 2, 2, 0, 1, 1, 0, 4, 0, 1, 2, 2, 1, 4, 0, 3, 1, 2, 1, 1, 2, 3, 1, 1, 3, 0, 4, 3, 1, 4, 1, 1, 0, 4, 1, 1, 1, 1, 1, 1, 1, 3, 1, 1, 1, 1, 4, 1, 2, 1, 3, 2, 1, 1, 1, 2, 1, 4, 2, 2]|[0, 2, 1, 1, 3, 0, 1, 3, 0, 0, 0, 0, 1, 0, 1, 0, 0, 3, 1, 0, 0, 0, 3, 1, 0, 2, 0, 0, 0, 1, 0, 0, 0, 0, 3, 0, 1, 0, 0, 2, 1, 1, 1, 0, 0, 0, 0, 2, 1, 0, 0, 0, 1, 3, 0, 0, 0, 1, 0, 0, 1, 2, 0, 1, 2, 1, 0, 0, 1, 1, 3, 1, 1, 3, 0, 0, 0, 0, 0, 0, 0, 0, 0, 0, 1, 0, 0, 0, 1, 0, 2, 1, 0, 1, 1, 0, 0, 2, 0, 0],746.998318561944,56705.00401616378,91603.00561069252,true
39,G1_CMAX,G1_CMAX,[31, 22, 82, 15, 26, 99, 95, 42, 77, 12, 47, 5, 93, 78, 86, 54, 21, 63, 18, 44, 20, 35, 43, 97, 91, 76, 10, 30, 85, 45, 71, 64, 1, 23, 57, 83, 24, 14, 60, 36, 81, 17, 40, 88, 65, 56, 79, 94, 67, 68, 46, 75, 38, 9, 19, 32, 41, 6, 27, 87, 90, 58, 59, 11, 16, 72, 73, 70, 39, 37, 84, 3, 92, 25, 55, 28, 62, 29, 51, 7, 33, 61, 98, 48, 89, 50, 4, 96, 53, 80, 66, 8, 34, 49, 52, 0, 13, 2, 69, 74]|[1, 1, 0, 1, 1, 0, 1, 1, 2, 1, 2, 2, 2, 1, 1, 0, 0, 1, 0, 2, 2, 0, 1, 2, 0, 1, 2, 2, 0, 0, 1, 2, 1, 2, 1, 0, 2, 0, 1, 1, 0, 1, 1, 1, 0, 2, 1, 1, 0, 0, 0, 0, 1, 1, 2, 1, 2, 2, 0, 2, 1, 0, 1, 2, 1, 2, 1, 1, 1, 1, 1, 1, 0, 1, 2, 2, 0, 0, 2, 2, 2, 1, 2, 0, 1, 0, 1, 2, 0, 0, 2, 1, 2, 0, 1, 0, 0, 0, 1, 2]|[0, 3, 2, 2, 4, 1, 2, 3, 2, 4, 1, 1, 2, 4, 4, 1, 1, 4, 2, 1, 1, 1, 1, 2, 1, 2, 1, 1, 2, 1, 3, 2, 3, 0, 4, 0, 1, 1, 0, 3, 2, 2, 2, 0, 1, 1, 0, 4, 0, 1, 2, 2, 1, 4, 0, 3, 2, 2, 1, 1, 3, 1, 1, 1, 3, 0, 4, 3, 1, 4, 1, 1, 0, 4, 1, 1, 2, 1, 2, 1, 1, 3, 1, 1, 1, 1, 4, 1, 2, 1, 1, 3, 1, 1, 1, 2, 2, 2, 4, 1]|[0, 2, 1, 1, 3, 0, 1, 3, 0, 0, 0, 0, 1, 0, 1, 0, 0, 3, 1, 0, 0, 0, 3, 1, 0, 2, 0, 0, 0, 1, 0, 0, 0, 0, 3, 0, 1, 0, 0, 2, 1, 1, 1, 0, 0, 0, 0, 2, 1, 0, 0, 0, 1, 3, 0, 0, 1, 1, 0, 0, 2, 0, 1, 0, 2, 1, 0, 0, 1, 1, 3, 1, 1, 3, 0, 0, 1, 0, 1, 0, 0, 0, 0, 0, 1, 0, 0, 0, 1, 0, 0, 2, 0, 1, 1, 0, 0, 0, 2, 0],714.4485115867469,58161.785232764836,94013.66617097157,false
39,G4_BALANCED,G1_CMAX,[22, 82, 3, 58, 95, 42, 77, 47, 5, 93, 78, 12, 86, 54, 50, 63, 18, 44, 20, 35, 43, 97, 91, 76, 10, 30, 21, 45, 71, 64, 36, 23, 17, 83, 24, 14, 60, 1, 6, 40, 57, 90, 65, 56, 79, 94, 67, 68, 46, 75, 38, 9, 19, 32, 81, 41, 27, 62, 16, 55, 59, 89, 88, 87, 31, 72, 73, 70, 39, 37, 84, 92, 25, 11, 48, 15, 29, 51, 7, 33, 61, 98, 28, 99, 26, 85, 66, 96, 53, 80, 4, 8, 34, 49, 52, 2, 13, 0, 69, 74]|[1, 0, 1, 0, 1, 2, 2, 2, 2, 2, 1, 1, 1, 0, 0, 1, 0, 2, 2, 0, 1, 2, 0, 1, 2, 2, 0, 0, 1, 2, 1, 2, 1, 0, 2, 0, 1, 1, 0, 1, 1, 1, 0, 2, 1, 1, 0, 0, 0, 0, 1, 1, 2, 1, 2, 0, 0, 0, 1, 2, 1, 1, 1, 1, 1, 2, 1, 2, 1, 1, 1, 0, 1, 2, 2, 1, 0, 0, 1, 2, 1, 2, 0, 1, 1, 0, 0, 2, 0, 0, 1, 1, 2, 0, 1, 0, 0, 0, 1, 2]|[3, 2, 1, 1, 2, 1, 2, 1, 1, 2, 4, 4, 4, 1, 1, 4, 2, 1, 1, 1, 1, 2, 1, 2, 1, 1, 2, 1, 3, 2, 3, 1, 4, 1, 1, 1, 0, 3, 2, 2, 2, 3, 1, 1, 0, 4, 0, 1, 2, 2, 1, 4, 0, 3, 2, 1, 1, 2, 3, 1, 1, 1, 0, 3, 0, 0, 3, 0, 1, 4, 1, 0, 4, 1, 1, 4, 1, 1, 1, 1, 3, 1, 2, 1, 0, 2, 1, 1, 2, 1, 4, 3, 1, 1, 1, 2, 2, 2, 4, 1]|[3, 1, 2, 0, 1, 0, 0, 0, 0, 1, 0, 0, 1, 0, 0, 3, 1, 0, 0, 0, 3, 1, 0, 2, 0, 0, 0, 1, 0, 0, 2, 0, 3, 0, 1, 0, 0, 0, 1, 1, 1, 2, 0, 0, 0, 2, 1, 0, 0, 0, 1, 3, 0, 0, 1, 0, 0, 1, 2, 0, 1, 1, 0, 2, 0, 1, 0, 1, 1, 1, 1, 1, 3, 0, 0, 3, 0, 0, 2, 0, 0, 0, 1, 1, 3, 0, 0, 0, 1, 0, 0, 2, 0, 1, 1, 0, 0, 0, 2, 0],715.7913946700162,58060.95961022334,95287.06515100288,true
39,G2_TEC,G2_TEC,[31, 22, 82, 15, 26, 9, 95, 42, 77, 68, 47, 5, 93, 78, 86, 54, 85, 63, 18, 44, 20, 49, 36, 14, 74, 50, 53, 17, 21, 28, 11, 64, 3, 23, 30, 83, 24, 41, 40, 52, 65, 27, 90, 70, 39, 87, 48, 69, 99, 4, 75, 1, 13, 58, 97, 59, 45, 8, 73, 37, 35, 79, 71, 66, 76, 32, 60, 80, 56, 6, 67, 61, 33, 7, 57, 34, 12, 16, 10, 98, 96, 88, 43, 46, 91, 38, 84, 92, 29, 19, 51, 55, 81, 89, 25, 72, 94, 2, 0, 62]|[2, 1, 2, 1, 1, 2, 1, 1, 1, 1, 1, 0, 2, 2, 1, 2, 0, 0, 0, 2, 2, 1, 0, 2, 0, 2, 2, 1, 0, 1, 1, 1, 0, 0, 1, 0, 2, 1, 2, 2, 0, 0, 1, 1, 0, 2, 0, 2, 1, 0, 0, 2, 0, 0, 2, 0, 1, 1, 0, 0, 2, 1, 1, 2, 2, 0, 2, 2, 2, 1, 2, 1, 1, 2, 0, 1, 1, 2, 1, 2, 0, 1, 1, 0, 1, 0, 0, 0, 1, 1, 1, 0, 1, 1, 1, 1, 2, 2, 0, 1]|[0, 3, 0, 3, 4, 1, 4, 4, 2, 4, 3, 2, 1, 0, 2, 1, 1, 1, 2, 1, 1, 3, 0, 1, 0, 1, 1, 4, 1, 4, 3, 2, 2, 0, 4, 1, 1, 4, 1, 1, 2, 1, 4, 4, 1, 1, 0, 2, 3, 2, 2, 1, 2, 1, 1, 2, 4, 3, 0, 2, 2, 3, 3, 1, 1, 2, 1, 1, 1, 4, 1, 3, 4, 1, 2, 4, 3, 1, 3, 1, 2, 4, 4, 2, 3, 2, 2, 2, 3, 4, 3, 2, 4, 4, 4, 4, 1, 1, 2, 3]|[0, 2, 0, 0, 3, 0, 1, 3, 0, 0, 2, 0, 1, 0, 1, 0, 0, 0, 1, 0, 0, 2, 0, 0, 1, 0, 0, 3, 0, 1, 0, 2, 0, 0, 3, 0, 1, 1, 0, 0, 0, 0, 1, 3, 0, 0, 1, 0, 2, 0, 0, 0, 0, 0, 1, 0, 1, 0, 1, 1, 0, 2, 0, 0, 0, 0, 0, 0, 0, 2, 0, 0, 1, 0, 0, 1, 0, 0, 3, 0, 0, 1, 2, 0, 0, 0, 0, 0, 3, 1, 0, 0, 2, 1, 3, 1, 0, 0, 0, 0],908.8272556494078,49235.066718390466,107289.32240407266,false
39,G3_TWC,G4_BALANCED,[31, 22, 82, 15, 26, 99, 95, 42, 77, 12, 47, 5, 93, 78, 86, 54, 21, 63, 18, 44, 20, 23, 43, 97, 91, 76, 10, 30, 85, 45, 71, 64, 1, 35, 17, 83, 24, 14, 60, 36, 6, 57, 40, 88, 65, 56, 79, 94, 67, 68, 46, 75, 38, 9, 19, 32, 41, 81, 27, 87, 62, 90, 58, 59, 16, 72, 73, 70, 39, 37, 84, 3, 92, 25, 55, 48, 11, 29, 51, 96, 33, 61, 98, 66, 89, 50, 4, 7, 53, 80, 8, 28, 34, 49, 52, 0, 74, 69, 2, 13]|[2, 1, 0, 1, 1, 0, 1, 1, 2, 1, 2, 2, 2, 1, 1, 0, 0, 1, 0, 2, 2, 0, 1, 2, 0, 1, 2, 2, 0, 0, 1, 2, 1, 2, 1, 0, 2, 0, 1, 1, 0, 1, 1, 1, 0, 2, 1, 1, 0, 0, 0, 0, 1, 1, 2, 1, 0, 2, 0, 2, 0, 1, 0, 1, 1, 2, 1, 1, 1, 1, 1, 1, 0, 1, 2, 0, 2, 0, 0, 2, 2, 1, 2, 2, 1, 0, 1, 2, 0, 0, 1, 0, 2, 0, 1, 0, 2, 1, 0, 0]|[1, 3, 2, 2, 4, 1, 2, 3, 2, 4, 1, 1, 2, 4, 4, 1, 1, 4, 2, 1, 1, 1, 1, 2, 1, 2, 1, 1, 2, 1, 3, 2, 3, 0, 4, 0, 1, 1, 0, 3, 2, 2, 2, 0, 1, 1, 0, 4, 0, 1, 2, 2, 1, 4, 0, 3, 1, 2, 1, 1, 2, 3, 1, 1, 3, 0, 4, 3, 1, 4, 1, 1, 0, 4, 1, 1, 1, 1, 1, 1, 1, 3, 1, 1, 1, 1, 4, 1, 2, 1, 3, 2, 1, 1, 1, 2, 1, 4, 2, 2]|[0, 2, 1, 1, 3, 0, 1, 3, 0, 0, 0, 0, 1, 0, 1, 0, 0, 3, 1, 0, 0, 0, 3, 1, 0, 2, 0, 0, 0, 1, 0, 0, 0, 0, 3, 0, 1, 0, 0, 2, 1, 1, 1, 0, 0, 0, 0, 2, 1, 0, 0, 0, 1, 3, 0, 0, 0, 1, 0, 0, 1, 2, 0, 1, 2, 1, 0, 0, 1, 1, 3, 1, 1, 3, 0, 0, 0, 0, 0, 0, 0, 0, 0, 0, 1, 0, 0, 0, 1, 0, 2, 1, 0, 1, 1, 0, 0, 2, 0, 0],746.998318561944,56705.00401616378,91603.00561069252,true
39,G1_CMAX,G1_CMAX,[31, 22, 82, 15, 26, 99, 95, 42, 77, 12, 47, 5, 93, 78, 86, 54, 21, 63, 18, 44, 20, 35, 43, 97, 91, 76, 10, 30, 85, 45, 71, 64, 1, 23, 57, 83, 24, 14, 60, 36, 81, 17, 40, 88, 65, 56, 79, 94, 67, 68, 46, 75, 38, 9, 19, 32, 41, 6, 27, 87, 90, 58, 59, 11, 16, 72, 73, 70, 39, 37, 84, 3, 92, 25, 55, 28, 62, 29, 51, 7, 33, 61, 98, 48, 89, 50, 4, 96, 53, 80, 66, 8, 34, 49, 52, 0, 13, 2, 69, 74]|[1, 1, 0, 1, 1, 0, 1, 1, 2, 1, 2, 2, 2, 1, 1, 0, 0, 1, 0, 2, 2, 0, 1, 2, 0, 1, 2, 2, 0, 0, 1, 2, 1, 2, 1, 0, 2, 0, 1, 1, 0, 1, 1, 1, 0, 2, 1, 1, 0, 0, 0, 0, 1, 1, 2, 1, 2, 2, 0, 2, 1, 0, 1, 2, 1, 2, 1, 1, 1, 1, 1, 1, 0, 1, 2, 2, 0, 0, 2, 2, 2, 1, 2, 0, 1, 0, 1, 2, 0, 0, 2, 1, 2, 0, 1, 0, 0, 0, 1, 2]|[0, 3, 2, 2, 4, 1, 2, 3, 2, 4, 1, 1, 2, 4, 4, 1, 1, 4, 2, 1, 1, 1, 1, 2, 1, 2, 1, 1, 2, 1, 3, 2, 3, 0, 4, 0, 1, 1, 0, 3, 2, 2, 2, 0, 1, 1, 0, 4, 0, 1, 2, 2, 1, 4, 0, 3, 2, 2, 1, 1, 3, 1, 1, 1, 3, 0, 4, 3, 1, 4, 1, 1, 0, 4, 1, 1, 2, 1, 2, 1, 1, 3, 1, 1, 1, 1, 4, 1, 2, 1, 1, 3, 1, 1, 1, 2, 2, 2, 4, 1]|[0, 2, 1, 1, 3, 0, 1, 3, 0, 0, 0, 0, 1, 0, 1, 0, 0, 3, 1, 0, 0, 0, 3, 1, 0, 2, 0, 0, 0, 1, 0, 0, 0, 0, 3, 0, 1, 0, 0, 2, 1, 1, 1, 0, 0, 0, 0, 2, 1, 0, 0, 0, 1, 3, 0, 0, 1, 1, 0, 0, 2, 0, 1, 0, 2, 1, 0, 0, 1, 1, 3, 1, 1, 3, 0, 0, 1, 0, 1, 0, 0, 0, 0, 0, 1, 0, 0, 0, 1, 0, 0, 2, 0, 1, 1, 0, 0, 0, 2, 0],714.4485115867469,58161.785232764836,94013.66617097157,false
39,G4_BALANCED,G1_CMAX,[22, 82, 3, 58, 95, 42, 77, 47, 5, 93, 78, 12, 86, 54, 50, 63, 18, 44, 20, 35, 43, 97, 91, 76, 10, 30, 21, 45, 71, 64, 36, 23, 17, 83, 24, 14, 60, 1, 6, 40, 57, 90, 65, 56, 79, 94, 67, 68, 46, 75, 38, 9, 19, 32, 81, 41, 27, 62, 16, 55, 59, 89, 88, 87, 31, 72, 73, 70, 39, 37, 84, 92, 25, 11, 48, 15, 29, 51, 7, 33, 61, 98, 28, 99, 26, 85, 66, 96, 53, 80, 4, 8, 34, 49, 52, 2, 13, 0, 69, 74]|[1, 0, 1, 0, 1, 2, 2, 2, 2, 2, 1, 1, 1, 0, 0, 1, 0, 2, 2, 0, 1, 2, 0, 1, 2, 2, 0, 0, 1, 2, 1, 2, 1, 0, 2, 0, 1, 1, 0, 1, 1, 1, 0, 2, 1, 1, 0, 0, 0, 0, 1, 1, 2, 1, 2, 0, 0, 0, 1, 2, 1, 1, 1, 1, 1, 2, 1, 2, 1, 1, 1, 0, 1, 2, 2, 1, 0, 0, 1, 2, 1, 2, 0, 1, 1, 0, 0, 2, 0, 0, 1, 1, 2, 0, 1, 0, 0, 0, 1, 2]|[3, 2, 1, 1, 2, 1, 2, 1, 1, 2, 4, 4, 4, 1, 1, 4, 2, 1, 1, 1, 1, 2, 1, 2, 1, 1, 2, 1, 3, 2, 3, 1, 4, 1, 1, 1, 0, 3, 2, 2, 2, 3, 1, 1, 0, 4, 0, 1, 2, 2, 1, 4, 0, 3, 2, 1, 1, 2, 3, 1, 1, 1, 0, 3, 0, 0, 3, 0, 1, 4, 1, 0, 4, 1, 1, 4, 1, 1, 1, 1, 3, 1, 2, 1, 0, 2, 1, 1, 2, 1, 4, 3, 1, 1, 1, 2, 2, 2, 4, 1]|[3, 1, 2, 0, 1, 0, 0, 0, 0, 1, 0, 0, 1, 0, 0, 3, 1, 0, 0, 0, 3, 1, 0, 2, 0, 0, 0, 1, 0, 0, 2, 0, 3, 0, 1, 0, 0, 0, 1, 1, 1, 2, 0, 0, 0, 2, 1, 0, 0, 0, 1, 3, 0, 0, 1, 0, 0, 1, 2, 0, 1, 1, 0, 2, 0, 1, 0, 1, 1, 1, 1, 1, 3, 0, 0, 3, 0, 0, 2, 0, 0, 0, 1, 1, 3, 0, 0, 0, 1, 0, 0, 2, 0, 1, 1, 0, 0, 0, 2, 0],715.7913946700162,58060.95961022334,95287.06515100288,true
39,G2_TEC,G2_TEC,[31, 22, 82, 15, 26, 9, 95, 42, 77, 68, 47, 5, 93, 78, 86, 54, 85, 63, 18, 44, 20, 49, 36, 14, 74, 50, 53, 17, 21, 28, 11, 64, 3, 23, 30, 83, 24, 41, 40, 52, 65, 27, 90, 70, 39, 87, 48, 69, 99, 4, 75, 1, 13, 58, 97, 59, 45, 8, 73, 37, 35, 79, 71, 66, 76, 32, 60, 80, 56, 6, 67, 61, 33, 7, 57, 34, 12, 16, 10, 98, 96, 88, 43, 46, 91, 38, 84, 92, 29, 19, 51, 55, 81, 89, 25, 72, 94, 2, 0, 62]|[2, 1, 2, 1, 1, 2, 1, 1, 1, 1, 1, 0, 2, 2, 1, 2, 0, 0, 0, 2, 2, 1, 0, 2, 0, 2, 2, 1, 0, 1, 1, 1, 0, 0, 1, 0, 2, 1, 2, 2, 0, 0, 1, 1, 0, 2, 0, 2, 1, 0, 0, 2, 0, 0, 2, 0, 1, 1, 0, 0, 2, 1, 1, 2, 2, 0, 2, 2, 2, 1, 2, 1, 1, 2, 0, 1, 1, 2, 1, 2, 0, 1, 1, 0, 1, 0, 0, 0, 1, 1, 1, 0, 1, 1, 1, 1, 2, 2, 0, 1]|[0, 3, 0, 3, 4, 1, 4, 4, 2, 4, 3, 2, 1, 0, 2, 1, 1, 1, 2, 1, 1, 3, 0, 1, 0, 1, 1, 4, 1, 4, 3, 2, 2, 0, 4, 1, 1, 4, 1, 1, 2, 1, 4, 4, 1, 1, 0, 2, 3, 2, 2, 1, 2, 1, 1, 2, 4, 3, 0, 2, 2, 3, 3, 1, 1, 2, 1, 1, 1, 4, 1, 3, 4, 1, 2, 4, 3, 1, 3, 1, 2, 4, 4, 2, 3, 2, 2, 2, 3, 4, 3, 2, 4, 4, 4, 4, 1, 1, 2, 3]|[0, 2, 0, 0, 3, 0, 1, 3, 0, 0, 2, 0, 1, 0, 1, 0, 0, 0, 1, 0, 0, 2, 0, 0, 1, 0, 0, 3, 0, 1, 0, 2, 0, 0, 3, 0, 1, 1, 0, 0, 0, 0, 1, 3, 0, 0, 1, 0, 2, 0, 0, 0, 0, 0, 1, 0, 1, 0, 1, 1, 0, 2, 0, 0, 0, 0, 0, 0, 0, 2, 0, 0, 1, 0, 0, 1, 0, 0, 3, 0, 0, 1, 2, 0, 0, 0, 0, 0, 3, 1, 0, 0, 2, 1, 3, 1, 0, 0, 0, 0],908.8272556494078,49235.066718390466,107289.32240407266,false
39,G3_TWC,G4_BALANCED,[31, 22, 82, 15, 26, 99, 95, 42, 77, 12, 47, 5, 93, 78, 86, 54, 21, 63, 18, 44, 20, 23, 43, 97, 91, 76, 10, 30, 85, 45, 71, 64, 1, 35, 17, 83, 24, 14, 60, 36, 6, 57, 40, 88, 65, 56, 79, 94, 67, 68, 46, 75, 38, 9, 19, 32, 41, 81, 27, 87, 62, 90, 58, 59, 16, 72, 73, 70, 39, 37, 84, 3, 92, 25, 55, 48, 11, 29, 51, 96, 33, 61, 98, 66, 89, 50, 4, 7, 53, 80, 8, 28, 34, 49, 52, 0, 74, 69, 2, 13]|[2, 1, 0, 1, 1, 0, 1, 1, 2, 1, 2, 2, 2, 1, 1, 0, 0, 1, 0, 2, 2, 0, 1, 2, 0, 1, 2, 2, 0, 0, 1, 2, 1, 2, 1, 0, 2, 0, 1, 1, 0, 1, 1, 1, 0, 2, 1, 1, 0, 0, 0, 0, 1, 1, 2, 1, 0, 2, 0, 2, 0, 1, 0, 1, 1, 2, 1, 1, 1, 1, 1, 1, 0, 1, 2, 0, 2, 0, 0, 2, 2, 1, 2, 2, 1, 0, 1, 2, 0, 0, 1, 0, 2, 0, 1, 0, 2, 1, 0, 0]|[1, 3, 2, 2, 4, 1, 2, 3, 2, 4, 1, 1, 2, 4, 4, 1, 1, 4, 2, 1, 1, 1, 1, 2, 1, 2, 1, 1, 2, 1, 3, 2, 3, 0, 4, 0, 1, 1, 0, 3, 2, 2, 2, 0, 1, 1, 0, 4, 0, 1, 2, 2, 1, 4, 0, 3, 1, 2, 1, 1, 2, 3, 1, 1, 3, 0, 4, 3, 1, 4, 1, 1, 0, 4, 1, 1, 1, 1, 1, 1, 1, 3, 1, 1, 1, 1, 4, 1, 2, 1, 3, 2, 1, 1, 1, 2, 1, 4, 2, 2]|[0, 2, 1, 1, 3, 0, 1, 3, 0, 0, 0, 0, 1, 0, 1, 0, 0, 3, 1, 0, 0, 0, 3, 1, 0, 2, 0, 0, 0, 1, 0, 0, 0, 0, 3, 0, 1, 0, 0, 2, 1, 1, 1, 0, 0, 0, 0, 2, 1, 0, 0, 0, 1, 3, 0, 0, 0, 1, 0, 0, 1, 2, 0, 1, 2, 1, 0, 0, 1, 1, 3, 1, 1, 3, 0, 0, 0, 0, 0, 0, 0, 0, 0, 0, 1, 0, 0, 0, 1, 0, 2, 1, 0, 1, 1, 0, 0, 2, 0, 0],746.998318561944,56705.00401616378,91603.00561069252,true
39,G1_CMAX,G1_CMAX,[31, 22, 82, 15, 26, 99, 95, 42, 77, 12, 47, 5, 93, 78, 86, 54, 21, 63, 18, 44, 20, 35, 43, 97, 91, 76, 10, 30, 85, 45, 71, 64, 1, 23, 57, 83, 24, 14, 60, 36, 81, 17, 40, 88, 65, 56, 79, 94, 67, 68, 46, 75, 38, 9, 19, 32, 41, 6, 27, 87, 90, 58, 59, 11, 16, 72, 73, 70, 39, 37, 84, 3, 92, 25, 55, 28, 62, 29, 51, 7, 33, 61, 98, 48, 89, 50, 4, 96, 53, 80, 66, 8, 34, 49, 52, 0, 13, 2, 69, 74]|[1, 1, 0, 1, 1, 0, 1, 1, 2, 1, 2, 2, 2, 1, 1, 0, 0, 1, 0, 2, 2, 0, 1, 2, 0, 1, 2, 2, 0, 0, 1, 2, 1, 2, 1, 0, 2, 0, 1, 1, 0, 1, 1, 1, 0, 2, 1, 1, 0, 0, 0, 0, 1, 1, 2, 1, 2, 2, 0, 2, 1, 0, 1, 2, 1, 2, 1, 1, 1, 1, 1, 1, 0, 1, 2, 2, 0, 0, 2, 2, 2, 1, 2, 0, 1, 0, 1, 2, 0, 0, 2, 1, 2, 0, 1, 0, 0, 0, 1, 2]|[0, 3, 2, 2, 4, 1, 2, 3, 2, 4, 1, 1, 2, 4, 4, 1, 1, 4, 2, 1, 1, 1, 1, 2, 1, 2, 1, 1, 2, 1, 3, 2, 3, 0, 4, 0, 1, 1, 0, 3, 2, 2, 2, 0, 1, 1, 0, 4, 0, 1, 2, 2, 1, 4, 0, 3, 2, 2, 1, 1, 3, 1, 1, 1, 3, 0, 4, 3, 1, 4, 1, 1, 0, 4, 1, 1, 2, 1, 2, 1, 1, 3, 1, 1, 1, 1, 4, 1, 2, 1, 1, 3, 1, 1, 1, 2, 2, 2, 4, 1]|[0, 2, 1, 1, 3, 0, 1, 3, 0, 0, 0, 0, 1, 0, 1, 0, 0, 3, 1, 0, 0, 0, 3, 1, 0, 2, 0, 0, 0, 1, 0, 0, 0, 0, 3, 0, 1, 0, 0, 2, 1, 1, 1, 0, 0, 0, 0, 2, 1, 0, 0, 0, 1, 3, 0, 0, 1, 1, 0, 0, 2, 0, 1, 0, 2, 1, 0, 0, 1, 1, 3, 1, 1, 3, 0, 0, 1, 0, 1, 0, 0, 0, 0, 0, 1, 0, 0, 0, 1, 0, 0, 2, 0, 1, 1, 0, 0, 0, 2, 0],714.4485115867469,58161.785232764836,94013.66617097157,false
39,G4_BALANCED,G1_CMAX,[22, 82, 3, 58, 95, 42, 77, 47, 5, 93, 78, 12, 86, 54, 50, 63, 18, 44, 20, 35, 43, 97, 91, 76, 10, 30, 21, 45, 71, 64, 36, 23, 17, 83, 24, 14, 60, 1, 6, 40, 57, 90, 65, 56, 79, 94, 67, 68, 46, 75, 38, 9, 19, 32, 81, 41, 27, 62, 16, 55, 59, 89, 88, 87, 31, 72, 73, 70, 39, 37, 84, 92, 25, 11, 48, 15, 29, 51, 7, 33, 61, 98, 28, 99, 26, 85, 66, 96, 53, 80, 4, 8, 34, 49, 52, 2, 13, 0, 69, 74]|[1, 0, 1, 0, 1, 2, 2, 2, 2, 2, 1, 1, 1, 0, 0, 1, 0, 2, 2, 0, 1, 2, 0, 1, 2, 2, 0, 0, 1, 2, 1, 2, 1, 0, 2, 0, 1, 1, 0, 1, 1, 1, 0, 2, 1, 1, 0, 0, 0, 0, 1, 1, 2, 1, 2, 0, 0, 0, 1, 2, 1, 1, 1, 1, 1, 2, 1, 2, 1, 1, 1, 0, 1, 2, 2, 1, 0, 0, 1, 2, 1, 2, 0, 1, 1, 0, 0, 2, 0, 0, 1, 1, 2, 0, 1, 0, 0, 0, 1, 2]|[3, 2, 1, 1, 2, 1, 2, 1, 1, 2, 4, 4, 4, 1, 1, 4, 2, 1, 1, 1, 1, 2, 1, 2, 1, 1, 2, 1, 3, 2, 3, 1, 4, 1, 1, 1, 0, 3, 2, 2, 2, 3, 1, 1, 0, 4, 0, 1, 2, 2, 1, 4, 0, 3, 2, 1, 1, 2, 3, 1, 1, 1, 0, 3, 0, 0, 3, 0, 1, 4, 1, 0, 4, 1, 1, 4, 1, 1, 1, 1, 3, 1, 2, 1, 0, 2, 1, 1, 2, 1, 4, 3, 1, 1, 1, 2, 2, 2, 4, 1]|[3, 1, 2, 0, 1, 0, 0, 0, 0, 1, 0, 0, 1, 0, 0, 3, 1, 0, 0, 0, 3, 1, 0, 2, 0, 0, 0, 1, 0, 0, 2, 0, 3, 0, 1, 0, 0, 0, 1, 1, 1, 2, 0, 0, 0, 2, 1, 0, 0, 0, 1, 3, 0, 0, 1, 0, 0, 1, 2, 0, 1, 1, 0, 2, 0, 1, 0, 1, 1, 1, 1, 1, 3, 0, 0, 3, 0, 0, 2, 0, 0, 0, 1, 1, 3, 0, 0, 0, 1, 0, 0, 2, 0, 1, 1, 0, 0, 0, 2, 0],715.7913946700162,58060.95961022334,95287.06515100288,true
39,G2_TEC,G2_TEC,[31, 22, 82, 15, 26, 9, 95, 42, 77, 68, 47, 5, 93, 78, 86, 54, 85, 63, 18, 44, 20, 49, 36, 14, 74, 50, 53, 17, 21, 28, 11, 64, 3, 23, 30, 83, 24, 41, 40, 52, 65, 27, 90, 70, 39, 87, 48, 69, 99, 4, 75, 1, 13, 58, 97, 59, 45, 8, 73, 37, 35, 79, 71, 66, 76, 32, 60, 80, 56, 6, 67, 61, 33, 7, 57, 34, 12, 16, 10, 98, 96, 88, 43, 46, 91, 38, 84, 92, 29, 19, 51, 55, 81, 89, 25, 72, 94, 2, 0, 62]|[2, 1, 2, 1, 1, 2, 1, 1, 1, 1, 1, 0, 2, 2, 1, 2, 0, 0, 0, 2, 2, 1, 0, 2, 0, 2, 2, 1, 0, 1, 1, 1, 0, 0, 1, 0, 2, 1, 2, 2, 0, 0, 1, 1, 0, 2, 0, 2, 1, 0, 0, 2, 0, 0, 2, 0, 1, 1, 0, 0, 2, 1, 1, 2, 2, 0, 2, 2, 2, 1, 2, 1, 1, 2, 0, 1, 1, 2, 1, 2, 0, 1, 1, 0, 1, 0, 0, 0, 1, 1, 1, 0, 1, 1, 1, 1, 2, 2, 0, 1]|[0, 3, 0, 3, 4, 1, 4, 4, 2, 4, 3, 2, 1, 0, 2, 1, 1, 1, 2, 1, 1, 3, 0, 1, 0, 1, 1, 4, 1, 4, 3, 2, 2, 0, 4, 1, 1, 4, 1, 1, 2, 1, 4, 4, 1, 1, 0, 2, 3, 2, 2, 1, 2, 1, 1, 2, 4, 3, 0, 2, 2, 3, 3, 1, 1, 2, 1, 1, 1, 4, 1, 3, 4, 1, 2, 4, 3, 1, 3, 1, 2, 4, 4, 2, 3, 2, 2, 2, 3, 4, 3, 2, 4, 4, 4, 4, 1, 1, 2, 3]|[0, 2, 0, 0, 3, 0, 1, 3, 0, 0, 2, 0, 1, 0, 1, 0, 0, 0, 1, 0, 0, 2, 0, 0, 1, 0, 0, 3, 0, 1, 0, 2, 0, 0, 3, 0, 1, 1, 0, 0, 0, 0, 1, 3, 0, 0, 1, 0, 2, 0, 0, 0, 0, 0, 1, 0, 1, 0, 1, 1, 0, 2, 0, 0, 0, 0, 0, 0, 0, 2, 0, 0, 1, 0, 0, 1, 0, 0, 3, 0, 0, 1, 2, 0, 0, 0, 0, 0, 3, 1, 0, 0, 2, 1, 3, 1, 0, 0, 0, 0],908.8272556494078,49235.066718390466,107289.32240407266,false
39,G3_TWC,G4_BALANCED,[31, 22, 82, 15, 26, 58, 95, 42, 77, 12, 47, 5, 93, 78, 98, 54, 85, 63, 18, 44, 20, 35, 43, 97, 91, 76, 10, 30, 21, 45, 71, 64, 1, 23, 17, 83, 24, 14, 60, 36, 6, 57, 94, 88, 65, 56, 79, 40, 67, 68, 46, 75, 38, 9, 19, 32, 81, 41, 27, 62, 87, 90, 99, 59, 11, 16, 72, 73, 70, 39, 37, 84, 3, 92, 25, 55, 28, 29, 51, 7, 33, 61, 86, 48, 89, 34, 69, 96, 53, 80, 4, 8, 50, 49, 52, 0, 13, 2, 66, 74]|[1, 1, 0, 1, 1, 1, 2, 1, 2, 1, 2, 2, 2, 1, 1, 0, 0, 1, 0, 2, 2, 0, 1, 2, 0, 1, 2, 2, 0, 0, 1, 2, 1, 2, 1, 0, 2, 0, 1, 1, 0, 1, 1, 1, 0, 2, 1, 1, 0, 0, 0, 0, 1, 1, 2, 1, 2, 0, 0, 0, 2, 1, 0, 1, 2, 1, 2, 1, 1, 1, 1, 1, 2, 0, 1, 1, 0, 0, 0, 1, 2, 1, 0, 0, 1, 2, 1, 0, 0, 0, 0, 1, 0, 0, 1, 0, 0, 0, 2, 2]|[4, 3, 2, 2, 0, 0, 2, 2, 2, 4, 1, 1, 2, 4, 4, 1, 1, 4, 2, 1, 1, 1, 1, 2, 1, 2, 1, 1, 1, 1, 3, 2, 3, 0, 4, 0, 1, 1, 0, 3, 2, 2, 4, 0, 1, 1, 0, 2, 0, 1, 2, 2, 1, 4, 0, 3, 2, 1, 1, 2, 1, 3, 1, 1, 1, 3, 0, 4, 3, 1, 4, 1, 1, 2, 4, 4, 2, 1, 1, 3, 1, 3, 1, 1, 1, 1, 3, 1, 2, 1, 2, 3, 1, 1, 1, 2, 2, 2, 1, 1]|[0, 2, 1, 1, 3, 3, 0, 1, 0, 0, 0, 0, 1, 0, 1, 0, 0, 3, 1, 0, 0, 0, 3, 1, 0, 2, 0, 0, 0, 1, 0, 0, 0, 0, 3, 0, 1, 0, 0, 2, 1, 1, 2, 0, 0, 0, 0, 1, 1, 0, 0, 0, 1, 3, 0, 0, 1, 0, 0, 1, 0, 2, 0, 1, 0, 2, 1, 0, 0, 1, 1, 3, 0, 1, 3, 3, 1, 0, 0, 2, 0, 0, 0, 0, 1, 0, 0, 0, 1, 0, 1, 2, 0, 1, 1, 0, 0, 0, 0, 0],790.1921483697682,57957.04840138768,88951.83199580385,true
39,G1_CMAX,G1_CMAX,[31, 22, 82, 15, 26, 99, 95, 42, 77, 12, 47, 5, 93, 78, 86, 54, 21, 63, 18, 44, 20, 35, 43, 97, 91, 76, 10, 30, 85, 45, 71, 64, 1, 23, 57, 83, 24, 14, 60, 36, 81, 17, 40, 88, 65, 56, 79, 94, 67, 68, 46, 75, 38, 9, 19, 32, 41, 6, 27, 87, 90, 58, 59, 11, 16, 72, 73, 70, 39, 37, 84, 3, 92, 25, 55, 28, 62, 29, 51, 7, 33, 61, 98, 48, 89, 50, 4, 96, 53, 80, 66, 8, 34, 49, 52, 0, 13, 2, 69, 74]|[1, 1, 0, 1, 1, 0, 1, 1, 2, 1, 2, 2, 2, 1, 1, 0, 0, 1, 0, 2, 2, 0, 1, 2, 0, 1, 2, 2, 0, 0, 1, 2, 1, 2, 1, 0, 2, 0, 1, 1, 0, 1, 1, 1, 0, 2, 1, 1, 0, 0, 0, 0, 1, 1, 2, 1, 2, 2, 0, 2, 1, 0, 1, 2, 1, 2, 1, 1, 1, 1, 1, 1, 0, 1, 2, 2, 0, 0, 2, 2, 2, 1, 2, 0, 1, 0, 1, 2, 0, 0, 2, 1, 2, 0, 1, 0, 0, 0, 1, 2]|[0, 3, 2, 2, 4, 1, 2, 3, 2, 4, 1, 1, 2, 4, 4, 1, 1, 4, 2, 1, 1, 1, 1, 2, 1, 2, 1, 1, 2, 1, 3, 2, 3, 0, 4, 0, 1, 1, 0, 3, 2, 2, 2, 0, 1, 1, 0, 4, 0, 1, 2, 2, 1, 4, 0, 3, 2, 2, 1, 1, 3, 1, 1, 1, 3, 0, 4, 3, 1, 4, 1, 1, 0, 4, 1, 1, 2, 1, 2, 1, 1, 3, 1, 1, 1, 1, 4, 1, 2, 1, 1, 3, 1, 1, 1, 2, 2, 2, 4, 1]|[0, 2, 1, 1, 3, 0, 1, 3, 0, 0, 0, 0, 1, 0, 1, 0, 0, 3, 1, 0, 0, 0, 3, 1, 0, 2, 0, 0, 0, 1, 0, 0, 0, 0, 3, 0, 1, 0, 0, 2, 1, 1, 1, 0, 0, 0, 0, 2, 1, 0, 0, 0, 1, 3, 0, 0, 1, 1, 0, 0, 2, 0, 1, 0, 2, 1, 0, 0, 1, 1, 3, 1, 1, 3, 0, 0, 1, 0, 1, 0, 0, 0, 0, 0, 1, 0, 0, 0, 1, 0, 0, 2, 0, 1, 1, 0, 0, 0, 2, 0],714.4485115867469,58161.785232764836,94013.66617097157,false
39,G4_BALANCED,G1_CMAX,[22, 82, 3, 58, 95, 42, 77, 47, 5, 93, 78, 12, 86, 54, 50, 63, 18, 44, 20, 35, 43, 97, 91, 76, 10, 30, 21, 45, 71, 64, 36, 23, 17, 83, 24, 14, 60, 1, 6, 40, 57, 90, 65, 56, 79, 94, 67, 68, 46, 75, 38, 9, 19, 32, 81, 41, 27, 62, 16, 55, 59, 89, 88, 87, 31, 72, 73, 70, 39, 37, 84, 92, 25, 11, 48, 15, 29, 51, 7, 33, 61, 98, 28, 99, 26, 85, 66, 96, 53, 80, 4, 8, 34, 49, 52, 2, 13, 0, 69, 74]|[1, 0, 1, 0, 1, 2, 2, 2, 2, 2, 1, 1, 1, 0, 0, 1, 0, 2, 2, 0, 1, 2, 0, 1, 2, 2, 0, 0, 1, 2, 1, 2, 1, 0, 2, 0, 1, 1, 0, 1, 1, 1, 0, 2, 1, 1, 0, 0, 0, 0, 1, 1, 2, 1, 2, 0, 0, 0, 1, 2, 1, 1, 1, 1, 1, 2, 1, 2, 1, 1, 1, 0, 1, 2, 2, 1, 0, 0, 1, 2, 1, 2, 0, 1, 1, 0, 0, 2, 0, 0, 1, 1, 2, 0, 1, 0, 0, 0, 1, 2]|[3, 2, 1, 1, 2, 1, 2, 1, 1, 2, 4, 4, 4, 1, 1, 4, 2, 1, 1, 1, 1, 2, 1, 2, 1, 1, 2, 1, 3, 2, 3, 1, 4, 1, 1, 1, 0, 3, 2, 2, 2, 3, 1, 1, 0, 4, 0, 1, 2, 2, 1, 4, 0, 3, 2, 1, 1, 2, 3, 1, 1, 1, 0, 3, 0, 0, 3, 0, 1, 4, 1, 0, 4, 1, 1, 4, 1, 1, 1, 1, 3, 1, 2, 1, 0, 2, 1, 1, 2, 1, 4, 3, 1, 1, 1, 2, 2, 2, 4, 1]|[3, 1, 2, 0, 1, 0, 0, 0, 0, 1, 0, 0, 1, 0, 0, 3, 1, 0, 0, 0, 3, 1, 0, 2, 0, 0, 0, 1, 0, 0, 2, 0, 3, 0, 1, 0, 0, 0, 1, 1, 1, 2, 0, 0, 0, 2, 1, 0, 0, 0, 1, 3, 0, 0, 1, 0, 0, 1, 2, 0, 1, 1, 0, 2, 0, 1, 0, 1, 1, 1, 1, 1, 3, 0, 0, 3, 0, 0, 2, 0, 0, 0, 1, 1, 3, 0, 0, 0, 1, 0, 0, 2, 0, 1, 1, 0, 0, 0, 2, 0],715.7913946700162,58060.95961022334,95287.06515100288,true
39,G2_TEC,G2_TEC,[31, 22, 82, 15, 26, 9, 95, 42, 77, 68, 47, 5, 93, 78, 86, 54, 85, 63, 18, 44, 20, 49, 36, 14, 74, 50, 53, 17, 21, 28, 11, 64, 3, 23, 30, 83, 24, 41, 40, 52, 65, 27, 90, 70, 39, 87, 48, 69, 99, 4, 75, 1, 13, 58, 97, 59, 45, 8, 73, 37, 35, 79, 71, 66, 76, 32, 60, 80, 56, 6, 67, 61, 33, 7, 57, 34, 12, 16, 10, 98, 96, 88, 43, 46, 91, 38, 84, 92, 29, 19, 51, 55, 81, 89, 25, 72, 94, 2, 0, 62]|[2, 1, 2, 1, 1, 2, 1, 1, 1, 1, 1, 0, 2, 2, 1, 2, 0, 0, 0, 2, 2, 1, 0, 2, 0, 2, 2, 1, 0, 1, 1, 1, 0, 0, 1, 0, 2, 1, 2, 2, 0, 0, 1, 1, 0, 2, 0, 2, 1, 0, 0, 2, 0, 0, 2, 0, 1, 1, 0, 0, 2, 1, 1, 2, 2, 0, 2, 2, 2, 1, 2, 1, 1, 2, 0, 1, 1, 2, 1, 2, 0, 1, 1, 0, 1, 0, 0, 0, 1, 1, 1, 0, 1, 1, 1, 1, 2, 2, 0, 1]|[0, 3, 0, 3, 4, 1, 4, 4, 2, 4, 3, 2, 1, 0, 2, 1, 1, 1, 2, 1, 1, 3, 0, 1, 0, 1, 1, 4, 1, 4, 3, 2, 2, 0, 4, 1, 1, 4, 1, 1, 2, 1, 4, 4, 1, 1, 0, 2, 3, 2, 2, 1, 2, 1, 1, 2, 4, 3, 0, 2, 2, 3, 3, 1, 1, 2, 1, 1, 1, 4, 1, 3, 4, 1, 2, 4, 3, 1, 3, 1, 2, 4, 4, 2, 3, 2, 2, 2, 3, 4, 3, 2, 4, 4, 4, 4, 1, 1, 2, 3]|[0, 2, 0, 0, 3, 0, 1, 3, 0, 0, 2, 0, 1, 0, 1, 0, 0, 0, 1, 0, 0, 2, 0, 0, 1, 0, 0, 3, 0, 1, 0, 2, 0, 0, 3, 0, 1, 1, 0, 0, 0, 0, 1, 3, 0, 0, 1, 0, 2, 0, 0, 0, 0, 0, 1, 0, 1, 0, 1, 1, 0, 2, 0, 0, 0, 0, 0, 0, 0, 2, 0, 0, 1, 0, 0, 1, 0, 0, 3, 0, 0, 1, 2, 0, 0, 0, 0, 0, 3, 1, 0, 0, 2, 1, 3, 1, 0, 0, 0, 0],908.8272556494078,49235.066718390466,107289.32240407266,false
39,G3_TWC,G4_BALANCED,[31, 22, 82, 15, 26, 58, 95, 42, 77, 12, 47, 5, 93, 78, 98, 54, 85, 63, 18, 44, 20, 35, 43, 97, 91, 76, 10, 30, 21, 45, 71, 64, 1, 23, 17, 83, 24, 14, 60, 36, 6, 57, 94, 88, 65, 56, 79, 40, 67, 68, 46, 75, 38, 9, 19, 32, 81, 41, 27, 62, 87, 90, 99, 59, 11, 16, 72, 73, 70, 39, 37, 84, 3, 92, 25, 55, 28, 29, 51, 7, 33, 61, 86, 48, 89, 34, 69, 96, 53, 80, 4, 8, 50, 49, 52, 0, 13, 2, 66, 74]|[1, 1, 0, 1, 1, 1, 2, 1, 2, 1, 2, 2, 2, 1, 1, 0, 0, 1, 0, 2, 2, 0, 1, 2, 0, 1, 2, 2, 0, 0, 1, 2, 1, 2, 1, 0, 2, 0, 1, 1, 0, 1, 1, 1, 0, 2, 1, 1, 0, 0, 0, 0, 1, 1, 2, 1, 2, 0, 0, 0, 2, 1, 0, 1, 2, 1, 2, 1, 1, 1, 1, 1, 2, 0, 1, 1, 0, 0, 0, 1, 2, 1, 0, 0, 1, 2, 1, 0, 0, 0, 0, 1, 0, 0, 1, 0, 0, 0, 2, 2]|[4, 3, 2, 2, 0, 0, 2, 2, 2, 4, 1, 1, 2, 4, 4, 1, 1, 4, 2, 1, 1, 1, 1, 2, 1, 2, 1, 1, 1, 1, 3, 2, 3, 0, 4, 0, 1, 1, 0, 3, 2, 2, 4, 0, 1, 1, 0, 2, 0, 1, 2, 2, 1, 4, 0, 3, 2, 1, 1, 2, 1, 3, 1, 1, 1, 3, 0, 4, 3, 1, 4, 1, 1, 2, 4, 4, 2, 1, 1, 3, 1, 3, 1, 1, 1, 1, 3, 1, 2, 1, 2, 3, 1, 1, 1, 2, 2, 2, 1, 1]|[0, 2, 1, 1, 3, 3, 0, 1, 0, 0, 0, 0, 1, 0, 1, 0, 0, 3, 1, 0, 0, 0, 3, 1, 0, 2, 0, 0, 0, 1, 0, 0, 0, 0, 3, 0, 1, 0, 0, 2, 1, 1, 2, 0, 0, 0, 0, 1, 1, 0, 0, 0, 1, 3, 0, 0, 1, 0, 0, 1, 0, 2, 0, 1, 0, 2, 1, 0, 0, 1, 1, 3, 0, 1, 3, 3, 1, 0, 0, 2, 0, 0, 0, 0, 1, 0, 0, 0, 1, 0, 1, 2, 0, 1, 1, 0, 0, 0, 0, 0],790.1921483697682,57957.04840138768,88951.83199580385,true
39,G1_CMAX,G1_CMAX,[31, 22, 82, 15, 26, 99, 95, 42, 77, 12, 47, 5, 93, 78, 86, 54, 21, 63, 18, 44, 20, 35, 43, 97, 91, 76, 10, 30, 85, 45, 71, 64, 1, 23, 57, 83, 24, 14, 60, 36, 81, 17, 40, 88, 65, 56, 79, 94, 67, 68, 46, 75, 38, 9, 19, 32, 41, 6, 27, 87, 90, 58, 59, 11, 16, 72, 73, 70, 39, 37, 84, 3, 92, 25, 55, 28, 62, 29, 51, 7, 33, 61, 98, 48, 89, 50, 4, 96, 53, 80, 66, 8, 34, 49, 52, 0, 13, 2, 69, 74]|[1, 1, 0, 1, 1, 0, 1, 1, 2, 1, 2, 2, 2, 1, 1, 0, 0, 1, 0, 2, 2, 0, 1, 2, 0, 1, 2, 2, 0, 0, 1, 2, 1, 2, 1, 0, 2, 0, 1, 1, 0, 1, 1, 1, 0, 2, 1, 1, 0, 0, 0, 0, 1, 1, 2, 1, 2, 2, 0, 2, 1, 0, 1, 2, 1, 2, 1, 1, 1, 1, 1, 1, 0, 1, 2, 2, 0, 0, 2, 2, 2, 1, 2, 0, 1, 0, 1, 2, 0, 0, 2, 1, 2, 0, 1, 0, 0, 0, 1, 2]|[0, 3, 2, 2, 4, 1, 2, 3, 2, 4, 1, 1, 2, 4, 4, 1, 1, 4, 2, 1, 1, 1, 1, 2, 1, 2, 1, 1, 2, 1, 3, 2, 3, 0, 4, 0, 1, 1, 0, 3, 2, 2, 2, 0, 1, 1, 0, 4, 0, 1, 2, 2, 1, 4, 0, 3, 2, 2, 1, 1, 3, 1, 1, 1, 3, 0, 4, 3, 1, 4, 1, 1, 0, 4, 1, 1, 2, 1, 2, 1, 1, 3, 1, 1, 1, 1, 4, 1, 2, 1, 1, 3, 1, 1, 1, 2, 2, 2, 4, 1]|[0, 2, 1, 1, 3, 0, 1, 3, 0, 0, 0, 0, 1, 0, 1, 0, 0, 3, 1, 0, 0, 0, 3, 1, 0, 2, 0, 0, 0, 1, 0, 0, 0, 0, 3, 0, 1, 0, 0, 2, 1, 1, 1, 0, 0, 0, 0, 2, 1, 0, 0, 0, 1, 3, 0, 0, 1, 1, 0, 0, 2, 0, 1, 0, 2, 1, 0, 0, 1, 1, 3, 1, 1, 3, 0, 0, 1, 0, 1, 0, 0, 0, 0, 0, 1, 0, 0, 0, 1, 0, 0, 2, 0, 1, 1, 0, 0, 0, 2, 0],714.4485115867469,58161.785232764836,94013.66617097157,false
39,G4_BALANCED,G1_CMAX,[22, 82, 3, 58, 95, 42, 77, 47, 5, 93, 78, 12, 86, 54, 50, 63, 18, 44, 20, 35, 43, 97, 91, 76, 10, 30, 21, 45, 71, 64, 36, 23, 17, 83, 24, 14, 60, 1, 6, 40, 57, 90, 65, 56, 79, 94, 67, 68, 46, 75, 38, 9, 19, 32, 81, 41, 27, 62, 16, 55, 59, 89, 88, 87, 31, 72, 73, 70, 39, 37, 84, 92, 25, 11, 48, 15, 29, 51, 7, 33, 61, 98, 28, 99, 26, 85, 66, 96, 53, 80, 4, 8, 34, 49, 52, 2, 13, 0, 69, 74]|[1, 0, 1, 0, 1, 2, 2, 2, 2, 2, 1, 1, 1, 0, 0, 1, 0, 2, 2, 0, 1, 2, 0, 1, 2, 2, 0, 0, 1, 2, 1, 2, 1, 0, 2, 0, 1, 1, 0, 1, 1, 1, 0, 2, 1, 1, 0, 0, 0, 0, 1, 1, 2, 1, 2, 0, 0, 0, 1, 2, 1, 1, 1, 1, 1, 2, 1, 2, 1, 1, 1, 0, 1, 2, 2, 1, 0, 0, 1, 2, 1, 2, 0, 1, 1, 0, 0, 2, 0, 0, 1, 1, 2, 0, 1, 0, 0, 0, 1, 2]|[3, 2, 1, 1, 2, 1, 2, 1, 1, 2, 4, 4, 4, 1, 1, 4, 2, 1, 1, 1, 1, 2, 1, 2, 1, 1, 2, 1, 3, 2, 3, 1, 4, 1, 1, 1, 0, 3, 2, 2, 2, 3, 1, 1, 0, 4, 0, 1, 2, 2, 1, 4, 0, 3, 2, 1, 1, 2, 3, 1, 1, 1, 0, 3, 0, 0, 3, 0, 1, 4, 1, 0, 4, 1, 1, 4, 1, 1, 1, 1, 3, 1, 2, 1, 0, 2, 1, 1, 2, 1, 4, 3, 1, 1, 1, 2, 2, 2, 4, 1]|[3, 1, 2, 0, 1, 0, 0, 0, 0, 1, 0, 0, 1, 0, 0, 3, 1, 0, 0, 0, 3, 1, 0, 2, 0, 0, 0, 1, 0, 0, 2, 0, 3, 0, 1, 0, 0, 0, 1, 1, 1, 2, 0, 0, 0, 2, 1, 0, 0, 0, 1, 3, 0, 0, 1, 0, 0, 1, 2, 0, 1, 1, 0, 2, 0, 1, 0, 1, 1, 1, 1, 1, 3, 0, 0, 3, 0, 0, 2, 0, 0, 0, 1, 1, 3, 0, 0, 0, 1, 0, 0, 2, 0, 1, 1, 0, 0, 0, 2, 0],715.7913946700162,58060.95961022334,95287.06515100288,true
39,G2_TEC,G2_TEC,[31, 22, 82, 15, 26, 9, 95, 42, 77, 68, 47, 5, 93, 78, 86, 54, 85, 63, 18, 44, 20, 49, 36, 14, 74, 50, 53, 17, 21, 28, 11, 64, 3, 23, 30, 83, 24, 41, 40, 52, 65, 27, 90, 70, 39, 87, 48, 69, 99, 4, 75, 1, 13, 58, 97, 59, 45, 8, 73, 37, 35, 79, 71, 66, 76, 32, 60, 80, 56, 6, 67, 61, 33, 7, 57, 34, 12, 16, 10, 98, 96, 88, 43, 46, 91, 38, 84, 92, 29, 19, 51, 55, 81, 89, 25, 72, 94, 2, 0, 62]|[2, 1, 2, 1, 1, 2, 1, 1, 1, 1, 1, 0, 2, 2, 1, 2, 0, 0, 0, 2, 2, 1, 0, 2, 0, 2, 2, 1, 0, 1, 1, 1, 0, 0, 1, 0, 2, 1, 2, 2, 0, 0, 1, 1, 0, 2, 0, 2, 1, 0, 0, 2, 0, 0, 2, 0, 1, 1, 0, 0, 2, 1, 1, 2, 2, 0, 2, 2, 2, 1, 2, 1, 1, 2, 0, 1, 1, 2, 1, 2, 0, 1, 1, 0, 1, 0, 0, 0, 1, 1, 1, 0, 1, 1, 1, 1, 2, 2, 0, 1]|[0, 3, 0, 3, 4, 1, 4, 4, 2, 4, 3, 2, 1, 0, 2, 1, 1, 1, 2, 1, 1, 3, 0, 1, 0, 1, 1, 4, 1, 4, 3, 2, 2, 0, 4, 1, 1, 4, 1, 1, 2, 1, 4, 4, 1, 1, 0, 2, 3, 2, 2, 1, 2, 1, 1, 2, 4, 3, 0, 2, 2, 3, 3, 1, 1, 2, 1, 1, 1, 4, 1, 3, 4, 1, 2, 4, 3, 1, 3, 1, 2, 4, 4, 2, 3, 2, 2, 2, 3, 4, 3, 2, 4, 4, 4, 4, 1, 1, 2, 3]|[0, 2, 0, 0, 3, 0, 1, 3, 0, 0, 2, 0, 1, 0, 1, 0, 0, 0, 1, 0, 0, 2, 0, 0, 1, 0, 0, 3, 0, 1, 0, 2, 0, 0, 3, 0, 1, 1, 0, 0, 0, 0, 1, 3, 0, 0, 1, 0, 2, 0, 0, 0, 0, 0, 1, 0, 1, 0, 1, 1, 0, 2, 0, 0, 0, 0, 0, 0, 0, 2, 0, 0, 1, 0, 0, 1, 0, 0, 3, 0, 0, 1, 2, 0, 0, 0, 0, 0, 3, 1, 0, 0, 2, 1, 3, 1, 0, 0, 0, 0],908.8272556494078,49235.066718390466,107289.32240407266,false
39,G3_TWC,G4_BALANCED,[31, 22, 82, 15, 26, 58, 95, 42, 77, 12, 47, 5, 93, 78, 98, 54, 85, 63, 18, 44, 20, 35, 43, 97, 91, 76, 10, 30, 21, 45, 71, 64, 1, 23, 17, 83, 24, 14, 60, 36, 6, 57, 94, 88, 65, 56, 79, 40, 67, 68, 46, 75, 38, 9, 19, 32, 81, 41, 27, 62, 87, 90, 99, 59, 11, 16, 72, 73, 70, 39, 37, 84, 3, 92, 25, 55, 28, 29, 51, 7, 33, 61, 86, 48, 89, 34, 69, 96, 53, 80, 4, 8, 50, 49, 52, 0, 13, 2, 66, 74]|[1, 1, 0, 1, 1, 1, 2, 1, 2, 1, 2, 2, 2, 1, 1, 0, 0, 1, 0, 2, 2, 0, 1, 2, 0, 1, 2, 2, 0, 0, 1, 2, 1, 2, 1, 0, 2, 0, 1, 1, 0, 1, 1, 1, 0, 2, 1, 1, 0, 0, 0, 0, 1, 1, 2, 1, 2, 0, 0, 0, 2, 1, 0, 1, 2, 1, 2, 1, 1, 1, 1, 1, 2, 0, 1, 1, 0, 0, 0, 1, 2, 1, 0, 0, 1, 2, 1, 0, 0, 0, 0, 1, 0, 0, 1, 0, 0, 0, 2, 2]|[4, 3, 2, 2, 0, 0, 2, 2, 2, 4, 1, 1, 2, 4, 4, 1, 1, 4, 2, 1, 1, 1, 1, 2, 1, 2, 1, 1, 1, 1, 3, 2, 3, 0, 4, 0, 1, 1, 0, 3, 2, 2, 4, 0, 1, 1, 0, 2, 0, 1, 2, 2, 1, 4, 0, 3, 2, 1, 1, 2, 1, 3, 1, 1, 1, 3, 0, 4, 3, 1, 4, 1, 1, 2, 4, 4, 2, 1, 1, 3, 1, 3, 1, 1, 1, 1, 3, 1, 2, 1, 2, 3, 1, 1, 1, 2, 2, 2, 1, 1]|[0, 2, 1, 1, 3, 3, 0, 1, 0, 0, 0, 0, 1, 0, 1, 0, 0, 3, 1, 0, 0, 0, 3, 1, 0, 2, 0, 0, 0, 1, 0, 0, 0, 0, 3, 0, 1, 0, 0, 2, 1, 1, 2, 0, 0, 0, 0, 1, 1, 0, 0, 0, 1, 3, 0, 0, 1, 0, 0, 1, 0, 2, 0, 1, 0, 2, 1, 0, 0, 1, 1, 3, 0, 1, 3, 3, 1, 0, 0, 2, 0, 0, 0, 0, 1, 0, 0, 0, 1, 0, 1, 2, 0, 1, 1, 0, 0, 0, 0, 0],790.1921483697682,57957.04840138768,88951.83199580385,true
39,G1_CMAX,G3_TWC,[31, 22, 82, 15, 26, 58, 95, 42, 77, 12, 47, 5, 93, 78, 98, 54, 85, 63, 18, 44, 20, 35, 43, 97, 91, 76, 10, 30, 21, 45, 71, 64, 1, 23, 17, 83, 24, 14, 60, 36, 6, 57, 94, 88, 65, 56, 79, 40, 67, 68, 46, 75, 38, 9, 19, 32, 81, 41, 27, 62, 87, 90, 99, 59, 11, 16, 72, 73, 70, 39, 37, 84, 3, 92, 25, 55, 28, 29, 51, 7, 33, 61, 86, 48, 89, 50, 66, 96, 53, 80, 4, 8, 34, 49, 52, 0, 13, 2, 69, 74]|[1, 1, 0, 1, 1, 1, 1, 2, 2, 1, 2, 2, 2, 1, 1, 0, 0, 1, 0, 2, 2, 0, 1, 2, 0, 1, 2, 2, 0, 0, 1, 2, 1, 2, 1, 0, 2, 0, 1, 1, 0, 1, 1, 1, 0, 2, 1, 1, 0, 0, 0, 0, 1, 1, 2, 1, 2, 0, 0, 0, 2, 1, 0, 1, 2, 1, 2, 1, 1, 1, 1, 1, 2, 0, 1, 1, 0, 0, 0, 1, 2, 1, 0, 0, 1, 0, 2, 0, 0, 0, 0, 1, 2, 0, 1, 0, 0, 0, 1, 2]|[4, 3, 2, 2, 0, 0, 2, 2, 2, 4, 1, 1, 2, 4, 4, 1, 2, 4, 2, 1, 1, 1, 1, 2, 1, 2, 1, 1, 1, 1, 3, 2, 3, 1, 4, 0, 1, 1, 0, 3, 2, 2, 4, 0, 1, 1, 0, 2, 0, 1, 2, 2, 1, 4, 0, 3, 2, 1, 1, 2, 1, 3, 1, 1, 1, 3, 0, 4, 3, 1, 4, 1, 1, 2, 4, 4, 2, 1, 1, 3, 1, 3, 1, 1, 1, 1, 1, 1, 2, 1, 2, 3, 1, 1, 1, 2, 2, 2, 3, 1]|[0, 2, 1, 1, 3, 3, 1, 0, 0, 0, 0, 0, 1, 0, 1, 0, 0, 3, 1, 0, 0, 0, 3, 1, 0, 2, 0, 0, 0, 1, 0, 0, 0, 0, 3, 0, 1, 0, 0, 2, 1, 1, 2, 0, 0, 0, 0, 1, 1, 0, 0, 0, 1, 3, 0, 0, 1, 0, 0, 1, 0, 2, 0, 1, 0, 2, 1, 0, 0, 1, 1, 3, 0, 1, 3, 3, 1, 0, 0, 2, 0, 0, 0, 0, 1, 0, 0, 0, 1, 0, 1, 2, 0, 1, 1, 0, 0, 0, 0, 0],805.5111748560577,57366.432107770626,90127.9774474478,true
39,G4_BALANCED,G1_CMAX,[22, 82, 3, 58, 95, 42, 77, 47, 5, 93, 78, 12, 86, 54, 50, 63, 18, 44, 20, 35, 43, 97, 91, 76, 10, 30, 21, 45, 71, 64, 36, 23, 17, 83, 24, 14, 60, 1, 6, 40, 57, 90, 65, 56, 79, 94, 67, 68, 46, 75, 38, 9, 19, 32, 81, 41, 27, 62, 16, 55, 59, 89, 88, 87, 31, 72, 73, 70, 39, 37, 84, 92, 25, 11, 48, 15, 29, 51, 7, 33, 61, 98, 28, 99, 26, 85, 66, 96, 53, 80, 4, 8, 34, 49, 52, 2, 13, 0, 69, 74]|[1, 0, 1, 0, 1, 2, 2, 2, 2, 2, 1, 1, 1, 0, 0, 1, 0, 2, 2, 0, 1, 2, 0, 1, 2, 2, 0, 0, 1, 2, 1, 2, 1, 0, 2, 0, 1, 1, 0, 1, 1, 1, 0, 2, 1, 1, 0, 0, 0, 0, 1, 1, 2, 1, 2, 0, 0, 0, 1, 2, 1, 1, 1, 1, 1, 2, 1, 2, 1, 1, 1, 0, 1, 2, 2, 1, 0, 0, 1, 2, 1, 2, 0, 1, 1, 0, 0, 2, 0, 0, 1, 1, 2, 0, 1, 0, 0, 0, 1, 2]|[3, 2, 1, 1, 2, 1, 2, 1, 1, 2, 4, 4, 4, 1, 1, 4, 2, 1, 1, 1, 1, 2, 1, 2, 1, 1, 2, 1, 3, 2, 3, 1, 4, 1, 1, 1, 0, 3, 2, 2, 2, 3, 1, 1, 0, 4, 0, 1, 2, 2, 1, 4, 0, 3, 2, 1, 1, 2, 3, 1, 1, 1, 0, 3, 0, 0, 3, 0, 1, 4, 1, 0, 4, 1, 1, 4, 1, 1, 1, 1, 3, 1, 2, 1, 0, 2, 1, 1, 2, 1, 4, 3, 1, 1, 1, 2, 2, 2, 4, 1]|[3, 1, 2, 0, 1, 0, 0, 0, 0, 1, 0, 0, 1, 0, 0, 3, 1, 0, 0, 0, 3, 1, 0, 2, 0, 0, 0, 1, 0, 0, 2, 0, 3, 0, 1, 0, 0, 0, 1, 1, 1, 2, 0, 0, 0, 2, 1, 0, 0, 0, 1, 3, 0, 0, 1, 0, 0, 1, 2, 0, 1, 1, 0, 2, 0, 1, 0, 1, 1, 1, 1, 1, 3, 0, 0, 3, 0, 0, 2, 0, 0, 0, 1, 1, 3, 0, 0, 0, 1, 0, 0, 2, 0, 1, 1, 0, 0, 0, 2, 0],715.7913946700162,58060.95961022334,95287.06515100288,true
39,G2_TEC,G2_TEC,[31, 22, 82, 15, 26, 9, 95, 42, 77, 68, 47, 5, 93, 78, 86, 54, 85, 63, 18, 44, 20, 49, 36, 14, 74, 50, 53, 17, 21, 28, 11, 64, 3, 23, 30, 83, 24, 41, 40, 52, 65, 27, 90, 70, 39, 87, 48, 69, 99, 4, 75, 1, 13, 58, 97, 59, 45, 8, 73, 37, 35, 79, 71, 66, 76, 32, 60, 80, 56, 6, 67, 61, 33, 7, 57, 34, 12, 16, 10, 98, 96, 88, 43, 46, 91, 38, 84, 92, 29, 19, 51, 55, 81, 89, 25, 72, 94, 2, 0, 62]|[2, 1, 2, 1, 1, 2, 1, 1, 1, 1, 1, 0, 2, 2, 1, 2, 0, 0, 0, 2, 2, 1, 0, 2, 0, 2, 2, 1, 0, 1, 1, 1, 0, 0, 1, 0, 2, 1, 2, 2, 0, 0, 1, 1, 0, 2, 0, 2, 1, 0, 0, 2, 0, 0, 2, 0, 1, 1, 0, 0, 2, 1, 1, 2, 2, 0, 2, 2, 2, 1, 2, 1, 1, 2, 0, 1, 1, 2, 1, 2, 0, 1, 1, 0, 1, 0, 0, 0, 1, 1, 1, 0, 1, 1, 1, 1, 2, 2, 0, 1]|[0, 3, 0, 3, 4, 1, 4, 4, 2, 4, 3, 2, 1, 0, 2, 1, 1, 1, 2, 1, 1, 3, 0, 1, 0, 1, 1, 4, 1, 4, 3, 2, 2, 0, 4, 1, 1, 4, 1, 1, 2, 1, 4, 4, 1, 1, 0, 2, 3, 2, 2, 1, 2, 1, 1, 2, 4, 3, 0, 2, 2, 3, 3, 1, 1, 2, 1, 1, 1, 4, 1, 3, 4, 1, 2, 4, 3, 1, 3, 1, 2, 4, 4, 2, 3, 2, 2, 2, 3, 4, 3, 2, 4, 4, 4, 4, 1, 1, 2, 3]|[0, 2, 0, 0, 3, 0, 1, 3, 0, 0, 2, 0, 1, 0, 1, 0, 0, 0, 1, 0, 0, 2, 0, 0, 1, 0, 0, 3, 0, 1, 0, 2, 0, 0, 3, 0, 1, 1, 0, 0, 0, 0, 1, 3, 0, 0, 1, 0, 2, 0, 0, 0, 0, 0, 1, 0, 1, 0, 1, 1, 0, 2, 0, 0, 0, 0, 0, 0, 0, 2, 0, 0, 1, 0, 0, 1, 0, 0, 3, 0, 0, 1, 2, 0, 0, 0, 0, 0, 3, 1, 0, 0, 2, 1, 3, 1, 0, 0, 0, 0],908.8272556494078,49235.066718390466,107289.32240407266,false
39,G3_TWC,G2_TEC,[31, 22, 82, 15, 26, 9, 95, 42, 77, 68, 47, 5, 93, 78, 86, 54, 85, 63, 18, 44, 20, 49, 36, 14, 74, 50, 53, 17, 21, 28, 11, 64, 3, 23, 30, 83, 24, 41, 40, 52, 65, 27, 90, 70, 39, 87, 48, 69, 99, 4, 75, 1, 13, 58, 97, 59, 45, 8, 73, 37, 35, 79, 71, 66, 76, 32, 60, 80, 56, 6, 67, 61, 33, 7, 57, 34, 12, 16, 10, 98, 46, 88, 43, 96, 91, 38, 19, 92, 29, 84, 51, 55, 81, 89, 25, 72, 94, 2, 62, 0]|[2, 1, 2, 1, 1, 2, 1, 1, 1, 1, 1, 0, 2, 2, 1, 2, 0, 0, 0, 2, 2, 1, 0, 2, 0, 2, 2, 1, 0, 1, 1, 1, 0, 0, 1, 0, 2, 1, 2, 2, 0, 0, 1, 1, 0, 2, 0, 2, 1, 0, 0, 2, 0, 0, 2, 0, 1, 1, 0, 0, 2, 1, 1, 2, 2, 0, 2, 2, 2, 1, 2, 1, 1, 2, 0, 1, 1, 2, 1, 2, 0, 1, 1, 0, 1, 0, 1, 0, 1, 0, 1, 0, 1, 1, 1, 1, 2, 2, 1, 0]|[0, 3, 0, 3, 4, 1, 4, 4, 2, 4, 3, 2, 1, 0, 2, 1, 1, 1, 2, 1, 1, 3, 0, 1, 0, 1, 1, 4, 1, 4, 3, 2, 2, 0, 4, 1, 1, 4, 1, 1, 2, 1, 4, 4, 1, 1, 0, 2, 3, 2, 2, 1, 2, 1, 1, 2, 4, 3, 0, 2, 2, 3, 3, 1, 1, 2, 1, 1, 1, 4, 1, 3, 4, 1, 2, 4, 3, 1, 3, 1, 2, 4, 4, 2, 3, 2, 4, 2, 3, 2, 3, 2, 4, 4, 4, 4, 1, 1, 3, 2]|[0, 2, 0, 0, 3, 0, 1, 3, 0, 0, 2, 0, 1, 0, 1, 0, 0, 0, 1, 0, 0, 2, 0, 0, 1, 0, 0, 3, 0, 1, 0, 2, 0, 0, 3, 0, 1, 1, 0, 0, 0, 0, 1, 3, 0, 0, 1, 0, 2, 0, 0, 0, 0, 0, 1, 0, 1, 0, 1, 1, 0, 2, 0, 0, 0, 0, 0, 0, 0, 2, 0, 0, 1, 0, 0, 1, 0, 0, 3, 0, 0, 1, 2, 0, 0, 0, 1, 0, 3, 0, 0, 0, 2, 1, 3, 1, 0, 0, 0, 0],908.8272556494078,49227.59506226966,107356.03879257721,true
39,G1_CMAX,G3_TWC,[31, 22, 82, 15, 26, 58, 95, 42, 77, 12, 47, 5, 93, 78, 98, 54, 85, 63, 18, 44, 20, 35, 43, 97, 91, 76, 10, 30, 21, 45, 71, 64, 1, 23, 17, 83, 24, 14, 60, 36, 6, 57, 94, 88, 65, 56, 79, 40, 67, 68, 46, 75, 38, 9, 19, 32, 81, 41, 27, 62, 87, 90, 99, 59, 11, 16, 72, 73, 70, 39, 37, 84, 3, 92, 25, 55, 28, 29, 51, 7, 33, 61, 86, 48, 89, 50, 66, 96, 53, 80, 4, 8, 34, 49, 52, 0, 13, 2, 69, 74]|[1, 1, 0, 1, 1, 1, 1, 2, 2, 1, 2, 2, 2, 1, 1, 0, 0, 1, 0, 2, 2, 0, 1, 2, 0, 1, 2, 2, 0, 0, 1, 2, 1, 2, 1, 0, 2, 0, 1, 1, 0, 1, 1, 1, 0, 2, 1, 1, 0, 0, 0, 0, 1, 1, 2, 1, 2, 0, 0, 0, 2, 1, 0, 1, 2, 1, 2, 1, 1, 1, 1, 1, 2, 0, 1, 1, 0, 0, 0, 1, 2, 1, 0, 0, 1, 0, 2, 0, 0, 0, 0, 1, 2, 0, 1, 0, 0, 0, 1, 2]|[4, 3, 2, 2, 0, 0, 2, 2, 2, 4, 1, 1, 2, 4, 4, 1, 2, 4, 2, 1, 1, 1, 1, 2, 1, 2, 1, 1, 1, 1, 3, 2, 3, 1, 4, 0, 1, 1, 0, 3, 2, 2, 4, 0, 1, 1, 0, 2, 0, 1, 2, 2, 1, 4, 0, 3, 2, 1, 1, 2, 1, 3, 1, 1, 1, 3, 0, 4, 3, 1, 4, 1, 1, 2, 4, 4, 2, 1, 1, 3, 1, 3, 1, 1, 1, 1, 1, 1, 2, 1, 2, 3, 1, 1, 1, 2, 2, 2, 3, 1]|[0, 2, 1, 1, 3, 3, 1, 0, 0, 0, 0, 0, 1, 0, 1, 0, 0, 3, 1, 0, 0, 0, 3, 1, 0, 2, 0, 0, 0, 1, 0, 0, 0, 0, 3, 0, 1, 0, 0, 2, 1, 1, 2, 0, 0, 0, 0, 1, 1, 0, 0, 0, 1, 3, 0, 0, 1, 0, 0, 1, 0, 2, 0, 1, 0, 2, 1, 0, 0, 1, 1, 3, 0, 1, 3, 3, 1, 0, 0, 2, 0, 0, 0, 0, 1, 0, 0, 0, 1, 0, 1, 2, 0, 1, 1, 0, 0, 0, 0, 0],805.5111748560577,57366.432107770626,90127.9774474478,true
39,G4_BALANCED,G1_CMAX,[22, 82, 3, 58, 95, 42, 77, 47, 5, 93, 78, 12, 86, 54, 50, 63, 18, 44, 20, 35, 43, 97, 91, 76, 10, 30, 21, 45, 71, 64, 36, 23, 17, 83, 24, 14, 60, 1, 6, 40, 57, 90, 65, 56, 79, 94, 67, 68, 46, 75, 38, 9, 19, 32, 81, 41, 27, 62, 16, 55, 59, 89, 88, 87, 31, 72, 73, 70, 39, 37, 84, 92, 25, 11, 48, 15, 29, 51, 7, 33, 61, 98, 28, 99, 26, 85, 66, 96, 53, 80, 4, 8, 34, 49, 52, 2, 13, 0, 69, 74]|[1, 0, 1, 0, 1, 2, 2, 2, 2, 2, 1, 1, 1, 0, 0, 1, 0, 2, 2, 0, 1, 2, 0, 1, 2, 2, 0, 0, 1, 2, 1, 2, 1, 0, 2, 0, 1, 1, 0, 1, 1, 1, 0, 2, 1, 1, 0, 0, 0, 0, 1, 1, 2, 1, 2, 0, 0, 0, 1, 2, 1, 1, 1, 1, 1, 2, 1, 2, 1, 1, 1, 0, 1, 2, 2, 1, 0, 0, 1, 2, 1, 2, 0, 1, 1, 0, 0, 2, 0, 0, 1, 1, 2, 0, 1, 0, 0, 0, 1, 2]|[3, 2, 1, 1, 2, 1, 2, 1, 1, 2, 4, 4, 4, 1, 1, 4, 2, 1, 1, 1, 1, 2, 1, 2, 1, 1, 2, 1, 3, 2, 3, 1, 4, 1, 1, 1, 0, 3, 2, 2, 2, 3, 1, 1, 0, 4, 0, 1, 2, 2, 1, 4, 0, 3, 2, 1, 1, 2, 3, 1, 1, 1, 0, 3, 0, 0, 3, 0, 1, 4, 1, 0, 4, 1, 1, 4, 1, 1, 1, 1, 3, 1, 2, 1, 0, 2, 1, 1, 2, 1, 4, 3, 1, 1, 1, 2, 2, 2, 4, 1]|[3, 1, 2, 0, 1, 0, 0, 0, 0, 1, 0, 0, 1, 0, 0, 3, 1, 0, 0, 0, 3, 1, 0, 2, 0, 0, 0, 1, 0, 0, 2, 0, 3, 0, 1, 0, 0, 0, 1, 1, 1, 2, 0, 0, 0, 2, 1, 0, 0, 0, 1, 3, 0, 0, 1, 0, 0, 1, 2, 0, 1, 1, 0, 2, 0, 1, 0, 1, 1, 1, 1, 1, 3, 0, 0, 3, 0, 0, 2, 0, 0, 0, 1, 1, 3, 0, 0, 0, 1, 0, 0, 2, 0, 1, 1, 0, 0, 0, 2, 0],715.7913946700162,58060.95961022334,95287.06515100288,true
39,G2_TEC,G2_TEC,[31, 22, 82, 15, 26, 9, 95, 42, 77, 68, 47, 5, 93, 78, 86, 54, 85, 63, 18, 44, 20, 49, 36, 14, 74, 50, 53, 17, 21, 28, 11, 64, 3, 23, 30, 83, 24, 41, 40, 52, 65, 27, 90, 70, 39, 87, 48, 69, 99, 4, 75, 1, 13, 58, 97, 59, 45, 8, 73, 37, 35, 79, 71, 66, 76, 32, 60, 80, 56, 6, 67, 61, 33, 7, 57, 34, 12, 16, 10, 98, 96, 88, 43, 46, 91, 38, 84, 92, 29, 19, 51, 55, 81, 89, 25, 72, 94, 2, 0, 62]|[2, 1, 2, 1, 1, 2, 1, 1, 1, 1, 1, 0, 2, 2, 1, 2, 0, 0, 0, 2, 2, 1, 0, 2, 0, 2, 2, 1, 0, 1, 1, 1, 0, 0, 1, 0, 2, 1, 2, 2, 0, 0, 1, 1, 0, 2, 0, 2, 1, 0, 0, 2, 0, 0, 2, 0, 1, 1, 0, 0, 2, 1, 1, 2, 2, 0, 2, 2, 2, 1, 2, 1, 1, 2, 0, 1, 1, 2, 1, 2, 0, 1, 1, 0, 1, 0, 0, 0, 1, 1, 1, 0, 1, 1, 1, 1, 2, 2, 0, 1]|[0, 3, 0, 3, 4, 1, 4, 4, 2, 4, 3, 2, 1, 0, 2, 1, 1, 1, 2, 1, 1, 3, 0, 1, 0, 1, 1, 4, 1, 4, 3, 2, 2, 0, 4, 1, 1, 4, 1, 1, 2, 1, 4, 4, 1, 1, 0, 2, 3, 2, 2, 1, 2, 1, 1, 2, 4, 3, 0, 2, 2, 3, 3, 1, 1, 2, 1, 1, 1, 4, 1, 3, 4, 1, 2, 4, 3, 1, 3, 1, 2, 4, 4, 2, 3, 2, 2, 2, 3, 4, 3, 2, 4, 4, 4, 4, 1, 1, 2, 3]|[0, 2, 0, 0, 3, 0, 1, 3, 0, 0, 2, 0, 1, 0, 1, 0, 0, 0, 1, 0, 0, 2, 0, 0, 1, 0, 0, 3, 0, 1, 0, 2, 0, 0, 3, 0, 1, 1, 0, 0, 0, 0, 1, 3, 0, 0, 1, 0, 2, 0, 0, 0, 0, 0, 1, 0, 1, 0, 1, 1, 0, 2, 0, 0, 0, 0, 0, 0, 0, 2, 0, 0, 1, 0, 0, 1, 0, 0, 3, 0, 0, 1, 2, 0, 0, 0, 0, 0, 3, 1, 0, 0, 2, 1, 3, 1, 0, 0, 0, 0],908.8272556494078,49235.066718390466,107289.32240407266,false
39,G3_TWC,G2_TEC,[31, 22, 82, 15, 26, 9, 95, 42, 77, 68, 47, 5, 93, 78, 86, 54, 85, 63, 18, 44, 20, 49, 36, 14, 74, 50, 53, 17, 21, 28, 11, 64, 3, 23, 30, 83, 24, 41, 40, 52, 65, 27, 90, 70, 39, 87, 48, 69, 99, 4, 75, 1, 13, 58, 97, 59, 45, 8, 73, 37, 35, 79, 71, 66, 76, 32, 60, 80, 56, 6, 67, 61, 33, 7, 57, 34, 12, 16, 10, 98, 46, 88, 43, 96, 91, 38, 19, 92, 29, 84, 51, 55, 81, 89, 25, 72, 94, 2, 62, 0]|[2, 1, 2, 1, 1, 2, 1, 1, 1, 1, 1, 0, 2, 2, 1, 2, 0, 0, 0, 2, 2, 1, 0, 2, 0, 2, 2, 1, 0, 1, 1, 1, 0, 0, 1, 0, 2, 1, 2, 2, 0, 0, 1, 1, 0, 2, 0, 2, 1, 0, 0, 2, 0, 0, 2, 0, 1, 1, 0, 0, 2, 1, 1, 2, 2, 0, 2, 2, 2, 1, 2, 1, 1, 2, 0, 1, 1, 2, 1, 2, 0, 1, 1, 0, 1, 0, 1, 0, 1, 0, 1, 0, 1, 1, 1, 1, 2, 2, 1, 0]|[0, 3, 0, 3, 4, 1, 4, 4, 2, 4, 3, 2, 1, 0, 2, 1, 1, 1, 2, 1, 1, 3, 0, 1, 0, 1, 1, 4, 1, 4, 3, 2, 2, 0, 4, 1, 1, 4, 1, 1, 2, 1, 4, 4, 1, 1, 0, 2, 3, 2, 2, 1, 2, 1, 1, 2, 4, 3, 0, 2, 2, 3, 3, 1, 1, 2, 1, 1, 1, 4, 1, 3, 4, 1, 2, 4, 3, 1, 3, 1, 2, 4, 4, 2, 3, 2, 4, 2, 3, 2, 3, 2, 4, 4, 4, 4, 1, 1, 3, 2]|[0, 2, 0, 0, 3, 0, 1, 3, 0, 0, 2, 0, 1, 0, 1, 0, 0, 0, 1, 0, 0, 2, 0, 0, 1, 0, 0, 3, 0, 1, 0, 2, 0, 0, 3, 0, 1, 1, 0, 0, 0, 0, 1, 3, 0, 0, 1, 0, 2, 0, 0, 0, 0, 0, 1, 0, 1, 0, 1, 1, 0, 2, 0, 0, 0, 0, 0, 0, 0, 2, 0, 0, 1, 0, 0, 1, 0, 0, 3, 0, 0, 1, 2, 0, 0, 0, 1, 0, 3, 0, 0, 0, 2, 1, 3, 1, 0, 0, 0, 0],908.8272556494078,49227.59506226966,107356.03879257721,true
39,G1_CMAX,G3_TWC,[31, 22, 82, 15, 26, 58, 95, 42, 77, 12, 47, 5, 93, 78, 98, 54, 85, 63, 18, 44, 20, 35, 43, 97, 91, 76, 10, 30, 21, 45, 71, 64, 1, 23, 17, 83, 24, 14, 60, 36, 6, 57, 94, 88, 65, 56, 79, 40, 67, 68, 46, 75, 38, 9, 19, 32, 81, 41, 27, 62, 87, 90, 99, 59, 11, 16, 72, 73, 70, 39, 37, 84, 3, 92, 25, 55, 28, 29, 51, 7, 33, 61, 86, 48, 89, 50, 66, 96, 53, 80, 4, 8, 34, 49, 52, 0, 13, 2, 69, 74]|[1, 1, 0, 1, 1, 1, 1, 2, 2, 1, 2, 2, 2, 1, 1, 0, 0, 1, 0, 2, 2, 0, 1, 2, 0, 1, 2, 2, 0, 0, 1, 2, 1, 2, 1, 0, 2, 0, 1, 1, 0, 1, 1, 1, 0, 2, 1, 1, 0, 0, 0, 0, 1, 1, 2, 1, 2, 0, 0, 0, 2, 1, 0, 1, 2, 1, 2, 1, 1, 1, 1, 1, 2, 0, 1, 1, 0, 0, 0, 1, 2, 1, 0, 0, 1, 0, 2, 0, 0, 0, 0, 1, 2, 0, 1, 0, 0, 0, 1, 2]|[4, 3, 2, 2, 0, 0, 2, 2, 2, 4, 1, 1, 2, 4, 4, 1, 2, 4, 2, 1, 1, 1, 1, 2, 1, 2, 1, 1, 1, 1, 3, 2, 3, 1, 4, 0, 1, 1, 0, 3, 2, 2, 4, 0, 1, 1, 0, 2, 0, 1, 2, 2, 1, 4, 0, 3, 2, 1, 1, 2, 1, 3, 1, 1, 1, 3, 0, 4, 3, 1, 4, 1, 1, 2, 4, 4, 2, 1, 1, 3, 1, 3, 1, 1, 1, 1, 1, 1, 2, 1, 2, 3, 1, 1, 1, 2, 2, 2, 3, 1]|[0, 2, 1, 1, 3, 3, 1, 0, 0, 0, 0, 0, 1, 0, 1, 0, 0, 3, 1, 0, 0, 0, 3, 1, 0, 2, 0, 0, 0, 1, 0, 0, 0, 0, 3, 0, 1, 0, 0, 2, 1, 1, 2, 0, 0, 0, 0, 1, 1, 0, 0, 0, 1, 3, 0, 0, 1, 0, 0, 1, 0, 2, 0, 1, 0, 2, 1, 0, 0, 1, 1, 3, 0, 1, 3, 3, 1, 0, 0, 2, 0, 0, 0, 0, 1, 0, 0, 0, 1, 0, 1, 2, 0, 1, 1, 0, 0, 0, 0, 0],805.5111748560577,57366.432107770626,90127.9774474478,true
39,G4_BALANCED,G1_CMAX,[22, 82, 3, 58, 95, 42, 77, 47, 5, 93, 78, 12, 86, 54, 50, 63, 18, 44, 20, 35, 43, 97, 91, 76, 10, 30, 21, 45, 71, 64, 36, 23, 17, 83, 24, 14, 60, 1, 6, 40, 57, 90, 65, 56, 79, 94, 67, 68, 46, 75, 38, 9, 19, 32, 81, 41, 27, 62, 16, 55, 59, 89, 88, 87, 31, 72, 73, 70, 39, 37, 84, 92, 25, 11, 48, 15, 29, 51, 7, 33, 61, 98, 28, 99, 26, 85, 66, 96, 53, 80, 4, 8, 34, 49, 52, 2, 13, 0, 69, 74]|[1, 0, 1, 0, 1, 2, 2, 2, 2, 2, 1, 1, 1, 0, 0, 1, 0, 2, 2, 0, 1, 2, 0, 1, 2, 2, 0, 0, 1, 2, 1, 2, 1, 0, 2, 0, 1, 1, 0, 1, 1, 1, 0, 2, 1, 1, 0, 0, 0, 0, 1, 1, 2, 1, 2, 0, 0, 0, 1, 2, 1, 1, 1, 1, 1, 2, 1, 2, 1, 1, 1, 0, 1, 2, 2, 1, 0, 0, 1, 2, 1, 2, 0, 1, 1, 0, 0, 2, 0, 0, 1, 1, 2, 0, 1, 0, 0, 0, 1, 2]|[3, 2, 1, 1, 2, 1, 2, 1, 1, 2, 4, 4, 4, 1, 1, 4, 2, 1, 1, 1, 1, 2, 1, 2, 1, 1, 2, 1, 3, 2, 3, 1, 4, 1, 1, 1, 0, 3, 2, 2, 2, 3, 1, 1, 0, 4, 0, 1, 2, 2, 1, 4, 0, 3, 2, 1, 1, 2, 3, 1, 1, 1, 0, 3, 0, 0, 3, 0, 1, 4, 1, 0, 4, 1, 1, 4, 1, 1, 1, 1, 3, 1, 2, 1, 0, 2, 1, 1, 2, 1, 4, 3, 1, 1, 1, 2, 2, 2, 4, 1]|[3, 1, 2, 0, 1, 0, 0, 0, 0, 1, 0, 0, 1, 0, 0, 3, 1, 0, 0, 0, 3, 1, 0, 2, 0, 0, 0, 1, 0, 0, 2, 0, 3, 0, 1, 0, 0, 0, 1, 1, 1, 2, 0, 0, 0, 2, 1, 0, 0, 0, 1, 3, 0, 0, 1, 0, 0, 1, 2, 0, 1, 1, 0, 2, 0, 1, 0, 1, 1, 1, 1, 1, 3, 0, 0, 3, 0, 0, 2, 0, 0, 0, 1, 1, 3, 0, 0, 0, 1, 0, 0, 2, 0, 1, 1, 0, 0, 0, 2, 0],715.7913946700162,58060.95961022334,95287.06515100288,true
39,G2_TEC,G2_TEC,[31, 22, 82, 15, 26, 9, 95, 42, 77, 68, 47, 5, 93, 78, 86, 54, 85, 63, 18, 44, 20, 49, 36, 14, 74, 50, 53, 17, 21, 28, 11, 64, 3, 23, 30, 83, 24, 41, 40, 52, 65, 27, 90, 70, 39, 87, 48, 69, 99, 4, 75, 1, 13, 58, 97, 59, 45, 8, 73, 37, 35, 79, 71, 66, 76, 32, 60, 80, 56, 6, 67, 61, 33, 7, 57, 34, 12, 16, 10, 98, 96, 88, 43, 46, 91, 38, 84, 92, 29, 19, 51, 55, 81, 89, 25, 72, 94, 2, 0, 62]|[2, 1, 2, 1, 1, 2, 1, 1, 1, 1, 1, 0, 2, 2, 1, 2, 0, 0, 0, 2, 2, 1, 0, 2, 0, 2, 2, 1, 0, 1, 1, 1, 0, 0, 1, 0, 2, 1, 2, 2, 0, 0, 1, 1, 0, 2, 0, 2, 1, 0, 0, 2, 0, 0, 2, 0, 1, 1, 0, 0, 2, 1, 1, 2, 2, 0, 2, 2, 2, 1, 2, 1, 1, 2, 0, 1, 1, 2, 1, 2, 0, 1, 1, 0, 1, 0, 0, 0, 1, 1, 1, 0, 1, 1, 1, 1, 2, 2, 0, 1]|[0, 3, 0, 3, 4, 1, 4, 4, 2, 4, 3, 2, 1, 0, 2, 1, 1, 1, 2, 1, 1, 3, 0, 1, 0, 1, 1, 4, 1, 4, 3, 2, 2, 0, 4, 1, 1, 4, 1, 1, 2, 1, 4, 4, 1, 1, 0, 2, 3, 2, 2, 1, 2, 1, 1, 2, 4, 3, 0, 2, 2, 3, 3, 1, 1, 2, 1, 1, 1, 4, 1, 3, 4, 1, 2, 4, 3, 1, 3, 1, 2, 4, 4, 2, 3, 2, 2, 2, 3, 4, 3, 2, 4, 4, 4, 4, 1, 1, 2, 3]|[0, 2, 0, 0, 3, 0, 1, 3, 0, 0, 2, 0, 1, 0, 1, 0, 0, 0, 1, 0, 0, 2, 0, 0, 1, 0, 0, 3, 0, 1, 0, 2, 0, 0, 3, 0, 1, 1, 0, 0, 0, 0, 1, 3, 0, 0, 1, 0, 2, 0, 0, 0, 0, 0, 1, 0, 1, 0, 1, 1, 0, 2, 0, 0, 0, 0, 0, 0, 0, 2, 0, 0, 1, 0, 0, 1, 0, 0, 3, 0, 0, 1, 2, 0, 0, 0, 0, 0, 3, 1, 0, 0, 2, 1, 3, 1, 0, 0, 0, 0],908.8272556494078,49235.066718390466,107289.32240407266,false
39,G3_TWC,G2_TEC,[31, 22, 82, 15, 26, 9, 95, 42, 77, 68, 47, 5, 93, 78, 86, 54, 85, 63, 18, 44, 20, 49, 36, 14, 74, 50, 53, 17, 21, 28, 11, 64, 3, 23, 30, 83, 24, 41, 40, 52, 65, 27, 90, 70, 39, 87, 48, 69, 99, 4, 75, 1, 13, 58, 97, 59, 45, 8, 73, 37, 35, 79, 71, 66, 76, 32, 60, 80, 56, 6, 67, 61, 33, 7, 57, 34, 12, 16, 10, 98, 46, 88, 43, 96, 91, 38, 19, 92, 29, 84, 51, 55, 81, 89, 25, 72, 94, 2, 62, 0]|[2, 1, 2, 1, 1, 2, 1, 1, 1, 1, 1, 0, 2, 2, 1, 2, 0, 0, 0, 2, 2, 1, 0, 2, 0, 2, 2, 1, 0, 1, 1, 1, 0, 0, 1, 0, 2, 1, 2, 2, 0, 0, 1, 1, 0, 2, 0, 2, 1, 0, 0, 2, 0, 0, 2, 0, 1, 1, 0, 0, 2, 1, 1, 2, 2, 0, 2, 2, 2, 1, 2, 1, 1, 2, 0, 1, 1, 2, 1, 2, 0, 1, 1, 0, 1, 0, 1, 0, 1, 0, 1, 0, 1, 1, 1, 1, 2, 2, 1, 0]|[0, 3, 0, 3, 4, 1, 4, 4, 2, 4, 3, 2, 1, 0, 2, 1, 1, 1, 2, 1, 1, 3, 0, 1, 0, 1, 1, 4, 1, 4, 3, 2, 2, 0, 4, 1, 1, 4, 1, 1, 2, 1, 4, 4, 1, 1, 0, 2, 3, 2, 2, 1, 2, 1, 1, 2, 4, 3, 0, 2, 2, 3, 3, 1, 1, 2, 1, 1, 1, 4, 1, 3, 4, 1, 2, 4, 3, 1, 3, 1, 2, 4, 4, 2, 3, 2, 4, 2, 3, 2, 3, 2, 4, 4, 4, 4, 1, 1, 3, 2]|[0, 2, 0, 0, 3, 0, 1, 3, 0, 0, 2, 0, 1, 0, 1, 0, 0, 0, 1, 0, 0, 2, 0, 0, 1, 0, 0, 3, 0, 1, 0, 2, 0, 0, 3, 0, 1, 1, 0, 0, 0, 0, 1, 3, 0, 0, 1, 0, 2, 0, 0, 0, 0, 0, 1, 0, 1, 0, 1, 1, 0, 2, 0, 0, 0, 0, 0, 0, 0, 2, 0, 0, 1, 0, 0, 1, 0, 0, 3, 0, 0, 1, 2, 0, 0, 0, 1, 0, 3, 0, 0, 0, 2, 1, 3, 1, 0, 0, 0, 0],908.8272556494078,49227.59506226966,107356.03879257721,true
39,G1_CMAX,G3_TWC,[31, 22, 82, 15, 26, 58, 95, 42, 77, 12, 47, 5, 93, 78, 98, 54, 85, 63, 18, 44, 20, 35, 43, 97, 91, 76, 10, 30, 21, 45, 71, 64, 1, 23, 17, 83, 24, 14, 60, 36, 6, 57, 94, 88, 65, 56, 79, 40, 67, 68, 46, 75, 38, 9, 19, 32, 81, 41, 27, 62, 87, 90, 99, 59, 11, 16, 72, 73, 70, 39, 37, 84, 3, 92, 25, 55, 28, 29, 51, 7, 33, 61, 86, 48, 89, 50, 66, 96, 53, 80, 4, 8, 34, 49, 52, 0, 13, 2, 69, 74]|[1, 1, 0, 1, 1, 1, 1, 2, 2, 1, 2, 2, 2, 1, 1, 0, 0, 1, 0, 2, 2, 0, 1, 2, 0, 1, 2, 2, 0, 0, 1, 2, 1, 2, 1, 0, 2, 0, 1, 1, 0, 1, 1, 1, 0, 2, 1, 1, 0, 0, 0, 0, 1, 1, 2, 1, 2, 0, 0, 0, 2, 1, 0, 1, 2, 1, 2, 1, 1, 1, 1, 1, 2, 0, 1, 1, 0, 0, 0, 1, 2, 1, 0, 0, 1, 0, 2, 0, 0, 0, 0, 1, 2, 0, 1, 0, 0, 0, 1, 2]|[4, 3, 2, 2, 0, 0, 2, 2, 2, 4, 1, 1, 2, 4, 4, 1, 2, 4, 2, 1, 1, 1, 1, 2, 1, 2, 1, 1, 1, 1, 3, 2, 3, 1, 4, 0, 1, 1, 0, 3, 2, 2, 4, 0, 1, 1, 0, 2, 0, 1, 2, 2, 1, 4, 0, 3, 2, 1, 1, 2, 1, 3, 1, 1, 1, 3, 0, 4, 3, 1, 4, 1, 1, 2, 4, 4, 2, 1, 1, 3, 1, 3, 1, 1, 1, 1, 1, 1, 2, 1, 2, 3, 1, 1, 1, 2, 2, 2, 3, 1]|[0, 2, 1, 1, 3, 3, 1, 0, 0, 0, 0, 0, 1, 0, 1, 0, 0, 3, 1, 0, 0, 0, 3, 1, 0, 2, 0, 0, 0, 1, 0, 0, 0, 0, 3, 0, 1, 0, 0, 2, 1, 1, 2, 0, 0, 0, 0, 1, 1, 0, 0, 0, 1, 3, 0, 0, 1, 0, 0, 1, 0, 2, 0, 1, 0, 2, 1, 0, 0, 1, 1, 3, 0, 1, 3, 3, 1, 0, 0, 2, 0, 0, 0, 0, 1, 0, 0, 0, 1, 0, 1, 2, 0, 1, 1, 0, 0, 0, 0, 0],805.5111748560577,57366.432107770626,90127.9774474478,true
39,G4_BALANCED,G1_CMAX,[22, 82, 3, 58, 95, 42, 77, 47, 5, 93, 78, 12, 86, 54, 50, 63, 18, 44, 20, 35, 43, 97, 91, 76, 10, 30, 21, 45, 71, 64, 36, 23, 17, 83, 24, 14, 60, 1, 6, 40, 57, 90, 65, 56, 79, 94, 67, 68, 46, 75, 38, 9, 19, 32, 81, 41, 27, 62, 16, 55, 59, 89, 88, 87, 31, 72, 73, 70, 39, 37, 84, 92, 25, 11, 48, 15, 29, 51, 7, 33, 61, 98, 28, 99, 26, 85, 66, 96, 53, 80, 4, 8, 34, 49, 52, 2, 13, 0, 69, 74]|[1, 0, 1, 0, 1, 2, 2, 2, 2, 2, 1, 1, 1, 0, 0, 1, 0, 2, 2, 0, 1, 2, 0, 1, 2, 2, 0, 0, 1, 2, 1, 2, 1, 0, 2, 0, 1, 1, 0, 1, 1, 1, 0, 2, 1, 1, 0, 0, 0, 0, 1, 1, 2, 1, 2, 0, 0, 0, 1, 2, 1, 1, 1, 1, 1, 2, 1, 2, 1, 1, 1, 0, 1, 2, 2, 1, 0, 0, 1, 2, 1, 2, 0, 1, 1, 0, 0, 2, 0, 0, 1, 1, 2, 0, 1, 0, 0, 0, 1, 2]|[3, 2, 1, 1, 2, 1, 2, 1, 1, 2, 4, 4, 4, 1, 1, 4, 2, 1, 1, 1, 1, 2, 1, 2, 1, 1, 2, 1, 3, 2, 3, 1, 4, 1, 1, 1, 0, 3, 2, 2, 2, 3, 1, 1, 0, 4, 0, 1, 2, 2, 1, 4, 0, 3, 2, 1, 1, 2, 3, 1, 1, 1, 0, 3, 0, 0, 3, 0, 1, 4, 1, 0, 4, 1, 1, 4, 1, 1, 1, 1, 3, 1, 2, 1, 0, 2, 1, 1, 2, 1, 4, 3, 1, 1, 1, 2, 2, 2, 4, 1]|[3, 1, 2, 0, 1, 0, 0, 0, 0, 1, 0, 0, 1, 0, 0, 3, 1, 0, 0, 0, 3, 1, 0, 2, 0, 0, 0, 1, 0, 0, 2, 0, 3, 0, 1, 0, 0, 0, 1, 1, 1, 2, 0, 0, 0, 2, 1, 0, 0, 0, 1, 3, 0, 0, 1, 0, 0, 1, 2, 0, 1, 1, 0, 2, 0, 1, 0, 1, 1, 1, 1, 1, 3, 0, 0, 3, 0, 0, 2, 0, 0, 0, 1, 1, 3, 0, 0, 0, 1, 0, 0, 2, 0, 1, 1, 0, 0, 0, 2, 0],715.7913946700162,58060.95961022334,95287.06515100288,true
39,G2_TEC,G2_TEC,[31, 22, 82, 15, 26, 9, 95, 42, 77, 68, 47, 5, 93, 78, 86, 54, 85, 63, 18, 44, 20, 49, 36, 14, 74, 50, 53, 17, 21, 28, 11, 64, 3, 23, 30, 83, 24, 41, 40, 52, 65, 27, 90, 70, 39, 87, 48, 69, 99, 4, 75, 1, 13, 58, 97, 59, 45, 8, 73, 37, 35, 79, 71, 66, 76, 32, 60, 80, 56, 6, 67, 61, 33, 7, 57, 34, 12, 16, 10, 98, 96, 88, 43, 46, 91, 38, 84, 92, 29, 19, 51, 55, 81, 89, 25, 72, 94, 2, 0, 62]|[2, 1, 2, 1, 1, 2, 1, 1, 1, 1, 1, 0, 2, 2, 1, 2, 0, 0, 0, 2, 2, 1, 0, 2, 0, 2, 2, 1, 0, 1, 1, 1, 0, 0, 1, 0, 2, 1, 2, 2, 0, 0, 1, 1, 0, 2, 0, 2, 1, 0, 0, 2, 0, 0, 2, 0, 1, 1, 0, 0, 2, 1, 1, 2, 2, 0, 2, 2, 2, 1, 2, 1, 1, 2, 0, 1, 1, 2, 1, 2, 0, 1, 1, 0, 1, 0, 0, 0, 1, 1, 1, 0, 1, 1, 1, 1, 2, 2, 0, 1]|[0, 3, 0, 3, 4, 1, 4, 4, 2, 4, 3, 2, 1, 0, 2, 1, 1, 1, 2, 1, 1, 3, 0, 1, 0, 1, 1, 4, 1, 4, 3, 2, 2, 0, 4, 1, 1, 4, 1, 1, 2, 1, 4, 4, 1, 1, 0, 2, 3, 2, 2, 1, 2, 1, 1, 2, 4, 3, 0, 2, 2, 3, 3, 1, 1, 2, 1, 1, 1, 4, 1, 3, 4, 1, 2, 4, 3, 1, 3, 1, 2, 4, 4, 2, 3, 2, 2, 2, 3, 4, 3, 2, 4, 4, 4, 4, 1, 1, 2, 3]|[0, 2, 0, 0, 3, 0, 1, 3, 0, 0, 2, 0, 1, 0, 1, 0, 0, 0, 1, 0, 0, 2, 0, 0, 1, 0, 0, 3, 0, 1, 0, 2, 0, 0, 3, 0, 1, 1, 0, 0, 0, 0, 1, 3, 0, 0, 1, 0, 2, 0, 0, 0, 0, 0, 1, 0, 1, 0, 1, 1, 0, 2, 0, 0, 0, 0, 0, 0, 0, 2, 0, 0, 1, 0, 0, 1, 0, 0, 3, 0, 0, 1, 2, 0, 0, 0, 0, 0, 3, 1, 0, 0, 2, 1, 3, 1, 0, 0, 0, 0],908.8272556494078,49235.066718390466,107289.32240407266,false
39,G3_TWC,G2_TEC,[31, 22, 82, 15, 26, 9, 95, 42, 77, 68, 47, 5, 93, 78, 86, 54, 85, 63, 18, 44, 20, 49, 36, 14, 74, 50, 53, 17, 21, 28, 11, 64, 3, 23, 30, 83, 24, 41, 40, 52, 65, 27, 90, 70, 39, 87, 48, 69, 99, 4, 75, 1, 13, 58, 97, 59, 45, 8, 73, 37, 35, 79, 71, 66, 76, 32, 60, 80, 56, 6, 67, 61, 33, 7, 57, 34, 12, 16, 10, 98, 46, 88, 43, 96, 91, 38, 19, 92, 29, 84, 51, 55, 81, 89, 25, 72, 94, 2, 62, 0]|[2, 1, 2, 1, 1, 2, 1, 1, 1, 1, 1, 0, 2, 2, 1, 2, 0, 0, 0, 2, 2, 1, 0, 2, 0, 2, 2, 1, 0, 1, 1, 1, 0, 0, 1, 0, 2, 1, 2, 2, 0, 0, 1, 1, 0, 2, 0, 2, 1, 0, 0, 2, 0, 0, 2, 0, 1, 1, 0, 0, 2, 1, 1, 2, 2, 0, 2, 2, 2, 1, 2, 1, 1, 2, 0, 1, 1, 2, 1, 2, 0, 1, 1, 0, 1, 0, 1, 0, 1, 0, 1, 0, 1, 1, 1, 1, 2, 2, 1, 0]|[0, 3, 0, 3, 4, 1, 4, 4, 2, 4, 3, 2, 1, 0, 2, 1, 1, 1, 2, 1, 1, 3, 0, 1, 0, 1, 1, 4, 1, 4, 3, 2, 2, 0, 4, 1, 1, 4, 1, 1, 2, 1, 4, 4, 1, 1, 0, 2, 3, 2, 2, 1, 2, 1, 1, 2, 4, 3, 0, 2, 2, 3, 3, 1, 1, 2, 1, 1, 1, 4, 1, 3, 4, 1, 2, 4, 3, 1, 3, 1, 2, 4, 4, 2, 3, 2, 4, 2, 3, 2, 3, 2, 4, 4, 4, 4, 1, 1, 3, 2]|[0, 2, 0, 0, 3, 0, 1, 3, 0, 0, 2, 0, 1, 0, 1, 0, 0, 0, 1, 0, 0, 2, 0, 0, 1, 0, 0, 3, 0, 1, 0, 2, 0, 0, 3, 0, 1, 1, 0, 0, 0, 0, 1, 3, 0, 0, 1, 0, 2, 0, 0, 0, 0, 0, 1, 0, 1, 0, 1, 1, 0, 2, 0, 0, 0, 0, 0, 0, 0, 2, 0, 0, 1, 0, 0, 1, 0, 0, 3, 0, 0, 1, 2, 0, 0, 0, 1, 0, 3, 0, 0, 0, 2, 1, 3, 1, 0, 0, 0, 0],908.8272556494078,49227.59506226966,107356.03879257721,true
39,G1_CMAX,G3_TWC,[31, 22, 82, 15, 26, 58, 95, 42, 77, 12, 47, 5, 93, 78, 98, 54, 85, 63, 18, 44, 20, 35, 43, 97, 91, 76, 10, 30, 21, 45, 71, 64, 1, 23, 17, 83, 24, 14, 60, 36, 6, 57, 94, 88, 65, 56, 79, 40, 67, 68, 46, 75, 38, 9, 19, 32, 81, 41, 27, 62, 87, 90, 99, 59, 11, 16, 72, 73, 70, 39, 37, 84, 3, 92, 25, 55, 28, 29, 51, 7, 33, 61, 86, 48, 89, 50, 66, 96, 53, 80, 4, 8, 34, 49, 52, 0, 13, 2, 69, 74]|[1, 1, 0, 1, 1, 1, 1, 2, 2, 1, 2, 2, 2, 1, 1, 0, 0, 1, 0, 2, 2, 0, 1, 2, 0, 1, 2, 2, 0, 0, 1, 2, 1, 2, 1, 0, 2, 0, 1, 1, 0, 1, 1, 1, 0, 2, 1, 1, 0, 0, 0, 0, 1, 1, 2, 1, 2, 0, 0, 0, 2, 1, 0, 1, 2, 1, 2, 1, 1, 1, 1, 1, 2, 0, 1, 1, 0, 0, 0, 1, 2, 1, 0, 0, 1, 0, 2, 0, 0, 0, 0, 1, 2, 0, 1, 0, 0, 0, 1, 2]|[4, 3, 2, 2, 0, 0, 2, 2, 2, 4, 1, 1, 2, 4, 4, 1, 2, 4, 2, 1, 1, 1, 1, 2, 1, 2, 1, 1, 1, 1, 3, 2, 3, 1, 4, 0, 1, 1, 0, 3, 2, 2, 4, 0, 1, 1, 0, 2, 0, 1, 2, 2, 1, 4, 0, 3, 2, 1, 1, 2, 1, 3, 1, 1, 1, 3, 0, 4, 3, 1, 4, 1, 1, 2, 4, 4, 2, 1, 1, 3, 1, 3, 1, 1, 1, 1, 1, 1, 2, 1, 2, 3, 1, 1, 1, 2, 2, 2, 3, 1]|[0, 2, 1, 1, 3, 3, 1, 0, 0, 0, 0, 0, 1, 0, 1, 0, 0, 3, 1, 0, 0, 0, 3, 1, 0, 2, 0, 0, 0, 1, 0, 0, 0, 0, 3, 0, 1, 0, 0, 2, 1, 1, 2, 0, 0, 0, 0, 1, 1, 0, 0, 0, 1, 3, 0, 0, 1, 0, 0, 1, 0, 2, 0, 1, 0, 2, 1, 0, 0, 1, 1, 3, 0, 1, 3, 3, 1, 0, 0, 2, 0, 0, 0, 0, 1, 0, 0, 0, 1, 0, 1, 2, 0, 1, 1, 0, 0, 0, 0, 0],805.5111748560577,57366.432107770626,90127.9774474478,true
39,G4_BALANCED,G1_CMAX,[22, 82, 3, 58, 95, 42, 77, 47, 5, 93, 78, 12, 86, 54, 50, 63, 18, 44, 20, 35, 43, 97, 91, 76, 10, 30, 21, 45, 71, 64, 36, 23, 17, 83, 24, 14, 60, 1, 6, 40, 57, 90, 65, 56, 79, 94, 67, 68, 46, 75, 38, 9, 19, 32, 81, 41, 27, 62, 16, 55, 59, 89, 88, 87, 31, 72, 73, 70, 39, 37, 84, 92, 25, 11, 48, 15, 29, 51, 7, 33, 61, 98, 28, 99, 26, 85, 66, 96, 53, 80, 4, 8, 34, 49, 52, 2, 13, 0, 69, 74]|[1, 0, 1, 0, 1, 2, 2, 2, 2, 2, 1, 1, 1, 0, 0, 1, 0, 2, 2, 0, 1, 2, 0, 1, 2, 2, 0, 0, 1, 2, 1, 2, 1, 0, 2, 0, 1, 1, 0, 1, 1, 1, 0, 2, 1, 1, 0, 0, 0, 0, 1, 1, 2, 1, 2, 0, 0, 0, 1, 2, 1, 1, 1, 1, 1, 2, 1, 2, 1, 1, 1, 0, 1, 2, 2, 1, 0, 0, 1, 2, 1, 2, 0, 1, 1, 0, 0, 2, 0, 0, 1, 1, 2, 0, 1, 0, 0, 0, 1, 2]|[3, 2, 1, 1, 2, 1, 2, 1, 1, 2, 4, 4, 4, 1, 1, 4, 2, 1, 1, 1, 1, 2, 1, 2, 1, 1, 2, 1, 3, 2, 3, 1, 4, 1, 1, 1, 0, 3, 2, 2, 2, 3, 1, 1, 0, 4, 0, 1, 2, 2, 1, 4, 0, 3, 2, 1, 1, 2, 3, 1, 1, 1, 0, 3, 0, 0, 3, 0, 1, 4, 1, 0, 4, 1, 1, 4, 1, 1, 1, 1, 3, 1, 2, 1, 0, 2, 1, 1, 2, 1, 4, 3, 1, 1, 1, 2, 2, 2, 4, 1]|[3, 1, 2, 0, 1, 0, 0, 0, 0, 1, 0, 0, 1, 0, 0, 3, 1, 0, 0, 0, 3, 1, 0, 2, 0, 0, 0, 1, 0, 0, 2, 0, 3, 0, 1, 0, 0, 0, 1, 1, 1, 2, 0, 0, 0, 2, 1, 0, 0, 0, 1, 3, 0, 0, 1, 0, 0, 1, 2, 0, 1, 1, 0, 2, 0, 1, 0, 1, 1, 1, 1, 1, 3, 0, 0, 3, 0, 0, 2, 0, 0, 0, 1, 1, 3, 0, 0, 0, 1, 0, 0, 2, 0, 1, 1, 0, 0, 0, 2, 0],715.7913946700162,58060.95961022334,95287.06515100288,true
39,G2_TEC,G2_TEC,[31, 22, 82, 15, 26, 9, 95, 42, 77, 68, 47, 5, 93, 78, 86, 54, 85, 63, 18, 44, 20, 49, 36, 14, 74, 50, 53, 17, 21, 28, 11, 64, 3, 23, 30, 83, 24, 41, 40, 52, 65, 27, 90, 70, 39, 87, 48, 69, 99, 4, 75, 1, 13, 58, 97, 59, 45, 8, 73, 37, 35, 79, 71, 66, 76, 32, 60, 80, 56, 6, 67, 61, 33, 7, 57, 34, 12, 16, 10, 98, 96, 88, 43, 46, 91, 38, 84, 92, 29, 19, 51, 55, 81, 89, 25, 72, 94, 2, 0, 62]|[2, 1, 2, 1, 1, 2, 1, 1, 1, 1, 1, 0, 2, 2, 1, 2, 0, 0, 0, 2, 2, 1, 0, 2, 0, 2, 2, 1, 0, 1, 1, 1, 0, 0, 1, 0, 2, 1, 2, 2, 0, 0, 1, 1, 0, 2, 0, 2, 1, 0, 0, 2, 0, 0, 2, 0, 1, 1, 0, 0, 2, 1, 1, 2, 2, 0, 2, 2, 2, 1, 2, 1, 1, 2, 0, 1, 1, 2, 1, 2, 0, 1, 1, 0, 1, 0, 0, 0, 1, 1, 1, 0, 1, 1, 1, 1, 2, 2, 0, 1]|[0, 3, 0, 3, 4, 1, 4, 4, 2, 4, 3, 2, 1, 0, 2, 1, 1, 1, 2, 1, 1, 3, 0, 1, 0, 1, 1, 4, 1, 4, 3, 2, 2, 0, 4, 1, 1, 4, 1, 1, 2, 1, 4, 4, 1, 1, 0, 2, 3, 2, 2, 1, 2, 1, 1, 2, 4, 3, 0, 2, 2, 3, 3, 1, 1, 2, 1, 1, 1, 4, 1, 3, 4, 1, 2, 4, 3, 1, 3, 1, 2, 4, 4, 2, 3, 2, 2, 2, 3, 4, 3, 2, 4, 4, 4, 4, 1, 1, 2, 3]|[0, 2, 0, 0, 3, 0, 1, 3, 0, 0, 2, 0, 1, 0, 1, 0, 0, 0, 1, 0, 0, 2, 0, 0, 1, 0, 0, 3, 0, 1, 0, 2, 0, 0, 3, 0, 1, 1, 0, 0, 0, 0, 1, 3, 0, 0, 1, 0, 2, 0, 0, 0, 0, 0, 1, 0, 1, 0, 1, 1, 0, 2, 0, 0, 0, 0, 0, 0, 0, 2, 0, 0, 1, 0, 0, 1, 0, 0, 3, 0, 0, 1, 2, 0, 0, 0, 0, 0, 3, 1, 0, 0, 2, 1, 3, 1, 0, 0, 0, 0],908.8272556494078,49235.066718390466,107289.32240407266,false
39,G3_TWC,G2_TEC,[31, 22, 82, 15, 26, 9, 95, 42, 77, 68, 47, 5, 93, 78, 86, 54, 85, 63, 18, 44, 20, 49, 36, 14, 74, 50, 53, 17, 21, 28, 11, 64, 3, 23, 30, 83, 24, 41, 40, 52, 65, 27, 90, 70, 39, 87, 48, 69, 99, 4, 75, 1, 13, 58, 97, 59, 45, 8, 73, 37, 35, 79, 71, 66, 76, 32, 60, 80, 56, 6, 67, 61, 33, 7, 57, 34, 12, 16, 10, 98, 46, 88, 43, 96, 91, 38, 19, 92, 29, 84, 51, 55, 81, 89, 25, 72, 94, 2, 62, 0]|[2, 1, 2, 1, 1, 2, 1, 1, 1, 1, 1, 0, 2, 2, 1, 2, 0, 0, 0, 2, 2, 1, 0, 2, 0, 2, 2, 1, 0, 1, 1, 1, 0, 0, 1, 0, 2, 1, 2, 2, 0, 0, 1, 1, 0, 2, 0, 2, 1, 0, 0, 2, 0, 0, 2, 0, 1, 1, 0, 0, 2, 1, 1, 2, 2, 0, 2, 2, 2, 1, 2, 1, 1, 2, 0, 1, 1, 2, 1, 2, 0, 1, 1, 0, 1, 0, 1, 0, 1, 0, 1, 0, 1, 1, 1, 1, 2, 2, 1, 0]|[0, 3, 0, 3, 4, 1, 4, 4, 2, 4, 3, 2, 1, 0, 2, 1, 1, 1, 2, 1, 1, 3, 0, 1, 0, 1, 1, 4, 1, 4, 3, 2, 2, 0, 4, 1, 1, 4, 1, 1, 2, 1, 4, 4, 1, 1, 0, 2, 3, 2, 2, 1, 2, 1, 1, 2, 4, 3, 0, 2, 2, 3, 3, 1, 1, 2, 1, 1, 1, 4, 1, 3, 4, 1, 2, 4, 3, 1, 3, 1, 2, 4, 4, 2, 3, 2, 4, 2, 3, 2, 3, 2, 4, 4, 4, 4, 1, 1, 3, 2]|[0, 2, 0, 0, 3, 0, 1, 3, 0, 0, 2, 0, 1, 0, 1, 0, 0, 0, 1, 0, 0, 2, 0, 0, 1, 0, 0, 3, 0, 1, 0, 2, 0, 0, 3, 0, 1, 1, 0, 0, 0, 0, 1, 3, 0, 0, 1, 0, 2, 0, 0, 0, 0, 0, 1, 0, 1, 0, 1, 1, 0, 2, 0, 0, 0, 0, 0, 0, 0, 2, 0, 0, 1, 0, 0, 1, 0, 0, 3, 0, 0, 1, 2, 0, 0, 0, 1, 0, 3, 0, 0, 0, 2, 1, 3, 1, 0, 0, 0, 0],908.8272556494078,49227.59506226966,107356.03879257721,true
39,G1_CMAX,G3_TWC,[31, 22, 82, 15, 26, 58, 95, 42, 77, 12, 47, 5, 93, 78, 98, 54, 85, 63, 18, 44, 20, 35, 43, 97, 91, 76, 10, 30, 21, 45, 71, 64, 1, 23, 17, 83, 24, 14, 60, 36, 6, 57, 94, 88, 65, 56, 79, 40, 67, 68, 46, 75, 38, 9, 19, 32, 81, 41, 27, 62, 87, 90, 99, 59, 11, 16, 72, 73, 70, 39, 37, 84, 3, 92, 25, 55, 28, 29, 51, 7, 33, 61, 86, 48, 89, 50, 66, 96, 53, 80, 4, 8, 34, 49, 52, 0, 13, 2, 69, 74]|[1, 1, 0, 1, 1, 1, 1, 2, 2, 1, 2, 2, 2, 1, 1, 0, 0, 1, 0, 2, 2, 0, 1, 2, 0, 1, 2, 2, 0, 0, 1, 2, 1, 2, 1, 0, 2, 0, 1, 1, 0, 1, 1, 1, 0, 2, 1, 1, 0, 0, 0, 0, 1, 1, 2, 1, 2, 0, 0, 0, 2, 1, 0, 1, 2, 1, 2, 1, 1, 1, 1, 1, 2, 0, 1, 1, 0, 0, 0, 1, 2, 1, 0, 0, 1, 0, 2, 0, 0, 0, 0, 1, 2, 0, 1, 0, 0, 0, 1, 2]|[4, 3, 2, 2, 0, 0, 2, 2, 2, 4, 1, 1, 2, 4, 4, 1, 2, 4, 2, 1, 1, 1, 1, 2, 1, 2, 1, 1, 1, 1, 3, 2, 3, 1, 4, 0, 1, 1, 0, 3, 2, 2, 4, 0, 1, 1, 0, 2, 0, 1, 2, 2, 1, 4, 0, 3, 2, 1, 1, 2, 1, 3, 1, 1, 1, 3, 0, 4, 3, 1, 4, 1, 1, 2, 4, 4, 2, 1, 1, 3, 1, 3, 1, 1, 1, 1, 1, 1, 2, 1, 2, 3, 1, 1, 1, 2, 2, 2, 3, 1]|[0, 2, 1, 1, 3, 3, 1, 0, 0, 0, 0, 0, 1, 0, 1, 0, 0, 3, 1, 0, 0, 0, 3, 1, 0, 2, 0, 0, 0, 1, 0, 0, 0, 0, 3, 0, 1, 0, 0, 2, 1, 1, 2, 0, 0, 0, 0, 1, 1, 0, 0, 0, 1, 3, 0, 0, 1, 0, 0, 1, 0, 2, 0, 1, 0, 2, 1, 0, 0, 1, 1, 3, 0, 1, 3, 3, 1, 0, 0, 2, 0, 0, 0, 0, 1, 0, 0, 0, 1, 0, 1, 2, 0, 1, 1, 0, 0, 0, 0, 0],805.5111748560577,57366.432107770626,90127.9774474478,true
39,G4_BALANCED,G1_CMAX,[22, 82, 3, 58, 95, 42, 77, 47, 5, 93, 78, 12, 86, 54, 50, 63, 18, 44, 20, 35, 43, 97, 91, 76, 10, 30, 21, 45, 71, 64, 36, 23, 17, 83, 24, 14, 60, 1, 6, 40, 57, 90, 65, 56, 79, 94, 67, 68, 46, 75, 38, 9, 19, 32, 81, 41, 27, 62, 16, 55, 59, 89, 88, 87, 31, 72, 73, 70, 39, 37, 84, 92, 25, 11, 48, 15, 29, 51, 7, 33, 61, 98, 28, 99, 26, 85, 66, 96, 53, 80, 4, 8, 34, 49, 52, 2, 13, 0, 69, 74]|[1, 0, 1, 0, 1, 2, 2, 2, 2, 2, 1, 1, 1, 0, 0, 1, 0, 2, 2, 0, 1, 2, 0, 1, 2, 2, 0, 0, 1, 2, 1, 2, 1, 0, 2, 0, 1, 1, 0, 1, 1, 1, 0, 2, 1, 1, 0, 0, 0, 0, 1, 1, 2, 1, 2, 0, 0, 0, 1, 2, 1, 1, 1, 1, 1, 2, 1, 2, 1, 1, 1, 0, 1, 2, 2, 1, 0, 0, 1, 2, 1, 2, 0, 1, 1, 0, 0, 2, 0, 0, 1, 1, 2, 0, 1, 0, 0, 0, 1, 2]|[3, 2, 1, 1, 2, 1, 2, 1, 1, 2, 4, 4, 4, 1, 1, 4, 2, 1, 1, 1, 1, 2, 1, 2, 1, 1, 2, 1, 3, 2, 3, 1, 4, 1, 1, 1, 0, 3, 2, 2, 2, 3, 1, 1, 0, 4, 0, 1, 2, 2, 1, 4, 0, 3, 2, 1, 1, 2, 3, 1, 1, 1, 0, 3, 0, 0, 3, 0, 1, 4, 1, 0, 4, 1, 1, 4, 1, 1, 1, 1, 3, 1, 2, 1, 0, 2, 1, 1, 2, 1, 4, 3, 1, 1, 1, 2, 2, 2, 4, 1]|[3, 1, 2, 0, 1, 0, 0, 0, 0, 1, 0, 0, 1, 0, 0, 3, 1, 0, 0, 0, 3, 1, 0, 2, 0, 0, 0, 1, 0, 0, 2, 0, 3, 0, 1, 0, 0, 0, 1, 1, 1, 2, 0, 0, 0, 2, 1, 0, 0, 0, 1, 3, 0, 0, 1, 0, 0, 1, 2, 0, 1, 1, 0, 2, 0, 1, 0, 1, 1, 1, 1, 1, 3, 0, 0, 3, 0, 0, 2, 0, 0, 0, 1, 1, 3, 0, 0, 0, 1, 0, 0, 2, 0, 1, 1, 0, 0, 0, 2, 0],715.7913946700162,58060.95961022334,95287.06515100288,true
39,G2_TEC,G2_TEC,[31, 22, 82, 15, 26, 9, 95, 42, 77, 68, 47, 5, 93, 78, 86, 54, 85, 63, 18, 44, 20, 49, 36, 14, 74, 50, 53, 17, 21, 28, 11, 64, 3, 23, 30, 83, 24, 41, 40, 52, 65, 27, 90, 70, 39, 87, 48, 69, 99, 4, 75, 1, 13, 58, 97, 59, 45, 8, 73, 37, 35, 79, 71, 66, 76, 32, 60, 80, 56, 6, 67, 61, 33, 7, 57, 34, 12, 16, 10, 98, 96, 88, 43, 46, 91, 38, 84, 92, 29, 19, 51, 55, 81, 89, 25, 72, 94, 2, 0, 62]|[2, 1, 2, 1, 1, 2, 1, 1, 1, 1, 1, 0, 2, 2, 1, 2, 0, 0, 0, 2, 2, 1, 0, 2, 0, 2, 2, 1, 0, 1, 1, 1, 0, 0, 1, 0, 2, 1, 2, 2, 0, 0, 1, 1, 0, 2, 0, 2, 1, 0, 0, 2, 0, 0, 2, 0, 1, 1, 0, 0, 2, 1, 1, 2, 2, 0, 2, 2, 2, 1, 2, 1, 1, 2, 0, 1, 1, 2, 1, 2, 0, 1, 1, 0, 1, 0, 0, 0, 1, 1, 1, 0, 1, 1, 1, 1, 2, 2, 0, 1]|[0, 3, 0, 3, 4, 1, 4, 4, 2, 4, 3, 2, 1, 0, 2, 1, 1, 1, 2, 1, 1, 3, 0, 1, 0, 1, 1, 4, 1, 4, 3, 2, 2, 0, 4, 1, 1, 4, 1, 1, 2, 1, 4, 4, 1, 1, 0, 2, 3, 2, 2, 1, 2, 1, 1, 2, 4, 3, 0, 2, 2, 3, 3, 1, 1, 2, 1, 1, 1, 4, 1, 3, 4, 1, 2, 4, 3, 1, 3, 1, 2, 4, 4, 2, 3, 2, 2, 2, 3, 4, 3, 2, 4, 4, 4, 4, 1, 1, 2, 3]|[0, 2, 0, 0, 3, 0, 1, 3, 0, 0, 2, 0, 1, 0, 1, 0, 0, 0, 1, 0, 0, 2, 0, 0, 1, 0, 0, 3, 0, 1, 0, 2, 0, 0, 3, 0, 1, 1, 0, 0, 0, 0, 1, 3, 0, 0, 1, 0, 2, 0, 0, 0, 0, 0, 1, 0, 1, 0, 1, 1, 0, 2, 0, 0, 0, 0, 0, 0, 0, 2, 0, 0, 1, 0, 0, 1, 0, 0, 3, 0, 0, 1, 2, 0, 0, 0, 0, 0, 3, 1, 0, 0, 2, 1, 3, 1, 0, 0, 0, 0],908.8272556494078,49235.066718390466,107289.32240407266,false
39,G3_TWC,G2_TEC,[31, 22, 82, 15, 26, 9, 95, 42, 77, 68, 47, 5, 93, 78, 86, 54, 85, 63, 18, 44, 20, 49, 36, 14, 74, 50, 53, 17, 21, 28, 11, 64, 3, 23, 30, 83, 24, 41, 40, 52, 65, 27, 90, 70, 39, 87, 48, 69, 99, 4, 75, 1, 13, 58, 97, 59, 45, 8, 73, 37, 35, 79, 71, 66, 76, 32, 60, 80, 56, 6, 67, 61, 33, 7, 57, 34, 12, 16, 10, 98, 46, 88, 43, 96, 91, 38, 19, 92, 29, 84, 51, 55, 81, 89, 25, 72, 94, 2, 62, 0]|[2, 1, 2, 1, 1, 2, 1, 1, 1, 1, 1, 0, 2, 2, 1, 2, 0, 0, 0, 2, 2, 1, 0, 2, 0, 2, 2, 1, 0, 1, 1, 1, 0, 0, 1, 0, 2, 1, 2, 2, 0, 0, 1, 1, 0, 2, 0, 2, 1, 0, 0, 2, 0, 0, 2, 0, 1, 1, 0, 0, 2, 1, 1, 2, 2, 0, 2, 2, 2, 1, 2, 1, 1, 2, 0, 1, 1, 2, 1, 2, 0, 1, 1, 0, 1, 0, 1, 0, 1, 0, 1, 0, 1, 1, 1, 1, 2, 2, 1, 0]|[0, 3, 0, 3, 4, 1, 4, 4, 2, 4, 3, 2, 1, 0, 2, 1, 1, 1, 2, 1, 1, 3, 0, 1, 0, 1, 1, 4, 1, 4, 3, 2, 2, 0, 4, 1, 1, 4, 1, 1, 2, 1, 4, 4, 1, 1, 0, 2, 3, 2, 2, 1, 2, 1, 1, 2, 4, 3, 0, 2, 2, 3, 3, 1, 1, 2, 1, 1, 1, 4, 1, 3, 4, 1, 2, 4, 3, 1, 3, 1, 2, 4, 4, 2, 3, 2, 4, 2, 3, 2, 3, 2, 4, 4, 4, 4, 1, 1, 3, 2]|[0, 2, 0, 0, 3, 0, 1, 3, 0, 0, 2, 0, 1, 0, 1, 0, 0, 0, 1, 0, 0, 2, 0, 0, 1, 0, 0, 3, 0, 1, 0, 2, 0, 0, 3, 0, 1, 1, 0, 0, 0, 0, 1, 3, 0, 0, 1, 0, 2, 0, 0, 0, 0, 0, 1, 0, 1, 0, 1, 1, 0, 2, 0, 0, 0, 0, 0, 0, 0, 2, 0, 0, 1, 0, 0, 1, 0, 0, 3, 0, 0, 1, 2, 0, 0, 0, 1, 0, 3, 0, 0, 0, 2, 1, 3, 1, 0, 0, 0, 0],908.8272556494078,49227.59506226966,107356.03879257721,true
39,G1_CMAX,G3_TWC,[31, 22, 82, 15, 26, 58, 95, 42, 77, 12, 47, 5, 93, 78, 98, 54, 85, 63, 18, 44, 20, 35, 43, 97, 91, 76, 10, 30, 21, 45, 71, 64, 1, 23, 17, 83, 24, 14, 60, 36, 6, 57, 94, 88, 65, 56, 79, 40, 67, 68, 46, 75, 38, 9, 19, 32, 81, 41, 27, 62, 87, 90, 99, 59, 11, 16, 72, 73, 70, 39, 37, 84, 3, 92, 25, 55, 28, 29, 51, 7, 33, 61, 86, 48, 89, 50, 66, 96, 53, 80, 4, 8, 34, 49, 52, 0, 13, 2, 69, 74]|[1, 1, 0, 1, 1, 1, 1, 2, 2, 1, 2, 2, 2, 1, 1, 0, 0, 1, 0, 2, 2, 0, 1, 2, 0, 1, 2, 2, 0, 0, 1, 2, 1, 2, 1, 0, 2, 0, 1, 1, 0, 1, 1, 1, 0, 2, 1, 1, 0, 0, 0, 0, 1, 1, 2, 1, 2, 0, 0, 0, 2, 1, 0, 1, 2, 1, 2, 1, 1, 1, 1, 1, 2, 0, 1, 1, 0, 0, 0, 1, 2, 1, 0, 0, 1, 0, 2, 0, 0, 0, 0, 1, 2, 0, 1, 0, 0, 0, 1, 2]|[4, 3, 2, 2, 0, 0, 2, 2, 2, 4, 1, 1, 2, 4, 4, 1, 2, 4, 2, 1, 1, 1, 1, 2, 1, 2, 1, 1, 1, 1, 3, 2, 3, 1, 4, 0, 1, 1, 0, 3, 2, 2, 4, 0, 1, 1, 0, 2, 0, 1, 2, 2, 1, 4, 0, 3, 2, 1, 1, 2, 1, 3, 1, 1, 1, 3, 0, 4, 3, 1, 4, 1, 1, 2, 4, 4, 2, 1, 1, 3, 1, 3, 1, 1, 1, 1, 1, 1, 2, 1, 2, 3, 1, 1, 1, 2, 2, 2, 3, 1]|[0, 2, 1, 1, 3, 3, 1, 0, 0, 0, 0, 0, 1, 0, 1, 0, 0, 3, 1, 0, 0, 0, 3, 1, 0, 2, 0, 0, 0, 1, 0, 0, 0, 0, 3, 0, 1, 0, 0, 2, 1, 1, 2, 0, 0, 0, 0, 1, 1, 0, 0, 0, 1, 3, 0, 0, 1, 0, 0, 1, 0, 2, 0, 1, 0, 2, 1, 0, 0, 1, 1, 3, 0, 1, 3, 3, 1, 0, 0, 2, 0, 0, 0, 0, 1, 0, 0, 0, 1, 0, 1, 2, 0, 1, 1, 0, 0, 0, 0, 0],805.5111748560577,57366.432107770626,90127.9774474478,true
39,G4_BALANCED,G1_CMAX,[22, 82, 3, 58, 95, 42, 77, 47, 5, 93, 78, 12, 86, 54, 50, 63, 18, 44, 20, 35, 43, 97, 91, 76, 10, 30, 21, 45, 71, 64, 36, 23, 17, 83, 24, 14, 60, 1, 6, 40, 57, 90, 65, 56, 79, 94, 67, 68, 46, 75, 38, 9, 19, 32, 81, 41, 27, 62, 16, 55, 59, 89, 88, 87, 31, 72, 73, 70, 39, 37, 84, 92, 25, 11, 48, 15, 29, 51, 7, 33, 61, 98, 28, 99, 26, 85, 66, 96, 53, 80, 4, 8, 34, 49, 52, 2, 13, 0, 69, 74]|[1, 0, 1, 0, 1, 2, 2, 2, 2, 2, 1, 1, 1, 0, 0, 1, 0, 2, 2, 0, 1, 2, 0, 1, 2, 2, 0, 0, 1, 2, 1, 2, 1, 0, 2, 0, 1, 1, 0, 1, 1, 1, 0, 2, 1, 1, 0, 0, 0, 0, 1, 1, 2, 1, 2, 0, 0, 0, 1, 2, 1, 1, 1, 1, 1, 2, 1, 2, 1, 1, 1, 0, 1, 2, 2, 1, 0, 0, 1, 2, 1, 2, 0, 1, 1, 0, 0, 2, 0, 0, 1, 1, 2, 0, 1, 0, 0, 0, 1, 2]|[3, 2, 1, 1, 2, 1, 2, 1, 1, 2, 4, 4, 4, 1, 1, 4, 2, 1, 1, 1, 1, 2, 1, 2, 1, 1, 2, 1, 3, 2, 3, 1, 4, 1, 1, 1, 0, 3, 2, 2, 2, 3, 1, 1, 0, 4, 0, 1, 2, 2, 1, 4, 0, 3, 2, 1, 1, 2, 3, 1, 1, 1, 0, 3, 0, 0, 3, 0, 1, 4, 1, 0, 4, 1, 1, 4, 1, 1, 1, 1, 3, 1, 2, 1, 0, 2, 1, 1, 2, 1, 4, 3, 1, 1, 1, 2, 2, 2, 4, 1]|[3, 1, 2, 0, 1, 0, 0, 0, 0, 1, 0, 0, 1, 0, 0, 3, 1, 0, 0, 0, 3, 1, 0, 2, 0, 0, 0, 1, 0, 0, 2, 0, 3, 0, 1, 0, 0, 0, 1, 1, 1, 2, 0, 0, 0, 2, 1, 0, 0, 0, 1, 3, 0, 0, 1, 0, 0, 1, 2, 0, 1, 1, 0, 2, 0, 1, 0, 1, 1, 1, 1, 1, 3, 0, 0, 3, 0, 0, 2, 0, 0, 0, 1, 1, 3, 0, 0, 0, 1, 0, 0, 2, 0, 1, 1, 0, 0, 0, 2, 0],715.7913946700162,58060.95961022334,95287.06515100288,true
39,G2_TEC,G2_TEC,[31, 22, 82, 15, 26, 9, 95, 42, 77, 68, 47, 5, 93, 78, 86, 54, 85, 63, 18, 44, 20, 49, 36, 14, 74, 50, 53, 17, 21, 28, 11, 64, 3, 23, 30, 83, 24, 41, 40, 52, 65, 27, 90, 70, 39, 87, 48, 69, 99, 4, 75, 1, 13, 58, 97, 59, 45, 8, 73, 37, 35, 79, 71, 66, 76, 32, 60, 80, 56, 6, 67, 61, 33, 7, 57, 34, 12, 16, 10, 98, 96, 88, 43, 46, 91, 38, 84, 92, 29, 19, 51, 55, 81, 89, 25, 72, 94, 2, 0, 62]|[2, 1, 2, 1, 1, 2, 1, 1, 1, 1, 1, 0, 2, 2, 1, 2, 0, 0, 0, 2, 2, 1, 0, 2, 0, 2, 2, 1, 0, 1, 1, 1, 0, 0, 1, 0, 2, 1, 2, 2, 0, 0, 1, 1, 0, 2, 0, 2, 1, 0, 0, 2, 0, 0, 2, 0, 1, 1, 0, 0, 2, 1, 1, 2, 2, 0, 2, 2, 2, 1, 2, 1, 1, 2, 0, 1, 1, 2, 1, 2, 0, 1, 1, 0, 1, 0, 0, 0, 1, 1, 1, 0, 1, 1, 1, 1, 2, 2, 0, 1]|[0, 3, 0, 3, 4, 1, 4, 4, 2, 4, 3, 2, 1, 0, 2, 1, 1, 1, 2, 1, 1, 3, 0, 1, 0, 1, 1, 4, 1, 4, 3, 2, 2, 0, 4, 1, 1, 4, 1, 1, 2, 1, 4, 4, 1, 1, 0, 2, 3, 2, 2, 1, 2, 1, 1, 2, 4, 3, 0, 2, 2, 3, 3, 1, 1, 2, 1, 1, 1, 4, 1, 3, 4, 1, 2, 4, 3, 1, 3, 1, 2, 4, 4, 2, 3, 2, 2, 2, 3, 4, 3, 2, 4, 4, 4, 4, 1, 1, 2, 3]|[0, 2, 0, 0, 3, 0, 1, 3, 0, 0, 2, 0, 1, 0, 1, 0, 0, 0, 1, 0, 0, 2, 0, 0, 1, 0, 0, 3, 0, 1, 0, 2, 0, 0, 3, 0, 1, 1, 0, 0, 0, 0, 1, 3, 0, 0, 1, 0, 2, 0, 0, 0, 0, 0, 1, 0, 1, 0, 1, 1, 0, 2, 0, 0, 0, 0, 0, 0, 0, 2, 0, 0, 1, 0, 0, 1, 0, 0, 3, 0, 0, 1, 2, 0, 0, 0, 0, 0, 3, 1, 0, 0, 2, 1, 3, 1, 0, 0, 0, 0],908.8272556494078,49235.066718390466,107289.32240407266,false
39,G3_TWC,G2_TEC,[31, 22, 82, 15, 26, 9, 95, 42, 77, 68, 47, 5, 93, 78, 86, 54, 85, 63, 18, 44, 20, 49, 36, 14, 74, 50, 53, 17, 21, 28, 11, 64, 3, 23, 30, 83, 24, 41, 40, 52, 65, 27, 90, 70, 39, 87, 48, 69, 99, 4, 75, 1, 13, 58, 97, 59, 45, 8, 73, 37, 35, 79, 71, 66, 76, 32, 60, 80, 56, 6, 67, 61, 33, 7, 57, 34, 12, 16, 10, 98, 46, 88, 43, 96, 91, 38, 19, 92, 29, 84, 51, 55, 81, 89, 25, 72, 94, 2, 62, 0]|[2, 1, 2, 1, 1, 2, 1, 1, 1, 1, 1, 0, 2, 2, 1, 2, 0, 0, 0, 2, 2, 1, 0, 2, 0, 2, 2, 1, 0, 1, 1, 1, 0, 0, 1, 0, 2, 1, 2, 2, 0, 0, 1, 1, 0, 2, 0, 2, 1, 0, 0, 2, 0, 0, 2, 0, 1, 1, 0, 0, 2, 1, 1, 2, 2, 0, 2, 2, 2, 1, 2, 1, 1, 2, 0, 1, 1, 2, 1, 2, 0, 1, 1, 0, 1, 0, 1, 0, 1, 0, 1, 0, 1, 1, 1, 1, 2, 2, 1, 0]|[0, 3, 0, 3, 4, 1, 4, 4, 2, 4, 3, 2, 1, 0, 2, 1, 1, 1, 2, 1, 1, 3, 0, 1, 0, 1, 1, 4, 1, 4, 3, 2, 2, 0, 4, 1, 1, 4, 1, 1, 2, 1, 4, 4, 1, 1, 0, 2, 3, 2, 2, 1, 2, 1, 1, 2, 4, 3, 0, 2, 2, 3, 3, 1, 1, 2, 1, 1, 1, 4, 1, 3, 4, 1, 2, 4, 3, 1, 3, 1, 2, 4, 4, 2, 3, 2, 4, 2, 3, 2, 3, 2, 4, 4, 4, 4, 1, 1, 3, 2]|[0, 2, 0, 0, 3, 0, 1, 3, 0, 0, 2, 0, 1, 0, 1, 0, 0, 0, 1, 0, 0, 2, 0, 0, 1, 0, 0, 3, 0, 1, 0, 2, 0, 0, 3, 0, 1, 1, 0, 0, 0, 0, 1, 3, 0, 0, 1, 0, 2, 0, 0, 0, 0, 0, 1, 0, 1, 0, 1, 1, 0, 2, 0, 0, 0, 0, 0, 0, 0, 2, 0, 0, 1, 0, 0, 1, 0, 0, 3, 0, 0, 1, 2, 0, 0, 0, 1, 0, 3, 0, 0, 0, 2, 1, 3, 1, 0, 0, 0, 0],908.8272556494078,49227.59506226966,107356.03879257721,true
39,G1_CMAX,G3_TWC,[31, 22, 82, 15, 26, 58, 95, 42, 77, 12, 47, 5, 93, 78, 98, 54, 85, 63, 18, 44, 20, 35, 43, 97, 91, 76, 10, 30, 21, 45, 71, 64, 1, 23, 17, 83, 24, 14, 60, 36, 6, 57, 94, 88, 65, 56, 79, 40, 67, 68, 46, 75, 38, 9, 19, 32, 81, 41, 27, 62, 87, 90, 99, 59, 11, 16, 72, 73, 70, 39, 37, 84, 3, 92, 25, 55, 28, 29, 51, 7, 33, 61, 86, 48, 89, 50, 66, 96, 53, 80, 4, 8, 34, 49, 52, 0, 13, 2, 69, 74]|[1, 1, 0, 1, 1, 1, 1, 2, 2, 1, 2, 2, 2, 1, 1, 0, 0, 1, 0, 2, 2, 0, 1, 2, 0, 1, 2, 2, 0, 0, 1, 2, 1, 2, 1, 0, 2, 0, 1, 1, 0, 1, 1, 1, 0, 2, 1, 1, 0, 0, 0, 0, 1, 1, 2, 1, 2, 0, 0, 0, 2, 1, 0, 1, 2, 1, 2, 1, 1, 1, 1, 1, 2, 0, 1, 1, 0, 0, 0, 1, 2, 1, 0, 0, 1, 0, 2, 0, 0, 0, 0, 1, 2, 0, 1, 0, 0, 0, 1, 2]|[4, 3, 2, 2, 0, 0, 2, 2, 2, 4, 1, 1, 2, 4, 4, 1, 2, 4, 2, 1, 1, 1, 1, 2, 1, 2, 1, 1, 1, 1, 3, 2, 3, 1, 4, 0, 1, 1, 0, 3, 2, 2, 4, 0, 1, 1, 0, 2, 0, 1, 2, 2, 1, 4, 0, 3, 2, 1, 1, 2, 1, 3, 1, 1, 1, 3, 0, 4, 3, 1, 4, 1, 1, 2, 4, 4, 2, 1, 1, 3, 1, 3, 1, 1, 1, 1, 1, 1, 2, 1, 2, 3, 1, 1, 1, 2, 2, 2, 3, 1]|[0, 2, 1, 1, 3, 3, 1, 0, 0, 0, 0, 0, 1, 0, 1, 0, 0, 3, 1, 0, 0, 0, 3, 1, 0, 2, 0, 0, 0, 1, 0, 0, 0, 0, 3, 0, 1, 0, 0, 2, 1, 1, 2, 0, 0, 0, 0, 1, 1, 0, 0, 0, 1, 3, 0, 0, 1, 0, 0, 1, 0, 2, 0, 1, 0, 2, 1, 0, 0, 1, 1, 3, 0, 1, 3, 3, 1, 0, 0, 2, 0, 0, 0, 0, 1, 0, 0, 0, 1, 0, 1, 2, 0, 1, 1, 0, 0, 0, 0, 0],805.5111748560577,57366.432107770626,90127.9774474478,true
39,G4_BALANCED,G2_TEC,[31, 22, 82, 15, 26, 9, 95, 42, 77, 68, 47, 5, 93, 78, 86, 54, 85, 63, 18, 44, 20, 49, 36, 14, 74, 50, 53, 17, 21, 28, 11, 64, 3, 23, 30, 83, 24, 41, 40, 52, 65, 27, 90, 70, 39, 87, 48, 69, 99, 4, 46, 1, 13, 58, 97, 59, 45, 8, 73, 37, 35, 79, 71, 66, 76, 32, 60, 80, 96, 6, 67, 61, 33, 7, 57, 34, 12, 16, 10, 98, 56, 88, 43, 75, 91, 38, 19, 92, 29, 84, 51, 55, 72, 25, 89, 81, 94, 2, 0, 62]|[2, 1, 2, 1, 1, 0, 1, 1, 1, 1, 1, 0, 2, 2, 1, 2, 0, 0, 0, 2, 2, 1, 0, 2, 0, 2, 2, 1, 0, 1, 1, 1, 0, 0, 1, 0, 2, 1, 2, 2, 0, 0, 1, 1, 0, 2, 0, 2, 1, 0, 0, 2, 0, 0, 2, 0, 1, 1, 0, 0, 2, 1, 1, 2, 2, 0, 2, 2, 0, 1, 2, 1, 1, 2, 0, 1, 1, 2, 1, 2, 2, 1, 1, 0, 1, 0, 1, 0, 1, 0, 1, 0, 1, 1, 1, 1, 2, 2, 0, 1]|[0, 3, 0, 3, 4, 1, 4, 4, 2, 4, 3, 2, 1, 0, 2, 1, 1, 1, 2, 1, 1, 3, 0, 1, 0, 1, 1, 4, 1, 4, 3, 2, 2, 0, 4, 1, 1, 4, 1, 1, 2, 1, 4, 4, 1, 1, 0, 2, 3, 2, 2, 1, 2, 1, 1, 2, 4, 3, 0, 2, 2, 3, 3, 1, 1, 2, 1, 1, 2, 4, 1, 3, 4, 1, 2, 4, 3, 1, 3, 1, 1, 4, 4, 2, 3, 2, 4, 2, 3, 2, 3, 2, 4, 4, 4, 4, 1, 1, 2, 3]|[0, 2, 0, 0, 3, 0, 1, 3, 0, 0, 2, 0, 1, 0, 1, 0, 0, 0, 1, 0, 0, 2, 0, 0, 1, 0, 0, 3, 0, 1, 0, 2, 0, 0, 3, 0, 1, 1, 0, 0, 0, 0, 1, 3, 0, 0, 1, 0, 2, 0, 0, 0, 0, 1, 1, 0, 1, 0, 1, 1, 0, 2, 0, 0, 0, 0, 0, 0, 0, 2, 0, 0, 1, 0, 0, 1, 0, 0, 3, 0, 0, 1, 2, 0, 0, 0, 1, 0, 3, 0, 0, 0, 1, 3, 1, 2, 0, 0, 0, 0],899.5093495624716,49861.95982698932,103705.26511491132,true
39,G2_TEC,G2_TEC,[31, 22, 82, 15, 26, 9, 95, 42, 77, 68, 47, 5, 93, 78, 86, 54, 85, 63, 18, 44, 20, 49, 36, 14, 74, 50, 53, 17, 21, 28, 11, 64, 3, 23, 30, 83, 24, 41, 40, 52, 65, 27, 90, 70, 39, 87, 48, 69, 99, 4, 75, 1, 13, 58, 97, 59, 45, 8, 73, 37, 35, 79, 71, 66, 76, 32, 60, 80, 56, 6, 67, 61, 33, 7, 57, 34, 12, 16, 10, 98, 96, 88, 43, 46, 91, 38, 84, 92, 29, 19, 51, 55, 81, 89, 25, 72, 94, 2, 0, 62]|[2, 1, 2, 1, 1, 2, 1, 1, 1, 1, 1, 0, 2, 2, 1, 2, 0, 0, 0, 2, 2, 1, 0, 2, 0, 2, 2, 1, 0, 1, 1, 1, 0, 0, 1, 0, 2, 1, 2, 2, 0, 0, 1, 1, 0, 2, 0, 2, 1, 0, 0, 2, 0, 0, 2, 0, 1, 1, 0, 0, 2, 1, 1, 2, 2, 0, 2, 2, 2, 1, 2, 1, 1, 2, 0, 1, 1, 2, 1, 2, 0, 1, 1, 0, 1, 0, 0, 0, 1, 1, 1, 0, 1, 1, 1, 1, 2, 2, 0, 1]|[0, 3, 0, 3, 4, 1, 4, 4, 2, 4, 3, 2, 1, 0, 2, 1, 1, 1, 2, 1, 1, 3, 0, 1, 0, 1, 1, 4, 1, 4, 3, 2, 2, 0, 4, 1, 1, 4, 1, 1, 2, 1, 4, 4, 1, 1, 0, 2, 3, 2, 2, 1, 2, 1, 1, 2, 4, 3, 0, 2, 2, 3, 3, 1, 1, 2, 1, 1, 1, 4, 1, 3, 4, 1, 2, 4, 3, 1, 3, 1, 2, 4, 4, 2, 3, 2, 2, 2, 3, 4, 3, 2, 4, 4, 4, 4, 1, 1, 2, 3]|[0, 2, 0, 0, 3, 0, 1, 3, 0, 0, 2, 0, 1, 0, 1, 0, 0, 0, 1, 0, 0, 2, 0, 0, 1, 0, 0, 3, 0, 1, 0, 2, 0, 0, 3, 0, 1, 1, 0, 0, 0, 0, 1, 3, 0, 0, 1, 0, 2, 0, 0, 0, 0, 0, 1, 0, 1, 0, 1, 1, 0, 2, 0, 0, 0, 0, 0, 0, 0, 2, 0, 0, 1, 0, 0, 1, 0, 0, 3, 0, 0, 1, 2, 0, 0, 0, 0, 0, 3, 1, 0, 0, 2, 1, 3, 1, 0, 0, 0, 0],908.8272556494078,49235.066718390466,107289.32240407266,false
39,G3_TWC,G4_BALANCED,[31, 22, 82, 15, 26, 58, 95, 42, 77, 12, 47, 5, 93, 78, 98, 54, 85, 63, 18, 44, 20, 35, 43, 97, 91, 76, 10, 30, 21, 45, 71, 64, 1, 23, 17, 83, 24, 14, 60, 36, 6, 57, 94, 88, 65, 56, 79, 40, 67, 68, 46, 75, 38, 9, 19, 32, 81, 41, 27, 62, 87, 90, 99, 59, 11, 16, 72, 73, 70, 39, 37, 84, 3, 92, 25, 55, 28, 29, 51, 7, 33, 61, 86, 48, 89, 34, 69, 96, 53, 80, 4, 8, 50, 49, 52, 0, 13, 2, 66, 74]|[1, 1, 0, 1, 1, 1, 2, 1, 2, 1, 2, 2, 2, 1, 1, 0, 0, 1, 0, 2, 2, 0, 1, 2, 0, 1, 2, 2, 0, 0, 1, 2, 1, 2, 1, 0, 2, 0, 1, 1, 0, 1, 1, 1, 0, 2, 1, 1, 0, 0, 0, 0, 1, 1, 2, 1, 2, 0, 0, 0, 2, 1, 0, 1, 2, 1, 2, 1, 1, 1, 1, 1, 2, 0, 1, 1, 0, 0, 0, 1, 2, 1, 0, 0, 1, 2, 1, 0, 0, 0, 0, 1, 0, 0, 1, 0, 0, 0, 2, 2]|[4, 3, 2, 2, 0, 0, 2, 2, 2, 4, 1, 1, 2, 4, 4, 1, 1, 4, 2, 1, 1, 1, 1, 2, 1, 2, 1, 1, 1, 1, 3, 2, 3, 0, 4, 0, 1, 1, 0, 3, 2, 2, 4, 0, 1, 1, 0, 2, 0, 1, 2, 2, 1, 4, 0, 3, 2, 1, 1, 2, 1, 3, 1, 1, 1, 3, 0, 4, 3, 1, 4, 1, 1, 2, 4, 4, 2, 1, 1, 3, 1, 3, 1, 1, 1, 1, 3, 1, 2, 1, 2, 3, 1, 1, 1, 2, 2, 2, 1, 1]|[0, 2, 1, 1, 3, 3, 0, 1, 0, 0, 0, 0, 1, 0, 1, 0, 0, 3, 1, 0, 0, 0, 3, 1, 0, 2, 0, 0, 0, 1, 0, 0, 0, 0, 3, 0, 1, 0, 0, 2, 1, 1, 2, 0, 0, 0, 0, 1, 1, 0, 0, 0, 1, 3, 0, 0, 1, 0, 0, 1, 0, 2, 0, 1, 0, 2, 1, 0, 0, 1, 1, 3, 0, 1, 3, 3, 1, 0, 0, 2, 0, 0, 0, 0, 1, 0, 0, 0, 1, 0, 1, 2, 0, 1, 1, 0, 0, 0, 0, 0],790.1921483697682,57957.04840138768,88951.83199580385,true
39,G1_CMAX,G3_TWC,[31, 22, 82, 15, 26, 58, 95, 42, 77, 12, 47, 5, 93, 78, 98, 54, 85, 63, 18, 44, 20, 35, 43, 97, 91, 76, 10, 30, 21, 45, 71, 64, 1, 23, 17, 83, 24, 14, 60, 36, 6, 57, 94, 88, 65, 56, 79, 40, 67, 68, 46, 75, 38, 9, 19, 32, 81, 41, 27, 62, 87, 90, 99, 59, 11, 16, 72, 73, 70, 39, 37, 84, 3, 92, 25, 55, 28, 29, 51, 7, 33, 61, 86, 48, 89, 50, 66, 96, 53, 80, 4, 8, 34, 49, 52, 0, 13, 2, 69, 74]|[1, 1, 0, 1, 1, 1, 1, 2, 2, 1, 2, 2, 2, 1, 1, 0, 0, 1, 0, 2, 2, 0, 1, 2, 0, 1, 2, 2, 0, 0, 1, 2, 1, 2, 1, 0, 2, 0, 1, 1, 0, 1, 1, 1, 0, 2, 1, 1, 0, 0, 0, 0, 1, 1, 2, 1, 2, 0, 0, 0, 2, 1, 0, 1, 2, 1, 2, 1, 1, 1, 1, 1, 2, 0, 1, 1, 0, 0, 0, 1, 2, 1, 0, 0, 1, 0, 2, 0, 0, 0, 0, 1, 2, 0, 1, 0, 0, 0, 1, 2]|[4, 3, 2, 2, 0, 0, 2, 2, 2, 4, 1, 1, 2, 4, 4, 1, 2, 4, 2, 1, 1, 1, 1, 2, 1, 2, 1, 1, 1, 1, 3, 2, 3, 1, 4, 0, 1, 1, 0, 3, 2, 2, 4, 0, 1, 1, 0, 2, 0, 1, 2, 2, 1, 4, 0, 3, 2, 1, 1, 2, 1, 3, 1, 1, 1, 3, 0, 4, 3, 1, 4, 1, 1, 2, 4, 4, 2, 1, 1, 3, 1, 3, 1, 1, 1, 1, 1, 1, 2, 1, 2, 3, 1, 1, 1, 2, 2, 2, 3, 1]|[0, 2, 1, 1, 3, 3, 1, 0, 0, 0, 0, 0, 1, 0, 1, 0, 0, 3, 1, 0, 0, 0, 3, 1, 0, 2, 0, 0, 0, 1, 0, 0, 0, 0, 3, 0, 1, 0, 0, 2, 1, 1, 2, 0, 0, 0, 0, 1, 1, 0, 0, 0, 1, 3, 0, 0, 1, 0, 0, 1, 0, 2, 0, 1, 0, 2, 1, 0, 0, 1, 1, 3, 0, 1, 3, 3, 1, 0, 0, 2, 0, 0, 0, 0, 1, 0, 0, 0, 1, 0, 1, 2, 0, 1, 1, 0, 0, 0, 0, 0],805.5111748560577,57366.432107770626,90127.9774474478,true
39,G4_BALANCED,G2_TEC,[31, 22, 82, 15, 26, 9, 95, 42, 77, 68, 47, 5, 93, 78, 86, 54, 85, 63, 18, 44, 20, 49, 36, 14, 74, 50, 53, 17, 21, 28, 11, 64, 3, 23, 30, 83, 24, 41, 40, 52, 65, 27, 90, 70, 39, 87, 48, 69, 99, 4, 75, 1, 13, 58, 97, 59, 45, 8, 73, 37, 35, 79, 71, 66, 76, 32, 60, 80, 96, 6, 67, 61, 33, 7, 57, 34, 12, 16, 10, 98, 56, 88, 43, 46, 91, 38, 84, 92, 29, 19, 51, 55, 72, 89, 25, 81, 94, 2, 62, 0]|[2, 1, 2, 1, 1, 0, 1, 1, 1, 1, 1, 0, 2, 2, 1, 2, 0, 0, 0, 2, 2, 1, 0, 2, 0, 2, 2, 1, 0, 1, 1, 1, 0, 0, 1, 0, 2, 1, 2, 2, 0, 0, 1, 1, 0, 2, 0, 2, 1, 0, 0, 2, 0, 0, 2, 0, 1, 1, 0, 0, 2, 1, 1, 2, 2, 0, 2, 2, 0, 1, 2, 1, 1, 2, 0, 1, 1, 2, 1, 2, 2, 1, 1, 0, 1, 0, 0, 0, 1, 1, 1, 0, 1, 1, 1, 1, 2, 2, 1, 0]|[0, 3, 0, 3, 4, 1, 4, 4, 2, 4, 3, 2, 1, 0, 2, 1, 1, 1, 2, 1, 1, 3, 0, 1, 0, 1, 1, 4, 1, 4, 3, 2, 2, 0, 4, 1, 1, 4, 1, 1, 2, 1, 4, 4, 1, 1, 0, 2, 3, 2, 2, 1, 2, 1, 1, 2, 4, 3, 0, 2, 2, 3, 3, 1, 1, 2, 1, 1, 2, 4, 1, 3, 4, 1, 2, 4, 3, 1, 3, 1, 1, 4, 4, 2, 3, 2, 2, 2, 3, 4, 3, 2, 4, 4, 4, 4, 1, 1, 3, 2]|[0, 2, 0, 0, 3, 0, 1, 3, 0, 0, 2, 0, 1, 0, 1, 0, 0, 0, 1, 0, 0, 2, 0, 0, 1, 0, 0, 3, 0, 1, 0, 2, 0, 0, 3, 0, 1, 1, 0, 0, 0, 0, 1, 3, 0, 0, 1, 0, 2, 0, 0, 0, 0, 1, 1, 0, 1, 0, 1, 1, 0, 2, 0, 0, 0, 0, 0, 0, 0, 2, 0, 0, 1, 0, 0, 1, 0, 0, 3, 0, 0, 1, 2, 0, 0, 0, 0, 0, 3, 1, 0, 0, 2, 1, 3, 2, 0, 0, 0, 0],899.1325661246834,49927.48535073735,103534.6068403138,true
39,G2_TEC,G2_TEC,[31, 22, 82, 15, 26, 9, 95, 42, 77, 68, 47, 5, 93, 78, 86, 54, 85, 63, 18, 44, 20, 49, 36, 14, 74, 50, 53, 17, 21, 28, 11, 64, 3, 23, 30, 83, 24, 41, 40, 52, 65, 27, 90, 70, 39, 87, 48, 69, 99, 4, 75, 1, 13, 58, 97, 59, 45, 8, 73, 37, 35, 79, 71, 66, 76, 32, 60, 80, 56, 6, 67, 61, 33, 7, 57, 34, 12, 16, 10, 98, 96, 88, 43, 46, 91, 38, 84, 92, 29, 19, 51, 55, 81, 89, 25, 72, 94, 2, 0, 62]|[2, 1, 2, 1, 1, 2, 1, 1, 1, 1, 1, 0, 2, 2, 1, 2, 0, 0, 0, 2, 2, 1, 0, 2, 0, 2, 2, 1, 0, 1, 1, 1, 0, 0, 1, 0, 2, 1, 2, 2, 0, 0, 1, 1, 0, 2, 0, 2, 1, 0, 0, 2, 0, 0, 2, 0, 1, 1, 0, 0, 2, 1, 1, 2, 2, 0, 2, 2, 2, 1, 2, 1, 1, 2, 0, 1, 1, 2, 1, 2, 0, 1, 1, 0, 1, 0, 0, 0, 1, 1, 1, 0, 1, 1, 1, 1, 2, 2, 0, 1]|[0, 3, 0, 3, 4, 1, 4, 4, 2, 4, 3, 2, 1, 0, 2, 1, 1, 1, 2, 1, 1, 3, 0, 1, 0, 1, 1, 4, 1, 4, 3, 2, 2, 0, 4, 1, 1, 4, 1, 1, 2, 1, 4, 4, 1, 1, 0, 2, 3, 2, 2, 1, 2, 1, 1, 2, 4, 3, 0, 2, 2, 3, 3, 1, 1, 2, 1, 1, 1, 4, 1, 3, 4, 1, 2, 4, 3, 1, 3, 1, 2, 4, 4, 2, 3, 2, 2, 2, 3, 4, 3, 2, 4, 4, 4, 4, 1, 1, 2, 3]|[0, 2, 0, 0, 3, 0, 1, 3, 0, 0, 2, 0, 1, 0, 1, 0, 0, 0, 1, 0, 0, 2, 0, 0, 1, 0, 0, 3, 0, 1, 0, 2, 0, 0, 3, 0, 1, 1, 0, 0, 0, 0, 1, 3, 0, 0, 1, 0, 2, 0, 0, 0, 0, 0, 1, 0, 1, 0, 1, 1, 0, 2, 0, 0, 0, 0, 0, 0, 0, 2, 0, 0, 1, 0, 0, 1, 0, 0, 3, 0, 0, 1, 2, 0, 0, 0, 0, 0, 3, 1, 0, 0, 2, 1, 3, 1, 0, 0, 0, 0],908.8272556494078,49235.066718390466,107289.32240407266,false
39,G3_TWC,G4_BALANCED,[31, 22, 82, 15, 26, 58, 95, 42, 77, 12, 47, 5, 93, 78, 98, 54, 85, 63, 18, 44, 20, 35, 43, 97, 91, 76, 10, 30, 21, 45, 71, 64, 1, 23, 17, 83, 24, 14, 60, 36, 6, 57, 94, 88, 65, 56, 79, 40, 67, 68, 46, 75, 38, 9, 19, 32, 81, 41, 27, 62, 87, 90, 99, 59, 11, 16, 72, 73, 70, 39, 37, 84, 3, 92, 25, 55, 28, 29, 51, 7, 33, 61, 86, 48, 89, 34, 69, 96, 53, 80, 4, 8, 50, 49, 52, 0, 13, 2, 66, 74]|[1, 1, 0, 1, 1, 1, 2, 1, 2, 1, 2, 2, 2, 1, 1, 0, 0, 1, 0, 2, 2, 0, 1, 2, 0, 1, 2, 2, 0, 0, 1, 2, 1, 2, 1, 0, 2, 0, 1, 1, 0, 1, 1, 1, 0, 2, 1, 1, 0, 0, 0, 0, 1, 1, 2, 1, 2, 0, 0, 0, 2, 1, 0, 1, 2, 1, 2, 1, 1, 1, 1, 1, 2, 0, 1, 1, 0, 0, 0, 1, 2, 1, 0, 0, 1, 2, 1, 0, 0, 0, 0, 1, 0, 0, 1, 0, 0, 0, 2, 2]|[4, 3, 2, 2, 0, 0, 2, 2, 2, 4, 1, 1, 2, 4, 4, 1, 1, 4, 2, 1, 1, 1, 1, 2, 1, 2, 1, 1, 1, 1, 3, 2, 3, 0, 4, 0, 1, 1, 0, 3, 2, 2, 4, 0, 1, 1, 0, 2, 0, 1, 2, 2, 1, 4, 0, 3, 2, 1, 1, 2, 1, 3, 1, 1, 1, 3, 0, 4, 3, 1, 4, 1, 1, 2, 4, 4, 2, 1, 1, 3, 1, 3, 1, 1, 1, 1, 3, 1, 2, 1, 2, 3, 1, 1, 1, 2, 2, 2, 1, 1]|[0, 2, 1, 1, 3, 3, 0, 1, 0, 0, 0, 0, 1, 0, 1, 0, 0, 3, 1, 0, 0, 0, 3, 1, 0, 2, 0, 0, 0, 1, 0, 0, 0, 0, 3, 0, 1, 0, 0, 2, 1, 1, 2, 0, 0, 0, 0, 1, 1, 0, 0, 0, 1, 3, 0, 0, 1, 0, 0, 1, 0, 2, 0, 1, 0, 2, 1, 0, 0, 1, 1, 3, 0, 1, 3, 3, 1, 0, 0, 2, 0, 0, 0, 0, 1, 0, 0, 0, 1, 0, 1, 2, 0, 1, 1, 0, 0, 0, 0, 0],790.1921483697682,57957.04840138768,88951.83199580385,true
39,G1_CMAX,G1_CMAX,[31, 22, 82, 15, 26, 99, 95, 42, 77, 12, 47, 5, 93, 78, 86, 54, 21, 63, 18, 44, 20, 35, 43, 97, 91, 76, 10, 30, 85, 45, 71, 64, 1, 23, 57, 83, 24, 14, 60, 36, 81, 17, 40, 88, 65, 56, 79, 94, 67, 68, 46, 75, 38, 9, 19, 32, 41, 6, 27, 87, 90, 58, 59, 11, 16, 72, 73, 70, 39, 37, 84, 3, 92, 25, 55, 28, 62, 29, 51, 7, 33, 61, 98, 48, 89, 50, 4, 96, 53, 80, 66, 8, 34, 49, 52, 0, 13, 2, 69, 74]|[1, 1, 0, 1, 1, 0, 1, 1, 2, 1, 2, 2, 2, 1, 1, 0, 0, 1, 0, 2, 2, 0, 1, 2, 0, 1, 2, 2, 0, 0, 1, 2, 1, 2, 1, 0, 2, 0, 1, 1, 0, 1, 1, 1, 0, 2, 1, 1, 0, 0, 0, 0, 1, 1, 2, 1, 2, 2, 0, 2, 1, 0, 1, 2, 1, 2, 1, 1, 1, 1, 1, 1, 0, 1, 2, 2, 0, 0, 2, 2, 2, 1, 2, 0, 1, 0, 1, 2, 0, 0, 2, 1, 2, 0, 1, 0, 0, 0, 1, 2]|[0, 3, 2, 2, 4, 1, 2, 3, 2, 4, 1, 1, 2, 4, 4, 1, 1, 4, 2, 1, 1, 1, 1, 2, 1, 2, 1, 1, 2, 1, 3, 2, 3, 0, 4, 0, 1, 1, 0, 3, 2, 2, 2, 0, 1, 1, 0, 4, 0, 1, 2, 2, 1, 4, 0, 3, 2, 2, 1, 1, 3, 1, 1, 1, 3, 0, 4, 3, 1, 4, 1, 1, 0, 4, 1, 1, 2, 1, 2, 1, 1, 3, 1, 1, 1, 1, 4, 1, 2, 1, 1, 3, 1, 1, 1, 2, 2, 2, 4, 1]|[0, 2, 1, 1, 3, 0, 1, 3, 0, 0, 0, 0, 1, 0, 1, 0, 0, 3, 1, 0, 0, 0, 3, 1, 0, 2, 0, 0, 0, 1, 0, 0, 0, 0, 3, 0, 1, 0, 0, 2, 1, 1, 1, 0, 0, 0, 0, 2, 1, 0, 0, 0, 1, 3, 0, 0, 1, 1, 0, 0, 2, 0, 1, 0, 2, 1, 0, 0, 1, 1, 3, 1, 1, 3, 0, 0, 1, 0, 1, 0, 0, 0, 0, 0, 1, 0, 0, 0, 1, 0, 0, 2, 0, 1, 1, 0, 0, 0, 2, 0],714.4485115867469,58161.785232764836,94013.66617097157,false
39,G4_BALANCED,G4_BALANCED,[31, 22, 82, 15, 26, 58, 95, 42, 77, 12, 47, 5, 93, 78, 86, 54, 85, 63, 18, 72, 20, 35, 43, 97, 91, 76, 10, 30, 21, 45, 71, 64, 1, 23, 17, 83, 24, 14, 60, 36, 6, 57, 40, 88, 65, 56, 79, 94, 67, 41, 68, 75, 38, 9, 19, 32, 81, 46, 27, 62, 87, 90, 99, 59, 11, 16, 44, 73, 70, 39, 37, 84, 3, 92, 25, 55, 28, 29, 51, 7, 66, 61, 98, 48, 89, 50, 4, 96, 53, 80, 8, 33, 34, 2, 52, 13, 0, 69, 74, 49]|[1, 1, 0, 1, 1, 0, 1, 1, 2, 1, 2, 2, 2, 1, 1, 0, 0, 1, 0, 2, 2, 0, 0, 2, 0, 1, 2, 2, 0, 0, 1, 2, 1, 2, 1, 0, 2, 0, 1, 1, 0, 1, 1, 1, 0, 2, 1, 1, 0, 0, 0, 0, 1, 1, 2, 1, 2, 0, 0, 2, 2, 1, 1, 2, 2, 1, 2, 1, 1, 1, 1, 1, 1, 0, 1, 2, 0, 0, 0, 1, 2, 1, 2, 0, 1, 0, 1, 2, 0, 0, 1, 2, 2, 0, 1, 0, 0, 1, 2, 0]|[4, 3, 2, 2, 4, 1, 2, 3, 2, 4, 1, 1, 2, 4, 4, 1, 2, 4, 2, 1, 1, 1, 1, 2, 1, 2, 1, 1, 2, 1, 3, 2, 3, 1, 4, 0, 1, 1, 0, 3, 2, 2, 2, 0, 1, 1, 0, 4, 0, 1, 2, 2, 1, 4, 0, 3, 2, 1, 1, 1, 1, 3, 1, 1, 1, 3, 1, 4, 3, 1, 4, 1, 1, 0, 4, 1, 2, 1, 1, 1, 1, 3, 1, 1, 1, 1, 4, 1, 2, 1, 3, 1, 1, 2, 1, 2, 2, 4, 1, 1]|[0, 2, 1, 1, 3, 0, 1, 3, 0, 0, 0, 0, 1, 0, 1, 0, 0, 3, 1, 0, 0, 0, 0, 1, 0, 2, 0, 0, 0, 1, 0, 0, 0, 0, 3, 0, 1, 0, 0, 2, 1, 1, 1, 0, 0, 0, 0, 2, 1, 0, 0, 0, 1, 3, 0, 0, 1, 0, 0, 0, 0, 2, 1, 0, 0, 2, 0, 0, 0, 1, 1, 3, 1, 1, 3, 0, 1, 0, 0, 2, 0, 0, 0, 0, 1, 0, 0, 0, 1, 0, 2, 0, 0, 0, 1, 0, 0, 2, 0, 1],768.4240206329376,55583.744981747914,94915.74988971672,false
39,G2_TEC,G2_TEC,[31, 22, 82, 15, 26, 9, 95, 42, 77, 68, 47, 5, 93, 78, 86, 54, 85, 63, 18, 44, 20, 49, 36, 14, 74, 50, 53, 17, 21, 28, 11, 64, 3, 23, 30, 83, 24, 41, 40, 52, 65, 27, 90, 70, 39, 87, 48, 69, 99, 4, 75, 1, 13, 58, 97, 59, 45, 8, 73, 37, 35, 79, 71, 66, 76, 32, 60, 80, 56, 6, 67, 61, 33, 7, 57, 34, 12, 16, 10, 98, 96, 88, 43, 46, 91, 38, 84, 92, 29, 19, 51, 55, 81, 89, 25, 72, 94, 2, 0, 62]|[2, 1, 2, 1, 1, 2, 1, 1, 1, 1, 1, 0, 2, 2, 1, 2, 0, 0, 0, 2, 2, 1, 0, 2, 0, 2, 2, 1, 0, 1, 1, 1, 0, 0, 1, 0, 2, 1, 2, 2, 0, 0, 1, 1, 0, 2, 0, 2, 1, 0, 0, 2, 0, 0, 2, 0, 1, 1, 0, 0, 2, 1, 1, 2, 2, 0, 2, 2, 2, 1, 2, 1, 1, 2, 0, 1, 1, 2, 1, 2, 0, 1, 1, 0, 1, 0, 0, 0, 1, 1, 1, 0, 1, 1, 1, 1, 2, 2, 0, 1]|[0, 3, 0, 3, 4, 1, 4, 4, 2, 4, 3, 2, 1, 0, 2, 1, 1, 1, 2, 1, 1, 3, 0, 1, 0, 1, 1, 4, 1, 4, 3, 2, 2, 0, 4, 1, 1, 4, 1, 1, 2, 1, 4, 4, 1, 1, 0, 2, 3, 2, 2, 1, 2, 1, 1, 2, 4, 3, 0, 2, 2, 3, 3, 1, 1, 2, 1, 1, 1, 4, 1, 3, 4, 1, 2, 4, 3, 1, 3, 1, 2, 4, 4, 2, 3, 2, 2, 2, 3, 4, 3, 2, 4, 4, 4, 4, 1, 1, 2, 3]|[0, 2, 0, 0, 3, 0, 1, 3, 0, 0, 2, 0, 1, 0, 1, 0, 0, 0, 1, 0, 0, 2, 0, 0, 1, 0, 0, 3, 0, 1, 0, 2, 0, 0, 3, 0, 1, 1, 0, 0, 0, 0, 1, 3, 0, 0, 1, 0, 2, 0, 0, 0, 0, 0, 1, 0, 1, 0, 1, 1, 0, 2, 0, 0, 0, 0, 0, 0, 0, 2, 0, 0, 1, 0, 0, 1, 0, 0, 3, 0, 0, 1, 2, 0, 0, 0, 0, 0, 3, 1, 0, 0, 2, 1, 3, 1, 0, 0, 0, 0],908.8272556494078,49235.066718390466,107289.32240407266,false
39,G3_TWC,G4_BALANCED,[31, 22, 82, 15, 26, 58, 95, 42, 77, 12, 47, 5, 93, 78, 98, 54, 85, 63, 18, 44, 20, 35, 43, 97, 91, 76, 10, 30, 21, 45, 71, 64, 1, 23, 17, 83, 24, 14, 60, 36, 6, 57, 94, 88, 65, 56, 79, 40, 67, 68, 46, 75, 38, 9, 19, 32, 81, 41, 27, 62, 87, 90, 99, 59, 11, 16, 72, 73, 70, 39, 37, 84, 3, 92, 25, 55, 28, 29, 51, 7, 33, 61, 86, 48, 89, 34, 69, 96, 53, 80, 4, 8, 50, 49, 52, 0, 13, 2, 66, 74]|[1, 1, 0, 1, 1, 1, 2, 1, 2, 1, 2, 2, 2, 1, 1, 0, 0, 1, 0, 2, 2, 0, 1, 2, 0, 1, 2, 2, 0, 0, 1, 2, 1, 2, 1, 0, 2, 0, 1, 1, 0, 1, 1, 1, 0, 2, 1, 1, 0, 0, 0, 0, 1, 1, 2, 1, 2, 0, 0, 0, 2, 1, 0, 1, 2, 1, 2, 1, 1, 1, 1, 1, 2, 0, 1, 1, 0, 0, 0, 1, 2, 1, 0, 0, 1, 2, 1, 0, 0, 0, 0, 1, 0, 0, 1, 0, 0, 0, 2, 2]|[4, 3, 2, 2, 0, 0, 2, 2, 2, 4, 1, 1, 2, 4, 4, 1, 1, 4, 2, 1, 1, 1, 1, 2, 1, 2, 1, 1, 1, 1, 3, 2, 3, 0, 4, 0, 1, 1, 0, 3, 2, 2, 4, 0, 1, 1, 0, 2, 0, 1, 2, 2, 1, 4, 0, 3, 2, 1, 1, 2, 1, 3, 1, 1, 1, 3, 0, 4, 3, 1, 4, 1, 1, 2, 4, 4, 2, 1, 1, 3, 1, 3, 1, 1, 1, 1, 3, 1, 2, 1, 2, 3, 1, 1, 1, 2, 2, 2, 1, 1]|[0, 2, 1, 1, 3, 3, 0, 1, 0, 0, 0, 0, 1, 0, 1, 0, 0, 3, 1, 0, 0, 0, 3, 1, 0, 2, 0, 0, 0, 1, 0, 0, 0, 0, 3, 0, 1, 0, 0, 2, 1, 1, 2, 0, 0, 0, 0, 1, 1, 0, 0, 0, 1, 3, 0, 0, 1, 0, 0, 1, 0, 2, 0, 1, 0, 2, 1, 0, 0, 1, 1, 3, 0, 1, 3, 3, 1, 0, 0, 2, 0, 0, 0, 0, 1, 0, 0, 0, 1, 0, 1, 2, 0, 1, 1, 0, 0, 0, 0, 0],790.1921483697682,57957.04840138768,88951.83199580385,true
39,G1_CMAX,G1_CMAX,[31, 22, 82, 15, 26, 99, 95, 42, 77, 12, 47, 5, 93, 78, 86, 54, 21, 63, 18, 44, 20, 35, 43, 97, 91, 76, 10, 30, 85, 45, 71, 64, 1, 23, 57, 83, 24, 14, 60, 36, 81, 17, 40, 88, 65, 56, 79, 94, 67, 68, 46, 75, 38, 9, 19, 32, 41, 6, 27, 87, 90, 58, 59, 11, 16, 72, 73, 70, 39, 37, 84, 3, 92, 25, 55, 28, 62, 29, 51, 7, 33, 61, 98, 48, 89, 50, 4, 96, 53, 80, 66, 8, 34, 49, 52, 0, 13, 2, 69, 74]|[1, 1, 0, 1, 1, 0, 1, 1, 2, 1, 2, 2, 2, 1, 1, 0, 0, 1, 0, 2, 2, 0, 1, 2, 0, 1, 2, 2, 0, 0, 1, 2, 1, 2, 1, 0, 2, 0, 1, 1, 0, 1, 1, 1, 0, 2, 1, 1, 0, 0, 0, 0, 1, 1, 2, 1, 2, 2, 0, 2, 1, 0, 1, 2, 1, 2, 1, 1, 1, 1, 1, 1, 0, 1, 2, 2, 0, 0, 2, 2, 2, 1, 2, 0, 1, 0, 1, 2, 0, 0, 2, 1, 2, 0, 1, 0, 0, 0, 1, 2]|[0, 3, 2, 2, 4, 1, 2, 3, 2, 4, 1, 1, 2, 4, 4, 1, 1, 4, 2, 1, 1, 1, 1, 2, 1, 2, 1, 1, 2, 1, 3, 2, 3, 0, 4, 0, 1, 1, 0, 3, 2, 2, 2, 0, 1, 1, 0, 4, 0, 1, 2, 2, 1, 4, 0, 3, 2, 2, 1, 1, 3, 1, 1, 1, 3, 0, 4, 3, 1, 4, 1, 1, 0, 4, 1, 1, 2, 1, 2, 1, 1, 3, 1, 1, 1, 1, 4, 1, 2, 1, 1, 3, 1, 1, 1, 2, 2, 2, 4, 1]|[0, 2, 1, 1, 3, 0, 1, 3, 0, 0, 0, 0, 1, 0, 1, 0, 0, 3, 1, 0, 0, 0, 3, 1, 0, 2, 0, 0, 0, 1, 0, 0, 0, 0, 3, 0, 1, 0, 0, 2, 1, 1, 1, 0, 0, 0, 0, 2, 1, 0, 0, 0, 1, 3, 0, 0, 1, 1, 0, 0, 2, 0, 1, 0, 2, 1, 0, 0, 1, 1, 3, 1, 1, 3, 0, 0, 1, 0, 1, 0, 0, 0, 0, 0, 1, 0, 0, 0, 1, 0, 0, 2, 0, 1, 1, 0, 0, 0, 2, 0],714.4485115867469,58161.785232764836,94013.66617097157,false
39,G4_BALANCED,G1_CMAX,[22, 82, 3, 58, 95, 42, 77, 47, 5, 93, 78, 12, 86, 54, 50, 63, 18, 44, 20, 35, 43, 97, 91, 76, 10, 30, 21, 45, 71, 64, 36, 23, 17, 83, 24, 14, 60, 1, 6, 40, 57, 90, 65, 56, 79, 94, 67, 68, 46, 75, 38, 9, 19, 32, 81, 41, 27, 62, 16, 55, 59, 89, 88, 87, 31, 72, 73, 70, 39, 37, 84, 92, 25, 11, 48, 15, 29, 51, 7, 33, 61, 98, 28, 99, 26, 85, 66, 96, 53, 80, 4, 8, 34, 49, 52, 2, 13, 0, 69, 74]|[1, 0, 1, 0, 1, 2, 2, 2, 2, 2, 1, 1, 1, 0, 0, 1, 0, 2, 2, 0, 1, 2, 0, 1, 2, 2, 0, 0, 1, 2, 1, 2, 1, 0, 2, 0, 1, 1, 0, 1, 1, 1, 0, 2, 1, 1, 0, 0, 0, 0, 1, 1, 2, 1, 2, 0, 0, 0, 1, 2, 1, 1, 1, 1, 1, 2, 1, 2, 1, 1, 1, 0, 1, 2, 2, 1, 0, 0, 1, 2, 1, 2, 0, 1, 1, 0, 0, 2, 0, 0, 1, 1, 2, 0, 1, 0, 0, 0, 1, 2]|[3, 2, 1, 1, 2, 1, 2, 1, 1, 2, 4, 4, 4, 1, 1, 4, 2, 1, 1, 1, 1, 2, 1, 2, 1, 1, 2, 1, 3, 2, 3, 1, 4, 1, 1, 1, 0, 3, 2, 2, 2, 3, 1, 1, 0, 4, 0, 1, 2, 2, 1, 4, 0, 3, 2, 1, 1, 2, 3, 1, 1, 1, 0, 3, 0, 0, 3, 0, 1, 4, 1, 0, 4, 1, 1, 4, 1, 1, 1, 1, 3, 1, 2, 1, 0, 2, 1, 1, 2, 1, 4, 3, 1, 1, 1, 2, 2, 2, 4, 1]|[3, 1, 2, 0, 1, 0, 0, 0, 0, 1, 0, 0, 1, 0, 0, 3, 1, 0, 0, 0, 3, 1, 0, 2, 0, 0, 0, 1, 0, 0, 2, 0, 3, 0, 1, 0, 0, 0, 1, 1, 1, 2, 0, 0, 0, 2, 1, 0, 0, 0, 1, 3, 0, 0, 1, 0, 0, 1, 2, 0, 1, 1, 0, 2, 0, 1, 0, 1, 1, 1, 1, 1, 3, 0, 0, 3, 0, 0, 2, 0, 0, 0, 1, 1, 3, 0, 0, 0, 1, 0, 0, 2, 0, 1, 1, 0, 0, 0, 2, 0],715.7913946700162,58060.95961022334,95287.06515100288,true
39,G2_TEC,G2_TEC,[31, 22, 82, 15, 26, 9, 95, 42, 77, 68, 47, 5, 93, 78, 86, 54, 85, 63, 18, 44, 20, 49, 36, 14, 74, 50, 53, 17, 21, 28, 11, 64, 3, 23, 30, 83, 24, 41, 40, 52, 65, 27, 90, 70, 39, 87, 48, 69, 99, 4, 75, 1, 13, 58, 97, 59, 45, 8, 73, 37, 35, 79, 71, 66, 76, 32, 60, 80, 56, 6, 67, 61, 33, 7, 57, 34, 12, 16, 10, 98, 96, 88, 43, 46, 91, 38, 84, 92, 29, 19, 51, 55, 81, 89, 25, 72, 94, 2, 0, 62]|[2, 1, 2, 1, 1, 2, 1, 1, 1, 1, 1, 0, 2, 2, 1, 2, 0, 0, 0, 2, 2, 1, 0, 2, 0, 2, 2, 1, 0, 1, 1, 1, 0, 0, 1, 0, 2, 1, 2, 2, 0, 0, 1, 1, 0, 2, 0, 2, 1, 0, 0, 2, 0, 0, 2, 0, 1, 1, 0, 0, 2, 1, 1, 2, 2, 0, 2, 2, 2, 1, 2, 1, 1, 2, 0, 1, 1, 2, 1, 2, 0, 1, 1, 0, 1, 0, 0, 0, 1, 1, 1, 0, 1, 1, 1, 1, 2, 2, 0, 1]|[0, 3, 0, 3, 4, 1, 4, 4, 2, 4, 3, 2, 1, 0, 2, 1, 1, 1, 2, 1, 1, 3, 0, 1, 0, 1, 1, 4, 1, 4, 3, 2, 2, 0, 4, 1, 1, 4, 1, 1, 2, 1, 4, 4, 1, 1, 0, 2, 3, 2, 2, 1, 2, 1, 1, 2, 4, 3, 0, 2, 2, 3, 3, 1, 1, 2, 1, 1, 1, 4, 1, 3, 4, 1, 2, 4, 3, 1, 3, 1, 2, 4, 4, 2, 3, 2, 2, 2, 3, 4, 3, 2, 4, 4, 4, 4, 1, 1, 2, 3]|[0, 2, 0, 0, 3, 0, 1, 3, 0, 0, 2, 0, 1, 0, 1, 0, 0, 0, 1, 0, 0, 2, 0, 0, 1, 0, 0, 3, 0, 1, 0, 2, 0, 0, 3, 0, 1, 1, 0, 0, 0, 0, 1, 3, 0, 0, 1, 0, 2, 0, 0, 0, 0, 0, 1, 0, 1, 0, 1, 1, 0, 2, 0, 0, 0, 0, 0, 0, 0, 2, 0, 0, 1, 0, 0, 1, 0, 0, 3, 0, 0, 1, 2, 0, 0, 0, 0, 0, 3, 1, 0, 0, 2, 1, 3, 1, 0, 0, 0, 0],908.8272556494078,49235.066718390466,107289.32240407266,false
39,G3_TWC,G4_BALANCED,[31, 22, 82, 15, 26, 58, 95, 42, 77, 12, 47, 5, 93, 78, 98, 54, 85, 63, 18, 44, 20, 35, 43, 97, 91, 76, 10, 30, 21, 45, 71, 64, 1, 23, 17, 83, 24, 14, 60, 36, 6, 57, 94, 88, 65, 56, 79, 40, 67, 68, 46, 75, 38, 9, 19, 32, 81, 41, 27, 62, 87, 90, 99, 59, 11, 16, 72, 73, 70, 39, 37, 84, 3, 92, 25, 55, 28, 29, 51, 7, 33, 61, 86, 48, 89, 34, 69, 96, 53, 80, 4, 8, 50, 49, 52, 0, 13, 2, 66, 74]|[1, 1, 0, 1, 1, 1, 2, 1, 2, 1, 2, 2, 2, 1, 1, 0, 0, 1, 0, 2, 2, 0, 1, 2, 0, 1, 2, 2, 0, 0, 1, 2, 1, 2, 1, 0, 2, 0, 1, 1, 0, 1, 1, 1, 0, 2, 1, 1, 0, 0, 0, 0, 1, 1, 2, 1, 2, 0, 0, 0, 2, 1, 0, 1, 2, 1, 2, 1, 1, 1, 1, 1, 2, 0, 1, 1, 0, 0, 0, 1, 2, 1, 0, 0, 1, 2, 1, 0, 0, 0, 0, 1, 0, 0, 1, 0, 0, 0, 2, 2]|[4, 3, 2, 2, 0, 0, 2, 2, 2, 4, 1, 1, 2, 4, 4, 1, 1, 4, 2, 1, 1, 1, 1, 2, 1, 2, 1, 1, 1, 1, 3, 2, 3, 0, 4, 0, 1, 1, 0, 3, 2, 2, 4, 0, 1, 1, 0, 2, 0, 1, 2, 2, 1, 4, 0, 3, 2, 1, 1, 2, 1, 3, 1, 1, 1, 3, 0, 4, 3, 1, 4, 1, 1, 2, 4, 4, 2, 1, 1, 3, 1, 3, 1, 1, 1, 1, 3, 1, 2, 1, 2, 3, 1, 1, 1, 2, 2, 2, 1, 1]|[0, 2, 1, 1, 3, 3, 0, 1, 0, 0, 0, 0, 1, 0, 1, 0, 0, 3, 1, 0, 0, 0, 3, 1, 0, 2, 0, 0, 0, 1, 0, 0, 0, 0, 3, 0, 1, 0, 0, 2, 1, 1, 2, 0, 0, 0, 0, 1, 1, 0, 0, 0, 1, 3, 0, 0, 1, 0, 0, 1, 0, 2, 0, 1, 0, 2, 1, 0, 0, 1, 1, 3, 0, 1, 3, 3, 1, 0, 0, 2, 0, 0, 0, 0, 1, 0, 0, 0, 1, 0, 1, 2, 0, 1, 1, 0, 0, 0, 0, 0],790.1921483697682,57957.04840138768,88951.83199580385,true
39,G1_CMAX,G1_CMAX,[31, 22, 82, 15, 26, 99, 95, 42, 77, 12, 47, 5, 93, 78, 86, 54, 21, 63, 18, 44, 20, 35, 43, 97, 91, 76, 10, 30, 85, 45, 71, 64, 1, 23, 57, 83, 24, 14, 60, 36, 81, 17, 40, 88, 65, 56, 79, 94, 67, 68, 46, 75, 38, 9, 19, 32, 41, 6, 27, 87, 90, 58, 59, 11, 16, 72, 73, 70, 39, 37, 84, 3, 92, 25, 55, 28, 62, 29, 51, 7, 33, 61, 98, 48, 89, 50, 4, 96, 53, 80, 66, 8, 34, 49, 52, 0, 13, 2, 69, 74]|[1, 1, 0, 1, 1, 0, 1, 1, 2, 1, 2, 2, 2, 1, 1, 0, 0, 1, 0, 2, 2, 0, 1, 2, 0, 1, 2, 2, 0, 0, 1, 2, 1, 2, 1, 0, 2, 0, 1, 1, 0, 1, 1, 1, 0, 2, 1, 1, 0, 0, 0, 0, 1, 1, 2, 1, 2, 2, 0, 2, 1, 0, 1, 2, 1, 2, 1, 1, 1, 1, 1, 1, 0, 1, 2, 2, 0, 0, 2, 2, 2, 1, 2, 0, 1, 0, 1, 2, 0, 0, 2, 1, 2, 0, 1, 0, 0, 0, 1, 2]|[0, 3, 2, 2, 4, 1, 2, 3, 2, 4, 1, 1, 2, 4, 4, 1, 1, 4, 2, 1, 1, 1, 1, 2, 1, 2, 1, 1, 2, 1, 3, 2, 3, 0, 4, 0, 1, 1, 0, 3, 2, 2, 2, 0, 1, 1, 0, 4, 0, 1, 2, 2, 1, 4, 0, 3, 2, 2, 1, 1, 3, 1, 1, 1, 3, 0, 4, 3, 1, 4, 1, 1, 0, 4, 1, 1, 2, 1, 2, 1, 1, 3, 1, 1, 1, 1, 4, 1, 2, 1, 1, 3, 1, 1, 1, 2, 2, 2, 4, 1]|[0, 2, 1, 1, 3, 0, 1, 3, 0, 0, 0, 0, 1, 0, 1, 0, 0, 3, 1, 0, 0, 0, 3, 1, 0, 2, 0, 0, 0, 1, 0, 0, 0, 0, 3, 0, 1, 0, 0, 2, 1, 1, 1, 0, 0, 0, 0, 2, 1, 0, 0, 0, 1, 3, 0, 0, 1, 1, 0, 0, 2, 0, 1, 0, 2, 1, 0, 0, 1, 1, 3, 1, 1, 3, 0, 0, 1, 0, 1, 0, 0, 0, 0, 0, 1, 0, 0, 0, 1, 0, 0, 2, 0, 1, 1, 0, 0, 0, 2, 0],714.4485115867469,58161.785232764836,94013.66617097157,false
39,G4_BALANCED,G4_BALANCED,[31, 22, 82, 15, 26, 58, 95, 42, 77, 12, 47, 5, 93, 78, 86, 54, 85, 63, 18, 44, 20, 35, 43, 97, 66, 76, 79, 30, 21, 45, 71, 64, 1, 23, 17, 83, 24, 14, 60, 36, 6, 57, 40, 88, 65, 56, 10, 94, 67, 68, 46, 75, 38, 9, 19, 32, 41, 81, 27, 62, 87, 90, 99, 59, 11, 16, 72, 73, 69, 39, 37, 84, 3, 92, 25, 55, 29, 28, 51, 7, 33, 61, 98, 48, 89, 50, 4, 96, 53, 80, 91, 8, 34, 2, 52, 0, 13, 70, 49, 74]|[1, 1, 0, 1, 1, 0, 1, 2, 2, 1, 2, 2, 2, 1, 1, 0, 0, 1, 0, 2, 2, 0, 1, 2, 2, 1, 2, 2, 0, 0, 1, 2, 1, 2, 1, 0, 2, 0, 1, 1, 0, 1, 1, 1, 0, 2, 2, 1, 0, 0, 0, 0, 1, 1, 2, 1, 0, 2, 0, 0, 2, 1, 0, 1, 2, 1, 2, 1, 1, 1, 1, 1, 1, 0, 1, 2, 0, 0, 0, 1, 0, 1, 2, 0, 1, 0, 1, 2, 0, 2, 0, 0, 2, 0, 1, 0, 0, 1, 0, 2]|[4, 3, 2, 2, 4, 1, 2, 2, 2, 4, 1, 1, 2, 4, 4, 1, 2, 4, 2, 1, 1, 1, 1, 2, 1, 2, 1, 1, 1, 1, 3, 1, 3, 1, 4, 0, 1, 1, 0, 3, 2, 2, 2, 0, 1, 1, 1, 4, 0, 1, 2, 2, 1, 4, 0, 3, 1, 1, 1, 2, 1, 3, 1, 1, 1, 3, 0, 4, 3, 1, 4, 1, 1, 0, 4, 1, 1, 2, 1, 1, 1, 3, 1, 1, 1, 1, 4, 1, 2, 1, 1, 1, 1, 2, 1, 2, 2, 3, 1, 1]|[0, 2, 1, 1, 3, 0, 1, 0, 0, 0, 0, 0, 1, 0, 1, 0, 0, 3, 1, 0, 0, 0, 3, 1, 0, 2, 0, 0, 0, 0, 0, 0, 0, 0, 3, 0, 1, 0, 0, 2, 1, 1, 1, 0, 0, 0, 0, 2, 1, 0, 0, 0, 1, 3, 0, 0, 0, 0, 0, 1, 0, 2, 0, 1, 0, 2, 1, 0, 0, 1, 1, 3, 1, 1, 3, 0, 0, 1, 0, 2, 0, 0, 0, 0, 1, 0, 0, 0, 1, 0, 0, 0, 0, 0, 1, 0, 0, 0, 1, 0],791.415243510269,55303.85816333782,96750.39584222315,false
39,G2_TEC,G4_BALANCED,[31, 11, 82, 15, 26, 9, 95, 42, 77, 68, 47, 5, 93, 78, 86, 54, 85, 63, 76, 44, 20, 49, 36, 14, 74, 50, 53, 17, 21, 45, 71, 64, 3, 23, 30, 83, 24, 41, 60, 52, 65, 27, 90, 70, 39, 87, 48, 69, 99, 4, 46, 1, 13, 58, 97, 59, 28, 75, 73, 37, 35, 79, 22, 66, 18, 32, 40, 80, 96, 6, 56, 61, 33, 7, 57, 34, 12, 67, 10, 98, 16, 88, 29, 8, 91, 38, 19, 92, 72, 84, 51, 43, 81, 25, 2, 55, 0, 94, 89, 62]|[2, 1, 2, 1, 1, 2, 1, 1, 1, 1, 1, 0, 2, 2, 1, 2, 0, 0, 0, 2, 2, 1, 0, 2, 0, 2, 2, 1, 0, 1, 1, 1, 0, 0, 1, 0, 2, 1, 2, 2, 0, 0, 1, 1, 0, 2, 0, 2, 1, 0, 0, 2, 0, 0, 2, 0, 1, 0, 0, 0, 2, 1, 0, 2, 2, 0, 2, 2, 0, 1, 2, 1, 1, 2, 0, 1, 1, 1, 1, 2, 2, 1, 1, 1, 1, 0, 1, 0, 1, 0, 1, 1, 1, 1, 2, 0, 0, 2, 1, 1]|[0, 3, 0, 2, 4, 1, 4, 4, 2, 4, 3, 2, 1, 0, 2, 1, 1, 1, 2, 1, 1, 3, 0, 1, 0, 1, 1, 4, 1, 4, 3, 2, 2, 0, 4, 1, 1, 4, 0, 1, 2, 1, 4, 4, 1, 1, 0, 2, 3, 1, 2, 1, 2, 1, 1, 2, 4, 2, 0, 2, 2, 3, 1, 0, 1, 2, 0, 1, 2, 4, 1, 3, 4, 1, 2, 4, 3, 3, 3, 1, 1, 4, 3, 3, 3, 2, 4, 2, 4, 2, 3, 4, 1, 4, 1, 2, 2, 1, 4, 3]|[0, 2, 0, 1, 3, 0, 1, 3, 0, 0, 2, 0, 1, 0, 1, 0, 0, 0, 1, 0, 0, 2, 0, 0, 1, 0, 0, 3, 0, 1, 0, 2, 0, 1, 3, 0, 1, 3, 1, 0, 0, 0, 1, 3, 0, 0, 1, 0, 2, 0, 0, 0, 0, 0, 1, 0, 1, 0, 1, 1, 0, 2, 0, 0, 0, 0, 0, 0, 0, 2, 0, 0, 1, 0, 0, 1, 0, 0, 3, 0, 0, 1, 0, 0, 0, 0, 3, 0, 2, 0, 0, 2, 1, 3, 0, 0, 0, 0, 1, 0],839.7308016558047,52103.26715956506,108081.52425448055,true
39,G3_TWC,G4_BALANCED,[31, 22, 82, 15, 26, 58, 95, 42, 77, 12, 47, 5, 93, 78, 98, 54, 85, 63, 18, 44, 20, 35, 43, 97, 91, 76, 10, 30, 21, 45, 71, 64, 1, 23, 17, 83, 24, 14, 60, 36, 6, 57, 94, 88, 65, 56, 79, 40, 67, 68, 46, 75, 38, 9, 19, 32, 81, 41, 27, 62, 87, 90, 99, 59, 11, 16, 72, 73, 70, 39, 37, 84, 3, 92, 25, 55, 28, 29, 51, 7, 33, 61, 86, 48, 89, 34, 69, 96, 53, 80, 4, 8, 50, 49, 52, 0, 13, 2, 66, 74]|[1, 1, 0, 1, 1, 1, 2, 1, 2, 1, 2, 2, 2, 1, 1, 0, 0, 1, 0, 2, 2, 0, 1, 2, 0, 1, 2, 2, 0, 0, 1, 2, 1, 2, 1, 0, 2, 0, 1, 1, 0, 1, 1, 1, 0, 2, 1, 1, 0, 0, 0, 0, 1, 1, 2, 1, 2, 0, 0, 0, 2, 1, 0, 1, 2, 1, 2, 1, 1, 1, 1, 1, 2, 0, 1, 1, 0, 0, 0, 1, 2, 1, 0, 0, 1, 2, 1, 0, 0, 0, 0, 1, 0, 0, 1, 0, 0, 0, 2, 2]|[4, 3, 2, 2, 0, 0, 2, 2, 2, 4, 1, 1, 2, 4, 4, 1, 1, 4, 2, 1, 1, 1, 1, 2, 1, 2, 1, 1, 1, 1, 3, 2, 3, 0, 4, 0, 1, 1, 0, 3, 2, 2, 4, 0, 1, 1, 0, 2, 0, 1, 2, 2, 1, 4, 0, 3, 2, 1, 1, 2, 1, 3, 1, 1, 1, 3, 0, 4, 3, 1, 4, 1, 1, 2, 4, 4, 2, 1, 1, 3, 1, 3, 1, 1, 1, 1, 3, 1, 2, 1, 2, 3, 1, 1, 1, 2, 2, 2, 1, 1]|[0, 2, 1, 1, 3, 3, 0, 1, 0, 0, 0, 0, 1, 0, 1, 0, 0, 3, 1, 0, 0, 0, 3, 1, 0, 2, 0, 0, 0, 1, 0, 0, 0, 0, 3, 0, 1, 0, 0, 2, 1, 1, 2, 0, 0, 0, 0, 1, 1, 0, 0, 0, 1, 3, 0, 0, 1, 0, 0, 1, 0, 2, 0, 1, 0, 2, 1, 0, 0, 1, 1, 3, 0, 1, 3, 3, 1, 0, 0, 2, 0, 0, 0, 0, 1, 0, 0, 0, 1, 0, 1, 2, 0, 1, 1, 0, 0, 0, 0, 0],790.1921483697682,57957.04840138768,88951.83199580385,true
39,G1_CMAX,G1_CMAX,[31, 22, 82, 15, 26, 99, 95, 42, 77, 12, 47, 5, 93, 78, 86, 54, 21, 63, 18, 44, 20, 35, 43, 97, 91, 76, 10, 30, 85, 45, 71, 64, 1, 23, 57, 83, 24, 14, 60, 36, 81, 17, 40, 88, 65, 56, 79, 94, 67, 68, 46, 75, 38, 9, 19, 32, 41, 6, 27, 87, 90, 58, 59, 11, 16, 72, 73, 70, 39, 37, 84, 3, 92, 25, 55, 28, 62, 29, 51, 7, 33, 61, 98, 48, 89, 50, 4, 96, 53, 80, 66, 8, 34, 49, 52, 0, 13, 2, 69, 74]|[1, 1, 0, 1, 1, 0, 1, 1, 2, 1, 2, 2, 2, 1, 1, 0, 0, 1, 0, 2, 2, 0, 1, 2, 0, 1, 2, 2, 0, 0, 1, 2, 1, 2, 1, 0, 2, 0, 1, 1, 0, 1, 1, 1, 0, 2, 1, 1, 0, 0, 0, 0, 1, 1, 2, 1, 2, 2, 0, 2, 1, 0, 1, 2, 1, 2, 1, 1, 1, 1, 1, 1, 0, 1, 2, 2, 0, 0, 2, 2, 2, 1, 2, 0, 1, 0, 1, 2, 0, 0, 2, 1, 2, 0, 1, 0, 0, 0, 1, 2]|[0, 3, 2, 2, 4, 1, 2, 3, 2, 4, 1, 1, 2, 4, 4, 1, 1, 4, 2, 1, 1, 1, 1, 2, 1, 2, 1, 1, 2, 1, 3, 2, 3, 0, 4, 0, 1, 1, 0, 3, 2, 2, 2, 0, 1, 1, 0, 4, 0, 1, 2, 2, 1, 4, 0, 3, 2, 2, 1, 1, 3, 1, 1, 1, 3, 0, 4, 3, 1, 4, 1, 1, 0, 4, 1, 1, 2, 1, 2, 1, 1, 3, 1, 1, 1, 1, 4, 1, 2, 1, 1, 3, 1, 1, 1, 2, 2, 2, 4, 1]|[0, 2, 1, 1, 3, 0, 1, 3, 0, 0, 0, 0, 1, 0, 1, 0, 0, 3, 1, 0, 0, 0, 3, 1, 0, 2, 0, 0, 0, 1, 0, 0, 0, 0, 3, 0, 1, 0, 0, 2, 1, 1, 1, 0, 0, 0, 0, 2, 1, 0, 0, 0, 1, 3, 0, 0, 1, 1, 0, 0, 2, 0, 1, 0, 2, 1, 0, 0, 1, 1, 3, 1, 1, 3, 0, 0, 1, 0, 1, 0, 0, 0, 0, 0, 1, 0, 0, 0, 1, 0, 0, 2, 0, 1, 1, 0, 0, 0, 2, 0],714.4485115867469,58161.785232764836,94013.66617097157,false
39,G4_BALANCED,G3_TWC,[31, 22, 82, 15, 26, 58, 95, 42, 77, 12, 47, 5, 93, 78, 98, 54, 85, 63, 18, 44, 20, 35, 43, 97, 91, 76, 10, 30, 21, 45, 71, 64, 1, 23, 17, 83, 24, 14, 60, 36, 6, 57, 94, 88, 65, 56, 79, 40, 67, 68, 46, 75, 39, 9, 19, 32, 81, 96, 27, 62, 87, 90, 99, 59, 11, 16, 72, 73, 70, 38, 37, 84, 3, 92, 25, 55, 28, 29, 51, 7, 33, 61, 86, 48, 89, 50, 69, 41, 53, 80, 34, 4, 8, 66, 52, 2, 13, 0, 49, 74]|[1, 1, 0, 1, 1, 1, 2, 1, 2, 1, 2, 2, 2, 1, 1, 0, 0, 1, 0, 2, 2, 0, 1, 2, 0, 1, 2, 2, 0, 0, 1, 2, 1, 2, 1, 0, 2, 0, 1, 1, 0, 1, 1, 1, 0, 2, 1, 1, 0, 0, 0, 0, 1, 1, 2, 1, 2, 0, 0, 0, 2, 1, 0, 1, 2, 1, 2, 1, 1, 1, 1, 1, 2, 0, 1, 1, 0, 0, 0, 1, 2, 1, 0, 0, 1, 0, 1, 0, 0, 0, 2, 0, 1, 2, 1, 0, 0, 0, 0, 2]|[4, 3, 2, 2, 0, 0, 2, 2, 2, 4, 1, 1, 2, 4, 4, 1, 1, 4, 2, 1, 1, 1, 1, 2, 1, 2, 1, 1, 1, 1, 3, 2, 3, 0, 4, 0, 1, 1, 0, 3, 2, 2, 4, 0, 1, 1, 0, 2, 0, 1, 2, 2, 1, 4, 0, 3, 1, 1, 1, 2, 1, 3, 1, 1, 1, 3, 0, 4, 3, 1, 4, 1, 1, 2, 4, 1, 2, 1, 1, 3, 1, 3, 1, 1, 1, 1, 3, 1, 2, 1, 1, 2, 3, 1, 4, 2, 2, 2, 1, 1]|[0, 2, 1, 1, 3, 3, 0, 1, 0, 0, 0, 0, 1, 0, 1, 0, 0, 3, 1, 0, 0, 0, 3, 1, 0, 2, 0, 0, 0, 1, 0, 0, 0, 0, 3, 0, 1, 0, 0, 2, 1, 1, 2, 0, 0, 0, 0, 1, 1, 0, 0, 0, 1, 3, 0, 0, 0, 0, 0, 1, 0, 2, 0, 1, 0, 2, 1, 0, 0, 1, 1, 3, 0, 1, 3, 1, 1, 0, 0, 2, 0, 0, 0, 0, 1, 0, 0, 0, 1, 0, 0, 1, 2, 0, 3, 0, 0, 0, 1, 0],790.4602850035623,57295.93089082029,90507.83642231137,true
39,G2_TEC,G3_TWC,[42, 31, 22, 82, 15, 26, 58, 95, 77, 12, 47, 5, 93, 78, 98, 54, 85, 63, 18, 44, 20, 35, 43, 97, 91, 70, 10, 30, 21, 45, 71, 64, 24, 23, 17, 83, 1, 14, 60, 36, 6, 57, 94, 88, 65, 56, 79, 40, 67, 68, 46, 75, 38, 9, 19, 32, 81, 41, 27, 62, 87, 90, 99, 59, 11, 16, 72, 73, 76, 39, 37, 84, 3, 92, 25, 55, 28, 29, 51, 7, 33, 61, 86, 66, 89, 50, 48, 96, 53, 80, 4, 8, 34, 49, 52, 0, 13, 2, 69, 74]|[1, 1, 1, 0, 1, 1, 1, 2, 2, 1, 2, 2, 2, 1, 1, 0, 0, 1, 0, 2, 2, 0, 1, 2, 0, 1, 2, 2, 0, 0, 1, 2, 2, 2, 1, 0, 1, 0, 1, 1, 0, 1, 1, 1, 0, 2, 1, 1, 0, 0, 0, 0, 1, 1, 2, 1, 2, 0, 0, 0, 2, 1, 0, 1, 2, 1, 2, 1, 1, 1, 1, 1, 2, 0, 1, 1, 0, 0, 0, 1, 2, 1, 0, 2, 1, 0, 0, 0, 0, 0, 0, 1, 2, 0, 1, 0, 0, 0, 1, 2]|[2, 4, 3, 2, 2, 0, 0, 2, 2, 4, 1, 1, 2, 4, 4, 1, 1, 4, 2, 1, 1, 1, 1, 2, 1, 2, 1, 1, 1, 1, 3, 2, 1, 0, 4, 0, 3, 1, 0, 3, 2, 2, 4, 0, 1, 1, 0, 2, 0, 1, 2, 2, 1, 4, 0, 3, 2, 1, 1, 2, 1, 3, 1, 1, 1, 3, 0, 4, 3, 1, 4, 1, 1, 2, 4, 4, 2, 1, 1, 3, 1, 3, 1, 1, 1, 1, 1, 1, 2, 1, 2, 3, 1, 1, 1, 2, 2, 2, 3, 1]|[1, 0, 2, 1, 1, 3, 3, 0, 0, 0, 0, 0, 1, 0, 1, 0, 0, 3, 1, 0, 0, 0, 3, 1, 0, 2, 0, 0, 0, 1, 0, 0, 1, 0, 3, 0, 0, 0, 0, 2, 1, 1, 2, 0, 0, 0, 0, 1, 1, 0, 0, 0, 1, 3, 0, 0, 1, 0, 0, 1, 0, 2, 0, 1, 0, 2, 1, 0, 0, 1, 1, 3, 0, 1, 3, 3, 1, 0, 0, 2, 0, 0, 0, 0, 1, 0, 0, 0, 1, 0, 1, 2, 0, 1, 1, 0, 0, 0, 0, 0],790.0808266764368,57786.8302361389,89026.65770310973,true
39,G3_TWC,G4_BALANCED,[31, 22, 82, 15, 26, 58, 95, 42, 77, 12, 47, 5, 93, 78, 98, 54, 85, 63, 18, 44, 20, 35, 43, 97, 91, 76, 10, 30, 21, 45, 71, 64, 1, 23, 17, 83, 24, 14, 60, 36, 6, 57, 94, 88, 65, 56, 79, 40, 67, 68, 46, 75, 38, 9, 19, 32, 81, 41, 27, 62, 87, 90, 99, 59, 11, 16, 72, 73, 70, 39, 37, 84, 3, 92, 25, 55, 28, 29, 51, 7, 33, 61, 86, 48, 89, 34, 69, 96, 53, 80, 4, 8, 50, 49, 52, 0, 13, 2, 66, 74]|[1, 1, 0, 1, 1, 1, 2, 1, 2, 1, 2, 2, 2, 1, 1, 0, 0, 1, 0, 2, 2, 0, 1, 2, 0, 1, 2, 2, 0, 0, 1, 2, 1, 2, 1, 0, 2, 0, 1, 1, 0, 1, 1, 1, 0, 2, 1, 1, 0, 0, 0, 0, 1, 1, 2, 1, 2, 0, 0, 0, 2, 1, 0, 1, 2, 1, 2, 1, 1, 1, 1, 1, 2, 0, 1, 1, 0, 0, 0, 1, 2, 1, 0, 0, 1, 2, 1, 0, 0, 0, 0, 1, 0, 0, 1, 0, 0, 0, 2, 2]|[4, 3, 2, 2, 0, 0, 2, 2, 2, 4, 1, 1, 2, 4, 4, 1, 1, 4, 2, 1, 1, 1, 1, 2, 1, 2, 1, 1, 1, 1, 3, 2, 3, 0, 4, 0, 1, 1, 0, 3, 2, 2, 4, 0, 1, 1, 0, 2, 0, 1, 2, 2, 1, 4, 0, 3, 2, 1, 1, 2, 1, 3, 1, 1, 1, 3, 0, 4, 3, 1, 4, 1, 1, 2, 4, 4, 2, 1, 1, 3, 1, 3, 1, 1, 1, 1, 3, 1, 2, 1, 2, 3, 1, 1, 1, 2, 2, 2, 1, 1]|[0, 2, 1, 1, 3, 3, 0, 1, 0, 0, 0, 0, 1, 0, 1, 0, 0, 3, 1, 0, 0, 0, 3, 1, 0, 2, 0, 0, 0, 1, 0, 0, 0, 0, 3, 0, 1, 0, 0, 2, 1, 1, 2, 0, 0, 0, 0, 1, 1, 0, 0, 0, 1, 3, 0, 0, 1, 0, 0, 1, 0, 2, 0, 1, 0, 2, 1, 0, 0, 1, 1, 3, 0, 1, 3, 3, 1, 0, 0, 2, 0, 0, 0, 0, 1, 0, 0, 0, 1, 0, 1, 2, 0, 1, 1, 0, 0, 0, 0, 0],790.1921483697682,57957.04840138768,88951.83199580385,true
39,G1_CMAX,G1_CMAX,[31, 22, 82, 15, 26, 99, 95, 42, 77, 12, 47, 5, 93, 78, 86, 54, 21, 63, 18, 44, 20, 35, 43, 97, 91, 76, 10, 30, 85, 45, 71, 64, 1, 23, 57, 83, 24, 14, 60, 36, 81, 17, 40, 88, 65, 56, 79, 94, 67, 68, 46, 75, 38, 9, 19, 32, 41, 6, 27, 87, 90, 58, 59, 11, 16, 72, 73, 70, 39, 37, 84, 3, 92, 25, 55, 28, 62, 29, 51, 7, 33, 61, 98, 48, 89, 50, 4, 96, 53, 80, 66, 8, 34, 49, 52, 0, 13, 2, 69, 74]|[1, 1, 0, 1, 1, 0, 1, 1, 2, 1, 2, 2, 2, 1, 1, 0, 0, 1, 0, 2, 2, 0, 1, 2, 0, 1, 2, 2, 0, 0, 1, 2, 1, 2, 1, 0, 2, 0, 1, 1, 0, 1, 1, 1, 0, 2, 1, 1, 0, 0, 0, 0, 1, 1, 2, 1, 2, 2, 0, 2, 1, 0, 1, 2, 1, 2, 1, 1, 1, 1, 1, 1, 0, 1, 2, 2, 0, 0, 2, 2, 2, 1, 2, 0, 1, 0, 1, 2, 0, 0, 2, 1, 2, 0, 1, 0, 0, 0, 1, 2]|[0, 3, 2, 2, 4, 1, 2, 3, 2, 4, 1, 1, 2, 4, 4, 1, 1, 4, 2, 1, 1, 1, 1, 2, 1, 2, 1, 1, 2, 1, 3, 2, 3, 0, 4, 0, 1, 1, 0, 3, 2, 2, 2, 0, 1, 1, 0, 4, 0, 1, 2, 2, 1, 4, 0, 3, 2, 2, 1, 1, 3, 1, 1, 1, 3, 0, 4, 3, 1, 4, 1, 1, 0, 4, 1, 1, 2, 1, 2, 1, 1, 3, 1, 1, 1, 1, 4, 1, 2, 1, 1, 3, 1, 1, 1, 2, 2, 2, 4, 1]|[0, 2, 1, 1, 3, 0, 1, 3, 0, 0, 0, 0, 1, 0, 1, 0, 0, 3, 1, 0, 0, 0, 3, 1, 0, 2, 0, 0, 0, 1, 0, 0, 0, 0, 3, 0, 1, 0, 0, 2, 1, 1, 1, 0, 0, 0, 0, 2, 1, 0, 0, 0, 1, 3, 0, 0, 1, 1, 0, 0, 2, 0, 1, 0, 2, 1, 0, 0, 1, 1, 3, 1, 1, 3, 0, 0, 1, 0, 1, 0, 0, 0, 0, 0, 1, 0, 0, 0, 1, 0, 0, 2, 0, 1, 1, 0, 0, 0, 2, 0],714.4485115867469,58161.785232764836,94013.66617097157,false
39,G4_BALANCED,G3_TWC,[31, 22, 82, 15, 26, 58, 95, 42, 77, 12, 47, 5, 93, 78, 98, 54, 85, 63, 18, 44, 20, 35, 43, 97, 91, 76, 10, 30, 21, 45, 71, 64, 1, 23, 17, 83, 24, 14, 60, 36, 6, 57, 94, 88, 65, 56, 79, 40, 67, 68, 46, 75, 38, 9, 19, 32, 81, 41, 27, 62, 87, 90, 99, 59, 11, 16, 73, 72, 70, 39, 37, 84, 3, 92, 25, 55, 28, 29, 51, 7, 33, 61, 86, 80, 89, 50, 4, 96, 53, 48, 66, 8, 34, 49, 52, 0, 13, 2, 69, 74]|[1, 1, 0, 1, 1, 1, 2, 1, 2, 1, 2, 2, 2, 1, 1, 0, 0, 1, 0, 2, 2, 0, 0, 2, 0, 1, 2, 2, 0, 0, 1, 2, 1, 2, 1, 0, 2, 0, 1, 1, 0, 1, 1, 1, 0, 2, 1, 1, 0, 0, 0, 0, 1, 1, 2, 1, 2, 0, 0, 0, 2, 1, 1, 2, 2, 1, 2, 1, 1, 1, 1, 1, 1, 0, 1, 1, 0, 0, 0, 1, 2, 1, 0, 0, 1, 0, 0, 0, 0, 0, 2, 1, 2, 0, 1, 0, 0, 0, 1, 2]|[4, 3, 2, 2, 0, 0, 2, 2, 2, 4, 1, 1, 2, 4, 4, 1, 1, 4, 2, 1, 1, 1, 1, 2, 1, 2, 1, 1, 1, 1, 3, 1, 3, 0, 4, 0, 1, 1, 0, 3, 2, 2, 4, 0, 1, 1, 0, 2, 0, 1, 2, 2, 1, 4, 0, 3, 2, 1, 1, 2, 1, 3, 1, 1, 1, 3, 0, 4, 3, 1, 4, 1, 1, 2, 4, 4, 2, 1, 1, 3, 1, 3, 1, 1, 1, 1, 2, 1, 2, 1, 1, 3, 1, 1, 1, 2, 2, 2, 3, 1]|[0, 2, 1, 1, 3, 3, 0, 1, 0, 0, 0, 0, 1, 0, 1, 0, 0, 3, 1, 0, 0, 0, 0, 1, 0, 2, 0, 0, 0, 1, 0, 0, 0, 0, 3, 0, 1, 0, 0, 2, 1, 1, 2, 0, 0, 0, 0, 1, 1, 0, 0, 0, 1, 3, 0, 0, 1, 0, 0, 1, 0, 2, 1, 0, 0, 2, 1, 0, 0, 1, 1, 3, 1, 1, 3, 3, 1, 0, 0, 2, 0, 0, 0, 0, 1, 0, 1, 0, 1, 0, 0, 2, 0, 1, 1, 0, 0, 0, 0, 0],783.513658900274,57954.02994106131,89339.01998104787,true
39,G2_TEC,G1_CMAX,[31, 22, 82, 15, 26, 99, 95, 42, 77, 12, 47, 5, 93, 78, 86, 54, 21, 63, 18, 44, 20, 35, 43, 97, 91, 76, 10, 30, 85, 45, 71, 64, 1, 23, 17, 83, 24, 14, 60, 36, 6, 57, 40, 88, 65, 56, 79, 94, 67, 68, 46, 75, 38, 9, 19, 32, 41, 81, 27, 87, 90, 58, 59, 11, 16, 72, 73, 70, 39, 37, 84, 3, 92, 25, 55, 48, 62, 29, 51, 96, 98, 61, 66, 28, 89, 50, 4, 7, 53, 80, 8, 33, 34, 2, 52, 13, 0, 69, 74, 49]|[1, 1, 0, 1, 1, 0, 1, 1, 2, 1, 2, 2, 2, 1, 1, 0, 0, 1, 0, 2, 2, 0, 1, 2, 0, 1, 2, 2, 0, 0, 1, 2, 1, 2, 1, 0, 2, 0, 1, 1, 0, 1, 1, 1, 0, 2, 1, 1, 0, 0, 0, 0, 1, 1, 2, 1, 0, 2, 0, 2, 1, 0, 1, 2, 1, 2, 1, 1, 1, 1, 1, 1, 0, 1, 2, 0, 0, 0, 0, 2, 2, 1, 2, 0, 1, 0, 1, 2, 0, 0, 1, 2, 2, 0, 1, 0, 0, 1, 2, 0]|[4, 3, 2, 2, 4, 1, 2, 3, 2, 4, 1, 1, 2, 4, 4, 1, 1, 4, 2, 1, 1, 1, 1, 2, 1, 2, 1, 1, 2, 1, 3, 2, 3, 1, 4, 0, 1, 1, 0, 3, 2, 2, 2, 0, 1, 1, 0, 4, 0, 1, 2, 2, 1, 4, 0, 3, 1, 2, 1, 1, 3, 1, 1, 1, 3, 0, 4, 3, 1, 4, 1, 1, 0, 4, 1, 1, 2, 1, 1, 1, 1, 3, 1, 2, 1, 1, 4, 1, 2, 1, 3, 1, 1, 2, 1, 2, 2, 4, 1, 1]|[0, 2, 1, 1, 3, 0, 1, 3, 0, 0, 0, 0, 1, 0, 1, 0, 0, 3, 1, 0, 0, 0, 3, 1, 0, 2, 0, 0, 0, 1, 0, 0, 0, 0, 3, 0, 1, 0, 0, 2, 1, 1, 1, 0, 0, 0, 0, 2, 1, 0, 0, 0, 1, 3, 0, 0, 0, 1, 0, 0, 2, 0, 1, 0, 2, 1, 0, 0, 1, 1, 3, 1, 1, 3, 0, 0, 1, 0, 0, 0, 0, 0, 0, 1, 1, 0, 0, 0, 1, 0, 2, 0, 0, 0, 1, 0, 0, 2, 0, 1],733.6437548344954,56435.96944926724,92290.19097821631,true
39,G3_TWC,G4_BALANCED,[31, 22, 82, 15, 26, 58, 95, 42, 77, 12, 47, 5, 93, 78, 98, 54, 85, 63, 18, 44, 20, 35, 43, 97, 91, 76, 10, 30, 21, 45, 71, 64, 1, 23, 17, 83, 24, 14, 60, 36, 6, 57, 94, 88, 65, 56, 79, 40, 67, 68, 46, 75, 38, 9, 19, 32, 81, 41, 27, 62, 87, 90, 99, 59, 11, 16, 72, 73, 70, 39, 37, 84, 3, 92, 25, 55, 28, 29, 51, 7, 33, 61, 86, 48, 89, 34, 69, 96, 53, 80, 4, 8, 50, 49, 52, 0, 13, 2, 66, 74]|[1, 1, 0, 1, 1, 1, 2, 1, 2, 1, 2, 2, 2, 1, 1, 0, 0, 1, 0, 2, 2, 0, 1, 2, 0, 1, 2, 2, 0, 0, 1, 2, 1, 2, 1, 0, 2, 0, 1, 1, 0, 1, 1, 1, 0, 2, 1, 1, 0, 0, 0, 0, 1, 1, 2, 1, 2, 0, 0, 0, 2, 1, 0, 1, 2, 1, 2, 1, 1, 1, 1, 1, 2, 0, 1, 1, 0, 0, 0, 1, 2, 1, 0, 0, 1, 2, 1, 0, 0, 0, 0, 1, 0, 0, 1, 0, 0, 0, 2, 2]|[4, 3, 2, 2, 0, 0, 2, 2, 2, 4, 1, 1, 2, 4, 4, 1, 1, 4, 2, 1, 1, 1, 1, 2, 1, 2, 1, 1, 1, 1, 3, 2, 3, 0, 4, 0, 1, 1, 0, 3, 2, 2, 4, 0, 1, 1, 0, 2, 0, 1, 2, 2, 1, 4, 0, 3, 2, 1, 1, 2, 1, 3, 1, 1, 1, 3, 0, 4, 3, 1, 4, 1, 1, 2, 4, 4, 2, 1, 1, 3, 1, 3, 1, 1, 1, 1, 3, 1, 2, 1, 2, 3, 1, 1, 1, 2, 2, 2, 1, 1]|[0, 2, 1, 1, 3, 3, 0, 1, 0, 0, 0, 0, 1, 0, 1, 0, 0, 3, 1, 0, 0, 0, 3, 1, 0, 2, 0, 0, 0, 1, 0, 0, 0, 0, 3, 0, 1, 0, 0, 2, 1, 1, 2, 0, 0, 0, 0, 1, 1, 0, 0, 0, 1, 3, 0, 0, 1, 0, 0, 1, 0, 2, 0, 1, 0, 2, 1, 0, 0, 1, 1, 3, 0, 1, 3, 3, 1, 0, 0, 2, 0, 0, 0, 0, 1, 0, 0, 0, 1, 0, 1, 2, 0, 1, 1, 0, 0, 0, 0, 0],790.1921483697682,57957.04840138768,88951.83199580385,true
39,G1_CMAX,G1_CMAX,[31, 22, 82, 15, 26, 99, 95, 42, 77, 12, 47, 5, 93, 78, 86, 54, 21, 63, 18, 44, 20, 35, 43, 97, 91, 76, 10, 30, 85, 45, 71, 64, 1, 23, 57, 83, 24, 14, 60, 36, 81, 17, 40, 88, 65, 56, 79, 94, 67, 68, 46, 75, 38, 9, 19, 32, 41, 6, 27, 87, 90, 58, 59, 11, 16, 72, 73, 70, 39, 37, 84, 3, 92, 25, 55, 28, 62, 29, 51, 7, 33, 61, 98, 48, 89, 50, 4, 96, 53, 80, 66, 8, 34, 49, 52, 0, 13, 2, 69, 74]|[1, 1, 0, 1, 1, 0, 1, 1, 2, 1, 2, 2, 2, 1, 1, 0, 0, 1, 0, 2, 2, 0, 1, 2, 0, 1, 2, 2, 0, 0, 1, 2, 1, 2, 1, 0, 2, 0, 1, 1, 0, 1, 1, 1, 0, 2, 1, 1, 0, 0, 0, 0, 1, 1, 2, 1, 2, 2, 0, 2, 1, 0, 1, 2, 1, 2, 1, 1, 1, 1, 1, 1, 0, 1, 2, 2, 0, 0, 2, 2, 2, 1, 2, 0, 1, 0, 1, 2, 0, 0, 2, 1, 2, 0, 1, 0, 0, 0, 1, 2]|[0, 3, 2, 2, 4, 1, 2, 3, 2, 4, 1, 1, 2, 4, 4, 1, 1, 4, 2, 1, 1, 1, 1, 2, 1, 2, 1, 1, 2, 1, 3, 2, 3, 0, 4, 0, 1, 1, 0, 3, 2, 2, 2, 0, 1, 1, 0, 4, 0, 1, 2, 2, 1, 4, 0, 3, 2, 2, 1, 1, 3, 1, 1, 1, 3, 0, 4, 3, 1, 4, 1, 1, 0, 4, 1, 1, 2, 1, 2, 1, 1, 3, 1, 1, 1, 1, 4, 1, 2, 1, 1, 3, 1, 1, 1, 2, 2, 2, 4, 1]|[0, 2, 1, 1, 3, 0, 1, 3, 0, 0, 0, 0, 1, 0, 1, 0, 0, 3, 1, 0, 0, 0, 3, 1, 0, 2, 0, 0, 0, 1, 0, 0, 0, 0, 3, 0, 1, 0, 0, 2, 1, 1, 1, 0, 0, 0, 0, 2, 1, 0, 0, 0, 1, 3, 0, 0, 1, 1, 0, 0, 2, 0, 1, 0, 2, 1, 0, 0, 1, 1, 3, 1, 1, 3, 0, 0, 1, 0, 1, 0, 0, 0, 0, 0, 1, 0, 0, 0, 1, 0, 0, 2, 0, 1, 1, 0, 0, 0, 2, 0],714.4485115867469,58161.785232764836,94013.66617097157,false
39,G4_BALANCED,G4_BALANCED,[31, 22, 82, 15, 26, 58, 95, 42, 77, 12, 47, 5, 93, 78, 86, 54, 85, 63, 18, 44, 20, 35, 43, 97, 66, 76, 79, 30, 21, 45, 71, 64, 1, 23, 17, 83, 24, 14, 60, 36, 6, 57, 40, 88, 65, 56, 10, 94, 67, 68, 46, 75, 38, 9, 19, 32, 41, 81, 27, 62, 87, 90, 99, 59, 11, 16, 72, 73, 69, 39, 37, 84, 3, 92, 25, 55, 29, 28, 51, 7, 33, 61, 98, 48, 89, 50, 4, 96, 53, 80, 91, 8, 34, 2, 52, 0, 13, 70, 49, 74]|[1, 1, 0, 1, 1, 0, 1, 2, 2, 1, 2, 2, 2, 1, 1, 0, 0, 1, 0, 2, 2, 0, 1, 2, 2, 1, 2, 2, 0, 0, 1, 2, 1, 2, 1, 0, 2, 0, 1, 1, 0, 1, 1, 1, 0, 2, 2, 1, 0, 0, 0, 0, 1, 1, 2, 1, 0, 2, 0, 0, 2, 1, 0, 1, 2, 1, 2, 1, 1, 1, 1, 1, 1, 0, 1, 2, 0, 0, 0, 1, 0, 1, 2, 0, 1, 0, 1, 2, 0, 2, 0, 0, 2, 0, 1, 0, 0, 1, 0, 2]|[4, 3, 2, 2, 4, 1, 2, 2, 2, 4, 1, 1, 2, 4, 4, 1, 2, 4, 2, 1, 1, 1, 1, 2, 1, 2, 1, 1, 1, 1, 3, 1, 3, 1, 4, 0, 1, 1, 0, 3, 2, 2, 2, 0, 1, 1, 1, 4, 0, 1, 2, 2, 1, 4, 0, 3, 1, 1, 1, 2, 1, 3, 1, 1, 1, 3, 0, 4, 3, 1, 4, 1, 1, 0, 4, 1, 1, 2, 1, 1, 1, 3, 1, 1, 1, 1, 4, 1, 2, 1, 1, 1, 1, 2, 1, 2, 2, 3, 1, 1]|[0, 2, 1, 1, 3, 0, 1, 0, 0, 0, 0, 0, 1, 0, 1, 0, 0, 3, 1, 0, 0, 0, 3, 1, 0, 2, 0, 0, 0, 0, 0, 0, 0, 0, 3, 0, 1, 0, 0, 2, 1, 1, 1, 0, 0, 0, 0, 2, 1, 0, 0, 0, 1, 3, 0, 0, 0, 0, 0, 1, 0, 2, 0, 1, 0, 2, 1, 0, 0, 1, 1, 3, 1, 1, 3, 0, 0, 1, 0, 2, 0, 0, 0, 0, 1, 0, 0, 0, 1, 0, 0, 0, 0, 0, 1, 0, 0, 0, 1, 0],791.415243510269,55303.85816333782,96750.39584222315,false
39,G2_TEC,G2_TEC,[31, 22, 82, 15, 26, 9, 95, 42, 77, 68, 47, 5, 93, 78, 86, 54, 85, 63, 18, 44, 20, 49, 36, 14, 74, 50, 53, 17, 21, 28, 11, 64, 3, 23, 30, 83, 24, 41, 40, 52, 65, 27, 90, 70, 39, 87, 48, 69, 99, 4, 46, 1, 13, 58, 97, 59, 45, 8, 73, 37, 35, 79, 71, 66, 76, 32, 60, 88, 56, 6, 67, 61, 33, 7, 57, 89, 12, 16, 10, 72, 96, 80, 43, 75, 91, 38, 84, 92, 29, 19, 51, 55, 81, 34, 25, 98, 94, 2, 62, 0]|[2, 1, 2, 1, 1, 2, 1, 1, 1, 1, 1, 0, 2, 2, 1, 2, 0, 0, 0, 2, 2, 1, 0, 2, 0, 2, 2, 1, 0, 1, 1, 1, 0, 0, 1, 0, 2, 1, 2, 2, 0, 0, 1, 1, 0, 2, 0, 2, 1, 0, 0, 2, 0, 0, 2, 0, 1, 1, 0, 0, 2, 1, 1, 2, 2, 0, 2, 2, 2, 1, 2, 1, 1, 2, 0, 1, 1, 2, 1, 1, 0, 1, 1, 0, 1, 0, 0, 0, 1, 1, 1, 0, 1, 1, 1, 2, 2, 2, 1, 0]|[0, 3, 0, 3, 4, 1, 4, 4, 2, 4, 3, 2, 1, 0, 2, 1, 1, 1, 2, 1, 1, 3, 0, 1, 0, 1, 1, 4, 1, 4, 3, 2, 2, 0, 4, 1, 1, 4, 1, 1, 2, 1, 4, 4, 1, 1, 0, 2, 3, 2, 2, 1, 2, 1, 1, 2, 4, 3, 0, 2, 2, 3, 3, 1, 1, 2, 1, 1, 1, 4, 1, 3, 4, 1, 2, 4, 3, 1, 3, 4, 2, 4, 4, 2, 3, 2, 2, 2, 3, 4, 3, 2, 4, 4, 4, 1, 1, 1, 3, 2]|[0, 2, 0, 0, 3, 0, 1, 3, 0, 0, 2, 0, 1, 0, 1, 0, 0, 0, 1, 0, 0, 2, 0, 0, 1, 0, 0, 3, 0, 1, 0, 2, 0, 0, 3, 0, 1, 1, 0, 0, 0, 0, 1, 3, 0, 0, 1, 0, 2, 0, 0, 0, 0, 0, 1, 0, 1, 0, 1, 1, 0, 2, 0, 0, 0, 0, 0, 0, 0, 2, 0, 0, 1, 0, 0, 1, 0, 0, 3, 1, 0, 1, 2, 0, 0, 0, 0, 0, 3, 1, 0, 0, 2, 1, 3, 0, 0, 0, 0, 0],894.5341842255108,49455.753242922154,106801.65799478718,false
39,G3_TWC,G4_BALANCED,[31, 22, 82, 15, 26, 58, 95, 42, 77, 12, 47, 5, 93, 78, 98, 54, 85, 63, 18, 44, 20, 35, 43, 97, 91, 76, 10, 30, 21, 45, 71, 64, 1, 23, 17, 83, 24, 14, 60, 36, 6, 57, 94, 88, 65, 56, 79, 40, 67, 68, 46, 75, 38, 9, 19, 32, 81, 41, 27, 62, 87, 90, 99, 59, 11, 16, 72, 73, 70, 39, 37, 84, 3, 92, 25, 55, 28, 29, 51, 7, 33, 61, 86, 48, 89, 34, 69, 96, 53, 80, 4, 8, 50, 49, 52, 0, 13, 2, 66, 74]|[1, 1, 0, 1, 1, 1, 2, 1, 2, 1, 2, 2, 2, 1, 1, 0, 0, 1, 0, 2, 2, 0, 1, 2, 0, 1, 2, 2, 0, 0, 1, 2, 1, 2, 1, 0, 2, 0, 1, 1, 0, 1, 1, 1, 0, 2, 1, 1, 0, 0, 0, 0, 1, 1, 2, 1, 2, 0, 0, 0, 2, 1, 0, 1, 2, 1, 2, 1, 1, 1, 1, 1, 2, 0, 1, 1, 0, 0, 0, 1, 2, 1, 0, 0, 1, 2, 1, 0, 0, 0, 0, 1, 0, 0, 1, 0, 0, 0, 2, 2]|[4, 3, 2, 2, 0, 0, 2, 2, 2, 4, 1, 1, 2, 4, 4, 1, 1, 4, 2, 1, 1, 1, 1, 2, 1, 2, 1, 1, 1, 1, 3, 2, 3, 0, 4, 0, 1, 1, 0, 3, 2, 2, 4, 0, 1, 1, 0, 2, 0, 1, 2, 2, 1, 4, 0, 3, 2, 1, 1, 2, 1, 3, 1, 1, 1, 3, 0, 4, 3, 1, 4, 1, 1, 2, 4, 4, 2, 1, 1, 3, 1, 3, 1, 1, 1, 1, 3, 1, 2, 1, 2, 3, 1, 1, 1, 2, 2, 2, 1, 1]|[0, 2, 1, 1, 3, 3, 0, 1, 0, 0, 0, 0, 1, 0, 1, 0, 0, 3, 1, 0, 0, 0, 3, 1, 0, 2, 0, 0, 0, 1, 0, 0, 0, 0, 3, 0, 1, 0, 0, 2, 1, 1, 2, 0, 0, 0, 0, 1, 1, 0, 0, 0, 1, 3, 0, 0, 1, 0, 0, 1, 0, 2, 0, 1, 0, 2, 1, 0, 0, 1, 1, 3, 0, 1, 3, 3, 1, 0, 0, 2, 0, 0, 0, 0, 1, 0, 0, 0, 1, 0, 1, 2, 0, 1, 1, 0, 0, 0, 0, 0],790.1921483697682,57957.04840138768,88951.83199580385,true
39,G1_CMAX,G1_CMAX,[31, 22, 82, 15, 26, 99, 95, 42, 77, 12, 47, 5, 93, 78, 86, 54, 21, 63, 18, 44, 20, 35, 43, 97, 91, 76, 10, 30, 85, 45, 71, 64, 1, 23, 57, 83, 24, 14, 60, 36, 81, 17, 40, 88, 65, 56, 79, 94, 67, 68, 46, 75, 38, 9, 19, 32, 41, 6, 27, 87, 90, 58, 59, 11, 16, 72, 73, 70, 39, 37, 84, 3, 92, 25, 55, 28, 62, 29, 51, 7, 33, 61, 98, 48, 89, 50, 4, 96, 53, 80, 66, 8, 34, 49, 52, 0, 13, 2, 69, 74]|[1, 1, 0, 1, 1, 0, 1, 1, 2, 1, 2, 2, 2, 1, 1, 0, 0, 1, 0, 2, 2, 0, 1, 2, 0, 1, 2, 2, 0, 0, 1, 2, 1, 2, 1, 0, 2, 0, 1, 1, 0, 1, 1, 1, 0, 2, 1, 1, 0, 0, 0, 0, 1, 1, 2, 1, 2, 2, 0, 2, 1, 0, 1, 2, 1, 2, 1, 1, 1, 1, 1, 1, 0, 1, 2, 2, 0, 0, 2, 2, 2, 1, 2, 0, 1, 0, 1, 2, 0, 0, 2, 1, 2, 0, 1, 0, 0, 0, 1, 2]|[0, 3, 2, 2, 4, 1, 2, 3, 2, 4, 1, 1, 2, 4, 4, 1, 1, 4, 2, 1, 1, 1, 1, 2, 1, 2, 1, 1, 2, 1, 3, 2, 3, 0, 4, 0, 1, 1, 0, 3, 2, 2, 2, 0, 1, 1, 0, 4, 0, 1, 2, 2, 1, 4, 0, 3, 2, 2, 1, 1, 3, 1, 1, 1, 3, 0, 4, 3, 1, 4, 1, 1, 0, 4, 1, 1, 2, 1, 2, 1, 1, 3, 1, 1, 1, 1, 4, 1, 2, 1, 1, 3, 1, 1, 1, 2, 2, 2, 4, 1]|[0, 2, 1, 1, 3, 0, 1, 3, 0, 0, 0, 0, 1, 0, 1, 0, 0, 3, 1, 0, 0, 0, 3, 1, 0, 2, 0, 0, 0, 1, 0, 0, 0, 0, 3, 0, 1, 0, 0, 2, 1, 1, 1, 0, 0, 0, 0, 2, 1, 0, 0, 0, 1, 3, 0, 0, 1, 1, 0, 0, 2, 0, 1, 0, 2, 1, 0, 0, 1, 1, 3, 1, 1, 3, 0, 0, 1, 0, 1, 0, 0, 0, 0, 0, 1, 0, 0, 0, 1, 0, 0, 2, 0, 1, 1, 0, 0, 0, 2, 0],714.4485115867469,58161.785232764836,94013.66617097157,false
39,G4_BALANCED,G4_BALANCED,[31, 11, 82, 15, 26, 9, 95, 42, 77, 68, 47, 5, 93, 78, 86, 54, 85, 63, 18, 44, 20, 49, 36, 14, 74, 50, 53, 17, 21, 45, 71, 64, 3, 23, 30, 83, 24, 41, 60, 52, 65, 27, 90, 70, 39, 87, 48, 69, 99, 4, 46, 1, 13, 58, 97, 59, 28, 75, 73, 37, 35, 79, 22, 66, 76, 32, 40, 80, 96, 6, 16, 61, 33, 7, 57, 34, 12, 67, 10, 98, 56, 88, 29, 8, 91, 38, 19, 92, 43, 2, 89, 72, 51, 25, 84, 55, 62, 81, 94, 0]|[2, 1, 2, 1, 1, 2, 1, 1, 1, 1, 1, 0, 2, 2, 1, 2, 0, 0, 0, 2, 2, 1, 0, 2, 0, 2, 2, 1, 0, 1, 1, 1, 0, 0, 2, 0, 2, 1, 2, 2, 0, 0, 1, 1, 0, 2, 0, 2, 1, 0, 0, 2, 0, 0, 2, 0, 1, 1, 0, 0, 2, 1, 0, 2, 2, 0, 2, 2, 0, 1, 2, 1, 2, 2, 0, 1, 1, 1, 1, 2, 2, 1, 1, 0, 1, 0, 1, 0, 1, 2, 1, 1, 1, 1, 0, 0, 1, 1, 2, 0]|[0, 3, 0, 2, 4, 1, 4, 4, 2, 4, 3, 2, 1, 0, 2, 1, 1, 1, 2, 1, 1, 3, 0, 1, 0, 1, 1, 4, 1, 4, 3, 2, 2, 0, 1, 1, 1, 4, 0, 1, 2, 1, 4, 4, 1, 1, 0, 2, 3, 2, 2, 1, 2, 1, 1, 2, 4, 3, 0, 2, 2, 3, 1, 0, 1, 2, 0, 1, 2, 4, 1, 3, 1, 1, 2, 4, 3, 3, 3, 1, 1, 4, 3, 2, 3, 2, 4, 2, 4, 1, 4, 4, 3, 4, 2, 2, 3, 4, 1, 2]|[0, 2, 0, 1, 3, 0, 1, 3, 0, 0, 2, 0, 1, 0, 1, 0, 0, 0, 1, 0, 0, 2, 0, 0, 1, 0, 0, 3, 0, 1, 0, 2, 0, 1, 0, 0, 1, 3, 1, 0, 0, 0, 1, 3, 0, 0, 1, 0, 2, 0, 0, 0, 0, 0, 1, 0, 1, 0, 1, 1, 0, 2, 0, 0, 0, 0, 1, 0, 0, 2, 0, 0, 0, 0, 0, 1, 0, 0, 3, 0, 0, 1, 3, 0, 0, 0, 1, 0, 2, 0, 1, 2, 0, 3, 0, 0, 0, 1, 0, 0],852.5184451675896,52077.87777408223,105904.01879381535,false
39,G2_TEC,G2_TEC,[31, 22, 82, 15, 26, 9, 95, 42, 77, 68, 47, 5, 93, 78, 86, 54, 85, 63, 18, 44, 20, 49, 36, 14, 74, 50, 53, 17, 21, 28, 11, 64, 3, 23, 30, 83, 24, 41, 40, 52, 65, 27, 90, 70, 39, 87, 48, 69, 99, 4, 75, 1, 13, 58, 97, 59, 45, 8, 73, 37, 35, 79, 71, 66, 76, 32, 60, 80, 56, 6, 67, 61, 33, 7, 57, 34, 12, 16, 10, 98, 96, 88, 43, 46, 91, 38, 84, 92, 29, 19, 51, 55, 81, 89, 25, 72, 94, 2, 0, 62]|[2, 1, 2, 1, 1, 2, 1, 1, 1, 1, 1, 0, 2, 2, 1, 2, 0, 0, 0, 2, 2, 1, 0, 2, 0, 2, 2, 1, 0, 1, 1, 1, 0, 0, 1, 0, 2, 1, 2, 2, 0, 0, 1, 1, 0, 2, 0, 2, 1, 0, 0, 2, 0, 0, 2, 0, 1, 1, 0, 0, 2, 1, 1, 2, 2, 0, 2, 2, 2, 1, 2, 1, 1, 2, 0, 1, 1, 2, 1, 2, 0, 1, 1, 0, 1, 0, 0, 0, 1, 1, 1, 0, 1, 1, 1, 1, 2, 2, 0, 1]|[0, 3, 0, 3, 4, 1, 4, 4, 2, 4, 3, 2, 1, 0, 2, 1, 1, 1, 2, 1, 1, 3, 0, 1, 0, 1, 1, 4, 1, 4, 3, 2, 2, 0, 4, 1, 1, 4, 1, 1, 2, 1, 4, 4, 1, 1, 0, 2, 3, 2, 2, 1, 2, 1, 1, 2, 4, 3, 0, 2, 2, 3, 3, 1, 1, 2, 1, 1, 1, 4, 1, 3, 4, 1, 2, 4, 3, 1, 3, 1, 2, 4, 4, 2, 3, 2, 2, 2, 3, 4, 3, 2, 4, 4, 4, 4, 1, 1, 2, 3]|[0, 2, 0, 0, 3, 0, 1, 3, 0, 0, 2, 0, 1, 0, 1, 0, 0, 0, 1, 0, 0, 2, 0, 0, 1, 0, 0, 3, 0, 1, 0, 2, 0, 0, 3, 0, 1, 1, 0, 0, 0, 0, 1, 3, 0, 0, 1, 0, 2, 0, 0, 0, 0, 0, 1, 0, 1, 0, 1, 1, 0, 2, 0, 0, 0, 0, 0, 0, 0, 2, 0, 0, 1, 0, 0, 1, 0, 0, 3, 0, 0, 1, 2, 0, 0, 0, 0, 0, 3, 1, 0, 0, 2, 1, 3, 1, 0, 0, 0, 0],908.8272556494078,49235.066718390466,107289.32240407266,false
39,G3_TWC,G4_BALANCED,[31, 22, 82, 15, 26, 58, 95, 42, 77, 12, 47, 5, 93, 78, 98, 54, 85, 63, 18, 44, 20, 35, 43, 97, 91, 76, 10, 30, 21, 45, 71, 64, 1, 23, 17, 83, 24, 14, 60, 36, 6, 57, 94, 88, 65, 56, 79, 40, 67, 68, 46, 75, 38, 9, 19, 32, 81, 41, 27, 62, 87, 90, 99, 59, 11, 16, 72, 73, 70, 39, 37, 84, 3, 92, 25, 55, 28, 29, 51, 7, 33, 61, 86, 48, 89, 34, 69, 96, 53, 80, 4, 8, 50, 49, 52, 0, 13, 2, 66, 74]|[1, 1, 0, 1, 1, 1, 2, 1, 2, 1, 2, 2, 2, 1, 1, 0, 0, 1, 0, 2, 2, 0, 1, 2, 0, 1, 2, 2, 0, 0, 1, 2, 1, 2, 1, 0, 2, 0, 1, 1, 0, 1, 1, 1, 0, 2, 1, 1, 0, 0, 0, 0, 1, 1, 2, 1, 2, 0, 0, 0, 2, 1, 0, 1, 2, 1, 2, 1, 1, 1, 1, 1, 2, 0, 1, 1, 0, 0, 0, 1, 2, 1, 0, 0, 1, 2, 1, 0, 0, 0, 0, 1, 0, 0, 1, 0, 0, 0, 2, 2]|[4, 3, 2, 2, 0, 0, 2, 2, 2, 4, 1, 1, 2, 4, 4, 1, 1, 4, 2, 1, 1, 1, 1, 2, 1, 2, 1, 1, 1, 1, 3, 2, 3, 0, 4, 0, 1, 1, 0, 3, 2, 2, 4, 0, 1, 1, 0, 2, 0, 1, 2, 2, 1, 4, 0, 3, 2, 1, 1, 2, 1, 3, 1, 1, 1, 3, 0, 4, 3, 1, 4, 1, 1, 2, 4, 4, 2, 1, 1, 3, 1, 3, 1, 1, 1, 1, 3, 1, 2, 1, 2, 3, 1, 1, 1, 2, 2, 2, 1, 1]|[0, 2, 1, 1, 3, 3, 0, 1, 0, 0, 0, 0, 1, 0, 1, 0, 0, 3, 1, 0, 0, 0, 3, 1, 0, 2, 0, 0, 0, 1, 0, 0, 0, 0, 3, 0, 1, 0, 0, 2, 1, 1, 2, 0, 0, 0, 0, 1, 1, 0, 0, 0, 1, 3, 0, 0, 1, 0, 0, 1, 0, 2, 0, 1, 0, 2, 1, 0, 0, 1, 1, 3, 0, 1, 3, 3, 1, 0, 0, 2, 0, 0, 0, 0, 1, 0, 0, 0, 1, 0, 1, 2, 0, 1, 1, 0, 0, 0, 0, 0],790.1921483697682,57957.04840138768,88951.83199580385,true
39,G1_CMAX,G1_CMAX,[31, 22, 82, 15, 26, 99, 95, 42, 77, 12, 47, 5, 93, 78, 86, 54, 21, 63, 18, 44, 20, 35, 43, 97, 91, 76, 10, 30, 85, 45, 71, 64, 1, 23, 57, 83, 24, 14, 60, 36, 81, 17, 40, 88, 65, 56, 79, 94, 67, 68, 46, 75, 38, 9, 19, 32, 41, 6, 27, 87, 90, 58, 59, 11, 16, 72, 73, 70, 39, 37, 84, 3, 92, 25, 55, 28, 62, 29, 51, 7, 33, 61, 98, 48, 89, 50, 4, 96, 53, 80, 66, 8, 34, 49, 52, 0, 13, 2, 69, 74]|[1, 1, 0, 1, 1, 0, 1, 1, 2, 1, 2, 2, 2, 1, 1, 0, 0, 1, 0, 2, 2, 0, 1, 2, 0, 1, 2, 2, 0, 0, 1, 2, 1, 2, 1, 0, 2, 0, 1, 1, 0, 1, 1, 1, 0, 2, 1, 1, 0, 0, 0, 0, 1, 1, 2, 1, 2, 2, 0, 2, 1, 0, 1, 2, 1, 2, 1, 1, 1, 1, 1, 1, 0, 1, 2, 2, 0, 0, 2, 2, 2, 1, 2, 0, 1, 0, 1, 2, 0, 0, 2, 1, 2, 0, 1, 0, 0, 0, 1, 2]|[0, 3, 2, 2, 4, 1, 2, 3, 2, 4, 1, 1, 2, 4, 4, 1, 1, 4, 2, 1, 1, 1, 1, 2, 1, 2, 1, 1, 2, 1, 3, 2, 3, 0, 4, 0, 1, 1, 0, 3, 2, 2, 2, 0, 1, 1, 0, 4, 0, 1, 2, 2, 1, 4, 0, 3, 2, 2, 1, 1, 3, 1, 1, 1, 3, 0, 4, 3, 1, 4, 1, 1, 0, 4, 1, 1, 2, 1, 2, 1, 1, 3, 1, 1, 1, 1, 4, 1, 2, 1, 1, 3, 1, 1, 1, 2, 2, 2, 4, 1]|[0, 2, 1, 1, 3, 0, 1, 3, 0, 0, 0, 0, 1, 0, 1, 0, 0, 3, 1, 0, 0, 0, 3, 1, 0, 2, 0, 0, 0, 1, 0, 0, 0, 0, 3, 0, 1, 0, 0, 2, 1, 1, 1, 0, 0, 0, 0, 2, 1, 0, 0, 0, 1, 3, 0, 0, 1, 1, 0, 0, 2, 0, 1, 0, 2, 1, 0, 0, 1, 1, 3, 1, 1, 3, 0, 0, 1, 0, 1, 0, 0, 0, 0, 0, 1, 0, 0, 0, 1, 0, 0, 2, 0, 1, 1, 0, 0, 0, 2, 0],714.4485115867469,58161.785232764836,94013.66617097157,false
39,G4_BALANCED,G2_TEC,[31, 22, 82, 15, 26, 9, 95, 42, 77, 68, 47, 5, 93, 78, 86, 54, 85, 63, 18, 44, 20, 49, 36, 14, 74, 50, 53, 17, 21, 28, 11, 64, 3, 23, 30, 83, 24, 41, 40, 52, 65, 27, 90, 70, 39, 87, 48, 69, 99, 4, 75, 1, 13, 58, 97, 59, 45, 8, 73, 37, 35, 79, 71, 66, 76, 32, 60, 80, 56, 6, 67, 61, 33, 7, 57, 34, 12, 16, 10, 98, 96, 88, 43, 46, 91, 38, 19, 92, 29, 84, 51, 55, 81, 89, 25, 72, 94, 2, 62, 0]|[2, 1, 2, 1, 1, 2, 1, 1, 1, 1, 1, 0, 2, 2, 1, 2, 0, 0, 0, 2, 2, 1, 0, 2, 0, 2, 2, 1, 0, 1, 1, 1, 0, 0, 1, 0, 2, 1, 2, 2, 0, 0, 1, 1, 0, 2, 0, 2, 1, 0, 0, 2, 0, 0, 2, 0, 1, 1, 0, 0, 2, 1, 1, 2, 2, 0, 2, 2, 0, 1, 2, 1, 1, 2, 0, 1, 1, 2, 1, 2, 0, 1, 1, 0, 1, 0, 1, 0, 1, 0, 1, 0, 1, 1, 1, 1, 2, 2, 1, 0]|[0, 3, 0, 3, 4, 1, 4, 4, 2, 4, 3, 2, 1, 0, 2, 1, 1, 1, 2, 1, 1, 3, 0, 1, 0, 1, 1, 4, 1, 4, 3, 2, 2, 0, 4, 1, 1, 4, 1, 1, 2, 1, 4, 4, 1, 1, 0, 2, 3, 2, 2, 1, 2, 1, 1, 2, 4, 3, 0, 2, 2, 3, 3, 1, 1, 2, 1, 1, 2, 4, 1, 3, 4, 1, 2, 4, 3, 1, 3, 1, 2, 4, 4, 2, 3, 2, 4, 2, 3, 2, 3, 2, 4, 4, 4, 4, 1, 1, 3, 2]|[0, 2, 0, 0, 3, 0, 1, 3, 0, 0, 2, 0, 1, 0, 1, 0, 0, 0, 1, 0, 0, 2, 0, 0, 1, 0, 0, 3, 0, 1, 0, 2, 0, 0, 3, 0, 1, 1, 0, 0, 0, 0, 1, 3, 0, 0, 1, 0, 2, 0, 0, 0, 0, 0, 1, 0, 1, 0, 1, 1, 0, 2, 0, 0, 0, 0, 0, 0, 0, 2, 0, 0, 1, 0, 0, 1, 0, 0, 3, 0, 0, 1, 2, 0, 0, 0, 1, 0, 3, 0, 0, 0, 2, 1, 3, 1, 0, 0, 0, 0],904.6653685300863,49364.788328268725,106755.76124369612,true
39,G2_TEC,G2_TEC,[31, 22, 82, 15, 26, 9, 95, 42, 77, 68, 47, 5, 93, 78, 86, 54, 85, 63, 18, 44, 20, 49, 36, 14, 74, 50, 53, 17, 21, 28, 11, 64, 3, 23, 30, 83, 24, 41, 40, 52, 65, 27, 90, 70, 39, 87, 48, 69, 99, 4, 75, 1, 13, 58, 97, 59, 45, 8, 73, 37, 35, 79, 71, 66, 76, 32, 60, 80, 56, 6, 67, 61, 33, 7, 57, 34, 12, 16, 10, 98, 96, 88, 43, 46, 91, 38, 84, 92, 29, 19, 51, 55, 81, 89, 25, 72, 94, 2, 0, 62]|[2, 1, 2, 1, 1, 2, 1, 1, 1, 1, 1, 0, 2, 2, 1, 2, 0, 0, 0, 2, 2, 1, 0, 2, 0, 2, 2, 1, 0, 1, 1, 1, 0, 0, 1, 0, 2, 1, 2, 2, 0, 0, 1, 1, 0, 2, 0, 2, 1, 0, 0, 2, 0, 0, 2, 0, 1, 1, 0, 0, 2, 1, 1, 2, 2, 0, 2, 2, 2, 1, 2, 1, 1, 2, 0, 1, 1, 2, 1, 2, 0, 1, 1, 0, 1, 0, 0, 0, 1, 1, 1, 0, 1, 1, 1, 1, 2, 2, 0, 1]|[0, 3, 0, 3, 4, 1, 4, 4, 2, 4, 3, 2, 1, 0, 2, 1, 1, 1, 2, 1, 1, 3, 0, 1, 0, 1, 1, 4, 1, 4, 3, 2, 2, 0, 4, 1, 1, 4, 1, 1, 2, 1, 4, 4, 1, 1, 0, 2, 3, 2, 2, 1, 2, 1, 1, 2, 4, 3, 0, 2, 2, 3, 3, 1, 1, 2, 1, 1, 1, 4, 1, 3, 4, 1, 2, 4, 3, 1, 3, 1, 2, 4, 4, 2, 3, 2, 2, 2, 3, 4, 3, 2, 4, 4, 4, 4, 1, 1, 2, 3]|[0, 2, 0, 0, 3, 0, 1, 3, 0, 0, 2, 0, 1, 0, 1, 0, 0, 0, 1, 0, 0, 2, 0, 0, 1, 0, 0, 3, 0, 1, 0, 2, 0, 0, 3, 0, 1, 1, 0, 0, 0, 0, 1, 3, 0, 0, 1, 0, 2, 0, 0, 0, 0, 0, 1, 0, 1, 0, 1, 1, 0, 2, 0, 0, 0, 0, 0, 0, 0, 2, 0, 0, 1, 0, 0, 1, 0, 0, 3, 0, 0, 1, 2, 0, 0, 0, 0, 0, 3, 1, 0, 0, 2, 1, 3, 1, 0, 0, 0, 0],908.8272556494078,49235.066718390466,107289.32240407266,false
39,G3_TWC,G4_BALANCED,[31, 22, 82, 15, 26, 58, 95, 42, 77, 12, 47, 5, 93, 78, 98, 54, 85, 63, 18, 44, 20, 35, 43, 97, 91, 76, 10, 30, 21, 45, 71, 64, 1, 23, 17, 83, 24, 14, 60, 36, 6, 57, 94, 88, 65, 56, 79, 40, 67, 68, 46, 75, 38, 9, 19, 32, 81, 41, 27, 62, 87, 90, 99, 59, 11, 16, 72, 73, 70, 39, 37, 84, 3, 92, 25, 55, 28, 29, 51, 7, 33, 61, 86, 48, 89, 34, 69, 96, 53, 80, 4, 8, 50, 49, 52, 0, 13, 2, 66, 74]|[1, 1, 0, 1, 1, 1, 2, 1, 2, 1, 2, 2, 2, 1, 1, 0, 0, 1, 0, 2, 2, 0, 1, 2, 0, 1, 2, 2, 0, 0, 1, 2, 1, 2, 1, 0, 2, 0, 1, 1, 0, 1, 1, 1, 0, 2, 1, 1, 0, 0, 0, 0, 1, 1, 2, 1, 2, 0, 0, 0, 2, 1, 0, 1, 2, 1, 2, 1, 1, 1, 1, 1, 2, 0, 1, 1, 0, 0, 0, 1, 2, 1, 0, 0, 1, 2, 1, 0, 0, 0, 0, 1, 0, 0, 1, 0, 0, 0, 2, 2]|[4, 3, 2, 2, 0, 0, 2, 2, 2, 4, 1, 1, 2, 4, 4, 1, 1, 4, 2, 1, 1, 1, 1, 2, 1, 2, 1, 1, 1, 1, 3, 2, 3, 0, 4, 0, 1, 1, 0, 3, 2, 2, 4, 0, 1, 1, 0, 2, 0, 1, 2, 2, 1, 4, 0, 3, 2, 1, 1, 2, 1, 3, 1, 1, 1, 3, 0, 4, 3, 1, 4, 1, 1, 2, 4, 4, 2, 1, 1, 3, 1, 3, 1, 1, 1, 1, 3, 1, 2, 1, 2, 3, 1, 1, 1, 2, 2, 2, 1, 1]|[0, 2, 1, 1, 3, 3, 0, 1, 0, 0, 0, 0, 1, 0, 1, 0, 0, 3, 1, 0, 0, 0, 3, 1, 0, 2, 0, 0, 0, 1, 0, 0, 0, 0, 3, 0, 1, 0, 0, 2, 1, 1, 2, 0, 0, 0, 0, 1, 1, 0, 0, 0, 1, 3, 0, 0, 1, 0, 0, 1, 0, 2, 0, 1, 0, 2, 1, 0, 0, 1, 1, 3, 0, 1, 3, 3, 1, 0, 0, 2, 0, 0, 0, 0, 1, 0, 0, 0, 1, 0, 1, 2, 0, 1, 1, 0, 0, 0, 0, 0],790.1921483697682,57957.04840138768,88951.83199580385,true
39,G1_CMAX,G3_TWC,[31, 22, 82, 15, 26, 58, 95, 42, 77, 12, 47, 5, 93, 78, 98, 54, 85, 63, 18, 44, 81, 35, 43, 97, 91, 76, 10, 30, 21, 45, 71, 64, 1, 23, 17, 83, 24, 14, 60, 36, 6, 57, 94, 88, 65, 56, 79, 40, 67, 68, 46, 75, 38, 9, 19, 32, 20, 41, 27, 62, 87, 90, 99, 59, 11, 16, 72, 73, 70, 39, 37, 84, 3, 92, 25, 55, 28, 29, 51, 7, 33, 61, 86, 48, 89, 50, 66, 96, 53, 80, 8, 4, 34, 49, 52, 2, 13, 0, 69, 74]|[1, 1, 0, 1, 1, 1, 2, 1, 2, 1, 2, 2, 2, 1, 1, 0, 0, 1, 0, 2, 2, 0, 1, 2, 0, 1, 2, 2, 0, 0, 1, 2, 1, 2, 1, 0, 2, 0, 1, 1, 0, 1, 1, 1, 0, 2, 1, 1, 0, 0, 0, 0, 1, 1, 2, 1, 2, 0, 0, 0, 2, 1, 0, 1, 2, 1, 2, 1, 1, 1, 1, 1, 1, 0, 1, 1, 0, 0, 0, 1, 2, 1, 0, 0, 1, 0, 0, 0, 0, 0, 1, 0, 2, 0, 1, 0, 0, 0, 1, 2]|[4, 3, 2, 2, 0, 0, 2, 2, 2, 4, 1, 1, 2, 4, 4, 1, 1, 4, 2, 1, 1, 1, 1, 2, 1, 2, 1, 1, 1, 1, 3, 2, 3, 0, 4, 0, 1, 1, 0, 3, 2, 2, 4, 0, 1, 1, 0, 2, 0, 1, 2, 2, 1, 4, 0, 3, 1, 1, 1, 2, 1, 3, 1, 1, 1, 3, 0, 4, 3, 1, 4, 1, 1, 2, 4, 4, 2, 1, 1, 3, 1, 3, 1, 1, 1, 1, 1, 1, 2, 1, 3, 2, 1, 1, 1, 2, 2, 2, 3, 1]|[0, 2, 1, 1, 3, 3, 0, 1, 0, 0, 0, 0, 1, 0, 1, 0, 0, 3, 1, 0, 0, 0, 3, 1, 0, 2, 0, 0, 0, 1, 0, 0, 0, 0, 3, 0, 1, 0, 0, 2, 1, 1, 2, 0, 0, 0, 0, 1, 1, 0, 0, 0, 1, 3, 0, 0, 0, 0, 0, 1, 0, 2, 0, 1, 0, 2, 1, 0, 0, 1, 1, 3, 1, 1, 3, 3, 1, 0, 0, 2, 0, 0, 0, 0, 1, 0, 0, 0, 1, 0, 2, 1, 0, 1, 1, 0, 0, 0, 0, 0],812.2965007656608,57717.07487378568,89198.10948100462,true
39,G4_BALANCED,G1_CMAX,[22, 82, 3, 58, 95, 42, 77, 47, 5, 93, 78, 12, 86, 54, 50, 63, 18, 44, 20, 35, 43, 97, 91, 76, 10, 30, 21, 45, 71, 64, 36, 23, 17, 83, 24, 14, 60, 1, 6, 40, 57, 90, 65, 56, 79, 94, 67, 68, 46, 75, 38, 9, 19, 32, 81, 41, 27, 62, 16, 55, 59, 89, 88, 87, 31, 72, 73, 70, 39, 37, 84, 92, 25, 11, 48, 15, 29, 51, 7, 33, 61, 98, 28, 99, 26, 85, 66, 96, 53, 80, 4, 8, 34, 49, 52, 2, 13, 0, 69, 74]|[1, 0, 1, 0, 1, 2, 2, 2, 2, 2, 1, 1, 1, 0, 0, 1, 0, 2, 2, 0, 1, 2, 0, 1, 2, 2, 0, 0, 1, 2, 1, 2, 1, 0, 2, 0, 1, 1, 0, 1, 1, 1, 0, 2, 1, 1, 0, 0, 0, 0, 1, 1, 2, 1, 2, 0, 0, 0, 1, 2, 1, 1, 1, 1, 1, 2, 1, 2, 1, 1, 1, 0, 1, 2, 2, 1, 0, 0, 1, 2, 1, 2, 0, 1, 1, 0, 0, 2, 0, 0, 1, 1, 2, 0, 1, 0, 0, 0, 1, 2]|[3, 2, 1, 1, 2, 1, 2, 1, 1, 2, 4, 4, 4, 1, 1, 4, 2, 1, 1, 1, 1, 2, 1, 2, 1, 1, 2, 1, 3, 2, 3, 1, 4, 1, 1, 1, 0, 3, 2, 2, 2, 3, 1, 1, 0, 4, 0, 1, 2, 2, 1, 4, 0, 3, 2, 1, 1, 2, 3, 1, 1, 1, 0, 3, 0, 0, 3, 0, 1, 4, 1, 0, 4, 1, 1, 4, 1, 1, 1, 1, 3, 1, 2, 1, 0, 2, 1, 1, 2, 1, 4, 3, 1, 1, 1, 2, 2, 2, 4, 1]|[3, 1, 2, 0, 1, 0, 0, 0, 0, 1, 0, 0, 1, 0, 0, 3, 1, 0, 0, 0, 3, 1, 0, 2, 0, 0, 0, 1, 0, 0, 2, 0, 3, 0, 1, 0, 0, 0, 1, 1, 1, 2, 0, 0, 0, 2, 1, 0, 0, 0, 1, 3, 0, 0, 1, 0, 0, 1, 2, 0, 1, 1, 0, 2, 0, 1, 0, 1, 1, 1, 1, 1, 3, 0, 0, 3, 0, 0, 2, 0, 0, 0, 1, 1, 3, 0, 0, 0, 1, 0, 0, 2, 0, 1, 1, 0, 0, 0, 2, 0],715.7913946700162,58060.95961022334,95287.06515100288,true
39,G2_TEC,G2_TEC,[31, 22, 82, 15, 26, 9, 95, 42, 77, 68, 47, 5, 93, 78, 86, 54, 85, 63, 18, 44, 20, 49, 36, 14, 74, 50, 53, 17, 21, 28, 11, 64, 3, 23, 30, 83, 24, 41, 40, 52, 65, 27, 90, 70, 39, 87, 48, 69, 99, 4, 75, 1, 13, 58, 97, 59, 45, 8, 73, 37, 35, 79, 71, 66, 76, 32, 60, 80, 56, 6, 67, 61, 33, 7, 57, 34, 12, 16, 10, 98, 96, 88, 43, 46, 91, 38, 84, 92, 29, 19, 51, 55, 81, 89, 25, 72, 94, 2, 0, 62]|[2, 1, 2, 1, 1, 2, 1, 1, 1, 1, 1, 0, 2, 2, 1, 2, 0, 0, 0, 2, 2, 1, 0, 2, 0, 2, 2, 1, 0, 1, 1, 1, 0, 0, 1, 0, 2, 1, 2, 2, 0, 0, 1, 1, 0, 2, 0, 2, 1, 0, 0, 2, 0, 0, 2, 0, 1, 1, 0, 0, 2, 1, 1, 2, 2, 0, 2, 2, 2, 1, 2, 1, 1, 2, 0, 1, 1, 2, 1, 2, 0, 1, 1, 0, 1, 0, 0, 0, 1, 1, 1, 0, 1, 1, 1, 1, 2, 2, 0, 1]|[0, 3, 0, 3, 4, 1, 4, 4, 2, 4, 3, 2, 1, 0, 2, 1, 1, 1, 2, 1, 1, 3, 0, 1, 0, 1, 1, 4, 1, 4, 3, 2, 2, 0, 4, 1, 1, 4, 1, 1, 2, 1, 4, 4, 1, 1, 0, 2, 3, 2, 2, 1, 2, 1, 1, 2, 4, 3, 0, 2, 2, 3, 3, 1, 1, 2, 1, 1, 1, 4, 1, 3, 4, 1, 2, 4, 3, 1, 3, 1, 2, 4, 4, 2, 3, 2, 2, 2, 3, 4, 3, 2, 4, 4, 4, 4, 1, 1, 2, 3]|[0, 2, 0, 0, 3, 0, 1, 3, 0, 0, 2, 0, 1, 0, 1, 0, 0, 0, 1, 0, 0, 2, 0, 0, 1, 0, 0, 3, 0, 1, 0, 2, 0, 0, 3, 0, 1, 1, 0, 0, 0, 0, 1, 3, 0, 0, 1, 0, 2, 0, 0, 0, 0, 0, 1, 0, 1, 0, 1, 1, 0, 2, 0, 0, 0, 0, 0, 0, 0, 2, 0, 0, 1, 0, 0, 1, 0, 0, 3, 0, 0, 1, 2, 0, 0, 0, 0, 0, 3, 1, 0, 0, 2, 1, 3, 1, 0, 0, 0, 0],908.8272556494078,49235.066718390466,107289.32240407266,false
39,G3_TWC,G4_BALANCED,[31, 22, 82, 15, 26, 9, 42, 95, 77, 12, 47, 5, 93, 78, 86, 54, 85, 63, 18, 44, 20, 35, 43, 97, 91, 76, 10, 30, 21, 45, 71, 64, 1, 23, 17, 83, 24, 14, 60, 36, 6, 57, 94, 88, 65, 56, 79, 40, 67, 68, 46, 75, 38, 58, 19, 32, 41, 81, 27, 62, 87, 90, 99, 11, 16, 72, 73, 70, 39, 37, 84, 3, 92, 25, 55, 59, 28, 29, 51, 7, 33, 61, 98, 48, 89, 50, 4, 34, 53, 80, 8, 66, 96, 49, 52, 0, 74, 69, 2, 13]|[1, 1, 0, 1, 1, 0, 1, 2, 2, 1, 2, 2, 2, 1, 1, 0, 0, 1, 0, 2, 2, 0, 1, 2, 0, 1, 2, 2, 0, 0, 1, 2, 1, 2, 1, 0, 2, 0, 1, 1, 0, 1, 1, 1, 0, 2, 2, 1, 0, 0, 0, 0, 1, 1, 2, 1, 0, 2, 0, 0, 2, 1, 1, 2, 1, 2, 1, 1, 1, 1, 1, 1, 0, 1, 2, 0, 0, 0, 0, 1, 2, 1, 2, 0, 1, 0, 1, 2, 0, 0, 0, 2, 2, 0, 1, 0, 2, 1, 0, 0]|[4, 3, 2, 2, 4, 1, 2, 2, 2, 4, 1, 1, 2, 4, 4, 1, 1, 4, 2, 1, 1, 1, 1, 2, 1, 2, 1, 1, 2, 1, 3, 2, 3, 1, 4, 0, 1, 1, 0, 3, 2, 2, 2, 0, 1, 1, 1, 4, 0, 1, 2, 2, 1, 4, 0, 3, 1, 1, 1, 2, 1, 3, 1, 1, 3, 0, 4, 3, 1, 4, 1, 1, 2, 4, 1, 2, 2, 1, 1, 3, 1, 3, 1, 1, 1, 1, 4, 1, 2, 1, 1, 1, 1, 1, 1, 2, 1, 4, 2, 2]|[0, 2, 1, 1, 3, 0, 1, 0, 0, 0, 0, 0, 1, 0, 1, 0, 0, 3, 1, 0, 0, 0, 3, 1, 0, 2, 0, 0, 0, 1, 0, 0, 0, 0, 3, 0, 1, 0, 0, 2, 1, 1, 1, 0, 0, 0, 0, 2, 1, 0, 0, 0, 1, 3, 0, 0, 0, 0, 0, 1, 0, 2, 1, 0, 2, 1, 0, 0, 1, 1, 3, 1, 0, 3, 0, 1, 1, 0, 0, 2, 0, 0, 0, 0, 1, 0, 0, 0, 1, 0, 0, 0, 0, 1, 1, 0, 0, 2, 0, 0],784.3406839325794,55395.73375701614,93775.6464611301,true
39,G1_CMAX,G3_TWC,[31, 22, 82, 15, 26, 58, 95, 42, 77, 12, 47, 5, 93, 78, 98, 54, 85, 63, 18, 44, 81, 35, 43, 97, 91, 76, 10, 30, 21, 45, 71, 64, 1, 23, 17, 83, 24, 14, 60, 36, 6, 57, 94, 88, 65, 56, 79, 40, 67, 68, 46, 75, 38, 9, 19, 32, 20, 41, 27, 62, 87, 90, 99, 59, 11, 16, 72, 73, 70, 39, 37, 84, 3, 92, 25, 55, 28, 29, 51, 7, 33, 61, 86, 48, 89, 50, 66, 96, 53, 80, 8, 4, 34, 49, 52, 2, 13, 0, 69, 74]|[1, 1, 0, 1, 1, 1, 2, 1, 2, 1, 2, 2, 2, 1, 1, 0, 0, 1, 0, 2, 2, 0, 1, 2, 0, 1, 2, 2, 0, 0, 1, 2, 1, 2, 1, 0, 2, 0, 1, 1, 0, 1, 1, 1, 0, 2, 1, 1, 0, 0, 0, 0, 1, 1, 2, 1, 2, 0, 0, 0, 2, 1, 0, 1, 2, 1, 2, 1, 1, 1, 1, 1, 1, 0, 1, 1, 0, 0, 0, 1, 2, 1, 0, 0, 1, 0, 0, 0, 0, 0, 1, 0, 2, 0, 1, 0, 0, 0, 1, 2]|[4, 3, 2, 2, 0, 0, 2, 2, 2, 4, 1, 1, 2, 4, 4, 1, 1, 4, 2, 1, 1, 1, 1, 2, 1, 2, 1, 1, 1, 1, 3, 2, 3, 0, 4, 0, 1, 1, 0, 3, 2, 2, 4, 0, 1, 1, 0, 2, 0, 1, 2, 2, 1, 4, 0, 3, 1, 1, 1, 2, 1, 3, 1, 1, 1, 3, 0, 4, 3, 1, 4, 1, 1, 2, 4, 4, 2, 1, 1, 3, 1, 3, 1, 1, 1, 1, 1, 1, 2, 1, 3, 2, 1, 1, 1, 2, 2, 2, 3, 1]|[0, 2, 1, 1, 3, 3, 0, 1, 0, 0, 0, 0, 1, 0, 1, 0, 0, 3, 1, 0, 0, 0, 3, 1, 0, 2, 0, 0, 0, 1, 0, 0, 0, 0, 3, 0, 1, 0, 0, 2, 1, 1, 2, 0, 0, 0, 0, 1, 1, 0, 0, 0, 1, 3, 0, 0, 0, 0, 0, 1, 0, 2, 0, 1, 0, 2, 1, 0, 0, 1, 1, 3, 1, 1, 3, 3, 1, 0, 0, 2, 0, 0, 0, 0, 1, 0, 0, 0, 1, 0, 2, 1, 0, 1, 1, 0, 0, 0, 0, 0],812.2965007656608,57717.07487378568,89198.10948100462,true
39,G4_BALANCED,G1_CMAX,[22, 82, 3, 58, 95, 42, 77, 47, 5, 93, 78, 12, 86, 54, 50, 63, 18, 44, 20, 35, 43, 97, 91, 76, 10, 30, 21, 45, 71, 64, 36, 23, 17, 83, 24, 14, 60, 1, 6, 40, 57, 90, 65, 56, 79, 94, 67, 68, 46, 75, 38, 9, 19, 32, 81, 41, 27, 62, 16, 55, 59, 89, 88, 87, 31, 72, 73, 70, 39, 37, 84, 92, 25, 11, 48, 15, 29, 51, 7, 33, 61, 98, 28, 99, 26, 85, 66, 96, 53, 80, 4, 8, 34, 49, 52, 2, 13, 0, 69, 74]|[1, 0, 1, 0, 1, 2, 2, 2, 2, 2, 1, 1, 1, 0, 0, 1, 0, 2, 2, 0, 1, 2, 0, 1, 2, 2, 0, 0, 1, 2, 1, 2, 1, 0, 2, 0, 1, 1, 0, 1, 1, 1, 0, 2, 1, 1, 0, 0, 0, 0, 1, 1, 2, 1, 2, 0, 0, 0, 1, 2, 1, 1, 1, 1, 1, 2, 1, 2, 1, 1, 1, 0, 1, 2, 2, 1, 0, 0, 1, 2, 1, 2, 0, 1, 1, 0, 0, 2, 0, 0, 1, 1, 2, 0, 1, 0, 0, 0, 1, 2]|[3, 2, 1, 1, 2, 1, 2, 1, 1, 2, 4, 4, 4, 1, 1, 4, 2, 1, 1, 1, 1, 2, 1, 2, 1, 1, 2, 1, 3, 2, 3, 1, 4, 1, 1, 1, 0, 3, 2, 2, 2, 3, 1, 1, 0, 4, 0, 1, 2, 2, 1, 4, 0, 3, 2, 1, 1, 2, 3, 1, 1, 1, 0, 3, 0, 0, 3, 0, 1, 4, 1, 0, 4, 1, 1, 4, 1, 1, 1, 1, 3, 1, 2, 1, 0, 2, 1, 1, 2, 1, 4, 3, 1, 1, 1, 2, 2, 2, 4, 1]|[3, 1, 2, 0, 1, 0, 0, 0, 0, 1, 0, 0, 1, 0, 0, 3, 1, 0, 0, 0, 3, 1, 0, 2, 0, 0, 0, 1, 0, 0, 2, 0, 3, 0, 1, 0, 0, 0, 1, 1, 1, 2, 0, 0, 0, 2, 1, 0, 0, 0, 1, 3, 0, 0, 1, 0, 0, 1, 2, 0, 1, 1, 0, 2, 0, 1, 0, 1, 1, 1, 1, 1, 3, 0, 0, 3, 0, 0, 2, 0, 0, 0, 1, 1, 3, 0, 0, 0, 1, 0, 0, 2, 0, 1, 1, 0, 0, 0, 2, 0],715.7913946700162,58060.95961022334,95287.06515100288,true
39,G2_TEC,G2_TEC,[31, 22, 82, 15, 26, 9, 95, 42, 77, 68, 47, 5, 93, 78, 86, 54, 85, 63, 18, 44, 20, 49, 36, 14, 74, 50, 53, 17, 21, 28, 11, 64, 3, 23, 30, 83, 24, 41, 40, 52, 65, 27, 90, 70, 39, 87, 48, 69, 99, 4, 75, 1, 13, 58, 97, 59, 45, 8, 73, 37, 35, 79, 71, 66, 76, 32, 60, 80, 56, 6, 67, 61, 33, 7, 57, 34, 12, 16, 10, 98, 96, 88, 43, 46, 91, 38, 84, 92, 29, 19, 51, 55, 81, 89, 25, 72, 94, 2, 0, 62]|[2, 1, 2, 1, 1, 2, 1, 1, 1, 1, 1, 0, 2, 2, 1, 2, 0, 0, 0, 2, 2, 1, 0, 2, 0, 2, 2, 1, 0, 1, 1, 1, 0, 0, 1, 0, 2, 1, 2, 2, 0, 0, 1, 1, 0, 2, 0, 2, 1, 0, 0, 2, 0, 0, 2, 0, 1, 1, 0, 0, 2, 1, 1, 2, 2, 0, 2, 2, 2, 1, 2, 1, 1, 2, 0, 1, 1, 2, 1, 2, 0, 1, 1, 0, 1, 0, 0, 0, 1, 1, 1, 0, 1, 1, 1, 1, 2, 2, 0, 1]|[0, 3, 0, 3, 4, 1, 4, 4, 2, 4, 3, 2, 1, 0, 2, 1, 1, 1, 2, 1, 1, 3, 0, 1, 0, 1, 1, 4, 1, 4, 3, 2, 2, 0, 4, 1, 1, 4, 1, 1, 2, 1, 4, 4, 1, 1, 0, 2, 3, 2, 2, 1, 2, 1, 1, 2, 4, 3, 0, 2, 2, 3, 3, 1, 1, 2, 1, 1, 1, 4, 1, 3, 4, 1, 2, 4, 3, 1, 3, 1, 2, 4, 4, 2, 3, 2, 2, 2, 3, 4, 3, 2, 4, 4, 4, 4, 1, 1, 2, 3]|[0, 2, 0, 0, 3, 0, 1, 3, 0, 0, 2, 0, 1, 0, 1, 0, 0, 0, 1, 0, 0, 2, 0, 0, 1, 0, 0, 3, 0, 1, 0, 2, 0, 0, 3, 0, 1, 1, 0, 0, 0, 0, 1, 3, 0, 0, 1, 0, 2, 0, 0, 0, 0, 0, 1, 0, 1, 0, 1, 1, 0, 2, 0, 0, 0, 0, 0, 0, 0, 2, 0, 0, 1, 0, 0, 1, 0, 0, 3, 0, 0, 1, 2, 0, 0, 0, 0, 0, 3, 1, 0, 0, 2, 1, 3, 1, 0, 0, 0, 0],908.8272556494078,49235.066718390466,107289.32240407266,false
39,G3_TWC,G4_BALANCED,[31, 22, 82, 15, 26, 58, 95, 42, 77, 12, 47, 5, 93, 78, 98, 54, 85, 63, 18, 44, 20, 35, 43, 97, 91, 76, 10, 30, 21, 45, 71, 64, 1, 23, 17, 83, 24, 14, 60, 36, 6, 57, 94, 88, 65, 56, 79, 40, 67, 68, 46, 75, 38, 9, 19, 32, 81, 41, 27, 62, 87, 90, 99, 59, 11, 16, 72, 73, 70, 39, 37, 84, 3, 92, 25, 55, 28, 29, 51, 7, 33, 61, 86, 48, 89, 34, 69, 96, 53, 80, 4, 8, 50, 49, 52, 0, 13, 2, 66, 74]|[1, 1, 0, 1, 1, 1, 2, 1, 2, 1, 2, 2, 2, 1, 1, 0, 0, 1, 0, 2, 2, 0, 1, 2, 0, 1, 2, 2, 0, 0, 1, 2, 1, 2, 1, 0, 2, 0, 1, 1, 0, 1, 1, 1, 0, 2, 1, 1, 0, 0, 0, 0, 1, 1, 2, 1, 2, 0, 0, 0, 2, 1, 0, 1, 2, 1, 2, 1, 1, 1, 1, 1, 2, 0, 1, 1, 0, 0, 0, 1, 2, 1, 0, 0, 1, 2, 1, 0, 0, 0, 0, 1, 0, 0, 1, 0, 0, 0, 2, 2]|[4, 3, 2, 2, 0, 0, 2, 2, 2, 4, 1, 1, 2, 4, 4, 1, 1, 4, 2, 1, 1, 1, 1, 2, 1, 2, 1, 1, 1, 1, 3, 2, 3, 0, 4, 0, 1, 1, 0, 3, 2, 2, 4, 0, 1, 1, 0, 2, 0, 1, 2, 2, 1, 4, 0, 3, 2, 1, 1, 2, 1, 3, 1, 1, 1, 3, 0, 4, 3, 1, 4, 1, 1, 2, 4, 4, 2, 1, 1, 3, 1, 3, 1, 1, 1, 1, 3, 1, 2, 1, 2, 3, 1, 1, 1, 2, 2, 2, 1, 1]|[0, 2, 1, 1, 3, 3, 0, 1, 0, 0, 0, 0, 1, 0, 1, 0, 0, 3, 1, 0, 0, 0, 3, 1, 0, 2, 0, 0, 0, 1, 0, 0, 0, 0, 3, 0, 1, 0, 0, 2, 1, 1, 2, 0, 0, 0, 0, 1, 1, 0, 0, 0, 1, 3, 0, 0, 1, 0, 0, 1, 0, 2, 0, 1, 0, 2, 1, 0, 0, 1, 1, 3, 0, 1, 3, 3, 1, 0, 0, 2, 0, 0, 0, 0, 1, 0, 0, 0, 1, 0, 1, 2, 0, 1, 1, 0, 0, 0, 0, 0],790.1921483697682,57957.04840138768,88951.83199580385,true
39,G1_CMAX,G3_TWC,[31, 22, 82, 15, 26, 58, 95, 42, 77, 12, 47, 5, 93, 78, 98, 54, 85, 63, 18, 44, 20, 35, 43, 97, 91, 76, 10, 30, 21, 45, 71, 64, 1, 23, 17, 83, 24, 14, 60, 36, 6, 57, 94, 88, 65, 56, 79, 40, 67, 68, 46, 75, 38, 9, 19, 32, 81, 41, 27, 62, 87, 90, 99, 59, 11, 16, 72, 73, 70, 39, 37, 84, 3, 92, 25, 55, 28, 29, 51, 7, 33, 61, 86, 66, 89, 50, 48, 96, 53, 8, 80, 4, 34, 2, 52, 49, 13, 0, 69, 74]|[1, 1, 0, 1, 1, 1, 2, 1, 2, 1, 2, 2, 2, 1, 1, 0, 0, 1, 0, 2, 2, 0, 1, 2, 0, 1, 2, 2, 0, 0, 1, 2, 1, 2, 1, 0, 2, 0, 1, 1, 0, 1, 1, 1, 0, 2, 1, 1, 0, 0, 0, 0, 1, 1, 2, 1, 2, 0, 0, 0, 2, 1, 0, 1, 2, 1, 2, 1, 1, 1, 1, 1, 2, 1, 1, 1, 0, 0, 0, 1, 2, 1, 0, 2, 1, 0, 2, 0, 0, 1, 0, 0, 2, 0, 1, 0, 0, 0, 1, 2]|[4, 3, 2, 2, 0, 0, 2, 2, 2, 4, 1, 1, 2, 4, 4, 1, 1, 4, 2, 1, 1, 1, 1, 2, 1, 2, 1, 1, 1, 1, 3, 2, 3, 0, 4, 0, 1, 1, 0, 3, 2, 2, 4, 0, 1, 1, 0, 2, 0, 1, 2, 2, 1, 0, 0, 3, 2, 1, 1, 2, 1, 3, 1, 1, 1, 3, 0, 4, 3, 1, 4, 1, 1, 1, 4, 4, 2, 1, 1, 3, 1, 3, 1, 1, 1, 1, 1, 1, 2, 3, 1, 2, 1, 2, 1, 1, 2, 2, 3, 1]|[0, 2, 1, 1, 3, 3, 0, 1, 0, 0, 0, 0, 1, 0, 1, 0, 0, 3, 1, 0, 0, 0, 3, 1, 0, 2, 0, 0, 0, 1, 0, 0, 0, 0, 3, 0, 1, 0, 0, 2, 1, 1, 2, 0, 0, 0, 0, 1, 1, 0, 0, 0, 1, 3, 0, 0, 1, 0, 0, 1, 0, 2, 0, 1, 0, 2, 1, 0, 0, 1, 1, 3, 0, 1, 3, 3, 1, 0, 0, 2, 0, 0, 0, 0, 1, 0, 0, 0, 1, 2, 0, 1, 0, 0, 1, 1, 0, 0, 0, 0],755.4379969399846,58273.65604684748,91146.20269587272,true
39,G4_BALANCED,G1_CMAX,[22, 82, 3, 58, 95, 42, 77, 47, 5, 93, 78, 12, 86, 54, 50, 63, 18, 44, 20, 35, 43, 97, 91, 76, 10, 30, 21, 45, 71, 64, 36, 23, 17, 83, 24, 14, 60, 1, 6, 40, 57, 90, 65, 56, 79, 94, 67, 68, 46, 75, 38, 9, 19, 32, 81, 41, 27, 62, 16, 55, 59, 89, 88, 87, 31, 72, 73, 70, 39, 37, 84, 92, 25, 11, 48, 15, 29, 51, 7, 33, 61, 98, 28, 99, 26, 85, 66, 96, 53, 80, 4, 8, 34, 49, 52, 2, 13, 0, 69, 74]|[1, 0, 1, 0, 1, 2, 2, 2, 2, 2, 1, 1, 1, 0, 0, 1, 0, 2, 2, 0, 1, 2, 0, 1, 2, 2, 0, 0, 1, 2, 1, 2, 1, 0, 2, 0, 1, 1, 0, 1, 1, 1, 0, 2, 1, 1, 0, 0, 0, 0, 1, 1, 2, 1, 2, 0, 0, 0, 1, 2, 1, 1, 1, 1, 1, 2, 1, 2, 1, 1, 1, 0, 1, 2, 2, 1, 0, 0, 1, 2, 1, 2, 0, 1, 1, 0, 0, 2, 0, 0, 1, 1, 2, 0, 1, 0, 0, 0, 1, 2]|[3, 2, 1, 1, 2, 1, 2, 1, 1, 2, 4, 4, 4, 1, 1, 4, 2, 1, 1, 1, 1, 2, 1, 2, 1, 1, 2, 1, 3, 2, 3, 1, 4, 1, 1, 1, 0, 3, 2, 2, 2, 3, 1, 1, 0, 4, 0, 1, 2, 2, 1, 4, 0, 3, 2, 1, 1, 2, 3, 1, 1, 1, 0, 3, 0, 0, 3, 0, 1, 4, 1, 0, 4, 1, 1, 4, 1, 1, 1, 1, 3, 1, 2, 1, 0, 2, 1, 1, 2, 1, 4, 3, 1, 1, 1, 2, 2, 2, 4, 1]|[3, 1, 2, 0, 1, 0, 0, 0, 0, 1, 0, 0, 1, 0, 0, 3, 1, 0, 0, 0, 3, 1, 0, 2, 0, 0, 0, 1, 0, 0, 2, 0, 3, 0, 1, 0, 0, 0, 1, 1, 1, 2, 0, 0, 0, 2, 1, 0, 0, 0, 1, 3, 0, 0, 1, 0, 0, 1, 2, 0, 1, 1, 0, 2, 0, 1, 0, 1, 1, 1, 1, 1, 3, 0, 0, 3, 0, 0, 2, 0, 0, 0, 1, 1, 3, 0, 0, 0, 1, 0, 0, 2, 0, 1, 1, 0, 0, 0, 2, 0],715.7913946700162,58060.95961022334,95287.06515100288,true
39,G2_TEC,G2_TEC,[31, 22, 82, 15, 26, 9, 95, 42, 77, 68, 47, 5, 93, 78, 86, 54, 85, 63, 18, 44, 20, 49, 36, 14, 74, 50, 53, 17, 21, 28, 11, 64, 3, 23, 30, 83, 24, 41, 40, 52, 65, 27, 90, 70, 39, 87, 48, 69, 99, 4, 75, 1, 13, 58, 97, 59, 45, 8, 73, 37, 35, 79, 71, 66, 76, 32, 60, 80, 56, 6, 67, 61, 33, 7, 57, 34, 12, 16, 10, 98, 96, 88, 43, 46, 91, 38, 84, 92, 29, 19, 51, 55, 81, 89, 25, 72, 94, 2, 0, 62]|[2, 1, 2, 1, 1, 2, 1, 1, 1, 1, 1, 0, 2, 2, 1, 2, 0, 0, 0, 2, 2, 1, 0, 2, 0, 2, 2, 1, 0, 1, 1, 1, 0, 0, 1, 0, 2, 1, 2, 2, 0, 0, 1, 1, 0, 2, 0, 2, 1, 0, 0, 2, 0, 0, 2, 0, 1, 1, 0, 0, 2, 1, 1, 2, 2, 0, 2, 2, 2, 1, 2, 1, 1, 2, 0, 1, 1, 2, 1, 2, 0, 1, 1, 0, 1, 0, 0, 0, 1, 1, 1, 0, 1, 1, 1, 1, 2, 2, 0, 1]|[0, 3, 0, 3, 4, 1, 4, 4, 2, 4, 3, 2, 1, 0, 2, 1, 1, 1, 2, 1, 1, 3, 0, 1, 0, 1, 1, 4, 1, 4, 3, 2, 2, 0, 4, 1, 1, 4, 1, 1, 2, 1, 4, 4, 1, 1, 0, 2, 3, 2, 2, 1, 2, 1, 1, 2, 4, 3, 0, 2, 2, 3, 3, 1, 1, 2, 1, 1, 1, 4, 1, 3, 4, 1, 2, 4, 3, 1, 3, 1, 2, 4, 4, 2, 3, 2, 2, 2, 3, 4, 3, 2, 4, 4, 4, 4, 1, 1, 2, 3]|[0, 2, 0, 0, 3, 0, 1, 3, 0, 0, 2, 0, 1, 0, 1, 0, 0, 0, 1, 0, 0, 2, 0, 0, 1, 0, 0, 3, 0, 1, 0, 2, 0, 0, 3, 0, 1, 1, 0, 0, 0, 0, 1, 3, 0, 0, 1, 0, 2, 0, 0, 0, 0, 0, 1, 0, 1, 0, 1, 1, 0, 2, 0, 0, 0, 0, 0, 0, 0, 2, 0, 0, 1, 0, 0, 1, 0, 0, 3, 0, 0, 1, 2, 0, 0, 0, 0, 0, 3, 1, 0, 0, 2, 1, 3, 1, 0, 0, 0, 0],908.8272556494078,49235.066718390466,107289.32240407266,false
39,G3_TWC,G4_BALANCED,[31, 22, 82, 15, 26, 58, 95, 42, 77, 12, 47, 5, 93, 78, 98, 54, 85, 63, 18, 44, 20, 35, 43, 97, 91, 76, 10, 30, 21, 45, 71, 64, 1, 23, 17, 83, 24, 14, 60, 36, 6, 57, 94, 88, 65, 56, 79, 40, 67, 68, 46, 75, 38, 9, 19, 32, 81, 41, 27, 62, 87, 90, 99, 59, 11, 16, 72, 73, 70, 39, 37, 84, 3, 92, 25, 55, 28, 29, 51, 7, 33, 61, 86, 48, 89, 34, 69, 96, 53, 80, 4, 8, 50, 49, 52, 0, 13, 2, 66, 74]|[1, 1, 0, 1, 1, 1, 2, 1, 2, 1, 2, 2, 2, 1, 1, 0, 0, 1, 0, 2, 2, 0, 1, 2, 0, 1, 2, 2, 0, 0, 1, 2, 1, 2, 1, 0, 2, 0, 1, 1, 0, 1, 1, 1, 0, 2, 1, 1, 0, 0, 0, 0, 1, 1, 2, 1, 2, 0, 0, 0, 2, 1, 0, 1, 2, 1, 2, 1, 1, 1, 1, 1, 2, 0, 1, 1, 0, 0, 0, 1, 2, 1, 0, 0, 1, 2, 1, 0, 0, 0, 0, 1, 0, 0, 1, 0, 0, 0, 2, 2]|[4, 3, 2, 2, 0, 0, 2, 2, 2, 4, 1, 1, 2, 4, 4, 1, 1, 4, 2, 1, 1, 1, 1, 2, 1, 2, 1, 1, 1, 1, 3, 2, 3, 0, 4, 0, 1, 1, 0, 3, 2, 2, 4, 0, 1, 1, 0, 2, 0, 1, 2, 2, 1, 4, 0, 3, 2, 1, 1, 2, 1, 3, 1, 1, 1, 3, 0, 4, 3, 1, 4, 1, 1, 2, 4, 4, 2, 1, 1, 3, 1, 3, 1, 1, 1, 1, 3, 1, 2, 1, 2, 3, 1, 1, 1, 2, 2, 2, 1, 1]|[0, 2, 1, 1, 3, 3, 0, 1, 0, 0, 0, 0, 1, 0, 1, 0, 0, 3, 1, 0, 0, 0, 3, 1, 0, 2, 0, 0, 0, 1, 0, 0, 0, 0, 3, 0, 1, 0, 0, 2, 1, 1, 2, 0, 0, 0, 0, 1, 1, 0, 0, 0, 1, 3, 0, 0, 1, 0, 0, 1, 0, 2, 0, 1, 0, 2, 1, 0, 0, 1, 1, 3, 0, 1, 3, 3, 1, 0, 0, 2, 0, 0, 0, 0, 1, 0, 0, 0, 1, 0, 1, 2, 0, 1, 1, 0, 0, 0, 0, 0],790.1921483697682,57957.04840138768,88951.83199580385,true
39,G1_CMAX,G1_CMAX,[31, 22, 82, 15, 26, 99, 95, 42, 77, 12, 47, 5, 93, 78, 86, 54, 21, 63, 18, 44, 20, 23, 43, 97, 91, 76, 10, 30, 85, 45, 71, 64, 1, 35, 17, 83, 24, 14, 60, 36, 6, 57, 40, 88, 65, 56, 79, 94, 67, 68, 46, 75, 38, 9, 19, 32, 41, 81, 27, 87, 90, 58, 62, 39, 11, 16, 72, 73, 70, 59, 37, 84, 3, 92, 25, 55, 28, 29, 51, 7, 33, 61, 98, 66, 89, 50, 48, 96, 53, 80, 4, 8, 34, 49, 52, 0, 13, 2, 69, 74]|[1, 1, 0, 1, 1, 1, 2, 1, 2, 1, 2, 2, 2, 1, 1, 0, 0, 1, 0, 2, 2, 0, 1, 2, 0, 1, 2, 2, 0, 0, 1, 2, 1, 2, 1, 0, 2, 0, 1, 1, 0, 1, 1, 1, 0, 2, 1, 1, 0, 0, 0, 0, 1, 1, 2, 1, 2, 0, 0, 2, 2, 1, 0, 1, 2, 1, 2, 1, 1, 1, 1, 1, 2, 0, 1, 1, 0, 0, 0, 1, 2, 1, 2, 2, 1, 0, 0, 0, 0, 0, 0, 1, 2, 0, 1, 0, 0, 0, 1, 2]|[4, 3, 2, 2, 0, 0, 2, 2, 2, 4, 1, 1, 2, 4, 4, 1, 1, 4, 2, 1, 1, 1, 1, 2, 1, 2, 1, 1, 1, 1, 3, 2, 3, 0, 4, 0, 1, 1, 0, 3, 2, 2, 2, 0, 1, 1, 0, 4, 0, 1, 2, 2, 1, 4, 0, 3, 2, 1, 1, 1, 1, 3, 1, 1, 1, 3, 0, 4, 3, 1, 4, 1, 1, 2, 4, 4, 2, 1, 1, 3, 1, 3, 1, 1, 1, 1, 1, 1, 2, 1, 2, 3, 1, 1, 1, 2, 2, 2, 4, 1]|[0, 2, 1, 1, 3, 3, 0, 1, 0, 0, 0, 0, 1, 0, 1, 0, 0, 3, 1, 0, 0, 0, 3, 1, 0, 2, 0, 0, 0, 1, 0, 0, 0, 0, 3, 0, 1, 0, 0, 2, 1, 1, 1, 0, 0, 0, 0, 2, 1, 0, 0, 0, 1, 3, 0, 0, 1, 0, 0, 0, 0, 2, 0, 1, 0, 2, 1, 0, 0, 1, 1, 3, 0, 1, 3, 3, 1, 0, 0, 2, 0, 0, 0, 0, 1, 0, 0, 0, 1, 0, 1, 2, 0, 1, 1, 0, 0, 0, 2, 0],760.3853689308421,58081.62961599292,90593.08160129942,false
39,G4_BALANCED,G3_TWC,[31, 22, 82, 15, 26, 58, 95, 42, 77, 12, 47, 5, 93, 78, 98, 54, 85, 63, 18, 44, 20, 35, 43, 97, 91, 76, 10, 30, 21, 45, 71, 64, 1, 23, 17, 83, 24, 14, 60, 36, 6, 57, 94, 88, 65, 56, 79, 40, 67, 68, 46, 75, 38, 9, 19, 32, 81, 41, 27, 62, 87, 90, 99, 59, 11, 16, 72, 73, 70, 39, 37, 84, 3, 92, 25, 55, 28, 29, 51, 7, 33, 61, 86, 66, 89, 50, 69, 96, 53, 80, 8, 4, 34, 49, 52, 2, 13, 0, 48, 74]|[1, 1, 0, 1, 1, 1, 2, 1, 2, 1, 2, 2, 2, 1, 1, 0, 0, 1, 0, 2, 2, 0, 1, 2, 0, 1, 2, 2, 0, 0, 1, 2, 1, 2, 1, 0, 2, 0, 1, 1, 0, 1, 1, 1, 0, 2, 1, 1, 0, 0, 0, 0, 1, 1, 2, 1, 2, 0, 0, 0, 2, 1, 0, 1, 2, 1, 2, 1, 1, 1, 1, 1, 2, 0, 1, 1, 0, 0, 0, 1, 2, 1, 0, 2, 1, 0, 1, 0, 0, 0, 1, 0, 2, 0, 1, 0, 0, 0, 2, 2]|[4, 3, 2, 2, 0, 0, 2, 2, 2, 4, 1, 1, 2, 4, 4, 1, 1, 4, 2, 1, 1, 1, 1, 2, 1, 2, 1, 1, 1, 1, 3, 2, 3, 0, 4, 0, 1, 1, 0, 3, 2, 2, 4, 0, 1, 1, 0, 2, 0, 1, 2, 2, 1, 4, 0, 3, 2, 1, 1, 2, 1, 3, 1, 1, 1, 3, 0, 4, 3, 1, 4, 1, 1, 2, 4, 4, 2, 1, 1, 3, 1, 3, 1, 1, 1, 1, 3, 1, 2, 1, 3, 2, 1, 1, 1, 2, 2, 2, 1, 1]|[0, 2, 1, 1, 3, 3, 0, 1, 0, 0, 0, 0, 1, 0, 1, 0, 0, 3, 1, 0, 0, 0, 3, 1, 0, 2, 0, 0, 0, 1, 0, 0, 0, 0, 3, 0, 1, 0, 0, 2, 1, 1, 2, 0, 0, 0, 0, 1, 1, 0, 0, 0, 1, 3, 0, 0, 1, 0, 0, 1, 0, 2, 0, 1, 0, 2, 1, 0, 0, 1, 1, 3, 0, 1, 3, 3, 1, 0, 0, 2, 0, 0, 0, 0, 1, 0, 0, 0, 1, 0, 2, 1, 0, 1, 1, 0, 0, 0, 0, 0],769.8065720735804,57922.303149573316,89693.69339404663,true
39,G2_TEC,G2_TEC,[31, 22, 82, 15, 26, 9, 95, 42, 77, 68, 47, 5, 93, 78, 86, 54, 85, 63, 18, 44, 20, 49, 36, 14, 74, 50, 53, 17, 21, 28, 11, 64, 3, 23, 30, 83, 24, 41, 40, 52, 65, 27, 90, 70, 39, 87, 48, 69, 99, 4, 75, 1, 13, 58, 97, 59, 45, 8, 73, 37, 35, 79, 71, 66, 76, 32, 60, 80, 56, 6, 67, 61, 33, 7, 57, 34, 12, 16, 10, 98, 96, 88, 43, 46, 91, 38, 84, 92, 29, 19, 51, 55, 81, 89, 25, 72, 94, 2, 0, 62]|[2, 1, 2, 1, 1, 2, 1, 1, 1, 1, 1, 0, 2, 2, 1, 2, 0, 0, 0, 2, 2, 1, 0, 2, 0, 2, 2, 1, 0, 1, 1, 1, 0, 0, 1, 0, 2, 1, 2, 2, 0, 0, 1, 1, 0, 2, 0, 2, 1, 0, 0, 2, 0, 0, 2, 0, 1, 1, 0, 0, 2, 1, 1, 2, 2, 0, 2, 2, 2, 1, 2, 1, 1, 2, 0, 1, 1, 2, 1, 2, 0, 1, 1, 0, 1, 0, 0, 0, 1, 1, 1, 0, 1, 1, 1, 1, 2, 2, 0, 1]|[0, 3, 0, 3, 4, 1, 4, 4, 2, 4, 3, 2, 1, 0, 2, 1, 1, 1, 2, 1, 1, 3, 0, 1, 0, 1, 1, 4, 1, 4, 3, 2, 2, 0, 4, 1, 1, 4, 1, 1, 2, 1, 4, 4, 1, 1, 0, 2, 3, 2, 2, 1, 2, 1, 1, 2, 4, 3, 0, 2, 2, 3, 3, 1, 1, 2, 1, 1, 1, 4, 1, 3, 4, 1, 2, 4, 3, 1, 3, 1, 2, 4, 4, 2, 3, 2, 2, 2, 3, 4, 3, 2, 4, 4, 4, 4, 1, 1, 2, 3]|[0, 2, 0, 0, 3, 0, 1, 3, 0, 0, 2, 0, 1, 0, 1, 0, 0, 0, 1, 0, 0, 2, 0, 0, 1, 0, 0, 3, 0, 1, 0, 2, 0, 0, 3, 0, 1, 1, 0, 0, 0, 0, 1, 3, 0, 0, 1, 0, 2, 0, 0, 0, 0, 0, 1, 0, 1, 0, 1, 1, 0, 2, 0, 0, 0, 0, 0, 0, 0, 2, 0, 0, 1, 0, 0, 1, 0, 0, 3, 0, 0, 1, 2, 0, 0, 0, 0, 0, 3, 1, 0, 0, 2, 1, 3, 1, 0, 0, 0, 0],908.8272556494078,49235.066718390466,107289.32240407266,false
39,G3_TWC,G4_BALANCED,[31, 22, 82, 15, 26, 58, 95, 42, 77, 12, 47, 5, 93, 78, 98, 54, 85, 63, 18, 44, 20, 35, 43, 97, 91, 76, 10, 30, 21, 45, 71, 64, 1, 23, 17, 83, 24, 14, 60, 36, 6, 57, 94, 88, 65, 56, 79, 40, 67, 68, 46, 75, 38, 9, 19, 32, 81, 41, 27, 62, 87, 90, 99, 59, 11, 16, 72, 73, 70, 39, 37, 84, 3, 92, 25, 55, 28, 29, 51, 7, 33, 61, 86, 48, 89, 34, 69, 96, 53, 80, 4, 8, 50, 49, 52, 0, 13, 2, 66, 74]|[1, 1, 0, 1, 1, 1, 2, 1, 2, 1, 2, 2, 2, 1, 1, 0, 0, 1, 0, 2, 2, 0, 1, 2, 0, 1, 2, 2, 0, 0, 1, 2, 1, 2, 1, 0, 2, 0, 1, 1, 0, 1, 1, 1, 0, 2, 1, 1, 0, 0, 0, 0, 1, 1, 2, 1, 2, 0, 0, 0, 2, 1, 0, 1, 2, 1, 2, 1, 1, 1, 1, 1, 2, 0, 1, 1, 0, 0, 0, 1, 2, 1, 0, 0, 1, 2, 1, 0, 0, 0, 0, 1, 0, 0, 1, 0, 0, 0, 2, 2]|[4, 3, 2, 2, 0, 0, 2, 2, 2, 4, 1, 1, 2, 4, 4, 1, 1, 4, 2, 1, 1, 1, 1, 2, 1, 2, 1, 1, 1, 1, 3, 2, 3, 0, 4, 0, 1, 1, 0, 3, 2, 2, 4, 0, 1, 1, 0, 2, 0, 1, 2, 2, 1, 4, 0, 3, 2, 1, 1, 2, 1, 3, 1, 1, 1, 3, 0, 4, 3, 1, 4, 1, 1, 2, 4, 4, 2, 1, 1, 3, 1, 3, 1, 1, 1, 1, 3, 1, 2, 1, 2, 3, 1, 1, 1, 2, 2, 2, 1, 1]|[0, 2, 1, 1, 3, 3, 0, 1, 0, 0, 0, 0, 1, 0, 1, 0, 0, 3, 1, 0, 0, 0, 3, 1, 0, 2, 0, 0, 0, 1, 0, 0, 0, 0, 3, 0, 1, 0, 0, 2, 1, 1, 2, 0, 0, 0, 0, 1, 1, 0, 0, 0, 1, 3, 0, 0, 1, 0, 0, 1, 0, 2, 0, 1, 0, 2, 1, 0, 0, 1, 1, 3, 0, 1, 3, 3, 1, 0, 0, 2, 0, 0, 0, 0, 1, 0, 0, 0, 1, 0, 1, 2, 0, 1, 1, 0, 0, 0, 0, 0],790.1921483697682,57957.04840138768,88951.83199580385,true
39,G1_CMAX,G4_BALANCED,[31, 11, 15, 82, 26, 9, 95, 32, 77, 68, 47, 5, 93, 78, 86, 54, 85, 63, 18, 44, 20, 49, 36, 14, 74, 50, 53, 17, 21, 45, 71, 64, 3, 23, 30, 83, 24, 41, 60, 52, 65, 27, 90, 70, 39, 87, 48, 69, 99, 4, 46, 1, 13, 58, 97, 59, 28, 75, 73, 37, 35, 79, 22, 66, 76, 42, 40, 80, 96, 6, 16, 61, 33, 7, 57, 34, 12, 67, 10, 98, 56, 88, 29, 94, 91, 38, 51, 92, 43, 84, 19, 72, 81, 25, 0, 55, 62, 89, 8, 2]|[2, 1, 1, 2, 1, 2, 1, 1, 1, 1, 1, 0, 2, 2, 1, 2, 0, 0, 0, 2, 2, 1, 0, 2, 0, 2, 2, 1, 0, 1, 1, 1, 0, 0, 1, 0, 2, 1, 2, 2, 0, 0, 1, 1, 0, 2, 0, 2, 1, 0, 0, 2, 0, 0, 2, 0, 1, 0, 0, 0, 2, 1, 0, 2, 2, 0, 2, 2, 0, 1, 2, 1, 1, 2, 0, 1, 1, 1, 1, 2, 2, 1, 1, 2, 1, 0, 1, 0, 1, 0, 1, 1, 1, 1, 0, 0, 1, 1, 1, 2]|[0, 3, 2, 0, 4, 1, 4, 4, 2, 4, 3, 2, 1, 0, 2, 1, 1, 1, 2, 1, 1, 3, 0, 1, 0, 1, 1, 4, 1, 4, 3, 2, 2, 0, 4, 1, 1, 4, 0, 1, 2, 1, 4, 4, 1, 1, 0, 2, 3, 1, 2, 1, 2, 1, 1, 2, 4, 2, 0, 2, 2, 3, 1, 0, 1, 2, 0, 1, 2, 4, 1, 3, 4, 1, 2, 4, 3, 3, 3, 1, 1, 4, 3, 1, 3, 2, 3, 2, 4, 2, 4, 4, 1, 4, 2, 2, 3, 4, 3, 1]|[0, 2, 1, 0, 3, 0, 1, 3, 0, 0, 2, 0, 1, 0, 1, 0, 0, 0, 1, 0, 0, 2, 0, 0, 1, 0, 0, 3, 0, 1, 0, 2, 0, 1, 3, 0, 1, 3, 1, 0, 0, 0, 1, 3, 0, 0, 1, 0, 2, 0, 0, 0, 0, 0, 1, 0, 1, 0, 1, 1, 0, 2, 0, 0, 0, 0, 0, 0, 0, 2, 0, 0, 1, 0, 0, 1, 0, 0, 3, 0, 0, 1, 0, 0, 0, 0, 0, 0, 2, 0, 3, 2, 1, 3, 0, 0, 0, 1, 0, 0],838.0858887121581,52145.01293281826,108083.60693758915,true
39,G4_BALANCED,G2_TEC,[31, 22, 82, 15, 26, 9, 95, 42, 77, 68, 47, 5, 93, 78, 86, 54, 85, 63, 18, 44, 20, 49, 36, 14, 74, 50, 53, 17, 21, 28, 11, 64, 3, 23, 30, 83, 24, 41, 40, 52, 65, 27, 90, 70, 39, 87, 48, 69, 99, 4, 75, 1, 13, 58, 97, 59, 45, 8, 46, 37, 35, 79, 71, 66, 76, 32, 60, 80, 56, 6, 67, 61, 33, 7, 57, 34, 12, 16, 10, 98, 96, 88, 43, 73, 91, 38, 84, 92, 29, 19, 51, 55, 81, 89, 25, 72, 94, 2, 62, 0]|[2, 1, 2, 1, 1, 2, 1, 1, 1, 1, 1, 0, 2, 2, 1, 2, 0, 0, 0, 2, 2, 1, 0, 2, 0, 2, 2, 1, 0, 1, 1, 1, 0, 0, 1, 0, 2, 1, 2, 2, 0, 0, 1, 1, 0, 2, 0, 2, 1, 0, 0, 2, 0, 0, 2, 0, 1, 1, 0, 0, 2, 1, 1, 2, 2, 0, 2, 2, 2, 1, 2, 1, 1, 2, 0, 1, 1, 2, 1, 2, 0, 1, 1, 0, 1, 0, 0, 0, 1, 1, 1, 0, 1, 1, 1, 1, 2, 2, 1, 0]|[0, 3, 0, 3, 4, 1, 4, 4, 2, 4, 3, 2, 1, 0, 2, 1, 1, 1, 2, 1, 1, 3, 0, 1, 0, 1, 1, 4, 1, 4, 3, 2, 2, 0, 4, 1, 1, 4, 1, 1, 2, 1, 4, 4, 1, 1, 0, 2, 3, 2, 2, 1, 2, 1, 1, 2, 4, 3, 2, 2, 2, 3, 3, 1, 1, 2, 1, 1, 1, 4, 1, 3, 4, 1, 2, 4, 3, 1, 3, 1, 2, 4, 4, 2, 3, 2, 2, 2, 3, 4, 3, 2, 4, 4, 4, 4, 1, 1, 3, 2]|[0, 2, 0, 0, 3, 0, 1, 3, 0, 0, 2, 0, 1, 0, 1, 0, 0, 0, 1, 0, 0, 2, 0, 0, 1, 0, 0, 3, 0, 1, 0, 2, 0, 0, 3, 0, 1, 1, 0, 0, 0, 0, 1, 3, 0, 0, 1, 0, 2, 0, 0, 0, 0, 0, 1, 0, 1, 0, 0, 1, 0, 2, 0, 0, 0, 0, 0, 0, 0, 2, 0, 0, 1, 0, 0, 1, 0, 0, 3, 0, 0, 1, 2, 0, 0, 0, 0, 0, 3, 1, 0, 0, 2, 1, 3, 1, 0, 0, 0, 0],908.8272556494078,49140.22834165788,107658.32011861975,true
39,G2_TEC,G2_TEC,[31, 22, 82, 15, 26, 9, 95, 42, 77, 68, 47, 5, 93, 78, 86, 54, 85, 63, 18, 44, 20, 49, 36, 14, 74, 50, 53, 17, 21, 28, 11, 64, 3, 23, 30, 83, 24, 41, 40, 52, 65, 27, 90, 70, 39, 87, 48, 69, 99, 4, 75, 1, 13, 58, 97, 59, 45, 8, 73, 37, 35, 79, 71, 66, 76, 32, 60, 80, 56, 6, 67, 61, 33, 7, 57, 34, 12, 16, 10, 98, 96, 88, 43, 46, 91, 38, 84, 92, 29, 19, 51, 55, 81, 89, 25, 72, 94, 2, 0, 62]|[2, 1, 2, 1, 1, 2, 1, 1, 1, 1, 1, 0, 2, 2, 1, 2, 0, 0, 0, 2, 2, 1, 0, 2, 0, 2, 2, 1, 0, 1, 1, 1, 0, 0, 1, 0, 2, 1, 2, 2, 0, 0, 1, 1, 0, 2, 0, 2, 1, 0, 0, 2, 0, 0, 2, 0, 1, 1, 0, 0, 2, 1, 1, 2, 2, 0, 2, 2, 2, 1, 2, 1, 1, 2, 0, 1, 1, 2, 1, 2, 0, 1, 1, 0, 1, 0, 0, 0, 1, 1, 1, 0, 1, 1, 1, 1, 2, 2, 0, 1]|[0, 3, 0, 3, 4, 1, 4, 4, 2, 4, 3, 2, 1, 0, 2, 1, 1, 1, 2, 1, 1, 3, 0, 1, 0, 1, 1, 4, 1, 4, 3, 2, 2, 0, 4, 1, 1, 4, 1, 1, 2, 1, 4, 4, 1, 1, 0, 2, 3, 2, 2, 1, 2, 1, 1, 2, 4, 3, 0, 2, 2, 3, 3, 1, 1, 2, 1, 1, 1, 4, 1, 3, 4, 1, 2, 4, 3, 1, 3, 1, 2, 4, 4, 2, 3, 2, 2, 2, 3, 4, 3, 2, 4, 4, 4, 4, 1, 1, 2, 3]|[0, 2, 0, 0, 3, 0, 1, 3, 0, 0, 2, 0, 1, 0, 1, 0, 0, 0, 1, 0, 0, 2, 0, 0, 1, 0, 0, 3, 0, 1, 0, 2, 0, 0, 3, 0, 1, 1, 0, 0, 0, 0, 1, 3, 0, 0, 1, 0, 2, 0, 0, 0, 0, 0, 1, 0, 1, 0, 1, 1, 0, 2, 0, 0, 0, 0, 0, 0, 0, 2, 0, 0, 1, 0, 0, 1, 0, 0, 3, 0, 0, 1, 2, 0, 0, 0, 0, 0, 3, 1, 0, 0, 2, 1, 3, 1, 0, 0, 0, 0],908.8272556494078,49235.066718390466,107289.32240407266,false
39,G3_TWC,G4_BALANCED,[31, 22, 82, 15, 26, 58, 95, 42, 77, 12, 47, 5, 93, 78, 98, 54, 85, 63, 18, 44, 20, 35, 43, 97, 91, 76, 10, 30, 21, 45, 71, 64, 1, 23, 17, 83, 24, 14, 60, 36, 6, 57, 94, 88, 65, 56, 79, 40, 67, 68, 46, 75, 38, 9, 19, 32, 81, 41, 27, 62, 87, 90, 99, 59, 11, 16, 72, 73, 70, 39, 37, 84, 3, 92, 25, 55, 28, 29, 51, 7, 33, 61, 86, 48, 89, 34, 69, 96, 53, 80, 4, 8, 50, 49, 52, 0, 13, 2, 66, 74]|[1, 1, 0, 1, 1, 1, 2, 1, 2, 1, 2, 2, 2, 1, 1, 0, 0, 1, 0, 2, 2, 0, 1, 2, 0, 1, 2, 2, 0, 0, 1, 2, 1, 2, 1, 0, 2, 0, 1, 1, 0, 1, 1, 1, 0, 2, 1, 1, 0, 0, 0, 0, 1, 1, 2, 1, 2, 0, 0, 0, 2, 1, 0, 1, 2, 1, 2, 1, 1, 1, 1, 1, 2, 0, 1, 1, 0, 0, 0, 1, 2, 1, 0, 0, 1, 2, 1, 0, 0, 0, 0, 1, 0, 0, 1, 0, 0, 0, 2, 2]|[4, 3, 2, 2, 0, 0, 2, 2, 2, 4, 1, 1, 2, 4, 4, 1, 1, 4, 2, 1, 1, 1, 1, 2, 1, 2, 1, 1, 1, 1, 3, 2, 3, 0, 4, 0, 1, 1, 0, 3, 2, 2, 4, 0, 1, 1, 0, 2, 0, 1, 2, 2, 1, 4, 0, 3, 2, 1, 1, 2, 1, 3, 1, 1, 1, 3, 0, 4, 3, 1, 4, 1, 1, 2, 4, 4, 2, 1, 1, 3, 1, 3, 1, 1, 1, 1, 3, 1, 2, 1, 2, 3, 1, 1, 1, 2, 2, 2, 1, 1]|[0, 2, 1, 1, 3, 3, 0, 1, 0, 0, 0, 0, 1, 0, 1, 0, 0, 3, 1, 0, 0, 0, 3, 1, 0, 2, 0, 0, 0, 1, 0, 0, 0, 0, 3, 0, 1, 0, 0, 2, 1, 1, 2, 0, 0, 0, 0, 1, 1, 0, 0, 0, 1, 3, 0, 0, 1, 0, 0, 1, 0, 2, 0, 1, 0, 2, 1, 0, 0, 1, 1, 3, 0, 1, 3, 3, 1, 0, 0, 2, 0, 0, 0, 0, 1, 0, 0, 0, 1, 0, 1, 2, 0, 1, 1, 0, 0, 0, 0, 0],790.1921483697682,57957.04840138768,88951.83199580385,true
39,G1_CMAX,G4_BALANCED,[31, 22, 82, 15, 26, 99, 95, 42, 77, 12, 47, 5, 93, 78, 86, 54, 21, 63, 18, 44, 20, 35, 43, 97, 91, 76, 10, 30, 85, 45, 71, 64, 1, 23, 17, 83, 24, 14, 60, 36, 6, 57, 40, 88, 65, 56, 79, 94, 67, 68, 46, 75, 38, 9, 19, 32, 41, 81, 27, 87, 90, 58, 59, 11, 16, 72, 73, 70, 39, 37, 84, 3, 92, 25, 55, 62, 28, 29, 51, 7, 33, 61, 48, 66, 89, 50, 98, 96, 53, 80, 4, 8, 34, 49, 52, 0, 13, 2, 69, 74]|[1, 1, 0, 1, 1, 0, 1, 1, 2, 1, 2, 2, 2, 1, 1, 0, 0, 1, 0, 2, 2, 0, 1, 2, 0, 1, 2, 2, 0, 0, 1, 2, 1, 2, 1, 0, 2, 0, 1, 1, 0, 1, 1, 1, 0, 2, 1, 1, 0, 0, 0, 0, 1, 1, 2, 1, 2, 2, 0, 2, 1, 0, 1, 2, 1, 2, 1, 1, 1, 1, 1, 1, 0, 1, 2, 0, 0, 0, 0, 2, 2, 1, 0, 2, 1, 0, 2, 2, 0, 0, 1, 1, 2, 0, 1, 0, 0, 0, 1, 2]|[0, 3, 2, 2, 4, 1, 2, 3, 2, 4, 1, 1, 2, 4, 4, 1, 1, 4, 2, 1, 1, 1, 1, 2, 1, 2, 1, 1, 2, 1, 3, 2, 3, 0, 4, 0, 1, 1, 0, 3, 2, 2, 2, 0, 1, 1, 0, 4, 0, 1, 2, 2, 1, 4, 0, 3, 2, 1, 1, 1, 3, 1, 1, 1, 3, 0, 4, 3, 1, 4, 1, 1, 2, 4, 1, 2, 2, 1, 1, 1, 1, 3, 1, 1, 1, 1, 1, 1, 2, 1, 4, 3, 1, 1, 1, 2, 2, 2, 4, 1]|[0, 2, 1, 1, 3, 0, 1, 3, 0, 0, 0, 0, 1, 0, 1, 0, 0, 3, 1, 0, 0, 0, 3, 1, 0, 2, 0, 0, 0, 1, 0, 0, 0, 0, 3, 0, 1, 0, 0, 2, 1, 1, 1, 0, 0, 0, 0, 2, 1, 0, 0, 0, 1, 3, 0, 0, 1, 0, 0, 0, 2, 0, 1, 0, 2, 1, 0, 0, 1, 1, 3, 1, 1, 3, 0, 1, 1, 0, 0, 0, 0, 0, 0, 0, 1, 0, 0, 0, 1, 0, 0, 2, 0, 1, 1, 0, 0, 0, 2, 0],721.5061524654766,57732.676531569545,92274.47002206098,true
39,G4_BALANCED,G4_BALANCED,[31, 22, 82, 15, 26, 58, 95, 42, 77, 12, 47, 5, 93, 78, 86, 54, 85, 63, 18, 44, 20, 35, 43, 97, 91, 76, 10, 30, 21, 45, 71, 64, 1, 23, 17, 83, 24, 14, 60, 36, 6, 57, 40, 88, 65, 56, 79, 94, 67, 68, 46, 75, 38, 9, 19, 32, 81, 41, 27, 62, 87, 90, 99, 59, 11, 16, 72, 73, 70, 39, 37, 84, 3, 92, 34, 55, 28, 29, 51, 7, 33, 61, 98, 48, 89, 50, 66, 96, 53, 80, 4, 8, 25, 13, 52, 2, 74, 0, 49, 69]|[1, 1, 0, 1, 1, 0, 1, 2, 2, 1, 2, 2, 2, 1, 1, 0, 0, 1, 0, 2, 2, 0, 1, 2, 0, 1, 2, 2, 0, 0, 1, 2, 1, 2, 1, 0, 2, 0, 1, 1, 0, 1, 1, 1, 0, 2, 2, 1, 0, 0, 0, 0, 1, 1, 2, 1, 2, 2, 0, 0, 2, 1, 0, 1, 2, 1, 2, 1, 2, 1, 1, 1, 1, 0, 2, 1, 0, 0, 0, 1, 2, 1, 2, 0, 1, 0, 2, 0, 0, 0, 1, 1, 1, 0, 1, 0, 2, 0, 0, 1]|[4, 3, 2, 2, 4, 1, 2, 2, 2, 4, 1, 1, 2, 4, 4, 1, 2, 4, 2, 1, 1, 1, 1, 2, 1, 2, 1, 1, 1, 1, 3, 2, 3, 1, 4, 0, 1, 1, 0, 3, 2, 2, 2, 0, 1, 1, 1, 4, 0, 1, 2, 2, 1, 4, 0, 3, 1, 1, 1, 2, 1, 3, 1, 1, 1, 3, 0, 4, 1, 1, 4, 1, 1, 0, 1, 4, 2, 1, 1, 1, 1, 3, 1, 1, 1, 1, 1, 1, 2, 1, 4, 3, 4, 2, 1, 2, 1, 2, 1, 3]|[0, 2, 1, 1, 3, 0, 1, 0, 0, 0, 0, 0, 1, 0, 1, 0, 0, 3, 1, 0, 0, 0, 3, 1, 0, 2, 0, 0, 0, 0, 0, 0, 0, 0, 3, 0, 1, 0, 0, 2, 1, 1, 1, 0, 0, 0, 0, 2, 1, 0, 0, 0, 1, 3, 0, 0, 0, 0, 0, 1, 0, 2, 0, 1, 0, 2, 1, 0, 0, 1, 1, 3, 1, 1, 0, 3, 1, 0, 0, 2, 0, 0, 0, 0, 1, 0, 0, 0, 1, 0, 0, 2, 3, 0, 1, 0, 0, 0, 1, 0],770.1750473130455,55498.1208188499,97523.61807680906,false
39,G2_TEC,G2_TEC,[31, 22, 82, 15, 26, 9, 95, 42, 77, 68, 47, 5, 93, 78, 86, 54, 85, 63, 18, 44, 20, 49, 36, 14, 74, 50, 53, 17, 21, 28, 11, 64, 3, 23, 30, 83, 24, 41, 40, 52, 65, 27, 90, 70, 39, 87, 48, 69, 99, 4, 46, 1, 13, 58, 97, 59, 45, 8, 73, 37, 35, 79, 71, 66, 76, 32, 60, 80, 96, 6, 67, 61, 33, 7, 57, 34, 12, 16, 10, 98, 56, 88, 43, 75, 91, 38, 84, 92, 29, 19, 51, 55, 72, 89, 25, 81, 94, 2, 0, 62]|[2, 1, 2, 1, 1, 2, 1, 1, 1, 1, 1, 0, 2, 2, 1, 2, 0, 0, 0, 2, 2, 1, 0, 2, 0, 2, 2, 1, 0, 1, 1, 1, 0, 0, 1, 0, 2, 1, 2, 2, 0, 0, 1, 1, 0, 2, 0, 2, 1, 0, 0, 2, 0, 0, 2, 0, 1, 1, 0, 0, 2, 1, 1, 2, 2, 0, 2, 2, 0, 1, 2, 1, 1, 2, 0, 1, 1, 2, 1, 2, 0, 1, 1, 0, 1, 0, 0, 0, 1, 1, 1, 0, 1, 1, 1, 1, 2, 2, 0, 1]|[0, 3, 0, 3, 4, 1, 4, 4, 2, 4, 3, 2, 1, 0, 2, 1, 1, 1, 2, 1, 1, 3, 0, 1, 0, 1, 1, 4, 1, 4, 3, 2, 2, 0, 4, 1, 1, 4, 1, 1, 2, 1, 4, 4, 1, 1, 0, 2, 3, 2, 2, 1, 2, 1, 1, 2, 4, 3, 0, 2, 2, 3, 3, 1, 1, 2, 1, 1, 2, 4, 1, 3, 4, 1, 2, 4, 3, 1, 3, 1, 2, 4, 4, 2, 3, 2, 2, 2, 3, 4, 3, 2, 4, 4, 4, 4, 1, 1, 2, 3]|[0, 2, 0, 0, 3, 0, 1, 3, 0, 0, 2, 0, 1, 0, 1, 0, 0, 0, 1, 0, 0, 2, 0, 0, 1, 0, 0, 3, 0, 1, 0, 2, 0, 0, 3, 0, 1, 3, 0, 0, 0, 0, 1, 3, 0, 0, 1, 0, 2, 0, 0, 0, 0, 1, 1, 0, 1, 0, 1, 1, 0, 2, 0, 0, 0, 0, 0, 0, 0, 2, 0, 0, 1, 0, 0, 1, 0, 0, 3, 0, 0, 1, 2, 0, 0, 0, 0, 0, 3, 1, 0, 0, 2, 3, 1, 2, 0, 0, 0, 0],884.0497112219896,49819.10719815806,105479.295573229,false
39,G3_TWC,G4_BALANCED,[31, 22, 82, 15, 26, 58, 95, 42, 77, 12, 47, 5, 93, 78, 98, 54, 85, 63, 18, 44, 20, 35, 43, 97, 91, 76, 10, 30, 21, 45, 71, 64, 1, 23, 17, 83, 24, 14, 60, 36, 6, 57, 94, 88, 65, 56, 79, 40, 67, 68, 46, 75, 38, 9, 19, 32, 81, 41, 27, 62, 87, 90, 99, 59, 11, 16, 72, 73, 70, 39, 37, 84, 3, 92, 25, 55, 28, 29, 51, 7, 33, 61, 86, 48, 89, 34, 69, 96, 53, 80, 4, 8, 50, 49, 52, 0, 13, 2, 66, 74]|[1, 1, 0, 1, 1, 1, 2, 1, 2, 1, 2, 2, 2, 1, 1, 0, 0, 1, 0, 2, 2, 0, 1, 2, 0, 1, 2, 2, 0, 0, 1, 2, 1, 2, 1, 0, 2, 0, 1, 1, 0, 1, 1, 1, 0, 2, 1, 1, 0, 0, 0, 0, 1, 1, 2, 1, 2, 0, 0, 0, 2, 1, 0, 1, 2, 1, 2, 1, 1, 1, 1, 1, 2, 0, 1, 1, 0, 0, 0, 1, 2, 1, 0, 0, 1, 2, 1, 0, 0, 0, 0, 1, 0, 0, 1, 0, 0, 0, 2, 2]|[4, 3, 2, 2, 0, 0, 2, 2, 2, 4, 1, 1, 2, 4, 4, 1, 1, 4, 2, 1, 1, 1, 1, 2, 1, 2, 1, 1, 1, 1, 3, 2, 3, 0, 4, 0, 1, 1, 0, 3, 2, 2, 4, 0, 1, 1, 0, 2, 0, 1, 2, 2, 1, 4, 0, 3, 2, 1, 1, 2, 1, 3, 1, 1, 1, 3, 0, 4, 3, 1, 4, 1, 1, 2, 4, 4, 2, 1, 1, 3, 1, 3, 1, 1, 1, 1, 3, 1, 2, 1, 2, 3, 1, 1, 1, 2, 2, 2, 1, 1]|[0, 2, 1, 1, 3, 3, 0, 1, 0, 0, 0, 0, 1, 0, 1, 0, 0, 3, 1, 0, 0, 0, 3, 1, 0, 2, 0, 0, 0, 1, 0, 0, 0, 0, 3, 0, 1, 0, 0, 2, 1, 1, 2, 0, 0, 0, 0, 1, 1, 0, 0, 0, 1, 3, 0, 0, 1, 0, 0, 1, 0, 2, 0, 1, 0, 2, 1, 0, 0, 1, 1, 3, 0, 1, 3, 3, 1, 0, 0, 2, 0, 0, 0, 0, 1, 0, 0, 0, 1, 0, 1, 2, 0, 1, 1, 0, 0, 0, 0, 0],790.1921483697682,57957.04840138768,88951.83199580385,true
39,G1_CMAX,G1_CMAX,[31, 22, 82, 15, 26, 99, 95, 42, 77, 12, 47, 5, 93, 78, 86, 54, 21, 63, 18, 44, 20, 35, 43, 97, 91, 76, 10, 30, 85, 45, 71, 64, 1, 23, 17, 83, 24, 14, 60, 36, 6, 57, 40, 88, 65, 56, 59, 94, 67, 68, 46, 75, 38, 9, 19, 32, 41, 81, 27, 87, 90, 58, 79, 11, 16, 72, 73, 70, 39, 37, 84, 3, 92, 25, 55, 48, 62, 29, 51, 7, 33, 61, 98, 28, 89, 50, 4, 96, 53, 80, 8, 66, 34, 49, 52, 0, 74, 69, 2, 13]|[1, 1, 0, 1, 1, 0, 1, 1, 2, 1, 2, 2, 2, 1, 1, 0, 0, 1, 0, 2, 2, 0, 1, 2, 0, 1, 2, 2, 0, 0, 1, 2, 1, 2, 1, 0, 2, 0, 1, 1, 0, 1, 1, 1, 0, 2, 1, 1, 0, 0, 0, 0, 1, 1, 2, 1, 0, 2, 0, 2, 1, 0, 1, 2, 1, 2, 1, 1, 1, 1, 1, 1, 0, 1, 2, 0, 0, 0, 0, 1, 2, 1, 2, 0, 1, 0, 1, 2, 0, 0, 1, 2, 2, 0, 1, 0, 2, 1, 0, 0]|[0, 3, 2, 2, 4, 1, 2, 3, 2, 4, 1, 1, 2, 4, 4, 1, 1, 4, 2, 1, 1, 1, 1, 2, 1, 2, 1, 1, 2, 1, 3, 2, 3, 1, 4, 0, 1, 1, 0, 3, 2, 2, 2, 0, 1, 1, 1, 4, 0, 1, 2, 2, 1, 4, 0, 3, 1, 1, 1, 1, 3, 1, 1, 1, 3, 0, 4, 3, 1, 4, 1, 1, 0, 4, 1, 1, 2, 1, 1, 1, 1, 3, 1, 2, 1, 1, 4, 1, 2, 1, 3, 1, 1, 1, 1, 2, 1, 4, 2, 2]|[0, 2, 1, 1, 3, 0, 1, 3, 0, 0, 0, 0, 1, 0, 1, 0, 0, 3, 1, 0, 0, 0, 3, 1, 0, 2, 0, 0, 0, 1, 0, 0, 0, 0, 3, 0, 1, 0, 0, 2, 1, 1, 1, 0, 0, 0, 1, 2, 1, 0, 0, 0, 1, 3, 0, 0, 0, 0, 0, 0, 2, 0, 1, 0, 2, 1, 0, 0, 1, 1, 3, 1, 1, 3, 0, 0, 1, 0, 0, 2, 0, 0, 0, 1, 1, 0, 0, 0, 1, 0, 2, 0, 0, 1, 1, 0, 0, 2, 0, 0],731.2476204416437,56471.05293543117,93231.64460992858,false
39,G4_BALANCED,G1_CMAX,[31, 22, 82, 15, 26, 99, 95, 42, 77, 12, 47, 5, 93, 78, 86, 54, 21, 63, 18, 44, 20, 35, 43, 97, 91, 76, 10, 30, 85, 45, 71, 64, 1, 23, 17, 83, 24, 14, 60, 36, 6, 57, 40, 88, 65, 56, 79, 94, 67, 68, 46, 75, 38, 9, 19, 32, 41, 81, 27, 87, 90, 58, 59, 11, 16, 72, 73, 70, 39, 37, 84, 3, 92, 25, 55, 48, 62, 29, 51, 7, 33, 61, 66, 28, 89, 50, 4, 96, 53, 80, 8, 98, 34, 49, 52, 0, 74, 69, 2, 13]|[1, 1, 0, 1, 1, 0, 1, 1, 2, 1, 2, 2, 2, 1, 1, 0, 0, 1, 0, 2, 2, 0, 1, 2, 0, 1, 2, 2, 0, 0, 1, 2, 1, 2, 1, 0, 2, 0, 1, 1, 0, 1, 1, 1, 0, 2, 2, 1, 0, 0, 0, 0, 1, 1, 2, 1, 0, 2, 0, 2, 1, 0, 1, 2, 1, 2, 1, 1, 1, 1, 1, 1, 0, 1, 2, 0, 0, 0, 0, 2, 2, 1, 2, 0, 1, 0, 1, 2, 0, 0, 1, 2, 2, 0, 1, 0, 2, 1, 0, 0]|[0, 3, 2, 2, 4, 1, 2, 3, 2, 4, 1, 1, 2, 4, 4, 1, 1, 4, 2, 1, 1, 1, 1, 2, 1, 2, 1, 1, 2, 1, 3, 2, 3, 1, 4, 0, 1, 1, 0, 3, 2, 2, 2, 0, 1, 1, 1, 4, 0, 1, 2, 2, 1, 4, 0, 3, 1, 1, 1, 1, 3, 1, 1, 1, 3, 0, 4, 3, 1, 4, 1, 1, 0, 4, 1, 1, 2, 1, 1, 1, 1, 3, 1, 2, 1, 1, 4, 1, 2, 1, 3, 1, 1, 1, 1, 2, 1, 4, 2, 2]|[0, 2, 1, 1, 3, 0, 1, 3, 0, 0, 0, 0, 1, 0, 1, 0, 0, 3, 1, 0, 0, 0, 3, 1, 0, 2, 0, 0, 0, 1, 0, 0, 0, 0, 3, 0, 1, 0, 0, 2, 1, 1, 1, 0, 0, 0, 0, 2, 1, 0, 0, 0, 1, 3, 0, 0, 0, 0, 0, 0, 2, 0, 1, 0, 2, 1, 0, 0, 1, 1, 3, 1, 1, 3, 0, 0, 1, 0, 0, 0, 0, 0, 0, 1, 1, 0, 0, 0, 1, 0, 2, 0, 0, 1, 1, 0, 0, 2, 0, 0],734.7379753826443,56212.42260301796,92506.7406905272,true
39,G2_TEC,G1_CMAX,[31, 22, 82, 15, 26, 99, 95, 42, 77, 12, 47, 5, 93, 78, 86, 54, 21, 63, 18, 44, 20, 35, 43, 97, 91, 76, 10, 30, 85, 45, 71, 64, 1, 23, 37, 83, 24, 14, 60, 36, 6, 57, 40, 88, 65, 56, 79, 94, 67, 68, 46, 75, 38, 9, 19, 32, 41, 81, 27, 87, 90, 58, 59, 11, 16, 72, 73, 70, 39, 17, 84, 3, 92, 25, 55, 48, 62, 29, 51, 96, 33, 61, 98, 28, 89, 50, 4, 7, 53, 80, 8, 66, 34, 49, 52, 0, 74, 69, 2, 13]|[1, 1, 0, 1, 1, 0, 1, 1, 2, 1, 2, 2, 2, 1, 1, 0, 0, 1, 0, 2, 2, 0, 1, 2, 0, 1, 2, 2, 0, 0, 1, 2, 1, 2, 1, 0, 2, 0, 1, 1, 0, 1, 1, 1, 0, 2, 1, 1, 0, 0, 0, 0, 1, 1, 2, 1, 0, 2, 0, 2, 1, 0, 1, 2, 1, 2, 1, 1, 1, 1, 1, 1, 0, 1, 2, 0, 0, 0, 0, 2, 2, 1, 2, 0, 1, 0, 1, 2, 0, 0, 1, 2, 2, 0, 1, 0, 2, 1, 0, 0]|[0, 3, 2, 2, 4, 1, 2, 3, 2, 4, 1, 1, 2, 4, 4, 1, 1, 4, 2, 1, 1, 1, 1, 2, 1, 2, 1, 1, 2, 1, 3, 2, 3, 1, 4, 0, 1, 1, 0, 3, 2, 2, 2, 0, 1, 1, 0, 4, 0, 1, 2, 2, 1, 4, 0, 3, 1, 1, 1, 1, 3, 1, 1, 1, 3, 0, 4, 3, 1, 4, 1, 1, 0, 4, 1, 1, 2, 1, 1, 1, 1, 3, 1, 2, 1, 1, 4, 1, 2, 1, 3, 1, 1, 1, 1, 2, 1, 4, 2, 2]|[0, 2, 1, 1, 3, 0, 1, 3, 0, 0, 0, 0, 1, 0, 1, 0, 0, 3, 1, 0, 0, 0, 3, 1, 0, 2, 0, 0, 0, 1, 0, 0, 0, 0, 3, 0, 1, 0, 0, 2, 1, 1, 1, 0, 0, 0, 0, 2, 1, 0, 0, 0, 1, 3, 0, 0, 0, 0, 0, 0, 2, 0, 1, 0, 2, 1, 0, 0, 1, 1, 3, 1, 1, 3, 0, 0, 1, 0, 0, 0, 0, 0, 0, 1, 1, 0, 0, 0, 1, 0, 2, 0, 0, 1, 1, 0, 0, 2, 0, 0],731.2476204416437,56586.27722209284,92825.60273597998,true
39,G3_TWC,G4_BALANCED,[31, 22, 82, 15, 26, 58, 95, 42, 77, 12, 47, 5, 93, 78, 98, 54, 85, 63, 18, 44, 20, 35, 43, 97, 91, 76, 10, 30, 21, 45, 71, 64, 1, 23, 17, 83, 24, 14, 60, 36, 6, 57, 94, 88, 65, 56, 79, 40, 67, 68, 46, 75, 38, 9, 19, 32, 81, 41, 27, 62, 87, 90, 99, 59, 11, 16, 72, 73, 70, 39, 37, 84, 3, 92, 25, 55, 28, 29, 51, 7, 33, 61, 86, 48, 89, 34, 69, 96, 53, 80, 4, 8, 50, 49, 52, 0, 13, 2, 66, 74]|[1, 1, 0, 1, 1, 1, 2, 1, 2, 1, 2, 2, 2, 1, 1, 0, 0, 1, 0, 2, 2, 0, 1, 2, 0, 1, 2, 2, 0, 0, 1, 2, 1, 2, 1, 0, 2, 0, 1, 1, 0, 1, 1, 1, 0, 2, 1, 1, 0, 0, 0, 0, 1, 1, 2, 1, 2, 0, 0, 0, 2, 1, 0, 1, 2, 1, 2, 1, 1, 1, 1, 1, 2, 0, 1, 1, 0, 0, 0, 1, 2, 1, 0, 0, 1, 2, 1, 0, 0, 0, 0, 1, 0, 0, 1, 0, 0, 0, 2, 2]|[4, 3, 2, 2, 0, 0, 2, 2, 2, 4, 1, 1, 2, 4, 4, 1, 1, 4, 2, 1, 1, 1, 1, 2, 1, 2, 1, 1, 1, 1, 3, 2, 3, 0, 4, 0, 1, 1, 0, 3, 2, 2, 4, 0, 1, 1, 0, 2, 0, 1, 2, 2, 1, 4, 0, 3, 2, 1, 1, 2, 1, 3, 1, 1, 1, 3, 0, 4, 3, 1, 4, 1, 1, 2, 4, 4, 2, 1, 1, 3, 1, 3, 1, 1, 1, 1, 3, 1, 2, 1, 2, 3, 1, 1, 1, 2, 2, 2, 1, 1]|[0, 2, 1, 1, 3, 3, 0, 1, 0, 0, 0, 0, 1, 0, 1, 0, 0, 3, 1, 0, 0, 0, 3, 1, 0, 2, 0, 0, 0, 1, 0, 0, 0, 0, 3, 0, 1, 0, 0, 2, 1, 1, 2, 0, 0, 0, 0, 1, 1, 0, 0, 0, 1, 3, 0, 0, 1, 0, 0, 1, 0, 2, 0, 1, 0, 2, 1, 0, 0, 1, 1, 3, 0, 1, 3, 3, 1, 0, 0, 2, 0, 0, 0, 0, 1, 0, 0, 0, 1, 0, 1, 2, 0, 1, 1, 0, 0, 0, 0, 0],790.1921483697682,57957.04840138768,88951.83199580385,true
39,G1_CMAX,G1_CMAX,[31, 22, 82, 15, 26, 99, 95, 77, 42, 12, 5, 93, 78, 86, 54, 21, 63, 18, 10, 20, 35, 43, 97, 91, 76, 47, 30, 85, 45, 71, 1, 66, 64, 17, 83, 24, 14, 60, 36, 6, 57, 40, 88, 65, 79, 94, 67, 68, 46, 75, 38, 9, 19, 32, 28, 81, 27, 74, 39, 58, 59, 11, 16, 72, 62, 73, 70, 37, 84, 3, 51, 29, 90, 48, 55, 25, 92, 7, 44, 33, 61, 98, 56, 23, 89, 50, 41, 96, 53, 80, 4, 8, 34, 49, 52, 0, 13, 2, 69, 87]|[1, 1, 0, 1, 1, 0, 1, 2, 2, 1, 2, 2, 1, 1, 0, 0, 1, 0, 2, 2, 0, 1, 2, 0, 1, 2, 2, 0, 0, 1, 1, 2, 2, 1, 0, 2, 0, 1, 1, 0, 1, 1, 1, 0, 1, 1, 0, 0, 0, 0, 1, 1, 2, 1, 0, 2, 0, 2, 1, 0, 1, 2, 1, 2, 1, 1, 1, 1, 1, 1, 0, 0, 1, 0, 2, 1, 0, 2, 2, 2, 1, 2, 2, 2, 1, 0, 0, 2, 0, 0, 1, 1, 2, 0, 1, 0, 0, 0, 1, 2]|[0, 3, 2, 4, 0, 1, 2, 1, 1, 4, 1, 2, 4, 4, 1, 1, 4, 2, 1, 1, 1, 1, 2, 1, 2, 1, 1, 2, 1, 3, 3, 1, 2, 4, 0, 1, 1, 0, 3, 2, 2, 2, 0, 1, 0, 4, 0, 1, 2, 2, 1, 4, 0, 3, 2, 1, 1, 1, 1, 1, 1, 1, 3, 0, 4, 4, 1, 4, 1, 1, 1, 1, 3, 1, 1, 4, 0, 1, 1, 1, 3, 1, 1, 1, 1, 1, 1, 1, 2, 1, 4, 3, 1, 1, 1, 2, 2, 2, 4, 1]|[3, 2, 1, 1, 3, 0, 1, 0, 0, 0, 0, 1, 0, 1, 0, 0, 3, 1, 0, 0, 0, 3, 1, 0, 2, 0, 0, 0, 1, 0, 0, 0, 0, 3, 0, 1, 0, 0, 2, 1, 1, 1, 0, 0, 0, 2, 1, 0, 0, 0, 1, 3, 0, 0, 1, 0, 0, 0, 1, 0, 1, 0, 2, 1, 0, 0, 1, 1, 3, 1, 0, 0, 2, 0, 0, 3, 1, 0, 0, 0, 0, 0, 0, 0, 1, 0, 0, 0, 1, 0, 0, 2, 0, 1, 1, 0, 0, 0, 2, 0],731.8082727016543,56338.86946404046,92912.0862316895,false
39,G4_BALANCED,G4_BALANCED,[31, 11, 15, 82, 26, 9, 95, 32, 77, 68, 47, 5, 93, 78, 86, 54, 85, 63, 18, 44, 20, 49, 36, 14, 74, 50, 53, 17, 21, 45, 71, 64, 3, 23, 30, 83, 24, 41, 60, 52, 65, 27, 90, 70, 39, 87, 48, 69, 99, 4, 46, 1, 13, 58, 97, 59, 28, 75, 73, 37, 35, 79, 22, 66, 76, 42, 40, 80, 96, 6, 16, 61, 33, 7, 57, 34, 12, 67, 10, 98, 56, 88, 43, 8, 91, 38, 84, 92, 29, 19, 51, 72, 89, 25, 2, 81, 94, 55, 62, 0]|[2, 1, 1, 2, 1, 2, 1, 1, 1, 1, 1, 0, 2, 2, 1, 2, 0, 0, 0, 2, 2, 1, 0, 2, 0, 2, 2, 1, 0, 1, 1, 1, 0, 0, 1, 0, 2, 1, 2, 2, 0, 0, 1, 1, 0, 2, 0, 2, 1, 0, 0, 2, 0, 0, 1, 0, 1, 0, 0, 0, 1, 1, 0, 2, 2, 0, 2, 2, 0, 1, 2, 1, 1, 2, 0, 1, 1, 1, 1, 2, 2, 1, 1, 1, 1, 0, 0, 0, 1, 2, 1, 1, 1, 1, 2, 1, 2, 0, 1, 0]|[0, 3, 2, 0, 4, 1, 4, 4, 2, 4, 3, 2, 1, 0, 2, 1, 1, 1, 2, 1, 1, 3, 0, 1, 0, 1, 1, 4, 1, 4, 3, 2, 2, 0, 4, 1, 1, 4, 0, 1, 2, 1, 4, 4, 1, 1, 0, 2, 3, 2, 2, 1, 2, 1, 4, 2, 4, 2, 0, 2, 3, 3, 1, 0, 1, 2, 0, 1, 2, 4, 1, 3, 4, 1, 2, 4, 3, 3, 3, 1, 1, 4, 4, 3, 3, 2, 2, 2, 3, 1, 3, 4, 4, 4, 1, 1, 1, 2, 3, 2]|[0, 2, 1, 0, 3, 0, 1, 3, 0, 0, 2, 0, 1, 0, 1, 0, 0, 0, 1, 0, 0, 2, 0, 0, 1, 0, 0, 3, 0, 1, 0, 2, 0, 1, 3, 0, 1, 3, 1, 0, 0, 0, 1, 3, 0, 0, 1, 0, 2, 0, 0, 0, 0, 0, 1, 0, 1, 0, 1, 1, 0, 2, 0, 0, 0, 0, 0, 0, 0, 2, 0, 0, 1, 0, 0, 1, 0, 0, 3, 0, 0, 1, 2, 0, 0, 0, 0, 0, 3, 1, 0, 1, 1, 3, 0, 1, 0, 0, 0, 0],846.5351127246619,51659.69094396193,107891.35183337331,false
39,G2_TEC,G4_BALANCED,[31, 11, 82, 15, 26, 9, 95, 42, 77, 68, 47, 5, 93, 78, 86, 54, 85, 63, 18, 44, 20, 49, 36, 14, 74, 50, 53, 17, 21, 45, 71, 64, 3, 23, 30, 83, 24, 41, 60, 52, 65, 27, 90, 70, 39, 87, 48, 69, 99, 4, 46, 1, 13, 58, 97, 59, 28, 8, 73, 37, 35, 79, 22, 66, 76, 32, 40, 80, 96, 6, 16, 61, 33, 7, 57, 34, 12, 67, 10, 98, 56, 88, 51, 75, 91, 38, 19, 92, 43, 84, 29, 72, 81, 25, 2, 55, 0, 94, 89, 62]|[2, 1, 2, 1, 1, 2, 1, 1, 1, 1, 1, 0, 2, 2, 1, 2, 0, 0, 0, 2, 2, 1, 0, 2, 0, 2, 2, 1, 0, 1, 1, 1, 0, 0, 1, 0, 2, 1, 2, 2, 0, 0, 1, 1, 0, 2, 0, 2, 1, 0, 0, 2, 0, 0, 2, 0, 1, 1, 0, 0, 2, 1, 0, 2, 2, 0, 2, 2, 0, 1, 2, 1, 1, 2, 0, 1, 1, 1, 1, 2, 2, 1, 1, 0, 1, 0, 1, 0, 1, 0, 1, 1, 1, 1, 2, 0, 0, 2, 1, 1]|[0, 3, 0, 2, 4, 1, 4, 4, 2, 4, 3, 2, 1, 0, 2, 1, 1, 1, 2, 1, 1, 3, 0, 1, 0, 1, 1, 4, 1, 4, 3, 2, 2, 0, 4, 1, 1, 4, 0, 1, 2, 1, 4, 4, 1, 1, 0, 2, 3, 1, 2, 1, 2, 1, 1, 2, 4, 3, 0, 2, 2, 3, 1, 0, 1, 2, 0, 1, 2, 4, 1, 3, 4, 1, 2, 4, 3, 3, 3, 1, 1, 4, 3, 2, 3, 2, 4, 2, 4, 2, 3, 4, 1, 4, 1, 2, 2, 1, 4, 3]|[0, 2, 0, 1, 3, 0, 1, 3, 0, 0, 2, 0, 1, 0, 1, 0, 0, 0, 1, 0, 0, 2, 0, 0, 1, 0, 0, 3, 0, 1, 0, 2, 0, 1, 3, 0, 1, 3, 1, 0, 0, 0, 1, 3, 0, 0, 1, 0, 2, 0, 0, 0, 0, 0, 1, 0, 1, 0, 1, 1, 0, 2, 0, 0, 0, 0, 0, 0, 0, 2, 0, 0, 1, 0, 0, 1, 0, 0, 3, 0, 0, 1, 0, 0, 0, 0, 3, 0, 2, 0, 0, 2, 1, 3, 0, 0, 0, 0, 1, 0],847.5774112780123,52007.329839342645,107494.62989686072,true
39,G3_TWC,G4_BALANCED,[31, 22, 82, 15, 26, 58, 95, 42, 77, 12, 47, 5, 93, 78, 98, 54, 85, 63, 18, 44, 20, 35, 43, 97, 91, 76, 10, 30, 21, 45, 71, 64, 1, 23, 17, 83, 24, 14, 60, 36, 6, 57, 94, 88, 65, 56, 79, 40, 67, 68, 46, 75, 38, 9, 19, 32, 81, 41, 27, 62, 87, 90, 99, 59, 11, 16, 72, 73, 70, 39, 37, 84, 3, 92, 25, 55, 28, 29, 51, 7, 33, 61, 86, 48, 89, 34, 69, 96, 53, 80, 4, 8, 50, 49, 52, 0, 13, 2, 66, 74]|[1, 1, 0, 1, 1, 1, 2, 1, 2, 1, 2, 2, 2, 1, 1, 0, 0, 1, 0, 2, 2, 0, 1, 2, 0, 1, 2, 2, 0, 0, 1, 2, 1, 2, 1, 0, 2, 0, 1, 1, 0, 1, 1, 1, 0, 2, 1, 1, 0, 0, 0, 0, 1, 1, 2, 1, 2, 0, 0, 0, 2, 1, 0, 1, 2, 1, 2, 1, 1, 1, 1, 1, 2, 0, 1, 1, 0, 0, 0, 1, 2, 1, 0, 0, 1, 2, 1, 0, 0, 0, 0, 1, 0, 0, 1, 0, 0, 0, 2, 2]|[4, 3, 2, 2, 0, 0, 2, 2, 2, 4, 1, 1, 2, 4, 4, 1, 1, 4, 2, 1, 1, 1, 1, 2, 1, 2, 1, 1, 1, 1, 3, 2, 3, 0, 4, 0, 1, 1, 0, 3, 2, 2, 4, 0, 1, 1, 0, 2, 0, 1, 2, 2, 1, 4, 0, 3, 2, 1, 1, 2, 1, 3, 1, 1, 1, 3, 0, 4, 3, 1, 4, 1, 1, 2, 4, 4, 2, 1, 1, 3, 1, 3, 1, 1, 1, 1, 3, 1, 2, 1, 2, 3, 1, 1, 1, 2, 2, 2, 1, 1]|[0, 2, 1, 1, 3, 3, 0, 1, 0, 0, 0, 0, 1, 0, 1, 0, 0, 3, 1, 0, 0, 0, 3, 1, 0, 2, 0, 0, 0, 1, 0, 0, 0, 0, 3, 0, 1, 0, 0, 2, 1, 1, 2, 0, 0, 0, 0, 1, 1, 0, 0, 0, 1, 3, 0, 0, 1, 0, 0, 1, 0, 2, 0, 1, 0, 2, 1, 0, 0, 1, 1, 3, 0, 1, 3, 3, 1, 0, 0, 2, 0, 0, 0, 0, 1, 0, 0, 0, 1, 0, 1, 2, 0, 1, 1, 0, 0, 0, 0, 0],790.1921483697682,57957.04840138768,88951.83199580385,true
39,G1_CMAX,G3_TWC,[31, 22, 82, 15, 26, 58, 95, 42, 77, 12, 47, 5, 93, 78, 98, 54, 85, 63, 18, 44, 20, 35, 43, 97, 91, 76, 10, 30, 21, 45, 71, 64, 1, 23, 17, 83, 24, 14, 60, 36, 6, 57, 94, 88, 65, 56, 79, 40, 67, 68, 46, 75, 38, 9, 19, 32, 81, 41, 27, 62, 87, 90, 99, 59, 11, 16, 72, 73, 70, 39, 37, 84, 3, 92, 25, 55, 28, 29, 51, 7, 33, 61, 86, 66, 89, 50, 69, 96, 53, 80, 8, 4, 34, 49, 52, 2, 13, 0, 48, 74]|[1, 1, 0, 1, 1, 1, 2, 1, 2, 1, 2, 2, 2, 1, 1, 0, 0, 1, 0, 2, 2, 0, 1, 2, 0, 1, 2, 2, 0, 0, 1, 2, 1, 2, 1, 0, 2, 0, 1, 1, 0, 1, 1, 1, 0, 2, 1, 1, 0, 0, 0, 0, 1, 1, 2, 1, 2, 0, 0, 0, 2, 1, 0, 1, 2, 1, 2, 1, 1, 1, 1, 1, 2, 0, 1, 1, 0, 0, 0, 1, 2, 1, 0, 2, 1, 0, 1, 0, 0, 0, 1, 0, 2, 0, 1, 0, 0, 0, 2, 2]|[4, 3, 2, 2, 0, 0, 2, 2, 2, 4, 1, 1, 2, 4, 4, 1, 1, 4, 2, 1, 1, 1, 1, 2, 1, 2, 1, 1, 1, 1, 3, 2, 3, 0, 4, 0, 1, 1, 0, 3, 2, 2, 4, 0, 1, 1, 0, 2, 0, 1, 2, 2, 1, 4, 0, 3, 2, 1, 1, 2, 1, 3, 1, 1, 1, 3, 0, 4, 3, 1, 4, 1, 1, 2, 4, 4, 2, 1, 1, 3, 1, 3, 1, 1, 1, 1, 3, 1, 2, 1, 3, 2, 1, 1, 1, 2, 2, 2, 1, 1]|[0, 2, 1, 1, 3, 3, 0, 1, 0, 0, 0, 0, 1, 0, 1, 0, 0, 3, 1, 0, 0, 0, 3, 1, 0, 2, 0, 0, 0, 1, 0, 0, 0, 0, 3, 0, 1, 0, 0, 2, 1, 1, 2, 0, 0, 0, 0, 1, 1, 0, 0, 0, 1, 3, 0, 0, 1, 0, 0, 1, 0, 2, 0, 1, 0, 2, 1, 0, 0, 1, 1, 3, 0, 1, 3, 3, 1, 0, 0, 2, 0, 0, 0, 0, 1, 0, 0, 0, 1, 0, 2, 1, 0, 1, 1, 0, 0, 0, 0, 0],769.8065720735804,57922.303149573316,89693.69339404663,true
39,G4_BALANCED,G2_TEC,[31, 22, 82, 15, 26, 9, 95, 42, 77, 68, 47, 5, 93, 78, 86, 54, 85, 63, 18, 44, 20, 49, 36, 14, 74, 11, 53, 17, 21, 28, 50, 64, 3, 23, 30, 83, 24, 41, 40, 52, 65, 27, 90, 70, 39, 87, 48, 69, 99, 4, 75, 1, 13, 58, 97, 59, 45, 8, 73, 37, 35, 79, 71, 66, 76, 32, 60, 80, 56, 6, 67, 61, 33, 7, 57, 34, 12, 16, 10, 98, 96, 88, 43, 46, 91, 38, 84, 92, 29, 19, 51, 72, 55, 89, 25, 81, 94, 2, 0, 62]|[2, 1, 2, 1, 1, 2, 1, 1, 1, 1, 1, 0, 2, 2, 1, 2, 0, 0, 0, 2, 2, 1, 0, 2, 0, 1, 2, 1, 0, 1, 1, 1, 0, 0, 1, 0, 2, 1, 2, 2, 0, 0, 1, 1, 0, 2, 0, 2, 1, 0, 0, 2, 0, 0, 2, 0, 1, 1, 0, 0, 2, 1, 1, 2, 2, 0, 2, 2, 2, 1, 2, 1, 1, 2, 0, 1, 1, 2, 1, 2, 0, 1, 1, 0, 1, 0, 0, 0, 1, 1, 1, 1, 0, 1, 1, 1, 2, 2, 0, 1]|[0, 3, 0, 3, 4, 1, 4, 4, 2, 4, 3, 2, 1, 0, 2, 1, 1, 1, 2, 1, 1, 3, 0, 1, 0, 3, 1, 4, 1, 4, 3, 2, 2, 0, 4, 1, 1, 4, 1, 1, 2, 1, 4, 4, 1, 1, 0, 2, 3, 2, 2, 1, 2, 1, 1, 2, 4, 3, 0, 2, 2, 3, 3, 1, 1, 2, 1, 1, 1, 4, 1, 3, 4, 1, 2, 4, 3, 1, 3, 1, 2, 4, 4, 2, 3, 2, 2, 2, 3, 4, 3, 4, 2, 4, 4, 4, 1, 1, 2, 3]|[0, 2, 0, 0, 3, 0, 1, 3, 0, 0, 2, 0, 1, 0, 1, 0, 0, 0, 1, 0, 0, 2, 0, 0, 1, 0, 0, 3, 0, 1, 0, 2, 0, 0, 3, 0, 1, 1, 0, 0, 0, 0, 1, 3, 0, 0, 1, 0, 2, 0, 0, 0, 0, 0, 1, 0, 1, 0, 1, 1, 0, 2, 0, 0, 0, 0, 0, 0, 0, 2, 0, 0, 1, 0, 0, 1, 0, 0, 3, 0, 0, 1, 2, 0, 0, 0, 0, 0, 3, 1, 0, 1, 0, 1, 3, 2, 0, 0, 0, 0],882.7852096145542,49462.339839733424,107447.45065905225,true
39,G2_TEC,G2_TEC,[31, 22, 82, 15, 26, 9, 95, 42, 77, 68, 47, 5, 93, 78, 86, 54, 85, 63, 18, 44, 20, 49, 36, 14, 74, 50, 53, 17, 21, 28, 11, 64, 3, 23, 30, 83, 24, 41, 40, 52, 65, 27, 90, 70, 39, 87, 48, 69, 99, 4, 46, 1, 13, 58, 97, 59, 45, 8, 73, 37, 35, 79, 71, 66, 76, 32, 60, 80, 56, 6, 67, 61, 33, 7, 57, 34, 12, 16, 10, 98, 96, 88, 2, 75, 91, 43, 84, 92, 29, 19, 51, 55, 81, 89, 25, 72, 94, 38, 0, 62]|[2, 1, 2, 1, 1, 2, 1, 1, 1, 1, 1, 0, 2, 2, 1, 2, 0, 0, 0, 2, 2, 1, 0, 2, 0, 2, 2, 1, 0, 1, 1, 1, 0, 0, 1, 0, 2, 1, 2, 2, 0, 0, 1, 1, 0, 2, 0, 2, 1, 0, 0, 2, 0, 0, 2, 0, 1, 1, 0, 0, 2, 1, 1, 2, 2, 0, 2, 2, 2, 1, 2, 1, 1, 2, 0, 1, 1, 2, 1, 2, 0, 1, 0, 0, 1, 1, 0, 0, 1, 1, 1, 0, 1, 1, 1, 1, 2, 0, 2, 1]|[0, 3, 0, 3, 4, 1, 4, 4, 2, 4, 3, 2, 1, 0, 2, 1, 1, 1, 2, 1, 1, 3, 0, 1, 0, 1, 1, 4, 1, 4, 3, 2, 2, 0, 4, 1, 1, 4, 1, 1, 2, 1, 4, 4, 1, 1, 0, 2, 3, 2, 2, 1, 2, 1, 1, 2, 4, 3, 0, 2, 1, 3, 3, 1, 1, 2, 1, 1, 1, 4, 1, 3, 4, 1, 2, 4, 3, 1, 3, 1, 2, 4, 2, 2, 3, 4, 2, 2, 3, 4, 3, 2, 4, 4, 4, 4, 1, 2, 1, 3]|[0, 2, 0, 0, 3, 0, 1, 3, 0, 0, 2, 0, 1, 0, 1, 0, 0, 0, 1, 0, 0, 2, 0, 0, 1, 0, 0, 3, 0, 1, 0, 2, 0, 0, 3, 0, 1, 1, 0, 0, 0, 0, 1, 3, 0, 0, 1, 0, 2, 0, 0, 0, 0, 0, 1, 0, 1, 0, 1, 1, 0, 2, 0, 0, 0, 0, 0, 0, 0, 2, 0, 0, 1, 0, 0, 1, 0, 0, 3, 0, 0, 1, 0, 0, 0, 2, 0, 0, 3, 1, 0, 0, 2, 1, 3, 1, 0, 0, 0, 0],914.0597544875216,49177.57411962909,107642.75205892837,false
39,G3_TWC,G4_BALANCED,[31, 22, 82, 15, 26, 58, 95, 42, 77, 12, 47, 5, 93, 78, 98, 54, 85, 63, 18, 44, 20, 35, 43, 97, 91, 76, 10, 30, 21, 45, 71, 64, 1, 23, 17, 83, 24, 14, 60, 36, 6, 57, 94, 88, 65, 56, 79, 40, 67, 68, 46, 75, 38, 9, 19, 32, 81, 41, 27, 62, 87, 90, 99, 59, 11, 16, 72, 73, 70, 39, 37, 84, 3, 92, 25, 55, 28, 29, 51, 7, 33, 61, 86, 48, 89, 34, 69, 96, 53, 80, 4, 8, 50, 49, 52, 0, 13, 2, 66, 74]|[1, 1, 0, 1, 1, 1, 2, 1, 2, 1, 2, 2, 2, 1, 1, 0, 0, 1, 0, 2, 2, 0, 1, 2, 0, 1, 2, 2, 0, 0, 1, 2, 1, 2, 1, 0, 2, 0, 1, 1, 0, 1, 1, 1, 0, 2, 1, 1, 0, 0, 0, 0, 1, 1, 2, 1, 2, 0, 0, 0, 2, 1, 0, 1, 2, 1, 2, 1, 1, 1, 1, 1, 2, 0, 1, 1, 0, 0, 0, 1, 2, 1, 0, 0, 1, 2, 1, 0, 0, 0, 0, 1, 0, 0, 1, 0, 0, 0, 2, 2]|[4, 3, 2, 2, 0, 0, 2, 2, 2, 4, 1, 1, 2, 4, 4, 1, 1, 4, 2, 1, 1, 1, 1, 2, 1, 2, 1, 1, 1, 1, 3, 2, 3, 0, 4, 0, 1, 1, 0, 3, 2, 2, 4, 0, 1, 1, 0, 2, 0, 1, 2, 2, 1, 4, 0, 3, 2, 1, 1, 2, 1, 3, 1, 1, 1, 3, 0, 4, 3, 1, 4, 1, 1, 2, 4, 4, 2, 1, 1, 3, 1, 3, 1, 1, 1, 1, 3, 1, 2, 1, 2, 3, 1, 1, 1, 2, 2, 2, 1, 1]|[0, 2, 1, 1, 3, 3, 0, 1, 0, 0, 0, 0, 1, 0, 1, 0, 0, 3, 1, 0, 0, 0, 3, 1, 0, 2, 0, 0, 0, 1, 0, 0, 0, 0, 3, 0, 1, 0, 0, 2, 1, 1, 2, 0, 0, 0, 0, 1, 1, 0, 0, 0, 1, 3, 0, 0, 1, 0, 0, 1, 0, 2, 0, 1, 0, 2, 1, 0, 0, 1, 1, 3, 0, 1, 3, 3, 1, 0, 0, 2, 0, 0, 0, 0, 1, 0, 0, 0, 1, 0, 1, 2, 0, 1, 1, 0, 0, 0, 0, 0],790.1921483697682,57957.04840138768,88951.83199580385,true
39,G1_CMAX,G1_CMAX,[22, 82, 3, 58, 95, 42, 77, 47, 5, 93, 78, 12, 86, 54, 50, 63, 18, 44, 20, 35, 43, 97, 91, 76, 10, 30, 21, 45, 71, 64, 36, 23, 17, 83, 24, 14, 60, 1, 6, 40, 57, 90, 65, 56, 79, 94, 67, 68, 46, 75, 38, 9, 19, 32, 81, 41, 27, 62, 16, 55, 59, 89, 88, 87, 31, 72, 73, 70, 39, 37, 84, 92, 25, 11, 48, 15, 29, 51, 7, 33, 61, 98, 28, 99, 26, 85, 66, 96, 53, 80, 4, 8, 34, 49, 52, 2, 13, 0, 69, 74]|[1, 0, 1, 0, 1, 2, 2, 2, 2, 2, 1, 1, 1, 0, 0, 1, 0, 2, 2, 0, 1, 2, 0, 1, 2, 2, 0, 0, 1, 2, 1, 2, 1, 0, 2, 0, 1, 1, 0, 1, 1, 1, 0, 2, 1, 1, 0, 0, 0, 0, 1, 1, 2, 1, 2, 0, 0, 0, 1, 2, 1, 1, 1, 1, 1, 2, 1, 2, 1, 1, 1, 0, 1, 2, 2, 1, 0, 0, 1, 2, 1, 2, 0, 1, 1, 0, 0, 2, 0, 0, 1, 1, 2, 0, 1, 0, 0, 0, 1, 2]|[3, 2, 1, 1, 2, 1, 2, 1, 1, 2, 4, 4, 4, 1, 1, 4, 2, 1, 1, 1, 1, 2, 1, 2, 1, 1, 2, 1, 3, 2, 3, 1, 4, 1, 1, 1, 0, 3, 2, 2, 2, 3, 1, 1, 0, 4, 0, 1, 2, 2, 1, 4, 0, 3, 2, 1, 1, 2, 3, 1, 1, 1, 0, 3, 0, 0, 3, 0, 1, 4, 1, 0, 4, 1, 1, 4, 1, 1, 1, 1, 3, 1, 2, 1, 0, 2, 1, 1, 2, 1, 4, 3, 1, 1, 1, 2, 2, 2, 4, 1]|[3, 1, 2, 0, 1, 0, 0, 0, 0, 1, 0, 0, 1, 0, 0, 3, 1, 0, 0, 0, 3, 1, 0, 2, 0, 0, 0, 1, 0, 0, 2, 0, 3, 0, 1, 0, 0, 0, 1, 1, 1, 2, 0, 0, 0, 2, 1, 0, 0, 0, 1, 3, 0, 0, 1, 0, 0, 1, 2, 0, 1, 1, 0, 2, 0, 1, 0, 1, 1, 1, 1, 1, 3, 0, 0, 3, 0, 0, 2, 0, 0, 0, 1, 1, 3, 0, 0, 0, 1, 0, 0, 2, 0, 1, 1, 0, 0, 0, 2, 0],715.7913946700162,58060.95961022334,95287.06515100288,false
39,G4_BALANCED,G4_BALANCED,[31, 22, 82, 15, 26, 58, 95, 42, 77, 12, 47, 5, 93, 78, 98, 54, 85, 63, 18, 44, 20, 35, 43, 97, 91, 76, 10, 30, 21, 45, 71, 64, 1, 23, 17, 83, 24, 14, 60, 36, 6, 57, 94, 88, 65, 56, 79, 40, 67, 68, 46, 75, 38, 9, 19, 32, 81, 41, 27, 62, 87, 90, 99, 59, 11, 16, 72, 73, 70, 39, 37, 84, 3, 92, 25, 50, 28, 29, 51, 7, 33, 61, 86, 66, 89, 55, 48, 96, 53, 80, 4, 8, 34, 49, 52, 0, 13, 2, 69, 74]|[1, 1, 0, 1, 1, 1, 2, 1, 2, 1, 2, 2, 2, 1, 1, 0, 0, 1, 0, 2, 2, 0, 1, 2, 0, 1, 2, 2, 0, 0, 1, 2, 1, 2, 1, 0, 2, 0, 1, 1, 0, 1, 1, 1, 0, 2, 1, 1, 0, 0, 0, 0, 1, 1, 2, 1, 2, 0, 0, 0, 2, 1, 0, 1, 2, 1, 2, 1, 1, 1, 1, 1, 2, 0, 1, 0, 0, 0, 0, 1, 2, 1, 0, 2, 1, 2, 0, 0, 0, 0, 0, 1, 2, 0, 1, 0, 0, 0, 1, 2]|[4, 3, 2, 2, 0, 0, 2, 2, 2, 4, 1, 1, 2, 4, 4, 1, 1, 4, 2, 1, 1, 1, 1, 2, 1, 2, 1, 1, 1, 1, 3, 2, 3, 1, 4, 0, 1, 1, 0, 3, 2, 2, 4, 0, 1, 1, 0, 2, 0, 1, 2, 2, 1, 4, 0, 3, 2, 1, 1, 2, 1, 3, 1, 1, 1, 3, 1, 4, 3, 1, 4, 1, 1, 0, 4, 1, 2, 1, 1, 3, 1, 3, 1, 1, 1, 1, 1, 1, 2, 1, 2, 3, 1, 1, 1, 2, 2, 2, 3, 1]|[0, 2, 1, 1, 3, 3, 0, 1, 0, 0, 0, 0, 1, 0, 1, 0, 0, 3, 1, 0, 0, 0, 3, 1, 0, 2, 0, 0, 0, 1, 0, 0, 0, 0, 3, 0, 1, 0, 0, 2, 1, 1, 2, 0, 0, 0, 0, 1, 1, 0, 0, 0, 1, 3, 0, 0, 1, 0, 0, 1, 0, 2, 0, 1, 0, 2, 0, 0, 0, 1, 1, 3, 0, 1, 3, 0, 1, 0, 0, 2, 0, 0, 0, 0, 1, 0, 0, 0, 1, 0, 1, 2, 0, 1, 1, 0, 0, 0, 0, 0],807.9611331918658,57165.13555491244,90797.66942117897,false
39,G2_TEC,G2_TEC,[31, 22, 82, 15, 26, 9, 95, 42, 77, 68, 47, 5, 93, 78, 86, 54, 85, 63, 18, 44, 20, 49, 36, 14, 74, 50, 53, 17, 21, 28, 11, 64, 3, 23, 30, 83, 24, 41, 40, 52, 65, 27, 90, 70, 39, 87, 48, 69, 99, 4, 46, 1, 13, 58, 97, 59, 45, 8, 73, 37, 35, 79, 71, 66, 76, 32, 60, 80, 56, 6, 67, 61, 33, 7, 57, 34, 12, 16, 10, 98, 96, 88, 2, 75, 91, 43, 84, 92, 29, 19, 51, 55, 81, 89, 25, 72, 94, 38, 0, 62]|[2, 1, 2, 1, 1, 2, 1, 1, 1, 1, 1, 0, 2, 2, 1, 2, 0, 0, 0, 2, 2, 1, 0, 2, 0, 2, 2, 1, 0, 1, 1, 1, 0, 0, 1, 0, 2, 1, 2, 2, 0, 0, 1, 1, 0, 2, 0, 2, 1, 0, 0, 2, 0, 0, 2, 0, 1, 1, 0, 0, 2, 1, 1, 2, 2, 0, 2, 2, 2, 1, 2, 1, 1, 2, 0, 1, 1, 2, 1, 2, 0, 1, 0, 0, 1, 1, 0, 0, 1, 1, 1, 0, 1, 1, 1, 1, 2, 0, 2, 1]|[0, 3, 0, 3, 4, 1, 4, 4, 2, 4, 3, 2, 1, 0, 2, 1, 1, 1, 2, 1, 1, 3, 0, 1, 0, 1, 1, 4, 1, 4, 3, 2, 2, 0, 4, 1, 1, 4, 1, 1, 2, 1, 4, 4, 1, 1, 0, 2, 3, 2, 2, 1, 2, 1, 1, 2, 4, 3, 0, 2, 1, 3, 3, 1, 1, 2, 1, 1, 1, 4, 1, 3, 4, 1, 2, 4, 3, 1, 3, 1, 2, 4, 2, 2, 3, 4, 2, 2, 3, 4, 3, 2, 4, 4, 4, 4, 1, 2, 1, 3]|[0, 2, 0, 0, 3, 0, 1, 3, 0, 0, 2, 0, 1, 0, 1, 0, 0, 0, 1, 0, 0, 2, 0, 0, 1, 0, 0, 3, 0, 1, 0, 2, 0, 0, 3, 0, 1, 1, 0, 0, 0, 0, 1, 3, 0, 0, 1, 0, 2, 0, 0, 0, 0, 0, 1, 0, 1, 0, 1, 1, 0, 2, 0, 0, 0, 0, 0, 0, 0, 2, 0, 0, 1, 0, 0, 1, 0, 0, 3, 0, 0, 1, 0, 0, 0, 2, 0, 0, 3, 1, 0, 0, 2, 1, 3, 1, 0, 0, 0, 0],914.0597544875216,49177.57411962909,107642.75205892837,false
39,G3_TWC,G4_BALANCED,[31, 22, 82, 15, 26, 58, 95, 42, 77, 12, 47, 5, 93, 78, 98, 54, 85, 63, 18, 44, 20, 35, 43, 97, 91, 76, 10, 30, 21, 45, 71, 64, 1, 23, 17, 83, 24, 14, 60, 36, 6, 57, 94, 88, 65, 56, 79, 40, 67, 68, 46, 75, 38, 9, 19, 32, 81, 41, 27, 62, 87, 90, 99, 59, 11, 16, 72, 73, 70, 39, 37, 84, 3, 92, 25, 55, 28, 29, 51, 7, 33, 61, 86, 48, 89, 34, 69, 96, 53, 80, 4, 8, 50, 49, 52, 0, 13, 2, 66, 74]|[1, 1, 0, 1, 1, 1, 2, 1, 2, 1, 2, 2, 2, 1, 1, 0, 0, 1, 0, 2, 2, 0, 1, 2, 0, 1, 2, 2, 0, 0, 1, 2, 1, 2, 1, 0, 2, 0, 1, 1, 0, 1, 1, 1, 0, 2, 1, 1, 0, 0, 0, 0, 1, 1, 2, 1, 2, 0, 0, 0, 2, 1, 0, 1, 2, 1, 2, 1, 1, 1, 1, 1, 2, 0, 1, 1, 0, 0, 0, 1, 2, 1, 0, 0, 1, 2, 1, 0, 0, 0, 0, 1, 0, 0, 1, 0, 0, 0, 2, 2]|[4, 3, 2, 2, 0, 0, 2, 2, 2, 4, 1, 1, 2, 4, 4, 1, 1, 4, 2, 1, 1, 1, 1, 2, 1, 2, 1, 1, 1, 1, 3, 2, 3, 0, 4, 0, 1, 1, 0, 3, 2, 2, 4, 0, 1, 1, 0, 2, 0, 1, 2, 2, 1, 4, 0, 3, 2, 1, 1, 2, 1, 3, 1, 1, 1, 3, 0, 4, 3, 1, 4, 1, 1, 2, 4, 4, 2, 1, 1, 3, 1, 3, 1, 1, 1, 1, 3, 1, 2, 1, 2, 3, 1, 1, 1, 2, 2, 2, 1, 1]|[0, 2, 1, 1, 3, 3, 0, 1, 0, 0, 0, 0, 1, 0, 1, 0, 0, 3, 1, 0, 0, 0, 3, 1, 0, 2, 0, 0, 0, 1, 0, 0, 0, 0, 3, 0, 1, 0, 0, 2, 1, 1, 2, 0, 0, 0, 0, 1, 1, 0, 0, 0, 1, 3, 0, 0, 1, 0, 0, 1, 0, 2, 0, 1, 0, 2, 1, 0, 0, 1, 1, 3, 0, 1, 3, 3, 1, 0, 0, 2, 0, 0, 0, 0, 1, 0, 0, 0, 1, 0, 1, 2, 0, 1, 1, 0, 0, 0, 0, 0],790.1921483697682,57957.04840138768,88951.83199580385,true
39,G1_CMAX,G1_CMAX,[31, 22, 82, 15, 26, 99, 95, 42, 77, 12, 47, 5, 93, 78, 86, 54, 21, 63, 18, 44, 20, 35, 43, 97, 91, 76, 10, 30, 85, 45, 71, 64, 1, 23, 57, 83, 24, 14, 60, 36, 81, 17, 40, 88, 65, 56, 79, 94, 67, 68, 46, 75, 38, 9, 19, 32, 41, 6, 27, 87, 90, 58, 59, 11, 16, 72, 73, 70, 39, 37, 84, 3, 92, 25, 55, 28, 62, 29, 51, 7, 33, 61, 98, 48, 89, 50, 4, 96, 53, 80, 66, 8, 34, 49, 52, 0, 13, 2, 69, 74]|[1, 1, 0, 1, 1, 0, 1, 1, 2, 1, 2, 2, 2, 1, 1, 0, 0, 1, 0, 2, 2, 0, 1, 2, 0, 1, 2, 2, 0, 0, 1, 2, 1, 2, 1, 0, 2, 0, 1, 1, 0, 1, 1, 1, 0, 2, 1, 1, 0, 0, 0, 0, 1, 1, 2, 1, 2, 2, 0, 2, 1, 0, 1, 2, 1, 2, 1, 1, 1, 1, 1, 1, 0, 1, 2, 2, 0, 0, 2, 2, 2, 1, 2, 0, 1, 0, 1, 2, 0, 0, 2, 1, 2, 0, 1, 0, 0, 0, 1, 2]|[0, 3, 2, 2, 4, 1, 2, 3, 2, 4, 1, 1, 2, 4, 4, 1, 1, 4, 2, 1, 1, 1, 1, 2, 1, 2, 1, 1, 2, 1, 3, 2, 3, 0, 4, 0, 1, 1, 0, 3, 2, 2, 2, 0, 1, 1, 0, 4, 0, 1, 2, 2, 1, 4, 0, 3, 2, 2, 1, 1, 3, 1, 1, 1, 3, 0, 4, 3, 1, 4, 1, 1, 0, 4, 1, 1, 2, 1, 2, 1, 1, 3, 1, 1, 1, 1, 4, 1, 2, 1, 1, 3, 1, 1, 1, 2, 2, 2, 4, 1]|[0, 2, 1, 1, 3, 0, 1, 3, 0, 0, 0, 0, 1, 0, 1, 0, 0, 3, 1, 0, 0, 0, 3, 1, 0, 2, 0, 0, 0, 1, 0, 0, 0, 0, 3, 0, 1, 0, 0, 2, 1, 1, 1, 0, 0, 0, 0, 2, 1, 0, 0, 0, 1, 3, 0, 0, 1, 1, 0, 0, 2, 0, 1, 0, 2, 1, 0, 0, 1, 1, 3, 1, 1, 3, 0, 0, 1, 0, 1, 0, 0, 0, 0, 0, 1, 0, 0, 0, 1, 0, 0, 2, 0, 1, 1, 0, 0, 0, 2, 0],714.4485115867469,58161.785232764836,94013.66617097157,false
39,G4_BALANCED,G4_BALANCED,[31, 11, 82, 15, 26, 9, 95, 42, 77, 68, 47, 5, 93, 78, 86, 54, 85, 63, 18, 44, 20, 49, 36, 14, 74, 50, 53, 17, 21, 45, 71, 64, 3, 23, 30, 83, 24, 41, 60, 52, 65, 27, 90, 70, 39, 87, 48, 69, 99, 4, 46, 1, 13, 58, 97, 59, 28, 75, 73, 37, 35, 79, 22, 66, 76, 32, 40, 80, 96, 6, 16, 61, 33, 7, 57, 34, 12, 67, 10, 98, 56, 88, 29, 8, 91, 38, 19, 92, 43, 2, 89, 72, 51, 25, 84, 55, 62, 81, 94, 0]|[2, 1, 2, 1, 1, 2, 1, 1, 1, 1, 1, 0, 2, 2, 1, 2, 0, 0, 0, 2, 2, 1, 0, 2, 0, 2, 2, 1, 0, 1, 1, 1, 0, 0, 2, 0, 2, 1, 2, 2, 0, 0, 1, 1, 0, 2, 0, 2, 1, 0, 0, 2, 0, 0, 2, 0, 1, 1, 0, 0, 2, 1, 0, 2, 2, 0, 2, 2, 0, 1, 2, 1, 2, 2, 0, 1, 1, 1, 1, 2, 2, 1, 1, 0, 1, 0, 1, 0, 1, 2, 1, 1, 1, 1, 0, 0, 1, 1, 2, 0]|[0, 3, 0, 2, 4, 1, 4, 4, 2, 4, 3, 2, 1, 0, 2, 1, 1, 1, 2, 1, 1, 3, 0, 1, 0, 1, 1, 4, 1, 4, 3, 2, 2, 0, 1, 1, 1, 4, 0, 1, 2, 1, 4, 4, 1, 1, 0, 2, 3, 2, 2, 1, 2, 1, 1, 2, 4, 3, 0, 2, 2, 3, 1, 0, 1, 2, 0, 1, 2, 4, 1, 3, 1, 1, 2, 4, 3, 3, 3, 1, 1, 4, 3, 2, 3, 2, 4, 2, 4, 1, 4, 4, 3, 4, 2, 2, 3, 4, 1, 2]|[0, 2, 0, 1, 3, 0, 1, 3, 0, 0, 2, 0, 1, 0, 1, 0, 0, 0, 1, 0, 0, 2, 0, 0, 1, 0, 0, 3, 0, 1, 0, 2, 0, 1, 0, 0, 1, 3, 1, 0, 0, 0, 1, 3, 0, 0, 1, 0, 2, 0, 0, 0, 0, 0, 1, 0, 1, 0, 1, 1, 0, 2, 0, 0, 0, 0, 1, 0, 0, 2, 0, 0, 0, 0, 0, 1, 0, 0, 3, 0, 0, 1, 3, 0, 0, 0, 1, 0, 2, 0, 1, 2, 0, 3, 0, 0, 0, 1, 0, 0],852.5184451675896,52077.87777408223,105904.01879381535,false
39,G2_TEC,G2_TEC,[31, 22, 82, 15, 26, 9, 95, 42, 77, 68, 47, 5, 93, 78, 86, 54, 85, 63, 18, 44, 20, 49, 36, 14, 74, 50, 53, 17, 21, 28, 11, 64, 3, 23, 30, 83, 24, 41, 40, 52, 65, 27, 90, 70, 39, 87, 48, 69, 99, 4, 46, 1, 13, 58, 97, 59, 45, 8, 73, 37, 35, 79, 71, 66, 76, 32, 60, 80, 56, 6, 67, 61, 33, 7, 57, 34, 12, 16, 10, 98, 96, 88, 2, 75, 91, 43, 84, 92, 29, 19, 51, 55, 81, 89, 25, 72, 94, 38, 0, 62]|[2, 1, 2, 1, 1, 2, 1, 1, 1, 1, 1, 0, 2, 2, 1, 2, 0, 0, 0, 2, 2, 1, 0, 2, 0, 2, 2, 1, 0, 1, 1, 1, 0, 0, 1, 0, 2, 1, 2, 2, 0, 0, 1, 1, 0, 2, 0, 2, 1, 0, 0, 2, 0, 0, 2, 0, 1, 1, 0, 0, 2, 1, 1, 2, 2, 0, 2, 2, 2, 1, 2, 1, 1, 2, 0, 1, 1, 2, 1, 2, 0, 1, 0, 0, 1, 1, 0, 0, 1, 1, 1, 0, 1, 1, 1, 1, 2, 0, 2, 1]|[0, 3, 0, 3, 4, 1, 4, 4, 2, 4, 3, 2, 1, 0, 2, 1, 1, 1, 2, 1, 1, 3, 0, 1, 0, 1, 1, 4, 1, 4, 3, 2, 2, 0, 4, 1, 1, 4, 1, 1, 2, 1, 4, 4, 1, 1, 0, 2, 3, 2, 2, 1, 2, 1, 1, 2, 4, 3, 0, 2, 1, 3, 3, 1, 1, 2, 1, 1, 1, 4, 1, 3, 4, 1, 2, 4, 3, 1, 3, 1, 2, 4, 2, 2, 3, 4, 2, 2, 3, 4, 3, 2, 4, 4, 4, 4, 1, 2, 1, 3]|[0, 2, 0, 0, 3, 0, 1, 3, 0, 0, 2, 0, 1, 0, 1, 0, 0, 0, 1, 0, 0, 2, 0, 0, 1, 0, 0, 3, 0, 1, 0, 2, 0, 0, 3, 0, 1, 1, 0, 0, 0, 0, 1, 3, 0, 0, 1, 0, 2, 0, 0, 0, 0, 0, 1, 0, 1, 0, 1, 1, 0, 2, 0, 0, 0, 0, 0, 0, 0, 2, 0, 0, 1, 0, 0, 1, 0, 0, 3, 0, 0, 1, 0, 0, 0, 2, 0, 0, 3, 1, 0, 0, 2, 1, 3, 1, 0, 0, 0, 0],914.0597544875216,49177.57411962909,107642.75205892837,false
39,G3_TWC,G4_BALANCED,[31, 22, 82, 15, 26, 58, 95, 42, 77, 12, 47, 5, 93, 78, 98, 54, 85, 63, 18, 44, 20, 35, 43, 97, 91, 76, 10, 30, 21, 45, 71, 64, 1, 23, 17, 83, 24, 14, 60, 36, 6, 57, 94, 88, 65, 56, 79, 40, 67, 68, 46, 75, 38, 9, 19, 32, 81, 41, 27, 62, 87, 90, 99, 59, 11, 16, 72, 73, 70, 39, 37, 84, 3, 92, 25, 55, 28, 29, 51, 7, 33, 61, 86, 48, 89, 34, 69, 96, 53, 80, 4, 8, 50, 49, 52, 0, 13, 2, 66, 74]|[1, 1, 0, 1, 1, 1, 2, 1, 2, 1, 2, 2, 2, 1, 1, 0, 0, 1, 0, 2, 2, 0, 1, 2, 0, 1, 2, 2, 0, 0, 1, 2, 1, 2, 1, 0, 2, 0, 1, 1, 0, 1, 1, 1, 0, 2, 1, 1, 0, 0, 0, 0, 1, 1, 2, 1, 2, 0, 0, 0, 2, 1, 0, 1, 2, 1, 2, 1, 1, 1, 1, 1, 2, 0, 1, 1, 0, 0, 0, 1, 2, 1, 0, 0, 1, 2, 1, 0, 0, 0, 0, 1, 0, 0, 1, 0, 0, 0, 2, 2]|[4, 3, 2, 2, 0, 0, 2, 2, 2, 4, 1, 1, 2, 4, 4, 1, 1, 4, 2, 1, 1, 1, 1, 2, 1, 2, 1, 1, 1, 1, 3, 2, 3, 0, 4, 0, 1, 1, 0, 3, 2, 2, 4, 0, 1, 1, 0, 2, 0, 1, 2, 2, 1, 4, 0, 3, 2, 1, 1, 2, 1, 3, 1, 1, 1, 3, 0, 4, 3, 1, 4, 1, 1, 2, 4, 4, 2, 1, 1, 3, 1, 3, 1, 1, 1, 1, 3, 1, 2, 1, 2, 3, 1, 1, 1, 2, 2, 2, 1, 1]|[0, 2, 1, 1, 3, 3, 0, 1, 0, 0, 0, 0, 1, 0, 1, 0, 0, 3, 1, 0, 0, 0, 3, 1, 0, 2, 0, 0, 0, 1, 0, 0, 0, 0, 3, 0, 1, 0, 0, 2, 1, 1, 2, 0, 0, 0, 0, 1, 1, 0, 0, 0, 1, 3, 0, 0, 1, 0, 0, 1, 0, 2, 0, 1, 0, 2, 1, 0, 0, 1, 1, 3, 0, 1, 3, 3, 1, 0, 0, 2, 0, 0, 0, 0, 1, 0, 0, 0, 1, 0, 1, 2, 0, 1, 1, 0, 0, 0, 0, 0],790.1921483697682,57957.04840138768,88951.83199580385,true
39,G1_CMAX,G1_CMAX,[31, 22, 82, 15, 26, 99, 95, 42, 77, 12, 47, 5, 93, 78, 86, 54, 21, 63, 18, 44, 20, 35, 43, 97, 91, 76, 10, 30, 85, 45, 71, 64, 1, 23, 57, 83, 24, 14, 60, 36, 81, 17, 40, 88, 65, 56, 79, 94, 67, 68, 46, 75, 38, 9, 19, 32, 41, 6, 27, 87, 90, 58, 59, 11, 16, 72, 73, 70, 39, 37, 84, 3, 92, 25, 55, 28, 62, 29, 51, 7, 33, 61, 98, 48, 89, 50, 4, 96, 53, 80, 66, 8, 34, 49, 52, 0, 13, 2, 69, 74]|[1, 1, 0, 1, 1, 0, 1, 1, 2, 1, 2, 2, 2, 1, 1, 0, 0, 1, 0, 2, 2, 0, 1, 2, 0, 1, 2, 2, 0, 0, 1, 2, 1, 2, 1, 0, 2, 0, 1, 1, 0, 1, 1, 1, 0, 2, 1, 1, 0, 0, 0, 0, 1, 1, 2, 1, 2, 2, 0, 2, 1, 0, 1, 2, 1, 2, 1, 1, 1, 1, 1, 1, 0, 1, 2, 2, 0, 0, 2, 2, 2, 1, 2, 0, 1, 0, 1, 2, 0, 0, 2, 1, 2, 0, 1, 0, 0, 0, 1, 2]|[0, 3, 2, 2, 4, 1, 2, 3, 2, 4, 1, 1, 2, 4, 4, 1, 1, 4, 2, 1, 1, 1, 1, 2, 1, 2, 1, 1, 2, 1, 3, 2, 3, 0, 4, 0, 1, 1, 0, 3, 2, 2, 2, 0, 1, 1, 0, 4, 0, 1, 2, 2, 1, 4, 0, 3, 2, 2, 1, 1, 3, 1, 1, 1, 3, 0, 4, 3, 1, 4, 1, 1, 0, 4, 1, 1, 2, 1, 2, 1, 1, 3, 1, 1, 1, 1, 4, 1, 2, 1, 1, 3, 1, 1, 1, 2, 2, 2, 4, 1]|[0, 2, 1, 1, 3, 0, 1, 3, 0, 0, 0, 0, 1, 0, 1, 0, 0, 3, 1, 0, 0, 0, 3, 1, 0, 2, 0, 0, 0, 1, 0, 0, 0, 0, 3, 0, 1, 0, 0, 2, 1, 1, 1, 0, 0, 0, 0, 2, 1, 0, 0, 0, 1, 3, 0, 0, 1, 1, 0, 0, 2, 0, 1, 0, 2, 1, 0, 0, 1, 1, 3, 1, 1, 3, 0, 0, 1, 0, 1, 0, 0, 0, 0, 0, 1, 0, 0, 0, 1, 0, 0, 2, 0, 1, 1, 0, 0, 0, 2, 0],714.4485115867469,58161.785232764836,94013.66617097157,false
39,G4_BALANCED,G3_TWC,[31, 22, 82, 15, 26, 58, 95, 42, 77, 12, 47, 5, 93, 78, 98, 54, 85, 63, 18, 44, 20, 35, 43, 97, 91, 76, 10, 30, 21, 45, 71, 64, 1, 23, 17, 83, 24, 14, 60, 36, 6, 57, 94, 88, 65, 56, 79, 40, 67, 68, 46, 75, 39, 9, 19, 32, 81, 96, 27, 62, 87, 90, 99, 59, 11, 16, 72, 73, 70, 38, 37, 84, 3, 92, 25, 55, 28, 29, 51, 7, 33, 61, 86, 48, 89, 50, 66, 41, 53, 80, 4, 8, 34, 74, 52, 2, 13, 0, 49, 69]|[1, 1, 0, 1, 1, 1, 2, 1, 2, 1, 2, 2, 2, 1, 1, 0, 0, 1, 0, 2, 2, 0, 1, 2, 0, 1, 2, 2, 0, 0, 1, 2, 1, 2, 1, 0, 2, 0, 1, 1, 0, 1, 1, 1, 0, 2, 1, 1, 0, 0, 0, 0, 1, 1, 2, 1, 2, 0, 0, 0, 2, 1, 0, 1, 2, 1, 2, 1, 1, 1, 1, 1, 2, 0, 1, 1, 0, 0, 0, 1, 2, 1, 0, 0, 1, 0, 2, 0, 0, 0, 0, 1, 2, 2, 1, 0, 0, 0, 0, 1]|[4, 3, 2, 2, 0, 0, 2, 2, 2, 4, 1, 1, 2, 4, 4, 1, 1, 4, 2, 1, 1, 1, 1, 2, 1, 2, 1, 1, 1, 1, 3, 2, 3, 0, 4, 0, 1, 1, 0, 3, 2, 2, 4, 0, 1, 1, 0, 2, 0, 1, 2, 2, 1, 4, 0, 3, 2, 1, 1, 2, 1, 3, 1, 1, 1, 3, 1, 4, 3, 1, 4, 1, 1, 2, 4, 4, 2, 1, 1, 3, 1, 3, 1, 1, 1, 1, 1, 1, 2, 1, 2, 3, 1, 1, 1, 2, 2, 2, 1, 3]|[0, 2, 1, 1, 3, 3, 0, 1, 0, 0, 0, 0, 1, 0, 1, 0, 0, 3, 1, 0, 0, 0, 3, 1, 0, 2, 0, 0, 0, 1, 0, 0, 0, 0, 3, 0, 1, 0, 0, 2, 1, 1, 2, 0, 0, 0, 0, 1, 1, 0, 0, 0, 1, 3, 0, 0, 1, 0, 0, 1, 0, 2, 0, 1, 0, 2, 0, 0, 0, 1, 1, 3, 0, 1, 3, 3, 1, 0, 0, 2, 0, 0, 0, 0, 1, 0, 0, 0, 1, 0, 1, 2, 0, 0, 1, 0, 0, 0, 1, 0],790.4602850035623,57399.87624123609,89878.87144156093,true
39,G2_TEC,G2_TEC,[31, 22, 82, 15, 26, 9, 95, 42, 77, 68, 47, 5, 93, 78, 86, 54, 85, 63, 18, 44, 20, 49, 36, 14, 74, 50, 53, 17, 21, 28, 11, 64, 3, 23, 30, 83, 24, 41, 40, 52, 65, 27, 90, 70, 39, 87, 48, 69, 99, 4, 46, 1, 13, 58, 97, 59, 45, 8, 73, 37, 35, 79, 71, 66, 76, 32, 60, 80, 56, 6, 67, 61, 33, 7, 57, 34, 12, 16, 10, 98, 96, 88, 2, 75, 91, 43, 84, 92, 29, 19, 51, 55, 81, 89, 25, 72, 94, 38, 0, 62]|[2, 1, 2, 1, 1, 2, 1, 1, 1, 1, 1, 0, 2, 2, 1, 2, 0, 0, 0, 2, 2, 1, 0, 2, 0, 2, 2, 1, 0, 1, 1, 1, 0, 0, 1, 0, 2, 1, 2, 2, 0, 0, 1, 1, 0, 2, 0, 2, 1, 0, 0, 2, 0, 0, 2, 0, 1, 1, 0, 0, 2, 1, 1, 2, 2, 0, 2, 2, 2, 1, 2, 1, 1, 2, 0, 1, 1, 2, 1, 2, 0, 1, 0, 0, 1, 1, 0, 0, 1, 1, 1, 0, 1, 1, 1, 1, 2, 0, 2, 1]|[0, 3, 0, 3, 4, 1, 4, 4, 2, 4, 3, 2, 1, 0, 2, 1, 1, 1, 2, 1, 1, 3, 0, 1, 0, 1, 1, 4, 1, 4, 3, 2, 2, 0, 4, 1, 1, 4, 1, 1, 2, 1, 4, 4, 1, 1, 0, 2, 3, 2, 2, 1, 2, 1, 1, 2, 4, 3, 0, 2, 1, 3, 3, 1, 1, 2, 1, 1, 1, 4, 1, 3, 4, 1, 2, 4, 3, 1, 3, 1, 2, 4, 2, 2, 3, 4, 2, 2, 3, 4, 3, 2, 4, 4, 4, 4, 1, 2, 1, 3]|[0, 2, 0, 0, 3, 0, 1, 3, 0, 0, 2, 0, 1, 0, 1, 0, 0, 0, 1, 0, 0, 2, 0, 0, 1, 0, 0, 3, 0, 1, 0, 2, 0, 0, 3, 0, 1, 1, 0, 0, 0, 0, 1, 3, 0, 0, 1, 0, 2, 0, 0, 0, 0, 0, 1, 0, 1, 0, 1, 1, 0, 2, 0, 0, 0, 0, 0, 0, 0, 2, 0, 0, 1, 0, 0, 1, 0, 0, 3, 0, 0, 1, 0, 0, 0, 2, 0, 0, 3, 1, 0, 0, 2, 1, 3, 1, 0, 0, 0, 0],914.0597544875216,49177.57411962909,107642.75205892837,false
39,G3_TWC,G4_BALANCED,[31, 22, 82, 15, 26, 58, 95, 42, 77, 12, 47, 5, 93, 78, 98, 54, 85, 63, 18, 44, 20, 35, 43, 97, 91, 76, 10, 30, 21, 45, 71, 64, 1, 23, 17, 83, 24, 14, 60, 36, 6, 57, 94, 88, 65, 56, 79, 40, 67, 68, 46, 75, 38, 9, 19, 32, 81, 41, 27, 62, 87, 90, 99, 59, 11, 16, 72, 73, 70, 39, 37, 84, 3, 92, 25, 55, 28, 29, 51, 7, 33, 61, 86, 48, 89, 34, 69, 96, 53, 80, 4, 8, 50, 49, 52, 0, 13, 2, 66, 74]|[1, 1, 0, 1, 1, 1, 2, 1, 2, 1, 2, 2, 2, 1, 1, 0, 0, 1, 0, 2, 2, 0, 1, 2, 0, 1, 2, 2, 0, 0, 1, 2, 1, 2, 1, 0, 2, 0, 1, 1, 0, 1, 1, 1, 0, 2, 1, 1, 0, 0, 0, 0, 1, 1, 2, 1, 2, 0, 0, 0, 2, 1, 0, 1, 2, 1, 2, 1, 1, 1, 1, 1, 2, 0, 1, 1, 0, 0, 0, 1, 2, 1, 0, 0, 1, 2, 1, 0, 0, 0, 0, 1, 0, 0, 1, 0, 0, 0, 2, 2]|[4, 3, 2, 2, 0, 0, 2, 2, 2, 4, 1, 1, 2, 4, 4, 1, 1, 4, 2, 1, 1, 1, 1, 2, 1, 2, 1, 1, 1, 1, 3, 2, 3, 0, 4, 0, 1, 1, 0, 3, 2, 2, 4, 0, 1, 1, 0, 2, 0, 1, 2, 2, 1, 4, 0, 3, 2, 1, 1, 2, 1, 3, 1, 1, 1, 3, 0, 4, 3, 1, 4, 1, 1, 2, 4, 4, 2, 1, 1, 3, 1, 3, 1, 1, 1, 1, 3, 1, 2, 1, 2, 3, 1, 1, 1, 2, 2, 2, 1, 1]|[0, 2, 1, 1, 3, 3, 0, 1, 0, 0, 0, 0, 1, 0, 1, 0, 0, 3, 1, 0, 0, 0, 3, 1, 0, 2, 0, 0, 0, 1, 0, 0, 0, 0, 3, 0, 1, 0, 0, 2, 1, 1, 2, 0, 0, 0, 0, 1, 1, 0, 0, 0, 1, 3, 0, 0, 1, 0, 0, 1, 0, 2, 0, 1, 0, 2, 1, 0, 0, 1, 1, 3, 0, 1, 3, 3, 1, 0, 0, 2, 0, 0, 0, 0, 1, 0, 0, 0, 1, 0, 1, 2, 0, 1, 1, 0, 0, 0, 0, 0],790.1921483697682,57957.04840138768,88951.83199580385,true
39,G1_CMAX,G1_CMAX,[31, 22, 82, 15, 26, 99, 95, 42, 77, 12, 47, 5, 93, 78, 86, 54, 21, 63, 18, 44, 20, 35, 43, 97, 91, 76, 10, 30, 85, 45, 71, 64, 1, 23, 57, 83, 24, 14, 60, 36, 81, 17, 40, 88, 65, 56, 79, 94, 67, 68, 46, 75, 38, 9, 19, 32, 41, 6, 27, 87, 90, 58, 59, 11, 16, 72, 73, 70, 39, 37, 84, 3, 92, 25, 55, 28, 62, 29, 51, 7, 33, 61, 98, 48, 89, 50, 4, 96, 53, 80, 66, 8, 34, 49, 52, 0, 13, 2, 69, 74]|[1, 1, 0, 1, 1, 0, 1, 1, 2, 1, 2, 2, 2, 1, 1, 0, 0, 1, 0, 2, 2, 0, 1, 2, 0, 1, 2, 2, 0, 0, 1, 2, 1, 2, 1, 0, 2, 0, 1, 1, 0, 1, 1, 1, 0, 2, 1, 1, 0, 0, 0, 0, 1, 1, 2, 1, 2, 2, 0, 2, 1, 0, 1, 2, 1, 2, 1, 1, 1, 1, 1, 1, 0, 1, 2, 2, 0, 0, 2, 2, 2, 1, 2, 0, 1, 0, 1, 2, 0, 0, 2, 1, 2, 0, 1, 0, 0, 0, 1, 2]|[0, 3, 2, 2, 4, 1, 2, 3, 2, 4, 1, 1, 2, 4, 4, 1, 1, 4, 2, 1, 1, 1, 1, 2, 1, 2, 1, 1, 2, 1, 3, 2, 3, 0, 4, 0, 1, 1, 0, 3, 2, 2, 2, 0, 1, 1, 0, 4, 0, 1, 2, 2, 1, 4, 0, 3, 2, 2, 1, 1, 3, 1, 1, 1, 3, 0, 4, 3, 1, 4, 1, 1, 0, 4, 1, 1, 2, 1, 2, 1, 1, 3, 1, 1, 1, 1, 4, 1, 2, 1, 1, 3, 1, 1, 1, 2, 2, 2, 4, 1]|[0, 2, 1, 1, 3, 0, 1, 3, 0, 0, 0, 0, 1, 0, 1, 0, 0, 3, 1, 0, 0, 0, 3, 1, 0, 2, 0, 0, 0, 1, 0, 0, 0, 0, 3, 0, 1, 0, 0, 2, 1, 1, 1, 0, 0, 0, 0, 2, 1, 0, 0, 0, 1, 3, 0, 0, 1, 1, 0, 0, 2, 0, 1, 0, 2, 1, 0, 0, 1, 1, 3, 1, 1, 3, 0, 0, 1, 0, 1, 0, 0, 0, 0, 0, 1, 0, 0, 0, 1, 0, 0, 2, 0, 1, 1, 0, 0, 0, 2, 0],714.4485115867469,58161.785232764836,94013.66617097157,false
39,G4_BALANCED,G1_CMAX,[22, 82, 3, 58, 95, 42, 77, 47, 5, 93, 78, 12, 86, 54, 50, 63, 18, 44, 20, 35, 43, 97, 91, 76, 10, 30, 21, 45, 71, 64, 36, 23, 17, 83, 24, 14, 60, 1, 6, 40, 57, 90, 65, 56, 79, 94, 67, 68, 46, 75, 38, 9, 19, 32, 81, 41, 27, 62, 16, 55, 59, 89, 88, 87, 31, 72, 73, 70, 39, 37, 84, 92, 25, 11, 48, 15, 29, 51, 7, 33, 61, 98, 28, 99, 26, 85, 66, 96, 53, 80, 4, 8, 34, 49, 52, 2, 13, 0, 69, 74]|[1, 0, 1, 0, 1, 2, 2, 2, 2, 2, 1, 1, 1, 0, 0, 1, 0, 2, 2, 0, 1, 2, 0, 1, 2, 2, 0, 0, 1, 2, 1, 2, 1, 0, 2, 0, 1, 1, 0, 1, 1, 1, 0, 2, 1, 1, 0, 0, 0, 0, 1, 1, 2, 1, 2, 0, 0, 0, 1, 2, 1, 1, 1, 1, 1, 2, 1, 2, 1, 1, 1, 0, 1, 2, 2, 1, 0, 0, 1, 2, 1, 2, 0, 1, 1, 0, 0, 2, 0, 0, 1, 1, 2, 0, 1, 0, 0, 0, 1, 2]|[3, 2, 1, 1, 2, 1, 2, 1, 1, 2, 4, 4, 4, 1, 1, 4, 2, 1, 1, 1, 1, 2, 1, 2, 1, 1, 2, 1, 3, 2, 3, 1, 4, 1, 1, 1, 0, 3, 2, 2, 2, 3, 1, 1, 0, 4, 0, 1, 2, 2, 1, 4, 0, 3, 2, 1, 1, 2, 3, 1, 1, 1, 0, 3, 0, 0, 3, 0, 1, 4, 1, 0, 4, 1, 1, 4, 1, 1, 1, 1, 3, 1, 2, 1, 0, 2, 1, 1, 2, 1, 4, 3, 1, 1, 1, 2, 2, 2, 4, 1]|[3, 1, 2, 0, 1, 0, 0, 0, 0, 1, 0, 0, 1, 0, 0, 3, 1, 0, 0, 0, 3, 1, 0, 2, 0, 0, 0, 1, 0, 0, 2, 0, 3, 0, 1, 0, 0, 0, 1, 1, 1, 2, 0, 0, 0, 2, 1, 0, 0, 0, 1, 3, 0, 0, 1, 0, 0, 1, 2, 0, 1, 1, 0, 2, 0, 1, 0, 1, 1, 1, 1, 1, 3, 0, 0, 3, 0, 0, 2, 0, 0, 0, 1, 1, 3, 0, 0, 0, 1, 0, 0, 2, 0, 1, 1, 0, 0, 0, 2, 0],715.7913946700162,58060.95961022334,95287.06515100288,true
39,G2_TEC,G2_TEC,[31, 22, 82, 15, 26, 9, 95, 42, 77, 68, 47, 5, 93, 78, 86, 54, 85, 63, 18, 44, 20, 49, 36, 14, 74, 50, 53, 17, 21, 28, 11, 64, 3, 23, 30, 83, 24, 41, 40, 52, 65, 27, 90, 70, 39, 87, 48, 69, 99, 4, 46, 1, 13, 58, 97, 59, 45, 8, 73, 37, 35, 79, 71, 66, 76, 32, 60, 80, 56, 6, 67, 61, 33, 7, 57, 34, 12, 16, 10, 98, 96, 88, 2, 75, 91, 43, 84, 92, 29, 19, 51, 55, 81, 89, 25, 72, 94, 38, 0, 62]|[2, 1, 2, 1, 1, 2, 1, 1, 1, 1, 1, 0, 2, 2, 1, 2, 0, 0, 0, 2, 2, 1, 0, 2, 0, 2, 2, 1, 0, 1, 1, 1, 0, 0, 1, 0, 2, 1, 2, 2, 0, 0, 1, 1, 0, 2, 0, 2, 1, 0, 0, 2, 0, 0, 2, 0, 1, 1, 0, 0, 2, 1, 1, 2, 2, 0, 2, 2, 2, 1, 2, 1, 1, 2, 0, 1, 1, 2, 1, 2, 0, 1, 0, 0, 1, 1, 0, 0, 1, 1, 1, 0, 1, 1, 1, 1, 2, 0, 2, 1]|[0, 3, 0, 3, 4, 1, 4, 4, 2, 4, 3, 2, 1, 0, 2, 1, 1, 1, 2, 1, 1, 3, 0, 1, 0, 1, 1, 4, 1, 4, 3, 2, 2, 0, 4, 1, 1, 4, 1, 1, 2, 1, 4, 4, 1, 1, 0, 2, 3, 2, 2, 1, 2, 1, 1, 2, 4, 3, 0, 2, 1, 3, 3, 1, 1, 2, 1, 1, 1, 4, 1, 3, 4, 1, 2, 4, 3, 1, 3, 1, 2, 4, 2, 2, 3, 4, 2, 2, 3, 4, 3, 2, 4, 4, 4, 4, 1, 2, 1, 3]|[0, 2, 0, 0, 3, 0, 1, 3, 0, 0, 2, 0, 1, 0, 1, 0, 0, 0, 1, 0, 0, 2, 0, 0, 1, 0, 0, 3, 0, 1, 0, 2, 0, 0, 3, 0, 1, 1, 0, 0, 0, 0, 1, 3, 0, 0, 1, 0, 2, 0, 0, 0, 0, 0, 1, 0, 1, 0, 1, 1, 0, 2, 0, 0, 0, 0, 0, 0, 0, 2, 0, 0, 1, 0, 0, 1, 0, 0, 3, 0, 0, 1, 0, 0, 0, 2, 0, 0, 3, 1, 0, 0, 2, 1, 3, 1, 0, 0, 0, 0],914.0597544875216,49177.57411962909,107642.75205892837,false
39,G3_TWC,G4_BALANCED,[31, 22, 82, 15, 26, 58, 95, 42, 77, 12, 47, 5, 93, 78, 98, 54, 85, 63, 18, 44, 20, 35, 43, 97, 91, 76, 10, 30, 21, 45, 71, 64, 1, 23, 17, 83, 24, 14, 60, 36, 6, 57, 94, 88, 65, 56, 79, 40, 67, 68, 46, 75, 38, 9, 19, 32, 81, 41, 27, 62, 87, 90, 99, 59, 11, 16, 72, 73, 70, 39, 37, 84, 3, 92, 25, 55, 28, 29, 51, 7, 33, 61, 86, 48, 89, 34, 69, 96, 53, 80, 4, 8, 50, 49, 52, 0, 13, 2, 66, 74]|[1, 1, 0, 1, 1, 1, 2, 1, 2, 1, 2, 2, 2, 1, 1, 0, 0, 1, 0, 2, 2, 0, 1, 2, 0, 1, 2, 2, 0, 0, 1, 2, 1, 2, 1, 0, 2, 0, 1, 1, 0, 1, 1, 1, 0, 2, 1, 1, 0, 0, 0, 0, 1, 1, 2, 1, 2, 0, 0, 0, 2, 1, 0, 1, 2, 1, 2, 1, 1, 1, 1, 1, 2, 0, 1, 1, 0, 0, 0, 1, 2, 1, 0, 0, 1, 2, 1, 0, 0, 0, 0, 1, 0, 0, 1, 0, 0, 0, 2, 2]|[4, 3, 2, 2, 0, 0, 2, 2, 2, 4, 1, 1, 2, 4, 4, 1, 1, 4, 2, 1, 1, 1, 1, 2, 1, 2, 1, 1, 1, 1, 3, 2, 3, 0, 4, 0, 1, 1, 0, 3, 2, 2, 4, 0, 1, 1, 0, 2, 0, 1, 2, 2, 1, 4, 0, 3, 2, 1, 1, 2, 1, 3, 1, 1, 1, 3, 0, 4, 3, 1, 4, 1, 1, 2, 4, 4, 2, 1, 1, 3, 1, 3, 1, 1, 1, 1, 3, 1, 2, 1, 2, 3, 1, 1, 1, 2, 2, 2, 1, 1]|[0, 2, 1, 1, 3, 3, 0, 1, 0, 0, 0, 0, 1, 0, 1, 0, 0, 3, 1, 0, 0, 0, 3, 1, 0, 2, 0, 0, 0, 1, 0, 0, 0, 0, 3, 0, 1, 0, 0, 2, 1, 1, 2, 0, 0, 0, 0, 1, 1, 0, 0, 0, 1, 3, 0, 0, 1, 0, 0, 1, 0, 2, 0, 1, 0, 2, 1, 0, 0, 1, 1, 3, 0, 1, 3, 3, 1, 0, 0, 2, 0, 0, 0, 0, 1, 0, 0, 0, 1, 0, 1, 2, 0, 1, 1, 0, 0, 0, 0, 0],790.1921483697682,57957.04840138768,88951.83199580385,true
39,G1_CMAX,G1_CMAX,[31, 22, 82, 15, 26, 99, 95, 42, 77, 12, 47, 5, 93, 78, 86, 54, 21, 63, 18, 44, 20, 35, 43, 97, 91, 76, 10, 30, 85, 45, 71, 64, 1, 23, 57, 83, 24, 14, 60, 36, 81, 17, 40, 88, 65, 56, 79, 94, 67, 68, 46, 75, 38, 9, 19, 32, 41, 6, 27, 87, 90, 58, 59, 11, 16, 72, 73, 70, 39, 37, 84, 3, 92, 25, 55, 28, 62, 29, 51, 7, 33, 61, 98, 48, 89, 50, 4, 96, 53, 80, 66, 8, 34, 49, 52, 0, 13, 2, 69, 74]|[1, 1, 0, 1, 1, 0, 1, 1, 2, 1, 2, 2, 2, 1, 1, 0, 0, 1, 0, 2, 2, 0, 1, 2, 0, 1, 2, 2, 0, 0, 1, 2, 1, 2, 1, 0, 2, 0, 1, 1, 0, 1, 1, 1, 0, 2, 1, 1, 0, 0, 0, 0, 1, 1, 2, 1, 2, 2, 0, 2, 1, 0, 1, 2, 1, 2, 1, 1, 1, 1, 1, 1, 0, 1, 2, 2, 0, 0, 2, 2, 2, 1, 2, 0, 1, 0, 1, 2, 0, 0, 2, 1, 2, 0, 1, 0, 0, 0, 1, 2]|[0, 3, 2, 2, 4, 1, 2, 3, 2, 4, 1, 1, 2, 4, 4, 1, 1, 4, 2, 1, 1, 1, 1, 2, 1, 2, 1, 1, 2, 1, 3, 2, 3, 0, 4, 0, 1, 1, 0, 3, 2, 2, 2, 0, 1, 1, 0, 4, 0, 1, 2, 2, 1, 4, 0, 3, 2, 2, 1, 1, 3, 1, 1, 1, 3, 0, 4, 3, 1, 4, 1, 1, 0, 4, 1, 1, 2, 1, 2, 1, 1, 3, 1, 1, 1, 1, 4, 1, 2, 1, 1, 3, 1, 1, 1, 2, 2, 2, 4, 1]|[0, 2, 1, 1, 3, 0, 1, 3, 0, 0, 0, 0, 1, 0, 1, 0, 0, 3, 1, 0, 0, 0, 3, 1, 0, 2, 0, 0, 0, 1, 0, 0, 0, 0, 3, 0, 1, 0, 0, 2, 1, 1, 1, 0, 0, 0, 0, 2, 1, 0, 0, 0, 1, 3, 0, 0, 1, 1, 0, 0, 2, 0, 1, 0, 2, 1, 0, 0, 1, 1, 3, 1, 1, 3, 0, 0, 1, 0, 1, 0, 0, 0, 0, 0, 1, 0, 0, 0, 1, 0, 0, 2, 0, 1, 1, 0, 0, 0, 2, 0],714.4485115867469,58161.785232764836,94013.66617097157,false
39,G4_BALANCED,G2_TEC,[31, 22, 82, 15, 26, 9, 95, 42, 77, 68, 47, 5, 93, 78, 86, 54, 85, 63, 18, 44, 20, 49, 36, 14, 74, 50, 53, 17, 21, 28, 11, 64, 3, 23, 30, 83, 24, 41, 40, 52, 65, 27, 90, 70, 39, 87, 48, 69, 99, 4, 75, 1, 13, 58, 97, 59, 45, 8, 73, 37, 35, 79, 71, 66, 76, 32, 60, 80, 56, 6, 67, 61, 33, 7, 57, 34, 12, 16, 10, 98, 96, 88, 43, 46, 91, 38, 84, 92, 29, 19, 51, 55, 81, 89, 25, 72, 94, 2, 0, 62]|[2, 1, 2, 1, 1, 2, 1, 1, 1, 1, 1, 0, 2, 2, 1, 2, 0, 0, 0, 2, 2, 1, 0, 2, 0, 2, 2, 1, 0, 1, 1, 1, 0, 0, 1, 0, 2, 1, 2, 2, 0, 0, 1, 1, 0, 2, 0, 2, 1, 0, 0, 2, 0, 0, 2, 0, 1, 1, 0, 0, 2, 1, 1, 2, 2, 0, 2, 2, 2, 1, 2, 1, 1, 2, 0, 1, 1, 2, 1, 2, 0, 1, 1, 0, 1, 0, 0, 0, 1, 1, 1, 0, 1, 1, 1, 1, 2, 2, 0, 1]|[0, 3, 0, 3, 4, 1, 4, 4, 2, 4, 3, 2, 1, 0, 2, 1, 1, 1, 2, 1, 1, 3, 0, 1, 0, 1, 1, 4, 1, 4, 3, 2, 2, 0, 4, 1, 1, 4, 1, 1, 2, 1, 4, 4, 1, 1, 0, 2, 3, 2, 2, 1, 2, 1, 1, 2, 4, 3, 0, 2, 2, 3, 3, 1, 1, 2, 1, 1, 1, 4, 1, 3, 4, 1, 2, 4, 3, 1, 3, 1, 2, 4, 4, 2, 3, 2, 2, 2, 3, 4, 3, 2, 4, 4, 4, 4, 1, 1, 2, 3]|[0, 2, 0, 0, 3, 0, 1, 3, 0, 0, 2, 0, 1, 0, 1, 0, 0, 0, 1, 0, 0, 2, 0, 0, 1, 0, 0, 3, 0, 1, 0, 2, 0, 0, 3, 0, 1, 1, 0, 0, 0, 0, 1, 3, 0, 0, 1, 0, 2, 0, 0, 0, 0, 0, 1, 0, 1, 0, 1, 1, 0, 2, 0, 0, 0, 0, 0, 0, 0, 2, 0, 0, 1, 0, 0, 1, 0, 0, 3, 0, 0, 1, 2, 0, 0, 0, 0, 0, 3, 1, 0, 0, 2, 1, 3, 1, 0, 0, 0, 0],908.8272556494078,49235.066718390466,107289.32240407266,true
39,G2_TEC,G2_TEC,[31, 22, 82, 15, 26, 9, 95, 42, 77, 68, 47, 5, 93, 78, 86, 54, 85, 63, 18, 44, 20, 49, 36, 14, 74, 50, 53, 17, 21, 28, 11, 64, 3, 23, 30, 83, 24, 41, 40, 52, 65, 27, 90, 70, 39, 87, 48, 69, 99, 4, 46, 1, 13, 58, 97, 59, 45, 8, 73, 37, 35, 79, 71, 66, 76, 32, 60, 80, 56, 6, 67, 61, 33, 7, 57, 34, 12, 16, 10, 98, 96, 88, 2, 75, 91, 43, 84, 92, 29, 19, 51, 55, 81, 89, 25, 72, 94, 38, 0, 62]|[2, 1, 2, 1, 1, 2, 1, 1, 1, 1, 1, 0, 2, 2, 1, 2, 0, 0, 0, 2, 2, 1, 0, 2, 0, 2, 2, 1, 0, 1, 1, 1, 0, 0, 1, 0, 2, 1, 2, 2, 0, 0, 1, 1, 0, 2, 0, 2, 1, 0, 0, 2, 0, 0, 2, 0, 1, 1, 0, 0, 2, 1, 1, 2, 2, 0, 2, 2, 2, 1, 2, 1, 1, 2, 0, 1, 1, 2, 1, 2, 0, 1, 0, 0, 1, 1, 0, 0, 1, 1, 1, 0, 1, 1, 1, 1, 2, 0, 2, 1]|[0, 3, 0, 3, 4, 1, 4, 4, 2, 4, 3, 2, 1, 0, 2, 1, 1, 1, 2, 1, 1, 3, 0, 1, 0, 1, 1, 4, 1, 4, 3, 2, 2, 0, 4, 1, 1, 4, 1, 1, 2, 1, 4, 4, 1, 1, 0, 2, 3, 2, 2, 1, 2, 1, 1, 2, 4, 3, 0, 2, 1, 3, 3, 1, 1, 2, 1, 1, 1, 4, 1, 3, 4, 1, 2, 4, 3, 1, 3, 1, 2, 4, 2, 2, 3, 4, 2, 2, 3, 4, 3, 2, 4, 4, 4, 4, 1, 2, 1, 3]|[0, 2, 0, 0, 3, 0, 1, 3, 0, 0, 2, 0, 1, 0, 1, 0, 0, 0, 1, 0, 0, 2, 0, 0, 1, 0, 0, 3, 0, 1, 0, 2, 0, 0, 3, 0, 1, 1, 0, 0, 0, 0, 1, 3, 0, 0, 1, 0, 2, 0, 0, 0, 0, 0, 1, 0, 1, 0, 1, 1, 0, 2, 0, 0, 0, 0, 0, 0, 0, 2, 0, 0, 1, 0, 0, 1, 0, 0, 3, 0, 0, 1, 0, 0, 0, 2, 0, 0, 3, 1, 0, 0, 2, 1, 3, 1, 0, 0, 0, 0],914.0597544875216,49177.57411962909,107642.75205892837,false
39,G3_TWC,G4_BALANCED,[31, 22, 82, 15, 26, 58, 95, 42, 77, 12, 47, 5, 93, 78, 98, 54, 85, 63, 18, 44, 20, 35, 43, 97, 91, 76, 10, 30, 21, 45, 71, 64, 1, 23, 17, 83, 24, 14, 60, 36, 6, 57, 94, 88, 65, 56, 79, 40, 67, 68, 46, 75, 38, 9, 19, 32, 81, 41, 27, 62, 87, 90, 99, 59, 11, 16, 72, 73, 70, 39, 37, 84, 3, 92, 25, 55, 28, 29, 51, 7, 33, 61, 86, 48, 89, 34, 69, 96, 53, 80, 4, 8, 50, 49, 52, 0, 13, 2, 66, 74]|[1, 1, 0, 1, 1, 1, 2, 1, 2, 1, 2, 2, 2, 1, 1, 0, 0, 1, 0, 2, 2, 0, 1, 2, 0, 1, 2, 2, 0, 0, 1, 2, 1, 2, 1, 0, 2, 0, 1, 1, 0, 1, 1, 1, 0, 2, 1, 1, 0, 0, 0, 0, 1, 1, 2, 1, 2, 0, 0, 0, 2, 1, 0, 1, 2, 1, 2, 1, 1, 1, 1, 1, 2, 0, 1, 1, 0, 0, 0, 1, 2, 1, 0, 0, 1, 2, 1, 0, 0, 0, 0, 1, 0, 0, 1, 0, 0, 0, 2, 2]|[4, 3, 2, 2, 0, 0, 2, 2, 2, 4, 1, 1, 2, 4, 4, 1, 1, 4, 2, 1, 1, 1, 1, 2, 1, 2, 1, 1, 1, 1, 3, 2, 3, 0, 4, 0, 1, 1, 0, 3, 2, 2, 4, 0, 1, 1, 0, 2, 0, 1, 2, 2, 1, 4, 0, 3, 2, 1, 1, 2, 1, 3, 1, 1, 1, 3, 0, 4, 3, 1, 4, 1, 1, 2, 4, 4, 2, 1, 1, 3, 1, 3, 1, 1, 1, 1, 3, 1, 2, 1, 2, 3, 1, 1, 1, 2, 2, 2, 1, 1]|[0, 2, 1, 1, 3, 3, 0, 1, 0, 0, 0, 0, 1, 0, 1, 0, 0, 3, 1, 0, 0, 0, 3, 1, 0, 2, 0, 0, 0, 1, 0, 0, 0, 0, 3, 0, 1, 0, 0, 2, 1, 1, 2, 0, 0, 0, 0, 1, 1, 0, 0, 0, 1, 3, 0, 0, 1, 0, 0, 1, 0, 2, 0, 1, 0, 2, 1, 0, 0, 1, 1, 3, 0, 1, 3, 3, 1, 0, 0, 2, 0, 0, 0, 0, 1, 0, 0, 0, 1, 0, 1, 2, 0, 1, 1, 0, 0, 0, 0, 0],790.1921483697682,57957.04840138768,88951.83199580385,true
39,G1_CMAX,G1_CMAX,[31, 22, 82, 15, 26, 99, 95, 42, 77, 12, 47, 5, 93, 78, 86, 54, 21, 63, 18, 44, 20, 35, 43, 97, 91, 76, 10, 30, 85, 45, 71, 64, 1, 23, 57, 83, 24, 14, 60, 36, 81, 17, 40, 88, 65, 56, 79, 94, 67, 68, 46, 75, 38, 9, 19, 32, 41, 6, 27, 87, 90, 58, 59, 11, 16, 72, 73, 70, 39, 37, 84, 3, 92, 25, 55, 28, 62, 29, 51, 7, 33, 61, 98, 48, 89, 50, 4, 96, 53, 80, 66, 8, 34, 49, 52, 0, 13, 2, 69, 74]|[1, 1, 0, 1, 1, 0, 1, 1, 2, 1, 2, 2, 2, 1, 1, 0, 0, 1, 0, 2, 2, 0, 1, 2, 0, 1, 2, 2, 0, 0, 1, 2, 1, 2, 1, 0, 2, 0, 1, 1, 0, 1, 1, 1, 0, 2, 1, 1, 0, 0, 0, 0, 1, 1, 2, 1, 2, 2, 0, 2, 1, 0, 1, 2, 1, 2, 1, 1, 1, 1, 1, 1, 0, 1, 2, 2, 0, 0, 2, 2, 2, 1, 2, 0, 1, 0, 1, 2, 0, 0, 2, 1, 2, 0, 1, 0, 0, 0, 1, 2]|[0, 3, 2, 2, 4, 1, 2, 3, 2, 4, 1, 1, 2, 4, 4, 1, 1, 4, 2, 1, 1, 1, 1, 2, 1, 2, 1, 1, 2, 1, 3, 2, 3, 0, 4, 0, 1, 1, 0, 3, 2, 2, 2, 0, 1, 1, 0, 4, 0, 1, 2, 2, 1, 4, 0, 3, 2, 2, 1, 1, 3, 1, 1, 1, 3, 0, 4, 3, 1, 4, 1, 1, 0, 4, 1, 1, 2, 1, 2, 1, 1, 3, 1, 1, 1, 1, 4, 1, 2, 1, 1, 3, 1, 1, 1, 2, 2, 2, 4, 1]|[0, 2, 1, 1, 3, 0, 1, 3, 0, 0, 0, 0, 1, 0, 1, 0, 0, 3, 1, 0, 0, 0, 3, 1, 0, 2, 0, 0, 0, 1, 0, 0, 0, 0, 3, 0, 1, 0, 0, 2, 1, 1, 1, 0, 0, 0, 0, 2, 1, 0, 0, 0, 1, 3, 0, 0, 1, 1, 0, 0, 2, 0, 1, 0, 2, 1, 0, 0, 1, 1, 3, 1, 1, 3, 0, 0, 1, 0, 1, 0, 0, 0, 0, 0, 1, 0, 0, 0, 1, 0, 0, 2, 0, 1, 1, 0, 0, 0, 2, 0],714.4485115867469,58161.785232764836,94013.66617097157,false
39,G4_BALANCED,G4_BALANCED,[31, 11, 82, 15, 26, 9, 95, 42, 77, 68, 47, 5, 93, 78, 86, 54, 85, 63, 76, 44, 20, 49, 36, 14, 74, 50, 53, 17, 21, 45, 71, 64, 3, 23, 30, 83, 24, 41, 60, 52, 65, 27, 90, 70, 39, 87, 48, 69, 99, 4, 46, 1, 13, 58, 97, 59, 28, 75, 73, 37, 35, 79, 22, 66, 18, 32, 40, 80, 96, 6, 56, 61, 33, 7, 57, 34, 12, 67, 10, 98, 16, 88, 29, 8, 91, 38, 19, 92, 72, 84, 51, 43, 81, 25, 2, 55, 0, 94, 89, 62]|[2, 1, 2, 1, 1, 2, 1, 1, 1, 1, 1, 0, 2, 2, 1, 2, 0, 0, 0, 2, 2, 1, 0, 2, 0, 2, 2, 1, 0, 1, 1, 1, 0, 0, 1, 0, 2, 1, 2, 2, 0, 0, 1, 1, 0, 2, 0, 2, 1, 0, 0, 2, 0, 0, 2, 0, 1, 0, 0, 0, 2, 1, 0, 2, 2, 0, 2, 2, 0, 1, 2, 1, 1, 2, 0, 1, 1, 1, 1, 2, 2, 1, 1, 1, 1, 0, 1, 0, 1, 0, 1, 1, 1, 1, 2, 0, 0, 2, 1, 1]|[0, 3, 0, 2, 4, 1, 4, 4, 2, 4, 3, 2, 1, 0, 2, 1, 1, 1, 2, 1, 1, 3, 0, 1, 0, 1, 1, 4, 1, 4, 3, 2, 2, 0, 4, 1, 1, 4, 0, 1, 2, 1, 4, 4, 1, 1, 0, 2, 3, 1, 2, 1, 2, 1, 1, 2, 4, 2, 0, 2, 2, 3, 1, 0, 1, 2, 0, 1, 2, 4, 1, 3, 4, 1, 2, 4, 3, 3, 3, 1, 1, 4, 3, 3, 3, 2, 4, 2, 4, 2, 3, 4, 1, 4, 1, 2, 2, 1, 4, 3]|[0, 2, 0, 1, 3, 0, 1, 3, 0, 0, 2, 0, 1, 0, 1, 0, 0, 0, 1, 0, 0, 2, 0, 0, 1, 0, 0, 3, 0, 1, 0, 2, 0, 1, 3, 0, 1, 3, 1, 0, 0, 0, 1, 3, 0, 0, 1, 0, 2, 0, 0, 0, 0, 0, 1, 0, 1, 0, 1, 1, 0, 2, 0, 0, 0, 0, 0, 0, 0, 2, 0, 0, 1, 0, 0, 1, 0, 0, 3, 0, 0, 1, 0, 0, 0, 0, 3, 0, 2, 0, 0, 2, 1, 3, 0, 0, 0, 0, 1, 0],839.7308016558047,52103.26715956506,108081.52425448055,false
39,G2_TEC,G2_TEC,[31, 22, 82, 15, 26, 9, 95, 42, 77, 68, 47, 5, 93, 78, 86, 54, 85, 63, 18, 44, 20, 49, 36, 14, 74, 50, 53, 17, 21, 28, 11, 64, 3, 23, 30, 83, 24, 41, 40, 52, 65, 27, 90, 70, 39, 87, 48, 69, 99, 4, 46, 1, 13, 58, 97, 59, 45, 8, 73, 37, 35, 79, 71, 66, 76, 32, 60, 80, 56, 6, 67, 61, 33, 7, 57, 34, 12, 16, 10, 98, 96, 88, 2, 75, 91, 43, 84, 92, 29, 19, 51, 55, 81, 89, 25, 72, 94, 38, 0, 62]|[2, 1, 2, 1, 1, 2, 1, 1, 1, 1, 1, 0, 2, 2, 1, 2, 0, 0, 0, 2, 2, 1, 0, 2, 0, 2, 2, 1, 0, 1, 1, 1, 0, 0, 1, 0, 2, 1, 2, 2, 0, 0, 1, 1, 0, 2, 0, 2, 1, 0, 0, 2, 0, 0, 2, 0, 1, 1, 0, 0, 2, 1, 1, 2, 2, 0, 2, 2, 2, 1, 2, 1, 1, 2, 0, 1, 1, 2, 1, 2, 0, 1, 0, 0, 1, 1, 0, 0, 1, 1, 1, 0, 1, 1, 1, 1, 2, 0, 2, 1]|[0, 3, 0, 3, 4, 1, 4, 4, 2, 4, 3, 2, 1, 0, 2, 1, 1, 1, 2, 1, 1, 3, 0, 1, 0, 1, 1, 4, 1, 4, 3, 2, 2, 0, 4, 1, 1, 4, 1, 1, 2, 1, 4, 4, 1, 1, 0, 2, 3, 2, 2, 1, 2, 1, 1, 2, 4, 3, 0, 2, 1, 3, 3, 1, 1, 2, 1, 1, 1, 4, 1, 3, 4, 1, 2, 4, 3, 1, 3, 1, 2, 4, 2, 2, 3, 4, 2, 2, 3, 4, 3, 2, 4, 4, 4, 4, 1, 2, 1, 3]|[0, 2, 0, 0, 3, 0, 1, 3, 0, 0, 2, 0, 1, 0, 1, 0, 0, 0, 1, 0, 0, 2, 0, 0, 1, 0, 0, 3, 0, 1, 0, 2, 0, 0, 3, 0, 1, 1, 0, 0, 0, 0, 1, 3, 0, 0, 1, 0, 2, 0, 0, 0, 0, 0, 1, 0, 1, 0, 1, 1, 0, 2, 0, 0, 0, 0, 0, 0, 0, 2, 0, 0, 1, 0, 0, 1, 0, 0, 3, 0, 0, 1, 0, 0, 0, 2, 0, 0, 3, 1, 0, 0, 2, 1, 3, 1, 0, 0, 0, 0],914.0597544875216,49177.57411962909,107642.75205892837,false
39,G3_TWC,G4_BALANCED,[31, 22, 82, 15, 26, 58, 95, 42, 77, 12, 47, 5, 93, 78, 98, 54, 85, 63, 18, 44, 20, 35, 43, 97, 91, 76, 10, 30, 21, 45, 71, 64, 1, 23, 17, 83, 24, 14, 60, 36, 6, 57, 94, 88, 65, 56, 79, 40, 67, 68, 46, 75, 38, 9, 19, 32, 81, 41, 27, 62, 87, 90, 99, 59, 11, 16, 72, 73, 70, 39, 37, 84, 3, 92, 25, 55, 28, 29, 51, 7, 33, 61, 86, 48, 89, 34, 69, 96, 53, 80, 4, 8, 50, 49, 52, 0, 13, 2, 66, 74]|[1, 1, 0, 1, 1, 1, 2, 1, 2, 1, 2, 2, 2, 1, 1, 0, 0, 1, 0, 2, 2, 0, 1, 2, 0, 1, 2, 2, 0, 0, 1, 2, 1, 2, 1, 0, 2, 0, 1, 1, 0, 1, 1, 1, 0, 2, 1, 1, 0, 0, 0, 0, 1, 1, 2, 1, 2, 0, 0, 0, 2, 1, 0, 1, 2, 1, 2, 1, 1, 1, 1, 1, 2, 0, 1, 1, 0, 0, 0, 1, 2, 1, 0, 0, 1, 2, 1, 0, 0, 0, 0, 1, 0, 0, 1, 0, 0, 0, 2, 2]|[4, 3, 2, 2, 0, 0, 2, 2, 2, 4, 1, 1, 2, 4, 4, 1, 1, 4, 2, 1, 1, 1, 1, 2, 1, 2, 1, 1, 1, 1, 3, 2, 3, 0, 4, 0, 1, 1, 0, 3, 2, 2, 4, 0, 1, 1, 0, 2, 0, 1, 2, 2, 1, 4, 0, 3, 2, 1, 1, 2, 1, 3, 1, 1, 1, 3, 0, 4, 3, 1, 4, 1, 1, 2, 4, 4, 2, 1, 1, 3, 1, 3, 1, 1, 1, 1, 3, 1, 2, 1, 2, 3, 1, 1, 1, 2, 2, 2, 1, 1]|[0, 2, 1, 1, 3, 3, 0, 1, 0, 0, 0, 0, 1, 0, 1, 0, 0, 3, 1, 0, 0, 0, 3, 1, 0, 2, 0, 0, 0, 1, 0, 0, 0, 0, 3, 0, 1, 0, 0, 2, 1, 1, 2, 0, 0, 0, 0, 1, 1, 0, 0, 0, 1, 3, 0, 0, 1, 0, 0, 1, 0, 2, 0, 1, 0, 2, 1, 0, 0, 1, 1, 3, 0, 1, 3, 3, 1, 0, 0, 2, 0, 0, 0, 0, 1, 0, 0, 0, 1, 0, 1, 2, 0, 1, 1, 0, 0, 0, 0, 0],790.1921483697682,57957.04840138768,88951.83199580385,true
39,G1_CMAX,G1_CMAX,[31, 22, 82, 15, 26, 99, 95, 42, 77, 12, 47, 5, 93, 78, 86, 54, 21, 63, 18, 44, 20, 35, 43, 97, 91, 76, 10, 30, 85, 45, 71, 64, 1, 23, 57, 83, 24, 14, 60, 36, 81, 17, 40, 88, 65, 56, 79, 94, 67, 68, 46, 75, 38, 9, 19, 32, 41, 6, 27, 87, 90, 58, 59, 11, 16, 72, 73, 70, 39, 37, 84, 3, 92, 25, 55, 28, 62, 29, 51, 7, 33, 61, 98, 48, 89, 50, 4, 96, 53, 80, 66, 8, 34, 49, 52, 0, 13, 2, 69, 74]|[1, 1, 0, 1, 1, 0, 1, 1, 2, 1, 2, 2, 2, 1, 1, 0, 0, 1, 0, 2, 2, 0, 1, 2, 0, 1, 2, 2, 0, 0, 1, 2, 1, 2, 1, 0, 2, 0, 1, 1, 0, 1, 1, 1, 0, 2, 1, 1, 0, 0, 0, 0, 1, 1, 2, 1, 2, 2, 0, 2, 1, 0, 1, 2, 1, 2, 1, 1, 1, 1, 1, 1, 0, 1, 2, 2, 0, 0, 2, 2, 2, 1, 2, 0, 1, 0, 1, 2, 0, 0, 2, 1, 2, 0, 1, 0, 0, 0, 1, 2]|[0, 3, 2, 2, 4, 1, 2, 3, 2, 4, 1, 1, 2, 4, 4, 1, 1, 4, 2, 1, 1, 1, 1, 2, 1, 2, 1, 1, 2, 1, 3, 2, 3, 0, 4, 0, 1, 1, 0, 3, 2, 2, 2, 0, 1, 1, 0, 4, 0, 1, 2, 2, 1, 4, 0, 3, 2, 2, 1, 1, 3, 1, 1, 1, 3, 0, 4, 3, 1, 4, 1, 1, 0, 4, 1, 1, 2, 1, 2, 1, 1, 3, 1, 1, 1, 1, 4, 1, 2, 1, 1, 3, 1, 1, 1, 2, 2, 2, 4, 1]|[0, 2, 1, 1, 3, 0, 1, 3, 0, 0, 0, 0, 1, 0, 1, 0, 0, 3, 1, 0, 0, 0, 3, 1, 0, 2, 0, 0, 0, 1, 0, 0, 0, 0, 3, 0, 1, 0, 0, 2, 1, 1, 1, 0, 0, 0, 0, 2, 1, 0, 0, 0, 1, 3, 0, 0, 1, 1, 0, 0, 2, 0, 1, 0, 2, 1, 0, 0, 1, 1, 3, 1, 1, 3, 0, 0, 1, 0, 1, 0, 0, 0, 0, 0, 1, 0, 0, 0, 1, 0, 0, 2, 0, 1, 1, 0, 0, 0, 2, 0],714.4485115867469,58161.785232764836,94013.66617097157,false
39,G4_BALANCED,G3_TWC,[31, 22, 82, 15, 26, 58, 95, 42, 77, 12, 47, 5, 93, 78, 98, 54, 85, 63, 18, 44, 20, 35, 43, 97, 91, 76, 10, 30, 21, 45, 71, 64, 1, 23, 17, 83, 24, 14, 60, 36, 6, 57, 94, 88, 65, 56, 79, 40, 67, 68, 46, 75, 39, 9, 19, 32, 81, 96, 27, 62, 87, 90, 99, 59, 11, 16, 72, 73, 70, 38, 37, 84, 3, 92, 25, 55, 28, 29, 51, 7, 33, 61, 86, 48, 89, 50, 66, 41, 53, 80, 4, 8, 34, 74, 52, 2, 13, 0, 49, 69]|[1, 1, 0, 1, 1, 1, 2, 1, 2, 1, 2, 2, 2, 1, 1, 0, 0, 1, 0, 2, 2, 0, 1, 2, 0, 1, 2, 2, 0, 0, 1, 2, 1, 2, 1, 0, 2, 0, 1, 1, 0, 1, 1, 1, 0, 2, 1, 1, 0, 0, 0, 0, 1, 1, 2, 1, 2, 0, 0, 0, 2, 1, 0, 1, 2, 1, 2, 1, 1, 1, 1, 1, 2, 0, 1, 1, 0, 0, 0, 1, 2, 1, 0, 0, 1, 0, 2, 0, 0, 0, 0, 1, 2, 2, 1, 0, 0, 0, 0, 1]|[4, 3, 2, 2, 0, 0, 2, 2, 2, 4, 1, 1, 2, 4, 4, 1, 1, 4, 2, 1, 1, 1, 1, 2, 1, 2, 1, 1, 1, 1, 3, 2, 3, 0, 4, 0, 1, 1, 0, 3, 2, 2, 4, 0, 1, 1, 0, 2, 0, 1, 2, 2, 1, 4, 0, 3, 2, 1, 1, 2, 1, 3, 1, 1, 1, 3, 1, 4, 3, 1, 4, 1, 1, 2, 4, 4, 2, 1, 1, 3, 1, 3, 1, 1, 1, 1, 1, 1, 2, 1, 2, 3, 1, 1, 1, 2, 2, 2, 1, 3]|[0, 2, 1, 1, 3, 3, 0, 1, 0, 0, 0, 0, 1, 0, 1, 0, 0, 3, 1, 0, 0, 0, 3, 1, 0, 2, 0, 0, 0, 1, 0, 0, 0, 0, 3, 0, 1, 0, 0, 2, 1, 1, 2, 0, 0, 0, 0, 1, 1, 0, 0, 0, 1, 3, 0, 0, 1, 0, 0, 1, 0, 2, 0, 1, 0, 2, 0, 0, 0, 1, 1, 3, 0, 1, 3, 3, 1, 0, 0, 2, 0, 0, 0, 0, 1, 0, 0, 0, 1, 0, 1, 2, 0, 0, 1, 0, 0, 0, 1, 0],790.4602850035623,57399.87624123609,89878.87144156093,true
39,G2_TEC,G4_BALANCED,[31, 22, 82, 15, 26, 9, 95, 42, 77, 68, 47, 5, 93, 78, 86, 54, 85, 63, 18, 44, 20, 49, 36, 14, 74, 50, 53, 17, 21, 28, 11, 64, 3, 23, 30, 83, 24, 41, 40, 52, 65, 27, 90, 70, 39, 87, 48, 69, 99, 4, 46, 1, 13, 58, 19, 59, 45, 8, 73, 37, 35, 79, 71, 66, 76, 32, 60, 80, 96, 6, 16, 61, 33, 7, 57, 34, 12, 0, 10, 98, 56, 88, 43, 84, 91, 38, 75, 92, 29, 97, 51, 55, 72, 89, 25, 81, 94, 2, 62, 67]|[2, 1, 2, 1, 1, 0, 1, 1, 1, 1, 1, 0, 2, 2, 1, 2, 0, 0, 0, 2, 2, 1, 0, 2, 0, 2, 2, 1, 0, 1, 1, 1, 0, 0, 1, 0, 2, 1, 2, 2, 0, 0, 1, 1, 0, 2, 0, 2, 1, 0, 0, 2, 0, 0, 2, 0, 1, 1, 0, 0, 2, 1, 1, 1, 2, 0, 2, 2, 0, 1, 2, 1, 1, 2, 0, 1, 1, 2, 1, 2, 2, 1, 1, 0, 1, 0, 0, 0, 1, 1, 1, 0, 1, 1, 1, 1, 2, 2, 1, 2]|[0, 3, 0, 3, 4, 1, 4, 4, 2, 4, 3, 2, 1, 0, 2, 1, 1, 1, 2, 1, 1, 3, 0, 1, 0, 1, 1, 4, 1, 4, 3, 2, 2, 0, 4, 1, 1, 4, 1, 1, 2, 1, 4, 4, 1, 1, 0, 2, 3, 2, 2, 1, 2, 1, 1, 2, 4, 3, 0, 2, 2, 3, 3, 1, 1, 2, 1, 1, 2, 4, 1, 3, 4, 1, 2, 4, 3, 1, 3, 1, 1, 4, 4, 2, 3, 2, 2, 2, 3, 4, 3, 2, 4, 4, 4, 4, 1, 1, 3, 1]|[0, 2, 0, 0, 3, 0, 1, 3, 0, 0, 2, 0, 1, 0, 1, 0, 0, 0, 1, 0, 0, 2, 0, 0, 1, 0, 0, 3, 0, 1, 0, 2, 0, 0, 3, 0, 1, 1, 0, 0, 0, 0, 1, 3, 0, 0, 1, 0, 2, 0, 0, 0, 0, 0, 1, 0, 1, 0, 1, 1, 0, 2, 0, 2, 0, 0, 0, 0, 0, 2, 0, 0, 1, 0, 0, 1, 0, 0, 3, 0, 0, 1, 2, 0, 0, 0, 0, 0, 3, 1, 0, 0, 1, 1, 3, 2, 0, 0, 0, 0],882.6332897592326,49865.271822390336,105536.54878901383,true
39,G3_TWC,G4_BALANCED,[31, 22, 82, 15, 26, 58, 95, 42, 77, 12, 47, 5, 93, 78, 98, 54, 85, 63, 18, 44, 20, 35, 43, 97, 91, 76, 10, 30, 21, 45, 71, 64, 1, 23, 17, 83, 24, 14, 60, 36, 6, 57, 94, 88, 65, 56, 79, 40, 67, 68, 46, 75, 38, 9, 19, 32, 81, 41, 27, 62, 87, 90, 99, 59, 11, 16, 72, 73, 70, 39, 37, 84, 3, 92, 25, 55, 28, 29, 51, 7, 33, 61, 86, 48, 89, 34, 69, 96, 53, 80, 4, 8, 50, 49, 52, 0, 13, 2, 66, 74]|[1, 1, 0, 1, 1, 1, 2, 1, 2, 1, 2, 2, 2, 1, 1, 0, 0, 1, 0, 2, 2, 0, 1, 2, 0, 1, 2, 2, 0, 0, 1, 2, 1, 2, 1, 0, 2, 0, 1, 1, 0, 1, 1, 1, 0, 2, 1, 1, 0, 0, 0, 0, 1, 1, 2, 1, 2, 0, 0, 0, 2, 1, 0, 1, 2, 1, 2, 1, 1, 1, 1, 1, 2, 0, 1, 1, 0, 0, 0, 1, 2, 1, 0, 0, 1, 2, 1, 0, 0, 0, 0, 1, 0, 0, 1, 0, 0, 0, 2, 2]|[4, 3, 2, 2, 0, 0, 2, 2, 2, 4, 1, 1, 2, 4, 4, 1, 1, 4, 2, 1, 1, 1, 1, 2, 1, 2, 1, 1, 1, 1, 3, 2, 3, 0, 4, 0, 1, 1, 0, 3, 2, 2, 4, 0, 1, 1, 0, 2, 0, 1, 2, 2, 1, 4, 0, 3, 2, 1, 1, 2, 1, 3, 1, 1, 1, 3, 0, 4, 3, 1, 4, 1, 1, 2, 4, 4, 2, 1, 1, 3, 1, 3, 1, 1, 1, 1, 3, 1, 2, 1, 2, 3, 1, 1, 1, 2, 2, 2, 1, 1]|[0, 2, 1, 1, 3, 3, 0, 1, 0, 0, 0, 0, 1, 0, 1, 0, 0, 3, 1, 0, 0, 0, 3, 1, 0, 2, 0, 0, 0, 1, 0, 0, 0, 0, 3, 0, 1, 0, 0, 2, 1, 1, 2, 0, 0, 0, 0, 1, 1, 0, 0, 0, 1, 3, 0, 0, 1, 0, 0, 1, 0, 2, 0, 1, 0, 2, 1, 0, 0, 1, 1, 3, 0, 1, 3, 3, 1, 0, 0, 2, 0, 0, 0, 0, 1, 0, 0, 0, 1, 0, 1, 2, 0, 1, 1, 0, 0, 0, 0, 0],790.1921483697682,57957.04840138768,88951.83199580385,true
39,G1_CMAX,G1_CMAX,[31, 22, 82, 15, 26, 99, 95, 42, 77, 12, 47, 5, 93, 78, 86, 54, 21, 63, 18, 44, 20, 35, 43, 97, 91, 76, 10, 30, 85, 45, 71, 64, 1, 23, 57, 83, 24, 14, 60, 36, 81, 17, 40, 88, 65, 56, 79, 94, 67, 68, 46, 75, 38, 9, 19, 32, 41, 6, 27, 87, 90, 58, 59, 11, 16, 72, 73, 70, 39, 37, 84, 3, 92, 25, 55, 28, 62, 29, 51, 7, 33, 61, 98, 48, 89, 50, 4, 96, 53, 80, 66, 8, 34, 49, 52, 0, 13, 2, 69, 74]|[1, 1, 0, 1, 1, 0, 1, 1, 2, 1, 2, 2, 2, 1, 1, 0, 0, 1, 0, 2, 2, 0, 1, 2, 0, 1, 2, 2, 0, 0, 1, 2, 1, 2, 1, 0, 2, 0, 1, 1, 0, 1, 1, 1, 0, 2, 1, 1, 0, 0, 0, 0, 1, 1, 2, 1, 2, 2, 0, 2, 1, 0, 1, 2, 1, 2, 1, 1, 1, 1, 1, 1, 0, 1, 2, 2, 0, 0, 2, 2, 2, 1, 2, 0, 1, 0, 1, 2, 0, 0, 2, 1, 2, 0, 1, 0, 0, 0, 1, 2]|[0, 3, 2, 2, 4, 1, 2, 3, 2, 4, 1, 1, 2, 4, 4, 1, 1, 4, 2, 1, 1, 1, 1, 2, 1, 2, 1, 1, 2, 1, 3, 2, 3, 0, 4, 0, 1, 1, 0, 3, 2, 2, 2, 0, 1, 1, 0, 4, 0, 1, 2, 2, 1, 4, 0, 3, 2, 2, 1, 1, 3, 1, 1, 1, 3, 0, 4, 3, 1, 4, 1, 1, 0, 4, 1, 1, 2, 1, 2, 1, 1, 3, 1, 1, 1, 1, 4, 1, 2, 1, 1, 3, 1, 1, 1, 2, 2, 2, 4, 1]|[0, 2, 1, 1, 3, 0, 1, 3, 0, 0, 0, 0, 1, 0, 1, 0, 0, 3, 1, 0, 0, 0, 3, 1, 0, 2, 0, 0, 0, 1, 0, 0, 0, 0, 3, 0, 1, 0, 0, 2, 1, 1, 1, 0, 0, 0, 0, 2, 1, 0, 0, 0, 1, 3, 0, 0, 1, 1, 0, 0, 2, 0, 1, 0, 2, 1, 0, 0, 1, 1, 3, 1, 1, 3, 0, 0, 1, 0, 1, 0, 0, 0, 0, 0, 1, 0, 0, 0, 1, 0, 0, 2, 0, 1, 1, 0, 0, 0, 2, 0],714.4485115867469,58161.785232764836,94013.66617097157,false
39,G4_BALANCED,G3_TWC,[31, 22, 82, 15, 26, 58, 95, 42, 77, 12, 47, 5, 93, 78, 98, 54, 85, 63, 18, 44, 20, 35, 43, 97, 91, 76, 10, 30, 21, 45, 71, 64, 1, 23, 17, 83, 24, 14, 60, 36, 6, 57, 94, 88, 65, 56, 79, 40, 67, 68, 46, 75, 39, 9, 19, 32, 81, 96, 27, 62, 87, 90, 99, 59, 11, 16, 72, 73, 70, 38, 37, 84, 3, 92, 25, 55, 28, 29, 51, 7, 33, 61, 86, 48, 89, 50, 69, 41, 53, 80, 8, 4, 34, 66, 52, 2, 13, 0, 49, 74]|[1, 1, 0, 1, 1, 1, 2, 1, 2, 1, 2, 2, 2, 1, 1, 0, 0, 1, 0, 2, 2, 0, 1, 2, 0, 1, 2, 2, 0, 0, 1, 2, 1, 2, 1, 0, 2, 0, 1, 1, 0, 1, 1, 1, 0, 2, 1, 1, 0, 0, 0, 0, 1, 1, 2, 1, 2, 0, 0, 0, 2, 1, 0, 1, 2, 1, 2, 1, 1, 1, 1, 2, 2, 0, 1, 1, 0, 0, 0, 1, 2, 1, 0, 0, 1, 0, 0, 2, 0, 0, 1, 0, 2, 2, 1, 0, 0, 0, 0, 2]|[4, 3, 2, 2, 0, 0, 2, 2, 2, 4, 1, 1, 2, 4, 4, 1, 1, 4, 2, 1, 1, 1, 1, 2, 1, 2, 1, 1, 1, 1, 3, 2, 3, 0, 4, 0, 1, 1, 0, 3, 2, 2, 4, 0, 1, 1, 0, 2, 0, 1, 2, 2, 1, 4, 0, 3, 2, 1, 1, 2, 1, 3, 1, 1, 1, 3, 0, 4, 3, 1, 4, 1, 1, 2, 4, 4, 2, 1, 1, 3, 1, 3, 1, 1, 1, 1, 1, 1, 2, 1, 3, 2, 1, 1, 1, 2, 2, 2, 1, 1]|[0, 2, 1, 1, 3, 3, 0, 1, 0, 0, 0, 0, 1, 0, 1, 0, 0, 3, 1, 0, 0, 0, 3, 1, 0, 2, 0, 0, 0, 1, 0, 0, 0, 0, 3, 0, 1, 0, 0, 2, 1, 1, 2, 0, 0, 0, 0, 1, 1, 0, 0, 0, 1, 3, 0, 0, 1, 0, 0, 1, 0, 2, 0, 1, 0, 2, 1, 0, 0, 1, 1, 0, 0, 1, 3, 3, 1, 0, 0, 2, 0, 0, 0, 0, 1, 0, 0, 0, 1, 0, 2, 1, 0, 0, 1, 0, 0, 0, 1, 0],790.4565500811616,57443.931412243786,90278.65376541775,true
39,G2_TEC,G1_CMAX,[31, 22, 82, 15, 26, 99, 95, 42, 77, 12, 47, 5, 93, 78, 86, 54, 85, 63, 18, 44, 20, 35, 43, 97, 91, 76, 10, 30, 21, 45, 71, 64, 1, 23, 17, 83, 24, 14, 60, 36, 6, 57, 40, 88, 65, 56, 79, 94, 67, 68, 46, 75, 38, 9, 19, 32, 81, 41, 27, 87, 62, 58, 59, 11, 16, 72, 73, 70, 39, 37, 84, 3, 92, 25, 55, 48, 90, 29, 51, 96, 33, 61, 98, 28, 7, 50, 4, 89, 53, 13, 8, 66, 34, 49, 52, 0, 74, 69, 2, 80]|[1, 1, 0, 1, 1, 0, 1, 1, 2, 1, 2, 2, 2, 1, 1, 0, 0, 1, 0, 2, 2, 0, 1, 2, 0, 1, 2, 2, 0, 0, 1, 2, 1, 2, 1, 0, 2, 0, 1, 1, 0, 1, 1, 1, 0, 2, 1, 1, 0, 0, 0, 0, 1, 1, 2, 1, 2, 2, 0, 2, 1, 0, 1, 2, 1, 2, 1, 1, 1, 1, 1, 1, 0, 1, 2, 0, 1, 0, 0, 2, 2, 1, 2, 0, 2, 0, 1, 1, 0, 0, 1, 2, 2, 0, 1, 0, 2, 1, 0, 0]|[4, 3, 2, 2, 4, 1, 2, 3, 2, 4, 1, 1, 2, 4, 4, 1, 2, 4, 2, 1, 1, 1, 1, 2, 1, 2, 1, 1, 2, 1, 3, 2, 3, 1, 4, 0, 1, 1, 0, 3, 2, 2, 2, 0, 1, 1, 0, 4, 0, 1, 2, 2, 1, 4, 0, 3, 1, 1, 1, 1, 3, 1, 1, 1, 3, 0, 4, 3, 1, 4, 1, 1, 0, 4, 1, 1, 3, 1, 1, 1, 1, 3, 1, 2, 1, 1, 4, 1, 2, 2, 3, 1, 1, 1, 1, 2, 1, 4, 2, 1]|[0, 2, 1, 1, 3, 0, 1, 3, 0, 0, 0, 0, 1, 0, 1, 0, 0, 3, 1, 0, 0, 0, 3, 1, 0, 2, 0, 0, 0, 1, 0, 0, 0, 0, 3, 0, 1, 0, 0, 2, 1, 1, 1, 0, 0, 0, 0, 2, 1, 0, 0, 0, 1, 3, 0, 0, 0, 0, 0, 0, 2, 0, 1, 0, 2, 1, 0, 0, 1, 1, 3, 1, 1, 3, 0, 0, 2, 0, 0, 0, 0, 0, 0, 1, 0, 0, 0, 1, 1, 0, 2, 0, 0, 1, 1, 0, 0, 2, 0, 0],759.8298578266035,55619.9918721624,94856.27633352597,true
39,G3_TWC,G4_BALANCED,[31, 22, 82, 15, 26, 58, 95, 42, 77, 12, 47, 5, 93, 78, 98, 54, 85, 63, 18, 44, 20, 35, 43, 97, 91, 76, 10, 30, 21, 45, 71, 64, 1, 23, 17, 83, 24, 14, 60, 36, 6, 57, 94, 88, 65, 56, 79, 40, 67, 68, 46, 75, 38, 9, 19, 32, 81, 41, 27, 62, 87, 90, 99, 59, 11, 16, 72, 73, 70, 39, 37, 84, 3, 92, 25, 55, 28, 29, 51, 7, 33, 61, 86, 48, 89, 34, 69, 96, 53, 80, 4, 8, 50, 49, 52, 0, 13, 2, 66, 74]|[1, 1, 0, 1, 1, 1, 2, 1, 2, 1, 2, 2, 2, 1, 1, 0, 0, 1, 0, 2, 2, 0, 1, 2, 0, 1, 2, 2, 0, 0, 1, 2, 1, 2, 1, 0, 2, 0, 1, 1, 0, 1, 1, 1, 0, 2, 1, 1, 0, 0, 0, 0, 1, 1, 2, 1, 2, 0, 0, 0, 2, 1, 0, 1, 2, 1, 2, 1, 1, 1, 1, 1, 2, 0, 1, 1, 0, 0, 0, 1, 2, 1, 0, 0, 1, 2, 1, 0, 0, 0, 0, 1, 0, 0, 1, 0, 0, 0, 2, 2]|[4, 3, 2, 2, 0, 0, 2, 2, 2, 4, 1, 1, 2, 4, 4, 1, 1, 4, 2, 1, 1, 1, 1, 2, 1, 2, 1, 1, 1, 1, 3, 2, 3, 0, 4, 0, 1, 1, 0, 3, 2, 2, 4, 0, 1, 1, 0, 2, 0, 1, 2, 2, 1, 4, 0, 3, 2, 1, 1, 2, 1, 3, 1, 1, 1, 3, 0, 4, 3, 1, 4, 1, 1, 2, 4, 4, 2, 1, 1, 3, 1, 3, 1, 1, 1, 1, 3, 1, 2, 1, 2, 3, 1, 1, 1, 2, 2, 2, 1, 1]|[0, 2, 1, 1, 3, 3, 0, 1, 0, 0, 0, 0, 1, 0, 1, 0, 0, 3, 1, 0, 0, 0, 3, 1, 0, 2, 0, 0, 0, 1, 0, 0, 0, 0, 3, 0, 1, 0, 0, 2, 1, 1, 2, 0, 0, 0, 0, 1, 1, 0, 0, 0, 1, 3, 0, 0, 1, 0, 0, 1, 0, 2, 0, 1, 0, 2, 1, 0, 0, 1, 1, 3, 0, 1, 3, 3, 1, 0, 0, 2, 0, 0, 0, 0, 1, 0, 0, 0, 1, 0, 1, 2, 0, 1, 1, 0, 0, 0, 0, 0],790.1921483697682,57957.04840138768,88951.83199580385,true
39,G1_CMAX,G1_CMAX,[31, 22, 82, 15, 26, 99, 95, 42, 77, 12, 47, 5, 93, 78, 86, 54, 21, 63, 18, 44, 20, 35, 43, 97, 91, 76, 10, 30, 85, 45, 71, 64, 1, 23, 57, 83, 24, 14, 60, 36, 81, 17, 40, 88, 65, 56, 79, 94, 67, 68, 46, 75, 38, 9, 19, 32, 41, 6, 27, 87, 90, 58, 59, 11, 16, 72, 73, 70, 39, 37, 84, 3, 92, 25, 55, 28, 62, 29, 51, 7, 33, 61, 98, 48, 89, 50, 4, 96, 53, 80, 66, 8, 34, 49, 52, 0, 13, 2, 69, 74]|[1, 1, 0, 1, 1, 0, 1, 1, 2, 1, 2, 2, 2, 1, 1, 0, 0, 1, 0, 2, 2, 0, 1, 2, 0, 1, 2, 2, 0, 0, 1, 2, 1, 2, 1, 0, 2, 0, 1, 1, 0, 1, 1, 1, 0, 2, 1, 1, 0, 0, 0, 0, 1, 1, 2, 1, 2, 2, 0, 2, 1, 0, 1, 2, 1, 2, 1, 1, 1, 1, 1, 1, 0, 1, 2, 2, 0, 0, 2, 2, 2, 1, 2, 0, 1, 0, 1, 2, 0, 0, 2, 1, 2, 0, 1, 0, 0, 0, 1, 2]|[0, 3, 2, 2, 4, 1, 2, 3, 2, 4, 1, 1, 2, 4, 4, 1, 1, 4, 2, 1, 1, 1, 1, 2, 1, 2, 1, 1, 2, 1, 3, 2, 3, 0, 4, 0, 1, 1, 0, 3, 2, 2, 2, 0, 1, 1, 0, 4, 0, 1, 2, 2, 1, 4, 0, 3, 2, 2, 1, 1, 3, 1, 1, 1, 3, 0, 4, 3, 1, 4, 1, 1, 0, 4, 1, 1, 2, 1, 2, 1, 1, 3, 1, 1, 1, 1, 4, 1, 2, 1, 1, 3, 1, 1, 1, 2, 2, 2, 4, 1]|[0, 2, 1, 1, 3, 0, 1, 3, 0, 0, 0, 0, 1, 0, 1, 0, 0, 3, 1, 0, 0, 0, 3, 1, 0, 2, 0, 0, 0, 1, 0, 0, 0, 0, 3, 0, 1, 0, 0, 2, 1, 1, 1, 0, 0, 0, 0, 2, 1, 0, 0, 0, 1, 3, 0, 0, 1, 1, 0, 0, 2, 0, 1, 0, 2, 1, 0, 0, 1, 1, 3, 1, 1, 3, 0, 0, 1, 0, 1, 0, 0, 0, 0, 0, 1, 0, 0, 0, 1, 0, 0, 2, 0, 1, 1, 0, 0, 0, 2, 0],714.4485115867469,58161.785232764836,94013.66617097157,false
39,G4_BALANCED,G3_TWC,[31, 22, 82, 15, 26, 58, 95, 42, 77, 12, 47, 5, 93, 78, 98, 54, 85, 63, 18, 44, 20, 35, 43, 97, 91, 76, 10, 30, 21, 45, 71, 64, 1, 23, 17, 83, 24, 14, 60, 0, 6, 57, 94, 88, 65, 56, 79, 40, 67, 68, 46, 75, 38, 9, 19, 32, 27, 41, 81, 62, 87, 90, 99, 59, 11, 16, 72, 73, 70, 39, 37, 84, 3, 92, 25, 55, 28, 29, 51, 7, 33, 61, 86, 66, 69, 50, 48, 96, 53, 8, 4, 80, 34, 49, 52, 2, 13, 36, 89, 74]|[1, 1, 0, 1, 1, 1, 2, 1, 2, 1, 2, 2, 2, 1, 1, 0, 0, 1, 0, 2, 2, 0, 1, 2, 0, 1, 2, 2, 0, 0, 1, 2, 1, 2, 1, 0, 2, 0, 1, 1, 0, 1, 1, 1, 0, 2, 1, 1, 0, 0, 0, 0, 1, 1, 2, 1, 0, 0, 2, 0, 2, 1, 0, 1, 2, 1, 2, 1, 1, 1, 1, 1, 2, 0, 1, 1, 0, 0, 0, 1, 2, 1, 0, 2, 1, 0, 0, 0, 0, 1, 0, 0, 2, 0, 1, 0, 0, 0, 1, 2]|[4, 3, 2, 2, 0, 0, 2, 2, 2, 4, 1, 1, 2, 4, 4, 1, 1, 4, 2, 1, 1, 1, 1, 2, 1, 2, 1, 1, 1, 1, 3, 2, 3, 0, 4, 0, 1, 1, 0, 3, 2, 2, 4, 0, 1, 1, 0, 2, 0, 1, 2, 2, 1, 4, 0, 3, 1, 1, 2, 2, 1, 3, 1, 1, 1, 3, 0, 4, 3, 1, 4, 1, 1, 2, 4, 4, 2, 1, 1, 3, 1, 3, 1, 1, 3, 1, 1, 1, 2, 3, 2, 1, 1, 1, 1, 2, 2, 2, 1, 1]|[0, 2, 1, 1, 3, 3, 0, 1, 0, 0, 0, 0, 1, 0, 1, 0, 0, 3, 1, 0, 0, 0, 3, 1, 0, 2, 0, 0, 0, 1, 0, 0, 0, 0, 3, 0, 1, 0, 0, 2, 1, 1, 2, 0, 0, 0, 0, 1, 1, 0, 0, 0, 1, 3, 0, 0, 0, 0, 1, 1, 0, 2, 0, 1, 0, 2, 1, 0, 0, 1, 1, 3, 0, 1, 3, 3, 1, 0, 0, 2, 0, 0, 0, 0, 0, 0, 0, 0, 1, 2, 1, 0, 0, 1, 1, 0, 0, 0, 1, 0],794.9504268325494,57749.374592850836,89546.73771391547,true
39,G2_TEC,G4_BALANCED,[31, 22, 82, 15, 26, 9, 95, 42, 77, 68, 47, 5, 93, 78, 86, 54, 85, 63, 18, 44, 20, 49, 36, 14, 74, 50, 53, 17, 21, 28, 11, 64, 3, 23, 30, 83, 24, 41, 40, 52, 65, 27, 90, 70, 39, 87, 48, 69, 99, 4, 46, 1, 13, 58, 97, 59, 45, 8, 73, 37, 35, 79, 71, 66, 76, 32, 60, 80, 56, 6, 67, 61, 33, 7, 57, 34, 12, 16, 10, 98, 96, 88, 43, 75, 91, 38, 84, 92, 29, 94, 51, 72, 55, 89, 25, 81, 19, 2, 0, 62]|[2, 1, 2, 1, 1, 2, 1, 1, 1, 1, 1, 0, 2, 2, 1, 2, 0, 0, 0, 2, 2, 1, 0, 2, 0, 2, 2, 1, 0, 1, 1, 1, 0, 0, 1, 0, 2, 1, 2, 2, 0, 0, 1, 1, 0, 2, 0, 2, 1, 0, 0, 2, 0, 0, 2, 0, 1, 1, 0, 0, 2, 1, 1, 2, 2, 0, 2, 2, 2, 1, 2, 1, 1, 2, 0, 1, 1, 2, 1, 2, 0, 1, 1, 0, 1, 0, 0, 0, 1, 1, 1, 1, 0, 1, 1, 1, 1, 2, 0, 1]|[0, 3, 0, 3, 4, 1, 4, 4, 2, 4, 3, 2, 1, 0, 2, 1, 1, 1, 2, 1, 1, 3, 0, 1, 0, 1, 1, 4, 1, 4, 3, 2, 2, 0, 4, 1, 1, 4, 1, 1, 2, 1, 4, 4, 1, 1, 0, 2, 3, 2, 2, 1, 2, 1, 1, 2, 4, 3, 0, 2, 2, 3, 3, 1, 1, 2, 1, 1, 1, 4, 1, 3, 4, 1, 2, 4, 3, 1, 3, 1, 2, 4, 4, 2, 3, 2, 2, 2, 3, 4, 3, 4, 2, 4, 4, 4, 4, 1, 2, 3]|[0, 2, 0, 0, 3, 0, 1, 3, 0, 0, 2, 0, 1, 0, 1, 0, 0, 0, 1, 0, 0, 2, 0, 0, 1, 0, 0, 3, 0, 1, 0, 2, 0, 0, 3, 0, 1, 1, 0, 0, 0, 0, 1, 3, 0, 0, 1, 0, 2, 0, 0, 0, 0, 0, 1, 0, 1, 0, 1, 1, 0, 2, 0, 0, 0, 0, 0, 0, 0, 2, 0, 0, 1, 0, 0, 1, 0, 0, 3, 0, 0, 1, 2, 0, 0, 0, 0, 0, 3, 1, 0, 1, 0, 1, 3, 2, 1, 0, 0, 0],896.1397489326695,49421.411449897474,107878.07833794181,true
39,G3_TWC,G4_BALANCED,[31, 22, 82, 15, 26, 58, 95, 42, 77, 12, 47, 5, 93, 78, 98, 54, 85, 63, 18, 44, 20, 35, 43, 97, 91, 76, 10, 30, 21, 45, 71, 64, 1, 23, 17, 83, 24, 14, 60, 36, 6, 57, 94, 88, 65, 56, 79, 40, 67, 68, 46, 75, 38, 9, 19, 32, 81, 41, 27, 62, 87, 90, 99, 59, 11, 16, 72, 73, 70, 39, 37, 84, 3, 92, 25, 55, 28, 29, 51, 7, 33, 61, 86, 48, 89, 34, 69, 96, 53, 80, 4, 8, 50, 49, 52, 0, 13, 2, 66, 74]|[1, 1, 0, 1, 1, 1, 2, 1, 2, 1, 2, 2, 2, 1, 1, 0, 0, 1, 0, 2, 2, 0, 1, 2, 0, 1, 2, 2, 0, 0, 1, 2, 1, 2, 1, 0, 2, 0, 1, 1, 0, 1, 1, 1, 0, 2, 1, 1, 0, 0, 0, 0, 1, 1, 2, 1, 2, 0, 0, 0, 2, 1, 0, 1, 2, 1, 2, 1, 1, 1, 1, 1, 2, 0, 1, 1, 0, 0, 0, 1, 2, 1, 0, 0, 1, 2, 1, 0, 0, 0, 0, 1, 0, 0, 1, 0, 0, 0, 2, 2]|[4, 3, 2, 2, 0, 0, 2, 2, 2, 4, 1, 1, 2, 4, 4, 1, 1, 4, 2, 1, 1, 1, 1, 2, 1, 2, 1, 1, 1, 1, 3, 2, 3, 0, 4, 0, 1, 1, 0, 3, 2, 2, 4, 0, 1, 1, 0, 2, 0, 1, 2, 2, 1, 4, 0, 3, 2, 1, 1, 2, 1, 3, 1, 1, 1, 3, 0, 4, 3, 1, 4, 1, 1, 2, 4, 4, 2, 1, 1, 3, 1, 3, 1, 1, 1, 1, 3, 1, 2, 1, 2, 3, 1, 1, 1, 2, 2, 2, 1, 1]|[0, 2, 1, 1, 3, 3, 0, 1, 0, 0, 0, 0, 1, 0, 1, 0, 0, 3, 1, 0, 0, 0, 3, 1, 0, 2, 0, 0, 0, 1, 0, 0, 0, 0, 3, 0, 1, 0, 0, 2, 1, 1, 2, 0, 0, 0, 0, 1, 1, 0, 0, 0, 1, 3, 0, 0, 1, 0, 0, 1, 0, 2, 0, 1, 0, 2, 1, 0, 0, 1, 1, 3, 0, 1, 3, 3, 1, 0, 0, 2, 0, 0, 0, 0, 1, 0, 0, 0, 1, 0, 1, 2, 0, 1, 1, 0, 0, 0, 0, 0],790.1921483697682,57957.04840138768,88951.83199580385,true
39,G1_CMAX,G1_CMAX,[31, 22, 82, 15, 26, 99, 95, 42, 77, 12, 47, 5, 93, 78, 86, 54, 21, 63, 18, 44, 20, 35, 43, 97, 91, 76, 10, 30, 85, 45, 71, 64, 1, 23, 57, 83, 24, 14, 60, 36, 81, 17, 40, 88, 65, 56, 79, 94, 67, 68, 46, 75, 38, 9, 19, 32, 41, 6, 27, 87, 90, 58, 59, 11, 16, 72, 73, 70, 39, 37, 84, 3, 92, 25, 55, 28, 62, 29, 51, 7, 33, 61, 98, 48, 89, 50, 4, 96, 53, 80, 66, 8, 34, 49, 52, 0, 13, 2, 69, 74]|[1, 1, 0, 1, 1, 0, 1, 1, 2, 1, 2, 2, 2, 1, 1, 0, 0, 1, 0, 2, 2, 0, 1, 2, 0, 1, 2, 2, 0, 0, 1, 2, 1, 2, 1, 0, 2, 0, 1, 1, 0, 1, 1, 1, 0, 2, 1, 1, 0, 0, 0, 0, 1, 1, 2, 1, 2, 2, 0, 2, 1, 0, 1, 2, 1, 2, 1, 1, 1, 1, 1, 1, 0, 1, 2, 2, 0, 0, 2, 2, 2, 1, 2, 0, 1, 0, 1, 2, 0, 0, 2, 1, 2, 0, 1, 0, 0, 0, 1, 2]|[0, 3, 2, 2, 4, 1, 2, 3, 2, 4, 1, 1, 2, 4, 4, 1, 1, 4, 2, 1, 1, 1, 1, 2, 1, 2, 1, 1, 2, 1, 3, 2, 3, 0, 4, 0, 1, 1, 0, 3, 2, 2, 2, 0, 1, 1, 0, 4, 0, 1, 2, 2, 1, 4, 0, 3, 2, 2, 1, 1, 3, 1, 1, 1, 3, 0, 4, 3, 1, 4, 1, 1, 0, 4, 1, 1, 2, 1, 2, 1, 1, 3, 1, 1, 1, 1, 4, 1, 2, 1, 1, 3, 1, 1, 1, 2, 2, 2, 4, 1]|[0, 2, 1, 1, 3, 0, 1, 3, 0, 0, 0, 0, 1, 0, 1, 0, 0, 3, 1, 0, 0, 0, 3, 1, 0, 2, 0, 0, 0, 1, 0, 0, 0, 0, 3, 0, 1, 0, 0, 2, 1, 1, 1, 0, 0, 0, 0, 2, 1, 0, 0, 0, 1, 3, 0, 0, 1, 1, 0, 0, 2, 0, 1, 0, 2, 1, 0, 0, 1, 1, 3, 1, 1, 3, 0, 0, 1, 0, 1, 0, 0, 0, 0, 0, 1, 0, 0, 0, 1, 0, 0, 2, 0, 1, 1, 0, 0, 0, 2, 0],714.4485115867469,58161.785232764836,94013.66617097157,false
39,G4_BALANCED,G4_BALANCED,[31, 22, 82, 15, 26, 58, 95, 42, 77, 12, 47, 5, 93, 78, 86, 54, 85, 63, 18, 44, 20, 35, 43, 97, 66, 76, 79, 30, 21, 45, 71, 64, 1, 23, 17, 83, 24, 14, 60, 36, 6, 57, 40, 88, 65, 56, 10, 94, 67, 68, 46, 75, 38, 9, 19, 32, 41, 81, 27, 62, 87, 90, 99, 59, 11, 16, 72, 73, 69, 39, 37, 84, 3, 92, 25, 55, 29, 28, 51, 7, 33, 61, 48, 98, 89, 50, 4, 96, 53, 80, 91, 8, 34, 2, 52, 70, 13, 0, 49, 74]|[1, 1, 0, 1, 1, 0, 1, 2, 2, 1, 2, 2, 2, 1, 1, 0, 0, 1, 0, 2, 2, 0, 1, 2, 2, 1, 2, 2, 0, 0, 1, 2, 1, 2, 1, 0, 2, 0, 1, 1, 0, 1, 1, 1, 0, 2, 2, 1, 0, 0, 0, 0, 1, 1, 2, 1, 0, 2, 0, 0, 2, 1, 0, 1, 2, 1, 2, 1, 1, 1, 1, 1, 1, 0, 1, 2, 0, 0, 0, 1, 2, 1, 0, 2, 1, 0, 1, 2, 0, 0, 0, 1, 2, 0, 1, 1, 0, 0, 0, 2]|[4, 3, 2, 2, 4, 1, 2, 2, 2, 4, 1, 1, 2, 4, 4, 1, 2, 4, 2, 1, 1, 1, 1, 2, 1, 2, 1, 1, 1, 1, 3, 1, 3, 1, 4, 0, 1, 1, 0, 3, 2, 2, 2, 0, 1, 1, 1, 4, 0, 1, 2, 2, 1, 4, 0, 3, 1, 1, 1, 2, 1, 3, 1, 1, 1, 3, 0, 4, 4, 1, 4, 1, 1, 0, 4, 1, 1, 2, 1, 1, 1, 3, 1, 1, 1, 1, 4, 1, 2, 1, 1, 3, 1, 2, 1, 3, 2, 2, 1, 1]|[0, 2, 1, 1, 3, 0, 1, 0, 0, 0, 0, 0, 1, 0, 1, 0, 0, 3, 1, 0, 0, 0, 3, 1, 0, 2, 0, 0, 0, 0, 0, 0, 0, 0, 3, 0, 1, 0, 0, 2, 1, 1, 1, 0, 0, 0, 0, 2, 1, 0, 0, 0, 1, 3, 0, 0, 0, 0, 0, 1, 0, 2, 0, 1, 0, 2, 1, 0, 2, 1, 1, 3, 1, 1, 3, 0, 0, 1, 0, 2, 0, 0, 0, 0, 1, 0, 0, 0, 1, 0, 0, 2, 0, 0, 1, 0, 0, 0, 1, 0],777.436160111927,55362.22348255077,98760.25566819475,false
39,G2_TEC,G2_TEC,[31, 22, 82, 15, 26, 9, 95, 42, 77, 68, 47, 5, 93, 78, 86, 54, 85, 63, 18, 44, 20, 49, 36, 14, 74, 50, 53, 17, 21, 28, 11, 64, 3, 23, 30, 83, 24, 41, 40, 52, 65, 27, 90, 70, 39, 87, 48, 69, 99, 4, 46, 1, 13, 58, 97, 59, 45, 8, 73, 37, 35, 79, 71, 66, 76, 32, 60, 80, 56, 6, 67, 61, 33, 7, 57, 34, 12, 16, 10, 98, 96, 88, 2, 75, 91, 43, 84, 92, 29, 19, 51, 55, 81, 89, 25, 72, 94, 38, 0, 62]|[2, 1, 2, 1, 1, 2, 1, 1, 1, 1, 1, 0, 2, 2, 1, 2, 0, 0, 0, 2, 2, 1, 0, 2, 0, 2, 2, 1, 0, 1, 1, 1, 0, 0, 1, 0, 2, 1, 2, 2, 0, 0, 1, 1, 0, 2, 0, 2, 1, 0, 0, 2, 0, 0, 2, 0, 1, 1, 0, 0, 2, 1, 1, 2, 2, 0, 2, 2, 2, 1, 2, 1, 1, 2, 0, 1, 1, 2, 1, 2, 0, 1, 0, 0, 1, 1, 0, 0, 1, 1, 1, 0, 1, 1, 1, 1, 2, 0, 2, 1]|[0, 3, 0, 3, 4, 1, 4, 4, 2, 4, 3, 2, 1, 0, 2, 1, 1, 1, 2, 1, 1, 3, 0, 1, 0, 1, 1, 4, 1, 4, 3, 2, 2, 0, 4, 1, 1, 4, 1, 1, 2, 1, 4, 4, 1, 1, 0, 2, 3, 2, 2, 1, 2, 1, 1, 2, 4, 3, 0, 2, 1, 3, 3, 1, 1, 2, 1, 1, 1, 4, 1, 3, 4, 1, 2, 4, 3, 1, 3, 1, 2, 4, 2, 2, 3, 4, 2, 2, 3, 4, 3, 2, 4, 4, 4, 4, 1, 2, 1, 3]|[0, 2, 0, 0, 3, 0, 1, 3, 0, 0, 2, 0, 1, 0, 1, 0, 0, 0, 1, 0, 0, 2, 0, 0, 1, 0, 0, 3, 0, 1, 0, 2, 0, 0, 3, 0, 1, 1, 0, 0, 0, 0, 1, 3, 0, 0, 1, 0, 2, 0, 0, 0, 0, 0, 1, 0, 1, 0, 1, 1, 0, 2, 0, 0, 0, 0, 0, 0, 0, 2, 0, 0, 1, 0, 0, 1, 0, 0, 3, 0, 0, 1, 0, 0, 0, 2, 0, 0, 3, 1, 0, 0, 2, 1, 3, 1, 0, 0, 0, 0],914.0597544875216,49177.57411962909,107642.75205892837,false
39,G3_TWC,G4_BALANCED,[31, 22, 82, 15, 26, 58, 95, 42, 77, 12, 47, 5, 93, 78, 98, 54, 85, 63, 18, 44, 20, 35, 43, 97, 91, 76, 10, 30, 21, 45, 71, 64, 1, 23, 17, 83, 24, 14, 60, 36, 6, 57, 94, 88, 65, 56, 79, 40, 67, 68, 46, 75, 38, 9, 19, 32, 81, 41, 27, 62, 87, 90, 99, 59, 11, 16, 72, 73, 70, 39, 37, 84, 3, 92, 25, 55, 28, 29, 51, 7, 33, 61, 86, 48, 89, 34, 69, 96, 53, 80, 4, 8, 50, 49, 52, 0, 13, 2, 66, 74]|[1, 1, 0, 1, 1, 1, 2, 1, 2, 1, 2, 2, 2, 1, 1, 0, 0, 1, 0, 2, 2, 0, 1, 2, 0, 1, 2, 2, 0, 0, 1, 2, 1, 2, 1, 0, 2, 0, 1, 1, 0, 1, 1, 1, 0, 2, 1, 1, 0, 0, 0, 0, 1, 1, 2, 1, 2, 0, 0, 0, 2, 1, 0, 1, 2, 1, 2, 1, 1, 1, 1, 1, 2, 0, 1, 1, 0, 0, 0, 1, 2, 1, 0, 0, 1, 2, 1, 0, 0, 0, 0, 1, 0, 0, 1, 0, 0, 0, 2, 2]|[4, 3, 2, 2, 0, 0, 2, 2, 2, 4, 1, 1, 2, 4, 4, 1, 1, 4, 2, 1, 1, 1, 1, 2, 1, 2, 1, 1, 1, 1, 3, 2, 3, 0, 4, 0, 1, 1, 0, 3, 2, 2, 4, 0, 1, 1, 0, 2, 0, 1, 2, 2, 1, 4, 0, 3, 2, 1, 1, 2, 1, 3, 1, 1, 1, 3, 0, 4, 3, 1, 4, 1, 1, 2, 4, 4, 2, 1, 1, 3, 1, 3, 1, 1, 1, 1, 3, 1, 2, 1, 2, 3, 1, 1, 1, 2, 2, 2, 1, 1]|[0, 2, 1, 1, 3, 3, 0, 1, 0, 0, 0, 0, 1, 0, 1, 0, 0, 3, 1, 0, 0, 0, 3, 1, 0, 2, 0, 0, 0, 1, 0, 0, 0, 0, 3, 0, 1, 0, 0, 2, 1, 1, 2, 0, 0, 0, 0, 1, 1, 0, 0, 0, 1, 3, 0, 0, 1, 0, 0, 1, 0, 2, 0, 1, 0, 2, 1, 0, 0, 1, 1, 3, 0, 1, 3, 3, 1, 0, 0, 2, 0, 0, 0, 0, 1, 0, 0, 0, 1, 0, 1, 2, 0, 1, 1, 0, 0, 0, 0, 0],790.1921483697682,57957.04840138768,88951.83199580385,true
39,G1_CMAX,G1_CMAX,[31, 22, 82, 15, 26, 99, 95, 42, 77, 12, 47, 5, 93, 78, 86, 54, 21, 63, 18, 44, 20, 35, 43, 97, 91, 76, 10, 30, 85, 45, 71, 64, 1, 23, 57, 83, 24, 14, 60, 36, 81, 17, 40, 88, 65, 56, 79, 94, 67, 68, 46, 75, 38, 9, 19, 32, 41, 6, 27, 87, 90, 58, 59, 11, 16, 72, 73, 70, 39, 37, 84, 3, 92, 25, 55, 28, 62, 29, 51, 7, 33, 61, 98, 48, 89, 50, 4, 96, 53, 80, 66, 8, 34, 49, 52, 0, 13, 2, 69, 74]|[1, 1, 0, 1, 1, 0, 1, 1, 2, 1, 2, 2, 2, 1, 1, 0, 0, 1, 0, 2, 2, 0, 1, 2, 0, 1, 2, 2, 0, 0, 1, 2, 1, 2, 1, 0, 2, 0, 1, 1, 0, 1, 1, 1, 0, 2, 1, 1, 0, 0, 0, 0, 1, 1, 2, 1, 2, 2, 0, 2, 1, 0, 1, 2, 1, 2, 1, 1, 1, 1, 1, 1, 0, 1, 2, 2, 0, 0, 2, 2, 2, 1, 2, 0, 1, 0, 1, 2, 0, 0, 2, 1, 2, 0, 1, 0, 0, 0, 1, 2]|[0, 3, 2, 2, 4, 1, 2, 3, 2, 4, 1, 1, 2, 4, 4, 1, 1, 4, 2, 1, 1, 1, 1, 2, 1, 2, 1, 1, 2, 1, 3, 2, 3, 0, 4, 0, 1, 1, 0, 3, 2, 2, 2, 0, 1, 1, 0, 4, 0, 1, 2, 2, 1, 4, 0, 3, 2, 2, 1, 1, 3, 1, 1, 1, 3, 0, 4, 3, 1, 4, 1, 1, 0, 4, 1, 1, 2, 1, 2, 1, 1, 3, 1, 1, 1, 1, 4, 1, 2, 1, 1, 3, 1, 1, 1, 2, 2, 2, 4, 1]|[0, 2, 1, 1, 3, 0, 1, 3, 0, 0, 0, 0, 1, 0, 1, 0, 0, 3, 1, 0, 0, 0, 3, 1, 0, 2, 0, 0, 0, 1, 0, 0, 0, 0, 3, 0, 1, 0, 0, 2, 1, 1, 1, 0, 0, 0, 0, 2, 1, 0, 0, 0, 1, 3, 0, 0, 1, 1, 0, 0, 2, 0, 1, 0, 2, 1, 0, 0, 1, 1, 3, 1, 1, 3, 0, 0, 1, 0, 1, 0, 0, 0, 0, 0, 1, 0, 0, 0, 1, 0, 0, 2, 0, 1, 1, 0, 0, 0, 2, 0],714.4485115867469,58161.785232764836,94013.66617097157,false
39,G4_BALANCED,G4_BALANCED,[31, 22, 82, 15, 26, 58, 95, 42, 77, 12, 47, 5, 93, 78, 98, 54, 85, 63, 18, 44, 20, 35, 43, 97, 91, 76, 10, 30, 21, 45, 71, 64, 1, 23, 17, 83, 24, 14, 60, 36, 6, 57, 94, 88, 65, 56, 79, 40, 67, 68, 46, 75, 39, 9, 19, 32, 81, 96, 27, 62, 87, 90, 99, 59, 53, 16, 72, 73, 70, 38, 37, 84, 3, 92, 25, 55, 28, 29, 51, 7, 33, 61, 86, 48, 89, 50, 66, 41, 11, 8, 4, 80, 34, 49, 52, 69, 13, 2, 0, 74]|[1, 1, 0, 1, 1, 1, 2, 1, 2, 1, 2, 2, 2, 1, 1, 0, 0, 1, 0, 2, 2, 0, 1, 2, 0, 1, 2, 2, 0, 0, 1, 2, 1, 2, 1, 0, 2, 0, 1, 1, 0, 1, 1, 1, 0, 2, 1, 1, 0, 0, 0, 0, 1, 1, 2, 1, 2, 0, 0, 0, 2, 1, 0, 1, 0, 1, 2, 1, 1, 1, 1, 1, 2, 0, 1, 1, 0, 0, 0, 1, 2, 1, 0, 0, 1, 0, 2, 2, 2, 1, 0, 0, 2, 0, 1, 1, 0, 0, 0, 2]|[4, 3, 2, 2, 0, 0, 2, 2, 2, 4, 1, 1, 2, 4, 4, 1, 1, 4, 2, 1, 1, 1, 1, 2, 1, 2, 1, 1, 1, 1, 3, 2, 3, 0, 4, 0, 1, 1, 0, 3, 2, 2, 4, 0, 1, 1, 0, 2, 0, 1, 2, 2, 1, 4, 0, 3, 2, 1, 1, 2, 1, 3, 1, 1, 2, 3, 0, 4, 3, 1, 4, 1, 1, 2, 4, 4, 2, 1, 1, 3, 1, 3, 1, 1, 1, 1, 1, 1, 1, 3, 2, 1, 1, 1, 1, 3, 2, 2, 2, 1]|[0, 2, 1, 1, 3, 3, 0, 1, 0, 0, 0, 0, 1, 0, 1, 0, 0, 3, 1, 0, 0, 0, 3, 1, 0, 2, 0, 0, 0, 1, 0, 0, 0, 0, 3, 0, 1, 0, 0, 2, 1, 1, 2, 0, 0, 0, 0, 1, 1, 0, 0, 0, 1, 3, 0, 0, 1, 0, 0, 1, 0, 2, 0, 1, 1, 2, 1, 0, 0, 1, 1, 3, 0, 1, 3, 3, 1, 0, 0, 2, 0, 0, 0, 0, 1, 0, 0, 0, 0, 2, 1, 0, 0, 1, 1, 0, 0, 0, 0, 0],773.8940029664155,57802.475546584945,89682.17206046739,false
39,G2_TEC,G2_TEC,[31, 22, 82, 15, 26, 9, 95, 42, 77, 68, 47, 5, 93, 78, 86, 54, 85, 63, 18, 44, 20, 49, 36, 14, 74, 50, 53, 17, 21, 28, 11, 64, 3, 23, 30, 83, 24, 41, 40, 52, 65, 27, 90, 70, 39, 87, 48, 69, 99, 4, 46, 1, 13, 58, 97, 59, 45, 8, 73, 37, 35, 79, 71, 66, 76, 32, 60, 80, 56, 6, 67, 61, 33, 7, 57, 34, 12, 16, 10, 98, 96, 88, 2, 75, 91, 43, 84, 92, 29, 19, 51, 55, 81, 89, 25, 72, 94, 38, 0, 62]|[2, 1, 2, 1, 1, 2, 1, 1, 1, 1, 1, 0, 2, 2, 1, 2, 0, 0, 0, 2, 2, 1, 0, 2, 0, 2, 2, 1, 0, 1, 1, 1, 0, 0, 1, 0, 2, 1, 2, 2, 0, 0, 1, 1, 0, 2, 0, 2, 1, 0, 0, 2, 0, 0, 2, 0, 1, 1, 0, 0, 2, 1, 1, 2, 2, 0, 2, 2, 2, 1, 2, 1, 1, 2, 0, 1, 1, 2, 1, 2, 0, 1, 0, 0, 1, 1, 0, 0, 1, 1, 1, 0, 1, 1, 1, 1, 2, 0, 2, 1]|[0, 3, 0, 3, 4, 1, 4, 4, 2, 4, 3, 2, 1, 0, 2, 1, 1, 1, 2, 1, 1, 3, 0, 1, 0, 1, 1, 4, 1, 4, 3, 2, 2, 0, 4, 1, 1, 4, 1, 1, 2, 1, 4, 4, 1, 1, 0, 2, 3, 2, 2, 1, 2, 1, 1, 2, 4, 3, 0, 2, 1, 3, 3, 1, 1, 2, 1, 1, 1, 4, 1, 3, 4, 1, 2, 4, 3, 1, 3, 1, 2, 4, 2, 2, 3, 4, 2, 2, 3, 4, 3, 2, 4, 4, 4, 4, 1, 2, 1, 3]|[0, 2, 0, 0, 3, 0, 1, 3, 0, 0, 2, 0, 1, 0, 1, 0, 0, 0, 1, 0, 0, 2, 0, 0, 1, 0, 0, 3, 0, 1, 0, 2, 0, 0, 3, 0, 1, 1, 0, 0, 0, 0, 1, 3, 0, 0, 1, 0, 2, 0, 0, 0, 0, 0, 1, 0, 1, 0, 1, 1, 0, 2, 0, 0, 0, 0, 0, 0, 0, 2, 0, 0, 1, 0, 0, 1, 0, 0, 3, 0, 0, 1, 0, 0, 0, 2, 0, 0, 3, 1, 0, 0, 2, 1, 3, 1, 0, 0, 0, 0],914.0597544875216,49177.57411962909,107642.75205892837,false
39,G3_TWC,G4_BALANCED,[31, 22, 82, 15, 26, 58, 95, 42, 77, 12, 47, 5, 93, 78, 98, 54, 85, 63, 18, 44, 20, 35, 43, 97, 91, 76, 10, 30, 21, 45, 71, 64, 1, 23, 17, 83, 24, 14, 60, 36, 6, 57, 94, 88, 65, 56, 79, 40, 67, 68, 46, 75, 38, 9, 19, 32, 81, 41, 27, 62, 87, 90, 99, 59, 11, 16, 72, 73, 70, 39, 37, 84, 3, 92, 25, 55, 28, 29, 51, 7, 33, 61, 86, 48, 89, 34, 69, 96, 53, 80, 4, 8, 50, 49, 52, 0, 13, 2, 66, 74]|[1, 1, 0, 1, 1, 1, 2, 1, 2, 1, 2, 2, 2, 1, 1, 0, 0, 1, 0, 2, 2, 0, 1, 2, 0, 1, 2, 2, 0, 0, 1, 2, 1, 2, 1, 0, 2, 0, 1, 1, 0, 1, 1, 1, 0, 2, 1, 1, 0, 0, 0, 0, 1, 1, 2, 1, 2, 0, 0, 0, 2, 1, 0, 1, 2, 1, 2, 1, 1, 1, 1, 1, 2, 0, 1, 1, 0, 0, 0, 1, 2, 1, 0, 0, 1, 2, 1, 0, 0, 0, 0, 1, 0, 0, 1, 0, 0, 0, 2, 2]|[4, 3, 2, 2, 0, 0, 2, 2, 2, 4, 1, 1, 2, 4, 4, 1, 1, 4, 2, 1, 1, 1, 1, 2, 1, 2, 1, 1, 1, 1, 3, 2, 3, 0, 4, 0, 1, 1, 0, 3, 2, 2, 4, 0, 1, 1, 0, 2, 0, 1, 2, 2, 1, 4, 0, 3, 2, 1, 1, 2, 1, 3, 1, 1, 1, 3, 0, 4, 3, 1, 4, 1, 1, 2, 4, 4, 2, 1, 1, 3, 1, 3, 1, 1, 1, 1, 3, 1, 2, 1, 2, 3, 1, 1, 1, 2, 2, 2, 1, 1]|[0, 2, 1, 1, 3, 3, 0, 1, 0, 0, 0, 0, 1, 0, 1, 0, 0, 3, 1, 0, 0, 0, 3, 1, 0, 2, 0, 0, 0, 1, 0, 0, 0, 0, 3, 0, 1, 0, 0, 2, 1, 1, 2, 0, 0, 0, 0, 1, 1, 0, 0, 0, 1, 3, 0, 0, 1, 0, 0, 1, 0, 2, 0, 1, 0, 2, 1, 0, 0, 1, 1, 3, 0, 1, 3, 3, 1, 0, 0, 2, 0, 0, 0, 0, 1, 0, 0, 0, 1, 0, 1, 2, 0, 1, 1, 0, 0, 0, 0, 0],790.1921483697682,57957.04840138768,88951.83199580385,true
39,G1_CMAX,G1_CMAX,[31, 22, 82, 15, 26, 99, 95, 42, 77, 12, 47, 5, 93, 78, 86, 54, 21, 63, 18, 44, 20, 35, 43, 97, 91, 76, 10, 30, 85, 45, 71, 64, 1, 23, 57, 83, 24, 14, 60, 36, 81, 17, 40, 88, 65, 56, 79, 94, 67, 68, 46, 75, 38, 9, 19, 32, 41, 6, 27, 87, 90, 58, 59, 11, 16, 72, 73, 70, 39, 37, 84, 3, 92, 25, 55, 28, 62, 29, 51, 7, 33, 61, 98, 48, 89, 50, 4, 96, 53, 80, 66, 8, 34, 49, 52, 0, 13, 2, 69, 74]|[1, 1, 0, 1, 1, 0, 1, 1, 2, 1, 2, 2, 2, 1, 1, 0, 0, 1, 0, 2, 2, 0, 1, 2, 0, 1, 2, 2, 0, 0, 1, 2, 1, 2, 1, 0, 2, 0, 1, 1, 0, 1, 1, 1, 0, 2, 1, 1, 0, 0, 0, 0, 1, 1, 2, 1, 2, 2, 0, 2, 1, 0, 1, 2, 1, 2, 1, 1, 1, 1, 1, 1, 0, 1, 2, 2, 0, 0, 2, 2, 2, 1, 2, 0, 1, 0, 1, 2, 0, 0, 2, 1, 2, 0, 1, 0, 0, 0, 1, 2]|[0, 3, 2, 2, 4, 1, 2, 3, 2, 4, 1, 1, 2, 4, 4, 1, 1, 4, 2, 1, 1, 1, 1, 2, 1, 2, 1, 1, 2, 1, 3, 2, 3, 0, 4, 0, 1, 1, 0, 3, 2, 2, 2, 0, 1, 1, 0, 4, 0, 1, 2, 2, 1, 4, 0, 3, 2, 2, 1, 1, 3, 1, 1, 1, 3, 0, 4, 3, 1, 4, 1, 1, 0, 4, 1, 1, 2, 1, 2, 1, 1, 3, 1, 1, 1, 1, 4, 1, 2, 1, 1, 3, 1, 1, 1, 2, 2, 2, 4, 1]|[0, 2, 1, 1, 3, 0, 1, 3, 0, 0, 0, 0, 1, 0, 1, 0, 0, 3, 1, 0, 0, 0, 3, 1, 0, 2, 0, 0, 0, 1, 0, 0, 0, 0, 3, 0, 1, 0, 0, 2, 1, 1, 1, 0, 0, 0, 0, 2, 1, 0, 0, 0, 1, 3, 0, 0, 1, 1, 0, 0, 2, 0, 1, 0, 2, 1, 0, 0, 1, 1, 3, 1, 1, 3, 0, 0, 1, 0, 1, 0, 0, 0, 0, 0, 1, 0, 0, 0, 1, 0, 0, 2, 0, 1, 1, 0, 0, 0, 2, 0],714.4485115867469,58161.785232764836,94013.66617097157,false
39,G4_BALANCED,G4_BALANCED,[31, 22, 82, 15, 26, 58, 95, 42, 77, 12, 47, 5, 93, 78, 98, 54, 85, 63, 18, 44, 20, 35, 43, 97, 91, 76, 10, 30, 21, 45, 71, 64, 1, 23, 17, 83, 24, 14, 60, 36, 6, 57, 94, 88, 65, 56, 79, 40, 67, 68, 46, 75, 39, 9, 19, 32, 81, 96, 27, 62, 87, 90, 99, 59, 53, 16, 72, 73, 70, 38, 37, 84, 3, 92, 25, 55, 28, 29, 51, 7, 33, 61, 86, 48, 89, 50, 66, 41, 11, 8, 4, 80, 34, 49, 52, 69, 13, 2, 0, 74]|[1, 1, 0, 1, 1, 1, 2, 1, 2, 1, 2, 2, 2, 1, 1, 0, 0, 1, 0, 2, 2, 0, 1, 2, 0, 1, 2, 2, 0, 0, 1, 2, 1, 2, 1, 0, 2, 0, 1, 1, 0, 1, 1, 1, 0, 2, 1, 1, 0, 0, 0, 0, 1, 1, 2, 1, 2, 0, 0, 0, 2, 1, 0, 1, 0, 1, 2, 1, 1, 1, 1, 1, 2, 0, 1, 1, 0, 0, 0, 1, 2, 1, 0, 0, 1, 0, 2, 2, 2, 1, 0, 0, 2, 0, 1, 1, 0, 0, 0, 2]|[4, 3, 2, 2, 0, 0, 2, 2, 2, 4, 1, 1, 2, 4, 4, 1, 1, 4, 2, 1, 1, 1, 1, 2, 1, 2, 1, 1, 1, 1, 3, 2, 3, 0, 4, 0, 1, 1, 0, 3, 2, 2, 4, 0, 1, 1, 0, 2, 0, 1, 2, 2, 1, 4, 0, 3, 2, 1, 1, 2, 1, 3, 1, 1, 2, 3, 0, 4, 3, 1, 4, 1, 1, 2, 4, 4, 2, 1, 1, 3, 1, 3, 1, 1, 1, 1, 1, 1, 1, 3, 2, 1, 1, 1, 1, 3, 2, 2, 2, 1]|[0, 2, 1, 1, 3, 3, 0, 1, 0, 0, 0, 0, 1, 0, 1, 0, 0, 3, 1, 0, 0, 0, 3, 1, 0, 2, 0, 0, 0, 1, 0, 0, 0, 0, 3, 0, 1, 0, 0, 2, 1, 1, 2, 0, 0, 0, 0, 1, 1, 0, 0, 0, 1, 3, 0, 0, 1, 0, 0, 1, 0, 2, 0, 1, 1, 2, 1, 0, 0, 1, 1, 3, 0, 1, 3, 3, 1, 0, 0, 2, 0, 0, 0, 0, 1, 0, 0, 0, 0, 2, 1, 0, 0, 1, 1, 0, 0, 0, 0, 0],773.8940029664155,57802.475546584945,89682.17206046739,false
39,G2_TEC,G2_TEC,[31, 22, 82, 15, 26, 9, 95, 42, 77, 68, 47, 5, 93, 78, 86, 54, 85, 63, 18, 44, 20, 49, 36, 14, 74, 50, 53, 17, 21, 28, 11, 64, 3, 23, 30, 83, 24, 41, 40, 52, 65, 27, 90, 70, 39, 87, 48, 69, 99, 4, 46, 1, 13, 58, 97, 59, 45, 8, 73, 37, 35, 79, 71, 66, 76, 32, 60, 80, 56, 6, 67, 61, 33, 7, 57, 34, 12, 16, 10, 98, 96, 88, 2, 75, 91, 43, 84, 92, 29, 19, 51, 55, 81, 89, 25, 72, 94, 38, 0, 62]|[2, 1, 2, 1, 1, 2, 1, 1, 1, 1, 1, 0, 2, 2, 1, 2, 0, 0, 0, 2, 2, 1, 0, 2, 0, 2, 2, 1, 0, 1, 1, 1, 0, 0, 1, 0, 2, 1, 2, 2, 0, 0, 1, 1, 0, 2, 0, 2, 1, 0, 0, 2, 0, 0, 2, 0, 1, 1, 0, 0, 2, 1, 1, 2, 2, 0, 2, 2, 2, 1, 2, 1, 1, 2, 0, 1, 1, 2, 1, 2, 0, 1, 0, 0, 1, 1, 0, 0, 1, 1, 1, 0, 1, 1, 1, 1, 2, 0, 2, 1]|[0, 3, 0, 3, 4, 1, 4, 4, 2, 4, 3, 2, 1, 0, 2, 1, 1, 1, 2, 1, 1, 3, 0, 1, 0, 1, 1, 4, 1, 4, 3, 2, 2, 0, 4, 1, 1, 4, 1, 1, 2, 1, 4, 4, 1, 1, 0, 2, 3, 2, 2, 1, 2, 1, 1, 2, 4, 3, 0, 2, 1, 3, 3, 1, 1, 2, 1, 1, 1, 4, 1, 3, 4, 1, 2, 4, 3, 1, 3, 1, 2, 4, 2, 2, 3, 4, 2, 2, 3, 4, 3, 2, 4, 4, 4, 4, 1, 2, 1, 3]|[0, 2, 0, 0, 3, 0, 1, 3, 0, 0, 2, 0, 1, 0, 1, 0, 0, 0, 1, 0, 0, 2, 0, 0, 1, 0, 0, 3, 0, 1, 0, 2, 0, 0, 3, 0, 1, 1, 0, 0, 0, 0, 1, 3, 0, 0, 1, 0, 2, 0, 0, 0, 0, 0, 1, 0, 1, 0, 1, 1, 0, 2, 0, 0, 0, 0, 0, 0, 0, 2, 0, 0, 1, 0, 0, 1, 0, 0, 3, 0, 0, 1, 0, 0, 0, 2, 0, 0, 3, 1, 0, 0, 2, 1, 3, 1, 0, 0, 0, 0],914.0597544875216,49177.57411962909,107642.75205892837,false
39,G3_TWC,G1_CMAX,[31, 22, 82, 15, 26, 99, 95, 42, 77, 12, 47, 5, 93, 78, 86, 54, 21, 63, 18, 44, 20, 35, 43, 97, 91, 76, 10, 30, 85, 45, 71, 64, 1, 23, 37, 83, 24, 14, 60, 36, 6, 57, 40, 88, 65, 56, 79, 94, 67, 68, 46, 75, 38, 9, 19, 32, 41, 81, 27, 87, 90, 58, 59, 11, 16, 72, 73, 70, 39, 17, 84, 3, 92, 25, 55, 48, 62, 29, 51, 96, 33, 61, 98, 28, 89, 50, 4, 7, 53, 80, 34, 66, 8, 49, 0, 74, 69, 52, 2, 13]|[2, 1, 0, 1, 1, 0, 1, 1, 2, 1, 2, 2, 2, 1, 1, 0, 0, 1, 0, 2, 2, 0, 1, 2, 0, 1, 2, 2, 0, 0, 1, 2, 1, 2, 1, 0, 2, 0, 1, 1, 0, 1, 1, 1, 0, 2, 1, 1, 0, 0, 0, 0, 1, 1, 2, 1, 0, 2, 0, 2, 1, 0, 1, 2, 1, 2, 1, 1, 1, 1, 1, 1, 0, 1, 2, 0, 0, 0, 0, 2, 2, 1, 2, 0, 1, 0, 1, 2, 0, 0, 2, 2, 1, 0, 0, 2, 1, 1, 0, 0]|[1, 3, 2, 2, 4, 1, 2, 3, 2, 4, 1, 1, 2, 4, 4, 1, 1, 4, 2, 1, 1, 1, 1, 2, 1, 2, 1, 1, 2, 1, 3, 2, 3, 1, 4, 0, 1, 1, 0, 3, 2, 2, 2, 0, 1, 1, 0, 4, 0, 1, 2, 2, 1, 4, 0, 3, 1, 1, 1, 1, 3, 1, 1, 1, 3, 0, 4, 3, 1, 4, 1, 1, 0, 4, 1, 1, 2, 1, 1, 1, 1, 3, 1, 2, 1, 1, 4, 1, 2, 1, 1, 1, 3, 1, 2, 1, 4, 1, 2, 2]|[0, 2, 1, 1, 3, 0, 1, 3, 0, 0, 0, 0, 1, 0, 1, 0, 0, 3, 1, 0, 0, 0, 3, 1, 0, 2, 0, 0, 0, 1, 0, 0, 0, 0, 3, 0, 1, 0, 0, 2, 1, 1, 1, 0, 0, 0, 0, 2, 1, 0, 0, 0, 1, 3, 0, 0, 0, 0, 0, 0, 2, 0, 1, 0, 2, 1, 0, 0, 1, 1, 3, 1, 1, 3, 0, 0, 1, 0, 0, 0, 0, 0, 0, 1, 1, 0, 0, 0, 1, 0, 0, 0, 2, 1, 0, 0, 2, 1, 0, 0],740.2718239221269,55953.992678270595,92365.00024815337,true
39,G1_CMAX,G1_CMAX,[31, 22, 82, 15, 26, 99, 95, 42, 77, 12, 47, 5, 93, 78, 86, 54, 21, 63, 18, 44, 20, 35, 43, 97, 91, 76, 10, 30, 85, 45, 71, 64, 1, 23, 57, 83, 24, 14, 60, 36, 81, 17, 40, 88, 65, 56, 79, 94, 67, 68, 46, 75, 38, 9, 19, 32, 41, 6, 27, 87, 90, 58, 59, 11, 16, 72, 73, 70, 39, 37, 84, 3, 92, 25, 55, 28, 62, 29, 51, 7, 33, 61, 98, 48, 89, 50, 4, 96, 53, 80, 66, 8, 34, 49, 52, 0, 13, 2, 69, 74]|[1, 1, 0, 1, 1, 0, 1, 1, 2, 1, 2, 2, 2, 1, 1, 0, 0, 1, 0, 2, 2, 0, 1, 2, 0, 1, 2, 2, 0, 0, 1, 2, 1, 2, 1, 0, 2, 0, 1, 1, 0, 1, 1, 1, 0, 2, 1, 1, 0, 0, 0, 0, 1, 1, 2, 1, 2, 2, 0, 2, 1, 0, 1, 2, 1, 2, 1, 1, 1, 1, 1, 1, 0, 1, 2, 2, 0, 0, 2, 2, 2, 1, 2, 0, 1, 0, 1, 2, 0, 0, 2, 1, 2, 0, 1, 0, 0, 0, 1, 2]|[0, 3, 2, 2, 4, 1, 2, 3, 2, 4, 1, 1, 2, 4, 4, 1, 1, 4, 2, 1, 1, 1, 1, 2, 1, 2, 1, 1, 2, 1, 3, 2, 3, 0, 4, 0, 1, 1, 0, 3, 2, 2, 2, 0, 1, 1, 0, 4, 0, 1, 2, 2, 1, 4, 0, 3, 2, 2, 1, 1, 3, 1, 1, 1, 3, 0, 4, 3, 1, 4, 1, 1, 0, 4, 1, 1, 2, 1, 2, 1, 1, 3, 1, 1, 1, 1, 4, 1, 2, 1, 1, 3, 1, 1, 1, 2, 2, 2, 4, 1]|[0, 2, 1, 1, 3, 0, 1, 3, 0, 0, 0, 0, 1, 0, 1, 0, 0, 3, 1, 0, 0, 0, 3, 1, 0, 2, 0, 0, 0, 1, 0, 0, 0, 0, 3, 0, 1, 0, 0, 2, 1, 1, 1, 0, 0, 0, 0, 2, 1, 0, 0, 0, 1, 3, 0, 0, 1, 1, 0, 0, 2, 0, 1, 0, 2, 1, 0, 0, 1, 1, 3, 1, 1, 3, 0, 0, 1, 0, 1, 0, 0, 0, 0, 0, 1, 0, 0, 0, 1, 0, 0, 2, 0, 1, 1, 0, 0, 0, 2, 0],714.4485115867469,58161.785232764836,94013.66617097157,false
39,G4_BALANCED,G4_BALANCED,[31, 22, 82, 15, 26, 58, 95, 42, 77, 12, 47, 5, 93, 78, 98, 54, 85, 63, 18, 44, 20, 35, 43, 97, 91, 76, 10, 30, 21, 45, 71, 64, 1, 23, 17, 83, 24, 14, 60, 36, 6, 57, 94, 88, 65, 56, 79, 40, 67, 68, 46, 75, 39, 9, 19, 32, 81, 96, 27, 62, 87, 90, 99, 59, 53, 16, 72, 73, 70, 38, 37, 84, 3, 92, 25, 55, 28, 29, 51, 7, 33, 61, 86, 48, 89, 50, 66, 41, 11, 8, 4, 80, 34, 49, 52, 69, 13, 2, 0, 74]|[1, 1, 0, 1, 1, 1, 2, 1, 2, 1, 2, 2, 2, 1, 1, 0, 0, 1, 0, 2, 2, 0, 1, 2, 0, 1, 2, 2, 0, 0, 1, 2, 1, 2, 1, 0, 2, 0, 1, 1, 0, 1, 1, 1, 0, 2, 1, 1, 0, 0, 0, 0, 1, 1, 2, 1, 2, 0, 0, 0, 2, 1, 0, 1, 0, 1, 2, 1, 1, 1, 1, 1, 2, 0, 1, 1, 0, 0, 0, 1, 2, 1, 0, 0, 1, 0, 2, 2, 2, 1, 0, 0, 2, 0, 1, 1, 0, 0, 0, 2]|[4, 3, 2, 2, 0, 0, 2, 2, 2, 4, 1, 1, 2, 4, 4, 1, 1, 4, 2, 1, 1, 1, 1, 2, 1, 2, 1, 1, 1, 1, 3, 2, 3, 0, 4, 0, 1, 1, 0, 3, 2, 2, 4, 0, 1, 1, 0, 2, 0, 1, 2, 2, 1, 4, 0, 3, 2, 1, 1, 2, 1, 3, 1, 1, 2, 3, 0, 4, 3, 1, 4, 1, 1, 2, 4, 4, 2, 1, 1, 3, 1, 3, 1, 1, 1, 1, 1, 1, 1, 3, 2, 1, 1, 1, 1, 3, 2, 2, 2, 1]|[0, 2, 1, 1, 3, 3, 0, 1, 0, 0, 0, 0, 1, 0, 1, 0, 0, 3, 1, 0, 0, 0, 3, 1, 0, 2, 0, 0, 0, 1, 0, 0, 0, 0, 3, 0, 1, 0, 0, 2, 1, 1, 2, 0, 0, 0, 0, 1, 1, 0, 0, 0, 1, 3, 0, 0, 1, 0, 0, 1, 0, 2, 0, 1, 1, 2, 1, 0, 0, 1, 1, 3, 0, 1, 3, 3, 1, 0, 0, 2, 0, 0, 0, 0, 1, 0, 0, 0, 0, 2, 1, 0, 0, 1, 1, 0, 0, 0, 0, 0],773.8940029664155,57802.475546584945,89682.17206046739,false
39,G2_TEC,G2_TEC,[31, 22, 82, 15, 26, 9, 95, 42, 77, 68, 47, 5, 93, 78, 86, 54, 85, 63, 18, 44, 20, 49, 36, 14, 74, 50, 53, 17, 21, 28, 11, 64, 3, 23, 30, 83, 24, 41, 40, 52, 65, 27, 90, 70, 39, 87, 48, 69, 99, 4, 46, 1, 13, 58, 97, 59, 45, 8, 73, 37, 35, 79, 71, 66, 76, 32, 60, 80, 56, 6, 67, 61, 33, 7, 57, 34, 12, 16, 10, 98, 96, 88, 2, 75, 91, 43, 84, 92, 29, 19, 51, 55, 81, 89, 25, 72, 94, 38, 0, 62]|[2, 1, 2, 1, 1, 2, 1, 1, 1, 1, 1, 0, 2, 2, 1, 2, 0, 0, 0, 2, 2, 1, 0, 2, 0, 2, 2, 1, 0, 1, 1, 1, 0, 0, 1, 0, 2, 1, 2, 2, 0, 0, 1, 1, 0, 2, 0, 2, 1, 0, 0, 2, 0, 0, 2, 0, 1, 1, 0, 0, 2, 1, 1, 2, 2, 0, 2, 2, 2, 1, 2, 1, 1, 2, 0, 1, 1, 2, 1, 2, 0, 1, 0, 0, 1, 1, 0, 0, 1, 1, 1, 0, 1, 1, 1, 1, 2, 0, 2, 1]|[0, 3, 0, 3, 4, 1, 4, 4, 2, 4, 3, 2, 1, 0, 2, 1, 1, 1, 2, 1, 1, 3, 0, 1, 0, 1, 1, 4, 1, 4, 3, 2, 2, 0, 4, 1, 1, 4, 1, 1, 2, 1, 4, 4, 1, 1, 0, 2, 3, 2, 2, 1, 2, 1, 1, 2, 4, 3, 0, 2, 1, 3, 3, 1, 1, 2, 1, 1, 1, 4, 1, 3, 4, 1, 2, 4, 3, 1, 3, 1, 2, 4, 2, 2, 3, 4, 2, 2, 3, 4, 3, 2, 4, 4, 4, 4, 1, 2, 1, 3]|[0, 2, 0, 0, 3, 0, 1, 3, 0, 0, 2, 0, 1, 0, 1, 0, 0, 0, 1, 0, 0, 2, 0, 0, 1, 0, 0, 3, 0, 1, 0, 2, 0, 0, 3, 0, 1, 1, 0, 0, 0, 0, 1, 3, 0, 0, 1, 0, 2, 0, 0, 0, 0, 0, 1, 0, 1, 0, 1, 1, 0, 2, 0, 0, 0, 0, 0, 0, 0, 2, 0, 0, 1, 0, 0, 1, 0, 0, 3, 0, 0, 1, 0, 0, 0, 2, 0, 0, 3, 1, 0, 0, 2, 1, 3, 1, 0, 0, 0, 0],914.0597544875216,49177.57411962909,107642.75205892837,false
39,G3_TWC,G4_BALANCED,[31, 22, 82, 15, 26, 58, 95, 42, 77, 12, 47, 5, 93, 78, 98, 54, 85, 63, 18, 44, 20, 35, 43, 97, 91, 76, 10, 30, 21, 45, 71, 64, 1, 23, 17, 83, 24, 14, 60, 36, 6, 57, 94, 88, 65, 56, 79, 40, 67, 68, 46, 75, 38, 9, 19, 32, 81, 41, 27, 62, 87, 90, 99, 59, 11, 16, 72, 73, 70, 39, 37, 84, 3, 92, 25, 55, 28, 29, 51, 7, 33, 61, 86, 48, 89, 34, 69, 96, 53, 80, 4, 8, 50, 49, 52, 0, 13, 2, 66, 74]|[1, 1, 0, 1, 1, 1, 2, 1, 2, 1, 2, 2, 2, 1, 1, 0, 0, 1, 0, 2, 2, 0, 1, 2, 0, 1, 2, 2, 0, 0, 1, 2, 1, 2, 1, 0, 2, 0, 1, 1, 0, 1, 1, 1, 0, 2, 1, 1, 0, 0, 0, 0, 1, 1, 2, 1, 2, 0, 0, 0, 2, 1, 0, 1, 2, 1, 2, 1, 1, 1, 1, 1, 2, 0, 1, 1, 0, 0, 0, 1, 2, 1, 0, 0, 1, 2, 1, 0, 0, 0, 0, 1, 0, 0, 1, 0, 0, 0, 2, 2]|[4, 3, 2, 2, 0, 0, 2, 2, 2, 4, 1, 1, 2, 4, 4, 1, 1, 4, 2, 1, 1, 1, 1, 2, 1, 2, 1, 1, 1, 1, 3, 2, 3, 0, 4, 0, 1, 1, 0, 3, 2, 2, 4, 0, 1, 1, 0, 2, 0, 1, 2, 2, 1, 4, 0, 3, 2, 1, 1, 2, 1, 3, 1, 1, 1, 3, 0, 4, 3, 1, 4, 1, 1, 2, 4, 4, 2, 1, 1, 3, 1, 3, 1, 1, 1, 1, 3, 1, 2, 1, 2, 3, 1, 1, 1, 2, 2, 2, 1, 1]|[0, 2, 1, 1, 3, 3, 0, 1, 0, 0, 0, 0, 1, 0, 1, 0, 0, 3, 1, 0, 0, 0, 3, 1, 0, 2, 0, 0, 0, 1, 0, 0, 0, 0, 3, 0, 1, 0, 0, 2, 1, 1, 2, 0, 0, 0, 0, 1, 1, 0, 0, 0, 1, 3, 0, 0, 1, 0, 0, 1, 0, 2, 0, 1, 0, 2, 1, 0, 0, 1, 1, 3, 0, 1, 3, 3, 1, 0, 0, 2, 0, 0, 0, 0, 1, 0, 0, 0, 1, 0, 1, 2, 0, 1, 1, 0, 0, 0, 0, 0],790.1921483697682,57957.04840138768,88951.83199580385,true
40,G1_CMAX,G1_CMAX,[31, 22, 82, 15, 26, 99, 95, 42, 77, 12, 47, 5, 93, 78, 86, 54, 21, 63, 18, 44, 20, 35, 43, 97, 91, 76, 10, 30, 85, 45, 71, 64, 1, 23, 57, 83, 24, 14, 60, 36, 81, 17, 40, 88, 65, 56, 79, 94, 67, 68, 46, 75, 38, 9, 19, 32, 41, 6, 27, 87, 90, 58, 59, 11, 16, 72, 73, 70, 39, 37, 84, 3, 92, 25, 55, 28, 62, 29, 51, 7, 33, 61, 98, 48, 89, 50, 4, 96, 53, 80, 66, 8, 34, 49, 52, 0, 13, 2, 69, 74]|[1, 1, 0, 1, 1, 0, 1, 1, 2, 1, 2, 2, 2, 1, 1, 0, 0, 1, 0, 2, 2, 0, 1, 2, 0, 1, 2, 2, 0, 0, 1, 2, 1, 2, 1, 0, 2, 0, 1, 1, 0, 1, 1, 1, 0, 2, 1, 1, 0, 0, 0, 0, 1, 1, 2, 1, 2, 2, 0, 2, 1, 0, 1, 2, 1, 2, 1, 1, 1, 1, 1, 1, 0, 1, 2, 2, 0, 0, 2, 2, 2, 1, 2, 0, 1, 0, 1, 2, 0, 0, 2, 1, 2, 0, 1, 0, 0, 0, 1, 2]|[0, 3, 2, 2, 4, 1, 2, 3, 2, 4, 1, 1, 2, 4, 4, 1, 1, 4, 2, 1, 1, 1, 1, 2, 1, 2, 1, 1, 2, 1, 3, 2, 3, 0, 4, 0, 1, 1, 0, 3, 2, 2, 2, 0, 1, 1, 0, 4, 0, 1, 2, 2, 1, 4, 0, 3, 2, 2, 1, 1, 3, 1, 1, 1, 3, 0, 4, 3, 1, 4, 1, 1, 0, 4, 1, 1, 2, 1, 2, 1, 1, 3, 1, 1, 1, 1, 4, 1, 2, 1, 1, 3, 1, 1, 1, 2, 2, 2, 4, 1]|[0, 2, 1, 1, 3, 0, 1, 3, 0, 0, 0, 0, 1, 0, 1, 0, 0, 3, 1, 0, 0, 0, 3, 1, 0, 2, 0, 0, 0, 1, 0, 0, 0, 0, 3, 0, 1, 0, 0, 2, 1, 1, 1, 0, 0, 0, 0, 2, 1, 0, 0, 0, 1, 3, 0, 0, 1, 1, 0, 0, 2, 0, 1, 0, 2, 1, 0, 0, 1, 1, 3, 1, 1, 3, 0, 0, 1, 0, 1, 0, 0, 0, 0, 0, 1, 0, 0, 0, 1, 0, 0, 2, 0, 1, 1, 0, 0, 0, 2, 0],714.4485115867469,58161.785232764836,94013.66617097157,false
40,G4_BALANCED,G4_BALANCED,[31, 22, 82, 15, 26, 58, 95, 42, 77, 12, 47, 5, 93, 78, 98, 54, 85, 63, 18, 44, 20, 35, 43, 97, 91, 76, 10, 30, 21, 45, 71, 64, 1, 23, 17, 83, 24, 14, 60, 36, 6, 57, 94, 88, 65, 56, 79, 40, 67, 68, 46, 75, 39, 9, 19, 32, 81, 96, 27, 62, 87, 90, 99, 59, 53, 16, 72, 73, 70, 38, 37, 84, 3, 92, 25, 55, 28, 29, 51, 7, 33, 61, 86, 48, 89, 50, 66, 41, 11, 8, 4, 80, 34, 49, 52, 69, 13, 2, 0, 74]|[1, 1, 0, 1, 1, 1, 2, 1, 2, 1, 2, 2, 2, 1, 1, 0, 0, 1, 0, 2, 2, 0, 1, 2, 0, 1, 2, 2, 0, 0, 1, 2, 1, 2, 1, 0, 2, 0, 1, 1, 0, 1, 1, 1, 0, 2, 1, 1, 0, 0, 0, 0, 1, 1, 2, 1, 2, 0, 0, 0, 2, 1, 0, 1, 0, 1, 2, 1, 1, 1, 1, 1, 2, 0, 1, 1, 0, 0, 0, 1, 2, 1, 0, 0, 1, 0, 2, 2, 2, 1, 0, 0, 2, 0, 1, 1, 0, 0, 0, 2]|[4, 3, 2, 2, 0, 0, 2, 2, 2, 4, 1, 1, 2, 4, 4, 1, 1, 4, 2, 1, 1, 1, 1, 2, 1, 2, 1, 1, 1, 1, 3, 2, 3, 0, 4, 0, 1, 1, 0, 3, 2, 2, 4, 0, 1, 1, 0, 2, 0, 1, 2, 2, 1, 4, 0, 3, 2, 1, 1, 2, 1, 3, 1, 1, 2, 3, 0, 4, 3, 1, 4, 1, 1, 2, 4, 4, 2, 1, 1, 3, 1, 3, 1, 1, 1, 1, 1, 1, 1, 3, 2, 1, 1, 1, 1, 3, 2, 2, 2, 1]|[0, 2, 1, 1, 3, 3, 0, 1, 0, 0, 0, 0, 1, 0, 1, 0, 0, 3, 1, 0, 0, 0, 3, 1, 0, 2, 0, 0, 0, 1, 0, 0, 0, 0, 3, 0, 1, 0, 0, 2, 1, 1, 2, 0, 0, 0, 0, 1, 1, 0, 0, 0, 1, 3, 0, 0, 1, 0, 0, 1, 0, 2, 0, 1, 1, 2, 1, 0, 0, 1, 1, 3, 0, 1, 3, 3, 1, 0, 0, 2, 0, 0, 0, 0, 1, 0, 0, 0, 0, 2, 1, 0, 0, 1, 1, 0, 0, 0, 0, 0],773.8940029664155,57802.475546584945,89682.17206046739,false
40,G2_TEC,G2_TEC,[31, 22, 82, 15, 26, 9, 95, 42, 77, 68, 47, 5, 93, 78, 86, 54, 85, 63, 18, 44, 20, 49, 36, 14, 74, 50, 53, 17, 21, 28, 11, 64, 3, 23, 30, 83, 24, 41, 40, 52, 65, 27, 90, 70, 39, 87, 48, 69, 99, 4, 46, 1, 13, 58, 97, 59, 45, 8, 73, 37, 35, 79, 71, 66, 76, 32, 60, 80, 56, 6, 67, 61, 33, 7, 57, 34, 12, 16, 10, 98, 96, 88, 2, 75, 91, 43, 84, 92, 29, 19, 51, 55, 81, 89, 25, 72, 94, 38, 0, 62]|[2, 1, 2, 1, 1, 2, 1, 1, 1, 1, 1, 0, 2, 2, 1, 2, 0, 0, 0, 2, 2, 1, 0, 2, 0, 2, 2, 1, 0, 1, 1, 1, 0, 0, 1, 0, 2, 1, 2, 2, 0, 0, 1, 1, 0, 2, 0, 2, 1, 0, 0, 2, 0, 0, 2, 0, 1, 1, 0, 0, 2, 1, 1, 2, 2, 0, 2, 2, 2, 1, 2, 1, 1, 2, 0, 1, 1, 2, 1, 2, 0, 1, 0, 0, 1, 1, 0, 0, 1, 1, 1, 0, 1, 1, 1, 1, 2, 0, 2, 1]|[0, 3, 0, 3, 4, 1, 4, 4, 2, 4, 3, 2, 1, 0, 2, 1, 1, 1, 2, 1, 1, 3, 0, 1, 0, 1, 1, 4, 1, 4, 3, 2, 2, 0, 4, 1, 1, 4, 1, 1, 2, 1, 4, 4, 1, 1, 0, 2, 3, 2, 2, 1, 2, 1, 1, 2, 4, 3, 0, 2, 1, 3, 3, 1, 1, 2, 1, 1, 1, 4, 1, 3, 4, 1, 2, 4, 3, 1, 3, 1, 2, 4, 2, 2, 3, 4, 2, 2, 3, 4, 3, 2, 4, 4, 4, 4, 1, 2, 1, 3]|[0, 2, 0, 0, 3, 0, 1, 3, 0, 0, 2, 0, 1, 0, 1, 0, 0, 0, 1, 0, 0, 2, 0, 0, 1, 0, 0, 3, 0, 1, 0, 2, 0, 0, 3, 0, 1, 1, 0, 0, 0, 0, 1, 3, 0, 0, 1, 0, 2, 0, 0, 0, 0, 0, 1, 0, 1, 0, 1, 1, 0, 2, 0, 0, 0, 0, 0, 0, 0, 2, 0, 0, 1, 0, 0, 1, 0, 0, 3, 0, 0, 1, 0, 0, 0, 2, 0, 0, 3, 1, 0, 0, 2, 1, 3, 1, 0, 0, 0, 0],914.0597544875216,49177.57411962909,107642.75205892837,false
40,G3_TWC,G3_TWC,[31, 22, 82, 15, 26, 58, 95, 42, 77, 12, 47, 5, 93, 78, 98, 54, 85, 63, 18, 44, 20, 35, 43, 86, 91, 76, 10, 30, 21, 45, 71, 64, 1, 23, 17, 83, 24, 14, 60, 36, 6, 57, 94, 88, 65, 56, 79, 40, 67, 68, 46, 75, 38, 9, 19, 32, 81, 41, 27, 62, 87, 90, 99, 59, 11, 16, 72, 73, 70, 39, 37, 84, 3, 92, 25, 55, 28, 29, 51, 7, 33, 61, 97, 66, 89, 50, 48, 96, 53, 80, 8, 4, 34, 49, 52, 2, 13, 0, 69, 74]|[1, 1, 0, 1, 1, 1, 2, 1, 2, 1, 2, 2, 2, 1, 1, 0, 0, 1, 0, 2, 2, 0, 1, 2, 0, 1, 2, 2, 0, 0, 1, 2, 1, 2, 1, 0, 2, 0, 1, 1, 0, 1, 1, 1, 0, 2, 1, 1, 0, 0, 0, 0, 1, 1, 2, 1, 2, 0, 0, 0, 2, 1, 0, 1, 2, 1, 2, 1, 1, 1, 1, 1, 2, 0, 1, 1, 0, 0, 0, 1, 2, 1, 2, 2, 1, 0, 0, 0, 0, 0, 1, 0, 2, 0, 1, 0, 0, 0, 1, 2]|[4, 3, 2, 2, 0, 0, 2, 2, 2, 4, 1, 1, 2, 4, 4, 1, 1, 4, 2, 1, 1, 1, 1, 2, 1, 2, 1, 1, 1, 1, 3, 2, 3, 0, 4, 0, 1, 1, 0, 3, 2, 2, 4, 0, 1, 1, 0, 2, 0, 1, 2, 2, 1, 4, 0, 3, 2, 1, 1, 2, 1, 3, 1, 1, 1, 3, 0, 4, 3, 1, 4, 1, 1, 2, 4, 4, 2, 1, 1, 3, 1, 3, 2, 1, 1, 1, 1, 1, 2, 1, 3, 2, 1, 1, 1, 2, 2, 2, 3, 1]|[0, 2, 1, 1, 3, 3, 0, 1, 0, 0, 0, 0, 1, 0, 1, 0, 0, 3, 1, 0, 0, 0, 3, 1, 0, 2, 0, 0, 0, 1, 0, 0, 0, 0, 3, 0, 1, 0, 0, 2, 1, 1, 2, 0, 0, 0, 0, 1, 1, 0, 0, 0, 1, 3, 0, 0, 1, 0, 0, 1, 0, 2, 0, 1, 0, 2, 1, 0, 0, 1, 1, 3, 0, 1, 3, 3, 1, 0, 0, 2, 0, 0, 1, 0, 1, 0, 0, 0, 1, 0, 2, 1, 0, 1, 1, 0, 0, 0, 0, 0],769.3675528023551,58442.12874530247,89320.05883222428,false
40,G1_CMAX,G1_CMAX,[31, 22, 82, 15, 26, 99, 95, 42, 77, 12, 47, 5, 93, 78, 86, 54, 21, 63, 18, 44, 20, 35, 43, 97, 91, 76, 10, 30, 85, 45, 71, 64, 1, 23, 57, 83, 24, 14, 60, 36, 81, 17, 40, 88, 65, 56, 79, 94, 67, 68, 46, 75, 38, 9, 19, 32, 41, 6, 27, 87, 90, 58, 59, 11, 16, 72, 73, 70, 39, 37, 84, 3, 92, 25, 55, 28, 62, 29, 51, 7, 33, 61, 98, 48, 89, 50, 4, 96, 53, 80, 66, 8, 34, 49, 52, 0, 13, 2, 69, 74]|[1, 1, 0, 1, 1, 0, 1, 1, 2, 1, 2, 2, 2, 1, 1, 0, 0, 1, 0, 2, 2, 0, 1, 2, 0, 1, 2, 2, 0, 0, 1, 2, 1, 2, 1, 0, 2, 0, 1, 1, 0, 1, 1, 1, 0, 2, 1, 1, 0, 0, 0, 0, 1, 1, 2, 1, 2, 2, 0, 2, 1, 0, 1, 2, 1, 2, 1, 1, 1, 1, 1, 1, 0, 1, 2, 2, 0, 0, 2, 2, 2, 1, 2, 0, 1, 0, 1, 2, 0, 0, 2, 1, 2, 0, 1, 0, 0, 0, 1, 2]|[0, 3, 2, 2, 4, 1, 2, 3, 2, 4, 1, 1, 2, 4, 4, 1, 1, 4, 2, 1, 1, 1, 1, 2, 1, 2, 1, 1, 2, 1, 3, 2, 3, 0, 4, 0, 1, 1, 0, 3, 2, 2, 2, 0, 1, 1, 0, 4, 0, 1, 2, 2, 1, 4, 0, 3, 2, 2, 1, 1, 3, 1, 1, 1, 3, 0, 4, 3, 1, 4, 1, 1, 0, 4, 1, 1, 2, 1, 2, 1, 1, 3, 1, 1, 1, 1, 4, 1, 2, 1, 1, 3, 1, 1, 1, 2, 2, 2, 4, 1]|[0, 2, 1, 1, 3, 0, 1, 3, 0, 0, 0, 0, 1, 0, 1, 0, 0, 3, 1, 0, 0, 0, 3, 1, 0, 2, 0, 0, 0, 1, 0, 0, 0, 0, 3, 0, 1, 0, 0, 2, 1, 1, 1, 0, 0, 0, 0, 2, 1, 0, 0, 0, 1, 3, 0, 0, 1, 1, 0, 0, 2, 0, 1, 0, 2, 1, 0, 0, 1, 1, 3, 1, 1, 3, 0, 0, 1, 0, 1, 0, 0, 0, 0, 0, 1, 0, 0, 0, 1, 0, 0, 2, 0, 1, 1, 0, 0, 0, 2, 0],714.4485115867469,58161.785232764836,94013.66617097157,false
40,G4_BALANCED,G1_CMAX,[22, 82, 3, 58, 95, 42, 77, 47, 5, 93, 78, 12, 86, 54, 50, 63, 18, 44, 20, 35, 43, 97, 91, 76, 10, 30, 21, 45, 71, 64, 36, 23, 17, 83, 24, 14, 60, 1, 6, 40, 57, 90, 65, 56, 79, 94, 67, 68, 46, 75, 38, 9, 19, 32, 81, 41, 27, 62, 16, 55, 59, 89, 88, 87, 31, 72, 73, 70, 39, 37, 84, 92, 25, 11, 48, 15, 29, 51, 7, 33, 61, 98, 28, 99, 26, 85, 66, 96, 53, 80, 4, 8, 34, 49, 52, 2, 13, 0, 69, 74]|[1, 0, 1, 0, 1, 2, 2, 2, 2, 2, 1, 1, 1, 0, 0, 1, 0, 2, 2, 0, 1, 2, 0, 1, 2, 2, 0, 0, 1, 2, 1, 2, 1, 0, 2, 0, 1, 1, 0, 1, 1, 1, 0, 2, 1, 1, 0, 0, 0, 0, 1, 1, 2, 1, 2, 0, 0, 0, 1, 2, 1, 1, 1, 1, 1, 2, 1, 2, 1, 1, 1, 0, 1, 2, 2, 1, 0, 0, 1, 2, 1, 2, 0, 1, 1, 0, 0, 2, 0, 0, 1, 1, 2, 0, 1, 0, 0, 0, 1, 2]|[3, 2, 1, 1, 2, 1, 2, 1, 1, 2, 4, 4, 4, 1, 1, 4, 2, 1, 1, 1, 1, 2, 1, 2, 1, 1, 2, 1, 3, 2, 3, 1, 4, 1, 1, 1, 0, 3, 2, 2, 2, 3, 1, 1, 0, 4, 0, 1, 2, 2, 1, 4, 0, 3, 2, 1, 1, 2, 3, 1, 1, 1, 0, 3, 0, 0, 3, 0, 1, 4, 1, 0, 4, 1, 1, 4, 1, 1, 1, 1, 3, 1, 2, 1, 0, 2, 1, 1, 2, 1, 4, 3, 1, 1, 1, 2, 2, 2, 4, 1]|[3, 1, 2, 0, 1, 0, 0, 0, 0, 1, 0, 0, 1, 0, 0, 3, 1, 0, 0, 0, 3, 1, 0, 2, 0, 0, 0, 1, 0, 0, 2, 0, 3, 0, 1, 0, 0, 0, 1, 1, 1, 2, 0, 0, 0, 2, 1, 0, 0, 0, 1, 3, 0, 0, 1, 0, 0, 1, 2, 0, 1, 1, 0, 2, 0, 1, 0, 1, 1, 1, 1, 1, 3, 0, 0, 3, 0, 0, 2, 0, 0, 0, 1, 1, 3, 0, 0, 0, 1, 0, 0, 2, 0, 1, 1, 0, 0, 0, 2, 0],715.7913946700162,58060.95961022334,95287.06515100288,true
40,G2_TEC,G4_BALANCED,[31, 22, 82, 15, 26, 9, 95, 42, 77, 68, 47, 5, 93, 78, 86, 54, 85, 63, 18, 44, 20, 49, 36, 14, 74, 50, 53, 17, 21, 28, 11, 64, 3, 23, 30, 83, 24, 41, 40, 52, 65, 27, 90, 70, 39, 87, 48, 69, 99, 4, 46, 1, 13, 58, 19, 59, 45, 8, 73, 37, 35, 79, 71, 66, 76, 32, 60, 80, 96, 6, 16, 61, 33, 7, 57, 34, 12, 67, 10, 98, 56, 88, 43, 75, 91, 38, 84, 92, 29, 97, 51, 55, 81, 25, 89, 72, 94, 2, 0, 62]|[2, 1, 2, 1, 1, 0, 1, 1, 1, 1, 1, 0, 2, 2, 1, 2, 0, 0, 0, 2, 2, 1, 0, 2, 0, 2, 2, 1, 0, 1, 1, 1, 0, 0, 1, 0, 2, 1, 2, 2, 0, 0, 1, 1, 0, 2, 0, 2, 1, 0, 0, 2, 0, 0, 2, 0, 1, 1, 0, 0, 2, 1, 1, 2, 2, 0, 2, 2, 0, 1, 2, 1, 1, 2, 0, 1, 1, 0, 1, 2, 2, 1, 1, 0, 1, 0, 0, 0, 1, 1, 1, 0, 1, 1, 1, 1, 2, 2, 0, 1]|[0, 3, 0, 3, 4, 1, 4, 4, 2, 4, 3, 2, 1, 0, 2, 1, 1, 1, 2, 1, 1, 3, 0, 1, 0, 1, 1, 4, 1, 4, 3, 2, 2, 0, 4, 1, 1, 4, 1, 1, 2, 1, 4, 4, 1, 1, 0, 2, 3, 2, 2, 1, 2, 1, 1, 2, 4, 3, 0, 2, 2, 3, 3, 1, 1, 2, 1, 1, 2, 4, 1, 3, 4, 1, 2, 4, 3, 2, 3, 1, 1, 4, 4, 2, 3, 2, 2, 2, 3, 4, 3, 2, 4, 4, 4, 4, 1, 1, 2, 3]|[0, 2, 0, 0, 3, 0, 1, 3, 0, 0, 2, 0, 1, 0, 1, 0, 0, 0, 1, 0, 0, 2, 0, 0, 1, 0, 0, 3, 0, 1, 0, 2, 0, 0, 3, 0, 1, 1, 0, 0, 0, 0, 1, 3, 0, 0, 1, 0, 2, 0, 0, 0, 0, 0, 1, 0, 1, 0, 1, 1, 0, 2, 0, 0, 0, 0, 0, 0, 0, 2, 0, 0, 1, 0, 0, 1, 0, 0, 3, 0, 0, 1, 2, 0, 0, 0, 0, 0, 3, 1, 0, 0, 2, 3, 1, 1, 0, 0, 0, 0],956.6169724647291,49666.99113174686,105123.79289078768,true
40,G3_TWC,G4_BALANCED,[31, 22, 82, 15, 26, 58, 95, 42, 77, 12, 47, 5, 93, 78, 86, 54, 85, 63, 18, 44, 20, 35, 43, 97, 66, 76, 79, 30, 21, 45, 71, 64, 1, 23, 17, 83, 24, 14, 60, 36, 6, 57, 40, 88, 65, 56, 10, 94, 67, 68, 46, 75, 38, 9, 19, 32, 41, 81, 27, 62, 87, 90, 99, 59, 11, 16, 72, 73, 69, 39, 37, 84, 3, 92, 25, 55, 29, 28, 51, 7, 33, 61, 98, 48, 89, 50, 4, 96, 53, 80, 91, 8, 34, 2, 52, 0, 13, 70, 49, 74]|[1, 1, 0, 1, 1, 0, 1, 2, 2, 1, 2, 2, 2, 1, 1, 0, 0, 1, 0, 2, 2, 0, 1, 2, 2, 1, 2, 2, 0, 0, 1, 2, 1, 2, 1, 0, 2, 0, 1, 1, 0, 1, 1, 1, 0, 2, 2, 1, 0, 0, 0, 0, 1, 1, 2, 1, 0, 2, 0, 0, 2, 1, 0, 1, 2, 1, 2, 1, 1, 1, 1, 1, 1, 0, 1, 2, 0, 0, 0, 1, 0, 1, 2, 0, 1, 0, 1, 2, 0, 2, 0, 0, 2, 0, 1, 0, 0, 1, 0, 2]|[4, 3, 2, 2, 4, 1, 2, 2, 2, 4, 1, 1, 2, 4, 4, 1, 2, 4, 2, 1, 1, 1, 1, 2, 1, 2, 1, 1, 1, 1, 3, 1, 3, 1, 4, 0, 1, 1, 0, 3, 2, 2, 2, 0, 1, 1, 1, 4, 0, 1, 2, 2, 1, 4, 0, 3, 1, 1, 1, 2, 1, 3, 1, 1, 1, 3, 0, 4, 3, 1, 4, 1, 1, 0, 4, 1, 1, 2, 1, 1, 1, 3, 1, 1, 1, 1, 4, 1, 2, 1, 1, 1, 1, 2, 1, 2, 2, 3, 1, 1]|[0, 2, 1, 1, 3, 0, 1, 0, 0, 0, 0, 0, 1, 0, 1, 0, 0, 3, 1, 0, 0, 0, 3, 1, 0, 2, 0, 0, 0, 0, 0, 0, 0, 0, 3, 0, 1, 0, 0, 2, 1, 1, 1, 0, 0, 0, 0, 2, 1, 0, 0, 0, 1, 3, 0, 0, 0, 0, 0, 1, 0, 2, 0, 1, 0, 2, 1, 0, 0, 1, 1, 3, 1, 1, 3, 0, 0, 1, 0, 2, 0, 0, 0, 0, 1, 0, 0, 0, 1, 0, 0, 0, 0, 0, 1, 0, 0, 0, 1, 0],791.415243510269,55303.85816333782,96750.39584222315,true
40,G1_CMAX,G4_BALANCED,[31, 22, 82, 15, 26, 58, 95, 42, 77, 12, 47, 5, 93, 78, 98, 54, 85, 63, 18, 44, 20, 35, 43, 97, 91, 76, 10, 30, 21, 45, 71, 64, 1, 23, 17, 83, 24, 14, 60, 36, 6, 57, 94, 88, 65, 56, 79, 40, 67, 68, 46, 75, 38, 9, 19, 32, 81, 96, 27, 62, 87, 90, 99, 59, 11, 16, 72, 73, 70, 39, 37, 84, 3, 92, 25, 55, 28, 29, 51, 7, 33, 61, 86, 48, 89, 50, 66, 41, 53, 80, 4, 8, 34, 74, 52, 2, 13, 0, 49, 69]|[1, 1, 0, 1, 1, 1, 2, 1, 2, 1, 2, 2, 2, 1, 1, 0, 0, 1, 0, 2, 2, 0, 1, 2, 0, 1, 2, 2, 0, 0, 1, 2, 1, 2, 1, 0, 2, 0, 1, 1, 0, 1, 1, 1, 0, 2, 1, 1, 0, 0, 0, 0, 1, 1, 2, 1, 2, 0, 0, 0, 2, 1, 0, 1, 2, 1, 2, 1, 1, 1, 1, 1, 2, 0, 1, 1, 0, 0, 0, 1, 2, 1, 0, 2, 1, 0, 2, 0, 0, 0, 0, 1, 2, 2, 1, 0, 0, 0, 0, 2]|[4, 3, 2, 2, 0, 0, 2, 2, 2, 4, 1, 1, 2, 4, 4, 1, 1, 4, 2, 1, 1, 1, 1, 2, 1, 2, 1, 1, 1, 1, 3, 1, 3, 0, 4, 0, 1, 1, 0, 3, 2, 2, 4, 0, 1, 1, 0, 2, 0, 1, 2, 2, 1, 4, 0, 3, 2, 1, 1, 2, 1, 3, 1, 1, 1, 3, 1, 4, 3, 1, 4, 1, 1, 2, 4, 4, 2, 1, 1, 3, 1, 3, 1, 1, 1, 1, 1, 1, 2, 1, 2, 3, 1, 1, 1, 2, 2, 2, 1, 1]|[0, 2, 1, 1, 3, 3, 0, 1, 0, 0, 0, 0, 1, 0, 1, 0, 0, 3, 1, 0, 0, 0, 3, 1, 0, 2, 0, 0, 0, 1, 0, 0, 0, 0, 3, 0, 1, 0, 0, 2, 1, 1, 2, 0, 0, 0, 0, 1, 1, 0, 0, 0, 1, 3, 0, 0, 1, 0, 0, 1, 0, 2, 0, 1, 0, 2, 0, 0, 0, 1, 1, 3, 0, 1, 3, 3, 1, 0, 0, 2, 0, 0, 0, 0, 1, 0, 0, 0, 1, 0, 1, 2, 0, 0, 1, 0, 0, 0, 1, 0],783.4194125849747,57406.74554231426,90700.63892031857,true
40,G4_BALANCED,G1_CMAX,[22, 82, 3, 58, 95, 42, 77, 47, 5, 93, 78, 12, 86, 54, 50, 63, 18, 44, 20, 35, 43, 97, 91, 76, 10, 30, 21, 45, 71, 64, 36, 23, 17, 83, 24, 14, 60, 1, 6, 40, 57, 90, 65, 56, 79, 94, 67, 68, 46, 75, 38, 9, 19, 32, 81, 41, 27, 62, 16, 55, 59, 89, 88, 87, 31, 72, 73, 70, 39, 37, 84, 92, 25, 11, 48, 15, 29, 51, 7, 33, 61, 98, 28, 99, 26, 85, 66, 96, 53, 80, 4, 8, 34, 49, 52, 2, 13, 0, 69, 74]|[1, 0, 1, 0, 1, 2, 2, 2, 2, 2, 1, 1, 1, 0, 0, 1, 0, 2, 2, 0, 1, 2, 0, 1, 2, 2, 0, 0, 1, 2, 1, 2, 1, 0, 2, 0, 1, 1, 0, 1, 1, 1, 0, 2, 1, 1, 0, 0, 0, 0, 1, 1, 2, 1, 2, 0, 0, 0, 1, 2, 1, 1, 1, 1, 1, 2, 1, 2, 1, 1, 1, 0, 1, 2, 2, 1, 0, 0, 1, 2, 1, 2, 0, 1, 1, 0, 0, 2, 0, 0, 1, 1, 2, 0, 1, 0, 0, 0, 1, 2]|[3, 2, 1, 1, 2, 1, 2, 1, 1, 2, 4, 4, 4, 1, 1, 4, 2, 1, 1, 1, 1, 2, 1, 2, 1, 1, 2, 1, 3, 2, 3, 1, 4, 1, 1, 1, 0, 3, 2, 2, 2, 3, 1, 1, 0, 4, 0, 1, 2, 2, 1, 4, 0, 3, 2, 1, 1, 2, 3, 1, 1, 1, 0, 3, 0, 0, 3, 0, 1, 4, 1, 0, 4, 1, 1, 4, 1, 1, 1, 1, 3, 1, 2, 1, 0, 2, 1, 1, 2, 1, 4, 3, 1, 1, 1, 2, 2, 2, 4, 1]|[3, 1, 2, 0, 1, 0, 0, 0, 0, 1, 0, 0, 1, 0, 0, 3, 1, 0, 0, 0, 3, 1, 0, 2, 0, 0, 0, 1, 0, 0, 2, 0, 3, 0, 1, 0, 0, 0, 1, 1, 1, 2, 0, 0, 0, 2, 1, 0, 0, 0, 1, 3, 0, 0, 1, 0, 0, 1, 2, 0, 1, 1, 0, 2, 0, 1, 0, 1, 1, 1, 1, 1, 3, 0, 0, 3, 0, 0, 2, 0, 0, 0, 1, 1, 3, 0, 0, 0, 1, 0, 0, 2, 0, 1, 1, 0, 0, 0, 2, 0],715.7913946700162,58060.95961022334,95287.06515100288,true
40,G2_TEC,G2_TEC,[31, 22, 82, 15, 26, 9, 95, 42, 77, 68, 47, 5, 93, 78, 86, 54, 85, 63, 18, 44, 20, 49, 36, 14, 74, 50, 53, 17, 21, 28, 11, 64, 3, 23, 30, 83, 24, 41, 40, 52, 65, 27, 90, 70, 39, 87, 48, 69, 99, 4, 46, 1, 13, 58, 97, 59, 45, 8, 73, 37, 35, 79, 71, 66, 76, 32, 60, 80, 56, 6, 67, 61, 33, 7, 57, 34, 12, 16, 10, 98, 96, 88, 2, 75, 91, 43, 84, 92, 29, 19, 51, 55, 81, 89, 25, 72, 94, 38, 0, 62]|[2, 1, 2, 1, 1, 2, 1, 1, 1, 1, 1, 0, 2, 2, 1, 2, 0, 0, 0, 2, 2, 1, 0, 2, 0, 2, 2, 1, 0, 1, 1, 1, 0, 0, 1, 0, 2, 1, 2, 2, 0, 0, 1, 1, 0, 2, 0, 2, 1, 0, 0, 2, 0, 0, 2, 0, 1, 1, 0, 0, 2, 1, 1, 2, 2, 0, 2, 2, 2, 1, 2, 1, 1, 2, 0, 1, 1, 2, 1, 2, 0, 1, 0, 0, 1, 1, 0, 0, 1, 1, 1, 0, 1, 1, 1, 1, 2, 0, 2, 1]|[0, 3, 0, 3, 4, 1, 4, 4, 2, 4, 3, 2, 1, 0, 2, 1, 1, 1, 2, 1, 1, 3, 0, 1, 0, 1, 1, 4, 1, 4, 3, 2, 2, 0, 4, 1, 1, 4, 1, 1, 2, 1, 4, 4, 1, 1, 0, 2, 3, 2, 2, 1, 2, 1, 1, 2, 4, 3, 0, 2, 1, 3, 3, 1, 1, 2, 1, 1, 1, 4, 1, 3, 4, 1, 2, 4, 3, 1, 3, 1, 2, 4, 2, 2, 3, 4, 2, 2, 3, 4, 3, 2, 4, 4, 4, 4, 1, 2, 1, 3]|[0, 2, 0, 0, 3, 0, 1, 3, 0, 0, 2, 0, 1, 0, 1, 0, 0, 0, 1, 0, 0, 2, 0, 0, 1, 0, 0, 3, 0, 1, 0, 2, 0, 0, 3, 0, 1, 1, 0, 0, 0, 0, 1, 3, 0, 0, 1, 0, 2, 0, 0, 0, 0, 0, 1, 0, 1, 0, 1, 1, 0, 2, 0, 0, 0, 0, 0, 0, 0, 2, 0, 0, 1, 0, 0, 1, 0, 0, 3, 0, 0, 1, 0, 0, 0, 2, 0, 0, 3, 1, 0, 0, 2, 1, 3, 1, 0, 0, 0, 0],914.0597544875216,49177.57411962909,107642.75205892837,false
40,G3_TWC,G4_BALANCED,[31, 22, 82, 15, 26, 58, 95, 42, 77, 12, 47, 5, 93, 78, 86, 54, 85, 63, 18, 44, 20, 35, 43, 97, 66, 76, 79, 30, 21, 45, 71, 64, 1, 23, 17, 83, 24, 14, 60, 36, 6, 57, 40, 88, 65, 56, 10, 94, 67, 68, 46, 75, 38, 9, 19, 32, 41, 81, 27, 62, 87, 90, 99, 59, 11, 16, 72, 73, 69, 39, 37, 84, 3, 92, 25, 55, 29, 28, 51, 7, 33, 61, 98, 48, 89, 50, 4, 96, 53, 80, 91, 8, 34, 2, 52, 0, 13, 70, 49, 74]|[1, 1, 0, 1, 1, 0, 1, 2, 2, 1, 2, 2, 2, 1, 1, 0, 0, 1, 0, 2, 2, 0, 1, 2, 2, 1, 2, 2, 0, 0, 1, 2, 1, 2, 1, 0, 2, 0, 1, 1, 0, 1, 1, 1, 0, 2, 2, 1, 0, 0, 0, 0, 1, 1, 2, 1, 0, 2, 0, 0, 2, 1, 0, 1, 2, 1, 2, 1, 1, 1, 1, 1, 1, 0, 1, 2, 0, 0, 0, 1, 0, 1, 2, 0, 1, 0, 1, 2, 0, 2, 0, 0, 2, 0, 1, 0, 0, 1, 0, 2]|[4, 3, 2, 2, 4, 1, 2, 2, 2, 4, 1, 1, 2, 4, 4, 1, 2, 4, 2, 1, 1, 1, 1, 2, 1, 2, 1, 1, 1, 1, 3, 1, 3, 1, 4, 0, 1, 1, 0, 3, 2, 2, 2, 0, 1, 1, 1, 4, 0, 1, 2, 2, 1, 4, 0, 3, 1, 1, 1, 2, 1, 3, 1, 1, 1, 3, 0, 4, 3, 1, 4, 1, 1, 0, 4, 1, 1, 2, 1, 1, 1, 3, 1, 1, 1, 1, 4, 1, 2, 1, 1, 1, 1, 2, 1, 2, 2, 3, 1, 1]|[0, 2, 1, 1, 3, 0, 1, 0, 0, 0, 0, 0, 1, 0, 1, 0, 0, 3, 1, 0, 0, 0, 3, 1, 0, 2, 0, 0, 0, 0, 0, 0, 0, 0, 3, 0, 1, 0, 0, 2, 1, 1, 1, 0, 0, 0, 0, 2, 1, 0, 0, 0, 1, 3, 0, 0, 0, 0, 0, 1, 0, 2, 0, 1, 0, 2, 1, 0, 0, 1, 1, 3, 1, 1, 3, 0, 0, 1, 0, 2, 0, 0, 0, 0, 1, 0, 0, 0, 1, 0, 0, 0, 0, 0, 1, 0, 0, 0, 1, 0],791.415243510269,55303.85816333782,96750.39584222315,true
40,G1_CMAX,G1_CMAX,[31, 22, 82, 15, 26, 99, 95, 42, 77, 12, 47, 5, 93, 78, 86, 54, 21, 63, 18, 44, 20, 35, 43, 97, 91, 76, 10, 30, 85, 45, 71, 64, 1, 23, 37, 83, 24, 14, 60, 36, 6, 57, 40, 88, 65, 56, 79, 94, 67, 68, 46, 75, 38, 9, 19, 32, 41, 81, 27, 87, 90, 58, 59, 11, 16, 72, 73, 70, 39, 17, 84, 3, 92, 25, 55, 48, 62, 29, 51, 96, 33, 61, 98, 28, 89, 50, 4, 7, 53, 80, 34, 66, 8, 49, 0, 74, 69, 52, 2, 13]|[2, 1, 0, 1, 1, 0, 1, 1, 2, 1, 2, 2, 2, 1, 1, 0, 0, 1, 0, 2, 2, 0, 1, 2, 0, 1, 2, 2, 0, 0, 1, 2, 1, 2, 1, 0, 2, 0, 1, 1, 0, 1, 1, 1, 0, 2, 1, 1, 0, 0, 0, 0, 1, 1, 2, 1, 0, 2, 0, 2, 1, 0, 1, 2, 1, 2, 1, 1, 1, 1, 1, 1, 0, 1, 2, 0, 0, 0, 0, 2, 2, 1, 2, 0, 1, 0, 1, 2, 0, 0, 2, 2, 1, 0, 0, 2, 1, 1, 0, 0]|[1, 3, 2, 2, 4, 1, 2, 3, 2, 4, 1, 1, 2, 4, 4, 1, 1, 4, 2, 1, 1, 1, 1, 2, 1, 2, 1, 1, 2, 1, 3, 2, 3, 1, 4, 0, 1, 1, 0, 3, 2, 2, 2, 0, 1, 1, 0, 4, 0, 1, 2, 2, 1, 4, 0, 3, 1, 1, 1, 1, 3, 1, 1, 1, 3, 0, 4, 3, 1, 4, 1, 1, 0, 4, 1, 1, 2, 1, 1, 1, 1, 3, 1, 2, 1, 1, 4, 1, 2, 1, 1, 1, 3, 1, 2, 1, 4, 1, 2, 2]|[0, 2, 1, 1, 3, 0, 1, 3, 0, 0, 0, 0, 1, 0, 1, 0, 0, 3, 1, 0, 0, 0, 3, 1, 0, 2, 0, 0, 0, 1, 0, 0, 0, 0, 3, 0, 1, 0, 0, 2, 1, 1, 1, 0, 0, 0, 0, 2, 1, 0, 0, 0, 1, 3, 0, 0, 0, 0, 0, 0, 2, 0, 1, 0, 2, 1, 0, 0, 1, 1, 3, 1, 1, 3, 0, 0, 1, 0, 0, 0, 0, 0, 0, 1, 1, 0, 0, 0, 1, 0, 0, 0, 2, 1, 0, 0, 2, 1, 0, 0],740.2718239221269,55953.992678270595,92365.00024815337,false
40,G4_BALANCED,G1_CMAX,[22, 82, 3, 58, 95, 42, 77, 47, 5, 93, 78, 12, 86, 54, 50, 63, 18, 44, 20, 35, 43, 97, 91, 76, 10, 30, 21, 45, 71, 64, 36, 23, 17, 83, 24, 14, 60, 1, 6, 40, 57, 90, 65, 56, 79, 94, 67, 68, 46, 75, 38, 9, 19, 32, 81, 41, 27, 62, 16, 55, 59, 89, 88, 87, 31, 72, 73, 70, 39, 37, 84, 92, 25, 11, 48, 15, 29, 51, 7, 33, 61, 98, 28, 99, 26, 85, 66, 96, 53, 80, 4, 8, 34, 49, 52, 2, 13, 0, 69, 74]|[1, 0, 1, 0, 1, 2, 2, 2, 2, 2, 1, 1, 1, 0, 0, 1, 0, 2, 2, 0, 1, 2, 0, 1, 2, 2, 0, 0, 1, 2, 1, 2, 1, 0, 2, 0, 1, 1, 0, 1, 1, 1, 0, 2, 1, 1, 0, 0, 0, 0, 1, 1, 2, 1, 2, 0, 0, 0, 1, 2, 1, 1, 1, 1, 1, 2, 1, 2, 1, 1, 1, 0, 1, 2, 2, 1, 0, 0, 1, 2, 1, 2, 0, 1, 1, 0, 0, 2, 0, 0, 1, 1, 2, 0, 1, 0, 0, 0, 1, 2]|[3, 2, 1, 1, 2, 1, 2, 1, 1, 2, 4, 4, 4, 1, 1, 4, 2, 1, 1, 1, 1, 2, 1, 2, 1, 1, 2, 1, 3, 2, 3, 1, 4, 1, 1, 1, 0, 3, 2, 2, 2, 3, 1, 1, 0, 4, 0, 1, 2, 2, 1, 4, 0, 3, 2, 1, 1, 2, 3, 1, 1, 1, 0, 3, 0, 0, 3, 0, 1, 4, 1, 0, 4, 1, 1, 4, 1, 1, 1, 1, 3, 1, 2, 1, 0, 2, 1, 1, 2, 1, 4, 3, 1, 1, 1, 2, 2, 2, 4, 1]|[3, 1, 2, 0, 1, 0, 0, 0, 0, 1, 0, 0, 1, 0, 0, 3, 1, 0, 0, 0, 3, 1, 0, 2, 0, 0, 0, 1, 0, 0, 2, 0, 3, 0, 1, 0, 0, 0, 1, 1, 1, 2, 0, 0, 0, 2, 1, 0, 0, 0, 1, 3, 0, 0, 1, 0, 0, 1, 2, 0, 1, 1, 0, 2, 0, 1, 0, 1, 1, 1, 1, 1, 3, 0, 0, 3, 0, 0, 2, 0, 0, 0, 1, 1, 3, 0, 0, 0, 1, 0, 0, 2, 0, 1, 1, 0, 0, 0, 2, 0],715.7913946700162,58060.95961022334,95287.06515100288,true
40,G2_TEC,G2_TEC,[31, 22, 82, 15, 26, 9, 95, 42, 77, 68, 47, 5, 93, 78, 86, 54, 85, 63, 18, 44, 20, 49, 36, 14, 74, 50, 53, 17, 21, 28, 11, 64, 3, 23, 30, 83, 24, 41, 40, 52, 65, 27, 90, 70, 39, 87, 48, 69, 99, 4, 46, 1, 13, 58, 97, 59, 45, 8, 73, 37, 35, 79, 71, 66, 76, 32, 60, 80, 56, 6, 67, 61, 33, 7, 57, 34, 12, 16, 10, 98, 96, 88, 2, 75, 91, 43, 84, 92, 29, 19, 51, 55, 81, 89, 25, 72, 94, 38, 0, 62]|[2, 1, 2, 1, 1, 2, 1, 1, 1, 1, 1, 0, 2, 2, 1, 2, 0, 0, 0, 2, 2, 1, 0, 2, 0, 2, 2, 1, 0, 1, 1, 1, 0, 0, 1, 0, 2, 1, 2, 2, 0, 0, 1, 1, 0, 2, 0, 2, 1, 0, 0, 2, 0, 0, 2, 0, 1, 1, 0, 0, 2, 1, 1, 2, 2, 0, 2, 2, 2, 1, 2, 1, 1, 2, 0, 1, 1, 2, 1, 2, 0, 1, 0, 0, 1, 1, 0, 0, 1, 1, 1, 0, 1, 1, 1, 1, 2, 0, 2, 1]|[0, 3, 0, 3, 4, 1, 4, 4, 2, 4, 3, 2, 1, 0, 2, 1, 1, 1, 2, 1, 1, 3, 0, 1, 0, 1, 1, 4, 1, 4, 3, 2, 2, 0, 4, 1, 1, 4, 1, 1, 2, 1, 4, 4, 1, 1, 0, 2, 3, 2, 2, 1, 2, 1, 1, 2, 4, 3, 0, 2, 1, 3, 3, 1, 1, 2, 1, 1, 1, 4, 1, 3, 4, 1, 2, 4, 3, 1, 3, 1, 2, 4, 2, 2, 3, 4, 2, 2, 3, 4, 3, 2, 4, 4, 4, 4, 1, 2, 1, 3]|[0, 2, 0, 0, 3, 0, 1, 3, 0, 0, 2, 0, 1, 0, 1, 0, 0, 0, 1, 0, 0, 2, 0, 0, 1, 0, 0, 3, 0, 1, 0, 2, 0, 0, 3, 0, 1, 1, 0, 0, 0, 0, 1, 3, 0, 0, 1, 0, 2, 0, 0, 0, 0, 0, 1, 0, 1, 0, 1, 1, 0, 2, 0, 0, 0, 0, 0, 0, 0, 2, 0, 0, 1, 0, 0, 1, 0, 0, 3, 0, 0, 1, 0, 0, 0, 2, 0, 0, 3, 1, 0, 0, 2, 1, 3, 1, 0, 0, 0, 0],914.0597544875216,49177.57411962909,107642.75205892837,false
40,G3_TWC,G4_BALANCED,[31, 22, 82, 15, 26, 58, 95, 42, 77, 12, 47, 5, 93, 78, 86, 54, 85, 63, 18, 44, 20, 35, 43, 97, 66, 76, 79, 30, 21, 45, 71, 64, 1, 23, 17, 83, 24, 14, 60, 36, 6, 57, 40, 88, 65, 56, 10, 94, 67, 68, 46, 75, 38, 9, 19, 32, 41, 81, 27, 62, 87, 90, 99, 59, 11, 16, 72, 73, 69, 39, 37, 84, 3, 92, 25, 55, 29, 28, 51, 7, 33, 61, 98, 48, 89, 50, 4, 96, 53, 80, 91, 8, 34, 2, 52, 0, 13, 70, 49, 74]|[1, 1, 0, 1, 1, 0, 1, 2, 2, 1, 2, 2, 2, 1, 1, 0, 0, 1, 0, 2, 2, 0, 1, 2, 2, 1, 2, 2, 0, 0, 1, 2, 1, 2, 1, 0, 2, 0, 1, 1, 0, 1, 1, 1, 0, 2, 2, 1, 0, 0, 0, 0, 1, 1, 2, 1, 0, 2, 0, 0, 2, 1, 0, 1, 2, 1, 2, 1, 1, 1, 1, 1, 1, 0, 1, 2, 0, 0, 0, 1, 0, 1, 2, 0, 1, 0, 1, 2, 0, 2, 0, 0, 2, 0, 1, 0, 0, 1, 0, 2]|[4, 3, 2, 2, 4, 1, 2, 2, 2, 4, 1, 1, 2, 4, 4, 1, 2, 4, 2, 1, 1, 1, 1, 2, 1, 2, 1, 1, 1, 1, 3, 1, 3, 1, 4, 0, 1, 1, 0, 3, 2, 2, 2, 0, 1, 1, 1, 4, 0, 1, 2, 2, 1, 4, 0, 3, 1, 1, 1, 2, 1, 3, 1, 1, 1, 3, 0, 4, 3, 1, 4, 1, 1, 0, 4, 1, 1, 2, 1, 1, 1, 3, 1, 1, 1, 1, 4, 1, 2, 1, 1, 1, 1, 2, 1, 2, 2, 3, 1, 1]|[0, 2, 1, 1, 3, 0, 1, 0, 0, 0, 0, 0, 1, 0, 1, 0, 0, 3, 1, 0, 0, 0, 3, 1, 0, 2, 0, 0, 0, 0, 0, 0, 0, 0, 3, 0, 1, 0, 0, 2, 1, 1, 1, 0, 0, 0, 0, 2, 1, 0, 0, 0, 1, 3, 0, 0, 0, 0, 0, 1, 0, 2, 0, 1, 0, 2, 1, 0, 0, 1, 1, 3, 1, 1, 3, 0, 0, 1, 0, 2, 0, 0, 0, 0, 1, 0, 0, 0, 1, 0, 0, 0, 0, 0, 1, 0, 0, 0, 1, 0],791.415243510269,55303.85816333782,96750.39584222315,true
40,G1_CMAX,G1_CMAX,[31, 22, 82, 90, 26, 58, 95, 42, 77, 12, 93, 5, 78, 86, 98, 18, 44, 20, 35, 3, 97, 91, 76, 10, 85, 30, 47, 54, 45, 63, 71, 66, 1, 23, 17, 83, 24, 14, 60, 36, 6, 57, 40, 88, 65, 56, 79, 94, 67, 68, 46, 75, 38, 9, 19, 32, 81, 27, 62, 87, 15, 99, 59, 11, 16, 72, 73, 70, 39, 37, 84, 43, 80, 53, 96, 4, 50, 41, 89, 48, 21, 61, 33, 7, 51, 29, 28, 55, 25, 92, 8, 69, 0, 74, 52, 2, 13, 34, 49, 64]|[1, 1, 0, 1, 1, 0, 2, 1, 2, 1, 2, 2, 2, 1, 0, 1, 0, 2, 2, 1, 2, 2, 1, 2, 2, 2, 2, 0, 0, 0, 1, 2, 1, 2, 1, 0, 2, 0, 1, 1, 0, 1, 1, 1, 0, 2, 1, 1, 0, 0, 0, 1, 1, 1, 2, 1, 2, 0, 0, 2, 1, 0, 1, 2, 1, 2, 1, 1, 1, 1, 1, 1, 0, 0, 2, 1, 0, 0, 1, 0, 0, 1, 2, 1, 0, 0, 0, 1, 1, 0, 0, 1, 0, 2, 1, 0, 0, 2, 0, 2]|[3, 0, 2, 3, 0, 1, 1, 2, 2, 4, 1, 1, 0, 4, 1, 4, 2, 1, 1, 1, 2, 2, 2, 1, 1, 1, 2, 1, 1, 2, 3, 2, 3, 1, 4, 0, 1, 1, 0, 3, 2, 2, 4, 0, 1, 1, 0, 4, 0, 1, 2, 3, 1, 4, 0, 3, 2, 1, 2, 1, 2, 1, 1, 1, 3, 0, 4, 3, 1, 4, 1, 1, 1, 2, 1, 4, 1, 1, 1, 1, 1, 3, 1, 1, 1, 1, 2, 4, 4, 2, 2, 3, 2, 1, 1, 2, 2, 1, 1, 1]|[2, 0, 1, 2, 3, 0, 0, 1, 1, 0, 0, 0, 0, 1, 0, 3, 1, 0, 0, 1, 1, 1, 2, 0, 0, 0, 1, 0, 1, 0, 0, 0, 0, 0, 3, 0, 1, 0, 0, 2, 1, 1, 2, 0, 0, 0, 0, 2, 1, 0, 0, 0, 1, 3, 0, 0, 1, 0, 1, 0, 1, 0, 1, 0, 2, 1, 0, 0, 1, 1, 3, 3, 0, 1, 0, 0, 0, 0, 1, 0, 0, 0, 0, 2, 0, 0, 1, 3, 3, 1, 1, 2, 0, 0, 1, 0, 0, 0, 1, 0],706.0425648885516,58640.99257008452,96849.50297129861,false
40,G4_BALANCED,G1_CMAX,[22, 82, 3, 58, 95, 42, 77, 47, 5, 93, 78, 12, 86, 54, 50, 63, 18, 44, 20, 35, 43, 97, 91, 76, 10, 30, 21, 45, 71, 64, 36, 23, 17, 83, 24, 14, 60, 1, 6, 40, 57, 90, 65, 56, 79, 94, 67, 68, 46, 75, 38, 9, 19, 32, 81, 41, 27, 62, 16, 55, 59, 89, 88, 87, 31, 72, 73, 70, 39, 37, 84, 92, 25, 11, 48, 15, 29, 51, 7, 33, 61, 98, 28, 99, 26, 85, 66, 96, 53, 80, 4, 8, 34, 49, 52, 2, 13, 0, 69, 74]|[1, 0, 1, 0, 1, 2, 2, 2, 2, 2, 1, 1, 1, 0, 0, 1, 0, 2, 2, 0, 1, 2, 0, 1, 2, 2, 0, 0, 1, 2, 1, 2, 1, 0, 2, 0, 1, 1, 0, 1, 1, 1, 0, 2, 1, 1, 0, 0, 0, 0, 1, 1, 2, 1, 2, 0, 0, 0, 1, 2, 1, 1, 1, 1, 1, 2, 1, 2, 1, 1, 1, 0, 1, 2, 2, 1, 0, 0, 1, 2, 1, 2, 0, 1, 1, 0, 0, 2, 0, 0, 1, 1, 2, 0, 1, 0, 0, 0, 1, 2]|[3, 2, 1, 1, 2, 1, 2, 1, 1, 2, 4, 4, 4, 1, 1, 4, 2, 1, 1, 1, 1, 2, 1, 2, 1, 1, 2, 1, 3, 2, 3, 1, 4, 1, 1, 1, 0, 3, 2, 2, 2, 3, 1, 1, 0, 4, 0, 1, 2, 2, 1, 4, 0, 3, 2, 1, 1, 2, 3, 1, 1, 1, 0, 3, 0, 0, 3, 0, 1, 4, 1, 0, 4, 1, 1, 4, 1, 1, 1, 1, 3, 1, 2, 1, 0, 2, 1, 1, 2, 1, 4, 3, 1, 1, 1, 2, 2, 2, 4, 1]|[3, 1, 2, 0, 1, 0, 0, 0, 0, 1, 0, 0, 1, 0, 0, 3, 1, 0, 0, 0, 3, 1, 0, 2, 0, 0, 0, 1, 0, 0, 2, 0, 3, 0, 1, 0, 0, 0, 1, 1, 1, 2, 0, 0, 0, 2, 1, 0, 0, 0, 1, 3, 0, 0, 1, 0, 0, 1, 2, 0, 1, 1, 0, 2, 0, 1, 0, 1, 1, 1, 1, 1, 3, 0, 0, 3, 0, 0, 2, 0, 0, 0, 1, 1, 3, 0, 0, 0, 1, 0, 0, 2, 0, 1, 1, 0, 0, 0, 2, 0],715.7913946700162,58060.95961022334,95287.06515100288,true
40,G2_TEC,G2_TEC,[31, 22, 82, 15, 26, 9, 95, 42, 77, 68, 47, 5, 93, 78, 86, 54, 85, 63, 18, 44, 20, 49, 36, 14, 74, 50, 53, 17, 21, 28, 11, 64, 3, 23, 30, 83, 24, 41, 40, 52, 65, 27, 90, 70, 39, 87, 48, 69, 99, 4, 46, 1, 13, 58, 97, 59, 45, 8, 73, 37, 35, 79, 71, 66, 76, 32, 60, 80, 56, 6, 67, 61, 33, 7, 57, 34, 12, 16, 10, 98, 96, 88, 2, 75, 91, 43, 84, 92, 29, 19, 51, 55, 81, 89, 25, 72, 94, 38, 0, 62]|[2, 1, 2, 1, 1, 2, 1, 1, 1, 1, 1, 0, 2, 2, 1, 2, 0, 0, 0, 2, 2, 1, 0, 2, 0, 2, 2, 1, 0, 1, 1, 1, 0, 0, 1, 0, 2, 1, 2, 2, 0, 0, 1, 1, 0, 2, 0, 2, 1, 0, 0, 2, 0, 0, 2, 0, 1, 1, 0, 0, 2, 1, 1, 2, 2, 0, 2, 2, 2, 1, 2, 1, 1, 2, 0, 1, 1, 2, 1, 2, 0, 1, 0, 0, 1, 1, 0, 0, 1, 1, 1, 0, 1, 1, 1, 1, 2, 0, 2, 1]|[0, 3, 0, 3, 4, 1, 4, 4, 2, 4, 3, 2, 1, 0, 2, 1, 1, 1, 2, 1, 1, 3, 0, 1, 0, 1, 1, 4, 1, 4, 3, 2, 2, 0, 4, 1, 1, 4, 1, 1, 2, 1, 4, 4, 1, 1, 0, 2, 3, 2, 2, 1, 2, 1, 1, 2, 4, 3, 0, 2, 1, 3, 3, 1, 1, 2, 1, 1, 1, 4, 1, 3, 4, 1, 2, 4, 3, 1, 3, 1, 2, 4, 2, 2, 3, 4, 2, 2, 3, 4, 3, 2, 4, 4, 4, 4, 1, 2, 1, 3]|[0, 2, 0, 0, 3, 0, 1, 3, 0, 0, 2, 0, 1, 0, 1, 0, 0, 0, 1, 0, 0, 2, 0, 0, 1, 0, 0, 3, 0, 1, 0, 2, 0, 0, 3, 0, 1, 1, 0, 0, 0, 0, 1, 3, 0, 0, 1, 0, 2, 0, 0, 0, 0, 0, 1, 0, 1, 0, 1, 1, 0, 2, 0, 0, 0, 0, 0, 0, 0, 2, 0, 0, 1, 0, 0, 1, 0, 0, 3, 0, 0, 1, 0, 0, 0, 2, 0, 0, 3, 1, 0, 0, 2, 1, 3, 1, 0, 0, 0, 0],914.0597544875216,49177.57411962909,107642.75205892837,false
40,G3_TWC,G4_BALANCED,[31, 22, 82, 15, 26, 58, 95, 42, 77, 12, 47, 5, 93, 78, 86, 54, 85, 63, 18, 44, 20, 35, 43, 97, 66, 76, 79, 30, 21, 45, 71, 64, 1, 23, 17, 83, 24, 14, 60, 36, 6, 57, 40, 88, 65, 56, 10, 94, 67, 68, 46, 75, 38, 9, 19, 32, 41, 81, 27, 62, 87, 90, 99, 59, 11, 16, 72, 73, 69, 39, 37, 84, 3, 92, 25, 55, 29, 28, 51, 7, 33, 61, 98, 48, 89, 50, 4, 96, 53, 80, 91, 8, 34, 2, 52, 0, 13, 70, 49, 74]|[1, 1, 0, 1, 1, 0, 1, 2, 2, 1, 2, 2, 2, 1, 1, 0, 0, 1, 0, 2, 2, 0, 1, 2, 2, 1, 2, 2, 0, 0, 1, 2, 1, 2, 1, 0, 2, 0, 1, 1, 0, 1, 1, 1, 0, 2, 2, 1, 0, 0, 0, 0, 1, 1, 2, 1, 0, 2, 0, 0, 2, 1, 0, 1, 2, 1, 2, 1, 1, 1, 1, 1, 1, 0, 1, 2, 0, 0, 0, 1, 0, 1, 2, 0, 1, 0, 1, 2, 0, 2, 0, 0, 2, 0, 1, 0, 0, 1, 0, 2]|[4, 3, 2, 2, 4, 1, 2, 2, 2, 4, 1, 1, 2, 4, 4, 1, 2, 4, 2, 1, 1, 1, 1, 2, 1, 2, 1, 1, 1, 1, 3, 1, 3, 1, 4, 0, 1, 1, 0, 3, 2, 2, 2, 0, 1, 1, 1, 4, 0, 1, 2, 2, 1, 4, 0, 3, 1, 1, 1, 2, 1, 3, 1, 1, 1, 3, 0, 4, 3, 1, 4, 1, 1, 0, 4, 1, 1, 2, 1, 1, 1, 3, 1, 1, 1, 1, 4, 1, 2, 1, 1, 1, 1, 2, 1, 2, 2, 3, 1, 1]|[0, 2, 1, 1, 3, 0, 1, 0, 0, 0, 0, 0, 1, 0, 1, 0, 0, 3, 1, 0, 0, 0, 3, 1, 0, 2, 0, 0, 0, 0, 0, 0, 0, 0, 3, 0, 1, 0, 0, 2, 1, 1, 1, 0, 0, 0, 0, 2, 1, 0, 0, 0, 1, 3, 0, 0, 0, 0, 0, 1, 0, 2, 0, 1, 0, 2, 1, 0, 0, 1, 1, 3, 1, 1, 3, 0, 0, 1, 0, 2, 0, 0, 0, 0, 1, 0, 0, 0, 1, 0, 0, 0, 0, 0, 1, 0, 0, 0, 1, 0],791.415243510269,55303.85816333782,96750.39584222315,true
40,G1_CMAX,G4_BALANCED,[31, 22, 82, 15, 26, 58, 95, 42, 77, 12, 47, 5, 93, 78, 98, 54, 85, 63, 18, 44, 20, 35, 43, 97, 91, 76, 10, 30, 21, 45, 71, 64, 1, 23, 17, 83, 24, 14, 60, 36, 6, 57, 94, 88, 65, 56, 79, 40, 67, 68, 46, 75, 38, 9, 19, 32, 81, 41, 27, 87, 90, 99, 62, 59, 11, 16, 72, 73, 70, 39, 37, 84, 92, 25, 55, 48, 3, 29, 51, 96, 33, 61, 89, 28, 53, 50, 4, 7, 86, 80, 52, 66, 34, 49, 8, 0, 74, 69, 2, 13]|[1, 1, 0, 1, 1, 1, 2, 1, 2, 1, 2, 2, 2, 1, 1, 0, 0, 1, 0, 2, 2, 0, 1, 2, 0, 1, 2, 2, 0, 0, 1, 2, 1, 2, 1, 0, 2, 0, 1, 1, 0, 1, 1, 1, 0, 2, 1, 1, 0, 0, 0, 0, 1, 1, 2, 1, 2, 0, 0, 2, 1, 0, 0, 1, 2, 1, 2, 1, 1, 1, 1, 1, 0, 1, 1, 0, 1, 0, 0, 2, 2, 1, 1, 0, 0, 0, 0, 2, 0, 0, 1, 2, 2, 0, 1, 0, 2, 1, 0, 0]|[4, 3, 2, 2, 0, 0, 2, 2, 2, 4, 1, 1, 2, 4, 4, 1, 2, 4, 2, 1, 1, 1, 1, 2, 1, 2, 1, 1, 2, 1, 3, 2, 3, 1, 4, 0, 1, 1, 0, 3, 2, 2, 2, 0, 1, 1, 0, 4, 0, 1, 2, 2, 1, 4, 0, 3, 2, 1, 1, 1, 3, 1, 2, 1, 1, 3, 0, 4, 1, 4, 4, 1, 2, 4, 4, 1, 1, 1, 1, 1, 1, 3, 1, 2, 2, 1, 2, 1, 1, 1, 1, 1, 1, 1, 3, 2, 1, 3, 2, 2]|[0, 2, 1, 1, 3, 3, 0, 1, 0, 0, 0, 0, 1, 0, 1, 0, 0, 3, 1, 0, 0, 0, 3, 1, 0, 2, 0, 0, 0, 1, 0, 0, 0, 0, 3, 0, 1, 0, 0, 2, 1, 1, 1, 0, 0, 0, 0, 2, 1, 0, 0, 0, 1, 3, 0, 0, 1, 0, 0, 0, 2, 0, 1, 1, 0, 2, 1, 0, 1, 1, 1, 3, 1, 3, 3, 0, 1, 0, 0, 0, 0, 0, 1, 1, 1, 0, 1, 0, 0, 0, 1, 0, 0, 1, 2, 0, 0, 0, 0, 0],763.7796217773907,57544.03538968952,90956.3669150055,true
40,G4_BALANCED,G1_CMAX,[22, 82, 3, 58, 95, 42, 77, 47, 5, 93, 78, 12, 86, 54, 50, 63, 18, 44, 20, 35, 43, 97, 91, 76, 10, 30, 21, 45, 71, 64, 36, 23, 17, 83, 24, 14, 60, 1, 6, 40, 57, 90, 65, 56, 79, 94, 67, 68, 46, 75, 38, 9, 19, 32, 81, 41, 27, 62, 16, 55, 59, 89, 88, 87, 31, 72, 73, 70, 39, 37, 84, 92, 25, 11, 48, 15, 29, 51, 7, 33, 61, 98, 28, 99, 26, 85, 66, 96, 53, 80, 4, 8, 34, 49, 52, 2, 13, 0, 69, 74]|[1, 0, 1, 0, 1, 2, 2, 2, 2, 2, 1, 1, 1, 0, 0, 1, 0, 2, 2, 0, 1, 2, 0, 1, 2, 2, 0, 0, 1, 2, 1, 2, 1, 0, 2, 0, 1, 1, 0, 1, 1, 1, 0, 2, 1, 1, 0, 0, 0, 0, 1, 1, 2, 1, 2, 0, 0, 0, 1, 2, 1, 1, 1, 1, 1, 2, 1, 2, 1, 1, 1, 0, 1, 2, 2, 1, 0, 0, 1, 2, 1, 2, 0, 1, 1, 0, 0, 2, 0, 0, 1, 1, 2, 0, 1, 0, 0, 0, 1, 2]|[3, 2, 1, 1, 2, 1, 2, 1, 1, 2, 4, 4, 4, 1, 1, 4, 2, 1, 1, 1, 1, 2, 1, 2, 1, 1, 2, 1, 3, 2, 3, 1, 4, 1, 1, 1, 0, 3, 2, 2, 2, 3, 1, 1, 0, 4, 0, 1, 2, 2, 1, 4, 0, 3, 2, 1, 1, 2, 3, 1, 1, 1, 0, 3, 0, 0, 3, 0, 1, 4, 1, 0, 4, 1, 1, 4, 1, 1, 1, 1, 3, 1, 2, 1, 0, 2, 1, 1, 2, 1, 4, 3, 1, 1, 1, 2, 2, 2, 4, 1]|[3, 1, 2, 0, 1, 0, 0, 0, 0, 1, 0, 0, 1, 0, 0, 3, 1, 0, 0, 0, 3, 1, 0, 2, 0, 0, 0, 1, 0, 0, 2, 0, 3, 0, 1, 0, 0, 0, 1, 1, 1, 2, 0, 0, 0, 2, 1, 0, 0, 0, 1, 3, 0, 0, 1, 0, 0, 1, 2, 0, 1, 1, 0, 2, 0, 1, 0, 1, 1, 1, 1, 1, 3, 0, 0, 3, 0, 0, 2, 0, 0, 0, 1, 1, 3, 0, 0, 0, 1, 0, 0, 2, 0, 1, 1, 0, 0, 0, 2, 0],715.7913946700162,58060.95961022334,95287.06515100288,true
40,G2_TEC,G2_TEC,[31, 22, 82, 15, 26, 9, 95, 42, 77, 68, 47, 5, 93, 78, 86, 54, 85, 63, 18, 44, 20, 49, 36, 14, 74, 50, 53, 17, 21, 28, 11, 64, 3, 23, 30, 83, 24, 41, 40, 52, 65, 27, 90, 70, 39, 87, 48, 69, 99, 4, 46, 1, 13, 58, 97, 59, 45, 8, 73, 37, 35, 79, 71, 66, 76, 32, 60, 80, 56, 6, 67, 61, 33, 7, 57, 34, 12, 16, 10, 98, 96, 88, 2, 75, 91, 43, 84, 92, 29, 19, 51, 55, 81, 89, 25, 72, 94, 38, 0, 62]|[2, 1, 2, 1, 1, 2, 1, 1, 1, 1, 1, 0, 2, 2, 1, 2, 0, 0, 0, 2, 2, 1, 0, 2, 0, 2, 2, 1, 0, 1, 1, 1, 0, 0, 1, 0, 2, 1, 2, 2, 0, 0, 1, 1, 0, 2, 0, 2, 1, 0, 0, 2, 0, 0, 2, 0, 1, 1, 0, 0, 2, 1, 1, 2, 2, 0, 2, 2, 2, 1, 2, 1, 1, 2, 0, 1, 1, 2, 1, 2, 0, 1, 0, 0, 1, 1, 0, 0, 1, 1, 1, 0, 1, 1, 1, 1, 2, 0, 2, 1]|[0, 3, 0, 3, 4, 1, 4, 4, 2, 4, 3, 2, 1, 0, 2, 1, 1, 1, 2, 1, 1, 3, 0, 1, 0, 1, 1, 4, 1, 4, 3, 2, 2, 0, 4, 1, 1, 4, 1, 1, 2, 1, 4, 4, 1, 1, 0, 2, 3, 2, 2, 1, 2, 1, 1, 2, 4, 3, 0, 2, 1, 3, 3, 1, 1, 2, 1, 1, 1, 4, 1, 3, 4, 1, 2, 4, 3, 1, 3, 1, 2, 4, 2, 2, 3, 4, 2, 2, 3, 4, 3, 2, 4, 4, 4, 4, 1, 2, 1, 3]|[0, 2, 0, 0, 3, 0, 1, 3, 0, 0, 2, 0, 1, 0, 1, 0, 0, 0, 1, 0, 0, 2, 0, 0, 1, 0, 0, 3, 0, 1, 0, 2, 0, 0, 3, 0, 1, 1, 0, 0, 0, 0, 1, 3, 0, 0, 1, 0, 2, 0, 0, 0, 0, 0, 1, 0, 1, 0, 1, 1, 0, 2, 0, 0, 0, 0, 0, 0, 0, 2, 0, 0, 1, 0, 0, 1, 0, 0, 3, 0, 0, 1, 0, 0, 0, 2, 0, 0, 3, 1, 0, 0, 2, 1, 3, 1, 0, 0, 0, 0],914.0597544875216,49177.57411962909,107642.75205892837,false
40,G3_TWC,G4_BALANCED,[31, 22, 82, 15, 26, 58, 95, 42, 77, 12, 47, 5, 93, 78, 86, 54, 85, 63, 18, 44, 20, 35, 43, 97, 66, 76, 79, 30, 21, 45, 71, 64, 1, 23, 17, 83, 24, 14, 60, 36, 6, 57, 40, 88, 65, 56, 10, 94, 67, 68, 46, 75, 38, 9, 19, 32, 41, 81, 27, 62, 87, 90, 99, 59, 11, 16, 72, 73, 69, 39, 37, 84, 3, 92, 25, 55, 29, 28, 51, 7, 33, 61, 98, 48, 89, 50, 4, 96, 53, 80, 91, 8, 34, 2, 52, 0, 13, 70, 49, 74]|[1, 1, 0, 1, 1, 0, 1, 2, 2, 1, 2, 2, 2, 1, 1, 0, 0, 1, 0, 2, 2, 0, 1, 2, 2, 1, 2, 2, 0, 0, 1, 2, 1, 2, 1, 0, 2, 0, 1, 1, 0, 1, 1, 1, 0, 2, 2, 1, 0, 0, 0, 0, 1, 1, 2, 1, 0, 2, 0, 0, 2, 1, 0, 1, 2, 1, 2, 1, 1, 1, 1, 1, 1, 0, 1, 2, 0, 0, 0, 1, 0, 1, 2, 0, 1, 0, 1, 2, 0, 2, 0, 0, 2, 0, 1, 0, 0, 1, 0, 2]|[4, 3, 2, 2, 4, 1, 2, 2, 2, 4, 1, 1, 2, 4, 4, 1, 2, 4, 2, 1, 1, 1, 1, 2, 1, 2, 1, 1, 1, 1, 3, 1, 3, 1, 4, 0, 1, 1, 0, 3, 2, 2, 2, 0, 1, 1, 1, 4, 0, 1, 2, 2, 1, 4, 0, 3, 1, 1, 1, 2, 1, 3, 1, 1, 1, 3, 0, 4, 3, 1, 4, 1, 1, 0, 4, 1, 1, 2, 1, 1, 1, 3, 1, 1, 1, 1, 4, 1, 2, 1, 1, 1, 1, 2, 1, 2, 2, 3, 1, 1]|[0, 2, 1, 1, 3, 0, 1, 0, 0, 0, 0, 0, 1, 0, 1, 0, 0, 3, 1, 0, 0, 0, 3, 1, 0, 2, 0, 0, 0, 0, 0, 0, 0, 0, 3, 0, 1, 0, 0, 2, 1, 1, 1, 0, 0, 0, 0, 2, 1, 0, 0, 0, 1, 3, 0, 0, 0, 0, 0, 1, 0, 2, 0, 1, 0, 2, 1, 0, 0, 1, 1, 3, 1, 1, 3, 0, 0, 1, 0, 2, 0, 0, 0, 0, 1, 0, 0, 0, 1, 0, 0, 0, 0, 0, 1, 0, 0, 0, 1, 0],791.415243510269,55303.85816333782,96750.39584222315,true
40,G1_CMAX,G3_TWC,[31, 22, 82, 15, 26, 58, 95, 51, 77, 12, 47, 5, 93, 78, 98, 54, 85, 63, 18, 44, 20, 35, 43, 97, 91, 76, 10, 30, 21, 45, 71, 64, 1, 23, 17, 83, 24, 14, 60, 36, 6, 57, 94, 88, 65, 56, 79, 40, 67, 68, 46, 75, 39, 9, 19, 32, 81, 96, 27, 62, 87, 90, 99, 59, 53, 16, 72, 73, 70, 38, 37, 84, 3, 92, 25, 55, 28, 29, 42, 7, 33, 61, 86, 66, 89, 50, 48, 41, 11, 80, 4, 8, 34, 49, 52, 0, 13, 2, 69, 74]|[1, 1, 0, 1, 1, 1, 2, 1, 2, 1, 2, 2, 2, 1, 1, 0, 0, 1, 0, 2, 2, 0, 1, 2, 0, 1, 2, 2, 0, 0, 1, 2, 1, 2, 1, 0, 2, 0, 1, 1, 0, 1, 1, 1, 0, 2, 1, 1, 0, 0, 0, 0, 1, 1, 2, 1, 2, 0, 0, 0, 2, 1, 0, 1, 0, 1, 2, 1, 1, 1, 1, 1, 2, 0, 1, 1, 0, 0, 0, 1, 2, 1, 0, 2, 1, 0, 0, 2, 2, 0, 0, 1, 2, 0, 1, 0, 0, 0, 1, 2]|[4, 3, 2, 2, 0, 0, 2, 2, 2, 4, 1, 1, 2, 4, 4, 1, 1, 4, 2, 1, 1, 1, 1, 2, 1, 2, 1, 1, 1, 1, 3, 2, 3, 0, 4, 0, 1, 1, 0, 3, 2, 2, 4, 0, 1, 1, 0, 2, 0, 1, 2, 2, 1, 4, 0, 3, 2, 1, 1, 2, 1, 3, 1, 1, 2, 3, 0, 4, 3, 1, 4, 1, 1, 2, 4, 4, 2, 1, 1, 3, 1, 3, 1, 1, 1, 1, 1, 1, 1, 1, 2, 3, 1, 1, 1, 2, 2, 2, 3, 1]|[0, 2, 1, 1, 3, 3, 0, 1, 0, 0, 0, 0, 1, 0, 1, 0, 0, 3, 1, 0, 0, 0, 3, 1, 0, 2, 0, 0, 0, 1, 0, 0, 0, 0, 3, 0, 1, 0, 0, 2, 1, 1, 2, 0, 0, 0, 0, 1, 1, 0, 0, 0, 1, 3, 0, 0, 1, 0, 0, 1, 0, 2, 0, 1, 1, 2, 1, 0, 0, 1, 1, 3, 0, 1, 3, 3, 1, 0, 0, 2, 0, 0, 0, 0, 1, 0, 0, 0, 0, 0, 1, 2, 0, 1, 1, 0, 0, 0, 0, 0],773.0264159463031,57988.48696041079,89557.52070868707,true
40,G4_BALANCED,G1_CMAX,[22, 82, 3, 58, 95, 42, 77, 47, 5, 93, 78, 12, 86, 54, 50, 63, 18, 44, 20, 35, 43, 97, 91, 76, 10, 30, 21, 45, 71, 64, 36, 23, 17, 83, 24, 14, 60, 1, 6, 40, 57, 90, 65, 56, 79, 94, 67, 68, 46, 75, 38, 9, 19, 32, 81, 41, 27, 62, 16, 55, 59, 89, 88, 87, 31, 72, 73, 70, 39, 37, 84, 92, 25, 11, 48, 15, 29, 51, 7, 33, 61, 98, 28, 99, 26, 85, 66, 96, 53, 80, 4, 8, 34, 49, 52, 2, 13, 0, 69, 74]|[1, 0, 1, 0, 1, 2, 2, 2, 2, 2, 1, 1, 1, 0, 0, 1, 0, 2, 2, 0, 1, 2, 0, 1, 2, 2, 0, 0, 1, 2, 1, 2, 1, 0, 2, 0, 1, 1, 0, 1, 1, 1, 0, 2, 1, 1, 0, 0, 0, 0, 1, 1, 2, 1, 2, 0, 0, 0, 1, 2, 1, 1, 1, 1, 1, 2, 1, 2, 1, 1, 1, 0, 1, 2, 2, 1, 0, 0, 1, 2, 1, 2, 0, 1, 1, 0, 0, 2, 0, 0, 1, 1, 2, 0, 1, 0, 0, 0, 1, 2]|[3, 2, 1, 1, 2, 1, 2, 1, 1, 2, 4, 4, 4, 1, 1, 4, 2, 1, 1, 1, 1, 2, 1, 2, 1, 1, 2, 1, 3, 2, 3, 1, 4, 1, 1, 1, 0, 3, 2, 2, 2, 3, 1, 1, 0, 4, 0, 1, 2, 2, 1, 4, 0, 3, 2, 1, 1, 2, 3, 1, 1, 1, 0, 3, 0, 0, 3, 0, 1, 4, 1, 0, 4, 1, 1, 4, 1, 1, 1, 1, 3, 1, 2, 1, 0, 2, 1, 1, 2, 1, 4, 3, 1, 1, 1, 2, 2, 2, 4, 1]|[3, 1, 2, 0, 1, 0, 0, 0, 0, 1, 0, 0, 1, 0, 0, 3, 1, 0, 0, 0, 3, 1, 0, 2, 0, 0, 0, 1, 0, 0, 2, 0, 3, 0, 1, 0, 0, 0, 1, 1, 1, 2, 0, 0, 0, 2, 1, 0, 0, 0, 1, 3, 0, 0, 1, 0, 0, 1, 2, 0, 1, 1, 0, 2, 0, 1, 0, 1, 1, 1, 1, 1, 3, 0, 0, 3, 0, 0, 2, 0, 0, 0, 1, 1, 3, 0, 0, 0, 1, 0, 0, 2, 0, 1, 1, 0, 0, 0, 2, 0],715.7913946700162,58060.95961022334,95287.06515100288,true
40,G2_TEC,G2_TEC,[31, 22, 82, 15, 26, 9, 95, 42, 77, 68, 47, 5, 93, 78, 86, 54, 85, 63, 18, 44, 20, 49, 36, 14, 74, 50, 53, 17, 21, 28, 11, 64, 3, 23, 30, 83, 24, 41, 40, 52, 65, 27, 90, 70, 39, 87, 48, 69, 99, 4, 46, 1, 13, 58, 97, 59, 45, 8, 73, 37, 35, 79, 71, 66, 76, 32, 60, 80, 56, 6, 67, 61, 33, 7, 57, 34, 12, 16, 10, 98, 96, 88, 2, 75, 91, 43, 84, 92, 29, 19, 51, 55, 81, 89, 25, 72, 94, 38, 0, 62]|[2, 1, 2, 1, 1, 2, 1, 1, 1, 1, 1, 0, 2, 2, 1, 2, 0, 0, 0, 2, 2, 1, 0, 2, 0, 2, 2, 1, 0, 1, 1, 1, 0, 0, 1, 0, 2, 1, 2, 2, 0, 0, 1, 1, 0, 2, 0, 2, 1, 0, 0, 2, 0, 0, 2, 0, 1, 1, 0, 0, 2, 1, 1, 2, 2, 0, 2, 2, 2, 1, 2, 1, 1, 2, 0, 1, 1, 2, 1, 2, 0, 1, 0, 0, 1, 1, 0, 0, 1, 1, 1, 0, 1, 1, 1, 1, 2, 0, 2, 1]|[0, 3, 0, 3, 4, 1, 4, 4, 2, 4, 3, 2, 1, 0, 2, 1, 1, 1, 2, 1, 1, 3, 0, 1, 0, 1, 1, 4, 1, 4, 3, 2, 2, 0, 4, 1, 1, 4, 1, 1, 2, 1, 4, 4, 1, 1, 0, 2, 3, 2, 2, 1, 2, 1, 1, 2, 4, 3, 0, 2, 1, 3, 3, 1, 1, 2, 1, 1, 1, 4, 1, 3, 4, 1, 2, 4, 3, 1, 3, 1, 2, 4, 2, 2, 3, 4, 2, 2, 3, 4, 3, 2, 4, 4, 4, 4, 1, 2, 1, 3]|[0, 2, 0, 0, 3, 0, 1, 3, 0, 0, 2, 0, 1, 0, 1, 0, 0, 0, 1, 0, 0, 2, 0, 0, 1, 0, 0, 3, 0, 1, 0, 2, 0, 0, 3, 0, 1, 1, 0, 0, 0, 0, 1, 3, 0, 0, 1, 0, 2, 0, 0, 0, 0, 0, 1, 0, 1, 0, 1, 1, 0, 2, 0, 0, 0, 0, 0, 0, 0, 2, 0, 0, 1, 0, 0, 1, 0, 0, 3, 0, 0, 1, 0, 0, 0, 2, 0, 0, 3, 1, 0, 0, 2, 1, 3, 1, 0, 0, 0, 0],914.0597544875216,49177.57411962909,107642.75205892837,false
40,G3_TWC,G4_BALANCED,[31, 22, 82, 15, 26, 58, 95, 42, 77, 12, 47, 5, 93, 78, 86, 54, 85, 63, 18, 44, 20, 35, 43, 97, 66, 76, 79, 30, 21, 45, 71, 64, 1, 23, 17, 83, 24, 14, 60, 36, 6, 57, 40, 88, 65, 56, 10, 94, 67, 68, 46, 75, 38, 9, 19, 32, 41, 81, 27, 62, 87, 90, 99, 59, 11, 16, 72, 73, 69, 39, 37, 84, 3, 92, 25, 55, 29, 28, 51, 7, 33, 61, 98, 48, 89, 50, 4, 96, 53, 80, 91, 8, 34, 2, 52, 0, 13, 70, 49, 74]|[1, 1, 0, 1, 1, 0, 1, 2, 2, 1, 2, 2, 2, 1, 1, 0, 0, 1, 0, 2, 2, 0, 1, 2, 2, 1, 2, 2, 0, 0, 1, 2, 1, 2, 1, 0, 2, 0, 1, 1, 0, 1, 1, 1, 0, 2, 2, 1, 0, 0, 0, 0, 1, 1, 2, 1, 0, 2, 0, 0, 2, 1, 0, 1, 2, 1, 2, 1, 1, 1, 1, 1, 1, 0, 1, 2, 0, 0, 0, 1, 0, 1, 2, 0, 1, 0, 1, 2, 0, 2, 0, 0, 2, 0, 1, 0, 0, 1, 0, 2]|[4, 3, 2, 2, 4, 1, 2, 2, 2, 4, 1, 1, 2, 4, 4, 1, 2, 4, 2, 1, 1, 1, 1, 2, 1, 2, 1, 1, 1, 1, 3, 1, 3, 1, 4, 0, 1, 1, 0, 3, 2, 2, 2, 0, 1, 1, 1, 4, 0, 1, 2, 2, 1, 4, 0, 3, 1, 1, 1, 2, 1, 3, 1, 1, 1, 3, 0, 4, 3, 1, 4, 1, 1, 0, 4, 1, 1, 2, 1, 1, 1, 3, 1, 1, 1, 1, 4, 1, 2, 1, 1, 1, 1, 2, 1, 2, 2, 3, 1, 1]|[0, 2, 1, 1, 3, 0, 1, 0, 0, 0, 0, 0, 1, 0, 1, 0, 0, 3, 1, 0, 0, 0, 3, 1, 0, 2, 0, 0, 0, 0, 0, 0, 0, 0, 3, 0, 1, 0, 0, 2, 1, 1, 1, 0, 0, 0, 0, 2, 1, 0, 0, 0, 1, 3, 0, 0, 0, 0, 0, 1, 0, 2, 0, 1, 0, 2, 1, 0, 0, 1, 1, 3, 1, 1, 3, 0, 0, 1, 0, 2, 0, 0, 0, 0, 1, 0, 0, 0, 1, 0, 0, 0, 0, 0, 1, 0, 0, 0, 1, 0],791.415243510269,55303.85816333782,96750.39584222315,true
40,G1_CMAX,G4_BALANCED,[31, 22, 82, 15, 26, 99, 95, 42, 77, 12, 47, 5, 93, 78, 86, 54, 21, 63, 18, 44, 20, 23, 43, 97, 91, 76, 10, 30, 85, 45, 71, 64, 1, 35, 17, 83, 24, 14, 60, 36, 6, 57, 40, 88, 65, 56, 79, 94, 67, 68, 46, 75, 38, 9, 19, 32, 41, 81, 27, 87, 90, 58, 59, 62, 11, 16, 72, 73, 39, 37, 84, 3, 92, 25, 55, 48, 70, 29, 51, 96, 33, 61, 98, 66, 89, 50, 4, 7, 53, 80, 8, 28, 34, 49, 52, 0, 74, 69, 2, 13]|[2, 1, 0, 1, 1, 0, 1, 1, 2, 1, 2, 2, 2, 1, 1, 0, 0, 1, 0, 2, 2, 0, 1, 2, 0, 1, 2, 2, 0, 0, 1, 2, 1, 2, 1, 0, 2, 0, 1, 1, 0, 1, 1, 1, 0, 2, 1, 1, 0, 0, 0, 0, 1, 1, 2, 1, 0, 2, 0, 2, 1, 0, 1, 0, 2, 1, 2, 1, 1, 1, 1, 1, 0, 1, 2, 0, 1, 0, 0, 2, 2, 1, 2, 2, 1, 0, 1, 1, 0, 0, 1, 0, 2, 0, 1, 0, 2, 1, 0, 0]|[1, 3, 2, 2, 4, 1, 2, 3, 2, 4, 1, 1, 2, 4, 4, 1, 1, 4, 2, 1, 1, 1, 1, 2, 1, 2, 1, 1, 2, 1, 3, 1, 3, 1, 4, 0, 1, 1, 0, 3, 2, 2, 2, 0, 1, 1, 0, 4, 0, 1, 2, 2, 1, 4, 0, 3, 1, 1, 1, 1, 3, 1, 1, 2, 1, 3, 0, 4, 1, 4, 1, 1, 2, 4, 1, 1, 3, 1, 1, 1, 1, 3, 1, 1, 1, 1, 4, 3, 2, 1, 3, 2, 1, 1, 1, 2, 1, 4, 2, 2]|[0, 2, 1, 1, 3, 0, 1, 3, 0, 0, 0, 0, 1, 0, 1, 0, 0, 3, 1, 0, 0, 0, 3, 1, 0, 2, 0, 0, 0, 1, 0, 0, 0, 0, 3, 0, 1, 0, 0, 2, 1, 1, 1, 0, 0, 0, 0, 2, 1, 0, 0, 0, 1, 3, 0, 0, 0, 0, 0, 0, 2, 0, 1, 1, 0, 2, 1, 0, 1, 1, 3, 1, 1, 3, 0, 0, 0, 0, 0, 0, 0, 0, 0, 0, 1, 0, 0, 2, 1, 0, 2, 1, 0, 1, 1, 0, 0, 2, 0, 0],757.0396004785916,56129.652691911746,91492.16283940467,true
40,G4_BALANCED,G1_CMAX,[22, 82, 3, 58, 95, 42, 77, 47, 5, 93, 78, 12, 86, 54, 50, 63, 18, 44, 20, 35, 43, 97, 91, 76, 10, 30, 21, 45, 71, 64, 36, 23, 17, 83, 24, 14, 60, 1, 6, 40, 57, 90, 65, 56, 79, 94, 67, 68, 46, 75, 38, 9, 19, 32, 81, 41, 27, 62, 16, 55, 59, 89, 88, 87, 31, 72, 73, 70, 39, 37, 84, 92, 25, 11, 48, 15, 29, 51, 7, 33, 61, 98, 28, 99, 26, 85, 66, 96, 53, 80, 4, 8, 34, 49, 52, 2, 13, 0, 69, 74]|[1, 0, 1, 0, 1, 2, 2, 2, 2, 2, 1, 1, 1, 0, 0, 1, 0, 2, 2, 0, 1, 2, 0, 1, 2, 2, 0, 0, 1, 2, 1, 2, 1, 0, 2, 0, 1, 1, 0, 1, 1, 1, 0, 2, 1, 1, 0, 0, 0, 0, 1, 1, 2, 1, 2, 0, 0, 0, 1, 2, 1, 1, 1, 1, 1, 2, 1, 2, 1, 1, 1, 0, 1, 2, 2, 1, 0, 0, 1, 2, 1, 2, 0, 1, 1, 0, 0, 2, 0, 0, 1, 1, 2, 0, 1, 0, 0, 0, 1, 2]|[3, 2, 1, 1, 2, 1, 2, 1, 1, 2, 4, 4, 4, 1, 1, 4, 2, 1, 1, 1, 1, 2, 1, 2, 1, 1, 2, 1, 3, 2, 3, 1, 4, 1, 1, 1, 0, 3, 2, 2, 2, 3, 1, 1, 0, 4, 0, 1, 2, 2, 1, 4, 0, 3, 2, 1, 1, 2, 3, 1, 1, 1, 0, 3, 0, 0, 3, 0, 1, 4, 1, 0, 4, 1, 1, 4, 1, 1, 1, 1, 3, 1, 2, 1, 0, 2, 1, 1, 2, 1, 4, 3, 1, 1, 1, 2, 2, 2, 4, 1]|[3, 1, 2, 0, 1, 0, 0, 0, 0, 1, 0, 0, 1, 0, 0, 3, 1, 0, 0, 0, 3, 1, 0, 2, 0, 0, 0, 1, 0, 0, 2, 0, 3, 0, 1, 0, 0, 0, 1, 1, 1, 2, 0, 0, 0, 2, 1, 0, 0, 0, 1, 3, 0, 0, 1, 0, 0, 1, 2, 0, 1, 1, 0, 2, 0, 1, 0, 1, 1, 1, 1, 1, 3, 0, 0, 3, 0, 0, 2, 0, 0, 0, 1, 1, 3, 0, 0, 0, 1, 0, 0, 2, 0, 1, 1, 0, 0, 0, 2, 0],715.7913946700162,58060.95961022334,95287.06515100288,true
40,G2_TEC,G2_TEC,[31, 22, 82, 15, 26, 9, 95, 42, 77, 68, 47, 5, 93, 78, 86, 54, 85, 63, 18, 44, 20, 49, 36, 14, 74, 50, 53, 17, 21, 28, 11, 64, 3, 23, 30, 83, 24, 41, 40, 52, 65, 27, 90, 70, 39, 87, 48, 69, 99, 4, 46, 1, 13, 58, 97, 59, 45, 8, 73, 37, 35, 79, 71, 66, 76, 32, 60, 80, 56, 6, 67, 61, 33, 7, 57, 34, 12, 16, 10, 98, 96, 88, 2, 75, 91, 43, 84, 92, 29, 19, 51, 55, 81, 89, 25, 72, 94, 38, 0, 62]|[2, 1, 2, 1, 1, 2, 1, 1, 1, 1, 1, 0, 2, 2, 1, 2, 0, 0, 0, 2, 2, 1, 0, 2, 0, 2, 2, 1, 0, 1, 1, 1, 0, 0, 1, 0, 2, 1, 2, 2, 0, 0, 1, 1, 0, 2, 0, 2, 1, 0, 0, 2, 0, 0, 2, 0, 1, 1, 0, 0, 2, 1, 1, 2, 2, 0, 2, 2, 2, 1, 2, 1, 1, 2, 0, 1, 1, 2, 1, 2, 0, 1, 0, 0, 1, 1, 0, 0, 1, 1, 1, 0, 1, 1, 1, 1, 2, 0, 2, 1]|[0, 3, 0, 3, 4, 1, 4, 4, 2, 4, 3, 2, 1, 0, 2, 1, 1, 1, 2, 1, 1, 3, 0, 1, 0, 1, 1, 4, 1, 4, 3, 2, 2, 0, 4, 1, 1, 4, 1, 1, 2, 1, 4, 4, 1, 1, 0, 2, 3, 2, 2, 1, 2, 1, 1, 2, 4, 3, 0, 2, 1, 3, 3, 1, 1, 2, 1, 1, 1, 4, 1, 3, 4, 1, 2, 4, 3, 1, 3, 1, 2, 4, 2, 2, 3, 4, 2, 2, 3, 4, 3, 2, 4, 4, 4, 4, 1, 2, 1, 3]|[0, 2, 0, 0, 3, 0, 1, 3, 0, 0, 2, 0, 1, 0, 1, 0, 0, 0, 1, 0, 0, 2, 0, 0, 1, 0, 0, 3, 0, 1, 0, 2, 0, 0, 3, 0, 1, 1, 0, 0, 0, 0, 1, 3, 0, 0, 1, 0, 2, 0, 0, 0, 0, 0, 1, 0, 1, 0, 1, 1, 0, 2, 0, 0, 0, 0, 0, 0, 0, 2, 0, 0, 1, 0, 0, 1, 0, 0, 3, 0, 0, 1, 0, 0, 0, 2, 0, 0, 3, 1, 0, 0, 2, 1, 3, 1, 0, 0, 0, 0],914.0597544875216,49177.57411962909,107642.75205892837,false
40,G3_TWC,G4_BALANCED,[31, 22, 82, 15, 26, 58, 95, 42, 77, 12, 47, 5, 93, 78, 86, 54, 85, 63, 18, 44, 20, 35, 43, 97, 66, 76, 79, 30, 21, 45, 71, 64, 1, 23, 17, 83, 24, 14, 60, 36, 6, 57, 40, 88, 65, 56, 10, 94, 67, 68, 46, 75, 38, 9, 19, 32, 41, 81, 27, 62, 87, 90, 99, 59, 11, 16, 72, 73, 69, 39, 37, 84, 3, 92, 25, 55, 29, 28, 51, 7, 33, 61, 98, 48, 89, 50, 4, 96, 53, 80, 91, 8, 34, 2, 52, 0, 13, 70, 49, 74]|[1, 1, 0, 1, 1, 0, 1, 2, 2, 1, 2, 2, 2, 1, 1, 0, 0, 1, 0, 2, 2, 0, 1, 2, 2, 1, 2, 2, 0, 0, 1, 2, 1, 2, 1, 0, 2, 0, 1, 1, 0, 1, 1, 1, 0, 2, 2, 1, 0, 0, 0, 0, 1, 1, 2, 1, 0, 2, 0, 0, 2, 1, 0, 1, 2, 1, 2, 1, 1, 1, 1, 1, 1, 0, 1, 2, 0, 0, 0, 1, 0, 1, 2, 0, 1, 0, 1, 2, 0, 2, 0, 0, 2, 0, 1, 0, 0, 1, 0, 2]|[4, 3, 2, 2, 4, 1, 2, 2, 2, 4, 1, 1, 2, 4, 4, 1, 2, 4, 2, 1, 1, 1, 1, 2, 1, 2, 1, 1, 1, 1, 3, 1, 3, 1, 4, 0, 1, 1, 0, 3, 2, 2, 2, 0, 1, 1, 1, 4, 0, 1, 2, 2, 1, 4, 0, 3, 1, 1, 1, 2, 1, 3, 1, 1, 1, 3, 0, 4, 3, 1, 4, 1, 1, 0, 4, 1, 1, 2, 1, 1, 1, 3, 1, 1, 1, 1, 4, 1, 2, 1, 1, 1, 1, 2, 1, 2, 2, 3, 1, 1]|[0, 2, 1, 1, 3, 0, 1, 0, 0, 0, 0, 0, 1, 0, 1, 0, 0, 3, 1, 0, 0, 0, 3, 1, 0, 2, 0, 0, 0, 0, 0, 0, 0, 0, 3, 0, 1, 0, 0, 2, 1, 1, 1, 0, 0, 0, 0, 2, 1, 0, 0, 0, 1, 3, 0, 0, 0, 0, 0, 1, 0, 2, 0, 1, 0, 2, 1, 0, 0, 1, 1, 3, 1, 1, 3, 0, 0, 1, 0, 2, 0, 0, 0, 0, 1, 0, 0, 0, 1, 0, 0, 0, 0, 0, 1, 0, 0, 0, 1, 0],791.415243510269,55303.85816333782,96750.39584222315,true
40,G1_CMAX,G4_BALANCED,[31, 22, 82, 15, 26, 9, 42, 95, 77, 12, 47, 5, 93, 78, 86, 54, 85, 63, 18, 44, 20, 35, 43, 97, 91, 76, 10, 30, 21, 45, 71, 64, 1, 23, 17, 83, 24, 14, 60, 36, 6, 57, 94, 88, 65, 56, 79, 40, 67, 68, 46, 75, 38, 58, 19, 32, 41, 81, 27, 62, 87, 90, 99, 11, 16, 72, 73, 70, 39, 37, 84, 3, 92, 25, 55, 59, 28, 29, 51, 7, 33, 61, 98, 48, 89, 50, 4, 34, 53, 80, 8, 66, 96, 49, 52, 0, 74, 69, 2, 13]|[1, 1, 0, 1, 1, 0, 1, 2, 2, 1, 2, 2, 2, 1, 1, 0, 0, 1, 0, 2, 2, 0, 1, 2, 0, 1, 2, 2, 0, 0, 1, 2, 1, 2, 1, 0, 2, 0, 1, 1, 0, 1, 1, 1, 0, 2, 2, 1, 0, 0, 0, 0, 1, 1, 2, 1, 0, 2, 0, 0, 2, 1, 1, 2, 1, 2, 1, 1, 1, 1, 1, 1, 0, 1, 2, 0, 0, 0, 0, 1, 2, 1, 2, 0, 1, 0, 1, 2, 0, 0, 0, 2, 2, 0, 1, 0, 2, 1, 0, 0]|[4, 3, 2, 2, 4, 1, 2, 2, 2, 4, 1, 1, 2, 4, 4, 1, 1, 4, 2, 1, 1, 1, 1, 2, 1, 2, 1, 1, 2, 1, 3, 2, 3, 1, 4, 0, 1, 1, 0, 3, 2, 2, 2, 0, 1, 1, 1, 4, 0, 1, 2, 2, 1, 4, 0, 3, 1, 1, 1, 2, 1, 3, 1, 1, 3, 0, 4, 3, 1, 4, 1, 1, 2, 4, 1, 2, 2, 1, 1, 3, 1, 3, 1, 1, 1, 1, 4, 1, 2, 1, 1, 1, 1, 1, 1, 2, 1, 4, 2, 2]|[0, 2, 1, 1, 3, 0, 1, 0, 0, 0, 0, 0, 1, 0, 1, 0, 0, 3, 1, 0, 0, 0, 3, 1, 0, 2, 0, 0, 0, 1, 0, 0, 0, 0, 3, 0, 1, 0, 0, 2, 1, 1, 1, 0, 0, 0, 0, 2, 1, 0, 0, 0, 1, 3, 0, 0, 0, 0, 0, 1, 0, 2, 1, 0, 2, 1, 0, 0, 1, 1, 3, 1, 0, 3, 0, 1, 1, 0, 0, 2, 0, 0, 0, 0, 1, 0, 0, 0, 1, 0, 0, 0, 0, 1, 1, 0, 0, 2, 0, 0],784.3406839325794,55395.73375701614,93775.6464611301,true
40,G4_BALANCED,G1_CMAX,[22, 82, 3, 58, 95, 42, 77, 47, 5, 93, 78, 12, 86, 54, 50, 63, 18, 44, 20, 35, 43, 97, 91, 76, 10, 30, 21, 45, 71, 64, 36, 23, 17, 83, 24, 14, 60, 1, 6, 40, 57, 90, 65, 56, 79, 94, 67, 68, 46, 75, 38, 9, 19, 32, 81, 41, 27, 62, 16, 55, 59, 89, 88, 87, 31, 72, 73, 70, 39, 37, 84, 92, 25, 11, 48, 15, 29, 51, 7, 33, 61, 98, 28, 99, 26, 85, 66, 96, 53, 80, 4, 8, 34, 49, 52, 2, 13, 0, 69, 74]|[1, 0, 1, 0, 1, 2, 2, 2, 2, 2, 1, 1, 1, 0, 0, 1, 0, 2, 2, 0, 1, 2, 0, 1, 2, 2, 0, 0, 1, 2, 1, 2, 1, 0, 2, 0, 1, 1, 0, 1, 1, 1, 0, 2, 1, 1, 0, 0, 0, 0, 1, 1, 2, 1, 2, 0, 0, 0, 1, 2, 1, 1, 1, 1, 1, 2, 1, 2, 1, 1, 1, 0, 1, 2, 2, 1, 0, 0, 1, 2, 1, 2, 0, 1, 1, 0, 0, 2, 0, 0, 1, 1, 2, 0, 1, 0, 0, 0, 1, 2]|[3, 2, 1, 1, 2, 1, 2, 1, 1, 2, 4, 4, 4, 1, 1, 4, 2, 1, 1, 1, 1, 2, 1, 2, 1, 1, 2, 1, 3, 2, 3, 1, 4, 1, 1, 1, 0, 3, 2, 2, 2, 3, 1, 1, 0, 4, 0, 1, 2, 2, 1, 4, 0, 3, 2, 1, 1, 2, 3, 1, 1, 1, 0, 3, 0, 0, 3, 0, 1, 4, 1, 0, 4, 1, 1, 4, 1, 1, 1, 1, 3, 1, 2, 1, 0, 2, 1, 1, 2, 1, 4, 3, 1, 1, 1, 2, 2, 2, 4, 1]|[3, 1, 2, 0, 1, 0, 0, 0, 0, 1, 0, 0, 1, 0, 0, 3, 1, 0, 0, 0, 3, 1, 0, 2, 0, 0, 0, 1, 0, 0, 2, 0, 3, 0, 1, 0, 0, 0, 1, 1, 1, 2, 0, 0, 0, 2, 1, 0, 0, 0, 1, 3, 0, 0, 1, 0, 0, 1, 2, 0, 1, 1, 0, 2, 0, 1, 0, 1, 1, 1, 1, 1, 3, 0, 0, 3, 0, 0, 2, 0, 0, 0, 1, 1, 3, 0, 0, 0, 1, 0, 0, 2, 0, 1, 1, 0, 0, 0, 2, 0],715.7913946700162,58060.95961022334,95287.06515100288,true
40,G2_TEC,G2_TEC,[31, 22, 82, 15, 26, 9, 95, 42, 77, 68, 47, 5, 93, 78, 86, 54, 85, 63, 18, 44, 20, 49, 36, 14, 74, 50, 53, 17, 21, 28, 11, 64, 3, 23, 30, 83, 24, 41, 40, 52, 65, 27, 90, 70, 39, 87, 48, 69, 99, 4, 46, 1, 13, 58, 97, 59, 45, 8, 73, 37, 35, 79, 71, 66, 76, 32, 60, 80, 56, 6, 67, 61, 33, 7, 57, 34, 12, 16, 10, 98, 96, 88, 2, 75, 91, 43, 84, 92, 29, 19, 51, 55, 81, 89, 25, 72, 94, 38, 0, 62]|[2, 1, 2, 1, 1, 2, 1, 1, 1, 1, 1, 0, 2, 2, 1, 2, 0, 0, 0, 2, 2, 1, 0, 2, 0, 2, 2, 1, 0, 1, 1, 1, 0, 0, 1, 0, 2, 1, 2, 2, 0, 0, 1, 1, 0, 2, 0, 2, 1, 0, 0, 2, 0, 0, 2, 0, 1, 1, 0, 0, 2, 1, 1, 2, 2, 0, 2, 2, 2, 1, 2, 1, 1, 2, 0, 1, 1, 2, 1, 2, 0, 1, 0, 0, 1, 1, 0, 0, 1, 1, 1, 0, 1, 1, 1, 1, 2, 0, 2, 1]|[0, 3, 0, 3, 4, 1, 4, 4, 2, 4, 3, 2, 1, 0, 2, 1, 1, 1, 2, 1, 1, 3, 0, 1, 0, 1, 1, 4, 1, 4, 3, 2, 2, 0, 4, 1, 1, 4, 1, 1, 2, 1, 4, 4, 1, 1, 0, 2, 3, 2, 2, 1, 2, 1, 1, 2, 4, 3, 0, 2, 1, 3, 3, 1, 1, 2, 1, 1, 1, 4, 1, 3, 4, 1, 2, 4, 3, 1, 3, 1, 2, 4, 2, 2, 3, 4, 2, 2, 3, 4, 3, 2, 4, 4, 4, 4, 1, 2, 1, 3]|[0, 2, 0, 0, 3, 0, 1, 3, 0, 0, 2, 0, 1, 0, 1, 0, 0, 0, 1, 0, 0, 2, 0, 0, 1, 0, 0, 3, 0, 1, 0, 2, 0, 0, 3, 0, 1, 1, 0, 0, 0, 0, 1, 3, 0, 0, 1, 0, 2, 0, 0, 0, 0, 0, 1, 0, 1, 0, 1, 1, 0, 2, 0, 0, 0, 0, 0, 0, 0, 2, 0, 0, 1, 0, 0, 1, 0, 0, 3, 0, 0, 1, 0, 0, 0, 2, 0, 0, 3, 1, 0, 0, 2, 1, 3, 1, 0, 0, 0, 0],914.0597544875216,49177.57411962909,107642.75205892837,false
40,G3_TWC,G4_BALANCED,[31, 22, 82, 15, 26, 58, 95, 42, 77, 12, 47, 5, 93, 78, 98, 54, 85, 63, 18, 44, 20, 35, 43, 97, 91, 76, 10, 30, 21, 45, 71, 64, 1, 23, 17, 83, 24, 14, 60, 36, 6, 57, 94, 88, 65, 56, 79, 40, 67, 68, 46, 75, 38, 9, 19, 32, 81, 41, 27, 62, 87, 90, 99, 59, 11, 16, 72, 73, 70, 39, 37, 84, 3, 92, 25, 55, 28, 29, 51, 7, 33, 61, 86, 48, 89, 34, 69, 96, 53, 80, 4, 8, 50, 49, 52, 0, 13, 2, 66, 74]|[1, 1, 0, 1, 1, 1, 2, 1, 2, 1, 2, 2, 2, 1, 1, 0, 0, 1, 0, 2, 2, 0, 1, 2, 0, 1, 2, 2, 0, 0, 1, 2, 1, 2, 1, 0, 2, 0, 1, 1, 0, 1, 1, 1, 0, 2, 1, 1, 0, 0, 0, 0, 1, 1, 2, 1, 2, 0, 0, 0, 2, 1, 0, 1, 2, 1, 2, 1, 1, 1, 1, 1, 2, 0, 1, 1, 0, 0, 0, 1, 2, 1, 0, 0, 1, 2, 1, 0, 0, 0, 0, 1, 0, 0, 1, 0, 0, 0, 2, 2]|[4, 3, 2, 2, 0, 0, 2, 2, 2, 4, 1, 1, 2, 4, 4, 1, 1, 4, 2, 1, 1, 1, 1, 2, 1, 2, 1, 1, 1, 1, 3, 2, 3, 0, 4, 0, 1, 1, 0, 3, 2, 2, 4, 0, 1, 1, 0, 2, 0, 1, 2, 2, 1, 4, 0, 3, 2, 1, 1, 2, 1, 3, 1, 1, 1, 3, 0, 4, 3, 1, 4, 1, 1, 2, 4, 4, 2, 1, 1, 3, 1, 3, 1, 1, 1, 1, 3, 1, 2, 1, 2, 3, 1, 1, 1, 2, 2, 2, 1, 1]|[0, 2, 1, 1, 3, 3, 0, 1, 0, 0, 0, 0, 1, 0, 1, 0, 0, 3, 1, 0, 0, 0, 3, 1, 0, 2, 0, 0, 0, 1, 0, 0, 0, 0, 3, 0, 1, 0, 0, 2, 1, 1, 2, 0, 0, 0, 0, 1, 1, 0, 0, 0, 1, 3, 0, 0, 1, 0, 0, 1, 0, 2, 0, 1, 0, 2, 1, 0, 0, 1, 1, 3, 0, 1, 3, 3, 1, 0, 0, 2, 0, 0, 0, 0, 1, 0, 0, 0, 1, 0, 1, 2, 0, 1, 1, 0, 0, 0, 0, 0],790.1921483697682,57957.04840138768,88951.83199580385,true
40,G1_CMAX,G1_CMAX,[31, 22, 82, 15, 26, 99, 95, 42, 77, 12, 47, 5, 93, 78, 86, 54, 21, 63, 18, 44, 20, 35, 43, 97, 91, 76, 10, 30, 85, 45, 71, 64, 1, 23, 57, 83, 24, 14, 60, 36, 81, 17, 40, 88, 65, 56, 79, 94, 67, 68, 46, 75, 38, 9, 19, 32, 41, 6, 27, 87, 90, 58, 59, 11, 16, 72, 73, 70, 39, 37, 84, 3, 92, 25, 55, 28, 62, 29, 51, 7, 33, 61, 98, 48, 89, 50, 4, 96, 53, 80, 66, 8, 34, 49, 52, 0, 13, 2, 69, 74]|[1, 1, 0, 1, 1, 0, 1, 1, 2, 1, 2, 2, 2, 1, 1, 0, 0, 1, 0, 2, 2, 0, 1, 2, 0, 1, 2, 2, 0, 0, 1, 2, 1, 2, 1, 0, 2, 0, 1, 1, 0, 1, 1, 1, 0, 2, 1, 1, 0, 0, 0, 0, 1, 1, 2, 1, 2, 2, 0, 2, 1, 0, 1, 2, 1, 2, 1, 1, 1, 1, 1, 1, 0, 1, 2, 2, 0, 0, 2, 2, 2, 1, 2, 0, 1, 0, 1, 2, 0, 0, 2, 1, 2, 0, 1, 0, 0, 0, 1, 2]|[0, 3, 2, 2, 4, 1, 2, 3, 2, 4, 1, 1, 2, 4, 4, 1, 1, 4, 2, 1, 1, 1, 1, 2, 1, 2, 1, 1, 2, 1, 3, 2, 3, 0, 4, 0, 1, 1, 0, 3, 2, 2, 2, 0, 1, 1, 0, 4, 0, 1, 2, 2, 1, 4, 0, 3, 2, 2, 1, 1, 3, 1, 1, 1, 3, 0, 4, 3, 1, 4, 1, 1, 0, 4, 1, 1, 2, 1, 2, 1, 1, 3, 1, 1, 1, 1, 4, 1, 2, 1, 1, 3, 1, 1, 1, 2, 2, 2, 4, 1]|[0, 2, 1, 1, 3, 0, 1, 3, 0, 0, 0, 0, 1, 0, 1, 0, 0, 3, 1, 0, 0, 0, 3, 1, 0, 2, 0, 0, 0, 1, 0, 0, 0, 0, 3, 0, 1, 0, 0, 2, 1, 1, 1, 0, 0, 0, 0, 2, 1, 0, 0, 0, 1, 3, 0, 0, 1, 1, 0, 0, 2, 0, 1, 0, 2, 1, 0, 0, 1, 1, 3, 1, 1, 3, 0, 0, 1, 0, 1, 0, 0, 0, 0, 0, 1, 0, 0, 0, 1, 0, 0, 2, 0, 1, 1, 0, 0, 0, 2, 0],714.4485115867469,58161.785232764836,94013.66617097157,false
40,G4_BALANCED,G1_CMAX,[22, 82, 3, 58, 95, 42, 77, 47, 5, 93, 78, 12, 86, 54, 50, 63, 18, 44, 20, 35, 43, 97, 91, 76, 10, 30, 21, 45, 71, 64, 36, 23, 17, 83, 24, 14, 60, 1, 6, 40, 57, 90, 65, 56, 79, 94, 67, 68, 46, 75, 38, 9, 19, 32, 81, 41, 27, 62, 16, 55, 59, 89, 88, 87, 31, 72, 73, 70, 39, 37, 84, 92, 25, 11, 48, 15, 29, 51, 7, 33, 61, 98, 28, 99, 26, 85, 66, 96, 53, 80, 4, 8, 34, 49, 52, 2, 13, 0, 69, 74]|[1, 0, 1, 0, 1, 2, 2, 2, 2, 2, 1, 1, 1, 0, 0, 1, 0, 2, 2, 0, 1, 2, 0, 1, 2, 2, 0, 0, 1, 2, 1, 2, 1, 0, 2, 0, 1, 1, 0, 1, 1, 1, 0, 2, 1, 1, 0, 0, 0, 0, 1, 1, 2, 1, 2, 0, 0, 0, 1, 2, 1, 1, 1, 1, 1, 2, 1, 2, 1, 1, 1, 0, 1, 2, 2, 1, 0, 0, 1, 2, 1, 2, 0, 1, 1, 0, 0, 2, 0, 0, 1, 1, 2, 0, 1, 0, 0, 0, 1, 2]|[3, 2, 1, 1, 2, 1, 2, 1, 1, 2, 4, 4, 4, 1, 1, 4, 2, 1, 1, 1, 1, 2, 1, 2, 1, 1, 2, 1, 3, 2, 3, 1, 4, 1, 1, 1, 0, 3, 2, 2, 2, 3, 1, 1, 0, 4, 0, 1, 2, 2, 1, 4, 0, 3, 2, 1, 1, 2, 3, 1, 1, 1, 0, 3, 0, 0, 3, 0, 1, 4, 1, 0, 4, 1, 1, 4, 1, 1, 1, 1, 3, 1, 2, 1, 0, 2, 1, 1, 2, 1, 4, 3, 1, 1, 1, 2, 2, 2, 4, 1]|[3, 1, 2, 0, 1, 0, 0, 0, 0, 1, 0, 0, 1, 0, 0, 3, 1, 0, 0, 0, 3, 1, 0, 2, 0, 0, 0, 1, 0, 0, 2, 0, 3, 0, 1, 0, 0, 0, 1, 1, 1, 2, 0, 0, 0, 2, 1, 0, 0, 0, 1, 3, 0, 0, 1, 0, 0, 1, 2, 0, 1, 1, 0, 2, 0, 1, 0, 1, 1, 1, 1, 1, 3, 0, 0, 3, 0, 0, 2, 0, 0, 0, 1, 1, 3, 0, 0, 0, 1, 0, 0, 2, 0, 1, 1, 0, 0, 0, 2, 0],715.7913946700162,58060.95961022334,95287.06515100288,true
40,G2_TEC,G2_TEC,[31, 22, 82, 15, 26, 9, 95, 42, 77, 68, 47, 5, 93, 78, 86, 54, 85, 63, 18, 44, 20, 49, 36, 14, 74, 50, 53, 17, 21, 28, 11, 64, 3, 23, 30, 83, 24, 41, 40, 52, 65, 27, 90, 70, 39, 87, 48, 69, 99, 4, 46, 1, 13, 58, 97, 59, 45, 8, 73, 37, 35, 79, 71, 66, 76, 32, 60, 80, 56, 6, 67, 61, 33, 7, 57, 34, 12, 16, 10, 98, 96, 88, 2, 75, 91, 43, 84, 92, 29, 19, 51, 55, 81, 89, 25, 72, 94, 38, 0, 62]|[2, 1, 2, 1, 1, 2, 1, 1, 1, 1, 1, 0, 2, 2, 1, 2, 0, 0, 0, 2, 2, 1, 0, 2, 0, 2, 2, 1, 0, 1, 1, 1, 0, 0, 1, 0, 2, 1, 2, 2, 0, 0, 1, 1, 0, 2, 0, 2, 1, 0, 0, 2, 0, 0, 2, 0, 1, 1, 0, 0, 2, 1, 1, 2, 2, 0, 2, 2, 2, 1, 2, 1, 1, 2, 0, 1, 1, 2, 1, 2, 0, 1, 0, 0, 1, 1, 0, 0, 1, 1, 1, 0, 1, 1, 1, 1, 2, 0, 2, 1]|[0, 3, 0, 3, 4, 1, 4, 4, 2, 4, 3, 2, 1, 0, 2, 1, 1, 1, 2, 1, 1, 3, 0, 1, 0, 1, 1, 4, 1, 4, 3, 2, 2, 0, 4, 1, 1, 4, 1, 1, 2, 1, 4, 4, 1, 1, 0, 2, 3, 2, 2, 1, 2, 1, 1, 2, 4, 3, 0, 2, 1, 3, 3, 1, 1, 2, 1, 1, 1, 4, 1, 3, 4, 1, 2, 4, 3, 1, 3, 1, 2, 4, 2, 2, 3, 4, 2, 2, 3, 4, 3, 2, 4, 4, 4, 4, 1, 2, 1, 3]|[0, 2, 0, 0, 3, 0, 1, 3, 0, 0, 2, 0, 1, 0, 1, 0, 0, 0, 1, 0, 0, 2, 0, 0, 1, 0, 0, 3, 0, 1, 0, 2, 0, 0, 3, 0, 1, 1, 0, 0, 0, 0, 1, 3, 0, 0, 1, 0, 2, 0, 0, 0, 0, 0, 1, 0, 1, 0, 1, 1, 0, 2, 0, 0, 0, 0, 0, 0, 0, 2, 0, 0, 1, 0, 0, 1, 0, 0, 3, 0, 0, 1, 0, 0, 0, 2, 0, 0, 3, 1, 0, 0, 2, 1, 3, 1, 0, 0, 0, 0],914.0597544875216,49177.57411962909,107642.75205892837,false
40,G3_TWC,G4_BALANCED,[31, 22, 82, 15, 26, 58, 95, 42, 77, 12, 47, 5, 93, 78, 98, 54, 85, 63, 18, 44, 20, 35, 43, 97, 91, 76, 10, 30, 21, 45, 71, 64, 1, 23, 17, 83, 24, 14, 60, 36, 6, 57, 94, 88, 65, 56, 79, 40, 67, 68, 46, 75, 38, 9, 19, 32, 81, 41, 27, 62, 87, 90, 99, 59, 11, 16, 72, 73, 70, 39, 37, 84, 3, 92, 25, 55, 28, 29, 51, 7, 33, 61, 86, 48, 89, 34, 69, 96, 53, 80, 4, 8, 50, 49, 52, 0, 13, 2, 66, 74]|[1, 1, 0, 1, 1, 1, 2, 1, 2, 1, 2, 2, 2, 1, 1, 0, 0, 1, 0, 2, 2, 0, 1, 2, 0, 1, 2, 2, 0, 0, 1, 2, 1, 2, 1, 0, 2, 0, 1, 1, 0, 1, 1, 1, 0, 2, 1, 1, 0, 0, 0, 0, 1, 1, 2, 1, 2, 0, 0, 0, 2, 1, 0, 1, 2, 1, 2, 1, 1, 1, 1, 1, 2, 0, 1, 1, 0, 0, 0, 1, 2, 1, 0, 0, 1, 2, 1, 0, 0, 0, 0, 1, 0, 0, 1, 0, 0, 0, 2, 2]|[4, 3, 2, 2, 0, 0, 2, 2, 2, 4, 1, 1, 2, 4, 4, 1, 1, 4, 2, 1, 1, 1, 1, 2, 1, 2, 1, 1, 1, 1, 3, 2, 3, 0, 4, 0, 1, 1, 0, 3, 2, 2, 4, 0, 1, 1, 0, 2, 0, 1, 2, 2, 1, 4, 0, 3, 2, 1, 1, 2, 1, 3, 1, 1, 1, 3, 0, 4, 3, 1, 4, 1, 1, 2, 4, 4, 2, 1, 1, 3, 1, 3, 1, 1, 1, 1, 3, 1, 2, 1, 2, 3, 1, 1, 1, 2, 2, 2, 1, 1]|[0, 2, 1, 1, 3, 3, 0, 1, 0, 0, 0, 0, 1, 0, 1, 0, 0, 3, 1, 0, 0, 0, 3, 1, 0, 2, 0, 0, 0, 1, 0, 0, 0, 0, 3, 0, 1, 0, 0, 2, 1, 1, 2, 0, 0, 0, 0, 1, 1, 0, 0, 0, 1, 3, 0, 0, 1, 0, 0, 1, 0, 2, 0, 1, 0, 2, 1, 0, 0, 1, 1, 3, 0, 1, 3, 3, 1, 0, 0, 2, 0, 0, 0, 0, 1, 0, 0, 0, 1, 0, 1, 2, 0, 1, 1, 0, 0, 0, 0, 0],790.1921483697682,57957.04840138768,88951.83199580385,true
40,G1_CMAX,G1_CMAX,[31, 22, 82, 90, 26, 58, 95, 42, 77, 12, 93, 5, 78, 86, 98, 18, 44, 20, 35, 3, 97, 91, 76, 10, 85, 30, 47, 54, 45, 63, 71, 66, 1, 23, 17, 83, 24, 14, 60, 36, 6, 57, 40, 88, 65, 56, 79, 94, 67, 68, 46, 75, 38, 9, 19, 32, 81, 27, 62, 87, 15, 99, 59, 11, 16, 72, 73, 70, 39, 37, 84, 43, 80, 53, 96, 4, 50, 41, 89, 48, 21, 61, 33, 7, 51, 29, 28, 55, 25, 92, 8, 69, 0, 74, 52, 2, 13, 34, 49, 64]|[1, 1, 0, 1, 1, 0, 2, 1, 2, 1, 2, 2, 2, 1, 0, 1, 0, 2, 2, 1, 2, 2, 1, 2, 2, 2, 2, 0, 0, 0, 1, 2, 1, 2, 1, 0, 2, 0, 1, 1, 0, 1, 1, 1, 0, 2, 1, 1, 0, 0, 0, 1, 1, 1, 2, 1, 2, 0, 0, 2, 1, 0, 1, 2, 1, 2, 1, 1, 1, 1, 1, 1, 0, 0, 2, 1, 0, 0, 1, 0, 0, 1, 2, 1, 0, 0, 0, 1, 1, 0, 0, 1, 0, 2, 1, 0, 0, 2, 0, 2]|[3, 0, 2, 3, 0, 1, 1, 2, 2, 4, 1, 1, 0, 4, 1, 4, 2, 1, 1, 1, 2, 2, 2, 1, 1, 1, 2, 1, 1, 2, 3, 2, 3, 1, 4, 0, 1, 1, 0, 3, 2, 2, 4, 0, 1, 1, 0, 4, 0, 1, 2, 3, 1, 4, 0, 3, 2, 1, 2, 1, 2, 1, 1, 1, 3, 0, 4, 3, 1, 4, 1, 1, 1, 2, 1, 4, 1, 1, 1, 1, 1, 3, 1, 1, 1, 1, 2, 4, 4, 2, 2, 3, 2, 1, 1, 2, 2, 1, 1, 1]|[2, 0, 1, 2, 3, 0, 0, 1, 1, 0, 0, 0, 0, 1, 0, 3, 1, 0, 0, 1, 1, 1, 2, 0, 0, 0, 1, 0, 1, 0, 0, 0, 0, 0, 3, 0, 1, 0, 0, 2, 1, 1, 2, 0, 0, 0, 0, 2, 1, 0, 0, 0, 1, 3, 0, 0, 1, 0, 1, 0, 1, 0, 1, 0, 2, 1, 0, 0, 1, 1, 3, 3, 0, 1, 0, 0, 0, 0, 1, 0, 0, 0, 0, 2, 0, 0, 1, 3, 3, 1, 1, 2, 0, 0, 1, 0, 0, 0, 1, 0],706.0425648885516,58640.99257008452,96849.50297129861,false
40,G4_BALANCED,G1_CMAX,[22, 82, 3, 58, 95, 42, 77, 47, 5, 93, 78, 12, 86, 54, 50, 63, 18, 44, 20, 35, 43, 97, 91, 76, 10, 30, 21, 45, 71, 64, 36, 23, 17, 83, 24, 14, 60, 1, 6, 40, 57, 90, 65, 56, 79, 94, 67, 68, 46, 75, 38, 9, 19, 32, 81, 41, 27, 62, 16, 55, 59, 89, 88, 87, 31, 72, 73, 70, 39, 37, 84, 92, 25, 11, 48, 15, 29, 51, 7, 33, 61, 98, 28, 99, 26, 85, 66, 96, 53, 80, 4, 8, 34, 49, 52, 2, 13, 0, 69, 74]|[1, 0, 1, 0, 1, 2, 2, 2, 2, 2, 1, 1, 1, 0, 0, 1, 0, 2, 2, 0, 1, 2, 0, 1, 2, 2, 0, 0, 1, 2, 1, 2, 1, 0, 2, 0, 1, 1, 0, 1, 1, 1, 0, 2, 1, 1, 0, 0, 0, 0, 1, 1, 2, 1, 2, 0, 0, 0, 1, 2, 1, 1, 1, 1, 1, 2, 1, 2, 1, 1, 1, 0, 1, 2, 2, 1, 0, 0, 1, 2, 1, 2, 0, 1, 1, 0, 0, 2, 0, 0, 1, 1, 2, 0, 1, 0, 0, 0, 1, 2]|[3, 2, 1, 1, 2, 1, 2, 1, 1, 2, 4, 4, 4, 1, 1, 4, 2, 1, 1, 1, 1, 2, 1, 2, 1, 1, 2, 1, 3, 2, 3, 1, 4, 1, 1, 1, 0, 3, 2, 2, 2, 3, 1, 1, 0, 4, 0, 1, 2, 2, 1, 4, 0, 3, 2, 1, 1, 2, 3, 1, 1, 1, 0, 3, 0, 0, 3, 0, 1, 4, 1, 0, 4, 1, 1, 4, 1, 1, 1, 1, 3, 1, 2, 1, 0, 2, 1, 1, 2, 1, 4, 3, 1, 1, 1, 2, 2, 2, 4, 1]|[3, 1, 2, 0, 1, 0, 0, 0, 0, 1, 0, 0, 1, 0, 0, 3, 1, 0, 0, 0, 3, 1, 0, 2, 0, 0, 0, 1, 0, 0, 2, 0, 3, 0, 1, 0, 0, 0, 1, 1, 1, 2, 0, 0, 0, 2, 1, 0, 0, 0, 1, 3, 0, 0, 1, 0, 0, 1, 2, 0, 1, 1, 0, 2, 0, 1, 0, 1, 1, 1, 1, 1, 3, 0, 0, 3, 0, 0, 2, 0, 0, 0, 1, 1, 3, 0, 0, 0, 1, 0, 0, 2, 0, 1, 1, 0, 0, 0, 2, 0],715.7913946700162,58060.95961022334,95287.06515100288,true
40,G2_TEC,G2_TEC,[31, 22, 82, 15, 26, 9, 95, 42, 77, 68, 47, 5, 93, 78, 86, 54, 85, 63, 18, 44, 20, 49, 36, 14, 74, 50, 53, 17, 21, 28, 11, 64, 3, 23, 30, 83, 24, 41, 40, 52, 65, 27, 90, 70, 39, 87, 48, 69, 99, 4, 46, 1, 13, 58, 97, 59, 45, 8, 73, 37, 35, 79, 71, 66, 76, 32, 60, 80, 56, 6, 67, 61, 33, 7, 57, 34, 12, 16, 10, 98, 96, 88, 2, 75, 91, 43, 84, 92, 29, 19, 51, 55, 81, 89, 25, 72, 94, 38, 0, 62]|[2, 1, 2, 1, 1, 2, 1, 1, 1, 1, 1, 0, 2, 2, 1, 2, 0, 0, 0, 2, 2, 1, 0, 2, 0, 2, 2, 1, 0, 1, 1, 1, 0, 0, 1, 0, 2, 1, 2, 2, 0, 0, 1, 1, 0, 2, 0, 2, 1, 0, 0, 2, 0, 0, 2, 0, 1, 1, 0, 0, 2, 1, 1, 2, 2, 0, 2, 2, 2, 1, 2, 1, 1, 2, 0, 1, 1, 2, 1, 2, 0, 1, 0, 0, 1, 1, 0, 0, 1, 1, 1, 0, 1, 1, 1, 1, 2, 0, 2, 1]|[0, 3, 0, 3, 4, 1, 4, 4, 2, 4, 3, 2, 1, 0, 2, 1, 1, 1, 2, 1, 1, 3, 0, 1, 0, 1, 1, 4, 1, 4, 3, 2, 2, 0, 4, 1, 1, 4, 1, 1, 2, 1, 4, 4, 1, 1, 0, 2, 3, 2, 2, 1, 2, 1, 1, 2, 4, 3, 0, 2, 1, 3, 3, 1, 1, 2, 1, 1, 1, 4, 1, 3, 4, 1, 2, 4, 3, 1, 3, 1, 2, 4, 2, 2, 3, 4, 2, 2, 3, 4, 3, 2, 4, 4, 4, 4, 1, 2, 1, 3]|[0, 2, 0, 0, 3, 0, 1, 3, 0, 0, 2, 0, 1, 0, 1, 0, 0, 0, 1, 0, 0, 2, 0, 0, 1, 0, 0, 3, 0, 1, 0, 2, 0, 0, 3, 0, 1, 1, 0, 0, 0, 0, 1, 3, 0, 0, 1, 0, 2, 0, 0, 0, 0, 0, 1, 0, 1, 0, 1, 1, 0, 2, 0, 0, 0, 0, 0, 0, 0, 2, 0, 0, 1, 0, 0, 1, 0, 0, 3, 0, 0, 1, 0, 0, 0, 2, 0, 0, 3, 1, 0, 0, 2, 1, 3, 1, 0, 0, 0, 0],914.0597544875216,49177.57411962909,107642.75205892837,false
40,G3_TWC,G4_BALANCED,[31, 22, 82, 15, 26, 58, 95, 42, 77, 12, 47, 5, 93, 78, 98, 54, 85, 63, 18, 44, 20, 35, 43, 97, 91, 76, 10, 30, 21, 45, 71, 64, 1, 23, 17, 83, 24, 14, 60, 36, 6, 57, 94, 88, 65, 56, 79, 40, 67, 68, 46, 75, 38, 9, 19, 32, 81, 41, 27, 62, 87, 90, 99, 59, 11, 16, 72, 73, 70, 39, 37, 84, 3, 92, 25, 55, 28, 29, 51, 7, 33, 61, 86, 48, 89, 34, 69, 96, 53, 80, 4, 8, 50, 49, 52, 0, 13, 2, 66, 74]|[1, 1, 0, 1, 1, 1, 2, 1, 2, 1, 2, 2, 2, 1, 1, 0, 0, 1, 0, 2, 2, 0, 1, 2, 0, 1, 2, 2, 0, 0, 1, 2, 1, 2, 1, 0, 2, 0, 1, 1, 0, 1, 1, 1, 0, 2, 1, 1, 0, 0, 0, 0, 1, 1, 2, 1, 2, 0, 0, 0, 2, 1, 0, 1, 2, 1, 2, 1, 1, 1, 1, 1, 2, 0, 1, 1, 0, 0, 0, 1, 2, 1, 0, 0, 1, 2, 1, 0, 0, 0, 0, 1, 0, 0, 1, 0, 0, 0, 2, 2]|[4, 3, 2, 2, 0, 0, 2, 2, 2, 4, 1, 1, 2, 4, 4, 1, 1, 4, 2, 1, 1, 1, 1, 2, 1, 2, 1, 1, 1, 1, 3, 2, 3, 0, 4, 0, 1, 1, 0, 3, 2, 2, 4, 0, 1, 1, 0, 2, 0, 1, 2, 2, 1, 4, 0, 3, 2, 1, 1, 2, 1, 3, 1, 1, 1, 3, 0, 4, 3, 1, 4, 1, 1, 2, 4, 4, 2, 1, 1, 3, 1, 3, 1, 1, 1, 1, 3, 1, 2, 1, 2, 3, 1, 1, 1, 2, 2, 2, 1, 1]|[0, 2, 1, 1, 3, 3, 0, 1, 0, 0, 0, 0, 1, 0, 1, 0, 0, 3, 1, 0, 0, 0, 3, 1, 0, 2, 0, 0, 0, 1, 0, 0, 0, 0, 3, 0, 1, 0, 0, 2, 1, 1, 2, 0, 0, 0, 0, 1, 1, 0, 0, 0, 1, 3, 0, 0, 1, 0, 0, 1, 0, 2, 0, 1, 0, 2, 1, 0, 0, 1, 1, 3, 0, 1, 3, 3, 1, 0, 0, 2, 0, 0, 0, 0, 1, 0, 0, 0, 1, 0, 1, 2, 0, 1, 1, 0, 0, 0, 0, 0],790.1921483697682,57957.04840138768,88951.83199580385,true
40,G1_CMAX,G3_TWC,[31, 22, 82, 15, 26, 58, 95, 42, 77, 12, 47, 5, 93, 78, 44, 54, 85, 63, 18, 98, 20, 35, 43, 97, 91, 76, 10, 30, 21, 61, 71, 64, 1, 23, 17, 83, 24, 14, 60, 36, 6, 57, 94, 88, 65, 56, 79, 40, 67, 68, 46, 75, 38, 9, 19, 32, 81, 41, 27, 62, 87, 90, 99, 59, 11, 16, 72, 73, 70, 39, 37, 84, 3, 92, 25, 55, 28, 29, 51, 7, 33, 45, 86, 48, 89, 50, 66, 96, 53, 80, 4, 8, 34, 74, 52, 2, 13, 0, 49, 69]|[1, 1, 0, 1, 1, 1, 2, 1, 2, 1, 2, 2, 2, 1, 1, 0, 0, 1, 0, 2, 2, 0, 1, 2, 0, 1, 2, 2, 0, 1, 1, 2, 1, 2, 1, 0, 2, 0, 1, 1, 0, 1, 1, 1, 0, 2, 1, 1, 0, 0, 0, 0, 1, 1, 2, 1, 2, 0, 0, 0, 2, 1, 1, 2, 2, 1, 2, 1, 1, 1, 1, 1, 2, 0, 1, 1, 0, 0, 0, 1, 2, 1, 0, 0, 1, 0, 2, 0, 0, 0, 0, 1, 2, 2, 1, 0, 0, 0, 0, 2]|[4, 3, 2, 2, 0, 0, 2, 2, 2, 4, 1, 1, 2, 4, 4, 1, 1, 4, 2, 1, 1, 1, 1, 2, 1, 2, 1, 1, 1, 3, 3, 2, 3, 0, 4, 0, 1, 1, 0, 3, 2, 2, 4, 0, 1, 1, 0, 2, 0, 1, 2, 2, 1, 4, 0, 3, 2, 1, 1, 2, 1, 3, 1, 1, 1, 3, 0, 4, 3, 1, 4, 1, 1, 2, 4, 4, 2, 1, 1, 3, 1, 3, 1, 1, 1, 1, 1, 1, 2, 1, 2, 3, 1, 1, 1, 2, 2, 2, 1, 1]|[0, 2, 1, 1, 3, 3, 0, 1, 0, 0, 0, 0, 1, 0, 1, 0, 0, 3, 1, 0, 0, 0, 3, 1, 0, 2, 0, 0, 0, 0, 0, 0, 0, 0, 3, 0, 1, 0, 0, 2, 1, 1, 2, 0, 0, 0, 0, 1, 1, 0, 0, 0, 1, 3, 0, 0, 1, 0, 0, 1, 0, 2, 1, 0, 0, 2, 1, 0, 0, 1, 1, 3, 0, 1, 3, 3, 1, 0, 0, 2, 0, 0, 0, 0, 1, 0, 0, 0, 1, 0, 1, 2, 0, 0, 1, 0, 0, 0, 1, 0],750.085634914113,57293.76873587221,91427.35634904046,true
40,G4_BALANCED,G2_TEC,[31, 22, 82, 15, 26, 9, 95, 42, 77, 68, 83, 5, 93, 78, 86, 54, 85, 63, 18, 44, 20, 49, 36, 14, 74, 50, 53, 17, 21, 28, 11, 64, 3, 23, 30, 47, 24, 41, 40, 52, 65, 27, 90, 70, 39, 87, 48, 69, 99, 4, 46, 1, 13, 58, 97, 59, 45, 8, 73, 37, 35, 79, 71, 66, 76, 32, 60, 80, 96, 6, 16, 61, 33, 7, 57, 34, 12, 67, 10, 98, 56, 88, 43, 75, 91, 38, 84, 92, 29, 19, 51, 55, 72, 89, 62, 81, 94, 25, 2, 0]|[2, 1, 2, 1, 1, 2, 1, 1, 1, 1, 1, 0, 2, 2, 1, 2, 0, 0, 0, 2, 2, 1, 0, 2, 0, 2, 2, 1, 0, 1, 1, 1, 0, 0, 1, 0, 2, 1, 2, 2, 0, 0, 1, 1, 0, 2, 0, 2, 1, 0, 0, 2, 0, 0, 2, 0, 1, 1, 0, 0, 2, 1, 1, 1, 2, 0, 2, 2, 0, 1, 1, 1, 1, 2, 0, 1, 1, 2, 1, 2, 2, 1, 1, 0, 1, 0, 0, 0, 1, 1, 1, 0, 1, 1, 1, 1, 2, 1, 2, 0]|[0, 3, 0, 3, 4, 1, 4, 4, 2, 4, 3, 2, 1, 0, 2, 1, 1, 1, 2, 1, 1, 3, 0, 1, 0, 1, 1, 4, 1, 4, 3, 2, 2, 0, 4, 1, 1, 4, 1, 1, 2, 1, 4, 4, 1, 1, 0, 2, 3, 2, 2, 1, 2, 1, 1, 2, 4, 3, 0, 2, 2, 3, 3, 1, 1, 2, 1, 1, 2, 4, 3, 3, 4, 1, 2, 4, 3, 1, 3, 1, 1, 4, 4, 2, 3, 2, 2, 2, 3, 4, 3, 2, 4, 4, 3, 4, 1, 4, 1, 2]|[0, 2, 0, 0, 3, 0, 1, 3, 0, 0, 2, 0, 1, 0, 1, 0, 0, 0, 1, 0, 0, 2, 0, 0, 1, 0, 0, 3, 0, 1, 0, 2, 0, 0, 3, 0, 1, 3, 0, 0, 0, 0, 1, 3, 0, 0, 1, 0, 2, 0, 0, 0, 0, 0, 1, 0, 1, 0, 1, 1, 0, 2, 0, 2, 0, 0, 0, 0, 0, 2, 0, 0, 1, 0, 0, 1, 0, 0, 3, 0, 0, 1, 2, 0, 0, 0, 0, 0, 3, 1, 0, 0, 1, 1, 0, 2, 0, 3, 0, 0],875.1301587940468,49727.32760625915,107510.02538268878,true
40,G2_TEC,G2_TEC,[31, 22, 82, 15, 26, 9, 95, 42, 77, 68, 47, 5, 93, 78, 86, 54, 85, 63, 18, 44, 20, 49, 36, 14, 74, 50, 53, 17, 21, 28, 11, 64, 3, 23, 30, 83, 24, 41, 40, 52, 65, 27, 90, 70, 39, 87, 48, 69, 99, 4, 46, 1, 13, 58, 97, 59, 45, 8, 73, 37, 35, 79, 71, 66, 76, 32, 60, 80, 56, 6, 67, 61, 33, 7, 57, 34, 12, 16, 10, 98, 96, 88, 2, 75, 91, 43, 84, 92, 29, 19, 51, 55, 81, 89, 25, 72, 94, 38, 0, 62]|[2, 1, 2, 1, 1, 2, 1, 1, 1, 1, 1, 0, 2, 2, 1, 2, 0, 0, 0, 2, 2, 1, 0, 2, 0, 2, 2, 1, 0, 1, 1, 1, 0, 0, 1, 0, 2, 1, 2, 2, 0, 0, 1, 1, 0, 2, 0, 2, 1, 0, 0, 2, 0, 0, 2, 0, 1, 1, 0, 0, 2, 1, 1, 2, 2, 0, 2, 2, 2, 1, 2, 1, 1, 2, 0, 1, 1, 2, 1, 2, 0, 1, 0, 0, 1, 1, 0, 0, 1, 1, 1, 0, 1, 1, 1, 1, 2, 0, 2, 1]|[0, 3, 0, 3, 4, 1, 4, 4, 2, 4, 3, 2, 1, 0, 2, 1, 1, 1, 2, 1, 1, 3, 0, 1, 0, 1, 1, 4, 1, 4, 3, 2, 2, 0, 4, 1, 1, 4, 1, 1, 2, 1, 4, 4, 1, 1, 0, 2, 3, 2, 2, 1, 2, 1, 1, 2, 4, 3, 0, 2, 1, 3, 3, 1, 1, 2, 1, 1, 1, 4, 1, 3, 4, 1, 2, 4, 3, 1, 3, 1, 2, 4, 2, 2, 3, 4, 2, 2, 3, 4, 3, 2, 4, 4, 4, 4, 1, 2, 1, 3]|[0, 2, 0, 0, 3, 0, 1, 3, 0, 0, 2, 0, 1, 0, 1, 0, 0, 0, 1, 0, 0, 2, 0, 0, 1, 0, 0, 3, 0, 1, 0, 2, 0, 0, 3, 0, 1, 1, 0, 0, 0, 0, 1, 3, 0, 0, 1, 0, 2, 0, 0, 0, 0, 0, 1, 0, 1, 0, 1, 1, 0, 2, 0, 0, 0, 0, 0, 0, 0, 2, 0, 0, 1, 0, 0, 1, 0, 0, 3, 0, 0, 1, 0, 0, 0, 2, 0, 0, 3, 1, 0, 0, 2, 1, 3, 1, 0, 0, 0, 0],914.0597544875216,49177.57411962909,107642.75205892837,false
40,G3_TWC,G4_BALANCED,[31, 22, 82, 15, 26, 58, 95, 42, 77, 12, 47, 5, 93, 78, 98, 54, 85, 63, 18, 44, 20, 35, 43, 97, 91, 76, 10, 30, 21, 45, 71, 64, 1, 23, 17, 83, 24, 14, 60, 36, 6, 57, 94, 88, 65, 56, 79, 40, 67, 68, 46, 75, 38, 9, 19, 32, 81, 41, 27, 62, 87, 90, 99, 59, 11, 16, 72, 73, 70, 39, 37, 84, 3, 92, 25, 55, 28, 29, 51, 7, 33, 61, 86, 48, 89, 34, 69, 96, 53, 80, 4, 8, 50, 49, 52, 0, 13, 2, 66, 74]|[1, 1, 0, 1, 1, 1, 2, 1, 2, 1, 2, 2, 2, 1, 1, 0, 0, 1, 0, 2, 2, 0, 1, 2, 0, 1, 2, 2, 0, 0, 1, 2, 1, 2, 1, 0, 2, 0, 1, 1, 0, 1, 1, 1, 0, 2, 1, 1, 0, 0, 0, 0, 1, 1, 2, 1, 2, 0, 0, 0, 2, 1, 0, 1, 2, 1, 2, 1, 1, 1, 1, 1, 2, 0, 1, 1, 0, 0, 0, 1, 2, 1, 0, 0, 1, 2, 1, 0, 0, 0, 0, 1, 0, 0, 1, 0, 0, 0, 2, 2]|[4, 3, 2, 2, 0, 0, 2, 2, 2, 4, 1, 1, 2, 4, 4, 1, 1, 4, 2, 1, 1, 1, 1, 2, 1, 2, 1, 1, 1, 1, 3, 2, 3, 0, 4, 0, 1, 1, 0, 3, 2, 2, 4, 0, 1, 1, 0, 2, 0, 1, 2, 2, 1, 4, 0, 3, 2, 1, 1, 2, 1, 3, 1, 1, 1, 3, 0, 4, 3, 1, 4, 1, 1, 2, 4, 4, 2, 1, 1, 3, 1, 3, 1, 1, 1, 1, 3, 1, 2, 1, 2, 3, 1, 1, 1, 2, 2, 2, 1, 1]|[0, 2, 1, 1, 3, 3, 0, 1, 0, 0, 0, 0, 1, 0, 1, 0, 0, 3, 1, 0, 0, 0, 3, 1, 0, 2, 0, 0, 0, 1, 0, 0, 0, 0, 3, 0, 1, 0, 0, 2, 1, 1, 2, 0, 0, 0, 0, 1, 1, 0, 0, 0, 1, 3, 0, 0, 1, 0, 0, 1, 0, 2, 0, 1, 0, 2, 1, 0, 0, 1, 1, 3, 0, 1, 3, 3, 1, 0, 0, 2, 0, 0, 0, 0, 1, 0, 0, 0, 1, 0, 1, 2, 0, 1, 1, 0, 0, 0, 0, 0],790.1921483697682,57957.04840138768,88951.83199580385,true
40,G1_CMAX,G4_BALANCED,[31, 22, 82, 15, 26, 58, 95, 42, 77, 12, 47, 5, 93, 78, 86, 54, 85, 63, 18, 44, 20, 35, 43, 97, 66, 76, 79, 30, 21, 45, 71, 64, 1, 23, 17, 83, 24, 14, 60, 36, 6, 57, 40, 88, 65, 56, 10, 94, 67, 68, 46, 75, 38, 9, 19, 32, 41, 81, 27, 62, 87, 90, 99, 59, 11, 16, 72, 73, 69, 39, 37, 84, 3, 92, 25, 55, 29, 28, 51, 7, 33, 61, 98, 48, 89, 50, 4, 96, 53, 80, 91, 8, 34, 2, 52, 0, 13, 70, 49, 74]|[1, 1, 0, 1, 1, 0, 1, 2, 2, 1, 2, 2, 2, 1, 1, 0, 0, 1, 0, 2, 2, 0, 1, 2, 2, 1, 2, 2, 0, 0, 1, 2, 1, 2, 1, 0, 2, 0, 1, 1, 0, 1, 1, 1, 0, 2, 2, 1, 0, 0, 0, 0, 1, 1, 2, 1, 0, 2, 0, 0, 2, 1, 0, 1, 2, 1, 2, 1, 1, 1, 1, 1, 1, 0, 1, 2, 0, 0, 0, 1, 0, 1, 2, 0, 1, 0, 1, 2, 0, 2, 0, 0, 2, 0, 1, 0, 0, 1, 0, 2]|[4, 3, 2, 2, 4, 1, 2, 2, 2, 4, 1, 1, 2, 4, 4, 1, 2, 4, 2, 1, 1, 1, 1, 2, 1, 2, 1, 1, 1, 1, 3, 1, 3, 1, 4, 0, 1, 1, 0, 3, 2, 2, 2, 0, 1, 1, 1, 4, 0, 1, 2, 2, 1, 4, 0, 3, 1, 1, 1, 2, 1, 3, 1, 1, 1, 3, 0, 4, 3, 1, 4, 1, 1, 0, 4, 1, 1, 2, 1, 1, 1, 3, 1, 1, 1, 1, 4, 1, 2, 1, 1, 1, 1, 2, 1, 2, 2, 3, 1, 1]|[0, 2, 1, 1, 3, 0, 1, 0, 0, 0, 0, 0, 1, 0, 1, 0, 0, 3, 1, 0, 0, 0, 3, 1, 0, 2, 0, 0, 0, 0, 0, 0, 0, 0, 3, 0, 1, 0, 0, 2, 1, 1, 1, 0, 0, 0, 0, 2, 1, 0, 0, 0, 1, 3, 0, 0, 0, 0, 0, 1, 0, 2, 0, 1, 0, 2, 1, 0, 0, 1, 1, 3, 1, 1, 3, 0, 0, 1, 0, 2, 0, 0, 0, 0, 1, 0, 0, 0, 1, 0, 0, 0, 0, 0, 1, 0, 0, 0, 1, 0],791.415243510269,55303.85816333782,96750.39584222315,true
40,G4_BALANCED,G1_CMAX,[22, 82, 3, 58, 95, 42, 77, 47, 5, 93, 78, 12, 86, 54, 50, 63, 18, 44, 20, 35, 43, 97, 91, 76, 10, 30, 21, 45, 71, 64, 36, 23, 17, 83, 24, 14, 60, 1, 6, 40, 57, 90, 65, 56, 79, 94, 67, 68, 46, 75, 38, 9, 19, 32, 81, 41, 27, 62, 16, 55, 59, 89, 88, 87, 31, 72, 73, 70, 39, 37, 84, 92, 25, 11, 48, 15, 29, 51, 7, 33, 61, 98, 28, 99, 26, 85, 66, 96, 53, 80, 4, 8, 34, 49, 52, 2, 13, 0, 69, 74]|[1, 0, 1, 0, 1, 2, 2, 2, 2, 2, 1, 1, 1, 0, 0, 1, 0, 2, 2, 0, 1, 2, 0, 1, 2, 2, 0, 0, 1, 2, 1, 2, 1, 0, 2, 0, 1, 1, 0, 1, 1, 1, 0, 2, 1, 1, 0, 0, 0, 0, 1, 1, 2, 1, 2, 0, 0, 0, 1, 2, 1, 1, 1, 1, 1, 2, 1, 2, 1, 1, 1, 0, 1, 2, 2, 1, 0, 0, 1, 2, 1, 2, 0, 1, 1, 0, 0, 2, 0, 0, 1, 1, 2, 0, 1, 0, 0, 0, 1, 2]|[3, 2, 1, 1, 2, 1, 2, 1, 1, 2, 4, 4, 4, 1, 1, 4, 2, 1, 1, 1, 1, 2, 1, 2, 1, 1, 2, 1, 3, 2, 3, 1, 4, 1, 1, 1, 0, 3, 2, 2, 2, 3, 1, 1, 0, 4, 0, 1, 2, 2, 1, 4, 0, 3, 2, 1, 1, 2, 3, 1, 1, 1, 0, 3, 0, 0, 3, 0, 1, 4, 1, 0, 4, 1, 1, 4, 1, 1, 1, 1, 3, 1, 2, 1, 0, 2, 1, 1, 2, 1, 4, 3, 1, 1, 1, 2, 2, 2, 4, 1]|[3, 1, 2, 0, 1, 0, 0, 0, 0, 1, 0, 0, 1, 0, 0, 3, 1, 0, 0, 0, 3, 1, 0, 2, 0, 0, 0, 1, 0, 0, 2, 0, 3, 0, 1, 0, 0, 0, 1, 1, 1, 2, 0, 0, 0, 2, 1, 0, 0, 0, 1, 3, 0, 0, 1, 0, 0, 1, 2, 0, 1, 1, 0, 2, 0, 1, 0, 1, 1, 1, 1, 1, 3, 0, 0, 3, 0, 0, 2, 0, 0, 0, 1, 1, 3, 0, 0, 0, 1, 0, 0, 2, 0, 1, 1, 0, 0, 0, 2, 0],715.7913946700162,58060.95961022334,95287.06515100288,true
40,G2_TEC,G2_TEC,[31, 22, 82, 15, 26, 9, 95, 42, 77, 68, 47, 5, 93, 78, 86, 54, 85, 63, 18, 44, 20, 49, 36, 14, 74, 50, 53, 17, 21, 28, 11, 64, 3, 23, 30, 83, 24, 41, 40, 52, 65, 27, 90, 70, 39, 87, 48, 69, 99, 4, 46, 1, 13, 58, 97, 59, 45, 8, 73, 37, 35, 79, 71, 66, 76, 32, 60, 80, 56, 6, 67, 61, 33, 7, 57, 34, 12, 16, 10, 98, 96, 88, 2, 75, 91, 43, 84, 92, 29, 19, 51, 55, 81, 89, 25, 72, 94, 38, 0, 62]|[2, 1, 2, 1, 1, 2, 1, 1, 1, 1, 1, 0, 2, 2, 1, 2, 0, 0, 0, 2, 2, 1, 0, 2, 0, 2, 2, 1, 0, 1, 1, 1, 0, 0, 1, 0, 2, 1, 2, 2, 0, 0, 1, 1, 0, 2, 0, 2, 1, 0, 0, 2, 0, 0, 2, 0, 1, 1, 0, 0, 2, 1, 1, 2, 2, 0, 2, 2, 2, 1, 2, 1, 1, 2, 0, 1, 1, 2, 1, 2, 0, 1, 0, 0, 1, 1, 0, 0, 1, 1, 1, 0, 1, 1, 1, 1, 2, 0, 2, 1]|[0, 3, 0, 3, 4, 1, 4, 4, 2, 4, 3, 2, 1, 0, 2, 1, 1, 1, 2, 1, 1, 3, 0, 1, 0, 1, 1, 4, 1, 4, 3, 2, 2, 0, 4, 1, 1, 4, 1, 1, 2, 1, 4, 4, 1, 1, 0, 2, 3, 2, 2, 1, 2, 1, 1, 2, 4, 3, 0, 2, 1, 3, 3, 1, 1, 2, 1, 1, 1, 4, 1, 3, 4, 1, 2, 4, 3, 1, 3, 1, 2, 4, 2, 2, 3, 4, 2, 2, 3, 4, 3, 2, 4, 4, 4, 4, 1, 2, 1, 3]|[0, 2, 0, 0, 3, 0, 1, 3, 0, 0, 2, 0, 1, 0, 1, 0, 0, 0, 1, 0, 0, 2, 0, 0, 1, 0, 0, 3, 0, 1, 0, 2, 0, 0, 3, 0, 1, 1, 0, 0, 0, 0, 1, 3, 0, 0, 1, 0, 2, 0, 0, 0, 0, 0, 1, 0, 1, 0, 1, 1, 0, 2, 0, 0, 0, 0, 0, 0, 0, 2, 0, 0, 1, 0, 0, 1, 0, 0, 3, 0, 0, 1, 0, 0, 0, 2, 0, 0, 3, 1, 0, 0, 2, 1, 3, 1, 0, 0, 0, 0],914.0597544875216,49177.57411962909,107642.75205892837,false
40,G3_TWC,G4_BALANCED,[31, 22, 82, 15, 26, 58, 95, 42, 77, 12, 47, 5, 93, 78, 98, 54, 85, 63, 18, 44, 20, 35, 43, 97, 91, 76, 10, 30, 21, 45, 71, 64, 1, 23, 17, 83, 24, 14, 60, 36, 6, 57, 94, 88, 65, 56, 79, 40, 67, 68, 46, 75, 38, 9, 19, 32, 81, 41, 27, 62, 87, 90, 99, 59, 11, 16, 72, 73, 70, 39, 37, 84, 3, 92, 25, 55, 28, 29, 51, 7, 33, 61, 86, 48, 89, 34, 69, 96, 53, 80, 4, 8, 50, 49, 52, 0, 13, 2, 66, 74]|[1, 1, 0, 1, 1, 1, 2, 1, 2, 1, 2, 2, 2, 1, 1, 0, 0, 1, 0, 2, 2, 0, 1, 2, 0, 1, 2, 2, 0, 0, 1, 2, 1, 2, 1, 0, 2, 0, 1, 1, 0, 1, 1, 1, 0, 2, 1, 1, 0, 0, 0, 0, 1, 1, 2, 1, 2, 0, 0, 0, 2, 1, 0, 1, 2, 1, 2, 1, 1, 1, 1, 1, 2, 0, 1, 1, 0, 0, 0, 1, 2, 1, 0, 0, 1, 2, 1, 0, 0, 0, 0, 1, 0, 0, 1, 0, 0, 0, 2, 2]|[4, 3, 2, 2, 0, 0, 2, 2, 2, 4, 1, 1, 2, 4, 4, 1, 1, 4, 2, 1, 1, 1, 1, 2, 1, 2, 1, 1, 1, 1, 3, 2, 3, 0, 4, 0, 1, 1, 0, 3, 2, 2, 4, 0, 1, 1, 0, 2, 0, 1, 2, 2, 1, 4, 0, 3, 2, 1, 1, 2, 1, 3, 1, 1, 1, 3, 0, 4, 3, 1, 4, 1, 1, 2, 4, 4, 2, 1, 1, 3, 1, 3, 1, 1, 1, 1, 3, 1, 2, 1, 2, 3, 1, 1, 1, 2, 2, 2, 1, 1]|[0, 2, 1, 1, 3, 3, 0, 1, 0, 0, 0, 0, 1, 0, 1, 0, 0, 3, 1, 0, 0, 0, 3, 1, 0, 2, 0, 0, 0, 1, 0, 0, 0, 0, 3, 0, 1, 0, 0, 2, 1, 1, 2, 0, 0, 0, 0, 1, 1, 0, 0, 0, 1, 3, 0, 0, 1, 0, 0, 1, 0, 2, 0, 1, 0, 2, 1, 0, 0, 1, 1, 3, 0, 1, 3, 3, 1, 0, 0, 2, 0, 0, 0, 0, 1, 0, 0, 0, 1, 0, 1, 2, 0, 1, 1, 0, 0, 0, 0, 0],790.1921483697682,57957.04840138768,88951.83199580385,true
40,G1_CMAX,G1_CMAX,[31, 22, 82, 15, 26, 99, 95, 42, 77, 12, 47, 5, 93, 78, 86, 54, 21, 63, 18, 44, 20, 35, 43, 97, 91, 76, 10, 30, 85, 45, 71, 64, 1, 23, 17, 83, 24, 14, 60, 36, 6, 57, 40, 88, 65, 56, 79, 94, 67, 68, 46, 75, 38, 9, 19, 32, 41, 81, 27, 87, 90, 58, 59, 11, 16, 72, 73, 70, 39, 37, 84, 3, 92, 25, 55, 48, 96, 29, 51, 62, 33, 61, 98, 66, 89, 50, 4, 7, 53, 80, 8, 28, 34, 49, 52, 0, 74, 69, 2, 13]|[1, 1, 0, 1, 1, 0, 1, 1, 2, 1, 2, 2, 2, 1, 1, 0, 0, 1, 0, 2, 2, 0, 1, 2, 0, 1, 2, 2, 0, 0, 1, 2, 1, 2, 1, 0, 2, 0, 1, 1, 0, 1, 1, 1, 0, 2, 1, 1, 0, 0, 0, 0, 1, 1, 2, 1, 2, 2, 0, 2, 1, 0, 1, 2, 1, 2, 1, 1, 1, 1, 1, 1, 0, 1, 2, 0, 2, 0, 0, 0, 2, 1, 2, 2, 1, 0, 1, 2, 0, 0, 1, 0, 2, 0, 1, 0, 2, 1, 0, 0]|[0, 3, 2, 2, 4, 1, 2, 3, 2, 4, 1, 1, 2, 4, 4, 1, 1, 4, 2, 1, 1, 1, 1, 2, 1, 2, 1, 1, 2, 1, 3, 2, 3, 0, 4, 0, 1, 1, 0, 3, 2, 2, 2, 0, 1, 1, 0, 4, 0, 1, 2, 2, 1, 4, 0, 3, 2, 1, 1, 1, 3, 1, 1, 1, 3, 0, 4, 3, 1, 4, 1, 1, 0, 4, 1, 1, 1, 1, 1, 2, 1, 3, 1, 1, 1, 1, 4, 1, 2, 1, 3, 2, 1, 1, 1, 2, 1, 4, 2, 2]|[0, 2, 1, 1, 3, 0, 1, 3, 0, 0, 0, 0, 1, 0, 1, 0, 0, 3, 1, 0, 0, 0, 3, 1, 0, 2, 0, 0, 0, 1, 0, 0, 0, 0, 3, 0, 1, 0, 0, 2, 1, 1, 1, 0, 0, 0, 0, 2, 1, 0, 0, 0, 1, 3, 0, 0, 1, 0, 0, 0, 2, 0, 1, 0, 2, 1, 0, 0, 1, 1, 3, 1, 1, 3, 0, 0, 0, 0, 0, 1, 0, 0, 0, 0, 1, 0, 0, 0, 1, 0, 2, 1, 0, 1, 1, 0, 0, 2, 0, 0],724.9395833867611,57689.77869234914,92566.52405273609,false
40,G4_BALANCED,G1_CMAX,[22, 82, 3, 58, 95, 42, 77, 47, 5, 93, 78, 12, 86, 54, 50, 63, 18, 44, 20, 35, 43, 97, 91, 76, 10, 30, 21, 45, 71, 64, 36, 23, 17, 83, 24, 14, 60, 1, 6, 40, 57, 90, 65, 56, 79, 94, 67, 68, 46, 75, 38, 9, 19, 32, 81, 41, 27, 62, 16, 55, 59, 89, 88, 87, 31, 72, 73, 70, 39, 37, 84, 92, 25, 11, 48, 15, 29, 51, 7, 33, 61, 98, 28, 99, 26, 85, 66, 96, 53, 80, 4, 8, 34, 49, 52, 2, 13, 0, 69, 74]|[1, 0, 1, 0, 1, 2, 2, 2, 2, 2, 1, 1, 1, 0, 0, 1, 0, 2, 2, 0, 1, 2, 0, 1, 2, 2, 0, 0, 1, 2, 1, 2, 1, 0, 2, 0, 1, 1, 0, 1, 1, 1, 0, 2, 1, 1, 0, 0, 0, 0, 1, 1, 2, 1, 2, 0, 0, 0, 1, 2, 1, 1, 1, 1, 1, 2, 1, 2, 1, 1, 1, 0, 1, 2, 2, 1, 0, 0, 1, 2, 1, 2, 0, 1, 1, 0, 0, 2, 0, 0, 1, 1, 2, 0, 1, 0, 0, 0, 1, 2]|[3, 2, 1, 1, 2, 1, 2, 1, 1, 2, 4, 4, 4, 1, 1, 4, 2, 1, 1, 1, 1, 2, 1, 2, 1, 1, 2, 1, 3, 2, 3, 1, 4, 1, 1, 1, 0, 3, 2, 2, 2, 3, 1, 1, 0, 4, 0, 1, 2, 2, 1, 4, 0, 3, 2, 1, 1, 2, 3, 1, 1, 1, 0, 3, 0, 0, 3, 0, 1, 4, 1, 0, 4, 1, 1, 4, 1, 1, 1, 1, 3, 1, 2, 1, 0, 2, 1, 1, 2, 1, 4, 3, 1, 1, 1, 2, 2, 2, 4, 1]|[3, 1, 2, 0, 1, 0, 0, 0, 0, 1, 0, 0, 1, 0, 0, 3, 1, 0, 0, 0, 3, 1, 0, 2, 0, 0, 0, 1, 0, 0, 2, 0, 3, 0, 1, 0, 0, 0, 1, 1, 1, 2, 0, 0, 0, 2, 1, 0, 0, 0, 1, 3, 0, 0, 1, 0, 0, 1, 2, 0, 1, 1, 0, 2, 0, 1, 0, 1, 1, 1, 1, 1, 3, 0, 0, 3, 0, 0, 2, 0, 0, 0, 1, 1, 3, 0, 0, 0, 1, 0, 0, 2, 0, 1, 1, 0, 0, 0, 2, 0],715.7913946700162,58060.95961022334,95287.06515100288,true
40,G2_TEC,G2_TEC,[31, 22, 82, 15, 26, 9, 95, 42, 77, 68, 47, 5, 93, 78, 86, 54, 85, 63, 18, 44, 20, 49, 36, 14, 74, 50, 53, 17, 21, 28, 11, 64, 3, 23, 30, 83, 24, 41, 40, 52, 65, 27, 90, 70, 39, 87, 48, 69, 99, 4, 46, 1, 13, 58, 97, 59, 45, 8, 73, 37, 35, 79, 71, 66, 76, 32, 60, 80, 56, 6, 67, 61, 33, 7, 57, 34, 12, 16, 10, 98, 96, 88, 2, 75, 91, 43, 84, 92, 29, 19, 51, 55, 81, 89, 25, 72, 94, 38, 0, 62]|[2, 1, 2, 1, 1, 2, 1, 1, 1, 1, 1, 0, 2, 2, 1, 2, 0, 0, 0, 2, 2, 1, 0, 2, 0, 2, 2, 1, 0, 1, 1, 1, 0, 0, 1, 0, 2, 1, 2, 2, 0, 0, 1, 1, 0, 2, 0, 2, 1, 0, 0, 2, 0, 0, 2, 0, 1, 1, 0, 0, 2, 1, 1, 2, 2, 0, 2, 2, 2, 1, 2, 1, 1, 2, 0, 1, 1, 2, 1, 2, 0, 1, 0, 0, 1, 1, 0, 0, 1, 1, 1, 0, 1, 1, 1, 1, 2, 0, 2, 1]|[0, 3, 0, 3, 4, 1, 4, 4, 2, 4, 3, 2, 1, 0, 2, 1, 1, 1, 2, 1, 1, 3, 0, 1, 0, 1, 1, 4, 1, 4, 3, 2, 2, 0, 4, 1, 1, 4, 1, 1, 2, 1, 4, 4, 1, 1, 0, 2, 3, 2, 2, 1, 2, 1, 1, 2, 4, 3, 0, 2, 1, 3, 3, 1, 1, 2, 1, 1, 1, 4, 1, 3, 4, 1, 2, 4, 3, 1, 3, 1, 2, 4, 2, 2, 3, 4, 2, 2, 3, 4, 3, 2, 4, 4, 4, 4, 1, 2, 1, 3]|[0, 2, 0, 0, 3, 0, 1, 3, 0, 0, 2, 0, 1, 0, 1, 0, 0, 0, 1, 0, 0, 2, 0, 0, 1, 0, 0, 3, 0, 1, 0, 2, 0, 0, 3, 0, 1, 1, 0, 0, 0, 0, 1, 3, 0, 0, 1, 0, 2, 0, 0, 0, 0, 0, 1, 0, 1, 0, 1, 1, 0, 2, 0, 0, 0, 0, 0, 0, 0, 2, 0, 0, 1, 0, 0, 1, 0, 0, 3, 0, 0, 1, 0, 0, 0, 2, 0, 0, 3, 1, 0, 0, 2, 1, 3, 1, 0, 0, 0, 0],914.0597544875216,49177.57411962909,107642.75205892837,false
40,G3_TWC,G4_BALANCED,[31, 22, 82, 15, 26, 58, 95, 42, 77, 12, 47, 5, 93, 78, 98, 54, 85, 63, 18, 44, 20, 35, 43, 97, 91, 76, 10, 30, 21, 45, 71, 64, 1, 23, 17, 83, 24, 14, 60, 36, 6, 57, 94, 88, 65, 56, 79, 40, 67, 68, 46, 75, 38, 9, 19, 32, 81, 41, 27, 62, 87, 90, 99, 59, 11, 16, 72, 73, 70, 39, 37, 84, 3, 92, 25, 55, 28, 29, 51, 7, 33, 61, 86, 48, 89, 34, 69, 96, 53, 80, 4, 8, 50, 49, 52, 0, 13, 2, 66, 74]|[1, 1, 0, 1, 1, 1, 2, 1, 2, 1, 2, 2, 2, 1, 1, 0, 0, 1, 0, 2, 2, 0, 1, 2, 0, 1, 2, 2, 0, 0, 1, 2, 1, 2, 1, 0, 2, 0, 1, 1, 0, 1, 1, 1, 0, 2, 1, 1, 0, 0, 0, 0, 1, 1, 2, 1, 2, 0, 0, 0, 2, 1, 0, 1, 2, 1, 2, 1, 1, 1, 1, 1, 2, 0, 1, 1, 0, 0, 0, 1, 2, 1, 0, 0, 1, 2, 1, 0, 0, 0, 0, 1, 0, 0, 1, 0, 0, 0, 2, 2]|[4, 3, 2, 2, 0, 0, 2, 2, 2, 4, 1, 1, 2, 4, 4, 1, 1, 4, 2, 1, 1, 1, 1, 2, 1, 2, 1, 1, 1, 1, 3, 2, 3, 0, 4, 0, 1, 1, 0, 3, 2, 2, 4, 0, 1, 1, 0, 2, 0, 1, 2, 2, 1, 4, 0, 3, 2, 1, 1, 2, 1, 3, 1, 1, 1, 3, 0, 4, 3, 1, 4, 1, 1, 2, 4, 4, 2, 1, 1, 3, 1, 3, 1, 1, 1, 1, 3, 1, 2, 1, 2, 3, 1, 1, 1, 2, 2, 2, 1, 1]|[0, 2, 1, 1, 3, 3, 0, 1, 0, 0, 0, 0, 1, 0, 1, 0, 0, 3, 1, 0, 0, 0, 3, 1, 0, 2, 0, 0, 0, 1, 0, 0, 0, 0, 3, 0, 1, 0, 0, 2, 1, 1, 2, 0, 0, 0, 0, 1, 1, 0, 0, 0, 1, 3, 0, 0, 1, 0, 0, 1, 0, 2, 0, 1, 0, 2, 1, 0, 0, 1, 1, 3, 0, 1, 3, 3, 1, 0, 0, 2, 0, 0, 0, 0, 1, 0, 0, 0, 1, 0, 1, 2, 0, 1, 1, 0, 0, 0, 0, 0],790.1921483697682,57957.04840138768,88951.83199580385,true
40,G1_CMAX,G1_CMAX,[31, 22, 82, 15, 26, 99, 95, 42, 77, 12, 47, 5, 93, 78, 86, 54, 21, 63, 18, 44, 20, 35, 43, 97, 91, 76, 10, 30, 85, 45, 71, 64, 1, 23, 37, 83, 24, 14, 60, 36, 6, 57, 40, 88, 65, 56, 79, 94, 67, 68, 46, 75, 38, 9, 19, 32, 41, 81, 27, 87, 90, 58, 59, 11, 16, 72, 73, 70, 39, 17, 84, 3, 92, 25, 55, 48, 62, 29, 51, 96, 33, 61, 98, 28, 89, 50, 4, 7, 53, 80, 34, 66, 8, 49, 0, 74, 69, 52, 2, 13]|[2, 1, 0, 1, 1, 0, 1, 1, 2, 1, 2, 2, 2, 1, 1, 0, 0, 1, 0, 2, 2, 0, 1, 2, 0, 1, 2, 2, 0, 0, 1, 2, 1, 2, 1, 0, 2, 0, 1, 1, 0, 1, 1, 1, 0, 2, 1, 1, 0, 0, 0, 0, 1, 1, 2, 1, 0, 2, 0, 2, 1, 0, 1, 2, 1, 2, 1, 1, 1, 1, 1, 1, 0, 1, 2, 0, 0, 0, 0, 2, 2, 1, 2, 0, 1, 0, 1, 2, 0, 0, 2, 2, 1, 0, 0, 2, 1, 1, 0, 0]|[1, 3, 2, 2, 4, 1, 2, 3, 2, 4, 1, 1, 2, 4, 4, 1, 1, 4, 2, 1, 1, 1, 1, 2, 1, 2, 1, 1, 2, 1, 3, 2, 3, 1, 4, 0, 1, 1, 0, 3, 2, 2, 2, 0, 1, 1, 0, 4, 0, 1, 2, 2, 1, 4, 0, 3, 1, 1, 1, 1, 3, 1, 1, 1, 3, 0, 4, 3, 1, 4, 1, 1, 0, 4, 1, 1, 2, 1, 1, 1, 1, 3, 1, 2, 1, 1, 4, 1, 2, 1, 1, 1, 3, 1, 2, 1, 4, 1, 2, 2]|[0, 2, 1, 1, 3, 0, 1, 3, 0, 0, 0, 0, 1, 0, 1, 0, 0, 3, 1, 0, 0, 0, 3, 1, 0, 2, 0, 0, 0, 1, 0, 0, 0, 0, 3, 0, 1, 0, 0, 2, 1, 1, 1, 0, 0, 0, 0, 2, 1, 0, 0, 0, 1, 3, 0, 0, 0, 0, 0, 0, 2, 0, 1, 0, 2, 1, 0, 0, 1, 1, 3, 1, 1, 3, 0, 0, 1, 0, 0, 0, 0, 0, 0, 1, 1, 0, 0, 0, 1, 0, 0, 0, 2, 1, 0, 0, 2, 1, 0, 0],740.2718239221269,55953.992678270595,92365.00024815337,false
40,G4_BALANCED,G1_CMAX,[22, 82, 3, 58, 95, 42, 77, 47, 5, 93, 78, 12, 86, 54, 50, 63, 18, 44, 20, 35, 43, 97, 91, 76, 10, 30, 21, 45, 71, 64, 36, 23, 17, 83, 24, 14, 60, 1, 6, 40, 57, 90, 65, 56, 79, 94, 67, 68, 46, 75, 38, 9, 19, 32, 81, 41, 27, 62, 16, 55, 59, 89, 88, 87, 31, 72, 73, 70, 39, 37, 84, 92, 25, 11, 48, 15, 29, 51, 7, 33, 61, 98, 28, 99, 26, 85, 66, 96, 53, 80, 4, 8, 34, 49, 52, 2, 13, 0, 69, 74]|[1, 0, 1, 0, 1, 2, 2, 2, 2, 2, 1, 1, 1, 0, 0, 1, 0, 2, 2, 0, 1, 2, 0, 1, 2, 2, 0, 0, 1, 2, 1, 2, 1, 0, 2, 0, 1, 1, 0, 1, 1, 1, 0, 2, 1, 1, 0, 0, 0, 0, 1, 1, 2, 1, 2, 0, 0, 0, 1, 2, 1, 1, 1, 1, 1, 2, 1, 2, 1, 1, 1, 0, 1, 2, 2, 1, 0, 0, 1, 2, 1, 2, 0, 1, 1, 0, 0, 2, 0, 0, 1, 1, 2, 0, 1, 0, 0, 0, 1, 2]|[3, 2, 1, 1, 2, 1, 2, 1, 1, 2, 4, 4, 4, 1, 1, 4, 2, 1, 1, 1, 1, 2, 1, 2, 1, 1, 2, 1, 3, 2, 3, 1, 4, 1, 1, 1, 0, 3, 2, 2, 2, 3, 1, 1, 0, 4, 0, 1, 2, 2, 1, 4, 0, 3, 2, 1, 1, 2, 3, 1, 1, 1, 0, 3, 0, 0, 3, 0, 1, 4, 1, 0, 4, 1, 1, 4, 1, 1, 1, 1, 3, 1, 2, 1, 0, 2, 1, 1, 2, 1, 4, 3, 1, 1, 1, 2, 2, 2, 4, 1]|[3, 1, 2, 0, 1, 0, 0, 0, 0, 1, 0, 0, 1, 0, 0, 3, 1, 0, 0, 0, 3, 1, 0, 2, 0, 0, 0, 1, 0, 0, 2, 0, 3, 0, 1, 0, 0, 0, 1, 1, 1, 2, 0, 0, 0, 2, 1, 0, 0, 0, 1, 3, 0, 0, 1, 0, 0, 1, 2, 0, 1, 1, 0, 2, 0, 1, 0, 1, 1, 1, 1, 1, 3, 0, 0, 3, 0, 0, 2, 0, 0, 0, 1, 1, 3, 0, 0, 0, 1, 0, 0, 2, 0, 1, 1, 0, 0, 0, 2, 0],715.7913946700162,58060.95961022334,95287.06515100288,true
40,G2_TEC,G2_TEC,[31, 22, 82, 15, 26, 9, 95, 42, 77, 68, 47, 5, 93, 78, 86, 54, 85, 63, 18, 44, 20, 49, 36, 14, 74, 50, 53, 17, 21, 28, 11, 64, 3, 23, 30, 83, 24, 41, 40, 52, 65, 27, 90, 70, 39, 87, 48, 69, 99, 4, 46, 1, 13, 58, 97, 59, 45, 8, 73, 37, 35, 79, 71, 66, 76, 32, 60, 80, 56, 6, 67, 61, 33, 7, 57, 34, 12, 16, 10, 98, 96, 88, 2, 75, 91, 43, 84, 92, 29, 19, 51, 55, 81, 89, 25, 72, 94, 38, 0, 62]|[2, 1, 2, 1, 1, 2, 1, 1, 1, 1, 1, 0, 2, 2, 1, 2, 0, 0, 0, 2, 2, 1, 0, 2, 0, 2, 2, 1, 0, 1, 1, 1, 0, 0, 1, 0, 2, 1, 2, 2, 0, 0, 1, 1, 0, 2, 0, 2, 1, 0, 0, 2, 0, 0, 2, 0, 1, 1, 0, 0, 2, 1, 1, 2, 2, 0, 2, 2, 2, 1, 2, 1, 1, 2, 0, 1, 1, 2, 1, 2, 0, 1, 0, 0, 1, 1, 0, 0, 1, 1, 1, 0, 1, 1, 1, 1, 2, 0, 2, 1]|[0, 3, 0, 3, 4, 1, 4, 4, 2, 4, 3, 2, 1, 0, 2, 1, 1, 1, 2, 1, 1, 3, 0, 1, 0, 1, 1, 4, 1, 4, 3, 2, 2, 0, 4, 1, 1, 4, 1, 1, 2, 1, 4, 4, 1, 1, 0, 2, 3, 2, 2, 1, 2, 1, 1, 2, 4, 3, 0, 2, 1, 3, 3, 1, 1, 2, 1, 1, 1, 4, 1, 3, 4, 1, 2, 4, 3, 1, 3, 1, 2, 4, 2, 2, 3, 4, 2, 2, 3, 4, 3, 2, 4, 4, 4, 4, 1, 2, 1, 3]|[0, 2, 0, 0, 3, 0, 1, 3, 0, 0, 2, 0, 1, 0, 1, 0, 0, 0, 1, 0, 0, 2, 0, 0, 1, 0, 0, 3, 0, 1, 0, 2, 0, 0, 3, 0, 1, 1, 0, 0, 0, 0, 1, 3, 0, 0, 1, 0, 2, 0, 0, 0, 0, 0, 1, 0, 1, 0, 1, 1, 0, 2, 0, 0, 0, 0, 0, 0, 0, 2, 0, 0, 1, 0, 0, 1, 0, 0, 3, 0, 0, 1, 0, 0, 0, 2, 0, 0, 3, 1, 0, 0, 2, 1, 3, 1, 0, 0, 0, 0],914.0597544875216,49177.57411962909,107642.75205892837,false
40,G3_TWC,G4_BALANCED,[31, 22, 82, 15, 26, 58, 95, 42, 77, 12, 47, 5, 93, 78, 98, 54, 85, 63, 18, 44, 20, 35, 43, 97, 91, 76, 10, 30, 21, 45, 71, 64, 1, 23, 17, 83, 24, 14, 60, 36, 6, 57, 94, 88, 65, 56, 79, 40, 67, 68, 46, 75, 38, 9, 19, 32, 81, 41, 27, 62, 87, 90, 99, 59, 11, 16, 72, 73, 70, 39, 37, 84, 3, 92, 25, 55, 28, 29, 51, 7, 33, 61, 86, 48, 89, 34, 69, 96, 53, 80, 4, 8, 50, 49, 52, 0, 13, 2, 66, 74]|[1, 1, 0, 1, 1, 1, 2, 1, 2, 1, 2, 2, 2, 1, 1, 0, 0, 1, 0, 2, 2, 0, 1, 2, 0, 1, 2, 2, 0, 0, 1, 2, 1, 2, 1, 0, 2, 0, 1, 1, 0, 1, 1, 1, 0, 2, 1, 1, 0, 0, 0, 0, 1, 1, 2, 1, 2, 0, 0, 0, 2, 1, 0, 1, 2, 1, 2, 1, 1, 1, 1, 1, 2, 0, 1, 1, 0, 0, 0, 1, 2, 1, 0, 0, 1, 2, 1, 0, 0, 0, 0, 1, 0, 0, 1, 0, 0, 0, 2, 2]|[4, 3, 2, 2, 0, 0, 2, 2, 2, 4, 1, 1, 2, 4, 4, 1, 1, 4, 2, 1, 1, 1, 1, 2, 1, 2, 1, 1, 1, 1, 3, 2, 3, 0, 4, 0, 1, 1, 0, 3, 2, 2, 4, 0, 1, 1, 0, 2, 0, 1, 2, 2, 1, 4, 0, 3, 2, 1, 1, 2, 1, 3, 1, 1, 1, 3, 0, 4, 3, 1, 4, 1, 1, 2, 4, 4, 2, 1, 1, 3, 1, 3, 1, 1, 1, 1, 3, 1, 2, 1, 2, 3, 1, 1, 1, 2, 2, 2, 1, 1]|[0, 2, 1, 1, 3, 3, 0, 1, 0, 0, 0, 0, 1, 0, 1, 0, 0, 3, 1, 0, 0, 0, 3, 1, 0, 2, 0, 0, 0, 1, 0, 0, 0, 0, 3, 0, 1, 0, 0, 2, 1, 1, 2, 0, 0, 0, 0, 1, 1, 0, 0, 0, 1, 3, 0, 0, 1, 0, 0, 1, 0, 2, 0, 1, 0, 2, 1, 0, 0, 1, 1, 3, 0, 1, 3, 3, 1, 0, 0, 2, 0, 0, 0, 0, 1, 0, 0, 0, 1, 0, 1, 2, 0, 1, 1, 0, 0, 0, 0, 0],790.1921483697682,57957.04840138768,88951.83199580385,true
40,G1_CMAX,G3_TWC,[31, 22, 82, 15, 26, 58, 95, 42, 77, 12, 47, 5, 93, 78, 98, 54, 85, 63, 18, 44, 20, 35, 43, 97, 91, 76, 10, 30, 21, 45, 71, 64, 1, 23, 17, 83, 24, 14, 60, 0, 6, 57, 94, 88, 65, 56, 79, 40, 67, 68, 46, 75, 38, 9, 19, 32, 27, 41, 81, 62, 87, 90, 99, 59, 11, 16, 72, 73, 70, 39, 37, 84, 3, 92, 25, 55, 28, 29, 51, 7, 33, 61, 86, 66, 69, 50, 48, 96, 53, 8, 4, 80, 34, 49, 52, 2, 13, 36, 89, 74]|[1, 1, 0, 1, 1, 1, 2, 1, 2, 1, 2, 2, 2, 1, 1, 0, 0, 1, 0, 2, 2, 0, 1, 2, 0, 1, 2, 2, 0, 0, 1, 2, 1, 2, 1, 0, 2, 0, 1, 1, 0, 1, 1, 1, 0, 2, 1, 1, 0, 0, 0, 0, 1, 1, 2, 1, 0, 0, 2, 0, 2, 1, 0, 1, 2, 1, 2, 1, 1, 1, 1, 1, 2, 0, 1, 1, 0, 0, 0, 1, 2, 1, 0, 2, 1, 0, 0, 0, 0, 1, 0, 0, 2, 0, 1, 0, 0, 0, 1, 2]|[4, 3, 2, 2, 0, 0, 2, 2, 2, 4, 1, 1, 2, 4, 4, 1, 1, 4, 2, 1, 1, 1, 1, 2, 1, 2, 1, 1, 1, 1, 3, 2, 3, 0, 4, 0, 1, 1, 0, 3, 2, 2, 4, 0, 1, 1, 0, 2, 0, 1, 2, 2, 1, 4, 0, 3, 1, 1, 2, 2, 1, 3, 1, 1, 1, 3, 0, 4, 3, 1, 4, 1, 1, 2, 4, 4, 2, 1, 1, 3, 1, 3, 1, 1, 3, 1, 1, 1, 2, 3, 2, 1, 1, 1, 1, 2, 2, 2, 1, 1]|[0, 2, 1, 1, 3, 3, 0, 1, 0, 0, 0, 0, 1, 0, 1, 0, 0, 3, 1, 0, 0, 0, 3, 1, 0, 2, 0, 0, 0, 1, 0, 0, 0, 0, 3, 0, 1, 0, 0, 2, 1, 1, 2, 0, 0, 0, 0, 1, 1, 0, 0, 0, 1, 3, 0, 0, 0, 0, 1, 1, 0, 2, 0, 1, 0, 2, 1, 0, 0, 1, 1, 3, 0, 1, 3, 3, 1, 0, 0, 2, 0, 0, 0, 0, 0, 0, 0, 0, 1, 2, 1, 0, 0, 1, 1, 0, 0, 0, 1, 0],794.9504268325494,57749.374592850836,89546.73771391547,true
40,G4_BALANCED,G1_CMAX,[22, 82, 3, 58, 95, 42, 77, 47, 5, 93, 78, 12, 86, 54, 50, 63, 18, 44, 20, 35, 43, 97, 91, 76, 10, 30, 21, 45, 71, 64, 36, 23, 17, 83, 24, 14, 60, 1, 6, 40, 57, 90, 65, 56, 79, 94, 67, 68, 46, 75, 38, 9, 19, 32, 81, 41, 27, 62, 16, 55, 59, 89, 88, 87, 31, 72, 73, 70, 39, 37, 84, 92, 25, 11, 48, 15, 29, 51, 7, 33, 61, 98, 28, 99, 26, 85, 66, 96, 53, 80, 4, 8, 34, 49, 52, 2, 13, 0, 69, 74]|[1, 0, 1, 0, 1, 2, 2, 2, 2, 2, 1, 1, 1, 0, 0, 1, 0, 2, 2, 0, 1, 2, 0, 1, 2, 2, 0, 0, 1, 2, 1, 2, 1, 0, 2, 0, 1, 1, 0, 1, 1, 1, 0, 2, 1, 1, 0, 0, 0, 0, 1, 1, 2, 1, 2, 0, 0, 0, 1, 2, 1, 1, 1, 1, 1, 2, 1, 2, 1, 1, 1, 0, 1, 2, 2, 1, 0, 0, 1, 2, 1, 2, 0, 1, 1, 0, 0, 2, 0, 0, 1, 1, 2, 0, 1, 0, 0, 0, 1, 2]|[3, 2, 1, 1, 2, 1, 2, 1, 1, 2, 4, 4, 4, 1, 1, 4, 2, 1, 1, 1, 1, 2, 1, 2, 1, 1, 2, 1, 3, 2, 3, 1, 4, 1, 1, 1, 0, 3, 2, 2, 2, 3, 1, 1, 0, 4, 0, 1, 2, 2, 1, 4, 0, 3, 2, 1, 1, 2, 3, 1, 1, 1, 0, 3, 0, 0, 3, 0, 1, 4, 1, 0, 4, 1, 1, 4, 1, 1, 1, 1, 3, 1, 2, 1, 0, 2, 1, 1, 2, 1, 4, 3, 1, 1, 1, 2, 2, 2, 4, 1]|[3, 1, 2, 0, 1, 0, 0, 0, 0, 1, 0, 0, 1, 0, 0, 3, 1, 0, 0, 0, 3, 1, 0, 2, 0, 0, 0, 1, 0, 0, 2, 0, 3, 0, 1, 0, 0, 0, 1, 1, 1, 2, 0, 0, 0, 2, 1, 0, 0, 0, 1, 3, 0, 0, 1, 0, 0, 1, 2, 0, 1, 1, 0, 2, 0, 1, 0, 1, 1, 1, 1, 1, 3, 0, 0, 3, 0, 0, 2, 0, 0, 0, 1, 1, 3, 0, 0, 0, 1, 0, 0, 2, 0, 1, 1, 0, 0, 0, 2, 0],715.7913946700162,58060.95961022334,95287.06515100288,true
40,G2_TEC,G2_TEC,[31, 22, 82, 15, 26, 9, 95, 42, 77, 68, 47, 5, 93, 78, 86, 54, 85, 63, 18, 44, 20, 49, 36, 14, 74, 50, 53, 17, 21, 28, 11, 64, 3, 23, 30, 83, 24, 41, 40, 52, 65, 27, 90, 70, 39, 87, 48, 69, 99, 4, 46, 1, 13, 58, 97, 59, 45, 8, 73, 37, 35, 79, 71, 66, 76, 32, 60, 80, 56, 6, 67, 61, 33, 7, 57, 34, 12, 16, 10, 98, 96, 88, 2, 75, 91, 43, 84, 92, 29, 19, 51, 55, 81, 89, 25, 72, 94, 38, 0, 62]|[2, 1, 2, 1, 1, 2, 1, 1, 1, 1, 1, 0, 2, 2, 1, 2, 0, 0, 0, 2, 2, 1, 0, 2, 0, 2, 2, 1, 0, 1, 1, 1, 0, 0, 1, 0, 2, 1, 2, 2, 0, 0, 1, 1, 0, 2, 0, 2, 1, 0, 0, 2, 0, 0, 2, 0, 1, 1, 0, 0, 2, 1, 1, 2, 2, 0, 2, 2, 2, 1, 2, 1, 1, 2, 0, 1, 1, 2, 1, 2, 0, 1, 0, 0, 1, 1, 0, 0, 1, 1, 1, 0, 1, 1, 1, 1, 2, 0, 2, 1]|[0, 3, 0, 3, 4, 1, 4, 4, 2, 4, 3, 2, 1, 0, 2, 1, 1, 1, 2, 1, 1, 3, 0, 1, 0, 1, 1, 4, 1, 4, 3, 2, 2, 0, 4, 1, 1, 4, 1, 1, 2, 1, 4, 4, 1, 1, 0, 2, 3, 2, 2, 1, 2, 1, 1, 2, 4, 3, 0, 2, 1, 3, 3, 1, 1, 2, 1, 1, 1, 4, 1, 3, 4, 1, 2, 4, 3, 1, 3, 1, 2, 4, 2, 2, 3, 4, 2, 2, 3, 4, 3, 2, 4, 4, 4, 4, 1, 2, 1, 3]|[0, 2, 0, 0, 3, 0, 1, 3, 0, 0, 2, 0, 1, 0, 1, 0, 0, 0, 1, 0, 0, 2, 0, 0, 1, 0, 0, 3, 0, 1, 0, 2, 0, 0, 3, 0, 1, 1, 0, 0, 0, 0, 1, 3, 0, 0, 1, 0, 2, 0, 0, 0, 0, 0, 1, 0, 1, 0, 1, 1, 0, 2, 0, 0, 0, 0, 0, 0, 0, 2, 0, 0, 1, 0, 0, 1, 0, 0, 3, 0, 0, 1, 0, 0, 0, 2, 0, 0, 3, 1, 0, 0, 2, 1, 3, 1, 0, 0, 0, 0],914.0597544875216,49177.57411962909,107642.75205892837,false
40,G3_TWC,G4_BALANCED,[31, 22, 82, 15, 26, 58, 95, 42, 77, 12, 47, 5, 93, 78, 98, 54, 85, 63, 18, 44, 20, 35, 43, 97, 91, 76, 10, 30, 21, 45, 71, 64, 1, 23, 17, 83, 24, 14, 60, 36, 6, 57, 94, 88, 65, 56, 79, 40, 67, 68, 46, 75, 38, 9, 19, 32, 81, 41, 27, 62, 87, 90, 99, 59, 11, 16, 72, 73, 70, 39, 37, 84, 3, 92, 25, 55, 28, 29, 51, 7, 33, 61, 86, 48, 89, 34, 69, 96, 53, 80, 4, 8, 50, 49, 52, 0, 13, 2, 66, 74]|[1, 1, 0, 1, 1, 1, 2, 1, 2, 1, 2, 2, 2, 1, 1, 0, 0, 1, 0, 2, 2, 0, 1, 2, 0, 1, 2, 2, 0, 0, 1, 2, 1, 2, 1, 0, 2, 0, 1, 1, 0, 1, 1, 1, 0, 2, 1, 1, 0, 0, 0, 0, 1, 1, 2, 1, 2, 0, 0, 0, 2, 1, 0, 1, 2, 1, 2, 1, 1, 1, 1, 1, 2, 0, 1, 1, 0, 0, 0, 1, 2, 1, 0, 0, 1, 2, 1, 0, 0, 0, 0, 1, 0, 0, 1, 0, 0, 0, 2, 2]|[4, 3, 2, 2, 0, 0, 2, 2, 2, 4, 1, 1, 2, 4, 4, 1, 1, 4, 2, 1, 1, 1, 1, 2, 1, 2, 1, 1, 1, 1, 3, 2, 3, 0, 4, 0, 1, 1, 0, 3, 2, 2, 4, 0, 1, 1, 0, 2, 0, 1, 2, 2, 1, 4, 0, 3, 2, 1, 1, 2, 1, 3, 1, 1, 1, 3, 0, 4, 3, 1, 4, 1, 1, 2, 4, 4, 2, 1, 1, 3, 1, 3, 1, 1, 1, 1, 3, 1, 2, 1, 2, 3, 1, 1, 1, 2, 2, 2, 1, 1]|[0, 2, 1, 1, 3, 3, 0, 1, 0, 0, 0, 0, 1, 0, 1, 0, 0, 3, 1, 0, 0, 0, 3, 1, 0, 2, 0, 0, 0, 1, 0, 0, 0, 0, 3, 0, 1, 0, 0, 2, 1, 1, 2, 0, 0, 0, 0, 1, 1, 0, 0, 0, 1, 3, 0, 0, 1, 0, 0, 1, 0, 2, 0, 1, 0, 2, 1, 0, 0, 1, 1, 3, 0, 1, 3, 3, 1, 0, 0, 2, 0, 0, 0, 0, 1, 0, 0, 0, 1, 0, 1, 2, 0, 1, 1, 0, 0, 0, 0, 0],790.1921483697682,57957.04840138768,88951.83199580385,true
40,G1_CMAX,G2_TEC,[31, 22, 82, 15, 26, 9, 95, 42, 77, 68, 47, 5, 93, 78, 86, 54, 85, 63, 18, 44, 20, 49, 36, 14, 74, 50, 53, 17, 21, 28, 11, 64, 3, 23, 30, 83, 24, 41, 40, 52, 65, 27, 90, 70, 39, 69, 48, 87, 99, 4, 75, 1, 13, 58, 97, 59, 45, 8, 73, 37, 35, 79, 71, 66, 76, 32, 60, 80, 56, 6, 67, 61, 33, 7, 57, 34, 12, 16, 10, 62, 96, 88, 43, 46, 91, 38, 84, 92, 29, 19, 51, 72, 55, 89, 25, 81, 94, 2, 0, 98]|[2, 1, 2, 1, 1, 2, 1, 1, 1, 1, 1, 0, 2, 2, 1, 2, 0, 0, 0, 2, 2, 1, 0, 2, 0, 2, 2, 1, 0, 1, 1, 1, 0, 0, 1, 0, 2, 1, 2, 2, 0, 0, 1, 1, 0, 2, 0, 2, 1, 0, 0, 2, 0, 0, 2, 0, 1, 1, 0, 0, 2, 1, 1, 2, 2, 0, 2, 2, 2, 1, 2, 1, 1, 2, 0, 1, 1, 2, 1, 2, 0, 1, 1, 0, 1, 0, 0, 0, 1, 1, 1, 1, 0, 1, 1, 1, 2, 2, 0, 1]|[0, 3, 0, 3, 4, 1, 4, 4, 2, 4, 3, 2, 1, 0, 2, 1, 1, 1, 2, 1, 1, 3, 0, 1, 0, 1, 1, 4, 1, 4, 3, 2, 2, 0, 4, 1, 1, 4, 1, 1, 2, 1, 4, 4, 1, 1, 0, 1, 3, 2, 2, 1, 2, 1, 1, 2, 4, 3, 0, 2, 2, 3, 3, 1, 1, 2, 1, 1, 1, 4, 1, 3, 4, 1, 2, 4, 3, 1, 3, 1, 2, 4, 4, 2, 3, 2, 2, 2, 3, 4, 3, 4, 2, 4, 4, 4, 1, 1, 2, 3]|[0, 2, 0, 0, 3, 0, 1, 3, 0, 0, 2, 0, 1, 0, 1, 0, 0, 0, 1, 0, 0, 2, 0, 0, 1, 0, 0, 3, 0, 1, 0, 2, 0, 0, 3, 0, 1, 1, 0, 0, 0, 0, 1, 3, 0, 0, 1, 0, 2, 0, 0, 0, 0, 0, 1, 0, 1, 0, 1, 1, 0, 2, 0, 0, 0, 0, 0, 0, 0, 2, 0, 0, 1, 0, 0, 1, 0, 0, 3, 0, 0, 1, 2, 0, 0, 0, 0, 0, 3, 1, 0, 1, 0, 1, 3, 2, 0, 0, 0, 0],892.9936629170736,49459.617710952174,106558.4203894513,true
40,G4_BALANCED,G1_CMAX,[22, 82, 3, 58, 95, 42, 77, 47, 5, 93, 78, 12, 86, 54, 50, 63, 18, 44, 20, 35, 43, 97, 91, 76, 10, 30, 21, 45, 71, 64, 36, 23, 17, 83, 24, 14, 60, 1, 6, 40, 57, 90, 65, 56, 79, 94, 67, 68, 46, 75, 38, 9, 19, 32, 81, 41, 27, 62, 16, 55, 59, 89, 88, 87, 31, 72, 73, 70, 39, 37, 84, 92, 25, 11, 48, 15, 29, 51, 7, 33, 61, 98, 28, 99, 26, 85, 66, 96, 53, 80, 4, 8, 34, 49, 52, 2, 13, 0, 69, 74]|[1, 0, 1, 0, 1, 2, 2, 2, 2, 2, 1, 1, 1, 0, 0, 1, 0, 2, 2, 0, 1, 2, 0, 1, 2, 2, 0, 0, 1, 2, 1, 2, 1, 0, 2, 0, 1, 1, 0, 1, 1, 1, 0, 2, 1, 1, 0, 0, 0, 0, 1, 1, 2, 1, 2, 0, 0, 0, 1, 2, 1, 1, 1, 1, 1, 2, 1, 2, 1, 1, 1, 0, 1, 2, 2, 1, 0, 0, 1, 2, 1, 2, 0, 1, 1, 0, 0, 2, 0, 0, 1, 1, 2, 0, 1, 0, 0, 0, 1, 2]|[3, 2, 1, 1, 2, 1, 2, 1, 1, 2, 4, 4, 4, 1, 1, 4, 2, 1, 1, 1, 1, 2, 1, 2, 1, 1, 2, 1, 3, 2, 3, 1, 4, 1, 1, 1, 0, 3, 2, 2, 2, 3, 1, 1, 0, 4, 0, 1, 2, 2, 1, 4, 0, 3, 2, 1, 1, 2, 3, 1, 1, 1, 0, 3, 0, 0, 3, 0, 1, 4, 1, 0, 4, 1, 1, 4, 1, 1, 1, 1, 3, 1, 2, 1, 0, 2, 1, 1, 2, 1, 4, 3, 1, 1, 1, 2, 2, 2, 4, 1]|[3, 1, 2, 0, 1, 0, 0, 0, 0, 1, 0, 0, 1, 0, 0, 3, 1, 0, 0, 0, 3, 1, 0, 2, 0, 0, 0, 1, 0, 0, 2, 0, 3, 0, 1, 0, 0, 0, 1, 1, 1, 2, 0, 0, 0, 2, 1, 0, 0, 0, 1, 3, 0, 0, 1, 0, 0, 1, 2, 0, 1, 1, 0, 2, 0, 1, 0, 1, 1, 1, 1, 1, 3, 0, 0, 3, 0, 0, 2, 0, 0, 0, 1, 1, 3, 0, 0, 0, 1, 0, 0, 2, 0, 1, 1, 0, 0, 0, 2, 0],715.7913946700162,58060.95961022334,95287.06515100288,true
40,G2_TEC,G2_TEC,[31, 22, 82, 15, 26, 9, 95, 42, 77, 68, 47, 5, 93, 78, 86, 54, 85, 63, 18, 44, 20, 49, 36, 14, 74, 50, 53, 17, 21, 28, 11, 64, 3, 23, 30, 83, 24, 41, 40, 52, 65, 27, 90, 70, 39, 87, 48, 69, 99, 4, 46, 1, 13, 58, 97, 59, 45, 8, 73, 37, 35, 79, 71, 66, 76, 32, 60, 80, 56, 6, 67, 61, 33, 7, 57, 34, 12, 16, 10, 98, 96, 88, 2, 75, 91, 43, 84, 92, 29, 19, 51, 55, 81, 89, 25, 72, 94, 38, 0, 62]|[2, 1, 2, 1, 1, 2, 1, 1, 1, 1, 1, 0, 2, 2, 1, 2, 0, 0, 0, 2, 2, 1, 0, 2, 0, 2, 2, 1, 0, 1, 1, 1, 0, 0, 1, 0, 2, 1, 2, 2, 0, 0, 1, 1, 0, 2, 0, 2, 1, 0, 0, 2, 0, 0, 2, 0, 1, 1, 0, 0, 2, 1, 1, 2, 2, 0, 2, 2, 2, 1, 2, 1, 1, 2, 0, 1, 1, 2, 1, 2, 0, 1, 0, 0, 1, 1, 0, 0, 1, 1, 1, 0, 1, 1, 1, 1, 2, 0, 2, 1]|[0, 3, 0, 3, 4, 1, 4, 4, 2, 4, 3, 2, 1, 0, 2, 1, 1, 1, 2, 1, 1, 3, 0, 1, 0, 1, 1, 4, 1, 4, 3, 2, 2, 0, 4, 1, 1, 4, 1, 1, 2, 1, 4, 4, 1, 1, 0, 2, 3, 2, 2, 1, 2, 1, 1, 2, 4, 3, 0, 2, 1, 3, 3, 1, 1, 2, 1, 1, 1, 4, 1, 3, 4, 1, 2, 4, 3, 1, 3, 1, 2, 4, 2, 2, 3, 4, 2, 2, 3, 4, 3, 2, 4, 4, 4, 4, 1, 2, 1, 3]|[0, 2, 0, 0, 3, 0, 1, 3, 0, 0, 2, 0, 1, 0, 1, 0, 0, 0, 1, 0, 0, 2, 0, 0, 1, 0, 0, 3, 0, 1, 0, 2, 0, 0, 3, 0, 1, 1, 0, 0, 0, 0, 1, 3, 0, 0, 1, 0, 2, 0, 0, 0, 0, 0, 1, 0, 1, 0, 1, 1, 0, 2, 0, 0, 0, 0, 0, 0, 0, 2, 0, 0, 1, 0, 0, 1, 0, 0, 3, 0, 0, 1, 0, 0, 0, 2, 0, 0, 3, 1, 0, 0, 2, 1, 3, 1, 0, 0, 0, 0],914.0597544875216,49177.57411962909,107642.75205892837,false
40,G3_TWC,G4_BALANCED,[31, 22, 82, 15, 26, 58, 95, 42, 77, 12, 47, 5, 93, 78, 98, 54, 85, 63, 18, 44, 20, 35, 43, 97, 91, 76, 10, 30, 21, 45, 71, 64, 1, 23, 17, 83, 24, 14, 60, 36, 6, 57, 94, 88, 65, 56, 79, 40, 67, 68, 46, 75, 38, 9, 19, 32, 81, 41, 27, 62, 87, 90, 99, 59, 11, 16, 72, 73, 70, 39, 37, 84, 3, 92, 25, 55, 28, 29, 51, 7, 33, 61, 86, 48, 89, 34, 69, 96, 53, 80, 4, 8, 50, 49, 52, 0, 13, 2, 66, 74]|[1, 1, 0, 1, 1, 1, 2, 1, 2, 1, 2, 2, 2, 1, 1, 0, 0, 1, 0, 2, 2, 0, 1, 2, 0, 1, 2, 2, 0, 0, 1, 2, 1, 2, 1, 0, 2, 0, 1, 1, 0, 1, 1, 1, 0, 2, 1, 1, 0, 0, 0, 0, 1, 1, 2, 1, 2, 0, 0, 0, 2, 1, 0, 1, 2, 1, 2, 1, 1, 1, 1, 1, 2, 0, 1, 1, 0, 0, 0, 1, 2, 1, 0, 0, 1, 2, 1, 0, 0, 0, 0, 1, 0, 0, 1, 0, 0, 0, 2, 2]|[4, 3, 2, 2, 0, 0, 2, 2, 2, 4, 1, 1, 2, 4, 4, 1, 1, 4, 2, 1, 1, 1, 1, 2, 1, 2, 1, 1, 1, 1, 3, 2, 3, 0, 4, 0, 1, 1, 0, 3, 2, 2, 4, 0, 1, 1, 0, 2, 0, 1, 2, 2, 1, 4, 0, 3, 2, 1, 1, 2, 1, 3, 1, 1, 1, 3, 0, 4, 3, 1, 4, 1, 1, 2, 4, 4, 2, 1, 1, 3, 1, 3, 1, 1, 1, 1, 3, 1, 2, 1, 2, 3, 1, 1, 1, 2, 2, 2, 1, 1]|[0, 2, 1, 1, 3, 3, 0, 1, 0, 0, 0, 0, 1, 0, 1, 0, 0, 3, 1, 0, 0, 0, 3, 1, 0, 2, 0, 0, 0, 1, 0, 0, 0, 0, 3, 0, 1, 0, 0, 2, 1, 1, 2, 0, 0, 0, 0, 1, 1, 0, 0, 0, 1, 3, 0, 0, 1, 0, 0, 1, 0, 2, 0, 1, 0, 2, 1, 0, 0, 1, 1, 3, 0, 1, 3, 3, 1, 0, 0, 2, 0, 0, 0, 0, 1, 0, 0, 0, 1, 0, 1, 2, 0, 1, 1, 0, 0, 0, 0, 0],790.1921483697682,57957.04840138768,88951.83199580385,true
40,G1_CMAX,G2_TEC,[31, 22, 82, 15, 26, 9, 95, 42, 77, 68, 47, 5, 93, 78, 86, 54, 85, 63, 18, 44, 20, 49, 36, 14, 74, 50, 53, 17, 21, 28, 11, 64, 3, 23, 30, 83, 24, 41, 40, 52, 65, 27, 90, 70, 39, 69, 48, 87, 99, 4, 75, 1, 13, 58, 97, 59, 45, 8, 73, 37, 35, 79, 71, 66, 76, 32, 60, 80, 56, 6, 67, 61, 33, 7, 57, 34, 12, 16, 10, 62, 96, 88, 43, 46, 91, 38, 84, 92, 29, 19, 51, 72, 55, 89, 25, 81, 94, 2, 0, 98]|[2, 1, 2, 1, 1, 2, 1, 1, 1, 1, 1, 0, 2, 2, 1, 2, 0, 0, 0, 2, 2, 1, 0, 2, 0, 2, 2, 1, 0, 1, 1, 1, 0, 0, 1, 0, 2, 1, 2, 2, 0, 0, 1, 1, 0, 2, 0, 2, 1, 0, 0, 2, 0, 0, 2, 0, 1, 1, 0, 0, 2, 1, 1, 2, 2, 0, 2, 2, 2, 1, 2, 1, 1, 2, 0, 1, 1, 2, 1, 2, 0, 1, 1, 0, 1, 0, 0, 0, 1, 1, 1, 1, 0, 1, 1, 1, 2, 2, 0, 1]|[0, 3, 0, 3, 4, 1, 4, 4, 2, 4, 3, 2, 1, 0, 2, 1, 1, 1, 2, 1, 1, 3, 0, 1, 0, 1, 1, 4, 1, 4, 3, 2, 2, 0, 4, 1, 1, 4, 1, 1, 2, 1, 4, 4, 1, 1, 0, 1, 3, 2, 2, 1, 2, 1, 1, 2, 4, 3, 0, 2, 2, 3, 3, 1, 1, 2, 1, 1, 1, 4, 1, 3, 4, 1, 2, 4, 3, 1, 3, 1, 2, 4, 4, 2, 3, 2, 2, 2, 3, 4, 3, 4, 2, 4, 4, 4, 1, 1, 2, 3]|[0, 2, 0, 0, 3, 0, 1, 3, 0, 0, 2, 0, 1, 0, 1, 0, 0, 0, 1, 0, 0, 2, 0, 0, 1, 0, 0, 3, 0, 1, 0, 2, 0, 0, 3, 0, 1, 1, 0, 0, 0, 0, 1, 3, 0, 0, 1, 0, 2, 0, 0, 0, 0, 0, 1, 0, 1, 0, 1, 1, 0, 2, 0, 0, 0, 0, 0, 0, 0, 2, 0, 0, 1, 0, 0, 1, 0, 0, 3, 0, 0, 1, 2, 0, 0, 0, 0, 0, 3, 1, 0, 1, 0, 1, 3, 2, 0, 0, 0, 0],892.9936629170736,49459.617710952174,106558.4203894513,true
40,G4_BALANCED,G3_TWC,[31, 22, 82, 15, 26, 58, 95, 42, 77, 12, 47, 5, 93, 78, 98, 54, 85, 63, 18, 44, 20, 35, 43, 97, 91, 76, 10, 30, 21, 45, 71, 64, 1, 23, 17, 83, 24, 14, 60, 36, 6, 57, 94, 88, 65, 56, 79, 40, 67, 68, 46, 75, 39, 9, 19, 32, 81, 96, 27, 62, 87, 90, 99, 59, 11, 16, 72, 73, 70, 38, 37, 84, 3, 92, 25, 55, 28, 29, 51, 7, 33, 61, 86, 48, 89, 50, 66, 41, 53, 80, 4, 8, 34, 74, 52, 2, 13, 0, 49, 69]|[1, 1, 0, 1, 1, 1, 2, 1, 2, 1, 2, 2, 2, 1, 1, 0, 0, 1, 0, 2, 2, 0, 1, 2, 0, 1, 2, 2, 0, 0, 1, 2, 1, 2, 1, 0, 2, 0, 1, 1, 0, 1, 1, 1, 0, 2, 1, 1, 0, 0, 0, 0, 1, 1, 2, 1, 2, 0, 0, 0, 2, 1, 0, 1, 2, 1, 2, 1, 1, 1, 1, 1, 2, 0, 1, 1, 0, 0, 0, 1, 2, 1, 0, 0, 1, 0, 2, 0, 0, 0, 0, 1, 2, 2, 1, 0, 0, 0, 0, 1]|[4, 3, 2, 2, 0, 0, 2, 2, 2, 4, 1, 1, 2, 4, 4, 1, 1, 4, 2, 1, 1, 1, 1, 2, 1, 2, 1, 1, 1, 1, 3, 2, 3, 0, 4, 0, 1, 1, 0, 3, 2, 2, 4, 0, 1, 1, 0, 2, 0, 1, 2, 2, 1, 4, 0, 3, 2, 1, 1, 2, 1, 3, 1, 1, 1, 3, 1, 4, 3, 1, 4, 1, 1, 2, 4, 4, 2, 1, 1, 3, 1, 3, 1, 1, 1, 1, 1, 1, 2, 1, 2, 3, 1, 1, 1, 2, 2, 2, 1, 3]|[0, 2, 1, 1, 3, 3, 0, 1, 0, 0, 0, 0, 1, 0, 1, 0, 0, 3, 1, 0, 0, 0, 3, 1, 0, 2, 0, 0, 0, 1, 0, 0, 0, 0, 3, 0, 1, 0, 0, 2, 1, 1, 2, 0, 0, 0, 0, 1, 1, 0, 0, 0, 1, 3, 0, 0, 1, 0, 0, 1, 0, 2, 0, 1, 0, 2, 0, 0, 0, 1, 1, 3, 0, 1, 3, 3, 1, 0, 0, 2, 0, 0, 0, 0, 1, 0, 0, 0, 1, 0, 1, 2, 0, 0, 1, 0, 0, 0, 1, 0],790.4602850035623,57399.87624123609,89878.87144156093,true
40,G2_TEC,G2_TEC,[31, 22, 82, 15, 26, 9, 95, 42, 77, 68, 47, 5, 93, 78, 86, 54, 85, 63, 18, 44, 20, 49, 36, 14, 74, 50, 53, 17, 21, 28, 11, 64, 3, 23, 30, 83, 24, 41, 40, 52, 65, 27, 90, 70, 39, 87, 48, 69, 99, 4, 46, 1, 13, 58, 97, 59, 45, 8, 73, 37, 35, 79, 71, 66, 76, 32, 60, 80, 56, 6, 67, 61, 33, 7, 57, 34, 12, 16, 10, 98, 96, 88, 2, 75, 91, 43, 84, 92, 29, 19, 51, 55, 81, 89, 25, 72, 94, 38, 0, 62]|[2, 1, 2, 1, 1, 2, 1, 1, 1, 1, 1, 0, 2, 2, 1, 2, 0, 0, 0, 2, 2, 1, 0, 2, 0, 2, 2, 1, 0, 1, 1, 1, 0, 0, 1, 0, 2, 1, 2, 2, 0, 0, 1, 1, 0, 2, 0, 2, 1, 0, 0, 2, 0, 0, 2, 0, 1, 1, 0, 0, 2, 1, 1, 2, 2, 0, 2, 2, 2, 1, 2, 1, 1, 2, 0, 1, 1, 2, 1, 2, 0, 1, 0, 0, 1, 1, 0, 0, 1, 1, 1, 0, 1, 1, 1, 1, 2, 0, 2, 1]|[0, 3, 0, 3, 4, 1, 4, 4, 2, 4, 3, 2, 1, 0, 2, 1, 1, 1, 2, 1, 1, 3, 0, 1, 0, 1, 1, 4, 1, 4, 3, 2, 2, 0, 4, 1, 1, 4, 1, 1, 2, 1, 4, 4, 1, 1, 0, 2, 3, 2, 2, 1, 2, 1, 1, 2, 4, 3, 0, 2, 1, 3, 3, 1, 1, 2, 1, 1, 1, 4, 1, 3, 4, 1, 2, 4, 3, 1, 3, 1, 2, 4, 2, 2, 3, 4, 2, 2, 3, 4, 3, 2, 4, 4, 4, 4, 1, 2, 1, 3]|[0, 2, 0, 0, 3, 0, 1, 3, 0, 0, 2, 0, 1, 0, 1, 0, 0, 0, 1, 0, 0, 2, 0, 0, 1, 0, 0, 3, 0, 1, 0, 2, 0, 0, 3, 0, 1, 1, 0, 0, 0, 0, 1, 3, 0, 0, 1, 0, 2, 0, 0, 0, 0, 0, 1, 0, 1, 0, 1, 1, 0, 2, 0, 0, 0, 0, 0, 0, 0, 2, 0, 0, 1, 0, 0, 1, 0, 0, 3, 0, 0, 1, 0, 0, 0, 2, 0, 0, 3, 1, 0, 0, 2, 1, 3, 1, 0, 0, 0, 0],914.0597544875216,49177.57411962909,107642.75205892837,false
40,G3_TWC,G4_BALANCED,[31, 22, 82, 15, 26, 58, 95, 42, 77, 12, 47, 5, 93, 78, 98, 54, 85, 63, 18, 44, 20, 35, 43, 97, 91, 76, 10, 30, 21, 45, 71, 64, 1, 23, 17, 83, 24, 14, 60, 36, 6, 57, 94, 88, 65, 56, 79, 40, 67, 68, 46, 75, 38, 9, 19, 32, 81, 41, 27, 62, 87, 90, 99, 59, 11, 16, 72, 73, 70, 39, 37, 84, 3, 92, 25, 55, 28, 29, 51, 7, 33, 61, 86, 48, 89, 34, 69, 96, 53, 80, 4, 8, 50, 49, 52, 0, 13, 2, 66, 74]|[1, 1, 0, 1, 1, 1, 2, 1, 2, 1, 2, 2, 2, 1, 1, 0, 0, 1, 0, 2, 2, 0, 1, 2, 0, 1, 2, 2, 0, 0, 1, 2, 1, 2, 1, 0, 2, 0, 1, 1, 0, 1, 1, 1, 0, 2, 1, 1, 0, 0, 0, 0, 1, 1, 2, 1, 2, 0, 0, 0, 2, 1, 0, 1, 2, 1, 2, 1, 1, 1, 1, 1, 2, 0, 1, 1, 0, 0, 0, 1, 2, 1, 0, 0, 1, 2, 1, 0, 0, 0, 0, 1, 0, 0, 1, 0, 0, 0, 2, 2]|[4, 3, 2, 2, 0, 0, 2, 2, 2, 4, 1, 1, 2, 4, 4, 1, 1, 4, 2, 1, 1, 1, 1, 2, 1, 2, 1, 1, 1, 1, 3, 2, 3, 0, 4, 0, 1, 1, 0, 3, 2, 2, 4, 0, 1, 1, 0, 2, 0, 1, 2, 2, 1, 4, 0, 3, 2, 1, 1, 2, 1, 3, 1, 1, 1, 3, 0, 4, 3, 1, 4, 1, 1, 2, 4, 4, 2, 1, 1, 3, 1, 3, 1, 1, 1, 1, 3, 1, 2, 1, 2, 3, 1, 1, 1, 2, 2, 2, 1, 1]|[0, 2, 1, 1, 3, 3, 0, 1, 0, 0, 0, 0, 1, 0, 1, 0, 0, 3, 1, 0, 0, 0, 3, 1, 0, 2, 0, 0, 0, 1, 0, 0, 0, 0, 3, 0, 1, 0, 0, 2, 1, 1, 2, 0, 0, 0, 0, 1, 1, 0, 0, 0, 1, 3, 0, 0, 1, 0, 0, 1, 0, 2, 0, 1, 0, 2, 1, 0, 0, 1, 1, 3, 0, 1, 3, 3, 1, 0, 0, 2, 0, 0, 0, 0, 1, 0, 0, 0, 1, 0, 1, 2, 0, 1, 1, 0, 0, 0, 0, 0],790.1921483697682,57957.04840138768,88951.83199580385,true
40,G1_CMAX,G4_BALANCED,[31, 22, 82, 15, 26, 58, 95, 42, 77, 12, 47, 5, 93, 78, 86, 54, 85, 63, 18, 72, 20, 35, 43, 97, 91, 76, 10, 30, 21, 45, 71, 64, 1, 23, 17, 83, 24, 14, 60, 36, 6, 57, 40, 88, 65, 56, 79, 94, 67, 41, 68, 75, 38, 9, 19, 32, 81, 46, 27, 62, 87, 90, 99, 59, 11, 16, 44, 73, 70, 39, 37, 84, 3, 92, 25, 55, 28, 29, 51, 7, 66, 61, 98, 48, 89, 50, 4, 96, 53, 80, 8, 33, 34, 2, 52, 13, 0, 69, 74, 49]|[1, 1, 0, 1, 1, 0, 1, 1, 2, 1, 2, 2, 2, 1, 1, 0, 0, 1, 0, 2, 2, 0, 0, 2, 0, 1, 2, 2, 0, 0, 1, 2, 1, 2, 1, 0, 2, 0, 1, 1, 0, 1, 1, 1, 0, 2, 1, 1, 0, 0, 0, 0, 1, 1, 2, 1, 2, 0, 0, 2, 2, 1, 1, 2, 2, 1, 2, 1, 1, 1, 1, 1, 1, 0, 1, 2, 0, 0, 0, 1, 2, 1, 2, 0, 1, 0, 1, 2, 0, 0, 1, 2, 2, 0, 1, 0, 0, 1, 2, 0]|[4, 3, 2, 2, 4, 1, 2, 3, 2, 4, 1, 1, 2, 4, 4, 1, 2, 4, 2, 1, 1, 1, 1, 2, 1, 2, 1, 1, 2, 1, 3, 2, 3, 1, 4, 0, 1, 1, 0, 3, 2, 2, 2, 0, 1, 1, 0, 4, 0, 1, 2, 2, 1, 4, 0, 3, 2, 1, 1, 1, 1, 3, 1, 1, 1, 3, 1, 4, 3, 1, 4, 1, 1, 0, 4, 1, 2, 1, 1, 1, 1, 3, 1, 1, 1, 1, 4, 1, 2, 1, 3, 1, 1, 2, 1, 2, 2, 4, 1, 1]|[0, 2, 1, 1, 3, 0, 1, 3, 0, 0, 0, 0, 1, 0, 1, 0, 0, 3, 1, 0, 0, 0, 0, 1, 0, 2, 0, 0, 0, 1, 0, 0, 0, 0, 3, 0, 1, 0, 0, 2, 1, 1, 1, 0, 0, 0, 0, 2, 1, 0, 0, 0, 1, 3, 0, 0, 1, 0, 0, 0, 0, 2, 1, 0, 0, 2, 0, 0, 0, 1, 1, 3, 1, 1, 3, 0, 1, 0, 0, 2, 0, 0, 0, 0, 1, 0, 0, 0, 1, 0, 2, 0, 0, 0, 1, 0, 0, 2, 0, 1],768.4240206329376,55583.744981747914,94915.74988971672,true
40,G4_BALANCED,G3_TWC,[31, 22, 82, 15, 26, 58, 95, 42, 77, 12, 47, 5, 93, 78, 98, 54, 85, 63, 18, 44, 20, 35, 43, 97, 91, 76, 10, 30, 21, 45, 71, 64, 1, 23, 17, 83, 24, 14, 60, 36, 6, 57, 94, 88, 65, 56, 79, 40, 67, 68, 46, 75, 39, 9, 19, 32, 81, 96, 27, 62, 87, 90, 99, 59, 11, 16, 72, 73, 70, 38, 37, 84, 3, 92, 25, 55, 28, 29, 51, 7, 33, 61, 86, 48, 89, 50, 66, 41, 53, 80, 4, 8, 34, 74, 52, 2, 13, 0, 49, 69]|[1, 1, 0, 1, 1, 1, 2, 1, 2, 1, 2, 2, 2, 1, 1, 0, 0, 1, 0, 2, 2, 0, 1, 2, 0, 1, 2, 2, 0, 0, 1, 2, 1, 2, 1, 0, 2, 0, 1, 1, 0, 1, 1, 1, 0, 2, 1, 1, 0, 0, 0, 0, 1, 1, 2, 1, 2, 0, 0, 0, 2, 1, 0, 1, 2, 1, 2, 1, 1, 1, 1, 1, 2, 0, 1, 1, 0, 0, 0, 1, 2, 1, 0, 0, 1, 0, 2, 0, 0, 0, 0, 1, 2, 2, 1, 0, 0, 0, 0, 1]|[4, 3, 2, 2, 0, 0, 2, 2, 2, 4, 1, 1, 2, 4, 4, 1, 1, 4, 2, 1, 1, 1, 1, 2, 1, 2, 1, 1, 1, 1, 3, 2, 3, 0, 4, 0, 1, 1, 0, 3, 2, 2, 4, 0, 1, 1, 0, 2, 0, 1, 2, 2, 1, 4, 0, 3, 2, 1, 1, 2, 1, 3, 1, 1, 1, 3, 1, 4, 3, 1, 4, 1, 1, 2, 4, 4, 2, 1, 1, 3, 1, 3, 1, 1, 1, 1, 1, 1, 2, 1, 2, 3, 1, 1, 1, 2, 2, 2, 1, 3]|[0, 2, 1, 1, 3, 3, 0, 1, 0, 0, 0, 0, 1, 0, 1, 0, 0, 3, 1, 0, 0, 0, 3, 1, 0, 2, 0, 0, 0, 1, 0, 0, 0, 0, 3, 0, 1, 0, 0, 2, 1, 1, 2, 0, 0, 0, 0, 1, 1, 0, 0, 0, 1, 3, 0, 0, 1, 0, 0, 1, 0, 2, 0, 1, 0, 2, 0, 0, 0, 1, 1, 3, 0, 1, 3, 3, 1, 0, 0, 2, 0, 0, 0, 0, 1, 0, 0, 0, 1, 0, 1, 2, 0, 0, 1, 0, 0, 0, 1, 0],790.4602850035623,57399.87624123609,89878.87144156093,true
40,G2_TEC,G2_TEC,[31, 22, 82, 15, 26, 9, 95, 42, 77, 68, 47, 5, 93, 78, 86, 54, 85, 63, 18, 44, 20, 49, 36, 14, 74, 50, 53, 17, 21, 28, 11, 64, 3, 23, 30, 83, 24, 41, 40, 52, 65, 27, 90, 70, 39, 87, 48, 69, 99, 4, 46, 1, 13, 58, 97, 59, 45, 8, 73, 37, 35, 79, 71, 66, 76, 32, 60, 80, 56, 6, 67, 61, 33, 7, 57, 34, 12, 16, 10, 98, 96, 88, 2, 75, 91, 43, 84, 92, 29, 19, 51, 55, 81, 89, 25, 72, 94, 38, 0, 62]|[2, 1, 2, 1, 1, 2, 1, 1, 1, 1, 1, 0, 2, 2, 1, 2, 0, 0, 0, 2, 2, 1, 0, 2, 0, 2, 2, 1, 0, 1, 1, 1, 0, 0, 1, 0, 2, 1, 2, 2, 0, 0, 1, 1, 0, 2, 0, 2, 1, 0, 0, 2, 0, 0, 2, 0, 1, 1, 0, 0, 2, 1, 1, 2, 2, 0, 2, 2, 2, 1, 2, 1, 1, 2, 0, 1, 1, 2, 1, 2, 0, 1, 0, 0, 1, 1, 0, 0, 1, 1, 1, 0, 1, 1, 1, 1, 2, 0, 2, 1]|[0, 3, 0, 3, 4, 1, 4, 4, 2, 4, 3, 2, 1, 0, 2, 1, 1, 1, 2, 1, 1, 3, 0, 1, 0, 1, 1, 4, 1, 4, 3, 2, 2, 0, 4, 1, 1, 4, 1, 1, 2, 1, 4, 4, 1, 1, 0, 2, 3, 2, 2, 1, 2, 1, 1, 2, 4, 3, 0, 2, 1, 3, 3, 1, 1, 2, 1, 1, 1, 4, 1, 3, 4, 1, 2, 4, 3, 1, 3, 1, 2, 4, 2, 2, 3, 4, 2, 2, 3, 4, 3, 2, 4, 4, 4, 4, 1, 2, 1, 3]|[0, 2, 0, 0, 3, 0, 1, 3, 0, 0, 2, 0, 1, 0, 1, 0, 0, 0, 1, 0, 0, 2, 0, 0, 1, 0, 0, 3, 0, 1, 0, 2, 0, 0, 3, 0, 1, 1, 0, 0, 0, 0, 1, 3, 0, 0, 1, 0, 2, 0, 0, 0, 0, 0, 1, 0, 1, 0, 1, 1, 0, 2, 0, 0, 0, 0, 0, 0, 0, 2, 0, 0, 1, 0, 0, 1, 0, 0, 3, 0, 0, 1, 0, 0, 0, 2, 0, 0, 3, 1, 0, 0, 2, 1, 3, 1, 0, 0, 0, 0],914.0597544875216,49177.57411962909,107642.75205892837,false
40,G3_TWC,G4_BALANCED,[31, 22, 82, 15, 26, 58, 95, 42, 77, 12, 47, 5, 93, 78, 98, 54, 85, 63, 18, 44, 20, 35, 43, 97, 91, 76, 10, 30, 21, 45, 71, 64, 1, 23, 17, 83, 24, 14, 60, 36, 6, 57, 94, 88, 65, 56, 79, 40, 67, 68, 46, 75, 38, 9, 19, 32, 81, 41, 27, 62, 87, 90, 99, 59, 11, 16, 72, 73, 70, 39, 37, 84, 3, 92, 25, 55, 28, 29, 51, 7, 33, 61, 86, 48, 89, 34, 69, 96, 53, 80, 4, 8, 50, 49, 52, 0, 13, 2, 66, 74]|[1, 1, 0, 1, 1, 1, 2, 1, 2, 1, 2, 2, 2, 1, 1, 0, 0, 1, 0, 2, 2, 0, 1, 2, 0, 1, 2, 2, 0, 0, 1, 2, 1, 2, 1, 0, 2, 0, 1, 1, 0, 1, 1, 1, 0, 2, 1, 1, 0, 0, 0, 0, 1, 1, 2, 1, 2, 0, 0, 0, 2, 1, 0, 1, 2, 1, 2, 1, 1, 1, 1, 1, 2, 0, 1, 1, 0, 0, 0, 1, 2, 1, 0, 0, 1, 2, 1, 0, 0, 0, 0, 1, 0, 0, 1, 0, 0, 0, 2, 2]|[4, 3, 2, 2, 0, 0, 2, 2, 2, 4, 1, 1, 2, 4, 4, 1, 1, 4, 2, 1, 1, 1, 1, 2, 1, 2, 1, 1, 1, 1, 3, 2, 3, 0, 4, 0, 1, 1, 0, 3, 2, 2, 4, 0, 1, 1, 0, 2, 0, 1, 2, 2, 1, 4, 0, 3, 2, 1, 1, 2, 1, 3, 1, 1, 1, 3, 0, 4, 3, 1, 4, 1, 1, 2, 4, 4, 2, 1, 1, 3, 1, 3, 1, 1, 1, 1, 3, 1, 2, 1, 2, 3, 1, 1, 1, 2, 2, 2, 1, 1]|[0, 2, 1, 1, 3, 3, 0, 1, 0, 0, 0, 0, 1, 0, 1, 0, 0, 3, 1, 0, 0, 0, 3, 1, 0, 2, 0, 0, 0, 1, 0, 0, 0, 0, 3, 0, 1, 0, 0, 2, 1, 1, 2, 0, 0, 0, 0, 1, 1, 0, 0, 0, 1, 3, 0, 0, 1, 0, 0, 1, 0, 2, 0, 1, 0, 2, 1, 0, 0, 1, 1, 3, 0, 1, 3, 3, 1, 0, 0, 2, 0, 0, 0, 0, 1, 0, 0, 0, 1, 0, 1, 2, 0, 1, 1, 0, 0, 0, 0, 0],790.1921483697682,57957.04840138768,88951.83199580385,true
40,G1_CMAX,G1_CMAX,[31, 22, 82, 90, 26, 58, 95, 42, 77, 12, 93, 5, 78, 86, 98, 18, 44, 20, 35, 3, 97, 91, 76, 10, 85, 30, 47, 54, 45, 63, 71, 66, 1, 23, 17, 83, 24, 14, 60, 36, 6, 57, 40, 88, 65, 56, 79, 94, 67, 68, 46, 75, 38, 9, 19, 32, 81, 27, 62, 87, 15, 99, 59, 11, 16, 72, 73, 70, 39, 37, 84, 43, 80, 53, 96, 4, 50, 41, 89, 48, 21, 61, 33, 7, 51, 29, 28, 55, 25, 92, 8, 69, 0, 74, 52, 2, 13, 34, 49, 64]|[1, 1, 0, 1, 1, 0, 2, 1, 2, 1, 2, 2, 2, 1, 0, 1, 0, 2, 2, 1, 2, 2, 1, 2, 2, 2, 2, 0, 0, 0, 1, 2, 1, 2, 1, 0, 2, 0, 1, 1, 0, 1, 1, 1, 0, 2, 1, 1, 0, 0, 0, 1, 1, 1, 2, 1, 2, 0, 0, 2, 1, 0, 1, 2, 1, 2, 1, 1, 1, 1, 1, 1, 0, 0, 2, 1, 0, 0, 1, 0, 0, 1, 2, 1, 0, 0, 0, 1, 1, 0, 0, 1, 0, 2, 1, 0, 0, 2, 0, 2]|[3, 0, 2, 3, 0, 1, 1, 2, 2, 4, 1, 1, 0, 4, 1, 4, 2, 1, 1, 1, 2, 2, 2, 1, 1, 1, 2, 1, 1, 2, 3, 2, 3, 1, 4, 0, 1, 1, 0, 3, 2, 2, 4, 0, 1, 1, 0, 4, 0, 1, 2, 3, 1, 4, 0, 3, 2, 1, 2, 1, 2, 1, 1, 1, 3, 0, 4, 3, 1, 4, 1, 1, 1, 2, 1, 4, 1, 1, 1, 1, 1, 3, 1, 1, 1, 1, 2, 4, 4, 2, 2, 3, 2, 1, 1, 2, 2, 1, 1, 1]|[2, 0, 1, 2, 3, 0, 0, 1, 1, 0, 0, 0, 0, 1, 0, 3, 1, 0, 0, 1, 1, 1, 2, 0, 0, 0, 1, 0, 1, 0, 0, 0, 0, 0, 3, 0, 1, 0, 0, 2, 1, 1, 2, 0, 0, 0, 0, 2, 1, 0, 0, 0, 1, 3, 0, 0, 1, 0, 1, 0, 1, 0, 1, 0, 2, 1, 0, 0, 1, 1, 3, 3, 0, 1, 0, 0, 0, 0, 1, 0, 0, 0, 0, 2, 0, 0, 1, 3, 3, 1, 1, 2, 0, 0, 1, 0, 0, 0, 1, 0],706.0425648885516,58640.99257008452,96849.50297129861,false
40,G4_BALANCED,G3_TWC,[31, 22, 82, 15, 26, 58, 95, 42, 77, 12, 47, 5, 93, 78, 98, 54, 85, 63, 18, 44, 20, 35, 43, 97, 91, 76, 10, 30, 21, 45, 71, 64, 1, 23, 17, 83, 24, 14, 60, 36, 6, 57, 94, 88, 65, 56, 79, 40, 67, 68, 46, 75, 39, 9, 19, 32, 81, 96, 27, 62, 87, 90, 99, 59, 11, 16, 72, 73, 70, 38, 37, 84, 3, 92, 25, 55, 28, 29, 51, 7, 33, 61, 86, 48, 89, 50, 66, 41, 53, 80, 4, 8, 34, 74, 52, 2, 13, 0, 49, 69]|[1, 1, 0, 1, 1, 1, 2, 1, 2, 1, 2, 2, 2, 1, 1, 0, 0, 1, 0, 2, 2, 0, 1, 2, 0, 1, 2, 2, 0, 0, 1, 2, 1, 2, 1, 0, 2, 0, 1, 1, 0, 1, 1, 1, 0, 2, 1, 1, 0, 0, 0, 0, 1, 1, 2, 1, 2, 0, 0, 0, 2, 1, 0, 1, 2, 1, 2, 1, 1, 1, 1, 1, 2, 0, 1, 1, 0, 0, 0, 1, 2, 1, 0, 0, 1, 0, 2, 0, 0, 0, 0, 1, 2, 2, 1, 0, 0, 0, 0, 1]|[4, 3, 2, 2, 0, 0, 2, 2, 2, 4, 1, 1, 2, 4, 4, 1, 1, 4, 2, 1, 1, 1, 1, 2, 1, 2, 1, 1, 1, 1, 3, 2, 3, 0, 4, 0, 1, 1, 0, 3, 2, 2, 4, 0, 1, 1, 0, 2, 0, 1, 2, 2, 1, 4, 0, 3, 2, 1, 1, 2, 1, 3, 1, 1, 1, 3, 1, 4, 3, 1, 4, 1, 1, 2, 4, 4, 2, 1, 1, 3, 1, 3, 1, 1, 1, 1, 1, 1, 2, 1, 2, 3, 1, 1, 1, 2, 2, 2, 1, 3]|[0, 2, 1, 1, 3, 3, 0, 1, 0, 0, 0, 0, 1, 0, 1, 0, 0, 3, 1, 0, 0, 0, 3, 1, 0, 2, 0, 0, 0, 1, 0, 0, 0, 0, 3, 0, 1, 0, 0, 2, 1, 1, 2, 0, 0, 0, 0, 1, 1, 0, 0, 0, 1, 3, 0, 0, 1, 0, 0, 1, 0, 2, 0, 1, 0, 2, 0, 0, 0, 1, 1, 3, 0, 1, 3, 3, 1, 0, 0, 2, 0, 0, 0, 0, 1, 0, 0, 0, 1, 0, 1, 2, 0, 0, 1, 0, 0, 0, 1, 0],790.4602850035623,57399.87624123609,89878.87144156093,true
40,G2_TEC,G2_TEC,[31, 22, 82, 15, 26, 9, 95, 42, 77, 68, 47, 5, 93, 78, 86, 54, 85, 63, 18, 44, 20, 49, 36, 14, 74, 50, 53, 17, 21, 28, 11, 64, 3, 23, 30, 83, 24, 41, 40, 52, 65, 27, 90, 70, 39, 87, 48, 69, 99, 4, 46, 1, 13, 58, 97, 59, 45, 8, 73, 37, 35, 79, 71, 66, 76, 32, 60, 80, 56, 6, 67, 61, 33, 7, 57, 34, 12, 16, 10, 98, 96, 88, 2, 75, 91, 43, 84, 92, 29, 19, 51, 55, 81, 89, 25, 72, 94, 38, 0, 62]|[2, 1, 2, 1, 1, 2, 1, 1, 1, 1, 1, 0, 2, 2, 1, 2, 0, 0, 0, 2, 2, 1, 0, 2, 0, 2, 2, 1, 0, 1, 1, 1, 0, 0, 1, 0, 2, 1, 2, 2, 0, 0, 1, 1, 0, 2, 0, 2, 1, 0, 0, 2, 0, 0, 2, 0, 1, 1, 0, 0, 2, 1, 1, 2, 2, 0, 2, 2, 2, 1, 2, 1, 1, 2, 0, 1, 1, 2, 1, 2, 0, 1, 0, 0, 1, 1, 0, 0, 1, 1, 1, 0, 1, 1, 1, 1, 2, 0, 2, 1]|[0, 3, 0, 3, 4, 1, 4, 4, 2, 4, 3, 2, 1, 0, 2, 1, 1, 1, 2, 1, 1, 3, 0, 1, 0, 1, 1, 4, 1, 4, 3, 2, 2, 0, 4, 1, 1, 4, 1, 1, 2, 1, 4, 4, 1, 1, 0, 2, 3, 2, 2, 1, 2, 1, 1, 2, 4, 3, 0, 2, 1, 3, 3, 1, 1, 2, 1, 1, 1, 4, 1, 3, 4, 1, 2, 4, 3, 1, 3, 1, 2, 4, 2, 2, 3, 4, 2, 2, 3, 4, 3, 2, 4, 4, 4, 4, 1, 2, 1, 3]|[0, 2, 0, 0, 3, 0, 1, 3, 0, 0, 2, 0, 1, 0, 1, 0, 0, 0, 1, 0, 0, 2, 0, 0, 1, 0, 0, 3, 0, 1, 0, 2, 0, 0, 3, 0, 1, 1, 0, 0, 0, 0, 1, 3, 0, 0, 1, 0, 2, 0, 0, 0, 0, 0, 1, 0, 1, 0, 1, 1, 0, 2, 0, 0, 0, 0, 0, 0, 0, 2, 0, 0, 1, 0, 0, 1, 0, 0, 3, 0, 0, 1, 0, 0, 0, 2, 0, 0, 3, 1, 0, 0, 2, 1, 3, 1, 0, 0, 0, 0],914.0597544875216,49177.57411962909,107642.75205892837,false
40,G3_TWC,G4_BALANCED,[31, 22, 82, 15, 26, 58, 95, 42, 77, 12, 47, 5, 93, 78, 98, 54, 85, 63, 18, 44, 20, 35, 43, 97, 91, 76, 10, 30, 21, 45, 71, 64, 1, 23, 17, 83, 24, 14, 60, 36, 6, 57, 94, 88, 65, 56, 79, 40, 67, 68, 46, 75, 38, 9, 19, 32, 81, 41, 27, 62, 87, 90, 99, 59, 11, 16, 72, 73, 70, 39, 37, 84, 3, 92, 25, 55, 28, 29, 51, 7, 33, 61, 86, 48, 89, 34, 69, 96, 53, 80, 4, 8, 50, 49, 52, 0, 13, 2, 66, 74]|[1, 1, 0, 1, 1, 1, 2, 1, 2, 1, 2, 2, 2, 1, 1, 0, 0, 1, 0, 2, 2, 0, 1, 2, 0, 1, 2, 2, 0, 0, 1, 2, 1, 2, 1, 0, 2, 0, 1, 1, 0, 1, 1, 1, 0, 2, 1, 1, 0, 0, 0, 0, 1, 1, 2, 1, 2, 0, 0, 0, 2, 1, 0, 1, 2, 1, 2, 1, 1, 1, 1, 1, 2, 0, 1, 1, 0, 0, 0, 1, 2, 1, 0, 0, 1, 2, 1, 0, 0, 0, 0, 1, 0, 0, 1, 0, 0, 0, 2, 2]|[4, 3, 2, 2, 0, 0, 2, 2, 2, 4, 1, 1, 2, 4, 4, 1, 1, 4, 2, 1, 1, 1, 1, 2, 1, 2, 1, 1, 1, 1, 3, 2, 3, 0, 4, 0, 1, 1, 0, 3, 2, 2, 4, 0, 1, 1, 0, 2, 0, 1, 2, 2, 1, 4, 0, 3, 2, 1, 1, 2, 1, 3, 1, 1, 1, 3, 0, 4, 3, 1, 4, 1, 1, 2, 4, 4, 2, 1, 1, 3, 1, 3, 1, 1, 1, 1, 3, 1, 2, 1, 2, 3, 1, 1, 1, 2, 2, 2, 1, 1]|[0, 2, 1, 1, 3, 3, 0, 1, 0, 0, 0, 0, 1, 0, 1, 0, 0, 3, 1, 0, 0, 0, 3, 1, 0, 2, 0, 0, 0, 1, 0, 0, 0, 0, 3, 0, 1, 0, 0, 2, 1, 1, 2, 0, 0, 0, 0, 1, 1, 0, 0, 0, 1, 3, 0, 0, 1, 0, 0, 1, 0, 2, 0, 1, 0, 2, 1, 0, 0, 1, 1, 3, 0, 1, 3, 3, 1, 0, 0, 2, 0, 0, 0, 0, 1, 0, 0, 0, 1, 0, 1, 2, 0, 1, 1, 0, 0, 0, 0, 0],790.1921483697682,57957.04840138768,88951.83199580385,true
40,G1_CMAX,G1_CMAX,[31, 22, 82, 15, 26, 99, 95, 42, 77, 12, 47, 5, 93, 78, 86, 54, 21, 63, 18, 44, 20, 35, 43, 97, 91, 76, 10, 30, 85, 45, 71, 64, 1, 23, 17, 83, 24, 14, 60, 36, 6, 57, 40, 88, 65, 56, 79, 94, 67, 68, 46, 75, 38, 9, 19, 32, 41, 81, 27, 87, 90, 62, 58, 59, 16, 72, 73, 70, 39, 37, 84, 3, 92, 25, 55, 48, 11, 29, 51, 96, 33, 61, 98, 66, 89, 50, 4, 7, 53, 80, 8, 28, 34, 49, 52, 0, 74, 69, 2, 13]|[2, 1, 0, 1, 1, 0, 1, 1, 2, 1, 2, 2, 2, 1, 1, 0, 0, 1, 0, 2, 2, 0, 1, 2, 0, 1, 2, 2, 0, 0, 1, 2, 1, 2, 1, 0, 2, 0, 1, 1, 0, 1, 1, 1, 0, 2, 1, 1, 0, 0, 0, 0, 1, 1, 2, 1, 0, 2, 0, 2, 0, 1, 0, 1, 1, 2, 1, 1, 1, 1, 1, 1, 0, 1, 2, 0, 2, 0, 0, 2, 2, 1, 2, 2, 1, 0, 1, 2, 0, 0, 1, 0, 2, 0, 1, 0, 2, 1, 0, 0]|[1, 3, 2, 2, 4, 1, 2, 3, 2, 4, 1, 1, 2, 4, 4, 1, 1, 4, 2, 1, 1, 1, 1, 2, 1, 2, 1, 1, 2, 1, 3, 2, 3, 0, 4, 0, 1, 1, 0, 3, 2, 2, 2, 0, 1, 1, 0, 4, 0, 1, 2, 2, 1, 4, 0, 3, 1, 2, 1, 1, 2, 3, 1, 1, 3, 0, 4, 3, 1, 4, 1, 1, 0, 4, 1, 1, 1, 1, 1, 1, 1, 3, 1, 1, 1, 1, 4, 1, 2, 1, 3, 2, 1, 1, 1, 2, 1, 4, 2, 2]|[0, 2, 1, 1, 3, 0, 1, 3, 0, 0, 0, 0, 1, 0, 1, 0, 0, 3, 1, 0, 0, 0, 3, 1, 0, 2, 0, 0, 0, 1, 0, 0, 0, 0, 3, 0, 1, 0, 0, 2, 1, 1, 1, 0, 0, 0, 0, 2, 1, 0, 0, 0, 1, 3, 0, 0, 0, 1, 0, 0, 1, 2, 0, 1, 2, 1, 0, 0, 1, 1, 3, 1, 1, 3, 0, 0, 0, 0, 0, 0, 0, 0, 0, 0, 1, 0, 0, 0, 1, 0, 2, 1, 0, 1, 1, 0, 0, 2, 0, 0],743.1394589408177,57322.46185160514,91559.14754692478,false
40,G4_BALANCED,G3_TWC,[31, 22, 82, 15, 26, 58, 95, 42, 77, 12, 47, 5, 93, 78, 98, 54, 85, 63, 18, 44, 20, 35, 43, 97, 91, 76, 10, 30, 21, 45, 71, 64, 1, 23, 17, 83, 24, 14, 60, 36, 6, 57, 94, 88, 65, 56, 79, 40, 67, 68, 46, 75, 39, 9, 19, 32, 81, 96, 27, 62, 87, 90, 99, 59, 11, 16, 72, 73, 70, 38, 37, 84, 3, 92, 25, 55, 28, 29, 51, 7, 33, 61, 86, 48, 89, 50, 66, 41, 53, 80, 4, 8, 34, 74, 52, 2, 13, 0, 49, 69]|[1, 1, 0, 1, 1, 1, 2, 1, 2, 1, 2, 2, 2, 1, 1, 0, 0, 1, 0, 2, 2, 0, 1, 2, 0, 1, 2, 2, 0, 0, 1, 2, 1, 2, 1, 0, 2, 0, 1, 1, 0, 1, 1, 1, 0, 2, 1, 1, 0, 0, 0, 0, 1, 1, 2, 1, 2, 0, 0, 0, 2, 1, 0, 1, 2, 1, 2, 1, 1, 1, 1, 1, 2, 0, 1, 1, 0, 0, 0, 1, 2, 1, 0, 0, 1, 0, 2, 0, 0, 0, 0, 1, 2, 2, 1, 0, 0, 0, 0, 1]|[4, 3, 2, 2, 0, 0, 2, 2, 2, 4, 1, 1, 2, 4, 4, 1, 1, 4, 2, 1, 1, 1, 1, 2, 1, 2, 1, 1, 1, 1, 3, 2, 3, 0, 4, 0, 1, 1, 0, 3, 2, 2, 4, 0, 1, 1, 0, 2, 0, 1, 2, 2, 1, 4, 0, 3, 2, 1, 1, 2, 1, 3, 1, 1, 1, 3, 1, 4, 3, 1, 4, 1, 1, 2, 4, 4, 2, 1, 1, 3, 1, 3, 1, 1, 1, 1, 1, 1, 2, 1, 2, 3, 1, 1, 1, 2, 2, 2, 1, 3]|[0, 2, 1, 1, 3, 3, 0, 1, 0, 0, 0, 0, 1, 0, 1, 0, 0, 3, 1, 0, 0, 0, 3, 1, 0, 2, 0, 0, 0, 1, 0, 0, 0, 0, 3, 0, 1, 0, 0, 2, 1, 1, 2, 0, 0, 0, 0, 1, 1, 0, 0, 0, 1, 3, 0, 0, 1, 0, 0, 1, 0, 2, 0, 1, 0, 2, 0, 0, 0, 1, 1, 3, 0, 1, 3, 3, 1, 0, 0, 2, 0, 0, 0, 0, 1, 0, 0, 0, 1, 0, 1, 2, 0, 0, 1, 0, 0, 0, 1, 0],790.4602850035623,57399.87624123609,89878.87144156093,true
40,G2_TEC,G2_TEC,[31, 22, 82, 15, 26, 9, 95, 42, 77, 68, 47, 5, 93, 78, 86, 54, 85, 63, 18, 44, 20, 49, 36, 14, 74, 50, 53, 17, 21, 28, 11, 64, 3, 23, 30, 83, 24, 41, 40, 52, 65, 27, 90, 70, 39, 87, 48, 69, 99, 4, 46, 1, 13, 58, 97, 59, 45, 8, 73, 37, 35, 79, 71, 66, 76, 32, 60, 80, 56, 6, 67, 61, 33, 7, 57, 34, 12, 16, 10, 98, 96, 88, 2, 75, 91, 43, 84, 92, 29, 19, 51, 55, 81, 89, 25, 72, 94, 38, 0, 62]|[2, 1, 2, 1, 1, 2, 1, 1, 1, 1, 1, 0, 2, 2, 1, 2, 0, 0, 0, 2, 2, 1, 0, 2, 0, 2, 2, 1, 0, 1, 1, 1, 0, 0, 1, 0, 2, 1, 2, 2, 0, 0, 1, 1, 0, 2, 0, 2, 1, 0, 0, 2, 0, 0, 2, 0, 1, 1, 0, 0, 2, 1, 1, 2, 2, 0, 2, 2, 2, 1, 2, 1, 1, 2, 0, 1, 1, 2, 1, 2, 0, 1, 0, 0, 1, 1, 0, 0, 1, 1, 1, 0, 1, 1, 1, 1, 2, 0, 2, 1]|[0, 3, 0, 3, 4, 1, 4, 4, 2, 4, 3, 2, 1, 0, 2, 1, 1, 1, 2, 1, 1, 3, 0, 1, 0, 1, 1, 4, 1, 4, 3, 2, 2, 0, 4, 1, 1, 4, 1, 1, 2, 1, 4, 4, 1, 1, 0, 2, 3, 2, 2, 1, 2, 1, 1, 2, 4, 3, 0, 2, 1, 3, 3, 1, 1, 2, 1, 1, 1, 4, 1, 3, 4, 1, 2, 4, 3, 1, 3, 1, 2, 4, 2, 2, 3, 4, 2, 2, 3, 4, 3, 2, 4, 4, 4, 4, 1, 2, 1, 3]|[0, 2, 0, 0, 3, 0, 1, 3, 0, 0, 2, 0, 1, 0, 1, 0, 0, 0, 1, 0, 0, 2, 0, 0, 1, 0, 0, 3, 0, 1, 0, 2, 0, 0, 3, 0, 1, 1, 0, 0, 0, 0, 1, 3, 0, 0, 1, 0, 2, 0, 0, 0, 0, 0, 1, 0, 1, 0, 1, 1, 0, 2, 0, 0, 0, 0, 0, 0, 0, 2, 0, 0, 1, 0, 0, 1, 0, 0, 3, 0, 0, 1, 0, 0, 0, 2, 0, 0, 3, 1, 0, 0, 2, 1, 3, 1, 0, 0, 0, 0],914.0597544875216,49177.57411962909,107642.75205892837,false
40,G3_TWC,G4_BALANCED,[31, 22, 82, 15, 26, 58, 95, 42, 77, 12, 47, 5, 93, 78, 98, 54, 85, 63, 18, 44, 20, 35, 43, 97, 91, 76, 10, 30, 21, 45, 71, 64, 1, 23, 17, 83, 24, 14, 60, 36, 6, 57, 94, 88, 65, 56, 79, 40, 67, 68, 46, 75, 38, 9, 19, 32, 81, 41, 27, 62, 87, 90, 99, 59, 11, 16, 72, 73, 70, 39, 37, 84, 3, 92, 25, 55, 28, 29, 51, 7, 33, 61, 86, 48, 89, 34, 69, 96, 53, 80, 4, 8, 50, 49, 52, 0, 13, 2, 66, 74]|[1, 1, 0, 1, 1, 1, 2, 1, 2, 1, 2, 2, 2, 1, 1, 0, 0, 1, 0, 2, 2, 0, 1, 2, 0, 1, 2, 2, 0, 0, 1, 2, 1, 2, 1, 0, 2, 0, 1, 1, 0, 1, 1, 1, 0, 2, 1, 1, 0, 0, 0, 0, 1, 1, 2, 1, 2, 0, 0, 0, 2, 1, 0, 1, 2, 1, 2, 1, 1, 1, 1, 1, 2, 0, 1, 1, 0, 0, 0, 1, 2, 1, 0, 0, 1, 2, 1, 0, 0, 0, 0, 1, 0, 0, 1, 0, 0, 0, 2, 2]|[4, 3, 2, 2, 0, 0, 2, 2, 2, 4, 1, 1, 2, 4, 4, 1, 1, 4, 2, 1, 1, 1, 1, 2, 1, 2, 1, 1, 1, 1, 3, 2, 3, 0, 4, 0, 1, 1, 0, 3, 2, 2, 4, 0, 1, 1, 0, 2, 0, 1, 2, 2, 1, 4, 0, 3, 2, 1, 1, 2, 1, 3, 1, 1, 1, 3, 0, 4, 3, 1, 4, 1, 1, 2, 4, 4, 2, 1, 1, 3, 1, 3, 1, 1, 1, 1, 3, 1, 2, 1, 2, 3, 1, 1, 1, 2, 2, 2, 1, 1]|[0, 2, 1, 1, 3, 3, 0, 1, 0, 0, 0, 0, 1, 0, 1, 0, 0, 3, 1, 0, 0, 0, 3, 1, 0, 2, 0, 0, 0, 1, 0, 0, 0, 0, 3, 0, 1, 0, 0, 2, 1, 1, 2, 0, 0, 0, 0, 1, 1, 0, 0, 0, 1, 3, 0, 0, 1, 0, 0, 1, 0, 2, 0, 1, 0, 2, 1, 0, 0, 1, 1, 3, 0, 1, 3, 3, 1, 0, 0, 2, 0, 0, 0, 0, 1, 0, 0, 0, 1, 0, 1, 2, 0, 1, 1, 0, 0, 0, 0, 0],790.1921483697682,57957.04840138768,88951.83199580385,true
40,G1_CMAX,G1_CMAX,[31, 22, 82, 90, 26, 58, 95, 42, 77, 12, 93, 5, 78, 86, 98, 18, 44, 20, 35, 3, 97, 91, 76, 10, 85, 30, 47, 54, 45, 63, 71, 66, 1, 23, 17, 83, 24, 14, 60, 36, 6, 57, 40, 88, 65, 56, 79, 94, 67, 68, 46, 75, 38, 9, 19, 32, 81, 27, 62, 87, 15, 99, 59, 11, 16, 72, 73, 70, 39, 37, 84, 43, 80, 53, 96, 4, 50, 41, 89, 48, 21, 61, 33, 7, 51, 29, 28, 55, 25, 92, 8, 69, 0, 74, 52, 2, 13, 34, 49, 64]|[1, 1, 0, 1, 1, 0, 2, 1, 2, 1, 2, 2, 2, 1, 0, 1, 0, 2, 2, 1, 2, 2, 1, 2, 2, 2, 2, 0, 0, 0, 1, 2, 1, 2, 1, 0, 2, 0, 1, 1, 0, 1, 1, 1, 0, 2, 1, 1, 0, 0, 0, 1, 1, 1, 2, 1, 2, 0, 0, 2, 1, 0, 1, 2, 1, 2, 1, 1, 1, 1, 1, 1, 0, 0, 2, 1, 0, 0, 1, 0, 0, 1, 2, 1, 0, 0, 0, 1, 1, 0, 0, 1, 0, 2, 1, 0, 0, 2, 0, 2]|[3, 0, 2, 3, 0, 1, 1, 2, 2, 4, 1, 1, 0, 4, 1, 4, 2, 1, 1, 1, 2, 2, 2, 1, 1, 1, 2, 1, 1, 2, 3, 2, 3, 1, 4, 0, 1, 1, 0, 3, 2, 2, 4, 0, 1, 1, 0, 4, 0, 1, 2, 3, 1, 4, 0, 3, 2, 1, 2, 1, 2, 1, 1, 1, 3, 0, 4, 3, 1, 4, 1, 1, 1, 2, 1, 4, 1, 1, 1, 1, 1, 3, 1, 1, 1, 1, 2, 4, 4, 2, 2, 3, 2, 1, 1, 2, 2, 1, 1, 1]|[2, 0, 1, 2, 3, 0, 0, 1, 1, 0, 0, 0, 0, 1, 0, 3, 1, 0, 0, 1, 1, 1, 2, 0, 0, 0, 1, 0, 1, 0, 0, 0, 0, 0, 3, 0, 1, 0, 0, 2, 1, 1, 2, 0, 0, 0, 0, 2, 1, 0, 0, 0, 1, 3, 0, 0, 1, 0, 1, 0, 1, 0, 1, 0, 2, 1, 0, 0, 1, 1, 3, 3, 0, 1, 0, 0, 0, 0, 1, 0, 0, 0, 0, 2, 0, 0, 1, 3, 3, 1, 1, 2, 0, 0, 1, 0, 0, 0, 1, 0],706.0425648885516,58640.99257008452,96849.50297129861,false
40,G4_BALANCED,G3_TWC,[31, 22, 82, 15, 26, 58, 95, 42, 77, 12, 47, 5, 93, 78, 98, 54, 85, 63, 18, 44, 20, 35, 43, 97, 91, 76, 10, 30, 21, 45, 71, 64, 1, 23, 17, 83, 24, 14, 60, 36, 6, 57, 94, 88, 65, 56, 79, 40, 67, 68, 46, 75, 39, 9, 19, 32, 81, 96, 27, 62, 87, 90, 99, 59, 11, 16, 72, 73, 70, 38, 37, 84, 3, 92, 25, 55, 28, 29, 51, 7, 33, 61, 86, 48, 89, 50, 66, 41, 53, 80, 4, 8, 34, 74, 52, 2, 13, 0, 49, 69]|[1, 1, 0, 1, 1, 1, 2, 1, 2, 1, 2, 2, 2, 1, 1, 0, 0, 1, 0, 2, 2, 0, 1, 2, 0, 1, 2, 2, 0, 0, 1, 2, 1, 2, 1, 0, 2, 0, 1, 1, 0, 1, 1, 1, 0, 2, 1, 1, 0, 0, 0, 0, 1, 1, 2, 1, 2, 0, 0, 0, 2, 1, 0, 1, 2, 1, 2, 1, 1, 1, 1, 1, 2, 0, 1, 1, 0, 0, 0, 1, 2, 1, 0, 0, 1, 0, 2, 0, 0, 0, 0, 1, 2, 2, 1, 0, 0, 0, 0, 1]|[4, 3, 2, 2, 0, 0, 2, 2, 2, 4, 1, 1, 2, 4, 4, 1, 1, 4, 2, 1, 1, 1, 1, 2, 1, 2, 1, 1, 1, 1, 3, 2, 3, 0, 4, 0, 1, 1, 0, 3, 2, 2, 4, 0, 1, 1, 0, 2, 0, 1, 2, 2, 1, 4, 0, 3, 2, 1, 1, 2, 1, 3, 1, 1, 1, 3, 1, 4, 3, 1, 4, 1, 1, 2, 4, 4, 2, 1, 1, 3, 1, 3, 1, 1, 1, 1, 1, 1, 2, 1, 2, 3, 1, 1, 1, 2, 2, 2, 1, 3]|[0, 2, 1, 1, 3, 3, 0, 1, 0, 0, 0, 0, 1, 0, 1, 0, 0, 3, 1, 0, 0, 0, 3, 1, 0, 2, 0, 0, 0, 1, 0, 0, 0, 0, 3, 0, 1, 0, 0, 2, 1, 1, 2, 0, 0, 0, 0, 1, 1, 0, 0, 0, 1, 3, 0, 0, 1, 0, 0, 1, 0, 2, 0, 1, 0, 2, 0, 0, 0, 1, 1, 3, 0, 1, 3, 3, 1, 0, 0, 2, 0, 0, 0, 0, 1, 0, 0, 0, 1, 0, 1, 2, 0, 0, 1, 0, 0, 0, 1, 0],790.4602850035623,57399.87624123609,89878.87144156093,true
40,G2_TEC,G2_TEC,[31, 22, 82, 15, 26, 9, 95, 42, 77, 68, 47, 5, 93, 78, 86, 54, 85, 63, 18, 44, 20, 49, 36, 14, 74, 50, 53, 17, 21, 28, 11, 64, 3, 23, 30, 83, 24, 41, 40, 52, 65, 27, 90, 70, 39, 87, 48, 69, 99, 4, 46, 1, 13, 58, 97, 59, 45, 8, 73, 37, 35, 79, 71, 66, 76, 32, 60, 80, 56, 6, 67, 61, 33, 7, 57, 34, 12, 16, 10, 98, 96, 88, 2, 75, 91, 43, 84, 92, 29, 19, 51, 55, 81, 89, 25, 72, 94, 38, 0, 62]|[2, 1, 2, 1, 1, 2, 1, 1, 1, 1, 1, 0, 2, 2, 1, 2, 0, 0, 0, 2, 2, 1, 0, 2, 0, 2, 2, 1, 0, 1, 1, 1, 0, 0, 1, 0, 2, 1, 2, 2, 0, 0, 1, 1, 0, 2, 0, 2, 1, 0, 0, 2, 0, 0, 2, 0, 1, 1, 0, 0, 2, 1, 1, 2, 2, 0, 2, 2, 2, 1, 2, 1, 1, 2, 0, 1, 1, 2, 1, 2, 0, 1, 0, 0, 1, 1, 0, 0, 1, 1, 1, 0, 1, 1, 1, 1, 2, 0, 2, 1]|[0, 3, 0, 3, 4, 1, 4, 4, 2, 4, 3, 2, 1, 0, 2, 1, 1, 1, 2, 1, 1, 3, 0, 1, 0, 1, 1, 4, 1, 4, 3, 2, 2, 0, 4, 1, 1, 4, 1, 1, 2, 1, 4, 4, 1, 1, 0, 2, 3, 2, 2, 1, 2, 1, 1, 2, 4, 3, 0, 2, 1, 3, 3, 1, 1, 2, 1, 1, 1, 4, 1, 3, 4, 1, 2, 4, 3, 1, 3, 1, 2, 4, 2, 2, 3, 4, 2, 2, 3, 4, 3, 2, 4, 4, 4, 4, 1, 2, 1, 3]|[0, 2, 0, 0, 3, 0, 1, 3, 0, 0, 2, 0, 1, 0, 1, 0, 0, 0, 1, 0, 0, 2, 0, 0, 1, 0, 0, 3, 0, 1, 0, 2, 0, 0, 3, 0, 1, 1, 0, 0, 0, 0, 1, 3, 0, 0, 1, 0, 2, 0, 0, 0, 0, 0, 1, 0, 1, 0, 1, 1, 0, 2, 0, 0, 0, 0, 0, 0, 0, 2, 0, 0, 1, 0, 0, 1, 0, 0, 3, 0, 0, 1, 0, 0, 0, 2, 0, 0, 3, 1, 0, 0, 2, 1, 3, 1, 0, 0, 0, 0],914.0597544875216,49177.57411962909,107642.75205892837,false
40,G3_TWC,G4_BALANCED,[31, 22, 82, 15, 26, 58, 95, 42, 77, 12, 47, 5, 93, 78, 98, 54, 85, 63, 18, 44, 20, 35, 43, 97, 91, 76, 10, 30, 21, 45, 71, 64, 1, 23, 17, 83, 24, 14, 60, 36, 6, 57, 94, 88, 65, 56, 79, 40, 67, 68, 46, 75, 38, 9, 19, 32, 81, 41, 27, 62, 87, 90, 99, 59, 11, 16, 72, 73, 70, 39, 37, 84, 3, 92, 25, 55, 28, 29, 51, 7, 33, 61, 86, 48, 89, 34, 69, 96, 53, 80, 4, 8, 50, 49, 52, 0, 13, 2, 66, 74]|[1, 1, 0, 1, 1, 1, 2, 1, 2, 1, 2, 2, 2, 1, 1, 0, 0, 1, 0, 2, 2, 0, 1, 2, 0, 1, 2, 2, 0, 0, 1, 2, 1, 2, 1, 0, 2, 0, 1, 1, 0, 1, 1, 1, 0, 2, 1, 1, 0, 0, 0, 0, 1, 1, 2, 1, 2, 0, 0, 0, 2, 1, 0, 1, 2, 1, 2, 1, 1, 1, 1, 1, 2, 0, 1, 1, 0, 0, 0, 1, 2, 1, 0, 0, 1, 2, 1, 0, 0, 0, 0, 1, 0, 0, 1, 0, 0, 0, 2, 2]|[4, 3, 2, 2, 0, 0, 2, 2, 2, 4, 1, 1, 2, 4, 4, 1, 1, 4, 2, 1, 1, 1, 1, 2, 1, 2, 1, 1, 1, 1, 3, 2, 3, 0, 4, 0, 1, 1, 0, 3, 2, 2, 4, 0, 1, 1, 0, 2, 0, 1, 2, 2, 1, 4, 0, 3, 2, 1, 1, 2, 1, 3, 1, 1, 1, 3, 0, 4, 3, 1, 4, 1, 1, 2, 4, 4, 2, 1, 1, 3, 1, 3, 1, 1, 1, 1, 3, 1, 2, 1, 2, 3, 1, 1, 1, 2, 2, 2, 1, 1]|[0, 2, 1, 1, 3, 3, 0, 1, 0, 0, 0, 0, 1, 0, 1, 0, 0, 3, 1, 0, 0, 0, 3, 1, 0, 2, 0, 0, 0, 1, 0, 0, 0, 0, 3, 0, 1, 0, 0, 2, 1, 1, 2, 0, 0, 0, 0, 1, 1, 0, 0, 0, 1, 3, 0, 0, 1, 0, 0, 1, 0, 2, 0, 1, 0, 2, 1, 0, 0, 1, 1, 3, 0, 1, 3, 3, 1, 0, 0, 2, 0, 0, 0, 0, 1, 0, 0, 0, 1, 0, 1, 2, 0, 1, 1, 0, 0, 0, 0, 0],790.1921483697682,57957.04840138768,88951.83199580385,true
40,G1_CMAX,G1_CMAX,[31, 22, 82, 15, 26, 99, 95, 42, 77, 12, 47, 5, 93, 78, 86, 54, 85, 63, 18, 44, 20, 35, 43, 97, 91, 76, 10, 30, 21, 45, 71, 64, 1, 23, 17, 83, 24, 14, 60, 36, 6, 57, 40, 88, 65, 56, 79, 94, 67, 68, 46, 75, 38, 9, 19, 32, 81, 41, 27, 87, 62, 58, 59, 11, 16, 72, 73, 70, 39, 37, 84, 3, 92, 25, 55, 48, 90, 29, 51, 96, 33, 61, 98, 28, 7, 50, 4, 89, 53, 13, 8, 66, 34, 49, 52, 0, 74, 69, 2, 80]|[1, 1, 0, 1, 1, 0, 1, 1, 2, 1, 2, 2, 2, 1, 1, 0, 0, 1, 0, 2, 2, 0, 1, 2, 0, 1, 2, 2, 0, 0, 1, 2, 1, 2, 1, 0, 2, 0, 1, 1, 0, 1, 1, 1, 0, 2, 1, 1, 0, 0, 0, 0, 1, 1, 2, 1, 2, 2, 0, 2, 1, 0, 1, 2, 1, 2, 1, 1, 1, 1, 1, 1, 0, 1, 2, 0, 1, 0, 0, 2, 2, 1, 2, 0, 2, 0, 1, 1, 0, 0, 1, 2, 2, 0, 1, 0, 2, 1, 0, 0]|[4, 3, 2, 2, 4, 1, 2, 3, 2, 4, 1, 1, 2, 4, 4, 1, 2, 4, 2, 1, 1, 1, 1, 2, 1, 2, 1, 1, 2, 1, 3, 2, 3, 1, 4, 0, 1, 1, 0, 3, 2, 2, 2, 0, 1, 1, 0, 4, 0, 1, 2, 2, 1, 4, 0, 3, 1, 1, 1, 1, 3, 1, 1, 1, 3, 0, 4, 3, 1, 4, 1, 1, 0, 4, 1, 1, 3, 1, 1, 1, 1, 3, 1, 2, 1, 1, 4, 1, 2, 2, 3, 1, 1, 1, 1, 2, 1, 4, 2, 1]|[0, 2, 1, 1, 3, 0, 1, 3, 0, 0, 0, 0, 1, 0, 1, 0, 0, 3, 1, 0, 0, 0, 3, 1, 0, 2, 0, 0, 0, 1, 0, 0, 0, 0, 3, 0, 1, 0, 0, 2, 1, 1, 1, 0, 0, 0, 0, 2, 1, 0, 0, 0, 1, 3, 0, 0, 0, 0, 0, 0, 2, 0, 1, 0, 2, 1, 0, 0, 1, 1, 3, 1, 1, 3, 0, 0, 2, 0, 0, 0, 0, 0, 0, 1, 0, 0, 0, 1, 1, 0, 2, 0, 0, 1, 1, 0, 0, 2, 0, 0],759.8298578266035,55619.9918721624,94856.27633352597,false
40,G4_BALANCED,G3_TWC,[31, 22, 82, 15, 26, 58, 95, 42, 77, 12, 47, 5, 93, 78, 98, 54, 85, 63, 18, 44, 20, 35, 43, 97, 91, 76, 10, 30, 21, 45, 71, 64, 1, 23, 17, 83, 24, 14, 60, 36, 6, 57, 94, 88, 65, 56, 79, 40, 67, 68, 46, 75, 39, 9, 19, 32, 81, 96, 27, 62, 87, 90, 99, 59, 11, 16, 72, 73, 70, 38, 37, 84, 3, 92, 25, 55, 28, 29, 51, 7, 33, 61, 86, 48, 89, 50, 66, 41, 53, 80, 4, 8, 34, 74, 52, 2, 13, 0, 49, 69]|[1, 1, 0, 1, 1, 1, 2, 1, 2, 1, 2, 2, 2, 1, 1, 0, 0, 1, 0, 2, 2, 0, 1, 2, 0, 1, 2, 2, 0, 0, 1, 2, 1, 2, 1, 0, 2, 0, 1, 1, 0, 1, 1, 1, 0, 2, 1, 1, 0, 0, 0, 0, 1, 1, 2, 1, 2, 0, 0, 0, 2, 1, 0, 1, 2, 1, 2, 1, 1, 1, 1, 1, 2, 0, 1, 1, 0, 0, 0, 1, 2, 1, 0, 0, 1, 0, 2, 0, 0, 0, 0, 1, 2, 2, 1, 0, 0, 0, 0, 1]|[4, 3, 2, 2, 0, 0, 2, 2, 2, 4, 1, 1, 2, 4, 4, 1, 1, 4, 2, 1, 1, 1, 1, 2, 1, 2, 1, 1, 1, 1, 3, 2, 3, 0, 4, 0, 1, 1, 0, 3, 2, 2, 4, 0, 1, 1, 0, 2, 0, 1, 2, 2, 1, 4, 0, 3, 2, 1, 1, 2, 1, 3, 1, 1, 1, 3, 1, 4, 3, 1, 4, 1, 1, 2, 4, 4, 2, 1, 1, 3, 1, 3, 1, 1, 1, 1, 1, 1, 2, 1, 2, 3, 1, 1, 1, 2, 2, 2, 1, 3]|[0, 2, 1, 1, 3, 3, 0, 1, 0, 0, 0, 0, 1, 0, 1, 0, 0, 3, 1, 0, 0, 0, 3, 1, 0, 2, 0, 0, 0, 1, 0, 0, 0, 0, 3, 0, 1, 0, 0, 2, 1, 1, 2, 0, 0, 0, 0, 1, 1, 0, 0, 0, 1, 3, 0, 0, 1, 0, 0, 1, 0, 2, 0, 1, 0, 2, 0, 0, 0, 1, 1, 3, 0, 1, 3, 3, 1, 0, 0, 2, 0, 0, 0, 0, 1, 0, 0, 0, 1, 0, 1, 2, 0, 0, 1, 0, 0, 0, 1, 0],790.4602850035623,57399.87624123609,89878.87144156093,true
40,G2_TEC,G2_TEC,[31, 22, 82, 15, 26, 9, 95, 42, 77, 68, 47, 5, 93, 78, 86, 54, 85, 63, 18, 44, 20, 49, 36, 14, 74, 50, 53, 17, 21, 28, 11, 64, 3, 23, 30, 83, 24, 41, 40, 52, 65, 27, 90, 70, 39, 87, 48, 69, 99, 4, 46, 1, 13, 58, 97, 59, 45, 8, 73, 37, 35, 79, 71, 66, 76, 32, 60, 80, 56, 6, 67, 61, 33, 7, 57, 34, 12, 16, 10, 98, 96, 88, 2, 75, 91, 43, 84, 92, 29, 19, 51, 55, 81, 89, 25, 72, 94, 38, 0, 62]|[2, 1, 2, 1, 1, 2, 1, 1, 1, 1, 1, 0, 2, 2, 1, 2, 0, 0, 0, 2, 2, 1, 0, 2, 0, 2, 2, 1, 0, 1, 1, 1, 0, 0, 1, 0, 2, 1, 2, 2, 0, 0, 1, 1, 0, 2, 0, 2, 1, 0, 0, 2, 0, 0, 2, 0, 1, 1, 0, 0, 2, 1, 1, 2, 2, 0, 2, 2, 2, 1, 2, 1, 1, 2, 0, 1, 1, 2, 1, 2, 0, 1, 0, 0, 1, 1, 0, 0, 1, 1, 1, 0, 1, 1, 1, 1, 2, 0, 2, 1]|[0, 3, 0, 3, 4, 1, 4, 4, 2, 4, 3, 2, 1, 0, 2, 1, 1, 1, 2, 1, 1, 3, 0, 1, 0, 1, 1, 4, 1, 4, 3, 2, 2, 0, 4, 1, 1, 4, 1, 1, 2, 1, 4, 4, 1, 1, 0, 2, 3, 2, 2, 1, 2, 1, 1, 2, 4, 3, 0, 2, 1, 3, 3, 1, 1, 2, 1, 1, 1, 4, 1, 3, 4, 1, 2, 4, 3, 1, 3, 1, 2, 4, 2, 2, 3, 4, 2, 2, 3, 4, 3, 2, 4, 4, 4, 4, 1, 2, 1, 3]|[0, 2, 0, 0, 3, 0, 1, 3, 0, 0, 2, 0, 1, 0, 1, 0, 0, 0, 1, 0, 0, 2, 0, 0, 1, 0, 0, 3, 0, 1, 0, 2, 0, 0, 3, 0, 1, 1, 0, 0, 0, 0, 1, 3, 0, 0, 1, 0, 2, 0, 0, 0, 0, 0, 1, 0, 1, 0, 1, 1, 0, 2, 0, 0, 0, 0, 0, 0, 0, 2, 0, 0, 1, 0, 0, 1, 0, 0, 3, 0, 0, 1, 0, 0, 0, 2, 0, 0, 3, 1, 0, 0, 2, 1, 3, 1, 0, 0, 0, 0],914.0597544875216,49177.57411962909,107642.75205892837,false
40,G3_TWC,G4_BALANCED,[31, 22, 82, 15, 26, 58, 95, 42, 77, 12, 47, 5, 93, 78, 98, 54, 85, 63, 18, 44, 20, 35, 43, 97, 91, 76, 10, 30, 21, 45, 71, 64, 1, 23, 17, 83, 24, 14, 60, 36, 6, 57, 94, 88, 65, 56, 79, 40, 67, 68, 46, 75, 38, 9, 19, 32, 81, 41, 27, 62, 87, 90, 99, 59, 11, 16, 72, 73, 70, 39, 37, 84, 3, 92, 25, 55, 28, 29, 51, 7, 33, 61, 86, 48, 89, 34, 69, 96, 53, 80, 4, 8, 50, 49, 52, 0, 13, 2, 66, 74]|[1, 1, 0, 1, 1, 1, 2, 1, 2, 1, 2, 2, 2, 1, 1, 0, 0, 1, 0, 2, 2, 0, 1, 2, 0, 1, 2, 2, 0, 0, 1, 2, 1, 2, 1, 0, 2, 0, 1, 1, 0, 1, 1, 1, 0, 2, 1, 1, 0, 0, 0, 0, 1, 1, 2, 1, 2, 0, 0, 0, 2, 1, 0, 1, 2, 1, 2, 1, 1, 1, 1, 1, 2, 0, 1, 1, 0, 0, 0, 1, 2, 1, 0, 0, 1, 2, 1, 0, 0, 0, 0, 1, 0, 0, 1, 0, 0, 0, 2, 2]|[4, 3, 2, 2, 0, 0, 2, 2, 2, 4, 1, 1, 2, 4, 4, 1, 1, 4, 2, 1, 1, 1, 1, 2, 1, 2, 1, 1, 1, 1, 3, 2, 3, 0, 4, 0, 1, 1, 0, 3, 2, 2, 4, 0, 1, 1, 0, 2, 0, 1, 2, 2, 1, 4, 0, 3, 2, 1, 1, 2, 1, 3, 1, 1, 1, 3, 0, 4, 3, 1, 4, 1, 1, 2, 4, 4, 2, 1, 1, 3, 1, 3, 1, 1, 1, 1, 3, 1, 2, 1, 2, 3, 1, 1, 1, 2, 2, 2, 1, 1]|[0, 2, 1, 1, 3, 3, 0, 1, 0, 0, 0, 0, 1, 0, 1, 0, 0, 3, 1, 0, 0, 0, 3, 1, 0, 2, 0, 0, 0, 1, 0, 0, 0, 0, 3, 0, 1, 0, 0, 2, 1, 1, 2, 0, 0, 0, 0, 1, 1, 0, 0, 0, 1, 3, 0, 0, 1, 0, 0, 1, 0, 2, 0, 1, 0, 2, 1, 0, 0, 1, 1, 3, 0, 1, 3, 3, 1, 0, 0, 2, 0, 0, 0, 0, 1, 0, 0, 0, 1, 0, 1, 2, 0, 1, 1, 0, 0, 0, 0, 0],790.1921483697682,57957.04840138768,88951.83199580385,true
40,G1_CMAX,G4_BALANCED,[31, 22, 82, 15, 26, 9, 95, 42, 77, 68, 47, 5, 93, 78, 86, 54, 85, 63, 18, 44, 20, 49, 36, 14, 74, 50, 53, 17, 21, 28, 11, 64, 3, 23, 30, 83, 24, 41, 40, 52, 65, 27, 90, 70, 39, 87, 48, 69, 99, 4, 46, 1, 13, 58, 19, 59, 45, 8, 73, 37, 35, 79, 71, 66, 76, 32, 60, 80, 96, 6, 67, 61, 33, 7, 57, 34, 12, 16, 10, 98, 56, 88, 43, 84, 91, 38, 75, 92, 29, 97, 51, 55, 72, 89, 25, 81, 94, 2, 62, 0]|[2, 1, 2, 1, 1, 0, 1, 1, 1, 1, 1, 0, 2, 2, 1, 2, 0, 0, 0, 2, 2, 1, 0, 2, 0, 2, 2, 1, 0, 1, 1, 1, 0, 0, 1, 0, 2, 1, 2, 2, 0, 0, 1, 1, 0, 2, 0, 2, 1, 0, 0, 2, 0, 0, 2, 0, 1, 1, 0, 0, 2, 1, 1, 2, 2, 0, 2, 2, 2, 1, 2, 1, 1, 2, 0, 1, 1, 2, 1, 2, 2, 1, 1, 0, 1, 0, 0, 0, 1, 1, 1, 0, 1, 1, 1, 1, 2, 2, 1, 0]|[0, 3, 0, 3, 4, 1, 4, 4, 2, 4, 3, 2, 1, 0, 2, 1, 1, 1, 2, 1, 1, 3, 0, 1, 0, 1, 1, 4, 1, 4, 3, 2, 2, 0, 4, 1, 1, 4, 1, 1, 2, 1, 4, 4, 1, 1, 0, 2, 3, 2, 2, 1, 2, 1, 1, 2, 4, 3, 0, 2, 2, 3, 3, 1, 1, 2, 1, 1, 1, 4, 1, 3, 4, 1, 2, 4, 3, 1, 3, 1, 1, 4, 4, 2, 3, 2, 2, 2, 3, 4, 3, 2, 4, 4, 4, 4, 1, 1, 3, 2]|[0, 2, 0, 0, 3, 0, 1, 3, 0, 0, 2, 0, 1, 0, 1, 0, 0, 0, 1, 0, 0, 2, 0, 0, 1, 0, 0, 3, 0, 1, 0, 2, 0, 0, 3, 0, 1, 1, 0, 0, 0, 0, 1, 3, 0, 0, 1, 0, 2, 0, 0, 0, 0, 1, 1, 0, 1, 0, 1, 1, 0, 2, 0, 0, 0, 0, 0, 0, 0, 2, 0, 0, 1, 0, 0, 1, 0, 0, 3, 0, 0, 1, 2, 0, 0, 0, 0, 0, 3, 1, 0, 0, 1, 1, 3, 2, 0, 0, 0, 0],880.5078726524667,49907.548330059835,103796.87624961621,true
40,G4_BALANCED,G3_TWC,[31, 22, 82, 15, 26, 58, 95, 42, 77, 12, 47, 5, 93, 78, 98, 54, 85, 63, 18, 44, 20, 35, 43, 97, 91, 76, 10, 30, 21, 45, 71, 64, 1, 23, 17, 83, 24, 14, 60, 36, 6, 57, 94, 88, 65, 56, 79, 40, 67, 68, 46, 75, 39, 9, 19, 32, 81, 96, 27, 62, 87, 90, 99, 59, 11, 16, 72, 73, 70, 38, 37, 84, 3, 92, 25, 55, 28, 29, 51, 7, 33, 61, 86, 48, 89, 50, 66, 41, 53, 80, 4, 8, 34, 74, 52, 2, 13, 0, 49, 69]|[1, 1, 0, 1, 1, 1, 2, 1, 2, 1, 2, 2, 2, 1, 1, 0, 0, 1, 0, 2, 2, 0, 1, 2, 0, 1, 2, 2, 0, 0, 1, 2, 1, 2, 1, 0, 2, 0, 1, 1, 0, 1, 1, 1, 0, 2, 1, 1, 0, 0, 0, 0, 1, 1, 2, 1, 2, 0, 0, 0, 2, 1, 0, 1, 2, 1, 2, 1, 1, 1, 1, 1, 2, 0, 1, 1, 0, 0, 0, 1, 2, 1, 0, 0, 1, 0, 2, 0, 0, 0, 0, 1, 2, 2, 1, 0, 0, 0, 0, 1]|[4, 3, 2, 2, 0, 0, 2, 2, 2, 4, 1, 1, 2, 4, 4, 1, 1, 4, 2, 1, 1, 1, 1, 2, 1, 2, 1, 1, 1, 1, 3, 2, 3, 0, 4, 0, 1, 1, 0, 3, 2, 2, 4, 0, 1, 1, 0, 2, 0, 1, 2, 2, 1, 4, 0, 3, 2, 1, 1, 2, 1, 3, 1, 1, 1, 3, 1, 4, 3, 1, 4, 1, 1, 2, 4, 4, 2, 1, 1, 3, 1, 3, 1, 1, 1, 1, 1, 1, 2, 1, 2, 3, 1, 1, 1, 2, 2, 2, 1, 3]|[0, 2, 1, 1, 3, 3, 0, 1, 0, 0, 0, 0, 1, 0, 1, 0, 0, 3, 1, 0, 0, 0, 3, 1, 0, 2, 0, 0, 0, 1, 0, 0, 0, 0, 3, 0, 1, 0, 0, 2, 1, 1, 2, 0, 0, 0, 0, 1, 1, 0, 0, 0, 1, 3, 0, 0, 1, 0, 0, 1, 0, 2, 0, 1, 0, 2, 0, 0, 0, 1, 1, 3, 0, 1, 3, 3, 1, 0, 0, 2, 0, 0, 0, 0, 1, 0, 0, 0, 1, 0, 1, 2, 0, 0, 1, 0, 0, 0, 1, 0],790.4602850035623,57399.87624123609,89878.87144156093,true
40,G2_TEC,G2_TEC,[31, 22, 82, 15, 26, 9, 95, 42, 77, 68, 47, 5, 93, 78, 86, 54, 85, 63, 18, 44, 20, 49, 36, 14, 74, 50, 53, 17, 21, 28, 11, 64, 3, 23, 30, 83, 24, 41, 40, 52, 65, 27, 90, 70, 39, 87, 48, 69, 99, 4, 46, 1, 13, 58, 97, 59, 45, 8, 73, 37, 35, 79, 71, 66, 76, 32, 60, 80, 56, 6, 67, 61, 33, 7, 57, 34, 12, 16, 10, 98, 96, 88, 2, 75, 91, 43, 84, 92, 29, 19, 51, 55, 81, 89, 25, 72, 94, 38, 0, 62]|[2, 1, 2, 1, 1, 2, 1, 1, 1, 1, 1, 0, 2, 2, 1, 2, 0, 0, 0, 2, 2, 1, 0, 2, 0, 2, 2, 1, 0, 1, 1, 1, 0, 0, 1, 0, 2, 1, 2, 2, 0, 0, 1, 1, 0, 2, 0, 2, 1, 0, 0, 2, 0, 0, 2, 0, 1, 1, 0, 0, 2, 1, 1, 2, 2, 0, 2, 2, 2, 1, 2, 1, 1, 2, 0, 1, 1, 2, 1, 2, 0, 1, 0, 0, 1, 1, 0, 0, 1, 1, 1, 0, 1, 1, 1, 1, 2, 0, 2, 1]|[0, 3, 0, 3, 4, 1, 4, 4, 2, 4, 3, 2, 1, 0, 2, 1, 1, 1, 2, 1, 1, 3, 0, 1, 0, 1, 1, 4, 1, 4, 3, 2, 2, 0, 4, 1, 1, 4, 1, 1, 2, 1, 4, 4, 1, 1, 0, 2, 3, 2, 2, 1, 2, 1, 1, 2, 4, 3, 0, 2, 1, 3, 3, 1, 1, 2, 1, 1, 1, 4, 1, 3, 4, 1, 2, 4, 3, 1, 3, 1, 2, 4, 2, 2, 3, 4, 2, 2, 3, 4, 3, 2, 4, 4, 4, 4, 1, 2, 1, 3]|[0, 2, 0, 0, 3, 0, 1, 3, 0, 0, 2, 0, 1, 0, 1, 0, 0, 0, 1, 0, 0, 2, 0, 0, 1, 0, 0, 3, 0, 1, 0, 2, 0, 0, 3, 0, 1, 1, 0, 0, 0, 0, 1, 3, 0, 0, 1, 0, 2, 0, 0, 0, 0, 0, 1, 0, 1, 0, 1, 1, 0, 2, 0, 0, 0, 0, 0, 0, 0, 2, 0, 0, 1, 0, 0, 1, 0, 0, 3, 0, 0, 1, 0, 0, 0, 2, 0, 0, 3, 1, 0, 0, 2, 1, 3, 1, 0, 0, 0, 0],914.0597544875216,49177.57411962909,107642.75205892837,false
40,G3_TWC,G4_BALANCED,[31, 22, 82, 15, 26, 58, 95, 42, 77, 12, 47, 5, 93, 78, 98, 54, 85, 63, 18, 44, 20, 35, 43, 97, 91, 76, 10, 30, 21, 45, 71, 64, 1, 23, 17, 83, 24, 14, 60, 36, 6, 57, 94, 88, 65, 56, 79, 40, 67, 68, 46, 75, 38, 9, 19, 32, 81, 41, 27, 62, 87, 90, 99, 59, 11, 16, 72, 73, 70, 39, 37, 84, 3, 92, 25, 55, 28, 29, 51, 7, 33, 61, 86, 48, 89, 34, 69, 96, 53, 80, 4, 8, 50, 49, 52, 0, 13, 2, 66, 74]|[1, 1, 0, 1, 1, 1, 2, 1, 2, 1, 2, 2, 2, 1, 1, 0, 0, 1, 0, 2, 2, 0, 1, 2, 0, 1, 2, 2, 0, 0, 1, 2, 1, 2, 1, 0, 2, 0, 1, 1, 0, 1, 1, 1, 0, 2, 1, 1, 0, 0, 0, 0, 1, 1, 2, 1, 2, 0, 0, 0, 2, 1, 0, 1, 2, 1, 2, 1, 1, 1, 1, 1, 2, 0, 1, 1, 0, 0, 0, 1, 2, 1, 0, 0, 1, 2, 1, 0, 0, 0, 0, 1, 0, 0, 1, 0, 0, 0, 2, 2]|[4, 3, 2, 2, 0, 0, 2, 2, 2, 4, 1, 1, 2, 4, 4, 1, 1, 4, 2, 1, 1, 1, 1, 2, 1, 2, 1, 1, 1, 1, 3, 2, 3, 0, 4, 0, 1, 1, 0, 3, 2, 2, 4, 0, 1, 1, 0, 2, 0, 1, 2, 2, 1, 4, 0, 3, 2, 1, 1, 2, 1, 3, 1, 1, 1, 3, 0, 4, 3, 1, 4, 1, 1, 2, 4, 4, 2, 1, 1, 3, 1, 3, 1, 1, 1, 1, 3, 1, 2, 1, 2, 3, 1, 1, 1, 2, 2, 2, 1, 1]|[0, 2, 1, 1, 3, 3, 0, 1, 0, 0, 0, 0, 1, 0, 1, 0, 0, 3, 1, 0, 0, 0, 3, 1, 0, 2, 0, 0, 0, 1, 0, 0, 0, 0, 3, 0, 1, 0, 0, 2, 1, 1, 2, 0, 0, 0, 0, 1, 1, 0, 0, 0, 1, 3, 0, 0, 1, 0, 0, 1, 0, 2, 0, 1, 0, 2, 1, 0, 0, 1, 1, 3, 0, 1, 3, 3, 1, 0, 0, 2, 0, 0, 0, 0, 1, 0, 0, 0, 1, 0, 1, 2, 0, 1, 1, 0, 0, 0, 0, 0],790.1921483697682,57957.04840138768,88951.83199580385,true
40,G1_CMAX,G4_BALANCED,[31, 11, 15, 82, 26, 9, 95, 32, 77, 68, 47, 5, 93, 78, 86, 54, 85, 63, 18, 44, 20, 49, 36, 14, 74, 50, 53, 17, 21, 45, 71, 64, 3, 23, 30, 83, 24, 41, 60, 52, 51, 27, 90, 70, 39, 87, 48, 69, 99, 4, 46, 1, 13, 58, 97, 59, 28, 8, 73, 37, 35, 79, 22, 66, 76, 42, 40, 80, 96, 6, 16, 61, 33, 7, 57, 34, 12, 67, 10, 98, 56, 88, 43, 75, 91, 38, 84, 92, 29, 19, 65, 55, 72, 89, 25, 81, 94, 2, 62, 0]|[2, 1, 2, 1, 1, 2, 1, 1, 1, 1, 1, 0, 2, 2, 1, 2, 0, 0, 0, 2, 2, 1, 0, 2, 0, 2, 2, 1, 0, 1, 1, 1, 0, 0, 1, 0, 2, 1, 2, 2, 0, 0, 1, 1, 0, 2, 0, 2, 1, 0, 0, 2, 0, 0, 2, 0, 1, 1, 0, 0, 2, 1, 1, 2, 2, 0, 2, 2, 0, 1, 2, 1, 1, 2, 0, 1, 1, 1, 1, 2, 2, 1, 1, 0, 1, 0, 0, 0, 1, 1, 1, 0, 1, 1, 1, 1, 2, 2, 1, 0]|[1, 3, 0, 3, 4, 1, 4, 4, 2, 4, 3, 2, 1, 0, 2, 1, 1, 1, 2, 1, 1, 3, 0, 1, 0, 1, 1, 4, 1, 4, 3, 2, 2, 0, 4, 1, 1, 4, 1, 1, 2, 1, 4, 4, 1, 1, 0, 2, 3, 1, 2, 1, 2, 1, 1, 2, 4, 3, 0, 2, 2, 3, 3, 1, 1, 2, 1, 1, 2, 4, 1, 3, 4, 1, 2, 4, 3, 3, 3, 1, 1, 4, 4, 2, 3, 2, 2, 2, 3, 4, 3, 2, 4, 4, 4, 1, 1, 1, 3, 2]|[1, 2, 0, 0, 3, 0, 1, 3, 0, 0, 2, 0, 1, 0, 1, 0, 0, 0, 1, 0, 0, 2, 0, 0, 1, 0, 0, 3, 0, 1, 0, 2, 0, 1, 3, 0, 1, 1, 0, 0, 0, 0, 1, 3, 0, 0, 1, 0, 2, 0, 0, 0, 0, 0, 1, 0, 1, 0, 1, 1, 0, 2, 2, 0, 0, 0, 0, 0, 0, 2, 0, 0, 1, 0, 0, 1, 0, 0, 3, 0, 0, 1, 2, 0, 0, 0, 0, 0, 3, 1, 0, 0, 2, 1, 3, 1, 0, 0, 0, 0],863.1287736981566,50462.27750314327,104436.85600586075,true
40,G4_BALANCED,G3_TWC,[31, 22, 82, 15, 26, 58, 95, 42, 77, 12, 47, 5, 93, 78, 98, 54, 85, 63, 18, 44, 20, 35, 43, 97, 91, 76, 10, 30, 21, 45, 71, 64, 1, 23, 17, 83, 24, 14, 60, 36, 6, 57, 94, 88, 65, 56, 79, 40, 67, 68, 46, 75, 39, 9, 19, 32, 81, 96, 27, 62, 87, 90, 99, 59, 11, 16, 72, 73, 70, 38, 37, 84, 3, 92, 25, 55, 28, 29, 51, 7, 33, 61, 86, 48, 89, 50, 66, 41, 53, 80, 4, 8, 34, 74, 52, 2, 13, 0, 49, 69]|[1, 1, 0, 1, 1, 1, 2, 1, 2, 1, 2, 2, 2, 1, 1, 0, 0, 1, 0, 2, 2, 0, 1, 2, 0, 1, 2, 2, 0, 0, 1, 2, 1, 2, 1, 0, 2, 0, 1, 1, 0, 1, 1, 1, 0, 2, 1, 1, 0, 0, 0, 0, 1, 1, 2, 1, 2, 0, 0, 0, 2, 1, 0, 1, 2, 1, 2, 1, 1, 1, 1, 1, 2, 0, 1, 1, 0, 0, 0, 1, 2, 1, 0, 0, 1, 0, 2, 0, 0, 0, 0, 1, 2, 2, 1, 0, 0, 0, 0, 1]|[4, 3, 2, 2, 0, 0, 2, 2, 2, 4, 1, 1, 2, 4, 4, 1, 1, 4, 2, 1, 1, 1, 1, 2, 1, 2, 1, 1, 1, 1, 3, 2, 3, 0, 4, 0, 1, 1, 0, 3, 2, 2, 4, 0, 1, 1, 0, 2, 0, 1, 2, 2, 1, 4, 0, 3, 2, 1, 1, 2, 1, 3, 1, 1, 1, 3, 1, 4, 3, 1, 4, 1, 1, 2, 4, 4, 2, 1, 1, 3, 1, 3, 1, 1, 1, 1, 1, 1, 2, 1, 2, 3, 1, 1, 1, 2, 2, 2, 1, 3]|[0, 2, 1, 1, 3, 3, 0, 1, 0, 0, 0, 0, 1, 0, 1, 0, 0, 3, 1, 0, 0, 0, 3, 1, 0, 2, 0, 0, 0, 1, 0, 0, 0, 0, 3, 0, 1, 0, 0, 2, 1, 1, 2, 0, 0, 0, 0, 1, 1, 0, 0, 0, 1, 3, 0, 0, 1, 0, 0, 1, 0, 2, 0, 1, 0, 2, 0, 0, 0, 1, 1, 3, 0, 1, 3, 3, 1, 0, 0, 2, 0, 0, 0, 0, 1, 0, 0, 0, 1, 0, 1, 2, 0, 0, 1, 0, 0, 0, 1, 0],790.4602850035623,57399.87624123609,89878.87144156093,true
40,G2_TEC,G2_TEC,[31, 22, 82, 15, 26, 9, 95, 42, 77, 68, 47, 5, 93, 78, 86, 54, 85, 63, 18, 44, 20, 49, 36, 14, 74, 50, 53, 17, 21, 28, 11, 64, 3, 23, 30, 83, 24, 41, 40, 52, 65, 27, 90, 70, 39, 87, 48, 69, 99, 4, 46, 1, 13, 58, 97, 59, 45, 8, 73, 37, 35, 79, 71, 66, 76, 32, 60, 80, 56, 6, 67, 61, 33, 7, 57, 34, 12, 16, 10, 98, 96, 88, 2, 75, 91, 43, 84, 92, 29, 19, 51, 55, 81, 89, 25, 72, 94, 38, 0, 62]|[2, 1, 2, 1, 1, 2, 1, 1, 1, 1, 1, 0, 2, 2, 1, 2, 0, 0, 0, 2, 2, 1, 0, 2, 0, 2, 2, 1, 0, 1, 1, 1, 0, 0, 1, 0, 2, 1, 2, 2, 0, 0, 1, 1, 0, 2, 0, 2, 1, 0, 0, 2, 0, 0, 2, 0, 1, 1, 0, 0, 2, 1, 1, 2, 2, 0, 2, 2, 2, 1, 2, 1, 1, 2, 0, 1, 1, 2, 1, 2, 0, 1, 0, 0, 1, 1, 0, 0, 1, 1, 1, 0, 1, 1, 1, 1, 2, 0, 2, 1]|[0, 3, 0, 3, 4, 1, 4, 4, 2, 4, 3, 2, 1, 0, 2, 1, 1, 1, 2, 1, 1, 3, 0, 1, 0, 1, 1, 4, 1, 4, 3, 2, 2, 0, 4, 1, 1, 4, 1, 1, 2, 1, 4, 4, 1, 1, 0, 2, 3, 2, 2, 1, 2, 1, 1, 2, 4, 3, 0, 2, 1, 3, 3, 1, 1, 2, 1, 1, 1, 4, 1, 3, 4, 1, 2, 4, 3, 1, 3, 1, 2, 4, 2, 2, 3, 4, 2, 2, 3, 4, 3, 2, 4, 4, 4, 4, 1, 2, 1, 3]|[0, 2, 0, 0, 3, 0, 1, 3, 0, 0, 2, 0, 1, 0, 1, 0, 0, 0, 1, 0, 0, 2, 0, 0, 1, 0, 0, 3, 0, 1, 0, 2, 0, 0, 3, 0, 1, 1, 0, 0, 0, 0, 1, 3, 0, 0, 1, 0, 2, 0, 0, 0, 0, 0, 1, 0, 1, 0, 1, 1, 0, 2, 0, 0, 0, 0, 0, 0, 0, 2, 0, 0, 1, 0, 0, 1, 0, 0, 3, 0, 0, 1, 0, 0, 0, 2, 0, 0, 3, 1, 0, 0, 2, 1, 3, 1, 0, 0, 0, 0],914.0597544875216,49177.57411962909,107642.75205892837,false
40,G3_TWC,G4_BALANCED,[31, 22, 82, 15, 26, 58, 95, 42, 77, 12, 47, 5, 93, 78, 98, 54, 85, 63, 18, 44, 20, 35, 43, 97, 91, 76, 10, 30, 21, 45, 71, 64, 1, 23, 17, 83, 24, 14, 60, 36, 6, 57, 94, 88, 65, 56, 79, 40, 67, 68, 46, 75, 38, 9, 19, 32, 81, 41, 27, 62, 87, 90, 99, 59, 11, 16, 72, 73, 70, 39, 37, 84, 3, 92, 25, 55, 28, 29, 51, 7, 33, 61, 86, 48, 89, 34, 69, 96, 53, 80, 4, 8, 50, 49, 52, 0, 13, 2, 66, 74]|[1, 1, 0, 1, 1, 1, 2, 1, 2, 1, 2, 2, 2, 1, 1, 0, 0, 1, 0, 2, 2, 0, 1, 2, 0, 1, 2, 2, 0, 0, 1, 2, 1, 2, 1, 0, 2, 0, 1, 1, 0, 1, 1, 1, 0, 2, 1, 1, 0, 0, 0, 0, 1, 1, 2, 1, 2, 0, 0, 0, 2, 1, 0, 1, 2, 1, 2, 1, 1, 1, 1, 1, 2, 0, 1, 1, 0, 0, 0, 1, 2, 1, 0, 0, 1, 2, 1, 0, 0, 0, 0, 1, 0, 0, 1, 0, 0, 0, 2, 2]|[4, 3, 2, 2, 0, 0, 2, 2, 2, 4, 1, 1, 2, 4, 4, 1, 1, 4, 2, 1, 1, 1, 1, 2, 1, 2, 1, 1, 1, 1, 3, 2, 3, 0, 4, 0, 1, 1, 0, 3, 2, 2, 4, 0, 1, 1, 0, 2, 0, 1, 2, 2, 1, 4, 0, 3, 2, 1, 1, 2, 1, 3, 1, 1, 1, 3, 0, 4, 3, 1, 4, 1, 1, 2, 4, 4, 2, 1, 1, 3, 1, 3, 1, 1, 1, 1, 3, 1, 2, 1, 2, 3, 1, 1, 1, 2, 2, 2, 1, 1]|[0, 2, 1, 1, 3, 3, 0, 1, 0, 0, 0, 0, 1, 0, 1, 0, 0, 3, 1, 0, 0, 0, 3, 1, 0, 2, 0, 0, 0, 1, 0, 0, 0, 0, 3, 0, 1, 0, 0, 2, 1, 1, 2, 0, 0, 0, 0, 1, 1, 0, 0, 0, 1, 3, 0, 0, 1, 0, 0, 1, 0, 2, 0, 1, 0, 2, 1, 0, 0, 1, 1, 3, 0, 1, 3, 3, 1, 0, 0, 2, 0, 0, 0, 0, 1, 0, 0, 0, 1, 0, 1, 2, 0, 1, 1, 0, 0, 0, 0, 0],790.1921483697682,57957.04840138768,88951.83199580385,true
40,G1_CMAX,G3_TWC,[31, 22, 82, 15, 26, 58, 95, 42, 77, 12, 47, 5, 93, 78, 98, 54, 85, 63, 18, 44, 20, 35, 43, 97, 91, 76, 10, 30, 21, 45, 71, 64, 1, 23, 17, 83, 24, 14, 60, 36, 6, 57, 94, 88, 65, 56, 79, 40, 67, 68, 46, 75, 38, 9, 19, 32, 81, 96, 27, 62, 87, 90, 99, 59, 11, 16, 72, 73, 70, 39, 37, 84, 3, 92, 25, 55, 28, 29, 51, 7, 33, 61, 86, 48, 89, 50, 69, 41, 53, 80, 4, 8, 34, 49, 52, 0, 13, 2, 66, 74]|[1, 1, 0, 1, 1, 1, 2, 1, 2, 1, 2, 2, 2, 1, 1, 0, 0, 1, 0, 2, 2, 0, 1, 2, 0, 1, 2, 2, 0, 0, 1, 2, 1, 2, 1, 0, 2, 0, 1, 1, 0, 1, 1, 1, 0, 2, 1, 1, 0, 0, 0, 0, 1, 1, 2, 1, 2, 0, 0, 0, 2, 1, 0, 1, 2, 1, 2, 1, 1, 1, 1, 1, 2, 0, 1, 1, 0, 0, 0, 1, 2, 1, 0, 0, 1, 0, 1, 0, 0, 0, 0, 1, 2, 0, 1, 0, 0, 0, 2, 2]|[4, 3, 2, 2, 0, 0, 2, 2, 2, 4, 1, 1, 2, 4, 4, 1, 1, 4, 2, 1, 1, 1, 1, 2, 1, 2, 1, 1, 1, 1, 3, 2, 3, 0, 4, 0, 1, 1, 0, 3, 2, 2, 4, 0, 1, 1, 0, 2, 0, 1, 2, 2, 1, 4, 0, 3, 2, 1, 1, 2, 1, 3, 1, 1, 1, 3, 0, 4, 3, 1, 4, 1, 1, 2, 4, 4, 2, 1, 1, 3, 1, 3, 1, 1, 1, 1, 3, 1, 2, 1, 2, 3, 1, 1, 1, 2, 2, 2, 1, 1]|[0, 2, 1, 1, 3, 3, 0, 1, 0, 0, 0, 0, 1, 0, 1, 0, 0, 3, 1, 0, 0, 0, 3, 1, 0, 2, 0, 0, 0, 1, 0, 0, 0, 0, 3, 0, 1, 0, 0, 2, 1, 1, 2, 0, 0, 0, 0, 1, 1, 0, 0, 0, 1, 3, 0, 0, 1, 0, 0, 1, 0, 2, 0, 1, 0, 2, 1, 0, 0, 1, 1, 3, 0, 1, 3, 3, 1, 0, 0, 2, 0, 0, 0, 0, 1, 0, 0, 0, 1, 0, 1, 2, 0, 1, 1, 0, 0, 0, 0, 0],790.0799945868791,57958.64212454981,88955.2512286296,true
40,G4_BALANCED,G3_TWC,[31, 22, 82, 15, 26, 58, 95, 42, 77, 12, 47, 5, 93, 78, 98, 54, 85, 63, 18, 44, 20, 35, 43, 97, 91, 76, 10, 30, 21, 45, 71, 64, 1, 23, 17, 83, 24, 14, 60, 36, 6, 57, 94, 88, 65, 56, 79, 40, 67, 68, 46, 75, 39, 9, 19, 32, 81, 96, 27, 62, 87, 90, 99, 59, 11, 16, 72, 73, 70, 38, 37, 84, 3, 92, 25, 55, 28, 29, 51, 7, 33, 61, 86, 48, 89, 50, 66, 41, 53, 80, 4, 8, 34, 74, 52, 2, 13, 0, 49, 69]|[1, 1, 0, 1, 1, 1, 2, 1, 2, 1, 2, 2, 2, 1, 1, 0, 0, 1, 0, 2, 2, 0, 1, 2, 0, 1, 2, 2, 0, 0, 1, 2, 1, 2, 1, 0, 2, 0, 1, 1, 0, 1, 1, 1, 0, 2, 1, 1, 0, 0, 0, 0, 1, 1, 2, 1, 2, 0, 0, 0, 2, 1, 0, 1, 2, 1, 2, 1, 1, 1, 1, 1, 2, 0, 1, 1, 0, 0, 0, 1, 2, 1, 0, 0, 1, 0, 2, 0, 0, 0, 0, 1, 2, 2, 1, 0, 0, 0, 0, 1]|[4, 3, 2, 2, 0, 0, 2, 2, 2, 4, 1, 1, 2, 4, 4, 1, 1, 4, 2, 1, 1, 1, 1, 2, 1, 2, 1, 1, 1, 1, 3, 2, 3, 0, 4, 0, 1, 1, 0, 3, 2, 2, 4, 0, 1, 1, 0, 2, 0, 1, 2, 2, 1, 4, 0, 3, 2, 1, 1, 2, 1, 3, 1, 1, 1, 3, 1, 4, 3, 1, 4, 1, 1, 2, 4, 4, 2, 1, 1, 3, 1, 3, 1, 1, 1, 1, 1, 1, 2, 1, 2, 3, 1, 1, 1, 2, 2, 2, 1, 3]|[0, 2, 1, 1, 3, 3, 0, 1, 0, 0, 0, 0, 1, 0, 1, 0, 0, 3, 1, 0, 0, 0, 3, 1, 0, 2, 0, 0, 0, 1, 0, 0, 0, 0, 3, 0, 1, 0, 0, 2, 1, 1, 2, 0, 0, 0, 0, 1, 1, 0, 0, 0, 1, 3, 0, 0, 1, 0, 0, 1, 0, 2, 0, 1, 0, 2, 0, 0, 0, 1, 1, 3, 0, 1, 3, 3, 1, 0, 0, 2, 0, 0, 0, 0, 1, 0, 0, 0, 1, 0, 1, 2, 0, 0, 1, 0, 0, 0, 1, 0],790.4602850035623,57399.87624123609,89878.87144156093,true
40,G2_TEC,G2_TEC,[31, 22, 82, 15, 26, 9, 95, 42, 77, 68, 47, 5, 93, 78, 86, 54, 85, 63, 18, 44, 20, 49, 36, 14, 74, 50, 53, 17, 21, 28, 11, 64, 3, 23, 30, 83, 24, 41, 40, 52, 65, 27, 90, 70, 39, 87, 48, 69, 99, 4, 46, 1, 13, 58, 97, 59, 45, 8, 73, 37, 35, 79, 71, 66, 76, 32, 60, 80, 56, 6, 67, 61, 33, 7, 57, 34, 12, 16, 10, 98, 96, 88, 2, 75, 91, 43, 84, 92, 29, 19, 51, 55, 81, 89, 25, 72, 94, 38, 0, 62]|[2, 1, 2, 1, 1, 2, 1, 1, 1, 1, 1, 0, 2, 2, 1, 2, 0, 0, 0, 2, 2, 1, 0, 2, 0, 2, 2, 1, 0, 1, 1, 1, 0, 0, 1, 0, 2, 1, 2, 2, 0, 0, 1, 1, 0, 2, 0, 2, 1, 0, 0, 2, 0, 0, 2, 0, 1, 1, 0, 0, 2, 1, 1, 2, 2, 0, 2, 2, 2, 1, 2, 1, 1, 2, 0, 1, 1, 2, 1, 2, 0, 1, 0, 0, 1, 1, 0, 0, 1, 1, 1, 0, 1, 1, 1, 1, 2, 0, 2, 1]|[0, 3, 0, 3, 4, 1, 4, 4, 2, 4, 3, 2, 1, 0, 2, 1, 1, 1, 2, 1, 1, 3, 0, 1, 0, 1, 1, 4, 1, 4, 3, 2, 2, 0, 4, 1, 1, 4, 1, 1, 2, 1, 4, 4, 1, 1, 0, 2, 3, 2, 2, 1, 2, 1, 1, 2, 4, 3, 0, 2, 1, 3, 3, 1, 1, 2, 1, 1, 1, 4, 1, 3, 4, 1, 2, 4, 3, 1, 3, 1, 2, 4, 2, 2, 3, 4, 2, 2, 3, 4, 3, 2, 4, 4, 4, 4, 1, 2, 1, 3]|[0, 2, 0, 0, 3, 0, 1, 3, 0, 0, 2, 0, 1, 0, 1, 0, 0, 0, 1, 0, 0, 2, 0, 0, 1, 0, 0, 3, 0, 1, 0, 2, 0, 0, 3, 0, 1, 1, 0, 0, 0, 0, 1, 3, 0, 0, 1, 0, 2, 0, 0, 0, 0, 0, 1, 0, 1, 0, 1, 1, 0, 2, 0, 0, 0, 0, 0, 0, 0, 2, 0, 0, 1, 0, 0, 1, 0, 0, 3, 0, 0, 1, 0, 0, 0, 2, 0, 0, 3, 1, 0, 0, 2, 1, 3, 1, 0, 0, 0, 0],914.0597544875216,49177.57411962909,107642.75205892837,false
40,G3_TWC,G4_BALANCED,[31, 22, 82, 15, 26, 58, 95, 42, 77, 12, 47, 5, 93, 78, 98, 54, 85, 63, 18, 44, 20, 35, 43, 97, 91, 76, 10, 30, 21, 45, 71, 64, 1, 23, 17, 83, 24, 14, 60, 36, 6, 57, 94, 88, 65, 56, 79, 40, 67, 68, 46, 75, 38, 9, 19, 32, 81, 41, 27, 62, 87, 90, 99, 59, 11, 16, 72, 73, 70, 39, 37, 84, 3, 92, 25, 55, 28, 29, 51, 7, 33, 61, 86, 48, 89, 34, 69, 96, 53, 80, 4, 8, 50, 49, 52, 0, 13, 2, 66, 74]|[1, 1, 0, 1, 1, 1, 2, 1, 2, 1, 2, 2, 2, 1, 1, 0, 0, 1, 0, 2, 2, 0, 1, 2, 0, 1, 2, 2, 0, 0, 1, 2, 1, 2, 1, 0, 2, 0, 1, 1, 0, 1, 1, 1, 0, 2, 1, 1, 0, 0, 0, 0, 1, 1, 2, 1, 2, 0, 0, 0, 2, 1, 0, 1, 2, 1, 2, 1, 1, 1, 1, 1, 2, 0, 1, 1, 0, 0, 0, 1, 2, 1, 0, 0, 1, 2, 1, 0, 0, 0, 0, 1, 0, 0, 1, 0, 0, 0, 2, 2]|[4, 3, 2, 2, 0, 0, 2, 2, 2, 4, 1, 1, 2, 4, 4, 1, 1, 4, 2, 1, 1, 1, 1, 2, 1, 2, 1, 1, 1, 1, 3, 2, 3, 0, 4, 0, 1, 1, 0, 3, 2, 2, 4, 0, 1, 1, 0, 2, 0, 1, 2, 2, 1, 4, 0, 3, 2, 1, 1, 2, 1, 3, 1, 1, 1, 3, 0, 4, 3, 1, 4, 1, 1, 2, 4, 4, 2, 1, 1, 3, 1, 3, 1, 1, 1, 1, 3, 1, 2, 1, 2, 3, 1, 1, 1, 2, 2, 2, 1, 1]|[0, 2, 1, 1, 3, 3, 0, 1, 0, 0, 0, 0, 1, 0, 1, 0, 0, 3, 1, 0, 0, 0, 3, 1, 0, 2, 0, 0, 0, 1, 0, 0, 0, 0, 3, 0, 1, 0, 0, 2, 1, 1, 2, 0, 0, 0, 0, 1, 1, 0, 0, 0, 1, 3, 0, 0, 1, 0, 0, 1, 0, 2, 0, 1, 0, 2, 1, 0, 0, 1, 1, 3, 0, 1, 3, 3, 1, 0, 0, 2, 0, 0, 0, 0, 1, 0, 0, 0, 1, 0, 1, 2, 0, 1, 1, 0, 0, 0, 0, 0],790.1921483697682,57957.04840138768,88951.83199580385,true
40,G1_CMAX,G4_BALANCED,[31, 22, 82, 15, 26, 58, 95, 42, 77, 12, 47, 5, 93, 78, 86, 54, 85, 63, 18, 72, 20, 35, 43, 97, 91, 76, 10, 30, 21, 45, 71, 64, 1, 23, 17, 83, 24, 14, 60, 36, 6, 57, 40, 88, 65, 56, 79, 94, 67, 41, 68, 75, 38, 9, 19, 32, 81, 55, 27, 62, 87, 90, 99, 59, 11, 16, 44, 73, 70, 39, 37, 84, 3, 92, 25, 46, 28, 29, 51, 7, 66, 61, 98, 48, 89, 50, 4, 96, 53, 80, 8, 33, 34, 2, 52, 13, 0, 69, 74, 49]|[1, 1, 0, 1, 1, 0, 1, 1, 2, 1, 2, 2, 2, 1, 1, 0, 0, 1, 0, 2, 2, 0, 1, 2, 0, 1, 2, 2, 0, 0, 1, 2, 1, 2, 1, 0, 2, 0, 1, 1, 0, 1, 1, 1, 0, 2, 1, 1, 0, 0, 0, 0, 1, 1, 2, 1, 2, 0, 0, 2, 2, 1, 1, 2, 2, 1, 2, 1, 1, 1, 1, 1, 1, 0, 1, 0, 0, 0, 0, 1, 2, 1, 2, 0, 1, 0, 1, 2, 0, 0, 1, 2, 2, 0, 1, 0, 0, 1, 2, 0]|[4, 3, 2, 2, 4, 1, 2, 3, 2, 4, 1, 1, 2, 4, 4, 1, 2, 4, 2, 1, 1, 1, 1, 2, 1, 2, 1, 1, 2, 1, 3, 2, 3, 1, 4, 0, 1, 1, 0, 3, 2, 2, 2, 0, 1, 1, 0, 4, 0, 1, 2, 2, 1, 4, 0, 3, 2, 1, 1, 1, 1, 3, 1, 1, 1, 3, 1, 4, 3, 1, 4, 1, 1, 0, 4, 2, 2, 1, 1, 1, 1, 3, 1, 1, 1, 1, 4, 1, 2, 1, 3, 1, 1, 2, 1, 2, 2, 4, 1, 1]|[0, 2, 1, 1, 3, 0, 1, 3, 0, 0, 0, 0, 1, 0, 1, 0, 0, 3, 1, 0, 0, 0, 3, 1, 0, 2, 0, 0, 0, 1, 0, 0, 0, 0, 3, 0, 1, 0, 0, 2, 1, 1, 1, 0, 0, 0, 0, 2, 1, 0, 0, 0, 1, 3, 0, 0, 1, 0, 0, 0, 0, 2, 1, 0, 0, 2, 0, 0, 0, 1, 1, 3, 1, 1, 3, 0, 1, 0, 0, 2, 0, 0, 0, 0, 1, 0, 0, 0, 1, 0, 2, 0, 0, 0, 1, 0, 0, 2, 0, 1],747.1438989226004,55733.55354576636,94625.20584372425,true
40,G4_BALANCED,G3_TWC,[31, 22, 82, 15, 26, 58, 95, 42, 77, 12, 47, 5, 93, 78, 98, 54, 85, 63, 18, 44, 20, 35, 43, 97, 91, 76, 10, 30, 21, 45, 71, 64, 1, 23, 17, 83, 24, 14, 60, 36, 6, 57, 94, 88, 65, 56, 79, 40, 67, 68, 46, 75, 39, 9, 19, 32, 81, 96, 27, 62, 87, 90, 99, 59, 11, 16, 72, 73, 70, 38, 37, 84, 3, 92, 25, 55, 28, 29, 51, 7, 33, 61, 86, 48, 89, 50, 66, 41, 53, 80, 4, 8, 34, 74, 52, 2, 13, 0, 49, 69]|[1, 1, 0, 1, 1, 1, 2, 1, 2, 1, 2, 2, 2, 1, 1, 0, 0, 1, 0, 2, 2, 0, 1, 2, 0, 1, 2, 2, 0, 0, 1, 2, 1, 2, 1, 0, 2, 0, 1, 1, 0, 1, 1, 1, 0, 2, 1, 1, 0, 0, 0, 0, 1, 1, 2, 1, 2, 0, 0, 0, 2, 1, 0, 1, 2, 1, 2, 1, 1, 1, 1, 1, 2, 0, 1, 1, 0, 0, 0, 1, 2, 1, 0, 0, 1, 0, 2, 0, 0, 0, 0, 1, 2, 2, 1, 0, 0, 0, 0, 1]|[4, 3, 2, 2, 0, 0, 2, 2, 2, 4, 1, 1, 2, 4, 4, 1, 1, 4, 2, 1, 1, 1, 1, 2, 1, 2, 1, 1, 1, 1, 3, 2, 3, 0, 4, 0, 1, 1, 0, 3, 2, 2, 4, 0, 1, 1, 0, 2, 0, 1, 2, 2, 1, 4, 0, 3, 2, 1, 1, 2, 1, 3, 1, 1, 1, 3, 1, 4, 3, 1, 4, 1, 1, 2, 4, 4, 2, 1, 1, 3, 1, 3, 1, 1, 1, 1, 1, 1, 2, 1, 2, 3, 1, 1, 1, 2, 2, 2, 1, 3]|[0, 2, 1, 1, 3, 3, 0, 1, 0, 0, 0, 0, 1, 0, 1, 0, 0, 3, 1, 0, 0, 0, 3, 1, 0, 2, 0, 0, 0, 1, 0, 0, 0, 0, 3, 0, 1, 0, 0, 2, 1, 1, 2, 0, 0, 0, 0, 1, 1, 0, 0, 0, 1, 3, 0, 0, 1, 0, 0, 1, 0, 2, 0, 1, 0, 2, 0, 0, 0, 1, 1, 3, 0, 1, 3, 3, 1, 0, 0, 2, 0, 0, 0, 0, 1, 0, 0, 0, 1, 0, 1, 2, 0, 0, 1, 0, 0, 0, 1, 0],790.4602850035623,57399.87624123609,89878.87144156093,true
40,G2_TEC,G2_TEC,[31, 22, 82, 15, 26, 9, 95, 42, 77, 68, 47, 5, 93, 78, 86, 54, 85, 63, 18, 44, 20, 49, 36, 14, 74, 50, 53, 17, 21, 28, 11, 64, 3, 23, 30, 83, 24, 41, 40, 52, 65, 27, 90, 70, 39, 87, 48, 69, 99, 4, 46, 1, 13, 58, 97, 59, 45, 8, 73, 37, 35, 79, 71, 66, 76, 32, 60, 80, 56, 6, 67, 61, 33, 7, 57, 34, 12, 16, 10, 98, 96, 88, 2, 75, 91, 43, 84, 92, 29, 19, 51, 55, 81, 89, 25, 72, 94, 38, 0, 62]|[2, 1, 2, 1, 1, 2, 1, 1, 1, 1, 1, 0, 2, 2, 1, 2, 0, 0, 0, 2, 2, 1, 0, 2, 0, 2, 2, 1, 0, 1, 1, 1, 0, 0, 1, 0, 2, 1, 2, 2, 0, 0, 1, 1, 0, 2, 0, 2, 1, 0, 0, 2, 0, 0, 2, 0, 1, 1, 0, 0, 2, 1, 1, 2, 2, 0, 2, 2, 2, 1, 2, 1, 1, 2, 0, 1, 1, 2, 1, 2, 0, 1, 0, 0, 1, 1, 0, 0, 1, 1, 1, 0, 1, 1, 1, 1, 2, 0, 2, 1]|[0, 3, 0, 3, 4, 1, 4, 4, 2, 4, 3, 2, 1, 0, 2, 1, 1, 1, 2, 1, 1, 3, 0, 1, 0, 1, 1, 4, 1, 4, 3, 2, 2, 0, 4, 1, 1, 4, 1, 1, 2, 1, 4, 4, 1, 1, 0, 2, 3, 2, 2, 1, 2, 1, 1, 2, 4, 3, 0, 2, 1, 3, 3, 1, 1, 2, 1, 1, 1, 4, 1, 3, 4, 1, 2, 4, 3, 1, 3, 1, 2, 4, 2, 2, 3, 4, 2, 2, 3, 4, 3, 2, 4, 4, 4, 4, 1, 2, 1, 3]|[0, 2, 0, 0, 3, 0, 1, 3, 0, 0, 2, 0, 1, 0, 1, 0, 0, 0, 1, 0, 0, 2, 0, 0, 1, 0, 0, 3, 0, 1, 0, 2, 0, 0, 3, 0, 1, 1, 0, 0, 0, 0, 1, 3, 0, 0, 1, 0, 2, 0, 0, 0, 0, 0, 1, 0, 1, 0, 1, 1, 0, 2, 0, 0, 0, 0, 0, 0, 0, 2, 0, 0, 1, 0, 0, 1, 0, 0, 3, 0, 0, 1, 0, 0, 0, 2, 0, 0, 3, 1, 0, 0, 2, 1, 3, 1, 0, 0, 0, 0],914.0597544875216,49177.57411962909,107642.75205892837,false
40,G3_TWC,G4_BALANCED,[31, 22, 82, 15, 26, 58, 95, 42, 77, 12, 47, 5, 93, 78, 98, 54, 85, 63, 18, 44, 20, 35, 43, 97, 91, 76, 10, 30, 21, 45, 71, 64, 1, 23, 17, 83, 24, 14, 60, 36, 6, 57, 94, 88, 65, 56, 79, 40, 67, 68, 46, 75, 38, 9, 19, 32, 81, 41, 27, 62, 87, 90, 99, 59, 11, 16, 72, 73, 70, 39, 37, 84, 3, 92, 25, 55, 28, 29, 51, 7, 33, 61, 86, 48, 89, 34, 69, 96, 53, 80, 4, 8, 50, 49, 52, 0, 13, 2, 66, 74]|[1, 1, 0, 1, 1, 1, 2, 1, 2, 1, 2, 2, 2, 1, 1, 0, 0, 1, 0, 2, 2, 0, 1, 2, 0, 1, 2, 2, 0, 0, 1, 2, 1, 2, 1, 0, 2, 0, 1, 1, 0, 1, 1, 1, 0, 2, 1, 1, 0, 0, 0, 0, 1, 1, 2, 1, 2, 0, 0, 0, 2, 1, 0, 1, 2, 1, 2, 1, 1, 1, 1, 1, 2, 0, 1, 1, 0, 0, 0, 1, 2, 1, 0, 0, 1, 2, 1, 0, 0, 0, 0, 1, 0, 0, 1, 0, 0, 0, 2, 2]|[4, 3, 2, 2, 0, 0, 2, 2, 2, 4, 1, 1, 2, 4, 4, 1, 1, 4, 2, 1, 1, 1, 1, 2, 1, 2, 1, 1, 1, 1, 3, 2, 3, 0, 4, 0, 1, 1, 0, 3, 2, 2, 4, 0, 1, 1, 0, 2, 0, 1, 2, 2, 1, 4, 0, 3, 2, 1, 1, 2, 1, 3, 1, 1, 1, 3, 0, 4, 3, 1, 4, 1, 1, 2, 4, 4, 2, 1, 1, 3, 1, 3, 1, 1, 1, 1, 3, 1, 2, 1, 2, 3, 1, 1, 1, 2, 2, 2, 1, 1]|[0, 2, 1, 1, 3, 3, 0, 1, 0, 0, 0, 0, 1, 0, 1, 0, 0, 3, 1, 0, 0, 0, 3, 1, 0, 2, 0, 0, 0, 1, 0, 0, 0, 0, 3, 0, 1, 0, 0, 2, 1, 1, 2, 0, 0, 0, 0, 1, 1, 0, 0, 0, 1, 3, 0, 0, 1, 0, 0, 1, 0, 2, 0, 1, 0, 2, 1, 0, 0, 1, 1, 3, 0, 1, 3, 3, 1, 0, 0, 2, 0, 0, 0, 0, 1, 0, 0, 0, 1, 0, 1, 2, 0, 1, 1, 0, 0, 0, 0, 0],790.1921483697682,57957.04840138768,88951.83199580385,true
40,G1_CMAX,G1_CMAX,[31, 22, 82, 15, 26, 99, 95, 42, 77, 12, 47, 5, 93, 78, 86, 54, 21, 63, 18, 44, 20, 35, 43, 97, 91, 76, 10, 30, 85, 45, 71, 64, 1, 23, 57, 83, 24, 14, 60, 36, 6, 17, 40, 88, 65, 56, 79, 94, 67, 68, 46, 75, 38, 9, 19, 32, 41, 81, 27, 87, 90, 58, 59, 11, 16, 72, 73, 70, 39, 37, 84, 3, 92, 62, 25, 55, 28, 29, 51, 7, 33, 61, 48, 66, 89, 50, 98, 96, 53, 80, 4, 8, 34, 49, 52, 0, 13, 2, 69, 74]|[1, 1, 0, 1, 1, 0, 1, 1, 2, 1, 2, 2, 2, 1, 1, 0, 0, 1, 0, 2, 2, 0, 1, 2, 0, 1, 2, 2, 0, 0, 1, 2, 1, 2, 1, 0, 2, 0, 1, 1, 0, 1, 1, 1, 0, 2, 1, 1, 0, 0, 0, 0, 1, 1, 2, 1, 0, 2, 0, 2, 1, 0, 1, 2, 1, 2, 1, 1, 1, 1, 1, 1, 0, 0, 1, 2, 0, 0, 0, 2, 2, 1, 0, 2, 1, 0, 2, 2, 0, 0, 1, 1, 2, 0, 1, 0, 0, 0, 1, 2]|[4, 3, 2, 2, 4, 1, 2, 3, 2, 4, 1, 1, 2, 4, 4, 1, 1, 4, 2, 1, 1, 1, 1, 2, 1, 2, 1, 1, 2, 1, 3, 2, 3, 1, 4, 0, 1, 1, 0, 3, 2, 2, 2, 0, 1, 1, 0, 4, 0, 1, 2, 2, 1, 4, 0, 3, 1, 1, 1, 1, 3, 1, 1, 1, 3, 0, 4, 3, 1, 4, 1, 1, 2, 2, 4, 1, 2, 1, 1, 1, 1, 3, 1, 1, 1, 1, 1, 1, 2, 1, 4, 3, 1, 1, 1, 2, 2, 2, 4, 1]|[0, 2, 1, 1, 3, 0, 1, 3, 0, 0, 0, 0, 1, 0, 1, 0, 0, 3, 1, 0, 0, 0, 3, 1, 0, 2, 0, 0, 0, 1, 0, 0, 0, 0, 3, 0, 1, 0, 0, 2, 1, 1, 1, 0, 0, 0, 0, 2, 1, 0, 0, 0, 1, 3, 0, 0, 0, 0, 0, 0, 2, 0, 1, 0, 2, 1, 0, 0, 1, 1, 3, 1, 1, 1, 3, 0, 1, 0, 0, 0, 0, 0, 0, 0, 1, 0, 0, 0, 1, 0, 0, 2, 0, 1, 1, 0, 0, 0, 2, 0],734.7453063916988,56263.92028463015,92350.96868886708,false
40,G4_BALANCED,G3_TWC,[31, 22, 82, 15, 26, 58, 95, 42, 77, 12, 47, 5, 93, 78, 98, 54, 85, 63, 18, 44, 20, 35, 43, 97, 91, 76, 10, 30, 21, 45, 71, 64, 1, 23, 17, 83, 24, 14, 60, 36, 6, 57, 94, 88, 65, 56, 79, 40, 67, 68, 46, 75, 39, 9, 19, 32, 81, 96, 27, 62, 87, 90, 99, 59, 11, 16, 72, 73, 70, 38, 37, 84, 3, 92, 25, 55, 28, 29, 51, 7, 33, 61, 86, 48, 89, 50, 66, 41, 53, 80, 4, 8, 34, 74, 52, 2, 13, 0, 49, 69]|[1, 1, 0, 1, 1, 1, 2, 1, 2, 1, 2, 2, 2, 1, 1, 0, 0, 1, 0, 2, 2, 0, 1, 2, 0, 1, 2, 2, 0, 0, 1, 2, 1, 2, 1, 0, 2, 0, 1, 1, 0, 1, 1, 1, 0, 2, 1, 1, 0, 0, 0, 0, 1, 1, 2, 1, 2, 0, 0, 0, 2, 1, 0, 1, 2, 1, 2, 1, 1, 1, 1, 1, 2, 0, 1, 1, 0, 0, 0, 1, 2, 1, 0, 0, 1, 0, 2, 0, 0, 0, 0, 1, 2, 2, 1, 0, 0, 0, 0, 1]|[4, 3, 2, 2, 0, 0, 2, 2, 2, 4, 1, 1, 2, 4, 4, 1, 1, 4, 2, 1, 1, 1, 1, 2, 1, 2, 1, 1, 1, 1, 3, 2, 3, 0, 4, 0, 1, 1, 0, 3, 2, 2, 4, 0, 1, 1, 0, 2, 0, 1, 2, 2, 1, 4, 0, 3, 2, 1, 1, 2, 1, 3, 1, 1, 1, 3, 1, 4, 3, 1, 4, 1, 1, 2, 4, 4, 2, 1, 1, 3, 1, 3, 1, 1, 1, 1, 1, 1, 2, 1, 2, 3, 1, 1, 1, 2, 2, 2, 1, 3]|[0, 2, 1, 1, 3, 3, 0, 1, 0, 0, 0, 0, 1, 0, 1, 0, 0, 3, 1, 0, 0, 0, 3, 1, 0, 2, 0, 0, 0, 1, 0, 0, 0, 0, 3, 0, 1, 0, 0, 2, 1, 1, 2, 0, 0, 0, 0, 1, 1, 0, 0, 0, 1, 3, 0, 0, 1, 0, 0, 1, 0, 2, 0, 1, 0, 2, 0, 0, 0, 1, 1, 3, 0, 1, 3, 3, 1, 0, 0, 2, 0, 0, 0, 0, 1, 0, 0, 0, 1, 0, 1, 2, 0, 0, 1, 0, 0, 0, 1, 0],790.4602850035623,57399.87624123609,89878.87144156093,true
40,G2_TEC,G2_TEC,[31, 22, 82, 15, 26, 9, 95, 42, 77, 68, 47, 5, 93, 78, 86, 54, 85, 63, 18, 44, 20, 49, 36, 14, 74, 50, 53, 17, 21, 28, 11, 64, 3, 23, 30, 83, 24, 41, 40, 52, 65, 27, 90, 70, 39, 87, 48, 69, 99, 4, 46, 1, 13, 58, 97, 59, 45, 8, 73, 37, 35, 79, 71, 66, 76, 32, 60, 80, 56, 6, 67, 61, 33, 7, 57, 34, 12, 16, 10, 98, 96, 88, 2, 75, 91, 43, 84, 92, 29, 19, 51, 55, 81, 89, 25, 72, 94, 38, 0, 62]|[2, 1, 2, 1, 1, 2, 1, 1, 1, 1, 1, 0, 2, 2, 1, 2, 0, 0, 0, 2, 2, 1, 0, 2, 0, 2, 2, 1, 0, 1, 1, 1, 0, 0, 1, 0, 2, 1, 2, 2, 0, 0, 1, 1, 0, 2, 0, 2, 1, 0, 0, 2, 0, 0, 2, 0, 1, 1, 0, 0, 2, 1, 1, 2, 2, 0, 2, 2, 2, 1, 2, 1, 1, 2, 0, 1, 1, 2, 1, 2, 0, 1, 0, 0, 1, 1, 0, 0, 1, 1, 1, 0, 1, 1, 1, 1, 2, 0, 2, 1]|[0, 3, 0, 3, 4, 1, 4, 4, 2, 4, 3, 2, 1, 0, 2, 1, 1, 1, 2, 1, 1, 3, 0, 1, 0, 1, 1, 4, 1, 4, 3, 2, 2, 0, 4, 1, 1, 4, 1, 1, 2, 1, 4, 4, 1, 1, 0, 2, 3, 2, 2, 1, 2, 1, 1, 2, 4, 3, 0, 2, 1, 3, 3, 1, 1, 2, 1, 1, 1, 4, 1, 3, 4, 1, 2, 4, 3, 1, 3, 1, 2, 4, 2, 2, 3, 4, 2, 2, 3, 4, 3, 2, 4, 4, 4, 4, 1, 2, 1, 3]|[0, 2, 0, 0, 3, 0, 1, 3, 0, 0, 2, 0, 1, 0, 1, 0, 0, 0, 1, 0, 0, 2, 0, 0, 1, 0, 0, 3, 0, 1, 0, 2, 0, 0, 3, 0, 1, 1, 0, 0, 0, 0, 1, 3, 0, 0, 1, 0, 2, 0, 0, 0, 0, 0, 1, 0, 1, 0, 1, 1, 0, 2, 0, 0, 0, 0, 0, 0, 0, 2, 0, 0, 1, 0, 0, 1, 0, 0, 3, 0, 0, 1, 0, 0, 0, 2, 0, 0, 3, 1, 0, 0, 2, 1, 3, 1, 0, 0, 0, 0],914.0597544875216,49177.57411962909,107642.75205892837,false
40,G3_TWC,G4_BALANCED,[31, 22, 82, 15, 26, 58, 95, 42, 77, 12, 47, 5, 93, 78, 98, 54, 85, 63, 18, 44, 20, 35, 43, 97, 91, 76, 10, 30, 21, 45, 71, 64, 1, 23, 17, 83, 24, 14, 60, 36, 6, 57, 94, 88, 65, 56, 79, 40, 67, 68, 46, 75, 38, 9, 19, 32, 81, 41, 27, 62, 87, 90, 99, 59, 11, 16, 72, 73, 70, 39, 37, 84, 3, 92, 25, 55, 28, 29, 51, 7, 33, 61, 86, 48, 89, 34, 69, 96, 53, 80, 4, 8, 50, 49, 52, 0, 13, 2, 66, 74]|[1, 1, 0, 1, 1, 1, 2, 1, 2, 1, 2, 2, 2, 1, 1, 0, 0, 1, 0, 2, 2, 0, 1, 2, 0, 1, 2, 2, 0, 0, 1, 2, 1, 2, 1, 0, 2, 0, 1, 1, 0, 1, 1, 1, 0, 2, 1, 1, 0, 0, 0, 0, 1, 1, 2, 1, 2, 0, 0, 0, 2, 1, 0, 1, 2, 1, 2, 1, 1, 1, 1, 1, 2, 0, 1, 1, 0, 0, 0, 1, 2, 1, 0, 0, 1, 2, 1, 0, 0, 0, 0, 1, 0, 0, 1, 0, 0, 0, 2, 2]|[4, 3, 2, 2, 0, 0, 2, 2, 2, 4, 1, 1, 2, 4, 4, 1, 1, 4, 2, 1, 1, 1, 1, 2, 1, 2, 1, 1, 1, 1, 3, 2, 3, 0, 4, 0, 1, 1, 0, 3, 2, 2, 4, 0, 1, 1, 0, 2, 0, 1, 2, 2, 1, 4, 0, 3, 2, 1, 1, 2, 1, 3, 1, 1, 1, 3, 0, 4, 3, 1, 4, 1, 1, 2, 4, 4, 2, 1, 1, 3, 1, 3, 1, 1, 1, 1, 3, 1, 2, 1, 2, 3, 1, 1, 1, 2, 2, 2, 1, 1]|[0, 2, 1, 1, 3, 3, 0, 1, 0, 0, 0, 0, 1, 0, 1, 0, 0, 3, 1, 0, 0, 0, 3, 1, 0, 2, 0, 0, 0, 1, 0, 0, 0, 0, 3, 0, 1, 0, 0, 2, 1, 1, 2, 0, 0, 0, 0, 1, 1, 0, 0, 0, 1, 3, 0, 0, 1, 0, 0, 1, 0, 2, 0, 1, 0, 2, 1, 0, 0, 1, 1, 3, 0, 1, 3, 3, 1, 0, 0, 2, 0, 0, 0, 0, 1, 0, 0, 0, 1, 0, 1, 2, 0, 1, 1, 0, 0, 0, 0, 0],790.1921483697682,57957.04840138768,88951.83199580385,true
40,G1_CMAX,G4_BALANCED,[31, 11, 82, 15, 26, 9, 95, 42, 77, 68, 47, 5, 93, 78, 86, 54, 85, 63, 18, 44, 20, 49, 36, 14, 74, 50, 53, 17, 21, 45, 71, 64, 3, 23, 30, 83, 24, 41, 60, 52, 65, 27, 90, 70, 39, 87, 48, 69, 99, 4, 46, 1, 13, 58, 97, 59, 28, 75, 73, 37, 35, 79, 22, 66, 76, 32, 40, 80, 96, 6, 61, 16, 33, 7, 57, 34, 12, 67, 10, 98, 56, 88, 29, 8, 91, 38, 19, 92, 0, 84, 51, 72, 81, 89, 25, 55, 94, 2, 43, 62]|[2, 1, 2, 1, 1, 2, 1, 1, 1, 1, 1, 0, 2, 2, 1, 2, 0, 0, 0, 2, 2, 1, 0, 2, 0, 2, 2, 1, 0, 1, 1, 1, 0, 0, 1, 0, 2, 1, 2, 2, 0, 0, 1, 1, 0, 2, 0, 2, 1, 0, 0, 2, 0, 0, 2, 0, 1, 1, 0, 0, 2, 1, 0, 1, 2, 0, 2, 2, 0, 1, 1, 2, 1, 2, 0, 1, 1, 1, 1, 2, 2, 1, 1, 0, 1, 0, 1, 0, 0, 0, 1, 1, 1, 1, 1, 0, 2, 2, 1, 1]|[0, 3, 0, 2, 4, 1, 4, 4, 2, 4, 3, 2, 1, 0, 2, 1, 1, 1, 2, 1, 1, 3, 0, 1, 0, 1, 1, 4, 1, 4, 3, 2, 2, 0, 4, 1, 1, 4, 0, 1, 2, 1, 4, 4, 1, 1, 0, 2, 3, 1, 2, 1, 2, 1, 1, 2, 4, 3, 0, 2, 2, 3, 1, 1, 1, 2, 0, 1, 2, 4, 3, 1, 4, 1, 2, 4, 3, 3, 3, 1, 1, 4, 3, 2, 3, 2, 4, 2, 2, 2, 3, 4, 4, 4, 4, 2, 1, 1, 4, 3]|[0, 2, 0, 1, 3, 0, 1, 3, 0, 0, 2, 0, 1, 0, 1, 0, 0, 0, 1, 0, 0, 2, 0, 0, 1, 0, 0, 3, 0, 1, 0, 2, 0, 1, 3, 0, 1, 3, 0, 0, 0, 0, 1, 3, 0, 0, 1, 0, 2, 0, 0, 0, 0, 0, 1, 0, 1, 0, 1, 1, 0, 2, 0, 2, 0, 0, 0, 0, 0, 2, 0, 0, 1, 0, 0, 1, 0, 0, 3, 0, 0, 1, 0, 0, 0, 0, 3, 0, 0, 0, 0, 2, 1, 1, 3, 0, 0, 0, 2, 0],851.3950062933596,51439.941474506384,111583.71672538936,true
40,G4_BALANCED,G3_TWC,[31, 22, 82, 15, 26, 58, 95, 42, 77, 12, 47, 5, 93, 78, 98, 54, 85, 63, 18, 44, 20, 35, 43, 97, 91, 76, 10, 30, 21, 45, 71, 64, 1, 23, 17, 83, 24, 14, 60, 36, 6, 57, 94, 88, 65, 56, 79, 40, 67, 68, 46, 75, 39, 9, 19, 32, 81, 96, 27, 62, 87, 90, 99, 59, 11, 16, 72, 73, 70, 38, 37, 84, 3, 92, 25, 55, 28, 29, 51, 7, 33, 61, 86, 48, 89, 50, 66, 41, 53, 80, 4, 8, 34, 74, 52, 2, 13, 0, 49, 69]|[1, 1, 0, 1, 1, 1, 2, 1, 2, 1, 2, 2, 2, 1, 1, 0, 0, 1, 0, 2, 2, 0, 1, 2, 0, 1, 2, 2, 0, 0, 1, 2, 1, 2, 1, 0, 2, 0, 1, 1, 0, 1, 1, 1, 0, 2, 1, 1, 0, 0, 0, 0, 1, 1, 2, 1, 2, 0, 0, 0, 2, 1, 0, 1, 2, 1, 2, 1, 1, 1, 1, 1, 2, 0, 1, 1, 0, 0, 0, 1, 2, 1, 0, 0, 1, 0, 2, 0, 0, 0, 0, 1, 2, 2, 1, 0, 0, 0, 0, 1]|[4, 3, 2, 2, 0, 0, 2, 2, 2, 4, 1, 1, 2, 4, 4, 1, 1, 4, 2, 1, 1, 1, 1, 2, 1, 2, 1, 1, 1, 1, 3, 2, 3, 0, 4, 0, 1, 1, 0, 3, 2, 2, 4, 0, 1, 1, 0, 2, 0, 1, 2, 2, 1, 4, 0, 3, 2, 1, 1, 2, 1, 3, 1, 1, 1, 3, 1, 4, 3, 1, 4, 1, 1, 2, 4, 4, 2, 1, 1, 3, 1, 3, 1, 1, 1, 1, 1, 1, 2, 1, 2, 3, 1, 1, 1, 2, 2, 2, 1, 3]|[0, 2, 1, 1, 3, 3, 0, 1, 0, 0, 0, 0, 1, 0, 1, 0, 0, 3, 1, 0, 0, 0, 3, 1, 0, 2, 0, 0, 0, 1, 0, 0, 0, 0, 3, 0, 1, 0, 0, 2, 1, 1, 2, 0, 0, 0, 0, 1, 1, 0, 0, 0, 1, 3, 0, 0, 1, 0, 0, 1, 0, 2, 0, 1, 0, 2, 0, 0, 0, 1, 1, 3, 0, 1, 3, 3, 1, 0, 0, 2, 0, 0, 0, 0, 1, 0, 0, 0, 1, 0, 1, 2, 0, 0, 1, 0, 0, 0, 1, 0],790.4602850035623,57399.87624123609,89878.87144156093,true
40,G2_TEC,G2_TEC,[31, 22, 82, 15, 26, 9, 95, 42, 77, 68, 47, 5, 93, 78, 86, 54, 85, 63, 18, 44, 20, 49, 36, 14, 74, 50, 53, 17, 21, 28, 11, 64, 3, 23, 30, 83, 24, 41, 40, 52, 65, 27, 90, 70, 39, 87, 48, 69, 99, 4, 46, 1, 13, 58, 97, 59, 45, 8, 73, 37, 35, 79, 71, 66, 76, 32, 60, 80, 56, 6, 67, 61, 33, 7, 57, 34, 12, 16, 10, 98, 96, 88, 2, 75, 91, 43, 84, 92, 29, 19, 51, 55, 81, 89, 25, 72, 94, 38, 0, 62]|[2, 1, 2, 1, 1, 2, 1, 1, 1, 1, 1, 0, 2, 2, 1, 2, 0, 0, 0, 2, 2, 1, 0, 2, 0, 2, 2, 1, 0, 1, 1, 1, 0, 0, 1, 0, 2, 1, 2, 2, 0, 0, 1, 1, 0, 2, 0, 2, 1, 0, 0, 2, 0, 0, 2, 0, 1, 1, 0, 0, 2, 1, 1, 2, 2, 0, 2, 2, 2, 1, 2, 1, 1, 2, 0, 1, 1, 2, 1, 2, 0, 1, 0, 0, 1, 1, 0, 0, 1, 1, 1, 0, 1, 1, 1, 1, 2, 0, 2, 1]|[0, 3, 0, 3, 4, 1, 4, 4, 2, 4, 3, 2, 1, 0, 2, 1, 1, 1, 2, 1, 1, 3, 0, 1, 0, 1, 1, 4, 1, 4, 3, 2, 2, 0, 4, 1, 1, 4, 1, 1, 2, 1, 4, 4, 1, 1, 0, 2, 3, 2, 2, 1, 2, 1, 1, 2, 4, 3, 0, 2, 1, 3, 3, 1, 1, 2, 1, 1, 1, 4, 1, 3, 4, 1, 2, 4, 3, 1, 3, 1, 2, 4, 2, 2, 3, 4, 2, 2, 3, 4, 3, 2, 4, 4, 4, 4, 1, 2, 1, 3]|[0, 2, 0, 0, 3, 0, 1, 3, 0, 0, 2, 0, 1, 0, 1, 0, 0, 0, 1, 0, 0, 2, 0, 0, 1, 0, 0, 3, 0, 1, 0, 2, 0, 0, 3, 0, 1, 1, 0, 0, 0, 0, 1, 3, 0, 0, 1, 0, 2, 0, 0, 0, 0, 0, 1, 0, 1, 0, 1, 1, 0, 2, 0, 0, 0, 0, 0, 0, 0, 2, 0, 0, 1, 0, 0, 1, 0, 0, 3, 0, 0, 1, 0, 0, 0, 2, 0, 0, 3, 1, 0, 0, 2, 1, 3, 1, 0, 0, 0, 0],914.0597544875216,49177.57411962909,107642.75205892837,false
40,G3_TWC,G4_BALANCED,[31, 22, 82, 15, 26, 58, 95, 42, 77, 12, 47, 5, 93, 78, 98, 54, 85, 63, 18, 44, 20, 35, 43, 97, 91, 76, 10, 30, 21, 45, 71, 64, 1, 23, 17, 83, 24, 14, 60, 36, 6, 57, 94, 88, 65, 56, 79, 40, 67, 68, 46, 75, 38, 9, 19, 32, 81, 41, 27, 62, 87, 90, 99, 59, 11, 16, 72, 73, 70, 39, 37, 84, 3, 92, 25, 55, 28, 29, 51, 7, 33, 61, 86, 48, 89, 34, 69, 96, 53, 80, 4, 8, 50, 49, 52, 0, 13, 2, 66, 74]|[1, 1, 0, 1, 1, 1, 2, 1, 2, 1, 2, 2, 2, 1, 1, 0, 0, 1, 0, 2, 2, 0, 1, 2, 0, 1, 2, 2, 0, 0, 1, 2, 1, 2, 1, 0, 2, 0, 1, 1, 0, 1, 1, 1, 0, 2, 1, 1, 0, 0, 0, 0, 1, 1, 2, 1, 2, 0, 0, 0, 2, 1, 0, 1, 2, 1, 2, 1, 1, 1, 1, 1, 2, 0, 1, 1, 0, 0, 0, 1, 2, 1, 0, 0, 1, 2, 1, 0, 0, 0, 0, 1, 0, 0, 1, 0, 0, 0, 2, 2]|[4, 3, 2, 2, 0, 0, 2, 2, 2, 4, 1, 1, 2, 4, 4, 1, 1, 4, 2, 1, 1, 1, 1, 2, 1, 2, 1, 1, 1, 1, 3, 2, 3, 0, 4, 0, 1, 1, 0, 3, 2, 2, 4, 0, 1, 1, 0, 2, 0, 1, 2, 2, 1, 4, 0, 3, 2, 1, 1, 2, 1, 3, 1, 1, 1, 3, 0, 4, 3, 1, 4, 1, 1, 2, 4, 4, 2, 1, 1, 3, 1, 3, 1, 1, 1, 1, 3, 1, 2, 1, 2, 3, 1, 1, 1, 2, 2, 2, 1, 1]|[0, 2, 1, 1, 3, 3, 0, 1, 0, 0, 0, 0, 1, 0, 1, 0, 0, 3, 1, 0, 0, 0, 3, 1, 0, 2, 0, 0, 0, 1, 0, 0, 0, 0, 3, 0, 1, 0, 0, 2, 1, 1, 2, 0, 0, 0, 0, 1, 1, 0, 0, 0, 1, 3, 0, 0, 1, 0, 0, 1, 0, 2, 0, 1, 0, 2, 1, 0, 0, 1, 1, 3, 0, 1, 3, 3, 1, 0, 0, 2, 0, 0, 0, 0, 1, 0, 0, 0, 1, 0, 1, 2, 0, 1, 1, 0, 0, 0, 0, 0],790.1921483697682,57957.04840138768,88951.83199580385,true
40,G1_CMAX,G4_BALANCED,[31, 11, 82, 15, 26, 9, 95, 42, 77, 68, 47, 5, 93, 78, 86, 54, 85, 63, 18, 44, 20, 49, 36, 14, 74, 50, 53, 17, 21, 45, 71, 64, 3, 23, 30, 83, 24, 41, 60, 52, 65, 27, 90, 70, 39, 87, 48, 69, 99, 4, 46, 1, 13, 58, 97, 59, 28, 75, 73, 37, 35, 79, 22, 66, 76, 32, 40, 80, 96, 6, 61, 16, 33, 7, 57, 34, 12, 67, 10, 98, 56, 88, 29, 8, 91, 38, 19, 92, 0, 84, 51, 72, 81, 89, 25, 55, 94, 2, 43, 62]|[2, 1, 2, 1, 1, 2, 1, 1, 1, 1, 1, 0, 2, 2, 1, 2, 0, 0, 0, 2, 2, 1, 0, 2, 0, 2, 2, 1, 0, 1, 1, 1, 0, 0, 1, 0, 2, 1, 2, 2, 0, 0, 1, 1, 0, 2, 0, 2, 1, 0, 0, 2, 0, 0, 2, 0, 1, 1, 0, 0, 2, 1, 0, 1, 2, 0, 2, 2, 0, 1, 1, 2, 1, 2, 0, 1, 1, 1, 1, 2, 2, 1, 1, 0, 1, 0, 1, 0, 0, 0, 1, 1, 1, 1, 1, 0, 2, 2, 1, 1]|[0, 3, 0, 2, 4, 1, 4, 4, 2, 4, 3, 2, 1, 0, 2, 1, 1, 1, 2, 1, 1, 3, 0, 1, 0, 1, 1, 4, 1, 4, 3, 2, 2, 0, 4, 1, 1, 4, 0, 1, 2, 1, 4, 4, 1, 1, 0, 2, 3, 1, 2, 1, 2, 1, 1, 2, 4, 3, 0, 2, 2, 3, 1, 1, 1, 2, 0, 1, 2, 4, 3, 1, 4, 1, 2, 4, 3, 3, 3, 1, 1, 4, 3, 2, 3, 2, 4, 2, 2, 2, 3, 4, 4, 4, 4, 2, 1, 1, 4, 3]|[0, 2, 0, 1, 3, 0, 1, 3, 0, 0, 2, 0, 1, 0, 1, 0, 0, 0, 1, 0, 0, 2, 0, 0, 1, 0, 0, 3, 0, 1, 0, 2, 0, 1, 3, 0, 1, 3, 0, 0, 0, 0, 1, 3, 0, 0, 1, 0, 2, 0, 0, 0, 0, 0, 1, 0, 1, 0, 1, 1, 0, 2, 0, 2, 0, 0, 0, 0, 0, 2, 0, 0, 1, 0, 0, 1, 0, 0, 3, 0, 0, 1, 0, 0, 0, 0, 3, 0, 0, 0, 0, 2, 1, 1, 3, 0, 0, 0, 2, 0],851.3950062933596,51439.941474506384,111583.71672538936,true
40,G4_BALANCED,G1_CMAX,[22, 82, 3, 58, 95, 42, 77, 47, 5, 93, 78, 12, 86, 54, 50, 63, 18, 44, 20, 35, 43, 97, 91, 76, 10, 30, 21, 45, 71, 64, 36, 23, 17, 83, 24, 14, 60, 1, 6, 40, 57, 90, 65, 56, 79, 94, 67, 68, 46, 75, 38, 9, 19, 32, 81, 41, 27, 62, 16, 55, 59, 89, 88, 87, 31, 72, 73, 70, 39, 37, 84, 92, 25, 11, 48, 15, 29, 51, 7, 33, 61, 98, 28, 99, 26, 85, 66, 96, 53, 80, 4, 8, 34, 49, 52, 2, 13, 0, 69, 74]|[1, 0, 1, 0, 1, 2, 2, 2, 2, 2, 1, 1, 1, 0, 0, 1, 0, 2, 2, 0, 1, 2, 0, 1, 2, 2, 0, 0, 1, 2, 1, 2, 1, 0, 2, 0, 1, 1, 0, 1, 1, 1, 0, 2, 1, 1, 0, 0, 0, 0, 1, 1, 2, 1, 2, 0, 0, 0, 1, 2, 1, 1, 1, 1, 1, 2, 1, 2, 1, 1, 1, 0, 1, 2, 2, 1, 0, 0, 1, 2, 1, 2, 0, 1, 1, 0, 0, 2, 0, 0, 1, 1, 2, 0, 1, 0, 0, 0, 1, 2]|[3, 2, 1, 1, 2, 1, 2, 1, 1, 2, 4, 4, 4, 1, 1, 4, 2, 1, 1, 1, 1, 2, 1, 2, 1, 1, 2, 1, 3, 2, 3, 1, 4, 1, 1, 1, 0, 3, 2, 2, 2, 3, 1, 1, 0, 4, 0, 1, 2, 2, 1, 4, 0, 3, 2, 1, 1, 2, 3, 1, 1, 1, 0, 3, 0, 0, 3, 0, 1, 4, 1, 0, 4, 1, 1, 4, 1, 1, 1, 1, 3, 1, 2, 1, 0, 2, 1, 1, 2, 1, 4, 3, 1, 1, 1, 2, 2, 2, 4, 1]|[3, 1, 2, 0, 1, 0, 0, 0, 0, 1, 0, 0, 1, 0, 0, 3, 1, 0, 0, 0, 3, 1, 0, 2, 0, 0, 0, 1, 0, 0, 2, 0, 3, 0, 1, 0, 0, 0, 1, 1, 1, 2, 0, 0, 0, 2, 1, 0, 0, 0, 1, 3, 0, 0, 1, 0, 0, 1, 2, 0, 1, 1, 0, 2, 0, 1, 0, 1, 1, 1, 1, 1, 3, 0, 0, 3, 0, 0, 2, 0, 0, 0, 1, 1, 3, 0, 0, 0, 1, 0, 0, 2, 0, 1, 1, 0, 0, 0, 2, 0],715.7913946700162,58060.95961022334,95287.06515100288,true
40,G2_TEC,G2_TEC,[31, 22, 82, 15, 26, 9, 95, 42, 77, 68, 47, 5, 93, 78, 86, 54, 85, 63, 18, 44, 20, 49, 36, 14, 74, 50, 53, 17, 21, 28, 11, 64, 3, 23, 30, 83, 24, 41, 40, 52, 65, 27, 90, 70, 39, 87, 48, 69, 99, 4, 46, 1, 13, 58, 97, 59, 45, 8, 73, 37, 35, 79, 71, 66, 76, 32, 60, 80, 56, 6, 67, 61, 33, 7, 57, 34, 12, 16, 10, 98, 96, 88, 2, 75, 91, 43, 84, 92, 29, 19, 51, 55, 81, 89, 25, 72, 94, 38, 0, 62]|[2, 1, 2, 1, 1, 2, 1, 1, 1, 1, 1, 0, 2, 2, 1, 2, 0, 0, 0, 2, 2, 1, 0, 2, 0, 2, 2, 1, 0, 1, 1, 1, 0, 0, 1, 0, 2, 1, 2, 2, 0, 0, 1, 1, 0, 2, 0, 2, 1, 0, 0, 2, 0, 0, 2, 0, 1, 1, 0, 0, 2, 1, 1, 2, 2, 0, 2, 2, 2, 1, 2, 1, 1, 2, 0, 1, 1, 2, 1, 2, 0, 1, 0, 0, 1, 1, 0, 0, 1, 1, 1, 0, 1, 1, 1, 1, 2, 0, 2, 1]|[0, 3, 0, 3, 4, 1, 4, 4, 2, 4, 3, 2, 1, 0, 2, 1, 1, 1, 2, 1, 1, 3, 0, 1, 0, 1, 1, 4, 1, 4, 3, 2, 2, 0, 4, 1, 1, 4, 1, 1, 2, 1, 4, 4, 1, 1, 0, 2, 3, 2, 2, 1, 2, 1, 1, 2, 4, 3, 0, 2, 1, 3, 3, 1, 1, 2, 1, 1, 1, 4, 1, 3, 4, 1, 2, 4, 3, 1, 3, 1, 2, 4, 2, 2, 3, 4, 2, 2, 3, 4, 3, 2, 4, 4, 4, 4, 1, 2, 1, 3]|[0, 2, 0, 0, 3, 0, 1, 3, 0, 0, 2, 0, 1, 0, 1, 0, 0, 0, 1, 0, 0, 2, 0, 0, 1, 0, 0, 3, 0, 1, 0, 2, 0, 0, 3, 0, 1, 1, 0, 0, 0, 0, 1, 3, 0, 0, 1, 0, 2, 0, 0, 0, 0, 0, 1, 0, 1, 0, 1, 1, 0, 2, 0, 0, 0, 0, 0, 0, 0, 2, 0, 0, 1, 0, 0, 1, 0, 0, 3, 0, 0, 1, 0, 0, 0, 2, 0, 0, 3, 1, 0, 0, 2, 1, 3, 1, 0, 0, 0, 0],914.0597544875216,49177.57411962909,107642.75205892837,false
40,G3_TWC,G4_BALANCED,[31, 22, 82, 15, 26, 58, 95, 42, 77, 12, 47, 5, 93, 78, 98, 54, 85, 63, 18, 44, 20, 35, 43, 97, 91, 76, 10, 30, 21, 45, 71, 64, 1, 23, 17, 83, 24, 14, 60, 36, 6, 57, 94, 88, 65, 56, 79, 40, 67, 68, 46, 75, 38, 9, 19, 32, 81, 41, 27, 62, 87, 90, 99, 59, 11, 16, 72, 73, 70, 39, 37, 84, 3, 92, 25, 55, 28, 29, 51, 7, 33, 61, 86, 48, 89, 34, 69, 96, 53, 80, 4, 8, 50, 49, 52, 0, 13, 2, 66, 74]|[1, 1, 0, 1, 1, 1, 2, 1, 2, 1, 2, 2, 2, 1, 1, 0, 0, 1, 0, 2, 2, 0, 1, 2, 0, 1, 2, 2, 0, 0, 1, 2, 1, 2, 1, 0, 2, 0, 1, 1, 0, 1, 1, 1, 0, 2, 1, 1, 0, 0, 0, 0, 1, 1, 2, 1, 2, 0, 0, 0, 2, 1, 0, 1, 2, 1, 2, 1, 1, 1, 1, 1, 2, 0, 1, 1, 0, 0, 0, 1, 2, 1, 0, 0, 1, 2, 1, 0, 0, 0, 0, 1, 0, 0, 1, 0, 0, 0, 2, 2]|[4, 3, 2, 2, 0, 0, 2, 2, 2, 4, 1, 1, 2, 4, 4, 1, 1, 4, 2, 1, 1, 1, 1, 2, 1, 2, 1, 1, 1, 1, 3, 2, 3, 0, 4, 0, 1, 1, 0, 3, 2, 2, 4, 0, 1, 1, 0, 2, 0, 1, 2, 2, 1, 4, 0, 3, 2, 1, 1, 2, 1, 3, 1, 1, 1, 3, 0, 4, 3, 1, 4, 1, 1, 2, 4, 4, 2, 1, 1, 3, 1, 3, 1, 1, 1, 1, 3, 1, 2, 1, 2, 3, 1, 1, 1, 2, 2, 2, 1, 1]|[0, 2, 1, 1, 3, 3, 0, 1, 0, 0, 0, 0, 1, 0, 1, 0, 0, 3, 1, 0, 0, 0, 3, 1, 0, 2, 0, 0, 0, 1, 0, 0, 0, 0, 3, 0, 1, 0, 0, 2, 1, 1, 2, 0, 0, 0, 0, 1, 1, 0, 0, 0, 1, 3, 0, 0, 1, 0, 0, 1, 0, 2, 0, 1, 0, 2, 1, 0, 0, 1, 1, 3, 0, 1, 3, 3, 1, 0, 0, 2, 0, 0, 0, 0, 1, 0, 0, 0, 1, 0, 1, 2, 0, 1, 1, 0, 0, 0, 0, 0],790.1921483697682,57957.04840138768,88951.83199580385,true
40,G1_CMAX,G1_CMAX,[31, 22, 82, 90, 26, 58, 95, 42, 77, 12, 93, 5, 78, 86, 98, 18, 44, 20, 35, 3, 97, 91, 76, 10, 85, 30, 47, 54, 45, 63, 71, 66, 1, 23, 17, 83, 24, 14, 60, 36, 6, 57, 40, 88, 65, 56, 79, 94, 67, 68, 46, 75, 38, 9, 19, 32, 81, 27, 62, 87, 15, 99, 59, 11, 16, 72, 73, 70, 39, 37, 84, 43, 80, 53, 96, 4, 50, 41, 89, 48, 21, 61, 33, 7, 51, 29, 28, 55, 25, 92, 8, 69, 0, 74, 52, 2, 13, 34, 49, 64]|[1, 1, 0, 1, 1, 0, 2, 1, 2, 1, 2, 2, 2, 1, 0, 1, 0, 2, 2, 1, 2, 2, 1, 2, 2, 2, 2, 0, 0, 0, 1, 2, 1, 2, 1, 0, 2, 0, 1, 1, 0, 1, 1, 1, 0, 2, 1, 1, 0, 0, 0, 1, 1, 1, 2, 1, 2, 0, 0, 2, 1, 0, 1, 2, 1, 2, 1, 1, 1, 1, 1, 1, 0, 0, 2, 1, 0, 0, 1, 0, 0, 1, 2, 1, 0, 0, 0, 1, 1, 0, 0, 1, 0, 2, 1, 0, 0, 2, 0, 2]|[3, 0, 2, 3, 0, 1, 1, 2, 2, 4, 1, 1, 0, 4, 1, 4, 2, 1, 1, 1, 2, 2, 2, 1, 1, 1, 2, 1, 1, 2, 3, 2, 3, 1, 4, 0, 1, 1, 0, 3, 2, 2, 4, 0, 1, 1, 0, 4, 0, 1, 2, 3, 1, 4, 0, 3, 2, 1, 2, 1, 2, 1, 1, 1, 3, 0, 4, 3, 1, 4, 1, 1, 1, 2, 1, 4, 1, 1, 1, 1, 1, 3, 1, 1, 1, 1, 2, 4, 4, 2, 2, 3, 2, 1, 1, 2, 2, 1, 1, 1]|[2, 0, 1, 2, 3, 0, 0, 1, 1, 0, 0, 0, 0, 1, 0, 3, 1, 0, 0, 1, 1, 1, 2, 0, 0, 0, 1, 0, 1, 0, 0, 0, 0, 0, 3, 0, 1, 0, 0, 2, 1, 1, 2, 0, 0, 0, 0, 2, 1, 0, 0, 0, 1, 3, 0, 0, 1, 0, 1, 0, 1, 0, 1, 0, 2, 1, 0, 0, 1, 1, 3, 3, 0, 1, 0, 0, 0, 0, 1, 0, 0, 0, 0, 2, 0, 0, 1, 3, 3, 1, 1, 2, 0, 0, 1, 0, 0, 0, 1, 0],706.0425648885516,58640.99257008452,96849.50297129861,false
40,G4_BALANCED,G1_CMAX,[22, 82, 3, 58, 95, 42, 77, 47, 5, 93, 78, 12, 86, 54, 50, 63, 18, 44, 20, 35, 43, 97, 91, 76, 10, 30, 21, 45, 71, 64, 36, 23, 17, 83, 24, 14, 60, 1, 6, 40, 57, 90, 65, 56, 79, 94, 67, 68, 46, 75, 38, 9, 19, 32, 81, 41, 27, 62, 16, 55, 59, 89, 88, 87, 31, 72, 73, 70, 39, 37, 84, 92, 25, 11, 48, 15, 29, 51, 7, 33, 61, 98, 28, 99, 26, 85, 66, 96, 53, 80, 4, 8, 34, 49, 52, 2, 13, 0, 69, 74]|[1, 0, 1, 0, 1, 2, 2, 2, 2, 2, 1, 1, 1, 0, 0, 1, 0, 2, 2, 0, 1, 2, 0, 1, 2, 2, 0, 0, 1, 2, 1, 2, 1, 0, 2, 0, 1, 1, 0, 1, 1, 1, 0, 2, 1, 1, 0, 0, 0, 0, 1, 1, 2, 1, 2, 0, 0, 0, 1, 2, 1, 1, 1, 1, 1, 2, 1, 2, 1, 1, 1, 0, 1, 2, 2, 1, 0, 0, 1, 2, 1, 2, 0, 1, 1, 0, 0, 2, 0, 0, 1, 1, 2, 0, 1, 0, 0, 0, 1, 2]|[3, 2, 1, 1, 2, 1, 2, 1, 1, 2, 4, 4, 4, 1, 1, 4, 2, 1, 1, 1, 1, 2, 1, 2, 1, 1, 2, 1, 3, 2, 3, 1, 4, 1, 1, 1, 0, 3, 2, 2, 2, 3, 1, 1, 0, 4, 0, 1, 2, 2, 1, 4, 0, 3, 2, 1, 1, 2, 3, 1, 1, 1, 0, 3, 0, 0, 3, 0, 1, 4, 1, 0, 4, 1, 1, 4, 1, 1, 1, 1, 3, 1, 2, 1, 0, 2, 1, 1, 2, 1, 4, 3, 1, 1, 1, 2, 2, 2, 4, 1]|[3, 1, 2, 0, 1, 0, 0, 0, 0, 1, 0, 0, 1, 0, 0, 3, 1, 0, 0, 0, 3, 1, 0, 2, 0, 0, 0, 1, 0, 0, 2, 0, 3, 0, 1, 0, 0, 0, 1, 1, 1, 2, 0, 0, 0, 2, 1, 0, 0, 0, 1, 3, 0, 0, 1, 0, 0, 1, 2, 0, 1, 1, 0, 2, 0, 1, 0, 1, 1, 1, 1, 1, 3, 0, 0, 3, 0, 0, 2, 0, 0, 0, 1, 1, 3, 0, 0, 0, 1, 0, 0, 2, 0, 1, 1, 0, 0, 0, 2, 0],715.7913946700162,58060.95961022334,95287.06515100288,true
40,G2_TEC,G2_TEC,[31, 22, 82, 15, 26, 9, 95, 42, 77, 68, 47, 5, 93, 78, 86, 54, 85, 63, 18, 44, 20, 49, 36, 14, 74, 50, 53, 17, 21, 28, 11, 64, 3, 23, 30, 83, 24, 41, 40, 52, 65, 27, 90, 70, 39, 87, 48, 69, 99, 4, 46, 1, 13, 58, 97, 59, 45, 8, 73, 37, 35, 79, 71, 66, 76, 32, 60, 80, 56, 6, 67, 61, 33, 7, 57, 34, 12, 16, 10, 98, 96, 88, 2, 75, 91, 43, 84, 92, 29, 19, 51, 55, 81, 89, 25, 72, 94, 38, 0, 62]|[2, 1, 2, 1, 1, 2, 1, 1, 1, 1, 1, 0, 2, 2, 1, 2, 0, 0, 0, 2, 2, 1, 0, 2, 0, 2, 2, 1, 0, 1, 1, 1, 0, 0, 1, 0, 2, 1, 2, 2, 0, 0, 1, 1, 0, 2, 0, 2, 1, 0, 0, 2, 0, 0, 2, 0, 1, 1, 0, 0, 2, 1, 1, 2, 2, 0, 2, 2, 2, 1, 2, 1, 1, 2, 0, 1, 1, 2, 1, 2, 0, 1, 0, 0, 1, 1, 0, 0, 1, 1, 1, 0, 1, 1, 1, 1, 2, 0, 2, 1]|[0, 3, 0, 3, 4, 1, 4, 4, 2, 4, 3, 2, 1, 0, 2, 1, 1, 1, 2, 1, 1, 3, 0, 1, 0, 1, 1, 4, 1, 4, 3, 2, 2, 0, 4, 1, 1, 4, 1, 1, 2, 1, 4, 4, 1, 1, 0, 2, 3, 2, 2, 1, 2, 1, 1, 2, 4, 3, 0, 2, 1, 3, 3, 1, 1, 2, 1, 1, 1, 4, 1, 3, 4, 1, 2, 4, 3, 1, 3, 1, 2, 4, 2, 2, 3, 4, 2, 2, 3, 4, 3, 2, 4, 4, 4, 4, 1, 2, 1, 3]|[0, 2, 0, 0, 3, 0, 1, 3, 0, 0, 2, 0, 1, 0, 1, 0, 0, 0, 1, 0, 0, 2, 0, 0, 1, 0, 0, 3, 0, 1, 0, 2, 0, 0, 3, 0, 1, 1, 0, 0, 0, 0, 1, 3, 0, 0, 1, 0, 2, 0, 0, 0, 0, 0, 1, 0, 1, 0, 1, 1, 0, 2, 0, 0, 0, 0, 0, 0, 0, 2, 0, 0, 1, 0, 0, 1, 0, 0, 3, 0, 0, 1, 0, 0, 0, 2, 0, 0, 3, 1, 0, 0, 2, 1, 3, 1, 0, 0, 0, 0],914.0597544875216,49177.57411962909,107642.75205892837,false
40,G3_TWC,G4_BALANCED,[31, 22, 82, 15, 26, 58, 95, 42, 77, 12, 47, 5, 93, 78, 98, 54, 85, 63, 18, 44, 20, 35, 43, 97, 91, 76, 10, 30, 21, 45, 71, 64, 1, 23, 17, 83, 24, 14, 60, 36, 6, 57, 94, 88, 65, 56, 79, 40, 67, 68, 46, 75, 38, 9, 19, 32, 81, 41, 27, 62, 87, 90, 99, 59, 11, 16, 72, 73, 70, 39, 37, 84, 3, 92, 25, 55, 28, 29, 51, 7, 33, 61, 86, 48, 89, 34, 69, 96, 53, 80, 4, 8, 50, 49, 52, 0, 13, 2, 66, 74]|[1, 1, 0, 1, 1, 1, 2, 1, 2, 1, 2, 2, 2, 1, 1, 0, 0, 1, 0, 2, 2, 0, 1, 2, 0, 1, 2, 2, 0, 0, 1, 2, 1, 2, 1, 0, 2, 0, 1, 1, 0, 1, 1, 1, 0, 2, 1, 1, 0, 0, 0, 0, 1, 1, 2, 1, 2, 0, 0, 0, 2, 1, 0, 1, 2, 1, 2, 1, 1, 1, 1, 1, 2, 0, 1, 1, 0, 0, 0, 1, 2, 1, 0, 0, 1, 2, 1, 0, 0, 0, 0, 1, 0, 0, 1, 0, 0, 0, 2, 2]|[4, 3, 2, 2, 0, 0, 2, 2, 2, 4, 1, 1, 2, 4, 4, 1, 1, 4, 2, 1, 1, 1, 1, 2, 1, 2, 1, 1, 1, 1, 3, 2, 3, 0, 4, 0, 1, 1, 0, 3, 2, 2, 4, 0, 1, 1, 0, 2, 0, 1, 2, 2, 1, 4, 0, 3, 2, 1, 1, 2, 1, 3, 1, 1, 1, 3, 0, 4, 3, 1, 4, 1, 1, 2, 4, 4, 2, 1, 1, 3, 1, 3, 1, 1, 1, 1, 3, 1, 2, 1, 2, 3, 1, 1, 1, 2, 2, 2, 1, 1]|[0, 2, 1, 1, 3, 3, 0, 1, 0, 0, 0, 0, 1, 0, 1, 0, 0, 3, 1, 0, 0, 0, 3, 1, 0, 2, 0, 0, 0, 1, 0, 0, 0, 0, 3, 0, 1, 0, 0, 2, 1, 1, 2, 0, 0, 0, 0, 1, 1, 0, 0, 0, 1, 3, 0, 0, 1, 0, 0, 1, 0, 2, 0, 1, 0, 2, 1, 0, 0, 1, 1, 3, 0, 1, 3, 3, 1, 0, 0, 2, 0, 0, 0, 0, 1, 0, 0, 0, 1, 0, 1, 2, 0, 1, 1, 0, 0, 0, 0, 0],790.1921483697682,57957.04840138768,88951.83199580385,true
40,G1_CMAX,G1_CMAX,[31, 22, 82, 90, 26, 58, 95, 42, 77, 12, 93, 5, 78, 86, 98, 18, 44, 20, 35, 3, 97, 91, 76, 10, 85, 30, 47, 54, 45, 63, 71, 66, 1, 23, 17, 83, 24, 14, 60, 36, 6, 57, 40, 88, 65, 56, 79, 94, 67, 68, 46, 75, 38, 9, 19, 32, 81, 27, 62, 87, 15, 99, 59, 11, 16, 72, 73, 70, 39, 37, 84, 43, 80, 53, 96, 4, 50, 41, 89, 48, 21, 61, 33, 7, 51, 29, 28, 55, 25, 92, 8, 69, 0, 74, 52, 2, 13, 34, 49, 64]|[1, 1, 0, 1, 1, 0, 2, 1, 2, 1, 2, 2, 2, 1, 0, 1, 0, 2, 2, 1, 2, 2, 1, 2, 2, 2, 2, 0, 0, 0, 1, 2, 1, 2, 1, 0, 2, 0, 1, 1, 0, 1, 1, 1, 0, 2, 1, 1, 0, 0, 0, 1, 1, 1, 2, 1, 2, 0, 0, 2, 1, 0, 1, 2, 1, 2, 1, 1, 1, 1, 1, 1, 0, 0, 2, 1, 0, 0, 1, 0, 0, 1, 2, 1, 0, 0, 0, 1, 1, 0, 0, 1, 0, 2, 1, 0, 0, 2, 0, 2]|[3, 0, 2, 3, 0, 1, 1, 2, 2, 4, 1, 1, 0, 4, 1, 4, 2, 1, 1, 1, 2, 2, 2, 1, 1, 1, 2, 1, 1, 2, 3, 2, 3, 1, 4, 0, 1, 1, 0, 3, 2, 2, 4, 0, 1, 1, 0, 4, 0, 1, 2, 3, 1, 4, 0, 3, 2, 1, 2, 1, 2, 1, 1, 1, 3, 0, 4, 3, 1, 4, 1, 1, 1, 2, 1, 4, 1, 1, 1, 1, 1, 3, 1, 1, 1, 1, 2, 4, 4, 2, 2, 3, 2, 1, 1, 2, 2, 1, 1, 1]|[2, 0, 1, 2, 3, 0, 0, 1, 1, 0, 0, 0, 0, 1, 0, 3, 1, 0, 0, 1, 1, 1, 2, 0, 0, 0, 1, 0, 1, 0, 0, 0, 0, 0, 3, 0, 1, 0, 0, 2, 1, 1, 2, 0, 0, 0, 0, 2, 1, 0, 0, 0, 1, 3, 0, 0, 1, 0, 1, 0, 1, 0, 1, 0, 2, 1, 0, 0, 1, 1, 3, 3, 0, 1, 0, 0, 0, 0, 1, 0, 0, 0, 0, 2, 0, 0, 1, 3, 3, 1, 1, 2, 0, 0, 1, 0, 0, 0, 1, 0],706.0425648885516,58640.99257008452,96849.50297129861,false
40,G4_BALANCED,G1_CMAX,[22, 82, 3, 58, 95, 42, 77, 47, 5, 93, 78, 12, 86, 54, 50, 63, 18, 44, 20, 35, 43, 97, 91, 76, 10, 30, 21, 45, 71, 64, 36, 23, 17, 83, 24, 14, 60, 1, 6, 40, 57, 90, 65, 56, 79, 94, 67, 68, 46, 75, 38, 9, 19, 32, 81, 41, 27, 62, 16, 55, 59, 89, 88, 87, 31, 72, 73, 70, 39, 37, 84, 92, 25, 11, 48, 15, 29, 51, 7, 33, 61, 98, 28, 99, 26, 85, 66, 96, 53, 80, 4, 8, 34, 49, 52, 2, 13, 0, 69, 74]|[1, 0, 1, 0, 1, 2, 2, 2, 2, 2, 1, 1, 1, 0, 0, 1, 0, 2, 2, 0, 1, 2, 0, 1, 2, 2, 0, 0, 1, 2, 1, 2, 1, 0, 2, 0, 1, 1, 0, 1, 1, 1, 0, 2, 1, 1, 0, 0, 0, 0, 1, 1, 2, 1, 2, 0, 0, 0, 1, 2, 1, 1, 1, 1, 1, 2, 1, 2, 1, 1, 1, 0, 1, 2, 2, 1, 0, 0, 1, 2, 1, 2, 0, 1, 1, 0, 0, 2, 0, 0, 1, 1, 2, 0, 1, 0, 0, 0, 1, 2]|[3, 2, 1, 1, 2, 1, 2, 1, 1, 2, 4, 4, 4, 1, 1, 4, 2, 1, 1, 1, 1, 2, 1, 2, 1, 1, 2, 1, 3, 2, 3, 1, 4, 1, 1, 1, 0, 3, 2, 2, 2, 3, 1, 1, 0, 4, 0, 1, 2, 2, 1, 4, 0, 3, 2, 1, 1, 2, 3, 1, 1, 1, 0, 3, 0, 0, 3, 0, 1, 4, 1, 0, 4, 1, 1, 4, 1, 1, 1, 1, 3, 1, 2, 1, 0, 2, 1, 1, 2, 1, 4, 3, 1, 1, 1, 2, 2, 2, 4, 1]|[3, 1, 2, 0, 1, 0, 0, 0, 0, 1, 0, 0, 1, 0, 0, 3, 1, 0, 0, 0, 3, 1, 0, 2, 0, 0, 0, 1, 0, 0, 2, 0, 3, 0, 1, 0, 0, 0, 1, 1, 1, 2, 0, 0, 0, 2, 1, 0, 0, 0, 1, 3, 0, 0, 1, 0, 0, 1, 2, 0, 1, 1, 0, 2, 0, 1, 0, 1, 1, 1, 1, 1, 3, 0, 0, 3, 0, 0, 2, 0, 0, 0, 1, 1, 3, 0, 0, 0, 1, 0, 0, 2, 0, 1, 1, 0, 0, 0, 2, 0],715.7913946700162,58060.95961022334,95287.06515100288,true
40,G2_TEC,G2_TEC,[31, 22, 82, 15, 26, 9, 95, 42, 77, 68, 47, 5, 93, 78, 86, 54, 85, 63, 18, 44, 20, 49, 36, 14, 74, 50, 53, 17, 21, 28, 11, 64, 3, 23, 30, 83, 24, 41, 40, 52, 65, 27, 90, 70, 39, 87, 48, 69, 99, 4, 46, 1, 13, 58, 97, 59, 45, 8, 73, 37, 35, 79, 71, 66, 76, 32, 60, 80, 56, 6, 67, 61, 33, 7, 57, 34, 12, 16, 10, 98, 96, 88, 2, 75, 91, 43, 84, 92, 29, 19, 51, 55, 81, 89, 25, 72, 94, 38, 0, 62]|[2, 1, 2, 1, 1, 2, 1, 1, 1, 1, 1, 0, 2, 2, 1, 2, 0, 0, 0, 2, 2, 1, 0, 2, 0, 2, 2, 1, 0, 1, 1, 1, 0, 0, 1, 0, 2, 1, 2, 2, 0, 0, 1, 1, 0, 2, 0, 2, 1, 0, 0, 2, 0, 0, 2, 0, 1, 1, 0, 0, 2, 1, 1, 2, 2, 0, 2, 2, 2, 1, 2, 1, 1, 2, 0, 1, 1, 2, 1, 2, 0, 1, 0, 0, 1, 1, 0, 0, 1, 1, 1, 0, 1, 1, 1, 1, 2, 0, 2, 1]|[0, 3, 0, 3, 4, 1, 4, 4, 2, 4, 3, 2, 1, 0, 2, 1, 1, 1, 2, 1, 1, 3, 0, 1, 0, 1, 1, 4, 1, 4, 3, 2, 2, 0, 4, 1, 1, 4, 1, 1, 2, 1, 4, 4, 1, 1, 0, 2, 3, 2, 2, 1, 2, 1, 1, 2, 4, 3, 0, 2, 1, 3, 3, 1, 1, 2, 1, 1, 1, 4, 1, 3, 4, 1, 2, 4, 3, 1, 3, 1, 2, 4, 2, 2, 3, 4, 2, 2, 3, 4, 3, 2, 4, 4, 4, 4, 1, 2, 1, 3]|[0, 2, 0, 0, 3, 0, 1, 3, 0, 0, 2, 0, 1, 0, 1, 0, 0, 0, 1, 0, 0, 2, 0, 0, 1, 0, 0, 3, 0, 1, 0, 2, 0, 0, 3, 0, 1, 1, 0, 0, 0, 0, 1, 3, 0, 0, 1, 0, 2, 0, 0, 0, 0, 0, 1, 0, 1, 0, 1, 1, 0, 2, 0, 0, 0, 0, 0, 0, 0, 2, 0, 0, 1, 0, 0, 1, 0, 0, 3, 0, 0, 1, 0, 0, 0, 2, 0, 0, 3, 1, 0, 0, 2, 1, 3, 1, 0, 0, 0, 0],914.0597544875216,49177.57411962909,107642.75205892837,false
40,G3_TWC,G4_BALANCED,[31, 22, 82, 15, 26, 58, 95, 42, 77, 12, 47, 5, 93, 78, 98, 54, 85, 63, 18, 44, 20, 35, 43, 97, 91, 76, 10, 30, 21, 45, 71, 64, 1, 23, 17, 83, 24, 14, 60, 36, 6, 57, 94, 88, 65, 56, 79, 40, 67, 68, 46, 75, 38, 9, 19, 32, 81, 41, 27, 62, 87, 90, 99, 59, 11, 16, 72, 73, 70, 39, 37, 84, 3, 92, 25, 55, 28, 29, 51, 7, 33, 61, 86, 48, 89, 34, 69, 96, 53, 80, 4, 8, 50, 49, 52, 0, 13, 2, 66, 74]|[1, 1, 0, 1, 1, 1, 2, 1, 2, 1, 2, 2, 2, 1, 1, 0, 0, 1, 0, 2, 2, 0, 1, 2, 0, 1, 2, 2, 0, 0, 1, 2, 1, 2, 1, 0, 2, 0, 1, 1, 0, 1, 1, 1, 0, 2, 1, 1, 0, 0, 0, 0, 1, 1, 2, 1, 2, 0, 0, 0, 2, 1, 0, 1, 2, 1, 2, 1, 1, 1, 1, 1, 2, 0, 1, 1, 0, 0, 0, 1, 2, 1, 0, 0, 1, 2, 1, 0, 0, 0, 0, 1, 0, 0, 1, 0, 0, 0, 2, 2]|[4, 3, 2, 2, 0, 0, 2, 2, 2, 4, 1, 1, 2, 4, 4, 1, 1, 4, 2, 1, 1, 1, 1, 2, 1, 2, 1, 1, 1, 1, 3, 2, 3, 0, 4, 0, 1, 1, 0, 3, 2, 2, 4, 0, 1, 1, 0, 2, 0, 1, 2, 2, 1, 4, 0, 3, 2, 1, 1, 2, 1, 3, 1, 1, 1, 3, 0, 4, 3, 1, 4, 1, 1, 2, 4, 4, 2, 1, 1, 3, 1, 3, 1, 1, 1, 1, 3, 1, 2, 1, 2, 3, 1, 1, 1, 2, 2, 2, 1, 1]|[0, 2, 1, 1, 3, 3, 0, 1, 0, 0, 0, 0, 1, 0, 1, 0, 0, 3, 1, 0, 0, 0, 3, 1, 0, 2, 0, 0, 0, 1, 0, 0, 0, 0, 3, 0, 1, 0, 0, 2, 1, 1, 2, 0, 0, 0, 0, 1, 1, 0, 0, 0, 1, 3, 0, 0, 1, 0, 0, 1, 0, 2, 0, 1, 0, 2, 1, 0, 0, 1, 1, 3, 0, 1, 3, 3, 1, 0, 0, 2, 0, 0, 0, 0, 1, 0, 0, 0, 1, 0, 1, 2, 0, 1, 1, 0, 0, 0, 0, 0],790.1921483697682,57957.04840138768,88951.83199580385,true
40,G1_CMAX,G1_CMAX,[31, 22, 82, 90, 26, 58, 95, 42, 77, 12, 93, 5, 78, 86, 98, 18, 44, 20, 35, 3, 97, 91, 76, 10, 85, 30, 47, 54, 45, 63, 71, 66, 1, 23, 17, 83, 24, 14, 60, 36, 6, 57, 40, 88, 65, 56, 79, 94, 67, 68, 46, 75, 38, 9, 19, 32, 81, 27, 62, 87, 15, 99, 59, 11, 16, 72, 73, 70, 39, 37, 84, 43, 80, 53, 96, 4, 50, 41, 89, 48, 21, 61, 33, 7, 51, 29, 28, 55, 25, 92, 8, 69, 0, 74, 52, 2, 13, 34, 49, 64]|[1, 1, 0, 1, 1, 0, 2, 1, 2, 1, 2, 2, 2, 1, 0, 1, 0, 2, 2, 1, 2, 2, 1, 2, 2, 2, 2, 0, 0, 0, 1, 2, 1, 2, 1, 0, 2, 0, 1, 1, 0, 1, 1, 1, 0, 2, 1, 1, 0, 0, 0, 1, 1, 1, 2, 1, 2, 0, 0, 2, 1, 0, 1, 2, 1, 2, 1, 1, 1, 1, 1, 1, 0, 0, 2, 1, 0, 0, 1, 0, 0, 1, 2, 1, 0, 0, 0, 1, 1, 0, 0, 1, 0, 2, 1, 0, 0, 2, 0, 2]|[3, 0, 2, 3, 0, 1, 1, 2, 2, 4, 1, 1, 0, 4, 1, 4, 2, 1, 1, 1, 2, 2, 2, 1, 1, 1, 2, 1, 1, 2, 3, 2, 3, 1, 4, 0, 1, 1, 0, 3, 2, 2, 4, 0, 1, 1, 0, 4, 0, 1, 2, 3, 1, 4, 0, 3, 2, 1, 2, 1, 2, 1, 1, 1, 3, 0, 4, 3, 1, 4, 1, 1, 1, 2, 1, 4, 1, 1, 1, 1, 1, 3, 1, 1, 1, 1, 2, 4, 4, 2, 2, 3, 2, 1, 1, 2, 2, 1, 1, 1]|[2, 0, 1, 2, 3, 0, 0, 1, 1, 0, 0, 0, 0, 1, 0, 3, 1, 0, 0, 1, 1, 1, 2, 0, 0, 0, 1, 0, 1, 0, 0, 0, 0, 0, 3, 0, 1, 0, 0, 2, 1, 1, 2, 0, 0, 0, 0, 2, 1, 0, 0, 0, 1, 3, 0, 0, 1, 0, 1, 0, 1, 0, 1, 0, 2, 1, 0, 0, 1, 1, 3, 3, 0, 1, 0, 0, 0, 0, 1, 0, 0, 0, 0, 2, 0, 0, 1, 3, 3, 1, 1, 2, 0, 0, 1, 0, 0, 0, 1, 0],706.0425648885516,58640.99257008452,96849.50297129861,false
40,G4_BALANCED,G1_CMAX,[22, 82, 3, 58, 95, 42, 77, 47, 5, 93, 78, 12, 86, 54, 50, 63, 18, 44, 20, 35, 43, 97, 91, 76, 10, 30, 21, 45, 71, 64, 36, 23, 17, 83, 24, 14, 60, 1, 6, 40, 57, 90, 65, 56, 79, 94, 67, 68, 46, 75, 38, 9, 19, 32, 81, 41, 27, 62, 16, 55, 59, 89, 88, 87, 31, 72, 73, 70, 39, 37, 84, 92, 25, 11, 48, 15, 29, 51, 7, 33, 61, 98, 28, 99, 26, 85, 66, 96, 53, 80, 4, 8, 34, 49, 52, 2, 13, 0, 69, 74]|[1, 0, 1, 0, 1, 2, 2, 2, 2, 2, 1, 1, 1, 0, 0, 1, 0, 2, 2, 0, 1, 2, 0, 1, 2, 2, 0, 0, 1, 2, 1, 2, 1, 0, 2, 0, 1, 1, 0, 1, 1, 1, 0, 2, 1, 1, 0, 0, 0, 0, 1, 1, 2, 1, 2, 0, 0, 0, 1, 2, 1, 1, 1, 1, 1, 2, 1, 2, 1, 1, 1, 0, 1, 2, 2, 1, 0, 0, 1, 2, 1, 2, 0, 1, 1, 0, 0, 2, 0, 0, 1, 1, 2, 0, 1, 0, 0, 0, 1, 2]|[3, 2, 1, 1, 2, 1, 2, 1, 1, 2, 4, 4, 4, 1, 1, 4, 2, 1, 1, 1, 1, 2, 1, 2, 1, 1, 2, 1, 3, 2, 3, 1, 4, 1, 1, 1, 0, 3, 2, 2, 2, 3, 1, 1, 0, 4, 0, 1, 2, 2, 1, 4, 0, 3, 2, 1, 1, 2, 3, 1, 1, 1, 0, 3, 0, 0, 3, 0, 1, 4, 1, 0, 4, 1, 1, 4, 1, 1, 1, 1, 3, 1, 2, 1, 0, 2, 1, 1, 2, 1, 4, 3, 1, 1, 1, 2, 2, 2, 4, 1]|[3, 1, 2, 0, 1, 0, 0, 0, 0, 1, 0, 0, 1, 0, 0, 3, 1, 0, 0, 0, 3, 1, 0, 2, 0, 0, 0, 1, 0, 0, 2, 0, 3, 0, 1, 0, 0, 0, 1, 1, 1, 2, 0, 0, 0, 2, 1, 0, 0, 0, 1, 3, 0, 0, 1, 0, 0, 1, 2, 0, 1, 1, 0, 2, 0, 1, 0, 1, 1, 1, 1, 1, 3, 0, 0, 3, 0, 0, 2, 0, 0, 0, 1, 1, 3, 0, 0, 0, 1, 0, 0, 2, 0, 1, 1, 0, 0, 0, 2, 0],715.7913946700162,58060.95961022334,95287.06515100288,true
40,G2_TEC,G2_TEC,[31, 22, 82, 15, 26, 9, 95, 42, 77, 68, 47, 5, 93, 78, 86, 54, 85, 63, 18, 44, 20, 49, 36, 14, 74, 50, 53, 17, 21, 28, 11, 64, 3, 23, 30, 83, 24, 41, 40, 52, 65, 27, 90, 70, 39, 87, 48, 69, 99, 4, 46, 1, 13, 58, 97, 59, 45, 8, 73, 37, 35, 79, 71, 66, 76, 32, 60, 80, 56, 6, 67, 61, 33, 7, 57, 34, 12, 16, 10, 98, 96, 88, 2, 75, 91, 43, 84, 92, 29, 19, 51, 55, 81, 89, 25, 72, 94, 38, 0, 62]|[2, 1, 2, 1, 1, 2, 1, 1, 1, 1, 1, 0, 2, 2, 1, 2, 0, 0, 0, 2, 2, 1, 0, 2, 0, 2, 2, 1, 0, 1, 1, 1, 0, 0, 1, 0, 2, 1, 2, 2, 0, 0, 1, 1, 0, 2, 0, 2, 1, 0, 0, 2, 0, 0, 2, 0, 1, 1, 0, 0, 2, 1, 1, 2, 2, 0, 2, 2, 2, 1, 2, 1, 1, 2, 0, 1, 1, 2, 1, 2, 0, 1, 0, 0, 1, 1, 0, 0, 1, 1, 1, 0, 1, 1, 1, 1, 2, 0, 2, 1]|[0, 3, 0, 3, 4, 1, 4, 4, 2, 4, 3, 2, 1, 0, 2, 1, 1, 1, 2, 1, 1, 3, 0, 1, 0, 1, 1, 4, 1, 4, 3, 2, 2, 0, 4, 1, 1, 4, 1, 1, 2, 1, 4, 4, 1, 1, 0, 2, 3, 2, 2, 1, 2, 1, 1, 2, 4, 3, 0, 2, 1, 3, 3, 1, 1, 2, 1, 1, 1, 4, 1, 3, 4, 1, 2, 4, 3, 1, 3, 1, 2, 4, 2, 2, 3, 4, 2, 2, 3, 4, 3, 2, 4, 4, 4, 4, 1, 2, 1, 3]|[0, 2, 0, 0, 3, 0, 1, 3, 0, 0, 2, 0, 1, 0, 1, 0, 0, 0, 1, 0, 0, 2, 0, 0, 1, 0, 0, 3, 0, 1, 0, 2, 0, 0, 3, 0, 1, 1, 0, 0, 0, 0, 1, 3, 0, 0, 1, 0, 2, 0, 0, 0, 0, 0, 1, 0, 1, 0, 1, 1, 0, 2, 0, 0, 0, 0, 0, 0, 0, 2, 0, 0, 1, 0, 0, 1, 0, 0, 3, 0, 0, 1, 0, 0, 0, 2, 0, 0, 3, 1, 0, 0, 2, 1, 3, 1, 0, 0, 0, 0],914.0597544875216,49177.57411962909,107642.75205892837,false
40,G3_TWC,G4_BALANCED,[31, 22, 82, 15, 26, 58, 95, 42, 77, 12, 47, 5, 93, 78, 98, 54, 85, 63, 18, 44, 20, 35, 43, 97, 91, 76, 10, 30, 21, 45, 71, 64, 1, 23, 17, 83, 24, 14, 60, 36, 6, 57, 94, 88, 65, 56, 79, 40, 67, 68, 46, 75, 38, 9, 19, 32, 81, 41, 27, 62, 87, 90, 99, 59, 11, 16, 72, 73, 70, 39, 37, 84, 3, 92, 25, 55, 28, 29, 51, 7, 33, 61, 86, 48, 89, 34, 69, 96, 53, 80, 4, 8, 50, 49, 52, 0, 13, 2, 66, 74]|[1, 1, 0, 1, 1, 1, 2, 1, 2, 1, 2, 2, 2, 1, 1, 0, 0, 1, 0, 2, 2, 0, 1, 2, 0, 1, 2, 2, 0, 0, 1, 2, 1, 2, 1, 0, 2, 0, 1, 1, 0, 1, 1, 1, 0, 2, 1, 1, 0, 0, 0, 0, 1, 1, 2, 1, 2, 0, 0, 0, 2, 1, 0, 1, 2, 1, 2, 1, 1, 1, 1, 1, 2, 0, 1, 1, 0, 0, 0, 1, 2, 1, 0, 0, 1, 2, 1, 0, 0, 0, 0, 1, 0, 0, 1, 0, 0, 0, 2, 2]|[4, 3, 2, 2, 0, 0, 2, 2, 2, 4, 1, 1, 2, 4, 4, 1, 1, 4, 2, 1, 1, 1, 1, 2, 1, 2, 1, 1, 1, 1, 3, 2, 3, 0, 4, 0, 1, 1, 0, 3, 2, 2, 4, 0, 1, 1, 0, 2, 0, 1, 2, 2, 1, 4, 0, 3, 2, 1, 1, 2, 1, 3, 1, 1, 1, 3, 0, 4, 3, 1, 4, 1, 1, 2, 4, 4, 2, 1, 1, 3, 1, 3, 1, 1, 1, 1, 3, 1, 2, 1, 2, 3, 1, 1, 1, 2, 2, 2, 1, 1]|[0, 2, 1, 1, 3, 3, 0, 1, 0, 0, 0, 0, 1, 0, 1, 0, 0, 3, 1, 0, 0, 0, 3, 1, 0, 2, 0, 0, 0, 1, 0, 0, 0, 0, 3, 0, 1, 0, 0, 2, 1, 1, 2, 0, 0, 0, 0, 1, 1, 0, 0, 0, 1, 3, 0, 0, 1, 0, 0, 1, 0, 2, 0, 1, 0, 2, 1, 0, 0, 1, 1, 3, 0, 1, 3, 3, 1, 0, 0, 2, 0, 0, 0, 0, 1, 0, 0, 0, 1, 0, 1, 2, 0, 1, 1, 0, 0, 0, 0, 0],790.1921483697682,57957.04840138768,88951.83199580385,true
40,G1_CMAX,G1_CMAX,[31, 22, 82, 90, 26, 58, 95, 42, 77, 12, 93, 5, 78, 86, 98, 18, 44, 20, 35, 3, 97, 91, 76, 10, 85, 30, 47, 54, 45, 63, 71, 66, 1, 23, 17, 83, 24, 14, 60, 36, 6, 57, 40, 88, 65, 56, 79, 94, 67, 68, 46, 75, 38, 9, 19, 32, 81, 27, 62, 87, 15, 99, 59, 11, 16, 72, 73, 70, 39, 37, 84, 43, 80, 53, 96, 4, 50, 41, 89, 48, 21, 61, 33, 7, 51, 29, 28, 55, 25, 92, 8, 69, 0, 74, 52, 2, 13, 34, 49, 64]|[1, 1, 0, 1, 1, 0, 2, 1, 2, 1, 2, 2, 2, 1, 0, 1, 0, 2, 2, 1, 2, 2, 1, 2, 2, 2, 2, 0, 0, 0, 1, 2, 1, 2, 1, 0, 2, 0, 1, 1, 0, 1, 1, 1, 0, 2, 1, 1, 0, 0, 0, 1, 1, 1, 2, 1, 2, 0, 0, 2, 1, 0, 1, 2, 1, 2, 1, 1, 1, 1, 1, 1, 0, 0, 2, 1, 0, 0, 1, 0, 0, 1, 2, 1, 0, 0, 0, 1, 1, 0, 0, 1, 0, 2, 1, 0, 0, 2, 0, 2]|[3, 0, 2, 3, 0, 1, 1, 2, 2, 4, 1, 1, 0, 4, 1, 4, 2, 1, 1, 1, 2, 2, 2, 1, 1, 1, 2, 1, 1, 2, 3, 2, 3, 1, 4, 0, 1, 1, 0, 3, 2, 2, 4, 0, 1, 1, 0, 4, 0, 1, 2, 3, 1, 4, 0, 3, 2, 1, 2, 1, 2, 1, 1, 1, 3, 0, 4, 3, 1, 4, 1, 1, 1, 2, 1, 4, 1, 1, 1, 1, 1, 3, 1, 1, 1, 1, 2, 4, 4, 2, 2, 3, 2, 1, 1, 2, 2, 1, 1, 1]|[2, 0, 1, 2, 3, 0, 0, 1, 1, 0, 0, 0, 0, 1, 0, 3, 1, 0, 0, 1, 1, 1, 2, 0, 0, 0, 1, 0, 1, 0, 0, 0, 0, 0, 3, 0, 1, 0, 0, 2, 1, 1, 2, 0, 0, 0, 0, 2, 1, 0, 0, 0, 1, 3, 0, 0, 1, 0, 1, 0, 1, 0, 1, 0, 2, 1, 0, 0, 1, 1, 3, 3, 0, 1, 0, 0, 0, 0, 1, 0, 0, 0, 0, 2, 0, 0, 1, 3, 3, 1, 1, 2, 0, 0, 1, 0, 0, 0, 1, 0],706.0425648885516,58640.99257008452,96849.50297129861,false
40,G4_BALANCED,G1_CMAX,[22, 82, 3, 58, 95, 42, 77, 47, 5, 93, 78, 12, 86, 54, 50, 63, 18, 44, 20, 35, 43, 97, 91, 76, 10, 30, 21, 45, 71, 64, 36, 23, 17, 83, 24, 14, 60, 1, 6, 40, 57, 90, 65, 56, 79, 94, 67, 68, 46, 75, 38, 9, 19, 32, 81, 41, 27, 62, 16, 55, 59, 89, 88, 87, 31, 72, 73, 70, 39, 37, 84, 92, 25, 11, 48, 15, 29, 51, 7, 33, 61, 98, 28, 99, 26, 85, 66, 96, 53, 80, 4, 8, 34, 49, 52, 2, 13, 0, 69, 74]|[1, 0, 1, 0, 1, 2, 2, 2, 2, 2, 1, 1, 1, 0, 0, 1, 0, 2, 2, 0, 1, 2, 0, 1, 2, 2, 0, 0, 1, 2, 1, 2, 1, 0, 2, 0, 1, 1, 0, 1, 1, 1, 0, 2, 1, 1, 0, 0, 0, 0, 1, 1, 2, 1, 2, 0, 0, 0, 1, 2, 1, 1, 1, 1, 1, 2, 1, 2, 1, 1, 1, 0, 1, 2, 2, 1, 0, 0, 1, 2, 1, 2, 0, 1, 1, 0, 0, 2, 0, 0, 1, 1, 2, 0, 1, 0, 0, 0, 1, 2]|[3, 2, 1, 1, 2, 1, 2, 1, 1, 2, 4, 4, 4, 1, 1, 4, 2, 1, 1, 1, 1, 2, 1, 2, 1, 1, 2, 1, 3, 2, 3, 1, 4, 1, 1, 1, 0, 3, 2, 2, 2, 3, 1, 1, 0, 4, 0, 1, 2, 2, 1, 4, 0, 3, 2, 1, 1, 2, 3, 1, 1, 1, 0, 3, 0, 0, 3, 0, 1, 4, 1, 0, 4, 1, 1, 4, 1, 1, 1, 1, 3, 1, 2, 1, 0, 2, 1, 1, 2, 1, 4, 3, 1, 1, 1, 2, 2, 2, 4, 1]|[3, 1, 2, 0, 1, 0, 0, 0, 0, 1, 0, 0, 1, 0, 0, 3, 1, 0, 0, 0, 3, 1, 0, 2, 0, 0, 0, 1, 0, 0, 2, 0, 3, 0, 1, 0, 0, 0, 1, 1, 1, 2, 0, 0, 0, 2, 1, 0, 0, 0, 1, 3, 0, 0, 1, 0, 0, 1, 2, 0, 1, 1, 0, 2, 0, 1, 0, 1, 1, 1, 1, 1, 3, 0, 0, 3, 0, 0, 2, 0, 0, 0, 1, 1, 3, 0, 0, 0, 1, 0, 0, 2, 0, 1, 1, 0, 0, 0, 2, 0],715.7913946700162,58060.95961022334,95287.06515100288,true
40,G2_TEC,G2_TEC,[31, 22, 82, 15, 26, 9, 95, 42, 77, 68, 47, 5, 93, 78, 86, 54, 85, 63, 18, 44, 20, 49, 36, 14, 74, 50, 53, 17, 21, 28, 11, 64, 3, 23, 30, 83, 24, 41, 40, 52, 65, 27, 90, 70, 39, 87, 48, 69, 99, 4, 46, 1, 13, 58, 97, 59, 45, 8, 73, 37, 35, 79, 71, 66, 76, 32, 60, 80, 56, 6, 67, 61, 33, 7, 57, 34, 12, 16, 10, 98, 96, 88, 2, 75, 91, 43, 84, 92, 29, 19, 51, 55, 81, 89, 25, 72, 94, 38, 0, 62]|[2, 1, 2, 1, 1, 2, 1, 1, 1, 1, 1, 0, 2, 2, 1, 2, 0, 0, 0, 2, 2, 1, 0, 2, 0, 2, 2, 1, 0, 1, 1, 1, 0, 0, 1, 0, 2, 1, 2, 2, 0, 0, 1, 1, 0, 2, 0, 2, 1, 0, 0, 2, 0, 0, 2, 0, 1, 1, 0, 0, 2, 1, 1, 2, 2, 0, 2, 2, 2, 1, 2, 1, 1, 2, 0, 1, 1, 2, 1, 2, 0, 1, 0, 0, 1, 1, 0, 0, 1, 1, 1, 0, 1, 1, 1, 1, 2, 0, 2, 1]|[0, 3, 0, 3, 4, 1, 4, 4, 2, 4, 3, 2, 1, 0, 2, 1, 1, 1, 2, 1, 1, 3, 0, 1, 0, 1, 1, 4, 1, 4, 3, 2, 2, 0, 4, 1, 1, 4, 1, 1, 2, 1, 4, 4, 1, 1, 0, 2, 3, 2, 2, 1, 2, 1, 1, 2, 4, 3, 0, 2, 1, 3, 3, 1, 1, 2, 1, 1, 1, 4, 1, 3, 4, 1, 2, 4, 3, 1, 3, 1, 2, 4, 2, 2, 3, 4, 2, 2, 3, 4, 3, 2, 4, 4, 4, 4, 1, 2, 1, 3]|[0, 2, 0, 0, 3, 0, 1, 3, 0, 0, 2, 0, 1, 0, 1, 0, 0, 0, 1, 0, 0, 2, 0, 0, 1, 0, 0, 3, 0, 1, 0, 2, 0, 0, 3, 0, 1, 1, 0, 0, 0, 0, 1, 3, 0, 0, 1, 0, 2, 0, 0, 0, 0, 0, 1, 0, 1, 0, 1, 1, 0, 2, 0, 0, 0, 0, 0, 0, 0, 2, 0, 0, 1, 0, 0, 1, 0, 0, 3, 0, 0, 1, 0, 0, 0, 2, 0, 0, 3, 1, 0, 0, 2, 1, 3, 1, 0, 0, 0, 0],914.0597544875216,49177.57411962909,107642.75205892837,false
40,G3_TWC,G4_BALANCED,[31, 22, 82, 15, 26, 58, 95, 42, 77, 12, 47, 5, 93, 78, 98, 54, 85, 63, 18, 44, 20, 35, 43, 97, 91, 76, 10, 30, 21, 45, 71, 64, 1, 23, 17, 83, 24, 14, 60, 36, 6, 57, 94, 88, 65, 56, 79, 40, 67, 68, 46, 75, 38, 9, 19, 32, 81, 41, 27, 62, 87, 90, 99, 59, 11, 16, 72, 73, 70, 39, 37, 84, 3, 92, 25, 55, 28, 29, 51, 7, 33, 61, 86, 48, 89, 34, 69, 96, 53, 80, 4, 8, 50, 49, 52, 0, 13, 2, 66, 74]|[1, 1, 0, 1, 1, 1, 2, 1, 2, 1, 2, 2, 2, 1, 1, 0, 0, 1, 0, 2, 2, 0, 1, 2, 0, 1, 2, 2, 0, 0, 1, 2, 1, 2, 1, 0, 2, 0, 1, 1, 0, 1, 1, 1, 0, 2, 1, 1, 0, 0, 0, 0, 1, 1, 2, 1, 2, 0, 0, 0, 2, 1, 0, 1, 2, 1, 2, 1, 1, 1, 1, 1, 2, 0, 1, 1, 0, 0, 0, 1, 2, 1, 0, 0, 1, 2, 1, 0, 0, 0, 0, 1, 0, 0, 1, 0, 0, 0, 2, 2]|[4, 3, 2, 2, 0, 0, 2, 2, 2, 4, 1, 1, 2, 4, 4, 1, 1, 4, 2, 1, 1, 1, 1, 2, 1, 2, 1, 1, 1, 1, 3, 2, 3, 0, 4, 0, 1, 1, 0, 3, 2, 2, 4, 0, 1, 1, 0, 2, 0, 1, 2, 2, 1, 4, 0, 3, 2, 1, 1, 2, 1, 3, 1, 1, 1, 3, 0, 4, 3, 1, 4, 1, 1, 2, 4, 4, 2, 1, 1, 3, 1, 3, 1, 1, 1, 1, 3, 1, 2, 1, 2, 3, 1, 1, 1, 2, 2, 2, 1, 1]|[0, 2, 1, 1, 3, 3, 0, 1, 0, 0, 0, 0, 1, 0, 1, 0, 0, 3, 1, 0, 0, 0, 3, 1, 0, 2, 0, 0, 0, 1, 0, 0, 0, 0, 3, 0, 1, 0, 0, 2, 1, 1, 2, 0, 0, 0, 0, 1, 1, 0, 0, 0, 1, 3, 0, 0, 1, 0, 0, 1, 0, 2, 0, 1, 0, 2, 1, 0, 0, 1, 1, 3, 0, 1, 3, 3, 1, 0, 0, 2, 0, 0, 0, 0, 1, 0, 0, 0, 1, 0, 1, 2, 0, 1, 1, 0, 0, 0, 0, 0],790.1921483697682,57957.04840138768,88951.83199580385,true
40,G1_CMAX,G1_CMAX,[31, 22, 82, 90, 26, 58, 95, 42, 77, 12, 93, 5, 78, 86, 98, 18, 44, 20, 35, 3, 97, 91, 76, 10, 85, 30, 47, 54, 45, 63, 71, 66, 1, 23, 17, 83, 24, 14, 60, 36, 6, 57, 40, 88, 65, 56, 79, 94, 67, 68, 46, 75, 38, 9, 19, 32, 81, 27, 62, 87, 15, 99, 59, 11, 16, 72, 73, 70, 39, 37, 84, 43, 80, 53, 96, 4, 50, 41, 89, 48, 21, 61, 33, 7, 51, 29, 28, 55, 25, 92, 8, 69, 0, 74, 52, 2, 13, 34, 49, 64]|[1, 1, 0, 1, 1, 0, 2, 1, 2, 1, 2, 2, 2, 1, 0, 1, 0, 2, 2, 1, 2, 2, 1, 2, 2, 2, 2, 0, 0, 0, 1, 2, 1, 2, 1, 0, 2, 0, 1, 1, 0, 1, 1, 1, 0, 2, 1, 1, 0, 0, 0, 1, 1, 1, 2, 1, 2, 0, 0, 2, 1, 0, 1, 2, 1, 2, 1, 1, 1, 1, 1, 1, 0, 0, 2, 1, 0, 0, 1, 0, 0, 1, 2, 1, 0, 0, 0, 1, 1, 0, 0, 1, 0, 2, 1, 0, 0, 2, 0, 2]|[3, 0, 2, 3, 0, 1, 1, 2, 2, 4, 1, 1, 0, 4, 1, 4, 2, 1, 1, 1, 2, 2, 2, 1, 1, 1, 2, 1, 1, 2, 3, 2, 3, 1, 4, 0, 1, 1, 0, 3, 2, 2, 4, 0, 1, 1, 0, 4, 0, 1, 2, 3, 1, 4, 0, 3, 2, 1, 2, 1, 2, 1, 1, 1, 3, 0, 4, 3, 1, 4, 1, 1, 1, 2, 1, 4, 1, 1, 1, 1, 1, 3, 1, 1, 1, 1, 2, 4, 4, 2, 2, 3, 2, 1, 1, 2, 2, 1, 1, 1]|[2, 0, 1, 2, 3, 0, 0, 1, 1, 0, 0, 0, 0, 1, 0, 3, 1, 0, 0, 1, 1, 1, 2, 0, 0, 0, 1, 0, 1, 0, 0, 0, 0, 0, 3, 0, 1, 0, 0, 2, 1, 1, 2, 0, 0, 0, 0, 2, 1, 0, 0, 0, 1, 3, 0, 0, 1, 0, 1, 0, 1, 0, 1, 0, 2, 1, 0, 0, 1, 1, 3, 3, 0, 1, 0, 0, 0, 0, 1, 0, 0, 0, 0, 2, 0, 0, 1, 3, 3, 1, 1, 2, 0, 0, 1, 0, 0, 0, 1, 0],706.0425648885516,58640.99257008452,96849.50297129861,false
40,G4_BALANCED,G1_CMAX,[22, 82, 3, 58, 95, 42, 77, 47, 5, 93, 78, 12, 86, 54, 50, 63, 18, 44, 20, 35, 43, 97, 91, 76, 10, 30, 21, 45, 71, 64, 36, 23, 17, 83, 24, 14, 60, 1, 6, 40, 57, 90, 65, 56, 79, 94, 67, 68, 46, 75, 38, 9, 19, 32, 81, 41, 27, 62, 16, 55, 59, 89, 88, 87, 31, 72, 73, 70, 39, 37, 84, 92, 25, 11, 48, 15, 29, 51, 7, 33, 61, 98, 28, 99, 26, 85, 66, 96, 53, 80, 4, 8, 34, 49, 52, 2, 13, 0, 69, 74]|[1, 0, 1, 0, 1, 2, 2, 2, 2, 2, 1, 1, 1, 0, 0, 1, 0, 2, 2, 0, 1, 2, 0, 1, 2, 2, 0, 0, 1, 2, 1, 2, 1, 0, 2, 0, 1, 1, 0, 1, 1, 1, 0, 2, 1, 1, 0, 0, 0, 0, 1, 1, 2, 1, 2, 0, 0, 0, 1, 2, 1, 1, 1, 1, 1, 2, 1, 2, 1, 1, 1, 0, 1, 2, 2, 1, 0, 0, 1, 2, 1, 2, 0, 1, 1, 0, 0, 2, 0, 0, 1, 1, 2, 0, 1, 0, 0, 0, 1, 2]|[3, 2, 1, 1, 2, 1, 2, 1, 1, 2, 4, 4, 4, 1, 1, 4, 2, 1, 1, 1, 1, 2, 1, 2, 1, 1, 2, 1, 3, 2, 3, 1, 4, 1, 1, 1, 0, 3, 2, 2, 2, 3, 1, 1, 0, 4, 0, 1, 2, 2, 1, 4, 0, 3, 2, 1, 1, 2, 3, 1, 1, 1, 0, 3, 0, 0, 3, 0, 1, 4, 1, 0, 4, 1, 1, 4, 1, 1, 1, 1, 3, 1, 2, 1, 0, 2, 1, 1, 2, 1, 4, 3, 1, 1, 1, 2, 2, 2, 4, 1]|[3, 1, 2, 0, 1, 0, 0, 0, 0, 1, 0, 0, 1, 0, 0, 3, 1, 0, 0, 0, 3, 1, 0, 2, 0, 0, 0, 1, 0, 0, 2, 0, 3, 0, 1, 0, 0, 0, 1, 1, 1, 2, 0, 0, 0, 2, 1, 0, 0, 0, 1, 3, 0, 0, 1, 0, 0, 1, 2, 0, 1, 1, 0, 2, 0, 1, 0, 1, 1, 1, 1, 1, 3, 0, 0, 3, 0, 0, 2, 0, 0, 0, 1, 1, 3, 0, 0, 0, 1, 0, 0, 2, 0, 1, 1, 0, 0, 0, 2, 0],715.7913946700162,58060.95961022334,95287.06515100288,true
40,G2_TEC,G2_TEC,[31, 22, 82, 15, 26, 9, 95, 42, 77, 68, 47, 5, 93, 78, 86, 54, 85, 63, 18, 44, 20, 49, 36, 14, 74, 50, 53, 17, 21, 28, 11, 64, 3, 23, 30, 83, 24, 41, 40, 52, 65, 27, 90, 70, 39, 87, 48, 69, 99, 4, 46, 1, 13, 58, 97, 59, 45, 8, 73, 37, 35, 79, 71, 66, 76, 32, 60, 80, 56, 6, 67, 61, 33, 7, 57, 34, 12, 16, 10, 98, 96, 88, 2, 75, 91, 43, 84, 92, 29, 19, 51, 55, 81, 89, 25, 72, 94, 38, 0, 62]|[2, 1, 2, 1, 1, 2, 1, 1, 1, 1, 1, 0, 2, 2, 1, 2, 0, 0, 0, 2, 2, 1, 0, 2, 0, 2, 2, 1, 0, 1, 1, 1, 0, 0, 1, 0, 2, 1, 2, 2, 0, 0, 1, 1, 0, 2, 0, 2, 1, 0, 0, 2, 0, 0, 2, 0, 1, 1, 0, 0, 2, 1, 1, 2, 2, 0, 2, 2, 2, 1, 2, 1, 1, 2, 0, 1, 1, 2, 1, 2, 0, 1, 0, 0, 1, 1, 0, 0, 1, 1, 1, 0, 1, 1, 1, 1, 2, 0, 2, 1]|[0, 3, 0, 3, 4, 1, 4, 4, 2, 4, 3, 2, 1, 0, 2, 1, 1, 1, 2, 1, 1, 3, 0, 1, 0, 1, 1, 4, 1, 4, 3, 2, 2, 0, 4, 1, 1, 4, 1, 1, 2, 1, 4, 4, 1, 1, 0, 2, 3, 2, 2, 1, 2, 1, 1, 2, 4, 3, 0, 2, 1, 3, 3, 1, 1, 2, 1, 1, 1, 4, 1, 3, 4, 1, 2, 4, 3, 1, 3, 1, 2, 4, 2, 2, 3, 4, 2, 2, 3, 4, 3, 2, 4, 4, 4, 4, 1, 2, 1, 3]|[0, 2, 0, 0, 3, 0, 1, 3, 0, 0, 2, 0, 1, 0, 1, 0, 0, 0, 1, 0, 0, 2, 0, 0, 1, 0, 0, 3, 0, 1, 0, 2, 0, 0, 3, 0, 1, 1, 0, 0, 0, 0, 1, 3, 0, 0, 1, 0, 2, 0, 0, 0, 0, 0, 1, 0, 1, 0, 1, 1, 0, 2, 0, 0, 0, 0, 0, 0, 0, 2, 0, 0, 1, 0, 0, 1, 0, 0, 3, 0, 0, 1, 0, 0, 0, 2, 0, 0, 3, 1, 0, 0, 2, 1, 3, 1, 0, 0, 0, 0],914.0597544875216,49177.57411962909,107642.75205892837,false
40,G3_TWC,G4_BALANCED,[31, 22, 82, 15, 26, 58, 95, 42, 77, 12, 47, 5, 93, 78, 98, 54, 85, 63, 18, 44, 20, 35, 43, 97, 91, 76, 10, 30, 21, 45, 71, 64, 1, 23, 17, 83, 24, 14, 60, 36, 6, 57, 94, 88, 65, 56, 79, 40, 67, 68, 46, 75, 38, 9, 19, 32, 81, 41, 27, 62, 87, 90, 99, 59, 11, 16, 72, 73, 70, 39, 37, 84, 3, 92, 25, 55, 28, 29, 51, 7, 33, 61, 86, 48, 89, 34, 69, 96, 53, 80, 4, 8, 50, 49, 52, 0, 13, 2, 66, 74]|[1, 1, 0, 1, 1, 1, 2, 1, 2, 1, 2, 2, 2, 1, 1, 0, 0, 1, 0, 2, 2, 0, 1, 2, 0, 1, 2, 2, 0, 0, 1, 2, 1, 2, 1, 0, 2, 0, 1, 1, 0, 1, 1, 1, 0, 2, 1, 1, 0, 0, 0, 0, 1, 1, 2, 1, 2, 0, 0, 0, 2, 1, 0, 1, 2, 1, 2, 1, 1, 1, 1, 1, 2, 0, 1, 1, 0, 0, 0, 1, 2, 1, 0, 0, 1, 2, 1, 0, 0, 0, 0, 1, 0, 0, 1, 0, 0, 0, 2, 2]|[4, 3, 2, 2, 0, 0, 2, 2, 2, 4, 1, 1, 2, 4, 4, 1, 1, 4, 2, 1, 1, 1, 1, 2, 1, 2, 1, 1, 1, 1, 3, 2, 3, 0, 4, 0, 1, 1, 0, 3, 2, 2, 4, 0, 1, 1, 0, 2, 0, 1, 2, 2, 1, 4, 0, 3, 2, 1, 1, 2, 1, 3, 1, 1, 1, 3, 0, 4, 3, 1, 4, 1, 1, 2, 4, 4, 2, 1, 1, 3, 1, 3, 1, 1, 1, 1, 3, 1, 2, 1, 2, 3, 1, 1, 1, 2, 2, 2, 1, 1]|[0, 2, 1, 1, 3, 3, 0, 1, 0, 0, 0, 0, 1, 0, 1, 0, 0, 3, 1, 0, 0, 0, 3, 1, 0, 2, 0, 0, 0, 1, 0, 0, 0, 0, 3, 0, 1, 0, 0, 2, 1, 1, 2, 0, 0, 0, 0, 1, 1, 0, 0, 0, 1, 3, 0, 0, 1, 0, 0, 1, 0, 2, 0, 1, 0, 2, 1, 0, 0, 1, 1, 3, 0, 1, 3, 3, 1, 0, 0, 2, 0, 0, 0, 0, 1, 0, 0, 0, 1, 0, 1, 2, 0, 1, 1, 0, 0, 0, 0, 0],790.1921483697682,57957.04840138768,88951.83199580385,true
40,G1_CMAX,G1_CMAX,[31, 22, 82, 90, 26, 58, 95, 42, 77, 12, 93, 5, 78, 86, 98, 18, 44, 20, 35, 3, 97, 91, 76, 10, 85, 30, 47, 54, 45, 63, 71, 66, 1, 23, 17, 83, 24, 14, 60, 36, 6, 57, 40, 88, 65, 56, 79, 94, 67, 68, 46, 75, 38, 9, 19, 32, 81, 27, 62, 87, 15, 99, 59, 11, 16, 72, 73, 70, 39, 37, 84, 43, 80, 53, 96, 4, 50, 41, 89, 48, 21, 61, 33, 7, 51, 29, 28, 55, 25, 92, 8, 69, 0, 74, 52, 2, 13, 34, 49, 64]|[1, 1, 0, 1, 1, 0, 2, 1, 2, 1, 2, 2, 2, 1, 0, 1, 0, 2, 2, 1, 2, 2, 1, 2, 2, 2, 2, 0, 0, 0, 1, 2, 1, 2, 1, 0, 2, 0, 1, 1, 0, 1, 1, 1, 0, 2, 1, 1, 0, 0, 0, 1, 1, 1, 2, 1, 2, 0, 0, 2, 1, 0, 1, 2, 1, 2, 1, 1, 1, 1, 1, 1, 0, 0, 2, 1, 0, 0, 1, 0, 0, 1, 2, 1, 0, 0, 0, 1, 1, 0, 0, 1, 0, 2, 1, 0, 0, 2, 0, 2]|[3, 0, 2, 3, 0, 1, 1, 2, 2, 4, 1, 1, 0, 4, 1, 4, 2, 1, 1, 1, 2, 2, 2, 1, 1, 1, 2, 1, 1, 2, 3, 2, 3, 1, 4, 0, 1, 1, 0, 3, 2, 2, 4, 0, 1, 1, 0, 4, 0, 1, 2, 3, 1, 4, 0, 3, 2, 1, 2, 1, 2, 1, 1, 1, 3, 0, 4, 3, 1, 4, 1, 1, 1, 2, 1, 4, 1, 1, 1, 1, 1, 3, 1, 1, 1, 1, 2, 4, 4, 2, 2, 3, 2, 1, 1, 2, 2, 1, 1, 1]|[2, 0, 1, 2, 3, 0, 0, 1, 1, 0, 0, 0, 0, 1, 0, 3, 1, 0, 0, 1, 1, 1, 2, 0, 0, 0, 1, 0, 1, 0, 0, 0, 0, 0, 3, 0, 1, 0, 0, 2, 1, 1, 2, 0, 0, 0, 0, 2, 1, 0, 0, 0, 1, 3, 0, 0, 1, 0, 1, 0, 1, 0, 1, 0, 2, 1, 0, 0, 1, 1, 3, 3, 0, 1, 0, 0, 0, 0, 1, 0, 0, 0, 0, 2, 0, 0, 1, 3, 3, 1, 1, 2, 0, 0, 1, 0, 0, 0, 1, 0],706.0425648885516,58640.99257008452,96849.50297129861,false
40,G4_BALANCED,G1_CMAX,[22, 82, 3, 58, 95, 42, 77, 47, 5, 93, 78, 12, 86, 54, 50, 63, 18, 44, 20, 35, 43, 97, 91, 76, 10, 30, 21, 45, 71, 64, 36, 23, 17, 83, 24, 14, 60, 1, 6, 40, 57, 90, 65, 56, 79, 94, 67, 68, 46, 75, 38, 9, 19, 32, 81, 41, 27, 62, 16, 55, 59, 89, 88, 87, 31, 72, 73, 70, 39, 37, 84, 92, 25, 11, 48, 15, 29, 51, 7, 33, 61, 98, 28, 99, 26, 85, 66, 96, 53, 80, 4, 8, 34, 49, 52, 2, 13, 0, 69, 74]|[1, 0, 1, 0, 1, 2, 2, 2, 2, 2, 1, 1, 1, 0, 0, 1, 0, 2, 2, 0, 1, 2, 0, 1, 2, 2, 0, 0, 1, 2, 1, 2, 1, 0, 2, 0, 1, 1, 0, 1, 1, 1, 0, 2, 1, 1, 0, 0, 0, 0, 1, 1, 2, 1, 2, 0, 0, 0, 1, 2, 1, 1, 1, 1, 1, 2, 1, 2, 1, 1, 1, 0, 1, 2, 2, 1, 0, 0, 1, 2, 1, 2, 0, 1, 1, 0, 0, 2, 0, 0, 1, 1, 2, 0, 1, 0, 0, 0, 1, 2]|[3, 2, 1, 1, 2, 1, 2, 1, 1, 2, 4, 4, 4, 1, 1, 4, 2, 1, 1, 1, 1, 2, 1, 2, 1, 1, 2, 1, 3, 2, 3, 1, 4, 1, 1, 1, 0, 3, 2, 2, 2, 3, 1, 1, 0, 4, 0, 1, 2, 2, 1, 4, 0, 3, 2, 1, 1, 2, 3, 1, 1, 1, 0, 3, 0, 0, 3, 0, 1, 4, 1, 0, 4, 1, 1, 4, 1, 1, 1, 1, 3, 1, 2, 1, 0, 2, 1, 1, 2, 1, 4, 3, 1, 1, 1, 2, 2, 2, 4, 1]|[3, 1, 2, 0, 1, 0, 0, 0, 0, 1, 0, 0, 1, 0, 0, 3, 1, 0, 0, 0, 3, 1, 0, 2, 0, 0, 0, 1, 0, 0, 2, 0, 3, 0, 1, 0, 0, 0, 1, 1, 1, 2, 0, 0, 0, 2, 1, 0, 0, 0, 1, 3, 0, 0, 1, 0, 0, 1, 2, 0, 1, 1, 0, 2, 0, 1, 0, 1, 1, 1, 1, 1, 3, 0, 0, 3, 0, 0, 2, 0, 0, 0, 1, 1, 3, 0, 0, 0, 1, 0, 0, 2, 0, 1, 1, 0, 0, 0, 2, 0],715.7913946700162,58060.95961022334,95287.06515100288,true
40,G2_TEC,G2_TEC,[31, 22, 82, 15, 26, 9, 95, 42, 77, 68, 47, 5, 93, 78, 86, 54, 85, 63, 18, 44, 20, 49, 36, 14, 74, 50, 53, 17, 21, 28, 11, 64, 3, 23, 30, 83, 24, 41, 40, 52, 65, 27, 90, 70, 39, 87, 48, 69, 99, 4, 46, 1, 13, 58, 97, 59, 45, 8, 73, 37, 35, 79, 71, 66, 76, 32, 60, 80, 56, 6, 67, 61, 33, 7, 57, 34, 12, 16, 10, 98, 96, 88, 2, 75, 91, 43, 84, 92, 29, 19, 51, 55, 81, 89, 25, 72, 94, 38, 0, 62]|[2, 1, 2, 1, 1, 2, 1, 1, 1, 1, 1, 0, 2, 2, 1, 2, 0, 0, 0, 2, 2, 1, 0, 2, 0, 2, 2, 1, 0, 1, 1, 1, 0, 0, 1, 0, 2, 1, 2, 2, 0, 0, 1, 1, 0, 2, 0, 2, 1, 0, 0, 2, 0, 0, 2, 0, 1, 1, 0, 0, 2, 1, 1, 2, 2, 0, 2, 2, 2, 1, 2, 1, 1, 2, 0, 1, 1, 2, 1, 2, 0, 1, 0, 0, 1, 1, 0, 0, 1, 1, 1, 0, 1, 1, 1, 1, 2, 0, 2, 1]|[0, 3, 0, 3, 4, 1, 4, 4, 2, 4, 3, 2, 1, 0, 2, 1, 1, 1, 2, 1, 1, 3, 0, 1, 0, 1, 1, 4, 1, 4, 3, 2, 2, 0, 4, 1, 1, 4, 1, 1, 2, 1, 4, 4, 1, 1, 0, 2, 3, 2, 2, 1, 2, 1, 1, 2, 4, 3, 0, 2, 1, 3, 3, 1, 1, 2, 1, 1, 1, 4, 1, 3, 4, 1, 2, 4, 3, 1, 3, 1, 2, 4, 2, 2, 3, 4, 2, 2, 3, 4, 3, 2, 4, 4, 4, 4, 1, 2, 1, 3]|[0, 2, 0, 0, 3, 0, 1, 3, 0, 0, 2, 0, 1, 0, 1, 0, 0, 0, 1, 0, 0, 2, 0, 0, 1, 0, 0, 3, 0, 1, 0, 2, 0, 0, 3, 0, 1, 1, 0, 0, 0, 0, 1, 3, 0, 0, 1, 0, 2, 0, 0, 0, 0, 0, 1, 0, 1, 0, 1, 1, 0, 2, 0, 0, 0, 0, 0, 0, 0, 2, 0, 0, 1, 0, 0, 1, 0, 0, 3, 0, 0, 1, 0, 0, 0, 2, 0, 0, 3, 1, 0, 0, 2, 1, 3, 1, 0, 0, 0, 0],914.0597544875216,49177.57411962909,107642.75205892837,false
40,G3_TWC,G4_BALANCED,[31, 22, 82, 15, 26, 58, 95, 42, 77, 12, 47, 5, 93, 78, 98, 54, 85, 63, 18, 44, 20, 35, 43, 97, 91, 76, 10, 30, 21, 45, 71, 64, 1, 23, 17, 83, 24, 14, 60, 36, 6, 57, 94, 88, 65, 56, 79, 40, 67, 68, 46, 75, 38, 9, 19, 32, 81, 41, 27, 62, 87, 90, 99, 59, 11, 16, 72, 73, 70, 39, 37, 84, 3, 92, 25, 55, 28, 29, 51, 7, 33, 61, 86, 48, 89, 34, 69, 96, 53, 80, 4, 8, 50, 49, 52, 0, 13, 2, 66, 74]|[1, 1, 0, 1, 1, 1, 2, 1, 2, 1, 2, 2, 2, 1, 1, 0, 0, 1, 0, 2, 2, 0, 1, 2, 0, 1, 2, 2, 0, 0, 1, 2, 1, 2, 1, 0, 2, 0, 1, 1, 0, 1, 1, 1, 0, 2, 1, 1, 0, 0, 0, 0, 1, 1, 2, 1, 2, 0, 0, 0, 2, 1, 0, 1, 2, 1, 2, 1, 1, 1, 1, 1, 2, 0, 1, 1, 0, 0, 0, 1, 2, 1, 0, 0, 1, 2, 1, 0, 0, 0, 0, 1, 0, 0, 1, 0, 0, 0, 2, 2]|[4, 3, 2, 2, 0, 0, 2, 2, 2, 4, 1, 1, 2, 4, 4, 1, 1, 4, 2, 1, 1, 1, 1, 2, 1, 2, 1, 1, 1, 1, 3, 2, 3, 0, 4, 0, 1, 1, 0, 3, 2, 2, 4, 0, 1, 1, 0, 2, 0, 1, 2, 2, 1, 4, 0, 3, 2, 1, 1, 2, 1, 3, 1, 1, 1, 3, 0, 4, 3, 1, 4, 1, 1, 2, 4, 4, 2, 1, 1, 3, 1, 3, 1, 1, 1, 1, 3, 1, 2, 1, 2, 3, 1, 1, 1, 2, 2, 2, 1, 1]|[0, 2, 1, 1, 3, 3, 0, 1, 0, 0, 0, 0, 1, 0, 1, 0, 0, 3, 1, 0, 0, 0, 3, 1, 0, 2, 0, 0, 0, 1, 0, 0, 0, 0, 3, 0, 1, 0, 0, 2, 1, 1, 2, 0, 0, 0, 0, 1, 1, 0, 0, 0, 1, 3, 0, 0, 1, 0, 0, 1, 0, 2, 0, 1, 0, 2, 1, 0, 0, 1, 1, 3, 0, 1, 3, 3, 1, 0, 0, 2, 0, 0, 0, 0, 1, 0, 0, 0, 1, 0, 1, 2, 0, 1, 1, 0, 0, 0, 0, 0],790.1921483697682,57957.04840138768,88951.83199580385,true
40,G1_CMAX,G1_CMAX,[31, 22, 82, 90, 26, 58, 95, 42, 77, 12, 93, 5, 78, 86, 98, 18, 44, 20, 35, 3, 97, 91, 76, 10, 85, 30, 47, 54, 45, 63, 71, 66, 1, 23, 17, 83, 24, 14, 60, 36, 6, 57, 40, 88, 65, 56, 79, 94, 67, 68, 46, 75, 38, 9, 19, 32, 81, 27, 62, 87, 15, 99, 59, 11, 16, 72, 73, 70, 39, 37, 84, 43, 80, 53, 96, 4, 50, 41, 89, 48, 21, 61, 33, 7, 51, 29, 28, 55, 25, 92, 8, 69, 0, 74, 52, 2, 13, 34, 49, 64]|[1, 1, 0, 1, 1, 0, 2, 1, 2, 1, 2, 2, 2, 1, 0, 1, 0, 2, 2, 1, 2, 2, 1, 2, 2, 2, 2, 0, 0, 0, 1, 2, 1, 2, 1, 0, 2, 0, 1, 1, 0, 1, 1, 1, 0, 2, 1, 1, 0, 0, 0, 1, 1, 1, 2, 1, 2, 0, 0, 2, 1, 0, 1, 2, 1, 2, 1, 1, 1, 1, 1, 1, 0, 0, 2, 1, 0, 0, 1, 0, 0, 1, 2, 1, 0, 0, 0, 1, 1, 0, 0, 1, 0, 2, 1, 0, 0, 2, 0, 2]|[3, 0, 2, 3, 0, 1, 1, 2, 2, 4, 1, 1, 0, 4, 1, 4, 2, 1, 1, 1, 2, 2, 2, 1, 1, 1, 2, 1, 1, 2, 3, 2, 3, 1, 4, 0, 1, 1, 0, 3, 2, 2, 4, 0, 1, 1, 0, 4, 0, 1, 2, 3, 1, 4, 0, 3, 2, 1, 2, 1, 2, 1, 1, 1, 3, 0, 4, 3, 1, 4, 1, 1, 1, 2, 1, 4, 1, 1, 1, 1, 1, 3, 1, 1, 1, 1, 2, 4, 4, 2, 2, 3, 2, 1, 1, 2, 2, 1, 1, 1]|[2, 0, 1, 2, 3, 0, 0, 1, 1, 0, 0, 0, 0, 1, 0, 3, 1, 0, 0, 1, 1, 1, 2, 0, 0, 0, 1, 0, 1, 0, 0, 0, 0, 0, 3, 0, 1, 0, 0, 2, 1, 1, 2, 0, 0, 0, 0, 2, 1, 0, 0, 0, 1, 3, 0, 0, 1, 0, 1, 0, 1, 0, 1, 0, 2, 1, 0, 0, 1, 1, 3, 3, 0, 1, 0, 0, 0, 0, 1, 0, 0, 0, 0, 2, 0, 0, 1, 3, 3, 1, 1, 2, 0, 0, 1, 0, 0, 0, 1, 0],706.0425648885516,58640.99257008452,96849.50297129861,false
40,G4_BALANCED,G1_CMAX,[22, 82, 3, 58, 95, 42, 77, 47, 5, 93, 78, 12, 86, 54, 50, 63, 18, 44, 20, 35, 43, 97, 91, 76, 10, 30, 21, 45, 71, 64, 36, 23, 17, 83, 24, 14, 60, 1, 6, 40, 57, 90, 65, 56, 79, 94, 67, 68, 46, 75, 38, 9, 19, 32, 81, 41, 27, 62, 16, 55, 59, 89, 88, 87, 31, 72, 73, 70, 39, 37, 84, 92, 25, 11, 48, 15, 29, 51, 7, 33, 61, 98, 28, 99, 26, 85, 66, 96, 53, 80, 4, 8, 34, 49, 52, 2, 13, 0, 69, 74]|[1, 0, 1, 0, 1, 2, 2, 2, 2, 2, 1, 1, 1, 0, 0, 1, 0, 2, 2, 0, 1, 2, 0, 1, 2, 2, 0, 0, 1, 2, 1, 2, 1, 0, 2, 0, 1, 1, 0, 1, 1, 1, 0, 2, 1, 1, 0, 0, 0, 0, 1, 1, 2, 1, 2, 0, 0, 0, 1, 2, 1, 1, 1, 1, 1, 2, 1, 2, 1, 1, 1, 0, 1, 2, 2, 1, 0, 0, 1, 2, 1, 2, 0, 1, 1, 0, 0, 2, 0, 0, 1, 1, 2, 0, 1, 0, 0, 0, 1, 2]|[3, 2, 1, 1, 2, 1, 2, 1, 1, 2, 4, 4, 4, 1, 1, 4, 2, 1, 1, 1, 1, 2, 1, 2, 1, 1, 2, 1, 3, 2, 3, 1, 4, 1, 1, 1, 0, 3, 2, 2, 2, 3, 1, 1, 0, 4, 0, 1, 2, 2, 1, 4, 0, 3, 2, 1, 1, 2, 3, 1, 1, 1, 0, 3, 0, 0, 3, 0, 1, 4, 1, 0, 4, 1, 1, 4, 1, 1, 1, 1, 3, 1, 2, 1, 0, 2, 1, 1, 2, 1, 4, 3, 1, 1, 1, 2, 2, 2, 4, 1]|[3, 1, 2, 0, 1, 0, 0, 0, 0, 1, 0, 0, 1, 0, 0, 3, 1, 0, 0, 0, 3, 1, 0, 2, 0, 0, 0, 1, 0, 0, 2, 0, 3, 0, 1, 0, 0, 0, 1, 1, 1, 2, 0, 0, 0, 2, 1, 0, 0, 0, 1, 3, 0, 0, 1, 0, 0, 1, 2, 0, 1, 1, 0, 2, 0, 1, 0, 1, 1, 1, 1, 1, 3, 0, 0, 3, 0, 0, 2, 0, 0, 0, 1, 1, 3, 0, 0, 0, 1, 0, 0, 2, 0, 1, 1, 0, 0, 0, 2, 0],715.7913946700162,58060.95961022334,95287.06515100288,true
40,G2_TEC,G2_TEC,[31, 22, 82, 15, 26, 9, 95, 42, 77, 68, 47, 5, 93, 78, 86, 54, 85, 63, 18, 44, 20, 49, 36, 14, 74, 50, 53, 17, 21, 28, 11, 64, 3, 23, 30, 83, 24, 41, 40, 52, 65, 27, 90, 70, 39, 87, 48, 69, 99, 4, 46, 1, 13, 58, 97, 59, 45, 8, 73, 37, 35, 79, 71, 66, 76, 32, 60, 80, 56, 6, 67, 61, 33, 7, 57, 34, 12, 16, 10, 98, 96, 88, 2, 75, 91, 43, 84, 92, 29, 19, 51, 55, 81, 89, 25, 72, 94, 38, 0, 62]|[2, 1, 2, 1, 1, 2, 1, 1, 1, 1, 1, 0, 2, 2, 1, 2, 0, 0, 0, 2, 2, 1, 0, 2, 0, 2, 2, 1, 0, 1, 1, 1, 0, 0, 1, 0, 2, 1, 2, 2, 0, 0, 1, 1, 0, 2, 0, 2, 1, 0, 0, 2, 0, 0, 2, 0, 1, 1, 0, 0, 2, 1, 1, 2, 2, 0, 2, 2, 2, 1, 2, 1, 1, 2, 0, 1, 1, 2, 1, 2, 0, 1, 0, 0, 1, 1, 0, 0, 1, 1, 1, 0, 1, 1, 1, 1, 2, 0, 2, 1]|[0, 3, 0, 3, 4, 1, 4, 4, 2, 4, 3, 2, 1, 0, 2, 1, 1, 1, 2, 1, 1, 3, 0, 1, 0, 1, 1, 4, 1, 4, 3, 2, 2, 0, 4, 1, 1, 4, 1, 1, 2, 1, 4, 4, 1, 1, 0, 2, 3, 2, 2, 1, 2, 1, 1, 2, 4, 3, 0, 2, 1, 3, 3, 1, 1, 2, 1, 1, 1, 4, 1, 3, 4, 1, 2, 4, 3, 1, 3, 1, 2, 4, 2, 2, 3, 4, 2, 2, 3, 4, 3, 2, 4, 4, 4, 4, 1, 2, 1, 3]|[0, 2, 0, 0, 3, 0, 1, 3, 0, 0, 2, 0, 1, 0, 1, 0, 0, 0, 1, 0, 0, 2, 0, 0, 1, 0, 0, 3, 0, 1, 0, 2, 0, 0, 3, 0, 1, 1, 0, 0, 0, 0, 1, 3, 0, 0, 1, 0, 2, 0, 0, 0, 0, 0, 1, 0, 1, 0, 1, 1, 0, 2, 0, 0, 0, 0, 0, 0, 0, 2, 0, 0, 1, 0, 0, 1, 0, 0, 3, 0, 0, 1, 0, 0, 0, 2, 0, 0, 3, 1, 0, 0, 2, 1, 3, 1, 0, 0, 0, 0],914.0597544875216,49177.57411962909,107642.75205892837,false
40,G3_TWC,G4_BALANCED,[31, 22, 82, 15, 26, 58, 95, 42, 77, 12, 47, 5, 93, 78, 98, 54, 85, 63, 18, 44, 20, 35, 43, 97, 91, 76, 10, 30, 21, 45, 71, 64, 1, 23, 17, 83, 24, 14, 60, 36, 6, 57, 94, 88, 65, 56, 79, 40, 67, 68, 46, 75, 38, 9, 19, 32, 81, 41, 27, 62, 87, 90, 99, 59, 11, 16, 72, 73, 70, 39, 37, 84, 3, 92, 25, 55, 28, 29, 51, 7, 33, 61, 86, 48, 89, 34, 69, 96, 53, 80, 4, 8, 50, 49, 52, 0, 13, 2, 66, 74]|[1, 1, 0, 1, 1, 1, 2, 1, 2, 1, 2, 2, 2, 1, 1, 0, 0, 1, 0, 2, 2, 0, 1, 2, 0, 1, 2, 2, 0, 0, 1, 2, 1, 2, 1, 0, 2, 0, 1, 1, 0, 1, 1, 1, 0, 2, 1, 1, 0, 0, 0, 0, 1, 1, 2, 1, 2, 0, 0, 0, 2, 1, 0, 1, 2, 1, 2, 1, 1, 1, 1, 1, 2, 0, 1, 1, 0, 0, 0, 1, 2, 1, 0, 0, 1, 2, 1, 0, 0, 0, 0, 1, 0, 0, 1, 0, 0, 0, 2, 2]|[4, 3, 2, 2, 0, 0, 2, 2, 2, 4, 1, 1, 2, 4, 4, 1, 1, 4, 2, 1, 1, 1, 1, 2, 1, 2, 1, 1, 1, 1, 3, 2, 3, 0, 4, 0, 1, 1, 0, 3, 2, 2, 4, 0, 1, 1, 0, 2, 0, 1, 2, 2, 1, 4, 0, 3, 2, 1, 1, 2, 1, 3, 1, 1, 1, 3, 0, 4, 3, 1, 4, 1, 1, 2, 4, 4, 2, 1, 1, 3, 1, 3, 1, 1, 1, 1, 3, 1, 2, 1, 2, 3, 1, 1, 1, 2, 2, 2, 1, 1]|[0, 2, 1, 1, 3, 3, 0, 1, 0, 0, 0, 0, 1, 0, 1, 0, 0, 3, 1, 0, 0, 0, 3, 1, 0, 2, 0, 0, 0, 1, 0, 0, 0, 0, 3, 0, 1, 0, 0, 2, 1, 1, 2, 0, 0, 0, 0, 1, 1, 0, 0, 0, 1, 3, 0, 0, 1, 0, 0, 1, 0, 2, 0, 1, 0, 2, 1, 0, 0, 1, 1, 3, 0, 1, 3, 3, 1, 0, 0, 2, 0, 0, 0, 0, 1, 0, 0, 0, 1, 0, 1, 2, 0, 1, 1, 0, 0, 0, 0, 0],790.1921483697682,57957.04840138768,88951.83199580385,true
40,G1_CMAX,G1_CMAX,[31, 22, 82, 90, 26, 58, 95, 42, 77, 12, 93, 5, 78, 86, 98, 18, 44, 20, 35, 3, 97, 91, 76, 10, 85, 30, 47, 54, 45, 63, 71, 66, 1, 23, 17, 83, 24, 14, 60, 36, 6, 57, 40, 88, 65, 56, 79, 94, 67, 68, 46, 75, 38, 9, 19, 32, 81, 27, 62, 87, 15, 99, 59, 11, 16, 72, 73, 70, 39, 37, 84, 43, 80, 53, 96, 4, 50, 41, 89, 48, 21, 61, 33, 7, 51, 29, 28, 55, 25, 92, 8, 69, 0, 74, 52, 2, 13, 34, 49, 64]|[1, 1, 0, 1, 1, 0, 2, 1, 2, 1, 2, 2, 2, 1, 0, 1, 0, 2, 2, 1, 2, 2, 1, 2, 2, 2, 2, 0, 0, 0, 1, 2, 1, 2, 1, 0, 2, 0, 1, 1, 0, 1, 1, 1, 0, 2, 1, 1, 0, 0, 0, 1, 1, 1, 2, 1, 2, 0, 0, 2, 1, 0, 1, 2, 1, 2, 1, 1, 1, 1, 1, 1, 0, 0, 2, 1, 0, 0, 1, 0, 0, 1, 2, 1, 0, 0, 0, 1, 1, 0, 0, 1, 0, 2, 1, 0, 0, 2, 0, 2]|[3, 0, 2, 3, 0, 1, 1, 2, 2, 4, 1, 1, 0, 4, 1, 4, 2, 1, 1, 1, 2, 2, 2, 1, 1, 1, 2, 1, 1, 2, 3, 2, 3, 1, 4, 0, 1, 1, 0, 3, 2, 2, 4, 0, 1, 1, 0, 4, 0, 1, 2, 3, 1, 4, 0, 3, 2, 1, 2, 1, 2, 1, 1, 1, 3, 0, 4, 3, 1, 4, 1, 1, 1, 2, 1, 4, 1, 1, 1, 1, 1, 3, 1, 1, 1, 1, 2, 4, 4, 2, 2, 3, 2, 1, 1, 2, 2, 1, 1, 1]|[2, 0, 1, 2, 3, 0, 0, 1, 1, 0, 0, 0, 0, 1, 0, 3, 1, 0, 0, 1, 1, 1, 2, 0, 0, 0, 1, 0, 1, 0, 0, 0, 0, 0, 3, 0, 1, 0, 0, 2, 1, 1, 2, 0, 0, 0, 0, 2, 1, 0, 0, 0, 1, 3, 0, 0, 1, 0, 1, 0, 1, 0, 1, 0, 2, 1, 0, 0, 1, 1, 3, 3, 0, 1, 0, 0, 0, 0, 1, 0, 0, 0, 0, 2, 0, 0, 1, 3, 3, 1, 1, 2, 0, 0, 1, 0, 0, 0, 1, 0],706.0425648885516,58640.99257008452,96849.50297129861,false
40,G4_BALANCED,G1_CMAX,[22, 82, 3, 58, 95, 42, 77, 47, 5, 93, 78, 12, 86, 54, 50, 63, 18, 44, 20, 35, 43, 97, 91, 76, 10, 30, 21, 45, 71, 64, 36, 23, 17, 83, 24, 14, 60, 1, 6, 40, 57, 90, 65, 56, 79, 94, 67, 68, 46, 75, 38, 9, 19, 32, 81, 41, 27, 62, 16, 55, 59, 89, 88, 87, 31, 72, 73, 70, 39, 37, 84, 92, 25, 11, 48, 15, 29, 51, 7, 33, 61, 98, 28, 99, 26, 85, 66, 96, 53, 80, 4, 8, 34, 49, 52, 2, 13, 0, 69, 74]|[1, 0, 1, 0, 1, 2, 2, 2, 2, 2, 1, 1, 1, 0, 0, 1, 0, 2, 2, 0, 1, 2, 0, 1, 2, 2, 0, 0, 1, 2, 1, 2, 1, 0, 2, 0, 1, 1, 0, 1, 1, 1, 0, 2, 1, 1, 0, 0, 0, 0, 1, 1, 2, 1, 2, 0, 0, 0, 1, 2, 1, 1, 1, 1, 1, 2, 1, 2, 1, 1, 1, 0, 1, 2, 2, 1, 0, 0, 1, 2, 1, 2, 0, 1, 1, 0, 0, 2, 0, 0, 1, 1, 2, 0, 1, 0, 0, 0, 1, 2]|[3, 2, 1, 1, 2, 1, 2, 1, 1, 2, 4, 4, 4, 1, 1, 4, 2, 1, 1, 1, 1, 2, 1, 2, 1, 1, 2, 1, 3, 2, 3, 1, 4, 1, 1, 1, 0, 3, 2, 2, 2, 3, 1, 1, 0, 4, 0, 1, 2, 2, 1, 4, 0, 3, 2, 1, 1, 2, 3, 1, 1, 1, 0, 3, 0, 0, 3, 0, 1, 4, 1, 0, 4, 1, 1, 4, 1, 1, 1, 1, 3, 1, 2, 1, 0, 2, 1, 1, 2, 1, 4, 3, 1, 1, 1, 2, 2, 2, 4, 1]|[3, 1, 2, 0, 1, 0, 0, 0, 0, 1, 0, 0, 1, 0, 0, 3, 1, 0, 0, 0, 3, 1, 0, 2, 0, 0, 0, 1, 0, 0, 2, 0, 3, 0, 1, 0, 0, 0, 1, 1, 1, 2, 0, 0, 0, 2, 1, 0, 0, 0, 1, 3, 0, 0, 1, 0, 0, 1, 2, 0, 1, 1, 0, 2, 0, 1, 0, 1, 1, 1, 1, 1, 3, 0, 0, 3, 0, 0, 2, 0, 0, 0, 1, 1, 3, 0, 0, 0, 1, 0, 0, 2, 0, 1, 1, 0, 0, 0, 2, 0],715.7913946700162,58060.95961022334,95287.06515100288,true
40,G2_TEC,G2_TEC,[31, 22, 82, 15, 26, 9, 95, 42, 77, 68, 47, 5, 93, 78, 86, 54, 85, 63, 18, 44, 20, 49, 36, 14, 74, 50, 53, 17, 21, 28, 11, 64, 3, 23, 30, 83, 24, 41, 40, 52, 65, 27, 90, 70, 39, 87, 48, 69, 99, 4, 46, 1, 13, 58, 97, 59, 45, 8, 73, 37, 35, 79, 71, 66, 76, 32, 60, 80, 56, 6, 67, 61, 33, 7, 57, 34, 12, 16, 10, 98, 96, 88, 2, 75, 91, 43, 84, 92, 29, 19, 51, 55, 81, 89, 25, 72, 94, 38, 0, 62]|[2, 1, 2, 1, 1, 2, 1, 1, 1, 1, 1, 0, 2, 2, 1, 2, 0, 0, 0, 2, 2, 1, 0, 2, 0, 2, 2, 1, 0, 1, 1, 1, 0, 0, 1, 0, 2, 1, 2, 2, 0, 0, 1, 1, 0, 2, 0, 2, 1, 0, 0, 2, 0, 0, 2, 0, 1, 1, 0, 0, 2, 1, 1, 2, 2, 0, 2, 2, 2, 1, 2, 1, 1, 2, 0, 1, 1, 2, 1, 2, 0, 1, 0, 0, 1, 1, 0, 0, 1, 1, 1, 0, 1, 1, 1, 1, 2, 0, 2, 1]|[0, 3, 0, 3, 4, 1, 4, 4, 2, 4, 3, 2, 1, 0, 2, 1, 1, 1, 2, 1, 1, 3, 0, 1, 0, 1, 1, 4, 1, 4, 3, 2, 2, 0, 4, 1, 1, 4, 1, 1, 2, 1, 4, 4, 1, 1, 0, 2, 3, 2, 2, 1, 2, 1, 1, 2, 4, 3, 0, 2, 1, 3, 3, 1, 1, 2, 1, 1, 1, 4, 1, 3, 4, 1, 2, 4, 3, 1, 3, 1, 2, 4, 2, 2, 3, 4, 2, 2, 3, 4, 3, 2, 4, 4, 4, 4, 1, 2, 1, 3]|[0, 2, 0, 0, 3, 0, 1, 3, 0, 0, 2, 0, 1, 0, 1, 0, 0, 0, 1, 0, 0, 2, 0, 0, 1, 0, 0, 3, 0, 1, 0, 2, 0, 0, 3, 0, 1, 1, 0, 0, 0, 0, 1, 3, 0, 0, 1, 0, 2, 0, 0, 0, 0, 0, 1, 0, 1, 0, 1, 1, 0, 2, 0, 0, 0, 0, 0, 0, 0, 2, 0, 0, 1, 0, 0, 1, 0, 0, 3, 0, 0, 1, 0, 0, 0, 2, 0, 0, 3, 1, 0, 0, 2, 1, 3, 1, 0, 0, 0, 0],914.0597544875216,49177.57411962909,107642.75205892837,false
40,G3_TWC,G4_BALANCED,[31, 22, 82, 15, 26, 58, 95, 42, 77, 12, 47, 5, 93, 78, 98, 54, 85, 63, 18, 44, 20, 35, 43, 97, 91, 76, 10, 30, 21, 45, 71, 64, 1, 23, 17, 83, 24, 14, 60, 36, 6, 57, 94, 88, 65, 56, 79, 40, 67, 68, 46, 75, 38, 9, 19, 32, 81, 41, 27, 62, 87, 90, 99, 59, 11, 16, 72, 73, 70, 39, 37, 84, 3, 92, 25, 55, 28, 29, 51, 7, 33, 61, 86, 48, 89, 34, 69, 96, 53, 80, 4, 8, 50, 49, 52, 0, 13, 2, 66, 74]|[1, 1, 0, 1, 1, 1, 2, 1, 2, 1, 2, 2, 2, 1, 1, 0, 0, 1, 0, 2, 2, 0, 1, 2, 0, 1, 2, 2, 0, 0, 1, 2, 1, 2, 1, 0, 2, 0, 1, 1, 0, 1, 1, 1, 0, 2, 1, 1, 0, 0, 0, 0, 1, 1, 2, 1, 2, 0, 0, 0, 2, 1, 0, 1, 2, 1, 2, 1, 1, 1, 1, 1, 2, 0, 1, 1, 0, 0, 0, 1, 2, 1, 0, 0, 1, 2, 1, 0, 0, 0, 0, 1, 0, 0, 1, 0, 0, 0, 2, 2]|[4, 3, 2, 2, 0, 0, 2, 2, 2, 4, 1, 1, 2, 4, 4, 1, 1, 4, 2, 1, 1, 1, 1, 2, 1, 2, 1, 1, 1, 1, 3, 2, 3, 0, 4, 0, 1, 1, 0, 3, 2, 2, 4, 0, 1, 1, 0, 2, 0, 1, 2, 2, 1, 4, 0, 3, 2, 1, 1, 2, 1, 3, 1, 1, 1, 3, 0, 4, 3, 1, 4, 1, 1, 2, 4, 4, 2, 1, 1, 3, 1, 3, 1, 1, 1, 1, 3, 1, 2, 1, 2, 3, 1, 1, 1, 2, 2, 2, 1, 1]|[0, 2, 1, 1, 3, 3, 0, 1, 0, 0, 0, 0, 1, 0, 1, 0, 0, 3, 1, 0, 0, 0, 3, 1, 0, 2, 0, 0, 0, 1, 0, 0, 0, 0, 3, 0, 1, 0, 0, 2, 1, 1, 2, 0, 0, 0, 0, 1, 1, 0, 0, 0, 1, 3, 0, 0, 1, 0, 0, 1, 0, 2, 0, 1, 0, 2, 1, 0, 0, 1, 1, 3, 0, 1, 3, 3, 1, 0, 0, 2, 0, 0, 0, 0, 1, 0, 0, 0, 1, 0, 1, 2, 0, 1, 1, 0, 0, 0, 0, 0],790.1921483697682,57957.04840138768,88951.83199580385,true
40,G1_CMAX,G1_CMAX,[31, 22, 82, 90, 26, 58, 95, 42, 77, 12, 93, 5, 78, 86, 98, 18, 44, 20, 35, 3, 97, 91, 76, 10, 85, 30, 47, 54, 45, 63, 71, 66, 1, 23, 17, 83, 24, 14, 60, 36, 6, 57, 40, 88, 65, 56, 79, 94, 67, 68, 46, 75, 38, 9, 19, 32, 81, 27, 62, 87, 15, 99, 59, 11, 16, 72, 73, 70, 39, 37, 84, 43, 80, 53, 96, 4, 50, 41, 89, 48, 21, 61, 33, 7, 51, 29, 28, 55, 25, 92, 8, 69, 0, 74, 52, 2, 13, 34, 49, 64]|[1, 1, 0, 1, 1, 0, 2, 1, 2, 1, 2, 2, 2, 1, 0, 1, 0, 2, 2, 1, 2, 2, 1, 2, 2, 2, 2, 0, 0, 0, 1, 2, 1, 2, 1, 0, 2, 0, 1, 1, 0, 1, 1, 1, 0, 2, 1, 1, 0, 0, 0, 1, 1, 1, 2, 1, 2, 0, 0, 2, 1, 0, 1, 2, 1, 2, 1, 1, 1, 1, 1, 1, 0, 0, 2, 1, 0, 0, 1, 0, 0, 1, 2, 1, 0, 0, 0, 1, 1, 0, 0, 1, 0, 2, 1, 0, 0, 2, 0, 2]|[3, 0, 2, 3, 0, 1, 1, 2, 2, 4, 1, 1, 0, 4, 1, 4, 2, 1, 1, 1, 2, 2, 2, 1, 1, 1, 2, 1, 1, 2, 3, 2, 3, 1, 4, 0, 1, 1, 0, 3, 2, 2, 4, 0, 1, 1, 0, 4, 0, 1, 2, 3, 1, 4, 0, 3, 2, 1, 2, 1, 2, 1, 1, 1, 3, 0, 4, 3, 1, 4, 1, 1, 1, 2, 1, 4, 1, 1, 1, 1, 1, 3, 1, 1, 1, 1, 2, 4, 4, 2, 2, 3, 2, 1, 1, 2, 2, 1, 1, 1]|[2, 0, 1, 2, 3, 0, 0, 1, 1, 0, 0, 0, 0, 1, 0, 3, 1, 0, 0, 1, 1, 1, 2, 0, 0, 0, 1, 0, 1, 0, 0, 0, 0, 0, 3, 0, 1, 0, 0, 2, 1, 1, 2, 0, 0, 0, 0, 2, 1, 0, 0, 0, 1, 3, 0, 0, 1, 0, 1, 0, 1, 0, 1, 0, 2, 1, 0, 0, 1, 1, 3, 3, 0, 1, 0, 0, 0, 0, 1, 0, 0, 0, 0, 2, 0, 0, 1, 3, 3, 1, 1, 2, 0, 0, 1, 0, 0, 0, 1, 0],706.0425648885516,58640.99257008452,96849.50297129861,false
40,G4_BALANCED,G1_CMAX,[22, 82, 3, 58, 95, 42, 77, 47, 5, 93, 78, 12, 86, 54, 50, 63, 18, 44, 20, 35, 43, 97, 91, 76, 10, 30, 21, 45, 71, 64, 36, 23, 17, 83, 24, 14, 60, 1, 6, 40, 57, 90, 65, 56, 79, 94, 67, 68, 46, 75, 38, 9, 19, 32, 81, 41, 27, 62, 16, 55, 59, 89, 88, 87, 31, 72, 73, 70, 39, 37, 84, 92, 25, 11, 48, 15, 29, 51, 7, 33, 61, 98, 28, 99, 26, 85, 66, 96, 53, 80, 4, 8, 34, 49, 52, 2, 13, 0, 69, 74]|[1, 0, 1, 0, 1, 2, 2, 2, 2, 2, 1, 1, 1, 0, 0, 1, 0, 2, 2, 0, 1, 2, 0, 1, 2, 2, 0, 0, 1, 2, 1, 2, 1, 0, 2, 0, 1, 1, 0, 1, 1, 1, 0, 2, 1, 1, 0, 0, 0, 0, 1, 1, 2, 1, 2, 0, 0, 0, 1, 2, 1, 1, 1, 1, 1, 2, 1, 2, 1, 1, 1, 0, 1, 2, 2, 1, 0, 0, 1, 2, 1, 2, 0, 1, 1, 0, 0, 2, 0, 0, 1, 1, 2, 0, 1, 0, 0, 0, 1, 2]|[3, 2, 1, 1, 2, 1, 2, 1, 1, 2, 4, 4, 4, 1, 1, 4, 2, 1, 1, 1, 1, 2, 1, 2, 1, 1, 2, 1, 3, 2, 3, 1, 4, 1, 1, 1, 0, 3, 2, 2, 2, 3, 1, 1, 0, 4, 0, 1, 2, 2, 1, 4, 0, 3, 2, 1, 1, 2, 3, 1, 1, 1, 0, 3, 0, 0, 3, 0, 1, 4, 1, 0, 4, 1, 1, 4, 1, 1, 1, 1, 3, 1, 2, 1, 0, 2, 1, 1, 2, 1, 4, 3, 1, 1, 1, 2, 2, 2, 4, 1]|[3, 1, 2, 0, 1, 0, 0, 0, 0, 1, 0, 0, 1, 0, 0, 3, 1, 0, 0, 0, 3, 1, 0, 2, 0, 0, 0, 1, 0, 0, 2, 0, 3, 0, 1, 0, 0, 0, 1, 1, 1, 2, 0, 0, 0, 2, 1, 0, 0, 0, 1, 3, 0, 0, 1, 0, 0, 1, 2, 0, 1, 1, 0, 2, 0, 1, 0, 1, 1, 1, 1, 1, 3, 0, 0, 3, 0, 0, 2, 0, 0, 0, 1, 1, 3, 0, 0, 0, 1, 0, 0, 2, 0, 1, 1, 0, 0, 0, 2, 0],715.7913946700162,58060.95961022334,95287.06515100288,true
40,G2_TEC,G2_TEC,[31, 22, 82, 15, 26, 9, 95, 42, 77, 68, 47, 5, 93, 78, 86, 54, 85, 63, 18, 44, 20, 49, 36, 14, 74, 50, 53, 17, 21, 28, 11, 64, 3, 23, 30, 83, 24, 41, 40, 52, 65, 27, 90, 70, 39, 87, 48, 69, 99, 4, 46, 1, 13, 58, 97, 59, 45, 8, 73, 37, 35, 79, 71, 66, 76, 32, 60, 80, 56, 6, 67, 61, 33, 7, 57, 34, 12, 16, 10, 98, 96, 88, 2, 75, 91, 43, 84, 92, 29, 19, 51, 55, 81, 89, 25, 72, 94, 38, 0, 62]|[2, 1, 2, 1, 1, 2, 1, 1, 1, 1, 1, 0, 2, 2, 1, 2, 0, 0, 0, 2, 2, 1, 0, 2, 0, 2, 2, 1, 0, 1, 1, 1, 0, 0, 1, 0, 2, 1, 2, 2, 0, 0, 1, 1, 0, 2, 0, 2, 1, 0, 0, 2, 0, 0, 2, 0, 1, 1, 0, 0, 2, 1, 1, 2, 2, 0, 2, 2, 2, 1, 2, 1, 1, 2, 0, 1, 1, 2, 1, 2, 0, 1, 0, 0, 1, 1, 0, 0, 1, 1, 1, 0, 1, 1, 1, 1, 2, 0, 2, 1]|[0, 3, 0, 3, 4, 1, 4, 4, 2, 4, 3, 2, 1, 0, 2, 1, 1, 1, 2, 1, 1, 3, 0, 1, 0, 1, 1, 4, 1, 4, 3, 2, 2, 0, 4, 1, 1, 4, 1, 1, 2, 1, 4, 4, 1, 1, 0, 2, 3, 2, 2, 1, 2, 1, 1, 2, 4, 3, 0, 2, 1, 3, 3, 1, 1, 2, 1, 1, 1, 4, 1, 3, 4, 1, 2, 4, 3, 1, 3, 1, 2, 4, 2, 2, 3, 4, 2, 2, 3, 4, 3, 2, 4, 4, 4, 4, 1, 2, 1, 3]|[0, 2, 0, 0, 3, 0, 1, 3, 0, 0, 2, 0, 1, 0, 1, 0, 0, 0, 1, 0, 0, 2, 0, 0, 1, 0, 0, 3, 0, 1, 0, 2, 0, 0, 3, 0, 1, 1, 0, 0, 0, 0, 1, 3, 0, 0, 1, 0, 2, 0, 0, 0, 0, 0, 1, 0, 1, 0, 1, 1, 0, 2, 0, 0, 0, 0, 0, 0, 0, 2, 0, 0, 1, 0, 0, 1, 0, 0, 3, 0, 0, 1, 0, 0, 0, 2, 0, 0, 3, 1, 0, 0, 2, 1, 3, 1, 0, 0, 0, 0],914.0597544875216,49177.57411962909,107642.75205892837,false
40,G3_TWC,G4_BALANCED,[31, 22, 82, 15, 26, 58, 95, 42, 77, 12, 47, 5, 93, 78, 98, 54, 85, 63, 18, 44, 20, 35, 43, 97, 91, 76, 10, 30, 21, 45, 71, 64, 1, 23, 17, 83, 24, 14, 60, 36, 6, 57, 94, 88, 65, 56, 79, 40, 67, 68, 46, 75, 38, 9, 19, 32, 81, 41, 27, 62, 87, 90, 99, 59, 11, 16, 72, 73, 70, 39, 37, 84, 3, 92, 25, 55, 28, 29, 51, 7, 33, 61, 86, 48, 89, 34, 69, 96, 53, 80, 4, 8, 50, 49, 52, 0, 13, 2, 66, 74]|[1, 1, 0, 1, 1, 1, 2, 1, 2, 1, 2, 2, 2, 1, 1, 0, 0, 1, 0, 2, 2, 0, 1, 2, 0, 1, 2, 2, 0, 0, 1, 2, 1, 2, 1, 0, 2, 0, 1, 1, 0, 1, 1, 1, 0, 2, 1, 1, 0, 0, 0, 0, 1, 1, 2, 1, 2, 0, 0, 0, 2, 1, 0, 1, 2, 1, 2, 1, 1, 1, 1, 1, 2, 0, 1, 1, 0, 0, 0, 1, 2, 1, 0, 0, 1, 2, 1, 0, 0, 0, 0, 1, 0, 0, 1, 0, 0, 0, 2, 2]|[4, 3, 2, 2, 0, 0, 2, 2, 2, 4, 1, 1, 2, 4, 4, 1, 1, 4, 2, 1, 1, 1, 1, 2, 1, 2, 1, 1, 1, 1, 3, 2, 3, 0, 4, 0, 1, 1, 0, 3, 2, 2, 4, 0, 1, 1, 0, 2, 0, 1, 2, 2, 1, 4, 0, 3, 2, 1, 1, 2, 1, 3, 1, 1, 1, 3, 0, 4, 3, 1, 4, 1, 1, 2, 4, 4, 2, 1, 1, 3, 1, 3, 1, 1, 1, 1, 3, 1, 2, 1, 2, 3, 1, 1, 1, 2, 2, 2, 1, 1]|[0, 2, 1, 1, 3, 3, 0, 1, 0, 0, 0, 0, 1, 0, 1, 0, 0, 3, 1, 0, 0, 0, 3, 1, 0, 2, 0, 0, 0, 1, 0, 0, 0, 0, 3, 0, 1, 0, 0, 2, 1, 1, 2, 0, 0, 0, 0, 1, 1, 0, 0, 0, 1, 3, 0, 0, 1, 0, 0, 1, 0, 2, 0, 1, 0, 2, 1, 0, 0, 1, 1, 3, 0, 1, 3, 3, 1, 0, 0, 2, 0, 0, 0, 0, 1, 0, 0, 0, 1, 0, 1, 2, 0, 1, 1, 0, 0, 0, 0, 0],790.1921483697682,57957.04840138768,88951.83199580385,true
40,G1_CMAX,G1_CMAX,[31, 22, 82, 90, 26, 58, 95, 42, 77, 12, 93, 5, 78, 86, 98, 18, 44, 20, 35, 3, 97, 91, 76, 10, 85, 30, 47, 54, 45, 63, 71, 66, 1, 23, 17, 83, 24, 14, 60, 36, 6, 57, 40, 88, 65, 56, 79, 94, 67, 68, 46, 75, 38, 9, 19, 32, 81, 27, 62, 87, 15, 99, 59, 11, 16, 72, 73, 70, 39, 37, 84, 43, 80, 53, 96, 4, 50, 41, 89, 48, 21, 61, 33, 7, 51, 29, 28, 55, 25, 92, 8, 69, 0, 74, 52, 2, 13, 34, 49, 64]|[1, 1, 0, 1, 1, 0, 2, 1, 2, 1, 2, 2, 2, 1, 0, 1, 0, 2, 2, 1, 2, 2, 1, 2, 2, 2, 2, 0, 0, 0, 1, 2, 1, 2, 1, 0, 2, 0, 1, 1, 0, 1, 1, 1, 0, 2, 1, 1, 0, 0, 0, 1, 1, 1, 2, 1, 2, 0, 0, 2, 1, 0, 1, 2, 1, 2, 1, 1, 1, 1, 1, 1, 0, 0, 2, 1, 0, 0, 1, 0, 0, 1, 2, 1, 0, 0, 0, 1, 1, 0, 0, 1, 0, 2, 1, 0, 0, 2, 0, 2]|[3, 0, 2, 3, 0, 1, 1, 2, 2, 4, 1, 1, 0, 4, 1, 4, 2, 1, 1, 1, 2, 2, 2, 1, 1, 1, 2, 1, 1, 2, 3, 2, 3, 1, 4, 0, 1, 1, 0, 3, 2, 2, 4, 0, 1, 1, 0, 4, 0, 1, 2, 3, 1, 4, 0, 3, 2, 1, 2, 1, 2, 1, 1, 1, 3, 0, 4, 3, 1, 4, 1, 1, 1, 2, 1, 4, 1, 1, 1, 1, 1, 3, 1, 1, 1, 1, 2, 4, 4, 2, 2, 3, 2, 1, 1, 2, 2, 1, 1, 1]|[2, 0, 1, 2, 3, 0, 0, 1, 1, 0, 0, 0, 0, 1, 0, 3, 1, 0, 0, 1, 1, 1, 2, 0, 0, 0, 1, 0, 1, 0, 0, 0, 0, 0, 3, 0, 1, 0, 0, 2, 1, 1, 2, 0, 0, 0, 0, 2, 1, 0, 0, 0, 1, 3, 0, 0, 1, 0, 1, 0, 1, 0, 1, 0, 2, 1, 0, 0, 1, 1, 3, 3, 0, 1, 0, 0, 0, 0, 1, 0, 0, 0, 0, 2, 0, 0, 1, 3, 3, 1, 1, 2, 0, 0, 1, 0, 0, 0, 1, 0],706.0425648885516,58640.99257008452,96849.50297129861,false
40,G4_BALANCED,G2_TEC,[31, 22, 82, 15, 26, 9, 95, 42, 68, 77, 47, 5, 93, 78, 86, 54, 85, 63, 18, 44, 20, 49, 36, 14, 74, 50, 53, 17, 21, 28, 11, 64, 3, 23, 30, 83, 24, 41, 40, 52, 65, 27, 90, 70, 39, 87, 48, 69, 99, 4, 75, 1, 13, 58, 97, 59, 45, 8, 73, 37, 35, 79, 71, 66, 76, 32, 60, 80, 56, 6, 67, 61, 33, 7, 57, 34, 12, 16, 10, 98, 96, 88, 43, 46, 91, 38, 19, 92, 29, 84, 51, 55, 81, 89, 25, 72, 94, 2, 62, 0]|[2, 1, 2, 1, 1, 2, 1, 1, 1, 1, 1, 0, 2, 2, 1, 2, 0, 0, 0, 2, 2, 1, 0, 2, 0, 2, 2, 1, 0, 1, 1, 1, 0, 0, 1, 0, 2, 1, 2, 2, 0, 0, 1, 1, 0, 2, 0, 2, 1, 0, 0, 2, 0, 0, 2, 0, 1, 1, 0, 0, 2, 1, 1, 2, 2, 0, 2, 2, 2, 1, 2, 1, 1, 2, 0, 1, 1, 2, 1, 2, 0, 1, 1, 0, 1, 0, 1, 0, 1, 0, 1, 0, 1, 1, 1, 1, 2, 2, 1, 0]|[0, 3, 0, 3, 4, 1, 4, 4, 2, 4, 3, 2, 1, 0, 2, 1, 1, 1, 2, 1, 1, 3, 0, 1, 0, 1, 1, 4, 1, 4, 3, 2, 2, 0, 4, 1, 1, 4, 1, 1, 2, 1, 4, 4, 1, 1, 0, 2, 3, 2, 2, 1, 2, 1, 1, 2, 4, 3, 0, 2, 2, 3, 3, 1, 1, 2, 1, 1, 1, 4, 1, 3, 4, 1, 2, 4, 3, 1, 3, 1, 2, 4, 4, 2, 3, 2, 4, 2, 3, 2, 3, 2, 4, 4, 4, 4, 1, 1, 3, 2]|[0, 2, 0, 0, 3, 0, 1, 3, 0, 0, 2, 0, 1, 0, 1, 0, 0, 0, 1, 0, 0, 2, 0, 0, 1, 0, 0, 3, 0, 1, 0, 2, 0, 0, 3, 0, 1, 1, 0, 0, 0, 0, 1, 3, 0, 0, 1, 0, 2, 0, 0, 0, 0, 0, 1, 0, 1, 0, 1, 1, 0, 2, 0, 0, 0, 0, 0, 0, 0, 2, 0, 0, 1, 0, 0, 1, 0, 0, 3, 0, 0, 1, 2, 0, 0, 0, 1, 0, 3, 0, 0, 0, 2, 1, 3, 1, 0, 0, 0, 0],908.8272556494078,49056.35787074236,108018.83019210398,true
40,G2_TEC,G2_TEC,[31, 22, 82, 15, 26, 9, 95, 42, 77, 68, 47, 5, 93, 78, 86, 54, 85, 63, 18, 44, 20, 49, 36, 14, 74, 50, 53, 17, 21, 28, 11, 64, 3, 23, 30, 83, 24, 41, 40, 52, 65, 27, 90, 70, 39, 87, 48, 69, 99, 4, 75, 1, 13, 34, 97, 59, 45, 8, 73, 37, 35, 79, 71, 66, 76, 32, 60, 80, 56, 6, 16, 61, 33, 7, 57, 58, 12, 0, 10, 98, 96, 88, 43, 46, 91, 38, 84, 92, 29, 19, 51, 55, 81, 89, 25, 72, 94, 2, 67, 62]|[2, 1, 2, 1, 1, 2, 1, 1, 1, 1, 1, 0, 2, 2, 1, 2, 0, 0, 0, 2, 2, 1, 0, 2, 0, 2, 2, 1, 0, 1, 1, 1, 0, 0, 1, 0, 2, 1, 2, 2, 0, 0, 1, 1, 0, 2, 0, 2, 1, 0, 0, 2, 0, 1, 2, 0, 1, 1, 0, 0, 2, 1, 1, 2, 2, 0, 2, 2, 2, 1, 2, 1, 1, 2, 0, 1, 1, 0, 1, 2, 0, 1, 1, 0, 1, 0, 0, 0, 1, 1, 1, 0, 1, 1, 1, 1, 2, 2, 0, 1]|[0, 3, 0, 3, 4, 1, 4, 4, 2, 4, 3, 2, 1, 0, 2, 1, 1, 1, 2, 1, 1, 3, 0, 1, 0, 1, 1, 4, 1, 4, 3, 2, 2, 0, 4, 1, 1, 4, 1, 1, 2, 1, 4, 4, 1, 1, 0, 2, 3, 2, 2, 1, 2, 4, 1, 2, 4, 3, 0, 2, 2, 3, 3, 1, 1, 2, 1, 1, 1, 4, 1, 3, 4, 1, 2, 4, 3, 2, 3, 1, 2, 4, 4, 2, 3, 2, 2, 2, 3, 4, 3, 2, 4, 4, 4, 4, 1, 1, 2, 3]|[0, 2, 0, 0, 3, 0, 1, 3, 0, 0, 2, 0, 1, 0, 1, 0, 0, 0, 1, 0, 0, 2, 0, 0, 1, 0, 0, 3, 0, 1, 0, 2, 0, 0, 3, 0, 1, 1, 0, 0, 0, 0, 1, 3, 0, 0, 1, 0, 2, 0, 0, 0, 0, 1, 1, 0, 1, 0, 1, 1, 0, 2, 0, 0, 0, 0, 0, 0, 0, 2, 0, 0, 1, 0, 0, 1, 0, 0, 3, 0, 0, 1, 2, 0, 0, 0, 0, 0, 3, 1, 0, 0, 2, 1, 3, 1, 0, 0, 0, 0],905.2766999376576,49283.259897769734,106557.08488972121,false
40,G3_TWC,G4_BALANCED,[31, 22, 82, 15, 26, 58, 95, 42, 77, 12, 47, 5, 93, 78, 98, 54, 85, 63, 18, 44, 20, 35, 43, 97, 91, 76, 10, 30, 21, 45, 71, 64, 1, 23, 17, 83, 24, 14, 60, 36, 6, 57, 94, 88, 65, 56, 79, 40, 67, 68, 46, 75, 38, 9, 19, 32, 81, 41, 27, 62, 87, 90, 99, 59, 11, 16, 72, 73, 70, 39, 37, 84, 3, 92, 25, 55, 28, 29, 51, 7, 33, 61, 86, 48, 89, 34, 69, 96, 53, 80, 4, 8, 50, 49, 52, 0, 13, 2, 66, 74]|[1, 1, 0, 1, 1, 1, 2, 1, 2, 1, 2, 2, 2, 1, 1, 0, 0, 1, 0, 2, 2, 0, 1, 2, 0, 1, 2, 2, 0, 0, 1, 2, 1, 2, 1, 0, 2, 0, 1, 1, 0, 1, 1, 1, 0, 2, 1, 1, 0, 0, 0, 0, 1, 1, 2, 1, 2, 0, 0, 0, 2, 1, 0, 1, 2, 1, 2, 1, 1, 1, 1, 1, 2, 0, 1, 1, 0, 0, 0, 1, 2, 1, 0, 0, 1, 2, 1, 0, 0, 0, 0, 1, 0, 0, 1, 0, 0, 0, 2, 2]|[4, 3, 2, 2, 0, 0, 2, 2, 2, 4, 1, 1, 2, 4, 4, 1, 1, 4, 2, 1, 1, 1, 1, 2, 1, 2, 1, 1, 1, 1, 3, 2, 3, 0, 4, 0, 1, 1, 0, 3, 2, 2, 4, 0, 1, 1, 0, 2, 0, 1, 2, 2, 1, 4, 0, 3, 2, 1, 1, 2, 1, 3, 1, 1, 1, 3, 0, 4, 3, 1, 4, 1, 1, 2, 4, 4, 2, 1, 1, 3, 1, 3, 1, 1, 1, 1, 3, 1, 2, 1, 2, 3, 1, 1, 1, 2, 2, 2, 1, 1]|[0, 2, 1, 1, 3, 3, 0, 1, 0, 0, 0, 0, 1, 0, 1, 0, 0, 3, 1, 0, 0, 0, 3, 1, 0, 2, 0, 0, 0, 1, 0, 0, 0, 0, 3, 0, 1, 0, 0, 2, 1, 1, 2, 0, 0, 0, 0, 1, 1, 0, 0, 0, 1, 3, 0, 0, 1, 0, 0, 1, 0, 2, 0, 1, 0, 2, 1, 0, 0, 1, 1, 3, 0, 1, 3, 3, 1, 0, 0, 2, 0, 0, 0, 0, 1, 0, 0, 0, 1, 0, 1, 2, 0, 1, 1, 0, 0, 0, 0, 0],790.1921483697682,57957.04840138768,88951.83199580385,true
40,G1_CMAX,G1_CMAX,[31, 22, 82, 90, 26, 58, 95, 42, 77, 12, 93, 5, 78, 86, 98, 18, 44, 20, 35, 3, 97, 91, 76, 10, 85, 30, 47, 54, 45, 63, 71, 66, 1, 23, 17, 83, 24, 14, 60, 36, 6, 57, 40, 88, 65, 56, 79, 94, 67, 68, 46, 75, 38, 9, 19, 32, 81, 27, 62, 87, 15, 99, 59, 11, 16, 72, 73, 70, 39, 37, 84, 43, 80, 53, 96, 4, 50, 41, 89, 48, 21, 61, 33, 7, 51, 29, 28, 55, 25, 92, 8, 69, 0, 74, 52, 2, 13, 34, 49, 64]|[1, 1, 0, 1, 1, 0, 2, 1, 2, 1, 2, 2, 2, 1, 0, 1, 0, 2, 2, 1, 2, 2, 1, 2, 2, 2, 2, 0, 0, 0, 1, 2, 1, 2, 1, 0, 2, 0, 1, 1, 0, 1, 1, 1, 0, 2, 1, 1, 0, 0, 0, 1, 1, 1, 2, 1, 2, 0, 0, 2, 1, 0, 1, 2, 1, 2, 1, 1, 1, 1, 1, 1, 0, 0, 2, 1, 0, 0, 1, 0, 0, 1, 2, 1, 0, 0, 0, 1, 1, 0, 0, 1, 0, 2, 1, 0, 0, 2, 0, 2]|[3, 0, 2, 3, 0, 1, 1, 2, 2, 4, 1, 1, 0, 4, 1, 4, 2, 1, 1, 1, 2, 2, 2, 1, 1, 1, 2, 1, 1, 2, 3, 2, 3, 1, 4, 0, 1, 1, 0, 3, 2, 2, 4, 0, 1, 1, 0, 4, 0, 1, 2, 3, 1, 4, 0, 3, 2, 1, 2, 1, 2, 1, 1, 1, 3, 0, 4, 3, 1, 4, 1, 1, 1, 2, 1, 4, 1, 1, 1, 1, 1, 3, 1, 1, 1, 1, 2, 4, 4, 2, 2, 3, 2, 1, 1, 2, 2, 1, 1, 1]|[2, 0, 1, 2, 3, 0, 0, 1, 1, 0, 0, 0, 0, 1, 0, 3, 1, 0, 0, 1, 1, 1, 2, 0, 0, 0, 1, 0, 1, 0, 0, 0, 0, 0, 3, 0, 1, 0, 0, 2, 1, 1, 2, 0, 0, 0, 0, 2, 1, 0, 0, 0, 1, 3, 0, 0, 1, 0, 1, 0, 1, 0, 1, 0, 2, 1, 0, 0, 1, 1, 3, 3, 0, 1, 0, 0, 0, 0, 1, 0, 0, 0, 0, 2, 0, 0, 1, 3, 3, 1, 1, 2, 0, 0, 1, 0, 0, 0, 1, 0],706.0425648885516,58640.99257008452,96849.50297129861,false
40,G4_BALANCED,G1_CMAX,[22, 82, 3, 58, 95, 42, 77, 47, 5, 93, 78, 12, 86, 54, 50, 63, 18, 44, 20, 35, 43, 97, 91, 76, 10, 30, 21, 45, 71, 64, 36, 23, 17, 83, 24, 14, 60, 1, 6, 40, 57, 90, 65, 56, 79, 94, 67, 68, 46, 75, 38, 9, 19, 32, 81, 41, 27, 62, 16, 55, 59, 89, 88, 87, 31, 72, 73, 70, 39, 37, 84, 92, 25, 11, 48, 15, 29, 51, 7, 33, 61, 98, 28, 99, 26, 85, 66, 96, 53, 80, 4, 8, 34, 49, 52, 2, 13, 0, 69, 74]|[1, 0, 1, 0, 1, 2, 2, 2, 2, 2, 1, 1, 1, 0, 0, 1, 0, 2, 2, 0, 1, 2, 0, 1, 2, 2, 0, 0, 1, 2, 1, 2, 1, 0, 2, 0, 1, 1, 0, 1, 1, 1, 0, 2, 1, 1, 0, 0, 0, 0, 1, 1, 2, 1, 2, 0, 0, 0, 1, 2, 1, 1, 1, 1, 1, 2, 1, 2, 1, 1, 1, 0, 1, 2, 2, 1, 0, 0, 1, 2, 1, 2, 0, 1, 1, 0, 0, 2, 0, 0, 1, 1, 2, 0, 1, 0, 0, 0, 1, 2]|[3, 2, 1, 1, 2, 1, 2, 1, 1, 2, 4, 4, 4, 1, 1, 4, 2, 1, 1, 1, 1, 2, 1, 2, 1, 1, 2, 1, 3, 2, 3, 1, 4, 1, 1, 1, 0, 3, 2, 2, 2, 3, 1, 1, 0, 4, 0, 1, 2, 2, 1, 4, 0, 3, 2, 1, 1, 2, 3, 1, 1, 1, 0, 3, 0, 0, 3, 0, 1, 4, 1, 0, 4, 1, 1, 4, 1, 1, 1, 1, 3, 1, 2, 1, 0, 2, 1, 1, 2, 1, 4, 3, 1, 1, 1, 2, 2, 2, 4, 1]|[3, 1, 2, 0, 1, 0, 0, 0, 0, 1, 0, 0, 1, 0, 0, 3, 1, 0, 0, 0, 3, 1, 0, 2, 0, 0, 0, 1, 0, 0, 2, 0, 3, 0, 1, 0, 0, 0, 1, 1, 1, 2, 0, 0, 0, 2, 1, 0, 0, 0, 1, 3, 0, 0, 1, 0, 0, 1, 2, 0, 1, 1, 0, 2, 0, 1, 0, 1, 1, 1, 1, 1, 3, 0, 0, 3, 0, 0, 2, 0, 0, 0, 1, 1, 3, 0, 0, 0, 1, 0, 0, 2, 0, 1, 1, 0, 0, 0, 2, 0],715.7913946700162,58060.95961022334,95287.06515100288,true
40,G2_TEC,G2_TEC,[31, 22, 82, 15, 26, 9, 95, 42, 77, 68, 47, 5, 93, 78, 86, 54, 85, 63, 18, 44, 20, 49, 36, 14, 74, 50, 53, 17, 21, 28, 11, 64, 3, 23, 30, 83, 24, 41, 40, 52, 65, 27, 90, 70, 39, 87, 48, 69, 99, 4, 46, 1, 13, 58, 97, 59, 45, 8, 73, 37, 35, 79, 71, 66, 76, 32, 60, 80, 56, 6, 67, 61, 33, 7, 57, 34, 12, 16, 10, 98, 96, 88, 2, 75, 91, 43, 84, 92, 29, 19, 51, 55, 81, 89, 25, 72, 94, 38, 0, 62]|[2, 1, 2, 1, 1, 2, 1, 1, 1, 1, 1, 0, 2, 2, 1, 2, 0, 0, 0, 2, 2, 1, 0, 2, 0, 2, 2, 1, 0, 1, 1, 1, 0, 0, 1, 0, 2, 1, 2, 2, 0, 0, 1, 1, 0, 2, 0, 2, 1, 0, 0, 2, 0, 0, 2, 0, 1, 1, 0, 0, 2, 1, 1, 2, 2, 0, 2, 2, 2, 1, 2, 1, 1, 2, 0, 1, 1, 2, 1, 2, 0, 1, 0, 0, 1, 1, 0, 0, 1, 1, 1, 0, 1, 1, 1, 1, 2, 0, 2, 1]|[0, 3, 0, 3, 4, 1, 4, 4, 2, 4, 3, 2, 1, 0, 2, 1, 1, 1, 2, 1, 1, 3, 0, 1, 0, 1, 1, 4, 1, 4, 3, 2, 2, 0, 4, 1, 1, 4, 1, 1, 2, 1, 4, 4, 1, 1, 0, 2, 3, 2, 2, 1, 2, 1, 1, 2, 4, 3, 0, 2, 1, 3, 3, 1, 1, 2, 1, 1, 1, 4, 1, 3, 4, 1, 2, 4, 3, 1, 3, 1, 2, 4, 2, 2, 3, 4, 2, 2, 3, 4, 3, 2, 4, 4, 4, 4, 1, 2, 1, 3]|[0, 2, 0, 0, 3, 0, 1, 3, 0, 0, 2, 0, 1, 0, 1, 0, 0, 0, 1, 0, 0, 2, 0, 0, 1, 0, 0, 3, 0, 1, 0, 2, 0, 0, 3, 0, 1, 1, 0, 0, 0, 0, 1, 3, 0, 0, 1, 0, 2, 0, 0, 0, 0, 0, 1, 0, 1, 0, 1, 1, 0, 2, 0, 0, 0, 0, 0, 0, 0, 2, 0, 0, 1, 0, 0, 1, 0, 0, 3, 0, 0, 1, 0, 0, 0, 2, 0, 0, 3, 1, 0, 0, 2, 1, 3, 1, 0, 0, 0, 0],914.0597544875216,49177.57411962909,107642.75205892837,false
40,G3_TWC,G4_BALANCED,[31, 22, 82, 15, 26, 58, 95, 42, 77, 12, 47, 5, 93, 78, 98, 54, 85, 63, 18, 44, 20, 35, 43, 97, 91, 76, 10, 30, 21, 45, 71, 64, 1, 23, 17, 83, 24, 14, 60, 36, 6, 57, 94, 88, 65, 56, 79, 40, 67, 68, 46, 75, 38, 9, 19, 32, 81, 41, 27, 62, 87, 90, 99, 59, 11, 16, 72, 73, 70, 39, 37, 84, 3, 92, 25, 55, 28, 29, 51, 7, 33, 61, 86, 48, 89, 34, 69, 96, 53, 80, 4, 8, 50, 49, 52, 0, 13, 2, 66, 74]|[1, 1, 0, 1, 1, 1, 2, 1, 2, 1, 2, 2, 2, 1, 1, 0, 0, 1, 0, 2, 2, 0, 1, 2, 0, 1, 2, 2, 0, 0, 1, 2, 1, 2, 1, 0, 2, 0, 1, 1, 0, 1, 1, 1, 0, 2, 1, 1, 0, 0, 0, 0, 1, 1, 2, 1, 2, 0, 0, 0, 2, 1, 0, 1, 2, 1, 2, 1, 1, 1, 1, 1, 2, 0, 1, 1, 0, 0, 0, 1, 2, 1, 0, 0, 1, 2, 1, 0, 0, 0, 0, 1, 0, 0, 1, 0, 0, 0, 2, 2]|[4, 3, 2, 2, 0, 0, 2, 2, 2, 4, 1, 1, 2, 4, 4, 1, 1, 4, 2, 1, 1, 1, 1, 2, 1, 2, 1, 1, 1, 1, 3, 2, 3, 0, 4, 0, 1, 1, 0, 3, 2, 2, 4, 0, 1, 1, 0, 2, 0, 1, 2, 2, 1, 4, 0, 3, 2, 1, 1, 2, 1, 3, 1, 1, 1, 3, 0, 4, 3, 1, 4, 1, 1, 2, 4, 4, 2, 1, 1, 3, 1, 3, 1, 1, 1, 1, 3, 1, 2, 1, 2, 3, 1, 1, 1, 2, 2, 2, 1, 1]|[0, 2, 1, 1, 3, 3, 0, 1, 0, 0, 0, 0, 1, 0, 1, 0, 0, 3, 1, 0, 0, 0, 3, 1, 0, 2, 0, 0, 0, 1, 0, 0, 0, 0, 3, 0, 1, 0, 0, 2, 1, 1, 2, 0, 0, 0, 0, 1, 1, 0, 0, 0, 1, 3, 0, 0, 1, 0, 0, 1, 0, 2, 0, 1, 0, 2, 1, 0, 0, 1, 1, 3, 0, 1, 3, 3, 1, 0, 0, 2, 0, 0, 0, 0, 1, 0, 0, 0, 1, 0, 1, 2, 0, 1, 1, 0, 0, 0, 0, 0],790.1921483697682,57957.04840138768,88951.83199580385,true
40,G1_CMAX,G3_TWC,[31, 22, 82, 15, 26, 58, 95, 42, 77, 12, 47, 5, 93, 78, 98, 54, 85, 63, 18, 44, 20, 35, 43, 97, 91, 76, 10, 30, 21, 45, 71, 64, 1, 23, 17, 83, 24, 14, 60, 36, 6, 57, 94, 88, 65, 56, 79, 40, 67, 68, 46, 75, 38, 9, 19, 32, 81, 41, 27, 62, 87, 90, 99, 59, 11, 16, 72, 73, 70, 39, 37, 84, 3, 92, 25, 55, 28, 29, 51, 7, 33, 61, 86, 48, 89, 50, 66, 96, 53, 80, 4, 8, 34, 49, 52, 0, 13, 2, 69, 74]|[1, 1, 0, 1, 1, 1, 1, 2, 2, 1, 2, 2, 2, 1, 1, 0, 0, 1, 0, 2, 2, 0, 1, 2, 0, 1, 2, 2, 0, 0, 1, 2, 1, 2, 1, 0, 2, 0, 1, 1, 0, 1, 1, 1, 0, 2, 1, 1, 0, 0, 0, 0, 1, 1, 2, 1, 2, 0, 0, 0, 2, 1, 0, 1, 2, 1, 2, 1, 1, 1, 1, 1, 2, 0, 1, 1, 0, 0, 0, 1, 2, 1, 0, 0, 1, 0, 2, 0, 0, 0, 0, 1, 2, 0, 1, 0, 0, 0, 1, 2]|[4, 3, 2, 2, 0, 0, 2, 2, 2, 4, 1, 1, 2, 4, 4, 1, 2, 4, 2, 1, 1, 1, 1, 2, 1, 2, 1, 1, 1, 1, 3, 2, 3, 1, 4, 0, 1, 1, 0, 3, 2, 2, 4, 0, 1, 1, 0, 2, 0, 1, 2, 2, 1, 4, 0, 3, 2, 1, 1, 2, 1, 3, 1, 1, 1, 3, 0, 4, 3, 1, 4, 1, 1, 2, 4, 4, 2, 1, 1, 3, 1, 3, 1, 1, 1, 1, 1, 1, 2, 1, 2, 3, 1, 1, 1, 2, 2, 2, 3, 1]|[0, 2, 1, 1, 3, 3, 1, 0, 0, 0, 0, 0, 1, 0, 1, 0, 0, 3, 1, 0, 0, 0, 3, 1, 0, 2, 0, 0, 0, 1, 0, 0, 0, 0, 3, 0, 1, 0, 0, 2, 1, 1, 2, 0, 0, 0, 0, 1, 1, 0, 0, 0, 1, 3, 0, 0, 1, 0, 0, 1, 0, 2, 0, 1, 0, 2, 1, 0, 0, 1, 1, 3, 0, 1, 3, 3, 1, 0, 0, 2, 0, 0, 0, 0, 1, 0, 0, 0, 1, 0, 1, 2, 0, 1, 1, 0, 0, 0, 0, 0],805.5111748560577,57366.432107770626,90127.9774474478,true
40,G4_BALANCED,G1_CMAX,[22, 82, 3, 58, 95, 42, 77, 47, 5, 93, 78, 12, 86, 54, 50, 63, 18, 44, 20, 35, 43, 97, 91, 76, 10, 30, 21, 45, 71, 64, 36, 23, 17, 83, 24, 14, 60, 1, 6, 40, 57, 90, 65, 56, 79, 94, 67, 68, 46, 75, 38, 9, 19, 32, 81, 41, 27, 62, 16, 55, 59, 89, 88, 87, 31, 72, 73, 70, 39, 37, 84, 92, 25, 11, 48, 15, 29, 51, 7, 33, 61, 98, 28, 99, 26, 85, 66, 96, 53, 80, 4, 8, 34, 49, 52, 2, 13, 0, 69, 74]|[1, 0, 1, 0, 1, 2, 2, 2, 2, 2, 1, 1, 1, 0, 0, 1, 0, 2, 2, 0, 1, 2, 0, 1, 2, 2, 0, 0, 1, 2, 1, 2, 1, 0, 2, 0, 1, 1, 0, 1, 1, 1, 0, 2, 1, 1, 0, 0, 0, 0, 1, 1, 2, 1, 2, 0, 0, 0, 1, 2, 1, 1, 1, 1, 1, 2, 1, 2, 1, 1, 1, 0, 1, 2, 2, 1, 0, 0, 1, 2, 1, 2, 0, 1, 1, 0, 0, 2, 0, 0, 1, 1, 2, 0, 1, 0, 0, 0, 1, 2]|[3, 2, 1, 1, 2, 1, 2, 1, 1, 2, 4, 4, 4, 1, 1, 4, 2, 1, 1, 1, 1, 2, 1, 2, 1, 1, 2, 1, 3, 2, 3, 1, 4, 1, 1, 1, 0, 3, 2, 2, 2, 3, 1, 1, 0, 4, 0, 1, 2, 2, 1, 4, 0, 3, 2, 1, 1, 2, 3, 1, 1, 1, 0, 3, 0, 0, 3, 0, 1, 4, 1, 0, 4, 1, 1, 4, 1, 1, 1, 1, 3, 1, 2, 1, 0, 2, 1, 1, 2, 1, 4, 3, 1, 1, 1, 2, 2, 2, 4, 1]|[3, 1, 2, 0, 1, 0, 0, 0, 0, 1, 0, 0, 1, 0, 0, 3, 1, 0, 0, 0, 3, 1, 0, 2, 0, 0, 0, 1, 0, 0, 2, 0, 3, 0, 1, 0, 0, 0, 1, 1, 1, 2, 0, 0, 0, 2, 1, 0, 0, 0, 1, 3, 0, 0, 1, 0, 0, 1, 2, 0, 1, 1, 0, 2, 0, 1, 0, 1, 1, 1, 1, 1, 3, 0, 0, 3, 0, 0, 2, 0, 0, 0, 1, 1, 3, 0, 0, 0, 1, 0, 0, 2, 0, 1, 1, 0, 0, 0, 2, 0],715.7913946700162,58060.95961022334,95287.06515100288,true
40,G2_TEC,G2_TEC,[31, 22, 82, 15, 26, 9, 95, 42, 77, 68, 47, 5, 93, 78, 86, 54, 85, 63, 18, 44, 20, 49, 36, 14, 74, 50, 53, 17, 21, 28, 11, 64, 3, 23, 30, 83, 24, 41, 40, 52, 65, 27, 90, 70, 39, 87, 48, 69, 99, 4, 46, 1, 13, 58, 97, 59, 45, 8, 73, 37, 35, 79, 71, 66, 76, 32, 60, 80, 56, 6, 67, 61, 33, 7, 57, 34, 12, 16, 10, 98, 96, 88, 2, 75, 91, 43, 84, 92, 29, 19, 51, 55, 81, 89, 25, 72, 94, 38, 0, 62]|[2, 1, 2, 1, 1, 2, 1, 1, 1, 1, 1, 0, 2, 2, 1, 2, 0, 0, 0, 2, 2, 1, 0, 2, 0, 2, 2, 1, 0, 1, 1, 1, 0, 0, 1, 0, 2, 1, 2, 2, 0, 0, 1, 1, 0, 2, 0, 2, 1, 0, 0, 2, 0, 0, 2, 0, 1, 1, 0, 0, 2, 1, 1, 2, 2, 0, 2, 2, 2, 1, 2, 1, 1, 2, 0, 1, 1, 2, 1, 2, 0, 1, 0, 0, 1, 1, 0, 0, 1, 1, 1, 0, 1, 1, 1, 1, 2, 0, 2, 1]|[0, 3, 0, 3, 4, 1, 4, 4, 2, 4, 3, 2, 1, 0, 2, 1, 1, 1, 2, 1, 1, 3, 0, 1, 0, 1, 1, 4, 1, 4, 3, 2, 2, 0, 4, 1, 1, 4, 1, 1, 2, 1, 4, 4, 1, 1, 0, 2, 3, 2, 2, 1, 2, 1, 1, 2, 4, 3, 0, 2, 1, 3, 3, 1, 1, 2, 1, 1, 1, 4, 1, 3, 4, 1, 2, 4, 3, 1, 3, 1, 2, 4, 2, 2, 3, 4, 2, 2, 3, 4, 3, 2, 4, 4, 4, 4, 1, 2, 1, 3]|[0, 2, 0, 0, 3, 0, 1, 3, 0, 0, 2, 0, 1, 0, 1, 0, 0, 0, 1, 0, 0, 2, 0, 0, 1, 0, 0, 3, 0, 1, 0, 2, 0, 0, 3, 0, 1, 1, 0, 0, 0, 0, 1, 3, 0, 0, 1, 0, 2, 0, 0, 0, 0, 0, 1, 0, 1, 0, 1, 1, 0, 2, 0, 0, 0, 0, 0, 0, 0, 2, 0, 0, 1, 0, 0, 1, 0, 0, 3, 0, 0, 1, 0, 0, 0, 2, 0, 0, 3, 1, 0, 0, 2, 1, 3, 1, 0, 0, 0, 0],914.0597544875216,49177.57411962909,107642.75205892837,false
40,G3_TWC,G4_BALANCED,[31, 22, 82, 15, 26, 58, 95, 42, 77, 12, 47, 5, 93, 78, 98, 54, 85, 63, 18, 44, 20, 35, 43, 97, 91, 76, 10, 30, 21, 45, 71, 64, 1, 23, 17, 83, 24, 14, 60, 36, 6, 57, 94, 88, 65, 56, 79, 40, 67, 68, 46, 75, 38, 9, 19, 32, 81, 41, 27, 62, 87, 90, 99, 59, 11, 16, 72, 73, 70, 39, 37, 84, 3, 92, 25, 55, 28, 29, 51, 7, 33, 61, 86, 48, 89, 34, 69, 96, 53, 80, 4, 8, 50, 49, 52, 0, 13, 2, 66, 74]|[1, 1, 0, 1, 1, 1, 2, 1, 2, 1, 2, 2, 2, 1, 1, 0, 0, 1, 0, 2, 2, 0, 1, 2, 0, 1, 2, 2, 0, 0, 1, 2, 1, 2, 1, 0, 2, 0, 1, 1, 0, 1, 1, 1, 0, 2, 1, 1, 0, 0, 0, 0, 1, 1, 2, 1, 2, 0, 0, 0, 2, 1, 0, 1, 2, 1, 2, 1, 1, 1, 1, 1, 2, 0, 1, 1, 0, 0, 0, 1, 2, 1, 0, 0, 1, 2, 1, 0, 0, 0, 0, 1, 0, 0, 1, 0, 0, 0, 2, 2]|[4, 3, 2, 2, 0, 0, 2, 2, 2, 4, 1, 1, 2, 4, 4, 1, 1, 4, 2, 1, 1, 1, 1, 2, 1, 2, 1, 1, 1, 1, 3, 2, 3, 0, 4, 0, 1, 1, 0, 3, 2, 2, 4, 0, 1, 1, 0, 2, 0, 1, 2, 2, 1, 4, 0, 3, 2, 1, 1, 2, 1, 3, 1, 1, 1, 3, 0, 4, 3, 1, 4, 1, 1, 2, 4, 4, 2, 1, 1, 3, 1, 3, 1, 1, 1, 1, 3, 1, 2, 1, 2, 3, 1, 1, 1, 2, 2, 2, 1, 1]|[0, 2, 1, 1, 3, 3, 0, 1, 0, 0, 0, 0, 1, 0, 1, 0, 0, 3, 1, 0, 0, 0, 3, 1, 0, 2, 0, 0, 0, 1, 0, 0, 0, 0, 3, 0, 1, 0, 0, 2, 1, 1, 2, 0, 0, 0, 0, 1, 1, 0, 0, 0, 1, 3, 0, 0, 1, 0, 0, 1, 0, 2, 0, 1, 0, 2, 1, 0, 0, 1, 1, 3, 0, 1, 3, 3, 1, 0, 0, 2, 0, 0, 0, 0, 1, 0, 0, 0, 1, 0, 1, 2, 0, 1, 1, 0, 0, 0, 0, 0],790.1921483697682,57957.04840138768,88951.83199580385,true
40,G1_CMAX,G3_TWC,[31, 22, 82, 15, 26, 58, 95, 42, 77, 12, 47, 5, 93, 78, 98, 54, 85, 63, 18, 44, 20, 35, 43, 97, 91, 76, 10, 30, 21, 45, 71, 64, 1, 23, 17, 83, 24, 14, 60, 36, 6, 57, 94, 88, 65, 56, 79, 40, 67, 68, 46, 75, 38, 9, 19, 32, 81, 41, 27, 62, 87, 90, 99, 59, 11, 16, 72, 73, 70, 39, 37, 84, 3, 92, 25, 55, 28, 29, 51, 7, 33, 61, 86, 48, 89, 50, 66, 96, 53, 80, 4, 8, 34, 49, 52, 0, 13, 2, 69, 74]|[1, 1, 0, 1, 1, 1, 1, 2, 2, 1, 2, 2, 2, 1, 1, 0, 0, 1, 0, 2, 2, 0, 1, 2, 0, 1, 2, 2, 0, 0, 1, 2, 1, 2, 1, 0, 2, 0, 1, 1, 0, 1, 1, 1, 0, 2, 1, 1, 0, 0, 0, 0, 1, 1, 2, 1, 2, 0, 0, 0, 2, 1, 0, 1, 2, 1, 2, 1, 1, 1, 1, 1, 2, 0, 1, 1, 0, 0, 0, 1, 2, 1, 0, 0, 1, 0, 2, 0, 0, 0, 0, 1, 2, 0, 1, 0, 0, 0, 1, 2]|[4, 3, 2, 2, 0, 0, 2, 2, 2, 4, 1, 1, 2, 4, 4, 1, 2, 4, 2, 1, 1, 1, 1, 2, 1, 2, 1, 1, 1, 1, 3, 2, 3, 1, 4, 0, 1, 1, 0, 3, 2, 2, 4, 0, 1, 1, 0, 2, 0, 1, 2, 2, 1, 4, 0, 3, 2, 1, 1, 2, 1, 3, 1, 1, 1, 3, 0, 4, 3, 1, 4, 1, 1, 2, 4, 4, 2, 1, 1, 3, 1, 3, 1, 1, 1, 1, 1, 1, 2, 1, 2, 3, 1, 1, 1, 2, 2, 2, 3, 1]|[0, 2, 1, 1, 3, 3, 1, 0, 0, 0, 0, 0, 1, 0, 1, 0, 0, 3, 1, 0, 0, 0, 3, 1, 0, 2, 0, 0, 0, 1, 0, 0, 0, 0, 3, 0, 1, 0, 0, 2, 1, 1, 2, 0, 0, 0, 0, 1, 1, 0, 0, 0, 1, 3, 0, 0, 1, 0, 0, 1, 0, 2, 0, 1, 0, 2, 1, 0, 0, 1, 1, 3, 0, 1, 3, 3, 1, 0, 0, 2, 0, 0, 0, 0, 1, 0, 0, 0, 1, 0, 1, 2, 0, 1, 1, 0, 0, 0, 0, 0],805.5111748560577,57366.432107770626,90127.9774474478,true
40,G4_BALANCED,G1_CMAX,[22, 82, 3, 58, 95, 42, 77, 47, 5, 93, 78, 12, 86, 54, 50, 63, 18, 44, 20, 35, 43, 97, 91, 76, 10, 30, 21, 45, 71, 64, 36, 23, 17, 83, 24, 14, 60, 1, 6, 40, 57, 90, 65, 56, 79, 94, 67, 68, 46, 75, 38, 9, 19, 32, 81, 41, 27, 62, 16, 55, 59, 89, 88, 87, 31, 72, 73, 70, 39, 37, 84, 92, 25, 11, 48, 15, 29, 51, 7, 33, 61, 98, 28, 99, 26, 85, 66, 96, 53, 80, 4, 8, 34, 49, 52, 2, 13, 0, 69, 74]|[1, 0, 1, 0, 1, 2, 2, 2, 2, 2, 1, 1, 1, 0, 0, 1, 0, 2, 2, 0, 1, 2, 0, 1, 2, 2, 0, 0, 1, 2, 1, 2, 1, 0, 2, 0, 1, 1, 0, 1, 1, 1, 0, 2, 1, 1, 0, 0, 0, 0, 1, 1, 2, 1, 2, 0, 0, 0, 1, 2, 1, 1, 1, 1, 1, 2, 1, 2, 1, 1, 1, 0, 1, 2, 2, 1, 0, 0, 1, 2, 1, 2, 0, 1, 1, 0, 0, 2, 0, 0, 1, 1, 2, 0, 1, 0, 0, 0, 1, 2]|[3, 2, 1, 1, 2, 1, 2, 1, 1, 2, 4, 4, 4, 1, 1, 4, 2, 1, 1, 1, 1, 2, 1, 2, 1, 1, 2, 1, 3, 2, 3, 1, 4, 1, 1, 1, 0, 3, 2, 2, 2, 3, 1, 1, 0, 4, 0, 1, 2, 2, 1, 4, 0, 3, 2, 1, 1, 2, 3, 1, 1, 1, 0, 3, 0, 0, 3, 0, 1, 4, 1, 0, 4, 1, 1, 4, 1, 1, 1, 1, 3, 1, 2, 1, 0, 2, 1, 1, 2, 1, 4, 3, 1, 1, 1, 2, 2, 2, 4, 1]|[3, 1, 2, 0, 1, 0, 0, 0, 0, 1, 0, 0, 1, 0, 0, 3, 1, 0, 0, 0, 3, 1, 0, 2, 0, 0, 0, 1, 0, 0, 2, 0, 3, 0, 1, 0, 0, 0, 1, 1, 1, 2, 0, 0, 0, 2, 1, 0, 0, 0, 1, 3, 0, 0, 1, 0, 0, 1, 2, 0, 1, 1, 0, 2, 0, 1, 0, 1, 1, 1, 1, 1, 3, 0, 0, 3, 0, 0, 2, 0, 0, 0, 1, 1, 3, 0, 0, 0, 1, 0, 0, 2, 0, 1, 1, 0, 0, 0, 2, 0],715.7913946700162,58060.95961022334,95287.06515100288,true
40,G2_TEC,G2_TEC,[31, 22, 82, 15, 26, 9, 95, 42, 77, 68, 47, 5, 93, 78, 86, 54, 85, 63, 18, 44, 20, 49, 36, 14, 74, 50, 53, 17, 21, 28, 11, 64, 3, 23, 30, 83, 24, 41, 40, 52, 65, 27, 90, 70, 39, 87, 48, 69, 99, 4, 46, 1, 13, 58, 97, 59, 45, 8, 73, 37, 35, 79, 71, 66, 76, 32, 60, 80, 56, 6, 67, 61, 33, 7, 57, 34, 12, 16, 10, 98, 96, 88, 2, 75, 91, 43, 84, 92, 29, 19, 51, 55, 81, 89, 25, 72, 94, 38, 0, 62]|[2, 1, 2, 1, 1, 2, 1, 1, 1, 1, 1, 0, 2, 2, 1, 2, 0, 0, 0, 2, 2, 1, 0, 2, 0, 2, 2, 1, 0, 1, 1, 1, 0, 0, 1, 0, 2, 1, 2, 2, 0, 0, 1, 1, 0, 2, 0, 2, 1, 0, 0, 2, 0, 0, 2, 0, 1, 1, 0, 0, 2, 1, 1, 2, 2, 0, 2, 2, 2, 1, 2, 1, 1, 2, 0, 1, 1, 2, 1, 2, 0, 1, 0, 0, 1, 1, 0, 0, 1, 1, 1, 0, 1, 1, 1, 1, 2, 0, 2, 1]|[0, 3, 0, 3, 4, 1, 4, 4, 2, 4, 3, 2, 1, 0, 2, 1, 1, 1, 2, 1, 1, 3, 0, 1, 0, 1, 1, 4, 1, 4, 3, 2, 2, 0, 4, 1, 1, 4, 1, 1, 2, 1, 4, 4, 1, 1, 0, 2, 3, 2, 2, 1, 2, 1, 1, 2, 4, 3, 0, 2, 1, 3, 3, 1, 1, 2, 1, 1, 1, 4, 1, 3, 4, 1, 2, 4, 3, 1, 3, 1, 2, 4, 2, 2, 3, 4, 2, 2, 3, 4, 3, 2, 4, 4, 4, 4, 1, 2, 1, 3]|[0, 2, 0, 0, 3, 0, 1, 3, 0, 0, 2, 0, 1, 0, 1, 0, 0, 0, 1, 0, 0, 2, 0, 0, 1, 0, 0, 3, 0, 1, 0, 2, 0, 0, 3, 0, 1, 1, 0, 0, 0, 0, 1, 3, 0, 0, 1, 0, 2, 0, 0, 0, 0, 0, 1, 0, 1, 0, 1, 1, 0, 2, 0, 0, 0, 0, 0, 0, 0, 2, 0, 0, 1, 0, 0, 1, 0, 0, 3, 0, 0, 1, 0, 0, 0, 2, 0, 0, 3, 1, 0, 0, 2, 1, 3, 1, 0, 0, 0, 0],914.0597544875216,49177.57411962909,107642.75205892837,false
40,G3_TWC,G4_BALANCED,[31, 22, 82, 15, 26, 58, 95, 42, 77, 12, 47, 5, 93, 78, 98, 54, 85, 63, 18, 44, 20, 35, 43, 97, 91, 76, 10, 30, 21, 45, 71, 64, 1, 23, 17, 83, 24, 14, 60, 36, 6, 57, 94, 88, 65, 56, 79, 40, 67, 68, 46, 75, 38, 9, 19, 32, 81, 41, 27, 62, 87, 90, 99, 59, 11, 16, 72, 73, 70, 39, 37, 84, 3, 92, 25, 55, 28, 29, 51, 7, 33, 61, 86, 48, 89, 34, 69, 96, 53, 80, 4, 8, 50, 49, 52, 0, 13, 2, 66, 74]|[1, 1, 0, 1, 1, 1, 2, 1, 2, 1, 2, 2, 2, 1, 1, 0, 0, 1, 0, 2, 2, 0, 1, 2, 0, 1, 2, 2, 0, 0, 1, 2, 1, 2, 1, 0, 2, 0, 1, 1, 0, 1, 1, 1, 0, 2, 1, 1, 0, 0, 0, 0, 1, 1, 2, 1, 2, 0, 0, 0, 2, 1, 0, 1, 2, 1, 2, 1, 1, 1, 1, 1, 2, 0, 1, 1, 0, 0, 0, 1, 2, 1, 0, 0, 1, 2, 1, 0, 0, 0, 0, 1, 0, 0, 1, 0, 0, 0, 2, 2]|[4, 3, 2, 2, 0, 0, 2, 2, 2, 4, 1, 1, 2, 4, 4, 1, 1, 4, 2, 1, 1, 1, 1, 2, 1, 2, 1, 1, 1, 1, 3, 2, 3, 0, 4, 0, 1, 1, 0, 3, 2, 2, 4, 0, 1, 1, 0, 2, 0, 1, 2, 2, 1, 4, 0, 3, 2, 1, 1, 2, 1, 3, 1, 1, 1, 3, 0, 4, 3, 1, 4, 1, 1, 2, 4, 4, 2, 1, 1, 3, 1, 3, 1, 1, 1, 1, 3, 1, 2, 1, 2, 3, 1, 1, 1, 2, 2, 2, 1, 1]|[0, 2, 1, 1, 3, 3, 0, 1, 0, 0, 0, 0, 1, 0, 1, 0, 0, 3, 1, 0, 0, 0, 3, 1, 0, 2, 0, 0, 0, 1, 0, 0, 0, 0, 3, 0, 1, 0, 0, 2, 1, 1, 2, 0, 0, 0, 0, 1, 1, 0, 0, 0, 1, 3, 0, 0, 1, 0, 0, 1, 0, 2, 0, 1, 0, 2, 1, 0, 0, 1, 1, 3, 0, 1, 3, 3, 1, 0, 0, 2, 0, 0, 0, 0, 1, 0, 0, 0, 1, 0, 1, 2, 0, 1, 1, 0, 0, 0, 0, 0],790.1921483697682,57957.04840138768,88951.83199580385,true
40,G1_CMAX,G3_TWC,[31, 22, 82, 15, 26, 58, 95, 42, 77, 12, 47, 5, 93, 78, 98, 54, 85, 63, 18, 44, 20, 35, 43, 97, 91, 76, 10, 30, 21, 45, 71, 64, 1, 23, 17, 83, 24, 14, 60, 36, 6, 57, 94, 88, 65, 56, 79, 40, 67, 68, 46, 75, 38, 9, 19, 32, 81, 41, 27, 62, 87, 90, 99, 59, 11, 16, 72, 73, 70, 39, 37, 84, 3, 92, 25, 55, 28, 29, 51, 7, 33, 61, 86, 48, 89, 50, 66, 96, 53, 80, 4, 8, 34, 49, 52, 0, 13, 2, 69, 74]|[1, 1, 0, 1, 1, 1, 1, 2, 2, 1, 2, 2, 2, 1, 1, 0, 0, 1, 0, 2, 2, 0, 1, 2, 0, 1, 2, 2, 0, 0, 1, 2, 1, 2, 1, 0, 2, 0, 1, 1, 0, 1, 1, 1, 0, 2, 1, 1, 0, 0, 0, 0, 1, 1, 2, 1, 2, 0, 0, 0, 2, 1, 0, 1, 2, 1, 2, 1, 1, 1, 1, 1, 2, 0, 1, 1, 0, 0, 0, 1, 2, 1, 0, 0, 1, 0, 2, 0, 0, 0, 0, 1, 2, 0, 1, 0, 0, 0, 1, 2]|[4, 3, 2, 2, 0, 0, 2, 2, 2, 4, 1, 1, 2, 4, 4, 1, 2, 4, 2, 1, 1, 1, 1, 2, 1, 2, 1, 1, 1, 1, 3, 2, 3, 1, 4, 0, 1, 1, 0, 3, 2, 2, 4, 0, 1, 1, 0, 2, 0, 1, 2, 2, 1, 4, 0, 3, 2, 1, 1, 2, 1, 3, 1, 1, 1, 3, 0, 4, 3, 1, 4, 1, 1, 2, 4, 4, 2, 1, 1, 3, 1, 3, 1, 1, 1, 1, 1, 1, 2, 1, 2, 3, 1, 1, 1, 2, 2, 2, 3, 1]|[0, 2, 1, 1, 3, 3, 1, 0, 0, 0, 0, 0, 1, 0, 1, 0, 0, 3, 1, 0, 0, 0, 3, 1, 0, 2, 0, 0, 0, 1, 0, 0, 0, 0, 3, 0, 1, 0, 0, 2, 1, 1, 2, 0, 0, 0, 0, 1, 1, 0, 0, 0, 1, 3, 0, 0, 1, 0, 0, 1, 0, 2, 0, 1, 0, 2, 1, 0, 0, 1, 1, 3, 0, 1, 3, 3, 1, 0, 0, 2, 0, 0, 0, 0, 1, 0, 0, 0, 1, 0, 1, 2, 0, 1, 1, 0, 0, 0, 0, 0],805.5111748560577,57366.432107770626,90127.9774474478,true
40,G4_BALANCED,G1_CMAX,[22, 82, 3, 58, 95, 42, 77, 47, 5, 93, 78, 12, 86, 54, 50, 63, 18, 44, 20, 35, 43, 97, 91, 76, 10, 30, 21, 45, 71, 64, 36, 23, 17, 83, 24, 14, 60, 1, 6, 40, 57, 90, 65, 56, 79, 94, 67, 68, 46, 75, 38, 9, 19, 32, 81, 41, 27, 62, 16, 55, 59, 89, 88, 87, 31, 72, 73, 70, 39, 37, 84, 92, 25, 11, 48, 15, 29, 51, 7, 33, 61, 98, 28, 99, 26, 85, 66, 96, 53, 80, 4, 8, 34, 49, 52, 2, 13, 0, 69, 74]|[1, 0, 1, 0, 1, 2, 2, 2, 2, 2, 1, 1, 1, 0, 0, 1, 0, 2, 2, 0, 1, 2, 0, 1, 2, 2, 0, 0, 1, 2, 1, 2, 1, 0, 2, 0, 1, 1, 0, 1, 1, 1, 0, 2, 1, 1, 0, 0, 0, 0, 1, 1, 2, 1, 2, 0, 0, 0, 1, 2, 1, 1, 1, 1, 1, 2, 1, 2, 1, 1, 1, 0, 1, 2, 2, 1, 0, 0, 1, 2, 1, 2, 0, 1, 1, 0, 0, 2, 0, 0, 1, 1, 2, 0, 1, 0, 0, 0, 1, 2]|[3, 2, 1, 1, 2, 1, 2, 1, 1, 2, 4, 4, 4, 1, 1, 4, 2, 1, 1, 1, 1, 2, 1, 2, 1, 1, 2, 1, 3, 2, 3, 1, 4, 1, 1, 1, 0, 3, 2, 2, 2, 3, 1, 1, 0, 4, 0, 1, 2, 2, 1, 4, 0, 3, 2, 1, 1, 2, 3, 1, 1, 1, 0, 3, 0, 0, 3, 0, 1, 4, 1, 0, 4, 1, 1, 4, 1, 1, 1, 1, 3, 1, 2, 1, 0, 2, 1, 1, 2, 1, 4, 3, 1, 1, 1, 2, 2, 2, 4, 1]|[3, 1, 2, 0, 1, 0, 0, 0, 0, 1, 0, 0, 1, 0, 0, 3, 1, 0, 0, 0, 3, 1, 0, 2, 0, 0, 0, 1, 0, 0, 2, 0, 3, 0, 1, 0, 0, 0, 1, 1, 1, 2, 0, 0, 0, 2, 1, 0, 0, 0, 1, 3, 0, 0, 1, 0, 0, 1, 2, 0, 1, 1, 0, 2, 0, 1, 0, 1, 1, 1, 1, 1, 3, 0, 0, 3, 0, 0, 2, 0, 0, 0, 1, 1, 3, 0, 0, 0, 1, 0, 0, 2, 0, 1, 1, 0, 0, 0, 2, 0],715.7913946700162,58060.95961022334,95287.06515100288,true
40,G2_TEC,G2_TEC,[31, 22, 82, 15, 26, 9, 95, 42, 77, 68, 47, 5, 93, 78, 86, 54, 85, 63, 18, 44, 20, 49, 36, 14, 74, 50, 53, 17, 21, 28, 11, 64, 3, 23, 30, 83, 24, 41, 40, 52, 65, 27, 90, 70, 39, 87, 48, 69, 99, 4, 46, 1, 13, 58, 97, 59, 45, 8, 73, 37, 35, 79, 71, 66, 76, 32, 60, 80, 56, 6, 67, 61, 33, 7, 57, 34, 12, 16, 10, 98, 96, 88, 2, 75, 91, 43, 84, 92, 29, 19, 51, 55, 81, 89, 25, 72, 94, 38, 0, 62]|[2, 1, 2, 1, 1, 2, 1, 1, 1, 1, 1, 0, 2, 2, 1, 2, 0, 0, 0, 2, 2, 1, 0, 2, 0, 2, 2, 1, 0, 1, 1, 1, 0, 0, 1, 0, 2, 1, 2, 2, 0, 0, 1, 1, 0, 2, 0, 2, 1, 0, 0, 2, 0, 0, 2, 0, 1, 1, 0, 0, 2, 1, 1, 2, 2, 0, 2, 2, 2, 1, 2, 1, 1, 2, 0, 1, 1, 2, 1, 2, 0, 1, 0, 0, 1, 1, 0, 0, 1, 1, 1, 0, 1, 1, 1, 1, 2, 0, 2, 1]|[0, 3, 0, 3, 4, 1, 4, 4, 2, 4, 3, 2, 1, 0, 2, 1, 1, 1, 2, 1, 1, 3, 0, 1, 0, 1, 1, 4, 1, 4, 3, 2, 2, 0, 4, 1, 1, 4, 1, 1, 2, 1, 4, 4, 1, 1, 0, 2, 3, 2, 2, 1, 2, 1, 1, 2, 4, 3, 0, 2, 1, 3, 3, 1, 1, 2, 1, 1, 1, 4, 1, 3, 4, 1, 2, 4, 3, 1, 3, 1, 2, 4, 2, 2, 3, 4, 2, 2, 3, 4, 3, 2, 4, 4, 4, 4, 1, 2, 1, 3]|[0, 2, 0, 0, 3, 0, 1, 3, 0, 0, 2, 0, 1, 0, 1, 0, 0, 0, 1, 0, 0, 2, 0, 0, 1, 0, 0, 3, 0, 1, 0, 2, 0, 0, 3, 0, 1, 1, 0, 0, 0, 0, 1, 3, 0, 0, 1, 0, 2, 0, 0, 0, 0, 0, 1, 0, 1, 0, 1, 1, 0, 2, 0, 0, 0, 0, 0, 0, 0, 2, 0, 0, 1, 0, 0, 1, 0, 0, 3, 0, 0, 1, 0, 0, 0, 2, 0, 0, 3, 1, 0, 0, 2, 1, 3, 1, 0, 0, 0, 0],914.0597544875216,49177.57411962909,107642.75205892837,false
40,G3_TWC,G4_BALANCED,[31, 22, 82, 15, 26, 58, 95, 42, 77, 12, 47, 5, 93, 78, 98, 54, 85, 63, 18, 44, 20, 35, 43, 97, 91, 76, 10, 30, 21, 45, 71, 64, 1, 23, 17, 83, 24, 14, 60, 36, 6, 57, 94, 88, 65, 56, 79, 40, 67, 68, 46, 75, 38, 9, 19, 32, 81, 41, 27, 62, 87, 90, 99, 59, 11, 16, 72, 73, 70, 39, 37, 84, 3, 92, 25, 55, 28, 29, 51, 7, 33, 61, 86, 48, 89, 34, 69, 96, 53, 80, 4, 8, 50, 49, 52, 0, 13, 2, 66, 74]|[1, 1, 0, 1, 1, 1, 2, 1, 2, 1, 2, 2, 2, 1, 1, 0, 0, 1, 0, 2, 2, 0, 1, 2, 0, 1, 2, 2, 0, 0, 1, 2, 1, 2, 1, 0, 2, 0, 1, 1, 0, 1, 1, 1, 0, 2, 1, 1, 0, 0, 0, 0, 1, 1, 2, 1, 2, 0, 0, 0, 2, 1, 0, 1, 2, 1, 2, 1, 1, 1, 1, 1, 2, 0, 1, 1, 0, 0, 0, 1, 2, 1, 0, 0, 1, 2, 1, 0, 0, 0, 0, 1, 0, 0, 1, 0, 0, 0, 2, 2]|[4, 3, 2, 2, 0, 0, 2, 2, 2, 4, 1, 1, 2, 4, 4, 1, 1, 4, 2, 1, 1, 1, 1, 2, 1, 2, 1, 1, 1, 1, 3, 2, 3, 0, 4, 0, 1, 1, 0, 3, 2, 2, 4, 0, 1, 1, 0, 2, 0, 1, 2, 2, 1, 4, 0, 3, 2, 1, 1, 2, 1, 3, 1, 1, 1, 3, 0, 4, 3, 1, 4, 1, 1, 2, 4, 4, 2, 1, 1, 3, 1, 3, 1, 1, 1, 1, 3, 1, 2, 1, 2, 3, 1, 1, 1, 2, 2, 2, 1, 1]|[0, 2, 1, 1, 3, 3, 0, 1, 0, 0, 0, 0, 1, 0, 1, 0, 0, 3, 1, 0, 0, 0, 3, 1, 0, 2, 0, 0, 0, 1, 0, 0, 0, 0, 3, 0, 1, 0, 0, 2, 1, 1, 2, 0, 0, 0, 0, 1, 1, 0, 0, 0, 1, 3, 0, 0, 1, 0, 0, 1, 0, 2, 0, 1, 0, 2, 1, 0, 0, 1, 1, 3, 0, 1, 3, 3, 1, 0, 0, 2, 0, 0, 0, 0, 1, 0, 0, 0, 1, 0, 1, 2, 0, 1, 1, 0, 0, 0, 0, 0],790.1921483697682,57957.04840138768,88951.83199580385,true
40,G1_CMAX,G3_TWC,[31, 22, 82, 15, 26, 58, 95, 42, 77, 12, 47, 5, 93, 78, 98, 54, 85, 63, 18, 44, 20, 35, 43, 97, 91, 76, 10, 30, 21, 45, 71, 64, 1, 23, 17, 83, 24, 14, 60, 36, 6, 57, 94, 88, 65, 56, 79, 40, 67, 68, 46, 75, 38, 9, 19, 32, 81, 41, 27, 62, 87, 90, 99, 59, 11, 16, 72, 73, 70, 39, 37, 84, 3, 92, 25, 55, 28, 29, 51, 7, 33, 61, 86, 48, 89, 50, 66, 96, 53, 80, 4, 8, 34, 49, 52, 0, 13, 2, 69, 74]|[1, 1, 0, 1, 1, 1, 1, 2, 2, 1, 2, 2, 2, 1, 1, 0, 0, 1, 0, 2, 2, 0, 1, 2, 0, 1, 2, 2, 0, 0, 1, 2, 1, 2, 1, 0, 2, 0, 1, 1, 0, 1, 1, 1, 0, 2, 1, 1, 0, 0, 0, 0, 1, 1, 2, 1, 2, 0, 0, 0, 2, 1, 0, 1, 2, 1, 2, 1, 1, 1, 1, 1, 2, 0, 1, 1, 0, 0, 0, 1, 2, 1, 0, 0, 1, 0, 2, 0, 0, 0, 0, 1, 2, 0, 1, 0, 0, 0, 1, 2]|[4, 3, 2, 2, 0, 0, 2, 2, 2, 4, 1, 1, 2, 4, 4, 1, 2, 4, 2, 1, 1, 1, 1, 2, 1, 2, 1, 1, 1, 1, 3, 2, 3, 1, 4, 0, 1, 1, 0, 3, 2, 2, 4, 0, 1, 1, 0, 2, 0, 1, 2, 2, 1, 4, 0, 3, 2, 1, 1, 2, 1, 3, 1, 1, 1, 3, 0, 4, 3, 1, 4, 1, 1, 2, 4, 4, 2, 1, 1, 3, 1, 3, 1, 1, 1, 1, 1, 1, 2, 1, 2, 3, 1, 1, 1, 2, 2, 2, 3, 1]|[0, 2, 1, 1, 3, 3, 1, 0, 0, 0, 0, 0, 1, 0, 1, 0, 0, 3, 1, 0, 0, 0, 3, 1, 0, 2, 0, 0, 0, 1, 0, 0, 0, 0, 3, 0, 1, 0, 0, 2, 1, 1, 2, 0, 0, 0, 0, 1, 1, 0, 0, 0, 1, 3, 0, 0, 1, 0, 0, 1, 0, 2, 0, 1, 0, 2, 1, 0, 0, 1, 1, 3, 0, 1, 3, 3, 1, 0, 0, 2, 0, 0, 0, 0, 1, 0, 0, 0, 1, 0, 1, 2, 0, 1, 1, 0, 0, 0, 0, 0],805.5111748560577,57366.432107770626,90127.9774474478,true
40,G4_BALANCED,G1_CMAX,[22, 82, 3, 58, 95, 42, 77, 47, 5, 93, 78, 12, 86, 54, 50, 63, 18, 44, 20, 35, 43, 97, 91, 76, 10, 30, 21, 45, 71, 64, 36, 23, 17, 83, 24, 14, 60, 1, 6, 40, 57, 90, 65, 56, 79, 94, 67, 68, 46, 75, 38, 9, 19, 32, 81, 41, 27, 62, 16, 55, 59, 89, 88, 87, 31, 72, 73, 70, 39, 37, 84, 92, 25, 11, 48, 15, 29, 51, 7, 33, 61, 98, 28, 99, 26, 85, 66, 96, 53, 80, 4, 8, 34, 49, 52, 2, 13, 0, 69, 74]|[1, 0, 1, 0, 1, 2, 2, 2, 2, 2, 1, 1, 1, 0, 0, 1, 0, 2, 2, 0, 1, 2, 0, 1, 2, 2, 0, 0, 1, 2, 1, 2, 1, 0, 2, 0, 1, 1, 0, 1, 1, 1, 0, 2, 1, 1, 0, 0, 0, 0, 1, 1, 2, 1, 2, 0, 0, 0, 1, 2, 1, 1, 1, 1, 1, 2, 1, 2, 1, 1, 1, 0, 1, 2, 2, 1, 0, 0, 1, 2, 1, 2, 0, 1, 1, 0, 0, 2, 0, 0, 1, 1, 2, 0, 1, 0, 0, 0, 1, 2]|[3, 2, 1, 1, 2, 1, 2, 1, 1, 2, 4, 4, 4, 1, 1, 4, 2, 1, 1, 1, 1, 2, 1, 2, 1, 1, 2, 1, 3, 2, 3, 1, 4, 1, 1, 1, 0, 3, 2, 2, 2, 3, 1, 1, 0, 4, 0, 1, 2, 2, 1, 4, 0, 3, 2, 1, 1, 2, 3, 1, 1, 1, 0, 3, 0, 0, 3, 0, 1, 4, 1, 0, 4, 1, 1, 4, 1, 1, 1, 1, 3, 1, 2, 1, 0, 2, 1, 1, 2, 1, 4, 3, 1, 1, 1, 2, 2, 2, 4, 1]|[3, 1, 2, 0, 1, 0, 0, 0, 0, 1, 0, 0, 1, 0, 0, 3, 1, 0, 0, 0, 3, 1, 0, 2, 0, 0, 0, 1, 0, 0, 2, 0, 3, 0, 1, 0, 0, 0, 1, 1, 1, 2, 0, 0, 0, 2, 1, 0, 0, 0, 1, 3, 0, 0, 1, 0, 0, 1, 2, 0, 1, 1, 0, 2, 0, 1, 0, 1, 1, 1, 1, 1, 3, 0, 0, 3, 0, 0, 2, 0, 0, 0, 1, 1, 3, 0, 0, 0, 1, 0, 0, 2, 0, 1, 1, 0, 0, 0, 2, 0],715.7913946700162,58060.95961022334,95287.06515100288,true
40,G2_TEC,G2_TEC,[31, 22, 82, 15, 26, 9, 95, 42, 77, 68, 47, 5, 93, 78, 86, 54, 85, 63, 18, 44, 20, 49, 36, 14, 74, 50, 53, 17, 21, 28, 11, 64, 3, 23, 30, 83, 24, 41, 40, 52, 65, 27, 90, 70, 39, 87, 48, 69, 99, 4, 46, 1, 13, 58, 97, 59, 45, 8, 73, 37, 35, 79, 71, 66, 76, 32, 60, 80, 56, 6, 67, 61, 33, 7, 57, 34, 12, 16, 10, 98, 96, 88, 2, 75, 91, 43, 84, 92, 29, 19, 51, 55, 81, 89, 25, 72, 94, 38, 0, 62]|[2, 1, 2, 1, 1, 2, 1, 1, 1, 1, 1, 0, 2, 2, 1, 2, 0, 0, 0, 2, 2, 1, 0, 2, 0, 2, 2, 1, 0, 1, 1, 1, 0, 0, 1, 0, 2, 1, 2, 2, 0, 0, 1, 1, 0, 2, 0, 2, 1, 0, 0, 2, 0, 0, 2, 0, 1, 1, 0, 0, 2, 1, 1, 2, 2, 0, 2, 2, 2, 1, 2, 1, 1, 2, 0, 1, 1, 2, 1, 2, 0, 1, 0, 0, 1, 1, 0, 0, 1, 1, 1, 0, 1, 1, 1, 1, 2, 0, 2, 1]|[0, 3, 0, 3, 4, 1, 4, 4, 2, 4, 3, 2, 1, 0, 2, 1, 1, 1, 2, 1, 1, 3, 0, 1, 0, 1, 1, 4, 1, 4, 3, 2, 2, 0, 4, 1, 1, 4, 1, 1, 2, 1, 4, 4, 1, 1, 0, 2, 3, 2, 2, 1, 2, 1, 1, 2, 4, 3, 0, 2, 1, 3, 3, 1, 1, 2, 1, 1, 1, 4, 1, 3, 4, 1, 2, 4, 3, 1, 3, 1, 2, 4, 2, 2, 3, 4, 2, 2, 3, 4, 3, 2, 4, 4, 4, 4, 1, 2, 1, 3]|[0, 2, 0, 0, 3, 0, 1, 3, 0, 0, 2, 0, 1, 0, 1, 0, 0, 0, 1, 0, 0, 2, 0, 0, 1, 0, 0, 3, 0, 1, 0, 2, 0, 0, 3, 0, 1, 1, 0, 0, 0, 0, 1, 3, 0, 0, 1, 0, 2, 0, 0, 0, 0, 0, 1, 0, 1, 0, 1, 1, 0, 2, 0, 0, 0, 0, 0, 0, 0, 2, 0, 0, 1, 0, 0, 1, 0, 0, 3, 0, 0, 1, 0, 0, 0, 2, 0, 0, 3, 1, 0, 0, 2, 1, 3, 1, 0, 0, 0, 0],914.0597544875216,49177.57411962909,107642.75205892837,false
40,G3_TWC,G4_BALANCED,[31, 22, 82, 15, 26, 58, 95, 42, 77, 12, 47, 5, 93, 78, 98, 54, 85, 63, 18, 44, 20, 35, 43, 97, 91, 76, 10, 30, 21, 45, 71, 64, 1, 23, 17, 83, 24, 14, 60, 36, 6, 57, 94, 88, 65, 56, 79, 40, 67, 68, 46, 75, 38, 9, 19, 32, 81, 41, 27, 62, 87, 90, 99, 59, 11, 16, 72, 73, 70, 39, 37, 84, 3, 92, 25, 55, 28, 29, 51, 7, 33, 61, 86, 48, 89, 34, 69, 96, 53, 80, 4, 8, 50, 49, 52, 0, 13, 2, 66, 74]|[1, 1, 0, 1, 1, 1, 2, 1, 2, 1, 2, 2, 2, 1, 1, 0, 0, 1, 0, 2, 2, 0, 1, 2, 0, 1, 2, 2, 0, 0, 1, 2, 1, 2, 1, 0, 2, 0, 1, 1, 0, 1, 1, 1, 0, 2, 1, 1, 0, 0, 0, 0, 1, 1, 2, 1, 2, 0, 0, 0, 2, 1, 0, 1, 2, 1, 2, 1, 1, 1, 1, 1, 2, 0, 1, 1, 0, 0, 0, 1, 2, 1, 0, 0, 1, 2, 1, 0, 0, 0, 0, 1, 0, 0, 1, 0, 0, 0, 2, 2]|[4, 3, 2, 2, 0, 0, 2, 2, 2, 4, 1, 1, 2, 4, 4, 1, 1, 4, 2, 1, 1, 1, 1, 2, 1, 2, 1, 1, 1, 1, 3, 2, 3, 0, 4, 0, 1, 1, 0, 3, 2, 2, 4, 0, 1, 1, 0, 2, 0, 1, 2, 2, 1, 4, 0, 3, 2, 1, 1, 2, 1, 3, 1, 1, 1, 3, 0, 4, 3, 1, 4, 1, 1, 2, 4, 4, 2, 1, 1, 3, 1, 3, 1, 1, 1, 1, 3, 1, 2, 1, 2, 3, 1, 1, 1, 2, 2, 2, 1, 1]|[0, 2, 1, 1, 3, 3, 0, 1, 0, 0, 0, 0, 1, 0, 1, 0, 0, 3, 1, 0, 0, 0, 3, 1, 0, 2, 0, 0, 0, 1, 0, 0, 0, 0, 3, 0, 1, 0, 0, 2, 1, 1, 2, 0, 0, 0, 0, 1, 1, 0, 0, 0, 1, 3, 0, 0, 1, 0, 0, 1, 0, 2, 0, 1, 0, 2, 1, 0, 0, 1, 1, 3, 0, 1, 3, 3, 1, 0, 0, 2, 0, 0, 0, 0, 1, 0, 0, 0, 1, 0, 1, 2, 0, 1, 1, 0, 0, 0, 0, 0],790.1921483697682,57957.04840138768,88951.83199580385,true
40,G1_CMAX,G3_TWC,[31, 22, 82, 15, 26, 58, 95, 42, 77, 12, 47, 5, 93, 78, 98, 54, 85, 63, 18, 44, 20, 35, 43, 97, 91, 76, 10, 30, 21, 45, 71, 64, 1, 23, 17, 83, 24, 14, 60, 36, 6, 57, 94, 88, 65, 56, 79, 40, 67, 68, 46, 75, 38, 9, 19, 32, 81, 41, 27, 62, 87, 90, 99, 59, 11, 16, 72, 73, 70, 39, 37, 84, 3, 92, 25, 55, 28, 29, 51, 7, 33, 61, 86, 48, 89, 50, 66, 96, 53, 80, 4, 8, 34, 49, 52, 0, 13, 2, 69, 74]|[1, 1, 0, 1, 1, 1, 1, 2, 2, 1, 2, 2, 2, 1, 1, 0, 0, 1, 0, 2, 2, 0, 1, 2, 0, 1, 2, 2, 0, 0, 1, 2, 1, 2, 1, 0, 2, 0, 1, 1, 0, 1, 1, 1, 0, 2, 1, 1, 0, 0, 0, 0, 1, 1, 2, 1, 2, 0, 0, 0, 2, 1, 0, 1, 2, 1, 2, 1, 1, 1, 1, 1, 2, 0, 1, 1, 0, 0, 0, 1, 2, 1, 0, 0, 1, 0, 2, 0, 0, 0, 0, 1, 2, 0, 1, 0, 0, 0, 1, 2]|[4, 3, 2, 2, 0, 0, 2, 2, 2, 4, 1, 1, 2, 4, 4, 1, 2, 4, 2, 1, 1, 1, 1, 2, 1, 2, 1, 1, 1, 1, 3, 2, 3, 1, 4, 0, 1, 1, 0, 3, 2, 2, 4, 0, 1, 1, 0, 2, 0, 1, 2, 2, 1, 4, 0, 3, 2, 1, 1, 2, 1, 3, 1, 1, 1, 3, 0, 4, 3, 1, 4, 1, 1, 2, 4, 4, 2, 1, 1, 3, 1, 3, 1, 1, 1, 1, 1, 1, 2, 1, 2, 3, 1, 1, 1, 2, 2, 2, 3, 1]|[0, 2, 1, 1, 3, 3, 1, 0, 0, 0, 0, 0, 1, 0, 1, 0, 0, 3, 1, 0, 0, 0, 3, 1, 0, 2, 0, 0, 0, 1, 0, 0, 0, 0, 3, 0, 1, 0, 0, 2, 1, 1, 2, 0, 0, 0, 0, 1, 1, 0, 0, 0, 1, 3, 0, 0, 1, 0, 0, 1, 0, 2, 0, 1, 0, 2, 1, 0, 0, 1, 1, 3, 0, 1, 3, 3, 1, 0, 0, 2, 0, 0, 0, 0, 1, 0, 0, 0, 1, 0, 1, 2, 0, 1, 1, 0, 0, 0, 0, 0],805.5111748560577,57366.432107770626,90127.9774474478,true
40,G4_BALANCED,G1_CMAX,[22, 82, 3, 58, 95, 42, 77, 47, 5, 93, 78, 12, 86, 54, 50, 63, 18, 44, 20, 35, 43, 97, 91, 76, 10, 30, 21, 45, 71, 64, 36, 23, 17, 83, 24, 14, 60, 1, 6, 40, 57, 90, 65, 56, 79, 94, 67, 68, 46, 75, 38, 9, 19, 32, 81, 41, 27, 62, 16, 55, 59, 89, 88, 87, 31, 72, 73, 70, 39, 37, 84, 92, 25, 11, 48, 15, 29, 51, 7, 33, 61, 98, 28, 99, 26, 85, 66, 96, 53, 80, 4, 8, 34, 49, 52, 2, 13, 0, 69, 74]|[1, 0, 1, 0, 1, 2, 2, 2, 2, 2, 1, 1, 1, 0, 0, 1, 0, 2, 2, 0, 1, 2, 0, 1, 2, 2, 0, 0, 1, 2, 1, 2, 1, 0, 2, 0, 1, 1, 0, 1, 1, 1, 0, 2, 1, 1, 0, 0, 0, 0, 1, 1, 2, 1, 2, 0, 0, 0, 1, 2, 1, 1, 1, 1, 1, 2, 1, 2, 1, 1, 1, 0, 1, 2, 2, 1, 0, 0, 1, 2, 1, 2, 0, 1, 1, 0, 0, 2, 0, 0, 1, 1, 2, 0, 1, 0, 0, 0, 1, 2]|[3, 2, 1, 1, 2, 1, 2, 1, 1, 2, 4, 4, 4, 1, 1, 4, 2, 1, 1, 1, 1, 2, 1, 2, 1, 1, 2, 1, 3, 2, 3, 1, 4, 1, 1, 1, 0, 3, 2, 2, 2, 3, 1, 1, 0, 4, 0, 1, 2, 2, 1, 4, 0, 3, 2, 1, 1, 2, 3, 1, 1, 1, 0, 3, 0, 0, 3, 0, 1, 4, 1, 0, 4, 1, 1, 4, 1, 1, 1, 1, 3, 1, 2, 1, 0, 2, 1, 1, 2, 1, 4, 3, 1, 1, 1, 2, 2, 2, 4, 1]|[3, 1, 2, 0, 1, 0, 0, 0, 0, 1, 0, 0, 1, 0, 0, 3, 1, 0, 0, 0, 3, 1, 0, 2, 0, 0, 0, 1, 0, 0, 2, 0, 3, 0, 1, 0, 0, 0, 1, 1, 1, 2, 0, 0, 0, 2, 1, 0, 0, 0, 1, 3, 0, 0, 1, 0, 0, 1, 2, 0, 1, 1, 0, 2, 0, 1, 0, 1, 1, 1, 1, 1, 3, 0, 0, 3, 0, 0, 2, 0, 0, 0, 1, 1, 3, 0, 0, 0, 1, 0, 0, 2, 0, 1, 1, 0, 0, 0, 2, 0],715.7913946700162,58060.95961022334,95287.06515100288,true
40,G2_TEC,G2_TEC,[31, 22, 82, 15, 26, 9, 95, 42, 77, 68, 47, 5, 93, 78, 86, 54, 85, 63, 18, 44, 20, 49, 36, 14, 74, 50, 53, 17, 21, 28, 11, 64, 3, 23, 30, 83, 24, 41, 40, 52, 65, 27, 90, 70, 39, 87, 48, 69, 99, 4, 46, 1, 13, 58, 97, 59, 45, 8, 73, 37, 35, 79, 71, 66, 76, 32, 60, 80, 56, 6, 67, 61, 33, 7, 57, 34, 12, 16, 10, 98, 96, 88, 2, 75, 91, 43, 84, 92, 29, 19, 51, 55, 81, 89, 25, 72, 94, 38, 0, 62]|[2, 1, 2, 1, 1, 2, 1, 1, 1, 1, 1, 0, 2, 2, 1, 2, 0, 0, 0, 2, 2, 1, 0, 2, 0, 2, 2, 1, 0, 1, 1, 1, 0, 0, 1, 0, 2, 1, 2, 2, 0, 0, 1, 1, 0, 2, 0, 2, 1, 0, 0, 2, 0, 0, 2, 0, 1, 1, 0, 0, 2, 1, 1, 2, 2, 0, 2, 2, 2, 1, 2, 1, 1, 2, 0, 1, 1, 2, 1, 2, 0, 1, 0, 0, 1, 1, 0, 0, 1, 1, 1, 0, 1, 1, 1, 1, 2, 0, 2, 1]|[0, 3, 0, 3, 4, 1, 4, 4, 2, 4, 3, 2, 1, 0, 2, 1, 1, 1, 2, 1, 1, 3, 0, 1, 0, 1, 1, 4, 1, 4, 3, 2, 2, 0, 4, 1, 1, 4, 1, 1, 2, 1, 4, 4, 1, 1, 0, 2, 3, 2, 2, 1, 2, 1, 1, 2, 4, 3, 0, 2, 1, 3, 3, 1, 1, 2, 1, 1, 1, 4, 1, 3, 4, 1, 2, 4, 3, 1, 3, 1, 2, 4, 2, 2, 3, 4, 2, 2, 3, 4, 3, 2, 4, 4, 4, 4, 1, 2, 1, 3]|[0, 2, 0, 0, 3, 0, 1, 3, 0, 0, 2, 0, 1, 0, 1, 0, 0, 0, 1, 0, 0, 2, 0, 0, 1, 0, 0, 3, 0, 1, 0, 2, 0, 0, 3, 0, 1, 1, 0, 0, 0, 0, 1, 3, 0, 0, 1, 0, 2, 0, 0, 0, 0, 0, 1, 0, 1, 0, 1, 1, 0, 2, 0, 0, 0, 0, 0, 0, 0, 2, 0, 0, 1, 0, 0, 1, 0, 0, 3, 0, 0, 1, 0, 0, 0, 2, 0, 0, 3, 1, 0, 0, 2, 1, 3, 1, 0, 0, 0, 0],914.0597544875216,49177.57411962909,107642.75205892837,false
40,G3_TWC,G4_BALANCED,[31, 22, 82, 15, 26, 58, 95, 42, 77, 12, 47, 5, 93, 78, 98, 54, 85, 63, 18, 44, 20, 35, 43, 97, 91, 76, 10, 30, 21, 45, 71, 64, 1, 23, 17, 83, 24, 14, 60, 36, 6, 57, 94, 88, 65, 56, 79, 40, 67, 68, 46, 75, 38, 9, 19, 32, 81, 41, 27, 62, 87, 90, 99, 59, 11, 16, 72, 73, 70, 39, 37, 84, 3, 92, 25, 55, 28, 29, 51, 7, 33, 61, 86, 48, 89, 34, 69, 96, 53, 80, 4, 8, 50, 49, 52, 0, 13, 2, 66, 74]|[1, 1, 0, 1, 1, 1, 2, 1, 2, 1, 2, 2, 2, 1, 1, 0, 0, 1, 0, 2, 2, 0, 1, 2, 0, 1, 2, 2, 0, 0, 1, 2, 1, 2, 1, 0, 2, 0, 1, 1, 0, 1, 1, 1, 0, 2, 1, 1, 0, 0, 0, 0, 1, 1, 2, 1, 2, 0, 0, 0, 2, 1, 0, 1, 2, 1, 2, 1, 1, 1, 1, 1, 2, 0, 1, 1, 0, 0, 0, 1, 2, 1, 0, 0, 1, 2, 1, 0, 0, 0, 0, 1, 0, 0, 1, 0, 0, 0, 2, 2]|[4, 3, 2, 2, 0, 0, 2, 2, 2, 4, 1, 1, 2, 4, 4, 1, 1, 4, 2, 1, 1, 1, 1, 2, 1, 2, 1, 1, 1, 1, 3, 2, 3, 0, 4, 0, 1, 1, 0, 3, 2, 2, 4, 0, 1, 1, 0, 2, 0, 1, 2, 2, 1, 4, 0, 3, 2, 1, 1, 2, 1, 3, 1, 1, 1, 3, 0, 4, 3, 1, 4, 1, 1, 2, 4, 4, 2, 1, 1, 3, 1, 3, 1, 1, 1, 1, 3, 1, 2, 1, 2, 3, 1, 1, 1, 2, 2, 2, 1, 1]|[0, 2, 1, 1, 3, 3, 0, 1, 0, 0, 0, 0, 1, 0, 1, 0, 0, 3, 1, 0, 0, 0, 3, 1, 0, 2, 0, 0, 0, 1, 0, 0, 0, 0, 3, 0, 1, 0, 0, 2, 1, 1, 2, 0, 0, 0, 0, 1, 1, 0, 0, 0, 1, 3, 0, 0, 1, 0, 0, 1, 0, 2, 0, 1, 0, 2, 1, 0, 0, 1, 1, 3, 0, 1, 3, 3, 1, 0, 0, 2, 0, 0, 0, 0, 1, 0, 0, 0, 1, 0, 1, 2, 0, 1, 1, 0, 0, 0, 0, 0],790.1921483697682,57957.04840138768,88951.83199580385,true
40,G1_CMAX,G3_TWC,[31, 22, 82, 15, 26, 58, 95, 42, 77, 12, 47, 5, 93, 78, 98, 54, 85, 63, 18, 44, 20, 35, 43, 97, 91, 76, 10, 30, 21, 45, 71, 64, 1, 23, 17, 83, 24, 14, 60, 36, 6, 57, 94, 88, 65, 56, 79, 40, 67, 68, 46, 75, 38, 9, 19, 32, 81, 41, 27, 62, 87, 90, 99, 59, 11, 16, 72, 73, 70, 39, 37, 84, 3, 92, 25, 55, 28, 29, 51, 7, 33, 61, 86, 48, 89, 50, 66, 96, 53, 80, 4, 8, 34, 49, 52, 0, 13, 2, 69, 74]|[1, 1, 0, 1, 1, 1, 1, 2, 2, 1, 2, 2, 2, 1, 1, 0, 0, 1, 0, 2, 2, 0, 1, 2, 0, 1, 2, 2, 0, 0, 1, 2, 1, 2, 1, 0, 2, 0, 1, 1, 0, 1, 1, 1, 0, 2, 1, 1, 0, 0, 0, 0, 1, 1, 2, 1, 2, 0, 0, 0, 2, 1, 0, 1, 2, 1, 2, 1, 1, 1, 1, 1, 2, 0, 1, 1, 0, 0, 0, 1, 2, 1, 0, 0, 1, 0, 2, 0, 0, 0, 0, 1, 2, 0, 1, 0, 0, 0, 1, 2]|[4, 3, 2, 2, 0, 0, 2, 2, 2, 4, 1, 1, 2, 4, 4, 1, 2, 4, 2, 1, 1, 1, 1, 2, 1, 2, 1, 1, 1, 1, 3, 2, 3, 1, 4, 0, 1, 1, 0, 3, 2, 2, 4, 0, 1, 1, 0, 2, 0, 1, 2, 2, 1, 4, 0, 3, 2, 1, 1, 2, 1, 3, 1, 1, 1, 3, 0, 4, 3, 1, 4, 1, 1, 2, 4, 4, 2, 1, 1, 3, 1, 3, 1, 1, 1, 1, 1, 1, 2, 1, 2, 3, 1, 1, 1, 2, 2, 2, 3, 1]|[0, 2, 1, 1, 3, 3, 1, 0, 0, 0, 0, 0, 1, 0, 1, 0, 0, 3, 1, 0, 0, 0, 3, 1, 0, 2, 0, 0, 0, 1, 0, 0, 0, 0, 3, 0, 1, 0, 0, 2, 1, 1, 2, 0, 0, 0, 0, 1, 1, 0, 0, 0, 1, 3, 0, 0, 1, 0, 0, 1, 0, 2, 0, 1, 0, 2, 1, 0, 0, 1, 1, 3, 0, 1, 3, 3, 1, 0, 0, 2, 0, 0, 0, 0, 1, 0, 0, 0, 1, 0, 1, 2, 0, 1, 1, 0, 0, 0, 0, 0],805.5111748560577,57366.432107770626,90127.9774474478,true
40,G4_BALANCED,G1_CMAX,[22, 82, 3, 58, 95, 42, 77, 47, 5, 93, 78, 12, 86, 54, 50, 63, 18, 44, 20, 35, 43, 97, 91, 76, 10, 30, 21, 45, 71, 64, 36, 23, 17, 83, 24, 14, 60, 1, 6, 40, 57, 90, 65, 56, 79, 94, 67, 68, 46, 75, 38, 9, 19, 32, 81, 41, 27, 62, 16, 55, 59, 89, 88, 87, 31, 72, 73, 70, 39, 37, 84, 92, 25, 11, 48, 15, 29, 51, 7, 33, 61, 98, 28, 99, 26, 85, 66, 96, 53, 80, 4, 8, 34, 49, 52, 2, 13, 0, 69, 74]|[1, 0, 1, 0, 1, 2, 2, 2, 2, 2, 1, 1, 1, 0, 0, 1, 0, 2, 2, 0, 1, 2, 0, 1, 2, 2, 0, 0, 1, 2, 1, 2, 1, 0, 2, 0, 1, 1, 0, 1, 1, 1, 0, 2, 1, 1, 0, 0, 0, 0, 1, 1, 2, 1, 2, 0, 0, 0, 1, 2, 1, 1, 1, 1, 1, 2, 1, 2, 1, 1, 1, 0, 1, 2, 2, 1, 0, 0, 1, 2, 1, 2, 0, 1, 1, 0, 0, 2, 0, 0, 1, 1, 2, 0, 1, 0, 0, 0, 1, 2]|[3, 2, 1, 1, 2, 1, 2, 1, 1, 2, 4, 4, 4, 1, 1, 4, 2, 1, 1, 1, 1, 2, 1, 2, 1, 1, 2, 1, 3, 2, 3, 1, 4, 1, 1, 1, 0, 3, 2, 2, 2, 3, 1, 1, 0, 4, 0, 1, 2, 2, 1, 4, 0, 3, 2, 1, 1, 2, 3, 1, 1, 1, 0, 3, 0, 0, 3, 0, 1, 4, 1, 0, 4, 1, 1, 4, 1, 1, 1, 1, 3, 1, 2, 1, 0, 2, 1, 1, 2, 1, 4, 3, 1, 1, 1, 2, 2, 2, 4, 1]|[3, 1, 2, 0, 1, 0, 0, 0, 0, 1, 0, 0, 1, 0, 0, 3, 1, 0, 0, 0, 3, 1, 0, 2, 0, 0, 0, 1, 0, 0, 2, 0, 3, 0, 1, 0, 0, 0, 1, 1, 1, 2, 0, 0, 0, 2, 1, 0, 0, 0, 1, 3, 0, 0, 1, 0, 0, 1, 2, 0, 1, 1, 0, 2, 0, 1, 0, 1, 1, 1, 1, 1, 3, 0, 0, 3, 0, 0, 2, 0, 0, 0, 1, 1, 3, 0, 0, 0, 1, 0, 0, 2, 0, 1, 1, 0, 0, 0, 2, 0],715.7913946700162,58060.95961022334,95287.06515100288,true
40,G2_TEC,G2_TEC,[31, 22, 82, 15, 26, 9, 95, 42, 77, 68, 47, 5, 93, 78, 86, 54, 85, 63, 18, 44, 20, 49, 36, 14, 74, 50, 53, 17, 21, 28, 11, 64, 3, 23, 30, 83, 24, 41, 40, 52, 65, 27, 90, 70, 39, 87, 48, 69, 99, 4, 46, 1, 13, 58, 97, 59, 45, 8, 73, 37, 35, 79, 71, 66, 76, 32, 60, 80, 56, 6, 67, 61, 33, 7, 57, 34, 12, 16, 10, 98, 96, 88, 2, 75, 91, 43, 84, 92, 29, 19, 51, 55, 81, 89, 25, 72, 94, 38, 0, 62]|[2, 1, 2, 1, 1, 2, 1, 1, 1, 1, 1, 0, 2, 2, 1, 2, 0, 0, 0, 2, 2, 1, 0, 2, 0, 2, 2, 1, 0, 1, 1, 1, 0, 0, 1, 0, 2, 1, 2, 2, 0, 0, 1, 1, 0, 2, 0, 2, 1, 0, 0, 2, 0, 0, 2, 0, 1, 1, 0, 0, 2, 1, 1, 2, 2, 0, 2, 2, 2, 1, 2, 1, 1, 2, 0, 1, 1, 2, 1, 2, 0, 1, 0, 0, 1, 1, 0, 0, 1, 1, 1, 0, 1, 1, 1, 1, 2, 0, 2, 1]|[0, 3, 0, 3, 4, 1, 4, 4, 2, 4, 3, 2, 1, 0, 2, 1, 1, 1, 2, 1, 1, 3, 0, 1, 0, 1, 1, 4, 1, 4, 3, 2, 2, 0, 4, 1, 1, 4, 1, 1, 2, 1, 4, 4, 1, 1, 0, 2, 3, 2, 2, 1, 2, 1, 1, 2, 4, 3, 0, 2, 1, 3, 3, 1, 1, 2, 1, 1, 1, 4, 1, 3, 4, 1, 2, 4, 3, 1, 3, 1, 2, 4, 2, 2, 3, 4, 2, 2, 3, 4, 3, 2, 4, 4, 4, 4, 1, 2, 1, 3]|[0, 2, 0, 0, 3, 0, 1, 3, 0, 0, 2, 0, 1, 0, 1, 0, 0, 0, 1, 0, 0, 2, 0, 0, 1, 0, 0, 3, 0, 1, 0, 2, 0, 0, 3, 0, 1, 1, 0, 0, 0, 0, 1, 3, 0, 0, 1, 0, 2, 0, 0, 0, 0, 0, 1, 0, 1, 0, 1, 1, 0, 2, 0, 0, 0, 0, 0, 0, 0, 2, 0, 0, 1, 0, 0, 1, 0, 0, 3, 0, 0, 1, 0, 0, 0, 2, 0, 0, 3, 1, 0, 0, 2, 1, 3, 1, 0, 0, 0, 0],914.0597544875216,49177.57411962909,107642.75205892837,false
40,G3_TWC,G4_BALANCED,[31, 22, 82, 15, 26, 58, 95, 42, 77, 12, 47, 5, 93, 78, 98, 54, 85, 63, 18, 44, 20, 35, 43, 97, 91, 76, 10, 30, 21, 45, 71, 64, 1, 23, 17, 83, 24, 14, 60, 36, 6, 57, 94, 88, 65, 56, 79, 40, 67, 68, 46, 75, 38, 9, 19, 32, 81, 41, 27, 62, 87, 90, 99, 59, 11, 16, 72, 73, 70, 39, 37, 84, 3, 92, 25, 55, 28, 29, 51, 7, 33, 61, 86, 48, 89, 34, 69, 96, 53, 80, 4, 8, 50, 49, 52, 0, 13, 2, 66, 74]|[1, 1, 0, 1, 1, 1, 2, 1, 2, 1, 2, 2, 2, 1, 1, 0, 0, 1, 0, 2, 2, 0, 1, 2, 0, 1, 2, 2, 0, 0, 1, 2, 1, 2, 1, 0, 2, 0, 1, 1, 0, 1, 1, 1, 0, 2, 1, 1, 0, 0, 0, 0, 1, 1, 2, 1, 2, 0, 0, 0, 2, 1, 0, 1, 2, 1, 2, 1, 1, 1, 1, 1, 2, 0, 1, 1, 0, 0, 0, 1, 2, 1, 0, 0, 1, 2, 1, 0, 0, 0, 0, 1, 0, 0, 1, 0, 0, 0, 2, 2]|[4, 3, 2, 2, 0, 0, 2, 2, 2, 4, 1, 1, 2, 4, 4, 1, 1, 4, 2, 1, 1, 1, 1, 2, 1, 2, 1, 1, 1, 1, 3, 2, 3, 0, 4, 0, 1, 1, 0, 3, 2, 2, 4, 0, 1, 1, 0, 2, 0, 1, 2, 2, 1, 4, 0, 3, 2, 1, 1, 2, 1, 3, 1, 1, 1, 3, 0, 4, 3, 1, 4, 1, 1, 2, 4, 4, 2, 1, 1, 3, 1, 3, 1, 1, 1, 1, 3, 1, 2, 1, 2, 3, 1, 1, 1, 2, 2, 2, 1, 1]|[0, 2, 1, 1, 3, 3, 0, 1, 0, 0, 0, 0, 1, 0, 1, 0, 0, 3, 1, 0, 0, 0, 3, 1, 0, 2, 0, 0, 0, 1, 0, 0, 0, 0, 3, 0, 1, 0, 0, 2, 1, 1, 2, 0, 0, 0, 0, 1, 1, 0, 0, 0, 1, 3, 0, 0, 1, 0, 0, 1, 0, 2, 0, 1, 0, 2, 1, 0, 0, 1, 1, 3, 0, 1, 3, 3, 1, 0, 0, 2, 0, 0, 0, 0, 1, 0, 0, 0, 1, 0, 1, 2, 0, 1, 1, 0, 0, 0, 0, 0],790.1921483697682,57957.04840138768,88951.83199580385,true
40,G1_CMAX,G3_TWC,[31, 22, 82, 15, 26, 58, 95, 42, 77, 12, 47, 5, 93, 78, 98, 54, 85, 63, 18, 44, 20, 35, 43, 97, 91, 76, 10, 30, 21, 45, 71, 64, 1, 23, 17, 83, 24, 14, 60, 36, 6, 57, 94, 88, 65, 56, 79, 40, 67, 68, 46, 75, 38, 9, 19, 32, 81, 41, 27, 62, 87, 90, 99, 59, 11, 16, 72, 73, 70, 39, 37, 84, 3, 92, 25, 55, 28, 29, 51, 7, 33, 61, 86, 48, 89, 50, 66, 96, 53, 80, 4, 8, 34, 49, 52, 0, 13, 2, 69, 74]|[1, 1, 0, 1, 1, 1, 1, 2, 2, 1, 2, 2, 2, 1, 1, 0, 0, 1, 0, 2, 2, 0, 1, 2, 0, 1, 2, 2, 0, 0, 1, 2, 1, 2, 1, 0, 2, 0, 1, 1, 0, 1, 1, 1, 0, 2, 1, 1, 0, 0, 0, 0, 1, 1, 2, 1, 2, 0, 0, 0, 2, 1, 0, 1, 2, 1, 2, 1, 1, 1, 1, 1, 2, 0, 1, 1, 0, 0, 0, 1, 2, 1, 0, 0, 1, 0, 2, 0, 0, 0, 0, 1, 2, 0, 1, 0, 0, 0, 1, 2]|[4, 3, 2, 2, 0, 0, 2, 2, 2, 4, 1, 1, 2, 4, 4, 1, 2, 4, 2, 1, 1, 1, 1, 2, 1, 2, 1, 1, 1, 1, 3, 2, 3, 1, 4, 0, 1, 1, 0, 3, 2, 2, 4, 0, 1, 1, 0, 2, 0, 1, 2, 2, 1, 4, 0, 3, 2, 1, 1, 2, 1, 3, 1, 1, 1, 3, 0, 4, 3, 1, 4, 1, 1, 2, 4, 4, 2, 1, 1, 3, 1, 3, 1, 1, 1, 1, 1, 1, 2, 1, 2, 3, 1, 1, 1, 2, 2, 2, 3, 1]|[0, 2, 1, 1, 3, 3, 1, 0, 0, 0, 0, 0, 1, 0, 1, 0, 0, 3, 1, 0, 0, 0, 3, 1, 0, 2, 0, 0, 0, 1, 0, 0, 0, 0, 3, 0, 1, 0, 0, 2, 1, 1, 2, 0, 0, 0, 0, 1, 1, 0, 0, 0, 1, 3, 0, 0, 1, 0, 0, 1, 0, 2, 0, 1, 0, 2, 1, 0, 0, 1, 1, 3, 0, 1, 3, 3, 1, 0, 0, 2, 0, 0, 0, 0, 1, 0, 0, 0, 1, 0, 1, 2, 0, 1, 1, 0, 0, 0, 0, 0],805.5111748560577,57366.432107770626,90127.9774474478,true
40,G4_BALANCED,G1_CMAX,[22, 82, 3, 58, 95, 42, 77, 47, 5, 93, 78, 12, 86, 54, 50, 63, 18, 44, 20, 35, 43, 97, 91, 76, 10, 30, 21, 45, 71, 64, 36, 23, 17, 83, 24, 14, 60, 1, 6, 40, 57, 90, 65, 56, 79, 94, 67, 68, 46, 75, 38, 9, 19, 32, 81, 41, 27, 62, 16, 55, 59, 89, 88, 87, 31, 72, 73, 70, 39, 37, 84, 92, 25, 11, 48, 15, 29, 51, 7, 33, 61, 98, 28, 99, 26, 85, 66, 96, 53, 80, 4, 8, 34, 49, 52, 2, 13, 0, 69, 74]|[1, 0, 1, 0, 1, 2, 2, 2, 2, 2, 1, 1, 1, 0, 0, 1, 0, 2, 2, 0, 1, 2, 0, 1, 2, 2, 0, 0, 1, 2, 1, 2, 1, 0, 2, 0, 1, 1, 0, 1, 1, 1, 0, 2, 1, 1, 0, 0, 0, 0, 1, 1, 2, 1, 2, 0, 0, 0, 1, 2, 1, 1, 1, 1, 1, 2, 1, 2, 1, 1, 1, 0, 1, 2, 2, 1, 0, 0, 1, 2, 1, 2, 0, 1, 1, 0, 0, 2, 0, 0, 1, 1, 2, 0, 1, 0, 0, 0, 1, 2]|[3, 2, 1, 1, 2, 1, 2, 1, 1, 2, 4, 4, 4, 1, 1, 4, 2, 1, 1, 1, 1, 2, 1, 2, 1, 1, 2, 1, 3, 2, 3, 1, 4, 1, 1, 1, 0, 3, 2, 2, 2, 3, 1, 1, 0, 4, 0, 1, 2, 2, 1, 4, 0, 3, 2, 1, 1, 2, 3, 1, 1, 1, 0, 3, 0, 0, 3, 0, 1, 4, 1, 0, 4, 1, 1, 4, 1, 1, 1, 1, 3, 1, 2, 1, 0, 2, 1, 1, 2, 1, 4, 3, 1, 1, 1, 2, 2, 2, 4, 1]|[3, 1, 2, 0, 1, 0, 0, 0, 0, 1, 0, 0, 1, 0, 0, 3, 1, 0, 0, 0, 3, 1, 0, 2, 0, 0, 0, 1, 0, 0, 2, 0, 3, 0, 1, 0, 0, 0, 1, 1, 1, 2, 0, 0, 0, 2, 1, 0, 0, 0, 1, 3, 0, 0, 1, 0, 0, 1, 2, 0, 1, 1, 0, 2, 0, 1, 0, 1, 1, 1, 1, 1, 3, 0, 0, 3, 0, 0, 2, 0, 0, 0, 1, 1, 3, 0, 0, 0, 1, 0, 0, 2, 0, 1, 1, 0, 0, 0, 2, 0],715.7913946700162,58060.95961022334,95287.06515100288,true
40,G2_TEC,G2_TEC,[31, 22, 82, 15, 26, 9, 95, 42, 77, 68, 47, 5, 93, 78, 86, 54, 85, 63, 18, 44, 20, 49, 36, 14, 74, 50, 53, 17, 21, 28, 11, 64, 3, 23, 30, 83, 24, 41, 40, 52, 65, 27, 90, 70, 39, 87, 48, 69, 99, 4, 46, 1, 13, 58, 97, 59, 45, 8, 73, 37, 35, 79, 71, 66, 76, 32, 60, 80, 56, 6, 67, 61, 33, 7, 57, 34, 12, 16, 10, 98, 96, 88, 2, 75, 91, 43, 84, 92, 29, 19, 51, 55, 81, 89, 25, 72, 94, 38, 0, 62]|[2, 1, 2, 1, 1, 2, 1, 1, 1, 1, 1, 0, 2, 2, 1, 2, 0, 0, 0, 2, 2, 1, 0, 2, 0, 2, 2, 1, 0, 1, 1, 1, 0, 0, 1, 0, 2, 1, 2, 2, 0, 0, 1, 1, 0, 2, 0, 2, 1, 0, 0, 2, 0, 0, 2, 0, 1, 1, 0, 0, 2, 1, 1, 2, 2, 0, 2, 2, 2, 1, 2, 1, 1, 2, 0, 1, 1, 2, 1, 2, 0, 1, 0, 0, 1, 1, 0, 0, 1, 1, 1, 0, 1, 1, 1, 1, 2, 0, 2, 1]|[0, 3, 0, 3, 4, 1, 4, 4, 2, 4, 3, 2, 1, 0, 2, 1, 1, 1, 2, 1, 1, 3, 0, 1, 0, 1, 1, 4, 1, 4, 3, 2, 2, 0, 4, 1, 1, 4, 1, 1, 2, 1, 4, 4, 1, 1, 0, 2, 3, 2, 2, 1, 2, 1, 1, 2, 4, 3, 0, 2, 1, 3, 3, 1, 1, 2, 1, 1, 1, 4, 1, 3, 4, 1, 2, 4, 3, 1, 3, 1, 2, 4, 2, 2, 3, 4, 2, 2, 3, 4, 3, 2, 4, 4, 4, 4, 1, 2, 1, 3]|[0, 2, 0, 0, 3, 0, 1, 3, 0, 0, 2, 0, 1, 0, 1, 0, 0, 0, 1, 0, 0, 2, 0, 0, 1, 0, 0, 3, 0, 1, 0, 2, 0, 0, 3, 0, 1, 1, 0, 0, 0, 0, 1, 3, 0, 0, 1, 0, 2, 0, 0, 0, 0, 0, 1, 0, 1, 0, 1, 1, 0, 2, 0, 0, 0, 0, 0, 0, 0, 2, 0, 0, 1, 0, 0, 1, 0, 0, 3, 0, 0, 1, 0, 0, 0, 2, 0, 0, 3, 1, 0, 0, 2, 1, 3, 1, 0, 0, 0, 0],914.0597544875216,49177.57411962909,107642.75205892837,false
40,G3_TWC,G3_TWC,[31, 22, 82, 15, 26, 58, 95, 42, 77, 12, 47, 5, 93, 78, 98, 54, 85, 63, 18, 44, 20, 35, 43, 97, 91, 76, 10, 30, 21, 45, 71, 64, 1, 23, 17, 83, 24, 14, 60, 36, 6, 57, 94, 88, 65, 56, 79, 40, 67, 68, 46, 75, 38, 9, 19, 32, 81, 41, 27, 62, 87, 90, 99, 59, 28, 16, 72, 73, 70, 39, 37, 84, 3, 92, 25, 55, 11, 29, 51, 7, 33, 61, 86, 66, 89, 50, 48, 96, 53, 80, 4, 8, 34, 49, 52, 0, 13, 2, 69, 74]|[1, 1, 0, 1, 1, 1, 2, 1, 2, 1, 2, 2, 2, 1, 1, 0, 0, 1, 0, 2, 2, 0, 1, 2, 0, 1, 2, 2, 0, 0, 1, 2, 1, 2, 1, 0, 2, 0, 1, 1, 0, 1, 1, 1, 0, 2, 1, 1, 0, 0, 0, 0, 1, 1, 2, 1, 2, 0, 0, 0, 2, 1, 0, 1, 0, 1, 2, 1, 1, 1, 1, 1, 2, 0, 1, 1, 2, 0, 0, 1, 2, 1, 0, 2, 1, 0, 0, 2, 0, 0, 0, 1, 2, 0, 1, 0, 0, 0, 1, 2]|[4, 3, 2, 2, 4, 0, 2, 2, 2, 4, 1, 1, 2, 4, 4, 1, 1, 4, 2, 1, 1, 1, 1, 2, 1, 2, 1, 1, 1, 1, 3, 2, 3, 1, 4, 0, 2, 1, 0, 3, 2, 2, 4, 0, 1, 1, 0, 2, 0, 1, 2, 2, 1, 4, 0, 3, 2, 1, 1, 2, 1, 3, 1, 1, 2, 3, 0, 4, 3, 1, 4, 1, 1, 2, 4, 4, 1, 1, 1, 3, 1, 3, 1, 1, 1, 1, 1, 1, 2, 1, 2, 3, 1, 1, 1, 2, 2, 2, 3, 1]|[0, 2, 1, 1, 3, 3, 0, 1, 0, 0, 0, 0, 1, 0, 1, 0, 0, 3, 1, 0, 0, 0, 3, 1, 0, 2, 0, 0, 0, 1, 0, 0, 0, 0, 3, 0, 1, 0, 0, 2, 1, 1, 2, 0, 0, 0, 0, 1, 1, 0, 0, 0, 1, 3, 0, 0, 1, 0, 0, 1, 0, 2, 0, 1, 1, 2, 1, 0, 0, 1, 1, 3, 0, 1, 3, 3, 0, 0, 0, 2, 0, 0, 0, 0, 1, 0, 0, 0, 1, 0, 1, 2, 0, 1, 1, 0, 0, 0, 0, 0],777.4450193580618,57364.1537506052,91096.94656943124,false
40,G1_CMAX,G3_TWC,[31, 22, 82, 15, 26, 58, 95, 42, 77, 12, 47, 5, 93, 78, 98, 54, 85, 63, 18, 44, 20, 35, 43, 97, 91, 76, 10, 30, 21, 45, 71, 64, 1, 23, 17, 83, 24, 14, 60, 36, 6, 57, 94, 88, 65, 56, 79, 40, 67, 68, 46, 75, 38, 9, 19, 32, 81, 41, 27, 62, 87, 90, 99, 59, 11, 16, 72, 73, 70, 39, 37, 84, 3, 92, 25, 55, 28, 29, 51, 7, 33, 61, 86, 48, 89, 50, 66, 96, 53, 80, 4, 8, 34, 49, 52, 0, 13, 2, 69, 74]|[1, 1, 0, 1, 1, 1, 1, 2, 2, 1, 2, 2, 2, 1, 1, 0, 0, 1, 0, 2, 2, 0, 1, 2, 0, 1, 2, 2, 0, 0, 1, 2, 1, 2, 1, 0, 2, 0, 1, 1, 0, 1, 1, 1, 0, 2, 1, 1, 0, 0, 0, 0, 1, 1, 2, 1, 2, 0, 0, 0, 2, 1, 0, 1, 2, 1, 2, 1, 1, 1, 1, 1, 2, 0, 1, 1, 0, 0, 0, 1, 2, 1, 0, 0, 1, 0, 2, 0, 0, 0, 0, 1, 2, 0, 1, 0, 0, 0, 1, 2]|[4, 3, 2, 2, 0, 0, 2, 2, 2, 4, 1, 1, 2, 4, 4, 1, 2, 4, 2, 1, 1, 1, 1, 2, 1, 2, 1, 1, 1, 1, 3, 2, 3, 1, 4, 0, 1, 1, 0, 3, 2, 2, 4, 0, 1, 1, 0, 2, 0, 1, 2, 2, 1, 4, 0, 3, 2, 1, 1, 2, 1, 3, 1, 1, 1, 3, 0, 4, 3, 1, 4, 1, 1, 2, 4, 4, 2, 1, 1, 3, 1, 3, 1, 1, 1, 1, 1, 1, 2, 1, 2, 3, 1, 1, 1, 2, 2, 2, 3, 1]|[0, 2, 1, 1, 3, 3, 1, 0, 0, 0, 0, 0, 1, 0, 1, 0, 0, 3, 1, 0, 0, 0, 3, 1, 0, 2, 0, 0, 0, 1, 0, 0, 0, 0, 3, 0, 1, 0, 0, 2, 1, 1, 2, 0, 0, 0, 0, 1, 1, 0, 0, 0, 1, 3, 0, 0, 1, 0, 0, 1, 0, 2, 0, 1, 0, 2, 1, 0, 0, 1, 1, 3, 0, 1, 3, 3, 1, 0, 0, 2, 0, 0, 0, 0, 1, 0, 0, 0, 1, 0, 1, 2, 0, 1, 1, 0, 0, 0, 0, 0],805.5111748560577,57366.432107770626,90127.9774474478,true
40,G4_BALANCED,G1_CMAX,[22, 82, 3, 58, 95, 42, 77, 47, 5, 93, 78, 12, 86, 54, 50, 63, 18, 44, 20, 35, 43, 97, 91, 76, 10, 30, 21, 45, 71, 64, 36, 23, 17, 83, 24, 14, 60, 1, 6, 40, 57, 90, 65, 56, 79, 94, 67, 68, 46, 75, 38, 9, 19, 32, 81, 41, 27, 62, 16, 55, 59, 89, 88, 87, 31, 72, 73, 70, 39, 37, 84, 92, 25, 11, 48, 15, 29, 51, 7, 33, 61, 98, 28, 99, 26, 85, 66, 96, 53, 80, 4, 8, 34, 49, 52, 2, 13, 0, 69, 74]|[1, 0, 1, 0, 1, 2, 2, 2, 2, 2, 1, 1, 1, 0, 0, 1, 0, 2, 2, 0, 1, 2, 0, 1, 2, 2, 0, 0, 1, 2, 1, 2, 1, 0, 2, 0, 1, 1, 0, 1, 1, 1, 0, 2, 1, 1, 0, 0, 0, 0, 1, 1, 2, 1, 2, 0, 0, 0, 1, 2, 1, 1, 1, 1, 1, 2, 1, 2, 1, 1, 1, 0, 1, 2, 2, 1, 0, 0, 1, 2, 1, 2, 0, 1, 1, 0, 0, 2, 0, 0, 1, 1, 2, 0, 1, 0, 0, 0, 1, 2]|[3, 2, 1, 1, 2, 1, 2, 1, 1, 2, 4, 4, 4, 1, 1, 4, 2, 1, 1, 1, 1, 2, 1, 2, 1, 1, 2, 1, 3, 2, 3, 1, 4, 1, 1, 1, 0, 3, 2, 2, 2, 3, 1, 1, 0, 4, 0, 1, 2, 2, 1, 4, 0, 3, 2, 1, 1, 2, 3, 1, 1, 1, 0, 3, 0, 0, 3, 0, 1, 4, 1, 0, 4, 1, 1, 4, 1, 1, 1, 1, 3, 1, 2, 1, 0, 2, 1, 1, 2, 1, 4, 3, 1, 1, 1, 2, 2, 2, 4, 1]|[3, 1, 2, 0, 1, 0, 0, 0, 0, 1, 0, 0, 1, 0, 0, 3, 1, 0, 0, 0, 3, 1, 0, 2, 0, 0, 0, 1, 0, 0, 2, 0, 3, 0, 1, 0, 0, 0, 1, 1, 1, 2, 0, 0, 0, 2, 1, 0, 0, 0, 1, 3, 0, 0, 1, 0, 0, 1, 2, 0, 1, 1, 0, 2, 0, 1, 0, 1, 1, 1, 1, 1, 3, 0, 0, 3, 0, 0, 2, 0, 0, 0, 1, 1, 3, 0, 0, 0, 1, 0, 0, 2, 0, 1, 1, 0, 0, 0, 2, 0],715.7913946700162,58060.95961022334,95287.06515100288,true
40,G2_TEC,G2_TEC,[31, 22, 82, 15, 26, 9, 95, 42, 77, 68, 47, 5, 93, 78, 86, 54, 85, 63, 18, 44, 20, 49, 36, 14, 74, 50, 53, 17, 21, 28, 11, 64, 3, 23, 30, 83, 24, 41, 40, 52, 65, 27, 90, 70, 39, 87, 48, 69, 99, 4, 46, 1, 13, 58, 97, 59, 45, 8, 73, 37, 35, 79, 71, 66, 76, 32, 60, 80, 56, 6, 67, 61, 33, 7, 57, 34, 12, 16, 10, 98, 96, 88, 2, 75, 91, 43, 84, 92, 29, 19, 51, 55, 81, 89, 25, 72, 94, 38, 0, 62]|[2, 1, 2, 1, 1, 2, 1, 1, 1, 1, 1, 0, 2, 2, 1, 2, 0, 0, 0, 2, 2, 1, 0, 2, 0, 2, 2, 1, 0, 1, 1, 1, 0, 0, 1, 0, 2, 1, 2, 2, 0, 0, 1, 1, 0, 2, 0, 2, 1, 0, 0, 2, 0, 0, 2, 0, 1, 1, 0, 0, 2, 1, 1, 2, 2, 0, 2, 2, 2, 1, 2, 1, 1, 2, 0, 1, 1, 2, 1, 2, 0, 1, 0, 0, 1, 1, 0, 0, 1, 1, 1, 0, 1, 1, 1, 1, 2, 0, 2, 1]|[0, 3, 0, 3, 4, 1, 4, 4, 2, 4, 3, 2, 1, 0, 2, 1, 1, 1, 2, 1, 1, 3, 0, 1, 0, 1, 1, 4, 1, 4, 3, 2, 2, 0, 4, 1, 1, 4, 1, 1, 2, 1, 4, 4, 1, 1, 0, 2, 3, 2, 2, 1, 2, 1, 1, 2, 4, 3, 0, 2, 1, 3, 3, 1, 1, 2, 1, 1, 1, 4, 1, 3, 4, 1, 2, 4, 3, 1, 3, 1, 2, 4, 2, 2, 3, 4, 2, 2, 3, 4, 3, 2, 4, 4, 4, 4, 1, 2, 1, 3]|[0, 2, 0, 0, 3, 0, 1, 3, 0, 0, 2, 0, 1, 0, 1, 0, 0, 0, 1, 0, 0, 2, 0, 0, 1, 0, 0, 3, 0, 1, 0, 2, 0, 0, 3, 0, 1, 1, 0, 0, 0, 0, 1, 3, 0, 0, 1, 0, 2, 0, 0, 0, 0, 0, 1, 0, 1, 0, 1, 1, 0, 2, 0, 0, 0, 0, 0, 0, 0, 2, 0, 0, 1, 0, 0, 1, 0, 0, 3, 0, 0, 1, 0, 0, 0, 2, 0, 0, 3, 1, 0, 0, 2, 1, 3, 1, 0, 0, 0, 0],914.0597544875216,49177.57411962909,107642.75205892837,false
40,G3_TWC,G3_TWC,[31, 22, 82, 15, 26, 58, 95, 42, 77, 12, 47, 5, 93, 78, 98, 54, 85, 63, 18, 44, 20, 35, 43, 97, 91, 76, 10, 30, 21, 45, 71, 64, 1, 23, 17, 83, 24, 14, 60, 36, 6, 57, 94, 88, 65, 56, 79, 40, 67, 68, 46, 75, 38, 9, 19, 32, 81, 41, 27, 62, 87, 90, 99, 59, 28, 16, 72, 73, 70, 39, 37, 84, 3, 92, 25, 55, 11, 29, 51, 7, 33, 61, 86, 66, 89, 50, 48, 96, 53, 80, 4, 8, 34, 49, 52, 0, 13, 2, 69, 74]|[1, 1, 0, 1, 1, 1, 2, 1, 2, 1, 2, 2, 2, 1, 1, 0, 0, 1, 0, 2, 2, 0, 1, 2, 0, 1, 2, 2, 0, 0, 1, 2, 1, 2, 1, 0, 2, 0, 1, 1, 0, 1, 1, 1, 0, 2, 1, 1, 0, 0, 0, 0, 1, 1, 2, 1, 2, 0, 0, 0, 2, 1, 0, 1, 0, 1, 2, 1, 1, 1, 1, 1, 2, 0, 1, 1, 2, 0, 0, 1, 2, 1, 0, 2, 1, 0, 0, 2, 0, 0, 0, 1, 2, 0, 1, 0, 0, 0, 1, 2]|[4, 3, 2, 2, 4, 0, 2, 2, 2, 4, 1, 1, 2, 4, 4, 1, 1, 4, 2, 1, 1, 1, 1, 2, 1, 2, 1, 1, 1, 1, 3, 2, 3, 1, 4, 0, 2, 1, 0, 3, 2, 2, 4, 0, 1, 1, 0, 2, 0, 1, 2, 2, 1, 4, 0, 3, 2, 1, 1, 2, 1, 3, 1, 1, 2, 3, 0, 4, 3, 1, 4, 1, 1, 2, 4, 4, 1, 1, 1, 3, 1, 3, 1, 1, 1, 1, 1, 1, 2, 1, 2, 3, 1, 1, 1, 2, 2, 2, 3, 1]|[0, 2, 1, 1, 3, 3, 0, 1, 0, 0, 0, 0, 1, 0, 1, 0, 0, 3, 1, 0, 0, 0, 3, 1, 0, 2, 0, 0, 0, 1, 0, 0, 0, 0, 3, 0, 1, 0, 0, 2, 1, 1, 2, 0, 0, 0, 0, 1, 1, 0, 0, 0, 1, 3, 0, 0, 1, 0, 0, 1, 0, 2, 0, 1, 1, 2, 1, 0, 0, 1, 1, 3, 0, 1, 3, 3, 0, 0, 0, 2, 0, 0, 0, 0, 1, 0, 0, 0, 1, 0, 1, 2, 0, 1, 1, 0, 0, 0, 0, 0],777.4450193580618,57364.1537506052,91096.94656943124,false
40,G1_CMAX,G3_TWC,[31, 22, 82, 15, 26, 58, 95, 42, 77, 12, 47, 5, 93, 78, 98, 54, 85, 63, 18, 44, 20, 35, 43, 97, 91, 76, 10, 30, 21, 45, 71, 64, 1, 23, 17, 83, 24, 14, 60, 36, 6, 57, 94, 88, 65, 56, 79, 40, 67, 68, 46, 75, 38, 9, 19, 32, 81, 41, 27, 62, 87, 90, 99, 59, 11, 16, 72, 73, 70, 39, 37, 84, 3, 92, 25, 55, 28, 29, 51, 7, 33, 61, 86, 48, 89, 50, 66, 96, 53, 80, 4, 8, 34, 49, 52, 0, 13, 2, 69, 74]|[1, 1, 0, 1, 1, 1, 1, 2, 2, 1, 2, 2, 2, 1, 1, 0, 0, 1, 0, 2, 2, 0, 1, 2, 0, 1, 2, 2, 0, 0, 1, 2, 1, 2, 1, 0, 2, 0, 1, 1, 0, 1, 1, 1, 0, 2, 1, 1, 0, 0, 0, 0, 1, 1, 2, 1, 2, 0, 0, 0, 2, 1, 0, 1, 2, 1, 2, 1, 1, 1, 1, 1, 2, 0, 1, 1, 0, 0, 0, 1, 2, 1, 0, 0, 1, 0, 2, 0, 0, 0, 0, 1, 2, 0, 1, 0, 0, 0, 1, 2]|[4, 3, 2, 2, 0, 0, 2, 2, 2, 4, 1, 1, 2, 4, 4, 1, 2, 4, 2, 1, 1, 1, 1, 2, 1, 2, 1, 1, 1, 1, 3, 2, 3, 1, 4, 0, 1, 1, 0, 3, 2, 2, 4, 0, 1, 1, 0, 2, 0, 1, 2, 2, 1, 4, 0, 3, 2, 1, 1, 2, 1, 3, 1, 1, 1, 3, 0, 4, 3, 1, 4, 1, 1, 2, 4, 4, 2, 1, 1, 3, 1, 3, 1, 1, 1, 1, 1, 1, 2, 1, 2, 3, 1, 1, 1, 2, 2, 2, 3, 1]|[0, 2, 1, 1, 3, 3, 1, 0, 0, 0, 0, 0, 1, 0, 1, 0, 0, 3, 1, 0, 0, 0, 3, 1, 0, 2, 0, 0, 0, 1, 0, 0, 0, 0, 3, 0, 1, 0, 0, 2, 1, 1, 2, 0, 0, 0, 0, 1, 1, 0, 0, 0, 1, 3, 0, 0, 1, 0, 0, 1, 0, 2, 0, 1, 0, 2, 1, 0, 0, 1, 1, 3, 0, 1, 3, 3, 1, 0, 0, 2, 0, 0, 0, 0, 1, 0, 0, 0, 1, 0, 1, 2, 0, 1, 1, 0, 0, 0, 0, 0],805.5111748560577,57366.432107770626,90127.9774474478,true
40,G4_BALANCED,G1_CMAX,[22, 82, 3, 58, 95, 42, 77, 47, 5, 93, 78, 12, 86, 54, 50, 63, 18, 44, 20, 35, 43, 97, 91, 76, 10, 30, 21, 45, 71, 64, 36, 23, 17, 83, 24, 14, 60, 1, 6, 40, 57, 90, 65, 56, 79, 94, 67, 68, 46, 75, 38, 9, 19, 32, 81, 41, 27, 62, 16, 55, 59, 89, 88, 87, 31, 72, 73, 70, 39, 37, 84, 92, 25, 11, 48, 15, 29, 51, 7, 33, 61, 98, 28, 99, 26, 85, 66, 96, 53, 80, 4, 8, 34, 49, 52, 2, 13, 0, 69, 74]|[1, 0, 1, 0, 1, 2, 2, 2, 2, 2, 1, 1, 1, 0, 0, 1, 0, 2, 2, 0, 1, 2, 0, 1, 2, 2, 0, 0, 1, 2, 1, 2, 1, 0, 2, 0, 1, 1, 0, 1, 1, 1, 0, 2, 1, 1, 0, 0, 0, 0, 1, 1, 2, 1, 2, 0, 0, 0, 1, 2, 1, 1, 1, 1, 1, 2, 1, 2, 1, 1, 1, 0, 1, 2, 2, 1, 0, 0, 1, 2, 1, 2, 0, 1, 1, 0, 0, 2, 0, 0, 1, 1, 2, 0, 1, 0, 0, 0, 1, 2]|[3, 2, 1, 1, 2, 1, 2, 1, 1, 2, 4, 4, 4, 1, 1, 4, 2, 1, 1, 1, 1, 2, 1, 2, 1, 1, 2, 1, 3, 2, 3, 1, 4, 1, 1, 1, 0, 3, 2, 2, 2, 3, 1, 1, 0, 4, 0, 1, 2, 2, 1, 4, 0, 3, 2, 1, 1, 2, 3, 1, 1, 1, 0, 3, 0, 0, 3, 0, 1, 4, 1, 0, 4, 1, 1, 4, 1, 1, 1, 1, 3, 1, 2, 1, 0, 2, 1, 1, 2, 1, 4, 3, 1, 1, 1, 2, 2, 2, 4, 1]|[3, 1, 2, 0, 1, 0, 0, 0, 0, 1, 0, 0, 1, 0, 0, 3, 1, 0, 0, 0, 3, 1, 0, 2, 0, 0, 0, 1, 0, 0, 2, 0, 3, 0, 1, 0, 0, 0, 1, 1, 1, 2, 0, 0, 0, 2, 1, 0, 0, 0, 1, 3, 0, 0, 1, 0, 0, 1, 2, 0, 1, 1, 0, 2, 0, 1, 0, 1, 1, 1, 1, 1, 3, 0, 0, 3, 0, 0, 2, 0, 0, 0, 1, 1, 3, 0, 0, 0, 1, 0, 0, 2, 0, 1, 1, 0, 0, 0, 2, 0],715.7913946700162,58060.95961022334,95287.06515100288,true
40,G2_TEC,G2_TEC,[31, 22, 82, 15, 26, 9, 95, 42, 77, 68, 47, 5, 93, 78, 86, 54, 85, 63, 18, 44, 20, 49, 36, 14, 74, 50, 53, 17, 21, 28, 11, 64, 3, 23, 30, 83, 24, 41, 40, 52, 65, 27, 90, 70, 39, 87, 48, 69, 99, 4, 46, 1, 13, 58, 97, 59, 45, 8, 73, 37, 35, 79, 71, 66, 76, 32, 60, 80, 56, 6, 67, 61, 33, 7, 57, 34, 12, 16, 10, 98, 96, 88, 2, 75, 91, 43, 84, 92, 29, 19, 51, 55, 81, 89, 25, 72, 94, 38, 0, 62]|[2, 1, 2, 1, 1, 2, 1, 1, 1, 1, 1, 0, 2, 2, 1, 2, 0, 0, 0, 2, 2, 1, 0, 2, 0, 2, 2, 1, 0, 1, 1, 1, 0, 0, 1, 0, 2, 1, 2, 2, 0, 0, 1, 1, 0, 2, 0, 2, 1, 0, 0, 2, 0, 0, 2, 0, 1, 1, 0, 0, 2, 1, 1, 2, 2, 0, 2, 2, 2, 1, 2, 1, 1, 2, 0, 1, 1, 2, 1, 2, 0, 1, 0, 0, 1, 1, 0, 0, 1, 1, 1, 0, 1, 1, 1, 1, 2, 0, 2, 1]|[0, 3, 0, 3, 4, 1, 4, 4, 2, 4, 3, 2, 1, 0, 2, 1, 1, 1, 2, 1, 1, 3, 0, 1, 0, 1, 1, 4, 1, 4, 3, 2, 2, 0, 4, 1, 1, 4, 1, 1, 2, 1, 4, 4, 1, 1, 0, 2, 3, 2, 2, 1, 2, 1, 1, 2, 4, 3, 0, 2, 1, 3, 3, 1, 1, 2, 1, 1, 1, 4, 1, 3, 4, 1, 2, 4, 3, 1, 3, 1, 2, 4, 2, 2, 3, 4, 2, 2, 3, 4, 3, 2, 4, 4, 4, 4, 1, 2, 1, 3]|[0, 2, 0, 0, 3, 0, 1, 3, 0, 0, 2, 0, 1, 0, 1, 0, 0, 0, 1, 0, 0, 2, 0, 0, 1, 0, 0, 3, 0, 1, 0, 2, 0, 0, 3, 0, 1, 1, 0, 0, 0, 0, 1, 3, 0, 0, 1, 0, 2, 0, 0, 0, 0, 0, 1, 0, 1, 0, 1, 1, 0, 2, 0, 0, 0, 0, 0, 0, 0, 2, 0, 0, 1, 0, 0, 1, 0, 0, 3, 0, 0, 1, 0, 0, 0, 2, 0, 0, 3, 1, 0, 0, 2, 1, 3, 1, 0, 0, 0, 0],914.0597544875216,49177.57411962909,107642.75205892837,false
40,G3_TWC,G3_TWC,[31, 22, 82, 15, 26, 58, 95, 42, 77, 12, 47, 5, 93, 78, 98, 54, 85, 63, 18, 44, 20, 35, 43, 97, 91, 76, 10, 30, 21, 45, 71, 64, 1, 23, 17, 83, 24, 14, 60, 36, 6, 57, 94, 88, 65, 56, 79, 40, 67, 68, 46, 75, 38, 9, 19, 32, 81, 41, 27, 62, 87, 90, 99, 59, 28, 16, 72, 73, 70, 39, 37, 84, 3, 92, 25, 55, 11, 29, 51, 7, 33, 61, 86, 66, 89, 50, 48, 96, 53, 80, 4, 8, 34, 49, 52, 0, 13, 2, 69, 74]|[1, 1, 0, 1, 1, 1, 2, 1, 2, 1, 2, 2, 2, 1, 1, 0, 0, 1, 0, 2, 2, 0, 1, 2, 0, 1, 2, 2, 0, 0, 1, 2, 1, 2, 1, 0, 2, 0, 1, 1, 0, 1, 1, 1, 0, 2, 1, 1, 0, 0, 0, 0, 1, 1, 2, 1, 2, 0, 0, 0, 2, 1, 0, 1, 0, 1, 2, 1, 1, 1, 1, 1, 2, 0, 1, 1, 2, 0, 0, 1, 2, 1, 0, 2, 1, 0, 0, 2, 0, 0, 0, 1, 2, 0, 1, 0, 0, 0, 1, 2]|[4, 3, 2, 2, 4, 0, 2, 2, 2, 4, 1, 1, 2, 4, 4, 1, 1, 4, 2, 1, 1, 1, 1, 2, 1, 2, 1, 1, 1, 1, 3, 2, 3, 1, 4, 0, 2, 1, 0, 3, 2, 2, 4, 0, 1, 1, 0, 2, 0, 1, 2, 2, 1, 4, 0, 3, 2, 1, 1, 2, 1, 3, 1, 1, 2, 3, 0, 4, 3, 1, 4, 1, 1, 2, 4, 4, 1, 1, 1, 3, 1, 3, 1, 1, 1, 1, 1, 1, 2, 1, 2, 3, 1, 1, 1, 2, 2, 2, 3, 1]|[0, 2, 1, 1, 3, 3, 0, 1, 0, 0, 0, 0, 1, 0, 1, 0, 0, 3, 1, 0, 0, 0, 3, 1, 0, 2, 0, 0, 0, 1, 0, 0, 0, 0, 3, 0, 1, 0, 0, 2, 1, 1, 2, 0, 0, 0, 0, 1, 1, 0, 0, 0, 1, 3, 0, 0, 1, 0, 0, 1, 0, 2, 0, 1, 1, 2, 1, 0, 0, 1, 1, 3, 0, 1, 3, 3, 0, 0, 0, 2, 0, 0, 0, 0, 1, 0, 0, 0, 1, 0, 1, 2, 0, 1, 1, 0, 0, 0, 0, 0],777.4450193580618,57364.1537506052,91096.94656943124,false
41,G1_CMAX,G3_TWC,[31, 22, 82, 15, 26, 58, 95, 42, 77, 12, 47, 5, 93, 78, 98, 54, 85, 63, 18, 44, 20, 35, 43, 97, 91, 76, 10, 30, 21, 45, 71, 64, 1, 23, 17, 83, 24, 14, 60, 36, 6, 57, 94, 88, 65, 56, 79, 40, 67, 68, 46, 75, 38, 9, 19, 32, 81, 41, 27, 62, 87, 90, 99, 59, 11, 16, 72, 73, 70, 39, 37, 84, 3, 92, 25, 55, 28, 29, 51, 7, 33, 61, 86, 48, 89, 50, 66, 96, 53, 80, 4, 8, 34, 49, 52, 0, 13, 2, 69, 74]|[1, 1, 0, 1, 1, 1, 1, 2, 2, 1, 2, 2, 2, 1, 1, 0, 0, 1, 0, 2, 2, 0, 1, 2, 0, 1, 2, 2, 0, 0, 1, 2, 1, 2, 1, 0, 2, 0, 1, 1, 0, 1, 1, 1, 0, 2, 1, 1, 0, 0, 0, 0, 1, 1, 2, 1, 2, 0, 0, 0, 2, 1, 0, 1, 2, 1, 2, 1, 1, 1, 1, 1, 2, 0, 1, 1, 0, 0, 0, 1, 2, 1, 0, 0, 1, 0, 2, 0, 0, 0, 0, 1, 2, 0, 1, 0, 0, 0, 1, 2]|[4, 3, 2, 2, 0, 0, 2, 2, 2, 4, 1, 1, 2, 4, 4, 1, 2, 4, 2, 1, 1, 1, 1, 2, 1, 2, 1, 1, 1, 1, 3, 2, 3, 1, 4, 0, 1, 1, 0, 3, 2, 2, 4, 0, 1, 1, 0, 2, 0, 1, 2, 2, 1, 4, 0, 3, 2, 1, 1, 2, 1, 3, 1, 1, 1, 3, 0, 4, 3, 1, 4, 1, 1, 2, 4, 4, 2, 1, 1, 3, 1, 3, 1, 1, 1, 1, 1, 1, 2, 1, 2, 3, 1, 1, 1, 2, 2, 2, 3, 1]|[0, 2, 1, 1, 3, 3, 1, 0, 0, 0, 0, 0, 1, 0, 1, 0, 0, 3, 1, 0, 0, 0, 3, 1, 0, 2, 0, 0, 0, 1, 0, 0, 0, 0, 3, 0, 1, 0, 0, 2, 1, 1, 2, 0, 0, 0, 0, 1, 1, 0, 0, 0, 1, 3, 0, 0, 1, 0, 0, 1, 0, 2, 0, 1, 0, 2, 1, 0, 0, 1, 1, 3, 0, 1, 3, 3, 1, 0, 0, 2, 0, 0, 0, 0, 1, 0, 0, 0, 1, 0, 1, 2, 0, 1, 1, 0, 0, 0, 0, 0],805.5111748560577,57366.432107770626,90127.9774474478,true
41,G4_BALANCED,G1_CMAX,[22, 82, 3, 58, 95, 42, 77, 47, 5, 93, 78, 12, 86, 54, 50, 63, 18, 44, 20, 35, 43, 97, 91, 76, 10, 30, 21, 45, 71, 64, 36, 23, 17, 83, 24, 14, 60, 1, 6, 40, 57, 90, 65, 56, 79, 94, 67, 68, 46, 75, 38, 9, 19, 32, 81, 41, 27, 62, 16, 55, 59, 89, 88, 87, 31, 72, 73, 70, 39, 37, 84, 92, 25, 11, 48, 15, 29, 51, 7, 33, 61, 98, 28, 99, 26, 85, 66, 96, 53, 80, 4, 8, 34, 49, 52, 2, 13, 0, 69, 74]|[1, 0, 1, 0, 1, 2, 2, 2, 2, 2, 1, 1, 1, 0, 0, 1, 0, 2, 2, 0, 1, 2, 0, 1, 2, 2, 0, 0, 1, 2, 1, 2, 1, 0, 2, 0, 1, 1, 0, 1, 1, 1, 0, 2, 1, 1, 0, 0, 0, 0, 1, 1, 2, 1, 2, 0, 0, 0, 1, 2, 1, 1, 1, 1, 1, 2, 1, 2, 1, 1, 1, 0, 1, 2, 2, 1, 0, 0, 1, 2, 1, 2, 0, 1, 1, 0, 0, 2, 0, 0, 1, 1, 2, 0, 1, 0, 0, 0, 1, 2]|[3, 2, 1, 1, 2, 1, 2, 1, 1, 2, 4, 4, 4, 1, 1, 4, 2, 1, 1, 1, 1, 2, 1, 2, 1, 1, 2, 1, 3, 2, 3, 1, 4, 1, 1, 1, 0, 3, 2, 2, 2, 3, 1, 1, 0, 4, 0, 1, 2, 2, 1, 4, 0, 3, 2, 1, 1, 2, 3, 1, 1, 1, 0, 3, 0, 0, 3, 0, 1, 4, 1, 0, 4, 1, 1, 4, 1, 1, 1, 1, 3, 1, 2, 1, 0, 2, 1, 1, 2, 1, 4, 3, 1, 1, 1, 2, 2, 2, 4, 1]|[3, 1, 2, 0, 1, 0, 0, 0, 0, 1, 0, 0, 1, 0, 0, 3, 1, 0, 0, 0, 3, 1, 0, 2, 0, 0, 0, 1, 0, 0, 2, 0, 3, 0, 1, 0, 0, 0, 1, 1, 1, 2, 0, 0, 0, 2, 1, 0, 0, 0, 1, 3, 0, 0, 1, 0, 0, 1, 2, 0, 1, 1, 0, 2, 0, 1, 0, 1, 1, 1, 1, 1, 3, 0, 0, 3, 0, 0, 2, 0, 0, 0, 1, 1, 3, 0, 0, 0, 1, 0, 0, 2, 0, 1, 1, 0, 0, 0, 2, 0],715.7913946700162,58060.95961022334,95287.06515100288,true
41,G2_TEC,G2_TEC,[31, 22, 82, 15, 26, 9, 95, 42, 77, 68, 47, 5, 93, 78, 86, 54, 85, 63, 18, 44, 20, 49, 36, 14, 74, 50, 53, 17, 21, 28, 11, 64, 3, 23, 30, 83, 24, 41, 40, 52, 65, 27, 90, 70, 39, 87, 48, 69, 99, 4, 46, 1, 13, 58, 97, 59, 45, 8, 73, 37, 35, 79, 71, 66, 76, 32, 60, 80, 56, 6, 67, 61, 33, 7, 57, 34, 12, 16, 10, 98, 96, 88, 2, 75, 91, 43, 84, 92, 29, 19, 51, 55, 81, 89, 25, 72, 94, 38, 0, 62]|[2, 1, 2, 1, 1, 2, 1, 1, 1, 1, 1, 0, 2, 2, 1, 2, 0, 0, 0, 2, 2, 1, 0, 2, 0, 2, 2, 1, 0, 1, 1, 1, 0, 0, 1, 0, 2, 1, 2, 2, 0, 0, 1, 1, 0, 2, 0, 2, 1, 0, 0, 2, 0, 0, 2, 0, 1, 1, 0, 0, 2, 1, 1, 2, 2, 0, 2, 2, 2, 1, 2, 1, 1, 2, 0, 1, 1, 2, 1, 2, 0, 1, 0, 0, 1, 1, 0, 0, 1, 1, 1, 0, 1, 1, 1, 1, 2, 0, 2, 1]|[0, 3, 0, 3, 4, 1, 4, 4, 2, 4, 3, 2, 1, 0, 2, 1, 1, 1, 2, 1, 1, 3, 0, 1, 0, 1, 1, 4, 1, 4, 3, 2, 2, 0, 4, 1, 1, 4, 1, 1, 2, 1, 4, 4, 1, 1, 0, 2, 3, 2, 2, 1, 2, 1, 1, 2, 4, 3, 0, 2, 1, 3, 3, 1, 1, 2, 1, 1, 1, 4, 1, 3, 4, 1, 2, 4, 3, 1, 3, 1, 2, 4, 2, 2, 3, 4, 2, 2, 3, 4, 3, 2, 4, 4, 4, 4, 1, 2, 1, 3]|[0, 2, 0, 0, 3, 0, 1, 3, 0, 0, 2, 0, 1, 0, 1, 0, 0, 0, 1, 0, 0, 2, 0, 0, 1, 0, 0, 3, 0, 1, 0, 2, 0, 0, 3, 0, 1, 1, 0, 0, 0, 0, 1, 3, 0, 0, 1, 0, 2, 0, 0, 0, 0, 0, 1, 0, 1, 0, 1, 1, 0, 2, 0, 0, 0, 0, 0, 0, 0, 2, 0, 0, 1, 0, 0, 1, 0, 0, 3, 0, 0, 1, 0, 0, 0, 2, 0, 0, 3, 1, 0, 0, 2, 1, 3, 1, 0, 0, 0, 0],914.0597544875216,49177.57411962909,107642.75205892837,false
41,G3_TWC,G1_CMAX,[31, 22, 82, 15, 26, 99, 95, 42, 77, 12, 47, 5, 93, 78, 86, 54, 21, 63, 18, 44, 20, 35, 43, 97, 91, 76, 10, 30, 85, 45, 71, 64, 1, 23, 17, 83, 24, 14, 60, 36, 6, 57, 40, 88, 65, 56, 79, 94, 67, 68, 46, 75, 38, 9, 19, 32, 41, 81, 27, 87, 90, 58, 59, 11, 16, 72, 73, 70, 39, 37, 84, 3, 92, 25, 55, 48, 96, 29, 51, 62, 33, 61, 98, 66, 89, 50, 4, 7, 53, 80, 8, 28, 34, 49, 52, 0, 74, 69, 2, 13]|[1, 1, 0, 1, 1, 0, 1, 1, 2, 1, 2, 2, 2, 1, 1, 0, 0, 1, 0, 2, 2, 0, 1, 2, 0, 1, 2, 2, 0, 0, 1, 2, 1, 2, 1, 0, 2, 0, 1, 1, 0, 1, 1, 1, 0, 2, 1, 1, 0, 0, 0, 0, 1, 1, 2, 1, 2, 2, 0, 2, 1, 0, 1, 2, 1, 2, 1, 1, 1, 1, 1, 1, 0, 1, 2, 0, 2, 0, 0, 0, 2, 1, 2, 2, 1, 0, 1, 2, 0, 0, 1, 0, 2, 0, 1, 0, 2, 1, 0, 0]|[0, 3, 2, 2, 4, 1, 2, 3, 2, 4, 1, 1, 2, 4, 4, 1, 1, 4, 2, 1, 1, 1, 1, 2, 1, 2, 1, 1, 2, 1, 3, 2, 3, 0, 4, 0, 1, 1, 0, 3, 2, 2, 2, 0, 1, 1, 0, 4, 0, 1, 2, 2, 1, 4, 0, 3, 2, 1, 1, 1, 3, 1, 1, 1, 3, 0, 4, 3, 1, 4, 1, 1, 0, 4, 1, 1, 1, 1, 1, 2, 1, 3, 1, 1, 1, 1, 4, 1, 2, 1, 3, 2, 1, 1, 1, 2, 1, 4, 2, 2]|[0, 2, 1, 1, 3, 0, 1, 3, 0, 0, 0, 0, 1, 0, 1, 0, 0, 3, 1, 0, 0, 0, 3, 1, 0, 2, 0, 0, 0, 1, 0, 0, 0, 0, 3, 0, 1, 0, 0, 2, 1, 1, 1, 0, 0, 0, 0, 2, 1, 0, 0, 0, 1, 3, 0, 0, 1, 0, 0, 0, 2, 0, 1, 0, 2, 1, 0, 0, 1, 1, 3, 1, 1, 3, 0, 0, 0, 0, 0, 1, 0, 0, 0, 0, 1, 0, 0, 0, 1, 0, 2, 1, 0, 1, 1, 0, 0, 2, 0, 0],724.9395833867611,57689.77869234914,92566.52405273609,true
41,G1_CMAX,G4_BALANCED,[31, 22, 82, 15, 26, 58, 95, 77, 42, 12, 47, 5, 93, 78, 98, 54, 85, 63, 18, 44, 20, 35, 43, 97, 91, 76, 10, 30, 21, 45, 71, 64, 1, 23, 17, 83, 24, 14, 60, 36, 6, 57, 94, 88, 65, 56, 79, 40, 67, 68, 46, 75, 38, 9, 19, 32, 81, 41, 27, 62, 87, 90, 99, 59, 11, 16, 72, 73, 70, 39, 37, 84, 3, 92, 25, 55, 28, 29, 51, 7, 33, 61, 86, 48, 89, 50, 69, 96, 53, 80, 8, 4, 34, 66, 52, 2, 13, 0, 49, 74]|[1, 1, 0, 1, 1, 1, 2, 2, 1, 1, 2, 2, 2, 1, 1, 0, 0, 1, 0, 2, 2, 0, 1, 2, 0, 1, 2, 2, 0, 0, 1, 2, 1, 2, 1, 0, 2, 0, 1, 1, 0, 1, 1, 1, 0, 2, 1, 1, 0, 2, 0, 0, 1, 1, 2, 1, 2, 0, 0, 0, 2, 1, 0, 1, 2, 1, 2, 1, 1, 1, 1, 1, 1, 0, 1, 1, 0, 0, 0, 1, 2, 1, 0, 0, 1, 0, 1, 0, 0, 0, 1, 0, 2, 2, 1, 0, 0, 0, 0, 2]|[4, 3, 2, 2, 0, 0, 2, 2, 2, 4, 1, 1, 2, 4, 4, 1, 2, 4, 2, 1, 1, 1, 1, 2, 1, 2, 1, 1, 2, 1, 3, 2, 3, 0, 4, 0, 1, 1, 0, 3, 2, 2, 4, 0, 1, 1, 0, 2, 0, 1, 2, 1, 1, 4, 0, 3, 2, 1, 1, 2, 1, 3, 1, 1, 1, 3, 0, 4, 3, 1, 4, 1, 1, 2, 4, 4, 2, 1, 1, 3, 1, 3, 1, 1, 1, 1, 3, 1, 2, 1, 3, 2, 1, 1, 1, 2, 2, 2, 1, 1]|[0, 2, 1, 1, 3, 3, 0, 0, 1, 0, 0, 0, 1, 0, 1, 0, 0, 3, 1, 0, 0, 0, 3, 1, 0, 2, 0, 0, 0, 1, 0, 0, 0, 0, 3, 0, 1, 0, 0, 2, 1, 1, 2, 0, 0, 0, 0, 1, 1, 0, 0, 0, 1, 3, 0, 0, 1, 0, 0, 1, 0, 2, 0, 1, 0, 2, 1, 0, 0, 1, 1, 3, 1, 1, 3, 3, 1, 0, 0, 2, 0, 0, 0, 0, 1, 0, 0, 0, 1, 0, 2, 1, 0, 0, 1, 0, 0, 0, 1, 0],772.4849586680094,57767.86905636244,90050.34387144983,true
41,G4_BALANCED,G1_CMAX,[22, 82, 3, 58, 95, 42, 77, 47, 5, 93, 78, 12, 86, 54, 50, 63, 18, 44, 20, 35, 43, 97, 91, 76, 10, 30, 21, 45, 71, 64, 36, 23, 17, 83, 24, 14, 60, 1, 6, 40, 57, 90, 65, 56, 79, 94, 67, 68, 46, 75, 38, 9, 19, 32, 81, 41, 27, 62, 16, 55, 59, 89, 88, 87, 31, 72, 73, 70, 39, 37, 84, 92, 25, 11, 48, 15, 29, 51, 7, 33, 61, 98, 28, 99, 26, 85, 66, 96, 53, 80, 4, 8, 34, 49, 52, 2, 13, 0, 69, 74]|[1, 0, 1, 0, 1, 2, 2, 2, 2, 2, 1, 1, 1, 0, 0, 1, 0, 2, 2, 0, 1, 2, 0, 1, 2, 2, 0, 0, 1, 2, 1, 2, 1, 0, 2, 0, 1, 1, 0, 1, 1, 1, 0, 2, 1, 1, 0, 0, 0, 0, 1, 1, 2, 1, 2, 0, 0, 0, 1, 2, 1, 1, 1, 1, 1, 2, 1, 2, 1, 1, 1, 0, 1, 2, 2, 1, 0, 0, 1, 2, 1, 2, 0, 1, 1, 0, 0, 2, 0, 0, 1, 1, 2, 0, 1, 0, 0, 0, 1, 2]|[3, 2, 1, 1, 2, 1, 2, 1, 1, 2, 4, 4, 4, 1, 1, 4, 2, 1, 1, 1, 1, 2, 1, 2, 1, 1, 2, 1, 3, 2, 3, 1, 4, 1, 1, 1, 0, 3, 2, 2, 2, 3, 1, 1, 0, 4, 0, 1, 2, 2, 1, 4, 0, 3, 2, 1, 1, 2, 3, 1, 1, 1, 0, 3, 0, 0, 3, 0, 1, 4, 1, 0, 4, 1, 1, 4, 1, 1, 1, 1, 3, 1, 2, 1, 0, 2, 1, 1, 2, 1, 4, 3, 1, 1, 1, 2, 2, 2, 4, 1]|[3, 1, 2, 0, 1, 0, 0, 0, 0, 1, 0, 0, 1, 0, 0, 3, 1, 0, 0, 0, 3, 1, 0, 2, 0, 0, 0, 1, 0, 0, 2, 0, 3, 0, 1, 0, 0, 0, 1, 1, 1, 2, 0, 0, 0, 2, 1, 0, 0, 0, 1, 3, 0, 0, 1, 0, 0, 1, 2, 0, 1, 1, 0, 2, 0, 1, 0, 1, 1, 1, 1, 1, 3, 0, 0, 3, 0, 0, 2, 0, 0, 0, 1, 1, 3, 0, 0, 0, 1, 0, 0, 2, 0, 1, 1, 0, 0, 0, 2, 0],715.7913946700162,58060.95961022334,95287.06515100288,true
41,G2_TEC,G2_TEC,[31, 22, 82, 15, 26, 9, 95, 42, 77, 68, 47, 5, 93, 78, 86, 54, 85, 63, 18, 44, 20, 49, 36, 14, 74, 50, 53, 17, 21, 28, 11, 64, 3, 23, 30, 83, 24, 41, 40, 52, 65, 27, 90, 70, 39, 87, 48, 69, 99, 4, 46, 1, 13, 58, 97, 59, 45, 8, 73, 37, 35, 79, 71, 66, 76, 32, 60, 80, 56, 6, 67, 61, 33, 7, 57, 34, 12, 16, 10, 98, 96, 88, 2, 75, 91, 43, 84, 92, 29, 19, 51, 55, 81, 89, 25, 72, 94, 38, 0, 62]|[2, 1, 2, 1, 1, 2, 1, 1, 1, 1, 1, 0, 2, 2, 1, 2, 0, 0, 0, 2, 2, 1, 0, 2, 0, 2, 2, 1, 0, 1, 1, 1, 0, 0, 1, 0, 2, 1, 2, 2, 0, 0, 1, 1, 0, 2, 0, 2, 1, 0, 0, 2, 0, 0, 2, 0, 1, 1, 0, 0, 2, 1, 1, 2, 2, 0, 2, 2, 2, 1, 2, 1, 1, 2, 0, 1, 1, 2, 1, 2, 0, 1, 0, 0, 1, 1, 0, 0, 1, 1, 1, 0, 1, 1, 1, 1, 2, 0, 2, 1]|[0, 3, 0, 3, 4, 1, 4, 4, 2, 4, 3, 2, 1, 0, 2, 1, 1, 1, 2, 1, 1, 3, 0, 1, 0, 1, 1, 4, 1, 4, 3, 2, 2, 0, 4, 1, 1, 4, 1, 1, 2, 1, 4, 4, 1, 1, 0, 2, 3, 2, 2, 1, 2, 1, 1, 2, 4, 3, 0, 2, 1, 3, 3, 1, 1, 2, 1, 1, 1, 4, 1, 3, 4, 1, 2, 4, 3, 1, 3, 1, 2, 4, 2, 2, 3, 4, 2, 2, 3, 4, 3, 2, 4, 4, 4, 4, 1, 2, 1, 3]|[0, 2, 0, 0, 3, 0, 1, 3, 0, 0, 2, 0, 1, 0, 1, 0, 0, 0, 1, 0, 0, 2, 0, 0, 1, 0, 0, 3, 0, 1, 0, 2, 0, 0, 3, 0, 1, 1, 0, 0, 0, 0, 1, 3, 0, 0, 1, 0, 2, 0, 0, 0, 0, 0, 1, 0, 1, 0, 1, 1, 0, 2, 0, 0, 0, 0, 0, 0, 0, 2, 0, 0, 1, 0, 0, 1, 0, 0, 3, 0, 0, 1, 0, 0, 0, 2, 0, 0, 3, 1, 0, 0, 2, 1, 3, 1, 0, 0, 0, 0],914.0597544875216,49177.57411962909,107642.75205892837,false
41,G3_TWC,G1_CMAX,[31, 22, 82, 15, 26, 99, 95, 42, 77, 12, 47, 5, 93, 78, 86, 54, 21, 63, 18, 44, 20, 35, 43, 97, 91, 76, 10, 30, 85, 45, 71, 64, 1, 23, 17, 83, 24, 14, 60, 36, 6, 57, 40, 88, 65, 56, 79, 94, 67, 68, 46, 75, 38, 9, 19, 32, 41, 81, 27, 87, 90, 58, 59, 11, 16, 72, 73, 70, 39, 37, 84, 3, 92, 25, 55, 48, 96, 29, 51, 62, 33, 61, 98, 66, 89, 50, 4, 7, 53, 80, 8, 28, 34, 49, 52, 0, 74, 69, 2, 13]|[1, 1, 0, 1, 1, 0, 1, 1, 2, 1, 2, 2, 2, 1, 1, 0, 0, 1, 0, 2, 2, 0, 1, 2, 0, 1, 2, 2, 0, 0, 1, 2, 1, 2, 1, 0, 2, 0, 1, 1, 0, 1, 1, 1, 0, 2, 1, 1, 0, 0, 0, 0, 1, 1, 2, 1, 2, 2, 0, 2, 1, 0, 1, 2, 1, 2, 1, 1, 1, 1, 1, 1, 0, 1, 2, 0, 2, 0, 0, 0, 2, 1, 2, 2, 1, 0, 1, 2, 0, 0, 1, 0, 2, 0, 1, 0, 2, 1, 0, 0]|[0, 3, 2, 2, 4, 1, 2, 3, 2, 4, 1, 1, 2, 4, 4, 1, 1, 4, 2, 1, 1, 1, 1, 2, 1, 2, 1, 1, 2, 1, 3, 2, 3, 0, 4, 0, 1, 1, 0, 3, 2, 2, 2, 0, 1, 1, 0, 4, 0, 1, 2, 2, 1, 4, 0, 3, 2, 1, 1, 1, 3, 1, 1, 1, 3, 0, 4, 3, 1, 4, 1, 1, 0, 4, 1, 1, 1, 1, 1, 2, 1, 3, 1, 1, 1, 1, 4, 1, 2, 1, 3, 2, 1, 1, 1, 2, 1, 4, 2, 2]|[0, 2, 1, 1, 3, 0, 1, 3, 0, 0, 0, 0, 1, 0, 1, 0, 0, 3, 1, 0, 0, 0, 3, 1, 0, 2, 0, 0, 0, 1, 0, 0, 0, 0, 3, 0, 1, 0, 0, 2, 1, 1, 1, 0, 0, 0, 0, 2, 1, 0, 0, 0, 1, 3, 0, 0, 1, 0, 0, 0, 2, 0, 1, 0, 2, 1, 0, 0, 1, 1, 3, 1, 1, 3, 0, 0, 0, 0, 0, 1, 0, 0, 0, 0, 1, 0, 0, 0, 1, 0, 2, 1, 0, 1, 1, 0, 0, 2, 0, 0],724.9395833867611,57689.77869234914,92566.52405273609,true
41,G1_CMAX,G1_CMAX,[31, 22, 82, 15, 26, 99, 95, 42, 77, 12, 47, 5, 93, 78, 86, 54, 21, 63, 18, 44, 20, 35, 43, 97, 91, 76, 10, 30, 85, 45, 71, 64, 1, 23, 17, 83, 24, 14, 60, 36, 6, 57, 40, 88, 65, 56, 79, 94, 67, 68, 46, 75, 38, 9, 19, 32, 41, 81, 27, 87, 90, 58, 59, 11, 16, 72, 73, 70, 39, 37, 84, 3, 92, 25, 55, 48, 74, 29, 51, 7, 33, 61, 98, 28, 89, 50, 4, 96, 53, 80, 8, 66, 34, 49, 52, 0, 62, 69, 2, 13]|[1, 1, 0, 1, 1, 0, 1, 1, 2, 1, 2, 2, 2, 1, 1, 0, 0, 1, 0, 2, 2, 0, 1, 2, 0, 1, 2, 2, 0, 0, 1, 2, 1, 2, 1, 0, 2, 0, 1, 1, 0, 1, 1, 1, 0, 2, 1, 1, 0, 0, 0, 0, 1, 1, 2, 1, 0, 2, 0, 2, 1, 0, 1, 2, 1, 2, 1, 1, 1, 1, 1, 1, 0, 1, 2, 0, 2, 0, 0, 2, 2, 1, 2, 0, 1, 0, 1, 2, 0, 0, 1, 2, 2, 0, 1, 0, 1, 1, 0, 0]|[0, 3, 2, 2, 4, 1, 2, 3, 2, 4, 1, 1, 2, 4, 4, 1, 1, 4, 2, 1, 1, 1, 1, 2, 1, 2, 1, 1, 2, 1, 3, 2, 3, 1, 4, 0, 1, 1, 0, 3, 2, 2, 2, 0, 1, 1, 0, 4, 0, 1, 2, 2, 1, 4, 0, 3, 1, 1, 1, 1, 3, 1, 1, 1, 3, 0, 4, 3, 1, 4, 1, 1, 0, 4, 1, 1, 1, 1, 1, 1, 1, 3, 1, 2, 1, 1, 4, 1, 2, 1, 3, 1, 1, 1, 1, 2, 1, 4, 2, 2]|[0, 2, 1, 1, 3, 0, 1, 3, 0, 0, 0, 0, 1, 0, 1, 0, 0, 3, 1, 0, 0, 0, 3, 1, 0, 2, 0, 0, 0, 1, 0, 0, 0, 0, 3, 0, 1, 0, 0, 2, 1, 1, 1, 0, 0, 0, 0, 2, 1, 0, 0, 0, 1, 3, 0, 0, 0, 0, 0, 0, 2, 0, 1, 0, 2, 1, 0, 0, 1, 1, 3, 1, 1, 3, 0, 0, 0, 0, 0, 0, 0, 0, 0, 1, 1, 0, 0, 0, 1, 0, 2, 0, 0, 1, 1, 0, 1, 2, 0, 0],730.1276596856602,56815.01019440286,94351.50741240397,false
41,G4_BALANCED,G1_CMAX,[22, 82, 3, 58, 95, 42, 77, 47, 5, 93, 78, 12, 86, 54, 50, 63, 18, 44, 20, 35, 43, 97, 91, 76, 10, 30, 21, 45, 71, 64, 36, 23, 17, 83, 24, 14, 60, 1, 6, 40, 57, 90, 65, 56, 79, 94, 67, 68, 46, 75, 38, 9, 19, 32, 81, 41, 27, 62, 16, 55, 59, 89, 88, 87, 31, 72, 73, 70, 39, 37, 84, 92, 25, 11, 48, 15, 29, 51, 7, 33, 61, 98, 28, 99, 26, 85, 66, 96, 53, 80, 4, 8, 34, 49, 52, 2, 13, 0, 69, 74]|[1, 0, 1, 0, 1, 2, 2, 2, 2, 2, 1, 1, 1, 0, 0, 1, 0, 2, 2, 0, 1, 2, 0, 1, 2, 2, 0, 0, 1, 2, 1, 2, 1, 0, 2, 0, 1, 1, 0, 1, 1, 1, 0, 2, 1, 1, 0, 0, 0, 0, 1, 1, 2, 1, 2, 0, 0, 0, 1, 2, 1, 1, 1, 1, 1, 2, 1, 2, 1, 1, 1, 0, 1, 2, 2, 1, 0, 0, 1, 2, 1, 2, 0, 1, 1, 0, 0, 2, 0, 0, 1, 1, 2, 0, 1, 0, 0, 0, 1, 2]|[3, 2, 1, 1, 2, 1, 2, 1, 1, 2, 4, 4, 4, 1, 1, 4, 2, 1, 1, 1, 1, 2, 1, 2, 1, 1, 2, 1, 3, 2, 3, 1, 4, 1, 1, 1, 0, 3, 2, 2, 2, 3, 1, 1, 0, 4, 0, 1, 2, 2, 1, 4, 0, 3, 2, 1, 1, 2, 3, 1, 1, 1, 0, 3, 0, 0, 3, 0, 1, 4, 1, 0, 4, 1, 1, 4, 1, 1, 1, 1, 3, 1, 2, 1, 0, 2, 1, 1, 2, 1, 4, 3, 1, 1, 1, 2, 2, 2, 4, 1]|[3, 1, 2, 0, 1, 0, 0, 0, 0, 1, 0, 0, 1, 0, 0, 3, 1, 0, 0, 0, 3, 1, 0, 2, 0, 0, 0, 1, 0, 0, 2, 0, 3, 0, 1, 0, 0, 0, 1, 1, 1, 2, 0, 0, 0, 2, 1, 0, 0, 0, 1, 3, 0, 0, 1, 0, 0, 1, 2, 0, 1, 1, 0, 2, 0, 1, 0, 1, 1, 1, 1, 1, 3, 0, 0, 3, 0, 0, 2, 0, 0, 0, 1, 1, 3, 0, 0, 0, 1, 0, 0, 2, 0, 1, 1, 0, 0, 0, 2, 0],715.7913946700162,58060.95961022334,95287.06515100288,true
41,G2_TEC,G2_TEC,[31, 22, 82, 15, 26, 9, 95, 42, 77, 68, 47, 5, 93, 78, 86, 54, 85, 63, 18, 44, 20, 49, 36, 14, 74, 50, 53, 17, 21, 28, 11, 64, 3, 23, 30, 83, 24, 41, 40, 52, 65, 27, 90, 70, 39, 87, 48, 69, 99, 4, 46, 1, 13, 58, 97, 59, 45, 8, 73, 37, 35, 79, 71, 66, 76, 32, 60, 80, 56, 6, 67, 61, 33, 7, 57, 34, 12, 16, 10, 98, 96, 88, 2, 75, 91, 43, 84, 92, 29, 19, 51, 55, 81, 89, 25, 72, 94, 38, 0, 62]|[2, 1, 2, 1, 1, 2, 1, 1, 1, 1, 1, 0, 2, 2, 1, 2, 0, 0, 0, 2, 2, 1, 0, 2, 0, 2, 2, 1, 0, 1, 1, 1, 0, 0, 1, 0, 2, 1, 2, 2, 0, 0, 1, 1, 0, 2, 0, 2, 1, 0, 0, 2, 0, 0, 2, 0, 1, 1, 0, 0, 2, 1, 1, 2, 2, 0, 2, 2, 2, 1, 2, 1, 1, 2, 0, 1, 1, 2, 1, 2, 0, 1, 0, 0, 1, 1, 0, 0, 1, 1, 1, 0, 1, 1, 1, 1, 2, 0, 2, 1]|[0, 3, 0, 3, 4, 1, 4, 4, 2, 4, 3, 2, 1, 0, 2, 1, 1, 1, 2, 1, 1, 3, 0, 1, 0, 1, 1, 4, 1, 4, 3, 2, 2, 0, 4, 1, 1, 4, 1, 1, 2, 1, 4, 4, 1, 1, 0, 2, 3, 2, 2, 1, 2, 1, 1, 2, 4, 3, 0, 2, 1, 3, 3, 1, 1, 2, 1, 1, 1, 4, 1, 3, 4, 1, 2, 4, 3, 1, 3, 1, 2, 4, 2, 2, 3, 4, 2, 2, 3, 4, 3, 2, 4, 4, 4, 4, 1, 2, 1, 3]|[0, 2, 0, 0, 3, 0, 1, 3, 0, 0, 2, 0, 1, 0, 1, 0, 0, 0, 1, 0, 0, 2, 0, 0, 1, 0, 0, 3, 0, 1, 0, 2, 0, 0, 3, 0, 1, 1, 0, 0, 0, 0, 1, 3, 0, 0, 1, 0, 2, 0, 0, 0, 0, 0, 1, 0, 1, 0, 1, 1, 0, 2, 0, 0, 0, 0, 0, 0, 0, 2, 0, 0, 1, 0, 0, 1, 0, 0, 3, 0, 0, 1, 0, 0, 0, 2, 0, 0, 3, 1, 0, 0, 2, 1, 3, 1, 0, 0, 0, 0],914.0597544875216,49177.57411962909,107642.75205892837,false
41,G3_TWC,G1_CMAX,[31, 22, 82, 15, 26, 99, 95, 42, 77, 12, 47, 5, 93, 78, 86, 54, 21, 63, 18, 44, 20, 35, 43, 97, 91, 76, 10, 30, 85, 45, 71, 64, 1, 23, 17, 83, 24, 14, 60, 36, 6, 57, 40, 88, 65, 56, 79, 94, 67, 68, 46, 75, 38, 9, 19, 32, 41, 81, 27, 87, 90, 58, 59, 11, 16, 72, 73, 70, 39, 37, 84, 3, 92, 25, 55, 48, 96, 29, 51, 62, 33, 61, 98, 66, 89, 50, 4, 7, 53, 80, 8, 28, 34, 49, 52, 0, 74, 69, 2, 13]|[1, 1, 0, 1, 1, 0, 1, 1, 2, 1, 2, 2, 2, 1, 1, 0, 0, 1, 0, 2, 2, 0, 1, 2, 0, 1, 2, 2, 0, 0, 1, 2, 1, 2, 1, 0, 2, 0, 1, 1, 0, 1, 1, 1, 0, 2, 1, 1, 0, 0, 0, 0, 1, 1, 2, 1, 2, 2, 0, 2, 1, 0, 1, 2, 1, 2, 1, 1, 1, 1, 1, 1, 0, 1, 2, 0, 2, 0, 0, 0, 2, 1, 2, 2, 1, 0, 1, 2, 0, 0, 1, 0, 2, 0, 1, 0, 2, 1, 0, 0]|[0, 3, 2, 2, 4, 1, 2, 3, 2, 4, 1, 1, 2, 4, 4, 1, 1, 4, 2, 1, 1, 1, 1, 2, 1, 2, 1, 1, 2, 1, 3, 2, 3, 0, 4, 0, 1, 1, 0, 3, 2, 2, 2, 0, 1, 1, 0, 4, 0, 1, 2, 2, 1, 4, 0, 3, 2, 1, 1, 1, 3, 1, 1, 1, 3, 0, 4, 3, 1, 4, 1, 1, 0, 4, 1, 1, 1, 1, 1, 2, 1, 3, 1, 1, 1, 1, 4, 1, 2, 1, 3, 2, 1, 1, 1, 2, 1, 4, 2, 2]|[0, 2, 1, 1, 3, 0, 1, 3, 0, 0, 0, 0, 1, 0, 1, 0, 0, 3, 1, 0, 0, 0, 3, 1, 0, 2, 0, 0, 0, 1, 0, 0, 0, 0, 3, 0, 1, 0, 0, 2, 1, 1, 1, 0, 0, 0, 0, 2, 1, 0, 0, 0, 1, 3, 0, 0, 1, 0, 0, 0, 2, 0, 1, 0, 2, 1, 0, 0, 1, 1, 3, 1, 1, 3, 0, 0, 0, 0, 0, 1, 0, 0, 0, 0, 1, 0, 0, 0, 1, 0, 2, 1, 0, 1, 1, 0, 0, 2, 0, 0],724.9395833867611,57689.77869234914,92566.52405273609,true
41,G1_CMAX,G4_BALANCED,[31, 22, 82, 15, 26, 9, 95, 42, 77, 68, 47, 5, 93, 78, 86, 54, 85, 63, 18, 44, 20, 49, 36, 14, 74, 50, 53, 17, 21, 28, 71, 64, 3, 23, 30, 83, 24, 41, 60, 52, 65, 27, 90, 70, 39, 87, 48, 69, 99, 4, 46, 1, 13, 58, 97, 59, 45, 75, 73, 37, 35, 79, 11, 66, 76, 32, 40, 80, 96, 6, 16, 61, 33, 7, 57, 34, 12, 67, 10, 98, 56, 88, 29, 8, 91, 38, 19, 92, 43, 84, 51, 72, 81, 0, 2, 55, 94, 89, 62, 25]|[2, 1, 1, 2, 1, 2, 1, 1, 1, 1, 1, 0, 2, 2, 1, 2, 0, 0, 0, 2, 2, 1, 0, 2, 0, 2, 2, 1, 0, 1, 1, 1, 0, 0, 1, 0, 2, 1, 2, 2, 0, 0, 1, 1, 0, 2, 0, 2, 1, 0, 0, 2, 0, 0, 2, 0, 1, 0, 0, 0, 2, 1, 0, 2, 2, 0, 2, 2, 0, 1, 2, 1, 1, 2, 0, 1, 1, 1, 1, 2, 2, 1, 1, 1, 1, 0, 1, 0, 1, 0, 1, 1, 1, 0, 2, 0, 2, 1, 1, 1]|[1, 3, 2, 0, 4, 1, 4, 4, 2, 4, 3, 2, 1, 0, 2, 1, 1, 1, 2, 1, 1, 3, 0, 1, 0, 1, 1, 4, 1, 4, 3, 2, 2, 0, 4, 1, 1, 4, 0, 1, 2, 1, 4, 4, 1, 1, 0, 2, 3, 1, 2, 1, 2, 1, 1, 2, 4, 2, 0, 2, 2, 3, 1, 0, 1, 2, 0, 1, 2, 4, 1, 3, 4, 1, 2, 4, 3, 3, 3, 1, 1, 4, 3, 3, 3, 2, 4, 2, 4, 2, 3, 4, 1, 2, 1, 2, 1, 4, 3, 4]|[1, 2, 1, 0, 3, 0, 1, 3, 0, 0, 2, 0, 1, 0, 1, 0, 0, 0, 1, 0, 0, 2, 0, 0, 1, 0, 0, 3, 0, 1, 0, 2, 0, 1, 3, 0, 1, 3, 1, 0, 0, 0, 1, 3, 0, 0, 1, 0, 2, 0, 0, 0, 0, 0, 1, 0, 1, 0, 1, 1, 0, 2, 0, 0, 0, 0, 0, 0, 0, 2, 0, 0, 1, 0, 0, 1, 0, 0, 3, 0, 0, 1, 0, 0, 0, 0, 3, 0, 2, 0, 0, 2, 1, 0, 0, 0, 0, 1, 0, 3],837.479178750376,52435.170692348955,108071.3583989792,true
41,G4_BALANCED,G1_CMAX,[31, 22, 82, 15, 26, 99, 95, 42, 77, 12, 47, 5, 93, 78, 86, 54, 21, 63, 18, 44, 20, 35, 43, 97, 91, 76, 10, 30, 85, 45, 71, 64, 1, 23, 17, 83, 24, 14, 60, 36, 6, 57, 40, 88, 65, 56, 79, 94, 67, 68, 46, 75, 38, 9, 19, 32, 41, 81, 27, 87, 90, 62, 59, 11, 16, 58, 73, 70, 39, 37, 84, 3, 92, 25, 72, 55, 28, 29, 51, 7, 33, 61, 98, 48, 89, 50, 4, 96, 53, 80, 8, 66, 34, 49, 52, 2, 13, 0, 69, 74]|[1, 1, 0, 1, 1, 0, 1, 1, 2, 1, 2, 2, 2, 1, 1, 0, 0, 1, 0, 2, 2, 0, 1, 2, 0, 1, 2, 2, 0, 0, 1, 2, 1, 2, 1, 0, 2, 0, 1, 1, 0, 1, 1, 1, 0, 2, 1, 1, 0, 0, 0, 0, 1, 1, 2, 1, 0, 2, 0, 2, 1, 0, 1, 2, 1, 0, 1, 1, 1, 1, 1, 1, 0, 1, 2, 2, 0, 0, 0, 2, 2, 1, 2, 0, 1, 0, 1, 2, 0, 0, 1, 2, 2, 0, 1, 0, 0, 0, 1, 2]|[4, 3, 2, 2, 4, 1, 2, 3, 2, 4, 1, 1, 2, 4, 4, 1, 1, 4, 2, 1, 1, 1, 1, 2, 1, 2, 1, 1, 2, 1, 3, 2, 3, 1, 4, 0, 1, 1, 0, 3, 2, 2, 2, 0, 1, 1, 0, 4, 0, 1, 2, 2, 1, 4, 0, 3, 1, 1, 1, 1, 3, 2, 1, 1, 3, 1, 4, 3, 1, 4, 1, 1, 0, 4, 0, 1, 2, 1, 2, 1, 1, 3, 1, 1, 1, 1, 4, 1, 2, 1, 3, 1, 1, 1, 1, 2, 2, 2, 4, 1]|[0, 2, 1, 1, 3, 0, 1, 3, 0, 0, 0, 0, 1, 0, 1, 0, 0, 3, 1, 0, 0, 0, 3, 1, 0, 2, 0, 0, 0, 1, 0, 0, 0, 0, 3, 0, 1, 0, 0, 2, 1, 1, 1, 0, 0, 0, 0, 2, 1, 0, 0, 0, 1, 3, 0, 0, 0, 0, 0, 0, 2, 1, 1, 0, 2, 0, 0, 0, 1, 1, 3, 1, 1, 3, 1, 0, 1, 0, 0, 0, 0, 0, 0, 0, 1, 0, 0, 0, 1, 0, 2, 0, 0, 1, 1, 0, 0, 0, 2, 0],753.3061428726776,55645.560049378095,93952.45260809874,true
41,G2_TEC,G4_BALANCED,[31, 22, 82, 15, 26, 99, 95, 42, 77, 12, 47, 5, 93, 78, 86, 54, 21, 63, 18, 44, 20, 23, 66, 97, 91, 76, 10, 30, 85, 45, 71, 64, 1, 35, 17, 83, 24, 14, 60, 36, 6, 57, 94, 88, 65, 56, 79, 40, 67, 68, 46, 75, 38, 9, 19, 32, 41, 81, 27, 87, 90, 58, 59, 11, 16, 72, 73, 70, 39, 37, 84, 3, 92, 25, 55, 48, 62, 29, 51, 96, 33, 61, 98, 28, 89, 50, 4, 7, 53, 80, 8, 43, 34, 49, 52, 0, 74, 69, 2, 13]|[2, 1, 0, 1, 1, 0, 1, 1, 2, 1, 2, 2, 2, 1, 1, 0, 0, 1, 0, 2, 2, 0, 2, 2, 0, 1, 2, 2, 0, 0, 1, 2, 1, 2, 1, 0, 2, 0, 1, 1, 0, 1, 1, 1, 0, 2, 1, 1, 0, 0, 0, 0, 1, 1, 2, 1, 0, 2, 0, 2, 1, 0, 1, 2, 1, 2, 1, 1, 1, 1, 1, 1, 0, 1, 2, 0, 0, 0, 0, 2, 2, 1, 2, 0, 1, 0, 1, 2, 0, 0, 1, 1, 2, 0, 1, 0, 2, 1, 0, 0]|[1, 3, 2, 2, 4, 1, 2, 3, 2, 4, 1, 1, 2, 4, 4, 1, 1, 4, 2, 1, 1, 1, 1, 2, 1, 2, 1, 1, 2, 1, 3, 2, 3, 1, 4, 0, 1, 1, 0, 3, 2, 2, 4, 0, 1, 1, 0, 2, 0, 1, 2, 2, 1, 4, 0, 3, 1, 1, 1, 1, 3, 1, 1, 1, 3, 0, 4, 3, 1, 4, 1, 1, 0, 4, 1, 1, 2, 1, 1, 1, 1, 3, 1, 2, 1, 1, 4, 1, 2, 1, 3, 1, 1, 1, 1, 2, 1, 4, 2, 2]|[0, 2, 1, 1, 3, 0, 1, 3, 0, 0, 0, 0, 1, 0, 1, 0, 0, 3, 1, 0, 0, 0, 0, 1, 0, 2, 0, 0, 0, 1, 0, 0, 0, 0, 3, 0, 1, 0, 0, 2, 1, 1, 2, 0, 0, 0, 0, 1, 1, 0, 0, 0, 1, 3, 0, 0, 0, 0, 0, 0, 2, 0, 1, 0, 2, 1, 0, 0, 1, 1, 3, 1, 1, 3, 0, 0, 1, 0, 0, 0, 0, 0, 0, 1, 1, 0, 0, 0, 1, 0, 2, 3, 0, 1, 1, 0, 0, 2, 0, 0],747.0447039953423,55884.40275560545,91815.55647472355,true
41,G3_TWC,G1_CMAX,[31, 22, 82, 15, 26, 99, 95, 42, 77, 12, 47, 5, 93, 78, 86, 54, 21, 63, 18, 44, 20, 35, 43, 97, 91, 76, 10, 30, 85, 45, 71, 64, 1, 23, 17, 83, 24, 14, 60, 36, 6, 57, 40, 88, 65, 56, 79, 94, 67, 68, 46, 75, 38, 9, 19, 32, 41, 81, 27, 87, 90, 58, 59, 11, 16, 72, 73, 70, 39, 37, 84, 3, 92, 25, 55, 48, 96, 29, 51, 62, 33, 61, 98, 66, 89, 50, 4, 7, 53, 80, 8, 28, 34, 49, 52, 0, 74, 69, 2, 13]|[1, 1, 0, 1, 1, 0, 1, 1, 2, 1, 2, 2, 2, 1, 1, 0, 0, 1, 0, 2, 2, 0, 1, 2, 0, 1, 2, 2, 0, 0, 1, 2, 1, 2, 1, 0, 2, 0, 1, 1, 0, 1, 1, 1, 0, 2, 1, 1, 0, 0, 0, 0, 1, 1, 2, 1, 2, 2, 0, 2, 1, 0, 1, 2, 1, 2, 1, 1, 1, 1, 1, 1, 0, 1, 2, 0, 2, 0, 0, 0, 2, 1, 2, 2, 1, 0, 1, 2, 0, 0, 1, 0, 2, 0, 1, 0, 2, 1, 0, 0]|[0, 3, 2, 2, 4, 1, 2, 3, 2, 4, 1, 1, 2, 4, 4, 1, 1, 4, 2, 1, 1, 1, 1, 2, 1, 2, 1, 1, 2, 1, 3, 2, 3, 0, 4, 0, 1, 1, 0, 3, 2, 2, 2, 0, 1, 1, 0, 4, 0, 1, 2, 2, 1, 4, 0, 3, 2, 1, 1, 1, 3, 1, 1, 1, 3, 0, 4, 3, 1, 4, 1, 1, 0, 4, 1, 1, 1, 1, 1, 2, 1, 3, 1, 1, 1, 1, 4, 1, 2, 1, 3, 2, 1, 1, 1, 2, 1, 4, 2, 2]|[0, 2, 1, 1, 3, 0, 1, 3, 0, 0, 0, 0, 1, 0, 1, 0, 0, 3, 1, 0, 0, 0, 3, 1, 0, 2, 0, 0, 0, 1, 0, 0, 0, 0, 3, 0, 1, 0, 0, 2, 1, 1, 1, 0, 0, 0, 0, 2, 1, 0, 0, 0, 1, 3, 0, 0, 1, 0, 0, 0, 2, 0, 1, 0, 2, 1, 0, 0, 1, 1, 3, 1, 1, 3, 0, 0, 0, 0, 0, 1, 0, 0, 0, 0, 1, 0, 0, 0, 1, 0, 2, 1, 0, 1, 1, 0, 0, 2, 0, 0],724.9395833867611,57689.77869234914,92566.52405273609,true
41,G1_CMAX,G1_CMAX,[31, 22, 82, 15, 26, 99, 95, 77, 42, 12, 5, 93, 78, 86, 54, 21, 63, 18, 10, 20, 35, 43, 97, 91, 76, 47, 30, 85, 45, 71, 1, 66, 64, 17, 83, 24, 14, 60, 36, 6, 57, 40, 88, 65, 79, 94, 67, 68, 46, 75, 38, 9, 19, 32, 28, 81, 27, 74, 39, 58, 59, 11, 16, 72, 62, 73, 70, 37, 84, 3, 51, 29, 90, 48, 55, 25, 92, 7, 44, 33, 61, 98, 56, 23, 89, 50, 41, 96, 53, 80, 4, 8, 34, 49, 52, 0, 13, 2, 69, 87]|[1, 1, 0, 1, 1, 0, 1, 2, 2, 1, 2, 2, 1, 1, 0, 0, 1, 0, 2, 2, 0, 1, 2, 0, 1, 2, 2, 0, 0, 1, 1, 2, 2, 1, 0, 2, 0, 1, 1, 0, 1, 1, 1, 0, 1, 1, 0, 0, 0, 0, 1, 1, 2, 1, 0, 2, 0, 2, 1, 0, 1, 2, 1, 2, 1, 1, 1, 1, 1, 1, 0, 0, 1, 0, 2, 1, 0, 2, 2, 2, 1, 2, 2, 2, 1, 0, 0, 2, 0, 0, 1, 1, 2, 0, 1, 0, 0, 0, 1, 2]|[0, 3, 2, 4, 0, 1, 2, 1, 1, 4, 1, 2, 4, 4, 1, 1, 4, 2, 1, 1, 1, 1, 2, 1, 2, 1, 1, 2, 1, 3, 3, 1, 2, 4, 0, 1, 1, 0, 3, 2, 2, 2, 0, 1, 0, 4, 0, 1, 2, 2, 1, 4, 0, 3, 2, 1, 1, 1, 1, 1, 1, 1, 3, 0, 4, 4, 1, 4, 1, 1, 1, 1, 3, 1, 1, 4, 0, 1, 1, 1, 3, 1, 1, 1, 1, 1, 1, 1, 2, 1, 4, 3, 1, 1, 1, 2, 2, 2, 4, 1]|[3, 2, 1, 1, 3, 0, 1, 0, 0, 0, 0, 1, 0, 1, 0, 0, 3, 1, 0, 0, 0, 3, 1, 0, 2, 0, 0, 0, 1, 0, 0, 0, 0, 3, 0, 1, 0, 0, 2, 1, 1, 1, 0, 0, 0, 2, 1, 0, 0, 0, 1, 3, 0, 0, 1, 0, 0, 0, 1, 0, 1, 0, 2, 1, 0, 0, 1, 1, 3, 1, 0, 0, 2, 0, 0, 3, 1, 0, 0, 0, 0, 0, 0, 0, 1, 0, 0, 0, 1, 0, 0, 2, 0, 1, 1, 0, 0, 0, 2, 0],731.8082727016543,56338.86946404046,92912.0862316895,false
41,G4_BALANCED,G4_BALANCED,[31, 22, 82, 15, 26, 9, 95, 42, 77, 68, 47, 5, 93, 78, 86, 54, 85, 63, 18, 44, 20, 49, 36, 14, 74, 50, 53, 17, 21, 28, 11, 64, 3, 23, 30, 83, 24, 41, 40, 52, 65, 27, 90, 70, 39, 87, 48, 69, 99, 4, 46, 1, 13, 58, 19, 59, 45, 8, 73, 37, 35, 79, 71, 66, 76, 32, 60, 80, 96, 6, 16, 61, 33, 7, 57, 34, 12, 67, 10, 98, 56, 88, 43, 75, 91, 38, 84, 92, 29, 97, 51, 55, 72, 25, 89, 81, 94, 2, 62, 0]|[2, 1, 2, 1, 1, 0, 1, 1, 1, 1, 1, 0, 2, 2, 1, 2, 0, 0, 0, 2, 2, 1, 0, 2, 0, 2, 2, 1, 0, 1, 1, 1, 0, 0, 1, 0, 2, 1, 2, 2, 0, 0, 1, 1, 0, 2, 0, 2, 1, 0, 0, 2, 0, 0, 2, 0, 1, 1, 0, 0, 2, 1, 1, 2, 2, 0, 2, 2, 0, 1, 2, 1, 1, 2, 0, 1, 1, 2, 1, 2, 2, 1, 1, 0, 1, 0, 0, 0, 1, 1, 1, 0, 1, 1, 1, 1, 2, 2, 1, 0]|[0, 3, 0, 3, 4, 1, 4, 4, 2, 4, 3, 2, 1, 0, 2, 1, 1, 1, 2, 1, 1, 3, 0, 1, 0, 1, 1, 4, 1, 4, 3, 2, 2, 0, 4, 1, 1, 4, 1, 1, 2, 1, 4, 4, 1, 1, 0, 2, 3, 2, 2, 1, 2, 1, 1, 2, 4, 3, 0, 2, 2, 3, 3, 1, 1, 2, 1, 1, 2, 4, 1, 3, 4, 1, 2, 4, 3, 1, 3, 1, 1, 4, 4, 2, 3, 2, 2, 2, 3, 4, 3, 2, 4, 4, 4, 4, 1, 1, 3, 2]|[0, 2, 0, 0, 3, 0, 1, 3, 0, 0, 2, 0, 1, 0, 1, 0, 0, 0, 1, 0, 0, 2, 0, 0, 1, 0, 0, 3, 0, 1, 0, 2, 0, 0, 3, 0, 1, 1, 0, 0, 0, 0, 1, 3, 0, 0, 1, 0, 2, 0, 0, 0, 0, 1, 1, 0, 1, 0, 1, 1, 0, 2, 0, 0, 0, 0, 0, 0, 0, 2, 0, 0, 1, 0, 0, 1, 0, 0, 3, 0, 0, 1, 2, 0, 0, 0, 0, 0, 3, 1, 0, 0, 1, 3, 1, 2, 0, 0, 0, 0],898.2543121797436,49878.32155658267,103803.07434734824,false
41,G2_TEC,G2_TEC,[31, 22, 82, 15, 26, 9, 95, 42, 77, 68, 47, 5, 93, 78, 86, 54, 85, 63, 18, 44, 20, 49, 36, 14, 74, 50, 53, 17, 21, 28, 11, 64, 3, 23, 30, 83, 24, 41, 40, 52, 65, 27, 90, 70, 39, 87, 48, 69, 99, 4, 46, 1, 13, 58, 97, 59, 45, 8, 73, 37, 35, 79, 71, 66, 76, 32, 60, 80, 56, 6, 67, 61, 33, 7, 57, 34, 12, 16, 10, 98, 96, 88, 2, 75, 91, 43, 84, 92, 29, 19, 51, 55, 81, 89, 25, 72, 94, 38, 0, 62]|[2, 1, 2, 1, 1, 2, 1, 1, 1, 1, 1, 0, 2, 2, 1, 2, 0, 0, 0, 2, 2, 1, 0, 2, 0, 2, 2, 1, 0, 1, 1, 1, 0, 0, 1, 0, 2, 1, 2, 2, 0, 0, 1, 1, 0, 2, 0, 2, 1, 0, 0, 2, 0, 0, 2, 0, 1, 1, 0, 0, 2, 1, 1, 2, 2, 0, 2, 2, 2, 1, 2, 1, 1, 2, 0, 1, 1, 2, 1, 2, 0, 1, 0, 0, 1, 1, 0, 0, 1, 1, 1, 0, 1, 1, 1, 1, 2, 0, 2, 1]|[0, 3, 0, 3, 4, 1, 4, 4, 2, 4, 3, 2, 1, 0, 2, 1, 1, 1, 2, 1, 1, 3, 0, 1, 0, 1, 1, 4, 1, 4, 3, 2, 2, 0, 4, 1, 1, 4, 1, 1, 2, 1, 4, 4, 1, 1, 0, 2, 3, 2, 2, 1, 2, 1, 1, 2, 4, 3, 0, 2, 1, 3, 3, 1, 1, 2, 1, 1, 1, 4, 1, 3, 4, 1, 2, 4, 3, 1, 3, 1, 2, 4, 2, 2, 3, 4, 2, 2, 3, 4, 3, 2, 4, 4, 4, 4, 1, 2, 1, 3]|[0, 2, 0, 0, 3, 0, 1, 3, 0, 0, 2, 0, 1, 0, 1, 0, 0, 0, 1, 0, 0, 2, 0, 0, 1, 0, 0, 3, 0, 1, 0, 2, 0, 0, 3, 0, 1, 1, 0, 0, 0, 0, 1, 3, 0, 0, 1, 0, 2, 0, 0, 0, 0, 0, 1, 0, 1, 0, 1, 1, 0, 2, 0, 0, 0, 0, 0, 0, 0, 2, 0, 0, 1, 0, 0, 1, 0, 0, 3, 0, 0, 1, 0, 0, 0, 2, 0, 0, 3, 1, 0, 0, 2, 1, 3, 1, 0, 0, 0, 0],914.0597544875216,49177.57411962909,107642.75205892837,false
41,G3_TWC,G1_CMAX,[31, 22, 82, 15, 26, 99, 95, 42, 77, 12, 47, 5, 93, 78, 86, 54, 21, 63, 18, 44, 20, 35, 43, 97, 91, 76, 10, 30, 85, 45, 71, 64, 1, 23, 17, 83, 24, 14, 60, 36, 6, 57, 40, 88, 65, 56, 79, 94, 67, 68, 46, 75, 38, 9, 19, 32, 41, 81, 27, 87, 90, 58, 59, 11, 16, 72, 73, 70, 39, 37, 84, 3, 92, 25, 55, 48, 96, 29, 51, 62, 33, 61, 98, 66, 89, 50, 4, 7, 53, 80, 8, 28, 34, 49, 52, 0, 74, 69, 2, 13]|[1, 1, 0, 1, 1, 0, 1, 1, 2, 1, 2, 2, 2, 1, 1, 0, 0, 1, 0, 2, 2, 0, 1, 2, 0, 1, 2, 2, 0, 0, 1, 2, 1, 2, 1, 0, 2, 0, 1, 1, 0, 1, 1, 1, 0, 2, 1, 1, 0, 0, 0, 0, 1, 1, 2, 1, 2, 2, 0, 2, 1, 0, 1, 2, 1, 2, 1, 1, 1, 1, 1, 1, 0, 1, 2, 0, 2, 0, 0, 0, 2, 1, 2, 2, 1, 0, 1, 2, 0, 0, 1, 0, 2, 0, 1, 0, 2, 1, 0, 0]|[0, 3, 2, 2, 4, 1, 2, 3, 2, 4, 1, 1, 2, 4, 4, 1, 1, 4, 2, 1, 1, 1, 1, 2, 1, 2, 1, 1, 2, 1, 3, 2, 3, 0, 4, 0, 1, 1, 0, 3, 2, 2, 2, 0, 1, 1, 0, 4, 0, 1, 2, 2, 1, 4, 0, 3, 2, 1, 1, 1, 3, 1, 1, 1, 3, 0, 4, 3, 1, 4, 1, 1, 0, 4, 1, 1, 1, 1, 1, 2, 1, 3, 1, 1, 1, 1, 4, 1, 2, 1, 3, 2, 1, 1, 1, 2, 1, 4, 2, 2]|[0, 2, 1, 1, 3, 0, 1, 3, 0, 0, 0, 0, 1, 0, 1, 0, 0, 3, 1, 0, 0, 0, 3, 1, 0, 2, 0, 0, 0, 1, 0, 0, 0, 0, 3, 0, 1, 0, 0, 2, 1, 1, 1, 0, 0, 0, 0, 2, 1, 0, 0, 0, 1, 3, 0, 0, 1, 0, 0, 0, 2, 0, 1, 0, 2, 1, 0, 0, 1, 1, 3, 1, 1, 3, 0, 0, 0, 0, 0, 1, 0, 0, 0, 0, 1, 0, 0, 0, 1, 0, 2, 1, 0, 1, 1, 0, 0, 2, 0, 0],724.9395833867611,57689.77869234914,92566.52405273609,true
41,G1_CMAX,G4_BALANCED,[31, 22, 82, 15, 26, 58, 95, 42, 77, 12, 47, 5, 93, 78, 86, 54, 85, 63, 18, 44, 20, 35, 43, 97, 66, 76, 10, 30, 21, 45, 71, 64, 1, 23, 17, 83, 24, 14, 60, 36, 6, 57, 40, 88, 65, 56, 79, 94, 67, 68, 46, 29, 38, 9, 19, 32, 81, 41, 27, 87, 90, 62, 99, 59, 11, 16, 72, 73, 70, 39, 37, 84, 3, 92, 25, 55, 28, 75, 51, 7, 91, 61, 98, 8, 89, 50, 33, 96, 49, 48, 80, 4, 34, 53, 52, 0, 13, 2, 69, 74]|[1, 1, 0, 1, 1, 0, 1, 2, 2, 1, 2, 2, 2, 1, 1, 0, 0, 1, 0, 2, 2, 0, 1, 2, 0, 1, 2, 2, 0, 0, 1, 2, 1, 2, 1, 0, 2, 0, 1, 1, 0, 1, 1, 1, 0, 2, 1, 1, 0, 0, 0, 0, 1, 1, 2, 1, 2, 0, 0, 2, 1, 0, 0, 2, 2, 1, 2, 1, 1, 1, 1, 1, 1, 0, 1, 2, 0, 0, 0, 1, 2, 1, 1, 1, 1, 0, 2, 2, 0, 0, 0, 1, 2, 0, 1, 0, 0, 0, 1, 2]|[4, 3, 2, 2, 4, 1, 2, 2, 2, 4, 1, 1, 2, 4, 4, 1, 1, 4, 2, 1, 1, 1, 1, 2, 1, 2, 1, 1, 1, 1, 3, 1, 3, 1, 4, 0, 1, 1, 0, 3, 2, 2, 2, 0, 1, 1, 0, 4, 0, 1, 2, 1, 1, 4, 0, 3, 2, 1, 1, 1, 3, 2, 1, 1, 1, 3, 1, 4, 3, 1, 4, 1, 1, 0, 4, 1, 2, 2, 1, 1, 1, 3, 4, 3, 1, 1, 1, 1, 1, 1, 1, 4, 1, 2, 1, 2, 2, 2, 4, 1]|[0, 2, 1, 1, 3, 0, 1, 0, 0, 0, 0, 0, 1, 0, 1, 0, 0, 3, 1, 0, 0, 0, 3, 1, 0, 2, 0, 0, 0, 0, 0, 0, 0, 0, 3, 0, 1, 0, 0, 2, 1, 1, 1, 0, 0, 0, 0, 2, 1, 0, 0, 0, 1, 3, 0, 0, 1, 0, 0, 0, 2, 1, 0, 0, 0, 2, 0, 0, 0, 1, 1, 3, 1, 1, 3, 0, 1, 0, 0, 2, 0, 0, 1, 2, 1, 0, 0, 0, 1, 0, 0, 0, 0, 1, 1, 0, 0, 0, 2, 0],820.9533813903317,55075.289204387875,98896.49816512917,true
41,G4_BALANCED,G3_TWC,[31, 22, 82, 15, 26, 58, 95, 27, 77, 12, 47, 5, 93, 78, 98, 54, 85, 63, 18, 44, 20, 35, 43, 97, 91, 76, 10, 30, 21, 45, 71, 64, 1, 23, 17, 83, 24, 14, 60, 36, 6, 57, 94, 88, 65, 56, 79, 40, 67, 68, 46, 75, 39, 9, 19, 32, 81, 41, 42, 62, 87, 90, 99, 59, 11, 16, 72, 73, 70, 38, 37, 84, 3, 92, 25, 52, 28, 29, 51, 7, 33, 61, 86, 66, 89, 50, 48, 96, 53, 80, 4, 8, 34, 49, 55, 0, 13, 2, 69, 74]|[1, 1, 0, 1, 1, 1, 2, 1, 2, 1, 2, 2, 2, 1, 1, 0, 0, 1, 0, 2, 2, 0, 1, 2, 0, 1, 2, 2, 0, 0, 1, 2, 1, 2, 1, 0, 2, 0, 1, 1, 0, 1, 1, 1, 0, 2, 1, 1, 0, 0, 0, 0, 1, 1, 2, 1, 2, 0, 0, 0, 2, 1, 0, 1, 2, 1, 2, 1, 1, 1, 1, 1, 2, 0, 1, 1, 0, 0, 0, 1, 2, 1, 0, 2, 1, 0, 0, 0, 0, 0, 0, 1, 2, 0, 1, 0, 0, 0, 1, 2]|[4, 3, 2, 2, 0, 0, 2, 2, 2, 4, 1, 1, 2, 4, 4, 1, 1, 4, 2, 1, 1, 1, 1, 2, 1, 2, 1, 1, 1, 1, 3, 2, 3, 0, 4, 0, 1, 1, 0, 3, 2, 2, 4, 0, 1, 1, 0, 2, 0, 1, 2, 2, 1, 4, 0, 3, 2, 1, 1, 2, 1, 3, 1, 1, 1, 3, 0, 4, 3, 1, 4, 1, 1, 2, 4, 1, 2, 1, 1, 3, 1, 3, 1, 1, 1, 1, 1, 1, 2, 1, 2, 3, 1, 1, 4, 2, 2, 2, 3, 1]|[0, 2, 1, 1, 3, 3, 0, 1, 0, 0, 0, 0, 1, 0, 1, 0, 0, 3, 1, 0, 0, 0, 3, 1, 0, 2, 0, 0, 0, 1, 0, 0, 0, 0, 3, 0, 1, 0, 0, 2, 1, 1, 2, 0, 0, 0, 0, 1, 1, 0, 0, 0, 1, 3, 0, 0, 1, 0, 0, 1, 0, 2, 0, 1, 0, 2, 1, 0, 0, 1, 1, 3, 0, 1, 3, 1, 1, 0, 0, 2, 0, 0, 0, 0, 1, 0, 0, 0, 1, 0, 1, 2, 0, 1, 3, 0, 0, 0, 0, 0],809.1152396105251,57829.98412643394,88824.25505897307,true
41,G2_TEC,G4_BALANCED,[31, 22, 82, 15, 26, 9, 95, 42, 77, 68, 47, 5, 93, 78, 86, 54, 85, 63, 18, 44, 20, 49, 36, 14, 74, 50, 53, 17, 21, 28, 11, 64, 3, 23, 30, 83, 24, 41, 40, 52, 65, 27, 90, 70, 39, 87, 48, 69, 99, 4, 46, 1, 13, 58, 19, 59, 45, 8, 73, 37, 35, 79, 71, 66, 76, 32, 60, 80, 96, 6, 16, 61, 33, 7, 57, 34, 12, 67, 10, 98, 56, 88, 43, 75, 91, 38, 84, 92, 29, 97, 51, 55, 81, 25, 89, 72, 94, 2, 0, 62]|[2, 1, 2, 1, 1, 0, 1, 1, 1, 1, 1, 0, 2, 2, 1, 2, 0, 0, 0, 2, 2, 1, 0, 2, 0, 2, 2, 1, 0, 1, 1, 1, 0, 0, 1, 0, 2, 1, 2, 2, 0, 0, 1, 1, 0, 2, 0, 2, 1, 0, 0, 2, 0, 0, 2, 0, 1, 1, 0, 0, 2, 1, 1, 2, 2, 0, 2, 2, 0, 1, 2, 1, 1, 2, 0, 1, 1, 0, 1, 2, 2, 1, 1, 0, 1, 0, 0, 0, 1, 1, 1, 0, 1, 1, 1, 1, 2, 2, 0, 1]|[0, 3, 0, 3, 4, 1, 4, 4, 2, 4, 3, 2, 1, 0, 2, 1, 1, 1, 2, 1, 1, 3, 0, 1, 0, 1, 1, 4, 1, 4, 3, 2, 2, 0, 4, 1, 1, 4, 1, 1, 2, 1, 4, 4, 1, 1, 0, 2, 3, 2, 2, 1, 2, 1, 1, 2, 4, 3, 0, 2, 2, 3, 3, 1, 1, 2, 1, 1, 2, 4, 1, 3, 4, 1, 2, 4, 3, 2, 3, 1, 1, 4, 4, 2, 3, 2, 2, 2, 3, 4, 3, 2, 4, 4, 4, 4, 1, 1, 2, 3]|[0, 2, 0, 0, 3, 0, 1, 3, 0, 0, 2, 0, 1, 0, 1, 0, 0, 0, 1, 0, 0, 2, 0, 0, 1, 0, 0, 3, 0, 1, 0, 2, 0, 0, 3, 0, 1, 1, 0, 0, 0, 0, 1, 3, 0, 0, 1, 0, 2, 0, 0, 0, 0, 0, 1, 0, 1, 0, 1, 1, 0, 2, 0, 0, 0, 0, 0, 0, 0, 2, 0, 0, 1, 0, 0, 1, 0, 0, 3, 0, 0, 1, 2, 0, 0, 0, 0, 0, 3, 1, 0, 0, 2, 3, 1, 1, 0, 0, 0, 0],956.6169724647291,49666.99113174686,105123.79289078768,true
41,G3_TWC,G1_CMAX,[31, 22, 82, 15, 26, 99, 95, 42, 77, 12, 47, 5, 93, 78, 86, 54, 21, 63, 18, 44, 20, 35, 43, 97, 91, 76, 10, 30, 85, 45, 71, 64, 1, 23, 17, 83, 24, 14, 60, 36, 6, 57, 40, 88, 65, 56, 79, 94, 67, 68, 46, 75, 38, 9, 19, 32, 41, 81, 27, 87, 90, 58, 59, 11, 16, 72, 73, 70, 39, 37, 84, 3, 92, 25, 55, 48, 96, 29, 51, 62, 33, 61, 98, 66, 89, 50, 4, 7, 53, 80, 8, 28, 34, 49, 52, 0, 74, 69, 2, 13]|[1, 1, 0, 1, 1, 0, 1, 1, 2, 1, 2, 2, 2, 1, 1, 0, 0, 1, 0, 2, 2, 0, 1, 2, 0, 1, 2, 2, 0, 0, 1, 2, 1, 2, 1, 0, 2, 0, 1, 1, 0, 1, 1, 1, 0, 2, 1, 1, 0, 0, 0, 0, 1, 1, 2, 1, 2, 2, 0, 2, 1, 0, 1, 2, 1, 2, 1, 1, 1, 1, 1, 1, 0, 1, 2, 0, 2, 0, 0, 0, 2, 1, 2, 2, 1, 0, 1, 2, 0, 0, 1, 0, 2, 0, 1, 0, 2, 1, 0, 0]|[0, 3, 2, 2, 4, 1, 2, 3, 2, 4, 1, 1, 2, 4, 4, 1, 1, 4, 2, 1, 1, 1, 1, 2, 1, 2, 1, 1, 2, 1, 3, 2, 3, 0, 4, 0, 1, 1, 0, 3, 2, 2, 2, 0, 1, 1, 0, 4, 0, 1, 2, 2, 1, 4, 0, 3, 2, 1, 1, 1, 3, 1, 1, 1, 3, 0, 4, 3, 1, 4, 1, 1, 0, 4, 1, 1, 1, 1, 1, 2, 1, 3, 1, 1, 1, 1, 4, 1, 2, 1, 3, 2, 1, 1, 1, 2, 1, 4, 2, 2]|[0, 2, 1, 1, 3, 0, 1, 3, 0, 0, 0, 0, 1, 0, 1, 0, 0, 3, 1, 0, 0, 0, 3, 1, 0, 2, 0, 0, 0, 1, 0, 0, 0, 0, 3, 0, 1, 0, 0, 2, 1, 1, 1, 0, 0, 0, 0, 2, 1, 0, 0, 0, 1, 3, 0, 0, 1, 0, 0, 0, 2, 0, 1, 0, 2, 1, 0, 0, 1, 1, 3, 1, 1, 3, 0, 0, 0, 0, 0, 1, 0, 0, 0, 0, 1, 0, 0, 0, 1, 0, 2, 1, 0, 1, 1, 0, 0, 2, 0, 0],724.9395833867611,57689.77869234914,92566.52405273609,true
41,G1_CMAX,G4_BALANCED,[31, 22, 82, 15, 26, 99, 95, 42, 77, 12, 47, 5, 93, 78, 86, 54, 21, 63, 18, 44, 20, 23, 43, 97, 91, 76, 10, 30, 85, 45, 71, 64, 1, 35, 17, 83, 24, 14, 60, 36, 6, 57, 40, 88, 65, 56, 79, 94, 67, 68, 46, 75, 38, 9, 19, 32, 41, 81, 27, 87, 90, 58, 59, 11, 16, 72, 62, 73, 70, 39, 37, 3, 92, 25, 55, 48, 84, 29, 51, 96, 33, 61, 98, 28, 89, 50, 4, 7, 53, 80, 52, 34, 66, 8, 13, 0, 74, 69, 2, 49]|[2, 1, 0, 1, 1, 0, 1, 1, 2, 1, 2, 2, 2, 1, 1, 0, 0, 1, 0, 2, 2, 2, 1, 2, 0, 1, 2, 2, 0, 0, 1, 2, 1, 2, 1, 0, 2, 0, 1, 1, 0, 1, 1, 1, 0, 2, 1, 1, 0, 0, 0, 0, 1, 1, 2, 1, 0, 2, 0, 2, 1, 0, 1, 2, 1, 2, 0, 1, 1, 1, 1, 1, 0, 1, 2, 0, 1, 0, 0, 2, 2, 1, 2, 0, 1, 0, 1, 2, 0, 0, 1, 2, 2, 1, 0, 0, 2, 1, 0, 0]|[1, 3, 2, 2, 4, 1, 2, 3, 2, 4, 1, 1, 2, 4, 4, 1, 1, 4, 2, 1, 1, 1, 1, 2, 1, 2, 1, 1, 2, 1, 3, 2, 3, 1, 4, 0, 1, 1, 0, 3, 2, 2, 2, 0, 1, 1, 0, 4, 0, 1, 2, 2, 1, 4, 0, 3, 1, 1, 1, 1, 3, 1, 1, 1, 3, 0, 2, 4, 3, 1, 4, 1, 0, 4, 1, 1, 1, 1, 1, 1, 1, 3, 1, 2, 1, 1, 4, 1, 2, 1, 1, 1, 1, 3, 2, 2, 1, 4, 2, 2]|[0, 2, 1, 1, 3, 0, 1, 3, 0, 0, 0, 0, 1, 0, 1, 0, 0, 3, 1, 0, 0, 0, 3, 1, 0, 2, 0, 0, 0, 1, 0, 0, 0, 0, 3, 0, 1, 0, 0, 2, 1, 1, 1, 0, 0, 0, 0, 2, 1, 0, 0, 0, 1, 3, 0, 0, 0, 0, 0, 0, 2, 0, 1, 0, 2, 1, 1, 0, 0, 1, 1, 1, 1, 3, 0, 0, 3, 0, 0, 0, 0, 0, 0, 1, 1, 0, 0, 0, 1, 0, 1, 0, 0, 2, 0, 0, 0, 2, 0, 0],768.4425996665918,55544.97691543313,95885.95702711058,true
41,G4_BALANCED,G4_BALANCED,[31, 11, 15, 82, 26, 9, 95, 32, 77, 68, 47, 5, 93, 78, 86, 54, 85, 63, 18, 44, 20, 49, 36, 14, 74, 50, 53, 17, 21, 45, 71, 64, 3, 23, 30, 83, 24, 41, 60, 52, 65, 27, 90, 70, 39, 87, 48, 69, 99, 4, 46, 1, 13, 58, 97, 59, 28, 75, 73, 37, 35, 79, 22, 66, 76, 42, 40, 80, 96, 6, 16, 61, 33, 7, 57, 34, 12, 67, 10, 98, 56, 88, 29, 94, 91, 51, 19, 92, 43, 84, 38, 72, 81, 8, 2, 55, 62, 89, 25, 0]|[2, 1, 1, 2, 1, 2, 1, 1, 1, 1, 1, 0, 2, 2, 1, 2, 0, 0, 0, 2, 2, 1, 0, 2, 0, 2, 2, 1, 0, 1, 1, 1, 0, 0, 1, 0, 2, 1, 2, 2, 0, 0, 1, 1, 0, 2, 0, 2, 1, 0, 0, 2, 0, 0, 2, 0, 1, 0, 0, 0, 2, 1, 0, 2, 2, 0, 2, 2, 0, 1, 2, 1, 1, 2, 0, 1, 1, 1, 1, 2, 2, 1, 1, 2, 1, 1, 1, 0, 1, 0, 0, 1, 1, 1, 2, 0, 1, 1, 1, 0]|[1, 3, 2, 0, 4, 1, 4, 4, 2, 4, 3, 2, 1, 0, 2, 1, 1, 1, 2, 1, 1, 3, 0, 1, 0, 1, 1, 4, 1, 4, 3, 2, 2, 0, 4, 1, 1, 4, 0, 1, 2, 1, 4, 4, 1, 1, 0, 2, 3, 1, 2, 1, 2, 1, 1, 2, 4, 2, 0, 2, 2, 3, 1, 0, 1, 2, 0, 1, 2, 4, 1, 3, 4, 1, 2, 4, 3, 3, 3, 1, 1, 4, 3, 1, 3, 3, 4, 2, 4, 2, 2, 4, 1, 3, 1, 2, 3, 4, 4, 2]|[1, 2, 1, 0, 3, 0, 1, 3, 0, 0, 2, 0, 1, 0, 1, 0, 0, 0, 1, 0, 0, 2, 0, 0, 1, 0, 0, 3, 0, 1, 0, 2, 0, 1, 3, 0, 1, 3, 1, 0, 0, 0, 1, 3, 0, 0, 1, 0, 2, 0, 0, 0, 0, 0, 1, 0, 1, 0, 1, 1, 0, 2, 0, 0, 0, 0, 0, 0, 0, 2, 0, 0, 1, 0, 0, 1, 0, 0, 3, 0, 0, 1, 0, 0, 0, 0, 3, 0, 2, 0, 0, 2, 1, 0, 0, 0, 0, 1, 3, 0],836.569815134707,52504.092339752446,107095.57005228325,false
41,G2_TEC,G3_TWC,[31, 22, 82, 15, 26, 58, 95, 42, 77, 12, 47, 5, 93, 78, 98, 54, 85, 63, 18, 44, 81, 35, 43, 97, 91, 76, 10, 30, 21, 45, 71, 64, 1, 23, 17, 83, 24, 14, 60, 36, 6, 57, 94, 88, 65, 56, 79, 40, 67, 68, 46, 75, 38, 9, 19, 32, 20, 41, 27, 62, 87, 90, 99, 59, 11, 16, 72, 73, 70, 39, 37, 84, 3, 92, 25, 55, 28, 29, 51, 7, 33, 61, 86, 48, 89, 50, 66, 96, 53, 80, 8, 4, 34, 49, 52, 2, 13, 0, 69, 74]|[1, 1, 0, 1, 1, 1, 2, 1, 2, 1, 2, 2, 2, 1, 1, 0, 0, 1, 0, 2, 2, 0, 1, 2, 0, 1, 2, 2, 0, 0, 1, 2, 1, 2, 1, 0, 2, 0, 1, 1, 0, 1, 1, 1, 0, 2, 1, 1, 0, 0, 0, 0, 1, 1, 2, 1, 2, 0, 0, 0, 2, 1, 0, 1, 2, 1, 2, 1, 1, 1, 1, 1, 1, 0, 1, 1, 0, 0, 0, 1, 2, 1, 0, 0, 1, 0, 0, 0, 0, 0, 1, 0, 2, 0, 1, 0, 0, 0, 1, 2]|[4, 3, 2, 2, 0, 0, 2, 2, 2, 4, 1, 1, 2, 4, 4, 1, 1, 4, 2, 1, 1, 1, 1, 2, 1, 2, 1, 1, 1, 1, 3, 2, 3, 0, 4, 0, 1, 1, 0, 3, 2, 2, 4, 0, 1, 1, 0, 2, 0, 1, 2, 2, 1, 4, 0, 3, 1, 1, 1, 2, 1, 3, 1, 1, 1, 3, 0, 4, 3, 1, 4, 1, 1, 2, 4, 4, 2, 1, 1, 3, 1, 3, 1, 1, 1, 1, 1, 1, 2, 1, 3, 2, 1, 1, 1, 2, 2, 2, 3, 1]|[0, 2, 1, 1, 3, 3, 0, 1, 0, 0, 0, 0, 1, 0, 1, 0, 0, 3, 1, 0, 0, 0, 3, 1, 0, 2, 0, 0, 0, 1, 0, 0, 0, 0, 3, 0, 1, 0, 0, 2, 1, 1, 2, 0, 0, 0, 0, 1, 1, 0, 0, 0, 1, 3, 0, 0, 0, 0, 0, 1, 0, 2, 0, 1, 0, 2, 1, 0, 0, 1, 1, 3, 1, 1, 3, 3, 1, 0, 0, 2, 0, 0, 0, 0, 1, 0, 0, 0, 1, 0, 2, 1, 0, 1, 1, 0, 0, 0, 0, 0],812.2965007656608,57717.07487378568,89198.10948100462,true
41,G3_TWC,G1_CMAX,[31, 22, 82, 15, 26, 99, 95, 42, 77, 12, 47, 5, 93, 78, 86, 54, 21, 63, 18, 44, 20, 35, 43, 97, 91, 76, 10, 30, 85, 45, 71, 64, 1, 23, 17, 83, 24, 14, 60, 36, 6, 57, 40, 88, 65, 56, 79, 94, 67, 68, 46, 75, 38, 9, 19, 32, 41, 81, 27, 87, 90, 58, 59, 11, 16, 72, 73, 70, 39, 37, 84, 3, 92, 25, 55, 48, 96, 29, 51, 62, 33, 61, 98, 66, 89, 50, 4, 7, 53, 80, 8, 28, 34, 49, 52, 0, 74, 69, 2, 13]|[1, 1, 0, 1, 1, 0, 1, 1, 2, 1, 2, 2, 2, 1, 1, 0, 0, 1, 0, 2, 2, 0, 1, 2, 0, 1, 2, 2, 0, 0, 1, 2, 1, 2, 1, 0, 2, 0, 1, 1, 0, 1, 1, 1, 0, 2, 1, 1, 0, 0, 0, 0, 1, 1, 2, 1, 2, 2, 0, 2, 1, 0, 1, 2, 1, 2, 1, 1, 1, 1, 1, 1, 0, 1, 2, 0, 2, 0, 0, 0, 2, 1, 2, 2, 1, 0, 1, 2, 0, 0, 1, 0, 2, 0, 1, 0, 2, 1, 0, 0]|[0, 3, 2, 2, 4, 1, 2, 3, 2, 4, 1, 1, 2, 4, 4, 1, 1, 4, 2, 1, 1, 1, 1, 2, 1, 2, 1, 1, 2, 1, 3, 2, 3, 0, 4, 0, 1, 1, 0, 3, 2, 2, 2, 0, 1, 1, 0, 4, 0, 1, 2, 2, 1, 4, 0, 3, 2, 1, 1, 1, 3, 1, 1, 1, 3, 0, 4, 3, 1, 4, 1, 1, 0, 4, 1, 1, 1, 1, 1, 2, 1, 3, 1, 1, 1, 1, 4, 1, 2, 1, 3, 2, 1, 1, 1, 2, 1, 4, 2, 2]|[0, 2, 1, 1, 3, 0, 1, 3, 0, 0, 0, 0, 1, 0, 1, 0, 0, 3, 1, 0, 0, 0, 3, 1, 0, 2, 0, 0, 0, 1, 0, 0, 0, 0, 3, 0, 1, 0, 0, 2, 1, 1, 1, 0, 0, 0, 0, 2, 1, 0, 0, 0, 1, 3, 0, 0, 1, 0, 0, 0, 2, 0, 1, 0, 2, 1, 0, 0, 1, 1, 3, 1, 1, 3, 0, 0, 0, 0, 0, 1, 0, 0, 0, 0, 1, 0, 0, 0, 1, 0, 2, 1, 0, 1, 1, 0, 0, 2, 0, 0],724.9395833867611,57689.77869234914,92566.52405273609,true
41,G1_CMAX,G4_BALANCED,[31, 22, 82, 15, 26, 58, 95, 42, 77, 12, 47, 5, 93, 78, 86, 54, 85, 63, 18, 44, 20, 35, 43, 97, 66, 76, 79, 30, 21, 45, 71, 64, 1, 23, 17, 83, 24, 14, 60, 36, 6, 57, 40, 88, 65, 56, 10, 94, 67, 68, 46, 75, 38, 9, 19, 32, 41, 81, 27, 62, 87, 90, 99, 59, 11, 16, 72, 73, 69, 39, 37, 84, 3, 92, 25, 55, 29, 28, 51, 7, 33, 61, 98, 48, 89, 50, 4, 96, 53, 80, 91, 8, 34, 2, 52, 0, 13, 70, 49, 74]|[1, 1, 0, 1, 1, 0, 1, 2, 2, 1, 2, 2, 2, 1, 1, 0, 0, 1, 0, 2, 2, 0, 1, 2, 2, 1, 2, 2, 0, 0, 1, 2, 1, 2, 1, 0, 2, 0, 1, 1, 0, 1, 1, 1, 0, 2, 2, 1, 0, 0, 0, 0, 1, 1, 2, 1, 0, 2, 0, 0, 2, 1, 0, 1, 2, 1, 2, 1, 1, 1, 1, 1, 1, 0, 1, 2, 0, 0, 0, 1, 0, 1, 2, 0, 1, 0, 1, 2, 0, 2, 0, 0, 2, 0, 1, 0, 0, 1, 0, 2]|[4, 3, 2, 2, 4, 1, 2, 2, 2, 4, 1, 1, 2, 4, 4, 1, 2, 4, 2, 1, 1, 1, 1, 2, 1, 2, 1, 1, 1, 1, 3, 1, 3, 1, 4, 0, 1, 1, 0, 3, 2, 2, 2, 0, 1, 1, 1, 4, 0, 1, 2, 2, 1, 4, 0, 3, 1, 1, 1, 2, 1, 3, 1, 1, 1, 3, 0, 4, 3, 1, 4, 1, 1, 0, 4, 1, 1, 2, 1, 1, 1, 3, 1, 1, 1, 1, 4, 1, 2, 1, 1, 1, 1, 2, 1, 2, 2, 3, 1, 1]|[0, 2, 1, 1, 3, 0, 1, 0, 0, 0, 0, 0, 1, 0, 1, 0, 0, 3, 1, 0, 0, 0, 3, 1, 0, 2, 0, 0, 0, 0, 0, 0, 0, 0, 3, 0, 1, 0, 0, 2, 1, 1, 1, 0, 0, 0, 0, 2, 1, 0, 0, 0, 1, 3, 0, 0, 0, 0, 0, 1, 0, 2, 0, 1, 0, 2, 1, 0, 0, 1, 1, 3, 1, 1, 3, 0, 0, 1, 0, 2, 0, 0, 0, 0, 1, 0, 0, 0, 1, 0, 0, 0, 0, 0, 1, 0, 0, 0, 1, 0],791.415243510269,55303.85816333782,96750.39584222315,true
41,G4_BALANCED,G4_BALANCED,[31, 22, 82, 15, 26, 58, 95, 42, 77, 12, 47, 5, 93, 78, 86, 54, 85, 63, 18, 44, 20, 35, 43, 97, 66, 76, 79, 30, 21, 45, 71, 64, 1, 23, 17, 83, 24, 14, 60, 36, 6, 57, 40, 88, 65, 56, 10, 94, 67, 68, 46, 75, 38, 9, 19, 32, 41, 81, 27, 62, 87, 90, 99, 59, 11, 16, 72, 73, 69, 39, 37, 84, 3, 92, 25, 55, 29, 28, 51, 7, 33, 61, 48, 98, 89, 8, 4, 96, 53, 80, 50, 91, 34, 2, 52, 0, 49, 70, 13, 74]|[1, 1, 0, 1, 1, 0, 1, 2, 2, 1, 2, 2, 2, 1, 1, 0, 0, 1, 0, 2, 2, 0, 1, 2, 2, 1, 2, 2, 0, 0, 1, 2, 1, 2, 1, 0, 2, 0, 1, 1, 0, 1, 1, 1, 0, 2, 2, 1, 0, 0, 0, 0, 1, 1, 2, 1, 0, 2, 0, 0, 2, 1, 0, 1, 2, 1, 2, 1, 1, 1, 1, 1, 1, 0, 1, 2, 0, 0, 0, 1, 2, 1, 0, 2, 1, 1, 1, 2, 0, 0, 0, 0, 2, 0, 1, 0, 0, 1, 0, 2]|[4, 3, 2, 2, 4, 1, 2, 2, 2, 4, 1, 1, 2, 4, 4, 1, 2, 4, 2, 1, 1, 1, 1, 2, 1, 2, 1, 1, 1, 1, 3, 1, 3, 1, 4, 0, 1, 1, 0, 3, 2, 2, 2, 0, 1, 1, 1, 4, 0, 1, 2, 2, 1, 4, 0, 3, 1, 1, 1, 2, 1, 3, 1, 1, 1, 3, 0, 4, 4, 1, 4, 1, 1, 0, 4, 1, 1, 2, 1, 1, 1, 3, 1, 1, 1, 3, 4, 1, 2, 1, 1, 1, 1, 2, 1, 2, 1, 3, 2, 1]|[0, 2, 1, 1, 3, 0, 1, 0, 0, 0, 0, 0, 1, 0, 1, 0, 0, 3, 1, 0, 0, 0, 3, 1, 0, 2, 0, 0, 0, 0, 0, 0, 0, 0, 3, 0, 1, 0, 0, 2, 1, 1, 1, 0, 0, 0, 0, 2, 1, 0, 0, 0, 1, 3, 0, 0, 0, 0, 0, 1, 0, 2, 0, 1, 0, 2, 1, 0, 2, 1, 1, 3, 1, 1, 3, 0, 0, 1, 0, 2, 0, 0, 0, 0, 1, 2, 0, 0, 1, 0, 0, 0, 0, 0, 1, 0, 1, 0, 0, 0],777.436160111927,55378.96358309585,98756.68483674081,false
41,G2_TEC,G3_TWC,[31, 22, 82, 15, 26, 58, 95, 42, 77, 12, 47, 5, 93, 78, 98, 54, 85, 63, 18, 44, 81, 35, 43, 97, 91, 76, 10, 30, 21, 45, 71, 64, 1, 23, 17, 83, 24, 14, 60, 36, 6, 57, 94, 88, 65, 56, 79, 40, 67, 68, 46, 75, 38, 9, 19, 32, 20, 41, 27, 62, 87, 90, 99, 59, 11, 16, 72, 73, 70, 39, 37, 84, 3, 92, 25, 55, 28, 29, 51, 7, 33, 61, 86, 48, 89, 50, 66, 96, 53, 80, 8, 4, 34, 49, 52, 2, 13, 0, 69, 74]|[1, 1, 0, 1, 1, 1, 2, 1, 2, 1, 2, 2, 2, 1, 1, 0, 0, 1, 0, 2, 2, 0, 1, 2, 0, 1, 2, 2, 0, 0, 1, 2, 1, 2, 1, 0, 2, 0, 1, 1, 0, 1, 1, 1, 0, 2, 1, 1, 0, 0, 0, 0, 1, 1, 2, 1, 2, 0, 0, 0, 2, 1, 0, 1, 2, 1, 2, 1, 1, 1, 1, 1, 1, 0, 1, 1, 0, 0, 0, 1, 2, 1, 0, 0, 1, 0, 0, 0, 0, 0, 1, 0, 2, 0, 1, 0, 0, 0, 1, 2]|[4, 3, 2, 2, 0, 0, 2, 2, 2, 4, 1, 1, 2, 4, 4, 1, 1, 4, 2, 1, 1, 1, 1, 2, 1, 2, 1, 1, 1, 1, 3, 2, 3, 0, 4, 0, 1, 1, 0, 3, 2, 2, 4, 0, 1, 1, 0, 2, 0, 1, 2, 2, 1, 4, 0, 3, 1, 1, 1, 2, 1, 3, 1, 1, 1, 3, 0, 4, 3, 1, 4, 1, 1, 2, 4, 4, 2, 1, 1, 3, 1, 3, 1, 1, 1, 1, 1, 1, 2, 1, 3, 2, 1, 1, 1, 2, 2, 2, 3, 1]|[0, 2, 1, 1, 3, 3, 0, 1, 0, 0, 0, 0, 1, 0, 1, 0, 0, 3, 1, 0, 0, 0, 3, 1, 0, 2, 0, 0, 0, 1, 0, 0, 0, 0, 3, 0, 1, 0, 0, 2, 1, 1, 2, 0, 0, 0, 0, 1, 1, 0, 0, 0, 1, 3, 0, 0, 0, 0, 0, 1, 0, 2, 0, 1, 0, 2, 1, 0, 0, 1, 1, 3, 1, 1, 3, 3, 1, 0, 0, 2, 0, 0, 0, 0, 1, 0, 0, 0, 1, 0, 2, 1, 0, 1, 1, 0, 0, 0, 0, 0],812.2965007656608,57717.07487378568,89198.10948100462,true
41,G3_TWC,G1_CMAX,[31, 22, 82, 15, 26, 99, 95, 42, 77, 12, 47, 5, 93, 78, 86, 54, 21, 63, 18, 44, 20, 35, 43, 97, 91, 76, 10, 30, 85, 45, 71, 64, 1, 23, 17, 83, 24, 14, 60, 36, 6, 57, 40, 88, 65, 56, 79, 94, 67, 68, 46, 75, 38, 9, 19, 32, 41, 81, 27, 87, 90, 58, 59, 11, 16, 72, 73, 70, 39, 37, 84, 3, 92, 25, 55, 48, 96, 29, 51, 62, 33, 61, 98, 66, 89, 50, 4, 7, 53, 80, 8, 28, 34, 49, 52, 0, 74, 69, 2, 13]|[1, 1, 0, 1, 1, 0, 1, 1, 2, 1, 2, 2, 2, 1, 1, 0, 0, 1, 0, 2, 2, 0, 1, 2, 0, 1, 2, 2, 0, 0, 1, 2, 1, 2, 1, 0, 2, 0, 1, 1, 0, 1, 1, 1, 0, 2, 1, 1, 0, 0, 0, 0, 1, 1, 2, 1, 2, 2, 0, 2, 1, 0, 1, 2, 1, 2, 1, 1, 1, 1, 1, 1, 0, 1, 2, 0, 2, 0, 0, 0, 2, 1, 2, 2, 1, 0, 1, 2, 0, 0, 1, 0, 2, 0, 1, 0, 2, 1, 0, 0]|[0, 3, 2, 2, 4, 1, 2, 3, 2, 4, 1, 1, 2, 4, 4, 1, 1, 4, 2, 1, 1, 1, 1, 2, 1, 2, 1, 1, 2, 1, 3, 2, 3, 0, 4, 0, 1, 1, 0, 3, 2, 2, 2, 0, 1, 1, 0, 4, 0, 1, 2, 2, 1, 4, 0, 3, 2, 1, 1, 1, 3, 1, 1, 1, 3, 0, 4, 3, 1, 4, 1, 1, 0, 4, 1, 1, 1, 1, 1, 2, 1, 3, 1, 1, 1, 1, 4, 1, 2, 1, 3, 2, 1, 1, 1, 2, 1, 4, 2, 2]|[0, 2, 1, 1, 3, 0, 1, 3, 0, 0, 0, 0, 1, 0, 1, 0, 0, 3, 1, 0, 0, 0, 3, 1, 0, 2, 0, 0, 0, 1, 0, 0, 0, 0, 3, 0, 1, 0, 0, 2, 1, 1, 1, 0, 0, 0, 0, 2, 1, 0, 0, 0, 1, 3, 0, 0, 1, 0, 0, 0, 2, 0, 1, 0, 2, 1, 0, 0, 1, 1, 3, 1, 1, 3, 0, 0, 0, 0, 0, 1, 0, 0, 0, 0, 1, 0, 0, 0, 1, 0, 2, 1, 0, 1, 1, 0, 0, 2, 0, 0],724.9395833867611,57689.77869234914,92566.52405273609,true
41,G1_CMAX,G1_CMAX,[31, 22, 82, 15, 26, 99, 95, 42, 77, 12, 47, 5, 93, 78, 86, 54, 21, 63, 18, 44, 20, 35, 43, 97, 91, 76, 10, 30, 85, 45, 71, 64, 1, 23, 37, 83, 24, 14, 60, 36, 6, 57, 40, 88, 65, 56, 79, 94, 67, 68, 46, 75, 38, 9, 19, 32, 41, 81, 27, 87, 90, 58, 59, 11, 16, 72, 73, 70, 39, 17, 84, 3, 92, 25, 55, 48, 62, 29, 51, 96, 33, 61, 98, 28, 89, 50, 4, 7, 53, 80, 34, 66, 8, 49, 0, 74, 69, 52, 2, 13]|[2, 1, 0, 1, 1, 0, 1, 1, 2, 1, 2, 2, 2, 1, 1, 0, 0, 1, 0, 2, 2, 0, 1, 2, 0, 1, 2, 2, 0, 0, 1, 2, 1, 2, 1, 0, 2, 0, 1, 1, 0, 1, 1, 1, 0, 2, 1, 1, 0, 0, 0, 0, 1, 1, 2, 1, 0, 2, 0, 2, 1, 0, 1, 2, 1, 2, 1, 1, 1, 1, 1, 1, 0, 1, 2, 0, 0, 0, 0, 2, 2, 1, 2, 0, 1, 0, 1, 2, 0, 0, 2, 2, 1, 0, 0, 2, 1, 1, 0, 0]|[1, 3, 2, 2, 4, 1, 2, 3, 2, 4, 1, 1, 2, 4, 4, 1, 1, 4, 2, 1, 1, 1, 1, 2, 1, 2, 1, 1, 2, 1, 3, 2, 3, 1, 4, 0, 1, 1, 0, 3, 2, 2, 2, 0, 1, 1, 0, 4, 0, 1, 2, 2, 1, 4, 0, 3, 1, 1, 1, 1, 3, 1, 1, 1, 3, 0, 4, 3, 1, 4, 1, 1, 0, 4, 1, 1, 2, 1, 1, 1, 1, 3, 1, 2, 1, 1, 4, 1, 2, 1, 1, 1, 3, 1, 2, 1, 4, 1, 2, 2]|[0, 2, 1, 1, 3, 0, 1, 3, 0, 0, 0, 0, 1, 0, 1, 0, 0, 3, 1, 0, 0, 0, 3, 1, 0, 2, 0, 0, 0, 1, 0, 0, 0, 0, 3, 0, 1, 0, 0, 2, 1, 1, 1, 0, 0, 0, 0, 2, 1, 0, 0, 0, 1, 3, 0, 0, 0, 0, 0, 0, 2, 0, 1, 0, 2, 1, 0, 0, 1, 1, 3, 1, 1, 3, 0, 0, 1, 0, 0, 0, 0, 0, 0, 1, 1, 0, 0, 0, 1, 0, 0, 0, 2, 1, 0, 0, 2, 1, 0, 0],740.2718239221269,55953.992678270595,92365.00024815337,false
41,G4_BALANCED,G2_TEC,[31, 22, 82, 15, 26, 9, 95, 42, 77, 68, 47, 5, 93, 78, 86, 54, 85, 52, 18, 44, 20, 49, 36, 14, 74, 50, 53, 17, 21, 28, 11, 64, 3, 23, 30, 83, 24, 41, 40, 63, 65, 27, 90, 70, 39, 87, 48, 69, 99, 4, 75, 1, 13, 58, 97, 59, 45, 8, 73, 37, 35, 79, 71, 66, 76, 32, 60, 80, 56, 6, 67, 61, 33, 7, 57, 34, 12, 16, 10, 94, 96, 88, 43, 46, 91, 38, 84, 0, 29, 89, 51, 55, 72, 25, 19, 81, 98, 2, 92, 62]|[2, 1, 2, 1, 1, 2, 1, 1, 1, 1, 1, 0, 2, 2, 1, 2, 0, 0, 0, 2, 2, 1, 0, 2, 0, 2, 2, 1, 0, 1, 1, 1, 0, 0, 1, 0, 2, 1, 2, 2, 0, 0, 1, 1, 0, 2, 0, 2, 1, 0, 0, 2, 0, 0, 2, 0, 1, 1, 0, 0, 2, 1, 1, 2, 2, 0, 2, 2, 2, 1, 2, 1, 1, 2, 0, 1, 1, 2, 1, 2, 0, 1, 1, 0, 1, 0, 0, 0, 1, 1, 1, 0, 1, 1, 1, 1, 2, 2, 0, 1]|[0, 3, 0, 3, 4, 1, 4, 4, 2, 4, 3, 2, 1, 0, 2, 1, 1, 1, 2, 1, 1, 3, 0, 1, 0, 1, 1, 4, 1, 4, 3, 2, 2, 0, 4, 1, 1, 4, 1, 1, 2, 1, 4, 4, 1, 1, 0, 2, 3, 2, 2, 1, 2, 1, 1, 2, 4, 3, 0, 2, 2, 3, 3, 1, 1, 2, 1, 1, 1, 4, 1, 3, 4, 1, 2, 4, 3, 1, 3, 1, 2, 4, 4, 2, 3, 2, 2, 2, 3, 4, 3, 2, 4, 4, 4, 4, 1, 1, 2, 3]|[0, 2, 0, 0, 3, 0, 1, 3, 0, 0, 2, 0, 1, 0, 1, 0, 0, 0, 1, 0, 0, 2, 0, 0, 1, 0, 0, 3, 0, 1, 0, 2, 0, 0, 3, 0, 1, 1, 0, 0, 0, 0, 1, 3, 0, 0, 1, 0, 2, 0, 0, 0, 0, 0, 1, 0, 1, 0, 1, 1, 0, 2, 0, 0, 0, 0, 0, 0, 0, 2, 0, 0, 1, 0, 0, 1, 0, 0, 3, 0, 0, 1, 2, 0, 0, 0, 0, 0, 3, 1, 0, 0, 1, 3, 1, 2, 0, 0, 0, 0],898.2093483329215,49420.31630690148,107266.89240046384,true
41,G2_TEC,G2_TEC,[31, 22, 82, 15, 26, 9, 95, 42, 77, 68, 47, 5, 93, 78, 86, 54, 85, 63, 18, 44, 20, 49, 36, 14, 74, 50, 53, 17, 21, 28, 11, 64, 3, 23, 30, 83, 24, 41, 40, 52, 65, 27, 90, 70, 39, 87, 48, 69, 99, 4, 46, 1, 13, 58, 97, 59, 45, 8, 73, 37, 35, 79, 71, 66, 76, 32, 60, 80, 56, 6, 67, 61, 33, 7, 57, 34, 12, 16, 10, 98, 96, 88, 2, 75, 91, 43, 84, 92, 29, 19, 51, 55, 81, 89, 25, 72, 94, 38, 0, 62]|[2, 1, 2, 1, 1, 2, 1, 1, 1, 1, 1, 0, 2, 2, 1, 2, 0, 0, 0, 2, 2, 1, 0, 2, 0, 2, 2, 1, 0, 1, 1, 1, 0, 0, 1, 0, 2, 1, 2, 2, 0, 0, 1, 1, 0, 2, 0, 2, 1, 0, 0, 2, 0, 0, 2, 0, 1, 1, 0, 0, 2, 1, 1, 2, 2, 0, 2, 2, 2, 1, 2, 1, 1, 2, 0, 1, 1, 2, 1, 2, 0, 1, 0, 0, 1, 1, 0, 0, 1, 1, 1, 0, 1, 1, 1, 1, 2, 0, 2, 1]|[0, 3, 0, 3, 4, 1, 4, 4, 2, 4, 3, 2, 1, 0, 2, 1, 1, 1, 2, 1, 1, 3, 0, 1, 0, 1, 1, 4, 1, 4, 3, 2, 2, 0, 4, 1, 1, 4, 1, 1, 2, 1, 4, 4, 1, 1, 0, 2, 3, 2, 2, 1, 2, 1, 1, 2, 4, 3, 0, 2, 1, 3, 3, 1, 1, 2, 1, 1, 1, 4, 1, 3, 4, 1, 2, 4, 3, 1, 3, 1, 2, 4, 2, 2, 3, 4, 2, 2, 3, 4, 3, 2, 4, 4, 4, 4, 1, 2, 1, 3]|[0, 2, 0, 0, 3, 0, 1, 3, 0, 0, 2, 0, 1, 0, 1, 0, 0, 0, 1, 0, 0, 2, 0, 0, 1, 0, 0, 3, 0, 1, 0, 2, 0, 0, 3, 0, 1, 1, 0, 0, 0, 0, 1, 3, 0, 0, 1, 0, 2, 0, 0, 0, 0, 0, 1, 0, 1, 0, 1, 1, 0, 2, 0, 0, 0, 0, 0, 0, 0, 2, 0, 0, 1, 0, 0, 1, 0, 0, 3, 0, 0, 1, 0, 0, 0, 2, 0, 0, 3, 1, 0, 0, 2, 1, 3, 1, 0, 0, 0, 0],914.0597544875216,49177.57411962909,107642.75205892837,false
41,G3_TWC,G1_CMAX,[31, 22, 82, 15, 26, 99, 95, 42, 77, 12, 47, 5, 93, 78, 86, 54, 21, 63, 18, 44, 20, 35, 43, 97, 91, 76, 10, 30, 85, 45, 71, 64, 1, 23, 17, 83, 24, 14, 60, 36, 6, 57, 40, 88, 65, 56, 79, 94, 67, 68, 46, 75, 38, 9, 19, 32, 41, 81, 27, 87, 90, 58, 59, 11, 16, 72, 73, 70, 39, 37, 84, 3, 92, 25, 55, 48, 96, 29, 51, 62, 33, 61, 98, 66, 89, 50, 4, 7, 53, 80, 8, 28, 34, 49, 52, 0, 74, 69, 2, 13]|[1, 1, 0, 1, 1, 0, 1, 1, 2, 1, 2, 2, 2, 1, 1, 0, 0, 1, 0, 2, 2, 0, 1, 2, 0, 1, 2, 2, 0, 0, 1, 2, 1, 2, 1, 0, 2, 0, 1, 1, 0, 1, 1, 1, 0, 2, 1, 1, 0, 0, 0, 0, 1, 1, 2, 1, 2, 2, 0, 2, 1, 0, 1, 2, 1, 2, 1, 1, 1, 1, 1, 1, 0, 1, 2, 0, 2, 0, 0, 0, 2, 1, 2, 2, 1, 0, 1, 2, 0, 0, 1, 0, 2, 0, 1, 0, 2, 1, 0, 0]|[0, 3, 2, 2, 4, 1, 2, 3, 2, 4, 1, 1, 2, 4, 4, 1, 1, 4, 2, 1, 1, 1, 1, 2, 1, 2, 1, 1, 2, 1, 3, 2, 3, 0, 4, 0, 1, 1, 0, 3, 2, 2, 2, 0, 1, 1, 0, 4, 0, 1, 2, 2, 1, 4, 0, 3, 2, 1, 1, 1, 3, 1, 1, 1, 3, 0, 4, 3, 1, 4, 1, 1, 0, 4, 1, 1, 1, 1, 1, 2, 1, 3, 1, 1, 1, 1, 4, 1, 2, 1, 3, 2, 1, 1, 1, 2, 1, 4, 2, 2]|[0, 2, 1, 1, 3, 0, 1, 3, 0, 0, 0, 0, 1, 0, 1, 0, 0, 3, 1, 0, 0, 0, 3, 1, 0, 2, 0, 0, 0, 1, 0, 0, 0, 0, 3, 0, 1, 0, 0, 2, 1, 1, 1, 0, 0, 0, 0, 2, 1, 0, 0, 0, 1, 3, 0, 0, 1, 0, 0, 0, 2, 0, 1, 0, 2, 1, 0, 0, 1, 1, 3, 1, 1, 3, 0, 0, 0, 0, 0, 1, 0, 0, 0, 0, 1, 0, 0, 0, 1, 0, 2, 1, 0, 1, 1, 0, 0, 2, 0, 0],724.9395833867611,57689.77869234914,92566.52405273609,true
41,G1_CMAX,G4_BALANCED,[42, 31, 22, 82, 15, 26, 58, 95, 77, 12, 47, 5, 93, 78, 86, 54, 85, 63, 18, 44, 20, 35, 43, 97, 91, 76, 10, 30, 21, 45, 71, 64, 1, 23, 17, 83, 24, 14, 60, 36, 6, 57, 94, 88, 65, 56, 79, 40, 67, 68, 46, 75, 39, 9, 19, 32, 81, 41, 27, 62, 87, 90, 99, 59, 29, 16, 72, 73, 70, 38, 37, 84, 3, 92, 25, 55, 28, 11, 51, 7, 33, 61, 98, 48, 89, 34, 4, 96, 53, 80, 8, 66, 50, 49, 52, 2, 13, 0, 74, 69]|[1, 1, 1, 0, 1, 1, 1, 2, 2, 1, 2, 2, 2, 1, 1, 0, 0, 1, 0, 2, 2, 0, 1, 2, 0, 1, 2, 2, 0, 0, 1, 2, 1, 2, 1, 0, 2, 0, 1, 1, 0, 1, 1, 1, 0, 2, 1, 1, 0, 0, 0, 0, 1, 1, 2, 1, 2, 2, 0, 0, 2, 1, 0, 1, 0, 1, 2, 1, 1, 1, 1, 1, 2, 0, 1, 1, 0, 2, 0, 1, 2, 1, 0, 0, 1, 0, 0, 0, 0, 0, 1, 2, 0, 0, 1, 0, 0, 0, 2, 1]|[2, 4, 3, 2, 2, 0, 0, 2, 2, 4, 1, 1, 2, 4, 4, 1, 1, 4, 2, 1, 1, 1, 1, 2, 1, 2, 1, 1, 1, 1, 3, 2, 3, 1, 4, 0, 1, 1, 0, 3, 2, 2, 4, 0, 1, 1, 0, 2, 0, 1, 2, 2, 1, 4, 0, 3, 2, 1, 1, 2, 1, 3, 1, 1, 1, 3, 0, 4, 3, 1, 4, 1, 1, 2, 4, 4, 2, 1, 1, 3, 1, 3, 1, 1, 1, 1, 2, 1, 2, 1, 3, 1, 1, 1, 1, 2, 2, 2, 1, 3]|[1, 0, 2, 1, 1, 3, 3, 0, 0, 0, 0, 0, 1, 0, 1, 0, 0, 3, 1, 0, 0, 0, 3, 1, 0, 2, 0, 0, 0, 1, 0, 0, 0, 0, 3, 0, 1, 0, 0, 2, 1, 1, 2, 0, 0, 0, 0, 1, 1, 0, 0, 0, 1, 3, 0, 0, 1, 0, 0, 1, 0, 2, 0, 1, 0, 2, 1, 0, 0, 1, 1, 3, 0, 1, 3, 3, 1, 0, 0, 2, 0, 0, 0, 0, 1, 0, 1, 0, 1, 0, 2, 0, 0, 1, 1, 0, 0, 0, 0, 0],789.6473507676642,57518.74606150257,89783.62625243983,true
41,G4_BALANCED,G3_TWC,[31, 22, 82, 15, 26, 58, 95, 42, 77, 12, 47, 5, 93, 78, 98, 54, 85, 63, 18, 44, 20, 35, 43, 97, 91, 76, 10, 30, 21, 45, 71, 64, 1, 23, 17, 83, 24, 14, 60, 36, 6, 57, 94, 88, 65, 56, 79, 40, 67, 68, 46, 75, 38, 9, 19, 32, 81, 41, 27, 62, 87, 90, 99, 59, 11, 16, 73, 72, 70, 39, 37, 84, 3, 92, 25, 52, 28, 29, 51, 7, 33, 61, 86, 48, 89, 50, 4, 96, 53, 80, 66, 8, 34, 49, 55, 0, 13, 2, 69, 74]|[1, 1, 0, 1, 1, 1, 2, 1, 2, 1, 2, 2, 2, 1, 1, 0, 0, 1, 0, 2, 2, 0, 0, 2, 0, 1, 2, 2, 0, 0, 1, 2, 1, 2, 1, 0, 2, 0, 1, 1, 0, 1, 1, 1, 0, 2, 1, 1, 0, 0, 0, 0, 1, 1, 2, 1, 2, 0, 0, 0, 2, 1, 0, 2, 2, 1, 1, 2, 1, 1, 1, 1, 2, 0, 1, 1, 0, 0, 0, 1, 2, 1, 0, 0, 1, 0, 0, 0, 0, 0, 0, 1, 2, 0, 1, 0, 0, 0, 1, 2]|[4, 3, 2, 2, 0, 0, 2, 2, 2, 4, 1, 1, 2, 4, 4, 1, 2, 4, 2, 1, 1, 1, 1, 2, 1, 2, 1, 1, 1, 1, 3, 1, 3, 0, 4, 0, 1, 1, 0, 3, 2, 2, 4, 0, 1, 1, 0, 2, 0, 1, 2, 2, 1, 4, 0, 3, 2, 1, 1, 2, 1, 3, 1, 1, 1, 3, 4, 0, 3, 1, 4, 1, 1, 2, 4, 1, 2, 1, 1, 3, 1, 3, 1, 1, 1, 1, 2, 1, 2, 1, 1, 3, 1, 1, 4, 2, 2, 2, 3, 1]|[0, 2, 1, 1, 3, 3, 0, 1, 0, 0, 0, 0, 1, 0, 1, 0, 0, 3, 1, 0, 0, 0, 0, 1, 0, 2, 0, 0, 0, 1, 0, 0, 0, 0, 3, 0, 1, 0, 0, 2, 1, 1, 2, 0, 0, 0, 0, 1, 1, 0, 0, 0, 1, 3, 0, 0, 1, 0, 0, 1, 0, 2, 0, 0, 0, 2, 0, 1, 0, 1, 1, 3, 0, 1, 3, 1, 1, 0, 0, 2, 0, 0, 0, 0, 1, 0, 1, 0, 1, 0, 0, 2, 0, 1, 3, 0, 0, 0, 0, 0],836.877480839539,57407.924574562356,89637.88987542666,true
41,G2_TEC,G4_BALANCED,[31, 22, 82, 15, 26, 58, 95, 42, 77, 12, 47, 5, 93, 78, 86, 54, 85, 63, 18, 72, 20, 35, 43, 97, 91, 76, 10, 30, 21, 45, 71, 64, 1, 23, 17, 83, 24, 14, 60, 36, 6, 57, 40, 88, 65, 56, 79, 94, 67, 41, 68, 75, 38, 9, 19, 32, 81, 55, 27, 62, 87, 90, 99, 59, 11, 16, 44, 73, 70, 39, 37, 84, 3, 92, 25, 46, 28, 29, 51, 7, 66, 61, 98, 48, 89, 50, 4, 96, 53, 80, 8, 33, 34, 2, 52, 13, 0, 69, 74, 49]|[1, 1, 0, 1, 1, 0, 1, 1, 2, 1, 2, 2, 2, 1, 1, 0, 0, 1, 0, 2, 2, 0, 1, 2, 0, 1, 2, 2, 0, 0, 1, 2, 1, 2, 1, 0, 2, 0, 1, 1, 0, 1, 1, 1, 0, 2, 1, 1, 0, 0, 0, 0, 1, 1, 2, 1, 2, 0, 0, 2, 2, 1, 1, 2, 2, 1, 2, 1, 1, 1, 1, 1, 1, 0, 1, 0, 0, 0, 0, 1, 2, 1, 2, 0, 1, 0, 1, 2, 0, 0, 1, 2, 2, 0, 1, 0, 0, 1, 2, 0]|[4, 3, 2, 2, 4, 1, 2, 3, 2, 4, 1, 1, 2, 4, 4, 1, 2, 4, 2, 1, 1, 1, 1, 2, 1, 2, 1, 1, 2, 1, 3, 2, 3, 1, 4, 0, 1, 1, 0, 3, 2, 2, 2, 0, 1, 1, 0, 4, 0, 1, 2, 2, 1, 4, 0, 3, 2, 1, 1, 1, 1, 3, 1, 1, 1, 3, 1, 4, 3, 1, 4, 1, 1, 0, 4, 2, 2, 1, 1, 1, 1, 3, 1, 1, 1, 1, 4, 1, 2, 1, 3, 1, 1, 2, 1, 2, 2, 4, 1, 1]|[0, 2, 1, 1, 3, 0, 1, 3, 0, 0, 0, 0, 1, 0, 1, 0, 0, 3, 1, 0, 0, 0, 3, 1, 0, 2, 0, 0, 0, 1, 0, 0, 0, 0, 3, 0, 1, 0, 0, 2, 1, 1, 1, 0, 0, 0, 0, 2, 1, 0, 0, 0, 1, 3, 0, 0, 1, 0, 0, 0, 0, 2, 1, 0, 0, 2, 0, 0, 0, 1, 1, 3, 1, 1, 3, 0, 1, 0, 0, 2, 0, 0, 0, 0, 1, 0, 0, 0, 1, 0, 2, 0, 0, 0, 1, 0, 0, 2, 0, 1],747.1438989226004,55733.55354576636,94625.20584372425,true
41,G3_TWC,G4_BALANCED,[31, 22, 82, 15, 26, 58, 95, 42, 77, 12, 47, 5, 93, 78, 98, 54, 85, 63, 18, 44, 20, 35, 43, 97, 91, 76, 10, 30, 21, 45, 71, 64, 1, 23, 17, 83, 24, 14, 60, 36, 6, 57, 94, 88, 65, 56, 79, 40, 67, 68, 46, 75, 38, 9, 19, 32, 81, 41, 27, 62, 87, 90, 99, 59, 11, 16, 72, 73, 70, 39, 37, 84, 3, 92, 25, 55, 28, 29, 51, 7, 33, 61, 86, 48, 89, 34, 69, 96, 53, 80, 4, 8, 50, 49, 52, 0, 13, 2, 66, 74]|[1, 1, 0, 1, 1, 1, 2, 1, 2, 1, 2, 2, 2, 1, 1, 0, 0, 1, 0, 2, 2, 0, 1, 2, 0, 1, 2, 2, 0, 0, 1, 2, 1, 2, 1, 0, 2, 0, 1, 1, 0, 1, 1, 1, 0, 2, 1, 1, 0, 0, 0, 0, 1, 1, 2, 1, 2, 0, 0, 0, 2, 1, 0, 1, 2, 1, 2, 1, 1, 1, 1, 1, 2, 0, 1, 1, 0, 0, 0, 1, 2, 1, 0, 0, 1, 2, 1, 0, 0, 0, 0, 1, 0, 0, 1, 0, 0, 0, 2, 2]|[4, 3, 2, 2, 0, 0, 2, 2, 2, 4, 1, 1, 2, 4, 4, 1, 1, 4, 2, 1, 1, 1, 1, 2, 1, 2, 1, 1, 1, 1, 3, 2, 3, 0, 4, 0, 1, 1, 0, 3, 2, 2, 4, 0, 1, 1, 0, 2, 0, 1, 2, 2, 1, 4, 0, 3, 2, 1, 1, 2, 1, 3, 1, 1, 1, 3, 0, 4, 3, 1, 4, 1, 1, 2, 4, 4, 2, 1, 1, 3, 1, 3, 1, 1, 1, 1, 3, 1, 2, 1, 2, 3, 1, 1, 1, 2, 2, 2, 1, 1]|[0, 2, 1, 1, 3, 3, 0, 1, 0, 0, 0, 0, 1, 0, 1, 0, 0, 3, 1, 0, 0, 0, 3, 1, 0, 2, 0, 0, 0, 1, 0, 0, 0, 0, 3, 0, 1, 0, 0, 2, 1, 1, 2, 0, 0, 0, 0, 1, 1, 0, 0, 0, 1, 3, 0, 0, 1, 0, 0, 1, 0, 2, 0, 1, 0, 2, 1, 0, 0, 1, 1, 3, 0, 1, 3, 3, 1, 0, 0, 2, 0, 0, 0, 0, 1, 0, 0, 0, 1, 0, 1, 2, 0, 1, 1, 0, 0, 0, 0, 0],790.1921483697682,57957.04840138768,88951.83199580385,true
41,G1_CMAX,G1_CMAX,[31, 22, 82, 90, 26, 58, 95, 42, 77, 12, 93, 5, 78, 86, 98, 18, 44, 20, 35, 3, 97, 91, 76, 10, 85, 30, 47, 54, 45, 63, 71, 66, 1, 23, 17, 83, 24, 14, 60, 36, 6, 57, 40, 88, 65, 56, 79, 94, 67, 68, 46, 75, 38, 9, 19, 32, 81, 27, 62, 87, 15, 99, 59, 11, 16, 72, 73, 70, 39, 37, 84, 43, 80, 53, 96, 4, 50, 41, 89, 48, 21, 61, 33, 7, 51, 29, 28, 55, 25, 92, 8, 69, 0, 74, 52, 2, 13, 34, 49, 64]|[1, 1, 0, 1, 1, 0, 2, 1, 2, 1, 2, 2, 2, 1, 0, 1, 0, 2, 2, 1, 2, 2, 1, 2, 2, 2, 2, 0, 0, 0, 1, 2, 1, 2, 1, 0, 2, 0, 1, 1, 0, 1, 1, 1, 0, 2, 1, 1, 0, 0, 0, 1, 1, 1, 2, 1, 2, 0, 0, 2, 1, 0, 1, 2, 1, 2, 1, 1, 1, 1, 1, 1, 0, 0, 2, 1, 0, 0, 1, 0, 0, 1, 2, 1, 0, 0, 0, 1, 1, 0, 0, 1, 0, 2, 1, 0, 0, 2, 0, 2]|[3, 0, 2, 3, 0, 1, 1, 2, 2, 4, 1, 1, 0, 4, 1, 4, 2, 1, 1, 1, 2, 2, 2, 1, 1, 1, 2, 1, 1, 2, 3, 2, 3, 1, 4, 0, 1, 1, 0, 3, 2, 2, 4, 0, 1, 1, 0, 4, 0, 1, 2, 3, 1, 4, 0, 3, 2, 1, 2, 1, 2, 1, 1, 1, 3, 0, 4, 3, 1, 4, 1, 1, 1, 2, 1, 4, 1, 1, 1, 1, 1, 3, 1, 1, 1, 1, 2, 4, 4, 2, 2, 3, 2, 1, 1, 2, 2, 1, 1, 1]|[2, 0, 1, 2, 3, 0, 0, 1, 1, 0, 0, 0, 0, 1, 0, 3, 1, 0, 0, 1, 1, 1, 2, 0, 0, 0, 1, 0, 1, 0, 0, 0, 0, 0, 3, 0, 1, 0, 0, 2, 1, 1, 2, 0, 0, 0, 0, 2, 1, 0, 0, 0, 1, 3, 0, 0, 1, 0, 1, 0, 1, 0, 1, 0, 2, 1, 0, 0, 1, 1, 3, 3, 0, 1, 0, 0, 0, 0, 1, 0, 0, 0, 0, 2, 0, 0, 1, 3, 3, 1, 1, 2, 0, 0, 1, 0, 0, 0, 1, 0],706.0425648885516,58640.99257008452,96849.50297129861,false
41,G4_BALANCED,G4_BALANCED,[31, 22, 82, 15, 26, 58, 95, 42, 77, 12, 47, 5, 30, 78, 86, 54, 85, 63, 18, 44, 20, 35, 43, 97, 91, 76, 10, 93, 21, 45, 71, 64, 1, 23, 17, 83, 24, 14, 60, 36, 6, 57, 40, 88, 65, 56, 79, 94, 67, 68, 46, 75, 38, 9, 19, 32, 81, 41, 27, 62, 90, 99, 59, 87, 11, 66, 73, 70, 39, 37, 84, 3, 72, 92, 25, 55, 28, 29, 51, 7, 16, 61, 98, 48, 89, 50, 4, 96, 53, 80, 8, 33, 34, 49, 52, 0, 13, 2, 69, 74]|[1, 1, 0, 1, 1, 0, 1, 2, 2, 1, 2, 2, 2, 1, 1, 0, 0, 1, 0, 2, 2, 0, 0, 2, 0, 1, 2, 2, 0, 0, 1, 2, 1, 2, 1, 0, 2, 0, 1, 1, 0, 1, 1, 1, 0, 2, 1, 1, 0, 0, 0, 0, 1, 1, 2, 1, 2, 0, 0, 2, 1, 0, 1, 2, 2, 2, 1, 1, 1, 1, 1, 1, 2, 0, 1, 1, 0, 0, 0, 1, 2, 1, 2, 0, 1, 0, 1, 2, 0, 0, 0, 2, 2, 0, 1, 0, 0, 0, 1, 2]|[4, 3, 2, 2, 4, 1, 2, 2, 2, 4, 1, 1, 2, 4, 4, 1, 2, 4, 2, 1, 1, 1, 1, 2, 1, 2, 1, 1, 2, 1, 3, 2, 3, 1, 4, 0, 1, 1, 0, 3, 2, 2, 2, 0, 1, 1, 0, 4, 0, 1, 2, 2, 1, 4, 0, 3, 2, 1, 1, 1, 3, 1, 1, 1, 1, 1, 4, 3, 1, 4, 1, 1, 1, 0, 4, 4, 2, 2, 1, 1, 1, 3, 1, 1, 1, 1, 4, 1, 2, 1, 1, 1, 1, 1, 1, 2, 2, 2, 4, 1]|[0, 2, 1, 1, 3, 0, 1, 0, 0, 0, 0, 0, 1, 0, 1, 0, 0, 3, 1, 0, 0, 0, 0, 1, 0, 2, 0, 0, 0, 1, 0, 0, 0, 0, 3, 0, 1, 0, 0, 2, 1, 1, 1, 0, 0, 0, 0, 2, 1, 0, 0, 0, 1, 3, 0, 0, 1, 0, 0, 0, 2, 0, 1, 0, 0, 0, 0, 0, 1, 1, 3, 1, 0, 1, 3, 3, 1, 0, 0, 2, 0, 0, 0, 0, 1, 0, 0, 0, 1, 0, 0, 0, 0, 1, 1, 0, 0, 0, 2, 0],780.1204793587376,55381.14930119356,97957.80477469892,false
41,G2_TEC,G4_BALANCED,[31, 22, 82, 15, 26, 58, 95, 42, 77, 12, 47, 5, 93, 78, 86, 54, 85, 63, 18, 72, 20, 35, 43, 97, 91, 76, 10, 30, 21, 45, 71, 64, 1, 23, 17, 83, 24, 14, 60, 36, 6, 57, 40, 88, 65, 56, 79, 94, 67, 41, 68, 75, 38, 9, 19, 32, 81, 55, 27, 62, 87, 90, 99, 59, 11, 16, 44, 73, 70, 39, 37, 84, 3, 92, 25, 46, 28, 29, 51, 7, 66, 61, 98, 48, 89, 50, 4, 96, 53, 80, 8, 33, 34, 2, 52, 13, 0, 69, 74, 49]|[1, 1, 0, 1, 1, 0, 1, 1, 2, 1, 2, 2, 2, 1, 1, 0, 0, 1, 0, 2, 2, 0, 1, 2, 0, 1, 2, 2, 0, 0, 1, 2, 1, 2, 1, 0, 2, 0, 1, 1, 0, 1, 1, 1, 0, 2, 1, 1, 0, 0, 0, 0, 1, 1, 2, 1, 2, 0, 0, 2, 2, 1, 1, 2, 2, 1, 2, 1, 1, 1, 1, 1, 1, 0, 1, 0, 0, 0, 0, 1, 2, 1, 2, 0, 1, 0, 1, 2, 0, 0, 1, 2, 2, 0, 1, 0, 0, 1, 2, 0]|[4, 3, 2, 2, 4, 1, 2, 3, 2, 4, 1, 1, 2, 4, 4, 1, 2, 4, 2, 1, 1, 1, 1, 2, 1, 2, 1, 1, 2, 1, 3, 2, 3, 1, 4, 0, 1, 1, 0, 3, 2, 2, 2, 0, 1, 1, 0, 4, 0, 1, 2, 2, 1, 4, 0, 3, 2, 1, 1, 1, 1, 3, 1, 1, 1, 3, 1, 4, 3, 1, 4, 1, 1, 0, 4, 2, 2, 1, 1, 1, 1, 3, 1, 1, 1, 1, 4, 1, 2, 1, 3, 1, 1, 2, 1, 2, 2, 4, 1, 1]|[0, 2, 1, 1, 3, 0, 1, 3, 0, 0, 0, 0, 1, 0, 1, 0, 0, 3, 1, 0, 0, 0, 3, 1, 0, 2, 0, 0, 0, 1, 0, 0, 0, 0, 3, 0, 1, 0, 0, 2, 1, 1, 1, 0, 0, 0, 0, 2, 1, 0, 0, 0, 1, 3, 0, 0, 1, 0, 0, 0, 0, 2, 1, 0, 0, 2, 0, 0, 0, 1, 1, 3, 1, 1, 3, 0, 1, 0, 0, 2, 0, 0, 0, 0, 1, 0, 0, 0, 1, 0, 2, 0, 0, 0, 1, 0, 0, 2, 0, 1],747.1438989226004,55733.55354576636,94625.20584372425,true
41,G3_TWC,G4_BALANCED,[31, 22, 82, 15, 26, 58, 95, 42, 77, 12, 47, 5, 93, 78, 98, 54, 85, 63, 18, 44, 20, 35, 43, 97, 91, 76, 10, 30, 21, 45, 71, 64, 1, 23, 17, 83, 24, 14, 60, 36, 6, 57, 94, 88, 65, 56, 79, 40, 67, 68, 46, 75, 38, 9, 19, 32, 81, 41, 27, 62, 87, 90, 99, 59, 11, 16, 72, 73, 70, 39, 37, 84, 3, 92, 25, 55, 28, 29, 51, 7, 33, 61, 86, 48, 89, 34, 69, 96, 53, 80, 4, 8, 50, 49, 52, 0, 13, 2, 66, 74]|[1, 1, 0, 1, 1, 1, 2, 1, 2, 1, 2, 2, 2, 1, 1, 0, 0, 1, 0, 2, 2, 0, 1, 2, 0, 1, 2, 2, 0, 0, 1, 2, 1, 2, 1, 0, 2, 0, 1, 1, 0, 1, 1, 1, 0, 2, 1, 1, 0, 0, 0, 0, 1, 1, 2, 1, 2, 0, 0, 0, 2, 1, 0, 1, 2, 1, 2, 1, 1, 1, 1, 1, 2, 0, 1, 1, 0, 0, 0, 1, 2, 1, 0, 0, 1, 2, 1, 0, 0, 0, 0, 1, 0, 0, 1, 0, 0, 0, 2, 2]|[4, 3, 2, 2, 0, 0, 2, 2, 2, 4, 1, 1, 2, 4, 4, 1, 1, 4, 2, 1, 1, 1, 1, 2, 1, 2, 1, 1, 1, 1, 3, 2, 3, 0, 4, 0, 1, 1, 0, 3, 2, 2, 4, 0, 1, 1, 0, 2, 0, 1, 2, 2, 1, 4, 0, 3, 2, 1, 1, 2, 1, 3, 1, 1, 1, 3, 0, 4, 3, 1, 4, 1, 1, 2, 4, 4, 2, 1, 1, 3, 1, 3, 1, 1, 1, 1, 3, 1, 2, 1, 2, 3, 1, 1, 1, 2, 2, 2, 1, 1]|[0, 2, 1, 1, 3, 3, 0, 1, 0, 0, 0, 0, 1, 0, 1, 0, 0, 3, 1, 0, 0, 0, 3, 1, 0, 2, 0, 0, 0, 1, 0, 0, 0, 0, 3, 0, 1, 0, 0, 2, 1, 1, 2, 0, 0, 0, 0, 1, 1, 0, 0, 0, 1, 3, 0, 0, 1, 0, 0, 1, 0, 2, 0, 1, 0, 2, 1, 0, 0, 1, 1, 3, 0, 1, 3, 3, 1, 0, 0, 2, 0, 0, 0, 0, 1, 0, 0, 0, 1, 0, 1, 2, 0, 1, 1, 0, 0, 0, 0, 0],790.1921483697682,57957.04840138768,88951.83199580385,true
41,G1_CMAX,G1_CMAX,[31, 22, 82, 15, 26, 99, 95, 42, 77, 12, 47, 5, 93, 78, 86, 54, 21, 63, 18, 44, 20, 35, 43, 97, 91, 76, 10, 30, 85, 45, 71, 64, 1, 23, 17, 83, 24, 14, 60, 36, 6, 57, 40, 88, 65, 56, 79, 94, 67, 68, 46, 75, 38, 9, 19, 32, 41, 81, 27, 87, 90, 58, 59, 11, 16, 72, 73, 70, 39, 37, 84, 3, 92, 25, 55, 48, 62, 29, 51, 7, 33, 61, 66, 28, 89, 50, 4, 96, 53, 80, 8, 98, 34, 49, 52, 0, 74, 69, 2, 13]|[1, 1, 0, 1, 1, 0, 1, 1, 2, 1, 2, 2, 2, 1, 1, 0, 0, 1, 0, 2, 2, 0, 1, 2, 0, 1, 2, 2, 0, 0, 1, 2, 1, 2, 1, 0, 2, 0, 1, 1, 0, 1, 1, 1, 0, 2, 2, 1, 0, 0, 0, 0, 1, 1, 2, 1, 0, 2, 0, 2, 1, 0, 1, 2, 1, 2, 1, 1, 1, 1, 1, 1, 0, 1, 2, 0, 0, 0, 0, 2, 2, 1, 2, 0, 1, 0, 1, 2, 0, 0, 1, 2, 2, 0, 1, 0, 2, 1, 0, 0]|[0, 3, 2, 2, 4, 1, 2, 3, 2, 4, 1, 1, 2, 4, 4, 1, 1, 4, 2, 1, 1, 1, 1, 2, 1, 2, 1, 1, 2, 1, 3, 2, 3, 1, 4, 0, 1, 1, 0, 3, 2, 2, 2, 0, 1, 1, 1, 4, 0, 1, 2, 2, 1, 4, 0, 3, 1, 1, 1, 1, 3, 1, 1, 1, 3, 0, 4, 3, 1, 4, 1, 1, 0, 4, 1, 1, 2, 1, 1, 1, 1, 3, 1, 2, 1, 1, 4, 1, 2, 1, 3, 1, 1, 1, 1, 2, 1, 4, 2, 2]|[0, 2, 1, 1, 3, 0, 1, 3, 0, 0, 0, 0, 1, 0, 1, 0, 0, 3, 1, 0, 0, 0, 3, 1, 0, 2, 0, 0, 0, 1, 0, 0, 0, 0, 3, 0, 1, 0, 0, 2, 1, 1, 1, 0, 0, 0, 0, 2, 1, 0, 0, 0, 1, 3, 0, 0, 0, 0, 0, 0, 2, 0, 1, 0, 2, 1, 0, 0, 1, 1, 3, 1, 1, 3, 0, 0, 1, 0, 0, 0, 0, 0, 0, 1, 1, 0, 0, 0, 1, 0, 2, 0, 0, 1, 1, 0, 0, 2, 0, 0],734.7379753826443,56212.42260301796,92506.7406905272,false
41,G4_BALANCED,G4_BALANCED,[31, 22, 74, 15, 26, 9, 95, 42, 77, 68, 47, 5, 93, 78, 86, 54, 85, 63, 18, 44, 20, 49, 36, 14, 82, 50, 53, 17, 21, 28, 11, 64, 3, 23, 30, 83, 24, 41, 40, 52, 65, 27, 90, 70, 39, 87, 48, 69, 99, 4, 75, 1, 13, 58, 97, 59, 45, 8, 73, 37, 35, 79, 71, 66, 76, 32, 60, 80, 56, 6, 67, 61, 33, 7, 57, 34, 12, 16, 55, 98, 96, 88, 43, 46, 91, 38, 84, 92, 29, 19, 51, 10, 72, 89, 25, 81, 94, 2, 62, 0]|[2, 1, 0, 1, 1, 2, 1, 1, 1, 1, 1, 0, 2, 2, 1, 2, 0, 0, 0, 2, 2, 1, 0, 2, 0, 2, 2, 1, 0, 1, 1, 1, 0, 0, 1, 0, 2, 1, 2, 2, 0, 0, 1, 1, 0, 2, 0, 2, 1, 0, 0, 2, 0, 0, 2, 0, 1, 1, 0, 0, 2, 1, 1, 2, 2, 0, 2, 2, 2, 1, 2, 1, 1, 2, 0, 1, 1, 2, 0, 2, 0, 1, 1, 0, 1, 0, 0, 0, 1, 1, 1, 0, 1, 1, 1, 1, 2, 2, 1, 0]|[0, 3, 0, 3, 4, 1, 4, 4, 2, 4, 3, 2, 1, 0, 2, 1, 1, 1, 2, 1, 1, 3, 0, 1, 0, 1, 1, 4, 1, 4, 3, 2, 2, 0, 4, 1, 1, 4, 1, 1, 2, 1, 4, 4, 1, 1, 0, 2, 3, 2, 2, 1, 2, 1, 1, 2, 4, 3, 0, 2, 2, 3, 3, 1, 1, 2, 1, 1, 1, 4, 1, 3, 4, 1, 2, 4, 3, 1, 2, 1, 2, 4, 4, 2, 3, 2, 2, 2, 3, 4, 3, 2, 4, 4, 4, 4, 1, 1, 3, 2]|[0, 2, 1, 0, 3, 0, 1, 3, 0, 0, 2, 0, 1, 0, 1, 0, 0, 0, 1, 0, 0, 2, 0, 0, 1, 0, 0, 3, 0, 1, 0, 2, 0, 0, 3, 0, 1, 1, 0, 0, 0, 0, 1, 3, 0, 0, 1, 0, 2, 0, 0, 0, 0, 1, 1, 0, 1, 0, 1, 1, 0, 2, 0, 0, 0, 0, 0, 0, 0, 2, 0, 0, 1, 0, 0, 1, 0, 0, 0, 0, 0, 1, 2, 0, 0, 0, 0, 0, 3, 1, 0, 0, 1, 1, 3, 2, 0, 0, 0, 0],888.6995017737006,49869.04200949402,104486.27672803425,false
41,G2_TEC,G2_TEC,[31, 22, 82, 15, 26, 9, 95, 42, 77, 68, 47, 5, 93, 78, 86, 54, 85, 63, 18, 44, 20, 49, 36, 14, 74, 50, 53, 17, 21, 28, 11, 64, 3, 23, 30, 83, 24, 41, 40, 52, 65, 27, 90, 70, 39, 87, 48, 69, 99, 4, 46, 1, 13, 58, 97, 59, 45, 8, 73, 37, 35, 79, 71, 66, 76, 32, 60, 80, 56, 6, 67, 61, 33, 7, 57, 34, 12, 16, 10, 98, 96, 88, 2, 75, 91, 43, 84, 92, 29, 19, 51, 55, 81, 89, 25, 72, 94, 38, 0, 62]|[2, 1, 2, 1, 1, 2, 1, 1, 1, 1, 1, 0, 2, 2, 1, 2, 0, 0, 0, 2, 2, 1, 0, 2, 0, 2, 2, 1, 0, 1, 1, 1, 0, 0, 1, 0, 2, 1, 2, 2, 0, 0, 1, 1, 0, 2, 0, 2, 1, 0, 0, 2, 0, 0, 2, 0, 1, 1, 0, 0, 2, 1, 1, 2, 2, 0, 2, 2, 2, 1, 2, 1, 1, 2, 0, 1, 1, 2, 1, 2, 0, 1, 0, 0, 1, 1, 0, 0, 1, 1, 1, 0, 1, 1, 1, 1, 2, 0, 2, 1]|[0, 3, 0, 3, 4, 1, 4, 4, 2, 4, 3, 2, 1, 0, 2, 1, 1, 1, 2, 1, 1, 3, 0, 1, 0, 1, 1, 4, 1, 4, 3, 2, 2, 0, 4, 1, 1, 4, 1, 1, 2, 1, 4, 4, 1, 1, 0, 2, 3, 2, 2, 1, 2, 1, 1, 2, 4, 3, 0, 2, 1, 3, 3, 1, 1, 2, 1, 1, 1, 4, 1, 3, 4, 1, 2, 4, 3, 1, 3, 1, 2, 4, 2, 2, 3, 4, 2, 2, 3, 4, 3, 2, 4, 4, 4, 4, 1, 2, 1, 3]|[0, 2, 0, 0, 3, 0, 1, 3, 0, 0, 2, 0, 1, 0, 1, 0, 0, 0, 1, 0, 0, 2, 0, 0, 1, 0, 0, 3, 0, 1, 0, 2, 0, 0, 3, 0, 1, 1, 0, 0, 0, 0, 1, 3, 0, 0, 1, 0, 2, 0, 0, 0, 0, 0, 1, 0, 1, 0, 1, 1, 0, 2, 0, 0, 0, 0, 0, 0, 0, 2, 0, 0, 1, 0, 0, 1, 0, 0, 3, 0, 0, 1, 0, 0, 0, 2, 0, 0, 3, 1, 0, 0, 2, 1, 3, 1, 0, 0, 0, 0],914.0597544875216,49177.57411962909,107642.75205892837,false
41,G3_TWC,G4_BALANCED,[31, 22, 82, 15, 26, 58, 95, 42, 77, 12, 47, 5, 93, 78, 98, 54, 85, 63, 18, 44, 20, 35, 43, 97, 91, 76, 10, 30, 21, 45, 71, 64, 1, 23, 17, 83, 24, 14, 60, 36, 6, 57, 94, 88, 65, 56, 79, 40, 67, 68, 46, 75, 38, 9, 19, 32, 81, 41, 27, 62, 87, 90, 99, 59, 11, 16, 72, 73, 70, 39, 37, 84, 3, 92, 25, 55, 28, 29, 51, 7, 33, 61, 86, 48, 89, 34, 69, 96, 53, 80, 4, 8, 50, 49, 52, 0, 13, 2, 66, 74]|[1, 1, 0, 1, 1, 1, 2, 1, 2, 1, 2, 2, 2, 1, 1, 0, 0, 1, 0, 2, 2, 0, 1, 2, 0, 1, 2, 2, 0, 0, 1, 2, 1, 2, 1, 0, 2, 0, 1, 1, 0, 1, 1, 1, 0, 2, 1, 1, 0, 0, 0, 0, 1, 1, 2, 1, 2, 0, 0, 0, 2, 1, 0, 1, 2, 1, 2, 1, 1, 1, 1, 1, 2, 0, 1, 1, 0, 0, 0, 1, 2, 1, 0, 0, 1, 2, 1, 0, 0, 0, 0, 1, 0, 0, 1, 0, 0, 0, 2, 2]|[4, 3, 2, 2, 0, 0, 2, 2, 2, 4, 1, 1, 2, 4, 4, 1, 1, 4, 2, 1, 1, 1, 1, 2, 1, 2, 1, 1, 1, 1, 3, 2, 3, 0, 4, 0, 1, 1, 0, 3, 2, 2, 4, 0, 1, 1, 0, 2, 0, 1, 2, 2, 1, 4, 0, 3, 2, 1, 1, 2, 1, 3, 1, 1, 1, 3, 0, 4, 3, 1, 4, 1, 1, 2, 4, 4, 2, 1, 1, 3, 1, 3, 1, 1, 1, 1, 3, 1, 2, 1, 2, 3, 1, 1, 1, 2, 2, 2, 1, 1]|[0, 2, 1, 1, 3, 3, 0, 1, 0, 0, 0, 0, 1, 0, 1, 0, 0, 3, 1, 0, 0, 0, 3, 1, 0, 2, 0, 0, 0, 1, 0, 0, 0, 0, 3, 0, 1, 0, 0, 2, 1, 1, 2, 0, 0, 0, 0, 1, 1, 0, 0, 0, 1, 3, 0, 0, 1, 0, 0, 1, 0, 2, 0, 1, 0, 2, 1, 0, 0, 1, 1, 3, 0, 1, 3, 3, 1, 0, 0, 2, 0, 0, 0, 0, 1, 0, 0, 0, 1, 0, 1, 2, 0, 1, 1, 0, 0, 0, 0, 0],790.1921483697682,57957.04840138768,88951.83199580385,true
41,G1_CMAX,G3_TWC,[31, 22, 82, 15, 26, 58, 95, 51, 77, 12, 47, 5, 93, 78, 98, 54, 85, 63, 18, 44, 20, 35, 43, 97, 91, 76, 10, 30, 21, 45, 71, 64, 1, 23, 17, 83, 24, 14, 60, 36, 6, 57, 94, 88, 65, 56, 79, 40, 67, 68, 46, 75, 39, 9, 19, 32, 81, 96, 27, 62, 87, 90, 99, 59, 53, 16, 72, 73, 70, 38, 37, 84, 3, 92, 25, 55, 28, 29, 42, 7, 33, 61, 86, 66, 89, 50, 48, 41, 11, 80, 4, 8, 34, 49, 52, 0, 13, 2, 69, 74]|[1, 1, 0, 1, 1, 1, 2, 1, 2, 1, 2, 2, 2, 1, 1, 0, 0, 1, 0, 2, 2, 0, 1, 2, 0, 1, 2, 2, 0, 0, 1, 2, 1, 2, 1, 0, 2, 0, 1, 1, 0, 1, 1, 1, 0, 2, 1, 1, 0, 0, 0, 0, 1, 1, 2, 1, 2, 0, 0, 0, 2, 1, 0, 1, 0, 1, 2, 1, 1, 1, 1, 1, 2, 0, 1, 1, 0, 0, 0, 1, 2, 1, 0, 2, 1, 0, 0, 2, 2, 0, 0, 1, 2, 0, 1, 0, 0, 0, 1, 2]|[4, 3, 2, 2, 0, 0, 2, 2, 2, 4, 1, 1, 2, 4, 4, 1, 1, 4, 2, 1, 1, 1, 1, 2, 1, 2, 1, 1, 1, 1, 3, 2, 3, 0, 4, 0, 1, 1, 0, 3, 2, 2, 4, 0, 1, 1, 0, 2, 0, 1, 2, 2, 1, 4, 0, 3, 2, 1, 1, 2, 1, 3, 1, 1, 2, 3, 0, 4, 3, 1, 4, 1, 1, 2, 4, 4, 2, 1, 1, 3, 1, 3, 1, 1, 1, 1, 1, 1, 1, 1, 2, 3, 1, 1, 1, 2, 2, 2, 3, 1]|[0, 2, 1, 1, 3, 3, 0, 1, 0, 0, 0, 0, 1, 0, 1, 0, 0, 3, 1, 0, 0, 0, 3, 1, 0, 2, 0, 0, 0, 1, 0, 0, 0, 0, 3, 0, 1, 0, 0, 2, 1, 1, 2, 0, 0, 0, 0, 1, 1, 0, 0, 0, 1, 3, 0, 0, 1, 0, 0, 1, 0, 2, 0, 1, 1, 2, 1, 0, 0, 1, 1, 3, 0, 1, 3, 3, 1, 0, 0, 2, 0, 0, 0, 0, 1, 0, 0, 0, 0, 0, 1, 2, 0, 1, 1, 0, 0, 0, 0, 0],773.0264159463031,57988.48696041079,89557.52070868707,true
41,G4_BALANCED,G3_TWC,[31, 22, 82, 15, 26, 58, 95, 42, 77, 12, 47, 5, 93, 78, 98, 54, 85, 63, 18, 44, 20, 35, 43, 97, 91, 76, 10, 30, 21, 45, 71, 64, 1, 23, 17, 83, 24, 14, 60, 36, 6, 57, 94, 88, 65, 56, 79, 40, 67, 68, 46, 75, 38, 9, 19, 32, 81, 41, 27, 62, 87, 90, 99, 59, 11, 16, 72, 73, 70, 39, 37, 84, 3, 92, 25, 52, 28, 29, 51, 7, 33, 61, 86, 48, 89, 50, 4, 96, 53, 80, 66, 8, 34, 49, 55, 0, 13, 2, 69, 74]|[1, 1, 0, 1, 1, 1, 2, 1, 2, 1, 2, 2, 2, 1, 1, 0, 0, 1, 0, 2, 2, 0, 1, 2, 0, 1, 2, 2, 0, 0, 1, 2, 1, 2, 1, 0, 2, 0, 1, 1, 0, 1, 1, 1, 0, 2, 1, 1, 0, 0, 0, 0, 1, 1, 2, 1, 2, 0, 0, 0, 2, 1, 1, 2, 2, 1, 2, 1, 1, 1, 1, 1, 2, 0, 1, 1, 0, 0, 0, 1, 2, 1, 0, 0, 1, 0, 0, 2, 0, 0, 2, 1, 2, 0, 1, 0, 0, 0, 1, 2]|[4, 3, 2, 2, 0, 0, 2, 2, 2, 4, 1, 1, 2, 4, 4, 1, 1, 4, 2, 1, 1, 1, 1, 2, 1, 2, 1, 1, 1, 1, 3, 1, 3, 0, 4, 0, 1, 1, 0, 3, 2, 2, 4, 0, 1, 1, 0, 2, 0, 1, 2, 2, 1, 4, 0, 3, 2, 1, 1, 2, 1, 3, 1, 1, 1, 3, 0, 4, 3, 1, 4, 1, 1, 2, 4, 1, 2, 1, 1, 3, 1, 3, 1, 1, 1, 1, 2, 1, 2, 1, 1, 3, 1, 1, 4, 2, 2, 2, 3, 1]|[0, 2, 1, 1, 3, 3, 0, 1, 0, 0, 0, 0, 1, 0, 1, 0, 0, 3, 1, 0, 0, 0, 3, 1, 0, 2, 0, 0, 0, 1, 0, 0, 0, 0, 3, 0, 1, 0, 0, 2, 1, 1, 2, 0, 0, 0, 0, 1, 1, 0, 0, 0, 1, 3, 0, 0, 1, 0, 0, 1, 0, 2, 1, 0, 0, 2, 1, 0, 0, 1, 1, 3, 0, 1, 3, 1, 1, 0, 0, 2, 0, 0, 0, 0, 1, 0, 1, 0, 1, 0, 0, 2, 0, 1, 3, 0, 0, 0, 0, 0],764.1406961456112,57571.98020914945,90460.40004277138,true
41,G2_TEC,G2_TEC,[31, 22, 82, 15, 26, 9, 95, 42, 77, 68, 47, 5, 93, 78, 86, 54, 85, 63, 18, 44, 20, 49, 36, 14, 74, 50, 53, 17, 21, 28, 11, 64, 3, 23, 30, 83, 24, 41, 40, 52, 65, 27, 90, 70, 39, 87, 48, 69, 99, 4, 46, 1, 13, 58, 97, 59, 45, 8, 73, 37, 35, 79, 71, 66, 76, 32, 60, 80, 56, 6, 67, 61, 33, 7, 57, 34, 12, 16, 10, 98, 96, 88, 2, 75, 91, 43, 84, 92, 29, 19, 51, 55, 81, 89, 25, 72, 94, 38, 0, 62]|[2, 1, 2, 1, 1, 2, 1, 1, 1, 1, 1, 0, 2, 2, 1, 2, 0, 0, 0, 2, 2, 1, 0, 2, 0, 2, 2, 1, 0, 1, 1, 1, 0, 0, 1, 0, 2, 1, 2, 2, 0, 0, 1, 1, 0, 2, 0, 2, 1, 0, 0, 2, 0, 0, 2, 0, 1, 1, 0, 0, 2, 1, 1, 2, 2, 0, 2, 2, 2, 1, 2, 1, 1, 2, 0, 1, 1, 2, 1, 2, 0, 1, 0, 0, 1, 1, 0, 0, 1, 1, 1, 0, 1, 1, 1, 1, 2, 0, 2, 1]|[0, 3, 0, 3, 4, 1, 4, 4, 2, 4, 3, 2, 1, 0, 2, 1, 1, 1, 2, 1, 1, 3, 0, 1, 0, 1, 1, 4, 1, 4, 3, 2, 2, 0, 4, 1, 1, 4, 1, 1, 2, 1, 4, 4, 1, 1, 0, 2, 3, 2, 2, 1, 2, 1, 1, 2, 4, 3, 0, 2, 1, 3, 3, 1, 1, 2, 1, 1, 1, 4, 1, 3, 4, 1, 2, 4, 3, 1, 3, 1, 2, 4, 2, 2, 3, 4, 2, 2, 3, 4, 3, 2, 4, 4, 4, 4, 1, 2, 1, 3]|[0, 2, 0, 0, 3, 0, 1, 3, 0, 0, 2, 0, 1, 0, 1, 0, 0, 0, 1, 0, 0, 2, 0, 0, 1, 0, 0, 3, 0, 1, 0, 2, 0, 0, 3, 0, 1, 1, 0, 0, 0, 0, 1, 3, 0, 0, 1, 0, 2, 0, 0, 0, 0, 0, 1, 0, 1, 0, 1, 1, 0, 2, 0, 0, 0, 0, 0, 0, 0, 2, 0, 0, 1, 0, 0, 1, 0, 0, 3, 0, 0, 1, 0, 0, 0, 2, 0, 0, 3, 1, 0, 0, 2, 1, 3, 1, 0, 0, 0, 0],914.0597544875216,49177.57411962909,107642.75205892837,false
41,G3_TWC,G4_BALANCED,[31, 22, 82, 15, 26, 58, 95, 42, 77, 12, 47, 5, 93, 78, 98, 54, 85, 63, 18, 44, 20, 35, 43, 97, 91, 76, 10, 30, 21, 45, 71, 64, 1, 23, 17, 83, 24, 14, 60, 36, 6, 57, 94, 88, 65, 56, 79, 40, 67, 68, 46, 75, 38, 9, 19, 32, 81, 41, 27, 62, 87, 90, 99, 59, 11, 16, 72, 73, 70, 39, 37, 84, 3, 92, 25, 55, 28, 29, 51, 7, 33, 61, 86, 48, 89, 34, 69, 96, 53, 80, 4, 8, 50, 49, 52, 0, 13, 2, 66, 74]|[1, 1, 0, 1, 1, 1, 2, 1, 2, 1, 2, 2, 2, 1, 1, 0, 0, 1, 0, 2, 2, 0, 1, 2, 0, 1, 2, 2, 0, 0, 1, 2, 1, 2, 1, 0, 2, 0, 1, 1, 0, 1, 1, 1, 0, 2, 1, 1, 0, 0, 0, 0, 1, 1, 2, 1, 2, 0, 0, 0, 2, 1, 0, 1, 2, 1, 2, 1, 1, 1, 1, 1, 2, 0, 1, 1, 0, 0, 0, 1, 2, 1, 0, 0, 1, 2, 1, 0, 0, 0, 0, 1, 0, 0, 1, 0, 0, 0, 2, 2]|[4, 3, 2, 2, 0, 0, 2, 2, 2, 4, 1, 1, 2, 4, 4, 1, 1, 4, 2, 1, 1, 1, 1, 2, 1, 2, 1, 1, 1, 1, 3, 2, 3, 0, 4, 0, 1, 1, 0, 3, 2, 2, 4, 0, 1, 1, 0, 2, 0, 1, 2, 2, 1, 4, 0, 3, 2, 1, 1, 2, 1, 3, 1, 1, 1, 3, 0, 4, 3, 1, 4, 1, 1, 2, 4, 4, 2, 1, 1, 3, 1, 3, 1, 1, 1, 1, 3, 1, 2, 1, 2, 3, 1, 1, 1, 2, 2, 2, 1, 1]|[0, 2, 1, 1, 3, 3, 0, 1, 0, 0, 0, 0, 1, 0, 1, 0, 0, 3, 1, 0, 0, 0, 3, 1, 0, 2, 0, 0, 0, 1, 0, 0, 0, 0, 3, 0, 1, 0, 0, 2, 1, 1, 2, 0, 0, 0, 0, 1, 1, 0, 0, 0, 1, 3, 0, 0, 1, 0, 0, 1, 0, 2, 0, 1, 0, 2, 1, 0, 0, 1, 1, 3, 0, 1, 3, 3, 1, 0, 0, 2, 0, 0, 0, 0, 1, 0, 0, 0, 1, 0, 1, 2, 0, 1, 1, 0, 0, 0, 0, 0],790.1921483697682,57957.04840138768,88951.83199580385,true
41,G1_CMAX,G1_CMAX,[31, 22, 82, 15, 26, 99, 95, 42, 77, 12, 47, 5, 93, 78, 86, 54, 21, 63, 18, 44, 20, 35, 43, 97, 91, 76, 10, 30, 85, 45, 71, 64, 1, 23, 17, 83, 24, 14, 60, 36, 6, 57, 40, 88, 65, 56, 79, 94, 67, 68, 46, 75, 38, 9, 19, 32, 41, 81, 27, 87, 90, 58, 59, 11, 16, 72, 73, 70, 39, 37, 84, 3, 92, 25, 55, 48, 62, 29, 51, 96, 98, 61, 66, 28, 89, 50, 4, 7, 53, 80, 8, 33, 34, 2, 52, 13, 0, 69, 74, 49]|[1, 1, 0, 1, 1, 0, 1, 1, 2, 1, 2, 2, 2, 1, 1, 0, 0, 1, 0, 2, 2, 0, 1, 2, 0, 1, 2, 2, 0, 0, 1, 2, 1, 2, 1, 0, 2, 0, 1, 1, 0, 1, 1, 1, 0, 2, 1, 1, 0, 0, 0, 0, 1, 1, 2, 1, 0, 2, 0, 2, 1, 0, 1, 2, 1, 2, 1, 1, 1, 1, 1, 1, 0, 1, 2, 0, 0, 0, 0, 2, 2, 1, 2, 0, 1, 0, 1, 2, 0, 0, 1, 2, 2, 0, 1, 0, 0, 1, 2, 0]|[4, 3, 2, 2, 4, 1, 2, 3, 2, 4, 1, 1, 2, 4, 4, 1, 1, 4, 2, 1, 1, 1, 1, 2, 1, 2, 1, 1, 2, 1, 3, 2, 3, 1, 4, 0, 1, 1, 0, 3, 2, 2, 2, 0, 1, 1, 0, 4, 0, 1, 2, 2, 1, 4, 0, 3, 1, 2, 1, 1, 3, 1, 1, 1, 3, 0, 4, 3, 1, 4, 1, 1, 0, 4, 1, 1, 2, 1, 1, 1, 1, 3, 1, 2, 1, 1, 4, 1, 2, 1, 3, 1, 1, 2, 1, 2, 2, 4, 1, 1]|[0, 2, 1, 1, 3, 0, 1, 3, 0, 0, 0, 0, 1, 0, 1, 0, 0, 3, 1, 0, 0, 0, 3, 1, 0, 2, 0, 0, 0, 1, 0, 0, 0, 0, 3, 0, 1, 0, 0, 2, 1, 1, 1, 0, 0, 0, 0, 2, 1, 0, 0, 0, 1, 3, 0, 0, 0, 1, 0, 0, 2, 0, 1, 0, 2, 1, 0, 0, 1, 1, 3, 1, 1, 3, 0, 0, 1, 0, 0, 0, 0, 0, 0, 1, 1, 0, 0, 0, 1, 0, 2, 0, 0, 0, 1, 0, 0, 2, 0, 1],733.6437548344954,56435.96944926724,92290.19097821631,false
41,G4_BALANCED,G3_TWC,[31, 22, 82, 15, 26, 58, 95, 42, 77, 12, 47, 5, 93, 78, 98, 54, 85, 63, 18, 44, 20, 35, 43, 97, 91, 76, 10, 30, 21, 45, 71, 64, 1, 23, 17, 83, 24, 14, 60, 36, 6, 57, 94, 88, 65, 56, 79, 40, 67, 68, 46, 75, 38, 9, 19, 32, 81, 41, 27, 62, 87, 90, 99, 59, 11, 16, 72, 73, 70, 39, 37, 84, 3, 96, 25, 55, 28, 29, 51, 7, 33, 61, 86, 48, 89, 50, 66, 92, 53, 80, 4, 8, 34, 49, 52, 0, 13, 2, 69, 74]|[1, 1, 0, 1, 1, 1, 2, 1, 2, 1, 2, 2, 2, 1, 1, 0, 0, 1, 0, 2, 2, 0, 1, 2, 0, 1, 2, 2, 0, 0, 1, 2, 1, 2, 1, 0, 2, 0, 1, 1, 0, 1, 1, 1, 0, 2, 1, 1, 0, 0, 0, 0, 1, 1, 2, 1, 2, 0, 0, 0, 2, 1, 0, 1, 2, 1, 2, 1, 1, 1, 1, 1, 2, 0, 1, 1, 0, 0, 0, 1, 2, 1, 0, 0, 1, 0, 2, 0, 0, 0, 0, 1, 2, 0, 1, 0, 0, 0, 1, 2]|[4, 3, 2, 2, 0, 0, 2, 2, 2, 4, 1, 1, 2, 4, 4, 1, 1, 4, 2, 1, 1, 1, 1, 2, 1, 2, 1, 1, 1, 1, 3, 2, 3, 1, 4, 0, 1, 1, 0, 3, 2, 2, 4, 0, 1, 1, 0, 2, 0, 1, 2, 2, 1, 4, 0, 3, 2, 1, 1, 2, 1, 3, 1, 1, 1, 3, 0, 4, 3, 1, 4, 1, 1, 1, 4, 4, 2, 1, 1, 3, 1, 3, 1, 1, 1, 1, 1, 2, 2, 1, 2, 3, 1, 1, 1, 2, 2, 2, 3, 1]|[0, 2, 1, 1, 3, 3, 0, 1, 0, 0, 0, 0, 1, 0, 1, 0, 0, 3, 1, 0, 0, 0, 3, 1, 0, 2, 0, 0, 0, 1, 0, 0, 0, 0, 3, 0, 1, 0, 0, 2, 1, 1, 2, 0, 0, 0, 0, 1, 1, 0, 0, 0, 1, 3, 0, 0, 1, 0, 0, 1, 0, 2, 0, 1, 0, 2, 1, 0, 0, 1, 1, 3, 0, 0, 3, 3, 1, 0, 0, 2, 0, 0, 0, 0, 1, 0, 0, 1, 1, 0, 1, 2, 0, 1, 1, 0, 0, 0, 0, 0],794.3232103733076,57617.00895463073,89527.8734210461,true
41,G2_TEC,G2_TEC,[31, 22, 82, 15, 26, 9, 95, 42, 77, 68, 47, 5, 93, 78, 86, 54, 85, 63, 18, 44, 20, 49, 36, 14, 74, 50, 53, 17, 21, 28, 11, 64, 3, 23, 30, 83, 24, 41, 40, 52, 65, 27, 90, 70, 39, 87, 48, 69, 99, 4, 46, 1, 13, 58, 97, 59, 45, 8, 73, 37, 35, 79, 71, 66, 76, 32, 60, 80, 56, 6, 67, 61, 33, 7, 57, 34, 12, 16, 10, 98, 96, 88, 2, 75, 91, 43, 84, 92, 29, 19, 51, 55, 81, 89, 25, 72, 94, 38, 0, 62]|[2, 1, 2, 1, 1, 2, 1, 1, 1, 1, 1, 0, 2, 2, 1, 2, 0, 0, 0, 2, 2, 1, 0, 2, 0, 2, 2, 1, 0, 1, 1, 1, 0, 0, 1, 0, 2, 1, 2, 2, 0, 0, 1, 1, 0, 2, 0, 2, 1, 0, 0, 2, 0, 0, 2, 0, 1, 1, 0, 0, 2, 1, 1, 2, 2, 0, 2, 2, 2, 1, 2, 1, 1, 2, 0, 1, 1, 2, 1, 2, 0, 1, 0, 0, 1, 1, 0, 0, 1, 1, 1, 0, 1, 1, 1, 1, 2, 0, 2, 1]|[0, 3, 0, 3, 4, 1, 4, 4, 2, 4, 3, 2, 1, 0, 2, 1, 1, 1, 2, 1, 1, 3, 0, 1, 0, 1, 1, 4, 1, 4, 3, 2, 2, 0, 4, 1, 1, 4, 1, 1, 2, 1, 4, 4, 1, 1, 0, 2, 3, 2, 2, 1, 2, 1, 1, 2, 4, 3, 0, 2, 1, 3, 3, 1, 1, 2, 1, 1, 1, 4, 1, 3, 4, 1, 2, 4, 3, 1, 3, 1, 2, 4, 2, 2, 3, 4, 2, 2, 3, 4, 3, 2, 4, 4, 4, 4, 1, 2, 1, 3]|[0, 2, 0, 0, 3, 0, 1, 3, 0, 0, 2, 0, 1, 0, 1, 0, 0, 0, 1, 0, 0, 2, 0, 0, 1, 0, 0, 3, 0, 1, 0, 2, 0, 0, 3, 0, 1, 1, 0, 0, 0, 0, 1, 3, 0, 0, 1, 0, 2, 0, 0, 0, 0, 0, 1, 0, 1, 0, 1, 1, 0, 2, 0, 0, 0, 0, 0, 0, 0, 2, 0, 0, 1, 0, 0, 1, 0, 0, 3, 0, 0, 1, 0, 0, 0, 2, 0, 0, 3, 1, 0, 0, 2, 1, 3, 1, 0, 0, 0, 0],914.0597544875216,49177.57411962909,107642.75205892837,false
41,G3_TWC,G4_BALANCED,[31, 22, 82, 15, 26, 58, 95, 42, 77, 12, 47, 5, 93, 78, 98, 54, 85, 63, 18, 44, 20, 35, 43, 97, 91, 76, 10, 30, 21, 45, 71, 64, 1, 23, 17, 83, 24, 14, 60, 36, 6, 57, 94, 88, 65, 56, 79, 40, 67, 68, 46, 75, 38, 9, 19, 32, 81, 41, 27, 62, 87, 90, 99, 59, 11, 16, 72, 73, 70, 39, 37, 84, 3, 92, 25, 55, 28, 29, 51, 7, 33, 61, 86, 48, 89, 34, 69, 96, 53, 80, 4, 8, 50, 49, 52, 0, 13, 2, 66, 74]|[1, 1, 0, 1, 1, 1, 2, 1, 2, 1, 2, 2, 2, 1, 1, 0, 0, 1, 0, 2, 2, 0, 1, 2, 0, 1, 2, 2, 0, 0, 1, 2, 1, 2, 1, 0, 2, 0, 1, 1, 0, 1, 1, 1, 0, 2, 1, 1, 0, 0, 0, 0, 1, 1, 2, 1, 2, 0, 0, 0, 2, 1, 0, 1, 2, 1, 2, 1, 1, 1, 1, 1, 2, 0, 1, 1, 0, 0, 0, 1, 2, 1, 0, 0, 1, 2, 1, 0, 0, 0, 0, 1, 0, 0, 1, 0, 0, 0, 2, 2]|[4, 3, 2, 2, 0, 0, 2, 2, 2, 4, 1, 1, 2, 4, 4, 1, 1, 4, 2, 1, 1, 1, 1, 2, 1, 2, 1, 1, 1, 1, 3, 2, 3, 0, 4, 0, 1, 1, 0, 3, 2, 2, 4, 0, 1, 1, 0, 2, 0, 1, 2, 2, 1, 4, 0, 3, 2, 1, 1, 2, 1, 3, 1, 1, 1, 3, 0, 4, 3, 1, 4, 1, 1, 2, 4, 4, 2, 1, 1, 3, 1, 3, 1, 1, 1, 1, 3, 1, 2, 1, 2, 3, 1, 1, 1, 2, 2, 2, 1, 1]|[0, 2, 1, 1, 3, 3, 0, 1, 0, 0, 0, 0, 1, 0, 1, 0, 0, 3, 1, 0, 0, 0, 3, 1, 0, 2, 0, 0, 0, 1, 0, 0, 0, 0, 3, 0, 1, 0, 0, 2, 1, 1, 2, 0, 0, 0, 0, 1, 1, 0, 0, 0, 1, 3, 0, 0, 1, 0, 0, 1, 0, 2, 0, 1, 0, 2, 1, 0, 0, 1, 1, 3, 0, 1, 3, 3, 1, 0, 0, 2, 0, 0, 0, 0, 1, 0, 0, 0, 1, 0, 1, 2, 0, 1, 1, 0, 0, 0, 0, 0],790.1921483697682,57957.04840138768,88951.83199580385,true
41,G1_CMAX,G3_TWC,[31, 22, 82, 15, 26, 58, 95, 42, 77, 12, 47, 5, 93, 78, 98, 54, 85, 63, 18, 44, 20, 35, 43, 97, 91, 76, 10, 30, 21, 45, 71, 64, 1, 23, 17, 83, 24, 14, 60, 36, 6, 57, 94, 88, 65, 56, 79, 40, 67, 68, 46, 75, 39, 9, 19, 32, 81, 96, 27, 62, 87, 90, 99, 59, 11, 16, 72, 73, 70, 38, 37, 84, 3, 92, 25, 55, 28, 29, 51, 7, 33, 61, 86, 48, 89, 50, 66, 41, 53, 8, 4, 80, 34, 49, 52, 69, 13, 2, 0, 74]|[1, 1, 0, 1, 1, 1, 2, 1, 2, 1, 2, 2, 2, 1, 1, 0, 0, 1, 0, 2, 2, 0, 1, 2, 0, 1, 2, 2, 0, 0, 1, 2, 1, 2, 1, 0, 2, 0, 1, 1, 0, 1, 1, 1, 0, 2, 1, 1, 0, 0, 0, 0, 1, 1, 2, 1, 2, 0, 0, 0, 2, 1, 0, 1, 2, 1, 2, 1, 1, 1, 1, 1, 2, 0, 1, 1, 0, 0, 0, 1, 2, 1, 0, 0, 1, 0, 2, 0, 0, 1, 0, 0, 2, 0, 1, 1, 0, 0, 0, 2]|[4, 3, 2, 2, 0, 0, 2, 2, 2, 4, 1, 1, 2, 4, 4, 1, 1, 4, 2, 1, 1, 1, 1, 2, 1, 2, 1, 1, 1, 1, 3, 2, 3, 0, 4, 0, 1, 1, 0, 3, 2, 2, 4, 0, 1, 1, 0, 2, 0, 1, 2, 2, 1, 4, 0, 3, 2, 1, 1, 2, 1, 3, 1, 1, 1, 3, 0, 4, 3, 1, 4, 1, 1, 2, 4, 4, 2, 1, 1, 3, 1, 3, 1, 1, 1, 1, 1, 1, 2, 3, 2, 1, 1, 1, 1, 3, 2, 2, 2, 1]|[0, 2, 1, 1, 3, 3, 0, 1, 0, 0, 0, 0, 1, 0, 1, 0, 0, 3, 1, 0, 0, 0, 3, 1, 0, 2, 0, 0, 0, 1, 0, 0, 0, 0, 3, 0, 1, 0, 0, 2, 1, 1, 2, 0, 0, 0, 0, 1, 1, 0, 0, 0, 1, 3, 0, 0, 1, 0, 0, 1, 0, 2, 0, 1, 0, 2, 1, 0, 0, 1, 1, 3, 0, 1, 3, 3, 1, 0, 0, 2, 0, 0, 0, 0, 1, 0, 0, 0, 1, 2, 1, 0, 0, 1, 1, 0, 0, 0, 0, 0],787.9332527573479,57913.77657340804,89140.52696017598,true
41,G4_BALANCED,G1_CMAX,[31, 22, 82, 15, 26, 99, 95, 42, 77, 12, 47, 5, 93, 78, 86, 54, 21, 63, 18, 44, 20, 35, 43, 97, 91, 76, 10, 30, 85, 45, 71, 64, 1, 23, 17, 83, 24, 14, 60, 36, 6, 57, 40, 88, 65, 56, 79, 94, 67, 68, 46, 75, 38, 9, 19, 32, 41, 81, 27, 87, 90, 58, 59, 11, 16, 72, 73, 70, 39, 37, 84, 3, 92, 25, 55, 48, 62, 29, 51, 96, 98, 61, 66, 28, 89, 50, 4, 7, 53, 80, 8, 33, 34, 2, 52, 13, 0, 69, 74, 49]|[1, 1, 0, 1, 1, 0, 1, 1, 2, 1, 2, 2, 2, 1, 1, 0, 0, 1, 0, 2, 2, 0, 1, 2, 0, 1, 2, 2, 0, 0, 1, 2, 1, 2, 1, 0, 2, 0, 1, 1, 0, 1, 1, 1, 0, 2, 1, 1, 0, 0, 0, 0, 1, 1, 2, 1, 0, 2, 0, 2, 1, 0, 1, 2, 1, 2, 1, 1, 1, 1, 1, 1, 0, 1, 2, 0, 0, 0, 0, 2, 2, 1, 2, 0, 1, 0, 1, 2, 0, 0, 1, 2, 2, 0, 1, 0, 0, 1, 2, 0]|[4, 3, 2, 2, 4, 1, 2, 3, 2, 4, 1, 1, 2, 4, 4, 1, 1, 4, 2, 1, 1, 1, 1, 2, 1, 2, 1, 1, 2, 1, 3, 2, 3, 1, 4, 0, 1, 1, 0, 3, 2, 2, 2, 0, 1, 1, 0, 4, 0, 1, 2, 2, 1, 4, 0, 3, 1, 2, 1, 1, 3, 1, 1, 1, 3, 0, 4, 3, 1, 4, 1, 1, 0, 4, 1, 1, 2, 1, 1, 1, 1, 3, 1, 2, 1, 1, 4, 1, 2, 1, 3, 1, 1, 2, 1, 2, 2, 4, 1, 1]|[0, 2, 1, 1, 3, 0, 1, 3, 0, 0, 0, 0, 1, 0, 1, 0, 0, 3, 1, 0, 0, 0, 3, 1, 0, 2, 0, 0, 0, 1, 0, 0, 0, 0, 3, 0, 1, 0, 0, 2, 1, 1, 1, 0, 0, 0, 0, 2, 1, 0, 0, 0, 1, 3, 0, 0, 0, 1, 0, 0, 2, 0, 1, 0, 2, 1, 0, 0, 1, 1, 3, 1, 1, 3, 0, 0, 1, 0, 0, 0, 0, 0, 0, 1, 1, 0, 0, 0, 1, 0, 2, 0, 0, 0, 1, 0, 0, 2, 0, 1],733.6437548344954,56435.96944926724,92290.19097821631,true
41,G2_TEC,G2_TEC,[31, 22, 82, 15, 26, 9, 95, 42, 77, 68, 47, 5, 93, 78, 86, 54, 85, 63, 18, 44, 20, 49, 36, 14, 74, 50, 53, 17, 21, 28, 11, 64, 3, 23, 30, 83, 24, 41, 40, 52, 65, 27, 90, 70, 39, 87, 48, 69, 99, 4, 46, 1, 13, 58, 97, 59, 45, 8, 73, 37, 35, 79, 71, 66, 76, 32, 60, 80, 56, 6, 67, 61, 33, 7, 57, 34, 12, 16, 10, 98, 96, 88, 2, 75, 91, 43, 84, 92, 29, 19, 51, 55, 81, 89, 25, 72, 94, 38, 0, 62]|[2, 1, 2, 1, 1, 2, 1, 1, 1, 1, 1, 0, 2, 2, 1, 2, 0, 0, 0, 2, 2, 1, 0, 2, 0, 2, 2, 1, 0, 1, 1, 1, 0, 0, 1, 0, 2, 1, 2, 2, 0, 0, 1, 1, 0, 2, 0, 2, 1, 0, 0, 2, 0, 0, 2, 0, 1, 1, 0, 0, 2, 1, 1, 2, 2, 0, 2, 2, 2, 1, 2, 1, 1, 2, 0, 1, 1, 2, 1, 2, 0, 1, 0, 0, 1, 1, 0, 0, 1, 1, 1, 0, 1, 1, 1, 1, 2, 0, 2, 1]|[0, 3, 0, 3, 4, 1, 4, 4, 2, 4, 3, 2, 1, 0, 2, 1, 1, 1, 2, 1, 1, 3, 0, 1, 0, 1, 1, 4, 1, 4, 3, 2, 2, 0, 4, 1, 1, 4, 1, 1, 2, 1, 4, 4, 1, 1, 0, 2, 3, 2, 2, 1, 2, 1, 1, 2, 4, 3, 0, 2, 1, 3, 3, 1, 1, 2, 1, 1, 1, 4, 1, 3, 4, 1, 2, 4, 3, 1, 3, 1, 2, 4, 2, 2, 3, 4, 2, 2, 3, 4, 3, 2, 4, 4, 4, 4, 1, 2, 1, 3]|[0, 2, 0, 0, 3, 0, 1, 3, 0, 0, 2, 0, 1, 0, 1, 0, 0, 0, 1, 0, 0, 2, 0, 0, 1, 0, 0, 3, 0, 1, 0, 2, 0, 0, 3, 0, 1, 1, 0, 0, 0, 0, 1, 3, 0, 0, 1, 0, 2, 0, 0, 0, 0, 0, 1, 0, 1, 0, 1, 1, 0, 2, 0, 0, 0, 0, 0, 0, 0, 2, 0, 0, 1, 0, 0, 1, 0, 0, 3, 0, 0, 1, 0, 0, 0, 2, 0, 0, 3, 1, 0, 0, 2, 1, 3, 1, 0, 0, 0, 0],914.0597544875216,49177.57411962909,107642.75205892837,false
41,G3_TWC,G4_BALANCED,[31, 22, 82, 15, 26, 58, 95, 42, 77, 12, 47, 5, 93, 78, 98, 54, 85, 63, 18, 44, 20, 35, 43, 97, 91, 76, 10, 30, 21, 45, 71, 64, 1, 23, 17, 83, 24, 14, 60, 36, 6, 57, 94, 88, 65, 56, 79, 40, 67, 68, 46, 75, 38, 9, 19, 32, 81, 41, 27, 62, 87, 90, 99, 59, 11, 16, 72, 73, 70, 39, 37, 84, 3, 92, 25, 55, 28, 29, 51, 7, 33, 61, 86, 48, 89, 34, 69, 96, 53, 80, 4, 8, 50, 49, 52, 0, 13, 2, 66, 74]|[1, 1, 0, 1, 1, 1, 2, 1, 2, 1, 2, 2, 2, 1, 1, 0, 0, 1, 0, 2, 2, 0, 1, 2, 0, 1, 2, 2, 0, 0, 1, 2, 1, 2, 1, 0, 2, 0, 1, 1, 0, 1, 1, 1, 0, 2, 1, 1, 0, 0, 0, 0, 1, 1, 2, 1, 2, 0, 0, 0, 2, 1, 0, 1, 2, 1, 2, 1, 1, 1, 1, 1, 2, 0, 1, 1, 0, 0, 0, 1, 2, 1, 0, 0, 1, 2, 1, 0, 0, 0, 0, 1, 0, 0, 1, 0, 0, 0, 2, 2]|[4, 3, 2, 2, 0, 0, 2, 2, 2, 4, 1, 1, 2, 4, 4, 1, 1, 4, 2, 1, 1, 1, 1, 2, 1, 2, 1, 1, 1, 1, 3, 2, 3, 0, 4, 0, 1, 1, 0, 3, 2, 2, 4, 0, 1, 1, 0, 2, 0, 1, 2, 2, 1, 4, 0, 3, 2, 1, 1, 2, 1, 3, 1, 1, 1, 3, 0, 4, 3, 1, 4, 1, 1, 2, 4, 4, 2, 1, 1, 3, 1, 3, 1, 1, 1, 1, 3, 1, 2, 1, 2, 3, 1, 1, 1, 2, 2, 2, 1, 1]|[0, 2, 1, 1, 3, 3, 0, 1, 0, 0, 0, 0, 1, 0, 1, 0, 0, 3, 1, 0, 0, 0, 3, 1, 0, 2, 0, 0, 0, 1, 0, 0, 0, 0, 3, 0, 1, 0, 0, 2, 1, 1, 2, 0, 0, 0, 0, 1, 1, 0, 0, 0, 1, 3, 0, 0, 1, 0, 0, 1, 0, 2, 0, 1, 0, 2, 1, 0, 0, 1, 1, 3, 0, 1, 3, 3, 1, 0, 0, 2, 0, 0, 0, 0, 1, 0, 0, 0, 1, 0, 1, 2, 0, 1, 1, 0, 0, 0, 0, 0],790.1921483697682,57957.04840138768,88951.83199580385,true
41,G1_CMAX,G1_CMAX,[31, 22, 82, 15, 26, 99, 95, 42, 77, 12, 47, 5, 93, 78, 86, 54, 21, 63, 18, 44, 20, 35, 43, 97, 91, 76, 10, 30, 85, 45, 71, 64, 1, 23, 37, 83, 24, 14, 60, 36, 6, 57, 40, 88, 65, 56, 79, 94, 67, 68, 46, 75, 38, 9, 19, 32, 41, 81, 27, 87, 90, 58, 59, 11, 16, 72, 73, 70, 39, 17, 84, 3, 92, 25, 55, 48, 62, 29, 51, 96, 33, 61, 98, 28, 89, 50, 4, 7, 53, 80, 8, 66, 34, 49, 52, 0, 74, 69, 2, 13]|[1, 1, 0, 1, 1, 0, 1, 1, 2, 1, 2, 2, 2, 1, 1, 0, 0, 1, 0, 2, 2, 0, 1, 2, 0, 1, 2, 2, 0, 0, 1, 2, 1, 2, 1, 0, 2, 0, 1, 1, 0, 1, 1, 1, 0, 2, 1, 1, 0, 0, 0, 0, 1, 1, 2, 1, 0, 2, 0, 2, 1, 0, 1, 2, 1, 2, 1, 1, 1, 1, 1, 1, 0, 1, 2, 0, 0, 0, 0, 2, 2, 1, 2, 0, 1, 0, 1, 2, 0, 0, 1, 2, 2, 0, 1, 0, 2, 1, 0, 0]|[0, 3, 2, 2, 4, 1, 2, 3, 2, 4, 1, 1, 2, 4, 4, 1, 1, 4, 2, 1, 1, 1, 1, 2, 1, 2, 1, 1, 2, 1, 3, 2, 3, 1, 4, 0, 1, 1, 0, 3, 2, 2, 2, 0, 1, 1, 0, 4, 0, 1, 2, 2, 1, 4, 0, 3, 1, 1, 1, 1, 3, 1, 1, 1, 3, 0, 4, 3, 1, 4, 1, 1, 0, 4, 1, 1, 2, 1, 1, 1, 1, 3, 1, 2, 1, 1, 4, 1, 2, 1, 3, 1, 1, 1, 1, 2, 1, 4, 2, 2]|[0, 2, 1, 1, 3, 0, 1, 3, 0, 0, 0, 0, 1, 0, 1, 0, 0, 3, 1, 0, 0, 0, 3, 1, 0, 2, 0, 0, 0, 1, 0, 0, 0, 0, 3, 0, 1, 0, 0, 2, 1, 1, 1, 0, 0, 0, 0, 2, 1, 0, 0, 0, 1, 3, 0, 0, 0, 0, 0, 0, 2, 0, 1, 0, 2, 1, 0, 0, 1, 1, 3, 1, 1, 3, 0, 0, 1, 0, 0, 0, 0, 0, 0, 1, 1, 0, 0, 0, 1, 0, 2, 0, 0, 1, 1, 0, 0, 2, 0, 0],731.2476204416437,56586.27722209284,92825.60273597998,false
41,G4_BALANCED,G4_BALANCED,[31, 11, 15, 82, 26, 9, 95, 32, 77, 68, 47, 5, 93, 78, 86, 54, 85, 63, 18, 44, 20, 49, 36, 14, 74, 50, 53, 17, 21, 45, 71, 64, 3, 23, 30, 83, 24, 41, 60, 52, 51, 27, 90, 70, 39, 87, 48, 69, 99, 4, 46, 1, 13, 58, 97, 59, 28, 8, 73, 37, 35, 79, 22, 66, 76, 42, 40, 80, 96, 6, 16, 61, 33, 7, 57, 34, 12, 67, 10, 98, 56, 88, 43, 75, 91, 38, 84, 92, 29, 19, 65, 55, 72, 89, 25, 81, 94, 2, 62, 0]|[2, 1, 2, 1, 1, 2, 1, 1, 1, 1, 1, 0, 2, 2, 1, 2, 0, 0, 0, 2, 2, 1, 0, 2, 0, 2, 2, 1, 0, 1, 1, 1, 0, 0, 1, 0, 2, 1, 2, 2, 0, 0, 1, 1, 0, 2, 0, 2, 1, 0, 0, 2, 0, 0, 2, 0, 1, 1, 0, 0, 2, 1, 1, 2, 2, 0, 2, 2, 0, 1, 2, 1, 1, 2, 0, 1, 1, 1, 1, 2, 2, 1, 1, 0, 1, 0, 0, 0, 1, 1, 1, 0, 1, 1, 1, 1, 2, 2, 1, 0]|[1, 3, 0, 3, 4, 1, 4, 4, 2, 4, 3, 2, 1, 0, 2, 1, 1, 1, 2, 1, 1, 3, 0, 1, 0, 1, 1, 4, 1, 4, 3, 2, 2, 0, 4, 1, 1, 4, 1, 1, 2, 1, 4, 4, 1, 1, 0, 2, 3, 1, 2, 1, 2, 1, 1, 2, 4, 3, 0, 2, 2, 3, 3, 1, 1, 2, 1, 1, 2, 4, 1, 3, 4, 1, 2, 4, 3, 3, 3, 1, 1, 4, 4, 2, 3, 2, 2, 2, 3, 4, 3, 2, 4, 4, 4, 1, 1, 1, 3, 2]|[1, 2, 0, 0, 3, 0, 1, 3, 0, 0, 2, 0, 1, 0, 1, 0, 0, 0, 1, 0, 0, 2, 0, 0, 1, 0, 0, 3, 0, 1, 0, 2, 0, 1, 3, 0, 1, 1, 0, 0, 0, 0, 1, 3, 0, 0, 1, 0, 2, 0, 0, 0, 0, 0, 1, 0, 1, 0, 1, 1, 0, 2, 2, 0, 0, 0, 0, 0, 0, 2, 0, 0, 1, 0, 0, 1, 0, 0, 3, 0, 0, 1, 2, 0, 0, 0, 0, 0, 3, 1, 0, 0, 2, 1, 3, 1, 0, 0, 0, 0],863.1287736981566,50462.27750314327,104436.85600586075,false
41,G2_TEC,G2_TEC,[31, 22, 82, 15, 26, 9, 95, 42, 77, 68, 47, 5, 93, 78, 86, 54, 85, 63, 18, 44, 20, 49, 36, 14, 74, 50, 53, 17, 21, 28, 11, 64, 3, 23, 30, 83, 24, 41, 40, 52, 65, 27, 90, 70, 39, 87, 48, 69, 99, 4, 46, 1, 13, 58, 97, 59, 45, 8, 73, 37, 35, 79, 71, 66, 76, 32, 60, 80, 56, 6, 67, 61, 33, 7, 57, 34, 12, 16, 10, 98, 96, 88, 2, 75, 91, 43, 84, 92, 29, 19, 51, 55, 81, 89, 25, 72, 94, 38, 0, 62]|[2, 1, 2, 1, 1, 2, 1, 1, 1, 1, 1, 0, 2, 2, 1, 2, 0, 0, 0, 2, 2, 1, 0, 2, 0, 2, 2, 1, 0, 1, 1, 1, 0, 0, 1, 0, 2, 1, 2, 2, 0, 0, 1, 1, 0, 2, 0, 2, 1, 0, 0, 2, 0, 0, 2, 0, 1, 1, 0, 0, 2, 1, 1, 2, 2, 0, 2, 2, 2, 1, 2, 1, 1, 2, 0, 1, 1, 2, 1, 2, 0, 1, 0, 0, 1, 1, 0, 0, 1, 1, 1, 0, 1, 1, 1, 1, 2, 0, 2, 1]|[0, 3, 0, 3, 4, 1, 4, 4, 2, 4, 3, 2, 1, 0, 2, 1, 1, 1, 2, 1, 1, 3, 0, 1, 0, 1, 1, 4, 1, 4, 3, 2, 2, 0, 4, 1, 1, 4, 1, 1, 2, 1, 4, 4, 1, 1, 0, 2, 3, 2, 2, 1, 2, 1, 1, 2, 4, 3, 0, 2, 1, 3, 3, 1, 1, 2, 1, 1, 1, 4, 1, 3, 4, 1, 2, 4, 3, 1, 3, 1, 2, 4, 2, 2, 3, 4, 2, 2, 3, 4, 3, 2, 4, 4, 4, 4, 1, 2, 1, 3]|[0, 2, 0, 0, 3, 0, 1, 3, 0, 0, 2, 0, 1, 0, 1, 0, 0, 0, 1, 0, 0, 2, 0, 0, 1, 0, 0, 3, 0, 1, 0, 2, 0, 0, 3, 0, 1, 1, 0, 0, 0, 0, 1, 3, 0, 0, 1, 0, 2, 0, 0, 0, 0, 0, 1, 0, 1, 0, 1, 1, 0, 2, 0, 0, 0, 0, 0, 0, 0, 2, 0, 0, 1, 0, 0, 1, 0, 0, 3, 0, 0, 1, 0, 0, 0, 2, 0, 0, 3, 1, 0, 0, 2, 1, 3, 1, 0, 0, 0, 0],914.0597544875216,49177.57411962909,107642.75205892837,false
41,G3_TWC,G4_BALANCED,[31, 22, 82, 15, 26, 58, 95, 42, 77, 12, 47, 5, 93, 78, 98, 54, 85, 63, 18, 44, 20, 35, 43, 97, 91, 76, 10, 30, 21, 45, 71, 64, 1, 23, 17, 83, 24, 14, 60, 36, 6, 57, 94, 88, 65, 56, 79, 40, 67, 68, 46, 75, 38, 9, 19, 32, 81, 41, 27, 62, 87, 90, 99, 59, 11, 16, 72, 73, 70, 39, 37, 84, 3, 92, 25, 55, 28, 29, 51, 7, 33, 61, 86, 48, 89, 34, 69, 96, 53, 80, 4, 8, 50, 49, 52, 0, 13, 2, 66, 74]|[1, 1, 0, 1, 1, 1, 2, 1, 2, 1, 2, 2, 2, 1, 1, 0, 0, 1, 0, 2, 2, 0, 1, 2, 0, 1, 2, 2, 0, 0, 1, 2, 1, 2, 1, 0, 2, 0, 1, 1, 0, 1, 1, 1, 0, 2, 1, 1, 0, 0, 0, 0, 1, 1, 2, 1, 2, 0, 0, 0, 2, 1, 0, 1, 2, 1, 2, 1, 1, 1, 1, 1, 2, 0, 1, 1, 0, 0, 0, 1, 2, 1, 0, 0, 1, 2, 1, 0, 0, 0, 0, 1, 0, 0, 1, 0, 0, 0, 2, 2]|[4, 3, 2, 2, 0, 0, 2, 2, 2, 4, 1, 1, 2, 4, 4, 1, 1, 4, 2, 1, 1, 1, 1, 2, 1, 2, 1, 1, 1, 1, 3, 2, 3, 0, 4, 0, 1, 1, 0, 3, 2, 2, 4, 0, 1, 1, 0, 2, 0, 1, 2, 2, 1, 4, 0, 3, 2, 1, 1, 2, 1, 3, 1, 1, 1, 3, 0, 4, 3, 1, 4, 1, 1, 2, 4, 4, 2, 1, 1, 3, 1, 3, 1, 1, 1, 1, 3, 1, 2, 1, 2, 3, 1, 1, 1, 2, 2, 2, 1, 1]|[0, 2, 1, 1, 3, 3, 0, 1, 0, 0, 0, 0, 1, 0, 1, 0, 0, 3, 1, 0, 0, 0, 3, 1, 0, 2, 0, 0, 0, 1, 0, 0, 0, 0, 3, 0, 1, 0, 0, 2, 1, 1, 2, 0, 0, 0, 0, 1, 1, 0, 0, 0, 1, 3, 0, 0, 1, 0, 0, 1, 0, 2, 0, 1, 0, 2, 1, 0, 0, 1, 1, 3, 0, 1, 3, 3, 1, 0, 0, 2, 0, 0, 0, 0, 1, 0, 0, 0, 1, 0, 1, 2, 0, 1, 1, 0, 0, 0, 0, 0],790.1921483697682,57957.04840138768,88951.83199580385,true
41,G1_CMAX,G3_TWC,[31, 22, 82, 42, 15, 26, 95, 58, 77, 12, 47, 5, 93, 78, 98, 54, 85, 63, 18, 7, 20, 35, 43, 97, 91, 76, 10, 30, 21, 45, 71, 64, 1, 23, 17, 83, 24, 14, 60, 36, 6, 57, 94, 88, 65, 56, 79, 40, 67, 68, 46, 75, 39, 9, 19, 32, 81, 96, 27, 62, 87, 90, 99, 59, 11, 16, 72, 73, 70, 38, 37, 84, 3, 92, 25, 55, 28, 29, 51, 50, 33, 61, 86, 66, 89, 44, 48, 41, 53, 80, 4, 8, 34, 49, 52, 0, 13, 2, 69, 74]|[1, 1, 0, 1, 1, 1, 2, 1, 2, 1, 2, 2, 2, 1, 1, 0, 0, 1, 0, 1, 2, 0, 1, 2, 0, 1, 2, 2, 0, 0, 1, 2, 1, 2, 1, 0, 2, 0, 1, 1, 0, 1, 1, 1, 0, 2, 1, 1, 0, 0, 0, 0, 1, 1, 2, 1, 2, 0, 0, 0, 2, 1, 0, 1, 2, 1, 2, 1, 1, 1, 1, 1, 2, 0, 1, 1, 0, 0, 0, 0, 2, 1, 0, 2, 1, 2, 0, 0, 0, 0, 0, 1, 2, 0, 1, 0, 0, 0, 1, 2]|[4, 3, 2, 2, 2, 0, 2, 0, 2, 4, 1, 1, 2, 4, 4, 1, 1, 4, 2, 3, 1, 1, 1, 2, 1, 2, 1, 1, 1, 1, 3, 2, 3, 0, 4, 0, 1, 1, 0, 3, 2, 2, 4, 0, 1, 1, 0, 2, 0, 1, 2, 2, 1, 4, 0, 3, 2, 1, 1, 2, 1, 3, 1, 1, 1, 3, 0, 4, 3, 1, 4, 1, 1, 2, 4, 4, 2, 1, 1, 1, 1, 3, 1, 1, 1, 1, 1, 1, 2, 1, 2, 3, 1, 1, 1, 2, 2, 2, 3, 1]|[0, 2, 1, 1, 1, 3, 0, 3, 0, 0, 0, 0, 1, 0, 1, 0, 0, 3, 1, 2, 0, 0, 3, 1, 0, 2, 0, 0, 0, 1, 0, 0, 0, 0, 3, 0, 1, 0, 0, 2, 1, 1, 2, 0, 0, 0, 0, 1, 1, 0, 0, 0, 1, 3, 0, 0, 1, 0, 0, 1, 0, 2, 0, 1, 0, 2, 1, 0, 0, 1, 1, 3, 0, 1, 3, 3, 1, 0, 0, 0, 0, 0, 0, 0, 1, 0, 0, 0, 1, 0, 1, 2, 0, 1, 1, 0, 0, 0, 0, 0],800.4232165191981,58146.19317325883,88064.54013931604,true
41,G4_BALANCED,G1_CMAX,[31, 22, 82, 15, 26, 99, 95, 42, 77, 12, 47, 5, 93, 78, 71, 45, 13, 63, 18, 44, 20, 67, 43, 97, 91, 76, 10, 30, 85, 37, 64, 1, 23, 57, 83, 24, 14, 60, 36, 81, 17, 40, 65, 56, 79, 94, 88, 35, 68, 46, 38, 9, 19, 32, 41, 54, 6, 27, 87, 62, 90, 59, 11, 16, 72, 73, 70, 39, 86, 84, 3, 92, 25, 55, 28, 51, 7, 33, 61, 98, 48, 29, 89, 50, 4, 96, 53, 80, 75, 66, 8, 34, 49, 52, 0, 21, 2, 58, 69, 74]|[1, 1, 0, 1, 1, 0, 1, 1, 2, 1, 2, 2, 2, 1, 1, 0, 0, 1, 0, 2, 2, 0, 1, 2, 0, 1, 2, 2, 0, 1, 2, 1, 2, 1, 0, 2, 0, 1, 1, 2, 1, 1, 0, 2, 1, 1, 1, 0, 0, 0, 1, 1, 2, 1, 0, 0, 2, 0, 2, 0, 1, 1, 2, 1, 2, 1, 1, 1, 1, 1, 2, 0, 1, 2, 0, 2, 2, 2, 1, 2, 0, 0, 1, 0, 1, 2, 0, 0, 0, 2, 1, 2, 0, 1, 0, 0, 0, 0, 1, 2]|[0, 3, 2, 4, 0, 1, 2, 2, 2, 4, 1, 1, 2, 4, 3, 1, 2, 4, 2, 1, 1, 0, 1, 2, 1, 2, 1, 1, 1, 4, 2, 3, 0, 4, 1, 1, 1, 0, 3, 2, 4, 2, 1, 1, 0, 4, 0, 1, 1, 2, 1, 4, 0, 3, 1, 1, 2, 1, 1, 2, 3, 1, 1, 3, 0, 4, 3, 1, 4, 1, 1, 0, 4, 1, 2, 2, 1, 1, 3, 1, 1, 1, 1, 1, 4, 1, 2, 1, 2, 1, 3, 1, 1, 1, 2, 2, 2, 1, 4, 1]|[2, 2, 1, 1, 3, 0, 1, 1, 0, 0, 0, 0, 1, 0, 0, 0, 0, 3, 1, 0, 0, 1, 3, 1, 0, 2, 0, 0, 0, 1, 0, 0, 0, 3, 0, 1, 0, 0, 2, 1, 3, 1, 0, 0, 0, 2, 0, 0, 0, 0, 1, 3, 0, 0, 0, 0, 1, 0, 0, 1, 2, 1, 0, 2, 1, 0, 0, 1, 1, 3, 0, 1, 3, 0, 1, 1, 0, 0, 0, 0, 0, 0, 1, 0, 0, 0, 1, 0, 0, 0, 2, 0, 1, 1, 0, 0, 0, 0, 2, 0],716.9524403010157,57951.44368392046,95406.0545863103,true
41,G2_TEC,G2_TEC,[31, 22, 82, 15, 26, 9, 95, 42, 77, 68, 47, 5, 93, 78, 86, 54, 85, 63, 18, 44, 20, 49, 36, 14, 74, 50, 53, 17, 21, 28, 11, 64, 3, 23, 30, 83, 24, 41, 40, 52, 65, 27, 90, 70, 39, 87, 48, 69, 99, 4, 46, 1, 13, 58, 97, 59, 45, 8, 73, 37, 35, 79, 71, 66, 76, 32, 60, 80, 56, 6, 67, 61, 33, 7, 57, 34, 12, 16, 10, 98, 96, 88, 2, 75, 91, 43, 84, 92, 29, 19, 51, 55, 81, 89, 25, 72, 94, 38, 0, 62]|[2, 1, 2, 1, 1, 2, 1, 1, 1, 1, 1, 0, 2, 2, 1, 2, 0, 0, 0, 2, 2, 1, 0, 2, 0, 2, 2, 1, 0, 1, 1, 1, 0, 0, 1, 0, 2, 1, 2, 2, 0, 0, 1, 1, 0, 2, 0, 2, 1, 0, 0, 2, 0, 0, 2, 0, 1, 1, 0, 0, 2, 1, 1, 2, 2, 0, 2, 2, 2, 1, 2, 1, 1, 2, 0, 1, 1, 2, 1, 2, 0, 1, 0, 0, 1, 1, 0, 0, 1, 1, 1, 0, 1, 1, 1, 1, 2, 0, 2, 1]|[0, 3, 0, 3, 4, 1, 4, 4, 2, 4, 3, 2, 1, 0, 2, 1, 1, 1, 2, 1, 1, 3, 0, 1, 0, 1, 1, 4, 1, 4, 3, 2, 2, 0, 4, 1, 1, 4, 1, 1, 2, 1, 4, 4, 1, 1, 0, 2, 3, 2, 2, 1, 2, 1, 1, 2, 4, 3, 0, 2, 1, 3, 3, 1, 1, 2, 1, 1, 1, 4, 1, 3, 4, 1, 2, 4, 3, 1, 3, 1, 2, 4, 2, 2, 3, 4, 2, 2, 3, 4, 3, 2, 4, 4, 4, 4, 1, 2, 1, 3]|[0, 2, 0, 0, 3, 0, 1, 3, 0, 0, 2, 0, 1, 0, 1, 0, 0, 0, 1, 0, 0, 2, 0, 0, 1, 0, 0, 3, 0, 1, 0, 2, 0, 0, 3, 0, 1, 1, 0, 0, 0, 0, 1, 3, 0, 0, 1, 0, 2, 0, 0, 0, 0, 0, 1, 0, 1, 0, 1, 1, 0, 2, 0, 0, 0, 0, 0, 0, 0, 2, 0, 0, 1, 0, 0, 1, 0, 0, 3, 0, 0, 1, 0, 0, 0, 2, 0, 0, 3, 1, 0, 0, 2, 1, 3, 1, 0, 0, 0, 0],914.0597544875216,49177.57411962909,107642.75205892837,false
41,G3_TWC,G4_BALANCED,[31, 22, 82, 15, 26, 58, 95, 42, 77, 12, 47, 5, 93, 78, 98, 54, 85, 63, 18, 44, 20, 35, 43, 97, 91, 76, 10, 30, 21, 45, 71, 64, 1, 23, 17, 83, 24, 14, 60, 36, 6, 57, 94, 88, 65, 56, 79, 40, 67, 68, 46, 75, 38, 9, 19, 32, 81, 41, 27, 62, 87, 90, 99, 59, 11, 16, 72, 73, 70, 39, 37, 84, 3, 92, 25, 55, 28, 29, 51, 7, 33, 61, 86, 48, 89, 34, 69, 96, 53, 80, 4, 8, 50, 49, 52, 0, 13, 2, 66, 74]|[1, 1, 0, 1, 1, 1, 2, 1, 2, 1, 2, 2, 2, 1, 1, 0, 0, 1, 0, 2, 2, 0, 1, 2, 0, 1, 2, 2, 0, 0, 1, 2, 1, 2, 1, 0, 2, 0, 1, 1, 0, 1, 1, 1, 0, 2, 1, 1, 0, 0, 0, 0, 1, 1, 2, 1, 2, 0, 0, 0, 2, 1, 0, 1, 2, 1, 2, 1, 1, 1, 1, 1, 2, 0, 1, 1, 0, 0, 0, 1, 2, 1, 0, 0, 1, 2, 1, 0, 0, 0, 0, 1, 0, 0, 1, 0, 0, 0, 2, 2]|[4, 3, 2, 2, 0, 0, 2, 2, 2, 4, 1, 1, 2, 4, 4, 1, 1, 4, 2, 1, 1, 1, 1, 2, 1, 2, 1, 1, 1, 1, 3, 2, 3, 0, 4, 0, 1, 1, 0, 3, 2, 2, 4, 0, 1, 1, 0, 2, 0, 1, 2, 2, 1, 4, 0, 3, 2, 1, 1, 2, 1, 3, 1, 1, 1, 3, 0, 4, 3, 1, 4, 1, 1, 2, 4, 4, 2, 1, 1, 3, 1, 3, 1, 1, 1, 1, 3, 1, 2, 1, 2, 3, 1, 1, 1, 2, 2, 2, 1, 1]|[0, 2, 1, 1, 3, 3, 0, 1, 0, 0, 0, 0, 1, 0, 1, 0, 0, 3, 1, 0, 0, 0, 3, 1, 0, 2, 0, 0, 0, 1, 0, 0, 0, 0, 3, 0, 1, 0, 0, 2, 1, 1, 2, 0, 0, 0, 0, 1, 1, 0, 0, 0, 1, 3, 0, 0, 1, 0, 0, 1, 0, 2, 0, 1, 0, 2, 1, 0, 0, 1, 1, 3, 0, 1, 3, 3, 1, 0, 0, 2, 0, 0, 0, 0, 1, 0, 0, 0, 1, 0, 1, 2, 0, 1, 1, 0, 0, 0, 0, 0],790.1921483697682,57957.04840138768,88951.83199580385,true
41,G1_CMAX,G3_TWC,[31, 22, 82, 15, 26, 58, 95, 27, 77, 12, 47, 5, 93, 78, 98, 54, 85, 63, 18, 44, 20, 35, 43, 97, 91, 76, 10, 30, 21, 45, 71, 64, 1, 23, 17, 83, 24, 14, 60, 36, 6, 57, 94, 88, 65, 56, 79, 40, 67, 68, 46, 75, 39, 9, 19, 32, 81, 41, 42, 62, 87, 90, 99, 59, 11, 16, 72, 73, 70, 38, 37, 84, 3, 92, 25, 52, 28, 29, 51, 7, 33, 61, 86, 66, 89, 50, 48, 96, 53, 80, 4, 8, 34, 49, 55, 0, 13, 2, 69, 74]|[1, 1, 0, 1, 1, 1, 2, 1, 2, 1, 2, 2, 2, 1, 1, 0, 0, 1, 0, 2, 2, 0, 1, 2, 0, 1, 2, 2, 0, 0, 1, 2, 1, 2, 1, 0, 2, 0, 1, 1, 0, 1, 1, 1, 0, 2, 1, 1, 0, 0, 0, 0, 1, 1, 2, 1, 2, 0, 0, 0, 2, 1, 0, 1, 2, 1, 2, 1, 1, 1, 1, 1, 2, 0, 1, 1, 0, 0, 0, 1, 2, 1, 0, 2, 1, 0, 0, 0, 0, 0, 0, 1, 2, 0, 1, 0, 0, 0, 1, 2]|[4, 3, 2, 2, 0, 0, 2, 2, 2, 4, 1, 1, 2, 4, 4, 1, 1, 4, 2, 1, 1, 1, 1, 2, 1, 2, 1, 1, 1, 1, 3, 2, 3, 0, 4, 0, 1, 1, 0, 3, 2, 2, 4, 0, 1, 1, 0, 2, 0, 1, 2, 2, 1, 4, 0, 3, 2, 1, 1, 2, 1, 3, 1, 1, 1, 3, 0, 4, 3, 1, 4, 1, 1, 2, 4, 1, 2, 1, 1, 3, 1, 3, 1, 1, 1, 1, 1, 1, 2, 1, 2, 3, 1, 1, 4, 2, 2, 2, 3, 1]|[0, 2, 1, 1, 3, 3, 0, 1, 0, 0, 0, 0, 1, 0, 1, 0, 0, 3, 1, 0, 0, 0, 3, 1, 0, 2, 0, 0, 0, 1, 0, 0, 0, 0, 3, 0, 1, 0, 0, 2, 1, 1, 2, 0, 0, 0, 0, 1, 1, 0, 0, 0, 1, 3, 0, 0, 1, 0, 0, 1, 0, 2, 0, 1, 0, 2, 1, 0, 0, 1, 1, 3, 0, 1, 3, 1, 1, 0, 0, 2, 0, 0, 0, 0, 1, 0, 0, 0, 1, 0, 1, 2, 0, 1, 3, 0, 0, 0, 0, 0],809.1152396105251,57829.98412643394,88824.25505897307,true
41,G4_BALANCED,G2_TEC,[31, 22, 82, 15, 26, 9, 95, 42, 77, 68, 47, 5, 93, 78, 86, 54, 85, 63, 18, 44, 20, 49, 36, 14, 74, 50, 53, 17, 21, 28, 11, 64, 3, 23, 30, 83, 24, 41, 40, 52, 65, 27, 90, 70, 39, 87, 48, 69, 99, 4, 46, 1, 13, 58, 97, 59, 45, 8, 73, 37, 35, 79, 71, 66, 76, 32, 60, 80, 96, 6, 67, 61, 33, 7, 57, 34, 12, 0, 10, 98, 56, 88, 43, 75, 91, 38, 84, 16, 29, 19, 51, 55, 72, 25, 89, 81, 94, 2, 92, 62]|[2, 1, 2, 1, 1, 2, 1, 1, 1, 1, 1, 0, 2, 2, 1, 2, 0, 0, 0, 2, 2, 1, 0, 2, 0, 2, 2, 1, 0, 1, 1, 1, 0, 0, 1, 0, 2, 1, 2, 2, 0, 0, 1, 1, 0, 2, 0, 2, 1, 0, 0, 2, 0, 0, 2, 0, 1, 1, 0, 0, 2, 1, 1, 2, 2, 0, 2, 2, 0, 1, 2, 1, 1, 2, 0, 1, 1, 0, 1, 2, 0, 1, 1, 0, 1, 0, 0, 2, 1, 1, 1, 0, 1, 1, 1, 1, 2, 2, 0, 1]|[0, 3, 0, 3, 4, 1, 4, 4, 2, 4, 3, 2, 1, 0, 2, 1, 1, 1, 2, 1, 1, 3, 0, 1, 0, 1, 1, 4, 1, 4, 3, 2, 2, 0, 4, 1, 1, 4, 1, 1, 2, 1, 4, 4, 1, 1, 0, 2, 3, 2, 2, 1, 2, 1, 1, 2, 4, 3, 0, 2, 2, 3, 3, 1, 1, 2, 1, 1, 2, 4, 1, 3, 4, 1, 2, 4, 3, 2, 3, 1, 2, 4, 4, 2, 3, 2, 2, 1, 3, 4, 3, 2, 4, 4, 4, 4, 1, 1, 2, 3]|[0, 2, 0, 0, 3, 0, 1, 3, 0, 0, 2, 0, 1, 0, 1, 0, 0, 0, 1, 0, 0, 2, 0, 0, 1, 0, 0, 3, 0, 1, 0, 2, 0, 0, 3, 0, 1, 3, 0, 0, 0, 0, 1, 3, 0, 0, 1, 0, 2, 0, 0, 0, 0, 1, 1, 0, 1, 0, 1, 1, 0, 2, 0, 0, 0, 0, 0, 0, 0, 2, 0, 0, 1, 0, 0, 1, 0, 0, 3, 0, 0, 1, 2, 0, 0, 0, 0, 0, 3, 1, 0, 0, 1, 3, 1, 2, 0, 0, 0, 0],884.7022504668442,49713.9756105953,105941.79157097492,true
41,G2_TEC,G2_TEC,[31, 22, 82, 15, 26, 9, 95, 42, 77, 68, 47, 5, 93, 78, 86, 54, 85, 63, 18, 44, 20, 49, 36, 14, 74, 50, 53, 17, 21, 28, 11, 64, 3, 23, 30, 83, 24, 41, 40, 52, 65, 27, 90, 70, 39, 87, 48, 69, 99, 4, 46, 1, 13, 58, 97, 59, 45, 8, 73, 37, 35, 79, 71, 66, 76, 32, 60, 80, 56, 6, 67, 61, 33, 7, 57, 34, 12, 16, 10, 98, 96, 88, 2, 75, 91, 43, 84, 92, 29, 19, 51, 55, 81, 89, 25, 72, 94, 38, 0, 62]|[2, 1, 2, 1, 1, 2, 1, 1, 1, 1, 1, 0, 2, 2, 1, 2, 0, 0, 0, 2, 2, 1, 0, 2, 0, 2, 2, 1, 0, 1, 1, 1, 0, 0, 1, 0, 2, 1, 2, 2, 0, 0, 1, 1, 0, 2, 0, 2, 1, 0, 0, 2, 0, 0, 2, 0, 1, 1, 0, 0, 2, 1, 1, 2, 2, 0, 2, 2, 2, 1, 2, 1, 1, 2, 0, 1, 1, 2, 1, 2, 0, 1, 0, 0, 1, 1, 0, 0, 1, 1, 1, 0, 1, 1, 1, 1, 2, 0, 2, 1]|[0, 3, 0, 3, 4, 1, 4, 4, 2, 4, 3, 2, 1, 0, 2, 1, 1, 1, 2, 1, 1, 3, 0, 1, 0, 1, 1, 4, 1, 4, 3, 2, 2, 0, 4, 1, 1, 4, 1, 1, 2, 1, 4, 4, 1, 1, 0, 2, 3, 2, 2, 1, 2, 1, 1, 2, 4, 3, 0, 2, 1, 3, 3, 1, 1, 2, 1, 1, 1, 4, 1, 3, 4, 1, 2, 4, 3, 1, 3, 1, 2, 4, 2, 2, 3, 4, 2, 2, 3, 4, 3, 2, 4, 4, 4, 4, 1, 2, 1, 3]|[0, 2, 0, 0, 3, 0, 1, 3, 0, 0, 2, 0, 1, 0, 1, 0, 0, 0, 1, 0, 0, 2, 0, 0, 1, 0, 0, 3, 0, 1, 0, 2, 0, 0, 3, 0, 1, 1, 0, 0, 0, 0, 1, 3, 0, 0, 1, 0, 2, 0, 0, 0, 0, 0, 1, 0, 1, 0, 1, 1, 0, 2, 0, 0, 0, 0, 0, 0, 0, 2, 0, 0, 1, 0, 0, 1, 0, 0, 3, 0, 0, 1, 0, 0, 0, 2, 0, 0, 3, 1, 0, 0, 2, 1, 3, 1, 0, 0, 0, 0],914.0597544875216,49177.57411962909,107642.75205892837,false
41,G3_TWC,G4_BALANCED,[31, 22, 82, 15, 26, 58, 95, 42, 77, 12, 47, 5, 93, 78, 98, 54, 85, 63, 18, 44, 20, 35, 43, 97, 91, 76, 10, 30, 21, 45, 71, 64, 1, 23, 17, 83, 24, 14, 60, 36, 6, 57, 94, 88, 65, 56, 79, 40, 67, 68, 46, 75, 38, 9, 19, 32, 81, 41, 27, 62, 87, 90, 99, 59, 11, 16, 72, 73, 70, 39, 37, 84, 3, 92, 25, 55, 28, 29, 51, 7, 33, 61, 86, 48, 89, 34, 69, 96, 53, 80, 4, 8, 50, 49, 52, 0, 13, 2, 66, 74]|[1, 1, 0, 1, 1, 1, 2, 1, 2, 1, 2, 2, 2, 1, 1, 0, 0, 1, 0, 2, 2, 0, 1, 2, 0, 1, 2, 2, 0, 0, 1, 2, 1, 2, 1, 0, 2, 0, 1, 1, 0, 1, 1, 1, 0, 2, 1, 1, 0, 0, 0, 0, 1, 1, 2, 1, 2, 0, 0, 0, 2, 1, 0, 1, 2, 1, 2, 1, 1, 1, 1, 1, 2, 0, 1, 1, 0, 0, 0, 1, 2, 1, 0, 0, 1, 2, 1, 0, 0, 0, 0, 1, 0, 0, 1, 0, 0, 0, 2, 2]|[4, 3, 2, 2, 0, 0, 2, 2, 2, 4, 1, 1, 2, 4, 4, 1, 1, 4, 2, 1, 1, 1, 1, 2, 1, 2, 1, 1, 1, 1, 3, 2, 3, 0, 4, 0, 1, 1, 0, 3, 2, 2, 4, 0, 1, 1, 0, 2, 0, 1, 2, 2, 1, 4, 0, 3, 2, 1, 1, 2, 1, 3, 1, 1, 1, 3, 0, 4, 3, 1, 4, 1, 1, 2, 4, 4, 2, 1, 1, 3, 1, 3, 1, 1, 1, 1, 3, 1, 2, 1, 2, 3, 1, 1, 1, 2, 2, 2, 1, 1]|[0, 2, 1, 1, 3, 3, 0, 1, 0, 0, 0, 0, 1, 0, 1, 0, 0, 3, 1, 0, 0, 0, 3, 1, 0, 2, 0, 0, 0, 1, 0, 0, 0, 0, 3, 0, 1, 0, 0, 2, 1, 1, 2, 0, 0, 0, 0, 1, 1, 0, 0, 0, 1, 3, 0, 0, 1, 0, 0, 1, 0, 2, 0, 1, 0, 2, 1, 0, 0, 1, 1, 3, 0, 1, 3, 3, 1, 0, 0, 2, 0, 0, 0, 0, 1, 0, 0, 0, 1, 0, 1, 2, 0, 1, 1, 0, 0, 0, 0, 0],790.1921483697682,57957.04840138768,88951.83199580385,true
41,G1_CMAX,G1_CMAX,[31, 11, 82, 15, 26, 9, 95, 42, 77, 68, 47, 5, 93, 78, 86, 54, 85, 63, 18, 44, 20, 49, 36, 14, 74, 50, 53, 17, 21, 45, 71, 64, 3, 23, 30, 83, 24, 41, 60, 52, 65, 27, 90, 70, 39, 87, 48, 69, 99, 4, 46, 1, 13, 58, 97, 59, 28, 75, 73, 37, 35, 79, 22, 66, 76, 32, 40, 80, 96, 6, 62, 84, 81, 92, 25, 94, 19, 29, 51, 7, 91, 61, 98, 33, 89, 67, 12, 55, 72, 57, 8, 10, 34, 56, 43, 0, 2, 88, 38, 16]|[2, 1, 2, 1, 1, 1, 1, 2, 1, 1, 1, 0, 2, 2, 1, 0, 0, 1, 0, 2, 2, 0, 0, 2, 0, 1, 2, 2, 0, 1, 1, 1, 1, 0, 1, 0, 2, 1, 2, 2, 0, 0, 1, 1, 0, 2, 2, 2, 1, 0, 0, 2, 0, 1, 0, 0, 1, 1, 0, 0, 2, 1, 0, 2, 2, 1, 2, 2, 1, 1, 1, 0, 2, 0, 1, 2, 1, 0, 1, 2, 1, 1, 2, 1, 1, 0, 0, 0, 1, 0, 1, 0, 1, 2, 1, 0, 2, 1, 0, 2]|[0, 3, 0, 2, 4, 0, 4, 2, 2, 4, 3, 2, 1, 0, 2, 1, 2, 4, 2, 1, 1, 1, 0, 1, 0, 2, 1, 1, 1, 4, 3, 2, 3, 0, 4, 1, 1, 4, 0, 1, 2, 1, 3, 0, 1, 1, 1, 2, 3, 1, 2, 1, 2, 4, 1, 2, 4, 3, 0, 2, 2, 0, 1, 0, 1, 3, 0, 1, 3, 1, 4, 2, 2, 2, 4, 1, 4, 1, 3, 1, 3, 3, 1, 4, 4, 1, 2, 2, 4, 2, 3, 1, 4, 1, 4, 2, 1, 3, 2, 1]|[0, 2, 0, 1, 3, 3, 1, 0, 0, 0, 2, 0, 1, 0, 1, 0, 0, 3, 1, 0, 0, 0, 0, 0, 1, 2, 0, 0, 0, 1, 0, 2, 0, 1, 3, 0, 1, 3, 0, 0, 0, 0, 2, 0, 0, 0, 0, 0, 2, 0, 0, 0, 0, 3, 0, 0, 1, 0, 1, 1, 0, 0, 0, 0, 0, 2, 1, 0, 0, 1, 1, 0, 1, 0, 3, 0, 3, 0, 0, 0, 0, 0, 0, 1, 1, 0, 1, 0, 2, 0, 2, 0, 1, 0, 2, 0, 0, 0, 0, 0],836.0442072634031,54729.0834847965,121676.84165182203,false
41,G4_BALANCED,G4_BALANCED,[31, 11, 15, 82, 26, 9, 95, 32, 77, 68, 47, 5, 93, 78, 86, 54, 85, 63, 18, 44, 20, 49, 36, 14, 74, 50, 53, 17, 21, 45, 71, 64, 3, 23, 30, 83, 24, 41, 60, 52, 65, 27, 90, 70, 39, 87, 48, 69, 99, 4, 46, 1, 13, 58, 97, 59, 28, 75, 73, 37, 35, 79, 22, 66, 76, 42, 40, 80, 96, 6, 16, 61, 33, 7, 57, 34, 12, 67, 10, 98, 8, 88, 29, 56, 91, 38, 19, 92, 43, 84, 2, 72, 81, 25, 51, 55, 62, 89, 94, 0]|[2, 1, 1, 2, 1, 2, 1, 1, 1, 1, 1, 0, 2, 2, 1, 2, 0, 0, 0, 2, 2, 1, 0, 2, 0, 2, 2, 1, 0, 1, 1, 1, 0, 0, 1, 0, 2, 1, 2, 2, 0, 0, 1, 1, 0, 2, 0, 2, 1, 0, 0, 2, 0, 0, 2, 0, 1, 0, 0, 0, 2, 1, 1, 2, 2, 0, 2, 2, 0, 1, 2, 1, 1, 2, 0, 1, 1, 1, 1, 2, 2, 1, 1, 2, 1, 0, 1, 0, 1, 0, 2, 1, 1, 1, 1, 0, 1, 1, 2, 0]|[1, 3, 2, 0, 4, 1, 4, 4, 2, 4, 3, 2, 1, 0, 2, 1, 1, 1, 2, 1, 1, 3, 0, 1, 0, 1, 1, 4, 1, 4, 3, 2, 2, 0, 4, 1, 1, 4, 0, 1, 2, 1, 4, 4, 1, 1, 0, 2, 3, 2, 2, 1, 2, 1, 1, 2, 4, 2, 0, 2, 2, 3, 3, 0, 1, 2, 1, 1, 2, 4, 1, 3, 4, 1, 2, 4, 3, 3, 3, 1, 1, 4, 3, 1, 3, 2, 4, 2, 4, 2, 1, 4, 1, 4, 3, 2, 3, 4, 1, 2]|[1, 2, 1, 0, 3, 0, 1, 3, 0, 0, 2, 0, 1, 0, 1, 0, 0, 0, 1, 0, 0, 2, 0, 0, 1, 0, 0, 3, 0, 1, 0, 2, 0, 1, 3, 0, 1, 3, 1, 0, 0, 0, 1, 3, 0, 0, 1, 0, 2, 0, 0, 0, 0, 0, 1, 0, 1, 0, 1, 1, 0, 2, 0, 0, 0, 0, 0, 0, 0, 2, 0, 0, 1, 0, 0, 1, 0, 0, 3, 0, 0, 1, 0, 0, 0, 0, 3, 0, 2, 0, 0, 2, 1, 3, 0, 0, 0, 1, 0, 0],853.9586631816869,51686.521742419325,106121.17870986674,false
41,G2_TEC,G2_TEC,[31, 22, 82, 15, 26, 9, 95, 42, 77, 68, 47, 5, 93, 78, 86, 54, 85, 63, 18, 44, 20, 49, 36, 14, 74, 50, 53, 17, 21, 28, 11, 64, 3, 23, 30, 83, 24, 41, 40, 52, 65, 27, 90, 70, 39, 87, 48, 69, 99, 4, 46, 1, 13, 58, 97, 59, 45, 8, 73, 37, 35, 79, 71, 66, 76, 32, 60, 80, 56, 6, 67, 61, 33, 7, 57, 34, 12, 16, 10, 98, 96, 88, 2, 75, 91, 43, 84, 92, 29, 19, 51, 55, 81, 89, 25, 72, 94, 38, 0, 62]|[2, 1, 2, 1, 1, 2, 1, 1, 1, 1, 1, 0, 2, 2, 1, 2, 0, 0, 0, 2, 2, 1, 0, 2, 0, 2, 2, 1, 0, 1, 1, 1, 0, 0, 1, 0, 2, 1, 2, 2, 0, 0, 1, 1, 0, 2, 0, 2, 1, 0, 0, 2, 0, 0, 2, 0, 1, 1, 0, 0, 2, 1, 1, 2, 2, 0, 2, 2, 2, 1, 2, 1, 1, 2, 0, 1, 1, 2, 1, 2, 0, 1, 0, 0, 1, 1, 0, 0, 1, 1, 1, 0, 1, 1, 1, 1, 2, 0, 2, 1]|[0, 3, 0, 3, 4, 1, 4, 4, 2, 4, 3, 2, 1, 0, 2, 1, 1, 1, 2, 1, 1, 3, 0, 1, 0, 1, 1, 4, 1, 4, 3, 2, 2, 0, 4, 1, 1, 4, 1, 1, 2, 1, 4, 4, 1, 1, 0, 2, 3, 2, 2, 1, 2, 1, 1, 2, 4, 3, 0, 2, 1, 3, 3, 1, 1, 2, 1, 1, 1, 4, 1, 3, 4, 1, 2, 4, 3, 1, 3, 1, 2, 4, 2, 2, 3, 4, 2, 2, 3, 4, 3, 2, 4, 4, 4, 4, 1, 2, 1, 3]|[0, 2, 0, 0, 3, 0, 1, 3, 0, 0, 2, 0, 1, 0, 1, 0, 0, 0, 1, 0, 0, 2, 0, 0, 1, 0, 0, 3, 0, 1, 0, 2, 0, 0, 3, 0, 1, 1, 0, 0, 0, 0, 1, 3, 0, 0, 1, 0, 2, 0, 0, 0, 0, 0, 1, 0, 1, 0, 1, 1, 0, 2, 0, 0, 0, 0, 0, 0, 0, 2, 0, 0, 1, 0, 0, 1, 0, 0, 3, 0, 0, 1, 0, 0, 0, 2, 0, 0, 3, 1, 0, 0, 2, 1, 3, 1, 0, 0, 0, 0],914.0597544875216,49177.57411962909,107642.75205892837,false
41,G3_TWC,G4_BALANCED,[31, 22, 82, 15, 26, 58, 95, 42, 77, 12, 47, 5, 93, 78, 98, 54, 85, 63, 18, 44, 20, 35, 43, 97, 91, 76, 10, 30, 21, 45, 71, 64, 1, 23, 17, 83, 24, 14, 60, 36, 6, 57, 94, 88, 65, 56, 79, 40, 67, 68, 46, 75, 38, 9, 19, 32, 81, 41, 27, 62, 87, 90, 99, 59, 11, 16, 72, 73, 70, 39, 37, 84, 3, 92, 25, 55, 28, 29, 51, 7, 33, 61, 86, 48, 89, 34, 69, 96, 53, 80, 4, 8, 50, 49, 52, 0, 13, 2, 66, 74]|[1, 1, 0, 1, 1, 1, 2, 1, 2, 1, 2, 2, 2, 1, 1, 0, 0, 1, 0, 2, 2, 0, 1, 2, 0, 1, 2, 2, 0, 0, 1, 2, 1, 2, 1, 0, 2, 0, 1, 1, 0, 1, 1, 1, 0, 2, 1, 1, 0, 0, 0, 0, 1, 1, 2, 1, 2, 0, 0, 0, 2, 1, 0, 1, 2, 1, 2, 1, 1, 1, 1, 1, 2, 0, 1, 1, 0, 0, 0, 1, 2, 1, 0, 0, 1, 2, 1, 0, 0, 0, 0, 1, 0, 0, 1, 0, 0, 0, 2, 2]|[4, 3, 2, 2, 0, 0, 2, 2, 2, 4, 1, 1, 2, 4, 4, 1, 1, 4, 2, 1, 1, 1, 1, 2, 1, 2, 1, 1, 1, 1, 3, 2, 3, 0, 4, 0, 1, 1, 0, 3, 2, 2, 4, 0, 1, 1, 0, 2, 0, 1, 2, 2, 1, 4, 0, 3, 2, 1, 1, 2, 1, 3, 1, 1, 1, 3, 0, 4, 3, 1, 4, 1, 1, 2, 4, 4, 2, 1, 1, 3, 1, 3, 1, 1, 1, 1, 3, 1, 2, 1, 2, 3, 1, 1, 1, 2, 2, 2, 1, 1]|[0, 2, 1, 1, 3, 3, 0, 1, 0, 0, 0, 0, 1, 0, 1, 0, 0, 3, 1, 0, 0, 0, 3, 1, 0, 2, 0, 0, 0, 1, 0, 0, 0, 0, 3, 0, 1, 0, 0, 2, 1, 1, 2, 0, 0, 0, 0, 1, 1, 0, 0, 0, 1, 3, 0, 0, 1, 0, 0, 1, 0, 2, 0, 1, 0, 2, 1, 0, 0, 1, 1, 3, 0, 1, 3, 3, 1, 0, 0, 2, 0, 0, 0, 0, 1, 0, 0, 0, 1, 0, 1, 2, 0, 1, 1, 0, 0, 0, 0, 0],790.1921483697682,57957.04840138768,88951.83199580385,true
41,G1_CMAX,G1_CMAX,[31, 22, 82, 90, 26, 58, 95, 42, 77, 12, 93, 5, 78, 86, 98, 18, 44, 20, 35, 3, 97, 91, 76, 10, 85, 30, 47, 54, 45, 63, 71, 66, 1, 23, 17, 83, 24, 14, 60, 36, 6, 57, 40, 88, 65, 56, 79, 94, 67, 68, 46, 75, 38, 9, 19, 32, 81, 27, 62, 87, 15, 99, 59, 11, 16, 72, 73, 70, 39, 37, 84, 43, 80, 53, 96, 4, 50, 41, 89, 48, 21, 61, 33, 7, 51, 29, 28, 55, 25, 92, 8, 69, 0, 74, 52, 2, 13, 34, 49, 64]|[1, 1, 0, 1, 1, 0, 2, 1, 2, 1, 2, 2, 2, 1, 0, 1, 0, 2, 2, 1, 2, 2, 1, 2, 2, 2, 2, 0, 0, 0, 1, 2, 1, 2, 1, 0, 2, 0, 1, 1, 0, 1, 1, 1, 0, 2, 1, 1, 0, 0, 0, 1, 1, 1, 2, 1, 2, 0, 0, 2, 1, 0, 1, 2, 1, 2, 1, 1, 1, 1, 1, 1, 0, 0, 2, 1, 0, 0, 1, 0, 0, 1, 2, 1, 0, 0, 0, 1, 1, 0, 0, 1, 0, 2, 1, 0, 0, 2, 0, 2]|[3, 0, 2, 3, 0, 1, 1, 2, 2, 4, 1, 1, 0, 4, 1, 4, 2, 1, 1, 1, 2, 2, 2, 1, 1, 1, 2, 1, 1, 2, 3, 2, 3, 1, 4, 0, 1, 1, 0, 3, 2, 2, 4, 0, 1, 1, 0, 4, 0, 1, 2, 3, 1, 4, 0, 3, 2, 1, 2, 1, 2, 1, 1, 1, 3, 0, 4, 3, 1, 4, 1, 1, 1, 2, 1, 4, 1, 1, 1, 1, 1, 3, 1, 1, 1, 1, 2, 4, 4, 2, 2, 3, 2, 1, 1, 2, 2, 1, 1, 1]|[2, 0, 1, 2, 3, 0, 0, 1, 1, 0, 0, 0, 0, 1, 0, 3, 1, 0, 0, 1, 1, 1, 2, 0, 0, 0, 1, 0, 1, 0, 0, 0, 0, 0, 3, 0, 1, 0, 0, 2, 1, 1, 2, 0, 0, 0, 0, 2, 1, 0, 0, 0, 1, 3, 0, 0, 1, 0, 1, 0, 1, 0, 1, 0, 2, 1, 0, 0, 1, 1, 3, 3, 0, 1, 0, 0, 0, 0, 1, 0, 0, 0, 0, 2, 0, 0, 1, 3, 3, 1, 1, 2, 0, 0, 1, 0, 0, 0, 1, 0],706.0425648885516,58640.99257008452,96849.50297129861,false
41,G4_BALANCED,G4_BALANCED,[31, 11, 15, 82, 26, 9, 95, 32, 77, 68, 47, 5, 93, 78, 86, 54, 85, 63, 18, 44, 20, 49, 36, 14, 74, 50, 53, 17, 21, 45, 71, 64, 3, 23, 30, 83, 24, 41, 60, 52, 65, 27, 90, 70, 39, 87, 48, 69, 99, 4, 46, 1, 13, 58, 97, 59, 28, 75, 73, 37, 35, 79, 22, 66, 76, 42, 40, 80, 96, 6, 16, 61, 33, 7, 57, 34, 12, 67, 10, 98, 8, 88, 29, 56, 91, 38, 19, 92, 43, 84, 2, 72, 81, 25, 51, 55, 62, 89, 94, 0]|[2, 1, 1, 2, 1, 2, 1, 1, 1, 1, 1, 0, 2, 2, 1, 2, 0, 0, 0, 2, 2, 1, 0, 2, 0, 2, 2, 1, 0, 1, 1, 1, 0, 0, 1, 0, 2, 1, 2, 2, 0, 0, 1, 1, 0, 2, 0, 2, 1, 0, 0, 2, 0, 0, 2, 0, 1, 0, 0, 0, 2, 1, 1, 2, 2, 0, 2, 2, 0, 1, 2, 1, 1, 2, 0, 1, 1, 1, 1, 2, 2, 1, 1, 2, 1, 0, 1, 0, 1, 0, 2, 1, 1, 1, 1, 0, 1, 1, 2, 0]|[1, 3, 2, 0, 4, 1, 4, 4, 2, 4, 3, 2, 1, 0, 2, 1, 1, 1, 2, 1, 1, 3, 0, 1, 0, 1, 1, 4, 1, 4, 3, 2, 2, 0, 4, 1, 1, 4, 0, 1, 2, 1, 4, 4, 1, 1, 0, 2, 3, 2, 2, 1, 2, 1, 1, 2, 4, 2, 0, 2, 2, 3, 3, 0, 1, 2, 1, 1, 2, 4, 1, 3, 4, 1, 2, 4, 3, 3, 3, 1, 1, 4, 3, 1, 3, 2, 4, 2, 4, 2, 1, 4, 1, 4, 3, 2, 3, 4, 1, 2]|[1, 2, 1, 0, 3, 0, 1, 3, 0, 0, 2, 0, 1, 0, 1, 0, 0, 0, 1, 0, 0, 2, 0, 0, 1, 0, 0, 3, 0, 1, 0, 2, 0, 1, 3, 0, 1, 3, 1, 0, 0, 0, 1, 3, 0, 0, 1, 0, 2, 0, 0, 0, 0, 0, 1, 0, 1, 0, 1, 1, 0, 2, 0, 0, 0, 0, 0, 0, 0, 2, 0, 0, 1, 0, 0, 1, 0, 0, 3, 0, 0, 1, 0, 0, 0, 0, 3, 0, 2, 0, 0, 2, 1, 3, 0, 0, 0, 1, 0, 0],853.9586631816869,51686.521742419325,106121.17870986674,false
41,G2_TEC,G2_TEC,[31, 22, 82, 15, 26, 9, 95, 42, 77, 68, 47, 5, 93, 78, 86, 54, 85, 63, 18, 44, 20, 49, 36, 14, 74, 50, 53, 17, 21, 28, 11, 64, 3, 23, 30, 83, 24, 41, 40, 52, 65, 27, 90, 70, 39, 87, 48, 69, 99, 4, 46, 1, 13, 58, 97, 59, 45, 8, 73, 37, 35, 79, 71, 66, 76, 32, 60, 80, 56, 6, 67, 61, 33, 7, 57, 34, 12, 16, 10, 98, 96, 88, 2, 75, 91, 43, 84, 92, 29, 19, 51, 55, 81, 89, 25, 72, 94, 38, 0, 62]|[2, 1, 2, 1, 1, 2, 1, 1, 1, 1, 1, 0, 2, 2, 1, 2, 0, 0, 0, 2, 2, 1, 0, 2, 0, 2, 2, 1, 0, 1, 1, 1, 0, 0, 1, 0, 2, 1, 2, 2, 0, 0, 1, 1, 0, 2, 0, 2, 1, 0, 0, 2, 0, 0, 2, 0, 1, 1, 0, 0, 2, 1, 1, 2, 2, 0, 2, 2, 2, 1, 2, 1, 1, 2, 0, 1, 1, 2, 1, 2, 0, 1, 0, 0, 1, 1, 0, 0, 1, 1, 1, 0, 1, 1, 1, 1, 2, 0, 2, 1]|[0, 3, 0, 3, 4, 1, 4, 4, 2, 4, 3, 2, 1, 0, 2, 1, 1, 1, 2, 1, 1, 3, 0, 1, 0, 1, 1, 4, 1, 4, 3, 2, 2, 0, 4, 1, 1, 4, 1, 1, 2, 1, 4, 4, 1, 1, 0, 2, 3, 2, 2, 1, 2, 1, 1, 2, 4, 3, 0, 2, 1, 3, 3, 1, 1, 2, 1, 1, 1, 4, 1, 3, 4, 1, 2, 4, 3, 1, 3, 1, 2, 4, 2, 2, 3, 4, 2, 2, 3, 4, 3, 2, 4, 4, 4, 4, 1, 2, 1, 3]|[0, 2, 0, 0, 3, 0, 1, 3, 0, 0, 2, 0, 1, 0, 1, 0, 0, 0, 1, 0, 0, 2, 0, 0, 1, 0, 0, 3, 0, 1, 0, 2, 0, 0, 3, 0, 1, 1, 0, 0, 0, 0, 1, 3, 0, 0, 1, 0, 2, 0, 0, 0, 0, 0, 1, 0, 1, 0, 1, 1, 0, 2, 0, 0, 0, 0, 0, 0, 0, 2, 0, 0, 1, 0, 0, 1, 0, 0, 3, 0, 0, 1, 0, 0, 0, 2, 0, 0, 3, 1, 0, 0, 2, 1, 3, 1, 0, 0, 0, 0],914.0597544875216,49177.57411962909,107642.75205892837,false
41,G3_TWC,G4_BALANCED,[31, 22, 82, 15, 26, 58, 95, 42, 77, 12, 47, 5, 93, 78, 98, 54, 85, 63, 18, 44, 20, 35, 43, 97, 91, 76, 10, 30, 21, 45, 71, 64, 1, 23, 17, 83, 24, 14, 60, 36, 6, 57, 94, 88, 65, 56, 79, 40, 67, 68, 46, 75, 38, 9, 19, 32, 81, 41, 27, 62, 87, 90, 99, 59, 11, 16, 72, 73, 70, 39, 37, 84, 3, 92, 25, 55, 28, 29, 51, 7, 33, 61, 86, 48, 89, 34, 69, 96, 53, 80, 4, 8, 50, 49, 52, 0, 13, 2, 66, 74]|[1, 1, 0, 1, 1, 1, 2, 1, 2, 1, 2, 2, 2, 1, 1, 0, 0, 1, 0, 2, 2, 0, 1, 2, 0, 1, 2, 2, 0, 0, 1, 2, 1, 2, 1, 0, 2, 0, 1, 1, 0, 1, 1, 1, 0, 2, 1, 1, 0, 0, 0, 0, 1, 1, 2, 1, 2, 0, 0, 0, 2, 1, 0, 1, 2, 1, 2, 1, 1, 1, 1, 1, 2, 0, 1, 1, 0, 0, 0, 1, 2, 1, 0, 0, 1, 2, 1, 0, 0, 0, 0, 1, 0, 0, 1, 0, 0, 0, 2, 2]|[4, 3, 2, 2, 0, 0, 2, 2, 2, 4, 1, 1, 2, 4, 4, 1, 1, 4, 2, 1, 1, 1, 1, 2, 1, 2, 1, 1, 1, 1, 3, 2, 3, 0, 4, 0, 1, 1, 0, 3, 2, 2, 4, 0, 1, 1, 0, 2, 0, 1, 2, 2, 1, 4, 0, 3, 2, 1, 1, 2, 1, 3, 1, 1, 1, 3, 0, 4, 3, 1, 4, 1, 1, 2, 4, 4, 2, 1, 1, 3, 1, 3, 1, 1, 1, 1, 3, 1, 2, 1, 2, 3, 1, 1, 1, 2, 2, 2, 1, 1]|[0, 2, 1, 1, 3, 3, 0, 1, 0, 0, 0, 0, 1, 0, 1, 0, 0, 3, 1, 0, 0, 0, 3, 1, 0, 2, 0, 0, 0, 1, 0, 0, 0, 0, 3, 0, 1, 0, 0, 2, 1, 1, 2, 0, 0, 0, 0, 1, 1, 0, 0, 0, 1, 3, 0, 0, 1, 0, 0, 1, 0, 2, 0, 1, 0, 2, 1, 0, 0, 1, 1, 3, 0, 1, 3, 3, 1, 0, 0, 2, 0, 0, 0, 0, 1, 0, 0, 0, 1, 0, 1, 2, 0, 1, 1, 0, 0, 0, 0, 0],790.1921483697682,57957.04840138768,88951.83199580385,true
41,G1_CMAX,G1_CMAX,[31, 22, 82, 90, 26, 58, 95, 42, 77, 12, 93, 5, 78, 86, 98, 18, 44, 20, 35, 3, 97, 91, 76, 10, 85, 30, 47, 54, 45, 63, 71, 66, 1, 23, 17, 83, 24, 14, 60, 36, 6, 57, 40, 88, 65, 56, 79, 94, 67, 68, 46, 75, 38, 9, 19, 32, 81, 27, 62, 87, 15, 99, 59, 11, 16, 72, 73, 70, 39, 37, 84, 43, 80, 53, 96, 4, 50, 41, 89, 48, 21, 61, 33, 7, 51, 29, 28, 55, 25, 92, 8, 69, 0, 74, 52, 2, 13, 34, 49, 64]|[1, 1, 0, 1, 1, 0, 2, 1, 2, 1, 2, 2, 2, 1, 0, 1, 0, 2, 2, 1, 2, 2, 1, 2, 2, 2, 2, 0, 0, 0, 1, 2, 1, 2, 1, 0, 2, 0, 1, 1, 0, 1, 1, 1, 0, 2, 1, 1, 0, 0, 0, 1, 1, 1, 2, 1, 2, 0, 0, 2, 1, 0, 1, 2, 1, 2, 1, 1, 1, 1, 1, 1, 0, 0, 2, 1, 0, 0, 1, 0, 0, 1, 2, 1, 0, 0, 0, 1, 1, 0, 0, 1, 0, 2, 1, 0, 0, 2, 0, 2]|[3, 0, 2, 3, 0, 1, 1, 2, 2, 4, 1, 1, 0, 4, 1, 4, 2, 1, 1, 1, 2, 2, 2, 1, 1, 1, 2, 1, 1, 2, 3, 2, 3, 1, 4, 0, 1, 1, 0, 3, 2, 2, 4, 0, 1, 1, 0, 4, 0, 1, 2, 3, 1, 4, 0, 3, 2, 1, 2, 1, 2, 1, 1, 1, 3, 0, 4, 3, 1, 4, 1, 1, 1, 2, 1, 4, 1, 1, 1, 1, 1, 3, 1, 1, 1, 1, 2, 4, 4, 2, 2, 3, 2, 1, 1, 2, 2, 1, 1, 1]|[2, 0, 1, 2, 3, 0, 0, 1, 1, 0, 0, 0, 0, 1, 0, 3, 1, 0, 0, 1, 1, 1, 2, 0, 0, 0, 1, 0, 1, 0, 0, 0, 0, 0, 3, 0, 1, 0, 0, 2, 1, 1, 2, 0, 0, 0, 0, 2, 1, 0, 0, 0, 1, 3, 0, 0, 1, 0, 1, 0, 1, 0, 1, 0, 2, 1, 0, 0, 1, 1, 3, 3, 0, 1, 0, 0, 0, 0, 1, 0, 0, 0, 0, 2, 0, 0, 1, 3, 3, 1, 1, 2, 0, 0, 1, 0, 0, 0, 1, 0],706.0425648885516,58640.99257008452,96849.50297129861,false
41,G4_BALANCED,G4_BALANCED,[31, 22, 82, 15, 26, 58, 95, 42, 77, 12, 47, 5, 30, 78, 86, 54, 85, 63, 18, 44, 20, 35, 43, 97, 91, 76, 10, 93, 21, 45, 71, 64, 1, 23, 17, 83, 24, 14, 60, 36, 6, 57, 40, 88, 65, 56, 79, 94, 67, 68, 46, 75, 38, 9, 19, 32, 81, 41, 27, 62, 90, 99, 59, 87, 11, 66, 73, 70, 39, 37, 84, 3, 72, 25, 55, 16, 28, 29, 51, 7, 92, 61, 98, 48, 33, 50, 4, 96, 53, 80, 8, 89, 34, 2, 52, 13, 0, 69, 74, 49]|[1, 1, 0, 1, 1, 0, 1, 2, 2, 1, 2, 2, 2, 1, 1, 0, 0, 1, 0, 2, 2, 0, 1, 2, 0, 1, 2, 2, 0, 0, 1, 2, 1, 2, 1, 0, 2, 0, 1, 1, 0, 1, 1, 1, 0, 2, 1, 1, 0, 0, 0, 0, 1, 1, 2, 1, 0, 2, 0, 2, 1, 0, 1, 2, 2, 2, 1, 1, 1, 1, 1, 1, 2, 1, 1, 0, 0, 0, 0, 1, 2, 1, 2, 0, 1, 0, 1, 2, 0, 0, 0, 1, 2, 0, 1, 0, 0, 1, 2, 0]|[4, 3, 2, 2, 4, 1, 2, 2, 2, 4, 1, 1, 2, 4, 4, 1, 2, 4, 2, 1, 1, 1, 1, 2, 1, 2, 1, 1, 1, 1, 3, 2, 3, 1, 4, 0, 1, 1, 0, 3, 2, 2, 2, 0, 1, 1, 0, 4, 0, 1, 2, 2, 1, 4, 0, 3, 1, 1, 1, 1, 3, 1, 1, 1, 1, 1, 4, 3, 1, 4, 1, 1, 1, 4, 4, 2, 2, 2, 1, 1, 1, 3, 1, 1, 1, 1, 4, 1, 2, 1, 1, 1, 1, 2, 1, 2, 2, 4, 1, 1]|[0, 2, 1, 1, 3, 0, 1, 0, 0, 0, 0, 0, 1, 0, 1, 0, 0, 3, 1, 0, 0, 0, 3, 1, 0, 2, 0, 0, 0, 1, 0, 0, 0, 0, 3, 0, 1, 0, 0, 2, 1, 1, 1, 0, 0, 0, 0, 2, 1, 0, 0, 0, 1, 3, 0, 0, 0, 0, 0, 0, 2, 0, 1, 0, 0, 0, 0, 0, 1, 1, 3, 1, 0, 3, 3, 1, 1, 0, 0, 2, 0, 0, 0, 0, 1, 0, 0, 0, 1, 0, 0, 1, 0, 0, 1, 0, 0, 2, 0, 1],815.9382298603316,55074.479227271986,99598.30336368816,false
41,G2_TEC,G2_TEC,[31, 22, 82, 15, 26, 9, 95, 42, 77, 68, 47, 5, 93, 78, 86, 54, 85, 63, 18, 44, 20, 49, 36, 14, 74, 50, 53, 17, 21, 28, 11, 64, 3, 23, 30, 83, 24, 41, 40, 52, 65, 27, 90, 70, 39, 87, 48, 69, 99, 4, 46, 1, 13, 58, 97, 59, 45, 8, 73, 37, 35, 79, 71, 66, 76, 32, 60, 80, 56, 6, 67, 61, 33, 7, 57, 34, 12, 16, 10, 98, 96, 88, 2, 75, 91, 43, 84, 92, 29, 19, 51, 55, 81, 89, 25, 72, 94, 38, 0, 62]|[2, 1, 2, 1, 1, 2, 1, 1, 1, 1, 1, 0, 2, 2, 1, 2, 0, 0, 0, 2, 2, 1, 0, 2, 0, 2, 2, 1, 0, 1, 1, 1, 0, 0, 1, 0, 2, 1, 2, 2, 0, 0, 1, 1, 0, 2, 0, 2, 1, 0, 0, 2, 0, 0, 2, 0, 1, 1, 0, 0, 2, 1, 1, 2, 2, 0, 2, 2, 2, 1, 2, 1, 1, 2, 0, 1, 1, 2, 1, 2, 0, 1, 0, 0, 1, 1, 0, 0, 1, 1, 1, 0, 1, 1, 1, 1, 2, 0, 2, 1]|[0, 3, 0, 3, 4, 1, 4, 4, 2, 4, 3, 2, 1, 0, 2, 1, 1, 1, 2, 1, 1, 3, 0, 1, 0, 1, 1, 4, 1, 4, 3, 2, 2, 0, 4, 1, 1, 4, 1, 1, 2, 1, 4, 4, 1, 1, 0, 2, 3, 2, 2, 1, 2, 1, 1, 2, 4, 3, 0, 2, 1, 3, 3, 1, 1, 2, 1, 1, 1, 4, 1, 3, 4, 1, 2, 4, 3, 1, 3, 1, 2, 4, 2, 2, 3, 4, 2, 2, 3, 4, 3, 2, 4, 4, 4, 4, 1, 2, 1, 3]|[0, 2, 0, 0, 3, 0, 1, 3, 0, 0, 2, 0, 1, 0, 1, 0, 0, 0, 1, 0, 0, 2, 0, 0, 1, 0, 0, 3, 0, 1, 0, 2, 0, 0, 3, 0, 1, 1, 0, 0, 0, 0, 1, 3, 0, 0, 1, 0, 2, 0, 0, 0, 0, 0, 1, 0, 1, 0, 1, 1, 0, 2, 0, 0, 0, 0, 0, 0, 0, 2, 0, 0, 1, 0, 0, 1, 0, 0, 3, 0, 0, 1, 0, 0, 0, 2, 0, 0, 3, 1, 0, 0, 2, 1, 3, 1, 0, 0, 0, 0],914.0597544875216,49177.57411962909,107642.75205892837,false
41,G3_TWC,G4_BALANCED,[31, 22, 82, 15, 26, 58, 95, 42, 77, 12, 47, 5, 93, 78, 98, 54, 85, 63, 18, 44, 20, 35, 43, 97, 91, 76, 10, 30, 21, 45, 71, 64, 1, 23, 17, 83, 24, 14, 60, 36, 6, 57, 94, 88, 65, 56, 79, 40, 67, 68, 46, 75, 38, 9, 19, 32, 81, 41, 27, 62, 87, 90, 99, 59, 11, 16, 72, 73, 70, 39, 37, 84, 3, 92, 25, 55, 28, 29, 51, 7, 33, 61, 86, 48, 89, 34, 69, 96, 53, 80, 4, 8, 50, 49, 52, 0, 13, 2, 66, 74]|[1, 1, 0, 1, 1, 1, 2, 1, 2, 1, 2, 2, 2, 1, 1, 0, 0, 1, 0, 2, 2, 0, 1, 2, 0, 1, 2, 2, 0, 0, 1, 2, 1, 2, 1, 0, 2, 0, 1, 1, 0, 1, 1, 1, 0, 2, 1, 1, 0, 0, 0, 0, 1, 1, 2, 1, 2, 0, 0, 0, 2, 1, 0, 1, 2, 1, 2, 1, 1, 1, 1, 1, 2, 0, 1, 1, 0, 0, 0, 1, 2, 1, 0, 0, 1, 2, 1, 0, 0, 0, 0, 1, 0, 0, 1, 0, 0, 0, 2, 2]|[4, 3, 2, 2, 0, 0, 2, 2, 2, 4, 1, 1, 2, 4, 4, 1, 1, 4, 2, 1, 1, 1, 1, 2, 1, 2, 1, 1, 1, 1, 3, 2, 3, 0, 4, 0, 1, 1, 0, 3, 2, 2, 4, 0, 1, 1, 0, 2, 0, 1, 2, 2, 1, 4, 0, 3, 2, 1, 1, 2, 1, 3, 1, 1, 1, 3, 0, 4, 3, 1, 4, 1, 1, 2, 4, 4, 2, 1, 1, 3, 1, 3, 1, 1, 1, 1, 3, 1, 2, 1, 2, 3, 1, 1, 1, 2, 2, 2, 1, 1]|[0, 2, 1, 1, 3, 3, 0, 1, 0, 0, 0, 0, 1, 0, 1, 0, 0, 3, 1, 0, 0, 0, 3, 1, 0, 2, 0, 0, 0, 1, 0, 0, 0, 0, 3, 0, 1, 0, 0, 2, 1, 1, 2, 0, 0, 0, 0, 1, 1, 0, 0, 0, 1, 3, 0, 0, 1, 0, 0, 1, 0, 2, 0, 1, 0, 2, 1, 0, 0, 1, 1, 3, 0, 1, 3, 3, 1, 0, 0, 2, 0, 0, 0, 0, 1, 0, 0, 0, 1, 0, 1, 2, 0, 1, 1, 0, 0, 0, 0, 0],790.1921483697682,57957.04840138768,88951.83199580385,true
41,G1_CMAX,G1_CMAX,[31, 22, 82, 90, 26, 58, 95, 42, 77, 12, 93, 5, 78, 86, 98, 18, 44, 20, 35, 3, 97, 91, 76, 10, 85, 30, 47, 54, 45, 63, 71, 66, 1, 23, 17, 83, 24, 14, 60, 36, 6, 57, 40, 88, 65, 56, 79, 94, 67, 68, 46, 75, 38, 9, 19, 32, 81, 27, 62, 87, 15, 99, 59, 11, 16, 72, 73, 70, 39, 37, 84, 43, 80, 53, 96, 4, 50, 41, 89, 48, 21, 61, 33, 7, 51, 29, 28, 55, 25, 92, 8, 69, 0, 74, 52, 2, 13, 34, 49, 64]|[1, 1, 0, 1, 1, 0, 2, 1, 2, 1, 2, 2, 2, 1, 0, 1, 0, 2, 2, 1, 2, 2, 1, 2, 2, 2, 2, 0, 0, 0, 1, 2, 1, 2, 1, 0, 2, 0, 1, 1, 0, 1, 1, 1, 0, 2, 1, 1, 0, 0, 0, 1, 1, 1, 2, 1, 2, 0, 0, 2, 1, 0, 1, 2, 1, 2, 1, 1, 1, 1, 1, 1, 0, 0, 2, 1, 0, 0, 1, 0, 0, 1, 2, 1, 0, 0, 0, 1, 1, 0, 0, 1, 0, 2, 1, 0, 0, 2, 0, 2]|[3, 0, 2, 3, 0, 1, 1, 2, 2, 4, 1, 1, 0, 4, 1, 4, 2, 1, 1, 1, 2, 2, 2, 1, 1, 1, 2, 1, 1, 2, 3, 2, 3, 1, 4, 0, 1, 1, 0, 3, 2, 2, 4, 0, 1, 1, 0, 4, 0, 1, 2, 3, 1, 4, 0, 3, 2, 1, 2, 1, 2, 1, 1, 1, 3, 0, 4, 3, 1, 4, 1, 1, 1, 2, 1, 4, 1, 1, 1, 1, 1, 3, 1, 1, 1, 1, 2, 4, 4, 2, 2, 3, 2, 1, 1, 2, 2, 1, 1, 1]|[2, 0, 1, 2, 3, 0, 0, 1, 1, 0, 0, 0, 0, 1, 0, 3, 1, 0, 0, 1, 1, 1, 2, 0, 0, 0, 1, 0, 1, 0, 0, 0, 0, 0, 3, 0, 1, 0, 0, 2, 1, 1, 2, 0, 0, 0, 0, 2, 1, 0, 0, 0, 1, 3, 0, 0, 1, 0, 1, 0, 1, 0, 1, 0, 2, 1, 0, 0, 1, 1, 3, 3, 0, 1, 0, 0, 0, 0, 1, 0, 0, 0, 0, 2, 0, 0, 1, 3, 3, 1, 1, 2, 0, 0, 1, 0, 0, 0, 1, 0],706.0425648885516,58640.99257008452,96849.50297129861,false
41,G4_BALANCED,G3_TWC,[31, 22, 82, 15, 26, 58, 95, 42, 77, 12, 47, 5, 93, 78, 98, 54, 85, 63, 18, 44, 20, 35, 43, 97, 91, 76, 10, 30, 21, 45, 71, 64, 1, 23, 17, 83, 24, 14, 60, 36, 6, 57, 94, 88, 65, 56, 79, 40, 67, 68, 46, 75, 38, 9, 19, 32, 81, 41, 27, 62, 87, 90, 99, 59, 11, 16, 72, 73, 70, 39, 37, 84, 3, 92, 25, 55, 28, 29, 51, 7, 33, 61, 86, 48, 89, 50, 4, 96, 53, 80, 66, 8, 34, 49, 52, 0, 13, 2, 69, 74]|[1, 1, 0, 1, 1, 1, 2, 1, 2, 1, 2, 2, 2, 1, 1, 0, 0, 1, 0, 2, 2, 0, 0, 2, 0, 1, 2, 2, 0, 0, 1, 2, 1, 2, 1, 0, 2, 0, 1, 1, 0, 1, 1, 1, 0, 2, 1, 1, 0, 0, 0, 0, 1, 1, 2, 1, 2, 0, 0, 0, 2, 1, 0, 2, 2, 1, 2, 1, 1, 1, 1, 1, 2, 0, 1, 1, 0, 0, 0, 1, 2, 1, 0, 0, 1, 0, 0, 0, 0, 0, 0, 1, 2, 0, 1, 0, 0, 0, 1, 2]|[4, 3, 2, 2, 0, 0, 2, 2, 2, 4, 1, 1, 2, 4, 4, 1, 1, 4, 2, 1, 1, 1, 1, 2, 1, 2, 1, 1, 1, 1, 3, 2, 3, 0, 4, 0, 1, 1, 0, 3, 2, 2, 4, 0, 1, 1, 0, 2, 0, 1, 2, 2, 1, 4, 0, 3, 2, 1, 1, 2, 1, 3, 1, 1, 1, 3, 0, 4, 3, 1, 4, 1, 1, 2, 4, 4, 2, 1, 1, 3, 1, 3, 1, 1, 1, 1, 2, 1, 2, 1, 1, 3, 1, 1, 1, 2, 2, 2, 3, 1]|[0, 2, 1, 1, 3, 3, 0, 1, 0, 0, 0, 0, 1, 0, 1, 0, 0, 3, 1, 0, 0, 0, 0, 1, 0, 2, 0, 0, 0, 1, 0, 0, 0, 0, 3, 0, 1, 0, 0, 2, 1, 1, 2, 0, 0, 0, 0, 1, 1, 0, 0, 0, 1, 3, 0, 0, 1, 0, 0, 1, 0, 2, 0, 0, 0, 2, 1, 0, 0, 1, 1, 3, 0, 1, 3, 3, 1, 0, 0, 2, 0, 0, 0, 0, 1, 0, 1, 0, 1, 0, 0, 2, 0, 1, 1, 0, 0, 0, 0, 0],824.3830344786442,57612.977619865575,89202.65349099987,true
41,G2_TEC,G2_TEC,[31, 22, 82, 15, 26, 9, 95, 42, 77, 68, 47, 5, 93, 78, 86, 54, 85, 63, 18, 44, 20, 49, 36, 14, 74, 50, 53, 17, 21, 28, 11, 64, 3, 23, 30, 83, 24, 41, 40, 52, 65, 27, 90, 70, 39, 87, 48, 69, 99, 4, 46, 1, 13, 58, 97, 59, 45, 8, 73, 37, 35, 79, 71, 66, 76, 32, 60, 80, 56, 6, 67, 61, 33, 7, 57, 34, 12, 16, 10, 98, 96, 88, 2, 75, 91, 43, 84, 92, 29, 19, 51, 55, 81, 89, 25, 72, 94, 38, 0, 62]|[2, 1, 2, 1, 1, 2, 1, 1, 1, 1, 1, 0, 2, 2, 1, 2, 0, 0, 0, 2, 2, 1, 0, 2, 0, 2, 2, 1, 0, 1, 1, 1, 0, 0, 1, 0, 2, 1, 2, 2, 0, 0, 1, 1, 0, 2, 0, 2, 1, 0, 0, 2, 0, 0, 2, 0, 1, 1, 0, 0, 2, 1, 1, 2, 2, 0, 2, 2, 2, 1, 2, 1, 1, 2, 0, 1, 1, 2, 1, 2, 0, 1, 0, 0, 1, 1, 0, 0, 1, 1, 1, 0, 1, 1, 1, 1, 2, 0, 2, 1]|[0, 3, 0, 3, 4, 1, 4, 4, 2, 4, 3, 2, 1, 0, 2, 1, 1, 1, 2, 1, 1, 3, 0, 1, 0, 1, 1, 4, 1, 4, 3, 2, 2, 0, 4, 1, 1, 4, 1, 1, 2, 1, 4, 4, 1, 1, 0, 2, 3, 2, 2, 1, 2, 1, 1, 2, 4, 3, 0, 2, 1, 3, 3, 1, 1, 2, 1, 1, 1, 4, 1, 3, 4, 1, 2, 4, 3, 1, 3, 1, 2, 4, 2, 2, 3, 4, 2, 2, 3, 4, 3, 2, 4, 4, 4, 4, 1, 2, 1, 3]|[0, 2, 0, 0, 3, 0, 1, 3, 0, 0, 2, 0, 1, 0, 1, 0, 0, 0, 1, 0, 0, 2, 0, 0, 1, 0, 0, 3, 0, 1, 0, 2, 0, 0, 3, 0, 1, 1, 0, 0, 0, 0, 1, 3, 0, 0, 1, 0, 2, 0, 0, 0, 0, 0, 1, 0, 1, 0, 1, 1, 0, 2, 0, 0, 0, 0, 0, 0, 0, 2, 0, 0, 1, 0, 0, 1, 0, 0, 3, 0, 0, 1, 0, 0, 0, 2, 0, 0, 3, 1, 0, 0, 2, 1, 3, 1, 0, 0, 0, 0],914.0597544875216,49177.57411962909,107642.75205892837,false
41,G3_TWC,G4_BALANCED,[31, 22, 82, 15, 26, 58, 95, 42, 77, 12, 47, 5, 93, 78, 98, 54, 85, 63, 18, 44, 20, 35, 43, 97, 91, 76, 10, 30, 21, 45, 71, 64, 1, 23, 17, 83, 24, 14, 60, 36, 6, 57, 94, 88, 65, 56, 79, 40, 67, 68, 46, 75, 38, 9, 19, 32, 81, 41, 27, 62, 87, 90, 99, 59, 11, 16, 72, 73, 70, 39, 37, 84, 3, 92, 25, 55, 28, 29, 51, 7, 33, 61, 86, 48, 89, 34, 69, 96, 53, 80, 4, 8, 50, 49, 52, 0, 13, 2, 66, 74]|[1, 1, 0, 1, 1, 1, 2, 1, 2, 1, 2, 2, 2, 1, 1, 0, 0, 1, 0, 2, 2, 0, 1, 2, 0, 1, 2, 2, 0, 0, 1, 2, 1, 2, 1, 0, 2, 0, 1, 1, 0, 1, 1, 1, 0, 2, 1, 1, 0, 0, 0, 0, 1, 1, 2, 1, 2, 0, 0, 0, 2, 1, 0, 1, 2, 1, 2, 1, 1, 1, 1, 1, 2, 0, 1, 1, 0, 0, 0, 1, 2, 1, 0, 0, 1, 2, 1, 0, 0, 0, 0, 1, 0, 0, 1, 0, 0, 0, 2, 2]|[4, 3, 2, 2, 0, 0, 2, 2, 2, 4, 1, 1, 2, 4, 4, 1, 1, 4, 2, 1, 1, 1, 1, 2, 1, 2, 1, 1, 1, 1, 3, 2, 3, 0, 4, 0, 1, 1, 0, 3, 2, 2, 4, 0, 1, 1, 0, 2, 0, 1, 2, 2, 1, 4, 0, 3, 2, 1, 1, 2, 1, 3, 1, 1, 1, 3, 0, 4, 3, 1, 4, 1, 1, 2, 4, 4, 2, 1, 1, 3, 1, 3, 1, 1, 1, 1, 3, 1, 2, 1, 2, 3, 1, 1, 1, 2, 2, 2, 1, 1]|[0, 2, 1, 1, 3, 3, 0, 1, 0, 0, 0, 0, 1, 0, 1, 0, 0, 3, 1, 0, 0, 0, 3, 1, 0, 2, 0, 0, 0, 1, 0, 0, 0, 0, 3, 0, 1, 0, 0, 2, 1, 1, 2, 0, 0, 0, 0, 1, 1, 0, 0, 0, 1, 3, 0, 0, 1, 0, 0, 1, 0, 2, 0, 1, 0, 2, 1, 0, 0, 1, 1, 3, 0, 1, 3, 3, 1, 0, 0, 2, 0, 0, 0, 0, 1, 0, 0, 0, 1, 0, 1, 2, 0, 1, 1, 0, 0, 0, 0, 0],790.1921483697682,57957.04840138768,88951.83199580385,true
41,G1_CMAX,G1_CMAX,[31, 22, 82, 90, 26, 58, 95, 42, 77, 12, 93, 5, 78, 86, 98, 18, 44, 20, 35, 3, 97, 91, 76, 10, 85, 30, 47, 54, 45, 63, 71, 66, 1, 23, 17, 83, 24, 14, 60, 36, 6, 57, 40, 88, 65, 56, 79, 94, 67, 68, 46, 75, 38, 9, 19, 32, 81, 27, 62, 87, 15, 99, 59, 11, 16, 72, 73, 70, 39, 37, 84, 43, 80, 53, 96, 4, 50, 41, 89, 48, 21, 61, 33, 7, 51, 29, 28, 55, 25, 92, 8, 69, 0, 74, 52, 2, 13, 34, 49, 64]|[1, 1, 0, 1, 1, 0, 2, 1, 2, 1, 2, 2, 2, 1, 0, 1, 0, 2, 2, 1, 2, 2, 1, 2, 2, 2, 2, 0, 0, 0, 1, 2, 1, 2, 1, 0, 2, 0, 1, 1, 0, 1, 1, 1, 0, 2, 1, 1, 0, 0, 0, 1, 1, 1, 2, 1, 2, 0, 0, 2, 1, 0, 1, 2, 1, 2, 1, 1, 1, 1, 1, 1, 0, 0, 2, 1, 0, 0, 1, 0, 0, 1, 2, 1, 0, 0, 0, 1, 1, 0, 0, 1, 0, 2, 1, 0, 0, 2, 0, 2]|[3, 0, 2, 3, 0, 1, 1, 2, 2, 4, 1, 1, 0, 4, 1, 4, 2, 1, 1, 1, 2, 2, 2, 1, 1, 1, 2, 1, 1, 2, 3, 2, 3, 1, 4, 0, 1, 1, 0, 3, 2, 2, 4, 0, 1, 1, 0, 4, 0, 1, 2, 3, 1, 4, 0, 3, 2, 1, 2, 1, 2, 1, 1, 1, 3, 0, 4, 3, 1, 4, 1, 1, 1, 2, 1, 4, 1, 1, 1, 1, 1, 3, 1, 1, 1, 1, 2, 4, 4, 2, 2, 3, 2, 1, 1, 2, 2, 1, 1, 1]|[2, 0, 1, 2, 3, 0, 0, 1, 1, 0, 0, 0, 0, 1, 0, 3, 1, 0, 0, 1, 1, 1, 2, 0, 0, 0, 1, 0, 1, 0, 0, 0, 0, 0, 3, 0, 1, 0, 0, 2, 1, 1, 2, 0, 0, 0, 0, 2, 1, 0, 0, 0, 1, 3, 0, 0, 1, 0, 1, 0, 1, 0, 1, 0, 2, 1, 0, 0, 1, 1, 3, 3, 0, 1, 0, 0, 0, 0, 1, 0, 0, 0, 0, 2, 0, 0, 1, 3, 3, 1, 1, 2, 0, 0, 1, 0, 0, 0, 1, 0],706.0425648885516,58640.99257008452,96849.50297129861,false
41,G4_BALANCED,G3_TWC,[31, 22, 82, 15, 26, 58, 95, 42, 77, 12, 47, 5, 93, 78, 98, 54, 85, 63, 18, 44, 20, 35, 43, 97, 91, 76, 10, 30, 21, 45, 71, 64, 1, 23, 17, 83, 24, 14, 60, 36, 6, 57, 94, 88, 65, 56, 79, 40, 67, 68, 46, 75, 38, 9, 19, 32, 81, 41, 27, 62, 87, 90, 99, 59, 11, 16, 72, 73, 70, 39, 37, 84, 3, 92, 25, 55, 28, 29, 51, 7, 33, 61, 86, 66, 89, 50, 69, 96, 53, 80, 8, 4, 34, 49, 52, 2, 13, 0, 48, 74]|[1, 1, 0, 1, 1, 1, 2, 1, 2, 1, 2, 2, 2, 1, 1, 0, 0, 1, 0, 2, 2, 0, 1, 2, 0, 1, 2, 2, 0, 0, 1, 2, 1, 2, 1, 0, 2, 0, 1, 1, 0, 1, 1, 1, 0, 2, 1, 1, 0, 0, 0, 0, 1, 1, 2, 1, 2, 0, 0, 0, 2, 1, 0, 1, 2, 1, 2, 1, 1, 1, 1, 1, 2, 0, 1, 1, 0, 0, 0, 1, 2, 1, 0, 2, 1, 0, 1, 0, 0, 0, 1, 0, 2, 0, 1, 0, 0, 0, 2, 2]|[4, 3, 2, 2, 0, 0, 2, 2, 2, 4, 1, 1, 2, 4, 4, 1, 1, 4, 2, 1, 1, 1, 1, 2, 1, 2, 1, 1, 1, 1, 3, 2, 3, 0, 4, 0, 1, 1, 0, 3, 2, 2, 4, 0, 1, 1, 0, 2, 0, 1, 2, 2, 1, 4, 0, 3, 2, 1, 1, 2, 1, 3, 1, 1, 1, 3, 0, 4, 3, 1, 4, 1, 1, 2, 4, 4, 2, 1, 1, 3, 1, 3, 1, 1, 1, 1, 3, 1, 2, 1, 3, 2, 1, 1, 1, 2, 2, 2, 1, 1]|[0, 2, 1, 1, 3, 3, 0, 1, 0, 0, 0, 0, 1, 0, 1, 0, 0, 3, 1, 0, 0, 0, 3, 1, 0, 2, 0, 0, 0, 1, 0, 0, 0, 0, 3, 0, 1, 0, 0, 2, 1, 1, 2, 0, 0, 0, 0, 1, 1, 0, 0, 0, 1, 3, 0, 0, 1, 0, 0, 1, 0, 2, 0, 1, 0, 2, 1, 0, 0, 1, 1, 3, 0, 1, 3, 3, 1, 0, 0, 2, 0, 0, 0, 0, 1, 0, 0, 0, 1, 0, 2, 1, 0, 1, 1, 0, 0, 0, 0, 0],769.8065720735804,57922.303149573316,89693.69339404663,true
41,G2_TEC,G2_TEC,[31, 22, 82, 15, 26, 9, 95, 42, 77, 68, 47, 5, 93, 78, 86, 54, 85, 63, 18, 44, 20, 49, 36, 14, 74, 50, 53, 17, 21, 28, 11, 64, 3, 23, 30, 83, 24, 41, 40, 52, 65, 27, 90, 70, 39, 87, 48, 69, 99, 4, 46, 1, 13, 58, 97, 59, 45, 8, 73, 37, 35, 79, 71, 66, 76, 32, 60, 80, 56, 6, 67, 61, 33, 7, 57, 34, 12, 16, 10, 98, 96, 88, 2, 75, 91, 43, 84, 92, 29, 19, 51, 55, 81, 89, 25, 72, 94, 38, 0, 62]|[2, 1, 2, 1, 1, 2, 1, 1, 1, 1, 1, 0, 2, 2, 1, 2, 0, 0, 0, 2, 2, 1, 0, 2, 0, 2, 2, 1, 0, 1, 1, 1, 0, 0, 1, 0, 2, 1, 2, 2, 0, 0, 1, 1, 0, 2, 0, 2, 1, 0, 0, 2, 0, 0, 2, 0, 1, 1, 0, 0, 2, 1, 1, 2, 2, 0, 2, 2, 2, 1, 2, 1, 1, 2, 0, 1, 1, 2, 1, 2, 0, 1, 0, 0, 1, 1, 0, 0, 1, 1, 1, 0, 1, 1, 1, 1, 2, 0, 2, 1]|[0, 3, 0, 3, 4, 1, 4, 4, 2, 4, 3, 2, 1, 0, 2, 1, 1, 1, 2, 1, 1, 3, 0, 1, 0, 1, 1, 4, 1, 4, 3, 2, 2, 0, 4, 1, 1, 4, 1, 1, 2, 1, 4, 4, 1, 1, 0, 2, 3, 2, 2, 1, 2, 1, 1, 2, 4, 3, 0, 2, 1, 3, 3, 1, 1, 2, 1, 1, 1, 4, 1, 3, 4, 1, 2, 4, 3, 1, 3, 1, 2, 4, 2, 2, 3, 4, 2, 2, 3, 4, 3, 2, 4, 4, 4, 4, 1, 2, 1, 3]|[0, 2, 0, 0, 3, 0, 1, 3, 0, 0, 2, 0, 1, 0, 1, 0, 0, 0, 1, 0, 0, 2, 0, 0, 1, 0, 0, 3, 0, 1, 0, 2, 0, 0, 3, 0, 1, 1, 0, 0, 0, 0, 1, 3, 0, 0, 1, 0, 2, 0, 0, 0, 0, 0, 1, 0, 1, 0, 1, 1, 0, 2, 0, 0, 0, 0, 0, 0, 0, 2, 0, 0, 1, 0, 0, 1, 0, 0, 3, 0, 0, 1, 0, 0, 0, 2, 0, 0, 3, 1, 0, 0, 2, 1, 3, 1, 0, 0, 0, 0],914.0597544875216,49177.57411962909,107642.75205892837,false
41,G3_TWC,G4_BALANCED,[31, 22, 82, 15, 26, 58, 95, 42, 77, 12, 47, 5, 93, 78, 98, 54, 85, 63, 18, 44, 20, 35, 43, 97, 91, 76, 10, 30, 21, 45, 71, 64, 1, 23, 17, 83, 24, 14, 60, 36, 6, 57, 94, 88, 65, 56, 79, 40, 67, 68, 46, 75, 38, 9, 19, 32, 81, 41, 27, 62, 87, 90, 99, 59, 11, 16, 72, 73, 70, 39, 37, 84, 3, 92, 25, 55, 28, 29, 51, 7, 33, 61, 86, 48, 89, 34, 69, 96, 53, 80, 4, 8, 50, 49, 52, 0, 13, 2, 66, 74]|[1, 1, 0, 1, 1, 1, 2, 1, 2, 1, 2, 2, 2, 1, 1, 0, 0, 1, 0, 2, 2, 0, 1, 2, 0, 1, 2, 2, 0, 0, 1, 2, 1, 2, 1, 0, 2, 0, 1, 1, 0, 1, 1, 1, 0, 2, 1, 1, 0, 0, 0, 0, 1, 1, 2, 1, 2, 0, 0, 0, 2, 1, 0, 1, 2, 1, 2, 1, 1, 1, 1, 1, 2, 0, 1, 1, 0, 0, 0, 1, 2, 1, 0, 0, 1, 2, 1, 0, 0, 0, 0, 1, 0, 0, 1, 0, 0, 0, 2, 2]|[4, 3, 2, 2, 0, 0, 2, 2, 2, 4, 1, 1, 2, 4, 4, 1, 1, 4, 2, 1, 1, 1, 1, 2, 1, 2, 1, 1, 1, 1, 3, 2, 3, 0, 4, 0, 1, 1, 0, 3, 2, 2, 4, 0, 1, 1, 0, 2, 0, 1, 2, 2, 1, 4, 0, 3, 2, 1, 1, 2, 1, 3, 1, 1, 1, 3, 0, 4, 3, 1, 4, 1, 1, 2, 4, 4, 2, 1, 1, 3, 1, 3, 1, 1, 1, 1, 3, 1, 2, 1, 2, 3, 1, 1, 1, 2, 2, 2, 1, 1]|[0, 2, 1, 1, 3, 3, 0, 1, 0, 0, 0, 0, 1, 0, 1, 0, 0, 3, 1, 0, 0, 0, 3, 1, 0, 2, 0, 0, 0, 1, 0, 0, 0, 0, 3, 0, 1, 0, 0, 2, 1, 1, 2, 0, 0, 0, 0, 1, 1, 0, 0, 0, 1, 3, 0, 0, 1, 0, 0, 1, 0, 2, 0, 1, 0, 2, 1, 0, 0, 1, 1, 3, 0, 1, 3, 3, 1, 0, 0, 2, 0, 0, 0, 0, 1, 0, 0, 0, 1, 0, 1, 2, 0, 1, 1, 0, 0, 0, 0, 0],790.1921483697682,57957.04840138768,88951.83199580385,true
41,G1_CMAX,G1_CMAX,[31, 22, 82, 90, 26, 58, 95, 42, 77, 12, 93, 5, 78, 86, 98, 18, 44, 20, 35, 3, 97, 91, 76, 10, 85, 30, 47, 54, 45, 63, 71, 66, 1, 23, 17, 83, 24, 14, 60, 36, 6, 57, 40, 88, 65, 56, 79, 94, 67, 68, 46, 75, 38, 9, 19, 32, 81, 27, 62, 87, 15, 99, 59, 11, 16, 72, 73, 70, 39, 37, 84, 43, 80, 53, 96, 4, 50, 41, 89, 48, 21, 61, 33, 7, 51, 29, 28, 55, 25, 92, 8, 69, 0, 74, 52, 2, 13, 34, 49, 64]|[1, 1, 0, 1, 1, 0, 2, 1, 2, 1, 2, 2, 2, 1, 0, 1, 0, 2, 2, 1, 2, 2, 1, 2, 2, 2, 2, 0, 0, 0, 1, 2, 1, 2, 1, 0, 2, 0, 1, 1, 0, 1, 1, 1, 0, 2, 1, 1, 0, 0, 0, 1, 1, 1, 2, 1, 2, 0, 0, 2, 1, 0, 1, 2, 1, 2, 1, 1, 1, 1, 1, 1, 0, 0, 2, 1, 0, 0, 1, 0, 0, 1, 2, 1, 0, 0, 0, 1, 1, 0, 0, 1, 0, 2, 1, 0, 0, 2, 0, 2]|[3, 0, 2, 3, 0, 1, 1, 2, 2, 4, 1, 1, 0, 4, 1, 4, 2, 1, 1, 1, 2, 2, 2, 1, 1, 1, 2, 1, 1, 2, 3, 2, 3, 1, 4, 0, 1, 1, 0, 3, 2, 2, 4, 0, 1, 1, 0, 4, 0, 1, 2, 3, 1, 4, 0, 3, 2, 1, 2, 1, 2, 1, 1, 1, 3, 0, 4, 3, 1, 4, 1, 1, 1, 2, 1, 4, 1, 1, 1, 1, 1, 3, 1, 1, 1, 1, 2, 4, 4, 2, 2, 3, 2, 1, 1, 2, 2, 1, 1, 1]|[2, 0, 1, 2, 3, 0, 0, 1, 1, 0, 0, 0, 0, 1, 0, 3, 1, 0, 0, 1, 1, 1, 2, 0, 0, 0, 1, 0, 1, 0, 0, 0, 0, 0, 3, 0, 1, 0, 0, 2, 1, 1, 2, 0, 0, 0, 0, 2, 1, 0, 0, 0, 1, 3, 0, 0, 1, 0, 1, 0, 1, 0, 1, 0, 2, 1, 0, 0, 1, 1, 3, 3, 0, 1, 0, 0, 0, 0, 1, 0, 0, 0, 0, 2, 0, 0, 1, 3, 3, 1, 1, 2, 0, 0, 1, 0, 0, 0, 1, 0],706.0425648885516,58640.99257008452,96849.50297129861,false
41,G4_BALANCED,G3_TWC,[31, 22, 82, 15, 26, 58, 95, 42, 77, 12, 47, 5, 93, 78, 98, 54, 85, 63, 18, 44, 20, 35, 43, 97, 91, 76, 10, 30, 21, 45, 71, 64, 1, 23, 17, 83, 24, 14, 60, 36, 6, 57, 94, 88, 65, 56, 79, 40, 67, 68, 46, 75, 38, 9, 19, 32, 81, 41, 27, 62, 87, 90, 99, 59, 11, 16, 72, 73, 70, 39, 37, 84, 3, 92, 25, 55, 28, 29, 51, 96, 50, 61, 7, 66, 89, 33, 86, 69, 53, 80, 4, 8, 34, 49, 52, 0, 13, 2, 48, 74]|[1, 1, 0, 1, 1, 1, 2, 1, 2, 1, 2, 2, 2, 1, 1, 0, 0, 1, 0, 2, 2, 0, 1, 2, 0, 1, 2, 2, 0, 0, 1, 2, 1, 2, 1, 0, 2, 0, 1, 1, 0, 1, 1, 1, 0, 2, 1, 1, 0, 0, 0, 0, 1, 1, 2, 1, 2, 0, 0, 0, 2, 1, 0, 1, 2, 1, 2, 1, 1, 1, 1, 1, 2, 0, 1, 1, 1, 0, 0, 2, 2, 1, 1, 0, 1, 0, 0, 1, 0, 0, 0, 1, 2, 0, 1, 0, 0, 0, 1, 2]|[4, 3, 2, 2, 0, 0, 2, 2, 2, 4, 1, 1, 2, 4, 4, 1, 1, 4, 2, 1, 1, 1, 1, 2, 1, 2, 1, 1, 1, 1, 3, 2, 3, 0, 4, 0, 1, 1, 0, 3, 2, 2, 4, 0, 1, 1, 0, 2, 0, 1, 2, 2, 1, 4, 0, 3, 2, 1, 1, 2, 1, 3, 1, 1, 1, 3, 0, 4, 3, 1, 4, 1, 1, 2, 4, 4, 3, 1, 1, 1, 1, 3, 3, 1, 1, 1, 1, 3, 2, 1, 2, 3, 1, 1, 1, 2, 2, 2, 4, 1]|[0, 2, 1, 1, 3, 3, 0, 1, 0, 0, 0, 0, 1, 0, 1, 0, 0, 3, 1, 0, 0, 0, 3, 1, 0, 2, 0, 0, 0, 1, 0, 0, 0, 0, 3, 0, 1, 0, 0, 2, 1, 1, 2, 0, 0, 0, 0, 1, 1, 0, 0, 0, 1, 3, 0, 0, 1, 0, 0, 1, 0, 2, 0, 1, 0, 2, 1, 0, 0, 1, 1, 3, 0, 1, 3, 3, 0, 0, 0, 0, 0, 0, 2, 0, 1, 0, 0, 0, 1, 0, 1, 2, 0, 1, 1, 0, 0, 0, 3, 0],740.059157056214,57907.53779160026,91290.71913715142,true
41,G2_TEC,G2_TEC,[31, 22, 82, 15, 26, 9, 95, 42, 77, 68, 47, 5, 93, 78, 86, 54, 85, 63, 18, 44, 20, 49, 36, 14, 74, 50, 53, 17, 21, 28, 11, 64, 3, 23, 30, 83, 24, 41, 40, 52, 65, 27, 90, 70, 39, 87, 48, 69, 99, 4, 46, 1, 13, 58, 97, 59, 45, 8, 73, 37, 35, 79, 71, 66, 76, 32, 60, 80, 56, 6, 67, 61, 33, 7, 57, 34, 12, 16, 10, 98, 96, 88, 2, 75, 91, 43, 84, 92, 29, 19, 51, 55, 81, 89, 25, 72, 94, 38, 0, 62]|[2, 1, 2, 1, 1, 2, 1, 1, 1, 1, 1, 0, 2, 2, 1, 2, 0, 0, 0, 2, 2, 1, 0, 2, 0, 2, 2, 1, 0, 1, 1, 1, 0, 0, 1, 0, 2, 1, 2, 2, 0, 0, 1, 1, 0, 2, 0, 2, 1, 0, 0, 2, 0, 0, 2, 0, 1, 1, 0, 0, 2, 1, 1, 2, 2, 0, 2, 2, 2, 1, 2, 1, 1, 2, 0, 1, 1, 2, 1, 2, 0, 1, 0, 0, 1, 1, 0, 0, 1, 1, 1, 0, 1, 1, 1, 1, 2, 0, 2, 1]|[0, 3, 0, 3, 4, 1, 4, 4, 2, 4, 3, 2, 1, 0, 2, 1, 1, 1, 2, 1, 1, 3, 0, 1, 0, 1, 1, 4, 1, 4, 3, 2, 2, 0, 4, 1, 1, 4, 1, 1, 2, 1, 4, 4, 1, 1, 0, 2, 3, 2, 2, 1, 2, 1, 1, 2, 4, 3, 0, 2, 1, 3, 3, 1, 1, 2, 1, 1, 1, 4, 1, 3, 4, 1, 2, 4, 3, 1, 3, 1, 2, 4, 2, 2, 3, 4, 2, 2, 3, 4, 3, 2, 4, 4, 4, 4, 1, 2, 1, 3]|[0, 2, 0, 0, 3, 0, 1, 3, 0, 0, 2, 0, 1, 0, 1, 0, 0, 0, 1, 0, 0, 2, 0, 0, 1, 0, 0, 3, 0, 1, 0, 2, 0, 0, 3, 0, 1, 1, 0, 0, 0, 0, 1, 3, 0, 0, 1, 0, 2, 0, 0, 0, 0, 0, 1, 0, 1, 0, 1, 1, 0, 2, 0, 0, 0, 0, 0, 0, 0, 2, 0, 0, 1, 0, 0, 1, 0, 0, 3, 0, 0, 1, 0, 0, 0, 2, 0, 0, 3, 1, 0, 0, 2, 1, 3, 1, 0, 0, 0, 0],914.0597544875216,49177.57411962909,107642.75205892837,false
41,G3_TWC,G4_BALANCED,[31, 22, 82, 15, 26, 58, 95, 42, 77, 12, 47, 5, 93, 78, 98, 54, 85, 63, 18, 44, 20, 35, 43, 97, 91, 76, 10, 30, 21, 45, 71, 64, 1, 23, 17, 83, 24, 14, 60, 36, 6, 57, 94, 88, 65, 56, 79, 40, 67, 68, 46, 75, 38, 9, 19, 32, 81, 41, 27, 62, 87, 90, 99, 59, 11, 16, 72, 73, 70, 39, 37, 84, 3, 92, 25, 55, 28, 29, 51, 7, 33, 61, 86, 48, 89, 34, 69, 96, 53, 80, 4, 8, 50, 49, 52, 0, 13, 2, 66, 74]|[1, 1, 0, 1, 1, 1, 2, 1, 2, 1, 2, 2, 2, 1, 1, 0, 0, 1, 0, 2, 2, 0, 1, 2, 0, 1, 2, 2, 0, 0, 1, 2, 1, 2, 1, 0, 2, 0, 1, 1, 0, 1, 1, 1, 0, 2, 1, 1, 0, 0, 0, 0, 1, 1, 2, 1, 2, 0, 0, 0, 2, 1, 0, 1, 2, 1, 2, 1, 1, 1, 1, 1, 2, 0, 1, 1, 0, 0, 0, 1, 2, 1, 0, 0, 1, 2, 1, 0, 0, 0, 0, 1, 0, 0, 1, 0, 0, 0, 2, 2]|[4, 3, 2, 2, 0, 0, 2, 2, 2, 4, 1, 1, 2, 4, 4, 1, 1, 4, 2, 1, 1, 1, 1, 2, 1, 2, 1, 1, 1, 1, 3, 2, 3, 0, 4, 0, 1, 1, 0, 3, 2, 2, 4, 0, 1, 1, 0, 2, 0, 1, 2, 2, 1, 4, 0, 3, 2, 1, 1, 2, 1, 3, 1, 1, 1, 3, 0, 4, 3, 1, 4, 1, 1, 2, 4, 4, 2, 1, 1, 3, 1, 3, 1, 1, 1, 1, 3, 1, 2, 1, 2, 3, 1, 1, 1, 2, 2, 2, 1, 1]|[0, 2, 1, 1, 3, 3, 0, 1, 0, 0, 0, 0, 1, 0, 1, 0, 0, 3, 1, 0, 0, 0, 3, 1, 0, 2, 0, 0, 0, 1, 0, 0, 0, 0, 3, 0, 1, 0, 0, 2, 1, 1, 2, 0, 0, 0, 0, 1, 1, 0, 0, 0, 1, 3, 0, 0, 1, 0, 0, 1, 0, 2, 0, 1, 0, 2, 1, 0, 0, 1, 1, 3, 0, 1, 3, 3, 1, 0, 0, 2, 0, 0, 0, 0, 1, 0, 0, 0, 1, 0, 1, 2, 0, 1, 1, 0, 0, 0, 0, 0],790.1921483697682,57957.04840138768,88951.83199580385,true
41,G1_CMAX,G1_CMAX,[31, 22, 82, 90, 26, 58, 95, 42, 77, 12, 93, 5, 78, 86, 98, 18, 44, 20, 35, 3, 97, 91, 76, 10, 85, 30, 47, 54, 45, 63, 71, 66, 1, 23, 17, 83, 24, 14, 60, 36, 6, 57, 40, 88, 65, 56, 79, 94, 67, 68, 46, 75, 38, 9, 19, 32, 81, 27, 62, 87, 15, 99, 59, 11, 16, 72, 73, 70, 39, 37, 84, 43, 80, 53, 96, 4, 50, 41, 89, 48, 21, 61, 33, 7, 51, 29, 28, 55, 25, 92, 8, 69, 0, 74, 52, 2, 13, 34, 49, 64]|[1, 1, 0, 1, 1, 0, 2, 1, 2, 1, 2, 2, 2, 1, 0, 1, 0, 2, 2, 1, 2, 2, 1, 2, 2, 2, 2, 0, 0, 0, 1, 2, 1, 2, 1, 0, 2, 0, 1, 1, 0, 1, 1, 1, 0, 2, 1, 1, 0, 0, 0, 1, 1, 1, 2, 1, 2, 0, 0, 2, 1, 0, 1, 2, 1, 2, 1, 1, 1, 1, 1, 1, 0, 0, 2, 1, 0, 0, 1, 0, 0, 1, 2, 1, 0, 0, 0, 1, 1, 0, 0, 1, 0, 2, 1, 0, 0, 2, 0, 2]|[3, 0, 2, 3, 0, 1, 1, 2, 2, 4, 1, 1, 0, 4, 1, 4, 2, 1, 1, 1, 2, 2, 2, 1, 1, 1, 2, 1, 1, 2, 3, 2, 3, 1, 4, 0, 1, 1, 0, 3, 2, 2, 4, 0, 1, 1, 0, 4, 0, 1, 2, 3, 1, 4, 0, 3, 2, 1, 2, 1, 2, 1, 1, 1, 3, 0, 4, 3, 1, 4, 1, 1, 1, 2, 1, 4, 1, 1, 1, 1, 1, 3, 1, 1, 1, 1, 2, 4, 4, 2, 2, 3, 2, 1, 1, 2, 2, 1, 1, 1]|[2, 0, 1, 2, 3, 0, 0, 1, 1, 0, 0, 0, 0, 1, 0, 3, 1, 0, 0, 1, 1, 1, 2, 0, 0, 0, 1, 0, 1, 0, 0, 0, 0, 0, 3, 0, 1, 0, 0, 2, 1, 1, 2, 0, 0, 0, 0, 2, 1, 0, 0, 0, 1, 3, 0, 0, 1, 0, 1, 0, 1, 0, 1, 0, 2, 1, 0, 0, 1, 1, 3, 3, 0, 1, 0, 0, 0, 0, 1, 0, 0, 0, 0, 2, 0, 0, 1, 3, 3, 1, 1, 2, 0, 0, 1, 0, 0, 0, 1, 0],706.0425648885516,58640.99257008452,96849.50297129861,false
41,G4_BALANCED,G2_TEC,[31, 22, 82, 15, 26, 9, 95, 42, 77, 68, 47, 5, 93, 78, 86, 54, 85, 63, 18, 44, 20, 49, 36, 14, 74, 50, 53, 17, 21, 28, 11, 64, 3, 23, 30, 83, 24, 41, 40, 57, 65, 27, 90, 70, 39, 87, 48, 69, 99, 4, 75, 1, 13, 58, 97, 59, 45, 8, 73, 37, 35, 79, 71, 66, 76, 32, 60, 80, 56, 6, 67, 61, 33, 7, 52, 34, 12, 16, 10, 98, 96, 88, 43, 46, 91, 38, 19, 92, 29, 84, 51, 55, 81, 89, 25, 72, 94, 2, 62, 0]|[2, 1, 2, 1, 1, 2, 1, 1, 1, 1, 1, 0, 2, 2, 1, 2, 0, 0, 0, 2, 2, 1, 0, 2, 0, 2, 2, 1, 0, 1, 1, 1, 0, 0, 1, 0, 2, 1, 2, 2, 0, 0, 1, 1, 0, 2, 0, 2, 1, 0, 0, 2, 0, 0, 2, 0, 1, 1, 0, 0, 2, 1, 1, 2, 2, 0, 2, 2, 2, 1, 2, 1, 1, 2, 0, 1, 1, 2, 1, 2, 0, 1, 1, 0, 1, 0, 1, 0, 1, 0, 1, 0, 1, 1, 1, 1, 2, 2, 1, 0]|[0, 3, 0, 3, 4, 1, 4, 4, 2, 4, 3, 2, 1, 0, 2, 1, 1, 1, 2, 1, 1, 3, 0, 1, 0, 1, 1, 4, 1, 4, 3, 2, 2, 0, 4, 1, 1, 4, 1, 1, 2, 1, 4, 4, 1, 1, 0, 2, 3, 2, 2, 1, 2, 1, 1, 2, 4, 3, 0, 2, 2, 3, 3, 1, 1, 2, 1, 1, 1, 4, 1, 3, 4, 1, 2, 4, 3, 1, 3, 1, 2, 4, 4, 2, 3, 2, 4, 2, 3, 2, 3, 2, 4, 4, 4, 4, 1, 1, 3, 2]|[0, 2, 0, 0, 3, 0, 1, 3, 0, 0, 2, 0, 1, 0, 1, 0, 0, 0, 1, 0, 0, 2, 0, 0, 1, 0, 0, 3, 0, 1, 0, 2, 0, 0, 3, 0, 1, 1, 0, 0, 0, 0, 1, 3, 0, 0, 1, 0, 2, 0, 0, 0, 0, 0, 1, 0, 1, 0, 1, 1, 0, 2, 0, 0, 0, 0, 0, 0, 0, 2, 0, 0, 1, 0, 0, 1, 0, 0, 3, 0, 0, 1, 2, 0, 0, 0, 1, 0, 3, 0, 0, 0, 2, 1, 3, 1, 0, 0, 0, 0],902.858105064878,49252.1026617336,107031.8964393328,true
41,G2_TEC,G2_TEC,[31, 22, 82, 15, 26, 9, 95, 42, 77, 68, 47, 5, 93, 78, 86, 54, 85, 63, 18, 44, 20, 49, 36, 14, 74, 50, 53, 17, 21, 28, 11, 64, 3, 23, 30, 83, 24, 41, 40, 52, 65, 27, 90, 70, 39, 87, 48, 69, 99, 4, 46, 1, 13, 58, 97, 59, 45, 8, 73, 37, 35, 79, 71, 66, 76, 32, 60, 80, 56, 6, 67, 61, 33, 7, 57, 34, 12, 16, 10, 98, 96, 88, 2, 75, 91, 43, 84, 92, 29, 19, 51, 55, 81, 89, 25, 72, 94, 38, 0, 62]|[2, 1, 2, 1, 1, 2, 1, 1, 1, 1, 1, 0, 2, 2, 1, 2, 0, 0, 0, 2, 2, 1, 0, 2, 0, 2, 2, 1, 0, 1, 1, 1, 0, 0, 1, 0, 2, 1, 2, 2, 0, 0, 1, 1, 0, 2, 0, 2, 1, 0, 0, 2, 0, 0, 2, 0, 1, 1, 0, 0, 2, 1, 1, 2, 2, 0, 2, 2, 2, 1, 2, 1, 1, 2, 0, 1, 1, 2, 1, 2, 0, 1, 0, 0, 1, 1, 0, 0, 1, 1, 1, 0, 1, 1, 1, 1, 2, 0, 2, 1]|[0, 3, 0, 3, 4, 1, 4, 4, 2, 4, 3, 2, 1, 0, 2, 1, 1, 1, 2, 1, 1, 3, 0, 1, 0, 1, 1, 4, 1, 4, 3, 2, 2, 0, 4, 1, 1, 4, 1, 1, 2, 1, 4, 4, 1, 1, 0, 2, 3, 2, 2, 1, 2, 1, 1, 2, 4, 3, 0, 2, 1, 3, 3, 1, 1, 2, 1, 1, 1, 4, 1, 3, 4, 1, 2, 4, 3, 1, 3, 1, 2, 4, 2, 2, 3, 4, 2, 2, 3, 4, 3, 2, 4, 4, 4, 4, 1, 2, 1, 3]|[0, 2, 0, 0, 3, 0, 1, 3, 0, 0, 2, 0, 1, 0, 1, 0, 0, 0, 1, 0, 0, 2, 0, 0, 1, 0, 0, 3, 0, 1, 0, 2, 0, 0, 3, 0, 1, 1, 0, 0, 0, 0, 1, 3, 0, 0, 1, 0, 2, 0, 0, 0, 0, 0, 1, 0, 1, 0, 1, 1, 0, 2, 0, 0, 0, 0, 0, 0, 0, 2, 0, 0, 1, 0, 0, 1, 0, 0, 3, 0, 0, 1, 0, 0, 0, 2, 0, 0, 3, 1, 0, 0, 2, 1, 3, 1, 0, 0, 0, 0],914.0597544875216,49177.57411962909,107642.75205892837,false
41,G3_TWC,G4_BALANCED,[31, 22, 82, 15, 26, 58, 95, 42, 77, 12, 47, 5, 93, 78, 98, 54, 85, 63, 18, 44, 20, 35, 43, 97, 91, 76, 10, 30, 21, 45, 71, 64, 1, 23, 17, 83, 24, 14, 60, 36, 6, 57, 94, 88, 65, 56, 79, 40, 67, 68, 46, 75, 38, 9, 19, 32, 81, 41, 27, 62, 87, 90, 99, 59, 11, 16, 72, 73, 70, 39, 37, 84, 3, 92, 25, 55, 28, 29, 51, 7, 33, 61, 86, 48, 89, 34, 69, 96, 53, 80, 4, 8, 50, 49, 52, 0, 13, 2, 66, 74]|[1, 1, 0, 1, 1, 1, 2, 1, 2, 1, 2, 2, 2, 1, 1, 0, 0, 1, 0, 2, 2, 0, 1, 2, 0, 1, 2, 2, 0, 0, 1, 2, 1, 2, 1, 0, 2, 0, 1, 1, 0, 1, 1, 1, 0, 2, 1, 1, 0, 0, 0, 0, 1, 1, 2, 1, 2, 0, 0, 0, 2, 1, 0, 1, 2, 1, 2, 1, 1, 1, 1, 1, 2, 0, 1, 1, 0, 0, 0, 1, 2, 1, 0, 0, 1, 2, 1, 0, 0, 0, 0, 1, 0, 0, 1, 0, 0, 0, 2, 2]|[4, 3, 2, 2, 0, 0, 2, 2, 2, 4, 1, 1, 2, 4, 4, 1, 1, 4, 2, 1, 1, 1, 1, 2, 1, 2, 1, 1, 1, 1, 3, 2, 3, 0, 4, 0, 1, 1, 0, 3, 2, 2, 4, 0, 1, 1, 0, 2, 0, 1, 2, 2, 1, 4, 0, 3, 2, 1, 1, 2, 1, 3, 1, 1, 1, 3, 0, 4, 3, 1, 4, 1, 1, 2, 4, 4, 2, 1, 1, 3, 1, 3, 1, 1, 1, 1, 3, 1, 2, 1, 2, 3, 1, 1, 1, 2, 2, 2, 1, 1]|[0, 2, 1, 1, 3, 3, 0, 1, 0, 0, 0, 0, 1, 0, 1, 0, 0, 3, 1, 0, 0, 0, 3, 1, 0, 2, 0, 0, 0, 1, 0, 0, 0, 0, 3, 0, 1, 0, 0, 2, 1, 1, 2, 0, 0, 0, 0, 1, 1, 0, 0, 0, 1, 3, 0, 0, 1, 0, 0, 1, 0, 2, 0, 1, 0, 2, 1, 0, 0, 1, 1, 3, 0, 1, 3, 3, 1, 0, 0, 2, 0, 0, 0, 0, 1, 0, 0, 0, 1, 0, 1, 2, 0, 1, 1, 0, 0, 0, 0, 0],790.1921483697682,57957.04840138768,88951.83199580385,true
41,G1_CMAX,G1_CMAX,[31, 22, 82, 90, 26, 58, 95, 42, 77, 12, 93, 5, 78, 86, 98, 18, 44, 20, 35, 3, 97, 91, 76, 10, 85, 30, 47, 54, 45, 63, 71, 66, 1, 23, 17, 83, 24, 14, 60, 36, 6, 57, 40, 88, 65, 56, 79, 94, 67, 68, 46, 75, 38, 9, 19, 32, 81, 27, 62, 87, 15, 99, 59, 11, 16, 72, 73, 70, 39, 37, 84, 43, 80, 53, 96, 4, 50, 41, 89, 48, 21, 61, 33, 7, 51, 29, 28, 55, 25, 92, 8, 69, 0, 74, 52, 2, 13, 34, 49, 64]|[1, 1, 0, 1, 1, 0, 2, 1, 2, 1, 2, 2, 2, 1, 0, 1, 0, 2, 2, 1, 2, 2, 1, 2, 2, 2, 2, 0, 0, 0, 1, 2, 1, 2, 1, 0, 2, 0, 1, 1, 0, 1, 1, 1, 0, 2, 1, 1, 0, 0, 0, 1, 1, 1, 2, 1, 2, 0, 0, 2, 1, 0, 1, 2, 1, 2, 1, 1, 1, 1, 1, 1, 0, 0, 2, 1, 0, 0, 1, 0, 0, 1, 2, 1, 0, 0, 0, 1, 1, 0, 0, 1, 0, 2, 1, 0, 0, 2, 0, 2]|[3, 0, 2, 3, 0, 1, 1, 2, 2, 4, 1, 1, 0, 4, 1, 4, 2, 1, 1, 1, 2, 2, 2, 1, 1, 1, 2, 1, 1, 2, 3, 2, 3, 1, 4, 0, 1, 1, 0, 3, 2, 2, 4, 0, 1, 1, 0, 4, 0, 1, 2, 3, 1, 4, 0, 3, 2, 1, 2, 1, 2, 1, 1, 1, 3, 0, 4, 3, 1, 4, 1, 1, 1, 2, 1, 4, 1, 1, 1, 1, 1, 3, 1, 1, 1, 1, 2, 4, 4, 2, 2, 3, 2, 1, 1, 2, 2, 1, 1, 1]|[2, 0, 1, 2, 3, 0, 0, 1, 1, 0, 0, 0, 0, 1, 0, 3, 1, 0, 0, 1, 1, 1, 2, 0, 0, 0, 1, 0, 1, 0, 0, 0, 0, 0, 3, 0, 1, 0, 0, 2, 1, 1, 2, 0, 0, 0, 0, 2, 1, 0, 0, 0, 1, 3, 0, 0, 1, 0, 1, 0, 1, 0, 1, 0, 2, 1, 0, 0, 1, 1, 3, 3, 0, 1, 0, 0, 0, 0, 1, 0, 0, 0, 0, 2, 0, 0, 1, 3, 3, 1, 1, 2, 0, 0, 1, 0, 0, 0, 1, 0],706.0425648885516,58640.99257008452,96849.50297129861,false
41,G4_BALANCED,G4_BALANCED,[31, 22, 82, 15, 26, 9, 95, 42, 77, 68, 47, 5, 93, 78, 86, 54, 85, 63, 18, 44, 20, 49, 36, 14, 74, 50, 53, 17, 21, 28, 11, 64, 3, 23, 30, 83, 24, 41, 40, 52, 65, 27, 90, 70, 39, 87, 48, 69, 99, 4, 46, 1, 13, 58, 19, 59, 45, 8, 73, 37, 35, 79, 71, 66, 76, 32, 60, 80, 96, 6, 16, 61, 33, 7, 57, 34, 12, 67, 10, 98, 56, 88, 43, 75, 91, 38, 84, 92, 29, 97, 51, 55, 72, 25, 89, 81, 94, 2, 62, 0]|[2, 1, 2, 1, 1, 0, 1, 1, 1, 1, 1, 0, 2, 2, 1, 2, 0, 0, 0, 2, 2, 1, 0, 2, 0, 2, 2, 1, 0, 1, 1, 1, 0, 0, 1, 0, 2, 1, 2, 2, 0, 0, 1, 1, 0, 2, 0, 2, 1, 0, 0, 2, 0, 0, 2, 0, 1, 1, 0, 0, 2, 1, 1, 2, 2, 0, 2, 2, 0, 1, 2, 1, 1, 2, 0, 1, 1, 2, 1, 2, 2, 1, 1, 0, 1, 0, 0, 0, 1, 1, 1, 0, 1, 1, 1, 1, 2, 2, 1, 0]|[0, 3, 0, 3, 4, 1, 4, 4, 2, 4, 3, 2, 1, 0, 2, 1, 1, 1, 2, 1, 1, 3, 0, 1, 0, 1, 1, 4, 1, 4, 3, 2, 2, 0, 4, 1, 1, 4, 1, 1, 2, 1, 4, 4, 1, 1, 0, 2, 3, 2, 2, 1, 2, 1, 1, 2, 4, 3, 0, 2, 2, 3, 3, 1, 1, 2, 1, 1, 2, 4, 1, 3, 4, 1, 2, 4, 3, 1, 3, 1, 1, 4, 4, 2, 3, 2, 2, 2, 3, 4, 3, 2, 4, 4, 4, 4, 1, 1, 3, 2]|[0, 2, 0, 0, 3, 0, 1, 3, 0, 0, 2, 0, 1, 0, 1, 0, 0, 0, 1, 0, 0, 2, 0, 0, 1, 0, 0, 3, 0, 1, 0, 2, 0, 0, 3, 0, 1, 1, 0, 0, 0, 0, 1, 3, 0, 0, 1, 0, 2, 0, 0, 0, 0, 1, 1, 0, 1, 0, 1, 1, 0, 2, 0, 0, 0, 0, 0, 0, 0, 2, 0, 0, 1, 0, 0, 1, 0, 0, 3, 0, 0, 1, 2, 0, 0, 0, 0, 0, 3, 1, 0, 0, 1, 3, 1, 2, 0, 0, 0, 0],898.2543121797436,49878.32155658267,103803.07434734824,false
41,G2_TEC,G2_TEC,[31, 22, 82, 15, 26, 9, 95, 42, 77, 68, 47, 5, 93, 78, 86, 54, 85, 63, 18, 44, 20, 49, 36, 14, 74, 50, 53, 17, 21, 28, 11, 64, 3, 23, 30, 83, 24, 41, 40, 52, 65, 27, 90, 70, 39, 87, 48, 69, 99, 4, 46, 1, 13, 58, 97, 59, 45, 8, 73, 37, 35, 79, 71, 66, 76, 32, 60, 80, 56, 6, 67, 61, 33, 7, 57, 34, 12, 16, 10, 98, 96, 88, 2, 75, 91, 43, 84, 92, 29, 19, 51, 55, 81, 89, 25, 72, 94, 38, 0, 62]|[2, 1, 2, 1, 1, 2, 1, 1, 1, 1, 1, 0, 2, 2, 1, 2, 0, 0, 0, 2, 2, 1, 0, 2, 0, 2, 2, 1, 0, 1, 1, 1, 0, 0, 1, 0, 2, 1, 2, 2, 0, 0, 1, 1, 0, 2, 0, 2, 1, 0, 0, 2, 0, 0, 2, 0, 1, 1, 0, 0, 2, 1, 1, 2, 2, 0, 2, 2, 2, 1, 2, 1, 1, 2, 0, 1, 1, 2, 1, 2, 0, 1, 0, 0, 1, 1, 0, 0, 1, 1, 1, 0, 1, 1, 1, 1, 2, 0, 2, 1]|[0, 3, 0, 3, 4, 1, 4, 4, 2, 4, 3, 2, 1, 0, 2, 1, 1, 1, 2, 1, 1, 3, 0, 1, 0, 1, 1, 4, 1, 4, 3, 2, 2, 0, 4, 1, 1, 4, 1, 1, 2, 1, 4, 4, 1, 1, 0, 2, 3, 2, 2, 1, 2, 1, 1, 2, 4, 3, 0, 2, 1, 3, 3, 1, 1, 2, 1, 1, 1, 4, 1, 3, 4, 1, 2, 4, 3, 1, 3, 1, 2, 4, 2, 2, 3, 4, 2, 2, 3, 4, 3, 2, 4, 4, 4, 4, 1, 2, 1, 3]|[0, 2, 0, 0, 3, 0, 1, 3, 0, 0, 2, 0, 1, 0, 1, 0, 0, 0, 1, 0, 0, 2, 0, 0, 1, 0, 0, 3, 0, 1, 0, 2, 0, 0, 3, 0, 1, 1, 0, 0, 0, 0, 1, 3, 0, 0, 1, 0, 2, 0, 0, 0, 0, 0, 1, 0, 1, 0, 1, 1, 0, 2, 0, 0, 0, 0, 0, 0, 0, 2, 0, 0, 1, 0, 0, 1, 0, 0, 3, 0, 0, 1, 0, 0, 0, 2, 0, 0, 3, 1, 0, 0, 2, 1, 3, 1, 0, 0, 0, 0],914.0597544875216,49177.57411962909,107642.75205892837,false
41,G3_TWC,G4_BALANCED,[31, 22, 82, 15, 26, 58, 95, 42, 77, 12, 47, 5, 93, 78, 98, 54, 85, 63, 18, 44, 20, 35, 43, 97, 91, 76, 10, 30, 21, 45, 71, 64, 1, 23, 17, 83, 24, 14, 60, 36, 6, 57, 94, 88, 65, 56, 79, 40, 67, 68, 46, 75, 38, 9, 19, 32, 81, 41, 27, 62, 87, 90, 99, 59, 11, 16, 72, 73, 70, 39, 37, 84, 3, 92, 25, 55, 28, 29, 51, 7, 33, 61, 86, 48, 89, 34, 69, 96, 53, 80, 4, 8, 50, 49, 52, 0, 13, 2, 66, 74]|[1, 1, 0, 1, 1, 1, 2, 1, 2, 1, 2, 2, 2, 1, 1, 0, 0, 1, 0, 2, 2, 0, 1, 2, 0, 1, 2, 2, 0, 0, 1, 2, 1, 2, 1, 0, 2, 0, 1, 1, 0, 1, 1, 1, 0, 2, 1, 1, 0, 0, 0, 0, 1, 1, 2, 1, 2, 0, 0, 0, 2, 1, 0, 1, 2, 1, 2, 1, 1, 1, 1, 1, 2, 0, 1, 1, 0, 0, 0, 1, 2, 1, 0, 0, 1, 2, 1, 0, 0, 0, 0, 1, 0, 0, 1, 0, 0, 0, 2, 2]|[4, 3, 2, 2, 0, 0, 2, 2, 2, 4, 1, 1, 2, 4, 4, 1, 1, 4, 2, 1, 1, 1, 1, 2, 1, 2, 1, 1, 1, 1, 3, 2, 3, 0, 4, 0, 1, 1, 0, 3, 2, 2, 4, 0, 1, 1, 0, 2, 0, 1, 2, 2, 1, 4, 0, 3, 2, 1, 1, 2, 1, 3, 1, 1, 1, 3, 0, 4, 3, 1, 4, 1, 1, 2, 4, 4, 2, 1, 1, 3, 1, 3, 1, 1, 1, 1, 3, 1, 2, 1, 2, 3, 1, 1, 1, 2, 2, 2, 1, 1]|[0, 2, 1, 1, 3, 3, 0, 1, 0, 0, 0, 0, 1, 0, 1, 0, 0, 3, 1, 0, 0, 0, 3, 1, 0, 2, 0, 0, 0, 1, 0, 0, 0, 0, 3, 0, 1, 0, 0, 2, 1, 1, 2, 0, 0, 0, 0, 1, 1, 0, 0, 0, 1, 3, 0, 0, 1, 0, 0, 1, 0, 2, 0, 1, 0, 2, 1, 0, 0, 1, 1, 3, 0, 1, 3, 3, 1, 0, 0, 2, 0, 0, 0, 0, 1, 0, 0, 0, 1, 0, 1, 2, 0, 1, 1, 0, 0, 0, 0, 0],790.1921483697682,57957.04840138768,88951.83199580385,true
41,G1_CMAX,G1_CMAX,[31, 22, 82, 90, 26, 58, 95, 42, 77, 12, 93, 5, 78, 86, 98, 18, 44, 20, 35, 3, 97, 91, 76, 10, 85, 30, 47, 54, 45, 63, 71, 66, 1, 23, 17, 83, 24, 14, 60, 36, 6, 57, 40, 88, 65, 56, 79, 94, 67, 68, 46, 75, 38, 9, 19, 32, 81, 27, 62, 87, 15, 99, 59, 11, 16, 72, 73, 70, 39, 37, 84, 43, 80, 53, 96, 4, 50, 41, 89, 48, 21, 61, 33, 7, 51, 29, 28, 55, 25, 92, 8, 69, 0, 74, 52, 2, 13, 34, 49, 64]|[1, 1, 0, 1, 1, 0, 2, 1, 2, 1, 2, 2, 2, 1, 0, 1, 0, 2, 2, 1, 2, 2, 1, 2, 2, 2, 2, 0, 0, 0, 1, 2, 1, 2, 1, 0, 2, 0, 1, 1, 0, 1, 1, 1, 0, 2, 1, 1, 0, 0, 0, 1, 1, 1, 2, 1, 2, 0, 0, 2, 1, 0, 1, 2, 1, 2, 1, 1, 1, 1, 1, 1, 0, 0, 2, 1, 0, 0, 1, 0, 0, 1, 2, 1, 0, 0, 0, 1, 1, 0, 0, 1, 0, 2, 1, 0, 0, 2, 0, 2]|[3, 0, 2, 3, 0, 1, 1, 2, 2, 4, 1, 1, 0, 4, 1, 4, 2, 1, 1, 1, 2, 2, 2, 1, 1, 1, 2, 1, 1, 2, 3, 2, 3, 1, 4, 0, 1, 1, 0, 3, 2, 2, 4, 0, 1, 1, 0, 4, 0, 1, 2, 3, 1, 4, 0, 3, 2, 1, 2, 1, 2, 1, 1, 1, 3, 0, 4, 3, 1, 4, 1, 1, 1, 2, 1, 4, 1, 1, 1, 1, 1, 3, 1, 1, 1, 1, 2, 4, 4, 2, 2, 3, 2, 1, 1, 2, 2, 1, 1, 1]|[2, 0, 1, 2, 3, 0, 0, 1, 1, 0, 0, 0, 0, 1, 0, 3, 1, 0, 0, 1, 1, 1, 2, 0, 0, 0, 1, 0, 1, 0, 0, 0, 0, 0, 3, 0, 1, 0, 0, 2, 1, 1, 2, 0, 0, 0, 0, 2, 1, 0, 0, 0, 1, 3, 0, 0, 1, 0, 1, 0, 1, 0, 1, 0, 2, 1, 0, 0, 1, 1, 3, 3, 0, 1, 0, 0, 0, 0, 1, 0, 0, 0, 0, 2, 0, 0, 1, 3, 3, 1, 1, 2, 0, 0, 1, 0, 0, 0, 1, 0],706.0425648885516,58640.99257008452,96849.50297129861,false
41,G4_BALANCED,G3_TWC,[31, 22, 82, 15, 26, 58, 95, 27, 77, 12, 47, 5, 93, 78, 98, 54, 85, 63, 18, 44, 20, 35, 43, 97, 91, 76, 10, 30, 21, 45, 71, 64, 1, 23, 17, 83, 24, 14, 60, 36, 6, 57, 94, 88, 65, 56, 79, 40, 67, 68, 46, 75, 39, 9, 19, 32, 81, 41, 42, 62, 87, 90, 99, 59, 11, 16, 72, 73, 70, 38, 37, 84, 3, 92, 25, 52, 28, 29, 51, 7, 33, 61, 86, 66, 89, 50, 48, 96, 53, 80, 4, 8, 34, 49, 55, 0, 13, 2, 69, 74]|[1, 1, 0, 1, 1, 1, 2, 1, 2, 1, 2, 2, 2, 1, 1, 0, 0, 1, 0, 2, 2, 0, 1, 2, 0, 1, 2, 2, 0, 0, 1, 2, 1, 2, 1, 0, 2, 0, 1, 1, 0, 1, 1, 1, 0, 2, 1, 1, 0, 0, 0, 0, 1, 1, 2, 1, 2, 0, 0, 0, 2, 1, 0, 1, 2, 1, 2, 1, 1, 1, 1, 1, 2, 0, 1, 1, 0, 0, 0, 1, 2, 1, 0, 2, 1, 0, 0, 0, 0, 0, 0, 1, 2, 0, 1, 0, 0, 0, 1, 2]|[4, 3, 2, 2, 0, 0, 2, 2, 2, 4, 1, 1, 2, 4, 4, 1, 1, 4, 2, 1, 1, 1, 1, 2, 1, 2, 1, 1, 1, 1, 3, 2, 3, 0, 4, 0, 1, 1, 0, 3, 2, 2, 4, 0, 1, 1, 0, 2, 0, 1, 2, 2, 1, 4, 0, 3, 2, 1, 1, 2, 1, 3, 1, 1, 1, 3, 0, 4, 3, 1, 4, 1, 1, 2, 4, 1, 2, 1, 1, 3, 1, 3, 1, 1, 1, 1, 1, 1, 2, 1, 2, 3, 1, 1, 4, 2, 2, 2, 3, 1]|[0, 2, 1, 1, 3, 3, 0, 1, 0, 0, 0, 0, 1, 0, 1, 0, 0, 3, 1, 0, 0, 0, 3, 1, 0, 2, 0, 0, 0, 1, 0, 0, 0, 0, 3, 0, 1, 0, 0, 2, 1, 1, 2, 0, 0, 0, 0, 1, 1, 0, 0, 0, 1, 3, 0, 0, 1, 0, 0, 1, 0, 2, 0, 1, 0, 2, 1, 0, 0, 1, 1, 3, 0, 1, 3, 1, 1, 0, 0, 2, 0, 0, 0, 0, 1, 0, 0, 0, 1, 0, 1, 2, 0, 1, 3, 0, 0, 0, 0, 0],809.1152396105251,57829.98412643394,88824.25505897307,true
41,G2_TEC,G2_TEC,[31, 22, 82, 15, 26, 9, 95, 42, 77, 68, 47, 5, 93, 78, 86, 54, 85, 63, 18, 44, 20, 49, 36, 14, 74, 50, 53, 17, 21, 28, 11, 64, 3, 23, 30, 83, 24, 41, 40, 52, 65, 27, 90, 70, 39, 87, 48, 69, 99, 4, 46, 1, 13, 58, 97, 59, 45, 8, 73, 37, 35, 79, 71, 66, 76, 32, 60, 80, 56, 6, 67, 61, 33, 7, 57, 34, 12, 16, 10, 98, 96, 88, 2, 75, 91, 43, 84, 92, 29, 19, 51, 55, 81, 89, 25, 72, 94, 38, 0, 62]|[2, 1, 2, 1, 1, 2, 1, 1, 1, 1, 1, 0, 2, 2, 1, 2, 0, 0, 0, 2, 2, 1, 0, 2, 0, 2, 2, 1, 0, 1, 1, 1, 0, 0, 1, 0, 2, 1, 2, 2, 0, 0, 1, 1, 0, 2, 0, 2, 1, 0, 0, 2, 0, 0, 2, 0, 1, 1, 0, 0, 2, 1, 1, 2, 2, 0, 2, 2, 2, 1, 2, 1, 1, 2, 0, 1, 1, 2, 1, 2, 0, 1, 0, 0, 1, 1, 0, 0, 1, 1, 1, 0, 1, 1, 1, 1, 2, 0, 2, 1]|[0, 3, 0, 3, 4, 1, 4, 4, 2, 4, 3, 2, 1, 0, 2, 1, 1, 1, 2, 1, 1, 3, 0, 1, 0, 1, 1, 4, 1, 4, 3, 2, 2, 0, 4, 1, 1, 4, 1, 1, 2, 1, 4, 4, 1, 1, 0, 2, 3, 2, 2, 1, 2, 1, 1, 2, 4, 3, 0, 2, 1, 3, 3, 1, 1, 2, 1, 1, 1, 4, 1, 3, 4, 1, 2, 4, 3, 1, 3, 1, 2, 4, 2, 2, 3, 4, 2, 2, 3, 4, 3, 2, 4, 4, 4, 4, 1, 2, 1, 3]|[0, 2, 0, 0, 3, 0, 1, 3, 0, 0, 2, 0, 1, 0, 1, 0, 0, 0, 1, 0, 0, 2, 0, 0, 1, 0, 0, 3, 0, 1, 0, 2, 0, 0, 3, 0, 1, 1, 0, 0, 0, 0, 1, 3, 0, 0, 1, 0, 2, 0, 0, 0, 0, 0, 1, 0, 1, 0, 1, 1, 0, 2, 0, 0, 0, 0, 0, 0, 0, 2, 0, 0, 1, 0, 0, 1, 0, 0, 3, 0, 0, 1, 0, 0, 0, 2, 0, 0, 3, 1, 0, 0, 2, 1, 3, 1, 0, 0, 0, 0],914.0597544875216,49177.57411962909,107642.75205892837,false
41,G3_TWC,G4_BALANCED,[31, 22, 82, 15, 26, 58, 95, 42, 77, 12, 47, 5, 93, 78, 98, 54, 85, 63, 18, 44, 20, 35, 43, 97, 91, 76, 10, 30, 21, 45, 71, 64, 1, 23, 17, 83, 24, 14, 60, 36, 6, 57, 94, 88, 65, 56, 79, 40, 67, 68, 46, 75, 38, 9, 19, 32, 81, 41, 27, 62, 87, 90, 99, 59, 11, 16, 72, 73, 70, 39, 37, 84, 3, 92, 25, 55, 28, 29, 51, 7, 33, 61, 86, 48, 89, 34, 69, 96, 53, 80, 4, 8, 50, 49, 52, 0, 13, 2, 66, 74]|[1, 1, 0, 1, 1, 1, 2, 1, 2, 1, 2, 2, 2, 1, 1, 0, 0, 1, 0, 2, 2, 0, 1, 2, 0, 1, 2, 2, 0, 0, 1, 2, 1, 2, 1, 0, 2, 0, 1, 1, 0, 1, 1, 1, 0, 2, 1, 1, 0, 0, 0, 0, 1, 1, 2, 1, 2, 0, 0, 0, 2, 1, 0, 1, 2, 1, 2, 1, 1, 1, 1, 1, 2, 0, 1, 1, 0, 0, 0, 1, 2, 1, 0, 0, 1, 2, 1, 0, 0, 0, 0, 1, 0, 0, 1, 0, 0, 0, 2, 2]|[4, 3, 2, 2, 0, 0, 2, 2, 2, 4, 1, 1, 2, 4, 4, 1, 1, 4, 2, 1, 1, 1, 1, 2, 1, 2, 1, 1, 1, 1, 3, 2, 3, 0, 4, 0, 1, 1, 0, 3, 2, 2, 4, 0, 1, 1, 0, 2, 0, 1, 2, 2, 1, 4, 0, 3, 2, 1, 1, 2, 1, 3, 1, 1, 1, 3, 0, 4, 3, 1, 4, 1, 1, 2, 4, 4, 2, 1, 1, 3, 1, 3, 1, 1, 1, 1, 3, 1, 2, 1, 2, 3, 1, 1, 1, 2, 2, 2, 1, 1]|[0, 2, 1, 1, 3, 3, 0, 1, 0, 0, 0, 0, 1, 0, 1, 0, 0, 3, 1, 0, 0, 0, 3, 1, 0, 2, 0, 0, 0, 1, 0, 0, 0, 0, 3, 0, 1, 0, 0, 2, 1, 1, 2, 0, 0, 0, 0, 1, 1, 0, 0, 0, 1, 3, 0, 0, 1, 0, 0, 1, 0, 2, 0, 1, 0, 2, 1, 0, 0, 1, 1, 3, 0, 1, 3, 3, 1, 0, 0, 2, 0, 0, 0, 0, 1, 0, 0, 0, 1, 0, 1, 2, 0, 1, 1, 0, 0, 0, 0, 0],790.1921483697682,57957.04840138768,88951.83199580385,true
41,G1_CMAX,G1_CMAX,[31, 22, 82, 90, 26, 58, 95, 42, 77, 12, 93, 5, 78, 86, 98, 18, 44, 20, 35, 3, 97, 91, 76, 10, 85, 30, 47, 54, 45, 63, 71, 66, 1, 23, 17, 83, 24, 14, 60, 36, 6, 57, 40, 88, 65, 56, 79, 94, 67, 68, 46, 75, 38, 9, 19, 32, 81, 27, 62, 87, 15, 99, 59, 11, 16, 72, 73, 70, 39, 37, 84, 43, 80, 53, 96, 4, 50, 41, 89, 48, 21, 61, 33, 7, 51, 29, 28, 55, 25, 92, 8, 69, 0, 74, 52, 2, 13, 34, 49, 64]|[1, 1, 0, 1, 1, 0, 2, 1, 2, 1, 2, 2, 2, 1, 0, 1, 0, 2, 2, 1, 2, 2, 1, 2, 2, 2, 2, 0, 0, 0, 1, 2, 1, 2, 1, 0, 2, 0, 1, 1, 0, 1, 1, 1, 0, 2, 1, 1, 0, 0, 0, 1, 1, 1, 2, 1, 2, 0, 0, 2, 1, 0, 1, 2, 1, 2, 1, 1, 1, 1, 1, 1, 0, 0, 2, 1, 0, 0, 1, 0, 0, 1, 2, 1, 0, 0, 0, 1, 1, 0, 0, 1, 0, 2, 1, 0, 0, 2, 0, 2]|[3, 0, 2, 3, 0, 1, 1, 2, 2, 4, 1, 1, 0, 4, 1, 4, 2, 1, 1, 1, 2, 2, 2, 1, 1, 1, 2, 1, 1, 2, 3, 2, 3, 1, 4, 0, 1, 1, 0, 3, 2, 2, 4, 0, 1, 1, 0, 4, 0, 1, 2, 3, 1, 4, 0, 3, 2, 1, 2, 1, 2, 1, 1, 1, 3, 0, 4, 3, 1, 4, 1, 1, 1, 2, 1, 4, 1, 1, 1, 1, 1, 3, 1, 1, 1, 1, 2, 4, 4, 2, 2, 3, 2, 1, 1, 2, 2, 1, 1, 1]|[2, 0, 1, 2, 3, 0, 0, 1, 1, 0, 0, 0, 0, 1, 0, 3, 1, 0, 0, 1, 1, 1, 2, 0, 0, 0, 1, 0, 1, 0, 0, 0, 0, 0, 3, 0, 1, 0, 0, 2, 1, 1, 2, 0, 0, 0, 0, 2, 1, 0, 0, 0, 1, 3, 0, 0, 1, 0, 1, 0, 1, 0, 1, 0, 2, 1, 0, 0, 1, 1, 3, 3, 0, 1, 0, 0, 0, 0, 1, 0, 0, 0, 0, 2, 0, 0, 1, 3, 3, 1, 1, 2, 0, 0, 1, 0, 0, 0, 1, 0],706.0425648885516,58640.99257008452,96849.50297129861,false
41,G4_BALANCED,G2_TEC,[31, 22, 82, 15, 26, 9, 95, 42, 77, 68, 47, 5, 93, 78, 86, 54, 85, 63, 18, 44, 20, 49, 36, 14, 74, 50, 53, 17, 21, 28, 11, 64, 3, 23, 30, 83, 24, 41, 40, 52, 65, 27, 90, 70, 39, 69, 48, 87, 99, 4, 75, 1, 13, 58, 97, 59, 45, 8, 73, 37, 35, 79, 71, 66, 76, 32, 60, 80, 56, 6, 67, 61, 33, 7, 57, 34, 12, 16, 10, 62, 96, 88, 43, 46, 91, 38, 84, 92, 29, 19, 51, 72, 55, 89, 25, 81, 94, 2, 0, 98]|[2, 1, 2, 1, 1, 2, 1, 1, 1, 1, 1, 0, 2, 2, 1, 2, 0, 0, 0, 2, 2, 1, 0, 2, 0, 2, 2, 1, 0, 1, 1, 1, 0, 0, 1, 0, 2, 1, 2, 2, 0, 0, 1, 1, 0, 2, 0, 2, 1, 0, 0, 2, 0, 0, 2, 0, 1, 1, 0, 0, 2, 1, 1, 2, 2, 0, 2, 2, 2, 1, 2, 1, 1, 2, 0, 1, 1, 2, 1, 2, 0, 1, 1, 0, 1, 0, 0, 0, 1, 1, 1, 1, 0, 1, 1, 1, 2, 2, 0, 1]|[0, 3, 0, 3, 4, 1, 4, 4, 2, 4, 3, 2, 1, 0, 2, 1, 1, 1, 2, 1, 1, 3, 0, 1, 0, 1, 1, 4, 1, 4, 3, 2, 2, 0, 4, 1, 1, 4, 1, 1, 2, 1, 4, 4, 1, 1, 0, 1, 3, 2, 2, 1, 2, 1, 1, 2, 4, 3, 0, 2, 2, 3, 3, 1, 1, 2, 1, 1, 1, 4, 1, 3, 4, 1, 2, 4, 3, 1, 3, 1, 2, 4, 4, 2, 3, 2, 2, 2, 3, 4, 3, 4, 2, 4, 4, 4, 1, 1, 2, 3]|[0, 2, 0, 0, 3, 0, 1, 3, 0, 0, 2, 0, 1, 0, 1, 0, 0, 0, 1, 0, 0, 2, 0, 0, 1, 0, 0, 3, 0, 1, 0, 2, 0, 0, 3, 0, 1, 1, 0, 0, 0, 0, 1, 3, 0, 0, 1, 0, 2, 0, 0, 0, 0, 0, 1, 0, 1, 0, 1, 1, 0, 2, 0, 0, 0, 0, 0, 0, 0, 2, 0, 0, 1, 0, 0, 1, 0, 0, 3, 0, 0, 1, 2, 0, 0, 0, 0, 0, 3, 1, 0, 1, 0, 1, 3, 2, 0, 0, 0, 0],892.9936629170736,49459.617710952174,106558.4203894513,true
41,G2_TEC,G2_TEC,[31, 22, 82, 15, 26, 9, 95, 42, 77, 68, 47, 5, 93, 78, 86, 54, 85, 63, 18, 44, 20, 49, 36, 14, 74, 50, 53, 17, 21, 28, 11, 64, 3, 23, 30, 83, 24, 41, 40, 52, 65, 27, 90, 70, 39, 87, 48, 69, 99, 4, 46, 1, 13, 58, 97, 59, 45, 8, 73, 37, 35, 79, 71, 66, 76, 32, 60, 80, 56, 6, 67, 61, 33, 7, 57, 34, 12, 16, 10, 98, 96, 88, 2, 75, 91, 43, 84, 92, 29, 19, 51, 55, 81, 89, 25, 72, 94, 38, 0, 62]|[2, 1, 2, 1, 1, 2, 1, 1, 1, 1, 1, 0, 2, 2, 1, 2, 0, 0, 0, 2, 2, 1, 0, 2, 0, 2, 2, 1, 0, 1, 1, 1, 0, 0, 1, 0, 2, 1, 2, 2, 0, 0, 1, 1, 0, 2, 0, 2, 1, 0, 0, 2, 0, 0, 2, 0, 1, 1, 0, 0, 2, 1, 1, 2, 2, 0, 2, 2, 2, 1, 2, 1, 1, 2, 0, 1, 1, 2, 1, 2, 0, 1, 0, 0, 1, 1, 0, 0, 1, 1, 1, 0, 1, 1, 1, 1, 2, 0, 2, 1]|[0, 3, 0, 3, 4, 1, 4, 4, 2, 4, 3, 2, 1, 0, 2, 1, 1, 1, 2, 1, 1, 3, 0, 1, 0, 1, 1, 4, 1, 4, 3, 2, 2, 0, 4, 1, 1, 4, 1, 1, 2, 1, 4, 4, 1, 1, 0, 2, 3, 2, 2, 1, 2, 1, 1, 2, 4, 3, 0, 2, 1, 3, 3, 1, 1, 2, 1, 1, 1, 4, 1, 3, 4, 1, 2, 4, 3, 1, 3, 1, 2, 4, 2, 2, 3, 4, 2, 2, 3, 4, 3, 2, 4, 4, 4, 4, 1, 2, 1, 3]|[0, 2, 0, 0, 3, 0, 1, 3, 0, 0, 2, 0, 1, 0, 1, 0, 0, 0, 1, 0, 0, 2, 0, 0, 1, 0, 0, 3, 0, 1, 0, 2, 0, 0, 3, 0, 1, 1, 0, 0, 0, 0, 1, 3, 0, 0, 1, 0, 2, 0, 0, 0, 0, 0, 1, 0, 1, 0, 1, 1, 0, 2, 0, 0, 0, 0, 0, 0, 0, 2, 0, 0, 1, 0, 0, 1, 0, 0, 3, 0, 0, 1, 0, 0, 0, 2, 0, 0, 3, 1, 0, 0, 2, 1, 3, 1, 0, 0, 0, 0],914.0597544875216,49177.57411962909,107642.75205892837,false
41,G3_TWC,G4_BALANCED,[31, 22, 82, 15, 26, 58, 95, 42, 77, 12, 47, 5, 93, 78, 98, 54, 85, 63, 18, 44, 20, 35, 43, 97, 91, 76, 10, 30, 21, 45, 71, 64, 1, 23, 17, 83, 24, 14, 60, 36, 6, 57, 94, 88, 65, 56, 79, 40, 67, 68, 46, 75, 38, 9, 19, 32, 81, 41, 27, 62, 87, 90, 99, 59, 11, 16, 72, 73, 70, 39, 37, 84, 3, 92, 25, 55, 28, 29, 51, 7, 33, 61, 86, 48, 89, 34, 69, 96, 53, 80, 4, 8, 50, 49, 52, 0, 13, 2, 66, 74]|[1, 1, 0, 1, 1, 1, 2, 1, 2, 1, 2, 2, 2, 1, 1, 0, 0, 1, 0, 2, 2, 0, 1, 2, 0, 1, 2, 2, 0, 0, 1, 2, 1, 2, 1, 0, 2, 0, 1, 1, 0, 1, 1, 1, 0, 2, 1, 1, 0, 0, 0, 0, 1, 1, 2, 1, 2, 0, 0, 0, 2, 1, 0, 1, 2, 1, 2, 1, 1, 1, 1, 1, 2, 0, 1, 1, 0, 0, 0, 1, 2, 1, 0, 0, 1, 2, 1, 0, 0, 0, 0, 1, 0, 0, 1, 0, 0, 0, 2, 2]|[4, 3, 2, 2, 0, 0, 2, 2, 2, 4, 1, 1, 2, 4, 4, 1, 1, 4, 2, 1, 1, 1, 1, 2, 1, 2, 1, 1, 1, 1, 3, 2, 3, 0, 4, 0, 1, 1, 0, 3, 2, 2, 4, 0, 1, 1, 0, 2, 0, 1, 2, 2, 1, 4, 0, 3, 2, 1, 1, 2, 1, 3, 1, 1, 1, 3, 0, 4, 3, 1, 4, 1, 1, 2, 4, 4, 2, 1, 1, 3, 1, 3, 1, 1, 1, 1, 3, 1, 2, 1, 2, 3, 1, 1, 1, 2, 2, 2, 1, 1]|[0, 2, 1, 1, 3, 3, 0, 1, 0, 0, 0, 0, 1, 0, 1, 0, 0, 3, 1, 0, 0, 0, 3, 1, 0, 2, 0, 0, 0, 1, 0, 0, 0, 0, 3, 0, 1, 0, 0, 2, 1, 1, 2, 0, 0, 0, 0, 1, 1, 0, 0, 0, 1, 3, 0, 0, 1, 0, 0, 1, 0, 2, 0, 1, 0, 2, 1, 0, 0, 1, 1, 3, 0, 1, 3, 3, 1, 0, 0, 2, 0, 0, 0, 0, 1, 0, 0, 0, 1, 0, 1, 2, 0, 1, 1, 0, 0, 0, 0, 0],790.1921483697682,57957.04840138768,88951.83199580385,true
41,G1_CMAX,G1_CMAX,[31, 22, 82, 90, 26, 58, 95, 42, 77, 12, 93, 5, 78, 86, 98, 18, 44, 20, 35, 3, 97, 91, 76, 10, 85, 30, 47, 54, 45, 63, 71, 66, 1, 23, 17, 83, 24, 14, 60, 36, 6, 57, 40, 88, 65, 56, 79, 94, 67, 68, 46, 75, 38, 9, 19, 32, 81, 27, 62, 87, 15, 99, 59, 11, 16, 72, 73, 70, 39, 37, 84, 43, 80, 53, 96, 4, 50, 41, 89, 48, 21, 61, 33, 7, 51, 29, 28, 55, 25, 92, 8, 69, 0, 74, 52, 2, 13, 34, 49, 64]|[1, 1, 0, 1, 1, 0, 2, 1, 2, 1, 2, 2, 2, 1, 0, 1, 0, 2, 2, 1, 2, 2, 1, 2, 2, 2, 2, 0, 0, 0, 1, 2, 1, 2, 1, 0, 2, 0, 1, 1, 0, 1, 1, 1, 0, 2, 1, 1, 0, 0, 0, 1, 1, 1, 2, 1, 2, 0, 0, 2, 1, 0, 1, 2, 1, 2, 1, 1, 1, 1, 1, 1, 0, 0, 2, 1, 0, 0, 1, 0, 0, 1, 2, 1, 0, 0, 0, 1, 1, 0, 0, 1, 0, 2, 1, 0, 0, 2, 0, 2]|[3, 0, 2, 3, 0, 1, 1, 2, 2, 4, 1, 1, 0, 4, 1, 4, 2, 1, 1, 1, 2, 2, 2, 1, 1, 1, 2, 1, 1, 2, 3, 2, 3, 1, 4, 0, 1, 1, 0, 3, 2, 2, 4, 0, 1, 1, 0, 4, 0, 1, 2, 3, 1, 4, 0, 3, 2, 1, 2, 1, 2, 1, 1, 1, 3, 0, 4, 3, 1, 4, 1, 1, 1, 2, 1, 4, 1, 1, 1, 1, 1, 3, 1, 1, 1, 1, 2, 4, 4, 2, 2, 3, 2, 1, 1, 2, 2, 1, 1, 1]|[2, 0, 1, 2, 3, 0, 0, 1, 1, 0, 0, 0, 0, 1, 0, 3, 1, 0, 0, 1, 1, 1, 2, 0, 0, 0, 1, 0, 1, 0, 0, 0, 0, 0, 3, 0, 1, 0, 0, 2, 1, 1, 2, 0, 0, 0, 0, 2, 1, 0, 0, 0, 1, 3, 0, 0, 1, 0, 1, 0, 1, 0, 1, 0, 2, 1, 0, 0, 1, 1, 3, 3, 0, 1, 0, 0, 0, 0, 1, 0, 0, 0, 0, 2, 0, 0, 1, 3, 3, 1, 1, 2, 0, 0, 1, 0, 0, 0, 1, 0],706.0425648885516,58640.99257008452,96849.50297129861,false
41,G4_BALANCED,G2_TEC,[31, 22, 82, 15, 26, 9, 95, 42, 77, 68, 47, 5, 93, 78, 86, 54, 85, 63, 18, 44, 20, 49, 36, 14, 74, 50, 53, 17, 21, 28, 11, 64, 3, 23, 30, 83, 24, 41, 40, 52, 65, 27, 90, 70, 39, 69, 48, 87, 99, 4, 75, 1, 13, 58, 97, 59, 45, 8, 73, 37, 35, 79, 71, 66, 76, 32, 60, 80, 56, 6, 67, 61, 33, 7, 57, 34, 12, 16, 10, 62, 96, 88, 43, 46, 91, 38, 84, 92, 29, 19, 51, 72, 55, 89, 25, 81, 94, 2, 0, 98]|[2, 1, 2, 1, 1, 2, 1, 1, 1, 1, 1, 0, 2, 2, 1, 2, 0, 0, 0, 2, 2, 1, 0, 2, 0, 2, 2, 1, 0, 1, 1, 1, 0, 0, 1, 0, 2, 1, 2, 2, 0, 0, 1, 1, 0, 2, 0, 2, 1, 0, 0, 2, 0, 0, 2, 0, 1, 1, 0, 0, 2, 1, 1, 2, 2, 0, 2, 2, 2, 1, 2, 1, 1, 2, 0, 1, 1, 2, 1, 2, 0, 1, 1, 0, 1, 0, 0, 0, 1, 1, 1, 1, 0, 1, 1, 1, 2, 2, 0, 1]|[0, 3, 0, 3, 4, 1, 4, 4, 2, 4, 3, 2, 1, 0, 2, 1, 1, 1, 2, 1, 1, 3, 0, 1, 0, 1, 1, 4, 1, 4, 3, 2, 2, 0, 4, 1, 1, 4, 1, 1, 2, 1, 4, 4, 1, 1, 0, 1, 3, 2, 2, 1, 2, 1, 1, 2, 4, 3, 0, 2, 2, 3, 3, 1, 1, 2, 1, 1, 1, 4, 1, 3, 4, 1, 2, 4, 3, 1, 3, 1, 2, 4, 4, 2, 3, 2, 2, 2, 3, 4, 3, 4, 2, 4, 4, 4, 1, 1, 2, 3]|[0, 2, 0, 0, 3, 0, 1, 3, 0, 0, 2, 0, 1, 0, 1, 0, 0, 0, 1, 0, 0, 2, 0, 0, 1, 0, 0, 3, 0, 1, 0, 2, 0, 0, 3, 0, 1, 1, 0, 0, 0, 0, 1, 3, 0, 0, 1, 0, 2, 0, 0, 0, 0, 0, 1, 0, 1, 0, 1, 1, 0, 2, 0, 0, 0, 0, 0, 0, 0, 2, 0, 0, 1, 0, 0, 1, 0, 0, 3, 0, 0, 1, 2, 0, 0, 0, 0, 0, 3, 1, 0, 1, 0, 1, 3, 2, 0, 0, 0, 0],892.9936629170736,49459.617710952174,106558.4203894513,true
41,G2_TEC,G2_TEC,[31, 22, 82, 15, 26, 9, 95, 42, 77, 68, 47, 5, 93, 78, 86, 54, 85, 63, 18, 44, 20, 49, 36, 14, 74, 50, 53, 17, 21, 28, 11, 64, 3, 23, 30, 83, 24, 41, 40, 52, 65, 27, 90, 70, 39, 87, 48, 69, 99, 4, 46, 1, 13, 58, 97, 59, 45, 8, 73, 37, 35, 79, 71, 66, 76, 32, 60, 80, 56, 6, 67, 61, 33, 7, 57, 34, 12, 16, 10, 98, 96, 88, 2, 75, 91, 43, 84, 92, 29, 19, 51, 55, 81, 89, 25, 72, 94, 38, 0, 62]|[2, 1, 2, 1, 1, 2, 1, 1, 1, 1, 1, 0, 2, 2, 1, 2, 0, 0, 0, 2, 2, 1, 0, 2, 0, 2, 2, 1, 0, 1, 1, 1, 0, 0, 1, 0, 2, 1, 2, 2, 0, 0, 1, 1, 0, 2, 0, 2, 1, 0, 0, 2, 0, 0, 2, 0, 1, 1, 0, 0, 2, 1, 1, 2, 2, 0, 2, 2, 2, 1, 2, 1, 1, 2, 0, 1, 1, 2, 1, 2, 0, 1, 0, 0, 1, 1, 0, 0, 1, 1, 1, 0, 1, 1, 1, 1, 2, 0, 2, 1]|[0, 3, 0, 3, 4, 1, 4, 4, 2, 4, 3, 2, 1, 0, 2, 1, 1, 1, 2, 1, 1, 3, 0, 1, 0, 1, 1, 4, 1, 4, 3, 2, 2, 0, 4, 1, 1, 4, 1, 1, 2, 1, 4, 4, 1, 1, 0, 2, 3, 2, 2, 1, 2, 1, 1, 2, 4, 3, 0, 2, 1, 3, 3, 1, 1, 2, 1, 1, 1, 4, 1, 3, 4, 1, 2, 4, 3, 1, 3, 1, 2, 4, 2, 2, 3, 4, 2, 2, 3, 4, 3, 2, 4, 4, 4, 4, 1, 2, 1, 3]|[0, 2, 0, 0, 3, 0, 1, 3, 0, 0, 2, 0, 1, 0, 1, 0, 0, 0, 1, 0, 0, 2, 0, 0, 1, 0, 0, 3, 0, 1, 0, 2, 0, 0, 3, 0, 1, 1, 0, 0, 0, 0, 1, 3, 0, 0, 1, 0, 2, 0, 0, 0, 0, 0, 1, 0, 1, 0, 1, 1, 0, 2, 0, 0, 0, 0, 0, 0, 0, 2, 0, 0, 1, 0, 0, 1, 0, 0, 3, 0, 0, 1, 0, 0, 0, 2, 0, 0, 3, 1, 0, 0, 2, 1, 3, 1, 0, 0, 0, 0],914.0597544875216,49177.57411962909,107642.75205892837,false
41,G3_TWC,G4_BALANCED,[31, 22, 82, 15, 26, 58, 95, 42, 77, 12, 47, 5, 93, 78, 98, 54, 85, 63, 18, 44, 20, 35, 43, 97, 91, 76, 10, 30, 21, 45, 71, 64, 1, 23, 17, 83, 24, 14, 60, 36, 6, 57, 94, 88, 65, 56, 79, 40, 67, 68, 46, 75, 38, 9, 19, 32, 81, 41, 27, 62, 87, 90, 99, 59, 11, 16, 72, 73, 70, 39, 37, 84, 3, 92, 25, 55, 28, 29, 51, 7, 33, 61, 86, 48, 89, 34, 69, 96, 53, 80, 4, 8, 50, 49, 52, 0, 13, 2, 66, 74]|[1, 1, 0, 1, 1, 1, 2, 1, 2, 1, 2, 2, 2, 1, 1, 0, 0, 1, 0, 2, 2, 0, 1, 2, 0, 1, 2, 2, 0, 0, 1, 2, 1, 2, 1, 0, 2, 0, 1, 1, 0, 1, 1, 1, 0, 2, 1, 1, 0, 0, 0, 0, 1, 1, 2, 1, 2, 0, 0, 0, 2, 1, 0, 1, 2, 1, 2, 1, 1, 1, 1, 1, 2, 0, 1, 1, 0, 0, 0, 1, 2, 1, 0, 0, 1, 2, 1, 0, 0, 0, 0, 1, 0, 0, 1, 0, 0, 0, 2, 2]|[4, 3, 2, 2, 0, 0, 2, 2, 2, 4, 1, 1, 2, 4, 4, 1, 1, 4, 2, 1, 1, 1, 1, 2, 1, 2, 1, 1, 1, 1, 3, 2, 3, 0, 4, 0, 1, 1, 0, 3, 2, 2, 4, 0, 1, 1, 0, 2, 0, 1, 2, 2, 1, 4, 0, 3, 2, 1, 1, 2, 1, 3, 1, 1, 1, 3, 0, 4, 3, 1, 4, 1, 1, 2, 4, 4, 2, 1, 1, 3, 1, 3, 1, 1, 1, 1, 3, 1, 2, 1, 2, 3, 1, 1, 1, 2, 2, 2, 1, 1]|[0, 2, 1, 1, 3, 3, 0, 1, 0, 0, 0, 0, 1, 0, 1, 0, 0, 3, 1, 0, 0, 0, 3, 1, 0, 2, 0, 0, 0, 1, 0, 0, 0, 0, 3, 0, 1, 0, 0, 2, 1, 1, 2, 0, 0, 0, 0, 1, 1, 0, 0, 0, 1, 3, 0, 0, 1, 0, 0, 1, 0, 2, 0, 1, 0, 2, 1, 0, 0, 1, 1, 3, 0, 1, 3, 3, 1, 0, 0, 2, 0, 0, 0, 0, 1, 0, 0, 0, 1, 0, 1, 2, 0, 1, 1, 0, 0, 0, 0, 0],790.1921483697682,57957.04840138768,88951.83199580385,true
41,G1_CMAX,G1_CMAX,[31, 22, 82, 90, 26, 58, 95, 42, 77, 12, 93, 5, 78, 86, 98, 18, 44, 20, 35, 3, 97, 91, 76, 10, 85, 30, 47, 54, 45, 63, 71, 66, 1, 23, 17, 83, 24, 14, 60, 36, 6, 57, 40, 88, 65, 56, 79, 94, 67, 68, 46, 75, 38, 9, 19, 32, 81, 27, 62, 87, 15, 99, 59, 11, 16, 72, 73, 70, 39, 37, 84, 43, 80, 53, 96, 4, 50, 41, 89, 48, 21, 61, 33, 7, 51, 29, 28, 55, 25, 92, 8, 69, 0, 74, 52, 2, 13, 34, 49, 64]|[1, 1, 0, 1, 1, 0, 2, 1, 2, 1, 2, 2, 2, 1, 0, 1, 0, 2, 2, 1, 2, 2, 1, 2, 2, 2, 2, 0, 0, 0, 1, 2, 1, 2, 1, 0, 2, 0, 1, 1, 0, 1, 1, 1, 0, 2, 1, 1, 0, 0, 0, 1, 1, 1, 2, 1, 2, 0, 0, 2, 1, 0, 1, 2, 1, 2, 1, 1, 1, 1, 1, 1, 0, 0, 2, 1, 0, 0, 1, 0, 0, 1, 2, 1, 0, 0, 0, 1, 1, 0, 0, 1, 0, 2, 1, 0, 0, 2, 0, 2]|[3, 0, 2, 3, 0, 1, 1, 2, 2, 4, 1, 1, 0, 4, 1, 4, 2, 1, 1, 1, 2, 2, 2, 1, 1, 1, 2, 1, 1, 2, 3, 2, 3, 1, 4, 0, 1, 1, 0, 3, 2, 2, 4, 0, 1, 1, 0, 4, 0, 1, 2, 3, 1, 4, 0, 3, 2, 1, 2, 1, 2, 1, 1, 1, 3, 0, 4, 3, 1, 4, 1, 1, 1, 2, 1, 4, 1, 1, 1, 1, 1, 3, 1, 1, 1, 1, 2, 4, 4, 2, 2, 3, 2, 1, 1, 2, 2, 1, 1, 1]|[2, 0, 1, 2, 3, 0, 0, 1, 1, 0, 0, 0, 0, 1, 0, 3, 1, 0, 0, 1, 1, 1, 2, 0, 0, 0, 1, 0, 1, 0, 0, 0, 0, 0, 3, 0, 1, 0, 0, 2, 1, 1, 2, 0, 0, 0, 0, 2, 1, 0, 0, 0, 1, 3, 0, 0, 1, 0, 1, 0, 1, 0, 1, 0, 2, 1, 0, 0, 1, 1, 3, 3, 0, 1, 0, 0, 0, 0, 1, 0, 0, 0, 0, 2, 0, 0, 1, 3, 3, 1, 1, 2, 0, 0, 1, 0, 0, 0, 1, 0],706.0425648885516,58640.99257008452,96849.50297129861,false
41,G4_BALANCED,G1_CMAX,[22, 82, 3, 58, 95, 42, 77, 47, 5, 93, 78, 12, 86, 54, 50, 63, 18, 44, 20, 35, 43, 97, 91, 76, 10, 30, 21, 45, 71, 64, 36, 23, 17, 83, 24, 14, 60, 1, 6, 40, 57, 90, 65, 56, 79, 94, 67, 68, 46, 75, 38, 9, 19, 32, 81, 41, 27, 62, 16, 55, 59, 89, 88, 87, 31, 72, 73, 70, 39, 37, 84, 92, 25, 11, 48, 15, 29, 51, 7, 33, 61, 98, 28, 99, 26, 85, 66, 96, 53, 80, 4, 8, 34, 49, 52, 2, 13, 0, 69, 74]|[1, 0, 1, 0, 1, 2, 2, 2, 2, 2, 1, 1, 1, 0, 0, 1, 0, 2, 2, 0, 1, 2, 0, 1, 2, 2, 0, 0, 1, 2, 1, 2, 1, 0, 2, 0, 1, 1, 0, 1, 1, 1, 0, 2, 1, 1, 0, 0, 0, 0, 1, 1, 2, 1, 2, 0, 0, 0, 1, 2, 1, 1, 1, 1, 1, 2, 1, 2, 1, 1, 1, 0, 1, 2, 2, 1, 0, 0, 1, 2, 1, 2, 0, 1, 1, 0, 0, 2, 0, 0, 1, 1, 2, 0, 1, 0, 0, 0, 1, 2]|[3, 2, 1, 1, 2, 1, 2, 1, 1, 2, 4, 4, 4, 1, 1, 4, 2, 1, 1, 1, 1, 2, 1, 2, 1, 1, 2, 1, 3, 2, 3, 1, 4, 1, 1, 1, 0, 3, 2, 2, 2, 3, 1, 1, 0, 4, 0, 1, 2, 2, 1, 4, 0, 3, 2, 1, 1, 2, 3, 1, 1, 1, 0, 3, 0, 0, 3, 0, 1, 4, 1, 0, 4, 1, 1, 4, 1, 1, 1, 1, 3, 1, 2, 1, 0, 2, 1, 1, 2, 1, 4, 3, 1, 1, 1, 2, 2, 2, 4, 1]|[3, 1, 2, 0, 1, 0, 0, 0, 0, 1, 0, 0, 1, 0, 0, 3, 1, 0, 0, 0, 3, 1, 0, 2, 0, 0, 0, 1, 0, 0, 2, 0, 3, 0, 1, 0, 0, 0, 1, 1, 1, 2, 0, 0, 0, 2, 1, 0, 0, 0, 1, 3, 0, 0, 1, 0, 0, 1, 2, 0, 1, 1, 0, 2, 0, 1, 0, 1, 1, 1, 1, 1, 3, 0, 0, 3, 0, 0, 2, 0, 0, 0, 1, 1, 3, 0, 0, 0, 1, 0, 0, 2, 0, 1, 1, 0, 0, 0, 2, 0],715.7913946700162,58060.95961022334,95287.06515100288,true
41,G2_TEC,G4_BALANCED,[31, 11, 82, 15, 26, 9, 95, 42, 77, 68, 47, 5, 93, 78, 86, 54, 85, 63, 76, 44, 20, 49, 36, 14, 74, 50, 53, 25, 21, 28, 71, 64, 3, 23, 30, 83, 24, 41, 60, 52, 65, 27, 90, 70, 39, 87, 48, 69, 99, 4, 46, 1, 13, 58, 97, 59, 33, 8, 73, 37, 35, 79, 22, 66, 18, 32, 40, 80, 96, 6, 16, 61, 45, 7, 57, 34, 12, 67, 10, 98, 56, 88, 29, 75, 91, 38, 19, 92, 43, 84, 2, 72, 81, 17, 51, 55, 0, 89, 94, 62]|[2, 1, 2, 1, 1, 2, 1, 1, 1, 1, 1, 0, 2, 2, 1, 2, 0, 0, 0, 2, 2, 1, 0, 2, 0, 2, 2, 1, 0, 1, 1, 1, 0, 0, 1, 0, 2, 1, 2, 2, 0, 0, 1, 1, 0, 2, 0, 2, 1, 0, 0, 2, 0, 0, 2, 0, 1, 1, 0, 0, 2, 1, 0, 2, 2, 0, 2, 2, 0, 1, 2, 1, 1, 2, 0, 1, 1, 1, 1, 2, 2, 1, 1, 0, 1, 0, 1, 0, 1, 0, 2, 1, 1, 1, 1, 0, 0, 1, 2, 1]|[0, 3, 0, 2, 4, 1, 4, 4, 2, 4, 3, 2, 1, 0, 2, 1, 1, 1, 2, 1, 1, 3, 0, 1, 0, 1, 1, 4, 1, 4, 3, 2, 2, 0, 4, 1, 1, 4, 0, 1, 2, 1, 4, 4, 1, 1, 0, 2, 3, 1, 2, 1, 2, 1, 1, 2, 4, 3, 0, 2, 2, 3, 1, 0, 1, 2, 0, 1, 2, 4, 1, 3, 4, 1, 2, 4, 3, 3, 3, 1, 1, 4, 3, 2, 3, 2, 4, 2, 4, 2, 1, 4, 1, 4, 3, 2, 2, 4, 1, 3]|[0, 2, 0, 1, 3, 0, 1, 3, 0, 0, 2, 0, 1, 0, 1, 0, 0, 0, 1, 0, 0, 2, 0, 0, 1, 0, 0, 3, 0, 1, 0, 2, 0, 1, 3, 0, 1, 3, 1, 0, 0, 0, 1, 3, 0, 0, 1, 0, 2, 0, 0, 0, 0, 0, 1, 0, 1, 0, 1, 1, 0, 2, 0, 0, 0, 0, 0, 0, 0, 2, 0, 0, 1, 0, 0, 1, 0, 0, 3, 0, 0, 1, 0, 0, 0, 0, 3, 0, 2, 0, 0, 2, 1, 3, 0, 0, 0, 1, 0, 0],848.1161249092097,51934.83458349109,107480.51805341724,true
41,G3_TWC,G4_BALANCED,[31, 22, 82, 15, 26, 58, 95, 42, 77, 12, 47, 5, 93, 78, 98, 54, 85, 63, 18, 44, 20, 35, 43, 97, 91, 76, 10, 30, 21, 45, 71, 64, 1, 23, 17, 83, 24, 14, 60, 36, 6, 57, 94, 88, 65, 56, 79, 40, 67, 68, 46, 75, 38, 9, 19, 32, 81, 41, 27, 62, 87, 90, 99, 59, 11, 16, 72, 73, 70, 39, 37, 84, 3, 92, 25, 55, 28, 29, 51, 7, 33, 61, 86, 48, 89, 34, 69, 96, 53, 80, 4, 8, 50, 49, 52, 0, 13, 2, 66, 74]|[1, 1, 0, 1, 1, 1, 2, 1, 2, 1, 2, 2, 2, 1, 1, 0, 0, 1, 0, 2, 2, 0, 1, 2, 0, 1, 2, 2, 0, 0, 1, 2, 1, 2, 1, 0, 2, 0, 1, 1, 0, 1, 1, 1, 0, 2, 1, 1, 0, 0, 0, 0, 1, 1, 2, 1, 2, 0, 0, 0, 2, 1, 0, 1, 2, 1, 2, 1, 1, 1, 1, 1, 2, 0, 1, 1, 0, 0, 0, 1, 2, 1, 0, 0, 1, 2, 1, 0, 0, 0, 0, 1, 0, 0, 1, 0, 0, 0, 2, 2]|[4, 3, 2, 2, 0, 0, 2, 2, 2, 4, 1, 1, 2, 4, 4, 1, 1, 4, 2, 1, 1, 1, 1, 2, 1, 2, 1, 1, 1, 1, 3, 2, 3, 0, 4, 0, 1, 1, 0, 3, 2, 2, 4, 0, 1, 1, 0, 2, 0, 1, 2, 2, 1, 4, 0, 3, 2, 1, 1, 2, 1, 3, 1, 1, 1, 3, 0, 4, 3, 1, 4, 1, 1, 2, 4, 4, 2, 1, 1, 3, 1, 3, 1, 1, 1, 1, 3, 1, 2, 1, 2, 3, 1, 1, 1, 2, 2, 2, 1, 1]|[0, 2, 1, 1, 3, 3, 0, 1, 0, 0, 0, 0, 1, 0, 1, 0, 0, 3, 1, 0, 0, 0, 3, 1, 0, 2, 0, 0, 0, 1, 0, 0, 0, 0, 3, 0, 1, 0, 0, 2, 1, 1, 2, 0, 0, 0, 0, 1, 1, 0, 0, 0, 1, 3, 0, 0, 1, 0, 0, 1, 0, 2, 0, 1, 0, 2, 1, 0, 0, 1, 1, 3, 0, 1, 3, 3, 1, 0, 0, 2, 0, 0, 0, 0, 1, 0, 0, 0, 1, 0, 1, 2, 0, 1, 1, 0, 0, 0, 0, 0],790.1921483697682,57957.04840138768,88951.83199580385,true
41,G1_CMAX,G1_CMAX,[31, 22, 82, 15, 26, 58, 95, 42, 77, 12, 47, 5, 93, 78, 98, 54, 85, 63, 18, 44, 20, 35, 43, 97, 91, 76, 10, 30, 21, 45, 71, 64, 1, 23, 17, 83, 24, 14, 60, 36, 6, 57, 94, 88, 65, 56, 79, 40, 67, 68, 46, 75, 38, 9, 19, 32, 81, 96, 27, 62, 87, 90, 99, 59, 11, 16, 72, 73, 70, 39, 37, 84, 3, 92, 25, 55, 28, 29, 51, 7, 33, 61, 86, 48, 89, 34, 69, 41, 53, 80, 8, 66, 50, 49, 52, 0, 13, 2, 4, 74]|[1, 1, 0, 1, 1, 1, 2, 1, 2, 1, 2, 2, 2, 1, 1, 0, 0, 1, 0, 2, 2, 0, 1, 2, 0, 1, 2, 2, 0, 0, 1, 2, 1, 2, 1, 0, 2, 0, 1, 1, 0, 1, 1, 1, 0, 2, 1, 1, 0, 0, 0, 0, 1, 1, 2, 1, 2, 2, 0, 0, 2, 1, 0, 1, 2, 1, 2, 1, 1, 1, 1, 1, 2, 0, 1, 1, 0, 0, 0, 1, 2, 1, 0, 0, 1, 2, 1, 2, 0, 0, 1, 2, 0, 0, 1, 0, 0, 0, 1, 2]|[4, 3, 2, 2, 0, 0, 2, 2, 2, 4, 1, 1, 2, 4, 4, 1, 2, 4, 2, 1, 1, 1, 1, 2, 1, 2, 1, 1, 1, 1, 3, 2, 3, 0, 4, 0, 1, 1, 0, 3, 2, 2, 4, 0, 1, 1, 0, 2, 0, 1, 2, 2, 1, 4, 0, 3, 2, 1, 1, 2, 1, 3, 1, 1, 1, 3, 0, 4, 3, 1, 4, 1, 1, 2, 4, 4, 2, 1, 1, 3, 1, 3, 1, 1, 1, 1, 3, 1, 2, 1, 3, 1, 1, 1, 1, 2, 2, 2, 4, 1]|[0, 2, 1, 1, 3, 3, 0, 1, 0, 0, 0, 0, 1, 0, 1, 0, 0, 3, 1, 0, 0, 0, 3, 1, 0, 2, 0, 0, 0, 1, 0, 0, 0, 0, 3, 0, 1, 0, 0, 2, 1, 1, 2, 0, 0, 0, 0, 1, 1, 0, 0, 0, 1, 3, 0, 0, 1, 0, 0, 1, 0, 2, 0, 1, 0, 2, 1, 0, 0, 1, 1, 3, 0, 1, 3, 3, 1, 0, 0, 2, 0, 0, 0, 0, 1, 0, 0, 0, 1, 0, 2, 0, 0, 1, 1, 0, 0, 0, 0, 0],734.8870158322648,57243.54077863271,91922.81607701481,false
41,G4_BALANCED,G1_CMAX,[22, 82, 3, 58, 95, 42, 77, 47, 5, 93, 78, 12, 86, 54, 50, 63, 18, 44, 20, 35, 43, 97, 91, 76, 10, 30, 21, 45, 71, 64, 36, 23, 17, 83, 24, 14, 60, 1, 6, 40, 57, 90, 65, 56, 79, 94, 67, 68, 46, 75, 38, 9, 19, 32, 81, 41, 27, 62, 16, 55, 59, 89, 88, 87, 31, 72, 73, 70, 39, 37, 84, 92, 25, 11, 48, 15, 29, 51, 7, 33, 61, 98, 28, 99, 26, 85, 66, 96, 53, 80, 4, 8, 34, 49, 52, 2, 13, 0, 69, 74]|[1, 0, 1, 0, 1, 2, 2, 2, 2, 2, 1, 1, 1, 0, 0, 1, 0, 2, 2, 0, 1, 2, 0, 1, 2, 2, 0, 0, 1, 2, 1, 2, 1, 0, 2, 0, 1, 1, 0, 1, 1, 1, 0, 2, 1, 1, 0, 0, 0, 0, 1, 1, 2, 1, 2, 0, 0, 0, 1, 2, 1, 1, 1, 1, 1, 2, 1, 2, 1, 1, 1, 0, 1, 2, 2, 1, 0, 0, 1, 2, 1, 2, 0, 1, 1, 0, 0, 2, 0, 0, 1, 1, 2, 0, 1, 0, 0, 0, 1, 2]|[3, 2, 1, 1, 2, 1, 2, 1, 1, 2, 4, 4, 4, 1, 1, 4, 2, 1, 1, 1, 1, 2, 1, 2, 1, 1, 2, 1, 3, 2, 3, 1, 4, 1, 1, 1, 0, 3, 2, 2, 2, 3, 1, 1, 0, 4, 0, 1, 2, 2, 1, 4, 0, 3, 2, 1, 1, 2, 3, 1, 1, 1, 0, 3, 0, 0, 3, 0, 1, 4, 1, 0, 4, 1, 1, 4, 1, 1, 1, 1, 3, 1, 2, 1, 0, 2, 1, 1, 2, 1, 4, 3, 1, 1, 1, 2, 2, 2, 4, 1]|[3, 1, 2, 0, 1, 0, 0, 0, 0, 1, 0, 0, 1, 0, 0, 3, 1, 0, 0, 0, 3, 1, 0, 2, 0, 0, 0, 1, 0, 0, 2, 0, 3, 0, 1, 0, 0, 0, 1, 1, 1, 2, 0, 0, 0, 2, 1, 0, 0, 0, 1, 3, 0, 0, 1, 0, 0, 1, 2, 0, 1, 1, 0, 2, 0, 1, 0, 1, 1, 1, 1, 1, 3, 0, 0, 3, 0, 0, 2, 0, 0, 0, 1, 1, 3, 0, 0, 0, 1, 0, 0, 2, 0, 1, 1, 0, 0, 0, 2, 0],715.7913946700162,58060.95961022334,95287.06515100288,true
41,G2_TEC,G2_TEC,[31, 22, 82, 15, 26, 9, 95, 42, 77, 68, 47, 5, 93, 78, 86, 54, 85, 63, 18, 44, 20, 49, 36, 14, 74, 50, 53, 17, 21, 28, 11, 64, 3, 23, 30, 83, 24, 41, 40, 52, 65, 27, 90, 70, 39, 87, 48, 69, 99, 4, 46, 1, 13, 58, 97, 59, 45, 8, 73, 37, 35, 79, 71, 66, 76, 32, 60, 80, 56, 6, 67, 61, 33, 7, 57, 34, 12, 16, 10, 98, 96, 88, 2, 75, 91, 43, 84, 92, 29, 19, 51, 55, 81, 89, 25, 72, 94, 38, 0, 62]|[2, 1, 2, 1, 1, 2, 1, 1, 1, 1, 1, 0, 2, 2, 1, 2, 0, 0, 0, 2, 2, 1, 0, 2, 0, 2, 2, 1, 0, 1, 1, 1, 0, 0, 1, 0, 2, 1, 2, 2, 0, 0, 1, 1, 0, 2, 0, 2, 1, 0, 0, 2, 0, 0, 2, 0, 1, 1, 0, 0, 2, 1, 1, 2, 2, 0, 2, 2, 2, 1, 2, 1, 1, 2, 0, 1, 1, 2, 1, 2, 0, 1, 0, 0, 1, 1, 0, 0, 1, 1, 1, 0, 1, 1, 1, 1, 2, 0, 2, 1]|[0, 3, 0, 3, 4, 1, 4, 4, 2, 4, 3, 2, 1, 0, 2, 1, 1, 1, 2, 1, 1, 3, 0, 1, 0, 1, 1, 4, 1, 4, 3, 2, 2, 0, 4, 1, 1, 4, 1, 1, 2, 1, 4, 4, 1, 1, 0, 2, 3, 2, 2, 1, 2, 1, 1, 2, 4, 3, 0, 2, 1, 3, 3, 1, 1, 2, 1, 1, 1, 4, 1, 3, 4, 1, 2, 4, 3, 1, 3, 1, 2, 4, 2, 2, 3, 4, 2, 2, 3, 4, 3, 2, 4, 4, 4, 4, 1, 2, 1, 3]|[0, 2, 0, 0, 3, 0, 1, 3, 0, 0, 2, 0, 1, 0, 1, 0, 0, 0, 1, 0, 0, 2, 0, 0, 1, 0, 0, 3, 0, 1, 0, 2, 0, 0, 3, 0, 1, 1, 0, 0, 0, 0, 1, 3, 0, 0, 1, 0, 2, 0, 0, 0, 0, 0, 1, 0, 1, 0, 1, 1, 0, 2, 0, 0, 0, 0, 0, 0, 0, 2, 0, 0, 1, 0, 0, 1, 0, 0, 3, 0, 0, 1, 0, 0, 0, 2, 0, 0, 3, 1, 0, 0, 2, 1, 3, 1, 0, 0, 0, 0],914.0597544875216,49177.57411962909,107642.75205892837,false
41,G3_TWC,G4_BALANCED,[31, 22, 82, 15, 26, 58, 95, 42, 77, 12, 47, 5, 93, 78, 98, 54, 85, 63, 18, 44, 20, 35, 43, 97, 91, 76, 10, 30, 21, 45, 71, 64, 1, 23, 17, 83, 24, 14, 60, 36, 6, 57, 94, 88, 65, 56, 79, 40, 67, 68, 46, 75, 38, 9, 19, 32, 81, 41, 27, 62, 87, 90, 99, 59, 11, 16, 72, 73, 70, 39, 37, 84, 3, 92, 25, 55, 28, 29, 51, 7, 33, 61, 86, 48, 89, 34, 69, 96, 53, 80, 4, 8, 50, 49, 52, 0, 13, 2, 66, 74]|[1, 1, 0, 1, 1, 1, 2, 1, 2, 1, 2, 2, 2, 1, 1, 0, 0, 1, 0, 2, 2, 0, 1, 2, 0, 1, 2, 2, 0, 0, 1, 2, 1, 2, 1, 0, 2, 0, 1, 1, 0, 1, 1, 1, 0, 2, 1, 1, 0, 0, 0, 0, 1, 1, 2, 1, 2, 0, 0, 0, 2, 1, 0, 1, 2, 1, 2, 1, 1, 1, 1, 1, 2, 0, 1, 1, 0, 0, 0, 1, 2, 1, 0, 0, 1, 2, 1, 0, 0, 0, 0, 1, 0, 0, 1, 0, 0, 0, 2, 2]|[4, 3, 2, 2, 0, 0, 2, 2, 2, 4, 1, 1, 2, 4, 4, 1, 1, 4, 2, 1, 1, 1, 1, 2, 1, 2, 1, 1, 1, 1, 3, 2, 3, 0, 4, 0, 1, 1, 0, 3, 2, 2, 4, 0, 1, 1, 0, 2, 0, 1, 2, 2, 1, 4, 0, 3, 2, 1, 1, 2, 1, 3, 1, 1, 1, 3, 0, 4, 3, 1, 4, 1, 1, 2, 4, 4, 2, 1, 1, 3, 1, 3, 1, 1, 1, 1, 3, 1, 2, 1, 2, 3, 1, 1, 1, 2, 2, 2, 1, 1]|[0, 2, 1, 1, 3, 3, 0, 1, 0, 0, 0, 0, 1, 0, 1, 0, 0, 3, 1, 0, 0, 0, 3, 1, 0, 2, 0, 0, 0, 1, 0, 0, 0, 0, 3, 0, 1, 0, 0, 2, 1, 1, 2, 0, 0, 0, 0, 1, 1, 0, 0, 0, 1, 3, 0, 0, 1, 0, 0, 1, 0, 2, 0, 1, 0, 2, 1, 0, 0, 1, 1, 3, 0, 1, 3, 3, 1, 0, 0, 2, 0, 0, 0, 0, 1, 0, 0, 0, 1, 0, 1, 2, 0, 1, 1, 0, 0, 0, 0, 0],790.1921483697682,57957.04840138768,88951.83199580385,true
41,G1_CMAX,G4_BALANCED,[31, 22, 82, 15, 26, 58, 95, 42, 77, 12, 47, 5, 93, 78, 98, 54, 85, 63, 18, 44, 20, 35, 43, 97, 91, 76, 10, 30, 21, 45, 71, 64, 1, 23, 17, 83, 24, 14, 60, 36, 6, 57, 94, 88, 65, 56, 79, 40, 67, 68, 46, 75, 38, 9, 19, 32, 81, 41, 27, 62, 87, 90, 99, 59, 11, 16, 72, 73, 70, 39, 37, 84, 3, 92, 25, 55, 28, 29, 51, 7, 33, 61, 86, 48, 89, 34, 69, 96, 53, 80, 4, 8, 50, 49, 52, 0, 13, 2, 66, 74]|[1, 1, 0, 1, 1, 1, 2, 1, 2, 1, 2, 2, 2, 1, 1, 0, 0, 1, 0, 2, 2, 0, 1, 2, 0, 1, 2, 2, 0, 0, 1, 2, 1, 2, 1, 0, 2, 0, 1, 1, 0, 1, 1, 1, 0, 2, 1, 1, 0, 0, 0, 0, 1, 1, 2, 1, 2, 0, 0, 0, 2, 1, 0, 1, 2, 1, 2, 1, 1, 1, 1, 1, 2, 0, 1, 1, 0, 0, 0, 1, 2, 1, 0, 0, 1, 2, 1, 0, 0, 0, 0, 1, 0, 0, 1, 0, 0, 0, 2, 2]|[4, 3, 2, 2, 0, 0, 2, 2, 2, 4, 1, 1, 2, 4, 4, 1, 1, 4, 2, 1, 1, 1, 1, 2, 1, 2, 1, 1, 1, 1, 3, 2, 3, 0, 4, 0, 1, 1, 0, 3, 2, 2, 4, 0, 1, 1, 0, 2, 0, 1, 2, 2, 1, 4, 0, 3, 2, 1, 1, 2, 1, 3, 1, 1, 1, 3, 0, 4, 3, 1, 4, 1, 1, 2, 4, 4, 2, 1, 1, 3, 1, 3, 1, 1, 1, 1, 3, 1, 2, 1, 2, 3, 1, 1, 1, 2, 2, 2, 1, 1]|[0, 2, 1, 1, 3, 3, 0, 1, 0, 0, 0, 0, 1, 0, 1, 0, 0, 3, 1, 0, 0, 0, 3, 1, 0, 2, 0, 0, 0, 1, 0, 0, 0, 0, 3, 0, 1, 0, 0, 2, 1, 1, 2, 0, 0, 0, 0, 1, 1, 0, 0, 0, 1, 3, 0, 0, 1, 0, 0, 1, 0, 2, 0, 1, 0, 2, 1, 0, 0, 1, 1, 3, 0, 1, 3, 3, 1, 0, 0, 2, 0, 0, 0, 0, 1, 0, 0, 0, 1, 0, 1, 2, 0, 1, 1, 0, 0, 0, 0, 0],790.1921483697682,57957.04840138768,88951.83199580385,true
41,G4_BALANCED,G3_TWC,[31, 22, 82, 15, 26, 58, 95, 42, 77, 12, 47, 5, 93, 78, 98, 54, 85, 63, 18, 44, 20, 35, 43, 97, 91, 76, 10, 30, 21, 45, 71, 64, 1, 23, 17, 83, 24, 14, 60, 36, 6, 57, 94, 88, 65, 56, 79, 40, 67, 68, 46, 75, 38, 9, 19, 32, 81, 41, 27, 62, 87, 90, 99, 59, 28, 16, 72, 73, 70, 39, 37, 84, 3, 92, 25, 55, 11, 29, 51, 7, 33, 61, 86, 66, 89, 50, 69, 96, 53, 80, 4, 8, 48, 49, 52, 2, 13, 0, 34, 74]|[1, 1, 0, 1, 1, 1, 2, 1, 2, 1, 2, 2, 2, 1, 1, 0, 0, 1, 0, 2, 2, 0, 1, 2, 0, 1, 2, 2, 0, 0, 1, 2, 1, 2, 1, 0, 2, 0, 1, 1, 0, 1, 1, 1, 0, 2, 1, 1, 0, 0, 0, 0, 1, 1, 2, 1, 2, 0, 0, 0, 2, 1, 0, 1, 0, 1, 2, 1, 1, 1, 1, 1, 2, 0, 1, 1, 2, 0, 0, 1, 2, 1, 0, 2, 1, 0, 1, 2, 0, 0, 0, 1, 0, 0, 1, 0, 0, 0, 2, 2]|[4, 3, 2, 2, 0, 0, 2, 2, 2, 4, 1, 1, 2, 4, 4, 1, 1, 4, 2, 1, 1, 1, 1, 2, 1, 2, 1, 1, 1, 1, 3, 2, 3, 1, 4, 0, 2, 1, 0, 3, 2, 2, 4, 0, 1, 1, 0, 2, 0, 1, 2, 2, 1, 4, 0, 3, 2, 1, 1, 2, 1, 3, 1, 1, 2, 3, 0, 4, 3, 1, 4, 1, 1, 2, 4, 4, 1, 1, 1, 3, 1, 3, 1, 1, 1, 1, 3, 1, 2, 1, 2, 3, 1, 1, 1, 2, 2, 2, 1, 1]|[0, 2, 1, 1, 3, 3, 0, 1, 0, 0, 0, 0, 1, 0, 1, 0, 0, 3, 1, 0, 0, 0, 3, 1, 0, 2, 0, 0, 0, 1, 0, 0, 0, 0, 3, 0, 1, 0, 0, 2, 1, 1, 2, 0, 0, 0, 0, 1, 1, 0, 0, 0, 1, 3, 0, 0, 1, 0, 0, 1, 0, 2, 0, 1, 1, 2, 1, 0, 0, 1, 1, 3, 0, 1, 3, 3, 0, 0, 0, 2, 0, 0, 0, 0, 1, 0, 0, 0, 1, 0, 1, 2, 0, 1, 1, 0, 0, 0, 0, 0],773.8652057064894,57638.95761887857,89436.21072738443,true
41,G2_TEC,G2_TEC,[31, 22, 82, 15, 26, 9, 95, 42, 77, 68, 47, 5, 93, 78, 86, 54, 85, 63, 18, 44, 20, 49, 36, 14, 74, 50, 53, 17, 21, 28, 11, 64, 3, 23, 30, 83, 24, 41, 40, 52, 65, 27, 90, 70, 39, 87, 48, 69, 99, 4, 46, 1, 13, 58, 97, 59, 45, 8, 73, 37, 35, 79, 71, 66, 76, 32, 60, 80, 56, 6, 67, 61, 33, 7, 57, 34, 12, 16, 10, 98, 96, 88, 2, 75, 91, 43, 84, 92, 29, 19, 51, 55, 81, 89, 25, 72, 94, 38, 0, 62]|[2, 1, 2, 1, 1, 2, 1, 1, 1, 1, 1, 0, 2, 2, 1, 2, 0, 0, 0, 2, 2, 1, 0, 2, 0, 2, 2, 1, 0, 1, 1, 1, 0, 0, 1, 0, 2, 1, 2, 2, 0, 0, 1, 1, 0, 2, 0, 2, 1, 0, 0, 2, 0, 0, 2, 0, 1, 1, 0, 0, 2, 1, 1, 2, 2, 0, 2, 2, 2, 1, 2, 1, 1, 2, 0, 1, 1, 2, 1, 2, 0, 1, 0, 0, 1, 1, 0, 0, 1, 1, 1, 0, 1, 1, 1, 1, 2, 0, 2, 1]|[0, 3, 0, 3, 4, 1, 4, 4, 2, 4, 3, 2, 1, 0, 2, 1, 1, 1, 2, 1, 1, 3, 0, 1, 0, 1, 1, 4, 1, 4, 3, 2, 2, 0, 4, 1, 1, 4, 1, 1, 2, 1, 4, 4, 1, 1, 0, 2, 3, 2, 2, 1, 2, 1, 1, 2, 4, 3, 0, 2, 1, 3, 3, 1, 1, 2, 1, 1, 1, 4, 1, 3, 4, 1, 2, 4, 3, 1, 3, 1, 2, 4, 2, 2, 3, 4, 2, 2, 3, 4, 3, 2, 4, 4, 4, 4, 1, 2, 1, 3]|[0, 2, 0, 0, 3, 0, 1, 3, 0, 0, 2, 0, 1, 0, 1, 0, 0, 0, 1, 0, 0, 2, 0, 0, 1, 0, 0, 3, 0, 1, 0, 2, 0, 0, 3, 0, 1, 1, 0, 0, 0, 0, 1, 3, 0, 0, 1, 0, 2, 0, 0, 0, 0, 0, 1, 0, 1, 0, 1, 1, 0, 2, 0, 0, 0, 0, 0, 0, 0, 2, 0, 0, 1, 0, 0, 1, 0, 0, 3, 0, 0, 1, 0, 0, 0, 2, 0, 0, 3, 1, 0, 0, 2, 1, 3, 1, 0, 0, 0, 0],914.0597544875216,49177.57411962909,107642.75205892837,false
41,G3_TWC,G4_BALANCED,[31, 22, 82, 15, 26, 58, 95, 42, 77, 12, 47, 5, 93, 78, 98, 54, 85, 63, 18, 44, 20, 35, 43, 97, 91, 76, 10, 30, 21, 45, 71, 64, 1, 23, 17, 83, 24, 14, 60, 36, 6, 57, 94, 88, 65, 56, 79, 40, 67, 68, 46, 75, 38, 9, 19, 32, 81, 41, 27, 62, 87, 90, 99, 59, 11, 16, 72, 73, 70, 39, 37, 84, 3, 92, 25, 55, 28, 29, 51, 7, 33, 61, 86, 48, 89, 34, 69, 96, 53, 80, 4, 8, 50, 49, 52, 0, 13, 2, 66, 74]|[1, 1, 0, 1, 1, 1, 2, 1, 2, 1, 2, 2, 2, 1, 1, 0, 0, 1, 0, 2, 2, 0, 1, 2, 0, 1, 2, 2, 0, 0, 1, 2, 1, 2, 1, 0, 2, 0, 1, 1, 0, 1, 1, 1, 0, 2, 1, 1, 0, 0, 0, 0, 1, 1, 2, 1, 2, 0, 0, 0, 2, 1, 0, 1, 2, 1, 2, 1, 1, 1, 1, 1, 2, 0, 1, 1, 0, 0, 0, 1, 2, 1, 0, 0, 1, 2, 1, 0, 0, 0, 0, 1, 0, 0, 1, 0, 0, 0, 2, 2]|[4, 3, 2, 2, 0, 0, 2, 2, 2, 4, 1, 1, 2, 4, 4, 1, 1, 4, 2, 1, 1, 1, 1, 2, 1, 2, 1, 1, 1, 1, 3, 2, 3, 0, 4, 0, 1, 1, 0, 3, 2, 2, 4, 0, 1, 1, 0, 2, 0, 1, 2, 2, 1, 4, 0, 3, 2, 1, 1, 2, 1, 3, 1, 1, 1, 3, 0, 4, 3, 1, 4, 1, 1, 2, 4, 4, 2, 1, 1, 3, 1, 3, 1, 1, 1, 1, 3, 1, 2, 1, 2, 3, 1, 1, 1, 2, 2, 2, 1, 1]|[0, 2, 1, 1, 3, 3, 0, 1, 0, 0, 0, 0, 1, 0, 1, 0, 0, 3, 1, 0, 0, 0, 3, 1, 0, 2, 0, 0, 0, 1, 0, 0, 0, 0, 3, 0, 1, 0, 0, 2, 1, 1, 2, 0, 0, 0, 0, 1, 1, 0, 0, 0, 1, 3, 0, 0, 1, 0, 0, 1, 0, 2, 0, 1, 0, 2, 1, 0, 0, 1, 1, 3, 0, 1, 3, 3, 1, 0, 0, 2, 0, 0, 0, 0, 1, 0, 0, 0, 1, 0, 1, 2, 0, 1, 1, 0, 0, 0, 0, 0],790.1921483697682,57957.04840138768,88951.83199580385,true
41,G1_CMAX,G1_CMAX,[31, 22, 82, 15, 26, 58, 95, 42, 77, 12, 47, 5, 93, 78, 98, 54, 85, 63, 18, 44, 20, 35, 43, 97, 91, 76, 10, 30, 21, 45, 71, 64, 1, 23, 17, 83, 24, 14, 60, 36, 6, 57, 94, 88, 65, 56, 79, 40, 67, 68, 46, 75, 38, 9, 19, 32, 81, 96, 27, 62, 87, 90, 99, 59, 11, 16, 72, 73, 70, 39, 37, 84, 3, 92, 25, 55, 28, 29, 51, 7, 33, 61, 86, 48, 89, 34, 69, 41, 53, 80, 8, 66, 50, 49, 52, 0, 13, 2, 4, 74]|[1, 1, 0, 1, 1, 1, 2, 1, 2, 1, 2, 2, 2, 1, 1, 0, 0, 1, 0, 2, 2, 0, 1, 2, 0, 1, 2, 2, 0, 0, 1, 2, 1, 2, 1, 0, 2, 0, 1, 1, 0, 1, 1, 1, 0, 2, 1, 1, 0, 0, 0, 0, 1, 1, 2, 1, 2, 2, 0, 0, 2, 1, 0, 1, 2, 1, 2, 1, 1, 1, 1, 1, 2, 0, 1, 1, 0, 0, 0, 1, 2, 1, 0, 0, 1, 2, 1, 2, 0, 0, 1, 2, 0, 0, 1, 0, 0, 0, 1, 2]|[4, 3, 2, 2, 0, 0, 2, 2, 2, 4, 1, 1, 2, 4, 4, 1, 2, 4, 2, 1, 1, 1, 1, 2, 1, 2, 1, 1, 1, 1, 3, 2, 3, 0, 4, 0, 1, 1, 0, 3, 2, 2, 4, 0, 1, 1, 0, 2, 0, 1, 2, 2, 1, 4, 0, 3, 2, 1, 1, 2, 1, 3, 1, 1, 1, 3, 0, 4, 3, 1, 4, 1, 1, 2, 4, 4, 2, 1, 1, 3, 1, 3, 1, 1, 1, 1, 3, 1, 2, 1, 3, 1, 1, 1, 1, 2, 2, 2, 4, 1]|[0, 2, 1, 1, 3, 3, 0, 1, 0, 0, 0, 0, 1, 0, 1, 0, 0, 3, 1, 0, 0, 0, 3, 1, 0, 2, 0, 0, 0, 1, 0, 0, 0, 0, 3, 0, 1, 0, 0, 2, 1, 1, 2, 0, 0, 0, 0, 1, 1, 0, 0, 0, 1, 3, 0, 0, 1, 0, 0, 1, 0, 2, 0, 1, 0, 2, 1, 0, 0, 1, 1, 3, 0, 1, 3, 3, 1, 0, 0, 2, 0, 0, 0, 0, 1, 0, 0, 0, 1, 0, 2, 0, 0, 1, 1, 0, 0, 0, 0, 0],734.8870158322648,57243.54077863271,91922.81607701481,false
41,G4_BALANCED,G3_TWC,[31, 22, 82, 15, 26, 58, 95, 42, 77, 12, 47, 5, 93, 78, 98, 54, 85, 63, 18, 44, 20, 35, 43, 97, 91, 76, 10, 30, 21, 45, 71, 64, 1, 23, 17, 83, 24, 14, 60, 36, 6, 57, 94, 88, 65, 56, 79, 40, 67, 68, 46, 75, 38, 9, 19, 32, 81, 41, 27, 62, 87, 90, 99, 59, 11, 16, 72, 73, 70, 39, 37, 84, 3, 92, 25, 55, 28, 29, 51, 7, 33, 61, 86, 48, 89, 34, 50, 96, 53, 80, 4, 8, 69, 49, 52, 2, 13, 0, 66, 74]|[1, 1, 0, 1, 1, 1, 1, 2, 2, 1, 2, 2, 2, 1, 1, 0, 0, 1, 0, 2, 2, 0, 1, 2, 0, 1, 2, 2, 0, 0, 1, 2, 1, 2, 1, 0, 2, 0, 1, 1, 0, 1, 1, 1, 0, 2, 1, 1, 0, 0, 0, 0, 1, 1, 2, 1, 2, 0, 0, 0, 2, 1, 0, 1, 2, 1, 2, 1, 1, 1, 1, 1, 2, 0, 1, 1, 0, 0, 0, 1, 2, 1, 0, 0, 1, 2, 0, 2, 0, 0, 0, 1, 1, 0, 1, 0, 0, 0, 2, 2]|[4, 3, 2, 2, 0, 0, 2, 2, 2, 4, 1, 1, 2, 4, 4, 1, 2, 4, 2, 1, 1, 1, 1, 2, 1, 2, 1, 1, 1, 1, 3, 2, 3, 1, 4, 0, 1, 1, 0, 3, 2, 2, 4, 0, 1, 1, 0, 2, 0, 1, 2, 2, 1, 4, 0, 3, 2, 1, 1, 2, 1, 3, 1, 1, 1, 3, 0, 4, 3, 1, 4, 1, 1, 2, 4, 4, 2, 1, 1, 3, 1, 3, 1, 1, 1, 1, 1, 1, 2, 1, 2, 3, 3, 1, 1, 2, 2, 2, 1, 1]|[0, 2, 1, 1, 3, 3, 1, 0, 0, 0, 0, 0, 1, 0, 1, 0, 0, 3, 1, 0, 0, 0, 3, 1, 0, 2, 0, 0, 0, 1, 0, 0, 0, 0, 3, 0, 1, 0, 0, 2, 1, 1, 2, 0, 0, 0, 0, 1, 1, 0, 0, 0, 1, 3, 0, 0, 1, 0, 0, 1, 0, 2, 0, 1, 0, 2, 1, 0, 0, 1, 1, 3, 0, 1, 3, 3, 1, 0, 0, 2, 0, 0, 0, 0, 1, 0, 0, 0, 1, 0, 1, 2, 0, 1, 1, 0, 0, 0, 0, 0],776.8326336778673,57195.99293829825,91246.35447584197,true
41,G2_TEC,G2_TEC,[31, 22, 82, 15, 26, 9, 95, 42, 77, 68, 47, 5, 93, 78, 86, 54, 85, 63, 18, 44, 20, 49, 36, 14, 74, 50, 53, 17, 21, 28, 11, 64, 3, 23, 30, 83, 24, 41, 40, 52, 65, 27, 90, 70, 39, 87, 48, 69, 99, 4, 46, 1, 13, 58, 97, 59, 45, 8, 73, 37, 35, 79, 71, 66, 76, 32, 60, 80, 56, 6, 67, 61, 33, 7, 57, 34, 12, 16, 10, 98, 96, 88, 2, 75, 91, 43, 84, 92, 29, 19, 51, 55, 81, 89, 25, 72, 94, 38, 0, 62]|[2, 1, 2, 1, 1, 2, 1, 1, 1, 1, 1, 0, 2, 2, 1, 2, 0, 0, 0, 2, 2, 1, 0, 2, 0, 2, 2, 1, 0, 1, 1, 1, 0, 0, 1, 0, 2, 1, 2, 2, 0, 0, 1, 1, 0, 2, 0, 2, 1, 0, 0, 2, 0, 0, 2, 0, 1, 1, 0, 0, 2, 1, 1, 2, 2, 0, 2, 2, 2, 1, 2, 1, 1, 2, 0, 1, 1, 2, 1, 2, 0, 1, 0, 0, 1, 1, 0, 0, 1, 1, 1, 0, 1, 1, 1, 1, 2, 0, 2, 1]|[0, 3, 0, 3, 4, 1, 4, 4, 2, 4, 3, 2, 1, 0, 2, 1, 1, 1, 2, 1, 1, 3, 0, 1, 0, 1, 1, 4, 1, 4, 3, 2, 2, 0, 4, 1, 1, 4, 1, 1, 2, 1, 4, 4, 1, 1, 0, 2, 3, 2, 2, 1, 2, 1, 1, 2, 4, 3, 0, 2, 1, 3, 3, 1, 1, 2, 1, 1, 1, 4, 1, 3, 4, 1, 2, 4, 3, 1, 3, 1, 2, 4, 2, 2, 3, 4, 2, 2, 3, 4, 3, 2, 4, 4, 4, 4, 1, 2, 1, 3]|[0, 2, 0, 0, 3, 0, 1, 3, 0, 0, 2, 0, 1, 0, 1, 0, 0, 0, 1, 0, 0, 2, 0, 0, 1, 0, 0, 3, 0, 1, 0, 2, 0, 0, 3, 0, 1, 1, 0, 0, 0, 0, 1, 3, 0, 0, 1, 0, 2, 0, 0, 0, 0, 0, 1, 0, 1, 0, 1, 1, 0, 2, 0, 0, 0, 0, 0, 0, 0, 2, 0, 0, 1, 0, 0, 1, 0, 0, 3, 0, 0, 1, 0, 0, 0, 2, 0, 0, 3, 1, 0, 0, 2, 1, 3, 1, 0, 0, 0, 0],914.0597544875216,49177.57411962909,107642.75205892837,false
41,G3_TWC,G4_BALANCED,[31, 22, 82, 15, 26, 58, 95, 42, 77, 12, 47, 5, 93, 78, 98, 54, 85, 63, 18, 44, 20, 35, 43, 97, 91, 76, 10, 30, 21, 45, 71, 64, 1, 23, 17, 83, 24, 14, 60, 36, 6, 57, 94, 88, 65, 56, 79, 40, 67, 68, 46, 75, 38, 9, 19, 32, 81, 41, 27, 62, 87, 90, 99, 59, 11, 16, 72, 73, 70, 39, 37, 84, 3, 92, 25, 55, 28, 29, 51, 7, 33, 61, 86, 48, 89, 34, 69, 96, 53, 80, 4, 8, 50, 49, 52, 0, 13, 2, 66, 74]|[1, 1, 0, 1, 1, 1, 2, 1, 2, 1, 2, 2, 2, 1, 1, 0, 0, 1, 0, 2, 2, 0, 1, 2, 0, 1, 2, 2, 0, 0, 1, 2, 1, 2, 1, 0, 2, 0, 1, 1, 0, 1, 1, 1, 0, 2, 1, 1, 0, 0, 0, 0, 1, 1, 2, 1, 2, 0, 0, 0, 2, 1, 0, 1, 2, 1, 2, 1, 1, 1, 1, 1, 2, 0, 1, 1, 0, 0, 0, 1, 2, 1, 0, 0, 1, 2, 1, 0, 0, 0, 0, 1, 0, 0, 1, 0, 0, 0, 2, 2]|[4, 3, 2, 2, 0, 0, 2, 2, 2, 4, 1, 1, 2, 4, 4, 1, 1, 4, 2, 1, 1, 1, 1, 2, 1, 2, 1, 1, 1, 1, 3, 2, 3, 0, 4, 0, 1, 1, 0, 3, 2, 2, 4, 0, 1, 1, 0, 2, 0, 1, 2, 2, 1, 4, 0, 3, 2, 1, 1, 2, 1, 3, 1, 1, 1, 3, 0, 4, 3, 1, 4, 1, 1, 2, 4, 4, 2, 1, 1, 3, 1, 3, 1, 1, 1, 1, 3, 1, 2, 1, 2, 3, 1, 1, 1, 2, 2, 2, 1, 1]|[0, 2, 1, 1, 3, 3, 0, 1, 0, 0, 0, 0, 1, 0, 1, 0, 0, 3, 1, 0, 0, 0, 3, 1, 0, 2, 0, 0, 0, 1, 0, 0, 0, 0, 3, 0, 1, 0, 0, 2, 1, 1, 2, 0, 0, 0, 0, 1, 1, 0, 0, 0, 1, 3, 0, 0, 1, 0, 0, 1, 0, 2, 0, 1, 0, 2, 1, 0, 0, 1, 1, 3, 0, 1, 3, 3, 1, 0, 0, 2, 0, 0, 0, 0, 1, 0, 0, 0, 1, 0, 1, 2, 0, 1, 1, 0, 0, 0, 0, 0],790.1921483697682,57957.04840138768,88951.83199580385,true
41,G1_CMAX,G1_CMAX,[31, 22, 82, 15, 26, 58, 95, 42, 77, 12, 47, 5, 93, 78, 98, 54, 85, 63, 18, 44, 20, 35, 43, 97, 91, 76, 10, 30, 21, 45, 71, 64, 1, 23, 17, 83, 24, 14, 60, 36, 6, 57, 94, 88, 65, 56, 79, 40, 67, 68, 46, 75, 38, 9, 19, 32, 81, 96, 27, 62, 87, 90, 99, 59, 11, 16, 72, 73, 70, 39, 37, 84, 3, 92, 25, 55, 28, 29, 51, 7, 33, 61, 86, 48, 89, 34, 4, 41, 53, 80, 8, 66, 50, 49, 52, 2, 13, 0, 69, 74]|[1, 1, 0, 1, 1, 1, 2, 1, 2, 1, 2, 2, 2, 1, 1, 0, 0, 1, 0, 2, 2, 0, 1, 2, 0, 1, 2, 2, 0, 0, 1, 2, 1, 2, 1, 0, 2, 0, 1, 1, 0, 1, 1, 1, 0, 2, 1, 1, 0, 0, 0, 0, 1, 1, 2, 1, 2, 2, 0, 0, 2, 1, 0, 1, 2, 1, 2, 1, 1, 1, 1, 1, 2, 0, 1, 1, 0, 0, 0, 1, 2, 1, 0, 0, 1, 2, 0, 0, 0, 0, 1, 2, 2, 0, 1, 0, 0, 0, 1, 2]|[4, 3, 2, 2, 0, 0, 2, 2, 2, 4, 1, 1, 2, 4, 4, 1, 1, 4, 2, 1, 1, 1, 1, 2, 1, 2, 1, 1, 1, 1, 3, 2, 3, 0, 4, 0, 1, 1, 0, 3, 2, 2, 4, 0, 1, 1, 0, 2, 0, 1, 2, 2, 1, 4, 0, 3, 2, 1, 1, 2, 1, 3, 1, 1, 1, 3, 0, 4, 3, 1, 4, 1, 1, 2, 4, 4, 2, 1, 1, 3, 1, 3, 1, 1, 1, 1, 2, 1, 2, 1, 3, 1, 1, 1, 1, 2, 2, 2, 3, 1]|[0, 2, 1, 1, 3, 3, 0, 1, 0, 0, 0, 0, 1, 0, 1, 0, 0, 3, 1, 0, 0, 0, 3, 1, 0, 2, 0, 0, 0, 1, 0, 0, 0, 0, 3, 0, 1, 0, 0, 2, 1, 1, 2, 0, 0, 0, 0, 1, 1, 0, 0, 0, 1, 3, 0, 0, 1, 0, 0, 1, 0, 2, 0, 1, 0, 2, 1, 0, 0, 1, 1, 3, 0, 1, 3, 3, 1, 0, 0, 2, 0, 0, 0, 0, 1, 0, 1, 0, 1, 0, 2, 0, 0, 1, 1, 0, 0, 0, 0, 0],766.9104162012352,57532.74198151481,90952.60657225549,false
41,G4_BALANCED,G4_BALANCED,[31, 22, 82, 15, 26, 58, 95, 42, 77, 12, 47, 5, 93, 78, 86, 54, 85, 63, 18, 44, 20, 35, 43, 97, 66, 76, 79, 30, 21, 45, 71, 64, 1, 23, 17, 83, 24, 14, 60, 36, 6, 57, 40, 88, 65, 56, 10, 94, 67, 68, 46, 75, 38, 9, 19, 32, 41, 81, 27, 62, 87, 90, 99, 59, 11, 16, 72, 73, 69, 39, 37, 84, 3, 92, 25, 55, 29, 28, 51, 7, 33, 61, 48, 98, 89, 8, 4, 96, 53, 80, 50, 91, 34, 2, 52, 0, 49, 70, 13, 74]|[1, 1, 0, 1, 1, 0, 1, 2, 2, 1, 2, 2, 2, 1, 1, 0, 0, 1, 0, 2, 2, 0, 1, 2, 2, 1, 2, 2, 0, 0, 1, 2, 1, 2, 1, 0, 2, 0, 1, 1, 0, 1, 1, 1, 0, 2, 2, 1, 0, 0, 0, 0, 1, 1, 2, 1, 0, 2, 0, 0, 2, 1, 0, 1, 2, 1, 2, 1, 1, 1, 1, 1, 1, 0, 1, 2, 0, 0, 0, 1, 2, 1, 0, 2, 1, 1, 1, 2, 0, 0, 0, 0, 2, 0, 1, 0, 0, 1, 0, 2]|[4, 3, 2, 2, 4, 1, 2, 2, 2, 4, 1, 1, 2, 4, 4, 1, 2, 4, 2, 1, 1, 1, 1, 2, 1, 2, 1, 1, 1, 1, 3, 1, 3, 1, 4, 0, 1, 1, 0, 3, 2, 2, 2, 0, 1, 1, 1, 4, 0, 1, 2, 2, 1, 4, 0, 3, 1, 1, 1, 2, 1, 3, 1, 1, 1, 3, 0, 4, 4, 1, 4, 1, 1, 0, 4, 1, 1, 2, 1, 1, 1, 3, 1, 1, 1, 3, 4, 1, 2, 1, 1, 1, 1, 2, 1, 2, 1, 3, 2, 1]|[0, 2, 1, 1, 3, 0, 1, 0, 0, 0, 0, 0, 1, 0, 1, 0, 0, 3, 1, 0, 0, 0, 3, 1, 0, 2, 0, 0, 0, 0, 0, 0, 0, 0, 3, 0, 1, 0, 0, 2, 1, 1, 1, 0, 0, 0, 0, 2, 1, 0, 0, 0, 1, 3, 0, 0, 0, 0, 0, 1, 0, 2, 0, 1, 0, 2, 1, 0, 2, 1, 1, 3, 1, 1, 3, 0, 0, 1, 0, 2, 0, 0, 0, 0, 1, 2, 0, 0, 1, 0, 0, 0, 0, 0, 1, 0, 1, 0, 0, 0],777.436160111927,55378.96358309585,98756.68483674081,false
41,G2_TEC,G2_TEC,[31, 22, 82, 15, 26, 9, 95, 42, 77, 68, 47, 5, 93, 78, 86, 54, 85, 63, 18, 44, 20, 49, 36, 14, 74, 50, 53, 17, 21, 28, 11, 64, 3, 23, 30, 83, 24, 41, 40, 52, 65, 27, 90, 70, 39, 87, 48, 69, 99, 4, 46, 1, 13, 58, 97, 59, 45, 8, 73, 37, 35, 79, 71, 66, 76, 32, 60, 80, 56, 6, 67, 61, 33, 7, 57, 34, 12, 16, 10, 98, 96, 88, 2, 75, 91, 43, 84, 92, 29, 19, 51, 55, 81, 89, 25, 72, 94, 38, 0, 62]|[2, 1, 2, 1, 1, 2, 1, 1, 1, 1, 1, 0, 2, 2, 1, 2, 0, 0, 0, 2, 2, 1, 0, 2, 0, 2, 2, 1, 0, 1, 1, 1, 0, 0, 1, 0, 2, 1, 2, 2, 0, 0, 1, 1, 0, 2, 0, 2, 1, 0, 0, 2, 0, 0, 2, 0, 1, 1, 0, 0, 2, 1, 1, 2, 2, 0, 2, 2, 2, 1, 2, 1, 1, 2, 0, 1, 1, 2, 1, 2, 0, 1, 0, 0, 1, 1, 0, 0, 1, 1, 1, 0, 1, 1, 1, 1, 2, 0, 2, 1]|[0, 3, 0, 3, 4, 1, 4, 4, 2, 4, 3, 2, 1, 0, 2, 1, 1, 1, 2, 1, 1, 3, 0, 1, 0, 1, 1, 4, 1, 4, 3, 2, 2, 0, 4, 1, 1, 4, 1, 1, 2, 1, 4, 4, 1, 1, 0, 2, 3, 2, 2, 1, 2, 1, 1, 2, 4, 3, 0, 2, 1, 3, 3, 1, 1, 2, 1, 1, 1, 4, 1, 3, 4, 1, 2, 4, 3, 1, 3, 1, 2, 4, 2, 2, 3, 4, 2, 2, 3, 4, 3, 2, 4, 4, 4, 4, 1, 2, 1, 3]|[0, 2, 0, 0, 3, 0, 1, 3, 0, 0, 2, 0, 1, 0, 1, 0, 0, 0, 1, 0, 0, 2, 0, 0, 1, 0, 0, 3, 0, 1, 0, 2, 0, 0, 3, 0, 1, 1, 0, 0, 0, 0, 1, 3, 0, 0, 1, 0, 2, 0, 0, 0, 0, 0, 1, 0, 1, 0, 1, 1, 0, 2, 0, 0, 0, 0, 0, 0, 0, 2, 0, 0, 1, 0, 0, 1, 0, 0, 3, 0, 0, 1, 0, 0, 0, 2, 0, 0, 3, 1, 0, 0, 2, 1, 3, 1, 0, 0, 0, 0],914.0597544875216,49177.57411962909,107642.75205892837,false
41,G3_TWC,G4_BALANCED,[31, 22, 82, 15, 26, 58, 95, 42, 77, 12, 47, 5, 93, 78, 98, 54, 85, 63, 18, 44, 20, 35, 43, 97, 91, 76, 10, 30, 21, 45, 71, 64, 1, 23, 17, 83, 24, 14, 60, 36, 6, 57, 94, 88, 65, 56, 79, 40, 67, 68, 46, 75, 38, 9, 19, 32, 81, 41, 27, 62, 87, 90, 99, 59, 11, 16, 72, 73, 70, 39, 37, 84, 3, 92, 25, 55, 28, 29, 51, 7, 33, 61, 86, 48, 89, 34, 69, 96, 53, 80, 4, 8, 50, 49, 52, 0, 13, 2, 66, 74]|[1, 1, 0, 1, 1, 1, 2, 1, 2, 1, 2, 2, 2, 1, 1, 0, 0, 1, 0, 2, 2, 0, 1, 2, 0, 1, 2, 2, 0, 0, 1, 2, 1, 2, 1, 0, 2, 0, 1, 1, 0, 1, 1, 1, 0, 2, 1, 1, 0, 0, 0, 0, 1, 1, 2, 1, 2, 0, 0, 0, 2, 1, 0, 1, 2, 1, 2, 1, 1, 1, 1, 1, 2, 0, 1, 1, 0, 0, 0, 1, 2, 1, 0, 0, 1, 2, 1, 0, 0, 0, 0, 1, 0, 0, 1, 0, 0, 0, 2, 2]|[4, 3, 2, 2, 0, 0, 2, 2, 2, 4, 1, 1, 2, 4, 4, 1, 1, 4, 2, 1, 1, 1, 1, 2, 1, 2, 1, 1, 1, 1, 3, 2, 3, 0, 4, 0, 1, 1, 0, 3, 2, 2, 4, 0, 1, 1, 0, 2, 0, 1, 2, 2, 1, 4, 0, 3, 2, 1, 1, 2, 1, 3, 1, 1, 1, 3, 0, 4, 3, 1, 4, 1, 1, 2, 4, 4, 2, 1, 1, 3, 1, 3, 1, 1, 1, 1, 3, 1, 2, 1, 2, 3, 1, 1, 1, 2, 2, 2, 1, 1]|[0, 2, 1, 1, 3, 3, 0, 1, 0, 0, 0, 0, 1, 0, 1, 0, 0, 3, 1, 0, 0, 0, 3, 1, 0, 2, 0, 0, 0, 1, 0, 0, 0, 0, 3, 0, 1, 0, 0, 2, 1, 1, 2, 0, 0, 0, 0, 1, 1, 0, 0, 0, 1, 3, 0, 0, 1, 0, 0, 1, 0, 2, 0, 1, 0, 2, 1, 0, 0, 1, 1, 3, 0, 1, 3, 3, 1, 0, 0, 2, 0, 0, 0, 0, 1, 0, 0, 0, 1, 0, 1, 2, 0, 1, 1, 0, 0, 0, 0, 0],790.1921483697682,57957.04840138768,88951.83199580385,true
41,G1_CMAX,G3_TWC,[31, 22, 82, 15, 26, 58, 95, 42, 77, 12, 47, 5, 93, 78, 98, 54, 85, 63, 18, 44, 20, 35, 43, 97, 91, 76, 10, 30, 21, 45, 71, 64, 1, 23, 17, 83, 24, 14, 60, 36, 6, 57, 94, 88, 65, 56, 79, 40, 67, 68, 46, 75, 39, 9, 19, 32, 81, 96, 27, 62, 87, 90, 99, 59, 11, 16, 72, 73, 70, 38, 37, 84, 3, 92, 25, 55, 28, 29, 51, 7, 33, 61, 86, 66, 89, 50, 48, 41, 53, 80, 4, 13, 34, 74, 52, 2, 8, 0, 49, 69]|[1, 1, 0, 1, 1, 1, 2, 1, 2, 1, 2, 2, 2, 1, 1, 0, 0, 1, 0, 2, 2, 0, 1, 2, 0, 1, 2, 2, 0, 0, 1, 2, 1, 2, 1, 0, 2, 0, 1, 1, 0, 1, 1, 1, 0, 2, 1, 1, 0, 0, 0, 0, 1, 1, 2, 1, 2, 0, 0, 0, 2, 1, 0, 1, 2, 1, 2, 1, 1, 1, 1, 1, 2, 0, 1, 1, 0, 0, 0, 1, 2, 1, 2, 2, 1, 0, 0, 0, 0, 0, 0, 0, 2, 2, 1, 0, 1, 0, 0, 2]|[4, 3, 2, 2, 0, 0, 2, 2, 2, 4, 1, 1, 2, 4, 4, 1, 1, 4, 2, 1, 1, 1, 1, 2, 1, 2, 1, 1, 1, 1, 3, 2, 3, 0, 4, 0, 1, 1, 0, 3, 2, 2, 4, 0, 1, 1, 0, 2, 0, 1, 2, 2, 1, 4, 0, 3, 2, 1, 1, 2, 1, 3, 1, 1, 1, 3, 0, 4, 3, 1, 4, 1, 1, 2, 4, 4, 2, 1, 1, 3, 1, 3, 2, 1, 1, 1, 1, 1, 2, 1, 2, 2, 1, 1, 1, 2, 3, 2, 1, 1]|[0, 2, 1, 1, 3, 3, 0, 1, 0, 0, 0, 0, 1, 0, 1, 0, 0, 3, 1, 0, 0, 0, 3, 1, 0, 2, 0, 0, 0, 1, 0, 0, 0, 0, 3, 0, 1, 0, 0, 2, 1, 1, 2, 0, 0, 0, 0, 1, 1, 0, 0, 0, 1, 3, 0, 0, 1, 0, 0, 1, 0, 2, 0, 1, 0, 2, 1, 0, 0, 1, 1, 3, 0, 1, 3, 3, 1, 0, 0, 2, 0, 0, 1, 0, 1, 0, 0, 0, 1, 0, 1, 0, 0, 0, 1, 0, 2, 0, 1, 0],767.6944123351702,58298.12427072247,89379.23734876228,true
41,G4_BALANCED,G4_BALANCED,[31, 11, 15, 82, 26, 9, 95, 32, 77, 68, 47, 5, 93, 78, 86, 54, 85, 63, 18, 44, 20, 49, 36, 14, 74, 50, 53, 17, 21, 45, 71, 64, 3, 23, 30, 83, 24, 41, 60, 52, 65, 27, 90, 70, 39, 87, 48, 69, 99, 4, 46, 1, 13, 58, 97, 59, 28, 8, 73, 37, 35, 79, 22, 66, 76, 42, 40, 80, 96, 6, 16, 61, 33, 7, 57, 34, 12, 67, 10, 98, 56, 88, 29, 75, 91, 38, 19, 92, 43, 84, 51, 72, 81, 0, 2, 55, 94, 89, 62, 25]|[2, 1, 1, 2, 1, 2, 1, 1, 1, 1, 1, 0, 2, 2, 1, 2, 0, 0, 0, 2, 2, 1, 0, 2, 0, 2, 2, 1, 0, 1, 1, 1, 0, 0, 1, 0, 2, 1, 2, 2, 0, 0, 1, 1, 0, 2, 0, 2, 1, 0, 0, 2, 0, 0, 2, 0, 1, 1, 0, 0, 2, 1, 0, 2, 2, 0, 2, 2, 0, 1, 2, 1, 1, 2, 0, 1, 1, 1, 1, 2, 2, 1, 1, 0, 1, 0, 1, 0, 1, 0, 1, 1, 1, 0, 2, 0, 2, 1, 1, 1]|[1, 3, 2, 0, 4, 1, 4, 4, 2, 4, 3, 2, 1, 0, 2, 1, 1, 1, 2, 1, 1, 3, 0, 1, 0, 1, 1, 4, 1, 4, 3, 2, 2, 0, 4, 1, 1, 4, 0, 1, 2, 1, 4, 4, 1, 1, 0, 2, 3, 2, 2, 1, 2, 1, 1, 2, 4, 3, 0, 2, 2, 3, 1, 0, 1, 2, 0, 1, 2, 4, 1, 3, 4, 1, 2, 4, 3, 3, 3, 1, 1, 4, 3, 2, 3, 2, 4, 2, 4, 2, 3, 4, 1, 2, 1, 2, 1, 4, 3, 4]|[1, 2, 1, 0, 3, 0, 1, 3, 0, 0, 2, 0, 1, 0, 1, 0, 0, 0, 1, 0, 0, 2, 0, 0, 1, 0, 0, 3, 0, 1, 0, 2, 0, 1, 3, 0, 1, 3, 1, 0, 0, 0, 1, 3, 0, 0, 1, 0, 2, 0, 0, 0, 0, 0, 1, 0, 1, 0, 1, 1, 0, 2, 0, 0, 0, 0, 0, 0, 0, 2, 0, 0, 1, 0, 0, 1, 0, 0, 3, 0, 0, 1, 0, 0, 0, 0, 3, 0, 2, 0, 0, 2, 1, 0, 0, 0, 0, 1, 0, 3],846.6109372053031,52128.769557101376,106800.59864073119,false
41,G2_TEC,G2_TEC,[31, 22, 82, 15, 26, 9, 95, 42, 77, 68, 47, 5, 93, 78, 86, 54, 85, 63, 18, 44, 20, 49, 36, 14, 74, 50, 53, 17, 21, 28, 11, 64, 3, 23, 30, 83, 24, 41, 40, 52, 65, 27, 90, 70, 39, 87, 48, 69, 99, 4, 46, 1, 13, 58, 97, 59, 45, 8, 73, 37, 35, 79, 71, 66, 76, 32, 60, 80, 56, 6, 67, 61, 33, 7, 57, 34, 12, 16, 10, 98, 96, 88, 2, 75, 91, 43, 84, 92, 29, 19, 51, 55, 81, 89, 25, 72, 94, 38, 0, 62]|[2, 1, 2, 1, 1, 2, 1, 1, 1, 1, 1, 0, 2, 2, 1, 2, 0, 0, 0, 2, 2, 1, 0, 2, 0, 2, 2, 1, 0, 1, 1, 1, 0, 0, 1, 0, 2, 1, 2, 2, 0, 0, 1, 1, 0, 2, 0, 2, 1, 0, 0, 2, 0, 0, 2, 0, 1, 1, 0, 0, 2, 1, 1, 2, 2, 0, 2, 2, 2, 1, 2, 1, 1, 2, 0, 1, 1, 2, 1, 2, 0, 1, 0, 0, 1, 1, 0, 0, 1, 1, 1, 0, 1, 1, 1, 1, 2, 0, 2, 1]|[0, 3, 0, 3, 4, 1, 4, 4, 2, 4, 3, 2, 1, 0, 2, 1, 1, 1, 2, 1, 1, 3, 0, 1, 0, 1, 1, 4, 1, 4, 3, 2, 2, 0, 4, 1, 1, 4, 1, 1, 2, 1, 4, 4, 1, 1, 0, 2, 3, 2, 2, 1, 2, 1, 1, 2, 4, 3, 0, 2, 1, 3, 3, 1, 1, 2, 1, 1, 1, 4, 1, 3, 4, 1, 2, 4, 3, 1, 3, 1, 2, 4, 2, 2, 3, 4, 2, 2, 3, 4, 3, 2, 4, 4, 4, 4, 1, 2, 1, 3]|[0, 2, 0, 0, 3, 0, 1, 3, 0, 0, 2, 0, 1, 0, 1, 0, 0, 0, 1, 0, 0, 2, 0, 0, 1, 0, 0, 3, 0, 1, 0, 2, 0, 0, 3, 0, 1, 1, 0, 0, 0, 0, 1, 3, 0, 0, 1, 0, 2, 0, 0, 0, 0, 0, 1, 0, 1, 0, 1, 1, 0, 2, 0, 0, 0, 0, 0, 0, 0, 2, 0, 0, 1, 0, 0, 1, 0, 0, 3, 0, 0, 1, 0, 0, 0, 2, 0, 0, 3, 1, 0, 0, 2, 1, 3, 1, 0, 0, 0, 0],914.0597544875216,49177.57411962909,107642.75205892837,false
41,G3_TWC,G4_BALANCED,[31, 22, 82, 15, 26, 58, 95, 42, 77, 12, 47, 5, 93, 78, 98, 54, 85, 63, 18, 44, 20, 35, 43, 97, 91, 76, 10, 30, 21, 45, 71, 64, 1, 23, 17, 83, 24, 14, 60, 36, 6, 57, 94, 88, 65, 56, 79, 40, 67, 68, 46, 75, 38, 9, 19, 32, 81, 41, 27, 62, 87, 90, 99, 59, 11, 16, 72, 73, 70, 39, 37, 84, 3, 92, 25, 55, 28, 29, 51, 7, 33, 61, 86, 48, 89, 34, 69, 96, 53, 80, 4, 8, 50, 49, 52, 0, 13, 2, 66, 74]|[1, 1, 0, 1, 1, 1, 2, 1, 2, 1, 2, 2, 2, 1, 1, 0, 0, 1, 0, 2, 2, 0, 1, 2, 0, 1, 2, 2, 0, 0, 1, 2, 1, 2, 1, 0, 2, 0, 1, 1, 0, 1, 1, 1, 0, 2, 1, 1, 0, 0, 0, 0, 1, 1, 2, 1, 2, 0, 0, 0, 2, 1, 0, 1, 2, 1, 2, 1, 1, 1, 1, 1, 2, 0, 1, 1, 0, 0, 0, 1, 2, 1, 0, 0, 1, 2, 1, 0, 0, 0, 0, 1, 0, 0, 1, 0, 0, 0, 2, 2]|[4, 3, 2, 2, 0, 0, 2, 2, 2, 4, 1, 1, 2, 4, 4, 1, 1, 4, 2, 1, 1, 1, 1, 2, 1, 2, 1, 1, 1, 1, 3, 2, 3, 0, 4, 0, 1, 1, 0, 3, 2, 2, 4, 0, 1, 1, 0, 2, 0, 1, 2, 2, 1, 4, 0, 3, 2, 1, 1, 2, 1, 3, 1, 1, 1, 3, 0, 4, 3, 1, 4, 1, 1, 2, 4, 4, 2, 1, 1, 3, 1, 3, 1, 1, 1, 1, 3, 1, 2, 1, 2, 3, 1, 1, 1, 2, 2, 2, 1, 1]|[0, 2, 1, 1, 3, 3, 0, 1, 0, 0, 0, 0, 1, 0, 1, 0, 0, 3, 1, 0, 0, 0, 3, 1, 0, 2, 0, 0, 0, 1, 0, 0, 0, 0, 3, 0, 1, 0, 0, 2, 1, 1, 2, 0, 0, 0, 0, 1, 1, 0, 0, 0, 1, 3, 0, 0, 1, 0, 0, 1, 0, 2, 0, 1, 0, 2, 1, 0, 0, 1, 1, 3, 0, 1, 3, 3, 1, 0, 0, 2, 0, 0, 0, 0, 1, 0, 0, 0, 1, 0, 1, 2, 0, 1, 1, 0, 0, 0, 0, 0],790.1921483697682,57957.04840138768,88951.83199580385,true
41,G1_CMAX,G4_BALANCED,[31, 22, 26, 15, 82, 99, 95, 42, 77, 12, 47, 5, 93, 78, 86, 54, 21, 63, 18, 44, 20, 35, 43, 97, 91, 76, 10, 30, 85, 45, 71, 64, 1, 23, 57, 83, 24, 14, 60, 36, 6, 17, 40, 88, 65, 56, 79, 94, 67, 68, 46, 75, 38, 9, 19, 32, 41, 81, 27, 87, 90, 58, 62, 59, 11, 16, 72, 73, 39, 70, 37, 84, 3, 92, 25, 55, 28, 29, 51, 7, 33, 61, 98, 48, 89, 50, 66, 96, 53, 80, 2, 4, 34, 49, 52, 8, 13, 0, 69, 74]|[1, 1, 0, 1, 1, 0, 1, 1, 2, 1, 2, 2, 2, 1, 1, 0, 0, 1, 0, 2, 2, 0, 1, 2, 0, 1, 2, 2, 0, 0, 1, 2, 1, 2, 1, 0, 2, 0, 1, 1, 0, 1, 1, 1, 0, 2, 1, 1, 0, 0, 0, 0, 1, 1, 2, 1, 2, 0, 0, 2, 1, 0, 0, 1, 2, 1, 2, 1, 1, 1, 1, 1, 1, 0, 1, 2, 0, 0, 0, 1, 2, 1, 2, 0, 1, 0, 2, 2, 0, 0, 0, 1, 2, 0, 1, 1, 0, 0, 1, 2]|[4, 3, 2, 2, 4, 1, 2, 3, 2, 4, 1, 1, 2, 4, 4, 1, 1, 4, 2, 1, 1, 1, 1, 2, 1, 2, 1, 1, 2, 1, 3, 2, 3, 1, 4, 0, 1, 1, 0, 3, 2, 2, 2, 0, 1, 1, 0, 4, 0, 1, 2, 2, 1, 4, 0, 3, 2, 1, 1, 1, 3, 1, 2, 1, 1, 3, 0, 4, 1, 3, 4, 1, 1, 0, 4, 1, 2, 1, 1, 3, 1, 3, 1, 1, 1, 1, 1, 1, 2, 1, 2, 4, 1, 1, 1, 3, 2, 2, 4, 1]|[0, 2, 1, 1, 3, 0, 1, 3, 0, 0, 0, 0, 1, 0, 1, 0, 0, 3, 1, 0, 0, 0, 3, 1, 0, 2, 0, 0, 0, 1, 0, 0, 0, 0, 3, 0, 1, 0, 0, 2, 1, 1, 1, 0, 0, 0, 0, 2, 1, 0, 0, 0, 1, 3, 0, 0, 1, 0, 0, 0, 2, 0, 1, 1, 0, 2, 1, 0, 1, 0, 1, 3, 1, 1, 3, 0, 1, 0, 0, 2, 0, 0, 0, 0, 1, 0, 0, 0, 1, 0, 0, 0, 0, 1, 1, 2, 0, 0, 2, 0],736.0828032649227,57179.18300595639,91612.3231837457,true
41,G4_BALANCED,G3_TWC,[31, 22, 82, 15, 26, 58, 95, 13, 77, 12, 47, 5, 93, 78, 98, 54, 85, 63, 18, 44, 20, 35, 43, 97, 91, 76, 10, 30, 21, 45, 71, 64, 1, 23, 17, 83, 24, 14, 60, 36, 6, 57, 94, 88, 65, 56, 79, 40, 67, 68, 46, 75, 38, 9, 19, 32, 81, 96, 27, 62, 87, 90, 99, 59, 11, 16, 72, 73, 70, 39, 37, 84, 3, 92, 25, 55, 28, 29, 51, 7, 33, 61, 86, 48, 89, 50, 69, 41, 53, 80, 4, 8, 74, 49, 52, 0, 42, 2, 66, 34]|[1, 1, 0, 1, 1, 1, 2, 1, 2, 1, 2, 2, 2, 1, 1, 0, 0, 1, 0, 2, 2, 0, 1, 2, 0, 1, 2, 2, 0, 0, 1, 2, 1, 2, 1, 0, 2, 0, 1, 1, 0, 1, 1, 1, 0, 2, 1, 1, 0, 0, 0, 0, 1, 1, 2, 1, 2, 0, 0, 0, 2, 1, 0, 1, 2, 1, 2, 1, 1, 1, 1, 1, 2, 0, 1, 1, 0, 0, 0, 1, 2, 1, 0, 0, 1, 0, 1, 0, 0, 0, 0, 1, 2, 0, 1, 0, 0, 0, 2, 2]|[4, 3, 2, 2, 0, 0, 2, 2, 2, 4, 1, 1, 2, 4, 4, 1, 1, 4, 2, 1, 1, 1, 1, 2, 1, 2, 1, 1, 1, 1, 3, 2, 3, 0, 4, 0, 1, 1, 0, 3, 2, 2, 4, 0, 1, 1, 0, 2, 0, 1, 2, 2, 1, 4, 0, 3, 2, 1, 1, 2, 1, 3, 1, 1, 1, 3, 0, 4, 3, 1, 4, 1, 1, 2, 4, 4, 2, 1, 1, 3, 1, 3, 1, 1, 1, 1, 3, 1, 2, 1, 2, 3, 1, 1, 1, 2, 2, 2, 1, 1]|[0, 2, 1, 1, 3, 3, 0, 1, 0, 0, 0, 0, 1, 0, 1, 0, 0, 3, 1, 0, 0, 0, 3, 1, 0, 2, 0, 0, 0, 1, 0, 0, 0, 0, 3, 0, 1, 0, 0, 2, 1, 1, 2, 0, 0, 0, 0, 1, 1, 0, 0, 0, 1, 3, 0, 0, 1, 0, 0, 1, 0, 2, 0, 1, 0, 2, 1, 0, 0, 1, 1, 3, 0, 1, 3, 3, 1, 0, 0, 2, 0, 0, 0, 0, 1, 0, 0, 0, 1, 0, 1, 2, 0, 1, 1, 0, 0, 0, 0, 0],799.7597182486421,57956.14029813622,88693.02611999179,true
41,G2_TEC,G2_TEC,[31, 22, 82, 15, 26, 9, 95, 42, 77, 68, 47, 5, 93, 78, 86, 54, 85, 63, 18, 44, 20, 49, 36, 14, 74, 50, 53, 17, 21, 28, 11, 64, 3, 23, 30, 83, 24, 41, 40, 52, 65, 27, 90, 70, 39, 87, 48, 69, 99, 4, 46, 1, 13, 58, 97, 59, 45, 8, 73, 37, 35, 79, 71, 66, 76, 32, 60, 80, 56, 6, 67, 61, 33, 7, 57, 34, 12, 16, 10, 98, 96, 88, 2, 75, 91, 43, 84, 92, 29, 19, 51, 55, 81, 89, 25, 72, 94, 38, 0, 62]|[2, 1, 2, 1, 1, 2, 1, 1, 1, 1, 1, 0, 2, 2, 1, 2, 0, 0, 0, 2, 2, 1, 0, 2, 0, 2, 2, 1, 0, 1, 1, 1, 0, 0, 1, 0, 2, 1, 2, 2, 0, 0, 1, 1, 0, 2, 0, 2, 1, 0, 0, 2, 0, 0, 2, 0, 1, 1, 0, 0, 2, 1, 1, 2, 2, 0, 2, 2, 2, 1, 2, 1, 1, 2, 0, 1, 1, 2, 1, 2, 0, 1, 0, 0, 1, 1, 0, 0, 1, 1, 1, 0, 1, 1, 1, 1, 2, 0, 2, 1]|[0, 3, 0, 3, 4, 1, 4, 4, 2, 4, 3, 2, 1, 0, 2, 1, 1, 1, 2, 1, 1, 3, 0, 1, 0, 1, 1, 4, 1, 4, 3, 2, 2, 0, 4, 1, 1, 4, 1, 1, 2, 1, 4, 4, 1, 1, 0, 2, 3, 2, 2, 1, 2, 1, 1, 2, 4, 3, 0, 2, 1, 3, 3, 1, 1, 2, 1, 1, 1, 4, 1, 3, 4, 1, 2, 4, 3, 1, 3, 1, 2, 4, 2, 2, 3, 4, 2, 2, 3, 4, 3, 2, 4, 4, 4, 4, 1, 2, 1, 3]|[0, 2, 0, 0, 3, 0, 1, 3, 0, 0, 2, 0, 1, 0, 1, 0, 0, 0, 1, 0, 0, 2, 0, 0, 1, 0, 0, 3, 0, 1, 0, 2, 0, 0, 3, 0, 1, 1, 0, 0, 0, 0, 1, 3, 0, 0, 1, 0, 2, 0, 0, 0, 0, 0, 1, 0, 1, 0, 1, 1, 0, 2, 0, 0, 0, 0, 0, 0, 0, 2, 0, 0, 1, 0, 0, 1, 0, 0, 3, 0, 0, 1, 0, 0, 0, 2, 0, 0, 3, 1, 0, 0, 2, 1, 3, 1, 0, 0, 0, 0],914.0597544875216,49177.57411962909,107642.75205892837,false
41,G3_TWC,G4_BALANCED,[31, 22, 82, 15, 26, 58, 95, 42, 77, 12, 47, 5, 93, 78, 98, 54, 85, 63, 18, 44, 20, 35, 43, 97, 91, 76, 10, 30, 21, 45, 71, 64, 1, 23, 17, 83, 24, 14, 60, 36, 6, 57, 94, 88, 65, 56, 79, 40, 67, 68, 46, 75, 38, 9, 19, 32, 81, 41, 27, 62, 87, 90, 99, 59, 11, 16, 72, 73, 70, 39, 37, 84, 3, 92, 25, 55, 28, 29, 51, 7, 33, 61, 86, 48, 89, 34, 69, 96, 53, 80, 4, 8, 50, 49, 52, 0, 13, 2, 66, 74]|[1, 1, 0, 1, 1, 1, 2, 1, 2, 1, 2, 2, 2, 1, 1, 0, 0, 1, 0, 2, 2, 0, 1, 2, 0, 1, 2, 2, 0, 0, 1, 2, 1, 2, 1, 0, 2, 0, 1, 1, 0, 1, 1, 1, 0, 2, 1, 1, 0, 0, 0, 0, 1, 1, 2, 1, 2, 0, 0, 0, 2, 1, 0, 1, 2, 1, 2, 1, 1, 1, 1, 1, 2, 0, 1, 1, 0, 0, 0, 1, 2, 1, 0, 0, 1, 2, 1, 0, 0, 0, 0, 1, 0, 0, 1, 0, 0, 0, 2, 2]|[4, 3, 2, 2, 0, 0, 2, 2, 2, 4, 1, 1, 2, 4, 4, 1, 1, 4, 2, 1, 1, 1, 1, 2, 1, 2, 1, 1, 1, 1, 3, 2, 3, 0, 4, 0, 1, 1, 0, 3, 2, 2, 4, 0, 1, 1, 0, 2, 0, 1, 2, 2, 1, 4, 0, 3, 2, 1, 1, 2, 1, 3, 1, 1, 1, 3, 0, 4, 3, 1, 4, 1, 1, 2, 4, 4, 2, 1, 1, 3, 1, 3, 1, 1, 1, 1, 3, 1, 2, 1, 2, 3, 1, 1, 1, 2, 2, 2, 1, 1]|[0, 2, 1, 1, 3, 3, 0, 1, 0, 0, 0, 0, 1, 0, 1, 0, 0, 3, 1, 0, 0, 0, 3, 1, 0, 2, 0, 0, 0, 1, 0, 0, 0, 0, 3, 0, 1, 0, 0, 2, 1, 1, 2, 0, 0, 0, 0, 1, 1, 0, 0, 0, 1, 3, 0, 0, 1, 0, 0, 1, 0, 2, 0, 1, 0, 2, 1, 0, 0, 1, 1, 3, 0, 1, 3, 3, 1, 0, 0, 2, 0, 0, 0, 0, 1, 0, 0, 0, 1, 0, 1, 2, 0, 1, 1, 0, 0, 0, 0, 0],790.1921483697682,57957.04840138768,88951.83199580385,true
41,G1_CMAX,G3_TWC,[31, 22, 82, 15, 26, 58, 95, 42, 77, 12, 47, 5, 93, 78, 44, 54, 85, 63, 18, 98, 20, 35, 43, 97, 91, 76, 10, 30, 21, 61, 71, 64, 1, 23, 17, 83, 24, 14, 60, 36, 6, 57, 94, 88, 65, 56, 79, 40, 67, 68, 46, 75, 38, 9, 19, 32, 81, 41, 27, 62, 87, 90, 99, 59, 11, 16, 72, 73, 70, 39, 37, 84, 3, 92, 25, 55, 28, 29, 51, 7, 33, 45, 86, 48, 89, 50, 66, 96, 53, 80, 4, 8, 34, 74, 52, 2, 13, 0, 49, 69]|[1, 1, 0, 1, 1, 1, 2, 1, 2, 1, 2, 2, 2, 1, 1, 0, 0, 1, 0, 2, 2, 0, 1, 2, 0, 1, 2, 2, 0, 1, 1, 2, 1, 2, 1, 0, 2, 0, 1, 1, 0, 1, 1, 1, 0, 2, 1, 1, 0, 0, 0, 0, 1, 1, 2, 1, 2, 0, 0, 0, 2, 1, 1, 2, 2, 1, 2, 1, 1, 1, 1, 1, 2, 0, 1, 1, 0, 0, 0, 1, 2, 1, 0, 0, 1, 0, 2, 0, 0, 0, 0, 1, 2, 2, 1, 0, 0, 0, 0, 2]|[4, 3, 2, 2, 0, 0, 2, 2, 2, 4, 1, 1, 2, 4, 4, 1, 1, 4, 2, 1, 1, 1, 1, 2, 1, 2, 1, 1, 1, 3, 3, 2, 3, 0, 4, 0, 1, 1, 0, 3, 2, 2, 4, 0, 1, 1, 0, 2, 0, 1, 2, 2, 1, 4, 0, 3, 2, 1, 1, 2, 1, 3, 1, 1, 1, 3, 0, 4, 3, 1, 4, 1, 1, 2, 4, 4, 2, 1, 1, 3, 1, 3, 1, 1, 1, 1, 1, 1, 2, 1, 2, 3, 1, 1, 1, 2, 2, 2, 1, 1]|[0, 2, 1, 1, 3, 3, 0, 1, 0, 0, 0, 0, 1, 0, 1, 0, 0, 3, 1, 0, 0, 0, 3, 1, 0, 2, 0, 0, 0, 0, 0, 0, 0, 0, 3, 0, 1, 0, 0, 2, 1, 1, 2, 0, 0, 0, 0, 1, 1, 0, 0, 0, 1, 3, 0, 0, 1, 0, 0, 1, 0, 2, 1, 0, 0, 2, 1, 0, 0, 1, 1, 3, 0, 1, 3, 3, 1, 0, 0, 2, 0, 0, 0, 0, 1, 0, 0, 0, 1, 0, 1, 2, 0, 0, 1, 0, 0, 0, 1, 0],750.085634914113,57293.76873587221,91427.35634904046,true
41,G4_BALANCED,G4_BALANCED,[31, 11, 82, 15, 26, 9, 95, 42, 77, 68, 47, 5, 93, 78, 86, 54, 85, 63, 18, 44, 20, 35, 43, 97, 91, 76, 10, 30, 21, 45, 71, 64, 1, 23, 17, 83, 24, 14, 60, 36, 6, 57, 40, 88, 65, 56, 79, 94, 67, 12, 46, 75, 38, 99, 19, 32, 41, 81, 27, 87, 90, 58, 59, 22, 16, 72, 73, 70, 39, 37, 84, 3, 92, 62, 25, 96, 28, 29, 51, 7, 33, 61, 98, 66, 89, 50, 48, 80, 53, 55, 4, 8, 34, 2, 52, 49, 13, 0, 69, 74]|[1, 1, 0, 1, 1, 0, 1, 2, 2, 0, 2, 2, 2, 1, 1, 0, 0, 1, 0, 2, 2, 0, 1, 2, 0, 1, 2, 2, 0, 0, 1, 2, 1, 2, 1, 0, 2, 0, 1, 1, 0, 1, 1, 1, 0, 2, 1, 1, 0, 0, 0, 0, 1, 1, 2, 1, 0, 2, 0, 2, 1, 0, 1, 2, 1, 2, 1, 1, 1, 1, 0, 1, 1, 0, 1, 2, 1, 0, 0, 2, 2, 1, 2, 2, 1, 0, 0, 0, 0, 2, 1, 1, 2, 0, 1, 0, 0, 0, 1, 2]|[4, 3, 2, 2, 4, 1, 2, 2, 2, 1, 1, 1, 2, 4, 4, 1, 1, 4, 2, 1, 1, 1, 1, 1, 1, 2, 1, 1, 2, 1, 3, 2, 3, 1, 4, 0, 1, 1, 0, 3, 2, 2, 2, 0, 1, 1, 0, 4, 0, 1, 2, 2, 1, 4, 0, 3, 1, 1, 1, 1, 3, 1, 1, 1, 3, 0, 4, 4, 1, 4, 2, 3, 1, 2, 4, 1, 4, 1, 1, 1, 1, 3, 1, 1, 1, 1, 1, 1, 2, 1, 4, 3, 1, 2, 1, 1, 2, 2, 4, 1]|[0, 2, 1, 1, 3, 0, 1, 0, 0, 0, 0, 0, 1, 0, 1, 0, 0, 3, 1, 0, 0, 0, 3, 1, 0, 2, 0, 0, 0, 1, 0, 0, 0, 0, 3, 0, 1, 0, 0, 2, 1, 1, 1, 0, 0, 0, 0, 2, 1, 0, 0, 0, 1, 3, 0, 0, 0, 0, 0, 0, 2, 0, 1, 0, 2, 1, 0, 0, 1, 1, 0, 0, 1, 1, 3, 0, 1, 0, 0, 0, 0, 0, 0, 0, 1, 0, 0, 0, 1, 0, 0, 2, 0, 0, 1, 1, 0, 0, 2, 0],802.7683906830428,54918.424968562234,100102.9253477918,false
41,G2_TEC,G2_TEC,[31, 22, 82, 15, 26, 9, 95, 42, 77, 68, 47, 5, 93, 78, 86, 54, 85, 63, 18, 44, 20, 49, 36, 14, 74, 50, 53, 17, 21, 28, 11, 64, 3, 23, 30, 83, 24, 41, 40, 52, 65, 27, 90, 70, 39, 87, 48, 69, 99, 4, 46, 1, 13, 58, 97, 59, 45, 8, 73, 37, 35, 79, 71, 66, 76, 32, 60, 80, 56, 6, 67, 61, 33, 7, 57, 34, 12, 16, 10, 98, 96, 88, 2, 75, 91, 43, 84, 92, 29, 19, 51, 55, 81, 89, 25, 72, 94, 38, 0, 62]|[2, 1, 2, 1, 1, 2, 1, 1, 1, 1, 1, 0, 2, 2, 1, 2, 0, 0, 0, 2, 2, 1, 0, 2, 0, 2, 2, 1, 0, 1, 1, 1, 0, 0, 1, 0, 2, 1, 2, 2, 0, 0, 1, 1, 0, 2, 0, 2, 1, 0, 0, 2, 0, 0, 2, 0, 1, 1, 0, 0, 2, 1, 1, 2, 2, 0, 2, 2, 2, 1, 2, 1, 1, 2, 0, 1, 1, 2, 1, 2, 0, 1, 0, 0, 1, 1, 0, 0, 1, 1, 1, 0, 1, 1, 1, 1, 2, 0, 2, 1]|[0, 3, 0, 3, 4, 1, 4, 4, 2, 4, 3, 2, 1, 0, 2, 1, 1, 1, 2, 1, 1, 3, 0, 1, 0, 1, 1, 4, 1, 4, 3, 2, 2, 0, 4, 1, 1, 4, 1, 1, 2, 1, 4, 4, 1, 1, 0, 2, 3, 2, 2, 1, 2, 1, 1, 2, 4, 3, 0, 2, 1, 3, 3, 1, 1, 2, 1, 1, 1, 4, 1, 3, 4, 1, 2, 4, 3, 1, 3, 1, 2, 4, 2, 2, 3, 4, 2, 2, 3, 4, 3, 2, 4, 4, 4, 4, 1, 2, 1, 3]|[0, 2, 0, 0, 3, 0, 1, 3, 0, 0, 2, 0, 1, 0, 1, 0, 0, 0, 1, 0, 0, 2, 0, 0, 1, 0, 0, 3, 0, 1, 0, 2, 0, 0, 3, 0, 1, 1, 0, 0, 0, 0, 1, 3, 0, 0, 1, 0, 2, 0, 0, 0, 0, 0, 1, 0, 1, 0, 1, 1, 0, 2, 0, 0, 0, 0, 0, 0, 0, 2, 0, 0, 1, 0, 0, 1, 0, 0, 3, 0, 0, 1, 0, 0, 0, 2, 0, 0, 3, 1, 0, 0, 2, 1, 3, 1, 0, 0, 0, 0],914.0597544875216,49177.57411962909,107642.75205892837,false
41,G3_TWC,G4_BALANCED,[31, 22, 82, 15, 26, 58, 95, 42, 77, 12, 47, 5, 93, 78, 98, 54, 85, 63, 18, 44, 20, 35, 43, 97, 91, 76, 10, 30, 21, 45, 71, 64, 1, 23, 17, 83, 24, 14, 60, 36, 6, 57, 94, 88, 65, 56, 79, 40, 67, 68, 46, 75, 38, 9, 19, 32, 81, 41, 27, 62, 87, 90, 99, 59, 11, 16, 72, 73, 70, 39, 37, 84, 3, 92, 25, 55, 28, 29, 51, 7, 33, 61, 86, 48, 89, 34, 69, 96, 53, 80, 4, 8, 50, 49, 52, 0, 13, 2, 66, 74]|[1, 1, 0, 1, 1, 1, 2, 1, 2, 1, 2, 2, 2, 1, 1, 0, 0, 1, 0, 2, 2, 0, 1, 2, 0, 1, 2, 2, 0, 0, 1, 2, 1, 2, 1, 0, 2, 0, 1, 1, 0, 1, 1, 1, 0, 2, 1, 1, 0, 0, 0, 0, 1, 1, 2, 1, 2, 0, 0, 0, 2, 1, 0, 1, 2, 1, 2, 1, 1, 1, 1, 1, 2, 0, 1, 1, 0, 0, 0, 1, 2, 1, 0, 0, 1, 2, 1, 0, 0, 0, 0, 1, 0, 0, 1, 0, 0, 0, 2, 2]|[4, 3, 2, 2, 0, 0, 2, 2, 2, 4, 1, 1, 2, 4, 4, 1, 1, 4, 2, 1, 1, 1, 1, 2, 1, 2, 1, 1, 1, 1, 3, 2, 3, 0, 4, 0, 1, 1, 0, 3, 2, 2, 4, 0, 1, 1, 0, 2, 0, 1, 2, 2, 1, 4, 0, 3, 2, 1, 1, 2, 1, 3, 1, 1, 1, 3, 0, 4, 3, 1, 4, 1, 1, 2, 4, 4, 2, 1, 1, 3, 1, 3, 1, 1, 1, 1, 3, 1, 2, 1, 2, 3, 1, 1, 1, 2, 2, 2, 1, 1]|[0, 2, 1, 1, 3, 3, 0, 1, 0, 0, 0, 0, 1, 0, 1, 0, 0, 3, 1, 0, 0, 0, 3, 1, 0, 2, 0, 0, 0, 1, 0, 0, 0, 0, 3, 0, 1, 0, 0, 2, 1, 1, 2, 0, 0, 0, 0, 1, 1, 0, 0, 0, 1, 3, 0, 0, 1, 0, 0, 1, 0, 2, 0, 1, 0, 2, 1, 0, 0, 1, 1, 3, 0, 1, 3, 3, 1, 0, 0, 2, 0, 0, 0, 0, 1, 0, 0, 0, 1, 0, 1, 2, 0, 1, 1, 0, 0, 0, 0, 0],790.1921483697682,57957.04840138768,88951.83199580385,true
41,G1_CMAX,G1_CMAX,[31, 22, 82, 90, 26, 58, 95, 42, 77, 12, 93, 5, 78, 86, 98, 18, 44, 20, 35, 3, 97, 91, 76, 10, 85, 30, 47, 54, 45, 63, 71, 66, 1, 23, 17, 83, 24, 14, 60, 36, 6, 57, 40, 88, 65, 56, 79, 94, 67, 68, 46, 75, 38, 9, 19, 32, 81, 27, 62, 87, 15, 99, 59, 11, 16, 72, 73, 70, 39, 37, 84, 43, 80, 53, 96, 4, 50, 41, 89, 48, 21, 61, 33, 7, 51, 29, 28, 55, 25, 92, 8, 69, 0, 74, 52, 2, 13, 34, 49, 64]|[1, 1, 0, 1, 1, 0, 2, 1, 2, 1, 2, 2, 2, 1, 0, 1, 0, 2, 2, 1, 2, 2, 1, 2, 2, 2, 2, 0, 0, 0, 1, 2, 1, 2, 1, 0, 2, 0, 1, 1, 0, 1, 1, 1, 0, 2, 1, 1, 0, 0, 0, 1, 1, 1, 2, 1, 2, 0, 0, 2, 1, 0, 1, 2, 1, 2, 1, 1, 1, 1, 1, 1, 0, 0, 2, 1, 0, 0, 1, 0, 0, 1, 2, 1, 0, 0, 0, 1, 1, 0, 0, 1, 0, 2, 1, 0, 0, 2, 0, 2]|[3, 0, 2, 3, 0, 1, 1, 2, 2, 4, 1, 1, 0, 4, 1, 4, 2, 1, 1, 1, 2, 2, 2, 1, 1, 1, 2, 1, 1, 2, 3, 2, 3, 1, 4, 0, 1, 1, 0, 3, 2, 2, 4, 0, 1, 1, 0, 4, 0, 1, 2, 3, 1, 4, 0, 3, 2, 1, 2, 1, 2, 1, 1, 1, 3, 0, 4, 3, 1, 4, 1, 1, 1, 2, 1, 4, 1, 1, 1, 1, 1, 3, 1, 1, 1, 1, 2, 4, 4, 2, 2, 3, 2, 1, 1, 2, 2, 1, 1, 1]|[2, 0, 1, 2, 3, 0, 0, 1, 1, 0, 0, 0, 0, 1, 0, 3, 1, 0, 0, 1, 1, 1, 2, 0, 0, 0, 1, 0, 1, 0, 0, 0, 0, 0, 3, 0, 1, 0, 0, 2, 1, 1, 2, 0, 0, 0, 0, 2, 1, 0, 0, 0, 1, 3, 0, 0, 1, 0, 1, 0, 1, 0, 1, 0, 2, 1, 0, 0, 1, 1, 3, 3, 0, 1, 0, 0, 0, 0, 1, 0, 0, 0, 0, 2, 0, 0, 1, 3, 3, 1, 1, 2, 0, 0, 1, 0, 0, 0, 1, 0],706.0425648885516,58640.99257008452,96849.50297129861,false
41,G4_BALANCED,G1_CMAX,[22, 82, 3, 58, 95, 42, 77, 47, 5, 93, 78, 12, 86, 54, 50, 63, 18, 44, 20, 35, 43, 97, 91, 76, 10, 30, 21, 45, 71, 64, 36, 23, 17, 83, 24, 14, 60, 1, 6, 40, 57, 90, 65, 56, 79, 94, 67, 68, 46, 75, 38, 9, 19, 32, 81, 41, 27, 62, 16, 55, 59, 89, 88, 87, 31, 72, 73, 70, 39, 37, 84, 92, 25, 11, 48, 15, 29, 51, 7, 33, 61, 98, 28, 99, 26, 85, 66, 96, 53, 80, 4, 8, 34, 49, 52, 2, 13, 0, 69, 74]|[1, 0, 1, 0, 1, 2, 2, 2, 2, 2, 1, 1, 1, 0, 0, 1, 0, 2, 2, 0, 1, 2, 0, 1, 2, 2, 0, 0, 1, 2, 1, 2, 1, 0, 2, 0, 1, 1, 0, 1, 1, 1, 0, 2, 1, 1, 0, 0, 0, 0, 1, 1, 2, 1, 2, 0, 0, 0, 1, 2, 1, 1, 1, 1, 1, 2, 1, 2, 1, 1, 1, 0, 1, 2, 2, 1, 0, 0, 1, 2, 1, 2, 0, 1, 1, 0, 0, 2, 0, 0, 1, 1, 2, 0, 1, 0, 0, 0, 1, 2]|[3, 2, 1, 1, 2, 1, 2, 1, 1, 2, 4, 4, 4, 1, 1, 4, 2, 1, 1, 1, 1, 2, 1, 2, 1, 1, 2, 1, 3, 2, 3, 1, 4, 1, 1, 1, 0, 3, 2, 2, 2, 3, 1, 1, 0, 4, 0, 1, 2, 2, 1, 4, 0, 3, 2, 1, 1, 2, 3, 1, 1, 1, 0, 3, 0, 0, 3, 0, 1, 4, 1, 0, 4, 1, 1, 4, 1, 1, 1, 1, 3, 1, 2, 1, 0, 2, 1, 1, 2, 1, 4, 3, 1, 1, 1, 2, 2, 2, 4, 1]|[3, 1, 2, 0, 1, 0, 0, 0, 0, 1, 0, 0, 1, 0, 0, 3, 1, 0, 0, 0, 3, 1, 0, 2, 0, 0, 0, 1, 0, 0, 2, 0, 3, 0, 1, 0, 0, 0, 1, 1, 1, 2, 0, 0, 0, 2, 1, 0, 0, 0, 1, 3, 0, 0, 1, 0, 0, 1, 2, 0, 1, 1, 0, 2, 0, 1, 0, 1, 1, 1, 1, 1, 3, 0, 0, 3, 0, 0, 2, 0, 0, 0, 1, 1, 3, 0, 0, 0, 1, 0, 0, 2, 0, 1, 1, 0, 0, 0, 2, 0],715.7913946700162,58060.95961022334,95287.06515100288,true
41,G2_TEC,G2_TEC,[31, 22, 82, 15, 26, 9, 95, 42, 77, 68, 47, 5, 93, 78, 86, 54, 85, 63, 18, 44, 20, 49, 36, 14, 74, 50, 53, 17, 21, 28, 11, 64, 3, 23, 30, 83, 24, 41, 40, 52, 65, 27, 90, 70, 39, 87, 48, 69, 99, 4, 46, 1, 13, 58, 97, 59, 45, 8, 73, 37, 35, 79, 71, 66, 76, 32, 60, 80, 56, 6, 67, 61, 33, 7, 57, 34, 12, 16, 10, 98, 96, 88, 2, 75, 91, 43, 84, 92, 29, 19, 51, 55, 81, 89, 25, 72, 94, 38, 0, 62]|[2, 1, 2, 1, 1, 2, 1, 1, 1, 1, 1, 0, 2, 2, 1, 2, 0, 0, 0, 2, 2, 1, 0, 2, 0, 2, 2, 1, 0, 1, 1, 1, 0, 0, 1, 0, 2, 1, 2, 2, 0, 0, 1, 1, 0, 2, 0, 2, 1, 0, 0, 2, 0, 0, 2, 0, 1, 1, 0, 0, 2, 1, 1, 2, 2, 0, 2, 2, 2, 1, 2, 1, 1, 2, 0, 1, 1, 2, 1, 2, 0, 1, 0, 0, 1, 1, 0, 0, 1, 1, 1, 0, 1, 1, 1, 1, 2, 0, 2, 1]|[0, 3, 0, 3, 4, 1, 4, 4, 2, 4, 3, 2, 1, 0, 2, 1, 1, 1, 2, 1, 1, 3, 0, 1, 0, 1, 1, 4, 1, 4, 3, 2, 2, 0, 4, 1, 1, 4, 1, 1, 2, 1, 4, 4, 1, 1, 0, 2, 3, 2, 2, 1, 2, 1, 1, 2, 4, 3, 0, 2, 1, 3, 3, 1, 1, 2, 1, 1, 1, 4, 1, 3, 4, 1, 2, 4, 3, 1, 3, 1, 2, 4, 2, 2, 3, 4, 2, 2, 3, 4, 3, 2, 4, 4, 4, 4, 1, 2, 1, 3]|[0, 2, 0, 0, 3, 0, 1, 3, 0, 0, 2, 0, 1, 0, 1, 0, 0, 0, 1, 0, 0, 2, 0, 0, 1, 0, 0, 3, 0, 1, 0, 2, 0, 0, 3, 0, 1, 1, 0, 0, 0, 0, 1, 3, 0, 0, 1, 0, 2, 0, 0, 0, 0, 0, 1, 0, 1, 0, 1, 1, 0, 2, 0, 0, 0, 0, 0, 0, 0, 2, 0, 0, 1, 0, 0, 1, 0, 0, 3, 0, 0, 1, 0, 0, 0, 2, 0, 0, 3, 1, 0, 0, 2, 1, 3, 1, 0, 0, 0, 0],914.0597544875216,49177.57411962909,107642.75205892837,false
41,G3_TWC,G1_CMAX,[31, 22, 82, 15, 26, 99, 95, 42, 77, 12, 47, 5, 93, 78, 86, 54, 21, 63, 18, 44, 20, 35, 43, 97, 91, 76, 10, 30, 85, 45, 71, 64, 1, 23, 17, 83, 24, 14, 60, 36, 6, 57, 40, 88, 65, 56, 79, 94, 67, 68, 46, 75, 38, 9, 19, 32, 41, 81, 27, 87, 90, 62, 59, 11, 16, 72, 73, 70, 39, 37, 84, 3, 7, 25, 55, 48, 28, 29, 51, 92, 33, 61, 98, 58, 89, 50, 66, 96, 53, 80, 4, 8, 34, 2, 52, 49, 13, 0, 69, 74]|[1, 1, 0, 1, 1, 0, 1, 1, 2, 1, 2, 2, 2, 1, 1, 0, 0, 1, 0, 2, 2, 0, 1, 2, 0, 1, 2, 2, 0, 0, 1, 2, 1, 2, 1, 0, 2, 0, 1, 1, 0, 1, 1, 1, 0, 2, 1, 1, 0, 0, 0, 0, 1, 1, 2, 1, 0, 2, 0, 2, 1, 0, 1, 2, 1, 2, 1, 1, 1, 1, 1, 1, 2, 1, 2, 0, 0, 0, 0, 0, 2, 1, 2, 0, 1, 0, 2, 2, 0, 0, 1, 1, 2, 0, 1, 0, 0, 0, 1, 2]|[4, 3, 2, 2, 4, 1, 2, 3, 2, 4, 1, 1, 2, 4, 4, 1, 1, 4, 2, 1, 1, 1, 1, 2, 1, 2, 1, 1, 2, 1, 3, 2, 3, 1, 4, 0, 1, 1, 0, 3, 2, 2, 2, 0, 1, 1, 0, 4, 0, 1, 2, 2, 1, 4, 0, 3, 1, 1, 1, 1, 3, 2, 1, 1, 3, 0, 4, 3, 1, 4, 1, 1, 1, 4, 1, 1, 2, 1, 1, 0, 1, 3, 1, 1, 1, 1, 1, 1, 2, 1, 4, 3, 1, 2, 1, 1, 2, 2, 4, 1]|[0, 2, 1, 1, 3, 0, 1, 3, 0, 0, 0, 0, 1, 0, 1, 0, 0, 3, 1, 0, 0, 0, 3, 1, 0, 2, 0, 0, 0, 1, 0, 0, 0, 0, 3, 0, 1, 0, 0, 2, 1, 1, 1, 0, 0, 0, 0, 2, 1, 0, 0, 0, 1, 3, 0, 0, 0, 0, 0, 0, 2, 1, 1, 0, 2, 1, 0, 0, 1, 1, 3, 1, 0, 3, 0, 0, 1, 0, 0, 1, 0, 0, 0, 0, 1, 0, 0, 0, 1, 0, 0, 2, 0, 0, 1, 1, 0, 0, 2, 0],733.6437548344954,55990.52367369108,93177.64910863033,true
41,G1_CMAX,G4_BALANCED,[31, 22, 82, 15, 26, 58, 95, 42, 77, 12, 47, 5, 93, 78, 98, 54, 85, 63, 18, 44, 20, 35, 43, 97, 91, 76, 10, 30, 21, 45, 71, 64, 1, 23, 17, 83, 24, 14, 60, 36, 6, 57, 94, 88, 65, 56, 79, 40, 67, 68, 46, 75, 38, 9, 19, 32, 81, 41, 27, 62, 87, 90, 99, 59, 11, 16, 72, 73, 70, 39, 37, 84, 3, 92, 25, 55, 28, 29, 51, 7, 33, 61, 86, 48, 89, 34, 69, 96, 53, 80, 4, 8, 50, 49, 52, 0, 13, 2, 66, 74]|[1, 1, 0, 1, 1, 1, 2, 1, 2, 1, 2, 2, 2, 1, 1, 0, 0, 1, 0, 2, 2, 0, 1, 2, 0, 1, 2, 2, 0, 0, 1, 2, 1, 2, 1, 0, 2, 0, 1, 1, 0, 1, 1, 1, 0, 2, 1, 1, 0, 0, 0, 0, 1, 1, 2, 1, 2, 0, 0, 0, 2, 1, 0, 1, 2, 1, 2, 1, 1, 1, 1, 1, 2, 0, 1, 1, 0, 0, 0, 1, 2, 1, 0, 0, 1, 2, 1, 0, 0, 0, 0, 1, 0, 0, 1, 0, 0, 0, 2, 2]|[4, 3, 2, 2, 0, 0, 2, 2, 2, 4, 1, 1, 2, 4, 4, 1, 1, 4, 2, 1, 1, 1, 1, 2, 1, 2, 1, 1, 1, 1, 3, 2, 3, 0, 4, 0, 1, 1, 0, 3, 2, 2, 4, 0, 1, 1, 0, 2, 0, 1, 2, 2, 1, 4, 0, 3, 2, 1, 1, 2, 1, 3, 1, 1, 1, 3, 0, 4, 3, 1, 4, 1, 1, 2, 4, 4, 2, 1, 1, 3, 1, 3, 1, 1, 1, 1, 3, 1, 2, 1, 2, 3, 1, 1, 1, 2, 2, 2, 1, 1]|[0, 2, 1, 1, 3, 3, 0, 1, 0, 0, 0, 0, 1, 0, 1, 0, 0, 3, 1, 0, 0, 0, 3, 1, 0, 2, 0, 0, 0, 1, 0, 0, 0, 0, 3, 0, 1, 0, 0, 2, 1, 1, 2, 0, 0, 0, 0, 1, 1, 0, 0, 0, 1, 3, 0, 0, 1, 0, 0, 1, 0, 2, 0, 1, 0, 2, 1, 0, 0, 1, 1, 3, 0, 1, 3, 3, 1, 0, 0, 2, 0, 0, 0, 0, 1, 0, 0, 0, 1, 0, 1, 2, 0, 1, 1, 0, 0, 0, 0, 0],790.1921483697682,57957.04840138768,88951.83199580385,true
41,G4_BALANCED,G3_TWC,[31, 22, 82, 15, 26, 58, 95, 51, 77, 12, 47, 5, 93, 78, 98, 54, 85, 63, 18, 44, 20, 35, 43, 97, 91, 76, 10, 30, 21, 45, 71, 64, 1, 23, 17, 83, 24, 14, 60, 36, 6, 57, 94, 88, 65, 56, 79, 40, 67, 68, 46, 75, 39, 9, 19, 32, 81, 96, 27, 62, 87, 90, 99, 59, 53, 16, 72, 73, 70, 38, 37, 84, 3, 92, 25, 55, 28, 29, 42, 7, 33, 61, 86, 66, 89, 50, 48, 41, 11, 80, 4, 8, 34, 49, 52, 0, 13, 2, 69, 74]|[1, 1, 0, 1, 1, 1, 2, 1, 2, 1, 2, 2, 2, 1, 1, 0, 0, 1, 0, 2, 2, 0, 1, 2, 0, 1, 2, 2, 0, 0, 1, 2, 1, 2, 1, 0, 2, 0, 1, 1, 0, 1, 1, 1, 0, 2, 1, 1, 0, 0, 0, 0, 1, 1, 2, 1, 2, 0, 0, 0, 2, 1, 0, 1, 0, 1, 2, 1, 1, 1, 1, 1, 2, 0, 1, 1, 0, 0, 0, 1, 2, 1, 0, 2, 1, 0, 0, 2, 2, 0, 0, 1, 2, 0, 1, 0, 0, 0, 1, 2]|[4, 3, 2, 2, 0, 0, 2, 2, 2, 4, 1, 1, 2, 4, 4, 1, 1, 4, 2, 1, 1, 1, 1, 2, 1, 2, 1, 1, 1, 1, 3, 2, 3, 0, 4, 0, 1, 1, 0, 3, 2, 2, 4, 0, 1, 1, 0, 2, 0, 1, 2, 2, 1, 4, 0, 3, 2, 1, 1, 2, 1, 3, 1, 1, 2, 3, 0, 4, 3, 1, 4, 1, 1, 2, 4, 4, 2, 1, 1, 3, 1, 3, 1, 1, 1, 1, 1, 1, 1, 1, 2, 3, 1, 1, 1, 2, 2, 2, 3, 1]|[0, 2, 1, 1, 3, 3, 0, 1, 0, 0, 0, 0, 1, 0, 1, 0, 0, 3, 1, 0, 0, 0, 3, 1, 0, 2, 0, 0, 0, 1, 0, 0, 0, 0, 3, 0, 1, 0, 0, 2, 1, 1, 2, 0, 0, 0, 0, 1, 1, 0, 0, 0, 1, 3, 0, 0, 1, 0, 0, 1, 0, 2, 0, 1, 1, 2, 1, 0, 0, 1, 1, 3, 0, 1, 3, 3, 1, 0, 0, 2, 0, 0, 0, 0, 1, 0, 0, 0, 0, 0, 1, 2, 0, 1, 1, 0, 0, 0, 0, 0],773.0264159463031,57988.48696041079,89557.52070868707,true
41,G2_TEC,G2_TEC,[31, 22, 82, 15, 26, 9, 95, 42, 77, 68, 47, 5, 93, 78, 86, 54, 85, 63, 18, 44, 20, 49, 36, 14, 74, 50, 53, 17, 21, 28, 11, 64, 3, 23, 30, 83, 24, 41, 40, 52, 65, 27, 90, 70, 39, 87, 48, 69, 99, 4, 46, 1, 13, 58, 97, 59, 45, 8, 73, 37, 35, 79, 71, 66, 76, 32, 60, 80, 56, 6, 67, 61, 33, 7, 57, 34, 12, 16, 10, 98, 96, 88, 2, 75, 91, 43, 84, 92, 29, 19, 51, 55, 81, 89, 25, 72, 94, 38, 0, 62]|[2, 1, 2, 1, 1, 2, 1, 1, 1, 1, 1, 0, 2, 2, 1, 2, 0, 0, 0, 2, 2, 1, 0, 2, 0, 2, 2, 1, 0, 1, 1, 1, 0, 0, 1, 0, 2, 1, 2, 2, 0, 0, 1, 1, 0, 2, 0, 2, 1, 0, 0, 2, 0, 0, 2, 0, 1, 1, 0, 0, 2, 1, 1, 2, 2, 0, 2, 2, 2, 1, 2, 1, 1, 2, 0, 1, 1, 2, 1, 2, 0, 1, 0, 0, 1, 1, 0, 0, 1, 1, 1, 0, 1, 1, 1, 1, 2, 0, 2, 1]|[0, 3, 0, 3, 4, 1, 4, 4, 2, 4, 3, 2, 1, 0, 2, 1, 1, 1, 2, 1, 1, 3, 0, 1, 0, 1, 1, 4, 1, 4, 3, 2, 2, 0, 4, 1, 1, 4, 1, 1, 2, 1, 4, 4, 1, 1, 0, 2, 3, 2, 2, 1, 2, 1, 1, 2, 4, 3, 0, 2, 1, 3, 3, 1, 1, 2, 1, 1, 1, 4, 1, 3, 4, 1, 2, 4, 3, 1, 3, 1, 2, 4, 2, 2, 3, 4, 2, 2, 3, 4, 3, 2, 4, 4, 4, 4, 1, 2, 1, 3]|[0, 2, 0, 0, 3, 0, 1, 3, 0, 0, 2, 0, 1, 0, 1, 0, 0, 0, 1, 0, 0, 2, 0, 0, 1, 0, 0, 3, 0, 1, 0, 2, 0, 0, 3, 0, 1, 1, 0, 0, 0, 0, 1, 3, 0, 0, 1, 0, 2, 0, 0, 0, 0, 0, 1, 0, 1, 0, 1, 1, 0, 2, 0, 0, 0, 0, 0, 0, 0, 2, 0, 0, 1, 0, 0, 1, 0, 0, 3, 0, 0, 1, 0, 0, 0, 2, 0, 0, 3, 1, 0, 0, 2, 1, 3, 1, 0, 0, 0, 0],914.0597544875216,49177.57411962909,107642.75205892837,false
41,G3_TWC,G1_CMAX,[31, 22, 82, 15, 26, 99, 95, 42, 77, 12, 47, 5, 93, 78, 86, 54, 21, 63, 18, 44, 20, 35, 43, 97, 91, 76, 10, 30, 85, 45, 71, 64, 1, 23, 17, 83, 24, 14, 60, 36, 6, 57, 40, 88, 65, 56, 79, 94, 67, 68, 46, 75, 38, 9, 19, 32, 41, 81, 27, 87, 90, 62, 59, 11, 16, 72, 73, 70, 39, 37, 84, 3, 7, 25, 55, 48, 28, 29, 51, 92, 33, 61, 98, 58, 89, 50, 66, 96, 53, 80, 4, 8, 34, 2, 52, 49, 13, 0, 69, 74]|[1, 1, 0, 1, 1, 0, 1, 1, 2, 1, 2, 2, 2, 1, 1, 0, 0, 1, 0, 2, 2, 0, 1, 2, 0, 1, 2, 2, 0, 0, 1, 2, 1, 2, 1, 0, 2, 0, 1, 1, 0, 1, 1, 1, 0, 2, 1, 1, 0, 0, 0, 0, 1, 1, 2, 1, 0, 2, 0, 2, 1, 0, 1, 2, 1, 2, 1, 1, 1, 1, 1, 1, 2, 1, 2, 0, 0, 0, 0, 0, 2, 1, 2, 0, 1, 0, 2, 2, 0, 0, 1, 1, 2, 0, 1, 0, 0, 0, 1, 2]|[4, 3, 2, 2, 4, 1, 2, 3, 2, 4, 1, 1, 2, 4, 4, 1, 1, 4, 2, 1, 1, 1, 1, 2, 1, 2, 1, 1, 2, 1, 3, 2, 3, 1, 4, 0, 1, 1, 0, 3, 2, 2, 2, 0, 1, 1, 0, 4, 0, 1, 2, 2, 1, 4, 0, 3, 1, 1, 1, 1, 3, 2, 1, 1, 3, 0, 4, 3, 1, 4, 1, 1, 1, 4, 1, 1, 2, 1, 1, 0, 1, 3, 1, 1, 1, 1, 1, 1, 2, 1, 4, 3, 1, 2, 1, 1, 2, 2, 4, 1]|[0, 2, 1, 1, 3, 0, 1, 3, 0, 0, 0, 0, 1, 0, 1, 0, 0, 3, 1, 0, 0, 0, 3, 1, 0, 2, 0, 0, 0, 1, 0, 0, 0, 0, 3, 0, 1, 0, 0, 2, 1, 1, 1, 0, 0, 0, 0, 2, 1, 0, 0, 0, 1, 3, 0, 0, 0, 0, 0, 0, 2, 1, 1, 0, 2, 1, 0, 0, 1, 1, 3, 1, 0, 3, 0, 0, 1, 0, 0, 1, 0, 0, 0, 0, 1, 0, 0, 0, 1, 0, 0, 2, 0, 0, 1, 1, 0, 0, 2, 0],733.6437548344954,55990.52367369108,93177.64910863033,true
41,G1_CMAX,G4_BALANCED,[31, 22, 82, 15, 26, 58, 95, 42, 77, 12, 47, 5, 93, 78, 86, 54, 85, 63, 18, 44, 20, 35, 43, 97, 66, 76, 79, 30, 21, 45, 71, 64, 1, 23, 17, 83, 24, 14, 60, 36, 6, 57, 40, 88, 65, 56, 10, 94, 67, 68, 46, 75, 38, 9, 19, 32, 41, 81, 27, 62, 87, 90, 99, 59, 11, 16, 72, 73, 69, 39, 37, 84, 3, 92, 25, 55, 29, 28, 51, 7, 33, 61, 48, 98, 89, 8, 4, 96, 53, 80, 50, 91, 34, 2, 52, 0, 49, 70, 13, 74]|[1, 1, 0, 1, 1, 0, 1, 2, 2, 1, 2, 2, 2, 1, 1, 0, 0, 1, 0, 2, 2, 0, 1, 2, 2, 1, 2, 2, 0, 0, 1, 2, 1, 2, 1, 0, 2, 0, 1, 1, 0, 1, 1, 1, 0, 2, 2, 1, 0, 0, 0, 0, 1, 1, 2, 1, 0, 2, 0, 0, 2, 1, 0, 1, 2, 1, 2, 1, 1, 1, 1, 1, 1, 0, 1, 2, 0, 0, 0, 1, 2, 1, 0, 2, 1, 1, 1, 2, 0, 0, 0, 0, 2, 0, 1, 0, 0, 1, 0, 2]|[4, 3, 2, 2, 4, 1, 2, 2, 2, 4, 1, 1, 2, 4, 4, 1, 2, 4, 2, 1, 1, 1, 1, 2, 1, 2, 1, 1, 1, 1, 3, 1, 3, 1, 4, 0, 1, 1, 0, 3, 2, 2, 2, 0, 1, 1, 1, 4, 0, 1, 2, 2, 1, 4, 0, 3, 1, 1, 1, 2, 1, 3, 1, 1, 1, 3, 0, 4, 4, 1, 4, 1, 1, 0, 4, 1, 1, 2, 1, 1, 1, 3, 1, 1, 1, 3, 4, 1, 2, 1, 1, 1, 1, 2, 1, 2, 1, 3, 2, 1]|[0, 2, 1, 1, 3, 0, 1, 0, 0, 0, 0, 0, 1, 0, 1, 0, 0, 3, 1, 0, 0, 0, 3, 1, 0, 2, 0, 0, 0, 0, 0, 0, 0, 0, 3, 0, 1, 0, 0, 2, 1, 1, 1, 0, 0, 0, 0, 2, 1, 0, 0, 0, 1, 3, 0, 0, 0, 0, 0, 1, 0, 2, 0, 1, 0, 2, 1, 0, 2, 1, 1, 3, 1, 1, 3, 0, 0, 1, 0, 2, 0, 0, 0, 0, 1, 2, 0, 0, 1, 0, 0, 0, 0, 0, 1, 0, 1, 0, 0, 0],777.436160111927,55378.96358309585,98756.68483674081,true
41,G4_BALANCED,G3_TWC,[31, 22, 82, 15, 26, 58, 95, 42, 77, 12, 47, 5, 93, 78, 98, 54, 85, 63, 18, 44, 20, 35, 43, 97, 91, 76, 10, 30, 21, 45, 71, 64, 1, 23, 17, 83, 24, 14, 60, 36, 6, 57, 94, 88, 65, 56, 79, 40, 67, 68, 46, 75, 38, 9, 19, 32, 81, 41, 27, 62, 87, 90, 99, 59, 28, 16, 72, 73, 70, 39, 37, 84, 3, 92, 25, 55, 11, 29, 51, 7, 33, 61, 86, 66, 89, 50, 69, 96, 53, 80, 4, 8, 48, 49, 52, 2, 13, 0, 34, 74]|[1, 1, 0, 1, 1, 1, 2, 1, 2, 1, 2, 2, 2, 1, 1, 0, 0, 1, 0, 2, 2, 0, 1, 2, 0, 1, 2, 2, 0, 0, 1, 2, 1, 2, 1, 0, 2, 0, 1, 1, 0, 1, 1, 1, 0, 2, 1, 1, 0, 0, 0, 0, 1, 1, 2, 1, 2, 0, 0, 0, 2, 1, 0, 1, 0, 1, 2, 1, 1, 1, 1, 1, 2, 0, 1, 1, 2, 0, 0, 1, 2, 1, 0, 2, 1, 0, 1, 2, 0, 0, 0, 1, 0, 0, 1, 0, 0, 0, 2, 2]|[4, 3, 2, 2, 0, 0, 2, 2, 2, 4, 1, 1, 2, 4, 4, 1, 1, 4, 2, 1, 1, 1, 1, 2, 1, 2, 1, 1, 1, 1, 3, 2, 3, 1, 4, 0, 1, 1, 0, 3, 2, 2, 4, 0, 1, 1, 0, 2, 0, 1, 2, 2, 1, 4, 0, 3, 2, 1, 1, 2, 1, 3, 1, 1, 2, 3, 0, 4, 3, 1, 4, 1, 1, 2, 4, 4, 1, 1, 1, 3, 1, 3, 1, 1, 1, 1, 3, 1, 2, 1, 2, 3, 1, 1, 1, 2, 2, 2, 1, 1]|[0, 2, 1, 1, 3, 3, 0, 1, 0, 0, 0, 0, 1, 0, 1, 0, 0, 3, 1, 0, 0, 0, 3, 1, 0, 2, 0, 0, 0, 1, 0, 0, 0, 0, 3, 0, 1, 0, 0, 2, 1, 1, 2, 0, 0, 0, 0, 1, 1, 0, 0, 0, 1, 3, 0, 0, 1, 0, 0, 1, 0, 2, 0, 1, 1, 2, 1, 0, 0, 1, 1, 3, 0, 1, 3, 3, 0, 0, 0, 2, 0, 0, 0, 0, 1, 0, 0, 0, 1, 0, 1, 2, 0, 1, 1, 0, 0, 0, 0, 0],773.8652057064894,57546.26278780162,90319.60996198257,true
41,G2_TEC,G2_TEC,[31, 22, 82, 15, 26, 9, 95, 42, 77, 68, 47, 5, 93, 78, 86, 54, 85, 63, 18, 44, 20, 49, 36, 14, 74, 50, 53, 17, 21, 28, 11, 64, 3, 23, 30, 83, 24, 41, 40, 52, 65, 27, 90, 70, 39, 87, 48, 69, 99, 4, 46, 1, 13, 58, 97, 59, 45, 8, 73, 37, 35, 79, 71, 66, 76, 32, 60, 80, 56, 6, 67, 61, 33, 7, 57, 34, 12, 16, 10, 98, 96, 88, 2, 75, 91, 43, 84, 92, 29, 19, 51, 55, 81, 89, 25, 72, 94, 38, 0, 62]|[2, 1, 2, 1, 1, 2, 1, 1, 1, 1, 1, 0, 2, 2, 1, 2, 0, 0, 0, 2, 2, 1, 0, 2, 0, 2, 2, 1, 0, 1, 1, 1, 0, 0, 1, 0, 2, 1, 2, 2, 0, 0, 1, 1, 0, 2, 0, 2, 1, 0, 0, 2, 0, 0, 2, 0, 1, 1, 0, 0, 2, 1, 1, 2, 2, 0, 2, 2, 2, 1, 2, 1, 1, 2, 0, 1, 1, 2, 1, 2, 0, 1, 0, 0, 1, 1, 0, 0, 1, 1, 1, 0, 1, 1, 1, 1, 2, 0, 2, 1]|[0, 3, 0, 3, 4, 1, 4, 4, 2, 4, 3, 2, 1, 0, 2, 1, 1, 1, 2, 1, 1, 3, 0, 1, 0, 1, 1, 4, 1, 4, 3, 2, 2, 0, 4, 1, 1, 4, 1, 1, 2, 1, 4, 4, 1, 1, 0, 2, 3, 2, 2, 1, 2, 1, 1, 2, 4, 3, 0, 2, 1, 3, 3, 1, 1, 2, 1, 1, 1, 4, 1, 3, 4, 1, 2, 4, 3, 1, 3, 1, 2, 4, 2, 2, 3, 4, 2, 2, 3, 4, 3, 2, 4, 4, 4, 4, 1, 2, 1, 3]|[0, 2, 0, 0, 3, 0, 1, 3, 0, 0, 2, 0, 1, 0, 1, 0, 0, 0, 1, 0, 0, 2, 0, 0, 1, 0, 0, 3, 0, 1, 0, 2, 0, 0, 3, 0, 1, 1, 0, 0, 0, 0, 1, 3, 0, 0, 1, 0, 2, 0, 0, 0, 0, 0, 1, 0, 1, 0, 1, 1, 0, 2, 0, 0, 0, 0, 0, 0, 0, 2, 0, 0, 1, 0, 0, 1, 0, 0, 3, 0, 0, 1, 0, 0, 0, 2, 0, 0, 3, 1, 0, 0, 2, 1, 3, 1, 0, 0, 0, 0],914.0597544875216,49177.57411962909,107642.75205892837,false
41,G3_TWC,G1_CMAX,[31, 22, 82, 15, 26, 99, 95, 42, 77, 12, 47, 5, 93, 78, 86, 54, 21, 63, 18, 44, 20, 35, 43, 97, 91, 76, 10, 30, 85, 45, 71, 64, 1, 23, 17, 83, 24, 14, 60, 36, 6, 57, 40, 88, 65, 56, 79, 94, 67, 68, 46, 75, 38, 9, 19, 32, 41, 81, 27, 87, 90, 62, 59, 11, 16, 72, 73, 70, 39, 37, 84, 3, 7, 25, 55, 48, 28, 29, 51, 92, 33, 61, 98, 58, 89, 50, 66, 96, 53, 80, 4, 8, 34, 2, 52, 49, 13, 0, 69, 74]|[1, 1, 0, 1, 1, 0, 1, 1, 2, 1, 2, 2, 2, 1, 1, 0, 0, 1, 0, 2, 2, 0, 1, 2, 0, 1, 2, 2, 0, 0, 1, 2, 1, 2, 1, 0, 2, 0, 1, 1, 0, 1, 1, 1, 0, 2, 1, 1, 0, 0, 0, 0, 1, 1, 2, 1, 0, 2, 0, 2, 1, 0, 1, 2, 1, 2, 1, 1, 1, 1, 1, 1, 2, 1, 2, 0, 0, 0, 0, 0, 2, 1, 2, 0, 1, 0, 2, 2, 0, 0, 1, 1, 2, 0, 1, 0, 0, 0, 1, 2]|[4, 3, 2, 2, 4, 1, 2, 3, 2, 4, 1, 1, 2, 4, 4, 1, 1, 4, 2, 1, 1, 1, 1, 2, 1, 2, 1, 1, 2, 1, 3, 2, 3, 1, 4, 0, 1, 1, 0, 3, 2, 2, 2, 0, 1, 1, 0, 4, 0, 1, 2, 2, 1, 4, 0, 3, 1, 1, 1, 1, 3, 2, 1, 1, 3, 0, 4, 3, 1, 4, 1, 1, 1, 4, 1, 1, 2, 1, 1, 0, 1, 3, 1, 1, 1, 1, 1, 1, 2, 1, 4, 3, 1, 2, 1, 1, 2, 2, 4, 1]|[0, 2, 1, 1, 3, 0, 1, 3, 0, 0, 0, 0, 1, 0, 1, 0, 0, 3, 1, 0, 0, 0, 3, 1, 0, 2, 0, 0, 0, 1, 0, 0, 0, 0, 3, 0, 1, 0, 0, 2, 1, 1, 1, 0, 0, 0, 0, 2, 1, 0, 0, 0, 1, 3, 0, 0, 0, 0, 0, 0, 2, 1, 1, 0, 2, 1, 0, 0, 1, 1, 3, 1, 0, 3, 0, 0, 1, 0, 0, 1, 0, 0, 0, 0, 1, 0, 0, 0, 1, 0, 0, 2, 0, 0, 1, 1, 0, 0, 2, 0],733.6437548344954,55990.52367369108,93177.64910863033,true
41,G1_CMAX,G3_TWC,[31, 22, 82, 15, 26, 58, 95, 27, 77, 12, 47, 59, 93, 78, 98, 54, 85, 63, 18, 44, 20, 35, 43, 97, 91, 76, 10, 30, 21, 45, 71, 64, 1, 23, 17, 83, 24, 14, 60, 36, 6, 57, 94, 88, 65, 56, 79, 40, 67, 68, 46, 75, 38, 9, 19, 32, 81, 41, 42, 62, 87, 90, 99, 5, 11, 16, 72, 73, 70, 39, 37, 84, 3, 92, 25, 55, 28, 29, 51, 7, 33, 61, 86, 48, 89, 50, 66, 80, 53, 96, 4, 8, 34, 49, 52, 0, 13, 2, 69, 74]|[1, 1, 0, 1, 1, 1, 2, 1, 2, 1, 2, 2, 2, 1, 1, 0, 0, 1, 0, 2, 2, 0, 1, 2, 0, 1, 2, 2, 0, 0, 1, 2, 1, 2, 1, 0, 2, 0, 1, 1, 0, 1, 1, 1, 0, 2, 1, 1, 0, 0, 0, 0, 1, 1, 2, 1, 2, 0, 0, 0, 2, 1, 0, 1, 2, 1, 2, 1, 1, 1, 1, 1, 2, 0, 1, 1, 0, 0, 0, 1, 2, 1, 0, 0, 1, 0, 2, 0, 0, 0, 0, 1, 2, 0, 1, 0, 0, 0, 1, 2]|[4, 3, 2, 2, 0, 0, 2, 2, 2, 4, 1, 1, 2, 4, 4, 1, 2, 4, 2, 1, 1, 1, 1, 2, 1, 2, 1, 1, 1, 1, 3, 2, 3, 0, 4, 0, 1, 1, 0, 3, 2, 2, 4, 0, 1, 1, 0, 2, 0, 1, 2, 2, 1, 4, 0, 3, 2, 1, 1, 2, 1, 3, 1, 1, 1, 3, 0, 4, 3, 1, 4, 1, 1, 2, 4, 4, 2, 1, 1, 3, 1, 3, 1, 1, 1, 1, 1, 1, 2, 1, 2, 3, 1, 1, 1, 2, 2, 2, 3, 1]|[0, 2, 1, 1, 3, 3, 0, 1, 0, 0, 0, 0, 1, 0, 1, 0, 0, 3, 1, 0, 0, 0, 3, 1, 0, 2, 0, 0, 0, 1, 0, 0, 0, 0, 3, 0, 1, 0, 0, 2, 1, 1, 2, 0, 0, 0, 0, 1, 1, 0, 0, 0, 1, 3, 0, 0, 1, 0, 0, 1, 0, 2, 0, 1, 0, 2, 1, 0, 0, 1, 1, 3, 0, 1, 3, 3, 1, 0, 0, 2, 0, 0, 0, 0, 1, 0, 0, 0, 1, 0, 1, 2, 0, 1, 1, 0, 0, 0, 0, 0],815.9774317631425,57381.874141182736,89713.19077169514,true
41,G4_BALANCED,G1_CMAX,[31, 22, 82, 15, 26, 99, 95, 42, 77, 12, 47, 5, 93, 78, 86, 54, 85, 63, 18, 44, 20, 35, 43, 97, 91, 76, 10, 30, 21, 45, 71, 64, 1, 23, 17, 83, 24, 14, 60, 36, 6, 57, 40, 88, 65, 56, 79, 94, 67, 68, 46, 75, 38, 9, 19, 32, 81, 41, 27, 87, 62, 58, 59, 11, 16, 72, 73, 70, 39, 37, 84, 3, 92, 25, 55, 48, 90, 29, 51, 96, 33, 61, 98, 28, 7, 50, 4, 89, 53, 13, 8, 66, 34, 49, 52, 0, 74, 69, 2, 80]|[1, 1, 0, 1, 1, 0, 1, 1, 2, 1, 2, 2, 2, 1, 1, 0, 0, 1, 0, 2, 2, 0, 1, 2, 0, 1, 2, 2, 0, 0, 1, 2, 1, 2, 1, 0, 2, 0, 1, 1, 0, 1, 1, 1, 0, 2, 1, 1, 0, 0, 0, 0, 1, 1, 2, 1, 2, 2, 0, 2, 1, 0, 1, 2, 1, 2, 1, 1, 1, 1, 1, 1, 0, 1, 2, 0, 1, 0, 0, 2, 2, 1, 2, 0, 2, 0, 1, 1, 0, 0, 1, 2, 2, 0, 1, 0, 2, 1, 0, 0]|[4, 3, 2, 2, 4, 1, 2, 3, 2, 4, 1, 1, 2, 4, 4, 1, 2, 4, 2, 1, 1, 1, 1, 2, 1, 2, 1, 1, 2, 1, 3, 2, 3, 1, 4, 0, 1, 1, 0, 3, 2, 2, 2, 0, 1, 1, 0, 4, 0, 1, 2, 2, 1, 4, 0, 3, 1, 1, 1, 1, 3, 1, 1, 1, 3, 0, 4, 3, 1, 4, 1, 1, 0, 4, 1, 1, 3, 1, 1, 1, 1, 3, 1, 2, 1, 1, 4, 1, 2, 2, 3, 1, 1, 1, 1, 2, 1, 4, 2, 1]|[0, 2, 1, 1, 3, 0, 1, 3, 0, 0, 0, 0, 1, 0, 1, 0, 0, 3, 1, 0, 0, 0, 3, 1, 0, 2, 0, 0, 0, 1, 0, 0, 0, 0, 3, 0, 1, 0, 0, 2, 1, 1, 1, 0, 0, 0, 0, 2, 1, 0, 0, 0, 1, 3, 0, 0, 0, 0, 0, 0, 2, 0, 1, 0, 2, 1, 0, 0, 1, 1, 3, 1, 1, 3, 0, 0, 2, 0, 0, 0, 0, 0, 0, 1, 0, 0, 0, 1, 1, 0, 2, 0, 0, 1, 1, 0, 0, 2, 0, 0],759.8298578266035,55619.9918721624,94856.27633352597,true
41,G2_TEC,G2_TEC,[31, 22, 82, 15, 26, 9, 95, 42, 77, 68, 47, 5, 93, 78, 86, 54, 85, 63, 18, 44, 20, 49, 36, 14, 74, 50, 53, 17, 21, 28, 11, 64, 3, 23, 30, 83, 24, 41, 40, 52, 65, 27, 90, 70, 39, 87, 48, 69, 99, 4, 46, 1, 13, 58, 97, 59, 45, 8, 73, 37, 35, 79, 71, 66, 76, 32, 60, 80, 56, 6, 67, 61, 33, 7, 57, 34, 12, 16, 10, 98, 96, 88, 2, 75, 91, 43, 84, 92, 29, 19, 51, 55, 81, 89, 25, 72, 94, 38, 0, 62]|[2, 1, 2, 1, 1, 2, 1, 1, 1, 1, 1, 0, 2, 2, 1, 2, 0, 0, 0, 2, 2, 1, 0, 2, 0, 2, 2, 1, 0, 1, 1, 1, 0, 0, 1, 0, 2, 1, 2, 2, 0, 0, 1, 1, 0, 2, 0, 2, 1, 0, 0, 2, 0, 0, 2, 0, 1, 1, 0, 0, 2, 1, 1, 2, 2, 0, 2, 2, 2, 1, 2, 1, 1, 2, 0, 1, 1, 2, 1, 2, 0, 1, 0, 0, 1, 1, 0, 0, 1, 1, 1, 0, 1, 1, 1, 1, 2, 0, 2, 1]|[0, 3, 0, 3, 4, 1, 4, 4, 2, 4, 3, 2, 1, 0, 2, 1, 1, 1, 2, 1, 1, 3, 0, 1, 0, 1, 1, 4, 1, 4, 3, 2, 2, 0, 4, 1, 1, 4, 1, 1, 2, 1, 4, 4, 1, 1, 0, 2, 3, 2, 2, 1, 2, 1, 1, 2, 4, 3, 0, 2, 1, 3, 3, 1, 1, 2, 1, 1, 1, 4, 1, 3, 4, 1, 2, 4, 3, 1, 3, 1, 2, 4, 2, 2, 3, 4, 2, 2, 3, 4, 3, 2, 4, 4, 4, 4, 1, 2, 1, 3]|[0, 2, 0, 0, 3, 0, 1, 3, 0, 0, 2, 0, 1, 0, 1, 0, 0, 0, 1, 0, 0, 2, 0, 0, 1, 0, 0, 3, 0, 1, 0, 2, 0, 0, 3, 0, 1, 1, 0, 0, 0, 0, 1, 3, 0, 0, 1, 0, 2, 0, 0, 0, 0, 0, 1, 0, 1, 0, 1, 1, 0, 2, 0, 0, 0, 0, 0, 0, 0, 2, 0, 0, 1, 0, 0, 1, 0, 0, 3, 0, 0, 1, 0, 0, 0, 2, 0, 0, 3, 1, 0, 0, 2, 1, 3, 1, 0, 0, 0, 0],914.0597544875216,49177.57411962909,107642.75205892837,false
41,G3_TWC,G1_CMAX,[31, 22, 82, 15, 26, 99, 95, 42, 77, 12, 47, 5, 93, 78, 86, 54, 21, 63, 18, 44, 20, 35, 43, 97, 91, 76, 10, 30, 85, 45, 71, 64, 1, 23, 17, 83, 24, 14, 60, 36, 6, 57, 40, 88, 65, 56, 79, 94, 67, 68, 46, 75, 38, 9, 19, 32, 41, 81, 27, 87, 90, 62, 59, 11, 16, 72, 73, 70, 39, 37, 84, 3, 7, 25, 55, 48, 28, 29, 51, 92, 33, 61, 98, 58, 89, 50, 66, 96, 53, 80, 4, 8, 34, 2, 52, 49, 13, 0, 69, 74]|[1, 1, 0, 1, 1, 0, 1, 1, 2, 1, 2, 2, 2, 1, 1, 0, 0, 1, 0, 2, 2, 0, 1, 2, 0, 1, 2, 2, 0, 0, 1, 2, 1, 2, 1, 0, 2, 0, 1, 1, 0, 1, 1, 1, 0, 2, 1, 1, 0, 0, 0, 0, 1, 1, 2, 1, 0, 2, 0, 2, 1, 0, 1, 2, 1, 2, 1, 1, 1, 1, 1, 1, 2, 1, 2, 0, 0, 0, 0, 0, 2, 1, 2, 0, 1, 0, 2, 2, 0, 0, 1, 1, 2, 0, 1, 0, 0, 0, 1, 2]|[4, 3, 2, 2, 4, 1, 2, 3, 2, 4, 1, 1, 2, 4, 4, 1, 1, 4, 2, 1, 1, 1, 1, 2, 1, 2, 1, 1, 2, 1, 3, 2, 3, 1, 4, 0, 1, 1, 0, 3, 2, 2, 2, 0, 1, 1, 0, 4, 0, 1, 2, 2, 1, 4, 0, 3, 1, 1, 1, 1, 3, 2, 1, 1, 3, 0, 4, 3, 1, 4, 1, 1, 1, 4, 1, 1, 2, 1, 1, 0, 1, 3, 1, 1, 1, 1, 1, 1, 2, 1, 4, 3, 1, 2, 1, 1, 2, 2, 4, 1]|[0, 2, 1, 1, 3, 0, 1, 3, 0, 0, 0, 0, 1, 0, 1, 0, 0, 3, 1, 0, 0, 0, 3, 1, 0, 2, 0, 0, 0, 1, 0, 0, 0, 0, 3, 0, 1, 0, 0, 2, 1, 1, 1, 0, 0, 0, 0, 2, 1, 0, 0, 0, 1, 3, 0, 0, 0, 0, 0, 0, 2, 1, 1, 0, 2, 1, 0, 0, 1, 1, 3, 1, 0, 3, 0, 0, 1, 0, 0, 1, 0, 0, 0, 0, 1, 0, 0, 0, 1, 0, 0, 2, 0, 0, 1, 1, 0, 0, 2, 0],733.6437548344954,55990.52367369108,93177.64910863033,true
41,G1_CMAX,G4_BALANCED,[31, 39, 15, 26, 38, 9, 95, 32, 77, 68, 47, 5, 93, 78, 86, 54, 85, 63, 18, 44, 20, 49, 36, 14, 74, 50, 53, 17, 21, 45, 71, 64, 3, 23, 30, 83, 24, 41, 60, 52, 65, 27, 90, 70, 11, 87, 48, 69, 99, 4, 46, 1, 13, 58, 97, 59, 28, 8, 73, 37, 35, 79, 22, 66, 76, 42, 40, 80, 96, 6, 16, 61, 33, 7, 57, 34, 12, 67, 10, 98, 56, 88, 29, 25, 91, 82, 19, 92, 43, 84, 51, 72, 81, 75, 2, 55, 94, 89, 62, 0]|[2, 1, 1, 1, 2, 2, 1, 1, 1, 1, 1, 0, 2, 2, 1, 2, 0, 0, 0, 2, 2, 1, 0, 2, 0, 2, 2, 1, 0, 1, 1, 1, 0, 0, 1, 0, 2, 1, 2, 2, 0, 0, 1, 1, 0, 2, 0, 2, 1, 0, 0, 2, 0, 0, 2, 0, 1, 1, 0, 0, 2, 1, 0, 2, 2, 0, 2, 2, 0, 1, 2, 1, 1, 2, 0, 1, 1, 1, 1, 2, 2, 1, 1, 1, 1, 0, 1, 0, 1, 0, 1, 1, 1, 0, 2, 0, 2, 1, 1, 0]|[1, 3, 2, 4, 0, 1, 4, 4, 2, 4, 3, 2, 1, 0, 2, 1, 1, 1, 2, 1, 1, 3, 0, 1, 0, 1, 1, 4, 1, 4, 3, 2, 2, 0, 4, 1, 1, 4, 0, 1, 2, 1, 4, 4, 1, 1, 0, 2, 3, 1, 2, 1, 2, 1, 1, 2, 4, 3, 0, 2, 2, 3, 1, 0, 1, 2, 0, 1, 2, 4, 1, 3, 4, 1, 2, 4, 3, 3, 3, 1, 1, 4, 3, 4, 3, 2, 4, 2, 4, 2, 3, 4, 1, 2, 1, 2, 1, 4, 3, 2]|[1, 2, 1, 3, 0, 0, 1, 3, 0, 0, 2, 0, 1, 0, 1, 0, 0, 0, 1, 0, 0, 2, 0, 0, 1, 0, 0, 3, 0, 1, 0, 2, 0, 1, 3, 0, 1, 3, 1, 0, 0, 0, 1, 3, 0, 0, 1, 0, 2, 0, 0, 0, 0, 0, 1, 0, 1, 0, 1, 1, 0, 2, 0, 0, 0, 0, 0, 0, 0, 2, 0, 0, 1, 0, 0, 1, 0, 0, 3, 0, 0, 1, 0, 3, 0, 0, 3, 0, 2, 0, 0, 2, 1, 0, 0, 0, 0, 1, 0, 0],848.0780139391719,52006.99200158515,106865.37488045245,true
41,G4_BALANCED,G1_CMAX,[31, 11, 82, 15, 26, 58, 95, 42, 77, 12, 47, 5, 93, 78, 86, 54, 85, 63, 18, 44, 20, 35, 43, 97, 91, 76, 10, 30, 21, 45, 71, 64, 1, 23, 17, 83, 24, 14, 60, 36, 6, 57, 40, 88, 65, 56, 79, 94, 67, 68, 46, 75, 38, 9, 19, 32, 22, 81, 27, 87, 90, 99, 59, 62, 41, 16, 73, 70, 39, 37, 84, 3, 72, 92, 25, 34, 29, 55, 51, 7, 33, 61, 96, 48, 89, 50, 8, 98, 53, 80, 4, 66, 28, 49, 52, 0, 13, 2, 69, 74]|[1, 1, 0, 1, 1, 0, 1, 2, 2, 1, 2, 2, 2, 1, 1, 0, 0, 1, 0, 2, 2, 0, 1, 2, 0, 1, 2, 2, 0, 0, 1, 2, 1, 2, 1, 0, 2, 0, 1, 1, 0, 1, 1, 1, 0, 2, 1, 1, 0, 0, 0, 0, 1, 1, 2, 1, 0, 2, 0, 2, 1, 0, 1, 2, 2, 1, 1, 1, 1, 1, 1, 1, 2, 0, 1, 2, 0, 1, 0, 1, 2, 1, 2, 0, 1, 0, 1, 2, 0, 0, 1, 2, 0, 0, 1, 0, 0, 0, 1, 2]|[4, 3, 2, 2, 4, 1, 2, 2, 2, 4, 1, 1, 2, 4, 4, 1, 2, 4, 2, 1, 1, 1, 1, 2, 1, 2, 1, 1, 2, 1, 3, 2, 3, 1, 4, 0, 1, 1, 1, 3, 2, 2, 2, 0, 1, 1, 0, 4, 0, 1, 2, 2, 1, 4, 0, 3, 1, 2, 1, 1, 3, 1, 1, 1, 1, 3, 4, 3, 1, 4, 1, 1, 1, 0, 4, 1, 1, 4, 1, 1, 1, 3, 1, 1, 1, 1, 3, 1, 2, 1, 4, 1, 2, 1, 1, 2, 2, 2, 4, 1]|[0, 2, 1, 1, 3, 0, 1, 0, 0, 0, 0, 0, 1, 0, 1, 0, 0, 3, 1, 0, 0, 0, 3, 1, 0, 2, 0, 0, 0, 1, 0, 0, 0, 0, 3, 0, 1, 0, 0, 2, 1, 1, 1, 0, 0, 0, 0, 2, 1, 0, 0, 0, 1, 3, 0, 0, 0, 1, 0, 0, 2, 0, 1, 0, 0, 2, 0, 0, 1, 1, 3, 1, 0, 1, 3, 0, 0, 3, 0, 2, 0, 0, 0, 0, 1, 0, 2, 0, 1, 0, 0, 0, 1, 1, 1, 0, 0, 0, 2, 0],781.468167390965,55385.91204651697,96181.17954732271,true
41,G2_TEC,G2_TEC,[31, 22, 82, 15, 26, 9, 95, 42, 77, 68, 47, 5, 93, 78, 86, 54, 85, 63, 18, 44, 20, 49, 36, 14, 74, 50, 53, 17, 21, 28, 11, 64, 3, 23, 30, 83, 24, 41, 40, 52, 65, 27, 90, 70, 39, 87, 48, 69, 99, 4, 46, 1, 13, 58, 97, 59, 45, 8, 73, 37, 35, 79, 71, 66, 76, 32, 60, 80, 56, 6, 67, 61, 33, 7, 57, 34, 12, 16, 10, 98, 96, 88, 2, 75, 91, 43, 84, 92, 29, 19, 51, 55, 81, 89, 25, 72, 94, 38, 0, 62]|[2, 1, 2, 1, 1, 2, 1, 1, 1, 1, 1, 0, 2, 2, 1, 2, 0, 0, 0, 2, 2, 1, 0, 2, 0, 2, 2, 1, 0, 1, 1, 1, 0, 0, 1, 0, 2, 1, 2, 2, 0, 0, 1, 1, 0, 2, 0, 2, 1, 0, 0, 2, 0, 0, 2, 0, 1, 1, 0, 0, 2, 1, 1, 2, 2, 0, 2, 2, 2, 1, 2, 1, 1, 2, 0, 1, 1, 2, 1, 2, 0, 1, 0, 0, 1, 1, 0, 0, 1, 1, 1, 0, 1, 1, 1, 1, 2, 0, 2, 1]|[0, 3, 0, 3, 4, 1, 4, 4, 2, 4, 3, 2, 1, 0, 2, 1, 1, 1, 2, 1, 1, 3, 0, 1, 0, 1, 1, 4, 1, 4, 3, 2, 2, 0, 4, 1, 1, 4, 1, 1, 2, 1, 4, 4, 1, 1, 0, 2, 3, 2, 2, 1, 2, 1, 1, 2, 4, 3, 0, 2, 1, 3, 3, 1, 1, 2, 1, 1, 1, 4, 1, 3, 4, 1, 2, 4, 3, 1, 3, 1, 2, 4, 2, 2, 3, 4, 2, 2, 3, 4, 3, 2, 4, 4, 4, 4, 1, 2, 1, 3]|[0, 2, 0, 0, 3, 0, 1, 3, 0, 0, 2, 0, 1, 0, 1, 0, 0, 0, 1, 0, 0, 2, 0, 0, 1, 0, 0, 3, 0, 1, 0, 2, 0, 0, 3, 0, 1, 1, 0, 0, 0, 0, 1, 3, 0, 0, 1, 0, 2, 0, 0, 0, 0, 0, 1, 0, 1, 0, 1, 1, 0, 2, 0, 0, 0, 0, 0, 0, 0, 2, 0, 0, 1, 0, 0, 1, 0, 0, 3, 0, 0, 1, 0, 0, 0, 2, 0, 0, 3, 1, 0, 0, 2, 1, 3, 1, 0, 0, 0, 0],914.0597544875216,49177.57411962909,107642.75205892837,false
41,G3_TWC,G1_CMAX,[31, 22, 82, 15, 26, 99, 95, 42, 77, 12, 47, 5, 93, 78, 86, 54, 21, 63, 18, 44, 20, 35, 43, 97, 91, 76, 10, 30, 85, 45, 71, 64, 1, 23, 17, 83, 24, 14, 60, 36, 6, 57, 40, 88, 65, 56, 79, 94, 67, 68, 46, 75, 38, 9, 19, 32, 41, 81, 27, 87, 90, 62, 59, 11, 16, 72, 73, 70, 39, 37, 84, 3, 7, 25, 55, 48, 28, 29, 51, 92, 33, 61, 98, 58, 89, 50, 66, 96, 53, 80, 4, 8, 34, 2, 52, 49, 13, 0, 69, 74]|[1, 1, 0, 1, 1, 0, 1, 1, 2, 1, 2, 2, 2, 1, 1, 0, 0, 1, 0, 2, 2, 0, 1, 2, 0, 1, 2, 2, 0, 0, 1, 2, 1, 2, 1, 0, 2, 0, 1, 1, 0, 1, 1, 1, 0, 2, 1, 1, 0, 0, 0, 0, 1, 1, 2, 1, 0, 2, 0, 2, 1, 0, 1, 2, 1, 2, 1, 1, 1, 1, 1, 1, 2, 1, 2, 0, 0, 0, 0, 0, 2, 1, 2, 0, 1, 0, 2, 2, 0, 0, 1, 1, 2, 0, 1, 0, 0, 0, 1, 2]|[4, 3, 2, 2, 4, 1, 2, 3, 2, 4, 1, 1, 2, 4, 4, 1, 1, 4, 2, 1, 1, 1, 1, 2, 1, 2, 1, 1, 2, 1, 3, 2, 3, 1, 4, 0, 1, 1, 0, 3, 2, 2, 2, 0, 1, 1, 0, 4, 0, 1, 2, 2, 1, 4, 0, 3, 1, 1, 1, 1, 3, 2, 1, 1, 3, 0, 4, 3, 1, 4, 1, 1, 1, 4, 1, 1, 2, 1, 1, 0, 1, 3, 1, 1, 1, 1, 1, 1, 2, 1, 4, 3, 1, 2, 1, 1, 2, 2, 4, 1]|[0, 2, 1, 1, 3, 0, 1, 3, 0, 0, 0, 0, 1, 0, 1, 0, 0, 3, 1, 0, 0, 0, 3, 1, 0, 2, 0, 0, 0, 1, 0, 0, 0, 0, 3, 0, 1, 0, 0, 2, 1, 1, 1, 0, 0, 0, 0, 2, 1, 0, 0, 0, 1, 3, 0, 0, 0, 0, 0, 0, 2, 1, 1, 0, 2, 1, 0, 0, 1, 1, 3, 1, 0, 3, 0, 0, 1, 0, 0, 1, 0, 0, 0, 0, 1, 0, 0, 0, 1, 0, 0, 2, 0, 0, 1, 1, 0, 0, 2, 0],733.6437548344954,55990.52367369108,93177.64910863033,true
41,G1_CMAX,G1_CMAX,[31, 22, 82, 90, 26, 58, 95, 42, 77, 12, 93, 5, 78, 86, 98, 18, 44, 20, 35, 3, 97, 91, 76, 10, 85, 30, 47, 54, 45, 63, 71, 66, 1, 23, 17, 83, 24, 14, 60, 36, 6, 57, 40, 88, 65, 56, 79, 94, 67, 68, 46, 75, 38, 9, 19, 32, 81, 27, 62, 87, 15, 99, 59, 11, 16, 72, 73, 70, 39, 37, 84, 43, 80, 53, 96, 4, 50, 41, 89, 48, 21, 61, 33, 7, 51, 29, 28, 55, 25, 92, 8, 69, 0, 74, 52, 2, 13, 34, 49, 64]|[1, 1, 0, 1, 1, 0, 2, 1, 2, 1, 2, 2, 2, 1, 0, 1, 0, 2, 2, 1, 2, 2, 1, 2, 2, 2, 2, 0, 0, 0, 1, 2, 1, 2, 1, 0, 2, 0, 1, 1, 0, 1, 1, 1, 0, 2, 1, 1, 0, 0, 0, 1, 1, 1, 2, 1, 2, 0, 0, 2, 1, 0, 1, 2, 1, 2, 1, 1, 1, 1, 1, 1, 0, 0, 2, 1, 0, 0, 1, 0, 0, 1, 2, 1, 0, 0, 0, 1, 1, 0, 0, 1, 0, 2, 1, 0, 0, 2, 0, 2]|[3, 0, 2, 3, 0, 1, 1, 2, 2, 4, 1, 1, 0, 4, 1, 4, 2, 1, 1, 1, 2, 2, 2, 1, 1, 1, 2, 1, 1, 2, 3, 2, 3, 1, 4, 0, 1, 1, 0, 3, 2, 2, 4, 0, 1, 1, 0, 4, 0, 1, 2, 3, 1, 4, 0, 3, 2, 1, 2, 1, 2, 1, 1, 1, 3, 0, 4, 3, 1, 4, 1, 1, 1, 2, 1, 4, 1, 1, 1, 1, 1, 3, 1, 1, 1, 1, 2, 4, 4, 2, 2, 3, 2, 1, 1, 2, 2, 1, 1, 1]|[2, 0, 1, 2, 3, 0, 0, 1, 1, 0, 0, 0, 0, 1, 0, 3, 1, 0, 0, 1, 1, 1, 2, 0, 0, 0, 1, 0, 1, 0, 0, 0, 0, 0, 3, 0, 1, 0, 0, 2, 1, 1, 2, 0, 0, 0, 0, 2, 1, 0, 0, 0, 1, 3, 0, 0, 1, 0, 1, 0, 1, 0, 1, 0, 2, 1, 0, 0, 1, 1, 3, 3, 0, 1, 0, 0, 0, 0, 1, 0, 0, 0, 0, 2, 0, 0, 1, 3, 3, 1, 1, 2, 0, 0, 1, 0, 0, 0, 1, 0],706.0425648885516,58640.99257008452,96849.50297129861,false
41,G4_BALANCED,G4_BALANCED,[31, 11, 82, 15, 26, 9, 95, 42, 77, 68, 47, 5, 93, 78, 86, 54, 85, 63, 18, 44, 20, 49, 36, 14, 74, 50, 53, 17, 21, 45, 71, 64, 3, 23, 30, 83, 24, 41, 60, 52, 65, 27, 90, 70, 39, 87, 48, 69, 99, 4, 46, 1, 13, 58, 97, 59, 28, 75, 73, 37, 35, 79, 22, 66, 76, 32, 40, 80, 96, 6, 61, 16, 33, 7, 57, 34, 12, 67, 10, 98, 56, 88, 29, 8, 91, 38, 19, 92, 0, 84, 51, 72, 81, 89, 25, 55, 94, 2, 43, 62]|[2, 1, 2, 1, 1, 2, 1, 1, 1, 1, 1, 0, 2, 2, 1, 2, 0, 0, 0, 2, 2, 1, 0, 2, 0, 2, 2, 1, 0, 1, 1, 1, 0, 0, 1, 0, 2, 1, 2, 2, 0, 0, 1, 1, 0, 2, 0, 2, 1, 0, 0, 2, 0, 0, 2, 0, 1, 1, 0, 0, 2, 1, 0, 1, 2, 0, 2, 2, 0, 1, 1, 2, 1, 2, 0, 1, 1, 1, 1, 2, 2, 1, 1, 0, 1, 0, 1, 0, 0, 0, 1, 1, 1, 1, 1, 0, 2, 2, 1, 1]|[0, 3, 0, 2, 4, 1, 4, 4, 2, 4, 3, 2, 1, 0, 2, 1, 1, 1, 2, 1, 1, 3, 0, 1, 0, 1, 1, 4, 1, 4, 3, 2, 2, 0, 4, 1, 1, 4, 0, 1, 2, 1, 4, 4, 1, 1, 0, 2, 3, 1, 2, 1, 2, 1, 1, 2, 4, 3, 0, 2, 2, 3, 1, 1, 1, 2, 0, 1, 2, 4, 3, 1, 4, 1, 2, 4, 3, 3, 3, 1, 1, 4, 3, 2, 3, 2, 4, 2, 2, 2, 3, 4, 4, 4, 4, 2, 1, 1, 4, 3]|[0, 2, 0, 1, 3, 0, 1, 3, 0, 0, 2, 0, 1, 0, 1, 0, 0, 0, 1, 0, 0, 2, 0, 0, 1, 0, 0, 3, 0, 1, 0, 2, 0, 1, 3, 0, 1, 3, 0, 0, 0, 0, 1, 3, 0, 0, 1, 0, 2, 0, 0, 0, 0, 0, 1, 0, 1, 0, 1, 1, 0, 2, 0, 2, 0, 0, 0, 0, 0, 2, 0, 0, 1, 0, 0, 1, 0, 0, 3, 0, 0, 1, 0, 0, 0, 0, 3, 0, 0, 0, 0, 2, 1, 1, 3, 0, 0, 0, 2, 0],851.3950062933596,51439.941474506384,111583.71672538936,false
41,G2_TEC,G2_TEC,[31, 22, 82, 15, 26, 9, 95, 42, 77, 68, 47, 5, 93, 78, 86, 54, 85, 63, 18, 44, 20, 49, 36, 14, 74, 50, 53, 17, 21, 28, 11, 64, 3, 23, 30, 83, 24, 41, 40, 52, 65, 27, 90, 70, 39, 87, 48, 69, 99, 4, 46, 1, 13, 58, 97, 59, 45, 8, 73, 37, 35, 79, 71, 66, 76, 32, 60, 80, 56, 6, 67, 61, 33, 7, 57, 34, 12, 16, 10, 98, 96, 88, 2, 75, 91, 43, 84, 92, 29, 19, 51, 55, 81, 89, 25, 72, 94, 38, 0, 62]|[2, 1, 2, 1, 1, 2, 1, 1, 1, 1, 1, 0, 2, 2, 1, 2, 0, 0, 0, 2, 2, 1, 0, 2, 0, 2, 2, 1, 0, 1, 1, 1, 0, 0, 1, 0, 2, 1, 2, 2, 0, 0, 1, 1, 0, 2, 0, 2, 1, 0, 0, 2, 0, 0, 2, 0, 1, 1, 0, 0, 2, 1, 1, 2, 2, 0, 2, 2, 2, 1, 2, 1, 1, 2, 0, 1, 1, 2, 1, 2, 0, 1, 0, 0, 1, 1, 0, 0, 1, 1, 1, 0, 1, 1, 1, 1, 2, 0, 2, 1]|[0, 3, 0, 3, 4, 1, 4, 4, 2, 4, 3, 2, 1, 0, 2, 1, 1, 1, 2, 1, 1, 3, 0, 1, 0, 1, 1, 4, 1, 4, 3, 2, 2, 0, 4, 1, 1, 4, 1, 1, 2, 1, 4, 4, 1, 1, 0, 2, 3, 2, 2, 1, 2, 1, 1, 2, 4, 3, 0, 2, 1, 3, 3, 1, 1, 2, 1, 1, 1, 4, 1, 3, 4, 1, 2, 4, 3, 1, 3, 1, 2, 4, 2, 2, 3, 4, 2, 2, 3, 4, 3, 2, 4, 4, 4, 4, 1, 2, 1, 3]|[0, 2, 0, 0, 3, 0, 1, 3, 0, 0, 2, 0, 1, 0, 1, 0, 0, 0, 1, 0, 0, 2, 0, 0, 1, 0, 0, 3, 0, 1, 0, 2, 0, 0, 3, 0, 1, 1, 0, 0, 0, 0, 1, 3, 0, 0, 1, 0, 2, 0, 0, 0, 0, 0, 1, 0, 1, 0, 1, 1, 0, 2, 0, 0, 0, 0, 0, 0, 0, 2, 0, 0, 1, 0, 0, 1, 0, 0, 3, 0, 0, 1, 0, 0, 0, 2, 0, 0, 3, 1, 0, 0, 2, 1, 3, 1, 0, 0, 0, 0],914.0597544875216,49177.57411962909,107642.75205892837,false
41,G3_TWC,G1_CMAX,[31, 22, 82, 15, 26, 58, 95, 42, 77, 12, 47, 5, 93, 78, 98, 54, 85, 63, 18, 44, 20, 35, 43, 97, 91, 76, 10, 30, 21, 45, 71, 64, 1, 23, 17, 83, 24, 14, 60, 36, 6, 57, 94, 88, 65, 56, 79, 40, 67, 68, 46, 75, 38, 9, 19, 32, 81, 96, 27, 62, 87, 90, 99, 59, 11, 16, 72, 73, 70, 39, 37, 84, 3, 92, 25, 55, 28, 29, 51, 7, 33, 61, 86, 48, 89, 34, 69, 41, 53, 80, 8, 66, 50, 49, 52, 0, 13, 2, 4, 74]|[1, 1, 0, 1, 1, 1, 2, 1, 2, 1, 2, 2, 2, 1, 1, 0, 0, 1, 0, 2, 2, 0, 1, 2, 0, 1, 2, 2, 0, 0, 1, 2, 1, 2, 1, 0, 2, 0, 1, 1, 0, 1, 1, 1, 0, 2, 1, 1, 0, 0, 0, 0, 1, 1, 2, 1, 2, 2, 0, 0, 2, 1, 0, 1, 2, 1, 2, 1, 1, 1, 1, 1, 2, 0, 1, 1, 0, 0, 0, 1, 2, 1, 0, 0, 1, 2, 1, 2, 0, 0, 1, 2, 0, 0, 1, 0, 0, 0, 1, 2]|[4, 3, 2, 2, 0, 0, 2, 2, 2, 4, 1, 1, 2, 4, 4, 1, 2, 4, 2, 1, 1, 1, 1, 2, 1, 2, 1, 1, 1, 1, 3, 2, 3, 0, 4, 0, 1, 1, 0, 3, 2, 2, 4, 0, 1, 1, 0, 2, 0, 1, 2, 2, 1, 4, 0, 3, 2, 1, 1, 2, 1, 3, 1, 1, 1, 3, 0, 4, 3, 1, 4, 1, 1, 2, 4, 4, 2, 1, 1, 3, 1, 3, 1, 1, 1, 1, 3, 1, 2, 1, 3, 1, 1, 1, 1, 2, 2, 2, 4, 1]|[0, 2, 1, 1, 3, 3, 0, 1, 0, 0, 0, 0, 1, 0, 1, 0, 0, 3, 1, 0, 0, 0, 3, 1, 0, 2, 0, 0, 0, 1, 0, 0, 0, 0, 3, 0, 1, 0, 0, 2, 1, 1, 2, 0, 0, 0, 0, 1, 1, 0, 0, 0, 1, 3, 0, 0, 1, 0, 0, 1, 0, 2, 0, 1, 0, 2, 1, 0, 0, 1, 1, 3, 0, 1, 3, 3, 1, 0, 0, 2, 0, 0, 0, 0, 1, 0, 0, 0, 1, 0, 2, 0, 0, 1, 1, 0, 0, 0, 0, 0],734.8870158322648,57243.54077863271,91922.81607701481,true
41,G1_CMAX,G1_CMAX,[31, 22, 82, 90, 26, 58, 95, 42, 77, 12, 93, 5, 78, 86, 98, 18, 44, 20, 35, 3, 97, 91, 76, 10, 85, 30, 47, 54, 45, 63, 71, 66, 1, 23, 17, 83, 24, 14, 60, 36, 6, 57, 40, 88, 65, 56, 79, 94, 67, 68, 46, 75, 38, 9, 19, 32, 81, 27, 62, 87, 15, 99, 59, 11, 16, 72, 73, 70, 39, 37, 84, 43, 80, 53, 96, 4, 50, 41, 89, 48, 21, 61, 33, 7, 51, 29, 28, 55, 25, 92, 8, 69, 0, 74, 52, 2, 13, 34, 49, 64]|[1, 1, 0, 1, 1, 0, 2, 1, 2, 1, 2, 2, 2, 1, 0, 1, 0, 2, 2, 1, 2, 2, 1, 2, 2, 2, 2, 0, 0, 0, 1, 2, 1, 2, 1, 0, 2, 0, 1, 1, 0, 1, 1, 1, 0, 2, 1, 1, 0, 0, 0, 1, 1, 1, 2, 1, 2, 0, 0, 2, 1, 0, 1, 2, 1, 2, 1, 1, 1, 1, 1, 1, 0, 0, 2, 1, 0, 0, 1, 0, 0, 1, 2, 1, 0, 0, 0, 1, 1, 0, 0, 1, 0, 2, 1, 0, 0, 2, 0, 2]|[3, 0, 2, 3, 0, 1, 1, 2, 2, 4, 1, 1, 0, 4, 1, 4, 2, 1, 1, 1, 2, 2, 2, 1, 1, 1, 2, 1, 1, 2, 3, 2, 3, 1, 4, 0, 1, 1, 0, 3, 2, 2, 4, 0, 1, 1, 0, 4, 0, 1, 2, 3, 1, 4, 0, 3, 2, 1, 2, 1, 2, 1, 1, 1, 3, 0, 4, 3, 1, 4, 1, 1, 1, 2, 1, 4, 1, 1, 1, 1, 1, 3, 1, 1, 1, 1, 2, 4, 4, 2, 2, 3, 2, 1, 1, 2, 2, 1, 1, 1]|[2, 0, 1, 2, 3, 0, 0, 1, 1, 0, 0, 0, 0, 1, 0, 3, 1, 0, 0, 1, 1, 1, 2, 0, 0, 0, 1, 0, 1, 0, 0, 0, 0, 0, 3, 0, 1, 0, 0, 2, 1, 1, 2, 0, 0, 0, 0, 2, 1, 0, 0, 0, 1, 3, 0, 0, 1, 0, 1, 0, 1, 0, 1, 0, 2, 1, 0, 0, 1, 1, 3, 3, 0, 1, 0, 0, 0, 0, 1, 0, 0, 0, 0, 2, 0, 0, 1, 3, 3, 1, 1, 2, 0, 0, 1, 0, 0, 0, 1, 0],706.0425648885516,58640.99257008452,96849.50297129861,false
41,G4_BALANCED,G4_BALANCED,[31, 22, 82, 15, 26, 58, 95, 42, 77, 68, 47, 5, 93, 78, 86, 54, 85, 63, 18, 44, 20, 49, 36, 14, 74, 50, 53, 17, 21, 28, 11, 64, 3, 23, 30, 83, 24, 41, 40, 52, 65, 27, 90, 70, 39, 87, 48, 69, 99, 4, 46, 1, 13, 9, 97, 59, 45, 75, 73, 37, 35, 79, 71, 66, 76, 32, 60, 80, 96, 6, 67, 61, 33, 7, 57, 34, 12, 16, 10, 98, 56, 88, 43, 8, 91, 38, 19, 92, 29, 84, 51, 55, 72, 25, 89, 81, 94, 2, 0, 62]|[2, 1, 2, 1, 1, 0, 1, 1, 1, 0, 1, 0, 2, 2, 1, 2, 0, 0, 0, 2, 2, 1, 0, 2, 0, 2, 2, 1, 0, 1, 1, 1, 0, 0, 1, 0, 2, 1, 2, 2, 0, 0, 1, 1, 0, 2, 0, 2, 1, 0, 0, 2, 0, 2, 2, 0, 1, 0, 0, 0, 2, 1, 1, 2, 2, 0, 2, 2, 0, 1, 2, 1, 1, 2, 0, 1, 1, 2, 1, 2, 2, 1, 1, 1, 1, 0, 1, 0, 1, 0, 1, 0, 1, 1, 1, 1, 2, 2, 0, 1]|[0, 3, 0, 3, 4, 1, 4, 4, 2, 1, 3, 2, 1, 0, 2, 1, 1, 1, 2, 1, 1, 3, 0, 1, 0, 1, 1, 4, 1, 4, 3, 2, 2, 0, 4, 1, 1, 4, 1, 1, 2, 1, 4, 4, 1, 1, 0, 2, 3, 2, 2, 1, 2, 1, 1, 2, 4, 2, 0, 2, 2, 3, 3, 1, 1, 2, 1, 1, 2, 4, 1, 3, 4, 1, 2, 4, 3, 1, 3, 1, 1, 4, 4, 3, 3, 2, 4, 2, 3, 2, 3, 2, 4, 4, 4, 1, 1, 1, 2, 3]|[0, 2, 0, 0, 3, 0, 1, 3, 0, 0, 2, 0, 1, 0, 1, 0, 0, 0, 1, 0, 0, 2, 0, 0, 1, 0, 0, 3, 0, 1, 0, 2, 0, 1, 3, 0, 1, 3, 0, 0, 0, 0, 1, 3, 0, 0, 1, 0, 2, 0, 0, 0, 0, 0, 1, 0, 1, 0, 1, 1, 0, 2, 0, 0, 0, 0, 0, 0, 0, 2, 0, 0, 1, 0, 0, 1, 0, 0, 3, 0, 0, 1, 2, 0, 0, 0, 1, 1, 3, 0, 0, 0, 1, 3, 1, 1, 0, 0, 0, 0],877.1560702466187,50484.40130790755,103253.22773734118,false
41,G2_TEC,G2_TEC,[31, 22, 82, 15, 26, 9, 95, 42, 77, 68, 47, 5, 93, 78, 86, 54, 85, 63, 18, 44, 20, 49, 36, 14, 74, 50, 53, 17, 21, 28, 11, 64, 3, 23, 30, 83, 24, 41, 40, 52, 65, 27, 90, 70, 39, 87, 48, 69, 99, 4, 46, 1, 13, 58, 97, 59, 45, 8, 73, 37, 35, 79, 71, 66, 76, 32, 60, 80, 56, 6, 67, 61, 33, 7, 57, 34, 12, 16, 10, 98, 96, 88, 2, 75, 91, 43, 84, 92, 29, 19, 51, 55, 81, 89, 25, 72, 94, 38, 0, 62]|[2, 1, 2, 1, 1, 2, 1, 1, 1, 1, 1, 0, 2, 2, 1, 2, 0, 0, 0, 2, 2, 1, 0, 2, 0, 2, 2, 1, 0, 1, 1, 1, 0, 0, 1, 0, 2, 1, 2, 2, 0, 0, 1, 1, 0, 2, 0, 2, 1, 0, 0, 2, 0, 0, 2, 0, 1, 1, 0, 0, 2, 1, 1, 2, 2, 0, 2, 2, 2, 1, 2, 1, 1, 2, 0, 1, 1, 2, 1, 2, 0, 1, 0, 0, 1, 1, 0, 0, 1, 1, 1, 0, 1, 1, 1, 1, 2, 0, 2, 1]|[0, 3, 0, 3, 4, 1, 4, 4, 2, 4, 3, 2, 1, 0, 2, 1, 1, 1, 2, 1, 1, 3, 0, 1, 0, 1, 1, 4, 1, 4, 3, 2, 2, 0, 4, 1, 1, 4, 1, 1, 2, 1, 4, 4, 1, 1, 0, 2, 3, 2, 2, 1, 2, 1, 1, 2, 4, 3, 0, 2, 1, 3, 3, 1, 1, 2, 1, 1, 1, 4, 1, 3, 4, 1, 2, 4, 3, 1, 3, 1, 2, 4, 2, 2, 3, 4, 2, 2, 3, 4, 3, 2, 4, 4, 4, 4, 1, 2, 1, 3]|[0, 2, 0, 0, 3, 0, 1, 3, 0, 0, 2, 0, 1, 0, 1, 0, 0, 0, 1, 0, 0, 2, 0, 0, 1, 0, 0, 3, 0, 1, 0, 2, 0, 0, 3, 0, 1, 1, 0, 0, 0, 0, 1, 3, 0, 0, 1, 0, 2, 0, 0, 0, 0, 0, 1, 0, 1, 0, 1, 1, 0, 2, 0, 0, 0, 0, 0, 0, 0, 2, 0, 0, 1, 0, 0, 1, 0, 0, 3, 0, 0, 1, 0, 0, 0, 2, 0, 0, 3, 1, 0, 0, 2, 1, 3, 1, 0, 0, 0, 0],914.0597544875216,49177.57411962909,107642.75205892837,false
41,G3_TWC,G3_TWC,[31, 22, 82, 15, 26, 58, 95, 42, 77, 12, 47, 5, 93, 78, 98, 54, 85, 63, 18, 44, 20, 35, 43, 97, 91, 76, 10, 30, 21, 45, 71, 64, 1, 23, 17, 83, 24, 14, 60, 36, 6, 57, 94, 88, 65, 56, 79, 40, 67, 68, 46, 75, 38, 9, 19, 32, 81, 41, 27, 62, 87, 90, 99, 59, 11, 16, 72, 73, 70, 39, 37, 84, 3, 92, 25, 55, 28, 29, 51, 7, 33, 61, 86, 48, 89, 50, 66, 96, 53, 80, 4, 8, 34, 49, 52, 0, 13, 2, 69, 74]|[1, 1, 0, 1, 1, 1, 1, 2, 2, 1, 2, 2, 2, 1, 1, 0, 0, 1, 0, 2, 2, 0, 1, 2, 0, 1, 2, 2, 0, 0, 1, 2, 1, 2, 1, 0, 2, 0, 1, 1, 0, 1, 1, 1, 0, 2, 1, 1, 0, 0, 0, 0, 1, 1, 2, 1, 2, 0, 0, 0, 2, 1, 0, 1, 2, 1, 2, 1, 1, 1, 1, 1, 2, 0, 1, 1, 0, 0, 0, 1, 2, 1, 0, 0, 1, 0, 2, 0, 0, 0, 0, 1, 2, 0, 1, 0, 0, 0, 1, 2]|[4, 3, 2, 2, 0, 0, 2, 2, 2, 4, 1, 1, 2, 4, 4, 1, 2, 4, 2, 1, 1, 1, 1, 2, 1, 2, 1, 1, 1, 1, 3, 2, 3, 1, 4, 0, 1, 1, 0, 3, 2, 2, 4, 0, 1, 1, 0, 2, 0, 1, 2, 2, 1, 4, 0, 3, 2, 1, 1, 2, 1, 3, 1, 1, 1, 3, 0, 4, 3, 1, 4, 1, 1, 2, 4, 4, 2, 1, 1, 3, 1, 3, 1, 1, 1, 1, 1, 1, 2, 1, 2, 3, 1, 1, 1, 2, 2, 2, 3, 1]|[0, 2, 1, 1, 3, 3, 1, 0, 0, 0, 0, 0, 1, 0, 1, 0, 0, 3, 1, 0, 0, 0, 3, 1, 0, 2, 0, 0, 0, 1, 0, 0, 0, 0, 3, 0, 1, 0, 0, 2, 1, 1, 2, 0, 0, 0, 0, 1, 1, 0, 0, 0, 1, 3, 0, 0, 1, 0, 0, 1, 0, 2, 0, 1, 0, 2, 1, 0, 0, 1, 1, 3, 0, 1, 3, 3, 1, 0, 0, 2, 0, 0, 0, 0, 1, 0, 0, 0, 1, 0, 1, 2, 0, 1, 1, 0, 0, 0, 0, 0],805.5111748560577,57366.432107770626,90127.9774474478,false
41,G1_CMAX,G1_CMAX,[31, 22, 82, 90, 26, 58, 95, 42, 77, 12, 93, 5, 78, 86, 98, 18, 44, 20, 35, 3, 97, 91, 76, 10, 85, 30, 47, 54, 45, 63, 71, 66, 1, 23, 17, 83, 24, 14, 60, 36, 6, 57, 40, 88, 65, 56, 79, 94, 67, 68, 46, 75, 38, 9, 19, 32, 81, 27, 62, 87, 15, 99, 59, 11, 16, 72, 73, 70, 39, 37, 84, 43, 80, 53, 96, 4, 50, 41, 89, 48, 21, 61, 33, 7, 51, 29, 28, 55, 25, 92, 8, 69, 0, 74, 52, 2, 13, 34, 49, 64]|[1, 1, 0, 1, 1, 0, 2, 1, 2, 1, 2, 2, 2, 1, 0, 1, 0, 2, 2, 1, 2, 2, 1, 2, 2, 2, 2, 0, 0, 0, 1, 2, 1, 2, 1, 0, 2, 0, 1, 1, 0, 1, 1, 1, 0, 2, 1, 1, 0, 0, 0, 1, 1, 1, 2, 1, 2, 0, 0, 2, 1, 0, 1, 2, 1, 2, 1, 1, 1, 1, 1, 1, 0, 0, 2, 1, 0, 0, 1, 0, 0, 1, 2, 1, 0, 0, 0, 1, 1, 0, 0, 1, 0, 2, 1, 0, 0, 2, 0, 2]|[3, 0, 2, 3, 0, 1, 1, 2, 2, 4, 1, 1, 0, 4, 1, 4, 2, 1, 1, 1, 2, 2, 2, 1, 1, 1, 2, 1, 1, 2, 3, 2, 3, 1, 4, 0, 1, 1, 0, 3, 2, 2, 4, 0, 1, 1, 0, 4, 0, 1, 2, 3, 1, 4, 0, 3, 2, 1, 2, 1, 2, 1, 1, 1, 3, 0, 4, 3, 1, 4, 1, 1, 1, 2, 1, 4, 1, 1, 1, 1, 1, 3, 1, 1, 1, 1, 2, 4, 4, 2, 2, 3, 2, 1, 1, 2, 2, 1, 1, 1]|[2, 0, 1, 2, 3, 0, 0, 1, 1, 0, 0, 0, 0, 1, 0, 3, 1, 0, 0, 1, 1, 1, 2, 0, 0, 0, 1, 0, 1, 0, 0, 0, 0, 0, 3, 0, 1, 0, 0, 2, 1, 1, 2, 0, 0, 0, 0, 2, 1, 0, 0, 0, 1, 3, 0, 0, 1, 0, 1, 0, 1, 0, 1, 0, 2, 1, 0, 0, 1, 1, 3, 3, 0, 1, 0, 0, 0, 0, 1, 0, 0, 0, 0, 2, 0, 0, 1, 3, 3, 1, 1, 2, 0, 0, 1, 0, 0, 0, 1, 0],706.0425648885516,58640.99257008452,96849.50297129861,false
41,G4_BALANCED,G4_BALANCED,[31, 22, 82, 15, 26, 58, 95, 42, 77, 12, 47, 5, 30, 78, 86, 54, 85, 63, 18, 44, 20, 35, 43, 97, 91, 76, 10, 93, 21, 45, 71, 64, 1, 23, 17, 83, 24, 14, 60, 36, 6, 57, 40, 88, 65, 56, 79, 94, 67, 68, 46, 75, 38, 9, 19, 32, 81, 41, 27, 62, 90, 99, 59, 87, 11, 66, 72, 73, 70, 39, 37, 84, 3, 92, 25, 55, 28, 29, 51, 7, 33, 61, 98, 16, 89, 50, 48, 96, 53, 80, 4, 8, 34, 49, 52, 0, 13, 2, 69, 74]|[1, 1, 0, 1, 1, 0, 1, 2, 2, 1, 2, 2, 2, 1, 1, 0, 0, 1, 0, 2, 2, 0, 0, 2, 0, 1, 2, 2, 0, 0, 1, 2, 1, 2, 1, 0, 2, 0, 1, 1, 2, 1, 1, 1, 0, 2, 1, 1, 0, 0, 0, 0, 1, 1, 2, 1, 0, 0, 0, 2, 1, 0, 0, 1, 2, 1, 2, 1, 1, 1, 1, 1, 1, 0, 1, 1, 2, 0, 0, 2, 2, 1, 2, 2, 1, 0, 1, 2, 0, 0, 1, 1, 2, 0, 1, 0, 0, 0, 1, 2]|[4, 3, 2, 2, 4, 1, 2, 2, 2, 4, 1, 1, 2, 4, 4, 1, 2, 4, 2, 1, 1, 1, 1, 2, 1, 2, 1, 1, 2, 1, 3, 2, 3, 1, 4, 0, 1, 1, 0, 3, 2, 2, 2, 0, 1, 1, 0, 4, 0, 1, 2, 2, 1, 4, 0, 3, 1, 1, 1, 1, 3, 1, 1, 1, 1, 3, 1, 4, 3, 1, 4, 1, 1, 2, 4, 4, 1, 1, 1, 1, 1, 3, 1, 1, 1, 1, 3, 1, 2, 1, 4, 3, 1, 1, 1, 2, 2, 2, 4, 1]|[0, 2, 1, 1, 3, 0, 1, 0, 0, 0, 0, 0, 1, 0, 1, 0, 0, 3, 1, 0, 0, 0, 0, 1, 0, 2, 0, 0, 0, 1, 0, 0, 0, 0, 3, 0, 1, 0, 0, 2, 1, 1, 1, 0, 0, 0, 0, 2, 1, 0, 0, 0, 1, 3, 0, 0, 0, 0, 0, 0, 2, 0, 0, 1, 0, 2, 0, 0, 0, 1, 1, 3, 1, 1, 3, 3, 0, 0, 0, 0, 0, 0, 0, 0, 1, 0, 0, 0, 1, 0, 0, 2, 0, 1, 1, 0, 0, 0, 2, 0],789.2633648838897,55267.56724064511,98962.05901394336,false
41,G2_TEC,G2_TEC,[31, 22, 82, 15, 26, 9, 95, 42, 77, 68, 47, 5, 93, 78, 86, 54, 85, 63, 18, 44, 20, 49, 36, 14, 74, 50, 53, 17, 21, 28, 11, 64, 3, 23, 30, 83, 24, 41, 40, 52, 65, 27, 90, 70, 39, 87, 48, 69, 99, 4, 46, 1, 13, 58, 97, 59, 45, 8, 73, 37, 35, 79, 71, 66, 76, 32, 60, 80, 56, 6, 67, 61, 33, 7, 57, 34, 12, 16, 10, 98, 96, 88, 2, 75, 91, 43, 84, 92, 29, 19, 51, 55, 81, 89, 25, 72, 94, 38, 0, 62]|[2, 1, 2, 1, 1, 2, 1, 1, 1, 1, 1, 0, 2, 2, 1, 2, 0, 0, 0, 2, 2, 1, 0, 2, 0, 2, 2, 1, 0, 1, 1, 1, 0, 0, 1, 0, 2, 1, 2, 2, 0, 0, 1, 1, 0, 2, 0, 2, 1, 0, 0, 2, 0, 0, 2, 0, 1, 1, 0, 0, 2, 1, 1, 2, 2, 0, 2, 2, 2, 1, 2, 1, 1, 2, 0, 1, 1, 2, 1, 2, 0, 1, 0, 0, 1, 1, 0, 0, 1, 1, 1, 0, 1, 1, 1, 1, 2, 0, 2, 1]|[0, 3, 0, 3, 4, 1, 4, 4, 2, 4, 3, 2, 1, 0, 2, 1, 1, 1, 2, 1, 1, 3, 0, 1, 0, 1, 1, 4, 1, 4, 3, 2, 2, 0, 4, 1, 1, 4, 1, 1, 2, 1, 4, 4, 1, 1, 0, 2, 3, 2, 2, 1, 2, 1, 1, 2, 4, 3, 0, 2, 1, 3, 3, 1, 1, 2, 1, 1, 1, 4, 1, 3, 4, 1, 2, 4, 3, 1, 3, 1, 2, 4, 2, 2, 3, 4, 2, 2, 3, 4, 3, 2, 4, 4, 4, 4, 1, 2, 1, 3]|[0, 2, 0, 0, 3, 0, 1, 3, 0, 0, 2, 0, 1, 0, 1, 0, 0, 0, 1, 0, 0, 2, 0, 0, 1, 0, 0, 3, 0, 1, 0, 2, 0, 0, 3, 0, 1, 1, 0, 0, 0, 0, 1, 3, 0, 0, 1, 0, 2, 0, 0, 0, 0, 0, 1, 0, 1, 0, 1, 1, 0, 2, 0, 0, 0, 0, 0, 0, 0, 2, 0, 0, 1, 0, 0, 1, 0, 0, 3, 0, 0, 1, 0, 0, 0, 2, 0, 0, 3, 1, 0, 0, 2, 1, 3, 1, 0, 0, 0, 0],914.0597544875216,49177.57411962909,107642.75205892837,false
41,G3_TWC,G3_TWC,[31, 22, 82, 15, 26, 58, 95, 42, 77, 12, 47, 5, 93, 78, 98, 54, 85, 63, 18, 44, 20, 35, 43, 97, 91, 76, 10, 30, 21, 45, 71, 64, 1, 23, 17, 83, 24, 14, 60, 36, 6, 57, 94, 88, 65, 56, 79, 40, 67, 68, 46, 75, 39, 9, 19, 32, 81, 96, 27, 62, 87, 90, 99, 59, 11, 16, 72, 73, 70, 38, 37, 84, 3, 92, 25, 55, 28, 29, 51, 7, 33, 61, 86, 48, 89, 50, 69, 41, 53, 80, 4, 8, 34, 49, 52, 0, 13, 74, 2, 66]|[1, 1, 0, 1, 1, 1, 2, 1, 2, 1, 2, 2, 2, 1, 1, 0, 0, 1, 0, 2, 2, 0, 1, 2, 0, 1, 2, 2, 0, 0, 1, 2, 1, 2, 1, 0, 2, 0, 1, 1, 0, 1, 1, 1, 0, 2, 1, 1, 0, 0, 0, 0, 1, 1, 2, 1, 2, 0, 0, 0, 2, 1, 0, 1, 2, 1, 2, 1, 1, 1, 1, 1, 2, 0, 1, 1, 0, 0, 0, 1, 2, 1, 0, 0, 1, 0, 2, 0, 0, 0, 0, 1, 2, 0, 1, 0, 0, 0, 0, 2]|[4, 3, 2, 2, 0, 0, 2, 2, 2, 4, 1, 1, 2, 4, 4, 1, 1, 4, 2, 1, 1, 1, 1, 2, 1, 2, 1, 1, 1, 1, 3, 2, 3, 0, 4, 0, 1, 1, 0, 3, 2, 2, 4, 0, 1, 1, 0, 2, 0, 1, 2, 2, 1, 4, 0, 3, 2, 1, 1, 2, 1, 3, 1, 1, 1, 3, 0, 4, 3, 1, 4, 1, 1, 2, 4, 4, 2, 1, 1, 3, 1, 3, 1, 1, 1, 1, 1, 1, 2, 1, 2, 3, 1, 1, 1, 2, 2, 2, 2, 1]|[0, 2, 1, 1, 3, 3, 0, 1, 0, 0, 0, 0, 1, 0, 1, 0, 0, 3, 1, 0, 0, 0, 3, 1, 0, 2, 0, 0, 0, 1, 0, 0, 0, 0, 3, 0, 1, 0, 0, 2, 1, 1, 2, 0, 0, 0, 0, 1, 1, 0, 0, 0, 1, 3, 0, 0, 1, 0, 0, 1, 0, 2, 0, 1, 0, 2, 1, 0, 0, 1, 1, 3, 0, 1, 3, 3, 1, 0, 0, 2, 0, 0, 0, 0, 1, 0, 0, 0, 1, 0, 1, 2, 0, 1, 1, 0, 0, 0, 0, 0],833.2154215640596,57825.44465227681,88905.52377856613,false
41,G1_CMAX,G1_CMAX,[31, 22, 82, 90, 26, 58, 95, 42, 77, 12, 93, 5, 78, 86, 98, 18, 44, 20, 35, 3, 97, 91, 76, 10, 85, 30, 47, 54, 45, 63, 71, 66, 1, 23, 17, 83, 24, 14, 60, 36, 6, 57, 40, 88, 65, 56, 79, 94, 67, 68, 46, 75, 38, 9, 19, 32, 81, 27, 62, 87, 15, 99, 59, 11, 16, 72, 73, 70, 39, 37, 84, 43, 80, 53, 96, 4, 50, 41, 89, 48, 21, 61, 33, 7, 51, 29, 28, 55, 25, 92, 8, 69, 0, 74, 52, 2, 13, 34, 49, 64]|[1, 1, 0, 1, 1, 0, 2, 1, 2, 1, 2, 2, 2, 1, 0, 1, 0, 2, 2, 1, 2, 2, 1, 2, 2, 2, 2, 0, 0, 0, 1, 2, 1, 2, 1, 0, 2, 0, 1, 1, 0, 1, 1, 1, 0, 2, 1, 1, 0, 0, 0, 1, 1, 1, 2, 1, 2, 0, 0, 2, 1, 0, 1, 2, 1, 2, 1, 1, 1, 1, 1, 1, 0, 0, 2, 1, 0, 0, 1, 0, 0, 1, 2, 1, 0, 0, 0, 1, 1, 0, 0, 1, 0, 2, 1, 0, 0, 2, 0, 2]|[3, 0, 2, 3, 0, 1, 1, 2, 2, 4, 1, 1, 0, 4, 1, 4, 2, 1, 1, 1, 2, 2, 2, 1, 1, 1, 2, 1, 1, 2, 3, 2, 3, 1, 4, 0, 1, 1, 0, 3, 2, 2, 4, 0, 1, 1, 0, 4, 0, 1, 2, 3, 1, 4, 0, 3, 2, 1, 2, 1, 2, 1, 1, 1, 3, 0, 4, 3, 1, 4, 1, 1, 1, 2, 1, 4, 1, 1, 1, 1, 1, 3, 1, 1, 1, 1, 2, 4, 4, 2, 2, 3, 2, 1, 1, 2, 2, 1, 1, 1]|[2, 0, 1, 2, 3, 0, 0, 1, 1, 0, 0, 0, 0, 1, 0, 3, 1, 0, 0, 1, 1, 1, 2, 0, 0, 0, 1, 0, 1, 0, 0, 0, 0, 0, 3, 0, 1, 0, 0, 2, 1, 1, 2, 0, 0, 0, 0, 2, 1, 0, 0, 0, 1, 3, 0, 0, 1, 0, 1, 0, 1, 0, 1, 0, 2, 1, 0, 0, 1, 1, 3, 3, 0, 1, 0, 0, 0, 0, 1, 0, 0, 0, 0, 2, 0, 0, 1, 3, 3, 1, 1, 2, 0, 0, 1, 0, 0, 0, 1, 0],706.0425648885516,58640.99257008452,96849.50297129861,false
41,G4_BALANCED,G2_TEC,[31, 22, 82, 15, 26, 9, 95, 42, 77, 68, 47, 5, 93, 78, 86, 54, 85, 52, 18, 44, 20, 49, 36, 14, 74, 50, 53, 17, 21, 28, 11, 64, 3, 23, 30, 83, 24, 41, 40, 63, 65, 27, 90, 70, 39, 87, 48, 69, 99, 4, 75, 1, 13, 58, 97, 59, 45, 8, 73, 37, 35, 79, 71, 66, 76, 32, 60, 80, 56, 6, 67, 61, 33, 7, 57, 34, 12, 16, 10, 94, 96, 88, 43, 46, 91, 38, 84, 0, 29, 89, 51, 55, 72, 25, 19, 81, 98, 2, 92, 62]|[2, 1, 2, 1, 1, 2, 1, 1, 1, 1, 1, 0, 2, 2, 1, 2, 0, 0, 0, 2, 2, 1, 0, 2, 0, 2, 2, 1, 0, 1, 1, 1, 0, 0, 1, 0, 2, 1, 2, 2, 0, 0, 1, 1, 0, 2, 0, 2, 1, 0, 0, 2, 0, 0, 2, 0, 1, 1, 0, 0, 2, 1, 1, 2, 2, 0, 2, 2, 2, 1, 2, 1, 1, 2, 0, 1, 1, 2, 1, 2, 0, 1, 1, 0, 1, 0, 0, 0, 1, 1, 1, 0, 1, 1, 1, 1, 2, 2, 0, 1]|[0, 3, 0, 3, 4, 1, 4, 4, 2, 4, 3, 2, 1, 0, 2, 1, 1, 1, 2, 1, 1, 3, 0, 1, 0, 1, 1, 4, 1, 4, 3, 2, 2, 0, 4, 1, 1, 4, 1, 1, 2, 1, 4, 4, 1, 1, 0, 2, 3, 2, 2, 1, 2, 1, 1, 2, 4, 3, 0, 2, 2, 3, 3, 1, 1, 2, 1, 1, 1, 4, 1, 3, 4, 1, 2, 4, 3, 1, 3, 1, 2, 4, 4, 2, 3, 2, 2, 2, 3, 4, 3, 2, 4, 4, 4, 4, 1, 1, 2, 3]|[0, 2, 0, 0, 3, 0, 1, 3, 0, 0, 2, 0, 1, 0, 1, 0, 0, 0, 1, 0, 0, 2, 0, 0, 1, 0, 0, 3, 0, 1, 0, 2, 0, 0, 3, 0, 1, 1, 0, 0, 0, 0, 1, 3, 0, 0, 1, 0, 2, 0, 0, 0, 0, 0, 1, 0, 1, 0, 1, 1, 0, 2, 0, 0, 0, 0, 0, 0, 0, 2, 0, 0, 1, 0, 0, 1, 0, 0, 3, 0, 0, 1, 2, 0, 0, 0, 0, 0, 3, 1, 0, 0, 1, 3, 1, 2, 0, 0, 0, 0],898.2093483329215,49420.31630690148,107266.89240046384,true
41,G2_TEC,G2_TEC,[31, 22, 82, 15, 26, 9, 95, 42, 77, 68, 47, 5, 93, 78, 86, 54, 85, 63, 18, 44, 20, 49, 36, 14, 74, 50, 53, 17, 21, 28, 11, 64, 3, 23, 30, 83, 24, 41, 40, 52, 65, 27, 90, 70, 39, 87, 48, 69, 99, 4, 46, 1, 13, 58, 97, 59, 45, 8, 73, 37, 35, 79, 71, 66, 76, 32, 60, 80, 56, 6, 67, 61, 33, 7, 57, 34, 12, 16, 10, 98, 96, 88, 43, 75, 91, 2, 84, 29, 92, 19, 51, 55, 81, 89, 25, 62, 94, 38, 0, 72]|[2, 1, 2, 1, 1, 2, 1, 1, 1, 1, 1, 0, 2, 2, 1, 2, 0, 0, 0, 2, 2, 1, 0, 2, 0, 2, 2, 1, 0, 1, 1, 1, 0, 0, 1, 0, 2, 1, 2, 2, 0, 0, 1, 1, 0, 2, 0, 2, 1, 0, 0, 2, 0, 0, 2, 0, 1, 1, 0, 0, 2, 1, 1, 2, 2, 0, 2, 2, 2, 1, 2, 1, 1, 2, 0, 1, 1, 2, 1, 2, 0, 1, 1, 0, 1, 0, 0, 1, 0, 1, 1, 0, 1, 1, 1, 1, 2, 0, 2, 1]|[0, 3, 0, 3, 4, 1, 4, 4, 2, 4, 3, 2, 1, 0, 2, 1, 1, 1, 2, 1, 1, 3, 0, 1, 0, 1, 1, 4, 1, 4, 3, 2, 2, 0, 4, 1, 1, 4, 1, 1, 2, 1, 4, 4, 1, 1, 0, 2, 3, 2, 2, 1, 2, 1, 1, 2, 4, 3, 0, 2, 1, 3, 3, 1, 1, 2, 1, 1, 1, 4, 1, 3, 4, 1, 2, 4, 3, 1, 3, 1, 2, 4, 4, 2, 3, 2, 2, 3, 2, 4, 3, 2, 4, 4, 4, 3, 1, 2, 1, 4]|[0, 2, 0, 0, 3, 0, 1, 3, 0, 0, 2, 0, 1, 0, 1, 0, 0, 0, 1, 0, 0, 2, 0, 0, 1, 0, 0, 3, 0, 1, 0, 2, 0, 0, 3, 0, 1, 1, 0, 0, 0, 0, 1, 3, 0, 0, 1, 0, 2, 0, 0, 0, 0, 0, 1, 0, 1, 0, 1, 1, 0, 2, 0, 0, 0, 0, 0, 0, 0, 2, 0, 0, 1, 0, 0, 1, 0, 0, 3, 0, 0, 1, 2, 0, 0, 0, 0, 3, 0, 1, 0, 0, 2, 1, 3, 0, 0, 0, 0, 1],914.0597544875216,49173.30366922346,107616.27616016247,false
41,G3_TWC,G3_TWC,[31, 22, 82, 15, 26, 58, 95, 42, 77, 12, 47, 5, 93, 78, 98, 54, 85, 63, 18, 44, 20, 35, 43, 97, 91, 76, 10, 30, 21, 45, 71, 64, 1, 23, 17, 83, 24, 14, 60, 36, 6, 57, 94, 88, 65, 56, 79, 40, 67, 68, 46, 75, 39, 9, 19, 32, 81, 96, 27, 62, 87, 90, 99, 59, 11, 16, 72, 73, 70, 38, 37, 84, 3, 92, 25, 55, 28, 29, 51, 7, 33, 61, 86, 48, 89, 50, 69, 41, 53, 80, 4, 8, 34, 49, 52, 0, 13, 74, 2, 66]|[1, 1, 0, 1, 1, 1, 2, 1, 2, 1, 2, 2, 2, 1, 1, 0, 0, 1, 0, 2, 2, 0, 1, 2, 0, 1, 2, 2, 0, 0, 1, 2, 1, 2, 1, 0, 2, 0, 1, 1, 0, 1, 1, 1, 0, 2, 1, 1, 0, 0, 0, 0, 1, 1, 2, 1, 2, 0, 0, 0, 2, 1, 0, 1, 2, 1, 2, 1, 1, 1, 1, 1, 2, 0, 1, 1, 0, 0, 0, 1, 2, 1, 0, 0, 1, 0, 2, 0, 0, 0, 0, 1, 2, 0, 1, 0, 0, 0, 0, 2]|[4, 3, 2, 2, 0, 0, 2, 2, 2, 4, 1, 1, 2, 4, 4, 1, 1, 4, 2, 1, 1, 1, 1, 2, 1, 2, 1, 1, 1, 1, 3, 2, 3, 0, 4, 0, 1, 1, 0, 3, 2, 2, 4, 0, 1, 1, 0, 2, 0, 1, 2, 2, 1, 4, 0, 3, 2, 1, 1, 2, 1, 3, 1, 1, 1, 3, 0, 4, 3, 1, 4, 1, 1, 2, 4, 4, 2, 1, 1, 3, 1, 3, 1, 1, 1, 1, 1, 1, 2, 1, 2, 3, 1, 1, 1, 2, 2, 2, 2, 1]|[0, 2, 1, 1, 3, 3, 0, 1, 0, 0, 0, 0, 1, 0, 1, 0, 0, 3, 1, 0, 0, 0, 3, 1, 0, 2, 0, 0, 0, 1, 0, 0, 0, 0, 3, 0, 1, 0, 0, 2, 1, 1, 2, 0, 0, 0, 0, 1, 1, 0, 0, 0, 1, 3, 0, 0, 1, 0, 0, 1, 0, 2, 0, 1, 0, 2, 1, 0, 0, 1, 1, 3, 0, 1, 3, 3, 1, 0, 0, 2, 0, 0, 0, 0, 1, 0, 0, 0, 1, 0, 1, 2, 0, 1, 1, 0, 0, 0, 0, 0],833.2154215640596,57825.44465227681,88905.52377856613,false
41,G1_CMAX,G1_CMAX,[31, 22, 82, 90, 26, 58, 95, 42, 77, 12, 93, 5, 78, 86, 98, 18, 44, 20, 35, 3, 97, 91, 76, 10, 85, 30, 47, 54, 45, 63, 71, 66, 1, 23, 17, 83, 24, 14, 60, 36, 6, 57, 40, 88, 65, 56, 79, 94, 67, 68, 46, 75, 38, 9, 19, 32, 81, 27, 62, 87, 15, 99, 59, 11, 16, 72, 73, 70, 39, 37, 84, 43, 80, 53, 96, 4, 50, 41, 89, 48, 21, 61, 33, 7, 51, 29, 28, 55, 25, 92, 8, 69, 0, 74, 52, 2, 13, 34, 49, 64]|[1, 1, 0, 1, 1, 0, 2, 1, 2, 1, 2, 2, 2, 1, 0, 1, 0, 2, 2, 1, 2, 2, 1, 2, 2, 2, 2, 0, 0, 0, 1, 2, 1, 2, 1, 0, 2, 0, 1, 1, 0, 1, 1, 1, 0, 2, 1, 1, 0, 0, 0, 1, 1, 1, 2, 1, 2, 0, 0, 2, 1, 0, 1, 2, 1, 2, 1, 1, 1, 1, 1, 1, 0, 0, 2, 1, 0, 0, 1, 0, 0, 1, 2, 1, 0, 0, 0, 1, 1, 0, 0, 1, 0, 2, 1, 0, 0, 2, 0, 2]|[3, 0, 2, 3, 0, 1, 1, 2, 2, 4, 1, 1, 0, 4, 1, 4, 2, 1, 1, 1, 2, 2, 2, 1, 1, 1, 2, 1, 1, 2, 3, 2, 3, 1, 4, 0, 1, 1, 0, 3, 2, 2, 4, 0, 1, 1, 0, 4, 0, 1, 2, 3, 1, 4, 0, 3, 2, 1, 2, 1, 2, 1, 1, 1, 3, 0, 4, 3, 1, 4, 1, 1, 1, 2, 1, 4, 1, 1, 1, 1, 1, 3, 1, 1, 1, 1, 2, 4, 4, 2, 2, 3, 2, 1, 1, 2, 2, 1, 1, 1]|[2, 0, 1, 2, 3, 0, 0, 1, 1, 0, 0, 0, 0, 1, 0, 3, 1, 0, 0, 1, 1, 1, 2, 0, 0, 0, 1, 0, 1, 0, 0, 0, 0, 0, 3, 0, 1, 0, 0, 2, 1, 1, 2, 0, 0, 0, 0, 2, 1, 0, 0, 0, 1, 3, 0, 0, 1, 0, 1, 0, 1, 0, 1, 0, 2, 1, 0, 0, 1, 1, 3, 3, 0, 1, 0, 0, 0, 0, 1, 0, 0, 0, 0, 2, 0, 0, 1, 3, 3, 1, 1, 2, 0, 0, 1, 0, 0, 0, 1, 0],706.0425648885516,58640.99257008452,96849.50297129861,false
41,G4_BALANCED,G2_TEC,[31, 22, 82, 15, 26, 9, 95, 42, 77, 68, 47, 5, 93, 78, 86, 54, 85, 52, 18, 44, 20, 49, 36, 14, 74, 50, 53, 17, 21, 28, 11, 64, 3, 23, 30, 83, 24, 41, 40, 63, 65, 27, 90, 70, 39, 87, 48, 69, 99, 4, 75, 1, 13, 58, 97, 59, 45, 8, 73, 37, 35, 79, 71, 66, 76, 32, 60, 80, 56, 6, 67, 61, 33, 7, 57, 34, 12, 16, 10, 94, 96, 88, 43, 46, 91, 38, 84, 0, 29, 89, 51, 55, 72, 25, 19, 81, 98, 2, 92, 62]|[2, 1, 2, 1, 1, 2, 1, 1, 1, 1, 1, 0, 2, 2, 1, 2, 0, 0, 0, 2, 2, 1, 0, 2, 0, 2, 2, 1, 0, 1, 1, 1, 0, 0, 1, 0, 2, 1, 2, 2, 0, 0, 1, 1, 0, 2, 0, 2, 1, 0, 0, 2, 0, 0, 2, 0, 1, 1, 0, 0, 2, 1, 1, 2, 2, 0, 2, 2, 2, 1, 2, 1, 1, 2, 0, 1, 1, 2, 1, 2, 0, 1, 1, 0, 1, 0, 0, 0, 1, 1, 1, 0, 1, 1, 1, 1, 2, 2, 0, 1]|[0, 3, 0, 3, 4, 1, 4, 4, 2, 4, 3, 2, 1, 0, 2, 1, 1, 1, 2, 1, 1, 3, 0, 1, 0, 1, 1, 4, 1, 4, 3, 2, 2, 0, 4, 1, 1, 4, 1, 1, 2, 1, 4, 4, 1, 1, 0, 2, 3, 2, 2, 1, 2, 1, 1, 2, 4, 3, 0, 2, 2, 3, 3, 1, 1, 2, 1, 1, 1, 4, 1, 3, 4, 1, 2, 4, 3, 1, 3, 1, 2, 4, 4, 2, 3, 2, 2, 2, 3, 4, 3, 2, 4, 4, 4, 4, 1, 1, 2, 3]|[0, 2, 0, 0, 3, 0, 1, 3, 0, 0, 2, 0, 1, 0, 1, 0, 0, 0, 1, 0, 0, 2, 0, 0, 1, 0, 0, 3, 0, 1, 0, 2, 0, 0, 3, 0, 1, 1, 0, 0, 0, 0, 1, 3, 0, 0, 1, 0, 2, 0, 0, 0, 0, 0, 1, 0, 1, 0, 1, 1, 0, 2, 0, 0, 0, 0, 0, 0, 0, 2, 0, 0, 1, 0, 0, 1, 0, 0, 3, 0, 0, 1, 2, 0, 0, 0, 0, 0, 3, 1, 0, 0, 1, 3, 1, 2, 0, 0, 0, 0],898.2093483329215,49420.31630690148,107266.89240046384,true
41,G2_TEC,G2_TEC,[31, 22, 82, 15, 26, 9, 95, 42, 77, 68, 47, 5, 93, 78, 86, 54, 85, 63, 18, 44, 20, 49, 36, 14, 74, 50, 53, 17, 21, 28, 11, 64, 3, 23, 30, 83, 24, 41, 40, 52, 65, 27, 90, 70, 39, 87, 48, 69, 99, 4, 46, 1, 13, 58, 97, 59, 45, 8, 73, 37, 35, 79, 71, 66, 76, 32, 60, 80, 56, 6, 67, 61, 33, 7, 57, 34, 12, 16, 10, 98, 96, 88, 43, 75, 91, 2, 84, 29, 92, 19, 51, 55, 81, 89, 25, 62, 94, 38, 0, 72]|[2, 1, 2, 1, 1, 2, 1, 1, 1, 1, 1, 0, 2, 2, 1, 2, 0, 0, 0, 2, 2, 1, 0, 2, 0, 2, 2, 1, 0, 1, 1, 1, 0, 0, 1, 0, 2, 1, 2, 2, 0, 0, 1, 1, 0, 2, 0, 2, 1, 0, 0, 2, 0, 0, 2, 0, 1, 1, 0, 0, 2, 1, 1, 2, 2, 0, 2, 2, 2, 1, 2, 1, 1, 2, 0, 1, 1, 2, 1, 2, 0, 1, 1, 0, 1, 0, 0, 1, 0, 1, 1, 0, 1, 1, 1, 1, 2, 0, 2, 1]|[0, 3, 0, 3, 4, 1, 4, 4, 2, 4, 3, 2, 1, 0, 2, 1, 1, 1, 2, 1, 1, 3, 0, 1, 0, 1, 1, 4, 1, 4, 3, 2, 2, 0, 4, 1, 1, 4, 1, 1, 2, 1, 4, 4, 1, 1, 0, 2, 3, 2, 2, 1, 2, 1, 1, 2, 4, 3, 0, 2, 1, 3, 3, 1, 1, 2, 1, 1, 1, 4, 1, 3, 4, 1, 2, 4, 3, 1, 3, 1, 2, 4, 4, 2, 3, 2, 2, 3, 2, 4, 3, 2, 4, 4, 4, 3, 1, 2, 1, 4]|[0, 2, 0, 0, 3, 0, 1, 3, 0, 0, 2, 0, 1, 0, 1, 0, 0, 0, 1, 0, 0, 2, 0, 0, 1, 0, 0, 3, 0, 1, 0, 2, 0, 0, 3, 0, 1, 1, 0, 0, 0, 0, 1, 3, 0, 0, 1, 0, 2, 0, 0, 0, 0, 0, 1, 0, 1, 0, 1, 1, 0, 2, 0, 0, 0, 0, 0, 0, 0, 2, 0, 0, 1, 0, 0, 1, 0, 0, 3, 0, 0, 1, 2, 0, 0, 0, 0, 3, 0, 1, 0, 0, 2, 1, 3, 0, 0, 0, 0, 1],914.0597544875216,49173.30366922346,107616.27616016247,false
41,G3_TWC,G3_TWC,[31, 22, 82, 15, 26, 58, 95, 42, 77, 12, 47, 5, 93, 78, 98, 54, 85, 63, 18, 44, 20, 35, 43, 97, 91, 76, 10, 30, 21, 45, 71, 64, 1, 23, 17, 83, 24, 14, 60, 36, 6, 57, 94, 88, 65, 56, 79, 40, 67, 68, 46, 75, 39, 9, 19, 32, 81, 96, 27, 62, 87, 90, 99, 59, 53, 16, 72, 73, 70, 38, 37, 84, 3, 92, 25, 55, 28, 29, 51, 7, 33, 61, 86, 66, 89, 50, 48, 41, 11, 80, 4, 8, 34, 49, 52, 0, 13, 2, 69, 74]|[1, 1, 0, 1, 1, 1, 2, 1, 2, 1, 2, 2, 2, 1, 1, 0, 0, 1, 0, 2, 2, 0, 1, 2, 0, 1, 2, 2, 0, 0, 1, 2, 1, 2, 1, 0, 2, 0, 1, 1, 0, 1, 1, 1, 0, 2, 1, 1, 0, 0, 0, 0, 1, 1, 2, 1, 2, 0, 0, 0, 2, 1, 0, 1, 0, 1, 2, 1, 1, 1, 1, 1, 2, 0, 1, 1, 0, 0, 0, 1, 2, 1, 0, 2, 1, 0, 0, 2, 2, 0, 0, 1, 2, 0, 1, 0, 0, 0, 1, 2]|[4, 3, 2, 2, 0, 0, 2, 2, 2, 4, 1, 1, 2, 4, 4, 1, 1, 4, 2, 1, 1, 1, 1, 2, 1, 2, 1, 1, 1, 1, 3, 2, 3, 0, 4, 0, 1, 1, 0, 3, 2, 2, 4, 0, 1, 1, 0, 2, 0, 1, 2, 2, 1, 4, 0, 3, 2, 1, 1, 2, 1, 3, 1, 1, 2, 3, 0, 4, 3, 1, 4, 1, 1, 2, 4, 4, 2, 1, 1, 3, 1, 3, 1, 1, 1, 1, 1, 1, 1, 1, 2, 3, 1, 1, 1, 2, 2, 2, 3, 1]|[0, 2, 1, 1, 3, 3, 0, 1, 0, 0, 0, 0, 1, 0, 1, 0, 0, 3, 1, 0, 0, 0, 3, 1, 0, 2, 0, 0, 0, 1, 0, 0, 0, 0, 3, 0, 1, 0, 0, 2, 1, 1, 2, 0, 0, 0, 0, 1, 1, 0, 0, 0, 1, 3, 0, 0, 1, 0, 0, 1, 0, 2, 0, 1, 1, 2, 1, 0, 0, 1, 1, 3, 0, 1, 3, 3, 1, 0, 0, 2, 0, 0, 0, 0, 1, 0, 0, 0, 0, 0, 1, 2, 0, 1, 1, 0, 0, 0, 0, 0],765.1395626884388,57769.19651867675,89744.90231435932,false
41,G1_CMAX,G1_CMAX,[31, 22, 82, 90, 26, 58, 95, 42, 77, 12, 93, 5, 78, 86, 98, 18, 44, 20, 35, 3, 97, 91, 76, 10, 85, 30, 47, 54, 45, 63, 71, 66, 1, 23, 17, 83, 24, 14, 60, 36, 6, 57, 40, 88, 65, 56, 79, 94, 67, 68, 46, 75, 38, 9, 19, 32, 81, 27, 62, 87, 15, 99, 59, 11, 16, 72, 73, 70, 39, 37, 84, 43, 80, 53, 96, 4, 50, 41, 89, 48, 21, 61, 33, 7, 51, 29, 28, 55, 25, 92, 8, 69, 0, 74, 52, 2, 13, 34, 49, 64]|[1, 1, 0, 1, 1, 0, 2, 1, 2, 1, 2, 2, 2, 1, 0, 1, 0, 2, 2, 1, 2, 2, 1, 2, 2, 2, 2, 0, 0, 0, 1, 2, 1, 2, 1, 0, 2, 0, 1, 1, 0, 1, 1, 1, 0, 2, 1, 1, 0, 0, 0, 1, 1, 1, 2, 1, 2, 0, 0, 2, 1, 0, 1, 2, 1, 2, 1, 1, 1, 1, 1, 1, 0, 0, 2, 1, 0, 0, 1, 0, 0, 1, 2, 1, 0, 0, 0, 1, 1, 0, 0, 1, 0, 2, 1, 0, 0, 2, 0, 2]|[3, 0, 2, 3, 0, 1, 1, 2, 2, 4, 1, 1, 0, 4, 1, 4, 2, 1, 1, 1, 2, 2, 2, 1, 1, 1, 2, 1, 1, 2, 3, 2, 3, 1, 4, 0, 1, 1, 0, 3, 2, 2, 4, 0, 1, 1, 0, 4, 0, 1, 2, 3, 1, 4, 0, 3, 2, 1, 2, 1, 2, 1, 1, 1, 3, 0, 4, 3, 1, 4, 1, 1, 1, 2, 1, 4, 1, 1, 1, 1, 1, 3, 1, 1, 1, 1, 2, 4, 4, 2, 2, 3, 2, 1, 1, 2, 2, 1, 1, 1]|[2, 0, 1, 2, 3, 0, 0, 1, 1, 0, 0, 0, 0, 1, 0, 3, 1, 0, 0, 1, 1, 1, 2, 0, 0, 0, 1, 0, 1, 0, 0, 0, 0, 0, 3, 0, 1, 0, 0, 2, 1, 1, 2, 0, 0, 0, 0, 2, 1, 0, 0, 0, 1, 3, 0, 0, 1, 0, 1, 0, 1, 0, 1, 0, 2, 1, 0, 0, 1, 1, 3, 3, 0, 1, 0, 0, 0, 0, 1, 0, 0, 0, 0, 2, 0, 0, 1, 3, 3, 1, 1, 2, 0, 0, 1, 0, 0, 0, 1, 0],706.0425648885516,58640.99257008452,96849.50297129861,false
41,G4_BALANCED,G1_CMAX,[22, 82, 3, 58, 95, 42, 77, 47, 5, 93, 78, 12, 86, 54, 50, 63, 18, 44, 20, 35, 43, 97, 91, 76, 10, 30, 21, 45, 71, 64, 36, 23, 17, 83, 24, 14, 60, 1, 6, 40, 57, 90, 65, 56, 79, 94, 67, 68, 46, 75, 38, 9, 19, 32, 81, 41, 27, 62, 16, 55, 59, 89, 88, 87, 31, 72, 73, 70, 39, 37, 84, 92, 25, 11, 48, 15, 29, 51, 7, 33, 61, 98, 28, 99, 26, 85, 66, 96, 53, 80, 4, 8, 34, 49, 52, 2, 13, 0, 69, 74]|[1, 0, 1, 0, 1, 2, 2, 2, 2, 2, 1, 1, 1, 0, 0, 1, 0, 2, 2, 0, 1, 2, 0, 1, 2, 2, 0, 0, 1, 2, 1, 2, 1, 0, 2, 0, 1, 1, 0, 1, 1, 1, 0, 2, 1, 1, 0, 0, 0, 0, 1, 1, 2, 1, 2, 0, 0, 0, 1, 2, 1, 1, 1, 1, 1, 2, 1, 2, 1, 1, 1, 0, 1, 2, 2, 1, 0, 0, 1, 2, 1, 2, 0, 1, 1, 0, 0, 2, 0, 0, 1, 1, 2, 0, 1, 0, 0, 0, 1, 2]|[3, 2, 1, 1, 2, 1, 2, 1, 1, 2, 4, 4, 4, 1, 1, 4, 2, 1, 1, 1, 1, 2, 1, 2, 1, 1, 2, 1, 3, 2, 3, 1, 4, 1, 1, 1, 0, 3, 2, 2, 2, 3, 1, 1, 0, 4, 0, 1, 2, 2, 1, 4, 0, 3, 2, 1, 1, 2, 3, 1, 1, 1, 0, 3, 0, 0, 3, 0, 1, 4, 1, 0, 4, 1, 1, 4, 1, 1, 1, 1, 3, 1, 2, 1, 0, 2, 1, 1, 2, 1, 4, 3, 1, 1, 1, 2, 2, 2, 4, 1]|[3, 1, 2, 0, 1, 0, 0, 0, 0, 1, 0, 0, 1, 0, 0, 3, 1, 0, 0, 0, 3, 1, 0, 2, 0, 0, 0, 1, 0, 0, 2, 0, 3, 0, 1, 0, 0, 0, 1, 1, 1, 2, 0, 0, 0, 2, 1, 0, 0, 0, 1, 3, 0, 0, 1, 0, 0, 1, 2, 0, 1, 1, 0, 2, 0, 1, 0, 1, 1, 1, 1, 1, 3, 0, 0, 3, 0, 0, 2, 0, 0, 0, 1, 1, 3, 0, 0, 0, 1, 0, 0, 2, 0, 1, 1, 0, 0, 0, 2, 0],715.7913946700162,58060.95961022334,95287.06515100288,true
41,G2_TEC,G2_TEC,[31, 22, 82, 15, 26, 9, 95, 42, 77, 68, 47, 5, 93, 78, 86, 54, 85, 63, 18, 44, 20, 49, 36, 14, 74, 50, 53, 17, 21, 28, 11, 64, 3, 23, 30, 83, 24, 41, 40, 52, 65, 27, 90, 70, 39, 87, 48, 69, 99, 4, 46, 1, 13, 58, 97, 59, 45, 8, 73, 37, 35, 79, 71, 66, 76, 32, 60, 80, 56, 6, 67, 61, 33, 7, 57, 34, 12, 16, 10, 98, 96, 88, 43, 75, 91, 2, 84, 29, 92, 19, 51, 55, 81, 89, 25, 62, 94, 38, 0, 72]|[2, 1, 2, 1, 1, 2, 1, 1, 1, 1, 1, 0, 2, 2, 1, 2, 0, 0, 0, 2, 2, 1, 0, 2, 0, 2, 2, 1, 0, 1, 1, 1, 0, 0, 1, 0, 2, 1, 2, 2, 0, 0, 1, 1, 0, 2, 0, 2, 1, 0, 0, 2, 0, 0, 2, 0, 1, 1, 0, 0, 2, 1, 1, 2, 2, 0, 2, 2, 2, 1, 2, 1, 1, 2, 0, 1, 1, 2, 1, 2, 0, 1, 1, 0, 1, 0, 0, 1, 0, 1, 1, 0, 1, 1, 1, 1, 2, 0, 2, 1]|[0, 3, 0, 3, 4, 1, 4, 4, 2, 4, 3, 2, 1, 0, 2, 1, 1, 1, 2, 1, 1, 3, 0, 1, 0, 1, 1, 4, 1, 4, 3, 2, 2, 0, 4, 1, 1, 4, 1, 1, 2, 1, 4, 4, 1, 1, 0, 2, 3, 2, 2, 1, 2, 1, 1, 2, 4, 3, 0, 2, 1, 3, 3, 1, 1, 2, 1, 1, 1, 4, 1, 3, 4, 1, 2, 4, 3, 1, 3, 1, 2, 4, 4, 2, 3, 2, 2, 3, 2, 4, 3, 2, 4, 4, 4, 3, 1, 2, 1, 4]|[0, 2, 0, 0, 3, 0, 1, 3, 0, 0, 2, 0, 1, 0, 1, 0, 0, 0, 1, 0, 0, 2, 0, 0, 1, 0, 0, 3, 0, 1, 0, 2, 0, 0, 3, 0, 1, 1, 0, 0, 0, 0, 1, 3, 0, 0, 1, 0, 2, 0, 0, 0, 0, 0, 1, 0, 1, 0, 1, 1, 0, 2, 0, 0, 0, 0, 0, 0, 0, 2, 0, 0, 1, 0, 0, 1, 0, 0, 3, 0, 0, 1, 2, 0, 0, 0, 0, 3, 0, 1, 0, 0, 2, 1, 3, 0, 0, 0, 0, 1],914.0597544875216,49173.30366922346,107616.27616016247,false
41,G3_TWC,G3_TWC,[31, 22, 82, 15, 26, 58, 95, 42, 77, 12, 47, 5, 93, 78, 98, 54, 85, 63, 18, 44, 20, 35, 43, 97, 91, 76, 10, 30, 21, 45, 71, 64, 1, 23, 17, 83, 24, 14, 60, 36, 6, 57, 94, 88, 65, 56, 79, 40, 67, 68, 46, 75, 39, 9, 19, 32, 81, 96, 27, 62, 87, 90, 99, 59, 11, 16, 72, 73, 70, 38, 37, 84, 3, 92, 25, 55, 28, 29, 51, 7, 33, 61, 86, 48, 89, 50, 69, 41, 53, 80, 4, 8, 34, 49, 52, 0, 13, 74, 2, 66]|[1, 1, 0, 1, 1, 1, 2, 1, 2, 1, 2, 2, 2, 1, 1, 0, 0, 1, 0, 2, 2, 0, 1, 2, 0, 1, 2, 2, 0, 0, 1, 2, 1, 2, 1, 0, 2, 0, 1, 1, 0, 1, 1, 1, 0, 2, 1, 1, 0, 0, 0, 0, 1, 1, 2, 1, 2, 0, 0, 0, 2, 1, 0, 1, 2, 1, 2, 1, 1, 1, 1, 1, 2, 0, 1, 1, 0, 0, 0, 1, 2, 1, 0, 0, 1, 0, 2, 0, 0, 0, 0, 1, 2, 0, 1, 0, 0, 0, 0, 2]|[4, 3, 2, 2, 0, 0, 2, 2, 2, 4, 1, 1, 2, 4, 4, 1, 1, 4, 2, 1, 1, 1, 1, 2, 1, 2, 1, 1, 1, 1, 3, 2, 3, 0, 4, 0, 1, 1, 0, 3, 2, 2, 4, 0, 1, 1, 0, 2, 0, 1, 2, 2, 1, 4, 0, 3, 2, 1, 1, 2, 1, 3, 1, 1, 1, 3, 0, 4, 3, 1, 4, 1, 1, 2, 4, 4, 2, 1, 1, 3, 1, 3, 1, 1, 1, 1, 1, 1, 2, 1, 2, 3, 1, 1, 1, 2, 2, 2, 2, 1]|[0, 2, 1, 1, 3, 3, 0, 1, 0, 0, 0, 0, 1, 0, 1, 0, 0, 3, 1, 0, 0, 0, 3, 1, 0, 2, 0, 0, 0, 1, 0, 0, 0, 0, 3, 0, 1, 0, 0, 2, 1, 1, 2, 0, 0, 0, 0, 1, 1, 0, 0, 0, 1, 3, 0, 0, 1, 0, 0, 1, 0, 2, 0, 1, 0, 2, 1, 0, 0, 1, 1, 3, 0, 1, 3, 3, 1, 0, 0, 2, 0, 0, 0, 0, 1, 0, 0, 0, 1, 0, 1, 2, 0, 1, 1, 0, 0, 0, 0, 0],833.2154215640596,57825.44465227681,88905.52377856613,false
41,G1_CMAX,G2_TEC,[31, 22, 82, 15, 26, 9, 95, 42, 77, 68, 47, 5, 93, 78, 86, 54, 85, 63, 18, 44, 20, 49, 36, 14, 74, 50, 53, 17, 21, 28, 11, 64, 3, 23, 30, 83, 24, 41, 40, 52, 65, 27, 90, 70, 39, 87, 48, 69, 99, 4, 75, 1, 13, 58, 97, 59, 45, 8, 73, 37, 35, 79, 71, 66, 76, 32, 60, 80, 56, 6, 67, 61, 33, 7, 57, 34, 12, 16, 10, 98, 96, 88, 43, 46, 91, 38, 84, 92, 29, 19, 51, 55, 81, 89, 25, 72, 94, 2, 62, 0]|[2, 1, 2, 1, 1, 2, 1, 1, 1, 1, 1, 0, 2, 2, 1, 2, 0, 0, 0, 2, 2, 1, 0, 2, 0, 2, 2, 1, 0, 1, 1, 1, 0, 0, 1, 0, 2, 1, 2, 2, 0, 0, 1, 1, 0, 2, 0, 2, 1, 0, 0, 2, 0, 0, 2, 0, 1, 1, 0, 0, 2, 1, 1, 2, 2, 0, 2, 2, 0, 1, 2, 1, 1, 2, 0, 1, 1, 2, 1, 2, 0, 1, 1, 0, 1, 0, 0, 0, 1, 1, 1, 0, 1, 1, 1, 1, 2, 2, 1, 0]|[0, 3, 0, 3, 4, 1, 4, 4, 2, 4, 3, 2, 1, 0, 2, 1, 1, 1, 2, 1, 1, 3, 0, 1, 0, 1, 1, 4, 1, 4, 3, 2, 2, 0, 4, 1, 1, 4, 1, 1, 2, 1, 4, 4, 1, 1, 0, 2, 3, 2, 2, 1, 2, 1, 1, 2, 4, 3, 0, 2, 2, 3, 3, 1, 1, 2, 1, 1, 2, 4, 1, 3, 4, 1, 2, 4, 3, 1, 3, 1, 2, 4, 4, 2, 3, 2, 2, 2, 3, 4, 3, 2, 4, 4, 4, 4, 1, 1, 3, 2]|[0, 2, 0, 0, 3, 0, 1, 3, 0, 0, 2, 0, 1, 0, 1, 0, 0, 0, 1, 0, 0, 2, 0, 0, 1, 0, 0, 3, 0, 1, 0, 2, 0, 0, 3, 0, 1, 1, 0, 0, 0, 0, 1, 3, 0, 0, 1, 0, 2, 0, 0, 0, 0, 1, 1, 0, 1, 0, 1, 1, 0, 2, 0, 0, 0, 0, 0, 0, 0, 2, 0, 0, 1, 0, 0, 1, 0, 0, 3, 0, 0, 1, 2, 0, 0, 0, 0, 0, 3, 1, 0, 0, 2, 1, 3, 1, 0, 0, 0, 0],885.6123526659268,49549.8041401863,105205.43819517635,true
41,G4_BALANCED,G4_BALANCED,[31, 22, 82, 15, 26, 58, 95, 42, 77, 12, 47, 5, 93, 78, 98, 54, 85, 63, 18, 44, 20, 35, 43, 97, 91, 76, 10, 30, 21, 45, 71, 64, 1, 23, 17, 83, 24, 14, 60, 36, 6, 57, 94, 88, 65, 56, 79, 40, 67, 68, 46, 75, 38, 9, 19, 32, 81, 41, 27, 87, 90, 99, 62, 59, 11, 16, 72, 73, 70, 39, 37, 84, 92, 25, 55, 48, 3, 29, 51, 96, 33, 61, 89, 28, 53, 50, 4, 7, 86, 80, 52, 66, 34, 49, 8, 0, 74, 69, 2, 13]|[1, 1, 0, 1, 1, 1, 2, 1, 2, 1, 2, 2, 2, 1, 1, 0, 0, 1, 0, 2, 2, 0, 1, 2, 0, 1, 2, 2, 0, 0, 1, 2, 1, 2, 1, 0, 2, 0, 1, 1, 0, 1, 1, 1, 0, 2, 1, 1, 0, 0, 0, 0, 1, 1, 2, 1, 2, 0, 0, 2, 1, 0, 0, 1, 2, 1, 2, 1, 1, 1, 1, 1, 0, 1, 1, 0, 1, 0, 0, 2, 2, 1, 1, 0, 0, 0, 0, 2, 0, 0, 1, 2, 2, 0, 1, 0, 2, 1, 0, 0]|[4, 3, 2, 2, 0, 0, 2, 2, 2, 4, 1, 1, 2, 4, 4, 1, 2, 4, 2, 1, 1, 1, 1, 2, 1, 2, 1, 1, 2, 1, 3, 2, 3, 1, 4, 0, 1, 1, 0, 3, 2, 2, 2, 0, 1, 1, 0, 4, 0, 1, 2, 2, 1, 4, 0, 3, 2, 1, 1, 1, 3, 1, 2, 1, 1, 3, 0, 4, 1, 4, 4, 1, 2, 4, 4, 1, 1, 1, 1, 1, 1, 3, 1, 2, 2, 1, 2, 1, 1, 1, 1, 1, 1, 1, 3, 2, 1, 3, 2, 2]|[0, 2, 1, 1, 3, 3, 0, 1, 0, 0, 0, 0, 1, 0, 1, 0, 0, 3, 1, 0, 0, 0, 3, 1, 0, 2, 0, 0, 0, 1, 0, 0, 0, 0, 3, 0, 1, 0, 0, 2, 1, 1, 1, 0, 0, 0, 0, 2, 1, 0, 0, 0, 1, 3, 0, 0, 1, 0, 0, 0, 2, 0, 1, 1, 0, 2, 1, 0, 1, 1, 1, 3, 1, 3, 3, 0, 1, 0, 0, 0, 0, 0, 1, 1, 1, 0, 1, 0, 0, 0, 1, 0, 0, 1, 2, 0, 0, 0, 0, 0],763.7796217773907,57544.03538968952,90956.3669150055,false
41,G2_TEC,G2_TEC,[31, 22, 82, 15, 26, 9, 95, 42, 77, 68, 47, 5, 93, 78, 86, 54, 85, 63, 18, 44, 20, 49, 36, 14, 74, 50, 53, 17, 21, 28, 11, 64, 3, 23, 30, 83, 24, 41, 40, 52, 65, 27, 90, 70, 39, 87, 48, 69, 99, 4, 46, 1, 13, 58, 97, 59, 45, 8, 73, 37, 35, 79, 71, 66, 76, 32, 60, 80, 56, 6, 67, 61, 33, 7, 57, 34, 12, 16, 10, 98, 96, 88, 43, 75, 91, 2, 84, 29, 92, 19, 51, 55, 81, 89, 25, 62, 94, 38, 0, 72]|[2, 1, 2, 1, 1, 2, 1, 1, 1, 1, 1, 0, 2, 2, 1, 2, 0, 0, 0, 2, 2, 1, 0, 2, 0, 2, 2, 1, 0, 1, 1, 1, 0, 0, 1, 0, 2, 1, 2, 2, 0, 0, 1, 1, 0, 2, 0, 2, 1, 0, 0, 2, 0, 0, 2, 0, 1, 1, 0, 0, 2, 1, 1, 2, 2, 0, 2, 2, 2, 1, 2, 1, 1, 2, 0, 1, 1, 2, 1, 2, 0, 1, 1, 0, 1, 0, 0, 1, 0, 1, 1, 0, 1, 1, 1, 1, 2, 0, 2, 1]|[0, 3, 0, 3, 4, 1, 4, 4, 2, 4, 3, 2, 1, 0, 2, 1, 1, 1, 2, 1, 1, 3, 0, 1, 0, 1, 1, 4, 1, 4, 3, 2, 2, 0, 4, 1, 1, 4, 1, 1, 2, 1, 4, 4, 1, 1, 0, 2, 3, 2, 2, 1, 2, 1, 1, 2, 4, 3, 0, 2, 1, 3, 3, 1, 1, 2, 1, 1, 1, 4, 1, 3, 4, 1, 2, 4, 3, 1, 3, 1, 2, 4, 4, 2, 3, 2, 2, 3, 2, 4, 3, 2, 4, 4, 4, 3, 1, 2, 1, 4]|[0, 2, 0, 0, 3, 0, 1, 3, 0, 0, 2, 0, 1, 0, 1, 0, 0, 0, 1, 0, 0, 2, 0, 0, 1, 0, 0, 3, 0, 1, 0, 2, 0, 0, 3, 0, 1, 1, 0, 0, 0, 0, 1, 3, 0, 0, 1, 0, 2, 0, 0, 0, 0, 0, 1, 0, 1, 0, 1, 1, 0, 2, 0, 0, 0, 0, 0, 0, 0, 2, 0, 0, 1, 0, 0, 1, 0, 0, 3, 0, 0, 1, 2, 0, 0, 0, 0, 3, 0, 1, 0, 0, 2, 1, 3, 0, 0, 0, 0, 1],914.0597544875216,49173.30366922346,107616.27616016247,false
41,G3_TWC,G3_TWC,[31, 22, 82, 15, 26, 58, 95, 42, 77, 12, 47, 5, 93, 78, 98, 54, 85, 63, 18, 44, 20, 35, 43, 97, 91, 76, 10, 30, 21, 45, 71, 64, 1, 23, 17, 83, 24, 14, 60, 36, 6, 57, 94, 88, 65, 56, 79, 40, 67, 68, 46, 75, 39, 9, 19, 32, 81, 96, 27, 62, 87, 90, 99, 59, 11, 16, 72, 73, 70, 38, 37, 84, 3, 92, 25, 55, 28, 29, 51, 7, 33, 61, 86, 48, 89, 50, 69, 41, 53, 80, 4, 8, 34, 49, 52, 0, 13, 74, 2, 66]|[1, 1, 0, 1, 1, 1, 2, 1, 2, 1, 2, 2, 2, 1, 1, 0, 0, 1, 0, 2, 2, 0, 1, 2, 0, 1, 2, 2, 0, 0, 1, 2, 1, 2, 1, 0, 2, 0, 1, 1, 0, 1, 1, 1, 0, 2, 1, 1, 0, 0, 0, 0, 1, 1, 2, 1, 2, 0, 0, 0, 2, 1, 0, 1, 2, 1, 2, 1, 1, 1, 1, 1, 2, 0, 1, 1, 0, 0, 0, 1, 2, 1, 0, 0, 1, 0, 2, 0, 0, 0, 0, 1, 2, 0, 1, 0, 0, 0, 0, 2]|[4, 3, 2, 2, 0, 0, 2, 2, 2, 4, 1, 1, 2, 4, 4, 1, 1, 4, 2, 1, 1, 1, 1, 2, 1, 2, 1, 1, 1, 1, 3, 2, 3, 0, 4, 0, 1, 1, 0, 3, 2, 2, 4, 0, 1, 1, 0, 2, 0, 1, 2, 2, 1, 4, 0, 3, 2, 1, 1, 2, 1, 3, 1, 1, 1, 3, 0, 4, 3, 1, 4, 1, 1, 2, 4, 4, 2, 1, 1, 3, 1, 3, 1, 1, 1, 1, 1, 1, 2, 1, 2, 3, 1, 1, 1, 2, 2, 2, 2, 1]|[0, 2, 1, 1, 3, 3, 0, 1, 0, 0, 0, 0, 1, 0, 1, 0, 0, 3, 1, 0, 0, 0, 3, 1, 0, 2, 0, 0, 0, 1, 0, 0, 0, 0, 3, 0, 1, 0, 0, 2, 1, 1, 2, 0, 0, 0, 0, 1, 1, 0, 0, 0, 1, 3, 0, 0, 1, 0, 0, 1, 0, 2, 0, 1, 0, 2, 1, 0, 0, 1, 1, 3, 0, 1, 3, 3, 1, 0, 0, 2, 0, 0, 0, 0, 1, 0, 0, 0, 1, 0, 1, 2, 0, 1, 1, 0, 0, 0, 0, 0],833.2154215640596,57825.44465227681,88905.52377856613,false
41,G1_CMAX,G1_CMAX,[31, 22, 82, 15, 26, 58, 95, 42, 77, 12, 47, 5, 93, 78, 98, 54, 85, 63, 18, 44, 81, 35, 43, 97, 91, 76, 10, 30, 21, 45, 71, 64, 1, 23, 17, 83, 24, 14, 60, 36, 6, 57, 94, 88, 65, 56, 79, 40, 67, 68, 46, 75, 38, 9, 19, 32, 20, 41, 27, 62, 87, 90, 99, 59, 11, 16, 72, 73, 70, 39, 37, 84, 3, 92, 25, 48, 28, 29, 51, 7, 33, 61, 86, 52, 89, 50, 69, 96, 53, 80, 8, 4, 34, 66, 55, 2, 13, 0, 49, 74]|[1, 1, 0, 1, 1, 1, 2, 1, 2, 1, 2, 2, 2, 1, 1, 0, 0, 1, 0, 2, 2, 0, 1, 2, 0, 1, 2, 2, 0, 0, 1, 2, 1, 2, 1, 0, 2, 0, 1, 1, 0, 1, 1, 1, 0, 2, 1, 1, 0, 0, 0, 0, 1, 1, 2, 1, 2, 0, 0, 0, 2, 1, 0, 1, 2, 1, 2, 1, 1, 1, 1, 1, 2, 0, 1, 0, 0, 0, 0, 1, 2, 1, 0, 1, 1, 0, 1, 0, 0, 0, 1, 0, 2, 2, 1, 0, 0, 0, 0, 2]|[4, 3, 2, 2, 0, 0, 2, 2, 2, 4, 1, 1, 2, 4, 4, 1, 2, 4, 2, 1, 1, 1, 1, 2, 1, 2, 1, 1, 1, 1, 3, 2, 3, 0, 4, 0, 1, 1, 0, 3, 2, 2, 4, 0, 1, 1, 0, 2, 0, 1, 2, 2, 1, 4, 0, 3, 1, 1, 1, 2, 1, 3, 1, 1, 1, 3, 0, 4, 3, 1, 4, 1, 1, 2, 4, 1, 2, 1, 1, 3, 1, 3, 1, 1, 1, 1, 3, 1, 2, 1, 3, 2, 1, 1, 4, 2, 2, 2, 1, 1]|[0, 2, 1, 1, 3, 3, 0, 1, 0, 0, 0, 0, 1, 0, 1, 0, 0, 3, 1, 0, 0, 0, 3, 1, 0, 2, 0, 0, 0, 1, 0, 0, 0, 0, 3, 0, 1, 0, 0, 2, 1, 1, 2, 0, 0, 0, 0, 1, 1, 0, 0, 0, 1, 3, 0, 0, 0, 0, 0, 1, 0, 2, 0, 1, 0, 2, 1, 0, 0, 1, 1, 3, 0, 1, 3, 0, 1, 0, 0, 2, 0, 0, 0, 1, 1, 0, 0, 0, 1, 0, 2, 1, 0, 0, 3, 0, 0, 0, 1, 0],806.6288112151084,57276.704398857655,90355.53045363375,false
41,G4_BALANCED,G4_BALANCED,[31, 22, 82, 15, 26, 58, 95, 42, 77, 12, 47, 5, 93, 78, 98, 54, 85, 63, 18, 44, 20, 35, 43, 97, 91, 76, 10, 30, 21, 45, 71, 64, 1, 23, 17, 83, 24, 14, 60, 36, 6, 57, 94, 88, 65, 56, 79, 40, 67, 68, 46, 75, 38, 9, 19, 32, 81, 41, 27, 62, 87, 90, 99, 59, 11, 16, 72, 73, 70, 39, 37, 84, 3, 92, 25, 55, 28, 29, 51, 7, 33, 61, 86, 48, 89, 50, 69, 96, 53, 80, 8, 4, 34, 66, 52, 2, 13, 0, 49, 74]|[1, 1, 0, 1, 1, 1, 2, 1, 2, 1, 2, 2, 2, 1, 1, 0, 0, 1, 0, 2, 2, 0, 1, 2, 0, 1, 2, 2, 0, 0, 1, 2, 1, 0, 1, 0, 2, 0, 1, 1, 0, 1, 1, 1, 0, 2, 1, 1, 0, 0, 0, 0, 1, 1, 2, 1, 2, 0, 0, 0, 2, 1, 0, 1, 2, 1, 2, 1, 1, 1, 1, 1, 1, 0, 1, 1, 0, 0, 0, 1, 2, 1, 0, 0, 1, 0, 1, 0, 0, 0, 1, 0, 2, 0, 1, 0, 0, 0, 0, 2]|[4, 3, 2, 2, 0, 0, 2, 2, 2, 4, 1, 1, 2, 4, 4, 1, 2, 4, 2, 1, 1, 1, 1, 2, 1, 2, 1, 1, 1, 1, 3, 2, 3, 1, 4, 1, 1, 1, 0, 3, 2, 2, 4, 0, 1, 1, 0, 2, 0, 1, 2, 2, 1, 4, 0, 3, 2, 1, 1, 2, 1, 3, 1, 1, 1, 3, 1, 4, 3, 1, 4, 1, 1, 2, 4, 4, 2, 1, 1, 3, 1, 3, 1, 1, 1, 1, 3, 1, 2, 1, 3, 2, 1, 1, 1, 2, 2, 2, 1, 1]|[0, 2, 1, 1, 3, 3, 0, 1, 0, 0, 0, 0, 1, 0, 1, 0, 0, 3, 1, 0, 0, 0, 3, 1, 0, 2, 0, 0, 0, 1, 0, 0, 0, 0, 3, 0, 1, 0, 0, 2, 1, 1, 2, 0, 0, 0, 0, 1, 1, 0, 0, 0, 1, 3, 0, 0, 1, 0, 0, 1, 0, 2, 0, 1, 0, 2, 0, 0, 0, 1, 1, 3, 1, 1, 3, 3, 1, 0, 0, 2, 0, 0, 0, 0, 1, 0, 0, 0, 1, 0, 2, 1, 0, 0, 1, 0, 0, 0, 1, 0],889.2470312072492,57159.808199752144,89965.4875779108,false
41,G2_TEC,G2_TEC,[31, 22, 82, 15, 26, 9, 95, 42, 77, 68, 47, 5, 93, 78, 86, 54, 85, 63, 18, 44, 20, 49, 36, 14, 74, 50, 53, 17, 21, 28, 11, 64, 3, 23, 30, 83, 24, 41, 40, 52, 65, 27, 90, 70, 39, 87, 48, 69, 99, 4, 46, 1, 13, 58, 97, 59, 45, 8, 73, 37, 35, 79, 71, 66, 76, 32, 60, 80, 56, 6, 67, 61, 33, 7, 57, 34, 12, 16, 10, 98, 96, 88, 43, 75, 91, 2, 84, 29, 92, 19, 51, 55, 81, 89, 25, 62, 94, 38, 0, 72]|[2, 1, 2, 1, 1, 2, 1, 1, 1, 1, 1, 0, 2, 2, 1, 2, 0, 0, 0, 2, 2, 1, 0, 2, 0, 2, 2, 1, 0, 1, 1, 1, 0, 0, 1, 0, 2, 1, 2, 2, 0, 0, 1, 1, 0, 2, 0, 2, 1, 0, 0, 2, 0, 0, 2, 0, 1, 1, 0, 0, 2, 1, 1, 2, 2, 0, 2, 2, 2, 1, 2, 1, 1, 2, 0, 1, 1, 2, 1, 2, 0, 1, 1, 0, 1, 0, 0, 1, 0, 1, 1, 0, 1, 1, 1, 1, 2, 0, 2, 1]|[0, 3, 0, 3, 4, 1, 4, 4, 2, 4, 3, 2, 1, 0, 2, 1, 1, 1, 2, 1, 1, 3, 0, 1, 0, 1, 1, 4, 1, 4, 3, 2, 2, 0, 4, 1, 1, 4, 1, 1, 2, 1, 4, 4, 1, 1, 0, 2, 3, 2, 2, 1, 2, 1, 1, 2, 4, 3, 0, 2, 1, 3, 3, 1, 1, 2, 1, 1, 1, 4, 1, 3, 4, 1, 2, 4, 3, 1, 3, 1, 2, 4, 4, 2, 3, 2, 2, 3, 2, 4, 3, 2, 4, 4, 4, 3, 1, 2, 1, 4]|[0, 2, 0, 0, 3, 0, 1, 3, 0, 0, 2, 0, 1, 0, 1, 0, 0, 0, 1, 0, 0, 2, 0, 0, 1, 0, 0, 3, 0, 1, 0, 2, 0, 0, 3, 0, 1, 1, 0, 0, 0, 0, 1, 3, 0, 0, 1, 0, 2, 0, 0, 0, 0, 0, 1, 0, 1, 0, 1, 1, 0, 2, 0, 0, 0, 0, 0, 0, 0, 2, 0, 0, 1, 0, 0, 1, 0, 0, 3, 0, 0, 1, 2, 0, 0, 0, 0, 3, 0, 1, 0, 0, 2, 1, 3, 0, 0, 0, 0, 1],914.0597544875216,49173.30366922346,107616.27616016247,false
41,G3_TWC,G4_BALANCED,[31, 22, 82, 15, 26, 58, 95, 42, 77, 12, 47, 5, 93, 78, 98, 54, 85, 63, 18, 44, 20, 35, 43, 97, 91, 76, 10, 30, 21, 45, 71, 64, 1, 23, 17, 83, 24, 14, 60, 36, 6, 57, 94, 88, 65, 56, 79, 40, 67, 68, 46, 75, 39, 9, 19, 32, 81, 96, 27, 62, 87, 90, 99, 59, 11, 16, 72, 73, 70, 38, 37, 84, 3, 92, 25, 55, 28, 29, 51, 7, 33, 61, 86, 48, 89, 50, 66, 41, 53, 80, 4, 8, 34, 49, 52, 0, 13, 2, 69, 74]|[1, 1, 0, 1, 1, 1, 2, 1, 2, 1, 2, 2, 2, 1, 1, 0, 0, 1, 0, 2, 2, 0, 1, 2, 0, 1, 2, 2, 0, 0, 1, 2, 1, 2, 1, 0, 2, 0, 1, 1, 0, 1, 1, 1, 0, 2, 1, 1, 0, 0, 0, 0, 1, 1, 2, 1, 2, 2, 0, 0, 2, 1, 0, 1, 2, 1, 2, 1, 1, 1, 1, 1, 2, 0, 1, 1, 0, 0, 0, 1, 2, 1, 0, 0, 1, 0, 2, 0, 0, 0, 0, 1, 2, 0, 1, 0, 0, 0, 1, 2]|[4, 3, 2, 2, 0, 0, 2, 2, 2, 4, 1, 1, 2, 4, 4, 1, 1, 4, 2, 1, 1, 1, 1, 2, 1, 2, 1, 1, 1, 1, 3, 2, 3, 0, 4, 0, 1, 1, 0, 3, 2, 2, 4, 0, 1, 1, 0, 2, 0, 1, 2, 2, 1, 4, 0, 3, 2, 1, 1, 2, 1, 3, 1, 1, 1, 3, 1, 4, 3, 1, 4, 1, 1, 2, 4, 4, 2, 1, 1, 3, 1, 3, 1, 1, 1, 1, 1, 1, 2, 1, 2, 3, 1, 1, 1, 2, 2, 2, 4, 1]|[0, 2, 1, 1, 3, 3, 0, 1, 0, 0, 0, 0, 1, 0, 1, 0, 0, 3, 1, 0, 0, 0, 3, 1, 0, 2, 0, 0, 0, 1, 0, 0, 0, 0, 3, 0, 1, 0, 0, 2, 1, 1, 2, 0, 0, 0, 0, 1, 1, 0, 0, 0, 1, 3, 0, 0, 1, 0, 0, 1, 0, 2, 0, 1, 0, 2, 0, 0, 0, 1, 1, 3, 0, 1, 3, 3, 1, 0, 0, 2, 0, 0, 0, 0, 1, 0, 0, 0, 1, 0, 1, 2, 0, 1, 1, 0, 0, 0, 2, 0],776.1126689117092,57372.3664750505,91027.09645349914,true
42,G1_CMAX,G3_TWC,[31, 22, 82, 15, 26, 58, 95, 42, 77, 12, 47, 5, 93, 78, 98, 54, 85, 63, 18, 44, 20, 35, 43, 97, 91, 76, 10, 30, 21, 45, 71, 64, 1, 23, 17, 83, 24, 14, 60, 36, 6, 57, 94, 88, 65, 56, 79, 40, 67, 68, 46, 75, 38, 9, 19, 32, 81, 41, 27, 62, 87, 90, 99, 59, 28, 16, 48, 73, 70, 39, 37, 84, 3, 92, 25, 55, 11, 29, 51, 50, 33, 61, 86, 72, 89, 7, 66, 96, 53, 80, 4, 8, 34, 49, 52, 0, 13, 2, 69, 74]|[1, 1, 0, 1, 1, 1, 2, 1, 2, 1, 2, 2, 2, 1, 1, 0, 0, 1, 0, 2, 2, 0, 1, 2, 0, 1, 2, 2, 0, 0, 1, 2, 1, 2, 1, 0, 2, 0, 1, 1, 0, 1, 1, 1, 0, 2, 1, 1, 0, 0, 0, 0, 1, 1, 2, 1, 2, 0, 0, 0, 2, 1, 0, 1, 0, 1, 0, 1, 1, 1, 1, 1, 2, 0, 1, 1, 2, 0, 0, 0, 2, 1, 0, 0, 1, 1, 2, 2, 0, 0, 0, 1, 2, 0, 1, 0, 0, 0, 1, 2]|[4, 3, 2, 2, 0, 0, 2, 2, 2, 4, 1, 1, 2, 4, 4, 1, 1, 4, 2, 1, 1, 1, 1, 2, 1, 2, 1, 1, 1, 1, 3, 2, 3, 1, 4, 0, 2, 1, 0, 3, 2, 2, 4, 0, 1, 1, 0, 2, 0, 1, 2, 2, 1, 4, 0, 3, 2, 1, 1, 2, 1, 3, 1, 1, 2, 3, 1, 4, 3, 1, 4, 1, 1, 2, 4, 4, 1, 1, 1, 1, 1, 3, 1, 1, 1, 3, 1, 1, 2, 1, 2, 3, 1, 1, 1, 2, 2, 2, 3, 1]|[0, 2, 1, 1, 3, 3, 0, 1, 0, 0, 0, 0, 1, 0, 1, 0, 0, 3, 1, 0, 0, 0, 3, 1, 0, 2, 0, 0, 0, 1, 0, 0, 0, 0, 3, 0, 1, 0, 0, 2, 1, 1, 2, 0, 0, 0, 0, 1, 1, 0, 0, 0, 1, 3, 0, 0, 1, 0, 0, 1, 0, 2, 0, 1, 1, 2, 0, 0, 0, 1, 1, 3, 0, 1, 3, 3, 0, 0, 0, 0, 0, 0, 0, 0, 1, 2, 0, 0, 1, 0, 1, 2, 0, 1, 1, 0, 0, 0, 0, 0],813.6565443810765,57187.836851994536,90333.86192002815,true
42,G4_BALANCED,G1_CMAX,[22, 82, 3, 58, 95, 42, 77, 47, 5, 93, 78, 12, 86, 54, 50, 63, 18, 44, 20, 35, 43, 97, 91, 76, 10, 30, 21, 45, 71, 64, 36, 23, 17, 83, 24, 14, 60, 1, 6, 40, 57, 90, 65, 56, 79, 94, 67, 68, 46, 75, 38, 9, 19, 32, 81, 41, 27, 62, 16, 55, 59, 89, 88, 87, 31, 72, 73, 70, 39, 37, 84, 92, 25, 11, 48, 15, 29, 51, 7, 33, 61, 98, 28, 99, 26, 85, 66, 96, 53, 80, 4, 8, 34, 49, 52, 2, 13, 0, 69, 74]|[1, 0, 1, 0, 1, 2, 2, 2, 2, 2, 1, 1, 1, 0, 0, 1, 0, 2, 2, 0, 1, 2, 0, 1, 2, 2, 0, 0, 1, 2, 1, 2, 1, 0, 2, 0, 1, 1, 0, 1, 1, 1, 0, 2, 1, 1, 0, 0, 0, 0, 1, 1, 2, 1, 2, 0, 0, 0, 1, 2, 1, 1, 1, 1, 1, 2, 1, 2, 1, 1, 1, 0, 1, 2, 2, 1, 0, 0, 1, 2, 1, 2, 0, 1, 1, 0, 0, 2, 0, 0, 1, 1, 2, 0, 1, 0, 0, 0, 1, 2]|[3, 2, 1, 1, 2, 1, 2, 1, 1, 2, 4, 4, 4, 1, 1, 4, 2, 1, 1, 1, 1, 2, 1, 2, 1, 1, 2, 1, 3, 2, 3, 1, 4, 1, 1, 1, 0, 3, 2, 2, 2, 3, 1, 1, 0, 4, 0, 1, 2, 2, 1, 4, 0, 3, 2, 1, 1, 2, 3, 1, 1, 1, 0, 3, 0, 0, 3, 0, 1, 4, 1, 0, 4, 1, 1, 4, 1, 1, 1, 1, 3, 1, 2, 1, 0, 2, 1, 1, 2, 1, 4, 3, 1, 1, 1, 2, 2, 2, 4, 1]|[3, 1, 2, 0, 1, 0, 0, 0, 0, 1, 0, 0, 1, 0, 0, 3, 1, 0, 0, 0, 3, 1, 0, 2, 0, 0, 0, 1, 0, 0, 2, 0, 3, 0, 1, 0, 0, 0, 1, 1, 1, 2, 0, 0, 0, 2, 1, 0, 0, 0, 1, 3, 0, 0, 1, 0, 0, 1, 2, 0, 1, 1, 0, 2, 0, 1, 0, 1, 1, 1, 1, 1, 3, 0, 0, 3, 0, 0, 2, 0, 0, 0, 1, 1, 3, 0, 0, 0, 1, 0, 0, 2, 0, 1, 1, 0, 0, 0, 2, 0],715.7913946700162,58060.95961022334,95287.06515100288,true
42,G2_TEC,G2_TEC,[31, 22, 82, 15, 26, 9, 95, 42, 77, 68, 47, 5, 93, 78, 86, 54, 85, 63, 18, 44, 20, 49, 36, 14, 74, 50, 53, 17, 21, 28, 11, 64, 3, 23, 30, 83, 24, 41, 40, 52, 65, 27, 90, 70, 39, 87, 48, 69, 99, 4, 46, 1, 13, 58, 97, 59, 45, 8, 73, 37, 35, 79, 71, 66, 76, 32, 60, 80, 56, 6, 67, 61, 33, 7, 57, 34, 12, 16, 10, 98, 96, 88, 43, 75, 91, 2, 84, 29, 92, 19, 51, 55, 81, 89, 25, 62, 94, 38, 0, 72]|[2, 1, 2, 1, 1, 2, 1, 1, 1, 1, 1, 0, 2, 2, 1, 2, 0, 0, 0, 2, 2, 1, 0, 2, 0, 2, 2, 1, 0, 1, 1, 1, 0, 0, 1, 0, 2, 1, 2, 2, 0, 0, 1, 1, 0, 2, 0, 2, 1, 0, 0, 2, 0, 0, 2, 0, 1, 1, 0, 0, 2, 1, 1, 2, 2, 0, 2, 2, 2, 1, 2, 1, 1, 2, 0, 1, 1, 2, 1, 2, 0, 1, 1, 0, 1, 0, 0, 1, 0, 1, 1, 0, 1, 1, 1, 1, 2, 0, 2, 1]|[0, 3, 0, 3, 4, 1, 4, 4, 2, 4, 3, 2, 1, 0, 2, 1, 1, 1, 2, 1, 1, 3, 0, 1, 0, 1, 1, 4, 1, 4, 3, 2, 2, 0, 4, 1, 1, 4, 1, 1, 2, 1, 4, 4, 1, 1, 0, 2, 3, 2, 2, 1, 2, 1, 1, 2, 4, 3, 0, 2, 1, 3, 3, 1, 1, 2, 1, 1, 1, 4, 1, 3, 4, 1, 2, 4, 3, 1, 3, 1, 2, 4, 4, 2, 3, 2, 2, 3, 2, 4, 3, 2, 4, 4, 4, 3, 1, 2, 1, 4]|[0, 2, 0, 0, 3, 0, 1, 3, 0, 0, 2, 0, 1, 0, 1, 0, 0, 0, 1, 0, 0, 2, 0, 0, 1, 0, 0, 3, 0, 1, 0, 2, 0, 0, 3, 0, 1, 1, 0, 0, 0, 0, 1, 3, 0, 0, 1, 0, 2, 0, 0, 0, 0, 0, 1, 0, 1, 0, 1, 1, 0, 2, 0, 0, 0, 0, 0, 0, 0, 2, 0, 0, 1, 0, 0, 1, 0, 0, 3, 0, 0, 1, 2, 0, 0, 0, 0, 3, 0, 1, 0, 0, 2, 1, 3, 0, 0, 0, 0, 1],914.0597544875216,49173.30366922346,107616.27616016247,false
42,G3_TWC,G4_BALANCED,[31, 22, 82, 15, 26, 58, 95, 42, 77, 12, 47, 5, 93, 78, 98, 54, 85, 63, 18, 44, 20, 35, 43, 97, 91, 76, 10, 30, 21, 45, 71, 64, 1, 23, 17, 83, 24, 14, 60, 36, 6, 57, 94, 88, 65, 56, 79, 40, 67, 68, 46, 75, 39, 9, 19, 32, 81, 96, 27, 62, 87, 90, 99, 59, 11, 16, 72, 73, 70, 38, 37, 84, 3, 92, 25, 55, 28, 29, 51, 7, 33, 61, 86, 48, 89, 50, 66, 41, 53, 80, 4, 8, 34, 49, 52, 0, 13, 2, 69, 74]|[1, 1, 0, 1, 1, 1, 2, 1, 2, 1, 2, 2, 2, 1, 1, 0, 0, 1, 0, 2, 2, 0, 1, 2, 0, 1, 2, 2, 0, 0, 1, 2, 1, 2, 1, 0, 2, 0, 1, 1, 0, 1, 1, 1, 0, 2, 1, 1, 0, 0, 0, 0, 1, 1, 2, 1, 2, 2, 0, 0, 2, 1, 0, 1, 2, 1, 2, 1, 1, 1, 1, 1, 2, 0, 1, 1, 0, 0, 0, 1, 2, 1, 0, 0, 1, 0, 2, 0, 0, 0, 0, 1, 2, 0, 1, 0, 0, 0, 1, 2]|[4, 3, 2, 2, 0, 0, 2, 2, 2, 4, 1, 1, 2, 4, 4, 1, 1, 4, 2, 1, 1, 1, 1, 2, 1, 2, 1, 1, 1, 1, 3, 2, 3, 0, 4, 0, 1, 1, 0, 3, 2, 2, 4, 0, 1, 1, 0, 2, 0, 1, 2, 2, 1, 4, 0, 3, 2, 1, 1, 2, 1, 3, 1, 1, 1, 3, 1, 4, 3, 1, 4, 1, 1, 2, 4, 4, 2, 1, 1, 3, 1, 3, 1, 1, 1, 1, 1, 1, 2, 1, 2, 3, 1, 1, 1, 2, 2, 2, 4, 1]|[0, 2, 1, 1, 3, 3, 0, 1, 0, 0, 0, 0, 1, 0, 1, 0, 0, 3, 1, 0, 0, 0, 3, 1, 0, 2, 0, 0, 0, 1, 0, 0, 0, 0, 3, 0, 1, 0, 0, 2, 1, 1, 2, 0, 0, 0, 0, 1, 1, 0, 0, 0, 1, 3, 0, 0, 1, 0, 0, 1, 0, 2, 0, 1, 0, 2, 0, 0, 0, 1, 1, 3, 0, 1, 3, 3, 1, 0, 0, 2, 0, 0, 0, 0, 1, 0, 0, 0, 1, 0, 1, 2, 0, 1, 1, 0, 0, 0, 2, 0],776.1126689117092,57372.3664750505,91027.09645349914,true
42,G1_CMAX,G1_CMAX,[31, 22, 82, 90, 26, 58, 95, 42, 77, 12, 93, 5, 78, 86, 98, 18, 44, 20, 35, 3, 97, 91, 76, 10, 85, 30, 47, 54, 45, 63, 71, 66, 1, 23, 17, 83, 24, 14, 60, 36, 6, 57, 40, 88, 65, 56, 79, 94, 67, 68, 46, 75, 38, 9, 19, 32, 81, 27, 62, 87, 15, 99, 59, 11, 16, 72, 73, 70, 39, 37, 84, 43, 80, 53, 96, 4, 50, 41, 89, 48, 21, 61, 33, 7, 51, 29, 28, 55, 25, 92, 8, 69, 0, 74, 52, 2, 13, 34, 49, 64]|[1, 1, 0, 1, 1, 0, 2, 1, 2, 1, 2, 2, 2, 1, 0, 1, 0, 2, 2, 1, 2, 2, 1, 2, 2, 2, 2, 0, 0, 0, 1, 2, 1, 2, 1, 0, 2, 0, 1, 1, 0, 1, 1, 1, 0, 2, 1, 1, 0, 0, 0, 1, 1, 1, 2, 1, 2, 0, 0, 2, 1, 0, 1, 2, 1, 2, 1, 1, 1, 1, 1, 1, 0, 0, 2, 1, 0, 0, 1, 0, 0, 1, 2, 1, 0, 0, 0, 1, 1, 0, 0, 1, 0, 2, 1, 0, 0, 2, 0, 2]|[3, 0, 2, 3, 0, 1, 1, 2, 2, 4, 1, 1, 0, 4, 1, 4, 2, 1, 1, 1, 2, 2, 2, 1, 1, 1, 2, 1, 1, 2, 3, 2, 3, 1, 4, 0, 1, 1, 0, 3, 2, 2, 4, 0, 1, 1, 0, 4, 0, 1, 2, 3, 1, 4, 0, 3, 2, 1, 2, 1, 2, 1, 1, 1, 3, 0, 4, 3, 1, 4, 1, 1, 1, 2, 1, 4, 1, 1, 1, 1, 1, 3, 1, 1, 1, 1, 2, 4, 4, 2, 2, 3, 2, 1, 1, 2, 2, 1, 1, 1]|[2, 0, 1, 2, 3, 0, 0, 1, 1, 0, 0, 0, 0, 1, 0, 3, 1, 0, 0, 1, 1, 1, 2, 0, 0, 0, 1, 0, 1, 0, 0, 0, 0, 0, 3, 0, 1, 0, 0, 2, 1, 1, 2, 0, 0, 0, 0, 2, 1, 0, 0, 0, 1, 3, 0, 0, 1, 0, 1, 0, 1, 0, 1, 0, 2, 1, 0, 0, 1, 1, 3, 3, 0, 1, 0, 0, 0, 0, 1, 0, 0, 0, 0, 2, 0, 0, 1, 3, 3, 1, 1, 2, 0, 0, 1, 0, 0, 0, 1, 0],706.0425648885516,58640.99257008452,96849.50297129861,false
42,G4_BALANCED,G1_CMAX,[22, 82, 3, 58, 95, 42, 77, 47, 5, 93, 78, 12, 86, 54, 50, 63, 18, 44, 20, 35, 43, 97, 91, 76, 10, 30, 21, 45, 71, 64, 36, 23, 17, 83, 24, 14, 60, 1, 6, 40, 57, 90, 65, 56, 79, 94, 67, 68, 46, 75, 38, 9, 19, 32, 81, 41, 27, 62, 16, 55, 59, 89, 88, 87, 31, 72, 73, 70, 39, 37, 84, 92, 25, 11, 48, 15, 29, 51, 7, 33, 61, 98, 28, 99, 26, 85, 66, 96, 53, 80, 4, 8, 34, 49, 52, 2, 13, 0, 69, 74]|[1, 0, 1, 0, 1, 2, 2, 2, 2, 2, 1, 1, 1, 0, 0, 1, 0, 2, 2, 0, 1, 2, 0, 1, 2, 2, 0, 0, 1, 2, 1, 2, 1, 0, 2, 0, 1, 1, 0, 1, 1, 1, 0, 2, 1, 1, 0, 0, 0, 0, 1, 1, 2, 1, 2, 0, 0, 0, 1, 2, 1, 1, 1, 1, 1, 2, 1, 2, 1, 1, 1, 0, 1, 2, 2, 1, 0, 0, 1, 2, 1, 2, 0, 1, 1, 0, 0, 2, 0, 0, 1, 1, 2, 0, 1, 0, 0, 0, 1, 2]|[3, 2, 1, 1, 2, 1, 2, 1, 1, 2, 4, 4, 4, 1, 1, 4, 2, 1, 1, 1, 1, 2, 1, 2, 1, 1, 2, 1, 3, 2, 3, 1, 4, 1, 1, 1, 0, 3, 2, 2, 2, 3, 1, 1, 0, 4, 0, 1, 2, 2, 1, 4, 0, 3, 2, 1, 1, 2, 3, 1, 1, 1, 0, 3, 0, 0, 3, 0, 1, 4, 1, 0, 4, 1, 1, 4, 1, 1, 1, 1, 3, 1, 2, 1, 0, 2, 1, 1, 2, 1, 4, 3, 1, 1, 1, 2, 2, 2, 4, 1]|[3, 1, 2, 0, 1, 0, 0, 0, 0, 1, 0, 0, 1, 0, 0, 3, 1, 0, 0, 0, 3, 1, 0, 2, 0, 0, 0, 1, 0, 0, 2, 0, 3, 0, 1, 0, 0, 0, 1, 1, 1, 2, 0, 0, 0, 2, 1, 0, 0, 0, 1, 3, 0, 0, 1, 0, 0, 1, 2, 0, 1, 1, 0, 2, 0, 1, 0, 1, 1, 1, 1, 1, 3, 0, 0, 3, 0, 0, 2, 0, 0, 0, 1, 1, 3, 0, 0, 0, 1, 0, 0, 2, 0, 1, 1, 0, 0, 0, 2, 0],715.7913946700162,58060.95961022334,95287.06515100288,true
42,G2_TEC,G2_TEC,[31, 22, 82, 15, 26, 9, 95, 42, 77, 68, 47, 5, 93, 78, 86, 54, 85, 63, 18, 44, 20, 49, 36, 14, 74, 50, 53, 17, 21, 28, 11, 64, 3, 23, 30, 83, 24, 41, 40, 52, 65, 27, 90, 70, 39, 87, 48, 69, 99, 4, 46, 1, 13, 58, 97, 59, 45, 8, 73, 37, 35, 79, 71, 66, 76, 32, 60, 80, 56, 6, 67, 61, 33, 7, 57, 34, 12, 16, 10, 98, 96, 88, 43, 75, 91, 2, 84, 29, 92, 19, 51, 55, 81, 89, 25, 62, 94, 38, 0, 72]|[2, 1, 2, 1, 1, 2, 1, 1, 1, 1, 1, 0, 2, 2, 1, 2, 0, 0, 0, 2, 2, 1, 0, 2, 0, 2, 2, 1, 0, 1, 1, 1, 0, 0, 1, 0, 2, 1, 2, 2, 0, 0, 1, 1, 0, 2, 0, 2, 1, 0, 0, 2, 0, 0, 2, 0, 1, 1, 0, 0, 2, 1, 1, 2, 2, 0, 2, 2, 2, 1, 2, 1, 1, 2, 0, 1, 1, 2, 1, 2, 0, 1, 1, 0, 1, 0, 0, 1, 0, 1, 1, 0, 1, 1, 1, 1, 2, 0, 2, 1]|[0, 3, 0, 3, 4, 1, 4, 4, 2, 4, 3, 2, 1, 0, 2, 1, 1, 1, 2, 1, 1, 3, 0, 1, 0, 1, 1, 4, 1, 4, 3, 2, 2, 0, 4, 1, 1, 4, 1, 1, 2, 1, 4, 4, 1, 1, 0, 2, 3, 2, 2, 1, 2, 1, 1, 2, 4, 3, 0, 2, 1, 3, 3, 1, 1, 2, 1, 1, 1, 4, 1, 3, 4, 1, 2, 4, 3, 1, 3, 1, 2, 4, 4, 2, 3, 2, 2, 3, 2, 4, 3, 2, 4, 4, 4, 3, 1, 2, 1, 4]|[0, 2, 0, 0, 3, 0, 1, 3, 0, 0, 2, 0, 1, 0, 1, 0, 0, 0, 1, 0, 0, 2, 0, 0, 1, 0, 0, 3, 0, 1, 0, 2, 0, 0, 3, 0, 1, 1, 0, 0, 0, 0, 1, 3, 0, 0, 1, 0, 2, 0, 0, 0, 0, 0, 1, 0, 1, 0, 1, 1, 0, 2, 0, 0, 0, 0, 0, 0, 0, 2, 0, 0, 1, 0, 0, 1, 0, 0, 3, 0, 0, 1, 2, 0, 0, 0, 0, 3, 0, 1, 0, 0, 2, 1, 3, 0, 0, 0, 0, 1],914.0597544875216,49173.30366922346,107616.27616016247,false
42,G3_TWC,G4_BALANCED,[31, 22, 82, 15, 26, 58, 95, 42, 77, 12, 47, 5, 93, 78, 98, 54, 85, 63, 18, 44, 20, 35, 43, 97, 91, 76, 10, 30, 21, 45, 71, 64, 1, 23, 17, 83, 24, 14, 60, 36, 6, 57, 94, 88, 65, 56, 79, 40, 67, 68, 46, 75, 39, 9, 19, 32, 81, 96, 27, 62, 87, 90, 99, 59, 11, 16, 72, 73, 70, 38, 37, 84, 3, 92, 25, 55, 28, 29, 51, 7, 33, 61, 86, 48, 89, 50, 66, 41, 53, 80, 4, 8, 34, 49, 52, 0, 13, 2, 69, 74]|[1, 1, 0, 1, 1, 1, 2, 1, 2, 1, 2, 2, 2, 1, 1, 0, 0, 1, 0, 2, 2, 0, 1, 2, 0, 1, 2, 2, 0, 0, 1, 2, 1, 2, 1, 0, 2, 0, 1, 1, 0, 1, 1, 1, 0, 2, 1, 1, 0, 0, 0, 0, 1, 1, 2, 1, 2, 2, 0, 0, 2, 1, 0, 1, 2, 1, 2, 1, 1, 1, 1, 1, 2, 0, 1, 1, 0, 0, 0, 1, 2, 1, 0, 0, 1, 0, 2, 0, 0, 0, 0, 1, 2, 0, 1, 0, 0, 0, 1, 2]|[4, 3, 2, 2, 0, 0, 2, 2, 2, 4, 1, 1, 2, 4, 4, 1, 1, 4, 2, 1, 1, 1, 1, 2, 1, 2, 1, 1, 1, 1, 3, 2, 3, 0, 4, 0, 1, 1, 0, 3, 2, 2, 4, 0, 1, 1, 0, 2, 0, 1, 2, 2, 1, 4, 0, 3, 2, 1, 1, 2, 1, 3, 1, 1, 1, 3, 1, 4, 3, 1, 4, 1, 1, 2, 4, 4, 2, 1, 1, 3, 1, 3, 1, 1, 1, 1, 1, 1, 2, 1, 2, 3, 1, 1, 1, 2, 2, 2, 4, 1]|[0, 2, 1, 1, 3, 3, 0, 1, 0, 0, 0, 0, 1, 0, 1, 0, 0, 3, 1, 0, 0, 0, 3, 1, 0, 2, 0, 0, 0, 1, 0, 0, 0, 0, 3, 0, 1, 0, 0, 2, 1, 1, 2, 0, 0, 0, 0, 1, 1, 0, 0, 0, 1, 3, 0, 0, 1, 0, 0, 1, 0, 2, 0, 1, 0, 2, 0, 0, 0, 1, 1, 3, 0, 1, 3, 3, 1, 0, 0, 2, 0, 0, 0, 0, 1, 0, 0, 0, 1, 0, 1, 2, 0, 1, 1, 0, 0, 0, 2, 0],776.1126689117092,57372.3664750505,91027.09645349914,true
42,G1_CMAX,G1_CMAX,[31, 22, 82, 90, 26, 58, 95, 42, 77, 12, 93, 5, 78, 86, 98, 18, 44, 20, 35, 3, 97, 91, 76, 10, 85, 30, 47, 54, 45, 63, 71, 66, 1, 23, 17, 83, 24, 14, 60, 36, 6, 57, 40, 88, 65, 56, 79, 94, 67, 68, 46, 75, 38, 9, 19, 32, 81, 27, 62, 87, 15, 99, 59, 11, 16, 72, 73, 70, 39, 37, 84, 43, 80, 53, 96, 4, 50, 41, 89, 48, 21, 61, 33, 7, 51, 29, 28, 55, 25, 92, 8, 69, 0, 74, 52, 2, 13, 34, 49, 64]|[1, 1, 0, 1, 1, 0, 2, 1, 2, 1, 2, 2, 2, 1, 0, 1, 0, 2, 2, 1, 2, 2, 1, 2, 2, 2, 2, 0, 0, 0, 1, 2, 1, 2, 1, 0, 2, 0, 1, 1, 0, 1, 1, 1, 0, 2, 1, 1, 0, 0, 0, 1, 1, 1, 2, 1, 2, 0, 0, 2, 1, 0, 1, 2, 1, 2, 1, 1, 1, 1, 1, 1, 0, 0, 2, 1, 0, 0, 1, 0, 0, 1, 2, 1, 0, 0, 0, 1, 1, 0, 0, 1, 0, 2, 1, 0, 0, 2, 0, 2]|[3, 0, 2, 3, 0, 1, 1, 2, 2, 4, 1, 1, 0, 4, 1, 4, 2, 1, 1, 1, 2, 2, 2, 1, 1, 1, 2, 1, 1, 2, 3, 2, 3, 1, 4, 0, 1, 1, 0, 3, 2, 2, 4, 0, 1, 1, 0, 4, 0, 1, 2, 3, 1, 4, 0, 3, 2, 1, 2, 1, 2, 1, 1, 1, 3, 0, 4, 3, 1, 4, 1, 1, 1, 2, 1, 4, 1, 1, 1, 1, 1, 3, 1, 1, 1, 1, 2, 4, 4, 2, 2, 3, 2, 1, 1, 2, 2, 1, 1, 1]|[2, 0, 1, 2, 3, 0, 0, 1, 1, 0, 0, 0, 0, 1, 0, 3, 1, 0, 0, 1, 1, 1, 2, 0, 0, 0, 1, 0, 1, 0, 0, 0, 0, 0, 3, 0, 1, 0, 0, 2, 1, 1, 2, 0, 0, 0, 0, 2, 1, 0, 0, 0, 1, 3, 0, 0, 1, 0, 1, 0, 1, 0, 1, 0, 2, 1, 0, 0, 1, 1, 3, 3, 0, 1, 0, 0, 0, 0, 1, 0, 0, 0, 0, 2, 0, 0, 1, 3, 3, 1, 1, 2, 0, 0, 1, 0, 0, 0, 1, 0],706.0425648885516,58640.99257008452,96849.50297129861,false
42,G4_BALANCED,G3_TWC,[31, 22, 82, 15, 26, 58, 95, 42, 77, 12, 47, 5, 93, 78, 98, 54, 85, 63, 18, 44, 20, 35, 43, 97, 91, 76, 10, 30, 21, 45, 71, 64, 1, 23, 17, 83, 24, 14, 60, 36, 6, 57, 94, 88, 65, 56, 79, 40, 67, 68, 46, 75, 38, 9, 19, 32, 81, 41, 27, 62, 87, 90, 99, 59, 11, 16, 72, 73, 70, 39, 37, 84, 3, 92, 25, 55, 28, 29, 51, 7, 66, 61, 86, 48, 89, 50, 33, 96, 53, 80, 4, 8, 34, 49, 52, 0, 13, 2, 69, 74]|[1, 1, 0, 1, 1, 1, 2, 1, 2, 1, 2, 2, 2, 1, 1, 0, 0, 1, 0, 2, 2, 0, 1, 2, 0, 1, 2, 2, 0, 0, 1, 2, 1, 2, 1, 0, 2, 0, 1, 1, 0, 1, 1, 1, 0, 2, 1, 1, 0, 0, 0, 0, 1, 1, 2, 1, 2, 0, 0, 0, 2, 1, 0, 1, 2, 1, 2, 1, 1, 1, 1, 1, 2, 0, 1, 1, 0, 0, 0, 1, 2, 1, 0, 0, 1, 0, 2, 0, 0, 0, 0, 1, 2, 0, 1, 0, 0, 0, 1, 2]|[4, 3, 2, 2, 0, 0, 2, 2, 2, 4, 1, 1, 2, 4, 4, 1, 1, 4, 2, 1, 1, 1, 1, 2, 1, 2, 1, 1, 1, 1, 3, 2, 3, 0, 4, 0, 1, 1, 0, 3, 2, 2, 4, 0, 1, 1, 0, 2, 0, 1, 2, 2, 1, 4, 0, 3, 2, 1, 1, 2, 1, 3, 1, 1, 1, 3, 0, 4, 3, 1, 4, 1, 1, 2, 4, 4, 2, 1, 1, 3, 1, 3, 1, 1, 1, 1, 1, 1, 2, 1, 2, 3, 1, 1, 1, 2, 2, 2, 3, 1]|[0, 2, 1, 1, 3, 3, 0, 1, 0, 0, 0, 0, 1, 0, 1, 0, 0, 3, 1, 0, 0, 0, 3, 1, 0, 2, 0, 0, 0, 1, 0, 0, 0, 0, 3, 0, 1, 0, 0, 2, 1, 1, 2, 0, 0, 0, 0, 1, 1, 0, 0, 0, 1, 3, 0, 0, 1, 0, 0, 1, 0, 2, 0, 1, 0, 2, 1, 0, 0, 1, 1, 3, 0, 1, 3, 3, 1, 0, 0, 2, 0, 0, 0, 0, 1, 0, 0, 0, 1, 0, 1, 2, 0, 1, 1, 0, 0, 0, 0, 0],790.1170626932459,57941.41256001445,88955.35873301845,true
42,G2_TEC,G2_TEC,[31, 22, 82, 15, 26, 9, 95, 42, 77, 68, 47, 5, 93, 78, 86, 54, 85, 63, 18, 44, 20, 49, 36, 14, 74, 50, 53, 17, 21, 28, 11, 64, 3, 23, 30, 83, 24, 41, 40, 52, 65, 27, 90, 70, 39, 87, 48, 69, 99, 4, 46, 1, 13, 58, 97, 59, 45, 8, 73, 37, 35, 79, 71, 66, 76, 32, 60, 80, 56, 6, 67, 61, 33, 7, 57, 34, 12, 16, 10, 98, 96, 88, 43, 75, 91, 2, 84, 29, 92, 19, 51, 55, 81, 89, 25, 62, 94, 38, 0, 72]|[2, 1, 2, 1, 1, 2, 1, 1, 1, 1, 1, 0, 2, 2, 1, 2, 0, 0, 0, 2, 2, 1, 0, 2, 0, 2, 2, 1, 0, 1, 1, 1, 0, 0, 1, 0, 2, 1, 2, 2, 0, 0, 1, 1, 0, 2, 0, 2, 1, 0, 0, 2, 0, 0, 2, 0, 1, 1, 0, 0, 2, 1, 1, 2, 2, 0, 2, 2, 2, 1, 2, 1, 1, 2, 0, 1, 1, 2, 1, 2, 0, 1, 1, 0, 1, 0, 0, 1, 0, 1, 1, 0, 1, 1, 1, 1, 2, 0, 2, 1]|[0, 3, 0, 3, 4, 1, 4, 4, 2, 4, 3, 2, 1, 0, 2, 1, 1, 1, 2, 1, 1, 3, 0, 1, 0, 1, 1, 4, 1, 4, 3, 2, 2, 0, 4, 1, 1, 4, 1, 1, 2, 1, 4, 4, 1, 1, 0, 2, 3, 2, 2, 1, 2, 1, 1, 2, 4, 3, 0, 2, 1, 3, 3, 1, 1, 2, 1, 1, 1, 4, 1, 3, 4, 1, 2, 4, 3, 1, 3, 1, 2, 4, 4, 2, 3, 2, 2, 3, 2, 4, 3, 2, 4, 4, 4, 3, 1, 2, 1, 4]|[0, 2, 0, 0, 3, 0, 1, 3, 0, 0, 2, 0, 1, 0, 1, 0, 0, 0, 1, 0, 0, 2, 0, 0, 1, 0, 0, 3, 0, 1, 0, 2, 0, 0, 3, 0, 1, 1, 0, 0, 0, 0, 1, 3, 0, 0, 1, 0, 2, 0, 0, 0, 0, 0, 1, 0, 1, 0, 1, 1, 0, 2, 0, 0, 0, 0, 0, 0, 0, 2, 0, 0, 1, 0, 0, 1, 0, 0, 3, 0, 0, 1, 2, 0, 0, 0, 0, 3, 0, 1, 0, 0, 2, 1, 3, 0, 0, 0, 0, 1],914.0597544875216,49173.30366922346,107616.27616016247,false
42,G3_TWC,G3_TWC,[31, 22, 82, 15, 26, 58, 95, 42, 77, 12, 47, 5, 93, 78, 98, 54, 85, 63, 18, 44, 20, 35, 43, 97, 91, 76, 10, 30, 21, 45, 71, 64, 1, 23, 17, 83, 24, 14, 60, 36, 6, 57, 94, 88, 65, 56, 79, 40, 67, 68, 46, 75, 38, 9, 19, 32, 81, 41, 27, 62, 87, 90, 99, 59, 11, 16, 72, 73, 70, 39, 37, 84, 3, 92, 25, 55, 29, 28, 51, 7, 33, 61, 48, 86, 89, 50, 4, 96, 53, 8, 66, 80, 34, 49, 52, 0, 13, 2, 69, 74]|[1, 1, 0, 1, 1, 1, 2, 1, 2, 1, 2, 2, 2, 1, 1, 0, 0, 1, 0, 2, 2, 0, 1, 2, 0, 1, 2, 2, 0, 0, 1, 2, 1, 2, 1, 0, 2, 0, 1, 1, 0, 1, 1, 1, 0, 2, 1, 1, 0, 0, 0, 0, 1, 1, 2, 1, 2, 0, 0, 0, 2, 1, 1, 2, 2, 1, 2, 1, 1, 1, 1, 1, 2, 0, 1, 1, 0, 0, 0, 1, 2, 1, 0, 0, 1, 0, 0, 0, 0, 1, 2, 0, 2, 0, 1, 0, 0, 0, 1, 2]|[4, 3, 2, 2, 0, 0, 2, 2, 2, 4, 1, 1, 2, 4, 4, 1, 2, 4, 2, 1, 1, 1, 1, 2, 1, 2, 1, 1, 1, 1, 3, 1, 3, 0, 4, 0, 1, 1, 0, 3, 2, 2, 4, 0, 1, 1, 0, 2, 0, 1, 2, 2, 1, 4, 0, 3, 2, 1, 1, 2, 1, 3, 1, 1, 1, 3, 0, 4, 3, 1, 4, 1, 1, 2, 4, 4, 1, 2, 1, 3, 1, 3, 1, 1, 1, 1, 2, 1, 2, 3, 1, 1, 1, 1, 1, 2, 2, 2, 3, 1]|[0, 2, 1, 1, 3, 3, 0, 1, 0, 0, 0, 0, 1, 0, 1, 0, 0, 3, 1, 0, 0, 0, 3, 1, 0, 2, 0, 0, 0, 1, 0, 0, 0, 0, 3, 0, 1, 0, 0, 2, 1, 1, 2, 0, 0, 0, 0, 1, 1, 0, 0, 0, 1, 3, 0, 0, 1, 0, 0, 1, 0, 2, 1, 0, 0, 2, 1, 0, 0, 1, 1, 3, 0, 1, 3, 3, 0, 1, 0, 2, 0, 0, 0, 0, 1, 0, 1, 0, 1, 2, 0, 0, 0, 1, 1, 0, 0, 0, 0, 0],787.0170237093305,57630.37013784874,89839.4036118596,false
42,G1_CMAX,G1_CMAX,[31, 22, 82, 90, 26, 58, 95, 42, 77, 12, 93, 5, 78, 86, 98, 18, 44, 20, 35, 3, 97, 91, 76, 10, 85, 30, 47, 54, 45, 63, 71, 66, 1, 23, 17, 83, 24, 14, 60, 36, 6, 57, 40, 88, 65, 56, 79, 94, 67, 68, 46, 75, 38, 9, 19, 32, 81, 27, 62, 87, 15, 99, 59, 11, 16, 72, 73, 70, 39, 37, 84, 43, 80, 53, 96, 4, 50, 41, 89, 48, 21, 61, 33, 7, 51, 29, 28, 55, 25, 92, 8, 69, 0, 74, 52, 2, 13, 34, 49, 64]|[1, 1, 0, 1, 1, 0, 2, 1, 2, 1, 2, 2, 2, 1, 0, 1, 0, 2, 2, 1, 2, 2, 1, 2, 2, 2, 2, 0, 0, 0, 1, 2, 1, 2, 1, 0, 2, 0, 1, 1, 0, 1, 1, 1, 0, 2, 1, 1, 0, 0, 0, 1, 1, 1, 2, 1, 2, 0, 0, 2, 1, 0, 1, 2, 1, 2, 1, 1, 1, 1, 1, 1, 0, 0, 2, 1, 0, 0, 1, 0, 0, 1, 2, 1, 0, 0, 0, 1, 1, 0, 0, 1, 0, 2, 1, 0, 0, 2, 0, 2]|[3, 0, 2, 3, 0, 1, 1, 2, 2, 4, 1, 1, 0, 4, 1, 4, 2, 1, 1, 1, 2, 2, 2, 1, 1, 1, 2, 1, 1, 2, 3, 2, 3, 1, 4, 0, 1, 1, 0, 3, 2, 2, 4, 0, 1, 1, 0, 4, 0, 1, 2, 3, 1, 4, 0, 3, 2, 1, 2, 1, 2, 1, 1, 1, 3, 0, 4, 3, 1, 4, 1, 1, 1, 2, 1, 4, 1, 1, 1, 1, 1, 3, 1, 1, 1, 1, 2, 4, 4, 2, 2, 3, 2, 1, 1, 2, 2, 1, 1, 1]|[2, 0, 1, 2, 3, 0, 0, 1, 1, 0, 0, 0, 0, 1, 0, 3, 1, 0, 0, 1, 1, 1, 2, 0, 0, 0, 1, 0, 1, 0, 0, 0, 0, 0, 3, 0, 1, 0, 0, 2, 1, 1, 2, 0, 0, 0, 0, 2, 1, 0, 0, 0, 1, 3, 0, 0, 1, 0, 1, 0, 1, 0, 1, 0, 2, 1, 0, 0, 1, 1, 3, 3, 0, 1, 0, 0, 0, 0, 1, 0, 0, 0, 0, 2, 0, 0, 1, 3, 3, 1, 1, 2, 0, 0, 1, 0, 0, 0, 1, 0],706.0425648885516,58640.99257008452,96849.50297129861,false
42,G4_BALANCED,G4_BALANCED,[31, 22, 82, 15, 26, 9, 95, 42, 77, 68, 47, 5, 93, 78, 86, 54, 85, 63, 18, 44, 20, 49, 36, 14, 74, 50, 53, 17, 21, 28, 11, 64, 3, 23, 30, 83, 24, 41, 40, 52, 65, 27, 90, 70, 39, 87, 48, 69, 99, 4, 46, 1, 13, 58, 19, 59, 45, 8, 73, 37, 35, 79, 71, 66, 76, 32, 60, 80, 96, 6, 67, 61, 33, 7, 57, 34, 12, 16, 10, 98, 56, 88, 43, 75, 91, 38, 97, 92, 29, 84, 51, 55, 81, 25, 89, 72, 94, 2, 0, 62]|[2, 1, 2, 1, 1, 0, 1, 1, 1, 1, 1, 0, 2, 2, 1, 2, 0, 0, 0, 2, 2, 1, 0, 2, 0, 2, 2, 1, 0, 1, 1, 1, 0, 0, 1, 0, 2, 1, 2, 2, 0, 0, 1, 1, 0, 2, 0, 2, 1, 0, 0, 2, 0, 0, 2, 0, 1, 1, 0, 0, 2, 1, 1, 1, 2, 0, 2, 2, 0, 1, 2, 1, 1, 2, 0, 1, 1, 2, 1, 2, 0, 1, 1, 0, 1, 0, 1, 0, 1, 0, 1, 0, 1, 1, 1, 1, 2, 2, 0, 1]|[0, 3, 0, 3, 4, 1, 4, 4, 2, 4, 3, 2, 1, 0, 2, 1, 1, 1, 2, 1, 1, 3, 0, 1, 0, 1, 1, 4, 1, 4, 3, 2, 2, 0, 4, 1, 1, 4, 1, 1, 2, 1, 4, 4, 1, 1, 0, 2, 3, 2, 2, 1, 2, 1, 1, 2, 4, 3, 0, 2, 2, 3, 3, 1, 1, 2, 1, 1, 2, 4, 1, 3, 4, 1, 2, 4, 3, 1, 3, 1, 2, 4, 4, 2, 3, 2, 4, 2, 3, 2, 3, 2, 4, 4, 4, 4, 1, 1, 2, 3]|[0, 2, 0, 0, 3, 0, 1, 3, 0, 0, 2, 0, 1, 0, 1, 0, 0, 0, 1, 0, 0, 2, 0, 0, 1, 0, 0, 3, 0, 1, 0, 2, 0, 0, 3, 0, 1, 1, 0, 0, 0, 0, 1, 3, 0, 0, 1, 0, 2, 0, 0, 0, 0, 1, 1, 0, 1, 0, 1, 1, 0, 2, 0, 2, 0, 0, 0, 0, 0, 2, 0, 0, 1, 0, 0, 1, 0, 0, 3, 0, 0, 1, 2, 0, 0, 0, 1, 0, 3, 0, 0, 0, 2, 3, 1, 1, 0, 0, 0, 0],920.7076635939763,50247.30683839398,102805.06006721003,false
42,G2_TEC,G2_TEC,[31, 22, 82, 15, 26, 9, 95, 42, 77, 68, 47, 5, 93, 78, 86, 54, 85, 63, 18, 44, 20, 49, 36, 14, 74, 50, 53, 17, 21, 28, 11, 64, 3, 23, 30, 83, 24, 41, 40, 52, 65, 27, 90, 70, 39, 87, 48, 69, 99, 4, 46, 1, 13, 58, 97, 59, 45, 8, 73, 37, 35, 79, 71, 66, 76, 32, 60, 80, 56, 6, 67, 61, 33, 7, 57, 34, 12, 16, 10, 98, 96, 88, 43, 75, 91, 2, 84, 29, 92, 19, 51, 55, 81, 89, 25, 62, 94, 38, 0, 72]|[2, 1, 2, 1, 1, 2, 1, 1, 1, 1, 1, 0, 2, 2, 1, 2, 0, 0, 0, 2, 2, 1, 0, 2, 0, 2, 2, 1, 0, 1, 1, 1, 0, 0, 1, 0, 2, 1, 2, 2, 0, 0, 1, 1, 0, 2, 0, 2, 1, 0, 0, 2, 0, 0, 2, 0, 1, 1, 0, 0, 2, 1, 1, 2, 2, 0, 2, 2, 2, 1, 2, 1, 1, 2, 0, 1, 1, 2, 1, 2, 0, 1, 1, 0, 1, 0, 0, 1, 0, 1, 1, 0, 1, 1, 1, 1, 2, 0, 2, 1]|[0, 3, 0, 3, 4, 1, 4, 4, 2, 4, 3, 2, 1, 0, 2, 1, 1, 1, 2, 1, 1, 3, 0, 1, 0, 1, 1, 4, 1, 4, 3, 2, 2, 0, 4, 1, 1, 4, 1, 1, 2, 1, 4, 4, 1, 1, 0, 2, 3, 2, 2, 1, 2, 1, 1, 2, 4, 3, 0, 2, 1, 3, 3, 1, 1, 2, 1, 1, 1, 4, 1, 3, 4, 1, 2, 4, 3, 1, 3, 1, 2, 4, 4, 2, 3, 2, 2, 3, 2, 4, 3, 2, 4, 4, 4, 3, 1, 2, 1, 4]|[0, 2, 0, 0, 3, 0, 1, 3, 0, 0, 2, 0, 1, 0, 1, 0, 0, 0, 1, 0, 0, 2, 0, 0, 1, 0, 0, 3, 0, 1, 0, 2, 0, 0, 3, 0, 1, 1, 0, 0, 0, 0, 1, 3, 0, 0, 1, 0, 2, 0, 0, 0, 0, 0, 1, 0, 1, 0, 1, 1, 0, 2, 0, 0, 0, 0, 0, 0, 0, 2, 0, 0, 1, 0, 0, 1, 0, 0, 3, 0, 0, 1, 2, 0, 0, 0, 0, 3, 0, 1, 0, 0, 2, 1, 3, 0, 0, 0, 0, 1],914.0597544875216,49173.30366922346,107616.27616016247,false
42,G3_TWC,G1_CMAX,[31, 22, 82, 15, 26, 99, 95, 42, 77, 12, 47, 5, 93, 78, 86, 54, 21, 63, 18, 44, 20, 35, 43, 97, 91, 76, 10, 30, 85, 45, 71, 64, 1, 23, 37, 83, 24, 14, 60, 36, 6, 57, 40, 88, 65, 56, 79, 94, 67, 68, 46, 75, 38, 9, 19, 32, 41, 81, 27, 87, 90, 58, 59, 11, 16, 72, 73, 70, 39, 17, 84, 3, 92, 25, 55, 48, 62, 29, 51, 96, 33, 61, 98, 28, 89, 50, 4, 7, 53, 80, 8, 66, 34, 49, 52, 0, 74, 69, 2, 13]|[1, 1, 0, 1, 1, 0, 1, 1, 2, 1, 2, 2, 2, 1, 1, 0, 0, 1, 0, 2, 2, 0, 1, 2, 0, 1, 2, 2, 0, 0, 1, 2, 1, 2, 1, 0, 2, 0, 1, 1, 0, 1, 1, 1, 0, 2, 1, 1, 0, 0, 0, 0, 1, 1, 2, 1, 0, 2, 0, 2, 1, 0, 1, 2, 1, 2, 1, 1, 1, 1, 1, 1, 0, 1, 2, 0, 0, 0, 0, 2, 2, 1, 2, 0, 1, 0, 1, 2, 0, 0, 1, 2, 2, 0, 1, 0, 2, 1, 0, 0]|[0, 3, 2, 2, 4, 1, 2, 3, 2, 4, 1, 1, 2, 4, 4, 1, 1, 4, 2, 1, 1, 1, 1, 2, 1, 2, 1, 1, 2, 1, 3, 2, 3, 1, 4, 0, 1, 1, 0, 3, 2, 2, 2, 0, 1, 1, 0, 4, 0, 1, 2, 2, 1, 4, 0, 3, 1, 1, 1, 1, 3, 1, 1, 1, 3, 0, 4, 3, 1, 4, 1, 1, 0, 4, 1, 1, 2, 1, 1, 1, 1, 3, 1, 2, 1, 1, 4, 1, 2, 1, 3, 1, 1, 1, 1, 2, 1, 4, 2, 2]|[0, 2, 1, 1, 3, 0, 1, 3, 0, 0, 0, 0, 1, 0, 1, 0, 0, 3, 1, 0, 0, 0, 3, 1, 0, 2, 0, 0, 0, 1, 0, 0, 0, 0, 3, 0, 1, 0, 0, 2, 1, 1, 1, 0, 0, 0, 0, 2, 1, 0, 0, 0, 1, 3, 0, 0, 0, 0, 0, 0, 2, 0, 1, 0, 2, 1, 0, 0, 1, 1, 3, 1, 1, 3, 0, 0, 1, 0, 0, 0, 0, 0, 0, 1, 1, 0, 0, 0, 1, 0, 2, 0, 0, 1, 1, 0, 0, 2, 0, 0],731.2476204416437,56586.27722209284,92825.60273597998,true
42,G1_CMAX,G1_CMAX,[31, 22, 82, 90, 26, 58, 95, 42, 77, 12, 93, 5, 78, 86, 98, 18, 44, 20, 35, 3, 97, 91, 76, 10, 85, 30, 47, 54, 45, 63, 71, 66, 1, 23, 17, 83, 24, 14, 60, 36, 6, 57, 40, 88, 65, 56, 79, 94, 67, 68, 46, 75, 38, 9, 19, 32, 81, 27, 62, 87, 15, 99, 59, 11, 16, 72, 73, 70, 39, 37, 84, 43, 80, 53, 96, 4, 50, 41, 89, 48, 21, 61, 33, 7, 51, 29, 28, 55, 25, 92, 8, 69, 0, 74, 52, 2, 13, 34, 49, 64]|[1, 1, 0, 1, 1, 0, 2, 1, 2, 1, 2, 2, 2, 1, 0, 1, 0, 2, 2, 1, 2, 2, 1, 2, 2, 2, 2, 0, 0, 0, 1, 2, 1, 2, 1, 0, 2, 0, 1, 1, 0, 1, 1, 1, 0, 2, 1, 1, 0, 0, 0, 1, 1, 1, 2, 1, 2, 0, 0, 2, 1, 0, 1, 2, 1, 2, 1, 1, 1, 1, 1, 1, 0, 0, 2, 1, 0, 0, 1, 0, 0, 1, 2, 1, 0, 0, 0, 1, 1, 0, 0, 1, 0, 2, 1, 0, 0, 2, 0, 2]|[3, 0, 2, 3, 0, 1, 1, 2, 2, 4, 1, 1, 0, 4, 1, 4, 2, 1, 1, 1, 2, 2, 2, 1, 1, 1, 2, 1, 1, 2, 3, 2, 3, 1, 4, 0, 1, 1, 0, 3, 2, 2, 4, 0, 1, 1, 0, 4, 0, 1, 2, 3, 1, 4, 0, 3, 2, 1, 2, 1, 2, 1, 1, 1, 3, 0, 4, 3, 1, 4, 1, 1, 1, 2, 1, 4, 1, 1, 1, 1, 1, 3, 1, 1, 1, 1, 2, 4, 4, 2, 2, 3, 2, 1, 1, 2, 2, 1, 1, 1]|[2, 0, 1, 2, 3, 0, 0, 1, 1, 0, 0, 0, 0, 1, 0, 3, 1, 0, 0, 1, 1, 1, 2, 0, 0, 0, 1, 0, 1, 0, 0, 0, 0, 0, 3, 0, 1, 0, 0, 2, 1, 1, 2, 0, 0, 0, 0, 2, 1, 0, 0, 0, 1, 3, 0, 0, 1, 0, 1, 0, 1, 0, 1, 0, 2, 1, 0, 0, 1, 1, 3, 3, 0, 1, 0, 0, 0, 0, 1, 0, 0, 0, 0, 2, 0, 0, 1, 3, 3, 1, 1, 2, 0, 0, 1, 0, 0, 0, 1, 0],706.0425648885516,58640.99257008452,96849.50297129861,false
42,G4_BALANCED,G3_TWC,[31, 22, 82, 15, 26, 58, 95, 42, 77, 12, 47, 5, 93, 78, 98, 54, 85, 63, 18, 44, 20, 35, 43, 97, 91, 76, 10, 30, 21, 45, 71, 64, 1, 23, 17, 83, 24, 14, 60, 36, 6, 57, 94, 88, 65, 56, 79, 40, 67, 68, 46, 75, 39, 9, 19, 32, 81, 96, 27, 62, 87, 90, 99, 59, 11, 16, 72, 73, 70, 38, 37, 84, 3, 92, 25, 55, 28, 29, 51, 7, 33, 61, 86, 48, 41, 50, 66, 89, 53, 34, 4, 8, 80, 49, 52, 0, 13, 2, 69, 74]|[1, 1, 0, 1, 1, 1, 2, 1, 2, 1, 2, 2, 2, 1, 1, 0, 0, 1, 0, 2, 2, 0, 1, 2, 0, 1, 2, 2, 0, 0, 1, 2, 1, 2, 1, 0, 2, 0, 1, 1, 0, 1, 1, 1, 0, 2, 1, 1, 0, 0, 0, 0, 1, 1, 2, 1, 2, 0, 0, 0, 2, 1, 0, 1, 2, 1, 2, 1, 1, 1, 1, 1, 2, 0, 1, 1, 0, 0, 0, 1, 2, 1, 0, 0, 0, 0, 2, 1, 0, 2, 0, 1, 0, 0, 1, 0, 0, 0, 1, 2]|[4, 3, 2, 2, 0, 0, 2, 2, 2, 4, 1, 1, 2, 4, 4, 1, 1, 4, 2, 1, 1, 1, 1, 2, 1, 2, 1, 1, 1, 1, 3, 2, 3, 0, 4, 0, 1, 1, 0, 3, 2, 2, 4, 0, 1, 1, 0, 2, 0, 1, 2, 2, 1, 4, 0, 3, 2, 1, 1, 2, 1, 3, 1, 1, 1, 3, 0, 4, 3, 1, 4, 1, 1, 2, 4, 4, 2, 1, 1, 3, 1, 3, 1, 1, 1, 1, 1, 1, 2, 1, 2, 3, 1, 1, 1, 2, 2, 2, 3, 1]|[0, 2, 1, 1, 3, 3, 0, 1, 0, 0, 0, 0, 1, 0, 1, 0, 0, 3, 1, 0, 0, 0, 3, 1, 0, 2, 0, 0, 0, 1, 0, 0, 0, 0, 3, 0, 1, 0, 0, 2, 1, 1, 2, 0, 0, 0, 0, 1, 1, 0, 0, 0, 1, 3, 0, 0, 1, 0, 0, 1, 0, 2, 0, 1, 0, 2, 1, 0, 0, 1, 1, 3, 0, 1, 3, 3, 1, 0, 0, 2, 0, 0, 0, 0, 0, 0, 0, 1, 1, 0, 1, 2, 0, 1, 1, 0, 0, 0, 0, 0],790.0799915624805,57892.07589362883,89102.60882555187,true
42,G2_TEC,G2_TEC,[31, 22, 82, 15, 26, 9, 95, 42, 77, 68, 47, 5, 93, 78, 86, 54, 85, 63, 18, 44, 20, 49, 36, 14, 74, 50, 53, 17, 21, 28, 11, 64, 3, 23, 30, 83, 24, 41, 40, 52, 65, 27, 90, 70, 39, 87, 48, 69, 99, 4, 46, 1, 13, 58, 97, 59, 45, 8, 73, 37, 35, 79, 71, 66, 76, 32, 60, 80, 56, 6, 67, 61, 33, 7, 57, 34, 12, 16, 10, 98, 96, 88, 43, 75, 91, 2, 84, 29, 92, 19, 51, 55, 81, 89, 25, 62, 94, 38, 0, 72]|[2, 1, 2, 1, 1, 2, 1, 1, 1, 1, 1, 0, 2, 2, 1, 2, 0, 0, 0, 2, 2, 1, 0, 2, 0, 2, 2, 1, 0, 1, 1, 1, 0, 0, 1, 0, 2, 1, 2, 2, 0, 0, 1, 1, 0, 2, 0, 2, 1, 0, 0, 2, 0, 0, 2, 0, 1, 1, 0, 0, 2, 1, 1, 2, 2, 0, 2, 2, 2, 1, 2, 1, 1, 2, 0, 1, 1, 2, 1, 2, 0, 1, 1, 0, 1, 0, 0, 1, 0, 1, 1, 0, 1, 1, 1, 1, 2, 0, 2, 1]|[0, 3, 0, 3, 4, 1, 4, 4, 2, 4, 3, 2, 1, 0, 2, 1, 1, 1, 2, 1, 1, 3, 0, 1, 0, 1, 1, 4, 1, 4, 3, 2, 2, 0, 4, 1, 1, 4, 1, 1, 2, 1, 4, 4, 1, 1, 0, 2, 3, 2, 2, 1, 2, 1, 1, 2, 4, 3, 0, 2, 1, 3, 3, 1, 1, 2, 1, 1, 1, 4, 1, 3, 4, 1, 2, 4, 3, 1, 3, 1, 2, 4, 4, 2, 3, 2, 2, 3, 2, 4, 3, 2, 4, 4, 4, 3, 1, 2, 1, 4]|[0, 2, 0, 0, 3, 0, 1, 3, 0, 0, 2, 0, 1, 0, 1, 0, 0, 0, 1, 0, 0, 2, 0, 0, 1, 0, 0, 3, 0, 1, 0, 2, 0, 0, 3, 0, 1, 1, 0, 0, 0, 0, 1, 3, 0, 0, 1, 0, 2, 0, 0, 0, 0, 0, 1, 0, 1, 0, 1, 1, 0, 2, 0, 0, 0, 0, 0, 0, 0, 2, 0, 0, 1, 0, 0, 1, 0, 0, 3, 0, 0, 1, 2, 0, 0, 0, 0, 3, 0, 1, 0, 0, 2, 1, 3, 0, 0, 0, 0, 1],914.0597544875216,49173.30366922346,107616.27616016247,false
42,G3_TWC,G1_CMAX,[31, 22, 82, 15, 26, 58, 95, 42, 77, 12, 47, 5, 93, 78, 98, 54, 85, 63, 18, 44, 81, 35, 43, 97, 91, 76, 10, 30, 21, 45, 71, 64, 1, 23, 17, 83, 24, 14, 60, 36, 6, 57, 94, 88, 65, 56, 79, 40, 67, 68, 46, 75, 38, 9, 19, 32, 20, 41, 27, 62, 87, 90, 99, 59, 11, 16, 72, 73, 70, 39, 37, 84, 3, 92, 25, 48, 28, 29, 51, 7, 33, 61, 86, 52, 89, 50, 69, 96, 53, 80, 8, 4, 34, 66, 55, 2, 13, 0, 49, 74]|[1, 1, 0, 1, 1, 1, 2, 1, 2, 1, 2, 2, 2, 1, 1, 0, 0, 1, 0, 2, 2, 0, 1, 2, 0, 1, 2, 2, 0, 0, 1, 2, 1, 2, 1, 0, 2, 0, 1, 1, 0, 1, 1, 1, 0, 2, 1, 1, 0, 0, 0, 0, 1, 1, 2, 1, 2, 0, 0, 0, 2, 1, 0, 1, 2, 1, 2, 1, 1, 1, 1, 1, 2, 0, 1, 0, 0, 0, 0, 1, 2, 1, 0, 1, 1, 0, 1, 0, 0, 0, 1, 0, 2, 2, 1, 0, 0, 0, 0, 2]|[4, 3, 2, 2, 0, 0, 2, 2, 2, 4, 1, 1, 2, 4, 4, 1, 2, 4, 2, 1, 1, 1, 1, 2, 1, 2, 1, 1, 1, 1, 3, 2, 3, 0, 4, 0, 1, 1, 0, 3, 2, 2, 4, 0, 1, 1, 0, 2, 0, 1, 2, 2, 1, 4, 0, 3, 1, 1, 1, 2, 1, 3, 1, 1, 1, 3, 0, 4, 3, 1, 4, 1, 1, 2, 4, 1, 2, 1, 1, 3, 1, 3, 1, 1, 1, 1, 3, 1, 2, 1, 3, 2, 1, 1, 4, 2, 2, 2, 1, 1]|[0, 2, 1, 1, 3, 3, 0, 1, 0, 0, 0, 0, 1, 0, 1, 0, 0, 3, 1, 0, 0, 0, 3, 1, 0, 2, 0, 0, 0, 1, 0, 0, 0, 0, 3, 0, 1, 0, 0, 2, 1, 1, 2, 0, 0, 0, 0, 1, 1, 0, 0, 0, 1, 3, 0, 0, 0, 0, 0, 1, 0, 2, 0, 1, 0, 2, 1, 0, 0, 1, 1, 3, 0, 1, 3, 0, 1, 0, 0, 2, 0, 0, 0, 1, 1, 0, 0, 0, 1, 0, 2, 1, 0, 0, 3, 0, 0, 0, 1, 0],806.6288112151084,57276.704398857655,90355.53045363375,true
42,G1_CMAX,G1_CMAX,[31, 22, 82, 90, 26, 58, 95, 42, 77, 12, 93, 5, 78, 86, 98, 18, 44, 20, 35, 3, 97, 91, 76, 10, 85, 30, 47, 54, 45, 63, 71, 66, 1, 23, 17, 83, 24, 14, 60, 36, 6, 57, 40, 88, 65, 56, 79, 94, 67, 68, 46, 75, 38, 9, 19, 32, 81, 27, 62, 87, 15, 99, 59, 11, 16, 72, 73, 70, 39, 37, 84, 43, 80, 53, 96, 4, 50, 41, 89, 48, 21, 61, 33, 7, 51, 29, 28, 55, 25, 92, 8, 69, 0, 74, 52, 2, 13, 34, 49, 64]|[1, 1, 0, 1, 1, 0, 2, 1, 2, 1, 2, 2, 2, 1, 0, 1, 0, 2, 2, 1, 2, 2, 1, 2, 2, 2, 2, 0, 0, 0, 1, 2, 1, 2, 1, 0, 2, 0, 1, 1, 0, 1, 1, 1, 0, 2, 1, 1, 0, 0, 0, 1, 1, 1, 2, 1, 2, 0, 0, 2, 1, 0, 1, 2, 1, 2, 1, 1, 1, 1, 1, 1, 0, 0, 2, 1, 0, 0, 1, 0, 0, 1, 2, 1, 0, 0, 0, 1, 1, 0, 0, 1, 0, 2, 1, 0, 0, 2, 0, 2]|[3, 0, 2, 3, 0, 1, 1, 2, 2, 4, 1, 1, 0, 4, 1, 4, 2, 1, 1, 1, 2, 2, 2, 1, 1, 1, 2, 1, 1, 2, 3, 2, 3, 1, 4, 0, 1, 1, 0, 3, 2, 2, 4, 0, 1, 1, 0, 4, 0, 1, 2, 3, 1, 4, 0, 3, 2, 1, 2, 1, 2, 1, 1, 1, 3, 0, 4, 3, 1, 4, 1, 1, 1, 2, 1, 4, 1, 1, 1, 1, 1, 3, 1, 1, 1, 1, 2, 4, 4, 2, 2, 3, 2, 1, 1, 2, 2, 1, 1, 1]|[2, 0, 1, 2, 3, 0, 0, 1, 1, 0, 0, 0, 0, 1, 0, 3, 1, 0, 0, 1, 1, 1, 2, 0, 0, 0, 1, 0, 1, 0, 0, 0, 0, 0, 3, 0, 1, 0, 0, 2, 1, 1, 2, 0, 0, 0, 0, 2, 1, 0, 0, 0, 1, 3, 0, 0, 1, 0, 1, 0, 1, 0, 1, 0, 2, 1, 0, 0, 1, 1, 3, 3, 0, 1, 0, 0, 0, 0, 1, 0, 0, 0, 0, 2, 0, 0, 1, 3, 3, 1, 1, 2, 0, 0, 1, 0, 0, 0, 1, 0],706.0425648885516,58640.99257008452,96849.50297129861,false
42,G4_BALANCED,G2_TEC,[31, 22, 82, 15, 26, 9, 95, 42, 77, 68, 47, 5, 93, 78, 86, 54, 85, 63, 18, 44, 20, 49, 36, 14, 74, 50, 53, 17, 21, 28, 11, 64, 3, 23, 30, 83, 24, 41, 40, 52, 65, 27, 90, 70, 39, 69, 48, 87, 99, 4, 75, 1, 13, 58, 97, 59, 45, 8, 73, 37, 35, 79, 71, 66, 76, 32, 60, 80, 56, 6, 67, 61, 33, 7, 57, 34, 12, 16, 10, 62, 96, 88, 43, 46, 91, 38, 84, 92, 29, 19, 51, 72, 55, 89, 25, 81, 94, 2, 0, 98]|[2, 1, 2, 1, 1, 2, 1, 1, 1, 1, 1, 0, 2, 2, 1, 2, 0, 0, 0, 2, 2, 1, 0, 2, 0, 2, 2, 1, 0, 1, 1, 1, 0, 0, 1, 0, 2, 1, 2, 2, 0, 0, 1, 1, 0, 2, 0, 2, 1, 0, 0, 2, 0, 0, 2, 0, 1, 1, 0, 0, 2, 1, 1, 2, 2, 0, 2, 2, 2, 1, 2, 1, 1, 2, 0, 1, 1, 2, 1, 2, 0, 1, 1, 0, 1, 0, 0, 0, 1, 1, 1, 1, 0, 1, 1, 1, 2, 2, 0, 1]|[0, 3, 0, 3, 4, 1, 4, 4, 2, 4, 3, 2, 1, 0, 2, 1, 1, 1, 2, 1, 1, 3, 0, 1, 0, 1, 1, 4, 1, 4, 3, 2, 2, 0, 4, 1, 1, 4, 1, 1, 2, 1, 4, 4, 1, 1, 0, 1, 3, 2, 2, 1, 2, 1, 1, 2, 4, 3, 0, 2, 2, 3, 3, 1, 1, 2, 1, 1, 1, 4, 1, 3, 4, 1, 2, 4, 3, 1, 3, 1, 2, 4, 4, 2, 3, 2, 2, 2, 3, 4, 3, 4, 2, 4, 4, 4, 1, 1, 2, 3]|[0, 2, 0, 0, 3, 0, 1, 3, 0, 0, 2, 0, 1, 0, 1, 0, 0, 0, 1, 0, 0, 2, 0, 0, 1, 0, 0, 3, 0, 1, 0, 2, 0, 0, 3, 0, 1, 1, 0, 0, 0, 0, 1, 3, 0, 0, 1, 0, 2, 0, 0, 0, 0, 0, 1, 0, 1, 0, 1, 1, 0, 2, 0, 0, 0, 0, 0, 0, 0, 2, 0, 0, 1, 0, 0, 1, 0, 0, 3, 0, 0, 1, 2, 0, 0, 0, 0, 0, 3, 1, 0, 1, 0, 1, 3, 2, 0, 0, 0, 0],892.9936629170736,49459.617710952174,106558.4203894513,true
42,G2_TEC,G2_TEC,[31, 22, 82, 15, 26, 9, 95, 42, 77, 68, 47, 5, 93, 78, 86, 54, 85, 63, 18, 44, 20, 49, 36, 14, 74, 50, 53, 17, 21, 28, 11, 64, 3, 23, 30, 83, 24, 41, 40, 52, 65, 27, 90, 70, 39, 87, 48, 69, 99, 4, 46, 1, 13, 58, 97, 59, 45, 8, 73, 37, 35, 79, 71, 66, 76, 32, 60, 80, 56, 6, 67, 61, 33, 7, 57, 34, 12, 16, 10, 98, 96, 88, 43, 75, 91, 2, 84, 29, 92, 19, 51, 55, 81, 89, 25, 62, 94, 38, 0, 72]|[2, 1, 2, 1, 1, 2, 1, 1, 1, 1, 1, 0, 2, 2, 1, 2, 0, 0, 0, 2, 2, 1, 0, 2, 0, 2, 2, 1, 0, 1, 1, 1, 0, 0, 1, 0, 2, 1, 2, 2, 0, 0, 1, 1, 0, 2, 0, 2, 1, 0, 0, 2, 0, 0, 2, 0, 1, 1, 0, 0, 2, 1, 1, 2, 2, 0, 2, 2, 2, 1, 2, 1, 1, 2, 0, 1, 1, 2, 1, 2, 0, 1, 1, 0, 1, 0, 0, 1, 0, 1, 1, 0, 1, 1, 1, 1, 2, 0, 2, 1]|[0, 3, 0, 3, 4, 1, 4, 4, 2, 4, 3, 2, 1, 0, 2, 1, 1, 1, 2, 1, 1, 3, 0, 1, 0, 1, 1, 4, 1, 4, 3, 2, 2, 0, 4, 1, 1, 4, 1, 1, 2, 1, 4, 4, 1, 1, 0, 2, 3, 2, 2, 1, 2, 1, 1, 2, 4, 3, 0, 2, 1, 3, 3, 1, 1, 2, 1, 1, 1, 4, 1, 3, 4, 1, 2, 4, 3, 1, 3, 1, 2, 4, 4, 2, 3, 2, 2, 3, 2, 4, 3, 2, 4, 4, 4, 3, 1, 2, 1, 4]|[0, 2, 0, 0, 3, 0, 1, 3, 0, 0, 2, 0, 1, 0, 1, 0, 0, 0, 1, 0, 0, 2, 0, 0, 1, 0, 0, 3, 0, 1, 0, 2, 0, 0, 3, 0, 1, 1, 0, 0, 0, 0, 1, 3, 0, 0, 1, 0, 2, 0, 0, 0, 0, 0, 1, 0, 1, 0, 1, 1, 0, 2, 0, 0, 0, 0, 0, 0, 0, 2, 0, 0, 1, 0, 0, 1, 0, 0, 3, 0, 0, 1, 2, 0, 0, 0, 0, 3, 0, 1, 0, 0, 2, 1, 3, 0, 0, 0, 0, 1],914.0597544875216,49173.30366922346,107616.27616016247,false
42,G3_TWC,G2_TEC,[31, 22, 82, 15, 26, 9, 95, 42, 77, 68, 47, 5, 93, 78, 86, 54, 85, 63, 18, 44, 20, 49, 36, 14, 74, 50, 53, 17, 21, 28, 11, 64, 3, 23, 30, 83, 24, 41, 40, 52, 65, 27, 90, 70, 39, 87, 48, 69, 99, 4, 75, 1, 13, 58, 97, 59, 45, 8, 73, 37, 35, 79, 71, 66, 76, 32, 60, 80, 56, 6, 67, 61, 33, 7, 57, 34, 12, 16, 10, 72, 96, 88, 43, 46, 91, 38, 84, 92, 29, 19, 51, 55, 81, 89, 25, 98, 94, 2, 62, 0]|[2, 1, 2, 1, 1, 2, 1, 1, 1, 1, 1, 0, 2, 2, 1, 2, 0, 0, 0, 2, 2, 1, 0, 2, 0, 2, 2, 1, 0, 1, 1, 1, 0, 0, 1, 0, 2, 1, 2, 2, 0, 0, 1, 1, 0, 2, 0, 2, 1, 0, 0, 2, 0, 0, 2, 0, 1, 1, 0, 0, 2, 1, 1, 2, 2, 0, 2, 2, 2, 1, 2, 1, 1, 2, 0, 1, 1, 2, 1, 1, 0, 1, 1, 0, 1, 0, 0, 0, 1, 1, 1, 0, 1, 1, 1, 2, 2, 2, 1, 0]|[0, 3, 0, 3, 4, 1, 4, 4, 2, 4, 3, 2, 1, 0, 2, 1, 1, 1, 2, 1, 1, 3, 0, 1, 0, 1, 1, 4, 1, 4, 3, 2, 2, 0, 4, 1, 1, 4, 1, 1, 2, 1, 4, 4, 1, 1, 0, 1, 3, 2, 2, 2, 2, 1, 1, 2, 4, 3, 0, 2, 2, 3, 3, 1, 1, 2, 1, 1, 1, 4, 1, 3, 4, 1, 2, 4, 3, 1, 3, 4, 2, 4, 4, 2, 3, 2, 2, 2, 3, 4, 3, 2, 4, 4, 4, 1, 1, 1, 3, 2]|[0, 2, 0, 0, 3, 0, 1, 3, 0, 0, 2, 0, 1, 0, 1, 0, 0, 0, 1, 0, 0, 2, 0, 0, 1, 0, 0, 3, 0, 1, 0, 2, 0, 0, 3, 0, 1, 1, 0, 0, 0, 0, 1, 3, 0, 0, 1, 0, 2, 0, 0, 0, 0, 0, 1, 0, 1, 0, 1, 1, 0, 2, 0, 0, 0, 0, 0, 0, 0, 2, 0, 0, 1, 0, 0, 1, 0, 0, 3, 1, 0, 1, 2, 0, 0, 0, 0, 0, 3, 1, 0, 0, 2, 1, 3, 0, 0, 0, 0, 0],894.6679507752958,49479.06660479951,106442.37749223178,true
42,G1_CMAX,G1_CMAX,[31, 22, 82, 90, 26, 58, 95, 42, 77, 12, 93, 5, 78, 86, 98, 18, 44, 20, 35, 3, 97, 91, 76, 10, 85, 30, 47, 54, 45, 63, 71, 66, 1, 23, 17, 83, 24, 14, 60, 36, 6, 57, 40, 88, 65, 56, 79, 94, 67, 68, 46, 75, 38, 9, 19, 32, 81, 27, 62, 87, 15, 99, 59, 11, 16, 72, 73, 70, 39, 37, 84, 43, 80, 53, 96, 4, 50, 41, 89, 48, 21, 61, 33, 7, 51, 29, 28, 55, 25, 92, 8, 69, 0, 74, 52, 2, 13, 34, 49, 64]|[1, 1, 0, 1, 1, 0, 2, 1, 2, 1, 2, 2, 2, 1, 0, 1, 0, 2, 2, 1, 2, 2, 1, 2, 2, 2, 2, 0, 0, 0, 1, 2, 1, 2, 1, 0, 2, 0, 1, 1, 0, 1, 1, 1, 0, 2, 1, 1, 0, 0, 0, 1, 1, 1, 2, 1, 2, 0, 0, 2, 1, 0, 1, 2, 1, 2, 1, 1, 1, 1, 1, 1, 0, 0, 2, 1, 0, 0, 1, 0, 0, 1, 2, 1, 0, 0, 0, 1, 1, 0, 0, 1, 0, 2, 1, 0, 0, 2, 0, 2]|[3, 0, 2, 3, 0, 1, 1, 2, 2, 4, 1, 1, 0, 4, 1, 4, 2, 1, 1, 1, 2, 2, 2, 1, 1, 1, 2, 1, 1, 2, 3, 2, 3, 1, 4, 0, 1, 1, 0, 3, 2, 2, 4, 0, 1, 1, 0, 4, 0, 1, 2, 3, 1, 4, 0, 3, 2, 1, 2, 1, 2, 1, 1, 1, 3, 0, 4, 3, 1, 4, 1, 1, 1, 2, 1, 4, 1, 1, 1, 1, 1, 3, 1, 1, 1, 1, 2, 4, 4, 2, 2, 3, 2, 1, 1, 2, 2, 1, 1, 1]|[2, 0, 1, 2, 3, 0, 0, 1, 1, 0, 0, 0, 0, 1, 0, 3, 1, 0, 0, 1, 1, 1, 2, 0, 0, 0, 1, 0, 1, 0, 0, 0, 0, 0, 3, 0, 1, 0, 0, 2, 1, 1, 2, 0, 0, 0, 0, 2, 1, 0, 0, 0, 1, 3, 0, 0, 1, 0, 1, 0, 1, 0, 1, 0, 2, 1, 0, 0, 1, 1, 3, 3, 0, 1, 0, 0, 0, 0, 1, 0, 0, 0, 0, 2, 0, 0, 1, 3, 3, 1, 1, 2, 0, 0, 1, 0, 0, 0, 1, 0],706.0425648885516,58640.99257008452,96849.50297129861,false
42,G4_BALANCED,G4_BALANCED,[31, 11, 15, 82, 26, 9, 95, 32, 77, 68, 47, 5, 93, 78, 86, 54, 85, 63, 18, 44, 20, 49, 36, 14, 74, 50, 53, 17, 21, 45, 71, 64, 3, 23, 30, 83, 24, 41, 60, 52, 65, 27, 90, 70, 39, 87, 48, 69, 99, 4, 46, 1, 13, 58, 97, 59, 28, 75, 73, 37, 35, 79, 22, 66, 76, 42, 40, 80, 96, 6, 16, 61, 33, 7, 57, 34, 12, 67, 10, 98, 56, 88, 29, 94, 91, 38, 84, 92, 43, 19, 51, 55, 81, 25, 89, 72, 8, 2, 0, 62]|[2, 1, 1, 2, 1, 2, 1, 1, 1, 1, 1, 0, 2, 2, 1, 2, 0, 0, 0, 2, 2, 1, 0, 2, 0, 2, 2, 1, 0, 1, 1, 1, 0, 0, 1, 0, 2, 1, 2, 2, 0, 0, 1, 1, 0, 2, 0, 2, 1, 0, 0, 2, 0, 0, 2, 0, 1, 1, 0, 0, 2, 1, 0, 2, 2, 0, 2, 2, 0, 1, 2, 1, 1, 2, 0, 1, 1, 1, 1, 2, 2, 1, 1, 0, 2, 0, 0, 0, 1, 1, 1, 0, 1, 1, 1, 1, 2, 2, 0, 1]|[1, 3, 2, 0, 4, 1, 4, 4, 2, 4, 3, 2, 1, 0, 2, 1, 1, 1, 2, 1, 1, 3, 0, 1, 0, 1, 1, 4, 1, 4, 3, 2, 2, 0, 4, 1, 1, 4, 0, 1, 2, 1, 4, 4, 1, 1, 0, 2, 3, 2, 2, 1, 2, 1, 1, 2, 4, 3, 0, 2, 2, 3, 1, 0, 1, 2, 0, 1, 2, 4, 1, 3, 4, 1, 2, 4, 3, 3, 3, 1, 1, 4, 3, 2, 1, 2, 2, 2, 3, 4, 3, 2, 4, 4, 4, 4, 1, 1, 2, 3]|[1, 0, 1, 0, 3, 0, 1, 3, 0, 0, 2, 0, 1, 0, 1, 0, 0, 0, 1, 0, 0, 2, 0, 0, 1, 0, 0, 3, 0, 1, 0, 2, 0, 1, 3, 0, 1, 3, 1, 0, 0, 0, 1, 3, 0, 0, 1, 0, 2, 0, 0, 0, 0, 0, 1, 0, 1, 0, 1, 1, 0, 2, 0, 0, 0, 0, 0, 0, 0, 2, 0, 0, 1, 0, 0, 1, 0, 0, 3, 0, 0, 1, 0, 0, 0, 0, 0, 0, 0, 3, 0, 0, 1, 3, 1, 1, 0, 0, 0, 0],852.5133725602822,51557.5538377163,107624.36016933215,false
42,G2_TEC,G2_TEC,[31, 22, 82, 15, 26, 9, 95, 42, 77, 68, 47, 5, 93, 78, 86, 54, 85, 63, 18, 44, 20, 49, 36, 14, 74, 50, 53, 17, 21, 28, 11, 64, 3, 23, 30, 83, 24, 41, 40, 52, 65, 27, 90, 70, 39, 87, 48, 69, 99, 4, 46, 1, 13, 58, 97, 59, 45, 8, 73, 37, 35, 79, 71, 66, 76, 32, 60, 80, 56, 6, 67, 61, 33, 7, 57, 34, 12, 16, 10, 98, 96, 88, 43, 75, 91, 2, 84, 29, 92, 19, 51, 55, 81, 89, 25, 62, 94, 38, 0, 72]|[2, 1, 2, 1, 1, 2, 1, 1, 1, 1, 1, 0, 2, 2, 1, 2, 0, 0, 0, 2, 2, 1, 0, 2, 0, 2, 2, 1, 0, 1, 1, 1, 0, 0, 1, 0, 2, 1, 2, 2, 0, 0, 1, 1, 0, 2, 0, 2, 1, 0, 0, 2, 0, 0, 2, 0, 1, 1, 0, 0, 2, 1, 1, 2, 2, 0, 2, 2, 2, 1, 2, 1, 1, 2, 0, 1, 1, 2, 1, 2, 0, 1, 1, 0, 1, 0, 0, 1, 0, 1, 1, 0, 1, 1, 1, 1, 2, 0, 2, 1]|[0, 3, 0, 3, 4, 1, 4, 4, 2, 4, 3, 2, 1, 0, 2, 1, 1, 1, 2, 1, 1, 3, 0, 1, 0, 1, 1, 4, 1, 4, 3, 2, 2, 0, 4, 1, 1, 4, 1, 1, 2, 1, 4, 4, 1, 1, 0, 2, 3, 2, 2, 1, 2, 1, 1, 2, 4, 3, 0, 2, 1, 3, 3, 1, 1, 2, 1, 1, 1, 4, 1, 3, 4, 1, 2, 4, 3, 1, 3, 1, 2, 4, 4, 2, 3, 2, 2, 3, 2, 4, 3, 2, 4, 4, 4, 3, 1, 2, 1, 4]|[0, 2, 0, 0, 3, 0, 1, 3, 0, 0, 2, 0, 1, 0, 1, 0, 0, 0, 1, 0, 0, 2, 0, 0, 1, 0, 0, 3, 0, 1, 0, 2, 0, 0, 3, 0, 1, 1, 0, 0, 0, 0, 1, 3, 0, 0, 1, 0, 2, 0, 0, 0, 0, 0, 1, 0, 1, 0, 1, 1, 0, 2, 0, 0, 0, 0, 0, 0, 0, 2, 0, 0, 1, 0, 0, 1, 0, 0, 3, 0, 0, 1, 2, 0, 0, 0, 0, 3, 0, 1, 0, 0, 2, 1, 3, 0, 0, 0, 0, 1],914.0597544875216,49173.30366922346,107616.27616016247,false
42,G3_TWC,G1_CMAX,[31, 22, 82, 15, 26, 99, 95, 42, 77, 12, 47, 5, 93, 78, 86, 54, 21, 63, 18, 44, 20, 35, 43, 97, 91, 76, 10, 30, 85, 45, 71, 64, 1, 23, 17, 83, 24, 14, 60, 36, 6, 57, 40, 88, 65, 56, 79, 94, 67, 68, 46, 75, 38, 9, 19, 32, 41, 81, 27, 87, 90, 58, 59, 11, 16, 72, 62, 73, 70, 39, 37, 84, 3, 92, 25, 55, 28, 29, 51, 7, 33, 61, 98, 48, 89, 50, 4, 96, 53, 80, 0, 66, 34, 2, 52, 49, 13, 8, 69, 74]|[1, 1, 0, 1, 1, 0, 1, 1, 2, 1, 2, 2, 2, 1, 1, 0, 0, 1, 0, 2, 2, 0, 1, 2, 0, 1, 2, 2, 0, 0, 1, 2, 1, 2, 1, 0, 2, 0, 1, 1, 0, 1, 1, 1, 0, 2, 1, 1, 0, 0, 0, 0, 1, 1, 2, 1, 0, 2, 0, 2, 2, 0, 1, 2, 1, 1, 0, 1, 1, 1, 1, 1, 1, 0, 1, 2, 0, 0, 0, 1, 2, 1, 2, 0, 1, 0, 1, 2, 0, 0, 0, 2, 2, 0, 1, 0, 0, 1, 1, 2]|[4, 3, 2, 2, 4, 1, 2, 3, 2, 4, 1, 1, 2, 4, 4, 1, 1, 4, 2, 1, 1, 1, 1, 2, 1, 2, 1, 1, 2, 1, 3, 2, 3, 1, 4, 0, 1, 1, 0, 3, 2, 2, 2, 0, 1, 1, 0, 4, 0, 1, 2, 2, 1, 4, 0, 3, 1, 1, 1, 1, 1, 1, 1, 1, 3, 3, 2, 4, 3, 1, 4, 1, 1, 0, 4, 1, 2, 1, 1, 1, 1, 3, 1, 1, 1, 1, 4, 1, 2, 1, 2, 1, 1, 2, 1, 1, 2, 3, 4, 1]|[0, 2, 1, 1, 3, 0, 1, 3, 0, 0, 0, 0, 1, 0, 1, 0, 0, 3, 1, 0, 0, 0, 3, 1, 0, 2, 0, 0, 0, 1, 0, 0, 0, 0, 3, 0, 1, 0, 0, 2, 1, 1, 1, 0, 0, 0, 0, 2, 1, 0, 0, 0, 1, 3, 0, 0, 0, 0, 0, 0, 0, 0, 1, 0, 2, 2, 1, 0, 0, 1, 1, 3, 1, 1, 3, 0, 1, 0, 0, 2, 0, 0, 0, 0, 1, 0, 0, 0, 1, 0, 0, 0, 0, 0, 1, 1, 0, 2, 2, 0],745.4530508388755,55831.07335483037,94414.79506220327,true
42,G1_CMAX,G1_CMAX,[31, 22, 82, 90, 26, 58, 95, 42, 77, 12, 93, 5, 78, 86, 98, 18, 44, 20, 35, 3, 97, 91, 76, 10, 85, 30, 47, 54, 45, 63, 71, 66, 1, 23, 17, 83, 24, 14, 60, 36, 6, 57, 40, 88, 65, 56, 79, 94, 67, 68, 46, 75, 38, 9, 19, 32, 81, 27, 62, 87, 15, 99, 59, 11, 16, 72, 73, 70, 39, 37, 84, 43, 80, 53, 96, 4, 50, 41, 89, 48, 21, 61, 33, 7, 51, 29, 28, 55, 25, 92, 8, 69, 0, 74, 52, 2, 13, 34, 49, 64]|[1, 1, 0, 1, 1, 0, 2, 1, 2, 1, 2, 2, 2, 1, 0, 1, 0, 2, 2, 1, 2, 2, 1, 2, 2, 2, 2, 0, 0, 0, 1, 2, 1, 2, 1, 0, 2, 0, 1, 1, 0, 1, 1, 1, 0, 2, 1, 1, 0, 0, 0, 1, 1, 1, 2, 1, 2, 0, 0, 2, 1, 0, 1, 2, 1, 2, 1, 1, 1, 1, 1, 1, 0, 0, 2, 1, 0, 0, 1, 0, 0, 1, 2, 1, 0, 0, 0, 1, 1, 0, 0, 1, 0, 2, 1, 0, 0, 2, 0, 2]|[3, 0, 2, 3, 0, 1, 1, 2, 2, 4, 1, 1, 0, 4, 1, 4, 2, 1, 1, 1, 2, 2, 2, 1, 1, 1, 2, 1, 1, 2, 3, 2, 3, 1, 4, 0, 1, 1, 0, 3, 2, 2, 4, 0, 1, 1, 0, 4, 0, 1, 2, 3, 1, 4, 0, 3, 2, 1, 2, 1, 2, 1, 1, 1, 3, 0, 4, 3, 1, 4, 1, 1, 1, 2, 1, 4, 1, 1, 1, 1, 1, 3, 1, 1, 1, 1, 2, 4, 4, 2, 2, 3, 2, 1, 1, 2, 2, 1, 1, 1]|[2, 0, 1, 2, 3, 0, 0, 1, 1, 0, 0, 0, 0, 1, 0, 3, 1, 0, 0, 1, 1, 1, 2, 0, 0, 0, 1, 0, 1, 0, 0, 0, 0, 0, 3, 0, 1, 0, 0, 2, 1, 1, 2, 0, 0, 0, 0, 2, 1, 0, 0, 0, 1, 3, 0, 0, 1, 0, 1, 0, 1, 0, 1, 0, 2, 1, 0, 0, 1, 1, 3, 3, 0, 1, 0, 0, 0, 0, 1, 0, 0, 0, 0, 2, 0, 0, 1, 3, 3, 1, 1, 2, 0, 0, 1, 0, 0, 0, 1, 0],706.0425648885516,58640.99257008452,96849.50297129861,false
42,G4_BALANCED,G2_TEC,[31, 22, 82, 15, 26, 9, 95, 42, 77, 68, 47, 5, 93, 78, 86, 54, 85, 63, 18, 44, 20, 49, 36, 14, 74, 50, 53, 17, 21, 28, 11, 64, 3, 23, 30, 83, 24, 41, 40, 52, 65, 27, 90, 70, 39, 87, 48, 69, 99, 4, 46, 1, 13, 58, 97, 59, 45, 8, 73, 37, 35, 79, 71, 66, 76, 32, 60, 80, 96, 6, 67, 61, 33, 7, 57, 34, 12, 16, 10, 98, 56, 88, 43, 75, 91, 38, 84, 92, 29, 19, 51, 55, 72, 89, 25, 81, 94, 2, 0, 62]|[2, 1, 2, 1, 1, 2, 1, 1, 1, 1, 1, 0, 2, 2, 1, 2, 0, 0, 0, 2, 2, 1, 0, 2, 0, 2, 2, 1, 0, 1, 1, 1, 0, 0, 1, 0, 2, 1, 2, 2, 0, 0, 1, 1, 0, 2, 0, 2, 1, 0, 0, 2, 0, 0, 2, 0, 1, 1, 0, 0, 2, 1, 1, 2, 2, 0, 2, 2, 0, 1, 2, 1, 1, 2, 0, 1, 1, 2, 1, 2, 0, 1, 1, 0, 1, 0, 0, 0, 1, 1, 1, 0, 1, 1, 1, 1, 2, 2, 0, 1]|[0, 3, 0, 3, 4, 1, 4, 4, 2, 4, 3, 2, 1, 0, 2, 1, 1, 1, 2, 1, 1, 3, 0, 1, 0, 1, 1, 4, 1, 4, 3, 2, 2, 0, 4, 1, 1, 4, 1, 1, 2, 1, 4, 4, 1, 1, 0, 2, 3, 2, 2, 1, 2, 1, 1, 2, 4, 3, 0, 2, 2, 3, 3, 1, 1, 2, 1, 1, 2, 4, 1, 3, 4, 1, 2, 4, 3, 1, 3, 1, 2, 4, 4, 2, 3, 2, 2, 2, 3, 4, 3, 2, 4, 4, 4, 4, 1, 1, 2, 3]|[0, 2, 0, 0, 3, 0, 1, 3, 0, 0, 2, 0, 1, 0, 1, 0, 0, 0, 1, 0, 0, 2, 0, 0, 1, 0, 0, 3, 0, 1, 0, 2, 0, 0, 3, 0, 1, 3, 0, 0, 0, 0, 1, 3, 0, 0, 1, 0, 2, 0, 0, 0, 0, 1, 1, 0, 1, 0, 1, 1, 0, 2, 0, 0, 0, 0, 0, 0, 0, 2, 0, 0, 1, 0, 0, 1, 0, 0, 3, 0, 0, 1, 2, 0, 0, 0, 0, 0, 3, 1, 0, 0, 2, 3, 1, 2, 0, 0, 0, 0],884.0497112219896,49819.10719815806,105479.295573229,true
42,G2_TEC,G2_TEC,[31, 22, 82, 15, 26, 9, 95, 42, 77, 68, 47, 5, 93, 78, 86, 54, 85, 63, 18, 44, 20, 49, 36, 14, 74, 50, 53, 17, 21, 28, 11, 64, 3, 23, 30, 83, 24, 41, 40, 52, 65, 27, 90, 70, 39, 87, 48, 69, 99, 4, 46, 1, 13, 58, 97, 59, 45, 8, 73, 37, 35, 79, 71, 66, 76, 32, 60, 80, 56, 6, 67, 61, 33, 7, 57, 34, 12, 16, 10, 98, 96, 88, 43, 75, 91, 2, 84, 29, 92, 19, 51, 55, 81, 89, 25, 62, 94, 38, 0, 72]|[2, 1, 2, 1, 1, 2, 1, 1, 1, 1, 1, 0, 2, 2, 1, 2, 0, 0, 0, 2, 2, 1, 0, 2, 0, 2, 2, 1, 0, 1, 1, 1, 0, 0, 1, 0, 2, 1, 2, 2, 0, 0, 1, 1, 0, 2, 0, 2, 1, 0, 0, 2, 0, 0, 2, 0, 1, 1, 0, 0, 2, 1, 1, 2, 2, 0, 2, 2, 2, 1, 2, 1, 1, 2, 0, 1, 1, 2, 1, 2, 0, 1, 1, 0, 1, 0, 0, 1, 0, 1, 1, 0, 1, 1, 1, 1, 2, 0, 2, 1]|[0, 3, 0, 3, 4, 1, 4, 4, 2, 4, 3, 2, 1, 0, 2, 1, 1, 1, 2, 1, 1, 3, 0, 1, 0, 1, 1, 4, 1, 4, 3, 2, 2, 0, 4, 1, 1, 4, 1, 1, 2, 1, 4, 4, 1, 1, 0, 2, 3, 2, 2, 1, 2, 1, 1, 2, 4, 3, 0, 2, 1, 3, 3, 1, 1, 2, 1, 1, 1, 4, 1, 3, 4, 1, 2, 4, 3, 1, 3, 1, 2, 4, 4, 2, 3, 2, 2, 3, 2, 4, 3, 2, 4, 4, 4, 3, 1, 2, 1, 4]|[0, 2, 0, 0, 3, 0, 1, 3, 0, 0, 2, 0, 1, 0, 1, 0, 0, 0, 1, 0, 0, 2, 0, 0, 1, 0, 0, 3, 0, 1, 0, 2, 0, 0, 3, 0, 1, 1, 0, 0, 0, 0, 1, 3, 0, 0, 1, 0, 2, 0, 0, 0, 0, 0, 1, 0, 1, 0, 1, 1, 0, 2, 0, 0, 0, 0, 0, 0, 0, 2, 0, 0, 1, 0, 0, 1, 0, 0, 3, 0, 0, 1, 2, 0, 0, 0, 0, 3, 0, 1, 0, 0, 2, 1, 3, 0, 0, 0, 0, 1],914.0597544875216,49173.30366922346,107616.27616016247,false
42,G3_TWC,G4_BALANCED,[31, 22, 82, 15, 26, 58, 95, 42, 77, 12, 47, 5, 93, 78, 98, 54, 85, 63, 18, 44, 20, 35, 43, 97, 91, 76, 10, 30, 21, 45, 71, 64, 1, 23, 17, 83, 24, 14, 60, 36, 6, 57, 94, 88, 65, 56, 79, 40, 67, 68, 46, 75, 38, 9, 19, 32, 81, 41, 27, 62, 87, 90, 99, 59, 11, 16, 72, 73, 70, 39, 37, 84, 3, 92, 25, 55, 28, 29, 51, 7, 33, 61, 86, 48, 89, 34, 66, 96, 53, 80, 4, 8, 50, 74, 52, 0, 13, 2, 69, 49]|[1, 1, 0, 1, 1, 1, 2, 1, 2, 1, 2, 2, 2, 1, 1, 0, 0, 1, 0, 2, 2, 0, 1, 2, 0, 1, 2, 2, 0, 0, 1, 2, 1, 2, 1, 0, 2, 0, 1, 1, 0, 1, 1, 1, 0, 2, 1, 1, 0, 0, 0, 0, 1, 1, 2, 1, 2, 0, 0, 0, 2, 1, 0, 1, 2, 1, 2, 1, 1, 1, 1, 1, 2, 0, 1, 1, 2, 0, 0, 1, 2, 1, 0, 0, 1, 2, 2, 2, 0, 0, 0, 1, 0, 0, 1, 0, 0, 0, 1, 2]|[4, 3, 2, 2, 0, 0, 2, 2, 2, 4, 1, 1, 2, 4, 4, 1, 2, 4, 2, 1, 1, 1, 1, 2, 1, 2, 1, 1, 1, 1, 3, 2, 3, 0, 4, 0, 1, 1, 0, 3, 2, 2, 4, 0, 1, 1, 0, 2, 0, 1, 2, 2, 1, 4, 0, 3, 2, 1, 1, 2, 1, 3, 1, 1, 1, 3, 0, 4, 3, 1, 4, 1, 1, 2, 4, 4, 1, 1, 1, 3, 1, 3, 1, 1, 1, 1, 1, 1, 2, 1, 2, 3, 1, 1, 1, 2, 2, 2, 3, 1]|[0, 2, 1, 1, 3, 3, 0, 1, 0, 0, 0, 0, 1, 0, 1, 0, 0, 3, 1, 0, 0, 0, 3, 1, 0, 2, 0, 0, 0, 1, 0, 0, 0, 0, 3, 0, 1, 0, 0, 2, 1, 1, 2, 0, 0, 0, 0, 1, 1, 0, 0, 0, 1, 3, 0, 0, 1, 0, 0, 1, 0, 2, 0, 1, 0, 2, 1, 0, 0, 1, 1, 3, 0, 1, 3, 3, 0, 0, 0, 2, 0, 0, 0, 0, 1, 0, 0, 0, 1, 0, 1, 2, 0, 1, 1, 0, 0, 0, 0, 0],759.2597408279033,57363.59638822374,91139.39919396903,true
42,G1_CMAX,G1_CMAX,[31, 22, 82, 90, 26, 58, 95, 42, 77, 12, 93, 5, 78, 86, 98, 18, 44, 20, 35, 3, 97, 91, 76, 10, 85, 30, 47, 54, 45, 63, 71, 66, 1, 23, 17, 83, 24, 14, 60, 36, 6, 57, 40, 88, 65, 56, 79, 94, 67, 68, 46, 75, 38, 9, 19, 32, 81, 27, 62, 87, 15, 99, 59, 11, 16, 72, 73, 70, 39, 37, 84, 43, 80, 53, 96, 4, 50, 41, 89, 48, 21, 61, 33, 7, 51, 29, 28, 55, 25, 92, 8, 69, 0, 74, 52, 2, 13, 34, 49, 64]|[1, 1, 0, 1, 1, 0, 2, 1, 2, 1, 2, 2, 2, 1, 0, 1, 0, 2, 2, 1, 2, 2, 1, 2, 2, 2, 2, 0, 0, 0, 1, 2, 1, 2, 1, 0, 2, 0, 1, 1, 0, 1, 1, 1, 0, 2, 1, 1, 0, 0, 0, 1, 1, 1, 2, 1, 2, 0, 0, 2, 1, 0, 1, 2, 1, 2, 1, 1, 1, 1, 1, 1, 0, 0, 2, 1, 0, 0, 1, 0, 0, 1, 2, 1, 0, 0, 0, 1, 1, 0, 0, 1, 0, 2, 1, 0, 0, 2, 0, 2]|[3, 0, 2, 3, 0, 1, 1, 2, 2, 4, 1, 1, 0, 4, 1, 4, 2, 1, 1, 1, 2, 2, 2, 1, 1, 1, 2, 1, 1, 2, 3, 2, 3, 1, 4, 0, 1, 1, 0, 3, 2, 2, 4, 0, 1, 1, 0, 4, 0, 1, 2, 3, 1, 4, 0, 3, 2, 1, 2, 1, 2, 1, 1, 1, 3, 0, 4, 3, 1, 4, 1, 1, 1, 2, 1, 4, 1, 1, 1, 1, 1, 3, 1, 1, 1, 1, 2, 4, 4, 2, 2, 3, 2, 1, 1, 2, 2, 1, 1, 1]|[2, 0, 1, 2, 3, 0, 0, 1, 1, 0, 0, 0, 0, 1, 0, 3, 1, 0, 0, 1, 1, 1, 2, 0, 0, 0, 1, 0, 1, 0, 0, 0, 0, 0, 3, 0, 1, 0, 0, 2, 1, 1, 2, 0, 0, 0, 0, 2, 1, 0, 0, 0, 1, 3, 0, 0, 1, 0, 1, 0, 1, 0, 1, 0, 2, 1, 0, 0, 1, 1, 3, 3, 0, 1, 0, 0, 0, 0, 1, 0, 0, 0, 0, 2, 0, 0, 1, 3, 3, 1, 1, 2, 0, 0, 1, 0, 0, 0, 1, 0],706.0425648885516,58640.99257008452,96849.50297129861,false
42,G4_BALANCED,G2_TEC,[31, 22, 82, 15, 26, 9, 95, 42, 77, 68, 47, 5, 93, 78, 86, 54, 85, 63, 18, 44, 20, 49, 36, 14, 74, 50, 53, 17, 21, 28, 11, 64, 3, 23, 30, 83, 24, 41, 40, 52, 65, 27, 90, 70, 39, 87, 48, 69, 99, 4, 46, 1, 13, 58, 97, 59, 45, 8, 73, 37, 35, 79, 71, 66, 76, 32, 60, 80, 96, 6, 67, 61, 33, 7, 57, 34, 12, 16, 10, 98, 56, 88, 43, 75, 91, 38, 84, 92, 29, 19, 51, 55, 72, 89, 25, 81, 94, 2, 0, 62]|[2, 1, 2, 1, 1, 2, 1, 1, 1, 1, 1, 0, 2, 2, 1, 2, 0, 0, 0, 2, 2, 1, 0, 2, 0, 2, 2, 1, 0, 1, 1, 1, 0, 0, 1, 0, 2, 1, 2, 2, 0, 0, 1, 1, 0, 2, 0, 2, 1, 0, 0, 2, 0, 0, 2, 0, 1, 1, 0, 0, 2, 1, 1, 2, 2, 0, 2, 2, 0, 1, 2, 1, 1, 2, 0, 1, 1, 2, 1, 2, 0, 1, 1, 0, 1, 0, 0, 0, 1, 1, 1, 0, 1, 1, 1, 1, 2, 2, 0, 1]|[0, 3, 0, 3, 4, 1, 4, 4, 2, 4, 3, 2, 1, 0, 2, 1, 1, 1, 2, 1, 1, 3, 0, 1, 0, 1, 1, 4, 1, 4, 3, 2, 2, 0, 4, 1, 1, 4, 1, 1, 2, 1, 4, 4, 1, 1, 0, 2, 3, 2, 2, 1, 2, 1, 1, 2, 4, 3, 0, 2, 2, 3, 3, 1, 1, 2, 1, 1, 2, 4, 1, 3, 4, 1, 2, 4, 3, 1, 3, 1, 2, 4, 4, 2, 3, 2, 2, 2, 3, 4, 3, 2, 4, 4, 4, 4, 1, 1, 2, 3]|[0, 2, 0, 0, 3, 0, 1, 3, 0, 0, 2, 0, 1, 0, 1, 0, 0, 0, 1, 0, 0, 2, 0, 0, 1, 0, 0, 3, 0, 1, 0, 2, 0, 0, 3, 0, 1, 3, 0, 0, 0, 0, 1, 3, 0, 0, 1, 0, 2, 0, 0, 0, 0, 1, 1, 0, 1, 0, 1, 1, 0, 2, 0, 0, 0, 0, 0, 0, 0, 2, 0, 0, 1, 0, 0, 1, 0, 0, 3, 0, 0, 1, 2, 0, 0, 0, 0, 0, 3, 1, 0, 0, 2, 3, 1, 2, 0, 0, 0, 0],884.0497112219896,49819.10719815806,105479.295573229,true
42,G2_TEC,G2_TEC,[31, 22, 82, 15, 26, 9, 95, 42, 77, 68, 47, 5, 93, 78, 86, 54, 85, 63, 18, 44, 20, 49, 36, 14, 74, 50, 53, 17, 21, 28, 11, 64, 3, 23, 30, 83, 24, 41, 40, 52, 65, 27, 90, 70, 39, 87, 48, 69, 99, 4, 46, 1, 13, 58, 97, 59, 45, 8, 73, 37, 35, 79, 71, 66, 76, 32, 60, 80, 56, 6, 67, 61, 33, 7, 57, 34, 12, 16, 10, 98, 96, 88, 43, 75, 91, 2, 84, 29, 92, 19, 51, 55, 81, 89, 25, 62, 94, 38, 0, 72]|[2, 1, 2, 1, 1, 2, 1, 1, 1, 1, 1, 0, 2, 2, 1, 2, 0, 0, 0, 2, 2, 1, 0, 2, 0, 2, 2, 1, 0, 1, 1, 1, 0, 0, 1, 0, 2, 1, 2, 2, 0, 0, 1, 1, 0, 2, 0, 2, 1, 0, 0, 2, 0, 0, 2, 0, 1, 1, 0, 0, 2, 1, 1, 2, 2, 0, 2, 2, 2, 1, 2, 1, 1, 2, 0, 1, 1, 2, 1, 2, 0, 1, 1, 0, 1, 0, 0, 1, 0, 1, 1, 0, 1, 1, 1, 1, 2, 0, 2, 1]|[0, 3, 0, 3, 4, 1, 4, 4, 2, 4, 3, 2, 1, 0, 2, 1, 1, 1, 2, 1, 1, 3, 0, 1, 0, 1, 1, 4, 1, 4, 3, 2, 2, 0, 4, 1, 1, 4, 1, 1, 2, 1, 4, 4, 1, 1, 0, 2, 3, 2, 2, 1, 2, 1, 1, 2, 4, 3, 0, 2, 1, 3, 3, 1, 1, 2, 1, 1, 1, 4, 1, 3, 4, 1, 2, 4, 3, 1, 3, 1, 2, 4, 4, 2, 3, 2, 2, 3, 2, 4, 3, 2, 4, 4, 4, 3, 1, 2, 1, 4]|[0, 2, 0, 0, 3, 0, 1, 3, 0, 0, 2, 0, 1, 0, 1, 0, 0, 0, 1, 0, 0, 2, 0, 0, 1, 0, 0, 3, 0, 1, 0, 2, 0, 0, 3, 0, 1, 1, 0, 0, 0, 0, 1, 3, 0, 0, 1, 0, 2, 0, 0, 0, 0, 0, 1, 0, 1, 0, 1, 1, 0, 2, 0, 0, 0, 0, 0, 0, 0, 2, 0, 0, 1, 0, 0, 1, 0, 0, 3, 0, 0, 1, 2, 0, 0, 0, 0, 3, 0, 1, 0, 0, 2, 1, 3, 0, 0, 0, 0, 1],914.0597544875216,49173.30366922346,107616.27616016247,false
42,G3_TWC,G4_BALANCED,[31, 22, 82, 15, 26, 58, 95, 42, 77, 12, 47, 5, 93, 78, 86, 54, 85, 63, 18, 44, 20, 35, 43, 97, 66, 76, 79, 30, 21, 45, 71, 64, 1, 23, 17, 83, 24, 14, 60, 36, 6, 57, 40, 88, 65, 56, 10, 94, 67, 68, 46, 75, 38, 9, 19, 32, 41, 81, 27, 62, 87, 90, 99, 59, 16, 72, 73, 70, 39, 37, 84, 3, 92, 25, 55, 48, 11, 29, 51, 96, 33, 61, 98, 28, 89, 50, 4, 34, 53, 80, 8, 91, 7, 49, 52, 0, 74, 69, 2, 13]|[1, 1, 0, 1, 1, 0, 1, 2, 2, 1, 2, 2, 2, 1, 1, 0, 0, 1, 0, 2, 2, 0, 2, 2, 0, 1, 2, 2, 0, 0, 1, 2, 1, 2, 1, 0, 2, 0, 1, 1, 0, 1, 1, 1, 0, 2, 2, 1, 0, 0, 0, 0, 1, 1, 2, 1, 0, 2, 0, 2, 2, 1, 0, 1, 1, 2, 1, 1, 1, 1, 1, 1, 0, 1, 2, 0, 2, 0, 0, 2, 2, 1, 2, 0, 1, 0, 1, 2, 0, 0, 1, 0, 1, 0, 1, 0, 2, 1, 0, 0]|[4, 3, 2, 2, 4, 1, 2, 2, 2, 4, 2, 1, 2, 4, 4, 1, 2, 4, 2, 1, 1, 1, 2, 2, 1, 2, 1, 1, 1, 1, 3, 2, 3, 1, 4, 0, 1, 1, 0, 3, 2, 2, 2, 0, 1, 1, 1, 4, 0, 1, 2, 2, 1, 4, 0, 3, 1, 1, 1, 1, 1, 3, 1, 1, 3, 0, 4, 3, 1, 4, 1, 1, 2, 4, 1, 1, 1, 1, 1, 1, 1, 3, 1, 2, 1, 1, 4, 1, 2, 1, 3, 1, 1, 1, 1, 2, 1, 4, 2, 2]|[0, 2, 1, 1, 3, 0, 1, 0, 0, 0, 0, 0, 0, 0, 1, 0, 0, 3, 1, 0, 0, 0, 1, 1, 0, 2, 0, 0, 0, 0, 0, 0, 0, 0, 3, 0, 1, 0, 0, 2, 1, 1, 1, 0, 0, 0, 0, 2, 1, 0, 0, 0, 1, 3, 0, 0, 0, 0, 0, 0, 0, 2, 0, 1, 2, 1, 0, 0, 1, 1, 3, 1, 1, 3, 0, 0, 0, 0, 0, 0, 0, 0, 0, 1, 1, 0, 0, 0, 1, 0, 2, 0, 2, 1, 1, 0, 0, 2, 0, 0],833.102820254495,54845.058524332984,98518.43558293639,true
42,G1_CMAX,G1_CMAX,[31, 22, 82, 90, 26, 58, 95, 42, 77, 12, 93, 5, 78, 86, 98, 18, 44, 20, 35, 3, 97, 91, 76, 10, 85, 30, 47, 54, 45, 63, 71, 66, 1, 23, 17, 83, 24, 14, 60, 36, 6, 57, 40, 88, 65, 56, 79, 94, 67, 68, 46, 75, 38, 9, 19, 32, 81, 27, 62, 87, 15, 99, 59, 11, 16, 72, 73, 70, 39, 37, 84, 43, 80, 53, 96, 4, 50, 41, 89, 48, 21, 61, 33, 7, 51, 29, 28, 55, 25, 92, 8, 69, 0, 74, 52, 2, 13, 34, 49, 64]|[1, 1, 0, 1, 1, 0, 2, 1, 2, 1, 2, 2, 2, 1, 0, 1, 0, 2, 2, 1, 2, 2, 1, 2, 2, 2, 2, 0, 0, 0, 1, 2, 1, 2, 1, 0, 2, 0, 1, 1, 0, 1, 1, 1, 0, 2, 1, 1, 0, 0, 0, 1, 1, 1, 2, 1, 2, 0, 0, 2, 1, 0, 1, 2, 1, 2, 1, 1, 1, 1, 1, 1, 0, 0, 2, 1, 0, 0, 1, 0, 0, 1, 2, 1, 0, 0, 0, 1, 1, 0, 0, 1, 0, 2, 1, 0, 0, 2, 0, 2]|[3, 0, 2, 3, 0, 1, 1, 2, 2, 4, 1, 1, 0, 4, 1, 4, 2, 1, 1, 1, 2, 2, 2, 1, 1, 1, 2, 1, 1, 2, 3, 2, 3, 1, 4, 0, 1, 1, 0, 3, 2, 2, 4, 0, 1, 1, 0, 4, 0, 1, 2, 3, 1, 4, 0, 3, 2, 1, 2, 1, 2, 1, 1, 1, 3, 0, 4, 3, 1, 4, 1, 1, 1, 2, 1, 4, 1, 1, 1, 1, 1, 3, 1, 1, 1, 1, 2, 4, 4, 2, 2, 3, 2, 1, 1, 2, 2, 1, 1, 1]|[2, 0, 1, 2, 3, 0, 0, 1, 1, 0, 0, 0, 0, 1, 0, 3, 1, 0, 0, 1, 1, 1, 2, 0, 0, 0, 1, 0, 1, 0, 0, 0, 0, 0, 3, 0, 1, 0, 0, 2, 1, 1, 2, 0, 0, 0, 0, 2, 1, 0, 0, 0, 1, 3, 0, 0, 1, 0, 1, 0, 1, 0, 1, 0, 2, 1, 0, 0, 1, 1, 3, 3, 0, 1, 0, 0, 0, 0, 1, 0, 0, 0, 0, 2, 0, 0, 1, 3, 3, 1, 1, 2, 0, 0, 1, 0, 0, 0, 1, 0],706.0425648885516,58640.99257008452,96849.50297129861,false
42,G4_BALANCED,G4_BALANCED,[31, 22, 82, 15, 26, 9, 95, 42, 77, 68, 47, 5, 93, 78, 86, 54, 85, 63, 18, 44, 20, 49, 36, 14, 74, 50, 53, 17, 21, 28, 11, 64, 3, 23, 30, 83, 24, 41, 40, 52, 65, 27, 90, 70, 39, 87, 48, 69, 99, 4, 46, 1, 13, 58, 19, 59, 45, 8, 73, 37, 35, 79, 71, 66, 76, 32, 60, 80, 96, 6, 16, 61, 33, 7, 57, 34, 12, 0, 10, 98, 56, 88, 43, 84, 91, 38, 75, 92, 29, 97, 51, 55, 72, 89, 25, 81, 94, 2, 62, 67]|[2, 1, 2, 1, 1, 0, 1, 1, 1, 1, 1, 0, 2, 2, 1, 2, 0, 0, 0, 2, 2, 1, 0, 2, 0, 2, 2, 1, 0, 1, 1, 1, 0, 0, 1, 0, 2, 1, 2, 2, 0, 0, 1, 1, 0, 2, 0, 2, 1, 0, 0, 2, 0, 0, 2, 0, 1, 1, 0, 0, 2, 1, 1, 1, 2, 0, 2, 2, 0, 1, 2, 1, 1, 2, 0, 1, 1, 2, 1, 2, 2, 1, 1, 0, 1, 0, 0, 0, 1, 1, 1, 0, 1, 1, 1, 1, 2, 2, 1, 2]|[0, 3, 0, 3, 4, 1, 4, 4, 2, 4, 3, 2, 1, 0, 2, 1, 1, 1, 2, 1, 1, 3, 0, 1, 0, 1, 1, 4, 1, 4, 3, 2, 2, 0, 4, 1, 1, 4, 1, 1, 2, 1, 4, 4, 1, 1, 0, 2, 3, 2, 2, 1, 2, 1, 1, 2, 4, 3, 0, 2, 2, 3, 3, 1, 1, 2, 1, 1, 2, 4, 1, 3, 4, 1, 2, 4, 3, 1, 3, 1, 1, 4, 4, 2, 3, 2, 2, 2, 3, 4, 3, 2, 4, 4, 4, 4, 1, 1, 3, 1]|[0, 2, 0, 0, 3, 0, 1, 3, 0, 0, 2, 0, 1, 0, 1, 0, 0, 0, 1, 0, 0, 2, 0, 0, 1, 0, 0, 3, 0, 1, 0, 2, 0, 0, 3, 0, 1, 1, 0, 0, 0, 0, 1, 3, 0, 0, 1, 0, 2, 0, 0, 0, 0, 0, 1, 0, 1, 0, 1, 1, 0, 2, 0, 2, 0, 0, 0, 0, 0, 2, 0, 0, 1, 0, 0, 1, 0, 0, 3, 0, 0, 1, 2, 0, 0, 0, 0, 0, 3, 1, 0, 0, 1, 1, 3, 2, 0, 0, 0, 0],882.6332897592326,49865.271822390336,105536.54878901383,false
42,G2_TEC,G2_TEC,[31, 22, 82, 15, 26, 9, 95, 42, 77, 68, 47, 5, 93, 78, 86, 54, 85, 63, 18, 44, 20, 49, 36, 14, 74, 50, 53, 17, 21, 28, 11, 64, 3, 23, 30, 83, 24, 41, 40, 52, 65, 27, 90, 70, 39, 87, 48, 69, 99, 4, 46, 1, 13, 58, 97, 59, 45, 8, 73, 37, 35, 79, 71, 66, 76, 32, 60, 80, 56, 6, 67, 61, 33, 7, 57, 34, 12, 16, 10, 98, 96, 88, 43, 75, 91, 2, 84, 29, 92, 19, 51, 55, 81, 89, 25, 62, 94, 38, 0, 72]|[2, 1, 2, 1, 1, 2, 1, 1, 1, 1, 1, 0, 2, 2, 1, 2, 0, 0, 0, 2, 2, 1, 0, 2, 0, 2, 2, 1, 0, 1, 1, 1, 0, 0, 1, 0, 2, 1, 2, 2, 0, 0, 1, 1, 0, 2, 0, 2, 1, 0, 0, 2, 0, 0, 2, 0, 1, 1, 0, 0, 2, 1, 1, 2, 2, 0, 2, 2, 2, 1, 2, 1, 1, 2, 0, 1, 1, 2, 1, 2, 0, 1, 1, 0, 1, 0, 0, 1, 0, 1, 1, 0, 1, 1, 1, 1, 2, 0, 2, 1]|[0, 3, 0, 3, 4, 1, 4, 4, 2, 4, 3, 2, 1, 0, 2, 1, 1, 1, 2, 1, 1, 3, 0, 1, 0, 1, 1, 4, 1, 4, 3, 2, 2, 0, 4, 1, 1, 4, 1, 1, 2, 1, 4, 4, 1, 1, 0, 2, 3, 2, 2, 1, 2, 1, 1, 2, 4, 3, 0, 2, 1, 3, 3, 1, 1, 2, 1, 1, 1, 4, 1, 3, 4, 1, 2, 4, 3, 1, 3, 1, 2, 4, 4, 2, 3, 2, 2, 3, 2, 4, 3, 2, 4, 4, 4, 3, 1, 2, 1, 4]|[0, 2, 0, 0, 3, 0, 1, 3, 0, 0, 2, 0, 1, 0, 1, 0, 0, 0, 1, 0, 0, 2, 0, 0, 1, 0, 0, 3, 0, 1, 0, 2, 0, 0, 3, 0, 1, 1, 0, 0, 0, 0, 1, 3, 0, 0, 1, 0, 2, 0, 0, 0, 0, 0, 1, 0, 1, 0, 1, 1, 0, 2, 0, 0, 0, 0, 0, 0, 0, 2, 0, 0, 1, 0, 0, 1, 0, 0, 3, 0, 0, 1, 2, 0, 0, 0, 0, 3, 0, 1, 0, 0, 2, 1, 3, 0, 0, 0, 0, 1],914.0597544875216,49173.30366922346,107616.27616016247,false
42,G3_TWC,G4_BALANCED,[31, 22, 82, 15, 26, 58, 95, 42, 77, 12, 47, 5, 93, 78, 86, 54, 85, 63, 18, 44, 20, 35, 43, 97, 91, 76, 10, 30, 21, 45, 71, 64, 1, 23, 17, 83, 24, 14, 60, 36, 6, 57, 40, 88, 65, 56, 79, 94, 67, 68, 46, 29, 38, 9, 19, 32, 81, 41, 27, 87, 90, 99, 59, 62, 11, 66, 73, 70, 39, 37, 84, 3, 72, 25, 55, 48, 16, 75, 51, 7, 33, 61, 98, 92, 89, 50, 4, 96, 53, 80, 8, 28, 34, 49, 52, 0, 74, 69, 2, 13]|[1, 1, 0, 1, 1, 0, 1, 2, 2, 1, 2, 2, 2, 1, 1, 0, 0, 1, 0, 2, 2, 0, 0, 2, 0, 1, 2, 2, 0, 0, 1, 2, 1, 2, 1, 0, 2, 0, 1, 1, 0, 1, 1, 1, 0, 2, 1, 1, 0, 0, 0, 0, 1, 1, 2, 1, 2, 0, 0, 2, 1, 0, 1, 2, 2, 2, 1, 1, 1, 1, 1, 1, 2, 1, 2, 0, 1, 0, 0, 1, 2, 1, 2, 0, 1, 0, 1, 2, 0, 0, 0, 0, 2, 0, 1, 0, 2, 1, 0, 0]|[4, 3, 2, 2, 4, 1, 2, 2, 2, 4, 1, 1, 2, 4, 4, 1, 2, 4, 2, 1, 1, 1, 1, 2, 1, 2, 1, 1, 2, 1, 3, 2, 3, 1, 4, 0, 1, 1, 0, 3, 2, 2, 2, 0, 1, 1, 0, 4, 0, 1, 2, 2, 1, 4, 0, 3, 2, 1, 1, 1, 3, 1, 1, 1, 1, 1, 4, 3, 1, 4, 1, 1, 1, 4, 1, 1, 3, 1, 1, 1, 1, 3, 1, 0, 1, 1, 4, 1, 2, 1, 1, 2, 1, 1, 1, 2, 1, 4, 2, 2]|[0, 2, 1, 1, 3, 0, 1, 0, 0, 0, 0, 0, 1, 0, 1, 0, 0, 3, 1, 0, 0, 0, 0, 1, 0, 2, 0, 0, 0, 1, 0, 0, 0, 0, 3, 0, 1, 0, 0, 2, 1, 1, 1, 0, 0, 0, 0, 2, 1, 0, 0, 0, 1, 3, 0, 0, 1, 0, 0, 0, 2, 0, 1, 0, 0, 0, 0, 0, 1, 1, 3, 1, 0, 3, 0, 0, 2, 0, 0, 2, 0, 0, 0, 1, 1, 0, 0, 0, 1, 0, 0, 1, 0, 1, 1, 0, 0, 2, 0, 0],780.6740718852884,55452.862853508894,96219.06701757858,true
42,G1_CMAX,G1_CMAX,[31, 22, 82, 90, 26, 58, 95, 42, 77, 12, 93, 5, 78, 86, 98, 18, 44, 20, 35, 3, 97, 91, 76, 10, 85, 30, 47, 54, 45, 63, 71, 66, 1, 23, 17, 83, 24, 14, 60, 36, 6, 57, 40, 88, 65, 56, 79, 94, 67, 68, 46, 75, 38, 9, 19, 32, 81, 27, 62, 87, 15, 99, 59, 11, 16, 72, 73, 70, 39, 37, 84, 43, 80, 53, 96, 4, 50, 41, 89, 48, 21, 61, 33, 7, 51, 29, 28, 55, 25, 92, 8, 69, 0, 74, 52, 2, 13, 34, 49, 64]|[1, 1, 0, 1, 1, 0, 2, 1, 2, 1, 2, 2, 2, 1, 0, 1, 0, 2, 2, 1, 2, 2, 1, 2, 2, 2, 2, 0, 0, 0, 1, 2, 1, 2, 1, 0, 2, 0, 1, 1, 0, 1, 1, 1, 0, 2, 1, 1, 0, 0, 0, 1, 1, 1, 2, 1, 2, 0, 0, 2, 1, 0, 1, 2, 1, 2, 1, 1, 1, 1, 1, 1, 0, 0, 2, 1, 0, 0, 1, 0, 0, 1, 2, 1, 0, 0, 0, 1, 1, 0, 0, 1, 0, 2, 1, 0, 0, 2, 0, 2]|[3, 0, 2, 3, 0, 1, 1, 2, 2, 4, 1, 1, 0, 4, 1, 4, 2, 1, 1, 1, 2, 2, 2, 1, 1, 1, 2, 1, 1, 2, 3, 2, 3, 1, 4, 0, 1, 1, 0, 3, 2, 2, 4, 0, 1, 1, 0, 4, 0, 1, 2, 3, 1, 4, 0, 3, 2, 1, 2, 1, 2, 1, 1, 1, 3, 0, 4, 3, 1, 4, 1, 1, 1, 2, 1, 4, 1, 1, 1, 1, 1, 3, 1, 1, 1, 1, 2, 4, 4, 2, 2, 3, 2, 1, 1, 2, 2, 1, 1, 1]|[2, 0, 1, 2, 3, 0, 0, 1, 1, 0, 0, 0, 0, 1, 0, 3, 1, 0, 0, 1, 1, 1, 2, 0, 0, 0, 1, 0, 1, 0, 0, 0, 0, 0, 3, 0, 1, 0, 0, 2, 1, 1, 2, 0, 0, 0, 0, 2, 1, 0, 0, 0, 1, 3, 0, 0, 1, 0, 1, 0, 1, 0, 1, 0, 2, 1, 0, 0, 1, 1, 3, 3, 0, 1, 0, 0, 0, 0, 1, 0, 0, 0, 0, 2, 0, 0, 1, 3, 3, 1, 1, 2, 0, 0, 1, 0, 0, 0, 1, 0],706.0425648885516,58640.99257008452,96849.50297129861,false
42,G4_BALANCED,G3_TWC,[31, 22, 82, 15, 26, 58, 95, 42, 77, 12, 47, 5, 93, 78, 44, 54, 85, 63, 18, 98, 20, 35, 43, 97, 91, 76, 10, 30, 21, 61, 71, 64, 1, 23, 17, 83, 24, 14, 60, 36, 6, 57, 94, 88, 65, 56, 79, 40, 67, 68, 46, 75, 38, 9, 19, 32, 81, 41, 27, 62, 87, 90, 99, 59, 11, 16, 72, 73, 70, 39, 37, 84, 3, 92, 25, 55, 28, 29, 51, 7, 33, 45, 86, 48, 89, 50, 66, 96, 53, 80, 4, 8, 34, 74, 52, 2, 13, 0, 49, 69]|[1, 1, 0, 1, 1, 1, 2, 1, 2, 1, 2, 2, 2, 1, 1, 0, 0, 1, 0, 2, 2, 0, 1, 2, 0, 1, 2, 2, 0, 1, 1, 2, 1, 2, 1, 0, 2, 0, 1, 1, 0, 1, 1, 1, 0, 2, 1, 1, 0, 0, 0, 0, 1, 1, 2, 1, 2, 0, 0, 0, 2, 1, 1, 2, 2, 1, 2, 1, 1, 1, 1, 1, 2, 0, 1, 1, 0, 0, 0, 1, 2, 1, 0, 0, 1, 0, 2, 0, 0, 0, 0, 1, 2, 2, 1, 0, 0, 0, 0, 2]|[4, 3, 2, 2, 0, 0, 2, 2, 2, 4, 1, 1, 2, 4, 4, 1, 1, 4, 2, 1, 1, 1, 1, 2, 1, 2, 1, 1, 1, 3, 3, 2, 3, 0, 4, 0, 1, 1, 0, 3, 2, 2, 4, 0, 1, 1, 0, 2, 0, 1, 2, 2, 1, 4, 0, 3, 2, 1, 1, 2, 1, 3, 1, 1, 1, 3, 0, 4, 3, 1, 4, 1, 1, 2, 4, 4, 2, 1, 1, 3, 1, 3, 1, 1, 1, 1, 1, 1, 2, 1, 2, 3, 1, 1, 1, 2, 2, 2, 1, 1]|[0, 2, 1, 1, 3, 3, 0, 1, 0, 0, 0, 0, 1, 0, 1, 0, 0, 3, 1, 0, 0, 0, 3, 1, 0, 2, 0, 0, 0, 0, 0, 0, 0, 0, 3, 0, 1, 0, 0, 2, 1, 1, 2, 0, 0, 0, 0, 1, 1, 0, 0, 0, 1, 3, 0, 0, 1, 0, 0, 1, 0, 2, 1, 0, 0, 2, 1, 0, 0, 1, 1, 3, 0, 1, 3, 3, 1, 0, 0, 2, 0, 0, 0, 0, 1, 0, 0, 0, 1, 0, 1, 2, 0, 0, 1, 0, 0, 0, 1, 0],750.085634914113,57293.76873587221,91427.35634904046,true
42,G2_TEC,G2_TEC,[31, 22, 82, 15, 26, 9, 95, 42, 77, 68, 47, 5, 93, 78, 86, 54, 85, 63, 18, 44, 20, 49, 36, 14, 74, 50, 53, 17, 21, 28, 11, 64, 3, 23, 30, 83, 24, 41, 40, 52, 65, 27, 90, 70, 39, 87, 48, 69, 99, 4, 46, 1, 13, 58, 97, 59, 45, 8, 73, 37, 35, 79, 71, 66, 76, 32, 60, 80, 56, 6, 67, 61, 33, 7, 57, 34, 12, 16, 10, 98, 96, 88, 43, 75, 91, 2, 84, 29, 92, 19, 51, 55, 81, 89, 25, 62, 94, 38, 0, 72]|[2, 1, 2, 1, 1, 2, 1, 1, 1, 1, 1, 0, 2, 2, 1, 2, 0, 0, 0, 2, 2, 1, 0, 2, 0, 2, 2, 1, 0, 1, 1, 1, 0, 0, 1, 0, 2, 1, 2, 2, 0, 0, 1, 1, 0, 2, 0, 2, 1, 0, 0, 2, 0, 0, 2, 0, 1, 1, 0, 0, 2, 1, 1, 2, 2, 0, 2, 2, 2, 1, 2, 1, 1, 2, 0, 1, 1, 2, 1, 2, 0, 1, 1, 0, 1, 0, 0, 1, 0, 1, 1, 0, 1, 1, 1, 1, 2, 0, 2, 1]|[0, 3, 0, 3, 4, 1, 4, 4, 2, 4, 3, 2, 1, 0, 2, 1, 1, 1, 2, 1, 1, 3, 0, 1, 0, 1, 1, 4, 1, 4, 3, 2, 2, 0, 4, 1, 1, 4, 1, 1, 2, 1, 4, 4, 1, 1, 0, 2, 3, 2, 2, 1, 2, 1, 1, 2, 4, 3, 0, 2, 1, 3, 3, 1, 1, 2, 1, 1, 1, 4, 1, 3, 4, 1, 2, 4, 3, 1, 3, 1, 2, 4, 4, 2, 3, 2, 2, 3, 2, 4, 3, 2, 4, 4, 4, 3, 1, 2, 1, 4]|[0, 2, 0, 0, 3, 0, 1, 3, 0, 0, 2, 0, 1, 0, 1, 0, 0, 0, 1, 0, 0, 2, 0, 0, 1, 0, 0, 3, 0, 1, 0, 2, 0, 0, 3, 0, 1, 1, 0, 0, 0, 0, 1, 3, 0, 0, 1, 0, 2, 0, 0, 0, 0, 0, 1, 0, 1, 0, 1, 1, 0, 2, 0, 0, 0, 0, 0, 0, 0, 2, 0, 0, 1, 0, 0, 1, 0, 0, 3, 0, 0, 1, 2, 0, 0, 0, 0, 3, 0, 1, 0, 0, 2, 1, 3, 0, 0, 0, 0, 1],914.0597544875216,49173.30366922346,107616.27616016247,false
42,G3_TWC,G1_CMAX,[31, 22, 82, 15, 26, 58, 95, 42, 77, 12, 47, 5, 93, 78, 98, 54, 85, 63, 18, 44, 20, 35, 43, 97, 91, 76, 10, 30, 21, 45, 71, 64, 1, 23, 17, 83, 24, 14, 60, 36, 6, 57, 94, 88, 65, 56, 79, 40, 67, 68, 46, 75, 38, 9, 19, 32, 81, 96, 27, 62, 87, 90, 99, 59, 11, 16, 72, 73, 70, 39, 37, 84, 3, 92, 25, 55, 28, 29, 51, 7, 33, 61, 86, 48, 89, 34, 69, 41, 53, 80, 8, 66, 50, 49, 52, 0, 13, 2, 4, 74]|[1, 1, 0, 1, 1, 1, 2, 1, 2, 1, 2, 2, 2, 1, 1, 0, 0, 1, 0, 2, 2, 0, 1, 2, 0, 1, 2, 2, 0, 0, 1, 2, 1, 2, 1, 0, 2, 0, 1, 1, 0, 1, 1, 1, 0, 2, 1, 1, 0, 0, 0, 0, 1, 1, 2, 1, 2, 2, 0, 0, 2, 1, 0, 1, 2, 1, 2, 1, 1, 1, 1, 1, 2, 0, 1, 1, 0, 0, 0, 1, 2, 1, 0, 0, 1, 2, 1, 2, 0, 0, 1, 2, 0, 0, 1, 0, 0, 0, 1, 2]|[4, 3, 2, 2, 0, 0, 2, 2, 2, 4, 1, 1, 2, 4, 4, 1, 2, 4, 2, 1, 1, 1, 1, 2, 1, 2, 1, 1, 1, 1, 3, 2, 3, 0, 4, 0, 1, 1, 0, 3, 2, 2, 4, 0, 1, 1, 0, 2, 0, 1, 2, 2, 1, 4, 0, 3, 2, 1, 1, 2, 1, 3, 1, 1, 1, 3, 0, 4, 3, 1, 4, 1, 1, 2, 4, 4, 2, 1, 1, 3, 1, 3, 1, 1, 1, 1, 3, 1, 2, 1, 3, 1, 1, 1, 1, 2, 2, 2, 4, 1]|[0, 2, 1, 1, 3, 3, 0, 1, 0, 0, 0, 0, 1, 0, 1, 0, 0, 3, 1, 0, 0, 0, 3, 1, 0, 2, 0, 0, 0, 1, 0, 0, 0, 0, 3, 0, 1, 0, 0, 2, 1, 1, 2, 0, 0, 0, 0, 1, 1, 0, 0, 0, 1, 3, 0, 0, 1, 0, 0, 1, 0, 2, 0, 1, 0, 2, 1, 0, 0, 1, 1, 3, 0, 1, 3, 3, 1, 0, 0, 2, 0, 0, 0, 0, 1, 0, 0, 0, 1, 0, 2, 0, 0, 1, 1, 0, 0, 0, 0, 0],734.8870158322648,57243.54077863271,91922.81607701481,true
42,G1_CMAX,G1_CMAX,[31, 22, 82, 90, 26, 58, 95, 42, 77, 12, 93, 5, 78, 86, 98, 18, 44, 20, 35, 3, 97, 91, 76, 10, 85, 30, 47, 54, 45, 63, 71, 66, 1, 23, 17, 83, 24, 14, 60, 36, 6, 57, 40, 88, 65, 56, 79, 94, 67, 68, 46, 75, 38, 9, 19, 32, 81, 27, 62, 87, 15, 99, 59, 11, 16, 72, 73, 70, 39, 37, 84, 43, 80, 53, 96, 4, 50, 41, 89, 48, 21, 61, 33, 7, 51, 29, 28, 55, 25, 92, 8, 69, 0, 74, 52, 2, 13, 34, 49, 64]|[1, 1, 0, 1, 1, 0, 2, 1, 2, 1, 2, 2, 2, 1, 0, 1, 0, 2, 2, 1, 2, 2, 1, 2, 2, 2, 2, 0, 0, 0, 1, 2, 1, 2, 1, 0, 2, 0, 1, 1, 0, 1, 1, 1, 0, 2, 1, 1, 0, 0, 0, 1, 1, 1, 2, 1, 2, 0, 0, 2, 1, 0, 1, 2, 1, 2, 1, 1, 1, 1, 1, 1, 0, 0, 2, 1, 0, 0, 1, 0, 0, 1, 2, 1, 0, 0, 0, 1, 1, 0, 0, 1, 0, 2, 1, 0, 0, 2, 0, 2]|[3, 0, 2, 3, 0, 1, 1, 2, 2, 4, 1, 1, 0, 4, 1, 4, 2, 1, 1, 1, 2, 2, 2, 1, 1, 1, 2, 1, 1, 2, 3, 2, 3, 1, 4, 0, 1, 1, 0, 3, 2, 2, 4, 0, 1, 1, 0, 4, 0, 1, 2, 3, 1, 4, 0, 3, 2, 1, 2, 1, 2, 1, 1, 1, 3, 0, 4, 3, 1, 4, 1, 1, 1, 2, 1, 4, 1, 1, 1, 1, 1, 3, 1, 1, 1, 1, 2, 4, 4, 2, 2, 3, 2, 1, 1, 2, 2, 1, 1, 1]|[2, 0, 1, 2, 3, 0, 0, 1, 1, 0, 0, 0, 0, 1, 0, 3, 1, 0, 0, 1, 1, 1, 2, 0, 0, 0, 1, 0, 1, 0, 0, 0, 0, 0, 3, 0, 1, 0, 0, 2, 1, 1, 2, 0, 0, 0, 0, 2, 1, 0, 0, 0, 1, 3, 0, 0, 1, 0, 1, 0, 1, 0, 1, 0, 2, 1, 0, 0, 1, 1, 3, 3, 0, 1, 0, 0, 0, 0, 1, 0, 0, 0, 0, 2, 0, 0, 1, 3, 3, 1, 1, 2, 0, 0, 1, 0, 0, 0, 1, 0],706.0425648885516,58640.99257008452,96849.50297129861,false
42,G4_BALANCED,G3_TWC,[31, 22, 82, 15, 26, 58, 95, 42, 77, 12, 47, 5, 93, 78, 44, 54, 85, 63, 18, 98, 20, 35, 43, 97, 91, 76, 10, 30, 21, 61, 71, 64, 1, 23, 17, 83, 24, 14, 60, 36, 6, 57, 94, 88, 65, 56, 79, 40, 67, 68, 46, 75, 38, 9, 19, 32, 81, 41, 27, 62, 87, 90, 99, 59, 11, 16, 72, 73, 70, 39, 37, 84, 3, 92, 25, 55, 28, 29, 51, 7, 33, 45, 86, 48, 89, 50, 66, 96, 53, 80, 4, 8, 34, 74, 52, 2, 13, 0, 49, 69]|[1, 1, 0, 1, 1, 1, 2, 1, 2, 1, 2, 2, 2, 1, 1, 0, 0, 1, 0, 2, 2, 0, 1, 2, 0, 1, 2, 2, 0, 1, 1, 2, 1, 2, 1, 0, 2, 0, 1, 1, 0, 1, 1, 1, 0, 2, 1, 1, 0, 0, 0, 0, 1, 1, 2, 1, 2, 0, 0, 0, 2, 1, 1, 2, 2, 1, 2, 1, 1, 1, 1, 1, 2, 0, 1, 1, 0, 0, 0, 1, 2, 1, 0, 0, 1, 0, 2, 0, 0, 0, 0, 1, 2, 2, 1, 0, 0, 0, 0, 2]|[4, 3, 2, 2, 0, 0, 2, 2, 2, 4, 1, 1, 2, 4, 4, 1, 1, 4, 2, 1, 1, 1, 1, 2, 1, 2, 1, 1, 1, 3, 3, 2, 3, 0, 4, 0, 1, 1, 0, 3, 2, 2, 4, 0, 1, 1, 0, 2, 0, 1, 2, 2, 1, 4, 0, 3, 2, 1, 1, 2, 1, 3, 1, 1, 1, 3, 0, 4, 3, 1, 4, 1, 1, 2, 4, 4, 2, 1, 1, 3, 1, 3, 1, 1, 1, 1, 1, 1, 2, 1, 2, 3, 1, 1, 1, 2, 2, 2, 1, 1]|[0, 2, 1, 1, 3, 3, 0, 1, 0, 0, 0, 0, 1, 0, 1, 0, 0, 3, 1, 0, 0, 0, 3, 1, 0, 2, 0, 0, 0, 0, 0, 0, 0, 0, 3, 0, 1, 0, 0, 2, 1, 1, 2, 0, 0, 0, 0, 1, 1, 0, 0, 0, 1, 3, 0, 0, 1, 0, 0, 1, 0, 2, 1, 0, 0, 2, 1, 0, 0, 1, 1, 3, 0, 1, 3, 3, 1, 0, 0, 2, 0, 0, 0, 0, 1, 0, 0, 0, 1, 0, 1, 2, 0, 0, 1, 0, 0, 0, 1, 0],750.085634914113,57293.76873587221,91427.35634904046,true
42,G2_TEC,G2_TEC,[31, 22, 82, 15, 26, 9, 95, 42, 77, 68, 47, 5, 93, 78, 86, 54, 85, 63, 18, 44, 20, 49, 36, 14, 74, 50, 53, 17, 21, 28, 11, 64, 3, 23, 30, 83, 24, 41, 40, 52, 65, 27, 90, 70, 39, 87, 48, 69, 99, 4, 46, 1, 13, 58, 97, 59, 45, 8, 73, 37, 35, 79, 71, 66, 76, 32, 60, 80, 56, 6, 67, 61, 33, 7, 57, 34, 12, 16, 10, 98, 96, 88, 43, 75, 91, 2, 84, 29, 92, 19, 51, 55, 81, 89, 25, 62, 94, 38, 0, 72]|[2, 1, 2, 1, 1, 2, 1, 1, 1, 1, 1, 0, 2, 2, 1, 2, 0, 0, 0, 2, 2, 1, 0, 2, 0, 2, 2, 1, 0, 1, 1, 1, 0, 0, 1, 0, 2, 1, 2, 2, 0, 0, 1, 1, 0, 2, 0, 2, 1, 0, 0, 2, 0, 0, 2, 0, 1, 1, 0, 0, 2, 1, 1, 2, 2, 0, 2, 2, 2, 1, 2, 1, 1, 2, 0, 1, 1, 2, 1, 2, 0, 1, 1, 0, 1, 0, 0, 1, 0, 1, 1, 0, 1, 1, 1, 1, 2, 0, 2, 1]|[0, 3, 0, 3, 4, 1, 4, 4, 2, 4, 3, 2, 1, 0, 2, 1, 1, 1, 2, 1, 1, 3, 0, 1, 0, 1, 1, 4, 1, 4, 3, 2, 2, 0, 4, 1, 1, 4, 1, 1, 2, 1, 4, 4, 1, 1, 0, 2, 3, 2, 2, 1, 2, 1, 1, 2, 4, 3, 0, 2, 1, 3, 3, 1, 1, 2, 1, 1, 1, 4, 1, 3, 4, 1, 2, 4, 3, 1, 3, 1, 2, 4, 4, 2, 3, 2, 2, 3, 2, 4, 3, 2, 4, 4, 4, 3, 1, 2, 1, 4]|[0, 2, 0, 0, 3, 0, 1, 3, 0, 0, 2, 0, 1, 0, 1, 0, 0, 0, 1, 0, 0, 2, 0, 0, 1, 0, 0, 3, 0, 1, 0, 2, 0, 0, 3, 0, 1, 1, 0, 0, 0, 0, 1, 3, 0, 0, 1, 0, 2, 0, 0, 0, 0, 0, 1, 0, 1, 0, 1, 1, 0, 2, 0, 0, 0, 0, 0, 0, 0, 2, 0, 0, 1, 0, 0, 1, 0, 0, 3, 0, 0, 1, 2, 0, 0, 0, 0, 3, 0, 1, 0, 0, 2, 1, 3, 0, 0, 0, 0, 1],914.0597544875216,49173.30366922346,107616.27616016247,false
42,G3_TWC,G3_TWC,[31, 22, 82, 15, 26, 58, 95, 42, 77, 12, 47, 5, 93, 78, 98, 54, 85, 63, 18, 44, 20, 35, 43, 97, 91, 76, 10, 30, 21, 45, 71, 64, 1, 23, 17, 83, 24, 14, 60, 36, 6, 57, 94, 88, 65, 56, 79, 40, 67, 68, 46, 75, 39, 9, 19, 32, 81, 96, 27, 62, 87, 90, 99, 59, 11, 16, 72, 73, 70, 38, 37, 84, 3, 92, 25, 55, 28, 29, 51, 7, 33, 61, 86, 48, 89, 50, 69, 41, 53, 80, 4, 8, 34, 49, 52, 0, 13, 74, 2, 66]|[1, 1, 0, 1, 1, 1, 2, 1, 2, 1, 2, 2, 2, 1, 1, 0, 0, 1, 0, 2, 2, 0, 1, 2, 0, 1, 2, 2, 0, 0, 1, 2, 1, 2, 1, 0, 2, 0, 1, 1, 0, 1, 1, 1, 0, 2, 1, 1, 0, 0, 0, 0, 1, 1, 2, 1, 2, 0, 0, 0, 2, 1, 0, 1, 2, 1, 2, 1, 1, 1, 1, 1, 2, 0, 1, 1, 0, 0, 0, 1, 2, 1, 0, 0, 1, 0, 2, 0, 0, 0, 0, 1, 2, 0, 1, 0, 0, 0, 0, 2]|[4, 3, 2, 2, 0, 0, 2, 2, 2, 4, 1, 1, 2, 4, 4, 1, 1, 4, 2, 1, 1, 1, 1, 2, 1, 2, 1, 1, 1, 1, 3, 2, 3, 0, 4, 0, 1, 1, 0, 3, 2, 2, 4, 0, 1, 1, 0, 2, 0, 1, 2, 2, 1, 4, 0, 3, 2, 1, 1, 2, 1, 3, 1, 1, 1, 3, 0, 4, 3, 1, 4, 1, 1, 2, 4, 4, 2, 1, 1, 3, 1, 3, 1, 1, 1, 1, 1, 1, 2, 1, 2, 3, 1, 1, 1, 2, 2, 2, 2, 1]|[0, 2, 1, 1, 3, 3, 0, 1, 0, 0, 0, 0, 1, 0, 1, 0, 0, 3, 1, 0, 0, 0, 3, 1, 0, 2, 0, 0, 0, 1, 0, 0, 0, 0, 3, 0, 1, 0, 0, 2, 1, 1, 2, 0, 0, 0, 0, 1, 1, 0, 0, 0, 1, 3, 0, 0, 1, 0, 0, 1, 0, 2, 0, 1, 0, 2, 1, 0, 0, 1, 1, 3, 0, 1, 3, 3, 1, 0, 0, 2, 0, 0, 0, 0, 1, 0, 0, 0, 1, 0, 1, 2, 0, 1, 1, 0, 0, 0, 0, 0],833.2154215640596,57825.44465227681,88905.52377856613,false
42,G1_CMAX,G1_CMAX,[31, 22, 82, 90, 26, 58, 95, 42, 77, 12, 93, 5, 78, 86, 98, 18, 44, 20, 35, 3, 97, 91, 76, 10, 85, 30, 47, 54, 45, 63, 71, 66, 1, 23, 17, 83, 24, 14, 60, 36, 6, 57, 40, 88, 65, 56, 79, 94, 67, 68, 46, 75, 38, 9, 19, 32, 81, 27, 62, 87, 15, 99, 59, 11, 16, 72, 73, 70, 39, 37, 84, 43, 80, 53, 96, 4, 50, 41, 89, 48, 21, 61, 33, 7, 51, 29, 28, 55, 25, 92, 8, 69, 0, 74, 52, 2, 13, 34, 49, 64]|[1, 1, 0, 1, 1, 0, 2, 1, 2, 1, 2, 2, 2, 1, 0, 1, 0, 2, 2, 1, 2, 2, 1, 2, 2, 2, 2, 0, 0, 0, 1, 2, 1, 2, 1, 0, 2, 0, 1, 1, 0, 1, 1, 1, 0, 2, 1, 1, 0, 0, 0, 1, 1, 1, 2, 1, 2, 0, 0, 2, 1, 0, 1, 2, 1, 2, 1, 1, 1, 1, 1, 1, 0, 0, 2, 1, 0, 0, 1, 0, 0, 1, 2, 1, 0, 0, 0, 1, 1, 0, 0, 1, 0, 2, 1, 0, 0, 2, 0, 2]|[3, 0, 2, 3, 0, 1, 1, 2, 2, 4, 1, 1, 0, 4, 1, 4, 2, 1, 1, 1, 2, 2, 2, 1, 1, 1, 2, 1, 1, 2, 3, 2, 3, 1, 4, 0, 1, 1, 0, 3, 2, 2, 4, 0, 1, 1, 0, 4, 0, 1, 2, 3, 1, 4, 0, 3, 2, 1, 2, 1, 2, 1, 1, 1, 3, 0, 4, 3, 1, 4, 1, 1, 1, 2, 1, 4, 1, 1, 1, 1, 1, 3, 1, 1, 1, 1, 2, 4, 4, 2, 2, 3, 2, 1, 1, 2, 2, 1, 1, 1]|[2, 0, 1, 2, 3, 0, 0, 1, 1, 0, 0, 0, 0, 1, 0, 3, 1, 0, 0, 1, 1, 1, 2, 0, 0, 0, 1, 0, 1, 0, 0, 0, 0, 0, 3, 0, 1, 0, 0, 2, 1, 1, 2, 0, 0, 0, 0, 2, 1, 0, 0, 0, 1, 3, 0, 0, 1, 0, 1, 0, 1, 0, 1, 0, 2, 1, 0, 0, 1, 1, 3, 3, 0, 1, 0, 0, 0, 0, 1, 0, 0, 0, 0, 2, 0, 0, 1, 3, 3, 1, 1, 2, 0, 0, 1, 0, 0, 0, 1, 0],706.0425648885516,58640.99257008452,96849.50297129861,false
42,G4_BALANCED,G3_TWC,[31, 22, 82, 15, 26, 58, 95, 42, 77, 12, 47, 5, 93, 78, 44, 54, 85, 63, 18, 98, 20, 35, 43, 97, 91, 76, 10, 30, 21, 61, 71, 64, 1, 23, 17, 83, 24, 14, 60, 36, 6, 57, 94, 88, 65, 56, 79, 40, 67, 68, 46, 75, 38, 9, 19, 32, 81, 41, 27, 62, 87, 90, 99, 59, 11, 16, 72, 73, 70, 39, 37, 84, 3, 92, 25, 55, 28, 29, 51, 7, 33, 45, 86, 48, 89, 50, 66, 96, 53, 80, 4, 8, 34, 74, 52, 2, 13, 0, 49, 69]|[1, 1, 0, 1, 1, 1, 2, 1, 2, 1, 2, 2, 2, 1, 1, 0, 0, 1, 0, 2, 2, 0, 1, 2, 0, 1, 2, 2, 0, 1, 1, 2, 1, 2, 1, 0, 2, 0, 1, 1, 0, 1, 1, 1, 0, 2, 1, 1, 0, 0, 0, 0, 1, 1, 2, 1, 2, 0, 0, 0, 2, 1, 1, 2, 2, 1, 2, 1, 1, 1, 1, 1, 2, 0, 1, 1, 0, 0, 0, 1, 2, 1, 0, 0, 1, 0, 2, 0, 0, 0, 0, 1, 2, 2, 1, 0, 0, 0, 0, 2]|[4, 3, 2, 2, 0, 0, 2, 2, 2, 4, 1, 1, 2, 4, 4, 1, 1, 4, 2, 1, 1, 1, 1, 2, 1, 2, 1, 1, 1, 3, 3, 2, 3, 0, 4, 0, 1, 1, 0, 3, 2, 2, 4, 0, 1, 1, 0, 2, 0, 1, 2, 2, 1, 4, 0, 3, 2, 1, 1, 2, 1, 3, 1, 1, 1, 3, 0, 4, 3, 1, 4, 1, 1, 2, 4, 4, 2, 1, 1, 3, 1, 3, 1, 1, 1, 1, 1, 1, 2, 1, 2, 3, 1, 1, 1, 2, 2, 2, 1, 1]|[0, 2, 1, 1, 3, 3, 0, 1, 0, 0, 0, 0, 1, 0, 1, 0, 0, 3, 1, 0, 0, 0, 3, 1, 0, 2, 0, 0, 0, 0, 0, 0, 0, 0, 3, 0, 1, 0, 0, 2, 1, 1, 2, 0, 0, 0, 0, 1, 1, 0, 0, 0, 1, 3, 0, 0, 1, 0, 0, 1, 0, 2, 1, 0, 0, 2, 1, 0, 0, 1, 1, 3, 0, 1, 3, 3, 1, 0, 0, 2, 0, 0, 0, 0, 1, 0, 0, 0, 1, 0, 1, 2, 0, 0, 1, 0, 0, 0, 1, 0],750.085634914113,57293.76873587221,91427.35634904046,true
42,G2_TEC,G2_TEC,[31, 22, 82, 15, 26, 9, 95, 42, 77, 68, 47, 5, 93, 78, 86, 54, 85, 63, 18, 44, 20, 49, 36, 14, 74, 50, 53, 17, 21, 28, 11, 64, 3, 23, 30, 83, 24, 41, 40, 52, 65, 27, 90, 70, 39, 87, 48, 69, 99, 4, 46, 1, 13, 58, 97, 59, 45, 8, 73, 37, 35, 79, 71, 66, 76, 32, 60, 80, 56, 6, 67, 61, 33, 7, 57, 34, 12, 16, 10, 98, 96, 88, 43, 75, 91, 2, 84, 29, 92, 19, 51, 55, 81, 89, 25, 62, 94, 38, 0, 72]|[2, 1, 2, 1, 1, 2, 1, 1, 1, 1, 1, 0, 2, 2, 1, 2, 0, 0, 0, 2, 2, 1, 0, 2, 0, 2, 2, 1, 0, 1, 1, 1, 0, 0, 1, 0, 2, 1, 2, 2, 0, 0, 1, 1, 0, 2, 0, 2, 1, 0, 0, 2, 0, 0, 2, 0, 1, 1, 0, 0, 2, 1, 1, 2, 2, 0, 2, 2, 2, 1, 2, 1, 1, 2, 0, 1, 1, 2, 1, 2, 0, 1, 1, 0, 1, 0, 0, 1, 0, 1, 1, 0, 1, 1, 1, 1, 2, 0, 2, 1]|[0, 3, 0, 3, 4, 1, 4, 4, 2, 4, 3, 2, 1, 0, 2, 1, 1, 1, 2, 1, 1, 3, 0, 1, 0, 1, 1, 4, 1, 4, 3, 2, 2, 0, 4, 1, 1, 4, 1, 1, 2, 1, 4, 4, 1, 1, 0, 2, 3, 2, 2, 1, 2, 1, 1, 2, 4, 3, 0, 2, 1, 3, 3, 1, 1, 2, 1, 1, 1, 4, 1, 3, 4, 1, 2, 4, 3, 1, 3, 1, 2, 4, 4, 2, 3, 2, 2, 3, 2, 4, 3, 2, 4, 4, 4, 3, 1, 2, 1, 4]|[0, 2, 0, 0, 3, 0, 1, 3, 0, 0, 2, 0, 1, 0, 1, 0, 0, 0, 1, 0, 0, 2, 0, 0, 1, 0, 0, 3, 0, 1, 0, 2, 0, 0, 3, 0, 1, 1, 0, 0, 0, 0, 1, 3, 0, 0, 1, 0, 2, 0, 0, 0, 0, 0, 1, 0, 1, 0, 1, 1, 0, 2, 0, 0, 0, 0, 0, 0, 0, 2, 0, 0, 1, 0, 0, 1, 0, 0, 3, 0, 0, 1, 2, 0, 0, 0, 0, 3, 0, 1, 0, 0, 2, 1, 3, 0, 0, 0, 0, 1],914.0597544875216,49173.30366922346,107616.27616016247,false
42,G3_TWC,G3_TWC,[31, 22, 82, 15, 26, 58, 95, 42, 77, 12, 47, 5, 93, 78, 98, 54, 85, 63, 18, 44, 20, 35, 43, 97, 91, 76, 10, 30, 21, 45, 71, 64, 1, 23, 17, 83, 24, 14, 60, 36, 6, 57, 94, 88, 65, 56, 79, 40, 67, 68, 46, 75, 39, 9, 19, 32, 81, 96, 27, 62, 87, 90, 99, 59, 11, 16, 72, 73, 70, 38, 37, 84, 3, 92, 25, 55, 28, 29, 51, 7, 33, 61, 86, 48, 89, 50, 69, 41, 53, 80, 4, 8, 34, 49, 52, 0, 13, 74, 2, 66]|[1, 1, 0, 1, 1, 1, 2, 1, 2, 1, 2, 2, 2, 1, 1, 0, 0, 1, 0, 2, 2, 0, 1, 2, 0, 1, 2, 2, 0, 0, 1, 2, 1, 2, 1, 0, 2, 0, 1, 1, 0, 1, 1, 1, 0, 2, 1, 1, 0, 0, 0, 0, 1, 1, 2, 1, 2, 0, 0, 0, 2, 1, 0, 1, 2, 1, 2, 1, 1, 1, 1, 1, 2, 0, 1, 1, 0, 0, 0, 1, 2, 1, 0, 0, 1, 0, 2, 0, 0, 0, 0, 1, 2, 0, 1, 0, 0, 0, 0, 2]|[4, 3, 2, 2, 0, 0, 2, 2, 2, 4, 1, 1, 2, 4, 4, 1, 1, 4, 2, 1, 1, 1, 1, 2, 1, 2, 1, 1, 1, 1, 3, 2, 3, 0, 4, 0, 1, 1, 0, 3, 2, 2, 4, 0, 1, 1, 0, 2, 0, 1, 2, 2, 1, 4, 0, 3, 2, 1, 1, 2, 1, 3, 1, 1, 1, 3, 0, 4, 3, 1, 4, 1, 1, 2, 4, 4, 2, 1, 1, 3, 1, 3, 1, 1, 1, 1, 1, 1, 2, 1, 2, 3, 1, 1, 1, 2, 2, 2, 2, 1]|[0, 2, 1, 1, 3, 3, 0, 1, 0, 0, 0, 0, 1, 0, 1, 0, 0, 3, 1, 0, 0, 0, 3, 1, 0, 2, 0, 0, 0, 1, 0, 0, 0, 0, 3, 0, 1, 0, 0, 2, 1, 1, 2, 0, 0, 0, 0, 1, 1, 0, 0, 0, 1, 3, 0, 0, 1, 0, 0, 1, 0, 2, 0, 1, 0, 2, 1, 0, 0, 1, 1, 3, 0, 1, 3, 3, 1, 0, 0, 2, 0, 0, 0, 0, 1, 0, 0, 0, 1, 0, 1, 2, 0, 1, 1, 0, 0, 0, 0, 0],833.2154215640596,57825.44465227681,88905.52377856613,false
42,G1_CMAX,G1_CMAX,[31, 22, 82, 90, 26, 58, 95, 42, 77, 12, 93, 5, 78, 86, 98, 18, 44, 20, 35, 3, 97, 91, 76, 10, 85, 30, 47, 54, 45, 63, 71, 66, 1, 23, 17, 83, 24, 14, 60, 36, 6, 57, 40, 88, 65, 56, 79, 94, 67, 68, 46, 75, 38, 9, 19, 32, 81, 27, 62, 87, 15, 99, 59, 11, 16, 72, 73, 70, 39, 37, 84, 43, 80, 53, 96, 4, 50, 41, 89, 48, 21, 61, 33, 7, 51, 29, 28, 55, 25, 92, 8, 69, 0, 74, 52, 2, 13, 34, 49, 64]|[1, 1, 0, 1, 1, 0, 2, 1, 2, 1, 2, 2, 2, 1, 0, 1, 0, 2, 2, 1, 2, 2, 1, 2, 2, 2, 2, 0, 0, 0, 1, 2, 1, 2, 1, 0, 2, 0, 1, 1, 0, 1, 1, 1, 0, 2, 1, 1, 0, 0, 0, 1, 1, 1, 2, 1, 2, 0, 0, 2, 1, 0, 1, 2, 1, 2, 1, 1, 1, 1, 1, 1, 0, 0, 2, 1, 0, 0, 1, 0, 0, 1, 2, 1, 0, 0, 0, 1, 1, 0, 0, 1, 0, 2, 1, 0, 0, 2, 0, 2]|[3, 0, 2, 3, 0, 1, 1, 2, 2, 4, 1, 1, 0, 4, 1, 4, 2, 1, 1, 1, 2, 2, 2, 1, 1, 1, 2, 1, 1, 2, 3, 2, 3, 1, 4, 0, 1, 1, 0, 3, 2, 2, 4, 0, 1, 1, 0, 4, 0, 1, 2, 3, 1, 4, 0, 3, 2, 1, 2, 1, 2, 1, 1, 1, 3, 0, 4, 3, 1, 4, 1, 1, 1, 2, 1, 4, 1, 1, 1, 1, 1, 3, 1, 1, 1, 1, 2, 4, 4, 2, 2, 3, 2, 1, 1, 2, 2, 1, 1, 1]|[2, 0, 1, 2, 3, 0, 0, 1, 1, 0, 0, 0, 0, 1, 0, 3, 1, 0, 0, 1, 1, 1, 2, 0, 0, 0, 1, 0, 1, 0, 0, 0, 0, 0, 3, 0, 1, 0, 0, 2, 1, 1, 2, 0, 0, 0, 0, 2, 1, 0, 0, 0, 1, 3, 0, 0, 1, 0, 1, 0, 1, 0, 1, 0, 2, 1, 0, 0, 1, 1, 3, 3, 0, 1, 0, 0, 0, 0, 1, 0, 0, 0, 0, 2, 0, 0, 1, 3, 3, 1, 1, 2, 0, 0, 1, 0, 0, 0, 1, 0],706.0425648885516,58640.99257008452,96849.50297129861,false
42,G4_BALANCED,G3_TWC,[31, 22, 82, 15, 26, 58, 95, 42, 77, 12, 47, 5, 93, 78, 44, 54, 85, 63, 18, 98, 20, 35, 43, 97, 91, 76, 10, 30, 21, 61, 71, 64, 1, 23, 17, 83, 24, 14, 60, 36, 6, 57, 94, 88, 65, 56, 79, 40, 67, 68, 46, 75, 38, 9, 19, 32, 81, 41, 27, 62, 87, 90, 99, 59, 11, 16, 72, 73, 70, 39, 37, 84, 3, 92, 25, 55, 28, 29, 51, 7, 33, 45, 86, 48, 89, 50, 66, 96, 53, 80, 4, 8, 34, 74, 52, 2, 13, 0, 49, 69]|[1, 1, 0, 1, 1, 1, 2, 1, 2, 1, 2, 2, 2, 1, 1, 0, 0, 1, 0, 2, 2, 0, 1, 2, 0, 1, 2, 2, 0, 1, 1, 2, 1, 2, 1, 0, 2, 0, 1, 1, 0, 1, 1, 1, 0, 2, 1, 1, 0, 0, 0, 0, 1, 1, 2, 1, 2, 0, 0, 0, 2, 1, 1, 2, 2, 1, 2, 1, 1, 1, 1, 1, 2, 0, 1, 1, 0, 0, 0, 1, 2, 1, 0, 0, 1, 0, 2, 0, 0, 0, 0, 1, 2, 2, 1, 0, 0, 0, 0, 2]|[4, 3, 2, 2, 0, 0, 2, 2, 2, 4, 1, 1, 2, 4, 4, 1, 1, 4, 2, 1, 1, 1, 1, 2, 1, 2, 1, 1, 1, 3, 3, 2, 3, 0, 4, 0, 1, 1, 0, 3, 2, 2, 4, 0, 1, 1, 0, 2, 0, 1, 2, 2, 1, 4, 0, 3, 2, 1, 1, 2, 1, 3, 1, 1, 1, 3, 0, 4, 3, 1, 4, 1, 1, 2, 4, 4, 2, 1, 1, 3, 1, 3, 1, 1, 1, 1, 1, 1, 2, 1, 2, 3, 1, 1, 1, 2, 2, 2, 1, 1]|[0, 2, 1, 1, 3, 3, 0, 1, 0, 0, 0, 0, 1, 0, 1, 0, 0, 3, 1, 0, 0, 0, 3, 1, 0, 2, 0, 0, 0, 0, 0, 0, 0, 0, 3, 0, 1, 0, 0, 2, 1, 1, 2, 0, 0, 0, 0, 1, 1, 0, 0, 0, 1, 3, 0, 0, 1, 0, 0, 1, 0, 2, 1, 0, 0, 2, 1, 0, 0, 1, 1, 3, 0, 1, 3, 3, 1, 0, 0, 2, 0, 0, 0, 0, 1, 0, 0, 0, 1, 0, 1, 2, 0, 0, 1, 0, 0, 0, 1, 0],750.085634914113,57293.76873587221,91427.35634904046,true
42,G2_TEC,G2_TEC,[31, 22, 82, 15, 26, 9, 95, 42, 77, 68, 47, 5, 93, 78, 86, 54, 85, 63, 18, 44, 20, 49, 36, 14, 74, 50, 53, 17, 21, 28, 11, 64, 3, 23, 30, 83, 24, 41, 40, 52, 65, 27, 90, 70, 39, 87, 48, 69, 99, 4, 46, 1, 13, 58, 97, 59, 45, 8, 73, 37, 35, 79, 71, 66, 76, 32, 60, 80, 56, 6, 67, 61, 33, 7, 57, 34, 12, 16, 10, 98, 96, 88, 43, 75, 91, 2, 84, 29, 92, 19, 51, 55, 81, 89, 25, 62, 94, 38, 0, 72]|[2, 1, 2, 1, 1, 2, 1, 1, 1, 1, 1, 0, 2, 2, 1, 2, 0, 0, 0, 2, 2, 1, 0, 2, 0, 2, 2, 1, 0, 1, 1, 1, 0, 0, 1, 0, 2, 1, 2, 2, 0, 0, 1, 1, 0, 2, 0, 2, 1, 0, 0, 2, 0, 0, 2, 0, 1, 1, 0, 0, 2, 1, 1, 2, 2, 0, 2, 2, 2, 1, 2, 1, 1, 2, 0, 1, 1, 2, 1, 2, 0, 1, 1, 0, 1, 0, 0, 1, 0, 1, 1, 0, 1, 1, 1, 1, 2, 0, 2, 1]|[0, 3, 0, 3, 4, 1, 4, 4, 2, 4, 3, 2, 1, 0, 2, 1, 1, 1, 2, 1, 1, 3, 0, 1, 0, 1, 1, 4, 1, 4, 3, 2, 2, 0, 4, 1, 1, 4, 1, 1, 2, 1, 4, 4, 1, 1, 0, 2, 3, 2, 2, 1, 2, 1, 1, 2, 4, 3, 0, 2, 1, 3, 3, 1, 1, 2, 1, 1, 1, 4, 1, 3, 4, 1, 2, 4, 3, 1, 3, 1, 2, 4, 4, 2, 3, 2, 2, 3, 2, 4, 3, 2, 4, 4, 4, 3, 1, 2, 1, 4]|[0, 2, 0, 0, 3, 0, 1, 3, 0, 0, 2, 0, 1, 0, 1, 0, 0, 0, 1, 0, 0, 2, 0, 0, 1, 0, 0, 3, 0, 1, 0, 2, 0, 0, 3, 0, 1, 1, 0, 0, 0, 0, 1, 3, 0, 0, 1, 0, 2, 0, 0, 0, 0, 0, 1, 0, 1, 0, 1, 1, 0, 2, 0, 0, 0, 0, 0, 0, 0, 2, 0, 0, 1, 0, 0, 1, 0, 0, 3, 0, 0, 1, 2, 0, 0, 0, 0, 3, 0, 1, 0, 0, 2, 1, 3, 0, 0, 0, 0, 1],914.0597544875216,49173.30366922346,107616.27616016247,false
42,G3_TWC,G3_TWC,[31, 22, 82, 15, 26, 58, 95, 42, 77, 12, 47, 5, 93, 78, 98, 54, 85, 63, 18, 44, 20, 35, 43, 97, 91, 76, 10, 30, 21, 45, 71, 64, 1, 23, 17, 83, 24, 14, 60, 36, 6, 57, 94, 88, 65, 56, 79, 40, 67, 68, 46, 75, 39, 9, 19, 32, 81, 96, 27, 62, 87, 90, 99, 59, 11, 16, 72, 73, 70, 38, 37, 84, 3, 92, 25, 55, 28, 29, 51, 7, 33, 61, 86, 48, 89, 50, 69, 41, 53, 80, 4, 8, 34, 49, 52, 0, 13, 74, 2, 66]|[1, 1, 0, 1, 1, 1, 2, 1, 2, 1, 2, 2, 2, 1, 1, 0, 0, 1, 0, 2, 2, 0, 1, 2, 0, 1, 2, 2, 0, 0, 1, 2, 1, 2, 1, 0, 2, 0, 1, 1, 0, 1, 1, 1, 0, 2, 1, 1, 0, 0, 0, 0, 1, 1, 2, 1, 2, 0, 0, 0, 2, 1, 0, 1, 2, 1, 2, 1, 1, 1, 1, 1, 2, 0, 1, 1, 0, 0, 0, 1, 2, 1, 0, 0, 1, 0, 2, 0, 0, 0, 0, 1, 2, 0, 1, 0, 0, 0, 0, 2]|[4, 3, 2, 2, 0, 0, 2, 2, 2, 4, 1, 1, 2, 4, 4, 1, 1, 4, 2, 1, 1, 1, 1, 2, 1, 2, 1, 1, 1, 1, 3, 2, 3, 0, 4, 0, 1, 1, 0, 3, 2, 2, 4, 0, 1, 1, 0, 2, 0, 1, 2, 2, 1, 4, 0, 3, 2, 1, 1, 2, 1, 3, 1, 1, 1, 3, 0, 4, 3, 1, 4, 1, 1, 2, 4, 4, 2, 1, 1, 3, 1, 3, 1, 1, 1, 1, 1, 1, 2, 1, 2, 3, 1, 1, 1, 2, 2, 2, 2, 1]|[0, 2, 1, 1, 3, 3, 0, 1, 0, 0, 0, 0, 1, 0, 1, 0, 0, 3, 1, 0, 0, 0, 3, 1, 0, 2, 0, 0, 0, 1, 0, 0, 0, 0, 3, 0, 1, 0, 0, 2, 1, 1, 2, 0, 0, 0, 0, 1, 1, 0, 0, 0, 1, 3, 0, 0, 1, 0, 0, 1, 0, 2, 0, 1, 0, 2, 1, 0, 0, 1, 1, 3, 0, 1, 3, 3, 1, 0, 0, 2, 0, 0, 0, 0, 1, 0, 0, 0, 1, 0, 1, 2, 0, 1, 1, 0, 0, 0, 0, 0],833.2154215640596,57825.44465227681,88905.52377856613,false
42,G1_CMAX,G1_CMAX,[31, 22, 82, 90, 26, 58, 95, 42, 77, 12, 93, 5, 78, 86, 98, 18, 44, 20, 35, 3, 97, 91, 76, 10, 85, 30, 47, 54, 45, 63, 71, 66, 1, 23, 17, 83, 24, 14, 60, 36, 6, 57, 40, 88, 65, 56, 79, 94, 67, 68, 46, 75, 38, 9, 19, 32, 81, 27, 62, 87, 15, 99, 59, 11, 16, 72, 73, 70, 39, 37, 84, 43, 80, 53, 96, 4, 50, 41, 89, 48, 21, 61, 33, 7, 51, 29, 28, 55, 25, 92, 8, 69, 0, 74, 52, 2, 13, 34, 49, 64]|[1, 1, 0, 1, 1, 0, 2, 1, 2, 1, 2, 2, 2, 1, 0, 1, 0, 2, 2, 1, 2, 2, 1, 2, 2, 2, 2, 0, 0, 0, 1, 2, 1, 2, 1, 0, 2, 0, 1, 1, 0, 1, 1, 1, 0, 2, 1, 1, 0, 0, 0, 1, 1, 1, 2, 1, 2, 0, 0, 2, 1, 0, 1, 2, 1, 2, 1, 1, 1, 1, 1, 1, 0, 0, 2, 1, 0, 0, 1, 0, 0, 1, 2, 1, 0, 0, 0, 1, 1, 0, 0, 1, 0, 2, 1, 0, 0, 2, 0, 2]|[3, 0, 2, 3, 0, 1, 1, 2, 2, 4, 1, 1, 0, 4, 1, 4, 2, 1, 1, 1, 2, 2, 2, 1, 1, 1, 2, 1, 1, 2, 3, 2, 3, 1, 4, 0, 1, 1, 0, 3, 2, 2, 4, 0, 1, 1, 0, 4, 0, 1, 2, 3, 1, 4, 0, 3, 2, 1, 2, 1, 2, 1, 1, 1, 3, 0, 4, 3, 1, 4, 1, 1, 1, 2, 1, 4, 1, 1, 1, 1, 1, 3, 1, 1, 1, 1, 2, 4, 4, 2, 2, 3, 2, 1, 1, 2, 2, 1, 1, 1]|[2, 0, 1, 2, 3, 0, 0, 1, 1, 0, 0, 0, 0, 1, 0, 3, 1, 0, 0, 1, 1, 1, 2, 0, 0, 0, 1, 0, 1, 0, 0, 0, 0, 0, 3, 0, 1, 0, 0, 2, 1, 1, 2, 0, 0, 0, 0, 2, 1, 0, 0, 0, 1, 3, 0, 0, 1, 0, 1, 0, 1, 0, 1, 0, 2, 1, 0, 0, 1, 1, 3, 3, 0, 1, 0, 0, 0, 0, 1, 0, 0, 0, 0, 2, 0, 0, 1, 3, 3, 1, 1, 2, 0, 0, 1, 0, 0, 0, 1, 0],706.0425648885516,58640.99257008452,96849.50297129861,false
42,G4_BALANCED,G3_TWC,[31, 22, 82, 15, 26, 58, 95, 42, 77, 12, 47, 5, 93, 78, 44, 54, 85, 63, 18, 98, 20, 35, 43, 97, 91, 76, 10, 30, 21, 61, 71, 64, 1, 23, 17, 83, 24, 14, 60, 36, 6, 57, 94, 88, 65, 56, 79, 40, 67, 68, 46, 75, 38, 9, 19, 32, 81, 41, 27, 62, 87, 90, 99, 59, 11, 16, 72, 73, 70, 39, 37, 84, 3, 92, 25, 55, 28, 29, 51, 7, 33, 45, 86, 48, 89, 50, 66, 96, 53, 80, 4, 8, 34, 74, 52, 2, 13, 0, 49, 69]|[1, 1, 0, 1, 1, 1, 2, 1, 2, 1, 2, 2, 2, 1, 1, 0, 0, 1, 0, 2, 2, 0, 1, 2, 0, 1, 2, 2, 0, 1, 1, 2, 1, 2, 1, 0, 2, 0, 1, 1, 0, 1, 1, 1, 0, 2, 1, 1, 0, 0, 0, 0, 1, 1, 2, 1, 2, 0, 0, 0, 2, 1, 1, 2, 2, 1, 2, 1, 1, 1, 1, 1, 2, 0, 1, 1, 0, 0, 0, 1, 2, 1, 0, 0, 1, 0, 2, 0, 0, 0, 0, 1, 2, 2, 1, 0, 0, 0, 0, 2]|[4, 3, 2, 2, 0, 0, 2, 2, 2, 4, 1, 1, 2, 4, 4, 1, 1, 4, 2, 1, 1, 1, 1, 2, 1, 2, 1, 1, 1, 3, 3, 2, 3, 0, 4, 0, 1, 1, 0, 3, 2, 2, 4, 0, 1, 1, 0, 2, 0, 1, 2, 2, 1, 4, 0, 3, 2, 1, 1, 2, 1, 3, 1, 1, 1, 3, 0, 4, 3, 1, 4, 1, 1, 2, 4, 4, 2, 1, 1, 3, 1, 3, 1, 1, 1, 1, 1, 1, 2, 1, 2, 3, 1, 1, 1, 2, 2, 2, 1, 1]|[0, 2, 1, 1, 3, 3, 0, 1, 0, 0, 0, 0, 1, 0, 1, 0, 0, 3, 1, 0, 0, 0, 3, 1, 0, 2, 0, 0, 0, 0, 0, 0, 0, 0, 3, 0, 1, 0, 0, 2, 1, 1, 2, 0, 0, 0, 0, 1, 1, 0, 0, 0, 1, 3, 0, 0, 1, 0, 0, 1, 0, 2, 1, 0, 0, 2, 1, 0, 0, 1, 1, 3, 0, 1, 3, 3, 1, 0, 0, 2, 0, 0, 0, 0, 1, 0, 0, 0, 1, 0, 1, 2, 0, 0, 1, 0, 0, 0, 1, 0],750.085634914113,57293.76873587221,91427.35634904046,true
42,G2_TEC,G2_TEC,[31, 22, 82, 15, 26, 9, 95, 42, 77, 68, 47, 5, 93, 78, 86, 54, 85, 63, 18, 44, 20, 49, 36, 14, 74, 50, 53, 17, 21, 28, 11, 64, 3, 23, 30, 83, 24, 41, 40, 52, 65, 27, 90, 70, 39, 87, 48, 69, 99, 4, 75, 1, 13, 58, 97, 59, 45, 8, 73, 37, 35, 79, 71, 66, 76, 32, 60, 80, 56, 6, 67, 61, 33, 7, 57, 34, 12, 16, 10, 98, 96, 88, 43, 46, 91, 38, 84, 29, 92, 19, 51, 89, 81, 55, 25, 72, 94, 2, 62, 0]|[2, 1, 2, 1, 1, 2, 1, 1, 1, 1, 1, 0, 2, 2, 1, 2, 0, 0, 0, 2, 2, 1, 0, 2, 0, 2, 2, 1, 0, 1, 1, 1, 0, 0, 1, 0, 2, 1, 2, 2, 0, 0, 1, 1, 0, 2, 0, 2, 1, 0, 0, 2, 0, 0, 2, 0, 1, 1, 0, 0, 2, 1, 1, 2, 2, 0, 2, 2, 2, 1, 2, 1, 1, 2, 0, 1, 1, 2, 1, 2, 0, 1, 1, 0, 1, 0, 0, 1, 0, 1, 1, 1, 1, 0, 1, 1, 2, 0, 1, 2]|[0, 3, 0, 3, 4, 1, 4, 4, 2, 4, 3, 2, 1, 0, 2, 1, 1, 1, 2, 1, 1, 3, 0, 1, 0, 1, 1, 4, 1, 4, 3, 2, 2, 0, 4, 1, 1, 4, 1, 1, 2, 1, 4, 4, 1, 1, 0, 2, 3, 2, 2, 1, 2, 1, 1, 2, 4, 3, 0, 2, 1, 3, 3, 1, 1, 2, 1, 1, 1, 4, 1, 3, 4, 1, 2, 4, 3, 1, 3, 1, 2, 4, 4, 2, 3, 2, 2, 3, 2, 4, 3, 4, 4, 2, 4, 4, 1, 2, 3, 1]|[0, 2, 0, 0, 3, 0, 1, 3, 0, 0, 2, 0, 1, 0, 1, 0, 0, 0, 1, 0, 0, 2, 0, 0, 1, 0, 0, 3, 0, 1, 0, 2, 0, 0, 3, 0, 1, 1, 0, 0, 0, 0, 1, 3, 0, 0, 1, 0, 2, 0, 0, 0, 0, 0, 1, 0, 1, 0, 1, 1, 0, 2, 0, 0, 0, 0, 0, 0, 0, 2, 0, 0, 1, 0, 0, 1, 0, 0, 3, 0, 0, 1, 2, 0, 0, 0, 0, 3, 0, 1, 0, 1, 2, 0, 3, 1, 0, 0, 0, 0],914.0597544875216,49161.395658073656,107460.95176365305,false
42,G3_TWC,G3_TWC,[31, 22, 82, 15, 26, 58, 95, 42, 77, 12, 47, 5, 93, 78, 98, 54, 85, 63, 18, 44, 20, 35, 43, 97, 91, 76, 10, 30, 21, 45, 71, 64, 1, 23, 17, 83, 24, 14, 60, 36, 6, 57, 94, 88, 65, 56, 79, 40, 67, 68, 46, 75, 39, 9, 19, 32, 81, 96, 27, 62, 87, 90, 99, 59, 11, 16, 72, 73, 70, 38, 37, 84, 3, 92, 25, 55, 28, 29, 51, 7, 33, 61, 86, 48, 89, 50, 69, 41, 53, 80, 4, 8, 34, 49, 52, 0, 13, 74, 2, 66]|[1, 1, 0, 1, 1, 1, 2, 1, 2, 1, 2, 2, 2, 1, 1, 0, 0, 1, 0, 2, 2, 0, 1, 2, 0, 1, 2, 2, 0, 0, 1, 2, 1, 2, 1, 0, 2, 0, 1, 1, 0, 1, 1, 1, 0, 2, 1, 1, 0, 0, 0, 0, 1, 1, 2, 1, 2, 0, 0, 0, 2, 1, 0, 1, 2, 1, 2, 1, 1, 1, 1, 1, 2, 0, 1, 1, 0, 0, 0, 1, 2, 1, 0, 0, 1, 0, 2, 0, 0, 0, 0, 1, 2, 0, 1, 0, 0, 0, 0, 2]|[4, 3, 2, 2, 0, 0, 2, 2, 2, 4, 1, 1, 2, 4, 4, 1, 1, 4, 2, 1, 1, 1, 1, 2, 1, 2, 1, 1, 1, 1, 3, 2, 3, 0, 4, 0, 1, 1, 0, 3, 2, 2, 4, 0, 1, 1, 0, 2, 0, 1, 2, 2, 1, 4, 0, 3, 2, 1, 1, 2, 1, 3, 1, 1, 1, 3, 0, 4, 3, 1, 4, 1, 1, 2, 4, 4, 2, 1, 1, 3, 1, 3, 1, 1, 1, 1, 1, 1, 2, 1, 2, 3, 1, 1, 1, 2, 2, 2, 2, 1]|[0, 2, 1, 1, 3, 3, 0, 1, 0, 0, 0, 0, 1, 0, 1, 0, 0, 3, 1, 0, 0, 0, 3, 1, 0, 2, 0, 0, 0, 1, 0, 0, 0, 0, 3, 0, 1, 0, 0, 2, 1, 1, 2, 0, 0, 0, 0, 1, 1, 0, 0, 0, 1, 3, 0, 0, 1, 0, 0, 1, 0, 2, 0, 1, 0, 2, 1, 0, 0, 1, 1, 3, 0, 1, 3, 3, 1, 0, 0, 2, 0, 0, 0, 0, 1, 0, 0, 0, 1, 0, 1, 2, 0, 1, 1, 0, 0, 0, 0, 0],833.2154215640596,57825.44465227681,88905.52377856613,false
42,G1_CMAX,G1_CMAX,[31, 22, 82, 90, 26, 58, 95, 42, 77, 12, 93, 5, 78, 86, 98, 18, 44, 20, 35, 3, 97, 91, 76, 10, 85, 30, 47, 54, 45, 63, 71, 66, 1, 23, 17, 83, 24, 14, 60, 36, 6, 57, 40, 88, 65, 56, 79, 94, 67, 68, 46, 75, 38, 9, 19, 32, 81, 27, 62, 87, 15, 99, 59, 11, 16, 72, 73, 70, 39, 37, 84, 43, 80, 53, 96, 4, 50, 41, 89, 48, 21, 61, 33, 7, 51, 29, 28, 55, 25, 92, 8, 69, 0, 74, 52, 2, 13, 34, 49, 64]|[1, 1, 0, 1, 1, 0, 2, 1, 2, 1, 2, 2, 2, 1, 0, 1, 0, 2, 2, 1, 2, 2, 1, 2, 2, 2, 2, 0, 0, 0, 1, 2, 1, 2, 1, 0, 2, 0, 1, 1, 0, 1, 1, 1, 0, 2, 1, 1, 0, 0, 0, 1, 1, 1, 2, 1, 2, 0, 0, 2, 1, 0, 1, 2, 1, 2, 1, 1, 1, 1, 1, 1, 0, 0, 2, 1, 0, 0, 1, 0, 0, 1, 2, 1, 0, 0, 0, 1, 1, 0, 0, 1, 0, 2, 1, 0, 0, 2, 0, 2]|[3, 0, 2, 3, 0, 1, 1, 2, 2, 4, 1, 1, 0, 4, 1, 4, 2, 1, 1, 1, 2, 2, 2, 1, 1, 1, 2, 1, 1, 2, 3, 2, 3, 1, 4, 0, 1, 1, 0, 3, 2, 2, 4, 0, 1, 1, 0, 4, 0, 1, 2, 3, 1, 4, 0, 3, 2, 1, 2, 1, 2, 1, 1, 1, 3, 0, 4, 3, 1, 4, 1, 1, 1, 2, 1, 4, 1, 1, 1, 1, 1, 3, 1, 1, 1, 1, 2, 4, 4, 2, 2, 3, 2, 1, 1, 2, 2, 1, 1, 1]|[2, 0, 1, 2, 3, 0, 0, 1, 1, 0, 0, 0, 0, 1, 0, 3, 1, 0, 0, 1, 1, 1, 2, 0, 0, 0, 1, 0, 1, 0, 0, 0, 0, 0, 3, 0, 1, 0, 0, 2, 1, 1, 2, 0, 0, 0, 0, 2, 1, 0, 0, 0, 1, 3, 0, 0, 1, 0, 1, 0, 1, 0, 1, 0, 2, 1, 0, 0, 1, 1, 3, 3, 0, 1, 0, 0, 0, 0, 1, 0, 0, 0, 0, 2, 0, 0, 1, 3, 3, 1, 1, 2, 0, 0, 1, 0, 0, 0, 1, 0],706.0425648885516,58640.99257008452,96849.50297129861,false
42,G4_BALANCED,G3_TWC,[31, 22, 82, 15, 26, 58, 95, 42, 77, 12, 47, 5, 93, 78, 44, 54, 85, 63, 18, 98, 20, 35, 43, 97, 91, 76, 10, 30, 21, 61, 71, 64, 1, 23, 17, 83, 24, 14, 60, 36, 6, 57, 94, 88, 65, 56, 79, 40, 67, 68, 46, 75, 38, 9, 19, 32, 81, 41, 27, 62, 87, 90, 99, 59, 11, 16, 72, 73, 70, 39, 37, 84, 3, 92, 25, 55, 28, 29, 51, 7, 33, 45, 86, 48, 89, 50, 66, 96, 53, 80, 4, 8, 34, 74, 52, 2, 13, 0, 49, 69]|[1, 1, 0, 1, 1, 1, 2, 1, 2, 1, 2, 2, 2, 1, 1, 0, 0, 1, 0, 2, 2, 0, 1, 2, 0, 1, 2, 2, 0, 1, 1, 2, 1, 2, 1, 0, 2, 0, 1, 1, 0, 1, 1, 1, 0, 2, 1, 1, 0, 0, 0, 0, 1, 1, 2, 1, 2, 0, 0, 0, 2, 1, 1, 2, 2, 1, 2, 1, 1, 1, 1, 1, 2, 0, 1, 1, 0, 0, 0, 1, 2, 1, 0, 0, 1, 0, 2, 0, 0, 0, 0, 1, 2, 2, 1, 0, 0, 0, 0, 2]|[4, 3, 2, 2, 0, 0, 2, 2, 2, 4, 1, 1, 2, 4, 4, 1, 1, 4, 2, 1, 1, 1, 1, 2, 1, 2, 1, 1, 1, 3, 3, 2, 3, 0, 4, 0, 1, 1, 0, 3, 2, 2, 4, 0, 1, 1, 0, 2, 0, 1, 2, 2, 1, 4, 0, 3, 2, 1, 1, 2, 1, 3, 1, 1, 1, 3, 0, 4, 3, 1, 4, 1, 1, 2, 4, 4, 2, 1, 1, 3, 1, 3, 1, 1, 1, 1, 1, 1, 2, 1, 2, 3, 1, 1, 1, 2, 2, 2, 1, 1]|[0, 2, 1, 1, 3, 3, 0, 1, 0, 0, 0, 0, 1, 0, 1, 0, 0, 3, 1, 0, 0, 0, 3, 1, 0, 2, 0, 0, 0, 0, 0, 0, 0, 0, 3, 0, 1, 0, 0, 2, 1, 1, 2, 0, 0, 0, 0, 1, 1, 0, 0, 0, 1, 3, 0, 0, 1, 0, 0, 1, 0, 2, 1, 0, 0, 2, 1, 0, 0, 1, 1, 3, 0, 1, 3, 3, 1, 0, 0, 2, 0, 0, 0, 0, 1, 0, 0, 0, 1, 0, 1, 2, 0, 0, 1, 0, 0, 0, 1, 0],750.085634914113,57293.76873587221,91427.35634904046,true
42,G2_TEC,G2_TEC,[31, 22, 82, 15, 26, 9, 95, 42, 77, 68, 47, 5, 93, 78, 86, 54, 85, 63, 18, 44, 20, 49, 36, 14, 74, 50, 53, 17, 21, 28, 11, 64, 3, 23, 30, 83, 24, 41, 40, 52, 65, 27, 90, 70, 39, 87, 48, 69, 99, 4, 75, 1, 13, 58, 97, 59, 45, 8, 73, 37, 35, 79, 71, 66, 76, 32, 60, 80, 56, 6, 67, 61, 33, 7, 57, 34, 12, 16, 10, 98, 96, 88, 43, 46, 91, 38, 84, 29, 92, 19, 51, 89, 81, 55, 25, 72, 94, 2, 62, 0]|[2, 1, 2, 1, 1, 2, 1, 1, 1, 1, 1, 0, 2, 2, 1, 2, 0, 0, 0, 2, 2, 1, 0, 2, 0, 2, 2, 1, 0, 1, 1, 1, 0, 0, 1, 0, 2, 1, 2, 2, 0, 0, 1, 1, 0, 2, 0, 2, 1, 0, 0, 2, 0, 0, 2, 0, 1, 1, 0, 0, 2, 1, 1, 2, 2, 0, 2, 2, 2, 1, 2, 1, 1, 2, 0, 1, 1, 2, 1, 2, 0, 1, 1, 0, 1, 0, 0, 1, 0, 1, 1, 1, 1, 0, 1, 1, 2, 0, 1, 2]|[0, 3, 0, 3, 4, 1, 4, 4, 2, 4, 3, 2, 1, 0, 2, 1, 1, 1, 2, 1, 1, 3, 0, 1, 0, 1, 1, 4, 1, 4, 3, 2, 2, 0, 4, 1, 1, 4, 1, 1, 2, 1, 4, 4, 1, 1, 0, 2, 3, 2, 2, 1, 2, 1, 1, 2, 4, 3, 0, 2, 1, 3, 3, 1, 1, 2, 1, 1, 1, 4, 1, 3, 4, 1, 2, 4, 3, 1, 3, 1, 2, 4, 4, 2, 3, 2, 2, 3, 2, 4, 3, 4, 4, 2, 4, 4, 1, 2, 3, 1]|[0, 2, 0, 0, 3, 0, 1, 3, 0, 0, 2, 0, 1, 0, 1, 0, 0, 0, 1, 0, 0, 2, 0, 0, 1, 0, 0, 3, 0, 1, 0, 2, 0, 0, 3, 0, 1, 1, 0, 0, 0, 0, 1, 3, 0, 0, 1, 0, 2, 0, 0, 0, 0, 0, 1, 0, 1, 0, 1, 1, 0, 2, 0, 0, 0, 0, 0, 0, 0, 2, 0, 0, 1, 0, 0, 1, 0, 0, 3, 0, 0, 1, 2, 0, 0, 0, 0, 3, 0, 1, 0, 1, 2, 0, 3, 1, 0, 0, 0, 0],914.0597544875216,49161.395658073656,107460.95176365305,false
42,G3_TWC,G3_TWC,[31, 22, 82, 15, 26, 58, 95, 42, 77, 12, 47, 5, 93, 78, 98, 54, 85, 63, 18, 44, 20, 35, 43, 97, 91, 76, 10, 30, 21, 45, 71, 64, 1, 23, 17, 83, 24, 14, 60, 36, 6, 57, 94, 88, 65, 56, 79, 40, 67, 68, 46, 75, 39, 9, 19, 32, 81, 96, 27, 62, 87, 90, 99, 59, 11, 16, 72, 73, 70, 38, 37, 84, 3, 92, 25, 55, 28, 29, 51, 7, 33, 61, 86, 48, 89, 50, 69, 41, 53, 80, 4, 8, 34, 49, 52, 0, 13, 74, 2, 66]|[1, 1, 0, 1, 1, 1, 2, 1, 2, 1, 2, 2, 2, 1, 1, 0, 0, 1, 0, 2, 2, 0, 1, 2, 0, 1, 2, 2, 0, 0, 1, 2, 1, 2, 1, 0, 2, 0, 1, 1, 0, 1, 1, 1, 0, 2, 1, 1, 0, 0, 0, 0, 1, 1, 2, 1, 2, 0, 0, 0, 2, 1, 0, 1, 2, 1, 2, 1, 1, 1, 1, 1, 2, 0, 1, 1, 0, 0, 0, 1, 2, 1, 0, 0, 1, 0, 2, 0, 0, 0, 0, 1, 2, 0, 1, 0, 0, 0, 0, 2]|[4, 3, 2, 2, 0, 0, 2, 2, 2, 4, 1, 1, 2, 4, 4, 1, 1, 4, 2, 1, 1, 1, 1, 2, 1, 2, 1, 1, 1, 1, 3, 2, 3, 0, 4, 0, 1, 1, 0, 3, 2, 2, 4, 0, 1, 1, 0, 2, 0, 1, 2, 2, 1, 4, 0, 3, 2, 1, 1, 2, 1, 3, 1, 1, 1, 3, 0, 4, 3, 1, 4, 1, 1, 2, 4, 4, 2, 1, 1, 3, 1, 3, 1, 1, 1, 1, 1, 1, 2, 1, 2, 3, 1, 1, 1, 2, 2, 2, 2, 1]|[0, 2, 1, 1, 3, 3, 0, 1, 0, 0, 0, 0, 1, 0, 1, 0, 0, 3, 1, 0, 0, 0, 3, 1, 0, 2, 0, 0, 0, 1, 0, 0, 0, 0, 3, 0, 1, 0, 0, 2, 1, 1, 2, 0, 0, 0, 0, 1, 1, 0, 0, 0, 1, 3, 0, 0, 1, 0, 0, 1, 0, 2, 0, 1, 0, 2, 1, 0, 0, 1, 1, 3, 0, 1, 3, 3, 1, 0, 0, 2, 0, 0, 0, 0, 1, 0, 0, 0, 1, 0, 1, 2, 0, 1, 1, 0, 0, 0, 0, 0],833.2154215640596,57825.44465227681,88905.52377856613,false
42,G1_CMAX,G1_CMAX,[31, 22, 82, 90, 26, 58, 95, 42, 77, 12, 93, 5, 78, 86, 98, 18, 44, 20, 35, 3, 97, 91, 76, 10, 85, 30, 47, 54, 45, 63, 71, 66, 1, 23, 17, 83, 24, 14, 60, 36, 6, 57, 40, 88, 65, 56, 79, 94, 67, 68, 46, 75, 38, 9, 19, 32, 81, 27, 62, 87, 15, 99, 59, 11, 16, 72, 73, 70, 39, 37, 84, 43, 80, 53, 96, 4, 50, 41, 89, 48, 21, 61, 33, 7, 51, 29, 28, 55, 25, 92, 8, 69, 0, 74, 52, 2, 13, 34, 49, 64]|[1, 1, 0, 1, 1, 0, 2, 1, 2, 1, 2, 2, 2, 1, 0, 1, 0, 2, 2, 1, 2, 2, 1, 2, 2, 2, 2, 0, 0, 0, 1, 2, 1, 2, 1, 0, 2, 0, 1, 1, 0, 1, 1, 1, 0, 2, 1, 1, 0, 0, 0, 1, 1, 1, 2, 1, 2, 0, 0, 2, 1, 0, 1, 2, 1, 2, 1, 1, 1, 1, 1, 1, 0, 0, 2, 1, 0, 0, 1, 0, 0, 1, 2, 1, 0, 0, 0, 1, 1, 0, 0, 1, 0, 2, 1, 0, 0, 2, 0, 2]|[3, 0, 2, 3, 0, 1, 1, 2, 2, 4, 1, 1, 0, 4, 1, 4, 2, 1, 1, 1, 2, 2, 2, 1, 1, 1, 2, 1, 1, 2, 3, 2, 3, 1, 4, 0, 1, 1, 0, 3, 2, 2, 4, 0, 1, 1, 0, 4, 0, 1, 2, 3, 1, 4, 0, 3, 2, 1, 2, 1, 2, 1, 1, 1, 3, 0, 4, 3, 1, 4, 1, 1, 1, 2, 1, 4, 1, 1, 1, 1, 1, 3, 1, 1, 1, 1, 2, 4, 4, 2, 2, 3, 2, 1, 1, 2, 2, 1, 1, 1]|[2, 0, 1, 2, 3, 0, 0, 1, 1, 0, 0, 0, 0, 1, 0, 3, 1, 0, 0, 1, 1, 1, 2, 0, 0, 0, 1, 0, 1, 0, 0, 0, 0, 0, 3, 0, 1, 0, 0, 2, 1, 1, 2, 0, 0, 0, 0, 2, 1, 0, 0, 0, 1, 3, 0, 0, 1, 0, 1, 0, 1, 0, 1, 0, 2, 1, 0, 0, 1, 1, 3, 3, 0, 1, 0, 0, 0, 0, 1, 0, 0, 0, 0, 2, 0, 0, 1, 3, 3, 1, 1, 2, 0, 0, 1, 0, 0, 0, 1, 0],706.0425648885516,58640.99257008452,96849.50297129861,false
42,G4_BALANCED,G3_TWC,[31, 22, 82, 15, 26, 58, 95, 42, 77, 12, 47, 5, 93, 78, 44, 54, 85, 63, 18, 98, 20, 35, 43, 97, 91, 76, 10, 30, 21, 61, 71, 64, 1, 23, 17, 83, 24, 14, 60, 36, 6, 57, 94, 88, 65, 56, 79, 40, 67, 68, 46, 75, 38, 9, 19, 32, 81, 41, 27, 62, 87, 90, 99, 59, 11, 16, 72, 73, 70, 39, 37, 84, 3, 92, 25, 55, 28, 29, 51, 7, 33, 45, 86, 48, 89, 50, 66, 96, 53, 80, 4, 8, 34, 74, 52, 2, 13, 0, 49, 69]|[1, 1, 0, 1, 1, 1, 2, 1, 2, 1, 2, 2, 2, 1, 1, 0, 0, 1, 0, 2, 2, 0, 1, 2, 0, 1, 2, 2, 0, 1, 1, 2, 1, 2, 1, 0, 2, 0, 1, 1, 0, 1, 1, 1, 0, 2, 1, 1, 0, 0, 0, 0, 1, 1, 2, 1, 2, 0, 0, 0, 2, 1, 1, 2, 2, 1, 2, 1, 1, 1, 1, 1, 2, 0, 1, 1, 0, 0, 0, 1, 2, 1, 0, 0, 1, 0, 2, 0, 0, 0, 0, 1, 2, 2, 1, 0, 0, 0, 0, 2]|[4, 3, 2, 2, 0, 0, 2, 2, 2, 4, 1, 1, 2, 4, 4, 1, 1, 4, 2, 1, 1, 1, 1, 2, 1, 2, 1, 1, 1, 3, 3, 2, 3, 0, 4, 0, 1, 1, 0, 3, 2, 2, 4, 0, 1, 1, 0, 2, 0, 1, 2, 2, 1, 4, 0, 3, 2, 1, 1, 2, 1, 3, 1, 1, 1, 3, 0, 4, 3, 1, 4, 1, 1, 2, 4, 4, 2, 1, 1, 3, 1, 3, 1, 1, 1, 1, 1, 1, 2, 1, 2, 3, 1, 1, 1, 2, 2, 2, 1, 1]|[0, 2, 1, 1, 3, 3, 0, 1, 0, 0, 0, 0, 1, 0, 1, 0, 0, 3, 1, 0, 0, 0, 3, 1, 0, 2, 0, 0, 0, 0, 0, 0, 0, 0, 3, 0, 1, 0, 0, 2, 1, 1, 2, 0, 0, 0, 0, 1, 1, 0, 0, 0, 1, 3, 0, 0, 1, 0, 0, 1, 0, 2, 1, 0, 0, 2, 1, 0, 0, 1, 1, 3, 0, 1, 3, 3, 1, 0, 0, 2, 0, 0, 0, 0, 1, 0, 0, 0, 1, 0, 1, 2, 0, 0, 1, 0, 0, 0, 1, 0],750.085634914113,57293.76873587221,91427.35634904046,true
42,G2_TEC,G2_TEC,[31, 22, 82, 15, 26, 9, 95, 42, 77, 68, 47, 5, 93, 78, 86, 54, 85, 63, 18, 44, 20, 49, 36, 14, 74, 50, 53, 17, 21, 28, 11, 64, 3, 23, 30, 83, 24, 41, 40, 52, 65, 27, 90, 70, 39, 87, 48, 69, 99, 4, 75, 1, 13, 58, 97, 59, 45, 8, 73, 37, 35, 79, 71, 66, 76, 32, 60, 80, 56, 6, 67, 61, 33, 7, 57, 34, 12, 16, 10, 98, 96, 88, 43, 46, 91, 38, 84, 29, 92, 19, 51, 89, 81, 55, 25, 72, 94, 2, 62, 0]|[2, 1, 2, 1, 1, 2, 1, 1, 1, 1, 1, 0, 2, 2, 1, 2, 0, 0, 0, 2, 2, 1, 0, 2, 0, 2, 2, 1, 0, 1, 1, 1, 0, 0, 1, 0, 2, 1, 2, 2, 0, 0, 1, 1, 0, 2, 0, 2, 1, 0, 0, 2, 0, 0, 2, 0, 1, 1, 0, 0, 2, 1, 1, 2, 2, 0, 2, 2, 2, 1, 2, 1, 1, 2, 0, 1, 1, 2, 1, 2, 0, 1, 1, 0, 1, 0, 0, 1, 0, 1, 1, 1, 1, 0, 1, 1, 2, 0, 1, 2]|[0, 3, 0, 3, 4, 1, 4, 4, 2, 4, 3, 2, 1, 0, 2, 1, 1, 1, 2, 1, 1, 3, 0, 1, 0, 1, 1, 4, 1, 4, 3, 2, 2, 0, 4, 1, 1, 4, 1, 1, 2, 1, 4, 4, 1, 1, 0, 2, 3, 2, 2, 1, 2, 1, 1, 2, 4, 3, 0, 2, 1, 3, 3, 1, 1, 2, 1, 1, 1, 4, 1, 3, 4, 1, 2, 4, 3, 1, 3, 1, 2, 4, 4, 2, 3, 2, 2, 3, 2, 4, 3, 4, 4, 2, 4, 4, 1, 2, 3, 1]|[0, 2, 0, 0, 3, 0, 1, 3, 0, 0, 2, 0, 1, 0, 1, 0, 0, 0, 1, 0, 0, 2, 0, 0, 1, 0, 0, 3, 0, 1, 0, 2, 0, 0, 3, 0, 1, 1, 0, 0, 0, 0, 1, 3, 0, 0, 1, 0, 2, 0, 0, 0, 0, 0, 1, 0, 1, 0, 1, 1, 0, 2, 0, 0, 0, 0, 0, 0, 0, 2, 0, 0, 1, 0, 0, 1, 0, 0, 3, 0, 0, 1, 2, 0, 0, 0, 0, 3, 0, 1, 0, 1, 2, 0, 3, 1, 0, 0, 0, 0],914.0597544875216,49161.395658073656,107460.95176365305,false
42,G3_TWC,G3_TWC,[31, 22, 82, 15, 26, 58, 95, 42, 77, 12, 47, 5, 93, 78, 98, 54, 85, 63, 18, 44, 20, 35, 43, 97, 91, 76, 10, 30, 21, 45, 71, 64, 1, 23, 17, 83, 24, 14, 60, 36, 6, 57, 94, 88, 65, 56, 79, 40, 67, 68, 46, 75, 39, 9, 19, 32, 81, 96, 27, 62, 87, 90, 99, 59, 11, 16, 72, 73, 70, 38, 37, 84, 3, 92, 25, 55, 28, 29, 51, 7, 33, 61, 86, 48, 89, 50, 69, 41, 53, 80, 4, 8, 34, 49, 52, 0, 13, 74, 2, 66]|[1, 1, 0, 1, 1, 1, 2, 1, 2, 1, 2, 2, 2, 1, 1, 0, 0, 1, 0, 2, 2, 0, 1, 2, 0, 1, 2, 2, 0, 0, 1, 2, 1, 2, 1, 0, 2, 0, 1, 1, 0, 1, 1, 1, 0, 2, 1, 1, 0, 0, 0, 0, 1, 1, 2, 1, 2, 0, 0, 0, 2, 1, 0, 1, 2, 1, 2, 1, 1, 1, 1, 1, 2, 0, 1, 1, 0, 0, 0, 1, 2, 1, 0, 0, 1, 0, 2, 0, 0, 0, 0, 1, 2, 0, 1, 0, 0, 0, 0, 2]|[4, 3, 2, 2, 0, 0, 2, 2, 2, 4, 1, 1, 2, 4, 4, 1, 1, 4, 2, 1, 1, 1, 1, 2, 1, 2, 1, 1, 1, 1, 3, 2, 3, 0, 4, 0, 1, 1, 0, 3, 2, 2, 4, 0, 1, 1, 0, 2, 0, 1, 2, 2, 1, 4, 0, 3, 2, 1, 1, 2, 1, 3, 1, 1, 1, 3, 0, 4, 3, 1, 4, 1, 1, 2, 4, 4, 2, 1, 1, 3, 1, 3, 1, 1, 1, 1, 1, 1, 2, 1, 2, 3, 1, 1, 1, 2, 2, 2, 2, 1]|[0, 2, 1, 1, 3, 3, 0, 1, 0, 0, 0, 0, 1, 0, 1, 0, 0, 3, 1, 0, 0, 0, 3, 1, 0, 2, 0, 0, 0, 1, 0, 0, 0, 0, 3, 0, 1, 0, 0, 2, 1, 1, 2, 0, 0, 0, 0, 1, 1, 0, 0, 0, 1, 3, 0, 0, 1, 0, 0, 1, 0, 2, 0, 1, 0, 2, 1, 0, 0, 1, 1, 3, 0, 1, 3, 3, 1, 0, 0, 2, 0, 0, 0, 0, 1, 0, 0, 0, 1, 0, 1, 2, 0, 1, 1, 0, 0, 0, 0, 0],833.2154215640596,57825.44465227681,88905.52377856613,false
42,G1_CMAX,G1_CMAX,[31, 22, 82, 90, 26, 58, 95, 42, 77, 12, 93, 5, 78, 86, 98, 18, 44, 20, 35, 3, 97, 91, 76, 10, 85, 30, 47, 54, 45, 63, 71, 66, 1, 23, 17, 83, 24, 14, 60, 36, 6, 57, 40, 88, 65, 56, 79, 94, 67, 68, 46, 75, 38, 9, 19, 32, 81, 27, 62, 87, 15, 99, 59, 11, 16, 72, 73, 70, 39, 37, 84, 43, 80, 53, 96, 4, 50, 41, 89, 48, 21, 61, 33, 7, 51, 29, 28, 55, 25, 92, 8, 69, 0, 74, 52, 2, 13, 34, 49, 64]|[1, 1, 0, 1, 1, 0, 2, 1, 2, 1, 2, 2, 2, 1, 0, 1, 0, 2, 2, 1, 2, 2, 1, 2, 2, 2, 2, 0, 0, 0, 1, 2, 1, 2, 1, 0, 2, 0, 1, 1, 0, 1, 1, 1, 0, 2, 1, 1, 0, 0, 0, 1, 1, 1, 2, 1, 2, 0, 0, 2, 1, 0, 1, 2, 1, 2, 1, 1, 1, 1, 1, 1, 0, 0, 2, 1, 0, 0, 1, 0, 0, 1, 2, 1, 0, 0, 0, 1, 1, 0, 0, 1, 0, 2, 1, 0, 0, 2, 0, 2]|[3, 0, 2, 3, 0, 1, 1, 2, 2, 4, 1, 1, 0, 4, 1, 4, 2, 1, 1, 1, 2, 2, 2, 1, 1, 1, 2, 1, 1, 2, 3, 2, 3, 1, 4, 0, 1, 1, 0, 3, 2, 2, 4, 0, 1, 1, 0, 4, 0, 1, 2, 3, 1, 4, 0, 3, 2, 1, 2, 1, 2, 1, 1, 1, 3, 0, 4, 3, 1, 4, 1, 1, 1, 2, 1, 4, 1, 1, 1, 1, 1, 3, 1, 1, 1, 1, 2, 4, 4, 2, 2, 3, 2, 1, 1, 2, 2, 1, 1, 1]|[2, 0, 1, 2, 3, 0, 0, 1, 1, 0, 0, 0, 0, 1, 0, 3, 1, 0, 0, 1, 1, 1, 2, 0, 0, 0, 1, 0, 1, 0, 0, 0, 0, 0, 3, 0, 1, 0, 0, 2, 1, 1, 2, 0, 0, 0, 0, 2, 1, 0, 0, 0, 1, 3, 0, 0, 1, 0, 1, 0, 1, 0, 1, 0, 2, 1, 0, 0, 1, 1, 3, 3, 0, 1, 0, 0, 0, 0, 1, 0, 0, 0, 0, 2, 0, 0, 1, 3, 3, 1, 1, 2, 0, 0, 1, 0, 0, 0, 1, 0],706.0425648885516,58640.99257008452,96849.50297129861,false
42,G4_BALANCED,G3_TWC,[31, 22, 82, 15, 26, 58, 95, 42, 77, 12, 47, 5, 93, 78, 44, 54, 85, 63, 18, 98, 20, 35, 43, 97, 91, 76, 10, 30, 21, 61, 71, 64, 1, 23, 17, 83, 24, 14, 60, 36, 6, 57, 94, 88, 65, 56, 79, 40, 67, 68, 46, 75, 38, 9, 19, 32, 81, 41, 27, 62, 87, 90, 99, 59, 11, 16, 72, 73, 70, 39, 37, 84, 3, 92, 25, 55, 28, 29, 51, 7, 33, 45, 86, 48, 89, 50, 66, 96, 53, 80, 4, 8, 34, 74, 52, 2, 13, 0, 49, 69]|[1, 1, 0, 1, 1, 1, 2, 1, 2, 1, 2, 2, 2, 1, 1, 0, 0, 1, 0, 2, 2, 0, 1, 2, 0, 1, 2, 2, 0, 1, 1, 2, 1, 2, 1, 0, 2, 0, 1, 1, 0, 1, 1, 1, 0, 2, 1, 1, 0, 0, 0, 0, 1, 1, 2, 1, 2, 0, 0, 0, 2, 1, 1, 2, 2, 1, 2, 1, 1, 1, 1, 1, 2, 0, 1, 1, 0, 0, 0, 1, 2, 1, 0, 0, 1, 0, 2, 0, 0, 0, 0, 1, 2, 2, 1, 0, 0, 0, 0, 2]|[4, 3, 2, 2, 0, 0, 2, 2, 2, 4, 1, 1, 2, 4, 4, 1, 1, 4, 2, 1, 1, 1, 1, 2, 1, 2, 1, 1, 1, 3, 3, 2, 3, 0, 4, 0, 1, 1, 0, 3, 2, 2, 4, 0, 1, 1, 0, 2, 0, 1, 2, 2, 1, 4, 0, 3, 2, 1, 1, 2, 1, 3, 1, 1, 1, 3, 0, 4, 3, 1, 4, 1, 1, 2, 4, 4, 2, 1, 1, 3, 1, 3, 1, 1, 1, 1, 1, 1, 2, 1, 2, 3, 1, 1, 1, 2, 2, 2, 1, 1]|[0, 2, 1, 1, 3, 3, 0, 1, 0, 0, 0, 0, 1, 0, 1, 0, 0, 3, 1, 0, 0, 0, 3, 1, 0, 2, 0, 0, 0, 0, 0, 0, 0, 0, 3, 0, 1, 0, 0, 2, 1, 1, 2, 0, 0, 0, 0, 1, 1, 0, 0, 0, 1, 3, 0, 0, 1, 0, 0, 1, 0, 2, 1, 0, 0, 2, 1, 0, 0, 1, 1, 3, 0, 1, 3, 3, 1, 0, 0, 2, 0, 0, 0, 0, 1, 0, 0, 0, 1, 0, 1, 2, 0, 0, 1, 0, 0, 0, 1, 0],750.085634914113,57293.76873587221,91427.35634904046,true
42,G2_TEC,G2_TEC,[31, 22, 82, 15, 26, 9, 95, 42, 77, 68, 47, 5, 93, 78, 86, 54, 85, 63, 18, 44, 20, 49, 36, 14, 74, 50, 53, 17, 21, 28, 11, 64, 3, 23, 30, 83, 24, 41, 40, 52, 65, 27, 90, 70, 39, 87, 48, 69, 99, 4, 75, 1, 13, 58, 97, 59, 45, 8, 73, 37, 35, 79, 71, 66, 76, 32, 60, 80, 56, 6, 67, 61, 33, 7, 57, 34, 12, 16, 10, 98, 96, 88, 43, 46, 91, 38, 84, 29, 92, 19, 51, 89, 81, 55, 25, 72, 94, 2, 62, 0]|[2, 1, 2, 1, 1, 2, 1, 1, 1, 1, 1, 0, 2, 2, 1, 2, 0, 0, 0, 2, 2, 1, 0, 2, 0, 2, 2, 1, 0, 1, 1, 1, 0, 0, 1, 0, 2, 1, 2, 2, 0, 0, 1, 1, 0, 2, 0, 2, 1, 0, 0, 2, 0, 0, 2, 0, 1, 1, 0, 0, 2, 1, 1, 2, 2, 0, 2, 2, 2, 1, 2, 1, 1, 2, 0, 1, 1, 2, 1, 2, 0, 1, 1, 0, 1, 0, 0, 1, 0, 1, 1, 1, 1, 0, 1, 1, 2, 0, 1, 2]|[0, 3, 0, 3, 4, 1, 4, 4, 2, 4, 3, 2, 1, 0, 2, 1, 1, 1, 2, 1, 1, 3, 0, 1, 0, 1, 1, 4, 1, 4, 3, 2, 2, 0, 4, 1, 1, 4, 1, 1, 2, 1, 4, 4, 1, 1, 0, 2, 3, 2, 2, 1, 2, 1, 1, 2, 4, 3, 0, 2, 1, 3, 3, 1, 1, 2, 1, 1, 1, 4, 1, 3, 4, 1, 2, 4, 3, 1, 3, 1, 2, 4, 4, 2, 3, 2, 2, 3, 2, 4, 3, 4, 4, 2, 4, 4, 1, 2, 3, 1]|[0, 2, 0, 0, 3, 0, 1, 3, 0, 0, 2, 0, 1, 0, 1, 0, 0, 0, 1, 0, 0, 2, 0, 0, 1, 0, 0, 3, 0, 1, 0, 2, 0, 0, 3, 0, 1, 1, 0, 0, 0, 0, 1, 3, 0, 0, 1, 0, 2, 0, 0, 0, 0, 0, 1, 0, 1, 0, 1, 1, 0, 2, 0, 0, 0, 0, 0, 0, 0, 2, 0, 0, 1, 0, 0, 1, 0, 0, 3, 0, 0, 1, 2, 0, 0, 0, 0, 3, 0, 1, 0, 1, 2, 0, 3, 1, 0, 0, 0, 0],914.0597544875216,49161.395658073656,107460.95176365305,false
42,G3_TWC,G3_TWC,[31, 22, 82, 15, 26, 58, 95, 42, 77, 12, 47, 5, 93, 78, 98, 54, 85, 63, 18, 44, 20, 35, 43, 97, 91, 76, 10, 30, 21, 45, 71, 64, 1, 23, 17, 83, 24, 14, 60, 36, 6, 57, 94, 88, 65, 56, 79, 40, 67, 68, 46, 75, 39, 9, 19, 32, 81, 96, 27, 62, 87, 90, 99, 59, 11, 16, 72, 73, 70, 38, 37, 84, 3, 92, 25, 55, 28, 29, 51, 7, 33, 61, 86, 48, 89, 50, 69, 41, 53, 80, 4, 8, 34, 49, 52, 0, 13, 74, 2, 66]|[1, 1, 0, 1, 1, 1, 2, 1, 2, 1, 2, 2, 2, 1, 1, 0, 0, 1, 0, 2, 2, 0, 1, 2, 0, 1, 2, 2, 0, 0, 1, 2, 1, 2, 1, 0, 2, 0, 1, 1, 0, 1, 1, 1, 0, 2, 1, 1, 0, 0, 0, 0, 1, 1, 2, 1, 2, 0, 0, 0, 2, 1, 0, 1, 2, 1, 2, 1, 1, 1, 1, 1, 2, 0, 1, 1, 0, 0, 0, 1, 2, 1, 0, 0, 1, 0, 2, 0, 0, 0, 0, 1, 2, 0, 1, 0, 0, 0, 0, 2]|[4, 3, 2, 2, 0, 0, 2, 2, 2, 4, 1, 1, 2, 4, 4, 1, 1, 4, 2, 1, 1, 1, 1, 2, 1, 2, 1, 1, 1, 1, 3, 2, 3, 0, 4, 0, 1, 1, 0, 3, 2, 2, 4, 0, 1, 1, 0, 2, 0, 1, 2, 2, 1, 4, 0, 3, 2, 1, 1, 2, 1, 3, 1, 1, 1, 3, 0, 4, 3, 1, 4, 1, 1, 2, 4, 4, 2, 1, 1, 3, 1, 3, 1, 1, 1, 1, 1, 1, 2, 1, 2, 3, 1, 1, 1, 2, 2, 2, 2, 1]|[0, 2, 1, 1, 3, 3, 0, 1, 0, 0, 0, 0, 1, 0, 1, 0, 0, 3, 1, 0, 0, 0, 3, 1, 0, 2, 0, 0, 0, 1, 0, 0, 0, 0, 3, 0, 1, 0, 0, 2, 1, 1, 2, 0, 0, 0, 0, 1, 1, 0, 0, 0, 1, 3, 0, 0, 1, 0, 0, 1, 0, 2, 0, 1, 0, 2, 1, 0, 0, 1, 1, 3, 0, 1, 3, 3, 1, 0, 0, 2, 0, 0, 0, 0, 1, 0, 0, 0, 1, 0, 1, 2, 0, 1, 1, 0, 0, 0, 0, 0],833.2154215640596,57825.44465227681,88905.52377856613,false
42,G1_CMAX,G1_CMAX,[31, 22, 82, 90, 26, 58, 95, 42, 77, 12, 93, 5, 78, 86, 98, 18, 44, 20, 35, 3, 97, 91, 76, 10, 85, 30, 47, 54, 45, 63, 71, 66, 1, 23, 17, 83, 24, 14, 60, 36, 6, 57, 40, 88, 65, 56, 79, 94, 67, 68, 46, 75, 38, 9, 19, 32, 81, 27, 62, 87, 15, 99, 59, 11, 16, 72, 73, 70, 39, 37, 84, 43, 80, 53, 96, 4, 50, 41, 89, 48, 21, 61, 33, 7, 51, 29, 28, 55, 25, 92, 8, 69, 0, 74, 52, 2, 13, 34, 49, 64]|[1, 1, 0, 1, 1, 0, 2, 1, 2, 1, 2, 2, 2, 1, 0, 1, 0, 2, 2, 1, 2, 2, 1, 2, 2, 2, 2, 0, 0, 0, 1, 2, 1, 2, 1, 0, 2, 0, 1, 1, 0, 1, 1, 1, 0, 2, 1, 1, 0, 0, 0, 1, 1, 1, 2, 1, 2, 0, 0, 2, 1, 0, 1, 2, 1, 2, 1, 1, 1, 1, 1, 1, 0, 0, 2, 1, 0, 0, 1, 0, 0, 1, 2, 1, 0, 0, 0, 1, 1, 0, 0, 1, 0, 2, 1, 0, 0, 2, 0, 2]|[3, 0, 2, 3, 0, 1, 1, 2, 2, 4, 1, 1, 0, 4, 1, 4, 2, 1, 1, 1, 2, 2, 2, 1, 1, 1, 2, 1, 1, 2, 3, 2, 3, 1, 4, 0, 1, 1, 0, 3, 2, 2, 4, 0, 1, 1, 0, 4, 0, 1, 2, 3, 1, 4, 0, 3, 2, 1, 2, 1, 2, 1, 1, 1, 3, 0, 4, 3, 1, 4, 1, 1, 1, 2, 1, 4, 1, 1, 1, 1, 1, 3, 1, 1, 1, 1, 2, 4, 4, 2, 2, 3, 2, 1, 1, 2, 2, 1, 1, 1]|[2, 0, 1, 2, 3, 0, 0, 1, 1, 0, 0, 0, 0, 1, 0, 3, 1, 0, 0, 1, 1, 1, 2, 0, 0, 0, 1, 0, 1, 0, 0, 0, 0, 0, 3, 0, 1, 0, 0, 2, 1, 1, 2, 0, 0, 0, 0, 2, 1, 0, 0, 0, 1, 3, 0, 0, 1, 0, 1, 0, 1, 0, 1, 0, 2, 1, 0, 0, 1, 1, 3, 3, 0, 1, 0, 0, 0, 0, 1, 0, 0, 0, 0, 2, 0, 0, 1, 3, 3, 1, 1, 2, 0, 0, 1, 0, 0, 0, 1, 0],706.0425648885516,58640.99257008452,96849.50297129861,false
42,G4_BALANCED,G3_TWC,[31, 22, 82, 15, 26, 58, 95, 42, 77, 12, 47, 5, 93, 78, 44, 54, 85, 63, 18, 98, 20, 35, 43, 97, 91, 76, 10, 30, 21, 61, 71, 64, 1, 23, 17, 83, 24, 14, 60, 36, 6, 57, 94, 88, 65, 56, 79, 40, 67, 68, 46, 75, 38, 9, 19, 32, 81, 41, 27, 62, 87, 90, 99, 59, 11, 16, 72, 73, 70, 39, 37, 84, 3, 92, 25, 55, 28, 29, 51, 7, 33, 45, 86, 48, 89, 50, 66, 96, 53, 80, 4, 8, 34, 74, 52, 2, 13, 0, 49, 69]|[1, 1, 0, 1, 1, 1, 2, 1, 2, 1, 2, 2, 2, 1, 1, 0, 0, 1, 0, 2, 2, 0, 1, 2, 0, 1, 2, 2, 0, 1, 1, 2, 1, 2, 1, 0, 2, 0, 1, 1, 0, 1, 1, 1, 0, 2, 1, 1, 0, 0, 0, 0, 1, 1, 2, 1, 2, 0, 0, 0, 2, 1, 1, 2, 2, 1, 2, 1, 1, 1, 1, 1, 2, 0, 1, 1, 0, 0, 0, 1, 2, 1, 0, 0, 1, 0, 2, 0, 0, 0, 0, 1, 2, 2, 1, 0, 0, 0, 0, 2]|[4, 3, 2, 2, 0, 0, 2, 2, 2, 4, 1, 1, 2, 4, 4, 1, 1, 4, 2, 1, 1, 1, 1, 2, 1, 2, 1, 1, 1, 3, 3, 2, 3, 0, 4, 0, 1, 1, 0, 3, 2, 2, 4, 0, 1, 1, 0, 2, 0, 1, 2, 2, 1, 4, 0, 3, 2, 1, 1, 2, 1, 3, 1, 1, 1, 3, 0, 4, 3, 1, 4, 1, 1, 2, 4, 4, 2, 1, 1, 3, 1, 3, 1, 1, 1, 1, 1, 1, 2, 1, 2, 3, 1, 1, 1, 2, 2, 2, 1, 1]|[0, 2, 1, 1, 3, 3, 0, 1, 0, 0, 0, 0, 1, 0, 1, 0, 0, 3, 1, 0, 0, 0, 3, 1, 0, 2, 0, 0, 0, 0, 0, 0, 0, 0, 3, 0, 1, 0, 0, 2, 1, 1, 2, 0, 0, 0, 0, 1, 1, 0, 0, 0, 1, 3, 0, 0, 1, 0, 0, 1, 0, 2, 1, 0, 0, 2, 1, 0, 0, 1, 1, 3, 0, 1, 3, 3, 1, 0, 0, 2, 0, 0, 0, 0, 1, 0, 0, 0, 1, 0, 1, 2, 0, 0, 1, 0, 0, 0, 1, 0],750.085634914113,57293.76873587221,91427.35634904046,true
42,G2_TEC,G2_TEC,[31, 22, 82, 15, 26, 9, 95, 42, 77, 68, 47, 5, 93, 78, 86, 54, 85, 63, 18, 44, 20, 49, 36, 14, 74, 50, 53, 17, 21, 28, 11, 64, 3, 23, 30, 83, 24, 41, 40, 52, 65, 27, 90, 70, 39, 87, 48, 69, 99, 4, 75, 1, 13, 58, 97, 59, 45, 8, 73, 37, 35, 79, 71, 66, 76, 32, 60, 80, 56, 6, 67, 61, 33, 7, 57, 34, 12, 16, 10, 98, 96, 88, 43, 46, 91, 38, 84, 29, 92, 19, 51, 89, 81, 55, 25, 72, 94, 2, 62, 0]|[2, 1, 2, 1, 1, 2, 1, 1, 1, 1, 1, 0, 2, 2, 1, 2, 0, 0, 0, 2, 2, 1, 0, 2, 0, 2, 2, 1, 0, 1, 1, 1, 0, 0, 1, 0, 2, 1, 2, 2, 0, 0, 1, 1, 0, 2, 0, 2, 1, 0, 0, 2, 0, 0, 2, 0, 1, 1, 0, 0, 2, 1, 1, 2, 2, 0, 2, 2, 2, 1, 2, 1, 1, 2, 0, 1, 1, 2, 1, 2, 0, 1, 1, 0, 1, 0, 0, 1, 0, 1, 1, 1, 1, 0, 1, 1, 2, 0, 1, 2]|[0, 3, 0, 3, 4, 1, 4, 4, 2, 4, 3, 2, 1, 0, 2, 1, 1, 1, 2, 1, 1, 3, 0, 1, 0, 1, 1, 4, 1, 4, 3, 2, 2, 0, 4, 1, 1, 4, 1, 1, 2, 1, 4, 4, 1, 1, 0, 2, 3, 2, 2, 1, 2, 1, 1, 2, 4, 3, 0, 2, 1, 3, 3, 1, 1, 2, 1, 1, 1, 4, 1, 3, 4, 1, 2, 4, 3, 1, 3, 1, 2, 4, 4, 2, 3, 2, 2, 3, 2, 4, 3, 4, 4, 2, 4, 4, 1, 2, 3, 1]|[0, 2, 0, 0, 3, 0, 1, 3, 0, 0, 2, 0, 1, 0, 1, 0, 0, 0, 1, 0, 0, 2, 0, 0, 1, 0, 0, 3, 0, 1, 0, 2, 0, 0, 3, 0, 1, 1, 0, 0, 0, 0, 1, 3, 0, 0, 1, 0, 2, 0, 0, 0, 0, 0, 1, 0, 1, 0, 1, 1, 0, 2, 0, 0, 0, 0, 0, 0, 0, 2, 0, 0, 1, 0, 0, 1, 0, 0, 3, 0, 0, 1, 2, 0, 0, 0, 0, 3, 0, 1, 0, 1, 2, 0, 3, 1, 0, 0, 0, 0],914.0597544875216,49161.395658073656,107460.95176365305,false
42,G3_TWC,G3_TWC,[31, 22, 82, 15, 26, 58, 95, 42, 77, 12, 47, 5, 93, 78, 98, 54, 85, 63, 18, 44, 20, 35, 43, 97, 91, 76, 10, 30, 21, 45, 71, 64, 1, 23, 17, 83, 24, 14, 60, 36, 6, 57, 94, 88, 65, 56, 79, 40, 67, 68, 46, 75, 39, 9, 19, 32, 81, 96, 27, 62, 87, 90, 99, 59, 11, 16, 72, 73, 70, 38, 37, 84, 3, 92, 25, 55, 28, 29, 51, 7, 33, 61, 86, 48, 89, 50, 69, 41, 53, 80, 4, 8, 34, 49, 52, 0, 13, 74, 2, 66]|[1, 1, 0, 1, 1, 1, 2, 1, 2, 1, 2, 2, 2, 1, 1, 0, 0, 1, 0, 2, 2, 0, 1, 2, 0, 1, 2, 2, 0, 0, 1, 2, 1, 2, 1, 0, 2, 0, 1, 1, 0, 1, 1, 1, 0, 2, 1, 1, 0, 0, 0, 0, 1, 1, 2, 1, 2, 0, 0, 0, 2, 1, 0, 1, 2, 1, 2, 1, 1, 1, 1, 1, 2, 0, 1, 1, 0, 0, 0, 1, 2, 1, 0, 0, 1, 0, 2, 0, 0, 0, 0, 1, 2, 0, 1, 0, 0, 0, 0, 2]|[4, 3, 2, 2, 0, 0, 2, 2, 2, 4, 1, 1, 2, 4, 4, 1, 1, 4, 2, 1, 1, 1, 1, 2, 1, 2, 1, 1, 1, 1, 3, 2, 3, 0, 4, 0, 1, 1, 0, 3, 2, 2, 4, 0, 1, 1, 0, 2, 0, 1, 2, 2, 1, 4, 0, 3, 2, 1, 1, 2, 1, 3, 1, 1, 1, 3, 0, 4, 3, 1, 4, 1, 1, 2, 4, 4, 2, 1, 1, 3, 1, 3, 1, 1, 1, 1, 1, 1, 2, 1, 2, 3, 1, 1, 1, 2, 2, 2, 2, 1]|[0, 2, 1, 1, 3, 3, 0, 1, 0, 0, 0, 0, 1, 0, 1, 0, 0, 3, 1, 0, 0, 0, 3, 1, 0, 2, 0, 0, 0, 1, 0, 0, 0, 0, 3, 0, 1, 0, 0, 2, 1, 1, 2, 0, 0, 0, 0, 1, 1, 0, 0, 0, 1, 3, 0, 0, 1, 0, 0, 1, 0, 2, 0, 1, 0, 2, 1, 0, 0, 1, 1, 3, 0, 1, 3, 3, 1, 0, 0, 2, 0, 0, 0, 0, 1, 0, 0, 0, 1, 0, 1, 2, 0, 1, 1, 0, 0, 0, 0, 0],833.2154215640596,57825.44465227681,88905.52377856613,false
42,G1_CMAX,G1_CMAX,[31, 22, 82, 90, 26, 58, 95, 42, 77, 12, 93, 5, 78, 86, 98, 18, 44, 20, 35, 3, 97, 91, 76, 10, 85, 30, 47, 54, 45, 63, 71, 66, 1, 23, 17, 83, 24, 14, 60, 36, 6, 57, 40, 88, 65, 56, 79, 94, 67, 68, 46, 75, 38, 9, 19, 32, 81, 27, 62, 87, 15, 99, 59, 11, 16, 72, 73, 70, 39, 37, 84, 43, 80, 53, 96, 4, 50, 41, 89, 48, 21, 61, 33, 7, 51, 29, 28, 55, 25, 92, 8, 69, 0, 74, 52, 2, 13, 34, 49, 64]|[1, 1, 0, 1, 1, 0, 2, 1, 2, 1, 2, 2, 2, 1, 0, 1, 0, 2, 2, 1, 2, 2, 1, 2, 2, 2, 2, 0, 0, 0, 1, 2, 1, 2, 1, 0, 2, 0, 1, 1, 0, 1, 1, 1, 0, 2, 1, 1, 0, 0, 0, 1, 1, 1, 2, 1, 2, 0, 0, 2, 1, 0, 1, 2, 1, 2, 1, 1, 1, 1, 1, 1, 0, 0, 2, 1, 0, 0, 1, 0, 0, 1, 2, 1, 0, 0, 0, 1, 1, 0, 0, 1, 0, 2, 1, 0, 0, 2, 0, 2]|[3, 0, 2, 3, 0, 1, 1, 2, 2, 4, 1, 1, 0, 4, 1, 4, 2, 1, 1, 1, 2, 2, 2, 1, 1, 1, 2, 1, 1, 2, 3, 2, 3, 1, 4, 0, 1, 1, 0, 3, 2, 2, 4, 0, 1, 1, 0, 4, 0, 1, 2, 3, 1, 4, 0, 3, 2, 1, 2, 1, 2, 1, 1, 1, 3, 0, 4, 3, 1, 4, 1, 1, 1, 2, 1, 4, 1, 1, 1, 1, 1, 3, 1, 1, 1, 1, 2, 4, 4, 2, 2, 3, 2, 1, 1, 2, 2, 1, 1, 1]|[2, 0, 1, 2, 3, 0, 0, 1, 1, 0, 0, 0, 0, 1, 0, 3, 1, 0, 0, 1, 1, 1, 2, 0, 0, 0, 1, 0, 1, 0, 0, 0, 0, 0, 3, 0, 1, 0, 0, 2, 1, 1, 2, 0, 0, 0, 0, 2, 1, 0, 0, 0, 1, 3, 0, 0, 1, 0, 1, 0, 1, 0, 1, 0, 2, 1, 0, 0, 1, 1, 3, 3, 0, 1, 0, 0, 0, 0, 1, 0, 0, 0, 0, 2, 0, 0, 1, 3, 3, 1, 1, 2, 0, 0, 1, 0, 0, 0, 1, 0],706.0425648885516,58640.99257008452,96849.50297129861,false
42,G4_BALANCED,G3_TWC,[31, 22, 82, 15, 26, 42, 58, 95, 77, 12, 47, 5, 93, 78, 98, 54, 85, 63, 18, 44, 20, 35, 43, 97, 91, 76, 10, 30, 21, 45, 71, 64, 1, 23, 17, 83, 24, 14, 60, 36, 6, 57, 94, 88, 65, 56, 79, 40, 67, 68, 46, 75, 38, 9, 19, 32, 81, 41, 27, 62, 90, 87, 59, 99, 28, 16, 72, 73, 70, 39, 37, 84, 3, 92, 25, 55, 11, 29, 51, 7, 33, 61, 86, 66, 89, 50, 69, 80, 53, 96, 4, 48, 34, 2, 52, 0, 13, 49, 8, 74]|[1, 1, 0, 1, 1, 2, 1, 2, 2, 1, 2, 2, 2, 1, 1, 0, 0, 1, 0, 2, 2, 0, 1, 2, 0, 1, 2, 2, 0, 0, 1, 2, 1, 2, 1, 0, 2, 0, 1, 1, 0, 1, 1, 1, 0, 2, 1, 1, 0, 0, 0, 0, 1, 1, 2, 1, 0, 0, 0, 0, 1, 2, 1, 0, 0, 1, 2, 1, 1, 1, 1, 1, 2, 0, 1, 1, 2, 0, 0, 1, 2, 1, 0, 2, 1, 0, 1, 0, 0, 0, 0, 0, 2, 0, 1, 0, 0, 0, 1, 2]|[4, 3, 2, 2, 0, 2, 2, 2, 2, 4, 1, 1, 2, 4, 4, 1, 1, 4, 2, 1, 1, 1, 1, 2, 1, 2, 1, 1, 2, 1, 3, 2, 3, 1, 4, 0, 1, 1, 0, 3, 2, 2, 4, 0, 1, 1, 0, 2, 0, 1, 2, 2, 1, 4, 0, 3, 1, 1, 1, 2, 3, 1, 1, 1, 2, 3, 0, 4, 3, 1, 4, 1, 1, 2, 4, 4, 1, 1, 1, 3, 1, 3, 1, 1, 1, 1, 3, 1, 2, 1, 2, 1, 1, 2, 1, 2, 2, 1, 3, 1]|[0, 2, 1, 1, 3, 0, 1, 0, 0, 0, 0, 0, 1, 0, 1, 0, 0, 3, 1, 0, 0, 0, 3, 1, 0, 2, 0, 0, 0, 1, 0, 0, 0, 0, 3, 0, 1, 0, 0, 2, 1, 1, 2, 0, 0, 0, 0, 1, 1, 0, 0, 0, 1, 3, 0, 0, 0, 0, 0, 1, 2, 0, 1, 0, 1, 2, 1, 0, 0, 1, 1, 3, 0, 1, 3, 3, 0, 0, 0, 2, 0, 0, 0, 0, 1, 0, 0, 0, 1, 0, 1, 0, 0, 0, 1, 0, 0, 1, 2, 0],819.0778430082623,56935.32872759042,90898.20754347793,true
42,G2_TEC,G2_TEC,[31, 22, 82, 15, 26, 9, 95, 42, 77, 68, 47, 5, 93, 78, 86, 54, 85, 63, 18, 44, 20, 49, 36, 14, 74, 69, 53, 17, 21, 28, 11, 64, 3, 23, 30, 83, 24, 41, 40, 52, 65, 27, 90, 70, 39, 87, 48, 50, 99, 4, 75, 1, 13, 58, 97, 59, 45, 8, 73, 37, 35, 79, 71, 66, 76, 32, 60, 80, 56, 6, 67, 61, 33, 7, 57, 34, 12, 16, 10, 98, 96, 88, 43, 46, 91, 38, 84, 29, 92, 19, 51, 55, 81, 89, 25, 72, 94, 2, 0, 62]|[2, 1, 2, 1, 1, 2, 1, 1, 1, 1, 1, 0, 2, 2, 1, 2, 0, 0, 0, 2, 2, 1, 0, 2, 0, 2, 2, 1, 0, 1, 1, 1, 0, 0, 1, 0, 2, 1, 2, 2, 0, 0, 1, 1, 0, 2, 0, 2, 1, 0, 0, 2, 0, 0, 2, 0, 1, 1, 0, 0, 2, 1, 1, 2, 2, 0, 2, 2, 2, 1, 2, 1, 1, 2, 0, 1, 1, 2, 1, 2, 0, 1, 1, 0, 1, 0, 0, 1, 0, 1, 1, 0, 1, 1, 1, 1, 2, 0, 2, 1]|[0, 3, 0, 3, 4, 1, 4, 4, 2, 4, 3, 2, 1, 0, 2, 1, 1, 1, 2, 1, 1, 3, 0, 1, 0, 1, 1, 4, 1, 4, 3, 2, 2, 0, 4, 1, 1, 4, 1, 1, 2, 1, 4, 4, 1, 1, 0, 1, 3, 2, 2, 1, 2, 1, 1, 2, 4, 3, 0, 2, 1, 3, 3, 1, 1, 2, 1, 1, 1, 4, 1, 3, 4, 1, 2, 4, 3, 1, 3, 1, 2, 4, 4, 2, 3, 2, 2, 3, 2, 4, 3, 2, 4, 4, 4, 4, 1, 2, 1, 3]|[0, 2, 0, 0, 3, 0, 1, 3, 0, 0, 2, 0, 1, 0, 1, 0, 0, 0, 1, 0, 0, 2, 0, 0, 1, 0, 0, 3, 0, 1, 0, 2, 0, 0, 3, 0, 1, 1, 0, 0, 0, 0, 1, 3, 0, 0, 1, 0, 2, 0, 0, 0, 0, 0, 1, 0, 1, 0, 1, 1, 0, 2, 0, 0, 0, 0, 0, 0, 0, 2, 0, 0, 1, 0, 0, 1, 0, 0, 3, 0, 0, 1, 2, 0, 0, 0, 0, 3, 0, 1, 0, 0, 2, 1, 3, 1, 0, 0, 0, 0],909.3663664047672,49130.68698135496,106883.34815259784,false
42,G3_TWC,G3_TWC,[31, 22, 82, 15, 26, 58, 95, 42, 77, 12, 47, 5, 93, 78, 98, 54, 85, 63, 18, 44, 20, 35, 43, 97, 91, 76, 10, 30, 21, 45, 71, 64, 1, 23, 17, 83, 24, 14, 60, 36, 6, 57, 94, 88, 65, 56, 79, 40, 67, 68, 46, 75, 39, 9, 19, 32, 81, 96, 27, 62, 87, 90, 99, 59, 11, 16, 72, 73, 70, 38, 37, 84, 3, 92, 25, 55, 28, 29, 51, 7, 33, 61, 86, 48, 89, 50, 69, 41, 53, 80, 4, 8, 34, 49, 52, 0, 13, 74, 2, 66]|[1, 1, 0, 1, 1, 1, 2, 1, 2, 1, 2, 2, 2, 1, 1, 0, 0, 1, 0, 2, 2, 0, 1, 2, 0, 1, 2, 2, 0, 0, 1, 2, 1, 2, 1, 0, 2, 0, 1, 1, 0, 1, 1, 1, 0, 2, 1, 1, 0, 0, 0, 0, 1, 1, 2, 1, 2, 0, 0, 0, 2, 1, 0, 1, 2, 1, 2, 1, 1, 1, 1, 1, 2, 0, 1, 1, 0, 0, 0, 1, 2, 1, 0, 0, 1, 0, 2, 0, 0, 0, 0, 1, 2, 0, 1, 0, 0, 0, 0, 2]|[4, 3, 2, 2, 0, 0, 2, 2, 2, 4, 1, 1, 2, 4, 4, 1, 1, 4, 2, 1, 1, 1, 1, 2, 1, 2, 1, 1, 1, 1, 3, 2, 3, 0, 4, 0, 1, 1, 0, 3, 2, 2, 4, 0, 1, 1, 0, 2, 0, 1, 2, 2, 1, 4, 0, 3, 2, 1, 1, 2, 1, 3, 1, 1, 1, 3, 0, 4, 3, 1, 4, 1, 1, 2, 4, 4, 2, 1, 1, 3, 1, 3, 1, 1, 1, 1, 1, 1, 2, 1, 2, 3, 1, 1, 1, 2, 2, 2, 2, 1]|[0, 2, 1, 1, 3, 3, 0, 1, 0, 0, 0, 0, 1, 0, 1, 0, 0, 3, 1, 0, 0, 0, 3, 1, 0, 2, 0, 0, 0, 1, 0, 0, 0, 0, 3, 0, 1, 0, 0, 2, 1, 1, 2, 0, 0, 0, 0, 1, 1, 0, 0, 0, 1, 3, 0, 0, 1, 0, 0, 1, 0, 2, 0, 1, 0, 2, 1, 0, 0, 1, 1, 3, 0, 1, 3, 3, 1, 0, 0, 2, 0, 0, 0, 0, 1, 0, 0, 0, 1, 0, 1, 2, 0, 1, 1, 0, 0, 0, 0, 0],833.2154215640596,57825.44465227681,88905.52377856613,false
42,G1_CMAX,G1_CMAX,[31, 22, 82, 90, 26, 58, 95, 42, 77, 12, 93, 5, 78, 86, 98, 18, 44, 20, 35, 3, 97, 91, 76, 10, 85, 30, 47, 54, 45, 63, 71, 66, 1, 23, 17, 83, 24, 14, 60, 36, 6, 57, 40, 88, 65, 56, 79, 94, 67, 68, 46, 75, 38, 9, 19, 32, 81, 27, 62, 87, 15, 99, 59, 11, 16, 72, 73, 70, 39, 37, 84, 43, 80, 53, 96, 4, 50, 41, 89, 48, 21, 61, 33, 7, 51, 29, 28, 55, 25, 92, 8, 69, 0, 74, 52, 2, 13, 34, 49, 64]|[1, 1, 0, 1, 1, 0, 2, 1, 2, 1, 2, 2, 2, 1, 0, 1, 0, 2, 2, 1, 2, 2, 1, 2, 2, 2, 2, 0, 0, 0, 1, 2, 1, 2, 1, 0, 2, 0, 1, 1, 0, 1, 1, 1, 0, 2, 1, 1, 0, 0, 0, 1, 1, 1, 2, 1, 2, 0, 0, 2, 1, 0, 1, 2, 1, 2, 1, 1, 1, 1, 1, 1, 0, 0, 2, 1, 0, 0, 1, 0, 0, 1, 2, 1, 0, 0, 0, 1, 1, 0, 0, 1, 0, 2, 1, 0, 0, 2, 0, 2]|[3, 0, 2, 3, 0, 1, 1, 2, 2, 4, 1, 1, 0, 4, 1, 4, 2, 1, 1, 1, 2, 2, 2, 1, 1, 1, 2, 1, 1, 2, 3, 2, 3, 1, 4, 0, 1, 1, 0, 3, 2, 2, 4, 0, 1, 1, 0, 4, 0, 1, 2, 3, 1, 4, 0, 3, 2, 1, 2, 1, 2, 1, 1, 1, 3, 0, 4, 3, 1, 4, 1, 1, 1, 2, 1, 4, 1, 1, 1, 1, 1, 3, 1, 1, 1, 1, 2, 4, 4, 2, 2, 3, 2, 1, 1, 2, 2, 1, 1, 1]|[2, 0, 1, 2, 3, 0, 0, 1, 1, 0, 0, 0, 0, 1, 0, 3, 1, 0, 0, 1, 1, 1, 2, 0, 0, 0, 1, 0, 1, 0, 0, 0, 0, 0, 3, 0, 1, 0, 0, 2, 1, 1, 2, 0, 0, 0, 0, 2, 1, 0, 0, 0, 1, 3, 0, 0, 1, 0, 1, 0, 1, 0, 1, 0, 2, 1, 0, 0, 1, 1, 3, 3, 0, 1, 0, 0, 0, 0, 1, 0, 0, 0, 0, 2, 0, 0, 1, 3, 3, 1, 1, 2, 0, 0, 1, 0, 0, 0, 1, 0],706.0425648885516,58640.99257008452,96849.50297129861,false
42,G4_BALANCED,G1_CMAX,[22, 82, 3, 58, 95, 42, 77, 47, 5, 93, 78, 12, 86, 54, 50, 63, 18, 44, 20, 35, 43, 97, 91, 76, 10, 30, 21, 45, 71, 64, 36, 23, 17, 83, 24, 14, 60, 1, 6, 40, 57, 90, 65, 56, 79, 94, 67, 68, 46, 75, 38, 9, 19, 32, 81, 41, 27, 62, 16, 55, 59, 89, 88, 87, 31, 72, 73, 70, 39, 37, 84, 92, 25, 11, 48, 15, 29, 51, 7, 33, 61, 98, 28, 99, 26, 85, 66, 96, 53, 80, 4, 8, 34, 49, 52, 2, 13, 0, 69, 74]|[1, 0, 1, 0, 1, 2, 2, 2, 2, 2, 1, 1, 1, 0, 0, 1, 0, 2, 2, 0, 1, 2, 0, 1, 2, 2, 0, 0, 1, 2, 1, 2, 1, 0, 2, 0, 1, 1, 0, 1, 1, 1, 0, 2, 1, 1, 0, 0, 0, 0, 1, 1, 2, 1, 2, 0, 0, 0, 1, 2, 1, 1, 1, 1, 1, 2, 1, 2, 1, 1, 1, 0, 1, 2, 2, 1, 0, 0, 1, 2, 1, 2, 0, 1, 1, 0, 0, 2, 0, 0, 1, 1, 2, 0, 1, 0, 0, 0, 1, 2]|[3, 2, 1, 1, 2, 1, 2, 1, 1, 2, 4, 4, 4, 1, 1, 4, 2, 1, 1, 1, 1, 2, 1, 2, 1, 1, 2, 1, 3, 2, 3, 1, 4, 1, 1, 1, 0, 3, 2, 2, 2, 3, 1, 1, 0, 4, 0, 1, 2, 2, 1, 4, 0, 3, 2, 1, 1, 2, 3, 1, 1, 1, 0, 3, 0, 0, 3, 0, 1, 4, 1, 0, 4, 1, 1, 4, 1, 1, 1, 1, 3, 1, 2, 1, 0, 2, 1, 1, 2, 1, 4, 3, 1, 1, 1, 2, 2, 2, 4, 1]|[3, 1, 2, 0, 1, 0, 0, 0, 0, 1, 0, 0, 1, 0, 0, 3, 1, 0, 0, 0, 3, 1, 0, 2, 0, 0, 0, 1, 0, 0, 2, 0, 3, 0, 1, 0, 0, 0, 1, 1, 1, 2, 0, 0, 0, 2, 1, 0, 0, 0, 1, 3, 0, 0, 1, 0, 0, 1, 2, 0, 1, 1, 0, 2, 0, 1, 0, 1, 1, 1, 1, 1, 3, 0, 0, 3, 0, 0, 2, 0, 0, 0, 1, 1, 3, 0, 0, 0, 1, 0, 0, 2, 0, 1, 1, 0, 0, 0, 2, 0],715.7913946700162,58060.95961022334,95287.06515100288,true
42,G2_TEC,G2_TEC,[31, 22, 82, 15, 26, 9, 95, 42, 77, 68, 47, 5, 93, 78, 86, 54, 85, 63, 18, 44, 20, 49, 36, 14, 74, 69, 53, 17, 21, 28, 11, 64, 3, 23, 30, 83, 24, 41, 40, 52, 65, 27, 90, 70, 39, 87, 48, 50, 99, 4, 75, 1, 13, 58, 97, 59, 45, 8, 73, 37, 35, 79, 71, 66, 76, 32, 60, 80, 56, 6, 67, 61, 33, 7, 57, 34, 12, 16, 10, 98, 96, 88, 43, 46, 91, 38, 84, 29, 92, 19, 51, 55, 81, 89, 25, 72, 94, 2, 0, 62]|[2, 1, 2, 1, 1, 2, 1, 1, 1, 1, 1, 0, 2, 2, 1, 2, 0, 0, 0, 2, 2, 1, 0, 2, 0, 2, 2, 1, 0, 1, 1, 1, 0, 0, 1, 0, 2, 1, 2, 2, 0, 0, 1, 1, 0, 2, 0, 2, 1, 0, 0, 2, 0, 0, 2, 0, 1, 1, 0, 0, 2, 1, 1, 2, 2, 0, 2, 2, 2, 1, 2, 1, 1, 2, 0, 1, 1, 2, 1, 2, 0, 1, 1, 0, 1, 0, 0, 1, 0, 1, 1, 0, 1, 1, 1, 1, 2, 0, 2, 1]|[0, 3, 0, 3, 4, 1, 4, 4, 2, 4, 3, 2, 1, 0, 2, 1, 1, 1, 2, 1, 1, 3, 0, 1, 0, 1, 1, 4, 1, 4, 3, 2, 2, 0, 4, 1, 1, 4, 1, 1, 2, 1, 4, 4, 1, 1, 0, 1, 3, 2, 2, 1, 2, 1, 1, 2, 4, 3, 0, 2, 1, 3, 3, 1, 1, 2, 1, 1, 1, 4, 1, 3, 4, 1, 2, 4, 3, 1, 3, 1, 2, 4, 4, 2, 3, 2, 2, 3, 2, 4, 3, 2, 4, 4, 4, 4, 1, 2, 1, 3]|[0, 2, 0, 0, 3, 0, 1, 3, 0, 0, 2, 0, 1, 0, 1, 0, 0, 0, 1, 0, 0, 2, 0, 0, 1, 0, 0, 3, 0, 1, 0, 2, 0, 0, 3, 0, 1, 1, 0, 0, 0, 0, 1, 3, 0, 0, 1, 0, 2, 0, 0, 0, 0, 0, 1, 0, 1, 0, 1, 1, 0, 2, 0, 0, 0, 0, 0, 0, 0, 2, 0, 0, 1, 0, 0, 1, 0, 0, 3, 0, 0, 1, 2, 0, 0, 0, 0, 3, 0, 1, 0, 0, 2, 1, 3, 1, 0, 0, 0, 0],909.3663664047672,49130.68698135496,106883.34815259784,false
42,G3_TWC,G3_TWC,[31, 22, 82, 15, 26, 58, 95, 42, 77, 12, 47, 5, 93, 78, 98, 54, 85, 63, 18, 44, 20, 35, 43, 97, 91, 76, 10, 30, 21, 45, 71, 64, 1, 23, 17, 83, 24, 14, 60, 36, 6, 57, 94, 88, 65, 56, 79, 40, 67, 68, 46, 75, 39, 9, 19, 32, 81, 96, 27, 62, 87, 90, 99, 59, 11, 16, 72, 73, 70, 38, 37, 84, 3, 92, 25, 55, 28, 29, 51, 7, 33, 61, 86, 48, 89, 50, 69, 41, 53, 80, 4, 8, 34, 49, 52, 0, 13, 74, 2, 66]|[1, 1, 0, 1, 1, 1, 2, 1, 2, 1, 2, 2, 2, 1, 1, 0, 0, 1, 0, 2, 2, 0, 1, 2, 0, 1, 2, 2, 0, 0, 1, 2, 1, 2, 1, 0, 2, 0, 1, 1, 0, 1, 1, 1, 0, 2, 1, 1, 0, 0, 0, 0, 1, 1, 2, 1, 2, 0, 0, 0, 2, 1, 0, 1, 2, 1, 2, 1, 1, 1, 1, 1, 2, 0, 1, 1, 0, 0, 0, 1, 2, 1, 0, 0, 1, 0, 2, 0, 0, 0, 0, 1, 2, 0, 1, 0, 0, 0, 0, 2]|[4, 3, 2, 2, 0, 0, 2, 2, 2, 4, 1, 1, 2, 4, 4, 1, 1, 4, 2, 1, 1, 1, 1, 2, 1, 2, 1, 1, 1, 1, 3, 2, 3, 0, 4, 0, 1, 1, 0, 3, 2, 2, 4, 0, 1, 1, 0, 2, 0, 1, 2, 2, 1, 4, 0, 3, 2, 1, 1, 2, 1, 3, 1, 1, 1, 3, 0, 4, 3, 1, 4, 1, 1, 2, 4, 4, 2, 1, 1, 3, 1, 3, 1, 1, 1, 1, 1, 1, 2, 1, 2, 3, 1, 1, 1, 2, 2, 2, 2, 1]|[0, 2, 1, 1, 3, 3, 0, 1, 0, 0, 0, 0, 1, 0, 1, 0, 0, 3, 1, 0, 0, 0, 3, 1, 0, 2, 0, 0, 0, 1, 0, 0, 0, 0, 3, 0, 1, 0, 0, 2, 1, 1, 2, 0, 0, 0, 0, 1, 1, 0, 0, 0, 1, 3, 0, 0, 1, 0, 0, 1, 0, 2, 0, 1, 0, 2, 1, 0, 0, 1, 1, 3, 0, 1, 3, 3, 1, 0, 0, 2, 0, 0, 0, 0, 1, 0, 0, 0, 1, 0, 1, 2, 0, 1, 1, 0, 0, 0, 0, 0],833.2154215640596,57825.44465227681,88905.52377856613,false
42,G1_CMAX,G1_CMAX,[31, 22, 82, 90, 26, 58, 95, 42, 77, 12, 93, 5, 78, 86, 98, 18, 44, 20, 35, 3, 97, 91, 76, 10, 85, 30, 47, 54, 45, 63, 71, 66, 1, 23, 17, 83, 24, 14, 60, 36, 6, 57, 40, 88, 65, 56, 79, 94, 67, 68, 46, 75, 38, 9, 19, 32, 81, 27, 62, 87, 15, 99, 59, 11, 16, 72, 73, 70, 39, 37, 84, 43, 80, 53, 96, 4, 50, 41, 89, 48, 21, 61, 33, 7, 51, 29, 28, 55, 25, 92, 8, 69, 0, 74, 52, 2, 13, 34, 49, 64]|[1, 1, 0, 1, 1, 0, 2, 1, 2, 1, 2, 2, 2, 1, 0, 1, 0, 2, 2, 1, 2, 2, 1, 2, 2, 2, 2, 0, 0, 0, 1, 2, 1, 2, 1, 0, 2, 0, 1, 1, 0, 1, 1, 1, 0, 2, 1, 1, 0, 0, 0, 1, 1, 1, 2, 1, 2, 0, 0, 2, 1, 0, 1, 2, 1, 2, 1, 1, 1, 1, 1, 1, 0, 0, 2, 1, 0, 0, 1, 0, 0, 1, 2, 1, 0, 0, 0, 1, 1, 0, 0, 1, 0, 2, 1, 0, 0, 2, 0, 2]|[3, 0, 2, 3, 0, 1, 1, 2, 2, 4, 1, 1, 0, 4, 1, 4, 2, 1, 1, 1, 2, 2, 2, 1, 1, 1, 2, 1, 1, 2, 3, 2, 3, 1, 4, 0, 1, 1, 0, 3, 2, 2, 4, 0, 1, 1, 0, 4, 0, 1, 2, 3, 1, 4, 0, 3, 2, 1, 2, 1, 2, 1, 1, 1, 3, 0, 4, 3, 1, 4, 1, 1, 1, 2, 1, 4, 1, 1, 1, 1, 1, 3, 1, 1, 1, 1, 2, 4, 4, 2, 2, 3, 2, 1, 1, 2, 2, 1, 1, 1]|[2, 0, 1, 2, 3, 0, 0, 1, 1, 0, 0, 0, 0, 1, 0, 3, 1, 0, 0, 1, 1, 1, 2, 0, 0, 0, 1, 0, 1, 0, 0, 0, 0, 0, 3, 0, 1, 0, 0, 2, 1, 1, 2, 0, 0, 0, 0, 2, 1, 0, 0, 0, 1, 3, 0, 0, 1, 0, 1, 0, 1, 0, 1, 0, 2, 1, 0, 0, 1, 1, 3, 3, 0, 1, 0, 0, 0, 0, 1, 0, 0, 0, 0, 2, 0, 0, 1, 3, 3, 1, 1, 2, 0, 0, 1, 0, 0, 0, 1, 0],706.0425648885516,58640.99257008452,96849.50297129861,false
42,G4_BALANCED,G3_TWC,[31, 22, 82, 15, 26, 58, 95, 42, 77, 12, 47, 5, 93, 78, 98, 54, 85, 63, 18, 44, 20, 35, 43, 97, 91, 76, 10, 30, 21, 61, 71, 64, 1, 23, 17, 83, 24, 14, 60, 36, 6, 57, 94, 88, 65, 56, 79, 40, 67, 68, 46, 75, 38, 9, 19, 32, 81, 41, 27, 62, 87, 90, 99, 59, 11, 16, 72, 73, 70, 39, 37, 84, 3, 92, 25, 55, 28, 29, 51, 7, 33, 45, 48, 66, 89, 50, 86, 96, 53, 80, 4, 8, 34, 49, 52, 0, 13, 2, 69, 74]|[1, 1, 0, 1, 1, 1, 2, 1, 2, 1, 2, 2, 2, 1, 1, 0, 0, 1, 0, 2, 2, 0, 0, 2, 0, 1, 2, 2, 0, 0, 1, 2, 1, 2, 1, 0, 2, 0, 1, 1, 0, 1, 1, 1, 0, 2, 1, 1, 0, 0, 0, 0, 1, 1, 2, 1, 2, 0, 0, 0, 2, 1, 1, 2, 2, 1, 2, 1, 1, 1, 1, 1, 2, 0, 1, 1, 0, 0, 0, 1, 2, 1, 0, 2, 1, 0, 0, 0, 0, 0, 0, 1, 2, 0, 1, 0, 0, 0, 1, 2]|[4, 3, 2, 2, 0, 0, 2, 2, 2, 4, 1, 1, 2, 4, 4, 1, 1, 4, 2, 1, 1, 1, 1, 2, 1, 2, 1, 1, 1, 1, 3, 2, 3, 0, 4, 0, 1, 1, 0, 3, 2, 2, 4, 0, 1, 1, 0, 2, 0, 1, 2, 2, 1, 4, 0, 3, 2, 1, 1, 1, 1, 3, 1, 1, 1, 3, 0, 4, 3, 1, 4, 1, 1, 2, 4, 4, 2, 1, 1, 3, 1, 3, 1, 1, 1, 1, 1, 1, 2, 1, 2, 3, 1, 1, 1, 2, 2, 2, 3, 1]|[0, 2, 1, 1, 3, 3, 0, 1, 0, 0, 0, 0, 1, 0, 1, 0, 0, 3, 1, 0, 0, 0, 0, 1, 0, 2, 0, 0, 0, 1, 0, 0, 0, 0, 3, 0, 1, 0, 0, 2, 1, 1, 2, 0, 0, 0, 0, 1, 1, 0, 0, 0, 1, 3, 0, 0, 1, 0, 0, 0, 0, 2, 1, 0, 0, 2, 1, 0, 0, 1, 1, 3, 0, 1, 3, 3, 1, 0, 0, 2, 0, 0, 0, 0, 1, 0, 0, 0, 1, 0, 1, 2, 0, 1, 1, 0, 0, 0, 0, 0],786.1574510680352,57196.372507870794,91050.60679155638,true
42,G2_TEC,G2_TEC,[31, 22, 82, 15, 26, 9, 95, 42, 77, 68, 47, 5, 93, 78, 86, 54, 85, 63, 18, 44, 20, 49, 36, 14, 74, 50, 53, 17, 21, 28, 11, 64, 3, 23, 30, 83, 24, 41, 40, 52, 65, 27, 90, 70, 39, 87, 48, 69, 99, 4, 46, 1, 13, 58, 97, 59, 45, 8, 73, 37, 35, 79, 71, 66, 76, 32, 60, 80, 56, 6, 67, 61, 33, 7, 57, 34, 12, 16, 10, 98, 96, 88, 43, 75, 91, 2, 84, 29, 92, 19, 51, 89, 81, 55, 25, 62, 94, 38, 0, 72]|[2, 1, 2, 1, 1, 2, 1, 1, 1, 1, 1, 0, 2, 2, 1, 2, 0, 0, 0, 2, 2, 1, 0, 2, 0, 2, 2, 1, 0, 1, 1, 1, 0, 0, 1, 0, 2, 1, 2, 2, 0, 0, 1, 1, 0, 2, 0, 2, 1, 0, 0, 2, 0, 0, 2, 0, 1, 1, 0, 0, 2, 1, 1, 2, 2, 0, 2, 2, 2, 1, 2, 1, 1, 2, 0, 1, 1, 2, 1, 2, 0, 1, 1, 0, 1, 0, 0, 1, 0, 1, 1, 1, 1, 0, 1, 1, 2, 0, 2, 1]|[0, 3, 0, 3, 4, 1, 4, 4, 2, 4, 3, 2, 1, 0, 2, 1, 1, 1, 2, 1, 1, 3, 0, 1, 0, 1, 1, 4, 1, 4, 3, 2, 2, 0, 4, 1, 1, 4, 1, 1, 2, 1, 4, 4, 1, 1, 0, 1, 3, 2, 2, 1, 2, 1, 1, 2, 4, 3, 0, 2, 2, 3, 3, 1, 1, 2, 1, 1, 1, 4, 1, 3, 4, 1, 2, 4, 3, 1, 3, 1, 2, 4, 4, 2, 3, 2, 2, 3, 2, 4, 3, 4, 4, 2, 4, 3, 1, 2, 1, 4]|[0, 2, 0, 0, 3, 0, 1, 3, 0, 0, 2, 0, 1, 0, 1, 0, 0, 0, 1, 0, 0, 2, 0, 0, 1, 0, 0, 3, 0, 1, 0, 2, 0, 0, 3, 0, 1, 1, 0, 0, 0, 0, 1, 3, 0, 0, 1, 0, 2, 0, 0, 0, 0, 0, 1, 0, 1, 0, 1, 1, 0, 2, 0, 0, 0, 0, 0, 0, 0, 2, 0, 0, 1, 0, 0, 1, 0, 0, 3, 0, 0, 1, 2, 0, 0, 0, 0, 3, 0, 1, 0, 1, 2, 0, 3, 0, 0, 0, 0, 1],900.9997008912425,49128.48688595175,106795.87604151538,false
42,G3_TWC,G3_TWC,[31, 22, 82, 15, 26, 58, 95, 42, 77, 12, 47, 5, 93, 78, 98, 54, 85, 63, 18, 44, 20, 35, 43, 97, 91, 76, 10, 30, 21, 45, 71, 64, 1, 23, 17, 83, 24, 14, 60, 36, 6, 57, 94, 88, 65, 56, 79, 40, 67, 68, 46, 75, 38, 9, 19, 32, 81, 41, 27, 62, 87, 90, 99, 59, 11, 16, 72, 73, 70, 39, 37, 84, 3, 92, 25, 55, 28, 29, 51, 7, 66, 61, 86, 48, 89, 50, 33, 96, 53, 80, 4, 8, 34, 49, 52, 0, 13, 2, 69, 74]|[1, 1, 0, 1, 1, 1, 2, 1, 2, 1, 2, 2, 2, 1, 1, 0, 0, 1, 0, 2, 2, 0, 1, 2, 0, 1, 2, 2, 0, 0, 1, 2, 1, 2, 1, 0, 2, 0, 1, 1, 0, 1, 1, 1, 0, 2, 1, 1, 0, 0, 0, 0, 1, 1, 2, 1, 2, 0, 0, 0, 2, 1, 0, 1, 2, 1, 2, 1, 1, 1, 1, 1, 2, 0, 1, 1, 0, 0, 0, 1, 2, 1, 0, 0, 1, 0, 2, 0, 0, 0, 0, 1, 2, 0, 1, 0, 0, 0, 1, 2]|[4, 3, 2, 2, 0, 0, 2, 2, 2, 4, 1, 1, 2, 4, 4, 1, 1, 4, 2, 1, 1, 1, 1, 2, 1, 2, 1, 1, 1, 1, 3, 2, 3, 0, 4, 0, 1, 1, 0, 3, 2, 2, 4, 0, 1, 1, 0, 2, 0, 1, 2, 2, 1, 4, 0, 3, 2, 1, 1, 2, 1, 3, 1, 1, 1, 3, 0, 4, 3, 1, 4, 1, 1, 2, 4, 4, 2, 1, 1, 3, 1, 3, 1, 1, 1, 1, 1, 1, 2, 1, 2, 3, 1, 1, 1, 2, 2, 2, 3, 1]|[0, 2, 1, 1, 3, 3, 0, 1, 0, 0, 0, 0, 1, 0, 1, 0, 0, 3, 1, 0, 0, 0, 3, 1, 0, 2, 0, 0, 0, 1, 0, 0, 0, 0, 3, 0, 1, 0, 0, 2, 1, 1, 2, 0, 0, 0, 0, 1, 1, 0, 0, 0, 1, 3, 0, 0, 1, 0, 0, 1, 0, 2, 0, 1, 0, 2, 1, 0, 0, 1, 1, 3, 0, 1, 3, 3, 1, 0, 0, 2, 0, 0, 0, 0, 1, 0, 0, 0, 1, 0, 1, 2, 0, 1, 1, 0, 0, 0, 0, 0],790.1170626932459,57941.41256001445,88955.35873301845,false
42,G1_CMAX,G1_CMAX,[31, 22, 82, 90, 26, 58, 95, 42, 77, 12, 93, 5, 78, 86, 98, 18, 44, 20, 35, 3, 97, 91, 76, 10, 85, 30, 47, 54, 45, 63, 71, 66, 1, 23, 17, 83, 24, 14, 60, 36, 6, 57, 40, 88, 65, 56, 79, 94, 67, 68, 46, 75, 38, 9, 19, 32, 81, 27, 62, 87, 15, 99, 59, 11, 16, 72, 73, 70, 39, 37, 84, 43, 80, 53, 96, 4, 50, 41, 89, 48, 21, 61, 33, 7, 51, 29, 28, 55, 25, 92, 8, 69, 0, 74, 52, 2, 13, 34, 49, 64]|[1, 1, 0, 1, 1, 0, 2, 1, 2, 1, 2, 2, 2, 1, 0, 1, 0, 2, 2, 1, 2, 2, 1, 2, 2, 2, 2, 0, 0, 0, 1, 2, 1, 2, 1, 0, 2, 0, 1, 1, 0, 1, 1, 1, 0, 2, 1, 1, 0, 0, 0, 1, 1, 1, 2, 1, 2, 0, 0, 2, 1, 0, 1, 2, 1, 2, 1, 1, 1, 1, 1, 1, 0, 0, 2, 1, 0, 0, 1, 0, 0, 1, 2, 1, 0, 0, 0, 1, 1, 0, 0, 1, 0, 2, 1, 0, 0, 2, 0, 2]|[3, 0, 2, 3, 0, 1, 1, 2, 2, 4, 1, 1, 0, 4, 1, 4, 2, 1, 1, 1, 2, 2, 2, 1, 1, 1, 2, 1, 1, 2, 3, 2, 3, 1, 4, 0, 1, 1, 0, 3, 2, 2, 4, 0, 1, 1, 0, 4, 0, 1, 2, 3, 1, 4, 0, 3, 2, 1, 2, 1, 2, 1, 1, 1, 3, 0, 4, 3, 1, 4, 1, 1, 1, 2, 1, 4, 1, 1, 1, 1, 1, 3, 1, 1, 1, 1, 2, 4, 4, 2, 2, 3, 2, 1, 1, 2, 2, 1, 1, 1]|[2, 0, 1, 2, 3, 0, 0, 1, 1, 0, 0, 0, 0, 1, 0, 3, 1, 0, 0, 1, 1, 1, 2, 0, 0, 0, 1, 0, 1, 0, 0, 0, 0, 0, 3, 0, 1, 0, 0, 2, 1, 1, 2, 0, 0, 0, 0, 2, 1, 0, 0, 0, 1, 3, 0, 0, 1, 0, 1, 0, 1, 0, 1, 0, 2, 1, 0, 0, 1, 1, 3, 3, 0, 1, 0, 0, 0, 0, 1, 0, 0, 0, 0, 2, 0, 0, 1, 3, 3, 1, 1, 2, 0, 0, 1, 0, 0, 0, 1, 0],706.0425648885516,58640.99257008452,96849.50297129861,false
42,G4_BALANCED,G4_BALANCED,[31, 22, 82, 15, 26, 58, 95, 27, 77, 12, 47, 5, 93, 78, 98, 54, 85, 63, 18, 44, 20, 35, 43, 97, 91, 76, 10, 30, 21, 45, 71, 64, 1, 23, 17, 83, 24, 14, 60, 36, 6, 57, 94, 88, 65, 56, 79, 40, 67, 68, 46, 75, 38, 9, 19, 32, 81, 41, 42, 62, 87, 90, 99, 59, 11, 16, 72, 73, 70, 39, 37, 84, 3, 92, 25, 55, 28, 29, 51, 7, 33, 61, 86, 48, 89, 50, 66, 80, 53, 96, 4, 8, 34, 49, 52, 0, 13, 2, 69, 74]|[1, 1, 0, 1, 1, 1, 2, 1, 2, 1, 2, 2, 2, 1, 1, 0, 0, 1, 0, 2, 2, 0, 1, 2, 0, 1, 2, 2, 0, 0, 1, 2, 1, 2, 1, 0, 2, 0, 1, 1, 0, 1, 1, 1, 0, 2, 1, 1, 0, 0, 0, 0, 1, 1, 2, 1, 2, 0, 0, 0, 2, 1, 0, 1, 2, 1, 2, 1, 1, 1, 1, 1, 2, 0, 1, 1, 0, 0, 0, 1, 2, 1, 0, 0, 1, 0, 2, 0, 0, 0, 0, 1, 2, 0, 1, 0, 0, 0, 1, 2]|[4, 3, 2, 2, 0, 0, 2, 2, 2, 4, 1, 1, 2, 4, 4, 1, 2, 4, 2, 1, 1, 1, 1, 2, 1, 2, 1, 1, 1, 1, 3, 2, 3, 0, 4, 0, 1, 1, 0, 3, 2, 2, 4, 0, 1, 1, 0, 2, 0, 1, 2, 2, 1, 4, 0, 3, 2, 1, 1, 2, 1, 3, 1, 1, 1, 3, 0, 4, 3, 1, 4, 1, 1, 2, 4, 4, 2, 1, 1, 3, 1, 3, 1, 1, 1, 1, 1, 1, 2, 1, 2, 3, 1, 1, 1, 2, 2, 2, 3, 1]|[0, 2, 1, 1, 3, 3, 0, 1, 0, 0, 0, 0, 1, 0, 1, 0, 0, 3, 1, 0, 0, 0, 3, 1, 0, 2, 0, 0, 0, 1, 0, 0, 0, 0, 3, 0, 1, 0, 0, 2, 1, 1, 2, 0, 0, 0, 0, 1, 1, 0, 0, 0, 1, 3, 0, 0, 1, 0, 0, 1, 0, 2, 0, 1, 0, 2, 1, 0, 0, 1, 1, 3, 0, 1, 3, 3, 1, 0, 0, 2, 0, 0, 0, 0, 1, 0, 0, 0, 1, 0, 1, 2, 0, 1, 1, 0, 0, 0, 0, 0],815.9774317631425,57522.176129296815,89221.5317660663,false
42,G2_TEC,G2_TEC,[31, 22, 82, 15, 26, 9, 95, 42, 77, 68, 47, 5, 93, 78, 86, 54, 85, 63, 18, 44, 20, 49, 36, 14, 74, 50, 53, 17, 21, 28, 11, 64, 3, 23, 30, 83, 24, 41, 40, 52, 65, 27, 90, 70, 39, 87, 48, 69, 99, 4, 46, 1, 13, 58, 97, 59, 45, 8, 73, 37, 35, 79, 71, 66, 76, 32, 60, 80, 56, 6, 67, 61, 33, 7, 57, 34, 12, 16, 10, 98, 96, 88, 43, 75, 91, 2, 84, 29, 92, 19, 51, 89, 81, 55, 25, 62, 94, 38, 0, 72]|[2, 1, 2, 1, 1, 2, 1, 1, 1, 1, 1, 0, 2, 2, 1, 2, 0, 0, 0, 2, 2, 1, 0, 2, 0, 2, 2, 1, 0, 1, 1, 1, 0, 0, 1, 0, 2, 1, 2, 2, 0, 0, 1, 1, 0, 2, 0, 2, 1, 0, 0, 2, 0, 0, 2, 0, 1, 1, 0, 0, 2, 1, 1, 2, 2, 0, 2, 2, 2, 1, 2, 1, 1, 2, 0, 1, 1, 2, 1, 2, 0, 1, 1, 0, 1, 0, 0, 1, 0, 1, 1, 1, 1, 0, 1, 1, 2, 0, 2, 1]|[0, 3, 0, 3, 4, 1, 4, 4, 2, 4, 3, 2, 1, 0, 2, 1, 1, 1, 2, 1, 1, 3, 0, 1, 0, 1, 1, 4, 1, 4, 3, 2, 2, 0, 4, 1, 1, 4, 1, 1, 2, 1, 4, 4, 1, 1, 0, 1, 3, 2, 2, 1, 2, 1, 1, 2, 4, 3, 0, 2, 2, 3, 3, 1, 1, 2, 1, 1, 1, 4, 1, 3, 4, 1, 2, 4, 3, 1, 3, 1, 2, 4, 4, 2, 3, 2, 2, 3, 2, 4, 3, 4, 4, 2, 4, 3, 1, 2, 1, 4]|[0, 2, 0, 0, 3, 0, 1, 3, 0, 0, 2, 0, 1, 0, 1, 0, 0, 0, 1, 0, 0, 2, 0, 0, 1, 0, 0, 3, 0, 1, 0, 2, 0, 0, 3, 0, 1, 1, 0, 0, 0, 0, 1, 3, 0, 0, 1, 0, 2, 0, 0, 0, 0, 0, 1, 0, 1, 0, 1, 1, 0, 2, 0, 0, 0, 0, 0, 0, 0, 2, 0, 0, 1, 0, 0, 1, 0, 0, 3, 0, 0, 1, 2, 0, 0, 0, 0, 3, 0, 1, 0, 1, 2, 0, 3, 0, 0, 0, 0, 1],900.9997008912425,49128.48688595175,106795.87604151538,false
42,G3_TWC,G3_TWC,[31, 22, 82, 15, 26, 58, 95, 42, 77, 12, 47, 5, 93, 78, 98, 54, 85, 63, 18, 44, 20, 35, 43, 86, 91, 76, 10, 30, 21, 45, 71, 64, 1, 23, 17, 83, 24, 14, 60, 36, 6, 57, 94, 88, 65, 56, 79, 40, 67, 68, 46, 75, 38, 9, 19, 32, 81, 41, 27, 62, 87, 90, 99, 59, 11, 16, 72, 73, 70, 39, 37, 84, 3, 92, 25, 55, 28, 29, 51, 7, 33, 61, 97, 66, 89, 50, 48, 96, 53, 80, 8, 4, 34, 49, 52, 2, 13, 0, 69, 74]|[1, 1, 0, 1, 1, 1, 2, 1, 2, 1, 2, 2, 2, 1, 1, 0, 0, 1, 0, 2, 2, 0, 1, 2, 0, 1, 2, 2, 0, 0, 1, 2, 1, 2, 1, 0, 2, 0, 1, 1, 0, 1, 1, 1, 0, 2, 1, 1, 0, 0, 0, 0, 1, 1, 2, 1, 2, 0, 0, 0, 2, 1, 0, 1, 2, 1, 2, 1, 1, 1, 1, 1, 2, 0, 1, 1, 0, 0, 0, 1, 2, 1, 2, 2, 1, 0, 0, 0, 0, 0, 1, 0, 2, 0, 1, 0, 0, 0, 1, 2]|[4, 3, 2, 2, 0, 0, 2, 2, 2, 4, 1, 1, 2, 4, 4, 1, 1, 4, 2, 1, 1, 1, 1, 2, 1, 2, 1, 1, 1, 1, 3, 2, 3, 0, 4, 0, 1, 1, 0, 3, 2, 2, 4, 0, 1, 1, 0, 2, 0, 1, 2, 2, 1, 4, 0, 3, 2, 1, 1, 2, 1, 3, 1, 1, 1, 3, 0, 4, 3, 1, 4, 1, 1, 2, 4, 4, 2, 1, 1, 3, 1, 3, 2, 1, 1, 1, 1, 1, 2, 1, 3, 2, 1, 1, 1, 2, 2, 2, 3, 1]|[0, 2, 1, 1, 3, 3, 0, 1, 0, 0, 0, 0, 1, 0, 1, 0, 0, 3, 1, 0, 0, 0, 3, 1, 0, 2, 0, 0, 0, 1, 0, 0, 0, 0, 3, 0, 1, 0, 0, 2, 1, 1, 2, 0, 0, 0, 0, 1, 1, 0, 0, 0, 1, 3, 0, 0, 1, 0, 0, 1, 0, 2, 0, 1, 0, 2, 1, 0, 0, 1, 1, 3, 0, 1, 3, 3, 1, 0, 0, 2, 0, 0, 1, 0, 1, 0, 0, 0, 1, 0, 2, 1, 0, 1, 1, 0, 0, 0, 0, 0],769.3675528023551,58442.12874530247,89320.05883222428,false
42,G1_CMAX,G1_CMAX,[31, 22, 82, 90, 26, 58, 95, 42, 77, 12, 93, 5, 78, 86, 98, 18, 44, 20, 35, 3, 97, 91, 76, 10, 85, 30, 47, 54, 45, 63, 71, 66, 1, 23, 17, 83, 24, 14, 60, 36, 6, 57, 40, 88, 65, 56, 79, 94, 67, 68, 46, 75, 38, 9, 19, 32, 81, 27, 62, 87, 15, 99, 59, 11, 16, 72, 73, 70, 39, 37, 84, 43, 80, 53, 96, 4, 50, 41, 89, 48, 21, 61, 33, 7, 51, 29, 28, 55, 25, 92, 8, 69, 0, 74, 52, 2, 13, 34, 49, 64]|[1, 1, 0, 1, 1, 0, 2, 1, 2, 1, 2, 2, 2, 1, 0, 1, 0, 2, 2, 1, 2, 2, 1, 2, 2, 2, 2, 0, 0, 0, 1, 2, 1, 2, 1, 0, 2, 0, 1, 1, 0, 1, 1, 1, 0, 2, 1, 1, 0, 0, 0, 1, 1, 1, 2, 1, 2, 0, 0, 2, 1, 0, 1, 2, 1, 2, 1, 1, 1, 1, 1, 1, 0, 0, 2, 1, 0, 0, 1, 0, 0, 1, 2, 1, 0, 0, 0, 1, 1, 0, 0, 1, 0, 2, 1, 0, 0, 2, 0, 2]|[3, 0, 2, 3, 0, 1, 1, 2, 2, 4, 1, 1, 0, 4, 1, 4, 2, 1, 1, 1, 2, 2, 2, 1, 1, 1, 2, 1, 1, 2, 3, 2, 3, 1, 4, 0, 1, 1, 0, 3, 2, 2, 4, 0, 1, 1, 0, 4, 0, 1, 2, 3, 1, 4, 0, 3, 2, 1, 2, 1, 2, 1, 1, 1, 3, 0, 4, 3, 1, 4, 1, 1, 1, 2, 1, 4, 1, 1, 1, 1, 1, 3, 1, 1, 1, 1, 2, 4, 4, 2, 2, 3, 2, 1, 1, 2, 2, 1, 1, 1]|[2, 0, 1, 2, 3, 0, 0, 1, 1, 0, 0, 0, 0, 1, 0, 3, 1, 0, 0, 1, 1, 1, 2, 0, 0, 0, 1, 0, 1, 0, 0, 0, 0, 0, 3, 0, 1, 0, 0, 2, 1, 1, 2, 0, 0, 0, 0, 2, 1, 0, 0, 0, 1, 3, 0, 0, 1, 0, 1, 0, 1, 0, 1, 0, 2, 1, 0, 0, 1, 1, 3, 3, 0, 1, 0, 0, 0, 0, 1, 0, 0, 0, 0, 2, 0, 0, 1, 3, 3, 1, 1, 2, 0, 0, 1, 0, 0, 0, 1, 0],706.0425648885516,58640.99257008452,96849.50297129861,false
42,G4_BALANCED,G3_TWC,[31, 22, 82, 15, 26, 58, 95, 42, 77, 12, 47, 5, 93, 78, 86, 54, 85, 63, 18, 44, 20, 35, 43, 98, 91, 76, 10, 30, 21, 45, 71, 64, 1, 23, 17, 83, 24, 14, 60, 36, 6, 57, 94, 88, 65, 56, 79, 40, 67, 68, 46, 75, 39, 9, 19, 32, 81, 96, 27, 62, 87, 90, 99, 59, 11, 16, 72, 73, 70, 38, 37, 84, 3, 92, 25, 55, 28, 29, 51, 7, 33, 61, 97, 66, 89, 50, 48, 41, 53, 80, 4, 8, 34, 74, 52, 2, 13, 0, 49, 69]|[1, 1, 0, 1, 1, 1, 2, 1, 2, 1, 2, 2, 2, 1, 1, 0, 0, 1, 0, 2, 2, 0, 1, 2, 0, 1, 2, 2, 0, 0, 1, 2, 1, 2, 1, 0, 2, 0, 1, 1, 0, 1, 1, 1, 0, 2, 1, 1, 0, 0, 0, 0, 1, 1, 2, 1, 2, 2, 0, 0, 2, 1, 0, 1, 2, 1, 2, 1, 1, 1, 1, 1, 2, 0, 1, 1, 0, 0, 0, 1, 2, 1, 2, 2, 1, 0, 0, 0, 0, 0, 1, 1, 2, 2, 1, 0, 0, 0, 0, 2]|[4, 3, 2, 2, 0, 0, 2, 2, 2, 4, 1, 1, 2, 4, 4, 1, 1, 4, 2, 1, 1, 1, 1, 2, 1, 2, 1, 1, 1, 1, 3, 1, 3, 0, 4, 0, 1, 1, 0, 3, 2, 2, 4, 0, 1, 1, 0, 2, 0, 1, 2, 2, 1, 4, 0, 3, 2, 1, 1, 2, 1, 3, 1, 1, 1, 3, 0, 4, 3, 1, 4, 1, 1, 2, 4, 4, 2, 1, 1, 3, 1, 3, 2, 1, 1, 1, 1, 1, 2, 1, 4, 3, 1, 1, 1, 2, 2, 2, 1, 1]|[0, 2, 1, 1, 3, 3, 0, 1, 0, 0, 0, 0, 1, 0, 1, 0, 0, 3, 1, 0, 0, 0, 3, 1, 0, 2, 0, 0, 0, 1, 0, 0, 0, 0, 3, 0, 1, 0, 0, 2, 1, 1, 2, 0, 0, 0, 0, 1, 1, 0, 0, 0, 1, 3, 0, 0, 1, 0, 0, 1, 0, 2, 0, 1, 0, 2, 1, 0, 0, 1, 1, 3, 0, 1, 3, 3, 1, 0, 0, 2, 0, 0, 1, 0, 1, 0, 0, 0, 1, 0, 0, 2, 0, 0, 1, 0, 0, 0, 1, 0],740.8232501024734,58136.2288456152,91025.3554855781,true
42,G2_TEC,G2_TEC,[31, 22, 82, 15, 26, 9, 95, 42, 77, 68, 47, 5, 93, 78, 86, 54, 85, 63, 18, 44, 20, 49, 36, 14, 74, 50, 53, 17, 21, 28, 11, 64, 3, 23, 30, 83, 24, 41, 40, 52, 65, 27, 90, 70, 39, 87, 48, 69, 99, 4, 46, 1, 13, 58, 97, 59, 45, 8, 73, 37, 35, 79, 71, 66, 76, 32, 60, 80, 56, 6, 67, 61, 33, 7, 57, 34, 12, 16, 10, 98, 96, 88, 43, 75, 91, 2, 84, 29, 92, 19, 51, 89, 81, 55, 25, 62, 94, 38, 0, 72]|[2, 1, 2, 1, 1, 2, 1, 1, 1, 1, 1, 0, 2, 2, 1, 2, 0, 0, 0, 2, 2, 1, 0, 2, 0, 2, 2, 1, 0, 1, 1, 1, 0, 0, 1, 0, 2, 1, 2, 2, 0, 0, 1, 1, 0, 2, 0, 2, 1, 0, 0, 2, 0, 0, 2, 0, 1, 1, 0, 0, 2, 1, 1, 2, 2, 0, 2, 2, 2, 1, 2, 1, 1, 2, 0, 1, 1, 2, 1, 2, 0, 1, 1, 0, 1, 0, 0, 1, 0, 1, 1, 1, 1, 0, 1, 1, 2, 0, 2, 1]|[0, 3, 0, 3, 4, 1, 4, 4, 2, 4, 3, 2, 1, 0, 2, 1, 1, 1, 2, 1, 1, 3, 0, 1, 0, 1, 1, 4, 1, 4, 3, 2, 2, 0, 4, 1, 1, 4, 1, 1, 2, 1, 4, 4, 1, 1, 0, 1, 3, 2, 2, 1, 2, 1, 1, 2, 4, 3, 0, 2, 2, 3, 3, 1, 1, 2, 1, 1, 1, 4, 1, 3, 4, 1, 2, 4, 3, 1, 3, 1, 2, 4, 4, 2, 3, 2, 2, 3, 2, 4, 3, 4, 4, 2, 4, 3, 1, 2, 1, 4]|[0, 2, 0, 0, 3, 0, 1, 3, 0, 0, 2, 0, 1, 0, 1, 0, 0, 0, 1, 0, 0, 2, 0, 0, 1, 0, 0, 3, 0, 1, 0, 2, 0, 0, 3, 0, 1, 1, 0, 0, 0, 0, 1, 3, 0, 0, 1, 0, 2, 0, 0, 0, 0, 0, 1, 0, 1, 0, 1, 1, 0, 2, 0, 0, 0, 0, 0, 0, 0, 2, 0, 0, 1, 0, 0, 1, 0, 0, 3, 0, 0, 1, 2, 0, 0, 0, 0, 3, 0, 1, 0, 1, 2, 0, 3, 0, 0, 0, 0, 1],900.9997008912425,49128.48688595175,106795.87604151538,false
42,G3_TWC,G4_BALANCED,[31, 22, 82, 15, 26, 58, 95, 42, 77, 12, 47, 5, 93, 78, 44, 54, 85, 63, 18, 98, 20, 35, 43, 97, 91, 76, 10, 30, 21, 61, 71, 64, 1, 23, 17, 83, 24, 14, 60, 36, 6, 57, 94, 88, 65, 56, 79, 40, 67, 68, 46, 75, 39, 9, 19, 32, 81, 96, 27, 62, 87, 90, 99, 59, 11, 16, 72, 73, 70, 38, 37, 84, 3, 92, 25, 55, 28, 29, 51, 7, 33, 45, 86, 48, 89, 8, 66, 41, 53, 80, 4, 50, 34, 49, 52, 0, 13, 2, 69, 74]|[1, 1, 0, 1, 1, 1, 2, 1, 2, 1, 2, 2, 2, 1, 1, 0, 0, 1, 0, 2, 2, 0, 1, 2, 0, 1, 2, 2, 0, 0, 1, 2, 1, 2, 1, 0, 2, 0, 1, 1, 0, 1, 1, 1, 0, 2, 1, 1, 0, 0, 0, 0, 1, 1, 2, 1, 2, 0, 0, 0, 2, 1, 1, 2, 2, 1, 2, 1, 1, 1, 1, 1, 2, 0, 1, 1, 0, 0, 0, 1, 2, 1, 0, 0, 1, 1, 2, 0, 0, 0, 0, 0, 2, 0, 1, 0, 0, 0, 2, 2]|[4, 3, 2, 2, 0, 0, 2, 2, 2, 4, 1, 1, 2, 4, 4, 1, 1, 4, 2, 1, 1, 1, 1, 2, 1, 2, 1, 1, 1, 1, 3, 2, 3, 0, 4, 0, 1, 1, 0, 3, 2, 2, 4, 0, 1, 1, 0, 2, 0, 1, 2, 2, 1, 4, 0, 3, 2, 1, 1, 2, 1, 3, 1, 1, 1, 3, 0, 4, 3, 1, 4, 1, 1, 2, 4, 4, 2, 1, 1, 3, 1, 3, 1, 1, 1, 3, 1, 1, 2, 1, 2, 1, 1, 1, 1, 2, 2, 2, 1, 1]|[0, 2, 1, 1, 3, 3, 0, 1, 0, 0, 0, 0, 1, 0, 1, 0, 0, 3, 1, 0, 0, 0, 3, 1, 0, 2, 0, 0, 0, 1, 0, 0, 0, 0, 3, 0, 1, 0, 0, 2, 1, 1, 2, 0, 0, 0, 0, 1, 1, 0, 0, 0, 1, 3, 0, 0, 1, 0, 0, 1, 0, 2, 1, 0, 0, 2, 1, 0, 0, 1, 1, 3, 0, 1, 3, 3, 1, 0, 0, 2, 0, 0, 0, 0, 1, 2, 0, 0, 1, 0, 1, 0, 0, 1, 1, 0, 0, 0, 0, 0],756.8360136968345,57765.86100383637,90143.42414519913,true
42,G1_CMAX,G1_CMAX,[31, 22, 82, 90, 26, 58, 95, 42, 77, 12, 93, 5, 78, 86, 98, 18, 44, 20, 35, 3, 97, 91, 76, 10, 85, 30, 47, 54, 45, 63, 71, 66, 1, 23, 17, 83, 24, 14, 60, 36, 6, 57, 40, 88, 65, 56, 79, 94, 67, 68, 46, 75, 38, 9, 19, 32, 81, 27, 62, 87, 15, 99, 59, 11, 16, 72, 73, 70, 39, 37, 84, 43, 80, 53, 96, 4, 50, 41, 89, 48, 21, 61, 33, 7, 51, 29, 28, 55, 25, 92, 8, 69, 0, 74, 52, 2, 13, 34, 49, 64]|[1, 1, 0, 1, 1, 0, 2, 1, 2, 1, 2, 2, 2, 1, 0, 1, 0, 2, 2, 1, 2, 2, 1, 2, 2, 2, 2, 0, 0, 0, 1, 2, 1, 2, 1, 0, 2, 0, 1, 1, 0, 1, 1, 1, 0, 2, 1, 1, 0, 0, 0, 1, 1, 1, 2, 1, 2, 0, 0, 2, 1, 0, 1, 2, 1, 2, 1, 1, 1, 1, 1, 1, 0, 0, 2, 1, 0, 0, 1, 0, 0, 1, 2, 1, 0, 0, 0, 1, 1, 0, 0, 1, 0, 2, 1, 0, 0, 2, 0, 2]|[3, 0, 2, 3, 0, 1, 1, 2, 2, 4, 1, 1, 0, 4, 1, 4, 2, 1, 1, 1, 2, 2, 2, 1, 1, 1, 2, 1, 1, 2, 3, 2, 3, 1, 4, 0, 1, 1, 0, 3, 2, 2, 4, 0, 1, 1, 0, 4, 0, 1, 2, 3, 1, 4, 0, 3, 2, 1, 2, 1, 2, 1, 1, 1, 3, 0, 4, 3, 1, 4, 1, 1, 1, 2, 1, 4, 1, 1, 1, 1, 1, 3, 1, 1, 1, 1, 2, 4, 4, 2, 2, 3, 2, 1, 1, 2, 2, 1, 1, 1]|[2, 0, 1, 2, 3, 0, 0, 1, 1, 0, 0, 0, 0, 1, 0, 3, 1, 0, 0, 1, 1, 1, 2, 0, 0, 0, 1, 0, 1, 0, 0, 0, 0, 0, 3, 0, 1, 0, 0, 2, 1, 1, 2, 0, 0, 0, 0, 2, 1, 0, 0, 0, 1, 3, 0, 0, 1, 0, 1, 0, 1, 0, 1, 0, 2, 1, 0, 0, 1, 1, 3, 3, 0, 1, 0, 0, 0, 0, 1, 0, 0, 0, 0, 2, 0, 0, 1, 3, 3, 1, 1, 2, 0, 0, 1, 0, 0, 0, 1, 0],706.0425648885516,58640.99257008452,96849.50297129861,false
42,G4_BALANCED,G3_TWC,[31, 22, 82, 15, 26, 58, 95, 42, 77, 12, 47, 5, 93, 78, 98, 54, 85, 63, 18, 44, 20, 35, 43, 97, 91, 76, 10, 30, 21, 45, 71, 64, 1, 23, 17, 83, 24, 14, 60, 36, 6, 57, 94, 88, 65, 56, 79, 40, 67, 68, 46, 75, 38, 9, 19, 32, 81, 41, 27, 62, 87, 90, 99, 59, 11, 16, 72, 73, 70, 39, 37, 84, 3, 92, 25, 55, 28, 29, 51, 7, 33, 61, 86, 66, 89, 50, 48, 96, 53, 80, 8, 4, 34, 49, 52, 2, 13, 0, 69, 74]|[1, 1, 0, 1, 1, 1, 2, 1, 2, 1, 2, 2, 2, 1, 1, 0, 0, 1, 0, 2, 2, 0, 1, 2, 0, 1, 2, 2, 0, 0, 1, 2, 1, 2, 1, 0, 2, 0, 1, 1, 0, 1, 1, 1, 0, 2, 1, 1, 0, 0, 0, 0, 1, 1, 2, 1, 2, 0, 0, 0, 2, 1, 0, 1, 2, 1, 2, 1, 1, 1, 1, 1, 1, 0, 1, 1, 0, 0, 0, 1, 2, 1, 2, 2, 1, 0, 0, 0, 0, 0, 1, 0, 2, 0, 1, 0, 0, 0, 1, 2]|[4, 3, 2, 2, 0, 0, 2, 2, 2, 4, 1, 1, 2, 4, 4, 1, 1, 4, 2, 1, 1, 1, 1, 2, 1, 2, 1, 1, 1, 1, 3, 2, 3, 0, 4, 0, 1, 1, 0, 3, 2, 2, 4, 0, 1, 1, 0, 2, 0, 1, 2, 2, 1, 4, 0, 3, 2, 1, 1, 2, 1, 3, 1, 1, 1, 3, 0, 4, 3, 1, 4, 1, 1, 2, 4, 4, 2, 1, 1, 3, 1, 3, 1, 1, 1, 1, 1, 1, 2, 1, 3, 2, 1, 1, 1, 2, 2, 2, 3, 1]|[0, 2, 1, 1, 3, 3, 0, 1, 0, 0, 0, 0, 1, 0, 1, 0, 0, 3, 1, 0, 0, 0, 3, 1, 0, 2, 0, 0, 0, 1, 0, 0, 0, 0, 3, 0, 1, 0, 0, 2, 1, 1, 2, 0, 0, 0, 0, 1, 1, 0, 0, 0, 1, 3, 0, 0, 1, 0, 0, 1, 0, 2, 0, 1, 0, 2, 1, 0, 0, 1, 1, 3, 1, 1, 3, 3, 1, 0, 0, 2, 0, 0, 0, 0, 1, 0, 0, 0, 1, 0, 2, 1, 0, 1, 1, 0, 0, 0, 0, 0],769.3675528023551,57989.19989472971,89527.9546662784,true
42,G2_TEC,G2_TEC,[31, 22, 82, 15, 26, 9, 95, 42, 77, 68, 47, 5, 93, 78, 86, 54, 85, 63, 18, 44, 20, 49, 36, 14, 74, 50, 53, 17, 21, 28, 11, 64, 3, 23, 30, 83, 24, 41, 40, 52, 65, 27, 90, 70, 39, 87, 48, 69, 99, 4, 46, 1, 13, 58, 97, 59, 45, 8, 73, 37, 35, 79, 71, 66, 76, 32, 60, 80, 56, 6, 67, 61, 33, 7, 57, 34, 12, 16, 10, 98, 96, 88, 43, 75, 91, 2, 84, 29, 92, 19, 51, 89, 81, 55, 25, 62, 94, 38, 0, 72]|[2, 1, 2, 1, 1, 2, 1, 1, 1, 1, 1, 0, 2, 2, 1, 2, 0, 0, 0, 2, 2, 1, 0, 2, 0, 2, 2, 1, 0, 1, 1, 1, 0, 0, 1, 0, 2, 1, 2, 2, 0, 0, 1, 1, 0, 2, 0, 2, 1, 0, 0, 2, 0, 0, 2, 0, 1, 1, 0, 0, 2, 1, 1, 2, 2, 0, 2, 2, 2, 1, 2, 1, 1, 2, 0, 1, 1, 2, 1, 2, 0, 1, 1, 0, 1, 0, 0, 1, 0, 1, 1, 1, 1, 0, 1, 1, 2, 0, 2, 1]|[0, 3, 0, 3, 4, 1, 4, 4, 2, 4, 3, 2, 1, 0, 2, 1, 1, 1, 2, 1, 1, 3, 0, 1, 0, 1, 1, 4, 1, 4, 3, 2, 2, 0, 4, 1, 1, 4, 1, 1, 2, 1, 4, 4, 1, 1, 0, 1, 3, 2, 2, 1, 2, 1, 1, 2, 4, 3, 0, 2, 2, 3, 3, 1, 1, 2, 1, 1, 1, 4, 1, 3, 4, 1, 2, 4, 3, 1, 3, 1, 2, 4, 4, 2, 3, 2, 2, 3, 2, 4, 3, 4, 4, 2, 4, 3, 1, 2, 1, 4]|[0, 2, 0, 0, 3, 0, 1, 3, 0, 0, 2, 0, 1, 0, 1, 0, 0, 0, 1, 0, 0, 2, 0, 0, 1, 0, 0, 3, 0, 1, 0, 2, 0, 0, 3, 0, 1, 1, 0, 0, 0, 0, 1, 3, 0, 0, 1, 0, 2, 0, 0, 0, 0, 0, 1, 0, 1, 0, 1, 1, 0, 2, 0, 0, 0, 0, 0, 0, 0, 2, 0, 0, 1, 0, 0, 1, 0, 0, 3, 0, 0, 1, 2, 0, 0, 0, 0, 3, 0, 1, 0, 1, 2, 0, 3, 0, 0, 0, 0, 1],900.9997008912425,49128.48688595175,106795.87604151538,false
42,G3_TWC,G3_TWC,[31, 22, 82, 15, 26, 58, 95, 42, 77, 12, 47, 5, 93, 78, 98, 54, 85, 63, 18, 44, 20, 35, 43, 97, 91, 76, 10, 30, 21, 45, 71, 64, 1, 23, 17, 83, 24, 14, 60, 36, 6, 57, 94, 88, 65, 56, 79, 40, 67, 68, 46, 75, 38, 9, 19, 32, 81, 96, 27, 62, 87, 90, 99, 59, 11, 7, 72, 73, 70, 39, 37, 84, 3, 92, 25, 55, 28, 29, 51, 16, 33, 61, 86, 48, 89, 50, 66, 41, 53, 80, 4, 8, 34, 49, 52, 0, 13, 2, 69, 74]|[1, 1, 0, 1, 1, 1, 2, 1, 2, 1, 2, 2, 2, 1, 1, 0, 0, 1, 0, 2, 2, 0, 1, 2, 0, 1, 2, 2, 0, 0, 1, 2, 1, 2, 1, 0, 2, 0, 1, 1, 0, 1, 1, 1, 0, 2, 1, 1, 0, 0, 0, 0, 1, 1, 2, 1, 2, 0, 0, 0, 2, 1, 0, 1, 2, 1, 2, 1, 1, 1, 1, 1, 2, 0, 1, 1, 0, 0, 0, 1, 2, 1, 0, 0, 1, 0, 2, 0, 0, 0, 0, 1, 2, 0, 1, 0, 0, 0, 1, 2]|[4, 3, 2, 2, 0, 0, 2, 2, 2, 4, 1, 1, 2, 4, 4, 1, 1, 4, 2, 1, 1, 1, 1, 2, 1, 2, 1, 1, 1, 1, 3, 2, 3, 0, 4, 0, 1, 1, 0, 3, 2, 2, 4, 0, 1, 1, 0, 2, 0, 1, 2, 2, 1, 4, 0, 3, 2, 1, 1, 2, 1, 3, 1, 1, 1, 3, 0, 4, 3, 1, 4, 1, 1, 2, 4, 4, 2, 1, 1, 3, 1, 3, 1, 1, 1, 1, 1, 1, 2, 1, 2, 3, 1, 1, 1, 2, 2, 2, 3, 1]|[0, 2, 1, 1, 3, 3, 0, 1, 0, 0, 0, 0, 1, 0, 1, 0, 0, 3, 1, 0, 0, 0, 3, 1, 0, 2, 0, 0, 0, 1, 0, 0, 0, 0, 3, 0, 1, 0, 0, 2, 1, 1, 2, 0, 0, 0, 0, 1, 1, 0, 0, 0, 1, 3, 0, 0, 1, 0, 0, 1, 0, 2, 0, 1, 0, 2, 1, 0, 0, 1, 1, 3, 0, 1, 3, 3, 1, 0, 0, 2, 0, 0, 0, 0, 1, 0, 0, 0, 1, 0, 1, 2, 0, 1, 1, 0, 0, 0, 0, 0],790.0799945868791,57905.8961903387,89002.83318332917,false
42,G1_CMAX,G1_CMAX,[31, 22, 82, 90, 26, 58, 95, 42, 77, 12, 93, 5, 78, 86, 98, 18, 44, 20, 35, 3, 97, 91, 76, 10, 85, 30, 47, 54, 45, 63, 71, 66, 1, 23, 17, 83, 24, 14, 60, 36, 6, 57, 40, 88, 65, 56, 79, 94, 67, 68, 46, 75, 38, 9, 19, 32, 81, 27, 62, 87, 15, 99, 59, 11, 16, 72, 73, 70, 39, 37, 84, 43, 80, 53, 96, 4, 50, 41, 89, 48, 21, 61, 33, 7, 51, 29, 28, 55, 25, 92, 8, 69, 0, 74, 52, 2, 13, 34, 49, 64]|[1, 1, 0, 1, 1, 0, 2, 1, 2, 1, 2, 2, 2, 1, 0, 1, 0, 2, 2, 1, 2, 2, 1, 2, 2, 2, 2, 0, 0, 0, 1, 2, 1, 2, 1, 0, 2, 0, 1, 1, 0, 1, 1, 1, 0, 2, 1, 1, 0, 0, 0, 1, 1, 1, 2, 1, 2, 0, 0, 2, 1, 0, 1, 2, 1, 2, 1, 1, 1, 1, 1, 1, 0, 0, 2, 1, 0, 0, 1, 0, 0, 1, 2, 1, 0, 0, 0, 1, 1, 0, 0, 1, 0, 2, 1, 0, 0, 2, 0, 2]|[3, 0, 2, 3, 0, 1, 1, 2, 2, 4, 1, 1, 0, 4, 1, 4, 2, 1, 1, 1, 2, 2, 2, 1, 1, 1, 2, 1, 1, 2, 3, 2, 3, 1, 4, 0, 1, 1, 0, 3, 2, 2, 4, 0, 1, 1, 0, 4, 0, 1, 2, 3, 1, 4, 0, 3, 2, 1, 2, 1, 2, 1, 1, 1, 3, 0, 4, 3, 1, 4, 1, 1, 1, 2, 1, 4, 1, 1, 1, 1, 1, 3, 1, 1, 1, 1, 2, 4, 4, 2, 2, 3, 2, 1, 1, 2, 2, 1, 1, 1]|[2, 0, 1, 2, 3, 0, 0, 1, 1, 0, 0, 0, 0, 1, 0, 3, 1, 0, 0, 1, 1, 1, 2, 0, 0, 0, 1, 0, 1, 0, 0, 0, 0, 0, 3, 0, 1, 0, 0, 2, 1, 1, 2, 0, 0, 0, 0, 2, 1, 0, 0, 0, 1, 3, 0, 0, 1, 0, 1, 0, 1, 0, 1, 0, 2, 1, 0, 0, 1, 1, 3, 3, 0, 1, 0, 0, 0, 0, 1, 0, 0, 0, 0, 2, 0, 0, 1, 3, 3, 1, 1, 2, 0, 0, 1, 0, 0, 0, 1, 0],706.0425648885516,58640.99257008452,96849.50297129861,false
42,G4_BALANCED,G3_TWC,[31, 22, 82, 15, 26, 58, 95, 42, 77, 12, 47, 5, 93, 78, 98, 54, 85, 63, 18, 44, 20, 35, 43, 97, 91, 76, 10, 30, 21, 45, 71, 64, 1, 23, 17, 83, 24, 14, 60, 36, 6, 57, 94, 88, 65, 56, 79, 40, 67, 68, 46, 75, 38, 9, 19, 32, 81, 41, 27, 62, 87, 90, 99, 59, 11, 16, 72, 73, 70, 39, 37, 84, 25, 92, 96, 55, 28, 29, 51, 7, 33, 86, 61, 48, 89, 50, 66, 13, 53, 80, 4, 8, 34, 49, 52, 0, 3, 2, 69, 74]|[1, 1, 0, 1, 1, 1, 2, 1, 2, 1, 2, 2, 2, 1, 1, 0, 2, 1, 0, 2, 2, 0, 1, 2, 0, 1, 2, 2, 0, 0, 1, 2, 1, 2, 1, 0, 2, 0, 1, 1, 0, 1, 1, 1, 0, 2, 1, 1, 0, 0, 0, 0, 1, 1, 2, 1, 2, 2, 0, 0, 2, 1, 0, 1, 2, 1, 2, 1, 1, 1, 1, 1, 1, 0, 2, 1, 0, 0, 0, 1, 2, 0, 1, 0, 1, 0, 2, 0, 0, 0, 0, 1, 2, 0, 1, 0, 0, 0, 1, 2]|[4, 3, 2, 2, 0, 0, 2, 2, 2, 4, 1, 1, 2, 4, 4, 1, 1, 4, 2, 1, 1, 1, 1, 2, 1, 2, 1, 1, 1, 1, 3, 2, 3, 0, 4, 0, 1, 1, 0, 3, 2, 2, 4, 0, 1, 1, 0, 2, 0, 1, 2, 2, 1, 4, 0, 3, 2, 1, 1, 2, 1, 3, 1, 1, 1, 3, 0, 4, 3, 1, 4, 1, 4, 2, 1, 4, 2, 1, 1, 3, 1, 1, 3, 1, 1, 1, 1, 1, 2, 1, 2, 3, 1, 1, 1, 2, 2, 2, 4, 1]|[0, 2, 1, 1, 3, 3, 0, 1, 0, 0, 0, 0, 1, 0, 1, 0, 0, 3, 1, 0, 0, 0, 3, 1, 0, 2, 0, 0, 0, 1, 0, 0, 0, 0, 3, 0, 1, 0, 0, 2, 1, 1, 2, 0, 0, 0, 0, 1, 1, 0, 0, 0, 1, 3, 0, 0, 1, 0, 0, 1, 0, 2, 0, 1, 0, 2, 1, 0, 0, 1, 1, 3, 3, 1, 0, 3, 1, 0, 0, 2, 0, 0, 0, 0, 1, 0, 0, 0, 1, 0, 1, 2, 0, 1, 1, 0, 0, 0, 2, 0],753.3767941025902,57584.23285626157,91025.3168943554,true
42,G2_TEC,G2_TEC,[31, 22, 82, 15, 26, 9, 95, 42, 77, 68, 47, 5, 93, 78, 86, 54, 85, 63, 18, 44, 20, 49, 36, 14, 74, 50, 53, 17, 21, 28, 11, 64, 3, 23, 30, 83, 24, 41, 40, 52, 65, 27, 90, 70, 39, 87, 48, 69, 99, 4, 46, 1, 13, 58, 97, 59, 45, 8, 73, 37, 35, 79, 71, 66, 76, 32, 60, 80, 56, 6, 67, 61, 33, 7, 57, 34, 12, 16, 10, 98, 96, 88, 43, 75, 91, 2, 84, 29, 92, 19, 51, 89, 81, 55, 25, 62, 94, 38, 0, 72]|[2, 1, 2, 1, 1, 2, 1, 1, 1, 1, 1, 0, 2, 2, 1, 2, 0, 0, 0, 2, 2, 1, 0, 2, 0, 2, 2, 1, 0, 1, 1, 1, 0, 0, 1, 0, 2, 1, 2, 2, 0, 0, 1, 1, 0, 2, 0, 2, 1, 0, 0, 2, 0, 0, 2, 0, 1, 1, 0, 0, 2, 1, 1, 2, 2, 0, 2, 2, 2, 1, 2, 1, 1, 2, 0, 1, 1, 2, 1, 2, 0, 1, 1, 0, 1, 0, 0, 1, 0, 1, 1, 1, 1, 0, 1, 1, 2, 0, 2, 1]|[0, 3, 0, 3, 4, 1, 4, 4, 2, 4, 3, 2, 1, 0, 2, 1, 1, 1, 2, 1, 1, 3, 0, 1, 0, 1, 1, 4, 1, 4, 3, 2, 2, 0, 4, 1, 1, 4, 1, 1, 2, 1, 4, 4, 1, 1, 0, 1, 3, 2, 2, 1, 2, 1, 1, 2, 4, 3, 0, 2, 2, 3, 3, 1, 1, 2, 1, 1, 1, 4, 1, 3, 4, 1, 2, 4, 3, 1, 3, 1, 2, 4, 4, 2, 3, 2, 2, 3, 2, 4, 3, 4, 4, 2, 4, 3, 1, 2, 1, 4]|[0, 2, 0, 0, 3, 0, 1, 3, 0, 0, 2, 0, 1, 0, 1, 0, 0, 0, 1, 0, 0, 2, 0, 0, 1, 0, 0, 3, 0, 1, 0, 2, 0, 0, 3, 0, 1, 1, 0, 0, 0, 0, 1, 3, 0, 0, 1, 0, 2, 0, 0, 0, 0, 0, 1, 0, 1, 0, 1, 1, 0, 2, 0, 0, 0, 0, 0, 0, 0, 2, 0, 0, 1, 0, 0, 1, 0, 0, 3, 0, 0, 1, 2, 0, 0, 0, 0, 3, 0, 1, 0, 1, 2, 0, 3, 0, 0, 0, 0, 1],900.9997008912425,49128.48688595175,106795.87604151538,false
42,G3_TWC,G3_TWC,[31, 22, 82, 15, 26, 58, 95, 42, 77, 12, 47, 5, 93, 78, 98, 54, 85, 63, 18, 44, 20, 35, 43, 97, 91, 76, 10, 30, 21, 45, 71, 64, 1, 23, 17, 83, 24, 14, 60, 36, 6, 57, 94, 88, 65, 56, 79, 40, 67, 68, 46, 75, 38, 9, 19, 32, 81, 96, 27, 62, 87, 90, 99, 59, 11, 7, 72, 73, 70, 39, 37, 84, 3, 92, 25, 55, 28, 29, 51, 16, 33, 61, 86, 48, 89, 50, 66, 41, 53, 80, 4, 8, 34, 49, 52, 0, 13, 2, 69, 74]|[1, 1, 0, 1, 1, 1, 2, 1, 2, 1, 2, 2, 2, 1, 1, 0, 0, 1, 0, 2, 2, 0, 1, 2, 0, 1, 2, 2, 0, 0, 1, 2, 1, 2, 1, 0, 2, 0, 1, 1, 0, 1, 1, 1, 0, 2, 1, 1, 0, 0, 0, 0, 1, 1, 2, 1, 2, 0, 0, 0, 2, 1, 0, 1, 2, 1, 2, 1, 1, 1, 1, 1, 2, 0, 1, 1, 0, 0, 0, 1, 2, 1, 0, 0, 1, 0, 2, 0, 0, 0, 0, 1, 2, 0, 1, 0, 0, 0, 1, 2]|[4, 3, 2, 2, 0, 0, 2, 2, 2, 4, 1, 1, 2, 4, 4, 1, 1, 4, 2, 1, 1, 1, 1, 2, 1, 2, 1, 1, 1, 1, 3, 2, 3, 0, 4, 0, 1, 1, 0, 3, 2, 2, 4, 0, 1, 1, 0, 2, 0, 1, 2, 2, 1, 4, 0, 3, 2, 1, 1, 2, 1, 3, 1, 1, 1, 3, 0, 4, 3, 1, 4, 1, 1, 2, 4, 4, 2, 1, 1, 3, 1, 3, 1, 1, 1, 1, 1, 1, 2, 1, 2, 3, 1, 1, 1, 2, 2, 2, 3, 1]|[0, 2, 1, 1, 3, 3, 0, 1, 0, 0, 0, 0, 1, 0, 1, 0, 0, 3, 1, 0, 0, 0, 3, 1, 0, 2, 0, 0, 0, 1, 0, 0, 0, 0, 3, 0, 1, 0, 0, 2, 1, 1, 2, 0, 0, 0, 0, 1, 1, 0, 0, 0, 1, 3, 0, 0, 1, 0, 0, 1, 0, 2, 0, 1, 0, 2, 1, 0, 0, 1, 1, 3, 0, 1, 3, 3, 1, 0, 0, 2, 0, 0, 0, 0, 1, 0, 0, 0, 1, 0, 1, 2, 0, 1, 1, 0, 0, 0, 0, 0],790.0799945868791,57905.8961903387,89002.83318332917,false
42,G1_CMAX,G1_CMAX,[31, 22, 82, 90, 26, 58, 95, 42, 77, 12, 93, 5, 78, 86, 98, 18, 44, 20, 35, 3, 97, 91, 76, 10, 85, 30, 47, 54, 45, 63, 71, 66, 1, 23, 17, 83, 24, 14, 60, 36, 6, 57, 40, 88, 65, 56, 79, 94, 67, 68, 46, 75, 38, 9, 19, 32, 81, 27, 62, 87, 15, 99, 59, 11, 16, 72, 73, 70, 39, 37, 84, 43, 80, 53, 96, 4, 50, 41, 89, 48, 21, 61, 33, 7, 51, 29, 28, 55, 25, 92, 8, 69, 0, 74, 52, 2, 13, 34, 49, 64]|[1, 1, 0, 1, 1, 0, 2, 1, 2, 1, 2, 2, 2, 1, 0, 1, 0, 2, 2, 1, 2, 2, 1, 2, 2, 2, 2, 0, 0, 0, 1, 2, 1, 2, 1, 0, 2, 0, 1, 1, 0, 1, 1, 1, 0, 2, 1, 1, 0, 0, 0, 1, 1, 1, 2, 1, 2, 0, 0, 2, 1, 0, 1, 2, 1, 2, 1, 1, 1, 1, 1, 1, 0, 0, 2, 1, 0, 0, 1, 0, 0, 1, 2, 1, 0, 0, 0, 1, 1, 0, 0, 1, 0, 2, 1, 0, 0, 2, 0, 2]|[3, 0, 2, 3, 0, 1, 1, 2, 2, 4, 1, 1, 0, 4, 1, 4, 2, 1, 1, 1, 2, 2, 2, 1, 1, 1, 2, 1, 1, 2, 3, 2, 3, 1, 4, 0, 1, 1, 0, 3, 2, 2, 4, 0, 1, 1, 0, 4, 0, 1, 2, 3, 1, 4, 0, 3, 2, 1, 2, 1, 2, 1, 1, 1, 3, 0, 4, 3, 1, 4, 1, 1, 1, 2, 1, 4, 1, 1, 1, 1, 1, 3, 1, 1, 1, 1, 2, 4, 4, 2, 2, 3, 2, 1, 1, 2, 2, 1, 1, 1]|[2, 0, 1, 2, 3, 0, 0, 1, 1, 0, 0, 0, 0, 1, 0, 3, 1, 0, 0, 1, 1, 1, 2, 0, 0, 0, 1, 0, 1, 0, 0, 0, 0, 0, 3, 0, 1, 0, 0, 2, 1, 1, 2, 0, 0, 0, 0, 2, 1, 0, 0, 0, 1, 3, 0, 0, 1, 0, 1, 0, 1, 0, 1, 0, 2, 1, 0, 0, 1, 1, 3, 3, 0, 1, 0, 0, 0, 0, 1, 0, 0, 0, 0, 2, 0, 0, 1, 3, 3, 1, 1, 2, 0, 0, 1, 0, 0, 0, 1, 0],706.0425648885516,58640.99257008452,96849.50297129861,false
42,G4_BALANCED,G3_TWC,[31, 22, 82, 15, 26, 58, 95, 42, 77, 12, 47, 5, 93, 78, 98, 54, 85, 63, 18, 44, 20, 35, 43, 97, 91, 76, 10, 30, 21, 45, 71, 64, 1, 23, 17, 83, 24, 14, 60, 36, 6, 57, 94, 88, 65, 56, 79, 40, 67, 68, 46, 75, 39, 9, 19, 32, 81, 96, 27, 62, 87, 90, 99, 59, 11, 16, 72, 73, 70, 38, 37, 84, 3, 92, 25, 55, 28, 29, 51, 7, 33, 61, 86, 48, 89, 50, 69, 41, 53, 80, 4, 8, 34, 49, 52, 0, 13, 2, 66, 74]|[1, 1, 0, 1, 1, 1, 2, 1, 2, 1, 2, 2, 2, 1, 1, 0, 0, 1, 0, 2, 2, 0, 1, 2, 0, 1, 2, 2, 0, 0, 1, 2, 1, 2, 1, 0, 2, 0, 1, 1, 0, 1, 1, 1, 0, 2, 1, 1, 0, 0, 0, 0, 1, 1, 2, 1, 2, 0, 0, 0, 2, 1, 0, 1, 2, 1, 2, 1, 1, 1, 1, 1, 2, 0, 1, 1, 0, 0, 0, 1, 2, 1, 0, 0, 1, 0, 1, 0, 0, 0, 0, 1, 2, 0, 1, 0, 0, 0, 2, 2]|[4, 3, 2, 2, 0, 0, 2, 2, 2, 4, 1, 1, 2, 4, 4, 1, 1, 4, 2, 1, 1, 1, 1, 2, 1, 2, 1, 1, 1, 1, 3, 2, 3, 0, 4, 0, 1, 1, 0, 3, 2, 2, 4, 0, 1, 1, 0, 2, 0, 1, 2, 2, 1, 4, 0, 3, 2, 1, 1, 2, 1, 3, 1, 1, 1, 3, 0, 4, 3, 1, 4, 1, 1, 2, 4, 4, 2, 1, 1, 3, 1, 3, 1, 1, 1, 1, 3, 1, 2, 1, 2, 3, 1, 1, 1, 2, 2, 2, 1, 1]|[0, 2, 1, 1, 3, 3, 0, 1, 0, 0, 0, 0, 1, 0, 1, 0, 0, 3, 1, 0, 0, 0, 3, 1, 0, 2, 0, 0, 0, 1, 0, 0, 0, 0, 3, 0, 1, 0, 0, 2, 1, 1, 2, 0, 0, 0, 0, 1, 1, 0, 0, 0, 1, 3, 0, 0, 1, 0, 0, 1, 0, 2, 0, 1, 0, 2, 1, 0, 0, 1, 1, 3, 0, 1, 3, 3, 1, 0, 0, 2, 0, 0, 0, 0, 1, 0, 0, 0, 1, 0, 1, 2, 0, 1, 1, 0, 0, 0, 0, 0],790.0799945868791,57951.42221290124,88960.86369927591,true
42,G2_TEC,G2_TEC,[31, 22, 82, 15, 26, 9, 95, 42, 77, 68, 47, 5, 93, 78, 86, 54, 85, 63, 18, 44, 20, 49, 36, 14, 74, 50, 53, 17, 21, 28, 11, 64, 3, 23, 30, 83, 24, 41, 40, 52, 65, 27, 90, 70, 39, 87, 48, 69, 99, 4, 46, 1, 13, 58, 97, 59, 45, 8, 73, 37, 35, 79, 71, 66, 76, 32, 60, 80, 56, 6, 67, 61, 33, 7, 57, 34, 12, 16, 10, 98, 96, 88, 43, 75, 91, 2, 84, 29, 92, 19, 51, 89, 81, 55, 25, 62, 94, 38, 0, 72]|[2, 1, 2, 1, 1, 2, 1, 1, 1, 1, 1, 0, 2, 2, 1, 2, 0, 0, 0, 2, 2, 1, 0, 2, 0, 2, 2, 1, 0, 1, 1, 1, 0, 0, 1, 0, 2, 1, 2, 2, 0, 0, 1, 1, 0, 2, 0, 2, 1, 0, 0, 2, 0, 0, 2, 0, 1, 1, 0, 0, 2, 1, 1, 2, 2, 0, 2, 2, 2, 1, 2, 1, 1, 2, 0, 1, 1, 2, 1, 2, 0, 1, 1, 0, 1, 0, 0, 1, 0, 1, 1, 1, 1, 0, 1, 1, 2, 0, 2, 1]|[0, 3, 0, 3, 4, 1, 4, 4, 2, 4, 3, 2, 1, 0, 2, 1, 1, 1, 2, 1, 1, 3, 0, 1, 0, 1, 1, 4, 1, 4, 3, 2, 2, 0, 4, 1, 1, 4, 1, 1, 2, 1, 4, 4, 1, 1, 0, 1, 3, 2, 2, 1, 2, 1, 1, 2, 4, 3, 0, 2, 2, 3, 3, 1, 1, 2, 1, 1, 1, 4, 1, 3, 4, 1, 2, 4, 3, 1, 3, 1, 2, 4, 4, 2, 3, 2, 2, 3, 2, 4, 3, 4, 4, 2, 4, 3, 1, 2, 1, 4]|[0, 2, 0, 0, 3, 0, 1, 3, 0, 0, 2, 0, 1, 0, 1, 0, 0, 0, 1, 0, 0, 2, 0, 0, 1, 0, 0, 3, 0, 1, 0, 2, 0, 0, 3, 0, 1, 1, 0, 0, 0, 0, 1, 3, 0, 0, 1, 0, 2, 0, 0, 0, 0, 0, 1, 0, 1, 0, 1, 1, 0, 2, 0, 0, 0, 0, 0, 0, 0, 2, 0, 0, 1, 0, 0, 1, 0, 0, 3, 0, 0, 1, 2, 0, 0, 0, 0, 3, 0, 1, 0, 1, 2, 0, 3, 0, 0, 0, 0, 1],900.9997008912425,49128.48688595175,106795.87604151538,false
42,G3_TWC,G3_TWC,[31, 22, 82, 15, 26, 58, 95, 42, 77, 12, 47, 5, 93, 78, 98, 54, 85, 63, 18, 44, 20, 35, 43, 97, 91, 76, 10, 30, 21, 45, 71, 64, 1, 23, 17, 83, 24, 14, 60, 36, 6, 57, 94, 88, 65, 56, 79, 40, 67, 68, 46, 75, 38, 9, 19, 32, 81, 96, 27, 62, 87, 90, 99, 59, 11, 16, 72, 73, 70, 39, 37, 84, 3, 92, 25, 55, 28, 29, 51, 7, 33, 61, 86, 48, 89, 50, 69, 41, 53, 80, 4, 8, 34, 49, 52, 0, 13, 2, 66, 74]|[1, 1, 0, 1, 1, 1, 2, 1, 2, 1, 2, 2, 2, 1, 1, 0, 0, 1, 0, 2, 2, 0, 1, 2, 0, 1, 2, 2, 0, 0, 1, 2, 1, 2, 1, 0, 2, 0, 1, 1, 0, 1, 1, 1, 0, 2, 1, 1, 0, 0, 0, 0, 1, 1, 2, 1, 2, 0, 0, 0, 2, 1, 0, 1, 2, 1, 2, 1, 1, 1, 1, 1, 2, 0, 1, 1, 0, 0, 0, 1, 2, 1, 0, 0, 1, 0, 1, 0, 0, 0, 0, 1, 2, 0, 1, 0, 0, 0, 2, 2]|[4, 3, 2, 2, 0, 0, 2, 2, 2, 4, 1, 1, 2, 4, 4, 1, 1, 4, 2, 1, 1, 1, 1, 2, 1, 2, 1, 1, 1, 1, 3, 2, 3, 0, 4, 0, 1, 1, 0, 3, 2, 2, 4, 0, 1, 1, 0, 2, 0, 1, 2, 2, 1, 4, 0, 3, 2, 1, 1, 2, 1, 3, 1, 1, 1, 3, 0, 4, 3, 1, 4, 1, 1, 2, 4, 4, 2, 1, 1, 3, 1, 3, 1, 1, 1, 1, 3, 1, 2, 1, 2, 3, 1, 1, 1, 2, 2, 2, 1, 1]|[0, 2, 1, 1, 3, 3, 0, 1, 0, 0, 0, 0, 1, 0, 1, 0, 0, 3, 1, 0, 0, 0, 3, 1, 0, 2, 0, 0, 0, 1, 0, 0, 0, 0, 3, 0, 1, 0, 0, 2, 1, 1, 2, 0, 0, 0, 0, 1, 1, 0, 0, 0, 1, 3, 0, 0, 1, 0, 0, 1, 0, 2, 0, 1, 0, 2, 1, 0, 0, 1, 1, 3, 0, 1, 3, 3, 1, 0, 0, 2, 0, 0, 0, 0, 1, 0, 0, 0, 1, 0, 1, 2, 0, 1, 1, 0, 0, 0, 0, 0],790.0799945868791,57958.64212454981,88955.2512286296,false
42,G1_CMAX,G1_CMAX,[31, 22, 82, 90, 26, 58, 95, 42, 77, 12, 93, 5, 78, 86, 98, 18, 44, 20, 35, 3, 97, 91, 76, 10, 85, 30, 47, 54, 45, 63, 71, 66, 1, 23, 17, 83, 24, 14, 60, 36, 6, 57, 40, 88, 65, 56, 79, 94, 67, 68, 46, 75, 38, 9, 19, 32, 81, 27, 62, 87, 15, 99, 59, 11, 16, 72, 73, 70, 39, 37, 84, 43, 80, 53, 96, 4, 50, 41, 89, 48, 21, 61, 33, 7, 51, 29, 28, 55, 25, 92, 8, 69, 0, 74, 52, 2, 13, 34, 49, 64]|[1, 1, 0, 1, 1, 0, 2, 1, 2, 1, 2, 2, 2, 1, 0, 1, 0, 2, 2, 1, 2, 2, 1, 2, 2, 2, 2, 0, 0, 0, 1, 2, 1, 2, 1, 0, 2, 0, 1, 1, 0, 1, 1, 1, 0, 2, 1, 1, 0, 0, 0, 1, 1, 1, 2, 1, 2, 0, 0, 2, 1, 0, 1, 2, 1, 2, 1, 1, 1, 1, 1, 1, 0, 0, 2, 1, 0, 0, 1, 0, 0, 1, 2, 1, 0, 0, 0, 1, 1, 0, 0, 1, 0, 2, 1, 0, 0, 2, 0, 2]|[3, 0, 2, 3, 0, 1, 1, 2, 2, 4, 1, 1, 0, 4, 1, 4, 2, 1, 1, 1, 2, 2, 2, 1, 1, 1, 2, 1, 1, 2, 3, 2, 3, 1, 4, 0, 1, 1, 0, 3, 2, 2, 4, 0, 1, 1, 0, 4, 0, 1, 2, 3, 1, 4, 0, 3, 2, 1, 2, 1, 2, 1, 1, 1, 3, 0, 4, 3, 1, 4, 1, 1, 1, 2, 1, 4, 1, 1, 1, 1, 1, 3, 1, 1, 1, 1, 2, 4, 4, 2, 2, 3, 2, 1, 1, 2, 2, 1, 1, 1]|[2, 0, 1, 2, 3, 0, 0, 1, 1, 0, 0, 0, 0, 1, 0, 3, 1, 0, 0, 1, 1, 1, 2, 0, 0, 0, 1, 0, 1, 0, 0, 0, 0, 0, 3, 0, 1, 0, 0, 2, 1, 1, 2, 0, 0, 0, 0, 2, 1, 0, 0, 0, 1, 3, 0, 0, 1, 0, 1, 0, 1, 0, 1, 0, 2, 1, 0, 0, 1, 1, 3, 3, 0, 1, 0, 0, 0, 0, 1, 0, 0, 0, 0, 2, 0, 0, 1, 3, 3, 1, 1, 2, 0, 0, 1, 0, 0, 0, 1, 0],706.0425648885516,58640.99257008452,96849.50297129861,false
42,G4_BALANCED,G3_TWC,[31, 22, 82, 15, 26, 58, 95, 42, 77, 12, 47, 5, 93, 78, 98, 54, 85, 63, 18, 44, 20, 35, 43, 97, 91, 76, 10, 30, 21, 45, 71, 64, 1, 23, 17, 83, 24, 14, 60, 36, 6, 57, 94, 88, 65, 56, 79, 40, 67, 68, 46, 75, 38, 9, 19, 32, 81, 41, 27, 62, 87, 90, 99, 59, 11, 16, 72, 73, 70, 39, 37, 84, 3, 96, 25, 55, 28, 29, 51, 7, 33, 61, 86, 48, 89, 50, 66, 92, 53, 80, 4, 8, 34, 49, 52, 0, 13, 2, 69, 74]|[1, 1, 0, 1, 1, 1, 2, 1, 2, 1, 2, 2, 2, 1, 1, 0, 0, 1, 0, 2, 2, 0, 1, 2, 0, 1, 2, 2, 0, 0, 1, 2, 1, 2, 1, 0, 2, 0, 1, 1, 0, 1, 1, 1, 0, 2, 1, 1, 0, 0, 0, 0, 1, 1, 2, 1, 2, 0, 0, 0, 2, 1, 1, 2, 2, 1, 2, 1, 1, 1, 1, 1, 2, 0, 1, 1, 0, 0, 0, 1, 2, 1, 0, 0, 1, 0, 2, 0, 0, 0, 0, 1, 2, 0, 1, 0, 0, 0, 1, 2]|[4, 3, 2, 2, 0, 0, 2, 2, 2, 4, 1, 1, 2, 4, 4, 1, 2, 4, 2, 1, 1, 1, 1, 2, 1, 2, 1, 1, 1, 1, 3, 1, 3, 0, 4, 0, 1, 1, 0, 3, 2, 2, 4, 0, 1, 1, 0, 2, 0, 1, 2, 2, 1, 4, 0, 3, 2, 1, 1, 2, 1, 3, 1, 1, 1, 3, 0, 4, 3, 1, 4, 1, 1, 1, 4, 4, 2, 1, 1, 3, 1, 3, 1, 1, 1, 1, 1, 2, 2, 1, 2, 3, 1, 1, 1, 2, 2, 2, 3, 1]|[0, 2, 1, 1, 3, 3, 0, 1, 0, 0, 0, 0, 1, 0, 1, 0, 0, 3, 1, 0, 0, 0, 3, 1, 0, 2, 0, 0, 0, 1, 0, 0, 0, 0, 3, 0, 1, 0, 0, 2, 1, 1, 2, 0, 0, 0, 0, 1, 1, 0, 0, 0, 1, 3, 0, 0, 1, 0, 0, 1, 0, 2, 1, 0, 0, 2, 1, 0, 0, 1, 1, 3, 0, 0, 3, 3, 1, 0, 0, 2, 0, 0, 0, 0, 1, 0, 0, 1, 1, 0, 1, 2, 0, 1, 1, 0, 0, 0, 0, 0],788.6560468940121,57635.415514873916,89798.3341874157,true
42,G2_TEC,G2_TEC,[31, 22, 82, 15, 26, 9, 95, 42, 77, 68, 47, 5, 93, 78, 86, 54, 85, 63, 18, 44, 20, 49, 36, 14, 74, 50, 53, 17, 21, 28, 11, 64, 3, 23, 30, 83, 24, 41, 40, 52, 65, 27, 90, 70, 39, 87, 48, 69, 99, 4, 46, 1, 13, 58, 97, 59, 45, 8, 73, 37, 35, 79, 71, 66, 76, 32, 60, 80, 56, 6, 67, 61, 33, 7, 57, 34, 12, 16, 10, 98, 96, 88, 43, 75, 91, 2, 84, 29, 92, 19, 51, 89, 81, 55, 25, 62, 94, 38, 0, 72]|[2, 1, 2, 1, 1, 2, 1, 1, 1, 1, 1, 0, 2, 2, 1, 2, 0, 0, 0, 2, 2, 1, 0, 2, 0, 2, 2, 1, 0, 1, 1, 1, 0, 0, 1, 0, 2, 1, 2, 2, 0, 0, 1, 1, 0, 2, 0, 2, 1, 0, 0, 2, 0, 0, 2, 0, 1, 1, 0, 0, 2, 1, 1, 2, 2, 0, 2, 2, 2, 1, 2, 1, 1, 2, 0, 1, 1, 2, 1, 2, 0, 1, 1, 0, 1, 0, 0, 1, 0, 1, 1, 1, 1, 0, 1, 1, 2, 0, 2, 1]|[0, 3, 0, 3, 4, 1, 4, 4, 2, 4, 3, 2, 1, 0, 2, 1, 1, 1, 2, 1, 1, 3, 0, 1, 0, 1, 1, 4, 1, 4, 3, 2, 2, 0, 4, 1, 1, 4, 1, 1, 2, 1, 4, 4, 1, 1, 0, 1, 3, 2, 2, 1, 2, 1, 1, 2, 4, 3, 0, 2, 2, 3, 3, 1, 1, 2, 1, 1, 1, 4, 1, 3, 4, 1, 2, 4, 3, 1, 3, 1, 2, 4, 4, 2, 3, 2, 2, 3, 2, 4, 3, 4, 4, 2, 4, 3, 1, 2, 1, 4]|[0, 2, 0, 0, 3, 0, 1, 3, 0, 0, 2, 0, 1, 0, 1, 0, 0, 0, 1, 0, 0, 2, 0, 0, 1, 0, 0, 3, 0, 1, 0, 2, 0, 0, 3, 0, 1, 1, 0, 0, 0, 0, 1, 3, 0, 0, 1, 0, 2, 0, 0, 0, 0, 0, 1, 0, 1, 0, 1, 1, 0, 2, 0, 0, 0, 0, 0, 0, 0, 2, 0, 0, 1, 0, 0, 1, 0, 0, 3, 0, 0, 1, 2, 0, 0, 0, 0, 3, 0, 1, 0, 1, 2, 0, 3, 0, 0, 0, 0, 1],900.9997008912425,49128.48688595175,106795.87604151538,false
42,G3_TWC,G3_TWC,[31, 22, 82, 15, 26, 58, 95, 42, 77, 12, 47, 5, 93, 78, 98, 54, 85, 63, 18, 44, 20, 35, 43, 97, 91, 76, 10, 30, 21, 45, 71, 64, 1, 23, 17, 83, 24, 14, 60, 36, 6, 57, 94, 88, 65, 56, 79, 40, 67, 68, 46, 75, 39, 9, 19, 32, 81, 96, 27, 62, 87, 90, 99, 59, 53, 16, 72, 73, 70, 38, 37, 84, 3, 92, 25, 55, 28, 29, 51, 7, 33, 61, 86, 66, 89, 50, 48, 41, 11, 80, 4, 8, 34, 49, 52, 0, 13, 2, 69, 74]|[1, 1, 0, 1, 1, 1, 2, 1, 2, 1, 2, 2, 2, 1, 1, 0, 0, 1, 0, 2, 2, 0, 1, 2, 0, 1, 2, 2, 0, 0, 1, 2, 1, 2, 1, 0, 2, 0, 1, 1, 0, 1, 1, 1, 0, 2, 1, 1, 0, 0, 0, 0, 1, 1, 2, 1, 2, 0, 0, 0, 2, 1, 0, 1, 0, 1, 2, 1, 1, 1, 1, 1, 2, 0, 1, 1, 0, 0, 0, 1, 2, 1, 0, 2, 1, 0, 0, 2, 2, 0, 0, 1, 2, 0, 1, 0, 0, 0, 1, 2]|[4, 3, 2, 2, 0, 0, 2, 2, 2, 4, 1, 1, 2, 4, 4, 1, 1, 4, 2, 1, 1, 1, 1, 2, 1, 2, 1, 1, 1, 1, 3, 2, 3, 0, 4, 0, 1, 1, 0, 3, 2, 2, 4, 0, 1, 1, 0, 2, 0, 1, 2, 2, 1, 4, 0, 3, 2, 1, 1, 2, 1, 3, 1, 1, 2, 3, 0, 4, 3, 1, 4, 1, 1, 2, 4, 4, 2, 1, 1, 3, 1, 3, 1, 1, 1, 1, 1, 1, 1, 1, 2, 3, 1, 1, 1, 2, 2, 2, 3, 1]|[0, 2, 1, 1, 3, 3, 0, 1, 0, 0, 0, 0, 1, 0, 1, 0, 0, 3, 1, 0, 0, 0, 3, 1, 0, 2, 0, 0, 0, 1, 0, 0, 0, 0, 3, 0, 1, 0, 0, 2, 1, 1, 2, 0, 0, 0, 0, 1, 1, 0, 0, 0, 1, 3, 0, 0, 1, 0, 0, 1, 0, 2, 0, 1, 1, 2, 1, 0, 0, 1, 1, 3, 0, 1, 3, 3, 1, 0, 0, 2, 0, 0, 0, 0, 1, 0, 0, 0, 0, 0, 1, 2, 0, 1, 1, 0, 0, 0, 0, 0],765.1395626884388,57769.19651867675,89744.90231435932,false
42,G1_CMAX,G1_CMAX,[31, 22, 82, 90, 26, 58, 95, 42, 77, 12, 93, 5, 78, 86, 98, 18, 44, 20, 35, 3, 97, 91, 76, 10, 85, 30, 47, 54, 45, 63, 71, 66, 1, 23, 17, 83, 24, 14, 60, 36, 6, 57, 40, 88, 65, 56, 79, 94, 67, 68, 46, 75, 38, 9, 19, 32, 81, 27, 62, 87, 15, 99, 59, 11, 16, 72, 73, 70, 39, 37, 84, 43, 80, 53, 96, 4, 50, 41, 89, 48, 21, 61, 33, 7, 51, 29, 28, 55, 25, 92, 8, 69, 0, 74, 52, 2, 13, 34, 49, 64]|[1, 1, 0, 1, 1, 0, 2, 1, 2, 1, 2, 2, 2, 1, 0, 1, 0, 2, 2, 1, 2, 2, 1, 2, 2, 2, 2, 0, 0, 0, 1, 2, 1, 2, 1, 0, 2, 0, 1, 1, 0, 1, 1, 1, 0, 2, 1, 1, 0, 0, 0, 1, 1, 1, 2, 1, 2, 0, 0, 2, 1, 0, 1, 2, 1, 2, 1, 1, 1, 1, 1, 1, 0, 0, 2, 1, 0, 0, 1, 0, 0, 1, 2, 1, 0, 0, 0, 1, 1, 0, 0, 1, 0, 2, 1, 0, 0, 2, 0, 2]|[3, 0, 2, 3, 0, 1, 1, 2, 2, 4, 1, 1, 0, 4, 1, 4, 2, 1, 1, 1, 2, 2, 2, 1, 1, 1, 2, 1, 1, 2, 3, 2, 3, 1, 4, 0, 1, 1, 0, 3, 2, 2, 4, 0, 1, 1, 0, 4, 0, 1, 2, 3, 1, 4, 0, 3, 2, 1, 2, 1, 2, 1, 1, 1, 3, 0, 4, 3, 1, 4, 1, 1, 1, 2, 1, 4, 1, 1, 1, 1, 1, 3, 1, 1, 1, 1, 2, 4, 4, 2, 2, 3, 2, 1, 1, 2, 2, 1, 1, 1]|[2, 0, 1, 2, 3, 0, 0, 1, 1, 0, 0, 0, 0, 1, 0, 3, 1, 0, 0, 1, 1, 1, 2, 0, 0, 0, 1, 0, 1, 0, 0, 0, 0, 0, 3, 0, 1, 0, 0, 2, 1, 1, 2, 0, 0, 0, 0, 2, 1, 0, 0, 0, 1, 3, 0, 0, 1, 0, 1, 0, 1, 0, 1, 0, 2, 1, 0, 0, 1, 1, 3, 3, 0, 1, 0, 0, 0, 0, 1, 0, 0, 0, 0, 2, 0, 0, 1, 3, 3, 1, 1, 2, 0, 0, 1, 0, 0, 0, 1, 0],706.0425648885516,58640.99257008452,96849.50297129861,false
42,G4_BALANCED,G4_BALANCED,[31, 22, 82, 15, 26, 9, 95, 42, 77, 68, 47, 5, 93, 78, 86, 54, 85, 63, 18, 44, 20, 49, 36, 14, 74, 50, 53, 17, 21, 28, 71, 64, 3, 23, 30, 83, 24, 41, 60, 52, 65, 27, 90, 70, 39, 87, 48, 69, 99, 4, 46, 1, 13, 58, 97, 59, 45, 75, 73, 37, 35, 79, 11, 66, 76, 32, 40, 80, 96, 6, 16, 61, 33, 7, 57, 34, 12, 67, 10, 98, 56, 88, 29, 8, 91, 38, 19, 92, 43, 84, 51, 72, 81, 0, 2, 55, 94, 89, 62, 25]|[2, 1, 1, 2, 1, 2, 1, 1, 1, 1, 1, 0, 2, 2, 1, 2, 0, 0, 0, 2, 2, 1, 0, 2, 0, 2, 2, 1, 0, 1, 1, 1, 0, 0, 1, 0, 2, 1, 2, 2, 0, 0, 1, 1, 0, 2, 0, 2, 1, 0, 0, 2, 0, 0, 2, 0, 1, 0, 0, 0, 2, 1, 0, 2, 2, 0, 2, 2, 0, 1, 2, 1, 1, 2, 0, 1, 1, 1, 1, 2, 2, 1, 1, 1, 1, 0, 1, 0, 1, 0, 1, 1, 1, 0, 2, 0, 2, 1, 1, 1]|[1, 3, 2, 0, 4, 1, 4, 4, 2, 4, 3, 2, 1, 0, 2, 1, 1, 1, 2, 1, 1, 3, 0, 1, 0, 1, 1, 4, 1, 4, 3, 2, 2, 0, 4, 1, 1, 4, 0, 1, 2, 1, 4, 4, 1, 1, 0, 2, 3, 1, 2, 1, 2, 1, 1, 2, 4, 2, 0, 2, 2, 3, 1, 0, 1, 2, 0, 1, 2, 4, 1, 3, 4, 1, 2, 4, 3, 3, 3, 1, 1, 4, 3, 3, 3, 2, 4, 2, 4, 2, 3, 4, 1, 2, 1, 2, 1, 4, 3, 4]|[1, 2, 1, 0, 3, 0, 1, 3, 0, 0, 2, 0, 1, 0, 1, 0, 0, 0, 1, 0, 0, 2, 0, 0, 1, 0, 0, 3, 0, 1, 0, 2, 0, 1, 3, 0, 1, 3, 1, 0, 0, 0, 1, 3, 0, 0, 1, 0, 2, 0, 0, 0, 0, 0, 1, 0, 1, 0, 1, 1, 0, 2, 0, 0, 0, 0, 0, 0, 0, 2, 0, 0, 1, 0, 0, 1, 0, 0, 3, 0, 0, 1, 0, 0, 0, 0, 3, 0, 2, 0, 0, 2, 1, 0, 0, 0, 0, 1, 0, 3],837.479178750376,52435.170692348955,108071.3583989792,false
42,G2_TEC,G2_TEC,[31, 22, 82, 15, 26, 9, 95, 42, 77, 68, 47, 5, 93, 78, 86, 54, 85, 63, 18, 44, 20, 49, 36, 14, 74, 50, 53, 17, 21, 28, 11, 64, 3, 23, 30, 83, 24, 41, 40, 52, 65, 27, 90, 70, 39, 87, 48, 69, 99, 4, 75, 1, 13, 58, 97, 59, 45, 8, 73, 37, 35, 79, 71, 66, 76, 32, 60, 80, 56, 6, 67, 61, 33, 7, 57, 34, 12, 16, 10, 94, 96, 88, 43, 46, 91, 2, 84, 29, 92, 19, 51, 89, 81, 25, 55, 72, 98, 38, 0, 62]|[2, 1, 2, 1, 1, 2, 1, 1, 1, 1, 1, 0, 2, 2, 1, 2, 0, 0, 0, 2, 2, 1, 0, 2, 0, 2, 2, 1, 0, 1, 1, 1, 0, 0, 1, 0, 2, 1, 2, 2, 0, 0, 1, 1, 0, 2, 0, 2, 1, 0, 0, 2, 0, 0, 2, 0, 1, 1, 0, 0, 2, 1, 1, 2, 2, 0, 2, 2, 2, 1, 2, 1, 1, 2, 0, 1, 1, 2, 1, 2, 0, 1, 1, 0, 1, 0, 0, 1, 0, 1, 1, 1, 1, 1, 0, 1, 2, 0, 2, 1]|[0, 3, 0, 3, 4, 1, 4, 4, 2, 4, 3, 2, 1, 0, 2, 1, 1, 1, 2, 1, 1, 3, 0, 1, 0, 1, 1, 4, 1, 4, 3, 2, 2, 0, 4, 1, 1, 4, 1, 1, 2, 1, 4, 4, 1, 1, 0, 1, 3, 2, 2, 1, 2, 1, 1, 2, 4, 3, 0, 2, 2, 3, 3, 1, 1, 2, 1, 1, 1, 4, 1, 3, 4, 1, 2, 4, 3, 1, 3, 1, 2, 4, 4, 2, 3, 2, 2, 3, 2, 4, 3, 4, 4, 4, 2, 4, 1, 2, 1, 3]|[0, 2, 0, 0, 3, 0, 1, 3, 0, 0, 2, 0, 1, 0, 1, 0, 0, 0, 1, 0, 0, 2, 0, 0, 1, 0, 0, 3, 0, 1, 0, 2, 0, 0, 3, 0, 1, 1, 0, 0, 0, 0, 1, 3, 0, 0, 1, 0, 2, 0, 0, 0, 0, 0, 1, 0, 1, 0, 1, 1, 0, 2, 0, 0, 0, 0, 0, 0, 0, 2, 0, 0, 1, 0, 0, 1, 0, 0, 3, 0, 0, 1, 2, 0, 0, 0, 0, 3, 0, 1, 0, 1, 2, 3, 0, 1, 0, 0, 0, 0],900.7357371583179,49127.8910864123,106649.60962791642,false
42,G3_TWC,G3_TWC,[31, 22, 82, 15, 26, 58, 95, 42, 77, 12, 47, 5, 93, 78, 98, 54, 85, 63, 18, 44, 20, 35, 43, 97, 91, 76, 10, 30, 21, 45, 71, 64, 1, 23, 17, 83, 24, 14, 60, 36, 6, 57, 94, 88, 65, 56, 79, 40, 67, 68, 46, 75, 39, 9, 19, 32, 81, 96, 27, 62, 87, 90, 99, 59, 11, 16, 72, 73, 70, 38, 37, 84, 3, 92, 25, 55, 28, 29, 51, 7, 33, 61, 86, 48, 89, 50, 69, 41, 53, 80, 4, 8, 34, 49, 52, 0, 13, 74, 2, 66]|[1, 1, 0, 1, 1, 1, 2, 1, 2, 1, 2, 2, 2, 1, 1, 0, 0, 1, 0, 2, 2, 0, 1, 2, 0, 1, 2, 2, 0, 0, 1, 2, 1, 2, 1, 0, 2, 0, 1, 1, 0, 1, 1, 1, 0, 2, 1, 1, 0, 0, 0, 0, 1, 1, 2, 1, 2, 0, 0, 0, 2, 1, 0, 1, 2, 1, 2, 1, 1, 1, 1, 1, 2, 0, 1, 1, 0, 0, 0, 1, 2, 1, 0, 0, 1, 0, 2, 0, 0, 0, 0, 1, 2, 0, 1, 0, 0, 0, 0, 2]|[4, 3, 2, 2, 0, 0, 2, 2, 2, 4, 1, 1, 2, 4, 4, 1, 1, 4, 2, 1, 1, 1, 1, 2, 1, 2, 1, 1, 1, 1, 3, 2, 3, 0, 4, 0, 1, 1, 0, 3, 2, 2, 4, 0, 1, 1, 0, 2, 0, 1, 2, 2, 1, 4, 0, 3, 2, 1, 1, 2, 1, 3, 1, 1, 1, 3, 0, 4, 3, 1, 4, 1, 1, 2, 4, 4, 2, 1, 1, 3, 1, 3, 1, 1, 1, 1, 1, 1, 2, 1, 2, 3, 1, 1, 1, 2, 2, 2, 2, 1]|[0, 2, 1, 1, 3, 3, 0, 1, 0, 0, 0, 0, 1, 0, 1, 0, 0, 3, 1, 0, 0, 0, 3, 1, 0, 2, 0, 0, 0, 1, 0, 0, 0, 0, 3, 0, 1, 0, 0, 2, 1, 1, 2, 0, 0, 0, 0, 1, 1, 0, 0, 0, 1, 3, 0, 0, 1, 0, 0, 1, 0, 2, 0, 1, 0, 2, 1, 0, 0, 1, 1, 3, 0, 1, 3, 3, 1, 0, 0, 2, 0, 0, 0, 0, 1, 0, 0, 0, 1, 0, 1, 2, 0, 1, 1, 0, 0, 0, 0, 0],833.2154215640596,57825.44465227681,88905.52377856613,false
42,G1_CMAX,G1_CMAX,[31, 22, 82, 90, 26, 58, 95, 42, 77, 12, 93, 5, 78, 86, 98, 18, 44, 20, 35, 3, 97, 91, 76, 10, 85, 30, 47, 54, 45, 63, 71, 66, 1, 23, 17, 83, 24, 14, 60, 36, 6, 57, 40, 88, 65, 56, 79, 94, 67, 68, 46, 75, 38, 9, 19, 32, 81, 27, 62, 87, 15, 99, 59, 11, 16, 72, 73, 70, 39, 37, 84, 43, 80, 53, 96, 4, 50, 41, 89, 48, 21, 61, 33, 7, 51, 29, 28, 55, 25, 92, 8, 69, 0, 74, 52, 2, 13, 34, 49, 64]|[1, 1, 0, 1, 1, 0, 2, 1, 2, 1, 2, 2, 2, 1, 0, 1, 0, 2, 2, 1, 2, 2, 1, 2, 2, 2, 2, 0, 0, 0, 1, 2, 1, 2, 1, 0, 2, 0, 1, 1, 0, 1, 1, 1, 0, 2, 1, 1, 0, 0, 0, 1, 1, 1, 2, 1, 2, 0, 0, 2, 1, 0, 1, 2, 1, 2, 1, 1, 1, 1, 1, 1, 0, 0, 2, 1, 0, 0, 1, 0, 0, 1, 2, 1, 0, 0, 0, 1, 1, 0, 0, 1, 0, 2, 1, 0, 0, 2, 0, 2]|[3, 0, 2, 3, 0, 1, 1, 2, 2, 4, 1, 1, 0, 4, 1, 4, 2, 1, 1, 1, 2, 2, 2, 1, 1, 1, 2, 1, 1, 2, 3, 2, 3, 1, 4, 0, 1, 1, 0, 3, 2, 2, 4, 0, 1, 1, 0, 4, 0, 1, 2, 3, 1, 4, 0, 3, 2, 1, 2, 1, 2, 1, 1, 1, 3, 0, 4, 3, 1, 4, 1, 1, 1, 2, 1, 4, 1, 1, 1, 1, 1, 3, 1, 1, 1, 1, 2, 4, 4, 2, 2, 3, 2, 1, 1, 2, 2, 1, 1, 1]|[2, 0, 1, 2, 3, 0, 0, 1, 1, 0, 0, 0, 0, 1, 0, 3, 1, 0, 0, 1, 1, 1, 2, 0, 0, 0, 1, 0, 1, 0, 0, 0, 0, 0, 3, 0, 1, 0, 0, 2, 1, 1, 2, 0, 0, 0, 0, 2, 1, 0, 0, 0, 1, 3, 0, 0, 1, 0, 1, 0, 1, 0, 1, 0, 2, 1, 0, 0, 1, 1, 3, 3, 0, 1, 0, 0, 0, 0, 1, 0, 0, 0, 0, 2, 0, 0, 1, 3, 3, 1, 1, 2, 0, 0, 1, 0, 0, 0, 1, 0],706.0425648885516,58640.99257008452,96849.50297129861,false
42,G4_BALANCED,G4_BALANCED,[31, 22, 82, 15, 26, 9, 95, 42, 77, 68, 47, 5, 93, 78, 86, 54, 85, 63, 18, 44, 20, 49, 36, 14, 74, 50, 53, 17, 21, 28, 71, 64, 3, 23, 30, 83, 24, 41, 60, 52, 65, 27, 90, 70, 39, 87, 48, 69, 99, 4, 46, 1, 13, 58, 97, 59, 45, 75, 73, 37, 35, 79, 11, 66, 76, 32, 40, 80, 96, 6, 16, 61, 33, 7, 57, 34, 12, 67, 10, 98, 56, 88, 29, 8, 91, 38, 19, 92, 43, 84, 51, 72, 81, 0, 2, 55, 94, 89, 62, 25]|[2, 1, 1, 2, 1, 2, 1, 1, 1, 1, 1, 0, 2, 2, 1, 2, 0, 0, 0, 2, 2, 1, 0, 2, 0, 2, 2, 1, 0, 1, 1, 1, 0, 0, 1, 0, 2, 1, 2, 2, 0, 0, 1, 1, 0, 2, 0, 2, 1, 0, 0, 2, 0, 0, 2, 0, 1, 0, 0, 0, 2, 1, 0, 2, 2, 0, 2, 2, 0, 1, 2, 1, 1, 2, 0, 1, 1, 1, 1, 2, 2, 1, 1, 1, 1, 0, 1, 0, 1, 0, 1, 1, 1, 0, 2, 0, 2, 1, 1, 1]|[1, 3, 2, 0, 4, 1, 4, 4, 2, 4, 3, 2, 1, 0, 2, 1, 1, 1, 2, 1, 1, 3, 0, 1, 0, 1, 1, 4, 1, 4, 3, 2, 2, 0, 4, 1, 1, 4, 0, 1, 2, 1, 4, 4, 1, 1, 0, 2, 3, 1, 2, 1, 2, 1, 1, 2, 4, 2, 0, 2, 2, 3, 1, 0, 1, 2, 0, 1, 2, 4, 1, 3, 4, 1, 2, 4, 3, 3, 3, 1, 1, 4, 3, 3, 3, 2, 4, 2, 4, 2, 3, 4, 1, 2, 1, 2, 1, 4, 3, 4]|[1, 2, 1, 0, 3, 0, 1, 3, 0, 0, 2, 0, 1, 0, 1, 0, 0, 0, 1, 0, 0, 2, 0, 0, 1, 0, 0, 3, 0, 1, 0, 2, 0, 1, 3, 0, 1, 3, 1, 0, 0, 0, 1, 3, 0, 0, 1, 0, 2, 0, 0, 0, 0, 0, 1, 0, 1, 0, 1, 1, 0, 2, 0, 0, 0, 0, 0, 0, 0, 2, 0, 0, 1, 0, 0, 1, 0, 0, 3, 0, 0, 1, 0, 0, 0, 0, 3, 0, 2, 0, 0, 2, 1, 0, 0, 0, 0, 1, 0, 3],837.479178750376,52435.170692348955,108071.3583989792,false
42,G2_TEC,G2_TEC,[31, 22, 82, 15, 26, 9, 95, 42, 77, 68, 47, 5, 93, 78, 86, 54, 85, 63, 18, 44, 20, 49, 36, 14, 74, 50, 53, 17, 21, 28, 11, 64, 3, 23, 30, 83, 24, 41, 40, 52, 65, 27, 90, 70, 39, 87, 48, 69, 99, 4, 75, 1, 13, 58, 97, 59, 45, 8, 73, 37, 35, 79, 71, 66, 76, 32, 60, 80, 56, 6, 67, 61, 33, 7, 57, 34, 12, 16, 10, 94, 96, 88, 43, 46, 91, 2, 84, 29, 92, 19, 51, 89, 81, 25, 55, 72, 98, 38, 0, 62]|[2, 1, 2, 1, 1, 2, 1, 1, 1, 1, 1, 0, 2, 2, 1, 2, 0, 0, 0, 2, 2, 1, 0, 2, 0, 2, 2, 1, 0, 1, 1, 1, 0, 0, 1, 0, 2, 1, 2, 2, 0, 0, 1, 1, 0, 2, 0, 2, 1, 0, 0, 2, 0, 0, 2, 0, 1, 1, 0, 0, 2, 1, 1, 2, 2, 0, 2, 2, 2, 1, 2, 1, 1, 2, 0, 1, 1, 2, 1, 2, 0, 1, 1, 0, 1, 0, 0, 1, 0, 1, 1, 1, 1, 1, 0, 1, 2, 0, 2, 1]|[0, 3, 0, 3, 4, 1, 4, 4, 2, 4, 3, 2, 1, 0, 2, 1, 1, 1, 2, 1, 1, 3, 0, 1, 0, 1, 1, 4, 1, 4, 3, 2, 2, 0, 4, 1, 1, 4, 1, 1, 2, 1, 4, 4, 1, 1, 0, 1, 3, 2, 2, 1, 2, 1, 1, 2, 4, 3, 0, 2, 2, 3, 3, 1, 1, 2, 1, 1, 1, 4, 1, 3, 4, 1, 2, 4, 3, 1, 3, 1, 2, 4, 4, 2, 3, 2, 2, 3, 2, 4, 3, 4, 4, 4, 2, 4, 1, 2, 1, 3]|[0, 2, 0, 0, 3, 0, 1, 3, 0, 0, 2, 0, 1, 0, 1, 0, 0, 0, 1, 0, 0, 2, 0, 0, 1, 0, 0, 3, 0, 1, 0, 2, 0, 0, 3, 0, 1, 1, 0, 0, 0, 0, 1, 3, 0, 0, 1, 0, 2, 0, 0, 0, 0, 0, 1, 0, 1, 0, 1, 1, 0, 2, 0, 0, 0, 0, 0, 0, 0, 2, 0, 0, 1, 0, 0, 1, 0, 0, 3, 0, 0, 1, 2, 0, 0, 0, 0, 3, 0, 1, 0, 1, 2, 3, 0, 1, 0, 0, 0, 0],900.7357371583179,49127.8910864123,106649.60962791642,false
42,G3_TWC,G3_TWC,[31, 22, 82, 15, 26, 58, 95, 42, 77, 12, 47, 5, 93, 78, 98, 54, 85, 63, 18, 44, 20, 35, 43, 97, 91, 76, 10, 30, 21, 45, 71, 64, 1, 23, 17, 83, 24, 14, 60, 36, 6, 57, 94, 88, 65, 56, 79, 40, 67, 68, 46, 75, 39, 9, 19, 32, 81, 96, 27, 62, 87, 90, 99, 59, 11, 16, 72, 73, 70, 38, 37, 84, 3, 92, 25, 55, 28, 29, 51, 7, 33, 61, 86, 48, 89, 50, 69, 41, 53, 80, 4, 8, 34, 49, 52, 0, 13, 74, 2, 66]|[1, 1, 0, 1, 1, 1, 2, 1, 2, 1, 2, 2, 2, 1, 1, 0, 0, 1, 0, 2, 2, 0, 1, 2, 0, 1, 2, 2, 0, 0, 1, 2, 1, 2, 1, 0, 2, 0, 1, 1, 0, 1, 1, 1, 0, 2, 1, 1, 0, 0, 0, 0, 1, 1, 2, 1, 2, 0, 0, 0, 2, 1, 0, 1, 2, 1, 2, 1, 1, 1, 1, 1, 2, 0, 1, 1, 0, 0, 0, 1, 2, 1, 0, 0, 1, 0, 2, 0, 0, 0, 0, 1, 2, 0, 1, 0, 0, 0, 0, 2]|[4, 3, 2, 2, 0, 0, 2, 2, 2, 4, 1, 1, 2, 4, 4, 1, 1, 4, 2, 1, 1, 1, 1, 2, 1, 2, 1, 1, 1, 1, 3, 2, 3, 0, 4, 0, 1, 1, 0, 3, 2, 2, 4, 0, 1, 1, 0, 2, 0, 1, 2, 2, 1, 4, 0, 3, 2, 1, 1, 2, 1, 3, 1, 1, 1, 3, 0, 4, 3, 1, 4, 1, 1, 2, 4, 4, 2, 1, 1, 3, 1, 3, 1, 1, 1, 1, 1, 1, 2, 1, 2, 3, 1, 1, 1, 2, 2, 2, 2, 1]|[0, 2, 1, 1, 3, 3, 0, 1, 0, 0, 0, 0, 1, 0, 1, 0, 0, 3, 1, 0, 0, 0, 3, 1, 0, 2, 0, 0, 0, 1, 0, 0, 0, 0, 3, 0, 1, 0, 0, 2, 1, 1, 2, 0, 0, 0, 0, 1, 1, 0, 0, 0, 1, 3, 0, 0, 1, 0, 0, 1, 0, 2, 0, 1, 0, 2, 1, 0, 0, 1, 1, 3, 0, 1, 3, 3, 1, 0, 0, 2, 0, 0, 0, 0, 1, 0, 0, 0, 1, 0, 1, 2, 0, 1, 1, 0, 0, 0, 0, 0],833.2154215640596,57825.44465227681,88905.52377856613,false
42,G1_CMAX,G1_CMAX,[31, 22, 82, 90, 26, 58, 95, 42, 77, 12, 93, 5, 78, 86, 98, 18, 44, 20, 35, 3, 97, 91, 76, 10, 85, 30, 47, 54, 45, 63, 71, 66, 1, 23, 17, 83, 24, 14, 60, 36, 6, 57, 40, 88, 65, 56, 79, 94, 67, 68, 46, 75, 38, 9, 19, 32, 81, 27, 62, 87, 15, 99, 59, 11, 16, 72, 73, 70, 39, 37, 84, 43, 80, 53, 96, 4, 50, 41, 89, 48, 21, 61, 33, 7, 51, 29, 28, 55, 25, 92, 8, 69, 0, 74, 52, 2, 13, 34, 49, 64]|[1, 1, 0, 1, 1, 0, 2, 1, 2, 1, 2, 2, 2, 1, 0, 1, 0, 2, 2, 1, 2, 2, 1, 2, 2, 2, 2, 0, 0, 0, 1, 2, 1, 2, 1, 0, 2, 0, 1, 1, 0, 1, 1, 1, 0, 2, 1, 1, 0, 0, 0, 1, 1, 1, 2, 1, 2, 0, 0, 2, 1, 0, 1, 2, 1, 2, 1, 1, 1, 1, 1, 1, 0, 0, 2, 1, 0, 0, 1, 0, 0, 1, 2, 1, 0, 0, 0, 1, 1, 0, 0, 1, 0, 2, 1, 0, 0, 2, 0, 2]|[3, 0, 2, 3, 0, 1, 1, 2, 2, 4, 1, 1, 0, 4, 1, 4, 2, 1, 1, 1, 2, 2, 2, 1, 1, 1, 2, 1, 1, 2, 3, 2, 3, 1, 4, 0, 1, 1, 0, 3, 2, 2, 4, 0, 1, 1, 0, 4, 0, 1, 2, 3, 1, 4, 0, 3, 2, 1, 2, 1, 2, 1, 1, 1, 3, 0, 4, 3, 1, 4, 1, 1, 1, 2, 1, 4, 1, 1, 1, 1, 1, 3, 1, 1, 1, 1, 2, 4, 4, 2, 2, 3, 2, 1, 1, 2, 2, 1, 1, 1]|[2, 0, 1, 2, 3, 0, 0, 1, 1, 0, 0, 0, 0, 1, 0, 3, 1, 0, 0, 1, 1, 1, 2, 0, 0, 0, 1, 0, 1, 0, 0, 0, 0, 0, 3, 0, 1, 0, 0, 2, 1, 1, 2, 0, 0, 0, 0, 2, 1, 0, 0, 0, 1, 3, 0, 0, 1, 0, 1, 0, 1, 0, 1, 0, 2, 1, 0, 0, 1, 1, 3, 3, 0, 1, 0, 0, 0, 0, 1, 0, 0, 0, 0, 2, 0, 0, 1, 3, 3, 1, 1, 2, 0, 0, 1, 0, 0, 0, 1, 0],706.0425648885516,58640.99257008452,96849.50297129861,false
42,G4_BALANCED,G1_CMAX,[22, 82, 3, 58, 95, 42, 77, 47, 5, 93, 78, 12, 86, 54, 50, 63, 18, 44, 20, 35, 43, 97, 91, 76, 10, 30, 21, 45, 71, 64, 36, 23, 17, 83, 24, 14, 60, 1, 6, 40, 57, 90, 65, 56, 79, 94, 67, 68, 46, 75, 38, 9, 19, 32, 81, 41, 27, 62, 16, 55, 59, 89, 88, 87, 31, 72, 73, 70, 39, 37, 84, 92, 25, 11, 48, 15, 29, 51, 7, 33, 61, 98, 28, 99, 26, 85, 66, 96, 53, 80, 4, 8, 34, 49, 52, 2, 13, 0, 69, 74]|[1, 0, 1, 0, 1, 2, 2, 2, 2, 2, 1, 1, 1, 0, 0, 1, 0, 2, 2, 0, 1, 2, 0, 1, 2, 2, 0, 0, 1, 2, 1, 2, 1, 0, 2, 0, 1, 1, 0, 1, 1, 1, 0, 2, 1, 1, 0, 0, 0, 0, 1, 1, 2, 1, 2, 0, 0, 0, 1, 2, 1, 1, 1, 1, 1, 2, 1, 2, 1, 1, 1, 0, 1, 2, 2, 1, 0, 0, 1, 2, 1, 2, 0, 1, 1, 0, 0, 2, 0, 0, 1, 1, 2, 0, 1, 0, 0, 0, 1, 2]|[3, 2, 1, 1, 2, 1, 2, 1, 1, 2, 4, 4, 4, 1, 1, 4, 2, 1, 1, 1, 1, 2, 1, 2, 1, 1, 2, 1, 3, 2, 3, 1, 4, 1, 1, 1, 0, 3, 2, 2, 2, 3, 1, 1, 0, 4, 0, 1, 2, 2, 1, 4, 0, 3, 2, 1, 1, 2, 3, 1, 1, 1, 0, 3, 0, 0, 3, 0, 1, 4, 1, 0, 4, 1, 1, 4, 1, 1, 1, 1, 3, 1, 2, 1, 0, 2, 1, 1, 2, 1, 4, 3, 1, 1, 1, 2, 2, 2, 4, 1]|[3, 1, 2, 0, 1, 0, 0, 0, 0, 1, 0, 0, 1, 0, 0, 3, 1, 0, 0, 0, 3, 1, 0, 2, 0, 0, 0, 1, 0, 0, 2, 0, 3, 0, 1, 0, 0, 0, 1, 1, 1, 2, 0, 0, 0, 2, 1, 0, 0, 0, 1, 3, 0, 0, 1, 0, 0, 1, 2, 0, 1, 1, 0, 2, 0, 1, 0, 1, 1, 1, 1, 1, 3, 0, 0, 3, 0, 0, 2, 0, 0, 0, 1, 1, 3, 0, 0, 0, 1, 0, 0, 2, 0, 1, 1, 0, 0, 0, 2, 0],715.7913946700162,58060.95961022334,95287.06515100288,true
42,G2_TEC,G2_TEC,[31, 22, 82, 15, 26, 9, 95, 42, 77, 68, 47, 5, 93, 78, 86, 54, 85, 63, 18, 44, 20, 49, 36, 14, 74, 50, 53, 17, 21, 28, 11, 64, 3, 23, 30, 83, 24, 41, 40, 52, 65, 27, 90, 70, 39, 87, 48, 69, 99, 4, 75, 1, 13, 58, 97, 59, 45, 8, 73, 37, 35, 79, 71, 66, 76, 32, 60, 80, 56, 6, 67, 61, 33, 7, 57, 34, 12, 16, 10, 94, 96, 88, 43, 46, 91, 2, 84, 29, 92, 19, 51, 89, 81, 25, 55, 72, 98, 38, 0, 62]|[2, 1, 2, 1, 1, 2, 1, 1, 1, 1, 1, 0, 2, 2, 1, 2, 0, 0, 0, 2, 2, 1, 0, 2, 0, 2, 2, 1, 0, 1, 1, 1, 0, 0, 1, 0, 2, 1, 2, 2, 0, 0, 1, 1, 0, 2, 0, 2, 1, 0, 0, 2, 0, 0, 2, 0, 1, 1, 0, 0, 2, 1, 1, 2, 2, 0, 2, 2, 2, 1, 2, 1, 1, 2, 0, 1, 1, 2, 1, 2, 0, 1, 1, 0, 1, 0, 0, 1, 0, 1, 1, 1, 1, 1, 0, 1, 2, 0, 2, 1]|[0, 3, 0, 3, 4, 1, 4, 4, 2, 4, 3, 2, 1, 0, 2, 1, 1, 1, 2, 1, 1, 3, 0, 1, 0, 1, 1, 4, 1, 4, 3, 2, 2, 0, 4, 1, 1, 4, 1, 1, 2, 1, 4, 4, 1, 1, 0, 1, 3, 2, 2, 1, 2, 1, 1, 2, 4, 3, 0, 2, 2, 3, 3, 1, 1, 2, 1, 1, 1, 4, 1, 3, 4, 1, 2, 4, 3, 1, 3, 1, 2, 4, 4, 2, 3, 2, 2, 3, 2, 4, 3, 4, 4, 4, 2, 4, 1, 2, 1, 3]|[0, 2, 0, 0, 3, 0, 1, 3, 0, 0, 2, 0, 1, 0, 1, 0, 0, 0, 1, 0, 0, 2, 0, 0, 1, 0, 0, 3, 0, 1, 0, 2, 0, 0, 3, 0, 1, 1, 0, 0, 0, 0, 1, 3, 0, 0, 1, 0, 2, 0, 0, 0, 0, 0, 1, 0, 1, 0, 1, 1, 0, 2, 0, 0, 0, 0, 0, 0, 0, 2, 0, 0, 1, 0, 0, 1, 0, 0, 3, 0, 0, 1, 2, 0, 0, 0, 0, 3, 0, 1, 0, 1, 2, 3, 0, 1, 0, 0, 0, 0],900.7357371583179,49127.8910864123,106649.60962791642,false
42,G3_TWC,G3_TWC,[31, 22, 82, 15, 26, 58, 95, 42, 77, 12, 47, 5, 93, 78, 98, 54, 85, 63, 18, 44, 20, 35, 43, 97, 91, 76, 10, 30, 21, 45, 71, 64, 1, 23, 17, 83, 24, 14, 60, 36, 6, 57, 94, 88, 65, 56, 79, 40, 67, 68, 46, 75, 39, 9, 19, 32, 81, 96, 27, 62, 87, 90, 99, 59, 11, 16, 72, 73, 70, 38, 37, 84, 3, 92, 25, 55, 28, 29, 51, 7, 33, 61, 86, 48, 89, 50, 69, 41, 53, 80, 4, 8, 34, 49, 52, 0, 13, 74, 2, 66]|[1, 1, 0, 1, 1, 1, 2, 1, 2, 1, 2, 2, 2, 1, 1, 0, 0, 1, 0, 2, 2, 0, 1, 2, 0, 1, 2, 2, 0, 0, 1, 2, 1, 2, 1, 0, 2, 0, 1, 1, 0, 1, 1, 1, 0, 2, 1, 1, 0, 0, 0, 0, 1, 1, 2, 1, 2, 0, 0, 0, 2, 1, 0, 1, 2, 1, 2, 1, 1, 1, 1, 1, 2, 0, 1, 1, 0, 0, 0, 1, 2, 1, 0, 0, 1, 0, 2, 0, 0, 0, 0, 1, 2, 0, 1, 0, 0, 0, 0, 2]|[4, 3, 2, 2, 0, 0, 2, 2, 2, 4, 1, 1, 2, 4, 4, 1, 1, 4, 2, 1, 1, 1, 1, 2, 1, 2, 1, 1, 1, 1, 3, 2, 3, 0, 4, 0, 1, 1, 0, 3, 2, 2, 4, 0, 1, 1, 0, 2, 0, 1, 2, 2, 1, 4, 0, 3, 2, 1, 1, 2, 1, 3, 1, 1, 1, 3, 0, 4, 3, 1, 4, 1, 1, 2, 4, 4, 2, 1, 1, 3, 1, 3, 1, 1, 1, 1, 1, 1, 2, 1, 2, 3, 1, 1, 1, 2, 2, 2, 2, 1]|[0, 2, 1, 1, 3, 3, 0, 1, 0, 0, 0, 0, 1, 0, 1, 0, 0, 3, 1, 0, 0, 0, 3, 1, 0, 2, 0, 0, 0, 1, 0, 0, 0, 0, 3, 0, 1, 0, 0, 2, 1, 1, 2, 0, 0, 0, 0, 1, 1, 0, 0, 0, 1, 3, 0, 0, 1, 0, 0, 1, 0, 2, 0, 1, 0, 2, 1, 0, 0, 1, 1, 3, 0, 1, 3, 3, 1, 0, 0, 2, 0, 0, 0, 0, 1, 0, 0, 0, 1, 0, 1, 2, 0, 1, 1, 0, 0, 0, 0, 0],833.2154215640596,57825.44465227681,88905.52377856613,false
42,G1_CMAX,G1_CMAX,[31, 22, 82, 90, 26, 58, 95, 42, 77, 12, 93, 5, 78, 86, 98, 18, 44, 20, 35, 3, 97, 91, 76, 10, 85, 30, 47, 54, 45, 63, 71, 66, 1, 23, 17, 83, 24, 14, 60, 36, 6, 57, 40, 88, 65, 56, 79, 94, 67, 68, 46, 75, 38, 9, 19, 32, 81, 27, 62, 87, 15, 99, 59, 11, 16, 72, 73, 70, 39, 37, 84, 43, 80, 53, 96, 4, 50, 41, 89, 48, 21, 61, 33, 7, 51, 29, 28, 55, 25, 92, 8, 69, 0, 74, 52, 2, 13, 34, 49, 64]|[1, 1, 0, 1, 1, 0, 2, 1, 2, 1, 2, 2, 2, 1, 0, 1, 0, 2, 2, 1, 2, 2, 1, 2, 2, 2, 2, 0, 0, 0, 1, 2, 1, 2, 1, 0, 2, 0, 1, 1, 0, 1, 1, 1, 0, 2, 1, 1, 0, 0, 0, 1, 1, 1, 2, 1, 2, 0, 0, 2, 1, 0, 1, 2, 1, 2, 1, 1, 1, 1, 1, 1, 0, 0, 2, 1, 0, 0, 1, 0, 0, 1, 2, 1, 0, 0, 0, 1, 1, 0, 0, 1, 0, 2, 1, 0, 0, 2, 0, 2]|[3, 0, 2, 3, 0, 1, 1, 2, 2, 4, 1, 1, 0, 4, 1, 4, 2, 1, 1, 1, 2, 2, 2, 1, 1, 1, 2, 1, 1, 2, 3, 2, 3, 1, 4, 0, 1, 1, 0, 3, 2, 2, 4, 0, 1, 1, 0, 4, 0, 1, 2, 3, 1, 4, 0, 3, 2, 1, 2, 1, 2, 1, 1, 1, 3, 0, 4, 3, 1, 4, 1, 1, 1, 2, 1, 4, 1, 1, 1, 1, 1, 3, 1, 1, 1, 1, 2, 4, 4, 2, 2, 3, 2, 1, 1, 2, 2, 1, 1, 1]|[2, 0, 1, 2, 3, 0, 0, 1, 1, 0, 0, 0, 0, 1, 0, 3, 1, 0, 0, 1, 1, 1, 2, 0, 0, 0, 1, 0, 1, 0, 0, 0, 0, 0, 3, 0, 1, 0, 0, 2, 1, 1, 2, 0, 0, 0, 0, 2, 1, 0, 0, 0, 1, 3, 0, 0, 1, 0, 1, 0, 1, 0, 1, 0, 2, 1, 0, 0, 1, 1, 3, 3, 0, 1, 0, 0, 0, 0, 1, 0, 0, 0, 0, 2, 0, 0, 1, 3, 3, 1, 1, 2, 0, 0, 1, 0, 0, 0, 1, 0],706.0425648885516,58640.99257008452,96849.50297129861,false
42,G4_BALANCED,G1_CMAX,[22, 82, 3, 58, 95, 42, 77, 47, 5, 93, 78, 12, 86, 54, 50, 63, 18, 44, 20, 35, 43, 97, 91, 76, 10, 30, 21, 45, 71, 64, 36, 23, 17, 83, 24, 14, 60, 1, 6, 40, 57, 90, 65, 56, 79, 94, 67, 68, 46, 75, 38, 9, 19, 32, 81, 41, 27, 62, 16, 55, 59, 89, 88, 87, 31, 72, 73, 70, 39, 37, 84, 92, 25, 11, 48, 15, 29, 51, 7, 33, 61, 98, 28, 99, 26, 85, 66, 96, 53, 80, 4, 8, 34, 49, 52, 2, 13, 0, 69, 74]|[1, 0, 1, 0, 1, 2, 2, 2, 2, 2, 1, 1, 1, 0, 0, 1, 0, 2, 2, 0, 1, 2, 0, 1, 2, 2, 0, 0, 1, 2, 1, 2, 1, 0, 2, 0, 1, 1, 0, 1, 1, 1, 0, 2, 1, 1, 0, 0, 0, 0, 1, 1, 2, 1, 2, 0, 0, 0, 1, 2, 1, 1, 1, 1, 1, 2, 1, 2, 1, 1, 1, 0, 1, 2, 2, 1, 0, 0, 1, 2, 1, 2, 0, 1, 1, 0, 0, 2, 0, 0, 1, 1, 2, 0, 1, 0, 0, 0, 1, 2]|[3, 2, 1, 1, 2, 1, 2, 1, 1, 2, 4, 4, 4, 1, 1, 4, 2, 1, 1, 1, 1, 2, 1, 2, 1, 1, 2, 1, 3, 2, 3, 1, 4, 1, 1, 1, 0, 3, 2, 2, 2, 3, 1, 1, 0, 4, 0, 1, 2, 2, 1, 4, 0, 3, 2, 1, 1, 2, 3, 1, 1, 1, 0, 3, 0, 0, 3, 0, 1, 4, 1, 0, 4, 1, 1, 4, 1, 1, 1, 1, 3, 1, 2, 1, 0, 2, 1, 1, 2, 1, 4, 3, 1, 1, 1, 2, 2, 2, 4, 1]|[3, 1, 2, 0, 1, 0, 0, 0, 0, 1, 0, 0, 1, 0, 0, 3, 1, 0, 0, 0, 3, 1, 0, 2, 0, 0, 0, 1, 0, 0, 2, 0, 3, 0, 1, 0, 0, 0, 1, 1, 1, 2, 0, 0, 0, 2, 1, 0, 0, 0, 1, 3, 0, 0, 1, 0, 0, 1, 2, 0, 1, 1, 0, 2, 0, 1, 0, 1, 1, 1, 1, 1, 3, 0, 0, 3, 0, 0, 2, 0, 0, 0, 1, 1, 3, 0, 0, 0, 1, 0, 0, 2, 0, 1, 1, 0, 0, 0, 2, 0],715.7913946700162,58060.95961022334,95287.06515100288,true
42,G2_TEC,G2_TEC,[31, 22, 82, 15, 26, 9, 95, 42, 77, 68, 47, 5, 93, 78, 86, 54, 85, 63, 18, 44, 20, 49, 36, 14, 74, 50, 53, 17, 21, 28, 11, 64, 3, 23, 30, 83, 24, 41, 40, 52, 65, 27, 90, 70, 39, 87, 48, 69, 99, 4, 75, 1, 13, 58, 97, 59, 45, 8, 73, 37, 35, 79, 71, 66, 76, 32, 60, 80, 56, 6, 67, 61, 33, 7, 57, 34, 12, 16, 10, 94, 96, 88, 43, 46, 91, 2, 84, 29, 92, 19, 51, 89, 81, 25, 55, 72, 98, 38, 0, 62]|[2, 1, 2, 1, 1, 2, 1, 1, 1, 1, 1, 0, 2, 2, 1, 2, 0, 0, 0, 2, 2, 1, 0, 2, 0, 2, 2, 1, 0, 1, 1, 1, 0, 0, 1, 0, 2, 1, 2, 2, 0, 0, 1, 1, 0, 2, 0, 2, 1, 0, 0, 2, 0, 0, 2, 0, 1, 1, 0, 0, 2, 1, 1, 2, 2, 0, 2, 2, 2, 1, 2, 1, 1, 2, 0, 1, 1, 2, 1, 2, 0, 1, 1, 0, 1, 0, 0, 1, 0, 1, 1, 1, 1, 1, 0, 1, 2, 0, 2, 1]|[0, 3, 0, 3, 4, 1, 4, 4, 2, 4, 3, 2, 1, 0, 2, 1, 1, 1, 2, 1, 1, 3, 0, 1, 0, 1, 1, 4, 1, 4, 3, 2, 2, 0, 4, 1, 1, 4, 1, 1, 2, 1, 4, 4, 1, 1, 0, 1, 3, 2, 2, 1, 2, 1, 1, 2, 4, 3, 0, 2, 2, 3, 3, 1, 1, 2, 1, 1, 1, 4, 1, 3, 4, 1, 2, 4, 3, 1, 3, 1, 2, 4, 4, 2, 3, 2, 2, 3, 2, 4, 3, 4, 4, 4, 2, 4, 1, 2, 1, 3]|[0, 2, 0, 0, 3, 0, 1, 3, 0, 0, 2, 0, 1, 0, 1, 0, 0, 0, 1, 0, 0, 2, 0, 0, 1, 0, 0, 3, 0, 1, 0, 2, 0, 0, 3, 0, 1, 1, 0, 0, 0, 0, 1, 3, 0, 0, 1, 0, 2, 0, 0, 0, 0, 0, 1, 0, 1, 0, 1, 1, 0, 2, 0, 0, 0, 0, 0, 0, 0, 2, 0, 0, 1, 0, 0, 1, 0, 0, 3, 0, 0, 1, 2, 0, 0, 0, 0, 3, 0, 1, 0, 1, 2, 3, 0, 1, 0, 0, 0, 0],900.7357371583179,49127.8910864123,106649.60962791642,false
42,G3_TWC,G3_TWC,[31, 22, 82, 15, 26, 58, 95, 42, 77, 12, 47, 5, 93, 78, 98, 54, 85, 63, 18, 44, 20, 35, 43, 97, 91, 76, 10, 30, 21, 45, 71, 64, 1, 23, 17, 83, 24, 14, 60, 36, 6, 57, 94, 88, 65, 56, 79, 40, 67, 68, 46, 75, 39, 9, 19, 32, 81, 96, 27, 62, 87, 90, 99, 59, 11, 16, 72, 73, 70, 38, 37, 84, 3, 92, 25, 55, 28, 29, 51, 7, 33, 61, 86, 48, 89, 50, 69, 41, 53, 80, 4, 8, 34, 49, 52, 0, 13, 74, 2, 66]|[1, 1, 0, 1, 1, 1, 2, 1, 2, 1, 2, 2, 2, 1, 1, 0, 0, 1, 0, 2, 2, 0, 1, 2, 0, 1, 2, 2, 0, 0, 1, 2, 1, 2, 1, 0, 2, 0, 1, 1, 0, 1, 1, 1, 0, 2, 1, 1, 0, 0, 0, 0, 1, 1, 2, 1, 2, 0, 0, 0, 2, 1, 0, 1, 2, 1, 2, 1, 1, 1, 1, 1, 2, 0, 1, 1, 0, 0, 0, 1, 2, 1, 0, 0, 1, 0, 2, 0, 0, 0, 0, 1, 2, 0, 1, 0, 0, 0, 0, 2]|[4, 3, 2, 2, 0, 0, 2, 2, 2, 4, 1, 1, 2, 4, 4, 1, 1, 4, 2, 1, 1, 1, 1, 2, 1, 2, 1, 1, 1, 1, 3, 2, 3, 0, 4, 0, 1, 1, 0, 3, 2, 2, 4, 0, 1, 1, 0, 2, 0, 1, 2, 2, 1, 4, 0, 3, 2, 1, 1, 2, 1, 3, 1, 1, 1, 3, 0, 4, 3, 1, 4, 1, 1, 2, 4, 4, 2, 1, 1, 3, 1, 3, 1, 1, 1, 1, 1, 1, 2, 1, 2, 3, 1, 1, 1, 2, 2, 2, 2, 1]|[0, 2, 1, 1, 3, 3, 0, 1, 0, 0, 0, 0, 1, 0, 1, 0, 0, 3, 1, 0, 0, 0, 3, 1, 0, 2, 0, 0, 0, 1, 0, 0, 0, 0, 3, 0, 1, 0, 0, 2, 1, 1, 2, 0, 0, 0, 0, 1, 1, 0, 0, 0, 1, 3, 0, 0, 1, 0, 0, 1, 0, 2, 0, 1, 0, 2, 1, 0, 0, 1, 1, 3, 0, 1, 3, 3, 1, 0, 0, 2, 0, 0, 0, 0, 1, 0, 0, 0, 1, 0, 1, 2, 0, 1, 1, 0, 0, 0, 0, 0],833.2154215640596,57825.44465227681,88905.52377856613,false
42,G1_CMAX,G1_CMAX,[31, 22, 82, 90, 26, 58, 95, 42, 77, 12, 93, 5, 78, 86, 98, 18, 44, 20, 35, 3, 97, 91, 76, 10, 85, 30, 47, 54, 45, 63, 71, 66, 1, 23, 17, 83, 24, 14, 60, 36, 6, 57, 40, 88, 65, 56, 79, 94, 67, 68, 46, 75, 38, 9, 19, 32, 81, 27, 62, 87, 15, 99, 59, 11, 16, 72, 73, 70, 39, 37, 84, 43, 80, 53, 96, 4, 50, 41, 89, 48, 21, 61, 33, 7, 51, 29, 28, 55, 25, 92, 8, 69, 0, 74, 52, 2, 13, 34, 49, 64]|[1, 1, 0, 1, 1, 0, 2, 1, 2, 1, 2, 2, 2, 1, 0, 1, 0, 2, 2, 1, 2, 2, 1, 2, 2, 2, 2, 0, 0, 0, 1, 2, 1, 2, 1, 0, 2, 0, 1, 1, 0, 1, 1, 1, 0, 2, 1, 1, 0, 0, 0, 1, 1, 1, 2, 1, 2, 0, 0, 2, 1, 0, 1, 2, 1, 2, 1, 1, 1, 1, 1, 1, 0, 0, 2, 1, 0, 0, 1, 0, 0, 1, 2, 1, 0, 0, 0, 1, 1, 0, 0, 1, 0, 2, 1, 0, 0, 2, 0, 2]|[3, 0, 2, 3, 0, 1, 1, 2, 2, 4, 1, 1, 0, 4, 1, 4, 2, 1, 1, 1, 2, 2, 2, 1, 1, 1, 2, 1, 1, 2, 3, 2, 3, 1, 4, 0, 1, 1, 0, 3, 2, 2, 4, 0, 1, 1, 0, 4, 0, 1, 2, 3, 1, 4, 0, 3, 2, 1, 2, 1, 2, 1, 1, 1, 3, 0, 4, 3, 1, 4, 1, 1, 1, 2, 1, 4, 1, 1, 1, 1, 1, 3, 1, 1, 1, 1, 2, 4, 4, 2, 2, 3, 2, 1, 1, 2, 2, 1, 1, 1]|[2, 0, 1, 2, 3, 0, 0, 1, 1, 0, 0, 0, 0, 1, 0, 3, 1, 0, 0, 1, 1, 1, 2, 0, 0, 0, 1, 0, 1, 0, 0, 0, 0, 0, 3, 0, 1, 0, 0, 2, 1, 1, 2, 0, 0, 0, 0, 2, 1, 0, 0, 0, 1, 3, 0, 0, 1, 0, 1, 0, 1, 0, 1, 0, 2, 1, 0, 0, 1, 1, 3, 3, 0, 1, 0, 0, 0, 0, 1, 0, 0, 0, 0, 2, 0, 0, 1, 3, 3, 1, 1, 2, 0, 0, 1, 0, 0, 0, 1, 0],706.0425648885516,58640.99257008452,96849.50297129861,false
42,G4_BALANCED,G1_CMAX,[22, 82, 3, 58, 95, 42, 77, 47, 5, 93, 78, 12, 86, 54, 50, 63, 18, 44, 20, 35, 43, 97, 91, 76, 10, 30, 21, 45, 71, 64, 36, 23, 17, 83, 24, 14, 60, 1, 6, 40, 57, 90, 65, 56, 79, 94, 67, 68, 46, 75, 38, 9, 19, 32, 81, 41, 27, 62, 16, 55, 59, 89, 88, 87, 31, 72, 73, 70, 39, 37, 84, 92, 25, 11, 48, 15, 29, 51, 7, 33, 61, 98, 28, 99, 26, 85, 66, 96, 53, 80, 4, 8, 34, 49, 52, 2, 13, 0, 69, 74]|[1, 0, 1, 0, 1, 2, 2, 2, 2, 2, 1, 1, 1, 0, 0, 1, 0, 2, 2, 0, 1, 2, 0, 1, 2, 2, 0, 0, 1, 2, 1, 2, 1, 0, 2, 0, 1, 1, 0, 1, 1, 1, 0, 2, 1, 1, 0, 0, 0, 0, 1, 1, 2, 1, 2, 0, 0, 0, 1, 2, 1, 1, 1, 1, 1, 2, 1, 2, 1, 1, 1, 0, 1, 2, 2, 1, 0, 0, 1, 2, 1, 2, 0, 1, 1, 0, 0, 2, 0, 0, 1, 1, 2, 0, 1, 0, 0, 0, 1, 2]|[3, 2, 1, 1, 2, 1, 2, 1, 1, 2, 4, 4, 4, 1, 1, 4, 2, 1, 1, 1, 1, 2, 1, 2, 1, 1, 2, 1, 3, 2, 3, 1, 4, 1, 1, 1, 0, 3, 2, 2, 2, 3, 1, 1, 0, 4, 0, 1, 2, 2, 1, 4, 0, 3, 2, 1, 1, 2, 3, 1, 1, 1, 0, 3, 0, 0, 3, 0, 1, 4, 1, 0, 4, 1, 1, 4, 1, 1, 1, 1, 3, 1, 2, 1, 0, 2, 1, 1, 2, 1, 4, 3, 1, 1, 1, 2, 2, 2, 4, 1]|[3, 1, 2, 0, 1, 0, 0, 0, 0, 1, 0, 0, 1, 0, 0, 3, 1, 0, 0, 0, 3, 1, 0, 2, 0, 0, 0, 1, 0, 0, 2, 0, 3, 0, 1, 0, 0, 0, 1, 1, 1, 2, 0, 0, 0, 2, 1, 0, 0, 0, 1, 3, 0, 0, 1, 0, 0, 1, 2, 0, 1, 1, 0, 2, 0, 1, 0, 1, 1, 1, 1, 1, 3, 0, 0, 3, 0, 0, 2, 0, 0, 0, 1, 1, 3, 0, 0, 0, 1, 0, 0, 2, 0, 1, 1, 0, 0, 0, 2, 0],715.7913946700162,58060.95961022334,95287.06515100288,true
42,G2_TEC,G2_TEC,[31, 22, 82, 15, 26, 9, 95, 42, 77, 68, 47, 5, 93, 78, 86, 54, 85, 63, 18, 44, 20, 49, 36, 14, 74, 50, 53, 17, 21, 28, 11, 64, 3, 23, 30, 83, 24, 41, 40, 52, 65, 27, 90, 70, 39, 87, 48, 69, 99, 4, 75, 1, 13, 58, 97, 59, 45, 8, 73, 37, 35, 79, 71, 66, 76, 32, 60, 80, 56, 6, 67, 61, 33, 7, 57, 34, 12, 16, 10, 94, 96, 88, 43, 46, 91, 2, 84, 29, 92, 19, 51, 89, 81, 25, 55, 72, 98, 38, 0, 62]|[2, 1, 2, 1, 1, 2, 1, 1, 1, 1, 1, 0, 2, 2, 1, 2, 0, 0, 0, 2, 2, 1, 0, 2, 0, 2, 2, 1, 0, 1, 1, 1, 0, 0, 1, 0, 2, 1, 2, 2, 0, 0, 1, 1, 0, 2, 0, 2, 1, 0, 0, 2, 0, 0, 2, 0, 1, 1, 0, 0, 2, 1, 1, 2, 2, 0, 2, 2, 2, 1, 2, 1, 1, 2, 0, 1, 1, 2, 1, 2, 0, 1, 1, 0, 1, 0, 0, 1, 0, 1, 1, 1, 1, 1, 0, 1, 2, 0, 2, 1]|[0, 3, 0, 3, 4, 1, 4, 4, 2, 4, 3, 2, 1, 0, 2, 1, 1, 1, 2, 1, 1, 3, 0, 1, 0, 1, 1, 4, 1, 4, 3, 2, 2, 0, 4, 1, 1, 4, 1, 1, 2, 1, 4, 4, 1, 1, 0, 1, 3, 2, 2, 1, 2, 1, 1, 2, 4, 3, 0, 2, 2, 3, 3, 1, 1, 2, 1, 1, 1, 4, 1, 3, 4, 1, 2, 4, 3, 1, 3, 1, 2, 4, 4, 2, 3, 2, 2, 3, 2, 4, 3, 4, 4, 4, 2, 4, 1, 2, 1, 3]|[0, 2, 0, 0, 3, 0, 1, 3, 0, 0, 2, 0, 1, 0, 1, 0, 0, 0, 1, 0, 0, 2, 0, 0, 1, 0, 0, 3, 0, 1, 0, 2, 0, 0, 3, 0, 1, 1, 0, 0, 0, 0, 1, 3, 0, 0, 1, 0, 2, 0, 0, 0, 0, 0, 1, 0, 1, 0, 1, 1, 0, 2, 0, 0, 0, 0, 0, 0, 0, 2, 0, 0, 1, 0, 0, 1, 0, 0, 3, 0, 0, 1, 2, 0, 0, 0, 0, 3, 0, 1, 0, 1, 2, 3, 0, 1, 0, 0, 0, 0],900.7357371583179,49127.8910864123,106649.60962791642,false
42,G3_TWC,G3_TWC,[31, 22, 82, 15, 26, 58, 95, 42, 77, 12, 47, 5, 93, 78, 98, 54, 85, 63, 18, 44, 20, 35, 43, 97, 91, 76, 10, 30, 21, 45, 71, 64, 1, 23, 17, 83, 24, 14, 60, 36, 6, 57, 94, 88, 65, 56, 79, 40, 67, 68, 46, 75, 39, 9, 19, 32, 81, 96, 27, 62, 87, 90, 99, 59, 11, 16, 72, 73, 70, 38, 37, 84, 3, 92, 25, 55, 28, 29, 51, 7, 33, 61, 86, 48, 89, 50, 69, 41, 53, 80, 4, 8, 34, 49, 52, 0, 13, 74, 2, 66]|[1, 1, 0, 1, 1, 1, 2, 1, 2, 1, 2, 2, 2, 1, 1, 0, 0, 1, 0, 2, 2, 0, 1, 2, 0, 1, 2, 2, 0, 0, 1, 2, 1, 2, 1, 0, 2, 0, 1, 1, 0, 1, 1, 1, 0, 2, 1, 1, 0, 0, 0, 0, 1, 1, 2, 1, 2, 0, 0, 0, 2, 1, 0, 1, 2, 1, 2, 1, 1, 1, 1, 1, 2, 0, 1, 1, 0, 0, 0, 1, 2, 1, 0, 0, 1, 0, 2, 0, 0, 0, 0, 1, 2, 0, 1, 0, 0, 0, 0, 2]|[4, 3, 2, 2, 0, 0, 2, 2, 2, 4, 1, 1, 2, 4, 4, 1, 1, 4, 2, 1, 1, 1, 1, 2, 1, 2, 1, 1, 1, 1, 3, 2, 3, 0, 4, 0, 1, 1, 0, 3, 2, 2, 4, 0, 1, 1, 0, 2, 0, 1, 2, 2, 1, 4, 0, 3, 2, 1, 1, 2, 1, 3, 1, 1, 1, 3, 0, 4, 3, 1, 4, 1, 1, 2, 4, 4, 2, 1, 1, 3, 1, 3, 1, 1, 1, 1, 1, 1, 2, 1, 2, 3, 1, 1, 1, 2, 2, 2, 2, 1]|[0, 2, 1, 1, 3, 3, 0, 1, 0, 0, 0, 0, 1, 0, 1, 0, 0, 3, 1, 0, 0, 0, 3, 1, 0, 2, 0, 0, 0, 1, 0, 0, 0, 0, 3, 0, 1, 0, 0, 2, 1, 1, 2, 0, 0, 0, 0, 1, 1, 0, 0, 0, 1, 3, 0, 0, 1, 0, 0, 1, 0, 2, 0, 1, 0, 2, 1, 0, 0, 1, 1, 3, 0, 1, 3, 3, 1, 0, 0, 2, 0, 0, 0, 0, 1, 0, 0, 0, 1, 0, 1, 2, 0, 1, 1, 0, 0, 0, 0, 0],833.2154215640596,57825.44465227681,88905.52377856613,false
42,G1_CMAX,G1_CMAX,[31, 22, 82, 90, 26, 58, 95, 42, 77, 12, 93, 5, 78, 86, 98, 18, 44, 20, 35, 3, 97, 91, 76, 10, 85, 30, 47, 54, 45, 63, 71, 66, 1, 23, 17, 83, 24, 14, 60, 36, 6, 57, 40, 88, 65, 56, 79, 94, 67, 68, 46, 75, 38, 9, 19, 32, 81, 27, 62, 87, 15, 99, 59, 11, 16, 72, 73, 70, 39, 37, 84, 43, 80, 53, 96, 4, 50, 41, 89, 48, 21, 61, 33, 7, 51, 29, 28, 55, 25, 92, 8, 69, 0, 74, 52, 2, 13, 34, 49, 64]|[1, 1, 0, 1, 1, 0, 2, 1, 2, 1, 2, 2, 2, 1, 0, 1, 0, 2, 2, 1, 2, 2, 1, 2, 2, 2, 2, 0, 0, 0, 1, 2, 1, 2, 1, 0, 2, 0, 1, 1, 0, 1, 1, 1, 0, 2, 1, 1, 0, 0, 0, 1, 1, 1, 2, 1, 2, 0, 0, 2, 1, 0, 1, 2, 1, 2, 1, 1, 1, 1, 1, 1, 0, 0, 2, 1, 0, 0, 1, 0, 0, 1, 2, 1, 0, 0, 0, 1, 1, 0, 0, 1, 0, 2, 1, 0, 0, 2, 0, 2]|[3, 0, 2, 3, 0, 1, 1, 2, 2, 4, 1, 1, 0, 4, 1, 4, 2, 1, 1, 1, 2, 2, 2, 1, 1, 1, 2, 1, 1, 2, 3, 2, 3, 1, 4, 0, 1, 1, 0, 3, 2, 2, 4, 0, 1, 1, 0, 4, 0, 1, 2, 3, 1, 4, 0, 3, 2, 1, 2, 1, 2, 1, 1, 1, 3, 0, 4, 3, 1, 4, 1, 1, 1, 2, 1, 4, 1, 1, 1, 1, 1, 3, 1, 1, 1, 1, 2, 4, 4, 2, 2, 3, 2, 1, 1, 2, 2, 1, 1, 1]|[2, 0, 1, 2, 3, 0, 0, 1, 1, 0, 0, 0, 0, 1, 0, 3, 1, 0, 0, 1, 1, 1, 2, 0, 0, 0, 1, 0, 1, 0, 0, 0, 0, 0, 3, 0, 1, 0, 0, 2, 1, 1, 2, 0, 0, 0, 0, 2, 1, 0, 0, 0, 1, 3, 0, 0, 1, 0, 1, 0, 1, 0, 1, 0, 2, 1, 0, 0, 1, 1, 3, 3, 0, 1, 0, 0, 0, 0, 1, 0, 0, 0, 0, 2, 0, 0, 1, 3, 3, 1, 1, 2, 0, 0, 1, 0, 0, 0, 1, 0],706.0425648885516,58640.99257008452,96849.50297129861,false
42,G4_BALANCED,G1_CMAX,[22, 82, 3, 58, 95, 42, 77, 47, 5, 93, 78, 12, 86, 54, 50, 63, 18, 44, 20, 35, 43, 97, 91, 76, 10, 30, 21, 45, 71, 64, 36, 23, 17, 83, 24, 14, 60, 1, 6, 40, 57, 90, 65, 56, 79, 94, 67, 68, 46, 75, 38, 9, 19, 32, 81, 41, 27, 62, 16, 55, 59, 89, 88, 87, 31, 72, 73, 70, 39, 37, 84, 92, 25, 11, 48, 15, 29, 51, 7, 33, 61, 98, 28, 99, 26, 85, 66, 96, 53, 80, 4, 8, 34, 49, 52, 2, 13, 0, 69, 74]|[1, 0, 1, 0, 1, 2, 2, 2, 2, 2, 1, 1, 1, 0, 0, 1, 0, 2, 2, 0, 1, 2, 0, 1, 2, 2, 0, 0, 1, 2, 1, 2, 1, 0, 2, 0, 1, 1, 0, 1, 1, 1, 0, 2, 1, 1, 0, 0, 0, 0, 1, 1, 2, 1, 2, 0, 0, 0, 1, 2, 1, 1, 1, 1, 1, 2, 1, 2, 1, 1, 1, 0, 1, 2, 2, 1, 0, 0, 1, 2, 1, 2, 0, 1, 1, 0, 0, 2, 0, 0, 1, 1, 2, 0, 1, 0, 0, 0, 1, 2]|[3, 2, 1, 1, 2, 1, 2, 1, 1, 2, 4, 4, 4, 1, 1, 4, 2, 1, 1, 1, 1, 2, 1, 2, 1, 1, 2, 1, 3, 2, 3, 1, 4, 1, 1, 1, 0, 3, 2, 2, 2, 3, 1, 1, 0, 4, 0, 1, 2, 2, 1, 4, 0, 3, 2, 1, 1, 2, 3, 1, 1, 1, 0, 3, 0, 0, 3, 0, 1, 4, 1, 0, 4, 1, 1, 4, 1, 1, 1, 1, 3, 1, 2, 1, 0, 2, 1, 1, 2, 1, 4, 3, 1, 1, 1, 2, 2, 2, 4, 1]|[3, 1, 2, 0, 1, 0, 0, 0, 0, 1, 0, 0, 1, 0, 0, 3, 1, 0, 0, 0, 3, 1, 0, 2, 0, 0, 0, 1, 0, 0, 2, 0, 3, 0, 1, 0, 0, 0, 1, 1, 1, 2, 0, 0, 0, 2, 1, 0, 0, 0, 1, 3, 0, 0, 1, 0, 0, 1, 2, 0, 1, 1, 0, 2, 0, 1, 0, 1, 1, 1, 1, 1, 3, 0, 0, 3, 0, 0, 2, 0, 0, 0, 1, 1, 3, 0, 0, 0, 1, 0, 0, 2, 0, 1, 1, 0, 0, 0, 2, 0],715.7913946700162,58060.95961022334,95287.06515100288,true
42,G2_TEC,G2_TEC,[31, 22, 82, 15, 26, 9, 95, 42, 77, 68, 47, 5, 93, 78, 86, 54, 85, 63, 18, 44, 20, 49, 36, 14, 74, 50, 53, 17, 21, 28, 11, 64, 3, 23, 30, 83, 24, 41, 40, 52, 65, 27, 90, 70, 39, 87, 48, 69, 99, 4, 75, 1, 13, 58, 97, 59, 45, 8, 73, 37, 35, 79, 71, 66, 76, 32, 60, 80, 56, 6, 67, 61, 33, 7, 57, 34, 12, 16, 10, 94, 96, 88, 43, 46, 91, 2, 84, 29, 92, 19, 51, 89, 81, 25, 55, 72, 98, 38, 0, 62]|[2, 1, 2, 1, 1, 2, 1, 1, 1, 1, 1, 0, 2, 2, 1, 2, 0, 0, 0, 2, 2, 1, 0, 2, 0, 2, 2, 1, 0, 1, 1, 1, 0, 0, 1, 0, 2, 1, 2, 2, 0, 0, 1, 1, 0, 2, 0, 2, 1, 0, 0, 2, 0, 0, 2, 0, 1, 1, 0, 0, 2, 1, 1, 2, 2, 0, 2, 2, 2, 1, 2, 1, 1, 2, 0, 1, 1, 2, 1, 2, 0, 1, 1, 0, 1, 0, 0, 1, 0, 1, 1, 1, 1, 1, 0, 1, 2, 0, 2, 1]|[0, 3, 0, 3, 4, 1, 4, 4, 2, 4, 3, 2, 1, 0, 2, 1, 1, 1, 2, 1, 1, 3, 0, 1, 0, 1, 1, 4, 1, 4, 3, 2, 2, 0, 4, 1, 1, 4, 1, 1, 2, 1, 4, 4, 1, 1, 0, 1, 3, 2, 2, 1, 2, 1, 1, 2, 4, 3, 0, 2, 2, 3, 3, 1, 1, 2, 1, 1, 1, 4, 1, 3, 4, 1, 2, 4, 3, 1, 3, 1, 2, 4, 4, 2, 3, 2, 2, 3, 2, 4, 3, 4, 4, 4, 2, 4, 1, 2, 1, 3]|[0, 2, 0, 0, 3, 0, 1, 3, 0, 0, 2, 0, 1, 0, 1, 0, 0, 0, 1, 0, 0, 2, 0, 0, 1, 0, 0, 3, 0, 1, 0, 2, 0, 0, 3, 0, 1, 1, 0, 0, 0, 0, 1, 3, 0, 0, 1, 0, 2, 0, 0, 0, 0, 0, 1, 0, 1, 0, 1, 1, 0, 2, 0, 0, 0, 0, 0, 0, 0, 2, 0, 0, 1, 0, 0, 1, 0, 0, 3, 0, 0, 1, 2, 0, 0, 0, 0, 3, 0, 1, 0, 1, 2, 3, 0, 1, 0, 0, 0, 0],900.7357371583179,49127.8910864123,106649.60962791642,false
42,G3_TWC,G3_TWC,[31, 22, 82, 15, 26, 58, 95, 42, 77, 12, 47, 5, 93, 78, 98, 54, 85, 63, 18, 44, 20, 35, 43, 97, 91, 76, 10, 30, 21, 45, 71, 64, 1, 23, 17, 83, 24, 14, 60, 36, 6, 57, 94, 88, 65, 56, 79, 40, 67, 68, 46, 75, 39, 9, 19, 32, 81, 96, 27, 62, 87, 90, 99, 59, 11, 16, 72, 73, 70, 38, 37, 84, 3, 92, 25, 55, 28, 29, 51, 7, 33, 61, 86, 48, 89, 50, 69, 41, 53, 80, 4, 8, 34, 49, 52, 0, 13, 74, 2, 66]|[1, 1, 0, 1, 1, 1, 2, 1, 2, 1, 2, 2, 2, 1, 1, 0, 0, 1, 0, 2, 2, 0, 1, 2, 0, 1, 2, 2, 0, 0, 1, 2, 1, 2, 1, 0, 2, 0, 1, 1, 0, 1, 1, 1, 0, 2, 1, 1, 0, 0, 0, 0, 1, 1, 2, 1, 2, 0, 0, 0, 2, 1, 0, 1, 2, 1, 2, 1, 1, 1, 1, 1, 2, 0, 1, 1, 0, 0, 0, 1, 2, 1, 0, 0, 1, 0, 2, 0, 0, 0, 0, 1, 2, 0, 1, 0, 0, 0, 0, 2]|[4, 3, 2, 2, 0, 0, 2, 2, 2, 4, 1, 1, 2, 4, 4, 1, 1, 4, 2, 1, 1, 1, 1, 2, 1, 2, 1, 1, 1, 1, 3, 2, 3, 0, 4, 0, 1, 1, 0, 3, 2, 2, 4, 0, 1, 1, 0, 2, 0, 1, 2, 2, 1, 4, 0, 3, 2, 1, 1, 2, 1, 3, 1, 1, 1, 3, 0, 4, 3, 1, 4, 1, 1, 2, 4, 4, 2, 1, 1, 3, 1, 3, 1, 1, 1, 1, 1, 1, 2, 1, 2, 3, 1, 1, 1, 2, 2, 2, 2, 1]|[0, 2, 1, 1, 3, 3, 0, 1, 0, 0, 0, 0, 1, 0, 1, 0, 0, 3, 1, 0, 0, 0, 3, 1, 0, 2, 0, 0, 0, 1, 0, 0, 0, 0, 3, 0, 1, 0, 0, 2, 1, 1, 2, 0, 0, 0, 0, 1, 1, 0, 0, 0, 1, 3, 0, 0, 1, 0, 0, 1, 0, 2, 0, 1, 0, 2, 1, 0, 0, 1, 1, 3, 0, 1, 3, 3, 1, 0, 0, 2, 0, 0, 0, 0, 1, 0, 0, 0, 1, 0, 1, 2, 0, 1, 1, 0, 0, 0, 0, 0],833.2154215640596,57825.44465227681,88905.52377856613,false
42,G1_CMAX,G1_CMAX,[31, 22, 82, 90, 26, 58, 95, 42, 77, 12, 93, 5, 78, 86, 98, 18, 44, 20, 35, 3, 97, 91, 76, 10, 85, 30, 47, 54, 45, 63, 71, 66, 1, 23, 17, 83, 24, 14, 60, 36, 6, 57, 40, 88, 65, 56, 79, 94, 67, 68, 46, 75, 38, 9, 19, 32, 81, 27, 62, 87, 15, 99, 59, 11, 16, 72, 73, 70, 39, 37, 84, 43, 80, 53, 96, 4, 50, 41, 89, 48, 21, 61, 33, 7, 51, 29, 28, 55, 25, 92, 8, 69, 0, 74, 52, 2, 13, 34, 49, 64]|[1, 1, 0, 1, 1, 0, 2, 1, 2, 1, 2, 2, 2, 1, 0, 1, 0, 2, 2, 1, 2, 2, 1, 2, 2, 2, 2, 0, 0, 0, 1, 2, 1, 2, 1, 0, 2, 0, 1, 1, 0, 1, 1, 1, 0, 2, 1, 1, 0, 0, 0, 1, 1, 1, 2, 1, 2, 0, 0, 2, 1, 0, 1, 2, 1, 2, 1, 1, 1, 1, 1, 1, 0, 0, 2, 1, 0, 0, 1, 0, 0, 1, 2, 1, 0, 0, 0, 1, 1, 0, 0, 1, 0, 2, 1, 0, 0, 2, 0, 2]|[3, 0, 2, 3, 0, 1, 1, 2, 2, 4, 1, 1, 0, 4, 1, 4, 2, 1, 1, 1, 2, 2, 2, 1, 1, 1, 2, 1, 1, 2, 3, 2, 3, 1, 4, 0, 1, 1, 0, 3, 2, 2, 4, 0, 1, 1, 0, 4, 0, 1, 2, 3, 1, 4, 0, 3, 2, 1, 2, 1, 2, 1, 1, 1, 3, 0, 4, 3, 1, 4, 1, 1, 1, 2, 1, 4, 1, 1, 1, 1, 1, 3, 1, 1, 1, 1, 2, 4, 4, 2, 2, 3, 2, 1, 1, 2, 2, 1, 1, 1]|[2, 0, 1, 2, 3, 0, 0, 1, 1, 0, 0, 0, 0, 1, 0, 3, 1, 0, 0, 1, 1, 1, 2, 0, 0, 0, 1, 0, 1, 0, 0, 0, 0, 0, 3, 0, 1, 0, 0, 2, 1, 1, 2, 0, 0, 0, 0, 2, 1, 0, 0, 0, 1, 3, 0, 0, 1, 0, 1, 0, 1, 0, 1, 0, 2, 1, 0, 0, 1, 1, 3, 3, 0, 1, 0, 0, 0, 0, 1, 0, 0, 0, 0, 2, 0, 0, 1, 3, 3, 1, 1, 2, 0, 0, 1, 0, 0, 0, 1, 0],706.0425648885516,58640.99257008452,96849.50297129861,false
42,G4_BALANCED,G1_CMAX,[22, 82, 3, 58, 95, 42, 77, 47, 5, 93, 78, 12, 86, 54, 50, 63, 18, 44, 20, 35, 43, 97, 91, 76, 10, 30, 21, 45, 71, 64, 36, 23, 17, 83, 24, 14, 60, 1, 6, 40, 57, 90, 65, 56, 79, 94, 67, 68, 46, 75, 38, 9, 19, 32, 81, 41, 27, 62, 16, 55, 59, 89, 88, 87, 31, 72, 73, 70, 39, 37, 84, 92, 25, 11, 48, 15, 29, 51, 7, 33, 61, 98, 28, 99, 26, 85, 66, 96, 53, 80, 4, 8, 34, 49, 52, 2, 13, 0, 69, 74]|[1, 0, 1, 0, 1, 2, 2, 2, 2, 2, 1, 1, 1, 0, 0, 1, 0, 2, 2, 0, 1, 2, 0, 1, 2, 2, 0, 0, 1, 2, 1, 2, 1, 0, 2, 0, 1, 1, 0, 1, 1, 1, 0, 2, 1, 1, 0, 0, 0, 0, 1, 1, 2, 1, 2, 0, 0, 0, 1, 2, 1, 1, 1, 1, 1, 2, 1, 2, 1, 1, 1, 0, 1, 2, 2, 1, 0, 0, 1, 2, 1, 2, 0, 1, 1, 0, 0, 2, 0, 0, 1, 1, 2, 0, 1, 0, 0, 0, 1, 2]|[3, 2, 1, 1, 2, 1, 2, 1, 1, 2, 4, 4, 4, 1, 1, 4, 2, 1, 1, 1, 1, 2, 1, 2, 1, 1, 2, 1, 3, 2, 3, 1, 4, 1, 1, 1, 0, 3, 2, 2, 2, 3, 1, 1, 0, 4, 0, 1, 2, 2, 1, 4, 0, 3, 2, 1, 1, 2, 3, 1, 1, 1, 0, 3, 0, 0, 3, 0, 1, 4, 1, 0, 4, 1, 1, 4, 1, 1, 1, 1, 3, 1, 2, 1, 0, 2, 1, 1, 2, 1, 4, 3, 1, 1, 1, 2, 2, 2, 4, 1]|[3, 1, 2, 0, 1, 0, 0, 0, 0, 1, 0, 0, 1, 0, 0, 3, 1, 0, 0, 0, 3, 1, 0, 2, 0, 0, 0, 1, 0, 0, 2, 0, 3, 0, 1, 0, 0, 0, 1, 1, 1, 2, 0, 0, 0, 2, 1, 0, 0, 0, 1, 3, 0, 0, 1, 0, 0, 1, 2, 0, 1, 1, 0, 2, 0, 1, 0, 1, 1, 1, 1, 1, 3, 0, 0, 3, 0, 0, 2, 0, 0, 0, 1, 1, 3, 0, 0, 0, 1, 0, 0, 2, 0, 1, 1, 0, 0, 0, 2, 0],715.7913946700162,58060.95961022334,95287.06515100288,true
42,G2_TEC,G2_TEC,[31, 22, 82, 15, 26, 9, 95, 42, 77, 68, 47, 5, 93, 78, 86, 54, 85, 63, 18, 44, 20, 49, 36, 14, 74, 50, 53, 17, 21, 28, 11, 64, 3, 23, 30, 83, 24, 41, 40, 52, 65, 27, 90, 70, 39, 87, 48, 69, 99, 4, 75, 1, 13, 58, 97, 59, 45, 8, 73, 37, 35, 79, 71, 66, 76, 32, 60, 80, 56, 6, 67, 61, 33, 7, 57, 34, 12, 16, 10, 94, 96, 88, 43, 46, 91, 2, 84, 29, 92, 19, 51, 89, 81, 25, 55, 72, 98, 38, 0, 62]|[2, 1, 2, 1, 1, 2, 1, 1, 1, 1, 1, 0, 2, 2, 1, 2, 0, 0, 0, 2, 2, 1, 0, 2, 0, 2, 2, 1, 0, 1, 1, 1, 0, 0, 1, 0, 2, 1, 2, 2, 0, 0, 1, 1, 0, 2, 0, 2, 1, 0, 0, 2, 0, 0, 2, 0, 1, 1, 0, 0, 2, 1, 1, 2, 2, 0, 2, 2, 2, 1, 2, 1, 1, 2, 0, 1, 1, 2, 1, 2, 0, 1, 1, 0, 1, 0, 0, 1, 0, 1, 1, 1, 1, 1, 0, 1, 2, 0, 2, 1]|[0, 3, 0, 3, 4, 1, 4, 4, 2, 4, 3, 2, 1, 0, 2, 1, 1, 1, 2, 1, 1, 3, 0, 1, 0, 1, 1, 4, 1, 4, 3, 2, 2, 0, 4, 1, 1, 4, 1, 1, 2, 1, 4, 4, 1, 1, 0, 1, 3, 2, 2, 1, 2, 1, 1, 2, 4, 3, 0, 2, 2, 3, 3, 1, 1, 2, 1, 1, 1, 4, 1, 3, 4, 1, 2, 4, 3, 1, 3, 1, 2, 4, 4, 2, 3, 2, 2, 3, 2, 4, 3, 4, 4, 4, 2, 4, 1, 2, 1, 3]|[0, 2, 0, 0, 3, 0, 1, 3, 0, 0, 2, 0, 1, 0, 1, 0, 0, 0, 1, 0, 0, 2, 0, 0, 1, 0, 0, 3, 0, 1, 0, 2, 0, 0, 3, 0, 1, 1, 0, 0, 0, 0, 1, 3, 0, 0, 1, 0, 2, 0, 0, 0, 0, 0, 1, 0, 1, 0, 1, 1, 0, 2, 0, 0, 0, 0, 0, 0, 0, 2, 0, 0, 1, 0, 0, 1, 0, 0, 3, 0, 0, 1, 2, 0, 0, 0, 0, 3, 0, 1, 0, 1, 2, 3, 0, 1, 0, 0, 0, 0],900.7357371583179,49127.8910864123,106649.60962791642,false
42,G3_TWC,G3_TWC,[31, 22, 82, 15, 26, 58, 95, 42, 77, 12, 47, 5, 93, 78, 98, 54, 85, 63, 18, 44, 20, 35, 43, 97, 91, 76, 10, 30, 21, 45, 71, 64, 1, 23, 17, 83, 24, 14, 60, 36, 6, 57, 94, 88, 65, 56, 79, 40, 67, 68, 46, 75, 39, 9, 19, 32, 81, 96, 27, 62, 87, 90, 99, 59, 11, 16, 72, 73, 70, 38, 37, 84, 3, 92, 25, 55, 28, 29, 51, 7, 33, 61, 86, 48, 89, 50, 69, 41, 53, 80, 4, 8, 34, 49, 52, 0, 13, 74, 2, 66]|[1, 1, 0, 1, 1, 1, 2, 1, 2, 1, 2, 2, 2, 1, 1, 0, 0, 1, 0, 2, 2, 0, 1, 2, 0, 1, 2, 2, 0, 0, 1, 2, 1, 2, 1, 0, 2, 0, 1, 1, 0, 1, 1, 1, 0, 2, 1, 1, 0, 0, 0, 0, 1, 1, 2, 1, 2, 0, 0, 0, 2, 1, 0, 1, 2, 1, 2, 1, 1, 1, 1, 1, 2, 0, 1, 1, 0, 0, 0, 1, 2, 1, 0, 0, 1, 0, 2, 0, 0, 0, 0, 1, 2, 0, 1, 0, 0, 0, 0, 2]|[4, 3, 2, 2, 0, 0, 2, 2, 2, 4, 1, 1, 2, 4, 4, 1, 1, 4, 2, 1, 1, 1, 1, 2, 1, 2, 1, 1, 1, 1, 3, 2, 3, 0, 4, 0, 1, 1, 0, 3, 2, 2, 4, 0, 1, 1, 0, 2, 0, 1, 2, 2, 1, 4, 0, 3, 2, 1, 1, 2, 1, 3, 1, 1, 1, 3, 0, 4, 3, 1, 4, 1, 1, 2, 4, 4, 2, 1, 1, 3, 1, 3, 1, 1, 1, 1, 1, 1, 2, 1, 2, 3, 1, 1, 1, 2, 2, 2, 2, 1]|[0, 2, 1, 1, 3, 3, 0, 1, 0, 0, 0, 0, 1, 0, 1, 0, 0, 3, 1, 0, 0, 0, 3, 1, 0, 2, 0, 0, 0, 1, 0, 0, 0, 0, 3, 0, 1, 0, 0, 2, 1, 1, 2, 0, 0, 0, 0, 1, 1, 0, 0, 0, 1, 3, 0, 0, 1, 0, 0, 1, 0, 2, 0, 1, 0, 2, 1, 0, 0, 1, 1, 3, 0, 1, 3, 3, 1, 0, 0, 2, 0, 0, 0, 0, 1, 0, 0, 0, 1, 0, 1, 2, 0, 1, 1, 0, 0, 0, 0, 0],833.2154215640596,57825.44465227681,88905.52377856613,false
42,G1_CMAX,G1_CMAX,[31, 22, 82, 90, 26, 58, 95, 42, 77, 12, 93, 5, 78, 86, 98, 18, 44, 20, 35, 3, 97, 91, 76, 10, 85, 30, 47, 54, 45, 63, 71, 66, 1, 23, 17, 83, 24, 14, 60, 36, 6, 57, 40, 88, 65, 56, 79, 94, 67, 68, 46, 75, 38, 9, 19, 32, 81, 27, 62, 87, 15, 99, 59, 11, 16, 72, 73, 70, 39, 37, 84, 43, 80, 53, 96, 4, 50, 41, 89, 48, 21, 61, 33, 7, 51, 29, 28, 55, 25, 92, 8, 69, 0, 74, 52, 2, 13, 34, 49, 64]|[1, 1, 0, 1, 1, 0, 2, 1, 2, 1, 2, 2, 2, 1, 0, 1, 0, 2, 2, 1, 2, 2, 1, 2, 2, 2, 2, 0, 0, 0, 1, 2, 1, 2, 1, 0, 2, 0, 1, 1, 0, 1, 1, 1, 0, 2, 1, 1, 0, 0, 0, 1, 1, 1, 2, 1, 2, 0, 0, 2, 1, 0, 1, 2, 1, 2, 1, 1, 1, 1, 1, 1, 0, 0, 2, 1, 0, 0, 1, 0, 0, 1, 2, 1, 0, 0, 0, 1, 1, 0, 0, 1, 0, 2, 1, 0, 0, 2, 0, 2]|[3, 0, 2, 3, 0, 1, 1, 2, 2, 4, 1, 1, 0, 4, 1, 4, 2, 1, 1, 1, 2, 2, 2, 1, 1, 1, 2, 1, 1, 2, 3, 2, 3, 1, 4, 0, 1, 1, 0, 3, 2, 2, 4, 0, 1, 1, 0, 4, 0, 1, 2, 3, 1, 4, 0, 3, 2, 1, 2, 1, 2, 1, 1, 1, 3, 0, 4, 3, 1, 4, 1, 1, 1, 2, 1, 4, 1, 1, 1, 1, 1, 3, 1, 1, 1, 1, 2, 4, 4, 2, 2, 3, 2, 1, 1, 2, 2, 1, 1, 1]|[2, 0, 1, 2, 3, 0, 0, 1, 1, 0, 0, 0, 0, 1, 0, 3, 1, 0, 0, 1, 1, 1, 2, 0, 0, 0, 1, 0, 1, 0, 0, 0, 0, 0, 3, 0, 1, 0, 0, 2, 1, 1, 2, 0, 0, 0, 0, 2, 1, 0, 0, 0, 1, 3, 0, 0, 1, 0, 1, 0, 1, 0, 1, 0, 2, 1, 0, 0, 1, 1, 3, 3, 0, 1, 0, 0, 0, 0, 1, 0, 0, 0, 0, 2, 0, 0, 1, 3, 3, 1, 1, 2, 0, 0, 1, 0, 0, 0, 1, 0],706.0425648885516,58640.99257008452,96849.50297129861,false
42,G4_BALANCED,G1_CMAX,[22, 82, 3, 58, 95, 42, 77, 47, 5, 93, 78, 12, 86, 54, 50, 63, 18, 44, 20, 35, 43, 97, 91, 76, 10, 30, 21, 45, 71, 64, 36, 23, 17, 83, 24, 14, 60, 1, 6, 40, 57, 90, 65, 56, 79, 94, 67, 68, 46, 75, 38, 9, 19, 32, 81, 41, 27, 62, 16, 55, 59, 89, 88, 87, 31, 72, 73, 70, 39, 37, 84, 92, 25, 11, 48, 15, 29, 51, 7, 33, 61, 98, 28, 99, 26, 85, 66, 96, 53, 80, 4, 8, 34, 49, 52, 2, 13, 0, 69, 74]|[1, 0, 1, 0, 1, 2, 2, 2, 2, 2, 1, 1, 1, 0, 0, 1, 0, 2, 2, 0, 1, 2, 0, 1, 2, 2, 0, 0, 1, 2, 1, 2, 1, 0, 2, 0, 1, 1, 0, 1, 1, 1, 0, 2, 1, 1, 0, 0, 0, 0, 1, 1, 2, 1, 2, 0, 0, 0, 1, 2, 1, 1, 1, 1, 1, 2, 1, 2, 1, 1, 1, 0, 1, 2, 2, 1, 0, 0, 1, 2, 1, 2, 0, 1, 1, 0, 0, 2, 0, 0, 1, 1, 2, 0, 1, 0, 0, 0, 1, 2]|[3, 2, 1, 1, 2, 1, 2, 1, 1, 2, 4, 4, 4, 1, 1, 4, 2, 1, 1, 1, 1, 2, 1, 2, 1, 1, 2, 1, 3, 2, 3, 1, 4, 1, 1, 1, 0, 3, 2, 2, 2, 3, 1, 1, 0, 4, 0, 1, 2, 2, 1, 4, 0, 3, 2, 1, 1, 2, 3, 1, 1, 1, 0, 3, 0, 0, 3, 0, 1, 4, 1, 0, 4, 1, 1, 4, 1, 1, 1, 1, 3, 1, 2, 1, 0, 2, 1, 1, 2, 1, 4, 3, 1, 1, 1, 2, 2, 2, 4, 1]|[3, 1, 2, 0, 1, 0, 0, 0, 0, 1, 0, 0, 1, 0, 0, 3, 1, 0, 0, 0, 3, 1, 0, 2, 0, 0, 0, 1, 0, 0, 2, 0, 3, 0, 1, 0, 0, 0, 1, 1, 1, 2, 0, 0, 0, 2, 1, 0, 0, 0, 1, 3, 0, 0, 1, 0, 0, 1, 2, 0, 1, 1, 0, 2, 0, 1, 0, 1, 1, 1, 1, 1, 3, 0, 0, 3, 0, 0, 2, 0, 0, 0, 1, 1, 3, 0, 0, 0, 1, 0, 0, 2, 0, 1, 1, 0, 0, 0, 2, 0],715.7913946700162,58060.95961022334,95287.06515100288,true
42,G2_TEC,G2_TEC,[31, 22, 82, 15, 26, 9, 95, 42, 77, 68, 47, 5, 93, 78, 86, 54, 85, 63, 18, 44, 20, 49, 36, 14, 74, 50, 53, 17, 21, 28, 11, 64, 3, 23, 30, 83, 24, 41, 40, 52, 65, 27, 90, 70, 39, 87, 48, 69, 99, 4, 75, 1, 13, 58, 97, 59, 45, 8, 73, 37, 35, 79, 71, 66, 76, 32, 60, 80, 56, 6, 67, 61, 33, 7, 57, 34, 12, 16, 10, 94, 96, 88, 43, 46, 91, 2, 84, 29, 92, 19, 51, 89, 81, 25, 55, 72, 98, 38, 0, 62]|[2, 1, 2, 1, 1, 2, 1, 1, 1, 1, 1, 0, 2, 2, 1, 2, 0, 0, 0, 2, 2, 1, 0, 2, 0, 2, 2, 1, 0, 1, 1, 1, 0, 0, 1, 0, 2, 1, 2, 2, 0, 0, 1, 1, 0, 2, 0, 2, 1, 0, 0, 2, 0, 0, 2, 0, 1, 1, 0, 0, 2, 1, 1, 2, 2, 0, 2, 2, 2, 1, 2, 1, 1, 2, 0, 1, 1, 2, 1, 2, 0, 1, 1, 0, 1, 0, 0, 1, 0, 1, 1, 1, 1, 1, 0, 1, 2, 0, 2, 1]|[0, 3, 0, 3, 4, 1, 4, 4, 2, 4, 3, 2, 1, 0, 2, 1, 1, 1, 2, 1, 1, 3, 0, 1, 0, 1, 1, 4, 1, 4, 3, 2, 2, 0, 4, 1, 1, 4, 1, 1, 2, 1, 4, 4, 1, 1, 0, 1, 3, 2, 2, 1, 2, 1, 1, 2, 4, 3, 0, 2, 2, 3, 3, 1, 1, 2, 1, 1, 1, 4, 1, 3, 4, 1, 2, 4, 3, 1, 3, 1, 2, 4, 4, 2, 3, 2, 2, 3, 2, 4, 3, 4, 4, 4, 2, 4, 1, 2, 1, 3]|[0, 2, 0, 0, 3, 0, 1, 3, 0, 0, 2, 0, 1, 0, 1, 0, 0, 0, 1, 0, 0, 2, 0, 0, 1, 0, 0, 3, 0, 1, 0, 2, 0, 0, 3, 0, 1, 1, 0, 0, 0, 0, 1, 3, 0, 0, 1, 0, 2, 0, 0, 0, 0, 0, 1, 0, 1, 0, 1, 1, 0, 2, 0, 0, 0, 0, 0, 0, 0, 2, 0, 0, 1, 0, 0, 1, 0, 0, 3, 0, 0, 1, 2, 0, 0, 0, 0, 3, 0, 1, 0, 1, 2, 3, 0, 1, 0, 0, 0, 0],900.7357371583179,49127.8910864123,106649.60962791642,false
42,G3_TWC,G3_TWC,[31, 22, 82, 15, 26, 58, 95, 42, 77, 12, 47, 5, 93, 78, 98, 54, 85, 63, 18, 44, 20, 35, 43, 97, 91, 76, 10, 30, 21, 45, 71, 64, 1, 23, 17, 83, 24, 14, 60, 36, 6, 57, 94, 88, 65, 56, 79, 40, 67, 68, 46, 75, 39, 9, 19, 32, 81, 96, 27, 62, 87, 90, 99, 59, 11, 16, 72, 73, 70, 38, 37, 84, 3, 92, 25, 55, 28, 29, 51, 7, 33, 61, 86, 48, 89, 50, 69, 41, 53, 80, 4, 8, 34, 49, 52, 0, 13, 74, 2, 66]|[1, 1, 0, 1, 1, 1, 2, 1, 2, 1, 2, 2, 2, 1, 1, 0, 0, 1, 0, 2, 2, 0, 1, 2, 0, 1, 2, 2, 0, 0, 1, 2, 1, 2, 1, 0, 2, 0, 1, 1, 0, 1, 1, 1, 0, 2, 1, 1, 0, 0, 0, 0, 1, 1, 2, 1, 2, 0, 0, 0, 2, 1, 0, 1, 2, 1, 2, 1, 1, 1, 1, 1, 2, 0, 1, 1, 0, 0, 0, 1, 2, 1, 0, 0, 1, 0, 2, 0, 0, 0, 0, 1, 2, 0, 1, 0, 0, 0, 0, 2]|[4, 3, 2, 2, 0, 0, 2, 2, 2, 4, 1, 1, 2, 4, 4, 1, 1, 4, 2, 1, 1, 1, 1, 2, 1, 2, 1, 1, 1, 1, 3, 2, 3, 0, 4, 0, 1, 1, 0, 3, 2, 2, 4, 0, 1, 1, 0, 2, 0, 1, 2, 2, 1, 4, 0, 3, 2, 1, 1, 2, 1, 3, 1, 1, 1, 3, 0, 4, 3, 1, 4, 1, 1, 2, 4, 4, 2, 1, 1, 3, 1, 3, 1, 1, 1, 1, 1, 1, 2, 1, 2, 3, 1, 1, 1, 2, 2, 2, 2, 1]|[0, 2, 1, 1, 3, 3, 0, 1, 0, 0, 0, 0, 1, 0, 1, 0, 0, 3, 1, 0, 0, 0, 3, 1, 0, 2, 0, 0, 0, 1, 0, 0, 0, 0, 3, 0, 1, 0, 0, 2, 1, 1, 2, 0, 0, 0, 0, 1, 1, 0, 0, 0, 1, 3, 0, 0, 1, 0, 0, 1, 0, 2, 0, 1, 0, 2, 1, 0, 0, 1, 1, 3, 0, 1, 3, 3, 1, 0, 0, 2, 0, 0, 0, 0, 1, 0, 0, 0, 1, 0, 1, 2, 0, 1, 1, 0, 0, 0, 0, 0],833.2154215640596,57825.44465227681,88905.52377856613,false
42,G1_CMAX,G1_CMAX,[31, 22, 82, 90, 26, 58, 95, 42, 77, 12, 93, 5, 78, 86, 98, 18, 44, 20, 35, 3, 97, 91, 76, 10, 85, 30, 47, 54, 45, 63, 71, 66, 1, 23, 17, 83, 24, 14, 60, 36, 6, 57, 40, 88, 65, 56, 79, 94, 67, 68, 46, 75, 38, 9, 19, 32, 81, 27, 62, 87, 15, 99, 59, 11, 16, 72, 73, 70, 39, 37, 84, 43, 80, 53, 96, 4, 50, 41, 89, 48, 21, 61, 33, 7, 51, 29, 28, 55, 25, 92, 8, 69, 0, 74, 52, 2, 13, 34, 49, 64]|[1, 1, 0, 1, 1, 0, 2, 1, 2, 1, 2, 2, 2, 1, 0, 1, 0, 2, 2, 1, 2, 2, 1, 2, 2, 2, 2, 0, 0, 0, 1, 2, 1, 2, 1, 0, 2, 0, 1, 1, 0, 1, 1, 1, 0, 2, 1, 1, 0, 0, 0, 1, 1, 1, 2, 1, 2, 0, 0, 2, 1, 0, 1, 2, 1, 2, 1, 1, 1, 1, 1, 1, 0, 0, 2, 1, 0, 0, 1, 0, 0, 1, 2, 1, 0, 0, 0, 1, 1, 0, 0, 1, 0, 2, 1, 0, 0, 2, 0, 2]|[3, 0, 2, 3, 0, 1, 1, 2, 2, 4, 1, 1, 0, 4, 1, 4, 2, 1, 1, 1, 2, 2, 2, 1, 1, 1, 2, 1, 1, 2, 3, 2, 3, 1, 4, 0, 1, 1, 0, 3, 2, 2, 4, 0, 1, 1, 0, 4, 0, 1, 2, 3, 1, 4, 0, 3, 2, 1, 2, 1, 2, 1, 1, 1, 3, 0, 4, 3, 1, 4, 1, 1, 1, 2, 1, 4, 1, 1, 1, 1, 1, 3, 1, 1, 1, 1, 2, 4, 4, 2, 2, 3, 2, 1, 1, 2, 2, 1, 1, 1]|[2, 0, 1, 2, 3, 0, 0, 1, 1, 0, 0, 0, 0, 1, 0, 3, 1, 0, 0, 1, 1, 1, 2, 0, 0, 0, 1, 0, 1, 0, 0, 0, 0, 0, 3, 0, 1, 0, 0, 2, 1, 1, 2, 0, 0, 0, 0, 2, 1, 0, 0, 0, 1, 3, 0, 0, 1, 0, 1, 0, 1, 0, 1, 0, 2, 1, 0, 0, 1, 1, 3, 3, 0, 1, 0, 0, 0, 0, 1, 0, 0, 0, 0, 2, 0, 0, 1, 3, 3, 1, 1, 2, 0, 0, 1, 0, 0, 0, 1, 0],706.0425648885516,58640.99257008452,96849.50297129861,false
42,G4_BALANCED,G1_CMAX,[22, 82, 3, 58, 95, 42, 77, 47, 5, 93, 78, 12, 86, 54, 50, 63, 18, 44, 20, 35, 43, 97, 91, 76, 10, 30, 21, 45, 71, 64, 36, 23, 17, 83, 24, 14, 60, 1, 6, 40, 57, 90, 65, 56, 79, 94, 67, 68, 46, 75, 38, 9, 19, 32, 81, 41, 27, 62, 16, 55, 59, 89, 88, 87, 31, 72, 73, 70, 39, 37, 84, 92, 25, 11, 48, 15, 29, 51, 7, 33, 61, 98, 28, 99, 26, 85, 66, 96, 53, 80, 4, 8, 34, 49, 52, 2, 13, 0, 69, 74]|[1, 0, 1, 0, 1, 2, 2, 2, 2, 2, 1, 1, 1, 0, 0, 1, 0, 2, 2, 0, 1, 2, 0, 1, 2, 2, 0, 0, 1, 2, 1, 2, 1, 0, 2, 0, 1, 1, 0, 1, 1, 1, 0, 2, 1, 1, 0, 0, 0, 0, 1, 1, 2, 1, 2, 0, 0, 0, 1, 2, 1, 1, 1, 1, 1, 2, 1, 2, 1, 1, 1, 0, 1, 2, 2, 1, 0, 0, 1, 2, 1, 2, 0, 1, 1, 0, 0, 2, 0, 0, 1, 1, 2, 0, 1, 0, 0, 0, 1, 2]|[3, 2, 1, 1, 2, 1, 2, 1, 1, 2, 4, 4, 4, 1, 1, 4, 2, 1, 1, 1, 1, 2, 1, 2, 1, 1, 2, 1, 3, 2, 3, 1, 4, 1, 1, 1, 0, 3, 2, 2, 2, 3, 1, 1, 0, 4, 0, 1, 2, 2, 1, 4, 0, 3, 2, 1, 1, 2, 3, 1, 1, 1, 0, 3, 0, 0, 3, 0, 1, 4, 1, 0, 4, 1, 1, 4, 1, 1, 1, 1, 3, 1, 2, 1, 0, 2, 1, 1, 2, 1, 4, 3, 1, 1, 1, 2, 2, 2, 4, 1]|[3, 1, 2, 0, 1, 0, 0, 0, 0, 1, 0, 0, 1, 0, 0, 3, 1, 0, 0, 0, 3, 1, 0, 2, 0, 0, 0, 1, 0, 0, 2, 0, 3, 0, 1, 0, 0, 0, 1, 1, 1, 2, 0, 0, 0, 2, 1, 0, 0, 0, 1, 3, 0, 0, 1, 0, 0, 1, 2, 0, 1, 1, 0, 2, 0, 1, 0, 1, 1, 1, 1, 1, 3, 0, 0, 3, 0, 0, 2, 0, 0, 0, 1, 1, 3, 0, 0, 0, 1, 0, 0, 2, 0, 1, 1, 0, 0, 0, 2, 0],715.7913946700162,58060.95961022334,95287.06515100288,true
42,G2_TEC,G2_TEC,[31, 22, 82, 15, 26, 9, 95, 42, 77, 68, 47, 5, 93, 78, 86, 54, 85, 63, 18, 44, 20, 49, 36, 14, 74, 50, 53, 17, 21, 28, 11, 64, 3, 23, 30, 83, 24, 41, 40, 52, 65, 27, 90, 70, 39, 87, 48, 69, 99, 4, 75, 1, 13, 58, 97, 59, 45, 8, 73, 37, 35, 79, 71, 66, 76, 32, 60, 80, 56, 6, 67, 61, 33, 7, 57, 34, 12, 16, 10, 94, 96, 88, 43, 46, 91, 2, 84, 29, 92, 19, 51, 89, 81, 25, 55, 72, 98, 38, 0, 62]|[2, 1, 2, 1, 1, 2, 1, 1, 1, 1, 1, 0, 2, 2, 1, 2, 0, 0, 0, 2, 2, 1, 0, 2, 0, 2, 2, 1, 0, 1, 1, 1, 0, 0, 1, 0, 2, 1, 2, 2, 0, 0, 1, 1, 0, 2, 0, 2, 1, 0, 0, 2, 0, 0, 2, 0, 1, 1, 0, 0, 2, 1, 1, 2, 2, 0, 2, 2, 2, 1, 2, 1, 1, 2, 0, 1, 1, 2, 1, 2, 0, 1, 1, 0, 1, 0, 0, 1, 0, 1, 1, 1, 1, 1, 0, 1, 2, 0, 2, 1]|[0, 3, 0, 3, 4, 1, 4, 4, 2, 4, 3, 2, 1, 0, 2, 1, 1, 1, 2, 1, 1, 3, 0, 1, 0, 1, 1, 4, 1, 4, 3, 2, 2, 0, 4, 1, 1, 4, 1, 1, 2, 1, 4, 4, 1, 1, 0, 1, 3, 2, 2, 1, 2, 1, 1, 2, 4, 3, 0, 2, 2, 3, 3, 1, 1, 2, 1, 1, 1, 4, 1, 3, 4, 1, 2, 4, 3, 1, 3, 1, 2, 4, 4, 2, 3, 2, 2, 3, 2, 4, 3, 4, 4, 4, 2, 4, 1, 2, 1, 3]|[0, 2, 0, 0, 3, 0, 1, 3, 0, 0, 2, 0, 1, 0, 1, 0, 0, 0, 1, 0, 0, 2, 0, 0, 1, 0, 0, 3, 0, 1, 0, 2, 0, 0, 3, 0, 1, 1, 0, 0, 0, 0, 1, 3, 0, 0, 1, 0, 2, 0, 0, 0, 0, 0, 1, 0, 1, 0, 1, 1, 0, 2, 0, 0, 0, 0, 0, 0, 0, 2, 0, 0, 1, 0, 0, 1, 0, 0, 3, 0, 0, 1, 2, 0, 0, 0, 0, 3, 0, 1, 0, 1, 2, 3, 0, 1, 0, 0, 0, 0],900.7357371583179,49127.8910864123,106649.60962791642,false
42,G3_TWC,G3_TWC,[31, 22, 82, 15, 26, 58, 95, 42, 77, 12, 47, 5, 93, 78, 98, 54, 85, 63, 18, 44, 20, 35, 43, 97, 91, 76, 10, 30, 21, 45, 71, 64, 1, 23, 17, 83, 24, 14, 60, 36, 6, 57, 94, 88, 65, 56, 79, 40, 67, 68, 46, 75, 39, 9, 19, 32, 81, 96, 27, 62, 87, 90, 99, 59, 11, 16, 72, 73, 70, 38, 37, 84, 3, 92, 25, 55, 28, 29, 51, 7, 33, 61, 86, 48, 89, 50, 69, 41, 53, 80, 4, 8, 34, 49, 52, 0, 13, 74, 2, 66]|[1, 1, 0, 1, 1, 1, 2, 1, 2, 1, 2, 2, 2, 1, 1, 0, 0, 1, 0, 2, 2, 0, 1, 2, 0, 1, 2, 2, 0, 0, 1, 2, 1, 2, 1, 0, 2, 0, 1, 1, 0, 1, 1, 1, 0, 2, 1, 1, 0, 0, 0, 0, 1, 1, 2, 1, 2, 0, 0, 0, 2, 1, 0, 1, 2, 1, 2, 1, 1, 1, 1, 1, 2, 0, 1, 1, 0, 0, 0, 1, 2, 1, 0, 0, 1, 0, 2, 0, 0, 0, 0, 1, 2, 0, 1, 0, 0, 0, 0, 2]|[4, 3, 2, 2, 0, 0, 2, 2, 2, 4, 1, 1, 2, 4, 4, 1, 1, 4, 2, 1, 1, 1, 1, 2, 1, 2, 1, 1, 1, 1, 3, 2, 3, 0, 4, 0, 1, 1, 0, 3, 2, 2, 4, 0, 1, 1, 0, 2, 0, 1, 2, 2, 1, 4, 0, 3, 2, 1, 1, 2, 1, 3, 1, 1, 1, 3, 0, 4, 3, 1, 4, 1, 1, 2, 4, 4, 2, 1, 1, 3, 1, 3, 1, 1, 1, 1, 1, 1, 2, 1, 2, 3, 1, 1, 1, 2, 2, 2, 2, 1]|[0, 2, 1, 1, 3, 3, 0, 1, 0, 0, 0, 0, 1, 0, 1, 0, 0, 3, 1, 0, 0, 0, 3, 1, 0, 2, 0, 0, 0, 1, 0, 0, 0, 0, 3, 0, 1, 0, 0, 2, 1, 1, 2, 0, 0, 0, 0, 1, 1, 0, 0, 0, 1, 3, 0, 0, 1, 0, 0, 1, 0, 2, 0, 1, 0, 2, 1, 0, 0, 1, 1, 3, 0, 1, 3, 3, 1, 0, 0, 2, 0, 0, 0, 0, 1, 0, 0, 0, 1, 0, 1, 2, 0, 1, 1, 0, 0, 0, 0, 0],833.2154215640596,57825.44465227681,88905.52377856613,false
42,G1_CMAX,G1_CMAX,[31, 22, 82, 90, 26, 58, 95, 42, 77, 12, 93, 5, 78, 86, 98, 18, 44, 20, 35, 3, 97, 91, 76, 10, 85, 30, 47, 54, 45, 63, 71, 66, 1, 23, 17, 83, 24, 14, 60, 36, 6, 57, 40, 88, 65, 56, 79, 94, 67, 68, 46, 75, 38, 9, 19, 32, 81, 27, 62, 87, 15, 99, 59, 11, 16, 72, 73, 70, 39, 37, 84, 43, 80, 53, 96, 4, 50, 41, 89, 48, 21, 61, 33, 7, 51, 29, 28, 55, 25, 92, 8, 69, 0, 74, 52, 2, 13, 34, 49, 64]|[1, 1, 0, 1, 1, 0, 2, 1, 2, 1, 2, 2, 2, 1, 0, 1, 0, 2, 2, 1, 2, 2, 1, 2, 2, 2, 2, 0, 0, 0, 1, 2, 1, 2, 1, 0, 2, 0, 1, 1, 0, 1, 1, 1, 0, 2, 1, 1, 0, 0, 0, 1, 1, 1, 2, 1, 2, 0, 0, 2, 1, 0, 1, 2, 1, 2, 1, 1, 1, 1, 1, 1, 0, 0, 2, 1, 0, 0, 1, 0, 0, 1, 2, 1, 0, 0, 0, 1, 1, 0, 0, 1, 0, 2, 1, 0, 0, 2, 0, 2]|[3, 0, 2, 3, 0, 1, 1, 2, 2, 4, 1, 1, 0, 4, 1, 4, 2, 1, 1, 1, 2, 2, 2, 1, 1, 1, 2, 1, 1, 2, 3, 2, 3, 1, 4, 0, 1, 1, 0, 3, 2, 2, 4, 0, 1, 1, 0, 4, 0, 1, 2, 3, 1, 4, 0, 3, 2, 1, 2, 1, 2, 1, 1, 1, 3, 0, 4, 3, 1, 4, 1, 1, 1, 2, 1, 4, 1, 1, 1, 1, 1, 3, 1, 1, 1, 1, 2, 4, 4, 2, 2, 3, 2, 1, 1, 2, 2, 1, 1, 1]|[2, 0, 1, 2, 3, 0, 0, 1, 1, 0, 0, 0, 0, 1, 0, 3, 1, 0, 0, 1, 1, 1, 2, 0, 0, 0, 1, 0, 1, 0, 0, 0, 0, 0, 3, 0, 1, 0, 0, 2, 1, 1, 2, 0, 0, 0, 0, 2, 1, 0, 0, 0, 1, 3, 0, 0, 1, 0, 1, 0, 1, 0, 1, 0, 2, 1, 0, 0, 1, 1, 3, 3, 0, 1, 0, 0, 0, 0, 1, 0, 0, 0, 0, 2, 0, 0, 1, 3, 3, 1, 1, 2, 0, 0, 1, 0, 0, 0, 1, 0],706.0425648885516,58640.99257008452,96849.50297129861,false
42,G4_BALANCED,G1_CMAX,[22, 82, 3, 58, 95, 42, 77, 47, 5, 93, 78, 12, 86, 54, 50, 63, 18, 44, 20, 35, 43, 97, 91, 76, 10, 30, 21, 45, 71, 64, 36, 23, 17, 83, 24, 14, 60, 1, 6, 40, 57, 90, 65, 56, 79, 94, 67, 68, 46, 75, 38, 9, 19, 32, 81, 41, 27, 62, 16, 55, 59, 89, 88, 87, 31, 72, 73, 70, 39, 37, 84, 92, 25, 11, 48, 15, 29, 51, 7, 33, 61, 98, 28, 99, 26, 85, 66, 96, 53, 80, 4, 8, 34, 49, 52, 2, 13, 0, 69, 74]|[1, 0, 1, 0, 1, 2, 2, 2, 2, 2, 1, 1, 1, 0, 0, 1, 0, 2, 2, 0, 1, 2, 0, 1, 2, 2, 0, 0, 1, 2, 1, 2, 1, 0, 2, 0, 1, 1, 0, 1, 1, 1, 0, 2, 1, 1, 0, 0, 0, 0, 1, 1, 2, 1, 2, 0, 0, 0, 1, 2, 1, 1, 1, 1, 1, 2, 1, 2, 1, 1, 1, 0, 1, 2, 2, 1, 0, 0, 1, 2, 1, 2, 0, 1, 1, 0, 0, 2, 0, 0, 1, 1, 2, 0, 1, 0, 0, 0, 1, 2]|[3, 2, 1, 1, 2, 1, 2, 1, 1, 2, 4, 4, 4, 1, 1, 4, 2, 1, 1, 1, 1, 2, 1, 2, 1, 1, 2, 1, 3, 2, 3, 1, 4, 1, 1, 1, 0, 3, 2, 2, 2, 3, 1, 1, 0, 4, 0, 1, 2, 2, 1, 4, 0, 3, 2, 1, 1, 2, 3, 1, 1, 1, 0, 3, 0, 0, 3, 0, 1, 4, 1, 0, 4, 1, 1, 4, 1, 1, 1, 1, 3, 1, 2, 1, 0, 2, 1, 1, 2, 1, 4, 3, 1, 1, 1, 2, 2, 2, 4, 1]|[3, 1, 2, 0, 1, 0, 0, 0, 0, 1, 0, 0, 1, 0, 0, 3, 1, 0, 0, 0, 3, 1, 0, 2, 0, 0, 0, 1, 0, 0, 2, 0, 3, 0, 1, 0, 0, 0, 1, 1, 1, 2, 0, 0, 0, 2, 1, 0, 0, 0, 1, 3, 0, 0, 1, 0, 0, 1, 2, 0, 1, 1, 0, 2, 0, 1, 0, 1, 1, 1, 1, 1, 3, 0, 0, 3, 0, 0, 2, 0, 0, 0, 1, 1, 3, 0, 0, 0, 1, 0, 0, 2, 0, 1, 1, 0, 0, 0, 2, 0],715.7913946700162,58060.95961022334,95287.06515100288,true
42,G2_TEC,G2_TEC,[31, 22, 82, 15, 26, 9, 95, 42, 77, 68, 47, 5, 93, 78, 86, 54, 85, 63, 18, 44, 20, 49, 36, 14, 74, 50, 53, 17, 21, 28, 11, 64, 3, 23, 30, 83, 24, 41, 40, 52, 65, 27, 90, 70, 39, 87, 48, 69, 99, 4, 75, 1, 13, 58, 97, 59, 45, 8, 73, 37, 35, 79, 71, 66, 76, 32, 60, 80, 56, 6, 67, 61, 33, 7, 57, 34, 12, 16, 10, 94, 96, 88, 43, 46, 91, 2, 84, 29, 92, 19, 51, 89, 81, 25, 55, 72, 98, 38, 0, 62]|[2, 1, 2, 1, 1, 2, 1, 1, 1, 1, 1, 0, 2, 2, 1, 2, 0, 0, 0, 2, 2, 1, 0, 2, 0, 2, 2, 1, 0, 1, 1, 1, 0, 0, 1, 0, 2, 1, 2, 2, 0, 0, 1, 1, 0, 2, 0, 2, 1, 0, 0, 2, 0, 0, 2, 0, 1, 1, 0, 0, 2, 1, 1, 2, 2, 0, 2, 2, 2, 1, 2, 1, 1, 2, 0, 1, 1, 2, 1, 2, 0, 1, 1, 0, 1, 0, 0, 1, 0, 1, 1, 1, 1, 1, 0, 1, 2, 0, 2, 1]|[0, 3, 0, 3, 4, 1, 4, 4, 2, 4, 3, 2, 1, 0, 2, 1, 1, 1, 2, 1, 1, 3, 0, 1, 0, 1, 1, 4, 1, 4, 3, 2, 2, 0, 4, 1, 1, 4, 1, 1, 2, 1, 4, 4, 1, 1, 0, 1, 3, 2, 2, 1, 2, 1, 1, 2, 4, 3, 0, 2, 2, 3, 3, 1, 1, 2, 1, 1, 1, 4, 1, 3, 4, 1, 2, 4, 3, 1, 3, 1, 2, 4, 4, 2, 3, 2, 2, 3, 2, 4, 3, 4, 4, 4, 2, 4, 1, 2, 1, 3]|[0, 2, 0, 0, 3, 0, 1, 3, 0, 0, 2, 0, 1, 0, 1, 0, 0, 0, 1, 0, 0, 2, 0, 0, 1, 0, 0, 3, 0, 1, 0, 2, 0, 0, 3, 0, 1, 1, 0, 0, 0, 0, 1, 3, 0, 0, 1, 0, 2, 0, 0, 0, 0, 0, 1, 0, 1, 0, 1, 1, 0, 2, 0, 0, 0, 0, 0, 0, 0, 2, 0, 0, 1, 0, 0, 1, 0, 0, 3, 0, 0, 1, 2, 0, 0, 0, 0, 3, 0, 1, 0, 1, 2, 3, 0, 1, 0, 0, 0, 0],900.7357371583179,49127.8910864123,106649.60962791642,false
42,G3_TWC,G3_TWC,[31, 22, 82, 15, 26, 58, 95, 42, 77, 12, 47, 5, 93, 78, 98, 54, 85, 63, 18, 44, 20, 35, 43, 97, 91, 76, 10, 30, 21, 45, 71, 64, 1, 23, 17, 83, 24, 14, 60, 36, 6, 57, 94, 88, 65, 56, 79, 40, 67, 68, 46, 75, 39, 9, 19, 32, 81, 96, 27, 62, 87, 90, 99, 59, 11, 16, 72, 73, 70, 38, 37, 84, 3, 92, 25, 55, 28, 29, 51, 7, 33, 61, 86, 48, 89, 50, 69, 41, 53, 80, 4, 8, 34, 49, 52, 0, 13, 74, 2, 66]|[1, 1, 0, 1, 1, 1, 2, 1, 2, 1, 2, 2, 2, 1, 1, 0, 0, 1, 0, 2, 2, 0, 1, 2, 0, 1, 2, 2, 0, 0, 1, 2, 1, 2, 1, 0, 2, 0, 1, 1, 0, 1, 1, 1, 0, 2, 1, 1, 0, 0, 0, 0, 1, 1, 2, 1, 2, 0, 0, 0, 2, 1, 0, 1, 2, 1, 2, 1, 1, 1, 1, 1, 2, 0, 1, 1, 0, 0, 0, 1, 2, 1, 0, 0, 1, 0, 2, 0, 0, 0, 0, 1, 2, 0, 1, 0, 0, 0, 0, 2]|[4, 3, 2, 2, 0, 0, 2, 2, 2, 4, 1, 1, 2, 4, 4, 1, 1, 4, 2, 1, 1, 1, 1, 2, 1, 2, 1, 1, 1, 1, 3, 2, 3, 0, 4, 0, 1, 1, 0, 3, 2, 2, 4, 0, 1, 1, 0, 2, 0, 1, 2, 2, 1, 4, 0, 3, 2, 1, 1, 2, 1, 3, 1, 1, 1, 3, 0, 4, 3, 1, 4, 1, 1, 2, 4, 4, 2, 1, 1, 3, 1, 3, 1, 1, 1, 1, 1, 1, 2, 1, 2, 3, 1, 1, 1, 2, 2, 2, 2, 1]|[0, 2, 1, 1, 3, 3, 0, 1, 0, 0, 0, 0, 1, 0, 1, 0, 0, 3, 1, 0, 0, 0, 3, 1, 0, 2, 0, 0, 0, 1, 0, 0, 0, 0, 3, 0, 1, 0, 0, 2, 1, 1, 2, 0, 0, 0, 0, 1, 1, 0, 0, 0, 1, 3, 0, 0, 1, 0, 0, 1, 0, 2, 0, 1, 0, 2, 1, 0, 0, 1, 1, 3, 0, 1, 3, 3, 1, 0, 0, 2, 0, 0, 0, 0, 1, 0, 0, 0, 1, 0, 1, 2, 0, 1, 1, 0, 0, 0, 0, 0],833.2154215640596,57825.44465227681,88905.52377856613,false
42,G1_CMAX,G1_CMAX,[31, 22, 82, 90, 26, 58, 95, 42, 77, 12, 93, 5, 78, 86, 98, 18, 44, 20, 35, 3, 97, 91, 76, 10, 85, 30, 47, 54, 45, 63, 71, 66, 1, 23, 17, 83, 24, 14, 60, 36, 6, 57, 40, 88, 65, 56, 79, 94, 67, 68, 46, 75, 38, 9, 19, 32, 81, 27, 62, 87, 15, 99, 59, 11, 16, 72, 73, 70, 39, 37, 84, 43, 80, 53, 96, 4, 50, 41, 89, 48, 21, 61, 33, 7, 51, 29, 28, 55, 25, 92, 8, 69, 0, 74, 52, 2, 13, 34, 49, 64]|[1, 1, 0, 1, 1, 0, 2, 1, 2, 1, 2, 2, 2, 1, 0, 1, 0, 2, 2, 1, 2, 2, 1, 2, 2, 2, 2, 0, 0, 0, 1, 2, 1, 2, 1, 0, 2, 0, 1, 1, 0, 1, 1, 1, 0, 2, 1, 1, 0, 0, 0, 1, 1, 1, 2, 1, 2, 0, 0, 2, 1, 0, 1, 2, 1, 2, 1, 1, 1, 1, 1, 1, 0, 0, 2, 1, 0, 0, 1, 0, 0, 1, 2, 1, 0, 0, 0, 1, 1, 0, 0, 1, 0, 2, 1, 0, 0, 2, 0, 2]|[3, 0, 2, 3, 0, 1, 1, 2, 2, 4, 1, 1, 0, 4, 1, 4, 2, 1, 1, 1, 2, 2, 2, 1, 1, 1, 2, 1, 1, 2, 3, 2, 3, 1, 4, 0, 1, 1, 0, 3, 2, 2, 4, 0, 1, 1, 0, 4, 0, 1, 2, 3, 1, 4, 0, 3, 2, 1, 2, 1, 2, 1, 1, 1, 3, 0, 4, 3, 1, 4, 1, 1, 1, 2, 1, 4, 1, 1, 1, 1, 1, 3, 1, 1, 1, 1, 2, 4, 4, 2, 2, 3, 2, 1, 1, 2, 2, 1, 1, 1]|[2, 0, 1, 2, 3, 0, 0, 1, 1, 0, 0, 0, 0, 1, 0, 3, 1, 0, 0, 1, 1, 1, 2, 0, 0, 0, 1, 0, 1, 0, 0, 0, 0, 0, 3, 0, 1, 0, 0, 2, 1, 1, 2, 0, 0, 0, 0, 2, 1, 0, 0, 0, 1, 3, 0, 0, 1, 0, 1, 0, 1, 0, 1, 0, 2, 1, 0, 0, 1, 1, 3, 3, 0, 1, 0, 0, 0, 0, 1, 0, 0, 0, 0, 2, 0, 0, 1, 3, 3, 1, 1, 2, 0, 0, 1, 0, 0, 0, 1, 0],706.0425648885516,58640.99257008452,96849.50297129861,false
42,G4_BALANCED,G1_CMAX,[22, 82, 3, 58, 95, 42, 77, 47, 5, 93, 78, 12, 86, 54, 50, 63, 18, 44, 20, 35, 43, 97, 91, 76, 10, 30, 21, 45, 71, 64, 36, 23, 17, 83, 24, 14, 60, 1, 6, 40, 57, 90, 65, 56, 79, 94, 67, 68, 46, 75, 38, 9, 19, 32, 81, 41, 27, 62, 16, 55, 59, 89, 88, 87, 31, 72, 73, 70, 39, 37, 84, 92, 25, 11, 48, 15, 29, 51, 7, 33, 61, 98, 28, 99, 26, 85, 66, 96, 53, 80, 4, 8, 34, 49, 52, 2, 13, 0, 69, 74]|[1, 0, 1, 0, 1, 2, 2, 2, 2, 2, 1, 1, 1, 0, 0, 1, 0, 2, 2, 0, 1, 2, 0, 1, 2, 2, 0, 0, 1, 2, 1, 2, 1, 0, 2, 0, 1, 1, 0, 1, 1, 1, 0, 2, 1, 1, 0, 0, 0, 0, 1, 1, 2, 1, 2, 0, 0, 0, 1, 2, 1, 1, 1, 1, 1, 2, 1, 2, 1, 1, 1, 0, 1, 2, 2, 1, 0, 0, 1, 2, 1, 2, 0, 1, 1, 0, 0, 2, 0, 0, 1, 1, 2, 0, 1, 0, 0, 0, 1, 2]|[3, 2, 1, 1, 2, 1, 2, 1, 1, 2, 4, 4, 4, 1, 1, 4, 2, 1, 1, 1, 1, 2, 1, 2, 1, 1, 2, 1, 3, 2, 3, 1, 4, 1, 1, 1, 0, 3, 2, 2, 2, 3, 1, 1, 0, 4, 0, 1, 2, 2, 1, 4, 0, 3, 2, 1, 1, 2, 3, 1, 1, 1, 0, 3, 0, 0, 3, 0, 1, 4, 1, 0, 4, 1, 1, 4, 1, 1, 1, 1, 3, 1, 2, 1, 0, 2, 1, 1, 2, 1, 4, 3, 1, 1, 1, 2, 2, 2, 4, 1]|[3, 1, 2, 0, 1, 0, 0, 0, 0, 1, 0, 0, 1, 0, 0, 3, 1, 0, 0, 0, 3, 1, 0, 2, 0, 0, 0, 1, 0, 0, 2, 0, 3, 0, 1, 0, 0, 0, 1, 1, 1, 2, 0, 0, 0, 2, 1, 0, 0, 0, 1, 3, 0, 0, 1, 0, 0, 1, 2, 0, 1, 1, 0, 2, 0, 1, 0, 1, 1, 1, 1, 1, 3, 0, 0, 3, 0, 0, 2, 0, 0, 0, 1, 1, 3, 0, 0, 0, 1, 0, 0, 2, 0, 1, 1, 0, 0, 0, 2, 0],715.7913946700162,58060.95961022334,95287.06515100288,true
42,G2_TEC,G2_TEC,[31, 22, 82, 15, 26, 9, 95, 42, 77, 68, 47, 5, 93, 78, 86, 54, 85, 63, 18, 44, 20, 49, 36, 14, 74, 50, 53, 17, 21, 28, 11, 64, 3, 23, 30, 83, 24, 41, 40, 52, 65, 27, 90, 70, 39, 87, 48, 69, 99, 4, 75, 1, 13, 58, 97, 59, 45, 8, 73, 37, 35, 79, 71, 66, 76, 32, 60, 80, 56, 6, 67, 61, 33, 7, 57, 34, 12, 16, 10, 94, 96, 88, 43, 46, 91, 2, 84, 29, 92, 19, 51, 89, 81, 25, 55, 72, 98, 38, 0, 62]|[2, 1, 2, 1, 1, 2, 1, 1, 1, 1, 1, 0, 2, 2, 1, 2, 0, 0, 0, 2, 2, 1, 0, 2, 0, 2, 2, 1, 0, 1, 1, 1, 0, 0, 1, 0, 2, 1, 2, 2, 0, 0, 1, 1, 0, 2, 0, 2, 1, 0, 0, 2, 0, 0, 2, 0, 1, 1, 0, 0, 2, 1, 1, 2, 2, 0, 2, 2, 2, 1, 2, 1, 1, 2, 0, 1, 1, 2, 1, 2, 0, 1, 1, 0, 1, 0, 0, 1, 0, 1, 1, 1, 1, 1, 0, 1, 2, 0, 2, 1]|[0, 3, 0, 3, 4, 1, 4, 4, 2, 4, 3, 2, 1, 0, 2, 1, 1, 1, 2, 1, 1, 3, 0, 1, 0, 1, 1, 4, 1, 4, 3, 2, 2, 0, 4, 1, 1, 4, 1, 1, 2, 1, 4, 4, 1, 1, 0, 1, 3, 2, 2, 1, 2, 1, 1, 2, 4, 3, 0, 2, 2, 3, 3, 1, 1, 2, 1, 1, 1, 4, 1, 3, 4, 1, 2, 4, 3, 1, 3, 1, 2, 4, 4, 2, 3, 2, 2, 3, 2, 4, 3, 4, 4, 4, 2, 4, 1, 2, 1, 3]|[0, 2, 0, 0, 3, 0, 1, 3, 0, 0, 2, 0, 1, 0, 1, 0, 0, 0, 1, 0, 0, 2, 0, 0, 1, 0, 0, 3, 0, 1, 0, 2, 0, 0, 3, 0, 1, 1, 0, 0, 0, 0, 1, 3, 0, 0, 1, 0, 2, 0, 0, 0, 0, 0, 1, 0, 1, 0, 1, 1, 0, 2, 0, 0, 0, 0, 0, 0, 0, 2, 0, 0, 1, 0, 0, 1, 0, 0, 3, 0, 0, 1, 2, 0, 0, 0, 0, 3, 0, 1, 0, 1, 2, 3, 0, 1, 0, 0, 0, 0],900.7357371583179,49127.8910864123,106649.60962791642,false
42,G3_TWC,G3_TWC,[31, 22, 82, 15, 26, 58, 95, 42, 77, 12, 47, 5, 93, 78, 98, 54, 85, 63, 18, 44, 20, 35, 43, 97, 91, 76, 10, 30, 21, 45, 71, 64, 1, 23, 17, 83, 24, 14, 60, 36, 6, 57, 94, 88, 65, 56, 79, 40, 67, 68, 46, 75, 39, 9, 19, 32, 81, 96, 27, 62, 87, 90, 99, 59, 11, 16, 72, 73, 70, 38, 37, 84, 3, 92, 25, 55, 28, 29, 51, 7, 33, 61, 86, 48, 89, 50, 69, 41, 53, 80, 4, 8, 34, 49, 52, 0, 13, 74, 2, 66]|[1, 1, 0, 1, 1, 1, 2, 1, 2, 1, 2, 2, 2, 1, 1, 0, 0, 1, 0, 2, 2, 0, 1, 2, 0, 1, 2, 2, 0, 0, 1, 2, 1, 2, 1, 0, 2, 0, 1, 1, 0, 1, 1, 1, 0, 2, 1, 1, 0, 0, 0, 0, 1, 1, 2, 1, 2, 0, 0, 0, 2, 1, 0, 1, 2, 1, 2, 1, 1, 1, 1, 1, 2, 0, 1, 1, 0, 0, 0, 1, 2, 1, 0, 0, 1, 0, 2, 0, 0, 0, 0, 1, 2, 0, 1, 0, 0, 0, 0, 2]|[4, 3, 2, 2, 0, 0, 2, 2, 2, 4, 1, 1, 2, 4, 4, 1, 1, 4, 2, 1, 1, 1, 1, 2, 1, 2, 1, 1, 1, 1, 3, 2, 3, 0, 4, 0, 1, 1, 0, 3, 2, 2, 4, 0, 1, 1, 0, 2, 0, 1, 2, 2, 1, 4, 0, 3, 2, 1, 1, 2, 1, 3, 1, 1, 1, 3, 0, 4, 3, 1, 4, 1, 1, 2, 4, 4, 2, 1, 1, 3, 1, 3, 1, 1, 1, 1, 1, 1, 2, 1, 2, 3, 1, 1, 1, 2, 2, 2, 2, 1]|[0, 2, 1, 1, 3, 3, 0, 1, 0, 0, 0, 0, 1, 0, 1, 0, 0, 3, 1, 0, 0, 0, 3, 1, 0, 2, 0, 0, 0, 1, 0, 0, 0, 0, 3, 0, 1, 0, 0, 2, 1, 1, 2, 0, 0, 0, 0, 1, 1, 0, 0, 0, 1, 3, 0, 0, 1, 0, 0, 1, 0, 2, 0, 1, 0, 2, 1, 0, 0, 1, 1, 3, 0, 1, 3, 3, 1, 0, 0, 2, 0, 0, 0, 0, 1, 0, 0, 0, 1, 0, 1, 2, 0, 1, 1, 0, 0, 0, 0, 0],833.2154215640596,57825.44465227681,88905.52377856613,false
42,G1_CMAX,G1_CMAX,[31, 22, 82, 90, 26, 58, 95, 42, 77, 12, 93, 5, 78, 86, 98, 18, 44, 20, 35, 3, 97, 91, 76, 10, 85, 30, 47, 54, 45, 63, 71, 66, 1, 23, 17, 83, 24, 14, 60, 36, 6, 57, 40, 88, 65, 56, 79, 94, 67, 68, 46, 75, 38, 9, 19, 32, 81, 27, 62, 87, 15, 99, 59, 11, 16, 72, 73, 70, 39, 37, 84, 43, 80, 53, 96, 4, 50, 41, 89, 48, 21, 61, 33, 7, 51, 29, 28, 55, 25, 92, 8, 69, 0, 74, 52, 2, 13, 34, 49, 64]|[1, 1, 0, 1, 1, 0, 2, 1, 2, 1, 2, 2, 2, 1, 0, 1, 0, 2, 2, 1, 2, 2, 1, 2, 2, 2, 2, 0, 0, 0, 1, 2, 1, 2, 1, 0, 2, 0, 1, 1, 0, 1, 1, 1, 0, 2, 1, 1, 0, 0, 0, 1, 1, 1, 2, 1, 2, 0, 0, 2, 1, 0, 1, 2, 1, 2, 1, 1, 1, 1, 1, 1, 0, 0, 2, 1, 0, 0, 1, 0, 0, 1, 2, 1, 0, 0, 0, 1, 1, 0, 0, 1, 0, 2, 1, 0, 0, 2, 0, 2]|[3, 0, 2, 3, 0, 1, 1, 2, 2, 4, 1, 1, 0, 4, 1, 4, 2, 1, 1, 1, 2, 2, 2, 1, 1, 1, 2, 1, 1, 2, 3, 2, 3, 1, 4, 0, 1, 1, 0, 3, 2, 2, 4, 0, 1, 1, 0, 4, 0, 1, 2, 3, 1, 4, 0, 3, 2, 1, 2, 1, 2, 1, 1, 1, 3, 0, 4, 3, 1, 4, 1, 1, 1, 2, 1, 4, 1, 1, 1, 1, 1, 3, 1, 1, 1, 1, 2, 4, 4, 2, 2, 3, 2, 1, 1, 2, 2, 1, 1, 1]|[2, 0, 1, 2, 3, 0, 0, 1, 1, 0, 0, 0, 0, 1, 0, 3, 1, 0, 0, 1, 1, 1, 2, 0, 0, 0, 1, 0, 1, 0, 0, 0, 0, 0, 3, 0, 1, 0, 0, 2, 1, 1, 2, 0, 0, 0, 0, 2, 1, 0, 0, 0, 1, 3, 0, 0, 1, 0, 1, 0, 1, 0, 1, 0, 2, 1, 0, 0, 1, 1, 3, 3, 0, 1, 0, 0, 0, 0, 1, 0, 0, 0, 0, 2, 0, 0, 1, 3, 3, 1, 1, 2, 0, 0, 1, 0, 0, 0, 1, 0],706.0425648885516,58640.99257008452,96849.50297129861,false
42,G4_BALANCED,G1_CMAX,[22, 82, 3, 58, 95, 42, 77, 47, 5, 93, 78, 12, 86, 54, 50, 63, 18, 44, 20, 35, 43, 97, 91, 76, 10, 30, 21, 45, 71, 64, 36, 23, 17, 83, 24, 14, 60, 1, 6, 40, 57, 90, 65, 56, 79, 94, 67, 68, 46, 75, 38, 9, 19, 32, 81, 41, 27, 62, 16, 55, 59, 89, 88, 87, 31, 72, 73, 70, 39, 37, 84, 92, 25, 11, 48, 15, 29, 51, 7, 33, 61, 98, 28, 99, 26, 85, 66, 96, 53, 80, 4, 8, 34, 49, 52, 2, 13, 0, 69, 74]|[1, 0, 1, 0, 1, 2, 2, 2, 2, 2, 1, 1, 1, 0, 0, 1, 0, 2, 2, 0, 1, 2, 0, 1, 2, 2, 0, 0, 1, 2, 1, 2, 1, 0, 2, 0, 1, 1, 0, 1, 1, 1, 0, 2, 1, 1, 0, 0, 0, 0, 1, 1, 2, 1, 2, 0, 0, 0, 1, 2, 1, 1, 1, 1, 1, 2, 1, 2, 1, 1, 1, 0, 1, 2, 2, 1, 0, 0, 1, 2, 1, 2, 0, 1, 1, 0, 0, 2, 0, 0, 1, 1, 2, 0, 1, 0, 0, 0, 1, 2]|[3, 2, 1, 1, 2, 1, 2, 1, 1, 2, 4, 4, 4, 1, 1, 4, 2, 1, 1, 1, 1, 2, 1, 2, 1, 1, 2, 1, 3, 2, 3, 1, 4, 1, 1, 1, 0, 3, 2, 2, 2, 3, 1, 1, 0, 4, 0, 1, 2, 2, 1, 4, 0, 3, 2, 1, 1, 2, 3, 1, 1, 1, 0, 3, 0, 0, 3, 0, 1, 4, 1, 0, 4, 1, 1, 4, 1, 1, 1, 1, 3, 1, 2, 1, 0, 2, 1, 1, 2, 1, 4, 3, 1, 1, 1, 2, 2, 2, 4, 1]|[3, 1, 2, 0, 1, 0, 0, 0, 0, 1, 0, 0, 1, 0, 0, 3, 1, 0, 0, 0, 3, 1, 0, 2, 0, 0, 0, 1, 0, 0, 2, 0, 3, 0, 1, 0, 0, 0, 1, 1, 1, 2, 0, 0, 0, 2, 1, 0, 0, 0, 1, 3, 0, 0, 1, 0, 0, 1, 2, 0, 1, 1, 0, 2, 0, 1, 0, 1, 1, 1, 1, 1, 3, 0, 0, 3, 0, 0, 2, 0, 0, 0, 1, 1, 3, 0, 0, 0, 1, 0, 0, 2, 0, 1, 1, 0, 0, 0, 2, 0],715.7913946700162,58060.95961022334,95287.06515100288,true
42,G2_TEC,G2_TEC,[31, 22, 82, 15, 26, 9, 95, 42, 77, 68, 47, 5, 93, 78, 86, 54, 85, 63, 18, 44, 20, 49, 36, 14, 74, 50, 53, 17, 21, 28, 11, 64, 3, 23, 30, 83, 24, 41, 40, 52, 65, 27, 90, 70, 39, 87, 48, 69, 99, 4, 75, 1, 13, 58, 97, 59, 45, 8, 73, 37, 35, 79, 71, 66, 76, 32, 60, 80, 56, 6, 67, 61, 33, 7, 57, 34, 12, 16, 10, 94, 96, 88, 43, 46, 91, 2, 84, 29, 92, 19, 51, 89, 81, 25, 55, 72, 98, 38, 0, 62]|[2, 1, 2, 1, 1, 2, 1, 1, 1, 1, 1, 0, 2, 2, 1, 2, 0, 0, 0, 2, 2, 1, 0, 2, 0, 2, 2, 1, 0, 1, 1, 1, 0, 0, 1, 0, 2, 1, 2, 2, 0, 0, 1, 1, 0, 2, 0, 2, 1, 0, 0, 2, 0, 0, 2, 0, 1, 1, 0, 0, 2, 1, 1, 2, 2, 0, 2, 2, 2, 1, 2, 1, 1, 2, 0, 1, 1, 2, 1, 2, 0, 1, 1, 0, 1, 0, 0, 1, 0, 1, 1, 1, 1, 1, 0, 1, 2, 0, 2, 1]|[0, 3, 0, 3, 4, 1, 4, 4, 2, 4, 3, 2, 1, 0, 2, 1, 1, 1, 2, 1, 1, 3, 0, 1, 0, 1, 1, 4, 1, 4, 3, 2, 2, 0, 4, 1, 1, 4, 1, 1, 2, 1, 4, 4, 1, 1, 0, 1, 3, 2, 2, 1, 2, 1, 1, 2, 4, 3, 0, 2, 2, 3, 3, 1, 1, 2, 1, 1, 1, 4, 1, 3, 4, 1, 2, 4, 3, 1, 3, 1, 2, 4, 4, 2, 3, 2, 2, 3, 2, 4, 3, 4, 4, 4, 2, 4, 1, 2, 1, 3]|[0, 2, 0, 0, 3, 0, 1, 3, 0, 0, 2, 0, 1, 0, 1, 0, 0, 0, 1, 0, 0, 2, 0, 0, 1, 0, 0, 3, 0, 1, 0, 2, 0, 0, 3, 0, 1, 1, 0, 0, 0, 0, 1, 3, 0, 0, 1, 0, 2, 0, 0, 0, 0, 0, 1, 0, 1, 0, 1, 1, 0, 2, 0, 0, 0, 0, 0, 0, 0, 2, 0, 0, 1, 0, 0, 1, 0, 0, 3, 0, 0, 1, 2, 0, 0, 0, 0, 3, 0, 1, 0, 1, 2, 3, 0, 1, 0, 0, 0, 0],900.7357371583179,49127.8910864123,106649.60962791642,false
42,G3_TWC,G3_TWC,[31, 22, 82, 15, 26, 58, 95, 42, 77, 12, 47, 5, 93, 78, 98, 54, 85, 63, 18, 44, 20, 35, 43, 97, 91, 76, 10, 30, 21, 45, 71, 64, 1, 23, 17, 83, 24, 14, 60, 36, 6, 57, 94, 88, 65, 56, 79, 40, 67, 68, 46, 75, 39, 9, 19, 32, 81, 96, 27, 62, 87, 90, 99, 59, 11, 16, 72, 73, 70, 38, 37, 84, 3, 92, 25, 55, 28, 29, 51, 7, 33, 61, 86, 48, 89, 50, 69, 41, 53, 80, 4, 8, 34, 49, 52, 0, 13, 74, 2, 66]|[1, 1, 0, 1, 1, 1, 2, 1, 2, 1, 2, 2, 2, 1, 1, 0, 0, 1, 0, 2, 2, 0, 1, 2, 0, 1, 2, 2, 0, 0, 1, 2, 1, 2, 1, 0, 2, 0, 1, 1, 0, 1, 1, 1, 0, 2, 1, 1, 0, 0, 0, 0, 1, 1, 2, 1, 2, 0, 0, 0, 2, 1, 0, 1, 2, 1, 2, 1, 1, 1, 1, 1, 2, 0, 1, 1, 0, 0, 0, 1, 2, 1, 0, 0, 1, 0, 2, 0, 0, 0, 0, 1, 2, 0, 1, 0, 0, 0, 0, 2]|[4, 3, 2, 2, 0, 0, 2, 2, 2, 4, 1, 1, 2, 4, 4, 1, 1, 4, 2, 1, 1, 1, 1, 2, 1, 2, 1, 1, 1, 1, 3, 2, 3, 0, 4, 0, 1, 1, 0, 3, 2, 2, 4, 0, 1, 1, 0, 2, 0, 1, 2, 2, 1, 4, 0, 3, 2, 1, 1, 2, 1, 3, 1, 1, 1, 3, 0, 4, 3, 1, 4, 1, 1, 2, 4, 4, 2, 1, 1, 3, 1, 3, 1, 1, 1, 1, 1, 1, 2, 1, 2, 3, 1, 1, 1, 2, 2, 2, 2, 1]|[0, 2, 1, 1, 3, 3, 0, 1, 0, 0, 0, 0, 1, 0, 1, 0, 0, 3, 1, 0, 0, 0, 3, 1, 0, 2, 0, 0, 0, 1, 0, 0, 0, 0, 3, 0, 1, 0, 0, 2, 1, 1, 2, 0, 0, 0, 0, 1, 1, 0, 0, 0, 1, 3, 0, 0, 1, 0, 0, 1, 0, 2, 0, 1, 0, 2, 1, 0, 0, 1, 1, 3, 0, 1, 3, 3, 1, 0, 0, 2, 0, 0, 0, 0, 1, 0, 0, 0, 1, 0, 1, 2, 0, 1, 1, 0, 0, 0, 0, 0],833.2154215640596,57825.44465227681,88905.52377856613,false
42,G1_CMAX,G1_CMAX,[31, 22, 82, 90, 26, 58, 95, 42, 77, 12, 93, 5, 78, 86, 98, 18, 44, 20, 35, 3, 97, 91, 76, 10, 85, 30, 47, 54, 45, 63, 71, 66, 1, 23, 17, 83, 24, 14, 60, 36, 6, 57, 40, 88, 65, 56, 79, 94, 67, 68, 46, 75, 38, 9, 19, 32, 81, 27, 62, 87, 15, 99, 59, 11, 16, 72, 73, 70, 39, 37, 84, 43, 80, 53, 96, 4, 50, 41, 89, 48, 21, 61, 33, 7, 51, 29, 28, 55, 25, 92, 8, 69, 0, 74, 52, 2, 13, 34, 49, 64]|[1, 1, 0, 1, 1, 0, 2, 1, 2, 1, 2, 2, 2, 1, 0, 1, 0, 2, 2, 1, 2, 2, 1, 2, 2, 2, 2, 0, 0, 0, 1, 2, 1, 2, 1, 0, 2, 0, 1, 1, 0, 1, 1, 1, 0, 2, 1, 1, 0, 0, 0, 1, 1, 1, 2, 1, 2, 0, 0, 2, 1, 0, 1, 2, 1, 2, 1, 1, 1, 1, 1, 1, 0, 0, 2, 1, 0, 0, 1, 0, 0, 1, 2, 1, 0, 0, 0, 1, 1, 0, 0, 1, 0, 2, 1, 0, 0, 2, 0, 2]|[3, 0, 2, 3, 0, 1, 1, 2, 2, 4, 1, 1, 0, 4, 1, 4, 2, 1, 1, 1, 2, 2, 2, 1, 1, 1, 2, 1, 1, 2, 3, 2, 3, 1, 4, 0, 1, 1, 0, 3, 2, 2, 4, 0, 1, 1, 0, 4, 0, 1, 2, 3, 1, 4, 0, 3, 2, 1, 2, 1, 2, 1, 1, 1, 3, 0, 4, 3, 1, 4, 1, 1, 1, 2, 1, 4, 1, 1, 1, 1, 1, 3, 1, 1, 1, 1, 2, 4, 4, 2, 2, 3, 2, 1, 1, 2, 2, 1, 1, 1]|[2, 0, 1, 2, 3, 0, 0, 1, 1, 0, 0, 0, 0, 1, 0, 3, 1, 0, 0, 1, 1, 1, 2, 0, 0, 0, 1, 0, 1, 0, 0, 0, 0, 0, 3, 0, 1, 0, 0, 2, 1, 1, 2, 0, 0, 0, 0, 2, 1, 0, 0, 0, 1, 3, 0, 0, 1, 0, 1, 0, 1, 0, 1, 0, 2, 1, 0, 0, 1, 1, 3, 3, 0, 1, 0, 0, 0, 0, 1, 0, 0, 0, 0, 2, 0, 0, 1, 3, 3, 1, 1, 2, 0, 0, 1, 0, 0, 0, 1, 0],706.0425648885516,58640.99257008452,96849.50297129861,false
42,G4_BALANCED,G1_CMAX,[22, 82, 3, 58, 95, 42, 77, 47, 5, 93, 78, 12, 86, 54, 50, 63, 18, 44, 20, 35, 43, 97, 91, 76, 10, 30, 21, 45, 71, 64, 36, 23, 17, 83, 24, 14, 60, 1, 6, 40, 57, 90, 65, 56, 79, 94, 67, 68, 46, 75, 38, 9, 19, 32, 81, 41, 27, 62, 16, 55, 59, 89, 88, 87, 31, 72, 73, 70, 39, 37, 84, 92, 25, 11, 48, 15, 29, 51, 7, 33, 61, 98, 28, 99, 26, 85, 66, 96, 53, 80, 4, 8, 34, 49, 52, 2, 13, 0, 69, 74]|[1, 0, 1, 0, 1, 2, 2, 2, 2, 2, 1, 1, 1, 0, 0, 1, 0, 2, 2, 0, 1, 2, 0, 1, 2, 2, 0, 0, 1, 2, 1, 2, 1, 0, 2, 0, 1, 1, 0, 1, 1, 1, 0, 2, 1, 1, 0, 0, 0, 0, 1, 1, 2, 1, 2, 0, 0, 0, 1, 2, 1, 1, 1, 1, 1, 2, 1, 2, 1, 1, 1, 0, 1, 2, 2, 1, 0, 0, 1, 2, 1, 2, 0, 1, 1, 0, 0, 2, 0, 0, 1, 1, 2, 0, 1, 0, 0, 0, 1, 2]|[3, 2, 1, 1, 2, 1, 2, 1, 1, 2, 4, 4, 4, 1, 1, 4, 2, 1, 1, 1, 1, 2, 1, 2, 1, 1, 2, 1, 3, 2, 3, 1, 4, 1, 1, 1, 0, 3, 2, 2, 2, 3, 1, 1, 0, 4, 0, 1, 2, 2, 1, 4, 0, 3, 2, 1, 1, 2, 3, 1, 1, 1, 0, 3, 0, 0, 3, 0, 1, 4, 1, 0, 4, 1, 1, 4, 1, 1, 1, 1, 3, 1, 2, 1, 0, 2, 1, 1, 2, 1, 4, 3, 1, 1, 1, 2, 2, 2, 4, 1]|[3, 1, 2, 0, 1, 0, 0, 0, 0, 1, 0, 0, 1, 0, 0, 3, 1, 0, 0, 0, 3, 1, 0, 2, 0, 0, 0, 1, 0, 0, 2, 0, 3, 0, 1, 0, 0, 0, 1, 1, 1, 2, 0, 0, 0, 2, 1, 0, 0, 0, 1, 3, 0, 0, 1, 0, 0, 1, 2, 0, 1, 1, 0, 2, 0, 1, 0, 1, 1, 1, 1, 1, 3, 0, 0, 3, 0, 0, 2, 0, 0, 0, 1, 1, 3, 0, 0, 0, 1, 0, 0, 2, 0, 1, 1, 0, 0, 0, 2, 0],715.7913946700162,58060.95961022334,95287.06515100288,true
42,G2_TEC,G2_TEC,[31, 22, 82, 15, 26, 9, 95, 42, 77, 68, 47, 5, 93, 78, 86, 54, 85, 63, 18, 44, 20, 49, 36, 14, 74, 50, 53, 17, 21, 28, 11, 64, 3, 23, 30, 83, 24, 41, 40, 52, 65, 27, 90, 70, 39, 87, 48, 69, 99, 4, 75, 1, 13, 58, 97, 59, 45, 8, 73, 37, 35, 79, 71, 66, 76, 32, 60, 80, 56, 6, 67, 61, 33, 7, 57, 34, 12, 16, 10, 94, 96, 88, 43, 46, 91, 2, 84, 29, 92, 19, 51, 89, 81, 25, 55, 72, 98, 38, 0, 62]|[2, 1, 2, 1, 1, 2, 1, 1, 1, 1, 1, 0, 2, 2, 1, 2, 0, 0, 0, 2, 2, 1, 0, 2, 0, 2, 2, 1, 0, 1, 1, 1, 0, 0, 1, 0, 2, 1, 2, 2, 0, 0, 1, 1, 0, 2, 0, 2, 1, 0, 0, 2, 0, 0, 2, 0, 1, 1, 0, 0, 2, 1, 1, 2, 2, 0, 2, 2, 2, 1, 2, 1, 1, 2, 0, 1, 1, 2, 1, 2, 0, 1, 1, 0, 1, 0, 0, 1, 0, 1, 1, 1, 1, 1, 0, 1, 2, 0, 2, 1]|[0, 3, 0, 3, 4, 1, 4, 4, 2, 4, 3, 2, 1, 0, 2, 1, 1, 1, 2, 1, 1, 3, 0, 1, 0, 1, 1, 4, 1, 4, 3, 2, 2, 0, 4, 1, 1, 4, 1, 1, 2, 1, 4, 4, 1, 1, 0, 1, 3, 2, 2, 1, 2, 1, 1, 2, 4, 3, 0, 2, 2, 3, 3, 1, 1, 2, 1, 1, 1, 4, 1, 3, 4, 1, 2, 4, 3, 1, 3, 1, 2, 4, 4, 2, 3, 2, 2, 3, 2, 4, 3, 4, 4, 4, 2, 4, 1, 2, 1, 3]|[0, 2, 0, 0, 3, 0, 1, 3, 0, 0, 2, 0, 1, 0, 1, 0, 0, 0, 1, 0, 0, 2, 0, 0, 1, 0, 0, 3, 0, 1, 0, 2, 0, 0, 3, 0, 1, 1, 0, 0, 0, 0, 1, 3, 0, 0, 1, 0, 2, 0, 0, 0, 0, 0, 1, 0, 1, 0, 1, 1, 0, 2, 0, 0, 0, 0, 0, 0, 0, 2, 0, 0, 1, 0, 0, 1, 0, 0, 3, 0, 0, 1, 2, 0, 0, 0, 0, 3, 0, 1, 0, 1, 2, 3, 0, 1, 0, 0, 0, 0],900.7357371583179,49127.8910864123,106649.60962791642,false
42,G3_TWC,G3_TWC,[31, 22, 82, 15, 26, 58, 95, 42, 77, 12, 47, 5, 93, 78, 98, 54, 85, 63, 18, 44, 20, 35, 43, 97, 91, 76, 10, 30, 21, 45, 71, 64, 1, 23, 17, 83, 24, 14, 60, 36, 6, 57, 94, 88, 65, 56, 79, 40, 67, 68, 46, 75, 39, 9, 19, 32, 81, 96, 27, 62, 87, 90, 99, 59, 11, 16, 72, 73, 70, 38, 37, 84, 3, 92, 25, 55, 28, 29, 51, 7, 33, 61, 86, 48, 89, 50, 69, 41, 53, 80, 4, 8, 34, 49, 52, 0, 13, 74, 2, 66]|[1, 1, 0, 1, 1, 1, 2, 1, 2, 1, 2, 2, 2, 1, 1, 0, 0, 1, 0, 2, 2, 0, 1, 2, 0, 1, 2, 2, 0, 0, 1, 2, 1, 2, 1, 0, 2, 0, 1, 1, 0, 1, 1, 1, 0, 2, 1, 1, 0, 0, 0, 0, 1, 1, 2, 1, 2, 0, 0, 0, 2, 1, 0, 1, 2, 1, 2, 1, 1, 1, 1, 1, 2, 0, 1, 1, 0, 0, 0, 1, 2, 1, 0, 0, 1, 0, 2, 0, 0, 0, 0, 1, 2, 0, 1, 0, 0, 0, 0, 2]|[4, 3, 2, 2, 0, 0, 2, 2, 2, 4, 1, 1, 2, 4, 4, 1, 1, 4, 2, 1, 1, 1, 1, 2, 1, 2, 1, 1, 1, 1, 3, 2, 3, 0, 4, 0, 1, 1, 0, 3, 2, 2, 4, 0, 1, 1, 0, 2, 0, 1, 2, 2, 1, 4, 0, 3, 2, 1, 1, 2, 1, 3, 1, 1, 1, 3, 0, 4, 3, 1, 4, 1, 1, 2, 4, 4, 2, 1, 1, 3, 1, 3, 1, 1, 1, 1, 1, 1, 2, 1, 2, 3, 1, 1, 1, 2, 2, 2, 2, 1]|[0, 2, 1, 1, 3, 3, 0, 1, 0, 0, 0, 0, 1, 0, 1, 0, 0, 3, 1, 0, 0, 0, 3, 1, 0, 2, 0, 0, 0, 1, 0, 0, 0, 0, 3, 0, 1, 0, 0, 2, 1, 1, 2, 0, 0, 0, 0, 1, 1, 0, 0, 0, 1, 3, 0, 0, 1, 0, 0, 1, 0, 2, 0, 1, 0, 2, 1, 0, 0, 1, 1, 3, 0, 1, 3, 3, 1, 0, 0, 2, 0, 0, 0, 0, 1, 0, 0, 0, 1, 0, 1, 2, 0, 1, 1, 0, 0, 0, 0, 0],833.2154215640596,57825.44465227681,88905.52377856613,false
42,G1_CMAX,G1_CMAX,[31, 22, 82, 90, 26, 58, 95, 42, 77, 12, 93, 5, 78, 86, 98, 18, 44, 20, 35, 3, 97, 91, 76, 10, 85, 30, 47, 54, 45, 63, 71, 66, 1, 23, 17, 83, 24, 14, 60, 36, 6, 57, 40, 88, 65, 56, 79, 94, 67, 68, 46, 75, 38, 9, 19, 32, 81, 27, 62, 87, 15, 99, 59, 11, 16, 72, 73, 70, 39, 37, 84, 43, 80, 53, 96, 4, 50, 41, 89, 48, 21, 61, 33, 7, 51, 29, 28, 55, 25, 92, 8, 69, 0, 74, 52, 2, 13, 34, 49, 64]|[1, 1, 0, 1, 1, 0, 2, 1, 2, 1, 2, 2, 2, 1, 0, 1, 0, 2, 2, 1, 2, 2, 1, 2, 2, 2, 2, 0, 0, 0, 1, 2, 1, 2, 1, 0, 2, 0, 1, 1, 0, 1, 1, 1, 0, 2, 1, 1, 0, 0, 0, 1, 1, 1, 2, 1, 2, 0, 0, 2, 1, 0, 1, 2, 1, 2, 1, 1, 1, 1, 1, 1, 0, 0, 2, 1, 0, 0, 1, 0, 0, 1, 2, 1, 0, 0, 0, 1, 1, 0, 0, 1, 0, 2, 1, 0, 0, 2, 0, 2]|[3, 0, 2, 3, 0, 1, 1, 2, 2, 4, 1, 1, 0, 4, 1, 4, 2, 1, 1, 1, 2, 2, 2, 1, 1, 1, 2, 1, 1, 2, 3, 2, 3, 1, 4, 0, 1, 1, 0, 3, 2, 2, 4, 0, 1, 1, 0, 4, 0, 1, 2, 3, 1, 4, 0, 3, 2, 1, 2, 1, 2, 1, 1, 1, 3, 0, 4, 3, 1, 4, 1, 1, 1, 2, 1, 4, 1, 1, 1, 1, 1, 3, 1, 1, 1, 1, 2, 4, 4, 2, 2, 3, 2, 1, 1, 2, 2, 1, 1, 1]|[2, 0, 1, 2, 3, 0, 0, 1, 1, 0, 0, 0, 0, 1, 0, 3, 1, 0, 0, 1, 1, 1, 2, 0, 0, 0, 1, 0, 1, 0, 0, 0, 0, 0, 3, 0, 1, 0, 0, 2, 1, 1, 2, 0, 0, 0, 0, 2, 1, 0, 0, 0, 1, 3, 0, 0, 1, 0, 1, 0, 1, 0, 1, 0, 2, 1, 0, 0, 1, 1, 3, 3, 0, 1, 0, 0, 0, 0, 1, 0, 0, 0, 0, 2, 0, 0, 1, 3, 3, 1, 1, 2, 0, 0, 1, 0, 0, 0, 1, 0],706.0425648885516,58640.99257008452,96849.50297129861,false
42,G4_BALANCED,G1_CMAX,[22, 82, 3, 58, 95, 42, 77, 47, 5, 93, 78, 12, 86, 54, 50, 63, 18, 44, 20, 35, 43, 97, 91, 76, 10, 30, 21, 45, 71, 64, 36, 23, 17, 83, 24, 14, 60, 1, 6, 40, 57, 90, 65, 56, 79, 94, 67, 68, 46, 75, 38, 9, 19, 32, 81, 41, 27, 62, 16, 55, 59, 89, 88, 87, 31, 72, 73, 70, 39, 37, 84, 92, 25, 11, 48, 15, 29, 51, 7, 33, 61, 98, 28, 99, 26, 85, 66, 96, 53, 80, 4, 8, 34, 49, 52, 2, 13, 0, 69, 74]|[1, 0, 1, 0, 1, 2, 2, 2, 2, 2, 1, 1, 1, 0, 0, 1, 0, 2, 2, 0, 1, 2, 0, 1, 2, 2, 0, 0, 1, 2, 1, 2, 1, 0, 2, 0, 1, 1, 0, 1, 1, 1, 0, 2, 1, 1, 0, 0, 0, 0, 1, 1, 2, 1, 2, 0, 0, 0, 1, 2, 1, 1, 1, 1, 1, 2, 1, 2, 1, 1, 1, 0, 1, 2, 2, 1, 0, 0, 1, 2, 1, 2, 0, 1, 1, 0, 0, 2, 0, 0, 1, 1, 2, 0, 1, 0, 0, 0, 1, 2]|[3, 2, 1, 1, 2, 1, 2, 1, 1, 2, 4, 4, 4, 1, 1, 4, 2, 1, 1, 1, 1, 2, 1, 2, 1, 1, 2, 1, 3, 2, 3, 1, 4, 1, 1, 1, 0, 3, 2, 2, 2, 3, 1, 1, 0, 4, 0, 1, 2, 2, 1, 4, 0, 3, 2, 1, 1, 2, 3, 1, 1, 1, 0, 3, 0, 0, 3, 0, 1, 4, 1, 0, 4, 1, 1, 4, 1, 1, 1, 1, 3, 1, 2, 1, 0, 2, 1, 1, 2, 1, 4, 3, 1, 1, 1, 2, 2, 2, 4, 1]|[3, 1, 2, 0, 1, 0, 0, 0, 0, 1, 0, 0, 1, 0, 0, 3, 1, 0, 0, 0, 3, 1, 0, 2, 0, 0, 0, 1, 0, 0, 2, 0, 3, 0, 1, 0, 0, 0, 1, 1, 1, 2, 0, 0, 0, 2, 1, 0, 0, 0, 1, 3, 0, 0, 1, 0, 0, 1, 2, 0, 1, 1, 0, 2, 0, 1, 0, 1, 1, 1, 1, 1, 3, 0, 0, 3, 0, 0, 2, 0, 0, 0, 1, 1, 3, 0, 0, 0, 1, 0, 0, 2, 0, 1, 1, 0, 0, 0, 2, 0],715.7913946700162,58060.95961022334,95287.06515100288,true
42,G2_TEC,G2_TEC,[31, 22, 82, 15, 26, 9, 95, 42, 77, 68, 47, 5, 93, 78, 86, 54, 85, 63, 18, 44, 20, 49, 36, 14, 74, 50, 53, 17, 21, 28, 11, 64, 3, 23, 30, 83, 24, 41, 40, 52, 65, 27, 90, 70, 39, 87, 48, 69, 99, 4, 75, 1, 13, 58, 97, 59, 45, 8, 73, 37, 35, 79, 71, 66, 76, 32, 60, 80, 56, 6, 67, 61, 33, 7, 57, 34, 12, 16, 10, 94, 96, 88, 43, 46, 91, 2, 84, 29, 92, 19, 51, 89, 81, 25, 55, 72, 98, 38, 0, 62]|[2, 1, 2, 1, 1, 2, 1, 1, 1, 1, 1, 0, 2, 2, 1, 2, 0, 0, 0, 2, 2, 1, 0, 2, 0, 2, 2, 1, 0, 1, 1, 1, 0, 0, 1, 0, 2, 1, 2, 2, 0, 0, 1, 1, 0, 2, 0, 2, 1, 0, 0, 2, 0, 0, 2, 0, 1, 1, 0, 0, 2, 1, 1, 2, 2, 0, 2, 2, 2, 1, 2, 1, 1, 2, 0, 1, 1, 2, 1, 2, 0, 1, 1, 0, 1, 0, 0, 1, 0, 1, 1, 1, 1, 1, 0, 1, 2, 0, 2, 1]|[0, 3, 0, 3, 4, 1, 4, 4, 2, 4, 3, 2, 1, 0, 2, 1, 1, 1, 2, 1, 1, 3, 0, 1, 0, 1, 1, 4, 1, 4, 3, 2, 2, 0, 4, 1, 1, 4, 1, 1, 2, 1, 4, 4, 1, 1, 0, 1, 3, 2, 2, 1, 2, 1, 1, 2, 4, 3, 0, 2, 2, 3, 3, 1, 1, 2, 1, 1, 1, 4, 1, 3, 4, 1, 2, 4, 3, 1, 3, 1, 2, 4, 4, 2, 3, 2, 2, 3, 2, 4, 3, 4, 4, 4, 2, 4, 1, 2, 1, 3]|[0, 2, 0, 0, 3, 0, 1, 3, 0, 0, 2, 0, 1, 0, 1, 0, 0, 0, 1, 0, 0, 2, 0, 0, 1, 0, 0, 3, 0, 1, 0, 2, 0, 0, 3, 0, 1, 1, 0, 0, 0, 0, 1, 3, 0, 0, 1, 0, 2, 0, 0, 0, 0, 0, 1, 0, 1, 0, 1, 1, 0, 2, 0, 0, 0, 0, 0, 0, 0, 2, 0, 0, 1, 0, 0, 1, 0, 0, 3, 0, 0, 1, 2, 0, 0, 0, 0, 3, 0, 1, 0, 1, 2, 3, 0, 1, 0, 0, 0, 0],900.7357371583179,49127.8910864123,106649.60962791642,false
42,G3_TWC,G3_TWC,[31, 22, 82, 15, 26, 58, 95, 42, 77, 12, 47, 5, 93, 78, 98, 54, 85, 63, 18, 44, 20, 35, 43, 97, 91, 76, 10, 30, 21, 45, 71, 64, 1, 23, 17, 83, 24, 14, 60, 36, 6, 57, 94, 88, 65, 56, 79, 40, 67, 68, 46, 75, 39, 9, 19, 32, 81, 96, 27, 62, 87, 90, 99, 59, 11, 16, 72, 73, 70, 38, 37, 84, 3, 92, 25, 55, 28, 29, 51, 7, 33, 61, 86, 48, 89, 50, 69, 41, 53, 80, 4, 8, 34, 49, 52, 0, 13, 74, 2, 66]|[1, 1, 0, 1, 1, 1, 2, 1, 2, 1, 2, 2, 2, 1, 1, 0, 0, 1, 0, 2, 2, 0, 1, 2, 0, 1, 2, 2, 0, 0, 1, 2, 1, 2, 1, 0, 2, 0, 1, 1, 0, 1, 1, 1, 0, 2, 1, 1, 0, 0, 0, 0, 1, 1, 2, 1, 2, 0, 0, 0, 2, 1, 0, 1, 2, 1, 2, 1, 1, 1, 1, 1, 2, 0, 1, 1, 0, 0, 0, 1, 2, 1, 0, 0, 1, 0, 2, 0, 0, 0, 0, 1, 2, 0, 1, 0, 0, 0, 0, 2]|[4, 3, 2, 2, 0, 0, 2, 2, 2, 4, 1, 1, 2, 4, 4, 1, 1, 4, 2, 1, 1, 1, 1, 2, 1, 2, 1, 1, 1, 1, 3, 2, 3, 0, 4, 0, 1, 1, 0, 3, 2, 2, 4, 0, 1, 1, 0, 2, 0, 1, 2, 2, 1, 4, 0, 3, 2, 1, 1, 2, 1, 3, 1, 1, 1, 3, 0, 4, 3, 1, 4, 1, 1, 2, 4, 4, 2, 1, 1, 3, 1, 3, 1, 1, 1, 1, 1, 1, 2, 1, 2, 3, 1, 1, 1, 2, 2, 2, 2, 1]|[0, 2, 1, 1, 3, 3, 0, 1, 0, 0, 0, 0, 1, 0, 1, 0, 0, 3, 1, 0, 0, 0, 3, 1, 0, 2, 0, 0, 0, 1, 0, 0, 0, 0, 3, 0, 1, 0, 0, 2, 1, 1, 2, 0, 0, 0, 0, 1, 1, 0, 0, 0, 1, 3, 0, 0, 1, 0, 0, 1, 0, 2, 0, 1, 0, 2, 1, 0, 0, 1, 1, 3, 0, 1, 3, 3, 1, 0, 0, 2, 0, 0, 0, 0, 1, 0, 0, 0, 1, 0, 1, 2, 0, 1, 1, 0, 0, 0, 0, 0],833.2154215640596,57825.44465227681,88905.52377856613,false
42,G1_CMAX,G1_CMAX,[31, 22, 82, 90, 26, 58, 95, 42, 77, 12, 93, 5, 78, 86, 98, 18, 44, 20, 35, 3, 97, 91, 76, 10, 85, 30, 47, 54, 45, 63, 71, 66, 1, 23, 17, 83, 24, 14, 60, 36, 6, 57, 40, 88, 65, 56, 79, 94, 67, 68, 46, 75, 38, 9, 19, 32, 81, 27, 62, 87, 15, 99, 59, 11, 16, 72, 73, 70, 39, 37, 84, 43, 80, 53, 96, 4, 50, 41, 89, 48, 21, 61, 33, 7, 51, 29, 28, 55, 25, 92, 8, 69, 0, 74, 52, 2, 13, 34, 49, 64]|[1, 1, 0, 1, 1, 0, 2, 1, 2, 1, 2, 2, 2, 1, 0, 1, 0, 2, 2, 1, 2, 2, 1, 2, 2, 2, 2, 0, 0, 0, 1, 2, 1, 2, 1, 0, 2, 0, 1, 1, 0, 1, 1, 1, 0, 2, 1, 1, 0, 0, 0, 1, 1, 1, 2, 1, 2, 0, 0, 2, 1, 0, 1, 2, 1, 2, 1, 1, 1, 1, 1, 1, 0, 0, 2, 1, 0, 0, 1, 0, 0, 1, 2, 1, 0, 0, 0, 1, 1, 0, 0, 1, 0, 2, 1, 0, 0, 2, 0, 2]|[3, 0, 2, 3, 0, 1, 1, 2, 2, 4, 1, 1, 0, 4, 1, 4, 2, 1, 1, 1, 2, 2, 2, 1, 1, 1, 2, 1, 1, 2, 3, 2, 3, 1, 4, 0, 1, 1, 0, 3, 2, 2, 4, 0, 1, 1, 0, 4, 0, 1, 2, 3, 1, 4, 0, 3, 2, 1, 2, 1, 2, 1, 1, 1, 3, 0, 4, 3, 1, 4, 1, 1, 1, 2, 1, 4, 1, 1, 1, 1, 1, 3, 1, 1, 1, 1, 2, 4, 4, 2, 2, 3, 2, 1, 1, 2, 2, 1, 1, 1]|[2, 0, 1, 2, 3, 0, 0, 1, 1, 0, 0, 0, 0, 1, 0, 3, 1, 0, 0, 1, 1, 1, 2, 0, 0, 0, 1, 0, 1, 0, 0, 0, 0, 0, 3, 0, 1, 0, 0, 2, 1, 1, 2, 0, 0, 0, 0, 2, 1, 0, 0, 0, 1, 3, 0, 0, 1, 0, 1, 0, 1, 0, 1, 0, 2, 1, 0, 0, 1, 1, 3, 3, 0, 1, 0, 0, 0, 0, 1, 0, 0, 0, 0, 2, 0, 0, 1, 3, 3, 1, 1, 2, 0, 0, 1, 0, 0, 0, 1, 0],706.0425648885516,58640.99257008452,96849.50297129861,false
42,G4_BALANCED,G1_CMAX,[22, 82, 3, 58, 95, 42, 77, 47, 5, 93, 78, 12, 86, 54, 50, 63, 18, 44, 20, 35, 43, 97, 91, 76, 10, 30, 21, 45, 71, 64, 36, 23, 17, 83, 24, 14, 60, 1, 6, 40, 57, 90, 65, 56, 79, 94, 67, 68, 46, 75, 38, 9, 19, 32, 81, 41, 27, 62, 16, 55, 59, 89, 88, 87, 31, 72, 73, 70, 39, 37, 84, 92, 25, 11, 48, 15, 29, 51, 7, 33, 61, 98, 28, 99, 26, 85, 66, 96, 53, 80, 4, 8, 34, 49, 52, 2, 13, 0, 69, 74]|[1, 0, 1, 0, 1, 2, 2, 2, 2, 2, 1, 1, 1, 0, 0, 1, 0, 2, 2, 0, 1, 2, 0, 1, 2, 2, 0, 0, 1, 2, 1, 2, 1, 0, 2, 0, 1, 1, 0, 1, 1, 1, 0, 2, 1, 1, 0, 0, 0, 0, 1, 1, 2, 1, 2, 0, 0, 0, 1, 2, 1, 1, 1, 1, 1, 2, 1, 2, 1, 1, 1, 0, 1, 2, 2, 1, 0, 0, 1, 2, 1, 2, 0, 1, 1, 0, 0, 2, 0, 0, 1, 1, 2, 0, 1, 0, 0, 0, 1, 2]|[3, 2, 1, 1, 2, 1, 2, 1, 1, 2, 4, 4, 4, 1, 1, 4, 2, 1, 1, 1, 1, 2, 1, 2, 1, 1, 2, 1, 3, 2, 3, 1, 4, 1, 1, 1, 0, 3, 2, 2, 2, 3, 1, 1, 0, 4, 0, 1, 2, 2, 1, 4, 0, 3, 2, 1, 1, 2, 3, 1, 1, 1, 0, 3, 0, 0, 3, 0, 1, 4, 1, 0, 4, 1, 1, 4, 1, 1, 1, 1, 3, 1, 2, 1, 0, 2, 1, 1, 2, 1, 4, 3, 1, 1, 1, 2, 2, 2, 4, 1]|[3, 1, 2, 0, 1, 0, 0, 0, 0, 1, 0, 0, 1, 0, 0, 3, 1, 0, 0, 0, 3, 1, 0, 2, 0, 0, 0, 1, 0, 0, 2, 0, 3, 0, 1, 0, 0, 0, 1, 1, 1, 2, 0, 0, 0, 2, 1, 0, 0, 0, 1, 3, 0, 0, 1, 0, 0, 1, 2, 0, 1, 1, 0, 2, 0, 1, 0, 1, 1, 1, 1, 1, 3, 0, 0, 3, 0, 0, 2, 0, 0, 0, 1, 1, 3, 0, 0, 0, 1, 0, 0, 2, 0, 1, 1, 0, 0, 0, 2, 0],715.7913946700162,58060.95961022334,95287.06515100288,true
42,G2_TEC,G2_TEC,[31, 22, 82, 15, 26, 9, 95, 42, 77, 68, 47, 5, 93, 78, 86, 54, 85, 63, 18, 44, 20, 49, 36, 14, 74, 50, 53, 17, 21, 28, 11, 64, 3, 23, 30, 83, 24, 41, 40, 52, 65, 27, 90, 70, 39, 87, 48, 69, 99, 4, 75, 1, 13, 58, 97, 59, 45, 8, 73, 37, 35, 79, 71, 66, 76, 32, 60, 80, 56, 6, 67, 61, 33, 7, 57, 34, 12, 16, 10, 94, 96, 88, 43, 46, 91, 2, 84, 29, 92, 19, 51, 89, 81, 25, 55, 72, 98, 38, 0, 62]|[2, 1, 2, 1, 1, 2, 1, 1, 1, 1, 1, 0, 2, 2, 1, 2, 0, 0, 0, 2, 2, 1, 0, 2, 0, 2, 2, 1, 0, 1, 1, 1, 0, 0, 1, 0, 2, 1, 2, 2, 0, 0, 1, 1, 0, 2, 0, 2, 1, 0, 0, 2, 0, 0, 2, 0, 1, 1, 0, 0, 2, 1, 1, 2, 2, 0, 2, 2, 2, 1, 2, 1, 1, 2, 0, 1, 1, 2, 1, 2, 0, 1, 1, 0, 1, 0, 0, 1, 0, 1, 1, 1, 1, 1, 0, 1, 2, 0, 2, 1]|[0, 3, 0, 3, 4, 1, 4, 4, 2, 4, 3, 2, 1, 0, 2, 1, 1, 1, 2, 1, 1, 3, 0, 1, 0, 1, 1, 4, 1, 4, 3, 2, 2, 0, 4, 1, 1, 4, 1, 1, 2, 1, 4, 4, 1, 1, 0, 1, 3, 2, 2, 1, 2, 1, 1, 2, 4, 3, 0, 2, 2, 3, 3, 1, 1, 2, 1, 1, 1, 4, 1, 3, 4, 1, 2, 4, 3, 1, 3, 1, 2, 4, 4, 2, 3, 2, 2, 3, 2, 4, 3, 4, 4, 4, 2, 4, 1, 2, 1, 3]|[0, 2, 0, 0, 3, 0, 1, 3, 0, 0, 2, 0, 1, 0, 1, 0, 0, 0, 1, 0, 0, 2, 0, 0, 1, 0, 0, 3, 0, 1, 0, 2, 0, 0, 3, 0, 1, 1, 0, 0, 0, 0, 1, 3, 0, 0, 1, 0, 2, 0, 0, 0, 0, 0, 1, 0, 1, 0, 1, 1, 0, 2, 0, 0, 0, 0, 0, 0, 0, 2, 0, 0, 1, 0, 0, 1, 0, 0, 3, 0, 0, 1, 2, 0, 0, 0, 0, 3, 0, 1, 0, 1, 2, 3, 0, 1, 0, 0, 0, 0],900.7357371583179,49127.8910864123,106649.60962791642,false
42,G3_TWC,G3_TWC,[31, 22, 82, 15, 26, 58, 95, 42, 77, 12, 47, 5, 93, 78, 98, 54, 85, 63, 18, 44, 20, 35, 43, 97, 91, 76, 10, 30, 21, 45, 71, 64, 1, 23, 17, 83, 24, 14, 60, 36, 6, 57, 94, 88, 65, 56, 79, 40, 67, 68, 46, 75, 39, 9, 19, 32, 81, 96, 27, 62, 87, 90, 99, 59, 11, 16, 72, 73, 70, 38, 37, 84, 3, 92, 25, 55, 28, 29, 51, 7, 33, 61, 86, 48, 89, 50, 69, 41, 53, 80, 4, 8, 34, 49, 52, 0, 13, 74, 2, 66]|[1, 1, 0, 1, 1, 1, 2, 1, 2, 1, 2, 2, 2, 1, 1, 0, 0, 1, 0, 2, 2, 0, 1, 2, 0, 1, 2, 2, 0, 0, 1, 2, 1, 2, 1, 0, 2, 0, 1, 1, 0, 1, 1, 1, 0, 2, 1, 1, 0, 0, 0, 0, 1, 1, 2, 1, 2, 0, 0, 0, 2, 1, 0, 1, 2, 1, 2, 1, 1, 1, 1, 1, 2, 0, 1, 1, 0, 0, 0, 1, 2, 1, 0, 0, 1, 0, 2, 0, 0, 0, 0, 1, 2, 0, 1, 0, 0, 0, 0, 2]|[4, 3, 2, 2, 0, 0, 2, 2, 2, 4, 1, 1, 2, 4, 4, 1, 1, 4, 2, 1, 1, 1, 1, 2, 1, 2, 1, 1, 1, 1, 3, 2, 3, 0, 4, 0, 1, 1, 0, 3, 2, 2, 4, 0, 1, 1, 0, 2, 0, 1, 2, 2, 1, 4, 0, 3, 2, 1, 1, 2, 1, 3, 1, 1, 1, 3, 0, 4, 3, 1, 4, 1, 1, 2, 4, 4, 2, 1, 1, 3, 1, 3, 1, 1, 1, 1, 1, 1, 2, 1, 2, 3, 1, 1, 1, 2, 2, 2, 2, 1]|[0, 2, 1, 1, 3, 3, 0, 1, 0, 0, 0, 0, 1, 0, 1, 0, 0, 3, 1, 0, 0, 0, 3, 1, 0, 2, 0, 0, 0, 1, 0, 0, 0, 0, 3, 0, 1, 0, 0, 2, 1, 1, 2, 0, 0, 0, 0, 1, 1, 0, 0, 0, 1, 3, 0, 0, 1, 0, 0, 1, 0, 2, 0, 1, 0, 2, 1, 0, 0, 1, 1, 3, 0, 1, 3, 3, 1, 0, 0, 2, 0, 0, 0, 0, 1, 0, 0, 0, 1, 0, 1, 2, 0, 1, 1, 0, 0, 0, 0, 0],833.2154215640596,57825.44465227681,88905.52377856613,false
42,G1_CMAX,G1_CMAX,[31, 22, 82, 90, 26, 58, 95, 42, 77, 12, 93, 5, 78, 86, 98, 18, 44, 20, 35, 3, 97, 91, 76, 10, 85, 30, 47, 54, 45, 63, 71, 66, 1, 23, 17, 83, 24, 14, 60, 36, 6, 57, 40, 88, 65, 56, 79, 94, 67, 68, 46, 75, 38, 9, 19, 32, 81, 27, 62, 87, 15, 99, 59, 11, 16, 72, 73, 70, 39, 37, 84, 43, 80, 53, 96, 4, 50, 41, 89, 48, 21, 61, 33, 7, 51, 29, 28, 55, 25, 92, 8, 69, 0, 74, 52, 2, 13, 34, 49, 64]|[1, 1, 0, 1, 1, 0, 2, 1, 2, 1, 2, 2, 2, 1, 0, 1, 0, 2, 2, 1, 2, 2, 1, 2, 2, 2, 2, 0, 0, 0, 1, 2, 1, 2, 1, 0, 2, 0, 1, 1, 0, 1, 1, 1, 0, 2, 1, 1, 0, 0, 0, 1, 1, 1, 2, 1, 2, 0, 0, 2, 1, 0, 1, 2, 1, 2, 1, 1, 1, 1, 1, 1, 0, 0, 2, 1, 0, 0, 1, 0, 0, 1, 2, 1, 0, 0, 0, 1, 1, 0, 0, 1, 0, 2, 1, 0, 0, 2, 0, 2]|[3, 0, 2, 3, 0, 1, 1, 2, 2, 4, 1, 1, 0, 4, 1, 4, 2, 1, 1, 1, 2, 2, 2, 1, 1, 1, 2, 1, 1, 2, 3, 2, 3, 1, 4, 0, 1, 1, 0, 3, 2, 2, 4, 0, 1, 1, 0, 4, 0, 1, 2, 3, 1, 4, 0, 3, 2, 1, 2, 1, 2, 1, 1, 1, 3, 0, 4, 3, 1, 4, 1, 1, 1, 2, 1, 4, 1, 1, 1, 1, 1, 3, 1, 1, 1, 1, 2, 4, 4, 2, 2, 3, 2, 1, 1, 2, 2, 1, 1, 1]|[2, 0, 1, 2, 3, 0, 0, 1, 1, 0, 0, 0, 0, 1, 0, 3, 1, 0, 0, 1, 1, 1, 2, 0, 0, 0, 1, 0, 1, 0, 0, 0, 0, 0, 3, 0, 1, 0, 0, 2, 1, 1, 2, 0, 0, 0, 0, 2, 1, 0, 0, 0, 1, 3, 0, 0, 1, 0, 1, 0, 1, 0, 1, 0, 2, 1, 0, 0, 1, 1, 3, 3, 0, 1, 0, 0, 0, 0, 1, 0, 0, 0, 0, 2, 0, 0, 1, 3, 3, 1, 1, 2, 0, 0, 1, 0, 0, 0, 1, 0],706.0425648885516,58640.99257008452,96849.50297129861,false
42,G4_BALANCED,G1_CMAX,[22, 82, 3, 58, 95, 42, 77, 47, 5, 93, 78, 12, 86, 54, 50, 63, 18, 44, 20, 35, 43, 97, 91, 76, 10, 30, 21, 45, 71, 64, 36, 23, 17, 83, 24, 14, 60, 1, 6, 40, 57, 90, 65, 56, 79, 94, 67, 68, 46, 75, 38, 9, 19, 32, 81, 41, 27, 62, 16, 55, 59, 89, 88, 87, 31, 72, 73, 70, 39, 37, 84, 92, 25, 11, 48, 15, 29, 51, 7, 33, 61, 98, 28, 99, 26, 85, 66, 96, 53, 80, 4, 8, 34, 49, 52, 2, 13, 0, 69, 74]|[1, 0, 1, 0, 1, 2, 2, 2, 2, 2, 1, 1, 1, 0, 0, 1, 0, 2, 2, 0, 1, 2, 0, 1, 2, 2, 0, 0, 1, 2, 1, 2, 1, 0, 2, 0, 1, 1, 0, 1, 1, 1, 0, 2, 1, 1, 0, 0, 0, 0, 1, 1, 2, 1, 2, 0, 0, 0, 1, 2, 1, 1, 1, 1, 1, 2, 1, 2, 1, 1, 1, 0, 1, 2, 2, 1, 0, 0, 1, 2, 1, 2, 0, 1, 1, 0, 0, 2, 0, 0, 1, 1, 2, 0, 1, 0, 0, 0, 1, 2]|[3, 2, 1, 1, 2, 1, 2, 1, 1, 2, 4, 4, 4, 1, 1, 4, 2, 1, 1, 1, 1, 2, 1, 2, 1, 1, 2, 1, 3, 2, 3, 1, 4, 1, 1, 1, 0, 3, 2, 2, 2, 3, 1, 1, 0, 4, 0, 1, 2, 2, 1, 4, 0, 3, 2, 1, 1, 2, 3, 1, 1, 1, 0, 3, 0, 0, 3, 0, 1, 4, 1, 0, 4, 1, 1, 4, 1, 1, 1, 1, 3, 1, 2, 1, 0, 2, 1, 1, 2, 1, 4, 3, 1, 1, 1, 2, 2, 2, 4, 1]|[3, 1, 2, 0, 1, 0, 0, 0, 0, 1, 0, 0, 1, 0, 0, 3, 1, 0, 0, 0, 3, 1, 0, 2, 0, 0, 0, 1, 0, 0, 2, 0, 3, 0, 1, 0, 0, 0, 1, 1, 1, 2, 0, 0, 0, 2, 1, 0, 0, 0, 1, 3, 0, 0, 1, 0, 0, 1, 2, 0, 1, 1, 0, 2, 0, 1, 0, 1, 1, 1, 1, 1, 3, 0, 0, 3, 0, 0, 2, 0, 0, 0, 1, 1, 3, 0, 0, 0, 1, 0, 0, 2, 0, 1, 1, 0, 0, 0, 2, 0],715.7913946700162,58060.95961022334,95287.06515100288,true
42,G2_TEC,G2_TEC,[31, 22, 82, 15, 26, 9, 95, 42, 77, 68, 47, 5, 93, 78, 86, 54, 85, 63, 18, 44, 20, 49, 36, 14, 74, 50, 53, 17, 21, 28, 11, 64, 3, 23, 30, 83, 24, 41, 40, 52, 65, 27, 90, 70, 39, 87, 48, 69, 99, 4, 75, 1, 13, 58, 97, 59, 45, 8, 73, 37, 35, 79, 71, 66, 76, 32, 60, 80, 56, 6, 67, 61, 33, 7, 57, 34, 12, 16, 10, 94, 96, 88, 43, 46, 91, 2, 84, 29, 92, 19, 51, 89, 81, 25, 55, 72, 98, 38, 0, 62]|[2, 1, 2, 1, 1, 2, 1, 1, 1, 1, 1, 0, 2, 2, 1, 2, 0, 0, 0, 2, 2, 1, 0, 2, 0, 2, 2, 1, 0, 1, 1, 1, 0, 0, 1, 0, 2, 1, 2, 2, 0, 0, 1, 1, 0, 2, 0, 2, 1, 0, 0, 2, 0, 0, 2, 0, 1, 1, 0, 0, 2, 1, 1, 2, 2, 0, 2, 2, 2, 1, 2, 1, 1, 2, 0, 1, 1, 2, 1, 2, 0, 1, 1, 0, 1, 0, 0, 1, 0, 1, 1, 1, 1, 1, 0, 1, 2, 0, 2, 1]|[0, 3, 0, 3, 4, 1, 4, 4, 2, 4, 3, 2, 1, 0, 2, 1, 1, 1, 2, 1, 1, 3, 0, 1, 0, 1, 1, 4, 1, 4, 3, 2, 2, 0, 4, 1, 1, 4, 1, 1, 2, 1, 4, 4, 1, 1, 0, 1, 3, 2, 2, 1, 2, 1, 1, 2, 4, 3, 0, 2, 2, 3, 3, 1, 1, 2, 1, 1, 1, 4, 1, 3, 4, 1, 2, 4, 3, 1, 3, 1, 2, 4, 4, 2, 3, 2, 2, 3, 2, 4, 3, 4, 4, 4, 2, 4, 1, 2, 1, 3]|[0, 2, 0, 0, 3, 0, 1, 3, 0, 0, 2, 0, 1, 0, 1, 0, 0, 0, 1, 0, 0, 2, 0, 0, 1, 0, 0, 3, 0, 1, 0, 2, 0, 0, 3, 0, 1, 1, 0, 0, 0, 0, 1, 3, 0, 0, 1, 0, 2, 0, 0, 0, 0, 0, 1, 0, 1, 0, 1, 1, 0, 2, 0, 0, 0, 0, 0, 0, 0, 2, 0, 0, 1, 0, 0, 1, 0, 0, 3, 0, 0, 1, 2, 0, 0, 0, 0, 3, 0, 1, 0, 1, 2, 3, 0, 1, 0, 0, 0, 0],900.7357371583179,49127.8910864123,106649.60962791642,false
42,G3_TWC,G3_TWC,[31, 22, 82, 15, 26, 58, 95, 42, 77, 12, 47, 5, 93, 78, 98, 54, 85, 63, 18, 44, 20, 35, 43, 97, 91, 76, 10, 30, 21, 45, 71, 64, 1, 23, 17, 83, 24, 14, 60, 36, 6, 57, 94, 88, 65, 56, 79, 40, 67, 68, 46, 75, 39, 9, 19, 32, 81, 96, 27, 62, 87, 90, 99, 59, 11, 16, 72, 73, 70, 38, 37, 84, 3, 92, 25, 55, 28, 29, 51, 7, 33, 61, 86, 48, 89, 50, 69, 41, 53, 80, 4, 8, 34, 49, 52, 0, 13, 74, 2, 66]|[1, 1, 0, 1, 1, 1, 2, 1, 2, 1, 2, 2, 2, 1, 1, 0, 0, 1, 0, 2, 2, 0, 1, 2, 0, 1, 2, 2, 0, 0, 1, 2, 1, 2, 1, 0, 2, 0, 1, 1, 0, 1, 1, 1, 0, 2, 1, 1, 0, 0, 0, 0, 1, 1, 2, 1, 2, 0, 0, 0, 2, 1, 0, 1, 2, 1, 2, 1, 1, 1, 1, 1, 2, 0, 1, 1, 0, 0, 0, 1, 2, 1, 0, 0, 1, 0, 2, 0, 0, 0, 0, 1, 2, 0, 1, 0, 0, 0, 0, 2]|[4, 3, 2, 2, 0, 0, 2, 2, 2, 4, 1, 1, 2, 4, 4, 1, 1, 4, 2, 1, 1, 1, 1, 2, 1, 2, 1, 1, 1, 1, 3, 2, 3, 0, 4, 0, 1, 1, 0, 3, 2, 2, 4, 0, 1, 1, 0, 2, 0, 1, 2, 2, 1, 4, 0, 3, 2, 1, 1, 2, 1, 3, 1, 1, 1, 3, 0, 4, 3, 1, 4, 1, 1, 2, 4, 4, 2, 1, 1, 3, 1, 3, 1, 1, 1, 1, 1, 1, 2, 1, 2, 3, 1, 1, 1, 2, 2, 2, 2, 1]|[0, 2, 1, 1, 3, 3, 0, 1, 0, 0, 0, 0, 1, 0, 1, 0, 0, 3, 1, 0, 0, 0, 3, 1, 0, 2, 0, 0, 0, 1, 0, 0, 0, 0, 3, 0, 1, 0, 0, 2, 1, 1, 2, 0, 0, 0, 0, 1, 1, 0, 0, 0, 1, 3, 0, 0, 1, 0, 0, 1, 0, 2, 0, 1, 0, 2, 1, 0, 0, 1, 1, 3, 0, 1, 3, 3, 1, 0, 0, 2, 0, 0, 0, 0, 1, 0, 0, 0, 1, 0, 1, 2, 0, 1, 1, 0, 0, 0, 0, 0],833.2154215640596,57825.44465227681,88905.52377856613,false
42,G1_CMAX,G1_CMAX,[31, 22, 82, 90, 26, 58, 95, 42, 77, 12, 93, 5, 78, 86, 98, 18, 44, 20, 35, 3, 97, 91, 76, 10, 85, 30, 47, 54, 45, 63, 71, 66, 1, 23, 17, 83, 24, 14, 60, 36, 6, 57, 40, 88, 65, 56, 79, 94, 67, 68, 46, 75, 38, 9, 19, 32, 81, 27, 62, 87, 15, 99, 59, 11, 16, 72, 73, 70, 39, 37, 84, 43, 80, 53, 96, 4, 50, 41, 89, 48, 21, 61, 33, 7, 51, 29, 28, 55, 25, 92, 8, 69, 0, 74, 52, 2, 13, 34, 49, 64]|[1, 1, 0, 1, 1, 0, 2, 1, 2, 1, 2, 2, 2, 1, 0, 1, 0, 2, 2, 1, 2, 2, 1, 2, 2, 2, 2, 0, 0, 0, 1, 2, 1, 2, 1, 0, 2, 0, 1, 1, 0, 1, 1, 1, 0, 2, 1, 1, 0, 0, 0, 1, 1, 1, 2, 1, 2, 0, 0, 2, 1, 0, 1, 2, 1, 2, 1, 1, 1, 1, 1, 1, 0, 0, 2, 1, 0, 0, 1, 0, 0, 1, 2, 1, 0, 0, 0, 1, 1, 0, 0, 1, 0, 2, 1, 0, 0, 2, 0, 2]|[3, 0, 2, 3, 0, 1, 1, 2, 2, 4, 1, 1, 0, 4, 1, 4, 2, 1, 1, 1, 2, 2, 2, 1, 1, 1, 2, 1, 1, 2, 3, 2, 3, 1, 4, 0, 1, 1, 0, 3, 2, 2, 4, 0, 1, 1, 0, 4, 0, 1, 2, 3, 1, 4, 0, 3, 2, 1, 2, 1, 2, 1, 1, 1, 3, 0, 4, 3, 1, 4, 1, 1, 1, 2, 1, 4, 1, 1, 1, 1, 1, 3, 1, 1, 1, 1, 2, 4, 4, 2, 2, 3, 2, 1, 1, 2, 2, 1, 1, 1]|[2, 0, 1, 2, 3, 0, 0, 1, 1, 0, 0, 0, 0, 1, 0, 3, 1, 0, 0, 1, 1, 1, 2, 0, 0, 0, 1, 0, 1, 0, 0, 0, 0, 0, 3, 0, 1, 0, 0, 2, 1, 1, 2, 0, 0, 0, 0, 2, 1, 0, 0, 0, 1, 3, 0, 0, 1, 0, 1, 0, 1, 0, 1, 0, 2, 1, 0, 0, 1, 1, 3, 3, 0, 1, 0, 0, 0, 0, 1, 0, 0, 0, 0, 2, 0, 0, 1, 3, 3, 1, 1, 2, 0, 0, 1, 0, 0, 0, 1, 0],706.0425648885516,58640.99257008452,96849.50297129861,false
42,G4_BALANCED,G1_CMAX,[22, 82, 3, 58, 95, 42, 77, 47, 5, 93, 78, 12, 86, 54, 50, 63, 18, 44, 20, 35, 43, 97, 91, 76, 10, 30, 21, 45, 71, 64, 36, 23, 17, 83, 24, 14, 60, 1, 6, 40, 57, 90, 65, 56, 79, 94, 67, 68, 46, 75, 38, 9, 19, 32, 81, 41, 27, 62, 16, 55, 59, 89, 88, 87, 31, 72, 73, 70, 39, 37, 84, 92, 25, 11, 48, 15, 29, 51, 7, 33, 61, 98, 28, 99, 26, 85, 66, 96, 53, 80, 4, 8, 34, 49, 52, 2, 13, 0, 69, 74]|[1, 0, 1, 0, 1, 2, 2, 2, 2, 2, 1, 1, 1, 0, 0, 1, 0, 2, 2, 0, 1, 2, 0, 1, 2, 2, 0, 0, 1, 2, 1, 2, 1, 0, 2, 0, 1, 1, 0, 1, 1, 1, 0, 2, 1, 1, 0, 0, 0, 0, 1, 1, 2, 1, 2, 0, 0, 0, 1, 2, 1, 1, 1, 1, 1, 2, 1, 2, 1, 1, 1, 0, 1, 2, 2, 1, 0, 0, 1, 2, 1, 2, 0, 1, 1, 0, 0, 2, 0, 0, 1, 1, 2, 0, 1, 0, 0, 0, 1, 2]|[3, 2, 1, 1, 2, 1, 2, 1, 1, 2, 4, 4, 4, 1, 1, 4, 2, 1, 1, 1, 1, 2, 1, 2, 1, 1, 2, 1, 3, 2, 3, 1, 4, 1, 1, 1, 0, 3, 2, 2, 2, 3, 1, 1, 0, 4, 0, 1, 2, 2, 1, 4, 0, 3, 2, 1, 1, 2, 3, 1, 1, 1, 0, 3, 0, 0, 3, 0, 1, 4, 1, 0, 4, 1, 1, 4, 1, 1, 1, 1, 3, 1, 2, 1, 0, 2, 1, 1, 2, 1, 4, 3, 1, 1, 1, 2, 2, 2, 4, 1]|[3, 1, 2, 0, 1, 0, 0, 0, 0, 1, 0, 0, 1, 0, 0, 3, 1, 0, 0, 0, 3, 1, 0, 2, 0, 0, 0, 1, 0, 0, 2, 0, 3, 0, 1, 0, 0, 0, 1, 1, 1, 2, 0, 0, 0, 2, 1, 0, 0, 0, 1, 3, 0, 0, 1, 0, 0, 1, 2, 0, 1, 1, 0, 2, 0, 1, 0, 1, 1, 1, 1, 1, 3, 0, 0, 3, 0, 0, 2, 0, 0, 0, 1, 1, 3, 0, 0, 0, 1, 0, 0, 2, 0, 1, 1, 0, 0, 0, 2, 0],715.7913946700162,58060.95961022334,95287.06515100288,true
42,G2_TEC,G2_TEC,[31, 22, 82, 15, 26, 9, 95, 42, 77, 68, 47, 5, 93, 78, 86, 54, 85, 63, 18, 44, 20, 49, 36, 14, 74, 50, 53, 17, 21, 28, 11, 64, 3, 23, 30, 83, 24, 41, 40, 52, 65, 27, 90, 70, 39, 87, 48, 69, 99, 4, 75, 1, 13, 58, 97, 59, 45, 8, 73, 37, 35, 79, 71, 66, 76, 32, 60, 80, 56, 6, 67, 61, 33, 7, 57, 34, 12, 16, 10, 94, 96, 88, 43, 46, 91, 2, 84, 29, 92, 19, 51, 89, 81, 25, 55, 72, 98, 38, 0, 62]|[2, 1, 2, 1, 1, 2, 1, 1, 1, 1, 1, 0, 2, 2, 1, 2, 0, 0, 0, 2, 2, 1, 0, 2, 0, 2, 2, 1, 0, 1, 1, 1, 0, 0, 1, 0, 2, 1, 2, 2, 0, 0, 1, 1, 0, 2, 0, 2, 1, 0, 0, 2, 0, 0, 2, 0, 1, 1, 0, 0, 2, 1, 1, 2, 2, 0, 2, 2, 2, 1, 2, 1, 1, 2, 0, 1, 1, 2, 1, 2, 0, 1, 1, 0, 1, 0, 0, 1, 0, 1, 1, 1, 1, 1, 0, 1, 2, 0, 2, 1]|[0, 3, 0, 3, 4, 1, 4, 4, 2, 4, 3, 2, 1, 0, 2, 1, 1, 1, 2, 1, 1, 3, 0, 1, 0, 1, 1, 4, 1, 4, 3, 2, 2, 0, 4, 1, 1, 4, 1, 1, 2, 1, 4, 4, 1, 1, 0, 1, 3, 2, 2, 1, 2, 1, 1, 2, 4, 3, 0, 2, 2, 3, 3, 1, 1, 2, 1, 1, 1, 4, 1, 3, 4, 1, 2, 4, 3, 1, 3, 1, 2, 4, 4, 2, 3, 2, 2, 3, 2, 4, 3, 4, 4, 4, 2, 4, 1, 2, 1, 3]|[0, 2, 0, 0, 3, 0, 1, 3, 0, 0, 2, 0, 1, 0, 1, 0, 0, 0, 1, 0, 0, 2, 0, 0, 1, 0, 0, 3, 0, 1, 0, 2, 0, 0, 3, 0, 1, 1, 0, 0, 0, 0, 1, 3, 0, 0, 1, 0, 2, 0, 0, 0, 0, 0, 1, 0, 1, 0, 1, 1, 0, 2, 0, 0, 0, 0, 0, 0, 0, 2, 0, 0, 1, 0, 0, 1, 0, 0, 3, 0, 0, 1, 2, 0, 0, 0, 0, 3, 0, 1, 0, 1, 2, 3, 0, 1, 0, 0, 0, 0],900.7357371583179,49127.8910864123,106649.60962791642,false
42,G3_TWC,G3_TWC,[31, 22, 82, 15, 26, 58, 95, 42, 77, 12, 47, 5, 93, 78, 98, 54, 85, 63, 18, 44, 20, 35, 43, 97, 91, 76, 10, 30, 21, 45, 71, 64, 1, 23, 17, 83, 24, 14, 60, 36, 6, 57, 94, 88, 65, 56, 79, 40, 67, 68, 46, 75, 39, 9, 19, 32, 81, 96, 27, 62, 87, 90, 99, 59, 11, 16, 72, 73, 70, 38, 37, 84, 3, 92, 25, 55, 28, 29, 51, 7, 33, 61, 86, 48, 89, 50, 69, 41, 53, 80, 4, 8, 34, 49, 52, 0, 13, 74, 2, 66]|[1, 1, 0, 1, 1, 1, 2, 1, 2, 1, 2, 2, 2, 1, 1, 0, 0, 1, 0, 2, 2, 0, 1, 2, 0, 1, 2, 2, 0, 0, 1, 2, 1, 2, 1, 0, 2, 0, 1, 1, 0, 1, 1, 1, 0, 2, 1, 1, 0, 0, 0, 0, 1, 1, 2, 1, 2, 0, 0, 0, 2, 1, 0, 1, 2, 1, 2, 1, 1, 1, 1, 1, 2, 0, 1, 1, 0, 0, 0, 1, 2, 1, 0, 0, 1, 0, 2, 0, 0, 0, 0, 1, 2, 0, 1, 0, 0, 0, 0, 2]|[4, 3, 2, 2, 0, 0, 2, 2, 2, 4, 1, 1, 2, 4, 4, 1, 1, 4, 2, 1, 1, 1, 1, 2, 1, 2, 1, 1, 1, 1, 3, 2, 3, 0, 4, 0, 1, 1, 0, 3, 2, 2, 4, 0, 1, 1, 0, 2, 0, 1, 2, 2, 1, 4, 0, 3, 2, 1, 1, 2, 1, 3, 1, 1, 1, 3, 0, 4, 3, 1, 4, 1, 1, 2, 4, 4, 2, 1, 1, 3, 1, 3, 1, 1, 1, 1, 1, 1, 2, 1, 2, 3, 1, 1, 1, 2, 2, 2, 2, 1]|[0, 2, 1, 1, 3, 3, 0, 1, 0, 0, 0, 0, 1, 0, 1, 0, 0, 3, 1, 0, 0, 0, 3, 1, 0, 2, 0, 0, 0, 1, 0, 0, 0, 0, 3, 0, 1, 0, 0, 2, 1, 1, 2, 0, 0, 0, 0, 1, 1, 0, 0, 0, 1, 3, 0, 0, 1, 0, 0, 1, 0, 2, 0, 1, 0, 2, 1, 0, 0, 1, 1, 3, 0, 1, 3, 3, 1, 0, 0, 2, 0, 0, 0, 0, 1, 0, 0, 0, 1, 0, 1, 2, 0, 1, 1, 0, 0, 0, 0, 0],833.2154215640596,57825.44465227681,88905.52377856613,false
42,G1_CMAX,G1_CMAX,[31, 22, 82, 90, 26, 58, 95, 42, 77, 12, 93, 5, 78, 86, 98, 18, 44, 20, 35, 3, 97, 91, 76, 10, 85, 30, 47, 54, 45, 63, 71, 66, 1, 23, 17, 83, 24, 14, 60, 36, 6, 57, 40, 88, 65, 56, 79, 94, 67, 68, 46, 75, 38, 9, 19, 32, 81, 27, 62, 87, 15, 99, 59, 11, 16, 72, 73, 70, 39, 37, 84, 43, 80, 53, 96, 4, 50, 41, 89, 48, 21, 61, 33, 7, 51, 29, 28, 55, 25, 92, 8, 69, 0, 74, 52, 2, 13, 34, 49, 64]|[1, 1, 0, 1, 1, 0, 2, 1, 2, 1, 2, 2, 2, 1, 0, 1, 0, 2, 2, 1, 2, 2, 1, 2, 2, 2, 2, 0, 0, 0, 1, 2, 1, 2, 1, 0, 2, 0, 1, 1, 0, 1, 1, 1, 0, 2, 1, 1, 0, 0, 0, 1, 1, 1, 2, 1, 2, 0, 0, 2, 1, 0, 1, 2, 1, 2, 1, 1, 1, 1, 1, 1, 0, 0, 2, 1, 0, 0, 1, 0, 0, 1, 2, 1, 0, 0, 0, 1, 1, 0, 0, 1, 0, 2, 1, 0, 0, 2, 0, 2]|[3, 0, 2, 3, 0, 1, 1, 2, 2, 4, 1, 1, 0, 4, 1, 4, 2, 1, 1, 1, 2, 2, 2, 1, 1, 1, 2, 1, 1, 2, 3, 2, 3, 1, 4, 0, 1, 1, 0, 3, 2, 2, 4, 0, 1, 1, 0, 4, 0, 1, 2, 3, 1, 4, 0, 3, 2, 1, 2, 1, 2, 1, 1, 1, 3, 0, 4, 3, 1, 4, 1, 1, 1, 2, 1, 4, 1, 1, 1, 1, 1, 3, 1, 1, 1, 1, 2, 4, 4, 2, 2, 3, 2, 1, 1, 2, 2, 1, 1, 1]|[2, 0, 1, 2, 3, 0, 0, 1, 1, 0, 0, 0, 0, 1, 0, 3, 1, 0, 0, 1, 1, 1, 2, 0, 0, 0, 1, 0, 1, 0, 0, 0, 0, 0, 3, 0, 1, 0, 0, 2, 1, 1, 2, 0, 0, 0, 0, 2, 1, 0, 0, 0, 1, 3, 0, 0, 1, 0, 1, 0, 1, 0, 1, 0, 2, 1, 0, 0, 1, 1, 3, 3, 0, 1, 0, 0, 0, 0, 1, 0, 0, 0, 0, 2, 0, 0, 1, 3, 3, 1, 1, 2, 0, 0, 1, 0, 0, 0, 1, 0],706.0425648885516,58640.99257008452,96849.50297129861,false
42,G4_BALANCED,G1_CMAX,[22, 82, 3, 58, 95, 42, 77, 47, 5, 93, 78, 12, 86, 54, 50, 63, 18, 44, 20, 35, 43, 97, 91, 76, 10, 30, 21, 45, 71, 64, 36, 23, 17, 83, 24, 14, 60, 1, 6, 40, 57, 90, 65, 56, 79, 94, 67, 68, 46, 75, 38, 9, 19, 32, 81, 41, 27, 62, 16, 55, 59, 89, 88, 87, 31, 72, 73, 70, 39, 37, 84, 92, 25, 11, 48, 15, 29, 51, 7, 33, 61, 98, 28, 99, 26, 85, 66, 96, 53, 80, 4, 8, 34, 49, 52, 2, 13, 0, 69, 74]|[1, 0, 1, 0, 1, 2, 2, 2, 2, 2, 1, 1, 1, 0, 0, 1, 0, 2, 2, 0, 1, 2, 0, 1, 2, 2, 0, 0, 1, 2, 1, 2, 1, 0, 2, 0, 1, 1, 0, 1, 1, 1, 0, 2, 1, 1, 0, 0, 0, 0, 1, 1, 2, 1, 2, 0, 0, 0, 1, 2, 1, 1, 1, 1, 1, 2, 1, 2, 1, 1, 1, 0, 1, 2, 2, 1, 0, 0, 1, 2, 1, 2, 0, 1, 1, 0, 0, 2, 0, 0, 1, 1, 2, 0, 1, 0, 0, 0, 1, 2]|[3, 2, 1, 1, 2, 1, 2, 1, 1, 2, 4, 4, 4, 1, 1, 4, 2, 1, 1, 1, 1, 2, 1, 2, 1, 1, 2, 1, 3, 2, 3, 1, 4, 1, 1, 1, 0, 3, 2, 2, 2, 3, 1, 1, 0, 4, 0, 1, 2, 2, 1, 4, 0, 3, 2, 1, 1, 2, 3, 1, 1, 1, 0, 3, 0, 0, 3, 0, 1, 4, 1, 0, 4, 1, 1, 4, 1, 1, 1, 1, 3, 1, 2, 1, 0, 2, 1, 1, 2, 1, 4, 3, 1, 1, 1, 2, 2, 2, 4, 1]|[3, 1, 2, 0, 1, 0, 0, 0, 0, 1, 0, 0, 1, 0, 0, 3, 1, 0, 0, 0, 3, 1, 0, 2, 0, 0, 0, 1, 0, 0, 2, 0, 3, 0, 1, 0, 0, 0, 1, 1, 1, 2, 0, 0, 0, 2, 1, 0, 0, 0, 1, 3, 0, 0, 1, 0, 0, 1, 2, 0, 1, 1, 0, 2, 0, 1, 0, 1, 1, 1, 1, 1, 3, 0, 0, 3, 0, 0, 2, 0, 0, 0, 1, 1, 3, 0, 0, 0, 1, 0, 0, 2, 0, 1, 1, 0, 0, 0, 2, 0],715.7913946700162,58060.95961022334,95287.06515100288,true
42,G2_TEC,G2_TEC,[31, 22, 82, 15, 26, 9, 95, 42, 77, 68, 47, 5, 93, 78, 86, 54, 85, 63, 18, 44, 20, 49, 36, 14, 74, 50, 53, 17, 21, 28, 11, 64, 3, 23, 30, 83, 24, 41, 40, 52, 65, 27, 90, 70, 39, 87, 48, 69, 99, 4, 75, 1, 13, 58, 97, 59, 45, 8, 73, 37, 35, 79, 71, 66, 76, 32, 60, 80, 56, 6, 67, 61, 33, 7, 57, 34, 12, 16, 10, 94, 96, 88, 43, 46, 91, 2, 84, 29, 92, 19, 51, 89, 81, 25, 55, 72, 98, 38, 0, 62]|[2, 1, 2, 1, 1, 2, 1, 1, 1, 1, 1, 0, 2, 2, 1, 2, 0, 0, 0, 2, 2, 1, 0, 2, 0, 2, 2, 1, 0, 1, 1, 1, 0, 0, 1, 0, 2, 1, 2, 2, 0, 0, 1, 1, 0, 2, 0, 2, 1, 0, 0, 2, 0, 0, 2, 0, 1, 1, 0, 0, 2, 1, 1, 2, 2, 0, 2, 2, 2, 1, 2, 1, 1, 2, 0, 1, 1, 2, 1, 2, 0, 1, 1, 0, 1, 0, 0, 1, 0, 1, 1, 1, 1, 1, 0, 1, 2, 0, 2, 1]|[0, 3, 0, 3, 4, 1, 4, 4, 2, 4, 3, 2, 1, 0, 2, 1, 1, 1, 2, 1, 1, 3, 0, 1, 0, 1, 1, 4, 1, 4, 3, 2, 2, 0, 4, 1, 1, 4, 1, 1, 2, 1, 4, 4, 1, 1, 0, 1, 3, 2, 2, 1, 2, 1, 1, 2, 4, 3, 0, 2, 2, 3, 3, 1, 1, 2, 1, 1, 1, 4, 1, 3, 4, 1, 2, 4, 3, 1, 3, 1, 2, 4, 4, 2, 3, 2, 2, 3, 2, 4, 3, 4, 4, 4, 2, 4, 1, 2, 1, 3]|[0, 2, 0, 0, 3, 0, 1, 3, 0, 0, 2, 0, 1, 0, 1, 0, 0, 0, 1, 0, 0, 2, 0, 0, 1, 0, 0, 3, 0, 1, 0, 2, 0, 0, 3, 0, 1, 1, 0, 0, 0, 0, 1, 3, 0, 0, 1, 0, 2, 0, 0, 0, 0, 0, 1, 0, 1, 0, 1, 1, 0, 2, 0, 0, 0, 0, 0, 0, 0, 2, 0, 0, 1, 0, 0, 1, 0, 0, 3, 0, 0, 1, 2, 0, 0, 0, 0, 3, 0, 1, 0, 1, 2, 3, 0, 1, 0, 0, 0, 0],900.7357371583179,49127.8910864123,106649.60962791642,false
42,G3_TWC,G3_TWC,[31, 22, 82, 15, 26, 58, 95, 42, 77, 12, 47, 5, 93, 78, 98, 54, 85, 63, 18, 44, 20, 35, 43, 97, 91, 76, 10, 30, 21, 45, 71, 64, 1, 23, 17, 83, 24, 14, 60, 36, 6, 57, 94, 88, 65, 56, 79, 40, 67, 68, 46, 75, 39, 9, 19, 32, 81, 96, 27, 62, 87, 90, 99, 59, 11, 16, 72, 73, 70, 38, 37, 84, 3, 92, 25, 55, 28, 29, 51, 7, 33, 61, 86, 48, 89, 50, 69, 41, 53, 80, 4, 8, 34, 49, 52, 0, 13, 74, 2, 66]|[1, 1, 0, 1, 1, 1, 2, 1, 2, 1, 2, 2, 2, 1, 1, 0, 0, 1, 0, 2, 2, 0, 1, 2, 0, 1, 2, 2, 0, 0, 1, 2, 1, 2, 1, 0, 2, 0, 1, 1, 0, 1, 1, 1, 0, 2, 1, 1, 0, 0, 0, 0, 1, 1, 2, 1, 2, 0, 0, 0, 2, 1, 0, 1, 2, 1, 2, 1, 1, 1, 1, 1, 2, 0, 1, 1, 0, 0, 0, 1, 2, 1, 0, 0, 1, 0, 2, 0, 0, 0, 0, 1, 2, 0, 1, 0, 0, 0, 0, 2]|[4, 3, 2, 2, 0, 0, 2, 2, 2, 4, 1, 1, 2, 4, 4, 1, 1, 4, 2, 1, 1, 1, 1, 2, 1, 2, 1, 1, 1, 1, 3, 2, 3, 0, 4, 0, 1, 1, 0, 3, 2, 2, 4, 0, 1, 1, 0, 2, 0, 1, 2, 2, 1, 4, 0, 3, 2, 1, 1, 2, 1, 3, 1, 1, 1, 3, 0, 4, 3, 1, 4, 1, 1, 2, 4, 4, 2, 1, 1, 3, 1, 3, 1, 1, 1, 1, 1, 1, 2, 1, 2, 3, 1, 1, 1, 2, 2, 2, 2, 1]|[0, 2, 1, 1, 3, 3, 0, 1, 0, 0, 0, 0, 1, 0, 1, 0, 0, 3, 1, 0, 0, 0, 3, 1, 0, 2, 0, 0, 0, 1, 0, 0, 0, 0, 3, 0, 1, 0, 0, 2, 1, 1, 2, 0, 0, 0, 0, 1, 1, 0, 0, 0, 1, 3, 0, 0, 1, 0, 0, 1, 0, 2, 0, 1, 0, 2, 1, 0, 0, 1, 1, 3, 0, 1, 3, 3, 1, 0, 0, 2, 0, 0, 0, 0, 1, 0, 0, 0, 1, 0, 1, 2, 0, 1, 1, 0, 0, 0, 0, 0],833.2154215640596,57825.44465227681,88905.52377856613,false
42,G1_CMAX,G1_CMAX,[31, 22, 82, 90, 26, 58, 95, 42, 77, 12, 93, 5, 78, 86, 98, 18, 44, 20, 35, 3, 97, 91, 76, 10, 85, 30, 47, 54, 45, 63, 71, 66, 1, 23, 17, 83, 24, 14, 60, 36, 6, 57, 40, 88, 65, 56, 79, 94, 67, 68, 46, 75, 38, 9, 19, 32, 81, 27, 62, 87, 15, 99, 59, 11, 16, 72, 73, 70, 39, 37, 84, 43, 80, 53, 96, 4, 50, 41, 89, 48, 21, 61, 33, 7, 51, 29, 28, 55, 25, 92, 8, 69, 0, 74, 52, 2, 13, 34, 49, 64]|[1, 1, 0, 1, 1, 0, 2, 1, 2, 1, 2, 2, 2, 1, 0, 1, 0, 2, 2, 1, 2, 2, 1, 2, 2, 2, 2, 0, 0, 0, 1, 2, 1, 2, 1, 0, 2, 0, 1, 1, 0, 1, 1, 1, 0, 2, 1, 1, 0, 0, 0, 1, 1, 1, 2, 1, 2, 0, 0, 2, 1, 0, 1, 2, 1, 2, 1, 1, 1, 1, 1, 1, 0, 0, 2, 1, 0, 0, 1, 0, 0, 1, 2, 1, 0, 0, 0, 1, 1, 0, 0, 1, 0, 2, 1, 0, 0, 2, 0, 2]|[3, 0, 2, 3, 0, 1, 1, 2, 2, 4, 1, 1, 0, 4, 1, 4, 2, 1, 1, 1, 2, 2, 2, 1, 1, 1, 2, 1, 1, 2, 3, 2, 3, 1, 4, 0, 1, 1, 0, 3, 2, 2, 4, 0, 1, 1, 0, 4, 0, 1, 2, 3, 1, 4, 0, 3, 2, 1, 2, 1, 2, 1, 1, 1, 3, 0, 4, 3, 1, 4, 1, 1, 1, 2, 1, 4, 1, 1, 1, 1, 1, 3, 1, 1, 1, 1, 2, 4, 4, 2, 2, 3, 2, 1, 1, 2, 2, 1, 1, 1]|[2, 0, 1, 2, 3, 0, 0, 1, 1, 0, 0, 0, 0, 1, 0, 3, 1, 0, 0, 1, 1, 1, 2, 0, 0, 0, 1, 0, 1, 0, 0, 0, 0, 0, 3, 0, 1, 0, 0, 2, 1, 1, 2, 0, 0, 0, 0, 2, 1, 0, 0, 0, 1, 3, 0, 0, 1, 0, 1, 0, 1, 0, 1, 0, 2, 1, 0, 0, 1, 1, 3, 3, 0, 1, 0, 0, 0, 0, 1, 0, 0, 0, 0, 2, 0, 0, 1, 3, 3, 1, 1, 2, 0, 0, 1, 0, 0, 0, 1, 0],706.0425648885516,58640.99257008452,96849.50297129861,false
42,G4_BALANCED,G1_CMAX,[22, 82, 3, 58, 95, 42, 77, 47, 5, 93, 78, 12, 86, 54, 50, 63, 18, 44, 20, 35, 43, 97, 91, 76, 10, 30, 21, 45, 71, 64, 36, 23, 17, 83, 24, 14, 60, 1, 6, 40, 57, 90, 65, 56, 79, 94, 67, 68, 46, 75, 38, 9, 19, 32, 81, 41, 27, 62, 16, 55, 59, 89, 88, 87, 31, 72, 73, 70, 39, 37, 84, 92, 25, 11, 48, 15, 29, 51, 7, 33, 61, 98, 28, 99, 26, 85, 66, 96, 53, 80, 4, 8, 34, 49, 52, 2, 13, 0, 69, 74]|[1, 0, 1, 0, 1, 2, 2, 2, 2, 2, 1, 1, 1, 0, 0, 1, 0, 2, 2, 0, 1, 2, 0, 1, 2, 2, 0, 0, 1, 2, 1, 2, 1, 0, 2, 0, 1, 1, 0, 1, 1, 1, 0, 2, 1, 1, 0, 0, 0, 0, 1, 1, 2, 1, 2, 0, 0, 0, 1, 2, 1, 1, 1, 1, 1, 2, 1, 2, 1, 1, 1, 0, 1, 2, 2, 1, 0, 0, 1, 2, 1, 2, 0, 1, 1, 0, 0, 2, 0, 0, 1, 1, 2, 0, 1, 0, 0, 0, 1, 2]|[3, 2, 1, 1, 2, 1, 2, 1, 1, 2, 4, 4, 4, 1, 1, 4, 2, 1, 1, 1, 1, 2, 1, 2, 1, 1, 2, 1, 3, 2, 3, 1, 4, 1, 1, 1, 0, 3, 2, 2, 2, 3, 1, 1, 0, 4, 0, 1, 2, 2, 1, 4, 0, 3, 2, 1, 1, 2, 3, 1, 1, 1, 0, 3, 0, 0, 3, 0, 1, 4, 1, 0, 4, 1, 1, 4, 1, 1, 1, 1, 3, 1, 2, 1, 0, 2, 1, 1, 2, 1, 4, 3, 1, 1, 1, 2, 2, 2, 4, 1]|[3, 1, 2, 0, 1, 0, 0, 0, 0, 1, 0, 0, 1, 0, 0, 3, 1, 0, 0, 0, 3, 1, 0, 2, 0, 0, 0, 1, 0, 0, 2, 0, 3, 0, 1, 0, 0, 0, 1, 1, 1, 2, 0, 0, 0, 2, 1, 0, 0, 0, 1, 3, 0, 0, 1, 0, 0, 1, 2, 0, 1, 1, 0, 2, 0, 1, 0, 1, 1, 1, 1, 1, 3, 0, 0, 3, 0, 0, 2, 0, 0, 0, 1, 1, 3, 0, 0, 0, 1, 0, 0, 2, 0, 1, 1, 0, 0, 0, 2, 0],715.7913946700162,58060.95961022334,95287.06515100288,true
42,G2_TEC,G2_TEC,[31, 22, 82, 15, 26, 9, 95, 42, 77, 68, 47, 5, 93, 78, 86, 54, 85, 63, 18, 44, 20, 49, 36, 14, 74, 50, 53, 17, 21, 28, 11, 64, 3, 23, 30, 83, 24, 41, 40, 52, 65, 27, 90, 70, 39, 87, 48, 69, 99, 4, 75, 1, 13, 58, 97, 59, 45, 8, 73, 37, 35, 79, 71, 66, 76, 32, 60, 80, 56, 6, 67, 61, 33, 7, 57, 34, 12, 16, 10, 94, 96, 88, 43, 46, 91, 2, 84, 29, 92, 19, 51, 89, 81, 25, 55, 72, 98, 38, 0, 62]|[2, 1, 2, 1, 1, 2, 1, 1, 1, 1, 1, 0, 2, 2, 1, 2, 0, 0, 0, 2, 2, 1, 0, 2, 0, 2, 2, 1, 0, 1, 1, 1, 0, 0, 1, 0, 2, 1, 2, 2, 0, 0, 1, 1, 0, 2, 0, 2, 1, 0, 0, 2, 0, 0, 2, 0, 1, 1, 0, 0, 2, 1, 1, 2, 2, 0, 2, 2, 2, 1, 2, 1, 1, 2, 0, 1, 1, 2, 1, 2, 0, 1, 1, 0, 1, 0, 0, 1, 0, 1, 1, 1, 1, 1, 0, 1, 2, 0, 2, 1]|[0, 3, 0, 3, 4, 1, 4, 4, 2, 4, 3, 2, 1, 0, 2, 1, 1, 1, 2, 1, 1, 3, 0, 1, 0, 1, 1, 4, 1, 4, 3, 2, 2, 0, 4, 1, 1, 4, 1, 1, 2, 1, 4, 4, 1, 1, 0, 1, 3, 2, 2, 1, 2, 1, 1, 2, 4, 3, 0, 2, 2, 3, 3, 1, 1, 2, 1, 1, 1, 4, 1, 3, 4, 1, 2, 4, 3, 1, 3, 1, 2, 4, 4, 2, 3, 2, 2, 3, 2, 4, 3, 4, 4, 4, 2, 4, 1, 2, 1, 3]|[0, 2, 0, 0, 3, 0, 1, 3, 0, 0, 2, 0, 1, 0, 1, 0, 0, 0, 1, 0, 0, 2, 0, 0, 1, 0, 0, 3, 0, 1, 0, 2, 0, 0, 3, 0, 1, 1, 0, 0, 0, 0, 1, 3, 0, 0, 1, 0, 2, 0, 0, 0, 0, 0, 1, 0, 1, 0, 1, 1, 0, 2, 0, 0, 0, 0, 0, 0, 0, 2, 0, 0, 1, 0, 0, 1, 0, 0, 3, 0, 0, 1, 2, 0, 0, 0, 0, 3, 0, 1, 0, 1, 2, 3, 0, 1, 0, 0, 0, 0],900.7357371583179,49127.8910864123,106649.60962791642,false
42,G3_TWC,G3_TWC,[31, 22, 82, 15, 26, 58, 95, 42, 77, 12, 47, 5, 93, 78, 98, 54, 85, 63, 18, 44, 20, 35, 43, 97, 91, 76, 10, 30, 21, 45, 71, 64, 1, 23, 17, 83, 24, 14, 60, 36, 6, 57, 94, 88, 65, 56, 79, 40, 67, 68, 46, 75, 39, 9, 19, 32, 81, 96, 27, 62, 87, 90, 99, 59, 11, 16, 72, 73, 70, 38, 37, 84, 3, 92, 25, 55, 28, 29, 51, 7, 33, 61, 86, 48, 89, 50, 69, 41, 53, 80, 4, 8, 34, 49, 52, 0, 13, 74, 2, 66]|[1, 1, 0, 1, 1, 1, 2, 1, 2, 1, 2, 2, 2, 1, 1, 0, 0, 1, 0, 2, 2, 0, 1, 2, 0, 1, 2, 2, 0, 0, 1, 2, 1, 2, 1, 0, 2, 0, 1, 1, 0, 1, 1, 1, 0, 2, 1, 1, 0, 0, 0, 0, 1, 1, 2, 1, 2, 0, 0, 0, 2, 1, 0, 1, 2, 1, 2, 1, 1, 1, 1, 1, 2, 0, 1, 1, 0, 0, 0, 1, 2, 1, 0, 0, 1, 0, 2, 0, 0, 0, 0, 1, 2, 0, 1, 0, 0, 0, 0, 2]|[4, 3, 2, 2, 0, 0, 2, 2, 2, 4, 1, 1, 2, 4, 4, 1, 1, 4, 2, 1, 1, 1, 1, 2, 1, 2, 1, 1, 1, 1, 3, 2, 3, 0, 4, 0, 1, 1, 0, 3, 2, 2, 4, 0, 1, 1, 0, 2, 0, 1, 2, 2, 1, 4, 0, 3, 2, 1, 1, 2, 1, 3, 1, 1, 1, 3, 0, 4, 3, 1, 4, 1, 1, 2, 4, 4, 2, 1, 1, 3, 1, 3, 1, 1, 1, 1, 1, 1, 2, 1, 2, 3, 1, 1, 1, 2, 2, 2, 2, 1]|[0, 2, 1, 1, 3, 3, 0, 1, 0, 0, 0, 0, 1, 0, 1, 0, 0, 3, 1, 0, 0, 0, 3, 1, 0, 2, 0, 0, 0, 1, 0, 0, 0, 0, 3, 0, 1, 0, 0, 2, 1, 1, 2, 0, 0, 0, 0, 1, 1, 0, 0, 0, 1, 3, 0, 0, 1, 0, 0, 1, 0, 2, 0, 1, 0, 2, 1, 0, 0, 1, 1, 3, 0, 1, 3, 3, 1, 0, 0, 2, 0, 0, 0, 0, 1, 0, 0, 0, 1, 0, 1, 2, 0, 1, 1, 0, 0, 0, 0, 0],833.2154215640596,57825.44465227681,88905.52377856613,false
42,G1_CMAX,G1_CMAX,[31, 22, 82, 90, 26, 58, 95, 42, 77, 12, 93, 5, 78, 86, 98, 18, 44, 20, 35, 3, 97, 91, 76, 10, 85, 30, 47, 54, 45, 63, 71, 66, 1, 23, 17, 83, 24, 14, 60, 36, 6, 57, 40, 88, 65, 56, 79, 94, 67, 68, 46, 75, 38, 9, 19, 32, 81, 27, 62, 87, 15, 99, 59, 11, 16, 72, 73, 70, 39, 37, 84, 43, 80, 53, 96, 4, 50, 41, 89, 48, 21, 61, 33, 7, 51, 29, 28, 55, 25, 92, 8, 69, 0, 74, 52, 2, 13, 34, 49, 64]|[1, 1, 0, 1, 1, 0, 2, 1, 2, 1, 2, 2, 2, 1, 0, 1, 0, 2, 2, 1, 2, 2, 1, 2, 2, 2, 2, 0, 0, 0, 1, 2, 1, 2, 1, 0, 2, 0, 1, 1, 0, 1, 1, 1, 0, 2, 1, 1, 0, 0, 0, 1, 1, 1, 2, 1, 2, 0, 0, 2, 1, 0, 1, 2, 1, 2, 1, 1, 1, 1, 1, 1, 0, 0, 2, 1, 0, 0, 1, 0, 0, 1, 2, 1, 0, 0, 0, 1, 1, 0, 0, 1, 0, 2, 1, 0, 0, 2, 0, 2]|[3, 0, 2, 3, 0, 1, 1, 2, 2, 4, 1, 1, 0, 4, 1, 4, 2, 1, 1, 1, 2, 2, 2, 1, 1, 1, 2, 1, 1, 2, 3, 2, 3, 1, 4, 0, 1, 1, 0, 3, 2, 2, 4, 0, 1, 1, 0, 4, 0, 1, 2, 3, 1, 4, 0, 3, 2, 1, 2, 1, 2, 1, 1, 1, 3, 0, 4, 3, 1, 4, 1, 1, 1, 2, 1, 4, 1, 1, 1, 1, 1, 3, 1, 1, 1, 1, 2, 4, 4, 2, 2, 3, 2, 1, 1, 2, 2, 1, 1, 1]|[2, 0, 1, 2, 3, 0, 0, 1, 1, 0, 0, 0, 0, 1, 0, 3, 1, 0, 0, 1, 1, 1, 2, 0, 0, 0, 1, 0, 1, 0, 0, 0, 0, 0, 3, 0, 1, 0, 0, 2, 1, 1, 2, 0, 0, 0, 0, 2, 1, 0, 0, 0, 1, 3, 0, 0, 1, 0, 1, 0, 1, 0, 1, 0, 2, 1, 0, 0, 1, 1, 3, 3, 0, 1, 0, 0, 0, 0, 1, 0, 0, 0, 0, 2, 0, 0, 1, 3, 3, 1, 1, 2, 0, 0, 1, 0, 0, 0, 1, 0],706.0425648885516,58640.99257008452,96849.50297129861,false
42,G4_BALANCED,G1_CMAX,[22, 82, 3, 58, 95, 42, 77, 47, 5, 93, 78, 12, 86, 54, 50, 63, 18, 44, 20, 35, 43, 97, 91, 76, 10, 30, 21, 45, 71, 64, 36, 23, 17, 83, 24, 14, 60, 1, 6, 40, 57, 90, 65, 56, 79, 94, 67, 68, 46, 75, 38, 9, 19, 32, 81, 41, 27, 62, 16, 55, 59, 89, 88, 87, 31, 72, 73, 70, 39, 37, 84, 92, 25, 11, 48, 15, 29, 51, 7, 33, 61, 98, 28, 99, 26, 85, 66, 96, 53, 80, 4, 8, 34, 49, 52, 2, 13, 0, 69, 74]|[1, 0, 1, 0, 1, 2, 2, 2, 2, 2, 1, 1, 1, 0, 0, 1, 0, 2, 2, 0, 1, 2, 0, 1, 2, 2, 0, 0, 1, 2, 1, 2, 1, 0, 2, 0, 1, 1, 0, 1, 1, 1, 0, 2, 1, 1, 0, 0, 0, 0, 1, 1, 2, 1, 2, 0, 0, 0, 1, 2, 1, 1, 1, 1, 1, 2, 1, 2, 1, 1, 1, 0, 1, 2, 2, 1, 0, 0, 1, 2, 1, 2, 0, 1, 1, 0, 0, 2, 0, 0, 1, 1, 2, 0, 1, 0, 0, 0, 1, 2]|[3, 2, 1, 1, 2, 1, 2, 1, 1, 2, 4, 4, 4, 1, 1, 4, 2, 1, 1, 1, 1, 2, 1, 2, 1, 1, 2, 1, 3, 2, 3, 1, 4, 1, 1, 1, 0, 3, 2, 2, 2, 3, 1, 1, 0, 4, 0, 1, 2, 2, 1, 4, 0, 3, 2, 1, 1, 2, 3, 1, 1, 1, 0, 3, 0, 0, 3, 0, 1, 4, 1, 0, 4, 1, 1, 4, 1, 1, 1, 1, 3, 1, 2, 1, 0, 2, 1, 1, 2, 1, 4, 3, 1, 1, 1, 2, 2, 2, 4, 1]|[3, 1, 2, 0, 1, 0, 0, 0, 0, 1, 0, 0, 1, 0, 0, 3, 1, 0, 0, 0, 3, 1, 0, 2, 0, 0, 0, 1, 0, 0, 2, 0, 3, 0, 1, 0, 0, 0, 1, 1, 1, 2, 0, 0, 0, 2, 1, 0, 0, 0, 1, 3, 0, 0, 1, 0, 0, 1, 2, 0, 1, 1, 0, 2, 0, 1, 0, 1, 1, 1, 1, 1, 3, 0, 0, 3, 0, 0, 2, 0, 0, 0, 1, 1, 3, 0, 0, 0, 1, 0, 0, 2, 0, 1, 1, 0, 0, 0, 2, 0],715.7913946700162,58060.95961022334,95287.06515100288,true
42,G2_TEC,G2_TEC,[31, 22, 82, 15, 26, 9, 95, 42, 77, 68, 47, 5, 93, 78, 86, 54, 85, 63, 18, 44, 20, 49, 36, 14, 74, 50, 53, 17, 21, 28, 11, 64, 3, 23, 30, 83, 24, 41, 40, 52, 65, 27, 90, 70, 39, 87, 48, 69, 99, 4, 75, 1, 13, 58, 97, 59, 45, 8, 73, 37, 35, 79, 71, 66, 76, 32, 60, 80, 56, 6, 67, 61, 33, 7, 57, 34, 12, 16, 10, 94, 96, 88, 43, 46, 91, 2, 84, 29, 92, 19, 51, 89, 81, 25, 55, 72, 98, 38, 0, 62]|[2, 1, 2, 1, 1, 2, 1, 1, 1, 1, 1, 0, 2, 2, 1, 2, 0, 0, 0, 2, 2, 1, 0, 2, 0, 2, 2, 1, 0, 1, 1, 1, 0, 0, 1, 0, 2, 1, 2, 2, 0, 0, 1, 1, 0, 2, 0, 2, 1, 0, 0, 2, 0, 0, 2, 0, 1, 1, 0, 0, 2, 1, 1, 2, 2, 0, 2, 2, 2, 1, 2, 1, 1, 2, 0, 1, 1, 2, 1, 2, 0, 1, 1, 0, 1, 0, 0, 1, 0, 1, 1, 1, 1, 1, 0, 1, 2, 0, 2, 1]|[0, 3, 0, 3, 4, 1, 4, 4, 2, 4, 3, 2, 1, 0, 2, 1, 1, 1, 2, 1, 1, 3, 0, 1, 0, 1, 1, 4, 1, 4, 3, 2, 2, 0, 4, 1, 1, 4, 1, 1, 2, 1, 4, 4, 1, 1, 0, 1, 3, 2, 2, 1, 2, 1, 1, 2, 4, 3, 0, 2, 2, 3, 3, 1, 1, 2, 1, 1, 1, 4, 1, 3, 4, 1, 2, 4, 3, 1, 3, 1, 2, 4, 4, 2, 3, 2, 2, 3, 2, 4, 3, 4, 4, 4, 2, 4, 1, 2, 1, 3]|[0, 2, 0, 0, 3, 0, 1, 3, 0, 0, 2, 0, 1, 0, 1, 0, 0, 0, 1, 0, 0, 2, 0, 0, 1, 0, 0, 3, 0, 1, 0, 2, 0, 0, 3, 0, 1, 1, 0, 0, 0, 0, 1, 3, 0, 0, 1, 0, 2, 0, 0, 0, 0, 0, 1, 0, 1, 0, 1, 1, 0, 2, 0, 0, 0, 0, 0, 0, 0, 2, 0, 0, 1, 0, 0, 1, 0, 0, 3, 0, 0, 1, 2, 0, 0, 0, 0, 3, 0, 1, 0, 1, 2, 3, 0, 1, 0, 0, 0, 0],900.7357371583179,49127.8910864123,106649.60962791642,false
42,G3_TWC,G3_TWC,[31, 22, 82, 15, 26, 58, 95, 42, 77, 12, 47, 5, 93, 78, 98, 54, 85, 63, 18, 44, 20, 35, 43, 97, 91, 76, 10, 30, 21, 45, 71, 64, 1, 23, 17, 83, 24, 14, 60, 36, 6, 57, 94, 88, 65, 56, 79, 40, 67, 68, 46, 75, 39, 9, 19, 32, 81, 96, 27, 62, 87, 90, 99, 59, 11, 16, 72, 73, 70, 38, 37, 84, 3, 92, 25, 55, 28, 29, 51, 7, 33, 61, 86, 48, 89, 50, 69, 41, 53, 80, 4, 8, 34, 49, 52, 0, 13, 74, 2, 66]|[1, 1, 0, 1, 1, 1, 2, 1, 2, 1, 2, 2, 2, 1, 1, 0, 0, 1, 0, 2, 2, 0, 1, 2, 0, 1, 2, 2, 0, 0, 1, 2, 1, 2, 1, 0, 2, 0, 1, 1, 0, 1, 1, 1, 0, 2, 1, 1, 0, 0, 0, 0, 1, 1, 2, 1, 2, 0, 0, 0, 2, 1, 0, 1, 2, 1, 2, 1, 1, 1, 1, 1, 2, 0, 1, 1, 0, 0, 0, 1, 2, 1, 0, 0, 1, 0, 2, 0, 0, 0, 0, 1, 2, 0, 1, 0, 0, 0, 0, 2]|[4, 3, 2, 2, 0, 0, 2, 2, 2, 4, 1, 1, 2, 4, 4, 1, 1, 4, 2, 1, 1, 1, 1, 2, 1, 2, 1, 1, 1, 1, 3, 2, 3, 0, 4, 0, 1, 1, 0, 3, 2, 2, 4, 0, 1, 1, 0, 2, 0, 1, 2, 2, 1, 4, 0, 3, 2, 1, 1, 2, 1, 3, 1, 1, 1, 3, 0, 4, 3, 1, 4, 1, 1, 2, 4, 4, 2, 1, 1, 3, 1, 3, 1, 1, 1, 1, 1, 1, 2, 1, 2, 3, 1, 1, 1, 2, 2, 2, 2, 1]|[0, 2, 1, 1, 3, 3, 0, 1, 0, 0, 0, 0, 1, 0, 1, 0, 0, 3, 1, 0, 0, 0, 3, 1, 0, 2, 0, 0, 0, 1, 0, 0, 0, 0, 3, 0, 1, 0, 0, 2, 1, 1, 2, 0, 0, 0, 0, 1, 1, 0, 0, 0, 1, 3, 0, 0, 1, 0, 0, 1, 0, 2, 0, 1, 0, 2, 1, 0, 0, 1, 1, 3, 0, 1, 3, 3, 1, 0, 0, 2, 0, 0, 0, 0, 1, 0, 0, 0, 1, 0, 1, 2, 0, 1, 1, 0, 0, 0, 0, 0],833.2154215640596,57825.44465227681,88905.52377856613,false
42,G1_CMAX,G1_CMAX,[31, 22, 82, 90, 26, 58, 95, 42, 77, 12, 93, 5, 78, 86, 98, 18, 44, 20, 35, 3, 97, 91, 76, 10, 85, 30, 47, 54, 45, 63, 71, 66, 1, 23, 17, 83, 24, 14, 60, 36, 6, 57, 40, 88, 65, 56, 79, 94, 67, 68, 46, 75, 38, 9, 19, 32, 81, 27, 62, 87, 15, 99, 59, 11, 16, 72, 73, 70, 39, 37, 84, 43, 80, 53, 96, 4, 50, 41, 89, 48, 21, 61, 33, 7, 51, 29, 28, 55, 25, 92, 8, 69, 0, 74, 52, 2, 13, 34, 49, 64]|[1, 1, 0, 1, 1, 0, 2, 1, 2, 1, 2, 2, 2, 1, 0, 1, 0, 2, 2, 1, 2, 2, 1, 2, 2, 2, 2, 0, 0, 0, 1, 2, 1, 2, 1, 0, 2, 0, 1, 1, 0, 1, 1, 1, 0, 2, 1, 1, 0, 0, 0, 1, 1, 1, 2, 1, 2, 0, 0, 2, 1, 0, 1, 2, 1, 2, 1, 1, 1, 1, 1, 1, 0, 0, 2, 1, 0, 0, 1, 0, 0, 1, 2, 1, 0, 0, 0, 1, 1, 0, 0, 1, 0, 2, 1, 0, 0, 2, 0, 2]|[3, 0, 2, 3, 0, 1, 1, 2, 2, 4, 1, 1, 0, 4, 1, 4, 2, 1, 1, 1, 2, 2, 2, 1, 1, 1, 2, 1, 1, 2, 3, 2, 3, 1, 4, 0, 1, 1, 0, 3, 2, 2, 4, 0, 1, 1, 0, 4, 0, 1, 2, 3, 1, 4, 0, 3, 2, 1, 2, 1, 2, 1, 1, 1, 3, 0, 4, 3, 1, 4, 1, 1, 1, 2, 1, 4, 1, 1, 1, 1, 1, 3, 1, 1, 1, 1, 2, 4, 4, 2, 2, 3, 2, 1, 1, 2, 2, 1, 1, 1]|[2, 0, 1, 2, 3, 0, 0, 1, 1, 0, 0, 0, 0, 1, 0, 3, 1, 0, 0, 1, 1, 1, 2, 0, 0, 0, 1, 0, 1, 0, 0, 0, 0, 0, 3, 0, 1, 0, 0, 2, 1, 1, 2, 0, 0, 0, 0, 2, 1, 0, 0, 0, 1, 3, 0, 0, 1, 0, 1, 0, 1, 0, 1, 0, 2, 1, 0, 0, 1, 1, 3, 3, 0, 1, 0, 0, 0, 0, 1, 0, 0, 0, 0, 2, 0, 0, 1, 3, 3, 1, 1, 2, 0, 0, 1, 0, 0, 0, 1, 0],706.0425648885516,58640.99257008452,96849.50297129861,false
42,G4_BALANCED,G1_CMAX,[22, 82, 3, 58, 95, 42, 77, 47, 5, 93, 78, 12, 86, 54, 50, 63, 18, 44, 20, 35, 43, 97, 91, 76, 10, 30, 21, 45, 71, 64, 36, 23, 17, 83, 24, 14, 60, 1, 6, 40, 57, 90, 65, 56, 79, 94, 67, 68, 46, 75, 38, 9, 19, 32, 81, 41, 27, 62, 16, 55, 59, 89, 88, 87, 31, 72, 73, 70, 39, 37, 84, 92, 25, 11, 48, 15, 29, 51, 7, 33, 61, 98, 28, 99, 26, 85, 66, 96, 53, 80, 4, 8, 34, 49, 52, 2, 13, 0, 69, 74]|[1, 0, 1, 0, 1, 2, 2, 2, 2, 2, 1, 1, 1, 0, 0, 1, 0, 2, 2, 0, 1, 2, 0, 1, 2, 2, 0, 0, 1, 2, 1, 2, 1, 0, 2, 0, 1, 1, 0, 1, 1, 1, 0, 2, 1, 1, 0, 0, 0, 0, 1, 1, 2, 1, 2, 0, 0, 0, 1, 2, 1, 1, 1, 1, 1, 2, 1, 2, 1, 1, 1, 0, 1, 2, 2, 1, 0, 0, 1, 2, 1, 2, 0, 1, 1, 0, 0, 2, 0, 0, 1, 1, 2, 0, 1, 0, 0, 0, 1, 2]|[3, 2, 1, 1, 2, 1, 2, 1, 1, 2, 4, 4, 4, 1, 1, 4, 2, 1, 1, 1, 1, 2, 1, 2, 1, 1, 2, 1, 3, 2, 3, 1, 4, 1, 1, 1, 0, 3, 2, 2, 2, 3, 1, 1, 0, 4, 0, 1, 2, 2, 1, 4, 0, 3, 2, 1, 1, 2, 3, 1, 1, 1, 0, 3, 0, 0, 3, 0, 1, 4, 1, 0, 4, 1, 1, 4, 1, 1, 1, 1, 3, 1, 2, 1, 0, 2, 1, 1, 2, 1, 4, 3, 1, 1, 1, 2, 2, 2, 4, 1]|[3, 1, 2, 0, 1, 0, 0, 0, 0, 1, 0, 0, 1, 0, 0, 3, 1, 0, 0, 0, 3, 1, 0, 2, 0, 0, 0, 1, 0, 0, 2, 0, 3, 0, 1, 0, 0, 0, 1, 1, 1, 2, 0, 0, 0, 2, 1, 0, 0, 0, 1, 3, 0, 0, 1, 0, 0, 1, 2, 0, 1, 1, 0, 2, 0, 1, 0, 1, 1, 1, 1, 1, 3, 0, 0, 3, 0, 0, 2, 0, 0, 0, 1, 1, 3, 0, 0, 0, 1, 0, 0, 2, 0, 1, 1, 0, 0, 0, 2, 0],715.7913946700162,58060.95961022334,95287.06515100288,true
42,G2_TEC,G2_TEC,[31, 22, 82, 15, 26, 9, 95, 42, 77, 68, 47, 5, 93, 78, 86, 54, 85, 63, 18, 44, 20, 49, 36, 14, 74, 50, 53, 17, 21, 28, 11, 64, 3, 23, 30, 83, 24, 41, 40, 52, 65, 27, 90, 70, 39, 87, 48, 69, 99, 4, 75, 1, 13, 58, 97, 59, 45, 8, 73, 37, 35, 79, 71, 66, 76, 32, 60, 80, 56, 6, 67, 61, 33, 7, 57, 34, 12, 16, 10, 94, 96, 88, 43, 46, 91, 2, 84, 29, 92, 19, 51, 89, 81, 25, 55, 72, 98, 38, 0, 62]|[2, 1, 2, 1, 1, 2, 1, 1, 1, 1, 1, 0, 2, 2, 1, 2, 0, 0, 0, 2, 2, 1, 0, 2, 0, 2, 2, 1, 0, 1, 1, 1, 0, 0, 1, 0, 2, 1, 2, 2, 0, 0, 1, 1, 0, 2, 0, 2, 1, 0, 0, 2, 0, 0, 2, 0, 1, 1, 0, 0, 2, 1, 1, 2, 2, 0, 2, 2, 2, 1, 2, 1, 1, 2, 0, 1, 1, 2, 1, 2, 0, 1, 1, 0, 1, 0, 0, 1, 0, 1, 1, 1, 1, 1, 0, 1, 2, 0, 2, 1]|[0, 3, 0, 3, 4, 1, 4, 4, 2, 4, 3, 2, 1, 0, 2, 1, 1, 1, 2, 1, 1, 3, 0, 1, 0, 1, 1, 4, 1, 4, 3, 2, 2, 0, 4, 1, 1, 4, 1, 1, 2, 1, 4, 4, 1, 1, 0, 1, 3, 2, 2, 1, 2, 1, 1, 2, 4, 3, 0, 2, 2, 3, 3, 1, 1, 2, 1, 1, 1, 4, 1, 3, 4, 1, 2, 4, 3, 1, 3, 1, 2, 4, 4, 2, 3, 2, 2, 3, 2, 4, 3, 4, 4, 4, 2, 4, 1, 2, 1, 3]|[0, 2, 0, 0, 3, 0, 1, 3, 0, 0, 2, 0, 1, 0, 1, 0, 0, 0, 1, 0, 0, 2, 0, 0, 1, 0, 0, 3, 0, 1, 0, 2, 0, 0, 3, 0, 1, 1, 0, 0, 0, 0, 1, 3, 0, 0, 1, 0, 2, 0, 0, 0, 0, 0, 1, 0, 1, 0, 1, 1, 0, 2, 0, 0, 0, 0, 0, 0, 0, 2, 0, 0, 1, 0, 0, 1, 0, 0, 3, 0, 0, 1, 2, 0, 0, 0, 0, 3, 0, 1, 0, 1, 2, 3, 0, 1, 0, 0, 0, 0],900.7357371583179,49127.8910864123,106649.60962791642,false
42,G3_TWC,G3_TWC,[31, 22, 82, 15, 26, 58, 95, 42, 77, 12, 47, 5, 93, 78, 98, 54, 85, 63, 18, 44, 20, 35, 43, 97, 91, 76, 10, 30, 21, 45, 71, 64, 1, 23, 17, 83, 24, 14, 60, 36, 6, 57, 94, 88, 65, 56, 79, 40, 67, 68, 46, 75, 39, 9, 19, 32, 81, 96, 27, 62, 87, 90, 99, 59, 11, 16, 72, 73, 70, 38, 37, 84, 3, 92, 25, 55, 28, 29, 51, 7, 33, 61, 86, 48, 89, 50, 69, 41, 53, 80, 4, 8, 34, 49, 52, 0, 13, 74, 2, 66]|[1, 1, 0, 1, 1, 1, 2, 1, 2, 1, 2, 2, 2, 1, 1, 0, 0, 1, 0, 2, 2, 0, 1, 2, 0, 1, 2, 2, 0, 0, 1, 2, 1, 2, 1, 0, 2, 0, 1, 1, 0, 1, 1, 1, 0, 2, 1, 1, 0, 0, 0, 0, 1, 1, 2, 1, 2, 0, 0, 0, 2, 1, 0, 1, 2, 1, 2, 1, 1, 1, 1, 1, 2, 0, 1, 1, 0, 0, 0, 1, 2, 1, 0, 0, 1, 0, 2, 0, 0, 0, 0, 1, 2, 0, 1, 0, 0, 0, 0, 2]|[4, 3, 2, 2, 0, 0, 2, 2, 2, 4, 1, 1, 2, 4, 4, 1, 1, 4, 2, 1, 1, 1, 1, 2, 1, 2, 1, 1, 1, 1, 3, 2, 3, 0, 4, 0, 1, 1, 0, 3, 2, 2, 4, 0, 1, 1, 0, 2, 0, 1, 2, 2, 1, 4, 0, 3, 2, 1, 1, 2, 1, 3, 1, 1, 1, 3, 0, 4, 3, 1, 4, 1, 1, 2, 4, 4, 2, 1, 1, 3, 1, 3, 1, 1, 1, 1, 1, 1, 2, 1, 2, 3, 1, 1, 1, 2, 2, 2, 2, 1]|[0, 2, 1, 1, 3, 3, 0, 1, 0, 0, 0, 0, 1, 0, 1, 0, 0, 3, 1, 0, 0, 0, 3, 1, 0, 2, 0, 0, 0, 1, 0, 0, 0, 0, 3, 0, 1, 0, 0, 2, 1, 1, 2, 0, 0, 0, 0, 1, 1, 0, 0, 0, 1, 3, 0, 0, 1, 0, 0, 1, 0, 2, 0, 1, 0, 2, 1, 0, 0, 1, 1, 3, 0, 1, 3, 3, 1, 0, 0, 2, 0, 0, 0, 0, 1, 0, 0, 0, 1, 0, 1, 2, 0, 1, 1, 0, 0, 0, 0, 0],833.2154215640596,57825.44465227681,88905.52377856613,false
42,G1_CMAX,G1_CMAX,[31, 22, 82, 90, 26, 58, 95, 42, 77, 12, 93, 5, 78, 86, 98, 18, 44, 20, 35, 3, 97, 91, 76, 10, 85, 30, 47, 54, 45, 63, 71, 66, 1, 23, 17, 83, 24, 14, 60, 36, 6, 57, 40, 88, 65, 56, 79, 94, 67, 68, 46, 75, 38, 9, 19, 32, 81, 27, 62, 87, 15, 99, 59, 11, 16, 72, 73, 70, 39, 37, 84, 43, 80, 53, 96, 4, 50, 41, 89, 48, 21, 61, 33, 7, 51, 29, 28, 55, 25, 92, 8, 69, 0, 74, 52, 2, 13, 34, 49, 64]|[1, 1, 0, 1, 1, 0, 2, 1, 2, 1, 2, 2, 2, 1, 0, 1, 0, 2, 2, 1, 2, 2, 1, 2, 2, 2, 2, 0, 0, 0, 1, 2, 1, 2, 1, 0, 2, 0, 1, 1, 0, 1, 1, 1, 0, 2, 1, 1, 0, 0, 0, 1, 1, 1, 2, 1, 2, 0, 0, 2, 1, 0, 1, 2, 1, 2, 1, 1, 1, 1, 1, 1, 0, 0, 2, 1, 0, 0, 1, 0, 0, 1, 2, 1, 0, 0, 0, 1, 1, 0, 0, 1, 0, 2, 1, 0, 0, 2, 0, 2]|[3, 0, 2, 3, 0, 1, 1, 2, 2, 4, 1, 1, 0, 4, 1, 4, 2, 1, 1, 1, 2, 2, 2, 1, 1, 1, 2, 1, 1, 2, 3, 2, 3, 1, 4, 0, 1, 1, 0, 3, 2, 2, 4, 0, 1, 1, 0, 4, 0, 1, 2, 3, 1, 4, 0, 3, 2, 1, 2, 1, 2, 1, 1, 1, 3, 0, 4, 3, 1, 4, 1, 1, 1, 2, 1, 4, 1, 1, 1, 1, 1, 3, 1, 1, 1, 1, 2, 4, 4, 2, 2, 3, 2, 1, 1, 2, 2, 1, 1, 1]|[2, 0, 1, 2, 3, 0, 0, 1, 1, 0, 0, 0, 0, 1, 0, 3, 1, 0, 0, 1, 1, 1, 2, 0, 0, 0, 1, 0, 1, 0, 0, 0, 0, 0, 3, 0, 1, 0, 0, 2, 1, 1, 2, 0, 0, 0, 0, 2, 1, 0, 0, 0, 1, 3, 0, 0, 1, 0, 1, 0, 1, 0, 1, 0, 2, 1, 0, 0, 1, 1, 3, 3, 0, 1, 0, 0, 0, 0, 1, 0, 0, 0, 0, 2, 0, 0, 1, 3, 3, 1, 1, 2, 0, 0, 1, 0, 0, 0, 1, 0],706.0425648885516,58640.99257008452,96849.50297129861,false
42,G4_BALANCED,G4_BALANCED,[31, 22, 82, 15, 26, 58, 95, 42, 77, 12, 47, 5, 93, 78, 86, 54, 85, 63, 18, 44, 20, 35, 43, 97, 91, 76, 10, 30, 21, 45, 71, 64, 1, 23, 17, 83, 24, 14, 60, 36, 6, 57, 40, 88, 65, 56, 79, 94, 67, 68, 46, 29, 38, 9, 19, 32, 81, 41, 27, 87, 90, 99, 59, 62, 11, 66, 73, 70, 39, 37, 84, 3, 72, 25, 55, 48, 16, 75, 51, 7, 33, 61, 98, 92, 89, 50, 4, 96, 53, 80, 8, 28, 34, 49, 52, 0, 74, 69, 2, 13]|[1, 1, 0, 1, 1, 0, 1, 2, 2, 1, 2, 2, 2, 1, 1, 0, 0, 1, 0, 2, 2, 0, 0, 2, 0, 1, 2, 2, 0, 0, 1, 2, 1, 2, 1, 0, 2, 0, 1, 1, 0, 1, 1, 1, 0, 2, 1, 1, 0, 0, 0, 0, 1, 1, 2, 1, 2, 0, 0, 2, 1, 0, 1, 2, 2, 2, 1, 1, 1, 1, 1, 1, 2, 1, 2, 0, 1, 0, 0, 1, 2, 1, 2, 0, 1, 0, 1, 2, 0, 0, 0, 0, 2, 0, 1, 0, 2, 1, 0, 0]|[4, 3, 2, 2, 4, 1, 2, 2, 2, 4, 1, 1, 2, 4, 4, 1, 2, 4, 2, 1, 1, 1, 1, 2, 1, 2, 1, 1, 2, 1, 3, 2, 3, 1, 4, 0, 1, 1, 0, 3, 2, 2, 2, 0, 1, 1, 0, 4, 0, 1, 2, 2, 1, 4, 0, 3, 2, 1, 1, 1, 3, 1, 1, 1, 1, 1, 4, 3, 1, 4, 1, 1, 1, 4, 1, 1, 3, 1, 1, 1, 1, 3, 1, 0, 1, 1, 4, 1, 2, 1, 1, 2, 1, 1, 1, 2, 1, 4, 2, 2]|[0, 2, 1, 1, 3, 0, 1, 0, 0, 0, 0, 0, 1, 0, 1, 0, 0, 3, 1, 0, 0, 0, 0, 1, 0, 2, 0, 0, 0, 1, 0, 0, 0, 0, 3, 0, 1, 0, 0, 2, 1, 1, 1, 0, 0, 0, 0, 2, 1, 0, 0, 0, 1, 3, 0, 0, 1, 0, 0, 0, 2, 0, 1, 0, 0, 0, 0, 0, 1, 1, 3, 1, 0, 3, 0, 0, 2, 0, 0, 2, 0, 0, 0, 1, 1, 0, 0, 0, 1, 0, 0, 1, 0, 1, 1, 0, 0, 2, 0, 0],780.6740718852884,55452.862853508894,96219.06701757858,false
42,G2_TEC,G2_TEC,[31, 22, 82, 15, 26, 9, 95, 42, 77, 68, 47, 5, 93, 78, 86, 54, 85, 63, 18, 44, 20, 49, 36, 14, 74, 50, 53, 17, 21, 28, 11, 64, 3, 23, 30, 83, 24, 41, 40, 52, 65, 27, 90, 70, 39, 87, 48, 69, 99, 4, 75, 1, 13, 58, 97, 59, 45, 8, 73, 37, 35, 79, 71, 66, 76, 32, 60, 80, 56, 6, 67, 61, 33, 7, 57, 34, 12, 16, 10, 94, 96, 88, 43, 46, 91, 2, 84, 29, 92, 19, 51, 89, 81, 25, 55, 72, 98, 38, 0, 62]|[2, 1, 2, 1, 1, 2, 1, 1, 1, 1, 1, 0, 2, 2, 1, 2, 0, 0, 0, 2, 2, 1, 0, 2, 0, 2, 2, 1, 0, 1, 1, 1, 0, 0, 1, 0, 2, 1, 2, 2, 0, 0, 1, 1, 0, 2, 0, 2, 1, 0, 0, 2, 0, 0, 2, 0, 1, 1, 0, 0, 2, 1, 1, 2, 2, 0, 2, 2, 2, 1, 2, 1, 1, 2, 0, 1, 1, 2, 1, 2, 0, 1, 1, 0, 1, 0, 0, 1, 0, 1, 1, 1, 1, 1, 0, 1, 2, 0, 2, 1]|[0, 3, 0, 3, 4, 1, 4, 4, 2, 4, 3, 2, 1, 0, 2, 1, 1, 1, 2, 1, 1, 3, 0, 1, 0, 1, 1, 4, 1, 4, 3, 2, 2, 0, 4, 1, 1, 4, 1, 1, 2, 1, 4, 4, 1, 1, 0, 1, 3, 2, 2, 1, 2, 1, 1, 2, 4, 3, 0, 2, 2, 3, 3, 1, 1, 2, 1, 1, 1, 4, 1, 3, 4, 1, 2, 4, 3, 1, 3, 1, 2, 4, 4, 2, 3, 2, 2, 3, 2, 4, 3, 4, 4, 4, 2, 4, 1, 2, 1, 3]|[0, 2, 0, 0, 3, 0, 1, 3, 0, 0, 2, 0, 1, 0, 1, 0, 0, 0, 1, 0, 0, 2, 0, 0, 1, 0, 0, 3, 0, 1, 0, 2, 0, 0, 3, 0, 1, 1, 0, 0, 0, 0, 1, 3, 0, 0, 1, 0, 2, 0, 0, 0, 0, 0, 1, 0, 1, 0, 1, 1, 0, 2, 0, 0, 0, 0, 0, 0, 0, 2, 0, 0, 1, 0, 0, 1, 0, 0, 3, 0, 0, 1, 2, 0, 0, 0, 0, 3, 0, 1, 0, 1, 2, 3, 0, 1, 0, 0, 0, 0],900.7357371583179,49127.8910864123,106649.60962791642,false
42,G3_TWC,G3_TWC,[31, 22, 82, 15, 26, 58, 95, 42, 77, 12, 47, 5, 93, 78, 98, 54, 85, 63, 18, 44, 20, 35, 43, 97, 91, 76, 10, 30, 21, 45, 71, 64, 1, 23, 17, 83, 24, 14, 60, 36, 6, 57, 94, 88, 65, 56, 79, 40, 67, 68, 46, 75, 39, 9, 19, 32, 81, 96, 27, 62, 87, 90, 99, 59, 11, 16, 72, 73, 70, 38, 37, 84, 3, 92, 25, 55, 28, 29, 51, 7, 33, 61, 86, 48, 89, 50, 69, 41, 53, 80, 4, 8, 34, 49, 52, 0, 13, 74, 2, 66]|[1, 1, 0, 1, 1, 1, 2, 1, 2, 1, 2, 2, 2, 1, 1, 0, 0, 1, 0, 2, 2, 0, 1, 2, 0, 1, 2, 2, 0, 0, 1, 2, 1, 2, 1, 0, 2, 0, 1, 1, 0, 1, 1, 1, 0, 2, 1, 1, 0, 0, 0, 0, 1, 1, 2, 1, 2, 0, 0, 0, 2, 1, 0, 1, 2, 1, 2, 1, 1, 1, 1, 1, 2, 0, 1, 1, 0, 0, 0, 1, 2, 1, 0, 0, 1, 0, 2, 0, 0, 0, 0, 1, 2, 0, 1, 0, 0, 0, 0, 2]|[4, 3, 2, 2, 0, 0, 2, 2, 2, 4, 1, 1, 2, 4, 4, 1, 1, 4, 2, 1, 1, 1, 1, 2, 1, 2, 1, 1, 1, 1, 3, 2, 3, 0, 4, 0, 1, 1, 0, 3, 2, 2, 4, 0, 1, 1, 0, 2, 0, 1, 2, 2, 1, 4, 0, 3, 2, 1, 1, 2, 1, 3, 1, 1, 1, 3, 0, 4, 3, 1, 4, 1, 1, 2, 4, 4, 2, 1, 1, 3, 1, 3, 1, 1, 1, 1, 1, 1, 2, 1, 2, 3, 1, 1, 1, 2, 2, 2, 2, 1]|[0, 2, 1, 1, 3, 3, 0, 1, 0, 0, 0, 0, 1, 0, 1, 0, 0, 3, 1, 0, 0, 0, 3, 1, 0, 2, 0, 0, 0, 1, 0, 0, 0, 0, 3, 0, 1, 0, 0, 2, 1, 1, 2, 0, 0, 0, 0, 1, 1, 0, 0, 0, 1, 3, 0, 0, 1, 0, 0, 1, 0, 2, 0, 1, 0, 2, 1, 0, 0, 1, 1, 3, 0, 1, 3, 3, 1, 0, 0, 2, 0, 0, 0, 0, 1, 0, 0, 0, 1, 0, 1, 2, 0, 1, 1, 0, 0, 0, 0, 0],833.2154215640596,57825.44465227681,88905.52377856613,false
43,G1_CMAX,G1_CMAX,[31, 22, 90, 26, 58, 95, 42, 12, 93, 5, 78, 86, 98, 18, 20, 35, 3, 97, 91, 76, 10, 85, 54, 45, 63, 71, 66, 1, 23, 17, 24, 60, 36, 6, 57, 15, 65, 56, 47, 79, 94, 67, 50, 46, 14, 75, 38, 9, 30, 19, 32, 81, 27, 92, 83, 87, 40, 99, 59, 11, 53, 16, 72, 77, 73, 70, 39, 37, 84, 43, 62, 25, 55, 28, 29, 51, 68, 82, 74, 61, 88, 21, 80, 89, 7, 69, 96, 41, 48, 4, 8, 34, 49, 52, 0, 44, 13, 2, 64, 33]|[1, 1, 1, 1, 0, 2, 1, 1, 2, 2, 2, 1, 0, 1, 2, 2, 1, 2, 0, 1, 2, 2, 2, 0, 0, 1, 2, 1, 2, 1, 2, 1, 1, 0, 1, 1, 0, 2, 2, 1, 1, 0, 0, 0, 0, 1, 1, 1, 1, 2, 1, 2, 2, 0, 0, 2, 1, 0, 0, 2, 0, 1, 2, 2, 1, 1, 1, 1, 1, 1, 0, 1, 1, 0, 0, 0, 0, 0, 2, 1, 1, 0, 0, 1, 1, 1, 2, 2, 0, 1, 1, 2, 0, 1, 0, 0, 0, 0, 2, 2]|[0, 4, 3, 0, 1, 1, 2, 4, 1, 1, 2, 4, 1, 4, 1, 1, 1, 2, 2, 2, 2, 1, 1, 1, 2, 3, 2, 3, 0, 4, 1, 0, 3, 2, 2, 2, 1, 1, 1, 0, 2, 0, 1, 2, 1, 3, 1, 4, 2, 0, 3, 2, 1, 2, 1, 1, 4, 1, 1, 1, 2, 3, 0, 2, 4, 3, 1, 4, 1, 1, 1, 4, 4, 2, 1, 1, 1, 2, 1, 3, 0, 1, 1, 1, 1, 3, 1, 1, 1, 4, 3, 1, 1, 1, 2, 2, 2, 2, 1, 1]|[3, 0, 2, 3, 0, 0, 1, 0, 0, 0, 1, 0, 0, 3, 0, 0, 1, 1, 1, 2, 1, 0, 0, 0, 0, 0, 0, 0, 0, 3, 1, 0, 2, 1, 1, 1, 0, 0, 0, 0, 1, 1, 0, 0, 0, 0, 1, 3, 2, 0, 0, 1, 0, 1, 0, 0, 2, 0, 0, 0, 1, 2, 1, 1, 0, 0, 1, 1, 3, 3, 0, 3, 3, 1, 0, 0, 0, 1, 0, 0, 0, 0, 0, 1, 2, 2, 0, 0, 0, 0, 2, 0, 1, 1, 0, 0, 0, 0, 0, 0],705.0470749739228,58445.79123614564,95781.2895945797,false
43,G4_BALANCED,G4_BALANCED,[31, 22, 82, 15, 26, 58, 95, 42, 77, 12, 47, 5, 93, 78, 98, 54, 85, 63, 18, 44, 20, 35, 43, 97, 91, 76, 10, 30, 21, 45, 71, 64, 1, 23, 17, 83, 24, 14, 60, 36, 6, 57, 94, 88, 65, 56, 79, 40, 67, 68, 46, 75, 38, 9, 19, 32, 81, 41, 27, 62, 87, 90, 99, 59, 11, 16, 72, 73, 70, 39, 37, 84, 3, 92, 25, 50, 28, 29, 51, 7, 33, 61, 86, 66, 89, 55, 48, 96, 53, 80, 4, 8, 34, 49, 52, 0, 13, 2, 69, 74]|[1, 1, 0, 1, 1, 1, 2, 1, 2, 1, 2, 2, 2, 1, 1, 0, 0, 1, 0, 2, 2, 0, 1, 2, 0, 1, 2, 2, 0, 0, 1, 2, 1, 2, 1, 0, 2, 0, 1, 1, 0, 1, 1, 1, 0, 2, 1, 1, 0, 0, 0, 0, 1, 1, 2, 1, 2, 0, 0, 0, 2, 1, 0, 1, 2, 1, 2, 1, 1, 1, 1, 1, 2, 0, 1, 0, 0, 0, 0, 1, 2, 1, 0, 2, 1, 2, 0, 0, 0, 0, 0, 1, 2, 0, 1, 0, 0, 0, 1, 2]|[4, 3, 2, 2, 0, 0, 2, 2, 2, 4, 1, 1, 2, 4, 4, 1, 1, 4, 2, 1, 1, 1, 1, 2, 1, 2, 1, 1, 1, 1, 3, 2, 3, 1, 4, 0, 1, 1, 0, 3, 2, 2, 4, 0, 1, 1, 0, 2, 0, 1, 2, 2, 1, 4, 0, 3, 2, 1, 1, 2, 1, 3, 1, 1, 1, 3, 1, 4, 3, 1, 4, 1, 1, 0, 4, 1, 2, 1, 1, 3, 1, 3, 1, 1, 1, 1, 1, 1, 2, 1, 2, 3, 1, 1, 1, 2, 2, 2, 3, 1]|[0, 2, 1, 1, 3, 3, 0, 1, 0, 0, 0, 0, 1, 0, 1, 0, 0, 3, 1, 0, 0, 0, 3, 1, 0, 2, 0, 0, 0, 1, 0, 0, 0, 0, 3, 0, 1, 0, 0, 2, 1, 1, 2, 0, 0, 0, 0, 1, 1, 0, 0, 0, 1, 3, 0, 0, 1, 0, 0, 1, 0, 2, 0, 1, 0, 2, 0, 0, 0, 1, 1, 3, 0, 1, 3, 0, 1, 0, 0, 2, 0, 0, 0, 0, 1, 0, 0, 0, 1, 0, 1, 2, 0, 1, 1, 0, 0, 0, 0, 0],807.9611331918658,57165.13555491244,90797.66942117897,false
43,G2_TEC,G2_TEC,[31, 22, 82, 15, 26, 9, 95, 42, 77, 68, 47, 5, 93, 78, 86, 54, 85, 63, 18, 44, 20, 49, 36, 14, 74, 50, 53, 17, 21, 28, 11, 64, 3, 23, 30, 83, 24, 41, 40, 52, 65, 27, 90, 70, 39, 87, 48, 69, 99, 4, 75, 1, 13, 58, 97, 59, 45, 8, 73, 37, 35, 79, 71, 66, 76, 32, 60, 80, 56, 6, 67, 61, 33, 7, 57, 34, 12, 16, 10, 94, 96, 88, 43, 46, 91, 2, 84, 29, 92, 19, 51, 89, 81, 25, 55, 72, 98, 38, 0, 62]|[2, 1, 2, 1, 1, 2, 1, 1, 1, 1, 1, 0, 2, 2, 1, 2, 0, 0, 0, 2, 2, 1, 0, 2, 0, 2, 2, 1, 0, 1, 1, 1, 0, 0, 1, 0, 2, 1, 2, 2, 0, 0, 1, 1, 0, 2, 0, 2, 1, 0, 0, 2, 0, 0, 2, 0, 1, 1, 0, 0, 2, 1, 1, 2, 2, 0, 2, 2, 2, 1, 2, 1, 1, 2, 0, 1, 1, 2, 1, 2, 0, 1, 1, 0, 1, 0, 0, 1, 0, 1, 1, 1, 1, 1, 0, 1, 2, 0, 2, 1]|[0, 3, 0, 3, 4, 1, 4, 4, 2, 4, 3, 2, 1, 0, 2, 1, 1, 1, 2, 1, 1, 3, 0, 1, 0, 1, 1, 4, 1, 4, 3, 2, 2, 0, 4, 1, 1, 4, 1, 1, 2, 1, 4, 4, 1, 1, 0, 1, 3, 2, 2, 1, 2, 1, 1, 2, 4, 3, 0, 2, 2, 3, 3, 1, 1, 2, 1, 1, 1, 4, 1, 3, 4, 1, 2, 4, 3, 1, 3, 1, 2, 4, 4, 2, 3, 2, 2, 3, 2, 4, 3, 4, 4, 4, 2, 4, 1, 2, 1, 3]|[0, 2, 0, 0, 3, 0, 1, 3, 0, 0, 2, 0, 1, 0, 1, 0, 0, 0, 1, 0, 0, 2, 0, 0, 1, 0, 0, 3, 0, 1, 0, 2, 0, 0, 3, 0, 1, 1, 0, 0, 0, 0, 1, 3, 0, 0, 1, 0, 2, 0, 0, 0, 0, 0, 1, 0, 1, 0, 1, 1, 0, 2, 0, 0, 0, 0, 0, 0, 0, 2, 0, 0, 1, 0, 0, 1, 0, 0, 3, 0, 0, 1, 2, 0, 0, 0, 0, 3, 0, 1, 0, 1, 2, 3, 0, 1, 0, 0, 0, 0],900.7357371583179,49127.8910864123,106649.60962791642,false
43,G3_TWC,G3_TWC,[31, 22, 82, 15, 26, 58, 95, 42, 77, 12, 47, 5, 93, 78, 98, 54, 85, 63, 18, 44, 20, 35, 43, 97, 91, 76, 10, 30, 21, 45, 71, 64, 1, 23, 17, 83, 24, 14, 60, 36, 6, 57, 94, 88, 65, 56, 79, 40, 67, 68, 46, 75, 39, 9, 19, 32, 81, 96, 27, 62, 87, 90, 99, 59, 11, 16, 72, 73, 70, 38, 37, 84, 3, 92, 25, 55, 28, 29, 51, 7, 33, 61, 86, 48, 89, 50, 69, 41, 53, 80, 4, 8, 34, 49, 52, 0, 13, 74, 2, 66]|[1, 1, 0, 1, 1, 1, 2, 1, 2, 1, 2, 2, 2, 1, 1, 0, 0, 1, 0, 2, 2, 0, 1, 2, 0, 1, 2, 2, 0, 0, 1, 2, 1, 2, 1, 0, 2, 0, 1, 1, 0, 1, 1, 1, 0, 2, 1, 1, 0, 0, 0, 0, 1, 1, 2, 1, 2, 0, 0, 0, 2, 1, 0, 1, 2, 1, 2, 1, 1, 1, 1, 1, 2, 0, 1, 1, 0, 0, 0, 1, 2, 1, 0, 0, 1, 0, 2, 0, 0, 0, 0, 1, 2, 0, 1, 0, 0, 0, 0, 2]|[4, 3, 2, 2, 0, 0, 2, 2, 2, 4, 1, 1, 2, 4, 4, 1, 1, 4, 2, 1, 1, 1, 1, 2, 1, 2, 1, 1, 1, 1, 3, 2, 3, 0, 4, 0, 1, 1, 0, 3, 2, 2, 4, 0, 1, 1, 0, 2, 0, 1, 2, 2, 1, 4, 0, 3, 2, 1, 1, 2, 1, 3, 1, 1, 1, 3, 0, 4, 3, 1, 4, 1, 1, 2, 4, 4, 2, 1, 1, 3, 1, 3, 1, 1, 1, 1, 1, 1, 2, 1, 2, 3, 1, 1, 1, 2, 2, 2, 2, 1]|[0, 2, 1, 1, 3, 3, 0, 1, 0, 0, 0, 0, 1, 0, 1, 0, 0, 3, 1, 0, 0, 0, 3, 1, 0, 2, 0, 0, 0, 1, 0, 0, 0, 0, 3, 0, 1, 0, 0, 2, 1, 1, 2, 0, 0, 0, 0, 1, 1, 0, 0, 0, 1, 3, 0, 0, 1, 0, 0, 1, 0, 2, 0, 1, 0, 2, 1, 0, 0, 1, 1, 3, 0, 1, 3, 3, 1, 0, 0, 2, 0, 0, 0, 0, 1, 0, 0, 0, 1, 0, 1, 2, 0, 1, 1, 0, 0, 0, 0, 0],833.2154215640596,57825.44465227681,88905.52377856613,false
43,G1_CMAX,G1_CMAX,[31, 22, 90, 26, 58, 95, 42, 12, 93, 5, 78, 86, 98, 18, 20, 35, 3, 97, 91, 76, 10, 85, 54, 45, 63, 71, 66, 1, 23, 17, 24, 60, 36, 6, 57, 15, 65, 56, 47, 79, 94, 67, 50, 46, 14, 75, 38, 9, 30, 19, 32, 81, 27, 92, 83, 87, 40, 99, 59, 11, 53, 16, 72, 77, 73, 70, 39, 37, 84, 43, 62, 25, 55, 28, 29, 51, 68, 82, 74, 61, 88, 21, 80, 89, 7, 69, 96, 41, 48, 4, 8, 34, 49, 52, 0, 44, 13, 2, 64, 33]|[1, 1, 1, 1, 0, 2, 1, 1, 2, 2, 2, 1, 0, 1, 2, 2, 1, 2, 0, 1, 2, 2, 2, 0, 0, 1, 2, 1, 2, 1, 2, 1, 1, 0, 1, 1, 0, 2, 2, 1, 1, 0, 0, 0, 0, 1, 1, 1, 1, 2, 1, 2, 2, 0, 0, 2, 1, 0, 0, 2, 0, 1, 2, 2, 1, 1, 1, 1, 1, 1, 0, 1, 1, 0, 0, 0, 0, 0, 2, 1, 1, 0, 0, 1, 1, 1, 2, 2, 0, 1, 1, 2, 0, 1, 0, 0, 0, 0, 2, 2]|[0, 4, 3, 0, 1, 1, 2, 4, 1, 1, 2, 4, 1, 4, 1, 1, 1, 2, 2, 2, 2, 1, 1, 1, 2, 3, 2, 3, 0, 4, 1, 0, 3, 2, 2, 2, 1, 1, 1, 0, 2, 0, 1, 2, 1, 3, 1, 4, 2, 0, 3, 2, 1, 2, 1, 1, 4, 1, 1, 1, 2, 3, 0, 2, 4, 3, 1, 4, 1, 1, 1, 4, 4, 2, 1, 1, 1, 2, 1, 3, 0, 1, 1, 1, 1, 3, 1, 1, 1, 4, 3, 1, 1, 1, 2, 2, 2, 2, 1, 1]|[3, 0, 2, 3, 0, 0, 1, 0, 0, 0, 1, 0, 0, 3, 0, 0, 1, 1, 1, 2, 1, 0, 0, 0, 0, 0, 0, 0, 0, 3, 1, 0, 2, 1, 1, 1, 0, 0, 0, 0, 1, 1, 0, 0, 0, 0, 1, 3, 2, 0, 0, 1, 0, 1, 0, 0, 2, 0, 0, 0, 1, 2, 1, 1, 0, 0, 1, 1, 3, 3, 0, 3, 3, 1, 0, 0, 0, 1, 0, 0, 0, 0, 0, 1, 2, 2, 0, 0, 0, 0, 2, 0, 1, 1, 0, 0, 0, 0, 0, 0],705.0470749739228,58445.79123614564,95781.2895945797,false
43,G4_BALANCED,G4_BALANCED,[31, 22, 82, 15, 26, 58, 95, 42, 77, 12, 47, 5, 93, 78, 86, 54, 85, 63, 18, 72, 20, 35, 43, 97, 91, 76, 10, 30, 21, 45, 71, 64, 1, 23, 17, 83, 24, 14, 60, 36, 6, 57, 40, 88, 65, 56, 79, 94, 67, 41, 68, 75, 38, 9, 19, 32, 81, 55, 27, 62, 87, 90, 99, 59, 11, 16, 44, 73, 70, 39, 37, 84, 3, 92, 25, 46, 28, 29, 51, 7, 66, 61, 98, 48, 89, 50, 4, 96, 53, 80, 8, 33, 34, 2, 52, 13, 0, 69, 74, 49]|[1, 1, 0, 1, 1, 0, 1, 1, 2, 1, 2, 2, 2, 1, 1, 0, 0, 1, 0, 2, 2, 0, 1, 2, 0, 1, 2, 2, 0, 0, 1, 2, 1, 2, 1, 0, 2, 0, 1, 1, 0, 1, 1, 1, 0, 2, 1, 1, 0, 0, 0, 0, 1, 1, 2, 1, 2, 0, 0, 2, 2, 1, 1, 2, 2, 1, 2, 1, 1, 1, 1, 1, 1, 0, 1, 0, 0, 0, 0, 1, 2, 1, 2, 0, 1, 0, 1, 2, 0, 0, 1, 2, 2, 0, 1, 0, 0, 1, 2, 0]|[4, 3, 2, 2, 4, 1, 2, 3, 2, 4, 1, 1, 2, 4, 4, 1, 2, 4, 2, 1, 1, 1, 1, 2, 1, 2, 1, 1, 2, 1, 3, 2, 3, 1, 4, 0, 1, 1, 0, 3, 2, 2, 2, 0, 1, 1, 0, 4, 0, 1, 2, 2, 1, 4, 0, 3, 2, 1, 1, 1, 1, 3, 1, 1, 1, 3, 1, 4, 3, 1, 4, 1, 1, 0, 4, 2, 2, 1, 1, 1, 1, 3, 1, 1, 1, 1, 4, 1, 2, 1, 3, 1, 1, 2, 1, 2, 2, 4, 1, 1]|[0, 2, 1, 1, 3, 0, 1, 3, 0, 0, 0, 0, 1, 0, 1, 0, 0, 3, 1, 0, 0, 0, 3, 1, 0, 2, 0, 0, 0, 1, 0, 0, 0, 0, 3, 0, 1, 0, 0, 2, 1, 1, 1, 0, 0, 0, 0, 2, 1, 0, 0, 0, 1, 3, 0, 0, 1, 0, 0, 0, 0, 2, 1, 0, 0, 2, 0, 0, 0, 1, 1, 3, 1, 1, 3, 0, 1, 0, 0, 2, 0, 0, 0, 0, 1, 0, 0, 0, 1, 0, 2, 0, 0, 0, 1, 0, 0, 2, 0, 1],747.1438989226004,55733.55354576636,94625.20584372425,false
43,G2_TEC,G2_TEC,[31, 22, 82, 15, 26, 9, 95, 42, 77, 68, 47, 5, 93, 78, 86, 54, 85, 63, 18, 44, 20, 49, 36, 14, 74, 50, 53, 17, 21, 28, 11, 64, 3, 23, 30, 83, 24, 41, 40, 52, 65, 27, 90, 70, 39, 87, 48, 69, 99, 4, 75, 1, 13, 58, 97, 59, 45, 8, 73, 37, 35, 79, 71, 66, 76, 32, 60, 80, 56, 6, 67, 61, 33, 7, 57, 34, 12, 16, 10, 94, 96, 88, 43, 46, 91, 2, 84, 29, 92, 19, 51, 89, 81, 25, 55, 72, 98, 38, 0, 62]|[2, 1, 2, 1, 1, 2, 1, 1, 1, 1, 1, 0, 2, 2, 1, 2, 0, 0, 0, 2, 2, 1, 0, 2, 0, 2, 2, 1, 0, 1, 1, 1, 0, 0, 1, 0, 2, 1, 2, 2, 0, 0, 1, 1, 0, 2, 0, 2, 1, 0, 0, 2, 0, 0, 2, 0, 1, 1, 0, 0, 2, 1, 1, 2, 2, 0, 2, 2, 2, 1, 2, 1, 1, 2, 0, 1, 1, 2, 1, 2, 0, 1, 1, 0, 1, 0, 0, 1, 0, 1, 1, 1, 1, 1, 0, 1, 2, 0, 2, 1]|[0, 3, 0, 3, 4, 1, 4, 4, 2, 4, 3, 2, 1, 0, 2, 1, 1, 1, 2, 1, 1, 3, 0, 1, 0, 1, 1, 4, 1, 4, 3, 2, 2, 0, 4, 1, 1, 4, 1, 1, 2, 1, 4, 4, 1, 1, 0, 1, 3, 2, 2, 1, 2, 1, 1, 2, 4, 3, 0, 2, 2, 3, 3, 1, 1, 2, 1, 1, 1, 4, 1, 3, 4, 1, 2, 4, 3, 1, 3, 1, 2, 4, 4, 2, 3, 2, 2, 3, 2, 4, 3, 4, 4, 4, 2, 4, 1, 2, 1, 3]|[0, 2, 0, 0, 3, 0, 1, 3, 0, 0, 2, 0, 1, 0, 1, 0, 0, 0, 1, 0, 0, 2, 0, 0, 1, 0, 0, 3, 0, 1, 0, 2, 0, 0, 3, 0, 1, 1, 0, 0, 0, 0, 1, 3, 0, 0, 1, 0, 2, 0, 0, 0, 0, 0, 1, 0, 1, 0, 1, 1, 0, 2, 0, 0, 0, 0, 0, 0, 0, 2, 0, 0, 1, 0, 0, 1, 0, 0, 3, 0, 0, 1, 2, 0, 0, 0, 0, 3, 0, 1, 0, 1, 2, 3, 0, 1, 0, 0, 0, 0],900.7357371583179,49127.8910864123,106649.60962791642,false
43,G3_TWC,G4_BALANCED,[31, 22, 82, 15, 26, 58, 95, 42, 77, 12, 47, 5, 93, 78, 98, 54, 85, 63, 18, 44, 20, 35, 43, 97, 91, 76, 10, 30, 21, 45, 71, 64, 1, 23, 17, 83, 24, 14, 60, 36, 6, 57, 94, 88, 65, 56, 79, 40, 67, 68, 46, 75, 80, 9, 19, 32, 81, 96, 27, 62, 87, 90, 99, 59, 11, 16, 72, 73, 70, 38, 37, 84, 3, 92, 25, 55, 28, 29, 51, 7, 33, 61, 86, 48, 89, 50, 66, 41, 53, 39, 4, 8, 34, 49, 52, 0, 13, 2, 69, 74]|[1, 1, 0, 1, 1, 1, 2, 1, 2, 1, 2, 2, 2, 1, 1, 0, 0, 1, 0, 2, 2, 0, 1, 2, 0, 1, 2, 2, 0, 0, 1, 2, 1, 2, 1, 0, 2, 0, 1, 1, 0, 1, 1, 1, 0, 2, 1, 1, 0, 0, 0, 0, 1, 1, 2, 1, 2, 0, 0, 0, 2, 1, 0, 1, 2, 1, 2, 1, 1, 1, 1, 1, 2, 0, 1, 1, 0, 0, 0, 1, 2, 1, 0, 0, 1, 0, 2, 0, 0, 1, 0, 1, 2, 0, 1, 0, 0, 0, 1, 2]|[4, 3, 2, 2, 0, 0, 2, 2, 2, 4, 1, 1, 2, 4, 4, 1, 1, 4, 2, 1, 1, 1, 1, 2, 1, 2, 1, 1, 1, 1, 3, 2, 3, 0, 4, 0, 1, 1, 0, 3, 2, 2, 4, 0, 1, 1, 0, 2, 0, 1, 2, 2, 1, 4, 0, 3, 2, 1, 1, 2, 1, 3, 1, 1, 1, 3, 0, 4, 3, 1, 4, 1, 1, 2, 4, 4, 2, 1, 1, 3, 1, 3, 1, 1, 1, 1, 1, 1, 2, 1, 2, 3, 1, 1, 1, 2, 2, 2, 3, 1]|[0, 2, 1, 1, 3, 3, 0, 1, 0, 0, 0, 0, 1, 0, 1, 0, 0, 3, 1, 0, 0, 0, 3, 1, 0, 2, 0, 0, 0, 1, 0, 0, 0, 0, 3, 0, 1, 0, 0, 2, 1, 1, 2, 0, 0, 0, 0, 1, 1, 0, 0, 0, 1, 3, 0, 0, 1, 0, 0, 1, 0, 2, 0, 1, 0, 2, 1, 0, 0, 1, 1, 3, 0, 1, 3, 3, 1, 0, 0, 2, 0, 0, 0, 0, 1, 0, 0, 0, 1, 1, 1, 2, 0, 1, 1, 0, 0, 0, 0, 0],777.9516210139931,58119.132034200775,89181.84173841789,true
43,G1_CMAX,G3_TWC,[31, 22, 82, 15, 26, 58, 95, 42, 77, 12, 47, 5, 93, 78, 98, 54, 85, 63, 18, 44, 20, 35, 43, 97, 91, 76, 10, 30, 21, 45, 71, 64, 1, 86, 17, 83, 24, 14, 60, 36, 6, 57, 94, 88, 65, 56, 79, 40, 67, 68, 46, 75, 39, 9, 19, 32, 81, 96, 27, 62, 87, 90, 99, 59, 11, 16, 72, 73, 70, 38, 37, 84, 3, 92, 25, 55, 28, 29, 51, 7, 33, 61, 23, 48, 89, 50, 69, 41, 53, 80, 4, 8, 34, 49, 52, 0, 13, 2, 66, 74]|[1, 1, 0, 1, 1, 1, 2, 1, 2, 1, 2, 2, 2, 1, 1, 0, 0, 1, 0, 2, 2, 0, 1, 2, 0, 1, 2, 2, 0, 0, 1, 2, 1, 0, 1, 0, 2, 0, 1, 1, 0, 1, 1, 1, 0, 2, 1, 1, 0, 0, 0, 0, 1, 1, 2, 1, 2, 0, 0, 0, 2, 1, 0, 1, 2, 1, 2, 1, 1, 1, 1, 1, 2, 0, 1, 1, 0, 0, 0, 1, 2, 1, 0, 0, 1, 0, 2, 2, 0, 0, 0, 1, 2, 0, 1, 0, 0, 0, 2, 0]|[4, 3, 2, 2, 0, 0, 2, 2, 2, 4, 1, 1, 2, 4, 4, 1, 1, 4, 2, 1, 1, 1, 1, 2, 1, 2, 1, 1, 1, 1, 3, 2, 3, 1, 4, 0, 1, 1, 0, 3, 2, 2, 4, 0, 1, 1, 0, 2, 0, 1, 2, 2, 1, 4, 0, 3, 2, 1, 1, 2, 1, 3, 1, 1, 1, 3, 0, 4, 3, 1, 4, 1, 1, 2, 4, 4, 2, 1, 1, 3, 1, 3, 1, 1, 1, 1, 1, 1, 2, 1, 2, 3, 1, 1, 1, 2, 2, 2, 1, 2]|[0, 2, 1, 1, 3, 3, 0, 1, 0, 0, 0, 0, 1, 0, 1, 0, 0, 3, 1, 0, 0, 0, 3, 1, 0, 2, 0, 0, 0, 1, 0, 0, 0, 0, 3, 0, 1, 0, 0, 2, 1, 1, 2, 0, 0, 0, 0, 1, 1, 0, 0, 0, 1, 3, 0, 0, 1, 0, 0, 1, 0, 2, 0, 1, 0, 2, 1, 0, 0, 1, 1, 3, 0, 1, 3, 3, 1, 0, 0, 2, 0, 0, 0, 0, 1, 0, 0, 0, 1, 0, 1, 2, 0, 1, 1, 0, 0, 0, 0, 0],879.5414655300663,57216.89107430068,89498.73051433628,true
43,G4_BALANCED,G3_TWC,[31, 22, 82, 15, 26, 58, 95, 42, 77, 12, 47, 5, 93, 78, 86, 54, 85, 63, 18, 44, 20, 35, 43, 97, 66, 76, 10, 30, 21, 45, 71, 64, 1, 23, 17, 83, 24, 14, 60, 36, 6, 57, 40, 88, 16, 56, 79, 94, 67, 68, 46, 75, 38, 9, 19, 32, 41, 81, 27, 62, 87, 90, 99, 59, 11, 65, 72, 73, 69, 39, 37, 84, 3, 92, 25, 55, 29, 28, 51, 7, 33, 61, 98, 91, 89, 50, 48, 96, 53, 80, 4, 8, 34, 49, 52, 0, 13, 2, 70, 74]|[1, 1, 0, 1, 1, 1, 1, 2, 2, 1, 2, 2, 2, 1, 1, 0, 0, 1, 0, 2, 2, 0, 1, 2, 2, 1, 2, 2, 0, 0, 1, 2, 1, 2, 1, 0, 2, 0, 1, 1, 0, 1, 1, 1, 0, 2, 1, 1, 0, 0, 0, 0, 1, 1, 2, 1, 0, 2, 0, 0, 2, 1, 0, 1, 2, 0, 2, 1, 1, 1, 1, 1, 1, 0, 1, 1, 0, 0, 0, 1, 2, 1, 2, 0, 1, 0, 0, 0, 0, 0, 0, 0, 2, 0, 1, 0, 0, 0, 1, 2]|[4, 3, 2, 2, 0, 0, 2, 2, 2, 4, 1, 1, 2, 4, 4, 1, 1, 4, 2, 1, 1, 1, 1, 2, 1, 2, 1, 1, 1, 1, 3, 1, 3, 1, 4, 0, 1, 1, 0, 3, 2, 2, 2, 0, 1, 1, 0, 4, 0, 1, 2, 2, 1, 4, 0, 3, 1, 1, 1, 2, 1, 3, 1, 1, 1, 1, 0, 4, 3, 1, 4, 1, 1, 2, 4, 4, 1, 2, 1, 3, 1, 3, 1, 1, 1, 1, 1, 1, 2, 1, 2, 1, 1, 1, 1, 2, 2, 2, 3, 1]|[0, 2, 1, 1, 3, 3, 1, 0, 0, 0, 0, 0, 1, 0, 1, 0, 0, 3, 1, 0, 0, 0, 3, 1, 0, 2, 0, 0, 0, 1, 0, 0, 0, 0, 3, 0, 1, 0, 0, 2, 1, 1, 1, 0, 0, 0, 0, 2, 1, 0, 0, 0, 1, 3, 0, 0, 0, 0, 0, 1, 0, 2, 0, 1, 0, 0, 1, 0, 0, 1, 1, 3, 1, 1, 3, 3, 0, 1, 0, 2, 0, 0, 0, 0, 1, 0, 0, 0, 1, 0, 1, 0, 0, 1, 1, 0, 0, 0, 0, 0],828.8861652304231,56909.42851562929,90738.43397177712,true
43,G2_TEC,G2_TEC,[31, 22, 82, 15, 26, 9, 95, 42, 77, 68, 47, 5, 93, 78, 86, 54, 85, 63, 18, 44, 20, 49, 36, 14, 74, 50, 53, 17, 21, 28, 11, 64, 3, 23, 30, 83, 24, 41, 40, 52, 65, 27, 90, 70, 39, 87, 48, 69, 99, 4, 75, 1, 13, 58, 97, 59, 45, 8, 73, 37, 35, 79, 71, 66, 76, 32, 60, 80, 56, 6, 67, 61, 33, 7, 57, 34, 12, 16, 10, 94, 96, 88, 43, 46, 91, 2, 84, 29, 92, 19, 51, 89, 81, 25, 55, 72, 98, 38, 0, 62]|[2, 1, 2, 1, 1, 2, 1, 1, 1, 1, 1, 0, 2, 2, 1, 2, 0, 0, 0, 2, 2, 1, 0, 2, 0, 2, 2, 1, 0, 1, 1, 1, 0, 0, 1, 0, 2, 1, 2, 2, 0, 0, 1, 1, 0, 2, 0, 2, 1, 0, 0, 2, 0, 0, 2, 0, 1, 1, 0, 0, 2, 1, 1, 2, 2, 0, 2, 2, 2, 1, 2, 1, 1, 2, 0, 1, 1, 2, 1, 2, 0, 1, 1, 0, 1, 0, 0, 1, 0, 1, 1, 1, 1, 1, 0, 1, 2, 0, 2, 1]|[0, 3, 0, 3, 4, 1, 4, 4, 2, 4, 3, 2, 1, 0, 2, 1, 1, 1, 2, 1, 1, 3, 0, 1, 0, 1, 1, 4, 1, 4, 3, 2, 2, 0, 4, 1, 1, 4, 1, 1, 2, 1, 4, 4, 1, 1, 0, 1, 3, 2, 2, 1, 2, 1, 1, 2, 4, 3, 0, 2, 2, 3, 3, 1, 1, 2, 1, 1, 1, 4, 1, 3, 4, 1, 2, 4, 3, 1, 3, 1, 2, 4, 4, 2, 3, 2, 2, 3, 2, 4, 3, 4, 4, 4, 2, 4, 1, 2, 1, 3]|[0, 2, 0, 0, 3, 0, 1, 3, 0, 0, 2, 0, 1, 0, 1, 0, 0, 0, 1, 0, 0, 2, 0, 0, 1, 0, 0, 3, 0, 1, 0, 2, 0, 0, 3, 0, 1, 1, 0, 0, 0, 0, 1, 3, 0, 0, 1, 0, 2, 0, 0, 0, 0, 0, 1, 0, 1, 0, 1, 1, 0, 2, 0, 0, 0, 0, 0, 0, 0, 2, 0, 0, 1, 0, 0, 1, 0, 0, 3, 0, 0, 1, 2, 0, 0, 0, 0, 3, 0, 1, 0, 1, 2, 3, 0, 1, 0, 0, 0, 0],900.7357371583179,49127.8910864123,106649.60962791642,false
43,G3_TWC,G4_BALANCED,[31, 22, 82, 15, 26, 58, 95, 42, 77, 12, 47, 5, 93, 78, 98, 54, 85, 63, 18, 44, 20, 35, 43, 97, 91, 76, 10, 30, 21, 45, 71, 64, 1, 23, 17, 83, 24, 14, 60, 36, 6, 57, 94, 88, 65, 56, 79, 40, 67, 68, 46, 75, 80, 9, 19, 32, 81, 96, 27, 62, 87, 90, 99, 59, 11, 16, 72, 73, 70, 38, 37, 84, 3, 92, 25, 55, 28, 29, 51, 7, 33, 61, 86, 48, 89, 50, 66, 41, 53, 39, 4, 8, 34, 49, 52, 0, 13, 2, 69, 74]|[1, 1, 0, 1, 1, 1, 2, 1, 2, 1, 2, 2, 2, 1, 1, 0, 0, 1, 0, 2, 2, 0, 1, 2, 0, 1, 2, 2, 0, 0, 1, 2, 1, 2, 1, 0, 2, 0, 1, 1, 0, 1, 1, 1, 0, 2, 1, 1, 0, 0, 0, 0, 1, 1, 2, 1, 2, 0, 0, 0, 2, 1, 0, 1, 2, 1, 2, 1, 1, 1, 1, 1, 2, 0, 1, 1, 0, 0, 0, 1, 2, 1, 0, 0, 1, 0, 2, 0, 0, 1, 0, 1, 2, 0, 1, 0, 0, 0, 1, 2]|[4, 3, 2, 2, 0, 0, 2, 2, 2, 4, 1, 1, 2, 4, 4, 1, 1, 4, 2, 1, 1, 1, 1, 2, 1, 2, 1, 1, 1, 1, 3, 2, 3, 0, 4, 0, 1, 1, 0, 3, 2, 2, 4, 0, 1, 1, 0, 2, 0, 1, 2, 2, 1, 4, 0, 3, 2, 1, 1, 2, 1, 3, 1, 1, 1, 3, 0, 4, 3, 1, 4, 1, 1, 2, 4, 4, 2, 1, 1, 3, 1, 3, 1, 1, 1, 1, 1, 1, 2, 1, 2, 3, 1, 1, 1, 2, 2, 2, 3, 1]|[0, 2, 1, 1, 3, 3, 0, 1, 0, 0, 0, 0, 1, 0, 1, 0, 0, 3, 1, 0, 0, 0, 3, 1, 0, 2, 0, 0, 0, 1, 0, 0, 0, 0, 3, 0, 1, 0, 0, 2, 1, 1, 2, 0, 0, 0, 0, 1, 1, 0, 0, 0, 1, 3, 0, 0, 1, 0, 0, 1, 0, 2, 0, 1, 0, 2, 1, 0, 0, 1, 1, 3, 0, 1, 3, 3, 1, 0, 0, 2, 0, 0, 0, 0, 1, 0, 0, 0, 1, 1, 1, 2, 0, 1, 1, 0, 0, 0, 0, 0],777.9516210139931,58119.132034200775,89181.84173841789,true
43,G1_CMAX,G4_BALANCED,[31, 22, 82, 15, 26, 9, 95, 42, 77, 68, 47, 5, 93, 78, 86, 54, 85, 63, 18, 44, 20, 49, 36, 14, 74, 50, 53, 17, 21, 28, 71, 64, 3, 23, 30, 83, 24, 41, 60, 52, 65, 27, 90, 70, 39, 87, 48, 69, 99, 4, 46, 1, 13, 58, 97, 59, 45, 8, 73, 37, 35, 79, 11, 66, 76, 32, 40, 80, 96, 6, 16, 61, 33, 7, 57, 34, 12, 67, 10, 98, 56, 88, 29, 75, 91, 38, 19, 92, 43, 2, 55, 72, 81, 25, 84, 51, 62, 89, 94, 0]|[2, 1, 2, 1, 1, 2, 1, 1, 1, 1, 1, 0, 2, 2, 1, 2, 0, 0, 0, 2, 2, 1, 0, 2, 0, 2, 2, 1, 0, 1, 1, 1, 0, 0, 1, 0, 2, 1, 2, 2, 0, 0, 1, 1, 0, 2, 0, 2, 1, 0, 0, 2, 0, 0, 2, 0, 1, 1, 0, 0, 2, 1, 0, 2, 2, 0, 2, 2, 0, 1, 2, 1, 1, 2, 0, 1, 1, 1, 1, 2, 2, 1, 1, 0, 1, 0, 1, 0, 1, 2, 0, 1, 1, 1, 0, 1, 1, 1, 2, 0]|[0, 3, 0, 3, 4, 1, 4, 4, 2, 4, 3, 2, 1, 0, 2, 1, 1, 1, 2, 1, 1, 3, 0, 1, 0, 1, 1, 4, 1, 4, 3, 2, 2, 0, 4, 1, 1, 4, 0, 1, 2, 1, 4, 4, 1, 1, 0, 2, 3, 1, 2, 1, 2, 1, 1, 2, 4, 3, 0, 2, 2, 3, 1, 0, 1, 2, 0, 1, 2, 4, 1, 3, 4, 1, 2, 4, 3, 3, 3, 1, 1, 4, 3, 2, 3, 2, 4, 2, 3, 1, 2, 4, 1, 4, 2, 3, 3, 4, 1, 2]|[0, 2, 0, 0, 3, 0, 1, 3, 0, 0, 2, 0, 1, 0, 1, 0, 0, 0, 1, 0, 0, 2, 0, 0, 1, 0, 0, 3, 0, 1, 0, 2, 0, 1, 3, 0, 1, 3, 0, 0, 0, 0, 1, 3, 0, 0, 1, 0, 2, 0, 0, 0, 0, 0, 1, 0, 1, 0, 1, 1, 0, 2, 0, 0, 0, 0, 0, 0, 0, 2, 0, 0, 1, 0, 0, 1, 0, 0, 3, 0, 0, 1, 0, 0, 0, 0, 3, 0, 3, 0, 0, 2, 1, 3, 0, 0, 0, 1, 0, 0],855.0943538544129,51546.39699852298,110959.41762027839,true
43,G4_BALANCED,G4_BALANCED,[31, 22, 82, 15, 26, 58, 95, 42, 77, 12, 47, 5, 93, 78, 86, 54, 85, 63, 18, 72, 20, 35, 43, 97, 91, 76, 10, 30, 21, 45, 71, 64, 1, 23, 17, 83, 24, 14, 60, 36, 6, 57, 40, 88, 65, 56, 79, 94, 67, 41, 68, 75, 38, 9, 19, 32, 81, 55, 27, 62, 87, 90, 99, 59, 11, 16, 44, 73, 70, 39, 37, 84, 3, 92, 25, 46, 28, 29, 51, 7, 66, 61, 98, 48, 89, 50, 4, 96, 53, 80, 8, 33, 34, 2, 52, 13, 0, 69, 74, 49]|[1, 1, 0, 1, 1, 0, 1, 1, 2, 1, 2, 2, 2, 1, 1, 0, 0, 1, 0, 2, 2, 0, 1, 2, 0, 1, 2, 2, 0, 0, 1, 2, 1, 2, 1, 0, 2, 0, 1, 1, 0, 1, 1, 1, 0, 2, 1, 1, 0, 0, 0, 0, 1, 1, 2, 1, 2, 0, 0, 2, 2, 1, 1, 2, 2, 1, 2, 1, 1, 1, 1, 1, 1, 0, 1, 0, 0, 0, 0, 1, 2, 1, 2, 0, 1, 0, 1, 2, 0, 0, 1, 2, 2, 0, 1, 0, 0, 1, 2, 0]|[4, 3, 2, 2, 4, 1, 2, 3, 2, 4, 1, 1, 2, 4, 4, 1, 2, 4, 2, 1, 1, 1, 1, 2, 1, 2, 1, 1, 2, 1, 3, 2, 3, 1, 4, 0, 1, 1, 0, 3, 2, 2, 2, 0, 1, 1, 0, 4, 0, 1, 2, 2, 1, 4, 0, 3, 2, 1, 1, 1, 1, 3, 1, 1, 1, 3, 1, 4, 3, 1, 4, 1, 1, 0, 4, 2, 2, 1, 1, 1, 1, 3, 1, 1, 1, 1, 4, 1, 2, 1, 3, 1, 1, 2, 1, 2, 2, 4, 1, 1]|[0, 2, 1, 1, 3, 0, 1, 3, 0, 0, 0, 0, 1, 0, 1, 0, 0, 3, 1, 0, 0, 0, 3, 1, 0, 2, 0, 0, 0, 1, 0, 0, 0, 0, 3, 0, 1, 0, 0, 2, 1, 1, 1, 0, 0, 0, 0, 2, 1, 0, 0, 0, 1, 3, 0, 0, 1, 0, 0, 0, 0, 2, 1, 0, 0, 2, 0, 0, 0, 1, 1, 3, 1, 1, 3, 0, 1, 0, 0, 2, 0, 0, 0, 0, 1, 0, 0, 0, 1, 0, 2, 0, 0, 0, 1, 0, 0, 2, 0, 1],747.1438989226004,55733.55354576636,94625.20584372425,false
43,G2_TEC,G2_TEC,[31, 22, 82, 15, 26, 9, 95, 42, 77, 68, 47, 5, 93, 78, 86, 54, 85, 63, 18, 44, 20, 49, 36, 14, 74, 50, 53, 17, 21, 28, 11, 64, 3, 23, 30, 83, 24, 41, 40, 52, 65, 27, 90, 70, 39, 87, 48, 69, 99, 4, 75, 1, 13, 58, 97, 59, 45, 8, 73, 37, 35, 79, 71, 66, 76, 32, 60, 80, 56, 6, 67, 61, 33, 7, 57, 34, 12, 16, 10, 94, 96, 88, 43, 46, 91, 2, 84, 29, 92, 19, 51, 89, 81, 25, 55, 72, 98, 38, 0, 62]|[2, 1, 2, 1, 1, 2, 1, 1, 1, 1, 1, 0, 2, 2, 1, 2, 0, 0, 0, 2, 2, 1, 0, 2, 0, 2, 2, 1, 0, 1, 1, 1, 0, 0, 1, 0, 2, 1, 2, 2, 0, 0, 1, 1, 0, 2, 0, 2, 1, 0, 0, 2, 0, 0, 2, 0, 1, 1, 0, 0, 2, 1, 1, 2, 2, 0, 2, 2, 2, 1, 2, 1, 1, 2, 0, 1, 1, 2, 1, 2, 0, 1, 1, 0, 1, 0, 0, 1, 0, 1, 1, 1, 1, 1, 0, 1, 2, 0, 2, 1]|[0, 3, 0, 3, 4, 1, 4, 4, 2, 4, 3, 2, 1, 0, 2, 1, 1, 1, 2, 1, 1, 3, 0, 1, 0, 1, 1, 4, 1, 4, 3, 2, 2, 0, 4, 1, 1, 4, 1, 1, 2, 1, 4, 4, 1, 1, 0, 1, 3, 2, 2, 1, 2, 1, 1, 2, 4, 3, 0, 2, 2, 3, 3, 1, 1, 2, 1, 1, 1, 4, 1, 3, 4, 1, 2, 4, 3, 1, 3, 1, 2, 4, 4, 2, 3, 2, 2, 3, 2, 4, 3, 4, 4, 4, 2, 4, 1, 2, 1, 3]|[0, 2, 0, 0, 3, 0, 1, 3, 0, 0, 2, 0, 1, 0, 1, 0, 0, 0, 1, 0, 0, 2, 0, 0, 1, 0, 0, 3, 0, 1, 0, 2, 0, 0, 3, 0, 1, 1, 0, 0, 0, 0, 1, 3, 0, 0, 1, 0, 2, 0, 0, 0, 0, 0, 1, 0, 1, 0, 1, 1, 0, 2, 0, 0, 0, 0, 0, 0, 0, 2, 0, 0, 1, 0, 0, 1, 0, 0, 3, 0, 0, 1, 2, 0, 0, 0, 0, 3, 0, 1, 0, 1, 2, 3, 0, 1, 0, 0, 0, 0],900.7357371583179,49127.8910864123,106649.60962791642,false
43,G3_TWC,G4_BALANCED,[31, 22, 82, 15, 26, 58, 95, 42, 77, 12, 47, 5, 93, 78, 98, 54, 85, 63, 18, 44, 20, 35, 43, 97, 91, 76, 10, 30, 21, 45, 71, 64, 1, 23, 17, 83, 24, 14, 60, 36, 6, 57, 94, 88, 65, 56, 79, 40, 67, 68, 46, 75, 80, 9, 19, 32, 81, 96, 27, 62, 87, 90, 99, 59, 11, 16, 72, 73, 70, 38, 37, 84, 3, 92, 25, 55, 28, 29, 51, 7, 33, 61, 86, 48, 89, 50, 66, 41, 53, 39, 4, 8, 34, 49, 52, 0, 13, 2, 69, 74]|[1, 1, 0, 1, 1, 1, 2, 1, 2, 1, 2, 2, 2, 1, 1, 0, 0, 1, 0, 2, 2, 0, 1, 2, 0, 1, 2, 2, 0, 0, 1, 2, 1, 2, 1, 0, 2, 0, 1, 1, 0, 1, 1, 1, 0, 2, 1, 1, 0, 0, 0, 0, 1, 1, 2, 1, 2, 0, 0, 0, 2, 1, 0, 1, 2, 1, 2, 1, 1, 1, 1, 1, 2, 0, 1, 1, 0, 0, 0, 1, 2, 1, 0, 0, 1, 0, 2, 0, 0, 1, 0, 1, 2, 0, 1, 0, 0, 0, 1, 2]|[4, 3, 2, 2, 0, 0, 2, 2, 2, 4, 1, 1, 2, 4, 4, 1, 1, 4, 2, 1, 1, 1, 1, 2, 1, 2, 1, 1, 1, 1, 3, 2, 3, 0, 4, 0, 1, 1, 0, 3, 2, 2, 4, 0, 1, 1, 0, 2, 0, 1, 2, 2, 1, 4, 0, 3, 2, 1, 1, 2, 1, 3, 1, 1, 1, 3, 0, 4, 3, 1, 4, 1, 1, 2, 4, 4, 2, 1, 1, 3, 1, 3, 1, 1, 1, 1, 1, 1, 2, 1, 2, 3, 1, 1, 1, 2, 2, 2, 3, 1]|[0, 2, 1, 1, 3, 3, 0, 1, 0, 0, 0, 0, 1, 0, 1, 0, 0, 3, 1, 0, 0, 0, 3, 1, 0, 2, 0, 0, 0, 1, 0, 0, 0, 0, 3, 0, 1, 0, 0, 2, 1, 1, 2, 0, 0, 0, 0, 1, 1, 0, 0, 0, 1, 3, 0, 0, 1, 0, 0, 1, 0, 2, 0, 1, 0, 2, 1, 0, 0, 1, 1, 3, 0, 1, 3, 3, 1, 0, 0, 2, 0, 0, 0, 0, 1, 0, 0, 0, 1, 1, 1, 2, 0, 1, 1, 0, 0, 0, 0, 0],777.9516210139931,58119.132034200775,89181.84173841789,true
43,G1_CMAX,G3_TWC,[31, 22, 82, 15, 26, 58, 95, 42, 77, 12, 47, 5, 93, 78, 98, 54, 85, 63, 18, 44, 20, 35, 43, 97, 91, 76, 10, 30, 21, 45, 71, 64, 1, 92, 17, 83, 24, 14, 60, 36, 6, 57, 94, 88, 65, 56, 79, 40, 67, 68, 46, 75, 38, 9, 19, 32, 81, 96, 27, 62, 87, 90, 99, 59, 11, 16, 72, 73, 7, 39, 37, 84, 3, 23, 25, 55, 28, 29, 51, 70, 33, 61, 86, 48, 89, 50, 66, 41, 53, 80, 4, 8, 34, 49, 52, 0, 13, 2, 69, 74]|[1, 1, 0, 1, 1, 1, 2, 1, 2, 1, 2, 2, 2, 1, 1, 0, 0, 1, 0, 2, 2, 0, 1, 2, 0, 1, 2, 2, 0, 0, 1, 2, 1, 2, 1, 0, 2, 0, 1, 1, 0, 1, 1, 1, 0, 2, 1, 1, 0, 0, 0, 0, 1, 1, 2, 1, 2, 0, 0, 0, 2, 1, 0, 1, 2, 1, 2, 1, 1, 1, 1, 1, 2, 0, 1, 1, 0, 0, 0, 1, 2, 1, 0, 0, 1, 0, 2, 0, 0, 0, 0, 1, 2, 0, 1, 0, 0, 0, 1, 2]|[4, 3, 2, 2, 0, 0, 2, 2, 2, 4, 1, 1, 2, 4, 4, 1, 1, 4, 2, 1, 1, 1, 1, 2, 1, 2, 1, 1, 1, 1, 3, 2, 3, 1, 4, 0, 1, 1, 0, 3, 2, 2, 4, 0, 1, 1, 0, 2, 0, 1, 2, 2, 1, 4, 0, 3, 2, 1, 1, 2, 1, 3, 1, 1, 1, 3, 0, 4, 3, 1, 4, 1, 1, 2, 4, 4, 2, 1, 1, 3, 1, 3, 1, 1, 1, 1, 1, 1, 2, 1, 2, 3, 1, 1, 1, 2, 2, 2, 3, 1]|[0, 2, 1, 1, 3, 3, 0, 1, 0, 0, 0, 0, 1, 0, 1, 0, 0, 3, 1, 0, 0, 0, 3, 1, 0, 2, 0, 0, 0, 1, 0, 0, 0, 0, 3, 0, 1, 0, 0, 2, 1, 1, 2, 0, 0, 0, 0, 1, 1, 0, 0, 0, 1, 3, 0, 0, 1, 0, 0, 1, 0, 2, 0, 1, 0, 2, 1, 0, 2, 1, 1, 3, 0, 1, 3, 3, 1, 0, 0, 0, 0, 0, 0, 0, 1, 0, 0, 0, 1, 0, 1, 2, 0, 1, 1, 0, 0, 0, 0, 0],808.8898876790697,57775.71653520141,89076.49040570857,true
43,G4_BALANCED,G4_BALANCED,[31, 11, 15, 82, 26, 9, 95, 32, 77, 68, 47, 5, 93, 78, 86, 54, 85, 63, 18, 44, 20, 49, 36, 14, 74, 50, 53, 17, 21, 45, 71, 64, 3, 23, 30, 83, 24, 41, 60, 52, 65, 27, 90, 70, 39, 87, 48, 69, 99, 4, 46, 1, 13, 58, 97, 59, 28, 75, 73, 37, 35, 79, 22, 66, 76, 42, 40, 80, 96, 6, 16, 61, 33, 7, 57, 34, 12, 67, 10, 98, 56, 88, 43, 8, 91, 38, 84, 92, 29, 19, 51, 72, 89, 25, 2, 81, 94, 55, 62, 0]|[2, 1, 1, 2, 1, 2, 1, 1, 1, 1, 1, 0, 2, 2, 1, 2, 0, 0, 0, 2, 2, 1, 0, 2, 0, 2, 2, 1, 0, 1, 1, 1, 0, 0, 1, 0, 2, 1, 2, 2, 0, 0, 1, 1, 0, 2, 0, 2, 1, 0, 0, 2, 0, 0, 1, 0, 1, 0, 0, 0, 1, 1, 0, 2, 2, 0, 2, 2, 0, 1, 2, 1, 1, 2, 0, 1, 1, 1, 1, 2, 2, 1, 1, 1, 1, 0, 0, 0, 1, 2, 1, 1, 1, 1, 2, 1, 2, 0, 1, 0]|[0, 3, 2, 0, 4, 1, 4, 4, 2, 4, 3, 2, 1, 0, 2, 1, 1, 1, 2, 1, 1, 3, 0, 1, 0, 1, 1, 4, 1, 4, 3, 2, 2, 0, 4, 1, 1, 4, 0, 1, 2, 1, 4, 4, 1, 1, 0, 2, 3, 2, 2, 1, 2, 1, 4, 2, 4, 2, 0, 2, 3, 3, 1, 0, 1, 2, 0, 1, 2, 4, 1, 3, 4, 1, 2, 4, 3, 3, 3, 1, 1, 4, 4, 3, 3, 2, 2, 2, 3, 1, 3, 4, 4, 4, 1, 1, 1, 2, 3, 2]|[0, 2, 1, 0, 3, 0, 1, 3, 0, 0, 2, 0, 1, 0, 1, 0, 0, 0, 1, 0, 0, 2, 0, 0, 1, 0, 0, 3, 0, 1, 0, 2, 0, 1, 3, 0, 1, 3, 1, 0, 0, 0, 1, 3, 0, 0, 1, 0, 2, 0, 0, 0, 0, 0, 1, 0, 1, 0, 1, 1, 0, 2, 0, 0, 0, 0, 0, 0, 0, 2, 0, 0, 1, 0, 0, 1, 0, 0, 3, 0, 0, 1, 2, 0, 0, 0, 0, 0, 3, 1, 0, 1, 1, 3, 0, 1, 0, 0, 0, 0],846.5351127246619,51659.69094396193,107891.35183337331,false
43,G2_TEC,G2_TEC,[31, 22, 82, 15, 26, 9, 95, 42, 77, 68, 47, 5, 93, 78, 86, 54, 85, 63, 18, 44, 20, 49, 36, 14, 74, 50, 53, 17, 21, 28, 11, 64, 3, 23, 30, 83, 24, 41, 40, 52, 65, 27, 90, 70, 39, 87, 48, 69, 99, 4, 75, 1, 13, 58, 97, 59, 45, 8, 73, 37, 35, 79, 71, 66, 76, 32, 60, 80, 56, 6, 67, 61, 33, 7, 57, 34, 12, 16, 10, 94, 96, 88, 43, 46, 91, 2, 84, 29, 92, 19, 51, 89, 81, 25, 55, 72, 98, 38, 0, 62]|[2, 1, 2, 1, 1, 2, 1, 1, 1, 1, 1, 0, 2, 2, 1, 2, 0, 0, 0, 2, 2, 1, 0, 2, 0, 2, 2, 1, 0, 1, 1, 1, 0, 0, 1, 0, 2, 1, 2, 2, 0, 0, 1, 1, 0, 2, 0, 2, 1, 0, 0, 2, 0, 0, 2, 0, 1, 1, 0, 0, 2, 1, 1, 2, 2, 0, 2, 2, 2, 1, 2, 1, 1, 2, 0, 1, 1, 2, 1, 2, 0, 1, 1, 0, 1, 0, 0, 1, 0, 1, 1, 1, 1, 1, 0, 1, 2, 0, 2, 1]|[0, 3, 0, 3, 4, 1, 4, 4, 2, 4, 3, 2, 1, 0, 2, 1, 1, 1, 2, 1, 1, 3, 0, 1, 0, 1, 1, 4, 1, 4, 3, 2, 2, 0, 4, 1, 1, 4, 1, 1, 2, 1, 4, 4, 1, 1, 0, 1, 3, 2, 2, 1, 2, 1, 1, 2, 4, 3, 0, 2, 2, 3, 3, 1, 1, 2, 1, 1, 1, 4, 1, 3, 4, 1, 2, 4, 3, 1, 3, 1, 2, 4, 4, 2, 3, 2, 2, 3, 2, 4, 3, 4, 4, 4, 2, 4, 1, 2, 1, 3]|[0, 2, 0, 0, 3, 0, 1, 3, 0, 0, 2, 0, 1, 0, 1, 0, 0, 0, 1, 0, 0, 2, 0, 0, 1, 0, 0, 3, 0, 1, 0, 2, 0, 0, 3, 0, 1, 1, 0, 0, 0, 0, 1, 3, 0, 0, 1, 0, 2, 0, 0, 0, 0, 0, 1, 0, 1, 0, 1, 1, 0, 2, 0, 0, 0, 0, 0, 0, 0, 2, 0, 0, 1, 0, 0, 1, 0, 0, 3, 0, 0, 1, 2, 0, 0, 0, 0, 3, 0, 1, 0, 1, 2, 3, 0, 1, 0, 0, 0, 0],900.7357371583179,49127.8910864123,106649.60962791642,false
43,G3_TWC,G4_BALANCED,[31, 22, 82, 15, 26, 58, 95, 42, 77, 12, 47, 5, 93, 78, 98, 54, 85, 63, 18, 44, 20, 35, 43, 97, 91, 76, 10, 30, 21, 45, 71, 64, 1, 23, 17, 83, 24, 14, 60, 36, 6, 57, 94, 88, 65, 56, 79, 40, 67, 68, 46, 75, 80, 9, 19, 32, 81, 96, 27, 62, 87, 90, 99, 59, 11, 16, 72, 73, 70, 38, 37, 84, 3, 92, 25, 55, 28, 29, 51, 7, 33, 61, 86, 48, 89, 50, 66, 41, 53, 39, 4, 8, 34, 49, 52, 0, 13, 2, 69, 74]|[1, 1, 0, 1, 1, 1, 2, 1, 2, 1, 2, 2, 2, 1, 1, 0, 0, 1, 0, 2, 2, 0, 1, 2, 0, 1, 2, 2, 0, 0, 1, 2, 1, 2, 1, 0, 2, 0, 1, 1, 0, 1, 1, 1, 0, 2, 1, 1, 0, 0, 0, 0, 1, 1, 2, 1, 2, 0, 0, 0, 2, 1, 0, 1, 2, 1, 2, 1, 1, 1, 1, 1, 2, 0, 1, 1, 0, 0, 0, 1, 2, 1, 0, 0, 1, 0, 2, 0, 0, 1, 0, 1, 2, 0, 1, 0, 0, 0, 1, 2]|[4, 3, 2, 2, 0, 0, 2, 2, 2, 4, 1, 1, 2, 4, 4, 1, 1, 4, 2, 1, 1, 1, 1, 2, 1, 2, 1, 1, 1, 1, 3, 2, 3, 0, 4, 0, 1, 1, 0, 3, 2, 2, 4, 0, 1, 1, 0, 2, 0, 1, 2, 2, 1, 4, 0, 3, 2, 1, 1, 2, 1, 3, 1, 1, 1, 3, 0, 4, 3, 1, 4, 1, 1, 2, 4, 4, 2, 1, 1, 3, 1, 3, 1, 1, 1, 1, 1, 1, 2, 1, 2, 3, 1, 1, 1, 2, 2, 2, 3, 1]|[0, 2, 1, 1, 3, 3, 0, 1, 0, 0, 0, 0, 1, 0, 1, 0, 0, 3, 1, 0, 0, 0, 3, 1, 0, 2, 0, 0, 0, 1, 0, 0, 0, 0, 3, 0, 1, 0, 0, 2, 1, 1, 2, 0, 0, 0, 0, 1, 1, 0, 0, 0, 1, 3, 0, 0, 1, 0, 0, 1, 0, 2, 0, 1, 0, 2, 1, 0, 0, 1, 1, 3, 0, 1, 3, 3, 1, 0, 0, 2, 0, 0, 0, 0, 1, 0, 0, 0, 1, 1, 1, 2, 0, 1, 1, 0, 0, 0, 0, 0],777.9516210139931,58119.132034200775,89181.84173841789,true
43,G1_CMAX,G3_TWC,[31, 22, 82, 15, 26, 58, 95, 42, 77, 12, 47, 5, 93, 78, 98, 54, 85, 63, 18, 44, 20, 35, 43, 97, 91, 76, 10, 30, 21, 45, 71, 64, 1, 23, 17, 83, 24, 14, 60, 36, 6, 57, 94, 88, 65, 56, 79, 40, 67, 68, 46, 75, 38, 9, 19, 32, 81, 41, 27, 62, 87, 90, 99, 59, 11, 16, 72, 73, 70, 39, 37, 84, 3, 92, 25, 55, 28, 29, 51, 7, 33, 61, 86, 48, 89, 34, 69, 96, 53, 80, 4, 8, 50, 49, 0, 2, 13, 52, 66, 74]|[1, 1, 0, 1, 1, 1, 2, 1, 2, 1, 2, 2, 2, 1, 1, 0, 0, 1, 0, 2, 2, 0, 1, 2, 0, 1, 2, 2, 0, 0, 1, 2, 1, 2, 1, 0, 2, 0, 1, 1, 0, 1, 1, 1, 0, 2, 1, 1, 0, 0, 0, 0, 1, 1, 2, 1, 2, 0, 0, 0, 2, 1, 0, 1, 2, 1, 2, 1, 1, 1, 1, 1, 1, 0, 1, 1, 0, 0, 0, 1, 2, 1, 0, 0, 1, 2, 1, 0, 0, 0, 0, 1, 2, 0, 0, 0, 0, 1, 2, 2]|[4, 3, 2, 2, 0, 0, 2, 2, 2, 4, 1, 1, 2, 4, 4, 1, 1, 4, 2, 1, 1, 1, 1, 2, 1, 2, 1, 1, 1, 1, 3, 2, 3, 0, 4, 0, 1, 1, 0, 3, 2, 2, 4, 0, 1, 1, 0, 2, 0, 1, 2, 2, 1, 4, 0, 3, 2, 1, 1, 2, 1, 3, 1, 1, 1, 3, 0, 4, 3, 1, 4, 1, 1, 2, 4, 4, 2, 1, 1, 3, 1, 3, 1, 1, 1, 1, 3, 1, 2, 1, 2, 3, 1, 1, 2, 2, 2, 1, 1, 1]|[0, 2, 1, 1, 3, 3, 0, 1, 0, 0, 0, 0, 1, 0, 1, 0, 0, 3, 1, 0, 0, 0, 3, 1, 0, 2, 0, 0, 0, 1, 0, 0, 0, 0, 3, 0, 1, 0, 0, 2, 1, 1, 2, 0, 0, 0, 0, 1, 1, 0, 0, 0, 1, 3, 0, 0, 1, 0, 0, 1, 0, 2, 0, 1, 0, 2, 1, 0, 0, 1, 1, 3, 1, 1, 3, 3, 1, 0, 0, 2, 0, 0, 0, 0, 1, 0, 0, 0, 1, 0, 1, 2, 0, 1, 0, 0, 0, 1, 0, 0],767.1912867080199,58002.97399567442,89553.52421073538,true
43,G4_BALANCED,G4_BALANCED,[31, 11, 15, 82, 26, 9, 95, 32, 77, 68, 47, 5, 93, 78, 86, 54, 85, 63, 18, 44, 20, 49, 36, 14, 74, 50, 53, 17, 21, 45, 71, 64, 3, 23, 30, 83, 24, 41, 60, 52, 51, 27, 90, 70, 39, 87, 48, 69, 99, 4, 46, 1, 13, 58, 97, 59, 28, 8, 73, 37, 35, 79, 22, 66, 76, 42, 40, 80, 96, 6, 16, 61, 33, 7, 57, 34, 12, 67, 10, 98, 56, 88, 29, 25, 91, 38, 19, 92, 43, 84, 65, 72, 81, 75, 2, 55, 62, 89, 94, 0]|[2, 1, 1, 2, 1, 2, 1, 1, 1, 1, 1, 0, 2, 2, 1, 2, 0, 0, 0, 2, 2, 1, 0, 2, 0, 2, 2, 1, 0, 1, 1, 1, 0, 0, 1, 0, 2, 1, 2, 2, 0, 0, 1, 1, 0, 2, 0, 2, 1, 0, 0, 2, 0, 0, 2, 0, 1, 1, 0, 0, 2, 1, 1, 2, 2, 0, 2, 2, 0, 1, 2, 1, 1, 2, 0, 1, 2, 1, 1, 2, 2, 1, 1, 1, 1, 0, 1, 0, 1, 0, 1, 1, 1, 0, 2, 0, 1, 1, 2, 0]|[1, 3, 2, 0, 4, 1, 4, 4, 2, 4, 3, 2, 1, 0, 2, 1, 1, 1, 2, 1, 1, 3, 0, 1, 0, 1, 1, 4, 1, 4, 3, 2, 2, 0, 4, 1, 1, 4, 0, 1, 2, 1, 4, 4, 1, 1, 0, 2, 3, 1, 2, 1, 2, 1, 1, 2, 4, 3, 0, 2, 2, 3, 3, 0, 1, 2, 0, 1, 2, 4, 1, 3, 4, 1, 2, 4, 1, 3, 3, 1, 1, 4, 3, 4, 3, 2, 4, 2, 4, 2, 3, 4, 1, 2, 1, 2, 3, 4, 1, 2]|[1, 2, 1, 0, 3, 0, 1, 3, 0, 0, 2, 0, 1, 0, 1, 0, 0, 0, 1, 0, 0, 2, 0, 0, 1, 0, 0, 3, 0, 1, 0, 2, 0, 1, 3, 0, 1, 3, 1, 0, 0, 0, 1, 3, 0, 0, 1, 0, 2, 0, 0, 0, 0, 0, 1, 0, 1, 0, 1, 1, 0, 2, 2, 0, 0, 0, 1, 0, 0, 2, 0, 0, 1, 0, 0, 1, 0, 0, 3, 0, 0, 1, 0, 3, 0, 0, 1, 0, 2, 0, 0, 2, 1, 0, 0, 0, 0, 1, 0, 0],850.9632869082183,52431.02217786142,105346.60403335126,false
43,G2_TEC,G2_TEC,[31, 22, 82, 15, 26, 9, 95, 42, 77, 68, 47, 5, 93, 78, 86, 54, 85, 63, 18, 44, 20, 49, 36, 14, 74, 50, 53, 17, 21, 28, 11, 64, 3, 23, 30, 83, 24, 41, 40, 52, 65, 27, 90, 70, 39, 87, 48, 69, 99, 4, 75, 1, 13, 58, 97, 59, 45, 8, 73, 37, 35, 79, 71, 66, 76, 32, 60, 80, 56, 6, 67, 61, 33, 7, 57, 34, 12, 16, 10, 94, 96, 88, 43, 46, 91, 2, 84, 29, 92, 19, 51, 89, 81, 25, 55, 72, 98, 38, 0, 62]|[2, 1, 2, 1, 1, 2, 1, 1, 1, 1, 1, 0, 2, 2, 1, 2, 0, 0, 0, 2, 2, 1, 0, 2, 0, 2, 2, 1, 0, 1, 1, 1, 0, 0, 1, 0, 2, 1, 2, 2, 0, 0, 1, 1, 0, 2, 0, 2, 1, 0, 0, 2, 0, 0, 2, 0, 1, 1, 0, 0, 2, 1, 1, 2, 2, 0, 2, 2, 2, 1, 2, 1, 1, 2, 0, 1, 1, 2, 1, 2, 0, 1, 1, 0, 1, 0, 0, 1, 0, 1, 1, 1, 1, 1, 0, 1, 2, 0, 2, 1]|[0, 3, 0, 3, 4, 1, 4, 4, 2, 4, 3, 2, 1, 0, 2, 1, 1, 1, 2, 1, 1, 3, 0, 1, 0, 1, 1, 4, 1, 4, 3, 2, 2, 0, 4, 1, 1, 4, 1, 1, 2, 1, 4, 4, 1, 1, 0, 1, 3, 2, 2, 1, 2, 1, 1, 2, 4, 3, 0, 2, 2, 3, 3, 1, 1, 2, 1, 1, 1, 4, 1, 3, 4, 1, 2, 4, 3, 1, 3, 1, 2, 4, 4, 2, 3, 2, 2, 3, 2, 4, 3, 4, 4, 4, 2, 4, 1, 2, 1, 3]|[0, 2, 0, 0, 3, 0, 1, 3, 0, 0, 2, 0, 1, 0, 1, 0, 0, 0, 1, 0, 0, 2, 0, 0, 1, 0, 0, 3, 0, 1, 0, 2, 0, 0, 3, 0, 1, 1, 0, 0, 0, 0, 1, 3, 0, 0, 1, 0, 2, 0, 0, 0, 0, 0, 1, 0, 1, 0, 1, 1, 0, 2, 0, 0, 0, 0, 0, 0, 0, 2, 0, 0, 1, 0, 0, 1, 0, 0, 3, 0, 0, 1, 2, 0, 0, 0, 0, 3, 0, 1, 0, 1, 2, 3, 0, 1, 0, 0, 0, 0],900.7357371583179,49127.8910864123,106649.60962791642,false
43,G3_TWC,G4_BALANCED,[31, 22, 82, 15, 26, 58, 95, 42, 77, 12, 47, 5, 93, 78, 98, 54, 85, 63, 18, 44, 20, 35, 43, 97, 91, 76, 10, 30, 21, 45, 71, 64, 1, 23, 17, 83, 24, 14, 60, 36, 6, 57, 94, 88, 65, 56, 79, 40, 67, 68, 46, 75, 80, 9, 19, 32, 81, 96, 27, 62, 87, 90, 99, 59, 11, 16, 72, 73, 70, 38, 37, 84, 3, 92, 25, 55, 28, 29, 51, 7, 33, 61, 86, 48, 89, 50, 66, 41, 53, 39, 4, 8, 34, 49, 52, 0, 13, 2, 69, 74]|[1, 1, 0, 1, 1, 1, 2, 1, 2, 1, 2, 2, 2, 1, 1, 0, 0, 1, 0, 2, 2, 0, 1, 2, 0, 1, 2, 2, 0, 0, 1, 2, 1, 2, 1, 0, 2, 0, 1, 1, 0, 1, 1, 1, 0, 2, 1, 1, 0, 0, 0, 0, 1, 1, 2, 1, 2, 0, 0, 0, 2, 1, 0, 1, 2, 1, 2, 1, 1, 1, 1, 1, 2, 0, 1, 1, 0, 0, 0, 1, 2, 1, 0, 0, 1, 0, 2, 0, 0, 1, 0, 1, 2, 0, 1, 0, 0, 0, 1, 2]|[4, 3, 2, 2, 0, 0, 2, 2, 2, 4, 1, 1, 2, 4, 4, 1, 1, 4, 2, 1, 1, 1, 1, 2, 1, 2, 1, 1, 1, 1, 3, 2, 3, 0, 4, 0, 1, 1, 0, 3, 2, 2, 4, 0, 1, 1, 0, 2, 0, 1, 2, 2, 1, 4, 0, 3, 2, 1, 1, 2, 1, 3, 1, 1, 1, 3, 0, 4, 3, 1, 4, 1, 1, 2, 4, 4, 2, 1, 1, 3, 1, 3, 1, 1, 1, 1, 1, 1, 2, 1, 2, 3, 1, 1, 1, 2, 2, 2, 3, 1]|[0, 2, 1, 1, 3, 3, 0, 1, 0, 0, 0, 0, 1, 0, 1, 0, 0, 3, 1, 0, 0, 0, 3, 1, 0, 2, 0, 0, 0, 1, 0, 0, 0, 0, 3, 0, 1, 0, 0, 2, 1, 1, 2, 0, 0, 0, 0, 1, 1, 0, 0, 0, 1, 3, 0, 0, 1, 0, 0, 1, 0, 2, 0, 1, 0, 2, 1, 0, 0, 1, 1, 3, 0, 1, 3, 3, 1, 0, 0, 2, 0, 0, 0, 0, 1, 0, 0, 0, 1, 1, 1, 2, 0, 1, 1, 0, 0, 0, 0, 0],777.9516210139931,58119.132034200775,89181.84173841789,true
43,G1_CMAX,G3_TWC,[31, 22, 82, 15, 26, 58, 95, 42, 77, 12, 47, 5, 93, 78, 98, 54, 85, 63, 18, 44, 20, 35, 43, 97, 91, 76, 10, 30, 21, 45, 71, 64, 1, 23, 17, 83, 24, 14, 60, 36, 6, 57, 94, 88, 65, 56, 79, 40, 67, 68, 46, 75, 39, 9, 19, 32, 81, 96, 27, 62, 87, 90, 99, 59, 11, 16, 72, 73, 70, 38, 37, 84, 3, 92, 25, 55, 28, 29, 51, 7, 33, 61, 86, 48, 89, 50, 66, 41, 53, 8, 4, 80, 34, 49, 52, 69, 13, 2, 0, 74]|[1, 1, 0, 1, 1, 1, 2, 1, 2, 1, 2, 2, 2, 1, 1, 0, 0, 1, 0, 2, 2, 0, 1, 2, 0, 1, 2, 2, 0, 0, 1, 2, 1, 2, 1, 0, 2, 0, 1, 1, 0, 1, 1, 1, 0, 2, 1, 1, 0, 0, 0, 0, 1, 1, 2, 1, 2, 0, 0, 0, 2, 1, 0, 1, 2, 1, 2, 1, 1, 1, 1, 1, 2, 0, 1, 1, 0, 0, 0, 1, 2, 1, 0, 0, 1, 0, 2, 0, 0, 1, 0, 0, 2, 0, 1, 1, 0, 0, 0, 2]|[4, 3, 2, 2, 0, 0, 2, 2, 2, 4, 1, 1, 2, 4, 4, 1, 1, 4, 2, 1, 1, 1, 1, 2, 1, 2, 1, 1, 1, 1, 3, 2, 3, 0, 4, 0, 1, 1, 0, 3, 2, 2, 4, 0, 1, 1, 0, 2, 0, 1, 2, 2, 1, 4, 0, 3, 2, 1, 1, 2, 1, 3, 1, 1, 1, 3, 0, 4, 3, 1, 4, 1, 1, 2, 4, 4, 2, 1, 1, 3, 1, 3, 1, 1, 1, 1, 1, 1, 2, 3, 2, 1, 1, 1, 1, 3, 2, 2, 2, 1]|[0, 2, 1, 1, 3, 3, 0, 1, 0, 0, 0, 0, 1, 0, 1, 0, 0, 3, 1, 0, 0, 0, 3, 1, 0, 2, 0, 0, 0, 1, 0, 0, 0, 0, 3, 0, 1, 0, 0, 2, 1, 1, 2, 0, 0, 0, 0, 1, 1, 0, 0, 0, 1, 3, 0, 0, 1, 0, 0, 1, 0, 2, 0, 1, 0, 2, 1, 0, 0, 1, 1, 3, 0, 1, 3, 3, 1, 0, 0, 2, 0, 0, 0, 0, 1, 0, 0, 0, 1, 2, 1, 0, 0, 1, 1, 0, 0, 0, 0, 0],787.9332527573479,57913.77657340804,89140.52696017598,true
43,G4_BALANCED,G4_BALANCED,[31, 22, 82, 15, 26, 9, 95, 42, 77, 68, 47, 5, 93, 78, 86, 54, 85, 63, 18, 44, 20, 49, 36, 14, 74, 50, 53, 17, 21, 28, 11, 64, 3, 23, 30, 83, 24, 41, 40, 52, 65, 27, 90, 70, 39, 87, 48, 69, 99, 4, 46, 1, 13, 58, 19, 59, 45, 8, 73, 37, 35, 79, 71, 66, 76, 32, 60, 80, 56, 6, 67, 61, 33, 7, 57, 34, 12, 16, 10, 98, 96, 88, 43, 75, 91, 2, 84, 29, 92, 97, 51, 55, 62, 25, 89, 81, 94, 38, 0, 72]|[2, 1, 2, 1, 1, 0, 1, 1, 1, 1, 1, 0, 2, 2, 1, 2, 0, 0, 0, 2, 2, 1, 0, 2, 0, 2, 2, 1, 0, 1, 1, 1, 0, 0, 1, 0, 2, 1, 2, 2, 0, 0, 1, 1, 0, 2, 0, 2, 1, 0, 0, 2, 0, 0, 2, 0, 1, 1, 0, 0, 2, 1, 1, 2, 2, 0, 2, 2, 0, 1, 2, 1, 1, 2, 0, 1, 1, 2, 1, 2, 0, 1, 1, 0, 1, 2, 0, 1, 0, 1, 1, 0, 1, 1, 1, 1, 2, 0, 2, 1]|[0, 3, 0, 3, 4, 1, 4, 4, 2, 4, 3, 2, 1, 0, 2, 1, 1, 1, 2, 1, 1, 3, 0, 1, 0, 1, 1, 4, 1, 4, 3, 2, 2, 0, 4, 1, 1, 4, 1, 1, 2, 1, 4, 4, 1, 1, 0, 2, 3, 2, 2, 1, 2, 1, 1, 2, 4, 3, 0, 2, 1, 3, 3, 1, 1, 2, 1, 1, 2, 4, 1, 3, 4, 1, 2, 4, 3, 1, 3, 1, 2, 4, 4, 2, 3, 1, 2, 3, 2, 4, 3, 2, 3, 4, 4, 4, 1, 2, 1, 4]|[0, 2, 0, 0, 3, 0, 1, 3, 0, 0, 2, 0, 1, 0, 1, 0, 0, 0, 1, 0, 0, 2, 0, 0, 1, 0, 0, 3, 0, 1, 0, 2, 0, 0, 3, 0, 1, 1, 0, 0, 0, 0, 1, 3, 0, 0, 1, 0, 2, 0, 0, 0, 0, 1, 1, 0, 1, 0, 1, 1, 0, 2, 0, 0, 0, 0, 0, 0, 0, 2, 0, 0, 1, 0, 0, 1, 0, 0, 3, 0, 0, 1, 2, 0, 0, 0, 0, 3, 0, 1, 0, 0, 0, 1, 1, 2, 0, 0, 0, 1],894.5844563714218,49772.947407647,104172.38488226634,false
43,G2_TEC,G2_TEC,[31, 22, 82, 15, 26, 9, 95, 42, 77, 68, 47, 5, 93, 78, 86, 54, 85, 63, 18, 44, 20, 49, 36, 14, 74, 50, 53, 17, 21, 28, 11, 64, 3, 23, 30, 83, 24, 41, 40, 52, 65, 27, 90, 70, 39, 87, 48, 69, 99, 4, 75, 1, 13, 58, 97, 59, 45, 8, 73, 37, 35, 79, 71, 66, 76, 32, 60, 80, 56, 6, 67, 61, 33, 7, 57, 34, 12, 16, 10, 94, 96, 88, 43, 46, 91, 2, 84, 29, 92, 19, 51, 89, 81, 25, 55, 72, 98, 38, 0, 62]|[2, 1, 2, 1, 1, 2, 1, 1, 1, 1, 1, 0, 2, 2, 1, 2, 0, 0, 0, 2, 2, 1, 0, 2, 0, 2, 2, 1, 0, 1, 1, 1, 0, 0, 1, 0, 2, 1, 2, 2, 0, 0, 1, 1, 0, 2, 0, 2, 1, 0, 0, 2, 0, 0, 2, 0, 1, 1, 0, 0, 2, 1, 1, 2, 2, 0, 2, 2, 2, 1, 2, 1, 1, 2, 0, 1, 1, 2, 1, 2, 0, 1, 1, 0, 1, 0, 0, 1, 0, 1, 1, 1, 1, 1, 0, 1, 2, 0, 2, 1]|[0, 3, 0, 3, 4, 1, 4, 4, 2, 4, 3, 2, 1, 0, 2, 1, 1, 1, 2, 1, 1, 3, 0, 1, 0, 1, 1, 4, 1, 4, 3, 2, 2, 0, 4, 1, 1, 4, 1, 1, 2, 1, 4, 4, 1, 1, 0, 1, 3, 2, 2, 1, 2, 1, 1, 2, 4, 3, 0, 2, 2, 3, 3, 1, 1, 2, 1, 1, 1, 4, 1, 3, 4, 1, 2, 4, 3, 1, 3, 1, 2, 4, 4, 2, 3, 2, 2, 3, 2, 4, 3, 4, 4, 4, 2, 4, 1, 2, 1, 3]|[0, 2, 0, 0, 3, 0, 1, 3, 0, 0, 2, 0, 1, 0, 1, 0, 0, 0, 1, 0, 0, 2, 0, 0, 1, 0, 0, 3, 0, 1, 0, 2, 0, 0, 3, 0, 1, 1, 0, 0, 0, 0, 1, 3, 0, 0, 1, 0, 2, 0, 0, 0, 0, 0, 1, 0, 1, 0, 1, 1, 0, 2, 0, 0, 0, 0, 0, 0, 0, 2, 0, 0, 1, 0, 0, 1, 0, 0, 3, 0, 0, 1, 2, 0, 0, 0, 0, 3, 0, 1, 0, 1, 2, 3, 0, 1, 0, 0, 0, 0],900.7357371583179,49127.8910864123,106649.60962791642,false
43,G3_TWC,G4_BALANCED,[31, 22, 82, 15, 26, 58, 95, 42, 77, 12, 47, 5, 93, 78, 98, 54, 85, 63, 18, 44, 20, 35, 43, 97, 91, 76, 10, 30, 21, 45, 71, 64, 1, 23, 17, 83, 24, 14, 60, 36, 6, 57, 94, 88, 65, 56, 79, 40, 67, 68, 46, 75, 80, 9, 19, 32, 81, 96, 27, 62, 87, 90, 99, 59, 11, 16, 72, 73, 70, 38, 37, 84, 3, 92, 25, 55, 28, 29, 51, 7, 33, 61, 86, 48, 89, 50, 66, 41, 53, 39, 4, 8, 34, 49, 52, 0, 13, 2, 69, 74]|[1, 1, 0, 1, 1, 1, 2, 1, 2, 1, 2, 2, 2, 1, 1, 0, 0, 1, 0, 2, 2, 0, 1, 2, 0, 1, 2, 2, 0, 0, 1, 2, 1, 2, 1, 0, 2, 0, 1, 1, 0, 1, 1, 1, 0, 2, 1, 1, 0, 0, 0, 0, 1, 1, 2, 1, 2, 0, 0, 0, 2, 1, 0, 1, 2, 1, 2, 1, 1, 1, 1, 1, 2, 0, 1, 1, 0, 0, 0, 1, 2, 1, 0, 0, 1, 0, 2, 0, 0, 1, 0, 1, 2, 0, 1, 0, 0, 0, 1, 2]|[4, 3, 2, 2, 0, 0, 2, 2, 2, 4, 1, 1, 2, 4, 4, 1, 1, 4, 2, 1, 1, 1, 1, 2, 1, 2, 1, 1, 1, 1, 3, 2, 3, 0, 4, 0, 1, 1, 0, 3, 2, 2, 4, 0, 1, 1, 0, 2, 0, 1, 2, 2, 1, 4, 0, 3, 2, 1, 1, 2, 1, 3, 1, 1, 1, 3, 0, 4, 3, 1, 4, 1, 1, 2, 4, 4, 2, 1, 1, 3, 1, 3, 1, 1, 1, 1, 1, 1, 2, 1, 2, 3, 1, 1, 1, 2, 2, 2, 3, 1]|[0, 2, 1, 1, 3, 3, 0, 1, 0, 0, 0, 0, 1, 0, 1, 0, 0, 3, 1, 0, 0, 0, 3, 1, 0, 2, 0, 0, 0, 1, 0, 0, 0, 0, 3, 0, 1, 0, 0, 2, 1, 1, 2, 0, 0, 0, 0, 1, 1, 0, 0, 0, 1, 3, 0, 0, 1, 0, 0, 1, 0, 2, 0, 1, 0, 2, 1, 0, 0, 1, 1, 3, 0, 1, 3, 3, 1, 0, 0, 2, 0, 0, 0, 0, 1, 0, 0, 0, 1, 1, 1, 2, 0, 1, 1, 0, 0, 0, 0, 0],777.9516210139931,58119.132034200775,89181.84173841789,true
43,G1_CMAX,G3_TWC,[31, 22, 82, 15, 26, 58, 95, 42, 77, 12, 47, 5, 93, 78, 98, 54, 85, 63, 18, 44, 20, 35, 43, 97, 91, 76, 10, 30, 21, 45, 71, 64, 1, 23, 17, 83, 24, 14, 60, 36, 6, 57, 94, 88, 65, 56, 79, 40, 67, 68, 46, 75, 39, 9, 19, 32, 81, 41, 27, 62, 87, 90, 99, 59, 11, 16, 72, 73, 70, 38, 37, 84, 3, 34, 25, 55, 28, 29, 51, 7, 33, 61, 86, 66, 89, 50, 48, 96, 53, 80, 4, 8, 92, 49, 52, 0, 13, 2, 69, 74]|[1, 1, 0, 1, 1, 1, 2, 1, 2, 1, 2, 2, 2, 1, 1, 0, 0, 1, 0, 2, 2, 0, 1, 2, 0, 1, 2, 2, 0, 0, 1, 2, 1, 2, 1, 0, 2, 0, 1, 1, 0, 1, 1, 1, 0, 2, 1, 1, 0, 0, 0, 0, 1, 1, 2, 1, 2, 0, 0, 0, 2, 1, 0, 1, 2, 1, 2, 1, 1, 1, 1, 1, 2, 2, 1, 1, 0, 0, 0, 1, 2, 1, 0, 2, 1, 0, 0, 2, 0, 0, 0, 1, 0, 0, 1, 0, 0, 0, 1, 2]|[4, 3, 2, 2, 0, 0, 2, 2, 2, 4, 1, 1, 2, 4, 4, 1, 1, 4, 2, 1, 1, 1, 1, 2, 1, 2, 1, 1, 1, 1, 3, 2, 3, 0, 4, 0, 1, 1, 0, 3, 2, 2, 4, 0, 1, 1, 0, 2, 0, 1, 2, 2, 1, 4, 0, 3, 2, 1, 1, 2, 1, 3, 1, 1, 1, 3, 1, 4, 3, 1, 4, 1, 1, 1, 4, 4, 2, 1, 1, 3, 1, 3, 1, 1, 1, 1, 1, 1, 2, 1, 2, 3, 2, 1, 1, 2, 2, 2, 3, 1]|[0, 2, 1, 1, 3, 3, 0, 1, 0, 0, 0, 0, 1, 0, 1, 0, 0, 3, 1, 0, 0, 0, 3, 1, 0, 2, 0, 0, 0, 1, 0, 0, 0, 0, 3, 0, 1, 0, 0, 2, 1, 1, 2, 0, 0, 0, 0, 1, 1, 0, 0, 0, 1, 3, 0, 0, 1, 0, 0, 1, 0, 2, 0, 1, 0, 2, 0, 0, 0, 1, 1, 3, 0, 0, 3, 3, 1, 0, 0, 2, 0, 0, 0, 0, 1, 0, 0, 0, 1, 0, 1, 2, 1, 1, 1, 0, 0, 0, 0, 0],781.0898781557919,57283.87438638968,90797.94336707742,true
43,G4_BALANCED,G4_BALANCED,[31, 22, 82, 15, 26, 9, 95, 42, 77, 68, 47, 5, 93, 78, 86, 54, 85, 63, 18, 44, 20, 49, 36, 14, 74, 50, 53, 17, 21, 28, 11, 64, 3, 23, 30, 83, 24, 41, 40, 52, 65, 27, 90, 70, 39, 87, 48, 69, 99, 4, 46, 1, 13, 58, 19, 59, 45, 8, 73, 37, 35, 79, 71, 66, 76, 32, 60, 80, 56, 6, 67, 61, 33, 7, 57, 34, 12, 16, 10, 98, 96, 88, 43, 75, 91, 2, 84, 29, 92, 97, 51, 55, 62, 25, 89, 81, 94, 38, 0, 72]|[2, 1, 2, 1, 1, 0, 1, 1, 1, 1, 1, 0, 2, 2, 1, 2, 0, 0, 0, 2, 2, 1, 0, 2, 0, 2, 2, 1, 0, 1, 1, 1, 0, 0, 1, 0, 2, 1, 2, 2, 0, 0, 1, 1, 0, 2, 0, 2, 1, 0, 0, 2, 0, 0, 2, 0, 1, 1, 0, 0, 2, 1, 1, 2, 2, 0, 2, 2, 0, 1, 2, 1, 1, 2, 0, 1, 1, 2, 1, 2, 0, 1, 1, 0, 1, 2, 0, 1, 0, 1, 1, 0, 1, 1, 1, 1, 2, 0, 2, 1]|[0, 3, 0, 3, 4, 1, 4, 4, 2, 4, 3, 2, 1, 0, 2, 1, 1, 1, 2, 1, 1, 3, 0, 1, 0, 1, 1, 4, 1, 4, 3, 2, 2, 0, 4, 1, 1, 4, 1, 1, 2, 1, 4, 4, 1, 1, 0, 2, 3, 2, 2, 1, 2, 1, 1, 2, 4, 3, 0, 2, 1, 3, 3, 1, 1, 2, 1, 1, 2, 4, 1, 3, 4, 1, 2, 4, 3, 1, 3, 1, 2, 4, 4, 2, 3, 1, 2, 3, 2, 4, 3, 2, 3, 4, 4, 4, 1, 2, 1, 4]|[0, 2, 0, 0, 3, 0, 1, 3, 0, 0, 2, 0, 1, 0, 1, 0, 0, 0, 1, 0, 0, 2, 0, 0, 1, 0, 0, 3, 0, 1, 0, 2, 0, 0, 3, 0, 1, 1, 0, 0, 0, 0, 1, 3, 0, 0, 1, 0, 2, 0, 0, 0, 0, 1, 1, 0, 1, 0, 1, 1, 0, 2, 0, 0, 0, 0, 0, 0, 0, 2, 0, 0, 1, 0, 0, 1, 0, 0, 3, 0, 0, 1, 2, 0, 0, 0, 0, 3, 0, 1, 0, 0, 0, 1, 1, 2, 0, 0, 0, 1],894.5844563714218,49772.947407647,104172.38488226634,false
43,G2_TEC,G2_TEC,[31, 22, 82, 15, 26, 9, 95, 42, 77, 68, 47, 5, 93, 78, 86, 54, 85, 63, 18, 44, 20, 49, 36, 14, 74, 50, 53, 17, 21, 28, 11, 64, 3, 23, 30, 83, 24, 41, 40, 52, 65, 27, 90, 70, 39, 87, 48, 69, 99, 4, 75, 1, 13, 58, 97, 59, 45, 8, 73, 37, 35, 79, 71, 66, 76, 32, 60, 80, 56, 6, 67, 61, 33, 7, 57, 34, 12, 16, 10, 94, 96, 88, 43, 46, 91, 2, 84, 29, 92, 19, 51, 89, 81, 25, 55, 72, 98, 38, 0, 62]|[2, 1, 2, 1, 1, 2, 1, 1, 1, 1, 1, 0, 2, 2, 1, 2, 0, 0, 0, 2, 2, 1, 0, 2, 0, 2, 2, 1, 0, 1, 1, 1, 0, 0, 1, 0, 2, 1, 2, 2, 0, 0, 1, 1, 0, 2, 0, 2, 1, 0, 0, 2, 0, 0, 2, 0, 1, 1, 0, 0, 2, 1, 1, 2, 2, 0, 2, 2, 2, 1, 2, 1, 1, 2, 0, 1, 1, 2, 1, 2, 0, 1, 1, 0, 1, 0, 0, 1, 0, 1, 1, 1, 1, 1, 0, 1, 2, 0, 2, 1]|[0, 3, 0, 3, 4, 1, 4, 4, 2, 4, 3, 2, 1, 0, 2, 1, 1, 1, 2, 1, 1, 3, 0, 1, 0, 1, 1, 4, 1, 4, 3, 2, 2, 0, 4, 1, 1, 4, 1, 1, 2, 1, 4, 4, 1, 1, 0, 1, 3, 2, 2, 1, 2, 1, 1, 2, 4, 3, 0, 2, 2, 3, 3, 1, 1, 2, 1, 1, 1, 4, 1, 3, 4, 1, 2, 4, 3, 1, 3, 1, 2, 4, 4, 2, 3, 2, 2, 3, 2, 4, 3, 4, 4, 4, 2, 4, 1, 2, 1, 3]|[0, 2, 0, 0, 3, 0, 1, 3, 0, 0, 2, 0, 1, 0, 1, 0, 0, 0, 1, 0, 0, 2, 0, 0, 1, 0, 0, 3, 0, 1, 0, 2, 0, 0, 3, 0, 1, 1, 0, 0, 0, 0, 1, 3, 0, 0, 1, 0, 2, 0, 0, 0, 0, 0, 1, 0, 1, 0, 1, 1, 0, 2, 0, 0, 0, 0, 0, 0, 0, 2, 0, 0, 1, 0, 0, 1, 0, 0, 3, 0, 0, 1, 2, 0, 0, 0, 0, 3, 0, 1, 0, 1, 2, 3, 0, 1, 0, 0, 0, 0],900.7357371583179,49127.8910864123,106649.60962791642,false
43,G3_TWC,G3_TWC,[31, 22, 82, 15, 26, 58, 95, 42, 77, 12, 47, 5, 93, 78, 98, 54, 85, 63, 18, 44, 20, 35, 43, 97, 91, 76, 10, 30, 21, 45, 71, 64, 1, 23, 17, 83, 24, 14, 60, 36, 6, 57, 94, 88, 65, 56, 79, 40, 67, 68, 46, 75, 39, 9, 19, 32, 81, 96, 27, 62, 87, 90, 99, 59, 11, 16, 72, 73, 70, 38, 37, 84, 3, 92, 25, 55, 28, 29, 51, 7, 33, 61, 86, 48, 89, 50, 69, 41, 53, 80, 4, 8, 34, 49, 52, 0, 13, 74, 2, 66]|[1, 1, 0, 1, 1, 1, 2, 1, 2, 1, 2, 2, 2, 1, 1, 0, 0, 1, 0, 2, 2, 0, 1, 2, 0, 1, 2, 2, 0, 0, 1, 2, 1, 2, 1, 0, 2, 0, 1, 1, 0, 1, 1, 1, 0, 2, 1, 1, 0, 0, 0, 0, 1, 1, 2, 1, 2, 0, 0, 0, 2, 1, 0, 1, 2, 1, 2, 1, 1, 1, 1, 1, 2, 0, 1, 1, 0, 0, 0, 1, 2, 1, 0, 0, 1, 0, 2, 0, 0, 0, 0, 1, 2, 0, 1, 0, 0, 0, 0, 2]|[4, 3, 2, 2, 0, 0, 2, 2, 2, 4, 1, 1, 2, 4, 4, 1, 1, 4, 2, 1, 1, 1, 1, 2, 1, 2, 1, 1, 1, 1, 3, 2, 3, 0, 4, 0, 1, 1, 0, 3, 2, 2, 4, 0, 1, 1, 0, 2, 0, 1, 2, 2, 1, 4, 0, 3, 2, 1, 1, 2, 1, 3, 1, 1, 1, 3, 0, 4, 3, 1, 4, 1, 1, 2, 4, 4, 2, 1, 1, 3, 1, 3, 1, 1, 1, 1, 1, 1, 2, 1, 2, 3, 1, 1, 1, 2, 2, 2, 2, 1]|[0, 2, 1, 1, 3, 3, 0, 1, 0, 0, 0, 0, 1, 0, 1, 0, 0, 3, 1, 0, 0, 0, 3, 1, 0, 2, 0, 0, 0, 1, 0, 0, 0, 0, 3, 0, 1, 0, 0, 2, 1, 1, 2, 0, 0, 0, 0, 1, 1, 0, 0, 0, 1, 3, 0, 0, 1, 0, 0, 1, 0, 2, 0, 1, 0, 2, 1, 0, 0, 1, 1, 3, 0, 1, 3, 3, 1, 0, 0, 2, 0, 0, 0, 0, 1, 0, 0, 0, 1, 0, 1, 2, 0, 1, 1, 0, 0, 0, 0, 0],833.2154215640596,57825.44465227681,88905.52377856613,false
43,G1_CMAX,G3_TWC,[31, 22, 82, 15, 26, 58, 95, 42, 77, 12, 47, 5, 93, 78, 98, 54, 85, 63, 18, 44, 20, 35, 43, 97, 91, 76, 10, 30, 21, 45, 71, 64, 1, 23, 17, 83, 24, 14, 60, 36, 6, 57, 94, 88, 65, 56, 79, 40, 67, 68, 46, 75, 39, 9, 19, 32, 81, 41, 27, 62, 87, 90, 99, 59, 11, 16, 72, 73, 70, 38, 37, 84, 3, 34, 25, 55, 28, 29, 51, 7, 33, 61, 86, 66, 89, 50, 48, 96, 53, 80, 4, 8, 92, 49, 52, 0, 13, 2, 69, 74]|[1, 1, 0, 1, 1, 1, 2, 1, 2, 1, 2, 2, 2, 1, 1, 0, 0, 1, 0, 2, 2, 0, 1, 2, 0, 1, 2, 2, 0, 0, 1, 2, 1, 2, 1, 0, 2, 0, 1, 1, 0, 1, 1, 1, 0, 2, 1, 1, 0, 0, 0, 0, 1, 1, 2, 1, 2, 0, 0, 0, 2, 1, 0, 1, 2, 1, 2, 1, 1, 1, 1, 1, 2, 2, 1, 1, 0, 0, 0, 1, 2, 1, 0, 2, 1, 0, 0, 2, 0, 0, 0, 1, 0, 0, 1, 0, 0, 0, 1, 2]|[4, 3, 2, 2, 0, 0, 2, 2, 2, 4, 1, 1, 2, 4, 4, 1, 1, 4, 2, 1, 1, 1, 1, 2, 1, 2, 1, 1, 1, 1, 3, 2, 3, 0, 4, 0, 1, 1, 0, 3, 2, 2, 4, 0, 1, 1, 0, 2, 0, 1, 2, 2, 1, 4, 0, 3, 2, 1, 1, 2, 1, 3, 1, 1, 1, 3, 1, 4, 3, 1, 4, 1, 1, 1, 4, 4, 2, 1, 1, 3, 1, 3, 1, 1, 1, 1, 1, 1, 2, 1, 2, 3, 2, 1, 1, 2, 2, 2, 3, 1]|[0, 2, 1, 1, 3, 3, 0, 1, 0, 0, 0, 0, 1, 0, 1, 0, 0, 3, 1, 0, 0, 0, 3, 1, 0, 2, 0, 0, 0, 1, 0, 0, 0, 0, 3, 0, 1, 0, 0, 2, 1, 1, 2, 0, 0, 0, 0, 1, 1, 0, 0, 0, 1, 3, 0, 0, 1, 0, 0, 1, 0, 2, 0, 1, 0, 2, 0, 0, 0, 1, 1, 3, 0, 0, 3, 3, 1, 0, 0, 2, 0, 0, 0, 0, 1, 0, 0, 0, 1, 0, 1, 2, 1, 1, 1, 0, 0, 0, 0, 0],781.0898781557919,57283.87438638968,90797.94336707742,true
43,G4_BALANCED,G3_TWC,[31, 22, 82, 15, 26, 58, 95, 42, 77, 12, 47, 5, 93, 78, 98, 54, 85, 63, 18, 44, 20, 35, 43, 97, 91, 76, 10, 30, 21, 45, 71, 64, 1, 23, 17, 83, 24, 14, 60, 36, 6, 57, 94, 88, 65, 56, 79, 40, 67, 68, 46, 75, 38, 9, 19, 32, 81, 41, 27, 62, 87, 90, 99, 59, 11, 16, 73, 72, 70, 39, 37, 84, 3, 92, 25, 55, 28, 29, 51, 7, 33, 61, 86, 66, 89, 50, 4, 96, 53, 80, 8, 48, 34, 49, 52, 0, 13, 2, 69, 74]|[1, 1, 0, 1, 1, 1, 2, 1, 2, 1, 2, 2, 2, 1, 1, 0, 0, 1, 0, 2, 2, 0, 1, 2, 0, 1, 2, 2, 0, 0, 1, 2, 1, 2, 1, 0, 2, 0, 1, 1, 0, 1, 1, 1, 0, 2, 1, 1, 0, 0, 0, 0, 1, 1, 2, 1, 2, 0, 0, 0, 2, 1, 0, 1, 2, 1, 1, 2, 1, 1, 1, 1, 2, 0, 1, 1, 0, 0, 0, 1, 2, 1, 0, 2, 1, 0, 0, 2, 0, 0, 1, 0, 2, 0, 1, 0, 0, 0, 1, 2]|[4, 3, 2, 2, 0, 0, 2, 2, 2, 4, 1, 1, 2, 4, 4, 1, 1, 4, 2, 1, 1, 1, 1, 2, 1, 2, 1, 1, 1, 1, 3, 2, 3, 0, 4, 0, 1, 1, 0, 3, 2, 2, 4, 0, 1, 1, 0, 2, 0, 1, 2, 2, 1, 4, 0, 3, 2, 1, 1, 2, 1, 3, 1, 1, 1, 3, 4, 1, 3, 1, 4, 1, 1, 2, 4, 4, 2, 1, 1, 1, 1, 3, 1, 1, 1, 1, 2, 1, 2, 1, 3, 1, 1, 1, 1, 2, 2, 2, 3, 1]|[0, 2, 1, 1, 3, 3, 0, 1, 0, 0, 0, 0, 1, 0, 1, 0, 0, 3, 1, 0, 0, 0, 3, 1, 0, 2, 0, 0, 0, 1, 0, 0, 0, 0, 3, 0, 1, 0, 0, 2, 1, 1, 2, 0, 0, 0, 0, 1, 1, 0, 0, 0, 1, 3, 0, 0, 1, 0, 0, 1, 0, 2, 0, 1, 0, 2, 0, 0, 0, 1, 1, 3, 0, 1, 3, 3, 1, 0, 0, 2, 0, 0, 0, 0, 1, 0, 1, 0, 1, 0, 2, 0, 0, 1, 1, 0, 0, 0, 0, 0],772.5119437511711,57460.75938438715,90521.1429661686,true
43,G2_TEC,G2_TEC,[31, 22, 82, 15, 26, 9, 95, 42, 77, 68, 47, 5, 93, 78, 86, 54, 85, 63, 18, 44, 20, 49, 36, 14, 74, 50, 53, 17, 21, 28, 11, 64, 3, 23, 30, 83, 24, 41, 40, 52, 65, 27, 90, 70, 39, 87, 48, 69, 99, 4, 75, 1, 13, 58, 97, 59, 45, 8, 73, 37, 35, 79, 71, 66, 76, 32, 60, 80, 56, 6, 67, 61, 33, 7, 57, 34, 12, 16, 10, 94, 96, 88, 43, 46, 91, 2, 84, 29, 92, 19, 51, 89, 81, 25, 55, 72, 98, 38, 0, 62]|[2, 1, 2, 1, 1, 2, 1, 1, 1, 1, 1, 0, 2, 2, 1, 2, 0, 0, 0, 2, 2, 1, 0, 2, 0, 2, 2, 1, 0, 1, 1, 1, 0, 0, 1, 0, 2, 1, 2, 2, 0, 0, 1, 1, 0, 2, 0, 2, 1, 0, 0, 2, 0, 0, 2, 0, 1, 1, 0, 0, 2, 1, 1, 2, 2, 0, 2, 2, 2, 1, 2, 1, 1, 2, 0, 1, 1, 2, 1, 2, 0, 1, 1, 0, 1, 0, 0, 1, 0, 1, 1, 1, 1, 1, 0, 1, 2, 0, 2, 1]|[0, 3, 0, 3, 4, 1, 4, 4, 2, 4, 3, 2, 1, 0, 2, 1, 1, 1, 2, 1, 1, 3, 0, 1, 0, 1, 1, 4, 1, 4, 3, 2, 2, 0, 4, 1, 1, 4, 1, 1, 2, 1, 4, 4, 1, 1, 0, 1, 3, 2, 2, 1, 2, 1, 1, 2, 4, 3, 0, 2, 2, 3, 3, 1, 1, 2, 1, 1, 1, 4, 1, 3, 4, 1, 2, 4, 3, 1, 3, 1, 2, 4, 4, 2, 3, 2, 2, 3, 2, 4, 3, 4, 4, 4, 2, 4, 1, 2, 1, 3]|[0, 2, 0, 0, 3, 0, 1, 3, 0, 0, 2, 0, 1, 0, 1, 0, 0, 0, 1, 0, 0, 2, 0, 0, 1, 0, 0, 3, 0, 1, 0, 2, 0, 0, 3, 0, 1, 1, 0, 0, 0, 0, 1, 3, 0, 0, 1, 0, 2, 0, 0, 0, 0, 0, 1, 0, 1, 0, 1, 1, 0, 2, 0, 0, 0, 0, 0, 0, 0, 2, 0, 0, 1, 0, 0, 1, 0, 0, 3, 0, 0, 1, 2, 0, 0, 0, 0, 3, 0, 1, 0, 1, 2, 3, 0, 1, 0, 0, 0, 0],900.7357371583179,49127.8910864123,106649.60962791642,false
43,G3_TWC,G3_TWC,[31, 22, 82, 15, 26, 58, 95, 42, 77, 12, 47, 5, 93, 78, 98, 54, 85, 63, 18, 44, 20, 35, 43, 97, 91, 76, 10, 30, 21, 45, 71, 64, 1, 23, 17, 83, 24, 14, 60, 36, 6, 57, 94, 88, 65, 56, 79, 40, 67, 68, 46, 75, 39, 9, 19, 32, 81, 96, 27, 62, 87, 90, 99, 59, 11, 16, 72, 73, 70, 38, 37, 84, 3, 92, 25, 55, 28, 29, 51, 7, 33, 61, 86, 48, 89, 50, 69, 41, 53, 80, 4, 8, 34, 49, 52, 0, 13, 74, 2, 66]|[1, 1, 0, 1, 1, 1, 2, 1, 2, 1, 2, 2, 2, 1, 1, 0, 0, 1, 0, 2, 2, 0, 1, 2, 0, 1, 2, 2, 0, 0, 1, 2, 1, 2, 1, 0, 2, 0, 1, 1, 0, 1, 1, 1, 0, 2, 1, 1, 0, 0, 0, 0, 1, 1, 2, 1, 2, 0, 0, 0, 2, 1, 0, 1, 2, 1, 2, 1, 1, 1, 1, 1, 2, 0, 1, 1, 0, 0, 0, 1, 2, 1, 0, 0, 1, 0, 2, 0, 0, 0, 0, 1, 2, 0, 1, 0, 0, 0, 0, 2]|[4, 3, 2, 2, 0, 0, 2, 2, 2, 4, 1, 1, 2, 4, 4, 1, 1, 4, 2, 1, 1, 1, 1, 2, 1, 2, 1, 1, 1, 1, 3, 2, 3, 0, 4, 0, 1, 1, 0, 3, 2, 2, 4, 0, 1, 1, 0, 2, 0, 1, 2, 2, 1, 4, 0, 3, 2, 1, 1, 2, 1, 3, 1, 1, 1, 3, 0, 4, 3, 1, 4, 1, 1, 2, 4, 4, 2, 1, 1, 3, 1, 3, 1, 1, 1, 1, 1, 1, 2, 1, 2, 3, 1, 1, 1, 2, 2, 2, 2, 1]|[0, 2, 1, 1, 3, 3, 0, 1, 0, 0, 0, 0, 1, 0, 1, 0, 0, 3, 1, 0, 0, 0, 3, 1, 0, 2, 0, 0, 0, 1, 0, 0, 0, 0, 3, 0, 1, 0, 0, 2, 1, 1, 2, 0, 0, 0, 0, 1, 1, 0, 0, 0, 1, 3, 0, 0, 1, 0, 0, 1, 0, 2, 0, 1, 0, 2, 1, 0, 0, 1, 1, 3, 0, 1, 3, 3, 1, 0, 0, 2, 0, 0, 0, 0, 1, 0, 0, 0, 1, 0, 1, 2, 0, 1, 1, 0, 0, 0, 0, 0],833.2154215640596,57825.44465227681,88905.52377856613,false
43,G1_CMAX,G3_TWC,[31, 22, 82, 15, 26, 58, 95, 42, 77, 12, 47, 5, 93, 78, 98, 54, 85, 63, 18, 44, 20, 35, 43, 97, 91, 76, 10, 30, 21, 45, 71, 64, 1, 23, 17, 83, 24, 14, 60, 36, 6, 57, 94, 88, 65, 56, 79, 40, 67, 68, 46, 75, 39, 9, 19, 32, 81, 41, 27, 62, 87, 90, 99, 59, 11, 16, 72, 73, 70, 38, 37, 84, 3, 34, 25, 55, 28, 29, 51, 7, 33, 61, 86, 66, 89, 50, 48, 96, 53, 80, 4, 8, 92, 49, 52, 0, 13, 2, 69, 74]|[1, 1, 0, 1, 1, 1, 2, 1, 2, 1, 2, 2, 2, 1, 1, 0, 0, 1, 0, 2, 2, 0, 1, 2, 0, 1, 2, 2, 0, 0, 1, 2, 1, 2, 1, 0, 2, 0, 1, 1, 0, 1, 1, 1, 0, 2, 1, 1, 0, 0, 0, 0, 1, 1, 2, 1, 2, 0, 0, 0, 2, 1, 0, 1, 2, 1, 2, 1, 1, 1, 1, 1, 2, 2, 1, 1, 0, 0, 0, 1, 2, 1, 0, 2, 1, 0, 0, 2, 0, 0, 0, 1, 0, 0, 1, 0, 0, 0, 1, 2]|[4, 3, 2, 2, 0, 0, 2, 2, 2, 4, 1, 1, 2, 4, 4, 1, 1, 4, 2, 1, 1, 1, 1, 2, 1, 2, 1, 1, 1, 1, 3, 2, 3, 0, 4, 0, 1, 1, 0, 3, 2, 2, 4, 0, 1, 1, 0, 2, 0, 1, 2, 2, 1, 4, 0, 3, 2, 1, 1, 2, 1, 3, 1, 1, 1, 3, 1, 4, 3, 1, 4, 1, 1, 1, 4, 4, 2, 1, 1, 3, 1, 3, 1, 1, 1, 1, 1, 1, 2, 1, 2, 3, 2, 1, 1, 2, 2, 2, 3, 1]|[0, 2, 1, 1, 3, 3, 0, 1, 0, 0, 0, 0, 1, 0, 1, 0, 0, 3, 1, 0, 0, 0, 3, 1, 0, 2, 0, 0, 0, 1, 0, 0, 0, 0, 3, 0, 1, 0, 0, 2, 1, 1, 2, 0, 0, 0, 0, 1, 1, 0, 0, 0, 1, 3, 0, 0, 1, 0, 0, 1, 0, 2, 0, 1, 0, 2, 0, 0, 0, 1, 1, 3, 0, 0, 3, 3, 1, 0, 0, 2, 0, 0, 0, 0, 1, 0, 0, 0, 1, 0, 1, 2, 1, 1, 1, 0, 0, 0, 0, 0],781.0898781557919,57283.87438638968,90797.94336707742,true
43,G4_BALANCED,G4_BALANCED,[31, 22, 82, 15, 26, 9, 95, 42, 77, 68, 47, 5, 93, 78, 86, 54, 85, 63, 18, 44, 20, 49, 36, 14, 74, 50, 53, 17, 21, 28, 11, 64, 3, 23, 30, 83, 24, 41, 40, 52, 65, 27, 90, 70, 39, 87, 48, 69, 99, 4, 46, 1, 13, 58, 19, 59, 45, 8, 73, 37, 35, 79, 71, 66, 76, 32, 60, 80, 96, 6, 16, 61, 33, 7, 57, 34, 12, 0, 10, 98, 56, 88, 43, 84, 91, 38, 75, 92, 29, 97, 51, 55, 72, 89, 25, 81, 94, 2, 62, 67]|[2, 1, 2, 1, 1, 0, 1, 1, 1, 1, 1, 0, 2, 2, 1, 2, 0, 0, 0, 2, 2, 1, 0, 2, 0, 2, 2, 1, 0, 1, 1, 1, 0, 0, 1, 0, 2, 1, 2, 2, 0, 0, 1, 1, 0, 2, 0, 2, 1, 0, 0, 2, 0, 0, 2, 0, 1, 1, 0, 0, 2, 1, 1, 1, 2, 0, 2, 2, 0, 1, 2, 1, 1, 2, 0, 1, 1, 2, 1, 2, 2, 1, 1, 0, 1, 0, 0, 0, 1, 1, 1, 0, 1, 1, 1, 1, 2, 2, 1, 2]|[0, 3, 0, 3, 4, 1, 4, 4, 2, 4, 3, 2, 1, 0, 2, 1, 1, 1, 2, 1, 1, 3, 0, 1, 0, 1, 1, 4, 1, 4, 3, 2, 2, 0, 4, 1, 1, 4, 1, 1, 2, 1, 4, 4, 1, 1, 0, 2, 3, 2, 2, 1, 2, 1, 1, 2, 4, 3, 0, 2, 2, 3, 3, 1, 1, 2, 1, 1, 2, 4, 1, 3, 4, 1, 2, 4, 3, 1, 3, 1, 1, 4, 4, 2, 3, 2, 2, 2, 3, 4, 3, 2, 4, 4, 4, 4, 1, 1, 3, 1]|[0, 2, 0, 0, 3, 0, 1, 3, 0, 0, 2, 0, 1, 0, 1, 0, 0, 0, 1, 0, 0, 2, 0, 0, 1, 0, 0, 3, 0, 1, 0, 2, 0, 0, 3, 0, 1, 1, 0, 0, 0, 0, 1, 3, 0, 0, 1, 0, 2, 0, 0, 0, 0, 1, 1, 0, 1, 0, 1, 1, 0, 2, 0, 2, 0, 0, 0, 0, 0, 2, 0, 0, 1, 0, 0, 1, 0, 0, 3, 0, 0, 1, 2, 0, 0, 0, 0, 0, 3, 1, 0, 0, 1, 1, 3, 2, 0, 0, 0, 0],868.7994921460532,50068.77001334401,103601.68288749359,false
43,G2_TEC,G2_TEC,[31, 22, 82, 15, 26, 9, 95, 42, 77, 68, 47, 5, 93, 78, 86, 54, 85, 63, 18, 44, 20, 49, 36, 14, 74, 50, 53, 17, 21, 28, 11, 64, 3, 23, 30, 83, 24, 41, 40, 52, 65, 27, 90, 70, 39, 87, 48, 69, 99, 4, 75, 1, 13, 58, 97, 59, 45, 8, 73, 37, 35, 79, 71, 66, 76, 32, 60, 80, 56, 6, 67, 61, 33, 7, 57, 34, 12, 16, 10, 94, 96, 88, 43, 46, 91, 2, 84, 29, 92, 19, 51, 89, 81, 25, 55, 72, 98, 38, 0, 62]|[2, 1, 2, 1, 1, 2, 1, 1, 1, 1, 1, 0, 2, 2, 1, 2, 0, 0, 0, 2, 2, 1, 0, 2, 0, 2, 2, 1, 0, 1, 1, 1, 0, 0, 1, 0, 2, 1, 2, 2, 0, 0, 1, 1, 0, 2, 0, 2, 1, 0, 0, 2, 0, 0, 2, 0, 1, 1, 0, 0, 2, 1, 1, 2, 2, 0, 2, 2, 2, 1, 2, 1, 1, 2, 0, 1, 1, 2, 1, 2, 0, 1, 1, 0, 1, 0, 0, 1, 0, 1, 1, 1, 1, 1, 0, 1, 2, 0, 2, 1]|[0, 3, 0, 3, 4, 1, 4, 4, 2, 4, 3, 2, 1, 0, 2, 1, 1, 1, 2, 1, 1, 3, 0, 1, 0, 1, 1, 4, 1, 4, 3, 2, 2, 0, 4, 1, 1, 4, 1, 1, 2, 1, 4, 4, 1, 1, 0, 1, 3, 2, 2, 1, 2, 1, 1, 2, 4, 3, 0, 2, 2, 3, 3, 1, 1, 2, 1, 1, 1, 4, 1, 3, 4, 1, 2, 4, 3, 1, 3, 1, 2, 4, 4, 2, 3, 2, 2, 3, 2, 4, 3, 4, 4, 4, 2, 4, 1, 2, 1, 3]|[0, 2, 0, 0, 3, 0, 1, 3, 0, 0, 2, 0, 1, 0, 1, 0, 0, 0, 1, 0, 0, 2, 0, 0, 1, 0, 0, 3, 0, 1, 0, 2, 0, 0, 3, 0, 1, 1, 0, 0, 0, 0, 1, 3, 0, 0, 1, 0, 2, 0, 0, 0, 0, 0, 1, 0, 1, 0, 1, 1, 0, 2, 0, 0, 0, 0, 0, 0, 0, 2, 0, 0, 1, 0, 0, 1, 0, 0, 3, 0, 0, 1, 2, 0, 0, 0, 0, 3, 0, 1, 0, 1, 2, 3, 0, 1, 0, 0, 0, 0],900.7357371583179,49127.8910864123,106649.60962791642,false
43,G3_TWC,G3_TWC,[31, 22, 82, 15, 26, 58, 95, 42, 77, 12, 47, 5, 93, 78, 98, 54, 85, 63, 18, 44, 20, 35, 43, 97, 91, 76, 10, 30, 21, 45, 71, 64, 1, 23, 17, 83, 24, 14, 60, 36, 6, 57, 94, 88, 65, 56, 79, 40, 67, 68, 46, 75, 39, 9, 19, 32, 81, 96, 27, 62, 87, 90, 99, 59, 11, 16, 72, 73, 70, 38, 37, 84, 3, 92, 25, 55, 28, 29, 51, 7, 33, 61, 86, 48, 89, 50, 69, 41, 53, 80, 4, 8, 34, 49, 52, 0, 13, 74, 2, 66]|[1, 1, 0, 1, 1, 1, 2, 1, 2, 1, 2, 2, 2, 1, 1, 0, 0, 1, 0, 2, 2, 0, 1, 2, 0, 1, 2, 2, 0, 0, 1, 2, 1, 2, 1, 0, 2, 0, 1, 1, 0, 1, 1, 1, 0, 2, 1, 1, 0, 0, 0, 0, 1, 1, 2, 1, 2, 0, 0, 0, 2, 1, 0, 1, 2, 1, 2, 1, 1, 1, 1, 1, 2, 0, 1, 1, 0, 0, 0, 1, 2, 1, 0, 0, 1, 0, 2, 0, 0, 0, 0, 1, 2, 0, 1, 0, 0, 0, 0, 2]|[4, 3, 2, 2, 0, 0, 2, 2, 2, 4, 1, 1, 2, 4, 4, 1, 1, 4, 2, 1, 1, 1, 1, 2, 1, 2, 1, 1, 1, 1, 3, 2, 3, 0, 4, 0, 1, 1, 0, 3, 2, 2, 4, 0, 1, 1, 0, 2, 0, 1, 2, 2, 1, 4, 0, 3, 2, 1, 1, 2, 1, 3, 1, 1, 1, 3, 0, 4, 3, 1, 4, 1, 1, 2, 4, 4, 2, 1, 1, 3, 1, 3, 1, 1, 1, 1, 1, 1, 2, 1, 2, 3, 1, 1, 1, 2, 2, 2, 2, 1]|[0, 2, 1, 1, 3, 3, 0, 1, 0, 0, 0, 0, 1, 0, 1, 0, 0, 3, 1, 0, 0, 0, 3, 1, 0, 2, 0, 0, 0, 1, 0, 0, 0, 0, 3, 0, 1, 0, 0, 2, 1, 1, 2, 0, 0, 0, 0, 1, 1, 0, 0, 0, 1, 3, 0, 0, 1, 0, 0, 1, 0, 2, 0, 1, 0, 2, 1, 0, 0, 1, 1, 3, 0, 1, 3, 3, 1, 0, 0, 2, 0, 0, 0, 0, 1, 0, 0, 0, 1, 0, 1, 2, 0, 1, 1, 0, 0, 0, 0, 0],833.2154215640596,57825.44465227681,88905.52377856613,false
43,G1_CMAX,G3_TWC,[31, 22, 82, 15, 26, 58, 95, 42, 77, 12, 47, 5, 93, 78, 98, 54, 85, 63, 18, 44, 20, 35, 43, 97, 91, 76, 10, 30, 21, 45, 71, 64, 1, 23, 17, 83, 24, 14, 60, 36, 6, 57, 94, 88, 65, 56, 79, 40, 67, 68, 46, 75, 39, 9, 19, 32, 81, 41, 27, 62, 87, 90, 99, 59, 11, 16, 72, 73, 70, 38, 37, 84, 3, 34, 25, 55, 28, 29, 51, 7, 33, 61, 86, 66, 89, 50, 48, 96, 53, 80, 4, 8, 92, 49, 52, 0, 13, 2, 69, 74]|[1, 1, 0, 1, 1, 1, 2, 1, 2, 1, 2, 2, 2, 1, 1, 0, 0, 1, 0, 2, 2, 0, 1, 2, 0, 1, 2, 2, 0, 0, 1, 2, 1, 2, 1, 0, 2, 0, 1, 1, 0, 1, 1, 1, 0, 2, 1, 1, 0, 0, 0, 0, 1, 1, 2, 1, 2, 0, 0, 0, 2, 1, 0, 1, 2, 1, 2, 1, 1, 1, 1, 1, 2, 2, 1, 1, 0, 0, 0, 1, 2, 1, 0, 2, 1, 0, 0, 2, 0, 0, 0, 1, 0, 0, 1, 0, 0, 0, 1, 2]|[4, 3, 2, 2, 0, 0, 2, 2, 2, 4, 1, 1, 2, 4, 4, 1, 1, 4, 2, 1, 1, 1, 1, 2, 1, 2, 1, 1, 1, 1, 3, 2, 3, 0, 4, 0, 1, 1, 0, 3, 2, 2, 4, 0, 1, 1, 0, 2, 0, 1, 2, 2, 1, 4, 0, 3, 2, 1, 1, 2, 1, 3, 1, 1, 1, 3, 1, 4, 3, 1, 4, 1, 1, 1, 4, 4, 2, 1, 1, 3, 1, 3, 1, 1, 1, 1, 1, 1, 2, 1, 2, 3, 2, 1, 1, 2, 2, 2, 3, 1]|[0, 2, 1, 1, 3, 3, 0, 1, 0, 0, 0, 0, 1, 0, 1, 0, 0, 3, 1, 0, 0, 0, 3, 1, 0, 2, 0, 0, 0, 1, 0, 0, 0, 0, 3, 0, 1, 0, 0, 2, 1, 1, 2, 0, 0, 0, 0, 1, 1, 0, 0, 0, 1, 3, 0, 0, 1, 0, 0, 1, 0, 2, 0, 1, 0, 2, 0, 0, 0, 1, 1, 3, 0, 0, 3, 3, 1, 0, 0, 2, 0, 0, 0, 0, 1, 0, 0, 0, 1, 0, 1, 2, 1, 1, 1, 0, 0, 0, 0, 0],781.0898781557919,57283.87438638968,90797.94336707742,true
43,G4_BALANCED,G4_BALANCED,[31, 22, 82, 15, 26, 9, 95, 42, 77, 68, 47, 5, 93, 78, 86, 54, 85, 63, 18, 44, 20, 49, 36, 14, 74, 50, 53, 17, 21, 28, 11, 64, 3, 23, 30, 83, 24, 41, 40, 52, 65, 27, 90, 70, 39, 87, 48, 69, 99, 4, 46, 1, 13, 58, 19, 59, 45, 8, 73, 37, 35, 79, 71, 66, 76, 32, 60, 80, 96, 6, 16, 61, 33, 7, 57, 34, 12, 0, 10, 98, 56, 88, 43, 84, 91, 38, 75, 92, 29, 97, 51, 55, 72, 89, 25, 81, 94, 2, 62, 67]|[2, 1, 2, 1, 1, 0, 1, 1, 1, 1, 1, 0, 2, 2, 1, 2, 0, 0, 0, 2, 2, 1, 0, 2, 0, 2, 2, 1, 0, 1, 1, 1, 0, 0, 1, 0, 2, 1, 2, 2, 0, 0, 1, 1, 0, 2, 0, 2, 1, 0, 0, 2, 0, 0, 2, 0, 1, 1, 0, 0, 2, 1, 1, 1, 2, 0, 2, 2, 0, 1, 2, 1, 1, 2, 0, 1, 1, 2, 1, 2, 2, 1, 1, 0, 1, 0, 0, 0, 1, 1, 1, 0, 1, 1, 1, 1, 2, 2, 1, 2]|[0, 3, 0, 3, 4, 1, 4, 4, 2, 4, 3, 2, 1, 0, 2, 1, 1, 1, 2, 1, 1, 3, 0, 1, 0, 1, 1, 4, 1, 4, 3, 2, 2, 0, 4, 1, 1, 4, 1, 1, 2, 1, 4, 4, 1, 1, 0, 2, 3, 2, 2, 1, 2, 1, 1, 2, 4, 3, 0, 2, 2, 3, 3, 1, 1, 2, 1, 1, 2, 4, 1, 3, 4, 1, 2, 4, 3, 1, 3, 1, 1, 4, 4, 2, 3, 2, 2, 2, 3, 4, 3, 2, 4, 4, 4, 4, 1, 1, 3, 1]|[0, 2, 0, 0, 3, 0, 1, 3, 0, 0, 2, 0, 1, 0, 1, 0, 0, 0, 1, 0, 0, 2, 0, 0, 1, 0, 0, 3, 0, 1, 0, 2, 0, 0, 3, 0, 1, 1, 0, 0, 0, 0, 1, 3, 0, 0, 1, 0, 2, 0, 0, 0, 0, 1, 1, 0, 1, 0, 1, 1, 0, 2, 0, 2, 0, 0, 0, 0, 0, 2, 0, 0, 1, 0, 0, 1, 0, 0, 3, 0, 0, 1, 2, 0, 0, 0, 0, 0, 3, 1, 0, 0, 1, 1, 3, 2, 0, 0, 0, 0],868.7994921460532,50068.77001334401,103601.68288749359,false
43,G2_TEC,G2_TEC,[31, 22, 82, 15, 26, 9, 95, 42, 77, 68, 47, 5, 93, 78, 86, 54, 85, 63, 18, 44, 20, 49, 36, 14, 74, 50, 53, 17, 21, 28, 11, 64, 3, 23, 30, 83, 24, 41, 40, 52, 65, 27, 90, 70, 39, 87, 48, 69, 99, 4, 75, 1, 13, 58, 97, 59, 45, 8, 73, 37, 35, 79, 71, 66, 76, 32, 60, 80, 56, 6, 67, 61, 33, 7, 57, 34, 12, 16, 10, 94, 96, 88, 43, 81, 91, 2, 84, 29, 92, 19, 51, 89, 46, 55, 25, 72, 98, 38, 62, 0]|[2, 1, 2, 1, 1, 2, 1, 1, 1, 1, 1, 0, 2, 2, 1, 2, 0, 0, 0, 2, 2, 1, 0, 2, 0, 2, 2, 1, 0, 1, 1, 1, 0, 0, 1, 0, 2, 1, 2, 2, 0, 0, 1, 1, 0, 2, 0, 2, 1, 0, 0, 2, 0, 0, 2, 0, 1, 1, 0, 0, 2, 1, 1, 2, 2, 0, 2, 2, 2, 1, 2, 1, 1, 2, 0, 1, 1, 2, 1, 2, 0, 1, 1, 1, 1, 0, 0, 1, 0, 1, 1, 1, 0, 0, 1, 1, 2, 0, 1, 2]|[0, 3, 0, 3, 4, 1, 4, 4, 2, 4, 3, 2, 1, 0, 2, 1, 1, 1, 2, 1, 1, 3, 0, 1, 0, 1, 1, 4, 1, 4, 3, 2, 2, 0, 4, 1, 1, 4, 1, 1, 2, 1, 4, 4, 1, 1, 0, 1, 3, 2, 2, 1, 2, 1, 1, 2, 4, 3, 0, 2, 2, 3, 3, 1, 1, 2, 1, 1, 1, 4, 1, 3, 4, 1, 2, 4, 3, 1, 3, 1, 2, 4, 4, 4, 3, 2, 2, 3, 2, 4, 3, 4, 2, 2, 4, 4, 1, 2, 3, 1]|[0, 2, 0, 0, 3, 0, 1, 3, 0, 0, 2, 0, 1, 0, 1, 0, 0, 0, 1, 0, 0, 2, 0, 0, 1, 0, 0, 3, 0, 1, 0, 2, 0, 0, 3, 0, 1, 1, 0, 0, 0, 0, 1, 3, 0, 0, 1, 0, 2, 0, 0, 0, 0, 0, 1, 0, 1, 0, 1, 1, 0, 2, 0, 0, 0, 0, 0, 0, 0, 2, 0, 0, 1, 0, 0, 1, 0, 0, 3, 0, 0, 1, 2, 2, 0, 0, 0, 3, 0, 1, 0, 1, 0, 0, 3, 1, 0, 0, 0, 0],900.4100493268897,49108.38747949638,106634.02535620308,false
43,G3_TWC,G3_TWC,[31, 22, 82, 15, 26, 58, 95, 42, 77, 12, 47, 5, 93, 78, 98, 54, 85, 63, 18, 44, 20, 35, 43, 97, 91, 76, 10, 30, 21, 45, 71, 64, 1, 23, 17, 83, 24, 14, 60, 36, 6, 57, 94, 88, 65, 56, 79, 40, 67, 68, 46, 75, 39, 9, 19, 32, 81, 96, 27, 62, 87, 90, 99, 59, 11, 16, 72, 73, 70, 38, 37, 84, 3, 92, 25, 55, 28, 29, 51, 7, 33, 61, 86, 48, 89, 50, 69, 41, 53, 80, 4, 8, 34, 49, 52, 0, 13, 74, 2, 66]|[1, 1, 0, 1, 1, 1, 2, 1, 2, 1, 2, 2, 2, 1, 1, 0, 0, 1, 0, 2, 2, 0, 1, 2, 0, 1, 2, 2, 0, 0, 1, 2, 1, 2, 1, 0, 2, 0, 1, 1, 0, 1, 1, 1, 0, 2, 1, 1, 0, 0, 0, 0, 1, 1, 2, 1, 2, 0, 0, 0, 2, 1, 0, 1, 2, 1, 2, 1, 1, 1, 1, 1, 2, 0, 1, 1, 0, 0, 0, 1, 2, 1, 0, 0, 1, 0, 2, 0, 0, 0, 0, 1, 2, 0, 1, 0, 0, 0, 0, 2]|[4, 3, 2, 2, 0, 0, 2, 2, 2, 4, 1, 1, 2, 4, 4, 1, 1, 4, 2, 1, 1, 1, 1, 2, 1, 2, 1, 1, 1, 1, 3, 2, 3, 0, 4, 0, 1, 1, 0, 3, 2, 2, 4, 0, 1, 1, 0, 2, 0, 1, 2, 2, 1, 4, 0, 3, 2, 1, 1, 2, 1, 3, 1, 1, 1, 3, 0, 4, 3, 1, 4, 1, 1, 2, 4, 4, 2, 1, 1, 3, 1, 3, 1, 1, 1, 1, 1, 1, 2, 1, 2, 3, 1, 1, 1, 2, 2, 2, 2, 1]|[0, 2, 1, 1, 3, 3, 0, 1, 0, 0, 0, 0, 1, 0, 1, 0, 0, 3, 1, 0, 0, 0, 3, 1, 0, 2, 0, 0, 0, 1, 0, 0, 0, 0, 3, 0, 1, 0, 0, 2, 1, 1, 2, 0, 0, 0, 0, 1, 1, 0, 0, 0, 1, 3, 0, 0, 1, 0, 0, 1, 0, 2, 0, 1, 0, 2, 1, 0, 0, 1, 1, 3, 0, 1, 3, 3, 1, 0, 0, 2, 0, 0, 0, 0, 1, 0, 0, 0, 1, 0, 1, 2, 0, 1, 1, 0, 0, 0, 0, 0],833.2154215640596,57825.44465227681,88905.52377856613,false
43,G1_CMAX,G1_CMAX,[31, 22, 90, 26, 58, 95, 42, 12, 93, 5, 78, 86, 98, 18, 20, 35, 3, 97, 91, 76, 10, 85, 54, 45, 63, 71, 66, 1, 23, 17, 24, 60, 36, 6, 57, 15, 65, 56, 47, 79, 94, 67, 50, 46, 14, 75, 38, 9, 30, 19, 32, 81, 27, 92, 83, 87, 40, 99, 59, 11, 53, 16, 72, 77, 73, 70, 39, 37, 84, 43, 62, 25, 55, 28, 29, 51, 68, 82, 74, 61, 88, 21, 80, 89, 7, 69, 96, 41, 48, 4, 8, 34, 49, 52, 0, 44, 13, 2, 64, 33]|[1, 1, 1, 1, 0, 2, 1, 1, 2, 2, 2, 1, 0, 1, 2, 2, 1, 2, 0, 1, 2, 2, 2, 0, 0, 1, 2, 1, 2, 1, 2, 1, 1, 0, 1, 1, 0, 2, 2, 1, 1, 0, 0, 0, 0, 1, 1, 1, 1, 2, 1, 2, 2, 0, 0, 2, 1, 0, 0, 2, 0, 1, 2, 2, 1, 1, 1, 1, 1, 1, 0, 1, 1, 0, 0, 0, 0, 0, 2, 1, 1, 0, 0, 1, 1, 1, 2, 2, 0, 1, 1, 2, 0, 1, 0, 0, 0, 0, 2, 2]|[0, 4, 3, 0, 1, 1, 2, 4, 1, 1, 2, 4, 1, 4, 1, 1, 1, 2, 2, 2, 2, 1, 1, 1, 2, 3, 2, 3, 0, 4, 1, 0, 3, 2, 2, 2, 1, 1, 1, 0, 2, 0, 1, 2, 1, 3, 1, 4, 2, 0, 3, 2, 1, 2, 1, 1, 4, 1, 1, 1, 2, 3, 0, 2, 4, 3, 1, 4, 1, 1, 1, 4, 4, 2, 1, 1, 1, 2, 1, 3, 0, 1, 1, 1, 1, 3, 1, 1, 1, 4, 3, 1, 1, 1, 2, 2, 2, 2, 1, 1]|[3, 0, 2, 3, 0, 0, 1, 0, 0, 0, 1, 0, 0, 3, 0, 0, 1, 1, 1, 2, 1, 0, 0, 0, 0, 0, 0, 0, 0, 3, 1, 0, 2, 1, 1, 1, 0, 0, 0, 0, 1, 1, 0, 0, 0, 0, 1, 3, 2, 0, 0, 1, 0, 1, 0, 0, 2, 0, 0, 0, 1, 2, 1, 1, 0, 0, 1, 1, 3, 3, 0, 3, 3, 1, 0, 0, 0, 1, 0, 0, 0, 0, 0, 1, 2, 2, 0, 0, 0, 0, 2, 0, 1, 1, 0, 0, 0, 0, 0, 0],705.0470749739228,58445.79123614564,95781.2895945797,false
43,G4_BALANCED,G1_CMAX,[22, 82, 3, 58, 95, 42, 77, 47, 5, 93, 78, 12, 86, 54, 50, 63, 18, 44, 20, 35, 43, 97, 91, 76, 10, 30, 21, 45, 71, 64, 36, 23, 17, 83, 24, 14, 60, 1, 6, 40, 57, 90, 65, 56, 79, 94, 67, 68, 46, 75, 38, 9, 19, 32, 81, 41, 27, 62, 16, 55, 59, 89, 88, 87, 31, 72, 73, 70, 39, 37, 84, 92, 25, 11, 48, 15, 29, 51, 7, 33, 61, 98, 28, 99, 26, 85, 66, 96, 53, 80, 4, 8, 34, 49, 52, 2, 13, 0, 69, 74]|[1, 0, 1, 0, 1, 2, 2, 2, 2, 2, 1, 1, 1, 0, 0, 1, 0, 2, 2, 0, 1, 2, 0, 1, 2, 2, 0, 0, 1, 2, 1, 2, 1, 0, 2, 0, 1, 1, 0, 1, 1, 1, 0, 2, 1, 1, 0, 0, 0, 0, 1, 1, 2, 1, 2, 0, 0, 0, 1, 2, 1, 1, 1, 1, 1, 2, 1, 2, 1, 1, 1, 0, 1, 2, 2, 1, 0, 0, 1, 2, 1, 2, 0, 1, 1, 0, 0, 2, 0, 0, 1, 1, 2, 0, 1, 0, 0, 0, 1, 2]|[3, 2, 1, 1, 2, 1, 2, 1, 1, 2, 4, 4, 4, 1, 1, 4, 2, 1, 1, 1, 1, 2, 1, 2, 1, 1, 2, 1, 3, 2, 3, 1, 4, 1, 1, 1, 0, 3, 2, 2, 2, 3, 1, 1, 0, 4, 0, 1, 2, 2, 1, 4, 0, 3, 2, 1, 1, 2, 3, 1, 1, 1, 0, 3, 0, 0, 3, 0, 1, 4, 1, 0, 4, 1, 1, 4, 1, 1, 1, 1, 3, 1, 2, 1, 0, 2, 1, 1, 2, 1, 4, 3, 1, 1, 1, 2, 2, 2, 4, 1]|[3, 1, 2, 0, 1, 0, 0, 0, 0, 1, 0, 0, 1, 0, 0, 3, 1, 0, 0, 0, 3, 1, 0, 2, 0, 0, 0, 1, 0, 0, 2, 0, 3, 0, 1, 0, 0, 0, 1, 1, 1, 2, 0, 0, 0, 2, 1, 0, 0, 0, 1, 3, 0, 0, 1, 0, 0, 1, 2, 0, 1, 1, 0, 2, 0, 1, 0, 1, 1, 1, 1, 1, 3, 0, 0, 3, 0, 0, 2, 0, 0, 0, 1, 1, 3, 0, 0, 0, 1, 0, 0, 2, 0, 1, 1, 0, 0, 0, 2, 0],715.7913946700162,58060.95961022334,95287.06515100288,true
43,G2_TEC,G2_TEC,[31, 22, 82, 15, 26, 9, 95, 42, 77, 68, 47, 5, 93, 78, 86, 54, 85, 63, 18, 44, 20, 49, 36, 14, 74, 50, 53, 17, 21, 28, 11, 64, 3, 23, 30, 83, 24, 41, 40, 52, 65, 27, 90, 70, 39, 87, 48, 69, 99, 4, 75, 1, 13, 58, 97, 59, 45, 8, 73, 37, 35, 79, 71, 66, 76, 32, 60, 80, 56, 6, 67, 61, 33, 7, 57, 34, 12, 16, 10, 94, 96, 88, 43, 81, 91, 2, 84, 29, 92, 19, 51, 89, 46, 55, 25, 72, 98, 38, 62, 0]|[2, 1, 2, 1, 1, 2, 1, 1, 1, 1, 1, 0, 2, 2, 1, 2, 0, 0, 0, 2, 2, 1, 0, 2, 0, 2, 2, 1, 0, 1, 1, 1, 0, 0, 1, 0, 2, 1, 2, 2, 0, 0, 1, 1, 0, 2, 0, 2, 1, 0, 0, 2, 0, 0, 2, 0, 1, 1, 0, 0, 2, 1, 1, 2, 2, 0, 2, 2, 2, 1, 2, 1, 1, 2, 0, 1, 1, 2, 1, 2, 0, 1, 1, 1, 1, 0, 0, 1, 0, 1, 1, 1, 0, 0, 1, 1, 2, 0, 1, 2]|[0, 3, 0, 3, 4, 1, 4, 4, 2, 4, 3, 2, 1, 0, 2, 1, 1, 1, 2, 1, 1, 3, 0, 1, 0, 1, 1, 4, 1, 4, 3, 2, 2, 0, 4, 1, 1, 4, 1, 1, 2, 1, 4, 4, 1, 1, 0, 1, 3, 2, 2, 1, 2, 1, 1, 2, 4, 3, 0, 2, 2, 3, 3, 1, 1, 2, 1, 1, 1, 4, 1, 3, 4, 1, 2, 4, 3, 1, 3, 1, 2, 4, 4, 4, 3, 2, 2, 3, 2, 4, 3, 4, 2, 2, 4, 4, 1, 2, 3, 1]|[0, 2, 0, 0, 3, 0, 1, 3, 0, 0, 2, 0, 1, 0, 1, 0, 0, 0, 1, 0, 0, 2, 0, 0, 1, 0, 0, 3, 0, 1, 0, 2, 0, 0, 3, 0, 1, 1, 0, 0, 0, 0, 1, 3, 0, 0, 1, 0, 2, 0, 0, 0, 0, 0, 1, 0, 1, 0, 1, 1, 0, 2, 0, 0, 0, 0, 0, 0, 0, 2, 0, 0, 1, 0, 0, 1, 0, 0, 3, 0, 0, 1, 2, 2, 0, 0, 0, 3, 0, 1, 0, 1, 0, 0, 3, 1, 0, 0, 0, 0],900.4100493268897,49108.38747949638,106634.02535620308,false
43,G3_TWC,G3_TWC,[31, 22, 82, 15, 26, 58, 95, 42, 77, 12, 47, 5, 93, 78, 98, 54, 85, 63, 18, 44, 20, 35, 43, 97, 91, 76, 10, 30, 21, 45, 71, 64, 1, 23, 17, 83, 24, 14, 60, 36, 6, 57, 94, 88, 65, 56, 79, 40, 67, 68, 46, 75, 39, 9, 19, 32, 81, 96, 27, 62, 87, 90, 99, 59, 11, 16, 72, 73, 70, 38, 37, 84, 3, 92, 25, 55, 28, 29, 51, 7, 33, 61, 86, 48, 89, 50, 69, 41, 53, 80, 4, 8, 34, 49, 52, 0, 13, 74, 2, 66]|[1, 1, 0, 1, 1, 1, 2, 1, 2, 1, 2, 2, 2, 1, 1, 0, 0, 1, 0, 2, 2, 0, 1, 2, 0, 1, 2, 2, 0, 0, 1, 2, 1, 2, 1, 0, 2, 0, 1, 1, 0, 1, 1, 1, 0, 2, 1, 1, 0, 0, 0, 0, 1, 1, 2, 1, 2, 0, 0, 0, 2, 1, 0, 1, 2, 1, 2, 1, 1, 1, 1, 1, 2, 0, 1, 1, 0, 0, 0, 1, 2, 1, 0, 0, 1, 0, 2, 0, 0, 0, 0, 1, 2, 0, 1, 0, 0, 0, 0, 2]|[4, 3, 2, 2, 0, 0, 2, 2, 2, 4, 1, 1, 2, 4, 4, 1, 1, 4, 2, 1, 1, 1, 1, 2, 1, 2, 1, 1, 1, 1, 3, 2, 3, 0, 4, 0, 1, 1, 0, 3, 2, 2, 4, 0, 1, 1, 0, 2, 0, 1, 2, 2, 1, 4, 0, 3, 2, 1, 1, 2, 1, 3, 1, 1, 1, 3, 0, 4, 3, 1, 4, 1, 1, 2, 4, 4, 2, 1, 1, 3, 1, 3, 1, 1, 1, 1, 1, 1, 2, 1, 2, 3, 1, 1, 1, 2, 2, 2, 2, 1]|[0, 2, 1, 1, 3, 3, 0, 1, 0, 0, 0, 0, 1, 0, 1, 0, 0, 3, 1, 0, 0, 0, 3, 1, 0, 2, 0, 0, 0, 1, 0, 0, 0, 0, 3, 0, 1, 0, 0, 2, 1, 1, 2, 0, 0, 0, 0, 1, 1, 0, 0, 0, 1, 3, 0, 0, 1, 0, 0, 1, 0, 2, 0, 1, 0, 2, 1, 0, 0, 1, 1, 3, 0, 1, 3, 3, 1, 0, 0, 2, 0, 0, 0, 0, 1, 0, 0, 0, 1, 0, 1, 2, 0, 1, 1, 0, 0, 0, 0, 0],833.2154215640596,57825.44465227681,88905.52377856613,false
43,G1_CMAX,G1_CMAX,[31, 22, 90, 26, 58, 95, 42, 12, 93, 5, 78, 86, 98, 18, 20, 35, 3, 97, 91, 76, 10, 85, 54, 45, 63, 71, 66, 1, 23, 17, 24, 60, 36, 6, 57, 15, 65, 56, 47, 79, 94, 67, 50, 46, 14, 75, 38, 9, 30, 19, 32, 81, 27, 92, 83, 87, 40, 99, 59, 11, 53, 16, 72, 77, 73, 70, 39, 37, 84, 43, 62, 25, 55, 28, 29, 51, 68, 82, 74, 61, 88, 21, 80, 89, 7, 69, 96, 41, 48, 4, 8, 34, 49, 52, 0, 44, 13, 2, 64, 33]|[1, 1, 1, 1, 0, 2, 1, 1, 2, 2, 2, 1, 0, 1, 2, 2, 1, 2, 0, 1, 2, 2, 2, 0, 0, 1, 2, 1, 2, 1, 2, 1, 1, 0, 1, 1, 0, 2, 2, 1, 1, 0, 0, 0, 0, 1, 1, 1, 1, 2, 1, 2, 2, 0, 0, 2, 1, 0, 0, 2, 0, 1, 2, 2, 1, 1, 1, 1, 1, 1, 0, 1, 1, 0, 0, 0, 0, 0, 2, 1, 1, 0, 0, 1, 1, 1, 2, 2, 0, 1, 1, 2, 0, 1, 0, 0, 0, 0, 2, 2]|[0, 4, 3, 0, 1, 1, 2, 4, 1, 1, 2, 4, 1, 4, 1, 1, 1, 2, 2, 2, 2, 1, 1, 1, 2, 3, 2, 3, 0, 4, 1, 0, 3, 2, 2, 2, 1, 1, 1, 0, 2, 0, 1, 2, 1, 3, 1, 4, 2, 0, 3, 2, 1, 2, 1, 1, 4, 1, 1, 1, 2, 3, 0, 2, 4, 3, 1, 4, 1, 1, 1, 4, 4, 2, 1, 1, 1, 2, 1, 3, 0, 1, 1, 1, 1, 3, 1, 1, 1, 4, 3, 1, 1, 1, 2, 2, 2, 2, 1, 1]|[3, 0, 2, 3, 0, 0, 1, 0, 0, 0, 1, 0, 0, 3, 0, 0, 1, 1, 1, 2, 1, 0, 0, 0, 0, 0, 0, 0, 0, 3, 1, 0, 2, 1, 1, 1, 0, 0, 0, 0, 1, 1, 0, 0, 0, 0, 1, 3, 2, 0, 0, 1, 0, 1, 0, 0, 2, 0, 0, 0, 1, 2, 1, 1, 0, 0, 1, 1, 3, 3, 0, 3, 3, 1, 0, 0, 0, 1, 0, 0, 0, 0, 0, 1, 2, 2, 0, 0, 0, 0, 2, 0, 1, 1, 0, 0, 0, 0, 0, 0],705.0470749739228,58445.79123614564,95781.2895945797,false
43,G4_BALANCED,G3_TWC,[31, 22, 82, 15, 26, 58, 95, 42, 77, 12, 47, 5, 93, 78, 98, 54, 85, 63, 18, 44, 20, 35, 43, 97, 91, 76, 10, 30, 21, 45, 71, 64, 1, 23, 17, 83, 24, 14, 60, 36, 6, 57, 94, 88, 65, 56, 79, 40, 67, 68, 46, 75, 38, 9, 19, 32, 81, 41, 27, 62, 87, 90, 99, 59, 11, 16, 72, 73, 70, 39, 37, 84, 3, 96, 25, 55, 28, 29, 51, 7, 33, 61, 86, 48, 89, 50, 66, 92, 53, 80, 4, 8, 34, 49, 52, 0, 13, 2, 69, 74]|[1, 1, 0, 1, 1, 1, 2, 1, 2, 1, 2, 2, 2, 1, 1, 0, 0, 1, 0, 2, 2, 0, 1, 2, 0, 1, 2, 2, 0, 0, 1, 2, 1, 2, 1, 0, 2, 0, 1, 1, 0, 1, 1, 1, 0, 2, 1, 1, 0, 0, 0, 0, 1, 1, 2, 1, 2, 0, 0, 0, 2, 1, 1, 2, 2, 1, 2, 1, 1, 1, 1, 1, 2, 0, 1, 1, 0, 0, 0, 1, 2, 1, 0, 0, 1, 0, 2, 0, 0, 0, 0, 1, 2, 0, 1, 0, 0, 0, 1, 2]|[4, 3, 2, 2, 0, 0, 2, 2, 2, 4, 1, 1, 2, 4, 4, 1, 2, 4, 2, 1, 1, 1, 1, 2, 1, 2, 1, 1, 1, 1, 3, 1, 3, 0, 4, 0, 1, 1, 0, 3, 2, 2, 4, 0, 1, 1, 0, 2, 0, 1, 2, 2, 1, 4, 0, 3, 2, 1, 1, 2, 1, 3, 1, 1, 1, 3, 0, 4, 3, 1, 4, 1, 1, 1, 4, 4, 2, 1, 1, 3, 1, 3, 1, 1, 1, 1, 1, 2, 2, 1, 2, 3, 1, 1, 1, 2, 2, 2, 3, 1]|[0, 2, 1, 1, 3, 3, 0, 1, 0, 0, 0, 0, 1, 0, 1, 0, 0, 3, 1, 0, 0, 0, 3, 1, 0, 2, 0, 0, 0, 1, 0, 0, 0, 0, 3, 0, 1, 0, 0, 2, 1, 1, 2, 0, 0, 0, 0, 1, 1, 0, 0, 0, 1, 3, 0, 0, 1, 0, 0, 1, 0, 2, 1, 0, 0, 2, 1, 0, 0, 1, 1, 3, 0, 0, 3, 3, 1, 0, 0, 2, 0, 0, 0, 0, 1, 0, 0, 1, 1, 0, 1, 2, 0, 1, 1, 0, 0, 0, 0, 0],788.6560468940121,57635.415514873916,89798.3341874157,true
43,G2_TEC,G2_TEC,[31, 22, 82, 15, 26, 9, 95, 42, 77, 68, 47, 5, 93, 78, 86, 54, 85, 63, 18, 44, 20, 49, 36, 14, 74, 50, 53, 17, 21, 28, 11, 64, 3, 23, 30, 83, 24, 41, 40, 52, 65, 27, 90, 70, 39, 87, 48, 69, 99, 4, 75, 1, 13, 58, 97, 59, 45, 8, 73, 37, 35, 79, 71, 66, 76, 32, 60, 80, 56, 6, 67, 61, 33, 7, 57, 34, 12, 16, 10, 94, 96, 88, 43, 81, 91, 2, 84, 29, 92, 19, 51, 89, 46, 55, 25, 72, 98, 38, 62, 0]|[2, 1, 2, 1, 1, 2, 1, 1, 1, 1, 1, 0, 2, 2, 1, 2, 0, 0, 0, 2, 2, 1, 0, 2, 0, 2, 2, 1, 0, 1, 1, 1, 0, 0, 1, 0, 2, 1, 2, 2, 0, 0, 1, 1, 0, 2, 0, 2, 1, 0, 0, 2, 0, 0, 2, 0, 1, 1, 0, 0, 2, 1, 1, 2, 2, 0, 2, 2, 2, 1, 2, 1, 1, 2, 0, 1, 1, 2, 1, 2, 0, 1, 1, 1, 1, 0, 0, 1, 0, 1, 1, 1, 0, 0, 1, 1, 2, 0, 1, 2]|[0, 3, 0, 3, 4, 1, 4, 4, 2, 4, 3, 2, 1, 0, 2, 1, 1, 1, 2, 1, 1, 3, 0, 1, 0, 1, 1, 4, 1, 4, 3, 2, 2, 0, 4, 1, 1, 4, 1, 1, 2, 1, 4, 4, 1, 1, 0, 1, 3, 2, 2, 1, 2, 1, 1, 2, 4, 3, 0, 2, 2, 3, 3, 1, 1, 2, 1, 1, 1, 4, 1, 3, 4, 1, 2, 4, 3, 1, 3, 1, 2, 4, 4, 4, 3, 2, 2, 3, 2, 4, 3, 4, 2, 2, 4, 4, 1, 2, 3, 1]|[0, 2, 0, 0, 3, 0, 1, 3, 0, 0, 2, 0, 1, 0, 1, 0, 0, 0, 1, 0, 0, 2, 0, 0, 1, 0, 0, 3, 0, 1, 0, 2, 0, 0, 3, 0, 1, 1, 0, 0, 0, 0, 1, 3, 0, 0, 1, 0, 2, 0, 0, 0, 0, 0, 1, 0, 1, 0, 1, 1, 0, 2, 0, 0, 0, 0, 0, 0, 0, 2, 0, 0, 1, 0, 0, 1, 0, 0, 3, 0, 0, 1, 2, 2, 0, 0, 0, 3, 0, 1, 0, 1, 0, 0, 3, 1, 0, 0, 0, 0],900.4100493268897,49108.38747949638,106634.02535620308,false
43,G3_TWC,G3_TWC,[31, 22, 82, 15, 26, 58, 95, 42, 77, 12, 47, 5, 93, 78, 98, 54, 85, 63, 18, 44, 20, 35, 43, 97, 91, 76, 10, 30, 21, 45, 71, 64, 1, 23, 17, 83, 24, 14, 60, 36, 6, 57, 94, 88, 65, 56, 79, 40, 67, 68, 46, 75, 39, 9, 19, 32, 81, 96, 27, 62, 87, 90, 99, 59, 11, 16, 72, 73, 70, 38, 37, 84, 3, 92, 25, 55, 28, 29, 51, 7, 33, 61, 86, 48, 89, 50, 69, 41, 53, 80, 4, 8, 34, 49, 52, 0, 13, 74, 2, 66]|[1, 1, 0, 1, 1, 1, 2, 1, 2, 1, 2, 2, 2, 1, 1, 0, 0, 1, 0, 2, 2, 0, 1, 2, 0, 1, 2, 2, 0, 0, 1, 2, 1, 2, 1, 0, 2, 0, 1, 1, 0, 1, 1, 1, 0, 2, 1, 1, 0, 0, 0, 0, 1, 1, 2, 1, 2, 0, 0, 0, 2, 1, 0, 1, 2, 1, 2, 1, 1, 1, 1, 1, 2, 0, 1, 1, 0, 0, 0, 1, 2, 1, 0, 0, 1, 0, 2, 0, 0, 0, 0, 1, 2, 0, 1, 0, 0, 0, 0, 2]|[4, 3, 2, 2, 0, 0, 2, 2, 2, 4, 1, 1, 2, 4, 4, 1, 1, 4, 2, 1, 1, 1, 1, 2, 1, 2, 1, 1, 1, 1, 3, 2, 3, 0, 4, 0, 1, 1, 0, 3, 2, 2, 4, 0, 1, 1, 0, 2, 0, 1, 2, 2, 1, 4, 0, 3, 2, 1, 1, 2, 1, 3, 1, 1, 1, 3, 0, 4, 3, 1, 4, 1, 1, 2, 4, 4, 2, 1, 1, 3, 1, 3, 1, 1, 1, 1, 1, 1, 2, 1, 2, 3, 1, 1, 1, 2, 2, 2, 2, 1]|[0, 2, 1, 1, 3, 3, 0, 1, 0, 0, 0, 0, 1, 0, 1, 0, 0, 3, 1, 0, 0, 0, 3, 1, 0, 2, 0, 0, 0, 1, 0, 0, 0, 0, 3, 0, 1, 0, 0, 2, 1, 1, 2, 0, 0, 0, 0, 1, 1, 0, 0, 0, 1, 3, 0, 0, 1, 0, 0, 1, 0, 2, 0, 1, 0, 2, 1, 0, 0, 1, 1, 3, 0, 1, 3, 3, 1, 0, 0, 2, 0, 0, 0, 0, 1, 0, 0, 0, 1, 0, 1, 2, 0, 1, 1, 0, 0, 0, 0, 0],833.2154215640596,57825.44465227681,88905.52377856613,false
43,G1_CMAX,G1_CMAX,[31, 22, 90, 26, 58, 95, 42, 12, 93, 5, 78, 86, 98, 18, 20, 35, 3, 97, 91, 76, 10, 85, 54, 45, 63, 71, 66, 1, 23, 17, 24, 60, 36, 6, 57, 15, 65, 56, 47, 79, 94, 67, 50, 46, 14, 75, 38, 9, 30, 19, 32, 81, 27, 92, 83, 87, 40, 99, 59, 11, 53, 16, 72, 77, 73, 70, 39, 37, 84, 43, 62, 25, 55, 28, 29, 51, 68, 82, 74, 61, 88, 21, 80, 89, 7, 69, 96, 41, 48, 4, 8, 34, 49, 52, 0, 44, 13, 2, 64, 33]|[1, 1, 1, 1, 0, 2, 1, 1, 2, 2, 2, 1, 0, 1, 2, 2, 1, 2, 0, 1, 2, 2, 2, 0, 0, 1, 2, 1, 2, 1, 2, 1, 1, 0, 1, 1, 0, 2, 2, 1, 1, 0, 0, 0, 0, 1, 1, 1, 1, 2, 1, 2, 2, 0, 0, 2, 1, 0, 0, 2, 0, 1, 2, 2, 1, 1, 1, 1, 1, 1, 0, 1, 1, 0, 0, 0, 0, 0, 2, 1, 1, 0, 0, 1, 1, 1, 2, 2, 0, 1, 1, 2, 0, 1, 0, 0, 0, 0, 2, 2]|[0, 4, 3, 0, 1, 1, 2, 4, 1, 1, 2, 4, 1, 4, 1, 1, 1, 2, 2, 2, 2, 1, 1, 1, 2, 3, 2, 3, 0, 4, 1, 0, 3, 2, 2, 2, 1, 1, 1, 0, 2, 0, 1, 2, 1, 3, 1, 4, 2, 0, 3, 2, 1, 2, 1, 1, 4, 1, 1, 1, 2, 3, 0, 2, 4, 3, 1, 4, 1, 1, 1, 4, 4, 2, 1, 1, 1, 2, 1, 3, 0, 1, 1, 1, 1, 3, 1, 1, 1, 4, 3, 1, 1, 1, 2, 2, 2, 2, 1, 1]|[3, 0, 2, 3, 0, 0, 1, 0, 0, 0, 1, 0, 0, 3, 0, 0, 1, 1, 1, 2, 1, 0, 0, 0, 0, 0, 0, 0, 0, 3, 1, 0, 2, 1, 1, 1, 0, 0, 0, 0, 1, 1, 0, 0, 0, 0, 1, 3, 2, 0, 0, 1, 0, 1, 0, 0, 2, 0, 0, 0, 1, 2, 1, 1, 0, 0, 1, 1, 3, 3, 0, 3, 3, 1, 0, 0, 0, 1, 0, 0, 0, 0, 0, 1, 2, 2, 0, 0, 0, 0, 2, 0, 1, 1, 0, 0, 0, 0, 0, 0],705.0470749739228,58445.79123614564,95781.2895945797,false
43,G4_BALANCED,G3_TWC,[31, 22, 82, 15, 26, 58, 95, 42, 77, 12, 47, 5, 93, 78, 98, 54, 85, 63, 18, 44, 20, 35, 43, 86, 91, 76, 10, 30, 21, 45, 71, 64, 1, 23, 17, 83, 24, 14, 60, 36, 6, 57, 94, 88, 65, 56, 79, 40, 67, 68, 46, 75, 38, 9, 19, 32, 81, 41, 27, 62, 87, 90, 99, 59, 11, 16, 72, 73, 70, 39, 37, 84, 3, 92, 25, 55, 28, 29, 51, 7, 33, 61, 97, 66, 89, 50, 48, 96, 53, 80, 8, 4, 34, 49, 52, 2, 13, 0, 69, 74]|[1, 1, 0, 1, 1, 1, 2, 1, 2, 1, 2, 2, 2, 1, 1, 0, 0, 1, 0, 2, 2, 0, 1, 2, 0, 1, 2, 2, 0, 0, 1, 2, 1, 2, 1, 0, 2, 0, 1, 1, 0, 1, 1, 1, 0, 2, 1, 1, 0, 0, 0, 0, 1, 1, 2, 1, 2, 0, 0, 0, 2, 1, 0, 1, 2, 1, 2, 1, 1, 1, 1, 1, 2, 0, 1, 1, 0, 0, 0, 1, 2, 1, 2, 2, 1, 0, 0, 0, 0, 0, 1, 0, 2, 0, 1, 0, 0, 0, 1, 2]|[4, 3, 2, 2, 0, 0, 2, 2, 2, 4, 1, 1, 2, 4, 4, 1, 1, 4, 2, 1, 1, 1, 1, 2, 1, 2, 1, 1, 1, 1, 3, 2, 3, 0, 4, 0, 1, 1, 0, 3, 2, 2, 4, 0, 1, 1, 0, 2, 0, 1, 2, 2, 1, 4, 0, 3, 2, 1, 1, 2, 1, 3, 1, 1, 1, 3, 0, 4, 3, 1, 4, 1, 1, 2, 4, 4, 2, 1, 1, 3, 1, 3, 2, 1, 1, 1, 1, 1, 2, 1, 3, 2, 1, 1, 1, 2, 2, 2, 3, 1]|[0, 2, 1, 1, 3, 3, 0, 1, 0, 0, 0, 0, 1, 0, 1, 0, 0, 3, 1, 0, 0, 0, 3, 1, 0, 2, 0, 0, 0, 1, 0, 0, 0, 0, 3, 0, 1, 0, 0, 2, 1, 1, 2, 0, 0, 0, 0, 1, 1, 0, 0, 0, 1, 3, 0, 0, 1, 0, 0, 1, 0, 2, 0, 1, 0, 2, 1, 0, 0, 1, 1, 3, 0, 1, 3, 3, 1, 0, 0, 2, 0, 0, 1, 0, 1, 0, 0, 0, 1, 0, 2, 1, 0, 1, 1, 0, 0, 0, 0, 0],769.3675528023551,58442.12874530247,89320.05883222428,true
43,G2_TEC,G2_TEC,[31, 22, 82, 15, 26, 9, 95, 42, 77, 68, 47, 5, 93, 78, 86, 54, 85, 63, 18, 44, 20, 49, 36, 14, 74, 50, 53, 17, 21, 28, 11, 64, 3, 23, 30, 83, 24, 41, 40, 52, 65, 27, 90, 70, 39, 87, 48, 69, 99, 4, 75, 1, 13, 58, 97, 59, 45, 8, 73, 37, 35, 79, 71, 66, 76, 32, 60, 80, 56, 6, 67, 61, 33, 7, 57, 34, 12, 16, 10, 94, 96, 88, 43, 81, 91, 2, 84, 29, 92, 19, 51, 89, 46, 55, 25, 72, 98, 38, 62, 0]|[2, 1, 2, 1, 1, 2, 1, 1, 1, 1, 1, 0, 2, 2, 1, 2, 0, 0, 0, 2, 2, 1, 0, 2, 0, 2, 2, 1, 0, 1, 1, 1, 0, 0, 1, 0, 2, 1, 2, 2, 0, 0, 1, 1, 0, 2, 0, 2, 1, 0, 0, 2, 0, 0, 2, 0, 1, 1, 0, 0, 2, 1, 1, 2, 2, 0, 2, 2, 2, 1, 2, 1, 1, 2, 0, 1, 1, 2, 1, 2, 0, 1, 1, 1, 1, 0, 0, 1, 0, 1, 1, 1, 0, 0, 1, 1, 2, 0, 1, 2]|[0, 3, 0, 3, 4, 1, 4, 4, 2, 4, 3, 2, 1, 0, 2, 1, 1, 1, 2, 1, 1, 3, 0, 1, 0, 1, 1, 4, 1, 4, 3, 2, 2, 0, 4, 1, 1, 4, 1, 1, 2, 1, 4, 4, 1, 1, 0, 1, 3, 2, 2, 1, 2, 1, 1, 2, 4, 3, 0, 2, 2, 3, 3, 1, 1, 2, 1, 1, 1, 4, 1, 3, 4, 1, 2, 4, 3, 1, 3, 1, 2, 4, 4, 4, 3, 2, 2, 3, 2, 4, 3, 4, 2, 2, 4, 4, 1, 2, 3, 1]|[0, 2, 0, 0, 3, 0, 1, 3, 0, 0, 2, 0, 1, 0, 1, 0, 0, 0, 1, 0, 0, 2, 0, 0, 1, 0, 0, 3, 0, 1, 0, 2, 0, 0, 3, 0, 1, 1, 0, 0, 0, 0, 1, 3, 0, 0, 1, 0, 2, 0, 0, 0, 0, 0, 1, 0, 1, 0, 1, 1, 0, 2, 0, 0, 0, 0, 0, 0, 0, 2, 0, 0, 1, 0, 0, 1, 0, 0, 3, 0, 0, 1, 2, 2, 0, 0, 0, 3, 0, 1, 0, 1, 0, 0, 3, 1, 0, 0, 0, 0],900.4100493268897,49108.38747949638,106634.02535620308,false
43,G3_TWC,G3_TWC,[31, 22, 82, 15, 26, 58, 95, 42, 77, 12, 47, 5, 93, 78, 98, 54, 85, 63, 18, 44, 20, 35, 43, 97, 91, 76, 10, 30, 21, 45, 71, 64, 1, 23, 17, 83, 24, 14, 60, 36, 6, 57, 94, 88, 65, 56, 79, 40, 67, 68, 46, 75, 39, 9, 19, 32, 81, 96, 27, 62, 87, 90, 99, 59, 11, 16, 72, 73, 70, 38, 37, 84, 3, 92, 25, 55, 28, 29, 51, 7, 33, 61, 86, 48, 89, 50, 69, 41, 53, 80, 4, 8, 34, 49, 52, 0, 13, 74, 2, 66]|[1, 1, 0, 1, 1, 1, 2, 1, 2, 1, 2, 2, 2, 1, 1, 0, 0, 1, 0, 2, 2, 0, 1, 2, 0, 1, 2, 2, 0, 0, 1, 2, 1, 2, 1, 0, 2, 0, 1, 1, 0, 1, 1, 1, 0, 2, 1, 1, 0, 0, 0, 0, 1, 1, 2, 1, 2, 0, 0, 0, 2, 1, 0, 1, 2, 1, 2, 1, 1, 1, 1, 1, 2, 0, 1, 1, 0, 0, 0, 1, 2, 1, 0, 0, 1, 0, 2, 0, 0, 0, 0, 1, 2, 0, 1, 0, 0, 0, 0, 2]|[4, 3, 2, 2, 0, 0, 2, 2, 2, 4, 1, 1, 2, 4, 4, 1, 1, 4, 2, 1, 1, 1, 1, 2, 1, 2, 1, 1, 1, 1, 3, 2, 3, 0, 4, 0, 1, 1, 0, 3, 2, 2, 4, 0, 1, 1, 0, 2, 0, 1, 2, 2, 1, 4, 0, 3, 2, 1, 1, 2, 1, 3, 1, 1, 1, 3, 0, 4, 3, 1, 4, 1, 1, 2, 4, 4, 2, 1, 1, 3, 1, 3, 1, 1, 1, 1, 1, 1, 2, 1, 2, 3, 1, 1, 1, 2, 2, 2, 2, 1]|[0, 2, 1, 1, 3, 3, 0, 1, 0, 0, 0, 0, 1, 0, 1, 0, 0, 3, 1, 0, 0, 0, 3, 1, 0, 2, 0, 0, 0, 1, 0, 0, 0, 0, 3, 0, 1, 0, 0, 2, 1, 1, 2, 0, 0, 0, 0, 1, 1, 0, 0, 0, 1, 3, 0, 0, 1, 0, 0, 1, 0, 2, 0, 1, 0, 2, 1, 0, 0, 1, 1, 3, 0, 1, 3, 3, 1, 0, 0, 2, 0, 0, 0, 0, 1, 0, 0, 0, 1, 0, 1, 2, 0, 1, 1, 0, 0, 0, 0, 0],833.2154215640596,57825.44465227681,88905.52377856613,false
43,G1_CMAX,G1_CMAX,[31, 22, 90, 26, 58, 95, 42, 12, 93, 5, 78, 86, 98, 18, 20, 35, 3, 97, 91, 76, 10, 85, 54, 45, 63, 71, 66, 1, 23, 17, 24, 60, 36, 6, 57, 15, 65, 56, 47, 79, 94, 67, 50, 46, 14, 75, 38, 9, 30, 19, 32, 81, 27, 92, 83, 87, 40, 99, 59, 11, 53, 16, 72, 77, 73, 70, 39, 37, 84, 43, 62, 25, 55, 28, 29, 51, 68, 82, 74, 61, 88, 21, 80, 89, 7, 69, 96, 41, 48, 4, 8, 34, 49, 52, 0, 44, 13, 2, 64, 33]|[1, 1, 1, 1, 0, 2, 1, 1, 2, 2, 2, 1, 0, 1, 2, 2, 1, 2, 0, 1, 2, 2, 2, 0, 0, 1, 2, 1, 2, 1, 2, 1, 1, 0, 1, 1, 0, 2, 2, 1, 1, 0, 0, 0, 0, 1, 1, 1, 1, 2, 1, 2, 2, 0, 0, 2, 1, 0, 0, 2, 0, 1, 2, 2, 1, 1, 1, 1, 1, 1, 0, 1, 1, 0, 0, 0, 0, 0, 2, 1, 1, 0, 0, 1, 1, 1, 2, 2, 0, 1, 1, 2, 0, 1, 0, 0, 0, 0, 2, 2]|[0, 4, 3, 0, 1, 1, 2, 4, 1, 1, 2, 4, 1, 4, 1, 1, 1, 2, 2, 2, 2, 1, 1, 1, 2, 3, 2, 3, 0, 4, 1, 0, 3, 2, 2, 2, 1, 1, 1, 0, 2, 0, 1, 2, 1, 3, 1, 4, 2, 0, 3, 2, 1, 2, 1, 1, 4, 1, 1, 1, 2, 3, 0, 2, 4, 3, 1, 4, 1, 1, 1, 4, 4, 2, 1, 1, 1, 2, 1, 3, 0, 1, 1, 1, 1, 3, 1, 1, 1, 4, 3, 1, 1, 1, 2, 2, 2, 2, 1, 1]|[3, 0, 2, 3, 0, 0, 1, 0, 0, 0, 1, 0, 0, 3, 0, 0, 1, 1, 1, 2, 1, 0, 0, 0, 0, 0, 0, 0, 0, 3, 1, 0, 2, 1, 1, 1, 0, 0, 0, 0, 1, 1, 0, 0, 0, 0, 1, 3, 2, 0, 0, 1, 0, 1, 0, 0, 2, 0, 0, 0, 1, 2, 1, 1, 0, 0, 1, 1, 3, 3, 0, 3, 3, 1, 0, 0, 0, 1, 0, 0, 0, 0, 0, 1, 2, 2, 0, 0, 0, 0, 2, 0, 1, 1, 0, 0, 0, 0, 0, 0],705.0470749739228,58445.79123614564,95781.2895945797,false
43,G4_BALANCED,G3_TWC,[31, 22, 82, 15, 26, 58, 95, 42, 77, 12, 47, 5, 93, 78, 98, 54, 85, 63, 18, 44, 20, 35, 43, 97, 91, 76, 10, 30, 21, 45, 71, 64, 1, 23, 17, 83, 24, 14, 60, 36, 6, 57, 94, 88, 65, 56, 79, 40, 67, 68, 46, 75, 39, 9, 19, 32, 81, 96, 27, 62, 87, 90, 99, 59, 11, 16, 72, 73, 70, 38, 37, 84, 3, 92, 25, 55, 28, 29, 51, 7, 33, 61, 86, 48, 89, 50, 66, 41, 53, 80, 4, 8, 34, 49, 52, 0, 13, 2, 69, 74]|[1, 1, 0, 1, 1, 1, 2, 1, 2, 1, 2, 2, 2, 1, 1, 0, 0, 1, 0, 2, 2, 0, 1, 2, 0, 1, 2, 2, 0, 0, 1, 2, 1, 2, 1, 0, 2, 0, 1, 1, 0, 1, 1, 1, 0, 2, 1, 1, 0, 0, 0, 0, 1, 1, 2, 1, 2, 0, 0, 0, 2, 1, 0, 1, 2, 1, 2, 1, 1, 1, 1, 1, 2, 0, 1, 1, 0, 0, 0, 1, 2, 1, 0, 0, 1, 0, 2, 0, 0, 0, 0, 1, 2, 0, 1, 0, 0, 0, 2, 2]|[4, 3, 2, 2, 0, 0, 2, 2, 2, 4, 1, 1, 2, 4, 4, 1, 1, 4, 2, 1, 1, 1, 1, 2, 1, 2, 1, 1, 1, 1, 3, 2, 3, 1, 4, 0, 1, 1, 0, 3, 2, 2, 4, 0, 1, 1, 0, 2, 0, 1, 2, 2, 1, 4, 0, 3, 2, 1, 1, 2, 1, 3, 1, 1, 1, 3, 0, 4, 3, 1, 4, 1, 1, 2, 4, 4, 2, 1, 1, 3, 1, 3, 1, 1, 1, 1, 1, 1, 2, 1, 2, 3, 1, 1, 1, 2, 2, 2, 1, 1]|[0, 2, 1, 1, 3, 3, 0, 1, 0, 0, 0, 0, 1, 0, 1, 0, 0, 3, 1, 0, 0, 0, 3, 1, 0, 2, 0, 0, 0, 1, 0, 0, 0, 0, 3, 0, 1, 0, 0, 2, 1, 1, 2, 0, 0, 0, 0, 1, 1, 0, 0, 0, 1, 3, 0, 0, 1, 0, 0, 1, 0, 2, 0, 1, 0, 2, 1, 0, 0, 1, 1, 3, 0, 1, 3, 3, 1, 0, 0, 2, 0, 0, 0, 0, 1, 0, 0, 0, 1, 0, 1, 2, 0, 1, 1, 0, 0, 0, 0, 0],790.0799945868791,57625.463612529646,89190.60565771193,true
43,G2_TEC,G2_TEC,[31, 22, 82, 15, 26, 9, 95, 42, 77, 68, 47, 5, 93, 78, 86, 54, 85, 63, 18, 44, 20, 49, 36, 14, 74, 50, 53, 17, 21, 28, 11, 64, 3, 23, 30, 83, 24, 41, 40, 52, 65, 27, 90, 70, 39, 87, 48, 69, 99, 4, 75, 1, 13, 58, 97, 59, 45, 8, 73, 37, 35, 79, 71, 66, 76, 32, 60, 80, 56, 6, 67, 61, 33, 7, 57, 34, 12, 16, 10, 94, 96, 88, 43, 81, 91, 2, 84, 29, 92, 19, 51, 89, 46, 55, 25, 72, 98, 38, 62, 0]|[2, 1, 2, 1, 1, 2, 1, 1, 1, 1, 1, 0, 2, 2, 1, 2, 0, 0, 0, 2, 2, 1, 0, 2, 0, 2, 2, 1, 0, 1, 1, 1, 0, 0, 1, 0, 2, 1, 2, 2, 0, 0, 1, 1, 0, 2, 0, 2, 1, 0, 0, 2, 0, 0, 2, 0, 1, 1, 0, 0, 2, 1, 1, 2, 2, 0, 2, 2, 2, 1, 2, 1, 1, 2, 0, 1, 1, 2, 1, 2, 0, 1, 1, 1, 1, 0, 0, 1, 0, 1, 1, 1, 0, 0, 1, 1, 2, 0, 1, 2]|[0, 3, 0, 3, 4, 1, 4, 4, 2, 4, 3, 2, 1, 0, 2, 1, 1, 1, 2, 1, 1, 3, 0, 1, 0, 1, 1, 4, 1, 4, 3, 2, 2, 0, 4, 1, 1, 4, 1, 1, 2, 1, 4, 4, 1, 1, 0, 1, 3, 2, 2, 1, 2, 1, 1, 2, 4, 3, 0, 2, 2, 3, 3, 1, 1, 2, 1, 1, 1, 4, 1, 3, 4, 1, 2, 4, 3, 1, 3, 1, 2, 4, 4, 4, 3, 2, 2, 3, 2, 4, 3, 4, 2, 2, 4, 4, 1, 2, 3, 1]|[0, 2, 0, 0, 3, 0, 1, 3, 0, 0, 2, 0, 1, 0, 1, 0, 0, 0, 1, 0, 0, 2, 0, 0, 1, 0, 0, 3, 0, 1, 0, 2, 0, 0, 3, 0, 1, 1, 0, 0, 0, 0, 1, 3, 0, 0, 1, 0, 2, 0, 0, 0, 0, 0, 1, 0, 1, 0, 1, 1, 0, 2, 0, 0, 0, 0, 0, 0, 0, 2, 0, 0, 1, 0, 0, 1, 0, 0, 3, 0, 0, 1, 2, 2, 0, 0, 0, 3, 0, 1, 0, 1, 0, 0, 3, 1, 0, 0, 0, 0],900.4100493268897,49108.38747949638,106634.02535620308,false
43,G3_TWC,G3_TWC,[31, 22, 82, 15, 26, 58, 95, 42, 77, 12, 47, 5, 93, 78, 98, 54, 85, 63, 18, 44, 20, 35, 43, 97, 91, 76, 10, 30, 21, 45, 71, 64, 1, 23, 17, 83, 24, 14, 60, 36, 6, 57, 94, 88, 65, 56, 79, 40, 67, 68, 46, 75, 39, 9, 19, 32, 81, 96, 27, 62, 87, 90, 99, 59, 11, 16, 72, 73, 70, 38, 37, 84, 3, 92, 25, 55, 28, 29, 51, 7, 33, 61, 86, 48, 89, 50, 69, 41, 53, 80, 4, 8, 34, 49, 52, 0, 13, 74, 2, 66]|[1, 1, 0, 1, 1, 1, 2, 1, 2, 1, 2, 2, 2, 1, 1, 0, 0, 1, 0, 2, 2, 0, 1, 2, 0, 1, 2, 2, 0, 0, 1, 2, 1, 2, 1, 0, 2, 0, 1, 1, 0, 1, 1, 1, 0, 2, 1, 1, 0, 0, 0, 0, 1, 1, 2, 1, 2, 0, 0, 0, 2, 1, 0, 1, 2, 1, 2, 1, 1, 1, 1, 1, 2, 0, 1, 1, 0, 0, 0, 1, 2, 1, 0, 0, 1, 0, 2, 0, 0, 0, 0, 1, 2, 0, 1, 0, 0, 0, 0, 2]|[4, 3, 2, 2, 0, 0, 2, 2, 2, 4, 1, 1, 2, 4, 4, 1, 1, 4, 2, 1, 1, 1, 1, 2, 1, 2, 1, 1, 1, 1, 3, 2, 3, 0, 4, 0, 1, 1, 0, 3, 2, 2, 4, 0, 1, 1, 0, 2, 0, 1, 2, 2, 1, 4, 0, 3, 2, 1, 1, 2, 1, 3, 1, 1, 1, 3, 0, 4, 3, 1, 4, 1, 1, 2, 4, 4, 2, 1, 1, 3, 1, 3, 1, 1, 1, 1, 1, 1, 2, 1, 2, 3, 1, 1, 1, 2, 2, 2, 2, 1]|[0, 2, 1, 1, 3, 3, 0, 1, 0, 0, 0, 0, 1, 0, 1, 0, 0, 3, 1, 0, 0, 0, 3, 1, 0, 2, 0, 0, 0, 1, 0, 0, 0, 0, 3, 0, 1, 0, 0, 2, 1, 1, 2, 0, 0, 0, 0, 1, 1, 0, 0, 0, 1, 3, 0, 0, 1, 0, 0, 1, 0, 2, 0, 1, 0, 2, 1, 0, 0, 1, 1, 3, 0, 1, 3, 3, 1, 0, 0, 2, 0, 0, 0, 0, 1, 0, 0, 0, 1, 0, 1, 2, 0, 1, 1, 0, 0, 0, 0, 0],833.2154215640596,57825.44465227681,88905.52377856613,false
43,G1_CMAX,G1_CMAX,[31, 22, 90, 26, 58, 95, 42, 12, 93, 5, 78, 86, 98, 18, 20, 35, 3, 97, 91, 76, 10, 85, 54, 45, 63, 71, 66, 1, 23, 17, 24, 60, 36, 6, 57, 15, 65, 56, 47, 79, 94, 67, 50, 46, 14, 75, 38, 9, 30, 19, 32, 81, 27, 92, 83, 87, 40, 99, 59, 11, 53, 16, 72, 77, 73, 70, 39, 37, 84, 43, 62, 25, 55, 28, 29, 51, 68, 82, 74, 61, 88, 21, 80, 89, 7, 69, 96, 41, 48, 4, 8, 34, 49, 52, 0, 44, 13, 2, 64, 33]|[1, 1, 1, 1, 0, 2, 1, 1, 2, 2, 2, 1, 0, 1, 2, 2, 1, 2, 0, 1, 2, 2, 2, 0, 0, 1, 2, 1, 2, 1, 2, 1, 1, 0, 1, 1, 0, 2, 2, 1, 1, 0, 0, 0, 0, 1, 1, 1, 1, 2, 1, 2, 2, 0, 0, 2, 1, 0, 0, 2, 0, 1, 2, 2, 1, 1, 1, 1, 1, 1, 0, 1, 1, 0, 0, 0, 0, 0, 2, 1, 1, 0, 0, 1, 1, 1, 2, 2, 0, 1, 1, 2, 0, 1, 0, 0, 0, 0, 2, 2]|[0, 4, 3, 0, 1, 1, 2, 4, 1, 1, 2, 4, 1, 4, 1, 1, 1, 2, 2, 2, 2, 1, 1, 1, 2, 3, 2, 3, 0, 4, 1, 0, 3, 2, 2, 2, 1, 1, 1, 0, 2, 0, 1, 2, 1, 3, 1, 4, 2, 0, 3, 2, 1, 2, 1, 1, 4, 1, 1, 1, 2, 3, 0, 2, 4, 3, 1, 4, 1, 1, 1, 4, 4, 2, 1, 1, 1, 2, 1, 3, 0, 1, 1, 1, 1, 3, 1, 1, 1, 4, 3, 1, 1, 1, 2, 2, 2, 2, 1, 1]|[3, 0, 2, 3, 0, 0, 1, 0, 0, 0, 1, 0, 0, 3, 0, 0, 1, 1, 1, 2, 1, 0, 0, 0, 0, 0, 0, 0, 0, 3, 1, 0, 2, 1, 1, 1, 0, 0, 0, 0, 1, 1, 0, 0, 0, 0, 1, 3, 2, 0, 0, 1, 0, 1, 0, 0, 2, 0, 0, 0, 1, 2, 1, 1, 0, 0, 1, 1, 3, 3, 0, 3, 3, 1, 0, 0, 0, 1, 0, 0, 0, 0, 0, 1, 2, 2, 0, 0, 0, 0, 2, 0, 1, 1, 0, 0, 0, 0, 0, 0],705.0470749739228,58445.79123614564,95781.2895945797,false
43,G4_BALANCED,G4_BALANCED,[31, 11, 82, 15, 26, 9, 95, 42, 77, 68, 47, 5, 93, 78, 86, 54, 85, 63, 76, 44, 20, 49, 36, 14, 74, 50, 53, 25, 21, 28, 71, 64, 3, 23, 30, 83, 24, 41, 60, 52, 65, 27, 90, 70, 39, 87, 48, 69, 99, 4, 46, 1, 13, 58, 97, 59, 33, 8, 73, 37, 35, 79, 22, 66, 18, 32, 40, 80, 96, 6, 16, 61, 45, 7, 57, 34, 12, 67, 10, 98, 56, 88, 29, 75, 91, 38, 19, 92, 43, 84, 2, 72, 81, 17, 51, 55, 0, 89, 94, 62]|[2, 1, 2, 1, 1, 2, 1, 1, 1, 1, 1, 0, 2, 2, 1, 2, 0, 0, 0, 2, 2, 1, 0, 2, 0, 2, 2, 1, 0, 1, 1, 1, 0, 0, 1, 0, 2, 1, 2, 2, 0, 0, 1, 1, 0, 2, 0, 2, 1, 0, 0, 2, 0, 0, 2, 0, 1, 1, 0, 0, 2, 1, 0, 2, 2, 0, 2, 2, 0, 1, 2, 1, 1, 2, 0, 1, 1, 1, 1, 2, 2, 1, 1, 0, 1, 0, 1, 0, 1, 0, 2, 1, 1, 1, 1, 0, 0, 1, 2, 1]|[0, 3, 0, 2, 4, 1, 4, 4, 2, 4, 3, 2, 1, 0, 2, 1, 1, 1, 2, 1, 1, 3, 0, 1, 0, 1, 1, 4, 1, 4, 3, 2, 2, 0, 4, 1, 1, 4, 0, 1, 2, 1, 4, 4, 1, 1, 0, 2, 3, 1, 2, 1, 2, 1, 1, 2, 4, 3, 0, 2, 2, 3, 1, 0, 1, 2, 0, 1, 2, 4, 1, 3, 4, 1, 2, 4, 3, 3, 3, 1, 1, 4, 3, 2, 3, 2, 4, 2, 4, 2, 1, 4, 1, 4, 3, 2, 2, 4, 1, 3]|[0, 2, 0, 1, 3, 0, 1, 3, 0, 0, 2, 0, 1, 0, 1, 0, 0, 0, 1, 0, 0, 2, 0, 0, 1, 0, 0, 3, 0, 1, 0, 2, 0, 1, 3, 0, 1, 3, 1, 0, 0, 0, 1, 3, 0, 0, 1, 0, 2, 0, 0, 0, 0, 0, 1, 0, 1, 0, 1, 1, 0, 2, 0, 0, 0, 0, 0, 0, 0, 2, 0, 0, 1, 0, 0, 1, 0, 0, 3, 0, 0, 1, 0, 0, 0, 0, 3, 0, 2, 0, 0, 2, 1, 3, 0, 0, 0, 1, 0, 0],848.1161249092097,51934.83458349109,107480.51805341724,false
43,G2_TEC,G2_TEC,[31, 22, 82, 15, 26, 9, 95, 42, 77, 68, 47, 5, 93, 78, 86, 54, 85, 63, 18, 44, 20, 49, 36, 14, 74, 50, 53, 17, 21, 28, 11, 64, 3, 23, 30, 83, 24, 41, 40, 52, 65, 27, 90, 70, 39, 87, 48, 69, 99, 4, 75, 1, 13, 58, 97, 59, 45, 8, 73, 37, 35, 79, 71, 66, 76, 32, 60, 80, 56, 6, 67, 61, 33, 7, 57, 34, 12, 16, 10, 94, 96, 88, 43, 81, 91, 2, 84, 29, 92, 19, 51, 89, 46, 55, 25, 72, 98, 38, 62, 0]|[2, 1, 2, 1, 1, 2, 1, 1, 1, 1, 1, 0, 2, 2, 1, 2, 0, 0, 0, 2, 2, 1, 0, 2, 0, 2, 2, 1, 0, 1, 1, 1, 0, 0, 1, 0, 2, 1, 2, 2, 0, 0, 1, 1, 0, 2, 0, 2, 1, 0, 0, 2, 0, 0, 2, 0, 1, 1, 0, 0, 2, 1, 1, 2, 2, 0, 2, 2, 2, 1, 2, 1, 1, 2, 0, 1, 1, 2, 1, 2, 0, 1, 1, 1, 1, 0, 0, 1, 0, 1, 1, 1, 0, 0, 1, 1, 2, 0, 1, 2]|[0, 3, 0, 3, 4, 1, 4, 4, 2, 4, 3, 2, 1, 0, 2, 1, 1, 1, 2, 1, 1, 3, 0, 1, 0, 1, 1, 4, 1, 4, 3, 2, 2, 0, 4, 1, 1, 4, 1, 1, 2, 1, 4, 4, 1, 1, 0, 1, 3, 2, 2, 1, 2, 1, 1, 2, 4, 3, 0, 2, 2, 3, 3, 1, 1, 2, 1, 1, 1, 4, 1, 3, 4, 1, 2, 4, 3, 1, 3, 1, 2, 4, 4, 4, 3, 2, 2, 3, 2, 4, 3, 4, 2, 2, 4, 4, 1, 2, 3, 1]|[0, 2, 0, 0, 3, 0, 1, 3, 0, 0, 2, 0, 1, 0, 1, 0, 0, 0, 1, 0, 0, 2, 0, 0, 1, 0, 0, 3, 0, 1, 0, 2, 0, 0, 3, 0, 1, 1, 0, 0, 0, 0, 1, 3, 0, 0, 1, 0, 2, 0, 0, 0, 0, 0, 1, 0, 1, 0, 1, 1, 0, 2, 0, 0, 0, 0, 0, 0, 0, 2, 0, 0, 1, 0, 0, 1, 0, 0, 3, 0, 0, 1, 2, 2, 0, 0, 0, 3, 0, 1, 0, 1, 0, 0, 3, 1, 0, 0, 0, 0],900.4100493268897,49108.38747949638,106634.02535620308,false
43,G3_TWC,G3_TWC,[31, 22, 82, 15, 26, 58, 95, 42, 77, 12, 47, 5, 93, 78, 98, 54, 85, 63, 18, 44, 20, 35, 43, 97, 91, 76, 10, 30, 21, 45, 71, 64, 1, 23, 17, 83, 24, 14, 60, 36, 6, 57, 94, 88, 65, 56, 79, 40, 67, 68, 46, 75, 39, 9, 19, 32, 81, 96, 27, 62, 87, 90, 99, 59, 11, 16, 72, 73, 70, 38, 37, 84, 3, 92, 25, 55, 28, 29, 51, 7, 33, 61, 86, 48, 89, 50, 69, 41, 53, 80, 4, 8, 34, 49, 52, 0, 13, 74, 2, 66]|[1, 1, 0, 1, 1, 1, 2, 1, 2, 1, 2, 2, 2, 1, 1, 0, 0, 1, 0, 2, 2, 0, 1, 2, 0, 1, 2, 2, 0, 0, 1, 2, 1, 2, 1, 0, 2, 0, 1, 1, 0, 1, 1, 1, 0, 2, 1, 1, 0, 0, 0, 0, 1, 1, 2, 1, 2, 0, 0, 0, 2, 1, 0, 1, 2, 1, 2, 1, 1, 1, 1, 1, 2, 0, 1, 1, 0, 0, 0, 1, 2, 1, 0, 0, 1, 0, 2, 0, 0, 0, 0, 1, 2, 0, 1, 0, 0, 0, 0, 2]|[4, 3, 2, 2, 0, 0, 2, 2, 2, 4, 1, 1, 2, 4, 4, 1, 1, 4, 2, 1, 1, 1, 1, 2, 1, 2, 1, 1, 1, 1, 3, 2, 3, 0, 4, 0, 1, 1, 0, 3, 2, 2, 4, 0, 1, 1, 0, 2, 0, 1, 2, 2, 1, 4, 0, 3, 2, 1, 1, 2, 1, 3, 1, 1, 1, 3, 0, 4, 3, 1, 4, 1, 1, 2, 4, 4, 2, 1, 1, 3, 1, 3, 1, 1, 1, 1, 1, 1, 2, 1, 2, 3, 1, 1, 1, 2, 2, 2, 2, 1]|[0, 2, 1, 1, 3, 3, 0, 1, 0, 0, 0, 0, 1, 0, 1, 0, 0, 3, 1, 0, 0, 0, 3, 1, 0, 2, 0, 0, 0, 1, 0, 0, 0, 0, 3, 0, 1, 0, 0, 2, 1, 1, 2, 0, 0, 0, 0, 1, 1, 0, 0, 0, 1, 3, 0, 0, 1, 0, 0, 1, 0, 2, 0, 1, 0, 2, 1, 0, 0, 1, 1, 3, 0, 1, 3, 3, 1, 0, 0, 2, 0, 0, 0, 0, 1, 0, 0, 0, 1, 0, 1, 2, 0, 1, 1, 0, 0, 0, 0, 0],833.2154215640596,57825.44465227681,88905.52377856613,false
43,G1_CMAX,G1_CMAX,[31, 22, 90, 26, 58, 95, 42, 12, 93, 5, 78, 86, 98, 18, 20, 35, 3, 97, 91, 76, 10, 85, 54, 45, 63, 71, 66, 1, 23, 17, 24, 60, 36, 6, 57, 15, 65, 56, 47, 79, 94, 67, 50, 46, 14, 75, 38, 9, 30, 19, 32, 81, 27, 92, 83, 87, 40, 99, 59, 11, 53, 16, 72, 77, 73, 70, 39, 37, 84, 43, 62, 25, 55, 28, 29, 51, 68, 82, 74, 61, 88, 21, 80, 89, 7, 69, 96, 41, 48, 4, 8, 34, 49, 52, 0, 44, 13, 2, 64, 33]|[1, 1, 1, 1, 0, 2, 1, 1, 2, 2, 2, 1, 0, 1, 2, 2, 1, 2, 0, 1, 2, 2, 2, 0, 0, 1, 2, 1, 2, 1, 2, 1, 1, 0, 1, 1, 0, 2, 2, 1, 1, 0, 0, 0, 0, 1, 1, 1, 1, 2, 1, 2, 2, 0, 0, 2, 1, 0, 0, 2, 0, 1, 2, 2, 1, 1, 1, 1, 1, 1, 0, 1, 1, 0, 0, 0, 0, 0, 2, 1, 1, 0, 0, 1, 1, 1, 2, 2, 0, 1, 1, 2, 0, 1, 0, 0, 0, 0, 2, 2]|[0, 4, 3, 0, 1, 1, 2, 4, 1, 1, 2, 4, 1, 4, 1, 1, 1, 2, 2, 2, 2, 1, 1, 1, 2, 3, 2, 3, 0, 4, 1, 0, 3, 2, 2, 2, 1, 1, 1, 0, 2, 0, 1, 2, 1, 3, 1, 4, 2, 0, 3, 2, 1, 2, 1, 1, 4, 1, 1, 1, 2, 3, 0, 2, 4, 3, 1, 4, 1, 1, 1, 4, 4, 2, 1, 1, 1, 2, 1, 3, 0, 1, 1, 1, 1, 3, 1, 1, 1, 4, 3, 1, 1, 1, 2, 2, 2, 2, 1, 1]|[3, 0, 2, 3, 0, 0, 1, 0, 0, 0, 1, 0, 0, 3, 0, 0, 1, 1, 1, 2, 1, 0, 0, 0, 0, 0, 0, 0, 0, 3, 1, 0, 2, 1, 1, 1, 0, 0, 0, 0, 1, 1, 0, 0, 0, 0, 1, 3, 2, 0, 0, 1, 0, 1, 0, 0, 2, 0, 0, 0, 1, 2, 1, 1, 0, 0, 1, 1, 3, 3, 0, 3, 3, 1, 0, 0, 0, 1, 0, 0, 0, 0, 0, 1, 2, 2, 0, 0, 0, 0, 2, 0, 1, 1, 0, 0, 0, 0, 0, 0],705.0470749739228,58445.79123614564,95781.2895945797,false
43,G4_BALANCED,G4_BALANCED,[31, 11, 15, 82, 26, 9, 95, 32, 77, 68, 47, 5, 93, 78, 86, 54, 85, 63, 18, 44, 20, 49, 36, 14, 74, 50, 53, 17, 21, 45, 71, 64, 3, 23, 30, 83, 24, 41, 60, 52, 65, 27, 90, 70, 39, 87, 48, 69, 99, 4, 46, 1, 13, 58, 97, 59, 28, 8, 73, 37, 35, 79, 22, 66, 76, 42, 40, 80, 96, 6, 16, 61, 33, 7, 57, 34, 12, 67, 10, 98, 56, 88, 29, 75, 91, 38, 19, 92, 43, 84, 51, 72, 81, 0, 2, 55, 94, 89, 62, 25]|[2, 1, 1, 2, 1, 2, 1, 1, 1, 1, 1, 0, 2, 2, 1, 2, 0, 0, 0, 2, 2, 1, 0, 2, 0, 2, 2, 1, 0, 1, 1, 1, 0, 0, 1, 0, 2, 1, 2, 2, 0, 0, 1, 1, 0, 2, 0, 2, 1, 0, 0, 2, 0, 0, 2, 0, 1, 1, 0, 0, 2, 1, 0, 2, 2, 0, 2, 2, 0, 1, 2, 1, 1, 2, 0, 1, 1, 1, 1, 2, 2, 1, 1, 0, 1, 0, 1, 0, 1, 0, 1, 1, 1, 0, 2, 0, 2, 1, 1, 1]|[1, 3, 2, 0, 4, 1, 4, 4, 2, 4, 3, 2, 1, 0, 2, 1, 1, 1, 2, 1, 1, 3, 0, 1, 0, 1, 1, 4, 1, 4, 3, 2, 2, 0, 4, 1, 1, 4, 0, 1, 2, 1, 4, 4, 1, 1, 0, 2, 3, 2, 2, 1, 2, 1, 1, 2, 4, 3, 0, 2, 2, 3, 1, 0, 1, 2, 0, 1, 2, 4, 1, 3, 4, 1, 2, 4, 3, 3, 3, 1, 1, 4, 3, 2, 3, 2, 4, 2, 4, 2, 3, 4, 1, 2, 1, 2, 1, 4, 3, 4]|[1, 2, 1, 0, 3, 0, 1, 3, 0, 0, 2, 0, 1, 0, 1, 0, 0, 0, 1, 0, 0, 2, 0, 0, 1, 0, 0, 3, 0, 1, 0, 2, 0, 1, 3, 0, 1, 3, 1, 0, 0, 0, 1, 3, 0, 0, 1, 0, 2, 0, 0, 0, 0, 0, 1, 0, 1, 0, 1, 1, 0, 2, 0, 0, 0, 0, 0, 0, 0, 2, 0, 0, 1, 0, 0, 1, 0, 0, 3, 0, 0, 1, 0, 0, 0, 0, 3, 0, 2, 0, 0, 2, 1, 0, 0, 0, 0, 1, 0, 3],846.6109372053031,52128.769557101376,106800.59864073119,false
43,G2_TEC,G2_TEC,[31, 22, 82, 15, 26, 9, 95, 42, 77, 68, 47, 5, 93, 78, 86, 54, 85, 63, 18, 44, 20, 49, 36, 14, 74, 50, 53, 17, 21, 28, 11, 64, 3, 23, 30, 83, 24, 41, 40, 52, 65, 27, 90, 70, 39, 87, 48, 69, 99, 4, 75, 1, 13, 58, 97, 59, 45, 8, 73, 37, 35, 79, 71, 66, 76, 32, 60, 80, 56, 6, 67, 61, 33, 7, 57, 34, 12, 16, 10, 94, 96, 88, 43, 81, 91, 2, 84, 29, 92, 19, 51, 89, 46, 55, 25, 72, 98, 38, 62, 0]|[2, 1, 2, 1, 1, 2, 1, 1, 1, 1, 1, 0, 2, 2, 1, 2, 0, 0, 0, 2, 2, 1, 0, 2, 0, 2, 2, 1, 0, 1, 1, 1, 0, 0, 1, 0, 2, 1, 2, 2, 0, 0, 1, 1, 0, 2, 0, 2, 1, 0, 0, 2, 0, 0, 2, 0, 1, 1, 0, 0, 2, 1, 1, 2, 2, 0, 2, 2, 2, 1, 2, 1, 1, 2, 0, 1, 1, 2, 1, 2, 0, 1, 1, 1, 1, 0, 0, 1, 0, 1, 1, 1, 0, 0, 1, 1, 2, 0, 1, 2]|[0, 3, 0, 3, 4, 1, 4, 4, 2, 4, 3, 2, 1, 0, 2, 1, 1, 1, 2, 1, 1, 3, 0, 1, 0, 1, 1, 4, 1, 4, 3, 2, 2, 0, 4, 1, 1, 4, 1, 1, 2, 1, 4, 4, 1, 1, 0, 1, 3, 2, 2, 1, 2, 1, 1, 2, 4, 3, 0, 2, 2, 3, 3, 1, 1, 2, 1, 1, 1, 4, 1, 3, 4, 1, 2, 4, 3, 1, 3, 1, 2, 4, 4, 4, 3, 2, 2, 3, 2, 4, 3, 4, 2, 2, 4, 4, 1, 2, 3, 1]|[0, 2, 0, 0, 3, 0, 1, 3, 0, 0, 2, 0, 1, 0, 1, 0, 0, 0, 1, 0, 0, 2, 0, 0, 1, 0, 0, 3, 0, 1, 0, 2, 0, 0, 3, 0, 1, 1, 0, 0, 0, 0, 1, 3, 0, 0, 1, 0, 2, 0, 0, 0, 0, 0, 1, 0, 1, 0, 1, 1, 0, 2, 0, 0, 0, 0, 0, 0, 0, 2, 0, 0, 1, 0, 0, 1, 0, 0, 3, 0, 0, 1, 2, 2, 0, 0, 0, 3, 0, 1, 0, 1, 0, 0, 3, 1, 0, 0, 0, 0],900.4100493268897,49108.38747949638,106634.02535620308,false
43,G3_TWC,G3_TWC,[31, 22, 82, 15, 26, 58, 95, 42, 77, 12, 47, 5, 93, 78, 98, 54, 85, 63, 18, 44, 20, 35, 43, 97, 91, 76, 10, 30, 21, 45, 71, 64, 1, 23, 17, 83, 24, 14, 60, 36, 6, 57, 94, 88, 65, 56, 79, 40, 67, 68, 46, 75, 39, 9, 19, 32, 81, 96, 27, 62, 87, 90, 99, 59, 11, 16, 72, 73, 70, 38, 37, 84, 3, 92, 25, 55, 28, 29, 51, 7, 33, 61, 86, 48, 89, 50, 69, 41, 53, 80, 4, 8, 34, 49, 52, 0, 13, 74, 2, 66]|[1, 1, 0, 1, 1, 1, 2, 1, 2, 1, 2, 2, 2, 1, 1, 0, 0, 1, 0, 2, 2, 0, 1, 2, 0, 1, 2, 2, 0, 0, 1, 2, 1, 2, 1, 0, 2, 0, 1, 1, 0, 1, 1, 1, 0, 2, 1, 1, 0, 0, 0, 0, 1, 1, 2, 1, 2, 0, 0, 0, 2, 1, 0, 1, 2, 1, 2, 1, 1, 1, 1, 1, 2, 0, 1, 1, 0, 0, 0, 1, 2, 1, 0, 0, 1, 0, 2, 0, 0, 0, 0, 1, 2, 0, 1, 0, 0, 0, 0, 2]|[4, 3, 2, 2, 0, 0, 2, 2, 2, 4, 1, 1, 2, 4, 4, 1, 1, 4, 2, 1, 1, 1, 1, 2, 1, 2, 1, 1, 1, 1, 3, 2, 3, 0, 4, 0, 1, 1, 0, 3, 2, 2, 4, 0, 1, 1, 0, 2, 0, 1, 2, 2, 1, 4, 0, 3, 2, 1, 1, 2, 1, 3, 1, 1, 1, 3, 0, 4, 3, 1, 4, 1, 1, 2, 4, 4, 2, 1, 1, 3, 1, 3, 1, 1, 1, 1, 1, 1, 2, 1, 2, 3, 1, 1, 1, 2, 2, 2, 2, 1]|[0, 2, 1, 1, 3, 3, 0, 1, 0, 0, 0, 0, 1, 0, 1, 0, 0, 3, 1, 0, 0, 0, 3, 1, 0, 2, 0, 0, 0, 1, 0, 0, 0, 0, 3, 0, 1, 0, 0, 2, 1, 1, 2, 0, 0, 0, 0, 1, 1, 0, 0, 0, 1, 3, 0, 0, 1, 0, 0, 1, 0, 2, 0, 1, 0, 2, 1, 0, 0, 1, 1, 3, 0, 1, 3, 3, 1, 0, 0, 2, 0, 0, 0, 0, 1, 0, 0, 0, 1, 0, 1, 2, 0, 1, 1, 0, 0, 0, 0, 0],833.2154215640596,57825.44465227681,88905.52377856613,false
43,G1_CMAX,G1_CMAX,[31, 22, 90, 26, 58, 95, 42, 12, 93, 5, 78, 86, 98, 18, 20, 35, 3, 97, 91, 76, 10, 85, 54, 45, 63, 71, 66, 1, 23, 17, 24, 60, 36, 6, 57, 15, 65, 56, 47, 79, 94, 67, 50, 46, 14, 75, 38, 9, 30, 19, 32, 81, 27, 92, 83, 87, 40, 99, 59, 11, 53, 16, 72, 77, 73, 70, 39, 37, 84, 43, 62, 25, 55, 28, 29, 51, 68, 82, 74, 61, 88, 21, 80, 89, 7, 69, 96, 41, 48, 4, 8, 34, 49, 52, 0, 44, 13, 2, 64, 33]|[1, 1, 1, 1, 0, 2, 1, 1, 2, 2, 2, 1, 0, 1, 2, 2, 1, 2, 0, 1, 2, 2, 2, 0, 0, 1, 2, 1, 2, 1, 2, 1, 1, 0, 1, 1, 0, 2, 2, 1, 1, 0, 0, 0, 0, 1, 1, 1, 1, 2, 1, 2, 2, 0, 0, 2, 1, 0, 0, 2, 0, 1, 2, 2, 1, 1, 1, 1, 1, 1, 0, 1, 1, 0, 0, 0, 0, 0, 2, 1, 1, 0, 0, 1, 1, 1, 2, 2, 0, 1, 1, 2, 0, 1, 0, 0, 0, 0, 2, 2]|[0, 4, 3, 0, 1, 1, 2, 4, 1, 1, 2, 4, 1, 4, 1, 1, 1, 2, 2, 2, 2, 1, 1, 1, 2, 3, 2, 3, 0, 4, 1, 0, 3, 2, 2, 2, 1, 1, 1, 0, 2, 0, 1, 2, 1, 3, 1, 4, 2, 0, 3, 2, 1, 2, 1, 1, 4, 1, 1, 1, 2, 3, 0, 2, 4, 3, 1, 4, 1, 1, 1, 4, 4, 2, 1, 1, 1, 2, 1, 3, 0, 1, 1, 1, 1, 3, 1, 1, 1, 4, 3, 1, 1, 1, 2, 2, 2, 2, 1, 1]|[3, 0, 2, 3, 0, 0, 1, 0, 0, 0, 1, 0, 0, 3, 0, 0, 1, 1, 1, 2, 1, 0, 0, 0, 0, 0, 0, 0, 0, 3, 1, 0, 2, 1, 1, 1, 0, 0, 0, 0, 1, 1, 0, 0, 0, 0, 1, 3, 2, 0, 0, 1, 0, 1, 0, 0, 2, 0, 0, 0, 1, 2, 1, 1, 0, 0, 1, 1, 3, 3, 0, 3, 3, 1, 0, 0, 0, 1, 0, 0, 0, 0, 0, 1, 2, 2, 0, 0, 0, 0, 2, 0, 1, 1, 0, 0, 0, 0, 0, 0],705.0470749739228,58445.79123614564,95781.2895945797,false
43,G4_BALANCED,G4_BALANCED,[31, 11, 82, 15, 26, 9, 95, 42, 77, 68, 47, 5, 93, 78, 86, 54, 85, 63, 18, 44, 20, 35, 43, 97, 91, 76, 10, 30, 21, 45, 71, 64, 1, 23, 17, 83, 24, 14, 60, 36, 6, 57, 40, 88, 65, 56, 79, 94, 67, 12, 46, 75, 38, 99, 19, 32, 41, 81, 27, 87, 90, 58, 59, 22, 16, 72, 73, 70, 39, 37, 84, 3, 92, 62, 25, 96, 28, 29, 51, 7, 33, 61, 98, 66, 89, 50, 48, 80, 53, 55, 4, 8, 34, 2, 52, 49, 13, 0, 69, 74]|[1, 1, 0, 1, 1, 0, 1, 2, 2, 0, 2, 2, 2, 1, 1, 0, 0, 1, 0, 2, 2, 0, 1, 2, 0, 1, 2, 2, 0, 0, 1, 2, 1, 2, 1, 0, 2, 0, 1, 1, 0, 1, 1, 1, 0, 2, 1, 1, 0, 0, 0, 0, 1, 1, 2, 1, 0, 2, 0, 2, 1, 0, 1, 2, 1, 2, 1, 1, 1, 1, 0, 1, 1, 0, 1, 2, 1, 0, 0, 2, 2, 1, 2, 2, 1, 0, 0, 0, 0, 2, 1, 1, 2, 0, 1, 0, 0, 0, 1, 2]|[4, 3, 2, 2, 4, 1, 2, 2, 2, 1, 1, 1, 2, 4, 4, 1, 1, 4, 2, 1, 1, 1, 1, 1, 1, 2, 1, 1, 2, 1, 3, 2, 3, 1, 4, 0, 1, 1, 0, 3, 2, 2, 2, 0, 1, 1, 0, 4, 0, 1, 2, 2, 1, 4, 0, 3, 1, 1, 1, 1, 3, 1, 1, 1, 3, 0, 4, 4, 1, 4, 2, 3, 1, 2, 4, 1, 4, 1, 1, 1, 1, 3, 1, 1, 1, 1, 1, 1, 2, 1, 4, 3, 1, 2, 1, 1, 2, 2, 4, 1]|[0, 2, 1, 1, 3, 0, 1, 0, 0, 0, 0, 0, 1, 0, 1, 0, 0, 3, 1, 0, 0, 0, 3, 1, 0, 2, 0, 0, 0, 1, 0, 0, 0, 0, 3, 0, 1, 0, 0, 2, 1, 1, 1, 0, 0, 0, 0, 2, 1, 0, 0, 0, 1, 3, 0, 0, 0, 0, 0, 0, 2, 0, 1, 0, 2, 1, 0, 0, 1, 1, 0, 0, 1, 1, 3, 0, 1, 0, 0, 0, 0, 0, 0, 0, 1, 0, 0, 0, 1, 0, 0, 2, 0, 0, 1, 1, 0, 0, 2, 0],802.7683906830428,54918.424968562234,100102.9253477918,false
43,G2_TEC,G2_TEC,[31, 22, 82, 15, 26, 9, 95, 42, 77, 68, 47, 5, 93, 78, 86, 54, 85, 63, 18, 44, 20, 49, 36, 14, 74, 50, 53, 17, 21, 28, 11, 64, 3, 23, 30, 83, 24, 41, 40, 52, 65, 27, 90, 70, 39, 87, 48, 69, 99, 4, 75, 1, 13, 58, 97, 59, 45, 8, 73, 37, 35, 79, 71, 66, 76, 32, 60, 80, 56, 6, 67, 61, 33, 7, 57, 34, 12, 16, 10, 94, 96, 88, 43, 81, 91, 2, 84, 29, 92, 19, 51, 55, 46, 89, 25, 72, 98, 38, 0, 62]|[2, 1, 2, 1, 1, 2, 1, 1, 1, 1, 1, 0, 2, 2, 1, 2, 0, 0, 0, 2, 2, 1, 0, 2, 0, 2, 2, 1, 0, 1, 1, 1, 0, 0, 1, 0, 2, 1, 2, 2, 0, 0, 1, 1, 0, 2, 0, 2, 1, 0, 0, 2, 0, 0, 2, 0, 1, 1, 0, 0, 2, 1, 1, 2, 2, 0, 2, 2, 2, 1, 2, 1, 1, 2, 0, 1, 1, 2, 1, 2, 0, 1, 1, 1, 1, 0, 0, 1, 0, 1, 1, 0, 0, 1, 1, 1, 2, 0, 2, 1]|[0, 3, 0, 3, 4, 1, 4, 4, 2, 4, 3, 2, 1, 0, 2, 1, 1, 1, 2, 1, 1, 3, 0, 1, 0, 1, 1, 4, 1, 4, 3, 2, 2, 0, 4, 1, 1, 4, 1, 1, 2, 1, 4, 4, 1, 1, 0, 1, 3, 2, 2, 1, 2, 1, 1, 2, 4, 3, 0, 2, 2, 3, 3, 1, 1, 2, 1, 1, 1, 4, 1, 3, 4, 1, 2, 4, 3, 1, 3, 1, 2, 4, 4, 4, 3, 2, 2, 3, 2, 4, 3, 2, 2, 4, 4, 4, 1, 2, 1, 3]|[0, 2, 0, 0, 3, 0, 1, 3, 0, 0, 2, 0, 1, 0, 1, 0, 0, 0, 1, 0, 0, 2, 0, 0, 1, 0, 0, 3, 0, 1, 0, 2, 0, 0, 3, 0, 1, 1, 0, 0, 0, 0, 1, 3, 0, 0, 1, 0, 2, 0, 0, 0, 0, 0, 1, 0, 1, 0, 1, 1, 0, 2, 0, 0, 0, 0, 0, 0, 0, 2, 0, 0, 1, 0, 0, 1, 0, 0, 3, 0, 0, 1, 2, 2, 0, 0, 0, 3, 0, 1, 0, 0, 0, 1, 3, 1, 0, 0, 0, 0],900.0760482104305,49106.971003161474,106617.18334121045,false
43,G3_TWC,G3_TWC,[31, 22, 82, 15, 26, 58, 95, 42, 77, 12, 47, 5, 93, 78, 98, 54, 85, 63, 18, 44, 20, 35, 43, 97, 91, 76, 10, 30, 21, 45, 71, 64, 1, 23, 17, 83, 24, 14, 60, 36, 6, 57, 94, 88, 65, 56, 79, 40, 67, 68, 46, 75, 39, 9, 19, 32, 81, 96, 27, 62, 87, 90, 99, 59, 11, 16, 72, 73, 70, 38, 37, 84, 3, 92, 25, 55, 28, 29, 51, 7, 33, 61, 86, 48, 89, 50, 69, 41, 53, 80, 4, 8, 34, 49, 52, 0, 13, 74, 2, 66]|[1, 1, 0, 1, 1, 1, 2, 1, 2, 1, 2, 2, 2, 1, 1, 0, 0, 1, 0, 2, 2, 0, 1, 2, 0, 1, 2, 2, 0, 0, 1, 2, 1, 2, 1, 0, 2, 0, 1, 1, 0, 1, 1, 1, 0, 2, 1, 1, 0, 0, 0, 0, 1, 1, 2, 1, 2, 0, 0, 0, 2, 1, 0, 1, 2, 1, 2, 1, 1, 1, 1, 1, 2, 0, 1, 1, 0, 0, 0, 1, 2, 1, 0, 0, 1, 0, 2, 0, 0, 0, 0, 1, 2, 0, 1, 0, 0, 0, 0, 2]|[4, 3, 2, 2, 0, 0, 2, 2, 2, 4, 1, 1, 2, 4, 4, 1, 1, 4, 2, 1, 1, 1, 1, 2, 1, 2, 1, 1, 1, 1, 3, 2, 3, 0, 4, 0, 1, 1, 0, 3, 2, 2, 4, 0, 1, 1, 0, 2, 0, 1, 2, 2, 1, 4, 0, 3, 2, 1, 1, 2, 1, 3, 1, 1, 1, 3, 0, 4, 3, 1, 4, 1, 1, 2, 4, 4, 2, 1, 1, 3, 1, 3, 1, 1, 1, 1, 1, 1, 2, 1, 2, 3, 1, 1, 1, 2, 2, 2, 2, 1]|[0, 2, 1, 1, 3, 3, 0, 1, 0, 0, 0, 0, 1, 0, 1, 0, 0, 3, 1, 0, 0, 0, 3, 1, 0, 2, 0, 0, 0, 1, 0, 0, 0, 0, 3, 0, 1, 0, 0, 2, 1, 1, 2, 0, 0, 0, 0, 1, 1, 0, 0, 0, 1, 3, 0, 0, 1, 0, 0, 1, 0, 2, 0, 1, 0, 2, 1, 0, 0, 1, 1, 3, 0, 1, 3, 3, 1, 0, 0, 2, 0, 0, 0, 0, 1, 0, 0, 0, 1, 0, 1, 2, 0, 1, 1, 0, 0, 0, 0, 0],833.2154215640596,57825.44465227681,88905.52377856613,false
43,G1_CMAX,G1_CMAX,[31, 22, 90, 26, 58, 95, 42, 12, 93, 5, 78, 86, 98, 18, 20, 35, 3, 97, 91, 76, 10, 85, 54, 45, 63, 71, 66, 1, 23, 17, 24, 60, 36, 6, 57, 15, 65, 56, 47, 79, 94, 67, 50, 46, 14, 75, 38, 9, 30, 19, 32, 81, 27, 92, 83, 87, 40, 99, 59, 11, 53, 16, 72, 77, 73, 70, 39, 37, 84, 43, 62, 25, 55, 28, 29, 51, 68, 82, 74, 61, 88, 21, 80, 89, 7, 69, 96, 41, 48, 4, 8, 34, 49, 52, 0, 44, 13, 2, 64, 33]|[1, 1, 1, 1, 0, 2, 1, 1, 2, 2, 2, 1, 0, 1, 2, 2, 1, 2, 0, 1, 2, 2, 2, 0, 0, 1, 2, 1, 2, 1, 2, 1, 1, 0, 1, 1, 0, 2, 2, 1, 1, 0, 0, 0, 0, 1, 1, 1, 1, 2, 1, 2, 2, 0, 0, 2, 1, 0, 0, 2, 0, 1, 2, 2, 1, 1, 1, 1, 1, 1, 0, 1, 1, 0, 0, 0, 0, 0, 2, 1, 1, 0, 0, 1, 1, 1, 2, 2, 0, 1, 1, 2, 0, 1, 0, 0, 0, 0, 2, 2]|[0, 4, 3, 0, 1, 1, 2, 4, 1, 1, 2, 4, 1, 4, 1, 1, 1, 2, 2, 2, 2, 1, 1, 1, 2, 3, 2, 3, 0, 4, 1, 0, 3, 2, 2, 2, 1, 1, 1, 0, 2, 0, 1, 2, 1, 3, 1, 4, 2, 0, 3, 2, 1, 2, 1, 1, 4, 1, 1, 1, 2, 3, 0, 2, 4, 3, 1, 4, 1, 1, 1, 4, 4, 2, 1, 1, 1, 2, 1, 3, 0, 1, 1, 1, 1, 3, 1, 1, 1, 4, 3, 1, 1, 1, 2, 2, 2, 2, 1, 1]|[3, 0, 2, 3, 0, 0, 1, 0, 0, 0, 1, 0, 0, 3, 0, 0, 1, 1, 1, 2, 1, 0, 0, 0, 0, 0, 0, 0, 0, 3, 1, 0, 2, 1, 1, 1, 0, 0, 0, 0, 1, 1, 0, 0, 0, 0, 1, 3, 2, 0, 0, 1, 0, 1, 0, 0, 2, 0, 0, 0, 1, 2, 1, 1, 0, 0, 1, 1, 3, 3, 0, 3, 3, 1, 0, 0, 0, 1, 0, 0, 0, 0, 0, 1, 2, 2, 0, 0, 0, 0, 2, 0, 1, 1, 0, 0, 0, 0, 0, 0],705.0470749739228,58445.79123614564,95781.2895945797,false
43,G4_BALANCED,G1_CMAX,[22, 82, 3, 58, 95, 42, 77, 47, 5, 93, 78, 12, 86, 54, 50, 63, 18, 44, 20, 35, 43, 97, 91, 76, 10, 30, 21, 45, 71, 64, 36, 23, 17, 83, 24, 14, 60, 1, 6, 40, 57, 90, 65, 56, 79, 94, 67, 68, 46, 75, 38, 9, 19, 32, 81, 41, 27, 62, 16, 55, 59, 89, 88, 87, 31, 72, 73, 70, 39, 37, 84, 92, 25, 11, 48, 15, 29, 51, 7, 33, 61, 98, 28, 99, 26, 85, 66, 96, 53, 80, 4, 8, 34, 49, 52, 2, 13, 0, 69, 74]|[1, 0, 1, 0, 1, 2, 2, 2, 2, 2, 1, 1, 1, 0, 0, 1, 0, 2, 2, 0, 1, 2, 0, 1, 2, 2, 0, 0, 1, 2, 1, 2, 1, 0, 2, 0, 1, 1, 0, 1, 1, 1, 0, 2, 1, 1, 0, 0, 0, 0, 1, 1, 2, 1, 2, 0, 0, 0, 1, 2, 1, 1, 1, 1, 1, 2, 1, 2, 1, 1, 1, 0, 1, 2, 2, 1, 0, 0, 1, 2, 1, 2, 0, 1, 1, 0, 0, 2, 0, 0, 1, 1, 2, 0, 1, 0, 0, 0, 1, 2]|[3, 2, 1, 1, 2, 1, 2, 1, 1, 2, 4, 4, 4, 1, 1, 4, 2, 1, 1, 1, 1, 2, 1, 2, 1, 1, 2, 1, 3, 2, 3, 1, 4, 1, 1, 1, 0, 3, 2, 2, 2, 3, 1, 1, 0, 4, 0, 1, 2, 2, 1, 4, 0, 3, 2, 1, 1, 2, 3, 1, 1, 1, 0, 3, 0, 0, 3, 0, 1, 4, 1, 0, 4, 1, 1, 4, 1, 1, 1, 1, 3, 1, 2, 1, 0, 2, 1, 1, 2, 1, 4, 3, 1, 1, 1, 2, 2, 2, 4, 1]|[3, 1, 2, 0, 1, 0, 0, 0, 0, 1, 0, 0, 1, 0, 0, 3, 1, 0, 0, 0, 3, 1, 0, 2, 0, 0, 0, 1, 0, 0, 2, 0, 3, 0, 1, 0, 0, 0, 1, 1, 1, 2, 0, 0, 0, 2, 1, 0, 0, 0, 1, 3, 0, 0, 1, 0, 0, 1, 2, 0, 1, 1, 0, 2, 0, 1, 0, 1, 1, 1, 1, 1, 3, 0, 0, 3, 0, 0, 2, 0, 0, 0, 1, 1, 3, 0, 0, 0, 1, 0, 0, 2, 0, 1, 1, 0, 0, 0, 2, 0],715.7913946700162,58060.95961022334,95287.06515100288,true
43,G2_TEC,G2_TEC,[31, 22, 82, 15, 26, 9, 95, 42, 77, 68, 47, 5, 93, 78, 86, 54, 85, 63, 18, 44, 20, 49, 36, 14, 74, 50, 53, 17, 21, 28, 11, 64, 3, 23, 30, 83, 24, 41, 40, 52, 65, 27, 90, 70, 39, 87, 48, 69, 99, 4, 75, 1, 13, 58, 97, 59, 45, 8, 73, 37, 35, 79, 71, 66, 76, 32, 60, 80, 56, 6, 67, 61, 33, 7, 57, 34, 12, 16, 10, 94, 96, 88, 43, 81, 91, 2, 84, 29, 92, 19, 51, 55, 46, 89, 25, 72, 98, 38, 0, 62]|[2, 1, 2, 1, 1, 2, 1, 1, 1, 1, 1, 0, 2, 2, 1, 2, 0, 0, 0, 2, 2, 1, 0, 2, 0, 2, 2, 1, 0, 1, 1, 1, 0, 0, 1, 0, 2, 1, 2, 2, 0, 0, 1, 1, 0, 2, 0, 2, 1, 0, 0, 2, 0, 0, 2, 0, 1, 1, 0, 0, 2, 1, 1, 2, 2, 0, 2, 2, 2, 1, 2, 1, 1, 2, 0, 1, 1, 2, 1, 2, 0, 1, 1, 1, 1, 0, 0, 1, 0, 1, 1, 0, 0, 1, 1, 1, 2, 0, 2, 1]|[0, 3, 0, 3, 4, 1, 4, 4, 2, 4, 3, 2, 1, 0, 2, 1, 1, 1, 2, 1, 1, 3, 0, 1, 0, 1, 1, 4, 1, 4, 3, 2, 2, 0, 4, 1, 1, 4, 1, 1, 2, 1, 4, 4, 1, 1, 0, 1, 3, 2, 2, 1, 2, 1, 1, 2, 4, 3, 0, 2, 2, 3, 3, 1, 1, 2, 1, 1, 1, 4, 1, 3, 4, 1, 2, 4, 3, 1, 3, 1, 2, 4, 4, 4, 3, 2, 2, 3, 2, 4, 3, 2, 2, 4, 4, 4, 1, 2, 1, 3]|[0, 2, 0, 0, 3, 0, 1, 3, 0, 0, 2, 0, 1, 0, 1, 0, 0, 0, 1, 0, 0, 2, 0, 0, 1, 0, 0, 3, 0, 1, 0, 2, 0, 0, 3, 0, 1, 1, 0, 0, 0, 0, 1, 3, 0, 0, 1, 0, 2, 0, 0, 0, 0, 0, 1, 0, 1, 0, 1, 1, 0, 2, 0, 0, 0, 0, 0, 0, 0, 2, 0, 0, 1, 0, 0, 1, 0, 0, 3, 0, 0, 1, 2, 2, 0, 0, 0, 3, 0, 1, 0, 0, 0, 1, 3, 1, 0, 0, 0, 0],900.0760482104305,49106.971003161474,106617.18334121045,false
43,G3_TWC,G3_TWC,[31, 22, 82, 15, 26, 58, 95, 42, 77, 12, 47, 5, 93, 78, 98, 54, 85, 63, 18, 44, 20, 35, 43, 97, 91, 76, 10, 30, 21, 45, 71, 64, 1, 23, 17, 83, 24, 14, 60, 36, 6, 57, 94, 88, 65, 56, 79, 40, 67, 68, 46, 75, 39, 9, 19, 32, 81, 96, 27, 62, 87, 90, 99, 59, 11, 16, 72, 73, 70, 38, 37, 84, 3, 92, 25, 55, 28, 29, 51, 7, 33, 61, 86, 48, 89, 50, 69, 41, 53, 80, 4, 8, 34, 49, 52, 0, 13, 74, 2, 66]|[1, 1, 0, 1, 1, 1, 2, 1, 2, 1, 2, 2, 2, 1, 1, 0, 0, 1, 0, 2, 2, 0, 1, 2, 0, 1, 2, 2, 0, 0, 1, 2, 1, 2, 1, 0, 2, 0, 1, 1, 0, 1, 1, 1, 0, 2, 1, 1, 0, 0, 0, 0, 1, 1, 2, 1, 2, 0, 0, 0, 2, 1, 0, 1, 2, 1, 2, 1, 1, 1, 1, 1, 2, 0, 1, 1, 0, 0, 0, 1, 2, 1, 0, 0, 1, 0, 2, 0, 0, 0, 0, 1, 2, 0, 1, 0, 0, 0, 0, 2]|[4, 3, 2, 2, 0, 0, 2, 2, 2, 4, 1, 1, 2, 4, 4, 1, 1, 4, 2, 1, 1, 1, 1, 2, 1, 2, 1, 1, 1, 1, 3, 2, 3, 0, 4, 0, 1, 1, 0, 3, 2, 2, 4, 0, 1, 1, 0, 2, 0, 1, 2, 2, 1, 4, 0, 3, 2, 1, 1, 2, 1, 3, 1, 1, 1, 3, 0, 4, 3, 1, 4, 1, 1, 2, 4, 4, 2, 1, 1, 3, 1, 3, 1, 1, 1, 1, 1, 1, 2, 1, 2, 3, 1, 1, 1, 2, 2, 2, 2, 1]|[0, 2, 1, 1, 3, 3, 0, 1, 0, 0, 0, 0, 1, 0, 1, 0, 0, 3, 1, 0, 0, 0, 3, 1, 0, 2, 0, 0, 0, 1, 0, 0, 0, 0, 3, 0, 1, 0, 0, 2, 1, 1, 2, 0, 0, 0, 0, 1, 1, 0, 0, 0, 1, 3, 0, 0, 1, 0, 0, 1, 0, 2, 0, 1, 0, 2, 1, 0, 0, 1, 1, 3, 0, 1, 3, 3, 1, 0, 0, 2, 0, 0, 0, 0, 1, 0, 0, 0, 1, 0, 1, 2, 0, 1, 1, 0, 0, 0, 0, 0],833.2154215640596,57825.44465227681,88905.52377856613,false
43,G1_CMAX,G3_TWC,[31, 22, 82, 15, 26, 58, 95, 42, 77, 12, 47, 5, 93, 78, 98, 54, 85, 63, 18, 44, 20, 35, 43, 97, 91, 76, 10, 30, 21, 45, 71, 64, 1, 23, 17, 83, 24, 14, 60, 36, 6, 57, 94, 88, 65, 56, 79, 40, 67, 68, 46, 75, 38, 9, 19, 32, 81, 41, 27, 62, 87, 90, 99, 59, 11, 16, 73, 72, 70, 39, 37, 84, 3, 92, 25, 55, 28, 29, 51, 7, 33, 61, 86, 66, 89, 50, 4, 96, 53, 80, 8, 48, 34, 49, 52, 0, 13, 2, 69, 74]|[1, 1, 0, 1, 1, 1, 2, 1, 2, 1, 2, 2, 2, 1, 1, 0, 0, 1, 0, 2, 2, 0, 1, 2, 0, 1, 2, 2, 0, 0, 1, 2, 1, 2, 1, 0, 2, 0, 1, 1, 0, 1, 1, 1, 0, 2, 1, 1, 0, 0, 0, 0, 1, 1, 2, 1, 2, 0, 0, 0, 2, 1, 0, 1, 2, 1, 1, 2, 1, 1, 1, 1, 2, 0, 1, 1, 0, 0, 0, 1, 2, 1, 0, 2, 1, 0, 0, 2, 0, 0, 1, 0, 2, 0, 1, 0, 0, 0, 1, 2]|[4, 3, 2, 2, 0, 0, 2, 2, 2, 4, 1, 1, 2, 4, 4, 1, 1, 4, 2, 1, 1, 1, 1, 2, 1, 2, 1, 1, 1, 1, 3, 2, 3, 0, 4, 0, 1, 1, 0, 3, 2, 2, 4, 0, 1, 1, 0, 2, 0, 1, 2, 2, 1, 4, 0, 3, 2, 1, 1, 2, 1, 3, 1, 1, 1, 3, 4, 1, 3, 1, 4, 1, 1, 2, 4, 4, 2, 1, 1, 1, 1, 3, 1, 1, 1, 1, 2, 1, 2, 1, 3, 1, 1, 1, 1, 2, 2, 2, 3, 1]|[0, 2, 1, 1, 3, 3, 0, 1, 0, 0, 0, 0, 1, 0, 1, 0, 0, 3, 1, 0, 0, 0, 3, 1, 0, 2, 0, 0, 0, 1, 0, 0, 0, 0, 3, 0, 1, 0, 0, 2, 1, 1, 2, 0, 0, 0, 0, 1, 1, 0, 0, 0, 1, 3, 0, 0, 1, 0, 0, 1, 0, 2, 0, 1, 0, 2, 0, 0, 0, 1, 1, 3, 0, 1, 3, 3, 1, 0, 0, 2, 0, 0, 0, 0, 1, 0, 1, 0, 1, 0, 2, 0, 0, 1, 1, 0, 0, 0, 0, 0],772.5119437511711,57460.75938438715,90521.1429661686,true
43,G4_BALANCED,G1_CMAX,[22, 82, 3, 58, 95, 42, 77, 47, 5, 93, 78, 12, 86, 54, 50, 63, 18, 44, 20, 35, 43, 97, 91, 76, 10, 30, 21, 45, 71, 64, 36, 23, 17, 83, 24, 14, 60, 1, 6, 40, 57, 90, 65, 56, 79, 94, 67, 68, 46, 75, 38, 9, 19, 32, 81, 41, 27, 62, 16, 55, 59, 89, 88, 87, 31, 72, 73, 70, 39, 37, 84, 92, 25, 11, 48, 15, 29, 51, 7, 33, 61, 98, 28, 99, 26, 85, 66, 96, 53, 80, 4, 8, 34, 49, 52, 2, 13, 0, 69, 74]|[1, 0, 1, 0, 1, 2, 2, 2, 2, 2, 1, 1, 1, 0, 0, 1, 0, 2, 2, 0, 1, 2, 0, 1, 2, 2, 0, 0, 1, 2, 1, 2, 1, 0, 2, 0, 1, 1, 0, 1, 1, 1, 0, 2, 1, 1, 0, 0, 0, 0, 1, 1, 2, 1, 2, 0, 0, 0, 1, 2, 1, 1, 1, 1, 1, 2, 1, 2, 1, 1, 1, 0, 1, 2, 2, 1, 0, 0, 1, 2, 1, 2, 0, 1, 1, 0, 0, 2, 0, 0, 1, 1, 2, 0, 1, 0, 0, 0, 1, 2]|[3, 2, 1, 1, 2, 1, 2, 1, 1, 2, 4, 4, 4, 1, 1, 4, 2, 1, 1, 1, 1, 2, 1, 2, 1, 1, 2, 1, 3, 2, 3, 1, 4, 1, 1, 1, 0, 3, 2, 2, 2, 3, 1, 1, 0, 4, 0, 1, 2, 2, 1, 4, 0, 3, 2, 1, 1, 2, 3, 1, 1, 1, 0, 3, 0, 0, 3, 0, 1, 4, 1, 0, 4, 1, 1, 4, 1, 1, 1, 1, 3, 1, 2, 1, 0, 2, 1, 1, 2, 1, 4, 3, 1, 1, 1, 2, 2, 2, 4, 1]|[3, 1, 2, 0, 1, 0, 0, 0, 0, 1, 0, 0, 1, 0, 0, 3, 1, 0, 0, 0, 3, 1, 0, 2, 0, 0, 0, 1, 0, 0, 2, 0, 3, 0, 1, 0, 0, 0, 1, 1, 1, 2, 0, 0, 0, 2, 1, 0, 0, 0, 1, 3, 0, 0, 1, 0, 0, 1, 2, 0, 1, 1, 0, 2, 0, 1, 0, 1, 1, 1, 1, 1, 3, 0, 0, 3, 0, 0, 2, 0, 0, 0, 1, 1, 3, 0, 0, 0, 1, 0, 0, 2, 0, 1, 1, 0, 0, 0, 2, 0],715.7913946700162,58060.95961022334,95287.06515100288,true
43,G2_TEC,G2_TEC,[31, 22, 82, 15, 26, 9, 95, 42, 77, 68, 47, 5, 93, 78, 86, 54, 85, 63, 18, 44, 20, 49, 36, 14, 74, 50, 53, 17, 21, 28, 11, 64, 3, 23, 30, 83, 24, 41, 40, 52, 65, 27, 90, 70, 39, 87, 48, 69, 99, 4, 75, 1, 13, 58, 97, 59, 45, 8, 73, 37, 35, 79, 71, 66, 76, 32, 60, 80, 56, 6, 67, 61, 33, 7, 57, 34, 12, 16, 10, 94, 96, 88, 43, 81, 91, 2, 84, 29, 92, 19, 51, 55, 46, 89, 25, 72, 98, 38, 0, 62]|[2, 1, 2, 1, 1, 2, 1, 1, 1, 1, 1, 0, 2, 2, 1, 2, 0, 0, 0, 2, 2, 1, 0, 2, 0, 2, 2, 1, 0, 1, 1, 1, 0, 0, 1, 0, 2, 1, 2, 2, 0, 0, 1, 1, 0, 2, 0, 2, 1, 0, 0, 2, 0, 0, 2, 0, 1, 1, 0, 0, 2, 1, 1, 2, 2, 0, 2, 2, 2, 1, 2, 1, 1, 2, 0, 1, 1, 2, 1, 2, 0, 1, 1, 1, 1, 0, 0, 1, 0, 1, 1, 0, 0, 1, 1, 1, 2, 0, 2, 1]|[0, 3, 0, 3, 4, 1, 4, 4, 2, 4, 3, 2, 1, 0, 2, 1, 1, 1, 2, 1, 1, 3, 0, 1, 0, 1, 1, 4, 1, 4, 3, 2, 2, 0, 4, 1, 1, 4, 1, 1, 2, 1, 4, 4, 1, 1, 0, 1, 3, 2, 2, 1, 2, 1, 1, 2, 4, 3, 0, 2, 2, 3, 3, 1, 1, 2, 1, 1, 1, 4, 1, 3, 4, 1, 2, 4, 3, 1, 3, 1, 2, 4, 4, 4, 3, 2, 2, 3, 2, 4, 3, 2, 2, 4, 4, 4, 1, 2, 1, 3]|[0, 2, 0, 0, 3, 0, 1, 3, 0, 0, 2, 0, 1, 0, 1, 0, 0, 0, 1, 0, 0, 2, 0, 0, 1, 0, 0, 3, 0, 1, 0, 2, 0, 0, 3, 0, 1, 1, 0, 0, 0, 0, 1, 3, 0, 0, 1, 0, 2, 0, 0, 0, 0, 0, 1, 0, 1, 0, 1, 1, 0, 2, 0, 0, 0, 0, 0, 0, 0, 2, 0, 0, 1, 0, 0, 1, 0, 0, 3, 0, 0, 1, 2, 2, 0, 0, 0, 3, 0, 1, 0, 0, 0, 1, 3, 1, 0, 0, 0, 0],900.0760482104305,49106.971003161474,106617.18334121045,false
43,G3_TWC,G3_TWC,[31, 22, 82, 15, 26, 58, 95, 42, 77, 12, 47, 5, 93, 78, 98, 54, 85, 63, 18, 44, 20, 35, 43, 97, 91, 76, 10, 30, 21, 45, 71, 64, 1, 23, 17, 83, 24, 14, 60, 36, 6, 57, 94, 88, 65, 56, 79, 40, 67, 68, 46, 75, 39, 9, 19, 32, 81, 96, 27, 62, 87, 90, 99, 59, 11, 16, 72, 73, 70, 38, 37, 84, 3, 92, 25, 55, 28, 29, 51, 7, 33, 61, 86, 48, 89, 50, 69, 41, 53, 80, 4, 8, 34, 49, 52, 0, 13, 74, 2, 66]|[1, 1, 0, 1, 1, 1, 2, 1, 2, 1, 2, 2, 2, 1, 1, 0, 0, 1, 0, 2, 2, 0, 1, 2, 0, 1, 2, 2, 0, 0, 1, 2, 1, 2, 1, 0, 2, 0, 1, 1, 0, 1, 1, 1, 0, 2, 1, 1, 0, 0, 0, 0, 1, 1, 2, 1, 2, 0, 0, 0, 2, 1, 0, 1, 2, 1, 2, 1, 1, 1, 1, 1, 2, 0, 1, 1, 0, 0, 0, 1, 2, 1, 0, 0, 1, 0, 2, 0, 0, 0, 0, 1, 2, 0, 1, 0, 0, 0, 0, 2]|[4, 3, 2, 2, 0, 0, 2, 2, 2, 4, 1, 1, 2, 4, 4, 1, 1, 4, 2, 1, 1, 1, 1, 2, 1, 2, 1, 1, 1, 1, 3, 2, 3, 0, 4, 0, 1, 1, 0, 3, 2, 2, 4, 0, 1, 1, 0, 2, 0, 1, 2, 2, 1, 4, 0, 3, 2, 1, 1, 2, 1, 3, 1, 1, 1, 3, 0, 4, 3, 1, 4, 1, 1, 2, 4, 4, 2, 1, 1, 3, 1, 3, 1, 1, 1, 1, 1, 1, 2, 1, 2, 3, 1, 1, 1, 2, 2, 2, 2, 1]|[0, 2, 1, 1, 3, 3, 0, 1, 0, 0, 0, 0, 1, 0, 1, 0, 0, 3, 1, 0, 0, 0, 3, 1, 0, 2, 0, 0, 0, 1, 0, 0, 0, 0, 3, 0, 1, 0, 0, 2, 1, 1, 2, 0, 0, 0, 0, 1, 1, 0, 0, 0, 1, 3, 0, 0, 1, 0, 0, 1, 0, 2, 0, 1, 0, 2, 1, 0, 0, 1, 1, 3, 0, 1, 3, 3, 1, 0, 0, 2, 0, 0, 0, 0, 1, 0, 0, 0, 1, 0, 1, 2, 0, 1, 1, 0, 0, 0, 0, 0],833.2154215640596,57825.44465227681,88905.52377856613,false
43,G1_CMAX,G4_BALANCED,[31, 22, 82, 15, 26, 99, 95, 42, 77, 12, 47, 5, 93, 78, 86, 54, 21, 63, 18, 44, 20, 35, 43, 97, 91, 76, 10, 30, 85, 45, 71, 64, 1, 23, 17, 83, 24, 14, 60, 36, 6, 57, 40, 88, 65, 56, 79, 94, 67, 68, 46, 29, 38, 9, 19, 32, 81, 41, 27, 87, 90, 58, 59, 62, 11, 66, 73, 72, 70, 39, 37, 84, 3, 92, 25, 55, 28, 75, 51, 7, 33, 61, 98, 48, 89, 50, 16, 96, 53, 80, 4, 8, 34, 49, 52, 2, 13, 0, 69, 74]|[1, 1, 0, 1, 1, 0, 1, 2, 2, 1, 2, 2, 2, 1, 1, 0, 0, 1, 0, 2, 2, 0, 0, 2, 0, 1, 2, 2, 0, 0, 1, 2, 1, 2, 1, 0, 2, 0, 1, 1, 0, 1, 1, 1, 0, 2, 1, 1, 0, 0, 0, 0, 1, 1, 2, 1, 2, 0, 0, 2, 2, 1, 1, 2, 2, 2, 1, 2, 1, 1, 1, 1, 1, 0, 1, 1, 0, 0, 0, 1, 2, 1, 0, 0, 1, 0, 2, 2, 0, 0, 1, 1, 2, 0, 1, 0, 0, 0, 1, 2]|[4, 3, 2, 2, 4, 1, 2, 2, 2, 4, 1, 1, 2, 4, 4, 1, 2, 4, 2, 1, 1, 1, 1, 2, 1, 2, 1, 1, 2, 1, 3, 2, 3, 1, 4, 0, 1, 1, 0, 3, 2, 2, 2, 0, 1, 1, 0, 4, 0, 1, 2, 2, 1, 4, 0, 3, 2, 1, 1, 1, 1, 3, 1, 1, 1, 1, 4, 1, 3, 1, 4, 1, 1, 0, 4, 4, 2, 2, 1, 1, 1, 3, 1, 1, 1, 1, 1, 1, 2, 1, 4, 3, 1, 1, 1, 2, 2, 2, 4, 1]|[0, 2, 1, 1, 3, 0, 1, 0, 0, 0, 0, 0, 1, 0, 1, 0, 0, 3, 1, 0, 0, 0, 0, 1, 0, 2, 0, 0, 0, 1, 0, 0, 0, 0, 3, 0, 1, 0, 0, 2, 1, 1, 1, 0, 0, 0, 0, 2, 1, 0, 0, 0, 1, 3, 0, 0, 1, 0, 0, 0, 0, 2, 1, 0, 0, 0, 0, 0, 0, 1, 1, 3, 1, 1, 3, 3, 1, 0, 0, 2, 0, 0, 0, 0, 1, 0, 0, 0, 1, 0, 0, 2, 0, 1, 1, 0, 0, 0, 2, 0],787.3813303729636,55270.10129536277,98079.20203737501,true
43,G4_BALANCED,G1_CMAX,[22, 82, 3, 58, 95, 42, 77, 47, 5, 93, 78, 12, 86, 54, 50, 63, 18, 44, 20, 35, 43, 97, 91, 76, 10, 30, 21, 45, 71, 64, 36, 23, 17, 83, 24, 14, 60, 1, 6, 40, 57, 90, 65, 56, 79, 94, 67, 68, 46, 75, 38, 9, 19, 32, 81, 41, 27, 62, 16, 55, 59, 89, 88, 87, 31, 72, 73, 70, 39, 37, 84, 92, 25, 11, 48, 15, 29, 51, 7, 33, 61, 98, 28, 99, 26, 85, 66, 96, 53, 80, 4, 8, 34, 49, 52, 2, 13, 0, 69, 74]|[1, 0, 1, 0, 1, 2, 2, 2, 2, 2, 1, 1, 1, 0, 0, 1, 0, 2, 2, 0, 1, 2, 0, 1, 2, 2, 0, 0, 1, 2, 1, 2, 1, 0, 2, 0, 1, 1, 0, 1, 1, 1, 0, 2, 1, 1, 0, 0, 0, 0, 1, 1, 2, 1, 2, 0, 0, 0, 1, 2, 1, 1, 1, 1, 1, 2, 1, 2, 1, 1, 1, 0, 1, 2, 2, 1, 0, 0, 1, 2, 1, 2, 0, 1, 1, 0, 0, 2, 0, 0, 1, 1, 2, 0, 1, 0, 0, 0, 1, 2]|[3, 2, 1, 1, 2, 1, 2, 1, 1, 2, 4, 4, 4, 1, 1, 4, 2, 1, 1, 1, 1, 2, 1, 2, 1, 1, 2, 1, 3, 2, 3, 1, 4, 1, 1, 1, 0, 3, 2, 2, 2, 3, 1, 1, 0, 4, 0, 1, 2, 2, 1, 4, 0, 3, 2, 1, 1, 2, 3, 1, 1, 1, 0, 3, 0, 0, 3, 0, 1, 4, 1, 0, 4, 1, 1, 4, 1, 1, 1, 1, 3, 1, 2, 1, 0, 2, 1, 1, 2, 1, 4, 3, 1, 1, 1, 2, 2, 2, 4, 1]|[3, 1, 2, 0, 1, 0, 0, 0, 0, 1, 0, 0, 1, 0, 0, 3, 1, 0, 0, 0, 3, 1, 0, 2, 0, 0, 0, 1, 0, 0, 2, 0, 3, 0, 1, 0, 0, 0, 1, 1, 1, 2, 0, 0, 0, 2, 1, 0, 0, 0, 1, 3, 0, 0, 1, 0, 0, 1, 2, 0, 1, 1, 0, 2, 0, 1, 0, 1, 1, 1, 1, 1, 3, 0, 0, 3, 0, 0, 2, 0, 0, 0, 1, 1, 3, 0, 0, 0, 1, 0, 0, 2, 0, 1, 1, 0, 0, 0, 2, 0],715.7913946700162,58060.95961022334,95287.06515100288,true
43,G2_TEC,G2_TEC,[31, 22, 82, 15, 26, 9, 95, 42, 77, 68, 47, 5, 93, 78, 86, 54, 85, 63, 18, 44, 20, 49, 36, 14, 74, 50, 53, 17, 21, 28, 11, 64, 3, 23, 30, 83, 24, 41, 40, 52, 65, 27, 90, 70, 39, 87, 48, 69, 99, 4, 75, 1, 13, 58, 97, 59, 45, 8, 73, 37, 35, 79, 71, 66, 76, 32, 60, 80, 56, 6, 67, 61, 33, 7, 57, 34, 12, 16, 10, 94, 96, 88, 43, 81, 91, 2, 84, 29, 92, 19, 51, 55, 46, 89, 25, 72, 98, 38, 0, 62]|[2, 1, 2, 1, 1, 2, 1, 1, 1, 1, 1, 0, 2, 2, 1, 2, 0, 0, 0, 2, 2, 1, 0, 2, 0, 2, 2, 1, 0, 1, 1, 1, 0, 0, 1, 0, 2, 1, 2, 2, 0, 0, 1, 1, 0, 2, 0, 2, 1, 0, 0, 2, 0, 0, 2, 0, 1, 1, 0, 0, 2, 1, 1, 2, 2, 0, 2, 2, 2, 1, 2, 1, 1, 2, 0, 1, 1, 2, 1, 2, 0, 1, 1, 1, 1, 0, 0, 1, 0, 1, 1, 0, 0, 1, 1, 1, 2, 0, 2, 1]|[0, 3, 0, 3, 4, 1, 4, 4, 2, 4, 3, 2, 1, 0, 2, 1, 1, 1, 2, 1, 1, 3, 0, 1, 0, 1, 1, 4, 1, 4, 3, 2, 2, 0, 4, 1, 1, 4, 1, 1, 2, 1, 4, 4, 1, 1, 0, 1, 3, 2, 2, 1, 2, 1, 1, 2, 4, 3, 0, 2, 2, 3, 3, 1, 1, 2, 1, 1, 1, 4, 1, 3, 4, 1, 2, 4, 3, 1, 3, 1, 2, 4, 4, 4, 3, 2, 2, 3, 2, 4, 3, 2, 2, 4, 4, 4, 1, 2, 1, 3]|[0, 2, 0, 0, 3, 0, 1, 3, 0, 0, 2, 0, 1, 0, 1, 0, 0, 0, 1, 0, 0, 2, 0, 0, 1, 0, 0, 3, 0, 1, 0, 2, 0, 0, 3, 0, 1, 1, 0, 0, 0, 0, 1, 3, 0, 0, 1, 0, 2, 0, 0, 0, 0, 0, 1, 0, 1, 0, 1, 1, 0, 2, 0, 0, 0, 0, 0, 0, 0, 2, 0, 0, 1, 0, 0, 1, 0, 0, 3, 0, 0, 1, 2, 2, 0, 0, 0, 3, 0, 1, 0, 0, 0, 1, 3, 1, 0, 0, 0, 0],900.0760482104305,49106.971003161474,106617.18334121045,false
43,G3_TWC,G3_TWC,[31, 22, 82, 15, 26, 58, 95, 42, 77, 12, 47, 5, 93, 78, 98, 54, 85, 63, 18, 44, 20, 35, 43, 97, 91, 76, 10, 30, 21, 45, 71, 64, 1, 23, 17, 83, 24, 14, 60, 36, 6, 57, 94, 88, 65, 56, 79, 40, 67, 68, 46, 75, 39, 9, 19, 32, 81, 96, 27, 62, 87, 90, 99, 59, 11, 16, 72, 73, 70, 38, 37, 84, 3, 92, 25, 55, 28, 29, 51, 7, 33, 61, 86, 48, 89, 50, 69, 41, 53, 80, 4, 8, 34, 49, 52, 0, 13, 74, 2, 66]|[1, 1, 0, 1, 1, 1, 2, 1, 2, 1, 2, 2, 2, 1, 1, 0, 0, 1, 0, 2, 2, 0, 1, 2, 0, 1, 2, 2, 0, 0, 1, 2, 1, 2, 1, 0, 2, 0, 1, 1, 0, 1, 1, 1, 0, 2, 1, 1, 0, 0, 0, 0, 1, 1, 2, 1, 2, 0, 0, 0, 2, 1, 0, 1, 2, 1, 2, 1, 1, 1, 1, 1, 2, 0, 1, 1, 0, 0, 0, 1, 2, 1, 0, 0, 1, 0, 2, 0, 0, 0, 0, 1, 2, 0, 1, 0, 0, 0, 0, 2]|[4, 3, 2, 2, 0, 0, 2, 2, 2, 4, 1, 1, 2, 4, 4, 1, 1, 4, 2, 1, 1, 1, 1, 2, 1, 2, 1, 1, 1, 1, 3, 2, 3, 0, 4, 0, 1, 1, 0, 3, 2, 2, 4, 0, 1, 1, 0, 2, 0, 1, 2, 2, 1, 4, 0, 3, 2, 1, 1, 2, 1, 3, 1, 1, 1, 3, 0, 4, 3, 1, 4, 1, 1, 2, 4, 4, 2, 1, 1, 3, 1, 3, 1, 1, 1, 1, 1, 1, 2, 1, 2, 3, 1, 1, 1, 2, 2, 2, 2, 1]|[0, 2, 1, 1, 3, 3, 0, 1, 0, 0, 0, 0, 1, 0, 1, 0, 0, 3, 1, 0, 0, 0, 3, 1, 0, 2, 0, 0, 0, 1, 0, 0, 0, 0, 3, 0, 1, 0, 0, 2, 1, 1, 2, 0, 0, 0, 0, 1, 1, 0, 0, 0, 1, 3, 0, 0, 1, 0, 0, 1, 0, 2, 0, 1, 0, 2, 1, 0, 0, 1, 1, 3, 0, 1, 3, 3, 1, 0, 0, 2, 0, 0, 0, 0, 1, 0, 0, 0, 1, 0, 1, 2, 0, 1, 1, 0, 0, 0, 0, 0],833.2154215640596,57825.44465227681,88905.52377856613,false
43,G1_CMAX,G3_TWC,[22, 82, 3, 58, 26, 15, 95, 42, 77, 12, 47, 5, 93, 78, 98, 54, 85, 63, 18, 44, 20, 35, 43, 97, 91, 76, 73, 30, 21, 45, 71, 64, 1, 23, 17, 83, 66, 14, 60, 36, 6, 57, 94, 88, 65, 56, 79, 40, 67, 68, 46, 75, 38, 9, 27, 32, 81, 41, 19, 62, 87, 90, 99, 59, 11, 16, 72, 10, 70, 39, 37, 84, 31, 92, 25, 55, 28, 29, 51, 7, 33, 61, 86, 48, 89, 50, 69, 96, 53, 80, 4, 8, 34, 49, 52, 0, 13, 2, 24, 74]|[1, 1, 0, 1, 1, 1, 2, 1, 2, 1, 2, 2, 2, 1, 1, 0, 0, 1, 0, 2, 2, 0, 1, 2, 0, 1, 2, 2, 0, 0, 1, 2, 1, 2, 1, 0, 2, 0, 1, 1, 0, 1, 1, 1, 0, 2, 1, 1, 0, 0, 0, 0, 1, 1, 0, 1, 2, 0, 2, 0, 2, 1, 0, 1, 2, 1, 2, 1, 1, 1, 1, 1, 2, 0, 1, 1, 0, 0, 0, 1, 2, 1, 0, 0, 1, 0, 1, 0, 0, 0, 0, 1, 2, 0, 1, 0, 0, 0, 2, 2]|[4, 3, 2, 2, 0, 0, 2, 2, 2, 4, 1, 1, 2, 4, 4, 1, 1, 4, 2, 1, 1, 1, 1, 2, 1, 2, 1, 1, 1, 1, 3, 2, 3, 1, 4, 0, 1, 1, 0, 3, 2, 2, 4, 0, 1, 1, 0, 2, 0, 1, 2, 2, 1, 4, 1, 3, 2, 1, 0, 2, 1, 3, 1, 1, 1, 3, 0, 4, 3, 1, 4, 1, 1, 2, 4, 4, 2, 1, 1, 3, 1, 3, 1, 1, 1, 1, 3, 1, 2, 1, 2, 3, 1, 1, 1, 2, 2, 2, 1, 1]|[0, 2, 1, 1, 3, 3, 0, 1, 0, 0, 0, 0, 1, 0, 1, 0, 0, 3, 1, 0, 0, 0, 3, 1, 0, 2, 0, 0, 0, 1, 0, 0, 0, 0, 3, 0, 0, 0, 0, 2, 1, 1, 2, 0, 0, 0, 0, 1, 1, 0, 0, 0, 1, 3, 0, 0, 1, 0, 0, 1, 0, 2, 0, 1, 0, 2, 1, 0, 0, 1, 1, 3, 0, 1, 3, 3, 1, 0, 0, 2, 0, 0, 0, 0, 1, 0, 0, 0, 1, 0, 1, 2, 0, 1, 1, 0, 0, 0, 0, 0],796.9656252721102,57428.77166351292,89772.33070119293,true
43,G4_BALANCED,G1_CMAX,[22, 82, 3, 58, 95, 42, 77, 47, 5, 93, 78, 12, 86, 54, 50, 63, 18, 44, 20, 35, 43, 97, 91, 76, 10, 30, 21, 45, 71, 64, 36, 23, 17, 83, 24, 14, 60, 1, 6, 40, 57, 90, 65, 56, 79, 94, 67, 68, 46, 75, 38, 9, 19, 32, 81, 41, 27, 62, 16, 55, 59, 89, 88, 87, 31, 72, 73, 70, 39, 37, 84, 92, 25, 11, 48, 15, 29, 51, 7, 33, 61, 98, 28, 99, 26, 85, 66, 96, 53, 80, 4, 8, 34, 49, 52, 2, 13, 0, 69, 74]|[1, 0, 1, 0, 1, 2, 2, 2, 2, 2, 1, 1, 1, 0, 0, 1, 0, 2, 2, 0, 1, 2, 0, 1, 2, 2, 0, 0, 1, 2, 1, 2, 1, 0, 2, 0, 1, 1, 0, 1, 1, 1, 0, 2, 1, 1, 0, 0, 0, 0, 1, 1, 2, 1, 2, 0, 0, 0, 1, 2, 1, 1, 1, 1, 1, 2, 1, 2, 1, 1, 1, 0, 1, 2, 2, 1, 0, 0, 1, 2, 1, 2, 0, 1, 1, 0, 0, 2, 0, 0, 1, 1, 2, 0, 1, 0, 0, 0, 1, 2]|[3, 2, 1, 1, 2, 1, 2, 1, 1, 2, 4, 4, 4, 1, 1, 4, 2, 1, 1, 1, 1, 2, 1, 2, 1, 1, 2, 1, 3, 2, 3, 1, 4, 1, 1, 1, 0, 3, 2, 2, 2, 3, 1, 1, 0, 4, 0, 1, 2, 2, 1, 4, 0, 3, 2, 1, 1, 2, 3, 1, 1, 1, 0, 3, 0, 0, 3, 0, 1, 4, 1, 0, 4, 1, 1, 4, 1, 1, 1, 1, 3, 1, 2, 1, 0, 2, 1, 1, 2, 1, 4, 3, 1, 1, 1, 2, 2, 2, 4, 1]|[3, 1, 2, 0, 1, 0, 0, 0, 0, 1, 0, 0, 1, 0, 0, 3, 1, 0, 0, 0, 3, 1, 0, 2, 0, 0, 0, 1, 0, 0, 2, 0, 3, 0, 1, 0, 0, 0, 1, 1, 1, 2, 0, 0, 0, 2, 1, 0, 0, 0, 1, 3, 0, 0, 1, 0, 0, 1, 2, 0, 1, 1, 0, 2, 0, 1, 0, 1, 1, 1, 1, 1, 3, 0, 0, 3, 0, 0, 2, 0, 0, 0, 1, 1, 3, 0, 0, 0, 1, 0, 0, 2, 0, 1, 1, 0, 0, 0, 2, 0],715.7913946700162,58060.95961022334,95287.06515100288,true
43,G2_TEC,G2_TEC,[31, 22, 82, 15, 26, 9, 95, 42, 77, 68, 47, 5, 93, 78, 86, 54, 85, 63, 18, 44, 20, 49, 36, 14, 74, 50, 53, 17, 21, 28, 11, 64, 3, 23, 30, 83, 24, 41, 40, 52, 65, 27, 90, 70, 39, 87, 48, 69, 99, 4, 75, 1, 13, 58, 97, 59, 45, 8, 73, 37, 35, 79, 71, 66, 76, 32, 60, 80, 56, 6, 67, 61, 33, 7, 57, 34, 12, 16, 10, 94, 96, 88, 43, 81, 91, 2, 84, 29, 92, 19, 51, 55, 46, 89, 25, 72, 98, 38, 0, 62]|[2, 1, 2, 1, 1, 2, 1, 1, 1, 1, 1, 0, 2, 2, 1, 2, 0, 0, 0, 2, 2, 1, 0, 2, 0, 2, 2, 1, 0, 1, 1, 1, 0, 0, 1, 0, 2, 1, 2, 2, 0, 0, 1, 1, 0, 2, 0, 2, 1, 0, 0, 2, 0, 0, 2, 0, 1, 1, 0, 0, 2, 1, 1, 2, 2, 0, 2, 2, 2, 1, 2, 1, 1, 2, 0, 1, 1, 2, 1, 2, 0, 1, 1, 1, 1, 0, 0, 1, 0, 1, 1, 0, 0, 1, 1, 1, 2, 0, 2, 1]|[0, 3, 0, 3, 4, 1, 4, 4, 2, 4, 3, 2, 1, 0, 2, 1, 1, 1, 2, 1, 1, 3, 0, 1, 0, 1, 1, 4, 1, 4, 3, 2, 2, 0, 4, 1, 1, 4, 1, 1, 2, 1, 4, 4, 1, 1, 0, 1, 3, 2, 2, 1, 2, 1, 1, 2, 4, 3, 0, 2, 2, 3, 3, 1, 1, 2, 1, 1, 1, 4, 1, 3, 4, 1, 2, 4, 3, 1, 3, 1, 2, 4, 4, 4, 3, 2, 2, 3, 2, 4, 3, 2, 2, 4, 4, 4, 1, 2, 1, 3]|[0, 2, 0, 0, 3, 0, 1, 3, 0, 0, 2, 0, 1, 0, 1, 0, 0, 0, 1, 0, 0, 2, 0, 0, 1, 0, 0, 3, 0, 1, 0, 2, 0, 0, 3, 0, 1, 1, 0, 0, 0, 0, 1, 3, 0, 0, 1, 0, 2, 0, 0, 0, 0, 0, 1, 0, 1, 0, 1, 1, 0, 2, 0, 0, 0, 0, 0, 0, 0, 2, 0, 0, 1, 0, 0, 1, 0, 0, 3, 0, 0, 1, 2, 2, 0, 0, 0, 3, 0, 1, 0, 0, 0, 1, 3, 1, 0, 0, 0, 0],900.0760482104305,49106.971003161474,106617.18334121045,false
43,G3_TWC,G3_TWC,[31, 22, 82, 15, 26, 58, 95, 42, 77, 12, 47, 5, 93, 78, 98, 54, 85, 63, 18, 44, 20, 35, 43, 97, 91, 76, 10, 30, 21, 45, 71, 64, 1, 23, 17, 83, 24, 14, 60, 36, 6, 57, 94, 88, 65, 56, 79, 40, 67, 68, 46, 75, 39, 9, 19, 32, 81, 96, 27, 62, 87, 90, 99, 59, 11, 16, 72, 73, 70, 38, 37, 84, 3, 92, 25, 55, 28, 29, 51, 7, 33, 61, 86, 48, 89, 50, 69, 41, 53, 80, 4, 8, 34, 49, 52, 0, 13, 74, 2, 66]|[1, 1, 0, 1, 1, 1, 2, 1, 2, 1, 2, 2, 2, 1, 1, 0, 0, 1, 0, 2, 2, 0, 1, 2, 0, 1, 2, 2, 0, 0, 1, 2, 1, 2, 1, 0, 2, 0, 1, 1, 0, 1, 1, 1, 0, 2, 1, 1, 0, 0, 0, 0, 1, 1, 2, 1, 2, 0, 0, 0, 2, 1, 0, 1, 2, 1, 2, 1, 1, 1, 1, 1, 2, 0, 1, 1, 0, 0, 0, 1, 2, 1, 0, 0, 1, 0, 2, 0, 0, 0, 0, 1, 2, 0, 1, 0, 0, 0, 0, 2]|[4, 3, 2, 2, 0, 0, 2, 2, 2, 4, 1, 1, 2, 4, 4, 1, 1, 4, 2, 1, 1, 1, 1, 2, 1, 2, 1, 1, 1, 1, 3, 2, 3, 0, 4, 0, 1, 1, 0, 3, 2, 2, 4, 0, 1, 1, 0, 2, 0, 1, 2, 2, 1, 4, 0, 3, 2, 1, 1, 2, 1, 3, 1, 1, 1, 3, 0, 4, 3, 1, 4, 1, 1, 2, 4, 4, 2, 1, 1, 3, 1, 3, 1, 1, 1, 1, 1, 1, 2, 1, 2, 3, 1, 1, 1, 2, 2, 2, 2, 1]|[0, 2, 1, 1, 3, 3, 0, 1, 0, 0, 0, 0, 1, 0, 1, 0, 0, 3, 1, 0, 0, 0, 3, 1, 0, 2, 0, 0, 0, 1, 0, 0, 0, 0, 3, 0, 1, 0, 0, 2, 1, 1, 2, 0, 0, 0, 0, 1, 1, 0, 0, 0, 1, 3, 0, 0, 1, 0, 0, 1, 0, 2, 0, 1, 0, 2, 1, 0, 0, 1, 1, 3, 0, 1, 3, 3, 1, 0, 0, 2, 0, 0, 0, 0, 1, 0, 0, 0, 1, 0, 1, 2, 0, 1, 1, 0, 0, 0, 0, 0],833.2154215640596,57825.44465227681,88905.52377856613,false
43,G1_CMAX,G1_CMAX,[31, 22, 82, 15, 26, 99, 95, 42, 77, 12, 47, 5, 93, 78, 86, 54, 21, 63, 18, 44, 20, 35, 43, 97, 91, 76, 10, 30, 85, 45, 71, 64, 1, 23, 17, 83, 24, 14, 60, 36, 6, 57, 40, 88, 65, 56, 79, 94, 67, 68, 46, 75, 38, 9, 19, 32, 41, 81, 27, 87, 90, 62, 59, 11, 16, 58, 73, 70, 39, 37, 84, 3, 92, 25, 72, 55, 28, 29, 51, 7, 33, 61, 98, 48, 89, 50, 4, 96, 53, 80, 8, 66, 34, 49, 52, 2, 13, 0, 69, 74]|[1, 1, 0, 1, 1, 0, 1, 1, 2, 1, 2, 2, 2, 1, 1, 0, 0, 1, 0, 2, 2, 0, 1, 2, 0, 1, 2, 2, 0, 0, 1, 2, 1, 2, 1, 0, 2, 0, 1, 1, 0, 1, 1, 1, 0, 2, 1, 1, 0, 0, 0, 0, 1, 1, 2, 1, 0, 2, 0, 2, 1, 0, 1, 2, 1, 0, 1, 1, 1, 1, 1, 1, 0, 1, 2, 2, 0, 0, 0, 2, 2, 1, 2, 0, 1, 0, 1, 2, 0, 0, 1, 2, 2, 0, 1, 0, 0, 0, 1, 2]|[4, 3, 2, 2, 4, 1, 2, 3, 2, 4, 1, 1, 2, 4, 4, 1, 1, 4, 2, 1, 1, 1, 1, 2, 1, 2, 1, 1, 2, 1, 3, 2, 3, 1, 4, 0, 1, 1, 0, 3, 2, 2, 2, 0, 1, 1, 0, 4, 0, 1, 2, 2, 1, 4, 0, 3, 1, 1, 1, 1, 3, 2, 1, 1, 3, 1, 4, 3, 1, 4, 1, 1, 0, 4, 0, 1, 2, 1, 2, 1, 1, 3, 1, 1, 1, 1, 4, 1, 2, 1, 3, 1, 1, 1, 1, 2, 2, 2, 4, 1]|[0, 2, 1, 1, 3, 0, 1, 3, 0, 0, 0, 0, 1, 0, 1, 0, 0, 3, 1, 0, 0, 0, 3, 1, 0, 2, 0, 0, 0, 1, 0, 0, 0, 0, 3, 0, 1, 0, 0, 2, 1, 1, 1, 0, 0, 0, 0, 2, 1, 0, 0, 0, 1, 3, 0, 0, 0, 0, 0, 0, 2, 1, 1, 0, 2, 0, 0, 0, 1, 1, 3, 1, 1, 3, 1, 0, 1, 0, 0, 0, 0, 0, 0, 0, 1, 0, 0, 0, 1, 0, 2, 0, 0, 1, 1, 0, 0, 0, 2, 0],753.3061428726776,55645.560049378095,93952.45260809874,false
43,G4_BALANCED,G1_CMAX,[22, 82, 3, 58, 95, 42, 77, 47, 5, 93, 78, 12, 86, 54, 50, 63, 18, 44, 20, 35, 43, 97, 91, 76, 10, 30, 21, 45, 71, 64, 36, 23, 17, 83, 24, 14, 60, 1, 6, 40, 57, 90, 65, 56, 79, 94, 67, 68, 46, 75, 38, 9, 19, 32, 81, 41, 27, 62, 16, 55, 59, 89, 88, 87, 31, 72, 73, 70, 39, 37, 84, 92, 25, 11, 48, 15, 29, 51, 7, 33, 61, 98, 28, 99, 26, 85, 66, 96, 53, 80, 4, 8, 34, 49, 52, 2, 13, 0, 69, 74]|[1, 0, 1, 0, 1, 2, 2, 2, 2, 2, 1, 1, 1, 0, 0, 1, 0, 2, 2, 0, 1, 2, 0, 1, 2, 2, 0, 0, 1, 2, 1, 2, 1, 0, 2, 0, 1, 1, 0, 1, 1, 1, 0, 2, 1, 1, 0, 0, 0, 0, 1, 1, 2, 1, 2, 0, 0, 0, 1, 2, 1, 1, 1, 1, 1, 2, 1, 2, 1, 1, 1, 0, 1, 2, 2, 1, 0, 0, 1, 2, 1, 2, 0, 1, 1, 0, 0, 2, 0, 0, 1, 1, 2, 0, 1, 0, 0, 0, 1, 2]|[3, 2, 1, 1, 2, 1, 2, 1, 1, 2, 4, 4, 4, 1, 1, 4, 2, 1, 1, 1, 1, 2, 1, 2, 1, 1, 2, 1, 3, 2, 3, 1, 4, 1, 1, 1, 0, 3, 2, 2, 2, 3, 1, 1, 0, 4, 0, 1, 2, 2, 1, 4, 0, 3, 2, 1, 1, 2, 3, 1, 1, 1, 0, 3, 0, 0, 3, 0, 1, 4, 1, 0, 4, 1, 1, 4, 1, 1, 1, 1, 3, 1, 2, 1, 0, 2, 1, 1, 2, 1, 4, 3, 1, 1, 1, 2, 2, 2, 4, 1]|[3, 1, 2, 0, 1, 0, 0, 0, 0, 1, 0, 0, 1, 0, 0, 3, 1, 0, 0, 0, 3, 1, 0, 2, 0, 0, 0, 1, 0, 0, 2, 0, 3, 0, 1, 0, 0, 0, 1, 1, 1, 2, 0, 0, 0, 2, 1, 0, 0, 0, 1, 3, 0, 0, 1, 0, 0, 1, 2, 0, 1, 1, 0, 2, 0, 1, 0, 1, 1, 1, 1, 1, 3, 0, 0, 3, 0, 0, 2, 0, 0, 0, 1, 1, 3, 0, 0, 0, 1, 0, 0, 2, 0, 1, 1, 0, 0, 0, 2, 0],715.7913946700162,58060.95961022334,95287.06515100288,true
43,G2_TEC,G2_TEC,[31, 22, 82, 15, 26, 9, 95, 42, 77, 68, 47, 5, 93, 78, 86, 54, 85, 63, 18, 44, 20, 49, 36, 14, 74, 50, 53, 17, 21, 28, 11, 64, 3, 23, 30, 83, 24, 41, 40, 52, 65, 27, 90, 70, 39, 87, 48, 69, 99, 4, 75, 1, 13, 58, 97, 59, 45, 8, 73, 37, 35, 79, 71, 66, 76, 32, 60, 80, 56, 6, 67, 61, 33, 7, 57, 34, 12, 16, 10, 94, 96, 88, 43, 81, 91, 2, 84, 29, 92, 19, 51, 55, 46, 89, 25, 72, 98, 38, 0, 62]|[2, 1, 2, 1, 1, 2, 1, 1, 1, 1, 1, 0, 2, 2, 1, 2, 0, 0, 0, 2, 2, 1, 0, 2, 0, 2, 2, 1, 0, 1, 1, 1, 0, 0, 1, 0, 2, 1, 2, 2, 0, 0, 1, 1, 0, 2, 0, 2, 1, 0, 0, 2, 0, 0, 2, 0, 1, 1, 0, 0, 2, 1, 1, 2, 2, 0, 2, 2, 2, 1, 2, 1, 1, 2, 0, 1, 1, 2, 1, 2, 0, 1, 1, 1, 1, 0, 0, 1, 0, 1, 1, 0, 0, 1, 1, 1, 2, 0, 2, 1]|[0, 3, 0, 3, 4, 1, 4, 4, 2, 4, 3, 2, 1, 0, 2, 1, 1, 1, 2, 1, 1, 3, 0, 1, 0, 1, 1, 4, 1, 4, 3, 2, 2, 0, 4, 1, 1, 4, 1, 1, 2, 1, 4, 4, 1, 1, 0, 1, 3, 2, 2, 1, 2, 1, 1, 2, 4, 3, 0, 2, 2, 3, 3, 1, 1, 2, 1, 1, 1, 4, 1, 3, 4, 1, 2, 4, 3, 1, 3, 1, 2, 4, 4, 4, 3, 2, 2, 3, 2, 4, 3, 2, 2, 4, 4, 4, 1, 2, 1, 3]|[0, 2, 0, 0, 3, 0, 1, 3, 0, 0, 2, 0, 1, 0, 1, 0, 0, 0, 1, 0, 0, 2, 0, 0, 1, 0, 0, 3, 0, 1, 0, 2, 0, 0, 3, 0, 1, 1, 0, 0, 0, 0, 1, 3, 0, 0, 1, 0, 2, 0, 0, 0, 0, 0, 1, 0, 1, 0, 1, 1, 0, 2, 0, 0, 0, 0, 0, 0, 0, 2, 0, 0, 1, 0, 0, 1, 0, 0, 3, 0, 0, 1, 2, 2, 0, 0, 0, 3, 0, 1, 0, 0, 0, 1, 3, 1, 0, 0, 0, 0],900.0760482104305,49106.971003161474,106617.18334121045,false
43,G3_TWC,G3_TWC,[31, 22, 82, 15, 26, 58, 95, 42, 77, 12, 47, 5, 93, 78, 98, 54, 85, 63, 18, 44, 20, 35, 43, 97, 91, 76, 10, 30, 21, 45, 71, 64, 1, 23, 17, 83, 24, 14, 60, 36, 6, 57, 94, 88, 65, 56, 79, 40, 67, 68, 46, 75, 39, 9, 19, 32, 81, 96, 27, 62, 87, 90, 99, 59, 11, 16, 72, 73, 70, 38, 37, 84, 3, 92, 25, 55, 28, 29, 51, 7, 33, 61, 86, 48, 89, 50, 69, 41, 53, 80, 4, 8, 34, 49, 52, 0, 13, 74, 2, 66]|[1, 1, 0, 1, 1, 1, 2, 1, 2, 1, 2, 2, 2, 1, 1, 0, 0, 1, 0, 2, 2, 0, 1, 2, 0, 1, 2, 2, 0, 0, 1, 2, 1, 2, 1, 0, 2, 0, 1, 1, 0, 1, 1, 1, 0, 2, 1, 1, 0, 0, 0, 0, 1, 1, 2, 1, 2, 0, 0, 0, 2, 1, 0, 1, 2, 1, 2, 1, 1, 1, 1, 1, 2, 0, 1, 1, 0, 0, 0, 1, 2, 1, 0, 0, 1, 0, 2, 0, 0, 0, 0, 1, 2, 0, 1, 0, 0, 0, 0, 2]|[4, 3, 2, 2, 0, 0, 2, 2, 2, 4, 1, 1, 2, 4, 4, 1, 1, 4, 2, 1, 1, 1, 1, 2, 1, 2, 1, 1, 1, 1, 3, 2, 3, 0, 4, 0, 1, 1, 0, 3, 2, 2, 4, 0, 1, 1, 0, 2, 0, 1, 2, 2, 1, 4, 0, 3, 2, 1, 1, 2, 1, 3, 1, 1, 1, 3, 0, 4, 3, 1, 4, 1, 1, 2, 4, 4, 2, 1, 1, 3, 1, 3, 1, 1, 1, 1, 1, 1, 2, 1, 2, 3, 1, 1, 1, 2, 2, 2, 2, 1]|[0, 2, 1, 1, 3, 3, 0, 1, 0, 0, 0, 0, 1, 0, 1, 0, 0, 3, 1, 0, 0, 0, 3, 1, 0, 2, 0, 0, 0, 1, 0, 0, 0, 0, 3, 0, 1, 0, 0, 2, 1, 1, 2, 0, 0, 0, 0, 1, 1, 0, 0, 0, 1, 3, 0, 0, 1, 0, 0, 1, 0, 2, 0, 1, 0, 2, 1, 0, 0, 1, 1, 3, 0, 1, 3, 3, 1, 0, 0, 2, 0, 0, 0, 0, 1, 0, 0, 0, 1, 0, 1, 2, 0, 1, 1, 0, 0, 0, 0, 0],833.2154215640596,57825.44465227681,88905.52377856613,false
43,G1_CMAX,G4_BALANCED,[31, 22, 82, 15, 26, 99, 95, 42, 77, 12, 47, 5, 93, 78, 86, 54, 21, 63, 18, 44, 20, 35, 43, 97, 91, 76, 10, 30, 85, 45, 71, 64, 1, 23, 17, 83, 24, 14, 60, 36, 6, 57, 40, 88, 65, 56, 79, 94, 67, 68, 46, 29, 38, 9, 19, 32, 81, 41, 27, 62, 90, 87, 58, 59, 11, 16, 72, 73, 69, 39, 37, 84, 3, 92, 25, 55, 28, 75, 51, 50, 66, 61, 98, 8, 89, 7, 33, 96, 53, 48, 80, 4, 34, 49, 52, 0, 13, 2, 70, 74]|[1, 1, 0, 1, 1, 0, 1, 2, 2, 1, 2, 2, 2, 1, 0, 0, 0, 1, 0, 2, 2, 0, 1, 2, 0, 1, 2, 2, 0, 0, 1, 2, 1, 2, 1, 0, 2, 0, 1, 1, 0, 1, 1, 1, 0, 2, 1, 1, 0, 0, 0, 0, 1, 1, 2, 1, 0, 0, 0, 2, 1, 2, 0, 1, 2, 1, 2, 1, 1, 1, 1, 1, 1, 0, 1, 2, 0, 0, 0, 0, 0, 1, 2, 0, 1, 1, 2, 2, 0, 0, 0, 0, 2, 0, 1, 0, 0, 0, 1, 2]|[4, 3, 2, 2, 4, 1, 2, 2, 2, 4, 1, 1, 2, 4, 1, 1, 2, 4, 2, 1, 1, 1, 1, 2, 1, 2, 1, 1, 2, 1, 3, 1, 3, 1, 4, 0, 1, 1, 0, 3, 2, 2, 4, 0, 1, 1, 0, 4, 0, 1, 2, 2, 1, 4, 0, 3, 1, 1, 1, 1, 3, 1, 1, 1, 1, 3, 1, 4, 3, 1, 4, 1, 1, 2, 4, 1, 2, 2, 1, 1, 1, 3, 1, 1, 1, 3, 1, 1, 2, 1, 1, 2, 1, 1, 1, 2, 2, 2, 3, 1]|[0, 2, 1, 1, 3, 0, 1, 0, 0, 0, 0, 0, 1, 0, 0, 0, 0, 3, 1, 0, 0, 0, 3, 1, 0, 2, 0, 0, 0, 0, 0, 0, 0, 0, 3, 0, 1, 0, 0, 2, 1, 1, 2, 0, 0, 0, 0, 2, 1, 0, 0, 0, 1, 3, 0, 0, 0, 0, 0, 0, 2, 0, 0, 1, 0, 2, 0, 0, 0, 1, 1, 3, 1, 1, 3, 0, 1, 0, 0, 0, 0, 0, 0, 0, 1, 2, 0, 0, 1, 0, 0, 1, 0, 1, 1, 0, 0, 0, 0, 0],863.2156525299164,54967.12151146544,97648.94693390271,true
43,G4_BALANCED,G1_CMAX,[22, 82, 3, 58, 95, 42, 77, 47, 5, 93, 78, 12, 86, 54, 50, 63, 18, 44, 20, 35, 43, 97, 91, 76, 10, 30, 21, 45, 71, 64, 36, 23, 17, 83, 24, 14, 60, 1, 6, 40, 57, 90, 65, 56, 79, 94, 67, 68, 46, 75, 38, 9, 19, 32, 81, 41, 27, 62, 16, 55, 59, 89, 88, 87, 31, 72, 73, 70, 39, 37, 84, 92, 25, 11, 48, 15, 29, 51, 7, 33, 61, 98, 28, 99, 26, 85, 66, 96, 53, 80, 4, 8, 34, 49, 52, 2, 13, 0, 69, 74]|[1, 0, 1, 0, 1, 2, 2, 2, 2, 2, 1, 1, 1, 0, 0, 1, 0, 2, 2, 0, 1, 2, 0, 1, 2, 2, 0, 0, 1, 2, 1, 2, 1, 0, 2, 0, 1, 1, 0, 1, 1, 1, 0, 2, 1, 1, 0, 0, 0, 0, 1, 1, 2, 1, 2, 0, 0, 0, 1, 2, 1, 1, 1, 1, 1, 2, 1, 2, 1, 1, 1, 0, 1, 2, 2, 1, 0, 0, 1, 2, 1, 2, 0, 1, 1, 0, 0, 2, 0, 0, 1, 1, 2, 0, 1, 0, 0, 0, 1, 2]|[3, 2, 1, 1, 2, 1, 2, 1, 1, 2, 4, 4, 4, 1, 1, 4, 2, 1, 1, 1, 1, 2, 1, 2, 1, 1, 2, 1, 3, 2, 3, 1, 4, 1, 1, 1, 0, 3, 2, 2, 2, 3, 1, 1, 0, 4, 0, 1, 2, 2, 1, 4, 0, 3, 2, 1, 1, 2, 3, 1, 1, 1, 0, 3, 0, 0, 3, 0, 1, 4, 1, 0, 4, 1, 1, 4, 1, 1, 1, 1, 3, 1, 2, 1, 0, 2, 1, 1, 2, 1, 4, 3, 1, 1, 1, 2, 2, 2, 4, 1]|[3, 1, 2, 0, 1, 0, 0, 0, 0, 1, 0, 0, 1, 0, 0, 3, 1, 0, 0, 0, 3, 1, 0, 2, 0, 0, 0, 1, 0, 0, 2, 0, 3, 0, 1, 0, 0, 0, 1, 1, 1, 2, 0, 0, 0, 2, 1, 0, 0, 0, 1, 3, 0, 0, 1, 0, 0, 1, 2, 0, 1, 1, 0, 2, 0, 1, 0, 1, 1, 1, 1, 1, 3, 0, 0, 3, 0, 0, 2, 0, 0, 0, 1, 1, 3, 0, 0, 0, 1, 0, 0, 2, 0, 1, 1, 0, 0, 0, 2, 0],715.7913946700162,58060.95961022334,95287.06515100288,true
43,G2_TEC,G2_TEC,[31, 22, 82, 15, 26, 9, 95, 42, 77, 68, 47, 5, 93, 78, 86, 54, 85, 63, 18, 44, 20, 49, 36, 14, 74, 50, 53, 17, 21, 28, 11, 64, 3, 23, 30, 83, 24, 41, 40, 52, 65, 27, 90, 70, 39, 87, 48, 69, 99, 4, 75, 1, 13, 58, 97, 59, 45, 8, 73, 37, 35, 79, 71, 66, 76, 32, 60, 80, 56, 6, 67, 61, 33, 7, 57, 34, 12, 16, 10, 94, 96, 88, 43, 81, 91, 2, 84, 29, 92, 19, 51, 55, 46, 89, 25, 72, 98, 38, 0, 62]|[2, 1, 2, 1, 1, 2, 1, 1, 1, 1, 1, 0, 2, 2, 1, 2, 0, 0, 0, 2, 2, 1, 0, 2, 0, 2, 2, 1, 0, 1, 1, 1, 0, 0, 1, 0, 2, 1, 2, 2, 0, 0, 1, 1, 0, 2, 0, 2, 1, 0, 0, 2, 0, 0, 2, 0, 1, 1, 0, 0, 2, 1, 1, 2, 2, 0, 2, 2, 2, 1, 2, 1, 1, 2, 0, 1, 1, 2, 1, 2, 0, 1, 1, 1, 1, 0, 0, 1, 0, 1, 1, 0, 0, 1, 1, 1, 2, 0, 2, 1]|[0, 3, 0, 3, 4, 1, 4, 4, 2, 4, 3, 2, 1, 0, 2, 1, 1, 1, 2, 1, 1, 3, 0, 1, 0, 1, 1, 4, 1, 4, 3, 2, 2, 0, 4, 1, 1, 4, 1, 1, 2, 1, 4, 4, 1, 1, 0, 1, 3, 2, 2, 1, 2, 1, 1, 2, 4, 3, 0, 2, 2, 3, 3, 1, 1, 2, 1, 1, 1, 4, 1, 3, 4, 1, 2, 4, 3, 1, 3, 1, 2, 4, 4, 4, 3, 2, 2, 3, 2, 4, 3, 2, 2, 4, 4, 4, 1, 2, 1, 3]|[0, 2, 0, 0, 3, 0, 1, 3, 0, 0, 2, 0, 1, 0, 1, 0, 0, 0, 1, 0, 0, 2, 0, 0, 1, 0, 0, 3, 0, 1, 0, 2, 0, 0, 3, 0, 1, 1, 0, 0, 0, 0, 1, 3, 0, 0, 1, 0, 2, 0, 0, 0, 0, 0, 1, 0, 1, 0, 1, 1, 0, 2, 0, 0, 0, 0, 0, 0, 0, 2, 0, 0, 1, 0, 0, 1, 0, 0, 3, 0, 0, 1, 2, 2, 0, 0, 0, 3, 0, 1, 0, 0, 0, 1, 3, 1, 0, 0, 0, 0],900.0760482104305,49106.971003161474,106617.18334121045,false
43,G3_TWC,G3_TWC,[31, 22, 82, 15, 26, 58, 95, 42, 77, 12, 47, 5, 93, 78, 98, 54, 85, 63, 18, 44, 20, 35, 43, 97, 91, 76, 10, 30, 21, 45, 71, 64, 1, 23, 17, 83, 24, 14, 60, 36, 6, 57, 94, 88, 65, 56, 79, 40, 67, 68, 46, 75, 39, 9, 19, 32, 81, 96, 27, 62, 87, 90, 99, 59, 11, 16, 72, 73, 70, 38, 37, 84, 3, 92, 25, 55, 28, 29, 51, 7, 33, 61, 86, 48, 89, 50, 69, 41, 53, 80, 4, 8, 34, 49, 52, 0, 13, 74, 2, 66]|[1, 1, 0, 1, 1, 1, 2, 1, 2, 1, 2, 2, 2, 1, 1, 0, 0, 1, 0, 2, 2, 0, 1, 2, 0, 1, 2, 2, 0, 0, 1, 2, 1, 2, 1, 0, 2, 0, 1, 1, 0, 1, 1, 1, 0, 2, 1, 1, 0, 0, 0, 0, 1, 1, 2, 1, 2, 0, 0, 0, 2, 1, 0, 1, 2, 1, 2, 1, 1, 1, 1, 1, 2, 0, 1, 1, 0, 0, 0, 1, 2, 1, 0, 0, 1, 0, 2, 0, 0, 0, 0, 1, 2, 0, 1, 0, 0, 0, 0, 2]|[4, 3, 2, 2, 0, 0, 2, 2, 2, 4, 1, 1, 2, 4, 4, 1, 1, 4, 2, 1, 1, 1, 1, 2, 1, 2, 1, 1, 1, 1, 3, 2, 3, 0, 4, 0, 1, 1, 0, 3, 2, 2, 4, 0, 1, 1, 0, 2, 0, 1, 2, 2, 1, 4, 0, 3, 2, 1, 1, 2, 1, 3, 1, 1, 1, 3, 0, 4, 3, 1, 4, 1, 1, 2, 4, 4, 2, 1, 1, 3, 1, 3, 1, 1, 1, 1, 1, 1, 2, 1, 2, 3, 1, 1, 1, 2, 2, 2, 2, 1]|[0, 2, 1, 1, 3, 3, 0, 1, 0, 0, 0, 0, 1, 0, 1, 0, 0, 3, 1, 0, 0, 0, 3, 1, 0, 2, 0, 0, 0, 1, 0, 0, 0, 0, 3, 0, 1, 0, 0, 2, 1, 1, 2, 0, 0, 0, 0, 1, 1, 0, 0, 0, 1, 3, 0, 0, 1, 0, 0, 1, 0, 2, 0, 1, 0, 2, 1, 0, 0, 1, 1, 3, 0, 1, 3, 3, 1, 0, 0, 2, 0, 0, 0, 0, 1, 0, 0, 0, 1, 0, 1, 2, 0, 1, 1, 0, 0, 0, 0, 0],833.2154215640596,57825.44465227681,88905.52377856613,false
43,G1_CMAX,G4_BALANCED,[31, 22, 82, 15, 26, 9, 42, 95, 77, 12, 47, 5, 93, 78, 86, 54, 85, 63, 18, 44, 20, 35, 43, 97, 91, 76, 10, 30, 21, 45, 71, 64, 1, 23, 17, 83, 24, 14, 60, 36, 6, 57, 94, 88, 65, 56, 79, 40, 67, 68, 46, 75, 38, 58, 19, 32, 41, 81, 27, 62, 87, 90, 99, 11, 16, 72, 73, 70, 39, 37, 84, 3, 92, 25, 55, 59, 28, 29, 51, 7, 33, 61, 98, 48, 89, 50, 4, 34, 53, 80, 8, 66, 96, 49, 52, 0, 74, 69, 2, 13]|[1, 1, 0, 1, 1, 0, 1, 2, 2, 1, 2, 2, 2, 1, 1, 0, 0, 1, 0, 2, 2, 0, 1, 2, 0, 1, 2, 2, 0, 0, 1, 2, 1, 2, 1, 0, 2, 0, 1, 1, 0, 1, 1, 1, 0, 2, 2, 1, 0, 0, 0, 0, 1, 1, 2, 1, 0, 2, 0, 0, 2, 1, 1, 2, 1, 2, 1, 1, 1, 1, 1, 1, 0, 1, 2, 0, 0, 0, 0, 1, 2, 1, 2, 0, 1, 0, 1, 2, 0, 0, 0, 2, 2, 0, 1, 0, 2, 1, 0, 0]|[4, 3, 2, 2, 4, 1, 2, 2, 2, 4, 1, 1, 2, 4, 4, 1, 1, 4, 2, 1, 1, 1, 1, 2, 1, 2, 1, 1, 2, 1, 3, 2, 3, 1, 4, 0, 1, 1, 0, 3, 2, 2, 2, 0, 1, 1, 1, 4, 0, 1, 2, 2, 1, 4, 0, 3, 1, 1, 1, 2, 1, 3, 1, 1, 3, 0, 4, 3, 1, 4, 1, 1, 2, 4, 1, 2, 2, 1, 1, 3, 1, 3, 1, 1, 1, 1, 4, 1, 2, 1, 1, 1, 1, 1, 1, 2, 1, 4, 2, 2]|[0, 2, 1, 1, 3, 0, 1, 0, 0, 0, 0, 0, 1, 0, 1, 0, 0, 3, 1, 0, 0, 0, 3, 1, 0, 2, 0, 0, 0, 1, 0, 0, 0, 0, 3, 0, 1, 0, 0, 2, 1, 1, 1, 0, 0, 0, 0, 2, 1, 0, 0, 0, 1, 3, 0, 0, 0, 0, 0, 1, 0, 2, 1, 0, 2, 1, 0, 0, 1, 1, 3, 1, 0, 3, 0, 1, 1, 0, 0, 2, 0, 0, 0, 0, 1, 0, 0, 0, 1, 0, 0, 0, 0, 1, 1, 0, 0, 2, 0, 0],784.3406839325794,55395.73375701614,93775.6464611301,true
43,G4_BALANCED,G1_CMAX,[22, 82, 3, 58, 95, 42, 77, 47, 5, 93, 78, 12, 86, 54, 50, 63, 18, 44, 20, 35, 43, 97, 91, 76, 10, 30, 21, 45, 71, 64, 36, 23, 17, 83, 24, 14, 60, 1, 6, 40, 57, 90, 65, 56, 79, 94, 67, 68, 46, 75, 38, 9, 19, 32, 81, 41, 27, 62, 16, 55, 59, 89, 88, 87, 31, 72, 73, 70, 39, 37, 84, 92, 25, 11, 48, 15, 29, 51, 7, 33, 61, 98, 28, 99, 26, 85, 66, 96, 53, 80, 4, 8, 34, 49, 52, 2, 13, 0, 69, 74]|[1, 0, 1, 0, 1, 2, 2, 2, 2, 2, 1, 1, 1, 0, 0, 1, 0, 2, 2, 0, 1, 2, 0, 1, 2, 2, 0, 0, 1, 2, 1, 2, 1, 0, 2, 0, 1, 1, 0, 1, 1, 1, 0, 2, 1, 1, 0, 0, 0, 0, 1, 1, 2, 1, 2, 0, 0, 0, 1, 2, 1, 1, 1, 1, 1, 2, 1, 2, 1, 1, 1, 0, 1, 2, 2, 1, 0, 0, 1, 2, 1, 2, 0, 1, 1, 0, 0, 2, 0, 0, 1, 1, 2, 0, 1, 0, 0, 0, 1, 2]|[3, 2, 1, 1, 2, 1, 2, 1, 1, 2, 4, 4, 4, 1, 1, 4, 2, 1, 1, 1, 1, 2, 1, 2, 1, 1, 2, 1, 3, 2, 3, 1, 4, 1, 1, 1, 0, 3, 2, 2, 2, 3, 1, 1, 0, 4, 0, 1, 2, 2, 1, 4, 0, 3, 2, 1, 1, 2, 3, 1, 1, 1, 0, 3, 0, 0, 3, 0, 1, 4, 1, 0, 4, 1, 1, 4, 1, 1, 1, 1, 3, 1, 2, 1, 0, 2, 1, 1, 2, 1, 4, 3, 1, 1, 1, 2, 2, 2, 4, 1]|[3, 1, 2, 0, 1, 0, 0, 0, 0, 1, 0, 0, 1, 0, 0, 3, 1, 0, 0, 0, 3, 1, 0, 2, 0, 0, 0, 1, 0, 0, 2, 0, 3, 0, 1, 0, 0, 0, 1, 1, 1, 2, 0, 0, 0, 2, 1, 0, 0, 0, 1, 3, 0, 0, 1, 0, 0, 1, 2, 0, 1, 1, 0, 2, 0, 1, 0, 1, 1, 1, 1, 1, 3, 0, 0, 3, 0, 0, 2, 0, 0, 0, 1, 1, 3, 0, 0, 0, 1, 0, 0, 2, 0, 1, 1, 0, 0, 0, 2, 0],715.7913946700162,58060.95961022334,95287.06515100288,true
43,G2_TEC,G2_TEC,[31, 22, 82, 15, 26, 9, 95, 42, 77, 68, 47, 5, 93, 78, 86, 54, 85, 63, 18, 44, 20, 49, 36, 14, 74, 50, 53, 17, 21, 28, 11, 64, 3, 23, 30, 83, 24, 41, 40, 52, 65, 27, 90, 70, 39, 87, 48, 69, 99, 4, 75, 1, 13, 58, 97, 59, 45, 8, 73, 37, 35, 79, 71, 66, 76, 32, 60, 80, 56, 6, 67, 61, 33, 7, 57, 34, 12, 16, 10, 94, 96, 88, 43, 81, 91, 2, 84, 29, 92, 19, 51, 55, 46, 89, 25, 72, 98, 38, 0, 62]|[2, 1, 2, 1, 1, 2, 1, 1, 1, 1, 1, 0, 2, 2, 1, 2, 0, 0, 0, 2, 2, 1, 0, 2, 0, 2, 2, 1, 0, 1, 1, 1, 0, 0, 1, 0, 2, 1, 2, 2, 0, 0, 1, 1, 0, 2, 0, 2, 1, 0, 0, 2, 0, 0, 2, 0, 1, 1, 0, 0, 2, 1, 1, 2, 2, 0, 2, 2, 2, 1, 2, 1, 1, 2, 0, 1, 1, 2, 1, 2, 0, 1, 1, 1, 1, 0, 0, 1, 0, 1, 1, 0, 0, 1, 1, 1, 2, 0, 2, 1]|[0, 3, 0, 3, 4, 1, 4, 4, 2, 4, 3, 2, 1, 0, 2, 1, 1, 1, 2, 1, 1, 3, 0, 1, 0, 1, 1, 4, 1, 4, 3, 2, 2, 0, 4, 1, 1, 4, 1, 1, 2, 1, 4, 4, 1, 1, 0, 1, 3, 2, 2, 1, 2, 1, 1, 2, 4, 3, 0, 2, 2, 3, 3, 1, 1, 2, 1, 1, 1, 4, 1, 3, 4, 1, 2, 4, 3, 1, 3, 1, 2, 4, 4, 4, 3, 2, 2, 3, 2, 4, 3, 2, 2, 4, 4, 4, 1, 2, 1, 3]|[0, 2, 0, 0, 3, 0, 1, 3, 0, 0, 2, 0, 1, 0, 1, 0, 0, 0, 1, 0, 0, 2, 0, 0, 1, 0, 0, 3, 0, 1, 0, 2, 0, 0, 3, 0, 1, 1, 0, 0, 0, 0, 1, 3, 0, 0, 1, 0, 2, 0, 0, 0, 0, 0, 1, 0, 1, 0, 1, 1, 0, 2, 0, 0, 0, 0, 0, 0, 0, 2, 0, 0, 1, 0, 0, 1, 0, 0, 3, 0, 0, 1, 2, 2, 0, 0, 0, 3, 0, 1, 0, 0, 0, 1, 3, 1, 0, 0, 0, 0],900.0760482104305,49106.971003161474,106617.18334121045,false
43,G3_TWC,G3_TWC,[31, 22, 82, 15, 26, 58, 95, 42, 77, 12, 47, 5, 93, 78, 98, 54, 85, 63, 18, 44, 20, 35, 43, 97, 91, 76, 10, 30, 21, 45, 71, 64, 1, 23, 17, 83, 24, 14, 60, 36, 6, 57, 94, 88, 65, 56, 79, 40, 67, 68, 46, 75, 39, 9, 19, 32, 81, 96, 27, 62, 87, 90, 99, 59, 11, 16, 72, 73, 70, 38, 37, 84, 3, 92, 25, 55, 28, 29, 51, 7, 33, 61, 86, 48, 89, 50, 69, 41, 53, 80, 4, 8, 34, 49, 52, 0, 13, 74, 2, 66]|[1, 1, 0, 1, 1, 1, 2, 1, 2, 1, 2, 2, 2, 1, 1, 0, 0, 1, 0, 2, 2, 0, 1, 2, 0, 1, 2, 2, 0, 0, 1, 2, 1, 2, 1, 0, 2, 0, 1, 1, 0, 1, 1, 1, 0, 2, 1, 1, 0, 0, 0, 0, 1, 1, 2, 1, 2, 0, 0, 0, 2, 1, 0, 1, 2, 1, 2, 1, 1, 1, 1, 1, 2, 0, 1, 1, 0, 0, 0, 1, 2, 1, 0, 0, 1, 0, 2, 0, 0, 0, 0, 1, 2, 0, 1, 0, 0, 0, 0, 2]|[4, 3, 2, 2, 0, 0, 2, 2, 2, 4, 1, 1, 2, 4, 4, 1, 1, 4, 2, 1, 1, 1, 1, 2, 1, 2, 1, 1, 1, 1, 3, 2, 3, 0, 4, 0, 1, 1, 0, 3, 2, 2, 4, 0, 1, 1, 0, 2, 0, 1, 2, 2, 1, 4, 0, 3, 2, 1, 1, 2, 1, 3, 1, 1, 1, 3, 0, 4, 3, 1, 4, 1, 1, 2, 4, 4, 2, 1, 1, 3, 1, 3, 1, 1, 1, 1, 1, 1, 2, 1, 2, 3, 1, 1, 1, 2, 2, 2, 2, 1]|[0, 2, 1, 1, 3, 3, 0, 1, 0, 0, 0, 0, 1, 0, 1, 0, 0, 3, 1, 0, 0, 0, 3, 1, 0, 2, 0, 0, 0, 1, 0, 0, 0, 0, 3, 0, 1, 0, 0, 2, 1, 1, 2, 0, 0, 0, 0, 1, 1, 0, 0, 0, 1, 3, 0, 0, 1, 0, 0, 1, 0, 2, 0, 1, 0, 2, 1, 0, 0, 1, 1, 3, 0, 1, 3, 3, 1, 0, 0, 2, 0, 0, 0, 0, 1, 0, 0, 0, 1, 0, 1, 2, 0, 1, 1, 0, 0, 0, 0, 0],833.2154215640596,57825.44465227681,88905.52377856613,false
43,G1_CMAX,G4_BALANCED,[31, 22, 82, 15, 26, 99, 95, 42, 77, 12, 47, 5, 93, 78, 86, 54, 21, 63, 18, 44, 20, 23, 66, 97, 91, 76, 10, 30, 85, 45, 71, 64, 1, 35, 17, 83, 24, 14, 60, 36, 6, 57, 94, 88, 65, 56, 79, 40, 67, 68, 46, 75, 38, 9, 19, 32, 41, 81, 27, 87, 90, 58, 59, 11, 16, 72, 73, 70, 39, 37, 84, 3, 92, 25, 55, 48, 62, 29, 51, 96, 33, 61, 98, 28, 89, 50, 4, 7, 53, 80, 8, 43, 34, 49, 52, 0, 74, 69, 2, 13]|[2, 1, 0, 1, 1, 0, 1, 1, 2, 1, 2, 2, 2, 1, 1, 0, 0, 1, 0, 2, 2, 0, 2, 2, 0, 1, 2, 2, 0, 0, 1, 2, 1, 2, 1, 0, 2, 0, 1, 1, 0, 1, 1, 1, 0, 2, 1, 1, 0, 0, 0, 0, 1, 1, 2, 1, 0, 2, 0, 2, 1, 0, 1, 2, 1, 2, 1, 1, 1, 1, 1, 1, 0, 1, 2, 0, 0, 0, 0, 2, 2, 1, 2, 0, 1, 0, 1, 2, 0, 0, 1, 1, 2, 0, 1, 0, 2, 1, 0, 0]|[1, 3, 2, 2, 4, 1, 2, 3, 2, 4, 1, 1, 2, 4, 4, 1, 1, 4, 2, 1, 1, 1, 1, 2, 1, 2, 1, 1, 2, 1, 3, 2, 3, 1, 4, 0, 1, 1, 0, 3, 2, 2, 4, 0, 1, 1, 0, 2, 0, 1, 2, 2, 1, 4, 0, 3, 1, 1, 1, 1, 3, 1, 1, 1, 3, 0, 4, 3, 1, 4, 1, 1, 0, 4, 1, 1, 2, 1, 1, 1, 1, 3, 1, 2, 1, 1, 4, 1, 2, 1, 3, 1, 1, 1, 1, 2, 1, 4, 2, 2]|[0, 2, 1, 1, 3, 0, 1, 3, 0, 0, 0, 0, 1, 0, 1, 0, 0, 3, 1, 0, 0, 0, 0, 1, 0, 2, 0, 0, 0, 1, 0, 0, 0, 0, 3, 0, 1, 0, 0, 2, 1, 1, 2, 0, 0, 0, 0, 1, 1, 0, 0, 0, 1, 3, 0, 0, 0, 0, 0, 0, 2, 0, 1, 0, 2, 1, 0, 0, 1, 1, 3, 1, 1, 3, 0, 0, 1, 0, 0, 0, 0, 0, 0, 1, 1, 0, 0, 0, 1, 0, 2, 3, 0, 1, 1, 0, 0, 2, 0, 0],747.0447039953423,55884.40275560545,91815.55647472355,true
43,G4_BALANCED,G1_CMAX,[22, 82, 3, 58, 95, 42, 77, 47, 5, 93, 78, 12, 86, 54, 50, 63, 18, 44, 20, 35, 43, 97, 91, 76, 10, 30, 21, 45, 71, 64, 36, 23, 17, 83, 24, 14, 60, 1, 6, 40, 57, 90, 65, 56, 79, 94, 67, 68, 46, 75, 38, 9, 19, 32, 81, 41, 27, 62, 16, 55, 59, 89, 88, 87, 31, 72, 73, 70, 39, 37, 84, 92, 25, 11, 48, 15, 29, 51, 7, 33, 61, 98, 28, 99, 26, 85, 66, 96, 53, 80, 4, 8, 34, 49, 52, 2, 13, 0, 69, 74]|[1, 0, 1, 0, 1, 2, 2, 2, 2, 2, 1, 1, 1, 0, 0, 1, 0, 2, 2, 0, 1, 2, 0, 1, 2, 2, 0, 0, 1, 2, 1, 2, 1, 0, 2, 0, 1, 1, 0, 1, 1, 1, 0, 2, 1, 1, 0, 0, 0, 0, 1, 1, 2, 1, 2, 0, 0, 0, 1, 2, 1, 1, 1, 1, 1, 2, 1, 2, 1, 1, 1, 0, 1, 2, 2, 1, 0, 0, 1, 2, 1, 2, 0, 1, 1, 0, 0, 2, 0, 0, 1, 1, 2, 0, 1, 0, 0, 0, 1, 2]|[3, 2, 1, 1, 2, 1, 2, 1, 1, 2, 4, 4, 4, 1, 1, 4, 2, 1, 1, 1, 1, 2, 1, 2, 1, 1, 2, 1, 3, 2, 3, 1, 4, 1, 1, 1, 0, 3, 2, 2, 2, 3, 1, 1, 0, 4, 0, 1, 2, 2, 1, 4, 0, 3, 2, 1, 1, 2, 3, 1, 1, 1, 0, 3, 0, 0, 3, 0, 1, 4, 1, 0, 4, 1, 1, 4, 1, 1, 1, 1, 3, 1, 2, 1, 0, 2, 1, 1, 2, 1, 4, 3, 1, 1, 1, 2, 2, 2, 4, 1]|[3, 1, 2, 0, 1, 0, 0, 0, 0, 1, 0, 0, 1, 0, 0, 3, 1, 0, 0, 0, 3, 1, 0, 2, 0, 0, 0, 1, 0, 0, 2, 0, 3, 0, 1, 0, 0, 0, 1, 1, 1, 2, 0, 0, 0, 2, 1, 0, 0, 0, 1, 3, 0, 0, 1, 0, 0, 1, 2, 0, 1, 1, 0, 2, 0, 1, 0, 1, 1, 1, 1, 1, 3, 0, 0, 3, 0, 0, 2, 0, 0, 0, 1, 1, 3, 0, 0, 0, 1, 0, 0, 2, 0, 1, 1, 0, 0, 0, 2, 0],715.7913946700162,58060.95961022334,95287.06515100288,true
43,G2_TEC,G2_TEC,[31, 22, 82, 15, 26, 9, 95, 42, 77, 68, 47, 5, 93, 78, 86, 54, 85, 63, 18, 44, 20, 49, 36, 14, 74, 50, 53, 17, 21, 28, 11, 64, 3, 23, 30, 83, 24, 41, 40, 52, 65, 27, 90, 70, 39, 87, 48, 69, 99, 4, 75, 1, 13, 58, 97, 59, 45, 8, 73, 37, 35, 79, 71, 66, 76, 32, 60, 80, 56, 6, 67, 61, 33, 7, 57, 34, 12, 16, 10, 94, 96, 88, 43, 81, 91, 2, 84, 29, 92, 19, 51, 55, 46, 89, 25, 72, 98, 38, 0, 62]|[2, 1, 2, 1, 1, 2, 1, 1, 1, 1, 1, 0, 2, 2, 1, 2, 0, 0, 0, 2, 2, 1, 0, 2, 0, 2, 2, 1, 0, 1, 1, 1, 0, 0, 1, 0, 2, 1, 2, 2, 0, 0, 1, 1, 0, 2, 0, 2, 1, 0, 0, 2, 0, 0, 2, 0, 1, 1, 0, 0, 2, 1, 1, 2, 2, 0, 2, 2, 2, 1, 2, 1, 1, 2, 0, 1, 1, 2, 1, 2, 0, 1, 1, 1, 1, 0, 0, 1, 0, 1, 1, 0, 0, 1, 1, 1, 2, 0, 2, 1]|[0, 3, 0, 3, 4, 1, 4, 4, 2, 4, 3, 2, 1, 0, 2, 1, 1, 1, 2, 1, 1, 3, 0, 1, 0, 1, 1, 4, 1, 4, 3, 2, 2, 0, 4, 1, 1, 4, 1, 1, 2, 1, 4, 4, 1, 1, 0, 1, 3, 2, 2, 1, 2, 1, 1, 2, 4, 3, 0, 2, 2, 3, 3, 1, 1, 2, 1, 1, 1, 4, 1, 3, 4, 1, 2, 4, 3, 1, 3, 1, 2, 4, 4, 4, 3, 2, 2, 3, 2, 4, 3, 2, 2, 4, 4, 4, 1, 2, 1, 3]|[0, 2, 0, 0, 3, 0, 1, 3, 0, 0, 2, 0, 1, 0, 1, 0, 0, 0, 1, 0, 0, 2, 0, 0, 1, 0, 0, 3, 0, 1, 0, 2, 0, 0, 3, 0, 1, 1, 0, 0, 0, 0, 1, 3, 0, 0, 1, 0, 2, 0, 0, 0, 0, 0, 1, 0, 1, 0, 1, 1, 0, 2, 0, 0, 0, 0, 0, 0, 0, 2, 0, 0, 1, 0, 0, 1, 0, 0, 3, 0, 0, 1, 2, 2, 0, 0, 0, 3, 0, 1, 0, 0, 0, 1, 3, 1, 0, 0, 0, 0],900.0760482104305,49106.971003161474,106617.18334121045,false
43,G3_TWC,G3_TWC,[31, 22, 82, 15, 26, 58, 95, 42, 77, 12, 47, 5, 93, 78, 98, 54, 85, 63, 18, 44, 20, 35, 43, 97, 91, 76, 10, 30, 21, 45, 71, 64, 1, 23, 17, 83, 24, 14, 60, 36, 6, 57, 94, 88, 65, 56, 79, 40, 67, 68, 46, 75, 39, 9, 19, 32, 81, 96, 27, 62, 87, 90, 99, 59, 11, 16, 72, 73, 70, 38, 37, 84, 3, 92, 25, 55, 28, 29, 51, 7, 33, 61, 86, 48, 89, 50, 69, 41, 53, 80, 4, 8, 34, 49, 52, 0, 13, 74, 2, 66]|[1, 1, 0, 1, 1, 1, 2, 1, 2, 1, 2, 2, 2, 1, 1, 0, 0, 1, 0, 2, 2, 0, 1, 2, 0, 1, 2, 2, 0, 0, 1, 2, 1, 2, 1, 0, 2, 0, 1, 1, 0, 1, 1, 1, 0, 2, 1, 1, 0, 0, 0, 0, 1, 1, 2, 1, 2, 0, 0, 0, 2, 1, 0, 1, 2, 1, 2, 1, 1, 1, 1, 1, 2, 0, 1, 1, 0, 0, 0, 1, 2, 1, 0, 0, 1, 0, 2, 0, 0, 0, 0, 1, 2, 0, 1, 0, 0, 0, 0, 2]|[4, 3, 2, 2, 0, 0, 2, 2, 2, 4, 1, 1, 2, 4, 4, 1, 1, 4, 2, 1, 1, 1, 1, 2, 1, 2, 1, 1, 1, 1, 3, 2, 3, 0, 4, 0, 1, 1, 0, 3, 2, 2, 4, 0, 1, 1, 0, 2, 0, 1, 2, 2, 1, 4, 0, 3, 2, 1, 1, 2, 1, 3, 1, 1, 1, 3, 0, 4, 3, 1, 4, 1, 1, 2, 4, 4, 2, 1, 1, 3, 1, 3, 1, 1, 1, 1, 1, 1, 2, 1, 2, 3, 1, 1, 1, 2, 2, 2, 2, 1]|[0, 2, 1, 1, 3, 3, 0, 1, 0, 0, 0, 0, 1, 0, 1, 0, 0, 3, 1, 0, 0, 0, 3, 1, 0, 2, 0, 0, 0, 1, 0, 0, 0, 0, 3, 0, 1, 0, 0, 2, 1, 1, 2, 0, 0, 0, 0, 1, 1, 0, 0, 0, 1, 3, 0, 0, 1, 0, 0, 1, 0, 2, 0, 1, 0, 2, 1, 0, 0, 1, 1, 3, 0, 1, 3, 3, 1, 0, 0, 2, 0, 0, 0, 0, 1, 0, 0, 0, 1, 0, 1, 2, 0, 1, 1, 0, 0, 0, 0, 0],833.2154215640596,57825.44465227681,88905.52377856613,false
43,G1_CMAX,G4_BALANCED,[31, 22, 82, 15, 26, 99, 95, 42, 77, 12, 47, 5, 93, 78, 86, 54, 21, 63, 18, 44, 20, 35, 43, 97, 91, 76, 10, 30, 85, 45, 71, 64, 1, 23, 17, 83, 24, 14, 60, 36, 6, 57, 94, 88, 65, 56, 79, 40, 67, 68, 46, 75, 38, 9, 19, 32, 41, 81, 27, 87, 90, 58, 59, 53, 16, 72, 73, 70, 39, 37, 84, 3, 92, 25, 55, 48, 62, 29, 51, 96, 33, 61, 98, 28, 89, 50, 4, 7, 11, 80, 8, 66, 34, 49, 52, 0, 74, 69, 2, 13]|[2, 1, 0, 1, 1, 0, 1, 1, 2, 1, 2, 2, 2, 1, 1, 0, 0, 1, 0, 2, 2, 0, 1, 2, 0, 1, 2, 2, 0, 0, 1, 2, 1, 2, 1, 0, 2, 0, 1, 1, 0, 1, 1, 1, 0, 2, 1, 1, 0, 0, 0, 0, 1, 1, 2, 1, 0, 2, 0, 2, 1, 0, 1, 0, 1, 2, 1, 1, 1, 1, 1, 1, 0, 1, 2, 0, 0, 0, 0, 2, 2, 1, 2, 0, 1, 0, 1, 2, 0, 0, 0, 2, 2, 0, 1, 0, 2, 1, 0, 0]|[1, 3, 2, 2, 4, 1, 2, 3, 2, 4, 1, 1, 2, 4, 4, 1, 1, 4, 2, 1, 1, 1, 1, 2, 1, 2, 1, 1, 2, 1, 3, 2, 3, 1, 4, 0, 1, 1, 0, 3, 2, 2, 4, 0, 1, 1, 0, 2, 0, 1, 2, 2, 1, 4, 0, 3, 1, 1, 1, 1, 3, 1, 1, 2, 3, 0, 4, 3, 1, 4, 1, 1, 2, 4, 1, 1, 2, 1, 1, 1, 1, 3, 1, 2, 1, 1, 4, 1, 2, 1, 1, 1, 1, 1, 1, 2, 1, 4, 2, 2]|[0, 2, 1, 1, 3, 0, 1, 3, 0, 0, 0, 0, 1, 0, 1, 0, 0, 3, 1, 0, 0, 0, 3, 1, 0, 2, 0, 0, 0, 1, 0, 0, 0, 0, 3, 0, 1, 0, 0, 2, 1, 1, 2, 0, 0, 0, 0, 1, 1, 0, 0, 0, 1, 3, 0, 0, 0, 0, 0, 0, 2, 0, 1, 1, 2, 1, 0, 0, 1, 1, 3, 1, 1, 3, 0, 0, 1, 0, 0, 0, 0, 0, 0, 1, 1, 0, 0, 0, 1, 0, 0, 0, 0, 1, 1, 0, 0, 2, 0, 0],777.9061139310588,56340.33150500855,91121.00473790581,true
43,G4_BALANCED,G1_CMAX,[22, 82, 3, 58, 95, 42, 77, 47, 5, 93, 78, 12, 86, 54, 50, 63, 18, 44, 20, 35, 43, 97, 91, 76, 10, 30, 21, 45, 71, 64, 36, 23, 17, 83, 24, 14, 60, 1, 6, 40, 57, 90, 65, 56, 79, 94, 67, 68, 46, 75, 38, 9, 19, 32, 81, 41, 27, 62, 16, 55, 59, 89, 88, 87, 31, 72, 73, 70, 39, 37, 84, 92, 25, 11, 48, 15, 29, 51, 7, 33, 61, 98, 28, 99, 26, 85, 66, 96, 53, 80, 4, 8, 34, 49, 52, 2, 13, 0, 69, 74]|[1, 0, 1, 0, 1, 2, 2, 2, 2, 2, 1, 1, 1, 0, 0, 1, 0, 2, 2, 0, 1, 2, 0, 1, 2, 2, 0, 0, 1, 2, 1, 2, 1, 0, 2, 0, 1, 1, 0, 1, 1, 1, 0, 2, 1, 1, 0, 0, 0, 0, 1, 1, 2, 1, 2, 0, 0, 0, 1, 2, 1, 1, 1, 1, 1, 2, 1, 2, 1, 1, 1, 0, 1, 2, 2, 1, 0, 0, 1, 2, 1, 2, 0, 1, 1, 0, 0, 2, 0, 0, 1, 1, 2, 0, 1, 0, 0, 0, 1, 2]|[3, 2, 1, 1, 2, 1, 2, 1, 1, 2, 4, 4, 4, 1, 1, 4, 2, 1, 1, 1, 1, 2, 1, 2, 1, 1, 2, 1, 3, 2, 3, 1, 4, 1, 1, 1, 0, 3, 2, 2, 2, 3, 1, 1, 0, 4, 0, 1, 2, 2, 1, 4, 0, 3, 2, 1, 1, 2, 3, 1, 1, 1, 0, 3, 0, 0, 3, 0, 1, 4, 1, 0, 4, 1, 1, 4, 1, 1, 1, 1, 3, 1, 2, 1, 0, 2, 1, 1, 2, 1, 4, 3, 1, 1, 1, 2, 2, 2, 4, 1]|[3, 1, 2, 0, 1, 0, 0, 0, 0, 1, 0, 0, 1, 0, 0, 3, 1, 0, 0, 0, 3, 1, 0, 2, 0, 0, 0, 1, 0, 0, 2, 0, 3, 0, 1, 0, 0, 0, 1, 1, 1, 2, 0, 0, 0, 2, 1, 0, 0, 0, 1, 3, 0, 0, 1, 0, 0, 1, 2, 0, 1, 1, 0, 2, 0, 1, 0, 1, 1, 1, 1, 1, 3, 0, 0, 3, 0, 0, 2, 0, 0, 0, 1, 1, 3, 0, 0, 0, 1, 0, 0, 2, 0, 1, 1, 0, 0, 0, 2, 0],715.7913946700162,58060.95961022334,95287.06515100288,true
43,G2_TEC,G2_TEC,[31, 22, 82, 15, 26, 9, 95, 42, 77, 68, 47, 5, 93, 78, 86, 54, 85, 63, 18, 44, 20, 49, 36, 14, 74, 50, 53, 17, 21, 28, 11, 64, 3, 23, 30, 83, 24, 41, 40, 52, 65, 27, 90, 70, 39, 87, 48, 69, 99, 4, 75, 1, 13, 58, 97, 59, 45, 8, 73, 37, 35, 79, 71, 66, 76, 32, 60, 80, 56, 6, 67, 61, 33, 7, 57, 34, 12, 16, 10, 94, 96, 88, 43, 81, 91, 2, 84, 29, 92, 19, 51, 55, 46, 89, 25, 72, 98, 38, 0, 62]|[2, 1, 2, 1, 1, 2, 1, 1, 1, 1, 1, 0, 2, 2, 1, 2, 0, 0, 0, 2, 2, 1, 0, 2, 0, 2, 2, 1, 0, 1, 1, 1, 0, 0, 1, 0, 2, 1, 2, 2, 0, 0, 1, 1, 0, 2, 0, 2, 1, 0, 0, 2, 0, 0, 2, 0, 1, 1, 0, 0, 2, 1, 1, 2, 2, 0, 2, 2, 2, 1, 2, 1, 1, 2, 0, 1, 1, 2, 1, 2, 0, 1, 1, 1, 1, 0, 0, 1, 0, 1, 1, 0, 0, 1, 1, 1, 2, 0, 2, 1]|[0, 3, 0, 3, 4, 1, 4, 4, 2, 4, 3, 2, 1, 0, 2, 1, 1, 1, 2, 1, 1, 3, 0, 1, 0, 1, 1, 4, 1, 4, 3, 2, 2, 0, 4, 1, 1, 4, 1, 1, 2, 1, 4, 4, 1, 1, 0, 1, 3, 2, 2, 1, 2, 1, 1, 2, 4, 3, 0, 2, 2, 3, 3, 1, 1, 2, 1, 1, 1, 4, 1, 3, 4, 1, 2, 4, 3, 1, 3, 1, 2, 4, 4, 4, 3, 2, 2, 3, 2, 4, 3, 2, 2, 4, 4, 4, 1, 2, 1, 3]|[0, 2, 0, 0, 3, 0, 1, 3, 0, 0, 2, 0, 1, 0, 1, 0, 0, 0, 1, 0, 0, 2, 0, 0, 1, 0, 0, 3, 0, 1, 0, 2, 0, 0, 3, 0, 1, 1, 0, 0, 0, 0, 1, 3, 0, 0, 1, 0, 2, 0, 0, 0, 0, 0, 1, 0, 1, 0, 1, 1, 0, 2, 0, 0, 0, 0, 0, 0, 0, 2, 0, 0, 1, 0, 0, 1, 0, 0, 3, 0, 0, 1, 2, 2, 0, 0, 0, 3, 0, 1, 0, 0, 0, 1, 3, 1, 0, 0, 0, 0],900.0760482104305,49106.971003161474,106617.18334121045,false
43,G3_TWC,G3_TWC,[31, 22, 82, 15, 26, 58, 95, 42, 77, 12, 47, 5, 93, 78, 98, 54, 85, 63, 18, 44, 20, 35, 43, 97, 91, 76, 10, 30, 21, 45, 71, 64, 1, 23, 17, 83, 24, 14, 60, 36, 6, 57, 94, 88, 65, 56, 79, 40, 67, 68, 46, 75, 39, 9, 19, 32, 81, 96, 27, 62, 87, 90, 99, 59, 11, 16, 72, 73, 70, 38, 37, 84, 3, 92, 25, 55, 28, 29, 51, 7, 33, 61, 86, 48, 89, 50, 69, 41, 53, 80, 4, 8, 34, 49, 52, 0, 13, 74, 2, 66]|[1, 1, 0, 1, 1, 1, 2, 1, 2, 1, 2, 2, 2, 1, 1, 0, 0, 1, 0, 2, 2, 0, 1, 2, 0, 1, 2, 2, 0, 0, 1, 2, 1, 2, 1, 0, 2, 0, 1, 1, 0, 1, 1, 1, 0, 2, 1, 1, 0, 0, 0, 0, 1, 1, 2, 1, 2, 0, 0, 0, 2, 1, 0, 1, 2, 1, 2, 1, 1, 1, 1, 1, 2, 0, 1, 1, 0, 0, 0, 1, 2, 1, 0, 0, 1, 0, 2, 0, 0, 0, 0, 1, 2, 0, 1, 0, 0, 0, 0, 2]|[4, 3, 2, 2, 0, 0, 2, 2, 2, 4, 1, 1, 2, 4, 4, 1, 1, 4, 2, 1, 1, 1, 1, 2, 1, 2, 1, 1, 1, 1, 3, 2, 3, 0, 4, 0, 1, 1, 0, 3, 2, 2, 4, 0, 1, 1, 0, 2, 0, 1, 2, 2, 1, 4, 0, 3, 2, 1, 1, 2, 1, 3, 1, 1, 1, 3, 0, 4, 3, 1, 4, 1, 1, 2, 4, 4, 2, 1, 1, 3, 1, 3, 1, 1, 1, 1, 1, 1, 2, 1, 2, 3, 1, 1, 1, 2, 2, 2, 2, 1]|[0, 2, 1, 1, 3, 3, 0, 1, 0, 0, 0, 0, 1, 0, 1, 0, 0, 3, 1, 0, 0, 0, 3, 1, 0, 2, 0, 0, 0, 1, 0, 0, 0, 0, 3, 0, 1, 0, 0, 2, 1, 1, 2, 0, 0, 0, 0, 1, 1, 0, 0, 0, 1, 3, 0, 0, 1, 0, 0, 1, 0, 2, 0, 1, 0, 2, 1, 0, 0, 1, 1, 3, 0, 1, 3, 3, 1, 0, 0, 2, 0, 0, 0, 0, 1, 0, 0, 0, 1, 0, 1, 2, 0, 1, 1, 0, 0, 0, 0, 0],833.2154215640596,57825.44465227681,88905.52377856613,false
43,G1_CMAX,G3_TWC,[31, 22, 82, 15, 26, 58, 95, 42, 77, 12, 47, 5, 93, 78, 98, 54, 85, 63, 18, 44, 20, 35, 43, 97, 91, 76, 10, 30, 21, 45, 71, 64, 1, 23, 17, 83, 24, 14, 60, 36, 6, 57, 94, 88, 65, 56, 79, 40, 67, 68, 46, 75, 38, 9, 55, 32, 81, 41, 27, 62, 87, 90, 99, 59, 28, 16, 72, 73, 70, 39, 37, 84, 3, 92, 25, 19, 11, 29, 51, 7, 33, 61, 86, 66, 89, 50, 69, 96, 53, 80, 4, 8, 48, 49, 52, 2, 13, 0, 34, 74]|[1, 1, 0, 1, 1, 1, 2, 1, 2, 1, 2, 2, 2, 1, 1, 0, 0, 1, 0, 2, 2, 0, 1, 2, 0, 1, 2, 2, 0, 0, 1, 2, 1, 2, 1, 0, 2, 0, 1, 1, 0, 1, 1, 1, 0, 2, 1, 1, 0, 0, 0, 0, 1, 1, 2, 1, 2, 0, 0, 0, 2, 1, 0, 1, 0, 1, 2, 1, 1, 1, 1, 1, 2, 0, 1, 1, 2, 0, 0, 1, 2, 1, 0, 2, 1, 0, 1, 2, 0, 0, 0, 1, 0, 0, 1, 0, 0, 0, 2, 2]|[4, 3, 2, 2, 0, 0, 2, 2, 2, 4, 1, 1, 2, 4, 4, 1, 1, 4, 2, 1, 1, 1, 1, 2, 1, 2, 1, 1, 1, 1, 3, 2, 3, 1, 4, 0, 2, 1, 0, 3, 2, 2, 4, 0, 1, 1, 0, 2, 0, 1, 2, 2, 1, 4, 0, 3, 2, 1, 1, 2, 1, 3, 1, 1, 2, 3, 0, 4, 3, 1, 4, 1, 1, 2, 4, 4, 1, 1, 1, 3, 1, 3, 1, 1, 1, 1, 3, 1, 2, 1, 2, 3, 1, 1, 1, 2, 2, 2, 1, 1]|[0, 2, 1, 1, 3, 3, 0, 1, 0, 0, 0, 0, 1, 0, 1, 0, 0, 3, 1, 0, 0, 0, 3, 1, 0, 2, 0, 0, 0, 1, 0, 0, 0, 0, 3, 0, 1, 0, 0, 2, 1, 1, 2, 0, 0, 0, 0, 1, 1, 0, 0, 0, 1, 3, 0, 0, 1, 0, 0, 1, 0, 2, 0, 1, 1, 2, 1, 0, 0, 1, 1, 3, 0, 1, 3, 3, 0, 0, 0, 2, 0, 0, 0, 0, 1, 0, 0, 0, 1, 0, 1, 2, 0, 1, 1, 0, 0, 0, 0, 0],773.8652057064894,57595.629608963674,89824.21777920666,true
43,G4_BALANCED,G1_CMAX,[22, 82, 3, 58, 95, 42, 77, 47, 5, 93, 78, 12, 86, 54, 50, 63, 18, 44, 20, 35, 43, 97, 91, 76, 10, 30, 21, 45, 71, 64, 36, 23, 17, 83, 24, 14, 60, 1, 6, 40, 57, 90, 65, 56, 79, 94, 67, 68, 46, 75, 38, 9, 19, 32, 81, 41, 27, 62, 16, 55, 59, 89, 88, 87, 31, 72, 73, 70, 39, 37, 84, 92, 25, 11, 48, 15, 29, 51, 7, 33, 61, 98, 28, 99, 26, 85, 66, 96, 53, 80, 4, 8, 34, 49, 52, 2, 13, 0, 69, 74]|[1, 0, 1, 0, 1, 2, 2, 2, 2, 2, 1, 1, 1, 0, 0, 1, 0, 2, 2, 0, 1, 2, 0, 1, 2, 2, 0, 0, 1, 2, 1, 2, 1, 0, 2, 0, 1, 1, 0, 1, 1, 1, 0, 2, 1, 1, 0, 0, 0, 0, 1, 1, 2, 1, 2, 0, 0, 0, 1, 2, 1, 1, 1, 1, 1, 2, 1, 2, 1, 1, 1, 0, 1, 2, 2, 1, 0, 0, 1, 2, 1, 2, 0, 1, 1, 0, 0, 2, 0, 0, 1, 1, 2, 0, 1, 0, 0, 0, 1, 2]|[3, 2, 1, 1, 2, 1, 2, 1, 1, 2, 4, 4, 4, 1, 1, 4, 2, 1, 1, 1, 1, 2, 1, 2, 1, 1, 2, 1, 3, 2, 3, 1, 4, 1, 1, 1, 0, 3, 2, 2, 2, 3, 1, 1, 0, 4, 0, 1, 2, 2, 1, 4, 0, 3, 2, 1, 1, 2, 3, 1, 1, 1, 0, 3, 0, 0, 3, 0, 1, 4, 1, 0, 4, 1, 1, 4, 1, 1, 1, 1, 3, 1, 2, 1, 0, 2, 1, 1, 2, 1, 4, 3, 1, 1, 1, 2, 2, 2, 4, 1]|[3, 1, 2, 0, 1, 0, 0, 0, 0, 1, 0, 0, 1, 0, 0, 3, 1, 0, 0, 0, 3, 1, 0, 2, 0, 0, 0, 1, 0, 0, 2, 0, 3, 0, 1, 0, 0, 0, 1, 1, 1, 2, 0, 0, 0, 2, 1, 0, 0, 0, 1, 3, 0, 0, 1, 0, 0, 1, 2, 0, 1, 1, 0, 2, 0, 1, 0, 1, 1, 1, 1, 1, 3, 0, 0, 3, 0, 0, 2, 0, 0, 0, 1, 1, 3, 0, 0, 0, 1, 0, 0, 2, 0, 1, 1, 0, 0, 0, 2, 0],715.7913946700162,58060.95961022334,95287.06515100288,true
43,G2_TEC,G2_TEC,[31, 22, 82, 15, 26, 9, 95, 42, 77, 68, 47, 5, 93, 78, 86, 54, 85, 63, 18, 44, 20, 49, 36, 14, 74, 50, 53, 17, 21, 28, 11, 64, 3, 23, 30, 83, 24, 41, 40, 52, 65, 27, 90, 70, 39, 87, 48, 69, 99, 4, 75, 1, 13, 58, 97, 59, 45, 8, 73, 37, 35, 79, 71, 66, 76, 32, 60, 80, 56, 6, 67, 61, 33, 7, 57, 34, 12, 16, 10, 94, 96, 88, 43, 81, 91, 2, 84, 29, 92, 19, 51, 55, 46, 89, 25, 72, 98, 38, 0, 62]|[2, 1, 2, 1, 1, 2, 1, 1, 1, 1, 1, 0, 2, 2, 1, 2, 0, 0, 0, 2, 2, 1, 0, 2, 0, 2, 2, 1, 0, 1, 1, 1, 0, 0, 1, 0, 2, 1, 2, 2, 0, 0, 1, 1, 0, 2, 0, 2, 1, 0, 0, 2, 0, 0, 2, 0, 1, 1, 0, 0, 2, 1, 1, 2, 2, 0, 2, 2, 2, 1, 2, 1, 1, 2, 0, 1, 1, 2, 1, 2, 0, 1, 1, 1, 1, 0, 0, 1, 0, 1, 1, 0, 0, 1, 1, 1, 2, 0, 2, 1]|[0, 3, 0, 3, 4, 1, 4, 4, 2, 4, 3, 2, 1, 0, 2, 1, 1, 1, 2, 1, 1, 3, 0, 1, 0, 1, 1, 4, 1, 4, 3, 2, 2, 0, 4, 1, 1, 4, 1, 1, 2, 1, 4, 4, 1, 1, 0, 1, 3, 2, 2, 1, 2, 1, 1, 2, 4, 3, 0, 2, 2, 3, 3, 1, 1, 2, 1, 1, 1, 4, 1, 3, 4, 1, 2, 4, 3, 1, 3, 1, 2, 4, 4, 4, 3, 2, 2, 3, 2, 4, 3, 2, 2, 4, 4, 4, 1, 2, 1, 3]|[0, 2, 0, 0, 3, 0, 1, 3, 0, 0, 2, 0, 1, 0, 1, 0, 0, 0, 1, 0, 0, 2, 0, 0, 1, 0, 0, 3, 0, 1, 0, 2, 0, 0, 3, 0, 1, 1, 0, 0, 0, 0, 1, 3, 0, 0, 1, 0, 2, 0, 0, 0, 0, 0, 1, 0, 1, 0, 1, 1, 0, 2, 0, 0, 0, 0, 0, 0, 0, 2, 0, 0, 1, 0, 0, 1, 0, 0, 3, 0, 0, 1, 2, 2, 0, 0, 0, 3, 0, 1, 0, 0, 0, 1, 3, 1, 0, 0, 0, 0],900.0760482104305,49106.971003161474,106617.18334121045,false
43,G3_TWC,G3_TWC,[31, 22, 82, 15, 26, 58, 95, 42, 77, 12, 47, 5, 93, 78, 98, 54, 85, 63, 18, 44, 20, 35, 43, 97, 91, 76, 10, 30, 21, 45, 71, 64, 1, 23, 17, 83, 24, 14, 60, 36, 6, 57, 94, 88, 65, 56, 79, 40, 67, 68, 46, 75, 39, 9, 19, 32, 81, 96, 27, 62, 87, 90, 99, 59, 11, 16, 72, 73, 70, 38, 37, 84, 3, 92, 25, 55, 28, 29, 51, 7, 33, 61, 86, 48, 89, 50, 69, 41, 53, 80, 4, 8, 34, 49, 52, 0, 13, 74, 2, 66]|[1, 1, 0, 1, 1, 1, 2, 1, 2, 1, 2, 2, 2, 1, 1, 0, 0, 1, 0, 2, 2, 0, 1, 2, 0, 1, 2, 2, 0, 0, 1, 2, 1, 2, 1, 0, 2, 0, 1, 1, 0, 1, 1, 1, 0, 2, 1, 1, 0, 0, 0, 0, 1, 1, 2, 1, 2, 0, 0, 0, 2, 1, 0, 1, 2, 1, 2, 1, 1, 1, 1, 1, 2, 0, 1, 1, 0, 0, 0, 1, 2, 1, 0, 0, 1, 0, 2, 0, 0, 0, 0, 1, 2, 0, 1, 0, 0, 0, 0, 2]|[4, 3, 2, 2, 0, 0, 2, 2, 2, 4, 1, 1, 2, 4, 4, 1, 1, 4, 2, 1, 1, 1, 1, 2, 1, 2, 1, 1, 1, 1, 3, 2, 3, 0, 4, 0, 1, 1, 0, 3, 2, 2, 4, 0, 1, 1, 0, 2, 0, 1, 2, 2, 1, 4, 0, 3, 2, 1, 1, 2, 1, 3, 1, 1, 1, 3, 0, 4, 3, 1, 4, 1, 1, 2, 4, 4, 2, 1, 1, 3, 1, 3, 1, 1, 1, 1, 1, 1, 2, 1, 2, 3, 1, 1, 1, 2, 2, 2, 2, 1]|[0, 2, 1, 1, 3, 3, 0, 1, 0, 0, 0, 0, 1, 0, 1, 0, 0, 3, 1, 0, 0, 0, 3, 1, 0, 2, 0, 0, 0, 1, 0, 0, 0, 0, 3, 0, 1, 0, 0, 2, 1, 1, 2, 0, 0, 0, 0, 1, 1, 0, 0, 0, 1, 3, 0, 0, 1, 0, 0, 1, 0, 2, 0, 1, 0, 2, 1, 0, 0, 1, 1, 3, 0, 1, 3, 3, 1, 0, 0, 2, 0, 0, 0, 0, 1, 0, 0, 0, 1, 0, 1, 2, 0, 1, 1, 0, 0, 0, 0, 0],833.2154215640596,57825.44465227681,88905.52377856613,false
43,G1_CMAX,G4_BALANCED,[31, 11, 82, 15, 26, 9, 95, 42, 77, 68, 47, 5, 93, 78, 86, 54, 85, 63, 18, 44, 20, 49, 36, 14, 74, 50, 53, 17, 21, 45, 71, 64, 3, 23, 30, 83, 24, 41, 60, 52, 65, 27, 90, 70, 39, 87, 48, 69, 99, 4, 46, 1, 13, 58, 97, 59, 28, 75, 73, 37, 35, 79, 22, 66, 76, 32, 40, 80, 96, 6, 61, 16, 7, 33, 57, 34, 12, 67, 10, 98, 56, 88, 29, 8, 91, 38, 19, 92, 43, 84, 51, 72, 81, 25, 94, 55, 0, 89, 2, 62]|[2, 1, 2, 1, 1, 2, 1, 1, 1, 1, 1, 0, 2, 2, 1, 2, 0, 0, 0, 2, 2, 1, 0, 2, 0, 2, 2, 1, 0, 1, 1, 1, 0, 0, 1, 0, 2, 1, 2, 2, 0, 0, 1, 1, 0, 2, 0, 2, 1, 0, 0, 2, 0, 0, 2, 0, 1, 1, 0, 0, 2, 1, 0, 2, 2, 0, 2, 2, 0, 1, 2, 2, 2, 1, 0, 1, 1, 1, 1, 2, 2, 1, 1, 0, 1, 0, 1, 0, 1, 0, 1, 1, 1, 1, 2, 0, 0, 1, 2, 1]|[0, 3, 0, 2, 4, 1, 4, 4, 2, 4, 3, 2, 1, 0, 2, 1, 1, 1, 2, 1, 1, 3, 0, 1, 0, 1, 1, 4, 1, 4, 3, 2, 2, 0, 4, 1, 1, 4, 0, 1, 2, 1, 4, 4, 1, 1, 0, 2, 3, 1, 2, 1, 2, 1, 1, 2, 4, 3, 0, 2, 2, 3, 1, 0, 1, 2, 0, 1, 2, 4, 1, 1, 1, 4, 2, 4, 3, 3, 3, 1, 1, 4, 3, 2, 3, 2, 4, 2, 4, 2, 3, 4, 1, 4, 1, 2, 2, 4, 1, 3]|[0, 2, 0, 1, 3, 0, 1, 3, 0, 0, 2, 0, 1, 0, 1, 0, 0, 0, 1, 0, 0, 2, 0, 0, 1, 0, 0, 3, 0, 1, 0, 2, 0, 1, 3, 0, 1, 3, 1, 0, 0, 0, 1, 3, 0, 0, 1, 0, 2, 0, 0, 0, 0, 0, 1, 0, 1, 0, 1, 1, 0, 2, 0, 0, 0, 0, 1, 0, 0, 2, 0, 0, 0, 1, 0, 1, 0, 0, 3, 0, 0, 1, 0, 0, 0, 0, 3, 0, 2, 0, 0, 2, 1, 3, 0, 0, 0, 1, 0, 0],843.8855010804491,52510.30755899072,105664.6447807653,true
43,G4_BALANCED,G4_BALANCED,[31, 11, 15, 82, 26, 9, 95, 32, 77, 68, 47, 5, 93, 78, 86, 54, 85, 63, 18, 44, 20, 49, 36, 14, 74, 50, 53, 17, 21, 45, 71, 64, 3, 23, 30, 83, 24, 41, 60, 52, 51, 27, 90, 70, 39, 87, 48, 69, 99, 4, 46, 1, 13, 58, 97, 59, 28, 8, 73, 37, 35, 79, 22, 66, 76, 42, 40, 80, 96, 6, 16, 61, 33, 7, 57, 34, 12, 67, 10, 98, 56, 88, 43, 75, 91, 38, 84, 92, 29, 19, 65, 55, 72, 89, 25, 81, 94, 2, 62, 0]|[2, 1, 2, 1, 1, 2, 1, 1, 1, 1, 1, 0, 2, 2, 1, 2, 0, 0, 0, 2, 2, 1, 0, 2, 0, 2, 2, 1, 0, 1, 1, 1, 0, 0, 1, 0, 2, 1, 2, 2, 0, 0, 1, 1, 0, 2, 0, 2, 1, 0, 0, 2, 0, 0, 2, 0, 1, 1, 0, 0, 2, 1, 1, 2, 2, 0, 2, 2, 0, 1, 2, 1, 1, 2, 0, 1, 1, 1, 1, 2, 2, 1, 1, 0, 1, 0, 0, 0, 1, 1, 1, 0, 1, 1, 1, 1, 2, 2, 1, 0]|[1, 3, 0, 3, 4, 1, 4, 4, 2, 4, 3, 2, 1, 0, 2, 1, 1, 1, 2, 1, 1, 3, 0, 1, 0, 1, 1, 4, 1, 4, 3, 2, 2, 0, 4, 1, 1, 4, 1, 1, 2, 1, 4, 4, 1, 1, 0, 2, 3, 1, 2, 1, 2, 1, 1, 2, 4, 3, 0, 2, 2, 3, 3, 1, 1, 2, 1, 1, 2, 4, 1, 3, 4, 1, 2, 4, 3, 3, 3, 1, 1, 4, 4, 2, 3, 2, 2, 2, 3, 4, 3, 2, 4, 4, 4, 1, 1, 1, 3, 2]|[1, 2, 0, 0, 3, 0, 1, 3, 0, 0, 2, 0, 1, 0, 1, 0, 0, 0, 1, 0, 0, 2, 0, 0, 1, 0, 0, 3, 0, 1, 0, 2, 0, 1, 3, 0, 1, 1, 0, 0, 0, 0, 1, 3, 0, 0, 1, 0, 2, 0, 0, 0, 0, 0, 1, 0, 1, 0, 1, 1, 0, 2, 2, 0, 0, 0, 0, 0, 0, 2, 0, 0, 1, 0, 0, 1, 0, 0, 3, 0, 0, 1, 2, 0, 0, 0, 0, 0, 3, 1, 0, 0, 2, 1, 3, 1, 0, 0, 0, 0],863.1287736981566,50462.27750314327,104436.85600586075,false
43,G2_TEC,G2_TEC,[31, 22, 82, 15, 26, 9, 95, 42, 77, 68, 47, 5, 93, 78, 86, 54, 85, 63, 18, 44, 20, 49, 36, 14, 74, 50, 53, 17, 21, 28, 11, 64, 3, 23, 30, 83, 24, 41, 40, 52, 65, 27, 90, 70, 39, 87, 48, 69, 99, 4, 75, 1, 13, 58, 97, 59, 45, 8, 73, 37, 35, 79, 71, 66, 76, 32, 60, 80, 56, 6, 67, 61, 33, 7, 57, 34, 12, 16, 10, 94, 96, 88, 43, 81, 91, 2, 84, 29, 92, 19, 51, 55, 46, 89, 25, 72, 98, 38, 0, 62]|[2, 1, 2, 1, 1, 2, 1, 1, 1, 1, 1, 0, 2, 2, 1, 2, 0, 0, 0, 2, 2, 1, 0, 2, 0, 2, 2, 1, 0, 1, 1, 1, 0, 0, 1, 0, 2, 1, 2, 2, 0, 0, 1, 1, 0, 2, 0, 2, 1, 0, 0, 2, 0, 0, 2, 0, 1, 1, 0, 0, 2, 1, 1, 2, 2, 0, 2, 2, 2, 1, 2, 1, 1, 2, 0, 1, 1, 2, 1, 2, 0, 1, 1, 1, 1, 0, 0, 1, 0, 1, 1, 0, 0, 1, 1, 1, 2, 0, 2, 1]|[0, 3, 0, 3, 4, 1, 4, 4, 2, 4, 3, 2, 1, 0, 2, 1, 1, 1, 2, 1, 1, 3, 0, 1, 0, 1, 1, 4, 1, 4, 3, 2, 2, 0, 4, 1, 1, 4, 1, 1, 2, 1, 4, 4, 1, 1, 0, 1, 3, 2, 2, 1, 2, 1, 1, 2, 4, 3, 0, 2, 2, 3, 3, 1, 1, 2, 1, 1, 1, 4, 1, 3, 4, 1, 2, 4, 3, 1, 3, 1, 2, 4, 4, 4, 3, 2, 2, 3, 2, 4, 3, 2, 2, 4, 4, 4, 1, 2, 1, 3]|[0, 2, 0, 0, 3, 0, 1, 3, 0, 0, 2, 0, 1, 0, 1, 0, 0, 0, 1, 0, 0, 2, 0, 0, 1, 0, 0, 3, 0, 1, 0, 2, 0, 0, 3, 0, 1, 1, 0, 0, 0, 0, 1, 3, 0, 0, 1, 0, 2, 0, 0, 0, 0, 0, 1, 0, 1, 0, 1, 1, 0, 2, 0, 0, 0, 0, 0, 0, 0, 2, 0, 0, 1, 0, 0, 1, 0, 0, 3, 0, 0, 1, 2, 2, 0, 0, 0, 3, 0, 1, 0, 0, 0, 1, 3, 1, 0, 0, 0, 0],900.0760482104305,49106.971003161474,106617.18334121045,false
43,G3_TWC,G3_TWC,[31, 22, 82, 15, 26, 58, 95, 42, 77, 12, 47, 5, 93, 78, 98, 54, 85, 63, 18, 44, 20, 35, 43, 97, 91, 76, 10, 30, 21, 45, 71, 64, 1, 23, 17, 83, 24, 14, 60, 36, 6, 57, 94, 88, 65, 56, 79, 40, 67, 68, 46, 75, 39, 9, 19, 32, 81, 96, 27, 62, 87, 90, 99, 59, 11, 16, 72, 73, 70, 38, 37, 84, 3, 92, 25, 55, 28, 29, 51, 7, 33, 61, 86, 48, 89, 50, 69, 41, 53, 80, 4, 8, 34, 49, 52, 0, 13, 74, 2, 66]|[1, 1, 0, 1, 1, 1, 2, 1, 2, 1, 2, 2, 2, 1, 1, 0, 0, 1, 0, 2, 2, 0, 1, 2, 0, 1, 2, 2, 0, 0, 1, 2, 1, 2, 1, 0, 2, 0, 1, 1, 0, 1, 1, 1, 0, 2, 1, 1, 0, 0, 0, 0, 1, 1, 2, 1, 2, 0, 0, 0, 2, 1, 0, 1, 2, 1, 2, 1, 1, 1, 1, 1, 2, 0, 1, 1, 0, 0, 0, 1, 2, 1, 0, 0, 1, 0, 2, 0, 0, 0, 0, 1, 2, 0, 1, 0, 0, 0, 0, 2]|[4, 3, 2, 2, 0, 0, 2, 2, 2, 4, 1, 1, 2, 4, 4, 1, 1, 4, 2, 1, 1, 1, 1, 2, 1, 2, 1, 1, 1, 1, 3, 2, 3, 0, 4, 0, 1, 1, 0, 3, 2, 2, 4, 0, 1, 1, 0, 2, 0, 1, 2, 2, 1, 4, 0, 3, 2, 1, 1, 2, 1, 3, 1, 1, 1, 3, 0, 4, 3, 1, 4, 1, 1, 2, 4, 4, 2, 1, 1, 3, 1, 3, 1, 1, 1, 1, 1, 1, 2, 1, 2, 3, 1, 1, 1, 2, 2, 2, 2, 1]|[0, 2, 1, 1, 3, 3, 0, 1, 0, 0, 0, 0, 1, 0, 1, 0, 0, 3, 1, 0, 0, 0, 3, 1, 0, 2, 0, 0, 0, 1, 0, 0, 0, 0, 3, 0, 1, 0, 0, 2, 1, 1, 2, 0, 0, 0, 0, 1, 1, 0, 0, 0, 1, 3, 0, 0, 1, 0, 0, 1, 0, 2, 0, 1, 0, 2, 1, 0, 0, 1, 1, 3, 0, 1, 3, 3, 1, 0, 0, 2, 0, 0, 0, 0, 1, 0, 0, 0, 1, 0, 1, 2, 0, 1, 1, 0, 0, 0, 0, 0],833.2154215640596,57825.44465227681,88905.52377856613,false
43,G1_CMAX,G1_CMAX,[31, 22, 90, 26, 58, 95, 42, 12, 93, 5, 78, 86, 98, 18, 20, 35, 3, 97, 91, 76, 10, 85, 54, 45, 63, 71, 66, 1, 23, 17, 24, 60, 36, 6, 57, 15, 65, 56, 47, 79, 94, 67, 50, 46, 14, 75, 38, 9, 30, 19, 32, 81, 27, 92, 83, 87, 40, 99, 59, 11, 53, 16, 72, 77, 73, 70, 39, 37, 84, 43, 62, 25, 55, 28, 29, 51, 68, 82, 74, 61, 88, 21, 80, 89, 7, 69, 96, 41, 48, 4, 8, 34, 49, 52, 0, 44, 13, 2, 64, 33]|[1, 1, 1, 1, 0, 2, 1, 1, 2, 2, 2, 1, 0, 1, 2, 2, 1, 2, 0, 1, 2, 2, 2, 0, 0, 1, 2, 1, 2, 1, 2, 1, 1, 0, 1, 1, 0, 2, 2, 1, 1, 0, 0, 0, 0, 1, 1, 1, 1, 2, 1, 2, 2, 0, 0, 2, 1, 0, 0, 2, 0, 1, 2, 2, 1, 1, 1, 1, 1, 1, 0, 1, 1, 0, 0, 0, 0, 0, 2, 1, 1, 0, 0, 1, 1, 1, 2, 2, 0, 1, 1, 2, 0, 1, 0, 0, 0, 0, 2, 2]|[0, 4, 3, 0, 1, 1, 2, 4, 1, 1, 2, 4, 1, 4, 1, 1, 1, 2, 2, 2, 2, 1, 1, 1, 2, 3, 2, 3, 0, 4, 1, 0, 3, 2, 2, 2, 1, 1, 1, 0, 2, 0, 1, 2, 1, 3, 1, 4, 2, 0, 3, 2, 1, 2, 1, 1, 4, 1, 1, 1, 2, 3, 0, 2, 4, 3, 1, 4, 1, 1, 1, 4, 4, 2, 1, 1, 1, 2, 1, 3, 0, 1, 1, 1, 1, 3, 1, 1, 1, 4, 3, 1, 1, 1, 2, 2, 2, 2, 1, 1]|[3, 0, 2, 3, 0, 0, 1, 0, 0, 0, 1, 0, 0, 3, 0, 0, 1, 1, 1, 2, 1, 0, 0, 0, 0, 0, 0, 0, 0, 3, 1, 0, 2, 1, 1, 1, 0, 0, 0, 0, 1, 1, 0, 0, 0, 0, 1, 3, 2, 0, 0, 1, 0, 1, 0, 0, 2, 0, 0, 0, 1, 2, 1, 1, 0, 0, 1, 1, 3, 3, 0, 3, 3, 1, 0, 0, 0, 1, 0, 0, 0, 0, 0, 1, 2, 2, 0, 0, 0, 0, 2, 0, 1, 1, 0, 0, 0, 0, 0, 0],705.0470749739228,58445.79123614564,95781.2895945797,false
43,G4_BALANCED,G1_CMAX,[22, 82, 3, 58, 95, 42, 77, 47, 5, 93, 78, 12, 86, 54, 50, 63, 18, 44, 20, 35, 43, 97, 91, 76, 10, 30, 21, 45, 71, 64, 36, 23, 17, 83, 24, 14, 60, 1, 6, 40, 57, 90, 65, 56, 79, 94, 67, 68, 46, 75, 38, 9, 19, 32, 81, 41, 27, 62, 16, 55, 59, 89, 88, 87, 31, 72, 73, 70, 39, 37, 84, 92, 25, 11, 48, 15, 29, 51, 7, 33, 61, 98, 28, 99, 26, 85, 66, 96, 53, 80, 4, 8, 34, 49, 52, 2, 13, 0, 69, 74]|[1, 0, 1, 0, 1, 2, 2, 2, 2, 2, 1, 1, 1, 0, 0, 1, 0, 2, 2, 0, 1, 2, 0, 1, 2, 2, 0, 0, 1, 2, 1, 2, 1, 0, 2, 0, 1, 1, 0, 1, 1, 1, 0, 2, 1, 1, 0, 0, 0, 0, 1, 1, 2, 1, 2, 0, 0, 0, 1, 2, 1, 1, 1, 1, 1, 2, 1, 2, 1, 1, 1, 0, 1, 2, 2, 1, 0, 0, 1, 2, 1, 2, 0, 1, 1, 0, 0, 2, 0, 0, 1, 1, 2, 0, 1, 0, 0, 0, 1, 2]|[3, 2, 1, 1, 2, 1, 2, 1, 1, 2, 4, 4, 4, 1, 1, 4, 2, 1, 1, 1, 1, 2, 1, 2, 1, 1, 2, 1, 3, 2, 3, 1, 4, 1, 1, 1, 0, 3, 2, 2, 2, 3, 1, 1, 0, 4, 0, 1, 2, 2, 1, 4, 0, 3, 2, 1, 1, 2, 3, 1, 1, 1, 0, 3, 0, 0, 3, 0, 1, 4, 1, 0, 4, 1, 1, 4, 1, 1, 1, 1, 3, 1, 2, 1, 0, 2, 1, 1, 2, 1, 4, 3, 1, 1, 1, 2, 2, 2, 4, 1]|[3, 1, 2, 0, 1, 0, 0, 0, 0, 1, 0, 0, 1, 0, 0, 3, 1, 0, 0, 0, 3, 1, 0, 2, 0, 0, 0, 1, 0, 0, 2, 0, 3, 0, 1, 0, 0, 0, 1, 1, 1, 2, 0, 0, 0, 2, 1, 0, 0, 0, 1, 3, 0, 0, 1, 0, 0, 1, 2, 0, 1, 1, 0, 2, 0, 1, 0, 1, 1, 1, 1, 1, 3, 0, 0, 3, 0, 0, 2, 0, 0, 0, 1, 1, 3, 0, 0, 0, 1, 0, 0, 2, 0, 1, 1, 0, 0, 0, 2, 0],715.7913946700162,58060.95961022334,95287.06515100288,true
43,G2_TEC,G2_TEC,[31, 22, 82, 15, 26, 9, 95, 42, 77, 68, 47, 5, 93, 78, 86, 54, 85, 63, 18, 44, 20, 49, 36, 14, 74, 50, 53, 17, 21, 28, 11, 64, 3, 23, 30, 83, 24, 41, 40, 52, 65, 27, 90, 70, 39, 87, 48, 69, 99, 4, 75, 1, 13, 58, 97, 59, 45, 8, 73, 37, 35, 79, 71, 66, 76, 32, 60, 80, 56, 6, 67, 61, 33, 7, 57, 34, 12, 16, 10, 94, 96, 88, 43, 81, 91, 2, 84, 29, 92, 19, 51, 55, 46, 89, 25, 72, 98, 38, 0, 62]|[2, 1, 2, 1, 1, 2, 1, 1, 1, 1, 1, 0, 2, 2, 1, 2, 0, 0, 0, 2, 2, 1, 0, 2, 0, 2, 2, 1, 0, 1, 1, 1, 0, 0, 1, 0, 2, 1, 2, 2, 0, 0, 1, 1, 0, 2, 0, 2, 1, 0, 0, 2, 0, 0, 2, 0, 1, 1, 0, 0, 2, 1, 1, 2, 2, 0, 2, 2, 2, 1, 2, 1, 1, 2, 0, 1, 1, 2, 1, 2, 0, 1, 1, 1, 1, 0, 0, 1, 0, 1, 1, 0, 0, 1, 1, 1, 2, 0, 2, 1]|[0, 3, 0, 3, 4, 1, 4, 4, 2, 4, 3, 2, 1, 0, 2, 1, 1, 1, 2, 1, 1, 3, 0, 1, 0, 1, 1, 4, 1, 4, 3, 2, 2, 0, 4, 1, 1, 4, 1, 1, 2, 1, 4, 4, 1, 1, 0, 1, 3, 2, 2, 1, 2, 1, 1, 2, 4, 3, 0, 2, 2, 3, 3, 1, 1, 2, 1, 1, 1, 4, 1, 3, 4, 1, 2, 4, 3, 1, 3, 1, 2, 4, 4, 4, 3, 2, 2, 3, 2, 4, 3, 2, 2, 4, 4, 4, 1, 2, 1, 3]|[0, 2, 0, 0, 3, 0, 1, 3, 0, 0, 2, 0, 1, 0, 1, 0, 0, 0, 1, 0, 0, 2, 0, 0, 1, 0, 0, 3, 0, 1, 0, 2, 0, 0, 3, 0, 1, 1, 0, 0, 0, 0, 1, 3, 0, 0, 1, 0, 2, 0, 0, 0, 0, 0, 1, 0, 1, 0, 1, 1, 0, 2, 0, 0, 0, 0, 0, 0, 0, 2, 0, 0, 1, 0, 0, 1, 0, 0, 3, 0, 0, 1, 2, 2, 0, 0, 0, 3, 0, 1, 0, 0, 0, 1, 3, 1, 0, 0, 0, 0],900.0760482104305,49106.971003161474,106617.18334121045,false
43,G3_TWC,G3_TWC,[31, 22, 82, 15, 26, 58, 95, 42, 77, 12, 47, 5, 93, 78, 98, 54, 85, 63, 18, 44, 20, 35, 43, 97, 91, 76, 10, 30, 21, 45, 71, 64, 1, 23, 17, 83, 24, 14, 60, 36, 6, 57, 94, 88, 65, 56, 79, 40, 67, 68, 46, 75, 39, 9, 19, 32, 81, 96, 27, 62, 87, 90, 99, 59, 11, 16, 72, 73, 70, 38, 37, 84, 3, 92, 25, 55, 28, 29, 51, 7, 33, 61, 86, 48, 89, 50, 69, 41, 53, 80, 4, 8, 34, 49, 52, 0, 13, 74, 2, 66]|[1, 1, 0, 1, 1, 1, 2, 1, 2, 1, 2, 2, 2, 1, 1, 0, 0, 1, 0, 2, 2, 0, 1, 2, 0, 1, 2, 2, 0, 0, 1, 2, 1, 2, 1, 0, 2, 0, 1, 1, 0, 1, 1, 1, 0, 2, 1, 1, 0, 0, 0, 0, 1, 1, 2, 1, 2, 0, 0, 0, 2, 1, 0, 1, 2, 1, 2, 1, 1, 1, 1, 1, 2, 0, 1, 1, 0, 0, 0, 1, 2, 1, 0, 0, 1, 0, 2, 0, 0, 0, 0, 1, 2, 0, 1, 0, 0, 0, 0, 2]|[4, 3, 2, 2, 0, 0, 2, 2, 2, 4, 1, 1, 2, 4, 4, 1, 1, 4, 2, 1, 1, 1, 1, 2, 1, 2, 1, 1, 1, 1, 3, 2, 3, 0, 4, 0, 1, 1, 0, 3, 2, 2, 4, 0, 1, 1, 0, 2, 0, 1, 2, 2, 1, 4, 0, 3, 2, 1, 1, 2, 1, 3, 1, 1, 1, 3, 0, 4, 3, 1, 4, 1, 1, 2, 4, 4, 2, 1, 1, 3, 1, 3, 1, 1, 1, 1, 1, 1, 2, 1, 2, 3, 1, 1, 1, 2, 2, 2, 2, 1]|[0, 2, 1, 1, 3, 3, 0, 1, 0, 0, 0, 0, 1, 0, 1, 0, 0, 3, 1, 0, 0, 0, 3, 1, 0, 2, 0, 0, 0, 1, 0, 0, 0, 0, 3, 0, 1, 0, 0, 2, 1, 1, 2, 0, 0, 0, 0, 1, 1, 0, 0, 0, 1, 3, 0, 0, 1, 0, 0, 1, 0, 2, 0, 1, 0, 2, 1, 0, 0, 1, 1, 3, 0, 1, 3, 3, 1, 0, 0, 2, 0, 0, 0, 0, 1, 0, 0, 0, 1, 0, 1, 2, 0, 1, 1, 0, 0, 0, 0, 0],833.2154215640596,57825.44465227681,88905.52377856613,false
43,G1_CMAX,G1_CMAX,[31, 22, 90, 26, 58, 95, 42, 12, 93, 5, 78, 86, 98, 18, 20, 35, 3, 97, 91, 76, 10, 85, 54, 45, 63, 71, 66, 1, 23, 17, 24, 60, 36, 6, 57, 15, 65, 56, 47, 79, 94, 67, 50, 46, 14, 75, 38, 9, 30, 19, 32, 81, 27, 92, 83, 87, 40, 99, 59, 11, 53, 16, 72, 77, 73, 70, 39, 37, 84, 43, 62, 25, 55, 28, 29, 51, 68, 82, 74, 61, 88, 21, 80, 89, 7, 69, 96, 41, 48, 4, 8, 34, 49, 52, 0, 44, 13, 2, 64, 33]|[1, 1, 1, 1, 0, 2, 1, 1, 2, 2, 2, 1, 0, 1, 2, 2, 1, 2, 0, 1, 2, 2, 2, 0, 0, 1, 2, 1, 2, 1, 2, 1, 1, 0, 1, 1, 0, 2, 2, 1, 1, 0, 0, 0, 0, 1, 1, 1, 1, 2, 1, 2, 2, 0, 0, 2, 1, 0, 0, 2, 0, 1, 2, 2, 1, 1, 1, 1, 1, 1, 0, 1, 1, 0, 0, 0, 0, 0, 2, 1, 1, 0, 0, 1, 1, 1, 2, 2, 0, 1, 1, 2, 0, 1, 0, 0, 0, 0, 2, 2]|[0, 4, 3, 0, 1, 1, 2, 4, 1, 1, 2, 4, 1, 4, 1, 1, 1, 2, 2, 2, 2, 1, 1, 1, 2, 3, 2, 3, 0, 4, 1, 0, 3, 2, 2, 2, 1, 1, 1, 0, 2, 0, 1, 2, 1, 3, 1, 4, 2, 0, 3, 2, 1, 2, 1, 1, 4, 1, 1, 1, 2, 3, 0, 2, 4, 3, 1, 4, 1, 1, 1, 4, 4, 2, 1, 1, 1, 2, 1, 3, 0, 1, 1, 1, 1, 3, 1, 1, 1, 4, 3, 1, 1, 1, 2, 2, 2, 2, 1, 1]|[3, 0, 2, 3, 0, 0, 1, 0, 0, 0, 1, 0, 0, 3, 0, 0, 1, 1, 1, 2, 1, 0, 0, 0, 0, 0, 0, 0, 0, 3, 1, 0, 2, 1, 1, 1, 0, 0, 0, 0, 1, 1, 0, 0, 0, 0, 1, 3, 2, 0, 0, 1, 0, 1, 0, 0, 2, 0, 0, 0, 1, 2, 1, 1, 0, 0, 1, 1, 3, 3, 0, 3, 3, 1, 0, 0, 0, 1, 0, 0, 0, 0, 0, 1, 2, 2, 0, 0, 0, 0, 2, 0, 1, 1, 0, 0, 0, 0, 0, 0],705.0470749739228,58445.79123614564,95781.2895945797,false
43,G4_BALANCED,G4_BALANCED,[31, 22, 26, 15, 82, 99, 95, 42, 77, 12, 47, 5, 93, 78, 86, 54, 21, 63, 18, 44, 20, 35, 43, 97, 91, 76, 10, 30, 85, 45, 71, 64, 1, 23, 57, 83, 24, 14, 60, 36, 6, 17, 40, 88, 65, 56, 79, 94, 67, 68, 46, 75, 38, 9, 19, 32, 41, 81, 27, 87, 90, 58, 59, 11, 16, 72, 73, 70, 39, 37, 84, 3, 92, 25, 62, 55, 28, 29, 51, 7, 33, 61, 98, 48, 89, 50, 4, 34, 53, 80, 8, 66, 96, 49, 52, 0, 74, 69, 2, 13]|[1, 1, 0, 1, 1, 0, 1, 1, 2, 1, 2, 2, 2, 1, 1, 0, 0, 1, 0, 2, 2, 0, 1, 2, 0, 1, 2, 2, 0, 0, 1, 2, 1, 2, 1, 0, 2, 0, 1, 1, 0, 1, 1, 1, 0, 2, 1, 1, 0, 0, 0, 0, 1, 1, 2, 1, 0, 2, 0, 2, 1, 0, 1, 2, 1, 2, 1, 1, 1, 1, 1, 1, 0, 1, 0, 2, 0, 0, 2, 1, 2, 1, 2, 0, 1, 0, 1, 2, 0, 0, 1, 2, 2, 0, 1, 0, 2, 1, 0, 0]|[0, 3, 2, 2, 4, 1, 2, 3, 2, 4, 1, 1, 2, 4, 4, 1, 1, 4, 2, 1, 1, 1, 1, 2, 1, 2, 1, 1, 2, 1, 3, 2, 3, 1, 2, 0, 1, 1, 0, 3, 2, 4, 2, 0, 1, 1, 0, 4, 0, 1, 2, 2, 1, 4, 0, 3, 1, 1, 1, 1, 3, 1, 1, 1, 3, 0, 4, 3, 1, 4, 1, 1, 0, 4, 2, 1, 2, 1, 2, 1, 1, 3, 1, 1, 1, 1, 4, 1, 2, 1, 3, 1, 1, 1, 1, 2, 1, 4, 2, 2]|[0, 2, 1, 1, 3, 0, 1, 3, 0, 0, 0, 0, 1, 0, 1, 0, 0, 3, 1, 0, 0, 0, 3, 1, 0, 2, 0, 0, 0, 1, 0, 0, 0, 0, 1, 0, 1, 0, 0, 2, 1, 3, 1, 0, 0, 0, 0, 2, 1, 0, 0, 0, 1, 3, 0, 0, 0, 0, 0, 0, 2, 0, 1, 0, 2, 1, 0, 0, 1, 1, 3, 1, 1, 3, 1, 0, 1, 0, 1, 2, 0, 0, 0, 0, 1, 0, 0, 0, 1, 0, 2, 0, 0, 1, 1, 0, 0, 2, 0, 0],719.9713831019282,57349.30822281929,93068.63967491605,false
43,G2_TEC,G2_TEC,[31, 22, 82, 15, 26, 9, 95, 42, 77, 68, 47, 5, 93, 78, 86, 54, 85, 63, 18, 44, 20, 49, 36, 14, 74, 50, 53, 17, 21, 28, 11, 64, 3, 23, 30, 83, 24, 41, 40, 52, 65, 27, 90, 70, 39, 87, 48, 69, 99, 4, 75, 1, 13, 58, 97, 59, 45, 8, 73, 37, 35, 79, 71, 66, 76, 32, 60, 80, 56, 6, 67, 61, 33, 7, 57, 34, 12, 16, 10, 94, 96, 88, 43, 81, 91, 2, 84, 29, 92, 19, 51, 55, 46, 89, 25, 72, 98, 38, 0, 62]|[2, 1, 2, 1, 1, 2, 1, 1, 1, 1, 1, 0, 2, 2, 1, 2, 0, 0, 0, 2, 2, 1, 0, 2, 0, 2, 2, 1, 0, 1, 1, 1, 0, 0, 1, 0, 2, 1, 2, 2, 0, 0, 1, 1, 0, 2, 0, 2, 1, 0, 0, 2, 0, 0, 2, 0, 1, 1, 0, 0, 2, 1, 1, 2, 2, 0, 2, 2, 2, 1, 2, 1, 1, 2, 0, 1, 1, 2, 1, 2, 0, 1, 1, 1, 1, 0, 0, 1, 0, 1, 1, 0, 0, 1, 1, 1, 2, 0, 2, 1]|[0, 3, 0, 3, 4, 1, 4, 4, 2, 4, 3, 2, 1, 0, 2, 1, 1, 1, 2, 1, 1, 3, 0, 1, 0, 1, 1, 4, 1, 4, 3, 2, 2, 0, 4, 1, 1, 4, 1, 1, 2, 1, 4, 4, 1, 1, 0, 1, 3, 2, 2, 1, 2, 1, 1, 2, 4, 3, 0, 2, 2, 3, 3, 1, 1, 2, 1, 1, 1, 4, 1, 3, 4, 1, 2, 4, 3, 1, 3, 1, 2, 4, 4, 4, 3, 2, 2, 3, 2, 4, 3, 2, 2, 4, 4, 4, 1, 2, 1, 3]|[0, 2, 0, 0, 3, 0, 1, 3, 0, 0, 2, 0, 1, 0, 1, 0, 0, 0, 1, 0, 0, 2, 0, 0, 1, 0, 0, 3, 0, 1, 0, 2, 0, 0, 3, 0, 1, 1, 0, 0, 0, 0, 1, 3, 0, 0, 1, 0, 2, 0, 0, 0, 0, 0, 1, 0, 1, 0, 1, 1, 0, 2, 0, 0, 0, 0, 0, 0, 0, 2, 0, 0, 1, 0, 0, 1, 0, 0, 3, 0, 0, 1, 2, 2, 0, 0, 0, 3, 0, 1, 0, 0, 0, 1, 3, 1, 0, 0, 0, 0],900.0760482104305,49106.971003161474,106617.18334121045,false
43,G3_TWC,G3_TWC,[31, 22, 82, 15, 26, 58, 95, 42, 77, 12, 47, 5, 93, 78, 98, 54, 85, 63, 18, 44, 20, 35, 43, 97, 91, 76, 10, 30, 21, 45, 71, 64, 1, 23, 17, 83, 24, 14, 60, 36, 6, 57, 94, 88, 65, 56, 79, 40, 67, 68, 46, 75, 39, 9, 19, 32, 81, 96, 27, 62, 87, 90, 99, 59, 11, 16, 72, 73, 70, 38, 37, 84, 3, 92, 25, 55, 28, 29, 51, 7, 33, 61, 86, 48, 89, 50, 69, 41, 53, 80, 4, 8, 34, 49, 52, 0, 13, 74, 2, 66]|[1, 1, 0, 1, 1, 1, 2, 1, 2, 1, 2, 2, 2, 1, 1, 0, 0, 1, 0, 2, 2, 0, 1, 2, 0, 1, 2, 2, 0, 0, 1, 2, 1, 2, 1, 0, 2, 0, 1, 1, 0, 1, 1, 1, 0, 2, 1, 1, 0, 0, 0, 0, 1, 1, 2, 1, 2, 0, 0, 0, 2, 1, 0, 1, 2, 1, 2, 1, 1, 1, 1, 1, 2, 0, 1, 1, 0, 0, 0, 1, 2, 1, 0, 0, 1, 0, 2, 0, 0, 0, 0, 1, 2, 0, 1, 0, 0, 0, 0, 2]|[4, 3, 2, 2, 0, 0, 2, 2, 2, 4, 1, 1, 2, 4, 4, 1, 1, 4, 2, 1, 1, 1, 1, 2, 1, 2, 1, 1, 1, 1, 3, 2, 3, 0, 4, 0, 1, 1, 0, 3, 2, 2, 4, 0, 1, 1, 0, 2, 0, 1, 2, 2, 1, 4, 0, 3, 2, 1, 1, 2, 1, 3, 1, 1, 1, 3, 0, 4, 3, 1, 4, 1, 1, 2, 4, 4, 2, 1, 1, 3, 1, 3, 1, 1, 1, 1, 1, 1, 2, 1, 2, 3, 1, 1, 1, 2, 2, 2, 2, 1]|[0, 2, 1, 1, 3, 3, 0, 1, 0, 0, 0, 0, 1, 0, 1, 0, 0, 3, 1, 0, 0, 0, 3, 1, 0, 2, 0, 0, 0, 1, 0, 0, 0, 0, 3, 0, 1, 0, 0, 2, 1, 1, 2, 0, 0, 0, 0, 1, 1, 0, 0, 0, 1, 3, 0, 0, 1, 0, 0, 1, 0, 2, 0, 1, 0, 2, 1, 0, 0, 1, 1, 3, 0, 1, 3, 3, 1, 0, 0, 2, 0, 0, 0, 0, 1, 0, 0, 0, 1, 0, 1, 2, 0, 1, 1, 0, 0, 0, 0, 0],833.2154215640596,57825.44465227681,88905.52377856613,false
43,G1_CMAX,G1_CMAX,[31, 22, 90, 26, 58, 95, 42, 12, 93, 5, 78, 86, 98, 18, 20, 35, 3, 97, 91, 76, 10, 85, 54, 45, 63, 71, 66, 1, 23, 17, 24, 60, 36, 6, 57, 15, 65, 56, 47, 79, 94, 67, 50, 46, 14, 75, 38, 9, 30, 19, 32, 81, 27, 92, 83, 87, 40, 99, 59, 11, 53, 16, 72, 77, 73, 70, 39, 37, 84, 43, 62, 25, 55, 28, 29, 51, 68, 82, 74, 61, 88, 21, 80, 89, 7, 69, 96, 41, 48, 4, 8, 34, 49, 52, 0, 44, 13, 2, 64, 33]|[1, 1, 1, 1, 0, 2, 1, 1, 2, 2, 2, 1, 0, 1, 2, 2, 1, 2, 0, 1, 2, 2, 2, 0, 0, 1, 2, 1, 2, 1, 2, 1, 1, 0, 1, 1, 0, 2, 2, 1, 1, 0, 0, 0, 0, 1, 1, 1, 1, 2, 1, 2, 2, 0, 0, 2, 1, 0, 0, 2, 0, 1, 2, 2, 1, 1, 1, 1, 1, 1, 0, 1, 1, 0, 0, 0, 0, 0, 2, 1, 1, 0, 0, 1, 1, 1, 2, 2, 0, 1, 1, 2, 0, 1, 0, 0, 0, 0, 2, 2]|[0, 4, 3, 0, 1, 1, 2, 4, 1, 1, 2, 4, 1, 4, 1, 1, 1, 2, 2, 2, 2, 1, 1, 1, 2, 3, 2, 3, 0, 4, 1, 0, 3, 2, 2, 2, 1, 1, 1, 0, 2, 0, 1, 2, 1, 3, 1, 4, 2, 0, 3, 2, 1, 2, 1, 1, 4, 1, 1, 1, 2, 3, 0, 2, 4, 3, 1, 4, 1, 1, 1, 4, 4, 2, 1, 1, 1, 2, 1, 3, 0, 1, 1, 1, 1, 3, 1, 1, 1, 4, 3, 1, 1, 1, 2, 2, 2, 2, 1, 1]|[3, 0, 2, 3, 0, 0, 1, 0, 0, 0, 1, 0, 0, 3, 0, 0, 1, 1, 1, 2, 1, 0, 0, 0, 0, 0, 0, 0, 0, 3, 1, 0, 2, 1, 1, 1, 0, 0, 0, 0, 1, 1, 0, 0, 0, 0, 1, 3, 2, 0, 0, 1, 0, 1, 0, 0, 2, 0, 0, 0, 1, 2, 1, 1, 0, 0, 1, 1, 3, 3, 0, 3, 3, 1, 0, 0, 0, 1, 0, 0, 0, 0, 0, 1, 2, 2, 0, 0, 0, 0, 2, 0, 1, 1, 0, 0, 0, 0, 0, 0],705.0470749739228,58445.79123614564,95781.2895945797,false
43,G4_BALANCED,G2_TEC,[31, 22, 82, 15, 26, 9, 95, 42, 77, 68, 47, 5, 93, 78, 86, 54, 85, 63, 18, 44, 20, 49, 36, 14, 74, 50, 53, 17, 21, 28, 11, 64, 3, 23, 30, 83, 24, 41, 40, 52, 65, 27, 90, 70, 39, 87, 48, 69, 99, 4, 75, 1, 13, 58, 97, 59, 45, 8, 73, 37, 35, 79, 71, 66, 76, 32, 60, 80, 56, 6, 67, 61, 33, 7, 57, 34, 12, 16, 10, 98, 96, 88, 43, 46, 91, 38, 84, 92, 29, 19, 51, 55, 81, 89, 25, 72, 94, 2, 62, 0]|[2, 1, 2, 1, 1, 2, 1, 1, 1, 1, 1, 0, 2, 2, 1, 2, 0, 0, 0, 2, 2, 1, 0, 2, 0, 2, 2, 1, 0, 1, 1, 1, 0, 0, 1, 0, 2, 1, 2, 2, 0, 0, 1, 1, 0, 2, 0, 2, 1, 0, 0, 2, 0, 0, 2, 0, 1, 1, 0, 0, 2, 1, 1, 2, 2, 0, 2, 2, 0, 1, 2, 1, 1, 2, 0, 1, 1, 2, 1, 2, 0, 1, 1, 0, 1, 0, 0, 0, 1, 1, 1, 0, 1, 1, 1, 1, 2, 2, 1, 0]|[0, 3, 0, 3, 4, 1, 4, 4, 2, 4, 3, 2, 1, 0, 2, 1, 1, 1, 2, 1, 1, 3, 0, 1, 0, 1, 1, 4, 1, 4, 3, 2, 2, 0, 4, 1, 1, 4, 1, 1, 2, 1, 4, 4, 1, 1, 0, 2, 3, 2, 2, 1, 2, 1, 1, 2, 4, 3, 0, 2, 2, 3, 3, 1, 1, 2, 1, 1, 2, 4, 1, 3, 4, 1, 2, 4, 3, 1, 3, 1, 2, 4, 4, 2, 3, 2, 2, 2, 3, 4, 3, 2, 4, 4, 4, 4, 1, 1, 3, 2]|[0, 2, 0, 0, 3, 0, 1, 3, 0, 0, 2, 0, 1, 0, 1, 0, 0, 0, 1, 0, 0, 2, 0, 0, 1, 0, 0, 3, 0, 1, 0, 2, 0, 0, 3, 0, 1, 1, 0, 0, 0, 0, 1, 3, 0, 0, 1, 0, 2, 0, 0, 0, 0, 1, 1, 0, 1, 0, 1, 1, 0, 2, 0, 0, 0, 0, 0, 0, 0, 2, 0, 0, 1, 0, 0, 1, 0, 0, 3, 0, 0, 1, 2, 0, 0, 0, 0, 0, 3, 1, 0, 0, 2, 1, 3, 1, 0, 0, 0, 0],885.6123526659268,49549.8041401863,105205.43819517635,true
43,G2_TEC,G2_TEC,[31, 22, 82, 15, 26, 9, 95, 42, 77, 68, 47, 5, 93, 78, 86, 54, 85, 63, 18, 44, 20, 49, 36, 14, 74, 50, 53, 17, 21, 28, 11, 64, 3, 23, 30, 83, 24, 41, 40, 52, 65, 27, 90, 70, 39, 87, 48, 69, 99, 4, 75, 1, 13, 58, 97, 59, 45, 8, 73, 37, 35, 79, 71, 66, 76, 32, 60, 80, 56, 6, 67, 61, 33, 7, 57, 34, 12, 16, 10, 94, 96, 88, 43, 81, 91, 2, 84, 29, 92, 19, 51, 55, 46, 89, 25, 72, 98, 38, 0, 62]|[2, 1, 2, 1, 1, 2, 1, 1, 1, 1, 1, 0, 2, 2, 1, 2, 0, 0, 0, 2, 2, 1, 0, 2, 0, 2, 2, 1, 0, 1, 1, 1, 0, 0, 1, 0, 2, 1, 2, 2, 0, 0, 1, 1, 0, 2, 0, 2, 1, 0, 0, 2, 0, 0, 2, 0, 1, 1, 0, 0, 2, 1, 1, 2, 2, 0, 2, 2, 2, 1, 2, 1, 1, 2, 0, 1, 1, 2, 1, 2, 0, 1, 1, 1, 1, 0, 0, 1, 0, 1, 1, 0, 0, 1, 1, 1, 2, 0, 2, 1]|[0, 3, 0, 3, 4, 1, 4, 4, 2, 4, 3, 2, 1, 0, 2, 1, 1, 1, 2, 1, 1, 3, 0, 1, 0, 1, 1, 4, 1, 4, 3, 2, 2, 0, 4, 1, 1, 4, 1, 1, 2, 1, 4, 4, 1, 1, 0, 1, 3, 2, 2, 1, 2, 1, 1, 2, 4, 3, 0, 2, 2, 3, 3, 1, 1, 2, 1, 1, 1, 4, 1, 3, 4, 1, 2, 4, 3, 1, 3, 1, 2, 4, 4, 4, 3, 2, 2, 3, 2, 4, 3, 2, 2, 4, 4, 4, 1, 2, 1, 3]|[0, 2, 0, 0, 3, 0, 1, 3, 0, 0, 2, 0, 1, 0, 1, 0, 0, 0, 1, 0, 0, 2, 0, 0, 1, 0, 0, 3, 0, 1, 0, 2, 0, 0, 3, 0, 1, 1, 0, 0, 0, 0, 1, 3, 0, 0, 1, 0, 2, 0, 0, 0, 0, 0, 1, 0, 1, 0, 1, 1, 0, 2, 0, 0, 0, 0, 0, 0, 0, 2, 0, 0, 1, 0, 0, 1, 0, 0, 3, 0, 0, 1, 2, 2, 0, 0, 0, 3, 0, 1, 0, 0, 0, 1, 3, 1, 0, 0, 0, 0],900.0760482104305,49106.971003161474,106617.18334121045,false
43,G3_TWC,G3_TWC,[31, 22, 82, 15, 26, 58, 95, 42, 77, 12, 47, 5, 93, 78, 98, 54, 85, 63, 18, 44, 20, 35, 43, 86, 91, 76, 10, 30, 21, 45, 71, 64, 1, 23, 17, 83, 24, 14, 60, 36, 6, 57, 94, 88, 65, 56, 79, 40, 67, 68, 46, 75, 38, 9, 19, 32, 81, 41, 27, 62, 87, 90, 99, 59, 11, 16, 72, 73, 70, 39, 37, 84, 3, 92, 25, 55, 28, 29, 51, 7, 33, 61, 97, 66, 89, 50, 48, 96, 53, 80, 8, 4, 34, 49, 52, 2, 13, 0, 69, 74]|[1, 1, 0, 1, 1, 1, 2, 1, 2, 1, 2, 2, 2, 1, 1, 0, 0, 1, 0, 2, 2, 0, 1, 2, 0, 1, 2, 2, 0, 0, 1, 2, 1, 2, 1, 0, 2, 0, 1, 1, 0, 1, 1, 1, 0, 2, 1, 1, 0, 0, 0, 0, 1, 1, 2, 1, 2, 0, 0, 0, 2, 1, 0, 1, 2, 1, 2, 1, 1, 1, 1, 1, 2, 0, 1, 1, 0, 0, 0, 1, 2, 1, 2, 2, 1, 0, 0, 0, 0, 0, 1, 0, 2, 0, 1, 0, 0, 0, 1, 2]|[4, 3, 2, 2, 0, 0, 2, 2, 2, 4, 1, 1, 2, 4, 4, 1, 1, 4, 2, 1, 1, 1, 1, 2, 1, 2, 1, 1, 1, 1, 3, 2, 3, 0, 4, 0, 1, 1, 0, 3, 2, 2, 4, 0, 1, 1, 0, 2, 0, 1, 2, 2, 1, 4, 0, 3, 2, 1, 1, 2, 1, 3, 1, 1, 1, 3, 0, 4, 3, 1, 4, 1, 1, 2, 4, 4, 2, 1, 1, 3, 1, 3, 2, 1, 1, 1, 1, 1, 2, 1, 3, 2, 1, 1, 1, 2, 2, 2, 3, 1]|[0, 2, 1, 1, 3, 3, 0, 1, 0, 0, 0, 0, 1, 0, 1, 0, 0, 3, 1, 0, 0, 0, 3, 1, 0, 2, 0, 0, 0, 1, 0, 0, 0, 0, 3, 0, 1, 0, 0, 2, 1, 1, 2, 0, 0, 0, 0, 1, 1, 0, 0, 0, 1, 3, 0, 0, 1, 0, 0, 1, 0, 2, 0, 1, 0, 2, 1, 0, 0, 1, 1, 3, 0, 1, 3, 3, 1, 0, 0, 2, 0, 0, 1, 0, 1, 0, 0, 0, 1, 0, 2, 1, 0, 1, 1, 0, 0, 0, 0, 0],769.3675528023551,58442.12874530247,89320.05883222428,false
43,G1_CMAX,G1_CMAX,[31, 22, 90, 26, 58, 95, 42, 12, 93, 5, 78, 86, 98, 18, 20, 35, 3, 97, 91, 76, 10, 85, 54, 45, 63, 71, 66, 1, 23, 17, 24, 60, 36, 6, 57, 15, 65, 56, 47, 79, 94, 67, 50, 46, 14, 75, 38, 9, 30, 19, 32, 81, 27, 92, 83, 87, 40, 99, 59, 11, 53, 16, 72, 77, 73, 70, 39, 37, 84, 43, 62, 25, 55, 28, 29, 51, 68, 82, 74, 61, 88, 21, 80, 89, 7, 69, 96, 41, 48, 4, 8, 34, 49, 52, 0, 44, 13, 2, 64, 33]|[1, 1, 1, 1, 0, 2, 1, 1, 2, 2, 2, 1, 0, 1, 2, 2, 1, 2, 0, 1, 2, 2, 2, 0, 0, 1, 2, 1, 2, 1, 2, 1, 1, 0, 1, 1, 0, 2, 2, 1, 1, 0, 0, 0, 0, 1, 1, 1, 1, 2, 1, 2, 2, 0, 0, 2, 1, 0, 0, 2, 0, 1, 2, 2, 1, 1, 1, 1, 1, 1, 0, 1, 1, 0, 0, 0, 0, 0, 2, 1, 1, 0, 0, 1, 1, 1, 2, 2, 0, 1, 1, 2, 0, 1, 0, 0, 0, 0, 2, 2]|[0, 4, 3, 0, 1, 1, 2, 4, 1, 1, 2, 4, 1, 4, 1, 1, 1, 2, 2, 2, 2, 1, 1, 1, 2, 3, 2, 3, 0, 4, 1, 0, 3, 2, 2, 2, 1, 1, 1, 0, 2, 0, 1, 2, 1, 3, 1, 4, 2, 0, 3, 2, 1, 2, 1, 1, 4, 1, 1, 1, 2, 3, 0, 2, 4, 3, 1, 4, 1, 1, 1, 4, 4, 2, 1, 1, 1, 2, 1, 3, 0, 1, 1, 1, 1, 3, 1, 1, 1, 4, 3, 1, 1, 1, 2, 2, 2, 2, 1, 1]|[3, 0, 2, 3, 0, 0, 1, 0, 0, 0, 1, 0, 0, 3, 0, 0, 1, 1, 1, 2, 1, 0, 0, 0, 0, 0, 0, 0, 0, 3, 1, 0, 2, 1, 1, 1, 0, 0, 0, 0, 1, 1, 0, 0, 0, 0, 1, 3, 2, 0, 0, 1, 0, 1, 0, 0, 2, 0, 0, 0, 1, 2, 1, 1, 0, 0, 1, 1, 3, 3, 0, 3, 3, 1, 0, 0, 0, 1, 0, 0, 0, 0, 0, 1, 2, 2, 0, 0, 0, 0, 2, 0, 1, 1, 0, 0, 0, 0, 0, 0],705.0470749739228,58445.79123614564,95781.2895945797,false
43,G4_BALANCED,G1_CMAX,[22, 82, 3, 58, 95, 42, 77, 47, 5, 93, 78, 12, 86, 54, 50, 63, 18, 44, 20, 35, 43, 97, 91, 76, 10, 30, 21, 45, 71, 64, 36, 23, 17, 83, 24, 14, 60, 1, 6, 40, 57, 90, 65, 56, 79, 94, 67, 68, 46, 75, 38, 9, 19, 32, 81, 41, 27, 62, 16, 55, 59, 89, 88, 87, 31, 72, 73, 70, 39, 37, 84, 92, 25, 11, 48, 15, 29, 51, 7, 33, 61, 98, 28, 99, 26, 85, 66, 96, 53, 80, 4, 8, 34, 49, 52, 2, 13, 0, 69, 74]|[1, 0, 1, 0, 1, 2, 2, 2, 2, 2, 1, 1, 1, 0, 0, 1, 0, 2, 2, 0, 1, 2, 0, 1, 2, 2, 0, 0, 1, 2, 1, 2, 1, 0, 2, 0, 1, 1, 0, 1, 1, 1, 0, 2, 1, 1, 0, 0, 0, 0, 1, 1, 2, 1, 2, 0, 0, 0, 1, 2, 1, 1, 1, 1, 1, 2, 1, 2, 1, 1, 1, 0, 1, 2, 2, 1, 0, 0, 1, 2, 1, 2, 0, 1, 1, 0, 0, 2, 0, 0, 1, 1, 2, 0, 1, 0, 0, 0, 1, 2]|[3, 2, 1, 1, 2, 1, 2, 1, 1, 2, 4, 4, 4, 1, 1, 4, 2, 1, 1, 1, 1, 2, 1, 2, 1, 1, 2, 1, 3, 2, 3, 1, 4, 1, 1, 1, 0, 3, 2, 2, 2, 3, 1, 1, 0, 4, 0, 1, 2, 2, 1, 4, 0, 3, 2, 1, 1, 2, 3, 1, 1, 1, 0, 3, 0, 0, 3, 0, 1, 4, 1, 0, 4, 1, 1, 4, 1, 1, 1, 1, 3, 1, 2, 1, 0, 2, 1, 1, 2, 1, 4, 3, 1, 1, 1, 2, 2, 2, 4, 1]|[3, 1, 2, 0, 1, 0, 0, 0, 0, 1, 0, 0, 1, 0, 0, 3, 1, 0, 0, 0, 3, 1, 0, 2, 0, 0, 0, 1, 0, 0, 2, 0, 3, 0, 1, 0, 0, 0, 1, 1, 1, 2, 0, 0, 0, 2, 1, 0, 0, 0, 1, 3, 0, 0, 1, 0, 0, 1, 2, 0, 1, 1, 0, 2, 0, 1, 0, 1, 1, 1, 1, 1, 3, 0, 0, 3, 0, 0, 2, 0, 0, 0, 1, 1, 3, 0, 0, 0, 1, 0, 0, 2, 0, 1, 1, 0, 0, 0, 2, 0],715.7913946700162,58060.95961022334,95287.06515100288,true
43,G2_TEC,G2_TEC,[31, 22, 82, 15, 26, 9, 95, 42, 77, 68, 47, 5, 93, 78, 86, 54, 85, 63, 18, 44, 20, 49, 36, 14, 74, 50, 53, 17, 21, 28, 11, 64, 3, 23, 30, 83, 24, 41, 40, 52, 65, 27, 90, 70, 39, 87, 48, 69, 99, 4, 75, 1, 13, 58, 97, 59, 45, 8, 73, 37, 35, 79, 71, 66, 76, 32, 60, 80, 56, 6, 67, 61, 33, 7, 57, 34, 12, 16, 10, 94, 96, 88, 43, 81, 91, 2, 84, 29, 92, 19, 51, 55, 46, 89, 25, 72, 98, 38, 0, 62]|[2, 1, 2, 1, 1, 2, 1, 1, 1, 1, 1, 0, 2, 2, 1, 2, 0, 0, 0, 2, 2, 1, 0, 2, 0, 2, 2, 1, 0, 1, 1, 1, 0, 0, 1, 0, 2, 1, 2, 2, 0, 0, 1, 1, 0, 2, 0, 2, 1, 0, 0, 2, 0, 0, 2, 0, 1, 1, 0, 0, 2, 1, 1, 2, 2, 0, 2, 2, 2, 1, 2, 1, 1, 2, 0, 1, 1, 2, 1, 2, 0, 1, 1, 1, 1, 0, 0, 1, 0, 1, 1, 0, 0, 1, 1, 1, 2, 0, 2, 1]|[0, 3, 0, 3, 4, 1, 4, 4, 2, 4, 3, 2, 1, 0, 2, 1, 1, 1, 2, 1, 1, 3, 0, 1, 0, 1, 1, 4, 1, 4, 3, 2, 2, 0, 4, 1, 1, 4, 1, 1, 2, 1, 4, 4, 1, 1, 0, 1, 3, 2, 2, 1, 2, 1, 1, 2, 4, 3, 0, 2, 2, 3, 3, 1, 1, 2, 1, 1, 1, 4, 1, 3, 4, 1, 2, 4, 3, 1, 3, 1, 2, 4, 4, 4, 3, 2, 2, 3, 2, 4, 3, 2, 2, 4, 4, 4, 1, 2, 1, 3]|[0, 2, 0, 0, 3, 0, 1, 3, 0, 0, 2, 0, 1, 0, 1, 0, 0, 0, 1, 0, 0, 2, 0, 0, 1, 0, 0, 3, 0, 1, 0, 2, 0, 0, 3, 0, 1, 1, 0, 0, 0, 0, 1, 3, 0, 0, 1, 0, 2, 0, 0, 0, 0, 0, 1, 0, 1, 0, 1, 1, 0, 2, 0, 0, 0, 0, 0, 0, 0, 2, 0, 0, 1, 0, 0, 1, 0, 0, 3, 0, 0, 1, 2, 2, 0, 0, 0, 3, 0, 1, 0, 0, 0, 1, 3, 1, 0, 0, 0, 0],900.0760482104305,49106.971003161474,106617.18334121045,false
43,G3_TWC,G3_TWC,[31, 22, 82, 15, 26, 58, 95, 42, 77, 12, 47, 5, 93, 78, 98, 54, 85, 63, 18, 44, 20, 35, 43, 86, 91, 76, 10, 30, 21, 45, 71, 64, 1, 23, 17, 83, 24, 14, 60, 36, 6, 57, 94, 88, 65, 56, 79, 40, 67, 68, 46, 75, 38, 9, 19, 32, 81, 41, 27, 62, 87, 90, 99, 59, 11, 16, 72, 73, 70, 39, 37, 84, 3, 92, 25, 55, 28, 29, 51, 7, 33, 61, 97, 66, 89, 50, 48, 96, 53, 80, 8, 4, 34, 49, 52, 2, 13, 0, 69, 74]|[1, 1, 0, 1, 1, 1, 2, 1, 2, 1, 2, 2, 2, 1, 1, 0, 0, 1, 0, 2, 2, 0, 1, 2, 0, 1, 2, 2, 0, 0, 1, 2, 1, 2, 1, 0, 2, 0, 1, 1, 0, 1, 1, 1, 0, 2, 1, 1, 0, 0, 0, 0, 1, 1, 2, 1, 2, 0, 0, 0, 2, 1, 0, 1, 2, 1, 2, 1, 1, 1, 1, 1, 2, 0, 1, 1, 0, 0, 0, 1, 2, 1, 2, 2, 1, 0, 0, 0, 0, 0, 1, 0, 2, 0, 1, 0, 0, 0, 1, 2]|[4, 3, 2, 2, 0, 0, 2, 2, 2, 4, 1, 1, 2, 4, 4, 1, 1, 4, 2, 1, 1, 1, 1, 2, 1, 2, 1, 1, 1, 1, 3, 2, 3, 0, 4, 0, 1, 1, 0, 3, 2, 2, 4, 0, 1, 1, 0, 2, 0, 1, 2, 2, 1, 4, 0, 3, 2, 1, 1, 2, 1, 3, 1, 1, 1, 3, 0, 4, 3, 1, 4, 1, 1, 2, 4, 4, 2, 1, 1, 3, 1, 3, 2, 1, 1, 1, 1, 1, 2, 1, 3, 2, 1, 1, 1, 2, 2, 2, 3, 1]|[0, 2, 1, 1, 3, 3, 0, 1, 0, 0, 0, 0, 1, 0, 1, 0, 0, 3, 1, 0, 0, 0, 3, 1, 0, 2, 0, 0, 0, 1, 0, 0, 0, 0, 3, 0, 1, 0, 0, 2, 1, 1, 2, 0, 0, 0, 0, 1, 1, 0, 0, 0, 1, 3, 0, 0, 1, 0, 0, 1, 0, 2, 0, 1, 0, 2, 1, 0, 0, 1, 1, 3, 0, 1, 3, 3, 1, 0, 0, 2, 0, 0, 1, 0, 1, 0, 0, 0, 1, 0, 2, 1, 0, 1, 1, 0, 0, 0, 0, 0],769.3675528023551,58442.12874530247,89320.05883222428,false
43,G1_CMAX,G1_CMAX,[31, 22, 90, 26, 58, 95, 42, 12, 93, 5, 78, 86, 98, 18, 20, 35, 3, 97, 91, 76, 10, 85, 54, 45, 63, 71, 66, 1, 23, 17, 24, 60, 36, 6, 57, 15, 65, 56, 47, 79, 94, 67, 50, 46, 14, 75, 38, 9, 30, 19, 32, 81, 27, 92, 83, 87, 40, 99, 59, 11, 53, 16, 72, 77, 73, 70, 39, 37, 84, 43, 62, 25, 55, 28, 29, 51, 68, 82, 74, 61, 88, 21, 80, 89, 7, 69, 96, 41, 48, 4, 8, 34, 49, 52, 0, 44, 13, 2, 64, 33]|[1, 1, 1, 1, 0, 2, 1, 1, 2, 2, 2, 1, 0, 1, 2, 2, 1, 2, 0, 1, 2, 2, 2, 0, 0, 1, 2, 1, 2, 1, 2, 1, 1, 0, 1, 1, 0, 2, 2, 1, 1, 0, 0, 0, 0, 1, 1, 1, 1, 2, 1, 2, 2, 0, 0, 2, 1, 0, 0, 2, 0, 1, 2, 2, 1, 1, 1, 1, 1, 1, 0, 1, 1, 0, 0, 0, 0, 0, 2, 1, 1, 0, 0, 1, 1, 1, 2, 2, 0, 1, 1, 2, 0, 1, 0, 0, 0, 0, 2, 2]|[0, 4, 3, 0, 1, 1, 2, 4, 1, 1, 2, 4, 1, 4, 1, 1, 1, 2, 2, 2, 2, 1, 1, 1, 2, 3, 2, 3, 0, 4, 1, 0, 3, 2, 2, 2, 1, 1, 1, 0, 2, 0, 1, 2, 1, 3, 1, 4, 2, 0, 3, 2, 1, 2, 1, 1, 4, 1, 1, 1, 2, 3, 0, 2, 4, 3, 1, 4, 1, 1, 1, 4, 4, 2, 1, 1, 1, 2, 1, 3, 0, 1, 1, 1, 1, 3, 1, 1, 1, 4, 3, 1, 1, 1, 2, 2, 2, 2, 1, 1]|[3, 0, 2, 3, 0, 0, 1, 0, 0, 0, 1, 0, 0, 3, 0, 0, 1, 1, 1, 2, 1, 0, 0, 0, 0, 0, 0, 0, 0, 3, 1, 0, 2, 1, 1, 1, 0, 0, 0, 0, 1, 1, 0, 0, 0, 0, 1, 3, 2, 0, 0, 1, 0, 1, 0, 0, 2, 0, 0, 0, 1, 2, 1, 1, 0, 0, 1, 1, 3, 3, 0, 3, 3, 1, 0, 0, 0, 1, 0, 0, 0, 0, 0, 1, 2, 2, 0, 0, 0, 0, 2, 0, 1, 1, 0, 0, 0, 0, 0, 0],705.0470749739228,58445.79123614564,95781.2895945797,false
43,G4_BALANCED,G1_CMAX,[22, 82, 3, 58, 95, 42, 77, 47, 5, 93, 78, 12, 86, 54, 50, 63, 18, 44, 20, 35, 43, 97, 91, 76, 10, 30, 21, 45, 71, 64, 36, 23, 17, 83, 24, 14, 60, 1, 6, 40, 57, 90, 65, 56, 79, 94, 67, 68, 46, 75, 38, 9, 19, 32, 81, 41, 27, 62, 16, 55, 59, 89, 88, 87, 31, 72, 73, 70, 39, 37, 84, 92, 25, 11, 48, 15, 29, 51, 7, 33, 61, 98, 28, 99, 26, 85, 66, 96, 53, 80, 4, 8, 34, 49, 52, 2, 13, 0, 69, 74]|[1, 0, 1, 0, 1, 2, 2, 2, 2, 2, 1, 1, 1, 0, 0, 1, 0, 2, 2, 0, 1, 2, 0, 1, 2, 2, 0, 0, 1, 2, 1, 2, 1, 0, 2, 0, 1, 1, 0, 1, 1, 1, 0, 2, 1, 1, 0, 0, 0, 0, 1, 1, 2, 1, 2, 0, 0, 0, 1, 2, 1, 1, 1, 1, 1, 2, 1, 2, 1, 1, 1, 0, 1, 2, 2, 1, 0, 0, 1, 2, 1, 2, 0, 1, 1, 0, 0, 2, 0, 0, 1, 1, 2, 0, 1, 0, 0, 0, 1, 2]|[3, 2, 1, 1, 2, 1, 2, 1, 1, 2, 4, 4, 4, 1, 1, 4, 2, 1, 1, 1, 1, 2, 1, 2, 1, 1, 2, 1, 3, 2, 3, 1, 4, 1, 1, 1, 0, 3, 2, 2, 2, 3, 1, 1, 0, 4, 0, 1, 2, 2, 1, 4, 0, 3, 2, 1, 1, 2, 3, 1, 1, 1, 0, 3, 0, 0, 3, 0, 1, 4, 1, 0, 4, 1, 1, 4, 1, 1, 1, 1, 3, 1, 2, 1, 0, 2, 1, 1, 2, 1, 4, 3, 1, 1, 1, 2, 2, 2, 4, 1]|[3, 1, 2, 0, 1, 0, 0, 0, 0, 1, 0, 0, 1, 0, 0, 3, 1, 0, 0, 0, 3, 1, 0, 2, 0, 0, 0, 1, 0, 0, 2, 0, 3, 0, 1, 0, 0, 0, 1, 1, 1, 2, 0, 0, 0, 2, 1, 0, 0, 0, 1, 3, 0, 0, 1, 0, 0, 1, 2, 0, 1, 1, 0, 2, 0, 1, 0, 1, 1, 1, 1, 1, 3, 0, 0, 3, 0, 0, 2, 0, 0, 0, 1, 1, 3, 0, 0, 0, 1, 0, 0, 2, 0, 1, 1, 0, 0, 0, 2, 0],715.7913946700162,58060.95961022334,95287.06515100288,true
43,G2_TEC,G2_TEC,[31, 22, 82, 15, 26, 9, 95, 42, 77, 68, 47, 5, 93, 78, 86, 54, 85, 63, 18, 44, 20, 49, 36, 14, 74, 50, 53, 17, 21, 28, 11, 64, 3, 23, 30, 83, 24, 41, 40, 52, 65, 27, 90, 70, 39, 87, 48, 69, 99, 4, 75, 1, 13, 58, 97, 59, 45, 8, 73, 37, 35, 79, 71, 66, 76, 32, 60, 80, 56, 6, 67, 61, 33, 7, 57, 34, 12, 16, 10, 94, 96, 88, 43, 81, 91, 2, 84, 29, 92, 19, 51, 55, 46, 89, 25, 72, 98, 38, 0, 62]|[2, 1, 2, 1, 1, 2, 1, 1, 1, 1, 1, 0, 2, 2, 1, 2, 0, 0, 0, 2, 2, 1, 0, 2, 0, 2, 2, 1, 0, 1, 1, 1, 0, 0, 1, 0, 2, 1, 2, 2, 0, 0, 1, 1, 0, 2, 0, 2, 1, 0, 0, 2, 0, 0, 2, 0, 1, 1, 0, 0, 2, 1, 1, 2, 2, 0, 2, 2, 2, 1, 2, 1, 1, 2, 0, 1, 1, 2, 1, 2, 0, 1, 1, 1, 1, 0, 0, 1, 0, 1, 1, 0, 0, 1, 1, 1, 2, 0, 2, 1]|[0, 3, 0, 3, 4, 1, 4, 4, 2, 4, 3, 2, 1, 0, 2, 1, 1, 1, 2, 1, 1, 3, 0, 1, 0, 1, 1, 4, 1, 4, 3, 2, 2, 0, 4, 1, 1, 4, 1, 1, 2, 1, 4, 4, 1, 1, 0, 1, 3, 2, 2, 1, 2, 1, 1, 2, 4, 3, 0, 2, 2, 3, 3, 1, 1, 2, 1, 1, 1, 4, 1, 3, 4, 1, 2, 4, 3, 1, 3, 1, 2, 4, 4, 4, 3, 2, 2, 3, 2, 4, 3, 2, 2, 4, 4, 4, 1, 2, 1, 3]|[0, 2, 0, 0, 3, 0, 1, 3, 0, 0, 2, 0, 1, 0, 1, 0, 0, 0, 1, 0, 0, 2, 0, 0, 1, 0, 0, 3, 0, 1, 0, 2, 0, 0, 3, 0, 1, 1, 0, 0, 0, 0, 1, 3, 0, 0, 1, 0, 2, 0, 0, 0, 0, 0, 1, 0, 1, 0, 1, 1, 0, 2, 0, 0, 0, 0, 0, 0, 0, 2, 0, 0, 1, 0, 0, 1, 0, 0, 3, 0, 0, 1, 2, 2, 0, 0, 0, 3, 0, 1, 0, 0, 0, 1, 3, 1, 0, 0, 0, 0],900.0760482104305,49106.971003161474,106617.18334121045,false
43,G3_TWC,G3_TWC,[31, 22, 82, 15, 26, 58, 95, 42, 77, 12, 47, 5, 93, 78, 98, 54, 85, 63, 18, 44, 20, 35, 43, 86, 91, 76, 10, 30, 21, 45, 71, 64, 1, 23, 17, 83, 24, 14, 60, 36, 6, 57, 94, 88, 65, 56, 79, 40, 67, 68, 46, 75, 38, 9, 19, 32, 81, 41, 27, 62, 87, 90, 99, 59, 11, 16, 72, 73, 70, 39, 37, 84, 3, 92, 25, 55, 28, 29, 51, 7, 33, 61, 97, 66, 89, 50, 48, 96, 53, 80, 8, 4, 34, 49, 52, 2, 13, 0, 69, 74]|[1, 1, 0, 1, 1, 1, 2, 1, 2, 1, 2, 2, 2, 1, 1, 0, 0, 1, 0, 2, 2, 0, 1, 2, 0, 1, 2, 2, 0, 0, 1, 2, 1, 2, 1, 0, 2, 0, 1, 1, 0, 1, 1, 1, 0, 2, 1, 1, 0, 0, 0, 0, 1, 1, 2, 1, 2, 0, 0, 0, 2, 1, 0, 1, 2, 1, 2, 1, 1, 1, 1, 1, 2, 0, 1, 1, 0, 0, 0, 1, 2, 1, 2, 2, 1, 0, 0, 0, 0, 0, 1, 0, 2, 0, 1, 0, 0, 0, 1, 2]|[4, 3, 2, 2, 0, 0, 2, 2, 2, 4, 1, 1, 2, 4, 4, 1, 1, 4, 2, 1, 1, 1, 1, 2, 1, 2, 1, 1, 1, 1, 3, 2, 3, 0, 4, 0, 1, 1, 0, 3, 2, 2, 4, 0, 1, 1, 0, 2, 0, 1, 2, 2, 1, 4, 0, 3, 2, 1, 1, 2, 1, 3, 1, 1, 1, 3, 0, 4, 3, 1, 4, 1, 1, 2, 4, 4, 2, 1, 1, 3, 1, 3, 2, 1, 1, 1, 1, 1, 2, 1, 3, 2, 1, 1, 1, 2, 2, 2, 3, 1]|[0, 2, 1, 1, 3, 3, 0, 1, 0, 0, 0, 0, 1, 0, 1, 0, 0, 3, 1, 0, 0, 0, 3, 1, 0, 2, 0, 0, 0, 1, 0, 0, 0, 0, 3, 0, 1, 0, 0, 2, 1, 1, 2, 0, 0, 0, 0, 1, 1, 0, 0, 0, 1, 3, 0, 0, 1, 0, 0, 1, 0, 2, 0, 1, 0, 2, 1, 0, 0, 1, 1, 3, 0, 1, 3, 3, 1, 0, 0, 2, 0, 0, 1, 0, 1, 0, 0, 0, 1, 0, 2, 1, 0, 1, 1, 0, 0, 0, 0, 0],769.3675528023551,58442.12874530247,89320.05883222428,false
43,G1_CMAX,G1_CMAX,[31, 22, 90, 26, 58, 95, 42, 12, 93, 5, 78, 86, 98, 18, 20, 35, 3, 97, 91, 76, 10, 85, 54, 45, 63, 71, 66, 1, 23, 17, 24, 60, 36, 6, 57, 15, 65, 56, 47, 79, 94, 67, 50, 46, 14, 75, 38, 9, 30, 19, 32, 81, 27, 92, 83, 87, 40, 99, 59, 11, 53, 16, 72, 77, 73, 70, 39, 37, 84, 43, 62, 25, 55, 28, 29, 51, 68, 82, 74, 61, 88, 21, 80, 89, 7, 69, 96, 41, 48, 4, 8, 34, 49, 52, 0, 44, 13, 2, 64, 33]|[1, 1, 1, 1, 0, 2, 1, 1, 2, 2, 2, 1, 0, 1, 2, 2, 1, 2, 0, 1, 2, 2, 2, 0, 0, 1, 2, 1, 2, 1, 2, 1, 1, 0, 1, 1, 0, 2, 2, 1, 1, 0, 0, 0, 0, 1, 1, 1, 1, 2, 1, 2, 2, 0, 0, 2, 1, 0, 0, 2, 0, 1, 2, 2, 1, 1, 1, 1, 1, 1, 0, 1, 1, 0, 0, 0, 0, 0, 2, 1, 1, 0, 0, 1, 1, 1, 2, 2, 0, 1, 1, 2, 0, 1, 0, 0, 0, 0, 2, 2]|[0, 4, 3, 0, 1, 1, 2, 4, 1, 1, 2, 4, 1, 4, 1, 1, 1, 2, 2, 2, 2, 1, 1, 1, 2, 3, 2, 3, 0, 4, 1, 0, 3, 2, 2, 2, 1, 1, 1, 0, 2, 0, 1, 2, 1, 3, 1, 4, 2, 0, 3, 2, 1, 2, 1, 1, 4, 1, 1, 1, 2, 3, 0, 2, 4, 3, 1, 4, 1, 1, 1, 4, 4, 2, 1, 1, 1, 2, 1, 3, 0, 1, 1, 1, 1, 3, 1, 1, 1, 4, 3, 1, 1, 1, 2, 2, 2, 2, 1, 1]|[3, 0, 2, 3, 0, 0, 1, 0, 0, 0, 1, 0, 0, 3, 0, 0, 1, 1, 1, 2, 1, 0, 0, 0, 0, 0, 0, 0, 0, 3, 1, 0, 2, 1, 1, 1, 0, 0, 0, 0, 1, 1, 0, 0, 0, 0, 1, 3, 2, 0, 0, 1, 0, 1, 0, 0, 2, 0, 0, 0, 1, 2, 1, 1, 0, 0, 1, 1, 3, 3, 0, 3, 3, 1, 0, 0, 0, 1, 0, 0, 0, 0, 0, 1, 2, 2, 0, 0, 0, 0, 2, 0, 1, 1, 0, 0, 0, 0, 0, 0],705.0470749739228,58445.79123614564,95781.2895945797,false
43,G4_BALANCED,G1_CMAX,[22, 82, 3, 58, 95, 42, 77, 47, 5, 93, 78, 12, 86, 54, 50, 63, 18, 44, 20, 35, 43, 97, 91, 76, 10, 30, 21, 45, 71, 64, 36, 23, 17, 83, 24, 14, 60, 1, 6, 40, 57, 90, 65, 56, 79, 94, 67, 68, 46, 75, 38, 9, 19, 32, 81, 41, 27, 62, 16, 55, 59, 89, 88, 87, 31, 72, 73, 70, 39, 37, 84, 92, 25, 11, 48, 15, 29, 51, 7, 33, 61, 98, 28, 99, 26, 85, 66, 96, 53, 80, 4, 8, 34, 49, 52, 2, 13, 0, 69, 74]|[1, 0, 1, 0, 1, 2, 2, 2, 2, 2, 1, 1, 1, 0, 0, 1, 0, 2, 2, 0, 1, 2, 0, 1, 2, 2, 0, 0, 1, 2, 1, 2, 1, 0, 2, 0, 1, 1, 0, 1, 1, 1, 0, 2, 1, 1, 0, 0, 0, 0, 1, 1, 2, 1, 2, 0, 0, 0, 1, 2, 1, 1, 1, 1, 1, 2, 1, 2, 1, 1, 1, 0, 1, 2, 2, 1, 0, 0, 1, 2, 1, 2, 0, 1, 1, 0, 0, 2, 0, 0, 1, 1, 2, 0, 1, 0, 0, 0, 1, 2]|[3, 2, 1, 1, 2, 1, 2, 1, 1, 2, 4, 4, 4, 1, 1, 4, 2, 1, 1, 1, 1, 2, 1, 2, 1, 1, 2, 1, 3, 2, 3, 1, 4, 1, 1, 1, 0, 3, 2, 2, 2, 3, 1, 1, 0, 4, 0, 1, 2, 2, 1, 4, 0, 3, 2, 1, 1, 2, 3, 1, 1, 1, 0, 3, 0, 0, 3, 0, 1, 4, 1, 0, 4, 1, 1, 4, 1, 1, 1, 1, 3, 1, 2, 1, 0, 2, 1, 1, 2, 1, 4, 3, 1, 1, 1, 2, 2, 2, 4, 1]|[3, 1, 2, 0, 1, 0, 0, 0, 0, 1, 0, 0, 1, 0, 0, 3, 1, 0, 0, 0, 3, 1, 0, 2, 0, 0, 0, 1, 0, 0, 2, 0, 3, 0, 1, 0, 0, 0, 1, 1, 1, 2, 0, 0, 0, 2, 1, 0, 0, 0, 1, 3, 0, 0, 1, 0, 0, 1, 2, 0, 1, 1, 0, 2, 0, 1, 0, 1, 1, 1, 1, 1, 3, 0, 0, 3, 0, 0, 2, 0, 0, 0, 1, 1, 3, 0, 0, 0, 1, 0, 0, 2, 0, 1, 1, 0, 0, 0, 2, 0],715.7913946700162,58060.95961022334,95287.06515100288,true
43,G2_TEC,G2_TEC,[31, 22, 82, 15, 26, 9, 95, 42, 77, 68, 47, 5, 93, 78, 86, 54, 85, 63, 18, 44, 20, 49, 36, 14, 74, 50, 53, 17, 21, 28, 11, 64, 3, 23, 30, 83, 24, 41, 40, 52, 65, 27, 90, 70, 39, 87, 48, 69, 99, 4, 75, 1, 13, 58, 97, 59, 45, 8, 73, 37, 35, 79, 71, 66, 76, 32, 60, 80, 56, 6, 67, 61, 33, 7, 57, 34, 12, 16, 10, 94, 96, 88, 43, 81, 91, 2, 84, 29, 92, 19, 51, 55, 46, 89, 25, 72, 98, 38, 0, 62]|[2, 1, 2, 1, 1, 2, 1, 1, 1, 1, 1, 0, 2, 2, 1, 2, 0, 0, 0, 2, 2, 1, 0, 2, 0, 2, 2, 1, 0, 1, 1, 1, 0, 0, 1, 0, 2, 1, 2, 2, 0, 0, 1, 1, 0, 2, 0, 2, 1, 0, 0, 2, 0, 0, 2, 0, 1, 1, 0, 0, 2, 1, 1, 2, 2, 0, 2, 2, 2, 1, 2, 1, 1, 2, 0, 1, 1, 2, 1, 2, 0, 1, 1, 1, 1, 0, 0, 1, 0, 1, 1, 0, 0, 1, 1, 1, 2, 0, 2, 1]|[0, 3, 0, 3, 4, 1, 4, 4, 2, 4, 3, 2, 1, 0, 2, 1, 1, 1, 2, 1, 1, 3, 0, 1, 0, 1, 1, 4, 1, 4, 3, 2, 2, 0, 4, 1, 1, 4, 1, 1, 2, 1, 4, 4, 1, 1, 0, 1, 3, 2, 2, 1, 2, 1, 1, 2, 4, 3, 0, 2, 2, 3, 3, 1, 1, 2, 1, 1, 1, 4, 1, 3, 4, 1, 2, 4, 3, 1, 3, 1, 2, 4, 4, 4, 3, 2, 2, 3, 2, 4, 3, 2, 2, 4, 4, 4, 1, 2, 1, 3]|[0, 2, 0, 0, 3, 0, 1, 3, 0, 0, 2, 0, 1, 0, 1, 0, 0, 0, 1, 0, 0, 2, 0, 0, 1, 0, 0, 3, 0, 1, 0, 2, 0, 0, 3, 0, 1, 1, 0, 0, 0, 0, 1, 3, 0, 0, 1, 0, 2, 0, 0, 0, 0, 0, 1, 0, 1, 0, 1, 1, 0, 2, 0, 0, 0, 0, 0, 0, 0, 2, 0, 0, 1, 0, 0, 1, 0, 0, 3, 0, 0, 1, 2, 2, 0, 0, 0, 3, 0, 1, 0, 0, 0, 1, 3, 1, 0, 0, 0, 0],900.0760482104305,49106.971003161474,106617.18334121045,false
43,G3_TWC,G3_TWC,[31, 22, 82, 15, 26, 58, 95, 42, 77, 12, 47, 5, 93, 78, 98, 54, 85, 63, 18, 44, 20, 35, 43, 86, 91, 76, 10, 30, 21, 45, 71, 64, 1, 23, 17, 83, 24, 14, 60, 36, 6, 57, 94, 88, 65, 56, 79, 40, 67, 68, 46, 75, 38, 9, 19, 32, 81, 41, 27, 62, 87, 90, 99, 59, 11, 16, 72, 73, 70, 39, 37, 84, 3, 92, 25, 55, 28, 29, 51, 7, 33, 61, 97, 66, 89, 50, 48, 96, 53, 80, 8, 4, 34, 49, 52, 2, 13, 0, 69, 74]|[1, 1, 0, 1, 1, 1, 2, 1, 2, 1, 2, 2, 2, 1, 1, 0, 0, 1, 0, 2, 2, 0, 1, 2, 0, 1, 2, 2, 0, 0, 1, 2, 1, 2, 1, 0, 2, 0, 1, 1, 0, 1, 1, 1, 0, 2, 1, 1, 0, 0, 0, 0, 1, 1, 2, 1, 2, 0, 0, 0, 2, 1, 0, 1, 2, 1, 2, 1, 1, 1, 1, 1, 2, 0, 1, 1, 0, 0, 0, 1, 2, 1, 2, 2, 1, 0, 0, 0, 0, 0, 1, 0, 2, 0, 1, 0, 0, 0, 1, 2]|[4, 3, 2, 2, 0, 0, 2, 2, 2, 4, 1, 1, 2, 4, 4, 1, 1, 4, 2, 1, 1, 1, 1, 2, 1, 2, 1, 1, 1, 1, 3, 2, 3, 0, 4, 0, 1, 1, 0, 3, 2, 2, 4, 0, 1, 1, 0, 2, 0, 1, 2, 2, 1, 4, 0, 3, 2, 1, 1, 2, 1, 3, 1, 1, 1, 3, 0, 4, 3, 1, 4, 1, 1, 2, 4, 4, 2, 1, 1, 3, 1, 3, 2, 1, 1, 1, 1, 1, 2, 1, 3, 2, 1, 1, 1, 2, 2, 2, 3, 1]|[0, 2, 1, 1, 3, 3, 0, 1, 0, 0, 0, 0, 1, 0, 1, 0, 0, 3, 1, 0, 0, 0, 3, 1, 0, 2, 0, 0, 0, 1, 0, 0, 0, 0, 3, 0, 1, 0, 0, 2, 1, 1, 2, 0, 0, 0, 0, 1, 1, 0, 0, 0, 1, 3, 0, 0, 1, 0, 0, 1, 0, 2, 0, 1, 0, 2, 1, 0, 0, 1, 1, 3, 0, 1, 3, 3, 1, 0, 0, 2, 0, 0, 1, 0, 1, 0, 0, 0, 1, 0, 2, 1, 0, 1, 1, 0, 0, 0, 0, 0],769.3675528023551,58442.12874530247,89320.05883222428,false
43,G1_CMAX,G1_CMAX,[31, 22, 90, 26, 58, 95, 42, 12, 93, 5, 78, 86, 98, 18, 20, 35, 3, 97, 91, 76, 10, 85, 54, 45, 63, 71, 66, 1, 23, 17, 24, 60, 36, 6, 57, 15, 65, 56, 47, 79, 94, 67, 50, 46, 14, 75, 38, 9, 30, 19, 32, 81, 27, 92, 83, 87, 40, 99, 59, 11, 53, 16, 72, 77, 73, 70, 39, 37, 84, 43, 62, 25, 55, 28, 29, 51, 68, 82, 74, 61, 88, 21, 80, 89, 7, 69, 96, 41, 48, 4, 8, 34, 49, 52, 0, 44, 13, 2, 64, 33]|[1, 1, 1, 1, 0, 2, 1, 1, 2, 2, 2, 1, 0, 1, 2, 2, 1, 2, 0, 1, 2, 2, 2, 0, 0, 1, 2, 1, 2, 1, 2, 1, 1, 0, 1, 1, 0, 2, 2, 1, 1, 0, 0, 0, 0, 1, 1, 1, 1, 2, 1, 2, 2, 0, 0, 2, 1, 0, 0, 2, 0, 1, 2, 2, 1, 1, 1, 1, 1, 1, 0, 1, 1, 0, 0, 0, 0, 0, 2, 1, 1, 0, 0, 1, 1, 1, 2, 2, 0, 1, 1, 2, 0, 1, 0, 0, 0, 0, 2, 2]|[0, 4, 3, 0, 1, 1, 2, 4, 1, 1, 2, 4, 1, 4, 1, 1, 1, 2, 2, 2, 2, 1, 1, 1, 2, 3, 2, 3, 0, 4, 1, 0, 3, 2, 2, 2, 1, 1, 1, 0, 2, 0, 1, 2, 1, 3, 1, 4, 2, 0, 3, 2, 1, 2, 1, 1, 4, 1, 1, 1, 2, 3, 0, 2, 4, 3, 1, 4, 1, 1, 1, 4, 4, 2, 1, 1, 1, 2, 1, 3, 0, 1, 1, 1, 1, 3, 1, 1, 1, 4, 3, 1, 1, 1, 2, 2, 2, 2, 1, 1]|[3, 0, 2, 3, 0, 0, 1, 0, 0, 0, 1, 0, 0, 3, 0, 0, 1, 1, 1, 2, 1, 0, 0, 0, 0, 0, 0, 0, 0, 3, 1, 0, 2, 1, 1, 1, 0, 0, 0, 0, 1, 1, 0, 0, 0, 0, 1, 3, 2, 0, 0, 1, 0, 1, 0, 0, 2, 0, 0, 0, 1, 2, 1, 1, 0, 0, 1, 1, 3, 3, 0, 3, 3, 1, 0, 0, 0, 1, 0, 0, 0, 0, 0, 1, 2, 2, 0, 0, 0, 0, 2, 0, 1, 1, 0, 0, 0, 0, 0, 0],705.0470749739228,58445.79123614564,95781.2895945797,false
43,G4_BALANCED,G1_CMAX,[22, 82, 3, 58, 95, 42, 77, 47, 5, 93, 78, 12, 86, 54, 50, 63, 18, 44, 20, 35, 43, 97, 91, 76, 10, 30, 21, 45, 71, 64, 36, 23, 17, 83, 24, 14, 60, 1, 6, 40, 57, 90, 65, 56, 79, 94, 67, 68, 46, 75, 38, 9, 19, 32, 81, 41, 27, 62, 16, 55, 59, 89, 88, 87, 31, 72, 73, 70, 39, 37, 84, 92, 25, 11, 48, 15, 29, 51, 7, 33, 61, 98, 28, 99, 26, 85, 66, 96, 53, 80, 4, 8, 34, 49, 52, 2, 13, 0, 69, 74]|[1, 0, 1, 0, 1, 2, 2, 2, 2, 2, 1, 1, 1, 0, 0, 1, 0, 2, 2, 0, 1, 2, 0, 1, 2, 2, 0, 0, 1, 2, 1, 2, 1, 0, 2, 0, 1, 1, 0, 1, 1, 1, 0, 2, 1, 1, 0, 0, 0, 0, 1, 1, 2, 1, 2, 0, 0, 0, 1, 2, 1, 1, 1, 1, 1, 2, 1, 2, 1, 1, 1, 0, 1, 2, 2, 1, 0, 0, 1, 2, 1, 2, 0, 1, 1, 0, 0, 2, 0, 0, 1, 1, 2, 0, 1, 0, 0, 0, 1, 2]|[3, 2, 1, 1, 2, 1, 2, 1, 1, 2, 4, 4, 4, 1, 1, 4, 2, 1, 1, 1, 1, 2, 1, 2, 1, 1, 2, 1, 3, 2, 3, 1, 4, 1, 1, 1, 0, 3, 2, 2, 2, 3, 1, 1, 0, 4, 0, 1, 2, 2, 1, 4, 0, 3, 2, 1, 1, 2, 3, 1, 1, 1, 0, 3, 0, 0, 3, 0, 1, 4, 1, 0, 4, 1, 1, 4, 1, 1, 1, 1, 3, 1, 2, 1, 0, 2, 1, 1, 2, 1, 4, 3, 1, 1, 1, 2, 2, 2, 4, 1]|[3, 1, 2, 0, 1, 0, 0, 0, 0, 1, 0, 0, 1, 0, 0, 3, 1, 0, 0, 0, 3, 1, 0, 2, 0, 0, 0, 1, 0, 0, 2, 0, 3, 0, 1, 0, 0, 0, 1, 1, 1, 2, 0, 0, 0, 2, 1, 0, 0, 0, 1, 3, 0, 0, 1, 0, 0, 1, 2, 0, 1, 1, 0, 2, 0, 1, 0, 1, 1, 1, 1, 1, 3, 0, 0, 3, 0, 0, 2, 0, 0, 0, 1, 1, 3, 0, 0, 0, 1, 0, 0, 2, 0, 1, 1, 0, 0, 0, 2, 0],715.7913946700162,58060.95961022334,95287.06515100288,true
43,G2_TEC,G2_TEC,[31, 22, 82, 15, 26, 9, 95, 42, 77, 68, 47, 5, 93, 78, 86, 54, 85, 63, 18, 44, 20, 49, 36, 14, 74, 50, 53, 17, 21, 28, 11, 64, 3, 23, 30, 83, 24, 41, 40, 52, 65, 27, 90, 70, 39, 87, 48, 69, 99, 4, 75, 1, 13, 58, 97, 59, 45, 8, 73, 37, 35, 79, 71, 66, 76, 32, 60, 80, 56, 6, 67, 61, 33, 7, 57, 34, 12, 16, 10, 94, 96, 88, 43, 81, 91, 2, 84, 29, 92, 19, 51, 55, 46, 89, 25, 72, 98, 38, 0, 62]|[2, 1, 2, 1, 1, 2, 1, 1, 1, 1, 1, 0, 2, 2, 1, 2, 0, 0, 0, 2, 2, 1, 0, 2, 0, 2, 2, 1, 0, 1, 1, 1, 0, 0, 1, 0, 2, 1, 2, 2, 0, 0, 1, 1, 0, 2, 0, 2, 1, 0, 0, 2, 0, 0, 2, 0, 1, 1, 0, 0, 2, 1, 1, 2, 2, 0, 2, 2, 2, 1, 2, 1, 1, 2, 0, 1, 1, 2, 1, 2, 0, 1, 1, 1, 1, 0, 0, 1, 0, 1, 1, 0, 0, 1, 1, 1, 2, 0, 2, 1]|[0, 3, 0, 3, 4, 1, 4, 4, 2, 4, 3, 2, 1, 0, 2, 1, 1, 1, 2, 1, 1, 3, 0, 1, 0, 1, 1, 4, 1, 4, 3, 2, 2, 0, 4, 1, 1, 4, 1, 1, 2, 1, 4, 4, 1, 1, 0, 1, 3, 2, 2, 1, 2, 1, 1, 2, 4, 3, 0, 2, 2, 3, 3, 1, 1, 2, 1, 1, 1, 4, 1, 3, 4, 1, 2, 4, 3, 1, 3, 1, 2, 4, 4, 4, 3, 2, 2, 3, 2, 4, 3, 2, 2, 4, 4, 4, 1, 2, 1, 3]|[0, 2, 0, 0, 3, 0, 1, 3, 0, 0, 2, 0, 1, 0, 1, 0, 0, 0, 1, 0, 0, 2, 0, 0, 1, 0, 0, 3, 0, 1, 0, 2, 0, 0, 3, 0, 1, 1, 0, 0, 0, 0, 1, 3, 0, 0, 1, 0, 2, 0, 0, 0, 0, 0, 1, 0, 1, 0, 1, 1, 0, 2, 0, 0, 0, 0, 0, 0, 0, 2, 0, 0, 1, 0, 0, 1, 0, 0, 3, 0, 0, 1, 2, 2, 0, 0, 0, 3, 0, 1, 0, 0, 0, 1, 3, 1, 0, 0, 0, 0],900.0760482104305,49106.971003161474,106617.18334121045,false
43,G3_TWC,G3_TWC,[31, 22, 82, 15, 26, 58, 95, 42, 77, 12, 47, 5, 93, 78, 98, 54, 85, 63, 18, 44, 20, 35, 43, 86, 91, 76, 10, 30, 21, 45, 71, 64, 1, 23, 17, 83, 24, 14, 60, 36, 6, 57, 94, 88, 65, 56, 79, 40, 67, 68, 46, 75, 38, 9, 19, 32, 81, 41, 27, 62, 87, 90, 99, 59, 11, 16, 72, 73, 70, 39, 37, 84, 3, 92, 25, 55, 28, 29, 51, 7, 33, 61, 97, 66, 89, 50, 48, 96, 53, 80, 8, 4, 34, 49, 52, 2, 13, 0, 69, 74]|[1, 1, 0, 1, 1, 1, 2, 1, 2, 1, 2, 2, 2, 1, 1, 0, 0, 1, 0, 2, 2, 0, 1, 2, 0, 1, 2, 2, 0, 0, 1, 2, 1, 2, 1, 0, 2, 0, 1, 1, 0, 1, 1, 1, 0, 2, 1, 1, 0, 0, 0, 0, 1, 1, 2, 1, 2, 0, 0, 0, 2, 1, 0, 1, 2, 1, 2, 1, 1, 1, 1, 1, 2, 0, 1, 1, 0, 0, 0, 1, 2, 1, 2, 2, 1, 0, 0, 0, 0, 0, 1, 0, 2, 0, 1, 0, 0, 0, 1, 2]|[4, 3, 2, 2, 0, 0, 2, 2, 2, 4, 1, 1, 2, 4, 4, 1, 1, 4, 2, 1, 1, 1, 1, 2, 1, 2, 1, 1, 1, 1, 3, 2, 3, 0, 4, 0, 1, 1, 0, 3, 2, 2, 4, 0, 1, 1, 0, 2, 0, 1, 2, 2, 1, 4, 0, 3, 2, 1, 1, 2, 1, 3, 1, 1, 1, 3, 0, 4, 3, 1, 4, 1, 1, 2, 4, 4, 2, 1, 1, 3, 1, 3, 2, 1, 1, 1, 1, 1, 2, 1, 3, 2, 1, 1, 1, 2, 2, 2, 3, 1]|[0, 2, 1, 1, 3, 3, 0, 1, 0, 0, 0, 0, 1, 0, 1, 0, 0, 3, 1, 0, 0, 0, 3, 1, 0, 2, 0, 0, 0, 1, 0, 0, 0, 0, 3, 0, 1, 0, 0, 2, 1, 1, 2, 0, 0, 0, 0, 1, 1, 0, 0, 0, 1, 3, 0, 0, 1, 0, 0, 1, 0, 2, 0, 1, 0, 2, 1, 0, 0, 1, 1, 3, 0, 1, 3, 3, 1, 0, 0, 2, 0, 0, 1, 0, 1, 0, 0, 0, 1, 0, 2, 1, 0, 1, 1, 0, 0, 0, 0, 0],769.3675528023551,58442.12874530247,89320.05883222428,false
43,G1_CMAX,G1_CMAX,[31, 22, 90, 26, 58, 95, 42, 12, 93, 5, 78, 86, 98, 18, 20, 35, 3, 97, 91, 76, 10, 85, 54, 45, 63, 71, 66, 1, 23, 17, 24, 60, 36, 6, 57, 15, 65, 56, 47, 79, 94, 67, 50, 46, 14, 75, 38, 9, 30, 19, 32, 81, 27, 92, 83, 87, 40, 99, 59, 11, 53, 16, 72, 77, 73, 70, 39, 37, 84, 43, 62, 25, 55, 28, 29, 51, 68, 82, 74, 61, 88, 21, 80, 89, 7, 69, 96, 41, 48, 4, 8, 34, 49, 52, 0, 44, 13, 2, 64, 33]|[1, 1, 1, 1, 0, 2, 1, 1, 2, 2, 2, 1, 0, 1, 2, 2, 1, 2, 0, 1, 2, 2, 2, 0, 0, 1, 2, 1, 2, 1, 2, 1, 1, 0, 1, 1, 0, 2, 2, 1, 1, 0, 0, 0, 0, 1, 1, 1, 1, 2, 1, 2, 2, 0, 0, 2, 1, 0, 0, 2, 0, 1, 2, 2, 1, 1, 1, 1, 1, 1, 0, 1, 1, 0, 0, 0, 0, 0, 2, 1, 1, 0, 0, 1, 1, 1, 2, 2, 0, 1, 1, 2, 0, 1, 0, 0, 0, 0, 2, 2]|[0, 4, 3, 0, 1, 1, 2, 4, 1, 1, 2, 4, 1, 4, 1, 1, 1, 2, 2, 2, 2, 1, 1, 1, 2, 3, 2, 3, 0, 4, 1, 0, 3, 2, 2, 2, 1, 1, 1, 0, 2, 0, 1, 2, 1, 3, 1, 4, 2, 0, 3, 2, 1, 2, 1, 1, 4, 1, 1, 1, 2, 3, 0, 2, 4, 3, 1, 4, 1, 1, 1, 4, 4, 2, 1, 1, 1, 2, 1, 3, 0, 1, 1, 1, 1, 3, 1, 1, 1, 4, 3, 1, 1, 1, 2, 2, 2, 2, 1, 1]|[3, 0, 2, 3, 0, 0, 1, 0, 0, 0, 1, 0, 0, 3, 0, 0, 1, 1, 1, 2, 1, 0, 0, 0, 0, 0, 0, 0, 0, 3, 1, 0, 2, 1, 1, 1, 0, 0, 0, 0, 1, 1, 0, 0, 0, 0, 1, 3, 2, 0, 0, 1, 0, 1, 0, 0, 2, 0, 0, 0, 1, 2, 1, 1, 0, 0, 1, 1, 3, 3, 0, 3, 3, 1, 0, 0, 0, 1, 0, 0, 0, 0, 0, 1, 2, 2, 0, 0, 0, 0, 2, 0, 1, 1, 0, 0, 0, 0, 0, 0],705.0470749739228,58445.79123614564,95781.2895945797,false
43,G4_BALANCED,G1_CMAX,[22, 82, 3, 58, 95, 42, 77, 47, 5, 93, 78, 12, 86, 54, 50, 63, 18, 44, 20, 35, 43, 97, 91, 76, 10, 30, 21, 45, 71, 64, 36, 23, 17, 83, 24, 14, 60, 1, 6, 40, 57, 90, 65, 56, 79, 94, 67, 68, 46, 75, 38, 9, 19, 32, 81, 41, 27, 62, 16, 55, 59, 89, 88, 87, 31, 72, 73, 70, 39, 37, 84, 92, 25, 11, 48, 15, 29, 51, 7, 33, 61, 98, 28, 99, 26, 85, 66, 96, 53, 80, 4, 8, 34, 49, 52, 2, 13, 0, 69, 74]|[1, 0, 1, 0, 1, 2, 2, 2, 2, 2, 1, 1, 1, 0, 0, 1, 0, 2, 2, 0, 1, 2, 0, 1, 2, 2, 0, 0, 1, 2, 1, 2, 1, 0, 2, 0, 1, 1, 0, 1, 1, 1, 0, 2, 1, 1, 0, 0, 0, 0, 1, 1, 2, 1, 2, 0, 0, 0, 1, 2, 1, 1, 1, 1, 1, 2, 1, 2, 1, 1, 1, 0, 1, 2, 2, 1, 0, 0, 1, 2, 1, 2, 0, 1, 1, 0, 0, 2, 0, 0, 1, 1, 2, 0, 1, 0, 0, 0, 1, 2]|[3, 2, 1, 1, 2, 1, 2, 1, 1, 2, 4, 4, 4, 1, 1, 4, 2, 1, 1, 1, 1, 2, 1, 2, 1, 1, 2, 1, 3, 2, 3, 1, 4, 1, 1, 1, 0, 3, 2, 2, 2, 3, 1, 1, 0, 4, 0, 1, 2, 2, 1, 4, 0, 3, 2, 1, 1, 2, 3, 1, 1, 1, 0, 3, 0, 0, 3, 0, 1, 4, 1, 0, 4, 1, 1, 4, 1, 1, 1, 1, 3, 1, 2, 1, 0, 2, 1, 1, 2, 1, 4, 3, 1, 1, 1, 2, 2, 2, 4, 1]|[3, 1, 2, 0, 1, 0, 0, 0, 0, 1, 0, 0, 1, 0, 0, 3, 1, 0, 0, 0, 3, 1, 0, 2, 0, 0, 0, 1, 0, 0, 2, 0, 3, 0, 1, 0, 0, 0, 1, 1, 1, 2, 0, 0, 0, 2, 1, 0, 0, 0, 1, 3, 0, 0, 1, 0, 0, 1, 2, 0, 1, 1, 0, 2, 0, 1, 0, 1, 1, 1, 1, 1, 3, 0, 0, 3, 0, 0, 2, 0, 0, 0, 1, 1, 3, 0, 0, 0, 1, 0, 0, 2, 0, 1, 1, 0, 0, 0, 2, 0],715.7913946700162,58060.95961022334,95287.06515100288,true
43,G2_TEC,G2_TEC,[31, 22, 82, 15, 26, 9, 95, 42, 77, 68, 47, 5, 93, 78, 86, 54, 85, 63, 18, 44, 20, 49, 36, 14, 74, 50, 53, 17, 21, 28, 11, 64, 3, 23, 30, 83, 24, 41, 40, 52, 65, 27, 90, 70, 39, 87, 48, 69, 99, 4, 75, 1, 13, 58, 97, 59, 45, 8, 73, 37, 35, 79, 71, 66, 76, 32, 60, 80, 56, 6, 67, 61, 33, 7, 57, 34, 12, 16, 10, 94, 96, 88, 43, 81, 91, 2, 84, 29, 92, 19, 51, 55, 46, 89, 25, 72, 98, 38, 0, 62]|[2, 1, 2, 1, 1, 2, 1, 1, 1, 1, 1, 0, 2, 2, 1, 2, 0, 0, 0, 2, 2, 1, 0, 2, 0, 2, 2, 1, 0, 1, 1, 1, 0, 0, 1, 0, 2, 1, 2, 2, 0, 0, 1, 1, 0, 2, 0, 2, 1, 0, 0, 2, 0, 0, 2, 0, 1, 1, 0, 0, 2, 1, 1, 2, 2, 0, 2, 2, 2, 1, 2, 1, 1, 2, 0, 1, 1, 2, 1, 2, 0, 1, 1, 1, 1, 0, 0, 1, 0, 1, 1, 0, 0, 1, 1, 1, 2, 0, 2, 1]|[0, 3, 0, 3, 4, 1, 4, 4, 2, 4, 3, 2, 1, 0, 2, 1, 1, 1, 2, 1, 1, 3, 0, 1, 0, 1, 1, 4, 1, 4, 3, 2, 2, 0, 4, 1, 1, 4, 1, 1, 2, 1, 4, 4, 1, 1, 0, 1, 3, 2, 2, 1, 2, 1, 1, 2, 4, 3, 0, 2, 2, 3, 3, 1, 1, 2, 1, 1, 1, 4, 1, 3, 4, 1, 2, 4, 3, 1, 3, 1, 2, 4, 4, 4, 3, 2, 2, 3, 2, 4, 3, 2, 2, 4, 4, 4, 1, 2, 1, 3]|[0, 2, 0, 0, 3, 0, 1, 3, 0, 0, 2, 0, 1, 0, 1, 0, 0, 0, 1, 0, 0, 2, 0, 0, 1, 0, 0, 3, 0, 1, 0, 2, 0, 0, 3, 0, 1, 1, 0, 0, 0, 0, 1, 3, 0, 0, 1, 0, 2, 0, 0, 0, 0, 0, 1, 0, 1, 0, 1, 1, 0, 2, 0, 0, 0, 0, 0, 0, 0, 2, 0, 0, 1, 0, 0, 1, 0, 0, 3, 0, 0, 1, 2, 2, 0, 0, 0, 3, 0, 1, 0, 0, 0, 1, 3, 1, 0, 0, 0, 0],900.0760482104305,49106.971003161474,106617.18334121045,false
43,G3_TWC,G3_TWC,[31, 22, 82, 15, 26, 58, 95, 42, 77, 12, 47, 5, 93, 78, 98, 54, 85, 63, 18, 44, 20, 35, 43, 86, 91, 76, 10, 30, 21, 45, 71, 64, 1, 23, 17, 83, 24, 14, 60, 36, 6, 57, 94, 88, 65, 56, 79, 40, 67, 68, 46, 75, 38, 9, 19, 32, 81, 41, 27, 62, 87, 90, 99, 59, 11, 16, 72, 73, 70, 39, 37, 84, 3, 92, 25, 55, 28, 29, 51, 7, 33, 61, 97, 66, 89, 50, 48, 96, 53, 80, 8, 4, 34, 49, 52, 2, 13, 0, 69, 74]|[1, 1, 0, 1, 1, 1, 2, 1, 2, 1, 2, 2, 2, 1, 1, 0, 0, 1, 0, 2, 2, 0, 1, 2, 0, 1, 2, 2, 0, 0, 1, 2, 1, 2, 1, 0, 2, 0, 1, 1, 0, 1, 1, 1, 0, 2, 1, 1, 0, 0, 0, 0, 1, 1, 2, 1, 2, 0, 0, 0, 2, 1, 0, 1, 2, 1, 2, 1, 1, 1, 1, 1, 2, 0, 1, 1, 0, 0, 0, 1, 2, 1, 2, 2, 1, 0, 0, 0, 0, 0, 1, 0, 2, 0, 1, 0, 0, 0, 1, 2]|[4, 3, 2, 2, 0, 0, 2, 2, 2, 4, 1, 1, 2, 4, 4, 1, 1, 4, 2, 1, 1, 1, 1, 2, 1, 2, 1, 1, 1, 1, 3, 2, 3, 0, 4, 0, 1, 1, 0, 3, 2, 2, 4, 0, 1, 1, 0, 2, 0, 1, 2, 2, 1, 4, 0, 3, 2, 1, 1, 2, 1, 3, 1, 1, 1, 3, 0, 4, 3, 1, 4, 1, 1, 2, 4, 4, 2, 1, 1, 3, 1, 3, 2, 1, 1, 1, 1, 1, 2, 1, 3, 2, 1, 1, 1, 2, 2, 2, 3, 1]|[0, 2, 1, 1, 3, 3, 0, 1, 0, 0, 0, 0, 1, 0, 1, 0, 0, 3, 1, 0, 0, 0, 3, 1, 0, 2, 0, 0, 0, 1, 0, 0, 0, 0, 3, 0, 1, 0, 0, 2, 1, 1, 2, 0, 0, 0, 0, 1, 1, 0, 0, 0, 1, 3, 0, 0, 1, 0, 0, 1, 0, 2, 0, 1, 0, 2, 1, 0, 0, 1, 1, 3, 0, 1, 3, 3, 1, 0, 0, 2, 0, 0, 1, 0, 1, 0, 0, 0, 1, 0, 2, 1, 0, 1, 1, 0, 0, 0, 0, 0],769.3675528023551,58442.12874530247,89320.05883222428,false
43,G1_CMAX,G1_CMAX,[31, 22, 90, 26, 58, 95, 42, 12, 93, 5, 78, 86, 98, 18, 20, 35, 3, 97, 91, 76, 10, 85, 54, 45, 63, 71, 66, 1, 23, 17, 24, 60, 36, 6, 57, 15, 65, 56, 47, 79, 94, 67, 50, 46, 14, 75, 38, 9, 30, 19, 32, 81, 27, 92, 83, 87, 40, 99, 59, 11, 53, 16, 72, 77, 73, 70, 39, 37, 84, 43, 62, 25, 55, 28, 29, 51, 68, 82, 74, 61, 88, 21, 80, 89, 7, 69, 96, 41, 48, 4, 8, 34, 49, 52, 0, 44, 13, 2, 64, 33]|[1, 1, 1, 1, 0, 2, 1, 1, 2, 2, 2, 1, 0, 1, 2, 2, 1, 2, 0, 1, 2, 2, 2, 0, 0, 1, 2, 1, 2, 1, 2, 1, 1, 0, 1, 1, 0, 2, 2, 1, 1, 0, 0, 0, 0, 1, 1, 1, 1, 2, 1, 2, 2, 0, 0, 2, 1, 0, 0, 2, 0, 1, 2, 2, 1, 1, 1, 1, 1, 1, 0, 1, 1, 0, 0, 0, 0, 0, 2, 1, 1, 0, 0, 1, 1, 1, 2, 2, 0, 1, 1, 2, 0, 1, 0, 0, 0, 0, 2, 2]|[0, 4, 3, 0, 1, 1, 2, 4, 1, 1, 2, 4, 1, 4, 1, 1, 1, 2, 2, 2, 2, 1, 1, 1, 2, 3, 2, 3, 0, 4, 1, 0, 3, 2, 2, 2, 1, 1, 1, 0, 2, 0, 1, 2, 1, 3, 1, 4, 2, 0, 3, 2, 1, 2, 1, 1, 4, 1, 1, 1, 2, 3, 0, 2, 4, 3, 1, 4, 1, 1, 1, 4, 4, 2, 1, 1, 1, 2, 1, 3, 0, 1, 1, 1, 1, 3, 1, 1, 1, 4, 3, 1, 1, 1, 2, 2, 2, 2, 1, 1]|[3, 0, 2, 3, 0, 0, 1, 0, 0, 0, 1, 0, 0, 3, 0, 0, 1, 1, 1, 2, 1, 0, 0, 0, 0, 0, 0, 0, 0, 3, 1, 0, 2, 1, 1, 1, 0, 0, 0, 0, 1, 1, 0, 0, 0, 0, 1, 3, 2, 0, 0, 1, 0, 1, 0, 0, 2, 0, 0, 0, 1, 2, 1, 1, 0, 0, 1, 1, 3, 3, 0, 3, 3, 1, 0, 0, 0, 1, 0, 0, 0, 0, 0, 1, 2, 2, 0, 0, 0, 0, 2, 0, 1, 1, 0, 0, 0, 0, 0, 0],705.0470749739228,58445.79123614564,95781.2895945797,false
43,G4_BALANCED,G1_CMAX,[22, 82, 3, 58, 95, 42, 77, 47, 5, 93, 78, 12, 86, 54, 50, 63, 18, 44, 20, 35, 43, 97, 91, 76, 10, 30, 21, 45, 71, 64, 36, 23, 17, 83, 24, 14, 60, 1, 6, 40, 57, 90, 65, 56, 79, 94, 67, 68, 46, 75, 38, 9, 19, 32, 81, 41, 27, 62, 16, 55, 59, 89, 88, 87, 31, 72, 73, 70, 39, 37, 84, 92, 25, 11, 48, 15, 29, 51, 7, 33, 61, 98, 28, 99, 26, 85, 66, 96, 53, 80, 4, 8, 34, 49, 52, 2, 13, 0, 69, 74]|[1, 0, 1, 0, 1, 2, 2, 2, 2, 2, 1, 1, 1, 0, 0, 1, 0, 2, 2, 0, 1, 2, 0, 1, 2, 2, 0, 0, 1, 2, 1, 2, 1, 0, 2, 0, 1, 1, 0, 1, 1, 1, 0, 2, 1, 1, 0, 0, 0, 0, 1, 1, 2, 1, 2, 0, 0, 0, 1, 2, 1, 1, 1, 1, 1, 2, 1, 2, 1, 1, 1, 0, 1, 2, 2, 1, 0, 0, 1, 2, 1, 2, 0, 1, 1, 0, 0, 2, 0, 0, 1, 1, 2, 0, 1, 0, 0, 0, 1, 2]|[3, 2, 1, 1, 2, 1, 2, 1, 1, 2, 4, 4, 4, 1, 1, 4, 2, 1, 1, 1, 1, 2, 1, 2, 1, 1, 2, 1, 3, 2, 3, 1, 4, 1, 1, 1, 0, 3, 2, 2, 2, 3, 1, 1, 0, 4, 0, 1, 2, 2, 1, 4, 0, 3, 2, 1, 1, 2, 3, 1, 1, 1, 0, 3, 0, 0, 3, 0, 1, 4, 1, 0, 4, 1, 1, 4, 1, 1, 1, 1, 3, 1, 2, 1, 0, 2, 1, 1, 2, 1, 4, 3, 1, 1, 1, 2, 2, 2, 4, 1]|[3, 1, 2, 0, 1, 0, 0, 0, 0, 1, 0, 0, 1, 0, 0, 3, 1, 0, 0, 0, 3, 1, 0, 2, 0, 0, 0, 1, 0, 0, 2, 0, 3, 0, 1, 0, 0, 0, 1, 1, 1, 2, 0, 0, 0, 2, 1, 0, 0, 0, 1, 3, 0, 0, 1, 0, 0, 1, 2, 0, 1, 1, 0, 2, 0, 1, 0, 1, 1, 1, 1, 1, 3, 0, 0, 3, 0, 0, 2, 0, 0, 0, 1, 1, 3, 0, 0, 0, 1, 0, 0, 2, 0, 1, 1, 0, 0, 0, 2, 0],715.7913946700162,58060.95961022334,95287.06515100288,true
43,G2_TEC,G2_TEC,[31, 22, 82, 15, 26, 9, 95, 42, 77, 68, 47, 5, 93, 78, 86, 54, 85, 63, 18, 44, 20, 49, 36, 14, 74, 50, 53, 17, 21, 28, 11, 64, 3, 23, 30, 83, 24, 41, 40, 52, 65, 27, 90, 70, 39, 87, 48, 69, 99, 4, 75, 1, 13, 58, 97, 59, 45, 8, 73, 37, 35, 79, 71, 66, 76, 32, 60, 80, 56, 6, 67, 61, 33, 7, 57, 34, 12, 16, 10, 98, 96, 88, 43, 81, 91, 2, 84, 29, 92, 19, 51, 55, 46, 89, 25, 72, 94, 38, 62, 0]|[2, 1, 2, 1, 1, 2, 1, 1, 1, 1, 1, 0, 2, 2, 1, 2, 0, 0, 0, 2, 2, 1, 0, 2, 0, 2, 2, 1, 0, 1, 1, 1, 0, 0, 1, 0, 2, 1, 2, 2, 0, 0, 1, 1, 0, 2, 0, 2, 1, 0, 0, 2, 0, 0, 2, 0, 1, 1, 0, 0, 2, 1, 1, 2, 2, 0, 2, 2, 2, 1, 2, 1, 1, 2, 0, 1, 1, 2, 1, 2, 0, 1, 1, 1, 1, 0, 0, 1, 0, 1, 1, 0, 0, 1, 1, 1, 2, 0, 1, 2]|[0, 3, 0, 3, 4, 1, 4, 4, 2, 4, 3, 2, 1, 0, 2, 1, 1, 1, 2, 1, 1, 3, 0, 1, 0, 1, 1, 4, 1, 4, 3, 2, 2, 0, 4, 1, 1, 4, 1, 1, 2, 1, 4, 4, 1, 1, 0, 1, 3, 2, 2, 1, 2, 1, 1, 2, 4, 3, 0, 2, 2, 3, 3, 1, 1, 2, 1, 1, 1, 4, 1, 3, 4, 1, 2, 4, 3, 1, 3, 1, 2, 4, 4, 4, 3, 2, 2, 3, 2, 4, 3, 2, 2, 4, 4, 4, 1, 2, 3, 1]|[0, 2, 0, 0, 3, 0, 1, 3, 0, 0, 2, 0, 1, 0, 1, 0, 0, 0, 1, 0, 0, 2, 0, 0, 1, 0, 0, 3, 0, 1, 0, 2, 0, 0, 3, 0, 1, 1, 0, 0, 0, 0, 1, 3, 0, 0, 1, 0, 2, 0, 0, 0, 0, 0, 1, 0, 1, 0, 1, 1, 0, 2, 0, 0, 0, 0, 0, 0, 0, 2, 0, 0, 1, 0, 0, 1, 0, 0, 3, 0, 0, 1, 2, 2, 0, 0, 0, 3, 0, 1, 0, 0, 0, 1, 3, 1, 0, 0, 0, 0],900.0760482104305,49104.85573898611,106612.48357517918,false
43,G3_TWC,G3_TWC,[31, 22, 82, 15, 26, 58, 95, 42, 77, 12, 47, 5, 93, 78, 98, 54, 85, 63, 18, 44, 20, 35, 43, 86, 91, 76, 10, 30, 21, 45, 71, 64, 1, 23, 17, 83, 24, 14, 60, 36, 6, 57, 94, 88, 65, 56, 79, 40, 67, 68, 46, 75, 38, 9, 19, 32, 81, 41, 27, 62, 87, 90, 99, 59, 11, 16, 72, 73, 70, 39, 37, 84, 3, 92, 25, 55, 28, 29, 51, 7, 33, 61, 97, 66, 89, 50, 48, 96, 53, 80, 8, 4, 34, 49, 52, 2, 13, 0, 69, 74]|[1, 1, 0, 1, 1, 1, 2, 1, 2, 1, 2, 2, 2, 1, 1, 0, 0, 1, 0, 2, 2, 0, 1, 2, 0, 1, 2, 2, 0, 0, 1, 2, 1, 2, 1, 0, 2, 0, 1, 1, 0, 1, 1, 1, 0, 2, 1, 1, 0, 0, 0, 0, 1, 1, 2, 1, 2, 0, 0, 0, 2, 1, 0, 1, 2, 1, 2, 1, 1, 1, 1, 1, 2, 0, 1, 1, 0, 0, 0, 1, 2, 1, 2, 2, 1, 0, 0, 0, 0, 0, 1, 0, 2, 0, 1, 0, 0, 0, 1, 2]|[4, 3, 2, 2, 0, 0, 2, 2, 2, 4, 1, 1, 2, 4, 4, 1, 1, 4, 2, 1, 1, 1, 1, 2, 1, 2, 1, 1, 1, 1, 3, 2, 3, 0, 4, 0, 1, 1, 0, 3, 2, 2, 4, 0, 1, 1, 0, 2, 0, 1, 2, 2, 1, 4, 0, 3, 2, 1, 1, 2, 1, 3, 1, 1, 1, 3, 0, 4, 3, 1, 4, 1, 1, 2, 4, 4, 2, 1, 1, 3, 1, 3, 2, 1, 1, 1, 1, 1, 2, 1, 3, 2, 1, 1, 1, 2, 2, 2, 3, 1]|[0, 2, 1, 1, 3, 3, 0, 1, 0, 0, 0, 0, 1, 0, 1, 0, 0, 3, 1, 0, 0, 0, 3, 1, 0, 2, 0, 0, 0, 1, 0, 0, 0, 0, 3, 0, 1, 0, 0, 2, 1, 1, 2, 0, 0, 0, 0, 1, 1, 0, 0, 0, 1, 3, 0, 0, 1, 0, 0, 1, 0, 2, 0, 1, 0, 2, 1, 0, 0, 1, 1, 3, 0, 1, 3, 3, 1, 0, 0, 2, 0, 0, 1, 0, 1, 0, 0, 0, 1, 0, 2, 1, 0, 1, 1, 0, 0, 0, 0, 0],769.3675528023551,58442.12874530247,89320.05883222428,false
43,G1_CMAX,G1_CMAX,[31, 22, 90, 26, 58, 95, 42, 12, 93, 5, 78, 86, 98, 18, 20, 35, 3, 97, 91, 76, 10, 85, 54, 45, 63, 71, 66, 1, 23, 17, 24, 60, 36, 6, 57, 15, 65, 56, 47, 79, 94, 67, 50, 46, 14, 75, 38, 9, 30, 19, 32, 81, 27, 92, 83, 87, 40, 99, 59, 11, 53, 16, 72, 77, 73, 70, 39, 37, 84, 43, 62, 25, 55, 28, 29, 51, 68, 82, 74, 61, 88, 21, 80, 89, 7, 69, 96, 41, 48, 4, 8, 34, 49, 52, 0, 44, 13, 2, 64, 33]|[1, 1, 1, 1, 0, 2, 1, 1, 2, 2, 2, 1, 0, 1, 2, 2, 1, 2, 0, 1, 2, 2, 2, 0, 0, 1, 2, 1, 2, 1, 2, 1, 1, 0, 1, 1, 0, 2, 2, 1, 1, 0, 0, 0, 0, 1, 1, 1, 1, 2, 1, 2, 2, 0, 0, 2, 1, 0, 0, 2, 0, 1, 2, 2, 1, 1, 1, 1, 1, 1, 0, 1, 1, 0, 0, 0, 0, 0, 2, 1, 1, 0, 0, 1, 1, 1, 2, 2, 0, 1, 1, 2, 0, 1, 0, 0, 0, 0, 2, 2]|[0, 4, 3, 0, 1, 1, 2, 4, 1, 1, 2, 4, 1, 4, 1, 1, 1, 2, 2, 2, 2, 1, 1, 1, 2, 3, 2, 3, 0, 4, 1, 0, 3, 2, 2, 2, 1, 1, 1, 0, 2, 0, 1, 2, 1, 3, 1, 4, 2, 0, 3, 2, 1, 2, 1, 1, 4, 1, 1, 1, 2, 3, 0, 2, 4, 3, 1, 4, 1, 1, 1, 4, 4, 2, 1, 1, 1, 2, 1, 3, 0, 1, 1, 1, 1, 3, 1, 1, 1, 4, 3, 1, 1, 1, 2, 2, 2, 2, 1, 1]|[3, 0, 2, 3, 0, 0, 1, 0, 0, 0, 1, 0, 0, 3, 0, 0, 1, 1, 1, 2, 1, 0, 0, 0, 0, 0, 0, 0, 0, 3, 1, 0, 2, 1, 1, 1, 0, 0, 0, 0, 1, 1, 0, 0, 0, 0, 1, 3, 2, 0, 0, 1, 0, 1, 0, 0, 2, 0, 0, 0, 1, 2, 1, 1, 0, 0, 1, 1, 3, 3, 0, 3, 3, 1, 0, 0, 0, 1, 0, 0, 0, 0, 0, 1, 2, 2, 0, 0, 0, 0, 2, 0, 1, 1, 0, 0, 0, 0, 0, 0],705.0470749739228,58445.79123614564,95781.2895945797,false
43,G4_BALANCED,G1_CMAX,[22, 82, 3, 58, 95, 42, 77, 47, 5, 93, 78, 12, 86, 54, 50, 63, 18, 44, 20, 35, 43, 97, 91, 76, 10, 30, 21, 45, 71, 64, 36, 23, 17, 83, 24, 14, 60, 1, 6, 40, 57, 90, 65, 56, 79, 94, 67, 68, 46, 75, 38, 9, 19, 32, 81, 41, 27, 62, 16, 55, 59, 89, 88, 87, 31, 72, 73, 70, 39, 37, 84, 92, 25, 11, 48, 15, 29, 51, 7, 33, 61, 98, 28, 99, 26, 85, 66, 96, 53, 80, 4, 8, 34, 49, 52, 2, 13, 0, 69, 74]|[1, 0, 1, 0, 1, 2, 2, 2, 2, 2, 1, 1, 1, 0, 0, 1, 0, 2, 2, 0, 1, 2, 0, 1, 2, 2, 0, 0, 1, 2, 1, 2, 1, 0, 2, 0, 1, 1, 0, 1, 1, 1, 0, 2, 1, 1, 0, 0, 0, 0, 1, 1, 2, 1, 2, 0, 0, 0, 1, 2, 1, 1, 1, 1, 1, 2, 1, 2, 1, 1, 1, 0, 1, 2, 2, 1, 0, 0, 1, 2, 1, 2, 0, 1, 1, 0, 0, 2, 0, 0, 1, 1, 2, 0, 1, 0, 0, 0, 1, 2]|[3, 2, 1, 1, 2, 1, 2, 1, 1, 2, 4, 4, 4, 1, 1, 4, 2, 1, 1, 1, 1, 2, 1, 2, 1, 1, 2, 1, 3, 2, 3, 1, 4, 1, 1, 1, 0, 3, 2, 2, 2, 3, 1, 1, 0, 4, 0, 1, 2, 2, 1, 4, 0, 3, 2, 1, 1, 2, 3, 1, 1, 1, 0, 3, 0, 0, 3, 0, 1, 4, 1, 0, 4, 1, 1, 4, 1, 1, 1, 1, 3, 1, 2, 1, 0, 2, 1, 1, 2, 1, 4, 3, 1, 1, 1, 2, 2, 2, 4, 1]|[3, 1, 2, 0, 1, 0, 0, 0, 0, 1, 0, 0, 1, 0, 0, 3, 1, 0, 0, 0, 3, 1, 0, 2, 0, 0, 0, 1, 0, 0, 2, 0, 3, 0, 1, 0, 0, 0, 1, 1, 1, 2, 0, 0, 0, 2, 1, 0, 0, 0, 1, 3, 0, 0, 1, 0, 0, 1, 2, 0, 1, 1, 0, 2, 0, 1, 0, 1, 1, 1, 1, 1, 3, 0, 0, 3, 0, 0, 2, 0, 0, 0, 1, 1, 3, 0, 0, 0, 1, 0, 0, 2, 0, 1, 1, 0, 0, 0, 2, 0],715.7913946700162,58060.95961022334,95287.06515100288,true
43,G2_TEC,G4_BALANCED,[31, 11, 15, 82, 26, 9, 95, 32, 77, 68, 47, 5, 93, 78, 86, 54, 85, 63, 18, 44, 20, 49, 36, 14, 74, 50, 53, 17, 21, 45, 71, 64, 3, 23, 30, 83, 24, 41, 60, 52, 65, 27, 90, 70, 39, 87, 48, 69, 99, 4, 46, 1, 13, 58, 97, 59, 28, 75, 73, 37, 35, 79, 22, 66, 76, 42, 40, 80, 96, 6, 16, 61, 33, 7, 57, 34, 12, 67, 10, 98, 56, 88, 29, 94, 91, 51, 19, 92, 43, 84, 38, 72, 81, 8, 2, 55, 62, 89, 25, 0]|[2, 1, 1, 2, 1, 2, 1, 1, 1, 1, 1, 0, 2, 2, 1, 2, 0, 0, 0, 2, 2, 1, 0, 2, 0, 2, 2, 1, 0, 1, 1, 1, 0, 0, 1, 0, 2, 1, 2, 2, 0, 0, 1, 1, 0, 2, 0, 2, 1, 0, 0, 2, 0, 0, 2, 0, 1, 0, 0, 0, 2, 1, 0, 2, 2, 0, 2, 2, 0, 1, 2, 1, 1, 2, 0, 1, 1, 1, 1, 2, 2, 1, 1, 2, 1, 1, 1, 0, 1, 0, 0, 1, 1, 1, 2, 0, 1, 1, 1, 0]|[1, 3, 2, 0, 4, 1, 4, 4, 2, 4, 3, 2, 1, 0, 2, 1, 1, 1, 2, 1, 1, 3, 0, 1, 0, 1, 1, 4, 1, 4, 3, 2, 2, 0, 4, 1, 1, 4, 0, 1, 2, 1, 4, 4, 1, 1, 0, 2, 3, 1, 2, 1, 2, 1, 1, 2, 4, 2, 0, 2, 2, 3, 1, 0, 1, 2, 0, 1, 2, 4, 1, 3, 4, 1, 2, 4, 3, 3, 3, 1, 1, 4, 3, 1, 3, 3, 4, 2, 4, 2, 2, 4, 1, 3, 1, 2, 3, 4, 4, 2]|[1, 2, 1, 0, 3, 0, 1, 3, 0, 0, 2, 0, 1, 0, 1, 0, 0, 0, 1, 0, 0, 2, 0, 0, 1, 0, 0, 3, 0, 1, 0, 2, 0, 1, 3, 0, 1, 3, 1, 0, 0, 0, 1, 3, 0, 0, 1, 0, 2, 0, 0, 0, 0, 0, 1, 0, 1, 0, 1, 1, 0, 2, 0, 0, 0, 0, 0, 0, 0, 2, 0, 0, 1, 0, 0, 1, 0, 0, 3, 0, 0, 1, 0, 0, 0, 0, 3, 0, 2, 0, 0, 2, 1, 0, 0, 0, 0, 1, 3, 0],836.569815134707,52504.092339752446,107095.57005228325,true
43,G3_TWC,G3_TWC,[31, 22, 82, 15, 26, 58, 95, 42, 77, 12, 47, 5, 93, 78, 98, 54, 85, 63, 18, 44, 20, 35, 43, 97, 91, 76, 10, 30, 21, 45, 71, 64, 1, 23, 17, 83, 24, 14, 60, 36, 6, 57, 94, 88, 65, 56, 79, 40, 67, 68, 46, 75, 38, 9, 19, 32, 81, 41, 27, 62, 87, 90, 99, 59, 11, 16, 72, 73, 70, 39, 37, 84, 3, 92, 25, 55, 28, 29, 51, 7, 33, 61, 86, 48, 89, 34, 69, 96, 53, 80, 4, 8, 50, 49, 0, 2, 13, 52, 66, 74]|[1, 1, 0, 1, 1, 1, 2, 1, 2, 1, 2, 2, 2, 1, 1, 0, 0, 1, 0, 2, 2, 0, 1, 2, 0, 1, 2, 2, 0, 0, 1, 2, 1, 2, 1, 0, 2, 0, 1, 1, 0, 1, 1, 1, 0, 2, 1, 1, 0, 0, 0, 0, 1, 1, 2, 1, 2, 0, 0, 0, 2, 1, 0, 1, 2, 1, 2, 1, 1, 1, 1, 1, 1, 0, 1, 1, 0, 0, 0, 1, 2, 1, 0, 0, 1, 2, 1, 0, 0, 0, 0, 1, 2, 0, 0, 0, 0, 1, 2, 2]|[4, 3, 2, 2, 0, 0, 2, 2, 2, 4, 1, 1, 2, 4, 4, 1, 1, 4, 2, 1, 1, 1, 1, 2, 1, 2, 1, 1, 1, 1, 3, 2, 3, 0, 4, 0, 1, 1, 0, 3, 2, 2, 4, 0, 1, 1, 0, 2, 0, 1, 2, 2, 1, 4, 0, 3, 2, 1, 1, 2, 1, 3, 1, 1, 1, 3, 0, 4, 3, 1, 4, 1, 1, 2, 4, 4, 2, 1, 1, 3, 1, 3, 1, 1, 1, 1, 3, 1, 2, 1, 2, 3, 1, 1, 2, 2, 2, 1, 1, 1]|[0, 2, 1, 1, 3, 3, 0, 1, 0, 0, 0, 0, 1, 0, 1, 0, 0, 3, 1, 0, 0, 0, 3, 1, 0, 2, 0, 0, 0, 1, 0, 0, 0, 0, 3, 0, 1, 0, 0, 2, 1, 1, 2, 0, 0, 0, 0, 1, 1, 0, 0, 0, 1, 3, 0, 0, 1, 0, 0, 1, 0, 2, 0, 1, 0, 2, 1, 0, 0, 1, 1, 3, 1, 1, 3, 3, 1, 0, 0, 2, 0, 0, 0, 0, 1, 0, 0, 0, 1, 0, 1, 2, 0, 1, 0, 0, 0, 1, 0, 0],767.1912867080199,58002.97399567442,89553.52421073538,false
43,G1_CMAX,G1_CMAX,[31, 22, 90, 26, 58, 95, 42, 12, 93, 5, 78, 86, 98, 18, 20, 35, 3, 97, 91, 76, 10, 85, 54, 45, 63, 71, 66, 1, 23, 17, 24, 60, 36, 6, 57, 15, 65, 56, 47, 79, 94, 67, 50, 46, 14, 75, 38, 9, 30, 19, 32, 81, 27, 92, 83, 87, 40, 99, 59, 11, 53, 16, 72, 77, 73, 70, 39, 37, 84, 43, 62, 25, 55, 28, 29, 51, 68, 82, 74, 61, 88, 21, 80, 89, 7, 69, 96, 41, 48, 4, 8, 34, 49, 52, 0, 44, 13, 2, 64, 33]|[1, 1, 1, 1, 0, 2, 1, 1, 2, 2, 2, 1, 0, 1, 2, 2, 1, 2, 0, 1, 2, 2, 2, 0, 0, 1, 2, 1, 2, 1, 2, 1, 1, 0, 1, 1, 0, 2, 2, 1, 1, 0, 0, 0, 0, 1, 1, 1, 1, 2, 1, 2, 2, 0, 0, 2, 1, 0, 0, 2, 0, 1, 2, 2, 1, 1, 1, 1, 1, 1, 0, 1, 1, 0, 0, 0, 0, 0, 2, 1, 1, 0, 0, 1, 1, 1, 2, 2, 0, 1, 1, 2, 0, 1, 0, 0, 0, 0, 2, 2]|[0, 4, 3, 0, 1, 1, 2, 4, 1, 1, 2, 4, 1, 4, 1, 1, 1, 2, 2, 2, 2, 1, 1, 1, 2, 3, 2, 3, 0, 4, 1, 0, 3, 2, 2, 2, 1, 1, 1, 0, 2, 0, 1, 2, 1, 3, 1, 4, 2, 0, 3, 2, 1, 2, 1, 1, 4, 1, 1, 1, 2, 3, 0, 2, 4, 3, 1, 4, 1, 1, 1, 4, 4, 2, 1, 1, 1, 2, 1, 3, 0, 1, 1, 1, 1, 3, 1, 1, 1, 4, 3, 1, 1, 1, 2, 2, 2, 2, 1, 1]|[3, 0, 2, 3, 0, 0, 1, 0, 0, 0, 1, 0, 0, 3, 0, 0, 1, 1, 1, 2, 1, 0, 0, 0, 0, 0, 0, 0, 0, 3, 1, 0, 2, 1, 1, 1, 0, 0, 0, 0, 1, 1, 0, 0, 0, 0, 1, 3, 2, 0, 0, 1, 0, 1, 0, 0, 2, 0, 0, 0, 1, 2, 1, 1, 0, 0, 1, 1, 3, 3, 0, 3, 3, 1, 0, 0, 0, 1, 0, 0, 0, 0, 0, 1, 2, 2, 0, 0, 0, 0, 2, 0, 1, 1, 0, 0, 0, 0, 0, 0],705.0470749739228,58445.79123614564,95781.2895945797,false
43,G4_BALANCED,G1_CMAX,[22, 82, 3, 58, 95, 42, 77, 47, 5, 93, 78, 12, 86, 54, 50, 63, 18, 44, 20, 35, 43, 97, 91, 76, 10, 30, 21, 45, 71, 64, 36, 23, 17, 83, 24, 14, 60, 1, 6, 40, 57, 90, 65, 56, 79, 94, 67, 68, 46, 75, 38, 9, 19, 32, 81, 41, 27, 62, 16, 55, 59, 89, 88, 87, 31, 72, 73, 70, 39, 37, 84, 92, 25, 11, 48, 15, 29, 51, 7, 33, 61, 98, 28, 99, 26, 85, 66, 96, 53, 80, 4, 8, 34, 49, 52, 2, 13, 0, 69, 74]|[1, 0, 1, 0, 1, 2, 2, 2, 2, 2, 1, 1, 1, 0, 0, 1, 0, 2, 2, 0, 1, 2, 0, 1, 2, 2, 0, 0, 1, 2, 1, 2, 1, 0, 2, 0, 1, 1, 0, 1, 1, 1, 0, 2, 1, 1, 0, 0, 0, 0, 1, 1, 2, 1, 2, 0, 0, 0, 1, 2, 1, 1, 1, 1, 1, 2, 1, 2, 1, 1, 1, 0, 1, 2, 2, 1, 0, 0, 1, 2, 1, 2, 0, 1, 1, 0, 0, 2, 0, 0, 1, 1, 2, 0, 1, 0, 0, 0, 1, 2]|[3, 2, 1, 1, 2, 1, 2, 1, 1, 2, 4, 4, 4, 1, 1, 4, 2, 1, 1, 1, 1, 2, 1, 2, 1, 1, 2, 1, 3, 2, 3, 1, 4, 1, 1, 1, 0, 3, 2, 2, 2, 3, 1, 1, 0, 4, 0, 1, 2, 2, 1, 4, 0, 3, 2, 1, 1, 2, 3, 1, 1, 1, 0, 3, 0, 0, 3, 0, 1, 4, 1, 0, 4, 1, 1, 4, 1, 1, 1, 1, 3, 1, 2, 1, 0, 2, 1, 1, 2, 1, 4, 3, 1, 1, 1, 2, 2, 2, 4, 1]|[3, 1, 2, 0, 1, 0, 0, 0, 0, 1, 0, 0, 1, 0, 0, 3, 1, 0, 0, 0, 3, 1, 0, 2, 0, 0, 0, 1, 0, 0, 2, 0, 3, 0, 1, 0, 0, 0, 1, 1, 1, 2, 0, 0, 0, 2, 1, 0, 0, 0, 1, 3, 0, 0, 1, 0, 0, 1, 2, 0, 1, 1, 0, 2, 0, 1, 0, 1, 1, 1, 1, 1, 3, 0, 0, 3, 0, 0, 2, 0, 0, 0, 1, 1, 3, 0, 0, 0, 1, 0, 0, 2, 0, 1, 1, 0, 0, 0, 2, 0],715.7913946700162,58060.95961022334,95287.06515100288,true
43,G2_TEC,G1_CMAX,[31, 22, 82, 15, 26, 99, 95, 42, 77, 12, 47, 5, 93, 78, 86, 54, 21, 63, 18, 44, 20, 35, 43, 97, 91, 76, 10, 30, 85, 45, 71, 64, 1, 23, 57, 83, 24, 14, 60, 36, 6, 17, 40, 88, 65, 56, 79, 94, 67, 68, 46, 75, 38, 9, 19, 32, 41, 81, 27, 87, 90, 58, 59, 11, 16, 72, 73, 70, 39, 37, 84, 3, 92, 62, 25, 55, 28, 29, 51, 7, 33, 61, 48, 66, 89, 50, 98, 96, 53, 80, 4, 8, 34, 49, 52, 0, 13, 2, 69, 74]|[1, 1, 0, 1, 1, 0, 1, 1, 2, 1, 2, 2, 2, 1, 1, 0, 0, 1, 0, 2, 2, 0, 1, 2, 0, 1, 2, 2, 0, 0, 1, 2, 1, 2, 1, 0, 2, 0, 1, 1, 0, 1, 1, 1, 0, 2, 1, 1, 0, 0, 0, 0, 1, 1, 2, 1, 0, 2, 0, 2, 1, 0, 1, 2, 1, 2, 1, 1, 1, 1, 1, 1, 0, 0, 1, 2, 0, 0, 0, 2, 2, 1, 0, 2, 1, 0, 2, 2, 0, 0, 1, 1, 2, 0, 1, 0, 0, 0, 1, 2]|[4, 3, 2, 2, 4, 1, 2, 3, 2, 4, 1, 1, 2, 4, 4, 1, 1, 4, 2, 1, 1, 1, 1, 2, 1, 2, 1, 1, 2, 1, 3, 2, 3, 1, 4, 0, 1, 1, 0, 3, 2, 2, 2, 0, 1, 1, 0, 4, 0, 1, 2, 2, 1, 4, 0, 3, 1, 1, 1, 1, 3, 1, 1, 1, 3, 0, 4, 3, 1, 4, 1, 1, 2, 2, 4, 1, 2, 1, 1, 1, 1, 3, 1, 1, 1, 1, 1, 1, 2, 1, 4, 3, 1, 1, 1, 2, 2, 2, 4, 1]|[0, 2, 1, 1, 3, 0, 1, 3, 0, 0, 0, 0, 1, 0, 1, 0, 0, 3, 1, 0, 0, 0, 3, 1, 0, 2, 0, 0, 0, 1, 0, 0, 0, 0, 3, 0, 1, 0, 0, 2, 1, 1, 1, 0, 0, 0, 0, 2, 1, 0, 0, 0, 1, 3, 0, 0, 0, 0, 0, 0, 2, 0, 1, 0, 2, 1, 0, 0, 1, 1, 3, 1, 1, 1, 3, 0, 1, 0, 0, 0, 0, 0, 0, 0, 1, 0, 0, 0, 1, 0, 0, 2, 0, 1, 1, 0, 0, 0, 2, 0],734.7453063916988,56263.92028463015,92350.96868886708,true
43,G3_TWC,G3_TWC,[31, 22, 82, 15, 26, 58, 95, 42, 77, 12, 47, 5, 93, 78, 98, 54, 85, 63, 18, 44, 20, 35, 43, 97, 91, 76, 10, 30, 21, 45, 71, 64, 1, 23, 17, 83, 24, 14, 60, 36, 6, 57, 94, 88, 65, 56, 79, 40, 67, 68, 46, 75, 38, 9, 19, 32, 81, 41, 27, 62, 87, 90, 99, 59, 11, 16, 72, 73, 70, 39, 37, 84, 3, 92, 25, 55, 28, 29, 51, 7, 33, 61, 86, 48, 89, 34, 69, 96, 53, 80, 4, 8, 50, 49, 0, 2, 13, 52, 66, 74]|[1, 1, 0, 1, 1, 1, 2, 1, 2, 1, 2, 2, 2, 1, 1, 0, 0, 1, 0, 2, 2, 0, 1, 2, 0, 1, 2, 2, 0, 0, 1, 2, 1, 2, 1, 0, 2, 0, 1, 1, 0, 1, 1, 1, 0, 2, 1, 1, 0, 0, 0, 0, 1, 1, 2, 1, 2, 0, 0, 0, 2, 1, 0, 1, 2, 1, 2, 1, 1, 1, 1, 1, 1, 0, 1, 1, 0, 0, 0, 1, 2, 1, 0, 0, 1, 2, 1, 0, 0, 0, 0, 1, 2, 0, 0, 0, 0, 1, 2, 2]|[4, 3, 2, 2, 0, 0, 2, 2, 2, 4, 1, 1, 2, 4, 4, 1, 1, 4, 2, 1, 1, 1, 1, 2, 1, 2, 1, 1, 1, 1, 3, 2, 3, 0, 4, 0, 1, 1, 0, 3, 2, 2, 4, 0, 1, 1, 0, 2, 0, 1, 2, 2, 1, 4, 0, 3, 2, 1, 1, 2, 1, 3, 1, 1, 1, 3, 0, 4, 3, 1, 4, 1, 1, 2, 4, 4, 2, 1, 1, 3, 1, 3, 1, 1, 1, 1, 3, 1, 2, 1, 2, 3, 1, 1, 2, 2, 2, 1, 1, 1]|[0, 2, 1, 1, 3, 3, 0, 1, 0, 0, 0, 0, 1, 0, 1, 0, 0, 3, 1, 0, 0, 0, 3, 1, 0, 2, 0, 0, 0, 1, 0, 0, 0, 0, 3, 0, 1, 0, 0, 2, 1, 1, 2, 0, 0, 0, 0, 1, 1, 0, 0, 0, 1, 3, 0, 0, 1, 0, 0, 1, 0, 2, 0, 1, 0, 2, 1, 0, 0, 1, 1, 3, 1, 1, 3, 3, 1, 0, 0, 2, 0, 0, 0, 0, 1, 0, 0, 0, 1, 0, 1, 2, 0, 1, 0, 0, 0, 1, 0, 0],767.1912867080199,58002.97399567442,89553.52421073538,false
43,G1_CMAX,G1_CMAX,[31, 22, 90, 26, 58, 95, 42, 12, 93, 5, 78, 86, 98, 18, 20, 35, 3, 97, 91, 76, 10, 85, 54, 45, 63, 71, 66, 1, 23, 17, 24, 60, 36, 6, 57, 15, 65, 56, 47, 79, 94, 67, 50, 46, 14, 75, 38, 9, 30, 19, 32, 81, 27, 92, 83, 87, 40, 99, 59, 11, 53, 16, 72, 77, 73, 70, 39, 37, 84, 43, 62, 25, 55, 28, 29, 51, 68, 82, 74, 61, 88, 21, 80, 89, 7, 69, 96, 41, 48, 4, 8, 34, 49, 52, 0, 44, 13, 2, 64, 33]|[1, 1, 1, 1, 0, 2, 1, 1, 2, 2, 2, 1, 0, 1, 2, 2, 1, 2, 0, 1, 2, 2, 2, 0, 0, 1, 2, 1, 2, 1, 2, 1, 1, 0, 1, 1, 0, 2, 2, 1, 1, 0, 0, 0, 0, 1, 1, 1, 1, 2, 1, 2, 2, 0, 0, 2, 1, 0, 0, 2, 0, 1, 2, 2, 1, 1, 1, 1, 1, 1, 0, 1, 1, 0, 0, 0, 0, 0, 2, 1, 1, 0, 0, 1, 1, 1, 2, 2, 0, 1, 1, 2, 0, 1, 0, 0, 0, 0, 2, 2]|[0, 4, 3, 0, 1, 1, 2, 4, 1, 1, 2, 4, 1, 4, 1, 1, 1, 2, 2, 2, 2, 1, 1, 1, 2, 3, 2, 3, 0, 4, 1, 0, 3, 2, 2, 2, 1, 1, 1, 0, 2, 0, 1, 2, 1, 3, 1, 4, 2, 0, 3, 2, 1, 2, 1, 1, 4, 1, 1, 1, 2, 3, 0, 2, 4, 3, 1, 4, 1, 1, 1, 4, 4, 2, 1, 1, 1, 2, 1, 3, 0, 1, 1, 1, 1, 3, 1, 1, 1, 4, 3, 1, 1, 1, 2, 2, 2, 2, 1, 1]|[3, 0, 2, 3, 0, 0, 1, 0, 0, 0, 1, 0, 0, 3, 0, 0, 1, 1, 1, 2, 1, 0, 0, 0, 0, 0, 0, 0, 0, 3, 1, 0, 2, 1, 1, 1, 0, 0, 0, 0, 1, 1, 0, 0, 0, 0, 1, 3, 2, 0, 0, 1, 0, 1, 0, 0, 2, 0, 0, 0, 1, 2, 1, 1, 0, 0, 1, 1, 3, 3, 0, 3, 3, 1, 0, 0, 0, 1, 0, 0, 0, 0, 0, 1, 2, 2, 0, 0, 0, 0, 2, 0, 1, 1, 0, 0, 0, 0, 0, 0],705.0470749739228,58445.79123614564,95781.2895945797,false
43,G4_BALANCED,G1_CMAX,[22, 82, 3, 58, 95, 42, 77, 47, 5, 93, 78, 12, 86, 54, 50, 63, 18, 44, 20, 35, 43, 97, 91, 76, 10, 30, 21, 45, 71, 64, 36, 23, 17, 83, 24, 14, 60, 1, 6, 40, 57, 90, 65, 56, 79, 94, 67, 68, 46, 75, 38, 9, 19, 32, 81, 41, 27, 62, 16, 55, 59, 89, 88, 87, 31, 72, 73, 70, 39, 37, 84, 92, 25, 11, 48, 15, 29, 51, 7, 33, 61, 98, 28, 99, 26, 85, 66, 96, 53, 80, 4, 8, 34, 49, 52, 2, 13, 0, 69, 74]|[1, 0, 1, 0, 1, 2, 2, 2, 2, 2, 1, 1, 1, 0, 0, 1, 0, 2, 2, 0, 1, 2, 0, 1, 2, 2, 0, 0, 1, 2, 1, 2, 1, 0, 2, 0, 1, 1, 0, 1, 1, 1, 0, 2, 1, 1, 0, 0, 0, 0, 1, 1, 2, 1, 2, 0, 0, 0, 1, 2, 1, 1, 1, 1, 1, 2, 1, 2, 1, 1, 1, 0, 1, 2, 2, 1, 0, 0, 1, 2, 1, 2, 0, 1, 1, 0, 0, 2, 0, 0, 1, 1, 2, 0, 1, 0, 0, 0, 1, 2]|[3, 2, 1, 1, 2, 1, 2, 1, 1, 2, 4, 4, 4, 1, 1, 4, 2, 1, 1, 1, 1, 2, 1, 2, 1, 1, 2, 1, 3, 2, 3, 1, 4, 1, 1, 1, 0, 3, 2, 2, 2, 3, 1, 1, 0, 4, 0, 1, 2, 2, 1, 4, 0, 3, 2, 1, 1, 2, 3, 1, 1, 1, 0, 3, 0, 0, 3, 0, 1, 4, 1, 0, 4, 1, 1, 4, 1, 1, 1, 1, 3, 1, 2, 1, 0, 2, 1, 1, 2, 1, 4, 3, 1, 1, 1, 2, 2, 2, 4, 1]|[3, 1, 2, 0, 1, 0, 0, 0, 0, 1, 0, 0, 1, 0, 0, 3, 1, 0, 0, 0, 3, 1, 0, 2, 0, 0, 0, 1, 0, 0, 2, 0, 3, 0, 1, 0, 0, 0, 1, 1, 1, 2, 0, 0, 0, 2, 1, 0, 0, 0, 1, 3, 0, 0, 1, 0, 0, 1, 2, 0, 1, 1, 0, 2, 0, 1, 0, 1, 1, 1, 1, 1, 3, 0, 0, 3, 0, 0, 2, 0, 0, 0, 1, 1, 3, 0, 0, 0, 1, 0, 0, 2, 0, 1, 1, 0, 0, 0, 2, 0],715.7913946700162,58060.95961022334,95287.06515100288,true
43,G2_TEC,G2_TEC,[31, 22, 82, 15, 26, 9, 95, 42, 77, 68, 47, 5, 93, 78, 86, 54, 85, 63, 18, 44, 20, 49, 36, 14, 74, 50, 53, 17, 21, 28, 11, 64, 3, 23, 30, 83, 24, 41, 40, 52, 65, 27, 90, 70, 39, 87, 48, 69, 99, 4, 75, 1, 13, 58, 97, 59, 45, 8, 73, 37, 35, 79, 71, 66, 76, 32, 60, 80, 56, 6, 67, 61, 33, 7, 57, 34, 12, 16, 10, 98, 96, 88, 43, 81, 91, 2, 84, 29, 92, 19, 51, 55, 46, 89, 25, 72, 94, 38, 62, 0]|[2, 1, 2, 1, 1, 2, 1, 1, 1, 1, 1, 0, 2, 2, 1, 2, 0, 0, 0, 2, 2, 1, 0, 2, 0, 2, 2, 1, 0, 1, 1, 1, 0, 0, 1, 0, 2, 1, 2, 2, 0, 0, 1, 1, 0, 2, 0, 2, 1, 0, 0, 2, 0, 0, 2, 0, 1, 1, 0, 0, 2, 1, 1, 2, 2, 0, 2, 2, 2, 1, 2, 1, 1, 2, 0, 1, 1, 2, 1, 2, 0, 1, 1, 1, 1, 0, 0, 1, 0, 1, 1, 0, 0, 1, 1, 1, 2, 0, 1, 2]|[0, 3, 0, 3, 4, 1, 4, 4, 2, 4, 3, 2, 1, 0, 2, 1, 1, 1, 2, 1, 1, 3, 0, 1, 0, 1, 1, 4, 1, 4, 3, 2, 2, 0, 4, 1, 1, 4, 1, 1, 2, 1, 4, 4, 1, 1, 0, 1, 3, 2, 2, 1, 2, 1, 1, 2, 4, 3, 0, 2, 2, 3, 3, 1, 1, 2, 1, 1, 1, 4, 1, 3, 4, 1, 2, 4, 3, 1, 3, 1, 2, 4, 4, 4, 3, 2, 2, 3, 2, 4, 3, 2, 2, 4, 4, 4, 1, 2, 3, 1]|[0, 2, 0, 0, 3, 0, 1, 3, 0, 0, 2, 0, 1, 0, 1, 0, 0, 0, 1, 0, 0, 2, 0, 0, 1, 0, 0, 3, 0, 1, 0, 2, 0, 0, 3, 0, 1, 1, 0, 0, 0, 0, 1, 3, 0, 0, 1, 0, 2, 0, 0, 0, 0, 0, 1, 0, 1, 0, 1, 1, 0, 2, 0, 0, 0, 0, 0, 0, 0, 2, 0, 0, 1, 0, 0, 1, 0, 0, 3, 0, 0, 1, 2, 2, 0, 0, 0, 3, 0, 1, 0, 0, 0, 1, 3, 1, 0, 0, 0, 0],900.0760482104305,49104.85573898611,106612.48357517918,false
43,G3_TWC,G3_TWC,[42, 31, 22, 82, 15, 26, 58, 95, 77, 12, 47, 5, 93, 78, 98, 54, 85, 63, 18, 44, 20, 35, 43, 97, 91, 76, 10, 30, 21, 45, 71, 64, 1, 23, 17, 83, 24, 14, 60, 36, 6, 57, 94, 88, 65, 56, 79, 40, 67, 68, 46, 75, 38, 9, 19, 32, 81, 41, 27, 62, 87, 90, 99, 59, 11, 16, 72, 73, 70, 39, 37, 84, 3, 92, 25, 55, 28, 29, 51, 7, 33, 61, 86, 66, 89, 50, 48, 96, 53, 80, 4, 8, 34, 49, 52, 0, 13, 2, 69, 74]|[1, 1, 1, 0, 1, 1, 1, 2, 2, 1, 2, 2, 2, 1, 1, 0, 0, 1, 0, 2, 2, 0, 1, 2, 0, 1, 2, 2, 0, 0, 1, 2, 1, 2, 1, 0, 2, 0, 1, 1, 0, 1, 1, 1, 0, 2, 1, 1, 0, 0, 0, 0, 1, 1, 2, 1, 2, 0, 0, 0, 2, 1, 0, 1, 2, 1, 2, 1, 1, 1, 1, 1, 2, 0, 1, 1, 0, 0, 0, 1, 2, 1, 0, 2, 1, 0, 0, 0, 0, 0, 0, 1, 2, 0, 1, 0, 0, 0, 1, 2]|[2, 4, 3, 2, 2, 0, 0, 2, 2, 4, 1, 1, 2, 4, 4, 1, 1, 4, 2, 1, 1, 1, 1, 2, 1, 2, 1, 1, 1, 1, 3, 2, 3, 0, 4, 0, 1, 1, 0, 3, 2, 2, 4, 0, 1, 1, 0, 2, 0, 1, 2, 2, 1, 4, 0, 3, 2, 1, 1, 2, 1, 3, 1, 1, 1, 3, 0, 4, 3, 1, 4, 1, 1, 2, 4, 4, 2, 1, 1, 3, 1, 3, 1, 1, 1, 1, 1, 1, 2, 1, 2, 3, 1, 1, 1, 2, 2, 2, 3, 1]|[1, 0, 2, 1, 1, 3, 3, 0, 0, 0, 0, 0, 1, 0, 1, 0, 0, 3, 1, 0, 0, 0, 3, 1, 0, 2, 0, 0, 0, 1, 0, 0, 0, 0, 3, 0, 1, 0, 0, 2, 1, 1, 2, 0, 0, 0, 0, 1, 1, 0, 0, 0, 1, 3, 0, 0, 1, 0, 0, 1, 0, 2, 0, 1, 0, 2, 1, 0, 0, 1, 1, 3, 0, 1, 3, 3, 1, 0, 0, 2, 0, 0, 0, 0, 1, 0, 0, 0, 1, 0, 1, 2, 0, 1, 1, 0, 0, 0, 0, 0],790.0808266764368,58301.839560278044,88734.19036740763,false
43,G1_CMAX,G1_CMAX,[31, 22, 90, 26, 58, 95, 42, 12, 93, 5, 78, 86, 98, 18, 20, 35, 3, 97, 91, 76, 10, 85, 54, 45, 63, 71, 66, 1, 23, 17, 24, 60, 36, 6, 57, 15, 65, 56, 47, 79, 94, 67, 50, 46, 14, 75, 38, 9, 30, 19, 32, 81, 27, 92, 83, 87, 40, 99, 59, 11, 53, 16, 72, 77, 73, 70, 39, 37, 84, 43, 62, 25, 55, 28, 29, 51, 68, 82, 74, 61, 88, 21, 80, 89, 7, 69, 96, 41, 48, 4, 8, 34, 49, 52, 0, 44, 13, 2, 64, 33]|[1, 1, 1, 1, 0, 2, 1, 1, 2, 2, 2, 1, 0, 1, 2, 2, 1, 2, 0, 1, 2, 2, 2, 0, 0, 1, 2, 1, 2, 1, 2, 1, 1, 0, 1, 1, 0, 2, 2, 1, 1, 0, 0, 0, 0, 1, 1, 1, 1, 2, 1, 2, 2, 0, 0, 2, 1, 0, 0, 2, 0, 1, 2, 2, 1, 1, 1, 1, 1, 1, 0, 1, 1, 0, 0, 0, 0, 0, 2, 1, 1, 0, 0, 1, 1, 1, 2, 2, 0, 1, 1, 2, 0, 1, 0, 0, 0, 0, 2, 2]|[0, 4, 3, 0, 1, 1, 2, 4, 1, 1, 2, 4, 1, 4, 1, 1, 1, 2, 2, 2, 2, 1, 1, 1, 2, 3, 2, 3, 0, 4, 1, 0, 3, 2, 2, 2, 1, 1, 1, 0, 2, 0, 1, 2, 1, 3, 1, 4, 2, 0, 3, 2, 1, 2, 1, 1, 4, 1, 1, 1, 2, 3, 0, 2, 4, 3, 1, 4, 1, 1, 1, 4, 4, 2, 1, 1, 1, 2, 1, 3, 0, 1, 1, 1, 1, 3, 1, 1, 1, 4, 3, 1, 1, 1, 2, 2, 2, 2, 1, 1]|[3, 0, 2, 3, 0, 0, 1, 0, 0, 0, 1, 0, 0, 3, 0, 0, 1, 1, 1, 2, 1, 0, 0, 0, 0, 0, 0, 0, 0, 3, 1, 0, 2, 1, 1, 1, 0, 0, 0, 0, 1, 1, 0, 0, 0, 0, 1, 3, 2, 0, 0, 1, 0, 1, 0, 0, 2, 0, 0, 0, 1, 2, 1, 1, 0, 0, 1, 1, 3, 3, 0, 3, 3, 1, 0, 0, 0, 1, 0, 0, 0, 0, 0, 1, 2, 2, 0, 0, 0, 0, 2, 0, 1, 1, 0, 0, 0, 0, 0, 0],705.0470749739228,58445.79123614564,95781.2895945797,false
43,G4_BALANCED,G1_CMAX,[22, 82, 3, 58, 95, 42, 77, 47, 5, 93, 78, 12, 86, 54, 50, 63, 18, 44, 20, 35, 43, 97, 91, 76, 10, 30, 21, 45, 71, 64, 36, 23, 17, 83, 24, 14, 60, 1, 6, 40, 57, 90, 65, 56, 79, 94, 67, 68, 46, 75, 38, 9, 19, 32, 81, 41, 27, 62, 16, 55, 59, 89, 88, 87, 31, 72, 73, 70, 39, 37, 84, 92, 25, 11, 48, 15, 29, 51, 7, 33, 61, 98, 28, 99, 26, 85, 66, 96, 53, 80, 4, 8, 34, 49, 52, 2, 13, 0, 69, 74]|[1, 0, 1, 0, 1, 2, 2, 2, 2, 2, 1, 1, 1, 0, 0, 1, 0, 2, 2, 0, 1, 2, 0, 1, 2, 2, 0, 0, 1, 2, 1, 2, 1, 0, 2, 0, 1, 1, 0, 1, 1, 1, 0, 2, 1, 1, 0, 0, 0, 0, 1, 1, 2, 1, 2, 0, 0, 0, 1, 2, 1, 1, 1, 1, 1, 2, 1, 2, 1, 1, 1, 0, 1, 2, 2, 1, 0, 0, 1, 2, 1, 2, 0, 1, 1, 0, 0, 2, 0, 0, 1, 1, 2, 0, 1, 0, 0, 0, 1, 2]|[3, 2, 1, 1, 2, 1, 2, 1, 1, 2, 4, 4, 4, 1, 1, 4, 2, 1, 1, 1, 1, 2, 1, 2, 1, 1, 2, 1, 3, 2, 3, 1, 4, 1, 1, 1, 0, 3, 2, 2, 2, 3, 1, 1, 0, 4, 0, 1, 2, 2, 1, 4, 0, 3, 2, 1, 1, 2, 3, 1, 1, 1, 0, 3, 0, 0, 3, 0, 1, 4, 1, 0, 4, 1, 1, 4, 1, 1, 1, 1, 3, 1, 2, 1, 0, 2, 1, 1, 2, 1, 4, 3, 1, 1, 1, 2, 2, 2, 4, 1]|[3, 1, 2, 0, 1, 0, 0, 0, 0, 1, 0, 0, 1, 0, 0, 3, 1, 0, 0, 0, 3, 1, 0, 2, 0, 0, 0, 1, 0, 0, 2, 0, 3, 0, 1, 0, 0, 0, 1, 1, 1, 2, 0, 0, 0, 2, 1, 0, 0, 0, 1, 3, 0, 0, 1, 0, 0, 1, 2, 0, 1, 1, 0, 2, 0, 1, 0, 1, 1, 1, 1, 1, 3, 0, 0, 3, 0, 0, 2, 0, 0, 0, 1, 1, 3, 0, 0, 0, 1, 0, 0, 2, 0, 1, 1, 0, 0, 0, 2, 0],715.7913946700162,58060.95961022334,95287.06515100288,true
43,G2_TEC,G2_TEC,[31, 22, 82, 15, 26, 9, 95, 42, 77, 68, 47, 5, 93, 78, 86, 54, 85, 63, 18, 44, 20, 49, 36, 14, 74, 50, 53, 17, 21, 28, 11, 64, 3, 23, 30, 83, 24, 41, 40, 52, 65, 27, 90, 70, 39, 87, 48, 69, 99, 4, 75, 1, 13, 58, 97, 59, 45, 8, 73, 37, 35, 79, 71, 66, 76, 32, 60, 80, 56, 6, 67, 61, 33, 7, 57, 34, 12, 16, 10, 98, 96, 88, 43, 81, 91, 2, 84, 29, 92, 19, 51, 55, 46, 89, 25, 72, 94, 38, 62, 0]|[2, 1, 2, 1, 1, 2, 1, 1, 1, 1, 1, 0, 2, 2, 1, 2, 0, 0, 0, 2, 2, 1, 0, 2, 0, 2, 2, 1, 0, 1, 1, 1, 0, 0, 1, 0, 2, 1, 2, 2, 0, 0, 1, 1, 0, 2, 0, 2, 1, 0, 0, 2, 0, 0, 2, 0, 1, 1, 0, 0, 2, 1, 1, 2, 2, 0, 2, 2, 2, 1, 2, 1, 1, 2, 0, 1, 1, 2, 1, 2, 0, 1, 1, 1, 1, 0, 0, 1, 0, 1, 1, 0, 0, 1, 1, 1, 2, 0, 1, 2]|[0, 3, 0, 3, 4, 1, 4, 4, 2, 4, 3, 2, 1, 0, 2, 1, 1, 1, 2, 1, 1, 3, 0, 1, 0, 1, 1, 4, 1, 4, 3, 2, 2, 0, 4, 1, 1, 4, 1, 1, 2, 1, 4, 4, 1, 1, 0, 1, 3, 2, 2, 1, 2, 1, 1, 2, 4, 3, 0, 2, 2, 3, 3, 1, 1, 2, 1, 1, 1, 4, 1, 3, 4, 1, 2, 4, 3, 1, 3, 1, 2, 4, 4, 4, 3, 2, 2, 3, 2, 4, 3, 2, 2, 4, 4, 4, 1, 2, 3, 1]|[0, 2, 0, 0, 3, 0, 1, 3, 0, 0, 2, 0, 1, 0, 1, 0, 0, 0, 1, 0, 0, 2, 0, 0, 1, 0, 0, 3, 0, 1, 0, 2, 0, 0, 3, 0, 1, 1, 0, 0, 0, 0, 1, 3, 0, 0, 1, 0, 2, 0, 0, 0, 0, 0, 1, 0, 1, 0, 1, 1, 0, 2, 0, 0, 0, 0, 0, 0, 0, 2, 0, 0, 1, 0, 0, 1, 0, 0, 3, 0, 0, 1, 2, 2, 0, 0, 0, 3, 0, 1, 0, 0, 0, 1, 3, 1, 0, 0, 0, 0],900.0760482104305,49104.85573898611,106612.48357517918,false
43,G3_TWC,G3_TWC,[42, 31, 22, 82, 15, 26, 58, 95, 77, 12, 47, 5, 93, 78, 98, 54, 85, 63, 18, 44, 20, 35, 43, 97, 91, 76, 10, 30, 21, 45, 71, 64, 1, 23, 17, 83, 24, 14, 60, 36, 6, 57, 94, 88, 65, 56, 79, 40, 67, 68, 46, 75, 38, 9, 19, 32, 81, 41, 27, 62, 87, 90, 99, 59, 11, 16, 72, 73, 70, 39, 37, 84, 3, 92, 25, 55, 28, 29, 51, 7, 33, 61, 86, 66, 89, 50, 48, 96, 53, 80, 4, 8, 34, 49, 52, 0, 13, 2, 69, 74]|[1, 1, 1, 0, 1, 1, 1, 2, 2, 1, 2, 2, 2, 1, 1, 0, 0, 1, 0, 2, 2, 0, 1, 2, 0, 1, 2, 2, 0, 0, 1, 2, 1, 2, 1, 0, 2, 0, 1, 1, 0, 1, 1, 1, 0, 2, 1, 1, 0, 0, 0, 0, 1, 1, 2, 1, 2, 0, 0, 0, 2, 1, 0, 1, 2, 1, 2, 1, 1, 1, 1, 1, 2, 0, 1, 1, 0, 0, 0, 1, 2, 1, 0, 2, 1, 0, 0, 0, 0, 0, 0, 1, 2, 0, 1, 0, 0, 0, 1, 2]|[2, 4, 3, 2, 2, 0, 0, 2, 2, 4, 1, 1, 2, 4, 4, 1, 1, 4, 2, 1, 1, 1, 1, 2, 1, 2, 1, 1, 1, 1, 3, 2, 3, 0, 4, 0, 1, 1, 0, 3, 2, 2, 4, 0, 1, 1, 0, 2, 0, 1, 2, 2, 1, 4, 0, 3, 2, 1, 1, 2, 1, 3, 1, 1, 1, 3, 0, 4, 3, 1, 4, 1, 1, 2, 4, 4, 2, 1, 1, 3, 1, 3, 1, 1, 1, 1, 1, 1, 2, 1, 2, 3, 1, 1, 1, 2, 2, 2, 3, 1]|[1, 0, 2, 1, 1, 3, 3, 0, 0, 0, 0, 0, 1, 0, 1, 0, 0, 3, 1, 0, 0, 0, 3, 1, 0, 2, 0, 0, 0, 1, 0, 0, 0, 0, 3, 0, 1, 0, 0, 2, 1, 1, 2, 0, 0, 0, 0, 1, 1, 0, 0, 0, 1, 3, 0, 0, 1, 0, 0, 1, 0, 2, 0, 1, 0, 2, 1, 0, 0, 1, 1, 3, 0, 1, 3, 3, 1, 0, 0, 2, 0, 0, 0, 0, 1, 0, 0, 0, 1, 0, 1, 2, 0, 1, 1, 0, 0, 0, 0, 0],790.0808266764368,58301.839560278044,88734.19036740763,false
43,G1_CMAX,G1_CMAX,[31, 22, 90, 26, 58, 95, 42, 12, 93, 5, 78, 86, 98, 18, 20, 35, 3, 97, 91, 76, 10, 85, 54, 45, 63, 71, 66, 1, 23, 17, 24, 60, 36, 6, 57, 15, 65, 56, 47, 79, 94, 67, 50, 46, 14, 75, 38, 9, 30, 19, 32, 81, 27, 92, 83, 87, 40, 99, 59, 11, 53, 16, 72, 77, 73, 70, 39, 37, 84, 43, 62, 25, 55, 28, 29, 51, 68, 82, 74, 61, 88, 21, 80, 89, 7, 69, 96, 41, 48, 4, 8, 34, 49, 52, 0, 44, 13, 2, 64, 33]|[1, 1, 1, 1, 0, 2, 1, 1, 2, 2, 2, 1, 0, 1, 2, 2, 1, 2, 0, 1, 2, 2, 2, 0, 0, 1, 2, 1, 2, 1, 2, 1, 1, 0, 1, 1, 0, 2, 2, 1, 1, 0, 0, 0, 0, 1, 1, 1, 1, 2, 1, 2, 2, 0, 0, 2, 1, 0, 0, 2, 0, 1, 2, 2, 1, 1, 1, 1, 1, 1, 0, 1, 1, 0, 0, 0, 0, 0, 2, 1, 1, 0, 0, 1, 1, 1, 2, 2, 0, 1, 1, 2, 0, 1, 0, 0, 0, 0, 2, 2]|[0, 4, 3, 0, 1, 1, 2, 4, 1, 1, 2, 4, 1, 4, 1, 1, 1, 2, 2, 2, 2, 1, 1, 1, 2, 3, 2, 3, 0, 4, 1, 0, 3, 2, 2, 2, 1, 1, 1, 0, 2, 0, 1, 2, 1, 3, 1, 4, 2, 0, 3, 2, 1, 2, 1, 1, 4, 1, 1, 1, 2, 3, 0, 2, 4, 3, 1, 4, 1, 1, 1, 4, 4, 2, 1, 1, 1, 2, 1, 3, 0, 1, 1, 1, 1, 3, 1, 1, 1, 4, 3, 1, 1, 1, 2, 2, 2, 2, 1, 1]|[3, 0, 2, 3, 0, 0, 1, 0, 0, 0, 1, 0, 0, 3, 0, 0, 1, 1, 1, 2, 1, 0, 0, 0, 0, 0, 0, 0, 0, 3, 1, 0, 2, 1, 1, 1, 0, 0, 0, 0, 1, 1, 0, 0, 0, 0, 1, 3, 2, 0, 0, 1, 0, 1, 0, 0, 2, 0, 0, 0, 1, 2, 1, 1, 0, 0, 1, 1, 3, 3, 0, 3, 3, 1, 0, 0, 0, 1, 0, 0, 0, 0, 0, 1, 2, 2, 0, 0, 0, 0, 2, 0, 1, 1, 0, 0, 0, 0, 0, 0],705.0470749739228,58445.79123614564,95781.2895945797,false
43,G4_BALANCED,G1_CMAX,[22, 82, 3, 58, 95, 42, 77, 47, 5, 93, 78, 12, 86, 54, 50, 63, 18, 44, 20, 35, 43, 97, 91, 76, 10, 30, 21, 45, 71, 64, 36, 23, 17, 83, 24, 14, 60, 1, 6, 40, 57, 90, 65, 56, 79, 94, 67, 68, 46, 75, 38, 9, 19, 32, 81, 41, 27, 62, 16, 55, 59, 89, 88, 87, 31, 72, 73, 70, 39, 37, 84, 92, 25, 11, 48, 15, 29, 51, 7, 33, 61, 98, 28, 99, 26, 85, 66, 96, 53, 80, 4, 8, 34, 49, 52, 2, 13, 0, 69, 74]|[1, 0, 1, 0, 1, 2, 2, 2, 2, 2, 1, 1, 1, 0, 0, 1, 0, 2, 2, 0, 1, 2, 0, 1, 2, 2, 0, 0, 1, 2, 1, 2, 1, 0, 2, 0, 1, 1, 0, 1, 1, 1, 0, 2, 1, 1, 0, 0, 0, 0, 1, 1, 2, 1, 2, 0, 0, 0, 1, 2, 1, 1, 1, 1, 1, 2, 1, 2, 1, 1, 1, 0, 1, 2, 2, 1, 0, 0, 1, 2, 1, 2, 0, 1, 1, 0, 0, 2, 0, 0, 1, 1, 2, 0, 1, 0, 0, 0, 1, 2]|[3, 2, 1, 1, 2, 1, 2, 1, 1, 2, 4, 4, 4, 1, 1, 4, 2, 1, 1, 1, 1, 2, 1, 2, 1, 1, 2, 1, 3, 2, 3, 1, 4, 1, 1, 1, 0, 3, 2, 2, 2, 3, 1, 1, 0, 4, 0, 1, 2, 2, 1, 4, 0, 3, 2, 1, 1, 2, 3, 1, 1, 1, 0, 3, 0, 0, 3, 0, 1, 4, 1, 0, 4, 1, 1, 4, 1, 1, 1, 1, 3, 1, 2, 1, 0, 2, 1, 1, 2, 1, 4, 3, 1, 1, 1, 2, 2, 2, 4, 1]|[3, 1, 2, 0, 1, 0, 0, 0, 0, 1, 0, 0, 1, 0, 0, 3, 1, 0, 0, 0, 3, 1, 0, 2, 0, 0, 0, 1, 0, 0, 2, 0, 3, 0, 1, 0, 0, 0, 1, 1, 1, 2, 0, 0, 0, 2, 1, 0, 0, 0, 1, 3, 0, 0, 1, 0, 0, 1, 2, 0, 1, 1, 0, 2, 0, 1, 0, 1, 1, 1, 1, 1, 3, 0, 0, 3, 0, 0, 2, 0, 0, 0, 1, 1, 3, 0, 0, 0, 1, 0, 0, 2, 0, 1, 1, 0, 0, 0, 2, 0],715.7913946700162,58060.95961022334,95287.06515100288,true
43,G2_TEC,G2_TEC,[31, 22, 82, 15, 26, 9, 95, 42, 77, 68, 47, 5, 93, 78, 86, 54, 85, 63, 18, 44, 20, 49, 36, 14, 74, 50, 53, 17, 21, 28, 11, 64, 3, 23, 30, 83, 24, 41, 40, 52, 65, 27, 90, 70, 39, 87, 48, 69, 99, 4, 75, 1, 13, 58, 97, 59, 45, 8, 73, 37, 35, 79, 71, 66, 76, 32, 60, 80, 56, 6, 67, 61, 33, 7, 57, 34, 12, 16, 10, 98, 96, 88, 43, 81, 91, 2, 84, 29, 92, 19, 51, 55, 46, 89, 25, 72, 94, 38, 62, 0]|[2, 1, 2, 1, 1, 2, 1, 1, 1, 1, 1, 0, 2, 2, 1, 2, 0, 0, 0, 2, 2, 1, 0, 2, 0, 2, 2, 1, 0, 1, 1, 1, 0, 0, 1, 0, 2, 1, 2, 2, 0, 0, 1, 1, 0, 2, 0, 2, 1, 0, 0, 2, 0, 0, 2, 0, 1, 1, 0, 0, 2, 1, 1, 2, 2, 0, 2, 2, 2, 1, 2, 1, 1, 2, 0, 1, 1, 2, 1, 2, 0, 1, 1, 1, 1, 0, 0, 1, 0, 1, 1, 0, 0, 1, 1, 1, 2, 0, 1, 2]|[0, 3, 0, 3, 4, 1, 4, 4, 2, 4, 3, 2, 1, 0, 2, 1, 1, 1, 2, 1, 1, 3, 0, 1, 0, 1, 1, 4, 1, 4, 3, 2, 2, 0, 4, 1, 1, 4, 1, 1, 2, 1, 4, 4, 1, 1, 0, 1, 3, 2, 2, 1, 2, 1, 1, 2, 4, 3, 0, 2, 2, 3, 3, 1, 1, 2, 1, 1, 1, 4, 1, 3, 4, 1, 2, 4, 3, 1, 3, 1, 2, 4, 4, 4, 3, 2, 2, 3, 2, 4, 3, 2, 2, 4, 4, 4, 1, 2, 3, 1]|[0, 2, 0, 0, 3, 0, 1, 3, 0, 0, 2, 0, 1, 0, 1, 0, 0, 0, 1, 0, 0, 2, 0, 0, 1, 0, 0, 3, 0, 1, 0, 2, 0, 0, 3, 0, 1, 1, 0, 0, 0, 0, 1, 3, 0, 0, 1, 0, 2, 0, 0, 0, 0, 0, 1, 0, 1, 0, 1, 1, 0, 2, 0, 0, 0, 0, 0, 0, 0, 2, 0, 0, 1, 0, 0, 1, 0, 0, 3, 0, 0, 1, 2, 2, 0, 0, 0, 3, 0, 1, 0, 0, 0, 1, 3, 1, 0, 0, 0, 0],900.0760482104305,49104.85573898611,106612.48357517918,false
43,G3_TWC,G3_TWC,[42, 31, 22, 82, 15, 26, 58, 95, 77, 12, 47, 5, 93, 78, 98, 54, 85, 63, 18, 44, 20, 35, 43, 97, 91, 76, 10, 30, 21, 45, 71, 64, 1, 23, 17, 83, 24, 14, 60, 36, 6, 57, 94, 88, 65, 56, 79, 40, 67, 68, 46, 75, 38, 9, 19, 32, 81, 41, 27, 62, 87, 90, 99, 59, 11, 16, 72, 73, 70, 39, 37, 84, 3, 92, 25, 55, 28, 29, 51, 7, 33, 61, 86, 66, 89, 50, 48, 96, 53, 80, 4, 8, 34, 49, 52, 0, 13, 2, 69, 74]|[1, 1, 1, 0, 1, 1, 1, 2, 2, 1, 2, 2, 2, 1, 1, 0, 0, 1, 0, 2, 2, 0, 1, 2, 0, 1, 2, 2, 0, 0, 1, 2, 1, 2, 1, 0, 2, 0, 1, 1, 0, 1, 1, 1, 0, 2, 1, 1, 0, 0, 0, 0, 1, 1, 2, 1, 2, 0, 0, 0, 2, 1, 0, 1, 2, 1, 2, 1, 1, 1, 1, 1, 2, 0, 1, 1, 0, 0, 0, 1, 2, 1, 0, 2, 1, 0, 0, 0, 0, 0, 0, 1, 2, 0, 1, 0, 0, 0, 1, 2]|[2, 4, 3, 2, 2, 0, 0, 2, 2, 4, 1, 1, 2, 4, 4, 1, 1, 4, 2, 1, 1, 1, 1, 2, 1, 2, 1, 1, 1, 1, 3, 2, 3, 0, 4, 0, 1, 1, 0, 3, 2, 2, 4, 0, 1, 1, 0, 2, 0, 1, 2, 2, 1, 4, 0, 3, 2, 1, 1, 2, 1, 3, 1, 1, 1, 3, 0, 4, 3, 1, 4, 1, 1, 2, 4, 4, 2, 1, 1, 3, 1, 3, 1, 1, 1, 1, 1, 1, 2, 1, 2, 3, 1, 1, 1, 2, 2, 2, 3, 1]|[1, 0, 2, 1, 1, 3, 3, 0, 0, 0, 0, 0, 1, 0, 1, 0, 0, 3, 1, 0, 0, 0, 3, 1, 0, 2, 0, 0, 0, 1, 0, 0, 0, 0, 3, 0, 1, 0, 0, 2, 1, 1, 2, 0, 0, 0, 0, 1, 1, 0, 0, 0, 1, 3, 0, 0, 1, 0, 0, 1, 0, 2, 0, 1, 0, 2, 1, 0, 0, 1, 1, 3, 0, 1, 3, 3, 1, 0, 0, 2, 0, 0, 0, 0, 1, 0, 0, 0, 1, 0, 1, 2, 0, 1, 1, 0, 0, 0, 0, 0],790.0808266764368,58301.839560278044,88734.19036740763,false
43,G1_CMAX,G1_CMAX,[31, 22, 90, 26, 58, 95, 42, 12, 93, 5, 78, 86, 98, 18, 20, 35, 3, 97, 91, 76, 10, 85, 54, 45, 63, 71, 66, 1, 23, 17, 24, 60, 36, 6, 57, 15, 65, 56, 47, 79, 94, 67, 50, 46, 14, 75, 38, 9, 30, 19, 32, 81, 27, 92, 83, 87, 40, 99, 59, 11, 53, 16, 72, 77, 73, 70, 39, 37, 84, 43, 62, 25, 55, 28, 29, 51, 68, 82, 74, 61, 88, 21, 80, 89, 7, 69, 96, 41, 48, 4, 8, 34, 49, 52, 0, 44, 13, 2, 64, 33]|[1, 1, 1, 1, 0, 2, 1, 1, 2, 2, 2, 1, 0, 1, 2, 2, 1, 2, 0, 1, 2, 2, 2, 0, 0, 1, 2, 1, 2, 1, 2, 1, 1, 0, 1, 1, 0, 2, 2, 1, 1, 0, 0, 0, 0, 1, 1, 1, 1, 2, 1, 2, 2, 0, 0, 2, 1, 0, 0, 2, 0, 1, 2, 2, 1, 1, 1, 1, 1, 1, 0, 1, 1, 0, 0, 0, 0, 0, 2, 1, 1, 0, 0, 1, 1, 1, 2, 2, 0, 1, 1, 2, 0, 1, 0, 0, 0, 0, 2, 2]|[0, 4, 3, 0, 1, 1, 2, 4, 1, 1, 2, 4, 1, 4, 1, 1, 1, 2, 2, 2, 2, 1, 1, 1, 2, 3, 2, 3, 0, 4, 1, 0, 3, 2, 2, 2, 1, 1, 1, 0, 2, 0, 1, 2, 1, 3, 1, 4, 2, 0, 3, 2, 1, 2, 1, 1, 4, 1, 1, 1, 2, 3, 0, 2, 4, 3, 1, 4, 1, 1, 1, 4, 4, 2, 1, 1, 1, 2, 1, 3, 0, 1, 1, 1, 1, 3, 1, 1, 1, 4, 3, 1, 1, 1, 2, 2, 2, 2, 1, 1]|[3, 0, 2, 3, 0, 0, 1, 0, 0, 0, 1, 0, 0, 3, 0, 0, 1, 1, 1, 2, 1, 0, 0, 0, 0, 0, 0, 0, 0, 3, 1, 0, 2, 1, 1, 1, 0, 0, 0, 0, 1, 1, 0, 0, 0, 0, 1, 3, 2, 0, 0, 1, 0, 1, 0, 0, 2, 0, 0, 0, 1, 2, 1, 1, 0, 0, 1, 1, 3, 3, 0, 3, 3, 1, 0, 0, 0, 1, 0, 0, 0, 0, 0, 1, 2, 2, 0, 0, 0, 0, 2, 0, 1, 1, 0, 0, 0, 0, 0, 0],705.0470749739228,58445.79123614564,95781.2895945797,false
43,G4_BALANCED,G1_CMAX,[22, 82, 3, 58, 95, 42, 77, 47, 5, 93, 78, 12, 86, 54, 50, 63, 18, 44, 20, 35, 43, 97, 91, 76, 10, 30, 21, 45, 71, 64, 36, 23, 17, 83, 24, 14, 60, 1, 6, 40, 57, 90, 65, 56, 79, 94, 67, 68, 46, 75, 38, 9, 19, 32, 81, 41, 27, 62, 16, 55, 59, 89, 88, 87, 31, 72, 73, 70, 39, 37, 84, 92, 25, 11, 48, 15, 29, 51, 7, 33, 61, 98, 28, 99, 26, 85, 66, 96, 53, 80, 4, 8, 34, 49, 52, 2, 13, 0, 69, 74]|[1, 0, 1, 0, 1, 2, 2, 2, 2, 2, 1, 1, 1, 0, 0, 1, 0, 2, 2, 0, 1, 2, 0, 1, 2, 2, 0, 0, 1, 2, 1, 2, 1, 0, 2, 0, 1, 1, 0, 1, 1, 1, 0, 2, 1, 1, 0, 0, 0, 0, 1, 1, 2, 1, 2, 0, 0, 0, 1, 2, 1, 1, 1, 1, 1, 2, 1, 2, 1, 1, 1, 0, 1, 2, 2, 1, 0, 0, 1, 2, 1, 2, 0, 1, 1, 0, 0, 2, 0, 0, 1, 1, 2, 0, 1, 0, 0, 0, 1, 2]|[3, 2, 1, 1, 2, 1, 2, 1, 1, 2, 4, 4, 4, 1, 1, 4, 2, 1, 1, 1, 1, 2, 1, 2, 1, 1, 2, 1, 3, 2, 3, 1, 4, 1, 1, 1, 0, 3, 2, 2, 2, 3, 1, 1, 0, 4, 0, 1, 2, 2, 1, 4, 0, 3, 2, 1, 1, 2, 3, 1, 1, 1, 0, 3, 0, 0, 3, 0, 1, 4, 1, 0, 4, 1, 1, 4, 1, 1, 1, 1, 3, 1, 2, 1, 0, 2, 1, 1, 2, 1, 4, 3, 1, 1, 1, 2, 2, 2, 4, 1]|[3, 1, 2, 0, 1, 0, 0, 0, 0, 1, 0, 0, 1, 0, 0, 3, 1, 0, 0, 0, 3, 1, 0, 2, 0, 0, 0, 1, 0, 0, 2, 0, 3, 0, 1, 0, 0, 0, 1, 1, 1, 2, 0, 0, 0, 2, 1, 0, 0, 0, 1, 3, 0, 0, 1, 0, 0, 1, 2, 0, 1, 1, 0, 2, 0, 1, 0, 1, 1, 1, 1, 1, 3, 0, 0, 3, 0, 0, 2, 0, 0, 0, 1, 1, 3, 0, 0, 0, 1, 0, 0, 2, 0, 1, 1, 0, 0, 0, 2, 0],715.7913946700162,58060.95961022334,95287.06515100288,true
43,G2_TEC,G2_TEC,[31, 22, 82, 15, 26, 9, 95, 42, 77, 68, 47, 5, 93, 78, 86, 54, 85, 63, 18, 44, 20, 49, 36, 14, 74, 50, 53, 17, 21, 28, 11, 64, 3, 23, 30, 83, 24, 41, 40, 52, 65, 27, 90, 70, 39, 87, 48, 69, 99, 4, 75, 1, 13, 58, 97, 59, 45, 8, 73, 37, 35, 79, 71, 66, 76, 32, 60, 80, 56, 6, 67, 61, 33, 7, 57, 34, 12, 16, 10, 98, 96, 88, 43, 81, 91, 2, 84, 29, 92, 19, 51, 55, 46, 89, 25, 72, 94, 38, 62, 0]|[2, 1, 2, 1, 1, 2, 1, 1, 1, 1, 1, 0, 2, 2, 1, 2, 0, 0, 0, 2, 2, 1, 0, 2, 0, 2, 2, 1, 0, 1, 1, 1, 0, 0, 1, 0, 2, 1, 2, 2, 0, 0, 1, 1, 0, 2, 0, 2, 1, 0, 0, 2, 0, 0, 2, 0, 1, 1, 0, 0, 2, 1, 1, 2, 2, 0, 2, 2, 2, 1, 2, 1, 1, 2, 0, 1, 1, 2, 1, 2, 0, 1, 1, 1, 1, 0, 0, 1, 0, 1, 1, 0, 0, 1, 1, 1, 2, 0, 1, 2]|[0, 3, 0, 3, 4, 1, 4, 4, 2, 4, 3, 2, 1, 0, 2, 1, 1, 1, 2, 1, 1, 3, 0, 1, 0, 1, 1, 4, 1, 4, 3, 2, 2, 0, 4, 1, 1, 4, 1, 1, 2, 1, 4, 4, 1, 1, 0, 1, 3, 2, 2, 1, 2, 1, 1, 2, 4, 3, 0, 2, 2, 3, 3, 1, 1, 2, 1, 1, 1, 4, 1, 3, 4, 1, 2, 4, 3, 1, 3, 1, 2, 4, 4, 4, 3, 2, 2, 3, 2, 4, 3, 2, 2, 4, 4, 4, 1, 2, 3, 1]|[0, 2, 0, 0, 3, 0, 1, 3, 0, 0, 2, 0, 1, 0, 1, 0, 0, 0, 1, 0, 0, 2, 0, 0, 1, 0, 0, 3, 0, 1, 0, 2, 0, 0, 3, 0, 1, 1, 0, 0, 0, 0, 1, 3, 0, 0, 1, 0, 2, 0, 0, 0, 0, 0, 1, 0, 1, 0, 1, 1, 0, 2, 0, 0, 0, 0, 0, 0, 0, 2, 0, 0, 1, 0, 0, 1, 0, 0, 3, 0, 0, 1, 2, 2, 0, 0, 0, 3, 0, 1, 0, 0, 0, 1, 3, 1, 0, 0, 0, 0],900.0760482104305,49104.85573898611,106612.48357517918,false
43,G3_TWC,G3_TWC,[42, 31, 22, 82, 15, 26, 58, 95, 77, 12, 47, 5, 93, 78, 98, 54, 85, 63, 18, 44, 20, 35, 43, 97, 91, 76, 10, 30, 21, 45, 71, 64, 1, 23, 17, 83, 24, 14, 60, 36, 6, 57, 94, 88, 65, 56, 79, 40, 67, 68, 46, 75, 38, 9, 19, 32, 81, 41, 27, 62, 87, 90, 99, 59, 11, 16, 72, 73, 70, 39, 37, 84, 3, 92, 25, 55, 28, 29, 51, 7, 33, 61, 86, 66, 89, 50, 48, 96, 53, 80, 4, 8, 34, 49, 52, 0, 13, 2, 69, 74]|[1, 1, 1, 0, 1, 1, 1, 2, 2, 1, 2, 2, 2, 1, 1, 0, 0, 1, 0, 2, 2, 0, 1, 2, 0, 1, 2, 2, 0, 0, 1, 2, 1, 2, 1, 0, 2, 0, 1, 1, 0, 1, 1, 1, 0, 2, 1, 1, 0, 0, 0, 0, 1, 1, 2, 1, 2, 0, 0, 0, 2, 1, 0, 1, 2, 1, 2, 1, 1, 1, 1, 1, 2, 0, 1, 1, 0, 0, 0, 1, 2, 1, 0, 2, 1, 0, 0, 0, 0, 0, 0, 1, 2, 0, 1, 0, 0, 0, 1, 2]|[2, 4, 3, 2, 2, 0, 0, 2, 2, 4, 1, 1, 2, 4, 4, 1, 1, 4, 2, 1, 1, 1, 1, 2, 1, 2, 1, 1, 1, 1, 3, 2, 3, 0, 4, 0, 1, 1, 0, 3, 2, 2, 4, 0, 1, 1, 0, 2, 0, 1, 2, 2, 1, 4, 0, 3, 2, 1, 1, 2, 1, 3, 1, 1, 1, 3, 0, 4, 3, 1, 4, 1, 1, 2, 4, 4, 2, 1, 1, 3, 1, 3, 1, 1, 1, 1, 1, 1, 2, 1, 2, 3, 1, 1, 1, 2, 2, 2, 3, 1]|[1, 0, 2, 1, 1, 3, 3, 0, 0, 0, 0, 0, 1, 0, 1, 0, 0, 3, 1, 0, 0, 0, 3, 1, 0, 2, 0, 0, 0, 1, 0, 0, 0, 0, 3, 0, 1, 0, 0, 2, 1, 1, 2, 0, 0, 0, 0, 1, 1, 0, 0, 0, 1, 3, 0, 0, 1, 0, 0, 1, 0, 2, 0, 1, 0, 2, 1, 0, 0, 1, 1, 3, 0, 1, 3, 3, 1, 0, 0, 2, 0, 0, 0, 0, 1, 0, 0, 0, 1, 0, 1, 2, 0, 1, 1, 0, 0, 0, 0, 0],790.0808266764368,58301.839560278044,88734.19036740763,false
43,G1_CMAX,G1_CMAX,[31, 22, 90, 26, 58, 95, 42, 12, 93, 5, 78, 86, 98, 18, 20, 35, 3, 97, 91, 76, 10, 85, 54, 45, 63, 71, 66, 1, 23, 17, 24, 60, 36, 6, 57, 15, 65, 56, 47, 79, 94, 67, 50, 46, 14, 75, 38, 9, 30, 19, 32, 81, 27, 92, 83, 87, 40, 99, 59, 11, 53, 16, 72, 77, 73, 70, 39, 37, 84, 43, 62, 25, 55, 28, 29, 51, 68, 82, 74, 61, 88, 21, 80, 89, 7, 69, 96, 41, 48, 4, 8, 34, 49, 52, 0, 44, 13, 2, 64, 33]|[1, 1, 1, 1, 0, 2, 1, 1, 2, 2, 2, 1, 0, 1, 2, 2, 1, 2, 0, 1, 2, 2, 2, 0, 0, 1, 2, 1, 2, 1, 2, 1, 1, 0, 1, 1, 0, 2, 2, 1, 1, 0, 0, 0, 0, 1, 1, 1, 1, 2, 1, 2, 2, 0, 0, 2, 1, 0, 0, 2, 0, 1, 2, 2, 1, 1, 1, 1, 1, 1, 0, 1, 1, 0, 0, 0, 0, 0, 2, 1, 1, 0, 0, 1, 1, 1, 2, 2, 0, 1, 1, 2, 0, 1, 0, 0, 0, 0, 2, 2]|[0, 4, 3, 0, 1, 1, 2, 4, 1, 1, 2, 4, 1, 4, 1, 1, 1, 2, 2, 2, 2, 1, 1, 1, 2, 3, 2, 3, 0, 4, 1, 0, 3, 2, 2, 2, 1, 1, 1, 0, 2, 0, 1, 2, 1, 3, 1, 4, 2, 0, 3, 2, 1, 2, 1, 1, 4, 1, 1, 1, 2, 3, 0, 2, 4, 3, 1, 4, 1, 1, 1, 4, 4, 2, 1, 1, 1, 2, 1, 3, 0, 1, 1, 1, 1, 3, 1, 1, 1, 4, 3, 1, 1, 1, 2, 2, 2, 2, 1, 1]|[3, 0, 2, 3, 0, 0, 1, 0, 0, 0, 1, 0, 0, 3, 0, 0, 1, 1, 1, 2, 1, 0, 0, 0, 0, 0, 0, 0, 0, 3, 1, 0, 2, 1, 1, 1, 0, 0, 0, 0, 1, 1, 0, 0, 0, 0, 1, 3, 2, 0, 0, 1, 0, 1, 0, 0, 2, 0, 0, 0, 1, 2, 1, 1, 0, 0, 1, 1, 3, 3, 0, 3, 3, 1, 0, 0, 0, 1, 0, 0, 0, 0, 0, 1, 2, 2, 0, 0, 0, 0, 2, 0, 1, 1, 0, 0, 0, 0, 0, 0],705.0470749739228,58445.79123614564,95781.2895945797,false
43,G4_BALANCED,G1_CMAX,[22, 82, 3, 58, 95, 42, 77, 47, 5, 93, 78, 12, 86, 54, 50, 63, 18, 44, 20, 35, 43, 97, 91, 76, 10, 30, 21, 45, 71, 64, 36, 23, 17, 83, 24, 14, 60, 1, 6, 40, 57, 90, 65, 56, 79, 94, 67, 68, 46, 75, 38, 9, 19, 32, 81, 41, 27, 62, 16, 55, 59, 89, 88, 87, 31, 72, 73, 70, 39, 37, 84, 92, 25, 11, 48, 15, 29, 51, 7, 33, 61, 98, 28, 99, 26, 85, 66, 96, 53, 80, 4, 8, 34, 49, 52, 2, 13, 0, 69, 74]|[1, 0, 1, 0, 1, 2, 2, 2, 2, 2, 1, 1, 1, 0, 0, 1, 0, 2, 2, 0, 1, 2, 0, 1, 2, 2, 0, 0, 1, 2, 1, 2, 1, 0, 2, 0, 1, 1, 0, 1, 1, 1, 0, 2, 1, 1, 0, 0, 0, 0, 1, 1, 2, 1, 2, 0, 0, 0, 1, 2, 1, 1, 1, 1, 1, 2, 1, 2, 1, 1, 1, 0, 1, 2, 2, 1, 0, 0, 1, 2, 1, 2, 0, 1, 1, 0, 0, 2, 0, 0, 1, 1, 2, 0, 1, 0, 0, 0, 1, 2]|[3, 2, 1, 1, 2, 1, 2, 1, 1, 2, 4, 4, 4, 1, 1, 4, 2, 1, 1, 1, 1, 2, 1, 2, 1, 1, 2, 1, 3, 2, 3, 1, 4, 1, 1, 1, 0, 3, 2, 2, 2, 3, 1, 1, 0, 4, 0, 1, 2, 2, 1, 4, 0, 3, 2, 1, 1, 2, 3, 1, 1, 1, 0, 3, 0, 0, 3, 0, 1, 4, 1, 0, 4, 1, 1, 4, 1, 1, 1, 1, 3, 1, 2, 1, 0, 2, 1, 1, 2, 1, 4, 3, 1, 1, 1, 2, 2, 2, 4, 1]|[3, 1, 2, 0, 1, 0, 0, 0, 0, 1, 0, 0, 1, 0, 0, 3, 1, 0, 0, 0, 3, 1, 0, 2, 0, 0, 0, 1, 0, 0, 2, 0, 3, 0, 1, 0, 0, 0, 1, 1, 1, 2, 0, 0, 0, 2, 1, 0, 0, 0, 1, 3, 0, 0, 1, 0, 0, 1, 2, 0, 1, 1, 0, 2, 0, 1, 0, 1, 1, 1, 1, 1, 3, 0, 0, 3, 0, 0, 2, 0, 0, 0, 1, 1, 3, 0, 0, 0, 1, 0, 0, 2, 0, 1, 1, 0, 0, 0, 2, 0],715.7913946700162,58060.95961022334,95287.06515100288,true
43,G2_TEC,G2_TEC,[31, 22, 82, 15, 26, 9, 95, 42, 77, 68, 47, 5, 93, 78, 86, 54, 85, 63, 18, 44, 20, 49, 36, 14, 74, 50, 53, 17, 21, 28, 11, 64, 3, 23, 30, 83, 24, 41, 40, 52, 65, 27, 90, 70, 39, 87, 48, 69, 99, 4, 75, 1, 13, 58, 97, 59, 45, 8, 73, 37, 35, 79, 71, 66, 76, 32, 60, 80, 56, 6, 67, 61, 33, 7, 57, 34, 12, 16, 10, 98, 96, 88, 43, 81, 91, 2, 84, 29, 92, 19, 51, 55, 46, 89, 25, 72, 94, 38, 62, 0]|[2, 1, 2, 1, 1, 2, 1, 1, 1, 1, 1, 0, 2, 2, 1, 2, 0, 0, 0, 2, 2, 1, 0, 2, 0, 2, 2, 1, 0, 1, 1, 1, 0, 0, 1, 0, 2, 1, 2, 2, 0, 0, 1, 1, 0, 2, 0, 2, 1, 0, 0, 2, 0, 0, 2, 0, 1, 1, 0, 0, 2, 1, 1, 2, 2, 0, 2, 2, 2, 1, 2, 1, 1, 2, 0, 1, 1, 2, 1, 2, 0, 1, 1, 1, 1, 0, 0, 1, 0, 1, 1, 0, 0, 1, 1, 1, 2, 0, 1, 2]|[0, 3, 0, 3, 4, 1, 4, 4, 2, 4, 3, 2, 1, 0, 2, 1, 1, 1, 2, 1, 1, 3, 0, 1, 0, 1, 1, 4, 1, 4, 3, 2, 2, 0, 4, 1, 1, 4, 1, 1, 2, 1, 4, 4, 1, 1, 0, 1, 3, 2, 2, 1, 2, 1, 1, 2, 4, 3, 0, 2, 2, 3, 3, 1, 1, 2, 1, 1, 1, 4, 1, 3, 4, 1, 2, 4, 3, 1, 3, 1, 2, 4, 4, 4, 3, 2, 2, 3, 2, 4, 3, 2, 2, 4, 4, 4, 1, 2, 3, 1]|[0, 2, 0, 0, 3, 0, 1, 3, 0, 0, 2, 0, 1, 0, 1, 0, 0, 0, 1, 0, 0, 2, 0, 0, 1, 0, 0, 3, 0, 1, 0, 2, 0, 0, 3, 0, 1, 1, 0, 0, 0, 0, 1, 3, 0, 0, 1, 0, 2, 0, 0, 0, 0, 0, 1, 0, 1, 0, 1, 1, 0, 2, 0, 0, 0, 0, 0, 0, 0, 2, 0, 0, 1, 0, 0, 1, 0, 0, 3, 0, 0, 1, 2, 2, 0, 0, 0, 3, 0, 1, 0, 0, 0, 1, 3, 1, 0, 0, 0, 0],900.0760482104305,49104.85573898611,106612.48357517918,false
43,G3_TWC,G3_TWC,[42, 31, 22, 82, 15, 26, 58, 95, 77, 12, 47, 5, 93, 78, 98, 54, 85, 63, 18, 44, 20, 35, 43, 97, 91, 76, 10, 30, 21, 45, 71, 64, 1, 23, 17, 83, 24, 14, 60, 36, 6, 57, 94, 88, 65, 56, 79, 40, 67, 68, 46, 75, 38, 9, 19, 32, 81, 41, 27, 62, 87, 90, 99, 59, 11, 16, 72, 73, 70, 39, 37, 84, 3, 92, 25, 55, 28, 29, 51, 7, 33, 61, 86, 66, 89, 50, 48, 96, 53, 80, 4, 8, 34, 49, 52, 0, 13, 2, 69, 74]|[1, 1, 1, 0, 1, 1, 1, 2, 2, 1, 2, 2, 2, 1, 1, 0, 0, 1, 0, 2, 2, 0, 1, 2, 0, 1, 2, 2, 0, 0, 1, 2, 1, 2, 1, 0, 2, 0, 1, 1, 0, 1, 1, 1, 0, 2, 1, 1, 0, 0, 0, 0, 1, 1, 2, 1, 2, 0, 0, 0, 2, 1, 0, 1, 2, 1, 2, 1, 1, 1, 1, 1, 2, 0, 1, 1, 0, 0, 0, 1, 2, 1, 0, 2, 1, 0, 0, 0, 0, 0, 0, 1, 2, 0, 1, 0, 0, 0, 1, 2]|[2, 4, 3, 2, 2, 0, 0, 2, 2, 4, 1, 1, 2, 4, 4, 1, 1, 4, 2, 1, 1, 1, 1, 2, 1, 2, 1, 1, 1, 1, 3, 2, 3, 0, 4, 0, 1, 1, 0, 3, 2, 2, 4, 0, 1, 1, 0, 2, 0, 1, 2, 2, 1, 4, 0, 3, 2, 1, 1, 2, 1, 3, 1, 1, 1, 3, 0, 4, 3, 1, 4, 1, 1, 2, 4, 4, 2, 1, 1, 3, 1, 3, 1, 1, 1, 1, 1, 1, 2, 1, 2, 3, 1, 1, 1, 2, 2, 2, 3, 1]|[1, 0, 2, 1, 1, 3, 3, 0, 0, 0, 0, 0, 1, 0, 1, 0, 0, 3, 1, 0, 0, 0, 3, 1, 0, 2, 0, 0, 0, 1, 0, 0, 0, 0, 3, 0, 1, 0, 0, 2, 1, 1, 2, 0, 0, 0, 0, 1, 1, 0, 0, 0, 1, 3, 0, 0, 1, 0, 0, 1, 0, 2, 0, 1, 0, 2, 1, 0, 0, 1, 1, 3, 0, 1, 3, 3, 1, 0, 0, 2, 0, 0, 0, 0, 1, 0, 0, 0, 1, 0, 1, 2, 0, 1, 1, 0, 0, 0, 0, 0],790.0808266764368,58301.839560278044,88734.19036740763,false
43,G1_CMAX,G1_CMAX,[31, 22, 90, 26, 58, 95, 42, 12, 93, 5, 78, 86, 98, 18, 20, 35, 3, 97, 91, 76, 10, 85, 54, 45, 63, 71, 66, 1, 23, 17, 24, 60, 36, 6, 57, 15, 65, 56, 47, 79, 94, 67, 50, 46, 14, 75, 38, 9, 30, 19, 32, 81, 27, 92, 83, 87, 40, 99, 59, 11, 53, 16, 72, 77, 73, 70, 39, 37, 84, 43, 62, 25, 55, 28, 29, 51, 68, 82, 74, 61, 88, 21, 80, 89, 7, 69, 96, 41, 48, 4, 8, 34, 49, 52, 0, 44, 13, 2, 64, 33]|[1, 1, 1, 1, 0, 2, 1, 1, 2, 2, 2, 1, 0, 1, 2, 2, 1, 2, 0, 1, 2, 2, 2, 0, 0, 1, 2, 1, 2, 1, 2, 1, 1, 0, 1, 1, 0, 2, 2, 1, 1, 0, 0, 0, 0, 1, 1, 1, 1, 2, 1, 2, 2, 0, 0, 2, 1, 0, 0, 2, 0, 1, 2, 2, 1, 1, 1, 1, 1, 1, 0, 1, 1, 0, 0, 0, 0, 0, 2, 1, 1, 0, 0, 1, 1, 1, 2, 2, 0, 1, 1, 2, 0, 1, 0, 0, 0, 0, 2, 2]|[0, 4, 3, 0, 1, 1, 2, 4, 1, 1, 2, 4, 1, 4, 1, 1, 1, 2, 2, 2, 2, 1, 1, 1, 2, 3, 2, 3, 0, 4, 1, 0, 3, 2, 2, 2, 1, 1, 1, 0, 2, 0, 1, 2, 1, 3, 1, 4, 2, 0, 3, 2, 1, 2, 1, 1, 4, 1, 1, 1, 2, 3, 0, 2, 4, 3, 1, 4, 1, 1, 1, 4, 4, 2, 1, 1, 1, 2, 1, 3, 0, 1, 1, 1, 1, 3, 1, 1, 1, 4, 3, 1, 1, 1, 2, 2, 2, 2, 1, 1]|[3, 0, 2, 3, 0, 0, 1, 0, 0, 0, 1, 0, 0, 3, 0, 0, 1, 1, 1, 2, 1, 0, 0, 0, 0, 0, 0, 0, 0, 3, 1, 0, 2, 1, 1, 1, 0, 0, 0, 0, 1, 1, 0, 0, 0, 0, 1, 3, 2, 0, 0, 1, 0, 1, 0, 0, 2, 0, 0, 0, 1, 2, 1, 1, 0, 0, 1, 1, 3, 3, 0, 3, 3, 1, 0, 0, 0, 1, 0, 0, 0, 0, 0, 1, 2, 2, 0, 0, 0, 0, 2, 0, 1, 1, 0, 0, 0, 0, 0, 0],705.0470749739228,58445.79123614564,95781.2895945797,false
43,G4_BALANCED,G1_CMAX,[22, 82, 3, 58, 95, 42, 77, 47, 5, 93, 78, 12, 86, 54, 50, 63, 18, 44, 20, 35, 43, 97, 91, 76, 10, 30, 21, 45, 71, 64, 36, 23, 17, 83, 24, 14, 60, 1, 6, 40, 57, 90, 65, 56, 79, 94, 67, 68, 46, 75, 38, 9, 19, 32, 81, 41, 27, 62, 16, 55, 59, 89, 88, 87, 31, 72, 73, 70, 39, 37, 84, 92, 25, 11, 48, 15, 29, 51, 7, 33, 61, 98, 28, 99, 26, 85, 66, 96, 53, 80, 4, 8, 34, 49, 52, 2, 13, 0, 69, 74]|[1, 0, 1, 0, 1, 2, 2, 2, 2, 2, 1, 1, 1, 0, 0, 1, 0, 2, 2, 0, 1, 2, 0, 1, 2, 2, 0, 0, 1, 2, 1, 2, 1, 0, 2, 0, 1, 1, 0, 1, 1, 1, 0, 2, 1, 1, 0, 0, 0, 0, 1, 1, 2, 1, 2, 0, 0, 0, 1, 2, 1, 1, 1, 1, 1, 2, 1, 2, 1, 1, 1, 0, 1, 2, 2, 1, 0, 0, 1, 2, 1, 2, 0, 1, 1, 0, 0, 2, 0, 0, 1, 1, 2, 0, 1, 0, 0, 0, 1, 2]|[3, 2, 1, 1, 2, 1, 2, 1, 1, 2, 4, 4, 4, 1, 1, 4, 2, 1, 1, 1, 1, 2, 1, 2, 1, 1, 2, 1, 3, 2, 3, 1, 4, 1, 1, 1, 0, 3, 2, 2, 2, 3, 1, 1, 0, 4, 0, 1, 2, 2, 1, 4, 0, 3, 2, 1, 1, 2, 3, 1, 1, 1, 0, 3, 0, 0, 3, 0, 1, 4, 1, 0, 4, 1, 1, 4, 1, 1, 1, 1, 3, 1, 2, 1, 0, 2, 1, 1, 2, 1, 4, 3, 1, 1, 1, 2, 2, 2, 4, 1]|[3, 1, 2, 0, 1, 0, 0, 0, 0, 1, 0, 0, 1, 0, 0, 3, 1, 0, 0, 0, 3, 1, 0, 2, 0, 0, 0, 1, 0, 0, 2, 0, 3, 0, 1, 0, 0, 0, 1, 1, 1, 2, 0, 0, 0, 2, 1, 0, 0, 0, 1, 3, 0, 0, 1, 0, 0, 1, 2, 0, 1, 1, 0, 2, 0, 1, 0, 1, 1, 1, 1, 1, 3, 0, 0, 3, 0, 0, 2, 0, 0, 0, 1, 1, 3, 0, 0, 0, 1, 0, 0, 2, 0, 1, 1, 0, 0, 0, 2, 0],715.7913946700162,58060.95961022334,95287.06515100288,true
43,G2_TEC,G2_TEC,[31, 22, 82, 15, 26, 9, 95, 42, 77, 68, 47, 5, 93, 78, 86, 54, 85, 63, 18, 44, 20, 49, 36, 14, 74, 50, 53, 17, 21, 28, 11, 64, 3, 23, 30, 83, 24, 41, 40, 52, 65, 27, 90, 70, 39, 87, 48, 69, 99, 4, 75, 1, 13, 58, 97, 59, 45, 8, 73, 37, 35, 79, 71, 66, 76, 32, 60, 80, 56, 6, 67, 61, 33, 7, 57, 34, 12, 16, 10, 98, 96, 88, 43, 81, 91, 2, 84, 29, 92, 19, 51, 55, 46, 89, 25, 72, 94, 38, 62, 0]|[2, 1, 2, 1, 1, 2, 1, 1, 1, 1, 1, 0, 2, 2, 1, 2, 0, 0, 0, 2, 2, 1, 0, 2, 0, 2, 2, 1, 0, 1, 1, 1, 0, 0, 1, 0, 2, 1, 2, 2, 0, 0, 1, 1, 0, 2, 0, 2, 1, 0, 0, 2, 0, 0, 2, 0, 1, 1, 0, 0, 2, 1, 1, 2, 2, 0, 2, 2, 2, 1, 2, 1, 1, 2, 0, 1, 1, 2, 1, 2, 0, 1, 1, 1, 1, 0, 0, 1, 0, 1, 1, 0, 0, 1, 1, 1, 2, 0, 1, 2]|[0, 3, 0, 3, 4, 1, 4, 4, 2, 4, 3, 2, 1, 0, 2, 1, 1, 1, 2, 1, 1, 3, 0, 1, 0, 1, 1, 4, 1, 4, 3, 2, 2, 0, 4, 1, 1, 4, 1, 1, 2, 1, 4, 4, 1, 1, 0, 1, 3, 2, 2, 1, 2, 1, 1, 2, 4, 3, 0, 2, 2, 3, 3, 1, 1, 2, 1, 1, 1, 4, 1, 3, 4, 1, 2, 4, 3, 1, 3, 1, 2, 4, 4, 4, 3, 2, 2, 3, 2, 4, 3, 2, 2, 4, 4, 4, 1, 2, 3, 1]|[0, 2, 0, 0, 3, 0, 1, 3, 0, 0, 2, 0, 1, 0, 1, 0, 0, 0, 1, 0, 0, 2, 0, 0, 1, 0, 0, 3, 0, 1, 0, 2, 0, 0, 3, 0, 1, 1, 0, 0, 0, 0, 1, 3, 0, 0, 1, 0, 2, 0, 0, 0, 0, 0, 1, 0, 1, 0, 1, 1, 0, 2, 0, 0, 0, 0, 0, 0, 0, 2, 0, 0, 1, 0, 0, 1, 0, 0, 3, 0, 0, 1, 2, 2, 0, 0, 0, 3, 0, 1, 0, 0, 0, 1, 3, 1, 0, 0, 0, 0],900.0760482104305,49104.85573898611,106612.48357517918,false
43,G3_TWC,G3_TWC,[42, 31, 22, 82, 15, 26, 58, 95, 77, 12, 47, 5, 93, 78, 98, 54, 85, 63, 18, 44, 20, 35, 43, 97, 91, 76, 10, 30, 21, 45, 71, 64, 1, 23, 17, 83, 24, 14, 60, 36, 6, 57, 94, 88, 65, 56, 79, 40, 67, 68, 46, 75, 38, 9, 19, 32, 81, 41, 27, 62, 87, 90, 99, 59, 11, 16, 72, 73, 70, 39, 37, 84, 3, 92, 25, 55, 28, 29, 51, 7, 33, 61, 86, 66, 89, 50, 48, 96, 53, 80, 4, 8, 34, 49, 52, 0, 13, 2, 69, 74]|[1, 1, 1, 0, 1, 1, 1, 2, 2, 1, 2, 2, 2, 1, 1, 0, 0, 1, 0, 2, 2, 0, 1, 2, 0, 1, 2, 2, 0, 0, 1, 2, 1, 2, 1, 0, 2, 0, 1, 1, 0, 1, 1, 1, 0, 2, 1, 1, 0, 0, 0, 0, 1, 1, 2, 1, 2, 0, 0, 0, 2, 1, 0, 1, 2, 1, 2, 1, 1, 1, 1, 1, 2, 0, 1, 1, 0, 0, 0, 1, 2, 1, 0, 2, 1, 0, 0, 0, 0, 0, 0, 1, 2, 0, 1, 0, 0, 0, 1, 2]|[2, 4, 3, 2, 2, 0, 0, 2, 2, 4, 1, 1, 2, 4, 4, 1, 1, 4, 2, 1, 1, 1, 1, 2, 1, 2, 1, 1, 1, 1, 3, 2, 3, 0, 4, 0, 1, 1, 0, 3, 2, 2, 4, 0, 1, 1, 0, 2, 0, 1, 2, 2, 1, 4, 0, 3, 2, 1, 1, 2, 1, 3, 1, 1, 1, 3, 0, 4, 3, 1, 4, 1, 1, 2, 4, 4, 2, 1, 1, 3, 1, 3, 1, 1, 1, 1, 1, 1, 2, 1, 2, 3, 1, 1, 1, 2, 2, 2, 3, 1]|[1, 0, 2, 1, 1, 3, 3, 0, 0, 0, 0, 0, 1, 0, 1, 0, 0, 3, 1, 0, 0, 0, 3, 1, 0, 2, 0, 0, 0, 1, 0, 0, 0, 0, 3, 0, 1, 0, 0, 2, 1, 1, 2, 0, 0, 0, 0, 1, 1, 0, 0, 0, 1, 3, 0, 0, 1, 0, 0, 1, 0, 2, 0, 1, 0, 2, 1, 0, 0, 1, 1, 3, 0, 1, 3, 3, 1, 0, 0, 2, 0, 0, 0, 0, 1, 0, 0, 0, 1, 0, 1, 2, 0, 1, 1, 0, 0, 0, 0, 0],790.0808266764368,58301.839560278044,88734.19036740763,false
43,G1_CMAX,G1_CMAX,[31, 22, 90, 26, 58, 95, 42, 12, 93, 5, 78, 86, 98, 18, 20, 35, 3, 97, 91, 76, 10, 85, 54, 45, 63, 71, 66, 1, 23, 17, 24, 60, 36, 6, 57, 15, 65, 56, 47, 79, 94, 67, 50, 46, 14, 75, 38, 9, 30, 19, 32, 81, 27, 92, 83, 87, 40, 99, 59, 11, 53, 16, 72, 77, 73, 70, 39, 37, 84, 43, 62, 25, 55, 28, 29, 51, 68, 82, 74, 61, 88, 21, 80, 89, 7, 69, 96, 41, 48, 4, 8, 34, 49, 52, 0, 44, 13, 2, 64, 33]|[1, 1, 1, 1, 0, 2, 1, 1, 2, 2, 2, 1, 0, 1, 2, 2, 1, 2, 0, 1, 2, 2, 2, 0, 0, 1, 2, 1, 2, 1, 2, 1, 1, 0, 1, 1, 0, 2, 2, 1, 1, 0, 0, 0, 0, 1, 1, 1, 1, 2, 1, 2, 2, 0, 0, 2, 1, 0, 0, 2, 0, 1, 2, 2, 1, 1, 1, 1, 1, 1, 0, 1, 1, 0, 0, 0, 0, 0, 2, 1, 1, 0, 0, 1, 1, 1, 2, 2, 0, 1, 1, 2, 0, 1, 0, 0, 0, 0, 2, 2]|[0, 4, 3, 0, 1, 1, 2, 4, 1, 1, 2, 4, 1, 4, 1, 1, 1, 2, 2, 2, 2, 1, 1, 1, 2, 3, 2, 3, 0, 4, 1, 0, 3, 2, 2, 2, 1, 1, 1, 0, 2, 0, 1, 2, 1, 3, 1, 4, 2, 0, 3, 2, 1, 2, 1, 1, 4, 1, 1, 1, 2, 3, 0, 2, 4, 3, 1, 4, 1, 1, 1, 4, 4, 2, 1, 1, 1, 2, 1, 3, 0, 1, 1, 1, 1, 3, 1, 1, 1, 4, 3, 1, 1, 1, 2, 2, 2, 2, 1, 1]|[3, 0, 2, 3, 0, 0, 1, 0, 0, 0, 1, 0, 0, 3, 0, 0, 1, 1, 1, 2, 1, 0, 0, 0, 0, 0, 0, 0, 0, 3, 1, 0, 2, 1, 1, 1, 0, 0, 0, 0, 1, 1, 0, 0, 0, 0, 1, 3, 2, 0, 0, 1, 0, 1, 0, 0, 2, 0, 0, 0, 1, 2, 1, 1, 0, 0, 1, 1, 3, 3, 0, 3, 3, 1, 0, 0, 0, 1, 0, 0, 0, 0, 0, 1, 2, 2, 0, 0, 0, 0, 2, 0, 1, 1, 0, 0, 0, 0, 0, 0],705.0470749739228,58445.79123614564,95781.2895945797,false
43,G4_BALANCED,G1_CMAX,[22, 82, 3, 58, 95, 42, 77, 47, 5, 93, 78, 12, 86, 54, 50, 63, 18, 44, 20, 35, 43, 97, 91, 76, 10, 30, 21, 45, 71, 64, 36, 23, 17, 83, 24, 14, 60, 1, 6, 40, 57, 90, 65, 56, 79, 94, 67, 68, 46, 75, 38, 9, 19, 32, 81, 41, 27, 62, 16, 55, 59, 89, 88, 87, 31, 72, 73, 70, 39, 37, 84, 92, 25, 11, 48, 15, 29, 51, 7, 33, 61, 98, 28, 99, 26, 85, 66, 96, 53, 80, 4, 8, 34, 49, 52, 2, 13, 0, 69, 74]|[1, 0, 1, 0, 1, 2, 2, 2, 2, 2, 1, 1, 1, 0, 0, 1, 0, 2, 2, 0, 1, 2, 0, 1, 2, 2, 0, 0, 1, 2, 1, 2, 1, 0, 2, 0, 1, 1, 0, 1, 1, 1, 0, 2, 1, 1, 0, 0, 0, 0, 1, 1, 2, 1, 2, 0, 0, 0, 1, 2, 1, 1, 1, 1, 1, 2, 1, 2, 1, 1, 1, 0, 1, 2, 2, 1, 0, 0, 1, 2, 1, 2, 0, 1, 1, 0, 0, 2, 0, 0, 1, 1, 2, 0, 1, 0, 0, 0, 1, 2]|[3, 2, 1, 1, 2, 1, 2, 1, 1, 2, 4, 4, 4, 1, 1, 4, 2, 1, 1, 1, 1, 2, 1, 2, 1, 1, 2, 1, 3, 2, 3, 1, 4, 1, 1, 1, 0, 3, 2, 2, 2, 3, 1, 1, 0, 4, 0, 1, 2, 2, 1, 4, 0, 3, 2, 1, 1, 2, 3, 1, 1, 1, 0, 3, 0, 0, 3, 0, 1, 4, 1, 0, 4, 1, 1, 4, 1, 1, 1, 1, 3, 1, 2, 1, 0, 2, 1, 1, 2, 1, 4, 3, 1, 1, 1, 2, 2, 2, 4, 1]|[3, 1, 2, 0, 1, 0, 0, 0, 0, 1, 0, 0, 1, 0, 0, 3, 1, 0, 0, 0, 3, 1, 0, 2, 0, 0, 0, 1, 0, 0, 2, 0, 3, 0, 1, 0, 0, 0, 1, 1, 1, 2, 0, 0, 0, 2, 1, 0, 0, 0, 1, 3, 0, 0, 1, 0, 0, 1, 2, 0, 1, 1, 0, 2, 0, 1, 0, 1, 1, 1, 1, 1, 3, 0, 0, 3, 0, 0, 2, 0, 0, 0, 1, 1, 3, 0, 0, 0, 1, 0, 0, 2, 0, 1, 1, 0, 0, 0, 2, 0],715.7913946700162,58060.95961022334,95287.06515100288,true
43,G2_TEC,G2_TEC,[31, 22, 82, 15, 26, 9, 95, 42, 77, 68, 47, 5, 93, 78, 86, 54, 85, 63, 18, 44, 20, 49, 36, 14, 74, 50, 53, 17, 21, 28, 11, 64, 3, 23, 30, 83, 24, 41, 40, 52, 65, 27, 90, 70, 39, 87, 48, 69, 99, 4, 75, 1, 13, 58, 97, 59, 45, 8, 73, 37, 35, 79, 71, 66, 76, 32, 60, 80, 56, 6, 67, 61, 33, 7, 57, 34, 12, 16, 10, 98, 96, 88, 43, 81, 91, 2, 84, 29, 92, 19, 51, 55, 46, 89, 25, 72, 94, 38, 62, 0]|[2, 1, 2, 1, 1, 2, 1, 1, 1, 1, 1, 0, 2, 2, 1, 2, 0, 0, 0, 2, 2, 1, 0, 2, 0, 2, 2, 1, 0, 1, 1, 1, 0, 0, 1, 0, 2, 1, 2, 2, 0, 0, 1, 1, 0, 2, 0, 2, 1, 0, 0, 2, 0, 0, 2, 0, 1, 1, 0, 0, 2, 1, 1, 2, 2, 0, 2, 2, 2, 1, 2, 1, 1, 2, 0, 1, 1, 2, 1, 2, 0, 1, 1, 1, 1, 0, 0, 1, 0, 1, 1, 0, 0, 1, 1, 1, 2, 0, 1, 2]|[0, 3, 0, 3, 4, 1, 4, 4, 2, 4, 3, 2, 1, 0, 2, 1, 1, 1, 2, 1, 1, 3, 0, 1, 0, 1, 1, 4, 1, 4, 3, 2, 2, 0, 4, 1, 1, 4, 1, 1, 2, 1, 4, 4, 1, 1, 0, 1, 3, 2, 2, 1, 2, 1, 1, 2, 4, 3, 0, 2, 2, 3, 3, 1, 1, 2, 1, 1, 1, 4, 1, 3, 4, 1, 2, 4, 3, 1, 3, 1, 2, 4, 4, 4, 3, 2, 2, 3, 2, 4, 3, 2, 2, 4, 4, 4, 1, 2, 3, 1]|[0, 2, 0, 0, 3, 0, 1, 3, 0, 0, 2, 0, 1, 0, 1, 0, 0, 0, 1, 0, 0, 2, 0, 0, 1, 0, 0, 3, 0, 1, 0, 2, 0, 0, 3, 0, 1, 1, 0, 0, 0, 0, 1, 3, 0, 0, 1, 0, 2, 0, 0, 0, 0, 0, 1, 0, 1, 0, 1, 1, 0, 2, 0, 0, 0, 0, 0, 0, 0, 2, 0, 0, 1, 0, 0, 1, 0, 0, 3, 0, 0, 1, 2, 2, 0, 0, 0, 3, 0, 1, 0, 0, 0, 1, 3, 1, 0, 0, 0, 0],900.0760482104305,49104.85573898611,106612.48357517918,false
43,G3_TWC,G3_TWC,[42, 31, 22, 82, 15, 26, 58, 95, 77, 12, 47, 5, 93, 78, 98, 54, 85, 63, 18, 44, 20, 35, 43, 97, 91, 76, 10, 30, 21, 45, 71, 64, 1, 23, 17, 83, 24, 14, 60, 36, 6, 57, 94, 88, 65, 56, 79, 40, 67, 68, 46, 75, 38, 9, 19, 32, 81, 41, 27, 62, 87, 90, 99, 59, 11, 16, 72, 73, 70, 39, 37, 84, 3, 92, 25, 55, 28, 29, 51, 7, 33, 61, 86, 66, 89, 50, 48, 96, 53, 80, 4, 8, 34, 49, 52, 0, 13, 2, 69, 74]|[1, 1, 1, 0, 1, 1, 1, 2, 2, 1, 2, 2, 2, 1, 1, 0, 0, 1, 0, 2, 2, 0, 1, 2, 0, 1, 2, 2, 0, 0, 1, 2, 1, 2, 1, 0, 2, 0, 1, 1, 0, 1, 1, 1, 0, 2, 1, 1, 0, 0, 0, 0, 1, 1, 2, 1, 2, 0, 0, 0, 2, 1, 0, 1, 2, 1, 2, 1, 1, 1, 1, 1, 2, 0, 1, 1, 0, 0, 0, 1, 2, 1, 0, 2, 1, 0, 0, 0, 0, 0, 0, 1, 2, 0, 1, 0, 0, 0, 1, 2]|[2, 4, 3, 2, 2, 0, 0, 2, 2, 4, 1, 1, 2, 4, 4, 1, 1, 4, 2, 1, 1, 1, 1, 2, 1, 2, 1, 1, 1, 1, 3, 2, 3, 0, 4, 0, 1, 1, 0, 3, 2, 2, 4, 0, 1, 1, 0, 2, 0, 1, 2, 2, 1, 4, 0, 3, 2, 1, 1, 2, 1, 3, 1, 1, 1, 3, 0, 4, 3, 1, 4, 1, 1, 2, 4, 4, 2, 1, 1, 3, 1, 3, 1, 1, 1, 1, 1, 1, 2, 1, 2, 3, 1, 1, 1, 2, 2, 2, 3, 1]|[1, 0, 2, 1, 1, 3, 3, 0, 0, 0, 0, 0, 1, 0, 1, 0, 0, 3, 1, 0, 0, 0, 3, 1, 0, 2, 0, 0, 0, 1, 0, 0, 0, 0, 3, 0, 1, 0, 0, 2, 1, 1, 2, 0, 0, 0, 0, 1, 1, 0, 0, 0, 1, 3, 0, 0, 1, 0, 0, 1, 0, 2, 0, 1, 0, 2, 1, 0, 0, 1, 1, 3, 0, 1, 3, 3, 1, 0, 0, 2, 0, 0, 0, 0, 1, 0, 0, 0, 1, 0, 1, 2, 0, 1, 1, 0, 0, 0, 0, 0],790.0808266764368,58301.839560278044,88734.19036740763,false
43,G1_CMAX,G1_CMAX,[31, 22, 90, 26, 58, 95, 42, 12, 93, 5, 78, 86, 98, 18, 20, 35, 3, 97, 91, 76, 10, 85, 54, 45, 63, 71, 66, 1, 23, 17, 24, 60, 36, 6, 57, 15, 65, 56, 47, 79, 94, 67, 50, 46, 14, 75, 38, 9, 30, 19, 32, 81, 27, 92, 83, 87, 40, 99, 59, 11, 53, 16, 72, 77, 73, 70, 39, 37, 84, 43, 62, 25, 55, 28, 29, 51, 68, 82, 74, 61, 88, 21, 80, 89, 7, 69, 96, 41, 48, 4, 8, 34, 49, 52, 0, 44, 13, 2, 64, 33]|[1, 1, 1, 1, 0, 2, 1, 1, 2, 2, 2, 1, 0, 1, 2, 2, 1, 2, 0, 1, 2, 2, 2, 0, 0, 1, 2, 1, 2, 1, 2, 1, 1, 0, 1, 1, 0, 2, 2, 1, 1, 0, 0, 0, 0, 1, 1, 1, 1, 2, 1, 2, 2, 0, 0, 2, 1, 0, 0, 2, 0, 1, 2, 2, 1, 1, 1, 1, 1, 1, 0, 1, 1, 0, 0, 0, 0, 0, 2, 1, 1, 0, 0, 1, 1, 1, 2, 2, 0, 1, 1, 2, 0, 1, 0, 0, 0, 0, 2, 2]|[0, 4, 3, 0, 1, 1, 2, 4, 1, 1, 2, 4, 1, 4, 1, 1, 1, 2, 2, 2, 2, 1, 1, 1, 2, 3, 2, 3, 0, 4, 1, 0, 3, 2, 2, 2, 1, 1, 1, 0, 2, 0, 1, 2, 1, 3, 1, 4, 2, 0, 3, 2, 1, 2, 1, 1, 4, 1, 1, 1, 2, 3, 0, 2, 4, 3, 1, 4, 1, 1, 1, 4, 4, 2, 1, 1, 1, 2, 1, 3, 0, 1, 1, 1, 1, 3, 1, 1, 1, 4, 3, 1, 1, 1, 2, 2, 2, 2, 1, 1]|[3, 0, 2, 3, 0, 0, 1, 0, 0, 0, 1, 0, 0, 3, 0, 0, 1, 1, 1, 2, 1, 0, 0, 0, 0, 0, 0, 0, 0, 3, 1, 0, 2, 1, 1, 1, 0, 0, 0, 0, 1, 1, 0, 0, 0, 0, 1, 3, 2, 0, 0, 1, 0, 1, 0, 0, 2, 0, 0, 0, 1, 2, 1, 1, 0, 0, 1, 1, 3, 3, 0, 3, 3, 1, 0, 0, 0, 1, 0, 0, 0, 0, 0, 1, 2, 2, 0, 0, 0, 0, 2, 0, 1, 1, 0, 0, 0, 0, 0, 0],705.0470749739228,58445.79123614564,95781.2895945797,false
43,G4_BALANCED,G1_CMAX,[22, 82, 3, 58, 95, 42, 77, 47, 5, 93, 78, 12, 86, 54, 50, 63, 18, 44, 20, 35, 43, 97, 91, 76, 10, 30, 21, 45, 71, 64, 36, 23, 17, 83, 24, 14, 60, 1, 6, 40, 57, 90, 65, 56, 79, 94, 67, 68, 46, 75, 38, 9, 19, 32, 81, 41, 27, 62, 16, 55, 59, 89, 88, 87, 31, 72, 73, 70, 39, 37, 84, 92, 25, 11, 48, 15, 29, 51, 7, 33, 61, 98, 28, 99, 26, 85, 66, 96, 53, 80, 4, 8, 34, 49, 52, 2, 13, 0, 69, 74]|[1, 0, 1, 0, 1, 2, 2, 2, 2, 2, 1, 1, 1, 0, 0, 1, 0, 2, 2, 0, 1, 2, 0, 1, 2, 2, 0, 0, 1, 2, 1, 2, 1, 0, 2, 0, 1, 1, 0, 1, 1, 1, 0, 2, 1, 1, 0, 0, 0, 0, 1, 1, 2, 1, 2, 0, 0, 0, 1, 2, 1, 1, 1, 1, 1, 2, 1, 2, 1, 1, 1, 0, 1, 2, 2, 1, 0, 0, 1, 2, 1, 2, 0, 1, 1, 0, 0, 2, 0, 0, 1, 1, 2, 0, 1, 0, 0, 0, 1, 2]|[3, 2, 1, 1, 2, 1, 2, 1, 1, 2, 4, 4, 4, 1, 1, 4, 2, 1, 1, 1, 1, 2, 1, 2, 1, 1, 2, 1, 3, 2, 3, 1, 4, 1, 1, 1, 0, 3, 2, 2, 2, 3, 1, 1, 0, 4, 0, 1, 2, 2, 1, 4, 0, 3, 2, 1, 1, 2, 3, 1, 1, 1, 0, 3, 0, 0, 3, 0, 1, 4, 1, 0, 4, 1, 1, 4, 1, 1, 1, 1, 3, 1, 2, 1, 0, 2, 1, 1, 2, 1, 4, 3, 1, 1, 1, 2, 2, 2, 4, 1]|[3, 1, 2, 0, 1, 0, 0, 0, 0, 1, 0, 0, 1, 0, 0, 3, 1, 0, 0, 0, 3, 1, 0, 2, 0, 0, 0, 1, 0, 0, 2, 0, 3, 0, 1, 0, 0, 0, 1, 1, 1, 2, 0, 0, 0, 2, 1, 0, 0, 0, 1, 3, 0, 0, 1, 0, 0, 1, 2, 0, 1, 1, 0, 2, 0, 1, 0, 1, 1, 1, 1, 1, 3, 0, 0, 3, 0, 0, 2, 0, 0, 0, 1, 1, 3, 0, 0, 0, 1, 0, 0, 2, 0, 1, 1, 0, 0, 0, 2, 0],715.7913946700162,58060.95961022334,95287.06515100288,true
43,G2_TEC,G2_TEC,[31, 22, 82, 15, 26, 9, 95, 42, 77, 68, 47, 5, 93, 78, 86, 54, 85, 63, 18, 44, 20, 49, 36, 14, 74, 50, 53, 17, 21, 28, 11, 64, 3, 23, 30, 83, 24, 41, 40, 52, 65, 27, 90, 70, 39, 87, 48, 69, 99, 4, 75, 1, 13, 58, 97, 59, 45, 8, 73, 37, 35, 79, 71, 66, 76, 32, 60, 80, 56, 6, 67, 61, 33, 7, 57, 34, 12, 16, 10, 98, 96, 88, 43, 81, 91, 2, 84, 29, 92, 19, 51, 55, 46, 89, 25, 72, 94, 38, 62, 0]|[2, 1, 2, 1, 1, 2, 1, 1, 1, 1, 1, 0, 2, 2, 1, 2, 0, 0, 0, 2, 2, 1, 0, 2, 0, 2, 2, 1, 0, 1, 1, 1, 0, 0, 1, 0, 2, 1, 2, 2, 0, 0, 1, 1, 0, 2, 0, 2, 1, 0, 0, 2, 0, 0, 2, 0, 1, 1, 0, 0, 2, 1, 1, 2, 2, 0, 2, 2, 2, 1, 2, 1, 1, 2, 0, 1, 1, 2, 1, 2, 0, 1, 1, 1, 1, 0, 0, 1, 0, 1, 1, 0, 0, 1, 1, 1, 2, 0, 1, 2]|[0, 3, 0, 3, 4, 1, 4, 4, 2, 4, 3, 2, 1, 0, 2, 1, 1, 1, 2, 1, 1, 3, 0, 1, 0, 1, 1, 4, 1, 4, 3, 2, 2, 0, 4, 1, 1, 4, 1, 1, 2, 1, 4, 4, 1, 1, 0, 1, 3, 2, 2, 1, 2, 1, 1, 2, 4, 3, 0, 2, 2, 3, 3, 1, 1, 2, 1, 1, 1, 4, 1, 3, 4, 1, 2, 4, 3, 1, 3, 1, 2, 4, 4, 4, 3, 2, 2, 3, 2, 4, 3, 2, 2, 4, 4, 4, 1, 2, 3, 1]|[0, 2, 0, 0, 3, 0, 1, 3, 0, 0, 2, 0, 1, 0, 1, 0, 0, 0, 1, 0, 0, 2, 0, 0, 1, 0, 0, 3, 0, 1, 0, 2, 0, 0, 3, 0, 1, 1, 0, 0, 0, 0, 1, 3, 0, 0, 1, 0, 2, 0, 0, 0, 0, 0, 1, 0, 1, 0, 1, 1, 0, 2, 0, 0, 0, 0, 0, 0, 0, 2, 0, 0, 1, 0, 0, 1, 0, 0, 3, 0, 0, 1, 2, 2, 0, 0, 0, 3, 0, 1, 0, 0, 0, 1, 3, 1, 0, 0, 0, 0],900.0760482104305,49104.85573898611,106612.48357517918,false
43,G3_TWC,G3_TWC,[42, 31, 22, 82, 15, 26, 58, 95, 77, 12, 47, 5, 93, 78, 98, 54, 85, 63, 18, 44, 20, 35, 43, 97, 91, 76, 10, 30, 21, 45, 71, 64, 1, 23, 17, 83, 24, 14, 60, 36, 6, 57, 94, 88, 65, 56, 79, 40, 67, 68, 46, 75, 38, 9, 19, 32, 81, 41, 27, 62, 87, 90, 99, 59, 11, 16, 72, 73, 70, 39, 37, 84, 3, 92, 25, 55, 28, 29, 51, 7, 33, 61, 86, 66, 89, 50, 48, 96, 53, 80, 4, 8, 34, 49, 52, 0, 13, 2, 69, 74]|[1, 1, 1, 0, 1, 1, 1, 2, 2, 1, 2, 2, 2, 1, 1, 0, 0, 1, 0, 2, 2, 0, 1, 2, 0, 1, 2, 2, 0, 0, 1, 2, 1, 2, 1, 0, 2, 0, 1, 1, 0, 1, 1, 1, 0, 2, 1, 1, 0, 0, 0, 0, 1, 1, 2, 1, 2, 0, 0, 0, 2, 1, 0, 1, 2, 1, 2, 1, 1, 1, 1, 1, 2, 0, 1, 1, 0, 0, 0, 1, 2, 1, 0, 2, 1, 0, 0, 0, 0, 0, 0, 1, 2, 0, 1, 0, 0, 0, 1, 2]|[2, 4, 3, 2, 2, 0, 0, 2, 2, 4, 1, 1, 2, 4, 4, 1, 1, 4, 2, 1, 1, 1, 1, 2, 1, 2, 1, 1, 1, 1, 3, 2, 3, 0, 4, 0, 1, 1, 0, 3, 2, 2, 4, 0, 1, 1, 0, 2, 0, 1, 2, 2, 1, 4, 0, 3, 2, 1, 1, 2, 1, 3, 1, 1, 1, 3, 0, 4, 3, 1, 4, 1, 1, 2, 4, 4, 2, 1, 1, 3, 1, 3, 1, 1, 1, 1, 1, 1, 2, 1, 2, 3, 1, 1, 1, 2, 2, 2, 3, 1]|[1, 0, 2, 1, 1, 3, 3, 0, 0, 0, 0, 0, 1, 0, 1, 0, 0, 3, 1, 0, 0, 0, 3, 1, 0, 2, 0, 0, 0, 1, 0, 0, 0, 0, 3, 0, 1, 0, 0, 2, 1, 1, 2, 0, 0, 0, 0, 1, 1, 0, 0, 0, 1, 3, 0, 0, 1, 0, 0, 1, 0, 2, 0, 1, 0, 2, 1, 0, 0, 1, 1, 3, 0, 1, 3, 3, 1, 0, 0, 2, 0, 0, 0, 0, 1, 0, 0, 0, 1, 0, 1, 2, 0, 1, 1, 0, 0, 0, 0, 0],790.0808266764368,58301.839560278044,88734.19036740763,false
43,G1_CMAX,G1_CMAX,[31, 22, 90, 26, 58, 95, 42, 12, 93, 5, 78, 86, 98, 18, 20, 35, 3, 97, 91, 76, 10, 85, 54, 45, 63, 71, 66, 1, 23, 17, 24, 60, 36, 6, 57, 15, 65, 56, 47, 79, 94, 67, 50, 46, 14, 75, 38, 9, 30, 19, 32, 81, 27, 92, 83, 87, 40, 99, 59, 11, 53, 16, 72, 77, 73, 70, 39, 37, 84, 43, 62, 25, 55, 28, 29, 51, 68, 82, 74, 61, 88, 21, 80, 89, 7, 69, 96, 41, 48, 4, 8, 34, 49, 52, 0, 44, 13, 2, 64, 33]|[1, 1, 1, 1, 0, 2, 1, 1, 2, 2, 2, 1, 0, 1, 2, 2, 1, 2, 0, 1, 2, 2, 2, 0, 0, 1, 2, 1, 2, 1, 2, 1, 1, 0, 1, 1, 0, 2, 2, 1, 1, 0, 0, 0, 0, 1, 1, 1, 1, 2, 1, 2, 2, 0, 0, 2, 1, 0, 0, 2, 0, 1, 2, 2, 1, 1, 1, 1, 1, 1, 0, 1, 1, 0, 0, 0, 0, 0, 2, 1, 1, 0, 0, 1, 1, 1, 2, 2, 0, 1, 1, 2, 0, 1, 0, 0, 0, 0, 2, 2]|[0, 4, 3, 0, 1, 1, 2, 4, 1, 1, 2, 4, 1, 4, 1, 1, 1, 2, 2, 2, 2, 1, 1, 1, 2, 3, 2, 3, 0, 4, 1, 0, 3, 2, 2, 2, 1, 1, 1, 0, 2, 0, 1, 2, 1, 3, 1, 4, 2, 0, 3, 2, 1, 2, 1, 1, 4, 1, 1, 1, 2, 3, 0, 2, 4, 3, 1, 4, 1, 1, 1, 4, 4, 2, 1, 1, 1, 2, 1, 3, 0, 1, 1, 1, 1, 3, 1, 1, 1, 4, 3, 1, 1, 1, 2, 2, 2, 2, 1, 1]|[3, 0, 2, 3, 0, 0, 1, 0, 0, 0, 1, 0, 0, 3, 0, 0, 1, 1, 1, 2, 1, 0, 0, 0, 0, 0, 0, 0, 0, 3, 1, 0, 2, 1, 1, 1, 0, 0, 0, 0, 1, 1, 0, 0, 0, 0, 1, 3, 2, 0, 0, 1, 0, 1, 0, 0, 2, 0, 0, 0, 1, 2, 1, 1, 0, 0, 1, 1, 3, 3, 0, 3, 3, 1, 0, 0, 0, 1, 0, 0, 0, 0, 0, 1, 2, 2, 0, 0, 0, 0, 2, 0, 1, 1, 0, 0, 0, 0, 0, 0],705.0470749739228,58445.79123614564,95781.2895945797,false
43,G4_BALANCED,G1_CMAX,[22, 82, 3, 58, 95, 42, 77, 47, 5, 93, 78, 12, 86, 54, 50, 63, 18, 44, 20, 35, 43, 97, 91, 76, 10, 30, 21, 45, 71, 64, 36, 23, 17, 83, 24, 14, 60, 1, 6, 40, 57, 90, 65, 56, 79, 94, 67, 68, 46, 75, 38, 9, 19, 32, 81, 41, 27, 62, 16, 55, 59, 89, 88, 87, 31, 72, 73, 70, 39, 37, 84, 92, 25, 11, 48, 15, 29, 51, 7, 33, 61, 98, 28, 99, 26, 85, 66, 96, 53, 80, 4, 8, 34, 49, 52, 2, 13, 0, 69, 74]|[1, 0, 1, 0, 1, 2, 2, 2, 2, 2, 1, 1, 1, 0, 0, 1, 0, 2, 2, 0, 1, 2, 0, 1, 2, 2, 0, 0, 1, 2, 1, 2, 1, 0, 2, 0, 1, 1, 0, 1, 1, 1, 0, 2, 1, 1, 0, 0, 0, 0, 1, 1, 2, 1, 2, 0, 0, 0, 1, 2, 1, 1, 1, 1, 1, 2, 1, 2, 1, 1, 1, 0, 1, 2, 2, 1, 0, 0, 1, 2, 1, 2, 0, 1, 1, 0, 0, 2, 0, 0, 1, 1, 2, 0, 1, 0, 0, 0, 1, 2]|[3, 2, 1, 1, 2, 1, 2, 1, 1, 2, 4, 4, 4, 1, 1, 4, 2, 1, 1, 1, 1, 2, 1, 2, 1, 1, 2, 1, 3, 2, 3, 1, 4, 1, 1, 1, 0, 3, 2, 2, 2, 3, 1, 1, 0, 4, 0, 1, 2, 2, 1, 4, 0, 3, 2, 1, 1, 2, 3, 1, 1, 1, 0, 3, 0, 0, 3, 0, 1, 4, 1, 0, 4, 1, 1, 4, 1, 1, 1, 1, 3, 1, 2, 1, 0, 2, 1, 1, 2, 1, 4, 3, 1, 1, 1, 2, 2, 2, 4, 1]|[3, 1, 2, 0, 1, 0, 0, 0, 0, 1, 0, 0, 1, 0, 0, 3, 1, 0, 0, 0, 3, 1, 0, 2, 0, 0, 0, 1, 0, 0, 2, 0, 3, 0, 1, 0, 0, 0, 1, 1, 1, 2, 0, 0, 0, 2, 1, 0, 0, 0, 1, 3, 0, 0, 1, 0, 0, 1, 2, 0, 1, 1, 0, 2, 0, 1, 0, 1, 1, 1, 1, 1, 3, 0, 0, 3, 0, 0, 2, 0, 0, 0, 1, 1, 3, 0, 0, 0, 1, 0, 0, 2, 0, 1, 1, 0, 0, 0, 2, 0],715.7913946700162,58060.95961022334,95287.06515100288,true
43,G2_TEC,G2_TEC,[31, 22, 82, 15, 26, 9, 95, 42, 77, 68, 47, 5, 93, 78, 86, 54, 85, 63, 18, 44, 20, 49, 36, 14, 74, 50, 53, 17, 21, 28, 11, 64, 3, 23, 30, 83, 24, 41, 40, 52, 65, 27, 90, 70, 39, 87, 48, 69, 99, 4, 75, 1, 13, 58, 97, 59, 45, 8, 73, 37, 35, 79, 71, 66, 76, 32, 60, 80, 56, 6, 67, 61, 33, 7, 57, 34, 12, 16, 10, 98, 96, 88, 43, 81, 91, 2, 84, 29, 92, 19, 51, 55, 46, 89, 25, 72, 94, 38, 62, 0]|[2, 1, 2, 1, 1, 2, 1, 1, 1, 1, 1, 0, 2, 2, 1, 2, 0, 0, 0, 2, 2, 1, 0, 2, 0, 2, 2, 1, 0, 1, 1, 1, 0, 0, 1, 0, 2, 1, 2, 2, 0, 0, 1, 1, 0, 2, 0, 2, 1, 0, 0, 2, 0, 0, 2, 0, 1, 1, 0, 0, 2, 1, 1, 2, 2, 0, 2, 2, 2, 1, 2, 1, 1, 2, 0, 1, 1, 2, 1, 2, 0, 1, 1, 1, 1, 0, 0, 1, 0, 1, 1, 0, 0, 1, 1, 1, 2, 0, 1, 2]|[0, 3, 0, 3, 4, 1, 4, 4, 2, 4, 3, 2, 1, 0, 2, 1, 1, 1, 2, 1, 1, 3, 0, 1, 0, 1, 1, 4, 1, 4, 3, 2, 2, 0, 4, 1, 1, 4, 1, 1, 2, 1, 4, 4, 1, 1, 0, 1, 3, 2, 2, 1, 2, 1, 1, 2, 4, 3, 0, 2, 2, 3, 3, 1, 1, 2, 1, 1, 1, 4, 1, 3, 4, 1, 2, 4, 3, 1, 3, 1, 2, 4, 4, 4, 3, 2, 2, 3, 2, 4, 3, 2, 2, 4, 4, 4, 1, 2, 3, 1]|[0, 2, 0, 0, 3, 0, 1, 3, 0, 0, 2, 0, 1, 0, 1, 0, 0, 0, 1, 0, 0, 2, 0, 0, 1, 0, 0, 3, 0, 1, 0, 2, 0, 0, 3, 0, 1, 1, 0, 0, 0, 0, 1, 3, 0, 0, 1, 0, 2, 0, 0, 0, 0, 0, 1, 0, 1, 0, 1, 1, 0, 2, 0, 0, 0, 0, 0, 0, 0, 2, 0, 0, 1, 0, 0, 1, 0, 0, 3, 0, 0, 1, 2, 2, 0, 0, 0, 3, 0, 1, 0, 0, 0, 1, 3, 1, 0, 0, 0, 0],900.0760482104305,49104.85573898611,106612.48357517918,false
43,G3_TWC,G3_TWC,[42, 31, 22, 82, 15, 26, 58, 95, 77, 12, 47, 5, 93, 78, 98, 54, 85, 63, 18, 44, 20, 35, 43, 97, 91, 76, 10, 30, 21, 45, 71, 64, 1, 23, 17, 83, 24, 14, 60, 36, 6, 57, 94, 88, 65, 56, 79, 40, 67, 68, 46, 75, 38, 9, 19, 32, 81, 41, 27, 62, 87, 90, 99, 59, 11, 16, 72, 73, 70, 39, 37, 84, 3, 92, 25, 55, 28, 29, 51, 7, 33, 61, 86, 66, 89, 50, 48, 96, 53, 80, 4, 8, 34, 49, 52, 0, 13, 2, 69, 74]|[1, 1, 1, 0, 1, 1, 1, 2, 2, 1, 2, 2, 2, 1, 1, 0, 0, 1, 0, 2, 2, 0, 1, 2, 0, 1, 2, 2, 0, 0, 1, 2, 1, 2, 1, 0, 2, 0, 1, 1, 0, 1, 1, 1, 0, 2, 1, 1, 0, 0, 0, 0, 1, 1, 2, 1, 2, 0, 0, 0, 2, 1, 0, 1, 2, 1, 2, 1, 1, 1, 1, 1, 2, 0, 1, 1, 0, 0, 0, 1, 2, 1, 0, 2, 1, 0, 0, 0, 0, 0, 0, 1, 2, 0, 1, 0, 0, 0, 1, 2]|[2, 4, 3, 2, 2, 0, 0, 2, 2, 4, 1, 1, 2, 4, 4, 1, 1, 4, 2, 1, 1, 1, 1, 2, 1, 2, 1, 1, 1, 1, 3, 2, 3, 0, 4, 0, 1, 1, 0, 3, 2, 2, 4, 0, 1, 1, 0, 2, 0, 1, 2, 2, 1, 4, 0, 3, 2, 1, 1, 2, 1, 3, 1, 1, 1, 3, 0, 4, 3, 1, 4, 1, 1, 2, 4, 4, 2, 1, 1, 3, 1, 3, 1, 1, 1, 1, 1, 1, 2, 1, 2, 3, 1, 1, 1, 2, 2, 2, 3, 1]|[1, 0, 2, 1, 1, 3, 3, 0, 0, 0, 0, 0, 1, 0, 1, 0, 0, 3, 1, 0, 0, 0, 3, 1, 0, 2, 0, 0, 0, 1, 0, 0, 0, 0, 3, 0, 1, 0, 0, 2, 1, 1, 2, 0, 0, 0, 0, 1, 1, 0, 0, 0, 1, 3, 0, 0, 1, 0, 0, 1, 0, 2, 0, 1, 0, 2, 1, 0, 0, 1, 1, 3, 0, 1, 3, 3, 1, 0, 0, 2, 0, 0, 0, 0, 1, 0, 0, 0, 1, 0, 1, 2, 0, 1, 1, 0, 0, 0, 0, 0],790.0808266764368,58301.839560278044,88734.19036740763,false
43,G1_CMAX,G1_CMAX,[31, 22, 90, 26, 58, 95, 42, 12, 93, 5, 78, 86, 98, 18, 20, 35, 3, 97, 91, 76, 10, 85, 54, 45, 63, 71, 66, 1, 23, 17, 24, 60, 36, 6, 57, 15, 65, 56, 47, 79, 94, 67, 50, 46, 14, 75, 38, 9, 30, 19, 32, 81, 27, 92, 83, 87, 40, 99, 59, 11, 53, 16, 72, 77, 73, 70, 39, 37, 84, 43, 62, 25, 55, 28, 29, 51, 68, 82, 74, 61, 88, 21, 80, 89, 7, 69, 96, 41, 48, 4, 8, 34, 49, 52, 0, 44, 13, 2, 64, 33]|[1, 1, 1, 1, 0, 2, 1, 1, 2, 2, 2, 1, 0, 1, 2, 2, 1, 2, 0, 1, 2, 2, 2, 0, 0, 1, 2, 1, 2, 1, 2, 1, 1, 0, 1, 1, 0, 2, 2, 1, 1, 0, 0, 0, 0, 1, 1, 1, 1, 2, 1, 2, 2, 0, 0, 2, 1, 0, 0, 2, 0, 1, 2, 2, 1, 1, 1, 1, 1, 1, 0, 1, 1, 0, 0, 0, 0, 0, 2, 1, 1, 0, 0, 1, 1, 1, 2, 2, 0, 1, 1, 2, 0, 1, 0, 0, 0, 0, 2, 2]|[0, 4, 3, 0, 1, 1, 2, 4, 1, 1, 2, 4, 1, 4, 1, 1, 1, 2, 2, 2, 2, 1, 1, 1, 2, 3, 2, 3, 0, 4, 1, 0, 3, 2, 2, 2, 1, 1, 1, 0, 2, 0, 1, 2, 1, 3, 1, 4, 2, 0, 3, 2, 1, 2, 1, 1, 4, 1, 1, 1, 2, 3, 0, 2, 4, 3, 1, 4, 1, 1, 1, 4, 4, 2, 1, 1, 1, 2, 1, 3, 0, 1, 1, 1, 1, 3, 1, 1, 1, 4, 3, 1, 1, 1, 2, 2, 2, 2, 1, 1]|[3, 0, 2, 3, 0, 0, 1, 0, 0, 0, 1, 0, 0, 3, 0, 0, 1, 1, 1, 2, 1, 0, 0, 0, 0, 0, 0, 0, 0, 3, 1, 0, 2, 1, 1, 1, 0, 0, 0, 0, 1, 1, 0, 0, 0, 0, 1, 3, 2, 0, 0, 1, 0, 1, 0, 0, 2, 0, 0, 0, 1, 2, 1, 1, 0, 0, 1, 1, 3, 3, 0, 3, 3, 1, 0, 0, 0, 1, 0, 0, 0, 0, 0, 1, 2, 2, 0, 0, 0, 0, 2, 0, 1, 1, 0, 0, 0, 0, 0, 0],705.0470749739228,58445.79123614564,95781.2895945797,false
43,G4_BALANCED,G1_CMAX,[22, 82, 3, 58, 95, 42, 77, 47, 5, 93, 78, 12, 86, 54, 50, 63, 18, 44, 20, 35, 43, 97, 91, 76, 10, 30, 21, 45, 71, 64, 36, 23, 17, 83, 24, 14, 60, 1, 6, 40, 57, 90, 65, 56, 79, 94, 67, 68, 46, 75, 38, 9, 19, 32, 81, 41, 27, 62, 16, 55, 59, 89, 88, 87, 31, 72, 73, 70, 39, 37, 84, 92, 25, 11, 48, 15, 29, 51, 7, 33, 61, 98, 28, 99, 26, 85, 66, 96, 53, 80, 4, 8, 34, 49, 52, 2, 13, 0, 69, 74]|[1, 0, 1, 0, 1, 2, 2, 2, 2, 2, 1, 1, 1, 0, 0, 1, 0, 2, 2, 0, 1, 2, 0, 1, 2, 2, 0, 0, 1, 2, 1, 2, 1, 0, 2, 0, 1, 1, 0, 1, 1, 1, 0, 2, 1, 1, 0, 0, 0, 0, 1, 1, 2, 1, 2, 0, 0, 0, 1, 2, 1, 1, 1, 1, 1, 2, 1, 2, 1, 1, 1, 0, 1, 2, 2, 1, 0, 0, 1, 2, 1, 2, 0, 1, 1, 0, 0, 2, 0, 0, 1, 1, 2, 0, 1, 0, 0, 0, 1, 2]|[3, 2, 1, 1, 2, 1, 2, 1, 1, 2, 4, 4, 4, 1, 1, 4, 2, 1, 1, 1, 1, 2, 1, 2, 1, 1, 2, 1, 3, 2, 3, 1, 4, 1, 1, 1, 0, 3, 2, 2, 2, 3, 1, 1, 0, 4, 0, 1, 2, 2, 1, 4, 0, 3, 2, 1, 1, 2, 3, 1, 1, 1, 0, 3, 0, 0, 3, 0, 1, 4, 1, 0, 4, 1, 1, 4, 1, 1, 1, 1, 3, 1, 2, 1, 0, 2, 1, 1, 2, 1, 4, 3, 1, 1, 1, 2, 2, 2, 4, 1]|[3, 1, 2, 0, 1, 0, 0, 0, 0, 1, 0, 0, 1, 0, 0, 3, 1, 0, 0, 0, 3, 1, 0, 2, 0, 0, 0, 1, 0, 0, 2, 0, 3, 0, 1, 0, 0, 0, 1, 1, 1, 2, 0, 0, 0, 2, 1, 0, 0, 0, 1, 3, 0, 0, 1, 0, 0, 1, 2, 0, 1, 1, 0, 2, 0, 1, 0, 1, 1, 1, 1, 1, 3, 0, 0, 3, 0, 0, 2, 0, 0, 0, 1, 1, 3, 0, 0, 0, 1, 0, 0, 2, 0, 1, 1, 0, 0, 0, 2, 0],715.7913946700162,58060.95961022334,95287.06515100288,true
43,G2_TEC,G2_TEC,[31, 22, 82, 15, 26, 9, 95, 42, 77, 68, 47, 5, 93, 78, 86, 54, 85, 63, 18, 44, 20, 49, 36, 14, 74, 50, 53, 17, 21, 28, 11, 64, 3, 23, 30, 83, 24, 41, 40, 52, 65, 27, 90, 70, 39, 87, 48, 69, 99, 4, 75, 1, 13, 58, 97, 59, 45, 8, 73, 37, 35, 79, 71, 66, 76, 32, 60, 80, 56, 6, 67, 61, 33, 7, 57, 34, 12, 16, 10, 98, 96, 88, 43, 81, 91, 2, 84, 29, 92, 19, 51, 55, 46, 89, 25, 72, 94, 38, 62, 0]|[2, 1, 2, 1, 1, 2, 1, 1, 1, 1, 1, 0, 2, 2, 1, 2, 0, 0, 0, 2, 2, 1, 0, 2, 0, 2, 2, 1, 0, 1, 1, 1, 0, 0, 1, 0, 2, 1, 2, 2, 0, 0, 1, 1, 0, 2, 0, 2, 1, 0, 0, 2, 0, 0, 2, 0, 1, 1, 0, 0, 2, 1, 1, 2, 2, 0, 2, 2, 2, 1, 2, 1, 1, 2, 0, 1, 1, 2, 1, 2, 0, 1, 1, 1, 1, 0, 0, 1, 0, 1, 1, 0, 0, 1, 1, 1, 2, 0, 1, 2]|[0, 3, 0, 3, 4, 1, 4, 4, 2, 4, 3, 2, 1, 0, 2, 1, 1, 1, 2, 1, 1, 3, 0, 1, 0, 1, 1, 4, 1, 4, 3, 2, 2, 0, 4, 1, 1, 4, 1, 1, 2, 1, 4, 4, 1, 1, 0, 1, 3, 2, 2, 1, 2, 1, 1, 2, 4, 3, 0, 2, 2, 3, 3, 1, 1, 2, 1, 1, 1, 4, 1, 3, 4, 1, 2, 4, 3, 1, 3, 1, 2, 4, 4, 4, 3, 2, 2, 3, 2, 4, 3, 2, 2, 4, 4, 4, 1, 2, 3, 1]|[0, 2, 0, 0, 3, 0, 1, 3, 0, 0, 2, 0, 1, 0, 1, 0, 0, 0, 1, 0, 0, 2, 0, 0, 1, 0, 0, 3, 0, 1, 0, 2, 0, 0, 3, 0, 1, 1, 0, 0, 0, 0, 1, 3, 0, 0, 1, 0, 2, 0, 0, 0, 0, 0, 1, 0, 1, 0, 1, 1, 0, 2, 0, 0, 0, 0, 0, 0, 0, 2, 0, 0, 1, 0, 0, 1, 0, 0, 3, 0, 0, 1, 2, 2, 0, 0, 0, 3, 0, 1, 0, 0, 0, 1, 3, 1, 0, 0, 0, 0],900.0760482104305,49104.85573898611,106612.48357517918,false
43,G3_TWC,G3_TWC,[42, 31, 22, 82, 15, 26, 58, 95, 77, 12, 47, 5, 93, 78, 98, 54, 85, 63, 18, 44, 20, 35, 43, 97, 91, 76, 10, 30, 21, 45, 71, 64, 1, 23, 17, 83, 24, 14, 60, 36, 6, 57, 94, 88, 65, 56, 79, 40, 67, 68, 46, 75, 38, 9, 19, 32, 81, 41, 27, 62, 87, 90, 99, 59, 11, 16, 72, 73, 70, 39, 37, 84, 3, 92, 25, 55, 28, 29, 51, 7, 33, 61, 86, 66, 89, 50, 48, 96, 53, 80, 4, 8, 34, 49, 52, 0, 13, 2, 69, 74]|[1, 1, 1, 0, 1, 1, 1, 2, 2, 1, 2, 2, 2, 1, 1, 0, 0, 1, 0, 2, 2, 0, 1, 2, 0, 1, 2, 2, 0, 0, 1, 2, 1, 2, 1, 0, 2, 0, 1, 1, 0, 1, 1, 1, 0, 2, 1, 1, 0, 0, 0, 0, 1, 1, 2, 1, 2, 0, 0, 0, 2, 1, 0, 1, 2, 1, 2, 1, 1, 1, 1, 1, 2, 0, 1, 1, 0, 0, 0, 1, 2, 1, 0, 2, 1, 0, 0, 0, 0, 0, 0, 1, 2, 0, 1, 0, 0, 0, 1, 2]|[2, 4, 3, 2, 2, 0, 0, 2, 2, 4, 1, 1, 2, 4, 4, 1, 1, 4, 2, 1, 1, 1, 1, 2, 1, 2, 1, 1, 1, 1, 3, 2, 3, 0, 4, 0, 1, 1, 0, 3, 2, 2, 4, 0, 1, 1, 0, 2, 0, 1, 2, 2, 1, 4, 0, 3, 2, 1, 1, 2, 1, 3, 1, 1, 1, 3, 0, 4, 3, 1, 4, 1, 1, 2, 4, 4, 2, 1, 1, 3, 1, 3, 1, 1, 1, 1, 1, 1, 2, 1, 2, 3, 1, 1, 1, 2, 2, 2, 3, 1]|[1, 0, 2, 1, 1, 3, 3, 0, 0, 0, 0, 0, 1, 0, 1, 0, 0, 3, 1, 0, 0, 0, 3, 1, 0, 2, 0, 0, 0, 1, 0, 0, 0, 0, 3, 0, 1, 0, 0, 2, 1, 1, 2, 0, 0, 0, 0, 1, 1, 0, 0, 0, 1, 3, 0, 0, 1, 0, 0, 1, 0, 2, 0, 1, 0, 2, 1, 0, 0, 1, 1, 3, 0, 1, 3, 3, 1, 0, 0, 2, 0, 0, 0, 0, 1, 0, 0, 0, 1, 0, 1, 2, 0, 1, 1, 0, 0, 0, 0, 0],790.0808266764368,58301.839560278044,88734.19036740763,false
44,G1_CMAX,G1_CMAX,[31, 22, 90, 26, 58, 95, 42, 12, 93, 5, 78, 86, 98, 18, 20, 35, 3, 97, 91, 76, 10, 85, 54, 45, 63, 71, 66, 1, 23, 17, 24, 60, 36, 6, 57, 15, 65, 56, 47, 79, 94, 67, 50, 46, 14, 75, 38, 9, 30, 19, 32, 81, 27, 92, 83, 87, 40, 99, 59, 11, 53, 16, 72, 77, 73, 70, 39, 37, 84, 43, 62, 25, 55, 28, 29, 51, 68, 82, 74, 61, 88, 21, 80, 89, 7, 69, 96, 41, 48, 4, 8, 34, 49, 52, 0, 44, 13, 2, 64, 33]|[1, 1, 1, 1, 0, 2, 1, 1, 2, 2, 2, 1, 0, 1, 2, 2, 1, 2, 0, 1, 2, 2, 2, 0, 0, 1, 2, 1, 2, 1, 2, 1, 1, 0, 1, 1, 0, 2, 2, 1, 1, 0, 0, 0, 0, 1, 1, 1, 1, 2, 1, 2, 2, 0, 0, 2, 1, 0, 0, 2, 0, 1, 2, 2, 1, 1, 1, 1, 1, 1, 0, 1, 1, 0, 0, 0, 0, 0, 2, 1, 1, 0, 0, 1, 1, 1, 2, 2, 0, 1, 1, 2, 0, 1, 0, 0, 0, 0, 2, 2]|[0, 4, 3, 0, 1, 1, 2, 4, 1, 1, 2, 4, 1, 4, 1, 1, 1, 2, 2, 2, 2, 1, 1, 1, 2, 3, 2, 3, 0, 4, 1, 0, 3, 2, 2, 2, 1, 1, 1, 0, 2, 0, 1, 2, 1, 3, 1, 4, 2, 0, 3, 2, 1, 2, 1, 1, 4, 1, 1, 1, 2, 3, 0, 2, 4, 3, 1, 4, 1, 1, 1, 4, 4, 2, 1, 1, 1, 2, 1, 3, 0, 1, 1, 1, 1, 3, 1, 1, 1, 4, 3, 1, 1, 1, 2, 2, 2, 2, 1, 1]|[3, 0, 2, 3, 0, 0, 1, 0, 0, 0, 1, 0, 0, 3, 0, 0, 1, 1, 1, 2, 1, 0, 0, 0, 0, 0, 0, 0, 0, 3, 1, 0, 2, 1, 1, 1, 0, 0, 0, 0, 1, 1, 0, 0, 0, 0, 1, 3, 2, 0, 0, 1, 0, 1, 0, 0, 2, 0, 0, 0, 1, 2, 1, 1, 0, 0, 1, 1, 3, 3, 0, 3, 3, 1, 0, 0, 0, 1, 0, 0, 0, 0, 0, 1, 2, 2, 0, 0, 0, 0, 2, 0, 1, 1, 0, 0, 0, 0, 0, 0],705.0470749739228,58445.79123614564,95781.2895945797,false
44,G4_BALANCED,G1_CMAX,[22, 82, 3, 58, 95, 42, 77, 47, 5, 93, 78, 12, 86, 54, 50, 63, 18, 44, 20, 35, 43, 97, 91, 76, 10, 30, 21, 45, 71, 64, 36, 23, 17, 83, 24, 14, 60, 1, 6, 40, 57, 90, 65, 56, 79, 94, 67, 68, 46, 75, 38, 9, 19, 32, 81, 41, 27, 62, 16, 55, 59, 89, 88, 87, 31, 72, 73, 70, 39, 37, 84, 92, 25, 11, 48, 15, 29, 51, 7, 33, 61, 98, 28, 99, 26, 85, 66, 96, 53, 80, 4, 8, 34, 49, 52, 2, 13, 0, 69, 74]|[1, 0, 1, 0, 1, 2, 2, 2, 2, 2, 1, 1, 1, 0, 0, 1, 0, 2, 2, 0, 1, 2, 0, 1, 2, 2, 0, 0, 1, 2, 1, 2, 1, 0, 2, 0, 1, 1, 0, 1, 1, 1, 0, 2, 1, 1, 0, 0, 0, 0, 1, 1, 2, 1, 2, 0, 0, 0, 1, 2, 1, 1, 1, 1, 1, 2, 1, 2, 1, 1, 1, 0, 1, 2, 2, 1, 0, 0, 1, 2, 1, 2, 0, 1, 1, 0, 0, 2, 0, 0, 1, 1, 2, 0, 1, 0, 0, 0, 1, 2]|[3, 2, 1, 1, 2, 1, 2, 1, 1, 2, 4, 4, 4, 1, 1, 4, 2, 1, 1, 1, 1, 2, 1, 2, 1, 1, 2, 1, 3, 2, 3, 1, 4, 1, 1, 1, 0, 3, 2, 2, 2, 3, 1, 1, 0, 4, 0, 1, 2, 2, 1, 4, 0, 3, 2, 1, 1, 2, 3, 1, 1, 1, 0, 3, 0, 0, 3, 0, 1, 4, 1, 0, 4, 1, 1, 4, 1, 1, 1, 1, 3, 1, 2, 1, 0, 2, 1, 1, 2, 1, 4, 3, 1, 1, 1, 2, 2, 2, 4, 1]|[3, 1, 2, 0, 1, 0, 0, 0, 0, 1, 0, 0, 1, 0, 0, 3, 1, 0, 0, 0, 3, 1, 0, 2, 0, 0, 0, 1, 0, 0, 2, 0, 3, 0, 1, 0, 0, 0, 1, 1, 1, 2, 0, 0, 0, 2, 1, 0, 0, 0, 1, 3, 0, 0, 1, 0, 0, 1, 2, 0, 1, 1, 0, 2, 0, 1, 0, 1, 1, 1, 1, 1, 3, 0, 0, 3, 0, 0, 2, 0, 0, 0, 1, 1, 3, 0, 0, 0, 1, 0, 0, 2, 0, 1, 1, 0, 0, 0, 2, 0],715.7913946700162,58060.95961022334,95287.06515100288,true
44,G2_TEC,G2_TEC,[31, 22, 82, 15, 26, 9, 95, 42, 77, 68, 47, 5, 93, 78, 86, 54, 85, 63, 18, 44, 20, 49, 36, 14, 74, 50, 53, 17, 21, 28, 11, 64, 3, 23, 30, 83, 24, 41, 40, 52, 65, 27, 90, 70, 39, 87, 48, 69, 99, 4, 75, 1, 13, 58, 97, 59, 45, 8, 73, 37, 35, 79, 71, 66, 76, 32, 60, 80, 56, 6, 67, 61, 33, 7, 57, 34, 12, 16, 10, 98, 96, 88, 43, 81, 91, 2, 84, 29, 92, 19, 51, 55, 46, 89, 25, 72, 94, 38, 62, 0]|[2, 1, 2, 1, 1, 2, 1, 1, 1, 1, 1, 0, 2, 2, 1, 2, 0, 0, 0, 2, 2, 1, 0, 2, 0, 2, 2, 1, 0, 1, 1, 1, 0, 0, 1, 0, 2, 1, 2, 2, 0, 0, 1, 1, 0, 2, 0, 2, 1, 0, 0, 2, 0, 0, 2, 0, 1, 1, 0, 0, 2, 1, 1, 2, 2, 0, 2, 2, 2, 1, 2, 1, 1, 2, 0, 1, 1, 2, 1, 2, 0, 1, 1, 1, 1, 0, 0, 1, 0, 1, 1, 0, 0, 1, 1, 1, 2, 0, 1, 2]|[0, 3, 0, 3, 4, 1, 4, 4, 2, 4, 3, 2, 1, 0, 2, 1, 1, 1, 2, 1, 1, 3, 0, 1, 0, 1, 1, 4, 1, 4, 3, 2, 2, 0, 4, 1, 1, 4, 1, 1, 2, 1, 4, 4, 1, 1, 0, 1, 3, 2, 2, 1, 2, 1, 1, 2, 4, 3, 0, 2, 2, 3, 3, 1, 1, 2, 1, 1, 1, 4, 1, 3, 4, 1, 2, 4, 3, 1, 3, 1, 2, 4, 4, 4, 3, 2, 2, 3, 2, 4, 3, 2, 2, 4, 4, 4, 1, 2, 3, 1]|[0, 2, 0, 0, 3, 0, 1, 3, 0, 0, 2, 0, 1, 0, 1, 0, 0, 0, 1, 0, 0, 2, 0, 0, 1, 0, 0, 3, 0, 1, 0, 2, 0, 0, 3, 0, 1, 1, 0, 0, 0, 0, 1, 3, 0, 0, 1, 0, 2, 0, 0, 0, 0, 0, 1, 0, 1, 0, 1, 1, 0, 2, 0, 0, 0, 0, 0, 0, 0, 2, 0, 0, 1, 0, 0, 1, 0, 0, 3, 0, 0, 1, 2, 2, 0, 0, 0, 3, 0, 1, 0, 0, 0, 1, 3, 1, 0, 0, 0, 0],900.0760482104305,49104.85573898611,106612.48357517918,false
44,G3_TWC,G4_BALANCED,[31, 22, 82, 15, 26, 9, 95, 42, 77, 68, 47, 5, 93, 78, 86, 54, 85, 63, 18, 44, 20, 49, 36, 14, 74, 50, 53, 17, 21, 28, 11, 64, 3, 23, 30, 83, 24, 41, 40, 52, 65, 27, 90, 70, 39, 87, 48, 69, 99, 4, 46, 1, 13, 58, 97, 59, 45, 8, 73, 37, 35, 79, 71, 66, 76, 32, 60, 80, 96, 6, 16, 61, 33, 7, 57, 34, 12, 67, 10, 98, 56, 88, 43, 75, 91, 38, 84, 92, 29, 19, 2, 72, 55, 25, 89, 81, 94, 51, 62, 0]|[2, 1, 2, 1, 1, 0, 1, 1, 1, 1, 1, 0, 2, 2, 1, 2, 0, 0, 0, 2, 2, 1, 0, 2, 0, 2, 2, 1, 0, 1, 1, 1, 0, 0, 1, 0, 2, 1, 2, 2, 0, 0, 1, 1, 0, 2, 0, 2, 1, 0, 0, 2, 0, 0, 2, 0, 1, 1, 0, 0, 2, 1, 1, 2, 2, 0, 2, 2, 0, 1, 2, 1, 1, 2, 0, 1, 1, 2, 1, 2, 2, 1, 1, 0, 1, 0, 0, 0, 1, 1, 2, 1, 0, 1, 1, 1, 2, 1, 1, 0]|[0, 3, 0, 3, 4, 1, 4, 4, 2, 4, 3, 2, 1, 0, 2, 1, 1, 1, 2, 1, 1, 3, 0, 1, 0, 1, 1, 4, 1, 4, 3, 2, 2, 0, 4, 1, 1, 4, 1, 1, 2, 1, 4, 4, 1, 1, 0, 2, 3, 2, 2, 1, 2, 1, 1, 2, 4, 3, 0, 2, 2, 3, 3, 1, 1, 2, 1, 1, 2, 4, 1, 3, 4, 1, 2, 4, 3, 1, 3, 1, 1, 4, 4, 2, 3, 2, 2, 2, 3, 4, 1, 4, 2, 4, 4, 4, 1, 3, 3, 2]|[0, 2, 0, 0, 3, 0, 1, 3, 0, 0, 2, 0, 1, 0, 1, 0, 0, 0, 1, 0, 0, 2, 0, 0, 1, 0, 0, 3, 0, 1, 0, 2, 0, 0, 3, 0, 1, 1, 0, 0, 0, 0, 1, 3, 0, 0, 1, 0, 2, 0, 0, 0, 0, 1, 1, 0, 1, 0, 1, 1, 0, 2, 0, 0, 0, 0, 0, 0, 0, 2, 0, 0, 1, 0, 0, 1, 0, 0, 3, 0, 0, 1, 2, 0, 0, 0, 0, 0, 3, 1, 0, 1, 0, 3, 1, 2, 0, 0, 0, 0],898.2543121797436,49876.04929822017,103886.08988387324,true
44,G1_CMAX,G3_TWC,[31, 22, 82, 15, 26, 58, 95, 42, 77, 12, 47, 5, 93, 78, 98, 54, 85, 63, 18, 44, 20, 35, 43, 97, 91, 76, 10, 30, 21, 45, 71, 64, 1, 23, 17, 83, 24, 14, 60, 36, 6, 57, 94, 88, 65, 56, 79, 40, 67, 68, 46, 75, 38, 9, 19, 32, 81, 41, 27, 62, 87, 90, 99, 59, 11, 16, 72, 73, 70, 39, 37, 84, 3, 92, 25, 55, 28, 29, 51, 7, 33, 61, 86, 66, 89, 50, 48, 96, 53, 8, 4, 80, 34, 49, 52, 2, 13, 0, 69, 74]|[1, 1, 0, 1, 1, 1, 2, 1, 2, 1, 2, 2, 2, 1, 1, 0, 0, 1, 0, 2, 2, 0, 1, 2, 0, 1, 2, 2, 0, 0, 1, 2, 1, 2, 1, 0, 2, 0, 1, 1, 0, 1, 1, 1, 0, 2, 1, 1, 0, 2, 0, 0, 1, 1, 2, 1, 2, 0, 0, 0, 2, 1, 0, 1, 2, 1, 2, 1, 1, 1, 1, 1, 2, 0, 1, 1, 0, 0, 0, 1, 2, 1, 0, 2, 1, 0, 0, 0, 0, 1, 0, 0, 2, 0, 1, 0, 0, 0, 1, 2]|[4, 3, 2, 2, 4, 0, 2, 2, 2, 4, 1, 1, 2, 4, 4, 1, 1, 4, 2, 1, 1, 1, 1, 2, 1, 2, 1, 1, 1, 1, 3, 2, 3, 1, 4, 0, 1, 1, 0, 3, 2, 2, 4, 0, 1, 1, 0, 2, 0, 1, 2, 1, 1, 4, 0, 3, 2, 1, 1, 2, 1, 3, 1, 1, 1, 3, 0, 4, 3, 1, 4, 1, 1, 2, 4, 4, 2, 1, 1, 1, 1, 3, 1, 1, 1, 1, 1, 1, 2, 3, 2, 1, 1, 1, 1, 2, 2, 2, 3, 1]|[0, 2, 1, 1, 3, 3, 0, 1, 0, 0, 0, 0, 1, 0, 1, 0, 0, 3, 1, 0, 0, 0, 3, 1, 0, 2, 0, 0, 0, 1, 0, 0, 0, 0, 3, 0, 1, 0, 0, 2, 1, 1, 2, 0, 0, 0, 0, 1, 1, 0, 0, 0, 1, 3, 0, 0, 1, 0, 0, 1, 0, 2, 0, 1, 0, 2, 1, 0, 0, 1, 1, 3, 0, 1, 3, 3, 1, 0, 0, 2, 0, 0, 0, 0, 1, 0, 0, 0, 1, 2, 1, 0, 0, 1, 1, 0, 0, 0, 0, 0],774.753934266166,57219.08173655573,91107.27774858533,true
44,G4_BALANCED,G1_CMAX,[22, 82, 3, 58, 95, 42, 77, 47, 5, 93, 78, 12, 86, 54, 50, 63, 18, 44, 20, 35, 43, 97, 91, 76, 10, 30, 21, 45, 71, 64, 36, 23, 17, 83, 24, 14, 60, 1, 6, 40, 57, 90, 65, 56, 79, 94, 67, 68, 46, 75, 38, 9, 19, 32, 81, 41, 27, 62, 16, 55, 59, 89, 88, 87, 31, 72, 73, 70, 39, 37, 84, 92, 25, 11, 48, 15, 29, 51, 7, 33, 61, 98, 28, 99, 26, 85, 66, 96, 53, 80, 4, 8, 34, 49, 52, 2, 13, 0, 69, 74]|[1, 0, 1, 0, 1, 2, 2, 2, 2, 2, 1, 1, 1, 0, 0, 1, 0, 2, 2, 0, 1, 2, 0, 1, 2, 2, 0, 0, 1, 2, 1, 2, 1, 0, 2, 0, 1, 1, 0, 1, 1, 1, 0, 2, 1, 1, 0, 0, 0, 0, 1, 1, 2, 1, 2, 0, 0, 0, 1, 2, 1, 1, 1, 1, 1, 2, 1, 2, 1, 1, 1, 0, 1, 2, 2, 1, 0, 0, 1, 2, 1, 2, 0, 1, 1, 0, 0, 2, 0, 0, 1, 1, 2, 0, 1, 0, 0, 0, 1, 2]|[3, 2, 1, 1, 2, 1, 2, 1, 1, 2, 4, 4, 4, 1, 1, 4, 2, 1, 1, 1, 1, 2, 1, 2, 1, 1, 2, 1, 3, 2, 3, 1, 4, 1, 1, 1, 0, 3, 2, 2, 2, 3, 1, 1, 0, 4, 0, 1, 2, 2, 1, 4, 0, 3, 2, 1, 1, 2, 3, 1, 1, 1, 0, 3, 0, 0, 3, 0, 1, 4, 1, 0, 4, 1, 1, 4, 1, 1, 1, 1, 3, 1, 2, 1, 0, 2, 1, 1, 2, 1, 4, 3, 1, 1, 1, 2, 2, 2, 4, 1]|[3, 1, 2, 0, 1, 0, 0, 0, 0, 1, 0, 0, 1, 0, 0, 3, 1, 0, 0, 0, 3, 1, 0, 2, 0, 0, 0, 1, 0, 0, 2, 0, 3, 0, 1, 0, 0, 0, 1, 1, 1, 2, 0, 0, 0, 2, 1, 0, 0, 0, 1, 3, 0, 0, 1, 0, 0, 1, 2, 0, 1, 1, 0, 2, 0, 1, 0, 1, 1, 1, 1, 1, 3, 0, 0, 3, 0, 0, 2, 0, 0, 0, 1, 1, 3, 0, 0, 0, 1, 0, 0, 2, 0, 1, 1, 0, 0, 0, 2, 0],715.7913946700162,58060.95961022334,95287.06515100288,true
44,G2_TEC,G2_TEC,[31, 22, 82, 15, 26, 9, 95, 42, 77, 68, 47, 5, 93, 78, 86, 54, 85, 63, 18, 44, 20, 49, 36, 14, 74, 50, 53, 17, 21, 28, 11, 64, 3, 23, 30, 83, 24, 41, 40, 52, 65, 27, 90, 70, 39, 87, 48, 69, 99, 4, 75, 1, 13, 58, 97, 59, 45, 8, 73, 37, 35, 79, 71, 66, 76, 32, 60, 80, 56, 6, 67, 61, 33, 7, 57, 34, 12, 16, 10, 98, 96, 88, 43, 81, 91, 2, 84, 29, 92, 19, 51, 55, 46, 89, 25, 72, 94, 38, 62, 0]|[2, 1, 2, 1, 1, 2, 1, 1, 1, 1, 1, 0, 2, 2, 1, 2, 0, 0, 0, 2, 2, 1, 0, 2, 0, 2, 2, 1, 0, 1, 1, 1, 0, 0, 1, 0, 2, 1, 2, 2, 0, 0, 1, 1, 0, 2, 0, 2, 1, 0, 0, 2, 0, 0, 2, 0, 1, 1, 0, 0, 2, 1, 1, 2, 2, 0, 2, 2, 2, 1, 2, 1, 1, 2, 0, 1, 1, 2, 1, 2, 0, 1, 1, 1, 1, 0, 0, 1, 0, 1, 1, 0, 0, 1, 1, 1, 2, 0, 1, 2]|[0, 3, 0, 3, 4, 1, 4, 4, 2, 4, 3, 2, 1, 0, 2, 1, 1, 1, 2, 1, 1, 3, 0, 1, 0, 1, 1, 4, 1, 4, 3, 2, 2, 0, 4, 1, 1, 4, 1, 1, 2, 1, 4, 4, 1, 1, 0, 1, 3, 2, 2, 1, 2, 1, 1, 2, 4, 3, 0, 2, 2, 3, 3, 1, 1, 2, 1, 1, 1, 4, 1, 3, 4, 1, 2, 4, 3, 1, 3, 1, 2, 4, 4, 4, 3, 2, 2, 3, 2, 4, 3, 2, 2, 4, 4, 4, 1, 2, 3, 1]|[0, 2, 0, 0, 3, 0, 1, 3, 0, 0, 2, 0, 1, 0, 1, 0, 0, 0, 1, 0, 0, 2, 0, 0, 1, 0, 0, 3, 0, 1, 0, 2, 0, 0, 3, 0, 1, 1, 0, 0, 0, 0, 1, 3, 0, 0, 1, 0, 2, 0, 0, 0, 0, 0, 1, 0, 1, 0, 1, 1, 0, 2, 0, 0, 0, 0, 0, 0, 0, 2, 0, 0, 1, 0, 0, 1, 0, 0, 3, 0, 0, 1, 2, 2, 0, 0, 0, 3, 0, 1, 0, 0, 0, 1, 3, 1, 0, 0, 0, 0],900.0760482104305,49104.85573898611,106612.48357517918,false
44,G3_TWC,G3_TWC,[42, 31, 22, 82, 15, 26, 58, 95, 77, 12, 47, 5, 93, 78, 98, 54, 85, 63, 18, 44, 20, 35, 43, 97, 91, 76, 10, 30, 21, 45, 71, 64, 1, 23, 17, 83, 24, 14, 60, 36, 6, 57, 94, 88, 65, 56, 79, 40, 67, 68, 46, 75, 38, 9, 19, 32, 81, 41, 27, 62, 87, 90, 99, 59, 11, 16, 72, 73, 70, 39, 37, 84, 3, 92, 25, 55, 28, 29, 51, 7, 33, 61, 86, 66, 89, 50, 48, 96, 53, 80, 4, 8, 34, 49, 52, 0, 13, 2, 69, 74]|[1, 1, 1, 0, 1, 1, 1, 2, 2, 1, 2, 2, 2, 1, 1, 0, 0, 1, 0, 2, 2, 0, 1, 2, 0, 1, 2, 2, 0, 0, 1, 2, 1, 2, 1, 0, 2, 0, 1, 1, 0, 1, 1, 1, 0, 2, 1, 1, 0, 0, 0, 0, 1, 1, 2, 1, 2, 0, 0, 0, 2, 1, 0, 1, 2, 1, 2, 1, 1, 1, 1, 1, 2, 0, 1, 1, 0, 0, 0, 1, 2, 1, 0, 2, 1, 0, 0, 0, 0, 0, 0, 1, 2, 0, 1, 0, 0, 0, 1, 2]|[2, 4, 3, 2, 2, 0, 0, 2, 2, 4, 1, 1, 2, 4, 4, 1, 1, 4, 2, 1, 1, 1, 1, 2, 1, 2, 1, 1, 1, 1, 3, 2, 3, 0, 4, 0, 1, 1, 0, 3, 2, 2, 4, 0, 1, 1, 0, 2, 0, 1, 2, 2, 1, 4, 0, 3, 2, 1, 1, 2, 1, 3, 1, 1, 1, 3, 0, 4, 3, 1, 4, 1, 1, 2, 4, 4, 2, 1, 1, 3, 1, 3, 1, 1, 1, 1, 1, 1, 2, 1, 2, 3, 1, 1, 1, 2, 2, 2, 3, 1]|[1, 0, 2, 1, 1, 3, 3, 0, 0, 0, 0, 0, 1, 0, 1, 0, 0, 3, 1, 0, 0, 0, 3, 1, 0, 2, 0, 0, 0, 1, 0, 0, 0, 0, 3, 0, 1, 0, 0, 2, 1, 1, 2, 0, 0, 0, 0, 1, 1, 0, 0, 0, 1, 3, 0, 0, 1, 0, 0, 1, 0, 2, 0, 1, 0, 2, 1, 0, 0, 1, 1, 3, 0, 1, 3, 3, 1, 0, 0, 2, 0, 0, 0, 0, 1, 0, 0, 0, 1, 0, 1, 2, 0, 1, 1, 0, 0, 0, 0, 0],790.0808266764368,58301.839560278044,88734.19036740763,false
44,G1_CMAX,G3_TWC,[31, 22, 82, 15, 26, 58, 95, 42, 77, 12, 47, 5, 93, 78, 98, 54, 85, 63, 18, 44, 20, 35, 43, 86, 91, 76, 10, 30, 21, 45, 71, 64, 1, 23, 17, 83, 24, 14, 60, 36, 6, 57, 94, 88, 65, 56, 79, 40, 67, 68, 46, 75, 38, 9, 19, 32, 81, 41, 27, 62, 87, 90, 99, 59, 11, 16, 72, 73, 70, 39, 37, 84, 3, 92, 25, 55, 28, 29, 51, 7, 33, 61, 97, 48, 89, 50, 66, 96, 53, 80, 4, 8, 34, 49, 52, 0, 13, 2, 69, 74]|[1, 1, 0, 1, 1, 1, 2, 1, 2, 1, 2, 2, 2, 1, 1, 0, 0, 1, 0, 2, 2, 0, 1, 2, 0, 1, 2, 2, 0, 0, 1, 2, 1, 2, 1, 0, 2, 0, 1, 1, 0, 1, 1, 1, 0, 2, 1, 1, 0, 0, 0, 0, 1, 1, 2, 1, 2, 0, 0, 0, 2, 1, 0, 1, 2, 1, 2, 1, 1, 1, 1, 1, 2, 0, 1, 1, 0, 0, 0, 1, 2, 1, 2, 0, 1, 0, 2, 0, 0, 0, 0, 1, 2, 0, 1, 0, 0, 0, 1, 2]|[4, 4, 2, 2, 0, 0, 2, 2, 2, 4, 1, 1, 2, 4, 4, 1, 1, 4, 2, 1, 1, 1, 1, 2, 1, 2, 1, 1, 1, 1, 3, 2, 3, 0, 4, 0, 1, 1, 0, 3, 2, 2, 4, 0, 1, 1, 0, 2, 0, 1, 2, 2, 1, 4, 0, 3, 2, 1, 1, 2, 1, 3, 1, 1, 1, 3, 0, 4, 3, 1, 4, 1, 1, 2, 4, 4, 2, 1, 1, 3, 1, 3, 1, 1, 1, 1, 1, 1, 2, 1, 2, 3, 1, 1, 1, 2, 2, 2, 3, 1]|[0, 2, 1, 1, 3, 3, 0, 1, 0, 0, 0, 0, 1, 0, 1, 0, 0, 3, 1, 0, 0, 0, 3, 1, 0, 2, 0, 0, 0, 1, 0, 0, 0, 0, 3, 0, 1, 0, 0, 2, 1, 1, 2, 0, 0, 0, 0, 1, 1, 0, 0, 0, 1, 3, 0, 0, 1, 0, 0, 1, 0, 2, 0, 1, 0, 2, 1, 0, 0, 1, 1, 3, 0, 1, 3, 3, 1, 0, 0, 2, 0, 0, 0, 0, 1, 0, 0, 0, 1, 0, 1, 2, 0, 1, 1, 0, 0, 0, 0, 0],776.8199936628688,58116.54817144031,89061.35996130954,true
44,G4_BALANCED,G1_CMAX,[22, 82, 3, 58, 95, 42, 77, 47, 5, 93, 78, 12, 86, 54, 50, 63, 18, 44, 20, 35, 43, 97, 91, 76, 10, 30, 21, 45, 71, 64, 36, 23, 17, 83, 24, 14, 60, 1, 6, 40, 57, 90, 65, 56, 79, 94, 67, 68, 46, 75, 38, 9, 19, 32, 81, 41, 27, 62, 16, 55, 59, 89, 88, 87, 31, 72, 73, 70, 39, 37, 84, 92, 25, 11, 48, 15, 29, 51, 7, 33, 61, 98, 28, 99, 26, 85, 66, 96, 53, 80, 4, 8, 34, 49, 52, 2, 13, 0, 69, 74]|[1, 0, 1, 0, 1, 2, 2, 2, 2, 2, 1, 1, 1, 0, 0, 1, 0, 2, 2, 0, 1, 2, 0, 1, 2, 2, 0, 0, 1, 2, 1, 2, 1, 0, 2, 0, 1, 1, 0, 1, 1, 1, 0, 2, 1, 1, 0, 0, 0, 0, 1, 1, 2, 1, 2, 0, 0, 0, 1, 2, 1, 1, 1, 1, 1, 2, 1, 2, 1, 1, 1, 0, 1, 2, 2, 1, 0, 0, 1, 2, 1, 2, 0, 1, 1, 0, 0, 2, 0, 0, 1, 1, 2, 0, 1, 0, 0, 0, 1, 2]|[3, 2, 1, 1, 2, 1, 2, 1, 1, 2, 4, 4, 4, 1, 1, 4, 2, 1, 1, 1, 1, 2, 1, 2, 1, 1, 2, 1, 3, 2, 3, 1, 4, 1, 1, 1, 0, 3, 2, 2, 2, 3, 1, 1, 0, 4, 0, 1, 2, 2, 1, 4, 0, 3, 2, 1, 1, 2, 3, 1, 1, 1, 0, 3, 0, 0, 3, 0, 1, 4, 1, 0, 4, 1, 1, 4, 1, 1, 1, 1, 3, 1, 2, 1, 0, 2, 1, 1, 2, 1, 4, 3, 1, 1, 1, 2, 2, 2, 4, 1]|[3, 1, 2, 0, 1, 0, 0, 0, 0, 1, 0, 0, 1, 0, 0, 3, 1, 0, 0, 0, 3, 1, 0, 2, 0, 0, 0, 1, 0, 0, 2, 0, 3, 0, 1, 0, 0, 0, 1, 1, 1, 2, 0, 0, 0, 2, 1, 0, 0, 0, 1, 3, 0, 0, 1, 0, 0, 1, 2, 0, 1, 1, 0, 2, 0, 1, 0, 1, 1, 1, 1, 1, 3, 0, 0, 3, 0, 0, 2, 0, 0, 0, 1, 1, 3, 0, 0, 0, 1, 0, 0, 2, 0, 1, 1, 0, 0, 0, 2, 0],715.7913946700162,58060.95961022334,95287.06515100288,true
44,G2_TEC,G2_TEC,[31, 22, 82, 15, 26, 9, 95, 42, 77, 68, 47, 5, 93, 78, 86, 54, 85, 63, 18, 44, 20, 49, 36, 14, 74, 50, 53, 17, 21, 28, 11, 64, 3, 23, 30, 83, 24, 41, 40, 52, 65, 27, 90, 70, 39, 87, 48, 69, 99, 4, 75, 1, 13, 58, 97, 59, 45, 8, 73, 37, 35, 79, 71, 66, 76, 32, 60, 80, 56, 6, 67, 61, 33, 7, 57, 34, 12, 16, 10, 98, 96, 88, 43, 81, 91, 2, 84, 29, 92, 19, 51, 55, 46, 89, 25, 72, 94, 38, 62, 0]|[2, 1, 2, 1, 1, 2, 1, 1, 1, 1, 1, 0, 2, 2, 1, 2, 0, 0, 0, 2, 2, 1, 0, 2, 0, 2, 2, 1, 0, 1, 1, 1, 0, 0, 1, 0, 2, 1, 2, 2, 0, 0, 1, 1, 0, 2, 0, 2, 1, 0, 0, 2, 0, 0, 2, 0, 1, 1, 0, 0, 2, 1, 1, 2, 2, 0, 2, 2, 2, 1, 2, 1, 1, 2, 0, 1, 1, 2, 1, 2, 0, 1, 1, 1, 1, 0, 0, 1, 0, 1, 1, 0, 0, 1, 1, 1, 2, 0, 1, 2]|[0, 3, 0, 3, 4, 1, 4, 4, 2, 4, 3, 2, 1, 0, 2, 1, 1, 1, 2, 1, 1, 3, 0, 1, 0, 1, 1, 4, 1, 4, 3, 2, 2, 0, 4, 1, 1, 4, 1, 1, 2, 1, 4, 4, 1, 1, 0, 1, 3, 2, 2, 1, 2, 1, 1, 2, 4, 3, 0, 2, 2, 3, 3, 1, 1, 2, 1, 1, 1, 4, 1, 3, 4, 1, 2, 4, 3, 1, 3, 1, 2, 4, 4, 4, 3, 2, 2, 3, 2, 4, 3, 2, 2, 4, 4, 4, 1, 2, 3, 1]|[0, 2, 0, 0, 3, 0, 1, 3, 0, 0, 2, 0, 1, 0, 1, 0, 0, 0, 1, 0, 0, 2, 0, 0, 1, 0, 0, 3, 0, 1, 0, 2, 0, 0, 3, 0, 1, 1, 0, 0, 0, 0, 1, 3, 0, 0, 1, 0, 2, 0, 0, 0, 0, 0, 1, 0, 1, 0, 1, 1, 0, 2, 0, 0, 0, 0, 0, 0, 0, 2, 0, 0, 1, 0, 0, 1, 0, 0, 3, 0, 0, 1, 2, 2, 0, 0, 0, 3, 0, 1, 0, 0, 0, 1, 3, 1, 0, 0, 0, 0],900.0760482104305,49104.85573898611,106612.48357517918,false
44,G3_TWC,G3_TWC,[42, 31, 22, 82, 15, 26, 58, 95, 77, 12, 47, 5, 93, 78, 98, 54, 85, 63, 18, 44, 20, 35, 43, 97, 91, 76, 10, 30, 21, 45, 71, 64, 1, 23, 17, 83, 24, 14, 60, 36, 6, 57, 94, 88, 65, 56, 79, 40, 67, 68, 46, 75, 38, 9, 19, 32, 81, 41, 27, 62, 87, 90, 99, 59, 11, 16, 72, 73, 70, 39, 37, 84, 3, 92, 25, 55, 28, 29, 51, 7, 33, 61, 86, 66, 89, 50, 48, 96, 53, 80, 4, 8, 34, 49, 52, 0, 13, 2, 69, 74]|[1, 1, 1, 0, 1, 1, 1, 2, 2, 1, 2, 2, 2, 1, 1, 0, 0, 1, 0, 2, 2, 0, 1, 2, 0, 1, 2, 2, 0, 0, 1, 2, 1, 2, 1, 0, 2, 0, 1, 1, 0, 1, 1, 1, 0, 2, 1, 1, 0, 0, 0, 0, 1, 1, 2, 1, 2, 0, 0, 0, 2, 1, 0, 1, 2, 1, 2, 1, 1, 1, 1, 1, 2, 0, 1, 1, 0, 0, 0, 1, 2, 1, 0, 2, 1, 0, 0, 0, 0, 0, 0, 1, 2, 0, 1, 0, 0, 0, 1, 2]|[2, 4, 3, 2, 2, 0, 0, 2, 2, 4, 1, 1, 2, 4, 4, 1, 1, 4, 2, 1, 1, 1, 1, 2, 1, 2, 1, 1, 1, 1, 3, 2, 3, 0, 4, 0, 1, 1, 0, 3, 2, 2, 4, 0, 1, 1, 0, 2, 0, 1, 2, 2, 1, 4, 0, 3, 2, 1, 1, 2, 1, 3, 1, 1, 1, 3, 0, 4, 3, 1, 4, 1, 1, 2, 4, 4, 2, 1, 1, 3, 1, 3, 1, 1, 1, 1, 1, 1, 2, 1, 2, 3, 1, 1, 1, 2, 2, 2, 3, 1]|[1, 0, 2, 1, 1, 3, 3, 0, 0, 0, 0, 0, 1, 0, 1, 0, 0, 3, 1, 0, 0, 0, 3, 1, 0, 2, 0, 0, 0, 1, 0, 0, 0, 0, 3, 0, 1, 0, 0, 2, 1, 1, 2, 0, 0, 0, 0, 1, 1, 0, 0, 0, 1, 3, 0, 0, 1, 0, 0, 1, 0, 2, 0, 1, 0, 2, 1, 0, 0, 1, 1, 3, 0, 1, 3, 3, 1, 0, 0, 2, 0, 0, 0, 0, 1, 0, 0, 0, 1, 0, 1, 2, 0, 1, 1, 0, 0, 0, 0, 0],790.0808266764368,58301.839560278044,88734.19036740763,false
44,G1_CMAX,G1_CMAX,[31, 22, 82, 15, 26, 99, 95, 42, 77, 12, 47, 5, 93, 78, 86, 54, 21, 63, 18, 44, 20, 35, 43, 97, 91, 76, 10, 30, 85, 45, 71, 64, 1, 23, 57, 83, 24, 14, 60, 36, 6, 17, 40, 88, 65, 56, 79, 94, 67, 68, 46, 75, 38, 9, 19, 32, 41, 81, 27, 87, 90, 58, 59, 11, 16, 72, 73, 70, 39, 37, 84, 3, 92, 25, 55, 48, 62, 29, 51, 96, 33, 61, 98, 66, 89, 50, 4, 7, 53, 80, 8, 28, 34, 49, 52, 0, 74, 69, 2, 13]|[1, 1, 0, 1, 1, 0, 1, 1, 2, 1, 2, 2, 2, 1, 1, 0, 0, 1, 0, 2, 2, 0, 1, 2, 0, 1, 2, 2, 0, 0, 1, 2, 1, 2, 1, 0, 2, 0, 1, 1, 0, 1, 1, 1, 0, 2, 1, 1, 0, 0, 0, 0, 1, 1, 2, 1, 0, 2, 0, 2, 1, 0, 1, 2, 1, 2, 1, 1, 1, 1, 1, 1, 0, 1, 2, 0, 0, 0, 2, 2, 2, 1, 2, 2, 1, 0, 1, 2, 0, 0, 1, 0, 2, 0, 1, 0, 2, 1, 0, 0]|[0, 3, 2, 2, 4, 1, 2, 3, 2, 4, 1, 1, 2, 4, 4, 1, 1, 4, 2, 1, 1, 1, 1, 2, 1, 2, 1, 1, 2, 1, 3, 2, 3, 1, 4, 0, 1, 1, 0, 3, 2, 2, 2, 0, 1, 1, 0, 4, 0, 1, 2, 2, 1, 4, 0, 3, 1, 1, 1, 1, 3, 1, 1, 1, 3, 0, 4, 3, 1, 4, 1, 1, 2, 4, 1, 1, 2, 1, 2, 1, 1, 3, 1, 1, 1, 1, 4, 1, 2, 1, 3, 2, 1, 1, 1, 2, 1, 4, 2, 2]|[0, 2, 1, 1, 3, 0, 1, 3, 0, 0, 0, 0, 1, 0, 1, 0, 0, 3, 1, 0, 0, 0, 3, 1, 0, 2, 0, 0, 0, 1, 0, 0, 0, 0, 3, 0, 1, 0, 0, 2, 1, 1, 1, 0, 0, 0, 0, 2, 1, 0, 0, 0, 1, 3, 0, 0, 0, 0, 0, 0, 2, 0, 1, 0, 2, 1, 0, 0, 1, 1, 3, 1, 1, 3, 0, 0, 1, 0, 1, 0, 0, 0, 0, 0, 1, 0, 0, 0, 1, 0, 2, 1, 0, 1, 1, 0, 0, 2, 0, 0],726.9061273463456,57092.60052686413,92996.29751897219,false
44,G4_BALANCED,G1_CMAX,[22, 82, 3, 58, 95, 42, 77, 47, 5, 93, 78, 12, 86, 54, 50, 63, 18, 44, 20, 35, 43, 97, 91, 76, 10, 30, 21, 45, 71, 64, 36, 23, 17, 83, 24, 14, 60, 1, 6, 40, 57, 90, 65, 56, 79, 94, 67, 68, 46, 75, 38, 9, 19, 32, 81, 41, 27, 62, 16, 55, 59, 89, 88, 87, 31, 72, 73, 70, 39, 37, 84, 92, 25, 11, 48, 15, 29, 51, 7, 33, 61, 98, 28, 99, 26, 85, 66, 96, 53, 80, 4, 8, 34, 49, 52, 2, 13, 0, 69, 74]|[1, 0, 1, 0, 1, 2, 2, 2, 2, 2, 1, 1, 1, 0, 0, 1, 0, 2, 2, 0, 1, 2, 0, 1, 2, 2, 0, 0, 1, 2, 1, 2, 1, 0, 2, 0, 1, 1, 0, 1, 1, 1, 0, 2, 1, 1, 0, 0, 0, 0, 1, 1, 2, 1, 2, 0, 0, 0, 1, 2, 1, 1, 1, 1, 1, 2, 1, 2, 1, 1, 1, 0, 1, 2, 2, 1, 0, 0, 1, 2, 1, 2, 0, 1, 1, 0, 0, 2, 0, 0, 1, 1, 2, 0, 1, 0, 0, 0, 1, 2]|[3, 2, 1, 1, 2, 1, 2, 1, 1, 2, 4, 4, 4, 1, 1, 4, 2, 1, 1, 1, 1, 2, 1, 2, 1, 1, 2, 1, 3, 2, 3, 1, 4, 1, 1, 1, 0, 3, 2, 2, 2, 3, 1, 1, 0, 4, 0, 1, 2, 2, 1, 4, 0, 3, 2, 1, 1, 2, 3, 1, 1, 1, 0, 3, 0, 0, 3, 0, 1, 4, 1, 0, 4, 1, 1, 4, 1, 1, 1, 1, 3, 1, 2, 1, 0, 2, 1, 1, 2, 1, 4, 3, 1, 1, 1, 2, 2, 2, 4, 1]|[3, 1, 2, 0, 1, 0, 0, 0, 0, 1, 0, 0, 1, 0, 0, 3, 1, 0, 0, 0, 3, 1, 0, 2, 0, 0, 0, 1, 0, 0, 2, 0, 3, 0, 1, 0, 0, 0, 1, 1, 1, 2, 0, 0, 0, 2, 1, 0, 0, 0, 1, 3, 0, 0, 1, 0, 0, 1, 2, 0, 1, 1, 0, 2, 0, 1, 0, 1, 1, 1, 1, 1, 3, 0, 0, 3, 0, 0, 2, 0, 0, 0, 1, 1, 3, 0, 0, 0, 1, 0, 0, 2, 0, 1, 1, 0, 0, 0, 2, 0],715.7913946700162,58060.95961022334,95287.06515100288,true
44,G2_TEC,G2_TEC,[31, 22, 82, 15, 26, 9, 95, 42, 77, 68, 47, 5, 93, 78, 86, 54, 85, 63, 18, 44, 20, 49, 36, 14, 74, 50, 53, 17, 21, 28, 11, 64, 3, 23, 30, 83, 24, 41, 40, 52, 65, 27, 90, 70, 39, 87, 48, 69, 99, 4, 75, 1, 13, 58, 97, 59, 45, 8, 73, 37, 35, 79, 71, 66, 76, 32, 60, 80, 56, 6, 67, 61, 33, 7, 57, 34, 12, 16, 10, 98, 96, 88, 43, 81, 91, 2, 84, 29, 92, 19, 51, 55, 46, 89, 25, 72, 94, 38, 62, 0]|[2, 1, 2, 1, 1, 2, 1, 1, 1, 1, 1, 0, 2, 2, 1, 2, 0, 0, 0, 2, 2, 1, 0, 2, 0, 2, 2, 1, 0, 1, 1, 1, 0, 0, 1, 0, 2, 1, 2, 2, 0, 0, 1, 1, 0, 2, 0, 2, 1, 0, 0, 2, 0, 0, 2, 0, 1, 1, 0, 0, 2, 1, 1, 2, 2, 0, 2, 2, 2, 1, 2, 1, 1, 2, 0, 1, 1, 2, 1, 2, 0, 1, 1, 1, 1, 0, 0, 1, 0, 1, 1, 0, 0, 1, 1, 1, 2, 0, 1, 2]|[0, 3, 0, 3, 4, 1, 4, 4, 2, 4, 3, 2, 1, 0, 2, 1, 1, 1, 2, 1, 1, 3, 0, 1, 0, 1, 1, 4, 1, 4, 3, 2, 2, 0, 4, 1, 1, 4, 1, 1, 2, 1, 4, 4, 1, 1, 0, 1, 3, 2, 2, 1, 2, 1, 1, 2, 4, 3, 0, 2, 2, 3, 3, 1, 1, 2, 1, 1, 1, 4, 1, 3, 4, 1, 2, 4, 3, 1, 3, 1, 2, 4, 4, 4, 3, 2, 2, 3, 2, 4, 3, 2, 2, 4, 4, 4, 1, 2, 3, 1]|[0, 2, 0, 0, 3, 0, 1, 3, 0, 0, 2, 0, 1, 0, 1, 0, 0, 0, 1, 0, 0, 2, 0, 0, 1, 0, 0, 3, 0, 1, 0, 2, 0, 0, 3, 0, 1, 1, 0, 0, 0, 0, 1, 3, 0, 0, 1, 0, 2, 0, 0, 0, 0, 0, 1, 0, 1, 0, 1, 1, 0, 2, 0, 0, 0, 0, 0, 0, 0, 2, 0, 0, 1, 0, 0, 1, 0, 0, 3, 0, 0, 1, 2, 2, 0, 0, 0, 3, 0, 1, 0, 0, 0, 1, 3, 1, 0, 0, 0, 0],900.0760482104305,49104.85573898611,106612.48357517918,false
44,G3_TWC,G3_TWC,[42, 31, 22, 82, 15, 26, 58, 95, 77, 12, 47, 5, 93, 78, 98, 54, 85, 63, 18, 44, 20, 35, 43, 97, 91, 76, 10, 30, 21, 45, 71, 64, 1, 23, 17, 83, 24, 14, 60, 36, 6, 57, 94, 88, 65, 56, 79, 40, 67, 68, 46, 75, 38, 9, 19, 32, 81, 41, 27, 62, 87, 90, 99, 59, 11, 16, 72, 73, 70, 39, 37, 84, 3, 92, 25, 55, 28, 29, 51, 7, 33, 61, 86, 66, 89, 50, 48, 96, 53, 80, 4, 8, 34, 49, 52, 0, 13, 2, 69, 74]|[1, 1, 1, 0, 1, 1, 1, 2, 2, 1, 2, 2, 2, 1, 1, 0, 0, 1, 0, 2, 2, 0, 1, 2, 0, 1, 2, 2, 0, 0, 1, 2, 1, 2, 1, 0, 2, 0, 1, 1, 0, 1, 1, 1, 0, 2, 1, 1, 0, 0, 0, 0, 1, 1, 2, 1, 2, 0, 0, 0, 2, 1, 0, 1, 2, 1, 2, 1, 1, 1, 1, 1, 2, 0, 1, 1, 0, 0, 0, 1, 2, 1, 0, 2, 1, 0, 0, 0, 0, 0, 0, 1, 2, 0, 1, 0, 0, 0, 1, 2]|[2, 4, 3, 2, 2, 0, 0, 2, 2, 4, 1, 1, 2, 4, 4, 1, 1, 4, 2, 1, 1, 1, 1, 2, 1, 2, 1, 1, 1, 1, 3, 2, 3, 0, 4, 0, 1, 1, 0, 3, 2, 2, 4, 0, 1, 1, 0, 2, 0, 1, 2, 2, 1, 4, 0, 3, 2, 1, 1, 2, 1, 3, 1, 1, 1, 3, 0, 4, 3, 1, 4, 1, 1, 2, 4, 4, 2, 1, 1, 3, 1, 3, 1, 1, 1, 1, 1, 1, 2, 1, 2, 3, 1, 1, 1, 2, 2, 2, 3, 1]|[1, 0, 2, 1, 1, 3, 3, 0, 0, 0, 0, 0, 1, 0, 1, 0, 0, 3, 1, 0, 0, 0, 3, 1, 0, 2, 0, 0, 0, 1, 0, 0, 0, 0, 3, 0, 1, 0, 0, 2, 1, 1, 2, 0, 0, 0, 0, 1, 1, 0, 0, 0, 1, 3, 0, 0, 1, 0, 0, 1, 0, 2, 0, 1, 0, 2, 1, 0, 0, 1, 1, 3, 0, 1, 3, 3, 1, 0, 0, 2, 0, 0, 0, 0, 1, 0, 0, 0, 1, 0, 1, 2, 0, 1, 1, 0, 0, 0, 0, 0],790.0808266764368,58301.839560278044,88734.19036740763,false
44,G1_CMAX,G4_BALANCED,[31, 22, 82, 15, 26, 58, 95, 42, 77, 12, 47, 5, 30, 78, 86, 54, 85, 63, 18, 44, 20, 35, 43, 97, 91, 76, 10, 93, 21, 45, 71, 64, 1, 23, 17, 83, 24, 14, 60, 36, 6, 57, 40, 88, 65, 56, 79, 94, 67, 68, 46, 75, 38, 9, 19, 32, 81, 41, 27, 62, 90, 99, 59, 87, 11, 66, 73, 70, 39, 37, 84, 3, 72, 25, 55, 16, 28, 29, 51, 7, 92, 61, 98, 48, 33, 50, 4, 96, 53, 80, 8, 89, 34, 2, 52, 13, 0, 69, 74, 49]|[1, 1, 0, 1, 1, 0, 1, 2, 2, 1, 2, 2, 2, 1, 1, 0, 0, 1, 0, 2, 2, 0, 1, 2, 0, 1, 2, 2, 0, 0, 1, 2, 1, 2, 1, 0, 2, 0, 1, 1, 0, 1, 1, 1, 0, 2, 1, 1, 0, 0, 0, 0, 1, 1, 2, 1, 0, 2, 0, 2, 1, 0, 1, 2, 2, 2, 1, 1, 1, 1, 1, 1, 2, 1, 1, 0, 0, 0, 0, 1, 2, 1, 2, 0, 1, 0, 1, 2, 0, 0, 0, 1, 2, 0, 1, 0, 0, 1, 2, 0]|[4, 3, 2, 2, 4, 1, 2, 2, 2, 4, 1, 1, 2, 4, 4, 1, 2, 4, 2, 1, 1, 1, 1, 2, 1, 2, 1, 1, 1, 1, 3, 2, 3, 1, 4, 0, 1, 1, 0, 3, 2, 2, 2, 0, 1, 1, 0, 4, 0, 1, 2, 2, 1, 4, 0, 3, 1, 1, 1, 1, 3, 1, 1, 1, 1, 1, 4, 3, 1, 4, 1, 1, 1, 4, 4, 2, 2, 2, 1, 1, 1, 3, 1, 1, 1, 1, 4, 1, 2, 1, 1, 1, 1, 2, 1, 2, 2, 4, 1, 1]|[0, 2, 1, 1, 3, 0, 1, 0, 0, 0, 0, 0, 1, 0, 1, 0, 0, 3, 1, 0, 0, 0, 3, 1, 0, 2, 0, 0, 0, 1, 0, 0, 0, 0, 3, 0, 1, 0, 0, 2, 1, 1, 1, 0, 0, 0, 0, 2, 1, 0, 0, 0, 1, 3, 0, 0, 0, 0, 0, 0, 2, 0, 1, 0, 0, 0, 0, 0, 1, 1, 3, 1, 0, 3, 3, 1, 1, 0, 0, 2, 0, 0, 0, 0, 1, 0, 0, 0, 1, 0, 0, 1, 0, 0, 1, 0, 0, 2, 0, 1],815.9382298603316,55074.479227271986,99598.30336368816,true
44,G4_BALANCED,G1_CMAX,[22, 82, 3, 58, 95, 42, 77, 47, 5, 93, 78, 12, 86, 54, 50, 63, 18, 44, 20, 35, 43, 97, 91, 76, 10, 30, 21, 45, 71, 64, 36, 23, 17, 83, 24, 14, 60, 1, 6, 40, 57, 90, 65, 56, 79, 94, 67, 68, 46, 75, 38, 9, 19, 32, 81, 41, 27, 62, 16, 55, 59, 89, 88, 87, 31, 72, 73, 70, 39, 37, 84, 92, 25, 11, 48, 15, 29, 51, 7, 33, 61, 98, 28, 99, 26, 85, 66, 96, 53, 80, 4, 8, 34, 49, 52, 2, 13, 0, 69, 74]|[1, 0, 1, 0, 1, 2, 2, 2, 2, 2, 1, 1, 1, 0, 0, 1, 0, 2, 2, 0, 1, 2, 0, 1, 2, 2, 0, 0, 1, 2, 1, 2, 1, 0, 2, 0, 1, 1, 0, 1, 1, 1, 0, 2, 1, 1, 0, 0, 0, 0, 1, 1, 2, 1, 2, 0, 0, 0, 1, 2, 1, 1, 1, 1, 1, 2, 1, 2, 1, 1, 1, 0, 1, 2, 2, 1, 0, 0, 1, 2, 1, 2, 0, 1, 1, 0, 0, 2, 0, 0, 1, 1, 2, 0, 1, 0, 0, 0, 1, 2]|[3, 2, 1, 1, 2, 1, 2, 1, 1, 2, 4, 4, 4, 1, 1, 4, 2, 1, 1, 1, 1, 2, 1, 2, 1, 1, 2, 1, 3, 2, 3, 1, 4, 1, 1, 1, 0, 3, 2, 2, 2, 3, 1, 1, 0, 4, 0, 1, 2, 2, 1, 4, 0, 3, 2, 1, 1, 2, 3, 1, 1, 1, 0, 3, 0, 0, 3, 0, 1, 4, 1, 0, 4, 1, 1, 4, 1, 1, 1, 1, 3, 1, 2, 1, 0, 2, 1, 1, 2, 1, 4, 3, 1, 1, 1, 2, 2, 2, 4, 1]|[3, 1, 2, 0, 1, 0, 0, 0, 0, 1, 0, 0, 1, 0, 0, 3, 1, 0, 0, 0, 3, 1, 0, 2, 0, 0, 0, 1, 0, 0, 2, 0, 3, 0, 1, 0, 0, 0, 1, 1, 1, 2, 0, 0, 0, 2, 1, 0, 0, 0, 1, 3, 0, 0, 1, 0, 0, 1, 2, 0, 1, 1, 0, 2, 0, 1, 0, 1, 1, 1, 1, 1, 3, 0, 0, 3, 0, 0, 2, 0, 0, 0, 1, 1, 3, 0, 0, 0, 1, 0, 0, 2, 0, 1, 1, 0, 0, 0, 2, 0],715.7913946700162,58060.95961022334,95287.06515100288,true
44,G2_TEC,G2_TEC,[31, 22, 82, 15, 26, 9, 95, 42, 77, 68, 47, 5, 93, 78, 86, 54, 85, 63, 18, 44, 20, 49, 36, 14, 74, 50, 53, 17, 21, 28, 11, 64, 3, 23, 30, 83, 24, 41, 40, 52, 65, 27, 90, 70, 39, 87, 48, 69, 99, 4, 75, 1, 13, 58, 97, 59, 45, 8, 73, 37, 35, 79, 71, 66, 76, 32, 60, 80, 56, 6, 67, 61, 33, 7, 57, 34, 12, 16, 10, 98, 96, 88, 43, 81, 91, 2, 84, 29, 92, 19, 51, 55, 46, 89, 25, 72, 94, 38, 62, 0]|[2, 1, 2, 1, 1, 2, 1, 1, 1, 1, 1, 0, 2, 2, 1, 2, 0, 0, 0, 2, 2, 1, 0, 2, 0, 2, 2, 1, 0, 1, 1, 1, 0, 0, 1, 0, 2, 1, 2, 2, 0, 0, 1, 1, 0, 2, 0, 2, 1, 0, 0, 2, 0, 0, 2, 0, 1, 1, 0, 0, 2, 1, 1, 2, 2, 0, 2, 2, 2, 1, 2, 1, 1, 2, 0, 1, 1, 2, 1, 2, 0, 1, 1, 1, 1, 0, 0, 1, 0, 1, 1, 0, 0, 1, 1, 1, 2, 0, 1, 2]|[0, 3, 0, 3, 4, 1, 4, 4, 2, 4, 3, 2, 1, 0, 2, 1, 1, 1, 2, 1, 1, 3, 0, 1, 0, 1, 1, 4, 1, 4, 3, 2, 2, 0, 4, 1, 1, 4, 1, 1, 2, 1, 4, 4, 1, 1, 0, 1, 3, 2, 2, 1, 2, 1, 1, 2, 4, 3, 0, 2, 2, 3, 3, 1, 1, 2, 1, 1, 1, 4, 1, 3, 4, 1, 2, 4, 3, 1, 3, 1, 2, 4, 4, 4, 3, 2, 2, 3, 2, 4, 3, 2, 2, 4, 4, 4, 1, 2, 3, 1]|[0, 2, 0, 0, 3, 0, 1, 3, 0, 0, 2, 0, 1, 0, 1, 0, 0, 0, 1, 0, 0, 2, 0, 0, 1, 0, 0, 3, 0, 1, 0, 2, 0, 0, 3, 0, 1, 1, 0, 0, 0, 0, 1, 3, 0, 0, 1, 0, 2, 0, 0, 0, 0, 0, 1, 0, 1, 0, 1, 1, 0, 2, 0, 0, 0, 0, 0, 0, 0, 2, 0, 0, 1, 0, 0, 1, 0, 0, 3, 0, 0, 1, 2, 2, 0, 0, 0, 3, 0, 1, 0, 0, 0, 1, 3, 1, 0, 0, 0, 0],900.0760482104305,49104.85573898611,106612.48357517918,false
44,G3_TWC,G3_TWC,[42, 31, 22, 82, 15, 26, 58, 95, 77, 12, 47, 5, 93, 78, 98, 54, 85, 63, 18, 44, 20, 35, 43, 97, 91, 76, 10, 30, 21, 45, 71, 64, 1, 23, 17, 83, 24, 14, 60, 36, 6, 57, 94, 88, 65, 56, 79, 40, 67, 68, 46, 75, 38, 9, 19, 32, 81, 41, 27, 62, 87, 90, 99, 59, 11, 16, 72, 73, 70, 39, 37, 84, 3, 92, 25, 55, 28, 29, 51, 7, 33, 61, 86, 66, 89, 50, 48, 96, 53, 80, 4, 8, 34, 49, 52, 0, 13, 2, 69, 74]|[1, 1, 1, 0, 1, 1, 1, 2, 2, 1, 2, 2, 2, 1, 1, 0, 0, 1, 0, 2, 2, 0, 1, 2, 0, 1, 2, 2, 0, 0, 1, 2, 1, 2, 1, 0, 2, 0, 1, 1, 0, 1, 1, 1, 0, 2, 1, 1, 0, 0, 0, 0, 1, 1, 2, 1, 2, 0, 0, 0, 2, 1, 0, 1, 2, 1, 2, 1, 1, 1, 1, 1, 2, 0, 1, 1, 0, 0, 0, 1, 2, 1, 0, 2, 1, 0, 0, 0, 0, 0, 0, 1, 2, 0, 1, 0, 0, 0, 1, 2]|[2, 4, 3, 2, 2, 0, 0, 2, 2, 4, 1, 1, 2, 4, 4, 1, 1, 4, 2, 1, 1, 1, 1, 2, 1, 2, 1, 1, 1, 1, 3, 2, 3, 0, 4, 0, 1, 1, 0, 3, 2, 2, 4, 0, 1, 1, 0, 2, 0, 1, 2, 2, 1, 4, 0, 3, 2, 1, 1, 2, 1, 3, 1, 1, 1, 3, 0, 4, 3, 1, 4, 1, 1, 2, 4, 4, 2, 1, 1, 3, 1, 3, 1, 1, 1, 1, 1, 1, 2, 1, 2, 3, 1, 1, 1, 2, 2, 2, 3, 1]|[1, 0, 2, 1, 1, 3, 3, 0, 0, 0, 0, 0, 1, 0, 1, 0, 0, 3, 1, 0, 0, 0, 3, 1, 0, 2, 0, 0, 0, 1, 0, 0, 0, 0, 3, 0, 1, 0, 0, 2, 1, 1, 2, 0, 0, 0, 0, 1, 1, 0, 0, 0, 1, 3, 0, 0, 1, 0, 0, 1, 0, 2, 0, 1, 0, 2, 1, 0, 0, 1, 1, 3, 0, 1, 3, 3, 1, 0, 0, 2, 0, 0, 0, 0, 1, 0, 0, 0, 1, 0, 1, 2, 0, 1, 1, 0, 0, 0, 0, 0],790.0808266764368,58301.839560278044,88734.19036740763,false
44,G1_CMAX,G1_CMAX,[31, 22, 82, 15, 26, 99, 95, 42, 77, 12, 47, 5, 93, 78, 86, 54, 21, 63, 18, 44, 20, 35, 43, 97, 91, 76, 10, 30, 85, 45, 71, 64, 1, 23, 57, 83, 24, 14, 60, 36, 6, 17, 40, 88, 65, 56, 79, 94, 67, 68, 46, 75, 38, 9, 19, 32, 41, 81, 27, 87, 90, 58, 59, 11, 16, 72, 73, 70, 39, 37, 84, 3, 92, 62, 25, 55, 28, 29, 51, 7, 33, 61, 48, 66, 89, 50, 98, 96, 53, 80, 4, 8, 34, 49, 52, 0, 13, 2, 69, 74]|[1, 1, 0, 1, 1, 0, 1, 1, 2, 1, 2, 2, 2, 1, 1, 0, 0, 1, 0, 2, 2, 0, 1, 2, 0, 1, 2, 2, 0, 0, 1, 2, 1, 2, 1, 0, 2, 0, 1, 1, 0, 1, 1, 1, 0, 2, 1, 1, 0, 0, 0, 0, 1, 1, 2, 1, 0, 2, 0, 2, 1, 0, 1, 2, 1, 2, 1, 1, 1, 1, 1, 1, 0, 0, 1, 2, 0, 0, 0, 2, 2, 1, 0, 2, 1, 0, 2, 2, 0, 0, 1, 1, 2, 0, 1, 0, 0, 0, 1, 2]|[4, 3, 2, 2, 4, 1, 2, 3, 2, 4, 1, 1, 2, 4, 4, 1, 1, 4, 2, 1, 1, 1, 1, 2, 1, 2, 1, 1, 2, 1, 3, 2, 3, 1, 4, 0, 1, 1, 0, 3, 2, 2, 2, 0, 1, 1, 0, 4, 0, 1, 2, 2, 1, 4, 0, 3, 1, 1, 1, 1, 3, 1, 1, 1, 3, 0, 4, 3, 1, 4, 1, 1, 2, 2, 4, 1, 2, 1, 1, 1, 1, 3, 1, 1, 1, 1, 1, 1, 2, 1, 4, 3, 1, 1, 1, 2, 2, 2, 4, 1]|[0, 2, 1, 1, 3, 0, 1, 3, 0, 0, 0, 0, 1, 0, 1, 0, 0, 3, 1, 0, 0, 0, 3, 1, 0, 2, 0, 0, 0, 1, 0, 0, 0, 0, 3, 0, 1, 0, 0, 2, 1, 1, 1, 0, 0, 0, 0, 2, 1, 0, 0, 0, 1, 3, 0, 0, 0, 0, 0, 0, 2, 0, 1, 0, 2, 1, 0, 0, 1, 1, 3, 1, 1, 1, 3, 0, 1, 0, 0, 0, 0, 0, 0, 0, 1, 0, 0, 0, 1, 0, 0, 2, 0, 1, 1, 0, 0, 0, 2, 0],734.7453063916988,56263.92028463015,92350.96868886708,false
44,G4_BALANCED,G1_CMAX,[22, 82, 3, 58, 95, 42, 77, 47, 5, 93, 78, 12, 86, 54, 50, 63, 18, 44, 20, 35, 43, 97, 91, 76, 10, 30, 21, 45, 71, 64, 36, 23, 17, 83, 24, 14, 60, 1, 6, 40, 57, 90, 65, 56, 79, 94, 67, 68, 46, 75, 38, 9, 19, 32, 81, 41, 27, 62, 16, 55, 59, 89, 88, 87, 31, 72, 73, 70, 39, 37, 84, 92, 25, 11, 48, 15, 29, 51, 7, 33, 61, 98, 28, 99, 26, 85, 66, 96, 53, 80, 4, 8, 34, 49, 52, 2, 13, 0, 69, 74]|[1, 0, 1, 0, 1, 2, 2, 2, 2, 2, 1, 1, 1, 0, 0, 1, 0, 2, 2, 0, 1, 2, 0, 1, 2, 2, 0, 0, 1, 2, 1, 2, 1, 0, 2, 0, 1, 1, 0, 1, 1, 1, 0, 2, 1, 1, 0, 0, 0, 0, 1, 1, 2, 1, 2, 0, 0, 0, 1, 2, 1, 1, 1, 1, 1, 2, 1, 2, 1, 1, 1, 0, 1, 2, 2, 1, 0, 0, 1, 2, 1, 2, 0, 1, 1, 0, 0, 2, 0, 0, 1, 1, 2, 0, 1, 0, 0, 0, 1, 2]|[3, 2, 1, 1, 2, 1, 2, 1, 1, 2, 4, 4, 4, 1, 1, 4, 2, 1, 1, 1, 1, 2, 1, 2, 1, 1, 2, 1, 3, 2, 3, 1, 4, 1, 1, 1, 0, 3, 2, 2, 2, 3, 1, 1, 0, 4, 0, 1, 2, 2, 1, 4, 0, 3, 2, 1, 1, 2, 3, 1, 1, 1, 0, 3, 0, 0, 3, 0, 1, 4, 1, 0, 4, 1, 1, 4, 1, 1, 1, 1, 3, 1, 2, 1, 0, 2, 1, 1, 2, 1, 4, 3, 1, 1, 1, 2, 2, 2, 4, 1]|[3, 1, 2, 0, 1, 0, 0, 0, 0, 1, 0, 0, 1, 0, 0, 3, 1, 0, 0, 0, 3, 1, 0, 2, 0, 0, 0, 1, 0, 0, 2, 0, 3, 0, 1, 0, 0, 0, 1, 1, 1, 2, 0, 0, 0, 2, 1, 0, 0, 0, 1, 3, 0, 0, 1, 0, 0, 1, 2, 0, 1, 1, 0, 2, 0, 1, 0, 1, 1, 1, 1, 1, 3, 0, 0, 3, 0, 0, 2, 0, 0, 0, 1, 1, 3, 0, 0, 0, 1, 0, 0, 2, 0, 1, 1, 0, 0, 0, 2, 0],715.7913946700162,58060.95961022334,95287.06515100288,true
44,G2_TEC,G2_TEC,[31, 22, 82, 15, 26, 9, 95, 42, 77, 68, 47, 5, 93, 78, 86, 54, 85, 63, 18, 44, 20, 49, 36, 14, 74, 50, 53, 17, 21, 28, 11, 64, 3, 23, 30, 83, 24, 41, 40, 52, 65, 27, 90, 70, 39, 87, 48, 69, 99, 4, 75, 1, 13, 58, 97, 59, 45, 8, 73, 37, 35, 79, 71, 66, 76, 32, 60, 80, 56, 6, 67, 61, 33, 7, 57, 34, 12, 16, 10, 98, 96, 88, 43, 81, 91, 2, 84, 29, 92, 19, 51, 55, 46, 89, 25, 72, 94, 38, 62, 0]|[2, 1, 2, 1, 1, 2, 1, 1, 1, 1, 1, 0, 2, 2, 1, 2, 0, 0, 0, 2, 2, 1, 0, 2, 0, 2, 2, 1, 0, 1, 1, 1, 0, 0, 1, 0, 2, 1, 2, 2, 0, 0, 1, 1, 0, 2, 0, 2, 1, 0, 0, 2, 0, 0, 2, 0, 1, 1, 0, 0, 2, 1, 1, 2, 2, 0, 2, 2, 2, 1, 2, 1, 1, 2, 0, 1, 1, 2, 1, 2, 0, 1, 1, 1, 1, 0, 0, 1, 0, 1, 1, 0, 0, 1, 1, 1, 2, 0, 1, 2]|[0, 3, 0, 3, 4, 1, 4, 4, 2, 4, 3, 2, 1, 0, 2, 1, 1, 1, 2, 1, 1, 3, 0, 1, 0, 1, 1, 4, 1, 4, 3, 2, 2, 0, 4, 1, 1, 4, 1, 1, 2, 1, 4, 4, 1, 1, 0, 1, 3, 2, 2, 1, 2, 1, 1, 2, 4, 3, 0, 2, 2, 3, 3, 1, 1, 2, 1, 1, 1, 4, 1, 3, 4, 1, 2, 4, 3, 1, 3, 1, 2, 4, 4, 4, 3, 2, 2, 3, 2, 4, 3, 2, 2, 4, 4, 4, 1, 2, 3, 1]|[0, 2, 0, 0, 3, 0, 1, 3, 0, 0, 2, 0, 1, 0, 1, 0, 0, 0, 1, 0, 0, 2, 0, 0, 1, 0, 0, 3, 0, 1, 0, 2, 0, 0, 3, 0, 1, 1, 0, 0, 0, 0, 1, 3, 0, 0, 1, 0, 2, 0, 0, 0, 0, 0, 1, 0, 1, 0, 1, 1, 0, 2, 0, 0, 0, 0, 0, 0, 0, 2, 0, 0, 1, 0, 0, 1, 0, 0, 3, 0, 0, 1, 2, 2, 0, 0, 0, 3, 0, 1, 0, 0, 0, 1, 3, 1, 0, 0, 0, 0],900.0760482104305,49104.85573898611,106612.48357517918,false
44,G3_TWC,G3_TWC,[42, 31, 22, 82, 15, 26, 58, 95, 77, 12, 47, 5, 93, 78, 98, 54, 85, 63, 18, 44, 20, 35, 43, 97, 91, 76, 10, 30, 21, 45, 71, 64, 1, 23, 17, 83, 24, 14, 60, 36, 6, 57, 94, 88, 65, 56, 79, 40, 67, 68, 46, 75, 38, 9, 19, 32, 81, 41, 27, 62, 87, 90, 99, 59, 11, 16, 72, 73, 70, 39, 37, 84, 3, 92, 25, 55, 28, 29, 51, 7, 33, 61, 86, 66, 89, 50, 48, 96, 53, 80, 4, 8, 34, 49, 52, 0, 13, 2, 69, 74]|[1, 1, 1, 0, 1, 1, 1, 2, 2, 1, 2, 2, 2, 1, 1, 0, 0, 1, 0, 2, 2, 0, 1, 2, 0, 1, 2, 2, 0, 0, 1, 2, 1, 2, 1, 0, 2, 0, 1, 1, 0, 1, 1, 1, 0, 2, 1, 1, 0, 0, 0, 0, 1, 1, 2, 1, 2, 0, 0, 0, 2, 1, 0, 1, 2, 1, 2, 1, 1, 1, 1, 1, 2, 0, 1, 1, 0, 0, 0, 1, 2, 1, 0, 2, 1, 0, 0, 0, 0, 0, 0, 1, 2, 0, 1, 0, 0, 0, 1, 2]|[2, 4, 3, 2, 2, 0, 0, 2, 2, 4, 1, 1, 2, 4, 4, 1, 1, 4, 2, 1, 1, 1, 1, 2, 1, 2, 1, 1, 1, 1, 3, 2, 3, 0, 4, 0, 1, 1, 0, 3, 2, 2, 4, 0, 1, 1, 0, 2, 0, 1, 2, 2, 1, 4, 0, 3, 2, 1, 1, 2, 1, 3, 1, 1, 1, 3, 0, 4, 3, 1, 4, 1, 1, 2, 4, 4, 2, 1, 1, 3, 1, 3, 1, 1, 1, 1, 1, 1, 2, 1, 2, 3, 1, 1, 1, 2, 2, 2, 3, 1]|[1, 0, 2, 1, 1, 3, 3, 0, 0, 0, 0, 0, 1, 0, 1, 0, 0, 3, 1, 0, 0, 0, 3, 1, 0, 2, 0, 0, 0, 1, 0, 0, 0, 0, 3, 0, 1, 0, 0, 2, 1, 1, 2, 0, 0, 0, 0, 1, 1, 0, 0, 0, 1, 3, 0, 0, 1, 0, 0, 1, 0, 2, 0, 1, 0, 2, 1, 0, 0, 1, 1, 3, 0, 1, 3, 3, 1, 0, 0, 2, 0, 0, 0, 0, 1, 0, 0, 0, 1, 0, 1, 2, 0, 1, 1, 0, 0, 0, 0, 0],790.0808266764368,58301.839560278044,88734.19036740763,false
44,G1_CMAX,G3_TWC,[31, 22, 82, 15, 26, 58, 95, 42, 77, 12, 47, 5, 93, 78, 98, 54, 85, 63, 18, 44, 20, 35, 43, 97, 91, 76, 10, 30, 21, 45, 71, 64, 1, 23, 17, 83, 24, 14, 60, 36, 6, 57, 94, 88, 65, 56, 79, 40, 67, 68, 46, 75, 38, 9, 19, 32, 81, 41, 27, 62, 87, 90, 99, 39, 11, 16, 72, 73, 70, 59, 37, 84, 3, 92, 25, 55, 28, 29, 51, 7, 33, 61, 86, 48, 89, 50, 69, 96, 53, 80, 4, 8, 34, 49, 52, 0, 13, 2, 66, 74]|[1, 1, 0, 1, 1, 1, 2, 1, 2, 1, 2, 2, 2, 1, 1, 0, 0, 1, 0, 2, 2, 0, 1, 2, 0, 1, 2, 2, 0, 0, 1, 2, 1, 2, 1, 0, 2, 0, 1, 1, 0, 1, 1, 1, 0, 2, 1, 1, 0, 0, 0, 0, 1, 1, 2, 1, 2, 0, 0, 0, 2, 1, 0, 1, 2, 1, 2, 1, 1, 1, 1, 1, 2, 0, 1, 1, 0, 0, 0, 1, 2, 1, 0, 0, 1, 0, 2, 0, 0, 0, 0, 1, 2, 0, 1, 0, 0, 0, 2, 0]|[4, 3, 2, 2, 0, 0, 2, 2, 2, 4, 1, 1, 2, 4, 4, 1, 1, 4, 2, 1, 1, 1, 1, 2, 1, 2, 1, 1, 1, 1, 3, 2, 3, 0, 4, 0, 1, 1, 0, 3, 2, 2, 4, 0, 1, 1, 0, 2, 0, 1, 2, 2, 1, 4, 0, 3, 2, 1, 1, 2, 1, 3, 1, 1, 1, 3, 0, 4, 3, 1, 4, 1, 1, 2, 4, 4, 2, 1, 1, 3, 1, 3, 1, 1, 1, 1, 1, 1, 2, 1, 2, 3, 1, 1, 1, 2, 2, 2, 1, 2]|[0, 2, 1, 1, 3, 3, 0, 1, 0, 0, 0, 0, 1, 0, 1, 0, 0, 3, 1, 0, 0, 0, 3, 1, 0, 2, 0, 0, 0, 1, 0, 0, 0, 0, 3, 0, 1, 0, 0, 2, 1, 1, 2, 0, 0, 0, 0, 1, 1, 0, 0, 0, 1, 3, 0, 0, 1, 0, 0, 1, 0, 2, 0, 1, 0, 2, 1, 0, 0, 1, 1, 3, 0, 1, 3, 3, 1, 0, 0, 2, 0, 0, 0, 0, 1, 0, 0, 0, 1, 0, 1, 2, 0, 1, 1, 0, 0, 0, 0, 0],840.1098594656901,57851.18476729527,88758.65697721922,true
44,G4_BALANCED,G1_CMAX,[22, 82, 3, 58, 95, 42, 77, 47, 5, 93, 78, 12, 86, 54, 50, 63, 18, 44, 20, 35, 43, 97, 91, 76, 10, 30, 21, 45, 71, 64, 36, 23, 17, 83, 24, 14, 60, 1, 6, 40, 57, 90, 65, 56, 79, 94, 67, 68, 46, 75, 38, 9, 19, 32, 81, 41, 27, 62, 16, 55, 59, 89, 88, 87, 31, 72, 73, 70, 39, 37, 84, 92, 25, 11, 48, 15, 29, 51, 7, 33, 61, 98, 28, 99, 26, 85, 66, 96, 53, 80, 4, 8, 34, 49, 52, 2, 13, 0, 69, 74]|[1, 0, 1, 0, 1, 2, 2, 2, 2, 2, 1, 1, 1, 0, 0, 1, 0, 2, 2, 0, 1, 2, 0, 1, 2, 2, 0, 0, 1, 2, 1, 2, 1, 0, 2, 0, 1, 1, 0, 1, 1, 1, 0, 2, 1, 1, 0, 0, 0, 0, 1, 1, 2, 1, 2, 0, 0, 0, 1, 2, 1, 1, 1, 1, 1, 2, 1, 2, 1, 1, 1, 0, 1, 2, 2, 1, 0, 0, 1, 2, 1, 2, 0, 1, 1, 0, 0, 2, 0, 0, 1, 1, 2, 0, 1, 0, 0, 0, 1, 2]|[3, 2, 1, 1, 2, 1, 2, 1, 1, 2, 4, 4, 4, 1, 1, 4, 2, 1, 1, 1, 1, 2, 1, 2, 1, 1, 2, 1, 3, 2, 3, 1, 4, 1, 1, 1, 0, 3, 2, 2, 2, 3, 1, 1, 0, 4, 0, 1, 2, 2, 1, 4, 0, 3, 2, 1, 1, 2, 3, 1, 1, 1, 0, 3, 0, 0, 3, 0, 1, 4, 1, 0, 4, 1, 1, 4, 1, 1, 1, 1, 3, 1, 2, 1, 0, 2, 1, 1, 2, 1, 4, 3, 1, 1, 1, 2, 2, 2, 4, 1]|[3, 1, 2, 0, 1, 0, 0, 0, 0, 1, 0, 0, 1, 0, 0, 3, 1, 0, 0, 0, 3, 1, 0, 2, 0, 0, 0, 1, 0, 0, 2, 0, 3, 0, 1, 0, 0, 0, 1, 1, 1, 2, 0, 0, 0, 2, 1, 0, 0, 0, 1, 3, 0, 0, 1, 0, 0, 1, 2, 0, 1, 1, 0, 2, 0, 1, 0, 1, 1, 1, 1, 1, 3, 0, 0, 3, 0, 0, 2, 0, 0, 0, 1, 1, 3, 0, 0, 0, 1, 0, 0, 2, 0, 1, 1, 0, 0, 0, 2, 0],715.7913946700162,58060.95961022334,95287.06515100288,true
44,G2_TEC,G2_TEC,[31, 22, 82, 15, 26, 9, 95, 42, 77, 68, 47, 5, 93, 78, 86, 54, 85, 63, 18, 44, 20, 49, 36, 14, 74, 50, 53, 17, 21, 28, 11, 64, 3, 23, 30, 83, 24, 41, 40, 52, 65, 27, 90, 70, 39, 87, 48, 69, 99, 4, 75, 1, 13, 58, 97, 59, 45, 8, 73, 37, 35, 79, 71, 66, 76, 32, 60, 80, 56, 6, 67, 61, 33, 7, 57, 34, 12, 16, 10, 98, 96, 88, 43, 81, 91, 2, 84, 29, 92, 19, 51, 55, 46, 89, 25, 72, 94, 38, 62, 0]|[2, 1, 2, 1, 1, 2, 1, 1, 1, 1, 1, 0, 2, 2, 1, 2, 0, 0, 0, 2, 2, 1, 0, 2, 0, 2, 2, 1, 0, 1, 1, 1, 0, 0, 1, 0, 2, 1, 2, 2, 0, 0, 1, 1, 0, 2, 0, 2, 1, 0, 0, 2, 0, 0, 2, 0, 1, 1, 0, 0, 2, 1, 1, 2, 2, 0, 2, 2, 2, 1, 2, 1, 1, 2, 0, 1, 1, 2, 1, 2, 0, 1, 1, 1, 1, 0, 0, 1, 0, 1, 1, 0, 0, 1, 1, 1, 2, 0, 1, 2]|[0, 3, 0, 3, 4, 1, 4, 4, 2, 4, 3, 2, 1, 0, 2, 1, 1, 1, 2, 1, 1, 3, 0, 1, 0, 1, 1, 4, 1, 4, 3, 2, 2, 0, 4, 1, 1, 4, 1, 1, 2, 1, 4, 4, 1, 1, 0, 1, 3, 2, 2, 1, 2, 1, 1, 2, 4, 3, 0, 2, 2, 3, 3, 1, 1, 2, 1, 1, 1, 4, 1, 3, 4, 1, 2, 4, 3, 1, 3, 1, 2, 4, 4, 4, 3, 2, 2, 3, 2, 4, 3, 2, 2, 4, 4, 4, 1, 2, 3, 1]|[0, 2, 0, 0, 3, 0, 1, 3, 0, 0, 2, 0, 1, 0, 1, 0, 0, 0, 1, 0, 0, 2, 0, 0, 1, 0, 0, 3, 0, 1, 0, 2, 0, 0, 3, 0, 1, 1, 0, 0, 0, 0, 1, 3, 0, 0, 1, 0, 2, 0, 0, 0, 0, 0, 1, 0, 1, 0, 1, 1, 0, 2, 0, 0, 0, 0, 0, 0, 0, 2, 0, 0, 1, 0, 0, 1, 0, 0, 3, 0, 0, 1, 2, 2, 0, 0, 0, 3, 0, 1, 0, 0, 0, 1, 3, 1, 0, 0, 0, 0],900.0760482104305,49104.85573898611,106612.48357517918,false
44,G3_TWC,G3_TWC,[42, 31, 22, 82, 15, 26, 58, 95, 77, 12, 47, 5, 93, 78, 98, 54, 85, 63, 18, 44, 20, 35, 43, 97, 91, 76, 10, 30, 21, 45, 71, 64, 1, 23, 17, 83, 24, 14, 60, 36, 6, 57, 94, 88, 65, 56, 79, 40, 67, 68, 46, 75, 38, 9, 19, 32, 81, 41, 27, 62, 87, 90, 99, 59, 11, 16, 72, 73, 70, 39, 37, 84, 3, 92, 25, 55, 28, 29, 51, 7, 33, 61, 86, 66, 89, 50, 48, 96, 53, 80, 4, 8, 34, 49, 52, 0, 13, 2, 69, 74]|[1, 1, 1, 0, 1, 1, 1, 2, 2, 1, 2, 2, 2, 1, 1, 0, 0, 1, 0, 2, 2, 0, 1, 2, 0, 1, 2, 2, 0, 0, 1, 2, 1, 2, 1, 0, 2, 0, 1, 1, 0, 1, 1, 1, 0, 2, 1, 1, 0, 0, 0, 0, 1, 1, 2, 1, 2, 0, 0, 0, 2, 1, 0, 1, 2, 1, 2, 1, 1, 1, 1, 1, 2, 0, 1, 1, 0, 0, 0, 1, 2, 1, 0, 2, 1, 0, 0, 0, 0, 0, 0, 1, 2, 0, 1, 0, 0, 0, 1, 2]|[2, 4, 3, 2, 2, 0, 0, 2, 2, 4, 1, 1, 2, 4, 4, 1, 1, 4, 2, 1, 1, 1, 1, 2, 1, 2, 1, 1, 1, 1, 3, 2, 3, 0, 4, 0, 1, 1, 0, 3, 2, 2, 4, 0, 1, 1, 0, 2, 0, 1, 2, 2, 1, 4, 0, 3, 2, 1, 1, 2, 1, 3, 1, 1, 1, 3, 0, 4, 3, 1, 4, 1, 1, 2, 4, 4, 2, 1, 1, 3, 1, 3, 1, 1, 1, 1, 1, 1, 2, 1, 2, 3, 1, 1, 1, 2, 2, 2, 3, 1]|[1, 0, 2, 1, 1, 3, 3, 0, 0, 0, 0, 0, 1, 0, 1, 0, 0, 3, 1, 0, 0, 0, 3, 1, 0, 2, 0, 0, 0, 1, 0, 0, 0, 0, 3, 0, 1, 0, 0, 2, 1, 1, 2, 0, 0, 0, 0, 1, 1, 0, 0, 0, 1, 3, 0, 0, 1, 0, 0, 1, 0, 2, 0, 1, 0, 2, 1, 0, 0, 1, 1, 3, 0, 1, 3, 3, 1, 0, 0, 2, 0, 0, 0, 0, 1, 0, 0, 0, 1, 0, 1, 2, 0, 1, 1, 0, 0, 0, 0, 0],790.0808266764368,58301.839560278044,88734.19036740763,false
44,G1_CMAX,G1_CMAX,[31, 22, 82, 15, 26, 99, 95, 42, 77, 12, 47, 5, 93, 78, 86, 54, 21, 63, 18, 44, 20, 35, 55, 97, 91, 76, 10, 30, 85, 45, 71, 64, 1, 23, 17, 83, 24, 14, 60, 36, 6, 57, 40, 88, 65, 56, 79, 94, 67, 68, 46, 75, 38, 9, 19, 32, 41, 81, 27, 87, 90, 58, 59, 11, 16, 72, 73, 70, 39, 37, 84, 3, 92, 25, 43, 48, 62, 29, 51, 96, 33, 61, 66, 28, 89, 50, 4, 7, 53, 80, 8, 98, 34, 49, 52, 0, 74, 69, 2, 13]|[1, 1, 0, 1, 1, 0, 1, 1, 2, 1, 2, 2, 2, 1, 1, 0, 0, 1, 0, 2, 2, 0, 2, 2, 0, 1, 2, 2, 0, 0, 1, 2, 1, 2, 1, 0, 2, 0, 1, 1, 0, 1, 1, 1, 0, 2, 1, 1, 0, 0, 0, 0, 1, 1, 2, 1, 0, 2, 0, 2, 1, 0, 1, 2, 1, 2, 1, 1, 1, 1, 1, 1, 0, 1, 1, 0, 0, 0, 0, 2, 2, 1, 2, 0, 1, 0, 1, 2, 0, 0, 1, 2, 2, 0, 1, 0, 2, 1, 0, 0]|[0, 3, 2, 2, 4, 1, 2, 3, 2, 4, 1, 1, 2, 4, 4, 1, 1, 4, 2, 1, 1, 1, 1, 2, 1, 2, 1, 1, 2, 1, 3, 2, 3, 1, 4, 0, 1, 1, 0, 3, 2, 2, 2, 0, 1, 1, 0, 4, 0, 1, 2, 2, 1, 4, 0, 3, 1, 1, 1, 1, 3, 1, 1, 1, 3, 0, 4, 3, 1, 4, 1, 1, 0, 4, 1, 1, 2, 1, 1, 1, 1, 3, 1, 2, 1, 1, 4, 1, 2, 1, 3, 1, 1, 1, 1, 2, 1, 4, 2, 2]|[0, 2, 1, 1, 3, 0, 1, 3, 0, 0, 0, 0, 1, 0, 1, 0, 0, 3, 1, 0, 0, 0, 0, 1, 0, 2, 0, 0, 0, 1, 0, 0, 0, 0, 3, 0, 1, 0, 0, 2, 1, 1, 1, 0, 0, 0, 0, 2, 1, 0, 0, 0, 1, 3, 0, 0, 0, 0, 0, 0, 2, 0, 1, 0, 2, 1, 0, 0, 1, 1, 3, 1, 1, 3, 3, 0, 1, 0, 0, 0, 0, 0, 0, 1, 1, 0, 0, 0, 1, 0, 2, 0, 0, 1, 1, 0, 0, 2, 0, 0],731.2476204416437,56467.00513475512,93444.27354517547,false
44,G4_BALANCED,G1_CMAX,[22, 82, 3, 58, 95, 42, 77, 47, 5, 93, 78, 12, 86, 54, 50, 63, 18, 44, 20, 35, 43, 97, 91, 76, 10, 30, 21, 45, 71, 64, 36, 23, 17, 83, 24, 14, 60, 1, 6, 40, 57, 90, 65, 56, 79, 94, 67, 68, 46, 75, 38, 9, 19, 32, 81, 41, 27, 62, 16, 55, 59, 89, 88, 87, 31, 72, 73, 70, 39, 37, 84, 92, 25, 11, 48, 15, 29, 51, 7, 33, 61, 98, 28, 99, 26, 85, 66, 96, 53, 80, 4, 8, 34, 49, 52, 2, 13, 0, 69, 74]|[1, 0, 1, 0, 1, 2, 2, 2, 2, 2, 1, 1, 1, 0, 0, 1, 0, 2, 2, 0, 1, 2, 0, 1, 2, 2, 0, 0, 1, 2, 1, 2, 1, 0, 2, 0, 1, 1, 0, 1, 1, 1, 0, 2, 1, 1, 0, 0, 0, 0, 1, 1, 2, 1, 2, 0, 0, 0, 1, 2, 1, 1, 1, 1, 1, 2, 1, 2, 1, 1, 1, 0, 1, 2, 2, 1, 0, 0, 1, 2, 1, 2, 0, 1, 1, 0, 0, 2, 0, 0, 1, 1, 2, 0, 1, 0, 0, 0, 1, 2]|[3, 2, 1, 1, 2, 1, 2, 1, 1, 2, 4, 4, 4, 1, 1, 4, 2, 1, 1, 1, 1, 2, 1, 2, 1, 1, 2, 1, 3, 2, 3, 1, 4, 1, 1, 1, 0, 3, 2, 2, 2, 3, 1, 1, 0, 4, 0, 1, 2, 2, 1, 4, 0, 3, 2, 1, 1, 2, 3, 1, 1, 1, 0, 3, 0, 0, 3, 0, 1, 4, 1, 0, 4, 1, 1, 4, 1, 1, 1, 1, 3, 1, 2, 1, 0, 2, 1, 1, 2, 1, 4, 3, 1, 1, 1, 2, 2, 2, 4, 1]|[3, 1, 2, 0, 1, 0, 0, 0, 0, 1, 0, 0, 1, 0, 0, 3, 1, 0, 0, 0, 3, 1, 0, 2, 0, 0, 0, 1, 0, 0, 2, 0, 3, 0, 1, 0, 0, 0, 1, 1, 1, 2, 0, 0, 0, 2, 1, 0, 0, 0, 1, 3, 0, 0, 1, 0, 0, 1, 2, 0, 1, 1, 0, 2, 0, 1, 0, 1, 1, 1, 1, 1, 3, 0, 0, 3, 0, 0, 2, 0, 0, 0, 1, 1, 3, 0, 0, 0, 1, 0, 0, 2, 0, 1, 1, 0, 0, 0, 2, 0],715.7913946700162,58060.95961022334,95287.06515100288,true
44,G2_TEC,G2_TEC,[31, 22, 82, 15, 26, 9, 95, 42, 77, 68, 47, 5, 93, 78, 86, 54, 85, 63, 18, 44, 20, 49, 36, 14, 74, 50, 53, 17, 21, 28, 11, 64, 3, 23, 30, 83, 24, 41, 40, 52, 65, 27, 90, 70, 39, 87, 48, 69, 99, 4, 75, 1, 13, 58, 97, 59, 45, 8, 73, 37, 35, 79, 71, 66, 76, 32, 60, 80, 56, 6, 67, 61, 33, 7, 57, 34, 12, 16, 10, 98, 96, 88, 43, 81, 91, 2, 84, 29, 92, 19, 51, 55, 46, 89, 25, 72, 94, 38, 62, 0]|[2, 1, 2, 1, 1, 2, 1, 1, 1, 1, 1, 0, 2, 2, 1, 2, 0, 0, 0, 2, 2, 1, 0, 2, 0, 2, 2, 1, 0, 1, 1, 1, 0, 0, 1, 0, 2, 1, 2, 2, 0, 0, 1, 1, 0, 2, 0, 2, 1, 0, 0, 2, 0, 0, 2, 0, 1, 1, 0, 0, 2, 1, 1, 2, 2, 0, 2, 2, 2, 1, 2, 1, 1, 2, 0, 1, 1, 2, 1, 2, 0, 1, 1, 1, 1, 0, 0, 1, 0, 1, 1, 0, 0, 1, 1, 1, 2, 0, 1, 2]|[0, 3, 0, 3, 4, 1, 4, 4, 2, 4, 3, 2, 1, 0, 2, 1, 1, 1, 2, 1, 1, 3, 0, 1, 0, 1, 1, 4, 1, 4, 3, 2, 2, 0, 4, 1, 1, 4, 1, 1, 2, 1, 4, 4, 1, 1, 0, 1, 3, 2, 2, 1, 2, 1, 1, 2, 4, 3, 0, 2, 2, 3, 3, 1, 1, 2, 1, 1, 1, 4, 1, 3, 4, 1, 2, 4, 3, 1, 3, 1, 2, 4, 4, 4, 3, 2, 2, 3, 2, 4, 3, 2, 2, 4, 4, 4, 1, 2, 3, 1]|[0, 2, 0, 0, 3, 0, 1, 3, 0, 0, 2, 0, 1, 0, 1, 0, 0, 0, 1, 0, 0, 2, 0, 0, 1, 0, 0, 3, 0, 1, 0, 2, 0, 0, 3, 0, 1, 1, 0, 0, 0, 0, 1, 3, 0, 0, 1, 0, 2, 0, 0, 0, 0, 0, 1, 0, 1, 0, 1, 1, 0, 2, 0, 0, 0, 0, 0, 0, 0, 2, 0, 0, 1, 0, 0, 1, 0, 0, 3, 0, 0, 1, 2, 2, 0, 0, 0, 3, 0, 1, 0, 0, 0, 1, 3, 1, 0, 0, 0, 0],900.0760482104305,49104.85573898611,106612.48357517918,false
44,G3_TWC,G3_TWC,[42, 31, 22, 82, 15, 26, 58, 95, 77, 12, 47, 5, 93, 78, 98, 54, 85, 63, 18, 44, 20, 35, 43, 97, 91, 76, 10, 30, 21, 45, 71, 64, 1, 23, 17, 83, 24, 14, 60, 36, 6, 57, 94, 88, 65, 56, 79, 40, 67, 68, 46, 75, 38, 9, 19, 32, 81, 41, 27, 62, 87, 90, 99, 59, 11, 16, 72, 73, 70, 39, 37, 84, 3, 92, 25, 55, 28, 29, 51, 7, 33, 61, 86, 66, 89, 50, 48, 96, 53, 80, 4, 8, 34, 49, 52, 0, 13, 2, 69, 74]|[1, 1, 1, 0, 1, 1, 1, 2, 2, 1, 2, 2, 2, 1, 1, 0, 0, 1, 0, 2, 2, 0, 1, 2, 0, 1, 2, 2, 0, 0, 1, 2, 1, 2, 1, 0, 2, 0, 1, 1, 0, 1, 1, 1, 0, 2, 1, 1, 0, 0, 0, 0, 1, 1, 2, 1, 2, 0, 0, 0, 2, 1, 0, 1, 2, 1, 2, 1, 1, 1, 1, 1, 2, 0, 1, 1, 0, 0, 0, 1, 2, 1, 0, 2, 1, 0, 0, 0, 0, 0, 0, 1, 2, 0, 1, 0, 0, 0, 1, 2]|[2, 4, 3, 2, 2, 0, 0, 2, 2, 4, 1, 1, 2, 4, 4, 1, 1, 4, 2, 1, 1, 1, 1, 2, 1, 2, 1, 1, 1, 1, 3, 2, 3, 0, 4, 0, 1, 1, 0, 3, 2, 2, 4, 0, 1, 1, 0, 2, 0, 1, 2, 2, 1, 4, 0, 3, 2, 1, 1, 2, 1, 3, 1, 1, 1, 3, 0, 4, 3, 1, 4, 1, 1, 2, 4, 4, 2, 1, 1, 3, 1, 3, 1, 1, 1, 1, 1, 1, 2, 1, 2, 3, 1, 1, 1, 2, 2, 2, 3, 1]|[1, 0, 2, 1, 1, 3, 3, 0, 0, 0, 0, 0, 1, 0, 1, 0, 0, 3, 1, 0, 0, 0, 3, 1, 0, 2, 0, 0, 0, 1, 0, 0, 0, 0, 3, 0, 1, 0, 0, 2, 1, 1, 2, 0, 0, 0, 0, 1, 1, 0, 0, 0, 1, 3, 0, 0, 1, 0, 0, 1, 0, 2, 0, 1, 0, 2, 1, 0, 0, 1, 1, 3, 0, 1, 3, 3, 1, 0, 0, 2, 0, 0, 0, 0, 1, 0, 0, 0, 1, 0, 1, 2, 0, 1, 1, 0, 0, 0, 0, 0],790.0808266764368,58301.839560278044,88734.19036740763,false
44,G1_CMAX,G4_BALANCED,[31, 22, 82, 15, 26, 58, 95, 42, 77, 12, 47, 5, 93, 78, 44, 54, 85, 63, 18, 98, 20, 35, 43, 97, 91, 76, 10, 30, 21, 61, 71, 64, 1, 23, 17, 83, 24, 14, 60, 36, 6, 57, 94, 88, 65, 56, 79, 40, 67, 68, 46, 75, 38, 9, 19, 32, 81, 41, 27, 62, 87, 90, 99, 59, 11, 16, 72, 73, 70, 39, 37, 84, 3, 92, 96, 55, 28, 29, 51, 7, 33, 86, 45, 48, 89, 50, 66, 25, 53, 80, 4, 8, 34, 49, 52, 0, 13, 2, 69, 74]|[1, 1, 0, 1, 1, 1, 2, 1, 2, 1, 2, 2, 2, 1, 1, 0, 0, 1, 0, 2, 2, 0, 1, 2, 0, 1, 2, 2, 0, 1, 1, 2, 1, 2, 1, 0, 2, 0, 1, 1, 0, 1, 1, 1, 0, 2, 1, 1, 0, 0, 0, 0, 1, 1, 2, 1, 2, 0, 0, 0, 2, 1, 1, 2, 2, 1, 2, 1, 1, 1, 1, 1, 2, 0, 0, 1, 0, 0, 0, 1, 2, 0, 1, 0, 1, 0, 2, 1, 0, 0, 0, 1, 2, 0, 1, 0, 0, 0, 2, 2]|[4, 3, 2, 2, 0, 0, 2, 2, 2, 4, 1, 1, 2, 4, 4, 1, 1, 4, 2, 1, 1, 1, 1, 2, 1, 2, 1, 1, 1, 3, 3, 2, 3, 1, 4, 0, 1, 1, 0, 3, 2, 2, 4, 0, 1, 1, 0, 2, 0, 1, 2, 2, 1, 4, 0, 3, 2, 1, 1, 2, 1, 3, 1, 1, 1, 3, 0, 4, 3, 1, 4, 1, 1, 2, 1, 4, 2, 1, 1, 1, 1, 1, 3, 1, 1, 1, 1, 4, 2, 1, 2, 3, 1, 1, 1, 2, 2, 2, 1, 1]|[0, 2, 1, 1, 3, 3, 0, 1, 0, 0, 0, 0, 1, 0, 1, 0, 0, 3, 1, 0, 0, 0, 3, 1, 0, 2, 0, 0, 0, 0, 0, 0, 0, 0, 3, 0, 1, 0, 0, 2, 1, 1, 2, 0, 0, 0, 0, 1, 1, 0, 0, 0, 1, 3, 0, 0, 1, 0, 0, 1, 0, 2, 1, 0, 0, 2, 1, 0, 0, 1, 1, 3, 0, 1, 0, 3, 1, 0, 0, 2, 0, 0, 0, 0, 1, 0, 0, 3, 1, 0, 1, 2, 0, 1, 1, 0, 0, 0, 0, 0],756.4660160935522,57225.2310981851,90959.21552911297,true
44,G4_BALANCED,G4_BALANCED,[31, 11, 82, 15, 26, 9, 95, 42, 77, 68, 47, 5, 93, 78, 86, 54, 85, 63, 18, 44, 20, 49, 36, 14, 74, 50, 53, 17, 21, 45, 71, 64, 3, 23, 30, 83, 24, 41, 60, 52, 65, 27, 90, 70, 39, 87, 48, 69, 99, 4, 46, 1, 13, 58, 97, 59, 28, 75, 73, 37, 35, 79, 22, 66, 76, 32, 40, 80, 96, 6, 16, 61, 33, 7, 57, 34, 12, 67, 10, 98, 56, 88, 29, 8, 91, 38, 19, 92, 43, 2, 89, 72, 51, 25, 84, 55, 62, 81, 94, 0]|[2, 1, 2, 1, 1, 2, 1, 1, 1, 1, 1, 0, 2, 2, 1, 2, 0, 0, 0, 2, 2, 1, 0, 2, 0, 2, 2, 1, 0, 1, 1, 1, 0, 0, 2, 0, 2, 1, 2, 2, 0, 0, 1, 1, 0, 2, 0, 2, 1, 0, 0, 2, 0, 0, 2, 0, 1, 1, 0, 0, 2, 1, 0, 2, 2, 0, 2, 2, 0, 1, 2, 1, 2, 2, 0, 1, 1, 1, 1, 2, 2, 1, 1, 0, 1, 0, 1, 0, 1, 2, 1, 1, 1, 1, 0, 0, 1, 1, 2, 0]|[0, 3, 0, 2, 4, 1, 4, 4, 2, 4, 3, 2, 1, 0, 2, 1, 1, 1, 2, 1, 1, 3, 0, 1, 0, 1, 1, 4, 1, 4, 3, 2, 2, 0, 1, 1, 1, 4, 0, 1, 2, 1, 4, 4, 1, 1, 0, 2, 3, 2, 2, 1, 2, 1, 1, 2, 4, 3, 0, 2, 2, 3, 1, 0, 1, 2, 0, 1, 2, 4, 1, 3, 1, 1, 2, 4, 3, 3, 3, 1, 1, 4, 3, 2, 3, 2, 4, 2, 4, 1, 4, 4, 3, 4, 2, 2, 3, 4, 1, 2]|[0, 2, 0, 1, 3, 0, 1, 3, 0, 0, 2, 0, 1, 0, 1, 0, 0, 0, 1, 0, 0, 2, 0, 0, 1, 0, 0, 3, 0, 1, 0, 2, 0, 1, 0, 0, 1, 3, 1, 0, 0, 0, 1, 3, 0, 0, 1, 0, 2, 0, 0, 0, 0, 0, 1, 0, 1, 0, 1, 1, 0, 2, 0, 0, 0, 0, 1, 0, 0, 2, 0, 0, 0, 0, 0, 1, 0, 0, 3, 0, 0, 1, 3, 0, 0, 0, 1, 0, 2, 0, 1, 2, 0, 3, 0, 0, 0, 1, 0, 0],852.5184451675896,52077.87777408223,105904.01879381535,false
44,G2_TEC,G2_TEC,[31, 22, 82, 15, 26, 9, 95, 42, 77, 68, 47, 5, 93, 78, 86, 54, 85, 63, 18, 44, 20, 49, 36, 14, 74, 50, 53, 17, 21, 28, 11, 64, 3, 23, 30, 83, 24, 41, 40, 52, 65, 27, 90, 70, 39, 87, 48, 69, 99, 4, 75, 1, 13, 58, 97, 59, 45, 8, 73, 37, 35, 79, 71, 66, 76, 32, 60, 80, 56, 6, 67, 61, 33, 7, 57, 34, 12, 16, 10, 98, 96, 88, 43, 81, 91, 2, 84, 29, 92, 19, 51, 55, 46, 89, 25, 72, 94, 38, 62, 0]|[2, 1, 2, 1, 1, 2, 1, 1, 1, 1, 1, 0, 2, 2, 1, 2, 0, 0, 0, 2, 2, 1, 0, 2, 0, 2, 2, 1, 0, 1, 1, 1, 0, 0, 1, 0, 2, 1, 2, 2, 0, 0, 1, 1, 0, 2, 0, 2, 1, 0, 0, 2, 0, 0, 2, 0, 1, 1, 0, 0, 2, 1, 1, 2, 2, 0, 2, 2, 2, 1, 2, 1, 1, 2, 0, 1, 1, 2, 1, 2, 0, 1, 1, 1, 1, 0, 0, 1, 0, 1, 1, 0, 0, 1, 1, 1, 2, 0, 1, 2]|[0, 3, 0, 3, 4, 1, 4, 4, 2, 4, 3, 2, 1, 0, 2, 1, 1, 1, 2, 1, 1, 3, 0, 1, 0, 1, 1, 4, 1, 4, 3, 2, 2, 0, 4, 1, 1, 4, 1, 1, 2, 1, 4, 4, 1, 1, 0, 1, 3, 2, 2, 1, 2, 1, 1, 2, 4, 3, 0, 2, 2, 3, 3, 1, 1, 2, 1, 1, 1, 4, 1, 3, 4, 1, 2, 4, 3, 1, 3, 1, 2, 4, 4, 4, 3, 2, 2, 3, 2, 4, 3, 2, 2, 4, 4, 4, 1, 2, 3, 1]|[0, 2, 0, 0, 3, 0, 1, 3, 0, 0, 2, 0, 1, 0, 1, 0, 0, 0, 1, 0, 0, 2, 0, 0, 1, 0, 0, 3, 0, 1, 0, 2, 0, 0, 3, 0, 1, 1, 0, 0, 0, 0, 1, 3, 0, 0, 1, 0, 2, 0, 0, 0, 0, 0, 1, 0, 1, 0, 1, 1, 0, 2, 0, 0, 0, 0, 0, 0, 0, 2, 0, 0, 1, 0, 0, 1, 0, 0, 3, 0, 0, 1, 2, 2, 0, 0, 0, 3, 0, 1, 0, 0, 0, 1, 3, 1, 0, 0, 0, 0],900.0760482104305,49104.85573898611,106612.48357517918,false
44,G3_TWC,G1_CMAX,[31, 22, 82, 15, 26, 99, 95, 42, 77, 12, 47, 5, 93, 78, 86, 54, 21, 63, 18, 44, 20, 35, 43, 97, 91, 76, 10, 30, 85, 45, 71, 64, 1, 23, 17, 83, 24, 14, 60, 36, 6, 57, 40, 88, 65, 56, 79, 94, 67, 68, 46, 75, 38, 9, 19, 32, 41, 81, 27, 87, 90, 58, 59, 11, 16, 72, 73, 70, 39, 3, 37, 84, 62, 92, 25, 55, 28, 29, 51, 7, 33, 61, 98, 48, 89, 50, 66, 96, 53, 80, 4, 8, 34, 49, 52, 0, 13, 2, 69, 74]|[2, 1, 0, 1, 1, 0, 1, 2, 2, 1, 2, 2, 2, 1, 1, 0, 0, 1, 0, 2, 2, 0, 1, 2, 0, 1, 2, 2, 0, 0, 1, 2, 1, 2, 1, 0, 2, 0, 1, 1, 0, 2, 1, 1, 0, 2, 1, 1, 0, 0, 0, 0, 1, 1, 2, 1, 0, 2, 0, 2, 1, 0, 1, 2, 2, 1, 1, 1, 1, 1, 1, 1, 0, 0, 1, 2, 0, 0, 0, 2, 2, 1, 2, 0, 1, 0, 2, 0, 0, 0, 1, 1, 2, 0, 1, 0, 0, 0, 1, 2]|[1, 3, 2, 2, 4, 1, 2, 2, 2, 4, 1, 1, 2, 4, 4, 1, 1, 4, 2, 1, 1, 1, 1, 2, 1, 2, 1, 1, 2, 1, 3, 2, 3, 1, 4, 0, 1, 1, 0, 3, 2, 1, 4, 0, 1, 1, 0, 4, 0, 1, 2, 2, 1, 4, 0, 3, 1, 1, 1, 1, 3, 1, 1, 1, 1, 3, 4, 3, 1, 1, 4, 1, 2, 0, 4, 1, 2, 1, 1, 1, 1, 3, 1, 1, 1, 1, 1, 1, 2, 1, 4, 3, 1, 1, 1, 2, 2, 2, 4, 1]|[0, 2, 1, 1, 3, 0, 1, 0, 0, 0, 0, 0, 1, 0, 1, 0, 0, 3, 1, 0, 0, 0, 3, 1, 0, 2, 0, 0, 0, 1, 0, 0, 0, 0, 3, 0, 1, 0, 0, 2, 1, 0, 2, 0, 0, 0, 0, 2, 1, 0, 0, 0, 1, 3, 0, 0, 0, 0, 0, 0, 2, 0, 1, 0, 0, 2, 0, 0, 1, 1, 1, 3, 1, 1, 3, 0, 1, 0, 0, 0, 0, 0, 0, 0, 1, 0, 0, 0, 1, 0, 0, 2, 0, 1, 1, 0, 0, 0, 2, 0],798.6321321395579,55287.901697551715,97014.49042528482,true
44,G1_CMAX,G1_CMAX,[31, 22, 90, 26, 58, 95, 42, 12, 93, 5, 78, 86, 98, 18, 20, 35, 3, 97, 91, 76, 10, 85, 54, 45, 63, 71, 66, 1, 23, 17, 24, 60, 36, 6, 57, 15, 65, 56, 47, 79, 94, 67, 50, 46, 14, 75, 38, 9, 30, 19, 32, 81, 27, 92, 83, 87, 40, 99, 59, 11, 53, 16, 72, 77, 73, 70, 39, 37, 84, 43, 62, 25, 55, 28, 29, 51, 68, 82, 74, 61, 88, 21, 80, 89, 7, 69, 96, 41, 48, 4, 8, 34, 49, 52, 0, 44, 13, 2, 64, 33]|[1, 1, 1, 1, 0, 2, 1, 1, 2, 2, 2, 1, 0, 1, 2, 2, 1, 2, 0, 1, 2, 2, 2, 0, 0, 1, 2, 1, 2, 1, 2, 1, 1, 0, 1, 1, 0, 2, 2, 1, 1, 0, 0, 0, 0, 1, 1, 1, 1, 2, 1, 2, 2, 0, 0, 2, 1, 0, 0, 2, 0, 1, 2, 2, 1, 1, 1, 1, 1, 1, 0, 1, 1, 0, 0, 0, 0, 0, 2, 1, 1, 0, 0, 1, 1, 1, 2, 2, 0, 1, 1, 2, 0, 1, 0, 0, 0, 0, 2, 2]|[0, 4, 3, 0, 1, 1, 2, 4, 1, 1, 2, 4, 1, 4, 1, 1, 1, 2, 2, 2, 2, 1, 1, 1, 2, 3, 2, 3, 0, 4, 1, 0, 3, 2, 2, 2, 1, 1, 1, 0, 2, 0, 1, 2, 1, 3, 1, 4, 2, 0, 3, 2, 1, 2, 1, 1, 4, 1, 1, 1, 2, 3, 0, 2, 4, 3, 1, 4, 1, 1, 1, 4, 4, 2, 1, 1, 1, 2, 1, 3, 0, 1, 1, 1, 1, 3, 1, 1, 1, 4, 3, 1, 1, 1, 2, 2, 2, 2, 1, 1]|[3, 0, 2, 3, 0, 0, 1, 0, 0, 0, 1, 0, 0, 3, 0, 0, 1, 1, 1, 2, 1, 0, 0, 0, 0, 0, 0, 0, 0, 3, 1, 0, 2, 1, 1, 1, 0, 0, 0, 0, 1, 1, 0, 0, 0, 0, 1, 3, 2, 0, 0, 1, 0, 1, 0, 0, 2, 0, 0, 0, 1, 2, 1, 1, 0, 0, 1, 1, 3, 3, 0, 3, 3, 1, 0, 0, 0, 1, 0, 0, 0, 0, 0, 1, 2, 2, 0, 0, 0, 0, 2, 0, 1, 1, 0, 0, 0, 0, 0, 0],705.0470749739228,58445.79123614564,95781.2895945797,false
44,G4_BALANCED,G1_CMAX,[22, 82, 3, 58, 95, 42, 77, 47, 5, 93, 78, 12, 86, 54, 50, 63, 18, 44, 20, 35, 43, 97, 91, 76, 10, 30, 21, 45, 71, 64, 36, 23, 17, 83, 24, 14, 60, 1, 6, 40, 57, 90, 65, 56, 79, 94, 67, 68, 46, 75, 38, 9, 19, 32, 81, 41, 27, 62, 16, 55, 59, 89, 88, 87, 31, 72, 73, 70, 39, 37, 84, 92, 25, 11, 48, 15, 29, 51, 7, 33, 61, 98, 28, 99, 26, 85, 66, 96, 53, 80, 4, 8, 34, 49, 52, 2, 13, 0, 69, 74]|[1, 0, 1, 0, 1, 2, 2, 2, 2, 2, 1, 1, 1, 0, 0, 1, 0, 2, 2, 0, 1, 2, 0, 1, 2, 2, 0, 0, 1, 2, 1, 2, 1, 0, 2, 0, 1, 1, 0, 1, 1, 1, 0, 2, 1, 1, 0, 0, 0, 0, 1, 1, 2, 1, 2, 0, 0, 0, 1, 2, 1, 1, 1, 1, 1, 2, 1, 2, 1, 1, 1, 0, 1, 2, 2, 1, 0, 0, 1, 2, 1, 2, 0, 1, 1, 0, 0, 2, 0, 0, 1, 1, 2, 0, 1, 0, 0, 0, 1, 2]|[3, 2, 1, 1, 2, 1, 2, 1, 1, 2, 4, 4, 4, 1, 1, 4, 2, 1, 1, 1, 1, 2, 1, 2, 1, 1, 2, 1, 3, 2, 3, 1, 4, 1, 1, 1, 0, 3, 2, 2, 2, 3, 1, 1, 0, 4, 0, 1, 2, 2, 1, 4, 0, 3, 2, 1, 1, 2, 3, 1, 1, 1, 0, 3, 0, 0, 3, 0, 1, 4, 1, 0, 4, 1, 1, 4, 1, 1, 1, 1, 3, 1, 2, 1, 0, 2, 1, 1, 2, 1, 4, 3, 1, 1, 1, 2, 2, 2, 4, 1]|[3, 1, 2, 0, 1, 0, 0, 0, 0, 1, 0, 0, 1, 0, 0, 3, 1, 0, 0, 0, 3, 1, 0, 2, 0, 0, 0, 1, 0, 0, 2, 0, 3, 0, 1, 0, 0, 0, 1, 1, 1, 2, 0, 0, 0, 2, 1, 0, 0, 0, 1, 3, 0, 0, 1, 0, 0, 1, 2, 0, 1, 1, 0, 2, 0, 1, 0, 1, 1, 1, 1, 1, 3, 0, 0, 3, 0, 0, 2, 0, 0, 0, 1, 1, 3, 0, 0, 0, 1, 0, 0, 2, 0, 1, 1, 0, 0, 0, 2, 0],715.7913946700162,58060.95961022334,95287.06515100288,true
44,G2_TEC,G2_TEC,[31, 22, 82, 15, 26, 9, 95, 42, 77, 68, 47, 5, 93, 78, 86, 54, 85, 63, 18, 44, 20, 49, 36, 14, 74, 50, 53, 17, 21, 28, 11, 64, 3, 23, 30, 83, 24, 41, 40, 52, 65, 27, 90, 70, 39, 87, 48, 69, 99, 4, 75, 1, 13, 58, 97, 59, 45, 8, 73, 37, 35, 79, 71, 66, 76, 32, 60, 80, 56, 6, 67, 61, 33, 7, 57, 34, 12, 16, 10, 98, 96, 88, 43, 81, 91, 2, 84, 29, 92, 19, 51, 55, 46, 89, 25, 72, 94, 38, 62, 0]|[2, 1, 2, 1, 1, 2, 1, 1, 1, 1, 1, 0, 2, 2, 1, 2, 0, 0, 0, 2, 2, 1, 0, 2, 0, 2, 2, 1, 0, 1, 1, 1, 0, 0, 1, 0, 2, 1, 2, 2, 0, 0, 1, 1, 0, 2, 0, 2, 1, 0, 0, 2, 0, 0, 2, 0, 1, 1, 0, 0, 2, 1, 1, 2, 2, 0, 2, 2, 2, 1, 2, 1, 1, 2, 0, 1, 1, 2, 1, 2, 0, 1, 1, 1, 1, 0, 0, 1, 0, 1, 1, 0, 0, 1, 1, 1, 2, 0, 1, 2]|[0, 3, 0, 3, 4, 1, 4, 4, 2, 4, 3, 2, 1, 0, 2, 1, 1, 1, 2, 1, 1, 3, 0, 1, 0, 1, 1, 4, 1, 4, 3, 2, 2, 0, 4, 1, 1, 4, 1, 1, 2, 1, 4, 4, 1, 1, 0, 1, 3, 2, 2, 1, 2, 1, 1, 2, 4, 3, 0, 2, 2, 3, 3, 1, 1, 2, 1, 1, 1, 4, 1, 3, 4, 1, 2, 4, 3, 1, 3, 1, 2, 4, 4, 4, 3, 2, 2, 3, 2, 4, 3, 2, 2, 4, 4, 4, 1, 2, 3, 1]|[0, 2, 0, 0, 3, 0, 1, 3, 0, 0, 2, 0, 1, 0, 1, 0, 0, 0, 1, 0, 0, 2, 0, 0, 1, 0, 0, 3, 0, 1, 0, 2, 0, 0, 3, 0, 1, 1, 0, 0, 0, 0, 1, 3, 0, 0, 1, 0, 2, 0, 0, 0, 0, 0, 1, 0, 1, 0, 1, 1, 0, 2, 0, 0, 0, 0, 0, 0, 0, 2, 0, 0, 1, 0, 0, 1, 0, 0, 3, 0, 0, 1, 2, 2, 0, 0, 0, 3, 0, 1, 0, 0, 0, 1, 3, 1, 0, 0, 0, 0],900.0760482104305,49104.85573898611,106612.48357517918,false
44,G3_TWC,G1_CMAX,[31, 22, 82, 15, 26, 99, 95, 42, 77, 12, 47, 5, 93, 78, 86, 54, 21, 63, 18, 44, 20, 35, 43, 97, 91, 76, 10, 30, 85, 45, 71, 64, 1, 23, 17, 83, 24, 14, 60, 36, 6, 57, 40, 88, 65, 56, 79, 94, 67, 68, 46, 75, 38, 9, 19, 32, 41, 81, 27, 87, 90, 58, 59, 11, 16, 72, 73, 70, 39, 3, 37, 84, 62, 92, 25, 55, 28, 29, 51, 7, 33, 61, 98, 48, 89, 50, 66, 96, 53, 80, 4, 8, 34, 49, 52, 0, 13, 2, 69, 74]|[2, 1, 0, 1, 1, 0, 1, 2, 2, 1, 2, 2, 2, 1, 1, 0, 0, 1, 0, 2, 2, 0, 1, 2, 0, 1, 2, 2, 0, 0, 1, 2, 1, 2, 1, 0, 2, 0, 1, 1, 0, 2, 1, 1, 0, 2, 1, 1, 0, 0, 0, 0, 1, 1, 2, 1, 0, 2, 0, 2, 1, 0, 1, 2, 2, 1, 1, 1, 1, 1, 1, 1, 0, 0, 1, 2, 0, 0, 0, 2, 2, 1, 2, 0, 1, 0, 2, 0, 0, 0, 1, 1, 2, 0, 1, 0, 0, 0, 1, 2]|[1, 3, 2, 2, 4, 1, 2, 2, 2, 4, 1, 1, 2, 4, 4, 1, 1, 4, 2, 1, 1, 1, 1, 2, 1, 2, 1, 1, 2, 1, 3, 2, 3, 1, 4, 0, 1, 1, 0, 3, 2, 1, 4, 0, 1, 1, 0, 4, 0, 1, 2, 2, 1, 4, 0, 3, 1, 1, 1, 1, 3, 1, 1, 1, 1, 3, 4, 3, 1, 1, 4, 1, 2, 0, 4, 1, 2, 1, 1, 1, 1, 3, 1, 1, 1, 1, 1, 1, 2, 1, 4, 3, 1, 1, 1, 2, 2, 2, 4, 1]|[0, 2, 1, 1, 3, 0, 1, 0, 0, 0, 0, 0, 1, 0, 1, 0, 0, 3, 1, 0, 0, 0, 3, 1, 0, 2, 0, 0, 0, 1, 0, 0, 0, 0, 3, 0, 1, 0, 0, 2, 1, 0, 2, 0, 0, 0, 0, 2, 1, 0, 0, 0, 1, 3, 0, 0, 0, 0, 0, 0, 2, 0, 1, 0, 0, 2, 0, 0, 1, 1, 1, 3, 1, 1, 3, 0, 1, 0, 0, 0, 0, 0, 0, 0, 1, 0, 0, 0, 1, 0, 0, 2, 0, 1, 1, 0, 0, 0, 2, 0],798.6321321395579,55287.901697551715,97014.49042528482,true
44,G1_CMAX,G1_CMAX,[31, 22, 90, 26, 58, 95, 42, 12, 93, 5, 78, 86, 98, 18, 20, 35, 3, 97, 91, 76, 10, 85, 54, 45, 63, 71, 66, 1, 23, 17, 24, 60, 36, 6, 57, 15, 65, 56, 47, 79, 94, 67, 50, 46, 14, 75, 38, 9, 30, 19, 32, 81, 27, 92, 83, 87, 40, 99, 59, 11, 53, 16, 72, 77, 73, 70, 39, 37, 84, 43, 62, 25, 55, 28, 29, 51, 68, 82, 74, 61, 88, 21, 80, 89, 7, 69, 96, 41, 48, 4, 8, 34, 49, 52, 0, 44, 13, 2, 64, 33]|[1, 1, 1, 1, 0, 2, 1, 1, 2, 2, 2, 1, 0, 1, 2, 2, 1, 2, 0, 1, 2, 2, 2, 0, 0, 1, 2, 1, 2, 1, 2, 1, 1, 0, 1, 1, 0, 2, 2, 1, 1, 0, 0, 0, 0, 1, 1, 1, 1, 2, 1, 2, 2, 0, 0, 2, 1, 0, 0, 2, 0, 1, 2, 2, 1, 1, 1, 1, 1, 1, 0, 1, 1, 0, 0, 0, 0, 0, 2, 1, 1, 0, 0, 1, 1, 1, 2, 2, 0, 1, 1, 2, 0, 1, 0, 0, 0, 0, 2, 2]|[0, 4, 3, 0, 1, 1, 2, 4, 1, 1, 2, 4, 1, 4, 1, 1, 1, 2, 2, 2, 2, 1, 1, 1, 2, 3, 2, 3, 0, 4, 1, 0, 3, 2, 2, 2, 1, 1, 1, 0, 2, 0, 1, 2, 1, 3, 1, 4, 2, 0, 3, 2, 1, 2, 1, 1, 4, 1, 1, 1, 2, 3, 0, 2, 4, 3, 1, 4, 1, 1, 1, 4, 4, 2, 1, 1, 1, 2, 1, 3, 0, 1, 1, 1, 1, 3, 1, 1, 1, 4, 3, 1, 1, 1, 2, 2, 2, 2, 1, 1]|[3, 0, 2, 3, 0, 0, 1, 0, 0, 0, 1, 0, 0, 3, 0, 0, 1, 1, 1, 2, 1, 0, 0, 0, 0, 0, 0, 0, 0, 3, 1, 0, 2, 1, 1, 1, 0, 0, 0, 0, 1, 1, 0, 0, 0, 0, 1, 3, 2, 0, 0, 1, 0, 1, 0, 0, 2, 0, 0, 0, 1, 2, 1, 1, 0, 0, 1, 1, 3, 3, 0, 3, 3, 1, 0, 0, 0, 1, 0, 0, 0, 0, 0, 1, 2, 2, 0, 0, 0, 0, 2, 0, 1, 1, 0, 0, 0, 0, 0, 0],705.0470749739228,58445.79123614564,95781.2895945797,false
44,G4_BALANCED,G3_TWC,[31, 22, 42, 82, 15, 26, 58, 95, 77, 12, 47, 5, 93, 78, 98, 54, 85, 63, 18, 44, 20, 35, 43, 97, 91, 76, 10, 30, 21, 45, 71, 64, 1, 23, 17, 83, 24, 14, 60, 36, 6, 57, 94, 88, 65, 56, 79, 40, 67, 68, 46, 75, 38, 9, 19, 86, 81, 41, 27, 62, 87, 90, 99, 59, 11, 16, 72, 73, 70, 39, 37, 84, 3, 92, 25, 55, 28, 29, 51, 7, 33, 61, 32, 66, 89, 50, 48, 96, 53, 80, 4, 8, 34, 49, 52, 0, 13, 2, 69, 74]|[1, 1, 1, 0, 1, 1, 1, 2, 2, 1, 2, 2, 2, 1, 1, 0, 0, 1, 0, 2, 2, 0, 1, 2, 0, 1, 2, 2, 0, 0, 1, 2, 1, 2, 1, 0, 2, 0, 1, 1, 0, 1, 1, 1, 0, 2, 1, 1, 0, 0, 0, 0, 1, 1, 2, 1, 2, 0, 0, 0, 2, 1, 0, 1, 2, 1, 2, 1, 1, 1, 1, 1, 2, 0, 1, 1, 0, 0, 0, 1, 2, 1, 0, 2, 1, 0, 0, 0, 0, 0, 0, 1, 2, 0, 1, 0, 0, 0, 1, 2]|[2, 4, 3, 2, 2, 0, 0, 2, 2, 4, 1, 1, 2, 4, 4, 1, 1, 4, 2, 1, 1, 1, 1, 2, 1, 2, 1, 1, 1, 1, 3, 2, 3, 0, 4, 0, 1, 1, 0, 3, 2, 2, 4, 0, 1, 1, 0, 2, 0, 1, 2, 2, 1, 4, 0, 3, 2, 1, 1, 2, 1, 3, 1, 1, 1, 3, 0, 4, 3, 1, 4, 1, 1, 2, 4, 4, 2, 1, 1, 3, 1, 3, 1, 1, 1, 1, 1, 1, 2, 1, 2, 3, 1, 1, 1, 2, 2, 2, 3, 1]|[1, 0, 2, 1, 1, 3, 3, 0, 0, 0, 0, 0, 1, 0, 1, 0, 0, 3, 1, 0, 0, 0, 3, 1, 0, 2, 0, 0, 0, 1, 0, 0, 0, 0, 3, 0, 1, 0, 0, 2, 1, 1, 2, 0, 0, 0, 0, 1, 1, 0, 0, 0, 1, 3, 0, 0, 1, 0, 0, 1, 0, 2, 0, 1, 0, 2, 1, 0, 0, 1, 1, 3, 0, 1, 3, 3, 1, 0, 0, 2, 0, 0, 0, 0, 1, 0, 0, 0, 1, 0, 1, 2, 0, 1, 1, 0, 0, 0, 0, 0],805.9572677040272,58072.00814735398,88685.0520419582,true
44,G2_TEC,G2_TEC,[31, 22, 82, 15, 26, 9, 95, 42, 77, 68, 47, 5, 93, 78, 86, 54, 85, 63, 18, 44, 20, 49, 36, 14, 74, 50, 53, 17, 21, 28, 11, 64, 3, 23, 30, 83, 24, 41, 40, 52, 65, 27, 90, 70, 39, 87, 48, 69, 99, 4, 46, 1, 13, 58, 97, 59, 45, 8, 73, 37, 35, 79, 71, 66, 76, 32, 60, 80, 96, 6, 67, 61, 33, 7, 57, 34, 12, 16, 10, 98, 56, 88, 43, 75, 91, 38, 84, 92, 29, 19, 51, 55, 72, 89, 25, 81, 94, 2, 62, 0]|[2, 1, 2, 1, 1, 0, 1, 1, 1, 1, 1, 0, 2, 2, 1, 2, 0, 0, 0, 2, 2, 1, 0, 2, 0, 2, 2, 1, 0, 1, 1, 1, 0, 0, 1, 0, 2, 1, 2, 2, 0, 0, 1, 1, 0, 2, 0, 2, 1, 0, 0, 2, 0, 0, 2, 0, 1, 1, 0, 0, 2, 1, 1, 2, 2, 0, 2, 2, 0, 1, 2, 1, 1, 2, 0, 1, 1, 2, 1, 2, 0, 1, 1, 0, 1, 0, 0, 0, 1, 1, 1, 0, 1, 1, 1, 1, 2, 2, 1, 0]|[0, 3, 0, 3, 4, 1, 4, 4, 2, 4, 3, 2, 1, 0, 2, 1, 1, 1, 2, 1, 1, 3, 0, 1, 0, 1, 1, 4, 1, 4, 3, 2, 2, 0, 4, 1, 1, 4, 1, 1, 2, 1, 4, 4, 1, 1, 0, 2, 3, 2, 2, 1, 2, 1, 1, 2, 4, 3, 0, 2, 2, 3, 3, 1, 1, 2, 1, 1, 2, 4, 1, 3, 4, 1, 2, 4, 3, 1, 3, 1, 2, 4, 4, 2, 3, 2, 2, 2, 3, 4, 3, 2, 4, 4, 4, 4, 1, 1, 3, 2]|[0, 2, 0, 0, 3, 0, 1, 3, 0, 0, 2, 0, 1, 0, 1, 0, 0, 0, 1, 0, 0, 2, 0, 0, 1, 0, 0, 3, 0, 1, 0, 2, 0, 0, 3, 0, 1, 1, 0, 0, 0, 0, 1, 3, 0, 0, 1, 0, 2, 0, 0, 0, 0, 1, 1, 0, 1, 0, 1, 1, 0, 2, 0, 0, 0, 0, 0, 0, 0, 2, 0, 0, 1, 0, 0, 1, 0, 0, 3, 0, 0, 1, 2, 0, 0, 0, 0, 0, 3, 1, 0, 0, 2, 1, 3, 2, 0, 0, 0, 0],920.4947514803512,50008.503137683554,102922.41978699603,false
44,G3_TWC,G1_CMAX,[31, 22, 82, 15, 26, 99, 95, 42, 77, 12, 47, 5, 93, 78, 86, 54, 21, 63, 18, 44, 20, 35, 43, 97, 91, 76, 10, 30, 85, 45, 71, 64, 1, 23, 17, 83, 24, 14, 60, 36, 6, 57, 40, 88, 65, 56, 79, 94, 67, 68, 46, 75, 38, 9, 19, 32, 41, 81, 27, 87, 90, 58, 59, 11, 16, 72, 73, 70, 39, 3, 37, 84, 62, 92, 25, 55, 28, 29, 51, 7, 33, 61, 98, 48, 89, 50, 66, 96, 53, 80, 4, 8, 34, 49, 52, 0, 13, 2, 69, 74]|[2, 1, 0, 1, 1, 0, 1, 2, 2, 1, 2, 2, 2, 1, 1, 0, 0, 1, 0, 2, 2, 0, 1, 2, 0, 1, 2, 2, 0, 0, 1, 2, 1, 2, 1, 0, 2, 0, 1, 1, 0, 2, 1, 1, 0, 2, 1, 1, 0, 0, 0, 0, 1, 1, 2, 1, 0, 2, 0, 2, 1, 0, 1, 2, 2, 1, 1, 1, 1, 1, 1, 1, 0, 0, 1, 2, 0, 0, 0, 2, 2, 1, 2, 0, 1, 0, 2, 0, 0, 0, 1, 1, 2, 0, 1, 0, 0, 0, 1, 2]|[1, 3, 2, 2, 4, 1, 2, 2, 2, 4, 1, 1, 2, 4, 4, 1, 1, 4, 2, 1, 1, 1, 1, 2, 1, 2, 1, 1, 2, 1, 3, 2, 3, 1, 4, 0, 1, 1, 0, 3, 2, 1, 4, 0, 1, 1, 0, 4, 0, 1, 2, 2, 1, 4, 0, 3, 1, 1, 1, 1, 3, 1, 1, 1, 1, 3, 4, 3, 1, 1, 4, 1, 2, 0, 4, 1, 2, 1, 1, 1, 1, 3, 1, 1, 1, 1, 1, 1, 2, 1, 4, 3, 1, 1, 1, 2, 2, 2, 4, 1]|[0, 2, 1, 1, 3, 0, 1, 0, 0, 0, 0, 0, 1, 0, 1, 0, 0, 3, 1, 0, 0, 0, 3, 1, 0, 2, 0, 0, 0, 1, 0, 0, 0, 0, 3, 0, 1, 0, 0, 2, 1, 0, 2, 0, 0, 0, 0, 2, 1, 0, 0, 0, 1, 3, 0, 0, 0, 0, 0, 0, 2, 0, 1, 0, 0, 2, 0, 0, 1, 1, 1, 3, 1, 1, 3, 0, 1, 0, 0, 0, 0, 0, 0, 0, 1, 0, 0, 0, 1, 0, 0, 2, 0, 1, 1, 0, 0, 0, 2, 0],798.6321321395579,55287.901697551715,97014.49042528482,true
44,G1_CMAX,G1_CMAX,[31, 22, 82, 15, 26, 99, 95, 42, 77, 12, 47, 5, 93, 78, 86, 54, 21, 63, 18, 44, 20, 35, 43, 97, 91, 76, 10, 30, 85, 45, 71, 64, 1, 23, 17, 83, 24, 14, 60, 36, 6, 57, 40, 88, 65, 56, 79, 94, 67, 68, 46, 75, 38, 9, 19, 32, 41, 81, 27, 87, 90, 58, 59, 11, 16, 72, 73, 70, 39, 37, 84, 3, 92, 25, 55, 48, 62, 29, 51, 96, 33, 61, 98, 66, 89, 50, 4, 7, 53, 80, 8, 28, 34, 49, 52, 0, 74, 69, 2, 13]|[1, 1, 0, 1, 1, 0, 1, 1, 2, 1, 2, 2, 2, 1, 1, 0, 0, 1, 0, 2, 2, 0, 1, 2, 0, 1, 2, 2, 0, 0, 1, 2, 1, 2, 1, 0, 2, 0, 1, 1, 0, 1, 1, 1, 0, 2, 1, 1, 0, 0, 0, 0, 1, 1, 2, 1, 0, 2, 0, 2, 1, 0, 1, 2, 1, 2, 1, 1, 1, 1, 1, 1, 0, 1, 2, 0, 2, 0, 0, 2, 2, 1, 2, 2, 1, 0, 1, 2, 0, 0, 1, 0, 2, 0, 1, 0, 2, 1, 0, 0]|[0, 3, 2, 2, 4, 1, 2, 3, 2, 4, 1, 1, 2, 4, 4, 1, 1, 4, 2, 1, 1, 1, 1, 2, 1, 2, 1, 1, 2, 1, 3, 2, 3, 0, 4, 0, 1, 1, 0, 3, 2, 2, 2, 0, 1, 1, 0, 4, 0, 1, 2, 2, 1, 4, 0, 3, 1, 1, 1, 1, 3, 1, 1, 1, 3, 0, 4, 3, 1, 4, 1, 1, 0, 4, 1, 1, 1, 1, 1, 1, 1, 3, 1, 1, 1, 1, 4, 1, 2, 1, 3, 2, 1, 1, 1, 2, 1, 4, 2, 2]|[0, 2, 1, 1, 3, 0, 1, 3, 0, 0, 0, 0, 1, 0, 1, 0, 0, 3, 1, 0, 0, 0, 3, 1, 0, 2, 0, 0, 0, 1, 0, 0, 0, 0, 3, 0, 1, 0, 0, 2, 1, 1, 1, 0, 0, 0, 0, 2, 1, 0, 0, 0, 1, 3, 0, 0, 0, 0, 0, 0, 2, 0, 1, 0, 2, 1, 0, 0, 1, 1, 3, 1, 1, 3, 0, 0, 0, 0, 0, 0, 0, 0, 0, 0, 1, 0, 0, 0, 1, 0, 2, 1, 0, 1, 1, 0, 0, 2, 0, 0],729.4630855162613,56977.85706863535,93928.98543188533,false
44,G4_BALANCED,G3_TWC,[31, 22, 82, 15, 26, 58, 95, 42, 77, 12, 47, 5, 93, 78, 98, 54, 85, 63, 18, 44, 20, 35, 43, 97, 91, 76, 10, 30, 21, 45, 71, 64, 1, 23, 17, 83, 24, 14, 60, 36, 6, 57, 94, 88, 65, 56, 79, 40, 67, 68, 46, 75, 39, 9, 19, 32, 81, 96, 27, 62, 87, 90, 99, 59, 11, 16, 72, 73, 70, 38, 37, 84, 3, 92, 25, 55, 28, 29, 51, 7, 33, 61, 86, 48, 89, 50, 66, 41, 53, 80, 4, 8, 34, 49, 52, 0, 13, 2, 69, 74]|[1, 1, 0, 1, 1, 1, 2, 1, 2, 1, 2, 2, 2, 1, 1, 0, 0, 1, 0, 2, 2, 0, 1, 2, 0, 1, 2, 2, 0, 0, 1, 2, 1, 2, 1, 0, 2, 0, 1, 1, 0, 1, 1, 1, 0, 2, 1, 1, 0, 0, 0, 0, 1, 1, 2, 1, 2, 0, 0, 0, 2, 1, 0, 1, 2, 1, 2, 1, 1, 1, 1, 1, 2, 0, 1, 1, 0, 0, 0, 1, 2, 1, 0, 0, 1, 0, 2, 0, 0, 0, 0, 1, 2, 0, 1, 0, 0, 0, 2, 2]|[4, 3, 2, 2, 0, 0, 2, 2, 2, 4, 1, 1, 2, 4, 4, 1, 1, 4, 2, 1, 1, 1, 1, 2, 1, 2, 1, 1, 1, 1, 3, 2, 3, 1, 4, 0, 1, 1, 0, 3, 2, 2, 4, 0, 1, 1, 0, 2, 0, 1, 2, 2, 1, 4, 0, 3, 2, 1, 1, 2, 1, 3, 1, 1, 1, 3, 0, 4, 3, 1, 4, 1, 1, 2, 4, 4, 2, 1, 1, 3, 1, 3, 1, 1, 1, 1, 1, 1, 2, 1, 2, 3, 1, 1, 1, 2, 2, 2, 1, 1]|[0, 2, 1, 1, 3, 3, 0, 1, 0, 0, 0, 0, 1, 0, 1, 0, 0, 3, 1, 0, 0, 0, 3, 1, 0, 2, 0, 0, 0, 1, 0, 0, 0, 0, 3, 0, 1, 0, 0, 2, 1, 1, 2, 0, 0, 0, 0, 1, 1, 0, 0, 0, 1, 3, 0, 0, 1, 0, 0, 1, 0, 2, 0, 1, 0, 2, 1, 0, 0, 1, 1, 3, 0, 1, 3, 3, 1, 0, 0, 2, 0, 0, 0, 0, 1, 0, 0, 0, 1, 0, 1, 2, 0, 1, 1, 0, 0, 0, 0, 0],790.0799945868791,57625.463612529646,89190.60565771193,true
44,G2_TEC,G2_TEC,[31, 22, 82, 15, 26, 9, 95, 42, 77, 68, 47, 5, 93, 78, 86, 54, 85, 63, 18, 44, 20, 49, 36, 14, 74, 50, 53, 17, 21, 28, 11, 64, 3, 23, 30, 83, 24, 41, 40, 52, 65, 27, 90, 70, 39, 87, 48, 69, 99, 4, 46, 1, 13, 58, 97, 59, 45, 8, 73, 37, 35, 79, 71, 66, 76, 32, 60, 80, 96, 6, 67, 61, 33, 7, 57, 34, 12, 16, 10, 98, 56, 88, 43, 75, 91, 38, 84, 92, 29, 19, 51, 55, 72, 89, 25, 81, 94, 2, 62, 0]|[2, 1, 2, 1, 1, 0, 1, 1, 1, 1, 1, 0, 2, 2, 1, 2, 0, 0, 0, 2, 2, 1, 0, 2, 0, 2, 2, 1, 0, 1, 1, 1, 0, 0, 1, 0, 2, 1, 2, 2, 0, 0, 1, 1, 0, 2, 0, 2, 1, 0, 0, 2, 0, 0, 2, 0, 1, 1, 0, 0, 2, 1, 1, 2, 2, 0, 2, 2, 0, 1, 2, 1, 1, 2, 0, 1, 1, 2, 1, 2, 0, 1, 1, 0, 1, 0, 0, 0, 1, 1, 1, 0, 1, 1, 1, 1, 2, 2, 1, 0]|[0, 3, 0, 3, 4, 1, 4, 4, 2, 4, 3, 2, 1, 0, 2, 1, 1, 1, 2, 1, 1, 3, 0, 1, 0, 1, 1, 4, 1, 4, 3, 2, 2, 0, 4, 1, 1, 4, 1, 1, 2, 1, 4, 4, 1, 1, 0, 2, 3, 2, 2, 1, 2, 1, 1, 2, 4, 3, 0, 2, 2, 3, 3, 1, 1, 2, 1, 1, 2, 4, 1, 3, 4, 1, 2, 4, 3, 1, 3, 1, 2, 4, 4, 2, 3, 2, 2, 2, 3, 4, 3, 2, 4, 4, 4, 4, 1, 1, 3, 2]|[0, 2, 0, 0, 3, 0, 1, 3, 0, 0, 2, 0, 1, 0, 1, 0, 0, 0, 1, 0, 0, 2, 0, 0, 1, 0, 0, 3, 0, 1, 0, 2, 0, 0, 3, 0, 1, 1, 0, 0, 0, 0, 1, 3, 0, 0, 1, 0, 2, 0, 0, 0, 0, 1, 1, 0, 1, 0, 1, 1, 0, 2, 0, 0, 0, 0, 0, 0, 0, 2, 0, 0, 1, 0, 0, 1, 0, 0, 3, 0, 0, 1, 2, 0, 0, 0, 0, 0, 3, 1, 0, 0, 2, 1, 3, 2, 0, 0, 0, 0],920.4947514803512,50008.503137683554,102922.41978699603,false
44,G3_TWC,G3_TWC,[42, 31, 22, 82, 15, 26, 58, 95, 77, 12, 47, 5, 93, 78, 98, 54, 85, 63, 18, 44, 20, 35, 43, 97, 91, 76, 10, 30, 21, 45, 71, 64, 1, 23, 17, 83, 24, 14, 60, 36, 6, 57, 94, 88, 65, 56, 79, 40, 67, 68, 46, 75, 38, 9, 19, 32, 81, 41, 27, 62, 87, 90, 99, 59, 11, 16, 72, 73, 70, 39, 37, 84, 3, 92, 25, 55, 28, 29, 51, 7, 33, 61, 86, 66, 89, 50, 48, 96, 53, 80, 4, 8, 34, 49, 52, 0, 13, 2, 69, 74]|[1, 1, 1, 0, 1, 1, 1, 2, 2, 1, 2, 2, 2, 1, 1, 0, 0, 1, 0, 2, 2, 0, 1, 2, 0, 1, 2, 2, 0, 0, 1, 2, 1, 2, 1, 0, 2, 0, 1, 1, 0, 1, 1, 1, 0, 2, 1, 1, 0, 0, 0, 0, 1, 1, 2, 1, 2, 0, 0, 0, 2, 1, 0, 1, 2, 1, 2, 1, 1, 1, 1, 1, 2, 0, 1, 1, 0, 0, 0, 1, 2, 1, 0, 2, 1, 0, 0, 0, 0, 0, 0, 1, 2, 0, 1, 0, 0, 0, 1, 2]|[2, 4, 3, 2, 2, 0, 0, 2, 2, 4, 1, 1, 2, 4, 4, 1, 1, 4, 2, 1, 1, 1, 1, 2, 1, 2, 1, 1, 1, 1, 3, 2, 3, 0, 4, 0, 1, 1, 0, 3, 2, 2, 4, 0, 1, 1, 0, 2, 0, 1, 2, 2, 1, 4, 0, 3, 2, 1, 1, 2, 1, 3, 1, 1, 1, 3, 0, 4, 3, 1, 4, 1, 1, 2, 4, 4, 2, 1, 1, 3, 1, 3, 1, 1, 1, 1, 1, 1, 2, 1, 2, 3, 1, 1, 1, 2, 2, 2, 3, 1]|[1, 0, 2, 1, 1, 3, 3, 0, 0, 0, 0, 0, 1, 0, 1, 0, 0, 3, 1, 0, 0, 0, 3, 1, 0, 2, 0, 0, 0, 1, 0, 0, 0, 0, 3, 0, 1, 0, 0, 2, 1, 1, 2, 0, 0, 0, 0, 1, 1, 0, 0, 0, 1, 3, 0, 0, 1, 0, 0, 1, 0, 2, 0, 1, 0, 2, 1, 0, 0, 1, 1, 3, 0, 1, 3, 3, 1, 0, 0, 2, 0, 0, 0, 0, 1, 0, 0, 0, 1, 0, 1, 2, 0, 1, 1, 0, 0, 0, 0, 0],790.0808266764368,58301.839560278044,88734.19036740763,false
44,G1_CMAX,G4_BALANCED,[31, 22, 82, 15, 26, 9, 42, 95, 77, 12, 47, 5, 93, 78, 86, 54, 85, 63, 18, 44, 20, 35, 43, 97, 91, 76, 10, 30, 21, 45, 71, 64, 1, 23, 17, 83, 24, 14, 60, 36, 6, 57, 94, 88, 65, 56, 79, 40, 67, 68, 46, 75, 38, 58, 19, 32, 41, 81, 27, 62, 87, 90, 99, 11, 16, 72, 73, 70, 39, 37, 84, 3, 92, 25, 55, 59, 28, 29, 51, 7, 33, 61, 98, 48, 89, 50, 4, 34, 53, 80, 8, 66, 96, 49, 52, 0, 74, 69, 2, 13]|[1, 1, 0, 1, 1, 0, 1, 2, 2, 1, 2, 2, 2, 1, 1, 0, 0, 1, 0, 2, 2, 0, 1, 2, 0, 1, 2, 2, 0, 0, 1, 2, 1, 2, 1, 0, 2, 0, 1, 1, 0, 1, 1, 1, 0, 2, 2, 1, 0, 0, 0, 0, 1, 1, 2, 1, 0, 2, 0, 0, 2, 1, 1, 2, 1, 2, 1, 1, 1, 1, 1, 1, 0, 1, 2, 0, 0, 0, 0, 1, 2, 1, 2, 0, 1, 0, 1, 2, 0, 0, 0, 2, 2, 0, 1, 0, 2, 1, 0, 0]|[4, 3, 2, 2, 4, 1, 2, 2, 2, 4, 1, 1, 2, 4, 4, 1, 1, 4, 2, 1, 1, 1, 1, 2, 1, 2, 1, 1, 2, 1, 3, 2, 3, 1, 4, 0, 1, 1, 0, 3, 2, 2, 2, 0, 1, 1, 1, 4, 0, 1, 2, 2, 1, 4, 0, 3, 1, 1, 1, 2, 1, 3, 1, 1, 3, 0, 4, 3, 1, 4, 1, 1, 2, 4, 1, 2, 2, 1, 1, 3, 1, 3, 1, 1, 1, 1, 4, 1, 2, 1, 1, 1, 1, 1, 1, 2, 1, 4, 2, 2]|[0, 2, 1, 1, 3, 0, 1, 0, 0, 0, 0, 0, 1, 0, 1, 0, 0, 3, 1, 0, 0, 0, 3, 1, 0, 2, 0, 0, 0, 1, 0, 0, 0, 0, 3, 0, 1, 0, 0, 2, 1, 1, 1, 0, 0, 0, 0, 2, 1, 0, 0, 0, 1, 3, 0, 0, 0, 0, 0, 1, 0, 2, 1, 0, 2, 1, 0, 0, 1, 1, 3, 1, 0, 3, 0, 1, 1, 0, 0, 2, 0, 0, 0, 0, 1, 0, 0, 0, 1, 0, 0, 0, 0, 1, 1, 0, 0, 2, 0, 0],784.3406839325794,55395.73375701614,93775.6464611301,true
44,G4_BALANCED,G4_BALANCED,[31, 11, 82, 15, 26, 9, 95, 42, 77, 68, 47, 5, 93, 78, 86, 54, 85, 63, 18, 44, 20, 49, 36, 14, 74, 50, 53, 17, 21, 45, 71, 64, 3, 23, 30, 83, 24, 41, 60, 52, 65, 27, 90, 70, 39, 87, 48, 69, 99, 4, 46, 1, 13, 58, 97, 59, 28, 75, 73, 37, 35, 79, 22, 66, 76, 32, 40, 80, 96, 6, 16, 61, 33, 7, 57, 34, 12, 67, 10, 98, 56, 88, 29, 8, 91, 38, 19, 92, 43, 2, 89, 72, 51, 25, 84, 55, 62, 81, 94, 0]|[2, 1, 2, 1, 1, 2, 1, 1, 1, 1, 1, 0, 2, 2, 1, 2, 0, 0, 0, 2, 2, 1, 0, 2, 0, 2, 2, 1, 0, 1, 1, 1, 0, 0, 2, 0, 2, 1, 2, 2, 0, 0, 1, 1, 0, 2, 0, 2, 1, 0, 0, 2, 0, 0, 2, 0, 1, 1, 0, 0, 2, 1, 0, 2, 2, 0, 2, 2, 0, 1, 2, 1, 2, 2, 0, 1, 1, 1, 1, 2, 2, 1, 1, 0, 1, 0, 1, 0, 1, 2, 1, 1, 1, 1, 0, 0, 1, 1, 2, 0]|[0, 3, 0, 2, 4, 1, 4, 4, 2, 4, 3, 2, 1, 0, 2, 1, 1, 1, 2, 1, 1, 3, 0, 1, 0, 1, 1, 4, 1, 4, 3, 2, 2, 0, 1, 1, 1, 4, 0, 1, 2, 1, 4, 4, 1, 1, 0, 2, 3, 2, 2, 1, 2, 1, 1, 2, 4, 3, 0, 2, 2, 3, 1, 0, 1, 2, 0, 1, 2, 4, 1, 3, 1, 1, 2, 4, 3, 3, 3, 1, 1, 4, 3, 2, 3, 2, 4, 2, 4, 1, 4, 4, 3, 4, 2, 2, 3, 4, 1, 2]|[0, 2, 0, 1, 3, 0, 1, 3, 0, 0, 2, 0, 1, 0, 1, 0, 0, 0, 1, 0, 0, 2, 0, 0, 1, 0, 0, 3, 0, 1, 0, 2, 0, 1, 0, 0, 1, 3, 1, 0, 0, 0, 1, 3, 0, 0, 1, 0, 2, 0, 0, 0, 0, 0, 1, 0, 1, 0, 1, 1, 0, 2, 0, 0, 0, 0, 1, 0, 0, 2, 0, 0, 0, 0, 0, 1, 0, 0, 3, 0, 0, 1, 3, 0, 0, 0, 1, 0, 2, 0, 1, 2, 0, 3, 0, 0, 0, 1, 0, 0],852.5184451675896,52077.87777408223,105904.01879381535,false
44,G2_TEC,G2_TEC,[31, 22, 82, 15, 26, 9, 95, 42, 77, 68, 47, 5, 93, 78, 86, 54, 85, 63, 18, 44, 20, 49, 36, 14, 74, 50, 53, 17, 21, 28, 11, 64, 3, 23, 30, 83, 24, 41, 40, 52, 65, 27, 90, 70, 39, 87, 48, 69, 99, 4, 75, 1, 13, 58, 97, 59, 45, 8, 73, 37, 35, 79, 71, 66, 76, 32, 60, 80, 56, 6, 67, 61, 33, 7, 57, 34, 12, 16, 10, 98, 96, 88, 43, 81, 91, 2, 84, 29, 92, 19, 51, 55, 46, 89, 25, 72, 94, 38, 62, 0]|[2, 1, 2, 1, 1, 2, 1, 1, 1, 1, 1, 0, 2, 2, 1, 2, 0, 0, 0, 2, 2, 1, 0, 2, 0, 2, 2, 1, 0, 1, 1, 1, 0, 0, 1, 0, 2, 1, 2, 2, 0, 0, 1, 1, 0, 2, 0, 2, 1, 0, 0, 2, 0, 0, 2, 0, 1, 1, 0, 0, 2, 1, 1, 2, 2, 0, 2, 2, 2, 1, 2, 1, 1, 2, 0, 1, 1, 2, 1, 2, 0, 1, 1, 1, 1, 0, 0, 1, 0, 1, 1, 0, 0, 1, 1, 1, 2, 0, 1, 2]|[0, 3, 0, 3, 4, 1, 4, 4, 2, 4, 3, 2, 1, 0, 2, 1, 1, 1, 2, 1, 1, 3, 0, 1, 0, 1, 1, 4, 1, 4, 3, 2, 2, 0, 4, 1, 1, 4, 1, 1, 2, 1, 4, 4, 1, 1, 0, 1, 3, 2, 2, 1, 2, 1, 1, 2, 4, 3, 0, 2, 2, 3, 3, 1, 1, 2, 1, 1, 1, 4, 1, 3, 4, 1, 2, 4, 3, 1, 3, 1, 2, 4, 4, 4, 3, 2, 2, 3, 2, 4, 3, 2, 2, 4, 4, 4, 1, 2, 3, 1]|[0, 2, 0, 0, 3, 0, 1, 3, 0, 0, 2, 0, 1, 0, 1, 0, 0, 0, 1, 0, 0, 2, 0, 0, 1, 0, 0, 3, 0, 1, 0, 2, 0, 0, 3, 0, 1, 1, 0, 0, 0, 0, 1, 3, 0, 0, 1, 0, 2, 0, 0, 0, 0, 0, 1, 0, 1, 0, 1, 1, 0, 2, 0, 0, 0, 0, 0, 0, 0, 2, 0, 0, 1, 0, 0, 1, 0, 0, 3, 0, 0, 1, 2, 2, 0, 0, 0, 3, 0, 1, 0, 0, 0, 1, 3, 1, 0, 0, 0, 0],900.0760482104305,49104.85573898611,106612.48357517918,false
44,G3_TWC,G3_TWC,[42, 31, 22, 82, 15, 26, 58, 95, 77, 12, 47, 5, 93, 78, 98, 54, 85, 63, 18, 44, 20, 35, 43, 97, 91, 76, 10, 30, 21, 45, 71, 64, 1, 23, 17, 83, 24, 14, 60, 36, 6, 57, 94, 88, 65, 56, 79, 40, 67, 68, 46, 75, 38, 9, 19, 32, 81, 41, 27, 62, 87, 90, 99, 59, 11, 16, 72, 73, 70, 39, 37, 84, 3, 92, 25, 55, 28, 29, 51, 7, 33, 61, 86, 66, 89, 50, 48, 96, 53, 80, 4, 8, 34, 49, 52, 0, 13, 2, 69, 74]|[1, 1, 1, 0, 1, 1, 1, 2, 2, 1, 2, 2, 2, 1, 1, 0, 0, 1, 0, 2, 2, 0, 1, 2, 0, 1, 2, 2, 0, 0, 1, 2, 1, 2, 1, 0, 2, 0, 1, 1, 0, 1, 1, 1, 0, 2, 1, 1, 0, 0, 0, 0, 1, 1, 2, 1, 2, 0, 0, 0, 2, 1, 0, 1, 2, 1, 2, 1, 1, 1, 1, 1, 2, 0, 1, 1, 0, 0, 0, 1, 2, 1, 0, 2, 1, 0, 0, 0, 0, 0, 0, 1, 2, 0, 1, 0, 0, 0, 1, 2]|[2, 4, 3, 2, 2, 0, 0, 2, 2, 4, 1, 1, 2, 4, 4, 1, 1, 4, 2, 1, 1, 1, 1, 2, 1, 2, 1, 1, 1, 1, 3, 2, 3, 0, 4, 0, 1, 1, 0, 3, 2, 2, 4, 0, 1, 1, 0, 2, 0, 1, 2, 2, 1, 4, 0, 3, 2, 1, 1, 2, 1, 3, 1, 1, 1, 3, 0, 4, 3, 1, 4, 1, 1, 2, 4, 4, 2, 1, 1, 3, 1, 3, 1, 1, 1, 1, 1, 1, 2, 1, 2, 3, 1, 1, 1, 2, 2, 2, 3, 1]|[1, 0, 2, 1, 1, 3, 3, 0, 0, 0, 0, 0, 1, 0, 1, 0, 0, 3, 1, 0, 0, 0, 3, 1, 0, 2, 0, 0, 0, 1, 0, 0, 0, 0, 3, 0, 1, 0, 0, 2, 1, 1, 2, 0, 0, 0, 0, 1, 1, 0, 0, 0, 1, 3, 0, 0, 1, 0, 0, 1, 0, 2, 0, 1, 0, 2, 1, 0, 0, 1, 1, 3, 0, 1, 3, 3, 1, 0, 0, 2, 0, 0, 0, 0, 1, 0, 0, 0, 1, 0, 1, 2, 0, 1, 1, 0, 0, 0, 0, 0],790.0808266764368,58301.839560278044,88734.19036740763,false
44,G1_CMAX,G1_CMAX,[31, 22, 82, 15, 26, 99, 95, 42, 77, 12, 47, 5, 93, 78, 86, 54, 21, 63, 18, 44, 20, 35, 43, 97, 91, 76, 10, 30, 85, 45, 71, 64, 1, 23, 17, 83, 24, 14, 60, 36, 6, 57, 40, 88, 65, 56, 79, 94, 67, 68, 46, 75, 38, 9, 19, 32, 41, 81, 27, 87, 90, 58, 59, 11, 16, 72, 73, 70, 39, 37, 84, 62, 3, 25, 55, 48, 92, 50, 51, 7, 33, 61, 98, 28, 89, 29, 4, 96, 53, 80, 8, 66, 34, 49, 52, 0, 74, 69, 2, 13]|[1, 1, 0, 1, 1, 0, 1, 1, 2, 1, 2, 2, 2, 1, 1, 0, 0, 1, 0, 2, 2, 0, 1, 2, 0, 1, 2, 2, 0, 0, 1, 2, 1, 2, 1, 0, 2, 0, 1, 1, 0, 1, 1, 1, 0, 2, 1, 1, 0, 0, 0, 0, 1, 1, 2, 1, 0, 2, 0, 2, 1, 0, 1, 2, 1, 2, 1, 1, 1, 1, 1, 0, 1, 1, 2, 0, 0, 0, 0, 1, 2, 1, 2, 0, 1, 0, 1, 2, 0, 0, 1, 2, 2, 0, 1, 0, 2, 1, 0, 0]|[0, 3, 2, 2, 4, 1, 2, 3, 2, 4, 1, 1, 2, 4, 4, 1, 1, 4, 2, 1, 1, 1, 1, 2, 1, 2, 1, 1, 2, 1, 3, 2, 3, 1, 4, 0, 1, 1, 0, 3, 2, 2, 2, 0, 1, 1, 0, 4, 0, 1, 2, 2, 1, 4, 0, 3, 1, 1, 1, 1, 3, 1, 1, 1, 3, 0, 4, 3, 1, 4, 1, 2, 1, 4, 1, 1, 0, 1, 1, 1, 1, 3, 1, 2, 1, 1, 4, 1, 2, 1, 3, 1, 1, 1, 1, 2, 1, 4, 2, 2]|[0, 2, 1, 1, 3, 0, 1, 3, 0, 0, 0, 0, 1, 0, 1, 0, 0, 3, 1, 0, 0, 0, 3, 1, 0, 2, 0, 0, 0, 1, 0, 0, 0, 0, 3, 0, 1, 0, 0, 2, 1, 1, 1, 0, 0, 0, 0, 2, 1, 0, 0, 0, 1, 3, 0, 0, 0, 0, 0, 0, 2, 0, 1, 0, 2, 1, 0, 0, 1, 1, 3, 1, 1, 3, 0, 0, 1, 0, 0, 2, 0, 0, 0, 1, 1, 0, 0, 0, 1, 0, 2, 0, 0, 1, 1, 0, 0, 2, 0, 0],730.2990040054702,56853.26859628623,93431.51655744747,false
44,G4_BALANCED,G2_TEC,[31, 22, 82, 15, 26, 9, 95, 42, 77, 68, 47, 5, 93, 78, 86, 54, 85, 63, 18, 44, 20, 49, 36, 14, 74, 50, 53, 17, 21, 28, 11, 64, 3, 23, 30, 83, 24, 41, 40, 52, 65, 27, 90, 70, 39, 87, 48, 69, 99, 4, 46, 1, 13, 58, 0, 59, 45, 8, 73, 37, 35, 79, 71, 66, 76, 32, 60, 80, 56, 6, 67, 61, 33, 7, 57, 34, 12, 16, 10, 94, 96, 88, 43, 81, 91, 38, 84, 29, 92, 19, 51, 89, 75, 55, 25, 72, 98, 2, 62, 97]|[2, 1, 2, 1, 1, 2, 1, 1, 1, 1, 1, 0, 2, 2, 1, 2, 0, 0, 0, 2, 2, 1, 0, 2, 0, 2, 2, 1, 0, 1, 1, 1, 0, 0, 1, 0, 2, 1, 2, 2, 0, 0, 1, 1, 0, 2, 0, 2, 1, 0, 0, 2, 0, 0, 2, 0, 1, 1, 0, 0, 2, 1, 1, 2, 2, 0, 2, 2, 2, 1, 2, 1, 1, 2, 0, 1, 1, 2, 1, 2, 0, 1, 1, 1, 1, 0, 0, 1, 0, 1, 1, 1, 0, 0, 1, 1, 2, 0, 1, 1]|[0, 3, 0, 3, 4, 1, 4, 4, 2, 4, 3, 2, 1, 0, 2, 1, 1, 1, 2, 1, 1, 3, 0, 1, 0, 1, 1, 4, 1, 4, 3, 2, 2, 0, 4, 1, 1, 4, 1, 1, 2, 1, 4, 4, 1, 1, 0, 2, 3, 2, 2, 1, 2, 1, 1, 2, 4, 3, 0, 2, 1, 3, 3, 1, 1, 2, 1, 1, 1, 4, 1, 3, 4, 1, 2, 4, 3, 1, 3, 1, 2, 4, 4, 4, 3, 2, 2, 3, 2, 4, 3, 4, 2, 2, 4, 4, 1, 2, 3, 4]|[0, 2, 0, 0, 3, 0, 1, 3, 0, 0, 2, 0, 1, 0, 1, 0, 0, 0, 1, 0, 0, 2, 0, 0, 1, 0, 0, 3, 0, 1, 0, 2, 0, 0, 3, 0, 1, 1, 0, 0, 0, 0, 1, 3, 0, 0, 1, 0, 2, 0, 0, 0, 0, 0, 0, 0, 1, 0, 1, 1, 0, 2, 0, 0, 0, 0, 0, 0, 0, 2, 0, 0, 1, 0, 0, 1, 0, 0, 3, 0, 0, 1, 2, 2, 0, 0, 0, 3, 0, 1, 0, 1, 0, 0, 3, 1, 0, 0, 0, 1],893.7115585329742,49077.321518545636,108396.53313862483,true
44,G2_TEC,G2_TEC,[31, 22, 82, 15, 26, 9, 95, 42, 77, 68, 47, 5, 93, 78, 86, 54, 85, 63, 18, 44, 20, 49, 36, 14, 74, 50, 53, 17, 21, 28, 11, 64, 3, 23, 30, 83, 24, 41, 40, 52, 65, 27, 90, 70, 39, 87, 48, 69, 99, 4, 75, 1, 13, 58, 97, 59, 45, 8, 73, 37, 35, 79, 71, 66, 76, 32, 60, 80, 56, 6, 67, 61, 33, 7, 57, 34, 12, 16, 10, 98, 96, 88, 43, 81, 91, 2, 84, 29, 92, 19, 51, 55, 46, 89, 25, 72, 94, 38, 62, 0]|[2, 1, 2, 1, 1, 2, 1, 1, 1, 1, 1, 0, 2, 2, 1, 2, 0, 0, 0, 2, 2, 1, 0, 2, 0, 2, 2, 1, 0, 1, 1, 1, 0, 0, 1, 0, 2, 1, 2, 2, 0, 0, 1, 1, 0, 2, 0, 2, 1, 0, 0, 2, 0, 0, 2, 0, 1, 1, 0, 0, 2, 1, 1, 2, 2, 0, 2, 2, 2, 1, 2, 1, 1, 2, 0, 1, 1, 2, 1, 2, 0, 1, 1, 1, 1, 0, 0, 1, 0, 1, 1, 0, 0, 1, 1, 1, 2, 0, 1, 2]|[0, 3, 0, 3, 4, 1, 4, 4, 2, 4, 3, 2, 1, 0, 2, 1, 1, 1, 2, 1, 1, 3, 0, 1, 0, 1, 1, 4, 1, 4, 3, 2, 2, 0, 4, 1, 1, 4, 1, 1, 2, 1, 4, 4, 1, 1, 0, 1, 3, 2, 2, 1, 2, 1, 1, 2, 4, 3, 0, 2, 2, 3, 3, 1, 1, 2, 1, 1, 1, 4, 1, 3, 4, 1, 2, 4, 3, 1, 3, 1, 2, 4, 4, 4, 3, 2, 2, 3, 2, 4, 3, 2, 2, 4, 4, 4, 1, 2, 3, 1]|[0, 2, 0, 0, 3, 0, 1, 3, 0, 0, 2, 0, 1, 0, 1, 0, 0, 0, 1, 0, 0, 2, 0, 0, 1, 0, 0, 3, 0, 1, 0, 2, 0, 0, 3, 0, 1, 1, 0, 0, 0, 0, 1, 3, 0, 0, 1, 0, 2, 0, 0, 0, 0, 0, 1, 0, 1, 0, 1, 1, 0, 2, 0, 0, 0, 0, 0, 0, 0, 2, 0, 0, 1, 0, 0, 1, 0, 0, 3, 0, 0, 1, 2, 2, 0, 0, 0, 3, 0, 1, 0, 0, 0, 1, 3, 1, 0, 0, 0, 0],900.0760482104305,49104.85573898611,106612.48357517918,false
44,G3_TWC,G3_TWC,[42, 31, 22, 82, 15, 26, 58, 95, 77, 12, 47, 5, 93, 78, 98, 54, 85, 63, 18, 44, 20, 35, 43, 97, 91, 76, 10, 30, 21, 45, 71, 64, 1, 23, 17, 83, 24, 14, 60, 36, 6, 57, 94, 88, 65, 56, 79, 40, 67, 68, 46, 75, 38, 9, 19, 32, 81, 41, 27, 62, 87, 90, 99, 59, 11, 16, 72, 73, 70, 39, 37, 84, 3, 92, 25, 55, 28, 29, 51, 7, 33, 61, 86, 66, 89, 50, 48, 96, 53, 80, 4, 8, 34, 49, 52, 0, 13, 2, 69, 74]|[1, 1, 1, 0, 1, 1, 1, 2, 2, 1, 2, 2, 2, 1, 1, 0, 0, 1, 0, 2, 2, 0, 1, 2, 0, 1, 2, 2, 0, 0, 1, 2, 1, 2, 1, 0, 2, 0, 1, 1, 0, 1, 1, 1, 0, 2, 1, 1, 0, 0, 0, 0, 1, 1, 2, 1, 2, 0, 0, 0, 2, 1, 0, 1, 2, 1, 2, 1, 1, 1, 1, 1, 2, 0, 1, 1, 0, 0, 0, 1, 2, 1, 0, 2, 1, 0, 0, 0, 0, 0, 0, 1, 2, 0, 1, 0, 0, 0, 1, 2]|[2, 4, 3, 2, 2, 0, 0, 2, 2, 4, 1, 1, 2, 4, 4, 1, 1, 4, 2, 1, 1, 1, 1, 2, 1, 2, 1, 1, 1, 1, 3, 2, 3, 0, 4, 0, 1, 1, 0, 3, 2, 2, 4, 0, 1, 1, 0, 2, 0, 1, 2, 2, 1, 4, 0, 3, 2, 1, 1, 2, 1, 3, 1, 1, 1, 3, 0, 4, 3, 1, 4, 1, 1, 2, 4, 4, 2, 1, 1, 3, 1, 3, 1, 1, 1, 1, 1, 1, 2, 1, 2, 3, 1, 1, 1, 2, 2, 2, 3, 1]|[1, 0, 2, 1, 1, 3, 3, 0, 0, 0, 0, 0, 1, 0, 1, 0, 0, 3, 1, 0, 0, 0, 3, 1, 0, 2, 0, 0, 0, 1, 0, 0, 0, 0, 3, 0, 1, 0, 0, 2, 1, 1, 2, 0, 0, 0, 0, 1, 1, 0, 0, 0, 1, 3, 0, 0, 1, 0, 0, 1, 0, 2, 0, 1, 0, 2, 1, 0, 0, 1, 1, 3, 0, 1, 3, 3, 1, 0, 0, 2, 0, 0, 0, 0, 1, 0, 0, 0, 1, 0, 1, 2, 0, 1, 1, 0, 0, 0, 0, 0],790.0808266764368,58301.839560278044,88734.19036740763,false
44,G1_CMAX,G3_TWC,[31, 22, 82, 15, 26, 58, 95, 42, 77, 12, 47, 5, 93, 78, 98, 54, 85, 63, 18, 44, 20, 35, 43, 97, 91, 76, 10, 30, 21, 45, 71, 64, 1, 23, 17, 83, 24, 14, 60, 36, 6, 57, 94, 88, 65, 56, 79, 40, 67, 68, 46, 75, 38, 9, 19, 32, 81, 96, 27, 62, 87, 90, 99, 59, 11, 16, 72, 73, 70, 39, 37, 84, 3, 92, 25, 55, 28, 29, 51, 7, 33, 61, 86, 48, 89, 50, 66, 41, 53, 80, 4, 8, 34, 49, 52, 0, 13, 2, 69, 74]|[1, 1, 0, 1, 1, 1, 2, 1, 2, 1, 2, 2, 2, 1, 1, 0, 0, 1, 0, 2, 2, 0, 1, 2, 0, 1, 2, 2, 0, 0, 1, 2, 1, 2, 1, 0, 2, 0, 1, 1, 0, 1, 1, 1, 0, 2, 1, 1, 0, 0, 0, 0, 1, 1, 2, 1, 2, 0, 0, 0, 2, 1, 0, 1, 2, 1, 2, 1, 1, 1, 1, 1, 2, 0, 1, 1, 0, 0, 0, 1, 2, 1, 0, 0, 1, 0, 2, 0, 0, 0, 0, 1, 2, 0, 1, 0, 0, 0, 2, 0]|[4, 3, 2, 2, 0, 0, 2, 2, 2, 4, 1, 1, 2, 4, 4, 1, 1, 4, 2, 1, 1, 1, 1, 2, 1, 2, 1, 1, 1, 1, 3, 2, 3, 0, 4, 0, 1, 1, 0, 3, 2, 2, 4, 0, 1, 1, 0, 2, 0, 1, 2, 2, 1, 4, 0, 3, 2, 1, 1, 2, 1, 3, 1, 1, 1, 3, 0, 4, 3, 1, 4, 1, 1, 2, 4, 4, 2, 1, 1, 3, 1, 3, 1, 1, 1, 1, 1, 1, 2, 1, 2, 3, 1, 1, 1, 2, 2, 2, 1, 2]|[0, 2, 1, 1, 3, 3, 0, 1, 0, 0, 0, 0, 1, 0, 1, 0, 0, 3, 1, 0, 0, 0, 3, 1, 0, 2, 0, 0, 0, 1, 0, 0, 0, 0, 3, 0, 1, 0, 0, 2, 1, 1, 2, 0, 0, 0, 0, 1, 1, 0, 0, 0, 1, 3, 0, 0, 1, 0, 0, 1, 0, 2, 0, 1, 0, 2, 1, 0, 0, 1, 1, 3, 0, 1, 3, 3, 1, 0, 0, 2, 0, 0, 0, 0, 1, 0, 0, 0, 1, 0, 1, 2, 0, 1, 1, 0, 0, 0, 0, 0],840.0838872849858,57899.98591117558,88754.63834245251,true
44,G4_BALANCED,G4_BALANCED,[31, 11, 15, 82, 26, 9, 95, 32, 77, 68, 47, 5, 93, 78, 86, 54, 85, 63, 18, 44, 20, 49, 36, 14, 74, 50, 53, 17, 21, 45, 71, 64, 3, 23, 30, 83, 24, 41, 60, 52, 65, 27, 90, 70, 39, 87, 48, 69, 99, 4, 46, 1, 13, 58, 97, 59, 28, 75, 73, 37, 35, 79, 22, 66, 76, 42, 40, 80, 96, 6, 16, 61, 33, 7, 57, 34, 12, 67, 10, 98, 56, 88, 29, 94, 91, 38, 84, 92, 43, 19, 51, 55, 81, 25, 89, 72, 8, 2, 0, 62]|[2, 1, 1, 2, 1, 2, 1, 1, 1, 1, 1, 0, 2, 2, 1, 2, 0, 0, 0, 2, 2, 1, 0, 2, 0, 2, 2, 1, 0, 1, 1, 1, 0, 0, 1, 0, 2, 1, 2, 2, 0, 0, 1, 1, 0, 2, 0, 2, 1, 0, 0, 2, 0, 0, 2, 0, 1, 1, 0, 0, 2, 1, 0, 2, 2, 0, 2, 2, 0, 1, 2, 1, 1, 2, 0, 1, 1, 1, 1, 2, 2, 1, 1, 0, 2, 0, 0, 0, 1, 1, 1, 0, 1, 1, 1, 1, 2, 2, 0, 1]|[1, 3, 2, 0, 4, 1, 4, 4, 2, 4, 3, 2, 1, 0, 2, 1, 1, 1, 2, 1, 1, 3, 0, 1, 0, 1, 1, 4, 1, 4, 3, 2, 2, 0, 4, 1, 1, 4, 0, 1, 2, 1, 4, 4, 1, 1, 0, 2, 3, 2, 2, 1, 2, 1, 1, 2, 4, 3, 0, 2, 2, 3, 1, 0, 1, 2, 0, 1, 2, 4, 1, 3, 4, 1, 2, 4, 3, 3, 3, 1, 1, 4, 3, 2, 1, 2, 2, 2, 3, 4, 3, 2, 4, 4, 4, 4, 1, 1, 2, 3]|[1, 0, 1, 0, 3, 0, 1, 3, 0, 0, 2, 0, 1, 0, 1, 0, 0, 0, 1, 0, 0, 2, 0, 0, 1, 0, 0, 3, 0, 1, 0, 2, 0, 1, 3, 0, 1, 3, 1, 0, 0, 0, 1, 3, 0, 0, 1, 0, 2, 0, 0, 0, 0, 0, 1, 0, 1, 0, 1, 1, 0, 2, 0, 0, 0, 0, 0, 0, 0, 2, 0, 0, 1, 0, 0, 1, 0, 0, 3, 0, 0, 1, 0, 0, 0, 0, 0, 0, 0, 3, 0, 0, 1, 3, 1, 1, 0, 0, 0, 0],852.5133725602822,51557.5538377163,107624.36016933215,false
44,G2_TEC,G2_TEC,[31, 22, 82, 15, 26, 9, 95, 42, 77, 68, 47, 5, 93, 78, 86, 54, 85, 63, 18, 44, 20, 49, 36, 14, 74, 50, 53, 17, 21, 28, 11, 64, 3, 23, 30, 83, 24, 41, 40, 52, 65, 27, 90, 70, 39, 87, 48, 69, 99, 4, 75, 1, 13, 58, 97, 59, 45, 8, 73, 37, 35, 79, 71, 66, 76, 32, 60, 80, 56, 6, 67, 61, 33, 7, 57, 34, 12, 16, 10, 98, 96, 88, 43, 81, 91, 2, 84, 29, 92, 19, 51, 55, 46, 89, 25, 72, 94, 38, 62, 0]|[2, 1, 2, 1, 1, 2, 1, 1, 1, 1, 1, 0, 2, 2, 1, 2, 0, 0, 0, 2, 2, 1, 0, 2, 0, 2, 2, 1, 0, 1, 1, 1, 0, 0, 1, 0, 2, 1, 2, 2, 0, 0, 1, 1, 0, 2, 0, 2, 1, 0, 0, 2, 0, 0, 2, 0, 1, 1, 0, 0, 2, 1, 1, 2, 2, 0, 2, 2, 2, 1, 2, 1, 1, 2, 0, 1, 1, 2, 1, 2, 0, 1, 1, 1, 1, 0, 0, 1, 0, 1, 1, 0, 0, 1, 1, 1, 2, 0, 1, 2]|[0, 3, 0, 3, 4, 1, 4, 4, 2, 4, 3, 2, 1, 0, 2, 1, 1, 1, 2, 1, 1, 3, 0, 1, 0, 1, 1, 4, 1, 4, 3, 2, 2, 0, 4, 1, 1, 4, 1, 1, 2, 1, 4, 4, 1, 1, 0, 1, 3, 2, 2, 1, 2, 1, 1, 2, 4, 3, 0, 2, 2, 3, 3, 1, 1, 2, 1, 1, 1, 4, 1, 3, 4, 1, 2, 4, 3, 1, 3, 1, 2, 4, 4, 4, 3, 2, 2, 3, 2, 4, 3, 2, 2, 4, 4, 4, 1, 2, 3, 1]|[0, 2, 0, 0, 3, 0, 1, 3, 0, 0, 2, 0, 1, 0, 1, 0, 0, 0, 1, 0, 0, 2, 0, 0, 1, 0, 0, 3, 0, 1, 0, 2, 0, 0, 3, 0, 1, 1, 0, 0, 0, 0, 1, 3, 0, 0, 1, 0, 2, 0, 0, 0, 0, 0, 1, 0, 1, 0, 1, 1, 0, 2, 0, 0, 0, 0, 0, 0, 0, 2, 0, 0, 1, 0, 0, 1, 0, 0, 3, 0, 0, 1, 2, 2, 0, 0, 0, 3, 0, 1, 0, 0, 0, 1, 3, 1, 0, 0, 0, 0],900.0760482104305,49104.85573898611,106612.48357517918,false
44,G3_TWC,G3_TWC,[42, 31, 22, 82, 15, 26, 58, 95, 77, 12, 47, 5, 93, 78, 98, 54, 85, 63, 18, 44, 20, 35, 43, 97, 91, 76, 10, 30, 21, 45, 71, 64, 1, 23, 17, 83, 24, 14, 60, 36, 6, 57, 94, 88, 65, 56, 79, 40, 67, 68, 46, 75, 38, 9, 19, 32, 81, 41, 27, 62, 87, 90, 99, 59, 11, 16, 72, 73, 70, 39, 37, 84, 3, 92, 25, 55, 28, 29, 51, 7, 33, 61, 86, 66, 89, 50, 48, 96, 53, 80, 4, 8, 34, 49, 52, 0, 13, 2, 69, 74]|[1, 1, 1, 0, 1, 1, 1, 2, 2, 1, 2, 2, 2, 1, 1, 0, 0, 1, 0, 2, 2, 0, 1, 2, 0, 1, 2, 2, 0, 0, 1, 2, 1, 2, 1, 0, 2, 0, 1, 1, 0, 1, 1, 1, 0, 2, 1, 1, 0, 0, 0, 0, 1, 1, 2, 1, 2, 0, 0, 0, 2, 1, 0, 1, 2, 1, 2, 1, 1, 1, 1, 1, 2, 0, 1, 1, 0, 0, 0, 1, 2, 1, 0, 2, 1, 0, 0, 0, 0, 0, 0, 1, 2, 0, 1, 0, 0, 0, 1, 2]|[2, 4, 3, 2, 2, 0, 0, 2, 2, 4, 1, 1, 2, 4, 4, 1, 1, 4, 2, 1, 1, 1, 1, 2, 1, 2, 1, 1, 1, 1, 3, 2, 3, 0, 4, 0, 1, 1, 0, 3, 2, 2, 4, 0, 1, 1, 0, 2, 0, 1, 2, 2, 1, 4, 0, 3, 2, 1, 1, 2, 1, 3, 1, 1, 1, 3, 0, 4, 3, 1, 4, 1, 1, 2, 4, 4, 2, 1, 1, 3, 1, 3, 1, 1, 1, 1, 1, 1, 2, 1, 2, 3, 1, 1, 1, 2, 2, 2, 3, 1]|[1, 0, 2, 1, 1, 3, 3, 0, 0, 0, 0, 0, 1, 0, 1, 0, 0, 3, 1, 0, 0, 0, 3, 1, 0, 2, 0, 0, 0, 1, 0, 0, 0, 0, 3, 0, 1, 0, 0, 2, 1, 1, 2, 0, 0, 0, 0, 1, 1, 0, 0, 0, 1, 3, 0, 0, 1, 0, 0, 1, 0, 2, 0, 1, 0, 2, 1, 0, 0, 1, 1, 3, 0, 1, 3, 3, 1, 0, 0, 2, 0, 0, 0, 0, 1, 0, 0, 0, 1, 0, 1, 2, 0, 1, 1, 0, 0, 0, 0, 0],790.0808266764368,58301.839560278044,88734.19036740763,false
44,G1_CMAX,G1_CMAX,[31, 22, 82, 15, 26, 99, 95, 42, 77, 12, 47, 5, 93, 78, 86, 54, 21, 63, 18, 44, 20, 35, 43, 97, 91, 76, 10, 30, 85, 45, 71, 64, 1, 23, 17, 83, 24, 14, 60, 36, 6, 57, 40, 88, 65, 56, 79, 94, 68, 46, 75, 38, 9, 19, 32, 41, 81, 87, 90, 58, 59, 11, 16, 72, 73, 70, 39, 37, 84, 3, 92, 25, 55, 48, 96, 29, 67, 51, 27, 62, 33, 61, 98, 66, 89, 50, 4, 7, 53, 80, 8, 28, 34, 49, 52, 0, 74, 69, 2, 13]|[1, 1, 0, 1, 1, 0, 1, 1, 2, 1, 2, 2, 2, 1, 1, 0, 0, 1, 0, 2, 2, 0, 1, 2, 0, 1, 2, 2, 0, 0, 1, 2, 1, 2, 1, 0, 2, 0, 1, 1, 0, 1, 1, 1, 0, 2, 1, 1, 0, 0, 0, 1, 1, 2, 1, 0, 2, 2, 1, 0, 1, 2, 1, 2, 1, 1, 1, 1, 1, 1, 0, 1, 2, 0, 2, 0, 0, 0, 0, 0, 2, 1, 2, 2, 1, 0, 1, 2, 0, 0, 1, 0, 2, 0, 1, 0, 2, 1, 0, 0]|[0, 3, 2, 2, 4, 1, 2, 3, 2, 4, 1, 1, 2, 4, 4, 1, 1, 4, 2, 1, 1, 1, 1, 2, 1, 2, 1, 1, 2, 1, 3, 2, 3, 0, 4, 0, 1, 1, 0, 3, 2, 2, 2, 0, 1, 1, 0, 4, 1, 2, 2, 1, 4, 0, 3, 1, 1, 1, 3, 1, 1, 1, 3, 0, 4, 3, 1, 4, 1, 1, 0, 4, 1, 1, 1, 1, 0, 1, 1, 2, 1, 3, 1, 1, 1, 1, 4, 1, 2, 1, 3, 2, 1, 1, 1, 2, 1, 4, 2, 2]|[0, 2, 1, 1, 3, 0, 1, 3, 0, 0, 0, 0, 1, 0, 1, 0, 0, 3, 1, 0, 0, 0, 3, 1, 0, 2, 0, 0, 0, 1, 0, 0, 0, 0, 3, 0, 1, 0, 0, 2, 1, 1, 1, 0, 0, 0, 0, 2, 0, 0, 0, 1, 3, 0, 0, 0, 0, 0, 2, 0, 1, 0, 2, 1, 0, 0, 1, 1, 3, 1, 1, 3, 0, 0, 0, 0, 1, 0, 0, 1, 0, 0, 0, 0, 1, 0, 0, 0, 1, 0, 2, 1, 0, 1, 1, 0, 0, 2, 0, 0],731.2061180259356,57188.721362314755,92981.26984739251,false
44,G4_BALANCED,G3_TWC,[31, 22, 82, 15, 26, 58, 95, 42, 77, 12, 47, 5, 93, 78, 98, 54, 85, 63, 18, 44, 20, 35, 43, 97, 91, 76, 10, 30, 21, 45, 71, 64, 1, 23, 17, 83, 24, 14, 60, 36, 6, 57, 94, 88, 65, 56, 79, 40, 67, 68, 46, 75, 39, 9, 19, 32, 81, 96, 27, 62, 87, 90, 99, 59, 11, 16, 72, 73, 69, 38, 37, 84, 3, 41, 25, 55, 28, 29, 51, 7, 33, 61, 86, 48, 89, 50, 66, 92, 53, 80, 4, 8, 34, 49, 52, 0, 13, 2, 70, 74]|[1, 1, 0, 1, 1, 1, 2, 1, 2, 1, 2, 2, 2, 1, 1, 0, 0, 1, 0, 2, 2, 0, 1, 2, 0, 1, 2, 2, 0, 0, 1, 2, 1, 2, 1, 0, 2, 0, 1, 1, 0, 1, 1, 1, 0, 2, 1, 1, 0, 0, 0, 0, 1, 1, 2, 1, 2, 0, 0, 0, 2, 1, 0, 1, 2, 1, 2, 1, 1, 1, 1, 1, 2, 0, 1, 1, 0, 0, 0, 1, 2, 1, 0, 0, 1, 0, 2, 0, 0, 0, 0, 1, 2, 0, 1, 0, 0, 0, 1, 2]|[4, 3, 2, 2, 0, 0, 2, 2, 2, 4, 1, 1, 2, 4, 4, 1, 1, 4, 2, 1, 1, 1, 1, 2, 1, 2, 1, 1, 1, 1, 3, 2, 3, 0, 4, 0, 1, 1, 0, 3, 2, 2, 4, 0, 1, 1, 0, 2, 0, 1, 2, 2, 1, 4, 0, 3, 2, 1, 1, 2, 1, 3, 1, 1, 1, 3, 1, 4, 3, 1, 4, 1, 1, 1, 4, 4, 2, 1, 1, 3, 1, 3, 1, 1, 1, 1, 1, 2, 2, 1, 2, 3, 1, 1, 1, 2, 2, 2, 3, 1]|[0, 2, 1, 1, 3, 3, 0, 1, 0, 0, 0, 0, 1, 0, 1, 0, 0, 3, 1, 0, 0, 0, 3, 1, 0, 2, 0, 0, 0, 1, 0, 0, 0, 0, 3, 0, 1, 0, 0, 2, 1, 1, 2, 0, 0, 0, 0, 1, 1, 0, 0, 0, 1, 3, 0, 0, 1, 0, 0, 1, 0, 2, 0, 1, 0, 2, 0, 0, 0, 1, 1, 3, 0, 0, 3, 3, 1, 0, 0, 2, 0, 0, 0, 0, 1, 0, 0, 1, 1, 0, 1, 2, 0, 1, 1, 0, 0, 0, 0, 0],793.4898863085169,57349.053757542744,89996.03159882923,true
44,G2_TEC,G2_TEC,[31, 22, 82, 15, 26, 9, 95, 42, 77, 68, 47, 5, 93, 78, 86, 54, 85, 63, 18, 44, 20, 49, 36, 14, 74, 50, 53, 17, 21, 28, 11, 64, 3, 23, 30, 83, 24, 41, 40, 52, 65, 27, 90, 70, 39, 87, 48, 69, 99, 4, 75, 1, 13, 58, 97, 59, 45, 8, 73, 37, 35, 79, 71, 66, 76, 32, 60, 80, 56, 6, 67, 61, 33, 7, 57, 34, 12, 16, 10, 98, 96, 88, 43, 81, 91, 2, 84, 29, 92, 19, 51, 55, 46, 89, 25, 72, 94, 38, 62, 0]|[2, 1, 2, 1, 1, 2, 1, 1, 1, 1, 1, 0, 2, 2, 1, 2, 0, 0, 0, 2, 2, 1, 0, 2, 0, 2, 2, 1, 0, 1, 1, 1, 0, 0, 1, 0, 2, 1, 2, 2, 0, 0, 1, 1, 0, 2, 0, 2, 1, 0, 0, 2, 0, 0, 2, 0, 1, 1, 0, 0, 2, 1, 1, 2, 2, 0, 2, 2, 2, 1, 2, 1, 1, 2, 0, 1, 1, 2, 1, 2, 0, 1, 1, 1, 1, 0, 0, 1, 0, 1, 1, 0, 0, 1, 1, 1, 2, 0, 1, 2]|[0, 3, 0, 3, 4, 1, 4, 4, 2, 4, 3, 2, 1, 0, 2, 1, 1, 1, 2, 1, 1, 3, 0, 1, 0, 1, 1, 4, 1, 4, 3, 2, 2, 0, 4, 1, 1, 4, 1, 1, 2, 1, 4, 4, 1, 1, 0, 1, 3, 2, 2, 1, 2, 1, 1, 2, 4, 3, 0, 2, 2, 3, 3, 1, 1, 2, 1, 1, 1, 4, 1, 3, 4, 1, 2, 4, 3, 1, 3, 1, 2, 4, 4, 4, 3, 2, 2, 3, 2, 4, 3, 2, 2, 4, 4, 4, 1, 2, 3, 1]|[0, 2, 0, 0, 3, 0, 1, 3, 0, 0, 2, 0, 1, 0, 1, 0, 0, 0, 1, 0, 0, 2, 0, 0, 1, 0, 0, 3, 0, 1, 0, 2, 0, 0, 3, 0, 1, 1, 0, 0, 0, 0, 1, 3, 0, 0, 1, 0, 2, 0, 0, 0, 0, 0, 1, 0, 1, 0, 1, 1, 0, 2, 0, 0, 0, 0, 0, 0, 0, 2, 0, 0, 1, 0, 0, 1, 0, 0, 3, 0, 0, 1, 2, 2, 0, 0, 0, 3, 0, 1, 0, 0, 0, 1, 3, 1, 0, 0, 0, 0],900.0760482104305,49104.85573898611,106612.48357517918,false
44,G3_TWC,G3_TWC,[42, 31, 22, 82, 15, 26, 58, 95, 77, 12, 47, 5, 93, 78, 98, 54, 85, 63, 18, 44, 20, 35, 43, 97, 91, 76, 10, 30, 21, 45, 71, 64, 1, 23, 17, 83, 24, 14, 60, 36, 6, 57, 94, 88, 65, 56, 79, 40, 67, 68, 46, 75, 38, 9, 19, 32, 81, 41, 27, 62, 87, 90, 99, 59, 11, 16, 72, 73, 70, 39, 37, 84, 3, 92, 25, 55, 28, 29, 51, 7, 33, 61, 86, 66, 89, 50, 48, 96, 53, 80, 4, 8, 34, 49, 52, 0, 13, 2, 69, 74]|[1, 1, 1, 0, 1, 1, 1, 2, 2, 1, 2, 2, 2, 1, 1, 0, 0, 1, 0, 2, 2, 0, 1, 2, 0, 1, 2, 2, 0, 0, 1, 2, 1, 2, 1, 0, 2, 0, 1, 1, 0, 1, 1, 1, 0, 2, 1, 1, 0, 0, 0, 0, 1, 1, 2, 1, 2, 0, 0, 0, 2, 1, 0, 1, 2, 1, 2, 1, 1, 1, 1, 1, 2, 0, 1, 1, 0, 0, 0, 1, 2, 1, 0, 2, 1, 0, 0, 0, 0, 0, 0, 1, 2, 0, 1, 0, 0, 0, 1, 2]|[2, 4, 3, 2, 2, 0, 0, 2, 2, 4, 1, 1, 2, 4, 4, 1, 1, 4, 2, 1, 1, 1, 1, 2, 1, 2, 1, 1, 1, 1, 3, 2, 3, 0, 4, 0, 1, 1, 0, 3, 2, 2, 4, 0, 1, 1, 0, 2, 0, 1, 2, 2, 1, 4, 0, 3, 2, 1, 1, 2, 1, 3, 1, 1, 1, 3, 0, 4, 3, 1, 4, 1, 1, 2, 4, 4, 2, 1, 1, 3, 1, 3, 1, 1, 1, 1, 1, 1, 2, 1, 2, 3, 1, 1, 1, 2, 2, 2, 3, 1]|[1, 0, 2, 1, 1, 3, 3, 0, 0, 0, 0, 0, 1, 0, 1, 0, 0, 3, 1, 0, 0, 0, 3, 1, 0, 2, 0, 0, 0, 1, 0, 0, 0, 0, 3, 0, 1, 0, 0, 2, 1, 1, 2, 0, 0, 0, 0, 1, 1, 0, 0, 0, 1, 3, 0, 0, 1, 0, 0, 1, 0, 2, 0, 1, 0, 2, 1, 0, 0, 1, 1, 3, 0, 1, 3, 3, 1, 0, 0, 2, 0, 0, 0, 0, 1, 0, 0, 0, 1, 0, 1, 2, 0, 1, 1, 0, 0, 0, 0, 0],790.0808266764368,58301.839560278044,88734.19036740763,false
44,G1_CMAX,G1_CMAX,[31, 22, 82, 15, 26, 99, 95, 77, 42, 12, 5, 93, 78, 86, 54, 21, 63, 18, 10, 20, 35, 43, 97, 91, 76, 47, 30, 85, 45, 71, 1, 66, 64, 17, 83, 24, 14, 60, 36, 6, 57, 40, 88, 65, 79, 94, 67, 68, 46, 75, 38, 9, 19, 32, 28, 81, 27, 74, 39, 58, 59, 11, 16, 72, 62, 73, 70, 37, 84, 3, 51, 29, 90, 48, 55, 25, 92, 7, 44, 33, 61, 98, 56, 23, 89, 50, 41, 96, 53, 80, 4, 8, 34, 49, 52, 0, 13, 2, 69, 87]|[1, 1, 0, 1, 1, 0, 1, 2, 2, 1, 2, 2, 1, 1, 0, 0, 1, 0, 2, 2, 0, 1, 2, 0, 1, 2, 2, 0, 0, 1, 1, 2, 2, 1, 0, 2, 0, 1, 1, 0, 1, 1, 1, 0, 1, 1, 0, 0, 0, 0, 1, 1, 2, 1, 0, 2, 0, 2, 1, 0, 1, 2, 1, 2, 1, 1, 1, 1, 1, 1, 0, 0, 1, 0, 2, 1, 0, 2, 2, 2, 1, 2, 2, 2, 1, 0, 0, 2, 0, 0, 1, 1, 2, 0, 1, 0, 0, 0, 1, 2]|[0, 3, 2, 4, 0, 1, 2, 1, 1, 4, 1, 2, 4, 4, 1, 1, 4, 2, 1, 1, 1, 1, 2, 1, 2, 1, 1, 2, 1, 3, 3, 1, 2, 4, 0, 1, 1, 0, 3, 2, 2, 2, 0, 1, 0, 4, 0, 1, 2, 2, 1, 4, 0, 3, 2, 1, 1, 1, 1, 1, 1, 1, 3, 0, 4, 4, 1, 4, 1, 1, 1, 1, 3, 1, 1, 4, 0, 1, 1, 1, 3, 1, 1, 1, 1, 1, 1, 1, 2, 1, 4, 3, 1, 1, 1, 2, 2, 2, 4, 1]|[3, 2, 1, 1, 3, 0, 1, 0, 0, 0, 0, 1, 0, 1, 0, 0, 3, 1, 0, 0, 0, 3, 1, 0, 2, 0, 0, 0, 1, 0, 0, 0, 0, 3, 0, 1, 0, 0, 2, 1, 1, 1, 0, 0, 0, 2, 1, 0, 0, 0, 1, 3, 0, 0, 1, 0, 0, 0, 1, 0, 1, 0, 2, 1, 0, 0, 1, 1, 3, 1, 0, 0, 2, 0, 0, 3, 1, 0, 0, 0, 0, 0, 0, 0, 1, 0, 0, 0, 1, 0, 0, 2, 0, 1, 1, 0, 0, 0, 2, 0],731.8082727016543,56338.86946404046,92912.0862316895,false
44,G4_BALANCED,G4_BALANCED,[31, 22, 82, 15, 26, 9, 95, 42, 77, 68, 47, 5, 93, 78, 86, 54, 85, 63, 18, 44, 20, 49, 36, 14, 74, 50, 53, 17, 21, 28, 71, 64, 3, 23, 30, 83, 24, 41, 60, 52, 65, 27, 90, 70, 39, 87, 48, 69, 99, 4, 46, 1, 13, 58, 97, 59, 45, 75, 73, 37, 35, 79, 11, 66, 76, 32, 40, 80, 96, 6, 16, 61, 33, 7, 57, 34, 12, 67, 10, 98, 56, 88, 29, 8, 91, 38, 19, 92, 43, 84, 51, 72, 81, 0, 2, 55, 94, 89, 62, 25]|[2, 1, 1, 2, 1, 2, 1, 1, 1, 1, 1, 0, 2, 2, 1, 2, 0, 0, 0, 2, 2, 1, 0, 2, 0, 2, 2, 1, 0, 1, 1, 1, 0, 0, 1, 0, 2, 1, 2, 2, 0, 0, 1, 1, 0, 2, 0, 2, 1, 0, 0, 2, 0, 0, 2, 0, 1, 0, 0, 0, 2, 1, 0, 2, 2, 0, 2, 2, 0, 1, 2, 1, 1, 2, 0, 1, 1, 1, 1, 2, 2, 1, 1, 1, 1, 0, 1, 0, 1, 0, 1, 1, 1, 0, 2, 0, 2, 1, 1, 1]|[1, 3, 2, 0, 4, 1, 4, 4, 2, 4, 3, 2, 1, 0, 2, 1, 1, 1, 2, 1, 1, 3, 0, 1, 0, 1, 1, 4, 1, 4, 3, 2, 2, 0, 4, 1, 1, 4, 0, 1, 2, 1, 4, 4, 1, 1, 0, 2, 3, 1, 2, 1, 2, 1, 1, 2, 4, 2, 0, 2, 2, 3, 1, 0, 1, 2, 0, 1, 2, 4, 1, 3, 4, 1, 2, 4, 3, 3, 3, 1, 1, 4, 3, 3, 3, 2, 4, 2, 4, 2, 3, 4, 1, 2, 1, 2, 1, 4, 3, 4]|[1, 2, 1, 0, 3, 0, 1, 3, 0, 0, 2, 0, 1, 0, 1, 0, 0, 0, 1, 0, 0, 2, 0, 0, 1, 0, 0, 3, 0, 1, 0, 2, 0, 1, 3, 0, 1, 3, 1, 0, 0, 0, 1, 3, 0, 0, 1, 0, 2, 0, 0, 0, 0, 0, 1, 0, 1, 0, 1, 1, 0, 2, 0, 0, 0, 0, 0, 0, 0, 2, 0, 0, 1, 0, 0, 1, 0, 0, 3, 0, 0, 1, 0, 0, 0, 0, 3, 0, 2, 0, 0, 2, 1, 0, 0, 0, 0, 1, 0, 3],837.479178750376,52435.170692348955,108071.3583989792,false
44,G2_TEC,G2_TEC,[31, 22, 82, 15, 26, 9, 95, 42, 77, 68, 47, 5, 93, 78, 86, 54, 85, 63, 18, 44, 20, 49, 36, 14, 74, 50, 53, 17, 21, 28, 11, 64, 3, 23, 30, 83, 24, 41, 40, 52, 65, 27, 90, 70, 39, 87, 48, 69, 99, 4, 75, 1, 13, 58, 97, 59, 45, 8, 73, 37, 35, 79, 71, 66, 76, 32, 60, 80, 56, 6, 67, 61, 33, 7, 57, 34, 12, 16, 10, 98, 96, 88, 43, 81, 91, 2, 84, 29, 92, 19, 51, 55, 46, 89, 25, 72, 94, 38, 62, 0]|[2, 1, 2, 1, 1, 2, 1, 1, 1, 1, 1, 0, 2, 2, 1, 2, 0, 0, 0, 2, 2, 1, 0, 2, 0, 2, 2, 1, 0, 1, 1, 1, 0, 0, 1, 0, 2, 1, 2, 2, 0, 0, 1, 1, 0, 2, 0, 2, 1, 0, 0, 2, 0, 0, 2, 0, 1, 1, 0, 0, 2, 1, 1, 2, 2, 0, 2, 2, 2, 1, 2, 1, 1, 2, 0, 1, 1, 2, 1, 2, 0, 1, 1, 1, 1, 0, 0, 1, 0, 1, 1, 0, 0, 1, 1, 1, 2, 0, 1, 2]|[0, 3, 0, 3, 4, 1, 4, 4, 2, 4, 3, 2, 1, 0, 2, 1, 1, 1, 2, 1, 1, 3, 0, 1, 0, 1, 1, 4, 1, 4, 3, 2, 2, 0, 4, 1, 1, 4, 1, 1, 2, 1, 4, 4, 1, 1, 0, 1, 3, 2, 2, 1, 2, 1, 1, 2, 4, 3, 0, 2, 2, 3, 3, 1, 1, 2, 1, 1, 1, 4, 1, 3, 4, 1, 2, 4, 3, 1, 3, 1, 2, 4, 4, 4, 3, 2, 2, 3, 2, 4, 3, 2, 2, 4, 4, 4, 1, 2, 3, 1]|[0, 2, 0, 0, 3, 0, 1, 3, 0, 0, 2, 0, 1, 0, 1, 0, 0, 0, 1, 0, 0, 2, 0, 0, 1, 0, 0, 3, 0, 1, 0, 2, 0, 0, 3, 0, 1, 1, 0, 0, 0, 0, 1, 3, 0, 0, 1, 0, 2, 0, 0, 0, 0, 0, 1, 0, 1, 0, 1, 1, 0, 2, 0, 0, 0, 0, 0, 0, 0, 2, 0, 0, 1, 0, 0, 1, 0, 0, 3, 0, 0, 1, 2, 2, 0, 0, 0, 3, 0, 1, 0, 0, 0, 1, 3, 1, 0, 0, 0, 0],900.0760482104305,49104.85573898611,106612.48357517918,false
44,G3_TWC,G3_TWC,[42, 31, 22, 82, 15, 26, 58, 95, 77, 12, 47, 5, 93, 78, 98, 54, 85, 63, 18, 44, 20, 35, 43, 97, 91, 76, 10, 30, 21, 45, 71, 64, 1, 23, 17, 83, 24, 14, 60, 36, 6, 57, 94, 88, 65, 56, 79, 40, 67, 68, 46, 75, 38, 9, 19, 32, 81, 41, 27, 62, 87, 90, 99, 59, 11, 16, 72, 73, 70, 39, 37, 84, 3, 92, 25, 55, 28, 29, 51, 7, 33, 61, 86, 66, 89, 50, 48, 96, 53, 80, 4, 8, 34, 49, 52, 0, 13, 2, 69, 74]|[1, 1, 1, 0, 1, 1, 1, 2, 2, 1, 2, 2, 2, 1, 1, 0, 0, 1, 0, 2, 2, 0, 1, 2, 0, 1, 2, 2, 0, 0, 1, 2, 1, 2, 1, 0, 2, 0, 1, 1, 0, 1, 1, 1, 0, 2, 1, 1, 0, 0, 0, 0, 1, 1, 2, 1, 2, 0, 0, 0, 2, 1, 0, 1, 2, 1, 2, 1, 1, 1, 1, 1, 2, 0, 1, 1, 0, 0, 0, 1, 2, 1, 0, 2, 1, 0, 0, 0, 0, 0, 0, 1, 2, 0, 1, 0, 0, 0, 1, 2]|[2, 4, 3, 2, 2, 0, 0, 2, 2, 4, 1, 1, 2, 4, 4, 1, 1, 4, 2, 1, 1, 1, 1, 2, 1, 2, 1, 1, 1, 1, 3, 2, 3, 0, 4, 0, 1, 1, 0, 3, 2, 2, 4, 0, 1, 1, 0, 2, 0, 1, 2, 2, 1, 4, 0, 3, 2, 1, 1, 2, 1, 3, 1, 1, 1, 3, 0, 4, 3, 1, 4, 1, 1, 2, 4, 4, 2, 1, 1, 3, 1, 3, 1, 1, 1, 1, 1, 1, 2, 1, 2, 3, 1, 1, 1, 2, 2, 2, 3, 1]|[1, 0, 2, 1, 1, 3, 3, 0, 0, 0, 0, 0, 1, 0, 1, 0, 0, 3, 1, 0, 0, 0, 3, 1, 0, 2, 0, 0, 0, 1, 0, 0, 0, 0, 3, 0, 1, 0, 0, 2, 1, 1, 2, 0, 0, 0, 0, 1, 1, 0, 0, 0, 1, 3, 0, 0, 1, 0, 0, 1, 0, 2, 0, 1, 0, 2, 1, 0, 0, 1, 1, 3, 0, 1, 3, 3, 1, 0, 0, 2, 0, 0, 0, 0, 1, 0, 0, 0, 1, 0, 1, 2, 0, 1, 1, 0, 0, 0, 0, 0],790.0808266764368,58301.839560278044,88734.19036740763,false
44,G1_CMAX,G1_CMAX,[31, 22, 90, 26, 58, 95, 42, 12, 93, 5, 78, 86, 98, 18, 20, 35, 3, 97, 91, 76, 10, 85, 54, 45, 63, 71, 66, 1, 23, 17, 24, 60, 36, 6, 57, 15, 65, 56, 47, 79, 94, 67, 50, 46, 14, 75, 38, 9, 30, 19, 32, 81, 27, 92, 83, 87, 40, 99, 59, 11, 53, 16, 72, 77, 73, 70, 39, 37, 84, 43, 62, 25, 55, 28, 29, 51, 68, 82, 74, 61, 88, 21, 80, 89, 7, 69, 96, 41, 48, 4, 8, 34, 49, 52, 0, 44, 13, 2, 64, 33]|[1, 1, 1, 1, 0, 2, 1, 1, 2, 2, 2, 1, 0, 1, 2, 2, 1, 2, 0, 1, 2, 2, 2, 0, 0, 1, 2, 1, 2, 1, 2, 1, 1, 0, 1, 1, 0, 2, 2, 1, 1, 0, 0, 0, 0, 1, 1, 1, 1, 2, 1, 2, 2, 0, 0, 2, 1, 0, 0, 2, 0, 1, 2, 2, 1, 1, 1, 1, 1, 1, 0, 1, 1, 0, 0, 0, 0, 0, 2, 1, 1, 0, 0, 1, 1, 1, 2, 2, 0, 1, 1, 2, 0, 1, 0, 0, 0, 0, 2, 2]|[0, 4, 3, 0, 1, 1, 2, 4, 1, 1, 2, 4, 1, 4, 1, 1, 1, 2, 2, 2, 2, 1, 1, 1, 2, 3, 2, 3, 0, 4, 1, 0, 3, 2, 2, 2, 1, 1, 1, 0, 2, 0, 1, 2, 1, 3, 1, 4, 2, 0, 3, 2, 1, 2, 1, 1, 4, 1, 1, 1, 2, 3, 0, 2, 4, 3, 1, 4, 1, 1, 1, 4, 4, 2, 1, 1, 1, 2, 1, 3, 0, 1, 1, 1, 1, 3, 1, 1, 1, 4, 3, 1, 1, 1, 2, 2, 2, 2, 1, 1]|[3, 0, 2, 3, 0, 0, 1, 0, 0, 0, 1, 0, 0, 3, 0, 0, 1, 1, 1, 2, 1, 0, 0, 0, 0, 0, 0, 0, 0, 3, 1, 0, 2, 1, 1, 1, 0, 0, 0, 0, 1, 1, 0, 0, 0, 0, 1, 3, 2, 0, 0, 1, 0, 1, 0, 0, 2, 0, 0, 0, 1, 2, 1, 1, 0, 0, 1, 1, 3, 3, 0, 3, 3, 1, 0, 0, 0, 1, 0, 0, 0, 0, 0, 1, 2, 2, 0, 0, 0, 0, 2, 0, 1, 1, 0, 0, 0, 0, 0, 0],705.0470749739228,58445.79123614564,95781.2895945797,false
44,G4_BALANCED,G4_BALANCED,[31, 22, 82, 15, 26, 9, 95, 42, 77, 68, 47, 5, 93, 78, 86, 54, 85, 63, 18, 44, 20, 49, 36, 14, 74, 50, 53, 17, 21, 28, 11, 64, 3, 23, 30, 83, 24, 41, 40, 52, 65, 27, 90, 70, 39, 87, 48, 69, 99, 4, 75, 1, 13, 58, 97, 59, 45, 8, 73, 37, 35, 79, 71, 66, 76, 32, 60, 80, 56, 6, 67, 61, 33, 7, 57, 34, 12, 0, 10, 98, 96, 88, 43, 46, 91, 38, 19, 92, 29, 84, 51, 55, 81, 89, 25, 72, 94, 2, 16, 62]|[2, 1, 2, 1, 1, 2, 1, 1, 1, 1, 1, 0, 2, 2, 1, 2, 0, 0, 0, 2, 2, 1, 0, 2, 0, 2, 2, 1, 0, 1, 1, 1, 0, 0, 1, 0, 2, 1, 2, 2, 0, 0, 1, 1, 0, 2, 0, 2, 1, 0, 0, 2, 0, 0, 2, 0, 1, 1, 0, 0, 2, 1, 1, 2, 2, 0, 2, 2, 2, 1, 2, 1, 1, 2, 0, 1, 1, 0, 1, 2, 0, 1, 1, 0, 1, 0, 1, 1, 1, 0, 1, 0, 1, 1, 1, 1, 2, 2, 0, 1]|[0, 3, 0, 3, 4, 1, 4, 4, 2, 4, 3, 2, 1, 0, 2, 1, 1, 1, 2, 1, 1, 3, 0, 1, 0, 1, 1, 4, 1, 4, 3, 2, 2, 0, 4, 1, 1, 4, 1, 1, 2, 1, 4, 4, 1, 1, 0, 2, 3, 2, 2, 1, 2, 1, 1, 2, 4, 3, 0, 2, 2, 3, 3, 1, 1, 2, 1, 1, 1, 4, 1, 3, 4, 1, 2, 4, 3, 2, 3, 1, 2, 4, 4, 2, 3, 2, 4, 3, 3, 2, 3, 2, 4, 4, 4, 4, 1, 1, 2, 3]|[0, 2, 0, 0, 3, 0, 1, 3, 0, 0, 2, 0, 1, 0, 1, 0, 0, 0, 1, 0, 0, 2, 0, 0, 1, 0, 0, 3, 0, 1, 0, 2, 0, 0, 3, 0, 1, 1, 0, 0, 0, 0, 1, 3, 0, 0, 1, 0, 2, 0, 0, 0, 0, 0, 1, 0, 1, 0, 1, 1, 0, 2, 0, 0, 0, 0, 0, 0, 0, 2, 0, 0, 1, 0, 0, 1, 0, 0, 3, 0, 0, 1, 2, 0, 0, 0, 1, 0, 3, 0, 0, 0, 2, 1, 3, 1, 0, 0, 0, 0],886.7819803210996,49433.41390251197,107481.09997074243,false
44,G2_TEC,G3_TWC,[31, 22, 82, 15, 26, 58, 95, 42, 77, 12, 47, 5, 93, 78, 98, 54, 85, 63, 18, 44, 20, 35, 43, 97, 91, 76, 10, 30, 21, 61, 71, 64, 1, 23, 17, 83, 24, 14, 60, 36, 6, 57, 94, 88, 65, 56, 79, 40, 67, 68, 46, 75, 38, 9, 19, 32, 81, 41, 27, 62, 87, 90, 99, 59, 11, 16, 72, 73, 70, 39, 37, 84, 3, 92, 25, 55, 28, 29, 51, 7, 33, 45, 48, 66, 89, 50, 86, 96, 53, 80, 4, 8, 34, 49, 52, 0, 13, 2, 69, 74]|[1, 1, 0, 1, 1, 1, 2, 1, 2, 1, 2, 2, 2, 1, 1, 0, 0, 1, 0, 2, 2, 0, 0, 2, 0, 1, 2, 2, 0, 0, 1, 2, 1, 2, 1, 0, 2, 0, 1, 1, 0, 1, 1, 1, 0, 2, 1, 1, 0, 0, 0, 0, 1, 1, 2, 1, 2, 0, 0, 0, 2, 1, 1, 2, 2, 1, 2, 1, 1, 1, 1, 1, 2, 0, 1, 1, 0, 0, 0, 1, 2, 1, 0, 2, 1, 0, 0, 0, 0, 0, 0, 1, 2, 0, 1, 0, 0, 0, 1, 2]|[4, 3, 2, 2, 0, 0, 2, 2, 2, 4, 1, 1, 2, 4, 4, 1, 1, 4, 2, 1, 1, 1, 1, 2, 1, 2, 1, 1, 1, 1, 3, 2, 3, 0, 4, 0, 1, 1, 0, 3, 2, 2, 4, 0, 1, 1, 0, 2, 0, 1, 2, 2, 1, 4, 0, 3, 2, 1, 1, 1, 1, 3, 1, 1, 1, 3, 0, 4, 3, 1, 4, 1, 1, 2, 4, 4, 2, 1, 1, 3, 1, 3, 1, 1, 1, 1, 1, 1, 2, 1, 2, 3, 1, 1, 1, 2, 2, 2, 3, 1]|[0, 2, 1, 1, 3, 3, 0, 1, 0, 0, 0, 0, 1, 0, 1, 0, 0, 3, 1, 0, 0, 0, 0, 1, 0, 2, 0, 0, 0, 1, 0, 0, 0, 0, 3, 0, 1, 0, 0, 2, 1, 1, 2, 0, 0, 0, 0, 1, 1, 0, 0, 0, 1, 3, 0, 0, 1, 0, 0, 0, 0, 2, 1, 0, 0, 2, 1, 0, 0, 1, 1, 3, 0, 1, 3, 3, 1, 0, 0, 2, 0, 0, 0, 0, 1, 0, 0, 0, 1, 0, 1, 2, 0, 1, 1, 0, 0, 0, 0, 0],786.1574510680352,57196.372507870794,91050.60679155638,true
44,G3_TWC,G1_CMAX,[31, 22, 82, 15, 26, 99, 95, 42, 77, 12, 47, 5, 93, 78, 86, 54, 21, 63, 18, 44, 20, 35, 43, 97, 91, 76, 10, 30, 85, 45, 71, 64, 1, 23, 17, 83, 24, 14, 60, 36, 6, 57, 40, 88, 65, 56, 79, 94, 67, 68, 46, 75, 38, 9, 19, 32, 41, 81, 27, 87, 90, 58, 59, 11, 62, 16, 72, 73, 39, 37, 84, 3, 92, 25, 55, 48, 70, 29, 51, 96, 33, 61, 98, 66, 89, 50, 4, 7, 53, 80, 8, 28, 34, 49, 52, 0, 74, 69, 2, 13]|[1, 1, 0, 1, 1, 0, 1, 1, 2, 1, 2, 2, 2, 1, 1, 0, 0, 1, 0, 2, 2, 0, 1, 2, 0, 1, 2, 2, 0, 0, 1, 2, 1, 2, 1, 0, 2, 0, 1, 1, 0, 1, 1, 1, 0, 2, 1, 1, 0, 0, 0, 0, 1, 1, 2, 1, 0, 2, 0, 2, 1, 0, 1, 2, 0, 1, 2, 1, 1, 1, 1, 1, 0, 1, 2, 0, 1, 0, 0, 2, 2, 1, 2, 2, 1, 0, 1, 2, 0, 0, 1, 0, 2, 0, 1, 0, 2, 1, 0, 0]|[4, 3, 2, 2, 4, 1, 2, 3, 2, 4, 1, 1, 2, 4, 4, 1, 1, 4, 2, 1, 1, 1, 1, 2, 1, 2, 1, 1, 2, 1, 3, 2, 3, 1, 4, 0, 1, 1, 0, 3, 2, 2, 2, 0, 1, 1, 0, 4, 0, 1, 2, 2, 1, 4, 0, 3, 1, 1, 1, 1, 3, 1, 1, 1, 2, 3, 0, 4, 1, 4, 1, 1, 2, 4, 1, 1, 3, 1, 1, 1, 1, 3, 1, 1, 1, 1, 4, 1, 2, 1, 3, 2, 1, 1, 1, 2, 1, 4, 2, 2]|[0, 2, 1, 1, 3, 0, 1, 3, 0, 0, 0, 0, 1, 0, 1, 0, 0, 3, 1, 0, 0, 0, 3, 1, 0, 2, 0, 0, 0, 1, 0, 0, 0, 0, 3, 0, 1, 0, 0, 2, 1, 1, 1, 0, 0, 0, 0, 2, 1, 0, 0, 0, 1, 3, 0, 0, 0, 0, 0, 0, 2, 0, 1, 0, 1, 2, 1, 0, 1, 1, 3, 1, 1, 3, 0, 0, 0, 0, 0, 0, 0, 0, 0, 0, 1, 0, 0, 0, 1, 0, 2, 1, 0, 1, 1, 0, 0, 2, 0, 0],760.8061429141708,55811.58046129318,92924.88522080088,true
44,G1_CMAX,G1_CMAX,[31, 22, 90, 26, 58, 95, 42, 12, 93, 5, 78, 86, 77, 47, 98, 54, 85, 63, 18, 44, 20, 35, 43, 97, 91, 76, 10, 30, 15, 45, 71, 64, 1, 23, 17, 83, 24, 14, 60, 36, 6, 57, 94, 88, 65, 56, 79, 40, 67, 68, 46, 75, 38, 9, 19, 32, 81, 41, 27, 62, 87, 82, 99, 59, 11, 16, 72, 73, 70, 39, 37, 84, 3, 92, 25, 55, 28, 29, 51, 7, 33, 61, 21, 48, 89, 50, 66, 96, 53, 80, 4, 8, 34, 49, 52, 0, 13, 2, 69, 74]|[1, 1, 1, 1, 1, 2, 1, 1, 2, 1, 1, 2, 2, 2, 1, 0, 0, 1, 0, 2, 2, 0, 1, 2, 0, 1, 2, 2, 0, 0, 1, 2, 1, 2, 1, 0, 2, 0, 1, 1, 0, 1, 1, 1, 0, 2, 1, 1, 0, 0, 0, 0, 1, 1, 2, 1, 2, 2, 0, 0, 2, 1, 0, 1, 2, 1, 2, 1, 1, 1, 1, 1, 2, 0, 1, 1, 0, 0, 0, 1, 2, 1, 0, 0, 1, 0, 2, 2, 0, 0, 1, 1, 2, 0, 1, 0, 0, 0, 1, 2]|[4, 3, 3, 2, 0, 2, 2, 4, 2, 4, 4, 1, 2, 1, 4, 1, 2, 4, 2, 1, 1, 1, 1, 2, 1, 2, 1, 1, 1, 1, 3, 2, 3, 0, 4, 0, 1, 1, 0, 3, 2, 2, 4, 0, 1, 1, 0, 2, 0, 1, 2, 2, 1, 4, 0, 3, 2, 1, 1, 2, 1, 3, 1, 1, 1, 3, 0, 4, 3, 1, 4, 1, 1, 2, 4, 4, 2, 1, 1, 3, 1, 3, 1, 1, 1, 1, 1, 1, 2, 1, 4, 3, 1, 1, 1, 2, 2, 2, 3, 1]|[0, 2, 2, 1, 3, 0, 1, 0, 0, 0, 0, 0, 1, 0, 1, 0, 0, 3, 1, 0, 0, 0, 3, 1, 0, 2, 0, 0, 0, 1, 0, 0, 0, 0, 3, 0, 1, 0, 0, 2, 1, 1, 2, 0, 0, 0, 0, 1, 1, 0, 0, 0, 1, 3, 0, 0, 1, 0, 0, 1, 0, 2, 0, 1, 0, 2, 1, 0, 0, 1, 1, 3, 0, 1, 3, 3, 1, 0, 0, 2, 0, 0, 0, 0, 1, 0, 0, 0, 1, 0, 0, 2, 0, 1, 1, 0, 0, 0, 2, 0],725.9082553899324,57283.10150346701,93448.88065470588,false
44,G4_BALANCED,G2_TEC,[31, 22, 82, 15, 26, 9, 95, 42, 77, 68, 47, 5, 93, 78, 86, 54, 85, 63, 18, 44, 20, 49, 36, 14, 74, 50, 53, 17, 21, 28, 11, 64, 3, 23, 30, 83, 24, 41, 40, 52, 65, 27, 90, 70, 39, 87, 48, 69, 99, 4, 46, 1, 13, 58, 97, 59, 45, 8, 73, 37, 35, 79, 71, 66, 76, 32, 60, 80, 96, 6, 67, 61, 33, 7, 57, 34, 12, 16, 10, 98, 56, 88, 43, 75, 91, 38, 19, 92, 29, 84, 51, 55, 72, 25, 89, 81, 94, 2, 0, 62]|[2, 1, 2, 1, 1, 0, 1, 1, 1, 1, 1, 0, 2, 2, 1, 2, 0, 0, 0, 2, 2, 1, 0, 2, 0, 2, 2, 1, 0, 1, 1, 1, 0, 0, 1, 0, 2, 1, 2, 2, 0, 0, 1, 1, 0, 2, 0, 2, 1, 0, 0, 2, 0, 0, 2, 0, 1, 1, 0, 0, 2, 1, 1, 2, 2, 0, 2, 2, 0, 1, 2, 1, 1, 2, 0, 1, 1, 2, 1, 2, 2, 1, 1, 0, 1, 0, 1, 0, 1, 0, 1, 0, 1, 1, 1, 1, 2, 2, 0, 1]|[0, 3, 0, 3, 4, 1, 4, 4, 2, 4, 3, 2, 1, 0, 2, 1, 1, 1, 2, 1, 1, 3, 0, 1, 0, 1, 1, 4, 1, 4, 3, 2, 2, 0, 4, 1, 1, 4, 1, 1, 2, 1, 4, 4, 1, 1, 0, 2, 3, 2, 2, 1, 2, 1, 1, 2, 4, 3, 0, 2, 2, 3, 3, 1, 1, 2, 1, 1, 2, 4, 1, 3, 4, 1, 2, 4, 3, 1, 3, 1, 1, 4, 4, 2, 3, 2, 4, 2, 3, 2, 3, 2, 4, 4, 4, 4, 1, 1, 2, 3]|[0, 2, 0, 0, 3, 0, 1, 3, 0, 0, 2, 0, 1, 0, 1, 0, 0, 0, 1, 0, 0, 2, 0, 0, 1, 0, 0, 3, 0, 1, 0, 2, 0, 0, 3, 0, 1, 1, 0, 0, 0, 0, 1, 3, 0, 0, 1, 0, 2, 0, 0, 0, 0, 1, 1, 0, 1, 0, 1, 1, 0, 2, 0, 0, 0, 0, 0, 0, 0, 2, 0, 0, 1, 0, 0, 1, 0, 0, 3, 0, 0, 1, 2, 0, 0, 0, 1, 0, 3, 0, 0, 0, 1, 3, 1, 2, 0, 0, 0, 0],899.5093495624716,49861.95982698932,103705.26511491132,true
44,G2_TEC,G2_TEC,[31, 22, 82, 15, 26, 9, 95, 42, 77, 68, 47, 5, 93, 78, 86, 54, 85, 63, 18, 44, 20, 49, 36, 14, 74, 50, 53, 17, 21, 28, 11, 64, 3, 23, 30, 83, 24, 41, 40, 52, 65, 27, 90, 70, 39, 87, 48, 69, 99, 4, 75, 1, 13, 58, 97, 59, 45, 8, 73, 37, 35, 79, 71, 66, 76, 32, 60, 80, 56, 6, 67, 61, 33, 7, 57, 34, 12, 16, 10, 98, 96, 88, 43, 81, 91, 2, 84, 29, 92, 19, 51, 55, 46, 89, 25, 72, 94, 38, 62, 0]|[2, 1, 2, 1, 1, 2, 1, 1, 1, 1, 1, 0, 2, 2, 1, 2, 0, 0, 0, 2, 2, 1, 0, 2, 0, 2, 2, 1, 0, 1, 1, 1, 0, 0, 1, 0, 2, 1, 2, 2, 0, 0, 1, 1, 0, 2, 0, 2, 1, 0, 0, 2, 0, 0, 2, 0, 1, 1, 0, 0, 2, 1, 1, 2, 2, 0, 2, 2, 2, 1, 2, 1, 1, 2, 0, 1, 1, 2, 1, 2, 0, 1, 1, 1, 1, 0, 0, 1, 0, 1, 1, 0, 0, 1, 1, 1, 2, 0, 1, 2]|[0, 3, 0, 3, 4, 1, 4, 4, 2, 4, 3, 2, 1, 0, 2, 1, 1, 1, 2, 1, 1, 3, 0, 1, 0, 1, 1, 4, 1, 4, 3, 2, 2, 0, 4, 1, 1, 4, 1, 1, 2, 1, 4, 4, 1, 1, 0, 1, 3, 2, 2, 1, 2, 1, 1, 2, 4, 3, 0, 2, 2, 3, 3, 1, 1, 2, 1, 1, 1, 4, 1, 3, 4, 1, 2, 4, 3, 1, 3, 1, 2, 4, 4, 4, 3, 2, 2, 3, 2, 4, 3, 2, 2, 4, 4, 4, 1, 2, 3, 1]|[0, 2, 0, 0, 3, 0, 1, 3, 0, 0, 2, 0, 1, 0, 1, 0, 0, 0, 1, 0, 0, 2, 0, 0, 1, 0, 0, 3, 0, 1, 0, 2, 0, 0, 3, 0, 1, 1, 0, 0, 0, 0, 1, 3, 0, 0, 1, 0, 2, 0, 0, 0, 0, 0, 1, 0, 1, 0, 1, 1, 0, 2, 0, 0, 0, 0, 0, 0, 0, 2, 0, 0, 1, 0, 0, 1, 0, 0, 3, 0, 0, 1, 2, 2, 0, 0, 0, 3, 0, 1, 0, 0, 0, 1, 3, 1, 0, 0, 0, 0],900.0760482104305,49104.85573898611,106612.48357517918,false
44,G3_TWC,G1_CMAX,[31, 22, 82, 15, 26, 99, 95, 42, 77, 12, 47, 5, 93, 78, 86, 54, 21, 63, 18, 44, 20, 35, 43, 97, 91, 76, 10, 30, 85, 45, 71, 64, 1, 23, 17, 83, 24, 14, 60, 36, 6, 57, 40, 88, 65, 56, 79, 94, 67, 68, 46, 75, 38, 9, 19, 32, 41, 81, 27, 87, 90, 58, 59, 11, 62, 16, 72, 73, 39, 37, 84, 3, 92, 25, 55, 48, 70, 29, 51, 96, 33, 61, 98, 66, 89, 50, 4, 7, 53, 80, 8, 28, 34, 49, 52, 0, 74, 69, 2, 13]|[1, 1, 0, 1, 1, 0, 1, 1, 2, 1, 2, 2, 2, 1, 1, 0, 0, 1, 0, 2, 2, 0, 1, 2, 0, 1, 2, 2, 0, 0, 1, 2, 1, 2, 1, 0, 2, 0, 1, 1, 0, 1, 1, 1, 0, 2, 1, 1, 0, 0, 0, 0, 1, 1, 2, 1, 0, 2, 0, 2, 1, 0, 1, 2, 0, 1, 2, 1, 1, 1, 1, 1, 0, 1, 2, 0, 1, 0, 0, 2, 2, 1, 2, 2, 1, 0, 1, 2, 0, 0, 1, 0, 2, 0, 1, 0, 2, 1, 0, 0]|[4, 3, 2, 2, 4, 1, 2, 3, 2, 4, 1, 1, 2, 4, 4, 1, 1, 4, 2, 1, 1, 1, 1, 2, 1, 2, 1, 1, 2, 1, 3, 2, 3, 1, 4, 0, 1, 1, 0, 3, 2, 2, 2, 0, 1, 1, 0, 4, 0, 1, 2, 2, 1, 4, 0, 3, 1, 1, 1, 1, 3, 1, 1, 1, 2, 3, 0, 4, 1, 4, 1, 1, 2, 4, 1, 1, 3, 1, 1, 1, 1, 3, 1, 1, 1, 1, 4, 1, 2, 1, 3, 2, 1, 1, 1, 2, 1, 4, 2, 2]|[0, 2, 1, 1, 3, 0, 1, 3, 0, 0, 0, 0, 1, 0, 1, 0, 0, 3, 1, 0, 0, 0, 3, 1, 0, 2, 0, 0, 0, 1, 0, 0, 0, 0, 3, 0, 1, 0, 0, 2, 1, 1, 1, 0, 0, 0, 0, 2, 1, 0, 0, 0, 1, 3, 0, 0, 0, 0, 0, 0, 2, 0, 1, 0, 1, 2, 1, 0, 1, 1, 3, 1, 1, 3, 0, 0, 0, 0, 0, 0, 0, 0, 0, 0, 1, 0, 0, 0, 1, 0, 2, 1, 0, 1, 1, 0, 0, 2, 0, 0],760.8061429141708,55811.58046129318,92924.88522080088,true
44,G1_CMAX,G3_TWC,[31, 22, 82, 15, 26, 58, 95, 42, 77, 12, 47, 5, 93, 78, 98, 54, 85, 63, 18, 44, 20, 35, 43, 97, 91, 76, 10, 30, 21, 45, 71, 64, 1, 23, 17, 83, 24, 14, 60, 36, 6, 57, 94, 88, 65, 56, 79, 40, 67, 68, 46, 75, 38, 9, 19, 32, 81, 41, 27, 62, 87, 90, 99, 59, 11, 16, 72, 73, 70, 39, 37, 84, 3, 92, 25, 55, 28, 29, 51, 7, 33, 61, 86, 66, 89, 50, 48, 96, 53, 8, 4, 80, 34, 49, 52, 2, 13, 0, 69, 74]|[1, 1, 0, 1, 1, 1, 2, 1, 2, 1, 2, 2, 2, 1, 1, 0, 0, 1, 0, 2, 2, 0, 1, 2, 0, 1, 2, 2, 0, 0, 1, 2, 1, 2, 1, 0, 2, 0, 1, 1, 0, 1, 1, 1, 0, 2, 1, 1, 0, 2, 0, 0, 1, 1, 2, 1, 2, 0, 0, 0, 2, 1, 0, 1, 2, 1, 2, 1, 1, 1, 1, 1, 2, 0, 1, 1, 0, 0, 0, 1, 2, 1, 0, 2, 1, 0, 0, 0, 0, 1, 0, 0, 2, 0, 1, 0, 0, 0, 1, 2]|[4, 3, 2, 2, 4, 0, 2, 2, 2, 4, 1, 1, 2, 4, 4, 1, 1, 4, 2, 1, 1, 1, 1, 2, 1, 2, 1, 1, 1, 1, 3, 2, 3, 1, 4, 0, 1, 1, 0, 3, 2, 2, 4, 0, 1, 1, 0, 2, 0, 1, 2, 1, 1, 4, 0, 3, 2, 1, 1, 2, 1, 3, 1, 1, 1, 3, 0, 4, 3, 1, 4, 1, 1, 2, 4, 4, 2, 1, 1, 1, 1, 3, 1, 1, 1, 1, 1, 1, 2, 3, 2, 1, 1, 1, 1, 2, 2, 2, 3, 1]|[0, 2, 1, 1, 3, 3, 0, 1, 0, 0, 0, 0, 1, 0, 1, 0, 0, 3, 1, 0, 0, 0, 3, 1, 0, 2, 0, 0, 0, 1, 0, 0, 0, 0, 3, 0, 1, 0, 0, 2, 1, 1, 2, 0, 0, 0, 0, 1, 1, 0, 0, 0, 1, 3, 0, 0, 1, 0, 0, 1, 0, 2, 0, 1, 0, 2, 1, 0, 0, 1, 1, 3, 0, 1, 3, 3, 1, 0, 0, 2, 0, 0, 0, 0, 1, 0, 0, 0, 1, 2, 1, 0, 0, 1, 1, 0, 0, 0, 0, 0],774.753934266166,57219.08173655573,91107.27774858533,true
44,G4_BALANCED,G4_BALANCED,[31, 22, 82, 15, 26, 9, 95, 42, 77, 68, 47, 5, 93, 78, 86, 54, 85, 63, 18, 44, 20, 49, 36, 14, 74, 50, 53, 17, 21, 28, 11, 64, 3, 23, 30, 83, 24, 41, 40, 52, 65, 27, 90, 70, 39, 87, 48, 69, 99, 4, 46, 1, 13, 58, 97, 59, 45, 8, 73, 37, 35, 79, 71, 66, 76, 32, 60, 80, 96, 6, 67, 61, 33, 7, 57, 34, 12, 16, 10, 98, 56, 88, 43, 75, 91, 38, 84, 29, 92, 19, 51, 55, 72, 25, 89, 81, 94, 2, 0, 62]|[2, 1, 2, 1, 1, 2, 1, 1, 1, 1, 1, 0, 2, 2, 1, 2, 0, 0, 0, 2, 2, 1, 0, 2, 0, 2, 2, 1, 0, 1, 1, 1, 0, 0, 1, 0, 2, 1, 2, 2, 0, 0, 1, 1, 0, 2, 0, 2, 1, 0, 0, 2, 0, 0, 2, 0, 1, 1, 0, 0, 2, 1, 1, 2, 2, 0, 2, 2, 0, 1, 2, 1, 1, 2, 0, 1, 1, 2, 1, 2, 0, 1, 1, 0, 1, 0, 0, 1, 0, 1, 1, 0, 1, 1, 1, 1, 2, 2, 0, 1]|[0, 3, 0, 3, 4, 1, 4, 4, 2, 4, 3, 2, 1, 0, 2, 1, 1, 1, 2, 1, 1, 3, 0, 1, 0, 1, 1, 4, 1, 4, 3, 2, 2, 0, 4, 1, 1, 4, 1, 1, 2, 1, 4, 4, 1, 1, 0, 2, 3, 2, 2, 1, 2, 1, 1, 2, 4, 3, 0, 2, 2, 3, 3, 1, 1, 2, 1, 1, 2, 4, 1, 3, 4, 1, 2, 4, 3, 1, 3, 1, 2, 4, 4, 2, 3, 2, 2, 3, 2, 4, 3, 2, 4, 4, 4, 4, 1, 1, 2, 3]|[0, 2, 0, 0, 3, 0, 1, 3, 0, 0, 2, 0, 1, 0, 1, 0, 0, 0, 1, 0, 0, 2, 0, 0, 1, 0, 0, 3, 0, 1, 0, 2, 0, 0, 3, 0, 1, 1, 0, 0, 0, 0, 1, 3, 0, 0, 1, 0, 2, 0, 0, 0, 0, 1, 1, 0, 1, 0, 1, 1, 0, 2, 0, 0, 0, 0, 0, 0, 0, 2, 0, 0, 1, 0, 0, 1, 0, 0, 3, 0, 0, 1, 2, 0, 0, 0, 0, 3, 0, 1, 0, 0, 2, 1, 3, 2, 0, 0, 0, 0],884.0497112219896,49660.85993940495,105118.71048152469,false
44,G2_TEC,G2_TEC,[31, 22, 82, 15, 26, 9, 95, 42, 77, 68, 47, 5, 93, 78, 86, 54, 85, 63, 18, 44, 20, 49, 36, 14, 74, 50, 53, 17, 21, 28, 11, 64, 3, 23, 30, 83, 24, 41, 40, 52, 65, 27, 90, 70, 39, 87, 48, 69, 99, 4, 75, 1, 13, 58, 97, 59, 45, 8, 73, 37, 35, 79, 71, 66, 76, 32, 60, 80, 56, 6, 67, 61, 33, 7, 57, 34, 12, 16, 10, 98, 96, 88, 43, 81, 91, 2, 84, 29, 92, 19, 51, 55, 46, 89, 25, 72, 94, 38, 62, 0]|[2, 1, 2, 1, 1, 2, 1, 1, 1, 1, 1, 0, 2, 2, 1, 2, 0, 0, 0, 2, 2, 1, 0, 2, 0, 2, 2, 1, 0, 1, 1, 1, 0, 0, 1, 0, 2, 1, 2, 2, 0, 0, 1, 1, 0, 2, 0, 2, 1, 0, 0, 2, 0, 0, 2, 0, 1, 1, 0, 0, 2, 1, 1, 2, 2, 0, 2, 2, 2, 1, 2, 1, 1, 2, 0, 1, 1, 2, 1, 2, 0, 1, 1, 1, 1, 0, 0, 1, 0, 1, 1, 0, 0, 1, 1, 1, 2, 0, 1, 2]|[0, 3, 0, 3, 4, 1, 4, 4, 2, 4, 3, 2, 1, 0, 2, 1, 1, 1, 2, 1, 1, 3, 0, 1, 0, 1, 1, 4, 1, 4, 3, 2, 2, 0, 4, 1, 1, 4, 1, 1, 2, 1, 4, 4, 1, 1, 0, 1, 3, 2, 2, 1, 2, 1, 1, 2, 4, 3, 0, 2, 2, 3, 3, 1, 1, 2, 1, 1, 1, 4, 1, 3, 4, 1, 2, 4, 3, 1, 3, 1, 2, 4, 4, 4, 3, 2, 2, 3, 2, 4, 3, 2, 2, 4, 4, 4, 1, 2, 3, 1]|[0, 2, 0, 0, 3, 0, 1, 3, 0, 0, 2, 0, 1, 0, 1, 0, 0, 0, 1, 0, 0, 2, 0, 0, 1, 0, 0, 3, 0, 1, 0, 2, 0, 0, 3, 0, 1, 1, 0, 0, 0, 0, 1, 3, 0, 0, 1, 0, 2, 0, 0, 0, 0, 0, 1, 0, 1, 0, 1, 1, 0, 2, 0, 0, 0, 0, 0, 0, 0, 2, 0, 0, 1, 0, 0, 1, 0, 0, 3, 0, 0, 1, 2, 2, 0, 0, 0, 3, 0, 1, 0, 0, 0, 1, 3, 1, 0, 0, 0, 0],900.0760482104305,49104.85573898611,106612.48357517918,false
44,G3_TWC,G3_TWC,[42, 31, 22, 82, 15, 26, 58, 95, 77, 12, 47, 5, 93, 78, 98, 54, 85, 63, 18, 44, 20, 35, 43, 97, 91, 76, 10, 30, 21, 45, 71, 64, 1, 23, 17, 83, 24, 14, 60, 36, 6, 57, 94, 88, 65, 56, 79, 40, 67, 68, 46, 75, 38, 9, 19, 32, 81, 41, 27, 62, 87, 90, 99, 59, 11, 16, 72, 73, 70, 39, 37, 84, 3, 92, 25, 55, 28, 29, 51, 7, 33, 61, 86, 66, 89, 50, 48, 96, 53, 80, 4, 8, 34, 49, 52, 0, 13, 2, 69, 74]|[1, 1, 1, 0, 1, 1, 1, 2, 2, 1, 2, 2, 2, 1, 1, 0, 0, 1, 0, 2, 2, 0, 1, 2, 0, 1, 2, 2, 0, 0, 1, 2, 1, 2, 1, 0, 2, 0, 1, 1, 0, 1, 1, 1, 0, 2, 1, 1, 0, 0, 0, 0, 1, 1, 2, 1, 2, 0, 0, 0, 2, 1, 0, 1, 2, 1, 2, 1, 1, 1, 1, 1, 2, 0, 1, 1, 0, 0, 0, 1, 2, 1, 0, 2, 1, 0, 0, 0, 0, 0, 0, 1, 2, 0, 1, 0, 0, 0, 1, 2]|[2, 4, 3, 2, 2, 0, 0, 2, 2, 4, 1, 1, 2, 4, 4, 1, 1, 4, 2, 1, 1, 1, 1, 2, 1, 2, 1, 1, 1, 1, 3, 2, 3, 0, 4, 0, 1, 1, 0, 3, 2, 2, 4, 0, 1, 1, 0, 2, 0, 1, 2, 2, 1, 4, 0, 3, 2, 1, 1, 2, 1, 3, 1, 1, 1, 3, 0, 4, 3, 1, 4, 1, 1, 2, 4, 4, 2, 1, 1, 3, 1, 3, 1, 1, 1, 1, 1, 1, 2, 1, 2, 3, 1, 1, 1, 2, 2, 2, 3, 1]|[1, 0, 2, 1, 1, 3, 3, 0, 0, 0, 0, 0, 1, 0, 1, 0, 0, 3, 1, 0, 0, 0, 3, 1, 0, 2, 0, 0, 0, 1, 0, 0, 0, 0, 3, 0, 1, 0, 0, 2, 1, 1, 2, 0, 0, 0, 0, 1, 1, 0, 0, 0, 1, 3, 0, 0, 1, 0, 0, 1, 0, 2, 0, 1, 0, 2, 1, 0, 0, 1, 1, 3, 0, 1, 3, 3, 1, 0, 0, 2, 0, 0, 0, 0, 1, 0, 0, 0, 1, 0, 1, 2, 0, 1, 1, 0, 0, 0, 0, 0],790.0808266764368,58301.839560278044,88734.19036740763,false
44,G1_CMAX,G4_BALANCED,[31, 22, 82, 15, 26, 99, 95, 42, 77, 12, 47, 5, 93, 78, 86, 54, 21, 63, 18, 44, 20, 35, 43, 97, 91, 76, 10, 30, 85, 45, 71, 64, 1, 23, 17, 83, 24, 14, 60, 36, 6, 57, 40, 88, 65, 56, 79, 94, 67, 68, 46, 29, 38, 9, 19, 32, 81, 41, 27, 62, 90, 87, 58, 59, 11, 16, 72, 73, 69, 39, 37, 84, 3, 92, 25, 55, 28, 75, 51, 50, 66, 61, 98, 8, 89, 7, 33, 96, 53, 48, 80, 4, 34, 49, 52, 0, 13, 2, 70, 74]|[1, 1, 0, 1, 1, 0, 1, 2, 2, 1, 2, 2, 2, 1, 0, 0, 0, 1, 0, 2, 2, 0, 1, 2, 0, 1, 2, 2, 0, 0, 1, 2, 1, 2, 1, 0, 2, 0, 1, 1, 0, 1, 1, 1, 0, 2, 1, 1, 0, 0, 0, 0, 1, 1, 2, 1, 0, 0, 0, 2, 1, 2, 0, 1, 2, 1, 2, 1, 1, 1, 1, 1, 1, 0, 1, 2, 0, 0, 0, 0, 0, 1, 2, 0, 1, 1, 2, 2, 0, 0, 0, 0, 2, 0, 1, 0, 0, 0, 1, 2]|[4, 3, 2, 2, 4, 1, 2, 2, 2, 4, 1, 1, 2, 4, 1, 1, 2, 4, 2, 1, 1, 1, 1, 2, 1, 2, 1, 1, 2, 1, 3, 1, 3, 1, 4, 0, 1, 1, 0, 3, 2, 2, 4, 0, 1, 1, 0, 4, 0, 1, 2, 2, 1, 4, 0, 3, 1, 1, 1, 1, 3, 1, 1, 1, 1, 3, 1, 4, 3, 1, 4, 1, 1, 2, 4, 1, 2, 2, 1, 1, 1, 3, 1, 1, 1, 3, 1, 1, 2, 1, 1, 2, 1, 1, 1, 2, 2, 2, 3, 1]|[0, 2, 1, 1, 3, 0, 1, 0, 0, 0, 0, 0, 1, 0, 0, 0, 0, 3, 1, 0, 0, 0, 3, 1, 0, 2, 0, 0, 0, 0, 0, 0, 0, 0, 3, 0, 1, 0, 0, 2, 1, 1, 2, 0, 0, 0, 0, 2, 1, 0, 0, 0, 1, 3, 0, 0, 0, 0, 0, 0, 2, 0, 0, 1, 0, 2, 0, 0, 0, 1, 1, 3, 1, 1, 3, 0, 1, 0, 0, 0, 0, 0, 0, 0, 1, 2, 0, 0, 1, 0, 0, 1, 0, 1, 1, 0, 0, 0, 0, 0],863.2156525299164,54967.12151146544,97648.94693390271,true
44,G4_BALANCED,G3_TWC,[31, 22, 82, 15, 26, 58, 95, 42, 77, 12, 47, 5, 93, 78, 98, 54, 85, 63, 18, 44, 20, 35, 43, 97, 91, 76, 10, 30, 21, 45, 71, 64, 1, 23, 17, 83, 24, 14, 60, 36, 6, 57, 94, 88, 65, 56, 79, 40, 67, 68, 46, 75, 39, 9, 19, 32, 81, 41, 27, 62, 87, 90, 99, 59, 11, 16, 72, 73, 70, 38, 37, 84, 3, 34, 25, 55, 28, 29, 51, 7, 33, 61, 86, 66, 89, 50, 48, 96, 53, 80, 4, 8, 92, 49, 52, 0, 13, 2, 69, 74]|[1, 1, 0, 1, 1, 1, 2, 1, 2, 1, 2, 2, 2, 1, 1, 0, 0, 1, 0, 2, 2, 0, 1, 2, 0, 1, 2, 2, 0, 0, 1, 2, 1, 2, 1, 0, 2, 0, 1, 1, 0, 1, 1, 1, 0, 2, 1, 1, 0, 0, 0, 0, 1, 1, 2, 1, 2, 0, 0, 0, 2, 1, 0, 1, 2, 1, 2, 1, 1, 1, 1, 1, 2, 2, 1, 1, 0, 0, 0, 1, 2, 1, 0, 2, 1, 0, 0, 2, 0, 0, 0, 1, 0, 0, 1, 0, 0, 0, 1, 2]|[4, 3, 2, 2, 0, 0, 2, 2, 2, 4, 1, 1, 2, 4, 4, 1, 1, 4, 2, 1, 1, 1, 1, 2, 1, 2, 1, 1, 1, 1, 3, 2, 3, 0, 4, 0, 1, 1, 0, 3, 2, 2, 4, 0, 1, 1, 0, 2, 0, 1, 2, 2, 1, 4, 0, 3, 2, 1, 1, 2, 1, 3, 1, 1, 1, 3, 1, 4, 3, 1, 4, 1, 1, 1, 4, 4, 2, 1, 1, 3, 1, 3, 1, 1, 1, 1, 1, 1, 2, 1, 2, 3, 2, 1, 1, 2, 2, 2, 3, 1]|[0, 2, 1, 1, 3, 3, 0, 1, 0, 0, 0, 0, 1, 0, 1, 0, 0, 3, 1, 0, 0, 0, 3, 1, 0, 2, 0, 0, 0, 1, 0, 0, 0, 0, 3, 0, 1, 0, 0, 2, 1, 1, 2, 0, 0, 0, 0, 1, 1, 0, 0, 0, 1, 3, 0, 0, 1, 0, 0, 1, 0, 2, 0, 1, 0, 2, 0, 0, 0, 1, 1, 3, 0, 0, 3, 3, 1, 0, 0, 2, 0, 0, 0, 0, 1, 0, 0, 0, 1, 0, 1, 2, 1, 1, 1, 0, 0, 0, 0, 0],781.0898781557919,57283.87438638968,90797.94336707742,true
44,G2_TEC,G2_TEC,[31, 22, 82, 15, 26, 9, 95, 42, 77, 68, 47, 5, 93, 78, 86, 54, 85, 63, 18, 44, 20, 49, 36, 14, 74, 50, 53, 17, 21, 28, 11, 64, 3, 23, 30, 83, 24, 41, 40, 52, 65, 27, 90, 70, 39, 87, 48, 69, 99, 4, 75, 1, 13, 58, 97, 59, 45, 8, 73, 37, 35, 79, 71, 66, 76, 32, 60, 80, 56, 6, 67, 61, 33, 7, 57, 34, 12, 16, 10, 98, 96, 88, 43, 81, 91, 2, 84, 29, 92, 19, 51, 55, 46, 89, 25, 72, 94, 38, 62, 0]|[2, 1, 2, 1, 1, 2, 1, 1, 1, 1, 1, 0, 2, 2, 1, 2, 0, 0, 0, 2, 2, 1, 0, 2, 0, 2, 2, 1, 0, 1, 1, 1, 0, 0, 1, 0, 2, 1, 2, 2, 0, 0, 1, 1, 0, 2, 0, 2, 1, 0, 0, 2, 0, 0, 2, 0, 1, 1, 0, 0, 2, 1, 1, 2, 2, 0, 2, 2, 2, 1, 2, 1, 1, 2, 0, 1, 1, 2, 1, 2, 0, 1, 1, 1, 1, 0, 0, 1, 0, 1, 1, 0, 0, 1, 1, 1, 2, 0, 1, 2]|[0, 3, 0, 3, 4, 1, 4, 4, 2, 4, 3, 2, 1, 0, 2, 1, 1, 1, 2, 1, 1, 3, 0, 1, 0, 1, 1, 4, 1, 4, 3, 2, 2, 0, 4, 1, 1, 4, 1, 1, 2, 1, 4, 4, 1, 1, 0, 1, 3, 2, 2, 1, 2, 1, 1, 2, 4, 3, 0, 2, 2, 3, 3, 1, 1, 2, 1, 1, 1, 4, 1, 3, 4, 1, 2, 4, 3, 1, 3, 1, 2, 4, 4, 4, 3, 2, 2, 3, 2, 4, 3, 2, 2, 4, 4, 4, 1, 2, 3, 1]|[0, 2, 0, 0, 3, 0, 1, 3, 0, 0, 2, 0, 1, 0, 1, 0, 0, 0, 1, 0, 0, 2, 0, 0, 1, 0, 0, 3, 0, 1, 0, 2, 0, 0, 3, 0, 1, 1, 0, 0, 0, 0, 1, 3, 0, 0, 1, 0, 2, 0, 0, 0, 0, 0, 1, 0, 1, 0, 1, 1, 0, 2, 0, 0, 0, 0, 0, 0, 0, 2, 0, 0, 1, 0, 0, 1, 0, 0, 3, 0, 0, 1, 2, 2, 0, 0, 0, 3, 0, 1, 0, 0, 0, 1, 3, 1, 0, 0, 0, 0],900.0760482104305,49104.85573898611,106612.48357517918,false
44,G3_TWC,G3_TWC,[42, 31, 22, 82, 15, 26, 58, 95, 77, 12, 47, 5, 93, 78, 98, 54, 85, 63, 18, 44, 20, 35, 43, 97, 91, 76, 10, 30, 21, 45, 71, 64, 1, 23, 17, 83, 24, 14, 60, 36, 6, 57, 94, 88, 65, 56, 79, 40, 67, 68, 46, 75, 38, 9, 19, 32, 81, 41, 27, 62, 87, 90, 99, 59, 11, 16, 72, 73, 70, 39, 37, 84, 3, 92, 25, 55, 28, 29, 51, 7, 33, 61, 86, 66, 89, 50, 48, 96, 53, 80, 4, 8, 34, 49, 52, 0, 13, 2, 69, 74]|[1, 1, 1, 0, 1, 1, 1, 2, 2, 1, 2, 2, 2, 1, 1, 0, 0, 1, 0, 2, 2, 0, 1, 2, 0, 1, 2, 2, 0, 0, 1, 2, 1, 2, 1, 0, 2, 0, 1, 1, 0, 1, 1, 1, 0, 2, 1, 1, 0, 0, 0, 0, 1, 1, 2, 1, 2, 0, 0, 0, 2, 1, 0, 1, 2, 1, 2, 1, 1, 1, 1, 1, 2, 0, 1, 1, 0, 0, 0, 1, 2, 1, 0, 2, 1, 0, 0, 0, 0, 0, 0, 1, 2, 0, 1, 0, 0, 0, 1, 2]|[2, 4, 3, 2, 2, 0, 0, 2, 2, 4, 1, 1, 2, 4, 4, 1, 1, 4, 2, 1, 1, 1, 1, 2, 1, 2, 1, 1, 1, 1, 3, 2, 3, 0, 4, 0, 1, 1, 0, 3, 2, 2, 4, 0, 1, 1, 0, 2, 0, 1, 2, 2, 1, 4, 0, 3, 2, 1, 1, 2, 1, 3, 1, 1, 1, 3, 0, 4, 3, 1, 4, 1, 1, 2, 4, 4, 2, 1, 1, 3, 1, 3, 1, 1, 1, 1, 1, 1, 2, 1, 2, 3, 1, 1, 1, 2, 2, 2, 3, 1]|[1, 0, 2, 1, 1, 3, 3, 0, 0, 0, 0, 0, 1, 0, 1, 0, 0, 3, 1, 0, 0, 0, 3, 1, 0, 2, 0, 0, 0, 1, 0, 0, 0, 0, 3, 0, 1, 0, 0, 2, 1, 1, 2, 0, 0, 0, 0, 1, 1, 0, 0, 0, 1, 3, 0, 0, 1, 0, 0, 1, 0, 2, 0, 1, 0, 2, 1, 0, 0, 1, 1, 3, 0, 1, 3, 3, 1, 0, 0, 2, 0, 0, 0, 0, 1, 0, 0, 0, 1, 0, 1, 2, 0, 1, 1, 0, 0, 0, 0, 0],790.0808266764368,58301.839560278044,88734.19036740763,false
44,G1_CMAX,G3_TWC,[31, 22, 82, 15, 26, 58, 95, 42, 77, 12, 47, 5, 93, 78, 98, 54, 85, 63, 18, 44, 20, 35, 43, 97, 91, 76, 10, 30, 21, 45, 71, 64, 1, 23, 17, 83, 24, 14, 60, 36, 6, 57, 94, 88, 65, 56, 79, 40, 67, 68, 46, 75, 38, 9, 19, 32, 81, 41, 27, 62, 87, 90, 99, 59, 11, 16, 73, 72, 70, 39, 37, 84, 3, 92, 25, 52, 28, 29, 51, 7, 33, 61, 86, 48, 89, 50, 4, 96, 53, 80, 66, 8, 34, 49, 55, 0, 13, 2, 69, 74]|[1, 1, 0, 1, 1, 1, 2, 1, 2, 1, 2, 2, 2, 1, 1, 0, 0, 1, 0, 2, 2, 0, 0, 2, 0, 1, 2, 2, 0, 0, 1, 2, 1, 2, 1, 0, 2, 0, 1, 1, 0, 1, 1, 1, 0, 2, 1, 1, 0, 0, 0, 0, 1, 1, 2, 1, 2, 0, 0, 0, 2, 1, 0, 2, 2, 1, 1, 2, 1, 1, 1, 1, 2, 0, 1, 1, 0, 0, 0, 1, 2, 1, 0, 0, 1, 0, 0, 0, 0, 0, 0, 1, 2, 0, 1, 0, 0, 0, 1, 2]|[4, 3, 2, 2, 0, 0, 2, 2, 2, 4, 1, 1, 2, 4, 4, 1, 2, 4, 2, 1, 1, 1, 1, 2, 1, 2, 1, 1, 1, 1, 3, 1, 3, 0, 4, 0, 1, 1, 0, 3, 2, 2, 4, 0, 1, 1, 0, 2, 0, 1, 2, 2, 1, 4, 0, 3, 2, 1, 1, 2, 1, 3, 1, 1, 1, 3, 4, 0, 3, 1, 4, 1, 1, 2, 4, 1, 2, 1, 1, 3, 1, 3, 1, 1, 1, 1, 2, 1, 2, 1, 1, 3, 1, 1, 4, 2, 2, 2, 3, 1]|[0, 2, 1, 1, 3, 3, 0, 1, 0, 0, 0, 0, 1, 0, 1, 0, 0, 3, 1, 0, 0, 0, 0, 1, 0, 2, 0, 0, 0, 1, 0, 0, 0, 0, 3, 0, 1, 0, 0, 2, 1, 1, 2, 0, 0, 0, 0, 1, 1, 0, 0, 0, 1, 3, 0, 0, 1, 0, 0, 1, 0, 2, 0, 0, 0, 2, 0, 1, 0, 1, 1, 3, 0, 1, 3, 1, 1, 0, 0, 2, 0, 0, 0, 0, 1, 0, 1, 0, 1, 0, 0, 2, 0, 1, 3, 0, 0, 0, 0, 0],836.877480839539,57407.924574562356,89637.88987542666,true
44,G4_BALANCED,G4_BALANCED,[31, 22, 82, 15, 26, 9, 95, 42, 77, 68, 47, 5, 93, 78, 86, 54, 85, 63, 18, 44, 20, 49, 36, 14, 74, 50, 53, 17, 21, 28, 11, 64, 3, 23, 30, 83, 24, 41, 40, 52, 65, 27, 90, 70, 39, 87, 48, 69, 99, 4, 75, 1, 13, 58, 97, 59, 45, 8, 73, 37, 35, 79, 71, 66, 76, 32, 60, 80, 56, 6, 67, 61, 33, 7, 57, 34, 12, 16, 10, 98, 94, 88, 43, 46, 91, 2, 84, 29, 92, 19, 51, 89, 72, 25, 55, 81, 96, 38, 0, 62]|[2, 1, 2, 1, 1, 0, 1, 1, 1, 1, 1, 0, 2, 2, 1, 2, 0, 0, 0, 2, 2, 1, 0, 2, 0, 2, 2, 1, 0, 1, 1, 1, 0, 0, 1, 0, 2, 1, 2, 2, 0, 0, 1, 1, 0, 2, 0, 2, 1, 0, 0, 2, 0, 0, 2, 0, 1, 1, 0, 0, 2, 1, 1, 2, 2, 0, 2, 2, 0, 1, 2, 1, 1, 2, 0, 1, 1, 2, 1, 0, 2, 1, 1, 0, 1, 2, 0, 1, 0, 1, 1, 1, 1, 1, 0, 1, 2, 0, 0, 1]|[0, 3, 0, 3, 4, 1, 4, 4, 2, 4, 3, 2, 1, 0, 2, 1, 1, 1, 2, 1, 1, 3, 0, 1, 0, 1, 1, 4, 1, 4, 3, 2, 2, 0, 4, 1, 1, 4, 1, 1, 2, 1, 4, 4, 1, 1, 0, 2, 3, 2, 2, 1, 2, 1, 1, 2, 4, 3, 0, 2, 2, 3, 3, 1, 1, 2, 1, 1, 2, 4, 1, 3, 4, 1, 2, 4, 3, 1, 3, 2, 1, 4, 4, 2, 3, 1, 2, 3, 2, 4, 3, 4, 4, 4, 2, 4, 1, 2, 2, 3]|[0, 2, 0, 0, 3, 0, 1, 3, 0, 0, 2, 0, 1, 0, 1, 0, 0, 0, 1, 0, 0, 2, 0, 0, 1, 0, 0, 3, 0, 1, 0, 2, 0, 0, 3, 0, 1, 1, 0, 0, 0, 0, 1, 3, 0, 0, 1, 0, 2, 0, 0, 0, 0, 1, 1, 0, 1, 0, 1, 1, 0, 2, 0, 0, 0, 0, 0, 0, 0, 2, 0, 0, 1, 0, 0, 1, 0, 0, 3, 0, 0, 1, 2, 0, 0, 0, 0, 3, 0, 1, 0, 1, 1, 3, 0, 2, 0, 0, 0, 0],910.6043799092746,50065.14704184415,103171.41511652476,false
44,G2_TEC,G2_TEC,[31, 22, 82, 15, 26, 9, 95, 42, 77, 68, 47, 5, 93, 78, 86, 54, 85, 63, 18, 44, 20, 49, 36, 14, 74, 50, 53, 17, 21, 28, 11, 64, 3, 23, 30, 83, 24, 41, 40, 52, 65, 27, 90, 70, 39, 87, 48, 69, 99, 4, 75, 1, 13, 58, 97, 59, 45, 8, 73, 37, 35, 79, 71, 66, 76, 32, 60, 80, 56, 6, 67, 61, 33, 7, 57, 34, 12, 16, 10, 98, 96, 88, 43, 81, 91, 2, 84, 29, 92, 19, 51, 55, 46, 89, 25, 72, 94, 38, 62, 0]|[2, 1, 2, 1, 1, 2, 1, 1, 1, 1, 1, 0, 2, 2, 1, 2, 0, 0, 0, 2, 2, 1, 0, 2, 0, 2, 2, 1, 0, 1, 1, 1, 0, 0, 1, 0, 2, 1, 2, 2, 0, 0, 1, 1, 0, 2, 0, 2, 1, 0, 0, 2, 0, 0, 2, 0, 1, 1, 0, 0, 2, 1, 1, 2, 2, 0, 2, 2, 2, 1, 2, 1, 1, 2, 0, 1, 1, 2, 1, 2, 0, 1, 1, 1, 1, 0, 0, 1, 0, 1, 1, 0, 0, 1, 1, 1, 2, 0, 1, 2]|[0, 3, 0, 3, 4, 1, 4, 4, 2, 4, 3, 2, 1, 0, 2, 1, 1, 1, 2, 1, 1, 3, 0, 1, 0, 1, 1, 4, 1, 4, 3, 2, 2, 0, 4, 1, 1, 4, 1, 1, 2, 1, 4, 4, 1, 1, 0, 1, 3, 2, 2, 1, 2, 1, 1, 2, 4, 3, 0, 2, 2, 3, 3, 1, 1, 2, 1, 1, 1, 4, 1, 3, 4, 1, 2, 4, 3, 1, 3, 1, 2, 4, 4, 4, 3, 2, 2, 3, 2, 4, 3, 2, 2, 4, 4, 4, 1, 2, 3, 1]|[0, 2, 0, 0, 3, 0, 1, 3, 0, 0, 2, 0, 1, 0, 1, 0, 0, 0, 1, 0, 0, 2, 0, 0, 1, 0, 0, 3, 0, 1, 0, 2, 0, 0, 3, 0, 1, 1, 0, 0, 0, 0, 1, 3, 0, 0, 1, 0, 2, 0, 0, 0, 0, 0, 1, 0, 1, 0, 1, 1, 0, 2, 0, 0, 0, 0, 0, 0, 0, 2, 0, 0, 1, 0, 0, 1, 0, 0, 3, 0, 0, 1, 2, 2, 0, 0, 0, 3, 0, 1, 0, 0, 0, 1, 3, 1, 0, 0, 0, 0],900.0760482104305,49104.85573898611,106612.48357517918,false
44,G3_TWC,G3_TWC,[42, 31, 22, 82, 15, 26, 58, 95, 77, 12, 47, 5, 93, 78, 98, 54, 85, 63, 18, 44, 20, 35, 43, 97, 91, 76, 10, 30, 21, 45, 71, 64, 1, 23, 17, 83, 24, 14, 60, 36, 6, 57, 94, 88, 65, 56, 79, 40, 67, 68, 46, 75, 38, 9, 19, 32, 81, 41, 27, 62, 87, 90, 99, 59, 11, 16, 72, 73, 70, 39, 37, 84, 3, 92, 25, 55, 28, 29, 51, 7, 33, 61, 86, 66, 89, 50, 48, 96, 53, 80, 4, 8, 34, 49, 52, 0, 13, 2, 69, 74]|[1, 1, 1, 0, 1, 1, 1, 2, 2, 1, 2, 2, 2, 1, 1, 0, 0, 1, 0, 2, 2, 0, 1, 2, 0, 1, 2, 2, 0, 0, 1, 2, 1, 2, 1, 0, 2, 0, 1, 1, 0, 1, 1, 1, 0, 2, 1, 1, 0, 0, 0, 0, 1, 1, 2, 1, 2, 0, 0, 0, 2, 1, 0, 1, 2, 1, 2, 1, 1, 1, 1, 1, 2, 0, 1, 1, 0, 0, 0, 1, 2, 1, 0, 2, 1, 0, 0, 0, 0, 0, 0, 1, 2, 0, 1, 0, 0, 0, 1, 2]|[2, 4, 3, 2, 2, 0, 0, 2, 2, 4, 1, 1, 2, 4, 4, 1, 1, 4, 2, 1, 1, 1, 1, 2, 1, 2, 1, 1, 1, 1, 3, 2, 3, 0, 4, 0, 1, 1, 0, 3, 2, 2, 4, 0, 1, 1, 0, 2, 0, 1, 2, 2, 1, 4, 0, 3, 2, 1, 1, 2, 1, 3, 1, 1, 1, 3, 0, 4, 3, 1, 4, 1, 1, 2, 4, 4, 2, 1, 1, 3, 1, 3, 1, 1, 1, 1, 1, 1, 2, 1, 2, 3, 1, 1, 1, 2, 2, 2, 3, 1]|[1, 0, 2, 1, 1, 3, 3, 0, 0, 0, 0, 0, 1, 0, 1, 0, 0, 3, 1, 0, 0, 0, 3, 1, 0, 2, 0, 0, 0, 1, 0, 0, 0, 0, 3, 0, 1, 0, 0, 2, 1, 1, 2, 0, 0, 0, 0, 1, 1, 0, 0, 0, 1, 3, 0, 0, 1, 0, 0, 1, 0, 2, 0, 1, 0, 2, 1, 0, 0, 1, 1, 3, 0, 1, 3, 3, 1, 0, 0, 2, 0, 0, 0, 0, 1, 0, 0, 0, 1, 0, 1, 2, 0, 1, 1, 0, 0, 0, 0, 0],790.0808266764368,58301.839560278044,88734.19036740763,false
44,G1_CMAX,G3_TWC,[31, 22, 82, 15, 26, 58, 95, 42, 77, 12, 47, 5, 93, 78, 98, 54, 85, 63, 18, 44, 20, 35, 43, 97, 91, 76, 10, 30, 21, 45, 71, 64, 1, 23, 17, 83, 24, 14, 60, 36, 6, 57, 94, 88, 65, 56, 79, 40, 67, 68, 46, 75, 39, 9, 19, 32, 81, 96, 27, 62, 87, 90, 99, 59, 11, 16, 72, 73, 70, 38, 37, 84, 3, 92, 25, 55, 28, 29, 51, 7, 33, 61, 86, 48, 89, 50, 66, 41, 53, 80, 4, 8, 34, 49, 52, 0, 13, 2, 69, 74]|[1, 1, 0, 1, 1, 1, 2, 1, 2, 1, 2, 2, 2, 1, 1, 0, 0, 1, 0, 2, 2, 0, 1, 2, 0, 1, 2, 2, 0, 0, 1, 2, 1, 2, 1, 0, 2, 0, 1, 1, 0, 1, 1, 1, 0, 2, 1, 1, 0, 0, 0, 0, 1, 1, 2, 1, 2, 0, 0, 0, 2, 1, 0, 1, 2, 1, 2, 1, 1, 1, 1, 1, 2, 0, 1, 1, 0, 0, 0, 1, 2, 1, 0, 0, 1, 0, 2, 0, 0, 0, 0, 1, 2, 0, 1, 0, 0, 0, 2, 2]|[4, 3, 2, 2, 0, 0, 2, 2, 2, 4, 1, 1, 2, 4, 4, 1, 1, 4, 2, 1, 1, 1, 1, 2, 1, 2, 1, 1, 1, 1, 3, 2, 3, 1, 4, 0, 1, 1, 0, 3, 2, 2, 4, 0, 1, 1, 0, 2, 0, 1, 2, 2, 1, 4, 0, 3, 2, 1, 1, 2, 1, 3, 1, 1, 1, 3, 0, 4, 3, 1, 4, 1, 1, 2, 4, 4, 2, 1, 1, 3, 1, 3, 1, 1, 1, 1, 1, 1, 2, 1, 2, 3, 1, 1, 1, 2, 2, 2, 1, 1]|[0, 2, 1, 1, 3, 3, 0, 1, 0, 0, 0, 0, 1, 0, 1, 0, 0, 3, 1, 0, 0, 0, 3, 1, 0, 2, 0, 0, 0, 1, 0, 0, 0, 0, 3, 0, 1, 0, 0, 2, 1, 1, 2, 0, 0, 0, 0, 1, 1, 0, 0, 0, 1, 3, 0, 0, 1, 0, 0, 1, 0, 2, 0, 1, 0, 2, 1, 0, 0, 1, 1, 3, 0, 1, 3, 3, 1, 0, 0, 2, 0, 0, 0, 0, 1, 0, 0, 0, 1, 0, 1, 2, 0, 1, 1, 0, 0, 0, 0, 0],790.0799945868791,57625.463612529646,89190.60565771193,true
44,G4_BALANCED,G1_CMAX,[22, 82, 3, 58, 95, 42, 77, 47, 5, 93, 78, 12, 86, 54, 50, 63, 18, 44, 20, 35, 43, 97, 91, 76, 10, 30, 21, 45, 71, 64, 36, 23, 17, 83, 24, 14, 60, 1, 6, 40, 57, 90, 65, 56, 79, 94, 67, 68, 46, 75, 38, 9, 19, 32, 81, 41, 27, 62, 16, 55, 59, 89, 88, 87, 31, 72, 73, 70, 39, 37, 84, 92, 25, 11, 48, 15, 29, 51, 7, 33, 61, 98, 28, 99, 26, 85, 66, 96, 53, 80, 4, 8, 34, 49, 52, 2, 13, 0, 69, 74]|[1, 0, 1, 0, 1, 2, 2, 2, 2, 2, 1, 1, 1, 0, 0, 1, 0, 2, 2, 0, 1, 2, 0, 1, 2, 2, 0, 0, 1, 2, 1, 2, 1, 0, 2, 0, 1, 1, 0, 1, 1, 1, 0, 2, 1, 1, 0, 0, 0, 0, 1, 1, 2, 1, 2, 0, 0, 0, 1, 2, 1, 1, 1, 1, 1, 2, 1, 2, 1, 1, 1, 0, 1, 2, 2, 1, 0, 0, 1, 2, 1, 2, 0, 1, 1, 0, 0, 2, 0, 0, 1, 1, 2, 0, 1, 0, 0, 0, 1, 2]|[3, 2, 1, 1, 2, 1, 2, 1, 1, 2, 4, 4, 4, 1, 1, 4, 2, 1, 1, 1, 1, 2, 1, 2, 1, 1, 2, 1, 3, 2, 3, 1, 4, 1, 1, 1, 0, 3, 2, 2, 2, 3, 1, 1, 0, 4, 0, 1, 2, 2, 1, 4, 0, 3, 2, 1, 1, 2, 3, 1, 1, 1, 0, 3, 0, 0, 3, 0, 1, 4, 1, 0, 4, 1, 1, 4, 1, 1, 1, 1, 3, 1, 2, 1, 0, 2, 1, 1, 2, 1, 4, 3, 1, 1, 1, 2, 2, 2, 4, 1]|[3, 1, 2, 0, 1, 0, 0, 0, 0, 1, 0, 0, 1, 0, 0, 3, 1, 0, 0, 0, 3, 1, 0, 2, 0, 0, 0, 1, 0, 0, 2, 0, 3, 0, 1, 0, 0, 0, 1, 1, 1, 2, 0, 0, 0, 2, 1, 0, 0, 0, 1, 3, 0, 0, 1, 0, 0, 1, 2, 0, 1, 1, 0, 2, 0, 1, 0, 1, 1, 1, 1, 1, 3, 0, 0, 3, 0, 0, 2, 0, 0, 0, 1, 1, 3, 0, 0, 0, 1, 0, 0, 2, 0, 1, 1, 0, 0, 0, 2, 0],715.7913946700162,58060.95961022334,95287.06515100288,true
44,G2_TEC,G2_TEC,[31, 22, 82, 15, 26, 9, 95, 42, 77, 68, 47, 5, 93, 78, 86, 54, 85, 63, 18, 44, 20, 49, 36, 14, 74, 50, 53, 17, 21, 28, 11, 64, 3, 23, 30, 83, 24, 41, 40, 52, 65, 27, 90, 70, 39, 87, 48, 69, 99, 4, 75, 1, 13, 58, 97, 59, 45, 8, 73, 37, 35, 79, 71, 66, 76, 32, 60, 80, 56, 6, 67, 61, 33, 7, 57, 34, 12, 16, 10, 98, 96, 88, 43, 81, 91, 2, 84, 29, 92, 19, 51, 55, 46, 89, 25, 72, 94, 38, 62, 0]|[2, 1, 2, 1, 1, 2, 1, 1, 1, 1, 1, 0, 2, 2, 1, 2, 0, 0, 0, 2, 2, 1, 0, 2, 0, 2, 2, 1, 0, 1, 1, 1, 0, 0, 1, 0, 2, 1, 2, 2, 0, 0, 1, 1, 0, 2, 0, 2, 1, 0, 0, 2, 0, 0, 2, 0, 1, 1, 0, 0, 2, 1, 1, 2, 2, 0, 2, 2, 2, 1, 2, 1, 1, 2, 0, 1, 1, 2, 1, 2, 0, 1, 1, 1, 1, 0, 0, 1, 0, 1, 1, 0, 0, 1, 1, 1, 2, 0, 1, 2]|[0, 3, 0, 3, 4, 1, 4, 4, 2, 4, 3, 2, 1, 0, 2, 1, 1, 1, 2, 1, 1, 3, 0, 1, 0, 1, 1, 4, 1, 4, 3, 2, 2, 0, 4, 1, 1, 4, 1, 1, 2, 1, 4, 4, 1, 1, 0, 1, 3, 2, 2, 1, 2, 1, 1, 2, 4, 3, 0, 2, 2, 3, 3, 1, 1, 2, 1, 1, 1, 4, 1, 3, 4, 1, 2, 4, 3, 1, 3, 1, 2, 4, 4, 4, 3, 2, 2, 3, 2, 4, 3, 2, 2, 4, 4, 4, 1, 2, 3, 1]|[0, 2, 0, 0, 3, 0, 1, 3, 0, 0, 2, 0, 1, 0, 1, 0, 0, 0, 1, 0, 0, 2, 0, 0, 1, 0, 0, 3, 0, 1, 0, 2, 0, 0, 3, 0, 1, 1, 0, 0, 0, 0, 1, 3, 0, 0, 1, 0, 2, 0, 0, 0, 0, 0, 1, 0, 1, 0, 1, 1, 0, 2, 0, 0, 0, 0, 0, 0, 0, 2, 0, 0, 1, 0, 0, 1, 0, 0, 3, 0, 0, 1, 2, 2, 0, 0, 0, 3, 0, 1, 0, 0, 0, 1, 3, 1, 0, 0, 0, 0],900.0760482104305,49104.85573898611,106612.48357517918,false
44,G3_TWC,G3_TWC,[42, 31, 22, 82, 15, 26, 58, 95, 77, 12, 47, 5, 93, 78, 98, 54, 85, 63, 18, 44, 20, 35, 43, 97, 91, 76, 10, 30, 21, 45, 71, 64, 1, 23, 17, 83, 24, 14, 60, 36, 6, 57, 94, 88, 65, 56, 79, 40, 67, 68, 46, 75, 38, 9, 19, 32, 81, 41, 27, 62, 87, 90, 99, 59, 11, 16, 72, 73, 70, 39, 37, 84, 3, 92, 25, 55, 28, 29, 51, 7, 33, 61, 86, 66, 89, 50, 48, 96, 53, 80, 4, 8, 34, 49, 52, 0, 13, 2, 69, 74]|[1, 1, 1, 0, 1, 1, 1, 2, 2, 1, 2, 2, 2, 1, 1, 0, 0, 1, 0, 2, 2, 0, 1, 2, 0, 1, 2, 2, 0, 0, 1, 2, 1, 2, 1, 0, 2, 0, 1, 1, 0, 1, 1, 1, 0, 2, 1, 1, 0, 0, 0, 0, 1, 1, 2, 1, 2, 0, 0, 0, 2, 1, 0, 1, 2, 1, 2, 1, 1, 1, 1, 1, 2, 0, 1, 1, 0, 0, 0, 1, 2, 1, 0, 2, 1, 0, 0, 0, 0, 0, 0, 1, 2, 0, 1, 0, 0, 0, 1, 2]|[2, 4, 3, 2, 2, 0, 0, 2, 2, 4, 1, 1, 2, 4, 4, 1, 1, 4, 2, 1, 1, 1, 1, 2, 1, 2, 1, 1, 1, 1, 3, 2, 3, 0, 4, 0, 1, 1, 0, 3, 2, 2, 4, 0, 1, 1, 0, 2, 0, 1, 2, 2, 1, 4, 0, 3, 2, 1, 1, 2, 1, 3, 1, 1, 1, 3, 0, 4, 3, 1, 4, 1, 1, 2, 4, 4, 2, 1, 1, 3, 1, 3, 1, 1, 1, 1, 1, 1, 2, 1, 2, 3, 1, 1, 1, 2, 2, 2, 3, 1]|[1, 0, 2, 1, 1, 3, 3, 0, 0, 0, 0, 0, 1, 0, 1, 0, 0, 3, 1, 0, 0, 0, 3, 1, 0, 2, 0, 0, 0, 1, 0, 0, 0, 0, 3, 0, 1, 0, 0, 2, 1, 1, 2, 0, 0, 0, 0, 1, 1, 0, 0, 0, 1, 3, 0, 0, 1, 0, 0, 1, 0, 2, 0, 1, 0, 2, 1, 0, 0, 1, 1, 3, 0, 1, 3, 3, 1, 0, 0, 2, 0, 0, 0, 0, 1, 0, 0, 0, 1, 0, 1, 2, 0, 1, 1, 0, 0, 0, 0, 0],790.0808266764368,58301.839560278044,88734.19036740763,false
44,G1_CMAX,G1_CMAX,[31, 22, 82, 15, 26, 99, 95, 42, 77, 12, 47, 5, 93, 78, 86, 54, 21, 63, 18, 44, 20, 35, 43, 97, 91, 76, 10, 30, 85, 45, 71, 64, 1, 23, 17, 83, 24, 14, 60, 36, 6, 57, 40, 88, 65, 56, 79, 94, 67, 68, 46, 75, 38, 9, 19, 32, 41, 81, 27, 87, 90, 58, 59, 11, 16, 72, 73, 70, 39, 37, 84, 3, 92, 25, 55, 48, 62, 29, 51, 96, 98, 61, 66, 28, 89, 50, 4, 7, 53, 80, 8, 33, 34, 2, 52, 13, 0, 69, 74, 49]|[1, 1, 0, 1, 1, 0, 1, 1, 2, 1, 2, 2, 2, 1, 1, 0, 0, 1, 0, 2, 2, 0, 1, 2, 0, 1, 2, 2, 0, 0, 1, 2, 1, 2, 1, 0, 2, 0, 1, 1, 0, 1, 1, 1, 0, 2, 1, 1, 0, 0, 0, 0, 1, 1, 2, 1, 0, 2, 0, 2, 1, 0, 1, 2, 1, 2, 1, 1, 1, 1, 1, 1, 0, 1, 2, 0, 0, 0, 0, 2, 2, 1, 2, 0, 1, 0, 1, 2, 0, 0, 1, 2, 2, 0, 1, 0, 0, 1, 2, 0]|[4, 3, 2, 2, 4, 1, 2, 3, 2, 4, 1, 1, 2, 4, 4, 1, 1, 4, 2, 1, 1, 1, 1, 2, 1, 2, 1, 1, 2, 1, 3, 2, 3, 1, 4, 0, 1, 1, 0, 3, 2, 2, 2, 0, 1, 1, 0, 4, 0, 1, 2, 2, 1, 4, 0, 3, 1, 2, 1, 1, 3, 1, 1, 1, 3, 0, 4, 3, 1, 4, 1, 1, 0, 4, 1, 1, 2, 1, 1, 1, 1, 3, 1, 2, 1, 1, 4, 1, 2, 1, 3, 1, 1, 2, 1, 2, 2, 4, 1, 1]|[0, 2, 1, 1, 3, 0, 1, 3, 0, 0, 0, 0, 1, 0, 1, 0, 0, 3, 1, 0, 0, 0, 3, 1, 0, 2, 0, 0, 0, 1, 0, 0, 0, 0, 3, 0, 1, 0, 0, 2, 1, 1, 1, 0, 0, 0, 0, 2, 1, 0, 0, 0, 1, 3, 0, 0, 0, 1, 0, 0, 2, 0, 1, 0, 2, 1, 0, 0, 1, 1, 3, 1, 1, 3, 0, 0, 1, 0, 0, 0, 0, 0, 0, 1, 1, 0, 0, 0, 1, 0, 2, 0, 0, 0, 1, 0, 0, 2, 0, 1],733.6437548344954,56435.96944926724,92290.19097821631,false
44,G4_BALANCED,G1_CMAX,[22, 82, 3, 58, 95, 42, 77, 47, 5, 93, 78, 12, 86, 54, 50, 63, 18, 44, 20, 35, 43, 97, 91, 76, 10, 30, 21, 45, 71, 64, 36, 23, 17, 83, 24, 14, 60, 1, 6, 40, 57, 90, 65, 56, 79, 94, 67, 68, 46, 75, 38, 9, 19, 32, 81, 41, 27, 62, 16, 55, 59, 89, 88, 87, 31, 72, 73, 70, 39, 37, 84, 92, 25, 11, 48, 15, 29, 51, 7, 33, 61, 98, 28, 99, 26, 85, 66, 96, 53, 80, 4, 8, 34, 49, 52, 2, 13, 0, 69, 74]|[1, 0, 1, 0, 1, 2, 2, 2, 2, 2, 1, 1, 1, 0, 0, 1, 0, 2, 2, 0, 1, 2, 0, 1, 2, 2, 0, 0, 1, 2, 1, 2, 1, 0, 2, 0, 1, 1, 0, 1, 1, 1, 0, 2, 1, 1, 0, 0, 0, 0, 1, 1, 2, 1, 2, 0, 0, 0, 1, 2, 1, 1, 1, 1, 1, 2, 1, 2, 1, 1, 1, 0, 1, 2, 2, 1, 0, 0, 1, 2, 1, 2, 0, 1, 1, 0, 0, 2, 0, 0, 1, 1, 2, 0, 1, 0, 0, 0, 1, 2]|[3, 2, 1, 1, 2, 1, 2, 1, 1, 2, 4, 4, 4, 1, 1, 4, 2, 1, 1, 1, 1, 2, 1, 2, 1, 1, 2, 1, 3, 2, 3, 1, 4, 1, 1, 1, 0, 3, 2, 2, 2, 3, 1, 1, 0, 4, 0, 1, 2, 2, 1, 4, 0, 3, 2, 1, 1, 2, 3, 1, 1, 1, 0, 3, 0, 0, 3, 0, 1, 4, 1, 0, 4, 1, 1, 4, 1, 1, 1, 1, 3, 1, 2, 1, 0, 2, 1, 1, 2, 1, 4, 3, 1, 1, 1, 2, 2, 2, 4, 1]|[3, 1, 2, 0, 1, 0, 0, 0, 0, 1, 0, 0, 1, 0, 0, 3, 1, 0, 0, 0, 3, 1, 0, 2, 0, 0, 0, 1, 0, 0, 2, 0, 3, 0, 1, 0, 0, 0, 1, 1, 1, 2, 0, 0, 0, 2, 1, 0, 0, 0, 1, 3, 0, 0, 1, 0, 0, 1, 2, 0, 1, 1, 0, 2, 0, 1, 0, 1, 1, 1, 1, 1, 3, 0, 0, 3, 0, 0, 2, 0, 0, 0, 1, 1, 3, 0, 0, 0, 1, 0, 0, 2, 0, 1, 1, 0, 0, 0, 2, 0],715.7913946700162,58060.95961022334,95287.06515100288,true
44,G2_TEC,G2_TEC,[31, 22, 82, 15, 26, 9, 95, 42, 77, 68, 47, 5, 93, 78, 86, 54, 85, 63, 18, 44, 20, 49, 36, 14, 74, 50, 53, 17, 21, 28, 11, 64, 3, 23, 30, 83, 24, 41, 40, 52, 65, 27, 90, 70, 39, 87, 48, 69, 99, 4, 75, 1, 13, 58, 97, 59, 45, 8, 73, 37, 35, 79, 71, 66, 76, 32, 60, 80, 56, 6, 67, 61, 33, 7, 57, 34, 12, 16, 10, 98, 96, 88, 43, 81, 91, 2, 84, 29, 92, 19, 51, 55, 46, 89, 25, 72, 94, 38, 62, 0]|[2, 1, 2, 1, 1, 2, 1, 1, 1, 1, 1, 0, 2, 2, 1, 2, 0, 0, 0, 2, 2, 1, 0, 2, 0, 2, 2, 1, 0, 1, 1, 1, 0, 0, 1, 0, 2, 1, 2, 2, 0, 0, 1, 1, 0, 2, 0, 2, 1, 0, 0, 2, 0, 0, 2, 0, 1, 1, 0, 0, 2, 1, 1, 2, 2, 0, 2, 2, 2, 1, 2, 1, 1, 2, 0, 1, 1, 2, 1, 2, 0, 1, 1, 1, 1, 0, 0, 1, 0, 1, 1, 0, 0, 1, 1, 1, 2, 0, 1, 2]|[0, 3, 0, 3, 4, 1, 4, 4, 2, 4, 3, 2, 1, 0, 2, 1, 1, 1, 2, 1, 1, 3, 0, 1, 0, 1, 1, 4, 1, 4, 3, 2, 2, 0, 4, 1, 1, 4, 1, 1, 2, 1, 4, 4, 1, 1, 0, 1, 3, 2, 2, 1, 2, 1, 1, 2, 4, 3, 0, 2, 2, 3, 3, 1, 1, 2, 1, 1, 1, 4, 1, 3, 4, 1, 2, 4, 3, 1, 3, 1, 2, 4, 4, 4, 3, 2, 2, 3, 2, 4, 3, 2, 2, 4, 4, 4, 1, 2, 3, 1]|[0, 2, 0, 0, 3, 0, 1, 3, 0, 0, 2, 0, 1, 0, 1, 0, 0, 0, 1, 0, 0, 2, 0, 0, 1, 0, 0, 3, 0, 1, 0, 2, 0, 0, 3, 0, 1, 1, 0, 0, 0, 0, 1, 3, 0, 0, 1, 0, 2, 0, 0, 0, 0, 0, 1, 0, 1, 0, 1, 1, 0, 2, 0, 0, 0, 0, 0, 0, 0, 2, 0, 0, 1, 0, 0, 1, 0, 0, 3, 0, 0, 1, 2, 2, 0, 0, 0, 3, 0, 1, 0, 0, 0, 1, 3, 1, 0, 0, 0, 0],900.0760482104305,49104.85573898611,106612.48357517918,false
44,G3_TWC,G3_TWC,[42, 31, 22, 82, 15, 26, 58, 95, 77, 12, 47, 5, 93, 78, 98, 54, 85, 63, 18, 44, 20, 35, 43, 97, 91, 76, 10, 30, 21, 45, 71, 64, 1, 23, 17, 83, 24, 14, 60, 36, 6, 57, 94, 88, 65, 56, 79, 40, 67, 68, 46, 75, 38, 9, 19, 32, 81, 41, 27, 62, 87, 90, 99, 59, 11, 16, 72, 73, 70, 39, 37, 84, 3, 92, 25, 55, 28, 29, 51, 7, 33, 61, 86, 66, 89, 50, 48, 96, 53, 80, 4, 8, 34, 49, 52, 0, 13, 2, 69, 74]|[1, 1, 1, 0, 1, 1, 1, 2, 2, 1, 2, 2, 2, 1, 1, 0, 0, 1, 0, 2, 2, 0, 1, 2, 0, 1, 2, 2, 0, 0, 1, 2, 1, 2, 1, 0, 2, 0, 1, 1, 0, 1, 1, 1, 0, 2, 1, 1, 0, 0, 0, 0, 1, 1, 2, 1, 2, 0, 0, 0, 2, 1, 0, 1, 2, 1, 2, 1, 1, 1, 1, 1, 2, 0, 1, 1, 0, 0, 0, 1, 2, 1, 0, 2, 1, 0, 0, 0, 0, 0, 0, 1, 2, 0, 1, 0, 0, 0, 1, 2]|[2, 4, 3, 2, 2, 0, 0, 2, 2, 4, 1, 1, 2, 4, 4, 1, 1, 4, 2, 1, 1, 1, 1, 2, 1, 2, 1, 1, 1, 1, 3, 2, 3, 0, 4, 0, 1, 1, 0, 3, 2, 2, 4, 0, 1, 1, 0, 2, 0, 1, 2, 2, 1, 4, 0, 3, 2, 1, 1, 2, 1, 3, 1, 1, 1, 3, 0, 4, 3, 1, 4, 1, 1, 2, 4, 4, 2, 1, 1, 3, 1, 3, 1, 1, 1, 1, 1, 1, 2, 1, 2, 3, 1, 1, 1, 2, 2, 2, 3, 1]|[1, 0, 2, 1, 1, 3, 3, 0, 0, 0, 0, 0, 1, 0, 1, 0, 0, 3, 1, 0, 0, 0, 3, 1, 0, 2, 0, 0, 0, 1, 0, 0, 0, 0, 3, 0, 1, 0, 0, 2, 1, 1, 2, 0, 0, 0, 0, 1, 1, 0, 0, 0, 1, 3, 0, 0, 1, 0, 0, 1, 0, 2, 0, 1, 0, 2, 1, 0, 0, 1, 1, 3, 0, 1, 3, 3, 1, 0, 0, 2, 0, 0, 0, 0, 1, 0, 0, 0, 1, 0, 1, 2, 0, 1, 1, 0, 0, 0, 0, 0],790.0808266764368,58301.839560278044,88734.19036740763,false
44,G1_CMAX,G4_BALANCED,[31, 22, 82, 15, 26, 99, 95, 42, 77, 12, 47, 5, 93, 78, 86, 54, 21, 63, 18, 44, 20, 35, 43, 97, 91, 76, 10, 30, 85, 45, 71, 64, 1, 23, 17, 83, 24, 14, 60, 36, 6, 57, 40, 88, 65, 56, 79, 94, 67, 68, 46, 29, 38, 9, 19, 32, 81, 41, 27, 62, 90, 87, 58, 59, 11, 16, 72, 73, 69, 39, 37, 84, 3, 92, 25, 55, 28, 75, 51, 50, 66, 61, 98, 8, 89, 7, 33, 96, 53, 48, 80, 4, 34, 49, 52, 0, 13, 2, 70, 74]|[1, 1, 0, 1, 1, 0, 1, 2, 2, 1, 2, 2, 2, 1, 0, 0, 0, 1, 0, 2, 2, 0, 1, 2, 0, 1, 2, 2, 0, 0, 1, 2, 1, 2, 1, 0, 2, 0, 1, 1, 0, 1, 1, 1, 0, 2, 1, 1, 0, 0, 0, 0, 1, 1, 2, 1, 0, 0, 0, 2, 1, 2, 0, 1, 2, 1, 2, 1, 1, 1, 1, 1, 1, 0, 1, 2, 0, 0, 0, 0, 0, 1, 2, 0, 1, 1, 2, 2, 0, 0, 0, 0, 2, 0, 1, 0, 0, 0, 1, 2]|[4, 3, 2, 2, 4, 1, 2, 2, 2, 4, 1, 1, 2, 4, 1, 1, 2, 4, 2, 1, 1, 1, 1, 2, 1, 2, 1, 1, 2, 1, 3, 1, 3, 1, 4, 0, 1, 1, 0, 3, 2, 2, 4, 0, 1, 1, 0, 4, 0, 1, 2, 2, 1, 4, 0, 3, 1, 1, 1, 1, 3, 1, 1, 1, 1, 3, 1, 4, 3, 1, 4, 1, 1, 2, 4, 1, 2, 2, 1, 1, 1, 3, 1, 1, 1, 3, 1, 1, 2, 1, 1, 2, 1, 1, 1, 2, 2, 2, 3, 1]|[0, 2, 1, 1, 3, 0, 1, 0, 0, 0, 0, 0, 1, 0, 0, 0, 0, 3, 1, 0, 0, 0, 3, 1, 0, 2, 0, 0, 0, 0, 0, 0, 0, 0, 3, 0, 1, 0, 0, 2, 1, 1, 2, 0, 0, 0, 0, 2, 1, 0, 0, 0, 1, 3, 0, 0, 0, 0, 0, 0, 2, 0, 0, 1, 0, 2, 0, 0, 0, 1, 1, 3, 1, 1, 3, 0, 1, 0, 0, 0, 0, 0, 0, 0, 1, 2, 0, 0, 1, 0, 0, 1, 0, 1, 1, 0, 0, 0, 0, 0],863.2156525299164,54967.12151146544,97648.94693390271,true
44,G4_BALANCED,G1_CMAX,[22, 82, 3, 58, 95, 42, 77, 47, 5, 93, 78, 12, 86, 54, 50, 63, 18, 44, 20, 35, 43, 97, 91, 76, 10, 30, 21, 45, 71, 64, 36, 23, 17, 83, 24, 14, 60, 1, 6, 40, 57, 90, 65, 56, 79, 94, 67, 68, 46, 75, 38, 9, 19, 32, 81, 41, 27, 62, 16, 55, 59, 89, 88, 87, 31, 72, 73, 70, 39, 37, 84, 92, 25, 11, 48, 15, 29, 51, 7, 33, 61, 98, 28, 99, 26, 85, 66, 96, 53, 80, 4, 8, 34, 49, 52, 2, 13, 0, 69, 74]|[1, 0, 1, 0, 1, 2, 2, 2, 2, 2, 1, 1, 1, 0, 0, 1, 0, 2, 2, 0, 1, 2, 0, 1, 2, 2, 0, 0, 1, 2, 1, 2, 1, 0, 2, 0, 1, 1, 0, 1, 1, 1, 0, 2, 1, 1, 0, 0, 0, 0, 1, 1, 2, 1, 2, 0, 0, 0, 1, 2, 1, 1, 1, 1, 1, 2, 1, 2, 1, 1, 1, 0, 1, 2, 2, 1, 0, 0, 1, 2, 1, 2, 0, 1, 1, 0, 0, 2, 0, 0, 1, 1, 2, 0, 1, 0, 0, 0, 1, 2]|[3, 2, 1, 1, 2, 1, 2, 1, 1, 2, 4, 4, 4, 1, 1, 4, 2, 1, 1, 1, 1, 2, 1, 2, 1, 1, 2, 1, 3, 2, 3, 1, 4, 1, 1, 1, 0, 3, 2, 2, 2, 3, 1, 1, 0, 4, 0, 1, 2, 2, 1, 4, 0, 3, 2, 1, 1, 2, 3, 1, 1, 1, 0, 3, 0, 0, 3, 0, 1, 4, 1, 0, 4, 1, 1, 4, 1, 1, 1, 1, 3, 1, 2, 1, 0, 2, 1, 1, 2, 1, 4, 3, 1, 1, 1, 2, 2, 2, 4, 1]|[3, 1, 2, 0, 1, 0, 0, 0, 0, 1, 0, 0, 1, 0, 0, 3, 1, 0, 0, 0, 3, 1, 0, 2, 0, 0, 0, 1, 0, 0, 2, 0, 3, 0, 1, 0, 0, 0, 1, 1, 1, 2, 0, 0, 0, 2, 1, 0, 0, 0, 1, 3, 0, 0, 1, 0, 0, 1, 2, 0, 1, 1, 0, 2, 0, 1, 0, 1, 1, 1, 1, 1, 3, 0, 0, 3, 0, 0, 2, 0, 0, 0, 1, 1, 3, 0, 0, 0, 1, 0, 0, 2, 0, 1, 1, 0, 0, 0, 2, 0],715.7913946700162,58060.95961022334,95287.06515100288,true
44,G2_TEC,G2_TEC,[31, 22, 82, 15, 26, 9, 95, 42, 77, 68, 47, 5, 93, 78, 86, 54, 85, 63, 18, 44, 20, 49, 36, 14, 74, 50, 53, 17, 21, 28, 11, 64, 3, 23, 30, 83, 24, 41, 40, 52, 65, 27, 90, 70, 39, 87, 48, 69, 99, 4, 75, 1, 13, 58, 97, 59, 45, 8, 73, 37, 35, 79, 71, 66, 76, 32, 60, 80, 56, 6, 67, 61, 33, 7, 57, 34, 12, 16, 10, 98, 96, 88, 43, 81, 91, 2, 84, 29, 92, 19, 51, 55, 46, 89, 25, 72, 94, 38, 62, 0]|[2, 1, 2, 1, 1, 2, 1, 1, 1, 1, 1, 0, 2, 2, 1, 2, 0, 0, 0, 2, 2, 1, 0, 2, 0, 2, 2, 1, 0, 1, 1, 1, 0, 0, 1, 0, 2, 1, 2, 2, 0, 0, 1, 1, 0, 2, 0, 2, 1, 0, 0, 2, 0, 0, 2, 0, 1, 1, 0, 0, 2, 1, 1, 2, 2, 0, 2, 2, 2, 1, 2, 1, 1, 2, 0, 1, 1, 2, 1, 2, 0, 1, 1, 1, 1, 0, 0, 1, 0, 1, 1, 0, 0, 1, 1, 1, 2, 0, 1, 2]|[0, 3, 0, 3, 4, 1, 4, 4, 2, 4, 3, 2, 1, 0, 2, 1, 1, 1, 2, 1, 1, 3, 0, 1, 0, 1, 1, 4, 1, 4, 3, 2, 2, 0, 4, 1, 1, 4, 1, 1, 2, 1, 4, 4, 1, 1, 0, 1, 3, 2, 2, 1, 2, 1, 1, 2, 4, 3, 0, 2, 2, 3, 3, 1, 1, 2, 1, 1, 1, 4, 1, 3, 4, 1, 2, 4, 3, 1, 3, 1, 2, 4, 4, 4, 3, 2, 2, 3, 2, 4, 3, 2, 2, 4, 4, 4, 1, 2, 3, 1]|[0, 2, 0, 0, 3, 0, 1, 3, 0, 0, 2, 0, 1, 0, 1, 0, 0, 0, 1, 0, 0, 2, 0, 0, 1, 0, 0, 3, 0, 1, 0, 2, 0, 0, 3, 0, 1, 1, 0, 0, 0, 0, 1, 3, 0, 0, 1, 0, 2, 0, 0, 0, 0, 0, 1, 0, 1, 0, 1, 1, 0, 2, 0, 0, 0, 0, 0, 0, 0, 2, 0, 0, 1, 0, 0, 1, 0, 0, 3, 0, 0, 1, 2, 2, 0, 0, 0, 3, 0, 1, 0, 0, 0, 1, 3, 1, 0, 0, 0, 0],900.0760482104305,49104.85573898611,106612.48357517918,false
44,G3_TWC,G3_TWC,[42, 31, 22, 82, 15, 26, 58, 95, 77, 12, 47, 5, 93, 78, 98, 54, 85, 63, 18, 44, 20, 35, 43, 97, 91, 76, 10, 30, 21, 45, 71, 64, 1, 23, 17, 83, 24, 14, 60, 36, 6, 57, 94, 88, 65, 56, 79, 40, 67, 68, 46, 75, 38, 9, 19, 32, 81, 41, 27, 62, 87, 90, 99, 59, 11, 16, 72, 73, 70, 39, 37, 84, 3, 92, 25, 55, 28, 29, 51, 7, 33, 61, 86, 66, 89, 50, 48, 96, 53, 80, 4, 8, 34, 49, 52, 0, 13, 2, 69, 74]|[1, 1, 1, 0, 1, 1, 1, 2, 2, 1, 2, 2, 2, 1, 1, 0, 0, 1, 0, 2, 2, 0, 1, 2, 0, 1, 2, 2, 0, 0, 1, 2, 1, 2, 1, 0, 2, 0, 1, 1, 0, 1, 1, 1, 0, 2, 1, 1, 0, 0, 0, 0, 1, 1, 2, 1, 2, 0, 0, 0, 2, 1, 0, 1, 2, 1, 2, 1, 1, 1, 1, 1, 2, 0, 1, 1, 0, 0, 0, 1, 2, 1, 0, 2, 1, 0, 0, 0, 0, 0, 0, 1, 2, 0, 1, 0, 0, 0, 1, 2]|[2, 4, 3, 2, 2, 0, 0, 2, 2, 4, 1, 1, 2, 4, 4, 1, 1, 4, 2, 1, 1, 1, 1, 2, 1, 2, 1, 1, 1, 1, 3, 2, 3, 0, 4, 0, 1, 1, 0, 3, 2, 2, 4, 0, 1, 1, 0, 2, 0, 1, 2, 2, 1, 4, 0, 3, 2, 1, 1, 2, 1, 3, 1, 1, 1, 3, 0, 4, 3, 1, 4, 1, 1, 2, 4, 4, 2, 1, 1, 3, 1, 3, 1, 1, 1, 1, 1, 1, 2, 1, 2, 3, 1, 1, 1, 2, 2, 2, 3, 1]|[1, 0, 2, 1, 1, 3, 3, 0, 0, 0, 0, 0, 1, 0, 1, 0, 0, 3, 1, 0, 0, 0, 3, 1, 0, 2, 0, 0, 0, 1, 0, 0, 0, 0, 3, 0, 1, 0, 0, 2, 1, 1, 2, 0, 0, 0, 0, 1, 1, 0, 0, 0, 1, 3, 0, 0, 1, 0, 0, 1, 0, 2, 0, 1, 0, 2, 1, 0, 0, 1, 1, 3, 0, 1, 3, 3, 1, 0, 0, 2, 0, 0, 0, 0, 1, 0, 0, 0, 1, 0, 1, 2, 0, 1, 1, 0, 0, 0, 0, 0],790.0808266764368,58301.839560278044,88734.19036740763,false
44,G1_CMAX,G3_TWC,[31, 22, 82, 15, 26, 58, 95, 42, 77, 12, 47, 5, 93, 78, 98, 54, 85, 63, 18, 44, 20, 35, 43, 97, 91, 76, 10, 30, 21, 45, 71, 64, 1, 23, 17, 83, 24, 14, 60, 36, 6, 57, 94, 88, 65, 56, 79, 40, 67, 68, 46, 75, 39, 9, 19, 32, 81, 96, 27, 62, 87, 90, 99, 59, 11, 16, 72, 73, 70, 38, 37, 84, 3, 51, 25, 55, 28, 29, 92, 7, 33, 61, 86, 48, 89, 50, 69, 41, 53, 80, 4, 8, 34, 49, 52, 0, 13, 2, 66, 74]|[1, 1, 0, 1, 1, 1, 2, 1, 2, 1, 2, 2, 2, 1, 1, 0, 0, 1, 0, 2, 2, 0, 1, 2, 0, 1, 2, 2, 0, 0, 1, 2, 1, 2, 1, 0, 2, 0, 1, 1, 0, 1, 1, 1, 0, 2, 1, 1, 0, 0, 0, 0, 1, 1, 2, 1, 2, 0, 0, 0, 2, 1, 0, 1, 2, 1, 2, 1, 1, 1, 1, 1, 2, 0, 1, 1, 0, 0, 0, 1, 2, 1, 0, 0, 1, 0, 2, 0, 0, 0, 0, 1, 2, 0, 1, 0, 0, 0, 2, 2]|[4, 3, 2, 2, 0, 0, 2, 2, 2, 4, 1, 1, 2, 4, 4, 1, 1, 4, 2, 1, 1, 1, 1, 2, 1, 2, 1, 1, 1, 1, 3, 2, 3, 0, 4, 0, 1, 1, 0, 3, 2, 2, 4, 0, 1, 1, 0, 2, 0, 1, 2, 2, 1, 4, 0, 3, 2, 1, 1, 2, 1, 3, 1, 1, 1, 3, 0, 4, 3, 1, 4, 1, 1, 1, 4, 4, 2, 1, 2, 3, 1, 3, 1, 1, 1, 1, 1, 1, 2, 1, 2, 3, 1, 1, 1, 2, 2, 2, 1, 1]|[0, 2, 1, 1, 3, 3, 0, 1, 0, 0, 0, 0, 1, 0, 1, 0, 0, 3, 1, 0, 0, 0, 3, 1, 0, 2, 0, 0, 0, 1, 0, 0, 0, 0, 3, 0, 1, 0, 0, 2, 1, 1, 2, 0, 0, 0, 0, 1, 1, 0, 0, 0, 1, 3, 0, 0, 1, 0, 0, 1, 0, 2, 0, 1, 0, 2, 1, 0, 0, 1, 1, 3, 0, 0, 3, 3, 1, 0, 1, 2, 0, 0, 0, 0, 1, 0, 0, 0, 1, 0, 1, 2, 0, 1, 1, 0, 0, 0, 0, 0],790.9023961408301,57693.759236216254,89136.6701683821,true
44,G4_BALANCED,G1_CMAX,[22, 82, 3, 58, 95, 42, 77, 47, 5, 93, 78, 12, 86, 54, 50, 63, 18, 44, 20, 35, 43, 97, 91, 76, 10, 30, 21, 45, 71, 64, 36, 23, 17, 83, 24, 14, 60, 1, 6, 40, 57, 90, 65, 56, 79, 94, 67, 68, 46, 75, 38, 9, 19, 32, 81, 41, 27, 62, 16, 55, 59, 89, 88, 87, 31, 72, 73, 70, 39, 37, 84, 92, 25, 11, 48, 15, 29, 51, 7, 33, 61, 98, 28, 99, 26, 85, 66, 96, 53, 80, 4, 8, 34, 49, 52, 2, 13, 0, 69, 74]|[1, 0, 1, 0, 1, 2, 2, 2, 2, 2, 1, 1, 1, 0, 0, 1, 0, 2, 2, 0, 1, 2, 0, 1, 2, 2, 0, 0, 1, 2, 1, 2, 1, 0, 2, 0, 1, 1, 0, 1, 1, 1, 0, 2, 1, 1, 0, 0, 0, 0, 1, 1, 2, 1, 2, 0, 0, 0, 1, 2, 1, 1, 1, 1, 1, 2, 1, 2, 1, 1, 1, 0, 1, 2, 2, 1, 0, 0, 1, 2, 1, 2, 0, 1, 1, 0, 0, 2, 0, 0, 1, 1, 2, 0, 1, 0, 0, 0, 1, 2]|[3, 2, 1, 1, 2, 1, 2, 1, 1, 2, 4, 4, 4, 1, 1, 4, 2, 1, 1, 1, 1, 2, 1, 2, 1, 1, 2, 1, 3, 2, 3, 1, 4, 1, 1, 1, 0, 3, 2, 2, 2, 3, 1, 1, 0, 4, 0, 1, 2, 2, 1, 4, 0, 3, 2, 1, 1, 2, 3, 1, 1, 1, 0, 3, 0, 0, 3, 0, 1, 4, 1, 0, 4, 1, 1, 4, 1, 1, 1, 1, 3, 1, 2, 1, 0, 2, 1, 1, 2, 1, 4, 3, 1, 1, 1, 2, 2, 2, 4, 1]|[3, 1, 2, 0, 1, 0, 0, 0, 0, 1, 0, 0, 1, 0, 0, 3, 1, 0, 0, 0, 3, 1, 0, 2, 0, 0, 0, 1, 0, 0, 2, 0, 3, 0, 1, 0, 0, 0, 1, 1, 1, 2, 0, 0, 0, 2, 1, 0, 0, 0, 1, 3, 0, 0, 1, 0, 0, 1, 2, 0, 1, 1, 0, 2, 0, 1, 0, 1, 1, 1, 1, 1, 3, 0, 0, 3, 0, 0, 2, 0, 0, 0, 1, 1, 3, 0, 0, 0, 1, 0, 0, 2, 0, 1, 1, 0, 0, 0, 2, 0],715.7913946700162,58060.95961022334,95287.06515100288,true
44,G2_TEC,G2_TEC,[31, 22, 82, 15, 26, 9, 95, 42, 77, 68, 47, 5, 93, 78, 86, 54, 85, 63, 18, 44, 20, 49, 36, 14, 74, 50, 53, 17, 21, 28, 11, 64, 3, 23, 30, 83, 24, 41, 40, 52, 65, 27, 90, 70, 39, 87, 48, 69, 99, 4, 75, 1, 13, 58, 97, 59, 45, 8, 73, 37, 35, 79, 71, 66, 76, 32, 60, 80, 56, 6, 67, 61, 33, 7, 57, 34, 12, 16, 10, 98, 96, 88, 43, 81, 91, 2, 84, 29, 92, 19, 51, 55, 46, 89, 25, 72, 94, 38, 62, 0]|[2, 1, 2, 1, 1, 2, 1, 1, 1, 1, 1, 0, 2, 2, 1, 2, 0, 0, 0, 2, 2, 1, 0, 2, 0, 2, 2, 1, 0, 1, 1, 1, 0, 0, 1, 0, 2, 1, 2, 2, 0, 0, 1, 1, 0, 2, 0, 2, 1, 0, 0, 2, 0, 0, 2, 0, 1, 1, 0, 0, 2, 1, 1, 2, 2, 0, 2, 2, 2, 1, 2, 1, 1, 2, 0, 1, 1, 2, 1, 2, 0, 1, 1, 1, 1, 0, 0, 1, 0, 1, 1, 0, 0, 1, 1, 1, 2, 0, 1, 2]|[0, 3, 0, 3, 4, 1, 4, 4, 2, 4, 3, 2, 1, 0, 2, 1, 1, 1, 2, 1, 1, 3, 0, 1, 0, 1, 1, 4, 1, 4, 3, 2, 2, 0, 4, 1, 1, 4, 1, 1, 2, 1, 4, 4, 1, 1, 0, 1, 3, 2, 2, 1, 2, 1, 1, 2, 4, 3, 0, 2, 2, 3, 3, 1, 1, 2, 1, 1, 1, 4, 1, 3, 4, 1, 2, 4, 3, 1, 3, 1, 2, 4, 4, 4, 3, 2, 2, 3, 2, 4, 3, 2, 2, 4, 4, 4, 1, 2, 3, 1]|[0, 2, 0, 0, 3, 0, 1, 3, 0, 0, 2, 0, 1, 0, 1, 0, 0, 0, 1, 0, 0, 2, 0, 0, 1, 0, 0, 3, 0, 1, 0, 2, 0, 0, 3, 0, 1, 1, 0, 0, 0, 0, 1, 3, 0, 0, 1, 0, 2, 0, 0, 0, 0, 0, 1, 0, 1, 0, 1, 1, 0, 2, 0, 0, 0, 0, 0, 0, 0, 2, 0, 0, 1, 0, 0, 1, 0, 0, 3, 0, 0, 1, 2, 2, 0, 0, 0, 3, 0, 1, 0, 0, 0, 1, 3, 1, 0, 0, 0, 0],900.0760482104305,49104.85573898611,106612.48357517918,false
44,G3_TWC,G3_TWC,[42, 31, 22, 82, 15, 26, 58, 95, 77, 12, 47, 5, 93, 78, 98, 54, 85, 63, 18, 44, 20, 35, 43, 97, 91, 76, 10, 30, 21, 45, 71, 64, 1, 23, 17, 83, 24, 14, 60, 36, 6, 57, 94, 88, 65, 56, 79, 40, 67, 68, 46, 75, 38, 9, 19, 32, 81, 41, 27, 62, 87, 90, 99, 59, 11, 16, 72, 73, 70, 39, 37, 84, 3, 92, 25, 55, 28, 29, 51, 7, 33, 61, 86, 66, 89, 50, 48, 96, 53, 80, 4, 8, 34, 49, 52, 0, 13, 2, 69, 74]|[1, 1, 1, 0, 1, 1, 1, 2, 2, 1, 2, 2, 2, 1, 1, 0, 0, 1, 0, 2, 2, 0, 1, 2, 0, 1, 2, 2, 0, 0, 1, 2, 1, 2, 1, 0, 2, 0, 1, 1, 0, 1, 1, 1, 0, 2, 1, 1, 0, 0, 0, 0, 1, 1, 2, 1, 2, 0, 0, 0, 2, 1, 0, 1, 2, 1, 2, 1, 1, 1, 1, 1, 2, 0, 1, 1, 0, 0, 0, 1, 2, 1, 0, 2, 1, 0, 0, 0, 0, 0, 0, 1, 2, 0, 1, 0, 0, 0, 1, 2]|[2, 4, 3, 2, 2, 0, 0, 2, 2, 4, 1, 1, 2, 4, 4, 1, 1, 4, 2, 1, 1, 1, 1, 2, 1, 2, 1, 1, 1, 1, 3, 2, 3, 0, 4, 0, 1, 1, 0, 3, 2, 2, 4, 0, 1, 1, 0, 2, 0, 1, 2, 2, 1, 4, 0, 3, 2, 1, 1, 2, 1, 3, 1, 1, 1, 3, 0, 4, 3, 1, 4, 1, 1, 2, 4, 4, 2, 1, 1, 3, 1, 3, 1, 1, 1, 1, 1, 1, 2, 1, 2, 3, 1, 1, 1, 2, 2, 2, 3, 1]|[1, 0, 2, 1, 1, 3, 3, 0, 0, 0, 0, 0, 1, 0, 1, 0, 0, 3, 1, 0, 0, 0, 3, 1, 0, 2, 0, 0, 0, 1, 0, 0, 0, 0, 3, 0, 1, 0, 0, 2, 1, 1, 2, 0, 0, 0, 0, 1, 1, 0, 0, 0, 1, 3, 0, 0, 1, 0, 0, 1, 0, 2, 0, 1, 0, 2, 1, 0, 0, 1, 1, 3, 0, 1, 3, 3, 1, 0, 0, 2, 0, 0, 0, 0, 1, 0, 0, 0, 1, 0, 1, 2, 0, 1, 1, 0, 0, 0, 0, 0],790.0808266764368,58301.839560278044,88734.19036740763,false
44,G1_CMAX,G3_TWC,[31, 22, 82, 15, 26, 58, 95, 42, 77, 12, 47, 5, 93, 78, 98, 54, 85, 63, 18, 44, 20, 35, 43, 97, 91, 76, 10, 30, 21, 45, 71, 64, 1, 23, 17, 83, 24, 14, 60, 36, 6, 57, 94, 88, 65, 56, 79, 40, 67, 68, 46, 75, 39, 9, 19, 32, 81, 96, 27, 62, 87, 90, 99, 59, 11, 16, 72, 73, 70, 38, 37, 84, 3, 92, 25, 55, 28, 29, 51, 7, 33, 61, 86, 48, 89, 34, 66, 41, 53, 80, 4, 8, 50, 49, 52, 0, 13, 2, 69, 74]|[1, 1, 0, 1, 1, 1, 2, 1, 2, 1, 2, 2, 2, 1, 1, 0, 0, 1, 0, 2, 2, 0, 1, 2, 0, 1, 2, 2, 0, 0, 1, 2, 1, 2, 1, 0, 2, 0, 1, 1, 0, 1, 1, 1, 0, 2, 1, 1, 0, 0, 0, 0, 1, 1, 2, 1, 2, 0, 0, 0, 2, 1, 0, 1, 2, 1, 2, 1, 1, 1, 1, 1, 2, 0, 1, 1, 0, 0, 0, 1, 2, 1, 0, 0, 1, 2, 2, 0, 0, 0, 0, 1, 0, 0, 1, 0, 0, 0, 2, 0]|[4, 3, 2, 2, 0, 0, 2, 2, 2, 4, 1, 1, 2, 4, 4, 1, 1, 4, 2, 1, 1, 1, 1, 2, 1, 2, 1, 1, 1, 1, 3, 2, 3, 0, 4, 0, 1, 1, 0, 3, 2, 2, 4, 0, 1, 1, 0, 2, 0, 1, 2, 2, 1, 4, 0, 3, 2, 1, 1, 2, 1, 3, 1, 1, 1, 3, 0, 4, 3, 1, 4, 1, 1, 2, 4, 4, 2, 1, 1, 3, 1, 3, 1, 1, 1, 1, 1, 1, 2, 1, 2, 3, 1, 1, 1, 2, 2, 2, 1, 2]|[0, 2, 1, 1, 3, 3, 0, 1, 0, 0, 0, 0, 1, 0, 1, 0, 0, 3, 1, 0, 0, 0, 3, 1, 0, 2, 0, 0, 0, 1, 0, 0, 0, 0, 3, 0, 1, 0, 0, 2, 1, 1, 2, 0, 0, 0, 0, 1, 1, 0, 0, 0, 1, 3, 0, 0, 1, 0, 0, 1, 0, 2, 0, 1, 0, 2, 1, 0, 0, 1, 1, 3, 0, 1, 3, 3, 1, 0, 0, 2, 0, 0, 0, 0, 1, 0, 0, 0, 1, 0, 1, 2, 0, 1, 1, 0, 0, 0, 0, 0],840.1328002353486,57828.303038560014,88747.12306132616,true
44,G4_BALANCED,G1_CMAX,[22, 82, 3, 58, 95, 42, 77, 47, 5, 93, 78, 12, 86, 54, 50, 63, 18, 44, 20, 35, 43, 97, 91, 76, 10, 30, 21, 45, 71, 64, 36, 23, 17, 83, 24, 14, 60, 1, 6, 40, 57, 90, 65, 56, 79, 94, 67, 68, 46, 75, 38, 9, 19, 32, 81, 41, 27, 62, 16, 55, 59, 89, 88, 87, 31, 72, 73, 70, 39, 37, 84, 92, 25, 11, 48, 15, 29, 51, 7, 33, 61, 98, 28, 99, 26, 85, 66, 96, 53, 80, 4, 8, 34, 49, 52, 2, 13, 0, 69, 74]|[1, 0, 1, 0, 1, 2, 2, 2, 2, 2, 1, 1, 1, 0, 0, 1, 0, 2, 2, 0, 1, 2, 0, 1, 2, 2, 0, 0, 1, 2, 1, 2, 1, 0, 2, 0, 1, 1, 0, 1, 1, 1, 0, 2, 1, 1, 0, 0, 0, 0, 1, 1, 2, 1, 2, 0, 0, 0, 1, 2, 1, 1, 1, 1, 1, 2, 1, 2, 1, 1, 1, 0, 1, 2, 2, 1, 0, 0, 1, 2, 1, 2, 0, 1, 1, 0, 0, 2, 0, 0, 1, 1, 2, 0, 1, 0, 0, 0, 1, 2]|[3, 2, 1, 1, 2, 1, 2, 1, 1, 2, 4, 4, 4, 1, 1, 4, 2, 1, 1, 1, 1, 2, 1, 2, 1, 1, 2, 1, 3, 2, 3, 1, 4, 1, 1, 1, 0, 3, 2, 2, 2, 3, 1, 1, 0, 4, 0, 1, 2, 2, 1, 4, 0, 3, 2, 1, 1, 2, 3, 1, 1, 1, 0, 3, 0, 0, 3, 0, 1, 4, 1, 0, 4, 1, 1, 4, 1, 1, 1, 1, 3, 1, 2, 1, 0, 2, 1, 1, 2, 1, 4, 3, 1, 1, 1, 2, 2, 2, 4, 1]|[3, 1, 2, 0, 1, 0, 0, 0, 0, 1, 0, 0, 1, 0, 0, 3, 1, 0, 0, 0, 3, 1, 0, 2, 0, 0, 0, 1, 0, 0, 2, 0, 3, 0, 1, 0, 0, 0, 1, 1, 1, 2, 0, 0, 0, 2, 1, 0, 0, 0, 1, 3, 0, 0, 1, 0, 0, 1, 2, 0, 1, 1, 0, 2, 0, 1, 0, 1, 1, 1, 1, 1, 3, 0, 0, 3, 0, 0, 2, 0, 0, 0, 1, 1, 3, 0, 0, 0, 1, 0, 0, 2, 0, 1, 1, 0, 0, 0, 2, 0],715.7913946700162,58060.95961022334,95287.06515100288,true
44,G2_TEC,G2_TEC,[31, 22, 82, 15, 26, 9, 95, 42, 77, 68, 47, 5, 93, 78, 86, 54, 85, 63, 18, 44, 20, 49, 36, 14, 74, 50, 53, 17, 21, 28, 11, 64, 3, 23, 30, 83, 24, 41, 40, 52, 65, 27, 90, 70, 39, 87, 48, 69, 99, 4, 75, 1, 13, 58, 97, 59, 45, 8, 73, 37, 35, 79, 71, 66, 76, 32, 60, 80, 56, 6, 67, 61, 33, 7, 57, 34, 12, 16, 10, 98, 96, 88, 43, 81, 91, 2, 84, 29, 92, 19, 51, 55, 46, 89, 25, 72, 94, 38, 62, 0]|[2, 1, 2, 1, 1, 2, 1, 1, 1, 1, 1, 0, 2, 2, 1, 2, 0, 0, 0, 2, 2, 1, 0, 2, 0, 2, 2, 1, 0, 1, 1, 1, 0, 0, 1, 0, 2, 1, 2, 2, 0, 0, 1, 1, 0, 2, 0, 2, 1, 0, 0, 2, 0, 0, 2, 0, 1, 1, 0, 0, 2, 1, 1, 2, 2, 0, 2, 2, 2, 1, 2, 1, 1, 2, 0, 1, 1, 2, 1, 2, 0, 1, 1, 1, 1, 0, 0, 1, 0, 1, 1, 0, 0, 1, 1, 1, 2, 0, 1, 2]|[0, 3, 0, 3, 4, 1, 4, 4, 2, 4, 3, 2, 1, 0, 2, 1, 1, 1, 2, 1, 1, 3, 0, 1, 0, 1, 1, 4, 1, 4, 3, 2, 2, 0, 4, 1, 1, 4, 1, 1, 2, 1, 4, 4, 1, 1, 0, 1, 3, 2, 2, 1, 2, 1, 1, 2, 4, 3, 0, 2, 2, 3, 3, 1, 1, 2, 1, 1, 1, 4, 1, 3, 4, 1, 2, 4, 3, 1, 3, 1, 2, 4, 4, 4, 3, 2, 2, 3, 2, 4, 3, 2, 2, 4, 4, 4, 1, 2, 3, 1]|[0, 2, 0, 0, 3, 0, 1, 3, 0, 0, 2, 0, 1, 0, 1, 0, 0, 0, 1, 0, 0, 2, 0, 0, 1, 0, 0, 3, 0, 1, 0, 2, 0, 0, 3, 0, 1, 1, 0, 0, 0, 0, 1, 3, 0, 0, 1, 0, 2, 0, 0, 0, 0, 0, 1, 0, 1, 0, 1, 1, 0, 2, 0, 0, 0, 0, 0, 0, 0, 2, 0, 0, 1, 0, 0, 1, 0, 0, 3, 0, 0, 1, 2, 2, 0, 0, 0, 3, 0, 1, 0, 0, 0, 1, 3, 1, 0, 0, 0, 0],900.0760482104305,49104.85573898611,106612.48357517918,false
44,G3_TWC,G3_TWC,[42, 31, 22, 82, 15, 26, 58, 95, 77, 12, 47, 5, 93, 78, 98, 54, 85, 63, 18, 44, 20, 35, 43, 97, 91, 76, 10, 30, 21, 45, 71, 64, 1, 23, 17, 83, 24, 14, 60, 36, 6, 57, 94, 88, 65, 56, 79, 40, 67, 68, 46, 75, 38, 9, 19, 32, 81, 41, 27, 62, 87, 90, 99, 59, 11, 16, 72, 73, 70, 39, 37, 84, 3, 92, 25, 55, 28, 29, 51, 7, 33, 61, 86, 66, 89, 50, 48, 96, 53, 80, 4, 8, 34, 49, 52, 0, 13, 2, 69, 74]|[1, 1, 1, 0, 1, 1, 1, 2, 2, 1, 2, 2, 2, 1, 1, 0, 0, 1, 0, 2, 2, 0, 1, 2, 0, 1, 2, 2, 0, 0, 1, 2, 1, 2, 1, 0, 2, 0, 1, 1, 0, 1, 1, 1, 0, 2, 1, 1, 0, 0, 0, 0, 1, 1, 2, 1, 2, 0, 0, 0, 2, 1, 0, 1, 2, 1, 2, 1, 1, 1, 1, 1, 2, 0, 1, 1, 0, 0, 0, 1, 2, 1, 0, 2, 1, 0, 0, 0, 0, 0, 0, 1, 2, 0, 1, 0, 0, 0, 1, 2]|[2, 4, 3, 2, 2, 0, 0, 2, 2, 4, 1, 1, 2, 4, 4, 1, 1, 4, 2, 1, 1, 1, 1, 2, 1, 2, 1, 1, 1, 1, 3, 2, 3, 0, 4, 0, 1, 1, 0, 3, 2, 2, 4, 0, 1, 1, 0, 2, 0, 1, 2, 2, 1, 4, 0, 3, 2, 1, 1, 2, 1, 3, 1, 1, 1, 3, 0, 4, 3, 1, 4, 1, 1, 2, 4, 4, 2, 1, 1, 3, 1, 3, 1, 1, 1, 1, 1, 1, 2, 1, 2, 3, 1, 1, 1, 2, 2, 2, 3, 1]|[1, 0, 2, 1, 1, 3, 3, 0, 0, 0, 0, 0, 1, 0, 1, 0, 0, 3, 1, 0, 0, 0, 3, 1, 0, 2, 0, 0, 0, 1, 0, 0, 0, 0, 3, 0, 1, 0, 0, 2, 1, 1, 2, 0, 0, 0, 0, 1, 1, 0, 0, 0, 1, 3, 0, 0, 1, 0, 0, 1, 0, 2, 0, 1, 0, 2, 1, 0, 0, 1, 1, 3, 0, 1, 3, 3, 1, 0, 0, 2, 0, 0, 0, 0, 1, 0, 0, 0, 1, 0, 1, 2, 0, 1, 1, 0, 0, 0, 0, 0],790.0808266764368,58301.839560278044,88734.19036740763,false
44,G1_CMAX,G3_TWC,[42, 31, 22, 82, 15, 26, 58, 95, 77, 12, 47, 5, 93, 78, 98, 54, 85, 63, 18, 44, 20, 35, 43, 97, 91, 76, 10, 30, 21, 45, 71, 64, 1, 23, 17, 83, 24, 14, 60, 36, 6, 57, 94, 88, 65, 56, 79, 40, 67, 68, 46, 75, 38, 9, 19, 32, 81, 41, 27, 62, 87, 90, 99, 59, 11, 16, 72, 73, 70, 39, 37, 84, 3, 92, 25, 55, 28, 29, 51, 7, 33, 61, 86, 48, 89, 50, 4, 96, 53, 80, 8, 69, 34, 66, 74, 2, 13, 0, 49, 52]|[1, 1, 1, 0, 1, 1, 1, 2, 2, 1, 2, 2, 2, 1, 1, 0, 0, 1, 0, 2, 2, 0, 1, 2, 0, 1, 2, 2, 0, 0, 1, 2, 1, 2, 1, 0, 2, 0, 1, 1, 0, 1, 1, 1, 0, 2, 1, 1, 0, 0, 0, 0, 1, 1, 2, 1, 2, 0, 0, 0, 2, 1, 0, 1, 2, 1, 2, 1, 1, 1, 1, 1, 2, 0, 1, 1, 0, 0, 0, 1, 2, 1, 0, 0, 1, 0, 0, 0, 0, 0, 1, 1, 2, 2, 2, 0, 0, 0, 0, 1]|[2, 4, 3, 2, 2, 0, 0, 2, 2, 4, 1, 1, 2, 4, 4, 1, 1, 4, 2, 1, 1, 1, 1, 2, 1, 2, 1, 1, 2, 1, 3, 2, 3, 0, 4, 0, 1, 1, 0, 3, 2, 2, 4, 0, 1, 1, 0, 2, 0, 1, 2, 2, 1, 4, 0, 3, 2, 1, 1, 2, 1, 3, 1, 1, 1, 3, 0, 4, 3, 1, 4, 1, 1, 2, 4, 4, 2, 1, 1, 3, 1, 3, 1, 1, 1, 1, 2, 1, 2, 1, 3, 3, 1, 1, 1, 2, 2, 2, 1, 1]|[1, 0, 2, 1, 1, 3, 3, 0, 0, 0, 0, 0, 1, 0, 1, 0, 0, 3, 1, 0, 0, 0, 3, 1, 0, 2, 0, 0, 0, 1, 0, 0, 0, 0, 3, 0, 1, 0, 0, 2, 1, 1, 2, 0, 0, 0, 0, 1, 1, 0, 0, 0, 1, 3, 0, 0, 1, 0, 0, 1, 0, 2, 0, 1, 0, 2, 1, 0, 0, 1, 1, 3, 0, 1, 3, 3, 1, 0, 0, 2, 0, 0, 0, 0, 1, 0, 1, 0, 1, 0, 2, 0, 0, 0, 0, 0, 0, 0, 1, 1],792.8278849327312,58213.75883639107,88754.27068156227,true
44,G4_BALANCED,G1_CMAX,[22, 82, 3, 58, 95, 42, 77, 47, 5, 93, 78, 12, 86, 54, 50, 63, 18, 44, 20, 35, 43, 97, 91, 76, 10, 30, 21, 45, 71, 64, 36, 23, 17, 83, 24, 14, 60, 1, 6, 40, 57, 90, 65, 56, 79, 94, 67, 68, 46, 75, 38, 9, 19, 32, 81, 41, 27, 62, 16, 55, 59, 89, 88, 87, 31, 72, 73, 70, 39, 37, 84, 92, 25, 11, 48, 15, 29, 51, 7, 33, 61, 98, 28, 99, 26, 85, 66, 96, 53, 80, 4, 8, 34, 49, 52, 2, 13, 0, 69, 74]|[1, 0, 1, 0, 1, 2, 2, 2, 2, 2, 1, 1, 1, 0, 0, 1, 0, 2, 2, 0, 1, 2, 0, 1, 2, 2, 0, 0, 1, 2, 1, 2, 1, 0, 2, 0, 1, 1, 0, 1, 1, 1, 0, 2, 1, 1, 0, 0, 0, 0, 1, 1, 2, 1, 2, 0, 0, 0, 1, 2, 1, 1, 1, 1, 1, 2, 1, 2, 1, 1, 1, 0, 1, 2, 2, 1, 0, 0, 1, 2, 1, 2, 0, 1, 1, 0, 0, 2, 0, 0, 1, 1, 2, 0, 1, 0, 0, 0, 1, 2]|[3, 2, 1, 1, 2, 1, 2, 1, 1, 2, 4, 4, 4, 1, 1, 4, 2, 1, 1, 1, 1, 2, 1, 2, 1, 1, 2, 1, 3, 2, 3, 1, 4, 1, 1, 1, 0, 3, 2, 2, 2, 3, 1, 1, 0, 4, 0, 1, 2, 2, 1, 4, 0, 3, 2, 1, 1, 2, 3, 1, 1, 1, 0, 3, 0, 0, 3, 0, 1, 4, 1, 0, 4, 1, 1, 4, 1, 1, 1, 1, 3, 1, 2, 1, 0, 2, 1, 1, 2, 1, 4, 3, 1, 1, 1, 2, 2, 2, 4, 1]|[3, 1, 2, 0, 1, 0, 0, 0, 0, 1, 0, 0, 1, 0, 0, 3, 1, 0, 0, 0, 3, 1, 0, 2, 0, 0, 0, 1, 0, 0, 2, 0, 3, 0, 1, 0, 0, 0, 1, 1, 1, 2, 0, 0, 0, 2, 1, 0, 0, 0, 1, 3, 0, 0, 1, 0, 0, 1, 2, 0, 1, 1, 0, 2, 0, 1, 0, 1, 1, 1, 1, 1, 3, 0, 0, 3, 0, 0, 2, 0, 0, 0, 1, 1, 3, 0, 0, 0, 1, 0, 0, 2, 0, 1, 1, 0, 0, 0, 2, 0],715.7913946700162,58060.95961022334,95287.06515100288,true
44,G2_TEC,G2_TEC,[31, 22, 82, 15, 26, 9, 95, 42, 77, 68, 47, 5, 93, 78, 86, 54, 85, 63, 18, 44, 20, 49, 36, 14, 74, 50, 53, 17, 21, 28, 11, 64, 3, 23, 30, 83, 24, 41, 40, 52, 65, 27, 90, 70, 39, 87, 48, 69, 99, 4, 75, 1, 13, 58, 97, 59, 45, 8, 73, 37, 35, 79, 71, 66, 76, 32, 60, 80, 56, 6, 67, 61, 33, 7, 57, 34, 12, 16, 10, 98, 96, 88, 43, 81, 91, 2, 84, 29, 92, 19, 51, 55, 46, 89, 25, 72, 94, 38, 62, 0]|[2, 1, 2, 1, 1, 2, 1, 1, 1, 1, 1, 0, 2, 2, 1, 2, 0, 0, 0, 2, 2, 1, 0, 2, 0, 2, 2, 1, 0, 1, 1, 1, 0, 0, 1, 0, 2, 1, 2, 2, 0, 0, 1, 1, 0, 2, 0, 2, 1, 0, 0, 2, 0, 0, 2, 0, 1, 1, 0, 0, 2, 1, 1, 2, 2, 0, 2, 2, 2, 1, 2, 1, 1, 2, 0, 1, 1, 2, 1, 2, 0, 1, 1, 1, 1, 0, 0, 1, 0, 1, 1, 0, 0, 1, 1, 1, 2, 0, 1, 2]|[0, 3, 0, 3, 4, 1, 4, 4, 2, 4, 3, 2, 1, 0, 2, 1, 1, 1, 2, 1, 1, 3, 0, 1, 0, 1, 1, 4, 1, 4, 3, 2, 2, 0, 4, 1, 1, 4, 1, 1, 2, 1, 4, 4, 1, 1, 0, 1, 3, 2, 2, 1, 2, 1, 1, 2, 4, 3, 0, 2, 2, 3, 3, 1, 1, 2, 1, 1, 1, 4, 1, 3, 4, 1, 2, 4, 3, 1, 3, 1, 2, 4, 4, 4, 3, 2, 2, 3, 2, 4, 3, 2, 2, 4, 4, 4, 1, 2, 3, 1]|[0, 2, 0, 0, 3, 0, 1, 3, 0, 0, 2, 0, 1, 0, 1, 0, 0, 0, 1, 0, 0, 2, 0, 0, 1, 0, 0, 3, 0, 1, 0, 2, 0, 0, 3, 0, 1, 1, 0, 0, 0, 0, 1, 3, 0, 0, 1, 0, 2, 0, 0, 0, 0, 0, 1, 0, 1, 0, 1, 1, 0, 2, 0, 0, 0, 0, 0, 0, 0, 2, 0, 0, 1, 0, 0, 1, 0, 0, 3, 0, 0, 1, 2, 2, 0, 0, 0, 3, 0, 1, 0, 0, 0, 1, 3, 1, 0, 0, 0, 0],900.0760482104305,49104.85573898611,106612.48357517918,false
44,G3_TWC,G3_TWC,[42, 31, 22, 82, 15, 26, 58, 95, 77, 12, 47, 5, 93, 78, 98, 54, 85, 63, 18, 44, 20, 35, 43, 97, 91, 76, 10, 30, 21, 45, 71, 64, 1, 23, 17, 83, 24, 14, 60, 36, 6, 57, 94, 88, 65, 56, 79, 40, 67, 68, 46, 75, 38, 9, 19, 32, 81, 41, 27, 62, 87, 90, 99, 59, 11, 16, 72, 73, 70, 39, 37, 84, 3, 92, 25, 55, 28, 29, 51, 7, 33, 61, 86, 66, 89, 50, 48, 96, 53, 80, 4, 8, 34, 49, 52, 0, 13, 2, 69, 74]|[1, 1, 1, 0, 1, 1, 1, 2, 2, 1, 2, 2, 2, 1, 1, 0, 0, 1, 0, 2, 2, 0, 1, 2, 0, 1, 2, 2, 0, 0, 1, 2, 1, 2, 1, 0, 2, 0, 1, 1, 0, 1, 1, 1, 0, 2, 1, 1, 0, 0, 0, 0, 1, 1, 2, 1, 2, 0, 0, 0, 2, 1, 0, 1, 2, 1, 2, 1, 1, 1, 1, 1, 2, 0, 1, 1, 0, 0, 0, 1, 2, 1, 0, 2, 1, 0, 0, 0, 0, 0, 0, 1, 2, 0, 1, 0, 0, 0, 1, 2]|[2, 4, 3, 2, 2, 0, 0, 2, 2, 4, 1, 1, 2, 4, 4, 1, 1, 4, 2, 1, 1, 1, 1, 2, 1, 2, 1, 1, 1, 1, 3, 2, 3, 0, 4, 0, 1, 1, 0, 3, 2, 2, 4, 0, 1, 1, 0, 2, 0, 1, 2, 2, 1, 4, 0, 3, 2, 1, 1, 2, 1, 3, 1, 1, 1, 3, 0, 4, 3, 1, 4, 1, 1, 2, 4, 4, 2, 1, 1, 3, 1, 3, 1, 1, 1, 1, 1, 1, 2, 1, 2, 3, 1, 1, 1, 2, 2, 2, 3, 1]|[1, 0, 2, 1, 1, 3, 3, 0, 0, 0, 0, 0, 1, 0, 1, 0, 0, 3, 1, 0, 0, 0, 3, 1, 0, 2, 0, 0, 0, 1, 0, 0, 0, 0, 3, 0, 1, 0, 0, 2, 1, 1, 2, 0, 0, 0, 0, 1, 1, 0, 0, 0, 1, 3, 0, 0, 1, 0, 0, 1, 0, 2, 0, 1, 0, 2, 1, 0, 0, 1, 1, 3, 0, 1, 3, 3, 1, 0, 0, 2, 0, 0, 0, 0, 1, 0, 0, 0, 1, 0, 1, 2, 0, 1, 1, 0, 0, 0, 0, 0],790.0808266764368,58301.839560278044,88734.19036740763,false
44,G1_CMAX,G3_TWC,[42, 31, 22, 82, 15, 26, 58, 95, 77, 12, 47, 5, 93, 78, 98, 54, 85, 63, 18, 44, 20, 35, 43, 97, 91, 76, 10, 30, 21, 45, 71, 64, 1, 23, 17, 83, 24, 14, 60, 36, 6, 57, 94, 88, 65, 56, 79, 40, 67, 68, 46, 75, 38, 9, 19, 32, 81, 41, 27, 62, 87, 90, 99, 59, 11, 16, 72, 73, 70, 39, 37, 84, 3, 92, 25, 55, 28, 29, 51, 7, 33, 61, 86, 48, 89, 50, 4, 96, 53, 80, 8, 69, 34, 66, 74, 2, 13, 0, 49, 52]|[1, 1, 1, 0, 1, 1, 1, 2, 2, 1, 2, 2, 2, 1, 1, 0, 0, 1, 0, 2, 2, 0, 1, 2, 0, 1, 2, 2, 0, 0, 1, 2, 1, 2, 1, 0, 2, 0, 1, 1, 0, 1, 1, 1, 0, 2, 1, 1, 0, 0, 0, 0, 1, 1, 2, 1, 2, 0, 0, 0, 2, 1, 0, 1, 2, 1, 2, 1, 1, 1, 1, 1, 2, 0, 1, 1, 0, 0, 0, 1, 2, 1, 0, 0, 1, 0, 0, 0, 0, 0, 1, 1, 2, 2, 2, 0, 0, 0, 0, 1]|[2, 4, 3, 2, 2, 0, 0, 2, 2, 4, 1, 1, 2, 4, 4, 1, 1, 4, 2, 1, 1, 1, 1, 2, 1, 2, 1, 1, 2, 1, 3, 2, 3, 0, 4, 0, 1, 1, 0, 3, 2, 2, 4, 0, 1, 1, 0, 2, 0, 1, 2, 2, 1, 4, 0, 3, 2, 1, 1, 2, 1, 3, 1, 1, 1, 3, 0, 4, 3, 1, 4, 1, 1, 2, 4, 4, 2, 1, 1, 3, 1, 3, 1, 1, 1, 1, 2, 1, 2, 1, 3, 3, 1, 1, 1, 2, 2, 2, 1, 1]|[1, 0, 2, 1, 1, 3, 3, 0, 0, 0, 0, 0, 1, 0, 1, 0, 0, 3, 1, 0, 0, 0, 3, 1, 0, 2, 0, 0, 0, 1, 0, 0, 0, 0, 3, 0, 1, 0, 0, 2, 1, 1, 2, 0, 0, 0, 0, 1, 1, 0, 0, 0, 1, 3, 0, 0, 1, 0, 0, 1, 0, 2, 0, 1, 0, 2, 1, 0, 0, 1, 1, 3, 0, 1, 3, 3, 1, 0, 0, 2, 0, 0, 0, 0, 1, 0, 1, 0, 1, 0, 2, 0, 0, 0, 0, 0, 0, 0, 1, 1],792.8278849327312,58213.75883639107,88754.27068156227,true
44,G4_BALANCED,G1_CMAX,[22, 82, 3, 58, 95, 42, 77, 47, 5, 93, 78, 12, 86, 54, 50, 63, 18, 44, 20, 35, 43, 97, 91, 76, 10, 30, 21, 45, 71, 64, 36, 23, 17, 83, 24, 14, 60, 1, 6, 40, 57, 90, 65, 56, 79, 94, 67, 68, 46, 75, 38, 9, 19, 32, 81, 41, 27, 62, 16, 55, 59, 89, 88, 87, 31, 72, 73, 70, 39, 37, 84, 92, 25, 11, 48, 15, 29, 51, 7, 33, 61, 98, 28, 99, 26, 85, 66, 96, 53, 80, 4, 8, 34, 49, 52, 2, 13, 0, 69, 74]|[1, 0, 1, 0, 1, 2, 2, 2, 2, 2, 1, 1, 1, 0, 0, 1, 0, 2, 2, 0, 1, 2, 0, 1, 2, 2, 0, 0, 1, 2, 1, 2, 1, 0, 2, 0, 1, 1, 0, 1, 1, 1, 0, 2, 1, 1, 0, 0, 0, 0, 1, 1, 2, 1, 2, 0, 0, 0, 1, 2, 1, 1, 1, 1, 1, 2, 1, 2, 1, 1, 1, 0, 1, 2, 2, 1, 0, 0, 1, 2, 1, 2, 0, 1, 1, 0, 0, 2, 0, 0, 1, 1, 2, 0, 1, 0, 0, 0, 1, 2]|[3, 2, 1, 1, 2, 1, 2, 1, 1, 2, 4, 4, 4, 1, 1, 4, 2, 1, 1, 1, 1, 2, 1, 2, 1, 1, 2, 1, 3, 2, 3, 1, 4, 1, 1, 1, 0, 3, 2, 2, 2, 3, 1, 1, 0, 4, 0, 1, 2, 2, 1, 4, 0, 3, 2, 1, 1, 2, 3, 1, 1, 1, 0, 3, 0, 0, 3, 0, 1, 4, 1, 0, 4, 1, 1, 4, 1, 1, 1, 1, 3, 1, 2, 1, 0, 2, 1, 1, 2, 1, 4, 3, 1, 1, 1, 2, 2, 2, 4, 1]|[3, 1, 2, 0, 1, 0, 0, 0, 0, 1, 0, 0, 1, 0, 0, 3, 1, 0, 0, 0, 3, 1, 0, 2, 0, 0, 0, 1, 0, 0, 2, 0, 3, 0, 1, 0, 0, 0, 1, 1, 1, 2, 0, 0, 0, 2, 1, 0, 0, 0, 1, 3, 0, 0, 1, 0, 0, 1, 2, 0, 1, 1, 0, 2, 0, 1, 0, 1, 1, 1, 1, 1, 3, 0, 0, 3, 0, 0, 2, 0, 0, 0, 1, 1, 3, 0, 0, 0, 1, 0, 0, 2, 0, 1, 1, 0, 0, 0, 2, 0],715.7913946700162,58060.95961022334,95287.06515100288,true
44,G2_TEC,G2_TEC,[31, 22, 82, 15, 26, 9, 95, 42, 77, 68, 47, 5, 93, 78, 86, 54, 85, 63, 18, 44, 20, 49, 36, 14, 74, 50, 53, 17, 21, 28, 11, 64, 3, 23, 30, 83, 24, 41, 40, 52, 65, 27, 90, 70, 39, 87, 48, 69, 99, 4, 75, 1, 13, 58, 97, 59, 45, 8, 73, 37, 35, 79, 71, 66, 76, 32, 60, 80, 56, 6, 67, 61, 33, 7, 57, 34, 12, 16, 10, 98, 96, 88, 43, 81, 91, 2, 84, 29, 92, 19, 51, 55, 46, 89, 25, 72, 94, 38, 62, 0]|[2, 1, 2, 1, 1, 2, 1, 1, 1, 1, 1, 0, 2, 2, 1, 2, 0, 0, 0, 2, 2, 1, 0, 2, 0, 2, 2, 1, 0, 1, 1, 1, 0, 0, 1, 0, 2, 1, 2, 2, 0, 0, 1, 1, 0, 2, 0, 2, 1, 0, 0, 2, 0, 0, 2, 0, 1, 1, 0, 0, 2, 1, 1, 2, 2, 0, 2, 2, 2, 1, 2, 1, 1, 2, 0, 1, 1, 2, 1, 2, 0, 1, 1, 1, 1, 0, 0, 1, 0, 1, 1, 0, 0, 1, 1, 1, 2, 0, 1, 2]|[0, 3, 0, 3, 4, 1, 4, 4, 2, 4, 3, 2, 1, 0, 2, 1, 1, 1, 2, 1, 1, 3, 0, 1, 0, 1, 1, 4, 1, 4, 3, 2, 2, 0, 4, 1, 1, 4, 1, 1, 2, 1, 4, 4, 1, 1, 0, 1, 3, 2, 2, 1, 2, 1, 1, 2, 4, 3, 0, 2, 2, 3, 3, 1, 1, 2, 1, 1, 1, 4, 1, 3, 4, 1, 2, 4, 3, 1, 3, 1, 2, 4, 4, 4, 3, 2, 2, 3, 2, 4, 3, 2, 2, 4, 4, 4, 1, 2, 3, 1]|[0, 2, 0, 0, 3, 0, 1, 3, 0, 0, 2, 0, 1, 0, 1, 0, 0, 0, 1, 0, 0, 2, 0, 0, 1, 0, 0, 3, 0, 1, 0, 2, 0, 0, 3, 0, 1, 1, 0, 0, 0, 0, 1, 3, 0, 0, 1, 0, 2, 0, 0, 0, 0, 0, 1, 0, 1, 0, 1, 1, 0, 2, 0, 0, 0, 0, 0, 0, 0, 2, 0, 0, 1, 0, 0, 1, 0, 0, 3, 0, 0, 1, 2, 2, 0, 0, 0, 3, 0, 1, 0, 0, 0, 1, 3, 1, 0, 0, 0, 0],900.0760482104305,49104.85573898611,106612.48357517918,false
44,G3_TWC,G3_TWC,[42, 31, 22, 82, 15, 26, 58, 95, 77, 12, 47, 5, 93, 78, 98, 54, 85, 63, 18, 44, 20, 35, 43, 97, 91, 76, 10, 30, 21, 45, 71, 64, 1, 23, 17, 83, 24, 14, 60, 36, 6, 57, 94, 88, 65, 56, 79, 40, 67, 68, 46, 75, 38, 9, 19, 32, 81, 41, 27, 62, 87, 90, 99, 59, 11, 16, 72, 73, 70, 39, 37, 84, 3, 92, 25, 55, 28, 29, 51, 7, 33, 61, 86, 66, 89, 50, 48, 96, 53, 80, 4, 8, 34, 49, 52, 0, 13, 2, 69, 74]|[1, 1, 1, 0, 1, 1, 1, 2, 2, 1, 2, 2, 2, 1, 1, 0, 0, 1, 0, 2, 2, 0, 1, 2, 0, 1, 2, 2, 0, 0, 1, 2, 1, 2, 1, 0, 2, 0, 1, 1, 0, 1, 1, 1, 0, 2, 1, 1, 0, 0, 0, 0, 1, 1, 2, 1, 2, 0, 0, 0, 2, 1, 0, 1, 2, 1, 2, 1, 1, 1, 1, 1, 2, 0, 1, 1, 0, 0, 0, 1, 2, 1, 0, 2, 1, 0, 0, 0, 0, 0, 0, 1, 2, 0, 1, 0, 0, 0, 1, 2]|[2, 4, 3, 2, 2, 0, 0, 2, 2, 4, 1, 1, 2, 4, 4, 1, 1, 4, 2, 1, 1, 1, 1, 2, 1, 2, 1, 1, 1, 1, 3, 2, 3, 0, 4, 0, 1, 1, 0, 3, 2, 2, 4, 0, 1, 1, 0, 2, 0, 1, 2, 2, 1, 4, 0, 3, 2, 1, 1, 2, 1, 3, 1, 1, 1, 3, 0, 4, 3, 1, 4, 1, 1, 2, 4, 4, 2, 1, 1, 3, 1, 3, 1, 1, 1, 1, 1, 1, 2, 1, 2, 3, 1, 1, 1, 2, 2, 2, 3, 1]|[1, 0, 2, 1, 1, 3, 3, 0, 0, 0, 0, 0, 1, 0, 1, 0, 0, 3, 1, 0, 0, 0, 3, 1, 0, 2, 0, 0, 0, 1, 0, 0, 0, 0, 3, 0, 1, 0, 0, 2, 1, 1, 2, 0, 0, 0, 0, 1, 1, 0, 0, 0, 1, 3, 0, 0, 1, 0, 0, 1, 0, 2, 0, 1, 0, 2, 1, 0, 0, 1, 1, 3, 0, 1, 3, 3, 1, 0, 0, 2, 0, 0, 0, 0, 1, 0, 0, 0, 1, 0, 1, 2, 0, 1, 1, 0, 0, 0, 0, 0],790.0808266764368,58301.839560278044,88734.19036740763,false
44,G1_CMAX,G1_CMAX,[31, 11, 82, 15, 26, 58, 95, 42, 77, 12, 47, 5, 93, 78, 86, 54, 85, 63, 18, 44, 20, 35, 43, 97, 91, 76, 10, 30, 21, 45, 71, 64, 1, 23, 17, 83, 24, 14, 60, 36, 6, 57, 40, 88, 65, 56, 79, 94, 67, 68, 46, 75, 38, 9, 19, 32, 22, 81, 27, 87, 90, 99, 59, 62, 41, 16, 73, 70, 39, 37, 84, 3, 72, 92, 25, 34, 29, 55, 51, 7, 33, 61, 96, 48, 89, 50, 8, 98, 53, 80, 4, 66, 28, 49, 52, 0, 13, 2, 69, 74]|[1, 1, 0, 1, 1, 0, 1, 2, 2, 1, 2, 2, 2, 1, 1, 0, 0, 1, 0, 2, 2, 0, 1, 2, 0, 1, 2, 2, 0, 0, 1, 2, 1, 2, 1, 0, 2, 0, 1, 1, 0, 1, 1, 1, 0, 2, 1, 1, 0, 0, 0, 0, 1, 1, 2, 1, 0, 2, 0, 2, 1, 0, 1, 2, 2, 1, 1, 1, 1, 1, 1, 1, 2, 0, 1, 2, 0, 1, 0, 1, 2, 1, 2, 0, 1, 0, 1, 2, 0, 0, 1, 2, 0, 0, 1, 0, 0, 0, 1, 2]|[4, 3, 2, 2, 4, 1, 2, 2, 2, 4, 1, 1, 2, 4, 4, 1, 2, 4, 2, 1, 1, 1, 1, 2, 1, 2, 1, 1, 2, 1, 3, 2, 3, 1, 4, 0, 1, 1, 1, 3, 2, 2, 2, 0, 1, 1, 0, 4, 0, 1, 2, 2, 1, 4, 0, 3, 1, 2, 1, 1, 3, 1, 1, 1, 1, 3, 4, 3, 1, 4, 1, 1, 1, 0, 4, 1, 1, 4, 1, 1, 1, 3, 1, 1, 1, 1, 3, 1, 2, 1, 4, 1, 2, 1, 1, 2, 2, 2, 4, 1]|[0, 2, 1, 1, 3, 0, 1, 0, 0, 0, 0, 0, 1, 0, 1, 0, 0, 3, 1, 0, 0, 0, 3, 1, 0, 2, 0, 0, 0, 1, 0, 0, 0, 0, 3, 0, 1, 0, 0, 2, 1, 1, 1, 0, 0, 0, 0, 2, 1, 0, 0, 0, 1, 3, 0, 0, 0, 1, 0, 0, 2, 0, 1, 0, 0, 2, 0, 0, 1, 1, 3, 1, 0, 1, 3, 0, 0, 3, 0, 2, 0, 0, 0, 0, 1, 0, 2, 0, 1, 0, 0, 0, 1, 1, 1, 0, 0, 0, 2, 0],781.468167390965,55385.91204651697,96181.17954732271,false
44,G4_BALANCED,G1_CMAX,[22, 82, 3, 58, 95, 42, 77, 47, 5, 93, 78, 12, 86, 54, 50, 63, 18, 44, 20, 35, 43, 97, 91, 76, 10, 30, 21, 45, 71, 64, 36, 23, 17, 83, 24, 14, 60, 1, 6, 40, 57, 90, 65, 56, 79, 94, 67, 68, 46, 75, 38, 9, 19, 32, 81, 41, 27, 62, 16, 55, 59, 89, 88, 87, 31, 72, 73, 70, 39, 37, 84, 92, 25, 11, 48, 15, 29, 51, 7, 33, 61, 98, 28, 99, 26, 85, 66, 96, 53, 80, 4, 8, 34, 49, 52, 2, 13, 0, 69, 74]|[1, 0, 1, 0, 1, 2, 2, 2, 2, 2, 1, 1, 1, 0, 0, 1, 0, 2, 2, 0, 1, 2, 0, 1, 2, 2, 0, 0, 1, 2, 1, 2, 1, 0, 2, 0, 1, 1, 0, 1, 1, 1, 0, 2, 1, 1, 0, 0, 0, 0, 1, 1, 2, 1, 2, 0, 0, 0, 1, 2, 1, 1, 1, 1, 1, 2, 1, 2, 1, 1, 1, 0, 1, 2, 2, 1, 0, 0, 1, 2, 1, 2, 0, 1, 1, 0, 0, 2, 0, 0, 1, 1, 2, 0, 1, 0, 0, 0, 1, 2]|[3, 2, 1, 1, 2, 1, 2, 1, 1, 2, 4, 4, 4, 1, 1, 4, 2, 1, 1, 1, 1, 2, 1, 2, 1, 1, 2, 1, 3, 2, 3, 1, 4, 1, 1, 1, 0, 3, 2, 2, 2, 3, 1, 1, 0, 4, 0, 1, 2, 2, 1, 4, 0, 3, 2, 1, 1, 2, 3, 1, 1, 1, 0, 3, 0, 0, 3, 0, 1, 4, 1, 0, 4, 1, 1, 4, 1, 1, 1, 1, 3, 1, 2, 1, 0, 2, 1, 1, 2, 1, 4, 3, 1, 1, 1, 2, 2, 2, 4, 1]|[3, 1, 2, 0, 1, 0, 0, 0, 0, 1, 0, 0, 1, 0, 0, 3, 1, 0, 0, 0, 3, 1, 0, 2, 0, 0, 0, 1, 0, 0, 2, 0, 3, 0, 1, 0, 0, 0, 1, 1, 1, 2, 0, 0, 0, 2, 1, 0, 0, 0, 1, 3, 0, 0, 1, 0, 0, 1, 2, 0, 1, 1, 0, 2, 0, 1, 0, 1, 1, 1, 1, 1, 3, 0, 0, 3, 0, 0, 2, 0, 0, 0, 1, 1, 3, 0, 0, 0, 1, 0, 0, 2, 0, 1, 1, 0, 0, 0, 2, 0],715.7913946700162,58060.95961022334,95287.06515100288,true
44,G2_TEC,G2_TEC,[31, 22, 82, 15, 26, 9, 95, 42, 77, 68, 47, 5, 93, 78, 86, 54, 85, 63, 18, 44, 20, 49, 36, 14, 74, 50, 53, 17, 21, 28, 11, 64, 3, 23, 30, 83, 24, 41, 40, 52, 65, 27, 90, 70, 39, 87, 48, 69, 99, 4, 75, 1, 13, 58, 97, 59, 45, 8, 73, 37, 35, 79, 71, 66, 76, 32, 60, 80, 56, 6, 67, 61, 33, 7, 57, 34, 12, 16, 10, 98, 96, 88, 43, 81, 91, 2, 84, 29, 92, 19, 51, 55, 46, 89, 25, 72, 94, 38, 62, 0]|[2, 1, 2, 1, 1, 2, 1, 1, 1, 1, 1, 0, 2, 2, 1, 2, 0, 0, 0, 2, 2, 1, 0, 2, 0, 2, 2, 1, 0, 1, 1, 1, 0, 0, 1, 0, 2, 1, 2, 2, 0, 0, 1, 1, 0, 2, 0, 2, 1, 0, 0, 2, 0, 0, 2, 0, 1, 1, 0, 0, 2, 1, 1, 2, 2, 0, 2, 2, 2, 1, 2, 1, 1, 2, 0, 1, 1, 2, 1, 2, 0, 1, 1, 1, 1, 0, 0, 1, 0, 1, 1, 0, 0, 1, 1, 1, 2, 0, 1, 2]|[0, 3, 0, 3, 4, 1, 4, 4, 2, 4, 3, 2, 1, 0, 2, 1, 1, 1, 2, 1, 1, 3, 0, 1, 0, 1, 1, 4, 1, 4, 3, 2, 2, 0, 4, 1, 1, 4, 1, 1, 2, 1, 4, 4, 1, 1, 0, 1, 3, 2, 2, 1, 2, 1, 1, 2, 4, 3, 0, 2, 2, 3, 3, 1, 1, 2, 1, 1, 1, 4, 1, 3, 4, 1, 2, 4, 3, 1, 3, 1, 2, 4, 4, 4, 3, 2, 2, 3, 2, 4, 3, 2, 2, 4, 4, 4, 1, 2, 3, 1]|[0, 2, 0, 0, 3, 0, 1, 3, 0, 0, 2, 0, 1, 0, 1, 0, 0, 0, 1, 0, 0, 2, 0, 0, 1, 0, 0, 3, 0, 1, 0, 2, 0, 0, 3, 0, 1, 1, 0, 0, 0, 0, 1, 3, 0, 0, 1, 0, 2, 0, 0, 0, 0, 0, 1, 0, 1, 0, 1, 1, 0, 2, 0, 0, 0, 0, 0, 0, 0, 2, 0, 0, 1, 0, 0, 1, 0, 0, 3, 0, 0, 1, 2, 2, 0, 0, 0, 3, 0, 1, 0, 0, 0, 1, 3, 1, 0, 0, 0, 0],900.0760482104305,49104.85573898611,106612.48357517918,false
44,G3_TWC,G3_TWC,[42, 31, 22, 82, 15, 26, 58, 95, 77, 12, 47, 5, 93, 78, 98, 54, 85, 63, 18, 44, 20, 35, 43, 97, 91, 76, 10, 30, 21, 45, 71, 64, 1, 23, 17, 83, 24, 14, 60, 36, 6, 57, 94, 88, 65, 56, 79, 40, 67, 68, 46, 75, 38, 9, 19, 32, 81, 41, 27, 62, 87, 90, 99, 59, 11, 16, 72, 73, 70, 39, 37, 84, 3, 92, 25, 55, 28, 29, 51, 7, 33, 61, 86, 66, 89, 50, 48, 96, 53, 80, 4, 8, 34, 49, 52, 0, 13, 2, 69, 74]|[1, 1, 1, 0, 1, 1, 1, 2, 2, 1, 2, 2, 2, 1, 1, 0, 0, 1, 0, 2, 2, 0, 1, 2, 0, 1, 2, 2, 0, 0, 1, 2, 1, 2, 1, 0, 2, 0, 1, 1, 0, 1, 1, 1, 0, 2, 1, 1, 0, 0, 0, 0, 1, 1, 2, 1, 2, 0, 0, 0, 2, 1, 0, 1, 2, 1, 2, 1, 1, 1, 1, 1, 2, 0, 1, 1, 0, 0, 0, 1, 2, 1, 0, 2, 1, 0, 0, 0, 0, 0, 0, 1, 2, 0, 1, 0, 0, 0, 1, 2]|[2, 4, 3, 2, 2, 0, 0, 2, 2, 4, 1, 1, 2, 4, 4, 1, 1, 4, 2, 1, 1, 1, 1, 2, 1, 2, 1, 1, 1, 1, 3, 2, 3, 0, 4, 0, 1, 1, 0, 3, 2, 2, 4, 0, 1, 1, 0, 2, 0, 1, 2, 2, 1, 4, 0, 3, 2, 1, 1, 2, 1, 3, 1, 1, 1, 3, 0, 4, 3, 1, 4, 1, 1, 2, 4, 4, 2, 1, 1, 3, 1, 3, 1, 1, 1, 1, 1, 1, 2, 1, 2, 3, 1, 1, 1, 2, 2, 2, 3, 1]|[1, 0, 2, 1, 1, 3, 3, 0, 0, 0, 0, 0, 1, 0, 1, 0, 0, 3, 1, 0, 0, 0, 3, 1, 0, 2, 0, 0, 0, 1, 0, 0, 0, 0, 3, 0, 1, 0, 0, 2, 1, 1, 2, 0, 0, 0, 0, 1, 1, 0, 0, 0, 1, 3, 0, 0, 1, 0, 0, 1, 0, 2, 0, 1, 0, 2, 1, 0, 0, 1, 1, 3, 0, 1, 3, 3, 1, 0, 0, 2, 0, 0, 0, 0, 1, 0, 0, 0, 1, 0, 1, 2, 0, 1, 1, 0, 0, 0, 0, 0],790.0808266764368,58301.839560278044,88734.19036740763,false
44,G1_CMAX,G1_CMAX,[31, 11, 82, 15, 26, 58, 95, 42, 77, 12, 47, 5, 93, 78, 86, 54, 85, 63, 18, 44, 20, 35, 43, 97, 91, 76, 10, 30, 21, 45, 71, 64, 1, 23, 17, 83, 24, 14, 60, 36, 6, 57, 40, 88, 65, 56, 79, 94, 67, 68, 46, 75, 38, 9, 19, 32, 22, 81, 27, 87, 90, 99, 59, 62, 41, 16, 73, 70, 39, 37, 84, 3, 72, 92, 25, 34, 29, 55, 51, 7, 33, 61, 96, 48, 89, 50, 8, 98, 53, 80, 4, 66, 28, 49, 52, 0, 13, 2, 69, 74]|[1, 1, 0, 1, 1, 0, 1, 2, 2, 1, 2, 2, 2, 1, 1, 0, 0, 1, 0, 2, 2, 0, 1, 2, 0, 1, 2, 2, 0, 0, 1, 2, 1, 2, 1, 0, 2, 0, 1, 1, 0, 1, 1, 1, 0, 2, 1, 1, 0, 0, 0, 0, 1, 1, 2, 1, 0, 2, 0, 2, 1, 0, 1, 2, 2, 1, 1, 1, 1, 1, 1, 1, 2, 0, 1, 2, 0, 1, 0, 1, 2, 1, 2, 0, 1, 0, 1, 2, 0, 0, 1, 2, 0, 0, 1, 0, 0, 0, 1, 2]|[4, 3, 2, 2, 4, 1, 2, 2, 2, 4, 1, 1, 2, 4, 4, 1, 2, 4, 2, 1, 1, 1, 1, 2, 1, 2, 1, 1, 2, 1, 3, 2, 3, 1, 4, 0, 1, 1, 1, 3, 2, 2, 2, 0, 1, 1, 0, 4, 0, 1, 2, 2, 1, 4, 0, 3, 1, 2, 1, 1, 3, 1, 1, 1, 1, 3, 4, 3, 1, 4, 1, 1, 1, 0, 4, 1, 1, 4, 1, 1, 1, 3, 1, 1, 1, 1, 3, 1, 2, 1, 4, 1, 2, 1, 1, 2, 2, 2, 4, 1]|[0, 2, 1, 1, 3, 0, 1, 0, 0, 0, 0, 0, 1, 0, 1, 0, 0, 3, 1, 0, 0, 0, 3, 1, 0, 2, 0, 0, 0, 1, 0, 0, 0, 0, 3, 0, 1, 0, 0, 2, 1, 1, 1, 0, 0, 0, 0, 2, 1, 0, 0, 0, 1, 3, 0, 0, 0, 1, 0, 0, 2, 0, 1, 0, 0, 2, 0, 0, 1, 1, 3, 1, 0, 1, 3, 0, 0, 3, 0, 2, 0, 0, 0, 0, 1, 0, 2, 0, 1, 0, 0, 0, 1, 1, 1, 0, 0, 0, 2, 0],781.468167390965,55385.91204651697,96181.17954732271,false
44,G4_BALANCED,G1_CMAX,[22, 82, 3, 58, 95, 42, 77, 47, 5, 93, 78, 12, 86, 54, 50, 63, 18, 44, 20, 35, 43, 97, 91, 76, 10, 30, 21, 45, 71, 64, 36, 23, 17, 83, 24, 14, 60, 1, 6, 40, 57, 90, 65, 56, 79, 94, 67, 68, 46, 75, 38, 9, 19, 32, 81, 41, 27, 62, 16, 55, 59, 89, 88, 87, 31, 72, 73, 70, 39, 37, 84, 92, 25, 11, 48, 15, 29, 51, 7, 33, 61, 98, 28, 99, 26, 85, 66, 96, 53, 80, 4, 8, 34, 49, 52, 2, 13, 0, 69, 74]|[1, 0, 1, 0, 1, 2, 2, 2, 2, 2, 1, 1, 1, 0, 0, 1, 0, 2, 2, 0, 1, 2, 0, 1, 2, 2, 0, 0, 1, 2, 1, 2, 1, 0, 2, 0, 1, 1, 0, 1, 1, 1, 0, 2, 1, 1, 0, 0, 0, 0, 1, 1, 2, 1, 2, 0, 0, 0, 1, 2, 1, 1, 1, 1, 1, 2, 1, 2, 1, 1, 1, 0, 1, 2, 2, 1, 0, 0, 1, 2, 1, 2, 0, 1, 1, 0, 0, 2, 0, 0, 1, 1, 2, 0, 1, 0, 0, 0, 1, 2]|[3, 2, 1, 1, 2, 1, 2, 1, 1, 2, 4, 4, 4, 1, 1, 4, 2, 1, 1, 1, 1, 2, 1, 2, 1, 1, 2, 1, 3, 2, 3, 1, 4, 1, 1, 1, 0, 3, 2, 2, 2, 3, 1, 1, 0, 4, 0, 1, 2, 2, 1, 4, 0, 3, 2, 1, 1, 2, 3, 1, 1, 1, 0, 3, 0, 0, 3, 0, 1, 4, 1, 0, 4, 1, 1, 4, 1, 1, 1, 1, 3, 1, 2, 1, 0, 2, 1, 1, 2, 1, 4, 3, 1, 1, 1, 2, 2, 2, 4, 1]|[3, 1, 2, 0, 1, 0, 0, 0, 0, 1, 0, 0, 1, 0, 0, 3, 1, 0, 0, 0, 3, 1, 0, 2, 0, 0, 0, 1, 0, 0, 2, 0, 3, 0, 1, 0, 0, 0, 1, 1, 1, 2, 0, 0, 0, 2, 1, 0, 0, 0, 1, 3, 0, 0, 1, 0, 0, 1, 2, 0, 1, 1, 0, 2, 0, 1, 0, 1, 1, 1, 1, 1, 3, 0, 0, 3, 0, 0, 2, 0, 0, 0, 1, 1, 3, 0, 0, 0, 1, 0, 0, 2, 0, 1, 1, 0, 0, 0, 2, 0],715.7913946700162,58060.95961022334,95287.06515100288,true
44,G2_TEC,G2_TEC,[31, 22, 82, 15, 26, 9, 95, 42, 77, 68, 47, 5, 93, 78, 86, 54, 85, 63, 18, 44, 20, 49, 36, 14, 74, 50, 53, 17, 21, 28, 11, 64, 3, 23, 30, 83, 24, 41, 40, 52, 65, 27, 90, 70, 39, 87, 48, 69, 99, 4, 75, 1, 13, 58, 97, 59, 45, 8, 73, 37, 35, 79, 71, 66, 76, 32, 60, 80, 56, 6, 67, 61, 33, 7, 57, 34, 12, 16, 10, 98, 96, 88, 43, 81, 91, 2, 84, 29, 92, 19, 51, 55, 46, 89, 25, 72, 94, 38, 62, 0]|[2, 1, 2, 1, 1, 2, 1, 1, 1, 1, 1, 0, 2, 2, 1, 2, 0, 0, 0, 2, 2, 1, 0, 2, 0, 2, 2, 1, 0, 1, 1, 1, 0, 0, 1, 0, 2, 1, 2, 2, 0, 0, 1, 1, 0, 2, 0, 2, 1, 0, 0, 2, 0, 0, 2, 0, 1, 1, 0, 0, 2, 1, 1, 2, 2, 0, 2, 2, 2, 1, 2, 1, 1, 2, 0, 1, 1, 2, 1, 2, 0, 1, 1, 1, 1, 0, 0, 1, 0, 1, 1, 0, 0, 1, 1, 1, 2, 0, 1, 2]|[0, 3, 0, 3, 4, 1, 4, 4, 2, 4, 3, 2, 1, 0, 2, 1, 1, 1, 2, 1, 1, 3, 0, 1, 0, 1, 1, 4, 1, 4, 3, 2, 2, 0, 4, 1, 1, 4, 1, 1, 2, 1, 4, 4, 1, 1, 0, 1, 3, 2, 2, 1, 2, 1, 1, 2, 4, 3, 0, 2, 2, 3, 3, 1, 1, 2, 1, 1, 1, 4, 1, 3, 4, 1, 2, 4, 3, 1, 3, 1, 2, 4, 4, 4, 3, 2, 2, 3, 2, 4, 3, 2, 2, 4, 4, 4, 1, 2, 3, 1]|[0, 2, 0, 0, 3, 0, 1, 3, 0, 0, 2, 0, 1, 0, 1, 0, 0, 0, 1, 0, 0, 2, 0, 0, 1, 0, 0, 3, 0, 1, 0, 2, 0, 0, 3, 0, 1, 1, 0, 0, 0, 0, 1, 3, 0, 0, 1, 0, 2, 0, 0, 0, 0, 0, 1, 0, 1, 0, 1, 1, 0, 2, 0, 0, 0, 0, 0, 0, 0, 2, 0, 0, 1, 0, 0, 1, 0, 0, 3, 0, 0, 1, 2, 2, 0, 0, 0, 3, 0, 1, 0, 0, 0, 1, 3, 1, 0, 0, 0, 0],900.0760482104305,49104.85573898611,106612.48357517918,false
44,G3_TWC,G3_TWC,[42, 31, 22, 82, 15, 26, 58, 95, 77, 12, 47, 5, 93, 78, 98, 54, 85, 63, 18, 44, 20, 35, 43, 97, 91, 76, 10, 30, 21, 45, 71, 64, 1, 23, 17, 83, 24, 14, 60, 36, 6, 57, 94, 88, 65, 56, 79, 40, 67, 68, 46, 75, 38, 9, 19, 32, 81, 41, 27, 62, 87, 90, 99, 59, 11, 16, 72, 73, 70, 39, 37, 84, 3, 92, 25, 55, 28, 29, 51, 7, 33, 61, 86, 66, 89, 50, 48, 96, 53, 80, 4, 8, 34, 49, 52, 0, 13, 2, 69, 74]|[1, 1, 1, 0, 1, 1, 1, 2, 2, 1, 2, 2, 2, 1, 1, 0, 0, 1, 0, 2, 2, 0, 1, 2, 0, 1, 2, 2, 0, 0, 1, 2, 1, 2, 1, 0, 2, 0, 1, 1, 0, 1, 1, 1, 0, 2, 1, 1, 0, 0, 0, 0, 1, 1, 2, 1, 2, 0, 0, 0, 2, 1, 0, 1, 2, 1, 2, 1, 1, 1, 1, 1, 2, 0, 1, 1, 0, 0, 0, 1, 2, 1, 0, 2, 1, 0, 0, 0, 0, 0, 0, 1, 2, 0, 1, 0, 0, 0, 1, 2]|[2, 4, 3, 2, 2, 0, 0, 2, 2, 4, 1, 1, 2, 4, 4, 1, 1, 4, 2, 1, 1, 1, 1, 2, 1, 2, 1, 1, 1, 1, 3, 2, 3, 0, 4, 0, 1, 1, 0, 3, 2, 2, 4, 0, 1, 1, 0, 2, 0, 1, 2, 2, 1, 4, 0, 3, 2, 1, 1, 2, 1, 3, 1, 1, 1, 3, 0, 4, 3, 1, 4, 1, 1, 2, 4, 4, 2, 1, 1, 3, 1, 3, 1, 1, 1, 1, 1, 1, 2, 1, 2, 3, 1, 1, 1, 2, 2, 2, 3, 1]|[1, 0, 2, 1, 1, 3, 3, 0, 0, 0, 0, 0, 1, 0, 1, 0, 0, 3, 1, 0, 0, 0, 3, 1, 0, 2, 0, 0, 0, 1, 0, 0, 0, 0, 3, 0, 1, 0, 0, 2, 1, 1, 2, 0, 0, 0, 0, 1, 1, 0, 0, 0, 1, 3, 0, 0, 1, 0, 0, 1, 0, 2, 0, 1, 0, 2, 1, 0, 0, 1, 1, 3, 0, 1, 3, 3, 1, 0, 0, 2, 0, 0, 0, 0, 1, 0, 0, 0, 1, 0, 1, 2, 0, 1, 1, 0, 0, 0, 0, 0],790.0808266764368,58301.839560278044,88734.19036740763,false
44,G1_CMAX,G3_TWC,[42, 31, 22, 82, 15, 26, 58, 95, 77, 12, 47, 5, 93, 78, 98, 54, 85, 63, 18, 44, 20, 35, 43, 97, 91, 76, 10, 30, 21, 45, 71, 64, 1, 23, 17, 83, 24, 14, 60, 36, 6, 57, 94, 88, 65, 56, 79, 40, 67, 68, 46, 75, 38, 9, 19, 32, 81, 41, 27, 62, 87, 90, 99, 59, 11, 16, 72, 73, 70, 39, 37, 84, 3, 92, 25, 55, 28, 29, 51, 7, 33, 61, 86, 48, 89, 50, 4, 96, 53, 80, 8, 69, 34, 66, 74, 2, 13, 0, 49, 52]|[1, 1, 1, 0, 1, 1, 1, 2, 2, 1, 2, 2, 2, 1, 1, 0, 0, 1, 0, 2, 2, 0, 1, 2, 0, 1, 2, 2, 0, 0, 1, 2, 1, 2, 1, 0, 2, 0, 1, 1, 0, 1, 1, 1, 0, 2, 1, 1, 0, 0, 0, 0, 1, 1, 2, 1, 2, 0, 0, 0, 2, 1, 0, 1, 2, 1, 2, 1, 1, 1, 1, 1, 2, 0, 1, 1, 0, 0, 0, 1, 2, 1, 0, 0, 1, 0, 0, 0, 0, 0, 1, 1, 2, 2, 2, 0, 0, 0, 0, 1]|[2, 4, 3, 2, 2, 0, 0, 2, 2, 4, 1, 1, 2, 4, 4, 1, 1, 4, 2, 1, 1, 1, 1, 2, 1, 2, 1, 1, 2, 1, 3, 2, 3, 0, 4, 0, 1, 1, 0, 3, 2, 2, 4, 0, 1, 1, 0, 2, 0, 1, 2, 2, 1, 4, 0, 3, 2, 1, 1, 2, 1, 3, 1, 1, 1, 3, 0, 4, 3, 1, 4, 1, 1, 2, 4, 4, 2, 1, 1, 3, 1, 3, 1, 1, 1, 1, 2, 1, 2, 1, 3, 3, 1, 1, 1, 2, 2, 2, 1, 1]|[1, 0, 2, 1, 1, 3, 3, 0, 0, 0, 0, 0, 1, 0, 1, 0, 0, 3, 1, 0, 0, 0, 3, 1, 0, 2, 0, 0, 0, 1, 0, 0, 0, 0, 3, 0, 1, 0, 0, 2, 1, 1, 2, 0, 0, 0, 0, 1, 1, 0, 0, 0, 1, 3, 0, 0, 1, 0, 0, 1, 0, 2, 0, 1, 0, 2, 1, 0, 0, 1, 1, 3, 0, 1, 3, 3, 1, 0, 0, 2, 0, 0, 0, 0, 1, 0, 1, 0, 1, 0, 2, 0, 0, 0, 0, 0, 0, 0, 1, 1],792.8278849327312,58213.75883639107,88754.27068156227,true
44,G4_BALANCED,G1_CMAX,[22, 82, 3, 58, 95, 42, 77, 47, 5, 93, 78, 12, 86, 54, 50, 63, 18, 44, 20, 35, 43, 97, 91, 76, 10, 30, 21, 45, 71, 64, 36, 23, 17, 83, 24, 14, 60, 1, 6, 40, 57, 90, 65, 56, 79, 94, 67, 68, 46, 75, 38, 9, 19, 32, 81, 41, 27, 62, 16, 55, 59, 89, 88, 87, 31, 72, 73, 70, 39, 37, 84, 92, 25, 11, 48, 15, 29, 51, 7, 33, 61, 98, 28, 99, 26, 85, 66, 96, 53, 80, 4, 8, 34, 49, 52, 2, 13, 0, 69, 74]|[1, 0, 1, 0, 1, 2, 2, 2, 2, 2, 1, 1, 1, 0, 0, 1, 0, 2, 2, 0, 1, 2, 0, 1, 2, 2, 0, 0, 1, 2, 1, 2, 1, 0, 2, 0, 1, 1, 0, 1, 1, 1, 0, 2, 1, 1, 0, 0, 0, 0, 1, 1, 2, 1, 2, 0, 0, 0, 1, 2, 1, 1, 1, 1, 1, 2, 1, 2, 1, 1, 1, 0, 1, 2, 2, 1, 0, 0, 1, 2, 1, 2, 0, 1, 1, 0, 0, 2, 0, 0, 1, 1, 2, 0, 1, 0, 0, 0, 1, 2]|[3, 2, 1, 1, 2, 1, 2, 1, 1, 2, 4, 4, 4, 1, 1, 4, 2, 1, 1, 1, 1, 2, 1, 2, 1, 1, 2, 1, 3, 2, 3, 1, 4, 1, 1, 1, 0, 3, 2, 2, 2, 3, 1, 1, 0, 4, 0, 1, 2, 2, 1, 4, 0, 3, 2, 1, 1, 2, 3, 1, 1, 1, 0, 3, 0, 0, 3, 0, 1, 4, 1, 0, 4, 1, 1, 4, 1, 1, 1, 1, 3, 1, 2, 1, 0, 2, 1, 1, 2, 1, 4, 3, 1, 1, 1, 2, 2, 2, 4, 1]|[3, 1, 2, 0, 1, 0, 0, 0, 0, 1, 0, 0, 1, 0, 0, 3, 1, 0, 0, 0, 3, 1, 0, 2, 0, 0, 0, 1, 0, 0, 2, 0, 3, 0, 1, 0, 0, 0, 1, 1, 1, 2, 0, 0, 0, 2, 1, 0, 0, 0, 1, 3, 0, 0, 1, 0, 0, 1, 2, 0, 1, 1, 0, 2, 0, 1, 0, 1, 1, 1, 1, 1, 3, 0, 0, 3, 0, 0, 2, 0, 0, 0, 1, 1, 3, 0, 0, 0, 1, 0, 0, 2, 0, 1, 1, 0, 0, 0, 2, 0],715.7913946700162,58060.95961022334,95287.06515100288,true
44,G2_TEC,G2_TEC,[31, 22, 82, 15, 26, 9, 95, 42, 77, 68, 47, 5, 93, 78, 86, 54, 85, 63, 18, 44, 20, 49, 36, 14, 74, 50, 53, 17, 21, 28, 11, 64, 3, 23, 30, 83, 24, 41, 40, 52, 65, 27, 90, 70, 39, 87, 48, 69, 99, 4, 75, 1, 13, 58, 97, 59, 45, 8, 73, 37, 35, 79, 71, 66, 76, 32, 60, 80, 56, 6, 67, 61, 33, 7, 57, 34, 12, 16, 10, 98, 96, 88, 43, 81, 91, 2, 84, 29, 92, 19, 51, 55, 46, 89, 25, 72, 94, 38, 62, 0]|[2, 1, 2, 1, 1, 2, 1, 1, 1, 1, 1, 0, 2, 2, 1, 2, 0, 0, 0, 2, 2, 1, 0, 2, 0, 2, 2, 1, 0, 1, 1, 1, 0, 0, 1, 0, 2, 1, 2, 2, 0, 0, 1, 1, 0, 2, 0, 2, 1, 0, 0, 2, 0, 0, 2, 0, 1, 1, 0, 0, 2, 1, 1, 2, 2, 0, 2, 2, 2, 1, 2, 1, 1, 2, 0, 1, 1, 2, 1, 2, 0, 1, 1, 1, 1, 0, 0, 1, 0, 1, 1, 0, 0, 1, 1, 1, 2, 0, 1, 2]|[0, 3, 0, 3, 4, 1, 4, 4, 2, 4, 3, 2, 1, 0, 2, 1, 1, 1, 2, 1, 1, 3, 0, 1, 0, 1, 1, 4, 1, 4, 3, 2, 2, 0, 4, 1, 1, 4, 1, 1, 2, 1, 4, 4, 1, 1, 0, 1, 3, 2, 2, 1, 2, 1, 1, 2, 4, 3, 0, 2, 2, 3, 3, 1, 1, 2, 1, 1, 1, 4, 1, 3, 4, 1, 2, 4, 3, 1, 3, 1, 2, 4, 4, 4, 3, 2, 2, 3, 2, 4, 3, 2, 2, 4, 4, 4, 1, 2, 3, 1]|[0, 2, 0, 0, 3, 0, 1, 3, 0, 0, 2, 0, 1, 0, 1, 0, 0, 0, 1, 0, 0, 2, 0, 0, 1, 0, 0, 3, 0, 1, 0, 2, 0, 0, 3, 0, 1, 1, 0, 0, 0, 0, 1, 3, 0, 0, 1, 0, 2, 0, 0, 0, 0, 0, 1, 0, 1, 0, 1, 1, 0, 2, 0, 0, 0, 0, 0, 0, 0, 2, 0, 0, 1, 0, 0, 1, 0, 0, 3, 0, 0, 1, 2, 2, 0, 0, 0, 3, 0, 1, 0, 0, 0, 1, 3, 1, 0, 0, 0, 0],900.0760482104305,49104.85573898611,106612.48357517918,false
44,G3_TWC,G3_TWC,[42, 31, 22, 82, 15, 26, 58, 95, 77, 12, 47, 5, 93, 78, 98, 54, 85, 63, 18, 44, 20, 35, 43, 97, 91, 76, 10, 30, 21, 45, 71, 64, 1, 23, 17, 83, 24, 14, 60, 36, 6, 57, 94, 88, 65, 56, 79, 40, 67, 68, 46, 75, 38, 9, 19, 32, 81, 41, 27, 62, 87, 90, 99, 59, 11, 16, 72, 73, 70, 39, 37, 84, 3, 92, 25, 55, 28, 29, 51, 7, 33, 61, 86, 66, 89, 50, 48, 96, 53, 80, 4, 8, 34, 49, 52, 0, 13, 2, 69, 74]|[1, 1, 1, 0, 1, 1, 1, 2, 2, 1, 2, 2, 2, 1, 1, 0, 0, 1, 0, 2, 2, 0, 1, 2, 0, 1, 2, 2, 0, 0, 1, 2, 1, 2, 1, 0, 2, 0, 1, 1, 0, 1, 1, 1, 0, 2, 1, 1, 0, 0, 0, 0, 1, 1, 2, 1, 2, 0, 0, 0, 2, 1, 0, 1, 2, 1, 2, 1, 1, 1, 1, 1, 2, 0, 1, 1, 0, 0, 0, 1, 2, 1, 0, 2, 1, 0, 0, 0, 0, 0, 0, 1, 2, 0, 1, 0, 0, 0, 1, 2]|[2, 4, 3, 2, 2, 0, 0, 2, 2, 4, 1, 1, 2, 4, 4, 1, 1, 4, 2, 1, 1, 1, 1, 2, 1, 2, 1, 1, 1, 1, 3, 2, 3, 0, 4, 0, 1, 1, 0, 3, 2, 2, 4, 0, 1, 1, 0, 2, 0, 1, 2, 2, 1, 4, 0, 3, 2, 1, 1, 2, 1, 3, 1, 1, 1, 3, 0, 4, 3, 1, 4, 1, 1, 2, 4, 4, 2, 1, 1, 3, 1, 3, 1, 1, 1, 1, 1, 1, 2, 1, 2, 3, 1, 1, 1, 2, 2, 2, 3, 1]|[1, 0, 2, 1, 1, 3, 3, 0, 0, 0, 0, 0, 1, 0, 1, 0, 0, 3, 1, 0, 0, 0, 3, 1, 0, 2, 0, 0, 0, 1, 0, 0, 0, 0, 3, 0, 1, 0, 0, 2, 1, 1, 2, 0, 0, 0, 0, 1, 1, 0, 0, 0, 1, 3, 0, 0, 1, 0, 0, 1, 0, 2, 0, 1, 0, 2, 1, 0, 0, 1, 1, 3, 0, 1, 3, 3, 1, 0, 0, 2, 0, 0, 0, 0, 1, 0, 0, 0, 1, 0, 1, 2, 0, 1, 1, 0, 0, 0, 0, 0],790.0808266764368,58301.839560278044,88734.19036740763,false
44,G1_CMAX,G3_TWC,[31, 22, 82, 15, 26, 58, 95, 42, 77, 12, 47, 5, 93, 78, 86, 54, 85, 63, 18, 44, 20, 35, 43, 97, 66, 76, 10, 30, 21, 45, 71, 64, 1, 23, 17, 83, 24, 14, 60, 36, 6, 57, 40, 88, 16, 56, 79, 94, 67, 68, 46, 75, 38, 9, 19, 32, 41, 81, 27, 62, 87, 90, 99, 59, 11, 65, 72, 73, 69, 39, 37, 84, 3, 92, 25, 55, 29, 28, 51, 7, 33, 61, 98, 91, 89, 50, 48, 96, 53, 80, 4, 8, 34, 49, 52, 0, 13, 2, 70, 74]|[1, 1, 0, 1, 1, 1, 1, 2, 2, 1, 2, 2, 2, 1, 1, 0, 0, 1, 0, 2, 2, 0, 1, 2, 2, 1, 2, 2, 0, 0, 1, 2, 1, 2, 1, 0, 2, 0, 1, 1, 0, 1, 1, 1, 0, 2, 1, 1, 0, 0, 0, 0, 1, 1, 2, 1, 0, 2, 0, 0, 2, 1, 0, 1, 2, 0, 2, 1, 1, 1, 1, 1, 1, 0, 1, 1, 0, 0, 0, 1, 2, 1, 2, 0, 1, 0, 0, 0, 0, 0, 0, 0, 2, 0, 1, 0, 0, 0, 1, 2]|[4, 3, 2, 2, 0, 0, 2, 2, 2, 4, 1, 1, 2, 4, 4, 1, 1, 4, 2, 1, 1, 1, 1, 2, 1, 2, 1, 1, 1, 1, 3, 1, 3, 1, 4, 0, 1, 1, 0, 3, 2, 2, 2, 0, 1, 1, 0, 4, 0, 1, 2, 2, 1, 4, 0, 3, 1, 1, 1, 2, 1, 3, 1, 1, 1, 1, 0, 4, 3, 1, 4, 1, 1, 2, 4, 4, 1, 2, 1, 3, 1, 3, 1, 1, 1, 1, 1, 1, 2, 1, 2, 1, 1, 1, 1, 2, 2, 2, 3, 1]|[0, 2, 1, 1, 3, 3, 1, 0, 0, 0, 0, 0, 1, 0, 1, 0, 0, 3, 1, 0, 0, 0, 3, 1, 0, 2, 0, 0, 0, 1, 0, 0, 0, 0, 3, 0, 1, 0, 0, 2, 1, 1, 1, 0, 0, 0, 0, 2, 1, 0, 0, 0, 1, 3, 0, 0, 0, 0, 0, 1, 0, 2, 0, 1, 0, 0, 1, 0, 0, 1, 1, 3, 1, 1, 3, 3, 0, 1, 0, 2, 0, 0, 0, 0, 1, 0, 0, 0, 1, 0, 1, 0, 0, 1, 1, 0, 0, 0, 0, 0],828.8861652304231,56909.42851562929,90738.43397177712,true
44,G4_BALANCED,G1_CMAX,[22, 82, 3, 58, 95, 42, 77, 47, 5, 93, 78, 12, 86, 54, 50, 63, 18, 44, 20, 35, 43, 97, 91, 76, 10, 30, 21, 45, 71, 64, 36, 23, 17, 83, 24, 14, 60, 1, 6, 40, 57, 90, 65, 56, 79, 94, 67, 68, 46, 75, 38, 9, 19, 32, 81, 41, 27, 62, 16, 55, 59, 89, 88, 87, 31, 72, 73, 70, 39, 37, 84, 92, 25, 11, 48, 15, 29, 51, 7, 33, 61, 98, 28, 99, 26, 85, 66, 96, 53, 80, 4, 8, 34, 49, 52, 2, 13, 0, 69, 74]|[1, 0, 1, 0, 1, 2, 2, 2, 2, 2, 1, 1, 1, 0, 0, 1, 0, 2, 2, 0, 1, 2, 0, 1, 2, 2, 0, 0, 1, 2, 1, 2, 1, 0, 2, 0, 1, 1, 0, 1, 1, 1, 0, 2, 1, 1, 0, 0, 0, 0, 1, 1, 2, 1, 2, 0, 0, 0, 1, 2, 1, 1, 1, 1, 1, 2, 1, 2, 1, 1, 1, 0, 1, 2, 2, 1, 0, 0, 1, 2, 1, 2, 0, 1, 1, 0, 0, 2, 0, 0, 1, 1, 2, 0, 1, 0, 0, 0, 1, 2]|[3, 2, 1, 1, 2, 1, 2, 1, 1, 2, 4, 4, 4, 1, 1, 4, 2, 1, 1, 1, 1, 2, 1, 2, 1, 1, 2, 1, 3, 2, 3, 1, 4, 1, 1, 1, 0, 3, 2, 2, 2, 3, 1, 1, 0, 4, 0, 1, 2, 2, 1, 4, 0, 3, 2, 1, 1, 2, 3, 1, 1, 1, 0, 3, 0, 0, 3, 0, 1, 4, 1, 0, 4, 1, 1, 4, 1, 1, 1, 1, 3, 1, 2, 1, 0, 2, 1, 1, 2, 1, 4, 3, 1, 1, 1, 2, 2, 2, 4, 1]|[3, 1, 2, 0, 1, 0, 0, 0, 0, 1, 0, 0, 1, 0, 0, 3, 1, 0, 0, 0, 3, 1, 0, 2, 0, 0, 0, 1, 0, 0, 2, 0, 3, 0, 1, 0, 0, 0, 1, 1, 1, 2, 0, 0, 0, 2, 1, 0, 0, 0, 1, 3, 0, 0, 1, 0, 0, 1, 2, 0, 1, 1, 0, 2, 0, 1, 0, 1, 1, 1, 1, 1, 3, 0, 0, 3, 0, 0, 2, 0, 0, 0, 1, 1, 3, 0, 0, 0, 1, 0, 0, 2, 0, 1, 1, 0, 0, 0, 2, 0],715.7913946700162,58060.95961022334,95287.06515100288,true
44,G2_TEC,G2_TEC,[31, 22, 82, 15, 26, 9, 95, 42, 77, 68, 47, 5, 93, 78, 86, 54, 85, 63, 18, 44, 20, 49, 36, 14, 74, 50, 53, 17, 21, 28, 11, 64, 3, 23, 30, 83, 24, 41, 40, 52, 65, 27, 90, 70, 39, 87, 48, 69, 99, 4, 75, 1, 13, 58, 97, 59, 45, 8, 73, 37, 35, 79, 71, 66, 76, 32, 60, 80, 56, 6, 67, 61, 33, 7, 57, 34, 12, 16, 10, 98, 96, 88, 43, 81, 91, 2, 84, 29, 92, 19, 51, 55, 46, 89, 25, 72, 94, 38, 62, 0]|[2, 1, 2, 1, 1, 2, 1, 1, 1, 1, 1, 0, 2, 2, 1, 2, 0, 0, 0, 2, 2, 1, 0, 2, 0, 2, 2, 1, 0, 1, 1, 1, 0, 0, 1, 0, 2, 1, 2, 2, 0, 0, 1, 1, 0, 2, 0, 2, 1, 0, 0, 2, 0, 0, 2, 0, 1, 1, 0, 0, 2, 1, 1, 2, 2, 0, 2, 2, 2, 1, 2, 1, 1, 2, 0, 1, 1, 2, 1, 2, 0, 1, 1, 1, 1, 0, 0, 1, 0, 1, 1, 0, 0, 1, 1, 1, 2, 0, 1, 2]|[0, 3, 0, 3, 4, 1, 4, 4, 2, 4, 3, 2, 1, 0, 2, 1, 1, 1, 2, 1, 1, 3, 0, 1, 0, 1, 1, 4, 1, 4, 3, 2, 2, 0, 4, 1, 1, 4, 1, 1, 2, 1, 4, 4, 1, 1, 0, 1, 3, 2, 2, 1, 2, 1, 1, 2, 4, 3, 0, 2, 2, 3, 3, 1, 1, 2, 1, 1, 1, 4, 1, 3, 4, 1, 2, 4, 3, 1, 3, 1, 2, 4, 4, 4, 3, 2, 2, 3, 2, 4, 3, 2, 2, 4, 4, 4, 1, 2, 3, 1]|[0, 2, 0, 0, 3, 0, 1, 3, 0, 0, 2, 0, 1, 0, 1, 0, 0, 0, 1, 0, 0, 2, 0, 0, 1, 0, 0, 3, 0, 1, 0, 2, 0, 0, 3, 0, 1, 1, 0, 0, 0, 0, 1, 3, 0, 0, 1, 0, 2, 0, 0, 0, 0, 0, 1, 0, 1, 0, 1, 1, 0, 2, 0, 0, 0, 0, 0, 0, 0, 2, 0, 0, 1, 0, 0, 1, 0, 0, 3, 0, 0, 1, 2, 2, 0, 0, 0, 3, 0, 1, 0, 0, 0, 1, 3, 1, 0, 0, 0, 0],900.0760482104305,49104.85573898611,106612.48357517918,false
44,G3_TWC,G3_TWC,[42, 31, 22, 82, 15, 26, 58, 95, 77, 12, 47, 5, 93, 78, 98, 54, 85, 63, 18, 44, 20, 35, 43, 97, 91, 76, 10, 30, 21, 45, 71, 64, 1, 23, 17, 83, 24, 14, 60, 36, 6, 57, 94, 88, 65, 56, 79, 40, 67, 68, 46, 75, 38, 9, 19, 32, 81, 41, 27, 62, 87, 90, 99, 59, 11, 16, 72, 73, 70, 39, 37, 84, 3, 92, 25, 55, 28, 29, 51, 7, 33, 61, 86, 66, 89, 50, 48, 96, 53, 80, 4, 8, 34, 49, 52, 0, 13, 2, 69, 74]|[1, 1, 1, 0, 1, 1, 1, 2, 2, 1, 2, 2, 2, 1, 1, 0, 0, 1, 0, 2, 2, 0, 1, 2, 0, 1, 2, 2, 0, 0, 1, 2, 1, 2, 1, 0, 2, 0, 1, 1, 0, 1, 1, 1, 0, 2, 1, 1, 0, 0, 0, 0, 1, 1, 2, 1, 2, 0, 0, 0, 2, 1, 0, 1, 2, 1, 2, 1, 1, 1, 1, 1, 2, 0, 1, 1, 0, 0, 0, 1, 2, 1, 0, 2, 1, 0, 0, 0, 0, 0, 0, 1, 2, 0, 1, 0, 0, 0, 1, 2]|[2, 4, 3, 2, 2, 0, 0, 2, 2, 4, 1, 1, 2, 4, 4, 1, 1, 4, 2, 1, 1, 1, 1, 2, 1, 2, 1, 1, 1, 1, 3, 2, 3, 0, 4, 0, 1, 1, 0, 3, 2, 2, 4, 0, 1, 1, 0, 2, 0, 1, 2, 2, 1, 4, 0, 3, 2, 1, 1, 2, 1, 3, 1, 1, 1, 3, 0, 4, 3, 1, 4, 1, 1, 2, 4, 4, 2, 1, 1, 3, 1, 3, 1, 1, 1, 1, 1, 1, 2, 1, 2, 3, 1, 1, 1, 2, 2, 2, 3, 1]|[1, 0, 2, 1, 1, 3, 3, 0, 0, 0, 0, 0, 1, 0, 1, 0, 0, 3, 1, 0, 0, 0, 3, 1, 0, 2, 0, 0, 0, 1, 0, 0, 0, 0, 3, 0, 1, 0, 0, 2, 1, 1, 2, 0, 0, 0, 0, 1, 1, 0, 0, 0, 1, 3, 0, 0, 1, 0, 0, 1, 0, 2, 0, 1, 0, 2, 1, 0, 0, 1, 1, 3, 0, 1, 3, 3, 1, 0, 0, 2, 0, 0, 0, 0, 1, 0, 0, 0, 1, 0, 1, 2, 0, 1, 1, 0, 0, 0, 0, 0],790.0808266764368,58301.839560278044,88734.19036740763,false
44,G1_CMAX,G3_TWC,[31, 22, 82, 15, 26, 58, 95, 42, 77, 12, 47, 5, 93, 78, 98, 54, 85, 63, 18, 44, 20, 35, 43, 97, 91, 76, 10, 30, 21, 45, 71, 64, 1, 23, 17, 83, 24, 14, 60, 36, 6, 57, 94, 88, 65, 56, 79, 40, 67, 68, 46, 75, 39, 9, 19, 32, 81, 96, 27, 62, 87, 90, 99, 59, 11, 16, 72, 73, 70, 38, 37, 84, 3, 92, 25, 55, 28, 29, 51, 7, 33, 61, 86, 48, 89, 50, 69, 41, 53, 80, 34, 4, 8, 66, 52, 2, 13, 0, 49, 74]|[1, 1, 0, 1, 1, 1, 2, 1, 2, 1, 2, 2, 2, 1, 1, 0, 0, 1, 0, 2, 2, 0, 1, 2, 0, 1, 2, 2, 0, 0, 1, 2, 1, 2, 1, 0, 2, 0, 1, 1, 0, 1, 1, 1, 0, 2, 1, 1, 0, 0, 0, 0, 1, 1, 2, 1, 2, 0, 0, 0, 2, 1, 0, 1, 2, 1, 2, 1, 1, 1, 1, 1, 2, 0, 1, 1, 0, 0, 0, 1, 2, 1, 0, 0, 1, 0, 1, 0, 0, 0, 2, 0, 1, 2, 1, 0, 0, 0, 0, 2]|[4, 3, 2, 2, 0, 0, 2, 2, 2, 4, 1, 1, 2, 4, 4, 1, 1, 4, 2, 1, 1, 1, 1, 2, 1, 2, 1, 1, 1, 1, 3, 2, 3, 0, 4, 0, 1, 1, 0, 3, 2, 2, 4, 0, 1, 1, 0, 2, 0, 1, 2, 2, 1, 4, 0, 3, 1, 1, 1, 2, 1, 3, 1, 1, 1, 3, 0, 4, 3, 1, 4, 1, 1, 2, 4, 1, 2, 1, 1, 3, 1, 3, 1, 1, 1, 1, 3, 1, 2, 1, 1, 2, 3, 1, 4, 2, 2, 2, 1, 1]|[0, 2, 1, 1, 3, 3, 0, 1, 0, 0, 0, 0, 1, 0, 1, 0, 0, 3, 1, 0, 0, 0, 3, 1, 0, 2, 0, 0, 0, 1, 0, 0, 0, 0, 3, 0, 1, 0, 0, 2, 1, 1, 2, 0, 0, 0, 0, 1, 1, 0, 0, 0, 1, 3, 0, 0, 0, 0, 0, 1, 0, 2, 0, 1, 0, 2, 1, 0, 0, 1, 1, 3, 0, 1, 3, 1, 1, 0, 0, 2, 0, 0, 0, 0, 1, 0, 0, 0, 1, 0, 0, 1, 2, 0, 3, 0, 0, 0, 1, 0],790.4602850035623,57295.93089082029,90507.83642231137,true
44,G4_BALANCED,G1_CMAX,[22, 82, 3, 58, 95, 42, 77, 47, 5, 93, 78, 12, 86, 54, 50, 63, 18, 44, 20, 35, 43, 97, 91, 76, 10, 30, 21, 45, 71, 64, 36, 23, 17, 83, 24, 14, 60, 1, 6, 40, 57, 90, 65, 56, 79, 94, 67, 68, 46, 75, 38, 9, 19, 32, 81, 41, 27, 62, 16, 55, 59, 89, 88, 87, 31, 72, 73, 70, 39, 37, 84, 92, 25, 11, 48, 15, 29, 51, 7, 33, 61, 98, 28, 99, 26, 85, 66, 96, 53, 80, 4, 8, 34, 49, 52, 2, 13, 0, 69, 74]|[1, 0, 1, 0, 1, 2, 2, 2, 2, 2, 1, 1, 1, 0, 0, 1, 0, 2, 2, 0, 1, 2, 0, 1, 2, 2, 0, 0, 1, 2, 1, 2, 1, 0, 2, 0, 1, 1, 0, 1, 1, 1, 0, 2, 1, 1, 0, 0, 0, 0, 1, 1, 2, 1, 2, 0, 0, 0, 1, 2, 1, 1, 1, 1, 1, 2, 1, 2, 1, 1, 1, 0, 1, 2, 2, 1, 0, 0, 1, 2, 1, 2, 0, 1, 1, 0, 0, 2, 0, 0, 1, 1, 2, 0, 1, 0, 0, 0, 1, 2]|[3, 2, 1, 1, 2, 1, 2, 1, 1, 2, 4, 4, 4, 1, 1, 4, 2, 1, 1, 1, 1, 2, 1, 2, 1, 1, 2, 1, 3, 2, 3, 1, 4, 1, 1, 1, 0, 3, 2, 2, 2, 3, 1, 1, 0, 4, 0, 1, 2, 2, 1, 4, 0, 3, 2, 1, 1, 2, 3, 1, 1, 1, 0, 3, 0, 0, 3, 0, 1, 4, 1, 0, 4, 1, 1, 4, 1, 1, 1, 1, 3, 1, 2, 1, 0, 2, 1, 1, 2, 1, 4, 3, 1, 1, 1, 2, 2, 2, 4, 1]|[3, 1, 2, 0, 1, 0, 0, 0, 0, 1, 0, 0, 1, 0, 0, 3, 1, 0, 0, 0, 3, 1, 0, 2, 0, 0, 0, 1, 0, 0, 2, 0, 3, 0, 1, 0, 0, 0, 1, 1, 1, 2, 0, 0, 0, 2, 1, 0, 0, 0, 1, 3, 0, 0, 1, 0, 0, 1, 2, 0, 1, 1, 0, 2, 0, 1, 0, 1, 1, 1, 1, 1, 3, 0, 0, 3, 0, 0, 2, 0, 0, 0, 1, 1, 3, 0, 0, 0, 1, 0, 0, 2, 0, 1, 1, 0, 0, 0, 2, 0],715.7913946700162,58060.95961022334,95287.06515100288,true
44,G2_TEC,G2_TEC,[31, 22, 82, 15, 26, 9, 95, 42, 77, 68, 47, 5, 93, 78, 86, 54, 85, 63, 18, 44, 20, 49, 36, 14, 74, 50, 53, 17, 21, 28, 11, 64, 3, 23, 30, 83, 24, 41, 40, 52, 65, 27, 90, 70, 39, 87, 48, 69, 99, 4, 75, 1, 13, 58, 97, 59, 45, 8, 73, 37, 35, 79, 71, 66, 76, 32, 60, 80, 56, 6, 67, 61, 33, 7, 57, 34, 12, 16, 10, 98, 96, 88, 43, 81, 91, 2, 84, 29, 92, 19, 51, 55, 46, 89, 25, 72, 94, 38, 62, 0]|[2, 1, 2, 1, 1, 2, 1, 1, 1, 1, 1, 0, 2, 2, 1, 2, 0, 0, 0, 2, 2, 1, 0, 2, 0, 2, 2, 1, 0, 1, 1, 1, 0, 0, 1, 0, 2, 1, 2, 2, 0, 0, 1, 1, 0, 2, 0, 2, 1, 0, 0, 2, 0, 0, 2, 0, 1, 1, 0, 0, 2, 1, 1, 2, 2, 0, 2, 2, 2, 1, 2, 1, 1, 2, 0, 1, 1, 2, 1, 2, 0, 1, 1, 1, 1, 0, 0, 1, 0, 1, 1, 0, 0, 1, 1, 1, 2, 0, 1, 2]|[0, 3, 0, 3, 4, 1, 4, 4, 2, 4, 3, 2, 1, 0, 2, 1, 1, 1, 2, 1, 1, 3, 0, 1, 0, 1, 1, 4, 1, 4, 3, 2, 2, 0, 4, 1, 1, 4, 1, 1, 2, 1, 4, 4, 1, 1, 0, 1, 3, 2, 2, 1, 2, 1, 1, 2, 4, 3, 0, 2, 2, 3, 3, 1, 1, 2, 1, 1, 1, 4, 1, 3, 4, 1, 2, 4, 3, 1, 3, 1, 2, 4, 4, 4, 3, 2, 2, 3, 2, 4, 3, 2, 2, 4, 4, 4, 1, 2, 3, 1]|[0, 2, 0, 0, 3, 0, 1, 3, 0, 0, 2, 0, 1, 0, 1, 0, 0, 0, 1, 0, 0, 2, 0, 0, 1, 0, 0, 3, 0, 1, 0, 2, 0, 0, 3, 0, 1, 1, 0, 0, 0, 0, 1, 3, 0, 0, 1, 0, 2, 0, 0, 0, 0, 0, 1, 0, 1, 0, 1, 1, 0, 2, 0, 0, 0, 0, 0, 0, 0, 2, 0, 0, 1, 0, 0, 1, 0, 0, 3, 0, 0, 1, 2, 2, 0, 0, 0, 3, 0, 1, 0, 0, 0, 1, 3, 1, 0, 0, 0, 0],900.0760482104305,49104.85573898611,106612.48357517918,false
44,G3_TWC,G3_TWC,[42, 31, 22, 82, 15, 26, 58, 95, 77, 12, 47, 5, 93, 78, 98, 54, 85, 63, 18, 44, 20, 35, 43, 97, 91, 76, 10, 30, 21, 45, 71, 64, 1, 23, 17, 83, 24, 14, 60, 36, 6, 57, 94, 88, 65, 56, 79, 40, 67, 68, 46, 75, 38, 9, 19, 32, 81, 41, 27, 62, 87, 90, 99, 59, 11, 16, 72, 73, 70, 39, 37, 84, 3, 92, 25, 55, 28, 29, 51, 7, 33, 61, 86, 66, 89, 50, 48, 96, 53, 80, 4, 8, 34, 49, 52, 0, 13, 2, 69, 74]|[1, 1, 1, 0, 1, 1, 1, 2, 2, 1, 2, 2, 2, 1, 1, 0, 0, 1, 0, 2, 2, 0, 1, 2, 0, 1, 2, 2, 0, 0, 1, 2, 1, 2, 1, 0, 2, 0, 1, 1, 0, 1, 1, 1, 0, 2, 1, 1, 0, 0, 0, 0, 1, 1, 2, 1, 2, 0, 0, 0, 2, 1, 0, 1, 2, 1, 2, 1, 1, 1, 1, 1, 2, 0, 1, 1, 0, 0, 0, 1, 2, 1, 0, 2, 1, 0, 0, 0, 0, 0, 0, 1, 2, 0, 1, 0, 0, 0, 1, 2]|[2, 4, 3, 2, 2, 0, 0, 2, 2, 4, 1, 1, 2, 4, 4, 1, 1, 4, 2, 1, 1, 1, 1, 2, 1, 2, 1, 1, 1, 1, 3, 2, 3, 0, 4, 0, 1, 1, 0, 3, 2, 2, 4, 0, 1, 1, 0, 2, 0, 1, 2, 2, 1, 4, 0, 3, 2, 1, 1, 2, 1, 3, 1, 1, 1, 3, 0, 4, 3, 1, 4, 1, 1, 2, 4, 4, 2, 1, 1, 3, 1, 3, 1, 1, 1, 1, 1, 1, 2, 1, 2, 3, 1, 1, 1, 2, 2, 2, 3, 1]|[1, 0, 2, 1, 1, 3, 3, 0, 0, 0, 0, 0, 1, 0, 1, 0, 0, 3, 1, 0, 0, 0, 3, 1, 0, 2, 0, 0, 0, 1, 0, 0, 0, 0, 3, 0, 1, 0, 0, 2, 1, 1, 2, 0, 0, 0, 0, 1, 1, 0, 0, 0, 1, 3, 0, 0, 1, 0, 0, 1, 0, 2, 0, 1, 0, 2, 1, 0, 0, 1, 1, 3, 0, 1, 3, 3, 1, 0, 0, 2, 0, 0, 0, 0, 1, 0, 0, 0, 1, 0, 1, 2, 0, 1, 1, 0, 0, 0, 0, 0],790.0808266764368,58301.839560278044,88734.19036740763,false
44,G1_CMAX,G3_TWC,[31, 22, 82, 15, 26, 58, 95, 42, 77, 12, 47, 5, 93, 78, 98, 54, 23, 63, 18, 44, 20, 35, 43, 97, 91, 76, 10, 30, 21, 45, 71, 64, 1, 85, 17, 83, 24, 14, 60, 36, 6, 57, 94, 88, 65, 56, 79, 40, 67, 68, 46, 75, 38, 9, 19, 32, 81, 96, 27, 62, 87, 90, 99, 59, 11, 16, 72, 73, 70, 39, 37, 84, 3, 92, 25, 55, 28, 29, 51, 7, 33, 61, 86, 48, 89, 50, 69, 41, 53, 80, 4, 8, 34, 49, 52, 0, 13, 2, 66, 74]|[1, 1, 0, 1, 1, 1, 2, 1, 2, 1, 2, 2, 2, 1, 1, 0, 0, 1, 0, 2, 2, 0, 1, 2, 0, 1, 2, 2, 0, 0, 1, 2, 1, 0, 1, 0, 2, 0, 1, 1, 0, 1, 1, 1, 0, 2, 1, 1, 0, 0, 0, 0, 1, 1, 2, 1, 2, 2, 0, 0, 2, 1, 0, 1, 2, 1, 2, 1, 1, 1, 1, 1, 2, 0, 1, 1, 0, 0, 0, 1, 2, 1, 0, 0, 1, 0, 2, 0, 0, 0, 1, 1, 2, 0, 1, 0, 0, 0, 2, 2]|[4, 3, 2, 2, 0, 0, 2, 2, 2, 4, 1, 1, 2, 4, 4, 1, 1, 4, 2, 1, 1, 1, 1, 2, 1, 2, 1, 1, 1, 1, 3, 2, 3, 2, 4, 0, 2, 1, 0, 3, 2, 2, 4, 0, 1, 1, 0, 2, 0, 1, 2, 2, 1, 4, 0, 3, 2, 1, 1, 2, 1, 3, 1, 1, 1, 3, 0, 4, 3, 1, 4, 1, 1, 2, 4, 4, 2, 1, 1, 3, 1, 3, 1, 1, 1, 1, 1, 1, 2, 1, 4, 3, 1, 1, 1, 2, 2, 2, 1, 1]|[0, 2, 1, 1, 3, 3, 0, 1, 0, 0, 0, 0, 1, 0, 1, 0, 0, 3, 1, 0, 0, 0, 3, 1, 0, 2, 0, 0, 0, 1, 0, 0, 0, 0, 3, 0, 1, 0, 0, 2, 1, 1, 2, 0, 0, 0, 0, 1, 1, 0, 0, 0, 1, 3, 0, 0, 1, 0, 0, 1, 0, 2, 0, 1, 0, 2, 1, 0, 0, 1, 1, 3, 0, 1, 3, 3, 1, 0, 0, 2, 0, 0, 0, 0, 1, 0, 0, 0, 1, 0, 0, 2, 0, 1, 1, 0, 0, 0, 0, 0],778.077680581035,57301.5479832932,90580.82667511643,true
44,G4_BALANCED,G1_CMAX,[22, 82, 3, 58, 95, 42, 77, 47, 5, 93, 78, 12, 86, 54, 50, 63, 18, 44, 20, 35, 43, 97, 91, 76, 10, 30, 21, 45, 71, 64, 36, 23, 17, 83, 24, 14, 60, 1, 6, 40, 57, 90, 65, 56, 79, 94, 67, 68, 46, 75, 38, 9, 19, 32, 81, 41, 27, 62, 16, 55, 59, 89, 88, 87, 31, 72, 73, 70, 39, 37, 84, 92, 25, 11, 48, 15, 29, 51, 7, 33, 61, 98, 28, 99, 26, 85, 66, 96, 53, 80, 4, 8, 34, 49, 52, 2, 13, 0, 69, 74]|[1, 0, 1, 0, 1, 2, 2, 2, 2, 2, 1, 1, 1, 0, 0, 1, 0, 2, 2, 0, 1, 2, 0, 1, 2, 2, 0, 0, 1, 2, 1, 2, 1, 0, 2, 0, 1, 1, 0, 1, 1, 1, 0, 2, 1, 1, 0, 0, 0, 0, 1, 1, 2, 1, 2, 0, 0, 0, 1, 2, 1, 1, 1, 1, 1, 2, 1, 2, 1, 1, 1, 0, 1, 2, 2, 1, 0, 0, 1, 2, 1, 2, 0, 1, 1, 0, 0, 2, 0, 0, 1, 1, 2, 0, 1, 0, 0, 0, 1, 2]|[3, 2, 1, 1, 2, 1, 2, 1, 1, 2, 4, 4, 4, 1, 1, 4, 2, 1, 1, 1, 1, 2, 1, 2, 1, 1, 2, 1, 3, 2, 3, 1, 4, 1, 1, 1, 0, 3, 2, 2, 2, 3, 1, 1, 0, 4, 0, 1, 2, 2, 1, 4, 0, 3, 2, 1, 1, 2, 3, 1, 1, 1, 0, 3, 0, 0, 3, 0, 1, 4, 1, 0, 4, 1, 1, 4, 1, 1, 1, 1, 3, 1, 2, 1, 0, 2, 1, 1, 2, 1, 4, 3, 1, 1, 1, 2, 2, 2, 4, 1]|[3, 1, 2, 0, 1, 0, 0, 0, 0, 1, 0, 0, 1, 0, 0, 3, 1, 0, 0, 0, 3, 1, 0, 2, 0, 0, 0, 1, 0, 0, 2, 0, 3, 0, 1, 0, 0, 0, 1, 1, 1, 2, 0, 0, 0, 2, 1, 0, 0, 0, 1, 3, 0, 0, 1, 0, 0, 1, 2, 0, 1, 1, 0, 2, 0, 1, 0, 1, 1, 1, 1, 1, 3, 0, 0, 3, 0, 0, 2, 0, 0, 0, 1, 1, 3, 0, 0, 0, 1, 0, 0, 2, 0, 1, 1, 0, 0, 0, 2, 0],715.7913946700162,58060.95961022334,95287.06515100288,true
44,G2_TEC,G2_TEC,[31, 22, 82, 15, 26, 9, 95, 42, 77, 68, 47, 5, 93, 78, 86, 54, 85, 63, 18, 44, 20, 49, 36, 14, 74, 50, 53, 17, 21, 28, 11, 64, 3, 23, 30, 83, 24, 41, 40, 52, 65, 27, 90, 70, 39, 87, 48, 69, 99, 4, 75, 1, 13, 58, 97, 59, 45, 8, 73, 37, 35, 79, 71, 66, 76, 32, 60, 80, 56, 6, 67, 61, 33, 7, 57, 34, 12, 16, 10, 98, 96, 88, 43, 81, 91, 2, 84, 29, 92, 19, 51, 55, 46, 89, 25, 72, 94, 38, 62, 0]|[2, 1, 2, 1, 1, 2, 1, 1, 1, 1, 1, 0, 2, 2, 1, 2, 0, 0, 0, 2, 2, 1, 0, 2, 0, 2, 2, 1, 0, 1, 1, 1, 0, 0, 1, 0, 2, 1, 2, 2, 0, 0, 1, 1, 0, 2, 0, 2, 1, 0, 0, 2, 0, 0, 2, 0, 1, 1, 0, 0, 2, 1, 1, 2, 2, 0, 2, 2, 2, 1, 2, 1, 1, 2, 0, 1, 1, 2, 1, 2, 0, 1, 1, 1, 1, 0, 0, 1, 0, 1, 1, 0, 0, 1, 1, 1, 2, 0, 1, 2]|[0, 3, 0, 3, 4, 1, 4, 4, 2, 4, 3, 2, 1, 0, 2, 1, 1, 1, 2, 1, 1, 3, 0, 1, 0, 1, 1, 4, 1, 4, 3, 2, 2, 0, 4, 1, 1, 4, 1, 1, 2, 1, 4, 4, 1, 1, 0, 1, 3, 2, 2, 1, 2, 1, 1, 2, 4, 3, 0, 2, 2, 3, 3, 1, 1, 2, 1, 1, 1, 4, 1, 3, 4, 1, 2, 4, 3, 1, 3, 1, 2, 4, 4, 4, 3, 2, 2, 3, 2, 4, 3, 2, 2, 4, 4, 4, 1, 2, 3, 1]|[0, 2, 0, 0, 3, 0, 1, 3, 0, 0, 2, 0, 1, 0, 1, 0, 0, 0, 1, 0, 0, 2, 0, 0, 1, 0, 0, 3, 0, 1, 0, 2, 0, 0, 3, 0, 1, 1, 0, 0, 0, 0, 1, 3, 0, 0, 1, 0, 2, 0, 0, 0, 0, 0, 1, 0, 1, 0, 1, 1, 0, 2, 0, 0, 0, 0, 0, 0, 0, 2, 0, 0, 1, 0, 0, 1, 0, 0, 3, 0, 0, 1, 2, 2, 0, 0, 0, 3, 0, 1, 0, 0, 0, 1, 3, 1, 0, 0, 0, 0],900.0760482104305,49104.85573898611,106612.48357517918,false
44,G3_TWC,G3_TWC,[42, 31, 22, 82, 15, 26, 58, 95, 77, 12, 47, 5, 93, 78, 98, 54, 85, 63, 18, 44, 20, 35, 43, 97, 91, 76, 10, 30, 21, 45, 71, 64, 1, 23, 17, 83, 24, 14, 60, 36, 6, 57, 94, 88, 65, 56, 79, 40, 67, 68, 46, 75, 38, 9, 19, 32, 81, 41, 27, 62, 87, 90, 99, 59, 11, 16, 72, 73, 70, 39, 37, 84, 3, 92, 25, 55, 28, 29, 51, 7, 33, 61, 86, 66, 89, 50, 48, 96, 53, 80, 4, 8, 34, 49, 52, 0, 13, 2, 69, 74]|[1, 1, 1, 0, 1, 1, 1, 2, 2, 1, 2, 2, 2, 1, 1, 0, 0, 1, 0, 2, 2, 0, 1, 2, 0, 1, 2, 2, 0, 0, 1, 2, 1, 2, 1, 0, 2, 0, 1, 1, 0, 1, 1, 1, 0, 2, 1, 1, 0, 0, 0, 0, 1, 1, 2, 1, 2, 0, 0, 0, 2, 1, 0, 1, 2, 1, 2, 1, 1, 1, 1, 1, 2, 0, 1, 1, 0, 0, 0, 1, 2, 1, 0, 2, 1, 0, 0, 0, 0, 0, 0, 1, 2, 0, 1, 0, 0, 0, 1, 2]|[2, 4, 3, 2, 2, 0, 0, 2, 2, 4, 1, 1, 2, 4, 4, 1, 1, 4, 2, 1, 1, 1, 1, 2, 1, 2, 1, 1, 1, 1, 3, 2, 3, 0, 4, 0, 1, 1, 0, 3, 2, 2, 4, 0, 1, 1, 0, 2, 0, 1, 2, 2, 1, 4, 0, 3, 2, 1, 1, 2, 1, 3, 1, 1, 1, 3, 0, 4, 3, 1, 4, 1, 1, 2, 4, 4, 2, 1, 1, 3, 1, 3, 1, 1, 1, 1, 1, 1, 2, 1, 2, 3, 1, 1, 1, 2, 2, 2, 3, 1]|[1, 0, 2, 1, 1, 3, 3, 0, 0, 0, 0, 0, 1, 0, 1, 0, 0, 3, 1, 0, 0, 0, 3, 1, 0, 2, 0, 0, 0, 1, 0, 0, 0, 0, 3, 0, 1, 0, 0, 2, 1, 1, 2, 0, 0, 0, 0, 1, 1, 0, 0, 0, 1, 3, 0, 0, 1, 0, 0, 1, 0, 2, 0, 1, 0, 2, 1, 0, 0, 1, 1, 3, 0, 1, 3, 3, 1, 0, 0, 2, 0, 0, 0, 0, 1, 0, 0, 0, 1, 0, 1, 2, 0, 1, 1, 0, 0, 0, 0, 0],790.0808266764368,58301.839560278044,88734.19036740763,false
44,G1_CMAX,G4_BALANCED,[31, 22, 82, 15, 26, 58, 95, 42, 77, 12, 47, 5, 93, 78, 44, 54, 85, 63, 18, 98, 20, 35, 43, 97, 91, 76, 10, 30, 21, 61, 71, 64, 1, 23, 17, 83, 24, 14, 60, 36, 6, 57, 94, 88, 65, 56, 79, 40, 67, 68, 46, 75, 38, 9, 19, 32, 81, 41, 27, 62, 87, 90, 99, 59, 11, 16, 72, 73, 70, 39, 37, 84, 3, 92, 96, 55, 28, 29, 51, 7, 33, 86, 45, 48, 89, 50, 66, 25, 53, 80, 4, 8, 34, 49, 52, 0, 13, 2, 69, 74]|[1, 1, 0, 1, 1, 1, 2, 1, 2, 1, 2, 2, 2, 1, 1, 0, 0, 1, 0, 2, 2, 0, 1, 2, 0, 1, 2, 2, 0, 1, 1, 2, 1, 2, 1, 0, 2, 0, 1, 1, 0, 1, 1, 1, 0, 2, 1, 1, 0, 0, 0, 0, 1, 1, 2, 1, 2, 0, 0, 0, 2, 1, 1, 2, 2, 1, 2, 1, 1, 1, 1, 1, 2, 0, 0, 1, 0, 0, 0, 1, 2, 0, 1, 0, 1, 0, 2, 1, 0, 0, 0, 1, 2, 0, 1, 0, 0, 0, 2, 2]|[4, 3, 2, 2, 0, 0, 2, 2, 2, 4, 1, 1, 2, 4, 4, 1, 1, 4, 2, 1, 1, 1, 1, 2, 1, 2, 1, 1, 1, 3, 3, 2, 3, 1, 4, 0, 1, 1, 0, 3, 2, 2, 4, 0, 1, 1, 0, 2, 0, 1, 2, 2, 1, 4, 0, 3, 2, 1, 1, 2, 1, 3, 1, 1, 1, 3, 0, 4, 3, 1, 4, 1, 1, 2, 1, 4, 2, 1, 1, 1, 1, 1, 3, 1, 1, 1, 1, 4, 2, 1, 2, 3, 1, 1, 1, 2, 2, 2, 1, 1]|[0, 2, 1, 1, 3, 3, 0, 1, 0, 0, 0, 0, 1, 0, 1, 0, 0, 3, 1, 0, 0, 0, 3, 1, 0, 2, 0, 0, 0, 0, 0, 0, 0, 0, 3, 0, 1, 0, 0, 2, 1, 1, 2, 0, 0, 0, 0, 1, 1, 0, 0, 0, 1, 3, 0, 0, 1, 0, 0, 1, 0, 2, 1, 0, 0, 2, 1, 0, 0, 1, 1, 3, 0, 1, 0, 3, 1, 0, 0, 2, 0, 0, 0, 0, 1, 0, 0, 3, 1, 0, 1, 2, 0, 1, 1, 0, 0, 0, 0, 0],756.4660160935522,57225.2310981851,90959.21552911297,true
44,G4_BALANCED,G1_CMAX,[22, 82, 3, 58, 95, 42, 77, 47, 5, 93, 78, 12, 86, 54, 50, 63, 18, 44, 20, 35, 43, 97, 91, 76, 10, 30, 21, 45, 71, 64, 36, 23, 17, 83, 24, 14, 60, 1, 6, 40, 57, 90, 65, 56, 79, 94, 67, 68, 46, 75, 38, 9, 19, 32, 81, 41, 27, 62, 16, 55, 59, 89, 88, 87, 31, 72, 73, 70, 39, 37, 84, 92, 25, 11, 48, 15, 29, 51, 7, 33, 61, 98, 28, 99, 26, 85, 66, 96, 53, 80, 4, 8, 34, 49, 52, 2, 13, 0, 69, 74]|[1, 0, 1, 0, 1, 2, 2, 2, 2, 2, 1, 1, 1, 0, 0, 1, 0, 2, 2, 0, 1, 2, 0, 1, 2, 2, 0, 0, 1, 2, 1, 2, 1, 0, 2, 0, 1, 1, 0, 1, 1, 1, 0, 2, 1, 1, 0, 0, 0, 0, 1, 1, 2, 1, 2, 0, 0, 0, 1, 2, 1, 1, 1, 1, 1, 2, 1, 2, 1, 1, 1, 0, 1, 2, 2, 1, 0, 0, 1, 2, 1, 2, 0, 1, 1, 0, 0, 2, 0, 0, 1, 1, 2, 0, 1, 0, 0, 0, 1, 2]|[3, 2, 1, 1, 2, 1, 2, 1, 1, 2, 4, 4, 4, 1, 1, 4, 2, 1, 1, 1, 1, 2, 1, 2, 1, 1, 2, 1, 3, 2, 3, 1, 4, 1, 1, 1, 0, 3, 2, 2, 2, 3, 1, 1, 0, 4, 0, 1, 2, 2, 1, 4, 0, 3, 2, 1, 1, 2, 3, 1, 1, 1, 0, 3, 0, 0, 3, 0, 1, 4, 1, 0, 4, 1, 1, 4, 1, 1, 1, 1, 3, 1, 2, 1, 0, 2, 1, 1, 2, 1, 4, 3, 1, 1, 1, 2, 2, 2, 4, 1]|[3, 1, 2, 0, 1, 0, 0, 0, 0, 1, 0, 0, 1, 0, 0, 3, 1, 0, 0, 0, 3, 1, 0, 2, 0, 0, 0, 1, 0, 0, 2, 0, 3, 0, 1, 0, 0, 0, 1, 1, 1, 2, 0, 0, 0, 2, 1, 0, 0, 0, 1, 3, 0, 0, 1, 0, 0, 1, 2, 0, 1, 1, 0, 2, 0, 1, 0, 1, 1, 1, 1, 1, 3, 0, 0, 3, 0, 0, 2, 0, 0, 0, 1, 1, 3, 0, 0, 0, 1, 0, 0, 2, 0, 1, 1, 0, 0, 0, 2, 0],715.7913946700162,58060.95961022334,95287.06515100288,true
44,G2_TEC,G2_TEC,[31, 22, 82, 15, 26, 9, 95, 42, 77, 68, 47, 5, 93, 78, 86, 54, 85, 63, 18, 44, 20, 49, 36, 14, 74, 50, 53, 17, 21, 28, 11, 64, 3, 23, 30, 83, 24, 41, 40, 52, 65, 27, 90, 70, 39, 87, 48, 69, 99, 4, 75, 1, 13, 58, 97, 59, 45, 8, 73, 37, 35, 79, 71, 66, 76, 32, 60, 80, 56, 6, 67, 61, 33, 7, 57, 34, 12, 16, 10, 98, 96, 88, 43, 81, 91, 2, 84, 29, 92, 19, 51, 55, 46, 89, 25, 72, 94, 38, 62, 0]|[2, 1, 2, 1, 1, 2, 1, 1, 1, 1, 1, 0, 2, 2, 1, 2, 0, 0, 0, 2, 2, 1, 0, 2, 0, 2, 2, 1, 0, 1, 1, 1, 0, 0, 1, 0, 2, 1, 2, 2, 0, 0, 1, 1, 0, 2, 0, 2, 1, 0, 0, 2, 0, 0, 2, 0, 1, 1, 0, 0, 2, 1, 1, 2, 2, 0, 2, 2, 2, 1, 2, 1, 1, 2, 0, 1, 1, 2, 1, 2, 0, 1, 1, 1, 1, 0, 0, 1, 0, 1, 1, 0, 0, 1, 1, 1, 2, 0, 1, 2]|[0, 3, 0, 3, 4, 1, 4, 4, 2, 4, 3, 2, 1, 0, 2, 1, 1, 1, 2, 1, 1, 3, 0, 1, 0, 1, 1, 4, 1, 4, 3, 2, 2, 0, 4, 1, 1, 4, 1, 1, 2, 1, 4, 4, 1, 1, 0, 1, 3, 2, 2, 1, 2, 1, 1, 2, 4, 3, 0, 2, 2, 3, 3, 1, 1, 2, 1, 1, 1, 4, 1, 3, 4, 1, 2, 4, 3, 1, 3, 1, 2, 4, 4, 4, 3, 2, 2, 3, 2, 4, 3, 2, 2, 4, 4, 4, 1, 2, 3, 1]|[0, 2, 0, 0, 3, 0, 1, 3, 0, 0, 2, 0, 1, 0, 1, 0, 0, 0, 1, 0, 0, 2, 0, 0, 1, 0, 0, 3, 0, 1, 0, 2, 0, 0, 3, 0, 1, 1, 0, 0, 0, 0, 1, 3, 0, 0, 1, 0, 2, 0, 0, 0, 0, 0, 1, 0, 1, 0, 1, 1, 0, 2, 0, 0, 0, 0, 0, 0, 0, 2, 0, 0, 1, 0, 0, 1, 0, 0, 3, 0, 0, 1, 2, 2, 0, 0, 0, 3, 0, 1, 0, 0, 0, 1, 3, 1, 0, 0, 0, 0],900.0760482104305,49104.85573898611,106612.48357517918,false
44,G3_TWC,G3_TWC,[42, 31, 22, 82, 15, 26, 58, 95, 77, 12, 47, 5, 93, 78, 98, 54, 85, 63, 18, 44, 20, 35, 43, 97, 91, 76, 10, 30, 21, 45, 71, 64, 1, 23, 17, 83, 24, 14, 60, 36, 6, 57, 94, 88, 65, 56, 79, 40, 67, 68, 46, 75, 38, 9, 19, 32, 81, 41, 27, 62, 87, 90, 99, 59, 11, 16, 72, 73, 70, 39, 37, 84, 3, 92, 25, 55, 28, 29, 51, 7, 33, 61, 86, 66, 89, 50, 48, 96, 53, 80, 4, 8, 34, 49, 52, 0, 13, 2, 69, 74]|[1, 1, 1, 0, 1, 1, 1, 2, 2, 1, 2, 2, 2, 1, 1, 0, 0, 1, 0, 2, 2, 0, 1, 2, 0, 1, 2, 2, 0, 0, 1, 2, 1, 2, 1, 0, 2, 0, 1, 1, 0, 1, 1, 1, 0, 2, 1, 1, 0, 0, 0, 0, 1, 1, 2, 1, 2, 0, 0, 0, 2, 1, 0, 1, 2, 1, 2, 1, 1, 1, 1, 1, 2, 0, 1, 1, 0, 0, 0, 1, 2, 1, 0, 2, 1, 0, 0, 0, 0, 0, 0, 1, 2, 0, 1, 0, 0, 0, 1, 2]|[2, 4, 3, 2, 2, 0, 0, 2, 2, 4, 1, 1, 2, 4, 4, 1, 1, 4, 2, 1, 1, 1, 1, 2, 1, 2, 1, 1, 1, 1, 3, 2, 3, 0, 4, 0, 1, 1, 0, 3, 2, 2, 4, 0, 1, 1, 0, 2, 0, 1, 2, 2, 1, 4, 0, 3, 2, 1, 1, 2, 1, 3, 1, 1, 1, 3, 0, 4, 3, 1, 4, 1, 1, 2, 4, 4, 2, 1, 1, 3, 1, 3, 1, 1, 1, 1, 1, 1, 2, 1, 2, 3, 1, 1, 1, 2, 2, 2, 3, 1]|[1, 0, 2, 1, 1, 3, 3, 0, 0, 0, 0, 0, 1, 0, 1, 0, 0, 3, 1, 0, 0, 0, 3, 1, 0, 2, 0, 0, 0, 1, 0, 0, 0, 0, 3, 0, 1, 0, 0, 2, 1, 1, 2, 0, 0, 0, 0, 1, 1, 0, 0, 0, 1, 3, 0, 0, 1, 0, 0, 1, 0, 2, 0, 1, 0, 2, 1, 0, 0, 1, 1, 3, 0, 1, 3, 3, 1, 0, 0, 2, 0, 0, 0, 0, 1, 0, 0, 0, 1, 0, 1, 2, 0, 1, 1, 0, 0, 0, 0, 0],790.0808266764368,58301.839560278044,88734.19036740763,false
44,G1_CMAX,G3_TWC,[31, 22, 82, 15, 26, 42, 58, 95, 77, 12, 47, 5, 93, 78, 98, 54, 85, 63, 18, 44, 20, 35, 43, 97, 91, 76, 10, 30, 21, 45, 71, 64, 1, 23, 17, 83, 24, 14, 60, 36, 6, 57, 94, 88, 65, 56, 79, 40, 67, 68, 46, 75, 38, 9, 19, 32, 81, 41, 27, 62, 90, 87, 59, 99, 28, 16, 72, 73, 70, 39, 37, 84, 3, 92, 25, 55, 11, 29, 51, 7, 33, 61, 86, 66, 89, 50, 69, 80, 53, 96, 4, 48, 34, 2, 52, 0, 13, 49, 8, 74]|[1, 1, 0, 1, 1, 2, 1, 2, 2, 1, 2, 2, 2, 1, 1, 0, 0, 1, 0, 2, 2, 0, 1, 2, 0, 1, 2, 2, 0, 0, 1, 2, 1, 2, 1, 0, 2, 0, 1, 1, 0, 1, 1, 1, 0, 2, 1, 1, 0, 0, 0, 0, 1, 1, 2, 1, 0, 0, 0, 0, 1, 2, 1, 0, 0, 1, 2, 1, 1, 1, 1, 1, 2, 0, 1, 1, 2, 0, 0, 1, 2, 1, 0, 2, 1, 0, 1, 0, 0, 0, 0, 0, 2, 0, 1, 0, 0, 0, 1, 2]|[4, 3, 2, 2, 0, 2, 2, 2, 2, 4, 1, 1, 2, 4, 4, 1, 1, 4, 2, 1, 1, 1, 1, 2, 1, 2, 1, 1, 2, 1, 3, 2, 3, 1, 4, 0, 1, 1, 0, 3, 2, 2, 4, 0, 1, 1, 0, 2, 0, 1, 2, 2, 1, 4, 0, 3, 1, 1, 1, 2, 3, 1, 1, 1, 2, 3, 0, 4, 3, 1, 4, 1, 1, 2, 4, 4, 1, 1, 1, 3, 1, 3, 1, 1, 1, 1, 3, 1, 2, 1, 2, 1, 1, 2, 1, 2, 2, 1, 3, 1]|[0, 2, 1, 1, 3, 0, 1, 0, 0, 0, 0, 0, 1, 0, 1, 0, 0, 3, 1, 0, 0, 0, 3, 1, 0, 2, 0, 0, 0, 1, 0, 0, 0, 0, 3, 0, 1, 0, 0, 2, 1, 1, 2, 0, 0, 0, 0, 1, 1, 0, 0, 0, 1, 3, 0, 0, 0, 0, 0, 1, 2, 0, 1, 0, 1, 2, 1, 0, 0, 1, 1, 3, 0, 1, 3, 3, 0, 0, 0, 2, 0, 0, 0, 0, 1, 0, 0, 0, 1, 0, 1, 0, 0, 0, 1, 0, 0, 1, 2, 0],819.0778430082623,56935.32872759042,90898.20754347793,true
44,G4_BALANCED,G1_CMAX,[22, 82, 3, 58, 95, 42, 77, 47, 5, 93, 78, 12, 86, 54, 50, 63, 18, 44, 20, 35, 43, 97, 91, 76, 10, 30, 21, 45, 71, 64, 36, 23, 17, 83, 24, 14, 60, 1, 6, 40, 57, 90, 65, 56, 79, 94, 67, 68, 46, 75, 38, 9, 19, 32, 81, 41, 27, 62, 16, 55, 59, 89, 88, 87, 31, 72, 73, 70, 39, 37, 84, 92, 25, 11, 48, 15, 29, 51, 7, 33, 61, 98, 28, 99, 26, 85, 66, 96, 53, 80, 4, 8, 34, 49, 52, 2, 13, 0, 69, 74]|[1, 0, 1, 0, 1, 2, 2, 2, 2, 2, 1, 1, 1, 0, 0, 1, 0, 2, 2, 0, 1, 2, 0, 1, 2, 2, 0, 0, 1, 2, 1, 2, 1, 0, 2, 0, 1, 1, 0, 1, 1, 1, 0, 2, 1, 1, 0, 0, 0, 0, 1, 1, 2, 1, 2, 0, 0, 0, 1, 2, 1, 1, 1, 1, 1, 2, 1, 2, 1, 1, 1, 0, 1, 2, 2, 1, 0, 0, 1, 2, 1, 2, 0, 1, 1, 0, 0, 2, 0, 0, 1, 1, 2, 0, 1, 0, 0, 0, 1, 2]|[3, 2, 1, 1, 2, 1, 2, 1, 1, 2, 4, 4, 4, 1, 1, 4, 2, 1, 1, 1, 1, 2, 1, 2, 1, 1, 2, 1, 3, 2, 3, 1, 4, 1, 1, 1, 0, 3, 2, 2, 2, 3, 1, 1, 0, 4, 0, 1, 2, 2, 1, 4, 0, 3, 2, 1, 1, 2, 3, 1, 1, 1, 0, 3, 0, 0, 3, 0, 1, 4, 1, 0, 4, 1, 1, 4, 1, 1, 1, 1, 3, 1, 2, 1, 0, 2, 1, 1, 2, 1, 4, 3, 1, 1, 1, 2, 2, 2, 4, 1]|[3, 1, 2, 0, 1, 0, 0, 0, 0, 1, 0, 0, 1, 0, 0, 3, 1, 0, 0, 0, 3, 1, 0, 2, 0, 0, 0, 1, 0, 0, 2, 0, 3, 0, 1, 0, 0, 0, 1, 1, 1, 2, 0, 0, 0, 2, 1, 0, 0, 0, 1, 3, 0, 0, 1, 0, 0, 1, 2, 0, 1, 1, 0, 2, 0, 1, 0, 1, 1, 1, 1, 1, 3, 0, 0, 3, 0, 0, 2, 0, 0, 0, 1, 1, 3, 0, 0, 0, 1, 0, 0, 2, 0, 1, 1, 0, 0, 0, 2, 0],715.7913946700162,58060.95961022334,95287.06515100288,true
44,G2_TEC,G2_TEC,[31, 22, 82, 15, 26, 9, 95, 42, 77, 68, 47, 5, 93, 78, 86, 54, 85, 63, 18, 44, 20, 49, 36, 14, 74, 50, 53, 17, 21, 28, 11, 64, 3, 23, 30, 83, 24, 41, 40, 52, 65, 27, 90, 70, 39, 87, 48, 69, 99, 4, 75, 1, 13, 58, 97, 59, 45, 8, 73, 37, 35, 79, 71, 66, 76, 32, 60, 80, 56, 6, 67, 61, 33, 7, 57, 34, 12, 16, 10, 98, 96, 88, 43, 81, 91, 2, 84, 29, 92, 19, 51, 55, 46, 89, 25, 72, 94, 38, 62, 0]|[2, 1, 2, 1, 1, 2, 1, 1, 1, 1, 1, 0, 2, 2, 1, 2, 0, 0, 0, 2, 2, 1, 0, 2, 0, 2, 2, 1, 0, 1, 1, 1, 0, 0, 1, 0, 2, 1, 2, 2, 0, 0, 1, 1, 0, 2, 0, 2, 1, 0, 0, 2, 0, 0, 2, 0, 1, 1, 0, 0, 2, 1, 1, 2, 2, 0, 2, 2, 2, 1, 2, 1, 1, 2, 0, 1, 1, 2, 1, 2, 0, 1, 1, 1, 1, 0, 0, 1, 0, 1, 1, 0, 0, 1, 1, 1, 2, 0, 1, 2]|[0, 3, 0, 3, 4, 1, 4, 4, 2, 4, 3, 2, 1, 0, 2, 1, 1, 1, 2, 1, 1, 3, 0, 1, 0, 1, 1, 4, 1, 4, 3, 2, 2, 0, 4, 1, 1, 4, 1, 1, 2, 1, 4, 4, 1, 1, 0, 1, 3, 2, 2, 1, 2, 1, 1, 2, 4, 3, 0, 2, 2, 3, 3, 1, 1, 2, 1, 1, 1, 4, 1, 3, 4, 1, 2, 4, 3, 1, 3, 1, 2, 4, 4, 4, 3, 2, 2, 3, 2, 4, 3, 2, 2, 4, 4, 4, 1, 2, 3, 1]|[0, 2, 0, 0, 3, 0, 1, 3, 0, 0, 2, 0, 1, 0, 1, 0, 0, 0, 1, 0, 0, 2, 0, 0, 1, 0, 0, 3, 0, 1, 0, 2, 0, 0, 3, 0, 1, 1, 0, 0, 0, 0, 1, 3, 0, 0, 1, 0, 2, 0, 0, 0, 0, 0, 1, 0, 1, 0, 1, 1, 0, 2, 0, 0, 0, 0, 0, 0, 0, 2, 0, 0, 1, 0, 0, 1, 0, 0, 3, 0, 0, 1, 2, 2, 0, 0, 0, 3, 0, 1, 0, 0, 0, 1, 3, 1, 0, 0, 0, 0],900.0760482104305,49104.85573898611,106612.48357517918,false
44,G3_TWC,G3_TWC,[42, 31, 22, 82, 15, 26, 58, 95, 77, 12, 47, 5, 93, 78, 98, 54, 85, 63, 18, 44, 20, 35, 43, 97, 91, 76, 10, 30, 21, 45, 71, 64, 1, 23, 17, 83, 24, 14, 60, 36, 6, 57, 94, 88, 65, 56, 79, 40, 67, 68, 46, 75, 38, 9, 19, 32, 81, 41, 27, 62, 87, 90, 99, 59, 11, 16, 72, 73, 70, 39, 37, 84, 3, 92, 25, 55, 28, 29, 51, 7, 33, 61, 86, 66, 89, 50, 48, 96, 53, 80, 4, 8, 34, 49, 52, 0, 13, 2, 69, 74]|[1, 1, 1, 0, 1, 1, 1, 2, 2, 1, 2, 2, 2, 1, 1, 0, 0, 1, 0, 2, 2, 0, 1, 2, 0, 1, 2, 2, 0, 0, 1, 2, 1, 2, 1, 0, 2, 0, 1, 1, 0, 1, 1, 1, 0, 2, 1, 1, 0, 0, 0, 0, 1, 1, 2, 1, 2, 0, 0, 0, 2, 1, 0, 1, 2, 1, 2, 1, 1, 1, 1, 1, 2, 0, 1, 1, 0, 0, 0, 1, 2, 1, 0, 2, 1, 0, 0, 0, 0, 0, 0, 1, 2, 0, 1, 0, 0, 0, 1, 2]|[2, 4, 3, 2, 2, 0, 0, 2, 2, 4, 1, 1, 2, 4, 4, 1, 1, 4, 2, 1, 1, 1, 1, 2, 1, 2, 1, 1, 1, 1, 3, 2, 3, 0, 4, 0, 1, 1, 0, 3, 2, 2, 4, 0, 1, 1, 0, 2, 0, 1, 2, 2, 1, 4, 0, 3, 2, 1, 1, 2, 1, 3, 1, 1, 1, 3, 0, 4, 3, 1, 4, 1, 1, 2, 4, 4, 2, 1, 1, 3, 1, 3, 1, 1, 1, 1, 1, 1, 2, 1, 2, 3, 1, 1, 1, 2, 2, 2, 3, 1]|[1, 0, 2, 1, 1, 3, 3, 0, 0, 0, 0, 0, 1, 0, 1, 0, 0, 3, 1, 0, 0, 0, 3, 1, 0, 2, 0, 0, 0, 1, 0, 0, 0, 0, 3, 0, 1, 0, 0, 2, 1, 1, 2, 0, 0, 0, 0, 1, 1, 0, 0, 0, 1, 3, 0, 0, 1, 0, 0, 1, 0, 2, 0, 1, 0, 2, 1, 0, 0, 1, 1, 3, 0, 1, 3, 3, 1, 0, 0, 2, 0, 0, 0, 0, 1, 0, 0, 0, 1, 0, 1, 2, 0, 1, 1, 0, 0, 0, 0, 0],790.0808266764368,58301.839560278044,88734.19036740763,false
44,G1_CMAX,G2_TEC,[31, 22, 82, 15, 26, 9, 95, 42, 77, 68, 47, 5, 93, 78, 86, 54, 85, 63, 18, 44, 20, 49, 36, 14, 74, 11, 53, 17, 21, 28, 50, 64, 3, 23, 30, 83, 24, 41, 40, 52, 65, 27, 90, 70, 39, 87, 48, 69, 99, 4, 75, 1, 13, 58, 97, 59, 45, 8, 73, 37, 35, 79, 71, 66, 76, 32, 60, 80, 56, 6, 67, 61, 33, 7, 57, 34, 12, 16, 10, 98, 96, 88, 43, 46, 91, 38, 84, 92, 29, 19, 51, 72, 55, 89, 25, 81, 94, 2, 0, 62]|[2, 1, 2, 1, 1, 2, 1, 1, 1, 1, 1, 0, 2, 2, 1, 2, 0, 0, 0, 2, 2, 1, 0, 2, 0, 1, 2, 1, 0, 1, 1, 1, 0, 0, 1, 0, 2, 1, 2, 2, 0, 0, 1, 1, 0, 2, 0, 2, 1, 0, 0, 2, 0, 0, 2, 0, 1, 1, 0, 0, 2, 1, 1, 2, 2, 0, 2, 2, 2, 1, 2, 1, 1, 2, 0, 1, 1, 2, 1, 2, 0, 1, 1, 0, 1, 0, 0, 0, 1, 1, 1, 1, 0, 1, 1, 1, 2, 2, 0, 1]|[0, 3, 0, 3, 4, 1, 4, 4, 2, 4, 3, 2, 1, 0, 2, 1, 1, 1, 2, 1, 1, 3, 0, 1, 0, 3, 1, 4, 1, 4, 3, 2, 2, 0, 4, 1, 1, 4, 1, 1, 2, 1, 4, 4, 1, 1, 0, 2, 3, 2, 2, 1, 2, 1, 1, 2, 4, 3, 0, 2, 2, 3, 3, 1, 1, 2, 1, 1, 1, 4, 1, 3, 4, 1, 2, 4, 3, 1, 3, 1, 2, 4, 4, 2, 3, 2, 2, 2, 3, 4, 3, 4, 2, 4, 4, 4, 1, 1, 2, 3]|[0, 2, 0, 0, 3, 0, 1, 3, 0, 0, 2, 0, 1, 0, 1, 0, 0, 0, 1, 0, 0, 2, 0, 0, 1, 0, 0, 3, 0, 1, 0, 2, 0, 0, 3, 0, 1, 1, 0, 0, 0, 0, 1, 3, 0, 0, 1, 0, 2, 0, 0, 0, 0, 0, 1, 0, 1, 0, 1, 1, 0, 2, 0, 0, 0, 0, 0, 0, 0, 2, 0, 0, 1, 0, 0, 1, 0, 0, 3, 0, 0, 1, 2, 0, 0, 0, 0, 0, 3, 1, 0, 1, 0, 1, 3, 2, 0, 0, 0, 0],882.7852096145542,49462.339839733424,107447.45065905225,true
44,G4_BALANCED,G1_CMAX,[22, 82, 3, 58, 95, 42, 77, 47, 5, 93, 78, 12, 86, 54, 50, 63, 18, 44, 20, 35, 43, 97, 91, 76, 10, 30, 21, 45, 71, 64, 36, 23, 17, 83, 24, 14, 60, 1, 6, 40, 57, 90, 65, 56, 79, 94, 67, 68, 46, 75, 38, 9, 19, 32, 81, 41, 27, 62, 16, 55, 59, 89, 88, 87, 31, 72, 73, 70, 39, 37, 84, 92, 25, 11, 48, 15, 29, 51, 7, 33, 61, 98, 28, 99, 26, 85, 66, 96, 53, 80, 4, 8, 34, 49, 52, 2, 13, 0, 69, 74]|[1, 0, 1, 0, 1, 2, 2, 2, 2, 2, 1, 1, 1, 0, 0, 1, 0, 2, 2, 0, 1, 2, 0, 1, 2, 2, 0, 0, 1, 2, 1, 2, 1, 0, 2, 0, 1, 1, 0, 1, 1, 1, 0, 2, 1, 1, 0, 0, 0, 0, 1, 1, 2, 1, 2, 0, 0, 0, 1, 2, 1, 1, 1, 1, 1, 2, 1, 2, 1, 1, 1, 0, 1, 2, 2, 1, 0, 0, 1, 2, 1, 2, 0, 1, 1, 0, 0, 2, 0, 0, 1, 1, 2, 0, 1, 0, 0, 0, 1, 2]|[3, 2, 1, 1, 2, 1, 2, 1, 1, 2, 4, 4, 4, 1, 1, 4, 2, 1, 1, 1, 1, 2, 1, 2, 1, 1, 2, 1, 3, 2, 3, 1, 4, 1, 1, 1, 0, 3, 2, 2, 2, 3, 1, 1, 0, 4, 0, 1, 2, 2, 1, 4, 0, 3, 2, 1, 1, 2, 3, 1, 1, 1, 0, 3, 0, 0, 3, 0, 1, 4, 1, 0, 4, 1, 1, 4, 1, 1, 1, 1, 3, 1, 2, 1, 0, 2, 1, 1, 2, 1, 4, 3, 1, 1, 1, 2, 2, 2, 4, 1]|[3, 1, 2, 0, 1, 0, 0, 0, 0, 1, 0, 0, 1, 0, 0, 3, 1, 0, 0, 0, 3, 1, 0, 2, 0, 0, 0, 1, 0, 0, 2, 0, 3, 0, 1, 0, 0, 0, 1, 1, 1, 2, 0, 0, 0, 2, 1, 0, 0, 0, 1, 3, 0, 0, 1, 0, 0, 1, 2, 0, 1, 1, 0, 2, 0, 1, 0, 1, 1, 1, 1, 1, 3, 0, 0, 3, 0, 0, 2, 0, 0, 0, 1, 1, 3, 0, 0, 0, 1, 0, 0, 2, 0, 1, 1, 0, 0, 0, 2, 0],715.7913946700162,58060.95961022334,95287.06515100288,true
44,G2_TEC,G2_TEC,[31, 22, 82, 15, 26, 9, 95, 42, 77, 68, 47, 5, 93, 78, 86, 54, 85, 63, 18, 44, 20, 49, 36, 14, 74, 50, 53, 17, 21, 28, 11, 64, 3, 23, 30, 83, 24, 41, 40, 52, 65, 27, 90, 70, 39, 87, 48, 69, 99, 4, 75, 1, 13, 58, 97, 59, 45, 8, 73, 37, 35, 79, 71, 66, 76, 32, 60, 80, 56, 6, 67, 61, 33, 7, 57, 34, 12, 16, 10, 98, 96, 88, 43, 81, 91, 2, 84, 29, 92, 19, 51, 55, 46, 89, 25, 72, 94, 38, 62, 0]|[2, 1, 2, 1, 1, 2, 1, 1, 1, 1, 1, 0, 2, 2, 1, 2, 0, 0, 0, 2, 2, 1, 0, 2, 0, 2, 2, 1, 0, 1, 1, 1, 0, 0, 1, 0, 2, 1, 2, 2, 0, 0, 1, 1, 0, 2, 0, 2, 1, 0, 0, 2, 0, 0, 2, 0, 1, 1, 0, 0, 2, 1, 1, 2, 2, 0, 2, 2, 2, 1, 2, 1, 1, 2, 0, 1, 1, 2, 1, 2, 0, 1, 1, 1, 1, 0, 0, 1, 0, 1, 1, 0, 0, 1, 1, 1, 2, 0, 1, 2]|[0, 3, 0, 3, 4, 1, 4, 4, 2, 4, 3, 2, 1, 0, 2, 1, 1, 1, 2, 1, 1, 3, 0, 1, 0, 1, 1, 4, 1, 4, 3, 2, 2, 0, 4, 1, 1, 4, 1, 1, 2, 1, 4, 4, 1, 1, 0, 1, 3, 2, 2, 1, 2, 1, 1, 2, 4, 3, 0, 2, 2, 3, 3, 1, 1, 2, 1, 1, 1, 4, 1, 3, 4, 1, 2, 4, 3, 1, 3, 1, 2, 4, 4, 4, 3, 2, 2, 3, 2, 4, 3, 2, 2, 4, 4, 4, 1, 2, 3, 1]|[0, 2, 0, 0, 3, 0, 1, 3, 0, 0, 2, 0, 1, 0, 1, 0, 0, 0, 1, 0, 0, 2, 0, 0, 1, 0, 0, 3, 0, 1, 0, 2, 0, 0, 3, 0, 1, 1, 0, 0, 0, 0, 1, 3, 0, 0, 1, 0, 2, 0, 0, 0, 0, 0, 1, 0, 1, 0, 1, 1, 0, 2, 0, 0, 0, 0, 0, 0, 0, 2, 0, 0, 1, 0, 0, 1, 0, 0, 3, 0, 0, 1, 2, 2, 0, 0, 0, 3, 0, 1, 0, 0, 0, 1, 3, 1, 0, 0, 0, 0],900.0760482104305,49104.85573898611,106612.48357517918,false
44,G3_TWC,G3_TWC,[42, 31, 22, 82, 15, 26, 58, 95, 77, 12, 47, 5, 93, 78, 98, 54, 85, 63, 18, 44, 20, 35, 43, 97, 91, 76, 10, 30, 21, 45, 71, 64, 1, 23, 17, 83, 24, 14, 60, 36, 6, 57, 94, 88, 65, 56, 79, 40, 67, 68, 46, 75, 38, 9, 19, 32, 81, 41, 27, 62, 87, 90, 99, 59, 11, 16, 72, 73, 70, 39, 37, 84, 3, 92, 25, 55, 28, 29, 51, 7, 33, 61, 86, 66, 89, 50, 48, 96, 53, 80, 4, 8, 34, 49, 52, 0, 13, 2, 69, 74]|[1, 1, 1, 0, 1, 1, 1, 2, 2, 1, 2, 2, 2, 1, 1, 0, 0, 1, 0, 2, 2, 0, 1, 2, 0, 1, 2, 2, 0, 0, 1, 2, 1, 2, 1, 0, 2, 0, 1, 1, 0, 1, 1, 1, 0, 2, 1, 1, 0, 0, 0, 0, 1, 1, 2, 1, 2, 0, 0, 0, 2, 1, 0, 1, 2, 1, 2, 1, 1, 1, 1, 1, 2, 0, 1, 1, 0, 0, 0, 1, 2, 1, 0, 2, 1, 0, 0, 0, 0, 0, 0, 1, 2, 0, 1, 0, 0, 0, 1, 2]|[2, 4, 3, 2, 2, 0, 0, 2, 2, 4, 1, 1, 2, 4, 4, 1, 1, 4, 2, 1, 1, 1, 1, 2, 1, 2, 1, 1, 1, 1, 3, 2, 3, 0, 4, 0, 1, 1, 0, 3, 2, 2, 4, 0, 1, 1, 0, 2, 0, 1, 2, 2, 1, 4, 0, 3, 2, 1, 1, 2, 1, 3, 1, 1, 1, 3, 0, 4, 3, 1, 4, 1, 1, 2, 4, 4, 2, 1, 1, 3, 1, 3, 1, 1, 1, 1, 1, 1, 2, 1, 2, 3, 1, 1, 1, 2, 2, 2, 3, 1]|[1, 0, 2, 1, 1, 3, 3, 0, 0, 0, 0, 0, 1, 0, 1, 0, 0, 3, 1, 0, 0, 0, 3, 1, 0, 2, 0, 0, 0, 1, 0, 0, 0, 0, 3, 0, 1, 0, 0, 2, 1, 1, 2, 0, 0, 0, 0, 1, 1, 0, 0, 0, 1, 3, 0, 0, 1, 0, 0, 1, 0, 2, 0, 1, 0, 2, 1, 0, 0, 1, 1, 3, 0, 1, 3, 3, 1, 0, 0, 2, 0, 0, 0, 0, 1, 0, 0, 0, 1, 0, 1, 2, 0, 1, 1, 0, 0, 0, 0, 0],790.0808266764368,58301.839560278044,88734.19036740763,false
44,G1_CMAX,G2_TEC,[31, 22, 82, 15, 26, 9, 95, 42, 77, 68, 47, 5, 93, 78, 86, 54, 85, 63, 18, 44, 20, 49, 36, 14, 74, 11, 53, 17, 21, 28, 50, 64, 3, 23, 30, 83, 24, 41, 40, 52, 65, 27, 90, 70, 39, 87, 48, 69, 99, 4, 75, 1, 13, 58, 97, 59, 45, 8, 73, 37, 35, 79, 71, 66, 76, 32, 60, 80, 56, 6, 67, 61, 33, 7, 57, 34, 12, 16, 10, 98, 96, 88, 43, 46, 91, 38, 84, 92, 29, 19, 51, 72, 55, 89, 25, 81, 94, 2, 0, 62]|[2, 1, 2, 1, 1, 2, 1, 1, 1, 1, 1, 0, 2, 2, 1, 2, 0, 0, 0, 2, 2, 1, 0, 2, 0, 1, 2, 1, 0, 1, 1, 1, 0, 0, 1, 0, 2, 1, 2, 2, 0, 0, 1, 1, 0, 2, 0, 2, 1, 0, 0, 2, 0, 0, 2, 0, 1, 1, 0, 0, 2, 1, 1, 2, 2, 0, 2, 2, 2, 1, 2, 1, 1, 2, 0, 1, 1, 2, 1, 2, 0, 1, 1, 0, 1, 0, 0, 0, 1, 1, 1, 1, 0, 1, 1, 1, 2, 2, 0, 1]|[0, 3, 0, 3, 4, 1, 4, 4, 2, 4, 3, 2, 1, 0, 2, 1, 1, 1, 2, 1, 1, 3, 0, 1, 0, 3, 1, 4, 1, 4, 3, 2, 2, 0, 4, 1, 1, 4, 1, 1, 2, 1, 4, 4, 1, 1, 0, 2, 3, 2, 2, 1, 2, 1, 1, 2, 4, 3, 0, 2, 2, 3, 3, 1, 1, 2, 1, 1, 1, 4, 1, 3, 4, 1, 2, 4, 3, 1, 3, 1, 2, 4, 4, 2, 3, 2, 2, 2, 3, 4, 3, 4, 2, 4, 4, 4, 1, 1, 2, 3]|[0, 2, 0, 0, 3, 0, 1, 3, 0, 0, 2, 0, 1, 0, 1, 0, 0, 0, 1, 0, 0, 2, 0, 0, 1, 0, 0, 3, 0, 1, 0, 2, 0, 0, 3, 0, 1, 1, 0, 0, 0, 0, 1, 3, 0, 0, 1, 0, 2, 0, 0, 0, 0, 0, 1, 0, 1, 0, 1, 1, 0, 2, 0, 0, 0, 0, 0, 0, 0, 2, 0, 0, 1, 0, 0, 1, 0, 0, 3, 0, 0, 1, 2, 0, 0, 0, 0, 0, 3, 1, 0, 1, 0, 1, 3, 2, 0, 0, 0, 0],882.7852096145542,49462.339839733424,107447.45065905225,true
44,G4_BALANCED,G1_CMAX,[22, 82, 3, 58, 95, 42, 77, 47, 5, 93, 78, 12, 86, 54, 50, 63, 18, 44, 20, 35, 43, 97, 91, 76, 10, 30, 21, 45, 71, 64, 36, 23, 17, 83, 24, 14, 60, 1, 6, 40, 57, 90, 65, 56, 79, 94, 67, 68, 46, 75, 38, 9, 19, 32, 81, 41, 27, 62, 16, 55, 59, 89, 88, 87, 31, 72, 73, 70, 39, 37, 84, 92, 25, 11, 48, 15, 29, 51, 7, 33, 61, 98, 28, 99, 26, 85, 66, 96, 53, 80, 4, 8, 34, 49, 52, 2, 13, 0, 69, 74]|[1, 0, 1, 0, 1, 2, 2, 2, 2, 2, 1, 1, 1, 0, 0, 1, 0, 2, 2, 0, 1, 2, 0, 1, 2, 2, 0, 0, 1, 2, 1, 2, 1, 0, 2, 0, 1, 1, 0, 1, 1, 1, 0, 2, 1, 1, 0, 0, 0, 0, 1, 1, 2, 1, 2, 0, 0, 0, 1, 2, 1, 1, 1, 1, 1, 2, 1, 2, 1, 1, 1, 0, 1, 2, 2, 1, 0, 0, 1, 2, 1, 2, 0, 1, 1, 0, 0, 2, 0, 0, 1, 1, 2, 0, 1, 0, 0, 0, 1, 2]|[3, 2, 1, 1, 2, 1, 2, 1, 1, 2, 4, 4, 4, 1, 1, 4, 2, 1, 1, 1, 1, 2, 1, 2, 1, 1, 2, 1, 3, 2, 3, 1, 4, 1, 1, 1, 0, 3, 2, 2, 2, 3, 1, 1, 0, 4, 0, 1, 2, 2, 1, 4, 0, 3, 2, 1, 1, 2, 3, 1, 1, 1, 0, 3, 0, 0, 3, 0, 1, 4, 1, 0, 4, 1, 1, 4, 1, 1, 1, 1, 3, 1, 2, 1, 0, 2, 1, 1, 2, 1, 4, 3, 1, 1, 1, 2, 2, 2, 4, 1]|[3, 1, 2, 0, 1, 0, 0, 0, 0, 1, 0, 0, 1, 0, 0, 3, 1, 0, 0, 0, 3, 1, 0, 2, 0, 0, 0, 1, 0, 0, 2, 0, 3, 0, 1, 0, 0, 0, 1, 1, 1, 2, 0, 0, 0, 2, 1, 0, 0, 0, 1, 3, 0, 0, 1, 0, 0, 1, 2, 0, 1, 1, 0, 2, 0, 1, 0, 1, 1, 1, 1, 1, 3, 0, 0, 3, 0, 0, 2, 0, 0, 0, 1, 1, 3, 0, 0, 0, 1, 0, 0, 2, 0, 1, 1, 0, 0, 0, 2, 0],715.7913946700162,58060.95961022334,95287.06515100288,true
44,G2_TEC,G2_TEC,[31, 22, 82, 15, 26, 9, 95, 42, 77, 68, 47, 5, 93, 78, 86, 54, 85, 63, 18, 44, 20, 49, 36, 14, 74, 50, 53, 17, 21, 28, 11, 64, 3, 23, 30, 83, 24, 41, 40, 52, 65, 27, 90, 70, 39, 87, 48, 69, 99, 4, 75, 1, 13, 58, 97, 59, 45, 8, 73, 37, 35, 79, 71, 66, 76, 32, 60, 80, 56, 6, 67, 61, 33, 7, 57, 34, 12, 16, 10, 98, 96, 88, 43, 81, 91, 2, 84, 29, 92, 19, 51, 55, 46, 89, 25, 72, 94, 38, 62, 0]|[2, 1, 2, 1, 1, 2, 1, 1, 1, 1, 1, 0, 2, 2, 1, 2, 0, 0, 0, 2, 2, 1, 0, 2, 0, 2, 2, 1, 0, 1, 1, 1, 0, 0, 1, 0, 2, 1, 2, 2, 0, 0, 1, 1, 0, 2, 0, 2, 1, 0, 0, 2, 0, 0, 2, 0, 1, 1, 0, 0, 2, 1, 1, 2, 2, 0, 2, 2, 2, 1, 2, 1, 1, 2, 0, 1, 1, 2, 1, 2, 0, 1, 1, 1, 1, 0, 0, 1, 0, 1, 1, 0, 0, 1, 1, 1, 2, 0, 1, 2]|[0, 3, 0, 3, 4, 1, 4, 4, 2, 4, 3, 2, 1, 0, 2, 1, 1, 1, 2, 1, 1, 3, 0, 1, 0, 1, 1, 4, 1, 4, 3, 2, 2, 0, 4, 1, 1, 4, 1, 1, 2, 1, 4, 4, 1, 1, 0, 1, 3, 2, 2, 1, 2, 1, 1, 2, 4, 3, 0, 2, 2, 3, 3, 1, 1, 2, 1, 1, 1, 4, 1, 3, 4, 1, 2, 4, 3, 1, 3, 1, 2, 4, 4, 4, 3, 2, 2, 3, 2, 4, 3, 2, 2, 4, 4, 4, 1, 2, 3, 1]|[0, 2, 0, 0, 3, 0, 1, 3, 0, 0, 2, 0, 1, 0, 1, 0, 0, 0, 1, 0, 0, 2, 0, 0, 1, 0, 0, 3, 0, 1, 0, 2, 0, 0, 3, 0, 1, 1, 0, 0, 0, 0, 1, 3, 0, 0, 1, 0, 2, 0, 0, 0, 0, 0, 1, 0, 1, 0, 1, 1, 0, 2, 0, 0, 0, 0, 0, 0, 0, 2, 0, 0, 1, 0, 0, 1, 0, 0, 3, 0, 0, 1, 2, 2, 0, 0, 0, 3, 0, 1, 0, 0, 0, 1, 3, 1, 0, 0, 0, 0],900.0760482104305,49104.85573898611,106612.48357517918,false
44,G3_TWC,G3_TWC,[42, 31, 22, 82, 15, 26, 58, 95, 77, 12, 47, 5, 93, 78, 98, 54, 85, 63, 18, 44, 20, 35, 43, 97, 91, 76, 10, 30, 21, 45, 71, 64, 1, 23, 17, 83, 24, 14, 60, 36, 6, 57, 94, 88, 65, 56, 79, 40, 67, 68, 46, 75, 38, 9, 19, 32, 81, 41, 27, 62, 87, 90, 99, 59, 11, 16, 72, 73, 70, 39, 37, 84, 3, 92, 25, 55, 28, 29, 51, 7, 33, 61, 86, 66, 89, 50, 48, 96, 53, 80, 4, 8, 34, 49, 52, 0, 13, 2, 69, 74]|[1, 1, 1, 0, 1, 1, 1, 2, 2, 1, 2, 2, 2, 1, 1, 0, 0, 1, 0, 2, 2, 0, 1, 2, 0, 1, 2, 2, 0, 0, 1, 2, 1, 2, 1, 0, 2, 0, 1, 1, 0, 1, 1, 1, 0, 2, 1, 1, 0, 0, 0, 0, 1, 1, 2, 1, 2, 0, 0, 0, 2, 1, 0, 1, 2, 1, 2, 1, 1, 1, 1, 1, 2, 0, 1, 1, 0, 0, 0, 1, 2, 1, 0, 2, 1, 0, 0, 0, 0, 0, 0, 1, 2, 0, 1, 0, 0, 0, 1, 2]|[2, 4, 3, 2, 2, 0, 0, 2, 2, 4, 1, 1, 2, 4, 4, 1, 1, 4, 2, 1, 1, 1, 1, 2, 1, 2, 1, 1, 1, 1, 3, 2, 3, 0, 4, 0, 1, 1, 0, 3, 2, 2, 4, 0, 1, 1, 0, 2, 0, 1, 2, 2, 1, 4, 0, 3, 2, 1, 1, 2, 1, 3, 1, 1, 1, 3, 0, 4, 3, 1, 4, 1, 1, 2, 4, 4, 2, 1, 1, 3, 1, 3, 1, 1, 1, 1, 1, 1, 2, 1, 2, 3, 1, 1, 1, 2, 2, 2, 3, 1]|[1, 0, 2, 1, 1, 3, 3, 0, 0, 0, 0, 0, 1, 0, 1, 0, 0, 3, 1, 0, 0, 0, 3, 1, 0, 2, 0, 0, 0, 1, 0, 0, 0, 0, 3, 0, 1, 0, 0, 2, 1, 1, 2, 0, 0, 0, 0, 1, 1, 0, 0, 0, 1, 3, 0, 0, 1, 0, 0, 1, 0, 2, 0, 1, 0, 2, 1, 0, 0, 1, 1, 3, 0, 1, 3, 3, 1, 0, 0, 2, 0, 0, 0, 0, 1, 0, 0, 0, 1, 0, 1, 2, 0, 1, 1, 0, 0, 0, 0, 0],790.0808266764368,58301.839560278044,88734.19036740763,false
44,G1_CMAX,G1_CMAX,[31, 22, 90, 26, 58, 95, 42, 12, 93, 5, 78, 86, 98, 18, 20, 35, 3, 97, 91, 76, 10, 85, 54, 45, 63, 71, 66, 1, 23, 17, 24, 60, 36, 6, 57, 15, 65, 56, 47, 79, 94, 67, 50, 46, 14, 75, 38, 9, 30, 19, 32, 81, 27, 92, 83, 87, 40, 99, 59, 11, 53, 16, 72, 77, 73, 70, 39, 37, 84, 43, 62, 25, 55, 28, 29, 51, 68, 82, 74, 61, 88, 21, 80, 89, 7, 69, 96, 41, 48, 4, 8, 34, 49, 52, 0, 44, 13, 2, 64, 33]|[1, 1, 1, 1, 0, 2, 1, 1, 2, 2, 2, 1, 0, 1, 2, 2, 1, 2, 0, 1, 2, 2, 2, 0, 0, 1, 2, 1, 2, 1, 2, 1, 1, 0, 1, 1, 0, 2, 2, 1, 1, 0, 0, 0, 0, 1, 1, 1, 1, 2, 1, 2, 2, 0, 0, 2, 1, 0, 0, 2, 0, 1, 2, 2, 1, 1, 1, 1, 1, 1, 0, 1, 1, 0, 0, 0, 0, 0, 2, 1, 1, 0, 0, 1, 1, 1, 2, 2, 0, 1, 1, 2, 0, 1, 0, 0, 0, 0, 2, 2]|[0, 4, 3, 0, 1, 1, 2, 4, 1, 1, 2, 4, 1, 4, 1, 1, 1, 2, 2, 2, 2, 1, 1, 1, 2, 3, 2, 3, 0, 4, 1, 0, 3, 2, 2, 2, 1, 1, 1, 0, 2, 0, 1, 2, 1, 3, 1, 4, 2, 0, 3, 2, 1, 2, 1, 1, 4, 1, 1, 1, 2, 3, 0, 2, 4, 3, 1, 4, 1, 1, 1, 4, 4, 2, 1, 1, 1, 2, 1, 3, 0, 1, 1, 1, 1, 3, 1, 1, 1, 4, 3, 1, 1, 1, 2, 2, 2, 2, 1, 1]|[3, 0, 2, 3, 0, 0, 1, 0, 0, 0, 1, 0, 0, 3, 0, 0, 1, 1, 1, 2, 1, 0, 0, 0, 0, 0, 0, 0, 0, 3, 1, 0, 2, 1, 1, 1, 0, 0, 0, 0, 1, 1, 0, 0, 0, 0, 1, 3, 2, 0, 0, 1, 0, 1, 0, 0, 2, 0, 0, 0, 1, 2, 1, 1, 0, 0, 1, 1, 3, 3, 0, 3, 3, 1, 0, 0, 0, 1, 0, 0, 0, 0, 0, 1, 2, 2, 0, 0, 0, 0, 2, 0, 1, 1, 0, 0, 0, 0, 0, 0],705.0470749739228,58445.79123614564,95781.2895945797,false
44,G4_BALANCED,G1_CMAX,[22, 82, 3, 58, 95, 42, 77, 47, 5, 93, 78, 12, 86, 54, 50, 63, 18, 44, 20, 35, 43, 97, 91, 76, 10, 30, 21, 45, 71, 64, 36, 23, 17, 83, 24, 14, 60, 1, 6, 40, 57, 90, 65, 56, 79, 94, 67, 68, 46, 75, 38, 9, 19, 32, 81, 41, 27, 62, 16, 55, 59, 89, 88, 87, 31, 72, 73, 70, 39, 37, 84, 92, 25, 11, 48, 15, 29, 51, 7, 33, 61, 98, 28, 99, 26, 85, 66, 96, 53, 80, 4, 8, 34, 49, 52, 2, 13, 0, 69, 74]|[1, 0, 1, 0, 1, 2, 2, 2, 2, 2, 1, 1, 1, 0, 0, 1, 0, 2, 2, 0, 1, 2, 0, 1, 2, 2, 0, 0, 1, 2, 1, 2, 1, 0, 2, 0, 1, 1, 0, 1, 1, 1, 0, 2, 1, 1, 0, 0, 0, 0, 1, 1, 2, 1, 2, 0, 0, 0, 1, 2, 1, 1, 1, 1, 1, 2, 1, 2, 1, 1, 1, 0, 1, 2, 2, 1, 0, 0, 1, 2, 1, 2, 0, 1, 1, 0, 0, 2, 0, 0, 1, 1, 2, 0, 1, 0, 0, 0, 1, 2]|[3, 2, 1, 1, 2, 1, 2, 1, 1, 2, 4, 4, 4, 1, 1, 4, 2, 1, 1, 1, 1, 2, 1, 2, 1, 1, 2, 1, 3, 2, 3, 1, 4, 1, 1, 1, 0, 3, 2, 2, 2, 3, 1, 1, 0, 4, 0, 1, 2, 2, 1, 4, 0, 3, 2, 1, 1, 2, 3, 1, 1, 1, 0, 3, 0, 0, 3, 0, 1, 4, 1, 0, 4, 1, 1, 4, 1, 1, 1, 1, 3, 1, 2, 1, 0, 2, 1, 1, 2, 1, 4, 3, 1, 1, 1, 2, 2, 2, 4, 1]|[3, 1, 2, 0, 1, 0, 0, 0, 0, 1, 0, 0, 1, 0, 0, 3, 1, 0, 0, 0, 3, 1, 0, 2, 0, 0, 0, 1, 0, 0, 2, 0, 3, 0, 1, 0, 0, 0, 1, 1, 1, 2, 0, 0, 0, 2, 1, 0, 0, 0, 1, 3, 0, 0, 1, 0, 0, 1, 2, 0, 1, 1, 0, 2, 0, 1, 0, 1, 1, 1, 1, 1, 3, 0, 0, 3, 0, 0, 2, 0, 0, 0, 1, 1, 3, 0, 0, 0, 1, 0, 0, 2, 0, 1, 1, 0, 0, 0, 2, 0],715.7913946700162,58060.95961022334,95287.06515100288,true
44,G2_TEC,G2_TEC,[31, 22, 82, 15, 26, 9, 95, 42, 77, 68, 47, 5, 93, 78, 86, 54, 85, 63, 18, 44, 20, 49, 36, 14, 74, 50, 53, 17, 21, 28, 11, 64, 3, 23, 30, 83, 24, 41, 40, 52, 65, 27, 90, 70, 39, 87, 48, 69, 99, 4, 75, 1, 13, 58, 97, 59, 45, 8, 73, 37, 35, 79, 71, 66, 76, 32, 60, 80, 56, 6, 67, 61, 33, 7, 57, 34, 12, 16, 10, 98, 96, 88, 43, 81, 91, 2, 84, 29, 92, 19, 51, 55, 46, 89, 25, 72, 94, 38, 62, 0]|[2, 1, 2, 1, 1, 2, 1, 1, 1, 1, 1, 0, 2, 2, 1, 2, 0, 0, 0, 2, 2, 1, 0, 2, 0, 2, 2, 1, 0, 1, 1, 1, 0, 0, 1, 0, 2, 1, 2, 2, 0, 0, 1, 1, 0, 2, 0, 2, 1, 0, 0, 2, 0, 0, 2, 0, 1, 1, 0, 0, 2, 1, 1, 2, 2, 0, 2, 2, 2, 1, 2, 1, 1, 2, 0, 1, 1, 2, 1, 2, 0, 1, 1, 1, 1, 0, 0, 1, 0, 1, 1, 0, 0, 1, 1, 1, 2, 0, 1, 2]|[0, 3, 0, 3, 4, 1, 4, 4, 2, 4, 3, 2, 1, 0, 2, 1, 1, 1, 2, 1, 1, 3, 0, 1, 0, 1, 1, 4, 1, 4, 3, 2, 2, 0, 4, 1, 1, 4, 1, 1, 2, 1, 4, 4, 1, 1, 0, 1, 3, 2, 2, 1, 2, 1, 1, 2, 4, 3, 0, 2, 2, 3, 3, 1, 1, 2, 1, 1, 1, 4, 1, 3, 4, 1, 2, 4, 3, 1, 3, 1, 2, 4, 4, 4, 3, 2, 2, 3, 2, 4, 3, 2, 2, 4, 4, 4, 1, 2, 3, 1]|[0, 2, 0, 0, 3, 0, 1, 3, 0, 0, 2, 0, 1, 0, 1, 0, 0, 0, 1, 0, 0, 2, 0, 0, 1, 0, 0, 3, 0, 1, 0, 2, 0, 0, 3, 0, 1, 1, 0, 0, 0, 0, 1, 3, 0, 0, 1, 0, 2, 0, 0, 0, 0, 0, 1, 0, 1, 0, 1, 1, 0, 2, 0, 0, 0, 0, 0, 0, 0, 2, 0, 0, 1, 0, 0, 1, 0, 0, 3, 0, 0, 1, 2, 2, 0, 0, 0, 3, 0, 1, 0, 0, 0, 1, 3, 1, 0, 0, 0, 0],900.0760482104305,49104.85573898611,106612.48357517918,false
44,G3_TWC,G3_TWC,[42, 31, 22, 82, 15, 26, 58, 95, 77, 12, 47, 5, 93, 78, 98, 54, 85, 63, 18, 44, 20, 35, 43, 97, 91, 76, 10, 30, 21, 45, 71, 64, 1, 23, 17, 83, 24, 14, 60, 36, 6, 57, 94, 88, 65, 56, 79, 40, 67, 68, 46, 75, 38, 9, 19, 32, 81, 41, 27, 62, 87, 90, 99, 59, 11, 16, 72, 73, 70, 39, 37, 84, 3, 92, 25, 55, 28, 29, 51, 7, 33, 61, 86, 66, 89, 50, 48, 96, 53, 80, 4, 8, 34, 49, 52, 0, 13, 2, 69, 74]|[1, 1, 1, 0, 1, 1, 1, 2, 2, 1, 2, 2, 2, 1, 1, 0, 0, 1, 0, 2, 2, 0, 1, 2, 0, 1, 2, 2, 0, 0, 1, 2, 1, 2, 1, 0, 2, 0, 1, 1, 0, 1, 1, 1, 0, 2, 1, 1, 0, 0, 0, 0, 1, 1, 2, 1, 2, 0, 0, 0, 2, 1, 0, 1, 2, 1, 2, 1, 1, 1, 1, 1, 2, 0, 1, 1, 0, 0, 0, 1, 2, 1, 0, 2, 1, 0, 0, 0, 0, 0, 0, 1, 2, 0, 1, 0, 0, 0, 1, 2]|[2, 4, 3, 2, 2, 0, 0, 2, 2, 4, 1, 1, 2, 4, 4, 1, 1, 4, 2, 1, 1, 1, 1, 2, 1, 2, 1, 1, 1, 1, 3, 2, 3, 0, 4, 0, 1, 1, 0, 3, 2, 2, 4, 0, 1, 1, 0, 2, 0, 1, 2, 2, 1, 4, 0, 3, 2, 1, 1, 2, 1, 3, 1, 1, 1, 3, 0, 4, 3, 1, 4, 1, 1, 2, 4, 4, 2, 1, 1, 3, 1, 3, 1, 1, 1, 1, 1, 1, 2, 1, 2, 3, 1, 1, 1, 2, 2, 2, 3, 1]|[1, 0, 2, 1, 1, 3, 3, 0, 0, 0, 0, 0, 1, 0, 1, 0, 0, 3, 1, 0, 0, 0, 3, 1, 0, 2, 0, 0, 0, 1, 0, 0, 0, 0, 3, 0, 1, 0, 0, 2, 1, 1, 2, 0, 0, 0, 0, 1, 1, 0, 0, 0, 1, 3, 0, 0, 1, 0, 0, 1, 0, 2, 0, 1, 0, 2, 1, 0, 0, 1, 1, 3, 0, 1, 3, 3, 1, 0, 0, 2, 0, 0, 0, 0, 1, 0, 0, 0, 1, 0, 1, 2, 0, 1, 1, 0, 0, 0, 0, 0],790.0808266764368,58301.839560278044,88734.19036740763,false
44,G1_CMAX,G1_CMAX,[31, 22, 90, 26, 58, 95, 42, 12, 93, 5, 78, 86, 98, 18, 20, 35, 3, 97, 91, 76, 10, 85, 54, 45, 63, 71, 66, 1, 23, 17, 24, 60, 36, 6, 57, 15, 65, 56, 47, 79, 94, 67, 50, 46, 14, 75, 38, 9, 30, 19, 32, 81, 27, 92, 83, 87, 40, 99, 59, 11, 53, 16, 72, 77, 73, 70, 39, 37, 84, 43, 62, 25, 55, 28, 29, 51, 68, 82, 74, 61, 88, 21, 80, 89, 7, 69, 96, 41, 48, 4, 8, 34, 49, 52, 0, 44, 13, 2, 64, 33]|[1, 1, 1, 1, 0, 2, 1, 1, 2, 2, 2, 1, 0, 1, 2, 2, 1, 2, 0, 1, 2, 2, 2, 0, 0, 1, 2, 1, 2, 1, 2, 1, 1, 0, 1, 1, 0, 2, 2, 1, 1, 0, 0, 0, 0, 1, 1, 1, 1, 2, 1, 2, 2, 0, 0, 2, 1, 0, 0, 2, 0, 1, 2, 2, 1, 1, 1, 1, 1, 1, 0, 1, 1, 0, 0, 0, 0, 0, 2, 1, 1, 0, 0, 1, 1, 1, 2, 2, 0, 1, 1, 2, 0, 1, 0, 0, 0, 0, 2, 2]|[0, 4, 3, 0, 1, 1, 2, 4, 1, 1, 2, 4, 1, 4, 1, 1, 1, 2, 2, 2, 2, 1, 1, 1, 2, 3, 2, 3, 0, 4, 1, 0, 3, 2, 2, 2, 1, 1, 1, 0, 2, 0, 1, 2, 1, 3, 1, 4, 2, 0, 3, 2, 1, 2, 1, 1, 4, 1, 1, 1, 2, 3, 0, 2, 4, 3, 1, 4, 1, 1, 1, 4, 4, 2, 1, 1, 1, 2, 1, 3, 0, 1, 1, 1, 1, 3, 1, 1, 1, 4, 3, 1, 1, 1, 2, 2, 2, 2, 1, 1]|[3, 0, 2, 3, 0, 0, 1, 0, 0, 0, 1, 0, 0, 3, 0, 0, 1, 1, 1, 2, 1, 0, 0, 0, 0, 0, 0, 0, 0, 3, 1, 0, 2, 1, 1, 1, 0, 0, 0, 0, 1, 1, 0, 0, 0, 0, 1, 3, 2, 0, 0, 1, 0, 1, 0, 0, 2, 0, 0, 0, 1, 2, 1, 1, 0, 0, 1, 1, 3, 3, 0, 3, 3, 1, 0, 0, 0, 1, 0, 0, 0, 0, 0, 1, 2, 2, 0, 0, 0, 0, 2, 0, 1, 1, 0, 0, 0, 0, 0, 0],705.0470749739228,58445.79123614564,95781.2895945797,false
44,G4_BALANCED,G1_CMAX,[22, 82, 3, 58, 95, 42, 77, 47, 5, 93, 78, 12, 86, 54, 50, 63, 18, 44, 20, 35, 43, 97, 91, 76, 10, 30, 21, 45, 71, 64, 36, 23, 17, 83, 24, 14, 60, 1, 6, 40, 57, 90, 65, 56, 79, 94, 67, 68, 46, 75, 38, 9, 19, 32, 81, 41, 27, 62, 16, 55, 59, 89, 88, 87, 31, 72, 73, 70, 39, 37, 84, 92, 25, 11, 48, 15, 29, 51, 7, 33, 61, 98, 28, 99, 26, 85, 66, 96, 53, 80, 4, 8, 34, 49, 52, 2, 13, 0, 69, 74]|[1, 0, 1, 0, 1, 2, 2, 2, 2, 2, 1, 1, 1, 0, 0, 1, 0, 2, 2, 0, 1, 2, 0, 1, 2, 2, 0, 0, 1, 2, 1, 2, 1, 0, 2, 0, 1, 1, 0, 1, 1, 1, 0, 2, 1, 1, 0, 0, 0, 0, 1, 1, 2, 1, 2, 0, 0, 0, 1, 2, 1, 1, 1, 1, 1, 2, 1, 2, 1, 1, 1, 0, 1, 2, 2, 1, 0, 0, 1, 2, 1, 2, 0, 1, 1, 0, 0, 2, 0, 0, 1, 1, 2, 0, 1, 0, 0, 0, 1, 2]|[3, 2, 1, 1, 2, 1, 2, 1, 1, 2, 4, 4, 4, 1, 1, 4, 2, 1, 1, 1, 1, 2, 1, 2, 1, 1, 2, 1, 3, 2, 3, 1, 4, 1, 1, 1, 0, 3, 2, 2, 2, 3, 1, 1, 0, 4, 0, 1, 2, 2, 1, 4, 0, 3, 2, 1, 1, 2, 3, 1, 1, 1, 0, 3, 0, 0, 3, 0, 1, 4, 1, 0, 4, 1, 1, 4, 1, 1, 1, 1, 3, 1, 2, 1, 0, 2, 1, 1, 2, 1, 4, 3, 1, 1, 1, 2, 2, 2, 4, 1]|[3, 1, 2, 0, 1, 0, 0, 0, 0, 1, 0, 0, 1, 0, 0, 3, 1, 0, 0, 0, 3, 1, 0, 2, 0, 0, 0, 1, 0, 0, 2, 0, 3, 0, 1, 0, 0, 0, 1, 1, 1, 2, 0, 0, 0, 2, 1, 0, 0, 0, 1, 3, 0, 0, 1, 0, 0, 1, 2, 0, 1, 1, 0, 2, 0, 1, 0, 1, 1, 1, 1, 1, 3, 0, 0, 3, 0, 0, 2, 0, 0, 0, 1, 1, 3, 0, 0, 0, 1, 0, 0, 2, 0, 1, 1, 0, 0, 0, 2, 0],715.7913946700162,58060.95961022334,95287.06515100288,true
44,G2_TEC,G2_TEC,[31, 22, 82, 15, 26, 9, 95, 42, 77, 68, 47, 5, 93, 78, 86, 54, 85, 63, 18, 44, 20, 49, 36, 14, 74, 50, 53, 17, 21, 28, 11, 64, 3, 23, 30, 83, 24, 41, 40, 52, 65, 27, 90, 70, 39, 87, 48, 69, 99, 4, 75, 1, 13, 58, 97, 59, 45, 8, 73, 37, 35, 79, 71, 66, 76, 32, 60, 80, 56, 6, 67, 61, 33, 7, 57, 34, 12, 16, 10, 98, 96, 88, 43, 81, 91, 2, 84, 29, 92, 19, 51, 55, 46, 89, 25, 72, 94, 38, 62, 0]|[2, 1, 2, 1, 1, 2, 1, 1, 1, 1, 1, 0, 2, 2, 1, 2, 0, 0, 0, 2, 2, 1, 0, 2, 0, 2, 2, 1, 0, 1, 1, 1, 0, 0, 1, 0, 2, 1, 2, 2, 0, 0, 1, 1, 0, 2, 0, 2, 1, 0, 0, 2, 0, 0, 2, 0, 1, 1, 0, 0, 2, 1, 1, 2, 2, 0, 2, 2, 2, 1, 2, 1, 1, 2, 0, 1, 1, 2, 1, 2, 0, 1, 1, 1, 1, 0, 0, 1, 0, 1, 1, 0, 0, 1, 1, 1, 2, 0, 1, 2]|[0, 3, 0, 3, 4, 1, 4, 4, 2, 4, 3, 2, 1, 0, 2, 1, 1, 1, 2, 1, 1, 3, 0, 1, 0, 1, 1, 4, 1, 4, 3, 2, 2, 0, 4, 1, 1, 4, 1, 1, 2, 1, 4, 4, 1, 1, 0, 1, 3, 2, 2, 1, 2, 1, 1, 2, 4, 3, 0, 2, 2, 3, 3, 1, 1, 2, 1, 1, 1, 4, 1, 3, 4, 1, 2, 4, 3, 1, 3, 1, 2, 4, 4, 4, 3, 2, 2, 3, 2, 4, 3, 2, 2, 4, 4, 4, 1, 2, 3, 1]|[0, 2, 0, 0, 3, 0, 1, 3, 0, 0, 2, 0, 1, 0, 1, 0, 0, 0, 1, 0, 0, 2, 0, 0, 1, 0, 0, 3, 0, 1, 0, 2, 0, 0, 3, 0, 1, 1, 0, 0, 0, 0, 1, 3, 0, 0, 1, 0, 2, 0, 0, 0, 0, 0, 1, 0, 1, 0, 1, 1, 0, 2, 0, 0, 0, 0, 0, 0, 0, 2, 0, 0, 1, 0, 0, 1, 0, 0, 3, 0, 0, 1, 2, 2, 0, 0, 0, 3, 0, 1, 0, 0, 0, 1, 3, 1, 0, 0, 0, 0],900.0760482104305,49104.85573898611,106612.48357517918,false
44,G3_TWC,G3_TWC,[31, 22, 82, 15, 26, 58, 95, 42, 77, 12, 47, 5, 93, 78, 98, 54, 85, 63, 18, 44, 20, 35, 43, 97, 91, 76, 10, 30, 21, 45, 71, 64, 1, 23, 17, 83, 24, 14, 60, 36, 6, 57, 94, 88, 65, 56, 79, 40, 67, 68, 46, 75, 38, 9, 19, 32, 81, 41, 27, 62, 87, 90, 99, 39, 11, 16, 72, 73, 70, 59, 37, 84, 3, 92, 25, 55, 28, 29, 51, 7, 33, 61, 86, 48, 89, 50, 69, 96, 53, 80, 4, 8, 34, 49, 52, 0, 13, 2, 66, 74]|[1, 1, 0, 1, 1, 1, 2, 1, 2, 1, 2, 2, 2, 1, 1, 0, 0, 1, 0, 2, 2, 0, 1, 2, 0, 1, 2, 2, 0, 0, 1, 2, 1, 2, 1, 0, 2, 0, 1, 1, 0, 1, 1, 1, 0, 2, 1, 1, 0, 0, 0, 0, 1, 1, 2, 1, 2, 0, 0, 0, 2, 1, 0, 1, 2, 1, 2, 1, 1, 1, 1, 1, 2, 0, 1, 1, 0, 0, 0, 1, 2, 1, 0, 0, 1, 0, 2, 0, 0, 0, 0, 1, 2, 0, 1, 0, 0, 0, 2, 0]|[4, 3, 2, 2, 0, 0, 2, 2, 2, 4, 1, 1, 2, 4, 4, 1, 1, 4, 2, 1, 1, 1, 1, 2, 1, 2, 1, 1, 1, 1, 3, 2, 3, 0, 4, 0, 1, 1, 0, 3, 2, 2, 4, 0, 1, 1, 0, 2, 0, 1, 2, 2, 1, 4, 0, 3, 2, 1, 1, 2, 1, 3, 1, 1, 1, 3, 0, 4, 3, 1, 4, 1, 1, 2, 4, 4, 2, 1, 1, 3, 1, 3, 1, 1, 1, 1, 1, 1, 2, 1, 2, 3, 1, 1, 1, 2, 2, 2, 1, 2]|[0, 2, 1, 1, 3, 3, 0, 1, 0, 0, 0, 0, 1, 0, 1, 0, 0, 3, 1, 0, 0, 0, 3, 1, 0, 2, 0, 0, 0, 1, 0, 0, 0, 0, 3, 0, 1, 0, 0, 2, 1, 1, 2, 0, 0, 0, 0, 1, 1, 0, 0, 0, 1, 3, 0, 0, 1, 0, 0, 1, 0, 2, 0, 1, 0, 2, 1, 0, 0, 1, 1, 3, 0, 1, 3, 3, 1, 0, 0, 2, 0, 0, 0, 0, 1, 0, 0, 0, 1, 0, 1, 2, 0, 1, 1, 0, 0, 0, 0, 0],840.1098594656901,57851.18476729527,88758.65697721922,false
44,G1_CMAX,G1_CMAX,[31, 22, 90, 26, 58, 95, 42, 12, 93, 5, 78, 86, 98, 18, 20, 35, 3, 97, 91, 76, 10, 85, 54, 45, 63, 71, 66, 1, 23, 17, 24, 60, 36, 6, 57, 15, 65, 56, 47, 79, 94, 67, 50, 46, 14, 75, 38, 9, 30, 19, 32, 81, 27, 92, 83, 87, 40, 99, 59, 11, 53, 16, 72, 77, 73, 70, 39, 37, 84, 43, 62, 25, 55, 28, 29, 51, 68, 82, 74, 61, 88, 21, 80, 89, 7, 69, 96, 41, 48, 4, 8, 34, 49, 52, 0, 44, 13, 2, 64, 33]|[1, 1, 1, 1, 0, 2, 1, 1, 2, 2, 2, 1, 0, 1, 2, 2, 1, 2, 0, 1, 2, 2, 2, 0, 0, 1, 2, 1, 2, 1, 2, 1, 1, 0, 1, 1, 0, 2, 2, 1, 1, 0, 0, 0, 0, 1, 1, 1, 1, 2, 1, 2, 2, 0, 0, 2, 1, 0, 0, 2, 0, 1, 2, 2, 1, 1, 1, 1, 1, 1, 0, 1, 1, 0, 0, 0, 0, 0, 2, 1, 1, 0, 0, 1, 1, 1, 2, 2, 0, 1, 1, 2, 0, 1, 0, 0, 0, 0, 2, 2]|[0, 4, 3, 0, 1, 1, 2, 4, 1, 1, 2, 4, 1, 4, 1, 1, 1, 2, 2, 2, 2, 1, 1, 1, 2, 3, 2, 3, 0, 4, 1, 0, 3, 2, 2, 2, 1, 1, 1, 0, 2, 0, 1, 2, 1, 3, 1, 4, 2, 0, 3, 2, 1, 2, 1, 1, 4, 1, 1, 1, 2, 3, 0, 2, 4, 3, 1, 4, 1, 1, 1, 4, 4, 2, 1, 1, 1, 2, 1, 3, 0, 1, 1, 1, 1, 3, 1, 1, 1, 4, 3, 1, 1, 1, 2, 2, 2, 2, 1, 1]|[3, 0, 2, 3, 0, 0, 1, 0, 0, 0, 1, 0, 0, 3, 0, 0, 1, 1, 1, 2, 1, 0, 0, 0, 0, 0, 0, 0, 0, 3, 1, 0, 2, 1, 1, 1, 0, 0, 0, 0, 1, 1, 0, 0, 0, 0, 1, 3, 2, 0, 0, 1, 0, 1, 0, 0, 2, 0, 0, 0, 1, 2, 1, 1, 0, 0, 1, 1, 3, 3, 0, 3, 3, 1, 0, 0, 0, 1, 0, 0, 0, 0, 0, 1, 2, 2, 0, 0, 0, 0, 2, 0, 1, 1, 0, 0, 0, 0, 0, 0],705.0470749739228,58445.79123614564,95781.2895945797,false
44,G4_BALANCED,G1_CMAX,[22, 82, 3, 58, 95, 42, 77, 47, 5, 93, 78, 12, 86, 54, 50, 63, 18, 44, 20, 35, 43, 97, 91, 76, 10, 30, 21, 45, 71, 64, 36, 23, 17, 83, 24, 14, 60, 1, 6, 40, 57, 90, 65, 56, 79, 94, 67, 68, 46, 75, 38, 9, 19, 32, 81, 41, 27, 62, 16, 55, 59, 89, 88, 87, 31, 72, 73, 70, 39, 37, 84, 92, 25, 11, 48, 15, 29, 51, 7, 33, 61, 98, 28, 99, 26, 85, 66, 96, 53, 80, 4, 8, 34, 49, 52, 2, 13, 0, 69, 74]|[1, 0, 1, 0, 1, 2, 2, 2, 2, 2, 1, 1, 1, 0, 0, 1, 0, 2, 2, 0, 1, 2, 0, 1, 2, 2, 0, 0, 1, 2, 1, 2, 1, 0, 2, 0, 1, 1, 0, 1, 1, 1, 0, 2, 1, 1, 0, 0, 0, 0, 1, 1, 2, 1, 2, 0, 0, 0, 1, 2, 1, 1, 1, 1, 1, 2, 1, 2, 1, 1, 1, 0, 1, 2, 2, 1, 0, 0, 1, 2, 1, 2, 0, 1, 1, 0, 0, 2, 0, 0, 1, 1, 2, 0, 1, 0, 0, 0, 1, 2]|[3, 2, 1, 1, 2, 1, 2, 1, 1, 2, 4, 4, 4, 1, 1, 4, 2, 1, 1, 1, 1, 2, 1, 2, 1, 1, 2, 1, 3, 2, 3, 1, 4, 1, 1, 1, 0, 3, 2, 2, 2, 3, 1, 1, 0, 4, 0, 1, 2, 2, 1, 4, 0, 3, 2, 1, 1, 2, 3, 1, 1, 1, 0, 3, 0, 0, 3, 0, 1, 4, 1, 0, 4, 1, 1, 4, 1, 1, 1, 1, 3, 1, 2, 1, 0, 2, 1, 1, 2, 1, 4, 3, 1, 1, 1, 2, 2, 2, 4, 1]|[3, 1, 2, 0, 1, 0, 0, 0, 0, 1, 0, 0, 1, 0, 0, 3, 1, 0, 0, 0, 3, 1, 0, 2, 0, 0, 0, 1, 0, 0, 2, 0, 3, 0, 1, 0, 0, 0, 1, 1, 1, 2, 0, 0, 0, 2, 1, 0, 0, 0, 1, 3, 0, 0, 1, 0, 0, 1, 2, 0, 1, 1, 0, 2, 0, 1, 0, 1, 1, 1, 1, 1, 3, 0, 0, 3, 0, 0, 2, 0, 0, 0, 1, 1, 3, 0, 0, 0, 1, 0, 0, 2, 0, 1, 1, 0, 0, 0, 2, 0],715.7913946700162,58060.95961022334,95287.06515100288,true
44,G2_TEC,G2_TEC,[31, 22, 82, 15, 26, 9, 95, 42, 77, 68, 47, 5, 93, 78, 86, 54, 85, 63, 18, 44, 20, 49, 36, 14, 74, 50, 53, 17, 21, 28, 11, 64, 3, 23, 30, 83, 24, 41, 40, 52, 65, 27, 90, 70, 39, 87, 48, 69, 99, 4, 75, 1, 13, 58, 97, 59, 45, 8, 73, 37, 35, 79, 71, 66, 76, 32, 60, 80, 56, 6, 67, 61, 33, 7, 57, 34, 12, 16, 10, 98, 96, 88, 43, 81, 91, 2, 84, 29, 92, 19, 51, 55, 46, 89, 25, 72, 94, 38, 62, 0]|[2, 1, 2, 1, 1, 2, 1, 1, 1, 1, 1, 0, 2, 2, 1, 2, 0, 0, 0, 2, 2, 1, 0, 2, 0, 2, 2, 1, 0, 1, 1, 1, 0, 0, 1, 0, 2, 1, 2, 2, 0, 0, 1, 1, 0, 2, 0, 2, 1, 0, 0, 2, 0, 0, 2, 0, 1, 1, 0, 0, 2, 1, 1, 2, 2, 0, 2, 2, 2, 1, 2, 1, 1, 2, 0, 1, 1, 2, 1, 2, 0, 1, 1, 1, 1, 0, 0, 1, 0, 1, 1, 0, 0, 1, 1, 1, 2, 0, 1, 2]|[0, 3, 0, 3, 4, 1, 4, 4, 2, 4, 3, 2, 1, 0, 2, 1, 1, 1, 2, 1, 1, 3, 0, 1, 0, 1, 1, 4, 1, 4, 3, 2, 2, 0, 4, 1, 1, 4, 1, 1, 2, 1, 4, 4, 1, 1, 0, 1, 3, 2, 2, 1, 2, 1, 1, 2, 4, 3, 0, 2, 2, 3, 3, 1, 1, 2, 1, 1, 1, 4, 1, 3, 4, 1, 2, 4, 3, 1, 3, 1, 2, 4, 4, 4, 3, 2, 2, 3, 2, 4, 3, 2, 2, 4, 4, 4, 1, 2, 3, 1]|[0, 2, 0, 0, 3, 0, 1, 3, 0, 0, 2, 0, 1, 0, 1, 0, 0, 0, 1, 0, 0, 2, 0, 0, 1, 0, 0, 3, 0, 1, 0, 2, 0, 0, 3, 0, 1, 1, 0, 0, 0, 0, 1, 3, 0, 0, 1, 0, 2, 0, 0, 0, 0, 0, 1, 0, 1, 0, 1, 1, 0, 2, 0, 0, 0, 0, 0, 0, 0, 2, 0, 0, 1, 0, 0, 1, 0, 0, 3, 0, 0, 1, 2, 2, 0, 0, 0, 3, 0, 1, 0, 0, 0, 1, 3, 1, 0, 0, 0, 0],900.0760482104305,49104.85573898611,106612.48357517918,false
44,G3_TWC,G3_TWC,[42, 31, 22, 82, 15, 26, 58, 95, 77, 12, 47, 5, 93, 78, 98, 54, 85, 63, 18, 44, 20, 35, 43, 97, 91, 76, 10, 30, 21, 45, 71, 64, 1, 23, 17, 83, 24, 14, 60, 36, 6, 57, 94, 88, 65, 56, 79, 40, 67, 68, 46, 75, 38, 9, 19, 32, 81, 41, 27, 62, 87, 90, 99, 59, 11, 16, 72, 73, 70, 39, 37, 84, 3, 92, 25, 55, 28, 29, 51, 7, 33, 61, 86, 66, 89, 50, 48, 96, 53, 80, 4, 8, 34, 49, 52, 0, 13, 2, 69, 74]|[1, 1, 1, 0, 1, 1, 1, 2, 2, 1, 2, 2, 2, 1, 1, 0, 0, 1, 0, 2, 2, 0, 1, 2, 0, 1, 2, 2, 0, 0, 1, 2, 1, 2, 1, 0, 2, 0, 1, 1, 0, 1, 1, 1, 0, 2, 1, 1, 0, 0, 0, 0, 1, 1, 2, 1, 2, 0, 0, 0, 2, 1, 0, 1, 2, 1, 2, 1, 1, 1, 1, 1, 2, 0, 1, 1, 0, 0, 0, 1, 2, 1, 0, 2, 1, 0, 0, 0, 0, 0, 0, 1, 2, 0, 1, 0, 0, 0, 1, 2]|[2, 4, 3, 2, 2, 0, 0, 2, 2, 4, 1, 1, 2, 4, 4, 1, 1, 4, 2, 1, 1, 1, 1, 2, 1, 2, 1, 1, 1, 1, 3, 2, 3, 0, 4, 0, 1, 1, 0, 3, 2, 2, 4, 0, 1, 1, 0, 2, 0, 1, 2, 2, 1, 4, 0, 3, 2, 1, 1, 2, 1, 3, 1, 1, 1, 3, 0, 4, 3, 1, 4, 1, 1, 2, 4, 4, 2, 1, 1, 3, 1, 3, 1, 1, 1, 1, 1, 1, 2, 1, 2, 3, 1, 1, 1, 2, 2, 2, 3, 1]|[1, 0, 2, 1, 1, 3, 3, 0, 0, 0, 0, 0, 1, 0, 1, 0, 0, 3, 1, 0, 0, 0, 3, 1, 0, 2, 0, 0, 0, 1, 0, 0, 0, 0, 3, 0, 1, 0, 0, 2, 1, 1, 2, 0, 0, 0, 0, 1, 1, 0, 0, 0, 1, 3, 0, 0, 1, 0, 0, 1, 0, 2, 0, 1, 0, 2, 1, 0, 0, 1, 1, 3, 0, 1, 3, 3, 1, 0, 0, 2, 0, 0, 0, 0, 1, 0, 0, 0, 1, 0, 1, 2, 0, 1, 1, 0, 0, 0, 0, 0],790.0808266764368,58301.839560278044,88734.19036740763,false
44,G1_CMAX,G1_CMAX,[31, 22, 90, 26, 58, 95, 42, 12, 93, 5, 78, 86, 98, 18, 20, 35, 3, 97, 91, 76, 10, 85, 54, 45, 63, 71, 66, 1, 23, 17, 24, 60, 36, 6, 57, 15, 65, 56, 47, 79, 94, 67, 50, 46, 14, 75, 38, 9, 30, 19, 32, 81, 27, 92, 83, 87, 40, 99, 59, 11, 53, 16, 72, 77, 73, 70, 39, 37, 84, 43, 62, 25, 55, 28, 29, 51, 68, 82, 74, 61, 88, 21, 80, 89, 7, 69, 96, 41, 48, 4, 8, 34, 49, 52, 0, 44, 13, 2, 64, 33]|[1, 1, 1, 1, 0, 2, 1, 1, 2, 2, 2, 1, 0, 1, 2, 2, 1, 2, 0, 1, 2, 2, 2, 0, 0, 1, 2, 1, 2, 1, 2, 1, 1, 0, 1, 1, 0, 2, 2, 1, 1, 0, 0, 0, 0, 1, 1, 1, 1, 2, 1, 2, 2, 0, 0, 2, 1, 0, 0, 2, 0, 1, 2, 2, 1, 1, 1, 1, 1, 1, 0, 1, 1, 0, 0, 0, 0, 0, 2, 1, 1, 0, 0, 1, 1, 1, 2, 2, 0, 1, 1, 2, 0, 1, 0, 0, 0, 0, 2, 2]|[0, 4, 3, 0, 1, 1, 2, 4, 1, 1, 2, 4, 1, 4, 1, 1, 1, 2, 2, 2, 2, 1, 1, 1, 2, 3, 2, 3, 0, 4, 1, 0, 3, 2, 2, 2, 1, 1, 1, 0, 2, 0, 1, 2, 1, 3, 1, 4, 2, 0, 3, 2, 1, 2, 1, 1, 4, 1, 1, 1, 2, 3, 0, 2, 4, 3, 1, 4, 1, 1, 1, 4, 4, 2, 1, 1, 1, 2, 1, 3, 0, 1, 1, 1, 1, 3, 1, 1, 1, 4, 3, 1, 1, 1, 2, 2, 2, 2, 1, 1]|[3, 0, 2, 3, 0, 0, 1, 0, 0, 0, 1, 0, 0, 3, 0, 0, 1, 1, 1, 2, 1, 0, 0, 0, 0, 0, 0, 0, 0, 3, 1, 0, 2, 1, 1, 1, 0, 0, 0, 0, 1, 1, 0, 0, 0, 0, 1, 3, 2, 0, 0, 1, 0, 1, 0, 0, 2, 0, 0, 0, 1, 2, 1, 1, 0, 0, 1, 1, 3, 3, 0, 3, 3, 1, 0, 0, 0, 1, 0, 0, 0, 0, 0, 1, 2, 2, 0, 0, 0, 0, 2, 0, 1, 1, 0, 0, 0, 0, 0, 0],705.0470749739228,58445.79123614564,95781.2895945797,false
44,G4_BALANCED,G1_CMAX,[22, 82, 3, 58, 95, 42, 77, 47, 5, 93, 78, 12, 86, 54, 50, 63, 18, 44, 20, 35, 43, 97, 91, 76, 10, 30, 21, 45, 71, 64, 36, 23, 17, 83, 24, 14, 60, 1, 6, 40, 57, 90, 65, 56, 79, 94, 67, 68, 46, 75, 38, 9, 19, 32, 81, 41, 27, 62, 16, 55, 59, 89, 88, 87, 31, 72, 73, 70, 39, 37, 84, 92, 25, 11, 48, 15, 29, 51, 7, 33, 61, 98, 28, 99, 26, 85, 66, 96, 53, 80, 4, 8, 34, 49, 52, 2, 13, 0, 69, 74]|[1, 0, 1, 0, 1, 2, 2, 2, 2, 2, 1, 1, 1, 0, 0, 1, 0, 2, 2, 0, 1, 2, 0, 1, 2, 2, 0, 0, 1, 2, 1, 2, 1, 0, 2, 0, 1, 1, 0, 1, 1, 1, 0, 2, 1, 1, 0, 0, 0, 0, 1, 1, 2, 1, 2, 0, 0, 0, 1, 2, 1, 1, 1, 1, 1, 2, 1, 2, 1, 1, 1, 0, 1, 2, 2, 1, 0, 0, 1, 2, 1, 2, 0, 1, 1, 0, 0, 2, 0, 0, 1, 1, 2, 0, 1, 0, 0, 0, 1, 2]|[3, 2, 1, 1, 2, 1, 2, 1, 1, 2, 4, 4, 4, 1, 1, 4, 2, 1, 1, 1, 1, 2, 1, 2, 1, 1, 2, 1, 3, 2, 3, 1, 4, 1, 1, 1, 0, 3, 2, 2, 2, 3, 1, 1, 0, 4, 0, 1, 2, 2, 1, 4, 0, 3, 2, 1, 1, 2, 3, 1, 1, 1, 0, 3, 0, 0, 3, 0, 1, 4, 1, 0, 4, 1, 1, 4, 1, 1, 1, 1, 3, 1, 2, 1, 0, 2, 1, 1, 2, 1, 4, 3, 1, 1, 1, 2, 2, 2, 4, 1]|[3, 1, 2, 0, 1, 0, 0, 0, 0, 1, 0, 0, 1, 0, 0, 3, 1, 0, 0, 0, 3, 1, 0, 2, 0, 0, 0, 1, 0, 0, 2, 0, 3, 0, 1, 0, 0, 0, 1, 1, 1, 2, 0, 0, 0, 2, 1, 0, 0, 0, 1, 3, 0, 0, 1, 0, 0, 1, 2, 0, 1, 1, 0, 2, 0, 1, 0, 1, 1, 1, 1, 1, 3, 0, 0, 3, 0, 0, 2, 0, 0, 0, 1, 1, 3, 0, 0, 0, 1, 0, 0, 2, 0, 1, 1, 0, 0, 0, 2, 0],715.7913946700162,58060.95961022334,95287.06515100288,true
44,G2_TEC,G2_TEC,[31, 22, 82, 15, 26, 9, 95, 42, 77, 68, 47, 5, 93, 78, 86, 54, 85, 63, 18, 44, 20, 49, 36, 14, 74, 50, 53, 17, 21, 28, 11, 64, 3, 23, 30, 83, 24, 41, 40, 52, 65, 27, 90, 70, 39, 87, 48, 69, 99, 4, 75, 1, 13, 58, 97, 59, 45, 8, 73, 37, 35, 79, 71, 66, 76, 32, 60, 80, 56, 6, 67, 61, 33, 7, 57, 34, 12, 16, 10, 98, 96, 88, 43, 81, 91, 2, 84, 29, 92, 19, 51, 55, 46, 89, 25, 72, 94, 38, 62, 0]|[2, 1, 2, 1, 1, 2, 1, 1, 1, 1, 1, 0, 2, 2, 1, 2, 0, 0, 0, 2, 2, 1, 0, 2, 0, 2, 2, 1, 0, 1, 1, 1, 0, 0, 1, 0, 2, 1, 2, 2, 0, 0, 1, 1, 0, 2, 0, 2, 1, 0, 0, 2, 0, 0, 2, 0, 1, 1, 0, 0, 2, 1, 1, 2, 2, 0, 2, 2, 2, 1, 2, 1, 1, 2, 0, 1, 1, 2, 1, 2, 0, 1, 1, 1, 1, 0, 0, 1, 0, 1, 1, 0, 0, 1, 1, 1, 2, 0, 1, 2]|[0, 3, 0, 3, 4, 1, 4, 4, 2, 4, 3, 2, 1, 0, 2, 1, 1, 1, 2, 1, 1, 3, 0, 1, 0, 1, 1, 4, 1, 4, 3, 2, 2, 0, 4, 1, 1, 4, 1, 1, 2, 1, 4, 4, 1, 1, 0, 1, 3, 2, 2, 1, 2, 1, 1, 2, 4, 3, 0, 2, 2, 3, 3, 1, 1, 2, 1, 1, 1, 4, 1, 3, 4, 1, 2, 4, 3, 1, 3, 1, 2, 4, 4, 4, 3, 2, 2, 3, 2, 4, 3, 2, 2, 4, 4, 4, 1, 2, 3, 1]|[0, 2, 0, 0, 3, 0, 1, 3, 0, 0, 2, 0, 1, 0, 1, 0, 0, 0, 1, 0, 0, 2, 0, 0, 1, 0, 0, 3, 0, 1, 0, 2, 0, 0, 3, 0, 1, 1, 0, 0, 0, 0, 1, 3, 0, 0, 1, 0, 2, 0, 0, 0, 0, 0, 1, 0, 1, 0, 1, 1, 0, 2, 0, 0, 0, 0, 0, 0, 0, 2, 0, 0, 1, 0, 0, 1, 0, 0, 3, 0, 0, 1, 2, 2, 0, 0, 0, 3, 0, 1, 0, 0, 0, 1, 3, 1, 0, 0, 0, 0],900.0760482104305,49104.85573898611,106612.48357517918,false
44,G3_TWC,G3_TWC,[42, 31, 22, 82, 15, 26, 58, 95, 77, 12, 47, 5, 93, 78, 98, 54, 85, 63, 18, 44, 20, 35, 43, 97, 91, 76, 10, 30, 21, 45, 71, 64, 1, 23, 17, 83, 24, 14, 60, 36, 6, 57, 94, 88, 65, 56, 79, 40, 67, 68, 46, 75, 38, 9, 19, 32, 81, 41, 27, 62, 87, 90, 99, 59, 11, 16, 72, 73, 70, 39, 37, 84, 3, 92, 25, 55, 28, 29, 51, 7, 33, 61, 86, 66, 89, 50, 48, 96, 53, 80, 4, 8, 34, 49, 52, 0, 13, 2, 69, 74]|[1, 1, 1, 0, 1, 1, 1, 2, 2, 1, 2, 2, 2, 1, 1, 0, 0, 1, 0, 2, 2, 0, 1, 2, 0, 1, 2, 2, 0, 0, 1, 2, 1, 2, 1, 0, 2, 0, 1, 1, 0, 1, 1, 1, 0, 2, 1, 1, 0, 0, 0, 0, 1, 1, 2, 1, 2, 0, 0, 0, 2, 1, 0, 1, 2, 1, 2, 1, 1, 1, 1, 1, 2, 0, 1, 1, 0, 0, 0, 1, 2, 1, 0, 2, 1, 0, 0, 0, 0, 0, 0, 1, 2, 0, 1, 0, 0, 0, 1, 2]|[2, 4, 3, 2, 2, 0, 0, 2, 2, 4, 1, 1, 2, 4, 4, 1, 1, 4, 2, 1, 1, 1, 1, 2, 1, 2, 1, 1, 1, 1, 3, 2, 3, 0, 4, 0, 1, 1, 0, 3, 2, 2, 4, 0, 1, 1, 0, 2, 0, 1, 2, 2, 1, 4, 0, 3, 2, 1, 1, 2, 1, 3, 1, 1, 1, 3, 0, 4, 3, 1, 4, 1, 1, 2, 4, 4, 2, 1, 1, 3, 1, 3, 1, 1, 1, 1, 1, 1, 2, 1, 2, 3, 1, 1, 1, 2, 2, 2, 3, 1]|[1, 0, 2, 1, 1, 3, 3, 0, 0, 0, 0, 0, 1, 0, 1, 0, 0, 3, 1, 0, 0, 0, 3, 1, 0, 2, 0, 0, 0, 1, 0, 0, 0, 0, 3, 0, 1, 0, 0, 2, 1, 1, 2, 0, 0, 0, 0, 1, 1, 0, 0, 0, 1, 3, 0, 0, 1, 0, 0, 1, 0, 2, 0, 1, 0, 2, 1, 0, 0, 1, 1, 3, 0, 1, 3, 3, 1, 0, 0, 2, 0, 0, 0, 0, 1, 0, 0, 0, 1, 0, 1, 2, 0, 1, 1, 0, 0, 0, 0, 0],790.0808266764368,58301.839560278044,88734.19036740763,false
44,G1_CMAX,G1_CMAX,[31, 22, 90, 26, 58, 95, 42, 12, 93, 5, 78, 86, 98, 18, 20, 35, 3, 97, 91, 76, 10, 85, 54, 45, 63, 71, 66, 1, 23, 17, 24, 60, 36, 6, 57, 15, 65, 56, 47, 79, 94, 67, 50, 46, 14, 75, 38, 9, 30, 19, 32, 81, 27, 92, 83, 87, 40, 99, 59, 11, 53, 16, 72, 77, 73, 70, 39, 37, 84, 43, 62, 25, 55, 28, 29, 51, 68, 82, 74, 61, 88, 21, 80, 89, 7, 69, 96, 41, 48, 4, 8, 34, 49, 52, 0, 44, 13, 2, 64, 33]|[1, 1, 1, 1, 0, 2, 1, 1, 2, 2, 2, 1, 0, 1, 2, 2, 1, 2, 0, 1, 2, 2, 2, 0, 0, 1, 2, 1, 2, 1, 2, 1, 1, 0, 1, 1, 0, 2, 2, 1, 1, 0, 0, 0, 0, 1, 1, 1, 1, 2, 1, 2, 2, 0, 0, 2, 1, 0, 0, 2, 0, 1, 2, 2, 1, 1, 1, 1, 1, 1, 0, 1, 1, 0, 0, 0, 0, 0, 2, 1, 1, 0, 0, 1, 1, 1, 2, 2, 0, 1, 1, 2, 0, 1, 0, 0, 0, 0, 2, 2]|[0, 4, 3, 0, 1, 1, 2, 4, 1, 1, 2, 4, 1, 4, 1, 1, 1, 2, 2, 2, 2, 1, 1, 1, 2, 3, 2, 3, 0, 4, 1, 0, 3, 2, 2, 2, 1, 1, 1, 0, 2, 0, 1, 2, 1, 3, 1, 4, 2, 0, 3, 2, 1, 2, 1, 1, 4, 1, 1, 1, 2, 3, 0, 2, 4, 3, 1, 4, 1, 1, 1, 4, 4, 2, 1, 1, 1, 2, 1, 3, 0, 1, 1, 1, 1, 3, 1, 1, 1, 4, 3, 1, 1, 1, 2, 2, 2, 2, 1, 1]|[3, 0, 2, 3, 0, 0, 1, 0, 0, 0, 1, 0, 0, 3, 0, 0, 1, 1, 1, 2, 1, 0, 0, 0, 0, 0, 0, 0, 0, 3, 1, 0, 2, 1, 1, 1, 0, 0, 0, 0, 1, 1, 0, 0, 0, 0, 1, 3, 2, 0, 0, 1, 0, 1, 0, 0, 2, 0, 0, 0, 1, 2, 1, 1, 0, 0, 1, 1, 3, 3, 0, 3, 3, 1, 0, 0, 0, 1, 0, 0, 0, 0, 0, 1, 2, 2, 0, 0, 0, 0, 2, 0, 1, 1, 0, 0, 0, 0, 0, 0],705.0470749739228,58445.79123614564,95781.2895945797,false
44,G4_BALANCED,G1_CMAX,[22, 82, 3, 58, 95, 42, 77, 47, 5, 93, 78, 12, 86, 54, 50, 63, 18, 44, 20, 35, 43, 97, 91, 76, 10, 30, 21, 45, 71, 64, 36, 23, 17, 83, 24, 14, 60, 1, 6, 40, 57, 90, 65, 56, 79, 94, 67, 68, 46, 75, 38, 9, 19, 32, 81, 41, 27, 62, 16, 55, 59, 89, 88, 87, 31, 72, 73, 70, 39, 37, 84, 92, 25, 11, 48, 15, 29, 51, 7, 33, 61, 98, 28, 99, 26, 85, 66, 96, 53, 80, 4, 8, 34, 49, 52, 2, 13, 0, 69, 74]|[1, 0, 1, 0, 1, 2, 2, 2, 2, 2, 1, 1, 1, 0, 0, 1, 0, 2, 2, 0, 1, 2, 0, 1, 2, 2, 0, 0, 1, 2, 1, 2, 1, 0, 2, 0, 1, 1, 0, 1, 1, 1, 0, 2, 1, 1, 0, 0, 0, 0, 1, 1, 2, 1, 2, 0, 0, 0, 1, 2, 1, 1, 1, 1, 1, 2, 1, 2, 1, 1, 1, 0, 1, 2, 2, 1, 0, 0, 1, 2, 1, 2, 0, 1, 1, 0, 0, 2, 0, 0, 1, 1, 2, 0, 1, 0, 0, 0, 1, 2]|[3, 2, 1, 1, 2, 1, 2, 1, 1, 2, 4, 4, 4, 1, 1, 4, 2, 1, 1, 1, 1, 2, 1, 2, 1, 1, 2, 1, 3, 2, 3, 1, 4, 1, 1, 1, 0, 3, 2, 2, 2, 3, 1, 1, 0, 4, 0, 1, 2, 2, 1, 4, 0, 3, 2, 1, 1, 2, 3, 1, 1, 1, 0, 3, 0, 0, 3, 0, 1, 4, 1, 0, 4, 1, 1, 4, 1, 1, 1, 1, 3, 1, 2, 1, 0, 2, 1, 1, 2, 1, 4, 3, 1, 1, 1, 2, 2, 2, 4, 1]|[3, 1, 2, 0, 1, 0, 0, 0, 0, 1, 0, 0, 1, 0, 0, 3, 1, 0, 0, 0, 3, 1, 0, 2, 0, 0, 0, 1, 0, 0, 2, 0, 3, 0, 1, 0, 0, 0, 1, 1, 1, 2, 0, 0, 0, 2, 1, 0, 0, 0, 1, 3, 0, 0, 1, 0, 0, 1, 2, 0, 1, 1, 0, 2, 0, 1, 0, 1, 1, 1, 1, 1, 3, 0, 0, 3, 0, 0, 2, 0, 0, 0, 1, 1, 3, 0, 0, 0, 1, 0, 0, 2, 0, 1, 1, 0, 0, 0, 2, 0],715.7913946700162,58060.95961022334,95287.06515100288,true
44,G2_TEC,G2_TEC,[31, 22, 82, 15, 26, 9, 95, 42, 77, 68, 47, 5, 93, 78, 86, 54, 85, 63, 18, 44, 20, 49, 36, 14, 74, 50, 53, 17, 21, 28, 11, 64, 3, 23, 30, 83, 24, 41, 40, 52, 65, 27, 90, 70, 39, 87, 48, 69, 99, 4, 75, 1, 13, 58, 97, 59, 45, 8, 73, 37, 35, 79, 71, 66, 76, 32, 60, 80, 56, 6, 67, 61, 33, 7, 57, 34, 12, 16, 10, 98, 96, 88, 43, 81, 91, 2, 84, 29, 92, 19, 51, 55, 46, 89, 25, 72, 94, 38, 62, 0]|[2, 1, 2, 1, 1, 2, 1, 1, 1, 1, 1, 0, 2, 2, 1, 2, 0, 0, 0, 2, 2, 1, 0, 2, 0, 2, 2, 1, 0, 1, 1, 1, 0, 0, 1, 0, 2, 1, 2, 2, 0, 0, 1, 1, 0, 2, 0, 2, 1, 0, 0, 2, 0, 0, 2, 0, 1, 1, 0, 0, 2, 1, 1, 2, 2, 0, 2, 2, 2, 1, 2, 1, 1, 2, 0, 1, 1, 2, 1, 2, 0, 1, 1, 1, 1, 0, 0, 1, 0, 1, 1, 0, 0, 1, 1, 1, 2, 0, 1, 2]|[0, 3, 0, 3, 4, 1, 4, 4, 2, 4, 3, 2, 1, 0, 2, 1, 1, 1, 2, 1, 1, 3, 0, 1, 0, 1, 1, 4, 1, 4, 3, 2, 2, 0, 4, 1, 1, 4, 1, 1, 2, 1, 4, 4, 1, 1, 0, 1, 3, 2, 2, 1, 2, 1, 1, 2, 4, 3, 0, 2, 2, 3, 3, 1, 1, 2, 1, 1, 1, 4, 1, 3, 4, 1, 2, 4, 3, 1, 3, 1, 2, 4, 4, 4, 3, 2, 2, 3, 2, 4, 3, 2, 2, 4, 4, 4, 1, 2, 3, 1]|[0, 2, 0, 0, 3, 0, 1, 3, 0, 0, 2, 0, 1, 0, 1, 0, 0, 0, 1, 0, 0, 2, 0, 0, 1, 0, 0, 3, 0, 1, 0, 2, 0, 0, 3, 0, 1, 1, 0, 0, 0, 0, 1, 3, 0, 0, 1, 0, 2, 0, 0, 0, 0, 0, 1, 0, 1, 0, 1, 1, 0, 2, 0, 0, 0, 0, 0, 0, 0, 2, 0, 0, 1, 0, 0, 1, 0, 0, 3, 0, 0, 1, 2, 2, 0, 0, 0, 3, 0, 1, 0, 0, 0, 1, 3, 1, 0, 0, 0, 0],900.0760482104305,49104.85573898611,106612.48357517918,false
44,G3_TWC,G3_TWC,[42, 31, 22, 82, 15, 26, 58, 95, 77, 12, 47, 5, 93, 78, 98, 54, 85, 63, 18, 44, 20, 35, 43, 97, 91, 76, 10, 30, 21, 45, 71, 64, 1, 23, 17, 83, 24, 14, 60, 36, 6, 57, 94, 88, 65, 56, 79, 40, 67, 68, 46, 75, 38, 9, 19, 32, 81, 41, 27, 62, 87, 90, 99, 59, 11, 16, 72, 73, 70, 39, 37, 84, 3, 92, 25, 55, 28, 29, 51, 7, 33, 61, 86, 66, 89, 50, 48, 96, 53, 80, 4, 8, 34, 49, 52, 0, 13, 2, 69, 74]|[1, 1, 1, 0, 1, 1, 1, 2, 2, 1, 2, 2, 2, 1, 1, 0, 0, 1, 0, 2, 2, 0, 1, 2, 0, 1, 2, 2, 0, 0, 1, 2, 1, 2, 1, 0, 2, 0, 1, 1, 0, 1, 1, 1, 0, 2, 1, 1, 0, 0, 0, 0, 1, 1, 2, 1, 2, 0, 0, 0, 2, 1, 0, 1, 2, 1, 2, 1, 1, 1, 1, 1, 2, 0, 1, 1, 0, 0, 0, 1, 2, 1, 0, 2, 1, 0, 0, 0, 0, 0, 0, 1, 2, 0, 1, 0, 0, 0, 1, 2]|[2, 4, 3, 2, 2, 0, 0, 2, 2, 4, 1, 1, 2, 4, 4, 1, 1, 4, 2, 1, 1, 1, 1, 2, 1, 2, 1, 1, 1, 1, 3, 2, 3, 0, 4, 0, 1, 1, 0, 3, 2, 2, 4, 0, 1, 1, 0, 2, 0, 1, 2, 2, 1, 4, 0, 3, 2, 1, 1, 2, 1, 3, 1, 1, 1, 3, 0, 4, 3, 1, 4, 1, 1, 2, 4, 4, 2, 1, 1, 3, 1, 3, 1, 1, 1, 1, 1, 1, 2, 1, 2, 3, 1, 1, 1, 2, 2, 2, 3, 1]|[1, 0, 2, 1, 1, 3, 3, 0, 0, 0, 0, 0, 1, 0, 1, 0, 0, 3, 1, 0, 0, 0, 3, 1, 0, 2, 0, 0, 0, 1, 0, 0, 0, 0, 3, 0, 1, 0, 0, 2, 1, 1, 2, 0, 0, 0, 0, 1, 1, 0, 0, 0, 1, 3, 0, 0, 1, 0, 0, 1, 0, 2, 0, 1, 0, 2, 1, 0, 0, 1, 1, 3, 0, 1, 3, 3, 1, 0, 0, 2, 0, 0, 0, 0, 1, 0, 0, 0, 1, 0, 1, 2, 0, 1, 1, 0, 0, 0, 0, 0],790.0808266764368,58301.839560278044,88734.19036740763,false
44,G1_CMAX,G1_CMAX,[31, 22, 90, 26, 58, 95, 42, 12, 93, 5, 78, 86, 98, 18, 20, 35, 3, 97, 91, 76, 10, 85, 54, 45, 63, 71, 66, 1, 23, 17, 24, 60, 36, 6, 57, 15, 65, 56, 47, 79, 94, 67, 50, 46, 14, 75, 38, 9, 30, 19, 32, 81, 27, 92, 83, 87, 40, 99, 59, 11, 53, 16, 72, 77, 73, 70, 39, 37, 84, 43, 62, 25, 55, 28, 29, 51, 68, 82, 74, 61, 88, 21, 80, 89, 7, 69, 96, 41, 48, 4, 8, 34, 49, 52, 0, 44, 13, 2, 64, 33]|[1, 1, 1, 1, 0, 2, 1, 1, 2, 2, 2, 1, 0, 1, 2, 2, 1, 2, 0, 1, 2, 2, 2, 0, 0, 1, 2, 1, 2, 1, 2, 1, 1, 0, 1, 1, 0, 2, 2, 1, 1, 0, 0, 0, 0, 1, 1, 1, 1, 2, 1, 2, 2, 0, 0, 2, 1, 0, 0, 2, 0, 1, 2, 2, 1, 1, 1, 1, 1, 1, 0, 1, 1, 0, 0, 0, 0, 0, 2, 1, 1, 0, 0, 1, 1, 1, 2, 2, 0, 1, 1, 2, 0, 1, 0, 0, 0, 0, 2, 2]|[0, 4, 3, 0, 1, 1, 2, 4, 1, 1, 2, 4, 1, 4, 1, 1, 1, 2, 2, 2, 2, 1, 1, 1, 2, 3, 2, 3, 0, 4, 1, 0, 3, 2, 2, 2, 1, 1, 1, 0, 2, 0, 1, 2, 1, 3, 1, 4, 2, 0, 3, 2, 1, 2, 1, 1, 4, 1, 1, 1, 2, 3, 0, 2, 4, 3, 1, 4, 1, 1, 1, 4, 4, 2, 1, 1, 1, 2, 1, 3, 0, 1, 1, 1, 1, 3, 1, 1, 1, 4, 3, 1, 1, 1, 2, 2, 2, 2, 1, 1]|[3, 0, 2, 3, 0, 0, 1, 0, 0, 0, 1, 0, 0, 3, 0, 0, 1, 1, 1, 2, 1, 0, 0, 0, 0, 0, 0, 0, 0, 3, 1, 0, 2, 1, 1, 1, 0, 0, 0, 0, 1, 1, 0, 0, 0, 0, 1, 3, 2, 0, 0, 1, 0, 1, 0, 0, 2, 0, 0, 0, 1, 2, 1, 1, 0, 0, 1, 1, 3, 3, 0, 3, 3, 1, 0, 0, 0, 1, 0, 0, 0, 0, 0, 1, 2, 2, 0, 0, 0, 0, 2, 0, 1, 1, 0, 0, 0, 0, 0, 0],705.0470749739228,58445.79123614564,95781.2895945797,false
44,G4_BALANCED,G1_CMAX,[22, 82, 3, 58, 95, 42, 77, 47, 5, 93, 78, 12, 86, 54, 50, 63, 18, 44, 20, 35, 43, 97, 91, 76, 10, 30, 21, 45, 71, 64, 36, 23, 17, 83, 24, 14, 60, 1, 6, 40, 57, 90, 65, 56, 79, 94, 67, 68, 46, 75, 38, 9, 19, 32, 81, 41, 27, 62, 16, 55, 59, 89, 88, 87, 31, 72, 73, 70, 39, 37, 84, 92, 25, 11, 48, 15, 29, 51, 7, 33, 61, 98, 28, 99, 26, 85, 66, 96, 53, 80, 4, 8, 34, 49, 52, 2, 13, 0, 69, 74]|[1, 0, 1, 0, 1, 2, 2, 2, 2, 2, 1, 1, 1, 0, 0, 1, 0, 2, 2, 0, 1, 2, 0, 1, 2, 2, 0, 0, 1, 2, 1, 2, 1, 0, 2, 0, 1, 1, 0, 1, 1, 1, 0, 2, 1, 1, 0, 0, 0, 0, 1, 1, 2, 1, 2, 0, 0, 0, 1, 2, 1, 1, 1, 1, 1, 2, 1, 2, 1, 1, 1, 0, 1, 2, 2, 1, 0, 0, 1, 2, 1, 2, 0, 1, 1, 0, 0, 2, 0, 0, 1, 1, 2, 0, 1, 0, 0, 0, 1, 2]|[3, 2, 1, 1, 2, 1, 2, 1, 1, 2, 4, 4, 4, 1, 1, 4, 2, 1, 1, 1, 1, 2, 1, 2, 1, 1, 2, 1, 3, 2, 3, 1, 4, 1, 1, 1, 0, 3, 2, 2, 2, 3, 1, 1, 0, 4, 0, 1, 2, 2, 1, 4, 0, 3, 2, 1, 1, 2, 3, 1, 1, 1, 0, 3, 0, 0, 3, 0, 1, 4, 1, 0, 4, 1, 1, 4, 1, 1, 1, 1, 3, 1, 2, 1, 0, 2, 1, 1, 2, 1, 4, 3, 1, 1, 1, 2, 2, 2, 4, 1]|[3, 1, 2, 0, 1, 0, 0, 0, 0, 1, 0, 0, 1, 0, 0, 3, 1, 0, 0, 0, 3, 1, 0, 2, 0, 0, 0, 1, 0, 0, 2, 0, 3, 0, 1, 0, 0, 0, 1, 1, 1, 2, 0, 0, 0, 2, 1, 0, 0, 0, 1, 3, 0, 0, 1, 0, 0, 1, 2, 0, 1, 1, 0, 2, 0, 1, 0, 1, 1, 1, 1, 1, 3, 0, 0, 3, 0, 0, 2, 0, 0, 0, 1, 1, 3, 0, 0, 0, 1, 0, 0, 2, 0, 1, 1, 0, 0, 0, 2, 0],715.7913946700162,58060.95961022334,95287.06515100288,true
44,G2_TEC,G2_TEC,[31, 22, 82, 15, 26, 9, 95, 42, 77, 68, 47, 5, 93, 78, 86, 54, 85, 63, 18, 44, 20, 49, 36, 14, 74, 50, 53, 17, 21, 28, 11, 64, 3, 23, 30, 83, 24, 41, 40, 52, 65, 27, 90, 70, 39, 87, 48, 69, 99, 4, 75, 1, 13, 58, 97, 59, 45, 8, 73, 37, 35, 79, 71, 66, 76, 32, 60, 80, 56, 6, 67, 61, 33, 7, 57, 34, 12, 16, 10, 98, 96, 88, 43, 81, 91, 2, 84, 29, 92, 19, 51, 55, 46, 89, 25, 72, 94, 38, 62, 0]|[2, 1, 2, 1, 1, 2, 1, 1, 1, 1, 1, 0, 2, 2, 1, 2, 0, 0, 0, 2, 2, 1, 0, 2, 0, 2, 2, 1, 0, 1, 1, 1, 0, 0, 1, 0, 2, 1, 2, 2, 0, 0, 1, 1, 0, 2, 0, 2, 1, 0, 0, 2, 0, 0, 2, 0, 1, 1, 0, 0, 2, 1, 1, 2, 2, 0, 2, 2, 2, 1, 2, 1, 1, 2, 0, 1, 1, 2, 1, 2, 0, 1, 1, 1, 1, 0, 0, 1, 0, 1, 1, 0, 0, 1, 1, 1, 2, 0, 1, 2]|[0, 3, 0, 3, 4, 1, 4, 4, 2, 4, 3, 2, 1, 0, 2, 1, 1, 1, 2, 1, 1, 3, 0, 1, 0, 1, 1, 4, 1, 4, 3, 2, 2, 0, 4, 1, 1, 4, 1, 1, 2, 1, 4, 4, 1, 1, 0, 1, 3, 2, 2, 1, 2, 1, 1, 2, 4, 3, 0, 2, 2, 3, 3, 1, 1, 2, 1, 1, 1, 4, 1, 3, 4, 1, 2, 4, 3, 1, 3, 1, 2, 4, 4, 4, 3, 2, 2, 3, 2, 4, 3, 2, 2, 4, 4, 4, 1, 2, 3, 1]|[0, 2, 0, 0, 3, 0, 1, 3, 0, 0, 2, 0, 1, 0, 1, 0, 0, 0, 1, 0, 0, 2, 0, 0, 1, 0, 0, 3, 0, 1, 0, 2, 0, 0, 3, 0, 1, 1, 0, 0, 0, 0, 1, 3, 0, 0, 1, 0, 2, 0, 0, 0, 0, 0, 1, 0, 1, 0, 1, 1, 0, 2, 0, 0, 0, 0, 0, 0, 0, 2, 0, 0, 1, 0, 0, 1, 0, 0, 3, 0, 0, 1, 2, 2, 0, 0, 0, 3, 0, 1, 0, 0, 0, 1, 3, 1, 0, 0, 0, 0],900.0760482104305,49104.85573898611,106612.48357517918,false
44,G3_TWC,G3_TWC,[42, 31, 22, 82, 15, 26, 58, 95, 77, 12, 47, 5, 93, 78, 98, 54, 85, 63, 18, 44, 20, 35, 43, 97, 91, 76, 10, 30, 21, 45, 71, 64, 1, 23, 17, 83, 24, 14, 60, 36, 6, 57, 94, 88, 65, 56, 79, 40, 67, 68, 46, 75, 38, 9, 19, 32, 81, 41, 27, 62, 87, 90, 99, 59, 11, 16, 72, 73, 70, 39, 37, 84, 3, 92, 25, 55, 28, 29, 51, 7, 33, 61, 86, 66, 89, 50, 48, 96, 53, 80, 4, 8, 34, 49, 52, 0, 13, 2, 69, 74]|[1, 1, 1, 0, 1, 1, 1, 2, 2, 1, 2, 2, 2, 1, 1, 0, 0, 1, 0, 2, 2, 0, 1, 2, 0, 1, 2, 2, 0, 0, 1, 2, 1, 2, 1, 0, 2, 0, 1, 1, 0, 1, 1, 1, 0, 2, 1, 1, 0, 0, 0, 0, 1, 1, 2, 1, 2, 0, 0, 0, 2, 1, 0, 1, 2, 1, 2, 1, 1, 1, 1, 1, 2, 0, 1, 1, 0, 0, 0, 1, 2, 1, 0, 2, 1, 0, 0, 0, 0, 0, 0, 1, 2, 0, 1, 0, 0, 0, 1, 2]|[2, 4, 3, 2, 2, 0, 0, 2, 2, 4, 1, 1, 2, 4, 4, 1, 1, 4, 2, 1, 1, 1, 1, 2, 1, 2, 1, 1, 1, 1, 3, 2, 3, 0, 4, 0, 1, 1, 0, 3, 2, 2, 4, 0, 1, 1, 0, 2, 0, 1, 2, 2, 1, 4, 0, 3, 2, 1, 1, 2, 1, 3, 1, 1, 1, 3, 0, 4, 3, 1, 4, 1, 1, 2, 4, 4, 2, 1, 1, 3, 1, 3, 1, 1, 1, 1, 1, 1, 2, 1, 2, 3, 1, 1, 1, 2, 2, 2, 3, 1]|[1, 0, 2, 1, 1, 3, 3, 0, 0, 0, 0, 0, 1, 0, 1, 0, 0, 3, 1, 0, 0, 0, 3, 1, 0, 2, 0, 0, 0, 1, 0, 0, 0, 0, 3, 0, 1, 0, 0, 2, 1, 1, 2, 0, 0, 0, 0, 1, 1, 0, 0, 0, 1, 3, 0, 0, 1, 0, 0, 1, 0, 2, 0, 1, 0, 2, 1, 0, 0, 1, 1, 3, 0, 1, 3, 3, 1, 0, 0, 2, 0, 0, 0, 0, 1, 0, 0, 0, 1, 0, 1, 2, 0, 1, 1, 0, 0, 0, 0, 0],790.0808266764368,58301.839560278044,88734.19036740763,false
44,G1_CMAX,G1_CMAX,[31, 22, 90, 26, 58, 95, 42, 12, 93, 5, 78, 86, 98, 18, 20, 35, 3, 97, 91, 76, 10, 85, 54, 45, 63, 71, 66, 1, 23, 17, 24, 60, 36, 6, 57, 15, 65, 56, 47, 79, 94, 67, 50, 46, 14, 75, 38, 9, 30, 19, 32, 81, 27, 92, 83, 87, 40, 99, 59, 11, 53, 16, 72, 77, 73, 70, 39, 37, 84, 43, 62, 25, 55, 28, 29, 51, 68, 82, 74, 61, 88, 21, 80, 89, 7, 69, 96, 41, 48, 4, 8, 34, 49, 52, 0, 44, 13, 2, 64, 33]|[1, 1, 1, 1, 0, 2, 1, 1, 2, 2, 2, 1, 0, 1, 2, 2, 1, 2, 0, 1, 2, 2, 2, 0, 0, 1, 2, 1, 2, 1, 2, 1, 1, 0, 1, 1, 0, 2, 2, 1, 1, 0, 0, 0, 0, 1, 1, 1, 1, 2, 1, 2, 2, 0, 0, 2, 1, 0, 0, 2, 0, 1, 2, 2, 1, 1, 1, 1, 1, 1, 0, 1, 1, 0, 0, 0, 0, 0, 2, 1, 1, 0, 0, 1, 1, 1, 2, 2, 0, 1, 1, 2, 0, 1, 0, 0, 0, 0, 2, 2]|[0, 4, 3, 0, 1, 1, 2, 4, 1, 1, 2, 4, 1, 4, 1, 1, 1, 2, 2, 2, 2, 1, 1, 1, 2, 3, 2, 3, 0, 4, 1, 0, 3, 2, 2, 2, 1, 1, 1, 0, 2, 0, 1, 2, 1, 3, 1, 4, 2, 0, 3, 2, 1, 2, 1, 1, 4, 1, 1, 1, 2, 3, 0, 2, 4, 3, 1, 4, 1, 1, 1, 4, 4, 2, 1, 1, 1, 2, 1, 3, 0, 1, 1, 1, 1, 3, 1, 1, 1, 4, 3, 1, 1, 1, 2, 2, 2, 2, 1, 1]|[3, 0, 2, 3, 0, 0, 1, 0, 0, 0, 1, 0, 0, 3, 0, 0, 1, 1, 1, 2, 1, 0, 0, 0, 0, 0, 0, 0, 0, 3, 1, 0, 2, 1, 1, 1, 0, 0, 0, 0, 1, 1, 0, 0, 0, 0, 1, 3, 2, 0, 0, 1, 0, 1, 0, 0, 2, 0, 0, 0, 1, 2, 1, 1, 0, 0, 1, 1, 3, 3, 0, 3, 3, 1, 0, 0, 0, 1, 0, 0, 0, 0, 0, 1, 2, 2, 0, 0, 0, 0, 2, 0, 1, 1, 0, 0, 0, 0, 0, 0],705.0470749739228,58445.79123614564,95781.2895945797,false
44,G4_BALANCED,G1_CMAX,[22, 82, 3, 58, 95, 42, 77, 47, 5, 93, 78, 12, 86, 54, 50, 63, 18, 44, 20, 35, 43, 97, 91, 76, 10, 30, 21, 45, 71, 64, 36, 23, 17, 83, 24, 14, 60, 1, 6, 40, 57, 90, 65, 56, 79, 94, 67, 68, 46, 75, 38, 9, 19, 32, 81, 41, 27, 62, 16, 55, 59, 89, 88, 87, 31, 72, 73, 70, 39, 37, 84, 92, 25, 11, 48, 15, 29, 51, 7, 33, 61, 98, 28, 99, 26, 85, 66, 96, 53, 80, 4, 8, 34, 49, 52, 2, 13, 0, 69, 74]|[1, 0, 1, 0, 1, 2, 2, 2, 2, 2, 1, 1, 1, 0, 0, 1, 0, 2, 2, 0, 1, 2, 0, 1, 2, 2, 0, 0, 1, 2, 1, 2, 1, 0, 2, 0, 1, 1, 0, 1, 1, 1, 0, 2, 1, 1, 0, 0, 0, 0, 1, 1, 2, 1, 2, 0, 0, 0, 1, 2, 1, 1, 1, 1, 1, 2, 1, 2, 1, 1, 1, 0, 1, 2, 2, 1, 0, 0, 1, 2, 1, 2, 0, 1, 1, 0, 0, 2, 0, 0, 1, 1, 2, 0, 1, 0, 0, 0, 1, 2]|[3, 2, 1, 1, 2, 1, 2, 1, 1, 2, 4, 4, 4, 1, 1, 4, 2, 1, 1, 1, 1, 2, 1, 2, 1, 1, 2, 1, 3, 2, 3, 1, 4, 1, 1, 1, 0, 3, 2, 2, 2, 3, 1, 1, 0, 4, 0, 1, 2, 2, 1, 4, 0, 3, 2, 1, 1, 2, 3, 1, 1, 1, 0, 3, 0, 0, 3, 0, 1, 4, 1, 0, 4, 1, 1, 4, 1, 1, 1, 1, 3, 1, 2, 1, 0, 2, 1, 1, 2, 1, 4, 3, 1, 1, 1, 2, 2, 2, 4, 1]|[3, 1, 2, 0, 1, 0, 0, 0, 0, 1, 0, 0, 1, 0, 0, 3, 1, 0, 0, 0, 3, 1, 0, 2, 0, 0, 0, 1, 0, 0, 2, 0, 3, 0, 1, 0, 0, 0, 1, 1, 1, 2, 0, 0, 0, 2, 1, 0, 0, 0, 1, 3, 0, 0, 1, 0, 0, 1, 2, 0, 1, 1, 0, 2, 0, 1, 0, 1, 1, 1, 1, 1, 3, 0, 0, 3, 0, 0, 2, 0, 0, 0, 1, 1, 3, 0, 0, 0, 1, 0, 0, 2, 0, 1, 1, 0, 0, 0, 2, 0],715.7913946700162,58060.95961022334,95287.06515100288,true
44,G2_TEC,G2_TEC,[31, 22, 82, 15, 26, 9, 95, 42, 77, 68, 47, 5, 93, 78, 86, 54, 85, 63, 18, 44, 20, 49, 36, 14, 74, 50, 53, 17, 21, 28, 11, 64, 3, 23, 30, 83, 24, 41, 40, 52, 65, 27, 90, 70, 39, 87, 48, 69, 99, 4, 75, 1, 13, 58, 97, 59, 45, 8, 73, 37, 35, 79, 71, 66, 76, 32, 60, 80, 56, 6, 67, 61, 33, 7, 57, 34, 12, 16, 10, 98, 96, 88, 43, 81, 91, 2, 84, 29, 92, 19, 51, 55, 46, 89, 25, 72, 94, 38, 62, 0]|[2, 1, 2, 1, 1, 2, 1, 1, 1, 1, 1, 0, 2, 2, 1, 2, 0, 0, 0, 2, 2, 1, 0, 2, 0, 2, 2, 1, 0, 1, 1, 1, 0, 0, 1, 0, 2, 1, 2, 2, 0, 0, 1, 1, 0, 2, 0, 2, 1, 0, 0, 2, 0, 0, 2, 0, 1, 1, 0, 0, 2, 1, 1, 2, 2, 0, 2, 2, 2, 1, 2, 1, 1, 2, 0, 1, 1, 2, 1, 2, 0, 1, 1, 1, 1, 0, 0, 1, 0, 1, 1, 0, 0, 1, 1, 1, 2, 0, 1, 2]|[0, 3, 0, 3, 4, 1, 4, 4, 2, 4, 3, 2, 1, 0, 2, 1, 1, 1, 2, 1, 1, 3, 0, 1, 0, 1, 1, 4, 1, 4, 3, 2, 2, 0, 4, 1, 1, 4, 1, 1, 2, 1, 4, 4, 1, 1, 0, 1, 3, 2, 2, 1, 2, 1, 1, 2, 4, 3, 0, 2, 2, 3, 3, 1, 1, 2, 1, 1, 1, 4, 1, 3, 4, 1, 2, 4, 3, 1, 3, 1, 2, 4, 4, 4, 3, 2, 2, 3, 2, 4, 3, 2, 2, 4, 4, 4, 1, 2, 3, 1]|[0, 2, 0, 0, 3, 0, 1, 3, 0, 0, 2, 0, 1, 0, 1, 0, 0, 0, 1, 0, 0, 2, 0, 0, 1, 0, 0, 3, 0, 1, 0, 2, 0, 0, 3, 0, 1, 1, 0, 0, 0, 0, 1, 3, 0, 0, 1, 0, 2, 0, 0, 0, 0, 0, 1, 0, 1, 0, 1, 1, 0, 2, 0, 0, 0, 0, 0, 0, 0, 2, 0, 0, 1, 0, 0, 1, 0, 0, 3, 0, 0, 1, 2, 2, 0, 0, 0, 3, 0, 1, 0, 0, 0, 1, 3, 1, 0, 0, 0, 0],900.0760482104305,49104.85573898611,106612.48357517918,false
44,G3_TWC,G3_TWC,[42, 31, 22, 82, 15, 26, 58, 95, 77, 12, 47, 5, 93, 78, 98, 54, 85, 63, 18, 44, 20, 35, 43, 97, 91, 76, 10, 30, 21, 45, 71, 64, 1, 23, 17, 83, 24, 14, 60, 36, 6, 57, 94, 88, 65, 56, 79, 40, 67, 68, 46, 75, 38, 9, 19, 32, 81, 41, 27, 62, 87, 90, 99, 59, 11, 16, 72, 73, 70, 39, 37, 84, 3, 92, 25, 55, 28, 29, 51, 7, 33, 61, 86, 66, 89, 50, 48, 96, 53, 80, 4, 8, 34, 49, 52, 0, 13, 2, 69, 74]|[1, 1, 1, 0, 1, 1, 1, 2, 2, 1, 2, 2, 2, 1, 1, 0, 0, 1, 0, 2, 2, 0, 1, 2, 0, 1, 2, 2, 0, 0, 1, 2, 1, 2, 1, 0, 2, 0, 1, 1, 0, 1, 1, 1, 0, 2, 1, 1, 0, 0, 0, 0, 1, 1, 2, 1, 2, 0, 0, 0, 2, 1, 0, 1, 2, 1, 2, 1, 1, 1, 1, 1, 2, 0, 1, 1, 0, 0, 0, 1, 2, 1, 0, 2, 1, 0, 0, 0, 0, 0, 0, 1, 2, 0, 1, 0, 0, 0, 1, 2]|[2, 4, 3, 2, 2, 0, 0, 2, 2, 4, 1, 1, 2, 4, 4, 1, 1, 4, 2, 1, 1, 1, 1, 2, 1, 2, 1, 1, 1, 1, 3, 2, 3, 0, 4, 0, 1, 1, 0, 3, 2, 2, 4, 0, 1, 1, 0, 2, 0, 1, 2, 2, 1, 4, 0, 3, 2, 1, 1, 2, 1, 3, 1, 1, 1, 3, 0, 4, 3, 1, 4, 1, 1, 2, 4, 4, 2, 1, 1, 3, 1, 3, 1, 1, 1, 1, 1, 1, 2, 1, 2, 3, 1, 1, 1, 2, 2, 2, 3, 1]|[1, 0, 2, 1, 1, 3, 3, 0, 0, 0, 0, 0, 1, 0, 1, 0, 0, 3, 1, 0, 0, 0, 3, 1, 0, 2, 0, 0, 0, 1, 0, 0, 0, 0, 3, 0, 1, 0, 0, 2, 1, 1, 2, 0, 0, 0, 0, 1, 1, 0, 0, 0, 1, 3, 0, 0, 1, 0, 0, 1, 0, 2, 0, 1, 0, 2, 1, 0, 0, 1, 1, 3, 0, 1, 3, 3, 1, 0, 0, 2, 0, 0, 0, 0, 1, 0, 0, 0, 1, 0, 1, 2, 0, 1, 1, 0, 0, 0, 0, 0],790.0808266764368,58301.839560278044,88734.19036740763,false
44,G1_CMAX,G1_CMAX,[31, 22, 90, 26, 58, 95, 42, 12, 93, 5, 78, 86, 98, 18, 20, 35, 3, 97, 91, 76, 10, 85, 54, 45, 63, 71, 66, 1, 23, 17, 24, 60, 36, 6, 57, 15, 65, 56, 47, 79, 94, 67, 50, 46, 14, 75, 38, 9, 30, 19, 32, 81, 27, 92, 83, 87, 40, 99, 59, 11, 53, 16, 72, 77, 73, 70, 39, 37, 84, 43, 62, 25, 55, 28, 29, 51, 68, 82, 74, 61, 88, 21, 80, 89, 7, 69, 96, 41, 48, 4, 8, 34, 49, 52, 0, 44, 13, 2, 64, 33]|[1, 1, 1, 1, 0, 2, 1, 1, 2, 2, 2, 1, 0, 1, 2, 2, 1, 2, 0, 1, 2, 2, 2, 0, 0, 1, 2, 1, 2, 1, 2, 1, 1, 0, 1, 1, 0, 2, 2, 1, 1, 0, 0, 0, 0, 1, 1, 1, 1, 2, 1, 2, 2, 0, 0, 2, 1, 0, 0, 2, 0, 1, 2, 2, 1, 1, 1, 1, 1, 1, 0, 1, 1, 0, 0, 0, 0, 0, 2, 1, 1, 0, 0, 1, 1, 1, 2, 2, 0, 1, 1, 2, 0, 1, 0, 0, 0, 0, 2, 2]|[0, 4, 3, 0, 1, 1, 2, 4, 1, 1, 2, 4, 1, 4, 1, 1, 1, 2, 2, 2, 2, 1, 1, 1, 2, 3, 2, 3, 0, 4, 1, 0, 3, 2, 2, 2, 1, 1, 1, 0, 2, 0, 1, 2, 1, 3, 1, 4, 2, 0, 3, 2, 1, 2, 1, 1, 4, 1, 1, 1, 2, 3, 0, 2, 4, 3, 1, 4, 1, 1, 1, 4, 4, 2, 1, 1, 1, 2, 1, 3, 0, 1, 1, 1, 1, 3, 1, 1, 1, 4, 3, 1, 1, 1, 2, 2, 2, 2, 1, 1]|[3, 0, 2, 3, 0, 0, 1, 0, 0, 0, 1, 0, 0, 3, 0, 0, 1, 1, 1, 2, 1, 0, 0, 0, 0, 0, 0, 0, 0, 3, 1, 0, 2, 1, 1, 1, 0, 0, 0, 0, 1, 1, 0, 0, 0, 0, 1, 3, 2, 0, 0, 1, 0, 1, 0, 0, 2, 0, 0, 0, 1, 2, 1, 1, 0, 0, 1, 1, 3, 3, 0, 3, 3, 1, 0, 0, 0, 1, 0, 0, 0, 0, 0, 1, 2, 2, 0, 0, 0, 0, 2, 0, 1, 1, 0, 0, 0, 0, 0, 0],705.0470749739228,58445.79123614564,95781.2895945797,false
44,G4_BALANCED,G1_CMAX,[22, 82, 3, 58, 95, 42, 77, 47, 5, 93, 78, 12, 86, 54, 50, 63, 18, 44, 20, 35, 43, 97, 91, 76, 10, 30, 21, 45, 71, 64, 36, 23, 17, 83, 24, 14, 60, 1, 6, 40, 57, 90, 65, 56, 79, 94, 67, 68, 46, 75, 38, 9, 19, 32, 81, 41, 27, 62, 16, 55, 59, 89, 88, 87, 31, 72, 73, 70, 39, 37, 84, 92, 25, 11, 48, 15, 29, 51, 7, 33, 61, 98, 28, 99, 26, 85, 66, 96, 53, 80, 4, 8, 34, 49, 52, 2, 13, 0, 69, 74]|[1, 0, 1, 0, 1, 2, 2, 2, 2, 2, 1, 1, 1, 0, 0, 1, 0, 2, 2, 0, 1, 2, 0, 1, 2, 2, 0, 0, 1, 2, 1, 2, 1, 0, 2, 0, 1, 1, 0, 1, 1, 1, 0, 2, 1, 1, 0, 0, 0, 0, 1, 1, 2, 1, 2, 0, 0, 0, 1, 2, 1, 1, 1, 1, 1, 2, 1, 2, 1, 1, 1, 0, 1, 2, 2, 1, 0, 0, 1, 2, 1, 2, 0, 1, 1, 0, 0, 2, 0, 0, 1, 1, 2, 0, 1, 0, 0, 0, 1, 2]|[3, 2, 1, 1, 2, 1, 2, 1, 1, 2, 4, 4, 4, 1, 1, 4, 2, 1, 1, 1, 1, 2, 1, 2, 1, 1, 2, 1, 3, 2, 3, 1, 4, 1, 1, 1, 0, 3, 2, 2, 2, 3, 1, 1, 0, 4, 0, 1, 2, 2, 1, 4, 0, 3, 2, 1, 1, 2, 3, 1, 1, 1, 0, 3, 0, 0, 3, 0, 1, 4, 1, 0, 4, 1, 1, 4, 1, 1, 1, 1, 3, 1, 2, 1, 0, 2, 1, 1, 2, 1, 4, 3, 1, 1, 1, 2, 2, 2, 4, 1]|[3, 1, 2, 0, 1, 0, 0, 0, 0, 1, 0, 0, 1, 0, 0, 3, 1, 0, 0, 0, 3, 1, 0, 2, 0, 0, 0, 1, 0, 0, 2, 0, 3, 0, 1, 0, 0, 0, 1, 1, 1, 2, 0, 0, 0, 2, 1, 0, 0, 0, 1, 3, 0, 0, 1, 0, 0, 1, 2, 0, 1, 1, 0, 2, 0, 1, 0, 1, 1, 1, 1, 1, 3, 0, 0, 3, 0, 0, 2, 0, 0, 0, 1, 1, 3, 0, 0, 0, 1, 0, 0, 2, 0, 1, 1, 0, 0, 0, 2, 0],715.7913946700162,58060.95961022334,95287.06515100288,true
44,G2_TEC,G2_TEC,[31, 22, 82, 15, 26, 9, 95, 42, 77, 68, 47, 5, 93, 78, 86, 54, 85, 63, 18, 44, 20, 49, 36, 14, 74, 50, 53, 17, 21, 28, 11, 64, 3, 23, 30, 83, 24, 41, 40, 52, 65, 27, 90, 70, 39, 87, 48, 69, 99, 4, 75, 1, 13, 58, 97, 59, 45, 8, 73, 37, 35, 79, 71, 66, 76, 32, 60, 80, 56, 6, 67, 61, 33, 7, 57, 34, 12, 16, 10, 98, 96, 88, 43, 81, 91, 2, 84, 29, 92, 19, 51, 55, 46, 89, 25, 72, 94, 38, 62, 0]|[2, 1, 2, 1, 1, 2, 1, 1, 1, 1, 1, 0, 2, 2, 1, 2, 0, 0, 0, 2, 2, 1, 0, 2, 0, 2, 2, 1, 0, 1, 1, 1, 0, 0, 1, 0, 2, 1, 2, 2, 0, 0, 1, 1, 0, 2, 0, 2, 1, 0, 0, 2, 0, 0, 2, 0, 1, 1, 0, 0, 2, 1, 1, 2, 2, 0, 2, 2, 2, 1, 2, 1, 1, 2, 0, 1, 1, 2, 1, 2, 0, 1, 1, 1, 1, 0, 0, 1, 0, 1, 1, 0, 0, 1, 1, 1, 2, 0, 1, 2]|[0, 3, 0, 3, 4, 1, 4, 4, 2, 4, 3, 2, 1, 0, 2, 1, 1, 1, 2, 1, 1, 3, 0, 1, 0, 1, 1, 4, 1, 4, 3, 2, 2, 0, 4, 1, 1, 4, 1, 1, 2, 1, 4, 4, 1, 1, 0, 1, 3, 2, 2, 1, 2, 1, 1, 2, 4, 3, 0, 2, 2, 3, 3, 1, 1, 2, 1, 1, 1, 4, 1, 3, 4, 1, 2, 4, 3, 1, 3, 1, 2, 4, 4, 4, 3, 2, 2, 3, 2, 4, 3, 2, 2, 4, 4, 4, 1, 2, 3, 1]|[0, 2, 0, 0, 3, 0, 1, 3, 0, 0, 2, 0, 1, 0, 1, 0, 0, 0, 1, 0, 0, 2, 0, 0, 1, 0, 0, 3, 0, 1, 0, 2, 0, 0, 3, 0, 1, 1, 0, 0, 0, 0, 1, 3, 0, 0, 1, 0, 2, 0, 0, 0, 0, 0, 1, 0, 1, 0, 1, 1, 0, 2, 0, 0, 0, 0, 0, 0, 0, 2, 0, 0, 1, 0, 0, 1, 0, 0, 3, 0, 0, 1, 2, 2, 0, 0, 0, 3, 0, 1, 0, 0, 0, 1, 3, 1, 0, 0, 0, 0],900.0760482104305,49104.85573898611,106612.48357517918,false
44,G3_TWC,G3_TWC,[42, 31, 22, 82, 15, 26, 58, 95, 77, 12, 47, 5, 93, 78, 98, 54, 85, 63, 18, 44, 20, 35, 43, 97, 91, 76, 10, 30, 21, 45, 71, 64, 1, 23, 17, 83, 24, 14, 60, 36, 6, 57, 94, 88, 65, 56, 79, 40, 67, 68, 46, 75, 38, 9, 19, 32, 81, 41, 27, 62, 87, 90, 99, 59, 11, 16, 72, 73, 70, 39, 37, 84, 3, 92, 25, 55, 28, 29, 51, 7, 33, 61, 86, 66, 89, 50, 48, 96, 53, 80, 4, 8, 34, 49, 52, 0, 13, 2, 69, 74]|[1, 1, 1, 0, 1, 1, 1, 2, 2, 1, 2, 2, 2, 1, 1, 0, 0, 1, 0, 2, 2, 0, 1, 2, 0, 1, 2, 2, 0, 0, 1, 2, 1, 2, 1, 0, 2, 0, 1, 1, 0, 1, 1, 1, 0, 2, 1, 1, 0, 0, 0, 0, 1, 1, 2, 1, 2, 0, 0, 0, 2, 1, 0, 1, 2, 1, 2, 1, 1, 1, 1, 1, 2, 0, 1, 1, 0, 0, 0, 1, 2, 1, 0, 2, 1, 0, 0, 0, 0, 0, 0, 1, 2, 0, 1, 0, 0, 0, 1, 2]|[2, 4, 3, 2, 2, 0, 0, 2, 2, 4, 1, 1, 2, 4, 4, 1, 1, 4, 2, 1, 1, 1, 1, 2, 1, 2, 1, 1, 1, 1, 3, 2, 3, 0, 4, 0, 1, 1, 0, 3, 2, 2, 4, 0, 1, 1, 0, 2, 0, 1, 2, 2, 1, 4, 0, 3, 2, 1, 1, 2, 1, 3, 1, 1, 1, 3, 0, 4, 3, 1, 4, 1, 1, 2, 4, 4, 2, 1, 1, 3, 1, 3, 1, 1, 1, 1, 1, 1, 2, 1, 2, 3, 1, 1, 1, 2, 2, 2, 3, 1]|[1, 0, 2, 1, 1, 3, 3, 0, 0, 0, 0, 0, 1, 0, 1, 0, 0, 3, 1, 0, 0, 0, 3, 1, 0, 2, 0, 0, 0, 1, 0, 0, 0, 0, 3, 0, 1, 0, 0, 2, 1, 1, 2, 0, 0, 0, 0, 1, 1, 0, 0, 0, 1, 3, 0, 0, 1, 0, 0, 1, 0, 2, 0, 1, 0, 2, 1, 0, 0, 1, 1, 3, 0, 1, 3, 3, 1, 0, 0, 2, 0, 0, 0, 0, 1, 0, 0, 0, 1, 0, 1, 2, 0, 1, 1, 0, 0, 0, 0, 0],790.0808266764368,58301.839560278044,88734.19036740763,false
44,G1_CMAX,G1_CMAX,[31, 22, 90, 26, 58, 95, 42, 12, 93, 5, 78, 86, 98, 18, 20, 35, 3, 97, 91, 76, 10, 85, 54, 45, 63, 71, 66, 1, 23, 17, 24, 60, 36, 6, 57, 15, 65, 56, 47, 79, 94, 67, 50, 46, 14, 75, 38, 9, 30, 19, 32, 81, 27, 92, 83, 87, 40, 99, 59, 11, 53, 16, 72, 77, 73, 70, 39, 37, 84, 43, 62, 25, 55, 28, 29, 51, 68, 82, 74, 61, 88, 21, 80, 89, 7, 69, 96, 41, 48, 4, 8, 34, 49, 52, 0, 44, 13, 2, 64, 33]|[1, 1, 1, 1, 0, 2, 1, 1, 2, 2, 2, 1, 0, 1, 2, 2, 1, 2, 0, 1, 2, 2, 2, 0, 0, 1, 2, 1, 2, 1, 2, 1, 1, 0, 1, 1, 0, 2, 2, 1, 1, 0, 0, 0, 0, 1, 1, 1, 1, 2, 1, 2, 2, 0, 0, 2, 1, 0, 0, 2, 0, 1, 2, 2, 1, 1, 1, 1, 1, 1, 0, 1, 1, 0, 0, 0, 0, 0, 2, 1, 1, 0, 0, 1, 1, 1, 2, 2, 0, 1, 1, 2, 0, 1, 0, 0, 0, 0, 2, 2]|[0, 4, 3, 0, 1, 1, 2, 4, 1, 1, 2, 4, 1, 4, 1, 1, 1, 2, 2, 2, 2, 1, 1, 1, 2, 3, 2, 3, 0, 4, 1, 0, 3, 2, 2, 2, 1, 1, 1, 0, 2, 0, 1, 2, 1, 3, 1, 4, 2, 0, 3, 2, 1, 2, 1, 1, 4, 1, 1, 1, 2, 3, 0, 2, 4, 3, 1, 4, 1, 1, 1, 4, 4, 2, 1, 1, 1, 2, 1, 3, 0, 1, 1, 1, 1, 3, 1, 1, 1, 4, 3, 1, 1, 1, 2, 2, 2, 2, 1, 1]|[3, 0, 2, 3, 0, 0, 1, 0, 0, 0, 1, 0, 0, 3, 0, 0, 1, 1, 1, 2, 1, 0, 0, 0, 0, 0, 0, 0, 0, 3, 1, 0, 2, 1, 1, 1, 0, 0, 0, 0, 1, 1, 0, 0, 0, 0, 1, 3, 2, 0, 0, 1, 0, 1, 0, 0, 2, 0, 0, 0, 1, 2, 1, 1, 0, 0, 1, 1, 3, 3, 0, 3, 3, 1, 0, 0, 0, 1, 0, 0, 0, 0, 0, 1, 2, 2, 0, 0, 0, 0, 2, 0, 1, 1, 0, 0, 0, 0, 0, 0],705.0470749739228,58445.79123614564,95781.2895945797,false
44,G4_BALANCED,G1_CMAX,[22, 82, 3, 58, 95, 42, 77, 47, 5, 93, 78, 12, 86, 54, 50, 63, 18, 44, 20, 35, 43, 97, 91, 76, 10, 30, 21, 45, 71, 64, 36, 23, 17, 83, 24, 14, 60, 1, 6, 40, 57, 90, 65, 56, 79, 94, 67, 68, 46, 75, 38, 9, 19, 32, 81, 41, 27, 62, 16, 55, 59, 89, 88, 87, 31, 72, 73, 70, 39, 37, 84, 92, 25, 11, 48, 15, 29, 51, 7, 33, 61, 98, 28, 99, 26, 85, 66, 96, 53, 80, 4, 8, 34, 49, 52, 2, 13, 0, 69, 74]|[1, 0, 1, 0, 1, 2, 2, 2, 2, 2, 1, 1, 1, 0, 0, 1, 0, 2, 2, 0, 1, 2, 0, 1, 2, 2, 0, 0, 1, 2, 1, 2, 1, 0, 2, 0, 1, 1, 0, 1, 1, 1, 0, 2, 1, 1, 0, 0, 0, 0, 1, 1, 2, 1, 2, 0, 0, 0, 1, 2, 1, 1, 1, 1, 1, 2, 1, 2, 1, 1, 1, 0, 1, 2, 2, 1, 0, 0, 1, 2, 1, 2, 0, 1, 1, 0, 0, 2, 0, 0, 1, 1, 2, 0, 1, 0, 0, 0, 1, 2]|[3, 2, 1, 1, 2, 1, 2, 1, 1, 2, 4, 4, 4, 1, 1, 4, 2, 1, 1, 1, 1, 2, 1, 2, 1, 1, 2, 1, 3, 2, 3, 1, 4, 1, 1, 1, 0, 3, 2, 2, 2, 3, 1, 1, 0, 4, 0, 1, 2, 2, 1, 4, 0, 3, 2, 1, 1, 2, 3, 1, 1, 1, 0, 3, 0, 0, 3, 0, 1, 4, 1, 0, 4, 1, 1, 4, 1, 1, 1, 1, 3, 1, 2, 1, 0, 2, 1, 1, 2, 1, 4, 3, 1, 1, 1, 2, 2, 2, 4, 1]|[3, 1, 2, 0, 1, 0, 0, 0, 0, 1, 0, 0, 1, 0, 0, 3, 1, 0, 0, 0, 3, 1, 0, 2, 0, 0, 0, 1, 0, 0, 2, 0, 3, 0, 1, 0, 0, 0, 1, 1, 1, 2, 0, 0, 0, 2, 1, 0, 0, 0, 1, 3, 0, 0, 1, 0, 0, 1, 2, 0, 1, 1, 0, 2, 0, 1, 0, 1, 1, 1, 1, 1, 3, 0, 0, 3, 0, 0, 2, 0, 0, 0, 1, 1, 3, 0, 0, 0, 1, 0, 0, 2, 0, 1, 1, 0, 0, 0, 2, 0],715.7913946700162,58060.95961022334,95287.06515100288,true
44,G2_TEC,G2_TEC,[31, 22, 82, 15, 26, 9, 95, 42, 77, 68, 47, 5, 93, 78, 86, 54, 85, 63, 18, 44, 20, 49, 36, 14, 74, 50, 53, 17, 21, 28, 11, 64, 3, 23, 30, 83, 24, 41, 40, 52, 65, 27, 90, 70, 39, 87, 48, 69, 99, 4, 75, 1, 13, 58, 97, 59, 45, 8, 73, 37, 35, 79, 71, 66, 76, 32, 60, 80, 56, 6, 67, 61, 33, 7, 57, 34, 12, 16, 10, 98, 96, 88, 43, 81, 91, 2, 84, 29, 92, 19, 51, 55, 46, 89, 25, 72, 94, 38, 62, 0]|[2, 1, 2, 1, 1, 2, 1, 1, 1, 1, 1, 0, 2, 2, 1, 2, 0, 0, 0, 2, 2, 1, 0, 2, 0, 2, 2, 1, 0, 1, 1, 1, 0, 0, 1, 0, 2, 1, 2, 2, 0, 0, 1, 1, 0, 2, 0, 2, 1, 0, 0, 2, 0, 0, 2, 0, 1, 1, 0, 0, 2, 1, 1, 2, 2, 0, 2, 2, 2, 1, 2, 1, 1, 2, 0, 1, 1, 2, 1, 2, 0, 1, 1, 1, 1, 0, 0, 1, 0, 1, 1, 0, 0, 1, 1, 1, 2, 0, 1, 2]|[0, 3, 0, 3, 4, 1, 4, 4, 2, 4, 3, 2, 1, 0, 2, 1, 1, 1, 2, 1, 1, 3, 0, 1, 0, 1, 1, 4, 1, 4, 3, 2, 2, 0, 4, 1, 1, 4, 1, 1, 2, 1, 4, 4, 1, 1, 0, 1, 3, 2, 2, 1, 2, 1, 1, 2, 4, 3, 0, 2, 2, 3, 3, 1, 1, 2, 1, 1, 1, 4, 1, 3, 4, 1, 2, 4, 3, 1, 3, 1, 2, 4, 4, 4, 3, 2, 2, 3, 2, 4, 3, 2, 2, 4, 4, 4, 1, 2, 3, 1]|[0, 2, 0, 0, 3, 0, 1, 3, 0, 0, 2, 0, 1, 0, 1, 0, 0, 0, 1, 0, 0, 2, 0, 0, 1, 0, 0, 3, 0, 1, 0, 2, 0, 0, 3, 0, 1, 1, 0, 0, 0, 0, 1, 3, 0, 0, 1, 0, 2, 0, 0, 0, 0, 0, 1, 0, 1, 0, 1, 1, 0, 2, 0, 0, 0, 0, 0, 0, 0, 2, 0, 0, 1, 0, 0, 1, 0, 0, 3, 0, 0, 1, 2, 2, 0, 0, 0, 3, 0, 1, 0, 0, 0, 1, 3, 1, 0, 0, 0, 0],900.0760482104305,49104.85573898611,106612.48357517918,false
44,G3_TWC,G3_TWC,[42, 31, 22, 82, 15, 26, 58, 95, 77, 12, 47, 5, 93, 78, 98, 54, 85, 63, 18, 44, 20, 35, 43, 97, 91, 76, 10, 30, 21, 45, 71, 64, 1, 23, 17, 83, 24, 14, 60, 36, 6, 57, 94, 88, 65, 56, 79, 40, 67, 68, 46, 75, 38, 9, 19, 32, 81, 41, 27, 62, 87, 90, 99, 59, 11, 16, 72, 73, 70, 39, 37, 84, 3, 92, 25, 55, 28, 29, 51, 7, 33, 61, 86, 66, 89, 50, 48, 96, 53, 80, 4, 8, 34, 49, 52, 0, 13, 2, 69, 74]|[1, 1, 1, 0, 1, 1, 1, 2, 2, 1, 2, 2, 2, 1, 1, 0, 0, 1, 0, 2, 2, 0, 1, 2, 0, 1, 2, 2, 0, 0, 1, 2, 1, 2, 1, 0, 2, 0, 1, 1, 0, 1, 1, 1, 0, 2, 1, 1, 0, 0, 0, 0, 1, 1, 2, 1, 2, 0, 0, 0, 2, 1, 0, 1, 2, 1, 2, 1, 1, 1, 1, 1, 2, 0, 1, 1, 0, 0, 0, 1, 2, 1, 0, 2, 1, 0, 0, 0, 0, 0, 0, 1, 2, 0, 1, 0, 0, 0, 1, 2]|[2, 4, 3, 2, 2, 0, 0, 2, 2, 4, 1, 1, 2, 4, 4, 1, 1, 4, 2, 1, 1, 1, 1, 2, 1, 2, 1, 1, 1, 1, 3, 2, 3, 0, 4, 0, 1, 1, 0, 3, 2, 2, 4, 0, 1, 1, 0, 2, 0, 1, 2, 2, 1, 4, 0, 3, 2, 1, 1, 2, 1, 3, 1, 1, 1, 3, 0, 4, 3, 1, 4, 1, 1, 2, 4, 4, 2, 1, 1, 3, 1, 3, 1, 1, 1, 1, 1, 1, 2, 1, 2, 3, 1, 1, 1, 2, 2, 2, 3, 1]|[1, 0, 2, 1, 1, 3, 3, 0, 0, 0, 0, 0, 1, 0, 1, 0, 0, 3, 1, 0, 0, 0, 3, 1, 0, 2, 0, 0, 0, 1, 0, 0, 0, 0, 3, 0, 1, 0, 0, 2, 1, 1, 2, 0, 0, 0, 0, 1, 1, 0, 0, 0, 1, 3, 0, 0, 1, 0, 0, 1, 0, 2, 0, 1, 0, 2, 1, 0, 0, 1, 1, 3, 0, 1, 3, 3, 1, 0, 0, 2, 0, 0, 0, 0, 1, 0, 0, 0, 1, 0, 1, 2, 0, 1, 1, 0, 0, 0, 0, 0],790.0808266764368,58301.839560278044,88734.19036740763,false
44,G1_CMAX,G1_CMAX,[31, 22, 90, 26, 58, 95, 42, 12, 93, 5, 78, 86, 98, 18, 20, 35, 3, 97, 91, 76, 10, 85, 54, 45, 63, 71, 66, 1, 23, 17, 24, 60, 36, 6, 57, 15, 65, 56, 47, 79, 94, 67, 50, 46, 14, 75, 38, 9, 30, 19, 32, 81, 27, 92, 83, 87, 40, 99, 59, 11, 53, 16, 72, 77, 73, 70, 39, 37, 84, 43, 62, 25, 55, 28, 29, 51, 68, 82, 74, 61, 88, 21, 80, 89, 7, 69, 96, 41, 48, 4, 8, 34, 49, 52, 0, 44, 13, 2, 64, 33]|[1, 1, 1, 1, 0, 2, 1, 1, 2, 2, 2, 1, 0, 1, 2, 2, 1, 2, 0, 1, 2, 2, 2, 0, 0, 1, 2, 1, 2, 1, 2, 1, 1, 0, 1, 1, 0, 2, 2, 1, 1, 0, 0, 0, 0, 1, 1, 1, 1, 2, 1, 2, 2, 0, 0, 2, 1, 0, 0, 2, 0, 1, 2, 2, 1, 1, 1, 1, 1, 1, 0, 1, 1, 0, 0, 0, 0, 0, 2, 1, 1, 0, 0, 1, 1, 1, 2, 2, 0, 1, 1, 2, 0, 1, 0, 0, 0, 0, 2, 2]|[0, 4, 3, 0, 1, 1, 2, 4, 1, 1, 2, 4, 1, 4, 1, 1, 1, 2, 2, 2, 2, 1, 1, 1, 2, 3, 2, 3, 0, 4, 1, 0, 3, 2, 2, 2, 1, 1, 1, 0, 2, 0, 1, 2, 1, 3, 1, 4, 2, 0, 3, 2, 1, 2, 1, 1, 4, 1, 1, 1, 2, 3, 0, 2, 4, 3, 1, 4, 1, 1, 1, 4, 4, 2, 1, 1, 1, 2, 1, 3, 0, 1, 1, 1, 1, 3, 1, 1, 1, 4, 3, 1, 1, 1, 2, 2, 2, 2, 1, 1]|[3, 0, 2, 3, 0, 0, 1, 0, 0, 0, 1, 0, 0, 3, 0, 0, 1, 1, 1, 2, 1, 0, 0, 0, 0, 0, 0, 0, 0, 3, 1, 0, 2, 1, 1, 1, 0, 0, 0, 0, 1, 1, 0, 0, 0, 0, 1, 3, 2, 0, 0, 1, 0, 1, 0, 0, 2, 0, 0, 0, 1, 2, 1, 1, 0, 0, 1, 1, 3, 3, 0, 3, 3, 1, 0, 0, 0, 1, 0, 0, 0, 0, 0, 1, 2, 2, 0, 0, 0, 0, 2, 0, 1, 1, 0, 0, 0, 0, 0, 0],705.0470749739228,58445.79123614564,95781.2895945797,false
44,G4_BALANCED,G1_CMAX,[22, 82, 3, 58, 95, 42, 77, 47, 5, 93, 78, 12, 86, 54, 50, 63, 18, 44, 20, 35, 43, 97, 91, 76, 10, 30, 21, 45, 71, 64, 36, 23, 17, 83, 24, 14, 60, 1, 6, 40, 57, 90, 65, 56, 79, 94, 67, 68, 46, 75, 38, 9, 19, 32, 81, 41, 27, 62, 16, 55, 59, 89, 88, 87, 31, 72, 73, 70, 39, 37, 84, 92, 25, 11, 48, 15, 29, 51, 7, 33, 61, 98, 28, 99, 26, 85, 66, 96, 53, 80, 4, 8, 34, 49, 52, 2, 13, 0, 69, 74]|[1, 0, 1, 0, 1, 2, 2, 2, 2, 2, 1, 1, 1, 0, 0, 1, 0, 2, 2, 0, 1, 2, 0, 1, 2, 2, 0, 0, 1, 2, 1, 2, 1, 0, 2, 0, 1, 1, 0, 1, 1, 1, 0, 2, 1, 1, 0, 0, 0, 0, 1, 1, 2, 1, 2, 0, 0, 0, 1, 2, 1, 1, 1, 1, 1, 2, 1, 2, 1, 1, 1, 0, 1, 2, 2, 1, 0, 0, 1, 2, 1, 2, 0, 1, 1, 0, 0, 2, 0, 0, 1, 1, 2, 0, 1, 0, 0, 0, 1, 2]|[3, 2, 1, 1, 2, 1, 2, 1, 1, 2, 4, 4, 4, 1, 1, 4, 2, 1, 1, 1, 1, 2, 1, 2, 1, 1, 2, 1, 3, 2, 3, 1, 4, 1, 1, 1, 0, 3, 2, 2, 2, 3, 1, 1, 0, 4, 0, 1, 2, 2, 1, 4, 0, 3, 2, 1, 1, 2, 3, 1, 1, 1, 0, 3, 0, 0, 3, 0, 1, 4, 1, 0, 4, 1, 1, 4, 1, 1, 1, 1, 3, 1, 2, 1, 0, 2, 1, 1, 2, 1, 4, 3, 1, 1, 1, 2, 2, 2, 4, 1]|[3, 1, 2, 0, 1, 0, 0, 0, 0, 1, 0, 0, 1, 0, 0, 3, 1, 0, 0, 0, 3, 1, 0, 2, 0, 0, 0, 1, 0, 0, 2, 0, 3, 0, 1, 0, 0, 0, 1, 1, 1, 2, 0, 0, 0, 2, 1, 0, 0, 0, 1, 3, 0, 0, 1, 0, 0, 1, 2, 0, 1, 1, 0, 2, 0, 1, 0, 1, 1, 1, 1, 1, 3, 0, 0, 3, 0, 0, 2, 0, 0, 0, 1, 1, 3, 0, 0, 0, 1, 0, 0, 2, 0, 1, 1, 0, 0, 0, 2, 0],715.7913946700162,58060.95961022334,95287.06515100288,true
44,G2_TEC,G2_TEC,[31, 22, 82, 15, 26, 9, 95, 42, 77, 68, 47, 5, 93, 78, 86, 54, 85, 63, 18, 44, 20, 49, 36, 14, 74, 50, 53, 17, 21, 28, 11, 64, 3, 23, 30, 83, 24, 41, 40, 52, 65, 27, 90, 70, 39, 87, 48, 69, 99, 4, 75, 1, 13, 58, 97, 59, 45, 8, 73, 37, 35, 79, 71, 66, 76, 32, 60, 80, 56, 6, 67, 61, 33, 7, 57, 34, 12, 16, 10, 98, 96, 88, 43, 81, 91, 2, 84, 29, 92, 19, 51, 55, 46, 89, 25, 72, 94, 38, 62, 0]|[2, 1, 2, 1, 1, 2, 1, 1, 1, 1, 1, 0, 2, 2, 1, 2, 0, 0, 0, 2, 2, 1, 0, 2, 0, 2, 2, 1, 0, 1, 1, 1, 0, 0, 1, 0, 2, 1, 2, 2, 0, 0, 1, 1, 0, 2, 0, 2, 1, 0, 0, 2, 0, 0, 2, 0, 1, 1, 0, 0, 2, 1, 1, 2, 2, 0, 2, 2, 2, 1, 2, 1, 1, 2, 0, 1, 1, 2, 1, 2, 0, 1, 1, 1, 1, 0, 0, 1, 0, 1, 1, 0, 0, 1, 1, 1, 2, 0, 1, 2]|[0, 3, 0, 3, 4, 1, 4, 4, 2, 4, 3, 2, 1, 0, 2, 1, 1, 1, 2, 1, 1, 3, 0, 1, 0, 1, 1, 4, 1, 4, 3, 2, 2, 0, 4, 1, 1, 4, 1, 1, 2, 1, 4, 4, 1, 1, 0, 1, 3, 2, 2, 1, 2, 1, 1, 2, 4, 3, 0, 2, 2, 3, 3, 1, 1, 2, 1, 1, 1, 4, 1, 3, 4, 1, 2, 4, 3, 1, 3, 1, 2, 4, 4, 4, 3, 2, 2, 3, 2, 4, 3, 2, 2, 4, 4, 4, 1, 2, 3, 1]|[0, 2, 0, 0, 3, 0, 1, 3, 0, 0, 2, 0, 1, 0, 1, 0, 0, 0, 1, 0, 0, 2, 0, 0, 1, 0, 0, 3, 0, 1, 0, 2, 0, 0, 3, 0, 1, 1, 0, 0, 0, 0, 1, 3, 0, 0, 1, 0, 2, 0, 0, 0, 0, 0, 1, 0, 1, 0, 1, 1, 0, 2, 0, 0, 0, 0, 0, 0, 0, 2, 0, 0, 1, 0, 0, 1, 0, 0, 3, 0, 0, 1, 2, 2, 0, 0, 0, 3, 0, 1, 0, 0, 0, 1, 3, 1, 0, 0, 0, 0],900.0760482104305,49104.85573898611,106612.48357517918,false
44,G3_TWC,G3_TWC,[42, 31, 22, 82, 15, 26, 58, 95, 77, 12, 47, 5, 93, 78, 98, 54, 85, 63, 18, 44, 20, 35, 43, 97, 91, 76, 10, 30, 21, 45, 71, 64, 1, 23, 17, 83, 24, 14, 60, 36, 6, 57, 94, 88, 65, 56, 79, 40, 67, 68, 46, 75, 38, 9, 19, 32, 81, 41, 27, 62, 87, 90, 99, 59, 11, 16, 72, 73, 70, 39, 37, 84, 3, 92, 25, 55, 28, 29, 51, 7, 33, 61, 86, 66, 89, 50, 48, 96, 53, 80, 4, 8, 34, 49, 52, 0, 13, 2, 69, 74]|[1, 1, 1, 0, 1, 1, 1, 2, 2, 1, 2, 2, 2, 1, 1, 0, 0, 1, 0, 2, 2, 0, 1, 2, 0, 1, 2, 2, 0, 0, 1, 2, 1, 2, 1, 0, 2, 0, 1, 1, 0, 1, 1, 1, 0, 2, 1, 1, 0, 0, 0, 0, 1, 1, 2, 1, 2, 0, 0, 0, 2, 1, 0, 1, 2, 1, 2, 1, 1, 1, 1, 1, 2, 0, 1, 1, 0, 0, 0, 1, 2, 1, 0, 2, 1, 0, 0, 0, 0, 0, 0, 1, 2, 0, 1, 0, 0, 0, 1, 2]|[2, 4, 3, 2, 2, 0, 0, 2, 2, 4, 1, 1, 2, 4, 4, 1, 1, 4, 2, 1, 1, 1, 1, 2, 1, 2, 1, 1, 1, 1, 3, 2, 3, 0, 4, 0, 1, 1, 0, 3, 2, 2, 4, 0, 1, 1, 0, 2, 0, 1, 2, 2, 1, 4, 0, 3, 2, 1, 1, 2, 1, 3, 1, 1, 1, 3, 0, 4, 3, 1, 4, 1, 1, 2, 4, 4, 2, 1, 1, 3, 1, 3, 1, 1, 1, 1, 1, 1, 2, 1, 2, 3, 1, 1, 1, 2, 2, 2, 3, 1]|[1, 0, 2, 1, 1, 3, 3, 0, 0, 0, 0, 0, 1, 0, 1, 0, 0, 3, 1, 0, 0, 0, 3, 1, 0, 2, 0, 0, 0, 1, 0, 0, 0, 0, 3, 0, 1, 0, 0, 2, 1, 1, 2, 0, 0, 0, 0, 1, 1, 0, 0, 0, 1, 3, 0, 0, 1, 0, 0, 1, 0, 2, 0, 1, 0, 2, 1, 0, 0, 1, 1, 3, 0, 1, 3, 3, 1, 0, 0, 2, 0, 0, 0, 0, 1, 0, 0, 0, 1, 0, 1, 2, 0, 1, 1, 0, 0, 0, 0, 0],790.0808266764368,58301.839560278044,88734.19036740763,false
44,G1_CMAX,G1_CMAX,[31, 22, 90, 26, 58, 95, 42, 12, 93, 5, 78, 86, 98, 18, 20, 35, 3, 97, 91, 76, 10, 85, 54, 45, 63, 71, 66, 1, 23, 17, 24, 60, 36, 6, 57, 15, 65, 56, 47, 79, 94, 67, 50, 46, 14, 75, 38, 9, 30, 19, 32, 81, 27, 92, 83, 87, 40, 99, 59, 11, 53, 16, 72, 77, 73, 70, 39, 37, 84, 43, 62, 25, 55, 28, 29, 51, 68, 82, 74, 61, 88, 21, 80, 89, 7, 69, 96, 41, 48, 4, 8, 34, 49, 52, 0, 44, 13, 2, 64, 33]|[1, 1, 1, 1, 0, 2, 1, 1, 2, 2, 2, 1, 0, 1, 2, 2, 1, 2, 0, 1, 2, 2, 2, 0, 0, 1, 2, 1, 2, 1, 2, 1, 1, 0, 1, 1, 0, 2, 2, 1, 1, 0, 0, 0, 0, 1, 1, 1, 1, 2, 1, 2, 2, 0, 0, 2, 1, 0, 0, 2, 0, 1, 2, 2, 1, 1, 1, 1, 1, 1, 0, 1, 1, 0, 0, 0, 0, 0, 2, 1, 1, 0, 0, 1, 1, 1, 2, 2, 0, 1, 1, 2, 0, 1, 0, 0, 0, 0, 2, 2]|[0, 4, 3, 0, 1, 1, 2, 4, 1, 1, 2, 4, 1, 4, 1, 1, 1, 2, 2, 2, 2, 1, 1, 1, 2, 3, 2, 3, 0, 4, 1, 0, 3, 2, 2, 2, 1, 1, 1, 0, 2, 0, 1, 2, 1, 3, 1, 4, 2, 0, 3, 2, 1, 2, 1, 1, 4, 1, 1, 1, 2, 3, 0, 2, 4, 3, 1, 4, 1, 1, 1, 4, 4, 2, 1, 1, 1, 2, 1, 3, 0, 1, 1, 1, 1, 3, 1, 1, 1, 4, 3, 1, 1, 1, 2, 2, 2, 2, 1, 1]|[3, 0, 2, 3, 0, 0, 1, 0, 0, 0, 1, 0, 0, 3, 0, 0, 1, 1, 1, 2, 1, 0, 0, 0, 0, 0, 0, 0, 0, 3, 1, 0, 2, 1, 1, 1, 0, 0, 0, 0, 1, 1, 0, 0, 0, 0, 1, 3, 2, 0, 0, 1, 0, 1, 0, 0, 2, 0, 0, 0, 1, 2, 1, 1, 0, 0, 1, 1, 3, 3, 0, 3, 3, 1, 0, 0, 0, 1, 0, 0, 0, 0, 0, 1, 2, 2, 0, 0, 0, 0, 2, 0, 1, 1, 0, 0, 0, 0, 0, 0],705.0470749739228,58445.79123614564,95781.2895945797,false
44,G4_BALANCED,G1_CMAX,[31, 22, 82, 15, 26, 58, 95, 42, 77, 12, 47, 5, 93, 78, 86, 54, 23, 63, 18, 44, 20, 35, 43, 97, 91, 76, 10, 30, 21, 45, 71, 64, 1, 85, 17, 83, 24, 14, 60, 36, 6, 57, 94, 88, 65, 56, 79, 40, 67, 68, 46, 75, 38, 9, 19, 32, 81, 96, 27, 62, 87, 90, 99, 59, 11, 16, 72, 73, 70, 39, 37, 84, 3, 92, 25, 55, 28, 29, 51, 7, 33, 61, 98, 48, 89, 50, 69, 41, 53, 80, 4, 8, 34, 49, 52, 0, 13, 2, 66, 74]|[1, 1, 0, 1, 1, 1, 2, 1, 2, 1, 2, 2, 2, 1, 1, 0, 0, 1, 0, 2, 2, 0, 1, 2, 0, 1, 2, 2, 0, 0, 1, 2, 1, 0, 1, 0, 2, 0, 1, 1, 0, 1, 1, 1, 0, 2, 1, 1, 0, 0, 0, 0, 1, 1, 2, 1, 2, 2, 0, 0, 2, 1, 0, 1, 2, 1, 2, 1, 1, 1, 1, 1, 2, 0, 1, 1, 0, 0, 0, 1, 2, 1, 2, 0, 1, 0, 1, 0, 0, 0, 0, 1, 2, 0, 1, 0, 0, 0, 2, 2]|[4, 3, 2, 2, 0, 0, 2, 2, 2, 4, 1, 1, 2, 4, 4, 1, 1, 4, 2, 1, 1, 1, 1, 2, 1, 2, 1, 1, 1, 1, 3, 2, 3, 2, 4, 0, 2, 1, 0, 3, 2, 2, 4, 0, 1, 1, 0, 2, 0, 1, 2, 2, 1, 4, 0, 3, 2, 1, 1, 2, 1, 3, 1, 1, 1, 3, 0, 4, 3, 1, 4, 1, 1, 2, 4, 4, 2, 1, 1, 3, 1, 3, 1, 1, 1, 1, 3, 1, 2, 1, 2, 3, 1, 1, 1, 2, 2, 2, 1, 1]|[0, 2, 1, 1, 3, 3, 0, 1, 0, 0, 0, 0, 1, 0, 1, 0, 0, 3, 1, 0, 0, 0, 3, 1, 0, 2, 0, 0, 0, 1, 0, 0, 0, 0, 3, 0, 1, 0, 0, 2, 1, 1, 2, 0, 0, 0, 0, 1, 1, 0, 0, 0, 1, 3, 0, 0, 1, 0, 0, 1, 0, 2, 0, 1, 0, 2, 1, 0, 0, 1, 1, 3, 0, 1, 3, 3, 1, 0, 0, 2, 0, 0, 0, 0, 1, 0, 0, 0, 1, 0, 1, 2, 0, 1, 1, 0, 0, 0, 0, 0],780.0196511265666,57636.95283212154,89808.0536188012,true
44,G2_TEC,G2_TEC,[31, 22, 82, 15, 26, 9, 95, 42, 77, 68, 47, 5, 93, 78, 86, 54, 85, 63, 18, 44, 20, 49, 36, 14, 74, 50, 53, 17, 21, 28, 11, 64, 3, 23, 30, 83, 24, 41, 40, 52, 65, 27, 90, 70, 39, 87, 48, 69, 99, 4, 75, 1, 13, 58, 97, 59, 45, 8, 73, 37, 35, 79, 71, 66, 76, 32, 60, 80, 56, 6, 67, 61, 33, 7, 57, 34, 12, 16, 10, 98, 96, 88, 43, 81, 91, 2, 84, 29, 92, 19, 51, 55, 46, 89, 25, 72, 94, 38, 62, 0]|[2, 1, 2, 1, 1, 2, 1, 1, 1, 1, 1, 0, 2, 2, 1, 2, 0, 0, 0, 2, 2, 1, 0, 2, 0, 2, 2, 1, 0, 1, 1, 1, 0, 0, 1, 0, 2, 1, 2, 2, 0, 0, 1, 1, 0, 2, 0, 2, 1, 0, 0, 2, 0, 0, 2, 0, 1, 1, 0, 0, 2, 1, 1, 2, 2, 0, 2, 2, 2, 1, 2, 1, 1, 2, 0, 1, 1, 2, 1, 2, 0, 1, 1, 1, 1, 0, 0, 1, 0, 1, 1, 0, 0, 1, 1, 1, 2, 0, 1, 2]|[0, 3, 0, 3, 4, 1, 4, 4, 2, 4, 3, 2, 1, 0, 2, 1, 1, 1, 2, 1, 1, 3, 0, 1, 0, 1, 1, 4, 1, 4, 3, 2, 2, 0, 4, 1, 1, 4, 1, 1, 2, 1, 4, 4, 1, 1, 0, 1, 3, 2, 2, 1, 2, 1, 1, 2, 4, 3, 0, 2, 2, 3, 3, 1, 1, 2, 1, 1, 1, 4, 1, 3, 4, 1, 2, 4, 3, 1, 3, 1, 2, 4, 4, 4, 3, 2, 2, 3, 2, 4, 3, 2, 2, 4, 4, 4, 1, 2, 3, 1]|[0, 2, 0, 0, 3, 0, 1, 3, 0, 0, 2, 0, 1, 0, 1, 0, 0, 0, 1, 0, 0, 2, 0, 0, 1, 0, 0, 3, 0, 1, 0, 2, 0, 0, 3, 0, 1, 1, 0, 0, 0, 0, 1, 3, 0, 0, 1, 0, 2, 0, 0, 0, 0, 0, 1, 0, 1, 0, 1, 1, 0, 2, 0, 0, 0, 0, 0, 0, 0, 2, 0, 0, 1, 0, 0, 1, 0, 0, 3, 0, 0, 1, 2, 2, 0, 0, 0, 3, 0, 1, 0, 0, 0, 1, 3, 1, 0, 0, 0, 0],900.0760482104305,49104.85573898611,106612.48357517918,false
44,G3_TWC,G3_TWC,[42, 31, 22, 82, 15, 26, 58, 95, 77, 12, 47, 5, 93, 78, 98, 54, 85, 63, 18, 44, 20, 35, 43, 97, 91, 76, 10, 30, 21, 45, 71, 64, 1, 23, 17, 83, 24, 14, 60, 36, 6, 57, 94, 88, 65, 56, 79, 40, 67, 68, 46, 75, 38, 9, 19, 32, 81, 41, 27, 62, 87, 90, 99, 59, 11, 16, 72, 73, 70, 39, 37, 84, 3, 92, 25, 55, 28, 29, 51, 7, 33, 61, 86, 66, 89, 50, 48, 96, 53, 80, 4, 8, 34, 49, 52, 0, 13, 2, 69, 74]|[1, 1, 1, 0, 1, 1, 1, 2, 2, 1, 2, 2, 2, 1, 1, 0, 0, 1, 0, 2, 2, 0, 1, 2, 0, 1, 2, 2, 0, 0, 1, 2, 1, 2, 1, 0, 2, 0, 1, 1, 0, 1, 1, 1, 0, 2, 1, 1, 0, 0, 0, 0, 1, 1, 2, 1, 2, 0, 0, 0, 2, 1, 0, 1, 2, 1, 2, 1, 1, 1, 1, 1, 2, 0, 1, 1, 0, 0, 0, 1, 2, 1, 0, 2, 1, 0, 0, 0, 0, 0, 0, 1, 2, 0, 1, 0, 0, 0, 1, 2]|[2, 4, 3, 2, 2, 0, 0, 2, 2, 4, 1, 1, 2, 4, 4, 1, 1, 4, 2, 1, 1, 1, 1, 2, 1, 2, 1, 1, 1, 1, 3, 2, 3, 0, 4, 0, 1, 1, 0, 3, 2, 2, 4, 0, 1, 1, 0, 2, 0, 1, 2, 2, 1, 4, 0, 3, 2, 1, 1, 2, 1, 3, 1, 1, 1, 3, 0, 4, 3, 1, 4, 1, 1, 2, 4, 4, 2, 1, 1, 3, 1, 3, 1, 1, 1, 1, 1, 1, 2, 1, 2, 3, 1, 1, 1, 2, 2, 2, 3, 1]|[1, 0, 2, 1, 1, 3, 3, 0, 0, 0, 0, 0, 1, 0, 1, 0, 0, 3, 1, 0, 0, 0, 3, 1, 0, 2, 0, 0, 0, 1, 0, 0, 0, 0, 3, 0, 1, 0, 0, 2, 1, 1, 2, 0, 0, 0, 0, 1, 1, 0, 0, 0, 1, 3, 0, 0, 1, 0, 0, 1, 0, 2, 0, 1, 0, 2, 1, 0, 0, 1, 1, 3, 0, 1, 3, 3, 1, 0, 0, 2, 0, 0, 0, 0, 1, 0, 0, 0, 1, 0, 1, 2, 0, 1, 1, 0, 0, 0, 0, 0],790.0808266764368,58301.839560278044,88734.19036740763,false
45,G1_CMAX,G1_CMAX,[31, 22, 90, 26, 58, 95, 42, 12, 93, 5, 78, 86, 98, 18, 20, 35, 3, 97, 91, 76, 10, 85, 54, 45, 63, 71, 66, 1, 23, 17, 24, 60, 36, 6, 57, 15, 65, 56, 47, 79, 94, 67, 50, 46, 14, 75, 38, 9, 30, 19, 32, 81, 27, 92, 83, 87, 40, 99, 59, 11, 53, 16, 72, 77, 73, 70, 39, 37, 84, 43, 62, 25, 55, 28, 29, 51, 68, 82, 74, 61, 88, 21, 80, 89, 7, 69, 96, 41, 48, 4, 8, 34, 49, 52, 0, 44, 13, 2, 64, 33]|[1, 1, 1, 1, 0, 2, 1, 1, 2, 2, 2, 1, 0, 1, 2, 2, 1, 2, 0, 1, 2, 2, 2, 0, 0, 1, 2, 1, 2, 1, 2, 1, 1, 0, 1, 1, 0, 2, 2, 1, 1, 0, 0, 0, 0, 1, 1, 1, 1, 2, 1, 2, 2, 0, 0, 2, 1, 0, 0, 2, 0, 1, 2, 2, 1, 1, 1, 1, 1, 1, 0, 1, 1, 0, 0, 0, 0, 0, 2, 1, 1, 0, 0, 1, 1, 1, 2, 2, 0, 1, 1, 2, 0, 1, 0, 0, 0, 0, 2, 2]|[0, 4, 3, 0, 1, 1, 2, 4, 1, 1, 2, 4, 1, 4, 1, 1, 1, 2, 2, 2, 2, 1, 1, 1, 2, 3, 2, 3, 0, 4, 1, 0, 3, 2, 2, 2, 1, 1, 1, 0, 2, 0, 1, 2, 1, 3, 1, 4, 2, 0, 3, 2, 1, 2, 1, 1, 4, 1, 1, 1, 2, 3, 0, 2, 4, 3, 1, 4, 1, 1, 1, 4, 4, 2, 1, 1, 1, 2, 1, 3, 0, 1, 1, 1, 1, 3, 1, 1, 1, 4, 3, 1, 1, 1, 2, 2, 2, 2, 1, 1]|[3, 0, 2, 3, 0, 0, 1, 0, 0, 0, 1, 0, 0, 3, 0, 0, 1, 1, 1, 2, 1, 0, 0, 0, 0, 0, 0, 0, 0, 3, 1, 0, 2, 1, 1, 1, 0, 0, 0, 0, 1, 1, 0, 0, 0, 0, 1, 3, 2, 0, 0, 1, 0, 1, 0, 0, 2, 0, 0, 0, 1, 2, 1, 1, 0, 0, 1, 1, 3, 3, 0, 3, 3, 1, 0, 0, 0, 1, 0, 0, 0, 0, 0, 1, 2, 2, 0, 0, 0, 0, 2, 0, 1, 1, 0, 0, 0, 0, 0, 0],705.0470749739228,58445.79123614564,95781.2895945797,false
45,G4_BALANCED,G3_TWC,[31, 22, 82, 15, 26, 58, 95, 42, 77, 12, 47, 5, 93, 78, 98, 54, 85, 63, 18, 44, 20, 35, 43, 97, 91, 76, 10, 30, 21, 45, 71, 64, 1, 23, 17, 83, 24, 14, 60, 36, 6, 57, 94, 88, 65, 56, 79, 40, 67, 68, 46, 75, 39, 9, 19, 32, 81, 96, 27, 62, 87, 90, 99, 59, 11, 16, 72, 73, 70, 38, 37, 84, 3, 51, 25, 55, 28, 29, 92, 7, 33, 61, 86, 48, 89, 50, 69, 41, 53, 80, 4, 8, 34, 49, 52, 0, 13, 2, 66, 74]|[1, 1, 0, 1, 1, 1, 2, 1, 2, 1, 2, 2, 2, 1, 1, 0, 0, 1, 0, 2, 2, 0, 1, 2, 0, 1, 2, 2, 0, 0, 1, 2, 1, 2, 1, 0, 2, 0, 1, 1, 0, 1, 1, 1, 0, 2, 1, 1, 0, 0, 0, 0, 1, 1, 2, 1, 2, 0, 0, 0, 2, 1, 0, 1, 2, 1, 2, 1, 1, 1, 1, 1, 2, 0, 1, 1, 0, 0, 0, 1, 2, 1, 0, 0, 1, 0, 2, 0, 0, 0, 0, 1, 2, 0, 1, 0, 0, 0, 2, 2]|[4, 3, 2, 2, 0, 0, 2, 2, 2, 4, 1, 1, 2, 4, 4, 1, 1, 4, 2, 1, 1, 1, 1, 2, 1, 2, 1, 1, 1, 1, 3, 2, 3, 0, 4, 0, 1, 1, 0, 3, 2, 2, 4, 0, 1, 1, 0, 2, 0, 1, 2, 2, 1, 4, 0, 3, 2, 1, 1, 2, 1, 3, 1, 1, 1, 3, 0, 4, 3, 1, 4, 1, 1, 1, 4, 4, 2, 1, 2, 3, 1, 3, 1, 1, 1, 1, 1, 1, 2, 1, 2, 3, 1, 1, 1, 2, 2, 2, 1, 1]|[0, 2, 1, 1, 3, 3, 0, 1, 0, 0, 0, 0, 1, 0, 1, 0, 0, 3, 1, 0, 0, 0, 3, 1, 0, 2, 0, 0, 0, 1, 0, 0, 0, 0, 3, 0, 1, 0, 0, 2, 1, 1, 2, 0, 0, 0, 0, 1, 1, 0, 0, 0, 1, 3, 0, 0, 1, 0, 0, 1, 0, 2, 0, 1, 0, 2, 1, 0, 0, 1, 1, 3, 0, 0, 3, 3, 1, 0, 1, 2, 0, 0, 0, 0, 1, 0, 0, 0, 1, 0, 1, 2, 0, 1, 1, 0, 0, 0, 0, 0],790.9023961408301,57693.759236216254,89136.6701683821,true
45,G2_TEC,G2_TEC,[31, 22, 82, 15, 26, 9, 95, 42, 77, 68, 47, 5, 93, 78, 86, 54, 85, 63, 18, 44, 20, 49, 36, 14, 74, 50, 53, 17, 21, 28, 11, 64, 3, 23, 30, 83, 24, 41, 40, 52, 65, 27, 90, 70, 39, 87, 48, 69, 99, 4, 75, 1, 13, 58, 97, 59, 45, 8, 73, 37, 35, 79, 71, 66, 76, 32, 60, 80, 56, 6, 67, 61, 33, 7, 57, 34, 12, 16, 10, 98, 96, 88, 43, 81, 91, 2, 84, 29, 92, 19, 51, 55, 46, 89, 25, 72, 94, 38, 62, 0]|[2, 1, 2, 1, 1, 2, 1, 1, 1, 1, 1, 0, 2, 2, 1, 2, 0, 0, 0, 2, 2, 1, 0, 2, 0, 2, 2, 1, 0, 1, 1, 1, 0, 0, 1, 0, 2, 1, 2, 2, 0, 0, 1, 1, 0, 2, 0, 2, 1, 0, 0, 2, 0, 0, 2, 0, 1, 1, 0, 0, 2, 1, 1, 2, 2, 0, 2, 2, 2, 1, 2, 1, 1, 2, 0, 1, 1, 2, 1, 2, 0, 1, 1, 1, 1, 0, 0, 1, 0, 1, 1, 0, 0, 1, 1, 1, 2, 0, 1, 2]|[0, 3, 0, 3, 4, 1, 4, 4, 2, 4, 3, 2, 1, 0, 2, 1, 1, 1, 2, 1, 1, 3, 0, 1, 0, 1, 1, 4, 1, 4, 3, 2, 2, 0, 4, 1, 1, 4, 1, 1, 2, 1, 4, 4, 1, 1, 0, 1, 3, 2, 2, 1, 2, 1, 1, 2, 4, 3, 0, 2, 2, 3, 3, 1, 1, 2, 1, 1, 1, 4, 1, 3, 4, 1, 2, 4, 3, 1, 3, 1, 2, 4, 4, 4, 3, 2, 2, 3, 2, 4, 3, 2, 2, 4, 4, 4, 1, 2, 3, 1]|[0, 2, 0, 0, 3, 0, 1, 3, 0, 0, 2, 0, 1, 0, 1, 0, 0, 0, 1, 0, 0, 2, 0, 0, 1, 0, 0, 3, 0, 1, 0, 2, 0, 0, 3, 0, 1, 1, 0, 0, 0, 0, 1, 3, 0, 0, 1, 0, 2, 0, 0, 0, 0, 0, 1, 0, 1, 0, 1, 1, 0, 2, 0, 0, 0, 0, 0, 0, 0, 2, 0, 0, 1, 0, 0, 1, 0, 0, 3, 0, 0, 1, 2, 2, 0, 0, 0, 3, 0, 1, 0, 0, 0, 1, 3, 1, 0, 0, 0, 0],900.0760482104305,49104.85573898611,106612.48357517918,false
45,G3_TWC,G3_TWC,[42, 31, 22, 82, 15, 26, 58, 95, 77, 12, 47, 5, 93, 78, 98, 54, 85, 63, 18, 44, 20, 35, 43, 97, 91, 76, 10, 30, 21, 45, 71, 64, 1, 23, 17, 83, 24, 14, 60, 36, 6, 57, 94, 88, 65, 56, 79, 40, 67, 68, 46, 75, 38, 9, 19, 32, 81, 41, 27, 62, 87, 90, 99, 59, 11, 16, 72, 73, 70, 39, 37, 84, 3, 92, 25, 55, 28, 29, 51, 7, 33, 61, 86, 66, 89, 50, 48, 96, 53, 80, 4, 8, 34, 49, 52, 0, 13, 2, 69, 74]|[1, 1, 1, 0, 1, 1, 1, 2, 2, 1, 2, 2, 2, 1, 1, 0, 0, 1, 0, 2, 2, 0, 1, 2, 0, 1, 2, 2, 0, 0, 1, 2, 1, 2, 1, 0, 2, 0, 1, 1, 0, 1, 1, 1, 0, 2, 1, 1, 0, 0, 0, 0, 1, 1, 2, 1, 2, 0, 0, 0, 2, 1, 0, 1, 2, 1, 2, 1, 1, 1, 1, 1, 2, 0, 1, 1, 0, 0, 0, 1, 2, 1, 0, 2, 1, 0, 0, 0, 0, 0, 0, 1, 2, 0, 1, 0, 0, 0, 1, 2]|[2, 4, 3, 2, 2, 0, 0, 2, 2, 4, 1, 1, 2, 4, 4, 1, 1, 4, 2, 1, 1, 1, 1, 2, 1, 2, 1, 1, 1, 1, 3, 2, 3, 0, 4, 0, 1, 1, 0, 3, 2, 2, 4, 0, 1, 1, 0, 2, 0, 1, 2, 2, 1, 4, 0, 3, 2, 1, 1, 2, 1, 3, 1, 1, 1, 3, 0, 4, 3, 1, 4, 1, 1, 2, 4, 4, 2, 1, 1, 3, 1, 3, 1, 1, 1, 1, 1, 1, 2, 1, 2, 3, 1, 1, 1, 2, 2, 2, 3, 1]|[1, 0, 2, 1, 1, 3, 3, 0, 0, 0, 0, 0, 1, 0, 1, 0, 0, 3, 1, 0, 0, 0, 3, 1, 0, 2, 0, 0, 0, 1, 0, 0, 0, 0, 3, 0, 1, 0, 0, 2, 1, 1, 2, 0, 0, 0, 0, 1, 1, 0, 0, 0, 1, 3, 0, 0, 1, 0, 0, 1, 0, 2, 0, 1, 0, 2, 1, 0, 0, 1, 1, 3, 0, 1, 3, 3, 1, 0, 0, 2, 0, 0, 0, 0, 1, 0, 0, 0, 1, 0, 1, 2, 0, 1, 1, 0, 0, 0, 0, 0],790.0808266764368,58301.839560278044,88734.19036740763,false
45,G1_CMAX,G1_CMAX,[31, 22, 90, 26, 58, 95, 42, 12, 93, 5, 78, 86, 98, 18, 20, 35, 3, 97, 91, 76, 10, 85, 54, 45, 63, 71, 66, 1, 23, 17, 24, 60, 36, 6, 57, 15, 65, 56, 47, 79, 94, 67, 50, 46, 14, 75, 38, 9, 30, 19, 32, 81, 27, 92, 83, 87, 40, 99, 59, 11, 53, 16, 72, 77, 73, 70, 39, 37, 84, 43, 62, 25, 55, 28, 29, 51, 68, 82, 74, 61, 88, 21, 80, 89, 7, 69, 96, 41, 48, 4, 8, 34, 49, 52, 0, 44, 13, 2, 64, 33]|[1, 1, 1, 1, 0, 2, 1, 1, 2, 2, 2, 1, 0, 1, 2, 2, 1, 2, 0, 1, 2, 2, 2, 0, 0, 1, 2, 1, 2, 1, 2, 1, 1, 0, 1, 1, 0, 2, 2, 1, 1, 0, 0, 0, 0, 1, 1, 1, 1, 2, 1, 2, 2, 0, 0, 2, 1, 0, 0, 2, 0, 1, 2, 2, 1, 1, 1, 1, 1, 1, 0, 1, 1, 0, 0, 0, 0, 0, 2, 1, 1, 0, 0, 1, 1, 1, 2, 2, 0, 1, 1, 2, 0, 1, 0, 0, 0, 0, 2, 2]|[0, 4, 3, 0, 1, 1, 2, 4, 1, 1, 2, 4, 1, 4, 1, 1, 1, 2, 2, 2, 2, 1, 1, 1, 2, 3, 2, 3, 0, 4, 1, 0, 3, 2, 2, 2, 1, 1, 1, 0, 2, 0, 1, 2, 1, 3, 1, 4, 2, 0, 3, 2, 1, 2, 1, 1, 4, 1, 1, 1, 2, 3, 0, 2, 4, 3, 1, 4, 1, 1, 1, 4, 4, 2, 1, 1, 1, 2, 1, 3, 0, 1, 1, 1, 1, 3, 1, 1, 1, 4, 3, 1, 1, 1, 2, 2, 2, 2, 1, 1]|[3, 0, 2, 3, 0, 0, 1, 0, 0, 0, 1, 0, 0, 3, 0, 0, 1, 1, 1, 2, 1, 0, 0, 0, 0, 0, 0, 0, 0, 3, 1, 0, 2, 1, 1, 1, 0, 0, 0, 0, 1, 1, 0, 0, 0, 0, 1, 3, 2, 0, 0, 1, 0, 1, 0, 0, 2, 0, 0, 0, 1, 2, 1, 1, 0, 0, 1, 1, 3, 3, 0, 3, 3, 1, 0, 0, 0, 1, 0, 0, 0, 0, 0, 1, 2, 2, 0, 0, 0, 0, 2, 0, 1, 1, 0, 0, 0, 0, 0, 0],705.0470749739228,58445.79123614564,95781.2895945797,false
45,G4_BALANCED,G3_TWC,[31, 22, 82, 15, 26, 58, 95, 42, 77, 12, 47, 5, 93, 78, 98, 54, 85, 63, 18, 44, 20, 35, 43, 97, 91, 76, 10, 30, 21, 45, 71, 64, 1, 23, 17, 83, 24, 14, 60, 36, 6, 57, 94, 88, 65, 56, 79, 40, 67, 68, 46, 75, 39, 9, 19, 32, 81, 96, 27, 62, 87, 90, 99, 59, 11, 16, 72, 73, 70, 38, 37, 84, 3, 51, 25, 55, 28, 29, 92, 7, 33, 61, 86, 48, 89, 50, 69, 41, 53, 80, 4, 8, 34, 49, 52, 0, 13, 2, 66, 74]|[1, 1, 0, 1, 1, 1, 2, 1, 2, 1, 2, 2, 2, 1, 1, 0, 0, 1, 0, 2, 2, 0, 1, 2, 0, 1, 2, 2, 0, 0, 1, 2, 1, 2, 1, 0, 2, 0, 1, 1, 0, 1, 1, 1, 0, 2, 1, 1, 0, 0, 0, 0, 1, 1, 2, 1, 2, 0, 0, 0, 2, 1, 0, 1, 2, 1, 2, 1, 1, 1, 1, 1, 2, 0, 1, 1, 0, 0, 0, 1, 2, 1, 0, 0, 1, 0, 2, 0, 0, 0, 0, 1, 2, 0, 1, 0, 0, 0, 2, 2]|[4, 3, 2, 2, 0, 0, 2, 2, 2, 4, 1, 1, 2, 4, 4, 1, 1, 4, 2, 1, 1, 1, 1, 2, 1, 2, 1, 1, 1, 1, 3, 2, 3, 0, 4, 0, 1, 1, 0, 3, 2, 2, 4, 0, 1, 1, 0, 2, 0, 1, 2, 2, 1, 4, 0, 3, 2, 1, 1, 2, 1, 3, 1, 1, 1, 3, 0, 4, 3, 1, 4, 1, 1, 1, 4, 4, 2, 1, 2, 3, 1, 3, 1, 1, 1, 1, 1, 1, 2, 1, 2, 3, 1, 1, 1, 2, 2, 2, 1, 1]|[0, 2, 1, 1, 3, 3, 0, 1, 0, 0, 0, 0, 1, 0, 1, 0, 0, 3, 1, 0, 0, 0, 3, 1, 0, 2, 0, 0, 0, 1, 0, 0, 0, 0, 3, 0, 1, 0, 0, 2, 1, 1, 2, 0, 0, 0, 0, 1, 1, 0, 0, 0, 1, 3, 0, 0, 1, 0, 0, 1, 0, 2, 0, 1, 0, 2, 1, 0, 0, 1, 1, 3, 0, 0, 3, 3, 1, 0, 1, 2, 0, 0, 0, 0, 1, 0, 0, 0, 1, 0, 1, 2, 0, 1, 1, 0, 0, 0, 0, 0],790.9023961408301,57693.759236216254,89136.6701683821,true
45,G2_TEC,G2_TEC,[31, 22, 82, 15, 26, 9, 95, 42, 77, 68, 47, 5, 93, 78, 86, 54, 85, 63, 18, 44, 20, 49, 36, 14, 74, 50, 53, 17, 21, 28, 11, 64, 3, 23, 30, 83, 24, 41, 40, 52, 65, 27, 90, 70, 39, 87, 48, 69, 99, 4, 75, 1, 13, 58, 97, 59, 45, 8, 73, 37, 35, 79, 71, 66, 76, 32, 60, 80, 56, 6, 67, 61, 33, 7, 57, 34, 12, 16, 10, 98, 96, 88, 43, 81, 91, 2, 84, 29, 92, 19, 51, 55, 46, 89, 25, 72, 94, 38, 62, 0]|[2, 1, 2, 1, 1, 2, 1, 1, 1, 1, 1, 0, 2, 2, 1, 2, 0, 0, 0, 2, 2, 1, 0, 2, 0, 2, 2, 1, 0, 1, 1, 1, 0, 0, 1, 0, 2, 1, 2, 2, 0, 0, 1, 1, 0, 2, 0, 2, 1, 0, 0, 2, 0, 0, 2, 0, 1, 1, 0, 0, 2, 1, 1, 2, 2, 0, 2, 2, 2, 1, 2, 1, 1, 2, 0, 1, 1, 2, 1, 2, 0, 1, 1, 1, 1, 0, 0, 1, 0, 1, 1, 0, 0, 1, 1, 1, 2, 0, 1, 2]|[0, 3, 0, 3, 4, 1, 4, 4, 2, 4, 3, 2, 1, 0, 2, 1, 1, 1, 2, 1, 1, 3, 0, 1, 0, 1, 1, 4, 1, 4, 3, 2, 2, 0, 4, 1, 1, 4, 1, 1, 2, 1, 4, 4, 1, 1, 0, 1, 3, 2, 2, 1, 2, 1, 1, 2, 4, 3, 0, 2, 2, 3, 3, 1, 1, 2, 1, 1, 1, 4, 1, 3, 4, 1, 2, 4, 3, 1, 3, 1, 2, 4, 4, 4, 3, 2, 2, 3, 2, 4, 3, 2, 2, 4, 4, 4, 1, 2, 3, 1]|[0, 2, 0, 0, 3, 0, 1, 3, 0, 0, 2, 0, 1, 0, 1, 0, 0, 0, 1, 0, 0, 2, 0, 0, 1, 0, 0, 3, 0, 1, 0, 2, 0, 0, 3, 0, 1, 1, 0, 0, 0, 0, 1, 3, 0, 0, 1, 0, 2, 0, 0, 0, 0, 0, 1, 0, 1, 0, 1, 1, 0, 2, 0, 0, 0, 0, 0, 0, 0, 2, 0, 0, 1, 0, 0, 1, 0, 0, 3, 0, 0, 1, 2, 2, 0, 0, 0, 3, 0, 1, 0, 0, 0, 1, 3, 1, 0, 0, 0, 0],900.0760482104305,49104.85573898611,106612.48357517918,false
45,G3_TWC,G3_TWC,[31, 22, 82, 15, 26, 58, 95, 42, 77, 12, 47, 5, 93, 78, 98, 54, 85, 63, 18, 44, 20, 35, 43, 97, 91, 76, 10, 30, 21, 45, 71, 64, 1, 23, 17, 83, 24, 14, 60, 36, 6, 57, 94, 88, 65, 56, 79, 40, 67, 68, 46, 75, 39, 9, 19, 32, 81, 96, 27, 62, 87, 90, 99, 59, 11, 16, 72, 73, 70, 38, 37, 84, 3, 92, 25, 55, 28, 29, 51, 7, 33, 61, 86, 48, 89, 50, 66, 41, 53, 80, 4, 8, 34, 49, 52, 0, 13, 2, 69, 74]|[1, 1, 0, 1, 1, 1, 2, 1, 2, 1, 2, 2, 2, 1, 1, 0, 0, 1, 0, 2, 2, 0, 1, 2, 0, 1, 2, 2, 0, 0, 1, 2, 1, 2, 1, 0, 2, 0, 1, 1, 0, 1, 1, 1, 0, 2, 1, 1, 0, 0, 0, 0, 1, 1, 2, 1, 2, 0, 0, 0, 2, 1, 0, 1, 0, 1, 2, 1, 1, 1, 1, 1, 2, 0, 1, 1, 0, 0, 0, 1, 2, 1, 0, 0, 1, 0, 2, 2, 2, 0, 0, 1, 2, 0, 1, 0, 0, 0, 2, 0]|[4, 3, 2, 2, 0, 0, 2, 2, 2, 4, 1, 1, 2, 4, 4, 1, 1, 4, 2, 1, 1, 1, 1, 2, 1, 2, 1, 1, 1, 1, 3, 2, 3, 0, 4, 0, 1, 1, 0, 3, 2, 2, 4, 0, 1, 1, 0, 2, 0, 1, 2, 2, 1, 4, 0, 3, 2, 1, 1, 2, 1, 3, 1, 1, 2, 3, 0, 4, 3, 1, 4, 1, 1, 2, 4, 4, 2, 1, 1, 3, 1, 3, 1, 1, 1, 1, 1, 1, 1, 1, 2, 3, 1, 1, 1, 2, 2, 2, 1, 2]|[0, 2, 1, 1, 3, 3, 0, 1, 0, 0, 0, 0, 1, 0, 1, 0, 0, 3, 1, 0, 0, 0, 3, 1, 0, 2, 0, 0, 0, 1, 0, 0, 0, 0, 3, 0, 1, 0, 0, 2, 1, 1, 2, 0, 0, 0, 0, 1, 1, 0, 0, 0, 1, 3, 0, 0, 1, 0, 0, 1, 0, 2, 0, 1, 1, 2, 1, 0, 0, 1, 1, 3, 0, 1, 3, 3, 1, 0, 0, 2, 0, 0, 0, 0, 1, 0, 0, 0, 0, 0, 1, 2, 0, 1, 1, 0, 0, 0, 0, 0],805.2890071074643,57592.68472360277,89305.65951487048,false
45,G1_CMAX,G1_CMAX,[31, 22, 90, 26, 58, 95, 42, 12, 93, 5, 78, 86, 98, 18, 20, 35, 3, 97, 91, 76, 10, 85, 54, 45, 63, 71, 66, 1, 23, 17, 24, 60, 36, 6, 57, 15, 65, 56, 47, 79, 94, 67, 50, 46, 14, 75, 38, 9, 30, 19, 32, 81, 27, 92, 83, 87, 40, 99, 59, 11, 53, 16, 72, 77, 73, 70, 39, 37, 84, 43, 62, 25, 55, 28, 29, 51, 68, 82, 74, 61, 88, 21, 80, 89, 7, 69, 96, 41, 48, 4, 8, 34, 49, 52, 0, 44, 13, 2, 64, 33]|[1, 1, 1, 1, 0, 2, 1, 1, 2, 2, 2, 1, 0, 1, 2, 2, 1, 2, 0, 1, 2, 2, 2, 0, 0, 1, 2, 1, 2, 1, 2, 1, 1, 0, 1, 1, 0, 2, 2, 1, 1, 0, 0, 0, 0, 1, 1, 1, 1, 2, 1, 2, 2, 0, 0, 2, 1, 0, 0, 2, 0, 1, 2, 2, 1, 1, 1, 1, 1, 1, 0, 1, 1, 0, 0, 0, 0, 0, 2, 1, 1, 0, 0, 1, 1, 1, 2, 2, 0, 1, 1, 2, 0, 1, 0, 0, 0, 0, 2, 2]|[0, 4, 3, 0, 1, 1, 2, 4, 1, 1, 2, 4, 1, 4, 1, 1, 1, 2, 2, 2, 2, 1, 1, 1, 2, 3, 2, 3, 0, 4, 1, 0, 3, 2, 2, 2, 1, 1, 1, 0, 2, 0, 1, 2, 1, 3, 1, 4, 2, 0, 3, 2, 1, 2, 1, 1, 4, 1, 1, 1, 2, 3, 0, 2, 4, 3, 1, 4, 1, 1, 1, 4, 4, 2, 1, 1, 1, 2, 1, 3, 0, 1, 1, 1, 1, 3, 1, 1, 1, 4, 3, 1, 1, 1, 2, 2, 2, 2, 1, 1]|[3, 0, 2, 3, 0, 0, 1, 0, 0, 0, 1, 0, 0, 3, 0, 0, 1, 1, 1, 2, 1, 0, 0, 0, 0, 0, 0, 0, 0, 3, 1, 0, 2, 1, 1, 1, 0, 0, 0, 0, 1, 1, 0, 0, 0, 0, 1, 3, 2, 0, 0, 1, 0, 1, 0, 0, 2, 0, 0, 0, 1, 2, 1, 1, 0, 0, 1, 1, 3, 3, 0, 3, 3, 1, 0, 0, 0, 1, 0, 0, 0, 0, 0, 1, 2, 2, 0, 0, 0, 0, 2, 0, 1, 1, 0, 0, 0, 0, 0, 0],705.0470749739228,58445.79123614564,95781.2895945797,false
45,G4_BALANCED,G3_TWC,[31, 22, 82, 15, 26, 58, 95, 42, 77, 12, 47, 5, 93, 78, 98, 54, 85, 63, 18, 44, 20, 35, 43, 97, 91, 76, 10, 30, 21, 45, 71, 64, 1, 23, 17, 83, 24, 14, 60, 36, 6, 57, 94, 88, 65, 56, 79, 40, 67, 68, 46, 75, 39, 9, 19, 32, 81, 96, 27, 62, 87, 90, 99, 59, 11, 16, 72, 73, 70, 38, 37, 84, 3, 51, 25, 55, 28, 29, 92, 7, 33, 61, 86, 48, 89, 50, 69, 41, 53, 80, 4, 8, 34, 49, 52, 0, 13, 2, 66, 74]|[1, 1, 0, 1, 1, 1, 2, 1, 2, 1, 2, 2, 2, 1, 1, 0, 0, 1, 0, 2, 2, 0, 1, 2, 0, 1, 2, 2, 0, 0, 1, 2, 1, 2, 1, 0, 2, 0, 1, 1, 0, 1, 1, 1, 0, 2, 1, 1, 0, 0, 0, 0, 1, 1, 2, 1, 2, 0, 0, 0, 2, 1, 0, 1, 2, 1, 2, 1, 1, 1, 1, 1, 2, 0, 1, 1, 0, 0, 0, 1, 2, 1, 0, 0, 1, 0, 2, 0, 0, 0, 0, 1, 2, 0, 1, 0, 0, 0, 2, 2]|[4, 3, 2, 2, 0, 0, 2, 2, 2, 4, 1, 1, 2, 4, 4, 1, 1, 4, 2, 1, 1, 1, 1, 2, 1, 2, 1, 1, 1, 1, 3, 2, 3, 0, 4, 0, 1, 1, 0, 3, 2, 2, 4, 0, 1, 1, 0, 2, 0, 1, 2, 2, 1, 4, 0, 3, 2, 1, 1, 2, 1, 3, 1, 1, 1, 3, 0, 4, 3, 1, 4, 1, 1, 1, 4, 4, 2, 1, 2, 3, 1, 3, 1, 1, 1, 1, 1, 1, 2, 1, 2, 3, 1, 1, 1, 2, 2, 2, 1, 1]|[0, 2, 1, 1, 3, 3, 0, 1, 0, 0, 0, 0, 1, 0, 1, 0, 0, 3, 1, 0, 0, 0, 3, 1, 0, 2, 0, 0, 0, 1, 0, 0, 0, 0, 3, 0, 1, 0, 0, 2, 1, 1, 2, 0, 0, 0, 0, 1, 1, 0, 0, 0, 1, 3, 0, 0, 1, 0, 0, 1, 0, 2, 0, 1, 0, 2, 1, 0, 0, 1, 1, 3, 0, 0, 3, 3, 1, 0, 1, 2, 0, 0, 0, 0, 1, 0, 0, 0, 1, 0, 1, 2, 0, 1, 1, 0, 0, 0, 0, 0],790.9023961408301,57693.759236216254,89136.6701683821,true
45,G2_TEC,G2_TEC,[31, 22, 82, 15, 26, 9, 95, 42, 77, 68, 47, 5, 93, 78, 86, 54, 85, 63, 18, 44, 20, 49, 36, 14, 74, 50, 53, 17, 21, 28, 11, 64, 3, 23, 30, 83, 24, 41, 40, 52, 65, 27, 90, 70, 39, 87, 48, 69, 99, 4, 75, 1, 13, 58, 97, 59, 45, 8, 73, 37, 35, 79, 71, 66, 76, 32, 60, 80, 56, 6, 67, 61, 33, 7, 57, 34, 12, 16, 10, 98, 96, 88, 43, 81, 91, 2, 84, 29, 92, 19, 51, 55, 46, 89, 25, 72, 94, 38, 62, 0]|[2, 1, 2, 1, 1, 2, 1, 1, 1, 1, 1, 0, 2, 2, 1, 2, 0, 0, 0, 2, 2, 1, 0, 2, 0, 2, 2, 1, 0, 1, 1, 1, 0, 0, 1, 0, 2, 1, 2, 2, 0, 0, 1, 1, 0, 2, 0, 2, 1, 0, 0, 2, 0, 0, 2, 0, 1, 1, 0, 0, 2, 1, 1, 2, 2, 0, 2, 2, 2, 1, 2, 1, 1, 2, 0, 1, 1, 2, 1, 2, 0, 1, 1, 1, 1, 0, 0, 1, 0, 1, 1, 0, 0, 1, 1, 1, 2, 0, 1, 2]|[0, 3, 0, 3, 4, 1, 4, 4, 2, 4, 3, 2, 1, 0, 2, 1, 1, 1, 2, 1, 1, 3, 0, 1, 0, 1, 1, 4, 1, 4, 3, 2, 2, 0, 4, 1, 1, 4, 1, 1, 2, 1, 4, 4, 1, 1, 0, 1, 3, 2, 2, 1, 2, 1, 1, 2, 4, 3, 0, 2, 2, 3, 3, 1, 1, 2, 1, 1, 1, 4, 1, 3, 4, 1, 2, 4, 3, 1, 3, 1, 2, 4, 4, 4, 3, 2, 2, 3, 2, 4, 3, 2, 2, 4, 4, 4, 1, 2, 3, 1]|[0, 2, 0, 0, 3, 0, 1, 3, 0, 0, 2, 0, 1, 0, 1, 0, 0, 0, 1, 0, 0, 2, 0, 0, 1, 0, 0, 3, 0, 1, 0, 2, 0, 0, 3, 0, 1, 1, 0, 0, 0, 0, 1, 3, 0, 0, 1, 0, 2, 0, 0, 0, 0, 0, 1, 0, 1, 0, 1, 1, 0, 2, 0, 0, 0, 0, 0, 0, 0, 2, 0, 0, 1, 0, 0, 1, 0, 0, 3, 0, 0, 1, 2, 2, 0, 0, 0, 3, 0, 1, 0, 0, 0, 1, 3, 1, 0, 0, 0, 0],900.0760482104305,49104.85573898611,106612.48357517918,false
45,G3_TWC,G3_TWC,[42, 31, 22, 82, 15, 26, 58, 95, 77, 12, 47, 5, 93, 78, 98, 54, 85, 63, 18, 44, 20, 35, 43, 97, 91, 76, 10, 30, 21, 45, 71, 64, 1, 23, 17, 83, 24, 14, 60, 36, 6, 57, 94, 88, 65, 56, 79, 40, 67, 68, 46, 75, 38, 9, 19, 32, 81, 41, 27, 62, 87, 90, 99, 59, 11, 16, 72, 73, 70, 39, 37, 84, 3, 92, 25, 55, 28, 29, 51, 7, 33, 61, 86, 66, 89, 50, 48, 96, 53, 80, 4, 8, 34, 49, 52, 0, 13, 2, 69, 74]|[1, 1, 1, 0, 1, 1, 1, 2, 2, 1, 2, 2, 2, 1, 1, 0, 0, 1, 0, 2, 2, 0, 1, 2, 0, 1, 2, 2, 0, 0, 1, 2, 1, 2, 1, 0, 2, 0, 1, 1, 0, 1, 1, 1, 0, 2, 1, 1, 0, 0, 0, 0, 1, 1, 2, 1, 2, 0, 0, 0, 2, 1, 0, 1, 2, 1, 2, 1, 1, 1, 1, 1, 2, 0, 1, 1, 0, 0, 0, 1, 2, 1, 0, 2, 1, 0, 0, 0, 0, 0, 0, 1, 2, 0, 1, 0, 0, 0, 1, 2]|[2, 4, 3, 2, 2, 0, 0, 2, 2, 4, 1, 1, 2, 4, 4, 1, 1, 4, 2, 1, 1, 1, 1, 2, 1, 2, 1, 1, 1, 1, 3, 2, 3, 0, 4, 0, 1, 1, 0, 3, 2, 2, 4, 0, 1, 1, 0, 2, 0, 1, 2, 2, 1, 4, 0, 3, 2, 1, 1, 2, 1, 3, 1, 1, 1, 3, 0, 4, 3, 1, 4, 1, 1, 2, 4, 4, 2, 1, 1, 3, 1, 3, 1, 1, 1, 1, 1, 1, 2, 1, 2, 3, 1, 1, 1, 2, 2, 2, 3, 1]|[1, 0, 2, 1, 1, 3, 3, 0, 0, 0, 0, 0, 1, 0, 1, 0, 0, 3, 1, 0, 0, 0, 3, 1, 0, 2, 0, 0, 0, 1, 0, 0, 0, 0, 3, 0, 1, 0, 0, 2, 1, 1, 2, 0, 0, 0, 0, 1, 1, 0, 0, 0, 1, 3, 0, 0, 1, 0, 0, 1, 0, 2, 0, 1, 0, 2, 1, 0, 0, 1, 1, 3, 0, 1, 3, 3, 1, 0, 0, 2, 0, 0, 0, 0, 1, 0, 0, 0, 1, 0, 1, 2, 0, 1, 1, 0, 0, 0, 0, 0],790.0808266764368,58301.839560278044,88734.19036740763,false
45,G1_CMAX,G1_CMAX,[31, 22, 90, 26, 58, 95, 42, 12, 93, 5, 78, 86, 98, 18, 20, 35, 3, 97, 91, 76, 10, 85, 54, 45, 63, 71, 66, 1, 23, 17, 24, 60, 36, 6, 57, 15, 65, 56, 47, 79, 94, 67, 50, 46, 14, 75, 38, 9, 30, 19, 32, 81, 27, 92, 83, 87, 40, 99, 59, 11, 53, 16, 72, 77, 73, 70, 39, 37, 84, 43, 62, 25, 55, 28, 29, 51, 68, 82, 74, 61, 88, 21, 80, 89, 7, 69, 96, 41, 48, 4, 8, 34, 49, 52, 0, 44, 13, 2, 64, 33]|[1, 1, 1, 1, 0, 2, 1, 1, 2, 2, 2, 1, 0, 1, 2, 2, 1, 2, 0, 1, 2, 2, 2, 0, 0, 1, 2, 1, 2, 1, 2, 1, 1, 0, 1, 1, 0, 2, 2, 1, 1, 0, 0, 0, 0, 1, 1, 1, 1, 2, 1, 2, 2, 0, 0, 2, 1, 0, 0, 2, 0, 1, 2, 2, 1, 1, 1, 1, 1, 1, 0, 1, 1, 0, 0, 0, 0, 0, 2, 1, 1, 0, 0, 1, 1, 1, 2, 2, 0, 1, 1, 2, 0, 1, 0, 0, 0, 0, 2, 2]|[0, 4, 3, 0, 1, 1, 2, 4, 1, 1, 2, 4, 1, 4, 1, 1, 1, 2, 2, 2, 2, 1, 1, 1, 2, 3, 2, 3, 0, 4, 1, 0, 3, 2, 2, 2, 1, 1, 1, 0, 2, 0, 1, 2, 1, 3, 1, 4, 2, 0, 3, 2, 1, 2, 1, 1, 4, 1, 1, 1, 2, 3, 0, 2, 4, 3, 1, 4, 1, 1, 1, 4, 4, 2, 1, 1, 1, 2, 1, 3, 0, 1, 1, 1, 1, 3, 1, 1, 1, 4, 3, 1, 1, 1, 2, 2, 2, 2, 1, 1]|[3, 0, 2, 3, 0, 0, 1, 0, 0, 0, 1, 0, 0, 3, 0, 0, 1, 1, 1, 2, 1, 0, 0, 0, 0, 0, 0, 0, 0, 3, 1, 0, 2, 1, 1, 1, 0, 0, 0, 0, 1, 1, 0, 0, 0, 0, 1, 3, 2, 0, 0, 1, 0, 1, 0, 0, 2, 0, 0, 0, 1, 2, 1, 1, 0, 0, 1, 1, 3, 3, 0, 3, 3, 1, 0, 0, 0, 1, 0, 0, 0, 0, 0, 1, 2, 2, 0, 0, 0, 0, 2, 0, 1, 1, 0, 0, 0, 0, 0, 0],705.0470749739228,58445.79123614564,95781.2895945797,false
45,G4_BALANCED,G3_TWC,[31, 22, 82, 15, 26, 58, 95, 42, 77, 12, 47, 5, 93, 78, 98, 54, 85, 63, 18, 44, 20, 35, 43, 97, 91, 76, 10, 30, 21, 45, 71, 64, 1, 23, 17, 83, 24, 14, 60, 36, 6, 57, 94, 88, 65, 56, 79, 40, 67, 68, 46, 75, 39, 9, 19, 32, 81, 96, 27, 62, 87, 90, 99, 59, 11, 16, 72, 73, 70, 38, 37, 84, 3, 51, 25, 55, 28, 29, 92, 7, 33, 61, 86, 48, 89, 50, 69, 41, 53, 80, 4, 8, 34, 49, 52, 0, 13, 2, 66, 74]|[1, 1, 0, 1, 1, 1, 2, 1, 2, 1, 2, 2, 2, 1, 1, 0, 0, 1, 0, 2, 2, 0, 1, 2, 0, 1, 2, 2, 0, 0, 1, 2, 1, 2, 1, 0, 2, 0, 1, 1, 0, 1, 1, 1, 0, 2, 1, 1, 0, 0, 0, 0, 1, 1, 2, 1, 2, 0, 0, 0, 2, 1, 0, 1, 2, 1, 2, 1, 1, 1, 1, 1, 2, 0, 1, 1, 0, 0, 0, 1, 2, 1, 0, 0, 1, 0, 2, 0, 0, 0, 0, 1, 2, 0, 1, 0, 0, 0, 2, 2]|[4, 3, 2, 2, 0, 0, 2, 2, 2, 4, 1, 1, 2, 4, 4, 1, 1, 4, 2, 1, 1, 1, 1, 2, 1, 2, 1, 1, 1, 1, 3, 2, 3, 0, 4, 0, 1, 1, 0, 3, 2, 2, 4, 0, 1, 1, 0, 2, 0, 1, 2, 2, 1, 4, 0, 3, 2, 1, 1, 2, 1, 3, 1, 1, 1, 3, 0, 4, 3, 1, 4, 1, 1, 1, 4, 4, 2, 1, 2, 3, 1, 3, 1, 1, 1, 1, 1, 1, 2, 1, 2, 3, 1, 1, 1, 2, 2, 2, 1, 1]|[0, 2, 1, 1, 3, 3, 0, 1, 0, 0, 0, 0, 1, 0, 1, 0, 0, 3, 1, 0, 0, 0, 3, 1, 0, 2, 0, 0, 0, 1, 0, 0, 0, 0, 3, 0, 1, 0, 0, 2, 1, 1, 2, 0, 0, 0, 0, 1, 1, 0, 0, 0, 1, 3, 0, 0, 1, 0, 0, 1, 0, 2, 0, 1, 0, 2, 1, 0, 0, 1, 1, 3, 0, 0, 3, 3, 1, 0, 1, 2, 0, 0, 0, 0, 1, 0, 0, 0, 1, 0, 1, 2, 0, 1, 1, 0, 0, 0, 0, 0],790.9023961408301,57693.759236216254,89136.6701683821,true
45,G2_TEC,G2_TEC,[31, 22, 82, 15, 26, 9, 95, 42, 77, 68, 47, 5, 93, 78, 86, 54, 85, 63, 18, 44, 20, 49, 36, 14, 74, 50, 53, 17, 21, 28, 11, 64, 3, 23, 30, 83, 24, 41, 40, 52, 65, 27, 90, 70, 39, 87, 48, 69, 99, 4, 75, 1, 13, 58, 97, 59, 45, 8, 73, 37, 35, 79, 71, 66, 76, 32, 60, 80, 56, 6, 67, 61, 33, 7, 57, 34, 12, 16, 10, 98, 96, 88, 43, 81, 91, 2, 84, 29, 92, 19, 51, 55, 46, 89, 25, 72, 94, 38, 62, 0]|[2, 1, 2, 1, 1, 2, 1, 1, 1, 1, 1, 0, 2, 2, 1, 2, 0, 0, 0, 2, 2, 1, 0, 2, 0, 2, 2, 1, 0, 1, 1, 1, 0, 0, 1, 0, 2, 1, 2, 2, 0, 0, 1, 1, 0, 2, 0, 2, 1, 0, 0, 2, 0, 0, 2, 0, 1, 1, 0, 0, 2, 1, 1, 2, 2, 0, 2, 2, 2, 1, 2, 1, 1, 2, 0, 1, 1, 2, 1, 2, 0, 1, 1, 1, 1, 0, 0, 1, 0, 1, 1, 0, 0, 1, 1, 1, 2, 0, 1, 2]|[0, 3, 0, 3, 4, 1, 4, 4, 2, 4, 3, 2, 1, 0, 2, 1, 1, 1, 2, 1, 1, 3, 0, 1, 0, 1, 1, 4, 1, 4, 3, 2, 2, 0, 4, 1, 1, 4, 1, 1, 2, 1, 4, 4, 1, 1, 0, 1, 3, 2, 2, 1, 2, 1, 1, 2, 4, 3, 0, 2, 2, 3, 3, 1, 1, 2, 1, 1, 1, 4, 1, 3, 4, 1, 2, 4, 3, 1, 3, 1, 2, 4, 4, 4, 3, 2, 2, 3, 2, 4, 3, 2, 2, 4, 4, 4, 1, 2, 3, 1]|[0, 2, 0, 0, 3, 0, 1, 3, 0, 0, 2, 0, 1, 0, 1, 0, 0, 0, 1, 0, 0, 2, 0, 0, 1, 0, 0, 3, 0, 1, 0, 2, 0, 0, 3, 0, 1, 1, 0, 0, 0, 0, 1, 3, 0, 0, 1, 0, 2, 0, 0, 0, 0, 0, 1, 0, 1, 0, 1, 1, 0, 2, 0, 0, 0, 0, 0, 0, 0, 2, 0, 0, 1, 0, 0, 1, 0, 0, 3, 0, 0, 1, 2, 2, 0, 0, 0, 3, 0, 1, 0, 0, 0, 1, 3, 1, 0, 0, 0, 0],900.0760482104305,49104.85573898611,106612.48357517918,false
45,G3_TWC,G3_TWC,[42, 31, 22, 82, 15, 26, 58, 95, 77, 12, 47, 5, 93, 78, 98, 54, 85, 63, 18, 44, 20, 35, 43, 97, 91, 76, 10, 30, 21, 45, 71, 64, 1, 23, 17, 83, 24, 14, 60, 36, 6, 57, 94, 88, 65, 56, 79, 40, 67, 68, 46, 75, 38, 9, 19, 32, 81, 41, 27, 62, 87, 90, 99, 59, 11, 16, 72, 73, 70, 39, 37, 84, 3, 92, 25, 55, 28, 29, 51, 7, 33, 61, 86, 66, 89, 50, 48, 96, 53, 80, 4, 8, 34, 49, 52, 0, 13, 2, 69, 74]|[1, 1, 1, 0, 1, 1, 1, 2, 2, 1, 2, 2, 2, 1, 1, 0, 0, 1, 0, 2, 2, 0, 1, 2, 0, 1, 2, 2, 0, 0, 1, 2, 1, 2, 1, 0, 2, 0, 1, 1, 0, 1, 1, 1, 0, 2, 1, 1, 0, 0, 0, 0, 1, 1, 2, 1, 2, 0, 0, 0, 2, 1, 0, 1, 2, 1, 2, 1, 1, 1, 1, 1, 2, 0, 1, 1, 0, 0, 0, 1, 2, 1, 0, 2, 1, 0, 0, 0, 0, 0, 0, 1, 2, 0, 1, 0, 0, 0, 1, 2]|[2, 4, 3, 2, 2, 0, 0, 2, 2, 4, 1, 1, 2, 4, 4, 1, 1, 4, 2, 1, 1, 1, 1, 2, 1, 2, 1, 1, 1, 1, 3, 2, 3, 0, 4, 0, 1, 1, 0, 3, 2, 2, 4, 0, 1, 1, 0, 2, 0, 1, 2, 2, 1, 4, 0, 3, 2, 1, 1, 2, 1, 3, 1, 1, 1, 3, 0, 4, 3, 1, 4, 1, 1, 2, 4, 4, 2, 1, 1, 3, 1, 3, 1, 1, 1, 1, 1, 1, 2, 1, 2, 3, 1, 1, 1, 2, 2, 2, 3, 1]|[1, 0, 2, 1, 1, 3, 3, 0, 0, 0, 0, 0, 1, 0, 1, 0, 0, 3, 1, 0, 0, 0, 3, 1, 0, 2, 0, 0, 0, 1, 0, 0, 0, 0, 3, 0, 1, 0, 0, 2, 1, 1, 2, 0, 0, 0, 0, 1, 1, 0, 0, 0, 1, 3, 0, 0, 1, 0, 0, 1, 0, 2, 0, 1, 0, 2, 1, 0, 0, 1, 1, 3, 0, 1, 3, 3, 1, 0, 0, 2, 0, 0, 0, 0, 1, 0, 0, 0, 1, 0, 1, 2, 0, 1, 1, 0, 0, 0, 0, 0],790.0808266764368,58301.839560278044,88734.19036740763,false
45,G1_CMAX,G1_CMAX,[31, 22, 90, 26, 58, 95, 42, 12, 93, 5, 78, 86, 98, 18, 20, 35, 3, 97, 91, 76, 10, 85, 54, 45, 63, 71, 66, 1, 23, 17, 24, 60, 36, 6, 57, 15, 65, 56, 47, 79, 94, 67, 50, 46, 14, 75, 38, 9, 30, 19, 32, 81, 27, 92, 83, 87, 40, 99, 59, 11, 53, 16, 72, 77, 73, 70, 39, 37, 84, 43, 62, 25, 55, 28, 29, 51, 68, 82, 74, 61, 88, 21, 80, 89, 7, 69, 96, 41, 48, 4, 8, 34, 49, 52, 0, 44, 13, 2, 64, 33]|[1, 1, 1, 1, 0, 2, 1, 1, 2, 2, 2, 1, 0, 1, 2, 2, 1, 2, 0, 1, 2, 2, 2, 0, 0, 1, 2, 1, 2, 1, 2, 1, 1, 0, 1, 1, 0, 2, 2, 1, 1, 0, 0, 0, 0, 1, 1, 1, 1, 2, 1, 2, 2, 0, 0, 2, 1, 0, 0, 2, 0, 1, 2, 2, 1, 1, 1, 1, 1, 1, 0, 1, 1, 0, 0, 0, 0, 0, 2, 1, 1, 0, 0, 1, 1, 1, 2, 2, 0, 1, 1, 2, 0, 1, 0, 0, 0, 0, 2, 2]|[0, 4, 3, 0, 1, 1, 2, 4, 1, 1, 2, 4, 1, 4, 1, 1, 1, 2, 2, 2, 2, 1, 1, 1, 2, 3, 2, 3, 0, 4, 1, 0, 3, 2, 2, 2, 1, 1, 1, 0, 2, 0, 1, 2, 1, 3, 1, 4, 2, 0, 3, 2, 1, 2, 1, 1, 4, 1, 1, 1, 2, 3, 0, 2, 4, 3, 1, 4, 1, 1, 1, 4, 4, 2, 1, 1, 1, 2, 1, 3, 0, 1, 1, 1, 1, 3, 1, 1, 1, 4, 3, 1, 1, 1, 2, 2, 2, 2, 1, 1]|[3, 0, 2, 3, 0, 0, 1, 0, 0, 0, 1, 0, 0, 3, 0, 0, 1, 1, 1, 2, 1, 0, 0, 0, 0, 0, 0, 0, 0, 3, 1, 0, 2, 1, 1, 1, 0, 0, 0, 0, 1, 1, 0, 0, 0, 0, 1, 3, 2, 0, 0, 1, 0, 1, 0, 0, 2, 0, 0, 0, 1, 2, 1, 1, 0, 0, 1, 1, 3, 3, 0, 3, 3, 1, 0, 0, 0, 1, 0, 0, 0, 0, 0, 1, 2, 2, 0, 0, 0, 0, 2, 0, 1, 1, 0, 0, 0, 0, 0, 0],705.0470749739228,58445.79123614564,95781.2895945797,false
45,G4_BALANCED,G3_TWC,[31, 22, 82, 15, 26, 58, 95, 42, 77, 12, 47, 5, 93, 78, 98, 54, 85, 63, 18, 44, 20, 35, 43, 97, 91, 76, 10, 30, 21, 45, 71, 64, 1, 23, 17, 83, 24, 14, 60, 36, 6, 57, 94, 88, 65, 56, 79, 40, 67, 68, 46, 75, 39, 9, 19, 32, 81, 96, 27, 62, 87, 90, 99, 59, 11, 16, 72, 73, 70, 38, 37, 84, 3, 51, 25, 55, 28, 29, 92, 7, 33, 61, 86, 48, 89, 50, 69, 41, 53, 80, 4, 8, 34, 49, 52, 0, 13, 2, 66, 74]|[1, 1, 0, 1, 1, 1, 2, 1, 2, 1, 2, 2, 2, 1, 1, 0, 0, 1, 0, 2, 2, 0, 1, 2, 0, 1, 2, 2, 0, 0, 1, 2, 1, 2, 1, 0, 2, 0, 1, 1, 0, 1, 1, 1, 0, 2, 1, 1, 0, 0, 0, 0, 1, 1, 2, 1, 2, 0, 0, 0, 2, 1, 0, 1, 2, 1, 2, 1, 1, 1, 1, 1, 2, 0, 1, 1, 0, 0, 0, 1, 2, 1, 0, 0, 1, 0, 2, 0, 0, 0, 0, 1, 2, 0, 1, 0, 0, 0, 2, 2]|[4, 3, 2, 2, 0, 0, 2, 2, 2, 4, 1, 1, 2, 4, 4, 1, 1, 4, 2, 1, 1, 1, 1, 2, 1, 2, 1, 1, 1, 1, 3, 2, 3, 0, 4, 0, 1, 1, 0, 3, 2, 2, 4, 0, 1, 1, 0, 2, 0, 1, 2, 2, 1, 4, 0, 3, 2, 1, 1, 2, 1, 3, 1, 1, 1, 3, 0, 4, 3, 1, 4, 1, 1, 1, 4, 4, 2, 1, 2, 3, 1, 3, 1, 1, 1, 1, 1, 1, 2, 1, 2, 3, 1, 1, 1, 2, 2, 2, 1, 1]|[0, 2, 1, 1, 3, 3, 0, 1, 0, 0, 0, 0, 1, 0, 1, 0, 0, 3, 1, 0, 0, 0, 3, 1, 0, 2, 0, 0, 0, 1, 0, 0, 0, 0, 3, 0, 1, 0, 0, 2, 1, 1, 2, 0, 0, 0, 0, 1, 1, 0, 0, 0, 1, 3, 0, 0, 1, 0, 0, 1, 0, 2, 0, 1, 0, 2, 1, 0, 0, 1, 1, 3, 0, 0, 3, 3, 1, 0, 1, 2, 0, 0, 0, 0, 1, 0, 0, 0, 1, 0, 1, 2, 0, 1, 1, 0, 0, 0, 0, 0],790.9023961408301,57693.759236216254,89136.6701683821,true
45,G2_TEC,G2_TEC,[31, 22, 82, 15, 26, 9, 95, 42, 77, 68, 47, 5, 93, 78, 86, 54, 85, 63, 18, 44, 20, 49, 36, 14, 74, 50, 53, 17, 21, 28, 11, 64, 3, 23, 30, 83, 24, 41, 40, 52, 65, 27, 90, 70, 39, 87, 48, 69, 99, 4, 75, 1, 13, 58, 97, 59, 45, 8, 73, 37, 35, 79, 71, 66, 76, 32, 60, 80, 56, 6, 67, 61, 33, 7, 57, 34, 12, 16, 10, 98, 96, 88, 43, 81, 91, 2, 84, 29, 92, 19, 51, 55, 46, 89, 25, 72, 94, 38, 62, 0]|[2, 1, 2, 1, 1, 2, 1, 1, 1, 1, 1, 0, 2, 2, 1, 2, 0, 0, 0, 2, 2, 1, 0, 2, 0, 2, 2, 1, 0, 1, 1, 1, 0, 0, 1, 0, 2, 1, 2, 2, 0, 0, 1, 1, 0, 2, 0, 2, 1, 0, 0, 2, 0, 0, 2, 0, 1, 1, 0, 0, 2, 1, 1, 2, 2, 0, 2, 2, 2, 1, 2, 1, 1, 2, 0, 1, 1, 2, 1, 2, 0, 1, 1, 1, 1, 0, 0, 1, 0, 1, 1, 0, 0, 1, 1, 1, 2, 0, 1, 2]|[0, 3, 0, 3, 4, 1, 4, 4, 2, 4, 3, 2, 1, 0, 2, 1, 1, 1, 2, 1, 1, 3, 0, 1, 0, 1, 1, 4, 1, 4, 3, 2, 2, 0, 4, 1, 1, 4, 1, 1, 2, 1, 4, 4, 1, 1, 0, 1, 3, 2, 2, 1, 2, 1, 1, 2, 4, 3, 0, 2, 2, 3, 3, 1, 1, 2, 1, 1, 1, 4, 1, 3, 4, 1, 2, 4, 3, 1, 3, 1, 2, 4, 4, 4, 3, 2, 2, 3, 2, 4, 3, 2, 2, 4, 4, 4, 1, 2, 3, 1]|[0, 2, 0, 0, 3, 0, 1, 3, 0, 0, 2, 0, 1, 0, 1, 0, 0, 0, 1, 0, 0, 2, 0, 0, 1, 0, 0, 3, 0, 1, 0, 2, 0, 0, 3, 0, 1, 1, 0, 0, 0, 0, 1, 3, 0, 0, 1, 0, 2, 0, 0, 0, 0, 0, 1, 0, 1, 0, 1, 1, 0, 2, 0, 0, 0, 0, 0, 0, 0, 2, 0, 0, 1, 0, 0, 1, 0, 0, 3, 0, 0, 1, 2, 2, 0, 0, 0, 3, 0, 1, 0, 0, 0, 1, 3, 1, 0, 0, 0, 0],900.0760482104305,49104.85573898611,106612.48357517918,false
45,G3_TWC,G3_TWC,[42, 31, 22, 82, 15, 26, 58, 95, 77, 12, 47, 5, 93, 78, 98, 54, 85, 63, 18, 44, 20, 35, 43, 97, 91, 76, 10, 30, 21, 45, 71, 64, 1, 23, 17, 83, 24, 14, 60, 36, 6, 57, 94, 88, 65, 56, 79, 40, 67, 68, 46, 75, 38, 9, 19, 32, 81, 41, 27, 62, 87, 90, 99, 59, 11, 16, 72, 73, 70, 39, 37, 84, 3, 92, 25, 55, 28, 29, 51, 7, 33, 61, 86, 66, 89, 50, 48, 96, 53, 80, 4, 8, 34, 49, 52, 0, 13, 2, 69, 74]|[1, 1, 1, 0, 1, 1, 1, 2, 2, 1, 2, 2, 2, 1, 1, 0, 0, 1, 0, 2, 2, 0, 1, 2, 0, 1, 2, 2, 0, 0, 1, 2, 1, 2, 1, 0, 2, 0, 1, 1, 0, 1, 1, 1, 0, 2, 1, 1, 0, 0, 0, 0, 1, 1, 2, 1, 2, 0, 0, 0, 2, 1, 0, 1, 2, 1, 2, 1, 1, 1, 1, 1, 2, 0, 1, 1, 0, 0, 0, 1, 2, 1, 0, 2, 1, 0, 0, 0, 0, 0, 0, 1, 2, 0, 1, 0, 0, 0, 1, 2]|[2, 4, 3, 2, 2, 0, 0, 2, 2, 4, 1, 1, 2, 4, 4, 1, 1, 4, 2, 1, 1, 1, 1, 2, 1, 2, 1, 1, 1, 1, 3, 2, 3, 0, 4, 0, 1, 1, 0, 3, 2, 2, 4, 0, 1, 1, 0, 2, 0, 1, 2, 2, 1, 4, 0, 3, 2, 1, 1, 2, 1, 3, 1, 1, 1, 3, 0, 4, 3, 1, 4, 1, 1, 2, 4, 4, 2, 1, 1, 3, 1, 3, 1, 1, 1, 1, 1, 1, 2, 1, 2, 3, 1, 1, 1, 2, 2, 2, 3, 1]|[1, 0, 2, 1, 1, 3, 3, 0, 0, 0, 0, 0, 1, 0, 1, 0, 0, 3, 1, 0, 0, 0, 3, 1, 0, 2, 0, 0, 0, 1, 0, 0, 0, 0, 3, 0, 1, 0, 0, 2, 1, 1, 2, 0, 0, 0, 0, 1, 1, 0, 0, 0, 1, 3, 0, 0, 1, 0, 0, 1, 0, 2, 0, 1, 0, 2, 1, 0, 0, 1, 1, 3, 0, 1, 3, 3, 1, 0, 0, 2, 0, 0, 0, 0, 1, 0, 0, 0, 1, 0, 1, 2, 0, 1, 1, 0, 0, 0, 0, 0],790.0808266764368,58301.839560278044,88734.19036740763,false
45,G1_CMAX,G1_CMAX,[31, 22, 90, 26, 58, 95, 42, 12, 93, 5, 78, 86, 98, 18, 20, 35, 3, 97, 91, 76, 10, 85, 54, 45, 63, 71, 66, 1, 23, 17, 24, 60, 36, 6, 57, 15, 65, 56, 47, 79, 94, 67, 50, 46, 14, 75, 38, 9, 30, 19, 32, 81, 27, 92, 83, 87, 40, 99, 59, 11, 53, 16, 72, 77, 73, 70, 39, 37, 84, 43, 62, 25, 55, 28, 29, 51, 68, 82, 74, 61, 88, 21, 80, 89, 7, 69, 96, 41, 48, 4, 8, 34, 49, 52, 0, 44, 13, 2, 64, 33]|[1, 1, 1, 1, 0, 2, 1, 1, 2, 2, 2, 1, 0, 1, 2, 2, 1, 2, 0, 1, 2, 2, 2, 0, 0, 1, 2, 1, 2, 1, 2, 1, 1, 0, 1, 1, 0, 2, 2, 1, 1, 0, 0, 0, 0, 1, 1, 1, 1, 2, 1, 2, 2, 0, 0, 2, 1, 0, 0, 2, 0, 1, 2, 2, 1, 1, 1, 1, 1, 1, 0, 1, 1, 0, 0, 0, 0, 0, 2, 1, 1, 0, 0, 1, 1, 1, 2, 2, 0, 1, 1, 2, 0, 1, 0, 0, 0, 0, 2, 2]|[0, 4, 3, 0, 1, 1, 2, 4, 1, 1, 2, 4, 1, 4, 1, 1, 1, 2, 2, 2, 2, 1, 1, 1, 2, 3, 2, 3, 0, 4, 1, 0, 3, 2, 2, 2, 1, 1, 1, 0, 2, 0, 1, 2, 1, 3, 1, 4, 2, 0, 3, 2, 1, 2, 1, 1, 4, 1, 1, 1, 2, 3, 0, 2, 4, 3, 1, 4, 1, 1, 1, 4, 4, 2, 1, 1, 1, 2, 1, 3, 0, 1, 1, 1, 1, 3, 1, 1, 1, 4, 3, 1, 1, 1, 2, 2, 2, 2, 1, 1]|[3, 0, 2, 3, 0, 0, 1, 0, 0, 0, 1, 0, 0, 3, 0, 0, 1, 1, 1, 2, 1, 0, 0, 0, 0, 0, 0, 0, 0, 3, 1, 0, 2, 1, 1, 1, 0, 0, 0, 0, 1, 1, 0, 0, 0, 0, 1, 3, 2, 0, 0, 1, 0, 1, 0, 0, 2, 0, 0, 0, 1, 2, 1, 1, 0, 0, 1, 1, 3, 3, 0, 3, 3, 1, 0, 0, 0, 1, 0, 0, 0, 0, 0, 1, 2, 2, 0, 0, 0, 0, 2, 0, 1, 1, 0, 0, 0, 0, 0, 0],705.0470749739228,58445.79123614564,95781.2895945797,false
45,G4_BALANCED,G3_TWC,[31, 22, 82, 15, 26, 58, 95, 42, 77, 12, 47, 5, 93, 78, 98, 54, 85, 63, 18, 44, 20, 35, 43, 97, 91, 76, 10, 30, 21, 45, 71, 64, 1, 23, 17, 83, 24, 14, 60, 36, 6, 57, 94, 88, 65, 56, 79, 40, 67, 68, 46, 75, 39, 9, 19, 32, 81, 96, 27, 62, 87, 90, 99, 59, 11, 16, 72, 73, 70, 38, 37, 84, 3, 51, 25, 55, 28, 29, 92, 7, 33, 61, 86, 48, 89, 50, 69, 41, 53, 80, 4, 8, 34, 49, 52, 0, 13, 2, 66, 74]|[1, 1, 0, 1, 1, 1, 2, 1, 2, 1, 2, 2, 2, 1, 1, 0, 0, 1, 0, 2, 2, 0, 1, 2, 0, 1, 2, 2, 0, 0, 1, 2, 1, 2, 1, 0, 2, 0, 1, 1, 0, 1, 1, 1, 0, 2, 1, 1, 0, 0, 0, 0, 1, 1, 2, 1, 2, 0, 0, 0, 2, 1, 0, 1, 2, 1, 2, 1, 1, 1, 1, 1, 2, 0, 1, 1, 0, 0, 0, 1, 2, 1, 0, 0, 1, 0, 2, 0, 0, 0, 0, 1, 2, 0, 1, 0, 0, 0, 2, 2]|[4, 3, 2, 2, 0, 0, 2, 2, 2, 4, 1, 1, 2, 4, 4, 1, 1, 4, 2, 1, 1, 1, 1, 2, 1, 2, 1, 1, 1, 1, 3, 2, 3, 0, 4, 0, 1, 1, 0, 3, 2, 2, 4, 0, 1, 1, 0, 2, 0, 1, 2, 2, 1, 4, 0, 3, 2, 1, 1, 2, 1, 3, 1, 1, 1, 3, 0, 4, 3, 1, 4, 1, 1, 1, 4, 4, 2, 1, 2, 3, 1, 3, 1, 1, 1, 1, 1, 1, 2, 1, 2, 3, 1, 1, 1, 2, 2, 2, 1, 1]|[0, 2, 1, 1, 3, 3, 0, 1, 0, 0, 0, 0, 1, 0, 1, 0, 0, 3, 1, 0, 0, 0, 3, 1, 0, 2, 0, 0, 0, 1, 0, 0, 0, 0, 3, 0, 1, 0, 0, 2, 1, 1, 2, 0, 0, 0, 0, 1, 1, 0, 0, 0, 1, 3, 0, 0, 1, 0, 0, 1, 0, 2, 0, 1, 0, 2, 1, 0, 0, 1, 1, 3, 0, 0, 3, 3, 1, 0, 1, 2, 0, 0, 0, 0, 1, 0, 0, 0, 1, 0, 1, 2, 0, 1, 1, 0, 0, 0, 0, 0],790.9023961408301,57693.759236216254,89136.6701683821,true
45,G2_TEC,G2_TEC,[31, 22, 82, 15, 26, 9, 95, 42, 77, 68, 47, 5, 93, 78, 86, 54, 85, 63, 18, 44, 20, 49, 36, 14, 74, 50, 53, 17, 21, 28, 11, 64, 3, 23, 30, 83, 24, 41, 40, 52, 65, 27, 90, 70, 39, 87, 48, 69, 99, 4, 75, 1, 13, 58, 97, 59, 45, 8, 73, 37, 35, 79, 71, 66, 76, 32, 60, 80, 56, 6, 67, 61, 33, 7, 57, 34, 12, 16, 10, 98, 96, 88, 43, 81, 91, 2, 84, 29, 92, 19, 51, 55, 46, 89, 25, 72, 94, 38, 62, 0]|[2, 1, 2, 1, 1, 2, 1, 1, 1, 1, 1, 0, 2, 2, 1, 2, 0, 0, 0, 2, 2, 1, 0, 2, 0, 2, 2, 1, 0, 1, 1, 1, 0, 0, 1, 0, 2, 1, 2, 2, 0, 0, 1, 1, 0, 2, 0, 2, 1, 0, 0, 2, 0, 0, 2, 0, 1, 1, 0, 0, 2, 1, 1, 2, 2, 0, 2, 2, 2, 1, 2, 1, 1, 2, 0, 1, 1, 2, 1, 2, 0, 1, 1, 1, 1, 0, 0, 1, 0, 1, 1, 0, 0, 1, 1, 1, 2, 0, 1, 2]|[0, 3, 0, 3, 4, 1, 4, 4, 2, 4, 3, 2, 1, 0, 2, 1, 1, 1, 2, 1, 1, 3, 0, 1, 0, 1, 1, 4, 1, 4, 3, 2, 2, 0, 4, 1, 1, 4, 1, 1, 2, 1, 4, 4, 1, 1, 0, 1, 3, 2, 2, 1, 2, 1, 1, 2, 4, 3, 0, 2, 2, 3, 3, 1, 1, 2, 1, 1, 1, 4, 1, 3, 4, 1, 2, 4, 3, 1, 3, 1, 2, 4, 4, 4, 3, 2, 2, 3, 2, 4, 3, 2, 2, 4, 4, 4, 1, 2, 3, 1]|[0, 2, 0, 0, 3, 0, 1, 3, 0, 0, 2, 0, 1, 0, 1, 0, 0, 0, 1, 0, 0, 2, 0, 0, 1, 0, 0, 3, 0, 1, 0, 2, 0, 0, 3, 0, 1, 1, 0, 0, 0, 0, 1, 3, 0, 0, 1, 0, 2, 0, 0, 0, 0, 0, 1, 0, 1, 0, 1, 1, 0, 2, 0, 0, 0, 0, 0, 0, 0, 2, 0, 0, 1, 0, 0, 1, 0, 0, 3, 0, 0, 1, 2, 2, 0, 0, 0, 3, 0, 1, 0, 0, 0, 1, 3, 1, 0, 0, 0, 0],900.0760482104305,49104.85573898611,106612.48357517918,false
45,G3_TWC,G3_TWC,[42, 31, 22, 82, 15, 26, 58, 95, 77, 12, 47, 5, 93, 78, 98, 54, 85, 63, 18, 44, 20, 35, 43, 97, 91, 76, 10, 30, 21, 45, 71, 64, 1, 23, 17, 83, 24, 14, 60, 36, 6, 57, 94, 88, 65, 56, 79, 40, 67, 68, 46, 75, 38, 9, 19, 32, 81, 41, 27, 62, 87, 90, 99, 59, 11, 16, 72, 73, 70, 39, 37, 84, 3, 92, 25, 55, 28, 29, 51, 7, 33, 61, 86, 66, 89, 50, 48, 96, 53, 80, 4, 8, 34, 49, 52, 0, 13, 2, 69, 74]|[1, 1, 1, 0, 1, 1, 1, 2, 2, 1, 2, 2, 2, 1, 1, 0, 0, 1, 0, 2, 2, 0, 1, 2, 0, 1, 2, 2, 0, 0, 1, 2, 1, 2, 1, 0, 2, 0, 1, 1, 0, 1, 1, 1, 0, 2, 1, 1, 0, 0, 0, 0, 1, 1, 2, 1, 2, 0, 0, 0, 2, 1, 0, 1, 2, 1, 2, 1, 1, 1, 1, 1, 2, 0, 1, 1, 0, 0, 0, 1, 2, 1, 0, 2, 1, 0, 0, 0, 0, 0, 0, 1, 2, 0, 1, 0, 0, 0, 1, 2]|[2, 4, 3, 2, 2, 0, 0, 2, 2, 4, 1, 1, 2, 4, 4, 1, 1, 4, 2, 1, 1, 1, 1, 2, 1, 2, 1, 1, 1, 1, 3, 2, 3, 0, 4, 0, 1, 1, 0, 3, 2, 2, 4, 0, 1, 1, 0, 2, 0, 1, 2, 2, 1, 4, 0, 3, 2, 1, 1, 2, 1, 3, 1, 1, 1, 3, 0, 4, 3, 1, 4, 1, 1, 2, 4, 4, 2, 1, 1, 3, 1, 3, 1, 1, 1, 1, 1, 1, 2, 1, 2, 3, 1, 1, 1, 2, 2, 2, 3, 1]|[1, 0, 2, 1, 1, 3, 3, 0, 0, 0, 0, 0, 1, 0, 1, 0, 0, 3, 1, 0, 0, 0, 3, 1, 0, 2, 0, 0, 0, 1, 0, 0, 0, 0, 3, 0, 1, 0, 0, 2, 1, 1, 2, 0, 0, 0, 0, 1, 1, 0, 0, 0, 1, 3, 0, 0, 1, 0, 0, 1, 0, 2, 0, 1, 0, 2, 1, 0, 0, 1, 1, 3, 0, 1, 3, 3, 1, 0, 0, 2, 0, 0, 0, 0, 1, 0, 0, 0, 1, 0, 1, 2, 0, 1, 1, 0, 0, 0, 0, 0],790.0808266764368,58301.839560278044,88734.19036740763,false
45,G1_CMAX,G1_CMAX,[31, 22, 90, 26, 58, 95, 42, 12, 93, 5, 78, 86, 98, 18, 20, 35, 3, 97, 91, 76, 10, 85, 54, 45, 63, 71, 66, 1, 23, 17, 24, 60, 36, 6, 57, 15, 65, 56, 47, 79, 94, 67, 50, 46, 14, 75, 38, 9, 30, 19, 32, 81, 27, 92, 83, 87, 40, 99, 59, 11, 53, 16, 72, 77, 73, 70, 39, 37, 84, 43, 62, 25, 55, 28, 29, 51, 68, 82, 74, 61, 88, 21, 80, 89, 7, 69, 96, 41, 48, 4, 8, 34, 49, 52, 0, 44, 13, 2, 64, 33]|[1, 1, 1, 1, 0, 2, 1, 1, 2, 2, 2, 1, 0, 1, 2, 2, 1, 2, 0, 1, 2, 2, 2, 0, 0, 1, 2, 1, 2, 1, 2, 1, 1, 0, 1, 1, 0, 2, 2, 1, 1, 0, 0, 0, 0, 1, 1, 1, 1, 2, 1, 2, 2, 0, 0, 2, 1, 0, 0, 2, 0, 1, 2, 2, 1, 1, 1, 1, 1, 1, 0, 1, 1, 0, 0, 0, 0, 0, 2, 1, 1, 0, 0, 1, 1, 1, 2, 2, 0, 1, 1, 2, 0, 1, 0, 0, 0, 0, 2, 2]|[0, 4, 3, 0, 1, 1, 2, 4, 1, 1, 2, 4, 1, 4, 1, 1, 1, 2, 2, 2, 2, 1, 1, 1, 2, 3, 2, 3, 0, 4, 1, 0, 3, 2, 2, 2, 1, 1, 1, 0, 2, 0, 1, 2, 1, 3, 1, 4, 2, 0, 3, 2, 1, 2, 1, 1, 4, 1, 1, 1, 2, 3, 0, 2, 4, 3, 1, 4, 1, 1, 1, 4, 4, 2, 1, 1, 1, 2, 1, 3, 0, 1, 1, 1, 1, 3, 1, 1, 1, 4, 3, 1, 1, 1, 2, 2, 2, 2, 1, 1]|[3, 0, 2, 3, 0, 0, 1, 0, 0, 0, 1, 0, 0, 3, 0, 0, 1, 1, 1, 2, 1, 0, 0, 0, 0, 0, 0, 0, 0, 3, 1, 0, 2, 1, 1, 1, 0, 0, 0, 0, 1, 1, 0, 0, 0, 0, 1, 3, 2, 0, 0, 1, 0, 1, 0, 0, 2, 0, 0, 0, 1, 2, 1, 1, 0, 0, 1, 1, 3, 3, 0, 3, 3, 1, 0, 0, 0, 1, 0, 0, 0, 0, 0, 1, 2, 2, 0, 0, 0, 0, 2, 0, 1, 1, 0, 0, 0, 0, 0, 0],705.0470749739228,58445.79123614564,95781.2895945797,false
45,G4_BALANCED,G3_TWC,[31, 22, 82, 15, 26, 58, 95, 42, 77, 12, 47, 5, 93, 78, 98, 54, 85, 63, 18, 44, 20, 35, 43, 97, 91, 76, 10, 30, 21, 45, 71, 64, 1, 23, 17, 83, 24, 14, 60, 36, 6, 57, 94, 88, 65, 56, 79, 40, 67, 68, 46, 75, 39, 9, 19, 32, 81, 96, 27, 62, 87, 90, 99, 59, 11, 16, 72, 73, 70, 38, 37, 84, 3, 51, 25, 55, 28, 29, 92, 7, 33, 61, 86, 48, 89, 50, 69, 41, 53, 80, 4, 8, 34, 49, 52, 0, 13, 2, 66, 74]|[1, 1, 0, 1, 1, 1, 2, 1, 2, 1, 2, 2, 2, 1, 1, 0, 0, 1, 0, 2, 2, 0, 1, 2, 0, 1, 2, 2, 0, 0, 1, 2, 1, 2, 1, 0, 2, 0, 1, 1, 0, 1, 1, 1, 0, 2, 1, 1, 0, 0, 0, 0, 1, 1, 2, 1, 2, 0, 0, 0, 2, 1, 0, 1, 2, 1, 2, 1, 1, 1, 1, 1, 2, 0, 1, 1, 0, 0, 0, 1, 2, 1, 0, 0, 1, 0, 2, 0, 0, 0, 0, 1, 2, 0, 1, 0, 0, 0, 2, 2]|[4, 3, 2, 2, 0, 0, 2, 2, 2, 4, 1, 1, 2, 4, 4, 1, 1, 4, 2, 1, 1, 1, 1, 2, 1, 2, 1, 1, 1, 1, 3, 2, 3, 0, 4, 0, 1, 1, 0, 3, 2, 2, 4, 0, 1, 1, 0, 2, 0, 1, 2, 2, 1, 4, 0, 3, 2, 1, 1, 2, 1, 3, 1, 1, 1, 3, 0, 4, 3, 1, 4, 1, 1, 1, 4, 4, 2, 1, 2, 3, 1, 3, 1, 1, 1, 1, 1, 1, 2, 1, 2, 3, 1, 1, 1, 2, 2, 2, 1, 1]|[0, 2, 1, 1, 3, 3, 0, 1, 0, 0, 0, 0, 1, 0, 1, 0, 0, 3, 1, 0, 0, 0, 3, 1, 0, 2, 0, 0, 0, 1, 0, 0, 0, 0, 3, 0, 1, 0, 0, 2, 1, 1, 2, 0, 0, 0, 0, 1, 1, 0, 0, 0, 1, 3, 0, 0, 1, 0, 0, 1, 0, 2, 0, 1, 0, 2, 1, 0, 0, 1, 1, 3, 0, 0, 3, 3, 1, 0, 1, 2, 0, 0, 0, 0, 1, 0, 0, 0, 1, 0, 1, 2, 0, 1, 1, 0, 0, 0, 0, 0],790.9023961408301,57693.759236216254,89136.6701683821,true
45,G2_TEC,G2_TEC,[31, 22, 82, 15, 26, 9, 95, 42, 77, 68, 47, 5, 93, 78, 86, 54, 85, 63, 18, 44, 20, 49, 36, 14, 74, 50, 53, 17, 21, 28, 11, 64, 3, 23, 30, 83, 24, 41, 40, 52, 65, 27, 90, 70, 39, 87, 48, 69, 99, 4, 75, 1, 13, 58, 97, 59, 45, 8, 73, 37, 35, 79, 71, 66, 76, 32, 60, 80, 56, 6, 67, 61, 33, 7, 57, 34, 12, 16, 10, 98, 96, 88, 43, 81, 91, 2, 84, 29, 92, 19, 51, 55, 46, 89, 25, 72, 94, 38, 62, 0]|[2, 1, 2, 1, 1, 2, 1, 1, 1, 1, 1, 0, 2, 2, 1, 2, 0, 0, 0, 2, 2, 1, 0, 2, 0, 2, 2, 1, 0, 1, 1, 1, 0, 0, 1, 0, 2, 1, 2, 2, 0, 0, 1, 1, 0, 2, 0, 2, 1, 0, 0, 2, 0, 0, 2, 0, 1, 1, 0, 0, 2, 1, 1, 2, 2, 0, 2, 2, 2, 1, 2, 1, 1, 2, 0, 1, 1, 2, 1, 2, 0, 1, 1, 1, 1, 0, 0, 1, 0, 1, 1, 0, 0, 1, 1, 1, 2, 0, 1, 2]|[0, 3, 0, 3, 4, 1, 4, 4, 2, 4, 3, 2, 1, 0, 2, 1, 1, 1, 2, 1, 1, 3, 0, 1, 0, 1, 1, 4, 1, 4, 3, 2, 2, 0, 4, 1, 1, 4, 1, 1, 2, 1, 4, 4, 1, 1, 0, 1, 3, 2, 2, 1, 2, 1, 1, 2, 4, 3, 0, 2, 2, 3, 3, 1, 1, 2, 1, 1, 1, 4, 1, 3, 4, 1, 2, 4, 3, 1, 3, 1, 2, 4, 4, 4, 3, 2, 2, 3, 2, 4, 3, 2, 2, 4, 4, 4, 1, 2, 3, 1]|[0, 2, 0, 0, 3, 0, 1, 3, 0, 0, 2, 0, 1, 0, 1, 0, 0, 0, 1, 0, 0, 2, 0, 0, 1, 0, 0, 3, 0, 1, 0, 2, 0, 0, 3, 0, 1, 1, 0, 0, 0, 0, 1, 3, 0, 0, 1, 0, 2, 0, 0, 0, 0, 0, 1, 0, 1, 0, 1, 1, 0, 2, 0, 0, 0, 0, 0, 0, 0, 2, 0, 0, 1, 0, 0, 1, 0, 0, 3, 0, 0, 1, 2, 2, 0, 0, 0, 3, 0, 1, 0, 0, 0, 1, 3, 1, 0, 0, 0, 0],900.0760482104305,49104.85573898611,106612.48357517918,false
45,G3_TWC,G3_TWC,[42, 31, 22, 82, 15, 26, 58, 95, 77, 12, 47, 5, 93, 78, 98, 54, 85, 63, 18, 44, 20, 35, 43, 97, 91, 76, 10, 30, 21, 45, 71, 64, 1, 23, 17, 83, 24, 14, 60, 36, 6, 57, 94, 88, 65, 56, 79, 40, 67, 68, 46, 75, 38, 9, 19, 32, 81, 41, 27, 62, 87, 90, 99, 59, 11, 16, 72, 73, 70, 39, 37, 84, 3, 92, 25, 55, 28, 29, 51, 7, 33, 61, 86, 66, 89, 50, 48, 96, 53, 80, 4, 8, 34, 49, 52, 0, 13, 2, 69, 74]|[1, 1, 1, 0, 1, 1, 1, 2, 2, 1, 2, 2, 2, 1, 1, 0, 0, 1, 0, 2, 2, 0, 1, 2, 0, 1, 2, 2, 0, 0, 1, 2, 1, 2, 1, 0, 2, 0, 1, 1, 0, 1, 1, 1, 0, 2, 1, 1, 0, 0, 0, 0, 1, 1, 2, 1, 2, 0, 0, 0, 2, 1, 0, 1, 2, 1, 2, 1, 1, 1, 1, 1, 2, 0, 1, 1, 0, 0, 0, 1, 2, 1, 0, 2, 1, 0, 0, 0, 0, 0, 0, 1, 2, 0, 1, 0, 0, 0, 1, 2]|[2, 4, 3, 2, 2, 0, 0, 2, 2, 4, 1, 1, 2, 4, 4, 1, 1, 4, 2, 1, 1, 1, 1, 2, 1, 2, 1, 1, 1, 1, 3, 2, 3, 0, 4, 0, 1, 1, 0, 3, 2, 2, 4, 0, 1, 1, 0, 2, 0, 1, 2, 2, 1, 4, 0, 3, 2, 1, 1, 2, 1, 3, 1, 1, 1, 3, 0, 4, 3, 1, 4, 1, 1, 2, 4, 4, 2, 1, 1, 3, 1, 3, 1, 1, 1, 1, 1, 1, 2, 1, 2, 3, 1, 1, 1, 2, 2, 2, 3, 1]|[1, 0, 2, 1, 1, 3, 3, 0, 0, 0, 0, 0, 1, 0, 1, 0, 0, 3, 1, 0, 0, 0, 3, 1, 0, 2, 0, 0, 0, 1, 0, 0, 0, 0, 3, 0, 1, 0, 0, 2, 1, 1, 2, 0, 0, 0, 0, 1, 1, 0, 0, 0, 1, 3, 0, 0, 1, 0, 0, 1, 0, 2, 0, 1, 0, 2, 1, 0, 0, 1, 1, 3, 0, 1, 3, 3, 1, 0, 0, 2, 0, 0, 0, 0, 1, 0, 0, 0, 1, 0, 1, 2, 0, 1, 1, 0, 0, 0, 0, 0],790.0808266764368,58301.839560278044,88734.19036740763,false
45,G1_CMAX,G1_CMAX,[31, 22, 90, 26, 58, 95, 42, 12, 93, 5, 78, 86, 98, 18, 20, 35, 3, 97, 91, 76, 10, 85, 54, 45, 63, 71, 66, 1, 23, 17, 24, 60, 36, 6, 57, 15, 65, 56, 47, 79, 94, 67, 50, 46, 14, 75, 38, 9, 30, 19, 32, 81, 27, 92, 83, 87, 40, 99, 59, 11, 53, 16, 72, 77, 73, 70, 39, 37, 84, 43, 62, 25, 55, 28, 29, 51, 68, 82, 74, 61, 88, 21, 80, 89, 7, 69, 96, 41, 48, 4, 8, 34, 49, 52, 0, 44, 13, 2, 64, 33]|[1, 1, 1, 1, 0, 2, 1, 1, 2, 2, 2, 1, 0, 1, 2, 2, 1, 2, 0, 1, 2, 2, 2, 0, 0, 1, 2, 1, 2, 1, 2, 1, 1, 0, 1, 1, 0, 2, 2, 1, 1, 0, 0, 0, 0, 1, 1, 1, 1, 2, 1, 2, 2, 0, 0, 2, 1, 0, 0, 2, 0, 1, 2, 2, 1, 1, 1, 1, 1, 1, 0, 1, 1, 0, 0, 0, 0, 0, 2, 1, 1, 0, 0, 1, 1, 1, 2, 2, 0, 1, 1, 2, 0, 1, 0, 0, 0, 0, 2, 2]|[0, 4, 3, 0, 1, 1, 2, 4, 1, 1, 2, 4, 1, 4, 1, 1, 1, 2, 2, 2, 2, 1, 1, 1, 2, 3, 2, 3, 0, 4, 1, 0, 3, 2, 2, 2, 1, 1, 1, 0, 2, 0, 1, 2, 1, 3, 1, 4, 2, 0, 3, 2, 1, 2, 1, 1, 4, 1, 1, 1, 2, 3, 0, 2, 4, 3, 1, 4, 1, 1, 1, 4, 4, 2, 1, 1, 1, 2, 1, 3, 0, 1, 1, 1, 1, 3, 1, 1, 1, 4, 3, 1, 1, 1, 2, 2, 2, 2, 1, 1]|[3, 0, 2, 3, 0, 0, 1, 0, 0, 0, 1, 0, 0, 3, 0, 0, 1, 1, 1, 2, 1, 0, 0, 0, 0, 0, 0, 0, 0, 3, 1, 0, 2, 1, 1, 1, 0, 0, 0, 0, 1, 1, 0, 0, 0, 0, 1, 3, 2, 0, 0, 1, 0, 1, 0, 0, 2, 0, 0, 0, 1, 2, 1, 1, 0, 0, 1, 1, 3, 3, 0, 3, 3, 1, 0, 0, 0, 1, 0, 0, 0, 0, 0, 1, 2, 2, 0, 0, 0, 0, 2, 0, 1, 1, 0, 0, 0, 0, 0, 0],705.0470749739228,58445.79123614564,95781.2895945797,false
45,G4_BALANCED,G3_TWC,[31, 22, 82, 15, 26, 58, 95, 42, 77, 12, 47, 5, 93, 78, 98, 54, 85, 63, 18, 44, 20, 35, 43, 97, 91, 76, 10, 30, 21, 45, 71, 64, 1, 23, 17, 83, 24, 14, 60, 36, 6, 57, 94, 88, 65, 56, 79, 40, 67, 68, 46, 75, 39, 9, 19, 32, 81, 96, 27, 62, 87, 90, 99, 59, 11, 16, 72, 73, 70, 38, 37, 84, 3, 51, 25, 55, 28, 29, 92, 7, 33, 61, 86, 48, 89, 50, 69, 41, 53, 80, 4, 8, 34, 49, 52, 0, 13, 2, 66, 74]|[1, 1, 0, 1, 1, 1, 2, 1, 2, 1, 2, 2, 2, 1, 1, 0, 0, 1, 0, 2, 2, 0, 1, 2, 0, 1, 2, 2, 0, 0, 1, 2, 1, 2, 1, 0, 2, 0, 1, 1, 0, 1, 1, 1, 0, 2, 1, 1, 0, 0, 0, 0, 1, 1, 2, 1, 2, 0, 0, 0, 2, 1, 0, 1, 2, 1, 2, 1, 1, 1, 1, 1, 2, 0, 1, 1, 0, 0, 0, 1, 2, 1, 0, 0, 1, 0, 2, 0, 0, 0, 0, 1, 2, 0, 1, 0, 0, 0, 2, 2]|[4, 3, 2, 2, 0, 0, 2, 2, 2, 4, 1, 1, 2, 4, 4, 1, 1, 4, 2, 1, 1, 1, 1, 2, 1, 2, 1, 1, 1, 1, 3, 2, 3, 0, 4, 0, 1, 1, 0, 3, 2, 2, 4, 0, 1, 1, 0, 2, 0, 1, 2, 2, 1, 4, 0, 3, 2, 1, 1, 2, 1, 3, 1, 1, 1, 3, 0, 4, 3, 1, 4, 1, 1, 1, 4, 4, 2, 1, 2, 3, 1, 3, 1, 1, 1, 1, 1, 1, 2, 1, 2, 3, 1, 1, 1, 2, 2, 2, 1, 1]|[0, 2, 1, 1, 3, 3, 0, 1, 0, 0, 0, 0, 1, 0, 1, 0, 0, 3, 1, 0, 0, 0, 3, 1, 0, 2, 0, 0, 0, 1, 0, 0, 0, 0, 3, 0, 1, 0, 0, 2, 1, 1, 2, 0, 0, 0, 0, 1, 1, 0, 0, 0, 1, 3, 0, 0, 1, 0, 0, 1, 0, 2, 0, 1, 0, 2, 1, 0, 0, 1, 1, 3, 0, 0, 3, 3, 1, 0, 1, 2, 0, 0, 0, 0, 1, 0, 0, 0, 1, 0, 1, 2, 0, 1, 1, 0, 0, 0, 0, 0],790.9023961408301,57693.759236216254,89136.6701683821,true
45,G2_TEC,G2_TEC,[31, 22, 82, 15, 26, 9, 95, 42, 77, 68, 47, 5, 93, 78, 86, 54, 85, 63, 18, 44, 20, 49, 36, 14, 74, 50, 53, 17, 21, 28, 11, 64, 3, 23, 30, 83, 24, 41, 40, 52, 65, 27, 90, 70, 39, 87, 48, 69, 99, 4, 75, 1, 13, 58, 97, 59, 45, 8, 73, 37, 35, 79, 71, 66, 76, 32, 60, 80, 56, 6, 67, 61, 33, 7, 57, 34, 12, 16, 10, 98, 96, 88, 43, 81, 91, 2, 84, 29, 92, 19, 51, 55, 46, 89, 25, 72, 94, 38, 62, 0]|[2, 1, 2, 1, 1, 2, 1, 1, 1, 1, 1, 0, 2, 2, 1, 2, 0, 0, 0, 2, 2, 1, 0, 2, 0, 2, 2, 1, 0, 1, 1, 1, 0, 0, 1, 0, 2, 1, 2, 2, 0, 0, 1, 1, 0, 2, 0, 2, 1, 0, 0, 2, 0, 0, 2, 0, 1, 1, 0, 0, 2, 1, 1, 2, 2, 0, 2, 2, 2, 1, 2, 1, 1, 2, 0, 1, 1, 2, 1, 2, 0, 1, 1, 1, 1, 0, 0, 1, 0, 1, 1, 0, 0, 1, 1, 1, 2, 0, 1, 2]|[0, 3, 0, 3, 4, 1, 4, 4, 2, 4, 3, 2, 1, 0, 2, 1, 1, 1, 2, 1, 1, 3, 0, 1, 0, 1, 1, 4, 1, 4, 3, 2, 2, 0, 4, 1, 1, 4, 1, 1, 2, 1, 4, 4, 1, 1, 0, 1, 3, 2, 2, 1, 2, 1, 1, 2, 4, 3, 0, 2, 2, 3, 3, 1, 1, 2, 1, 1, 1, 4, 1, 3, 4, 1, 2, 4, 3, 1, 3, 1, 2, 4, 4, 4, 3, 2, 2, 3, 2, 4, 3, 2, 2, 4, 4, 4, 1, 2, 3, 1]|[0, 2, 0, 0, 3, 0, 1, 3, 0, 0, 2, 0, 1, 0, 1, 0, 0, 0, 1, 0, 0, 2, 0, 0, 1, 0, 0, 3, 0, 1, 0, 2, 0, 0, 3, 0, 1, 1, 0, 0, 0, 0, 1, 3, 0, 0, 1, 0, 2, 0, 0, 0, 0, 0, 1, 0, 1, 0, 1, 1, 0, 2, 0, 0, 0, 0, 0, 0, 0, 2, 0, 0, 1, 0, 0, 1, 0, 0, 3, 0, 0, 1, 2, 2, 0, 0, 0, 3, 0, 1, 0, 0, 0, 1, 3, 1, 0, 0, 0, 0],900.0760482104305,49104.85573898611,106612.48357517918,false
45,G3_TWC,G3_TWC,[42, 31, 22, 82, 15, 26, 58, 95, 77, 12, 47, 5, 93, 78, 98, 54, 85, 63, 18, 44, 20, 35, 43, 97, 91, 76, 10, 30, 21, 45, 71, 64, 1, 23, 17, 83, 24, 14, 60, 36, 6, 57, 94, 88, 65, 56, 79, 40, 67, 68, 46, 75, 38, 9, 19, 32, 81, 41, 27, 62, 87, 90, 99, 59, 11, 16, 72, 73, 70, 39, 37, 84, 3, 92, 25, 55, 28, 29, 51, 7, 33, 61, 86, 66, 89, 50, 48, 96, 53, 80, 4, 8, 34, 49, 52, 0, 13, 2, 69, 74]|[1, 1, 1, 0, 1, 1, 1, 2, 2, 1, 2, 2, 2, 1, 1, 0, 0, 1, 0, 2, 2, 0, 1, 2, 0, 1, 2, 2, 0, 0, 1, 2, 1, 2, 1, 0, 2, 0, 1, 1, 0, 1, 1, 1, 0, 2, 1, 1, 0, 0, 0, 0, 1, 1, 2, 1, 2, 0, 0, 0, 2, 1, 0, 1, 2, 1, 2, 1, 1, 1, 1, 1, 2, 0, 1, 1, 0, 0, 0, 1, 2, 1, 0, 2, 1, 0, 0, 0, 0, 0, 0, 1, 2, 0, 1, 0, 0, 0, 1, 2]|[2, 4, 3, 2, 2, 0, 0, 2, 2, 4, 1, 1, 2, 4, 4, 1, 1, 4, 2, 1, 1, 1, 1, 2, 1, 2, 1, 1, 1, 1, 3, 2, 3, 0, 4, 0, 1, 1, 0, 3, 2, 2, 4, 0, 1, 1, 0, 2, 0, 1, 2, 2, 1, 4, 0, 3, 2, 1, 1, 2, 1, 3, 1, 1, 1, 3, 0, 4, 3, 1, 4, 1, 1, 2, 4, 4, 2, 1, 1, 3, 1, 3, 1, 1, 1, 1, 1, 1, 2, 1, 2, 3, 1, 1, 1, 2, 2, 2, 3, 1]|[1, 0, 2, 1, 1, 3, 3, 0, 0, 0, 0, 0, 1, 0, 1, 0, 0, 3, 1, 0, 0, 0, 3, 1, 0, 2, 0, 0, 0, 1, 0, 0, 0, 0, 3, 0, 1, 0, 0, 2, 1, 1, 2, 0, 0, 0, 0, 1, 1, 0, 0, 0, 1, 3, 0, 0, 1, 0, 0, 1, 0, 2, 0, 1, 0, 2, 1, 0, 0, 1, 1, 3, 0, 1, 3, 3, 1, 0, 0, 2, 0, 0, 0, 0, 1, 0, 0, 0, 1, 0, 1, 2, 0, 1, 1, 0, 0, 0, 0, 0],790.0808266764368,58301.839560278044,88734.19036740763,false
45,G1_CMAX,G1_CMAX,[31, 22, 90, 26, 58, 95, 42, 12, 93, 5, 78, 86, 98, 18, 20, 35, 3, 97, 91, 76, 10, 85, 54, 45, 63, 71, 66, 1, 23, 17, 24, 60, 36, 6, 57, 15, 65, 56, 47, 79, 94, 67, 50, 46, 14, 75, 38, 9, 30, 19, 32, 81, 27, 92, 83, 87, 40, 99, 59, 11, 53, 16, 72, 77, 73, 70, 39, 37, 84, 43, 62, 25, 55, 28, 29, 51, 68, 82, 74, 61, 88, 21, 80, 89, 7, 69, 96, 41, 48, 4, 8, 34, 49, 52, 0, 44, 13, 2, 64, 33]|[1, 1, 1, 1, 0, 2, 1, 1, 2, 2, 2, 1, 0, 1, 2, 2, 1, 2, 0, 1, 2, 2, 2, 0, 0, 1, 2, 1, 2, 1, 2, 1, 1, 0, 1, 1, 0, 2, 2, 1, 1, 0, 0, 0, 0, 1, 1, 1, 1, 2, 1, 2, 2, 0, 0, 2, 1, 0, 0, 2, 0, 1, 2, 2, 1, 1, 1, 1, 1, 1, 0, 1, 1, 0, 0, 0, 0, 0, 2, 1, 1, 0, 0, 1, 1, 1, 2, 2, 0, 1, 1, 2, 0, 1, 0, 0, 0, 0, 2, 2]|[0, 4, 3, 0, 1, 1, 2, 4, 1, 1, 2, 4, 1, 4, 1, 1, 1, 2, 2, 2, 2, 1, 1, 1, 2, 3, 2, 3, 0, 4, 1, 0, 3, 2, 2, 2, 1, 1, 1, 0, 2, 0, 1, 2, 1, 3, 1, 4, 2, 0, 3, 2, 1, 2, 1, 1, 4, 1, 1, 1, 2, 3, 0, 2, 4, 3, 1, 4, 1, 1, 1, 4, 4, 2, 1, 1, 1, 2, 1, 3, 0, 1, 1, 1, 1, 3, 1, 1, 1, 4, 3, 1, 1, 1, 2, 2, 2, 2, 1, 1]|[3, 0, 2, 3, 0, 0, 1, 0, 0, 0, 1, 0, 0, 3, 0, 0, 1, 1, 1, 2, 1, 0, 0, 0, 0, 0, 0, 0, 0, 3, 1, 0, 2, 1, 1, 1, 0, 0, 0, 0, 1, 1, 0, 0, 0, 0, 1, 3, 2, 0, 0, 1, 0, 1, 0, 0, 2, 0, 0, 0, 1, 2, 1, 1, 0, 0, 1, 1, 3, 3, 0, 3, 3, 1, 0, 0, 0, 1, 0, 0, 0, 0, 0, 1, 2, 2, 0, 0, 0, 0, 2, 0, 1, 1, 0, 0, 0, 0, 0, 0],705.0470749739228,58445.79123614564,95781.2895945797,false
45,G4_BALANCED,G3_TWC,[31, 22, 82, 15, 26, 58, 95, 42, 77, 12, 47, 5, 93, 78, 98, 54, 85, 63, 18, 44, 20, 35, 43, 97, 91, 76, 10, 30, 21, 45, 71, 64, 1, 23, 17, 83, 24, 14, 60, 36, 6, 57, 94, 88, 65, 56, 79, 40, 67, 68, 46, 75, 39, 9, 19, 32, 81, 96, 27, 62, 87, 90, 99, 59, 11, 16, 72, 73, 70, 38, 37, 84, 3, 51, 25, 55, 28, 29, 92, 7, 33, 61, 86, 48, 89, 50, 69, 41, 53, 80, 4, 8, 34, 49, 52, 0, 13, 2, 66, 74]|[1, 1, 0, 1, 1, 1, 2, 1, 2, 1, 2, 2, 2, 1, 1, 0, 0, 1, 0, 2, 2, 0, 1, 2, 0, 1, 2, 2, 0, 0, 1, 2, 1, 2, 1, 0, 2, 0, 1, 1, 0, 1, 1, 1, 0, 2, 1, 1, 0, 0, 0, 0, 1, 1, 2, 1, 2, 0, 0, 0, 2, 1, 0, 1, 2, 1, 2, 1, 1, 1, 1, 1, 2, 0, 1, 1, 0, 0, 0, 1, 2, 1, 0, 0, 1, 0, 2, 0, 0, 0, 0, 1, 2, 0, 1, 0, 0, 0, 2, 2]|[4, 3, 2, 2, 0, 0, 2, 2, 2, 4, 1, 1, 2, 4, 4, 1, 1, 4, 2, 1, 1, 1, 1, 2, 1, 2, 1, 1, 1, 1, 3, 2, 3, 0, 4, 0, 1, 1, 0, 3, 2, 2, 4, 0, 1, 1, 0, 2, 0, 1, 2, 2, 1, 4, 0, 3, 2, 1, 1, 2, 1, 3, 1, 1, 1, 3, 0, 4, 3, 1, 4, 1, 1, 1, 4, 4, 2, 1, 2, 3, 1, 3, 1, 1, 1, 1, 1, 1, 2, 1, 2, 3, 1, 1, 1, 2, 2, 2, 1, 1]|[0, 2, 1, 1, 3, 3, 0, 1, 0, 0, 0, 0, 1, 0, 1, 0, 0, 3, 1, 0, 0, 0, 3, 1, 0, 2, 0, 0, 0, 1, 0, 0, 0, 0, 3, 0, 1, 0, 0, 2, 1, 1, 2, 0, 0, 0, 0, 1, 1, 0, 0, 0, 1, 3, 0, 0, 1, 0, 0, 1, 0, 2, 0, 1, 0, 2, 1, 0, 0, 1, 1, 3, 0, 0, 3, 3, 1, 0, 1, 2, 0, 0, 0, 0, 1, 0, 0, 0, 1, 0, 1, 2, 0, 1, 1, 0, 0, 0, 0, 0],790.9023961408301,57693.759236216254,89136.6701683821,true
45,G2_TEC,G2_TEC,[31, 22, 82, 15, 26, 9, 95, 42, 77, 68, 47, 5, 93, 78, 86, 54, 85, 63, 18, 44, 20, 49, 36, 14, 74, 50, 53, 17, 21, 28, 11, 64, 3, 23, 30, 83, 24, 41, 40, 52, 65, 27, 90, 70, 39, 87, 48, 69, 99, 4, 75, 1, 13, 58, 97, 59, 45, 8, 73, 37, 35, 79, 71, 66, 76, 32, 60, 80, 56, 6, 67, 61, 33, 7, 57, 34, 12, 16, 10, 98, 96, 88, 43, 81, 91, 2, 84, 29, 92, 19, 51, 55, 46, 89, 25, 72, 94, 38, 62, 0]|[2, 1, 2, 1, 1, 2, 1, 1, 1, 1, 1, 0, 2, 2, 1, 2, 0, 0, 0, 2, 2, 1, 0, 2, 0, 2, 2, 1, 0, 1, 1, 1, 0, 0, 1, 0, 2, 1, 2, 2, 0, 0, 1, 1, 0, 2, 0, 2, 1, 0, 0, 2, 0, 0, 2, 0, 1, 1, 0, 0, 2, 1, 1, 2, 2, 0, 2, 2, 2, 1, 2, 1, 1, 2, 0, 1, 1, 2, 1, 2, 0, 1, 1, 1, 1, 0, 0, 1, 0, 1, 1, 0, 0, 1, 1, 1, 2, 0, 1, 2]|[0, 3, 0, 3, 4, 1, 4, 4, 2, 4, 3, 2, 1, 0, 2, 1, 1, 1, 2, 1, 1, 3, 0, 1, 0, 1, 1, 4, 1, 4, 3, 2, 2, 0, 4, 1, 1, 4, 1, 1, 2, 1, 4, 4, 1, 1, 0, 1, 3, 2, 2, 1, 2, 1, 1, 2, 4, 3, 0, 2, 2, 3, 3, 1, 1, 2, 1, 1, 1, 4, 1, 3, 4, 1, 2, 4, 3, 1, 3, 1, 2, 4, 4, 4, 3, 2, 2, 3, 2, 4, 3, 2, 2, 4, 4, 4, 1, 2, 3, 1]|[0, 2, 0, 0, 3, 0, 1, 3, 0, 0, 2, 0, 1, 0, 1, 0, 0, 0, 1, 0, 0, 2, 0, 0, 1, 0, 0, 3, 0, 1, 0, 2, 0, 0, 3, 0, 1, 1, 0, 0, 0, 0, 1, 3, 0, 0, 1, 0, 2, 0, 0, 0, 0, 0, 1, 0, 1, 0, 1, 1, 0, 2, 0, 0, 0, 0, 0, 0, 0, 2, 0, 0, 1, 0, 0, 1, 0, 0, 3, 0, 0, 1, 2, 2, 0, 0, 0, 3, 0, 1, 0, 0, 0, 1, 3, 1, 0, 0, 0, 0],900.0760482104305,49104.85573898611,106612.48357517918,false
45,G3_TWC,G3_TWC,[31, 22, 82, 15, 26, 58, 95, 42, 77, 12, 47, 5, 93, 78, 98, 54, 85, 63, 18, 44, 20, 35, 43, 86, 91, 76, 10, 30, 21, 45, 71, 64, 1, 23, 17, 83, 24, 14, 60, 36, 6, 57, 94, 88, 65, 56, 79, 40, 67, 68, 46, 75, 38, 9, 19, 32, 81, 41, 27, 62, 87, 90, 99, 59, 11, 16, 72, 73, 70, 39, 37, 84, 3, 92, 25, 55, 28, 29, 51, 7, 33, 61, 97, 48, 89, 50, 69, 96, 53, 80, 4, 8, 34, 49, 13, 0, 52, 2, 66, 74]|[1, 1, 0, 1, 1, 1, 2, 1, 2, 1, 2, 2, 2, 1, 1, 0, 0, 1, 0, 2, 2, 0, 1, 2, 0, 1, 2, 2, 0, 0, 1, 2, 1, 2, 1, 0, 2, 0, 1, 1, 0, 1, 1, 1, 0, 2, 1, 1, 0, 0, 0, 0, 1, 1, 2, 1, 2, 0, 0, 0, 2, 1, 0, 1, 2, 1, 2, 1, 1, 1, 1, 1, 2, 0, 1, 1, 0, 0, 0, 1, 2, 1, 2, 0, 1, 0, 1, 2, 0, 0, 1, 1, 2, 0, 1, 0, 0, 0, 2, 2]|[4, 3, 2, 2, 0, 0, 2, 2, 2, 4, 1, 1, 2, 4, 4, 1, 1, 4, 2, 1, 1, 1, 1, 2, 1, 2, 1, 1, 1, 1, 3, 2, 3, 0, 4, 0, 1, 1, 0, 3, 2, 2, 4, 0, 1, 1, 0, 2, 0, 1, 2, 2, 1, 4, 0, 3, 2, 1, 1, 2, 1, 3, 1, 1, 1, 3, 0, 4, 3, 1, 4, 1, 1, 2, 4, 4, 2, 1, 1, 3, 1, 3, 2, 1, 1, 1, 3, 1, 2, 1, 4, 3, 1, 1, 1, 2, 2, 2, 1, 1]|[0, 2, 1, 1, 3, 3, 0, 1, 0, 0, 0, 0, 1, 0, 1, 0, 0, 3, 1, 0, 0, 0, 3, 1, 0, 2, 0, 0, 0, 1, 0, 0, 0, 0, 3, 0, 1, 0, 0, 2, 1, 1, 2, 0, 0, 0, 0, 1, 1, 0, 0, 0, 1, 3, 0, 0, 1, 0, 0, 1, 0, 2, 0, 1, 0, 2, 1, 0, 0, 1, 1, 3, 0, 1, 3, 3, 1, 0, 0, 2, 0, 0, 1, 0, 1, 0, 0, 0, 1, 0, 0, 2, 0, 1, 1, 0, 0, 0, 0, 0],747.6412945906792,57962.66860411401,90669.36304315453,false
45,G1_CMAX,G1_CMAX,[31, 22, 90, 26, 58, 95, 42, 12, 93, 5, 78, 86, 98, 18, 20, 35, 3, 97, 91, 76, 10, 85, 54, 45, 63, 71, 66, 1, 23, 17, 24, 60, 36, 6, 57, 15, 65, 56, 47, 79, 94, 67, 50, 46, 14, 75, 38, 9, 30, 19, 32, 81, 27, 92, 83, 87, 40, 99, 59, 11, 53, 16, 72, 77, 73, 70, 39, 37, 84, 43, 62, 25, 55, 28, 29, 51, 68, 82, 74, 61, 88, 21, 80, 89, 7, 69, 96, 41, 48, 4, 8, 34, 49, 52, 0, 44, 13, 2, 64, 33]|[1, 1, 1, 1, 0, 2, 1, 1, 2, 2, 2, 1, 0, 1, 2, 2, 1, 2, 0, 1, 2, 2, 2, 0, 0, 1, 2, 1, 2, 1, 2, 1, 1, 0, 1, 1, 0, 2, 2, 1, 1, 0, 0, 0, 0, 1, 1, 1, 1, 2, 1, 2, 2, 0, 0, 2, 1, 0, 0, 2, 0, 1, 2, 2, 1, 1, 1, 1, 1, 1, 0, 1, 1, 0, 0, 0, 0, 0, 2, 1, 1, 0, 0, 1, 1, 1, 2, 2, 0, 1, 1, 2, 0, 1, 0, 0, 0, 0, 2, 2]|[0, 4, 3, 0, 1, 1, 2, 4, 1, 1, 2, 4, 1, 4, 1, 1, 1, 2, 2, 2, 2, 1, 1, 1, 2, 3, 2, 3, 0, 4, 1, 0, 3, 2, 2, 2, 1, 1, 1, 0, 2, 0, 1, 2, 1, 3, 1, 4, 2, 0, 3, 2, 1, 2, 1, 1, 4, 1, 1, 1, 2, 3, 0, 2, 4, 3, 1, 4, 1, 1, 1, 4, 4, 2, 1, 1, 1, 2, 1, 3, 0, 1, 1, 1, 1, 3, 1, 1, 1, 4, 3, 1, 1, 1, 2, 2, 2, 2, 1, 1]|[3, 0, 2, 3, 0, 0, 1, 0, 0, 0, 1, 0, 0, 3, 0, 0, 1, 1, 1, 2, 1, 0, 0, 0, 0, 0, 0, 0, 0, 3, 1, 0, 2, 1, 1, 1, 0, 0, 0, 0, 1, 1, 0, 0, 0, 0, 1, 3, 2, 0, 0, 1, 0, 1, 0, 0, 2, 0, 0, 0, 1, 2, 1, 1, 0, 0, 1, 1, 3, 3, 0, 3, 3, 1, 0, 0, 0, 1, 0, 0, 0, 0, 0, 1, 2, 2, 0, 0, 0, 0, 2, 0, 1, 1, 0, 0, 0, 0, 0, 0],705.0470749739228,58445.79123614564,95781.2895945797,false
45,G4_BALANCED,G3_TWC,[31, 22, 82, 15, 26, 58, 95, 42, 77, 12, 47, 5, 93, 78, 98, 54, 85, 63, 18, 44, 20, 35, 43, 97, 91, 76, 10, 30, 21, 45, 71, 64, 1, 23, 17, 83, 24, 14, 60, 36, 6, 57, 94, 88, 65, 56, 79, 40, 67, 68, 46, 75, 39, 9, 19, 32, 81, 96, 27, 62, 87, 90, 99, 59, 11, 16, 72, 73, 70, 38, 37, 84, 3, 51, 25, 55, 28, 29, 92, 7, 33, 61, 86, 48, 89, 50, 69, 41, 53, 80, 4, 8, 34, 49, 52, 0, 13, 2, 66, 74]|[1, 1, 0, 1, 1, 1, 2, 1, 2, 1, 2, 2, 2, 1, 1, 0, 0, 1, 0, 2, 2, 0, 1, 2, 0, 1, 2, 2, 0, 0, 1, 2, 1, 2, 1, 0, 2, 0, 1, 1, 0, 1, 1, 1, 0, 2, 1, 1, 0, 0, 0, 0, 1, 1, 2, 1, 2, 0, 0, 0, 2, 1, 0, 1, 2, 1, 2, 1, 1, 1, 1, 1, 2, 0, 1, 1, 0, 0, 0, 1, 2, 1, 0, 0, 1, 0, 2, 0, 0, 0, 0, 1, 2, 0, 1, 0, 0, 0, 2, 2]|[4, 3, 2, 2, 0, 0, 2, 2, 2, 4, 1, 1, 2, 4, 4, 1, 1, 4, 2, 1, 1, 1, 1, 2, 1, 2, 1, 1, 1, 1, 3, 2, 3, 0, 4, 0, 1, 1, 0, 3, 2, 2, 4, 0, 1, 1, 0, 2, 0, 1, 2, 2, 1, 4, 0, 3, 2, 1, 1, 2, 1, 3, 1, 1, 1, 3, 0, 4, 3, 1, 4, 1, 1, 1, 4, 4, 2, 1, 2, 3, 1, 3, 1, 1, 1, 1, 1, 1, 2, 1, 2, 3, 1, 1, 1, 2, 2, 2, 1, 1]|[0, 2, 1, 1, 3, 3, 0, 1, 0, 0, 0, 0, 1, 0, 1, 0, 0, 3, 1, 0, 0, 0, 3, 1, 0, 2, 0, 0, 0, 1, 0, 0, 0, 0, 3, 0, 1, 0, 0, 2, 1, 1, 2, 0, 0, 0, 0, 1, 1, 0, 0, 0, 1, 3, 0, 0, 1, 0, 0, 1, 0, 2, 0, 1, 0, 2, 1, 0, 0, 1, 1, 3, 0, 0, 3, 3, 1, 0, 1, 2, 0, 0, 0, 0, 1, 0, 0, 0, 1, 0, 1, 2, 0, 1, 1, 0, 0, 0, 0, 0],790.9023961408301,57693.759236216254,89136.6701683821,true
45,G2_TEC,G2_TEC,[31, 22, 82, 15, 26, 9, 95, 42, 77, 68, 47, 5, 93, 78, 86, 54, 85, 63, 18, 44, 20, 49, 36, 14, 74, 50, 53, 17, 21, 28, 11, 64, 3, 23, 30, 83, 24, 41, 40, 52, 65, 27, 90, 70, 39, 87, 48, 69, 99, 4, 75, 1, 13, 58, 97, 59, 45, 8, 73, 37, 35, 79, 71, 66, 76, 32, 60, 80, 56, 6, 67, 61, 33, 7, 57, 34, 12, 16, 10, 98, 96, 88, 43, 81, 91, 2, 84, 29, 92, 19, 51, 55, 46, 89, 25, 72, 94, 38, 62, 0]|[2, 1, 2, 1, 1, 2, 1, 1, 1, 1, 1, 0, 2, 2, 1, 2, 0, 0, 0, 2, 2, 1, 0, 2, 0, 2, 2, 1, 0, 1, 1, 1, 0, 0, 1, 0, 2, 1, 2, 2, 0, 0, 1, 1, 0, 2, 0, 2, 1, 0, 0, 2, 0, 0, 2, 0, 1, 1, 0, 0, 2, 1, 1, 2, 2, 0, 2, 2, 2, 1, 2, 1, 1, 2, 0, 1, 1, 2, 1, 2, 0, 1, 1, 1, 1, 0, 0, 1, 0, 1, 1, 0, 0, 1, 1, 1, 2, 0, 1, 2]|[0, 3, 0, 3, 4, 1, 4, 4, 2, 4, 3, 2, 1, 0, 2, 1, 1, 1, 2, 1, 1, 3, 0, 1, 0, 1, 1, 4, 1, 4, 3, 2, 2, 0, 4, 1, 1, 4, 1, 1, 2, 1, 4, 4, 1, 1, 0, 1, 3, 2, 2, 1, 2, 1, 1, 2, 4, 3, 0, 2, 2, 3, 3, 1, 1, 2, 1, 1, 1, 4, 1, 3, 4, 1, 2, 4, 3, 1, 3, 1, 2, 4, 4, 4, 3, 2, 2, 3, 2, 4, 3, 2, 2, 4, 4, 4, 1, 2, 3, 1]|[0, 2, 0, 0, 3, 0, 1, 3, 0, 0, 2, 0, 1, 0, 1, 0, 0, 0, 1, 0, 0, 2, 0, 0, 1, 0, 0, 3, 0, 1, 0, 2, 0, 0, 3, 0, 1, 1, 0, 0, 0, 0, 1, 3, 0, 0, 1, 0, 2, 0, 0, 0, 0, 0, 1, 0, 1, 0, 1, 1, 0, 2, 0, 0, 0, 0, 0, 0, 0, 2, 0, 0, 1, 0, 0, 1, 0, 0, 3, 0, 0, 1, 2, 2, 0, 0, 0, 3, 0, 1, 0, 0, 0, 1, 3, 1, 0, 0, 0, 0],900.0760482104305,49104.85573898611,106612.48357517918,false
45,G3_TWC,G3_TWC,[31, 22, 82, 15, 26, 58, 95, 42, 77, 12, 47, 5, 93, 78, 98, 54, 85, 63, 18, 44, 20, 35, 43, 86, 91, 76, 10, 30, 21, 45, 71, 64, 1, 23, 17, 83, 24, 14, 60, 36, 6, 57, 94, 88, 65, 56, 79, 40, 67, 68, 46, 75, 38, 9, 19, 32, 81, 41, 27, 62, 87, 90, 99, 59, 11, 16, 72, 73, 70, 39, 37, 84, 3, 92, 25, 55, 28, 29, 51, 7, 33, 61, 97, 48, 89, 50, 69, 96, 53, 80, 4, 8, 34, 49, 13, 0, 52, 2, 66, 74]|[1, 1, 0, 1, 1, 1, 2, 1, 2, 1, 2, 2, 2, 1, 1, 0, 0, 1, 0, 2, 2, 0, 1, 2, 0, 1, 2, 2, 0, 0, 1, 2, 1, 2, 1, 0, 2, 0, 1, 1, 0, 1, 1, 1, 0, 2, 1, 1, 0, 0, 0, 0, 1, 1, 2, 1, 2, 0, 0, 0, 2, 1, 0, 1, 2, 1, 2, 1, 1, 1, 1, 1, 2, 0, 1, 1, 0, 0, 0, 1, 2, 1, 2, 0, 1, 0, 1, 2, 0, 0, 1, 1, 2, 0, 1, 0, 0, 0, 2, 2]|[4, 3, 2, 2, 0, 0, 2, 2, 2, 4, 1, 1, 2, 4, 4, 1, 1, 4, 2, 1, 1, 1, 1, 2, 1, 2, 1, 1, 1, 1, 3, 2, 3, 0, 4, 0, 1, 1, 0, 3, 2, 2, 4, 0, 1, 1, 0, 2, 0, 1, 2, 2, 1, 4, 0, 3, 2, 1, 1, 2, 1, 3, 1, 1, 1, 3, 0, 4, 3, 1, 4, 1, 1, 2, 4, 4, 2, 1, 1, 3, 1, 3, 2, 1, 1, 1, 3, 1, 2, 1, 4, 3, 1, 1, 1, 2, 2, 2, 1, 1]|[0, 2, 1, 1, 3, 3, 0, 1, 0, 0, 0, 0, 1, 0, 1, 0, 0, 3, 1, 0, 0, 0, 3, 1, 0, 2, 0, 0, 0, 1, 0, 0, 0, 0, 3, 0, 1, 0, 0, 2, 1, 1, 2, 0, 0, 0, 0, 1, 1, 0, 0, 0, 1, 3, 0, 0, 1, 0, 0, 1, 0, 2, 0, 1, 0, 2, 1, 0, 0, 1, 1, 3, 0, 1, 3, 3, 1, 0, 0, 2, 0, 0, 1, 0, 1, 0, 0, 0, 1, 0, 0, 2, 0, 1, 1, 0, 0, 0, 0, 0],747.6412945906792,57962.66860411401,90669.36304315453,false
45,G1_CMAX,G1_CMAX,[31, 22, 90, 26, 58, 95, 42, 12, 93, 5, 78, 86, 98, 18, 20, 35, 3, 97, 91, 76, 10, 85, 54, 45, 63, 71, 66, 1, 23, 17, 24, 60, 36, 6, 57, 15, 65, 56, 47, 79, 94, 67, 50, 46, 14, 75, 38, 9, 30, 19, 32, 81, 27, 92, 83, 87, 40, 99, 59, 11, 53, 16, 72, 77, 73, 70, 39, 37, 84, 43, 62, 25, 55, 28, 29, 51, 68, 82, 74, 61, 88, 21, 80, 89, 7, 69, 96, 41, 48, 4, 8, 34, 49, 52, 0, 44, 13, 2, 64, 33]|[1, 1, 1, 1, 0, 2, 1, 1, 2, 2, 2, 1, 0, 1, 2, 2, 1, 2, 0, 1, 2, 2, 2, 0, 0, 1, 2, 1, 2, 1, 2, 1, 1, 0, 1, 1, 0, 2, 2, 1, 1, 0, 0, 0, 0, 1, 1, 1, 1, 2, 1, 2, 2, 0, 0, 2, 1, 0, 0, 2, 0, 1, 2, 2, 1, 1, 1, 1, 1, 1, 0, 1, 1, 0, 0, 0, 0, 0, 2, 1, 1, 0, 0, 1, 1, 1, 2, 2, 0, 1, 1, 2, 0, 1, 0, 0, 0, 0, 2, 2]|[0, 4, 3, 0, 1, 1, 2, 4, 1, 1, 2, 4, 1, 4, 1, 1, 1, 2, 2, 2, 2, 1, 1, 1, 2, 3, 2, 3, 0, 4, 1, 0, 3, 2, 2, 2, 1, 1, 1, 0, 2, 0, 1, 2, 1, 3, 1, 4, 2, 0, 3, 2, 1, 2, 1, 1, 4, 1, 1, 1, 2, 3, 0, 2, 4, 3, 1, 4, 1, 1, 1, 4, 4, 2, 1, 1, 1, 2, 1, 3, 0, 1, 1, 1, 1, 3, 1, 1, 1, 4, 3, 1, 1, 1, 2, 2, 2, 2, 1, 1]|[3, 0, 2, 3, 0, 0, 1, 0, 0, 0, 1, 0, 0, 3, 0, 0, 1, 1, 1, 2, 1, 0, 0, 0, 0, 0, 0, 0, 0, 3, 1, 0, 2, 1, 1, 1, 0, 0, 0, 0, 1, 1, 0, 0, 0, 0, 1, 3, 2, 0, 0, 1, 0, 1, 0, 0, 2, 0, 0, 0, 1, 2, 1, 1, 0, 0, 1, 1, 3, 3, 0, 3, 3, 1, 0, 0, 0, 1, 0, 0, 0, 0, 0, 1, 2, 2, 0, 0, 0, 0, 2, 0, 1, 1, 0, 0, 0, 0, 0, 0],705.0470749739228,58445.79123614564,95781.2895945797,false
45,G4_BALANCED,G3_TWC,[31, 22, 82, 15, 26, 58, 95, 42, 77, 12, 47, 5, 93, 78, 98, 54, 85, 63, 18, 44, 20, 35, 43, 97, 91, 76, 10, 30, 21, 45, 71, 64, 1, 23, 17, 83, 24, 14, 60, 36, 6, 57, 94, 88, 65, 56, 79, 40, 67, 68, 46, 75, 39, 9, 19, 32, 81, 96, 27, 62, 87, 90, 99, 59, 11, 16, 72, 73, 70, 38, 37, 84, 3, 51, 25, 55, 28, 29, 92, 7, 33, 61, 86, 48, 89, 50, 69, 41, 53, 80, 4, 8, 34, 49, 52, 0, 13, 2, 66, 74]|[1, 1, 0, 1, 1, 1, 2, 1, 2, 1, 2, 2, 2, 1, 1, 0, 0, 1, 0, 2, 2, 0, 1, 2, 0, 1, 2, 2, 0, 0, 1, 2, 1, 2, 1, 0, 2, 0, 1, 1, 0, 1, 1, 1, 0, 2, 1, 1, 0, 0, 0, 0, 1, 1, 2, 1, 2, 0, 0, 0, 2, 1, 0, 1, 2, 1, 2, 1, 1, 1, 1, 1, 2, 0, 1, 1, 0, 0, 0, 1, 2, 1, 0, 0, 1, 0, 2, 0, 0, 0, 0, 1, 2, 0, 1, 0, 0, 0, 2, 2]|[4, 3, 2, 2, 0, 0, 2, 2, 2, 4, 1, 1, 2, 4, 4, 1, 1, 4, 2, 1, 1, 1, 1, 2, 1, 2, 1, 1, 1, 1, 3, 2, 3, 0, 4, 0, 1, 1, 0, 3, 2, 2, 4, 0, 1, 1, 0, 2, 0, 1, 2, 2, 1, 4, 0, 3, 2, 1, 1, 2, 1, 3, 1, 1, 1, 3, 0, 4, 3, 1, 4, 1, 1, 1, 4, 4, 2, 1, 2, 3, 1, 3, 1, 1, 1, 1, 1, 1, 2, 1, 2, 3, 1, 1, 1, 2, 2, 2, 1, 1]|[0, 2, 1, 1, 3, 3, 0, 1, 0, 0, 0, 0, 1, 0, 1, 0, 0, 3, 1, 0, 0, 0, 3, 1, 0, 2, 0, 0, 0, 1, 0, 0, 0, 0, 3, 0, 1, 0, 0, 2, 1, 1, 2, 0, 0, 0, 0, 1, 1, 0, 0, 0, 1, 3, 0, 0, 1, 0, 0, 1, 0, 2, 0, 1, 0, 2, 1, 0, 0, 1, 1, 3, 0, 0, 3, 3, 1, 0, 1, 2, 0, 0, 0, 0, 1, 0, 0, 0, 1, 0, 1, 2, 0, 1, 1, 0, 0, 0, 0, 0],790.9023961408301,57693.759236216254,89136.6701683821,true
45,G2_TEC,G2_TEC,[31, 22, 82, 15, 26, 9, 95, 42, 77, 68, 47, 5, 93, 78, 86, 54, 85, 63, 18, 44, 20, 49, 36, 14, 74, 50, 53, 17, 21, 28, 11, 64, 3, 23, 30, 83, 24, 41, 40, 52, 65, 27, 90, 70, 39, 87, 48, 69, 99, 4, 75, 1, 13, 58, 97, 59, 45, 8, 73, 37, 35, 79, 71, 66, 76, 32, 60, 80, 56, 6, 67, 61, 33, 7, 57, 34, 12, 16, 10, 98, 96, 88, 43, 81, 91, 2, 84, 29, 92, 19, 51, 55, 46, 89, 25, 72, 94, 38, 62, 0]|[2, 1, 2, 1, 1, 2, 1, 1, 1, 1, 1, 0, 2, 2, 1, 2, 0, 0, 0, 2, 2, 1, 0, 2, 0, 2, 2, 1, 0, 1, 1, 1, 0, 0, 1, 0, 2, 1, 2, 2, 0, 0, 1, 1, 0, 2, 0, 2, 1, 0, 0, 2, 0, 0, 2, 0, 1, 1, 0, 0, 2, 1, 1, 2, 2, 0, 2, 2, 2, 1, 2, 1, 1, 2, 0, 1, 1, 2, 1, 2, 0, 1, 1, 1, 1, 0, 0, 1, 0, 1, 1, 0, 0, 1, 1, 1, 2, 0, 1, 2]|[0, 3, 0, 3, 4, 1, 4, 4, 2, 4, 3, 2, 1, 0, 2, 1, 1, 1, 2, 1, 1, 3, 0, 1, 0, 1, 1, 4, 1, 4, 3, 2, 2, 0, 4, 1, 1, 4, 1, 1, 2, 1, 4, 4, 1, 1, 0, 1, 3, 2, 2, 1, 2, 1, 1, 2, 4, 3, 0, 2, 2, 3, 3, 1, 1, 2, 1, 1, 1, 4, 1, 3, 4, 1, 2, 4, 3, 1, 3, 1, 2, 4, 4, 4, 3, 2, 2, 3, 2, 4, 3, 2, 2, 4, 4, 4, 1, 2, 3, 1]|[0, 2, 0, 0, 3, 0, 1, 3, 0, 0, 2, 0, 1, 0, 1, 0, 0, 0, 1, 0, 0, 2, 0, 0, 1, 0, 0, 3, 0, 1, 0, 2, 0, 0, 3, 0, 1, 1, 0, 0, 0, 0, 1, 3, 0, 0, 1, 0, 2, 0, 0, 0, 0, 0, 1, 0, 1, 0, 1, 1, 0, 2, 0, 0, 0, 0, 0, 0, 0, 2, 0, 0, 1, 0, 0, 1, 0, 0, 3, 0, 0, 1, 2, 2, 0, 0, 0, 3, 0, 1, 0, 0, 0, 1, 3, 1, 0, 0, 0, 0],900.0760482104305,49104.85573898611,106612.48357517918,false
45,G3_TWC,G1_CMAX,[31, 22, 82, 15, 26, 99, 95, 42, 77, 12, 47, 5, 93, 78, 86, 54, 21, 63, 18, 44, 20, 35, 43, 97, 91, 76, 10, 30, 85, 45, 71, 64, 1, 23, 17, 83, 24, 14, 60, 36, 6, 57, 40, 88, 65, 56, 79, 94, 67, 68, 46, 75, 38, 9, 19, 32, 41, 81, 27, 87, 90, 62, 59, 11, 16, 72, 73, 70, 39, 37, 84, 3, 7, 25, 55, 48, 28, 29, 51, 92, 33, 61, 98, 58, 89, 50, 66, 96, 53, 80, 4, 8, 34, 2, 52, 49, 13, 0, 69, 74]|[1, 1, 0, 1, 1, 0, 1, 1, 2, 1, 2, 2, 2, 1, 1, 0, 0, 1, 0, 2, 2, 0, 1, 2, 0, 1, 2, 2, 0, 0, 1, 2, 1, 2, 1, 0, 2, 0, 1, 1, 0, 1, 1, 1, 0, 2, 1, 1, 0, 0, 0, 0, 1, 1, 2, 1, 0, 2, 0, 2, 1, 0, 1, 2, 1, 2, 1, 1, 1, 1, 1, 1, 2, 1, 2, 0, 0, 0, 0, 0, 2, 1, 2, 0, 1, 0, 2, 2, 0, 0, 1, 1, 2, 0, 1, 0, 0, 0, 1, 2]|[4, 3, 2, 2, 4, 1, 2, 3, 2, 4, 1, 1, 2, 4, 4, 1, 1, 4, 2, 1, 1, 1, 1, 2, 1, 2, 1, 1, 2, 1, 3, 2, 3, 1, 4, 0, 1, 1, 0, 3, 2, 2, 2, 0, 1, 1, 0, 4, 0, 1, 2, 2, 1, 4, 0, 3, 1, 1, 1, 1, 3, 2, 1, 1, 3, 0, 4, 3, 1, 4, 1, 1, 1, 4, 1, 1, 2, 1, 1, 0, 1, 3, 1, 1, 1, 1, 1, 1, 2, 1, 4, 3, 1, 2, 1, 1, 2, 2, 4, 1]|[0, 2, 1, 1, 3, 0, 1, 3, 0, 0, 0, 0, 1, 0, 1, 0, 0, 3, 1, 0, 0, 0, 3, 1, 0, 2, 0, 0, 0, 1, 0, 0, 0, 0, 3, 0, 1, 0, 0, 2, 1, 1, 1, 0, 0, 0, 0, 2, 1, 0, 0, 0, 1, 3, 0, 0, 0, 0, 0, 0, 2, 1, 1, 0, 2, 1, 0, 0, 1, 1, 3, 1, 0, 3, 0, 0, 1, 0, 0, 1, 0, 0, 0, 0, 1, 0, 0, 0, 1, 0, 0, 2, 0, 0, 1, 1, 0, 0, 2, 0],733.6437548344954,55990.52367369108,93177.64910863033,true
45,G1_CMAX,G1_CMAX,[31, 22, 90, 26, 58, 95, 42, 12, 93, 5, 78, 86, 98, 18, 20, 35, 3, 97, 91, 76, 10, 85, 54, 45, 63, 71, 66, 1, 23, 17, 24, 60, 36, 6, 57, 15, 65, 56, 47, 79, 94, 67, 50, 46, 14, 75, 38, 9, 30, 19, 32, 81, 27, 92, 83, 87, 40, 99, 59, 11, 53, 16, 72, 77, 73, 70, 39, 37, 84, 43, 62, 25, 55, 28, 29, 51, 68, 82, 74, 61, 88, 21, 80, 89, 7, 69, 96, 41, 48, 4, 8, 34, 49, 52, 0, 44, 13, 2, 64, 33]|[1, 1, 1, 1, 0, 2, 1, 1, 2, 2, 2, 1, 0, 1, 2, 2, 1, 2, 0, 1, 2, 2, 2, 0, 0, 1, 2, 1, 2, 1, 2, 1, 1, 0, 1, 1, 0, 2, 2, 1, 1, 0, 0, 0, 0, 1, 1, 1, 1, 2, 1, 2, 2, 0, 0, 2, 1, 0, 0, 2, 0, 1, 2, 2, 1, 1, 1, 1, 1, 1, 0, 1, 1, 0, 0, 0, 0, 0, 2, 1, 1, 0, 0, 1, 1, 1, 2, 2, 0, 1, 1, 2, 0, 1, 0, 0, 0, 0, 2, 2]|[0, 4, 3, 0, 1, 1, 2, 4, 1, 1, 2, 4, 1, 4, 1, 1, 1, 2, 2, 2, 2, 1, 1, 1, 2, 3, 2, 3, 0, 4, 1, 0, 3, 2, 2, 2, 1, 1, 1, 0, 2, 0, 1, 2, 1, 3, 1, 4, 2, 0, 3, 2, 1, 2, 1, 1, 4, 1, 1, 1, 2, 3, 0, 2, 4, 3, 1, 4, 1, 1, 1, 4, 4, 2, 1, 1, 1, 2, 1, 3, 0, 1, 1, 1, 1, 3, 1, 1, 1, 4, 3, 1, 1, 1, 2, 2, 2, 2, 1, 1]|[3, 0, 2, 3, 0, 0, 1, 0, 0, 0, 1, 0, 0, 3, 0, 0, 1, 1, 1, 2, 1, 0, 0, 0, 0, 0, 0, 0, 0, 3, 1, 0, 2, 1, 1, 1, 0, 0, 0, 0, 1, 1, 0, 0, 0, 0, 1, 3, 2, 0, 0, 1, 0, 1, 0, 0, 2, 0, 0, 0, 1, 2, 1, 1, 0, 0, 1, 1, 3, 3, 0, 3, 3, 1, 0, 0, 0, 1, 0, 0, 0, 0, 0, 1, 2, 2, 0, 0, 0, 0, 2, 0, 1, 1, 0, 0, 0, 0, 0, 0],705.0470749739228,58445.79123614564,95781.2895945797,false
45,G4_BALANCED,G3_TWC,[31, 22, 82, 15, 26, 58, 95, 42, 77, 12, 47, 5, 93, 78, 98, 54, 85, 63, 18, 44, 20, 35, 43, 97, 91, 76, 10, 30, 21, 45, 71, 64, 1, 23, 17, 83, 24, 14, 60, 36, 6, 57, 94, 88, 65, 56, 79, 40, 67, 68, 46, 75, 39, 9, 19, 32, 81, 96, 27, 62, 87, 90, 99, 59, 11, 16, 72, 73, 70, 38, 37, 84, 3, 51, 25, 55, 28, 29, 92, 7, 33, 61, 86, 48, 89, 50, 69, 41, 53, 80, 4, 8, 34, 49, 52, 0, 13, 2, 66, 74]|[1, 1, 0, 1, 1, 1, 2, 1, 2, 1, 2, 2, 2, 1, 1, 0, 0, 1, 0, 2, 2, 0, 1, 2, 0, 1, 2, 2, 0, 0, 1, 2, 1, 2, 1, 0, 2, 0, 1, 1, 0, 1, 1, 1, 0, 2, 1, 1, 0, 0, 0, 0, 1, 1, 2, 1, 2, 0, 0, 0, 2, 1, 0, 1, 2, 1, 2, 1, 1, 1, 1, 1, 2, 0, 1, 1, 0, 0, 0, 1, 2, 1, 0, 0, 1, 0, 2, 0, 0, 0, 0, 1, 2, 0, 1, 0, 0, 0, 2, 2]|[4, 3, 2, 2, 0, 0, 2, 2, 2, 4, 1, 1, 2, 4, 4, 1, 1, 4, 2, 1, 1, 1, 1, 2, 1, 2, 1, 1, 1, 1, 3, 2, 3, 0, 4, 0, 1, 1, 0, 3, 2, 2, 4, 0, 1, 1, 0, 2, 0, 1, 2, 2, 1, 4, 0, 3, 2, 1, 1, 2, 1, 3, 1, 1, 1, 3, 0, 4, 3, 1, 4, 1, 1, 1, 4, 4, 2, 1, 2, 3, 1, 3, 1, 1, 1, 1, 1, 1, 2, 1, 2, 3, 1, 1, 1, 2, 2, 2, 1, 1]|[0, 2, 1, 1, 3, 3, 0, 1, 0, 0, 0, 0, 1, 0, 1, 0, 0, 3, 1, 0, 0, 0, 3, 1, 0, 2, 0, 0, 0, 1, 0, 0, 0, 0, 3, 0, 1, 0, 0, 2, 1, 1, 2, 0, 0, 0, 0, 1, 1, 0, 0, 0, 1, 3, 0, 0, 1, 0, 0, 1, 0, 2, 0, 1, 0, 2, 1, 0, 0, 1, 1, 3, 0, 0, 3, 3, 1, 0, 1, 2, 0, 0, 0, 0, 1, 0, 0, 0, 1, 0, 1, 2, 0, 1, 1, 0, 0, 0, 0, 0],790.9023961408301,57693.759236216254,89136.6701683821,true
45,G2_TEC,G2_TEC,[31, 22, 82, 15, 26, 9, 95, 42, 77, 68, 47, 5, 93, 78, 86, 54, 85, 63, 18, 44, 20, 49, 36, 14, 74, 50, 53, 17, 21, 28, 11, 64, 3, 23, 30, 83, 24, 41, 40, 52, 65, 27, 90, 70, 39, 87, 48, 69, 99, 4, 75, 1, 13, 58, 97, 59, 45, 8, 73, 37, 35, 79, 71, 66, 76, 32, 60, 80, 56, 6, 67, 61, 33, 7, 57, 34, 12, 16, 10, 98, 96, 88, 43, 81, 91, 2, 84, 29, 92, 19, 51, 55, 46, 89, 25, 72, 94, 38, 62, 0]|[2, 1, 2, 1, 1, 2, 1, 1, 1, 1, 1, 0, 2, 2, 1, 2, 0, 0, 0, 2, 2, 1, 0, 2, 0, 2, 2, 1, 0, 1, 1, 1, 0, 0, 1, 0, 2, 1, 2, 2, 0, 0, 1, 1, 0, 2, 0, 2, 1, 0, 0, 2, 0, 0, 2, 0, 1, 1, 0, 0, 2, 1, 1, 2, 2, 0, 2, 2, 2, 1, 2, 1, 1, 2, 0, 1, 1, 2, 1, 2, 0, 1, 1, 1, 1, 0, 0, 1, 0, 1, 1, 0, 0, 1, 1, 1, 2, 0, 1, 2]|[0, 3, 0, 3, 4, 1, 4, 4, 2, 4, 3, 2, 1, 0, 2, 1, 1, 1, 2, 1, 1, 3, 0, 1, 0, 1, 1, 4, 1, 4, 3, 2, 2, 0, 4, 1, 1, 4, 1, 1, 2, 1, 4, 4, 1, 1, 0, 1, 3, 2, 2, 1, 2, 1, 1, 2, 4, 3, 0, 2, 2, 3, 3, 1, 1, 2, 1, 1, 1, 4, 1, 3, 4, 1, 2, 4, 3, 1, 3, 1, 2, 4, 4, 4, 3, 2, 2, 3, 2, 4, 3, 2, 2, 4, 4, 4, 1, 2, 3, 1]|[0, 2, 0, 0, 3, 0, 1, 3, 0, 0, 2, 0, 1, 0, 1, 0, 0, 0, 1, 0, 0, 2, 0, 0, 1, 0, 0, 3, 0, 1, 0, 2, 0, 0, 3, 0, 1, 1, 0, 0, 0, 0, 1, 3, 0, 0, 1, 0, 2, 0, 0, 0, 0, 0, 1, 0, 1, 0, 1, 1, 0, 2, 0, 0, 0, 0, 0, 0, 0, 2, 0, 0, 1, 0, 0, 1, 0, 0, 3, 0, 0, 1, 2, 2, 0, 0, 0, 3, 0, 1, 0, 0, 0, 1, 3, 1, 0, 0, 0, 0],900.0760482104305,49104.85573898611,106612.48357517918,false
45,G3_TWC,G3_TWC,[42, 31, 22, 82, 15, 26, 58, 95, 77, 12, 47, 5, 93, 78, 98, 54, 85, 63, 18, 44, 20, 35, 43, 97, 91, 76, 10, 30, 21, 45, 71, 64, 1, 23, 17, 83, 24, 14, 60, 36, 6, 57, 94, 88, 65, 56, 79, 40, 67, 68, 46, 75, 38, 9, 19, 32, 81, 41, 27, 62, 87, 90, 99, 59, 11, 16, 72, 73, 70, 39, 37, 84, 3, 92, 25, 55, 28, 29, 51, 7, 33, 61, 86, 66, 89, 50, 48, 96, 53, 80, 4, 8, 34, 49, 52, 0, 13, 2, 69, 74]|[1, 1, 1, 0, 1, 1, 1, 2, 2, 1, 2, 2, 2, 1, 1, 0, 0, 1, 0, 2, 2, 0, 1, 2, 0, 1, 2, 2, 0, 0, 1, 2, 1, 2, 1, 0, 2, 0, 1, 1, 0, 1, 1, 1, 0, 2, 1, 1, 0, 0, 0, 0, 1, 1, 2, 1, 2, 0, 0, 0, 2, 1, 0, 1, 2, 1, 2, 1, 1, 1, 1, 1, 2, 0, 1, 1, 0, 0, 0, 1, 2, 1, 0, 2, 1, 0, 0, 0, 0, 0, 0, 1, 2, 0, 1, 0, 0, 0, 1, 2]|[2, 4, 3, 2, 2, 0, 0, 2, 2, 4, 1, 1, 2, 4, 4, 1, 1, 4, 2, 1, 1, 1, 1, 2, 1, 2, 1, 1, 1, 1, 3, 2, 3, 0, 4, 0, 1, 1, 0, 3, 2, 2, 4, 0, 1, 1, 0, 2, 0, 1, 2, 2, 1, 4, 0, 3, 2, 1, 1, 2, 1, 3, 1, 1, 1, 3, 0, 4, 3, 1, 4, 1, 1, 2, 4, 4, 2, 1, 1, 3, 1, 3, 1, 1, 1, 1, 1, 1, 2, 1, 2, 3, 1, 1, 1, 2, 2, 2, 3, 1]|[1, 0, 2, 1, 1, 3, 3, 0, 0, 0, 0, 0, 1, 0, 1, 0, 0, 3, 1, 0, 0, 0, 3, 1, 0, 2, 0, 0, 0, 1, 0, 0, 0, 0, 3, 0, 1, 0, 0, 2, 1, 1, 2, 0, 0, 0, 0, 1, 1, 0, 0, 0, 1, 3, 0, 0, 1, 0, 0, 1, 0, 2, 0, 1, 0, 2, 1, 0, 0, 1, 1, 3, 0, 1, 3, 3, 1, 0, 0, 2, 0, 0, 0, 0, 1, 0, 0, 0, 1, 0, 1, 2, 0, 1, 1, 0, 0, 0, 0, 0],790.0808266764368,58301.839560278044,88734.19036740763,false
45,G1_CMAX,G1_CMAX,[31, 22, 90, 26, 58, 95, 42, 12, 93, 5, 78, 86, 98, 18, 20, 35, 3, 97, 91, 76, 10, 85, 54, 45, 63, 71, 66, 1, 23, 17, 24, 60, 36, 6, 57, 15, 65, 56, 47, 79, 94, 67, 50, 46, 14, 75, 38, 9, 30, 19, 32, 81, 27, 92, 83, 87, 40, 99, 59, 11, 53, 16, 72, 77, 73, 70, 39, 37, 84, 43, 62, 25, 55, 28, 29, 51, 68, 82, 74, 61, 88, 21, 80, 89, 7, 69, 96, 41, 48, 4, 8, 34, 49, 52, 0, 44, 13, 2, 64, 33]|[1, 1, 1, 1, 0, 2, 1, 1, 2, 2, 2, 1, 0, 1, 2, 2, 1, 2, 0, 1, 2, 2, 2, 0, 0, 1, 2, 1, 2, 1, 2, 1, 1, 0, 1, 1, 0, 2, 2, 1, 1, 0, 0, 0, 0, 1, 1, 1, 1, 2, 1, 2, 2, 0, 0, 2, 1, 0, 0, 2, 0, 1, 2, 2, 1, 1, 1, 1, 1, 1, 0, 1, 1, 0, 0, 0, 0, 0, 2, 1, 1, 0, 0, 1, 1, 1, 2, 2, 0, 1, 1, 2, 0, 1, 0, 0, 0, 0, 2, 2]|[0, 4, 3, 0, 1, 1, 2, 4, 1, 1, 2, 4, 1, 4, 1, 1, 1, 2, 2, 2, 2, 1, 1, 1, 2, 3, 2, 3, 0, 4, 1, 0, 3, 2, 2, 2, 1, 1, 1, 0, 2, 0, 1, 2, 1, 3, 1, 4, 2, 0, 3, 2, 1, 2, 1, 1, 4, 1, 1, 1, 2, 3, 0, 2, 4, 3, 1, 4, 1, 1, 1, 4, 4, 2, 1, 1, 1, 2, 1, 3, 0, 1, 1, 1, 1, 3, 1, 1, 1, 4, 3, 1, 1, 1, 2, 2, 2, 2, 1, 1]|[3, 0, 2, 3, 0, 0, 1, 0, 0, 0, 1, 0, 0, 3, 0, 0, 1, 1, 1, 2, 1, 0, 0, 0, 0, 0, 0, 0, 0, 3, 1, 0, 2, 1, 1, 1, 0, 0, 0, 0, 1, 1, 0, 0, 0, 0, 1, 3, 2, 0, 0, 1, 0, 1, 0, 0, 2, 0, 0, 0, 1, 2, 1, 1, 0, 0, 1, 1, 3, 3, 0, 3, 3, 1, 0, 0, 0, 1, 0, 0, 0, 0, 0, 1, 2, 2, 0, 0, 0, 0, 2, 0, 1, 1, 0, 0, 0, 0, 0, 0],705.0470749739228,58445.79123614564,95781.2895945797,false
45,G4_BALANCED,G3_TWC,[31, 22, 82, 15, 26, 58, 95, 42, 77, 12, 47, 5, 93, 78, 98, 54, 85, 63, 18, 44, 20, 35, 43, 97, 91, 76, 10, 30, 21, 45, 71, 64, 1, 23, 17, 83, 24, 14, 60, 36, 6, 57, 94, 88, 65, 56, 79, 40, 67, 68, 46, 75, 39, 9, 19, 32, 81, 96, 27, 62, 87, 90, 99, 59, 11, 16, 72, 73, 70, 38, 37, 84, 3, 51, 25, 55, 28, 29, 92, 7, 33, 61, 86, 48, 89, 50, 69, 41, 53, 80, 4, 8, 34, 49, 52, 0, 13, 2, 66, 74]|[1, 1, 0, 1, 1, 1, 2, 1, 2, 1, 2, 2, 2, 1, 1, 0, 0, 1, 0, 2, 2, 0, 1, 2, 0, 1, 2, 2, 0, 0, 1, 2, 1, 2, 1, 0, 2, 0, 1, 1, 0, 1, 1, 1, 0, 2, 1, 1, 0, 0, 0, 0, 1, 1, 2, 1, 2, 0, 0, 0, 2, 1, 0, 1, 2, 1, 2, 1, 1, 1, 1, 1, 2, 0, 1, 1, 0, 0, 0, 1, 2, 1, 0, 0, 1, 0, 2, 0, 0, 0, 0, 1, 2, 0, 1, 0, 0, 0, 2, 2]|[4, 3, 2, 2, 0, 0, 2, 2, 2, 4, 1, 1, 2, 4, 4, 1, 1, 4, 2, 1, 1, 1, 1, 2, 1, 2, 1, 1, 1, 1, 3, 2, 3, 0, 4, 0, 1, 1, 0, 3, 2, 2, 4, 0, 1, 1, 0, 2, 0, 1, 2, 2, 1, 4, 0, 3, 2, 1, 1, 2, 1, 3, 1, 1, 1, 3, 0, 4, 3, 1, 4, 1, 1, 1, 4, 4, 2, 1, 2, 3, 1, 3, 1, 1, 1, 1, 1, 1, 2, 1, 2, 3, 1, 1, 1, 2, 2, 2, 1, 1]|[0, 2, 1, 1, 3, 3, 0, 1, 0, 0, 0, 0, 1, 0, 1, 0, 0, 3, 1, 0, 0, 0, 3, 1, 0, 2, 0, 0, 0, 1, 0, 0, 0, 0, 3, 0, 1, 0, 0, 2, 1, 1, 2, 0, 0, 0, 0, 1, 1, 0, 0, 0, 1, 3, 0, 0, 1, 0, 0, 1, 0, 2, 0, 1, 0, 2, 1, 0, 0, 1, 1, 3, 0, 0, 3, 3, 1, 0, 1, 2, 0, 0, 0, 0, 1, 0, 0, 0, 1, 0, 1, 2, 0, 1, 1, 0, 0, 0, 0, 0],790.9023961408301,57693.759236216254,89136.6701683821,true
45,G2_TEC,G2_TEC,[31, 22, 82, 15, 26, 9, 95, 42, 77, 68, 47, 5, 93, 78, 86, 54, 85, 63, 18, 44, 20, 49, 36, 14, 74, 50, 53, 17, 21, 28, 11, 64, 3, 23, 30, 83, 24, 41, 40, 52, 65, 27, 90, 70, 39, 87, 48, 69, 99, 4, 75, 1, 13, 58, 97, 59, 45, 8, 73, 37, 35, 79, 71, 66, 76, 32, 60, 80, 56, 6, 67, 61, 33, 7, 57, 34, 12, 16, 10, 98, 96, 88, 43, 81, 91, 2, 84, 29, 92, 19, 51, 55, 46, 89, 25, 72, 94, 38, 62, 0]|[2, 1, 2, 1, 1, 2, 1, 1, 1, 1, 1, 0, 2, 2, 1, 2, 0, 0, 0, 2, 2, 1, 0, 2, 0, 2, 2, 1, 0, 1, 1, 1, 0, 0, 1, 0, 2, 1, 2, 2, 0, 0, 1, 1, 0, 2, 0, 2, 1, 0, 0, 2, 0, 0, 2, 0, 1, 1, 0, 0, 2, 1, 1, 2, 2, 0, 2, 2, 2, 1, 2, 1, 1, 2, 0, 1, 1, 2, 1, 2, 0, 1, 1, 1, 1, 0, 0, 1, 0, 1, 1, 0, 0, 1, 1, 1, 2, 0, 1, 2]|[0, 3, 0, 3, 4, 1, 4, 4, 2, 4, 3, 2, 1, 0, 2, 1, 1, 1, 2, 1, 1, 3, 0, 1, 0, 1, 1, 4, 1, 4, 3, 2, 2, 0, 4, 1, 1, 4, 1, 1, 2, 1, 4, 4, 1, 1, 0, 1, 3, 2, 2, 1, 2, 1, 1, 2, 4, 3, 0, 2, 2, 3, 3, 1, 1, 2, 1, 1, 1, 4, 1, 3, 4, 1, 2, 4, 3, 1, 3, 1, 2, 4, 4, 4, 3, 2, 2, 3, 2, 4, 3, 2, 2, 4, 4, 4, 1, 2, 3, 1]|[0, 2, 0, 0, 3, 0, 1, 3, 0, 0, 2, 0, 1, 0, 1, 0, 0, 0, 1, 0, 0, 2, 0, 0, 1, 0, 0, 3, 0, 1, 0, 2, 0, 0, 3, 0, 1, 1, 0, 0, 0, 0, 1, 3, 0, 0, 1, 0, 2, 0, 0, 0, 0, 0, 1, 0, 1, 0, 1, 1, 0, 2, 0, 0, 0, 0, 0, 0, 0, 2, 0, 0, 1, 0, 0, 1, 0, 0, 3, 0, 0, 1, 2, 2, 0, 0, 0, 3, 0, 1, 0, 0, 0, 1, 3, 1, 0, 0, 0, 0],900.0760482104305,49104.85573898611,106612.48357517918,false
45,G3_TWC,G3_TWC,[42, 31, 22, 82, 15, 26, 58, 95, 77, 12, 47, 5, 93, 78, 98, 54, 85, 63, 18, 44, 20, 35, 43, 97, 91, 76, 10, 30, 21, 45, 71, 64, 1, 23, 17, 83, 24, 14, 60, 36, 6, 57, 94, 88, 65, 56, 79, 40, 67, 68, 46, 75, 38, 9, 19, 32, 81, 41, 27, 62, 87, 90, 99, 59, 11, 16, 72, 73, 70, 39, 37, 84, 3, 92, 25, 55, 28, 29, 51, 7, 33, 61, 86, 66, 89, 50, 48, 96, 53, 80, 4, 8, 34, 49, 52, 0, 13, 2, 69, 74]|[1, 1, 1, 0, 1, 1, 1, 2, 2, 1, 2, 2, 2, 1, 1, 0, 0, 1, 0, 2, 2, 0, 1, 2, 0, 1, 2, 2, 0, 0, 1, 2, 1, 2, 1, 0, 2, 0, 1, 1, 0, 1, 1, 1, 0, 2, 1, 1, 0, 0, 0, 0, 1, 1, 2, 1, 2, 0, 0, 0, 2, 1, 0, 1, 2, 1, 2, 1, 1, 1, 1, 1, 2, 0, 1, 1, 0, 0, 0, 1, 2, 1, 0, 2, 1, 0, 0, 0, 0, 0, 0, 1, 2, 0, 1, 0, 0, 0, 1, 2]|[2, 4, 3, 2, 2, 0, 0, 2, 2, 4, 1, 1, 2, 4, 4, 1, 1, 4, 2, 1, 1, 1, 1, 2, 1, 2, 1, 1, 1, 1, 3, 2, 3, 0, 4, 0, 1, 1, 0, 3, 2, 2, 4, 0, 1, 1, 0, 2, 0, 1, 2, 2, 1, 4, 0, 3, 2, 1, 1, 2, 1, 3, 1, 1, 1, 3, 0, 4, 3, 1, 4, 1, 1, 2, 4, 4, 2, 1, 1, 3, 1, 3, 1, 1, 1, 1, 1, 1, 2, 1, 2, 3, 1, 1, 1, 2, 2, 2, 3, 1]|[1, 0, 2, 1, 1, 3, 3, 0, 0, 0, 0, 0, 1, 0, 1, 0, 0, 3, 1, 0, 0, 0, 3, 1, 0, 2, 0, 0, 0, 1, 0, 0, 0, 0, 3, 0, 1, 0, 0, 2, 1, 1, 2, 0, 0, 0, 0, 1, 1, 0, 0, 0, 1, 3, 0, 0, 1, 0, 0, 1, 0, 2, 0, 1, 0, 2, 1, 0, 0, 1, 1, 3, 0, 1, 3, 3, 1, 0, 0, 2, 0, 0, 0, 0, 1, 0, 0, 0, 1, 0, 1, 2, 0, 1, 1, 0, 0, 0, 0, 0],790.0808266764368,58301.839560278044,88734.19036740763,false
45,G1_CMAX,G1_CMAX,[31, 22, 90, 26, 58, 95, 42, 12, 93, 5, 78, 86, 98, 18, 20, 35, 3, 97, 91, 76, 10, 85, 54, 45, 63, 71, 66, 1, 23, 17, 24, 60, 36, 6, 57, 15, 65, 56, 47, 79, 94, 67, 50, 46, 14, 75, 38, 9, 30, 19, 32, 81, 27, 92, 83, 87, 40, 99, 59, 11, 53, 16, 72, 77, 73, 70, 39, 37, 84, 43, 62, 25, 55, 28, 29, 51, 68, 82, 74, 61, 88, 21, 80, 89, 7, 69, 96, 41, 48, 4, 8, 34, 49, 52, 0, 44, 13, 2, 64, 33]|[1, 1, 1, 1, 0, 2, 1, 1, 2, 2, 2, 1, 0, 1, 2, 2, 1, 2, 0, 1, 2, 2, 2, 0, 0, 1, 2, 1, 2, 1, 2, 1, 1, 0, 1, 1, 0, 2, 2, 1, 1, 0, 0, 0, 0, 1, 1, 1, 1, 2, 1, 2, 2, 0, 0, 2, 1, 0, 0, 2, 0, 1, 2, 2, 1, 1, 1, 1, 1, 1, 0, 1, 1, 0, 0, 0, 0, 0, 2, 1, 1, 0, 0, 1, 1, 1, 2, 2, 0, 1, 1, 2, 0, 1, 0, 0, 0, 0, 2, 2]|[0, 4, 3, 0, 1, 1, 2, 4, 1, 1, 2, 4, 1, 4, 1, 1, 1, 2, 2, 2, 2, 1, 1, 1, 2, 3, 2, 3, 0, 4, 1, 0, 3, 2, 2, 2, 1, 1, 1, 0, 2, 0, 1, 2, 1, 3, 1, 4, 2, 0, 3, 2, 1, 2, 1, 1, 4, 1, 1, 1, 2, 3, 0, 2, 4, 3, 1, 4, 1, 1, 1, 4, 4, 2, 1, 1, 1, 2, 1, 3, 0, 1, 1, 1, 1, 3, 1, 1, 1, 4, 3, 1, 1, 1, 2, 2, 2, 2, 1, 1]|[3, 0, 2, 3, 0, 0, 1, 0, 0, 0, 1, 0, 0, 3, 0, 0, 1, 1, 1, 2, 1, 0, 0, 0, 0, 0, 0, 0, 0, 3, 1, 0, 2, 1, 1, 1, 0, 0, 0, 0, 1, 1, 0, 0, 0, 0, 1, 3, 2, 0, 0, 1, 0, 1, 0, 0, 2, 0, 0, 0, 1, 2, 1, 1, 0, 0, 1, 1, 3, 3, 0, 3, 3, 1, 0, 0, 0, 1, 0, 0, 0, 0, 0, 1, 2, 2, 0, 0, 0, 0, 2, 0, 1, 1, 0, 0, 0, 0, 0, 0],705.0470749739228,58445.79123614564,95781.2895945797,false
45,G4_BALANCED,G3_TWC,[31, 22, 82, 15, 26, 58, 95, 42, 77, 12, 47, 5, 93, 78, 98, 54, 85, 63, 18, 44, 20, 35, 43, 97, 91, 76, 10, 30, 21, 45, 71, 64, 1, 23, 17, 83, 24, 14, 60, 36, 6, 57, 94, 88, 65, 56, 79, 40, 67, 68, 46, 75, 39, 9, 19, 32, 81, 96, 27, 62, 87, 90, 99, 59, 11, 16, 72, 73, 70, 38, 37, 84, 3, 51, 25, 55, 28, 29, 92, 7, 33, 61, 86, 48, 89, 50, 69, 41, 53, 80, 4, 8, 34, 49, 52, 0, 13, 2, 66, 74]|[1, 1, 0, 1, 1, 1, 2, 1, 2, 1, 2, 2, 2, 1, 1, 0, 0, 1, 0, 2, 2, 0, 1, 2, 0, 1, 2, 2, 0, 0, 1, 2, 1, 2, 1, 0, 2, 0, 1, 1, 0, 1, 1, 1, 0, 2, 1, 1, 0, 0, 0, 0, 1, 1, 2, 1, 2, 0, 0, 0, 2, 1, 0, 1, 2, 1, 2, 1, 1, 1, 1, 1, 2, 0, 1, 1, 0, 0, 0, 1, 2, 1, 0, 0, 1, 0, 2, 0, 0, 0, 0, 1, 2, 0, 1, 0, 0, 0, 2, 2]|[4, 3, 2, 2, 0, 0, 2, 2, 2, 4, 1, 1, 2, 4, 4, 1, 1, 4, 2, 1, 1, 1, 1, 2, 1, 2, 1, 1, 1, 1, 3, 2, 3, 0, 4, 0, 1, 1, 0, 3, 2, 2, 4, 0, 1, 1, 0, 2, 0, 1, 2, 2, 1, 4, 0, 3, 2, 1, 1, 2, 1, 3, 1, 1, 1, 3, 0, 4, 3, 1, 4, 1, 1, 1, 4, 4, 2, 1, 2, 3, 1, 3, 1, 1, 1, 1, 1, 1, 2, 1, 2, 3, 1, 1, 1, 2, 2, 2, 1, 1]|[0, 2, 1, 1, 3, 3, 0, 1, 0, 0, 0, 0, 1, 0, 1, 0, 0, 3, 1, 0, 0, 0, 3, 1, 0, 2, 0, 0, 0, 1, 0, 0, 0, 0, 3, 0, 1, 0, 0, 2, 1, 1, 2, 0, 0, 0, 0, 1, 1, 0, 0, 0, 1, 3, 0, 0, 1, 0, 0, 1, 0, 2, 0, 1, 0, 2, 1, 0, 0, 1, 1, 3, 0, 0, 3, 3, 1, 0, 1, 2, 0, 0, 0, 0, 1, 0, 0, 0, 1, 0, 1, 2, 0, 1, 1, 0, 0, 0, 0, 0],790.9023961408301,57693.759236216254,89136.6701683821,true
45,G2_TEC,G2_TEC,[31, 22, 82, 15, 26, 9, 95, 42, 77, 68, 47, 5, 93, 78, 86, 54, 85, 63, 18, 44, 20, 49, 36, 14, 74, 50, 53, 17, 21, 28, 11, 64, 3, 23, 30, 83, 24, 41, 40, 52, 65, 27, 90, 70, 39, 87, 48, 69, 99, 4, 75, 1, 13, 58, 97, 59, 45, 8, 73, 37, 35, 79, 71, 66, 76, 32, 60, 80, 56, 6, 67, 61, 33, 7, 57, 34, 12, 16, 10, 98, 96, 88, 43, 81, 91, 2, 84, 29, 92, 19, 51, 55, 46, 89, 25, 72, 94, 38, 62, 0]|[2, 1, 2, 1, 1, 2, 1, 1, 1, 1, 1, 0, 2, 2, 1, 2, 0, 0, 0, 2, 2, 1, 0, 2, 0, 2, 2, 1, 0, 1, 1, 1, 0, 0, 1, 0, 2, 1, 2, 2, 0, 0, 1, 1, 0, 2, 0, 2, 1, 0, 0, 2, 0, 0, 2, 0, 1, 1, 0, 0, 2, 1, 1, 2, 2, 0, 2, 2, 2, 1, 2, 1, 1, 2, 0, 1, 1, 2, 1, 2, 0, 1, 1, 1, 1, 0, 0, 1, 0, 1, 1, 0, 0, 1, 1, 1, 2, 0, 1, 2]|[0, 3, 0, 3, 4, 1, 4, 4, 2, 4, 3, 2, 1, 0, 2, 1, 1, 1, 2, 1, 1, 3, 0, 1, 0, 1, 1, 4, 1, 4, 3, 2, 2, 0, 4, 1, 1, 4, 1, 1, 2, 1, 4, 4, 1, 1, 0, 1, 3, 2, 2, 1, 2, 1, 1, 2, 4, 3, 0, 2, 2, 3, 3, 1, 1, 2, 1, 1, 1, 4, 1, 3, 4, 1, 2, 4, 3, 1, 3, 1, 2, 4, 4, 4, 3, 2, 2, 3, 2, 4, 3, 2, 2, 4, 4, 4, 1, 2, 3, 1]|[0, 2, 0, 0, 3, 0, 1, 3, 0, 0, 2, 0, 1, 0, 1, 0, 0, 0, 1, 0, 0, 2, 0, 0, 1, 0, 0, 3, 0, 1, 0, 2, 0, 0, 3, 0, 1, 1, 0, 0, 0, 0, 1, 3, 0, 0, 1, 0, 2, 0, 0, 0, 0, 0, 1, 0, 1, 0, 1, 1, 0, 2, 0, 0, 0, 0, 0, 0, 0, 2, 0, 0, 1, 0, 0, 1, 0, 0, 3, 0, 0, 1, 2, 2, 0, 0, 0, 3, 0, 1, 0, 0, 0, 1, 3, 1, 0, 0, 0, 0],900.0760482104305,49104.85573898611,106612.48357517918,false
45,G3_TWC,G3_TWC,[42, 31, 22, 82, 15, 26, 58, 95, 77, 12, 47, 5, 93, 78, 98, 54, 85, 63, 18, 44, 20, 35, 43, 97, 91, 76, 10, 30, 21, 45, 71, 64, 1, 23, 17, 83, 24, 14, 60, 36, 6, 57, 94, 88, 65, 56, 79, 40, 67, 68, 46, 75, 38, 9, 19, 32, 81, 41, 27, 62, 87, 90, 99, 59, 11, 16, 72, 73, 70, 39, 37, 84, 3, 92, 25, 55, 28, 29, 51, 7, 33, 61, 86, 66, 89, 50, 48, 96, 53, 80, 4, 8, 34, 49, 52, 0, 13, 2, 69, 74]|[1, 1, 1, 0, 1, 1, 1, 2, 2, 1, 2, 2, 2, 1, 1, 0, 0, 1, 0, 2, 2, 0, 1, 2, 0, 1, 2, 2, 0, 0, 1, 2, 1, 2, 1, 0, 2, 0, 1, 1, 0, 1, 1, 1, 0, 2, 1, 1, 0, 0, 0, 0, 1, 1, 2, 1, 2, 0, 0, 0, 2, 1, 0, 1, 2, 1, 2, 1, 1, 1, 1, 1, 2, 0, 1, 1, 0, 0, 0, 1, 2, 1, 0, 2, 1, 0, 0, 0, 0, 0, 0, 1, 2, 0, 1, 0, 0, 0, 1, 2]|[2, 4, 3, 2, 2, 0, 0, 2, 2, 4, 1, 1, 2, 4, 4, 1, 1, 4, 2, 1, 1, 1, 1, 2, 1, 2, 1, 1, 1, 1, 3, 2, 3, 0, 4, 0, 1, 1, 0, 3, 2, 2, 4, 0, 1, 1, 0, 2, 0, 1, 2, 2, 1, 4, 0, 3, 2, 1, 1, 2, 1, 3, 1, 1, 1, 3, 0, 4, 3, 1, 4, 1, 1, 2, 4, 4, 2, 1, 1, 3, 1, 3, 1, 1, 1, 1, 1, 1, 2, 1, 2, 3, 1, 1, 1, 2, 2, 2, 3, 1]|[1, 0, 2, 1, 1, 3, 3, 0, 0, 0, 0, 0, 1, 0, 1, 0, 0, 3, 1, 0, 0, 0, 3, 1, 0, 2, 0, 0, 0, 1, 0, 0, 0, 0, 3, 0, 1, 0, 0, 2, 1, 1, 2, 0, 0, 0, 0, 1, 1, 0, 0, 0, 1, 3, 0, 0, 1, 0, 0, 1, 0, 2, 0, 1, 0, 2, 1, 0, 0, 1, 1, 3, 0, 1, 3, 3, 1, 0, 0, 2, 0, 0, 0, 0, 1, 0, 0, 0, 1, 0, 1, 2, 0, 1, 1, 0, 0, 0, 0, 0],790.0808266764368,58301.839560278044,88734.19036740763,false
45,G1_CMAX,G1_CMAX,[31, 22, 90, 26, 58, 95, 42, 12, 93, 5, 78, 86, 98, 18, 20, 35, 3, 97, 91, 76, 10, 85, 54, 45, 63, 71, 66, 1, 23, 17, 24, 60, 36, 6, 57, 15, 65, 56, 47, 79, 94, 67, 50, 46, 14, 75, 38, 9, 30, 19, 32, 81, 27, 92, 83, 87, 40, 99, 59, 11, 53, 16, 72, 77, 73, 70, 39, 37, 84, 43, 62, 25, 55, 28, 29, 51, 68, 82, 74, 61, 88, 21, 80, 89, 7, 69, 96, 41, 48, 4, 8, 34, 49, 52, 0, 44, 13, 2, 64, 33]|[1, 1, 1, 1, 0, 2, 1, 1, 2, 2, 2, 1, 0, 1, 2, 2, 1, 2, 0, 1, 2, 2, 2, 0, 0, 1, 2, 1, 2, 1, 2, 1, 1, 0, 1, 1, 0, 2, 2, 1, 1, 0, 0, 0, 0, 1, 1, 1, 1, 2, 1, 2, 2, 0, 0, 2, 1, 0, 0, 2, 0, 1, 2, 2, 1, 1, 1, 1, 1, 1, 0, 1, 1, 0, 0, 0, 0, 0, 2, 1, 1, 0, 0, 1, 1, 1, 2, 2, 0, 1, 1, 2, 0, 1, 0, 0, 0, 0, 2, 2]|[0, 4, 3, 0, 1, 1, 2, 4, 1, 1, 2, 4, 1, 4, 1, 1, 1, 2, 2, 2, 2, 1, 1, 1, 2, 3, 2, 3, 0, 4, 1, 0, 3, 2, 2, 2, 1, 1, 1, 0, 2, 0, 1, 2, 1, 3, 1, 4, 2, 0, 3, 2, 1, 2, 1, 1, 4, 1, 1, 1, 2, 3, 0, 2, 4, 3, 1, 4, 1, 1, 1, 4, 4, 2, 1, 1, 1, 2, 1, 3, 0, 1, 1, 1, 1, 3, 1, 1, 1, 4, 3, 1, 1, 1, 2, 2, 2, 2, 1, 1]|[3, 0, 2, 3, 0, 0, 1, 0, 0, 0, 1, 0, 0, 3, 0, 0, 1, 1, 1, 2, 1, 0, 0, 0, 0, 0, 0, 0, 0, 3, 1, 0, 2, 1, 1, 1, 0, 0, 0, 0, 1, 1, 0, 0, 0, 0, 1, 3, 2, 0, 0, 1, 0, 1, 0, 0, 2, 0, 0, 0, 1, 2, 1, 1, 0, 0, 1, 1, 3, 3, 0, 3, 3, 1, 0, 0, 0, 1, 0, 0, 0, 0, 0, 1, 2, 2, 0, 0, 0, 0, 2, 0, 1, 1, 0, 0, 0, 0, 0, 0],705.0470749739228,58445.79123614564,95781.2895945797,false
45,G4_BALANCED,G3_TWC,[31, 22, 82, 15, 26, 58, 95, 42, 77, 12, 47, 5, 93, 78, 98, 54, 85, 63, 18, 44, 20, 35, 43, 97, 91, 76, 10, 30, 21, 45, 71, 64, 1, 23, 17, 83, 24, 14, 60, 36, 6, 57, 94, 88, 65, 56, 79, 40, 67, 68, 46, 75, 39, 9, 19, 32, 81, 96, 27, 62, 87, 90, 99, 59, 11, 16, 72, 73, 70, 38, 37, 84, 3, 51, 25, 55, 28, 29, 92, 7, 33, 61, 86, 48, 89, 50, 69, 41, 53, 80, 4, 8, 34, 49, 52, 0, 13, 2, 66, 74]|[1, 1, 0, 1, 1, 1, 2, 1, 2, 1, 2, 2, 2, 1, 1, 0, 0, 1, 0, 2, 2, 0, 1, 2, 0, 1, 2, 2, 0, 0, 1, 2, 1, 2, 1, 0, 2, 0, 1, 1, 0, 1, 1, 1, 0, 2, 1, 1, 0, 0, 0, 0, 1, 1, 2, 1, 2, 0, 0, 0, 2, 1, 0, 1, 2, 1, 2, 1, 1, 1, 1, 1, 2, 0, 1, 1, 0, 0, 0, 1, 2, 1, 0, 0, 1, 0, 2, 0, 0, 0, 0, 1, 2, 0, 1, 0, 0, 0, 2, 2]|[4, 3, 2, 2, 0, 0, 2, 2, 2, 4, 1, 1, 2, 4, 4, 1, 1, 4, 2, 1, 1, 1, 1, 2, 1, 2, 1, 1, 1, 1, 3, 2, 3, 0, 4, 0, 1, 1, 0, 3, 2, 2, 4, 0, 1, 1, 0, 2, 0, 1, 2, 2, 1, 4, 0, 3, 2, 1, 1, 2, 1, 3, 1, 1, 1, 3, 0, 4, 3, 1, 4, 1, 1, 1, 4, 4, 2, 1, 2, 3, 1, 3, 1, 1, 1, 1, 1, 1, 2, 1, 2, 3, 1, 1, 1, 2, 2, 2, 1, 1]|[0, 2, 1, 1, 3, 3, 0, 1, 0, 0, 0, 0, 1, 0, 1, 0, 0, 3, 1, 0, 0, 0, 3, 1, 0, 2, 0, 0, 0, 1, 0, 0, 0, 0, 3, 0, 1, 0, 0, 2, 1, 1, 2, 0, 0, 0, 0, 1, 1, 0, 0, 0, 1, 3, 0, 0, 1, 0, 0, 1, 0, 2, 0, 1, 0, 2, 1, 0, 0, 1, 1, 3, 0, 0, 3, 3, 1, 0, 1, 2, 0, 0, 0, 0, 1, 0, 0, 0, 1, 0, 1, 2, 0, 1, 1, 0, 0, 0, 0, 0],790.9023961408301,57693.759236216254,89136.6701683821,true
45,G2_TEC,G2_TEC,[31, 22, 82, 15, 26, 9, 95, 42, 77, 68, 47, 5, 93, 78, 86, 54, 85, 63, 18, 44, 20, 49, 36, 14, 74, 50, 53, 17, 21, 28, 11, 64, 3, 23, 30, 83, 24, 41, 40, 52, 65, 27, 90, 70, 39, 87, 48, 69, 99, 4, 75, 1, 13, 58, 97, 59, 45, 8, 73, 37, 35, 79, 71, 66, 76, 32, 60, 80, 56, 6, 67, 61, 33, 7, 57, 34, 12, 16, 10, 98, 96, 88, 43, 81, 91, 2, 84, 29, 92, 19, 51, 55, 46, 89, 25, 72, 94, 38, 62, 0]|[2, 1, 2, 1, 1, 2, 1, 1, 1, 1, 1, 0, 2, 2, 1, 2, 0, 0, 0, 2, 2, 1, 0, 2, 0, 2, 2, 1, 0, 1, 1, 1, 0, 0, 1, 0, 2, 1, 2, 2, 0, 0, 1, 1, 0, 2, 0, 2, 1, 0, 0, 2, 0, 0, 2, 0, 1, 1, 0, 0, 2, 1, 1, 2, 2, 0, 2, 2, 2, 1, 2, 1, 1, 2, 0, 1, 1, 2, 1, 2, 0, 1, 1, 1, 1, 0, 0, 1, 0, 1, 1, 0, 0, 1, 1, 1, 2, 0, 1, 2]|[0, 3, 0, 3, 4, 1, 4, 4, 2, 4, 3, 2, 1, 0, 2, 1, 1, 1, 2, 1, 1, 3, 0, 1, 0, 1, 1, 4, 1, 4, 3, 2, 2, 0, 4, 1, 1, 4, 1, 1, 2, 1, 4, 4, 1, 1, 0, 1, 3, 2, 2, 1, 2, 1, 1, 2, 4, 3, 0, 2, 2, 3, 3, 1, 1, 2, 1, 1, 1, 4, 1, 3, 4, 1, 2, 4, 3, 1, 3, 1, 2, 4, 4, 4, 3, 2, 2, 3, 2, 4, 3, 2, 2, 4, 4, 4, 1, 2, 3, 1]|[0, 2, 0, 0, 3, 0, 1, 3, 0, 0, 2, 0, 1, 0, 1, 0, 0, 0, 1, 0, 0, 2, 0, 0, 1, 0, 0, 3, 0, 1, 0, 2, 0, 0, 3, 0, 1, 1, 0, 0, 0, 0, 1, 3, 0, 0, 1, 0, 2, 0, 0, 0, 0, 0, 1, 0, 1, 0, 1, 1, 0, 2, 0, 0, 0, 0, 0, 0, 0, 2, 0, 0, 1, 0, 0, 1, 0, 0, 3, 0, 0, 1, 2, 2, 0, 0, 0, 3, 0, 1, 0, 0, 0, 1, 3, 1, 0, 0, 0, 0],900.0760482104305,49104.85573898611,106612.48357517918,false
45,G3_TWC,G3_TWC,[42, 31, 22, 82, 15, 26, 58, 95, 77, 12, 47, 5, 93, 78, 98, 54, 85, 63, 18, 44, 20, 35, 43, 97, 91, 76, 10, 30, 21, 45, 71, 64, 1, 23, 17, 83, 24, 14, 60, 36, 6, 57, 94, 88, 65, 56, 79, 40, 67, 68, 46, 75, 38, 9, 19, 32, 81, 41, 27, 62, 87, 90, 99, 59, 11, 16, 72, 73, 70, 39, 37, 84, 3, 92, 25, 55, 28, 29, 51, 7, 33, 61, 86, 66, 89, 50, 48, 96, 53, 80, 4, 8, 34, 49, 52, 0, 13, 2, 69, 74]|[1, 1, 1, 0, 1, 1, 1, 2, 2, 1, 2, 2, 2, 1, 1, 0, 0, 1, 0, 2, 2, 0, 1, 2, 0, 1, 2, 2, 0, 0, 1, 2, 1, 2, 1, 0, 2, 0, 1, 1, 0, 1, 1, 1, 0, 2, 1, 1, 0, 0, 0, 0, 1, 1, 2, 1, 2, 0, 0, 0, 2, 1, 0, 1, 2, 1, 2, 1, 1, 1, 1, 1, 2, 0, 1, 1, 0, 0, 0, 1, 2, 1, 0, 2, 1, 0, 0, 0, 0, 0, 0, 1, 2, 0, 1, 0, 0, 0, 1, 2]|[2, 4, 3, 2, 2, 0, 0, 2, 2, 4, 1, 1, 2, 4, 4, 1, 1, 4, 2, 1, 1, 1, 1, 2, 1, 2, 1, 1, 1, 1, 3, 2, 3, 0, 4, 0, 1, 1, 0, 3, 2, 2, 4, 0, 1, 1, 0, 2, 0, 1, 2, 2, 1, 4, 0, 3, 2, 1, 1, 2, 1, 3, 1, 1, 1, 3, 0, 4, 3, 1, 4, 1, 1, 2, 4, 4, 2, 1, 1, 3, 1, 3, 1, 1, 1, 1, 1, 1, 2, 1, 2, 3, 1, 1, 1, 2, 2, 2, 3, 1]|[1, 0, 2, 1, 1, 3, 3, 0, 0, 0, 0, 0, 1, 0, 1, 0, 0, 3, 1, 0, 0, 0, 3, 1, 0, 2, 0, 0, 0, 1, 0, 0, 0, 0, 3, 0, 1, 0, 0, 2, 1, 1, 2, 0, 0, 0, 0, 1, 1, 0, 0, 0, 1, 3, 0, 0, 1, 0, 0, 1, 0, 2, 0, 1, 0, 2, 1, 0, 0, 1, 1, 3, 0, 1, 3, 3, 1, 0, 0, 2, 0, 0, 0, 0, 1, 0, 0, 0, 1, 0, 1, 2, 0, 1, 1, 0, 0, 0, 0, 0],790.0808266764368,58301.839560278044,88734.19036740763,false
45,G1_CMAX,G1_CMAX,[31, 22, 90, 26, 58, 95, 42, 12, 93, 5, 78, 86, 98, 18, 20, 35, 3, 97, 91, 76, 10, 85, 54, 45, 63, 71, 66, 1, 23, 17, 24, 60, 36, 6, 57, 15, 65, 56, 47, 79, 94, 67, 50, 46, 14, 75, 38, 9, 30, 19, 32, 81, 27, 92, 83, 87, 40, 99, 59, 11, 53, 16, 72, 77, 73, 70, 39, 37, 84, 43, 62, 25, 55, 28, 29, 51, 68, 82, 74, 61, 88, 21, 80, 89, 7, 69, 96, 41, 48, 4, 8, 34, 49, 52, 0, 44, 13, 2, 64, 33]|[1, 1, 1, 1, 0, 2, 1, 1, 2, 2, 2, 1, 0, 1, 2, 2, 1, 2, 0, 1, 2, 2, 2, 0, 0, 1, 2, 1, 2, 1, 2, 1, 1, 0, 1, 1, 0, 2, 2, 1, 1, 0, 0, 0, 0, 1, 1, 1, 1, 2, 1, 2, 2, 0, 0, 2, 1, 0, 0, 2, 0, 1, 2, 2, 1, 1, 1, 1, 1, 1, 0, 1, 1, 0, 0, 0, 0, 0, 2, 1, 1, 0, 0, 1, 1, 1, 2, 2, 0, 1, 1, 2, 0, 1, 0, 0, 0, 0, 2, 2]|[0, 4, 3, 0, 1, 1, 2, 4, 1, 1, 2, 4, 1, 4, 1, 1, 1, 2, 2, 2, 2, 1, 1, 1, 2, 3, 2, 3, 0, 4, 1, 0, 3, 2, 2, 2, 1, 1, 1, 0, 2, 0, 1, 2, 1, 3, 1, 4, 2, 0, 3, 2, 1, 2, 1, 1, 4, 1, 1, 1, 2, 3, 0, 2, 4, 3, 1, 4, 1, 1, 1, 4, 4, 2, 1, 1, 1, 2, 1, 3, 0, 1, 1, 1, 1, 3, 1, 1, 1, 4, 3, 1, 1, 1, 2, 2, 2, 2, 1, 1]|[3, 0, 2, 3, 0, 0, 1, 0, 0, 0, 1, 0, 0, 3, 0, 0, 1, 1, 1, 2, 1, 0, 0, 0, 0, 0, 0, 0, 0, 3, 1, 0, 2, 1, 1, 1, 0, 0, 0, 0, 1, 1, 0, 0, 0, 0, 1, 3, 2, 0, 0, 1, 0, 1, 0, 0, 2, 0, 0, 0, 1, 2, 1, 1, 0, 0, 1, 1, 3, 3, 0, 3, 3, 1, 0, 0, 0, 1, 0, 0, 0, 0, 0, 1, 2, 2, 0, 0, 0, 0, 2, 0, 1, 1, 0, 0, 0, 0, 0, 0],705.0470749739228,58445.79123614564,95781.2895945797,false
45,G4_BALANCED,G3_TWC,[31, 22, 82, 15, 26, 58, 95, 42, 77, 12, 47, 5, 93, 78, 98, 54, 85, 63, 18, 44, 20, 35, 43, 97, 91, 76, 10, 30, 21, 45, 71, 64, 1, 23, 17, 83, 24, 14, 60, 36, 6, 57, 94, 88, 65, 56, 79, 40, 67, 68, 46, 75, 39, 9, 19, 32, 81, 96, 27, 62, 87, 90, 99, 59, 11, 16, 72, 73, 70, 38, 37, 84, 3, 51, 25, 55, 28, 29, 92, 7, 33, 61, 86, 48, 89, 50, 69, 41, 53, 80, 4, 8, 34, 49, 52, 0, 13, 2, 66, 74]|[1, 1, 0, 1, 1, 1, 2, 1, 2, 1, 2, 2, 2, 1, 1, 0, 0, 1, 0, 2, 2, 0, 1, 2, 0, 1, 2, 2, 0, 0, 1, 2, 1, 2, 1, 0, 2, 0, 1, 1, 0, 1, 1, 1, 0, 2, 1, 1, 0, 0, 0, 0, 1, 1, 2, 1, 2, 0, 0, 0, 2, 1, 0, 1, 2, 1, 2, 1, 1, 1, 1, 1, 2, 0, 1, 1, 0, 0, 0, 1, 2, 1, 0, 0, 1, 0, 2, 0, 0, 0, 0, 1, 2, 0, 1, 0, 0, 0, 2, 2]|[4, 3, 2, 2, 0, 0, 2, 2, 2, 4, 1, 1, 2, 4, 4, 1, 1, 4, 2, 1, 1, 1, 1, 2, 1, 2, 1, 1, 1, 1, 3, 2, 3, 0, 4, 0, 1, 1, 0, 3, 2, 2, 4, 0, 1, 1, 0, 2, 0, 1, 2, 2, 1, 4, 0, 3, 2, 1, 1, 2, 1, 3, 1, 1, 1, 3, 0, 4, 3, 1, 4, 1, 1, 1, 4, 4, 2, 1, 2, 3, 1, 3, 1, 1, 1, 1, 1, 1, 2, 1, 2, 3, 1, 1, 1, 2, 2, 2, 1, 1]|[0, 2, 1, 1, 3, 3, 0, 1, 0, 0, 0, 0, 1, 0, 1, 0, 0, 3, 1, 0, 0, 0, 3, 1, 0, 2, 0, 0, 0, 1, 0, 0, 0, 0, 3, 0, 1, 0, 0, 2, 1, 1, 2, 0, 0, 0, 0, 1, 1, 0, 0, 0, 1, 3, 0, 0, 1, 0, 0, 1, 0, 2, 0, 1, 0, 2, 1, 0, 0, 1, 1, 3, 0, 0, 3, 3, 1, 0, 1, 2, 0, 0, 0, 0, 1, 0, 0, 0, 1, 0, 1, 2, 0, 1, 1, 0, 0, 0, 0, 0],790.9023961408301,57693.759236216254,89136.6701683821,true
45,G2_TEC,G2_TEC,[31, 22, 82, 15, 26, 9, 95, 42, 77, 68, 47, 5, 93, 78, 86, 54, 85, 63, 18, 44, 20, 49, 36, 14, 74, 50, 53, 17, 21, 28, 11, 64, 3, 23, 30, 83, 24, 41, 40, 52, 65, 27, 90, 70, 39, 87, 48, 69, 99, 4, 75, 1, 13, 58, 97, 59, 45, 8, 73, 37, 35, 79, 71, 66, 76, 32, 60, 80, 56, 6, 67, 61, 33, 7, 57, 34, 12, 16, 10, 98, 96, 88, 43, 81, 91, 2, 84, 29, 92, 19, 51, 55, 46, 89, 25, 72, 94, 38, 62, 0]|[2, 1, 2, 1, 1, 2, 1, 1, 1, 1, 1, 0, 2, 2, 1, 2, 0, 0, 0, 2, 2, 1, 0, 2, 0, 2, 2, 1, 0, 1, 1, 1, 0, 0, 1, 0, 2, 1, 2, 2, 0, 0, 1, 1, 0, 2, 0, 2, 1, 0, 0, 2, 0, 0, 2, 0, 1, 1, 0, 0, 2, 1, 1, 2, 2, 0, 2, 2, 2, 1, 2, 1, 1, 2, 0, 1, 1, 2, 1, 2, 0, 1, 1, 1, 1, 0, 0, 1, 0, 1, 1, 0, 0, 1, 1, 1, 2, 0, 1, 2]|[0, 3, 0, 3, 4, 1, 4, 4, 2, 4, 3, 2, 1, 0, 2, 1, 1, 1, 2, 1, 1, 3, 0, 1, 0, 1, 1, 4, 1, 4, 3, 2, 2, 0, 4, 1, 1, 4, 1, 1, 2, 1, 4, 4, 1, 1, 0, 1, 3, 2, 2, 1, 2, 1, 1, 2, 4, 3, 0, 2, 2, 3, 3, 1, 1, 2, 1, 1, 1, 4, 1, 3, 4, 1, 2, 4, 3, 1, 3, 1, 2, 4, 4, 4, 3, 2, 2, 3, 2, 4, 3, 2, 2, 4, 4, 4, 1, 2, 3, 1]|[0, 2, 0, 0, 3, 0, 1, 3, 0, 0, 2, 0, 1, 0, 1, 0, 0, 0, 1, 0, 0, 2, 0, 0, 1, 0, 0, 3, 0, 1, 0, 2, 0, 0, 3, 0, 1, 1, 0, 0, 0, 0, 1, 3, 0, 0, 1, 0, 2, 0, 0, 0, 0, 0, 1, 0, 1, 0, 1, 1, 0, 2, 0, 0, 0, 0, 0, 0, 0, 2, 0, 0, 1, 0, 0, 1, 0, 0, 3, 0, 0, 1, 2, 2, 0, 0, 0, 3, 0, 1, 0, 0, 0, 1, 3, 1, 0, 0, 0, 0],900.0760482104305,49104.85573898611,106612.48357517918,false
45,G3_TWC,G3_TWC,[42, 31, 22, 82, 15, 26, 58, 95, 77, 12, 47, 5, 93, 78, 98, 54, 85, 63, 18, 44, 20, 35, 43, 97, 91, 76, 10, 30, 21, 45, 71, 64, 1, 23, 17, 83, 24, 14, 60, 36, 6, 57, 94, 88, 65, 56, 79, 40, 67, 68, 46, 75, 38, 9, 19, 32, 81, 41, 27, 62, 87, 90, 99, 59, 11, 16, 72, 73, 70, 39, 37, 84, 3, 92, 25, 55, 28, 29, 51, 7, 33, 61, 86, 66, 89, 50, 48, 96, 53, 80, 4, 8, 34, 49, 52, 0, 13, 2, 69, 74]|[1, 1, 1, 0, 1, 1, 1, 2, 2, 1, 2, 2, 2, 1, 1, 0, 0, 1, 0, 2, 2, 0, 1, 2, 0, 1, 2, 2, 0, 0, 1, 2, 1, 2, 1, 0, 2, 0, 1, 1, 0, 1, 1, 1, 0, 2, 1, 1, 0, 0, 0, 0, 1, 1, 2, 1, 2, 0, 0, 0, 2, 1, 0, 1, 2, 1, 2, 1, 1, 1, 1, 1, 2, 0, 1, 1, 0, 0, 0, 1, 2, 1, 0, 2, 1, 0, 0, 0, 0, 0, 0, 1, 2, 0, 1, 0, 0, 0, 1, 2]|[2, 4, 3, 2, 2, 0, 0, 2, 2, 4, 1, 1, 2, 4, 4, 1, 1, 4, 2, 1, 1, 1, 1, 2, 1, 2, 1, 1, 1, 1, 3, 2, 3, 0, 4, 0, 1, 1, 0, 3, 2, 2, 4, 0, 1, 1, 0, 2, 0, 1, 2, 2, 1, 4, 0, 3, 2, 1, 1, 2, 1, 3, 1, 1, 1, 3, 0, 4, 3, 1, 4, 1, 1, 2, 4, 4, 2, 1, 1, 3, 1, 3, 1, 1, 1, 1, 1, 1, 2, 1, 2, 3, 1, 1, 1, 2, 2, 2, 3, 1]|[1, 0, 2, 1, 1, 3, 3, 0, 0, 0, 0, 0, 1, 0, 1, 0, 0, 3, 1, 0, 0, 0, 3, 1, 0, 2, 0, 0, 0, 1, 0, 0, 0, 0, 3, 0, 1, 0, 0, 2, 1, 1, 2, 0, 0, 0, 0, 1, 1, 0, 0, 0, 1, 3, 0, 0, 1, 0, 0, 1, 0, 2, 0, 1, 0, 2, 1, 0, 0, 1, 1, 3, 0, 1, 3, 3, 1, 0, 0, 2, 0, 0, 0, 0, 1, 0, 0, 0, 1, 0, 1, 2, 0, 1, 1, 0, 0, 0, 0, 0],790.0808266764368,58301.839560278044,88734.19036740763,false
45,G1_CMAX,G1_CMAX,[31, 22, 90, 26, 58, 95, 42, 12, 93, 5, 78, 86, 98, 18, 20, 35, 3, 97, 91, 76, 10, 85, 54, 45, 63, 71, 66, 1, 23, 17, 24, 60, 36, 6, 57, 15, 65, 56, 47, 79, 94, 67, 50, 46, 14, 75, 38, 9, 30, 19, 32, 81, 27, 92, 83, 87, 40, 99, 59, 11, 53, 16, 72, 77, 73, 70, 39, 37, 84, 43, 62, 25, 55, 28, 29, 51, 68, 82, 74, 61, 88, 21, 80, 89, 7, 69, 96, 41, 48, 4, 8, 34, 49, 52, 0, 44, 13, 2, 64, 33]|[1, 1, 1, 1, 0, 2, 1, 1, 2, 2, 2, 1, 0, 1, 2, 2, 1, 2, 0, 1, 2, 2, 2, 0, 0, 1, 2, 1, 2, 1, 2, 1, 1, 0, 1, 1, 0, 2, 2, 1, 1, 0, 0, 0, 0, 1, 1, 1, 1, 2, 1, 2, 2, 0, 0, 2, 1, 0, 0, 2, 0, 1, 2, 2, 1, 1, 1, 1, 1, 1, 0, 1, 1, 0, 0, 0, 0, 0, 2, 1, 1, 0, 0, 1, 1, 1, 2, 2, 0, 1, 1, 2, 0, 1, 0, 0, 0, 0, 2, 2]|[0, 4, 3, 0, 1, 1, 2, 4, 1, 1, 2, 4, 1, 4, 1, 1, 1, 2, 2, 2, 2, 1, 1, 1, 2, 3, 2, 3, 0, 4, 1, 0, 3, 2, 2, 2, 1, 1, 1, 0, 2, 0, 1, 2, 1, 3, 1, 4, 2, 0, 3, 2, 1, 2, 1, 1, 4, 1, 1, 1, 2, 3, 0, 2, 4, 3, 1, 4, 1, 1, 1, 4, 4, 2, 1, 1, 1, 2, 1, 3, 0, 1, 1, 1, 1, 3, 1, 1, 1, 4, 3, 1, 1, 1, 2, 2, 2, 2, 1, 1]|[3, 0, 2, 3, 0, 0, 1, 0, 0, 0, 1, 0, 0, 3, 0, 0, 1, 1, 1, 2, 1, 0, 0, 0, 0, 0, 0, 0, 0, 3, 1, 0, 2, 1, 1, 1, 0, 0, 0, 0, 1, 1, 0, 0, 0, 0, 1, 3, 2, 0, 0, 1, 0, 1, 0, 0, 2, 0, 0, 0, 1, 2, 1, 1, 0, 0, 1, 1, 3, 3, 0, 3, 3, 1, 0, 0, 0, 1, 0, 0, 0, 0, 0, 1, 2, 2, 0, 0, 0, 0, 2, 0, 1, 1, 0, 0, 0, 0, 0, 0],705.0470749739228,58445.79123614564,95781.2895945797,false
45,G4_BALANCED,G3_TWC,[31, 22, 82, 15, 26, 58, 95, 42, 77, 12, 47, 5, 93, 78, 98, 54, 85, 63, 18, 44, 20, 35, 43, 97, 91, 76, 10, 30, 21, 45, 71, 64, 1, 23, 17, 83, 24, 14, 60, 36, 6, 57, 94, 88, 65, 56, 79, 40, 67, 68, 46, 75, 39, 9, 19, 32, 81, 96, 27, 62, 87, 90, 99, 59, 11, 16, 72, 73, 70, 38, 37, 84, 3, 51, 25, 55, 28, 29, 92, 7, 33, 61, 86, 48, 89, 50, 69, 41, 53, 80, 4, 8, 34, 49, 52, 0, 13, 2, 66, 74]|[1, 1, 0, 1, 1, 1, 2, 1, 2, 1, 2, 2, 2, 1, 1, 0, 0, 1, 0, 2, 2, 0, 1, 2, 0, 1, 2, 2, 0, 0, 1, 2, 1, 2, 1, 0, 2, 0, 1, 1, 0, 1, 1, 1, 0, 2, 1, 1, 0, 0, 0, 0, 1, 1, 2, 1, 2, 0, 0, 0, 2, 1, 0, 1, 2, 1, 2, 1, 1, 1, 1, 1, 2, 0, 1, 1, 0, 0, 0, 1, 2, 1, 0, 0, 1, 0, 2, 0, 0, 0, 0, 1, 2, 0, 1, 0, 0, 0, 2, 2]|[4, 3, 2, 2, 0, 0, 2, 2, 2, 4, 1, 1, 2, 4, 4, 1, 1, 4, 2, 1, 1, 1, 1, 2, 1, 2, 1, 1, 1, 1, 3, 2, 3, 0, 4, 0, 1, 1, 0, 3, 2, 2, 4, 0, 1, 1, 0, 2, 0, 1, 2, 2, 1, 4, 0, 3, 2, 1, 1, 2, 1, 3, 1, 1, 1, 3, 0, 4, 3, 1, 4, 1, 1, 1, 4, 4, 2, 1, 2, 3, 1, 3, 1, 1, 1, 1, 1, 1, 2, 1, 2, 3, 1, 1, 1, 2, 2, 2, 1, 1]|[0, 2, 1, 1, 3, 3, 0, 1, 0, 0, 0, 0, 1, 0, 1, 0, 0, 3, 1, 0, 0, 0, 3, 1, 0, 2, 0, 0, 0, 1, 0, 0, 0, 0, 3, 0, 1, 0, 0, 2, 1, 1, 2, 0, 0, 0, 0, 1, 1, 0, 0, 0, 1, 3, 0, 0, 1, 0, 0, 1, 0, 2, 0, 1, 0, 2, 1, 0, 0, 1, 1, 3, 0, 0, 3, 3, 1, 0, 1, 2, 0, 0, 0, 0, 1, 0, 0, 0, 1, 0, 1, 2, 0, 1, 1, 0, 0, 0, 0, 0],790.9023961408301,57693.759236216254,89136.6701683821,true
45,G2_TEC,G2_TEC,[31, 22, 82, 15, 26, 9, 95, 42, 77, 68, 47, 5, 93, 78, 86, 54, 85, 63, 18, 44, 20, 49, 36, 14, 74, 50, 53, 17, 21, 28, 11, 64, 3, 23, 30, 83, 24, 41, 40, 52, 65, 27, 90, 70, 39, 87, 48, 69, 99, 4, 75, 1, 13, 58, 97, 59, 45, 8, 73, 37, 35, 79, 71, 66, 76, 32, 60, 80, 56, 6, 67, 61, 33, 7, 57, 34, 12, 16, 10, 98, 96, 88, 43, 81, 91, 2, 84, 29, 92, 19, 51, 55, 46, 89, 25, 72, 94, 38, 62, 0]|[2, 1, 2, 1, 1, 2, 1, 1, 1, 1, 1, 0, 2, 2, 1, 2, 0, 0, 0, 2, 2, 1, 0, 2, 0, 2, 2, 1, 0, 1, 1, 1, 0, 0, 1, 0, 2, 1, 2, 2, 0, 0, 1, 1, 0, 2, 0, 2, 1, 0, 0, 2, 0, 0, 2, 0, 1, 1, 0, 0, 2, 1, 1, 2, 2, 0, 2, 2, 2, 1, 2, 1, 1, 2, 0, 1, 1, 2, 1, 2, 0, 1, 1, 1, 1, 0, 0, 1, 0, 1, 1, 0, 0, 1, 1, 1, 2, 0, 1, 2]|[0, 3, 0, 3, 4, 1, 4, 4, 2, 4, 3, 2, 1, 0, 2, 1, 1, 1, 2, 1, 1, 3, 0, 1, 0, 1, 1, 4, 1, 4, 3, 2, 2, 0, 4, 1, 1, 4, 1, 1, 2, 1, 4, 4, 1, 1, 0, 1, 3, 2, 2, 1, 2, 1, 1, 2, 4, 3, 0, 2, 2, 3, 3, 1, 1, 2, 1, 1, 1, 4, 1, 3, 4, 1, 2, 4, 3, 1, 3, 1, 2, 4, 4, 4, 3, 2, 2, 3, 2, 4, 3, 2, 2, 4, 4, 4, 1, 2, 3, 1]|[0, 2, 0, 0, 3, 0, 1, 3, 0, 0, 2, 0, 1, 0, 1, 0, 0, 0, 1, 0, 0, 2, 0, 0, 1, 0, 0, 3, 0, 1, 0, 2, 0, 0, 3, 0, 1, 1, 0, 0, 0, 0, 1, 3, 0, 0, 1, 0, 2, 0, 0, 0, 0, 0, 1, 0, 1, 0, 1, 1, 0, 2, 0, 0, 0, 0, 0, 0, 0, 2, 0, 0, 1, 0, 0, 1, 0, 0, 3, 0, 0, 1, 2, 2, 0, 0, 0, 3, 0, 1, 0, 0, 0, 1, 3, 1, 0, 0, 0, 0],900.0760482104305,49104.85573898611,106612.48357517918,false
45,G3_TWC,G3_TWC,[42, 31, 22, 82, 15, 26, 58, 95, 77, 12, 47, 5, 93, 78, 98, 54, 85, 63, 18, 44, 20, 35, 43, 97, 91, 76, 10, 30, 21, 45, 71, 64, 1, 23, 17, 83, 24, 14, 60, 36, 6, 57, 94, 88, 65, 56, 79, 40, 67, 68, 46, 75, 38, 9, 19, 32, 81, 41, 27, 62, 87, 90, 99, 59, 11, 16, 72, 73, 70, 39, 37, 84, 3, 92, 25, 55, 28, 29, 51, 7, 33, 61, 86, 66, 89, 50, 48, 96, 53, 80, 4, 8, 34, 49, 52, 0, 13, 2, 69, 74]|[1, 1, 1, 0, 1, 1, 1, 2, 2, 1, 2, 2, 2, 1, 1, 0, 0, 1, 0, 2, 2, 0, 1, 2, 0, 1, 2, 2, 0, 0, 1, 2, 1, 2, 1, 0, 2, 0, 1, 1, 0, 1, 1, 1, 0, 2, 1, 1, 0, 0, 0, 0, 1, 1, 2, 1, 2, 0, 0, 0, 2, 1, 0, 1, 2, 1, 2, 1, 1, 1, 1, 1, 2, 0, 1, 1, 0, 0, 0, 1, 2, 1, 0, 2, 1, 0, 0, 0, 0, 0, 0, 1, 2, 0, 1, 0, 0, 0, 1, 2]|[2, 4, 3, 2, 2, 0, 0, 2, 2, 4, 1, 1, 2, 4, 4, 1, 1, 4, 2, 1, 1, 1, 1, 2, 1, 2, 1, 1, 1, 1, 3, 2, 3, 0, 4, 0, 1, 1, 0, 3, 2, 2, 4, 0, 1, 1, 0, 2, 0, 1, 2, 2, 1, 4, 0, 3, 2, 1, 1, 2, 1, 3, 1, 1, 1, 3, 0, 4, 3, 1, 4, 1, 1, 2, 4, 4, 2, 1, 1, 3, 1, 3, 1, 1, 1, 1, 1, 1, 2, 1, 2, 3, 1, 1, 1, 2, 2, 2, 3, 1]|[1, 0, 2, 1, 1, 3, 3, 0, 0, 0, 0, 0, 1, 0, 1, 0, 0, 3, 1, 0, 0, 0, 3, 1, 0, 2, 0, 0, 0, 1, 0, 0, 0, 0, 3, 0, 1, 0, 0, 2, 1, 1, 2, 0, 0, 0, 0, 1, 1, 0, 0, 0, 1, 3, 0, 0, 1, 0, 0, 1, 0, 2, 0, 1, 0, 2, 1, 0, 0, 1, 1, 3, 0, 1, 3, 3, 1, 0, 0, 2, 0, 0, 0, 0, 1, 0, 0, 0, 1, 0, 1, 2, 0, 1, 1, 0, 0, 0, 0, 0],790.0808266764368,58301.839560278044,88734.19036740763,false
45,G1_CMAX,G1_CMAX,[31, 22, 90, 26, 58, 95, 42, 12, 93, 5, 78, 86, 98, 18, 20, 35, 3, 97, 91, 76, 10, 85, 54, 45, 63, 71, 66, 1, 23, 17, 24, 60, 36, 6, 57, 15, 65, 56, 47, 79, 94, 67, 50, 46, 14, 75, 38, 9, 30, 19, 32, 81, 27, 92, 83, 87, 40, 99, 59, 11, 53, 16, 72, 77, 73, 70, 39, 37, 84, 43, 62, 25, 55, 28, 29, 51, 68, 82, 74, 61, 88, 21, 80, 89, 7, 69, 96, 41, 48, 4, 8, 34, 49, 52, 0, 44, 13, 2, 64, 33]|[1, 1, 1, 1, 0, 2, 1, 1, 2, 2, 2, 1, 0, 1, 2, 2, 1, 2, 0, 1, 2, 2, 2, 0, 0, 1, 2, 1, 2, 1, 2, 1, 1, 0, 1, 1, 0, 2, 2, 1, 1, 0, 0, 0, 0, 1, 1, 1, 1, 2, 1, 2, 2, 0, 0, 2, 1, 0, 0, 2, 0, 1, 2, 2, 1, 1, 1, 1, 1, 1, 0, 1, 1, 0, 0, 0, 0, 0, 2, 1, 1, 0, 0, 1, 1, 1, 2, 2, 0, 1, 1, 2, 0, 1, 0, 0, 0, 0, 2, 2]|[0, 4, 3, 0, 1, 1, 2, 4, 1, 1, 2, 4, 1, 4, 1, 1, 1, 2, 2, 2, 2, 1, 1, 1, 2, 3, 2, 3, 0, 4, 1, 0, 3, 2, 2, 2, 1, 1, 1, 0, 2, 0, 1, 2, 1, 3, 1, 4, 2, 0, 3, 2, 1, 2, 1, 1, 4, 1, 1, 1, 2, 3, 0, 2, 4, 3, 1, 4, 1, 1, 1, 4, 4, 2, 1, 1, 1, 2, 1, 3, 0, 1, 1, 1, 1, 3, 1, 1, 1, 4, 3, 1, 1, 1, 2, 2, 2, 2, 1, 1]|[3, 0, 2, 3, 0, 0, 1, 0, 0, 0, 1, 0, 0, 3, 0, 0, 1, 1, 1, 2, 1, 0, 0, 0, 0, 0, 0, 0, 0, 3, 1, 0, 2, 1, 1, 1, 0, 0, 0, 0, 1, 1, 0, 0, 0, 0, 1, 3, 2, 0, 0, 1, 0, 1, 0, 0, 2, 0, 0, 0, 1, 2, 1, 1, 0, 0, 1, 1, 3, 3, 0, 3, 3, 1, 0, 0, 0, 1, 0, 0, 0, 0, 0, 1, 2, 2, 0, 0, 0, 0, 2, 0, 1, 1, 0, 0, 0, 0, 0, 0],705.0470749739228,58445.79123614564,95781.2895945797,false
45,G4_BALANCED,G3_TWC,[31, 22, 82, 15, 26, 58, 95, 42, 77, 12, 47, 5, 93, 78, 98, 54, 85, 63, 18, 44, 20, 35, 43, 97, 91, 76, 10, 30, 21, 45, 71, 64, 1, 23, 17, 83, 24, 14, 60, 36, 6, 57, 94, 88, 65, 56, 79, 40, 67, 68, 46, 75, 39, 9, 19, 32, 81, 96, 27, 62, 87, 90, 99, 59, 11, 16, 72, 73, 70, 38, 37, 84, 3, 51, 25, 55, 28, 29, 92, 7, 33, 61, 86, 48, 89, 50, 69, 41, 53, 80, 4, 8, 34, 49, 52, 0, 13, 2, 66, 74]|[1, 1, 0, 1, 1, 1, 2, 1, 2, 1, 2, 2, 2, 1, 1, 0, 0, 1, 0, 2, 2, 0, 1, 2, 0, 1, 2, 2, 0, 0, 1, 2, 1, 2, 1, 0, 2, 0, 1, 1, 0, 1, 1, 1, 0, 2, 1, 1, 0, 0, 0, 0, 1, 1, 2, 1, 2, 0, 0, 0, 2, 1, 0, 1, 2, 1, 2, 1, 1, 1, 1, 1, 2, 0, 1, 1, 0, 0, 0, 1, 2, 1, 0, 0, 1, 0, 2, 0, 0, 0, 0, 1, 2, 0, 1, 0, 0, 0, 2, 2]|[4, 3, 2, 2, 0, 0, 2, 2, 2, 4, 1, 1, 2, 4, 4, 1, 1, 4, 2, 1, 1, 1, 1, 2, 1, 2, 1, 1, 1, 1, 3, 2, 3, 0, 4, 0, 1, 1, 0, 3, 2, 2, 4, 0, 1, 1, 0, 2, 0, 1, 2, 2, 1, 4, 0, 3, 2, 1, 1, 2, 1, 3, 1, 1, 1, 3, 0, 4, 3, 1, 4, 1, 1, 1, 4, 4, 2, 1, 2, 3, 1, 3, 1, 1, 1, 1, 1, 1, 2, 1, 2, 3, 1, 1, 1, 2, 2, 2, 1, 1]|[0, 2, 1, 1, 3, 3, 0, 1, 0, 0, 0, 0, 1, 0, 1, 0, 0, 3, 1, 0, 0, 0, 3, 1, 0, 2, 0, 0, 0, 1, 0, 0, 0, 0, 3, 0, 1, 0, 0, 2, 1, 1, 2, 0, 0, 0, 0, 1, 1, 0, 0, 0, 1, 3, 0, 0, 1, 0, 0, 1, 0, 2, 0, 1, 0, 2, 1, 0, 0, 1, 1, 3, 0, 0, 3, 3, 1, 0, 1, 2, 0, 0, 0, 0, 1, 0, 0, 0, 1, 0, 1, 2, 0, 1, 1, 0, 0, 0, 0, 0],790.9023961408301,57693.759236216254,89136.6701683821,true
45,G2_TEC,G2_TEC,[31, 22, 82, 15, 26, 9, 95, 42, 77, 68, 47, 5, 93, 78, 86, 54, 85, 63, 18, 44, 20, 49, 36, 14, 74, 50, 53, 17, 21, 28, 11, 64, 3, 23, 30, 83, 24, 41, 40, 52, 65, 27, 90, 70, 39, 87, 48, 69, 99, 4, 75, 1, 13, 58, 97, 59, 45, 8, 73, 37, 35, 79, 71, 66, 76, 32, 60, 80, 56, 6, 67, 61, 33, 7, 57, 34, 12, 16, 10, 98, 96, 88, 43, 81, 91, 2, 84, 29, 92, 19, 51, 55, 46, 89, 25, 72, 94, 38, 62, 0]|[2, 1, 2, 1, 1, 2, 1, 1, 1, 1, 1, 0, 2, 2, 1, 2, 0, 0, 0, 2, 2, 1, 0, 2, 0, 2, 2, 1, 0, 1, 1, 1, 0, 0, 1, 0, 2, 1, 2, 2, 0, 0, 1, 1, 0, 2, 0, 2, 1, 0, 0, 2, 0, 0, 2, 0, 1, 1, 0, 0, 2, 1, 1, 2, 2, 0, 2, 2, 2, 1, 2, 1, 1, 2, 0, 1, 1, 2, 1, 2, 0, 1, 1, 1, 1, 0, 0, 1, 0, 1, 1, 0, 0, 1, 1, 1, 2, 0, 1, 2]|[0, 3, 0, 3, 4, 1, 4, 4, 2, 4, 3, 2, 1, 0, 2, 1, 1, 1, 2, 1, 1, 3, 0, 1, 0, 1, 1, 4, 1, 4, 3, 2, 2, 0, 4, 1, 1, 4, 1, 1, 2, 1, 4, 4, 1, 1, 0, 1, 3, 2, 2, 1, 2, 1, 1, 2, 4, 3, 0, 2, 2, 3, 3, 1, 1, 2, 1, 1, 1, 4, 1, 3, 4, 1, 2, 4, 3, 1, 3, 1, 2, 4, 4, 4, 3, 2, 2, 3, 2, 4, 3, 2, 2, 4, 4, 4, 1, 2, 3, 1]|[0, 2, 0, 0, 3, 0, 1, 3, 0, 0, 2, 0, 1, 0, 1, 0, 0, 0, 1, 0, 0, 2, 0, 0, 1, 0, 0, 3, 0, 1, 0, 2, 0, 0, 3, 0, 1, 1, 0, 0, 0, 0, 1, 3, 0, 0, 1, 0, 2, 0, 0, 0, 0, 0, 1, 0, 1, 0, 1, 1, 0, 2, 0, 0, 0, 0, 0, 0, 0, 2, 0, 0, 1, 0, 0, 1, 0, 0, 3, 0, 0, 1, 2, 2, 0, 0, 0, 3, 0, 1, 0, 0, 0, 1, 3, 1, 0, 0, 0, 0],900.0760482104305,49104.85573898611,106612.48357517918,false
45,G3_TWC,G3_TWC,[42, 31, 22, 82, 15, 26, 58, 95, 77, 12, 47, 5, 93, 78, 98, 54, 85, 63, 18, 44, 20, 35, 43, 97, 91, 76, 10, 30, 21, 45, 71, 64, 1, 23, 17, 83, 24, 14, 60, 36, 6, 57, 94, 88, 65, 56, 79, 40, 67, 68, 46, 75, 38, 9, 19, 32, 81, 41, 27, 62, 87, 90, 99, 59, 11, 16, 72, 73, 70, 39, 37, 84, 3, 92, 25, 55, 28, 29, 51, 7, 33, 61, 86, 66, 89, 50, 48, 96, 53, 80, 4, 8, 34, 49, 52, 0, 13, 2, 69, 74]|[1, 1, 1, 0, 1, 1, 1, 2, 2, 1, 2, 2, 2, 1, 1, 0, 0, 1, 0, 2, 2, 0, 1, 2, 0, 1, 2, 2, 0, 0, 1, 2, 1, 2, 1, 0, 2, 0, 1, 1, 0, 1, 1, 1, 0, 2, 1, 1, 0, 0, 0, 0, 1, 1, 2, 1, 2, 0, 0, 0, 2, 1, 0, 1, 2, 1, 2, 1, 1, 1, 1, 1, 2, 0, 1, 1, 0, 0, 0, 1, 2, 1, 0, 2, 1, 0, 0, 0, 0, 0, 0, 1, 2, 0, 1, 0, 0, 0, 1, 2]|[2, 4, 3, 2, 2, 0, 0, 2, 2, 4, 1, 1, 2, 4, 4, 1, 1, 4, 2, 1, 1, 1, 1, 2, 1, 2, 1, 1, 1, 1, 3, 2, 3, 0, 4, 0, 1, 1, 0, 3, 2, 2, 4, 0, 1, 1, 0, 2, 0, 1, 2, 2, 1, 4, 0, 3, 2, 1, 1, 2, 1, 3, 1, 1, 1, 3, 0, 4, 3, 1, 4, 1, 1, 2, 4, 4, 2, 1, 1, 3, 1, 3, 1, 1, 1, 1, 1, 1, 2, 1, 2, 3, 1, 1, 1, 2, 2, 2, 3, 1]|[1, 0, 2, 1, 1, 3, 3, 0, 0, 0, 0, 0, 1, 0, 1, 0, 0, 3, 1, 0, 0, 0, 3, 1, 0, 2, 0, 0, 0, 1, 0, 0, 0, 0, 3, 0, 1, 0, 0, 2, 1, 1, 2, 0, 0, 0, 0, 1, 1, 0, 0, 0, 1, 3, 0, 0, 1, 0, 0, 1, 0, 2, 0, 1, 0, 2, 1, 0, 0, 1, 1, 3, 0, 1, 3, 3, 1, 0, 0, 2, 0, 0, 0, 0, 1, 0, 0, 0, 1, 0, 1, 2, 0, 1, 1, 0, 0, 0, 0, 0],790.0808266764368,58301.839560278044,88734.19036740763,false
45,G1_CMAX,G1_CMAX,[31, 22, 90, 26, 58, 95, 42, 12, 93, 5, 78, 86, 98, 18, 20, 35, 3, 97, 91, 76, 10, 85, 54, 45, 63, 71, 66, 1, 23, 17, 24, 60, 36, 6, 57, 15, 65, 56, 47, 79, 94, 67, 50, 46, 14, 75, 38, 9, 30, 19, 32, 81, 27, 92, 83, 87, 40, 99, 59, 11, 53, 16, 72, 77, 73, 70, 39, 37, 84, 43, 62, 25, 55, 28, 29, 51, 68, 82, 74, 61, 88, 21, 80, 89, 7, 69, 96, 41, 48, 4, 8, 34, 49, 52, 0, 44, 13, 2, 64, 33]|[1, 1, 1, 1, 0, 2, 1, 1, 2, 2, 2, 1, 0, 1, 2, 2, 1, 2, 0, 1, 2, 2, 2, 0, 0, 1, 2, 1, 2, 1, 2, 1, 1, 0, 1, 1, 0, 2, 2, 1, 1, 0, 0, 0, 0, 1, 1, 1, 1, 2, 1, 2, 2, 0, 0, 2, 1, 0, 0, 2, 0, 1, 2, 2, 1, 1, 1, 1, 1, 1, 0, 1, 1, 0, 0, 0, 0, 0, 2, 1, 1, 0, 0, 1, 1, 1, 2, 2, 0, 1, 1, 2, 0, 1, 0, 0, 0, 0, 2, 2]|[0, 4, 3, 0, 1, 1, 2, 4, 1, 1, 2, 4, 1, 4, 1, 1, 1, 2, 2, 2, 2, 1, 1, 1, 2, 3, 2, 3, 0, 4, 1, 0, 3, 2, 2, 2, 1, 1, 1, 0, 2, 0, 1, 2, 1, 3, 1, 4, 2, 0, 3, 2, 1, 2, 1, 1, 4, 1, 1, 1, 2, 3, 0, 2, 4, 3, 1, 4, 1, 1, 1, 4, 4, 2, 1, 1, 1, 2, 1, 3, 0, 1, 1, 1, 1, 3, 1, 1, 1, 4, 3, 1, 1, 1, 2, 2, 2, 2, 1, 1]|[3, 0, 2, 3, 0, 0, 1, 0, 0, 0, 1, 0, 0, 3, 0, 0, 1, 1, 1, 2, 1, 0, 0, 0, 0, 0, 0, 0, 0, 3, 1, 0, 2, 1, 1, 1, 0, 0, 0, 0, 1, 1, 0, 0, 0, 0, 1, 3, 2, 0, 0, 1, 0, 1, 0, 0, 2, 0, 0, 0, 1, 2, 1, 1, 0, 0, 1, 1, 3, 3, 0, 3, 3, 1, 0, 0, 0, 1, 0, 0, 0, 0, 0, 1, 2, 2, 0, 0, 0, 0, 2, 0, 1, 1, 0, 0, 0, 0, 0, 0],705.0470749739228,58445.79123614564,95781.2895945797,false
45,G4_BALANCED,G3_TWC,[31, 22, 82, 15, 26, 58, 95, 42, 77, 12, 47, 5, 93, 78, 98, 54, 85, 63, 18, 44, 20, 35, 43, 97, 91, 76, 10, 30, 21, 45, 71, 64, 1, 23, 17, 83, 24, 14, 60, 36, 6, 57, 94, 88, 65, 56, 79, 40, 67, 68, 46, 75, 39, 9, 19, 32, 81, 96, 27, 62, 87, 90, 99, 59, 11, 16, 72, 73, 70, 38, 37, 84, 3, 51, 25, 55, 28, 29, 92, 7, 33, 61, 86, 48, 89, 50, 69, 41, 53, 80, 4, 8, 34, 49, 52, 0, 13, 2, 66, 74]|[1, 1, 0, 1, 1, 1, 2, 1, 2, 1, 2, 2, 2, 1, 1, 0, 0, 1, 0, 2, 2, 0, 1, 2, 0, 1, 2, 2, 0, 0, 1, 2, 1, 2, 1, 0, 2, 0, 1, 1, 0, 1, 1, 1, 0, 2, 1, 1, 0, 0, 0, 0, 1, 1, 2, 1, 2, 0, 0, 0, 2, 1, 0, 1, 2, 1, 2, 1, 1, 1, 1, 1, 2, 0, 1, 1, 0, 0, 0, 1, 2, 1, 0, 0, 1, 0, 2, 0, 0, 0, 0, 1, 2, 0, 1, 0, 0, 0, 2, 2]|[4, 3, 2, 2, 0, 0, 2, 2, 2, 4, 1, 1, 2, 4, 4, 1, 1, 4, 2, 1, 1, 1, 1, 2, 1, 2, 1, 1, 1, 1, 3, 2, 3, 0, 4, 0, 1, 1, 0, 3, 2, 2, 4, 0, 1, 1, 0, 2, 0, 1, 2, 2, 1, 4, 0, 3, 2, 1, 1, 2, 1, 3, 1, 1, 1, 3, 0, 4, 3, 1, 4, 1, 1, 1, 4, 4, 2, 1, 2, 3, 1, 3, 1, 1, 1, 1, 1, 1, 2, 1, 2, 3, 1, 1, 1, 2, 2, 2, 1, 1]|[0, 2, 1, 1, 3, 3, 0, 1, 0, 0, 0, 0, 1, 0, 1, 0, 0, 3, 1, 0, 0, 0, 3, 1, 0, 2, 0, 0, 0, 1, 0, 0, 0, 0, 3, 0, 1, 0, 0, 2, 1, 1, 2, 0, 0, 0, 0, 1, 1, 0, 0, 0, 1, 3, 0, 0, 1, 0, 0, 1, 0, 2, 0, 1, 0, 2, 1, 0, 0, 1, 1, 3, 0, 0, 3, 3, 1, 0, 1, 2, 0, 0, 0, 0, 1, 0, 0, 0, 1, 0, 1, 2, 0, 1, 1, 0, 0, 0, 0, 0],790.9023961408301,57693.759236216254,89136.6701683821,true
45,G2_TEC,G2_TEC,[31, 22, 82, 15, 26, 9, 95, 42, 77, 68, 47, 5, 93, 78, 86, 54, 85, 63, 18, 44, 20, 49, 36, 14, 74, 50, 53, 17, 21, 28, 11, 64, 3, 23, 30, 83, 24, 41, 40, 52, 65, 27, 90, 70, 39, 87, 48, 69, 99, 4, 75, 1, 13, 58, 97, 59, 45, 8, 73, 37, 35, 79, 71, 66, 76, 32, 60, 80, 56, 6, 67, 61, 33, 7, 57, 34, 12, 16, 10, 98, 96, 88, 43, 81, 91, 2, 84, 29, 92, 19, 51, 55, 46, 89, 25, 72, 94, 38, 62, 0]|[2, 1, 2, 1, 1, 2, 1, 1, 1, 1, 1, 0, 2, 2, 1, 2, 0, 0, 0, 2, 2, 1, 0, 2, 0, 2, 2, 1, 0, 1, 1, 1, 0, 0, 1, 0, 2, 1, 2, 2, 0, 0, 1, 1, 0, 2, 0, 2, 1, 0, 0, 2, 0, 0, 2, 0, 1, 1, 0, 0, 2, 1, 1, 2, 2, 0, 2, 2, 2, 1, 2, 1, 1, 2, 0, 1, 1, 2, 1, 2, 0, 1, 1, 1, 1, 0, 0, 1, 0, 1, 1, 0, 0, 1, 1, 1, 2, 0, 1, 2]|[0, 3, 0, 3, 4, 1, 4, 4, 2, 4, 3, 2, 1, 0, 2, 1, 1, 1, 2, 1, 1, 3, 0, 1, 0, 1, 1, 4, 1, 4, 3, 2, 2, 0, 4, 1, 1, 4, 1, 1, 2, 1, 4, 4, 1, 1, 0, 1, 3, 2, 2, 1, 2, 1, 1, 2, 4, 3, 0, 2, 2, 3, 3, 1, 1, 2, 1, 1, 1, 4, 1, 3, 4, 1, 2, 4, 3, 1, 3, 1, 2, 4, 4, 4, 3, 2, 2, 3, 2, 4, 3, 2, 2, 4, 4, 4, 1, 2, 3, 1]|[0, 2, 0, 0, 3, 0, 1, 3, 0, 0, 2, 0, 1, 0, 1, 0, 0, 0, 1, 0, 0, 2, 0, 0, 1, 0, 0, 3, 0, 1, 0, 2, 0, 0, 3, 0, 1, 1, 0, 0, 0, 0, 1, 3, 0, 0, 1, 0, 2, 0, 0, 0, 0, 0, 1, 0, 1, 0, 1, 1, 0, 2, 0, 0, 0, 0, 0, 0, 0, 2, 0, 0, 1, 0, 0, 1, 0, 0, 3, 0, 0, 1, 2, 2, 0, 0, 0, 3, 0, 1, 0, 0, 0, 1, 3, 1, 0, 0, 0, 0],900.0760482104305,49104.85573898611,106612.48357517918,false
45,G3_TWC,G3_TWC,[42, 31, 22, 82, 15, 26, 58, 95, 77, 12, 47, 5, 93, 78, 98, 54, 85, 63, 18, 44, 20, 35, 43, 97, 91, 76, 10, 30, 21, 45, 71, 64, 1, 23, 17, 83, 24, 14, 60, 36, 6, 57, 94, 88, 65, 56, 79, 40, 67, 68, 46, 75, 38, 9, 19, 32, 81, 41, 27, 62, 87, 90, 99, 59, 11, 16, 72, 73, 70, 39, 37, 84, 3, 92, 25, 55, 28, 29, 51, 7, 33, 61, 86, 66, 89, 50, 48, 96, 53, 80, 4, 8, 34, 49, 52, 0, 13, 2, 69, 74]|[1, 1, 1, 0, 1, 1, 1, 2, 2, 1, 2, 2, 2, 1, 1, 0, 0, 1, 0, 2, 2, 0, 1, 2, 0, 1, 2, 2, 0, 0, 1, 2, 1, 2, 1, 0, 2, 0, 1, 1, 0, 1, 1, 1, 0, 2, 1, 1, 0, 0, 0, 0, 1, 1, 2, 1, 2, 0, 0, 0, 2, 1, 0, 1, 2, 1, 2, 1, 1, 1, 1, 1, 2, 0, 1, 1, 0, 0, 0, 1, 2, 1, 0, 2, 1, 0, 0, 0, 0, 0, 0, 1, 2, 0, 1, 0, 0, 0, 1, 2]|[2, 4, 3, 2, 2, 0, 0, 2, 2, 4, 1, 1, 2, 4, 4, 1, 1, 4, 2, 1, 1, 1, 1, 2, 1, 2, 1, 1, 1, 1, 3, 2, 3, 0, 4, 0, 1, 1, 0, 3, 2, 2, 4, 0, 1, 1, 0, 2, 0, 1, 2, 2, 1, 4, 0, 3, 2, 1, 1, 2, 1, 3, 1, 1, 1, 3, 0, 4, 3, 1, 4, 1, 1, 2, 4, 4, 2, 1, 1, 3, 1, 3, 1, 1, 1, 1, 1, 1, 2, 1, 2, 3, 1, 1, 1, 2, 2, 2, 3, 1]|[1, 0, 2, 1, 1, 3, 3, 0, 0, 0, 0, 0, 1, 0, 1, 0, 0, 3, 1, 0, 0, 0, 3, 1, 0, 2, 0, 0, 0, 1, 0, 0, 0, 0, 3, 0, 1, 0, 0, 2, 1, 1, 2, 0, 0, 0, 0, 1, 1, 0, 0, 0, 1, 3, 0, 0, 1, 0, 0, 1, 0, 2, 0, 1, 0, 2, 1, 0, 0, 1, 1, 3, 0, 1, 3, 3, 1, 0, 0, 2, 0, 0, 0, 0, 1, 0, 0, 0, 1, 0, 1, 2, 0, 1, 1, 0, 0, 0, 0, 0],790.0808266764368,58301.839560278044,88734.19036740763,false
45,G1_CMAX,G1_CMAX,[31, 22, 90, 26, 58, 95, 42, 12, 93, 5, 78, 86, 98, 18, 20, 35, 3, 97, 91, 76, 10, 85, 54, 45, 63, 71, 66, 1, 23, 17, 24, 60, 36, 6, 57, 15, 65, 56, 47, 79, 94, 67, 50, 46, 14, 75, 38, 9, 30, 19, 32, 81, 27, 92, 83, 87, 40, 99, 59, 11, 53, 16, 72, 77, 73, 70, 39, 37, 84, 43, 62, 25, 55, 28, 29, 51, 68, 82, 74, 61, 88, 21, 80, 89, 7, 69, 96, 41, 48, 4, 8, 34, 49, 52, 0, 44, 13, 2, 64, 33]|[1, 1, 1, 1, 0, 2, 1, 1, 2, 2, 2, 1, 0, 1, 2, 2, 1, 2, 0, 1, 2, 2, 2, 0, 0, 1, 2, 1, 2, 1, 2, 1, 1, 0, 1, 1, 0, 2, 2, 1, 1, 0, 0, 0, 0, 1, 1, 1, 1, 2, 1, 2, 2, 0, 0, 2, 1, 0, 0, 2, 0, 1, 2, 2, 1, 1, 1, 1, 1, 1, 0, 1, 1, 0, 0, 0, 0, 0, 2, 1, 1, 0, 0, 1, 1, 1, 2, 2, 0, 1, 1, 2, 0, 1, 0, 0, 0, 0, 2, 2]|[0, 4, 3, 0, 1, 1, 2, 4, 1, 1, 2, 4, 1, 4, 1, 1, 1, 2, 2, 2, 2, 1, 1, 1, 2, 3, 2, 3, 0, 4, 1, 0, 3, 2, 2, 2, 1, 1, 1, 0, 2, 0, 1, 2, 1, 3, 1, 4, 2, 0, 3, 2, 1, 2, 1, 1, 4, 1, 1, 1, 2, 3, 0, 2, 4, 3, 1, 4, 1, 1, 1, 4, 4, 2, 1, 1, 1, 2, 1, 3, 0, 1, 1, 1, 1, 3, 1, 1, 1, 4, 3, 1, 1, 1, 2, 2, 2, 2, 1, 1]|[3, 0, 2, 3, 0, 0, 1, 0, 0, 0, 1, 0, 0, 3, 0, 0, 1, 1, 1, 2, 1, 0, 0, 0, 0, 0, 0, 0, 0, 3, 1, 0, 2, 1, 1, 1, 0, 0, 0, 0, 1, 1, 0, 0, 0, 0, 1, 3, 2, 0, 0, 1, 0, 1, 0, 0, 2, 0, 0, 0, 1, 2, 1, 1, 0, 0, 1, 1, 3, 3, 0, 3, 3, 1, 0, 0, 0, 1, 0, 0, 0, 0, 0, 1, 2, 2, 0, 0, 0, 0, 2, 0, 1, 1, 0, 0, 0, 0, 0, 0],705.0470749739228,58445.79123614564,95781.2895945797,false
45,G4_BALANCED,G3_TWC,[31, 22, 82, 15, 26, 58, 95, 42, 77, 12, 47, 5, 93, 78, 98, 54, 85, 63, 18, 44, 20, 35, 43, 97, 91, 76, 10, 30, 21, 45, 71, 64, 1, 23, 17, 83, 24, 14, 60, 36, 6, 57, 94, 88, 65, 56, 79, 40, 67, 68, 46, 75, 39, 9, 19, 32, 81, 96, 27, 62, 87, 90, 99, 59, 11, 16, 72, 73, 70, 38, 37, 84, 3, 51, 25, 55, 28, 29, 92, 7, 33, 61, 86, 48, 89, 50, 69, 41, 53, 80, 4, 8, 34, 49, 52, 0, 13, 2, 66, 74]|[1, 1, 0, 1, 1, 1, 2, 1, 2, 1, 2, 2, 2, 1, 1, 0, 0, 1, 0, 2, 2, 0, 1, 2, 0, 1, 2, 2, 0, 0, 1, 2, 1, 2, 1, 0, 2, 0, 1, 1, 0, 1, 1, 1, 0, 2, 1, 1, 0, 0, 0, 0, 1, 1, 2, 1, 2, 0, 0, 0, 2, 1, 0, 1, 2, 1, 2, 1, 1, 1, 1, 1, 2, 0, 1, 1, 0, 0, 0, 1, 2, 1, 0, 0, 1, 0, 2, 0, 0, 0, 0, 1, 2, 0, 1, 0, 0, 0, 2, 2]|[4, 3, 2, 2, 0, 0, 2, 2, 2, 4, 1, 1, 2, 4, 4, 1, 1, 4, 2, 1, 1, 1, 1, 2, 1, 2, 1, 1, 1, 1, 3, 2, 3, 0, 4, 0, 1, 1, 0, 3, 2, 2, 4, 0, 1, 1, 0, 2, 0, 1, 2, 2, 1, 4, 0, 3, 2, 1, 1, 2, 1, 3, 1, 1, 1, 3, 0, 4, 3, 1, 4, 1, 1, 1, 4, 4, 2, 1, 2, 3, 1, 3, 1, 1, 1, 1, 1, 1, 2, 1, 2, 3, 1, 1, 1, 2, 2, 2, 1, 1]|[0, 2, 1, 1, 3, 3, 0, 1, 0, 0, 0, 0, 1, 0, 1, 0, 0, 3, 1, 0, 0, 0, 3, 1, 0, 2, 0, 0, 0, 1, 0, 0, 0, 0, 3, 0, 1, 0, 0, 2, 1, 1, 2, 0, 0, 0, 0, 1, 1, 0, 0, 0, 1, 3, 0, 0, 1, 0, 0, 1, 0, 2, 0, 1, 0, 2, 1, 0, 0, 1, 1, 3, 0, 0, 3, 3, 1, 0, 1, 2, 0, 0, 0, 0, 1, 0, 0, 0, 1, 0, 1, 2, 0, 1, 1, 0, 0, 0, 0, 0],790.9023961408301,57693.759236216254,89136.6701683821,true
45,G2_TEC,G2_TEC,[31, 22, 82, 15, 26, 9, 95, 42, 77, 68, 47, 5, 93, 78, 86, 54, 85, 63, 18, 44, 20, 49, 36, 14, 74, 50, 53, 17, 21, 28, 11, 64, 3, 23, 30, 83, 24, 41, 40, 52, 65, 27, 90, 70, 39, 87, 48, 69, 99, 4, 75, 1, 13, 58, 97, 59, 45, 8, 73, 37, 35, 79, 71, 66, 76, 32, 60, 80, 56, 6, 67, 61, 33, 7, 57, 34, 12, 16, 10, 98, 96, 88, 43, 81, 91, 2, 84, 29, 92, 19, 51, 55, 46, 89, 25, 72, 94, 38, 62, 0]|[2, 1, 2, 1, 1, 2, 1, 1, 1, 1, 1, 0, 2, 2, 1, 2, 0, 0, 0, 2, 2, 1, 0, 2, 0, 2, 2, 1, 0, 1, 1, 1, 0, 0, 1, 0, 2, 1, 2, 2, 0, 0, 1, 1, 0, 2, 0, 2, 1, 0, 0, 2, 0, 0, 2, 0, 1, 1, 0, 0, 2, 1, 1, 2, 2, 0, 2, 2, 2, 1, 2, 1, 1, 2, 0, 1, 1, 2, 1, 2, 0, 1, 1, 1, 1, 0, 0, 1, 0, 1, 1, 0, 0, 1, 1, 1, 2, 0, 1, 2]|[0, 3, 0, 3, 4, 1, 4, 4, 2, 4, 3, 2, 1, 0, 2, 1, 1, 1, 2, 1, 1, 3, 0, 1, 0, 1, 1, 4, 1, 4, 3, 2, 2, 0, 4, 1, 1, 4, 1, 1, 2, 1, 4, 4, 1, 1, 0, 1, 3, 2, 2, 1, 2, 1, 1, 2, 4, 3, 0, 2, 2, 3, 3, 1, 1, 2, 1, 1, 1, 4, 1, 3, 4, 1, 2, 4, 3, 1, 3, 1, 2, 4, 4, 4, 3, 2, 2, 3, 2, 4, 3, 2, 2, 4, 4, 4, 1, 2, 3, 1]|[0, 2, 0, 0, 3, 0, 1, 3, 0, 0, 2, 0, 1, 0, 1, 0, 0, 0, 1, 0, 0, 2, 0, 0, 1, 0, 0, 3, 0, 1, 0, 2, 0, 0, 3, 0, 1, 1, 0, 0, 0, 0, 1, 3, 0, 0, 1, 0, 2, 0, 0, 0, 0, 0, 1, 0, 1, 0, 1, 1, 0, 2, 0, 0, 0, 0, 0, 0, 0, 2, 0, 0, 1, 0, 0, 1, 0, 0, 3, 0, 0, 1, 2, 2, 0, 0, 0, 3, 0, 1, 0, 0, 0, 1, 3, 1, 0, 0, 0, 0],900.0760482104305,49104.85573898611,106612.48357517918,false
45,G3_TWC,G3_TWC,[31, 22, 82, 15, 26, 58, 95, 42, 77, 12, 47, 5, 93, 78, 98, 54, 85, 63, 18, 44, 20, 35, 43, 97, 91, 76, 10, 30, 21, 45, 71, 64, 1, 23, 17, 83, 24, 14, 60, 36, 6, 57, 94, 88, 65, 56, 79, 40, 67, 68, 46, 75, 39, 9, 19, 32, 81, 96, 27, 62, 87, 90, 99, 59, 11, 16, 72, 73, 70, 38, 37, 84, 3, 92, 25, 55, 28, 29, 51, 7, 33, 61, 86, 48, 89, 50, 66, 41, 53, 80, 4, 8, 34, 49, 52, 0, 13, 2, 69, 74]|[1, 1, 0, 1, 1, 1, 2, 1, 2, 1, 2, 2, 2, 1, 1, 0, 0, 1, 0, 2, 2, 0, 1, 2, 0, 1, 2, 2, 0, 0, 1, 2, 1, 2, 1, 0, 2, 0, 1, 1, 0, 1, 1, 1, 0, 2, 1, 1, 0, 0, 0, 0, 1, 1, 2, 1, 2, 0, 0, 0, 2, 1, 0, 1, 2, 1, 2, 1, 1, 1, 1, 1, 2, 0, 1, 1, 0, 0, 0, 1, 2, 1, 0, 0, 1, 0, 2, 0, 0, 0, 0, 1, 2, 0, 1, 0, 0, 0, 2, 2]|[4, 3, 2, 2, 0, 0, 2, 2, 2, 4, 1, 1, 2, 4, 4, 1, 1, 4, 2, 1, 1, 1, 1, 2, 1, 2, 1, 1, 1, 1, 3, 2, 3, 1, 4, 0, 1, 1, 0, 3, 2, 2, 4, 0, 1, 1, 0, 2, 0, 1, 2, 2, 1, 4, 0, 3, 2, 1, 1, 2, 1, 3, 1, 1, 1, 3, 0, 4, 3, 1, 4, 1, 1, 2, 4, 4, 2, 1, 1, 3, 1, 3, 1, 1, 1, 1, 1, 1, 2, 1, 2, 3, 1, 1, 1, 2, 2, 2, 1, 1]|[0, 2, 1, 1, 3, 3, 0, 1, 0, 0, 0, 0, 1, 0, 1, 0, 0, 3, 1, 0, 0, 0, 3, 1, 0, 2, 0, 0, 0, 1, 0, 0, 0, 0, 3, 0, 1, 0, 0, 2, 1, 1, 2, 0, 0, 0, 0, 1, 1, 0, 0, 0, 1, 3, 0, 0, 1, 0, 0, 1, 0, 2, 0, 1, 0, 2, 1, 0, 0, 1, 1, 3, 0, 1, 3, 3, 1, 0, 0, 2, 0, 0, 0, 0, 1, 0, 0, 0, 1, 0, 1, 2, 0, 1, 1, 0, 0, 0, 0, 0],790.0799945868791,57625.463612529646,89190.60565771193,false
45,G1_CMAX,G1_CMAX,[31, 22, 90, 26, 58, 95, 42, 12, 93, 5, 78, 86, 98, 18, 20, 35, 3, 97, 91, 76, 10, 85, 54, 45, 63, 71, 66, 1, 23, 17, 24, 60, 36, 6, 57, 15, 65, 56, 47, 79, 94, 67, 50, 46, 14, 75, 38, 9, 30, 19, 32, 81, 27, 92, 83, 87, 40, 99, 59, 11, 53, 16, 72, 77, 73, 70, 39, 37, 84, 43, 62, 25, 55, 28, 29, 51, 68, 82, 74, 61, 88, 21, 80, 89, 7, 69, 96, 41, 48, 4, 8, 34, 49, 52, 0, 44, 13, 2, 64, 33]|[1, 1, 1, 1, 0, 2, 1, 1, 2, 2, 2, 1, 0, 1, 2, 2, 1, 2, 0, 1, 2, 2, 2, 0, 0, 1, 2, 1, 2, 1, 2, 1, 1, 0, 1, 1, 0, 2, 2, 1, 1, 0, 0, 0, 0, 1, 1, 1, 1, 2, 1, 2, 2, 0, 0, 2, 1, 0, 0, 2, 0, 1, 2, 2, 1, 1, 1, 1, 1, 1, 0, 1, 1, 0, 0, 0, 0, 0, 2, 1, 1, 0, 0, 1, 1, 1, 2, 2, 0, 1, 1, 2, 0, 1, 0, 0, 0, 0, 2, 2]|[0, 4, 3, 0, 1, 1, 2, 4, 1, 1, 2, 4, 1, 4, 1, 1, 1, 2, 2, 2, 2, 1, 1, 1, 2, 3, 2, 3, 0, 4, 1, 0, 3, 2, 2, 2, 1, 1, 1, 0, 2, 0, 1, 2, 1, 3, 1, 4, 2, 0, 3, 2, 1, 2, 1, 1, 4, 1, 1, 1, 2, 3, 0, 2, 4, 3, 1, 4, 1, 1, 1, 4, 4, 2, 1, 1, 1, 2, 1, 3, 0, 1, 1, 1, 1, 3, 1, 1, 1, 4, 3, 1, 1, 1, 2, 2, 2, 2, 1, 1]|[3, 0, 2, 3, 0, 0, 1, 0, 0, 0, 1, 0, 0, 3, 0, 0, 1, 1, 1, 2, 1, 0, 0, 0, 0, 0, 0, 0, 0, 3, 1, 0, 2, 1, 1, 1, 0, 0, 0, 0, 1, 1, 0, 0, 0, 0, 1, 3, 2, 0, 0, 1, 0, 1, 0, 0, 2, 0, 0, 0, 1, 2, 1, 1, 0, 0, 1, 1, 3, 3, 0, 3, 3, 1, 0, 0, 0, 1, 0, 0, 0, 0, 0, 1, 2, 2, 0, 0, 0, 0, 2, 0, 1, 1, 0, 0, 0, 0, 0, 0],705.0470749739228,58445.79123614564,95781.2895945797,false
45,G4_BALANCED,G3_TWC,[31, 22, 82, 15, 26, 58, 95, 42, 77, 12, 47, 5, 93, 78, 98, 54, 85, 63, 18, 44, 20, 35, 43, 97, 91, 76, 10, 30, 21, 45, 71, 64, 1, 23, 17, 83, 24, 14, 60, 36, 6, 57, 94, 88, 65, 56, 79, 40, 67, 68, 46, 75, 39, 9, 19, 32, 81, 96, 27, 62, 87, 90, 99, 59, 11, 16, 72, 73, 70, 38, 37, 84, 3, 51, 25, 55, 28, 29, 92, 7, 33, 61, 86, 48, 89, 50, 69, 41, 53, 80, 4, 8, 34, 49, 52, 0, 13, 2, 66, 74]|[1, 1, 0, 1, 1, 1, 2, 1, 2, 1, 2, 2, 2, 1, 1, 0, 0, 1, 0, 2, 2, 0, 1, 2, 0, 1, 2, 2, 0, 0, 1, 2, 1, 2, 1, 0, 2, 0, 1, 1, 0, 1, 1, 1, 0, 2, 1, 1, 0, 0, 0, 0, 1, 1, 2, 1, 2, 0, 0, 0, 2, 1, 0, 1, 2, 1, 2, 1, 1, 1, 1, 1, 2, 0, 1, 1, 0, 0, 0, 1, 2, 1, 0, 0, 1, 0, 2, 0, 0, 0, 0, 1, 2, 0, 1, 0, 0, 0, 2, 2]|[4, 3, 2, 2, 0, 0, 2, 2, 2, 4, 1, 1, 2, 4, 4, 1, 1, 4, 2, 1, 1, 1, 1, 2, 1, 2, 1, 1, 1, 1, 3, 2, 3, 0, 4, 0, 1, 1, 0, 3, 2, 2, 4, 0, 1, 1, 0, 2, 0, 1, 2, 2, 1, 4, 0, 3, 2, 1, 1, 2, 1, 3, 1, 1, 1, 3, 0, 4, 3, 1, 4, 1, 1, 1, 4, 4, 2, 1, 2, 3, 1, 3, 1, 1, 1, 1, 1, 1, 2, 1, 2, 3, 1, 1, 1, 2, 2, 2, 1, 1]|[0, 2, 1, 1, 3, 3, 0, 1, 0, 0, 0, 0, 1, 0, 1, 0, 0, 3, 1, 0, 0, 0, 3, 1, 0, 2, 0, 0, 0, 1, 0, 0, 0, 0, 3, 0, 1, 0, 0, 2, 1, 1, 2, 0, 0, 0, 0, 1, 1, 0, 0, 0, 1, 3, 0, 0, 1, 0, 0, 1, 0, 2, 0, 1, 0, 2, 1, 0, 0, 1, 1, 3, 0, 0, 3, 3, 1, 0, 1, 2, 0, 0, 0, 0, 1, 0, 0, 0, 1, 0, 1, 2, 0, 1, 1, 0, 0, 0, 0, 0],790.9023961408301,57693.759236216254,89136.6701683821,true
45,G2_TEC,G2_TEC,[31, 22, 82, 15, 26, 9, 95, 42, 77, 68, 47, 5, 93, 78, 86, 54, 85, 63, 18, 44, 20, 49, 36, 14, 74, 50, 53, 17, 21, 28, 11, 64, 3, 23, 30, 83, 24, 41, 40, 52, 65, 27, 90, 70, 39, 87, 48, 69, 99, 4, 75, 1, 13, 58, 97, 59, 45, 8, 73, 37, 35, 79, 71, 66, 76, 32, 60, 80, 56, 6, 67, 61, 33, 7, 57, 34, 12, 16, 10, 98, 96, 88, 43, 81, 91, 2, 84, 29, 92, 19, 51, 55, 46, 89, 25, 72, 94, 38, 62, 0]|[2, 1, 2, 1, 1, 2, 1, 1, 1, 1, 1, 0, 2, 2, 1, 2, 0, 0, 0, 2, 2, 1, 0, 2, 0, 2, 2, 1, 0, 1, 1, 1, 0, 0, 1, 0, 2, 1, 2, 2, 0, 0, 1, 1, 0, 2, 0, 2, 1, 0, 0, 2, 0, 0, 2, 0, 1, 1, 0, 0, 2, 1, 1, 2, 2, 0, 2, 2, 2, 1, 2, 1, 1, 2, 0, 1, 1, 2, 1, 2, 0, 1, 1, 1, 1, 0, 0, 1, 0, 1, 1, 0, 0, 1, 1, 1, 2, 0, 1, 2]|[0, 3, 0, 3, 4, 1, 4, 4, 2, 4, 3, 2, 1, 0, 2, 1, 1, 1, 2, 1, 1, 3, 0, 1, 0, 1, 1, 4, 1, 4, 3, 2, 2, 0, 4, 1, 1, 4, 1, 1, 2, 1, 4, 4, 1, 1, 0, 1, 3, 2, 2, 1, 2, 1, 1, 2, 4, 3, 0, 2, 2, 3, 3, 1, 1, 2, 1, 1, 1, 4, 1, 3, 4, 1, 2, 4, 3, 1, 3, 1, 2, 4, 4, 4, 3, 2, 2, 3, 2, 4, 3, 2, 2, 4, 4, 4, 1, 2, 3, 1]|[0, 2, 0, 0, 3, 0, 1, 3, 0, 0, 2, 0, 1, 0, 1, 0, 0, 0, 1, 0, 0, 2, 0, 0, 1, 0, 0, 3, 0, 1, 0, 2, 0, 0, 3, 0, 1, 1, 0, 0, 0, 0, 1, 3, 0, 0, 1, 0, 2, 0, 0, 0, 0, 0, 1, 0, 1, 0, 1, 1, 0, 2, 0, 0, 0, 0, 0, 0, 0, 2, 0, 0, 1, 0, 0, 1, 0, 0, 3, 0, 0, 1, 2, 2, 0, 0, 0, 3, 0, 1, 0, 0, 0, 1, 3, 1, 0, 0, 0, 0],900.0760482104305,49104.85573898611,106612.48357517918,false
45,G3_TWC,G3_TWC,[31, 22, 42, 15, 26, 58, 95, 82, 77, 12, 47, 5, 93, 78, 98, 54, 85, 63, 18, 44, 20, 35, 43, 97, 91, 76, 10, 30, 21, 45, 71, 64, 1, 23, 17, 83, 24, 14, 60, 36, 6, 57, 94, 88, 65, 56, 79, 40, 67, 68, 46, 75, 38, 9, 19, 32, 81, 41, 27, 62, 87, 90, 99, 59, 11, 16, 72, 73, 70, 39, 37, 84, 3, 92, 25, 55, 28, 29, 51, 7, 33, 61, 48, 66, 89, 50, 86, 96, 53, 80, 4, 8, 34, 2, 52, 49, 13, 0, 69, 74]|[1, 1, 0, 1, 1, 1, 2, 1, 2, 1, 2, 2, 2, 1, 1, 0, 0, 1, 0, 2, 2, 0, 1, 2, 0, 1, 2, 2, 0, 0, 1, 2, 1, 2, 1, 0, 2, 0, 1, 1, 0, 1, 1, 1, 0, 2, 1, 1, 0, 0, 0, 0, 1, 1, 2, 1, 2, 0, 0, 0, 2, 1, 0, 1, 2, 1, 2, 1, 1, 1, 1, 1, 1, 0, 1, 1, 0, 0, 0, 1, 2, 1, 0, 0, 1, 0, 0, 0, 0, 0, 0, 1, 2, 0, 1, 0, 0, 0, 1, 2]|[4, 3, 2, 2, 0, 0, 2, 2, 2, 4, 1, 1, 2, 4, 4, 1, 1, 4, 2, 1, 1, 1, 1, 2, 1, 2, 1, 1, 1, 1, 3, 2, 3, 0, 4, 0, 1, 1, 0, 3, 2, 2, 4, 0, 1, 1, 0, 2, 0, 1, 2, 2, 1, 4, 0, 3, 2, 1, 1, 2, 1, 3, 1, 1, 1, 3, 0, 4, 3, 1, 4, 1, 1, 2, 4, 4, 2, 1, 1, 3, 1, 3, 1, 1, 1, 1, 1, 1, 2, 1, 2, 3, 1, 2, 1, 1, 2, 2, 3, 1]|[0, 2, 1, 1, 3, 3, 0, 1, 0, 0, 0, 0, 1, 0, 1, 0, 0, 3, 1, 0, 0, 0, 3, 1, 0, 2, 0, 0, 0, 1, 0, 0, 0, 0, 3, 0, 1, 0, 0, 2, 1, 1, 2, 0, 0, 0, 0, 1, 1, 0, 0, 0, 1, 3, 0, 0, 1, 0, 0, 1, 0, 2, 0, 1, 0, 2, 1, 0, 0, 1, 1, 3, 1, 1, 3, 3, 1, 0, 0, 2, 0, 0, 0, 0, 1, 0, 0, 0, 1, 0, 1, 2, 0, 0, 1, 1, 0, 0, 0, 0],821.3897039891071,58035.542473704576,88270.61507502937,false
45,G1_CMAX,G1_CMAX,[31, 22, 90, 26, 58, 95, 42, 12, 93, 5, 78, 86, 98, 18, 20, 35, 3, 97, 91, 76, 10, 85, 54, 45, 63, 71, 66, 1, 23, 17, 24, 60, 36, 6, 57, 15, 65, 56, 47, 79, 94, 67, 50, 46, 14, 75, 38, 9, 30, 19, 32, 81, 27, 92, 83, 87, 40, 99, 59, 11, 53, 16, 72, 77, 73, 70, 39, 37, 84, 43, 62, 25, 55, 28, 29, 51, 68, 82, 74, 61, 88, 21, 80, 89, 7, 69, 96, 41, 48, 4, 8, 34, 49, 52, 0, 44, 13, 2, 64, 33]|[1, 1, 1, 1, 0, 2, 1, 1, 2, 2, 2, 1, 0, 1, 2, 2, 1, 2, 0, 1, 2, 2, 2, 0, 0, 1, 2, 1, 2, 1, 2, 1, 1, 0, 1, 1, 0, 2, 2, 1, 1, 0, 0, 0, 0, 1, 1, 1, 1, 2, 1, 2, 2, 0, 0, 2, 1, 0, 0, 2, 0, 1, 2, 2, 1, 1, 1, 1, 1, 1, 0, 1, 1, 0, 0, 0, 0, 0, 2, 1, 1, 0, 0, 1, 1, 1, 2, 2, 0, 1, 1, 2, 0, 1, 0, 0, 0, 0, 2, 2]|[0, 4, 3, 0, 1, 1, 2, 4, 1, 1, 2, 4, 1, 4, 1, 1, 1, 2, 2, 2, 2, 1, 1, 1, 2, 3, 2, 3, 0, 4, 1, 0, 3, 2, 2, 2, 1, 1, 1, 0, 2, 0, 1, 2, 1, 3, 1, 4, 2, 0, 3, 2, 1, 2, 1, 1, 4, 1, 1, 1, 2, 3, 0, 2, 4, 3, 1, 4, 1, 1, 1, 4, 4, 2, 1, 1, 1, 2, 1, 3, 0, 1, 1, 1, 1, 3, 1, 1, 1, 4, 3, 1, 1, 1, 2, 2, 2, 2, 1, 1]|[3, 0, 2, 3, 0, 0, 1, 0, 0, 0, 1, 0, 0, 3, 0, 0, 1, 1, 1, 2, 1, 0, 0, 0, 0, 0, 0, 0, 0, 3, 1, 0, 2, 1, 1, 1, 0, 0, 0, 0, 1, 1, 0, 0, 0, 0, 1, 3, 2, 0, 0, 1, 0, 1, 0, 0, 2, 0, 0, 0, 1, 2, 1, 1, 0, 0, 1, 1, 3, 3, 0, 3, 3, 1, 0, 0, 0, 1, 0, 0, 0, 0, 0, 1, 2, 2, 0, 0, 0, 0, 2, 0, 1, 1, 0, 0, 0, 0, 0, 0],705.0470749739228,58445.79123614564,95781.2895945797,false
45,G4_BALANCED,G3_TWC,[31, 22, 82, 15, 26, 58, 95, 42, 77, 12, 47, 5, 93, 78, 98, 54, 85, 63, 18, 44, 20, 35, 43, 97, 91, 76, 10, 30, 21, 45, 71, 64, 1, 23, 17, 83, 24, 14, 60, 36, 6, 57, 94, 88, 65, 56, 79, 40, 67, 68, 46, 75, 39, 9, 19, 32, 81, 96, 27, 62, 87, 90, 99, 59, 11, 16, 72, 73, 70, 38, 37, 84, 3, 51, 25, 55, 28, 29, 92, 7, 33, 61, 86, 48, 89, 50, 69, 41, 53, 80, 4, 8, 34, 49, 52, 0, 13, 2, 66, 74]|[1, 1, 0, 1, 1, 1, 2, 1, 2, 1, 2, 2, 2, 1, 1, 0, 0, 1, 0, 2, 2, 0, 1, 2, 0, 1, 2, 2, 0, 0, 1, 2, 1, 2, 1, 0, 2, 0, 1, 1, 0, 1, 1, 1, 0, 2, 1, 1, 0, 0, 0, 0, 1, 1, 2, 1, 2, 0, 0, 0, 2, 1, 0, 1, 2, 1, 2, 1, 1, 1, 1, 1, 2, 0, 1, 1, 0, 0, 0, 1, 2, 1, 0, 0, 1, 0, 2, 0, 0, 0, 0, 1, 2, 0, 1, 0, 0, 0, 2, 2]|[4, 3, 2, 2, 0, 0, 2, 2, 2, 4, 1, 1, 2, 4, 4, 1, 1, 4, 2, 1, 1, 1, 1, 2, 1, 2, 1, 1, 1, 1, 3, 2, 3, 0, 4, 0, 1, 1, 0, 3, 2, 2, 4, 0, 1, 1, 0, 2, 0, 1, 2, 2, 1, 4, 0, 3, 2, 1, 1, 2, 1, 3, 1, 1, 1, 3, 0, 4, 3, 1, 4, 1, 1, 1, 4, 4, 2, 1, 2, 3, 1, 3, 1, 1, 1, 1, 1, 1, 2, 1, 2, 3, 1, 1, 1, 2, 2, 2, 1, 1]|[0, 2, 1, 1, 3, 3, 0, 1, 0, 0, 0, 0, 1, 0, 1, 0, 0, 3, 1, 0, 0, 0, 3, 1, 0, 2, 0, 0, 0, 1, 0, 0, 0, 0, 3, 0, 1, 0, 0, 2, 1, 1, 2, 0, 0, 0, 0, 1, 1, 0, 0, 0, 1, 3, 0, 0, 1, 0, 0, 1, 0, 2, 0, 1, 0, 2, 1, 0, 0, 1, 1, 3, 0, 0, 3, 3, 1, 0, 1, 2, 0, 0, 0, 0, 1, 0, 0, 0, 1, 0, 1, 2, 0, 1, 1, 0, 0, 0, 0, 0],790.9023961408301,57693.759236216254,89136.6701683821,true
45,G2_TEC,G2_TEC,[31, 22, 82, 15, 26, 9, 95, 42, 77, 68, 47, 5, 93, 78, 86, 54, 85, 63, 18, 44, 20, 49, 36, 14, 74, 50, 53, 17, 21, 28, 11, 64, 3, 23, 30, 83, 24, 41, 40, 52, 65, 27, 90, 70, 39, 87, 48, 69, 99, 4, 75, 1, 13, 58, 97, 59, 45, 8, 73, 37, 35, 79, 71, 66, 76, 32, 60, 80, 56, 6, 67, 61, 33, 7, 57, 34, 12, 16, 10, 98, 96, 88, 43, 81, 91, 2, 84, 29, 92, 19, 51, 55, 46, 89, 25, 72, 94, 38, 62, 0]|[2, 1, 2, 1, 1, 2, 1, 1, 1, 1, 1, 0, 2, 2, 1, 2, 0, 0, 0, 2, 2, 1, 0, 2, 0, 2, 2, 1, 0, 1, 1, 1, 0, 0, 1, 0, 2, 1, 2, 2, 0, 0, 1, 1, 0, 2, 0, 2, 1, 0, 0, 2, 0, 0, 2, 0, 1, 1, 0, 0, 2, 1, 1, 2, 2, 0, 2, 2, 2, 1, 2, 1, 1, 2, 0, 1, 1, 2, 1, 2, 0, 1, 1, 1, 1, 0, 0, 1, 0, 1, 1, 0, 0, 1, 1, 1, 2, 0, 1, 2]|[0, 3, 0, 3, 4, 1, 4, 4, 2, 4, 3, 2, 1, 0, 2, 1, 1, 1, 2, 1, 1, 3, 0, 1, 0, 1, 1, 4, 1, 4, 3, 2, 2, 0, 4, 1, 1, 4, 1, 1, 2, 1, 4, 4, 1, 1, 0, 1, 3, 2, 2, 1, 2, 1, 1, 2, 4, 3, 0, 2, 2, 3, 3, 1, 1, 2, 1, 1, 1, 4, 1, 3, 4, 1, 2, 4, 3, 1, 3, 1, 2, 4, 4, 4, 3, 2, 2, 3, 2, 4, 3, 2, 2, 4, 4, 4, 1, 2, 3, 1]|[0, 2, 0, 0, 3, 0, 1, 3, 0, 0, 2, 0, 1, 0, 1, 0, 0, 0, 1, 0, 0, 2, 0, 0, 1, 0, 0, 3, 0, 1, 0, 2, 0, 0, 3, 0, 1, 1, 0, 0, 0, 0, 1, 3, 0, 0, 1, 0, 2, 0, 0, 0, 0, 0, 1, 0, 1, 0, 1, 1, 0, 2, 0, 0, 0, 0, 0, 0, 0, 2, 0, 0, 1, 0, 0, 1, 0, 0, 3, 0, 0, 1, 2, 2, 0, 0, 0, 3, 0, 1, 0, 0, 0, 1, 3, 1, 0, 0, 0, 0],900.0760482104305,49104.85573898611,106612.48357517918,false
45,G3_TWC,G4_BALANCED,[31, 22, 82, 15, 26, 99, 95, 42, 77, 12, 47, 5, 93, 78, 86, 54, 85, 63, 18, 44, 20, 23, 43, 97, 91, 76, 10, 30, 21, 45, 71, 64, 1, 35, 17, 83, 24, 14, 60, 36, 6, 57, 40, 88, 65, 56, 79, 94, 67, 68, 46, 75, 38, 9, 19, 32, 41, 81, 27, 87, 90, 58, 59, 11, 16, 72, 73, 70, 39, 37, 84, 3, 92, 25, 55, 48, 62, 29, 51, 96, 33, 61, 98, 28, 89, 50, 4, 7, 53, 80, 8, 66, 34, 49, 0, 74, 69, 52, 2, 13]|[2, 1, 0, 1, 1, 0, 1, 1, 2, 1, 2, 2, 2, 1, 1, 0, 0, 1, 0, 2, 2, 0, 1, 2, 0, 1, 2, 2, 0, 0, 1, 2, 1, 2, 1, 0, 2, 0, 1, 1, 0, 1, 1, 1, 0, 2, 1, 1, 0, 0, 0, 0, 1, 1, 2, 1, 0, 2, 0, 2, 1, 0, 1, 2, 1, 2, 1, 1, 1, 1, 1, 1, 0, 1, 2, 0, 0, 0, 0, 2, 2, 1, 2, 0, 1, 0, 1, 2, 0, 0, 2, 2, 2, 0, 0, 2, 1, 1, 0, 0]|[1, 3, 2, 2, 4, 1, 2, 3, 2, 4, 1, 1, 2, 4, 4, 1, 1, 4, 2, 1, 1, 1, 1, 2, 1, 2, 1, 1, 2, 1, 3, 2, 3, 1, 4, 0, 1, 1, 0, 3, 2, 2, 2, 0, 1, 1, 0, 4, 0, 1, 2, 2, 1, 4, 0, 3, 1, 1, 1, 1, 3, 1, 1, 1, 3, 0, 4, 3, 1, 4, 1, 1, 0, 4, 1, 1, 2, 1, 1, 1, 1, 3, 1, 2, 1, 1, 4, 1, 2, 1, 1, 1, 1, 1, 2, 1, 4, 1, 2, 2]|[0, 2, 1, 1, 3, 0, 1, 3, 0, 0, 0, 0, 1, 0, 1, 0, 0, 3, 1, 0, 0, 0, 3, 1, 0, 2, 0, 0, 0, 1, 0, 0, 0, 0, 3, 0, 1, 0, 0, 2, 1, 1, 1, 0, 0, 0, 0, 2, 1, 0, 0, 0, 1, 3, 0, 0, 0, 0, 0, 0, 2, 0, 1, 0, 2, 1, 0, 0, 1, 1, 3, 1, 1, 3, 0, 0, 1, 0, 0, 0, 0, 0, 0, 1, 1, 0, 0, 0, 1, 0, 0, 0, 0, 1, 0, 0, 2, 1, 0, 0],749.6397059729857,55848.851094536025,92598.57070354128,true
45,G1_CMAX,G1_CMAX,[31, 22, 90, 26, 58, 95, 42, 12, 93, 5, 78, 86, 98, 18, 20, 35, 3, 97, 91, 76, 10, 85, 54, 45, 63, 71, 66, 1, 23, 17, 24, 60, 36, 6, 57, 15, 65, 56, 47, 79, 94, 67, 50, 46, 14, 75, 38, 9, 30, 19, 32, 81, 27, 92, 83, 87, 40, 99, 59, 11, 53, 16, 72, 77, 73, 70, 39, 37, 84, 43, 62, 25, 55, 28, 29, 51, 68, 82, 74, 61, 88, 21, 80, 89, 7, 69, 96, 41, 48, 4, 8, 34, 49, 52, 0, 44, 13, 2, 64, 33]|[1, 1, 1, 1, 0, 2, 1, 1, 2, 2, 2, 1, 0, 1, 2, 2, 1, 2, 0, 1, 2, 2, 2, 0, 0, 1, 2, 1, 2, 1, 2, 1, 1, 0, 1, 1, 0, 2, 2, 1, 1, 0, 0, 0, 0, 1, 1, 1, 1, 2, 1, 2, 2, 0, 0, 2, 1, 0, 0, 2, 0, 1, 2, 2, 1, 1, 1, 1, 1, 1, 0, 1, 1, 0, 0, 0, 0, 0, 2, 1, 1, 0, 0, 1, 1, 1, 2, 2, 0, 1, 1, 2, 0, 1, 0, 0, 0, 0, 2, 2]|[0, 4, 3, 0, 1, 1, 2, 4, 1, 1, 2, 4, 1, 4, 1, 1, 1, 2, 2, 2, 2, 1, 1, 1, 2, 3, 2, 3, 0, 4, 1, 0, 3, 2, 2, 2, 1, 1, 1, 0, 2, 0, 1, 2, 1, 3, 1, 4, 2, 0, 3, 2, 1, 2, 1, 1, 4, 1, 1, 1, 2, 3, 0, 2, 4, 3, 1, 4, 1, 1, 1, 4, 4, 2, 1, 1, 1, 2, 1, 3, 0, 1, 1, 1, 1, 3, 1, 1, 1, 4, 3, 1, 1, 1, 2, 2, 2, 2, 1, 1]|[3, 0, 2, 3, 0, 0, 1, 0, 0, 0, 1, 0, 0, 3, 0, 0, 1, 1, 1, 2, 1, 0, 0, 0, 0, 0, 0, 0, 0, 3, 1, 0, 2, 1, 1, 1, 0, 0, 0, 0, 1, 1, 0, 0, 0, 0, 1, 3, 2, 0, 0, 1, 0, 1, 0, 0, 2, 0, 0, 0, 1, 2, 1, 1, 0, 0, 1, 1, 3, 3, 0, 3, 3, 1, 0, 0, 0, 1, 0, 0, 0, 0, 0, 1, 2, 2, 0, 0, 0, 0, 2, 0, 1, 1, 0, 0, 0, 0, 0, 0],705.0470749739228,58445.79123614564,95781.2895945797,false
45,G4_BALANCED,G3_TWC,[31, 22, 82, 15, 26, 58, 95, 42, 77, 12, 47, 5, 93, 78, 98, 54, 85, 63, 18, 44, 20, 35, 43, 97, 91, 76, 10, 30, 21, 45, 71, 64, 1, 23, 17, 83, 24, 14, 60, 36, 6, 57, 94, 88, 65, 56, 79, 40, 67, 68, 46, 75, 39, 9, 19, 32, 81, 96, 27, 62, 87, 90, 99, 59, 11, 16, 72, 73, 70, 38, 37, 84, 3, 51, 25, 55, 28, 29, 92, 7, 33, 61, 86, 48, 89, 50, 69, 41, 53, 80, 4, 8, 34, 49, 52, 0, 13, 2, 66, 74]|[1, 1, 0, 1, 1, 1, 2, 1, 2, 1, 2, 2, 2, 1, 1, 0, 0, 1, 0, 2, 2, 0, 1, 2, 0, 1, 2, 2, 0, 0, 1, 2, 1, 2, 1, 0, 2, 0, 1, 1, 0, 1, 1, 1, 0, 2, 1, 1, 0, 0, 0, 0, 1, 1, 2, 1, 2, 0, 0, 0, 2, 1, 0, 1, 2, 1, 2, 1, 1, 1, 1, 1, 2, 0, 1, 1, 0, 0, 0, 1, 2, 1, 0, 0, 1, 0, 2, 0, 0, 0, 0, 1, 2, 0, 1, 0, 0, 0, 2, 2]|[4, 3, 2, 2, 0, 0, 2, 2, 2, 4, 1, 1, 2, 4, 4, 1, 1, 4, 2, 1, 1, 1, 1, 2, 1, 2, 1, 1, 1, 1, 3, 2, 3, 0, 4, 0, 1, 1, 0, 3, 2, 2, 4, 0, 1, 1, 0, 2, 0, 1, 2, 2, 1, 4, 0, 3, 2, 1, 1, 2, 1, 3, 1, 1, 1, 3, 0, 4, 3, 1, 4, 1, 1, 1, 4, 4, 2, 1, 2, 3, 1, 3, 1, 1, 1, 1, 1, 1, 2, 1, 2, 3, 1, 1, 1, 2, 2, 2, 1, 1]|[0, 2, 1, 1, 3, 3, 0, 1, 0, 0, 0, 0, 1, 0, 1, 0, 0, 3, 1, 0, 0, 0, 3, 1, 0, 2, 0, 0, 0, 1, 0, 0, 0, 0, 3, 0, 1, 0, 0, 2, 1, 1, 2, 0, 0, 0, 0, 1, 1, 0, 0, 0, 1, 3, 0, 0, 1, 0, 0, 1, 0, 2, 0, 1, 0, 2, 1, 0, 0, 1, 1, 3, 0, 0, 3, 3, 1, 0, 1, 2, 0, 0, 0, 0, 1, 0, 0, 0, 1, 0, 1, 2, 0, 1, 1, 0, 0, 0, 0, 0],790.9023961408301,57693.759236216254,89136.6701683821,true
45,G2_TEC,G2_TEC,[31, 22, 82, 15, 26, 9, 95, 42, 77, 68, 47, 5, 93, 78, 86, 54, 85, 63, 18, 44, 20, 49, 36, 14, 74, 50, 53, 17, 21, 28, 11, 64, 3, 23, 30, 83, 24, 41, 40, 52, 65, 27, 90, 70, 39, 87, 48, 69, 99, 4, 75, 1, 13, 58, 97, 59, 45, 8, 73, 37, 35, 79, 71, 66, 76, 32, 60, 80, 56, 6, 67, 61, 33, 7, 57, 34, 12, 16, 10, 98, 96, 88, 43, 81, 91, 2, 84, 29, 92, 19, 51, 55, 46, 89, 25, 72, 94, 38, 62, 0]|[2, 1, 2, 1, 1, 2, 1, 1, 1, 1, 1, 0, 2, 2, 1, 2, 0, 0, 0, 2, 2, 1, 0, 2, 0, 2, 2, 1, 0, 1, 1, 1, 0, 0, 1, 0, 2, 1, 2, 2, 0, 0, 1, 1, 0, 2, 0, 2, 1, 0, 0, 2, 0, 0, 2, 0, 1, 1, 0, 0, 2, 1, 1, 2, 2, 0, 2, 2, 2, 1, 2, 1, 1, 2, 0, 1, 1, 2, 1, 2, 0, 1, 1, 1, 1, 0, 0, 1, 0, 1, 1, 0, 0, 1, 1, 1, 2, 0, 1, 2]|[0, 3, 0, 3, 4, 1, 4, 4, 2, 4, 3, 2, 1, 0, 2, 1, 1, 1, 2, 1, 1, 3, 0, 1, 0, 1, 1, 4, 1, 4, 3, 2, 2, 0, 4, 1, 1, 4, 1, 1, 2, 1, 4, 4, 1, 1, 0, 1, 3, 2, 2, 1, 2, 1, 1, 2, 4, 3, 0, 2, 2, 3, 3, 1, 1, 2, 1, 1, 1, 4, 1, 3, 4, 1, 2, 4, 3, 1, 3, 1, 2, 4, 4, 4, 3, 2, 2, 3, 2, 4, 3, 2, 2, 4, 4, 4, 1, 2, 3, 1]|[0, 2, 0, 0, 3, 0, 1, 3, 0, 0, 2, 0, 1, 0, 1, 0, 0, 0, 1, 0, 0, 2, 0, 0, 1, 0, 0, 3, 0, 1, 0, 2, 0, 0, 3, 0, 1, 1, 0, 0, 0, 0, 1, 3, 0, 0, 1, 0, 2, 0, 0, 0, 0, 0, 1, 0, 1, 0, 1, 1, 0, 2, 0, 0, 0, 0, 0, 0, 0, 2, 0, 0, 1, 0, 0, 1, 0, 0, 3, 0, 0, 1, 2, 2, 0, 0, 0, 3, 0, 1, 0, 0, 0, 1, 3, 1, 0, 0, 0, 0],900.0760482104305,49104.85573898611,106612.48357517918,false
45,G3_TWC,G3_TWC,[31, 22, 42, 15, 26, 58, 95, 82, 77, 12, 47, 5, 93, 78, 98, 54, 85, 63, 18, 44, 20, 35, 43, 97, 91, 76, 10, 30, 21, 45, 71, 64, 1, 23, 17, 83, 24, 14, 60, 36, 6, 57, 94, 88, 65, 56, 79, 40, 67, 68, 46, 75, 38, 9, 19, 32, 81, 41, 27, 62, 87, 90, 99, 59, 11, 16, 72, 73, 70, 39, 37, 84, 3, 92, 25, 55, 28, 29, 51, 7, 33, 61, 48, 66, 89, 50, 86, 96, 53, 80, 4, 8, 34, 2, 52, 49, 13, 0, 69, 74]|[1, 1, 0, 1, 1, 1, 2, 1, 2, 1, 2, 2, 2, 1, 1, 0, 0, 1, 0, 2, 2, 0, 1, 2, 0, 1, 2, 2, 0, 0, 1, 2, 1, 2, 1, 0, 2, 0, 1, 1, 0, 1, 1, 1, 0, 2, 1, 1, 0, 0, 0, 0, 1, 1, 2, 1, 2, 0, 0, 0, 2, 1, 0, 1, 2, 1, 2, 1, 1, 1, 1, 1, 1, 0, 1, 1, 0, 0, 0, 1, 2, 1, 0, 0, 1, 0, 0, 0, 0, 0, 0, 1, 2, 0, 1, 0, 0, 0, 1, 2]|[4, 3, 2, 2, 0, 0, 2, 2, 2, 4, 1, 1, 2, 4, 4, 1, 1, 4, 2, 1, 1, 1, 1, 2, 1, 2, 1, 1, 1, 1, 3, 2, 3, 0, 4, 0, 1, 1, 0, 3, 2, 2, 4, 0, 1, 1, 0, 2, 0, 1, 2, 2, 1, 4, 0, 3, 2, 1, 1, 2, 1, 3, 1, 1, 1, 3, 0, 4, 3, 1, 4, 1, 1, 2, 4, 4, 2, 1, 1, 3, 1, 3, 1, 1, 1, 1, 1, 1, 2, 1, 2, 3, 1, 2, 1, 1, 2, 2, 3, 1]|[0, 2, 1, 1, 3, 3, 0, 1, 0, 0, 0, 0, 1, 0, 1, 0, 0, 3, 1, 0, 0, 0, 3, 1, 0, 2, 0, 0, 0, 1, 0, 0, 0, 0, 3, 0, 1, 0, 0, 2, 1, 1, 2, 0, 0, 0, 0, 1, 1, 0, 0, 0, 1, 3, 0, 0, 1, 0, 0, 1, 0, 2, 0, 1, 0, 2, 1, 0, 0, 1, 1, 3, 1, 1, 3, 3, 1, 0, 0, 2, 0, 0, 0, 0, 1, 0, 0, 0, 1, 0, 1, 2, 0, 0, 1, 1, 0, 0, 0, 0],821.3897039891071,58035.542473704576,88270.61507502937,false
45,G1_CMAX,G1_CMAX,[31, 22, 90, 26, 58, 95, 42, 12, 93, 5, 78, 86, 98, 18, 20, 35, 3, 97, 91, 76, 10, 85, 54, 45, 63, 71, 66, 1, 23, 17, 24, 60, 36, 6, 57, 15, 65, 56, 47, 79, 94, 67, 50, 46, 14, 75, 38, 9, 30, 19, 32, 81, 27, 92, 83, 87, 40, 99, 59, 11, 53, 16, 72, 77, 73, 70, 39, 37, 84, 43, 62, 25, 55, 28, 29, 51, 68, 82, 74, 61, 88, 21, 80, 89, 7, 69, 96, 41, 48, 4, 8, 34, 49, 52, 0, 44, 13, 2, 64, 33]|[1, 1, 1, 1, 0, 2, 1, 1, 2, 2, 2, 1, 0, 1, 2, 2, 1, 2, 0, 1, 2, 2, 2, 0, 0, 1, 2, 1, 2, 1, 2, 1, 1, 0, 1, 1, 0, 2, 2, 1, 1, 0, 0, 0, 0, 1, 1, 1, 1, 2, 1, 2, 2, 0, 0, 2, 1, 0, 0, 2, 0, 1, 2, 2, 1, 1, 1, 1, 1, 1, 0, 1, 1, 0, 0, 0, 0, 0, 2, 1, 1, 0, 0, 1, 1, 1, 2, 2, 0, 1, 1, 2, 0, 1, 0, 0, 0, 0, 2, 2]|[0, 4, 3, 0, 1, 1, 2, 4, 1, 1, 2, 4, 1, 4, 1, 1, 1, 2, 2, 2, 2, 1, 1, 1, 2, 3, 2, 3, 0, 4, 1, 0, 3, 2, 2, 2, 1, 1, 1, 0, 2, 0, 1, 2, 1, 3, 1, 4, 2, 0, 3, 2, 1, 2, 1, 1, 4, 1, 1, 1, 2, 3, 0, 2, 4, 3, 1, 4, 1, 1, 1, 4, 4, 2, 1, 1, 1, 2, 1, 3, 0, 1, 1, 1, 1, 3, 1, 1, 1, 4, 3, 1, 1, 1, 2, 2, 2, 2, 1, 1]|[3, 0, 2, 3, 0, 0, 1, 0, 0, 0, 1, 0, 0, 3, 0, 0, 1, 1, 1, 2, 1, 0, 0, 0, 0, 0, 0, 0, 0, 3, 1, 0, 2, 1, 1, 1, 0, 0, 0, 0, 1, 1, 0, 0, 0, 0, 1, 3, 2, 0, 0, 1, 0, 1, 0, 0, 2, 0, 0, 0, 1, 2, 1, 1, 0, 0, 1, 1, 3, 3, 0, 3, 3, 1, 0, 0, 0, 1, 0, 0, 0, 0, 0, 1, 2, 2, 0, 0, 0, 0, 2, 0, 1, 1, 0, 0, 0, 0, 0, 0],705.0470749739228,58445.79123614564,95781.2895945797,false
45,G4_BALANCED,G3_TWC,[31, 22, 82, 15, 26, 58, 95, 42, 77, 12, 47, 5, 93, 78, 98, 54, 85, 63, 18, 44, 20, 35, 43, 97, 91, 76, 10, 30, 21, 45, 71, 64, 1, 23, 17, 83, 24, 14, 60, 36, 6, 57, 94, 88, 65, 56, 79, 40, 67, 68, 46, 75, 39, 9, 19, 32, 81, 96, 27, 62, 87, 90, 99, 59, 11, 16, 72, 73, 70, 38, 37, 84, 3, 51, 25, 55, 28, 29, 92, 7, 33, 61, 86, 48, 89, 50, 69, 41, 53, 80, 4, 8, 34, 49, 52, 0, 13, 2, 66, 74]|[1, 1, 0, 1, 1, 1, 2, 1, 2, 1, 2, 2, 2, 1, 1, 0, 0, 1, 0, 2, 2, 0, 1, 2, 0, 1, 2, 2, 0, 0, 1, 2, 1, 2, 1, 0, 2, 0, 1, 1, 0, 1, 1, 1, 0, 2, 1, 1, 0, 0, 0, 0, 1, 1, 2, 1, 2, 0, 0, 0, 2, 1, 0, 1, 2, 1, 2, 1, 1, 1, 1, 1, 2, 0, 1, 1, 0, 0, 0, 1, 2, 1, 0, 0, 1, 0, 2, 0, 0, 0, 0, 1, 2, 0, 1, 0, 0, 0, 2, 2]|[4, 3, 2, 2, 0, 0, 2, 2, 2, 4, 1, 1, 2, 4, 4, 1, 1, 4, 2, 1, 1, 1, 1, 2, 1, 2, 1, 1, 1, 1, 3, 2, 3, 0, 4, 0, 1, 1, 0, 3, 2, 2, 4, 0, 1, 1, 0, 2, 0, 1, 2, 2, 1, 4, 0, 3, 2, 1, 1, 2, 1, 3, 1, 1, 1, 3, 0, 4, 3, 1, 4, 1, 1, 1, 4, 4, 2, 1, 2, 3, 1, 3, 1, 1, 1, 1, 1, 1, 2, 1, 2, 3, 1, 1, 1, 2, 2, 2, 1, 1]|[0, 2, 1, 1, 3, 3, 0, 1, 0, 0, 0, 0, 1, 0, 1, 0, 0, 3, 1, 0, 0, 0, 3, 1, 0, 2, 0, 0, 0, 1, 0, 0, 0, 0, 3, 0, 1, 0, 0, 2, 1, 1, 2, 0, 0, 0, 0, 1, 1, 0, 0, 0, 1, 3, 0, 0, 1, 0, 0, 1, 0, 2, 0, 1, 0, 2, 1, 0, 0, 1, 1, 3, 0, 0, 3, 3, 1, 0, 1, 2, 0, 0, 0, 0, 1, 0, 0, 0, 1, 0, 1, 2, 0, 1, 1, 0, 0, 0, 0, 0],790.9023961408301,57693.759236216254,89136.6701683821,true
45,G2_TEC,G2_TEC,[31, 22, 82, 15, 26, 9, 95, 42, 77, 68, 47, 5, 93, 78, 86, 54, 85, 63, 18, 44, 20, 49, 36, 14, 74, 50, 53, 17, 21, 28, 11, 64, 3, 23, 30, 83, 24, 41, 40, 52, 65, 27, 90, 70, 39, 87, 48, 69, 99, 4, 75, 1, 13, 58, 97, 59, 45, 8, 73, 37, 35, 79, 71, 66, 76, 32, 60, 80, 56, 6, 67, 61, 33, 7, 57, 34, 12, 16, 10, 98, 96, 88, 43, 81, 91, 2, 84, 29, 92, 19, 51, 55, 46, 89, 25, 72, 94, 38, 62, 0]|[2, 1, 2, 1, 1, 2, 1, 1, 1, 1, 1, 0, 2, 2, 1, 2, 0, 0, 0, 2, 2, 1, 0, 2, 0, 2, 2, 1, 0, 1, 1, 1, 0, 0, 1, 0, 2, 1, 2, 2, 0, 0, 1, 1, 0, 2, 0, 2, 1, 0, 0, 2, 0, 0, 2, 0, 1, 1, 0, 0, 2, 1, 1, 2, 2, 0, 2, 2, 2, 1, 2, 1, 1, 2, 0, 1, 1, 2, 1, 2, 0, 1, 1, 1, 1, 0, 0, 1, 0, 1, 1, 0, 0, 1, 1, 1, 2, 0, 1, 2]|[0, 3, 0, 3, 4, 1, 4, 4, 2, 4, 3, 2, 1, 0, 2, 1, 1, 1, 2, 1, 1, 3, 0, 1, 0, 1, 1, 4, 1, 4, 3, 2, 2, 0, 4, 1, 1, 4, 1, 1, 2, 1, 4, 4, 1, 1, 0, 1, 3, 2, 2, 1, 2, 1, 1, 2, 4, 3, 0, 2, 2, 3, 3, 1, 1, 2, 1, 1, 1, 4, 1, 3, 4, 1, 2, 4, 3, 1, 3, 1, 2, 4, 4, 4, 3, 2, 2, 3, 2, 4, 3, 2, 2, 4, 4, 4, 1, 2, 3, 1]|[0, 2, 0, 0, 3, 0, 1, 3, 0, 0, 2, 0, 1, 0, 1, 0, 0, 0, 1, 0, 0, 2, 0, 0, 1, 0, 0, 3, 0, 1, 0, 2, 0, 0, 3, 0, 1, 1, 0, 0, 0, 0, 1, 3, 0, 0, 1, 0, 2, 0, 0, 0, 0, 0, 1, 0, 1, 0, 1, 1, 0, 2, 0, 0, 0, 0, 0, 0, 0, 2, 0, 0, 1, 0, 0, 1, 0, 0, 3, 0, 0, 1, 2, 2, 0, 0, 0, 3, 0, 1, 0, 0, 0, 1, 3, 1, 0, 0, 0, 0],900.0760482104305,49104.85573898611,106612.48357517918,false
45,G3_TWC,G3_TWC,[31, 22, 42, 15, 26, 58, 95, 82, 77, 12, 47, 5, 93, 78, 98, 54, 85, 63, 18, 44, 20, 35, 43, 97, 91, 76, 10, 30, 21, 45, 71, 64, 1, 23, 17, 83, 24, 14, 60, 36, 6, 57, 94, 88, 65, 56, 79, 40, 67, 68, 46, 75, 38, 9, 19, 32, 81, 41, 27, 62, 87, 90, 99, 59, 11, 16, 72, 73, 70, 39, 37, 84, 3, 92, 25, 55, 28, 29, 51, 7, 33, 61, 48, 66, 89, 50, 86, 96, 53, 80, 4, 8, 34, 2, 52, 49, 13, 0, 69, 74]|[1, 1, 0, 1, 1, 1, 2, 1, 2, 1, 2, 2, 2, 1, 1, 0, 0, 1, 0, 2, 2, 0, 1, 2, 0, 1, 2, 2, 0, 0, 1, 2, 1, 2, 1, 0, 2, 0, 1, 1, 0, 1, 1, 1, 0, 2, 1, 1, 0, 0, 0, 0, 1, 1, 2, 1, 2, 0, 0, 0, 2, 1, 0, 1, 2, 1, 2, 1, 1, 1, 1, 1, 1, 0, 1, 1, 0, 0, 0, 1, 2, 1, 0, 0, 1, 0, 0, 0, 0, 0, 0, 1, 2, 0, 1, 0, 0, 0, 1, 2]|[4, 3, 2, 2, 0, 0, 2, 2, 2, 4, 1, 1, 2, 4, 4, 1, 1, 4, 2, 1, 1, 1, 1, 2, 1, 2, 1, 1, 1, 1, 3, 2, 3, 0, 4, 0, 1, 1, 0, 3, 2, 2, 4, 0, 1, 1, 0, 2, 0, 1, 2, 2, 1, 4, 0, 3, 2, 1, 1, 2, 1, 3, 1, 1, 1, 3, 0, 4, 3, 1, 4, 1, 1, 2, 4, 4, 2, 1, 1, 3, 1, 3, 1, 1, 1, 1, 1, 1, 2, 1, 2, 3, 1, 2, 1, 1, 2, 2, 3, 1]|[0, 2, 1, 1, 3, 3, 0, 1, 0, 0, 0, 0, 1, 0, 1, 0, 0, 3, 1, 0, 0, 0, 3, 1, 0, 2, 0, 0, 0, 1, 0, 0, 0, 0, 3, 0, 1, 0, 0, 2, 1, 1, 2, 0, 0, 0, 0, 1, 1, 0, 0, 0, 1, 3, 0, 0, 1, 0, 0, 1, 0, 2, 0, 1, 0, 2, 1, 0, 0, 1, 1, 3, 1, 1, 3, 3, 1, 0, 0, 2, 0, 0, 0, 0, 1, 0, 0, 0, 1, 0, 1, 2, 0, 0, 1, 1, 0, 0, 0, 0],821.3897039891071,58035.542473704576,88270.61507502937,false
45,G1_CMAX,G1_CMAX,[31, 22, 90, 26, 58, 95, 42, 12, 93, 5, 78, 86, 98, 18, 20, 35, 3, 97, 91, 76, 10, 85, 54, 45, 63, 71, 66, 1, 23, 17, 24, 60, 36, 6, 57, 15, 65, 56, 47, 79, 94, 67, 50, 46, 14, 75, 38, 9, 30, 19, 32, 81, 27, 92, 83, 87, 40, 99, 59, 11, 53, 16, 72, 77, 73, 70, 39, 37, 84, 43, 62, 25, 55, 28, 29, 51, 68, 82, 74, 61, 88, 21, 80, 89, 7, 69, 96, 41, 48, 4, 8, 34, 49, 52, 0, 44, 13, 2, 64, 33]|[1, 1, 1, 1, 0, 2, 1, 1, 2, 2, 2, 1, 0, 1, 2, 2, 1, 2, 0, 1, 2, 2, 2, 0, 0, 1, 2, 1, 2, 1, 2, 1, 1, 0, 1, 1, 0, 2, 2, 1, 1, 0, 0, 0, 0, 1, 1, 1, 1, 2, 1, 2, 2, 0, 0, 2, 1, 0, 0, 2, 0, 1, 2, 2, 1, 1, 1, 1, 1, 1, 0, 1, 1, 0, 0, 0, 0, 0, 2, 1, 1, 0, 0, 1, 1, 1, 2, 2, 0, 1, 1, 2, 0, 1, 0, 0, 0, 0, 2, 2]|[0, 4, 3, 0, 1, 1, 2, 4, 1, 1, 2, 4, 1, 4, 1, 1, 1, 2, 2, 2, 2, 1, 1, 1, 2, 3, 2, 3, 0, 4, 1, 0, 3, 2, 2, 2, 1, 1, 1, 0, 2, 0, 1, 2, 1, 3, 1, 4, 2, 0, 3, 2, 1, 2, 1, 1, 4, 1, 1, 1, 2, 3, 0, 2, 4, 3, 1, 4, 1, 1, 1, 4, 4, 2, 1, 1, 1, 2, 1, 3, 0, 1, 1, 1, 1, 3, 1, 1, 1, 4, 3, 1, 1, 1, 2, 2, 2, 2, 1, 1]|[3, 0, 2, 3, 0, 0, 1, 0, 0, 0, 1, 0, 0, 3, 0, 0, 1, 1, 1, 2, 1, 0, 0, 0, 0, 0, 0, 0, 0, 3, 1, 0, 2, 1, 1, 1, 0, 0, 0, 0, 1, 1, 0, 0, 0, 0, 1, 3, 2, 0, 0, 1, 0, 1, 0, 0, 2, 0, 0, 0, 1, 2, 1, 1, 0, 0, 1, 1, 3, 3, 0, 3, 3, 1, 0, 0, 0, 1, 0, 0, 0, 0, 0, 1, 2, 2, 0, 0, 0, 0, 2, 0, 1, 1, 0, 0, 0, 0, 0, 0],705.0470749739228,58445.79123614564,95781.2895945797,false
45,G4_BALANCED,G3_TWC,[31, 22, 82, 15, 26, 58, 95, 42, 77, 12, 47, 5, 93, 78, 98, 54, 85, 63, 18, 44, 20, 35, 43, 97, 91, 76, 10, 30, 21, 45, 71, 64, 1, 23, 17, 83, 24, 14, 60, 36, 6, 57, 94, 88, 65, 56, 79, 40, 67, 68, 46, 75, 39, 9, 19, 32, 81, 96, 27, 62, 87, 90, 99, 59, 11, 16, 72, 73, 70, 38, 37, 84, 3, 51, 25, 55, 28, 29, 92, 7, 33, 61, 86, 48, 89, 50, 69, 41, 53, 80, 4, 8, 34, 49, 52, 0, 13, 2, 66, 74]|[1, 1, 0, 1, 1, 1, 2, 1, 2, 1, 2, 2, 2, 1, 1, 0, 0, 1, 0, 2, 2, 0, 1, 2, 0, 1, 2, 2, 0, 0, 1, 2, 1, 2, 1, 0, 2, 0, 1, 1, 0, 1, 1, 1, 0, 2, 1, 1, 0, 0, 0, 0, 1, 1, 2, 1, 2, 0, 0, 0, 2, 1, 0, 1, 2, 1, 2, 1, 1, 1, 1, 1, 2, 0, 1, 1, 0, 0, 0, 1, 2, 1, 0, 0, 1, 0, 2, 0, 0, 0, 0, 1, 2, 0, 1, 0, 0, 0, 2, 2]|[4, 3, 2, 2, 0, 0, 2, 2, 2, 4, 1, 1, 2, 4, 4, 1, 1, 4, 2, 1, 1, 1, 1, 2, 1, 2, 1, 1, 1, 1, 3, 2, 3, 0, 4, 0, 1, 1, 0, 3, 2, 2, 4, 0, 1, 1, 0, 2, 0, 1, 2, 2, 1, 4, 0, 3, 2, 1, 1, 2, 1, 3, 1, 1, 1, 3, 0, 4, 3, 1, 4, 1, 1, 1, 4, 4, 2, 1, 2, 3, 1, 3, 1, 1, 1, 1, 1, 1, 2, 1, 2, 3, 1, 1, 1, 2, 2, 2, 1, 1]|[0, 2, 1, 1, 3, 3, 0, 1, 0, 0, 0, 0, 1, 0, 1, 0, 0, 3, 1, 0, 0, 0, 3, 1, 0, 2, 0, 0, 0, 1, 0, 0, 0, 0, 3, 0, 1, 0, 0, 2, 1, 1, 2, 0, 0, 0, 0, 1, 1, 0, 0, 0, 1, 3, 0, 0, 1, 0, 0, 1, 0, 2, 0, 1, 0, 2, 1, 0, 0, 1, 1, 3, 0, 0, 3, 3, 1, 0, 1, 2, 0, 0, 0, 0, 1, 0, 0, 0, 1, 0, 1, 2, 0, 1, 1, 0, 0, 0, 0, 0],790.9023961408301,57693.759236216254,89136.6701683821,true
45,G2_TEC,G2_TEC,[31, 22, 82, 15, 26, 9, 95, 42, 77, 68, 47, 5, 93, 78, 86, 54, 85, 63, 18, 44, 20, 49, 36, 14, 74, 50, 53, 17, 21, 28, 11, 64, 3, 23, 30, 83, 24, 41, 40, 52, 65, 27, 90, 70, 39, 87, 48, 69, 99, 4, 75, 1, 13, 58, 97, 59, 45, 8, 73, 37, 35, 79, 71, 66, 76, 32, 60, 80, 56, 6, 67, 61, 33, 7, 57, 34, 12, 16, 10, 98, 96, 88, 43, 81, 91, 2, 84, 29, 92, 19, 51, 55, 46, 89, 25, 72, 94, 38, 62, 0]|[2, 1, 2, 1, 1, 2, 1, 1, 1, 1, 1, 0, 2, 2, 1, 2, 0, 0, 0, 2, 2, 1, 0, 2, 0, 2, 2, 1, 0, 1, 1, 1, 0, 0, 1, 0, 2, 1, 2, 2, 0, 0, 1, 1, 0, 2, 0, 2, 1, 0, 0, 2, 0, 0, 2, 0, 1, 1, 0, 0, 2, 1, 1, 2, 2, 0, 2, 2, 2, 1, 2, 1, 1, 2, 0, 1, 1, 2, 1, 2, 0, 1, 1, 1, 1, 0, 0, 1, 0, 1, 1, 0, 0, 1, 1, 1, 2, 0, 1, 2]|[0, 3, 0, 3, 4, 1, 4, 4, 2, 4, 3, 2, 1, 0, 2, 1, 1, 1, 2, 1, 1, 3, 0, 1, 0, 1, 1, 4, 1, 4, 3, 2, 2, 0, 4, 1, 1, 4, 1, 1, 2, 1, 4, 4, 1, 1, 0, 1, 3, 2, 2, 1, 2, 1, 1, 2, 4, 3, 0, 2, 2, 3, 3, 1, 1, 2, 1, 1, 1, 4, 1, 3, 4, 1, 2, 4, 3, 1, 3, 1, 2, 4, 4, 4, 3, 2, 2, 3, 2, 4, 3, 2, 2, 4, 4, 4, 1, 2, 3, 1]|[0, 2, 0, 0, 3, 0, 1, 3, 0, 0, 2, 0, 1, 0, 1, 0, 0, 0, 1, 0, 0, 2, 0, 0, 1, 0, 0, 3, 0, 1, 0, 2, 0, 0, 3, 0, 1, 1, 0, 0, 0, 0, 1, 3, 0, 0, 1, 0, 2, 0, 0, 0, 0, 0, 1, 0, 1, 0, 1, 1, 0, 2, 0, 0, 0, 0, 0, 0, 0, 2, 0, 0, 1, 0, 0, 1, 0, 0, 3, 0, 0, 1, 2, 2, 0, 0, 0, 3, 0, 1, 0, 0, 0, 1, 3, 1, 0, 0, 0, 0],900.0760482104305,49104.85573898611,106612.48357517918,false
45,G3_TWC,G3_TWC,[31, 22, 42, 15, 26, 58, 95, 82, 77, 12, 47, 5, 93, 78, 98, 54, 85, 63, 18, 44, 20, 35, 43, 97, 91, 76, 10, 30, 21, 45, 71, 64, 1, 23, 17, 83, 24, 14, 60, 36, 6, 57, 94, 88, 65, 56, 79, 40, 67, 68, 46, 75, 38, 9, 19, 32, 81, 41, 27, 62, 87, 90, 99, 59, 11, 16, 72, 73, 70, 39, 37, 84, 3, 92, 25, 55, 28, 29, 51, 7, 53, 61, 86, 33, 89, 50, 66, 96, 48, 80, 4, 8, 34, 49, 52, 0, 74, 2, 69, 13]|[1, 1, 0, 1, 1, 1, 2, 1, 2, 1, 2, 2, 2, 1, 1, 0, 0, 1, 0, 2, 2, 0, 1, 2, 0, 1, 2, 2, 0, 0, 1, 2, 1, 2, 1, 0, 2, 0, 1, 1, 0, 1, 1, 1, 0, 2, 1, 1, 0, 0, 0, 0, 1, 1, 2, 1, 2, 0, 0, 0, 2, 1, 0, 1, 2, 1, 2, 1, 1, 1, 1, 1, 2, 0, 1, 1, 0, 0, 0, 1, 0, 1, 0, 2, 1, 0, 0, 0, 0, 0, 0, 1, 2, 0, 1, 0, 2, 0, 1, 0]|[4, 3, 2, 2, 0, 0, 2, 2, 2, 4, 1, 1, 2, 4, 4, 1, 1, 4, 2, 1, 1, 1, 1, 2, 1, 2, 1, 1, 1, 1, 3, 2, 3, 0, 4, 0, 1, 1, 0, 3, 2, 2, 4, 0, 1, 1, 0, 2, 0, 1, 2, 2, 1, 4, 0, 3, 2, 1, 1, 2, 1, 3, 1, 1, 1, 3, 0, 4, 3, 1, 4, 1, 1, 2, 4, 4, 2, 1, 1, 3, 2, 3, 1, 1, 1, 1, 1, 1, 1, 1, 2, 3, 1, 1, 1, 2, 1, 2, 3, 2]|[0, 2, 1, 1, 3, 3, 0, 1, 0, 0, 0, 0, 1, 0, 1, 0, 0, 3, 1, 0, 0, 0, 3, 1, 0, 2, 0, 0, 0, 1, 0, 0, 0, 0, 3, 0, 1, 0, 0, 2, 1, 1, 2, 0, 0, 0, 0, 1, 1, 0, 0, 0, 1, 3, 0, 0, 1, 0, 0, 1, 0, 2, 0, 1, 0, 2, 1, 0, 0, 1, 1, 3, 0, 1, 3, 3, 1, 0, 0, 2, 1, 0, 0, 0, 1, 0, 0, 0, 0, 0, 1, 2, 0, 1, 1, 0, 0, 0, 0, 0],810.9396313435756,57780.79202865988,88218.68953805708,false
45,G1_CMAX,G1_CMAX,[31, 22, 90, 26, 58, 95, 42, 12, 93, 5, 78, 86, 98, 18, 20, 35, 3, 97, 91, 76, 10, 85, 54, 45, 63, 71, 66, 1, 23, 17, 24, 60, 36, 6, 57, 15, 65, 56, 47, 79, 94, 67, 50, 46, 14, 75, 38, 9, 30, 19, 32, 81, 27, 92, 83, 87, 40, 99, 59, 11, 53, 16, 72, 77, 73, 70, 39, 37, 84, 43, 62, 25, 55, 28, 29, 51, 68, 82, 74, 61, 88, 21, 80, 89, 7, 69, 96, 41, 48, 4, 8, 34, 49, 52, 0, 44, 13, 2, 64, 33]|[1, 1, 1, 1, 0, 2, 1, 1, 2, 2, 2, 1, 0, 1, 2, 2, 1, 2, 0, 1, 2, 2, 2, 0, 0, 1, 2, 1, 2, 1, 2, 1, 1, 0, 1, 1, 0, 2, 2, 1, 1, 0, 0, 0, 0, 1, 1, 1, 1, 2, 1, 2, 2, 0, 0, 2, 1, 0, 0, 2, 0, 1, 2, 2, 1, 1, 1, 1, 1, 1, 0, 1, 1, 0, 0, 0, 0, 0, 2, 1, 1, 0, 0, 1, 1, 1, 2, 2, 0, 1, 1, 2, 0, 1, 0, 0, 0, 0, 2, 2]|[0, 4, 3, 0, 1, 1, 2, 4, 1, 1, 2, 4, 1, 4, 1, 1, 1, 2, 2, 2, 2, 1, 1, 1, 2, 3, 2, 3, 0, 4, 1, 0, 3, 2, 2, 2, 1, 1, 1, 0, 2, 0, 1, 2, 1, 3, 1, 4, 2, 0, 3, 2, 1, 2, 1, 1, 4, 1, 1, 1, 2, 3, 0, 2, 4, 3, 1, 4, 1, 1, 1, 4, 4, 2, 1, 1, 1, 2, 1, 3, 0, 1, 1, 1, 1, 3, 1, 1, 1, 4, 3, 1, 1, 1, 2, 2, 2, 2, 1, 1]|[3, 0, 2, 3, 0, 0, 1, 0, 0, 0, 1, 0, 0, 3, 0, 0, 1, 1, 1, 2, 1, 0, 0, 0, 0, 0, 0, 0, 0, 3, 1, 0, 2, 1, 1, 1, 0, 0, 0, 0, 1, 1, 0, 0, 0, 0, 1, 3, 2, 0, 0, 1, 0, 1, 0, 0, 2, 0, 0, 0, 1, 2, 1, 1, 0, 0, 1, 1, 3, 3, 0, 3, 3, 1, 0, 0, 0, 1, 0, 0, 0, 0, 0, 1, 2, 2, 0, 0, 0, 0, 2, 0, 1, 1, 0, 0, 0, 0, 0, 0],705.0470749739228,58445.79123614564,95781.2895945797,false
45,G4_BALANCED,G3_TWC,[31, 22, 82, 15, 26, 58, 95, 42, 77, 12, 47, 5, 93, 78, 98, 54, 85, 63, 18, 44, 20, 35, 43, 97, 91, 76, 10, 30, 21, 45, 71, 64, 1, 23, 17, 83, 24, 14, 60, 36, 6, 57, 94, 88, 65, 56, 79, 40, 67, 68, 46, 75, 39, 9, 19, 32, 81, 96, 27, 62, 87, 90, 99, 59, 11, 16, 72, 73, 70, 38, 37, 84, 3, 51, 25, 55, 28, 29, 92, 7, 33, 61, 86, 48, 89, 50, 69, 41, 53, 80, 4, 8, 34, 49, 52, 0, 13, 2, 66, 74]|[1, 1, 0, 1, 1, 1, 2, 1, 2, 1, 2, 2, 2, 1, 1, 0, 0, 1, 0, 2, 2, 0, 1, 2, 0, 1, 2, 2, 0, 0, 1, 2, 1, 2, 1, 0, 2, 0, 1, 1, 0, 1, 1, 1, 0, 2, 1, 1, 0, 0, 0, 0, 1, 1, 2, 1, 2, 0, 0, 0, 2, 1, 0, 1, 2, 1, 2, 1, 1, 1, 1, 1, 2, 0, 1, 1, 0, 0, 0, 1, 2, 1, 0, 0, 1, 0, 2, 0, 0, 0, 0, 1, 2, 0, 1, 0, 0, 0, 2, 2]|[4, 3, 2, 2, 0, 0, 2, 2, 2, 4, 1, 1, 2, 4, 4, 1, 1, 4, 2, 1, 1, 1, 1, 2, 1, 2, 1, 1, 1, 1, 3, 2, 3, 0, 4, 0, 1, 1, 0, 3, 2, 2, 4, 0, 1, 1, 0, 2, 0, 1, 2, 2, 1, 4, 0, 3, 2, 1, 1, 2, 1, 3, 1, 1, 1, 3, 0, 4, 3, 1, 4, 1, 1, 1, 4, 4, 2, 1, 2, 3, 1, 3, 1, 1, 1, 1, 1, 1, 2, 1, 2, 3, 1, 1, 1, 2, 2, 2, 1, 1]|[0, 2, 1, 1, 3, 3, 0, 1, 0, 0, 0, 0, 1, 0, 1, 0, 0, 3, 1, 0, 0, 0, 3, 1, 0, 2, 0, 0, 0, 1, 0, 0, 0, 0, 3, 0, 1, 0, 0, 2, 1, 1, 2, 0, 0, 0, 0, 1, 1, 0, 0, 0, 1, 3, 0, 0, 1, 0, 0, 1, 0, 2, 0, 1, 0, 2, 1, 0, 0, 1, 1, 3, 0, 0, 3, 3, 1, 0, 1, 2, 0, 0, 0, 0, 1, 0, 0, 0, 1, 0, 1, 2, 0, 1, 1, 0, 0, 0, 0, 0],790.9023961408301,57693.759236216254,89136.6701683821,true
45,G2_TEC,G2_TEC,[31, 22, 82, 15, 26, 9, 95, 42, 77, 68, 47, 5, 93, 78, 86, 54, 85, 63, 18, 44, 20, 49, 36, 14, 74, 50, 53, 17, 21, 28, 11, 64, 3, 23, 30, 83, 24, 41, 40, 52, 65, 27, 90, 70, 39, 87, 48, 69, 99, 4, 75, 1, 13, 58, 97, 59, 45, 8, 73, 37, 35, 79, 71, 66, 76, 32, 60, 80, 56, 6, 67, 61, 33, 7, 57, 34, 12, 16, 10, 98, 96, 88, 43, 81, 91, 2, 84, 29, 92, 19, 51, 55, 46, 89, 25, 72, 94, 38, 62, 0]|[2, 1, 2, 1, 1, 2, 1, 1, 1, 1, 1, 0, 2, 2, 1, 2, 0, 0, 0, 2, 2, 1, 0, 2, 0, 2, 2, 1, 0, 1, 1, 1, 0, 0, 1, 0, 2, 1, 2, 2, 0, 0, 1, 1, 0, 2, 0, 2, 1, 0, 0, 2, 0, 0, 2, 0, 1, 1, 0, 0, 2, 1, 1, 2, 2, 0, 2, 2, 2, 1, 2, 1, 1, 2, 0, 1, 1, 2, 1, 2, 0, 1, 1, 1, 1, 0, 0, 1, 0, 1, 1, 0, 0, 1, 1, 1, 2, 0, 1, 2]|[0, 3, 0, 3, 4, 1, 4, 4, 2, 4, 3, 2, 1, 0, 2, 1, 1, 1, 2, 1, 1, 3, 0, 1, 0, 1, 1, 4, 1, 4, 3, 2, 2, 0, 4, 1, 1, 4, 1, 1, 2, 1, 4, 4, 1, 1, 0, 1, 3, 2, 2, 1, 2, 1, 1, 2, 4, 3, 0, 2, 2, 3, 3, 1, 1, 2, 1, 1, 1, 4, 1, 3, 4, 1, 2, 4, 3, 1, 3, 1, 2, 4, 4, 4, 3, 2, 2, 3, 2, 4, 3, 2, 2, 4, 4, 4, 1, 2, 3, 1]|[0, 2, 0, 0, 3, 0, 1, 3, 0, 0, 2, 0, 1, 0, 1, 0, 0, 0, 1, 0, 0, 2, 0, 0, 1, 0, 0, 3, 0, 1, 0, 2, 0, 0, 3, 0, 1, 1, 0, 0, 0, 0, 1, 3, 0, 0, 1, 0, 2, 0, 0, 0, 0, 0, 1, 0, 1, 0, 1, 1, 0, 2, 0, 0, 0, 0, 0, 0, 0, 2, 0, 0, 1, 0, 0, 1, 0, 0, 3, 0, 0, 1, 2, 2, 0, 0, 0, 3, 0, 1, 0, 0, 0, 1, 3, 1, 0, 0, 0, 0],900.0760482104305,49104.85573898611,106612.48357517918,false
45,G3_TWC,G3_TWC,[31, 22, 42, 15, 26, 58, 95, 82, 77, 12, 47, 5, 93, 78, 98, 54, 85, 63, 18, 44, 20, 35, 43, 97, 91, 76, 10, 30, 21, 45, 71, 64, 1, 23, 17, 83, 24, 14, 60, 36, 6, 57, 94, 88, 65, 56, 79, 40, 67, 68, 46, 75, 38, 9, 19, 32, 81, 41, 27, 62, 87, 90, 99, 59, 11, 16, 72, 73, 70, 39, 37, 84, 3, 92, 25, 55, 28, 29, 51, 7, 53, 61, 86, 33, 89, 50, 66, 96, 48, 80, 4, 8, 34, 49, 52, 0, 74, 2, 69, 13]|[1, 1, 0, 1, 1, 1, 2, 1, 2, 1, 2, 2, 2, 1, 1, 0, 0, 1, 0, 2, 2, 0, 1, 2, 0, 1, 2, 2, 0, 0, 1, 2, 1, 2, 1, 0, 2, 0, 1, 1, 0, 1, 1, 1, 0, 2, 1, 1, 0, 0, 0, 0, 1, 1, 2, 1, 2, 0, 0, 0, 2, 1, 0, 1, 2, 1, 2, 1, 1, 1, 1, 1, 2, 0, 1, 1, 0, 0, 0, 1, 0, 1, 0, 2, 1, 0, 0, 0, 0, 0, 0, 1, 2, 0, 1, 0, 2, 0, 1, 0]|[4, 3, 2, 2, 0, 0, 2, 2, 2, 4, 1, 1, 2, 4, 4, 1, 1, 4, 2, 1, 1, 1, 1, 2, 1, 2, 1, 1, 1, 1, 3, 2, 3, 0, 4, 0, 1, 1, 0, 3, 2, 2, 4, 0, 1, 1, 0, 2, 0, 1, 2, 2, 1, 4, 0, 3, 2, 1, 1, 2, 1, 3, 1, 1, 1, 3, 0, 4, 3, 1, 4, 1, 1, 2, 4, 4, 2, 1, 1, 3, 2, 3, 1, 1, 1, 1, 1, 1, 1, 1, 2, 3, 1, 1, 1, 2, 1, 2, 3, 2]|[0, 2, 1, 1, 3, 3, 0, 1, 0, 0, 0, 0, 1, 0, 1, 0, 0, 3, 1, 0, 0, 0, 3, 1, 0, 2, 0, 0, 0, 1, 0, 0, 0, 0, 3, 0, 1, 0, 0, 2, 1, 1, 2, 0, 0, 0, 0, 1, 1, 0, 0, 0, 1, 3, 0, 0, 1, 0, 0, 1, 0, 2, 0, 1, 0, 2, 1, 0, 0, 1, 1, 3, 0, 1, 3, 3, 1, 0, 0, 2, 1, 0, 0, 0, 1, 0, 0, 0, 0, 0, 1, 2, 0, 1, 1, 0, 0, 0, 0, 0],810.9396313435756,57780.79202865988,88218.68953805708,false
45,G1_CMAX,G1_CMAX,[31, 22, 90, 26, 58, 95, 42, 12, 93, 5, 78, 86, 98, 18, 20, 35, 3, 97, 91, 76, 10, 85, 54, 45, 63, 71, 66, 1, 23, 17, 24, 60, 36, 6, 57, 15, 65, 56, 47, 79, 94, 67, 50, 46, 14, 75, 38, 9, 30, 19, 32, 81, 27, 92, 83, 87, 40, 99, 59, 11, 53, 16, 72, 77, 73, 70, 39, 37, 84, 43, 62, 25, 55, 28, 29, 51, 68, 82, 74, 61, 88, 21, 80, 89, 7, 69, 96, 41, 48, 4, 8, 34, 49, 52, 0, 44, 13, 2, 64, 33]|[1, 1, 1, 1, 0, 2, 1, 1, 2, 2, 2, 1, 0, 1, 2, 2, 1, 2, 0, 1, 2, 2, 2, 0, 0, 1, 2, 1, 2, 1, 2, 1, 1, 0, 1, 1, 0, 2, 2, 1, 1, 0, 0, 0, 0, 1, 1, 1, 1, 2, 1, 2, 2, 0, 0, 2, 1, 0, 0, 2, 0, 1, 2, 2, 1, 1, 1, 1, 1, 1, 0, 1, 1, 0, 0, 0, 0, 0, 2, 1, 1, 0, 0, 1, 1, 1, 2, 2, 0, 1, 1, 2, 0, 1, 0, 0, 0, 0, 2, 2]|[0, 4, 3, 0, 1, 1, 2, 4, 1, 1, 2, 4, 1, 4, 1, 1, 1, 2, 2, 2, 2, 1, 1, 1, 2, 3, 2, 3, 0, 4, 1, 0, 3, 2, 2, 2, 1, 1, 1, 0, 2, 0, 1, 2, 1, 3, 1, 4, 2, 0, 3, 2, 1, 2, 1, 1, 4, 1, 1, 1, 2, 3, 0, 2, 4, 3, 1, 4, 1, 1, 1, 4, 4, 2, 1, 1, 1, 2, 1, 3, 0, 1, 1, 1, 1, 3, 1, 1, 1, 4, 3, 1, 1, 1, 2, 2, 2, 2, 1, 1]|[3, 0, 2, 3, 0, 0, 1, 0, 0, 0, 1, 0, 0, 3, 0, 0, 1, 1, 1, 2, 1, 0, 0, 0, 0, 0, 0, 0, 0, 3, 1, 0, 2, 1, 1, 1, 0, 0, 0, 0, 1, 1, 0, 0, 0, 0, 1, 3, 2, 0, 0, 1, 0, 1, 0, 0, 2, 0, 0, 0, 1, 2, 1, 1, 0, 0, 1, 1, 3, 3, 0, 3, 3, 1, 0, 0, 0, 1, 0, 0, 0, 0, 0, 1, 2, 2, 0, 0, 0, 0, 2, 0, 1, 1, 0, 0, 0, 0, 0, 0],705.0470749739228,58445.79123614564,95781.2895945797,false
45,G4_BALANCED,G3_TWC,[31, 22, 82, 15, 26, 58, 95, 42, 77, 12, 47, 5, 93, 78, 98, 54, 85, 63, 18, 44, 20, 35, 43, 97, 91, 76, 10, 30, 21, 45, 71, 64, 1, 23, 17, 83, 24, 14, 60, 36, 6, 57, 94, 88, 65, 56, 79, 40, 67, 68, 46, 75, 39, 9, 19, 32, 81, 96, 27, 62, 87, 90, 99, 59, 11, 16, 72, 73, 70, 38, 37, 84, 3, 51, 25, 55, 28, 29, 92, 7, 33, 61, 86, 48, 89, 50, 69, 41, 53, 80, 4, 8, 34, 49, 52, 0, 13, 2, 66, 74]|[1, 1, 0, 1, 1, 1, 2, 1, 2, 1, 2, 2, 2, 1, 1, 0, 0, 1, 0, 2, 2, 0, 1, 2, 0, 1, 2, 2, 0, 0, 1, 2, 1, 2, 1, 0, 2, 0, 1, 1, 0, 1, 1, 1, 0, 2, 1, 1, 0, 0, 0, 0, 1, 1, 2, 1, 2, 0, 0, 0, 2, 1, 0, 1, 2, 1, 2, 1, 1, 1, 1, 1, 2, 0, 1, 1, 0, 0, 0, 1, 2, 1, 0, 0, 1, 0, 2, 0, 0, 0, 0, 1, 2, 0, 1, 0, 0, 0, 2, 2]|[4, 3, 2, 2, 0, 0, 2, 2, 2, 4, 1, 1, 2, 4, 4, 1, 1, 4, 2, 1, 1, 1, 1, 2, 1, 2, 1, 1, 1, 1, 3, 2, 3, 0, 4, 0, 1, 1, 0, 3, 2, 2, 4, 0, 1, 1, 0, 2, 0, 1, 2, 2, 1, 4, 0, 3, 2, 1, 1, 2, 1, 3, 1, 1, 1, 3, 0, 4, 3, 1, 4, 1, 1, 1, 4, 4, 2, 1, 2, 3, 1, 3, 1, 1, 1, 1, 1, 1, 2, 1, 2, 3, 1, 1, 1, 2, 2, 2, 1, 1]|[0, 2, 1, 1, 3, 3, 0, 1, 0, 0, 0, 0, 1, 0, 1, 0, 0, 3, 1, 0, 0, 0, 3, 1, 0, 2, 0, 0, 0, 1, 0, 0, 0, 0, 3, 0, 1, 0, 0, 2, 1, 1, 2, 0, 0, 0, 0, 1, 1, 0, 0, 0, 1, 3, 0, 0, 1, 0, 0, 1, 0, 2, 0, 1, 0, 2, 1, 0, 0, 1, 1, 3, 0, 0, 3, 3, 1, 0, 1, 2, 0, 0, 0, 0, 1, 0, 0, 0, 1, 0, 1, 2, 0, 1, 1, 0, 0, 0, 0, 0],790.9023961408301,57693.759236216254,89136.6701683821,true
45,G2_TEC,G2_TEC,[31, 22, 82, 15, 26, 9, 95, 42, 77, 68, 47, 5, 93, 78, 86, 54, 85, 63, 18, 44, 20, 49, 36, 14, 74, 50, 53, 17, 21, 28, 11, 64, 3, 23, 30, 83, 24, 41, 40, 52, 65, 27, 90, 70, 39, 87, 48, 69, 99, 4, 75, 1, 13, 58, 97, 59, 45, 8, 73, 37, 35, 79, 71, 66, 76, 32, 60, 80, 56, 6, 67, 61, 33, 7, 57, 34, 12, 16, 10, 98, 96, 88, 43, 81, 91, 2, 84, 29, 92, 19, 51, 55, 46, 89, 25, 72, 94, 38, 62, 0]|[2, 1, 2, 1, 1, 2, 1, 1, 1, 1, 1, 0, 2, 2, 1, 2, 0, 0, 0, 2, 2, 1, 0, 2, 0, 2, 2, 1, 0, 1, 1, 1, 0, 0, 1, 0, 2, 1, 2, 2, 0, 0, 1, 1, 0, 2, 0, 2, 1, 0, 0, 2, 0, 0, 2, 0, 1, 1, 0, 0, 2, 1, 1, 2, 2, 0, 2, 2, 2, 1, 2, 1, 1, 2, 0, 1, 1, 2, 1, 2, 0, 1, 1, 1, 1, 0, 0, 1, 0, 1, 1, 0, 0, 1, 1, 1, 2, 0, 1, 2]|[0, 3, 0, 3, 4, 1, 4, 4, 2, 4, 3, 2, 1, 0, 2, 1, 1, 1, 2, 1, 1, 3, 0, 1, 0, 1, 1, 4, 1, 4, 3, 2, 2, 0, 4, 1, 1, 4, 1, 1, 2, 1, 4, 4, 1, 1, 0, 1, 3, 2, 2, 1, 2, 1, 1, 2, 4, 3, 0, 2, 2, 3, 3, 1, 1, 2, 1, 1, 1, 4, 1, 3, 4, 1, 2, 4, 3, 1, 3, 1, 2, 4, 4, 4, 3, 2, 2, 3, 2, 4, 3, 2, 2, 4, 4, 4, 1, 2, 3, 1]|[0, 2, 0, 0, 3, 0, 1, 3, 0, 0, 2, 0, 1, 0, 1, 0, 0, 0, 1, 0, 0, 2, 0, 0, 1, 0, 0, 3, 0, 1, 0, 2, 0, 0, 3, 0, 1, 1, 0, 0, 0, 0, 1, 3, 0, 0, 1, 0, 2, 0, 0, 0, 0, 0, 1, 0, 1, 0, 1, 1, 0, 2, 0, 0, 0, 0, 0, 0, 0, 2, 0, 0, 1, 0, 0, 1, 0, 0, 3, 0, 0, 1, 2, 2, 0, 0, 0, 3, 0, 1, 0, 0, 0, 1, 3, 1, 0, 0, 0, 0],900.0760482104305,49104.85573898611,106612.48357517918,false
45,G3_TWC,G3_TWC,[31, 22, 42, 15, 26, 58, 95, 82, 77, 12, 47, 5, 93, 78, 98, 54, 85, 63, 18, 44, 20, 35, 43, 97, 91, 76, 10, 30, 21, 45, 71, 64, 1, 23, 17, 83, 24, 14, 60, 36, 6, 57, 94, 88, 65, 56, 79, 40, 67, 68, 46, 75, 38, 9, 19, 32, 81, 41, 27, 62, 87, 90, 99, 59, 11, 16, 72, 73, 70, 39, 37, 84, 3, 92, 25, 55, 28, 29, 51, 7, 53, 61, 86, 33, 89, 50, 66, 96, 48, 80, 4, 8, 34, 49, 52, 0, 74, 2, 69, 13]|[1, 1, 0, 1, 1, 1, 2, 1, 2, 1, 2, 2, 2, 1, 1, 0, 0, 1, 0, 2, 2, 0, 1, 2, 0, 1, 2, 2, 0, 0, 1, 2, 1, 2, 1, 0, 2, 0, 1, 1, 0, 1, 1, 1, 0, 2, 1, 1, 0, 0, 0, 0, 1, 1, 2, 1, 2, 0, 0, 0, 2, 1, 0, 1, 2, 1, 2, 1, 1, 1, 1, 1, 2, 0, 1, 1, 0, 0, 0, 1, 0, 1, 0, 2, 1, 0, 0, 0, 0, 0, 0, 1, 2, 0, 1, 0, 2, 0, 1, 0]|[4, 3, 2, 2, 0, 0, 2, 2, 2, 4, 1, 1, 2, 4, 4, 1, 1, 4, 2, 1, 1, 1, 1, 2, 1, 2, 1, 1, 1, 1, 3, 2, 3, 0, 4, 0, 1, 1, 0, 3, 2, 2, 4, 0, 1, 1, 0, 2, 0, 1, 2, 2, 1, 4, 0, 3, 2, 1, 1, 2, 1, 3, 1, 1, 1, 3, 0, 4, 3, 1, 4, 1, 1, 2, 4, 4, 2, 1, 1, 3, 2, 3, 1, 1, 1, 1, 1, 1, 1, 1, 2, 3, 1, 1, 1, 2, 1, 2, 3, 2]|[0, 2, 1, 1, 3, 3, 0, 1, 0, 0, 0, 0, 1, 0, 1, 0, 0, 3, 1, 0, 0, 0, 3, 1, 0, 2, 0, 0, 0, 1, 0, 0, 0, 0, 3, 0, 1, 0, 0, 2, 1, 1, 2, 0, 0, 0, 0, 1, 1, 0, 0, 0, 1, 3, 0, 0, 1, 0, 0, 1, 0, 2, 0, 1, 0, 2, 1, 0, 0, 1, 1, 3, 0, 1, 3, 3, 1, 0, 0, 2, 1, 0, 0, 0, 1, 0, 0, 0, 0, 0, 1, 2, 0, 1, 1, 0, 0, 0, 0, 0],810.9396313435756,57780.79202865988,88218.68953805708,false
45,G1_CMAX,G1_CMAX,[31, 22, 90, 26, 58, 95, 42, 12, 93, 5, 78, 86, 98, 18, 20, 35, 3, 97, 91, 76, 10, 85, 54, 45, 63, 71, 66, 1, 23, 17, 24, 60, 36, 6, 57, 15, 65, 56, 47, 79, 94, 67, 50, 46, 14, 75, 38, 9, 30, 19, 32, 81, 27, 92, 83, 87, 40, 99, 59, 11, 53, 16, 72, 77, 73, 70, 39, 37, 84, 43, 62, 25, 55, 28, 29, 51, 68, 82, 74, 61, 88, 21, 80, 89, 7, 69, 96, 41, 48, 4, 8, 34, 49, 52, 0, 44, 13, 2, 64, 33]|[1, 1, 1, 1, 0, 2, 1, 1, 2, 2, 2, 1, 0, 1, 2, 2, 1, 2, 0, 1, 2, 2, 2, 0, 0, 1, 2, 1, 2, 1, 2, 1, 1, 0, 1, 1, 0, 2, 2, 1, 1, 0, 0, 0, 0, 1, 1, 1, 1, 2, 1, 2, 2, 0, 0, 2, 1, 0, 0, 2, 0, 1, 2, 2, 1, 1, 1, 1, 1, 1, 0, 1, 1, 0, 0, 0, 0, 0, 2, 1, 1, 0, 0, 1, 1, 1, 2, 2, 0, 1, 1, 2, 0, 1, 0, 0, 0, 0, 2, 2]|[0, 4, 3, 0, 1, 1, 2, 4, 1, 1, 2, 4, 1, 4, 1, 1, 1, 2, 2, 2, 2, 1, 1, 1, 2, 3, 2, 3, 0, 4, 1, 0, 3, 2, 2, 2, 1, 1, 1, 0, 2, 0, 1, 2, 1, 3, 1, 4, 2, 0, 3, 2, 1, 2, 1, 1, 4, 1, 1, 1, 2, 3, 0, 2, 4, 3, 1, 4, 1, 1, 1, 4, 4, 2, 1, 1, 1, 2, 1, 3, 0, 1, 1, 1, 1, 3, 1, 1, 1, 4, 3, 1, 1, 1, 2, 2, 2, 2, 1, 1]|[3, 0, 2, 3, 0, 0, 1, 0, 0, 0, 1, 0, 0, 3, 0, 0, 1, 1, 1, 2, 1, 0, 0, 0, 0, 0, 0, 0, 0, 3, 1, 0, 2, 1, 1, 1, 0, 0, 0, 0, 1, 1, 0, 0, 0, 0, 1, 3, 2, 0, 0, 1, 0, 1, 0, 0, 2, 0, 0, 0, 1, 2, 1, 1, 0, 0, 1, 1, 3, 3, 0, 3, 3, 1, 0, 0, 0, 1, 0, 0, 0, 0, 0, 1, 2, 2, 0, 0, 0, 0, 2, 0, 1, 1, 0, 0, 0, 0, 0, 0],705.0470749739228,58445.79123614564,95781.2895945797,false
45,G4_BALANCED,G1_CMAX,[31, 22, 82, 15, 26, 58, 95, 42, 77, 12, 47, 5, 93, 78, 98, 54, 85, 63, 18, 44, 20, 35, 43, 97, 91, 76, 10, 30, 21, 45, 71, 64, 1, 23, 17, 83, 24, 14, 60, 36, 6, 57, 94, 88, 65, 56, 79, 40, 67, 68, 46, 75, 38, 9, 19, 32, 81, 41, 27, 62, 87, 90, 99, 59, 11, 16, 72, 73, 69, 39, 37, 84, 3, 96, 25, 55, 28, 29, 51, 7, 33, 61, 86, 48, 89, 50, 66, 92, 53, 80, 4, 8, 34, 49, 52, 0, 13, 2, 70, 74]|[1, 1, 0, 1, 1, 1, 2, 1, 2, 1, 2, 2, 2, 1, 1, 0, 0, 1, 0, 2, 2, 0, 1, 2, 0, 1, 2, 2, 0, 0, 1, 2, 1, 2, 1, 0, 2, 0, 1, 1, 0, 1, 1, 1, 0, 2, 1, 1, 0, 0, 0, 0, 1, 1, 2, 1, 2, 0, 0, 0, 2, 1, 0, 1, 2, 1, 2, 1, 1, 1, 1, 1, 2, 0, 1, 1, 0, 0, 0, 1, 2, 1, 0, 0, 1, 0, 2, 0, 0, 0, 0, 1, 2, 0, 1, 0, 0, 0, 1, 2]|[4, 3, 2, 2, 0, 0, 2, 2, 2, 4, 1, 1, 2, 4, 4, 1, 1, 4, 2, 1, 1, 1, 1, 2, 1, 2, 1, 1, 1, 1, 3, 2, 3, 0, 4, 0, 1, 1, 0, 3, 2, 2, 4, 0, 1, 1, 0, 2, 0, 1, 2, 2, 1, 4, 0, 3, 2, 1, 1, 2, 1, 3, 1, 1, 1, 3, 1, 4, 3, 1, 4, 1, 1, 1, 4, 4, 2, 1, 1, 3, 1, 3, 1, 1, 1, 1, 1, 2, 2, 1, 2, 3, 1, 1, 1, 2, 2, 2, 3, 1]|[0, 2, 1, 1, 3, 3, 0, 1, 0, 0, 0, 0, 1, 0, 1, 0, 0, 3, 1, 0, 0, 0, 3, 1, 0, 2, 0, 0, 0, 1, 0, 0, 0, 0, 3, 0, 1, 0, 0, 2, 1, 1, 2, 0, 0, 0, 0, 1, 1, 0, 0, 0, 1, 3, 0, 0, 1, 0, 0, 1, 0, 2, 0, 1, 0, 2, 0, 0, 0, 1, 1, 3, 0, 0, 3, 3, 1, 0, 0, 2, 0, 0, 0, 0, 1, 0, 0, 1, 1, 0, 1, 2, 0, 1, 1, 0, 0, 0, 0, 0],794.3232103733076,57323.442416674916,90110.53805233454,true
45,G2_TEC,G2_TEC,[31, 22, 82, 15, 26, 9, 95, 42, 77, 68, 47, 5, 93, 78, 86, 54, 85, 63, 18, 44, 20, 49, 36, 14, 74, 50, 53, 17, 21, 28, 11, 64, 3, 23, 30, 83, 24, 41, 40, 52, 65, 27, 90, 70, 39, 87, 48, 69, 99, 4, 75, 1, 13, 58, 97, 59, 45, 8, 73, 37, 35, 79, 71, 66, 76, 32, 60, 80, 56, 6, 67, 61, 33, 7, 57, 34, 12, 16, 10, 98, 96, 88, 43, 81, 91, 2, 84, 29, 92, 19, 51, 55, 46, 89, 25, 72, 94, 38, 62, 0]|[2, 1, 2, 1, 1, 2, 1, 1, 1, 1, 1, 0, 2, 2, 1, 2, 0, 0, 0, 2, 2, 1, 0, 2, 0, 2, 2, 1, 0, 1, 1, 1, 0, 0, 1, 0, 2, 1, 2, 2, 0, 0, 1, 1, 0, 2, 0, 2, 1, 0, 0, 2, 0, 0, 2, 0, 1, 1, 0, 0, 2, 1, 1, 2, 2, 0, 2, 2, 2, 1, 2, 1, 1, 2, 0, 1, 1, 2, 1, 2, 0, 1, 1, 1, 1, 0, 0, 1, 0, 1, 1, 0, 0, 1, 1, 1, 2, 0, 1, 2]|[0, 3, 0, 3, 4, 1, 4, 4, 2, 4, 3, 2, 1, 0, 2, 1, 1, 1, 2, 1, 1, 3, 0, 1, 0, 1, 1, 4, 1, 4, 3, 2, 2, 0, 4, 1, 1, 4, 1, 1, 2, 1, 4, 4, 1, 1, 0, 1, 3, 2, 2, 1, 2, 1, 1, 2, 4, 3, 0, 2, 2, 3, 3, 1, 1, 2, 1, 1, 1, 4, 1, 3, 4, 1, 2, 4, 3, 1, 3, 1, 2, 4, 4, 4, 3, 2, 2, 3, 2, 4, 3, 2, 2, 4, 4, 4, 1, 2, 3, 1]|[0, 2, 0, 0, 3, 0, 1, 3, 0, 0, 2, 0, 1, 0, 1, 0, 0, 0, 1, 0, 0, 2, 0, 0, 1, 0, 0, 3, 0, 1, 0, 2, 0, 0, 3, 0, 1, 1, 0, 0, 0, 0, 1, 3, 0, 0, 1, 0, 2, 0, 0, 0, 0, 0, 1, 0, 1, 0, 1, 1, 0, 2, 0, 0, 0, 0, 0, 0, 0, 2, 0, 0, 1, 0, 0, 1, 0, 0, 3, 0, 0, 1, 2, 2, 0, 0, 0, 3, 0, 1, 0, 0, 0, 1, 3, 1, 0, 0, 0, 0],900.0760482104305,49104.85573898611,106612.48357517918,false
45,G3_TWC,G3_TWC,[31, 22, 42, 15, 26, 58, 95, 82, 77, 12, 47, 5, 93, 78, 98, 54, 85, 63, 18, 44, 20, 35, 43, 97, 91, 76, 10, 30, 21, 45, 71, 64, 1, 23, 17, 83, 24, 14, 60, 36, 6, 57, 94, 88, 65, 56, 79, 40, 67, 68, 46, 75, 38, 9, 19, 32, 81, 41, 27, 62, 87, 90, 99, 59, 11, 16, 72, 73, 70, 39, 37, 84, 3, 92, 25, 55, 28, 29, 51, 7, 53, 61, 86, 33, 89, 50, 66, 96, 48, 80, 4, 8, 34, 49, 52, 0, 74, 2, 69, 13]|[1, 1, 0, 1, 1, 1, 2, 1, 2, 1, 2, 2, 2, 1, 1, 0, 0, 1, 0, 2, 2, 0, 1, 2, 0, 1, 2, 2, 0, 0, 1, 2, 1, 2, 1, 0, 2, 0, 1, 1, 0, 1, 1, 1, 0, 2, 1, 1, 0, 0, 0, 0, 1, 1, 2, 1, 2, 0, 0, 0, 2, 1, 0, 1, 2, 1, 2, 1, 1, 1, 1, 1, 2, 0, 1, 1, 0, 0, 0, 1, 0, 1, 0, 2, 1, 0, 0, 0, 0, 0, 0, 1, 2, 0, 1, 0, 2, 0, 1, 0]|[4, 3, 2, 2, 0, 0, 2, 2, 2, 4, 1, 1, 2, 4, 4, 1, 1, 4, 2, 1, 1, 1, 1, 2, 1, 2, 1, 1, 1, 1, 3, 2, 3, 0, 4, 0, 1, 1, 0, 3, 2, 2, 4, 0, 1, 1, 0, 2, 0, 1, 2, 2, 1, 4, 0, 3, 2, 1, 1, 2, 1, 3, 1, 1, 1, 3, 0, 4, 3, 1, 4, 1, 1, 2, 4, 4, 2, 1, 1, 3, 2, 3, 1, 1, 1, 1, 1, 1, 1, 1, 2, 3, 1, 1, 1, 2, 1, 2, 3, 2]|[0, 2, 1, 1, 3, 3, 0, 1, 0, 0, 0, 0, 1, 0, 1, 0, 0, 3, 1, 0, 0, 0, 3, 1, 0, 2, 0, 0, 0, 1, 0, 0, 0, 0, 3, 0, 1, 0, 0, 2, 1, 1, 2, 0, 0, 0, 0, 1, 1, 0, 0, 0, 1, 3, 0, 0, 1, 0, 0, 1, 0, 2, 0, 1, 0, 2, 1, 0, 0, 1, 1, 3, 0, 1, 3, 3, 1, 0, 0, 2, 1, 0, 0, 0, 1, 0, 0, 0, 0, 0, 1, 2, 0, 1, 1, 0, 0, 0, 0, 0],810.9396313435756,57780.79202865988,88218.68953805708,false
45,G1_CMAX,G1_CMAX,[31, 22, 90, 26, 58, 95, 42, 12, 93, 5, 78, 86, 98, 18, 20, 35, 3, 97, 91, 76, 10, 85, 54, 45, 63, 71, 66, 1, 23, 17, 24, 60, 36, 6, 57, 15, 65, 56, 47, 79, 94, 67, 50, 46, 14, 75, 38, 9, 30, 19, 32, 81, 27, 92, 83, 87, 40, 99, 59, 11, 53, 16, 72, 77, 73, 70, 39, 37, 84, 43, 62, 25, 55, 28, 29, 51, 68, 82, 74, 61, 88, 21, 80, 89, 7, 69, 96, 41, 48, 4, 8, 34, 49, 52, 0, 44, 13, 2, 64, 33]|[1, 1, 1, 1, 0, 2, 1, 1, 2, 2, 2, 1, 0, 1, 2, 2, 1, 2, 0, 1, 2, 2, 2, 0, 0, 1, 2, 1, 2, 1, 2, 1, 1, 0, 1, 1, 0, 2, 2, 1, 1, 0, 0, 0, 0, 1, 1, 1, 1, 2, 1, 2, 2, 0, 0, 2, 1, 0, 0, 2, 0, 1, 2, 2, 1, 1, 1, 1, 1, 1, 0, 1, 1, 0, 0, 0, 0, 0, 2, 1, 1, 0, 0, 1, 1, 1, 2, 2, 0, 1, 1, 2, 0, 1, 0, 0, 0, 0, 2, 2]|[0, 4, 3, 0, 1, 1, 2, 4, 1, 1, 2, 4, 1, 4, 1, 1, 1, 2, 2, 2, 2, 1, 1, 1, 2, 3, 2, 3, 0, 4, 1, 0, 3, 2, 2, 2, 1, 1, 1, 0, 2, 0, 1, 2, 1, 3, 1, 4, 2, 0, 3, 2, 1, 2, 1, 1, 4, 1, 1, 1, 2, 3, 0, 2, 4, 3, 1, 4, 1, 1, 1, 4, 4, 2, 1, 1, 1, 2, 1, 3, 0, 1, 1, 1, 1, 3, 1, 1, 1, 4, 3, 1, 1, 1, 2, 2, 2, 2, 1, 1]|[3, 0, 2, 3, 0, 0, 1, 0, 0, 0, 1, 0, 0, 3, 0, 0, 1, 1, 1, 2, 1, 0, 0, 0, 0, 0, 0, 0, 0, 3, 1, 0, 2, 1, 1, 1, 0, 0, 0, 0, 1, 1, 0, 0, 0, 0, 1, 3, 2, 0, 0, 1, 0, 1, 0, 0, 2, 0, 0, 0, 1, 2, 1, 1, 0, 0, 1, 1, 3, 3, 0, 3, 3, 1, 0, 0, 0, 1, 0, 0, 0, 0, 0, 1, 2, 2, 0, 0, 0, 0, 2, 0, 1, 1, 0, 0, 0, 0, 0, 0],705.0470749739228,58445.79123614564,95781.2895945797,false
45,G4_BALANCED,G1_CMAX,[31, 22, 82, 15, 26, 58, 95, 42, 77, 12, 47, 5, 93, 78, 98, 54, 85, 63, 18, 44, 20, 35, 43, 97, 91, 76, 10, 30, 21, 45, 71, 64, 1, 23, 17, 83, 24, 14, 60, 36, 6, 57, 94, 88, 65, 56, 79, 40, 67, 68, 46, 75, 38, 9, 19, 32, 81, 41, 27, 62, 87, 90, 99, 59, 11, 16, 72, 73, 69, 39, 37, 84, 3, 96, 25, 55, 28, 29, 51, 7, 33, 61, 86, 48, 89, 50, 66, 92, 53, 80, 4, 8, 34, 49, 52, 0, 13, 2, 70, 74]|[1, 1, 0, 1, 1, 1, 2, 1, 2, 1, 2, 2, 2, 1, 1, 0, 0, 1, 0, 2, 2, 0, 1, 2, 0, 1, 2, 2, 0, 0, 1, 2, 1, 2, 1, 0, 2, 0, 1, 1, 0, 1, 1, 1, 0, 2, 1, 1, 0, 0, 0, 0, 1, 1, 2, 1, 2, 0, 0, 0, 2, 1, 0, 1, 2, 1, 2, 1, 1, 1, 1, 1, 2, 0, 1, 1, 0, 0, 0, 1, 2, 1, 0, 0, 1, 0, 2, 0, 0, 0, 0, 1, 2, 0, 1, 0, 0, 0, 1, 2]|[4, 3, 2, 2, 0, 0, 2, 2, 2, 4, 1, 1, 2, 4, 4, 1, 1, 4, 2, 1, 1, 1, 1, 2, 1, 2, 1, 1, 1, 1, 3, 2, 3, 0, 4, 0, 1, 1, 0, 3, 2, 2, 4, 0, 1, 1, 0, 2, 0, 1, 2, 2, 1, 4, 0, 3, 2, 1, 1, 2, 1, 3, 1, 1, 1, 3, 1, 4, 3, 1, 4, 1, 1, 1, 4, 4, 2, 1, 1, 3, 1, 3, 1, 1, 1, 1, 1, 2, 2, 1, 2, 3, 1, 1, 1, 2, 2, 2, 3, 1]|[0, 2, 1, 1, 3, 3, 0, 1, 0, 0, 0, 0, 1, 0, 1, 0, 0, 3, 1, 0, 0, 0, 3, 1, 0, 2, 0, 0, 0, 1, 0, 0, 0, 0, 3, 0, 1, 0, 0, 2, 1, 1, 2, 0, 0, 0, 0, 1, 1, 0, 0, 0, 1, 3, 0, 0, 1, 0, 0, 1, 0, 2, 0, 1, 0, 2, 0, 0, 0, 1, 1, 3, 0, 0, 3, 3, 1, 0, 0, 2, 0, 0, 0, 0, 1, 0, 0, 1, 1, 0, 1, 2, 0, 1, 1, 0, 0, 0, 0, 0],794.3232103733076,57323.442416674916,90110.53805233454,true
45,G2_TEC,G2_TEC,[31, 22, 82, 15, 26, 9, 95, 42, 77, 68, 47, 5, 93, 78, 86, 54, 85, 63, 18, 44, 20, 49, 36, 14, 74, 50, 53, 17, 21, 28, 11, 64, 3, 23, 30, 83, 24, 41, 40, 52, 65, 27, 90, 70, 39, 87, 48, 69, 99, 4, 75, 1, 13, 58, 97, 59, 45, 8, 73, 37, 35, 79, 71, 66, 76, 32, 60, 80, 56, 6, 67, 61, 33, 7, 57, 34, 12, 16, 10, 98, 96, 88, 43, 81, 91, 2, 84, 29, 92, 19, 51, 55, 46, 89, 25, 72, 94, 38, 62, 0]|[2, 1, 2, 1, 1, 2, 1, 1, 1, 1, 1, 0, 2, 2, 1, 2, 0, 0, 0, 2, 2, 1, 0, 2, 0, 2, 2, 1, 0, 1, 1, 1, 0, 0, 1, 0, 2, 1, 2, 2, 0, 0, 1, 1, 0, 2, 0, 2, 1, 0, 0, 2, 0, 0, 2, 0, 1, 1, 0, 0, 2, 1, 1, 2, 2, 0, 2, 2, 2, 1, 2, 1, 1, 2, 0, 1, 1, 2, 1, 2, 0, 1, 1, 1, 1, 0, 0, 1, 0, 1, 1, 0, 0, 1, 1, 1, 2, 0, 1, 2]|[0, 3, 0, 3, 4, 1, 4, 4, 2, 4, 3, 2, 1, 0, 2, 1, 1, 1, 2, 1, 1, 3, 0, 1, 0, 1, 1, 4, 1, 4, 3, 2, 2, 0, 4, 1, 1, 4, 1, 1, 2, 1, 4, 4, 1, 1, 0, 1, 3, 2, 2, 1, 2, 1, 1, 2, 4, 3, 0, 2, 2, 3, 3, 1, 1, 2, 1, 1, 1, 4, 1, 3, 4, 1, 2, 4, 3, 1, 3, 1, 2, 4, 4, 4, 3, 2, 2, 3, 2, 4, 3, 2, 2, 4, 4, 4, 1, 2, 3, 1]|[0, 2, 0, 0, 3, 0, 1, 3, 0, 0, 2, 0, 1, 0, 1, 0, 0, 0, 1, 0, 0, 2, 0, 0, 1, 0, 0, 3, 0, 1, 0, 2, 0, 0, 3, 0, 1, 1, 0, 0, 0, 0, 1, 3, 0, 0, 1, 0, 2, 0, 0, 0, 0, 0, 1, 0, 1, 0, 1, 1, 0, 2, 0, 0, 0, 0, 0, 0, 0, 2, 0, 0, 1, 0, 0, 1, 0, 0, 3, 0, 0, 1, 2, 2, 0, 0, 0, 3, 0, 1, 0, 0, 0, 1, 3, 1, 0, 0, 0, 0],900.0760482104305,49104.85573898611,106612.48357517918,false
45,G3_TWC,G3_TWC,[31, 22, 42, 15, 26, 58, 95, 82, 77, 12, 47, 5, 93, 78, 98, 54, 85, 63, 18, 44, 20, 35, 43, 97, 91, 76, 10, 30, 21, 45, 71, 64, 1, 23, 17, 83, 24, 14, 60, 36, 6, 57, 94, 88, 65, 56, 79, 40, 67, 68, 46, 75, 38, 9, 19, 32, 81, 41, 27, 62, 87, 90, 99, 59, 11, 16, 72, 73, 70, 39, 37, 84, 3, 92, 25, 55, 28, 29, 51, 7, 53, 61, 86, 33, 89, 50, 66, 96, 48, 80, 4, 8, 34, 49, 52, 0, 74, 2, 69, 13]|[1, 1, 0, 1, 1, 1, 2, 1, 2, 1, 2, 2, 2, 1, 1, 0, 0, 1, 0, 2, 2, 0, 1, 2, 0, 1, 2, 2, 0, 0, 1, 2, 1, 2, 1, 0, 2, 0, 1, 1, 0, 1, 1, 1, 0, 2, 1, 1, 0, 0, 0, 0, 1, 1, 2, 1, 2, 0, 0, 0, 2, 1, 0, 1, 2, 1, 2, 1, 1, 1, 1, 1, 2, 0, 1, 1, 0, 0, 0, 1, 0, 1, 0, 2, 1, 0, 0, 0, 0, 0, 0, 1, 2, 0, 1, 0, 2, 0, 1, 0]|[4, 3, 2, 2, 0, 0, 2, 2, 2, 4, 1, 1, 2, 4, 4, 1, 1, 4, 2, 1, 1, 1, 1, 2, 1, 2, 1, 1, 1, 1, 3, 2, 3, 0, 4, 0, 1, 1, 0, 3, 2, 2, 4, 0, 1, 1, 0, 2, 0, 1, 2, 2, 1, 4, 0, 3, 2, 1, 1, 2, 1, 3, 1, 1, 1, 3, 0, 4, 3, 1, 4, 1, 1, 2, 4, 4, 2, 1, 1, 3, 2, 3, 1, 1, 1, 1, 1, 1, 1, 1, 2, 3, 1, 1, 1, 2, 1, 2, 3, 2]|[0, 2, 1, 1, 3, 3, 0, 1, 0, 0, 0, 0, 1, 0, 1, 0, 0, 3, 1, 0, 0, 0, 3, 1, 0, 2, 0, 0, 0, 1, 0, 0, 0, 0, 3, 0, 1, 0, 0, 2, 1, 1, 2, 0, 0, 0, 0, 1, 1, 0, 0, 0, 1, 3, 0, 0, 1, 0, 0, 1, 0, 2, 0, 1, 0, 2, 1, 0, 0, 1, 1, 3, 0, 1, 3, 3, 1, 0, 0, 2, 1, 0, 0, 0, 1, 0, 0, 0, 0, 0, 1, 2, 0, 1, 1, 0, 0, 0, 0, 0],810.9396313435756,57780.79202865988,88218.68953805708,false
45,G1_CMAX,G3_TWC,[31, 22, 82, 15, 26, 58, 95, 42, 77, 12, 47, 5, 93, 78, 98, 54, 85, 63, 18, 44, 20, 35, 43, 97, 91, 76, 10, 30, 21, 45, 71, 64, 1, 23, 17, 83, 24, 14, 60, 36, 6, 57, 94, 88, 65, 56, 79, 40, 67, 68, 46, 75, 39, 9, 19, 32, 81, 41, 27, 62, 87, 90, 99, 59, 11, 16, 72, 73, 70, 38, 37, 84, 3, 34, 25, 55, 28, 29, 51, 7, 33, 61, 86, 66, 89, 50, 48, 96, 53, 80, 4, 8, 92, 49, 52, 0, 13, 2, 69, 74]|[1, 1, 0, 1, 1, 1, 2, 1, 2, 1, 2, 2, 2, 1, 1, 0, 0, 1, 0, 2, 2, 0, 1, 2, 0, 1, 2, 2, 0, 0, 1, 2, 1, 2, 1, 0, 2, 0, 1, 1, 0, 1, 1, 1, 0, 2, 1, 1, 0, 0, 0, 0, 1, 1, 2, 1, 2, 0, 0, 0, 2, 1, 0, 1, 2, 1, 2, 1, 1, 1, 1, 1, 2, 2, 1, 1, 0, 0, 0, 1, 2, 1, 0, 2, 1, 0, 0, 2, 0, 0, 0, 1, 0, 0, 1, 0, 0, 0, 1, 2]|[4, 3, 2, 2, 0, 0, 2, 2, 2, 4, 1, 1, 2, 4, 4, 1, 1, 4, 2, 1, 1, 1, 1, 2, 1, 2, 1, 1, 1, 1, 3, 2, 3, 0, 4, 0, 1, 1, 0, 3, 2, 2, 4, 0, 1, 1, 0, 2, 0, 1, 2, 2, 1, 4, 0, 3, 2, 1, 1, 2, 1, 3, 1, 1, 1, 3, 1, 4, 3, 1, 4, 1, 1, 1, 4, 4, 2, 1, 1, 3, 1, 3, 1, 1, 1, 1, 1, 1, 2, 1, 2, 3, 2, 1, 1, 2, 2, 2, 3, 1]|[0, 2, 1, 1, 3, 3, 0, 1, 0, 0, 0, 0, 1, 0, 1, 0, 0, 3, 1, 0, 0, 0, 3, 1, 0, 2, 0, 0, 0, 1, 0, 0, 0, 0, 3, 0, 1, 0, 0, 2, 1, 1, 2, 0, 0, 0, 0, 1, 1, 0, 0, 0, 1, 3, 0, 0, 1, 0, 0, 1, 0, 2, 0, 1, 0, 2, 0, 0, 0, 1, 1, 3, 0, 0, 3, 3, 1, 0, 0, 2, 0, 0, 0, 0, 1, 0, 0, 0, 1, 0, 1, 2, 1, 1, 1, 0, 0, 0, 0, 0],781.0898781557919,57283.87438638968,90797.94336707742,true
45,G4_BALANCED,G1_CMAX,[31, 22, 82, 15, 26, 58, 95, 42, 77, 12, 47, 5, 93, 78, 98, 54, 85, 63, 18, 44, 20, 35, 43, 97, 91, 76, 10, 30, 21, 45, 71, 64, 1, 23, 17, 83, 24, 14, 60, 36, 6, 57, 94, 88, 65, 56, 79, 40, 67, 68, 46, 75, 38, 9, 19, 32, 81, 41, 27, 62, 87, 90, 99, 59, 11, 16, 72, 73, 69, 39, 37, 84, 3, 96, 25, 55, 28, 29, 51, 7, 33, 61, 86, 48, 89, 50, 66, 92, 53, 80, 4, 8, 34, 49, 52, 0, 13, 2, 70, 74]|[1, 1, 0, 1, 1, 1, 2, 1, 2, 1, 2, 2, 2, 1, 1, 0, 0, 1, 0, 2, 2, 0, 1, 2, 0, 1, 2, 2, 0, 0, 1, 2, 1, 2, 1, 0, 2, 0, 1, 1, 0, 1, 1, 1, 0, 2, 1, 1, 0, 0, 0, 0, 1, 1, 2, 1, 2, 0, 0, 0, 2, 1, 0, 1, 2, 1, 2, 1, 1, 1, 1, 1, 2, 0, 1, 1, 0, 0, 0, 1, 2, 1, 0, 0, 1, 0, 2, 0, 0, 0, 0, 1, 2, 0, 1, 0, 0, 0, 1, 2]|[4, 3, 2, 2, 0, 0, 2, 2, 2, 4, 1, 1, 2, 4, 4, 1, 1, 4, 2, 1, 1, 1, 1, 2, 1, 2, 1, 1, 1, 1, 3, 2, 3, 0, 4, 0, 1, 1, 0, 3, 2, 2, 4, 0, 1, 1, 0, 2, 0, 1, 2, 2, 1, 4, 0, 3, 2, 1, 1, 2, 1, 3, 1, 1, 1, 3, 1, 4, 3, 1, 4, 1, 1, 1, 4, 4, 2, 1, 1, 3, 1, 3, 1, 1, 1, 1, 1, 2, 2, 1, 2, 3, 1, 1, 1, 2, 2, 2, 3, 1]|[0, 2, 1, 1, 3, 3, 0, 1, 0, 0, 0, 0, 1, 0, 1, 0, 0, 3, 1, 0, 0, 0, 3, 1, 0, 2, 0, 0, 0, 1, 0, 0, 0, 0, 3, 0, 1, 0, 0, 2, 1, 1, 2, 0, 0, 0, 0, 1, 1, 0, 0, 0, 1, 3, 0, 0, 1, 0, 0, 1, 0, 2, 0, 1, 0, 2, 0, 0, 0, 1, 1, 3, 0, 0, 3, 3, 1, 0, 0, 2, 0, 0, 0, 0, 1, 0, 0, 1, 1, 0, 1, 2, 0, 1, 1, 0, 0, 0, 0, 0],794.3232103733076,57323.442416674916,90110.53805233454,true
45,G2_TEC,G2_TEC,[31, 22, 82, 15, 26, 9, 95, 42, 77, 68, 47, 5, 93, 78, 86, 54, 85, 63, 18, 44, 20, 49, 36, 14, 74, 50, 53, 17, 21, 28, 11, 64, 3, 23, 30, 83, 24, 41, 40, 52, 65, 27, 90, 70, 39, 87, 48, 69, 99, 4, 75, 1, 13, 58, 97, 59, 45, 8, 73, 37, 35, 79, 71, 66, 76, 32, 60, 80, 56, 6, 67, 61, 33, 7, 57, 34, 12, 16, 10, 98, 96, 88, 43, 81, 91, 2, 84, 29, 92, 19, 51, 55, 46, 89, 25, 72, 94, 38, 62, 0]|[2, 1, 2, 1, 1, 2, 1, 1, 1, 1, 1, 0, 2, 2, 1, 2, 0, 0, 0, 2, 2, 1, 0, 2, 0, 2, 2, 1, 0, 1, 1, 1, 0, 0, 1, 0, 2, 1, 2, 2, 0, 0, 1, 1, 0, 2, 0, 2, 1, 0, 0, 2, 0, 0, 2, 0, 1, 1, 0, 0, 2, 1, 1, 2, 2, 0, 2, 2, 2, 1, 2, 1, 1, 2, 0, 1, 1, 2, 1, 2, 0, 1, 1, 1, 1, 0, 0, 1, 0, 1, 1, 0, 0, 1, 1, 1, 2, 0, 1, 2]|[0, 3, 0, 3, 4, 1, 4, 4, 2, 4, 3, 2, 1, 0, 2, 1, 1, 1, 2, 1, 1, 3, 0, 1, 0, 1, 1, 4, 1, 4, 3, 2, 2, 0, 4, 1, 1, 4, 1, 1, 2, 1, 4, 4, 1, 1, 0, 1, 3, 2, 2, 1, 2, 1, 1, 2, 4, 3, 0, 2, 2, 3, 3, 1, 1, 2, 1, 1, 1, 4, 1, 3, 4, 1, 2, 4, 3, 1, 3, 1, 2, 4, 4, 4, 3, 2, 2, 3, 2, 4, 3, 2, 2, 4, 4, 4, 1, 2, 3, 1]|[0, 2, 0, 0, 3, 0, 1, 3, 0, 0, 2, 0, 1, 0, 1, 0, 0, 0, 1, 0, 0, 2, 0, 0, 1, 0, 0, 3, 0, 1, 0, 2, 0, 0, 3, 0, 1, 1, 0, 0, 0, 0, 1, 3, 0, 0, 1, 0, 2, 0, 0, 0, 0, 0, 1, 0, 1, 0, 1, 1, 0, 2, 0, 0, 0, 0, 0, 0, 0, 2, 0, 0, 1, 0, 0, 1, 0, 0, 3, 0, 0, 1, 2, 2, 0, 0, 0, 3, 0, 1, 0, 0, 0, 1, 3, 1, 0, 0, 0, 0],900.0760482104305,49104.85573898611,106612.48357517918,false
45,G3_TWC,G3_TWC,[31, 22, 42, 15, 26, 58, 95, 82, 77, 12, 47, 5, 93, 78, 98, 54, 85, 63, 18, 44, 20, 35, 43, 97, 91, 76, 10, 30, 21, 45, 71, 64, 1, 23, 17, 83, 24, 14, 60, 36, 6, 57, 94, 88, 65, 56, 79, 40, 67, 68, 46, 75, 38, 9, 19, 32, 81, 41, 27, 62, 87, 90, 99, 59, 11, 16, 72, 73, 70, 39, 37, 84, 3, 92, 25, 55, 28, 29, 51, 7, 53, 61, 86, 33, 89, 50, 66, 96, 48, 80, 4, 8, 34, 49, 52, 0, 74, 2, 69, 13]|[1, 1, 0, 1, 1, 1, 2, 1, 2, 1, 2, 2, 2, 1, 1, 0, 0, 1, 0, 2, 2, 0, 1, 2, 0, 1, 2, 2, 0, 0, 1, 2, 1, 2, 1, 0, 2, 0, 1, 1, 0, 1, 1, 1, 0, 2, 1, 1, 0, 0, 0, 0, 1, 1, 2, 1, 2, 0, 0, 0, 2, 1, 0, 1, 2, 1, 2, 1, 1, 1, 1, 1, 2, 0, 1, 1, 0, 0, 0, 1, 0, 1, 0, 2, 1, 0, 0, 0, 0, 0, 0, 1, 2, 0, 1, 0, 2, 0, 1, 0]|[4, 3, 2, 2, 0, 0, 2, 2, 2, 4, 1, 1, 2, 4, 4, 1, 1, 4, 2, 1, 1, 1, 1, 2, 1, 2, 1, 1, 1, 1, 3, 2, 3, 0, 4, 0, 1, 1, 0, 3, 2, 2, 4, 0, 1, 1, 0, 2, 0, 1, 2, 2, 1, 4, 0, 3, 2, 1, 1, 2, 1, 3, 1, 1, 1, 3, 0, 4, 3, 1, 4, 1, 1, 2, 4, 4, 2, 1, 1, 3, 2, 3, 1, 1, 1, 1, 1, 1, 1, 1, 2, 3, 1, 1, 1, 2, 1, 2, 3, 2]|[0, 2, 1, 1, 3, 3, 0, 1, 0, 0, 0, 0, 1, 0, 1, 0, 0, 3, 1, 0, 0, 0, 3, 1, 0, 2, 0, 0, 0, 1, 0, 0, 0, 0, 3, 0, 1, 0, 0, 2, 1, 1, 2, 0, 0, 0, 0, 1, 1, 0, 0, 0, 1, 3, 0, 0, 1, 0, 0, 1, 0, 2, 0, 1, 0, 2, 1, 0, 0, 1, 1, 3, 0, 1, 3, 3, 1, 0, 0, 2, 1, 0, 0, 0, 1, 0, 0, 0, 0, 0, 1, 2, 0, 1, 1, 0, 0, 0, 0, 0],810.9396313435756,57780.79202865988,88218.68953805708,false
45,G1_CMAX,G4_BALANCED,[31, 22, 82, 15, 26, 58, 95, 42, 77, 12, 47, 5, 93, 78, 86, 54, 85, 63, 18, 72, 20, 35, 43, 97, 91, 76, 10, 30, 21, 45, 71, 64, 1, 23, 17, 83, 24, 14, 60, 36, 6, 57, 40, 88, 65, 56, 79, 94, 67, 41, 68, 75, 38, 9, 19, 32, 81, 46, 27, 62, 87, 90, 99, 59, 11, 16, 44, 73, 70, 39, 37, 84, 3, 92, 25, 55, 28, 29, 51, 7, 66, 61, 98, 48, 89, 50, 4, 96, 53, 80, 8, 33, 34, 2, 52, 13, 0, 69, 74, 49]|[1, 1, 0, 1, 1, 0, 1, 1, 2, 1, 2, 2, 2, 1, 1, 0, 0, 1, 0, 2, 2, 0, 0, 2, 0, 1, 2, 2, 0, 0, 1, 2, 1, 2, 1, 0, 2, 0, 1, 1, 0, 1, 1, 1, 0, 2, 1, 1, 0, 0, 0, 0, 1, 1, 2, 1, 2, 0, 0, 2, 2, 1, 1, 2, 2, 1, 2, 1, 1, 1, 1, 1, 1, 0, 1, 2, 0, 0, 0, 1, 2, 1, 2, 0, 1, 0, 1, 2, 0, 0, 1, 2, 2, 0, 1, 0, 0, 1, 2, 0]|[4, 3, 2, 2, 4, 1, 2, 3, 2, 4, 1, 1, 2, 4, 4, 1, 2, 4, 2, 1, 1, 1, 1, 2, 1, 2, 1, 1, 2, 1, 3, 2, 3, 1, 4, 0, 1, 1, 0, 3, 2, 2, 2, 0, 1, 1, 0, 4, 0, 1, 2, 2, 1, 4, 0, 3, 2, 1, 1, 1, 1, 3, 1, 1, 1, 3, 1, 4, 3, 1, 4, 1, 1, 0, 4, 1, 2, 1, 1, 1, 1, 3, 1, 1, 1, 1, 4, 1, 2, 1, 3, 1, 1, 2, 1, 2, 2, 4, 1, 1]|[0, 2, 1, 1, 3, 0, 1, 3, 0, 0, 0, 0, 1, 0, 1, 0, 0, 3, 1, 0, 0, 0, 0, 1, 0, 2, 0, 0, 0, 1, 0, 0, 0, 0, 3, 0, 1, 0, 0, 2, 1, 1, 1, 0, 0, 0, 0, 2, 1, 0, 0, 0, 1, 3, 0, 0, 1, 0, 0, 0, 0, 2, 1, 0, 0, 2, 0, 0, 0, 1, 1, 3, 1, 1, 3, 0, 1, 0, 0, 2, 0, 0, 0, 0, 1, 0, 0, 0, 1, 0, 2, 0, 0, 0, 1, 0, 0, 2, 0, 1],768.4240206329376,55583.744981747914,94915.74988971672,true
45,G4_BALANCED,G1_CMAX,[22, 82, 3, 58, 95, 42, 77, 47, 5, 93, 78, 12, 86, 54, 50, 63, 18, 44, 20, 35, 43, 97, 91, 76, 10, 30, 21, 45, 71, 64, 36, 23, 17, 83, 24, 14, 60, 1, 6, 40, 57, 90, 65, 56, 79, 94, 67, 68, 46, 75, 38, 9, 19, 32, 81, 41, 27, 62, 16, 55, 59, 89, 88, 87, 31, 72, 73, 70, 39, 37, 84, 92, 25, 11, 48, 15, 29, 51, 7, 33, 61, 98, 28, 99, 26, 85, 66, 96, 53, 80, 4, 8, 34, 49, 52, 2, 13, 0, 69, 74]|[1, 0, 1, 0, 1, 2, 2, 2, 2, 2, 1, 1, 1, 0, 0, 1, 0, 2, 2, 0, 1, 2, 0, 1, 2, 2, 0, 0, 1, 2, 1, 2, 1, 0, 2, 0, 1, 1, 0, 1, 1, 1, 0, 2, 1, 1, 0, 0, 0, 0, 1, 1, 2, 1, 2, 0, 0, 0, 1, 2, 1, 1, 1, 1, 1, 2, 1, 2, 1, 1, 1, 0, 1, 2, 2, 1, 0, 0, 1, 2, 1, 2, 0, 1, 1, 0, 0, 2, 0, 0, 1, 1, 2, 0, 1, 0, 0, 0, 1, 2]|[3, 2, 1, 1, 2, 1, 2, 1, 1, 2, 4, 4, 4, 1, 1, 4, 2, 1, 1, 1, 1, 2, 1, 2, 1, 1, 2, 1, 3, 2, 3, 1, 4, 1, 1, 1, 0, 3, 2, 2, 2, 3, 1, 1, 0, 4, 0, 1, 2, 2, 1, 4, 0, 3, 2, 1, 1, 2, 3, 1, 1, 1, 0, 3, 0, 0, 3, 0, 1, 4, 1, 0, 4, 1, 1, 4, 1, 1, 1, 1, 3, 1, 2, 1, 0, 2, 1, 1, 2, 1, 4, 3, 1, 1, 1, 2, 2, 2, 4, 1]|[3, 1, 2, 0, 1, 0, 0, 0, 0, 1, 0, 0, 1, 0, 0, 3, 1, 0, 0, 0, 3, 1, 0, 2, 0, 0, 0, 1, 0, 0, 2, 0, 3, 0, 1, 0, 0, 0, 1, 1, 1, 2, 0, 0, 0, 2, 1, 0, 0, 0, 1, 3, 0, 0, 1, 0, 0, 1, 2, 0, 1, 1, 0, 2, 0, 1, 0, 1, 1, 1, 1, 1, 3, 0, 0, 3, 0, 0, 2, 0, 0, 0, 1, 1, 3, 0, 0, 0, 1, 0, 0, 2, 0, 1, 1, 0, 0, 0, 2, 0],715.7913946700162,58060.95961022334,95287.06515100288,true
45,G2_TEC,G2_TEC,[31, 22, 82, 15, 26, 9, 95, 42, 77, 68, 47, 5, 93, 78, 86, 54, 85, 63, 18, 44, 20, 49, 36, 14, 74, 50, 53, 17, 21, 28, 11, 64, 3, 23, 30, 83, 24, 41, 40, 52, 65, 27, 90, 70, 39, 87, 48, 69, 99, 4, 75, 1, 13, 58, 97, 59, 45, 8, 73, 37, 35, 79, 71, 66, 76, 32, 60, 80, 56, 6, 67, 61, 33, 7, 57, 34, 12, 16, 10, 98, 96, 88, 43, 81, 91, 2, 84, 29, 92, 19, 51, 55, 46, 89, 25, 72, 94, 38, 62, 0]|[2, 1, 2, 1, 1, 2, 1, 1, 1, 1, 1, 0, 2, 2, 1, 2, 0, 0, 0, 2, 2, 1, 0, 2, 0, 2, 2, 1, 0, 1, 1, 1, 0, 0, 1, 0, 2, 1, 2, 2, 0, 0, 1, 1, 0, 2, 0, 2, 1, 0, 0, 2, 0, 0, 2, 0, 1, 1, 0, 0, 2, 1, 1, 2, 2, 0, 2, 2, 2, 1, 2, 1, 1, 2, 0, 1, 1, 2, 1, 2, 0, 1, 1, 1, 1, 0, 0, 1, 0, 1, 1, 0, 0, 1, 1, 1, 2, 0, 1, 2]|[0, 3, 0, 3, 4, 1, 4, 4, 2, 4, 3, 2, 1, 0, 2, 1, 1, 1, 2, 1, 1, 3, 0, 1, 0, 1, 1, 4, 1, 4, 3, 2, 2, 0, 4, 1, 1, 4, 1, 1, 2, 1, 4, 4, 1, 1, 0, 1, 3, 2, 2, 1, 2, 1, 1, 2, 4, 3, 0, 2, 2, 3, 3, 1, 1, 2, 1, 1, 1, 4, 1, 3, 4, 1, 2, 4, 3, 1, 3, 1, 2, 4, 4, 4, 3, 2, 2, 3, 2, 4, 3, 2, 2, 4, 4, 4, 1, 2, 3, 1]|[0, 2, 0, 0, 3, 0, 1, 3, 0, 0, 2, 0, 1, 0, 1, 0, 0, 0, 1, 0, 0, 2, 0, 0, 1, 0, 0, 3, 0, 1, 0, 2, 0, 0, 3, 0, 1, 1, 0, 0, 0, 0, 1, 3, 0, 0, 1, 0, 2, 0, 0, 0, 0, 0, 1, 0, 1, 0, 1, 1, 0, 2, 0, 0, 0, 0, 0, 0, 0, 2, 0, 0, 1, 0, 0, 1, 0, 0, 3, 0, 0, 1, 2, 2, 0, 0, 0, 3, 0, 1, 0, 0, 0, 1, 3, 1, 0, 0, 0, 0],900.0760482104305,49104.85573898611,106612.48357517918,false
45,G3_TWC,G3_TWC,[31, 22, 42, 15, 26, 58, 95, 82, 77, 12, 47, 5, 93, 78, 98, 54, 85, 63, 18, 44, 20, 35, 43, 97, 91, 76, 10, 30, 21, 45, 71, 64, 1, 23, 17, 83, 24, 14, 60, 36, 6, 57, 94, 88, 65, 56, 79, 40, 67, 68, 46, 75, 38, 9, 19, 32, 81, 41, 27, 62, 87, 90, 99, 59, 11, 16, 72, 73, 70, 39, 37, 84, 3, 92, 25, 55, 28, 29, 51, 7, 53, 61, 86, 33, 89, 50, 66, 96, 48, 80, 4, 8, 34, 49, 52, 0, 74, 2, 69, 13]|[1, 1, 0, 1, 1, 1, 2, 1, 2, 1, 2, 2, 2, 1, 1, 0, 0, 1, 0, 2, 2, 0, 1, 2, 0, 1, 2, 2, 0, 0, 1, 2, 1, 2, 1, 0, 2, 0, 1, 1, 0, 1, 1, 1, 0, 2, 1, 1, 0, 0, 0, 0, 1, 1, 2, 1, 2, 0, 0, 0, 2, 1, 0, 1, 2, 1, 2, 1, 1, 1, 1, 1, 2, 0, 1, 1, 0, 0, 0, 1, 0, 1, 0, 2, 1, 0, 0, 0, 0, 0, 0, 1, 2, 0, 1, 0, 2, 0, 1, 0]|[4, 3, 2, 2, 0, 0, 2, 2, 2, 4, 1, 1, 2, 4, 4, 1, 1, 4, 2, 1, 1, 1, 1, 2, 1, 2, 1, 1, 1, 1, 3, 2, 3, 0, 4, 0, 1, 1, 0, 3, 2, 2, 4, 0, 1, 1, 0, 2, 0, 1, 2, 2, 1, 4, 0, 3, 2, 1, 1, 2, 1, 3, 1, 1, 1, 3, 0, 4, 3, 1, 4, 1, 1, 2, 4, 4, 2, 1, 1, 3, 2, 3, 1, 1, 1, 1, 1, 1, 1, 1, 2, 3, 1, 1, 1, 2, 1, 2, 3, 2]|[0, 2, 1, 1, 3, 3, 0, 1, 0, 0, 0, 0, 1, 0, 1, 0, 0, 3, 1, 0, 0, 0, 3, 1, 0, 2, 0, 0, 0, 1, 0, 0, 0, 0, 3, 0, 1, 0, 0, 2, 1, 1, 2, 0, 0, 0, 0, 1, 1, 0, 0, 0, 1, 3, 0, 0, 1, 0, 0, 1, 0, 2, 0, 1, 0, 2, 1, 0, 0, 1, 1, 3, 0, 1, 3, 3, 1, 0, 0, 2, 1, 0, 0, 0, 1, 0, 0, 0, 0, 0, 1, 2, 0, 1, 1, 0, 0, 0, 0, 0],810.9396313435756,57780.79202865988,88218.68953805708,false
45,G1_CMAX,G4_BALANCED,[31, 11, 82, 15, 26, 9, 95, 42, 77, 68, 47, 5, 93, 78, 86, 54, 85, 63, 76, 44, 20, 49, 36, 14, 74, 50, 53, 17, 21, 45, 71, 64, 3, 23, 30, 83, 24, 41, 60, 52, 65, 27, 90, 70, 39, 87, 48, 69, 99, 4, 46, 1, 13, 58, 97, 59, 28, 75, 73, 37, 35, 79, 22, 66, 18, 32, 40, 80, 96, 6, 56, 61, 33, 7, 57, 34, 12, 67, 10, 98, 16, 88, 29, 8, 91, 38, 19, 92, 72, 84, 51, 43, 81, 25, 2, 55, 0, 94, 89, 62]|[2, 1, 2, 1, 1, 2, 1, 1, 1, 1, 1, 0, 2, 2, 1, 2, 0, 0, 0, 2, 2, 1, 0, 2, 0, 2, 2, 1, 0, 1, 1, 1, 0, 0, 1, 0, 2, 1, 2, 2, 0, 0, 1, 1, 0, 2, 0, 2, 1, 0, 0, 2, 0, 0, 2, 0, 1, 0, 0, 0, 2, 1, 0, 2, 2, 0, 2, 2, 0, 1, 2, 1, 1, 2, 0, 1, 1, 1, 1, 2, 2, 1, 1, 1, 1, 0, 1, 0, 1, 0, 1, 1, 1, 1, 2, 0, 0, 2, 1, 1]|[0, 3, 0, 2, 4, 1, 4, 4, 2, 4, 3, 2, 1, 0, 2, 1, 1, 1, 2, 1, 1, 3, 0, 1, 0, 1, 1, 4, 1, 4, 3, 2, 2, 0, 4, 1, 1, 4, 0, 1, 2, 1, 4, 4, 1, 1, 0, 2, 3, 1, 2, 1, 2, 1, 1, 2, 4, 2, 0, 2, 2, 3, 1, 0, 1, 2, 0, 1, 2, 4, 1, 3, 4, 1, 2, 4, 3, 3, 3, 1, 1, 4, 3, 3, 3, 2, 4, 2, 4, 2, 3, 4, 1, 4, 1, 2, 2, 1, 4, 3]|[0, 2, 0, 1, 3, 0, 1, 3, 0, 0, 2, 0, 1, 0, 1, 0, 0, 0, 1, 0, 0, 2, 0, 0, 1, 0, 0, 3, 0, 1, 0, 2, 0, 1, 3, 0, 1, 3, 1, 0, 0, 0, 1, 3, 0, 0, 1, 0, 2, 0, 0, 0, 0, 0, 1, 0, 1, 0, 1, 1, 0, 2, 0, 0, 0, 0, 0, 0, 0, 2, 0, 0, 1, 0, 0, 1, 0, 0, 3, 0, 0, 1, 0, 0, 0, 0, 3, 0, 2, 0, 0, 2, 1, 3, 0, 0, 0, 0, 1, 0],839.7308016558047,52103.26715956506,108081.52425448055,true
45,G4_BALANCED,G1_CMAX,[22, 82, 3, 58, 95, 42, 77, 47, 5, 93, 78, 12, 86, 54, 50, 63, 18, 44, 20, 35, 43, 97, 91, 76, 10, 30, 21, 45, 71, 64, 36, 23, 17, 83, 24, 14, 60, 1, 6, 40, 57, 90, 65, 56, 79, 94, 67, 68, 46, 75, 38, 9, 19, 32, 81, 41, 27, 62, 16, 55, 59, 89, 88, 87, 31, 72, 73, 70, 39, 37, 84, 92, 25, 11, 48, 15, 29, 51, 7, 33, 61, 98, 28, 99, 26, 85, 66, 96, 53, 80, 4, 8, 34, 49, 52, 2, 13, 0, 69, 74]|[1, 0, 1, 0, 1, 2, 2, 2, 2, 2, 1, 1, 1, 0, 0, 1, 0, 2, 2, 0, 1, 2, 0, 1, 2, 2, 0, 0, 1, 2, 1, 2, 1, 0, 2, 0, 1, 1, 0, 1, 1, 1, 0, 2, 1, 1, 0, 0, 0, 0, 1, 1, 2, 1, 2, 0, 0, 0, 1, 2, 1, 1, 1, 1, 1, 2, 1, 2, 1, 1, 1, 0, 1, 2, 2, 1, 0, 0, 1, 2, 1, 2, 0, 1, 1, 0, 0, 2, 0, 0, 1, 1, 2, 0, 1, 0, 0, 0, 1, 2]|[3, 2, 1, 1, 2, 1, 2, 1, 1, 2, 4, 4, 4, 1, 1, 4, 2, 1, 1, 1, 1, 2, 1, 2, 1, 1, 2, 1, 3, 2, 3, 1, 4, 1, 1, 1, 0, 3, 2, 2, 2, 3, 1, 1, 0, 4, 0, 1, 2, 2, 1, 4, 0, 3, 2, 1, 1, 2, 3, 1, 1, 1, 0, 3, 0, 0, 3, 0, 1, 4, 1, 0, 4, 1, 1, 4, 1, 1, 1, 1, 3, 1, 2, 1, 0, 2, 1, 1, 2, 1, 4, 3, 1, 1, 1, 2, 2, 2, 4, 1]|[3, 1, 2, 0, 1, 0, 0, 0, 0, 1, 0, 0, 1, 0, 0, 3, 1, 0, 0, 0, 3, 1, 0, 2, 0, 0, 0, 1, 0, 0, 2, 0, 3, 0, 1, 0, 0, 0, 1, 1, 1, 2, 0, 0, 0, 2, 1, 0, 0, 0, 1, 3, 0, 0, 1, 0, 0, 1, 2, 0, 1, 1, 0, 2, 0, 1, 0, 1, 1, 1, 1, 1, 3, 0, 0, 3, 0, 0, 2, 0, 0, 0, 1, 1, 3, 0, 0, 0, 1, 0, 0, 2, 0, 1, 1, 0, 0, 0, 2, 0],715.7913946700162,58060.95961022334,95287.06515100288,true
45,G2_TEC,G2_TEC,[31, 22, 82, 15, 26, 9, 95, 42, 77, 68, 47, 5, 93, 78, 86, 54, 85, 63, 18, 44, 20, 49, 36, 14, 74, 50, 53, 17, 21, 28, 11, 64, 3, 23, 30, 83, 24, 41, 40, 52, 65, 27, 90, 70, 39, 87, 48, 69, 99, 4, 75, 1, 13, 58, 97, 59, 45, 8, 73, 37, 35, 79, 71, 66, 76, 32, 60, 80, 56, 6, 67, 61, 33, 7, 57, 34, 12, 16, 10, 98, 96, 88, 43, 81, 91, 2, 84, 29, 92, 19, 51, 55, 46, 89, 25, 72, 94, 38, 62, 0]|[2, 1, 2, 1, 1, 2, 1, 1, 1, 1, 1, 0, 2, 2, 1, 2, 0, 0, 0, 2, 2, 1, 0, 2, 0, 2, 2, 1, 0, 1, 1, 1, 0, 0, 1, 0, 2, 1, 2, 2, 0, 0, 1, 1, 0, 2, 0, 2, 1, 0, 0, 2, 0, 0, 2, 0, 1, 1, 0, 0, 2, 1, 1, 2, 2, 0, 2, 2, 2, 1, 2, 1, 1, 2, 0, 1, 1, 2, 1, 2, 0, 1, 1, 1, 1, 0, 0, 1, 0, 1, 1, 0, 0, 1, 1, 1, 2, 0, 1, 2]|[0, 3, 0, 3, 4, 1, 4, 4, 2, 4, 3, 2, 1, 0, 2, 1, 1, 1, 2, 1, 1, 3, 0, 1, 0, 1, 1, 4, 1, 4, 3, 2, 2, 0, 4, 1, 1, 4, 1, 1, 2, 1, 4, 4, 1, 1, 0, 1, 3, 2, 2, 1, 2, 1, 1, 2, 4, 3, 0, 2, 2, 3, 3, 1, 1, 2, 1, 1, 1, 4, 1, 3, 4, 1, 2, 4, 3, 1, 3, 1, 2, 4, 4, 4, 3, 2, 2, 3, 2, 4, 3, 2, 2, 4, 4, 4, 1, 2, 3, 1]|[0, 2, 0, 0, 3, 0, 1, 3, 0, 0, 2, 0, 1, 0, 1, 0, 0, 0, 1, 0, 0, 2, 0, 0, 1, 0, 0, 3, 0, 1, 0, 2, 0, 0, 3, 0, 1, 1, 0, 0, 0, 0, 1, 3, 0, 0, 1, 0, 2, 0, 0, 0, 0, 0, 1, 0, 1, 0, 1, 1, 0, 2, 0, 0, 0, 0, 0, 0, 0, 2, 0, 0, 1, 0, 0, 1, 0, 0, 3, 0, 0, 1, 2, 2, 0, 0, 0, 3, 0, 1, 0, 0, 0, 1, 3, 1, 0, 0, 0, 0],900.0760482104305,49104.85573898611,106612.48357517918,false
45,G3_TWC,G3_TWC,[31, 22, 42, 15, 26, 58, 95, 82, 77, 12, 47, 5, 93, 78, 98, 54, 85, 63, 18, 44, 20, 35, 43, 97, 91, 76, 10, 30, 21, 45, 71, 64, 1, 23, 17, 83, 24, 14, 60, 36, 6, 57, 94, 88, 65, 56, 79, 40, 67, 68, 46, 75, 38, 9, 19, 32, 81, 41, 27, 62, 87, 90, 99, 59, 11, 16, 72, 73, 70, 39, 37, 84, 3, 92, 25, 55, 28, 29, 51, 7, 53, 61, 86, 33, 89, 50, 66, 96, 48, 80, 4, 8, 34, 49, 52, 0, 74, 2, 69, 13]|[1, 1, 0, 1, 1, 1, 2, 1, 2, 1, 2, 2, 2, 1, 1, 0, 0, 1, 0, 2, 2, 0, 1, 2, 0, 1, 2, 2, 0, 0, 1, 2, 1, 2, 1, 0, 2, 0, 1, 1, 0, 1, 1, 1, 0, 2, 1, 1, 0, 0, 0, 0, 1, 1, 2, 1, 2, 0, 0, 0, 2, 1, 0, 1, 2, 1, 2, 1, 1, 1, 1, 1, 2, 0, 1, 1, 0, 0, 0, 1, 0, 1, 0, 2, 1, 0, 0, 0, 0, 0, 0, 1, 2, 0, 1, 0, 2, 0, 1, 0]|[4, 3, 2, 2, 0, 0, 2, 2, 2, 4, 1, 1, 2, 4, 4, 1, 1, 4, 2, 1, 1, 1, 1, 2, 1, 2, 1, 1, 1, 1, 3, 2, 3, 0, 4, 0, 1, 1, 0, 3, 2, 2, 4, 0, 1, 1, 0, 2, 0, 1, 2, 2, 1, 4, 0, 3, 2, 1, 1, 2, 1, 3, 1, 1, 1, 3, 0, 4, 3, 1, 4, 1, 1, 2, 4, 4, 2, 1, 1, 3, 2, 3, 1, 1, 1, 1, 1, 1, 1, 1, 2, 3, 1, 1, 1, 2, 1, 2, 3, 2]|[0, 2, 1, 1, 3, 3, 0, 1, 0, 0, 0, 0, 1, 0, 1, 0, 0, 3, 1, 0, 0, 0, 3, 1, 0, 2, 0, 0, 0, 1, 0, 0, 0, 0, 3, 0, 1, 0, 0, 2, 1, 1, 2, 0, 0, 0, 0, 1, 1, 0, 0, 0, 1, 3, 0, 0, 1, 0, 0, 1, 0, 2, 0, 1, 0, 2, 1, 0, 0, 1, 1, 3, 0, 1, 3, 3, 1, 0, 0, 2, 1, 0, 0, 0, 1, 0, 0, 0, 0, 0, 1, 2, 0, 1, 1, 0, 0, 0, 0, 0],810.9396313435756,57780.79202865988,88218.68953805708,false
45,G1_CMAX,G1_CMAX,[31, 22, 90, 26, 58, 95, 42, 12, 93, 5, 78, 86, 98, 18, 20, 35, 3, 97, 91, 76, 10, 85, 54, 45, 63, 71, 66, 1, 23, 17, 24, 60, 36, 6, 57, 15, 65, 56, 47, 79, 94, 67, 50, 46, 14, 75, 38, 9, 30, 19, 32, 81, 27, 92, 83, 87, 40, 99, 59, 11, 53, 16, 72, 77, 73, 70, 39, 37, 84, 43, 62, 25, 55, 28, 29, 51, 68, 82, 74, 61, 88, 21, 80, 89, 7, 69, 96, 41, 48, 4, 8, 34, 49, 52, 0, 44, 13, 2, 64, 33]|[1, 1, 1, 1, 0, 2, 1, 1, 2, 2, 2, 1, 0, 1, 2, 2, 1, 2, 0, 1, 2, 2, 2, 0, 0, 1, 2, 1, 2, 1, 2, 1, 1, 0, 1, 1, 0, 2, 2, 1, 1, 0, 0, 0, 0, 1, 1, 1, 1, 2, 1, 2, 2, 0, 0, 2, 1, 0, 0, 2, 0, 1, 2, 2, 1, 1, 1, 1, 1, 1, 0, 1, 1, 0, 0, 0, 0, 0, 2, 1, 1, 0, 0, 1, 1, 1, 2, 2, 0, 1, 1, 2, 0, 1, 0, 0, 0, 0, 2, 2]|[0, 4, 3, 0, 1, 1, 2, 4, 1, 1, 2, 4, 1, 4, 1, 1, 1, 2, 2, 2, 2, 1, 1, 1, 2, 3, 2, 3, 0, 4, 1, 0, 3, 2, 2, 2, 1, 1, 1, 0, 2, 0, 1, 2, 1, 3, 1, 4, 2, 0, 3, 2, 1, 2, 1, 1, 4, 1, 1, 1, 2, 3, 0, 2, 4, 3, 1, 4, 1, 1, 1, 4, 4, 2, 1, 1, 1, 2, 1, 3, 0, 1, 1, 1, 1, 3, 1, 1, 1, 4, 3, 1, 1, 1, 2, 2, 2, 2, 1, 1]|[3, 0, 2, 3, 0, 0, 1, 0, 0, 0, 1, 0, 0, 3, 0, 0, 1, 1, 1, 2, 1, 0, 0, 0, 0, 0, 0, 0, 0, 3, 1, 0, 2, 1, 1, 1, 0, 0, 0, 0, 1, 1, 0, 0, 0, 0, 1, 3, 2, 0, 0, 1, 0, 1, 0, 0, 2, 0, 0, 0, 1, 2, 1, 1, 0, 0, 1, 1, 3, 3, 0, 3, 3, 1, 0, 0, 0, 1, 0, 0, 0, 0, 0, 1, 2, 2, 0, 0, 0, 0, 2, 0, 1, 1, 0, 0, 0, 0, 0, 0],705.0470749739228,58445.79123614564,95781.2895945797,false
45,G4_BALANCED,G4_BALANCED,[31, 11, 82, 15, 26, 9, 95, 42, 77, 68, 47, 5, 93, 78, 86, 54, 85, 63, 18, 44, 20, 49, 36, 14, 74, 50, 53, 17, 21, 45, 71, 64, 3, 23, 30, 83, 24, 41, 60, 52, 65, 27, 90, 70, 39, 87, 48, 69, 99, 4, 46, 1, 13, 58, 97, 59, 28, 75, 73, 37, 35, 79, 22, 66, 76, 32, 40, 80, 96, 6, 61, 16, 7, 33, 57, 34, 12, 67, 10, 98, 56, 88, 29, 8, 91, 38, 19, 92, 43, 84, 51, 72, 81, 25, 94, 55, 0, 89, 2, 62]|[2, 1, 2, 1, 1, 2, 1, 1, 1, 1, 1, 0, 2, 2, 1, 2, 0, 0, 0, 2, 2, 1, 0, 2, 0, 2, 2, 1, 0, 1, 1, 1, 0, 0, 1, 0, 2, 1, 2, 2, 0, 0, 1, 1, 0, 2, 0, 2, 1, 0, 0, 2, 0, 0, 2, 0, 1, 1, 0, 0, 2, 1, 0, 2, 2, 0, 2, 2, 0, 1, 2, 2, 2, 1, 0, 1, 1, 1, 1, 2, 2, 1, 1, 0, 1, 0, 1, 0, 1, 0, 1, 1, 1, 1, 2, 0, 0, 1, 2, 1]|[0, 3, 0, 2, 4, 1, 4, 4, 2, 4, 3, 2, 1, 0, 2, 1, 1, 1, 2, 1, 1, 3, 0, 1, 0, 1, 1, 4, 1, 4, 3, 2, 2, 0, 4, 1, 1, 4, 0, 1, 2, 1, 4, 4, 1, 1, 0, 2, 3, 1, 2, 1, 2, 1, 1, 2, 4, 3, 0, 2, 2, 3, 1, 0, 1, 2, 0, 1, 2, 4, 1, 1, 1, 4, 2, 4, 3, 3, 3, 1, 1, 4, 3, 2, 3, 2, 4, 2, 4, 2, 3, 4, 1, 4, 1, 2, 2, 4, 1, 3]|[0, 2, 0, 1, 3, 0, 1, 3, 0, 0, 2, 0, 1, 0, 1, 0, 0, 0, 1, 0, 0, 2, 0, 0, 1, 0, 0, 3, 0, 1, 0, 2, 0, 1, 3, 0, 1, 3, 1, 0, 0, 0, 1, 3, 0, 0, 1, 0, 2, 0, 0, 0, 0, 0, 1, 0, 1, 0, 1, 1, 0, 2, 0, 0, 0, 0, 1, 0, 0, 2, 0, 0, 0, 1, 0, 1, 0, 0, 3, 0, 0, 1, 0, 0, 0, 0, 3, 0, 2, 0, 0, 2, 1, 3, 0, 0, 0, 1, 0, 0],843.8855010804491,52510.30755899072,105664.6447807653,false
45,G2_TEC,G2_TEC,[31, 22, 82, 15, 26, 9, 95, 42, 77, 68, 47, 5, 93, 78, 86, 54, 85, 63, 18, 44, 20, 49, 36, 14, 74, 50, 53, 17, 21, 28, 11, 64, 3, 23, 30, 83, 24, 41, 40, 52, 65, 27, 90, 70, 39, 87, 48, 69, 99, 4, 75, 1, 13, 58, 97, 59, 45, 8, 73, 37, 35, 79, 71, 66, 76, 32, 60, 80, 56, 6, 67, 61, 33, 7, 57, 34, 12, 16, 10, 98, 96, 88, 43, 81, 91, 2, 84, 29, 92, 19, 51, 55, 46, 89, 25, 72, 94, 38, 62, 0]|[2, 1, 2, 1, 1, 2, 1, 1, 1, 1, 1, 0, 2, 2, 1, 2, 0, 0, 0, 2, 2, 1, 0, 2, 0, 2, 2, 1, 0, 1, 1, 1, 0, 0, 1, 0, 2, 1, 2, 2, 0, 0, 1, 1, 0, 2, 0, 2, 1, 0, 0, 2, 0, 0, 2, 0, 1, 1, 0, 0, 2, 1, 1, 2, 2, 0, 2, 2, 2, 1, 2, 1, 1, 2, 0, 1, 1, 2, 1, 2, 0, 1, 1, 1, 1, 0, 0, 1, 0, 1, 1, 0, 0, 1, 1, 1, 2, 0, 1, 2]|[0, 3, 0, 3, 4, 1, 4, 4, 2, 4, 3, 2, 1, 0, 2, 1, 1, 1, 2, 1, 1, 3, 0, 1, 0, 1, 1, 4, 1, 4, 3, 2, 2, 0, 4, 1, 1, 4, 1, 1, 2, 1, 4, 4, 1, 1, 0, 1, 3, 2, 2, 1, 2, 1, 1, 2, 4, 3, 0, 2, 2, 3, 3, 1, 1, 2, 1, 1, 1, 4, 1, 3, 4, 1, 2, 4, 3, 1, 3, 1, 2, 4, 4, 4, 3, 2, 2, 3, 2, 4, 3, 2, 2, 4, 4, 4, 1, 2, 3, 1]|[0, 2, 0, 0, 3, 0, 1, 3, 0, 0, 2, 0, 1, 0, 1, 0, 0, 0, 1, 0, 0, 2, 0, 0, 1, 0, 0, 3, 0, 1, 0, 2, 0, 0, 3, 0, 1, 1, 0, 0, 0, 0, 1, 3, 0, 0, 1, 0, 2, 0, 0, 0, 0, 0, 1, 0, 1, 0, 1, 1, 0, 2, 0, 0, 0, 0, 0, 0, 0, 2, 0, 0, 1, 0, 0, 1, 0, 0, 3, 0, 0, 1, 2, 2, 0, 0, 0, 3, 0, 1, 0, 0, 0, 1, 3, 1, 0, 0, 0, 0],900.0760482104305,49104.85573898611,106612.48357517918,false
45,G3_TWC,G3_TWC,[31, 22, 42, 15, 26, 58, 95, 82, 77, 12, 47, 5, 93, 78, 98, 54, 85, 63, 18, 44, 20, 35, 43, 97, 91, 76, 10, 30, 21, 45, 71, 64, 1, 23, 17, 83, 24, 14, 60, 36, 6, 57, 94, 88, 65, 56, 79, 40, 67, 68, 46, 75, 38, 9, 19, 32, 81, 41, 27, 62, 87, 90, 99, 59, 11, 16, 72, 73, 70, 39, 37, 84, 3, 92, 25, 55, 28, 29, 51, 7, 53, 61, 86, 33, 89, 50, 66, 96, 48, 80, 4, 8, 34, 49, 52, 0, 74, 2, 69, 13]|[1, 1, 0, 1, 1, 1, 2, 1, 2, 1, 2, 2, 2, 1, 1, 0, 0, 1, 0, 2, 2, 0, 1, 2, 0, 1, 2, 2, 0, 0, 1, 2, 1, 2, 1, 0, 2, 0, 1, 1, 0, 1, 1, 1, 0, 2, 1, 1, 0, 0, 0, 0, 1, 1, 2, 1, 2, 0, 0, 0, 2, 1, 0, 1, 2, 1, 2, 1, 1, 1, 1, 1, 2, 0, 1, 1, 0, 0, 0, 1, 0, 1, 0, 2, 1, 0, 0, 0, 0, 0, 0, 1, 2, 0, 1, 0, 2, 0, 1, 0]|[4, 3, 2, 2, 0, 0, 2, 2, 2, 4, 1, 1, 2, 4, 4, 1, 1, 4, 2, 1, 1, 1, 1, 2, 1, 2, 1, 1, 1, 1, 3, 2, 3, 0, 4, 0, 1, 1, 0, 3, 2, 2, 4, 0, 1, 1, 0, 2, 0, 1, 2, 2, 1, 4, 0, 3, 2, 1, 1, 2, 1, 3, 1, 1, 1, 3, 0, 4, 3, 1, 4, 1, 1, 2, 4, 4, 2, 1, 1, 3, 2, 3, 1, 1, 1, 1, 1, 1, 1, 1, 2, 3, 1, 1, 1, 2, 1, 2, 3, 2]|[0, 2, 1, 1, 3, 3, 0, 1, 0, 0, 0, 0, 1, 0, 1, 0, 0, 3, 1, 0, 0, 0, 3, 1, 0, 2, 0, 0, 0, 1, 0, 0, 0, 0, 3, 0, 1, 0, 0, 2, 1, 1, 2, 0, 0, 0, 0, 1, 1, 0, 0, 0, 1, 3, 0, 0, 1, 0, 0, 1, 0, 2, 0, 1, 0, 2, 1, 0, 0, 1, 1, 3, 0, 1, 3, 3, 1, 0, 0, 2, 1, 0, 0, 0, 1, 0, 0, 0, 0, 0, 1, 2, 0, 1, 1, 0, 0, 0, 0, 0],810.9396313435756,57780.79202865988,88218.68953805708,false
45,G1_CMAX,G1_CMAX,[31, 22, 90, 26, 58, 95, 42, 12, 93, 5, 78, 86, 98, 18, 20, 35, 3, 97, 91, 76, 10, 85, 54, 45, 63, 71, 66, 1, 23, 17, 24, 60, 36, 6, 57, 15, 65, 56, 47, 79, 94, 67, 50, 46, 14, 75, 38, 9, 30, 19, 32, 81, 27, 92, 83, 87, 40, 99, 59, 11, 53, 16, 72, 77, 73, 70, 39, 37, 84, 43, 62, 25, 55, 28, 29, 51, 68, 82, 74, 61, 88, 21, 80, 89, 7, 69, 96, 41, 48, 4, 8, 34, 49, 52, 0, 44, 13, 2, 64, 33]|[1, 1, 1, 1, 0, 2, 1, 1, 2, 2, 2, 1, 0, 1, 2, 2, 1, 2, 0, 1, 2, 2, 2, 0, 0, 1, 2, 1, 2, 1, 2, 1, 1, 0, 1, 1, 0, 2, 2, 1, 1, 0, 0, 0, 0, 1, 1, 1, 1, 2, 1, 2, 2, 0, 0, 2, 1, 0, 0, 2, 0, 1, 2, 2, 1, 1, 1, 1, 1, 1, 0, 1, 1, 0, 0, 0, 0, 0, 2, 1, 1, 0, 0, 1, 1, 1, 2, 2, 0, 1, 1, 2, 0, 1, 0, 0, 0, 0, 2, 2]|[0, 4, 3, 0, 1, 1, 2, 4, 1, 1, 2, 4, 1, 4, 1, 1, 1, 2, 2, 2, 2, 1, 1, 1, 2, 3, 2, 3, 0, 4, 1, 0, 3, 2, 2, 2, 1, 1, 1, 0, 2, 0, 1, 2, 1, 3, 1, 4, 2, 0, 3, 2, 1, 2, 1, 1, 4, 1, 1, 1, 2, 3, 0, 2, 4, 3, 1, 4, 1, 1, 1, 4, 4, 2, 1, 1, 1, 2, 1, 3, 0, 1, 1, 1, 1, 3, 1, 1, 1, 4, 3, 1, 1, 1, 2, 2, 2, 2, 1, 1]|[3, 0, 2, 3, 0, 0, 1, 0, 0, 0, 1, 0, 0, 3, 0, 0, 1, 1, 1, 2, 1, 0, 0, 0, 0, 0, 0, 0, 0, 3, 1, 0, 2, 1, 1, 1, 0, 0, 0, 0, 1, 1, 0, 0, 0, 0, 1, 3, 2, 0, 0, 1, 0, 1, 0, 0, 2, 0, 0, 0, 1, 2, 1, 1, 0, 0, 1, 1, 3, 3, 0, 3, 3, 1, 0, 0, 0, 1, 0, 0, 0, 0, 0, 1, 2, 2, 0, 0, 0, 0, 2, 0, 1, 1, 0, 0, 0, 0, 0, 0],705.0470749739228,58445.79123614564,95781.2895945797,false
45,G4_BALANCED,G1_CMAX,[31, 22, 82, 15, 26, 99, 95, 42, 77, 12, 47, 5, 93, 78, 86, 54, 21, 63, 18, 44, 20, 35, 43, 97, 91, 76, 10, 30, 85, 45, 71, 64, 1, 23, 17, 83, 24, 14, 60, 36, 6, 57, 40, 88, 65, 56, 79, 94, 67, 68, 46, 75, 38, 9, 19, 32, 41, 81, 27, 87, 90, 58, 59, 11, 16, 72, 73, 70, 39, 37, 84, 3, 92, 25, 55, 48, 62, 29, 51, 7, 33, 61, 66, 28, 89, 50, 4, 96, 53, 80, 8, 98, 34, 49, 52, 0, 74, 69, 2, 13]|[1, 1, 0, 1, 1, 0, 1, 1, 2, 1, 2, 2, 2, 1, 1, 0, 0, 1, 0, 2, 2, 0, 1, 2, 0, 1, 2, 2, 0, 0, 1, 2, 1, 2, 1, 0, 2, 0, 1, 1, 0, 1, 1, 1, 0, 2, 2, 1, 0, 0, 0, 0, 1, 1, 2, 1, 0, 2, 0, 2, 1, 0, 1, 2, 1, 2, 1, 1, 1, 1, 1, 1, 0, 1, 2, 0, 0, 0, 0, 2, 2, 1, 2, 0, 1, 0, 1, 2, 0, 0, 1, 2, 2, 0, 1, 0, 2, 1, 0, 0]|[0, 3, 2, 2, 4, 1, 2, 3, 2, 4, 1, 1, 2, 4, 4, 1, 1, 4, 2, 1, 1, 1, 1, 2, 1, 2, 1, 1, 2, 1, 3, 2, 3, 1, 4, 0, 1, 1, 0, 3, 2, 2, 2, 0, 1, 1, 1, 4, 0, 1, 2, 2, 1, 4, 0, 3, 1, 1, 1, 1, 3, 1, 1, 1, 3, 0, 4, 3, 1, 4, 1, 1, 0, 4, 1, 1, 2, 1, 1, 1, 1, 3, 1, 2, 1, 1, 4, 1, 2, 1, 3, 1, 1, 1, 1, 2, 1, 4, 2, 2]|[0, 2, 1, 1, 3, 0, 1, 3, 0, 0, 0, 0, 1, 0, 1, 0, 0, 3, 1, 0, 0, 0, 3, 1, 0, 2, 0, 0, 0, 1, 0, 0, 0, 0, 3, 0, 1, 0, 0, 2, 1, 1, 1, 0, 0, 0, 0, 2, 1, 0, 0, 0, 1, 3, 0, 0, 0, 0, 0, 0, 2, 0, 1, 0, 2, 1, 0, 0, 1, 1, 3, 1, 1, 3, 0, 0, 1, 0, 0, 0, 0, 0, 0, 1, 1, 0, 0, 0, 1, 0, 2, 0, 0, 1, 1, 0, 0, 2, 0, 0],734.7379753826443,56212.42260301796,92506.7406905272,true
45,G2_TEC,G2_TEC,[31, 22, 82, 15, 26, 9, 95, 42, 77, 68, 47, 5, 93, 78, 86, 54, 85, 63, 18, 44, 20, 49, 36, 14, 74, 50, 53, 17, 21, 28, 11, 64, 3, 23, 30, 83, 24, 41, 40, 52, 65, 27, 90, 70, 39, 87, 48, 69, 99, 4, 75, 1, 13, 58, 97, 59, 45, 8, 73, 37, 35, 79, 71, 66, 76, 32, 60, 80, 56, 6, 67, 61, 33, 7, 57, 34, 12, 16, 10, 98, 96, 88, 43, 81, 91, 2, 84, 29, 92, 19, 51, 55, 46, 89, 25, 72, 94, 38, 62, 0]|[2, 1, 2, 1, 1, 2, 1, 1, 1, 1, 1, 0, 2, 2, 1, 2, 0, 0, 0, 2, 2, 1, 0, 2, 0, 2, 2, 1, 0, 1, 1, 1, 0, 0, 1, 0, 2, 1, 2, 2, 0, 0, 1, 1, 0, 2, 0, 2, 1, 0, 0, 2, 0, 0, 2, 0, 1, 1, 0, 0, 2, 1, 1, 2, 2, 0, 2, 2, 2, 1, 2, 1, 1, 2, 0, 1, 1, 2, 1, 2, 0, 1, 1, 1, 1, 0, 0, 1, 0, 1, 1, 0, 0, 1, 1, 1, 2, 0, 1, 2]|[0, 3, 0, 3, 4, 1, 4, 4, 2, 4, 3, 2, 1, 0, 2, 1, 1, 1, 2, 1, 1, 3, 0, 1, 0, 1, 1, 4, 1, 4, 3, 2, 2, 0, 4, 1, 1, 4, 1, 1, 2, 1, 4, 4, 1, 1, 0, 1, 3, 2, 2, 1, 2, 1, 1, 2, 4, 3, 0, 2, 2, 3, 3, 1, 1, 2, 1, 1, 1, 4, 1, 3, 4, 1, 2, 4, 3, 1, 3, 1, 2, 4, 4, 4, 3, 2, 2, 3, 2, 4, 3, 2, 2, 4, 4, 4, 1, 2, 3, 1]|[0, 2, 0, 0, 3, 0, 1, 3, 0, 0, 2, 0, 1, 0, 1, 0, 0, 0, 1, 0, 0, 2, 0, 0, 1, 0, 0, 3, 0, 1, 0, 2, 0, 0, 3, 0, 1, 1, 0, 0, 0, 0, 1, 3, 0, 0, 1, 0, 2, 0, 0, 0, 0, 0, 1, 0, 1, 0, 1, 1, 0, 2, 0, 0, 0, 0, 0, 0, 0, 2, 0, 0, 1, 0, 0, 1, 0, 0, 3, 0, 0, 1, 2, 2, 0, 0, 0, 3, 0, 1, 0, 0, 0, 1, 3, 1, 0, 0, 0, 0],900.0760482104305,49104.85573898611,106612.48357517918,false
45,G3_TWC,G3_TWC,[31, 22, 42, 15, 26, 58, 95, 82, 77, 12, 47, 5, 93, 78, 98, 54, 85, 63, 18, 44, 20, 35, 43, 97, 91, 76, 10, 30, 21, 45, 71, 64, 1, 23, 17, 83, 24, 14, 60, 36, 6, 57, 94, 88, 65, 56, 79, 40, 67, 68, 46, 75, 38, 9, 19, 32, 81, 41, 27, 62, 87, 90, 99, 59, 11, 16, 72, 73, 70, 39, 37, 84, 3, 92, 25, 55, 28, 29, 51, 7, 53, 61, 86, 33, 89, 50, 66, 96, 48, 80, 4, 8, 34, 49, 52, 0, 74, 2, 69, 13]|[1, 1, 0, 1, 1, 1, 2, 1, 2, 1, 2, 2, 2, 1, 1, 0, 0, 1, 0, 2, 2, 0, 1, 2, 0, 1, 2, 2, 0, 0, 1, 2, 1, 2, 1, 0, 2, 0, 1, 1, 0, 1, 1, 1, 0, 2, 1, 1, 0, 0, 0, 0, 1, 1, 2, 1, 2, 0, 0, 0, 2, 1, 0, 1, 2, 1, 2, 1, 1, 1, 1, 1, 2, 0, 1, 1, 0, 0, 0, 1, 0, 1, 0, 2, 1, 0, 0, 0, 0, 0, 0, 1, 2, 0, 1, 0, 2, 0, 1, 0]|[4, 3, 2, 2, 0, 0, 2, 2, 2, 4, 1, 1, 2, 4, 4, 1, 1, 4, 2, 1, 1, 1, 1, 2, 1, 2, 1, 1, 1, 1, 3, 2, 3, 0, 4, 0, 1, 1, 0, 3, 2, 2, 4, 0, 1, 1, 0, 2, 0, 1, 2, 2, 1, 4, 0, 3, 2, 1, 1, 2, 1, 3, 1, 1, 1, 3, 0, 4, 3, 1, 4, 1, 1, 2, 4, 4, 2, 1, 1, 3, 2, 3, 1, 1, 1, 1, 1, 1, 1, 1, 2, 3, 1, 1, 1, 2, 1, 2, 3, 2]|[0, 2, 1, 1, 3, 3, 0, 1, 0, 0, 0, 0, 1, 0, 1, 0, 0, 3, 1, 0, 0, 0, 3, 1, 0, 2, 0, 0, 0, 1, 0, 0, 0, 0, 3, 0, 1, 0, 0, 2, 1, 1, 2, 0, 0, 0, 0, 1, 1, 0, 0, 0, 1, 3, 0, 0, 1, 0, 0, 1, 0, 2, 0, 1, 0, 2, 1, 0, 0, 1, 1, 3, 0, 1, 3, 3, 1, 0, 0, 2, 1, 0, 0, 0, 1, 0, 0, 0, 0, 0, 1, 2, 0, 1, 1, 0, 0, 0, 0, 0],810.9396313435756,57780.79202865988,88218.68953805708,false
45,G1_CMAX,G1_CMAX,[31, 22, 90, 26, 58, 95, 42, 12, 93, 5, 78, 86, 98, 18, 20, 35, 3, 97, 91, 76, 10, 85, 54, 45, 63, 71, 66, 1, 23, 17, 24, 60, 36, 6, 57, 15, 65, 56, 47, 79, 94, 67, 50, 46, 14, 75, 38, 9, 30, 19, 32, 81, 27, 92, 83, 87, 40, 99, 59, 11, 53, 16, 72, 77, 73, 70, 39, 37, 84, 43, 62, 25, 55, 28, 29, 51, 68, 82, 74, 61, 88, 21, 80, 89, 7, 69, 96, 41, 48, 4, 8, 34, 49, 52, 0, 44, 13, 2, 64, 33]|[1, 1, 1, 1, 0, 2, 1, 1, 2, 2, 2, 1, 0, 1, 2, 2, 1, 2, 0, 1, 2, 2, 2, 0, 0, 1, 2, 1, 2, 1, 2, 1, 1, 0, 1, 1, 0, 2, 2, 1, 1, 0, 0, 0, 0, 1, 1, 1, 1, 2, 1, 2, 2, 0, 0, 2, 1, 0, 0, 2, 0, 1, 2, 2, 1, 1, 1, 1, 1, 1, 0, 1, 1, 0, 0, 0, 0, 0, 2, 1, 1, 0, 0, 1, 1, 1, 2, 2, 0, 1, 1, 2, 0, 1, 0, 0, 0, 0, 2, 2]|[0, 4, 3, 0, 1, 1, 2, 4, 1, 1, 2, 4, 1, 4, 1, 1, 1, 2, 2, 2, 2, 1, 1, 1, 2, 3, 2, 3, 0, 4, 1, 0, 3, 2, 2, 2, 1, 1, 1, 0, 2, 0, 1, 2, 1, 3, 1, 4, 2, 0, 3, 2, 1, 2, 1, 1, 4, 1, 1, 1, 2, 3, 0, 2, 4, 3, 1, 4, 1, 1, 1, 4, 4, 2, 1, 1, 1, 2, 1, 3, 0, 1, 1, 1, 1, 3, 1, 1, 1, 4, 3, 1, 1, 1, 2, 2, 2, 2, 1, 1]|[3, 0, 2, 3, 0, 0, 1, 0, 0, 0, 1, 0, 0, 3, 0, 0, 1, 1, 1, 2, 1, 0, 0, 0, 0, 0, 0, 0, 0, 3, 1, 0, 2, 1, 1, 1, 0, 0, 0, 0, 1, 1, 0, 0, 0, 0, 1, 3, 2, 0, 0, 1, 0, 1, 0, 0, 2, 0, 0, 0, 1, 2, 1, 1, 0, 0, 1, 1, 3, 3, 0, 3, 3, 1, 0, 0, 0, 1, 0, 0, 0, 0, 0, 1, 2, 2, 0, 0, 0, 0, 2, 0, 1, 1, 0, 0, 0, 0, 0, 0],705.0470749739228,58445.79123614564,95781.2895945797,false
45,G4_BALANCED,G2_TEC,[31, 22, 82, 15, 26, 9, 95, 42, 77, 68, 47, 5, 93, 78, 86, 54, 92, 63, 18, 44, 20, 49, 36, 14, 74, 50, 53, 17, 21, 28, 11, 64, 3, 23, 30, 83, 24, 41, 40, 52, 65, 27, 90, 70, 39, 87, 48, 69, 99, 4, 75, 1, 13, 58, 97, 59, 45, 8, 73, 37, 35, 79, 71, 66, 76, 32, 60, 80, 56, 6, 67, 61, 33, 7, 57, 34, 12, 16, 10, 94, 96, 88, 43, 81, 91, 2, 84, 29, 85, 19, 51, 89, 46, 55, 25, 72, 98, 38, 62, 0]|[2, 1, 2, 1, 1, 2, 1, 1, 1, 1, 1, 0, 2, 2, 1, 2, 0, 0, 0, 2, 2, 1, 0, 2, 0, 2, 2, 1, 0, 1, 1, 1, 0, 0, 1, 0, 2, 1, 2, 2, 0, 0, 1, 1, 0, 2, 0, 2, 1, 0, 0, 2, 0, 0, 2, 0, 1, 1, 0, 0, 2, 1, 1, 2, 2, 0, 2, 2, 2, 1, 2, 1, 1, 2, 0, 1, 1, 2, 1, 2, 0, 1, 1, 1, 1, 0, 0, 1, 0, 1, 1, 1, 0, 0, 1, 1, 2, 0, 1, 0]|[0, 3, 0, 3, 4, 1, 4, 4, 2, 4, 3, 2, 1, 0, 2, 1, 2, 1, 2, 1, 1, 3, 0, 1, 0, 1, 1, 4, 1, 4, 3, 2, 2, 0, 4, 1, 1, 4, 1, 1, 2, 1, 4, 4, 1, 1, 0, 1, 3, 2, 2, 1, 2, 1, 1, 2, 4, 3, 0, 2, 2, 3, 3, 1, 1, 2, 1, 1, 1, 4, 1, 3, 4, 1, 2, 4, 3, 1, 3, 1, 2, 4, 4, 4, 3, 2, 2, 3, 2, 4, 3, 4, 2, 2, 4, 4, 1, 2, 3, 2]|[0, 2, 0, 0, 3, 0, 1, 3, 0, 0, 2, 0, 1, 0, 1, 0, 0, 0, 1, 0, 0, 2, 0, 0, 1, 0, 0, 3, 0, 1, 0, 2, 0, 0, 3, 0, 1, 1, 0, 0, 0, 0, 1, 3, 0, 0, 1, 0, 2, 0, 0, 0, 0, 0, 1, 0, 1, 0, 1, 1, 0, 2, 0, 0, 0, 0, 0, 0, 0, 2, 0, 0, 1, 0, 0, 1, 0, 0, 3, 0, 0, 1, 2, 2, 0, 0, 0, 3, 0, 1, 0, 1, 0, 0, 3, 1, 0, 0, 0, 0],932.9043844375383,49105.221108544836,106211.17894121265,true
45,G2_TEC,G2_TEC,[31, 22, 82, 15, 26, 9, 95, 42, 77, 68, 47, 5, 93, 78, 86, 54, 85, 63, 18, 44, 20, 49, 36, 14, 74, 50, 53, 17, 21, 28, 11, 64, 3, 23, 30, 83, 24, 41, 40, 52, 65, 27, 90, 70, 39, 87, 48, 69, 99, 4, 75, 1, 13, 58, 97, 59, 45, 8, 73, 37, 35, 79, 71, 66, 76, 32, 60, 80, 56, 6, 67, 61, 33, 7, 57, 34, 12, 16, 10, 98, 96, 88, 43, 81, 91, 2, 84, 29, 92, 19, 51, 55, 46, 89, 25, 72, 94, 38, 62, 0]|[2, 1, 2, 1, 1, 2, 1, 1, 1, 1, 1, 0, 2, 2, 1, 2, 0, 0, 0, 2, 2, 1, 0, 2, 0, 2, 2, 1, 0, 1, 1, 1, 0, 0, 1, 0, 2, 1, 2, 2, 0, 0, 1, 1, 0, 2, 0, 2, 1, 0, 0, 2, 0, 0, 2, 0, 1, 1, 0, 0, 2, 1, 1, 2, 2, 0, 2, 2, 2, 1, 2, 1, 1, 2, 0, 1, 1, 2, 1, 2, 0, 1, 1, 1, 1, 0, 0, 1, 0, 1, 1, 0, 0, 1, 1, 1, 2, 0, 1, 2]|[0, 3, 0, 3, 4, 1, 4, 4, 2, 4, 3, 2, 1, 0, 2, 1, 1, 1, 2, 1, 1, 3, 0, 1, 0, 1, 1, 4, 1, 4, 3, 2, 2, 0, 4, 1, 1, 4, 1, 1, 2, 1, 4, 4, 1, 1, 0, 1, 3, 2, 2, 1, 2, 1, 1, 2, 4, 3, 0, 2, 2, 3, 3, 1, 1, 2, 1, 1, 1, 4, 1, 3, 4, 1, 2, 4, 3, 1, 3, 1, 2, 4, 4, 4, 3, 2, 2, 3, 2, 4, 3, 2, 2, 4, 4, 4, 1, 2, 3, 1]|[0, 2, 0, 0, 3, 0, 1, 3, 0, 0, 2, 0, 1, 0, 1, 0, 0, 0, 1, 0, 0, 2, 0, 0, 1, 0, 0, 3, 0, 1, 0, 2, 0, 0, 3, 0, 1, 1, 0, 0, 0, 0, 1, 3, 0, 0, 1, 0, 2, 0, 0, 0, 0, 0, 1, 0, 1, 0, 1, 1, 0, 2, 0, 0, 0, 0, 0, 0, 0, 2, 0, 0, 1, 0, 0, 1, 0, 0, 3, 0, 0, 1, 2, 2, 0, 0, 0, 3, 0, 1, 0, 0, 0, 1, 3, 1, 0, 0, 0, 0],900.0760482104305,49104.85573898611,106612.48357517918,false
45,G3_TWC,G3_TWC,[31, 22, 42, 15, 26, 58, 95, 82, 77, 12, 47, 5, 93, 78, 98, 54, 85, 63, 18, 44, 20, 35, 43, 97, 91, 76, 10, 30, 21, 45, 71, 64, 1, 23, 17, 83, 24, 61, 60, 36, 6, 57, 94, 88, 65, 56, 79, 40, 67, 68, 46, 75, 38, 9, 19, 32, 81, 41, 27, 62, 87, 90, 99, 59, 11, 16, 72, 73, 70, 39, 37, 84, 3, 92, 25, 74, 28, 29, 51, 7, 53, 14, 86, 48, 89, 50, 66, 96, 33, 80, 4, 8, 34, 49, 52, 0, 13, 2, 69, 55]|[1, 1, 0, 1, 1, 1, 2, 1, 2, 1, 2, 2, 2, 1, 1, 0, 0, 1, 0, 2, 2, 0, 1, 2, 0, 1, 2, 2, 0, 0, 1, 2, 1, 2, 1, 0, 2, 0, 1, 1, 0, 1, 1, 1, 0, 2, 1, 1, 0, 0, 0, 0, 1, 1, 2, 1, 2, 0, 0, 0, 2, 1, 0, 1, 2, 1, 2, 1, 1, 1, 1, 1, 2, 0, 1, 2, 0, 0, 0, 1, 0, 1, 0, 0, 1, 0, 0, 0, 2, 0, 0, 1, 2, 0, 1, 0, 0, 0, 1, 1]|[4, 3, 2, 2, 0, 0, 2, 2, 2, 4, 1, 1, 2, 4, 4, 1, 1, 4, 2, 1, 1, 1, 1, 2, 1, 2, 1, 1, 1, 1, 3, 2, 3, 0, 4, 0, 1, 1, 0, 3, 2, 2, 4, 0, 1, 1, 0, 2, 0, 1, 2, 2, 1, 4, 0, 3, 2, 1, 1, 2, 1, 3, 1, 1, 1, 3, 0, 4, 3, 1, 4, 1, 1, 2, 4, 1, 2, 1, 1, 3, 2, 3, 1, 1, 1, 1, 1, 1, 1, 1, 2, 3, 1, 1, 1, 2, 2, 2, 3, 4]|[0, 2, 1, 1, 3, 3, 0, 1, 0, 0, 0, 0, 1, 0, 1, 0, 0, 3, 1, 0, 0, 0, 3, 1, 0, 2, 0, 0, 0, 1, 0, 0, 0, 0, 3, 0, 1, 0, 0, 2, 1, 1, 2, 0, 0, 0, 0, 1, 1, 0, 0, 0, 1, 3, 0, 0, 1, 0, 0, 1, 0, 2, 0, 1, 0, 2, 1, 0, 0, 1, 1, 3, 0, 1, 3, 0, 1, 0, 0, 2, 1, 0, 0, 0, 1, 0, 0, 0, 0, 0, 1, 2, 0, 1, 1, 0, 0, 0, 0, 3],804.6875225521468,57746.82533348298,88068.50778672317,false
45,G1_CMAX,G1_CMAX,[31, 22, 90, 26, 58, 95, 42, 12, 93, 5, 78, 86, 98, 18, 20, 35, 3, 97, 91, 76, 10, 85, 54, 45, 63, 71, 66, 1, 23, 17, 24, 60, 36, 6, 57, 15, 65, 56, 47, 79, 94, 67, 50, 46, 14, 75, 38, 9, 30, 19, 32, 81, 27, 92, 83, 87, 40, 99, 59, 11, 53, 16, 72, 77, 73, 70, 39, 37, 84, 43, 62, 25, 55, 28, 29, 51, 68, 82, 74, 61, 88, 21, 80, 89, 7, 69, 96, 41, 48, 4, 8, 34, 49, 52, 0, 44, 13, 2, 64, 33]|[1, 1, 1, 1, 0, 2, 1, 1, 2, 2, 2, 1, 0, 1, 2, 2, 1, 2, 0, 1, 2, 2, 2, 0, 0, 1, 2, 1, 2, 1, 2, 1, 1, 0, 1, 1, 0, 2, 2, 1, 1, 0, 0, 0, 0, 1, 1, 1, 1, 2, 1, 2, 2, 0, 0, 2, 1, 0, 0, 2, 0, 1, 2, 2, 1, 1, 1, 1, 1, 1, 0, 1, 1, 0, 0, 0, 0, 0, 2, 1, 1, 0, 0, 1, 1, 1, 2, 2, 0, 1, 1, 2, 0, 1, 0, 0, 0, 0, 2, 2]|[0, 4, 3, 0, 1, 1, 2, 4, 1, 1, 2, 4, 1, 4, 1, 1, 1, 2, 2, 2, 2, 1, 1, 1, 2, 3, 2, 3, 0, 4, 1, 0, 3, 2, 2, 2, 1, 1, 1, 0, 2, 0, 1, 2, 1, 3, 1, 4, 2, 0, 3, 2, 1, 2, 1, 1, 4, 1, 1, 1, 2, 3, 0, 2, 4, 3, 1, 4, 1, 1, 1, 4, 4, 2, 1, 1, 1, 2, 1, 3, 0, 1, 1, 1, 1, 3, 1, 1, 1, 4, 3, 1, 1, 1, 2, 2, 2, 2, 1, 1]|[3, 0, 2, 3, 0, 0, 1, 0, 0, 0, 1, 0, 0, 3, 0, 0, 1, 1, 1, 2, 1, 0, 0, 0, 0, 0, 0, 0, 0, 3, 1, 0, 2, 1, 1, 1, 0, 0, 0, 0, 1, 1, 0, 0, 0, 0, 1, 3, 2, 0, 0, 1, 0, 1, 0, 0, 2, 0, 0, 0, 1, 2, 1, 1, 0, 0, 1, 1, 3, 3, 0, 3, 3, 1, 0, 0, 0, 1, 0, 0, 0, 0, 0, 1, 2, 2, 0, 0, 0, 0, 2, 0, 1, 1, 0, 0, 0, 0, 0, 0],705.0470749739228,58445.79123614564,95781.2895945797,false
45,G4_BALANCED,G1_CMAX,[31, 11, 82, 15, 26, 9, 95, 42, 77, 68, 47, 5, 93, 78, 86, 54, 85, 63, 18, 44, 20, 49, 36, 14, 74, 50, 53, 17, 21, 45, 71, 64, 3, 23, 30, 83, 24, 41, 60, 52, 65, 27, 90, 70, 39, 87, 48, 69, 99, 4, 46, 1, 13, 58, 97, 59, 28, 75, 73, 37, 35, 79, 22, 66, 76, 32, 40, 80, 96, 6, 62, 84, 81, 92, 25, 94, 19, 29, 51, 7, 91, 61, 98, 33, 89, 67, 12, 55, 72, 57, 8, 10, 34, 56, 43, 0, 2, 88, 38, 16]|[2, 1, 2, 1, 1, 1, 1, 2, 1, 1, 1, 0, 2, 2, 1, 0, 0, 1, 0, 2, 2, 0, 0, 2, 0, 1, 2, 2, 0, 1, 1, 1, 1, 0, 1, 0, 2, 1, 2, 2, 0, 0, 1, 1, 0, 2, 2, 2, 1, 0, 0, 2, 0, 1, 0, 0, 1, 1, 0, 0, 2, 1, 0, 2, 2, 1, 2, 2, 1, 1, 1, 0, 2, 0, 1, 2, 1, 0, 1, 2, 1, 1, 2, 1, 1, 0, 0, 0, 1, 0, 1, 0, 1, 2, 1, 0, 2, 1, 0, 2]|[0, 3, 0, 2, 4, 0, 4, 2, 2, 4, 3, 2, 1, 0, 2, 1, 2, 4, 2, 1, 1, 1, 0, 1, 0, 2, 1, 1, 1, 4, 3, 2, 3, 0, 4, 1, 1, 4, 0, 1, 2, 1, 3, 0, 1, 1, 1, 2, 3, 1, 2, 1, 2, 4, 1, 2, 4, 3, 0, 2, 2, 0, 1, 0, 1, 3, 0, 1, 3, 1, 4, 2, 2, 2, 4, 1, 4, 1, 3, 1, 3, 3, 1, 4, 4, 1, 2, 2, 4, 2, 3, 1, 4, 1, 4, 2, 1, 3, 2, 1]|[0, 2, 0, 1, 3, 3, 1, 0, 0, 0, 2, 0, 1, 0, 1, 0, 0, 3, 1, 0, 0, 0, 0, 0, 1, 2, 0, 0, 0, 1, 0, 2, 0, 1, 3, 0, 1, 3, 0, 0, 0, 0, 2, 0, 0, 0, 0, 0, 2, 0, 0, 0, 0, 3, 0, 0, 1, 0, 1, 1, 0, 0, 0, 0, 0, 2, 1, 0, 0, 1, 1, 0, 1, 0, 3, 0, 3, 0, 0, 0, 0, 0, 0, 1, 1, 0, 1, 0, 2, 0, 2, 0, 1, 0, 2, 0, 0, 0, 0, 0],836.0442072634031,54729.0834847965,121676.84165182203,true
45,G2_TEC,G2_TEC,[31, 22, 82, 15, 26, 9, 95, 42, 77, 68, 47, 5, 93, 78, 86, 54, 85, 63, 18, 44, 20, 49, 36, 14, 74, 50, 53, 17, 21, 28, 11, 64, 3, 23, 30, 83, 24, 41, 40, 52, 65, 27, 90, 70, 39, 87, 48, 69, 99, 4, 75, 1, 13, 58, 97, 59, 45, 8, 73, 37, 35, 79, 71, 66, 76, 32, 60, 80, 56, 6, 67, 61, 33, 7, 57, 34, 12, 16, 10, 98, 96, 88, 43, 81, 91, 2, 84, 29, 92, 19, 51, 55, 46, 89, 25, 72, 94, 38, 62, 0]|[2, 1, 2, 1, 1, 2, 1, 1, 1, 1, 1, 0, 2, 2, 1, 2, 0, 0, 0, 2, 2, 1, 0, 2, 0, 2, 2, 1, 0, 1, 1, 1, 0, 0, 1, 0, 2, 1, 2, 2, 0, 0, 1, 1, 0, 2, 0, 2, 1, 0, 0, 2, 0, 0, 2, 0, 1, 1, 0, 0, 2, 1, 1, 2, 2, 0, 2, 2, 2, 1, 2, 1, 1, 2, 0, 1, 1, 2, 1, 2, 0, 1, 1, 1, 1, 0, 0, 1, 0, 1, 1, 0, 0, 1, 1, 1, 2, 0, 1, 2]|[0, 3, 0, 3, 4, 1, 4, 4, 2, 4, 3, 2, 1, 0, 2, 1, 1, 1, 2, 1, 1, 3, 0, 1, 0, 1, 1, 4, 1, 4, 3, 2, 2, 0, 4, 1, 1, 4, 1, 1, 2, 1, 4, 4, 1, 1, 0, 1, 3, 2, 2, 1, 2, 1, 1, 2, 4, 3, 0, 2, 2, 3, 3, 1, 1, 2, 1, 1, 1, 4, 1, 3, 4, 1, 2, 4, 3, 1, 3, 1, 2, 4, 4, 4, 3, 2, 2, 3, 2, 4, 3, 2, 2, 4, 4, 4, 1, 2, 3, 1]|[0, 2, 0, 0, 3, 0, 1, 3, 0, 0, 2, 0, 1, 0, 1, 0, 0, 0, 1, 0, 0, 2, 0, 0, 1, 0, 0, 3, 0, 1, 0, 2, 0, 0, 3, 0, 1, 1, 0, 0, 0, 0, 1, 3, 0, 0, 1, 0, 2, 0, 0, 0, 0, 0, 1, 0, 1, 0, 1, 1, 0, 2, 0, 0, 0, 0, 0, 0, 0, 2, 0, 0, 1, 0, 0, 1, 0, 0, 3, 0, 0, 1, 2, 2, 0, 0, 0, 3, 0, 1, 0, 0, 0, 1, 3, 1, 0, 0, 0, 0],900.0760482104305,49104.85573898611,106612.48357517918,false
45,G3_TWC,G3_TWC,[31, 22, 42, 15, 26, 58, 95, 82, 77, 12, 47, 5, 93, 78, 98, 54, 85, 63, 18, 44, 20, 35, 43, 97, 91, 76, 10, 30, 21, 45, 71, 64, 1, 23, 17, 83, 24, 61, 60, 36, 6, 57, 94, 88, 65, 56, 79, 40, 67, 68, 46, 75, 38, 9, 19, 32, 81, 41, 27, 62, 87, 90, 99, 59, 11, 16, 72, 73, 70, 39, 37, 84, 3, 92, 25, 74, 28, 29, 51, 7, 53, 14, 86, 48, 89, 50, 66, 96, 33, 80, 4, 8, 34, 49, 52, 0, 13, 2, 69, 55]|[1, 1, 0, 1, 1, 1, 2, 1, 2, 1, 2, 2, 2, 1, 1, 0, 0, 1, 0, 2, 2, 0, 1, 2, 0, 1, 2, 2, 0, 0, 1, 2, 1, 2, 1, 0, 2, 0, 1, 1, 0, 1, 1, 1, 0, 2, 1, 1, 0, 0, 0, 0, 1, 1, 2, 1, 2, 0, 0, 0, 2, 1, 0, 1, 2, 1, 2, 1, 1, 1, 1, 1, 2, 0, 1, 2, 0, 0, 0, 1, 0, 1, 0, 0, 1, 0, 0, 0, 2, 0, 0, 1, 2, 0, 1, 0, 0, 0, 1, 1]|[4, 3, 2, 2, 0, 0, 2, 2, 2, 4, 1, 1, 2, 4, 4, 1, 1, 4, 2, 1, 1, 1, 1, 2, 1, 2, 1, 1, 1, 1, 3, 2, 3, 0, 4, 0, 1, 1, 0, 3, 2, 2, 4, 0, 1, 1, 0, 2, 0, 1, 2, 2, 1, 4, 0, 3, 2, 1, 1, 2, 1, 3, 1, 1, 1, 3, 0, 4, 3, 1, 4, 1, 1, 2, 4, 1, 2, 1, 1, 3, 2, 3, 1, 1, 1, 1, 1, 1, 1, 1, 2, 3, 1, 1, 1, 2, 2, 2, 3, 4]|[0, 2, 1, 1, 3, 3, 0, 1, 0, 0, 0, 0, 1, 0, 1, 0, 0, 3, 1, 0, 0, 0, 3, 1, 0, 2, 0, 0, 0, 1, 0, 0, 0, 0, 3, 0, 1, 0, 0, 2, 1, 1, 2, 0, 0, 0, 0, 1, 1, 0, 0, 0, 1, 3, 0, 0, 1, 0, 0, 1, 0, 2, 0, 1, 0, 2, 1, 0, 0, 1, 1, 3, 0, 1, 3, 0, 1, 0, 0, 2, 1, 0, 0, 0, 1, 0, 0, 0, 0, 0, 1, 2, 0, 1, 1, 0, 0, 0, 0, 3],804.6875225521468,57746.82533348298,88068.50778672317,false
45,G1_CMAX,G1_CMAX,[31, 22, 90, 26, 58, 95, 42, 12, 93, 5, 78, 86, 98, 18, 20, 35, 3, 97, 91, 76, 10, 85, 54, 45, 63, 71, 66, 1, 23, 17, 24, 60, 36, 6, 57, 15, 65, 56, 47, 79, 94, 67, 50, 46, 14, 75, 38, 9, 30, 19, 32, 81, 27, 92, 83, 87, 40, 99, 59, 11, 53, 16, 72, 77, 73, 70, 39, 37, 84, 43, 62, 25, 55, 28, 29, 51, 68, 82, 74, 61, 88, 21, 80, 89, 7, 69, 96, 41, 48, 4, 8, 34, 49, 52, 0, 44, 13, 2, 64, 33]|[1, 1, 1, 1, 0, 2, 1, 1, 2, 2, 2, 1, 0, 1, 2, 2, 1, 2, 0, 1, 2, 2, 2, 0, 0, 1, 2, 1, 2, 1, 2, 1, 1, 0, 1, 1, 0, 2, 2, 1, 1, 0, 0, 0, 0, 1, 1, 1, 1, 2, 1, 2, 2, 0, 0, 2, 1, 0, 0, 2, 0, 1, 2, 2, 1, 1, 1, 1, 1, 1, 0, 1, 1, 0, 0, 0, 0, 0, 2, 1, 1, 0, 0, 1, 1, 1, 2, 2, 0, 1, 1, 2, 0, 1, 0, 0, 0, 0, 2, 2]|[0, 4, 3, 0, 1, 1, 2, 4, 1, 1, 2, 4, 1, 4, 1, 1, 1, 2, 2, 2, 2, 1, 1, 1, 2, 3, 2, 3, 0, 4, 1, 0, 3, 2, 2, 2, 1, 1, 1, 0, 2, 0, 1, 2, 1, 3, 1, 4, 2, 0, 3, 2, 1, 2, 1, 1, 4, 1, 1, 1, 2, 3, 0, 2, 4, 3, 1, 4, 1, 1, 1, 4, 4, 2, 1, 1, 1, 2, 1, 3, 0, 1, 1, 1, 1, 3, 1, 1, 1, 4, 3, 1, 1, 1, 2, 2, 2, 2, 1, 1]|[3, 0, 2, 3, 0, 0, 1, 0, 0, 0, 1, 0, 0, 3, 0, 0, 1, 1, 1, 2, 1, 0, 0, 0, 0, 0, 0, 0, 0, 3, 1, 0, 2, 1, 1, 1, 0, 0, 0, 0, 1, 1, 0, 0, 0, 0, 1, 3, 2, 0, 0, 1, 0, 1, 0, 0, 2, 0, 0, 0, 1, 2, 1, 1, 0, 0, 1, 1, 3, 3, 0, 3, 3, 1, 0, 0, 0, 1, 0, 0, 0, 0, 0, 1, 2, 2, 0, 0, 0, 0, 2, 0, 1, 1, 0, 0, 0, 0, 0, 0],705.0470749739228,58445.79123614564,95781.2895945797,false
45,G4_BALANCED,G3_TWC,[31, 22, 82, 15, 26, 58, 95, 42, 77, 12, 47, 5, 93, 78, 98, 54, 85, 63, 18, 44, 20, 35, 43, 97, 91, 76, 10, 30, 21, 45, 71, 64, 1, 23, 17, 83, 24, 14, 60, 36, 6, 57, 94, 88, 65, 56, 79, 40, 67, 68, 46, 75, 38, 9, 19, 32, 81, 41, 27, 62, 87, 90, 99, 59, 53, 16, 72, 73, 70, 39, 37, 84, 3, 92, 25, 55, 28, 29, 51, 50, 33, 61, 86, 48, 89, 7, 69, 96, 11, 80, 4, 8, 34, 49, 52, 0, 13, 74, 66, 2]|[1, 1, 0, 1, 1, 1, 2, 1, 2, 1, 2, 2, 2, 1, 1, 0, 0, 1, 0, 2, 2, 0, 1, 2, 0, 1, 2, 2, 0, 0, 1, 2, 1, 2, 1, 0, 2, 0, 1, 1, 0, 1, 1, 1, 0, 2, 1, 1, 0, 0, 0, 0, 1, 1, 2, 1, 2, 2, 0, 0, 2, 1, 0, 1, 2, 1, 2, 1, 1, 1, 1, 1, 2, 0, 1, 1, 0, 0, 0, 0, 2, 1, 0, 0, 1, 1, 1, 2, 0, 0, 1, 1, 2, 0, 1, 0, 0, 2, 2, 0]|[4, 3, 2, 2, 0, 0, 2, 2, 2, 4, 1, 1, 2, 4, 4, 1, 1, 4, 2, 1, 1, 1, 1, 2, 1, 2, 1, 1, 1, 1, 3, 2, 3, 0, 4, 0, 1, 1, 0, 3, 2, 2, 4, 0, 1, 1, 0, 2, 0, 1, 2, 2, 1, 4, 0, 3, 2, 1, 1, 2, 1, 3, 1, 1, 1, 3, 0, 4, 3, 1, 4, 1, 1, 2, 4, 4, 2, 1, 1, 1, 1, 3, 1, 1, 1, 3, 3, 1, 2, 1, 4, 3, 1, 1, 1, 2, 2, 1, 1, 2]|[0, 2, 1, 1, 3, 3, 0, 1, 0, 0, 0, 0, 1, 0, 1, 0, 0, 3, 1, 0, 0, 0, 3, 1, 0, 2, 0, 0, 0, 1, 0, 0, 0, 0, 3, 0, 1, 0, 0, 2, 1, 1, 2, 0, 0, 0, 0, 1, 1, 0, 0, 0, 1, 3, 0, 0, 1, 0, 0, 1, 0, 2, 0, 1, 0, 2, 1, 0, 0, 1, 1, 3, 0, 1, 3, 3, 1, 0, 0, 0, 0, 0, 0, 0, 1, 2, 0, 0, 1, 0, 0, 2, 0, 1, 1, 0, 0, 0, 0, 0],732.8098429350143,57177.470883335554,91872.2357524418,true
45,G2_TEC,G2_TEC,[31, 22, 82, 15, 26, 9, 95, 42, 77, 68, 47, 5, 93, 78, 86, 54, 85, 63, 18, 44, 20, 49, 36, 14, 74, 50, 53, 17, 21, 28, 11, 64, 3, 23, 30, 83, 24, 41, 40, 52, 65, 27, 90, 70, 39, 87, 48, 69, 99, 4, 75, 1, 13, 58, 97, 59, 45, 8, 73, 37, 35, 79, 71, 66, 76, 32, 60, 80, 56, 6, 67, 61, 33, 7, 57, 34, 12, 16, 10, 98, 96, 88, 43, 81, 91, 2, 84, 29, 92, 19, 51, 55, 46, 89, 25, 72, 94, 38, 62, 0]|[2, 1, 2, 1, 1, 2, 1, 1, 1, 1, 1, 0, 2, 2, 1, 2, 0, 0, 0, 2, 2, 1, 0, 2, 0, 2, 2, 1, 0, 1, 1, 1, 0, 0, 1, 0, 2, 1, 2, 2, 0, 0, 1, 1, 0, 2, 0, 2, 1, 0, 0, 2, 0, 0, 2, 0, 1, 1, 0, 0, 2, 1, 1, 2, 2, 0, 2, 2, 2, 1, 2, 1, 1, 2, 0, 1, 1, 2, 1, 2, 0, 1, 1, 1, 1, 0, 0, 1, 0, 1, 1, 0, 0, 1, 1, 1, 2, 0, 1, 2]|[0, 3, 0, 3, 4, 1, 4, 4, 2, 4, 3, 2, 1, 0, 2, 1, 1, 1, 2, 1, 1, 3, 0, 1, 0, 1, 1, 4, 1, 4, 3, 2, 2, 0, 4, 1, 1, 4, 1, 1, 2, 1, 4, 4, 1, 1, 0, 1, 3, 2, 2, 1, 2, 1, 1, 2, 4, 3, 0, 2, 2, 3, 3, 1, 1, 2, 1, 1, 1, 4, 1, 3, 4, 1, 2, 4, 3, 1, 3, 1, 2, 4, 4, 4, 3, 2, 2, 3, 2, 4, 3, 2, 2, 4, 4, 4, 1, 2, 3, 1]|[0, 2, 0, 0, 3, 0, 1, 3, 0, 0, 2, 0, 1, 0, 1, 0, 0, 0, 1, 0, 0, 2, 0, 0, 1, 0, 0, 3, 0, 1, 0, 2, 0, 0, 3, 0, 1, 1, 0, 0, 0, 0, 1, 3, 0, 0, 1, 0, 2, 0, 0, 0, 0, 0, 1, 0, 1, 0, 1, 1, 0, 2, 0, 0, 0, 0, 0, 0, 0, 2, 0, 0, 1, 0, 0, 1, 0, 0, 3, 0, 0, 1, 2, 2, 0, 0, 0, 3, 0, 1, 0, 0, 0, 1, 3, 1, 0, 0, 0, 0],900.0760482104305,49104.85573898611,106612.48357517918,false
45,G3_TWC,G3_TWC,[31, 22, 42, 15, 26, 58, 95, 82, 77, 12, 47, 5, 93, 78, 98, 54, 85, 63, 18, 44, 20, 35, 43, 97, 91, 76, 10, 30, 21, 45, 71, 64, 1, 23, 17, 83, 24, 61, 60, 36, 6, 57, 94, 88, 65, 56, 79, 40, 67, 68, 46, 75, 38, 9, 19, 32, 81, 41, 27, 62, 87, 90, 99, 59, 11, 16, 72, 73, 70, 39, 37, 84, 3, 92, 25, 74, 28, 29, 51, 7, 53, 14, 86, 48, 89, 50, 66, 96, 33, 80, 4, 8, 34, 49, 52, 0, 13, 2, 69, 55]|[1, 1, 0, 1, 1, 1, 2, 1, 2, 1, 2, 2, 2, 1, 1, 0, 0, 1, 0, 2, 2, 0, 1, 2, 0, 1, 2, 2, 0, 0, 1, 2, 1, 2, 1, 0, 2, 0, 1, 1, 0, 1, 1, 1, 0, 2, 1, 1, 0, 0, 0, 0, 1, 1, 2, 1, 2, 0, 0, 0, 2, 1, 0, 1, 2, 1, 2, 1, 1, 1, 1, 1, 2, 0, 1, 2, 0, 0, 0, 1, 0, 1, 0, 0, 1, 0, 0, 0, 2, 0, 0, 1, 2, 0, 1, 0, 0, 0, 1, 1]|[4, 3, 2, 2, 0, 0, 2, 2, 2, 4, 1, 1, 2, 4, 4, 1, 1, 4, 2, 1, 1, 1, 1, 2, 1, 2, 1, 1, 1, 1, 3, 2, 3, 0, 4, 0, 1, 1, 0, 3, 2, 2, 4, 0, 1, 1, 0, 2, 0, 1, 2, 2, 1, 4, 0, 3, 2, 1, 1, 2, 1, 3, 1, 1, 1, 3, 0, 4, 3, 1, 4, 1, 1, 2, 4, 1, 2, 1, 1, 3, 2, 3, 1, 1, 1, 1, 1, 1, 1, 1, 2, 3, 1, 1, 1, 2, 2, 2, 3, 4]|[0, 2, 1, 1, 3, 3, 0, 1, 0, 0, 0, 0, 1, 0, 1, 0, 0, 3, 1, 0, 0, 0, 3, 1, 0, 2, 0, 0, 0, 1, 0, 0, 0, 0, 3, 0, 1, 0, 0, 2, 1, 1, 2, 0, 0, 0, 0, 1, 1, 0, 0, 0, 1, 3, 0, 0, 1, 0, 0, 1, 0, 2, 0, 1, 0, 2, 1, 0, 0, 1, 1, 3, 0, 1, 3, 0, 1, 0, 0, 2, 1, 0, 0, 0, 1, 0, 0, 0, 0, 0, 1, 2, 0, 1, 1, 0, 0, 0, 0, 3],804.6875225521468,57746.82533348298,88068.50778672317,false
45,G1_CMAX,G1_CMAX,[31, 22, 90, 26, 58, 95, 42, 12, 93, 5, 78, 86, 98, 18, 20, 35, 3, 97, 91, 76, 10, 85, 54, 45, 63, 71, 66, 1, 23, 17, 24, 60, 36, 6, 57, 15, 65, 56, 47, 79, 94, 67, 50, 46, 14, 75, 38, 9, 30, 19, 32, 81, 27, 92, 83, 87, 40, 99, 59, 11, 53, 16, 72, 77, 73, 70, 39, 37, 84, 43, 62, 25, 55, 28, 29, 51, 68, 82, 74, 61, 88, 21, 80, 89, 7, 69, 96, 41, 48, 4, 8, 34, 49, 52, 0, 44, 13, 2, 64, 33]|[1, 1, 1, 1, 0, 2, 1, 1, 2, 2, 2, 1, 0, 1, 2, 2, 1, 2, 0, 1, 2, 2, 2, 0, 0, 1, 2, 1, 2, 1, 2, 1, 1, 0, 1, 1, 0, 2, 2, 1, 1, 0, 0, 0, 0, 1, 1, 1, 1, 2, 1, 2, 2, 0, 0, 2, 1, 0, 0, 2, 0, 1, 2, 2, 1, 1, 1, 1, 1, 1, 0, 1, 1, 0, 0, 0, 0, 0, 2, 1, 1, 0, 0, 1, 1, 1, 2, 2, 0, 1, 1, 2, 0, 1, 0, 0, 0, 0, 2, 2]|[0, 4, 3, 0, 1, 1, 2, 4, 1, 1, 2, 4, 1, 4, 1, 1, 1, 2, 2, 2, 2, 1, 1, 1, 2, 3, 2, 3, 0, 4, 1, 0, 3, 2, 2, 2, 1, 1, 1, 0, 2, 0, 1, 2, 1, 3, 1, 4, 2, 0, 3, 2, 1, 2, 1, 1, 4, 1, 1, 1, 2, 3, 0, 2, 4, 3, 1, 4, 1, 1, 1, 4, 4, 2, 1, 1, 1, 2, 1, 3, 0, 1, 1, 1, 1, 3, 1, 1, 1, 4, 3, 1, 1, 1, 2, 2, 2, 2, 1, 1]|[3, 0, 2, 3, 0, 0, 1, 0, 0, 0, 1, 0, 0, 3, 0, 0, 1, 1, 1, 2, 1, 0, 0, 0, 0, 0, 0, 0, 0, 3, 1, 0, 2, 1, 1, 1, 0, 0, 0, 0, 1, 1, 0, 0, 0, 0, 1, 3, 2, 0, 0, 1, 0, 1, 0, 0, 2, 0, 0, 0, 1, 2, 1, 1, 0, 0, 1, 1, 3, 3, 0, 3, 3, 1, 0, 0, 0, 1, 0, 0, 0, 0, 0, 1, 2, 2, 0, 0, 0, 0, 2, 0, 1, 1, 0, 0, 0, 0, 0, 0],705.0470749739228,58445.79123614564,95781.2895945797,false
45,G4_BALANCED,G3_TWC,[31, 22, 82, 15, 26, 58, 95, 42, 77, 12, 47, 5, 93, 78, 98, 54, 85, 63, 18, 44, 20, 35, 43, 97, 91, 76, 10, 30, 21, 45, 71, 64, 1, 23, 17, 83, 24, 14, 60, 36, 6, 57, 94, 88, 65, 56, 79, 40, 67, 68, 46, 75, 38, 9, 19, 32, 81, 41, 27, 62, 87, 90, 99, 59, 53, 16, 72, 73, 70, 39, 37, 84, 3, 92, 25, 55, 28, 29, 51, 50, 33, 61, 86, 48, 89, 7, 69, 96, 11, 80, 4, 8, 34, 49, 52, 0, 13, 74, 66, 2]|[1, 1, 0, 1, 1, 1, 2, 1, 2, 1, 2, 2, 2, 1, 1, 0, 0, 1, 0, 2, 2, 0, 1, 2, 0, 1, 2, 2, 0, 0, 1, 2, 1, 2, 1, 0, 2, 0, 1, 1, 0, 1, 1, 1, 0, 2, 1, 1, 0, 0, 0, 0, 1, 1, 2, 1, 2, 2, 0, 0, 2, 1, 0, 1, 2, 1, 2, 1, 1, 1, 1, 1, 2, 0, 1, 1, 0, 0, 0, 0, 2, 1, 0, 0, 1, 1, 1, 2, 0, 0, 1, 1, 2, 0, 1, 0, 0, 2, 2, 0]|[4, 3, 2, 2, 0, 0, 2, 2, 2, 4, 1, 1, 2, 4, 4, 1, 1, 4, 2, 1, 1, 1, 1, 2, 1, 2, 1, 1, 1, 1, 3, 2, 3, 0, 4, 0, 1, 1, 0, 3, 2, 2, 4, 0, 1, 1, 0, 2, 0, 1, 2, 2, 1, 4, 0, 3, 2, 1, 1, 2, 1, 3, 1, 1, 1, 3, 0, 4, 3, 1, 4, 1, 1, 2, 4, 4, 2, 1, 1, 1, 1, 3, 1, 1, 1, 3, 3, 1, 2, 1, 4, 3, 1, 1, 1, 2, 2, 1, 1, 2]|[0, 2, 1, 1, 3, 3, 0, 1, 0, 0, 0, 0, 1, 0, 1, 0, 0, 3, 1, 0, 0, 0, 3, 1, 0, 2, 0, 0, 0, 1, 0, 0, 0, 0, 3, 0, 1, 0, 0, 2, 1, 1, 2, 0, 0, 0, 0, 1, 1, 0, 0, 0, 1, 3, 0, 0, 1, 0, 0, 1, 0, 2, 0, 1, 0, 2, 1, 0, 0, 1, 1, 3, 0, 1, 3, 3, 1, 0, 0, 0, 0, 0, 0, 0, 1, 2, 0, 0, 1, 0, 0, 2, 0, 1, 1, 0, 0, 0, 0, 0],732.8098429350143,57177.470883335554,91872.2357524418,true
45,G2_TEC,G2_TEC,[31, 22, 82, 15, 26, 9, 95, 42, 77, 68, 47, 5, 93, 78, 86, 54, 85, 63, 18, 44, 20, 49, 36, 14, 74, 50, 53, 17, 21, 28, 11, 64, 3, 23, 30, 83, 24, 41, 40, 52, 65, 27, 90, 70, 39, 87, 48, 69, 99, 4, 75, 1, 13, 58, 97, 59, 45, 8, 73, 37, 35, 79, 71, 66, 76, 32, 60, 80, 56, 6, 67, 61, 33, 7, 57, 34, 12, 16, 10, 98, 96, 88, 43, 81, 91, 2, 84, 29, 92, 19, 51, 55, 46, 89, 25, 72, 94, 38, 62, 0]|[2, 1, 2, 1, 1, 2, 1, 1, 1, 1, 1, 0, 2, 2, 1, 2, 0, 0, 0, 2, 2, 1, 0, 2, 0, 2, 2, 1, 0, 1, 1, 1, 0, 0, 1, 0, 2, 1, 2, 2, 0, 0, 1, 1, 0, 2, 0, 2, 1, 0, 0, 2, 0, 0, 2, 0, 1, 1, 0, 0, 2, 1, 1, 2, 2, 0, 2, 2, 2, 1, 2, 1, 1, 2, 0, 1, 1, 2, 1, 2, 0, 1, 1, 1, 1, 0, 0, 1, 0, 1, 1, 0, 0, 1, 1, 1, 2, 0, 1, 2]|[0, 3, 0, 3, 4, 1, 4, 4, 2, 4, 3, 2, 1, 0, 2, 1, 1, 1, 2, 1, 1, 3, 0, 1, 0, 1, 1, 4, 1, 4, 3, 2, 2, 0, 4, 1, 1, 4, 1, 1, 2, 1, 4, 4, 1, 1, 0, 1, 3, 2, 2, 1, 2, 1, 1, 2, 4, 3, 0, 2, 2, 3, 3, 1, 1, 2, 1, 1, 1, 4, 1, 3, 4, 1, 2, 4, 3, 1, 3, 1, 2, 4, 4, 4, 3, 2, 2, 3, 2, 4, 3, 2, 2, 4, 4, 4, 1, 2, 3, 1]|[0, 2, 0, 0, 3, 0, 1, 3, 0, 0, 2, 0, 1, 0, 1, 0, 0, 0, 1, 0, 0, 2, 0, 0, 1, 0, 0, 3, 0, 1, 0, 2, 0, 0, 3, 0, 1, 1, 0, 0, 0, 0, 1, 3, 0, 0, 1, 0, 2, 0, 0, 0, 0, 0, 1, 0, 1, 0, 1, 1, 0, 2, 0, 0, 0, 0, 0, 0, 0, 2, 0, 0, 1, 0, 0, 1, 0, 0, 3, 0, 0, 1, 2, 2, 0, 0, 0, 3, 0, 1, 0, 0, 0, 1, 3, 1, 0, 0, 0, 0],900.0760482104305,49104.85573898611,106612.48357517918,false
45,G3_TWC,G3_TWC,[31, 22, 42, 15, 26, 58, 95, 82, 77, 12, 47, 5, 93, 78, 98, 54, 85, 63, 18, 44, 20, 35, 43, 97, 91, 76, 10, 30, 21, 45, 71, 64, 1, 23, 17, 83, 24, 61, 60, 36, 6, 57, 94, 88, 65, 56, 79, 40, 67, 68, 46, 75, 38, 9, 19, 32, 81, 41, 27, 62, 87, 90, 99, 59, 11, 16, 72, 73, 70, 39, 37, 84, 3, 92, 25, 74, 28, 29, 51, 7, 53, 14, 86, 48, 89, 50, 66, 96, 33, 80, 4, 8, 34, 49, 52, 0, 13, 2, 69, 55]|[1, 1, 0, 1, 1, 1, 2, 1, 2, 1, 2, 2, 2, 1, 1, 0, 0, 1, 0, 2, 2, 0, 1, 2, 0, 1, 2, 2, 0, 0, 1, 2, 1, 2, 1, 0, 2, 0, 1, 1, 0, 1, 1, 1, 0, 2, 1, 1, 0, 0, 0, 0, 1, 1, 2, 1, 2, 0, 0, 0, 2, 1, 0, 1, 2, 1, 2, 1, 1, 1, 1, 1, 2, 0, 1, 2, 0, 0, 0, 1, 0, 1, 0, 0, 1, 0, 0, 0, 2, 0, 0, 1, 2, 0, 1, 0, 0, 0, 1, 1]|[4, 3, 2, 2, 0, 0, 2, 2, 2, 4, 1, 1, 2, 4, 4, 1, 1, 4, 2, 1, 1, 1, 1, 2, 1, 2, 1, 1, 1, 1, 3, 2, 3, 0, 4, 0, 1, 1, 0, 3, 2, 2, 4, 0, 1, 1, 0, 2, 0, 1, 2, 2, 1, 4, 0, 3, 2, 1, 1, 2, 1, 3, 1, 1, 1, 3, 0, 4, 3, 1, 4, 1, 1, 2, 4, 1, 2, 1, 1, 3, 2, 3, 1, 1, 1, 1, 1, 1, 1, 1, 2, 3, 1, 1, 1, 2, 2, 2, 3, 4]|[0, 2, 1, 1, 3, 3, 0, 1, 0, 0, 0, 0, 1, 0, 1, 0, 0, 3, 1, 0, 0, 0, 3, 1, 0, 2, 0, 0, 0, 1, 0, 0, 0, 0, 3, 0, 1, 0, 0, 2, 1, 1, 2, 0, 0, 0, 0, 1, 1, 0, 0, 0, 1, 3, 0, 0, 1, 0, 0, 1, 0, 2, 0, 1, 0, 2, 1, 0, 0, 1, 1, 3, 0, 1, 3, 0, 1, 0, 0, 2, 1, 0, 0, 0, 1, 0, 0, 0, 0, 0, 1, 2, 0, 1, 1, 0, 0, 0, 0, 3],804.6875225521468,57746.82533348298,88068.50778672317,false
45,G1_CMAX,G3_TWC,[31, 22, 42, 15, 26, 58, 95, 82, 77, 12, 47, 5, 93, 78, 98, 54, 85, 63, 18, 44, 20, 35, 43, 97, 91, 76, 10, 30, 21, 45, 71, 64, 1, 23, 17, 83, 24, 14, 60, 36, 6, 57, 94, 88, 65, 56, 79, 40, 67, 68, 46, 75, 38, 9, 19, 32, 81, 41, 27, 62, 87, 90, 99, 59, 11, 16, 72, 73, 70, 39, 37, 84, 3, 92, 25, 55, 28, 29, 51, 7, 33, 61, 86, 48, 89, 50, 66, 96, 53, 80, 4, 8, 34, 49, 52, 0, 13, 2, 69, 74]|[1, 1, 0, 1, 1, 1, 2, 1, 2, 1, 2, 2, 2, 1, 1, 0, 0, 1, 0, 2, 2, 0, 1, 2, 0, 1, 2, 2, 0, 0, 1, 2, 1, 2, 1, 0, 2, 0, 1, 1, 0, 1, 1, 1, 0, 2, 1, 1, 0, 0, 0, 0, 1, 1, 2, 1, 2, 0, 0, 0, 2, 1, 0, 1, 2, 1, 2, 1, 1, 1, 1, 1, 2, 0, 1, 1, 0, 0, 0, 1, 2, 1, 0, 0, 1, 0, 2, 0, 0, 0, 0, 1, 2, 0, 1, 0, 0, 0, 1, 2]|[4, 3, 2, 2, 0, 0, 2, 2, 2, 4, 1, 1, 2, 4, 4, 1, 1, 4, 2, 1, 1, 1, 1, 2, 1, 2, 1, 1, 1, 1, 3, 2, 3, 0, 4, 0, 1, 1, 0, 3, 2, 2, 4, 0, 1, 1, 0, 2, 0, 1, 2, 2, 1, 4, 0, 3, 2, 1, 1, 2, 1, 3, 1, 1, 1, 3, 0, 4, 3, 1, 4, 1, 1, 2, 4, 4, 2, 1, 1, 3, 1, 3, 1, 1, 1, 1, 1, 1, 2, 1, 2, 3, 1, 1, 1, 2, 2, 2, 3, 1]|[0, 2, 1, 1, 3, 3, 0, 1, 0, 0, 0, 0, 1, 0, 1, 0, 0, 3, 1, 0, 0, 0, 3, 1, 0, 2, 0, 0, 0, 1, 0, 0, 0, 0, 3, 0, 1, 0, 0, 2, 1, 1, 2, 0, 0, 0, 0, 1, 1, 0, 0, 0, 1, 3, 0, 0, 1, 0, 0, 1, 0, 2, 0, 1, 0, 2, 1, 0, 0, 1, 1, 3, 0, 1, 3, 3, 1, 0, 0, 2, 0, 0, 0, 0, 1, 0, 0, 0, 1, 0, 1, 2, 0, 1, 1, 0, 0, 0, 0, 0],811.6323480458161,57646.76382543198,88478.02082548058,true
45,G4_BALANCED,G3_TWC,[31, 22, 42, 15, 26, 58, 95, 82, 77, 12, 47, 5, 93, 78, 98, 54, 85, 63, 18, 44, 20, 35, 43, 97, 91, 76, 10, 30, 21, 45, 71, 64, 1, 23, 17, 83, 24, 14, 60, 36, 6, 57, 94, 88, 65, 56, 79, 40, 67, 68, 46, 75, 38, 9, 19, 32, 81, 41, 27, 62, 87, 90, 99, 59, 11, 16, 72, 73, 70, 39, 37, 84, 3, 92, 25, 74, 28, 29, 51, 7, 53, 61, 86, 48, 89, 50, 66, 96, 33, 80, 4, 8, 34, 49, 52, 0, 13, 2, 69, 55]|[1, 1, 0, 1, 1, 1, 2, 1, 2, 1, 2, 2, 2, 1, 1, 0, 0, 1, 0, 2, 2, 0, 1, 2, 0, 1, 2, 2, 0, 0, 1, 2, 1, 2, 1, 0, 2, 0, 1, 1, 0, 1, 1, 1, 0, 2, 1, 1, 0, 0, 0, 0, 1, 1, 2, 1, 2, 0, 0, 0, 2, 1, 0, 1, 2, 1, 2, 1, 1, 1, 1, 1, 2, 0, 1, 2, 0, 0, 0, 1, 0, 1, 0, 0, 1, 0, 0, 0, 2, 0, 0, 1, 2, 0, 1, 0, 0, 0, 1, 1]|[4, 3, 2, 2, 0, 0, 2, 2, 2, 4, 1, 1, 2, 4, 4, 1, 1, 4, 2, 1, 1, 1, 1, 2, 1, 2, 1, 1, 1, 1, 3, 2, 3, 0, 4, 0, 1, 1, 0, 3, 2, 2, 4, 0, 1, 1, 0, 2, 0, 1, 2, 2, 1, 4, 0, 3, 2, 1, 1, 2, 1, 3, 1, 1, 1, 3, 0, 4, 3, 1, 4, 1, 1, 2, 4, 1, 2, 1, 1, 3, 2, 3, 1, 1, 1, 1, 2, 1, 1, 1, 2, 3, 1, 1, 1, 2, 2, 2, 3, 4]|[0, 2, 1, 1, 3, 3, 0, 1, 0, 0, 0, 0, 1, 0, 1, 0, 0, 3, 1, 0, 0, 0, 3, 1, 0, 2, 0, 0, 0, 1, 0, 0, 0, 0, 3, 0, 1, 0, 0, 2, 1, 1, 2, 0, 0, 0, 0, 1, 1, 0, 0, 0, 1, 3, 0, 0, 1, 0, 0, 1, 0, 2, 0, 1, 0, 2, 1, 0, 0, 1, 1, 3, 0, 1, 3, 0, 1, 0, 0, 2, 1, 0, 0, 0, 1, 0, 1, 0, 0, 0, 1, 2, 0, 1, 1, 0, 0, 0, 0, 3],825.9430687661362,57991.159034734665,87839.71683061139,true
45,G2_TEC,G2_TEC,[31, 22, 82, 15, 26, 9, 95, 42, 77, 68, 47, 5, 93, 78, 86, 54, 85, 63, 18, 44, 20, 49, 36, 14, 74, 50, 53, 17, 21, 28, 11, 64, 3, 23, 30, 83, 24, 41, 40, 52, 65, 27, 90, 70, 39, 87, 48, 69, 99, 4, 75, 1, 13, 58, 97, 59, 45, 8, 73, 37, 35, 79, 71, 66, 76, 32, 60, 80, 56, 6, 67, 61, 33, 7, 57, 34, 12, 16, 10, 98, 96, 88, 43, 81, 91, 2, 84, 29, 92, 19, 51, 55, 46, 89, 25, 72, 94, 38, 62, 0]|[2, 1, 2, 1, 1, 2, 1, 1, 1, 1, 1, 0, 2, 2, 1, 2, 0, 0, 0, 2, 2, 1, 0, 2, 0, 2, 2, 1, 0, 1, 1, 1, 0, 0, 1, 0, 2, 1, 2, 2, 0, 0, 1, 1, 0, 2, 0, 2, 1, 0, 0, 2, 0, 0, 2, 0, 1, 1, 0, 0, 2, 1, 1, 2, 2, 0, 2, 2, 2, 1, 2, 1, 1, 2, 0, 1, 1, 2, 1, 2, 0, 1, 1, 1, 1, 0, 0, 1, 0, 1, 1, 0, 0, 1, 1, 1, 2, 0, 1, 2]|[0, 3, 0, 3, 4, 1, 4, 4, 2, 4, 3, 2, 1, 0, 2, 1, 1, 1, 2, 1, 1, 3, 0, 1, 0, 1, 1, 4, 1, 4, 3, 2, 2, 0, 4, 1, 1, 4, 1, 1, 2, 1, 4, 4, 1, 1, 0, 1, 3, 2, 2, 1, 2, 1, 1, 2, 4, 3, 0, 2, 2, 3, 3, 1, 1, 2, 1, 1, 1, 4, 1, 3, 4, 1, 2, 4, 3, 1, 3, 1, 2, 4, 4, 4, 3, 2, 2, 3, 2, 4, 3, 2, 2, 4, 4, 4, 1, 2, 3, 1]|[0, 2, 0, 0, 3, 0, 1, 3, 0, 0, 2, 0, 1, 0, 1, 0, 0, 0, 1, 0, 0, 2, 0, 0, 1, 0, 0, 3, 0, 1, 0, 2, 0, 0, 3, 0, 1, 1, 0, 0, 0, 0, 1, 3, 0, 0, 1, 0, 2, 0, 0, 0, 0, 0, 1, 0, 1, 0, 1, 1, 0, 2, 0, 0, 0, 0, 0, 0, 0, 2, 0, 0, 1, 0, 0, 1, 0, 0, 3, 0, 0, 1, 2, 2, 0, 0, 0, 3, 0, 1, 0, 0, 0, 1, 3, 1, 0, 0, 0, 0],900.0760482104305,49104.85573898611,106612.48357517918,false
45,G3_TWC,G3_TWC,[31, 22, 42, 15, 26, 58, 95, 82, 77, 12, 47, 5, 93, 78, 98, 54, 85, 63, 18, 44, 20, 35, 43, 97, 91, 76, 10, 30, 21, 45, 71, 64, 1, 23, 17, 83, 24, 61, 60, 36, 6, 57, 94, 88, 65, 56, 79, 40, 67, 68, 46, 75, 38, 9, 19, 32, 81, 41, 27, 62, 87, 90, 99, 59, 11, 16, 72, 73, 70, 39, 37, 84, 3, 92, 25, 74, 28, 29, 51, 7, 53, 14, 86, 48, 89, 50, 66, 96, 33, 80, 4, 8, 34, 49, 52, 0, 13, 2, 69, 55]|[1, 1, 0, 1, 1, 1, 2, 1, 2, 1, 2, 2, 2, 1, 1, 0, 0, 1, 0, 2, 2, 0, 1, 2, 0, 1, 2, 2, 0, 0, 1, 2, 1, 2, 1, 0, 2, 0, 1, 1, 0, 1, 1, 1, 0, 2, 1, 1, 0, 0, 0, 0, 1, 1, 2, 1, 2, 0, 0, 0, 2, 1, 0, 1, 2, 1, 2, 1, 1, 1, 1, 1, 2, 0, 1, 2, 0, 0, 0, 1, 0, 1, 0, 0, 1, 0, 0, 0, 2, 0, 0, 1, 2, 0, 1, 0, 0, 0, 1, 1]|[4, 3, 2, 2, 0, 0, 2, 2, 2, 4, 1, 1, 2, 4, 4, 1, 1, 4, 2, 1, 1, 1, 1, 2, 1, 2, 1, 1, 1, 1, 3, 2, 3, 0, 4, 0, 1, 1, 0, 3, 2, 2, 4, 0, 1, 1, 0, 2, 0, 1, 2, 2, 1, 4, 0, 3, 2, 1, 1, 2, 1, 3, 1, 1, 1, 3, 0, 4, 3, 1, 4, 1, 1, 2, 4, 1, 2, 1, 1, 3, 2, 3, 1, 1, 1, 1, 1, 1, 1, 1, 2, 3, 1, 1, 1, 2, 2, 2, 3, 4]|[0, 2, 1, 1, 3, 3, 0, 1, 0, 0, 0, 0, 1, 0, 1, 0, 0, 3, 1, 0, 0, 0, 3, 1, 0, 2, 0, 0, 0, 1, 0, 0, 0, 0, 3, 0, 1, 0, 0, 2, 1, 1, 2, 0, 0, 0, 0, 1, 1, 0, 0, 0, 1, 3, 0, 0, 1, 0, 0, 1, 0, 2, 0, 1, 0, 2, 1, 0, 0, 1, 1, 3, 0, 1, 3, 0, 1, 0, 0, 2, 1, 0, 0, 0, 1, 0, 0, 0, 0, 0, 1, 2, 0, 1, 1, 0, 0, 0, 0, 3],804.6875225521468,57746.82533348298,88068.50778672317,false
45,G1_CMAX,G3_TWC,[31, 22, 82, 15, 26, 58, 95, 42, 77, 12, 47, 5, 93, 78, 98, 54, 85, 63, 18, 44, 20, 35, 43, 97, 91, 76, 10, 30, 21, 45, 71, 64, 1, 23, 17, 83, 24, 14, 60, 36, 6, 57, 94, 88, 65, 56, 79, 40, 67, 68, 46, 75, 39, 9, 19, 32, 81, 41, 27, 62, 87, 90, 99, 59, 28, 16, 72, 73, 70, 38, 37, 84, 3, 92, 25, 55, 11, 29, 51, 7, 33, 61, 86, 48, 89, 50, 69, 96, 53, 80, 4, 8, 34, 49, 52, 0, 13, 2, 66, 74]|[1, 1, 0, 1, 1, 1, 2, 1, 2, 1, 2, 2, 2, 1, 1, 0, 0, 1, 0, 2, 2, 0, 1, 2, 0, 1, 2, 2, 0, 0, 1, 2, 1, 2, 1, 0, 2, 0, 1, 1, 0, 1, 1, 1, 0, 2, 1, 1, 0, 0, 0, 0, 1, 1, 2, 1, 2, 0, 0, 0, 2, 1, 0, 1, 2, 1, 2, 1, 1, 1, 1, 1, 2, 0, 1, 1, 2, 0, 0, 1, 2, 1, 0, 0, 1, 0, 1, 2, 0, 0, 0, 1, 2, 0, 1, 0, 0, 0, 2, 2]|[4, 3, 2, 2, 0, 0, 2, 2, 2, 4, 1, 1, 2, 4, 4, 1, 1, 4, 2, 1, 1, 1, 1, 2, 1, 2, 1, 1, 1, 1, 3, 2, 3, 1, 4, 0, 2, 1, 0, 3, 2, 2, 4, 0, 1, 1, 0, 2, 0, 1, 2, 2, 1, 4, 0, 3, 2, 1, 1, 2, 1, 3, 1, 1, 1, 3, 0, 4, 3, 1, 4, 1, 1, 2, 4, 4, 1, 1, 1, 3, 1, 3, 1, 1, 1, 1, 3, 1, 2, 1, 2, 3, 1, 1, 1, 2, 2, 2, 1, 1]|[0, 2, 1, 1, 3, 3, 0, 1, 0, 0, 0, 0, 1, 0, 1, 0, 0, 3, 1, 0, 0, 0, 3, 1, 0, 2, 0, 0, 0, 1, 0, 0, 0, 0, 3, 0, 1, 0, 0, 2, 1, 1, 2, 0, 0, 0, 0, 1, 1, 0, 0, 0, 1, 3, 0, 0, 1, 0, 0, 1, 0, 2, 0, 1, 0, 2, 1, 0, 0, 1, 1, 3, 0, 1, 3, 3, 0, 0, 0, 2, 0, 0, 0, 0, 1, 0, 0, 0, 1, 0, 1, 2, 0, 1, 1, 0, 0, 0, 0, 0],749.0537933915722,57362.861027606836,89896.62650109964,true
45,G4_BALANCED,G1_CMAX,[22, 82, 3, 58, 95, 42, 77, 47, 5, 93, 78, 12, 86, 54, 50, 63, 18, 44, 20, 35, 43, 97, 91, 76, 10, 30, 21, 45, 71, 64, 36, 23, 17, 83, 24, 14, 60, 1, 6, 40, 57, 90, 65, 56, 79, 94, 67, 68, 46, 75, 38, 9, 19, 32, 81, 41, 27, 62, 16, 55, 59, 89, 88, 87, 31, 72, 73, 70, 39, 37, 84, 92, 25, 11, 48, 15, 29, 51, 7, 33, 61, 98, 28, 99, 26, 85, 66, 96, 53, 80, 4, 8, 34, 49, 52, 2, 13, 0, 69, 74]|[1, 0, 1, 0, 1, 2, 2, 2, 2, 2, 1, 1, 1, 0, 0, 1, 0, 2, 2, 0, 1, 2, 0, 1, 2, 2, 0, 0, 1, 2, 1, 2, 1, 0, 2, 0, 1, 1, 0, 1, 1, 1, 0, 2, 1, 1, 0, 0, 0, 0, 1, 1, 2, 1, 2, 0, 0, 0, 1, 2, 1, 1, 1, 1, 1, 2, 1, 2, 1, 1, 1, 0, 1, 2, 2, 1, 0, 0, 1, 2, 1, 2, 0, 1, 1, 0, 0, 2, 0, 0, 1, 1, 2, 0, 1, 0, 0, 0, 1, 2]|[3, 2, 1, 1, 2, 1, 2, 1, 1, 2, 4, 4, 4, 1, 1, 4, 2, 1, 1, 1, 1, 2, 1, 2, 1, 1, 2, 1, 3, 2, 3, 1, 4, 1, 1, 1, 0, 3, 2, 2, 2, 3, 1, 1, 0, 4, 0, 1, 2, 2, 1, 4, 0, 3, 2, 1, 1, 2, 3, 1, 1, 1, 0, 3, 0, 0, 3, 0, 1, 4, 1, 0, 4, 1, 1, 4, 1, 1, 1, 1, 3, 1, 2, 1, 0, 2, 1, 1, 2, 1, 4, 3, 1, 1, 1, 2, 2, 2, 4, 1]|[3, 1, 2, 0, 1, 0, 0, 0, 0, 1, 0, 0, 1, 0, 0, 3, 1, 0, 0, 0, 3, 1, 0, 2, 0, 0, 0, 1, 0, 0, 2, 0, 3, 0, 1, 0, 0, 0, 1, 1, 1, 2, 0, 0, 0, 2, 1, 0, 0, 0, 1, 3, 0, 0, 1, 0, 0, 1, 2, 0, 1, 1, 0, 2, 0, 1, 0, 1, 1, 1, 1, 1, 3, 0, 0, 3, 0, 0, 2, 0, 0, 0, 1, 1, 3, 0, 0, 0, 1, 0, 0, 2, 0, 1, 1, 0, 0, 0, 2, 0],715.7913946700162,58060.95961022334,95287.06515100288,true
45,G2_TEC,G2_TEC,[31, 22, 82, 15, 26, 9, 95, 42, 77, 68, 47, 5, 93, 78, 86, 54, 85, 63, 18, 44, 20, 49, 36, 14, 74, 50, 53, 17, 21, 28, 11, 64, 3, 23, 30, 83, 24, 41, 40, 52, 65, 27, 90, 70, 39, 87, 48, 69, 99, 4, 75, 1, 13, 58, 97, 59, 45, 8, 73, 37, 35, 79, 71, 66, 76, 32, 60, 80, 56, 6, 67, 61, 33, 7, 57, 34, 12, 16, 10, 98, 96, 88, 43, 81, 91, 2, 84, 29, 92, 19, 51, 55, 46, 89, 25, 72, 94, 38, 62, 0]|[2, 1, 2, 1, 1, 2, 1, 1, 1, 1, 1, 0, 2, 2, 1, 2, 0, 0, 0, 2, 2, 1, 0, 2, 0, 2, 2, 1, 0, 1, 1, 1, 0, 0, 1, 0, 2, 1, 2, 2, 0, 0, 1, 1, 0, 2, 0, 2, 1, 0, 0, 2, 0, 0, 2, 0, 1, 1, 0, 0, 2, 1, 1, 2, 2, 0, 2, 2, 2, 1, 2, 1, 1, 2, 0, 1, 1, 2, 1, 2, 0, 1, 1, 1, 1, 0, 0, 1, 0, 1, 1, 0, 0, 1, 1, 1, 2, 0, 1, 2]|[0, 3, 0, 3, 4, 1, 4, 4, 2, 4, 3, 2, 1, 0, 2, 1, 1, 1, 2, 1, 1, 3, 0, 1, 0, 1, 1, 4, 1, 4, 3, 2, 2, 0, 4, 1, 1, 4, 1, 1, 2, 1, 4, 4, 1, 1, 0, 1, 3, 2, 2, 1, 2, 1, 1, 2, 4, 3, 0, 2, 2, 3, 3, 1, 1, 2, 1, 1, 1, 4, 1, 3, 4, 1, 2, 4, 3, 1, 3, 1, 2, 4, 4, 4, 3, 2, 2, 3, 2, 4, 3, 2, 2, 4, 4, 4, 1, 2, 3, 1]|[0, 2, 0, 0, 3, 0, 1, 3, 0, 0, 2, 0, 1, 0, 1, 0, 0, 0, 1, 0, 0, 2, 0, 0, 1, 0, 0, 3, 0, 1, 0, 2, 0, 0, 3, 0, 1, 1, 0, 0, 0, 0, 1, 3, 0, 0, 1, 0, 2, 0, 0, 0, 0, 0, 1, 0, 1, 0, 1, 1, 0, 2, 0, 0, 0, 0, 0, 0, 0, 2, 0, 0, 1, 0, 0, 1, 0, 0, 3, 0, 0, 1, 2, 2, 0, 0, 0, 3, 0, 1, 0, 0, 0, 1, 3, 1, 0, 0, 0, 0],900.0760482104305,49104.85573898611,106612.48357517918,false
45,G3_TWC,G3_TWC,[31, 22, 42, 15, 26, 58, 95, 82, 77, 12, 47, 5, 93, 78, 98, 54, 85, 63, 18, 44, 20, 35, 43, 97, 91, 76, 10, 30, 21, 45, 71, 64, 1, 23, 17, 83, 24, 61, 60, 36, 6, 57, 94, 88, 65, 56, 79, 40, 67, 68, 46, 75, 38, 9, 19, 32, 81, 41, 27, 62, 87, 90, 99, 59, 11, 16, 72, 73, 70, 39, 37, 84, 3, 92, 25, 74, 28, 29, 51, 7, 53, 14, 86, 48, 89, 50, 66, 96, 33, 80, 4, 8, 34, 49, 52, 0, 13, 2, 69, 55]|[1, 1, 0, 1, 1, 1, 2, 1, 2, 1, 2, 2, 2, 1, 1, 0, 0, 1, 0, 2, 2, 0, 1, 2, 0, 1, 2, 2, 0, 0, 1, 2, 1, 2, 1, 0, 2, 0, 1, 1, 0, 1, 1, 1, 0, 2, 1, 1, 0, 0, 0, 0, 1, 1, 2, 1, 2, 0, 0, 0, 2, 1, 0, 1, 2, 1, 2, 1, 1, 1, 1, 1, 2, 0, 1, 2, 0, 0, 0, 1, 0, 1, 0, 0, 1, 0, 0, 0, 2, 0, 0, 1, 2, 0, 1, 0, 0, 0, 1, 1]|[4, 3, 2, 2, 0, 0, 2, 2, 2, 4, 1, 1, 2, 4, 4, 1, 1, 4, 2, 1, 1, 1, 1, 2, 1, 2, 1, 1, 1, 1, 3, 2, 3, 0, 4, 0, 1, 1, 0, 3, 2, 2, 4, 0, 1, 1, 0, 2, 0, 1, 2, 2, 1, 4, 0, 3, 2, 1, 1, 2, 1, 3, 1, 1, 1, 3, 0, 4, 3, 1, 4, 1, 1, 2, 4, 1, 2, 1, 1, 3, 2, 3, 1, 1, 1, 1, 1, 1, 1, 1, 2, 3, 1, 1, 1, 2, 2, 2, 3, 4]|[0, 2, 1, 1, 3, 3, 0, 1, 0, 0, 0, 0, 1, 0, 1, 0, 0, 3, 1, 0, 0, 0, 3, 1, 0, 2, 0, 0, 0, 1, 0, 0, 0, 0, 3, 0, 1, 0, 0, 2, 1, 1, 2, 0, 0, 0, 0, 1, 1, 0, 0, 0, 1, 3, 0, 0, 1, 0, 0, 1, 0, 2, 0, 1, 0, 2, 1, 0, 0, 1, 1, 3, 0, 1, 3, 0, 1, 0, 0, 2, 1, 0, 0, 0, 1, 0, 0, 0, 0, 0, 1, 2, 0, 1, 1, 0, 0, 0, 0, 3],804.6875225521468,57746.82533348298,88068.50778672317,false
45,G1_CMAX,G4_BALANCED,[31, 22, 82, 15, 26, 99, 95, 42, 77, 12, 47, 5, 93, 78, 86, 54, 21, 63, 18, 44, 20, 23, 66, 97, 91, 76, 10, 30, 85, 45, 71, 64, 1, 35, 17, 83, 24, 14, 60, 36, 6, 57, 94, 88, 65, 56, 79, 40, 67, 68, 46, 75, 38, 9, 19, 32, 41, 81, 27, 87, 90, 58, 59, 11, 16, 72, 73, 70, 39, 37, 84, 3, 92, 25, 55, 48, 62, 29, 51, 96, 33, 61, 98, 28, 89, 50, 4, 7, 53, 80, 8, 43, 34, 49, 52, 0, 74, 69, 2, 13]|[2, 1, 0, 1, 1, 0, 1, 1, 2, 1, 2, 2, 2, 1, 1, 0, 0, 1, 0, 2, 2, 0, 2, 2, 0, 1, 2, 2, 0, 0, 1, 2, 1, 2, 1, 0, 2, 0, 1, 1, 0, 1, 1, 1, 0, 2, 1, 1, 0, 0, 0, 0, 1, 1, 2, 1, 0, 2, 0, 2, 1, 0, 1, 2, 1, 2, 1, 1, 1, 1, 1, 1, 0, 1, 2, 0, 0, 0, 0, 2, 2, 1, 2, 0, 1, 0, 1, 2, 0, 0, 1, 1, 2, 0, 1, 0, 2, 1, 0, 0]|[1, 3, 2, 2, 4, 1, 2, 3, 2, 4, 1, 1, 2, 4, 4, 1, 1, 4, 2, 1, 1, 1, 1, 2, 1, 2, 1, 1, 2, 1, 3, 2, 3, 1, 4, 0, 1, 1, 0, 3, 2, 2, 4, 0, 1, 1, 0, 2, 0, 1, 2, 2, 1, 4, 0, 3, 1, 1, 1, 1, 3, 1, 1, 1, 3, 0, 4, 3, 1, 4, 1, 1, 0, 4, 1, 1, 2, 1, 1, 1, 1, 3, 1, 2, 1, 1, 4, 1, 2, 1, 3, 1, 1, 1, 1, 2, 1, 4, 2, 2]|[0, 2, 1, 1, 3, 0, 1, 3, 0, 0, 0, 0, 1, 0, 1, 0, 0, 3, 1, 0, 0, 0, 0, 1, 0, 2, 0, 0, 0, 1, 0, 0, 0, 0, 3, 0, 1, 0, 0, 2, 1, 1, 2, 0, 0, 0, 0, 1, 1, 0, 0, 0, 1, 3, 0, 0, 0, 0, 0, 0, 2, 0, 1, 0, 2, 1, 0, 0, 1, 1, 3, 1, 1, 3, 0, 0, 1, 0, 0, 0, 0, 0, 0, 1, 1, 0, 0, 0, 1, 0, 2, 3, 0, 1, 1, 0, 0, 2, 0, 0],747.0447039953423,55884.40275560545,91815.55647472355,true
45,G4_BALANCED,G1_CMAX,[22, 82, 3, 58, 95, 42, 77, 47, 5, 93, 78, 12, 86, 54, 50, 63, 18, 44, 20, 35, 43, 97, 91, 76, 10, 30, 21, 45, 71, 64, 36, 23, 17, 83, 24, 14, 60, 1, 6, 40, 57, 90, 65, 56, 79, 94, 67, 68, 46, 75, 38, 9, 19, 32, 81, 41, 27, 62, 16, 55, 59, 89, 88, 87, 31, 72, 73, 70, 39, 37, 84, 92, 25, 11, 48, 15, 29, 51, 7, 33, 61, 98, 28, 99, 26, 85, 66, 96, 53, 80, 4, 8, 34, 49, 52, 2, 13, 0, 69, 74]|[1, 0, 1, 0, 1, 2, 2, 2, 2, 2, 1, 1, 1, 0, 0, 1, 0, 2, 2, 0, 1, 2, 0, 1, 2, 2, 0, 0, 1, 2, 1, 2, 1, 0, 2, 0, 1, 1, 0, 1, 1, 1, 0, 2, 1, 1, 0, 0, 0, 0, 1, 1, 2, 1, 2, 0, 0, 0, 1, 2, 1, 1, 1, 1, 1, 2, 1, 2, 1, 1, 1, 0, 1, 2, 2, 1, 0, 0, 1, 2, 1, 2, 0, 1, 1, 0, 0, 2, 0, 0, 1, 1, 2, 0, 1, 0, 0, 0, 1, 2]|[3, 2, 1, 1, 2, 1, 2, 1, 1, 2, 4, 4, 4, 1, 1, 4, 2, 1, 1, 1, 1, 2, 1, 2, 1, 1, 2, 1, 3, 2, 3, 1, 4, 1, 1, 1, 0, 3, 2, 2, 2, 3, 1, 1, 0, 4, 0, 1, 2, 2, 1, 4, 0, 3, 2, 1, 1, 2, 3, 1, 1, 1, 0, 3, 0, 0, 3, 0, 1, 4, 1, 0, 4, 1, 1, 4, 1, 1, 1, 1, 3, 1, 2, 1, 0, 2, 1, 1, 2, 1, 4, 3, 1, 1, 1, 2, 2, 2, 4, 1]|[3, 1, 2, 0, 1, 0, 0, 0, 0, 1, 0, 0, 1, 0, 0, 3, 1, 0, 0, 0, 3, 1, 0, 2, 0, 0, 0, 1, 0, 0, 2, 0, 3, 0, 1, 0, 0, 0, 1, 1, 1, 2, 0, 0, 0, 2, 1, 0, 0, 0, 1, 3, 0, 0, 1, 0, 0, 1, 2, 0, 1, 1, 0, 2, 0, 1, 0, 1, 1, 1, 1, 1, 3, 0, 0, 3, 0, 0, 2, 0, 0, 0, 1, 1, 3, 0, 0, 0, 1, 0, 0, 2, 0, 1, 1, 0, 0, 0, 2, 0],715.7913946700162,58060.95961022334,95287.06515100288,true
45,G2_TEC,G2_TEC,[31, 22, 82, 15, 26, 9, 95, 42, 77, 68, 47, 5, 93, 78, 86, 54, 85, 63, 18, 44, 20, 49, 36, 14, 74, 50, 53, 17, 21, 28, 11, 64, 3, 23, 30, 83, 24, 41, 40, 52, 65, 27, 90, 70, 39, 87, 48, 69, 99, 4, 75, 1, 13, 58, 97, 59, 45, 8, 73, 37, 35, 79, 71, 66, 76, 32, 60, 80, 56, 6, 67, 61, 33, 7, 57, 34, 12, 16, 10, 98, 96, 88, 43, 81, 91, 2, 84, 29, 92, 19, 51, 55, 46, 89, 25, 72, 94, 38, 62, 0]|[2, 1, 2, 1, 1, 2, 1, 1, 1, 1, 1, 0, 2, 2, 1, 2, 0, 0, 0, 2, 2, 1, 0, 2, 0, 2, 2, 1, 0, 1, 1, 1, 0, 0, 1, 0, 2, 1, 2, 2, 0, 0, 1, 1, 0, 2, 0, 2, 1, 0, 0, 2, 0, 0, 2, 0, 1, 1, 0, 0, 2, 1, 1, 2, 2, 0, 2, 2, 2, 1, 2, 1, 1, 2, 0, 1, 1, 2, 1, 2, 0, 1, 1, 1, 1, 0, 0, 1, 0, 1, 1, 0, 0, 1, 1, 1, 2, 0, 1, 2]|[0, 3, 0, 3, 4, 1, 4, 4, 2, 4, 3, 2, 1, 0, 2, 1, 1, 1, 2, 1, 1, 3, 0, 1, 0, 1, 1, 4, 1, 4, 3, 2, 2, 0, 4, 1, 1, 4, 1, 1, 2, 1, 4, 4, 1, 1, 0, 1, 3, 2, 2, 1, 2, 1, 1, 2, 4, 3, 0, 2, 2, 3, 3, 1, 1, 2, 1, 1, 1, 4, 1, 3, 4, 1, 2, 4, 3, 1, 3, 1, 2, 4, 4, 4, 3, 2, 2, 3, 2, 4, 3, 2, 2, 4, 4, 4, 1, 2, 3, 1]|[0, 2, 0, 0, 3, 0, 1, 3, 0, 0, 2, 0, 1, 0, 1, 0, 0, 0, 1, 0, 0, 2, 0, 0, 1, 0, 0, 3, 0, 1, 0, 2, 0, 0, 3, 0, 1, 1, 0, 0, 0, 0, 1, 3, 0, 0, 1, 0, 2, 0, 0, 0, 0, 0, 1, 0, 1, 0, 1, 1, 0, 2, 0, 0, 0, 0, 0, 0, 0, 2, 0, 0, 1, 0, 0, 1, 0, 0, 3, 0, 0, 1, 2, 2, 0, 0, 0, 3, 0, 1, 0, 0, 0, 1, 3, 1, 0, 0, 0, 0],900.0760482104305,49104.85573898611,106612.48357517918,false
45,G3_TWC,G3_TWC,[31, 22, 42, 15, 26, 58, 95, 82, 77, 12, 47, 5, 93, 78, 98, 54, 85, 63, 18, 44, 20, 35, 43, 97, 91, 76, 10, 30, 21, 45, 71, 64, 1, 23, 17, 83, 24, 61, 60, 36, 6, 57, 94, 88, 65, 56, 79, 40, 67, 68, 46, 75, 38, 9, 19, 32, 81, 41, 27, 62, 87, 90, 99, 59, 11, 16, 72, 73, 70, 39, 37, 84, 3, 92, 25, 74, 28, 29, 51, 7, 53, 14, 86, 48, 89, 50, 66, 96, 33, 80, 4, 8, 34, 49, 52, 0, 13, 2, 69, 55]|[1, 1, 0, 1, 1, 1, 2, 1, 2, 1, 2, 2, 2, 1, 1, 0, 0, 1, 0, 2, 2, 0, 1, 2, 0, 1, 2, 2, 0, 0, 1, 2, 1, 2, 1, 0, 2, 0, 1, 1, 0, 1, 1, 1, 0, 2, 1, 1, 0, 0, 0, 0, 1, 1, 2, 1, 2, 0, 0, 0, 2, 1, 0, 1, 2, 1, 2, 1, 1, 1, 1, 1, 2, 0, 1, 2, 0, 0, 0, 1, 0, 1, 0, 0, 1, 0, 0, 0, 2, 0, 0, 1, 2, 0, 1, 0, 0, 0, 1, 1]|[4, 3, 2, 2, 0, 0, 2, 2, 2, 4, 1, 1, 2, 4, 4, 1, 1, 4, 2, 1, 1, 1, 1, 2, 1, 2, 1, 1, 1, 1, 3, 2, 3, 0, 4, 0, 1, 1, 0, 3, 2, 2, 4, 0, 1, 1, 0, 2, 0, 1, 2, 2, 1, 4, 0, 3, 2, 1, 1, 2, 1, 3, 1, 1, 1, 3, 0, 4, 3, 1, 4, 1, 1, 2, 4, 1, 2, 1, 1, 3, 2, 3, 1, 1, 1, 1, 1, 1, 1, 1, 2, 3, 1, 1, 1, 2, 2, 2, 3, 4]|[0, 2, 1, 1, 3, 3, 0, 1, 0, 0, 0, 0, 1, 0, 1, 0, 0, 3, 1, 0, 0, 0, 3, 1, 0, 2, 0, 0, 0, 1, 0, 0, 0, 0, 3, 0, 1, 0, 0, 2, 1, 1, 2, 0, 0, 0, 0, 1, 1, 0, 0, 0, 1, 3, 0, 0, 1, 0, 0, 1, 0, 2, 0, 1, 0, 2, 1, 0, 0, 1, 1, 3, 0, 1, 3, 0, 1, 0, 0, 2, 1, 0, 0, 0, 1, 0, 0, 0, 0, 0, 1, 2, 0, 1, 1, 0, 0, 0, 0, 3],804.6875225521468,57746.82533348298,88068.50778672317,false
45,G1_CMAX,G1_CMAX,[31, 22, 82, 15, 26, 99, 95, 42, 77, 12, 47, 5, 93, 78, 86, 54, 21, 63, 18, 44, 20, 35, 43, 97, 91, 76, 10, 30, 85, 45, 71, 64, 24, 23, 17, 83, 1, 14, 60, 36, 6, 57, 40, 88, 65, 56, 79, 94, 67, 68, 46, 75, 38, 9, 19, 32, 41, 81, 27, 87, 90, 58, 59, 11, 16, 72, 73, 70, 39, 37, 84, 3, 92, 25, 55, 48, 74, 29, 51, 7, 33, 61, 98, 28, 89, 50, 4, 96, 53, 80, 8, 66, 34, 49, 52, 0, 62, 69, 2, 13]|[1, 1, 0, 1, 1, 0, 1, 1, 2, 1, 2, 2, 2, 1, 1, 0, 0, 1, 0, 2, 2, 0, 1, 2, 0, 1, 2, 2, 0, 0, 1, 2, 2, 2, 1, 0, 1, 0, 1, 1, 0, 1, 1, 1, 0, 2, 1, 1, 0, 0, 0, 0, 1, 1, 2, 1, 0, 2, 0, 2, 1, 0, 1, 2, 1, 2, 1, 1, 1, 1, 1, 1, 0, 1, 2, 0, 2, 0, 0, 2, 2, 1, 2, 0, 1, 0, 1, 2, 0, 0, 1, 2, 2, 0, 1, 0, 1, 1, 0, 0]|[0, 3, 2, 2, 4, 1, 2, 3, 2, 4, 1, 1, 2, 4, 4, 1, 1, 4, 2, 1, 1, 1, 1, 2, 1, 2, 1, 1, 2, 1, 3, 2, 1, 1, 4, 0, 3, 1, 0, 3, 2, 2, 2, 0, 1, 1, 0, 4, 0, 1, 2, 2, 1, 4, 0, 3, 1, 1, 1, 1, 3, 1, 1, 1, 3, 0, 4, 3, 1, 4, 1, 1, 0, 4, 1, 1, 1, 1, 1, 1, 1, 3, 1, 2, 1, 1, 4, 1, 2, 1, 3, 1, 1, 1, 1, 2, 1, 4, 2, 2]|[0, 2, 1, 1, 3, 0, 1, 3, 0, 0, 0, 0, 1, 0, 1, 0, 0, 3, 1, 0, 0, 0, 3, 1, 0, 2, 0, 0, 0, 1, 0, 0, 1, 0, 3, 0, 0, 0, 0, 2, 1, 1, 1, 0, 0, 0, 0, 2, 1, 0, 0, 0, 1, 3, 0, 0, 0, 0, 0, 0, 2, 0, 1, 0, 2, 1, 0, 0, 1, 1, 3, 1, 1, 3, 0, 0, 0, 0, 0, 0, 0, 0, 0, 1, 1, 0, 0, 0, 1, 0, 2, 0, 0, 1, 1, 0, 1, 2, 0, 0],730.1276596856602,56951.8906212111,93397.77666216217,false
45,G4_BALANCED,G1_CMAX,[22, 82, 3, 58, 95, 42, 77, 47, 5, 93, 78, 12, 86, 54, 50, 63, 18, 44, 20, 35, 43, 97, 91, 76, 10, 30, 21, 45, 71, 64, 36, 23, 17, 83, 24, 14, 60, 1, 6, 40, 57, 90, 65, 56, 79, 94, 67, 68, 46, 75, 38, 9, 19, 32, 81, 41, 27, 62, 16, 55, 59, 89, 88, 87, 31, 72, 73, 70, 39, 37, 84, 92, 25, 11, 48, 15, 29, 51, 7, 33, 61, 98, 28, 99, 26, 85, 66, 96, 53, 80, 4, 8, 34, 49, 52, 2, 13, 0, 69, 74]|[1, 0, 1, 0, 1, 2, 2, 2, 2, 2, 1, 1, 1, 0, 0, 1, 0, 2, 2, 0, 1, 2, 0, 1, 2, 2, 0, 0, 1, 2, 1, 2, 1, 0, 2, 0, 1, 1, 0, 1, 1, 1, 0, 2, 1, 1, 0, 0, 0, 0, 1, 1, 2, 1, 2, 0, 0, 0, 1, 2, 1, 1, 1, 1, 1, 2, 1, 2, 1, 1, 1, 0, 1, 2, 2, 1, 0, 0, 1, 2, 1, 2, 0, 1, 1, 0, 0, 2, 0, 0, 1, 1, 2, 0, 1, 0, 0, 0, 1, 2]|[3, 2, 1, 1, 2, 1, 2, 1, 1, 2, 4, 4, 4, 1, 1, 4, 2, 1, 1, 1, 1, 2, 1, 2, 1, 1, 2, 1, 3, 2, 3, 1, 4, 1, 1, 1, 0, 3, 2, 2, 2, 3, 1, 1, 0, 4, 0, 1, 2, 2, 1, 4, 0, 3, 2, 1, 1, 2, 3, 1, 1, 1, 0, 3, 0, 0, 3, 0, 1, 4, 1, 0, 4, 1, 1, 4, 1, 1, 1, 1, 3, 1, 2, 1, 0, 2, 1, 1, 2, 1, 4, 3, 1, 1, 1, 2, 2, 2, 4, 1]|[3, 1, 2, 0, 1, 0, 0, 0, 0, 1, 0, 0, 1, 0, 0, 3, 1, 0, 0, 0, 3, 1, 0, 2, 0, 0, 0, 1, 0, 0, 2, 0, 3, 0, 1, 0, 0, 0, 1, 1, 1, 2, 0, 0, 0, 2, 1, 0, 0, 0, 1, 3, 0, 0, 1, 0, 0, 1, 2, 0, 1, 1, 0, 2, 0, 1, 0, 1, 1, 1, 1, 1, 3, 0, 0, 3, 0, 0, 2, 0, 0, 0, 1, 1, 3, 0, 0, 0, 1, 0, 0, 2, 0, 1, 1, 0, 0, 0, 2, 0],715.7913946700162,58060.95961022334,95287.06515100288,true
45,G2_TEC,G2_TEC,[31, 22, 82, 15, 26, 9, 95, 42, 77, 68, 47, 5, 93, 78, 86, 54, 85, 63, 18, 44, 20, 49, 36, 14, 74, 50, 53, 17, 21, 28, 11, 64, 3, 23, 30, 83, 24, 41, 40, 52, 65, 27, 90, 70, 39, 87, 48, 69, 99, 4, 75, 1, 13, 58, 97, 59, 45, 8, 73, 37, 35, 79, 71, 66, 76, 32, 60, 80, 56, 6, 67, 61, 33, 7, 57, 34, 12, 16, 10, 98, 96, 88, 43, 81, 91, 2, 84, 29, 92, 19, 51, 55, 46, 89, 25, 72, 94, 38, 62, 0]|[2, 1, 2, 1, 1, 2, 1, 1, 1, 1, 1, 0, 2, 2, 1, 2, 0, 0, 0, 2, 2, 1, 0, 2, 0, 2, 2, 1, 0, 1, 1, 1, 0, 0, 1, 0, 2, 1, 2, 2, 0, 0, 1, 1, 0, 2, 0, 2, 1, 0, 0, 2, 0, 0, 2, 0, 1, 1, 0, 0, 2, 1, 1, 2, 2, 0, 2, 2, 2, 1, 2, 1, 1, 2, 0, 1, 1, 2, 1, 2, 0, 1, 1, 1, 1, 0, 0, 1, 0, 1, 1, 0, 0, 1, 1, 1, 2, 0, 1, 2]|[0, 3, 0, 3, 4, 1, 4, 4, 2, 4, 3, 2, 1, 0, 2, 1, 1, 1, 2, 1, 1, 3, 0, 1, 0, 1, 1, 4, 1, 4, 3, 2, 2, 0, 4, 1, 1, 4, 1, 1, 2, 1, 4, 4, 1, 1, 0, 1, 3, 2, 2, 1, 2, 1, 1, 2, 4, 3, 0, 2, 2, 3, 3, 1, 1, 2, 1, 1, 1, 4, 1, 3, 4, 1, 2, 4, 3, 1, 3, 1, 2, 4, 4, 4, 3, 2, 2, 3, 2, 4, 3, 2, 2, 4, 4, 4, 1, 2, 3, 1]|[0, 2, 0, 0, 3, 0, 1, 3, 0, 0, 2, 0, 1, 0, 1, 0, 0, 0, 1, 0, 0, 2, 0, 0, 1, 0, 0, 3, 0, 1, 0, 2, 0, 0, 3, 0, 1, 1, 0, 0, 0, 0, 1, 3, 0, 0, 1, 0, 2, 0, 0, 0, 0, 0, 1, 0, 1, 0, 1, 1, 0, 2, 0, 0, 0, 0, 0, 0, 0, 2, 0, 0, 1, 0, 0, 1, 0, 0, 3, 0, 0, 1, 2, 2, 0, 0, 0, 3, 0, 1, 0, 0, 0, 1, 3, 1, 0, 0, 0, 0],900.0760482104305,49104.85573898611,106612.48357517918,false
45,G3_TWC,G3_TWC,[31, 22, 42, 15, 26, 58, 95, 82, 77, 12, 47, 5, 93, 78, 98, 54, 85, 63, 18, 44, 20, 35, 43, 97, 91, 76, 10, 30, 21, 45, 71, 64, 1, 23, 17, 83, 24, 61, 60, 36, 6, 57, 94, 88, 65, 56, 79, 40, 67, 68, 46, 75, 38, 9, 19, 32, 81, 41, 27, 62, 87, 90, 99, 59, 11, 16, 72, 73, 70, 39, 37, 84, 3, 92, 25, 74, 28, 29, 51, 7, 53, 14, 86, 48, 89, 50, 66, 96, 33, 80, 4, 8, 34, 49, 52, 0, 13, 2, 69, 55]|[1, 1, 0, 1, 1, 1, 2, 1, 2, 1, 2, 2, 2, 1, 1, 0, 0, 1, 0, 2, 2, 0, 1, 2, 0, 1, 2, 2, 0, 0, 1, 2, 1, 2, 1, 0, 2, 0, 1, 1, 0, 1, 1, 1, 0, 2, 1, 1, 0, 0, 0, 0, 1, 1, 2, 1, 2, 0, 0, 0, 2, 1, 0, 1, 2, 1, 2, 1, 1, 1, 1, 1, 2, 0, 1, 2, 0, 0, 0, 1, 0, 1, 0, 0, 1, 0, 0, 0, 2, 0, 0, 1, 2, 0, 1, 0, 0, 0, 1, 1]|[4, 3, 2, 2, 0, 0, 2, 2, 2, 4, 1, 1, 2, 4, 4, 1, 1, 4, 2, 1, 1, 1, 1, 2, 1, 2, 1, 1, 1, 1, 3, 2, 3, 0, 4, 0, 1, 1, 0, 3, 2, 2, 4, 0, 1, 1, 0, 2, 0, 1, 2, 2, 1, 4, 0, 3, 2, 1, 1, 2, 1, 3, 1, 1, 1, 3, 0, 4, 3, 1, 4, 1, 1, 2, 4, 1, 2, 1, 1, 3, 2, 3, 1, 1, 1, 1, 1, 1, 1, 1, 2, 3, 1, 1, 1, 2, 2, 2, 3, 4]|[0, 2, 1, 1, 3, 3, 0, 1, 0, 0, 0, 0, 1, 0, 1, 0, 0, 3, 1, 0, 0, 0, 3, 1, 0, 2, 0, 0, 0, 1, 0, 0, 0, 0, 3, 0, 1, 0, 0, 2, 1, 1, 2, 0, 0, 0, 0, 1, 1, 0, 0, 0, 1, 3, 0, 0, 1, 0, 0, 1, 0, 2, 0, 1, 0, 2, 1, 0, 0, 1, 1, 3, 0, 1, 3, 0, 1, 0, 0, 2, 1, 0, 0, 0, 1, 0, 0, 0, 0, 0, 1, 2, 0, 1, 1, 0, 0, 0, 0, 3],804.6875225521468,57746.82533348298,88068.50778672317,false
45,G1_CMAX,G1_CMAX,[31, 22, 82, 15, 26, 99, 95, 42, 77, 12, 47, 5, 93, 78, 86, 54, 21, 63, 18, 44, 20, 23, 43, 97, 91, 76, 10, 30, 85, 45, 71, 64, 1, 35, 17, 83, 24, 14, 60, 36, 6, 57, 40, 88, 65, 56, 79, 94, 67, 68, 46, 75, 38, 9, 19, 32, 41, 81, 27, 87, 90, 58, 59, 11, 16, 72, 62, 73, 70, 39, 37, 3, 84, 92, 25, 55, 28, 29, 51, 7, 33, 61, 98, 48, 89, 50, 4, 96, 53, 8, 66, 80, 34, 49, 52, 0, 13, 2, 69, 74]|[2, 1, 0, 1, 1, 0, 1, 1, 2, 1, 2, 2, 2, 1, 1, 0, 0, 1, 0, 2, 2, 2, 1, 2, 0, 1, 2, 2, 0, 0, 1, 2, 1, 2, 1, 0, 2, 0, 1, 1, 0, 1, 1, 1, 0, 2, 1, 1, 0, 0, 0, 0, 1, 1, 2, 1, 0, 0, 0, 2, 2, 0, 0, 2, 1, 2, 0, 1, 1, 1, 1, 1, 1, 0, 1, 2, 0, 0, 0, 2, 2, 1, 2, 2, 1, 0, 1, 2, 0, 1, 2, 0, 2, 0, 1, 0, 0, 0, 1, 2]|[1, 3, 2, 2, 4, 1, 2, 3, 2, 4, 1, 1, 2, 4, 4, 1, 2, 4, 2, 1, 1, 1, 1, 2, 1, 2, 1, 1, 2, 1, 3, 2, 3, 1, 4, 0, 1, 1, 0, 3, 2, 2, 2, 0, 1, 1, 0, 4, 0, 1, 2, 2, 1, 4, 0, 3, 1, 1, 1, 1, 1, 1, 1, 1, 3, 0, 2, 4, 3, 1, 4, 1, 1, 0, 4, 1, 2, 1, 1, 1, 1, 3, 1, 1, 1, 1, 4, 1, 2, 3, 1, 1, 1, 2, 1, 2, 2, 2, 4, 1]|[0, 2, 1, 1, 3, 0, 1, 3, 0, 0, 0, 0, 1, 0, 1, 0, 0, 3, 1, 0, 0, 0, 3, 1, 0, 2, 0, 0, 0, 1, 0, 0, 0, 0, 3, 0, 1, 0, 0, 2, 1, 1, 1, 0, 0, 0, 0, 2, 1, 0, 0, 0, 1, 3, 0, 0, 0, 0, 0, 0, 0, 0, 0, 0, 2, 1, 1, 0, 0, 1, 1, 1, 1, 1, 3, 0, 1, 0, 0, 0, 0, 0, 0, 0, 1, 0, 0, 0, 1, 2, 0, 0, 0, 0, 1, 0, 0, 0, 2, 0],811.6540031505751,55123.40931294359,98578.48577446175,false
45,G4_BALANCED,G4_BALANCED,[31, 11, 82, 15, 26, 9, 95, 42, 77, 68, 47, 5, 93, 78, 86, 54, 85, 63, 76, 44, 20, 49, 36, 14, 74, 50, 53, 17, 21, 45, 71, 64, 3, 23, 30, 83, 24, 41, 60, 52, 65, 27, 90, 70, 39, 87, 48, 69, 99, 4, 46, 1, 13, 58, 97, 59, 28, 75, 73, 37, 35, 79, 22, 66, 18, 32, 40, 80, 96, 6, 56, 61, 33, 7, 57, 34, 12, 67, 10, 98, 16, 88, 29, 8, 91, 38, 19, 92, 72, 84, 51, 43, 81, 25, 2, 55, 0, 94, 89, 62]|[2, 1, 2, 1, 1, 2, 1, 1, 1, 1, 1, 0, 2, 2, 1, 2, 0, 0, 0, 2, 2, 1, 0, 2, 0, 2, 2, 1, 0, 1, 1, 1, 0, 0, 1, 0, 2, 1, 2, 2, 0, 0, 1, 1, 0, 2, 0, 2, 1, 0, 0, 2, 0, 0, 2, 0, 1, 0, 0, 0, 2, 1, 0, 2, 2, 0, 2, 2, 0, 1, 2, 1, 1, 2, 0, 1, 1, 1, 1, 2, 2, 1, 1, 1, 1, 0, 1, 0, 1, 0, 1, 1, 1, 1, 2, 0, 0, 2, 1, 1]|[0, 3, 0, 2, 4, 1, 4, 4, 2, 4, 3, 2, 1, 0, 2, 1, 1, 1, 2, 1, 1, 3, 0, 1, 0, 1, 1, 4, 1, 4, 3, 2, 2, 0, 4, 1, 1, 4, 0, 1, 2, 1, 4, 4, 1, 1, 0, 2, 3, 1, 2, 1, 2, 1, 1, 2, 4, 2, 0, 2, 2, 3, 1, 0, 1, 2, 0, 1, 2, 4, 1, 3, 4, 1, 2, 4, 3, 3, 3, 1, 1, 4, 3, 3, 3, 2, 4, 2, 4, 2, 3, 4, 1, 4, 1, 2, 2, 1, 4, 3]|[0, 2, 0, 1, 3, 0, 1, 3, 0, 0, 2, 0, 1, 0, 1, 0, 0, 0, 1, 0, 0, 2, 0, 0, 1, 0, 0, 3, 0, 1, 0, 2, 0, 1, 3, 0, 1, 3, 1, 0, 0, 0, 1, 3, 0, 0, 1, 0, 2, 0, 0, 0, 0, 0, 1, 0, 1, 0, 1, 1, 0, 2, 0, 0, 0, 0, 0, 0, 0, 2, 0, 0, 1, 0, 0, 1, 0, 0, 3, 0, 0, 1, 0, 0, 0, 0, 3, 0, 2, 0, 0, 2, 1, 3, 0, 0, 0, 0, 1, 0],839.7308016558047,52103.26715956506,108081.52425448055,false
45,G2_TEC,G2_TEC,[31, 22, 82, 15, 26, 9, 95, 42, 77, 68, 47, 5, 93, 78, 86, 54, 85, 63, 18, 44, 20, 49, 36, 14, 74, 50, 53, 17, 21, 28, 11, 64, 3, 23, 30, 83, 24, 41, 40, 52, 65, 27, 90, 70, 39, 87, 48, 69, 99, 4, 75, 1, 13, 58, 97, 59, 45, 8, 73, 37, 35, 79, 71, 66, 76, 32, 60, 80, 56, 6, 67, 61, 33, 7, 57, 34, 12, 16, 10, 98, 96, 88, 43, 81, 91, 2, 84, 29, 92, 19, 51, 55, 46, 89, 25, 72, 94, 38, 62, 0]|[2, 1, 2, 1, 1, 2, 1, 1, 1, 1, 1, 0, 2, 2, 1, 2, 0, 0, 0, 2, 2, 1, 0, 2, 0, 2, 2, 1, 0, 1, 1, 1, 0, 0, 1, 0, 2, 1, 2, 2, 0, 0, 1, 1, 0, 2, 0, 2, 1, 0, 0, 2, 0, 0, 2, 0, 1, 1, 0, 0, 2, 1, 1, 2, 2, 0, 2, 2, 2, 1, 2, 1, 1, 2, 0, 1, 1, 2, 1, 2, 0, 1, 1, 1, 1, 0, 0, 1, 0, 1, 1, 0, 0, 1, 1, 1, 2, 0, 1, 2]|[0, 3, 0, 3, 4, 1, 4, 4, 2, 4, 3, 2, 1, 0, 2, 1, 1, 1, 2, 1, 1, 3, 0, 1, 0, 1, 1, 4, 1, 4, 3, 2, 2, 0, 4, 1, 1, 4, 1, 1, 2, 1, 4, 4, 1, 1, 0, 1, 3, 2, 2, 1, 2, 1, 1, 2, 4, 3, 0, 2, 2, 3, 3, 1, 1, 2, 1, 1, 1, 4, 1, 3, 4, 1, 2, 4, 3, 1, 3, 1, 2, 4, 4, 4, 3, 2, 2, 3, 2, 4, 3, 2, 2, 4, 4, 4, 1, 2, 3, 1]|[0, 2, 0, 0, 3, 0, 1, 3, 0, 0, 2, 0, 1, 0, 1, 0, 0, 0, 1, 0, 0, 2, 0, 0, 1, 0, 0, 3, 0, 1, 0, 2, 0, 0, 3, 0, 1, 1, 0, 0, 0, 0, 1, 3, 0, 0, 1, 0, 2, 0, 0, 0, 0, 0, 1, 0, 1, 0, 1, 1, 0, 2, 0, 0, 0, 0, 0, 0, 0, 2, 0, 0, 1, 0, 0, 1, 0, 0, 3, 0, 0, 1, 2, 2, 0, 0, 0, 3, 0, 1, 0, 0, 0, 1, 3, 1, 0, 0, 0, 0],900.0760482104305,49104.85573898611,106612.48357517918,false
45,G3_TWC,G3_TWC,[31, 22, 42, 15, 26, 58, 95, 82, 77, 12, 47, 5, 93, 78, 98, 54, 85, 63, 18, 44, 20, 35, 43, 97, 91, 76, 10, 30, 21, 45, 71, 64, 1, 23, 17, 83, 24, 61, 60, 36, 6, 57, 94, 88, 65, 56, 79, 40, 67, 68, 46, 75, 38, 9, 19, 32, 81, 41, 27, 62, 87, 90, 99, 59, 11, 16, 72, 73, 70, 39, 37, 84, 3, 92, 25, 74, 28, 29, 51, 7, 53, 14, 86, 48, 89, 50, 66, 96, 33, 80, 4, 8, 34, 49, 52, 0, 13, 2, 69, 55]|[1, 1, 0, 1, 1, 1, 2, 1, 2, 1, 2, 2, 2, 1, 1, 0, 0, 1, 0, 2, 2, 0, 1, 2, 0, 1, 2, 2, 0, 0, 1, 2, 1, 2, 1, 0, 2, 0, 1, 1, 0, 1, 1, 1, 0, 2, 1, 1, 0, 0, 0, 0, 1, 1, 2, 1, 2, 0, 0, 0, 2, 1, 0, 1, 2, 1, 2, 1, 1, 1, 1, 1, 2, 0, 1, 2, 0, 0, 0, 1, 0, 1, 0, 0, 1, 0, 0, 0, 2, 0, 0, 1, 2, 0, 1, 0, 0, 0, 1, 1]|[4, 3, 2, 2, 0, 0, 2, 2, 2, 4, 1, 1, 2, 4, 4, 1, 1, 4, 2, 1, 1, 1, 1, 2, 1, 2, 1, 1, 1, 1, 3, 2, 3, 0, 4, 0, 1, 1, 0, 3, 2, 2, 4, 0, 1, 1, 0, 2, 0, 1, 2, 2, 1, 4, 0, 3, 2, 1, 1, 2, 1, 3, 1, 1, 1, 3, 0, 4, 3, 1, 4, 1, 1, 2, 4, 1, 2, 1, 1, 3, 2, 3, 1, 1, 1, 1, 1, 1, 1, 1, 2, 3, 1, 1, 1, 2, 2, 2, 3, 4]|[0, 2, 1, 1, 3, 3, 0, 1, 0, 0, 0, 0, 1, 0, 1, 0, 0, 3, 1, 0, 0, 0, 3, 1, 0, 2, 0, 0, 0, 1, 0, 0, 0, 0, 3, 0, 1, 0, 0, 2, 1, 1, 2, 0, 0, 0, 0, 1, 1, 0, 0, 0, 1, 3, 0, 0, 1, 0, 0, 1, 0, 2, 0, 1, 0, 2, 1, 0, 0, 1, 1, 3, 0, 1, 3, 0, 1, 0, 0, 2, 1, 0, 0, 0, 1, 0, 0, 0, 0, 0, 1, 2, 0, 1, 1, 0, 0, 0, 0, 3],804.6875225521468,57746.82533348298,88068.50778672317,false
45,G1_CMAX,G1_CMAX,[31, 22, 90, 26, 58, 95, 42, 12, 93, 5, 78, 86, 77, 47, 98, 54, 85, 63, 18, 44, 20, 35, 43, 97, 91, 76, 10, 30, 15, 45, 71, 64, 1, 23, 17, 83, 24, 14, 60, 36, 6, 57, 94, 88, 65, 56, 79, 40, 67, 68, 46, 75, 38, 9, 19, 32, 81, 41, 27, 62, 87, 82, 99, 59, 11, 16, 72, 73, 70, 39, 37, 84, 3, 92, 25, 55, 28, 29, 51, 7, 33, 61, 21, 48, 89, 50, 66, 96, 53, 80, 4, 8, 34, 49, 52, 0, 13, 2, 69, 74]|[1, 1, 1, 1, 1, 2, 1, 1, 2, 1, 1, 2, 2, 2, 1, 0, 0, 1, 0, 2, 2, 0, 1, 2, 0, 1, 2, 2, 0, 0, 1, 2, 1, 2, 1, 0, 2, 0, 1, 1, 0, 1, 1, 1, 0, 2, 1, 1, 0, 0, 0, 0, 1, 1, 2, 1, 2, 2, 0, 0, 2, 1, 0, 1, 2, 1, 2, 1, 1, 1, 1, 1, 2, 0, 1, 1, 0, 0, 0, 1, 2, 1, 0, 0, 1, 0, 2, 2, 0, 0, 1, 1, 2, 0, 1, 0, 0, 0, 1, 2]|[4, 3, 3, 2, 0, 2, 2, 4, 2, 4, 4, 1, 2, 1, 4, 1, 2, 4, 2, 1, 1, 1, 1, 2, 1, 2, 1, 1, 1, 1, 3, 2, 3, 0, 4, 0, 1, 1, 0, 3, 2, 2, 4, 0, 1, 1, 0, 2, 0, 1, 2, 2, 1, 4, 0, 3, 2, 1, 1, 2, 1, 3, 1, 1, 1, 3, 0, 4, 3, 1, 4, 1, 1, 2, 4, 4, 2, 1, 1, 3, 1, 3, 1, 1, 1, 1, 1, 1, 2, 1, 4, 3, 1, 1, 1, 2, 2, 2, 3, 1]|[0, 2, 2, 1, 3, 0, 1, 0, 0, 0, 0, 0, 1, 0, 1, 0, 0, 3, 1, 0, 0, 0, 3, 1, 0, 2, 0, 0, 0, 1, 0, 0, 0, 0, 3, 0, 1, 0, 0, 2, 1, 1, 2, 0, 0, 0, 0, 1, 1, 0, 0, 0, 1, 3, 0, 0, 1, 0, 0, 1, 0, 2, 0, 1, 0, 2, 1, 0, 0, 1, 1, 3, 0, 1, 3, 3, 1, 0, 0, 2, 0, 0, 0, 0, 1, 0, 0, 0, 1, 0, 0, 2, 0, 1, 1, 0, 0, 0, 2, 0],725.9082553899324,57283.10150346701,93448.88065470588,false
45,G4_BALANCED,G4_BALANCED,[31, 11, 82, 15, 26, 9, 95, 42, 77, 68, 47, 5, 93, 78, 86, 54, 85, 63, 18, 44, 20, 49, 36, 14, 74, 50, 53, 17, 21, 45, 71, 64, 3, 23, 30, 83, 24, 41, 60, 52, 65, 27, 90, 70, 39, 87, 48, 69, 99, 4, 46, 1, 13, 58, 97, 59, 28, 8, 73, 37, 35, 79, 22, 66, 76, 32, 40, 80, 96, 6, 16, 61, 33, 7, 57, 34, 12, 67, 10, 98, 56, 88, 51, 75, 91, 38, 19, 92, 43, 84, 29, 72, 81, 25, 2, 55, 0, 94, 89, 62]|[2, 1, 2, 1, 1, 2, 1, 1, 1, 1, 1, 0, 2, 2, 1, 2, 0, 0, 0, 2, 2, 1, 0, 2, 0, 2, 2, 1, 0, 1, 1, 1, 0, 0, 1, 0, 2, 1, 2, 2, 0, 0, 1, 1, 0, 2, 0, 2, 1, 0, 0, 2, 0, 0, 2, 0, 1, 1, 0, 0, 2, 1, 0, 2, 2, 0, 2, 2, 0, 1, 2, 1, 1, 2, 0, 1, 1, 1, 1, 2, 2, 1, 1, 0, 1, 0, 1, 0, 1, 0, 1, 1, 1, 1, 2, 0, 0, 2, 1, 1]|[0, 3, 0, 2, 4, 1, 4, 4, 2, 4, 3, 2, 1, 0, 2, 1, 1, 1, 2, 1, 1, 3, 0, 1, 0, 1, 1, 4, 1, 4, 3, 2, 2, 0, 4, 1, 1, 4, 0, 1, 2, 1, 4, 4, 1, 1, 0, 2, 3, 1, 2, 1, 2, 1, 1, 2, 4, 3, 0, 2, 2, 3, 1, 0, 1, 2, 0, 1, 2, 4, 1, 3, 4, 1, 2, 4, 3, 3, 3, 1, 1, 4, 3, 2, 3, 2, 4, 2, 4, 2, 3, 4, 1, 4, 1, 2, 2, 1, 4, 3]|[0, 2, 0, 1, 3, 0, 1, 3, 0, 0, 2, 0, 1, 0, 1, 0, 0, 0, 1, 0, 0, 2, 0, 0, 1, 0, 0, 3, 0, 1, 0, 2, 0, 1, 3, 0, 1, 3, 1, 0, 0, 0, 1, 3, 0, 0, 1, 0, 2, 0, 0, 0, 0, 0, 1, 0, 1, 0, 1, 1, 0, 2, 0, 0, 0, 0, 0, 0, 0, 2, 0, 0, 1, 0, 0, 1, 0, 0, 3, 0, 0, 1, 0, 0, 0, 0, 3, 0, 2, 0, 0, 2, 1, 3, 0, 0, 0, 0, 1, 0],847.5774112780123,52007.329839342645,107494.62989686072,false
45,G2_TEC,G2_TEC,[31, 22, 82, 15, 26, 9, 95, 42, 77, 68, 47, 5, 93, 78, 86, 54, 85, 63, 18, 44, 20, 49, 36, 14, 74, 50, 53, 17, 21, 28, 11, 64, 3, 23, 30, 83, 24, 41, 40, 52, 65, 27, 90, 70, 39, 87, 48, 69, 99, 4, 75, 1, 13, 58, 97, 59, 45, 8, 73, 37, 35, 79, 71, 66, 76, 32, 60, 80, 56, 6, 67, 61, 33, 7, 57, 34, 12, 16, 10, 98, 96, 88, 43, 81, 91, 2, 84, 29, 92, 19, 51, 55, 46, 89, 25, 72, 94, 38, 62, 0]|[2, 1, 2, 1, 1, 2, 1, 1, 1, 1, 1, 0, 2, 2, 1, 2, 0, 0, 0, 2, 2, 1, 0, 2, 0, 2, 2, 1, 0, 1, 1, 1, 0, 0, 1, 0, 2, 1, 2, 2, 0, 0, 1, 1, 0, 2, 0, 2, 1, 0, 0, 2, 0, 0, 2, 0, 1, 1, 0, 0, 2, 1, 1, 2, 2, 0, 2, 2, 2, 1, 2, 1, 1, 2, 0, 1, 1, 2, 1, 2, 0, 1, 1, 1, 1, 0, 0, 1, 0, 1, 1, 0, 0, 1, 1, 1, 2, 0, 1, 2]|[0, 3, 0, 3, 4, 1, 4, 4, 2, 4, 3, 2, 1, 0, 2, 1, 1, 1, 2, 1, 1, 3, 0, 1, 0, 1, 1, 4, 1, 4, 3, 2, 2, 0, 4, 1, 1, 4, 1, 1, 2, 1, 4, 4, 1, 1, 0, 1, 3, 2, 2, 1, 2, 1, 1, 2, 4, 3, 0, 2, 2, 3, 3, 1, 1, 2, 1, 1, 1, 4, 1, 3, 4, 1, 2, 4, 3, 1, 3, 1, 2, 4, 4, 4, 3, 2, 2, 3, 2, 4, 3, 2, 2, 4, 4, 4, 1, 2, 3, 1]|[0, 2, 0, 0, 3, 0, 1, 3, 0, 0, 2, 0, 1, 0, 1, 0, 0, 0, 1, 0, 0, 2, 0, 0, 1, 0, 0, 3, 0, 1, 0, 2, 0, 0, 3, 0, 1, 1, 0, 0, 0, 0, 1, 3, 0, 0, 1, 0, 2, 0, 0, 0, 0, 0, 1, 0, 1, 0, 1, 1, 0, 2, 0, 0, 0, 0, 0, 0, 0, 2, 0, 0, 1, 0, 0, 1, 0, 0, 3, 0, 0, 1, 2, 2, 0, 0, 0, 3, 0, 1, 0, 0, 0, 1, 3, 1, 0, 0, 0, 0],900.0760482104305,49104.85573898611,106612.48357517918,false
45,G3_TWC,G3_TWC,[31, 22, 42, 15, 26, 58, 95, 82, 77, 12, 47, 5, 93, 78, 98, 54, 85, 63, 18, 44, 20, 35, 43, 97, 91, 76, 10, 30, 21, 45, 71, 64, 1, 23, 17, 83, 24, 61, 60, 36, 6, 57, 94, 88, 65, 56, 79, 40, 67, 68, 46, 75, 38, 9, 19, 32, 81, 41, 27, 62, 87, 90, 99, 59, 11, 16, 72, 73, 70, 39, 37, 84, 3, 92, 25, 74, 28, 29, 51, 7, 53, 14, 86, 48, 89, 50, 66, 96, 33, 80, 4, 8, 34, 49, 52, 0, 13, 2, 69, 55]|[1, 1, 0, 1, 1, 1, 2, 1, 2, 1, 2, 2, 2, 1, 1, 0, 0, 1, 0, 2, 2, 0, 1, 2, 0, 1, 2, 2, 0, 0, 1, 2, 1, 2, 1, 0, 2, 0, 1, 1, 0, 1, 1, 1, 0, 2, 1, 1, 0, 0, 0, 0, 1, 1, 2, 1, 2, 0, 0, 0, 2, 1, 0, 1, 2, 1, 2, 1, 1, 1, 1, 1, 2, 0, 1, 2, 0, 0, 0, 1, 0, 1, 0, 0, 1, 0, 0, 0, 2, 0, 0, 1, 2, 0, 1, 0, 0, 0, 1, 1]|[4, 3, 2, 2, 0, 0, 2, 2, 2, 4, 1, 1, 2, 4, 4, 1, 1, 4, 2, 1, 1, 1, 1, 2, 1, 2, 1, 1, 1, 1, 3, 2, 3, 0, 4, 0, 1, 1, 0, 3, 2, 2, 4, 0, 1, 1, 0, 2, 0, 1, 2, 2, 1, 4, 0, 3, 2, 1, 1, 2, 1, 3, 1, 1, 1, 3, 0, 4, 3, 1, 4, 1, 1, 2, 4, 1, 2, 1, 1, 3, 2, 3, 1, 1, 1, 1, 1, 1, 1, 1, 2, 3, 1, 1, 1, 2, 2, 2, 3, 4]|[0, 2, 1, 1, 3, 3, 0, 1, 0, 0, 0, 0, 1, 0, 1, 0, 0, 3, 1, 0, 0, 0, 3, 1, 0, 2, 0, 0, 0, 1, 0, 0, 0, 0, 3, 0, 1, 0, 0, 2, 1, 1, 2, 0, 0, 0, 0, 1, 1, 0, 0, 0, 1, 3, 0, 0, 1, 0, 0, 1, 0, 2, 0, 1, 0, 2, 1, 0, 0, 1, 1, 3, 0, 1, 3, 0, 1, 0, 0, 2, 1, 0, 0, 0, 1, 0, 0, 0, 0, 0, 1, 2, 0, 1, 1, 0, 0, 0, 0, 3],804.6875225521468,57746.82533348298,88068.50778672317,false
45,G1_CMAX,G3_TWC,[31, 22, 82, 15, 26, 99, 95, 42, 77, 12, 47, 5, 93, 78, 86, 54, 21, 63, 18, 44, 20, 35, 43, 97, 91, 76, 10, 30, 85, 45, 71, 64, 1, 23, 17, 83, 24, 14, 60, 36, 6, 57, 40, 88, 65, 56, 79, 94, 67, 68, 46, 75, 38, 9, 19, 32, 41, 81, 27, 87, 90, 58, 59, 11, 16, 72, 73, 70, 39, 37, 84, 3, 92, 62, 25, 55, 28, 29, 51, 7, 33, 61, 98, 66, 89, 50, 48, 96, 53, 80, 4, 8, 34, 49, 52, 0, 13, 2, 69, 74]|[1, 1, 0, 1, 1, 0, 1, 1, 2, 1, 2, 2, 2, 1, 1, 0, 0, 1, 0, 2, 2, 0, 1, 2, 0, 1, 2, 2, 0, 0, 1, 2, 1, 2, 1, 0, 2, 0, 1, 1, 0, 1, 1, 1, 0, 2, 1, 1, 0, 0, 0, 0, 1, 1, 2, 1, 0, 2, 0, 2, 1, 0, 1, 2, 1, 2, 1, 1, 1, 1, 1, 1, 0, 0, 1, 2, 0, 0, 0, 2, 2, 1, 2, 2, 1, 0, 0, 2, 0, 0, 1, 1, 2, 0, 1, 0, 0, 0, 1, 2]|[4, 3, 2, 2, 4, 1, 2, 3, 2, 4, 1, 1, 2, 4, 4, 1, 1, 4, 2, 1, 1, 1, 1, 2, 1, 2, 1, 1, 2, 1, 3, 2, 3, 0, 4, 0, 1, 1, 0, 3, 2, 2, 2, 0, 1, 1, 0, 4, 0, 1, 2, 2, 1, 4, 0, 3, 1, 2, 1, 1, 3, 1, 1, 1, 3, 0, 4, 3, 1, 4, 1, 1, 2, 2, 4, 1, 2, 1, 1, 1, 1, 3, 1, 1, 1, 1, 1, 1, 2, 1, 4, 3, 1, 1, 1, 2, 2, 2, 4, 1]|[0, 2, 1, 1, 3, 0, 1, 3, 0, 0, 0, 0, 1, 0, 1, 0, 0, 3, 1, 0, 0, 0, 3, 1, 0, 2, 0, 0, 0, 1, 0, 0, 0, 0, 3, 0, 1, 0, 0, 2, 1, 1, 1, 0, 0, 0, 0, 2, 1, 0, 0, 0, 1, 3, 0, 0, 0, 1, 0, 0, 2, 0, 1, 0, 2, 1, 0, 0, 1, 1, 3, 1, 1, 1, 3, 0, 1, 0, 0, 0, 0, 0, 0, 0, 1, 0, 0, 0, 1, 0, 0, 2, 0, 1, 1, 0, 0, 0, 2, 0],738.4078437685978,56794.782228086115,91517.5691530927,true
45,G4_BALANCED,G4_BALANCED,[31, 11, 15, 82, 26, 9, 95, 32, 77, 68, 47, 5, 93, 78, 86, 54, 85, 63, 18, 44, 20, 49, 36, 14, 74, 50, 53, 17, 21, 45, 71, 64, 3, 23, 30, 83, 24, 41, 60, 52, 51, 27, 90, 70, 39, 87, 48, 69, 99, 4, 46, 1, 13, 58, 97, 59, 28, 8, 73, 37, 35, 79, 22, 66, 76, 42, 40, 80, 96, 6, 16, 61, 33, 7, 57, 34, 12, 72, 10, 98, 56, 88, 43, 75, 91, 38, 84, 92, 29, 19, 65, 55, 67, 89, 62, 81, 94, 25, 2, 0]|[2, 1, 2, 2, 1, 2, 1, 1, 1, 1, 1, 0, 2, 2, 1, 2, 0, 0, 0, 2, 2, 1, 0, 2, 0, 2, 2, 1, 0, 1, 1, 1, 0, 0, 1, 0, 2, 1, 2, 2, 0, 0, 1, 1, 0, 2, 0, 2, 1, 0, 0, 2, 0, 0, 2, 0, 1, 1, 0, 0, 2, 1, 1, 2, 2, 0, 2, 2, 0, 1, 2, 1, 1, 2, 0, 1, 2, 1, 1, 2, 2, 1, 0, 0, 1, 0, 0, 0, 1, 1, 1, 0, 1, 1, 1, 1, 2, 1, 2, 0]|[1, 3, 0, 0, 4, 1, 4, 4, 2, 4, 3, 2, 1, 0, 2, 1, 1, 1, 2, 1, 1, 3, 0, 1, 0, 1, 1, 4, 1, 4, 3, 2, 2, 0, 4, 1, 1, 4, 0, 1, 2, 1, 4, 4, 1, 1, 0, 2, 3, 2, 2, 1, 2, 1, 1, 2, 4, 3, 0, 2, 2, 3, 3, 0, 1, 2, 0, 1, 2, 4, 1, 3, 4, 1, 2, 4, 1, 4, 3, 1, 1, 4, 2, 2, 3, 2, 2, 2, 3, 4, 3, 2, 3, 4, 3, 1, 1, 4, 1, 2]|[1, 2, 0, 0, 3, 0, 1, 3, 0, 0, 2, 0, 1, 0, 1, 0, 0, 0, 1, 0, 0, 2, 0, 0, 1, 0, 0, 3, 0, 1, 0, 2, 0, 1, 3, 0, 1, 1, 1, 0, 0, 0, 1, 3, 0, 0, 1, 0, 2, 0, 0, 0, 0, 0, 1, 0, 1, 0, 1, 1, 0, 2, 0, 0, 0, 0, 1, 0, 0, 2, 0, 0, 1, 0, 0, 1, 0, 1, 3, 0, 0, 1, 0, 0, 0, 0, 0, 0, 3, 1, 0, 0, 0, 1, 0, 1, 0, 3, 0, 0],862.5574002925049,52056.944639361565,105318.62001204232,false
45,G2_TEC,G2_TEC,[31, 22, 82, 15, 26, 9, 95, 42, 77, 68, 47, 5, 93, 78, 86, 54, 85, 63, 18, 44, 20, 49, 36, 14, 74, 50, 53, 17, 21, 28, 11, 64, 3, 23, 30, 83, 24, 41, 40, 52, 65, 27, 90, 70, 39, 87, 48, 69, 99, 4, 75, 1, 13, 58, 97, 59, 45, 8, 73, 37, 35, 79, 71, 66, 76, 32, 60, 80, 56, 6, 67, 61, 33, 7, 57, 34, 12, 16, 10, 98, 96, 88, 43, 81, 91, 2, 84, 29, 92, 19, 51, 55, 46, 89, 25, 72, 94, 38, 62, 0]|[2, 1, 2, 1, 1, 2, 1, 1, 1, 1, 1, 0, 2, 2, 1, 2, 0, 0, 0, 2, 2, 1, 0, 2, 0, 2, 2, 1, 0, 1, 1, 1, 0, 0, 1, 0, 2, 1, 2, 2, 0, 0, 1, 1, 0, 2, 0, 2, 1, 0, 0, 2, 0, 0, 2, 0, 1, 1, 0, 0, 2, 1, 1, 2, 2, 0, 2, 2, 2, 1, 2, 1, 1, 2, 0, 1, 1, 2, 1, 2, 0, 1, 1, 1, 1, 0, 0, 1, 0, 1, 1, 0, 0, 1, 1, 1, 2, 0, 1, 2]|[0, 3, 0, 3, 4, 1, 4, 4, 2, 4, 3, 2, 1, 0, 2, 1, 1, 1, 2, 1, 1, 3, 0, 1, 0, 1, 1, 4, 1, 4, 3, 2, 2, 0, 4, 1, 1, 4, 1, 1, 2, 1, 4, 4, 1, 1, 0, 1, 3, 2, 2, 1, 2, 1, 1, 2, 4, 3, 0, 2, 2, 3, 3, 1, 1, 2, 1, 1, 1, 4, 1, 3, 4, 1, 2, 4, 3, 1, 3, 1, 2, 4, 4, 4, 3, 2, 2, 3, 2, 4, 3, 2, 2, 4, 4, 4, 1, 2, 3, 1]|[0, 2, 0, 0, 3, 0, 1, 3, 0, 0, 2, 0, 1, 0, 1, 0, 0, 0, 1, 0, 0, 2, 0, 0, 1, 0, 0, 3, 0, 1, 0, 2, 0, 0, 3, 0, 1, 1, 0, 0, 0, 0, 1, 3, 0, 0, 1, 0, 2, 0, 0, 0, 0, 0, 1, 0, 1, 0, 1, 1, 0, 2, 0, 0, 0, 0, 0, 0, 0, 2, 0, 0, 1, 0, 0, 1, 0, 0, 3, 0, 0, 1, 2, 2, 0, 0, 0, 3, 0, 1, 0, 0, 0, 1, 3, 1, 0, 0, 0, 0],900.0760482104305,49104.85573898611,106612.48357517918,false
45,G3_TWC,G3_TWC,[31, 22, 42, 15, 26, 58, 95, 82, 77, 12, 47, 5, 93, 78, 98, 54, 85, 63, 18, 44, 20, 35, 43, 97, 91, 76, 10, 30, 21, 45, 71, 64, 1, 23, 17, 83, 24, 61, 60, 36, 6, 57, 94, 88, 65, 56, 79, 40, 67, 68, 46, 75, 38, 9, 19, 32, 81, 41, 27, 62, 87, 90, 99, 59, 11, 16, 72, 73, 70, 39, 37, 84, 3, 92, 25, 74, 28, 29, 51, 7, 53, 14, 86, 48, 89, 50, 66, 96, 33, 80, 4, 8, 34, 49, 52, 0, 13, 2, 69, 55]|[1, 1, 0, 1, 1, 1, 2, 1, 2, 1, 2, 2, 2, 1, 1, 0, 0, 1, 0, 2, 2, 0, 1, 2, 0, 1, 2, 2, 0, 0, 1, 2, 1, 2, 1, 0, 2, 0, 1, 1, 0, 1, 1, 1, 0, 2, 1, 1, 0, 0, 0, 0, 1, 1, 2, 1, 2, 0, 0, 0, 2, 1, 0, 1, 2, 1, 2, 1, 1, 1, 1, 1, 2, 0, 1, 2, 0, 0, 0, 1, 0, 1, 0, 0, 1, 0, 0, 0, 2, 0, 0, 1, 2, 0, 1, 0, 0, 0, 1, 1]|[4, 3, 2, 2, 0, 0, 2, 2, 2, 4, 1, 1, 2, 4, 4, 1, 1, 4, 2, 1, 1, 1, 1, 2, 1, 2, 1, 1, 1, 1, 3, 2, 3, 0, 4, 0, 1, 1, 0, 3, 2, 2, 4, 0, 1, 1, 0, 2, 0, 1, 2, 2, 1, 4, 0, 3, 2, 1, 1, 2, 1, 3, 1, 1, 1, 3, 0, 4, 3, 1, 4, 1, 1, 2, 4, 1, 2, 1, 1, 3, 2, 3, 1, 1, 1, 1, 1, 1, 1, 1, 2, 3, 1, 1, 1, 2, 2, 2, 3, 4]|[0, 2, 1, 1, 3, 3, 0, 1, 0, 0, 0, 0, 1, 0, 1, 0, 0, 3, 1, 0, 0, 0, 3, 1, 0, 2, 0, 0, 0, 1, 0, 0, 0, 0, 3, 0, 1, 0, 0, 2, 1, 1, 2, 0, 0, 0, 0, 1, 1, 0, 0, 0, 1, 3, 0, 0, 1, 0, 0, 1, 0, 2, 0, 1, 0, 2, 1, 0, 0, 1, 1, 3, 0, 1, 3, 0, 1, 0, 0, 2, 1, 0, 0, 0, 1, 0, 0, 0, 0, 0, 1, 2, 0, 1, 1, 0, 0, 0, 0, 3],804.6875225521468,57746.82533348298,88068.50778672317,false
45,G1_CMAX,G4_BALANCED,[31, 22, 82, 15, 26, 58, 95, 42, 77, 12, 47, 5, 93, 78, 86, 54, 85, 63, 18, 72, 20, 35, 43, 97, 91, 76, 10, 30, 21, 45, 71, 64, 1, 23, 17, 83, 24, 14, 60, 36, 6, 57, 40, 88, 65, 56, 79, 94, 67, 41, 68, 75, 38, 9, 19, 32, 81, 55, 27, 62, 87, 90, 99, 59, 11, 16, 44, 73, 70, 39, 37, 84, 3, 92, 25, 46, 28, 29, 51, 7, 66, 61, 98, 48, 89, 50, 4, 96, 53, 80, 8, 33, 34, 2, 52, 13, 0, 69, 74, 49]|[1, 1, 0, 1, 1, 0, 1, 1, 2, 1, 2, 2, 2, 1, 1, 0, 0, 1, 0, 2, 2, 0, 1, 2, 0, 1, 2, 2, 0, 0, 1, 2, 1, 2, 1, 0, 2, 0, 1, 1, 0, 1, 1, 1, 0, 2, 1, 1, 0, 0, 0, 0, 1, 1, 2, 1, 2, 0, 0, 2, 2, 1, 1, 2, 2, 1, 2, 1, 1, 1, 1, 1, 1, 0, 1, 0, 0, 0, 0, 1, 2, 1, 2, 0, 1, 0, 1, 2, 0, 0, 1, 2, 2, 0, 1, 0, 0, 1, 2, 0]|[4, 3, 2, 2, 4, 1, 2, 3, 2, 4, 1, 1, 2, 4, 4, 1, 2, 4, 2, 1, 1, 1, 1, 2, 1, 2, 1, 1, 2, 1, 3, 2, 3, 1, 4, 0, 1, 1, 0, 3, 2, 2, 2, 0, 1, 1, 0, 4, 0, 1, 2, 2, 1, 4, 0, 3, 2, 1, 1, 1, 1, 3, 1, 1, 1, 3, 1, 4, 3, 1, 4, 1, 1, 0, 4, 2, 2, 1, 1, 1, 1, 3, 1, 1, 1, 1, 4, 1, 2, 1, 3, 1, 1, 2, 1, 2, 2, 4, 1, 1]|[0, 2, 1, 1, 3, 0, 1, 3, 0, 0, 0, 0, 1, 0, 1, 0, 0, 3, 1, 0, 0, 0, 3, 1, 0, 2, 0, 0, 0, 1, 0, 0, 0, 0, 3, 0, 1, 0, 0, 2, 1, 1, 1, 0, 0, 0, 0, 2, 1, 0, 0, 0, 1, 3, 0, 0, 1, 0, 0, 0, 0, 2, 1, 0, 0, 2, 0, 0, 0, 1, 1, 3, 1, 1, 3, 0, 1, 0, 0, 2, 0, 0, 0, 0, 1, 0, 0, 0, 1, 0, 2, 0, 0, 0, 1, 0, 0, 2, 0, 1],747.1438989226004,55733.55354576636,94625.20584372425,true
45,G4_BALANCED,G3_TWC,[31, 22, 42, 15, 26, 58, 95, 82, 77, 12, 47, 5, 93, 78, 98, 54, 85, 63, 18, 44, 20, 35, 43, 97, 91, 76, 10, 30, 21, 45, 71, 64, 1, 23, 17, 83, 24, 14, 60, 36, 6, 57, 94, 88, 65, 56, 79, 40, 67, 68, 46, 75, 38, 9, 19, 32, 81, 41, 27, 62, 87, 90, 99, 59, 11, 16, 72, 73, 70, 39, 37, 84, 3, 92, 25, 55, 28, 29, 51, 53, 7, 61, 86, 48, 89, 50, 66, 96, 33, 80, 4, 8, 34, 49, 52, 0, 13, 2, 69, 74]|[1, 1, 0, 1, 1, 1, 2, 1, 2, 1, 2, 2, 2, 1, 1, 0, 0, 1, 0, 2, 2, 0, 1, 2, 0, 1, 2, 2, 0, 0, 1, 2, 1, 2, 1, 0, 2, 0, 1, 1, 0, 1, 1, 1, 0, 2, 1, 1, 0, 0, 0, 0, 1, 1, 2, 1, 2, 0, 0, 0, 2, 1, 0, 1, 2, 1, 2, 1, 1, 1, 1, 1, 2, 0, 1, 1, 0, 0, 2, 0, 1, 1, 0, 0, 1, 0, 2, 0, 2, 0, 0, 1, 2, 0, 1, 0, 0, 0, 1, 2]|[4, 3, 2, 2, 0, 0, 2, 2, 2, 4, 1, 1, 2, 4, 4, 1, 1, 4, 2, 1, 1, 1, 1, 2, 1, 2, 1, 1, 1, 1, 3, 2, 3, 0, 4, 0, 1, 1, 0, 3, 2, 2, 4, 0, 1, 1, 0, 2, 0, 1, 2, 2, 1, 4, 0, 3, 2, 1, 1, 2, 1, 3, 1, 1, 1, 3, 0, 4, 3, 1, 4, 1, 1, 2, 4, 4, 2, 1, 1, 2, 3, 3, 1, 1, 1, 1, 1, 1, 1, 1, 2, 3, 1, 1, 1, 2, 2, 2, 3, 1]|[0, 2, 1, 1, 3, 3, 0, 1, 0, 0, 0, 0, 1, 0, 1, 0, 0, 3, 1, 0, 0, 0, 3, 1, 0, 2, 0, 0, 0, 1, 0, 0, 0, 0, 3, 0, 1, 0, 0, 2, 1, 1, 2, 0, 0, 0, 0, 1, 1, 0, 0, 0, 1, 3, 0, 0, 1, 0, 0, 1, 0, 2, 0, 1, 0, 2, 1, 0, 0, 1, 1, 3, 0, 1, 3, 3, 1, 0, 0, 1, 2, 0, 0, 0, 1, 0, 0, 0, 0, 0, 1, 2, 0, 1, 1, 0, 0, 0, 0, 0],783.0509393070564,57595.74268182125,88865.3508237012,true
45,G2_TEC,G2_TEC,[31, 22, 82, 15, 26, 9, 95, 42, 77, 68, 47, 5, 93, 78, 86, 54, 85, 63, 18, 44, 20, 49, 36, 14, 74, 50, 53, 17, 21, 28, 11, 64, 3, 23, 30, 83, 24, 41, 40, 52, 65, 27, 90, 70, 39, 87, 48, 69, 99, 4, 75, 1, 13, 58, 97, 59, 45, 8, 73, 37, 35, 79, 71, 66, 76, 32, 60, 80, 56, 6, 67, 61, 33, 7, 57, 34, 12, 16, 10, 98, 96, 88, 43, 81, 91, 2, 84, 29, 92, 19, 51, 55, 46, 89, 25, 72, 94, 38, 62, 0]|[2, 1, 2, 1, 1, 2, 1, 1, 1, 1, 1, 0, 2, 2, 1, 2, 0, 0, 0, 2, 2, 1, 0, 2, 0, 2, 2, 1, 0, 1, 1, 1, 0, 0, 1, 0, 2, 1, 2, 2, 0, 0, 1, 1, 0, 2, 0, 2, 1, 0, 0, 2, 0, 0, 2, 0, 1, 1, 0, 0, 2, 1, 1, 2, 2, 0, 2, 2, 2, 1, 2, 1, 1, 2, 0, 1, 1, 2, 1, 2, 0, 1, 1, 1, 1, 0, 0, 1, 0, 1, 1, 0, 0, 1, 1, 1, 2, 0, 1, 2]|[0, 3, 0, 3, 4, 1, 4, 4, 2, 4, 3, 2, 1, 0, 2, 1, 1, 1, 2, 1, 1, 3, 0, 1, 0, 1, 1, 4, 1, 4, 3, 2, 2, 0, 4, 1, 1, 4, 1, 1, 2, 1, 4, 4, 1, 1, 0, 1, 3, 2, 2, 1, 2, 1, 1, 2, 4, 3, 0, 2, 2, 3, 3, 1, 1, 2, 1, 1, 1, 4, 1, 3, 4, 1, 2, 4, 3, 1, 3, 1, 2, 4, 4, 4, 3, 2, 2, 3, 2, 4, 3, 2, 2, 4, 4, 4, 1, 2, 3, 1]|[0, 2, 0, 0, 3, 0, 1, 3, 0, 0, 2, 0, 1, 0, 1, 0, 0, 0, 1, 0, 0, 2, 0, 0, 1, 0, 0, 3, 0, 1, 0, 2, 0, 0, 3, 0, 1, 1, 0, 0, 0, 0, 1, 3, 0, 0, 1, 0, 2, 0, 0, 0, 0, 0, 1, 0, 1, 0, 1, 1, 0, 2, 0, 0, 0, 0, 0, 0, 0, 2, 0, 0, 1, 0, 0, 1, 0, 0, 3, 0, 0, 1, 2, 2, 0, 0, 0, 3, 0, 1, 0, 0, 0, 1, 3, 1, 0, 0, 0, 0],900.0760482104305,49104.85573898611,106612.48357517918,false
45,G3_TWC,G3_TWC,[31, 22, 42, 15, 26, 58, 95, 82, 77, 12, 47, 5, 93, 78, 98, 54, 85, 63, 18, 44, 20, 35, 43, 97, 91, 76, 10, 30, 21, 45, 71, 64, 1, 23, 17, 83, 24, 61, 60, 36, 6, 57, 94, 88, 65, 56, 79, 40, 67, 68, 46, 75, 38, 9, 19, 32, 81, 41, 27, 62, 87, 90, 99, 59, 11, 16, 72, 73, 70, 39, 37, 84, 3, 92, 25, 74, 28, 29, 51, 7, 53, 14, 86, 48, 89, 50, 66, 96, 33, 80, 4, 8, 34, 49, 52, 0, 13, 2, 69, 55]|[1, 1, 0, 1, 1, 1, 2, 1, 2, 1, 2, 2, 2, 1, 1, 0, 0, 1, 0, 2, 2, 0, 1, 2, 0, 1, 2, 2, 0, 0, 1, 2, 1, 2, 1, 0, 2, 0, 1, 1, 0, 1, 1, 1, 0, 2, 1, 1, 0, 0, 0, 0, 1, 1, 2, 1, 2, 0, 0, 0, 2, 1, 0, 1, 2, 1, 2, 1, 1, 1, 1, 1, 2, 0, 1, 2, 0, 0, 0, 1, 0, 1, 0, 0, 1, 0, 0, 0, 2, 0, 0, 1, 2, 0, 1, 0, 0, 0, 1, 1]|[4, 3, 2, 2, 0, 0, 2, 2, 2, 4, 1, 1, 2, 4, 4, 1, 1, 4, 2, 1, 1, 1, 1, 2, 1, 2, 1, 1, 1, 1, 3, 2, 3, 0, 4, 0, 1, 1, 0, 3, 2, 2, 4, 0, 1, 1, 0, 2, 0, 1, 2, 2, 1, 4, 0, 3, 2, 1, 1, 2, 1, 3, 1, 1, 1, 3, 0, 4, 3, 1, 4, 1, 1, 2, 4, 1, 2, 1, 1, 3, 2, 3, 1, 1, 1, 1, 1, 1, 1, 1, 2, 3, 1, 1, 1, 2, 2, 2, 3, 4]|[0, 2, 1, 1, 3, 3, 0, 1, 0, 0, 0, 0, 1, 0, 1, 0, 0, 3, 1, 0, 0, 0, 3, 1, 0, 2, 0, 0, 0, 1, 0, 0, 0, 0, 3, 0, 1, 0, 0, 2, 1, 1, 2, 0, 0, 0, 0, 1, 1, 0, 0, 0, 1, 3, 0, 0, 1, 0, 0, 1, 0, 2, 0, 1, 0, 2, 1, 0, 0, 1, 1, 3, 0, 1, 3, 0, 1, 0, 0, 2, 1, 0, 0, 0, 1, 0, 0, 0, 0, 0, 1, 2, 0, 1, 1, 0, 0, 0, 0, 3],804.6875225521468,57746.82533348298,88068.50778672317,false
45,G1_CMAX,G4_BALANCED,[31, 22, 82, 15, 26, 58, 95, 42, 77, 12, 47, 5, 93, 78, 86, 54, 85, 63, 18, 44, 20, 35, 43, 97, 91, 76, 10, 30, 21, 45, 71, 64, 1, 23, 17, 83, 24, 14, 60, 36, 6, 57, 40, 88, 65, 56, 79, 94, 67, 68, 46, 75, 38, 9, 19, 32, 81, 41, 27, 62, 87, 90, 99, 59, 11, 16, 72, 73, 70, 39, 37, 84, 3, 92, 34, 55, 28, 29, 51, 7, 33, 61, 98, 48, 89, 50, 66, 96, 53, 80, 4, 8, 25, 13, 52, 2, 74, 0, 49, 69]|[1, 1, 0, 1, 1, 0, 1, 2, 2, 1, 2, 2, 2, 1, 1, 0, 0, 1, 0, 2, 2, 0, 1, 2, 0, 1, 2, 2, 0, 0, 1, 2, 1, 2, 1, 0, 2, 0, 1, 1, 0, 1, 1, 1, 0, 2, 2, 1, 0, 0, 0, 0, 1, 1, 2, 1, 2, 2, 0, 0, 2, 1, 0, 1, 2, 1, 2, 1, 2, 1, 1, 1, 1, 0, 2, 1, 0, 0, 0, 1, 2, 1, 2, 0, 1, 0, 2, 0, 0, 0, 1, 1, 1, 0, 1, 0, 2, 0, 0, 1]|[4, 3, 2, 2, 4, 1, 2, 2, 2, 4, 1, 1, 2, 4, 4, 1, 2, 4, 2, 1, 1, 1, 1, 2, 1, 2, 1, 1, 1, 1, 3, 2, 3, 1, 4, 0, 1, 1, 0, 3, 2, 2, 2, 0, 1, 1, 1, 4, 0, 1, 2, 2, 1, 4, 0, 3, 1, 1, 1, 2, 1, 3, 1, 1, 1, 3, 0, 4, 1, 1, 4, 1, 1, 0, 1, 4, 2, 1, 1, 1, 1, 3, 1, 1, 1, 1, 1, 1, 2, 1, 4, 3, 4, 2, 1, 2, 1, 2, 1, 3]|[0, 2, 1, 1, 3, 0, 1, 0, 0, 0, 0, 0, 1, 0, 1, 0, 0, 3, 1, 0, 0, 0, 3, 1, 0, 2, 0, 0, 0, 0, 0, 0, 0, 0, 3, 0, 1, 0, 0, 2, 1, 1, 1, 0, 0, 0, 0, 2, 1, 0, 0, 0, 1, 3, 0, 0, 0, 0, 0, 1, 0, 2, 0, 1, 0, 2, 1, 0, 0, 1, 1, 3, 1, 1, 0, 3, 1, 0, 0, 2, 0, 0, 0, 0, 1, 0, 0, 0, 1, 0, 0, 2, 3, 0, 1, 0, 0, 0, 1, 0],770.1750473130455,55498.1208188499,97523.61807680906,true
45,G4_BALANCED,G3_TWC,[31, 22, 82, 15, 26, 58, 95, 42, 77, 12, 47, 5, 93, 78, 98, 54, 85, 63, 18, 44, 20, 35, 43, 97, 91, 76, 10, 30, 21, 45, 71, 64, 1, 23, 17, 83, 24, 14, 60, 36, 6, 57, 94, 88, 65, 56, 79, 40, 67, 68, 46, 75, 38, 9, 55, 32, 81, 41, 27, 62, 87, 90, 99, 59, 28, 16, 72, 73, 70, 39, 37, 84, 3, 92, 25, 19, 11, 29, 51, 7, 33, 61, 86, 66, 89, 50, 69, 96, 53, 80, 4, 8, 48, 49, 52, 2, 13, 0, 34, 74]|[1, 1, 0, 1, 1, 1, 2, 1, 2, 1, 2, 2, 2, 1, 1, 0, 0, 1, 0, 2, 2, 0, 1, 2, 0, 1, 2, 2, 0, 0, 1, 2, 1, 2, 1, 0, 2, 0, 1, 1, 0, 1, 1, 1, 0, 2, 1, 1, 0, 0, 0, 0, 1, 1, 2, 1, 2, 0, 0, 0, 2, 1, 0, 1, 0, 1, 2, 1, 1, 1, 1, 1, 2, 0, 1, 1, 2, 0, 0, 1, 2, 1, 0, 2, 1, 0, 1, 2, 0, 0, 0, 1, 0, 0, 1, 0, 0, 0, 2, 2]|[4, 3, 2, 2, 0, 0, 2, 2, 2, 4, 1, 1, 2, 4, 4, 1, 1, 4, 2, 1, 1, 1, 1, 2, 1, 2, 1, 1, 1, 1, 3, 2, 3, 1, 4, 0, 2, 1, 0, 3, 2, 2, 4, 0, 1, 1, 0, 2, 0, 1, 2, 2, 1, 4, 0, 3, 2, 1, 1, 2, 1, 3, 1, 1, 2, 3, 0, 4, 3, 1, 4, 1, 1, 2, 4, 4, 1, 1, 1, 3, 1, 3, 1, 1, 1, 1, 3, 1, 2, 1, 2, 3, 1, 1, 1, 2, 2, 2, 1, 1]|[0, 2, 1, 1, 3, 3, 0, 1, 0, 0, 0, 0, 1, 0, 1, 0, 0, 3, 1, 0, 0, 0, 3, 1, 0, 2, 0, 0, 0, 1, 0, 0, 0, 0, 3, 0, 1, 0, 0, 2, 1, 1, 2, 0, 0, 0, 0, 1, 1, 0, 0, 0, 1, 3, 0, 0, 1, 0, 0, 1, 0, 2, 0, 1, 1, 2, 1, 0, 0, 1, 1, 3, 0, 1, 3, 3, 0, 0, 0, 2, 0, 0, 0, 0, 1, 0, 0, 0, 1, 0, 1, 2, 0, 1, 1, 0, 0, 0, 0, 0],773.8652057064894,57595.629608963674,89824.21777920666,true
45,G2_TEC,G2_TEC,[31, 22, 82, 15, 26, 9, 95, 42, 77, 68, 47, 5, 93, 78, 86, 54, 85, 63, 18, 44, 20, 49, 36, 14, 74, 50, 53, 17, 21, 28, 11, 64, 3, 23, 30, 83, 24, 41, 40, 52, 65, 27, 90, 70, 39, 87, 48, 69, 99, 4, 75, 1, 13, 58, 97, 59, 45, 8, 73, 37, 35, 79, 71, 66, 76, 32, 60, 80, 56, 6, 67, 61, 33, 7, 57, 34, 12, 16, 10, 98, 96, 88, 43, 81, 91, 2, 84, 29, 92, 19, 51, 55, 46, 89, 25, 72, 94, 38, 62, 0]|[2, 1, 2, 1, 1, 2, 1, 1, 1, 1, 1, 0, 2, 2, 1, 2, 0, 0, 0, 2, 2, 1, 0, 2, 0, 2, 2, 1, 0, 1, 1, 1, 0, 0, 1, 0, 2, 1, 2, 2, 0, 0, 1, 1, 0, 2, 0, 2, 1, 0, 0, 2, 0, 0, 2, 0, 1, 1, 0, 0, 2, 1, 1, 2, 2, 0, 2, 2, 2, 1, 2, 1, 1, 2, 0, 1, 1, 2, 1, 2, 0, 1, 1, 1, 1, 0, 0, 1, 0, 1, 1, 0, 0, 1, 1, 1, 2, 0, 1, 2]|[0, 3, 0, 3, 4, 1, 4, 4, 2, 4, 3, 2, 1, 0, 2, 1, 1, 1, 2, 1, 1, 3, 0, 1, 0, 1, 1, 4, 1, 4, 3, 2, 2, 0, 4, 1, 1, 4, 1, 1, 2, 1, 4, 4, 1, 1, 0, 1, 3, 2, 2, 1, 2, 1, 1, 2, 4, 3, 0, 2, 2, 3, 3, 1, 1, 2, 1, 1, 1, 4, 1, 3, 4, 1, 2, 4, 3, 1, 3, 1, 2, 4, 4, 4, 3, 2, 2, 3, 2, 4, 3, 2, 2, 4, 4, 4, 1, 2, 3, 1]|[0, 2, 0, 0, 3, 0, 1, 3, 0, 0, 2, 0, 1, 0, 1, 0, 0, 0, 1, 0, 0, 2, 0, 0, 1, 0, 0, 3, 0, 1, 0, 2, 0, 0, 3, 0, 1, 1, 0, 0, 0, 0, 1, 3, 0, 0, 1, 0, 2, 0, 0, 0, 0, 0, 1, 0, 1, 0, 1, 1, 0, 2, 0, 0, 0, 0, 0, 0, 0, 2, 0, 0, 1, 0, 0, 1, 0, 0, 3, 0, 0, 1, 2, 2, 0, 0, 0, 3, 0, 1, 0, 0, 0, 1, 3, 1, 0, 0, 0, 0],900.0760482104305,49104.85573898611,106612.48357517918,false
45,G3_TWC,G3_TWC,[31, 22, 42, 15, 26, 58, 95, 82, 77, 12, 47, 5, 93, 78, 98, 54, 85, 63, 18, 44, 20, 35, 43, 97, 91, 76, 10, 30, 21, 45, 71, 64, 1, 23, 17, 83, 24, 61, 60, 36, 6, 57, 94, 88, 65, 56, 79, 40, 67, 68, 46, 75, 38, 9, 19, 32, 81, 41, 27, 62, 87, 90, 99, 59, 11, 16, 72, 73, 70, 39, 37, 84, 3, 92, 25, 74, 28, 29, 51, 7, 53, 14, 86, 48, 89, 50, 66, 96, 33, 80, 4, 8, 34, 49, 52, 0, 13, 2, 69, 55]|[1, 1, 0, 1, 1, 1, 2, 1, 2, 1, 2, 2, 2, 1, 1, 0, 0, 1, 0, 2, 2, 0, 1, 2, 0, 1, 2, 2, 0, 0, 1, 2, 1, 2, 1, 0, 2, 0, 1, 1, 0, 1, 1, 1, 0, 2, 1, 1, 0, 0, 0, 0, 1, 1, 2, 1, 2, 0, 0, 0, 2, 1, 0, 1, 2, 1, 2, 1, 1, 1, 1, 1, 2, 0, 1, 2, 0, 0, 0, 1, 0, 1, 0, 0, 1, 0, 0, 0, 2, 0, 0, 1, 2, 0, 1, 0, 0, 0, 1, 1]|[4, 3, 2, 2, 0, 0, 2, 2, 2, 4, 1, 1, 2, 4, 4, 1, 1, 4, 2, 1, 1, 1, 1, 2, 1, 2, 1, 1, 1, 1, 3, 2, 3, 0, 4, 0, 1, 1, 0, 3, 2, 2, 4, 0, 1, 1, 0, 2, 0, 1, 2, 2, 1, 4, 0, 3, 2, 1, 1, 2, 1, 3, 1, 1, 1, 3, 0, 4, 3, 1, 4, 1, 1, 2, 4, 1, 2, 1, 1, 3, 2, 3, 1, 1, 1, 1, 1, 1, 1, 1, 2, 3, 1, 1, 1, 2, 2, 2, 3, 4]|[0, 2, 1, 1, 3, 3, 0, 1, 0, 0, 0, 0, 1, 0, 1, 0, 0, 3, 1, 0, 0, 0, 3, 1, 0, 2, 0, 0, 0, 1, 0, 0, 0, 0, 3, 0, 1, 0, 0, 2, 1, 1, 2, 0, 0, 0, 0, 1, 1, 0, 0, 0, 1, 3, 0, 0, 1, 0, 0, 1, 0, 2, 0, 1, 0, 2, 1, 0, 0, 1, 1, 3, 0, 1, 3, 0, 1, 0, 0, 2, 1, 0, 0, 0, 1, 0, 0, 0, 0, 0, 1, 2, 0, 1, 1, 0, 0, 0, 0, 3],804.6875225521468,57746.82533348298,88068.50778672317,false
45,G1_CMAX,G4_BALANCED,[31, 11, 15, 82, 26, 9, 95, 32, 77, 68, 47, 5, 93, 78, 86, 54, 85, 63, 18, 44, 20, 49, 36, 14, 74, 50, 53, 17, 21, 45, 71, 64, 3, 23, 30, 83, 24, 41, 60, 52, 51, 27, 90, 70, 39, 87, 48, 69, 99, 4, 46, 1, 13, 58, 97, 59, 28, 8, 73, 37, 35, 79, 22, 66, 76, 42, 40, 80, 96, 6, 16, 61, 33, 7, 57, 34, 12, 72, 10, 98, 56, 88, 43, 75, 91, 38, 84, 92, 29, 19, 65, 55, 67, 89, 62, 81, 94, 25, 2, 0]|[2, 1, 2, 2, 1, 2, 1, 1, 1, 1, 1, 0, 2, 2, 1, 2, 0, 0, 0, 2, 2, 1, 0, 2, 0, 2, 2, 1, 0, 1, 1, 1, 0, 0, 1, 0, 2, 1, 2, 2, 0, 0, 1, 1, 0, 2, 0, 2, 1, 0, 0, 2, 0, 0, 2, 0, 1, 1, 0, 0, 2, 1, 1, 2, 2, 0, 2, 2, 0, 1, 2, 1, 1, 2, 0, 1, 2, 1, 1, 2, 2, 1, 0, 0, 1, 0, 0, 0, 1, 1, 1, 0, 1, 1, 1, 1, 2, 1, 2, 0]|[1, 3, 0, 0, 4, 1, 4, 4, 2, 4, 3, 2, 1, 0, 2, 1, 1, 1, 2, 1, 1, 3, 0, 1, 0, 1, 1, 4, 1, 4, 3, 2, 2, 0, 4, 1, 1, 4, 0, 1, 2, 1, 4, 4, 1, 1, 0, 2, 3, 2, 2, 1, 2, 1, 1, 2, 4, 3, 0, 2, 2, 3, 3, 0, 1, 2, 0, 1, 2, 4, 1, 3, 4, 1, 2, 4, 1, 4, 3, 1, 1, 4, 2, 2, 3, 2, 2, 2, 3, 4, 3, 2, 3, 4, 3, 1, 1, 4, 1, 2]|[1, 2, 0, 0, 3, 0, 1, 3, 0, 0, 2, 0, 1, 0, 1, 0, 0, 0, 1, 0, 0, 2, 0, 0, 1, 0, 0, 3, 0, 1, 0, 2, 0, 1, 3, 0, 1, 1, 1, 0, 0, 0, 1, 3, 0, 0, 1, 0, 2, 0, 0, 0, 0, 0, 1, 0, 1, 0, 1, 1, 0, 2, 0, 0, 0, 0, 1, 0, 0, 2, 0, 0, 1, 0, 0, 1, 0, 1, 3, 0, 0, 1, 0, 0, 0, 0, 0, 0, 3, 1, 0, 0, 0, 1, 0, 1, 0, 3, 0, 0],862.5574002925049,52056.944639361565,105318.62001204232,true
45,G4_BALANCED,G3_TWC,[31, 22, 82, 15, 26, 58, 95, 42, 77, 12, 47, 5, 93, 78, 98, 54, 85, 63, 18, 44, 20, 35, 43, 97, 91, 76, 10, 30, 21, 45, 71, 64, 1, 23, 17, 83, 24, 14, 60, 36, 6, 57, 94, 88, 65, 56, 79, 40, 67, 68, 46, 75, 38, 9, 55, 32, 81, 41, 27, 62, 87, 90, 99, 59, 28, 16, 72, 73, 70, 39, 37, 84, 3, 92, 25, 19, 11, 29, 51, 7, 33, 61, 86, 66, 89, 50, 69, 96, 53, 80, 4, 8, 48, 49, 52, 2, 13, 0, 34, 74]|[1, 1, 0, 1, 1, 1, 2, 1, 2, 1, 2, 2, 2, 1, 1, 0, 0, 1, 0, 2, 2, 0, 1, 2, 0, 1, 2, 2, 0, 0, 1, 2, 1, 2, 1, 0, 2, 0, 1, 1, 0, 1, 1, 1, 0, 2, 1, 1, 0, 0, 0, 0, 1, 1, 2, 1, 2, 0, 0, 0, 2, 1, 0, 1, 0, 1, 2, 1, 1, 1, 1, 1, 2, 0, 1, 1, 2, 0, 0, 1, 2, 1, 0, 2, 1, 0, 1, 2, 0, 0, 0, 1, 0, 0, 1, 0, 0, 0, 2, 2]|[4, 3, 2, 2, 0, 0, 2, 2, 2, 4, 1, 1, 2, 4, 4, 1, 1, 4, 2, 1, 1, 1, 1, 2, 1, 2, 1, 1, 1, 1, 3, 2, 3, 1, 4, 0, 2, 1, 0, 3, 2, 2, 4, 0, 1, 1, 0, 2, 0, 1, 2, 2, 1, 4, 0, 3, 2, 1, 1, 2, 1, 3, 1, 1, 2, 3, 0, 4, 3, 1, 4, 1, 1, 2, 4, 4, 1, 1, 1, 3, 1, 3, 1, 1, 1, 1, 3, 1, 2, 1, 2, 3, 1, 1, 1, 2, 2, 2, 1, 1]|[0, 2, 1, 1, 3, 3, 0, 1, 0, 0, 0, 0, 1, 0, 1, 0, 0, 3, 1, 0, 0, 0, 3, 1, 0, 2, 0, 0, 0, 1, 0, 0, 0, 0, 3, 0, 1, 0, 0, 2, 1, 1, 2, 0, 0, 0, 0, 1, 1, 0, 0, 0, 1, 3, 0, 0, 1, 0, 0, 1, 0, 2, 0, 1, 1, 2, 1, 0, 0, 1, 1, 3, 0, 1, 3, 3, 0, 0, 0, 2, 0, 0, 0, 0, 1, 0, 0, 0, 1, 0, 1, 2, 0, 1, 1, 0, 0, 0, 0, 0],773.8652057064894,57595.629608963674,89824.21777920666,true
45,G2_TEC,G2_TEC,[31, 22, 82, 15, 26, 9, 95, 42, 77, 68, 47, 5, 93, 78, 86, 54, 85, 63, 18, 44, 20, 49, 36, 14, 74, 50, 53, 17, 21, 28, 11, 64, 3, 23, 30, 83, 24, 41, 40, 52, 65, 27, 90, 70, 39, 87, 48, 69, 99, 4, 75, 1, 13, 58, 97, 59, 45, 8, 73, 37, 35, 79, 71, 66, 76, 32, 60, 80, 56, 6, 67, 61, 33, 7, 57, 34, 12, 16, 10, 98, 96, 88, 43, 81, 91, 2, 84, 29, 92, 19, 51, 55, 46, 89, 25, 72, 94, 38, 62, 0]|[2, 1, 2, 1, 1, 2, 1, 1, 1, 1, 1, 0, 2, 2, 1, 2, 0, 0, 0, 2, 2, 1, 0, 2, 0, 2, 2, 1, 0, 1, 1, 1, 0, 0, 1, 0, 2, 1, 2, 2, 0, 0, 1, 1, 0, 2, 0, 2, 1, 0, 0, 2, 0, 0, 2, 0, 1, 1, 0, 0, 2, 1, 1, 2, 2, 0, 2, 2, 2, 1, 2, 1, 1, 2, 0, 1, 1, 2, 1, 2, 0, 1, 1, 1, 1, 0, 0, 1, 0, 1, 1, 0, 0, 1, 1, 1, 2, 0, 1, 2]|[0, 3, 0, 3, 4, 1, 4, 4, 2, 4, 3, 2, 1, 0, 2, 1, 1, 1, 2, 1, 1, 3, 0, 1, 0, 1, 1, 4, 1, 4, 3, 2, 2, 0, 4, 1, 1, 4, 1, 1, 2, 1, 4, 4, 1, 1, 0, 1, 3, 2, 2, 1, 2, 1, 1, 2, 4, 3, 0, 2, 2, 3, 3, 1, 1, 2, 1, 1, 1, 4, 1, 3, 4, 1, 2, 4, 3, 1, 3, 1, 2, 4, 4, 4, 3, 2, 2, 3, 2, 4, 3, 2, 2, 4, 4, 4, 1, 2, 3, 1]|[0, 2, 0, 0, 3, 0, 1, 3, 0, 0, 2, 0, 1, 0, 1, 0, 0, 0, 1, 0, 0, 2, 0, 0, 1, 0, 0, 3, 0, 1, 0, 2, 0, 0, 3, 0, 1, 1, 0, 0, 0, 0, 1, 3, 0, 0, 1, 0, 2, 0, 0, 0, 0, 0, 1, 0, 1, 0, 1, 1, 0, 2, 0, 0, 0, 0, 0, 0, 0, 2, 0, 0, 1, 0, 0, 1, 0, 0, 3, 0, 0, 1, 2, 2, 0, 0, 0, 3, 0, 1, 0, 0, 0, 1, 3, 1, 0, 0, 0, 0],900.0760482104305,49104.85573898611,106612.48357517918,false
45,G3_TWC,G3_TWC,[31, 22, 42, 15, 26, 58, 95, 82, 77, 12, 47, 5, 93, 78, 98, 54, 85, 63, 18, 44, 20, 35, 43, 97, 91, 76, 10, 30, 21, 45, 71, 64, 1, 23, 17, 83, 24, 61, 60, 36, 6, 57, 94, 88, 65, 56, 79, 40, 67, 68, 46, 75, 38, 9, 19, 32, 81, 41, 27, 62, 87, 90, 99, 59, 11, 16, 72, 73, 70, 39, 37, 84, 3, 92, 25, 74, 28, 29, 51, 7, 53, 14, 86, 48, 89, 50, 66, 96, 33, 80, 4, 8, 34, 49, 52, 0, 13, 2, 69, 55]|[1, 1, 0, 1, 1, 1, 2, 1, 2, 1, 2, 2, 2, 1, 1, 0, 0, 1, 0, 2, 2, 0, 1, 2, 0, 1, 2, 2, 0, 0, 1, 2, 1, 2, 1, 0, 2, 0, 1, 1, 0, 1, 1, 1, 0, 2, 1, 1, 0, 0, 0, 0, 1, 1, 2, 1, 2, 0, 0, 0, 2, 1, 0, 1, 2, 1, 2, 1, 1, 1, 1, 1, 2, 0, 1, 2, 0, 0, 0, 1, 0, 1, 0, 0, 1, 0, 0, 0, 2, 0, 0, 1, 2, 0, 1, 0, 0, 0, 1, 1]|[4, 3, 2, 2, 0, 0, 2, 2, 2, 4, 1, 1, 2, 4, 4, 1, 1, 4, 2, 1, 1, 1, 1, 2, 1, 2, 1, 1, 1, 1, 3, 2, 3, 0, 4, 0, 1, 1, 0, 3, 2, 2, 4, 0, 1, 1, 0, 2, 0, 1, 2, 2, 1, 4, 0, 3, 2, 1, 1, 2, 1, 3, 1, 1, 1, 3, 0, 4, 3, 1, 4, 1, 1, 2, 4, 1, 2, 1, 1, 3, 2, 3, 1, 1, 1, 1, 1, 1, 1, 1, 2, 3, 1, 1, 1, 2, 2, 2, 3, 4]|[0, 2, 1, 1, 3, 3, 0, 1, 0, 0, 0, 0, 1, 0, 1, 0, 0, 3, 1, 0, 0, 0, 3, 1, 0, 2, 0, 0, 0, 1, 0, 0, 0, 0, 3, 0, 1, 0, 0, 2, 1, 1, 2, 0, 0, 0, 0, 1, 1, 0, 0, 0, 1, 3, 0, 0, 1, 0, 0, 1, 0, 2, 0, 1, 0, 2, 1, 0, 0, 1, 1, 3, 0, 1, 3, 0, 1, 0, 0, 2, 1, 0, 0, 0, 1, 0, 0, 0, 0, 0, 1, 2, 0, 1, 1, 0, 0, 0, 0, 3],804.6875225521468,57746.82533348298,88068.50778672317,false
45,G1_CMAX,G1_CMAX,[31, 22, 90, 26, 58, 95, 42, 12, 93, 5, 78, 86, 98, 18, 20, 35, 3, 97, 91, 76, 10, 85, 54, 45, 63, 71, 66, 1, 23, 17, 24, 60, 36, 6, 57, 15, 65, 56, 47, 79, 94, 67, 50, 46, 14, 75, 38, 9, 30, 19, 32, 81, 27, 92, 83, 87, 40, 99, 59, 11, 53, 16, 72, 77, 73, 70, 39, 37, 84, 43, 62, 25, 55, 28, 29, 51, 68, 82, 74, 61, 88, 21, 80, 89, 7, 69, 96, 41, 48, 4, 8, 34, 49, 52, 0, 44, 13, 2, 64, 33]|[1, 1, 1, 1, 0, 2, 1, 1, 2, 2, 2, 1, 0, 1, 2, 2, 1, 2, 0, 1, 2, 2, 2, 0, 0, 1, 2, 1, 2, 1, 2, 1, 1, 0, 1, 1, 0, 2, 2, 1, 1, 0, 0, 0, 0, 1, 1, 1, 1, 2, 1, 2, 2, 0, 0, 2, 1, 0, 0, 2, 0, 1, 2, 2, 1, 1, 1, 1, 1, 1, 0, 1, 1, 0, 0, 0, 0, 0, 2, 1, 1, 0, 0, 1, 1, 1, 2, 2, 0, 1, 1, 2, 0, 1, 0, 0, 0, 0, 2, 2]|[0, 4, 3, 0, 1, 1, 2, 4, 1, 1, 2, 4, 1, 4, 1, 1, 1, 2, 2, 2, 2, 1, 1, 1, 2, 3, 2, 3, 0, 4, 1, 0, 3, 2, 2, 2, 1, 1, 1, 0, 2, 0, 1, 2, 1, 3, 1, 4, 2, 0, 3, 2, 1, 2, 1, 1, 4, 1, 1, 1, 2, 3, 0, 2, 4, 3, 1, 4, 1, 1, 1, 4, 4, 2, 1, 1, 1, 2, 1, 3, 0, 1, 1, 1, 1, 3, 1, 1, 1, 4, 3, 1, 1, 1, 2, 2, 2, 2, 1, 1]|[3, 0, 2, 3, 0, 0, 1, 0, 0, 0, 1, 0, 0, 3, 0, 0, 1, 1, 1, 2, 1, 0, 0, 0, 0, 0, 0, 0, 0, 3, 1, 0, 2, 1, 1, 1, 0, 0, 0, 0, 1, 1, 0, 0, 0, 0, 1, 3, 2, 0, 0, 1, 0, 1, 0, 0, 2, 0, 0, 0, 1, 2, 1, 1, 0, 0, 1, 1, 3, 3, 0, 3, 3, 1, 0, 0, 0, 1, 0, 0, 0, 0, 0, 1, 2, 2, 0, 0, 0, 0, 2, 0, 1, 1, 0, 0, 0, 0, 0, 0],705.0470749739228,58445.79123614564,95781.2895945797,false
45,G4_BALANCED,G3_TWC,[31, 22, 82, 15, 26, 58, 95, 42, 77, 12, 47, 5, 93, 78, 98, 54, 85, 63, 18, 44, 20, 35, 43, 97, 91, 76, 10, 30, 21, 45, 71, 64, 1, 23, 17, 83, 24, 14, 60, 36, 6, 57, 94, 88, 65, 56, 79, 40, 67, 68, 46, 75, 38, 9, 55, 32, 81, 41, 27, 62, 87, 90, 99, 59, 28, 16, 72, 73, 70, 39, 37, 84, 3, 92, 25, 19, 11, 29, 51, 7, 33, 61, 86, 66, 89, 50, 69, 96, 53, 80, 4, 8, 48, 49, 52, 2, 13, 0, 34, 74]|[1, 1, 0, 1, 1, 1, 2, 1, 2, 1, 2, 2, 2, 1, 1, 0, 0, 1, 0, 2, 2, 0, 1, 2, 0, 1, 2, 2, 0, 0, 1, 2, 1, 2, 1, 0, 2, 0, 1, 1, 0, 1, 1, 1, 0, 2, 1, 1, 0, 0, 0, 0, 1, 1, 2, 1, 2, 0, 0, 0, 2, 1, 0, 1, 0, 1, 2, 1, 1, 1, 1, 1, 2, 0, 1, 1, 2, 0, 0, 1, 2, 1, 0, 2, 1, 0, 1, 2, 0, 0, 0, 1, 0, 0, 1, 0, 0, 0, 2, 2]|[4, 3, 2, 2, 0, 0, 2, 2, 2, 4, 1, 1, 2, 4, 4, 1, 1, 4, 2, 1, 1, 1, 1, 2, 1, 2, 1, 1, 1, 1, 3, 2, 3, 1, 4, 0, 2, 1, 0, 3, 2, 2, 4, 0, 1, 1, 0, 2, 0, 1, 2, 2, 1, 4, 0, 3, 2, 1, 1, 2, 1, 3, 1, 1, 2, 3, 0, 4, 3, 1, 4, 1, 1, 2, 4, 4, 1, 1, 1, 3, 1, 3, 1, 1, 1, 1, 3, 1, 2, 1, 2, 3, 1, 1, 1, 2, 2, 2, 1, 1]|[0, 2, 1, 1, 3, 3, 0, 1, 0, 0, 0, 0, 1, 0, 1, 0, 0, 3, 1, 0, 0, 0, 3, 1, 0, 2, 0, 0, 0, 1, 0, 0, 0, 0, 3, 0, 1, 0, 0, 2, 1, 1, 2, 0, 0, 0, 0, 1, 1, 0, 0, 0, 1, 3, 0, 0, 1, 0, 0, 1, 0, 2, 0, 1, 1, 2, 1, 0, 0, 1, 1, 3, 0, 1, 3, 3, 0, 0, 0, 2, 0, 0, 0, 0, 1, 0, 0, 0, 1, 0, 1, 2, 0, 1, 1, 0, 0, 0, 0, 0],773.8652057064894,57595.629608963674,89824.21777920666,true
45,G2_TEC,G2_TEC,[31, 22, 82, 15, 26, 9, 95, 42, 77, 68, 47, 5, 93, 78, 86, 54, 85, 63, 18, 44, 20, 49, 36, 14, 74, 50, 53, 17, 21, 28, 11, 64, 3, 23, 30, 83, 24, 41, 40, 52, 65, 27, 90, 70, 39, 87, 48, 69, 99, 4, 75, 1, 13, 58, 97, 59, 45, 8, 73, 37, 35, 79, 71, 66, 76, 32, 60, 80, 56, 6, 67, 61, 33, 7, 57, 34, 12, 16, 10, 98, 96, 88, 43, 81, 91, 2, 84, 29, 92, 19, 51, 55, 46, 89, 25, 72, 94, 38, 62, 0]|[2, 1, 2, 1, 1, 2, 1, 1, 1, 1, 1, 0, 2, 2, 1, 2, 0, 0, 0, 2, 2, 1, 0, 2, 0, 2, 2, 1, 0, 1, 1, 1, 0, 0, 1, 0, 2, 1, 2, 2, 0, 0, 1, 1, 0, 2, 0, 2, 1, 0, 0, 2, 0, 0, 2, 0, 1, 1, 0, 0, 2, 1, 1, 2, 2, 0, 2, 2, 2, 1, 2, 1, 1, 2, 0, 1, 1, 2, 1, 2, 0, 1, 1, 1, 1, 0, 0, 1, 0, 1, 1, 0, 0, 1, 1, 1, 2, 0, 1, 2]|[0, 3, 0, 3, 4, 1, 4, 4, 2, 4, 3, 2, 1, 0, 2, 1, 1, 1, 2, 1, 1, 3, 0, 1, 0, 1, 1, 4, 1, 4, 3, 2, 2, 0, 4, 1, 1, 4, 1, 1, 2, 1, 4, 4, 1, 1, 0, 1, 3, 2, 2, 1, 2, 1, 1, 2, 4, 3, 0, 2, 2, 3, 3, 1, 1, 2, 1, 1, 1, 4, 1, 3, 4, 1, 2, 4, 3, 1, 3, 1, 2, 4, 4, 4, 3, 2, 2, 3, 2, 4, 3, 2, 2, 4, 4, 4, 1, 2, 3, 1]|[0, 2, 0, 0, 3, 0, 1, 3, 0, 0, 2, 0, 1, 0, 1, 0, 0, 0, 1, 0, 0, 2, 0, 0, 1, 0, 0, 3, 0, 1, 0, 2, 0, 0, 3, 0, 1, 1, 0, 0, 0, 0, 1, 3, 0, 0, 1, 0, 2, 0, 0, 0, 0, 0, 1, 0, 1, 0, 1, 1, 0, 2, 0, 0, 0, 0, 0, 0, 0, 2, 0, 0, 1, 0, 0, 1, 0, 0, 3, 0, 0, 1, 2, 2, 0, 0, 0, 3, 0, 1, 0, 0, 0, 1, 3, 1, 0, 0, 0, 0],900.0760482104305,49104.85573898611,106612.48357517918,false
45,G3_TWC,G3_TWC,[31, 22, 42, 15, 26, 58, 95, 82, 77, 12, 47, 5, 93, 78, 98, 54, 85, 63, 18, 44, 20, 35, 43, 97, 91, 76, 10, 30, 21, 45, 71, 64, 1, 23, 17, 83, 24, 61, 60, 36, 6, 57, 94, 88, 65, 56, 79, 40, 67, 68, 46, 75, 38, 9, 19, 32, 81, 41, 27, 62, 87, 90, 99, 59, 11, 16, 72, 73, 70, 39, 37, 84, 3, 92, 25, 74, 28, 29, 51, 7, 53, 14, 86, 48, 89, 50, 66, 96, 33, 80, 4, 8, 34, 49, 52, 0, 13, 2, 69, 55]|[1, 1, 0, 1, 1, 1, 2, 1, 2, 1, 2, 2, 2, 1, 1, 0, 0, 1, 0, 2, 2, 0, 1, 2, 0, 1, 2, 2, 0, 0, 1, 2, 1, 2, 1, 0, 2, 0, 1, 1, 0, 1, 1, 1, 0, 2, 1, 1, 0, 0, 0, 0, 1, 1, 2, 1, 2, 0, 0, 0, 2, 1, 0, 1, 2, 1, 2, 1, 1, 1, 1, 1, 2, 0, 1, 2, 0, 0, 0, 1, 0, 1, 0, 0, 1, 0, 0, 0, 2, 0, 0, 1, 2, 0, 1, 0, 0, 0, 1, 1]|[4, 3, 2, 2, 0, 0, 2, 2, 2, 4, 1, 1, 2, 4, 4, 1, 1, 4, 2, 1, 1, 1, 1, 2, 1, 2, 1, 1, 1, 1, 3, 2, 3, 0, 4, 0, 1, 1, 0, 3, 2, 2, 4, 0, 1, 1, 0, 2, 0, 1, 2, 2, 1, 4, 0, 3, 2, 1, 1, 2, 1, 3, 1, 1, 1, 3, 0, 4, 3, 1, 4, 1, 1, 2, 4, 1, 2, 1, 1, 3, 2, 3, 1, 1, 1, 1, 1, 1, 1, 1, 2, 3, 1, 1, 1, 2, 2, 2, 3, 4]|[0, 2, 1, 1, 3, 3, 0, 1, 0, 0, 0, 0, 1, 0, 1, 0, 0, 3, 1, 0, 0, 0, 3, 1, 0, 2, 0, 0, 0, 1, 0, 0, 0, 0, 3, 0, 1, 0, 0, 2, 1, 1, 2, 0, 0, 0, 0, 1, 1, 0, 0, 0, 1, 3, 0, 0, 1, 0, 0, 1, 0, 2, 0, 1, 0, 2, 1, 0, 0, 1, 1, 3, 0, 1, 3, 0, 1, 0, 0, 2, 1, 0, 0, 0, 1, 0, 0, 0, 0, 0, 1, 2, 0, 1, 1, 0, 0, 0, 0, 3],804.6875225521468,57746.82533348298,88068.50778672317,false
45,G1_CMAX,G1_CMAX,[31, 22, 82, 15, 26, 99, 95, 42, 77, 12, 47, 5, 93, 78, 86, 54, 21, 63, 18, 44, 20, 35, 43, 97, 91, 76, 10, 30, 85, 45, 71, 64, 1, 23, 17, 83, 24, 14, 60, 36, 6, 57, 40, 88, 65, 56, 79, 94, 67, 68, 46, 75, 38, 9, 19, 32, 41, 81, 27, 87, 90, 58, 59, 11, 16, 72, 73, 70, 39, 37, 84, 3, 92, 25, 55, 48, 62, 29, 51, 96, 33, 61, 98, 66, 89, 50, 4, 7, 53, 80, 8, 28, 34, 49, 52, 0, 74, 69, 2, 13]|[1, 1, 0, 1, 1, 0, 1, 1, 2, 1, 2, 2, 2, 1, 1, 0, 0, 1, 0, 2, 2, 0, 1, 2, 0, 1, 2, 2, 0, 0, 1, 2, 1, 2, 1, 0, 2, 0, 1, 1, 0, 1, 1, 1, 0, 2, 1, 1, 0, 0, 0, 0, 1, 1, 2, 1, 0, 2, 0, 2, 1, 0, 1, 2, 1, 2, 1, 1, 1, 1, 1, 1, 0, 1, 2, 0, 2, 0, 0, 2, 2, 1, 2, 2, 1, 0, 1, 2, 0, 0, 1, 0, 2, 0, 1, 0, 2, 1, 0, 0]|[0, 3, 2, 2, 4, 1, 2, 3, 2, 4, 1, 1, 2, 4, 4, 1, 1, 4, 2, 1, 1, 1, 1, 2, 1, 2, 1, 1, 2, 1, 3, 2, 3, 0, 4, 0, 1, 1, 0, 3, 2, 2, 2, 0, 1, 1, 0, 4, 0, 1, 2, 2, 1, 4, 0, 3, 1, 1, 1, 1, 3, 1, 1, 1, 3, 0, 4, 3, 1, 4, 1, 1, 0, 4, 1, 1, 1, 1, 1, 1, 1, 3, 1, 1, 1, 1, 4, 1, 2, 1, 3, 2, 1, 1, 1, 2, 1, 4, 2, 2]|[0, 2, 1, 1, 3, 0, 1, 3, 0, 0, 0, 0, 1, 0, 1, 0, 0, 3, 1, 0, 0, 0, 3, 1, 0, 2, 0, 0, 0, 1, 0, 0, 0, 0, 3, 0, 1, 0, 0, 2, 1, 1, 1, 0, 0, 0, 0, 2, 1, 0, 0, 0, 1, 3, 0, 0, 0, 0, 0, 0, 2, 0, 1, 0, 2, 1, 0, 0, 1, 1, 3, 1, 1, 3, 0, 0, 0, 0, 0, 0, 0, 0, 0, 0, 1, 0, 0, 0, 1, 0, 2, 1, 0, 1, 1, 0, 0, 2, 0, 0],729.4630855162613,56977.85706863535,93928.98543188533,false
45,G4_BALANCED,G3_TWC,[31, 22, 82, 15, 26, 58, 95, 42, 77, 12, 47, 5, 93, 78, 98, 54, 85, 63, 18, 44, 20, 35, 43, 97, 91, 76, 10, 30, 21, 45, 71, 64, 1, 23, 17, 83, 24, 14, 60, 36, 6, 57, 94, 88, 65, 56, 79, 40, 89, 68, 46, 75, 38, 9, 19, 32, 81, 41, 27, 62, 87, 90, 99, 59, 28, 16, 72, 73, 70, 39, 37, 84, 3, 92, 25, 55, 11, 29, 51, 7, 33, 61, 86, 66, 67, 50, 69, 96, 53, 80, 4, 8, 48, 49, 52, 2, 13, 0, 34, 74]|[1, 1, 0, 1, 1, 1, 2, 1, 2, 1, 2, 2, 2, 1, 1, 0, 0, 1, 0, 2, 2, 0, 1, 2, 0, 1, 2, 2, 0, 0, 1, 2, 1, 2, 1, 0, 2, 0, 1, 1, 0, 1, 1, 1, 0, 2, 1, 1, 0, 0, 0, 0, 1, 1, 2, 1, 2, 0, 0, 0, 2, 1, 0, 1, 0, 1, 2, 1, 1, 1, 1, 1, 2, 0, 1, 1, 2, 0, 0, 1, 2, 1, 0, 2, 1, 0, 1, 2, 0, 0, 0, 1, 0, 0, 1, 0, 0, 0, 2, 2]|[4, 3, 2, 2, 0, 0, 2, 2, 2, 4, 1, 1, 2, 4, 4, 1, 1, 4, 2, 1, 1, 1, 1, 2, 1, 2, 1, 1, 1, 1, 3, 2, 3, 1, 4, 0, 2, 1, 0, 3, 2, 2, 4, 0, 1, 1, 0, 2, 0, 1, 2, 2, 1, 4, 0, 3, 2, 1, 1, 2, 1, 3, 1, 1, 2, 3, 0, 4, 3, 1, 4, 1, 1, 2, 4, 4, 1, 1, 1, 3, 1, 3, 1, 1, 1, 1, 3, 1, 2, 1, 2, 3, 1, 1, 1, 2, 2, 2, 1, 1]|[0, 2, 1, 1, 3, 3, 0, 1, 0, 0, 0, 0, 1, 0, 1, 0, 0, 3, 1, 0, 0, 0, 3, 1, 0, 2, 0, 0, 0, 1, 0, 0, 0, 0, 3, 0, 1, 0, 0, 2, 1, 1, 2, 0, 0, 0, 0, 1, 1, 0, 0, 0, 1, 3, 0, 0, 1, 0, 0, 1, 0, 2, 0, 1, 1, 2, 1, 0, 0, 1, 1, 3, 0, 1, 3, 3, 0, 0, 0, 2, 0, 0, 0, 0, 1, 0, 0, 0, 1, 0, 1, 2, 0, 1, 1, 0, 0, 0, 0, 0],764.0232772397909,57603.796334211554,89303.94614703994,true
45,G2_TEC,G2_TEC,[31, 22, 82, 15, 26, 9, 95, 42, 77, 68, 47, 5, 93, 78, 86, 54, 85, 63, 18, 44, 20, 49, 36, 14, 74, 50, 53, 17, 21, 28, 11, 64, 3, 23, 30, 83, 24, 41, 40, 52, 65, 27, 90, 70, 39, 87, 48, 69, 99, 4, 75, 1, 13, 58, 97, 59, 45, 8, 73, 37, 35, 79, 71, 66, 76, 32, 60, 80, 56, 6, 67, 61, 33, 7, 57, 34, 12, 16, 10, 98, 96, 88, 43, 81, 91, 2, 84, 29, 92, 19, 51, 55, 46, 89, 25, 72, 94, 38, 62, 0]|[2, 1, 2, 1, 1, 2, 1, 1, 1, 1, 1, 0, 2, 2, 1, 2, 0, 0, 0, 2, 2, 1, 0, 2, 0, 2, 2, 1, 0, 1, 1, 1, 0, 0, 1, 0, 2, 1, 2, 2, 0, 0, 1, 1, 0, 2, 0, 2, 1, 0, 0, 2, 0, 0, 2, 0, 1, 1, 0, 0, 2, 1, 1, 2, 2, 0, 2, 2, 2, 1, 2, 1, 1, 2, 0, 1, 1, 2, 1, 2, 0, 1, 1, 1, 1, 0, 0, 1, 0, 1, 1, 0, 0, 1, 1, 1, 2, 0, 1, 2]|[0, 3, 0, 3, 4, 1, 4, 4, 2, 4, 3, 2, 1, 0, 2, 1, 1, 1, 2, 1, 1, 3, 0, 1, 0, 1, 1, 4, 1, 4, 3, 2, 2, 0, 4, 1, 1, 4, 1, 1, 2, 1, 4, 4, 1, 1, 0, 1, 3, 2, 2, 1, 2, 1, 1, 2, 4, 3, 0, 2, 2, 3, 3, 1, 1, 2, 1, 1, 1, 4, 1, 3, 4, 1, 2, 4, 3, 1, 3, 1, 2, 4, 4, 4, 3, 2, 2, 3, 2, 4, 3, 2, 2, 4, 4, 4, 1, 2, 3, 1]|[0, 2, 0, 0, 3, 0, 1, 3, 0, 0, 2, 0, 1, 0, 1, 0, 0, 0, 1, 0, 0, 2, 0, 0, 1, 0, 0, 3, 0, 1, 0, 2, 0, 0, 3, 0, 1, 1, 0, 0, 0, 0, 1, 3, 0, 0, 1, 0, 2, 0, 0, 0, 0, 0, 1, 0, 1, 0, 1, 1, 0, 2, 0, 0, 0, 0, 0, 0, 0, 2, 0, 0, 1, 0, 0, 1, 0, 0, 3, 0, 0, 1, 2, 2, 0, 0, 0, 3, 0, 1, 0, 0, 0, 1, 3, 1, 0, 0, 0, 0],900.0760482104305,49104.85573898611,106612.48357517918,false
45,G3_TWC,G3_TWC,[31, 22, 42, 15, 26, 58, 95, 82, 77, 12, 47, 5, 93, 78, 98, 54, 85, 63, 18, 44, 20, 35, 43, 97, 91, 76, 10, 30, 21, 45, 71, 64, 1, 23, 17, 83, 24, 61, 60, 36, 6, 57, 94, 88, 65, 56, 79, 40, 67, 68, 46, 75, 38, 9, 19, 32, 81, 41, 27, 62, 87, 90, 99, 59, 11, 16, 72, 73, 70, 39, 37, 84, 3, 92, 25, 74, 28, 29, 51, 7, 53, 14, 86, 48, 89, 50, 66, 96, 33, 80, 4, 8, 34, 49, 52, 0, 13, 2, 69, 55]|[1, 1, 0, 1, 1, 1, 2, 1, 2, 1, 2, 2, 2, 1, 1, 0, 0, 1, 0, 2, 2, 0, 1, 2, 0, 1, 2, 2, 0, 0, 1, 2, 1, 2, 1, 0, 2, 0, 1, 1, 0, 1, 1, 1, 0, 2, 1, 1, 0, 0, 0, 0, 1, 1, 2, 1, 2, 0, 0, 0, 2, 1, 0, 1, 2, 1, 2, 1, 1, 1, 1, 1, 2, 0, 1, 2, 0, 0, 0, 1, 0, 1, 0, 0, 1, 0, 0, 0, 2, 0, 0, 1, 2, 0, 1, 0, 0, 0, 1, 1]|[4, 3, 2, 2, 0, 0, 2, 2, 2, 4, 1, 1, 2, 4, 4, 1, 1, 4, 2, 1, 1, 1, 1, 2, 1, 2, 1, 1, 1, 1, 3, 2, 3, 0, 4, 0, 1, 1, 0, 3, 2, 2, 4, 0, 1, 1, 0, 2, 0, 1, 2, 2, 1, 4, 0, 3, 2, 1, 1, 2, 1, 3, 1, 1, 1, 3, 0, 4, 3, 1, 4, 1, 1, 2, 4, 1, 2, 1, 1, 3, 2, 3, 1, 1, 1, 1, 1, 1, 1, 1, 2, 3, 1, 1, 1, 2, 2, 2, 3, 4]|[0, 2, 1, 1, 3, 3, 0, 1, 0, 0, 0, 0, 1, 0, 1, 0, 0, 3, 1, 0, 0, 0, 3, 1, 0, 2, 0, 0, 0, 1, 0, 0, 0, 0, 3, 0, 1, 0, 0, 2, 1, 1, 2, 0, 0, 0, 0, 1, 1, 0, 0, 0, 1, 3, 0, 0, 1, 0, 0, 1, 0, 2, 0, 1, 0, 2, 1, 0, 0, 1, 1, 3, 0, 1, 3, 0, 1, 0, 0, 2, 1, 0, 0, 0, 1, 0, 0, 0, 0, 0, 1, 2, 0, 1, 1, 0, 0, 0, 0, 3],804.6875225521468,57746.82533348298,88068.50778672317,false
46,G1_CMAX,G3_TWC,[31, 22, 82, 15, 26, 58, 95, 42, 77, 12, 47, 5, 93, 78, 98, 54, 85, 63, 18, 44, 20, 35, 43, 97, 91, 76, 10, 30, 21, 45, 71, 64, 1, 23, 17, 83, 24, 14, 60, 36, 6, 57, 94, 88, 65, 56, 79, 40, 67, 68, 46, 75, 38, 9, 19, 32, 81, 41, 27, 62, 87, 90, 99, 59, 53, 16, 72, 73, 70, 39, 37, 84, 3, 92, 25, 55, 28, 29, 51, 50, 33, 61, 86, 48, 89, 7, 69, 96, 11, 80, 4, 8, 34, 49, 52, 0, 13, 74, 66, 2]|[1, 1, 0, 1, 1, 1, 2, 1, 2, 1, 2, 2, 2, 1, 1, 0, 0, 1, 0, 2, 2, 0, 1, 2, 0, 1, 2, 2, 0, 0, 1, 2, 1, 2, 1, 0, 2, 0, 1, 1, 0, 1, 1, 1, 0, 2, 1, 1, 0, 0, 0, 0, 1, 1, 2, 1, 2, 2, 0, 0, 2, 1, 0, 1, 2, 1, 2, 1, 1, 1, 1, 1, 2, 0, 1, 1, 0, 0, 0, 0, 2, 1, 0, 0, 1, 1, 1, 2, 0, 0, 1, 1, 2, 0, 1, 0, 0, 2, 2, 0]|[4, 3, 2, 2, 0, 0, 2, 2, 2, 4, 1, 1, 2, 4, 4, 1, 1, 4, 2, 1, 1, 1, 1, 2, 1, 2, 1, 1, 1, 1, 3, 2, 3, 0, 4, 0, 1, 1, 0, 3, 2, 2, 4, 0, 1, 1, 0, 2, 0, 1, 2, 2, 1, 4, 0, 3, 2, 1, 1, 2, 1, 3, 1, 1, 1, 3, 0, 4, 3, 1, 4, 1, 1, 2, 4, 4, 2, 1, 1, 1, 1, 3, 1, 1, 1, 3, 3, 1, 2, 1, 4, 3, 1, 1, 1, 2, 2, 1, 1, 2]|[0, 2, 1, 1, 3, 3, 0, 1, 0, 0, 0, 0, 1, 0, 1, 0, 0, 3, 1, 0, 0, 0, 3, 1, 0, 2, 0, 0, 0, 1, 0, 0, 0, 0, 3, 0, 1, 0, 0, 2, 1, 1, 2, 0, 0, 0, 0, 1, 1, 0, 0, 0, 1, 3, 0, 0, 1, 0, 0, 1, 0, 2, 0, 1, 0, 2, 1, 0, 0, 1, 1, 3, 0, 1, 3, 3, 1, 0, 0, 0, 0, 0, 0, 0, 1, 2, 0, 0, 1, 0, 0, 2, 0, 1, 1, 0, 0, 0, 0, 0],732.8098429350143,57177.470883335554,91872.2357524418,true
46,G4_BALANCED,G2_TEC,[31, 22, 82, 15, 26, 9, 95, 42, 77, 68, 47, 5, 93, 78, 86, 54, 85, 63, 18, 44, 20, 49, 36, 14, 74, 50, 53, 17, 21, 28, 11, 64, 3, 23, 30, 83, 24, 41, 40, 52, 65, 27, 90, 70, 39, 87, 48, 69, 99, 4, 75, 1, 13, 58, 97, 59, 45, 8, 73, 37, 35, 79, 71, 66, 76, 32, 60, 80, 56, 6, 67, 61, 33, 7, 57, 34, 12, 16, 10, 98, 96, 88, 43, 46, 91, 38, 84, 92, 29, 19, 51, 55, 81, 89, 25, 72, 94, 2, 62, 0]|[2, 1, 2, 1, 1, 2, 1, 1, 1, 1, 1, 0, 2, 2, 1, 2, 0, 0, 0, 2, 2, 1, 0, 2, 0, 2, 2, 1, 0, 1, 1, 1, 0, 0, 1, 0, 2, 1, 2, 2, 0, 0, 1, 1, 0, 2, 0, 2, 1, 0, 0, 2, 0, 0, 2, 0, 1, 1, 0, 0, 2, 1, 1, 2, 2, 0, 2, 2, 0, 1, 2, 1, 1, 2, 0, 1, 1, 2, 1, 2, 0, 1, 1, 0, 1, 0, 0, 0, 1, 1, 1, 0, 1, 1, 1, 1, 2, 2, 1, 0]|[0, 3, 0, 3, 4, 1, 4, 4, 2, 4, 3, 2, 1, 0, 2, 1, 1, 1, 2, 1, 1, 3, 0, 1, 0, 1, 1, 4, 1, 4, 3, 2, 2, 0, 4, 1, 1, 4, 1, 1, 2, 1, 4, 4, 1, 1, 0, 2, 3, 2, 2, 1, 2, 1, 1, 2, 4, 3, 0, 2, 2, 3, 3, 1, 1, 2, 1, 1, 2, 4, 1, 3, 4, 1, 2, 4, 3, 1, 3, 1, 2, 4, 4, 2, 3, 2, 2, 2, 3, 4, 3, 2, 4, 4, 4, 4, 1, 1, 3, 2]|[0, 2, 0, 0, 3, 0, 1, 3, 0, 0, 2, 0, 1, 0, 1, 0, 0, 0, 1, 0, 0, 2, 0, 0, 1, 0, 0, 3, 0, 1, 0, 2, 0, 0, 3, 0, 1, 1, 0, 0, 0, 0, 1, 3, 0, 0, 1, 0, 2, 0, 0, 0, 0, 1, 1, 0, 1, 0, 1, 1, 0, 2, 0, 0, 0, 0, 0, 0, 0, 2, 0, 0, 1, 0, 0, 1, 0, 0, 3, 0, 0, 1, 2, 0, 0, 0, 0, 0, 3, 1, 0, 0, 2, 1, 3, 1, 0, 0, 0, 0],885.6123526659268,49549.8041401863,105205.43819517635,true
46,G2_TEC,G2_TEC,[31, 22, 82, 15, 26, 9, 95, 42, 77, 68, 47, 5, 93, 78, 86, 54, 85, 63, 18, 44, 20, 49, 36, 14, 74, 50, 53, 17, 21, 28, 11, 64, 3, 23, 30, 83, 24, 41, 40, 52, 65, 27, 90, 70, 39, 87, 48, 69, 99, 4, 75, 1, 13, 58, 97, 59, 45, 8, 73, 37, 35, 79, 71, 66, 76, 32, 60, 80, 56, 6, 67, 61, 33, 7, 57, 34, 12, 16, 10, 98, 96, 88, 43, 81, 91, 2, 84, 29, 92, 19, 51, 55, 46, 89, 25, 72, 94, 38, 62, 0]|[2, 1, 2, 1, 1, 2, 1, 1, 1, 1, 1, 0, 2, 2, 1, 2, 0, 0, 0, 2, 2, 1, 0, 2, 0, 2, 2, 1, 0, 1, 1, 1, 0, 0, 1, 0, 2, 1, 2, 2, 0, 0, 1, 1, 0, 2, 0, 2, 1, 0, 0, 2, 0, 0, 2, 0, 1, 1, 0, 0, 2, 1, 1, 2, 2, 0, 2, 2, 2, 1, 2, 1, 1, 2, 0, 1, 1, 2, 1, 2, 0, 1, 1, 1, 1, 0, 0, 1, 0, 1, 1, 0, 0, 1, 1, 1, 2, 0, 1, 2]|[0, 3, 0, 3, 4, 1, 4, 4, 2, 4, 3, 2, 1, 0, 2, 1, 1, 1, 2, 1, 1, 3, 0, 1, 0, 1, 1, 4, 1, 4, 3, 2, 2, 0, 4, 1, 1, 4, 1, 1, 2, 1, 4, 4, 1, 1, 0, 1, 3, 2, 2, 1, 2, 1, 1, 2, 4, 3, 0, 2, 2, 3, 3, 1, 1, 2, 1, 1, 1, 4, 1, 3, 4, 1, 2, 4, 3, 1, 3, 1, 2, 4, 4, 4, 3, 2, 2, 3, 2, 4, 3, 2, 2, 4, 4, 4, 1, 2, 3, 1]|[0, 2, 0, 0, 3, 0, 1, 3, 0, 0, 2, 0, 1, 0, 1, 0, 0, 0, 1, 0, 0, 2, 0, 0, 1, 0, 0, 3, 0, 1, 0, 2, 0, 0, 3, 0, 1, 1, 0, 0, 0, 0, 1, 3, 0, 0, 1, 0, 2, 0, 0, 0, 0, 0, 1, 0, 1, 0, 1, 1, 0, 2, 0, 0, 0, 0, 0, 0, 0, 2, 0, 0, 1, 0, 0, 1, 0, 0, 3, 0, 0, 1, 2, 2, 0, 0, 0, 3, 0, 1, 0, 0, 0, 1, 3, 1, 0, 0, 0, 0],900.0760482104305,49104.85573898611,106612.48357517918,false
46,G3_TWC,G3_TWC,[31, 22, 42, 15, 26, 58, 95, 82, 77, 12, 47, 5, 93, 78, 98, 54, 85, 63, 18, 44, 20, 35, 43, 97, 91, 76, 10, 30, 21, 45, 71, 64, 1, 23, 17, 83, 24, 61, 60, 36, 6, 57, 94, 88, 65, 56, 79, 40, 67, 68, 46, 75, 38, 9, 19, 32, 81, 41, 27, 62, 87, 90, 99, 59, 11, 16, 72, 73, 70, 39, 37, 84, 3, 92, 25, 74, 28, 29, 51, 7, 53, 14, 86, 48, 89, 50, 66, 96, 33, 80, 4, 8, 34, 49, 52, 0, 13, 2, 69, 55]|[1, 1, 0, 1, 1, 1, 2, 1, 2, 1, 2, 2, 2, 1, 1, 0, 0, 1, 0, 2, 2, 0, 1, 2, 0, 1, 2, 2, 0, 0, 1, 2, 1, 2, 1, 0, 2, 0, 1, 1, 0, 1, 1, 1, 0, 2, 1, 1, 0, 0, 0, 0, 1, 1, 2, 1, 2, 0, 0, 0, 2, 1, 0, 1, 2, 1, 2, 1, 1, 1, 1, 1, 2, 0, 1, 2, 0, 0, 0, 1, 0, 1, 0, 0, 1, 0, 0, 0, 2, 0, 0, 1, 2, 0, 1, 0, 0, 0, 1, 1]|[4, 3, 2, 2, 0, 0, 2, 2, 2, 4, 1, 1, 2, 4, 4, 1, 1, 4, 2, 1, 1, 1, 1, 2, 1, 2, 1, 1, 1, 1, 3, 2, 3, 0, 4, 0, 1, 1, 0, 3, 2, 2, 4, 0, 1, 1, 0, 2, 0, 1, 2, 2, 1, 4, 0, 3, 2, 1, 1, 2, 1, 3, 1, 1, 1, 3, 0, 4, 3, 1, 4, 1, 1, 2, 4, 1, 2, 1, 1, 3, 2, 3, 1, 1, 1, 1, 1, 1, 1, 1, 2, 3, 1, 1, 1, 2, 2, 2, 3, 4]|[0, 2, 1, 1, 3, 3, 0, 1, 0, 0, 0, 0, 1, 0, 1, 0, 0, 3, 1, 0, 0, 0, 3, 1, 0, 2, 0, 0, 0, 1, 0, 0, 0, 0, 3, 0, 1, 0, 0, 2, 1, 1, 2, 0, 0, 0, 0, 1, 1, 0, 0, 0, 1, 3, 0, 0, 1, 0, 0, 1, 0, 2, 0, 1, 0, 2, 1, 0, 0, 1, 1, 3, 0, 1, 3, 0, 1, 0, 0, 2, 1, 0, 0, 0, 1, 0, 0, 0, 0, 0, 1, 2, 0, 1, 1, 0, 0, 0, 0, 3],804.6875225521468,57746.82533348298,88068.50778672317,false
46,G1_CMAX,G1_CMAX,[31, 22, 90, 26, 58, 95, 42, 12, 93, 5, 78, 86, 98, 18, 20, 35, 3, 97, 91, 76, 10, 85, 54, 45, 63, 71, 66, 1, 23, 17, 24, 60, 36, 6, 57, 15, 65, 56, 47, 79, 94, 67, 50, 46, 14, 75, 38, 9, 30, 19, 32, 81, 27, 92, 83, 87, 40, 99, 59, 11, 53, 16, 72, 77, 73, 70, 39, 37, 84, 43, 62, 25, 55, 28, 29, 51, 68, 82, 74, 61, 88, 21, 80, 89, 7, 69, 96, 41, 48, 4, 8, 34, 49, 52, 0, 44, 13, 2, 64, 33]|[1, 1, 1, 1, 0, 2, 1, 1, 2, 2, 2, 1, 0, 1, 2, 2, 1, 2, 0, 1, 2, 2, 2, 0, 0, 1, 2, 1, 2, 1, 2, 1, 1, 0, 1, 1, 0, 2, 2, 1, 1, 0, 0, 0, 0, 1, 1, 1, 1, 2, 1, 2, 2, 0, 0, 2, 1, 0, 0, 2, 0, 1, 2, 2, 1, 1, 1, 1, 1, 1, 0, 1, 1, 0, 0, 0, 0, 0, 2, 1, 1, 0, 0, 1, 1, 1, 2, 2, 0, 1, 1, 2, 0, 1, 0, 0, 0, 0, 2, 2]|[0, 4, 3, 0, 1, 1, 2, 4, 1, 1, 2, 4, 1, 4, 1, 1, 1, 2, 2, 2, 2, 1, 1, 1, 2, 3, 2, 3, 0, 4, 1, 0, 3, 2, 2, 2, 1, 1, 1, 0, 2, 0, 1, 2, 1, 3, 1, 4, 2, 0, 3, 2, 1, 2, 1, 1, 4, 1, 1, 1, 2, 3, 0, 2, 4, 3, 1, 4, 1, 1, 1, 4, 4, 2, 1, 1, 1, 2, 1, 3, 0, 1, 1, 1, 1, 3, 1, 1, 1, 4, 3, 1, 1, 1, 2, 2, 2, 2, 1, 1]|[3, 0, 2, 3, 0, 0, 1, 0, 0, 0, 1, 0, 0, 3, 0, 0, 1, 1, 1, 2, 1, 0, 0, 0, 0, 0, 0, 0, 0, 3, 1, 0, 2, 1, 1, 1, 0, 0, 0, 0, 1, 1, 0, 0, 0, 0, 1, 3, 2, 0, 0, 1, 0, 1, 0, 0, 2, 0, 0, 0, 1, 2, 1, 1, 0, 0, 1, 1, 3, 3, 0, 3, 3, 1, 0, 0, 0, 1, 0, 0, 0, 0, 0, 1, 2, 2, 0, 0, 0, 0, 2, 0, 1, 1, 0, 0, 0, 0, 0, 0],705.0470749739228,58445.79123614564,95781.2895945797,false
46,G4_BALANCED,G2_TEC,[31, 22, 82, 15, 26, 9, 95, 42, 77, 68, 47, 5, 93, 78, 86, 54, 85, 63, 18, 44, 20, 49, 36, 14, 74, 50, 53, 17, 21, 28, 11, 64, 3, 23, 30, 83, 24, 41, 40, 52, 65, 27, 90, 70, 39, 87, 48, 69, 99, 4, 75, 1, 13, 58, 97, 59, 45, 8, 73, 37, 35, 79, 71, 66, 76, 32, 60, 80, 56, 6, 67, 61, 33, 7, 57, 34, 12, 16, 10, 98, 96, 88, 43, 46, 91, 38, 84, 92, 29, 19, 51, 55, 81, 89, 25, 72, 94, 2, 62, 0]|[2, 1, 2, 1, 1, 2, 1, 1, 1, 1, 1, 0, 2, 2, 1, 2, 0, 0, 0, 2, 2, 1, 0, 2, 0, 2, 2, 1, 0, 1, 1, 1, 0, 0, 1, 0, 2, 1, 2, 2, 0, 0, 1, 1, 0, 2, 0, 2, 1, 0, 0, 2, 0, 0, 2, 0, 1, 1, 0, 0, 2, 1, 1, 2, 2, 0, 2, 2, 0, 1, 2, 1, 1, 2, 0, 1, 1, 2, 1, 2, 0, 1, 1, 0, 1, 0, 0, 0, 1, 1, 1, 0, 1, 1, 1, 1, 2, 2, 1, 0]|[0, 3, 0, 3, 4, 1, 4, 4, 2, 4, 3, 2, 1, 0, 2, 1, 1, 1, 2, 1, 1, 3, 0, 1, 0, 1, 1, 4, 1, 4, 3, 2, 2, 0, 4, 1, 1, 4, 1, 1, 2, 1, 4, 4, 1, 1, 0, 2, 3, 2, 2, 1, 2, 1, 1, 2, 4, 3, 0, 2, 2, 3, 3, 1, 1, 2, 1, 1, 2, 4, 1, 3, 4, 1, 2, 4, 3, 1, 3, 1, 2, 4, 4, 2, 3, 2, 2, 2, 3, 4, 3, 2, 4, 4, 4, 4, 1, 1, 3, 2]|[0, 2, 0, 0, 3, 0, 1, 3, 0, 0, 2, 0, 1, 0, 1, 0, 0, 0, 1, 0, 0, 2, 0, 0, 1, 0, 0, 3, 0, 1, 0, 2, 0, 0, 3, 0, 1, 1, 0, 0, 0, 0, 1, 3, 0, 0, 1, 0, 2, 0, 0, 0, 0, 1, 1, 0, 1, 0, 1, 1, 0, 2, 0, 0, 0, 0, 0, 0, 0, 2, 0, 0, 1, 0, 0, 1, 0, 0, 3, 0, 0, 1, 2, 0, 0, 0, 0, 0, 3, 1, 0, 0, 2, 1, 3, 1, 0, 0, 0, 0],885.6123526659268,49549.8041401863,105205.43819517635,true
46,G2_TEC,G2_TEC,[31, 22, 82, 15, 26, 9, 95, 42, 77, 68, 47, 5, 93, 78, 86, 54, 85, 63, 18, 44, 20, 49, 36, 14, 74, 50, 53, 17, 21, 28, 11, 64, 3, 23, 30, 83, 24, 41, 40, 52, 65, 27, 90, 70, 39, 87, 48, 69, 99, 4, 75, 1, 13, 58, 97, 59, 45, 8, 73, 37, 35, 79, 71, 66, 76, 32, 60, 80, 56, 6, 67, 61, 33, 7, 57, 34, 12, 16, 10, 98, 96, 88, 43, 81, 91, 2, 84, 29, 92, 19, 51, 55, 46, 89, 25, 72, 94, 38, 62, 0]|[2, 1, 2, 1, 1, 2, 1, 1, 1, 1, 1, 0, 2, 2, 1, 2, 0, 0, 0, 2, 2, 1, 0, 2, 0, 2, 2, 1, 0, 1, 1, 1, 0, 0, 1, 0, 2, 1, 2, 2, 0, 0, 1, 1, 0, 2, 0, 2, 1, 0, 0, 2, 0, 0, 2, 0, 1, 1, 0, 0, 2, 1, 1, 2, 2, 0, 2, 2, 2, 1, 2, 1, 1, 2, 0, 1, 1, 2, 1, 2, 0, 1, 1, 1, 1, 0, 0, 1, 0, 1, 1, 0, 0, 1, 1, 1, 2, 0, 1, 2]|[0, 3, 0, 3, 4, 1, 4, 4, 2, 4, 3, 2, 1, 0, 2, 1, 1, 1, 2, 1, 1, 3, 0, 1, 0, 1, 1, 4, 1, 4, 3, 2, 2, 0, 4, 1, 1, 4, 1, 1, 2, 1, 4, 4, 1, 1, 0, 1, 3, 2, 2, 1, 2, 1, 1, 2, 4, 3, 0, 2, 2, 3, 3, 1, 1, 2, 1, 1, 1, 4, 1, 3, 4, 1, 2, 4, 3, 1, 3, 1, 2, 4, 4, 4, 3, 2, 2, 3, 2, 4, 3, 2, 2, 4, 4, 4, 1, 2, 3, 1]|[0, 2, 0, 0, 3, 0, 1, 3, 0, 0, 2, 0, 1, 0, 1, 0, 0, 0, 1, 0, 0, 2, 0, 0, 1, 0, 0, 3, 0, 1, 0, 2, 0, 0, 3, 0, 1, 1, 0, 0, 0, 0, 1, 3, 0, 0, 1, 0, 2, 0, 0, 0, 0, 0, 1, 0, 1, 0, 1, 1, 0, 2, 0, 0, 0, 0, 0, 0, 0, 2, 0, 0, 1, 0, 0, 1, 0, 0, 3, 0, 0, 1, 2, 2, 0, 0, 0, 3, 0, 1, 0, 0, 0, 1, 3, 1, 0, 0, 0, 0],900.0760482104305,49104.85573898611,106612.48357517918,false
46,G3_TWC,G3_TWC,[31, 22, 42, 15, 26, 58, 95, 82, 77, 12, 47, 5, 93, 78, 98, 54, 85, 63, 18, 44, 20, 35, 43, 97, 91, 76, 10, 30, 21, 45, 71, 64, 1, 23, 17, 83, 24, 61, 60, 36, 6, 57, 94, 88, 65, 56, 79, 40, 67, 68, 46, 75, 38, 9, 19, 32, 81, 41, 27, 62, 87, 90, 99, 59, 11, 16, 72, 73, 70, 39, 37, 84, 3, 92, 25, 74, 28, 29, 51, 7, 53, 14, 86, 48, 89, 50, 66, 96, 33, 80, 4, 8, 34, 49, 52, 0, 13, 2, 69, 55]|[1, 1, 0, 1, 1, 1, 2, 1, 2, 1, 2, 2, 2, 1, 1, 0, 0, 1, 0, 2, 2, 0, 1, 2, 0, 1, 2, 2, 0, 0, 1, 2, 1, 2, 1, 0, 2, 0, 1, 1, 0, 1, 1, 1, 0, 2, 1, 1, 0, 0, 0, 0, 1, 1, 2, 1, 2, 0, 0, 0, 2, 1, 0, 1, 2, 1, 2, 1, 1, 1, 1, 1, 2, 0, 1, 2, 0, 0, 0, 1, 0, 1, 0, 0, 1, 0, 0, 0, 2, 0, 0, 1, 2, 0, 1, 0, 0, 0, 1, 1]|[4, 3, 2, 2, 0, 0, 2, 2, 2, 4, 1, 1, 2, 4, 4, 1, 1, 4, 2, 1, 1, 1, 1, 2, 1, 2, 1, 1, 1, 1, 3, 2, 3, 0, 4, 0, 1, 1, 0, 3, 2, 2, 4, 0, 1, 1, 0, 2, 0, 1, 2, 2, 1, 4, 0, 3, 2, 1, 1, 2, 1, 3, 1, 1, 1, 3, 0, 4, 3, 1, 4, 1, 1, 2, 4, 1, 2, 1, 1, 3, 2, 3, 1, 1, 1, 1, 1, 1, 1, 1, 2, 3, 1, 1, 1, 2, 2, 2, 3, 4]|[0, 2, 1, 1, 3, 3, 0, 1, 0, 0, 0, 0, 1, 0, 1, 0, 0, 3, 1, 0, 0, 0, 3, 1, 0, 2, 0, 0, 0, 1, 0, 0, 0, 0, 3, 0, 1, 0, 0, 2, 1, 1, 2, 0, 0, 0, 0, 1, 1, 0, 0, 0, 1, 3, 0, 0, 1, 0, 0, 1, 0, 2, 0, 1, 0, 2, 1, 0, 0, 1, 1, 3, 0, 1, 3, 0, 1, 0, 0, 2, 1, 0, 0, 0, 1, 0, 0, 0, 0, 0, 1, 2, 0, 1, 1, 0, 0, 0, 0, 3],804.6875225521468,57746.82533348298,88068.50778672317,false
46,G1_CMAX,G1_CMAX,[31, 22, 90, 26, 58, 95, 42, 12, 93, 5, 78, 86, 98, 18, 20, 35, 3, 97, 91, 76, 10, 85, 54, 45, 63, 71, 66, 1, 23, 17, 24, 60, 36, 6, 57, 15, 65, 56, 47, 79, 94, 67, 50, 46, 14, 75, 38, 9, 30, 19, 32, 81, 27, 92, 83, 87, 40, 99, 59, 11, 53, 16, 72, 77, 73, 70, 39, 37, 84, 43, 62, 25, 55, 28, 29, 51, 68, 82, 74, 61, 88, 21, 80, 89, 7, 69, 96, 41, 48, 4, 8, 34, 49, 52, 0, 44, 13, 2, 64, 33]|[1, 1, 1, 1, 0, 2, 1, 1, 2, 2, 2, 1, 0, 1, 2, 2, 1, 2, 0, 1, 2, 2, 2, 0, 0, 1, 2, 1, 2, 1, 2, 1, 1, 0, 1, 1, 0, 2, 2, 1, 1, 0, 0, 0, 0, 1, 1, 1, 1, 2, 1, 2, 2, 0, 0, 2, 1, 0, 0, 2, 0, 1, 2, 2, 1, 1, 1, 1, 1, 1, 0, 1, 1, 0, 0, 0, 0, 0, 2, 1, 1, 0, 0, 1, 1, 1, 2, 2, 0, 1, 1, 2, 0, 1, 0, 0, 0, 0, 2, 2]|[0, 4, 3, 0, 1, 1, 2, 4, 1, 1, 2, 4, 1, 4, 1, 1, 1, 2, 2, 2, 2, 1, 1, 1, 2, 3, 2, 3, 0, 4, 1, 0, 3, 2, 2, 2, 1, 1, 1, 0, 2, 0, 1, 2, 1, 3, 1, 4, 2, 0, 3, 2, 1, 2, 1, 1, 4, 1, 1, 1, 2, 3, 0, 2, 4, 3, 1, 4, 1, 1, 1, 4, 4, 2, 1, 1, 1, 2, 1, 3, 0, 1, 1, 1, 1, 3, 1, 1, 1, 4, 3, 1, 1, 1, 2, 2, 2, 2, 1, 1]|[3, 0, 2, 3, 0, 0, 1, 0, 0, 0, 1, 0, 0, 3, 0, 0, 1, 1, 1, 2, 1, 0, 0, 0, 0, 0, 0, 0, 0, 3, 1, 0, 2, 1, 1, 1, 0, 0, 0, 0, 1, 1, 0, 0, 0, 0, 1, 3, 2, 0, 0, 1, 0, 1, 0, 0, 2, 0, 0, 0, 1, 2, 1, 1, 0, 0, 1, 1, 3, 3, 0, 3, 3, 1, 0, 0, 0, 1, 0, 0, 0, 0, 0, 1, 2, 2, 0, 0, 0, 0, 2, 0, 1, 1, 0, 0, 0, 0, 0, 0],705.0470749739228,58445.79123614564,95781.2895945797,false
46,G4_BALANCED,G1_CMAX,[22, 82, 3, 58, 95, 42, 77, 47, 5, 93, 78, 12, 86, 54, 50, 63, 18, 44, 20, 35, 43, 97, 91, 76, 10, 30, 21, 45, 71, 64, 36, 23, 17, 83, 24, 14, 60, 1, 6, 40, 57, 90, 65, 56, 79, 94, 67, 68, 46, 75, 38, 9, 19, 32, 81, 41, 27, 62, 16, 55, 59, 89, 88, 87, 31, 72, 73, 70, 39, 37, 84, 92, 25, 11, 48, 15, 29, 51, 7, 33, 61, 98, 28, 99, 26, 85, 66, 96, 53, 80, 4, 8, 34, 49, 52, 2, 13, 0, 69, 74]|[1, 0, 1, 0, 1, 2, 2, 2, 2, 2, 1, 1, 1, 0, 0, 1, 0, 2, 2, 0, 1, 2, 0, 1, 2, 2, 0, 0, 1, 2, 1, 2, 1, 0, 2, 0, 1, 1, 0, 1, 1, 1, 0, 2, 1, 1, 0, 0, 0, 0, 1, 1, 2, 1, 2, 0, 0, 0, 1, 2, 1, 1, 1, 1, 1, 2, 1, 2, 1, 1, 1, 0, 1, 2, 2, 1, 0, 0, 1, 2, 1, 2, 0, 1, 1, 0, 0, 2, 0, 0, 1, 1, 2, 0, 1, 0, 0, 0, 1, 2]|[3, 2, 1, 1, 2, 1, 2, 1, 1, 2, 4, 4, 4, 1, 1, 4, 2, 1, 1, 1, 1, 2, 1, 2, 1, 1, 2, 1, 3, 2, 3, 1, 4, 1, 1, 1, 0, 3, 2, 2, 2, 3, 1, 1, 0, 4, 0, 1, 2, 2, 1, 4, 0, 3, 2, 1, 1, 2, 3, 1, 1, 1, 0, 3, 0, 0, 3, 0, 1, 4, 1, 0, 4, 1, 1, 4, 1, 1, 1, 1, 3, 1, 2, 1, 0, 2, 1, 1, 2, 1, 4, 3, 1, 1, 1, 2, 2, 2, 4, 1]|[3, 1, 2, 0, 1, 0, 0, 0, 0, 1, 0, 0, 1, 0, 0, 3, 1, 0, 0, 0, 3, 1, 0, 2, 0, 0, 0, 1, 0, 0, 2, 0, 3, 0, 1, 0, 0, 0, 1, 1, 1, 2, 0, 0, 0, 2, 1, 0, 0, 0, 1, 3, 0, 0, 1, 0, 0, 1, 2, 0, 1, 1, 0, 2, 0, 1, 0, 1, 1, 1, 1, 1, 3, 0, 0, 3, 0, 0, 2, 0, 0, 0, 1, 1, 3, 0, 0, 0, 1, 0, 0, 2, 0, 1, 1, 0, 0, 0, 2, 0],715.7913946700162,58060.95961022334,95287.06515100288,true
46,G2_TEC,G2_TEC,[31, 22, 82, 15, 26, 9, 95, 42, 77, 68, 47, 5, 93, 78, 86, 54, 85, 63, 18, 44, 20, 49, 36, 14, 74, 50, 53, 17, 21, 28, 11, 64, 3, 23, 30, 83, 24, 41, 40, 52, 65, 27, 90, 70, 39, 87, 48, 69, 99, 4, 75, 1, 13, 58, 97, 59, 45, 8, 73, 37, 35, 79, 71, 66, 76, 32, 60, 80, 56, 6, 67, 61, 33, 7, 57, 34, 12, 16, 10, 98, 96, 88, 43, 81, 91, 2, 84, 29, 92, 19, 51, 55, 46, 89, 25, 72, 94, 38, 62, 0]|[2, 1, 2, 1, 1, 2, 1, 1, 1, 1, 1, 0, 2, 2, 1, 2, 0, 0, 0, 2, 2, 1, 0, 2, 0, 2, 2, 1, 0, 1, 1, 1, 0, 0, 1, 0, 2, 1, 2, 2, 0, 0, 1, 1, 0, 2, 0, 2, 1, 0, 0, 2, 0, 0, 2, 0, 1, 1, 0, 0, 2, 1, 1, 2, 2, 0, 2, 2, 2, 1, 2, 1, 1, 2, 0, 1, 1, 2, 1, 2, 0, 1, 1, 1, 1, 0, 0, 1, 0, 1, 1, 0, 0, 1, 1, 1, 2, 0, 1, 2]|[0, 3, 0, 3, 4, 1, 4, 4, 2, 4, 3, 2, 1, 0, 2, 1, 1, 1, 2, 1, 1, 3, 0, 1, 0, 1, 1, 4, 1, 4, 3, 2, 2, 0, 4, 1, 1, 4, 1, 1, 2, 1, 4, 4, 1, 1, 0, 1, 3, 2, 2, 1, 2, 1, 1, 2, 4, 3, 0, 2, 2, 3, 3, 1, 1, 2, 1, 1, 1, 4, 1, 3, 4, 1, 2, 4, 3, 1, 3, 1, 2, 4, 4, 4, 3, 2, 2, 3, 2, 4, 3, 2, 2, 4, 4, 4, 1, 2, 3, 1]|[0, 2, 0, 0, 3, 0, 1, 3, 0, 0, 2, 0, 1, 0, 1, 0, 0, 0, 1, 0, 0, 2, 0, 0, 1, 0, 0, 3, 0, 1, 0, 2, 0, 0, 3, 0, 1, 1, 0, 0, 0, 0, 1, 3, 0, 0, 1, 0, 2, 0, 0, 0, 0, 0, 1, 0, 1, 0, 1, 1, 0, 2, 0, 0, 0, 0, 0, 0, 0, 2, 0, 0, 1, 0, 0, 1, 0, 0, 3, 0, 0, 1, 2, 2, 0, 0, 0, 3, 0, 1, 0, 0, 0, 1, 3, 1, 0, 0, 0, 0],900.0760482104305,49104.85573898611,106612.48357517918,false
46,G3_TWC,G3_TWC,[31, 22, 42, 15, 26, 58, 95, 82, 77, 12, 47, 5, 93, 78, 98, 54, 85, 63, 18, 44, 20, 35, 43, 97, 91, 76, 10, 30, 21, 45, 71, 64, 1, 23, 17, 83, 24, 61, 60, 36, 6, 57, 94, 88, 65, 56, 79, 40, 67, 68, 46, 75, 38, 9, 19, 32, 81, 41, 27, 62, 87, 90, 99, 59, 11, 16, 72, 73, 70, 39, 37, 84, 3, 92, 25, 74, 28, 29, 51, 7, 53, 14, 86, 48, 89, 50, 66, 96, 33, 80, 4, 8, 34, 49, 52, 0, 13, 2, 69, 55]|[1, 1, 0, 1, 1, 1, 2, 1, 2, 1, 2, 2, 2, 1, 1, 0, 0, 1, 0, 2, 2, 0, 1, 2, 0, 1, 2, 2, 0, 0, 1, 2, 1, 2, 1, 0, 2, 0, 1, 1, 0, 1, 1, 1, 0, 2, 1, 1, 0, 0, 0, 0, 1, 1, 2, 1, 2, 0, 0, 0, 2, 1, 0, 1, 2, 1, 2, 1, 1, 1, 1, 1, 2, 0, 1, 2, 0, 0, 0, 1, 0, 1, 0, 0, 1, 0, 0, 0, 2, 0, 0, 1, 2, 0, 1, 0, 0, 0, 1, 1]|[4, 3, 2, 2, 0, 0, 2, 2, 2, 4, 1, 1, 2, 4, 4, 1, 1, 4, 2, 1, 1, 1, 1, 2, 1, 2, 1, 1, 1, 1, 3, 2, 3, 0, 4, 0, 1, 1, 0, 3, 2, 2, 4, 0, 1, 1, 0, 2, 0, 1, 2, 2, 1, 4, 0, 3, 2, 1, 1, 2, 1, 3, 1, 1, 1, 3, 0, 4, 3, 1, 4, 1, 1, 2, 4, 1, 2, 1, 1, 3, 2, 3, 1, 1, 1, 1, 1, 1, 1, 1, 2, 3, 1, 1, 1, 2, 2, 2, 3, 4]|[0, 2, 1, 1, 3, 3, 0, 1, 0, 0, 0, 0, 1, 0, 1, 0, 0, 3, 1, 0, 0, 0, 3, 1, 0, 2, 0, 0, 0, 1, 0, 0, 0, 0, 3, 0, 1, 0, 0, 2, 1, 1, 2, 0, 0, 0, 0, 1, 1, 0, 0, 0, 1, 3, 0, 0, 1, 0, 0, 1, 0, 2, 0, 1, 0, 2, 1, 0, 0, 1, 1, 3, 0, 1, 3, 0, 1, 0, 0, 2, 1, 0, 0, 0, 1, 0, 0, 0, 0, 0, 1, 2, 0, 1, 1, 0, 0, 0, 0, 3],804.6875225521468,57746.82533348298,88068.50778672317,false
46,G1_CMAX,G1_CMAX,[31, 22, 90, 26, 58, 95, 42, 12, 93, 5, 78, 86, 98, 18, 20, 35, 3, 97, 91, 76, 10, 85, 54, 45, 63, 71, 66, 1, 23, 17, 24, 60, 36, 6, 57, 15, 65, 56, 47, 79, 94, 67, 50, 46, 14, 75, 38, 9, 30, 19, 32, 81, 27, 92, 83, 87, 40, 99, 59, 11, 53, 16, 72, 77, 73, 70, 39, 37, 84, 43, 62, 25, 55, 28, 29, 51, 68, 82, 74, 61, 88, 21, 80, 89, 7, 69, 96, 41, 48, 4, 8, 34, 49, 52, 0, 44, 13, 2, 64, 33]|[1, 1, 1, 1, 0, 2, 1, 1, 2, 2, 2, 1, 0, 1, 2, 2, 1, 2, 0, 1, 2, 2, 2, 0, 0, 1, 2, 1, 2, 1, 2, 1, 1, 0, 1, 1, 0, 2, 2, 1, 1, 0, 0, 0, 0, 1, 1, 1, 1, 2, 1, 2, 2, 0, 0, 2, 1, 0, 0, 2, 0, 1, 2, 2, 1, 1, 1, 1, 1, 1, 0, 1, 1, 0, 0, 0, 0, 0, 2, 1, 1, 0, 0, 1, 1, 1, 2, 2, 0, 1, 1, 2, 0, 1, 0, 0, 0, 0, 2, 2]|[0, 4, 3, 0, 1, 1, 2, 4, 1, 1, 2, 4, 1, 4, 1, 1, 1, 2, 2, 2, 2, 1, 1, 1, 2, 3, 2, 3, 0, 4, 1, 0, 3, 2, 2, 2, 1, 1, 1, 0, 2, 0, 1, 2, 1, 3, 1, 4, 2, 0, 3, 2, 1, 2, 1, 1, 4, 1, 1, 1, 2, 3, 0, 2, 4, 3, 1, 4, 1, 1, 1, 4, 4, 2, 1, 1, 1, 2, 1, 3, 0, 1, 1, 1, 1, 3, 1, 1, 1, 4, 3, 1, 1, 1, 2, 2, 2, 2, 1, 1]|[3, 0, 2, 3, 0, 0, 1, 0, 0, 0, 1, 0, 0, 3, 0, 0, 1, 1, 1, 2, 1, 0, 0, 0, 0, 0, 0, 0, 0, 3, 1, 0, 2, 1, 1, 1, 0, 0, 0, 0, 1, 1, 0, 0, 0, 0, 1, 3, 2, 0, 0, 1, 0, 1, 0, 0, 2, 0, 0, 0, 1, 2, 1, 1, 0, 0, 1, 1, 3, 3, 0, 3, 3, 1, 0, 0, 0, 1, 0, 0, 0, 0, 0, 1, 2, 2, 0, 0, 0, 0, 2, 0, 1, 1, 0, 0, 0, 0, 0, 0],705.0470749739228,58445.79123614564,95781.2895945797,false
46,G4_BALANCED,G1_CMAX,[22, 82, 3, 58, 95, 42, 77, 47, 5, 93, 78, 12, 86, 54, 50, 63, 18, 44, 20, 35, 43, 97, 91, 76, 10, 30, 21, 45, 71, 64, 36, 23, 17, 83, 24, 14, 60, 1, 6, 40, 57, 90, 65, 56, 79, 94, 67, 68, 46, 75, 38, 9, 19, 32, 81, 41, 27, 62, 16, 55, 59, 89, 88, 87, 31, 72, 73, 70, 39, 37, 84, 92, 25, 11, 48, 15, 29, 51, 7, 33, 61, 98, 28, 99, 26, 85, 66, 96, 53, 80, 4, 8, 34, 49, 52, 2, 13, 0, 69, 74]|[1, 0, 1, 0, 1, 2, 2, 2, 2, 2, 1, 1, 1, 0, 0, 1, 0, 2, 2, 0, 1, 2, 0, 1, 2, 2, 0, 0, 1, 2, 1, 2, 1, 0, 2, 0, 1, 1, 0, 1, 1, 1, 0, 2, 1, 1, 0, 0, 0, 0, 1, 1, 2, 1, 2, 0, 0, 0, 1, 2, 1, 1, 1, 1, 1, 2, 1, 2, 1, 1, 1, 0, 1, 2, 2, 1, 0, 0, 1, 2, 1, 2, 0, 1, 1, 0, 0, 2, 0, 0, 1, 1, 2, 0, 1, 0, 0, 0, 1, 2]|[3, 2, 1, 1, 2, 1, 2, 1, 1, 2, 4, 4, 4, 1, 1, 4, 2, 1, 1, 1, 1, 2, 1, 2, 1, 1, 2, 1, 3, 2, 3, 1, 4, 1, 1, 1, 0, 3, 2, 2, 2, 3, 1, 1, 0, 4, 0, 1, 2, 2, 1, 4, 0, 3, 2, 1, 1, 2, 3, 1, 1, 1, 0, 3, 0, 0, 3, 0, 1, 4, 1, 0, 4, 1, 1, 4, 1, 1, 1, 1, 3, 1, 2, 1, 0, 2, 1, 1, 2, 1, 4, 3, 1, 1, 1, 2, 2, 2, 4, 1]|[3, 1, 2, 0, 1, 0, 0, 0, 0, 1, 0, 0, 1, 0, 0, 3, 1, 0, 0, 0, 3, 1, 0, 2, 0, 0, 0, 1, 0, 0, 2, 0, 3, 0, 1, 0, 0, 0, 1, 1, 1, 2, 0, 0, 0, 2, 1, 0, 0, 0, 1, 3, 0, 0, 1, 0, 0, 1, 2, 0, 1, 1, 0, 2, 0, 1, 0, 1, 1, 1, 1, 1, 3, 0, 0, 3, 0, 0, 2, 0, 0, 0, 1, 1, 3, 0, 0, 0, 1, 0, 0, 2, 0, 1, 1, 0, 0, 0, 2, 0],715.7913946700162,58060.95961022334,95287.06515100288,true
46,G2_TEC,G2_TEC,[31, 22, 82, 15, 26, 9, 95, 42, 77, 68, 47, 5, 93, 78, 86, 54, 85, 63, 18, 44, 20, 49, 36, 14, 74, 50, 53, 17, 21, 28, 11, 64, 3, 23, 30, 83, 24, 41, 40, 52, 65, 27, 90, 70, 39, 87, 48, 69, 99, 4, 75, 1, 13, 58, 97, 59, 45, 8, 73, 37, 35, 79, 71, 66, 76, 32, 60, 80, 56, 6, 67, 61, 33, 7, 57, 34, 12, 16, 10, 98, 96, 88, 43, 81, 91, 2, 84, 29, 92, 19, 51, 55, 46, 89, 25, 72, 94, 38, 62, 0]|[2, 1, 2, 1, 1, 2, 1, 1, 1, 1, 1, 0, 2, 2, 1, 2, 0, 0, 0, 2, 2, 1, 0, 2, 0, 2, 2, 1, 0, 1, 1, 1, 0, 0, 1, 0, 2, 1, 2, 2, 0, 0, 1, 1, 0, 2, 0, 2, 1, 0, 0, 2, 0, 0, 2, 0, 1, 1, 0, 0, 2, 1, 1, 2, 2, 0, 2, 2, 2, 1, 2, 1, 1, 2, 0, 1, 1, 2, 1, 2, 0, 1, 1, 1, 1, 0, 0, 1, 0, 1, 1, 0, 0, 1, 1, 1, 2, 0, 1, 2]|[0, 3, 0, 3, 4, 1, 4, 4, 2, 4, 3, 2, 1, 0, 2, 1, 1, 1, 2, 1, 1, 3, 0, 1, 0, 1, 1, 4, 1, 4, 3, 2, 2, 0, 4, 1, 1, 4, 1, 1, 2, 1, 4, 4, 1, 1, 0, 1, 3, 2, 2, 1, 2, 1, 1, 2, 4, 3, 0, 2, 2, 3, 3, 1, 1, 2, 1, 1, 1, 4, 1, 3, 4, 1, 2, 4, 3, 1, 3, 1, 2, 4, 4, 4, 3, 2, 2, 3, 2, 4, 3, 2, 2, 4, 4, 4, 1, 2, 3, 1]|[0, 2, 0, 0, 3, 0, 1, 3, 0, 0, 2, 0, 1, 0, 1, 0, 0, 0, 1, 0, 0, 2, 0, 0, 1, 0, 0, 3, 0, 1, 0, 2, 0, 0, 3, 0, 1, 1, 0, 0, 0, 0, 1, 3, 0, 0, 1, 0, 2, 0, 0, 0, 0, 0, 1, 0, 1, 0, 1, 1, 0, 2, 0, 0, 0, 0, 0, 0, 0, 2, 0, 0, 1, 0, 0, 1, 0, 0, 3, 0, 0, 1, 2, 2, 0, 0, 0, 3, 0, 1, 0, 0, 0, 1, 3, 1, 0, 0, 0, 0],900.0760482104305,49104.85573898611,106612.48357517918,false
46,G3_TWC,G3_TWC,[31, 22, 42, 15, 26, 58, 95, 82, 77, 12, 47, 5, 93, 78, 98, 54, 85, 63, 18, 44, 20, 35, 43, 97, 91, 76, 10, 30, 21, 45, 71, 64, 1, 23, 17, 83, 24, 61, 60, 36, 6, 57, 94, 88, 65, 56, 79, 40, 67, 68, 46, 75, 38, 9, 19, 32, 81, 41, 27, 62, 87, 90, 99, 59, 11, 16, 72, 73, 70, 39, 37, 84, 3, 92, 25, 74, 28, 29, 51, 7, 53, 14, 86, 48, 89, 50, 66, 96, 33, 80, 4, 8, 34, 49, 52, 0, 13, 2, 69, 55]|[1, 1, 0, 1, 1, 1, 2, 1, 2, 1, 2, 2, 2, 1, 1, 0, 0, 1, 0, 2, 2, 0, 1, 2, 0, 1, 2, 2, 0, 0, 1, 2, 1, 2, 1, 0, 2, 0, 1, 1, 0, 1, 1, 1, 0, 2, 1, 1, 0, 0, 0, 0, 1, 1, 2, 1, 2, 0, 0, 0, 2, 1, 0, 1, 2, 1, 2, 1, 1, 1, 1, 1, 2, 0, 1, 2, 0, 0, 0, 1, 0, 1, 0, 0, 1, 0, 0, 0, 2, 0, 0, 1, 2, 0, 1, 0, 0, 0, 1, 1]|[4, 3, 2, 2, 0, 0, 2, 2, 2, 4, 1, 1, 2, 4, 4, 1, 1, 4, 2, 1, 1, 1, 1, 2, 1, 2, 1, 1, 1, 1, 3, 2, 3, 0, 4, 0, 1, 1, 0, 3, 2, 2, 4, 0, 1, 1, 0, 2, 0, 1, 2, 2, 1, 4, 0, 3, 2, 1, 1, 2, 1, 3, 1, 1, 1, 3, 0, 4, 3, 1, 4, 1, 1, 2, 4, 1, 2, 1, 1, 3, 2, 3, 1, 1, 1, 1, 1, 1, 1, 1, 2, 3, 1, 1, 1, 2, 2, 2, 3, 4]|[0, 2, 1, 1, 3, 3, 0, 1, 0, 0, 0, 0, 1, 0, 1, 0, 0, 3, 1, 0, 0, 0, 3, 1, 0, 2, 0, 0, 0, 1, 0, 0, 0, 0, 3, 0, 1, 0, 0, 2, 1, 1, 2, 0, 0, 0, 0, 1, 1, 0, 0, 0, 1, 3, 0, 0, 1, 0, 0, 1, 0, 2, 0, 1, 0, 2, 1, 0, 0, 1, 1, 3, 0, 1, 3, 0, 1, 0, 0, 2, 1, 0, 0, 0, 1, 0, 0, 0, 0, 0, 1, 2, 0, 1, 1, 0, 0, 0, 0, 3],804.6875225521468,57746.82533348298,88068.50778672317,false
46,G1_CMAX,G1_CMAX,[31, 22, 90, 26, 58, 95, 42, 12, 93, 5, 78, 86, 98, 18, 20, 35, 3, 97, 91, 76, 10, 85, 54, 45, 63, 71, 66, 1, 23, 17, 24, 60, 36, 6, 57, 15, 65, 56, 47, 79, 94, 67, 50, 46, 14, 75, 38, 9, 30, 19, 32, 81, 27, 92, 83, 87, 40, 99, 59, 11, 53, 16, 72, 77, 73, 70, 39, 37, 84, 43, 62, 25, 55, 28, 29, 51, 68, 82, 74, 61, 88, 21, 80, 89, 7, 69, 96, 41, 48, 4, 8, 34, 49, 52, 0, 44, 13, 2, 64, 33]|[1, 1, 1, 1, 0, 2, 1, 1, 2, 2, 2, 1, 0, 1, 2, 2, 1, 2, 0, 1, 2, 2, 2, 0, 0, 1, 2, 1, 2, 1, 2, 1, 1, 0, 1, 1, 0, 2, 2, 1, 1, 0, 0, 0, 0, 1, 1, 1, 1, 2, 1, 2, 2, 0, 0, 2, 1, 0, 0, 2, 0, 1, 2, 2, 1, 1, 1, 1, 1, 1, 0, 1, 1, 0, 0, 0, 0, 0, 2, 1, 1, 0, 0, 1, 1, 1, 2, 2, 0, 1, 1, 2, 0, 1, 0, 0, 0, 0, 2, 2]|[0, 4, 3, 0, 1, 1, 2, 4, 1, 1, 2, 4, 1, 4, 1, 1, 1, 2, 2, 2, 2, 1, 1, 1, 2, 3, 2, 3, 0, 4, 1, 0, 3, 2, 2, 2, 1, 1, 1, 0, 2, 0, 1, 2, 1, 3, 1, 4, 2, 0, 3, 2, 1, 2, 1, 1, 4, 1, 1, 1, 2, 3, 0, 2, 4, 3, 1, 4, 1, 1, 1, 4, 4, 2, 1, 1, 1, 2, 1, 3, 0, 1, 1, 1, 1, 3, 1, 1, 1, 4, 3, 1, 1, 1, 2, 2, 2, 2, 1, 1]|[3, 0, 2, 3, 0, 0, 1, 0, 0, 0, 1, 0, 0, 3, 0, 0, 1, 1, 1, 2, 1, 0, 0, 0, 0, 0, 0, 0, 0, 3, 1, 0, 2, 1, 1, 1, 0, 0, 0, 0, 1, 1, 0, 0, 0, 0, 1, 3, 2, 0, 0, 1, 0, 1, 0, 0, 2, 0, 0, 0, 1, 2, 1, 1, 0, 0, 1, 1, 3, 3, 0, 3, 3, 1, 0, 0, 0, 1, 0, 0, 0, 0, 0, 1, 2, 2, 0, 0, 0, 0, 2, 0, 1, 1, 0, 0, 0, 0, 0, 0],705.0470749739228,58445.79123614564,95781.2895945797,false
46,G4_BALANCED,G1_CMAX,[22, 82, 3, 58, 95, 42, 77, 47, 5, 93, 78, 12, 86, 54, 50, 63, 18, 44, 20, 35, 43, 97, 91, 76, 10, 30, 21, 45, 71, 64, 36, 23, 17, 83, 24, 14, 60, 1, 6, 40, 57, 90, 65, 56, 79, 94, 67, 68, 46, 75, 38, 9, 19, 32, 81, 41, 27, 62, 16, 55, 59, 89, 88, 87, 31, 72, 73, 70, 39, 37, 84, 92, 25, 11, 48, 15, 29, 51, 7, 33, 61, 98, 28, 99, 26, 85, 66, 96, 53, 80, 4, 8, 34, 49, 52, 2, 13, 0, 69, 74]|[1, 0, 1, 0, 1, 2, 2, 2, 2, 2, 1, 1, 1, 0, 0, 1, 0, 2, 2, 0, 1, 2, 0, 1, 2, 2, 0, 0, 1, 2, 1, 2, 1, 0, 2, 0, 1, 1, 0, 1, 1, 1, 0, 2, 1, 1, 0, 0, 0, 0, 1, 1, 2, 1, 2, 0, 0, 0, 1, 2, 1, 1, 1, 1, 1, 2, 1, 2, 1, 1, 1, 0, 1, 2, 2, 1, 0, 0, 1, 2, 1, 2, 0, 1, 1, 0, 0, 2, 0, 0, 1, 1, 2, 0, 1, 0, 0, 0, 1, 2]|[3, 2, 1, 1, 2, 1, 2, 1, 1, 2, 4, 4, 4, 1, 1, 4, 2, 1, 1, 1, 1, 2, 1, 2, 1, 1, 2, 1, 3, 2, 3, 1, 4, 1, 1, 1, 0, 3, 2, 2, 2, 3, 1, 1, 0, 4, 0, 1, 2, 2, 1, 4, 0, 3, 2, 1, 1, 2, 3, 1, 1, 1, 0, 3, 0, 0, 3, 0, 1, 4, 1, 0, 4, 1, 1, 4, 1, 1, 1, 1, 3, 1, 2, 1, 0, 2, 1, 1, 2, 1, 4, 3, 1, 1, 1, 2, 2, 2, 4, 1]|[3, 1, 2, 0, 1, 0, 0, 0, 0, 1, 0, 0, 1, 0, 0, 3, 1, 0, 0, 0, 3, 1, 0, 2, 0, 0, 0, 1, 0, 0, 2, 0, 3, 0, 1, 0, 0, 0, 1, 1, 1, 2, 0, 0, 0, 2, 1, 0, 0, 0, 1, 3, 0, 0, 1, 0, 0, 1, 2, 0, 1, 1, 0, 2, 0, 1, 0, 1, 1, 1, 1, 1, 3, 0, 0, 3, 0, 0, 2, 0, 0, 0, 1, 1, 3, 0, 0, 0, 1, 0, 0, 2, 0, 1, 1, 0, 0, 0, 2, 0],715.7913946700162,58060.95961022334,95287.06515100288,true
46,G2_TEC,G2_TEC,[31, 22, 82, 15, 26, 9, 95, 42, 77, 68, 47, 5, 93, 78, 86, 54, 85, 63, 18, 44, 20, 49, 36, 14, 74, 50, 53, 17, 21, 28, 11, 64, 3, 23, 30, 83, 24, 41, 40, 52, 65, 27, 90, 70, 39, 87, 48, 69, 99, 4, 75, 1, 13, 58, 97, 59, 45, 8, 73, 37, 35, 79, 71, 66, 76, 32, 60, 80, 56, 6, 67, 61, 33, 7, 57, 34, 12, 16, 10, 98, 96, 88, 43, 81, 91, 2, 84, 29, 92, 19, 51, 55, 46, 89, 25, 72, 94, 38, 62, 0]|[2, 1, 2, 1, 1, 2, 1, 1, 1, 1, 1, 0, 2, 2, 1, 2, 0, 0, 0, 2, 2, 1, 0, 2, 0, 2, 2, 1, 0, 1, 1, 1, 0, 0, 1, 0, 2, 1, 2, 2, 0, 0, 1, 1, 0, 2, 0, 2, 1, 0, 0, 2, 0, 0, 2, 0, 1, 1, 0, 0, 2, 1, 1, 2, 2, 0, 2, 2, 2, 1, 2, 1, 1, 2, 0, 1, 1, 2, 1, 2, 0, 1, 1, 1, 1, 0, 0, 1, 0, 1, 1, 0, 0, 1, 1, 1, 2, 0, 1, 2]|[0, 3, 0, 3, 4, 1, 4, 4, 2, 4, 3, 2, 1, 0, 2, 1, 1, 1, 2, 1, 1, 3, 0, 1, 0, 1, 1, 4, 1, 4, 3, 2, 2, 0, 4, 1, 1, 4, 1, 1, 2, 1, 4, 4, 1, 1, 0, 1, 3, 2, 2, 1, 2, 1, 1, 2, 4, 3, 0, 2, 2, 3, 3, 1, 1, 2, 1, 1, 1, 4, 1, 3, 4, 1, 2, 4, 3, 1, 3, 1, 2, 4, 4, 4, 3, 2, 2, 3, 2, 4, 3, 2, 2, 4, 4, 4, 1, 2, 3, 1]|[0, 2, 0, 0, 3, 0, 1, 3, 0, 0, 2, 0, 1, 0, 1, 0, 0, 0, 1, 0, 0, 2, 0, 0, 1, 0, 0, 3, 0, 1, 0, 2, 0, 0, 3, 0, 1, 1, 0, 0, 0, 0, 1, 3, 0, 0, 1, 0, 2, 0, 0, 0, 0, 0, 1, 0, 1, 0, 1, 1, 0, 2, 0, 0, 0, 0, 0, 0, 0, 2, 0, 0, 1, 0, 0, 1, 0, 0, 3, 0, 0, 1, 2, 2, 0, 0, 0, 3, 0, 1, 0, 0, 0, 1, 3, 1, 0, 0, 0, 0],900.0760482104305,49104.85573898611,106612.48357517918,false
46,G3_TWC,G3_TWC,[31, 22, 42, 15, 26, 58, 95, 82, 77, 12, 47, 5, 93, 78, 98, 54, 85, 63, 18, 44, 20, 35, 43, 97, 91, 76, 10, 30, 21, 45, 71, 64, 1, 23, 17, 83, 24, 61, 60, 36, 6, 57, 94, 88, 65, 56, 79, 40, 67, 68, 46, 75, 38, 9, 19, 32, 81, 41, 27, 62, 87, 90, 99, 59, 11, 16, 72, 73, 70, 39, 37, 84, 3, 92, 25, 74, 28, 29, 51, 7, 53, 14, 86, 48, 89, 50, 66, 96, 33, 80, 4, 8, 34, 49, 52, 0, 13, 2, 69, 55]|[1, 1, 0, 1, 1, 1, 2, 1, 2, 1, 2, 2, 2, 1, 1, 0, 0, 1, 0, 2, 2, 0, 1, 2, 0, 1, 2, 2, 0, 0, 1, 2, 1, 2, 1, 0, 2, 0, 1, 1, 0, 1, 1, 1, 0, 2, 1, 1, 0, 0, 0, 0, 1, 1, 2, 1, 2, 0, 0, 0, 2, 1, 0, 1, 2, 1, 2, 1, 1, 1, 1, 1, 2, 0, 1, 2, 0, 0, 0, 1, 0, 1, 0, 0, 1, 0, 0, 0, 2, 0, 0, 1, 2, 0, 1, 0, 0, 0, 1, 1]|[4, 3, 2, 2, 0, 0, 2, 2, 2, 4, 1, 1, 2, 4, 4, 1, 1, 4, 2, 1, 1, 1, 1, 2, 1, 2, 1, 1, 1, 1, 3, 2, 3, 0, 4, 0, 1, 1, 0, 3, 2, 2, 4, 0, 1, 1, 0, 2, 0, 1, 2, 2, 1, 4, 0, 3, 2, 1, 1, 2, 1, 3, 1, 1, 1, 3, 0, 4, 3, 1, 4, 1, 1, 2, 4, 1, 2, 1, 1, 3, 2, 3, 1, 1, 1, 1, 1, 1, 1, 1, 2, 3, 1, 1, 1, 2, 2, 2, 3, 4]|[0, 2, 1, 1, 3, 3, 0, 1, 0, 0, 0, 0, 1, 0, 1, 0, 0, 3, 1, 0, 0, 0, 3, 1, 0, 2, 0, 0, 0, 1, 0, 0, 0, 0, 3, 0, 1, 0, 0, 2, 1, 1, 2, 0, 0, 0, 0, 1, 1, 0, 0, 0, 1, 3, 0, 0, 1, 0, 0, 1, 0, 2, 0, 1, 0, 2, 1, 0, 0, 1, 1, 3, 0, 1, 3, 0, 1, 0, 0, 2, 1, 0, 0, 0, 1, 0, 0, 0, 0, 0, 1, 2, 0, 1, 1, 0, 0, 0, 0, 3],804.6875225521468,57746.82533348298,88068.50778672317,false
46,G1_CMAX,G1_CMAX,[31, 22, 90, 26, 58, 95, 42, 12, 93, 5, 78, 86, 98, 18, 20, 35, 3, 97, 91, 76, 10, 85, 54, 45, 63, 71, 66, 1, 23, 17, 24, 60, 36, 6, 57, 15, 65, 56, 47, 79, 94, 67, 50, 46, 14, 75, 38, 9, 30, 19, 32, 81, 27, 92, 83, 87, 40, 99, 59, 11, 53, 16, 72, 77, 73, 70, 39, 37, 84, 43, 62, 25, 55, 28, 29, 51, 68, 82, 74, 61, 88, 21, 80, 89, 7, 69, 96, 41, 48, 4, 8, 34, 49, 52, 0, 44, 13, 2, 64, 33]|[1, 1, 1, 1, 0, 2, 1, 1, 2, 2, 2, 1, 0, 1, 2, 2, 1, 2, 0, 1, 2, 2, 2, 0, 0, 1, 2, 1, 2, 1, 2, 1, 1, 0, 1, 1, 0, 2, 2, 1, 1, 0, 0, 0, 0, 1, 1, 1, 1, 2, 1, 2, 2, 0, 0, 2, 1, 0, 0, 2, 0, 1, 2, 2, 1, 1, 1, 1, 1, 1, 0, 1, 1, 0, 0, 0, 0, 0, 2, 1, 1, 0, 0, 1, 1, 1, 2, 2, 0, 1, 1, 2, 0, 1, 0, 0, 0, 0, 2, 2]|[0, 4, 3, 0, 1, 1, 2, 4, 1, 1, 2, 4, 1, 4, 1, 1, 1, 2, 2, 2, 2, 1, 1, 1, 2, 3, 2, 3, 0, 4, 1, 0, 3, 2, 2, 2, 1, 1, 1, 0, 2, 0, 1, 2, 1, 3, 1, 4, 2, 0, 3, 2, 1, 2, 1, 1, 4, 1, 1, 1, 2, 3, 0, 2, 4, 3, 1, 4, 1, 1, 1, 4, 4, 2, 1, 1, 1, 2, 1, 3, 0, 1, 1, 1, 1, 3, 1, 1, 1, 4, 3, 1, 1, 1, 2, 2, 2, 2, 1, 1]|[3, 0, 2, 3, 0, 0, 1, 0, 0, 0, 1, 0, 0, 3, 0, 0, 1, 1, 1, 2, 1, 0, 0, 0, 0, 0, 0, 0, 0, 3, 1, 0, 2, 1, 1, 1, 0, 0, 0, 0, 1, 1, 0, 0, 0, 0, 1, 3, 2, 0, 0, 1, 0, 1, 0, 0, 2, 0, 0, 0, 1, 2, 1, 1, 0, 0, 1, 1, 3, 3, 0, 3, 3, 1, 0, 0, 0, 1, 0, 0, 0, 0, 0, 1, 2, 2, 0, 0, 0, 0, 2, 0, 1, 1, 0, 0, 0, 0, 0, 0],705.0470749739228,58445.79123614564,95781.2895945797,false
46,G4_BALANCED,G1_CMAX,[22, 82, 3, 58, 95, 42, 77, 47, 5, 93, 78, 12, 86, 54, 50, 63, 18, 44, 20, 35, 43, 97, 91, 76, 10, 30, 21, 45, 71, 64, 36, 23, 17, 83, 24, 14, 60, 1, 6, 40, 57, 90, 65, 56, 79, 94, 67, 68, 46, 75, 38, 9, 19, 32, 81, 41, 27, 62, 16, 55, 59, 89, 88, 87, 31, 72, 73, 70, 39, 37, 84, 92, 25, 11, 48, 15, 29, 51, 7, 33, 61, 98, 28, 99, 26, 85, 66, 96, 53, 80, 4, 8, 34, 49, 52, 2, 13, 0, 69, 74]|[1, 0, 1, 0, 1, 2, 2, 2, 2, 2, 1, 1, 1, 0, 0, 1, 0, 2, 2, 0, 1, 2, 0, 1, 2, 2, 0, 0, 1, 2, 1, 2, 1, 0, 2, 0, 1, 1, 0, 1, 1, 1, 0, 2, 1, 1, 0, 0, 0, 0, 1, 1, 2, 1, 2, 0, 0, 0, 1, 2, 1, 1, 1, 1, 1, 2, 1, 2, 1, 1, 1, 0, 1, 2, 2, 1, 0, 0, 1, 2, 1, 2, 0, 1, 1, 0, 0, 2, 0, 0, 1, 1, 2, 0, 1, 0, 0, 0, 1, 2]|[3, 2, 1, 1, 2, 1, 2, 1, 1, 2, 4, 4, 4, 1, 1, 4, 2, 1, 1, 1, 1, 2, 1, 2, 1, 1, 2, 1, 3, 2, 3, 1, 4, 1, 1, 1, 0, 3, 2, 2, 2, 3, 1, 1, 0, 4, 0, 1, 2, 2, 1, 4, 0, 3, 2, 1, 1, 2, 3, 1, 1, 1, 0, 3, 0, 0, 3, 0, 1, 4, 1, 0, 4, 1, 1, 4, 1, 1, 1, 1, 3, 1, 2, 1, 0, 2, 1, 1, 2, 1, 4, 3, 1, 1, 1, 2, 2, 2, 4, 1]|[3, 1, 2, 0, 1, 0, 0, 0, 0, 1, 0, 0, 1, 0, 0, 3, 1, 0, 0, 0, 3, 1, 0, 2, 0, 0, 0, 1, 0, 0, 2, 0, 3, 0, 1, 0, 0, 0, 1, 1, 1, 2, 0, 0, 0, 2, 1, 0, 0, 0, 1, 3, 0, 0, 1, 0, 0, 1, 2, 0, 1, 1, 0, 2, 0, 1, 0, 1, 1, 1, 1, 1, 3, 0, 0, 3, 0, 0, 2, 0, 0, 0, 1, 1, 3, 0, 0, 0, 1, 0, 0, 2, 0, 1, 1, 0, 0, 0, 2, 0],715.7913946700162,58060.95961022334,95287.06515100288,true
46,G2_TEC,G2_TEC,[31, 22, 82, 15, 26, 9, 95, 42, 77, 68, 47, 5, 93, 78, 86, 54, 85, 63, 18, 44, 20, 49, 36, 14, 74, 50, 53, 17, 21, 28, 11, 64, 3, 23, 30, 83, 24, 41, 40, 52, 65, 27, 90, 70, 39, 87, 48, 69, 99, 4, 75, 1, 13, 58, 97, 59, 45, 8, 73, 37, 35, 79, 71, 66, 76, 32, 60, 80, 56, 6, 67, 61, 33, 7, 57, 34, 12, 16, 10, 98, 96, 88, 43, 81, 91, 2, 84, 29, 92, 19, 51, 55, 46, 89, 25, 72, 94, 38, 62, 0]|[2, 1, 2, 1, 1, 2, 1, 1, 1, 1, 1, 0, 2, 2, 1, 2, 0, 0, 0, 2, 2, 1, 0, 2, 0, 2, 2, 1, 0, 1, 1, 1, 0, 0, 1, 0, 2, 1, 2, 2, 0, 0, 1, 1, 0, 2, 0, 2, 1, 0, 0, 2, 0, 0, 2, 0, 1, 1, 0, 0, 2, 1, 1, 2, 2, 0, 2, 2, 2, 1, 2, 1, 1, 2, 0, 1, 1, 2, 1, 2, 0, 1, 1, 1, 1, 0, 0, 1, 0, 1, 1, 0, 0, 1, 1, 1, 2, 0, 1, 2]|[0, 3, 0, 3, 4, 1, 4, 4, 2, 4, 3, 2, 1, 0, 2, 1, 1, 1, 2, 1, 1, 3, 0, 1, 0, 1, 1, 4, 1, 4, 3, 2, 2, 0, 4, 1, 1, 4, 1, 1, 2, 1, 4, 4, 1, 1, 0, 1, 3, 2, 2, 1, 2, 1, 1, 2, 4, 3, 0, 2, 2, 3, 3, 1, 1, 2, 1, 1, 1, 4, 1, 3, 4, 1, 2, 4, 3, 1, 3, 1, 2, 4, 4, 4, 3, 2, 2, 3, 2, 4, 3, 2, 2, 4, 4, 4, 1, 2, 3, 1]|[0, 2, 0, 0, 3, 0, 1, 3, 0, 0, 2, 0, 1, 0, 1, 0, 0, 0, 1, 0, 0, 2, 0, 0, 1, 0, 0, 3, 0, 1, 0, 2, 0, 0, 3, 0, 1, 1, 0, 0, 0, 0, 1, 3, 0, 0, 1, 0, 2, 0, 0, 0, 0, 0, 1, 0, 1, 0, 1, 1, 0, 2, 0, 0, 0, 0, 0, 0, 0, 2, 0, 0, 1, 0, 0, 1, 0, 0, 3, 0, 0, 1, 2, 2, 0, 0, 0, 3, 0, 1, 0, 0, 0, 1, 3, 1, 0, 0, 0, 0],900.0760482104305,49104.85573898611,106612.48357517918,false
46,G3_TWC,G3_TWC,[31, 22, 42, 15, 26, 58, 95, 82, 77, 12, 47, 5, 93, 78, 98, 54, 85, 63, 18, 44, 20, 35, 43, 97, 91, 76, 10, 30, 21, 45, 71, 64, 1, 23, 17, 83, 24, 61, 60, 36, 6, 57, 94, 88, 65, 56, 79, 40, 67, 68, 46, 75, 38, 9, 19, 32, 81, 41, 27, 62, 87, 90, 99, 59, 11, 16, 72, 73, 70, 39, 37, 84, 3, 92, 25, 74, 28, 29, 51, 7, 53, 14, 86, 48, 89, 50, 66, 96, 33, 80, 4, 8, 34, 49, 52, 0, 13, 2, 69, 55]|[1, 1, 0, 1, 1, 1, 2, 1, 2, 1, 2, 2, 2, 1, 1, 0, 0, 1, 0, 2, 2, 0, 1, 2, 0, 1, 2, 2, 0, 0, 1, 2, 1, 2, 1, 0, 2, 0, 1, 1, 0, 1, 1, 1, 0, 2, 1, 1, 0, 0, 0, 0, 1, 1, 2, 1, 2, 0, 0, 0, 2, 1, 0, 1, 2, 1, 2, 1, 1, 1, 1, 1, 2, 0, 1, 2, 0, 0, 0, 1, 0, 1, 0, 0, 1, 0, 0, 0, 2, 0, 0, 1, 2, 0, 1, 0, 0, 0, 1, 1]|[4, 3, 2, 2, 0, 0, 2, 2, 2, 4, 1, 1, 2, 4, 4, 1, 1, 4, 2, 1, 1, 1, 1, 2, 1, 2, 1, 1, 1, 1, 3, 2, 3, 0, 4, 0, 1, 1, 0, 3, 2, 2, 4, 0, 1, 1, 0, 2, 0, 1, 2, 2, 1, 4, 0, 3, 2, 1, 1, 2, 1, 3, 1, 1, 1, 3, 0, 4, 3, 1, 4, 1, 1, 2, 4, 1, 2, 1, 1, 3, 2, 3, 1, 1, 1, 1, 1, 1, 1, 1, 2, 3, 1, 1, 1, 2, 2, 2, 3, 4]|[0, 2, 1, 1, 3, 3, 0, 1, 0, 0, 0, 0, 1, 0, 1, 0, 0, 3, 1, 0, 0, 0, 3, 1, 0, 2, 0, 0, 0, 1, 0, 0, 0, 0, 3, 0, 1, 0, 0, 2, 1, 1, 2, 0, 0, 0, 0, 1, 1, 0, 0, 0, 1, 3, 0, 0, 1, 0, 0, 1, 0, 2, 0, 1, 0, 2, 1, 0, 0, 1, 1, 3, 0, 1, 3, 0, 1, 0, 0, 2, 1, 0, 0, 0, 1, 0, 0, 0, 0, 0, 1, 2, 0, 1, 1, 0, 0, 0, 0, 3],804.6875225521468,57746.82533348298,88068.50778672317,false
46,G1_CMAX,G1_CMAX,[31, 22, 90, 26, 58, 95, 42, 12, 93, 5, 78, 86, 98, 18, 20, 35, 3, 97, 91, 76, 10, 85, 54, 45, 63, 71, 66, 1, 23, 17, 24, 60, 36, 6, 57, 15, 65, 56, 47, 79, 94, 67, 50, 46, 14, 75, 38, 9, 30, 19, 32, 81, 27, 92, 83, 87, 40, 99, 59, 11, 53, 16, 72, 77, 73, 70, 39, 37, 84, 43, 62, 25, 55, 28, 29, 51, 68, 82, 74, 61, 88, 21, 80, 89, 7, 69, 96, 41, 48, 4, 8, 34, 49, 52, 0, 44, 13, 2, 64, 33]|[1, 1, 1, 1, 0, 2, 1, 1, 2, 2, 2, 1, 0, 1, 2, 2, 1, 2, 0, 1, 2, 2, 2, 0, 0, 1, 2, 1, 2, 1, 2, 1, 1, 0, 1, 1, 0, 2, 2, 1, 1, 0, 0, 0, 0, 1, 1, 1, 1, 2, 1, 2, 2, 0, 0, 2, 1, 0, 0, 2, 0, 1, 2, 2, 1, 1, 1, 1, 1, 1, 0, 1, 1, 0, 0, 0, 0, 0, 2, 1, 1, 0, 0, 1, 1, 1, 2, 2, 0, 1, 1, 2, 0, 1, 0, 0, 0, 0, 2, 2]|[0, 4, 3, 0, 1, 1, 2, 4, 1, 1, 2, 4, 1, 4, 1, 1, 1, 2, 2, 2, 2, 1, 1, 1, 2, 3, 2, 3, 0, 4, 1, 0, 3, 2, 2, 2, 1, 1, 1, 0, 2, 0, 1, 2, 1, 3, 1, 4, 2, 0, 3, 2, 1, 2, 1, 1, 4, 1, 1, 1, 2, 3, 0, 2, 4, 3, 1, 4, 1, 1, 1, 4, 4, 2, 1, 1, 1, 2, 1, 3, 0, 1, 1, 1, 1, 3, 1, 1, 1, 4, 3, 1, 1, 1, 2, 2, 2, 2, 1, 1]|[3, 0, 2, 3, 0, 0, 1, 0, 0, 0, 1, 0, 0, 3, 0, 0, 1, 1, 1, 2, 1, 0, 0, 0, 0, 0, 0, 0, 0, 3, 1, 0, 2, 1, 1, 1, 0, 0, 0, 0, 1, 1, 0, 0, 0, 0, 1, 3, 2, 0, 0, 1, 0, 1, 0, 0, 2, 0, 0, 0, 1, 2, 1, 1, 0, 0, 1, 1, 3, 3, 0, 3, 3, 1, 0, 0, 0, 1, 0, 0, 0, 0, 0, 1, 2, 2, 0, 0, 0, 0, 2, 0, 1, 1, 0, 0, 0, 0, 0, 0],705.0470749739228,58445.79123614564,95781.2895945797,false
46,G4_BALANCED,G1_CMAX,[22, 82, 3, 58, 95, 42, 77, 47, 5, 93, 78, 12, 86, 54, 50, 63, 18, 44, 20, 35, 43, 97, 91, 76, 10, 30, 21, 45, 71, 64, 36, 23, 17, 83, 24, 14, 60, 1, 6, 40, 57, 90, 65, 56, 79, 94, 67, 68, 46, 75, 38, 9, 19, 32, 81, 41, 27, 62, 16, 55, 59, 89, 88, 87, 31, 72, 73, 70, 39, 37, 84, 92, 25, 11, 48, 15, 29, 51, 7, 33, 61, 98, 28, 99, 26, 85, 66, 96, 53, 80, 4, 8, 34, 49, 52, 2, 13, 0, 69, 74]|[1, 0, 1, 0, 1, 2, 2, 2, 2, 2, 1, 1, 1, 0, 0, 1, 0, 2, 2, 0, 1, 2, 0, 1, 2, 2, 0, 0, 1, 2, 1, 2, 1, 0, 2, 0, 1, 1, 0, 1, 1, 1, 0, 2, 1, 1, 0, 0, 0, 0, 1, 1, 2, 1, 2, 0, 0, 0, 1, 2, 1, 1, 1, 1, 1, 2, 1, 2, 1, 1, 1, 0, 1, 2, 2, 1, 0, 0, 1, 2, 1, 2, 0, 1, 1, 0, 0, 2, 0, 0, 1, 1, 2, 0, 1, 0, 0, 0, 1, 2]|[3, 2, 1, 1, 2, 1, 2, 1, 1, 2, 4, 4, 4, 1, 1, 4, 2, 1, 1, 1, 1, 2, 1, 2, 1, 1, 2, 1, 3, 2, 3, 1, 4, 1, 1, 1, 0, 3, 2, 2, 2, 3, 1, 1, 0, 4, 0, 1, 2, 2, 1, 4, 0, 3, 2, 1, 1, 2, 3, 1, 1, 1, 0, 3, 0, 0, 3, 0, 1, 4, 1, 0, 4, 1, 1, 4, 1, 1, 1, 1, 3, 1, 2, 1, 0, 2, 1, 1, 2, 1, 4, 3, 1, 1, 1, 2, 2, 2, 4, 1]|[3, 1, 2, 0, 1, 0, 0, 0, 0, 1, 0, 0, 1, 0, 0, 3, 1, 0, 0, 0, 3, 1, 0, 2, 0, 0, 0, 1, 0, 0, 2, 0, 3, 0, 1, 0, 0, 0, 1, 1, 1, 2, 0, 0, 0, 2, 1, 0, 0, 0, 1, 3, 0, 0, 1, 0, 0, 1, 2, 0, 1, 1, 0, 2, 0, 1, 0, 1, 1, 1, 1, 1, 3, 0, 0, 3, 0, 0, 2, 0, 0, 0, 1, 1, 3, 0, 0, 0, 1, 0, 0, 2, 0, 1, 1, 0, 0, 0, 2, 0],715.7913946700162,58060.95961022334,95287.06515100288,true
46,G2_TEC,G2_TEC,[31, 22, 82, 15, 26, 9, 95, 42, 77, 68, 47, 5, 93, 78, 86, 54, 85, 63, 18, 44, 20, 49, 36, 14, 74, 50, 53, 17, 21, 28, 11, 64, 3, 23, 30, 83, 24, 41, 40, 52, 65, 27, 90, 70, 39, 87, 48, 69, 99, 4, 75, 1, 13, 58, 97, 59, 45, 8, 73, 37, 35, 79, 71, 66, 76, 32, 60, 80, 56, 6, 67, 61, 33, 7, 57, 34, 12, 16, 10, 98, 96, 88, 43, 81, 91, 2, 84, 29, 92, 19, 51, 55, 46, 89, 25, 72, 94, 38, 62, 0]|[2, 1, 2, 1, 1, 2, 1, 1, 1, 1, 1, 0, 2, 2, 1, 2, 0, 0, 0, 2, 2, 1, 0, 2, 0, 2, 2, 1, 0, 1, 1, 1, 0, 0, 1, 0, 2, 1, 2, 2, 0, 0, 1, 1, 0, 2, 0, 2, 1, 0, 0, 2, 0, 0, 2, 0, 1, 1, 0, 0, 2, 1, 1, 2, 2, 0, 2, 2, 2, 1, 2, 1, 1, 2, 0, 1, 1, 2, 1, 2, 0, 1, 1, 1, 1, 0, 0, 1, 0, 1, 1, 0, 0, 1, 1, 1, 2, 0, 1, 2]|[0, 3, 0, 3, 4, 1, 4, 4, 2, 4, 3, 2, 1, 0, 2, 1, 1, 1, 2, 1, 1, 3, 0, 1, 0, 1, 1, 4, 1, 4, 3, 2, 2, 0, 4, 1, 1, 4, 1, 1, 2, 1, 4, 4, 1, 1, 0, 1, 3, 2, 2, 1, 2, 1, 1, 2, 4, 3, 0, 2, 2, 3, 3, 1, 1, 2, 1, 1, 1, 4, 1, 3, 4, 1, 2, 4, 3, 1, 3, 1, 2, 4, 4, 4, 3, 2, 2, 3, 2, 4, 3, 2, 2, 4, 4, 4, 1, 2, 3, 1]|[0, 2, 0, 0, 3, 0, 1, 3, 0, 0, 2, 0, 1, 0, 1, 0, 0, 0, 1, 0, 0, 2, 0, 0, 1, 0, 0, 3, 0, 1, 0, 2, 0, 0, 3, 0, 1, 1, 0, 0, 0, 0, 1, 3, 0, 0, 1, 0, 2, 0, 0, 0, 0, 0, 1, 0, 1, 0, 1, 1, 0, 2, 0, 0, 0, 0, 0, 0, 0, 2, 0, 0, 1, 0, 0, 1, 0, 0, 3, 0, 0, 1, 2, 2, 0, 0, 0, 3, 0, 1, 0, 0, 0, 1, 3, 1, 0, 0, 0, 0],900.0760482104305,49104.85573898611,106612.48357517918,false
46,G3_TWC,G3_TWC,[31, 22, 42, 15, 26, 58, 95, 82, 77, 12, 47, 5, 93, 78, 98, 54, 85, 63, 18, 44, 20, 35, 43, 97, 91, 76, 10, 30, 21, 45, 71, 64, 1, 23, 17, 83, 24, 61, 60, 36, 6, 57, 94, 88, 65, 56, 79, 40, 67, 68, 46, 75, 38, 9, 19, 32, 81, 41, 27, 62, 87, 90, 99, 59, 11, 16, 72, 73, 70, 39, 37, 84, 3, 92, 25, 74, 28, 29, 51, 7, 53, 14, 86, 48, 89, 50, 66, 96, 33, 80, 4, 8, 34, 49, 52, 0, 13, 2, 69, 55]|[1, 1, 0, 1, 1, 1, 2, 1, 2, 1, 2, 2, 2, 1, 1, 0, 0, 1, 0, 2, 2, 0, 1, 2, 0, 1, 2, 2, 0, 0, 1, 2, 1, 2, 1, 0, 2, 0, 1, 1, 0, 1, 1, 1, 0, 2, 1, 1, 0, 0, 0, 0, 1, 1, 2, 1, 2, 0, 0, 0, 2, 1, 0, 1, 2, 1, 2, 1, 1, 1, 1, 1, 2, 0, 1, 2, 0, 0, 0, 1, 0, 1, 0, 0, 1, 0, 0, 0, 2, 0, 0, 1, 2, 0, 1, 0, 0, 0, 1, 1]|[4, 3, 2, 2, 0, 0, 2, 2, 2, 4, 1, 1, 2, 4, 4, 1, 1, 4, 2, 1, 1, 1, 1, 2, 1, 2, 1, 1, 1, 1, 3, 2, 3, 0, 4, 0, 1, 1, 0, 3, 2, 2, 4, 0, 1, 1, 0, 2, 0, 1, 2, 2, 1, 4, 0, 3, 2, 1, 1, 2, 1, 3, 1, 1, 1, 3, 0, 4, 3, 1, 4, 1, 1, 2, 4, 1, 2, 1, 1, 3, 2, 3, 1, 1, 1, 1, 1, 1, 1, 1, 2, 3, 1, 1, 1, 2, 2, 2, 3, 4]|[0, 2, 1, 1, 3, 3, 0, 1, 0, 0, 0, 0, 1, 0, 1, 0, 0, 3, 1, 0, 0, 0, 3, 1, 0, 2, 0, 0, 0, 1, 0, 0, 0, 0, 3, 0, 1, 0, 0, 2, 1, 1, 2, 0, 0, 0, 0, 1, 1, 0, 0, 0, 1, 3, 0, 0, 1, 0, 0, 1, 0, 2, 0, 1, 0, 2, 1, 0, 0, 1, 1, 3, 0, 1, 3, 0, 1, 0, 0, 2, 1, 0, 0, 0, 1, 0, 0, 0, 0, 0, 1, 2, 0, 1, 1, 0, 0, 0, 0, 3],804.6875225521468,57746.82533348298,88068.50778672317,false
46,G1_CMAX,G1_CMAX,[31, 22, 90, 26, 58, 95, 42, 12, 93, 5, 78, 86, 98, 18, 20, 35, 3, 97, 91, 76, 10, 85, 54, 45, 63, 71, 66, 1, 23, 17, 24, 60, 36, 6, 57, 15, 65, 56, 47, 79, 94, 67, 50, 46, 14, 75, 38, 9, 30, 19, 32, 81, 27, 92, 83, 87, 40, 99, 59, 11, 53, 16, 72, 77, 73, 70, 39, 37, 84, 43, 62, 25, 55, 28, 29, 51, 68, 82, 74, 61, 88, 21, 80, 89, 7, 69, 96, 41, 48, 4, 8, 34, 49, 52, 0, 44, 13, 2, 64, 33]|[1, 1, 1, 1, 0, 2, 1, 1, 2, 2, 2, 1, 0, 1, 2, 2, 1, 2, 0, 1, 2, 2, 2, 0, 0, 1, 2, 1, 2, 1, 2, 1, 1, 0, 1, 1, 0, 2, 2, 1, 1, 0, 0, 0, 0, 1, 1, 1, 1, 2, 1, 2, 2, 0, 0, 2, 1, 0, 0, 2, 0, 1, 2, 2, 1, 1, 1, 1, 1, 1, 0, 1, 1, 0, 0, 0, 0, 0, 2, 1, 1, 0, 0, 1, 1, 1, 2, 2, 0, 1, 1, 2, 0, 1, 0, 0, 0, 0, 2, 2]|[0, 4, 3, 0, 1, 1, 2, 4, 1, 1, 2, 4, 1, 4, 1, 1, 1, 2, 2, 2, 2, 1, 1, 1, 2, 3, 2, 3, 0, 4, 1, 0, 3, 2, 2, 2, 1, 1, 1, 0, 2, 0, 1, 2, 1, 3, 1, 4, 2, 0, 3, 2, 1, 2, 1, 1, 4, 1, 1, 1, 2, 3, 0, 2, 4, 3, 1, 4, 1, 1, 1, 4, 4, 2, 1, 1, 1, 2, 1, 3, 0, 1, 1, 1, 1, 3, 1, 1, 1, 4, 3, 1, 1, 1, 2, 2, 2, 2, 1, 1]|[3, 0, 2, 3, 0, 0, 1, 0, 0, 0, 1, 0, 0, 3, 0, 0, 1, 1, 1, 2, 1, 0, 0, 0, 0, 0, 0, 0, 0, 3, 1, 0, 2, 1, 1, 1, 0, 0, 0, 0, 1, 1, 0, 0, 0, 0, 1, 3, 2, 0, 0, 1, 0, 1, 0, 0, 2, 0, 0, 0, 1, 2, 1, 1, 0, 0, 1, 1, 3, 3, 0, 3, 3, 1, 0, 0, 0, 1, 0, 0, 0, 0, 0, 1, 2, 2, 0, 0, 0, 0, 2, 0, 1, 1, 0, 0, 0, 0, 0, 0],705.0470749739228,58445.79123614564,95781.2895945797,false
46,G4_BALANCED,G1_CMAX,[22, 82, 3, 58, 95, 42, 77, 47, 5, 93, 78, 12, 86, 54, 50, 63, 18, 44, 20, 35, 43, 97, 91, 76, 10, 30, 21, 45, 71, 64, 36, 23, 17, 83, 24, 14, 60, 1, 6, 40, 57, 90, 65, 56, 79, 94, 67, 68, 46, 75, 38, 9, 19, 32, 81, 41, 27, 62, 16, 55, 59, 89, 88, 87, 31, 72, 73, 70, 39, 37, 84, 92, 25, 11, 48, 15, 29, 51, 7, 33, 61, 98, 28, 99, 26, 85, 66, 96, 53, 80, 4, 8, 34, 49, 52, 2, 13, 0, 69, 74]|[1, 0, 1, 0, 1, 2, 2, 2, 2, 2, 1, 1, 1, 0, 0, 1, 0, 2, 2, 0, 1, 2, 0, 1, 2, 2, 0, 0, 1, 2, 1, 2, 1, 0, 2, 0, 1, 1, 0, 1, 1, 1, 0, 2, 1, 1, 0, 0, 0, 0, 1, 1, 2, 1, 2, 0, 0, 0, 1, 2, 1, 1, 1, 1, 1, 2, 1, 2, 1, 1, 1, 0, 1, 2, 2, 1, 0, 0, 1, 2, 1, 2, 0, 1, 1, 0, 0, 2, 0, 0, 1, 1, 2, 0, 1, 0, 0, 0, 1, 2]|[3, 2, 1, 1, 2, 1, 2, 1, 1, 2, 4, 4, 4, 1, 1, 4, 2, 1, 1, 1, 1, 2, 1, 2, 1, 1, 2, 1, 3, 2, 3, 1, 4, 1, 1, 1, 0, 3, 2, 2, 2, 3, 1, 1, 0, 4, 0, 1, 2, 2, 1, 4, 0, 3, 2, 1, 1, 2, 3, 1, 1, 1, 0, 3, 0, 0, 3, 0, 1, 4, 1, 0, 4, 1, 1, 4, 1, 1, 1, 1, 3, 1, 2, 1, 0, 2, 1, 1, 2, 1, 4, 3, 1, 1, 1, 2, 2, 2, 4, 1]|[3, 1, 2, 0, 1, 0, 0, 0, 0, 1, 0, 0, 1, 0, 0, 3, 1, 0, 0, 0, 3, 1, 0, 2, 0, 0, 0, 1, 0, 0, 2, 0, 3, 0, 1, 0, 0, 0, 1, 1, 1, 2, 0, 0, 0, 2, 1, 0, 0, 0, 1, 3, 0, 0, 1, 0, 0, 1, 2, 0, 1, 1, 0, 2, 0, 1, 0, 1, 1, 1, 1, 1, 3, 0, 0, 3, 0, 0, 2, 0, 0, 0, 1, 1, 3, 0, 0, 0, 1, 0, 0, 2, 0, 1, 1, 0, 0, 0, 2, 0],715.7913946700162,58060.95961022334,95287.06515100288,true
46,G2_TEC,G2_TEC,[31, 22, 82, 15, 26, 9, 95, 42, 77, 68, 47, 5, 93, 78, 86, 54, 85, 63, 18, 44, 20, 49, 36, 14, 74, 50, 53, 17, 21, 28, 11, 64, 3, 23, 30, 83, 24, 41, 40, 52, 65, 27, 90, 70, 39, 87, 48, 69, 99, 4, 75, 1, 13, 58, 97, 59, 45, 8, 73, 37, 35, 79, 71, 66, 76, 32, 60, 80, 56, 6, 67, 61, 33, 7, 57, 34, 12, 16, 10, 98, 96, 88, 43, 81, 91, 2, 84, 29, 92, 19, 51, 55, 46, 89, 25, 72, 94, 38, 62, 0]|[2, 1, 2, 1, 1, 2, 1, 1, 1, 1, 1, 0, 2, 2, 1, 2, 0, 0, 0, 2, 2, 1, 0, 2, 0, 2, 2, 1, 0, 1, 1, 1, 0, 0, 1, 0, 2, 1, 2, 2, 0, 0, 1, 1, 0, 2, 0, 2, 1, 0, 0, 2, 0, 0, 2, 0, 1, 1, 0, 0, 2, 1, 1, 2, 2, 0, 2, 2, 2, 1, 2, 1, 1, 2, 0, 1, 1, 2, 1, 2, 0, 1, 1, 1, 1, 0, 0, 1, 0, 1, 1, 0, 0, 1, 1, 1, 2, 0, 1, 2]|[0, 3, 0, 3, 4, 1, 4, 4, 2, 4, 3, 2, 1, 0, 2, 1, 1, 1, 2, 1, 1, 3, 0, 1, 0, 1, 1, 4, 1, 4, 3, 2, 2, 0, 4, 1, 1, 4, 1, 1, 2, 1, 4, 4, 1, 1, 0, 1, 3, 2, 2, 1, 2, 1, 1, 2, 4, 3, 0, 2, 2, 3, 3, 1, 1, 2, 1, 1, 1, 4, 1, 3, 4, 1, 2, 4, 3, 1, 3, 1, 2, 4, 4, 4, 3, 2, 2, 3, 2, 4, 3, 2, 2, 4, 4, 4, 1, 2, 3, 1]|[0, 2, 0, 0, 3, 0, 1, 3, 0, 0, 2, 0, 1, 0, 1, 0, 0, 0, 1, 0, 0, 2, 0, 0, 1, 0, 0, 3, 0, 1, 0, 2, 0, 0, 3, 0, 1, 1, 0, 0, 0, 0, 1, 3, 0, 0, 1, 0, 2, 0, 0, 0, 0, 0, 1, 0, 1, 0, 1, 1, 0, 2, 0, 0, 0, 0, 0, 0, 0, 2, 0, 0, 1, 0, 0, 1, 0, 0, 3, 0, 0, 1, 2, 2, 0, 0, 0, 3, 0, 1, 0, 0, 0, 1, 3, 1, 0, 0, 0, 0],900.0760482104305,49104.85573898611,106612.48357517918,false
46,G3_TWC,G3_TWC,[31, 22, 42, 15, 26, 58, 95, 82, 77, 12, 47, 5, 93, 78, 98, 54, 85, 63, 18, 44, 20, 35, 43, 97, 91, 76, 10, 30, 21, 45, 71, 64, 1, 23, 17, 83, 24, 61, 60, 36, 6, 57, 94, 88, 65, 56, 79, 40, 67, 68, 46, 75, 38, 9, 19, 32, 81, 41, 27, 62, 87, 90, 99, 59, 11, 16, 72, 73, 70, 39, 37, 84, 3, 92, 25, 74, 28, 29, 51, 7, 53, 14, 86, 48, 89, 50, 66, 96, 33, 80, 4, 8, 34, 49, 52, 0, 13, 2, 69, 55]|[1, 1, 0, 1, 1, 1, 2, 1, 2, 1, 2, 2, 2, 1, 1, 0, 0, 1, 0, 2, 2, 0, 1, 2, 0, 1, 2, 2, 0, 0, 1, 2, 1, 2, 1, 0, 2, 0, 1, 1, 0, 1, 1, 1, 0, 2, 1, 1, 0, 0, 0, 0, 1, 1, 2, 1, 2, 0, 0, 0, 2, 1, 0, 1, 2, 1, 2, 1, 1, 1, 1, 1, 2, 0, 1, 2, 0, 0, 0, 1, 0, 1, 0, 0, 1, 0, 0, 0, 2, 0, 0, 1, 2, 0, 1, 0, 0, 0, 1, 1]|[4, 3, 2, 2, 0, 0, 2, 2, 2, 4, 1, 1, 2, 4, 4, 1, 1, 4, 2, 1, 1, 1, 1, 2, 1, 2, 1, 1, 1, 1, 3, 2, 3, 0, 4, 0, 1, 1, 0, 3, 2, 2, 4, 0, 1, 1, 0, 2, 0, 1, 2, 2, 1, 4, 0, 3, 2, 1, 1, 2, 1, 3, 1, 1, 1, 3, 0, 4, 3, 1, 4, 1, 1, 2, 4, 1, 2, 1, 1, 3, 2, 3, 1, 1, 1, 1, 1, 1, 1, 1, 2, 3, 1, 1, 1, 2, 2, 2, 3, 4]|[0, 2, 1, 1, 3, 3, 0, 1, 0, 0, 0, 0, 1, 0, 1, 0, 0, 3, 1, 0, 0, 0, 3, 1, 0, 2, 0, 0, 0, 1, 0, 0, 0, 0, 3, 0, 1, 0, 0, 2, 1, 1, 2, 0, 0, 0, 0, 1, 1, 0, 0, 0, 1, 3, 0, 0, 1, 0, 0, 1, 0, 2, 0, 1, 0, 2, 1, 0, 0, 1, 1, 3, 0, 1, 3, 0, 1, 0, 0, 2, 1, 0, 0, 0, 1, 0, 0, 0, 0, 0, 1, 2, 0, 1, 1, 0, 0, 0, 0, 3],804.6875225521468,57746.82533348298,88068.50778672317,false
46,G1_CMAX,G3_TWC,[31, 22, 42, 15, 26, 58, 95, 82, 77, 12, 47, 5, 93, 78, 98, 54, 85, 63, 18, 44, 20, 35, 43, 97, 91, 76, 10, 30, 21, 45, 71, 64, 1, 23, 17, 83, 24, 14, 60, 36, 6, 57, 94, 88, 65, 56, 79, 40, 67, 68, 46, 75, 38, 9, 19, 32, 81, 41, 27, 62, 87, 90, 99, 59, 11, 16, 72, 73, 70, 39, 37, 84, 3, 92, 25, 55, 29, 28, 96, 7, 53, 61, 86, 48, 89, 50, 66, 51, 33, 80, 4, 8, 74, 49, 52, 0, 13, 2, 69, 34]|[1, 1, 0, 1, 1, 1, 2, 1, 2, 1, 2, 2, 2, 1, 1, 0, 0, 1, 0, 2, 2, 0, 1, 2, 0, 1, 2, 2, 0, 0, 1, 2, 1, 2, 1, 0, 2, 0, 1, 1, 0, 1, 1, 1, 0, 2, 1, 1, 0, 0, 0, 0, 1, 1, 2, 1, 2, 0, 0, 0, 2, 1, 0, 1, 2, 1, 2, 1, 1, 1, 1, 1, 2, 0, 1, 1, 0, 0, 0, 1, 0, 1, 0, 0, 1, 0, 2, 0, 2, 0, 0, 1, 2, 0, 1, 0, 0, 0, 1, 2]|[4, 3, 2, 2, 0, 0, 2, 2, 2, 4, 1, 1, 2, 4, 4, 1, 1, 4, 2, 1, 1, 1, 1, 2, 1, 2, 1, 1, 1, 1, 3, 2, 3, 0, 4, 0, 1, 1, 0, 3, 2, 2, 4, 0, 1, 1, 0, 2, 0, 1, 2, 2, 1, 4, 0, 3, 2, 1, 1, 2, 1, 3, 1, 1, 1, 3, 0, 4, 3, 1, 4, 1, 1, 2, 4, 4, 1, 2, 1, 3, 2, 3, 1, 1, 1, 1, 1, 1, 1, 1, 2, 3, 1, 1, 1, 2, 2, 2, 3, 1]|[0, 2, 1, 1, 3, 3, 0, 1, 0, 0, 0, 0, 1, 0, 1, 0, 0, 3, 1, 0, 0, 0, 3, 1, 0, 2, 0, 0, 0, 1, 0, 0, 0, 0, 3, 0, 1, 0, 0, 2, 1, 1, 2, 0, 0, 0, 0, 1, 1, 0, 0, 0, 1, 3, 0, 0, 1, 0, 0, 1, 0, 2, 0, 1, 0, 2, 1, 0, 0, 1, 1, 3, 0, 1, 3, 3, 0, 1, 0, 2, 1, 0, 0, 0, 1, 0, 0, 0, 0, 0, 1, 2, 0, 1, 1, 0, 0, 0, 0, 0],809.7530564967291,57685.672660259814,88287.02083217408,true
46,G4_BALANCED,G1_CMAX,[22, 82, 3, 58, 95, 42, 77, 47, 5, 93, 78, 12, 86, 54, 50, 63, 18, 44, 20, 35, 43, 97, 91, 76, 10, 30, 21, 45, 71, 64, 36, 23, 17, 83, 24, 14, 60, 1, 6, 40, 57, 90, 65, 56, 79, 94, 67, 68, 46, 75, 38, 9, 19, 32, 81, 41, 27, 62, 16, 55, 59, 89, 88, 87, 31, 72, 73, 70, 39, 37, 84, 92, 25, 11, 48, 15, 29, 51, 7, 33, 61, 98, 28, 99, 26, 85, 66, 96, 53, 80, 4, 8, 34, 49, 52, 2, 13, 0, 69, 74]|[1, 0, 1, 0, 1, 2, 2, 2, 2, 2, 1, 1, 1, 0, 0, 1, 0, 2, 2, 0, 1, 2, 0, 1, 2, 2, 0, 0, 1, 2, 1, 2, 1, 0, 2, 0, 1, 1, 0, 1, 1, 1, 0, 2, 1, 1, 0, 0, 0, 0, 1, 1, 2, 1, 2, 0, 0, 0, 1, 2, 1, 1, 1, 1, 1, 2, 1, 2, 1, 1, 1, 0, 1, 2, 2, 1, 0, 0, 1, 2, 1, 2, 0, 1, 1, 0, 0, 2, 0, 0, 1, 1, 2, 0, 1, 0, 0, 0, 1, 2]|[3, 2, 1, 1, 2, 1, 2, 1, 1, 2, 4, 4, 4, 1, 1, 4, 2, 1, 1, 1, 1, 2, 1, 2, 1, 1, 2, 1, 3, 2, 3, 1, 4, 1, 1, 1, 0, 3, 2, 2, 2, 3, 1, 1, 0, 4, 0, 1, 2, 2, 1, 4, 0, 3, 2, 1, 1, 2, 3, 1, 1, 1, 0, 3, 0, 0, 3, 0, 1, 4, 1, 0, 4, 1, 1, 4, 1, 1, 1, 1, 3, 1, 2, 1, 0, 2, 1, 1, 2, 1, 4, 3, 1, 1, 1, 2, 2, 2, 4, 1]|[3, 1, 2, 0, 1, 0, 0, 0, 0, 1, 0, 0, 1, 0, 0, 3, 1, 0, 0, 0, 3, 1, 0, 2, 0, 0, 0, 1, 0, 0, 2, 0, 3, 0, 1, 0, 0, 0, 1, 1, 1, 2, 0, 0, 0, 2, 1, 0, 0, 0, 1, 3, 0, 0, 1, 0, 0, 1, 2, 0, 1, 1, 0, 2, 0, 1, 0, 1, 1, 1, 1, 1, 3, 0, 0, 3, 0, 0, 2, 0, 0, 0, 1, 1, 3, 0, 0, 0, 1, 0, 0, 2, 0, 1, 1, 0, 0, 0, 2, 0],715.7913946700162,58060.95961022334,95287.06515100288,true
46,G2_TEC,G2_TEC,[31, 22, 82, 15, 26, 9, 95, 42, 77, 68, 47, 5, 93, 78, 86, 54, 85, 63, 18, 44, 20, 49, 36, 14, 74, 50, 53, 17, 21, 28, 11, 64, 3, 23, 30, 83, 24, 41, 40, 52, 65, 27, 90, 70, 39, 87, 48, 69, 99, 4, 75, 1, 13, 58, 97, 59, 45, 8, 73, 37, 35, 79, 71, 66, 76, 32, 60, 80, 56, 6, 67, 61, 33, 7, 57, 34, 12, 16, 10, 98, 96, 88, 43, 81, 91, 2, 84, 29, 92, 19, 51, 55, 46, 89, 25, 72, 94, 38, 62, 0]|[2, 1, 2, 1, 1, 2, 1, 1, 1, 1, 1, 0, 2, 2, 1, 2, 0, 0, 0, 2, 2, 1, 0, 2, 0, 2, 2, 1, 0, 1, 1, 1, 0, 0, 1, 0, 2, 1, 2, 2, 0, 0, 1, 1, 0, 2, 0, 2, 1, 0, 0, 2, 0, 0, 2, 0, 1, 1, 0, 0, 2, 1, 1, 2, 2, 0, 2, 2, 2, 1, 2, 1, 1, 2, 0, 1, 1, 2, 1, 2, 0, 1, 1, 1, 1, 0, 0, 1, 0, 1, 1, 0, 0, 1, 1, 1, 2, 0, 1, 2]|[0, 3, 0, 3, 4, 1, 4, 4, 2, 4, 3, 2, 1, 0, 2, 1, 1, 1, 2, 1, 1, 3, 0, 1, 0, 1, 1, 4, 1, 4, 3, 2, 2, 0, 4, 1, 1, 4, 1, 1, 2, 1, 4, 4, 1, 1, 0, 1, 3, 2, 2, 1, 2, 1, 1, 2, 4, 3, 0, 2, 2, 3, 3, 1, 1, 2, 1, 1, 1, 4, 1, 3, 4, 1, 2, 4, 3, 1, 3, 1, 2, 4, 4, 4, 3, 2, 2, 3, 2, 4, 3, 2, 2, 4, 4, 4, 1, 2, 3, 1]|[0, 2, 0, 0, 3, 0, 1, 3, 0, 0, 2, 0, 1, 0, 1, 0, 0, 0, 1, 0, 0, 2, 0, 0, 1, 0, 0, 3, 0, 1, 0, 2, 0, 0, 3, 0, 1, 1, 0, 0, 0, 0, 1, 3, 0, 0, 1, 0, 2, 0, 0, 0, 0, 0, 1, 0, 1, 0, 1, 1, 0, 2, 0, 0, 0, 0, 0, 0, 0, 2, 0, 0, 1, 0, 0, 1, 0, 0, 3, 0, 0, 1, 2, 2, 0, 0, 0, 3, 0, 1, 0, 0, 0, 1, 3, 1, 0, 0, 0, 0],900.0760482104305,49104.85573898611,106612.48357517918,false
46,G3_TWC,G3_TWC,[31, 22, 42, 15, 26, 58, 95, 82, 77, 12, 47, 5, 93, 78, 98, 54, 85, 63, 18, 44, 20, 35, 43, 97, 91, 76, 10, 30, 21, 45, 71, 64, 1, 23, 17, 83, 24, 61, 60, 36, 6, 57, 94, 88, 65, 56, 79, 40, 67, 68, 46, 75, 38, 9, 19, 32, 81, 41, 27, 62, 87, 90, 99, 59, 11, 16, 72, 73, 70, 39, 37, 84, 3, 92, 25, 74, 28, 29, 51, 7, 53, 14, 86, 48, 89, 50, 66, 96, 33, 80, 4, 8, 34, 49, 52, 0, 13, 2, 69, 55]|[1, 1, 0, 1, 1, 1, 2, 1, 2, 1, 2, 2, 2, 1, 1, 0, 0, 1, 0, 2, 2, 0, 1, 2, 0, 1, 2, 2, 0, 0, 1, 2, 1, 2, 1, 0, 2, 0, 1, 1, 0, 1, 1, 1, 0, 2, 1, 1, 0, 0, 0, 0, 1, 1, 2, 1, 2, 0, 0, 0, 2, 1, 0, 1, 2, 1, 2, 1, 1, 1, 1, 1, 2, 0, 1, 2, 0, 0, 0, 1, 0, 1, 0, 0, 1, 0, 0, 0, 2, 0, 0, 1, 2, 0, 1, 0, 0, 0, 1, 1]|[4, 3, 2, 2, 0, 0, 2, 2, 2, 4, 1, 1, 2, 4, 4, 1, 1, 4, 2, 1, 1, 1, 1, 2, 1, 2, 1, 1, 1, 1, 3, 2, 3, 0, 4, 0, 1, 1, 0, 3, 2, 2, 4, 0, 1, 1, 0, 2, 0, 1, 2, 2, 1, 4, 0, 3, 2, 1, 1, 2, 1, 3, 1, 1, 1, 3, 0, 4, 3, 1, 4, 1, 1, 2, 4, 1, 2, 1, 1, 3, 2, 3, 1, 1, 1, 1, 1, 1, 1, 1, 2, 3, 1, 1, 1, 2, 2, 2, 3, 4]|[0, 2, 1, 1, 3, 3, 0, 1, 0, 0, 0, 0, 1, 0, 1, 0, 0, 3, 1, 0, 0, 0, 3, 1, 0, 2, 0, 0, 0, 1, 0, 0, 0, 0, 3, 0, 1, 0, 0, 2, 1, 1, 2, 0, 0, 0, 0, 1, 1, 0, 0, 0, 1, 3, 0, 0, 1, 0, 0, 1, 0, 2, 0, 1, 0, 2, 1, 0, 0, 1, 1, 3, 0, 1, 3, 0, 1, 0, 0, 2, 1, 0, 0, 0, 1, 0, 0, 0, 0, 0, 1, 2, 0, 1, 1, 0, 0, 0, 0, 3],804.6875225521468,57746.82533348298,88068.50778672317,false
46,G1_CMAX,G3_TWC,[31, 22, 42, 15, 26, 58, 95, 82, 77, 12, 47, 5, 93, 78, 98, 54, 85, 63, 18, 44, 20, 35, 43, 97, 91, 76, 10, 30, 21, 45, 71, 64, 1, 23, 17, 83, 24, 61, 60, 36, 6, 57, 94, 88, 65, 56, 79, 40, 67, 68, 46, 75, 38, 9, 19, 32, 81, 41, 27, 62, 87, 90, 99, 59, 11, 16, 72, 73, 70, 39, 37, 84, 3, 92, 25, 74, 28, 29, 51, 7, 53, 14, 86, 48, 89, 50, 66, 96, 33, 80, 4, 8, 34, 49, 52, 0, 13, 2, 69, 55]|[1, 1, 0, 1, 1, 1, 2, 1, 2, 1, 2, 2, 2, 1, 1, 0, 0, 1, 0, 2, 2, 0, 1, 2, 0, 1, 2, 2, 0, 0, 1, 2, 1, 2, 1, 0, 2, 0, 1, 1, 0, 1, 1, 1, 0, 2, 1, 1, 0, 0, 0, 0, 1, 1, 2, 1, 2, 0, 0, 0, 2, 1, 0, 1, 2, 1, 2, 1, 1, 1, 1, 1, 2, 0, 1, 2, 0, 0, 0, 1, 0, 1, 0, 0, 1, 0, 0, 0, 2, 0, 0, 1, 2, 0, 1, 0, 0, 0, 1, 1]|[4, 3, 2, 2, 0, 0, 2, 2, 2, 4, 1, 1, 2, 4, 4, 1, 1, 4, 2, 1, 1, 1, 1, 2, 1, 2, 1, 1, 1, 1, 3, 2, 3, 0, 4, 0, 1, 1, 0, 3, 2, 2, 4, 0, 1, 1, 0, 2, 0, 1, 2, 2, 1, 4, 0, 3, 2, 1, 1, 2, 1, 3, 1, 1, 1, 3, 0, 4, 3, 1, 4, 1, 1, 2, 4, 1, 2, 1, 1, 3, 2, 3, 1, 1, 1, 1, 1, 1, 1, 1, 2, 3, 1, 1, 1, 2, 2, 2, 3, 4]|[0, 2, 1, 1, 3, 3, 0, 1, 0, 0, 0, 0, 1, 0, 1, 0, 0, 3, 1, 0, 0, 0, 3, 1, 0, 2, 0, 0, 0, 1, 0, 0, 0, 0, 3, 0, 1, 0, 0, 2, 1, 1, 2, 0, 0, 0, 0, 1, 1, 0, 0, 0, 1, 3, 0, 0, 1, 0, 0, 1, 0, 2, 0, 1, 0, 2, 1, 0, 0, 1, 1, 3, 0, 1, 3, 0, 1, 0, 0, 2, 1, 0, 0, 0, 1, 0, 0, 0, 0, 0, 1, 2, 0, 1, 1, 0, 0, 0, 0, 3],804.6875225521468,57746.82533348298,88068.50778672317,true
46,G4_BALANCED,G1_CMAX,[22, 82, 3, 58, 95, 42, 77, 47, 5, 93, 78, 12, 86, 54, 50, 63, 18, 44, 20, 35, 43, 97, 91, 76, 10, 30, 21, 45, 71, 64, 36, 23, 17, 83, 24, 14, 60, 1, 6, 40, 57, 90, 65, 56, 79, 94, 67, 68, 46, 75, 38, 9, 19, 32, 81, 41, 27, 62, 16, 55, 59, 89, 88, 87, 31, 72, 73, 70, 39, 37, 84, 92, 25, 11, 48, 15, 29, 51, 7, 33, 61, 98, 28, 99, 26, 85, 66, 96, 53, 80, 4, 8, 34, 49, 52, 2, 13, 0, 69, 74]|[1, 0, 1, 0, 1, 2, 2, 2, 2, 2, 1, 1, 1, 0, 0, 1, 0, 2, 2, 0, 1, 2, 0, 1, 2, 2, 0, 0, 1, 2, 1, 2, 1, 0, 2, 0, 1, 1, 0, 1, 1, 1, 0, 2, 1, 1, 0, 0, 0, 0, 1, 1, 2, 1, 2, 0, 0, 0, 1, 2, 1, 1, 1, 1, 1, 2, 1, 2, 1, 1, 1, 0, 1, 2, 2, 1, 0, 0, 1, 2, 1, 2, 0, 1, 1, 0, 0, 2, 0, 0, 1, 1, 2, 0, 1, 0, 0, 0, 1, 2]|[3, 2, 1, 1, 2, 1, 2, 1, 1, 2, 4, 4, 4, 1, 1, 4, 2, 1, 1, 1, 1, 2, 1, 2, 1, 1, 2, 1, 3, 2, 3, 1, 4, 1, 1, 1, 0, 3, 2, 2, 2, 3, 1, 1, 0, 4, 0, 1, 2, 2, 1, 4, 0, 3, 2, 1, 1, 2, 3, 1, 1, 1, 0, 3, 0, 0, 3, 0, 1, 4, 1, 0, 4, 1, 1, 4, 1, 1, 1, 1, 3, 1, 2, 1, 0, 2, 1, 1, 2, 1, 4, 3, 1, 1, 1, 2, 2, 2, 4, 1]|[3, 1, 2, 0, 1, 0, 0, 0, 0, 1, 0, 0, 1, 0, 0, 3, 1, 0, 0, 0, 3, 1, 0, 2, 0, 0, 0, 1, 0, 0, 2, 0, 3, 0, 1, 0, 0, 0, 1, 1, 1, 2, 0, 0, 0, 2, 1, 0, 0, 0, 1, 3, 0, 0, 1, 0, 0, 1, 2, 0, 1, 1, 0, 2, 0, 1, 0, 1, 1, 1, 1, 1, 3, 0, 0, 3, 0, 0, 2, 0, 0, 0, 1, 1, 3, 0, 0, 0, 1, 0, 0, 2, 0, 1, 1, 0, 0, 0, 2, 0],715.7913946700162,58060.95961022334,95287.06515100288,true
46,G2_TEC,G2_TEC,[31, 22, 82, 15, 26, 9, 95, 42, 77, 68, 47, 5, 93, 78, 86, 54, 85, 63, 18, 44, 20, 49, 36, 14, 74, 50, 53, 17, 21, 28, 11, 64, 3, 23, 30, 83, 24, 41, 40, 52, 65, 27, 90, 70, 39, 87, 48, 69, 99, 4, 75, 1, 13, 58, 97, 59, 45, 8, 73, 37, 35, 79, 71, 66, 76, 32, 60, 80, 56, 6, 67, 61, 33, 7, 57, 34, 12, 16, 10, 98, 96, 88, 43, 81, 91, 2, 84, 29, 92, 19, 51, 55, 46, 89, 25, 72, 94, 38, 62, 0]|[2, 1, 2, 1, 1, 2, 1, 1, 1, 1, 1, 0, 2, 2, 1, 2, 0, 0, 0, 2, 2, 1, 0, 2, 0, 2, 2, 1, 0, 1, 1, 1, 0, 0, 1, 0, 2, 1, 2, 2, 0, 0, 1, 1, 0, 2, 0, 2, 1, 0, 0, 2, 0, 0, 2, 0, 1, 1, 0, 0, 2, 1, 1, 2, 2, 0, 2, 2, 2, 1, 2, 1, 1, 2, 0, 1, 1, 2, 1, 2, 0, 1, 1, 1, 1, 0, 0, 1, 0, 1, 1, 0, 0, 1, 1, 1, 2, 0, 1, 2]|[0, 3, 0, 3, 4, 1, 4, 4, 2, 4, 3, 2, 1, 0, 2, 1, 1, 1, 2, 1, 1, 3, 0, 1, 0, 1, 1, 4, 1, 4, 3, 2, 2, 0, 4, 1, 1, 4, 1, 1, 2, 1, 4, 4, 1, 1, 0, 1, 3, 2, 2, 1, 2, 1, 1, 2, 4, 3, 0, 2, 2, 3, 3, 1, 1, 2, 1, 1, 1, 4, 1, 3, 4, 1, 2, 4, 3, 1, 3, 1, 2, 4, 4, 4, 3, 2, 2, 3, 2, 4, 3, 2, 2, 4, 4, 4, 1, 2, 3, 1]|[0, 2, 0, 0, 3, 0, 1, 3, 0, 0, 2, 0, 1, 0, 1, 0, 0, 0, 1, 0, 0, 2, 0, 0, 1, 0, 0, 3, 0, 1, 0, 2, 0, 0, 3, 0, 1, 1, 0, 0, 0, 0, 1, 3, 0, 0, 1, 0, 2, 0, 0, 0, 0, 0, 1, 0, 1, 0, 1, 1, 0, 2, 0, 0, 0, 0, 0, 0, 0, 2, 0, 0, 1, 0, 0, 1, 0, 0, 3, 0, 0, 1, 2, 2, 0, 0, 0, 3, 0, 1, 0, 0, 0, 1, 3, 1, 0, 0, 0, 0],900.0760482104305,49104.85573898611,106612.48357517918,false
46,G3_TWC,G3_TWC,[31, 22, 42, 15, 26, 58, 95, 82, 77, 12, 47, 5, 93, 78, 98, 54, 85, 63, 18, 44, 20, 35, 43, 97, 91, 76, 10, 30, 21, 45, 71, 64, 1, 23, 17, 83, 24, 61, 60, 36, 6, 57, 94, 88, 65, 56, 79, 40, 67, 68, 46, 75, 38, 9, 19, 32, 81, 41, 27, 62, 87, 90, 99, 59, 11, 16, 72, 73, 70, 39, 37, 84, 3, 92, 25, 74, 28, 29, 51, 7, 53, 14, 86, 48, 89, 50, 66, 96, 33, 80, 4, 8, 34, 49, 52, 0, 13, 2, 69, 55]|[1, 1, 0, 1, 1, 1, 2, 1, 2, 1, 2, 2, 2, 1, 1, 0, 0, 1, 0, 2, 2, 0, 1, 2, 0, 1, 2, 2, 0, 0, 1, 2, 1, 2, 1, 0, 2, 0, 1, 1, 0, 1, 1, 1, 0, 2, 1, 1, 0, 0, 0, 0, 1, 1, 2, 1, 2, 0, 0, 0, 2, 1, 0, 1, 2, 1, 2, 1, 1, 1, 1, 1, 2, 0, 1, 2, 0, 0, 0, 1, 0, 1, 0, 0, 1, 0, 0, 0, 2, 0, 0, 1, 2, 0, 1, 0, 0, 0, 1, 1]|[4, 3, 2, 2, 0, 0, 2, 2, 2, 4, 1, 1, 2, 4, 4, 1, 1, 4, 2, 1, 1, 1, 1, 2, 1, 2, 1, 1, 1, 1, 3, 2, 3, 0, 4, 0, 1, 1, 0, 3, 2, 2, 4, 0, 1, 1, 0, 2, 0, 1, 2, 2, 1, 4, 0, 3, 2, 1, 1, 2, 1, 3, 1, 1, 1, 3, 0, 4, 3, 1, 4, 1, 1, 2, 4, 1, 2, 1, 1, 3, 2, 3, 1, 1, 1, 1, 1, 1, 1, 1, 2, 3, 1, 1, 1, 2, 2, 2, 3, 4]|[0, 2, 1, 1, 3, 3, 0, 1, 0, 0, 0, 0, 1, 0, 1, 0, 0, 3, 1, 0, 0, 0, 3, 1, 0, 2, 0, 0, 0, 1, 0, 0, 0, 0, 3, 0, 1, 0, 0, 2, 1, 1, 2, 0, 0, 0, 0, 1, 1, 0, 0, 0, 1, 3, 0, 0, 1, 0, 0, 1, 0, 2, 0, 1, 0, 2, 1, 0, 0, 1, 1, 3, 0, 1, 3, 0, 1, 0, 0, 2, 1, 0, 0, 0, 1, 0, 0, 0, 0, 0, 1, 2, 0, 1, 1, 0, 0, 0, 0, 3],804.6875225521468,57746.82533348298,88068.50778672317,false
46,G1_CMAX,G4_BALANCED,[31, 11, 15, 82, 26, 9, 95, 32, 77, 68, 47, 5, 93, 78, 86, 54, 85, 63, 18, 44, 20, 49, 36, 14, 74, 50, 53, 17, 21, 45, 71, 64, 3, 23, 30, 83, 24, 41, 60, 52, 51, 27, 90, 70, 39, 87, 48, 69, 99, 4, 46, 1, 13, 58, 97, 59, 28, 8, 73, 37, 35, 79, 22, 66, 76, 42, 40, 80, 96, 6, 16, 61, 33, 7, 57, 34, 12, 67, 10, 98, 56, 88, 29, 25, 91, 38, 19, 92, 43, 84, 65, 72, 81, 75, 2, 55, 62, 89, 94, 0]|[2, 1, 1, 2, 1, 2, 1, 1, 1, 1, 1, 0, 2, 2, 1, 2, 0, 0, 0, 2, 2, 1, 0, 2, 0, 2, 2, 1, 0, 1, 1, 1, 0, 0, 1, 0, 2, 1, 2, 2, 0, 0, 1, 1, 0, 2, 0, 2, 1, 0, 0, 2, 0, 0, 2, 0, 1, 1, 0, 0, 2, 1, 1, 2, 2, 0, 2, 2, 0, 1, 2, 1, 1, 2, 0, 1, 2, 1, 1, 2, 2, 1, 1, 1, 1, 0, 1, 0, 1, 0, 1, 1, 1, 0, 2, 0, 1, 1, 2, 0]|[1, 3, 2, 0, 4, 1, 4, 4, 2, 4, 3, 2, 1, 0, 2, 1, 1, 1, 2, 1, 1, 3, 0, 1, 0, 1, 1, 4, 1, 4, 3, 2, 2, 0, 4, 1, 1, 4, 0, 1, 2, 1, 4, 4, 1, 1, 0, 2, 3, 1, 2, 1, 2, 1, 1, 2, 4, 3, 0, 2, 2, 3, 3, 0, 1, 2, 0, 1, 2, 4, 1, 3, 4, 1, 2, 4, 1, 3, 3, 1, 1, 4, 3, 4, 3, 2, 4, 2, 4, 2, 3, 4, 1, 2, 1, 2, 3, 4, 1, 2]|[1, 2, 1, 0, 3, 0, 1, 3, 0, 0, 2, 0, 1, 0, 1, 0, 0, 0, 1, 0, 0, 2, 0, 0, 1, 0, 0, 3, 0, 1, 0, 2, 0, 1, 3, 0, 1, 3, 1, 0, 0, 0, 1, 3, 0, 0, 1, 0, 2, 0, 0, 0, 0, 0, 1, 0, 1, 0, 1, 1, 0, 2, 2, 0, 0, 0, 1, 0, 0, 2, 0, 0, 1, 0, 0, 1, 0, 0, 3, 0, 0, 1, 0, 3, 0, 0, 1, 0, 2, 0, 0, 2, 1, 0, 0, 0, 0, 1, 0, 0],850.9632869082183,52431.02217786142,105346.60403335126,true
46,G4_BALANCED,G4_BALANCED,[31, 22, 82, 15, 26, 58, 95, 42, 77, 12, 47, 5, 93, 78, 98, 54, 85, 63, 18, 44, 20, 35, 43, 97, 91, 76, 10, 30, 21, 45, 71, 64, 1, 23, 17, 83, 24, 14, 60, 36, 6, 57, 94, 88, 65, 56, 79, 40, 67, 68, 46, 75, 38, 9, 19, 32, 81, 96, 27, 62, 87, 90, 99, 59, 11, 16, 72, 73, 70, 39, 37, 84, 3, 92, 25, 55, 28, 29, 51, 7, 33, 61, 86, 53, 89, 50, 66, 41, 48, 80, 4, 8, 34, 49, 52, 0, 74, 2, 69, 13]|[1, 1, 0, 1, 1, 1, 2, 1, 2, 1, 2, 2, 2, 1, 1, 0, 2, 1, 0, 2, 2, 0, 1, 2, 0, 1, 2, 2, 0, 0, 1, 2, 1, 2, 1, 0, 2, 0, 1, 1, 0, 1, 1, 1, 0, 2, 1, 1, 0, 0, 0, 0, 1, 1, 2, 1, 2, 2, 0, 0, 2, 1, 0, 1, 2, 1, 2, 1, 1, 1, 1, 1, 2, 0, 1, 1, 0, 0, 0, 1, 2, 1, 0, 0, 1, 0, 2, 0, 0, 0, 0, 1, 2, 0, 1, 0, 2, 0, 2, 0]|[4, 3, 2, 2, 0, 0, 2, 2, 2, 4, 1, 1, 2, 4, 4, 1, 1, 4, 2, 1, 1, 1, 1, 2, 1, 2, 1, 1, 1, 1, 3, 2, 3, 1, 4, 1, 1, 1, 0, 3, 2, 2, 4, 0, 1, 1, 0, 2, 0, 1, 2, 2, 1, 4, 0, 3, 2, 1, 1, 2, 1, 3, 1, 1, 1, 3, 0, 4, 3, 1, 4, 1, 1, 2, 4, 4, 2, 1, 1, 3, 1, 3, 1, 2, 1, 1, 1, 1, 1, 1, 2, 3, 1, 1, 1, 2, 1, 2, 1, 2]|[0, 2, 1, 1, 3, 3, 0, 1, 0, 0, 0, 0, 1, 0, 1, 0, 0, 3, 1, 0, 0, 0, 3, 1, 0, 2, 0, 0, 0, 0, 0, 0, 0, 0, 3, 0, 1, 0, 0, 2, 1, 1, 2, 0, 0, 0, 0, 1, 1, 0, 0, 0, 1, 3, 0, 0, 1, 0, 0, 1, 0, 2, 0, 1, 0, 2, 1, 0, 0, 1, 1, 3, 0, 1, 3, 3, 1, 0, 0, 2, 0, 0, 0, 1, 1, 0, 0, 0, 0, 0, 1, 2, 0, 1, 1, 0, 0, 0, 0, 0],748.3894545538046,57062.46852516525,90978.20594149677,false
46,G2_TEC,G2_TEC,[31, 22, 82, 15, 26, 9, 95, 42, 77, 68, 47, 5, 93, 78, 86, 54, 85, 63, 18, 44, 20, 49, 36, 14, 74, 50, 53, 17, 21, 28, 11, 64, 3, 23, 30, 83, 24, 41, 40, 52, 65, 27, 90, 70, 39, 87, 48, 69, 99, 4, 75, 1, 13, 58, 97, 59, 45, 8, 73, 37, 35, 79, 71, 66, 76, 32, 60, 80, 56, 6, 67, 61, 33, 7, 57, 34, 12, 16, 10, 98, 96, 88, 43, 81, 91, 2, 84, 29, 92, 19, 51, 55, 46, 89, 25, 72, 94, 38, 62, 0]|[2, 1, 2, 1, 1, 2, 1, 1, 1, 1, 1, 0, 2, 2, 1, 2, 0, 0, 0, 2, 2, 1, 0, 2, 0, 2, 2, 1, 0, 1, 1, 1, 0, 0, 1, 0, 2, 1, 2, 2, 0, 0, 1, 1, 0, 2, 0, 2, 1, 0, 0, 2, 0, 0, 2, 0, 1, 1, 0, 0, 2, 1, 1, 2, 2, 0, 2, 2, 2, 1, 2, 1, 1, 2, 0, 1, 1, 2, 1, 2, 0, 1, 1, 1, 1, 0, 0, 1, 0, 1, 1, 0, 0, 1, 1, 1, 2, 0, 1, 2]|[0, 3, 0, 3, 4, 1, 4, 4, 2, 4, 3, 2, 1, 0, 2, 1, 1, 1, 2, 1, 1, 3, 0, 1, 0, 1, 1, 4, 1, 4, 3, 2, 2, 0, 4, 1, 1, 4, 1, 1, 2, 1, 4, 4, 1, 1, 0, 1, 3, 2, 2, 1, 2, 1, 1, 2, 4, 3, 0, 2, 2, 3, 3, 1, 1, 2, 1, 1, 1, 4, 1, 3, 4, 1, 2, 4, 3, 1, 3, 1, 2, 4, 4, 4, 3, 2, 2, 3, 2, 4, 3, 2, 2, 4, 4, 4, 1, 2, 3, 1]|[0, 2, 0, 0, 3, 0, 1, 3, 0, 0, 2, 0, 1, 0, 1, 0, 0, 0, 1, 0, 0, 2, 0, 0, 1, 0, 0, 3, 0, 1, 0, 2, 0, 0, 3, 0, 1, 1, 0, 0, 0, 0, 1, 3, 0, 0, 1, 0, 2, 0, 0, 0, 0, 0, 1, 0, 1, 0, 1, 1, 0, 2, 0, 0, 0, 0, 0, 0, 0, 2, 0, 0, 1, 0, 0, 1, 0, 0, 3, 0, 0, 1, 2, 2, 0, 0, 0, 3, 0, 1, 0, 0, 0, 1, 3, 1, 0, 0, 0, 0],900.0760482104305,49104.85573898611,106612.48357517918,false
46,G3_TWC,G3_TWC,[31, 22, 42, 15, 26, 58, 95, 82, 77, 12, 47, 5, 93, 78, 98, 54, 85, 63, 18, 44, 20, 35, 43, 97, 91, 76, 10, 30, 21, 45, 71, 64, 1, 23, 17, 83, 24, 61, 60, 36, 6, 57, 94, 88, 65, 56, 79, 40, 67, 68, 46, 75, 38, 9, 19, 32, 81, 41, 27, 62, 87, 90, 99, 59, 11, 16, 72, 73, 70, 39, 37, 84, 3, 92, 25, 74, 28, 29, 51, 7, 53, 14, 86, 48, 89, 50, 66, 96, 33, 80, 4, 8, 34, 49, 52, 0, 13, 2, 69, 55]|[1, 1, 0, 1, 1, 1, 2, 1, 2, 1, 2, 2, 2, 1, 1, 0, 0, 1, 0, 2, 2, 0, 1, 2, 0, 1, 2, 2, 0, 0, 1, 2, 1, 2, 1, 0, 2, 0, 1, 1, 0, 1, 1, 1, 0, 2, 1, 1, 0, 0, 0, 0, 1, 1, 2, 1, 2, 0, 0, 0, 2, 1, 0, 1, 2, 1, 2, 1, 1, 1, 1, 1, 2, 0, 1, 2, 0, 0, 0, 1, 0, 1, 0, 0, 1, 0, 0, 0, 2, 0, 0, 1, 2, 0, 1, 0, 0, 0, 1, 1]|[4, 3, 2, 2, 0, 0, 2, 2, 2, 4, 1, 1, 2, 4, 4, 1, 1, 4, 2, 1, 1, 1, 1, 2, 1, 2, 1, 1, 1, 1, 3, 2, 3, 0, 4, 0, 1, 1, 0, 3, 2, 2, 4, 0, 1, 1, 0, 2, 0, 1, 2, 2, 1, 4, 0, 3, 2, 1, 1, 2, 1, 3, 1, 1, 1, 3, 0, 4, 3, 1, 4, 1, 1, 2, 4, 1, 2, 1, 1, 3, 2, 3, 1, 1, 1, 1, 1, 1, 1, 1, 2, 3, 1, 1, 1, 2, 2, 2, 3, 4]|[0, 2, 1, 1, 3, 3, 0, 1, 0, 0, 0, 0, 1, 0, 1, 0, 0, 3, 1, 0, 0, 0, 3, 1, 0, 2, 0, 0, 0, 1, 0, 0, 0, 0, 3, 0, 1, 0, 0, 2, 1, 1, 2, 0, 0, 0, 0, 1, 1, 0, 0, 0, 1, 3, 0, 0, 1, 0, 0, 1, 0, 2, 0, 1, 0, 2, 1, 0, 0, 1, 1, 3, 0, 1, 3, 0, 1, 0, 0, 2, 1, 0, 0, 0, 1, 0, 0, 0, 0, 0, 1, 2, 0, 1, 1, 0, 0, 0, 0, 3],804.6875225521468,57746.82533348298,88068.50778672317,false
46,G1_CMAX,G1_CMAX,[31, 22, 90, 26, 58, 95, 42, 12, 93, 5, 78, 86, 98, 18, 20, 35, 3, 97, 91, 76, 10, 85, 54, 45, 63, 71, 66, 1, 23, 17, 24, 60, 36, 6, 57, 15, 65, 56, 47, 79, 94, 67, 50, 46, 14, 75, 38, 9, 30, 19, 32, 81, 27, 92, 83, 87, 40, 99, 59, 11, 53, 16, 72, 77, 73, 70, 39, 37, 84, 43, 62, 25, 55, 28, 29, 51, 68, 82, 74, 61, 88, 21, 80, 89, 7, 69, 96, 41, 48, 4, 8, 34, 49, 52, 0, 44, 13, 2, 64, 33]|[1, 1, 1, 1, 0, 2, 1, 1, 2, 2, 2, 1, 0, 1, 2, 2, 1, 2, 0, 1, 2, 2, 2, 0, 0, 1, 2, 1, 2, 1, 2, 1, 1, 0, 1, 1, 0, 2, 2, 1, 1, 0, 0, 0, 0, 1, 1, 1, 1, 2, 1, 2, 2, 0, 0, 2, 1, 0, 0, 2, 0, 1, 2, 2, 1, 1, 1, 1, 1, 1, 0, 1, 1, 0, 0, 0, 0, 0, 2, 1, 1, 0, 0, 1, 1, 1, 2, 2, 0, 1, 1, 2, 0, 1, 0, 0, 0, 0, 2, 2]|[0, 4, 3, 0, 1, 1, 2, 4, 1, 1, 2, 4, 1, 4, 1, 1, 1, 2, 2, 2, 2, 1, 1, 1, 2, 3, 2, 3, 0, 4, 1, 0, 3, 2, 2, 2, 1, 1, 1, 0, 2, 0, 1, 2, 1, 3, 1, 4, 2, 0, 3, 2, 1, 2, 1, 1, 4, 1, 1, 1, 2, 3, 0, 2, 4, 3, 1, 4, 1, 1, 1, 4, 4, 2, 1, 1, 1, 2, 1, 3, 0, 1, 1, 1, 1, 3, 1, 1, 1, 4, 3, 1, 1, 1, 2, 2, 2, 2, 1, 1]|[3, 0, 2, 3, 0, 0, 1, 0, 0, 0, 1, 0, 0, 3, 0, 0, 1, 1, 1, 2, 1, 0, 0, 0, 0, 0, 0, 0, 0, 3, 1, 0, 2, 1, 1, 1, 0, 0, 0, 0, 1, 1, 0, 0, 0, 0, 1, 3, 2, 0, 0, 1, 0, 1, 0, 0, 2, 0, 0, 0, 1, 2, 1, 1, 0, 0, 1, 1, 3, 3, 0, 3, 3, 1, 0, 0, 0, 1, 0, 0, 0, 0, 0, 1, 2, 2, 0, 0, 0, 0, 2, 0, 1, 1, 0, 0, 0, 0, 0, 0],705.0470749739228,58445.79123614564,95781.2895945797,false
46,G4_BALANCED,G3_TWC,[31, 22, 82, 15, 26, 58, 95, 42, 77, 12, 47, 5, 93, 78, 86, 54, 85, 63, 18, 44, 20, 35, 43, 98, 91, 76, 10, 30, 21, 45, 71, 64, 1, 23, 17, 83, 24, 14, 60, 36, 6, 57, 94, 88, 65, 56, 79, 40, 67, 68, 46, 75, 39, 9, 19, 32, 81, 96, 27, 62, 87, 90, 99, 59, 11, 16, 72, 73, 70, 38, 37, 84, 3, 92, 25, 55, 28, 29, 51, 7, 33, 61, 97, 66, 89, 50, 48, 41, 53, 80, 4, 8, 34, 74, 52, 2, 13, 0, 49, 69]|[1, 1, 0, 1, 1, 1, 2, 1, 2, 1, 2, 2, 2, 1, 1, 0, 0, 1, 0, 2, 2, 0, 1, 2, 0, 1, 2, 2, 0, 0, 1, 2, 1, 2, 1, 0, 2, 0, 1, 1, 0, 1, 1, 1, 0, 2, 1, 1, 0, 0, 0, 0, 1, 1, 2, 1, 2, 2, 0, 0, 2, 1, 0, 1, 2, 1, 2, 1, 1, 1, 1, 1, 2, 0, 1, 1, 0, 0, 0, 1, 2, 1, 2, 2, 1, 0, 0, 0, 0, 0, 1, 1, 2, 2, 1, 0, 0, 0, 0, 2]|[4, 3, 2, 2, 0, 0, 2, 2, 2, 4, 1, 1, 2, 4, 4, 1, 1, 4, 2, 1, 1, 1, 1, 2, 1, 2, 1, 1, 1, 1, 3, 1, 3, 0, 4, 0, 1, 1, 0, 3, 2, 2, 4, 0, 1, 1, 0, 2, 0, 1, 2, 2, 1, 4, 0, 3, 2, 1, 1, 2, 1, 3, 1, 1, 1, 3, 0, 4, 3, 1, 4, 1, 1, 2, 4, 4, 2, 1, 1, 3, 1, 3, 2, 1, 1, 1, 1, 1, 2, 1, 4, 3, 1, 1, 1, 2, 2, 2, 1, 1]|[0, 2, 1, 1, 3, 3, 0, 1, 0, 0, 0, 0, 1, 0, 1, 0, 0, 3, 1, 0, 0, 0, 3, 1, 0, 2, 0, 0, 0, 1, 0, 0, 0, 0, 3, 0, 1, 0, 0, 2, 1, 1, 2, 0, 0, 0, 0, 1, 1, 0, 0, 0, 1, 3, 0, 0, 1, 0, 0, 1, 0, 2, 0, 1, 0, 2, 1, 0, 0, 1, 1, 3, 0, 1, 3, 3, 1, 0, 0, 2, 0, 0, 1, 0, 1, 0, 0, 0, 1, 0, 0, 2, 0, 0, 1, 0, 0, 0, 1, 0],740.8232501024734,58136.2288456152,91025.3554855781,true
46,G2_TEC,G2_TEC,[31, 22, 82, 15, 26, 9, 95, 42, 77, 68, 47, 5, 93, 78, 86, 54, 85, 63, 18, 44, 20, 49, 36, 14, 74, 50, 53, 17, 21, 28, 11, 64, 3, 23, 30, 83, 24, 41, 40, 52, 65, 27, 90, 70, 39, 87, 48, 69, 99, 4, 75, 1, 13, 58, 97, 59, 45, 8, 73, 37, 35, 79, 71, 66, 76, 32, 60, 80, 56, 6, 67, 61, 33, 7, 57, 34, 12, 16, 10, 98, 96, 88, 43, 81, 91, 2, 84, 29, 92, 19, 51, 55, 46, 89, 25, 72, 94, 38, 62, 0]|[2, 1, 2, 1, 1, 2, 1, 1, 1, 1, 1, 0, 2, 2, 1, 2, 0, 0, 0, 2, 2, 1, 0, 2, 0, 2, 2, 1, 0, 1, 1, 1, 0, 0, 1, 0, 2, 1, 2, 2, 0, 0, 1, 1, 0, 2, 0, 2, 1, 0, 0, 2, 0, 0, 2, 0, 1, 1, 0, 0, 2, 1, 1, 2, 2, 0, 2, 2, 2, 1, 2, 1, 1, 2, 0, 1, 1, 2, 1, 2, 0, 1, 1, 1, 1, 0, 0, 1, 0, 1, 1, 0, 0, 1, 1, 1, 2, 0, 1, 2]|[0, 3, 0, 3, 4, 1, 4, 4, 2, 4, 3, 2, 1, 0, 2, 1, 1, 1, 2, 1, 1, 3, 0, 1, 0, 1, 1, 4, 1, 4, 3, 2, 2, 0, 4, 1, 1, 4, 1, 1, 2, 1, 4, 4, 1, 1, 0, 1, 3, 2, 2, 1, 2, 1, 1, 2, 4, 3, 0, 2, 2, 3, 3, 1, 1, 2, 1, 1, 1, 4, 1, 3, 4, 1, 2, 4, 3, 1, 3, 1, 2, 4, 4, 4, 3, 2, 2, 3, 2, 4, 3, 2, 2, 4, 4, 4, 1, 2, 3, 1]|[0, 2, 0, 0, 3, 0, 1, 3, 0, 0, 2, 0, 1, 0, 1, 0, 0, 0, 1, 0, 0, 2, 0, 0, 1, 0, 0, 3, 0, 1, 0, 2, 0, 0, 3, 0, 1, 1, 0, 0, 0, 0, 1, 3, 0, 0, 1, 0, 2, 0, 0, 0, 0, 0, 1, 0, 1, 0, 1, 1, 0, 2, 0, 0, 0, 0, 0, 0, 0, 2, 0, 0, 1, 0, 0, 1, 0, 0, 3, 0, 0, 1, 2, 2, 0, 0, 0, 3, 0, 1, 0, 0, 0, 1, 3, 1, 0, 0, 0, 0],900.0760482104305,49104.85573898611,106612.48357517918,false
46,G3_TWC,G3_TWC,[31, 22, 42, 15, 26, 58, 95, 82, 77, 12, 47, 5, 93, 78, 98, 54, 85, 63, 18, 44, 20, 35, 43, 97, 91, 76, 10, 30, 21, 45, 71, 64, 1, 23, 17, 83, 24, 61, 60, 36, 6, 57, 94, 88, 65, 56, 79, 40, 67, 68, 46, 75, 38, 9, 19, 32, 81, 41, 27, 62, 87, 90, 99, 59, 11, 16, 72, 73, 70, 39, 37, 84, 3, 92, 25, 74, 28, 29, 51, 7, 53, 14, 86, 48, 89, 50, 66, 96, 33, 80, 4, 8, 34, 49, 52, 0, 13, 2, 69, 55]|[1, 1, 0, 1, 1, 1, 2, 1, 2, 1, 2, 2, 2, 1, 1, 0, 0, 1, 0, 2, 2, 0, 1, 2, 0, 1, 2, 2, 0, 0, 1, 2, 1, 2, 1, 0, 2, 0, 1, 1, 0, 1, 1, 1, 0, 2, 1, 1, 0, 0, 0, 0, 1, 1, 2, 1, 2, 0, 0, 0, 2, 1, 0, 1, 2, 1, 2, 1, 1, 1, 1, 1, 2, 0, 1, 2, 0, 0, 0, 1, 0, 1, 0, 0, 1, 0, 0, 0, 2, 0, 0, 1, 2, 0, 1, 0, 0, 0, 1, 1]|[4, 3, 2, 2, 0, 0, 2, 2, 2, 4, 1, 1, 2, 4, 4, 1, 1, 4, 2, 1, 1, 1, 1, 2, 1, 2, 1, 1, 1, 1, 3, 2, 3, 0, 4, 0, 1, 1, 0, 3, 2, 2, 4, 0, 1, 1, 0, 2, 0, 1, 2, 2, 1, 4, 0, 3, 2, 1, 1, 2, 1, 3, 1, 1, 1, 3, 0, 4, 3, 1, 4, 1, 1, 2, 4, 1, 2, 1, 1, 3, 2, 3, 1, 1, 1, 1, 1, 1, 1, 1, 2, 3, 1, 1, 1, 2, 2, 2, 3, 4]|[0, 2, 1, 1, 3, 3, 0, 1, 0, 0, 0, 0, 1, 0, 1, 0, 0, 3, 1, 0, 0, 0, 3, 1, 0, 2, 0, 0, 0, 1, 0, 0, 0, 0, 3, 0, 1, 0, 0, 2, 1, 1, 2, 0, 0, 0, 0, 1, 1, 0, 0, 0, 1, 3, 0, 0, 1, 0, 0, 1, 0, 2, 0, 1, 0, 2, 1, 0, 0, 1, 1, 3, 0, 1, 3, 0, 1, 0, 0, 2, 1, 0, 0, 0, 1, 0, 0, 0, 0, 0, 1, 2, 0, 1, 1, 0, 0, 0, 0, 3],804.6875225521468,57746.82533348298,88068.50778672317,false
46,G1_CMAX,G1_CMAX,[31, 22, 90, 26, 58, 95, 42, 12, 93, 5, 78, 86, 98, 18, 20, 35, 3, 97, 91, 76, 10, 85, 54, 45, 63, 71, 66, 1, 23, 17, 24, 60, 36, 6, 57, 15, 65, 56, 47, 79, 94, 67, 50, 46, 14, 75, 38, 9, 30, 19, 32, 81, 27, 92, 83, 87, 40, 99, 59, 11, 53, 16, 72, 77, 73, 70, 39, 37, 84, 43, 62, 25, 55, 28, 29, 51, 68, 82, 74, 61, 88, 21, 80, 89, 7, 69, 96, 41, 48, 4, 8, 34, 49, 52, 0, 44, 13, 2, 64, 33]|[1, 1, 1, 1, 0, 2, 1, 1, 2, 2, 2, 1, 0, 1, 2, 2, 1, 2, 0, 1, 2, 2, 2, 0, 0, 1, 2, 1, 2, 1, 2, 1, 1, 0, 1, 1, 0, 2, 2, 1, 1, 0, 0, 0, 0, 1, 1, 1, 1, 2, 1, 2, 2, 0, 0, 2, 1, 0, 0, 2, 0, 1, 2, 2, 1, 1, 1, 1, 1, 1, 0, 1, 1, 0, 0, 0, 0, 0, 2, 1, 1, 0, 0, 1, 1, 1, 2, 2, 0, 1, 1, 2, 0, 1, 0, 0, 0, 0, 2, 2]|[0, 4, 3, 0, 1, 1, 2, 4, 1, 1, 2, 4, 1, 4, 1, 1, 1, 2, 2, 2, 2, 1, 1, 1, 2, 3, 2, 3, 0, 4, 1, 0, 3, 2, 2, 2, 1, 1, 1, 0, 2, 0, 1, 2, 1, 3, 1, 4, 2, 0, 3, 2, 1, 2, 1, 1, 4, 1, 1, 1, 2, 3, 0, 2, 4, 3, 1, 4, 1, 1, 1, 4, 4, 2, 1, 1, 1, 2, 1, 3, 0, 1, 1, 1, 1, 3, 1, 1, 1, 4, 3, 1, 1, 1, 2, 2, 2, 2, 1, 1]|[3, 0, 2, 3, 0, 0, 1, 0, 0, 0, 1, 0, 0, 3, 0, 0, 1, 1, 1, 2, 1, 0, 0, 0, 0, 0, 0, 0, 0, 3, 1, 0, 2, 1, 1, 1, 0, 0, 0, 0, 1, 1, 0, 0, 0, 0, 1, 3, 2, 0, 0, 1, 0, 1, 0, 0, 2, 0, 0, 0, 1, 2, 1, 1, 0, 0, 1, 1, 3, 3, 0, 3, 3, 1, 0, 0, 0, 1, 0, 0, 0, 0, 0, 1, 2, 2, 0, 0, 0, 0, 2, 0, 1, 1, 0, 0, 0, 0, 0, 0],705.0470749739228,58445.79123614564,95781.2895945797,false
46,G4_BALANCED,G2_TEC,[31, 22, 82, 15, 26, 9, 95, 42, 77, 68, 47, 5, 93, 78, 86, 54, 85, 63, 18, 44, 20, 49, 36, 14, 74, 50, 53, 17, 21, 28, 11, 64, 3, 23, 30, 83, 24, 41, 40, 52, 65, 27, 90, 70, 39, 87, 48, 69, 99, 4, 46, 1, 13, 58, 97, 59, 45, 8, 73, 37, 35, 79, 71, 66, 76, 32, 60, 80, 56, 6, 67, 61, 33, 7, 57, 34, 12, 16, 10, 98, 96, 88, 2, 81, 91, 43, 84, 29, 92, 19, 51, 55, 75, 89, 25, 72, 94, 38, 62, 0]|[2, 1, 2, 1, 1, 2, 1, 1, 1, 1, 1, 0, 2, 2, 1, 2, 0, 0, 0, 2, 2, 1, 0, 2, 0, 2, 2, 1, 0, 1, 1, 1, 0, 0, 1, 0, 2, 1, 2, 2, 0, 0, 1, 1, 0, 2, 0, 2, 1, 0, 0, 2, 0, 0, 2, 0, 1, 1, 0, 0, 2, 1, 1, 2, 2, 0, 2, 2, 2, 1, 2, 1, 1, 2, 0, 1, 1, 2, 1, 2, 0, 1, 0, 1, 1, 1, 0, 1, 0, 1, 1, 0, 0, 1, 1, 1, 2, 0, 1, 2]|[0, 3, 0, 3, 4, 1, 4, 4, 2, 4, 3, 2, 1, 0, 2, 1, 1, 1, 2, 1, 1, 3, 2, 1, 0, 1, 1, 4, 1, 4, 3, 2, 2, 0, 4, 1, 1, 4, 1, 1, 2, 1, 4, 4, 1, 1, 0, 1, 3, 2, 2, 1, 2, 1, 1, 2, 4, 3, 0, 2, 2, 3, 3, 1, 1, 2, 1, 1, 1, 4, 1, 3, 4, 1, 2, 4, 3, 1, 3, 1, 2, 4, 2, 4, 3, 4, 2, 3, 2, 4, 3, 2, 2, 4, 4, 4, 1, 2, 3, 1]|[0, 2, 0, 0, 3, 0, 1, 3, 0, 0, 2, 0, 1, 0, 1, 0, 0, 0, 1, 0, 0, 2, 0, 0, 1, 0, 0, 3, 0, 1, 0, 2, 0, 0, 3, 0, 1, 1, 0, 0, 0, 0, 1, 3, 0, 0, 1, 0, 2, 0, 0, 0, 0, 0, 1, 0, 1, 0, 1, 1, 0, 2, 0, 0, 0, 0, 0, 0, 0, 2, 0, 0, 1, 0, 0, 1, 0, 0, 3, 0, 0, 1, 0, 2, 0, 2, 0, 3, 0, 1, 0, 0, 0, 1, 3, 1, 0, 0, 0, 0],892.2309006783577,49256.22391670858,105174.8375015925,true
46,G2_TEC,G2_TEC,[31, 22, 82, 15, 26, 9, 95, 42, 77, 68, 47, 5, 93, 78, 86, 54, 85, 63, 18, 44, 20, 49, 36, 14, 74, 50, 53, 17, 21, 28, 11, 64, 3, 23, 30, 83, 24, 41, 40, 52, 65, 27, 90, 70, 39, 87, 48, 69, 99, 4, 75, 1, 13, 58, 97, 59, 45, 8, 73, 37, 35, 79, 71, 66, 76, 32, 60, 80, 56, 6, 67, 61, 33, 7, 57, 34, 12, 16, 10, 98, 96, 88, 43, 81, 91, 2, 84, 29, 92, 19, 51, 55, 46, 89, 25, 72, 94, 38, 62, 0]|[2, 1, 2, 1, 1, 2, 1, 1, 1, 1, 1, 0, 2, 2, 1, 2, 0, 0, 0, 2, 2, 1, 0, 2, 0, 2, 2, 1, 0, 1, 1, 1, 0, 0, 1, 0, 2, 1, 2, 2, 0, 0, 1, 1, 0, 2, 0, 2, 1, 0, 0, 2, 0, 0, 2, 0, 1, 1, 0, 0, 2, 1, 1, 2, 2, 0, 2, 2, 2, 1, 2, 1, 1, 2, 0, 1, 1, 2, 1, 2, 0, 1, 1, 1, 1, 0, 0, 1, 0, 1, 1, 0, 0, 1, 1, 1, 2, 0, 1, 2]|[0, 3, 0, 3, 4, 1, 4, 4, 2, 4, 3, 2, 1, 0, 2, 1, 1, 1, 2, 1, 1, 3, 0, 1, 0, 1, 1, 4, 1, 4, 3, 2, 2, 0, 4, 1, 1, 4, 1, 1, 2, 1, 4, 4, 1, 1, 0, 1, 3, 2, 2, 1, 2, 1, 1, 2, 4, 3, 0, 2, 2, 3, 3, 1, 1, 2, 1, 1, 1, 4, 1, 3, 4, 1, 2, 4, 3, 1, 3, 1, 2, 4, 4, 4, 3, 2, 2, 3, 2, 4, 3, 2, 2, 4, 4, 4, 1, 2, 3, 1]|[0, 2, 0, 0, 3, 0, 1, 3, 0, 0, 2, 0, 1, 0, 1, 0, 0, 0, 1, 0, 0, 2, 0, 0, 1, 0, 0, 3, 0, 1, 0, 2, 0, 0, 3, 0, 1, 1, 0, 0, 0, 0, 1, 3, 0, 0, 1, 0, 2, 0, 0, 0, 0, 0, 1, 0, 1, 0, 1, 1, 0, 2, 0, 0, 0, 0, 0, 0, 0, 2, 0, 0, 1, 0, 0, 1, 0, 0, 3, 0, 0, 1, 2, 2, 0, 0, 0, 3, 0, 1, 0, 0, 0, 1, 3, 1, 0, 0, 0, 0],900.0760482104305,49104.85573898611,106612.48357517918,false
46,G3_TWC,G3_TWC,[31, 22, 42, 15, 26, 58, 95, 82, 77, 12, 47, 5, 93, 78, 98, 54, 85, 63, 18, 44, 20, 35, 43, 97, 91, 76, 10, 30, 21, 45, 71, 64, 1, 23, 17, 83, 24, 61, 60, 36, 6, 57, 94, 88, 65, 56, 79, 40, 67, 68, 46, 75, 38, 9, 19, 32, 81, 41, 27, 62, 87, 90, 99, 59, 11, 16, 72, 73, 70, 39, 37, 84, 3, 92, 25, 74, 28, 29, 51, 7, 53, 14, 86, 48, 89, 50, 66, 96, 33, 80, 4, 8, 34, 49, 52, 0, 13, 2, 69, 55]|[1, 1, 0, 1, 1, 1, 2, 1, 2, 1, 2, 2, 2, 1, 1, 0, 0, 1, 0, 2, 2, 0, 1, 2, 0, 1, 2, 2, 0, 0, 1, 2, 1, 2, 1, 0, 2, 0, 1, 1, 0, 1, 1, 1, 0, 2, 1, 1, 0, 0, 0, 0, 1, 1, 2, 1, 2, 0, 0, 0, 2, 1, 0, 1, 2, 1, 2, 1, 1, 1, 1, 1, 2, 0, 1, 2, 0, 0, 0, 1, 0, 1, 0, 0, 1, 0, 0, 0, 2, 0, 0, 1, 2, 0, 1, 0, 0, 0, 1, 1]|[4, 3, 2, 2, 0, 0, 2, 2, 2, 4, 1, 1, 2, 4, 4, 1, 1, 4, 2, 1, 1, 1, 1, 2, 1, 2, 1, 1, 1, 1, 3, 2, 3, 0, 4, 0, 1, 1, 0, 3, 2, 2, 4, 0, 1, 1, 0, 2, 0, 1, 2, 2, 1, 4, 0, 3, 2, 1, 1, 2, 1, 3, 1, 1, 1, 3, 0, 4, 3, 1, 4, 1, 1, 2, 4, 1, 2, 1, 1, 3, 2, 3, 1, 1, 1, 1, 1, 1, 1, 1, 2, 3, 1, 1, 1, 2, 2, 2, 3, 4]|[0, 2, 1, 1, 3, 3, 0, 1, 0, 0, 0, 0, 1, 0, 1, 0, 0, 3, 1, 0, 0, 0, 3, 1, 0, 2, 0, 0, 0, 1, 0, 0, 0, 0, 3, 0, 1, 0, 0, 2, 1, 1, 2, 0, 0, 0, 0, 1, 1, 0, 0, 0, 1, 3, 0, 0, 1, 0, 0, 1, 0, 2, 0, 1, 0, 2, 1, 0, 0, 1, 1, 3, 0, 1, 3, 0, 1, 0, 0, 2, 1, 0, 0, 0, 1, 0, 0, 0, 0, 0, 1, 2, 0, 1, 1, 0, 0, 0, 0, 3],804.6875225521468,57746.82533348298,88068.50778672317,false
46,G1_CMAX,G1_CMAX,[31, 22, 90, 26, 58, 95, 42, 12, 93, 5, 78, 86, 98, 18, 20, 35, 3, 97, 91, 76, 10, 85, 54, 45, 63, 71, 66, 1, 23, 17, 24, 60, 36, 6, 57, 15, 65, 56, 47, 79, 94, 67, 50, 46, 14, 75, 38, 9, 30, 19, 32, 81, 27, 92, 83, 87, 40, 99, 59, 11, 53, 16, 72, 77, 73, 70, 39, 37, 84, 43, 62, 25, 55, 28, 29, 51, 68, 82, 74, 61, 88, 21, 80, 89, 7, 69, 96, 41, 48, 4, 8, 34, 49, 52, 0, 44, 13, 2, 64, 33]|[1, 1, 1, 1, 0, 2, 1, 1, 2, 2, 2, 1, 0, 1, 2, 2, 1, 2, 0, 1, 2, 2, 2, 0, 0, 1, 2, 1, 2, 1, 2, 1, 1, 0, 1, 1, 0, 2, 2, 1, 1, 0, 0, 0, 0, 1, 1, 1, 1, 2, 1, 2, 2, 0, 0, 2, 1, 0, 0, 2, 0, 1, 2, 2, 1, 1, 1, 1, 1, 1, 0, 1, 1, 0, 0, 0, 0, 0, 2, 1, 1, 0, 0, 1, 1, 1, 2, 2, 0, 1, 1, 2, 0, 1, 0, 0, 0, 0, 2, 2]|[0, 4, 3, 0, 1, 1, 2, 4, 1, 1, 2, 4, 1, 4, 1, 1, 1, 2, 2, 2, 2, 1, 1, 1, 2, 3, 2, 3, 0, 4, 1, 0, 3, 2, 2, 2, 1, 1, 1, 0, 2, 0, 1, 2, 1, 3, 1, 4, 2, 0, 3, 2, 1, 2, 1, 1, 4, 1, 1, 1, 2, 3, 0, 2, 4, 3, 1, 4, 1, 1, 1, 4, 4, 2, 1, 1, 1, 2, 1, 3, 0, 1, 1, 1, 1, 3, 1, 1, 1, 4, 3, 1, 1, 1, 2, 2, 2, 2, 1, 1]|[3, 0, 2, 3, 0, 0, 1, 0, 0, 0, 1, 0, 0, 3, 0, 0, 1, 1, 1, 2, 1, 0, 0, 0, 0, 0, 0, 0, 0, 3, 1, 0, 2, 1, 1, 1, 0, 0, 0, 0, 1, 1, 0, 0, 0, 0, 1, 3, 2, 0, 0, 1, 0, 1, 0, 0, 2, 0, 0, 0, 1, 2, 1, 1, 0, 0, 1, 1, 3, 3, 0, 3, 3, 1, 0, 0, 0, 1, 0, 0, 0, 0, 0, 1, 2, 2, 0, 0, 0, 0, 2, 0, 1, 1, 0, 0, 0, 0, 0, 0],705.0470749739228,58445.79123614564,95781.2895945797,false
46,G4_BALANCED,G3_TWC,[31, 22, 82, 15, 26, 42, 58, 95, 77, 12, 47, 5, 93, 78, 98, 54, 85, 63, 18, 44, 20, 35, 43, 97, 91, 76, 10, 30, 21, 45, 71, 64, 1, 23, 17, 83, 24, 14, 60, 36, 6, 57, 94, 88, 65, 56, 79, 40, 67, 68, 46, 75, 38, 9, 19, 32, 81, 41, 27, 62, 90, 87, 59, 99, 28, 16, 72, 73, 70, 39, 37, 84, 3, 92, 25, 55, 11, 29, 51, 7, 33, 61, 86, 66, 89, 50, 69, 80, 53, 96, 4, 48, 34, 2, 52, 0, 13, 49, 8, 74]|[1, 1, 0, 1, 1, 2, 1, 2, 2, 1, 2, 2, 2, 1, 1, 0, 0, 1, 0, 2, 2, 0, 1, 2, 0, 1, 2, 2, 0, 0, 1, 2, 1, 2, 1, 0, 2, 0, 1, 1, 0, 1, 1, 1, 0, 2, 1, 1, 0, 0, 0, 0, 1, 1, 2, 1, 0, 0, 0, 0, 1, 2, 1, 0, 0, 1, 2, 1, 1, 1, 1, 1, 2, 0, 1, 1, 2, 0, 0, 1, 2, 1, 0, 2, 1, 0, 1, 0, 0, 0, 0, 0, 2, 0, 1, 0, 0, 0, 1, 2]|[4, 3, 2, 2, 0, 2, 2, 2, 2, 4, 1, 1, 2, 4, 4, 1, 1, 4, 2, 1, 1, 1, 1, 2, 1, 2, 1, 1, 2, 1, 3, 2, 3, 1, 4, 0, 1, 1, 0, 3, 2, 2, 4, 0, 1, 1, 0, 2, 0, 1, 2, 2, 1, 4, 0, 3, 1, 1, 1, 2, 3, 1, 1, 1, 2, 3, 0, 4, 3, 1, 4, 1, 1, 2, 4, 4, 1, 1, 1, 3, 1, 3, 1, 1, 1, 1, 3, 1, 2, 1, 2, 1, 1, 2, 1, 2, 2, 1, 3, 1]|[0, 2, 1, 1, 3, 0, 1, 0, 0, 0, 0, 0, 1, 0, 1, 0, 0, 3, 1, 0, 0, 0, 3, 1, 0, 2, 0, 0, 0, 1, 0, 0, 0, 0, 3, 0, 1, 0, 0, 2, 1, 1, 2, 0, 0, 0, 0, 1, 1, 0, 0, 0, 1, 3, 0, 0, 0, 0, 0, 1, 2, 0, 1, 0, 1, 2, 1, 0, 0, 1, 1, 3, 0, 1, 3, 3, 0, 0, 0, 2, 0, 0, 0, 0, 1, 0, 0, 0, 1, 0, 1, 0, 0, 0, 1, 0, 0, 1, 2, 0],819.0778430082623,56935.32872759042,90898.20754347793,true
46,G2_TEC,G2_TEC,[31, 22, 82, 15, 26, 9, 95, 42, 77, 68, 47, 5, 93, 78, 86, 54, 85, 63, 18, 44, 20, 49, 36, 14, 74, 50, 53, 17, 21, 28, 11, 64, 3, 23, 30, 83, 24, 41, 40, 52, 65, 27, 90, 70, 39, 87, 48, 69, 99, 4, 75, 1, 13, 58, 97, 59, 45, 8, 73, 37, 35, 79, 71, 66, 76, 32, 60, 80, 56, 6, 67, 61, 33, 7, 57, 34, 12, 16, 10, 98, 96, 88, 43, 81, 91, 2, 84, 29, 92, 19, 51, 55, 46, 89, 25, 72, 94, 38, 62, 0]|[2, 1, 2, 1, 1, 2, 1, 1, 1, 1, 1, 0, 2, 2, 1, 2, 0, 0, 0, 2, 2, 1, 0, 2, 0, 2, 2, 1, 0, 1, 1, 1, 0, 0, 1, 0, 2, 1, 2, 2, 0, 0, 1, 1, 0, 2, 0, 2, 1, 0, 0, 2, 0, 0, 2, 0, 1, 1, 0, 0, 2, 1, 1, 2, 2, 0, 2, 2, 2, 1, 2, 1, 1, 2, 0, 1, 1, 2, 1, 2, 0, 1, 1, 1, 1, 0, 0, 1, 0, 1, 1, 0, 0, 1, 1, 1, 2, 0, 1, 2]|[0, 3, 0, 3, 4, 1, 4, 4, 2, 4, 3, 2, 1, 0, 2, 1, 1, 1, 2, 1, 1, 3, 0, 1, 0, 1, 1, 4, 1, 4, 3, 2, 2, 0, 4, 1, 1, 4, 1, 1, 2, 1, 4, 4, 1, 1, 0, 1, 3, 2, 2, 1, 2, 1, 1, 2, 4, 3, 0, 2, 2, 3, 3, 1, 1, 2, 1, 1, 1, 4, 1, 3, 4, 1, 2, 4, 3, 1, 3, 1, 2, 4, 4, 4, 3, 2, 2, 3, 2, 4, 3, 2, 2, 4, 4, 4, 1, 2, 3, 1]|[0, 2, 0, 0, 3, 0, 1, 3, 0, 0, 2, 0, 1, 0, 1, 0, 0, 0, 1, 0, 0, 2, 0, 0, 1, 0, 0, 3, 0, 1, 0, 2, 0, 0, 3, 0, 1, 1, 0, 0, 0, 0, 1, 3, 0, 0, 1, 0, 2, 0, 0, 0, 0, 0, 1, 0, 1, 0, 1, 1, 0, 2, 0, 0, 0, 0, 0, 0, 0, 2, 0, 0, 1, 0, 0, 1, 0, 0, 3, 0, 0, 1, 2, 2, 0, 0, 0, 3, 0, 1, 0, 0, 0, 1, 3, 1, 0, 0, 0, 0],900.0760482104305,49104.85573898611,106612.48357517918,false
46,G3_TWC,G3_TWC,[31, 22, 42, 15, 26, 58, 95, 82, 77, 12, 47, 5, 93, 78, 98, 54, 85, 63, 18, 44, 20, 35, 43, 97, 91, 76, 10, 30, 21, 45, 71, 64, 1, 23, 17, 83, 24, 61, 60, 36, 6, 57, 94, 88, 65, 56, 79, 40, 67, 68, 46, 75, 38, 9, 19, 32, 81, 41, 27, 62, 87, 90, 99, 59, 11, 16, 72, 73, 70, 39, 37, 84, 3, 92, 25, 74, 28, 29, 51, 7, 53, 14, 86, 48, 89, 50, 66, 96, 33, 80, 4, 8, 34, 49, 52, 0, 13, 2, 69, 55]|[1, 1, 0, 1, 1, 1, 2, 1, 2, 1, 2, 2, 2, 1, 1, 0, 0, 1, 0, 2, 2, 0, 1, 2, 0, 1, 2, 2, 0, 0, 1, 2, 1, 2, 1, 0, 2, 0, 1, 1, 0, 1, 1, 1, 0, 2, 1, 1, 0, 0, 0, 0, 1, 1, 2, 1, 2, 0, 0, 0, 2, 1, 0, 1, 2, 1, 2, 1, 1, 1, 1, 1, 2, 0, 1, 2, 0, 0, 0, 1, 0, 1, 0, 0, 1, 0, 0, 0, 2, 0, 0, 1, 2, 0, 1, 0, 0, 0, 1, 1]|[4, 3, 2, 2, 0, 0, 2, 2, 2, 4, 1, 1, 2, 4, 4, 1, 1, 4, 2, 1, 1, 1, 1, 2, 1, 2, 1, 1, 1, 1, 3, 2, 3, 0, 4, 0, 1, 1, 0, 3, 2, 2, 4, 0, 1, 1, 0, 2, 0, 1, 2, 2, 1, 4, 0, 3, 2, 1, 1, 2, 1, 3, 1, 1, 1, 3, 0, 4, 3, 1, 4, 1, 1, 2, 4, 1, 2, 1, 1, 3, 2, 3, 1, 1, 1, 1, 1, 1, 1, 1, 2, 3, 1, 1, 1, 2, 2, 2, 3, 4]|[0, 2, 1, 1, 3, 3, 0, 1, 0, 0, 0, 0, 1, 0, 1, 0, 0, 3, 1, 0, 0, 0, 3, 1, 0, 2, 0, 0, 0, 1, 0, 0, 0, 0, 3, 0, 1, 0, 0, 2, 1, 1, 2, 0, 0, 0, 0, 1, 1, 0, 0, 0, 1, 3, 0, 0, 1, 0, 0, 1, 0, 2, 0, 1, 0, 2, 1, 0, 0, 1, 1, 3, 0, 1, 3, 0, 1, 0, 0, 2, 1, 0, 0, 0, 1, 0, 0, 0, 0, 0, 1, 2, 0, 1, 1, 0, 0, 0, 0, 3],804.6875225521468,57746.82533348298,88068.50778672317,false
46,G1_CMAX,G1_CMAX,[31, 22, 90, 26, 58, 95, 42, 12, 93, 5, 78, 86, 98, 18, 20, 35, 3, 97, 91, 76, 10, 85, 54, 45, 63, 71, 66, 1, 23, 17, 24, 60, 36, 6, 57, 15, 65, 56, 47, 79, 94, 67, 50, 46, 14, 75, 38, 9, 30, 19, 32, 81, 27, 92, 83, 87, 40, 99, 59, 11, 53, 16, 72, 77, 73, 70, 39, 37, 84, 43, 62, 25, 55, 28, 29, 51, 68, 82, 74, 61, 88, 21, 80, 89, 7, 69, 96, 41, 48, 4, 8, 34, 49, 52, 0, 44, 13, 2, 64, 33]|[1, 1, 1, 1, 0, 2, 1, 1, 2, 2, 2, 1, 0, 1, 2, 2, 1, 2, 0, 1, 2, 2, 2, 0, 0, 1, 2, 1, 2, 1, 2, 1, 1, 0, 1, 1, 0, 2, 2, 1, 1, 0, 0, 0, 0, 1, 1, 1, 1, 2, 1, 2, 2, 0, 0, 2, 1, 0, 0, 2, 0, 1, 2, 2, 1, 1, 1, 1, 1, 1, 0, 1, 1, 0, 0, 0, 0, 0, 2, 1, 1, 0, 0, 1, 1, 1, 2, 2, 0, 1, 1, 2, 0, 1, 0, 0, 0, 0, 2, 2]|[0, 4, 3, 0, 1, 1, 2, 4, 1, 1, 2, 4, 1, 4, 1, 1, 1, 2, 2, 2, 2, 1, 1, 1, 2, 3, 2, 3, 0, 4, 1, 0, 3, 2, 2, 2, 1, 1, 1, 0, 2, 0, 1, 2, 1, 3, 1, 4, 2, 0, 3, 2, 1, 2, 1, 1, 4, 1, 1, 1, 2, 3, 0, 2, 4, 3, 1, 4, 1, 1, 1, 4, 4, 2, 1, 1, 1, 2, 1, 3, 0, 1, 1, 1, 1, 3, 1, 1, 1, 4, 3, 1, 1, 1, 2, 2, 2, 2, 1, 1]|[3, 0, 2, 3, 0, 0, 1, 0, 0, 0, 1, 0, 0, 3, 0, 0, 1, 1, 1, 2, 1, 0, 0, 0, 0, 0, 0, 0, 0, 3, 1, 0, 2, 1, 1, 1, 0, 0, 0, 0, 1, 1, 0, 0, 0, 0, 1, 3, 2, 0, 0, 1, 0, 1, 0, 0, 2, 0, 0, 0, 1, 2, 1, 1, 0, 0, 1, 1, 3, 3, 0, 3, 3, 1, 0, 0, 0, 1, 0, 0, 0, 0, 0, 1, 2, 2, 0, 0, 0, 0, 2, 0, 1, 1, 0, 0, 0, 0, 0, 0],705.0470749739228,58445.79123614564,95781.2895945797,false
46,G4_BALANCED,G2_TEC,[31, 22, 82, 15, 26, 9, 95, 42, 77, 68, 47, 5, 93, 78, 86, 54, 85, 63, 18, 44, 20, 49, 36, 14, 74, 50, 53, 17, 21, 28, 11, 64, 3, 23, 30, 83, 24, 41, 40, 52, 65, 27, 90, 70, 39, 87, 48, 69, 99, 4, 75, 1, 13, 2, 97, 59, 45, 8, 73, 37, 35, 79, 71, 66, 76, 32, 60, 80, 56, 6, 67, 61, 33, 7, 57, 34, 12, 16, 10, 98, 96, 88, 43, 81, 91, 58, 84, 29, 92, 19, 51, 89, 46, 25, 55, 72, 94, 38, 62, 0]|[2, 1, 2, 1, 1, 2, 1, 1, 1, 1, 1, 0, 2, 2, 1, 2, 0, 0, 0, 2, 2, 1, 0, 2, 0, 2, 2, 1, 0, 1, 1, 1, 0, 0, 1, 0, 2, 1, 2, 2, 0, 0, 1, 1, 0, 2, 0, 2, 1, 0, 0, 2, 0, 0, 2, 0, 1, 1, 0, 0, 2, 1, 1, 2, 2, 0, 2, 2, 2, 1, 2, 1, 1, 2, 0, 1, 1, 2, 1, 2, 0, 1, 1, 1, 1, 0, 0, 1, 0, 1, 1, 1, 0, 1, 0, 1, 2, 0, 1, 2]|[0, 3, 0, 3, 4, 1, 4, 4, 2, 4, 3, 2, 1, 0, 2, 1, 1, 1, 2, 1, 1, 3, 0, 1, 0, 1, 1, 4, 1, 4, 3, 2, 2, 0, 4, 1, 1, 4, 1, 1, 2, 1, 4, 4, 1, 1, 0, 1, 3, 2, 2, 1, 2, 2, 1, 2, 4, 3, 0, 2, 2, 3, 3, 1, 1, 2, 1, 1, 1, 4, 1, 3, 4, 1, 2, 4, 3, 1, 3, 1, 2, 4, 4, 4, 3, 2, 2, 3, 2, 4, 3, 4, 2, 4, 2, 4, 1, 2, 3, 1]|[0, 2, 0, 0, 3, 0, 1, 3, 0, 0, 2, 0, 1, 0, 1, 0, 0, 0, 1, 0, 0, 2, 0, 0, 1, 0, 0, 3, 0, 1, 0, 2, 0, 0, 3, 0, 1, 1, 0, 0, 0, 0, 1, 3, 0, 0, 1, 0, 2, 0, 0, 0, 0, 0, 1, 0, 1, 0, 1, 1, 0, 2, 0, 0, 0, 0, 0, 0, 0, 2, 0, 0, 1, 0, 0, 1, 0, 0, 3, 0, 0, 1, 2, 2, 0, 0, 0, 3, 0, 1, 0, 1, 0, 3, 0, 1, 0, 0, 0, 0],900.3657258128578,48909.01810629076,105142.41328200485,true
46,G2_TEC,G2_TEC,[31, 22, 82, 15, 26, 9, 95, 42, 77, 68, 47, 5, 93, 78, 86, 54, 85, 63, 18, 44, 20, 49, 36, 14, 74, 50, 53, 17, 21, 28, 11, 64, 3, 23, 30, 83, 24, 41, 40, 52, 65, 27, 90, 70, 39, 87, 48, 69, 99, 4, 75, 1, 13, 58, 97, 59, 45, 8, 73, 37, 35, 79, 71, 66, 76, 32, 60, 80, 56, 6, 67, 61, 33, 7, 57, 34, 12, 16, 10, 98, 96, 88, 43, 81, 91, 2, 84, 29, 92, 19, 51, 55, 46, 89, 25, 72, 94, 38, 62, 0]|[2, 1, 2, 1, 1, 2, 1, 1, 1, 1, 1, 0, 2, 2, 1, 2, 0, 0, 0, 2, 2, 1, 0, 2, 0, 2, 2, 1, 0, 1, 1, 1, 0, 0, 1, 0, 2, 1, 2, 2, 0, 0, 1, 1, 0, 2, 0, 2, 1, 0, 0, 2, 0, 0, 2, 0, 1, 1, 0, 0, 2, 1, 1, 2, 2, 0, 2, 2, 2, 1, 2, 1, 1, 2, 0, 1, 1, 2, 1, 2, 0, 1, 1, 1, 1, 0, 0, 1, 0, 1, 1, 0, 0, 1, 1, 1, 2, 0, 1, 2]|[0, 3, 0, 3, 4, 1, 4, 4, 2, 4, 3, 2, 1, 0, 2, 1, 1, 1, 2, 1, 1, 3, 0, 1, 0, 1, 1, 4, 1, 4, 3, 2, 2, 0, 4, 1, 1, 4, 1, 1, 2, 1, 4, 4, 1, 1, 0, 1, 3, 2, 2, 1, 2, 1, 1, 2, 4, 3, 0, 2, 2, 3, 3, 1, 1, 2, 1, 1, 1, 4, 1, 3, 4, 1, 2, 4, 3, 1, 3, 1, 2, 4, 4, 4, 3, 2, 2, 3, 2, 4, 3, 2, 2, 4, 4, 4, 1, 2, 3, 1]|[0, 2, 0, 0, 3, 0, 1, 3, 0, 0, 2, 0, 1, 0, 1, 0, 0, 0, 1, 0, 0, 2, 0, 0, 1, 0, 0, 3, 0, 1, 0, 2, 0, 0, 3, 0, 1, 1, 0, 0, 0, 0, 1, 3, 0, 0, 1, 0, 2, 0, 0, 0, 0, 0, 1, 0, 1, 0, 1, 1, 0, 2, 0, 0, 0, 0, 0, 0, 0, 2, 0, 0, 1, 0, 0, 1, 0, 0, 3, 0, 0, 1, 2, 2, 0, 0, 0, 3, 0, 1, 0, 0, 0, 1, 3, 1, 0, 0, 0, 0],900.0760482104305,49104.85573898611,106612.48357517918,false
46,G3_TWC,G3_TWC,[31, 22, 42, 15, 26, 58, 95, 82, 77, 12, 47, 5, 93, 78, 98, 54, 85, 63, 18, 44, 20, 35, 43, 97, 91, 76, 10, 30, 21, 45, 71, 64, 1, 23, 17, 83, 24, 61, 60, 36, 6, 57, 94, 88, 65, 56, 79, 40, 67, 68, 46, 75, 38, 9, 19, 32, 81, 41, 27, 62, 87, 90, 99, 59, 11, 16, 72, 73, 70, 39, 37, 84, 3, 92, 25, 74, 28, 29, 51, 7, 53, 14, 86, 48, 89, 50, 66, 96, 33, 80, 4, 8, 34, 49, 52, 0, 13, 2, 69, 55]|[1, 1, 0, 1, 1, 1, 2, 1, 2, 1, 2, 2, 2, 1, 1, 0, 0, 1, 0, 2, 2, 0, 1, 2, 0, 1, 2, 2, 0, 0, 1, 2, 1, 2, 1, 0, 2, 0, 1, 1, 0, 1, 1, 1, 0, 2, 1, 1, 0, 0, 0, 0, 1, 1, 2, 1, 2, 0, 0, 0, 2, 1, 0, 1, 2, 1, 2, 1, 1, 1, 1, 1, 2, 0, 1, 2, 0, 0, 0, 1, 0, 1, 0, 0, 1, 0, 0, 0, 2, 0, 0, 1, 2, 0, 1, 0, 0, 0, 1, 1]|[4, 3, 2, 2, 0, 0, 2, 2, 2, 4, 1, 1, 2, 4, 4, 1, 1, 4, 2, 1, 1, 1, 1, 2, 1, 2, 1, 1, 1, 1, 3, 2, 3, 0, 4, 0, 1, 1, 0, 3, 2, 2, 4, 0, 1, 1, 0, 2, 0, 1, 2, 2, 1, 4, 0, 3, 2, 1, 1, 2, 1, 3, 1, 1, 1, 3, 0, 4, 3, 1, 4, 1, 1, 2, 4, 1, 2, 1, 1, 3, 2, 3, 1, 1, 1, 1, 1, 1, 1, 1, 2, 3, 1, 1, 1, 2, 2, 2, 3, 4]|[0, 2, 1, 1, 3, 3, 0, 1, 0, 0, 0, 0, 1, 0, 1, 0, 0, 3, 1, 0, 0, 0, 3, 1, 0, 2, 0, 0, 0, 1, 0, 0, 0, 0, 3, 0, 1, 0, 0, 2, 1, 1, 2, 0, 0, 0, 0, 1, 1, 0, 0, 0, 1, 3, 0, 0, 1, 0, 0, 1, 0, 2, 0, 1, 0, 2, 1, 0, 0, 1, 1, 3, 0, 1, 3, 0, 1, 0, 0, 2, 1, 0, 0, 0, 1, 0, 0, 0, 0, 0, 1, 2, 0, 1, 1, 0, 0, 0, 0, 3],804.6875225521468,57746.82533348298,88068.50778672317,false
46,G1_CMAX,G1_CMAX,[31, 22, 90, 26, 58, 95, 42, 12, 93, 5, 78, 86, 98, 18, 20, 35, 3, 97, 91, 76, 10, 85, 54, 45, 63, 71, 66, 1, 23, 17, 24, 60, 36, 6, 57, 15, 65, 56, 47, 79, 94, 67, 50, 46, 14, 75, 38, 9, 30, 19, 32, 81, 27, 92, 83, 87, 40, 99, 59, 11, 53, 16, 72, 77, 73, 70, 39, 37, 84, 43, 62, 25, 55, 28, 29, 51, 68, 82, 74, 61, 88, 21, 80, 89, 7, 69, 96, 41, 48, 4, 8, 34, 49, 52, 0, 44, 13, 2, 64, 33]|[1, 1, 1, 1, 0, 2, 1, 1, 2, 2, 2, 1, 0, 1, 2, 2, 1, 2, 0, 1, 2, 2, 2, 0, 0, 1, 2, 1, 2, 1, 2, 1, 1, 0, 1, 1, 0, 2, 2, 1, 1, 0, 0, 0, 0, 1, 1, 1, 1, 2, 1, 2, 2, 0, 0, 2, 1, 0, 0, 2, 0, 1, 2, 2, 1, 1, 1, 1, 1, 1, 0, 1, 1, 0, 0, 0, 0, 0, 2, 1, 1, 0, 0, 1, 1, 1, 2, 2, 0, 1, 1, 2, 0, 1, 0, 0, 0, 0, 2, 2]|[0, 4, 3, 0, 1, 1, 2, 4, 1, 1, 2, 4, 1, 4, 1, 1, 1, 2, 2, 2, 2, 1, 1, 1, 2, 3, 2, 3, 0, 4, 1, 0, 3, 2, 2, 2, 1, 1, 1, 0, 2, 0, 1, 2, 1, 3, 1, 4, 2, 0, 3, 2, 1, 2, 1, 1, 4, 1, 1, 1, 2, 3, 0, 2, 4, 3, 1, 4, 1, 1, 1, 4, 4, 2, 1, 1, 1, 2, 1, 3, 0, 1, 1, 1, 1, 3, 1, 1, 1, 4, 3, 1, 1, 1, 2, 2, 2, 2, 1, 1]|[3, 0, 2, 3, 0, 0, 1, 0, 0, 0, 1, 0, 0, 3, 0, 0, 1, 1, 1, 2, 1, 0, 0, 0, 0, 0, 0, 0, 0, 3, 1, 0, 2, 1, 1, 1, 0, 0, 0, 0, 1, 1, 0, 0, 0, 0, 1, 3, 2, 0, 0, 1, 0, 1, 0, 0, 2, 0, 0, 0, 1, 2, 1, 1, 0, 0, 1, 1, 3, 3, 0, 3, 3, 1, 0, 0, 0, 1, 0, 0, 0, 0, 0, 1, 2, 2, 0, 0, 0, 0, 2, 0, 1, 1, 0, 0, 0, 0, 0, 0],705.0470749739228,58445.79123614564,95781.2895945797,false
46,G4_BALANCED,G4_BALANCED,[31, 22, 26, 15, 82, 99, 95, 42, 77, 12, 47, 5, 93, 78, 86, 54, 21, 63, 18, 44, 20, 35, 43, 97, 91, 76, 10, 30, 85, 45, 71, 64, 1, 23, 57, 83, 24, 14, 60, 36, 6, 17, 40, 88, 65, 56, 79, 94, 67, 68, 46, 75, 38, 9, 19, 32, 41, 81, 27, 87, 90, 58, 62, 59, 11, 16, 72, 73, 39, 70, 37, 84, 3, 92, 25, 55, 28, 29, 51, 7, 33, 61, 98, 48, 89, 50, 66, 96, 53, 80, 2, 4, 34, 49, 52, 8, 13, 0, 69, 74]|[1, 1, 0, 1, 1, 0, 1, 1, 2, 1, 2, 2, 2, 1, 1, 0, 0, 1, 0, 2, 2, 0, 1, 2, 0, 1, 2, 2, 0, 0, 1, 2, 1, 2, 1, 0, 2, 0, 1, 1, 0, 1, 1, 1, 0, 2, 1, 1, 0, 0, 0, 0, 1, 1, 2, 1, 2, 0, 0, 2, 1, 0, 0, 1, 2, 1, 2, 1, 1, 1, 1, 1, 1, 0, 1, 2, 0, 0, 0, 1, 2, 1, 2, 0, 1, 0, 2, 2, 0, 0, 0, 1, 2, 0, 1, 1, 0, 0, 1, 2]|[4, 3, 2, 2, 4, 1, 2, 3, 2, 4, 1, 1, 2, 4, 4, 1, 1, 4, 2, 1, 1, 1, 1, 2, 1, 2, 1, 1, 2, 1, 3, 2, 3, 1, 4, 0, 1, 1, 0, 3, 2, 2, 2, 0, 1, 1, 0, 4, 0, 1, 2, 2, 1, 4, 0, 3, 2, 1, 1, 1, 3, 1, 2, 1, 1, 3, 0, 4, 1, 3, 4, 1, 1, 0, 4, 1, 2, 1, 1, 3, 1, 3, 1, 1, 1, 1, 1, 1, 2, 1, 2, 4, 1, 1, 1, 3, 2, 2, 4, 1]|[0, 2, 1, 1, 3, 0, 1, 3, 0, 0, 0, 0, 1, 0, 1, 0, 0, 3, 1, 0, 0, 0, 3, 1, 0, 2, 0, 0, 0, 1, 0, 0, 0, 0, 3, 0, 1, 0, 0, 2, 1, 1, 1, 0, 0, 0, 0, 2, 1, 0, 0, 0, 1, 3, 0, 0, 1, 0, 0, 0, 2, 0, 1, 1, 0, 2, 1, 0, 1, 0, 1, 3, 1, 1, 3, 0, 1, 0, 0, 2, 0, 0, 0, 0, 1, 0, 0, 0, 1, 0, 0, 0, 0, 1, 1, 2, 0, 0, 2, 0],736.0828032649227,57179.18300595639,91612.3231837457,false
46,G2_TEC,G2_TEC,[31, 22, 82, 15, 26, 9, 95, 42, 77, 68, 47, 5, 93, 78, 86, 54, 85, 63, 18, 44, 20, 49, 36, 14, 74, 50, 53, 17, 21, 28, 11, 64, 3, 23, 30, 83, 24, 41, 40, 52, 65, 27, 90, 70, 39, 87, 48, 69, 99, 4, 75, 1, 13, 58, 97, 59, 45, 8, 73, 37, 35, 79, 71, 66, 76, 32, 60, 80, 56, 6, 67, 61, 33, 7, 57, 34, 12, 16, 10, 98, 96, 88, 43, 81, 91, 2, 84, 29, 92, 19, 51, 55, 46, 89, 25, 72, 94, 38, 62, 0]|[2, 1, 2, 1, 1, 2, 1, 1, 1, 1, 1, 0, 2, 2, 1, 2, 0, 0, 0, 2, 2, 1, 0, 2, 0, 2, 2, 1, 0, 1, 1, 1, 0, 0, 1, 0, 2, 1, 2, 2, 0, 0, 1, 1, 0, 2, 0, 2, 1, 0, 0, 2, 0, 0, 2, 0, 1, 1, 0, 0, 2, 1, 1, 2, 2, 0, 2, 2, 2, 1, 2, 1, 1, 2, 0, 1, 1, 2, 1, 2, 0, 1, 1, 1, 1, 0, 0, 1, 0, 1, 1, 0, 0, 1, 1, 1, 2, 0, 1, 2]|[0, 3, 0, 3, 4, 1, 4, 4, 2, 4, 3, 2, 1, 0, 2, 1, 1, 1, 2, 1, 1, 3, 0, 1, 0, 1, 1, 4, 1, 4, 3, 2, 2, 0, 4, 1, 1, 4, 1, 1, 2, 1, 4, 4, 1, 1, 0, 1, 3, 2, 2, 1, 2, 1, 1, 2, 4, 3, 0, 2, 2, 3, 3, 1, 1, 2, 1, 1, 1, 4, 1, 3, 4, 1, 2, 4, 3, 1, 3, 1, 2, 4, 4, 4, 3, 2, 2, 3, 2, 4, 3, 2, 2, 4, 4, 4, 1, 2, 3, 1]|[0, 2, 0, 0, 3, 0, 1, 3, 0, 0, 2, 0, 1, 0, 1, 0, 0, 0, 1, 0, 0, 2, 0, 0, 1, 0, 0, 3, 0, 1, 0, 2, 0, 0, 3, 0, 1, 1, 0, 0, 0, 0, 1, 3, 0, 0, 1, 0, 2, 0, 0, 0, 0, 0, 1, 0, 1, 0, 1, 1, 0, 2, 0, 0, 0, 0, 0, 0, 0, 2, 0, 0, 1, 0, 0, 1, 0, 0, 3, 0, 0, 1, 2, 2, 0, 0, 0, 3, 0, 1, 0, 0, 0, 1, 3, 1, 0, 0, 0, 0],900.0760482104305,49104.85573898611,106612.48357517918,false
46,G3_TWC,G3_TWC,[31, 22, 42, 15, 26, 58, 95, 82, 77, 12, 47, 5, 93, 78, 98, 54, 85, 63, 18, 44, 20, 35, 43, 97, 91, 76, 10, 30, 21, 45, 71, 64, 1, 23, 17, 83, 24, 61, 60, 36, 6, 57, 94, 88, 65, 56, 79, 40, 67, 68, 46, 75, 38, 9, 19, 32, 81, 41, 27, 62, 87, 90, 99, 59, 11, 16, 72, 73, 70, 39, 37, 84, 3, 92, 25, 74, 28, 29, 51, 7, 53, 14, 86, 48, 89, 50, 66, 96, 33, 80, 4, 8, 34, 49, 52, 0, 13, 2, 69, 55]|[1, 1, 0, 1, 1, 1, 2, 1, 2, 1, 2, 2, 2, 1, 1, 0, 0, 1, 0, 2, 2, 0, 1, 2, 0, 1, 2, 2, 0, 0, 1, 2, 1, 2, 1, 0, 2, 0, 1, 1, 0, 1, 1, 1, 0, 2, 1, 1, 0, 0, 0, 0, 1, 1, 2, 1, 2, 0, 0, 0, 2, 1, 0, 1, 2, 1, 2, 1, 1, 1, 1, 1, 2, 0, 1, 2, 0, 0, 0, 1, 0, 1, 0, 0, 1, 0, 0, 0, 2, 0, 0, 1, 2, 0, 1, 0, 0, 0, 1, 1]|[4, 3, 2, 2, 0, 0, 2, 2, 2, 4, 1, 1, 2, 4, 4, 1, 1, 4, 2, 1, 1, 1, 1, 2, 1, 2, 1, 1, 1, 1, 3, 2, 3, 0, 4, 0, 1, 1, 0, 3, 2, 2, 4, 0, 1, 1, 0, 2, 0, 1, 2, 2, 1, 4, 0, 3, 2, 1, 1, 2, 1, 3, 1, 1, 1, 3, 0, 4, 3, 1, 4, 1, 1, 2, 4, 1, 2, 1, 1, 3, 2, 3, 1, 1, 1, 1, 1, 1, 1, 1, 2, 3, 1, 1, 1, 2, 2, 2, 3, 4]|[0, 2, 1, 1, 3, 3, 0, 1, 0, 0, 0, 0, 1, 0, 1, 0, 0, 3, 1, 0, 0, 0, 3, 1, 0, 2, 0, 0, 0, 1, 0, 0, 0, 0, 3, 0, 1, 0, 0, 2, 1, 1, 2, 0, 0, 0, 0, 1, 1, 0, 0, 0, 1, 3, 0, 0, 1, 0, 0, 1, 0, 2, 0, 1, 0, 2, 1, 0, 0, 1, 1, 3, 0, 1, 3, 0, 1, 0, 0, 2, 1, 0, 0, 0, 1, 0, 0, 0, 0, 0, 1, 2, 0, 1, 1, 0, 0, 0, 0, 3],804.6875225521468,57746.82533348298,88068.50778672317,false
46,G1_CMAX,G1_CMAX,[31, 22, 90, 26, 58, 95, 42, 12, 93, 5, 78, 86, 98, 18, 20, 35, 3, 97, 91, 76, 10, 85, 54, 45, 63, 71, 66, 1, 23, 17, 24, 60, 36, 6, 57, 15, 65, 56, 47, 79, 94, 67, 50, 46, 14, 75, 38, 9, 30, 19, 32, 81, 27, 92, 83, 87, 40, 99, 59, 11, 53, 16, 72, 77, 73, 70, 39, 37, 84, 43, 62, 25, 55, 28, 29, 51, 68, 82, 74, 61, 88, 21, 80, 89, 7, 69, 96, 41, 48, 4, 8, 34, 49, 52, 0, 44, 13, 2, 64, 33]|[1, 1, 1, 1, 0, 2, 1, 1, 2, 2, 2, 1, 0, 1, 2, 2, 1, 2, 0, 1, 2, 2, 2, 0, 0, 1, 2, 1, 2, 1, 2, 1, 1, 0, 1, 1, 0, 2, 2, 1, 1, 0, 0, 0, 0, 1, 1, 1, 1, 2, 1, 2, 2, 0, 0, 2, 1, 0, 0, 2, 0, 1, 2, 2, 1, 1, 1, 1, 1, 1, 0, 1, 1, 0, 0, 0, 0, 0, 2, 1, 1, 0, 0, 1, 1, 1, 2, 2, 0, 1, 1, 2, 0, 1, 0, 0, 0, 0, 2, 2]|[0, 4, 3, 0, 1, 1, 2, 4, 1, 1, 2, 4, 1, 4, 1, 1, 1, 2, 2, 2, 2, 1, 1, 1, 2, 3, 2, 3, 0, 4, 1, 0, 3, 2, 2, 2, 1, 1, 1, 0, 2, 0, 1, 2, 1, 3, 1, 4, 2, 0, 3, 2, 1, 2, 1, 1, 4, 1, 1, 1, 2, 3, 0, 2, 4, 3, 1, 4, 1, 1, 1, 4, 4, 2, 1, 1, 1, 2, 1, 3, 0, 1, 1, 1, 1, 3, 1, 1, 1, 4, 3, 1, 1, 1, 2, 2, 2, 2, 1, 1]|[3, 0, 2, 3, 0, 0, 1, 0, 0, 0, 1, 0, 0, 3, 0, 0, 1, 1, 1, 2, 1, 0, 0, 0, 0, 0, 0, 0, 0, 3, 1, 0, 2, 1, 1, 1, 0, 0, 0, 0, 1, 1, 0, 0, 0, 0, 1, 3, 2, 0, 0, 1, 0, 1, 0, 0, 2, 0, 0, 0, 1, 2, 1, 1, 0, 0, 1, 1, 3, 3, 0, 3, 3, 1, 0, 0, 0, 1, 0, 0, 0, 0, 0, 1, 2, 2, 0, 0, 0, 0, 2, 0, 1, 1, 0, 0, 0, 0, 0, 0],705.0470749739228,58445.79123614564,95781.2895945797,false
46,G4_BALANCED,G3_TWC,[31, 22, 42, 15, 26, 58, 95, 82, 77, 12, 47, 5, 93, 78, 98, 54, 85, 63, 18, 44, 20, 35, 43, 97, 91, 76, 10, 30, 21, 45, 71, 64, 1, 23, 17, 83, 24, 14, 60, 36, 6, 57, 94, 88, 65, 56, 79, 40, 67, 68, 46, 75, 38, 9, 19, 32, 81, 41, 27, 62, 87, 90, 99, 59, 11, 16, 72, 73, 70, 39, 37, 84, 3, 92, 25, 55, 28, 29, 51, 7, 33, 61, 86, 48, 89, 50, 66, 96, 53, 80, 4, 8, 34, 49, 52, 0, 13, 2, 69, 74]|[1, 1, 0, 1, 1, 1, 2, 1, 2, 1, 2, 2, 2, 1, 1, 0, 0, 1, 0, 2, 2, 0, 1, 2, 0, 1, 2, 2, 0, 0, 1, 2, 1, 2, 1, 0, 2, 0, 1, 1, 0, 1, 1, 1, 0, 2, 1, 1, 0, 0, 0, 0, 1, 1, 2, 1, 2, 0, 0, 0, 2, 1, 0, 1, 2, 1, 2, 1, 1, 1, 1, 1, 2, 1, 1, 1, 0, 0, 0, 1, 2, 1, 0, 0, 1, 0, 2, 0, 0, 0, 0, 1, 2, 0, 1, 0, 0, 0, 1, 2]|[4, 3, 2, 2, 0, 0, 2, 2, 2, 4, 1, 1, 2, 4, 4, 1, 1, 4, 2, 1, 1, 1, 1, 2, 1, 2, 1, 1, 1, 1, 3, 2, 3, 0, 4, 0, 1, 1, 0, 3, 2, 2, 4, 0, 1, 1, 0, 2, 0, 1, 2, 2, 1, 4, 0, 3, 2, 1, 1, 2, 1, 3, 1, 1, 1, 3, 0, 4, 3, 1, 4, 1, 1, 4, 4, 4, 2, 1, 1, 3, 1, 3, 1, 1, 1, 1, 1, 1, 2, 1, 2, 3, 1, 1, 1, 2, 2, 2, 3, 1]|[0, 2, 1, 1, 3, 3, 0, 1, 0, 0, 0, 0, 1, 0, 1, 0, 0, 3, 1, 0, 0, 0, 3, 1, 0, 2, 0, 0, 0, 1, 0, 0, 0, 0, 3, 0, 1, 0, 0, 2, 1, 1, 2, 0, 0, 0, 0, 1, 1, 0, 0, 0, 1, 3, 0, 0, 1, 0, 0, 1, 0, 2, 0, 1, 0, 2, 1, 0, 0, 1, 1, 3, 0, 0, 3, 3, 1, 0, 0, 2, 0, 0, 0, 0, 1, 0, 0, 0, 1, 0, 1, 2, 0, 1, 1, 0, 0, 0, 0, 0],797.4276698455878,57254.91600314166,89774.81531473398,true
46,G2_TEC,G2_TEC,[31, 22, 82, 15, 26, 9, 95, 42, 77, 68, 47, 5, 93, 78, 86, 54, 85, 63, 18, 44, 20, 49, 36, 14, 74, 50, 53, 17, 21, 28, 11, 64, 3, 23, 30, 83, 24, 41, 40, 52, 65, 27, 90, 70, 39, 87, 48, 69, 99, 4, 75, 1, 13, 58, 97, 59, 45, 8, 73, 37, 35, 79, 71, 66, 76, 32, 60, 80, 56, 6, 67, 61, 33, 7, 57, 34, 12, 16, 10, 98, 96, 88, 43, 81, 91, 2, 84, 29, 92, 19, 51, 55, 46, 89, 25, 72, 94, 38, 62, 0]|[2, 1, 2, 1, 1, 2, 1, 1, 1, 1, 1, 0, 2, 2, 1, 2, 0, 0, 0, 2, 2, 1, 0, 2, 0, 2, 2, 1, 0, 1, 1, 1, 0, 0, 1, 0, 2, 1, 2, 2, 0, 0, 1, 1, 0, 2, 0, 2, 1, 0, 0, 2, 0, 0, 2, 0, 1, 1, 0, 0, 2, 1, 1, 2, 2, 0, 2, 2, 2, 1, 2, 1, 1, 2, 0, 1, 1, 2, 1, 2, 0, 1, 1, 1, 1, 0, 0, 1, 0, 1, 1, 0, 0, 1, 1, 1, 2, 0, 1, 2]|[0, 3, 0, 3, 4, 1, 4, 4, 2, 4, 3, 2, 1, 0, 2, 1, 1, 1, 2, 1, 1, 3, 0, 1, 0, 1, 1, 4, 1, 4, 3, 2, 2, 0, 4, 1, 1, 4, 1, 1, 2, 1, 4, 4, 1, 1, 0, 1, 3, 2, 2, 1, 2, 1, 1, 2, 4, 3, 0, 2, 2, 3, 3, 1, 1, 2, 1, 1, 1, 4, 1, 3, 4, 1, 2, 4, 3, 1, 3, 1, 2, 4, 4, 4, 3, 2, 2, 3, 2, 4, 3, 2, 2, 4, 4, 4, 1, 2, 3, 1]|[0, 2, 0, 0, 3, 0, 1, 3, 0, 0, 2, 0, 1, 0, 1, 0, 0, 0, 1, 0, 0, 2, 0, 0, 1, 0, 0, 3, 0, 1, 0, 2, 0, 0, 3, 0, 1, 1, 0, 0, 0, 0, 1, 3, 0, 0, 1, 0, 2, 0, 0, 0, 0, 0, 1, 0, 1, 0, 1, 1, 0, 2, 0, 0, 0, 0, 0, 0, 0, 2, 0, 0, 1, 0, 0, 1, 0, 0, 3, 0, 0, 1, 2, 2, 0, 0, 0, 3, 0, 1, 0, 0, 0, 1, 3, 1, 0, 0, 0, 0],900.0760482104305,49104.85573898611,106612.48357517918,false
46,G3_TWC,G3_TWC,[31, 22, 42, 15, 26, 58, 95, 82, 77, 12, 47, 5, 93, 78, 98, 54, 85, 63, 18, 44, 20, 35, 43, 97, 91, 76, 10, 30, 21, 45, 71, 64, 1, 23, 17, 83, 24, 61, 60, 36, 6, 57, 94, 88, 65, 56, 79, 40, 67, 68, 46, 75, 38, 9, 19, 32, 81, 41, 27, 62, 87, 90, 99, 59, 11, 16, 72, 73, 70, 39, 37, 84, 3, 92, 25, 74, 28, 29, 51, 7, 53, 14, 86, 48, 89, 50, 66, 96, 33, 80, 4, 8, 34, 49, 52, 0, 13, 2, 69, 55]|[1, 1, 0, 1, 1, 1, 2, 1, 2, 1, 2, 2, 2, 1, 1, 0, 0, 1, 0, 2, 2, 0, 1, 2, 0, 1, 2, 2, 0, 0, 1, 2, 1, 2, 1, 0, 2, 0, 1, 1, 0, 1, 1, 1, 0, 2, 1, 1, 0, 0, 0, 0, 1, 1, 2, 1, 2, 0, 0, 0, 2, 1, 0, 1, 2, 1, 2, 1, 1, 1, 1, 1, 2, 0, 1, 2, 0, 0, 0, 1, 0, 1, 0, 0, 1, 0, 0, 0, 2, 0, 0, 1, 2, 0, 1, 0, 0, 0, 1, 1]|[4, 3, 2, 2, 0, 0, 2, 2, 2, 4, 1, 1, 2, 4, 4, 1, 1, 4, 2, 1, 1, 1, 1, 2, 1, 2, 1, 1, 1, 1, 3, 2, 3, 0, 4, 0, 1, 1, 0, 3, 2, 2, 4, 0, 1, 1, 0, 2, 0, 1, 2, 2, 1, 4, 0, 3, 2, 1, 1, 2, 1, 3, 1, 1, 1, 3, 0, 4, 3, 1, 4, 1, 1, 2, 4, 1, 2, 1, 1, 3, 2, 3, 1, 1, 1, 1, 1, 1, 1, 1, 2, 3, 1, 1, 1, 2, 2, 2, 3, 4]|[0, 2, 1, 1, 3, 3, 0, 1, 0, 0, 0, 0, 1, 0, 1, 0, 0, 3, 1, 0, 0, 0, 3, 1, 0, 2, 0, 0, 0, 1, 0, 0, 0, 0, 3, 0, 1, 0, 0, 2, 1, 1, 2, 0, 0, 0, 0, 1, 1, 0, 0, 0, 1, 3, 0, 0, 1, 0, 0, 1, 0, 2, 0, 1, 0, 2, 1, 0, 0, 1, 1, 3, 0, 1, 3, 0, 1, 0, 0, 2, 1, 0, 0, 0, 1, 0, 0, 0, 0, 0, 1, 2, 0, 1, 1, 0, 0, 0, 0, 3],804.6875225521468,57746.82533348298,88068.50778672317,false
46,G1_CMAX,G1_CMAX,[31, 22, 90, 26, 58, 95, 42, 12, 93, 5, 78, 86, 98, 18, 20, 35, 3, 97, 91, 76, 10, 85, 54, 45, 63, 71, 66, 1, 23, 17, 24, 60, 36, 6, 57, 15, 65, 56, 47, 79, 94, 67, 50, 46, 14, 75, 38, 9, 30, 19, 32, 81, 27, 92, 83, 87, 40, 99, 59, 11, 53, 16, 72, 77, 73, 70, 39, 37, 84, 43, 62, 25, 55, 28, 29, 51, 68, 82, 74, 61, 88, 21, 80, 89, 7, 69, 96, 41, 48, 4, 8, 34, 49, 52, 0, 44, 13, 2, 64, 33]|[1, 1, 1, 1, 0, 2, 1, 1, 2, 2, 2, 1, 0, 1, 2, 2, 1, 2, 0, 1, 2, 2, 2, 0, 0, 1, 2, 1, 2, 1, 2, 1, 1, 0, 1, 1, 0, 2, 2, 1, 1, 0, 0, 0, 0, 1, 1, 1, 1, 2, 1, 2, 2, 0, 0, 2, 1, 0, 0, 2, 0, 1, 2, 2, 1, 1, 1, 1, 1, 1, 0, 1, 1, 0, 0, 0, 0, 0, 2, 1, 1, 0, 0, 1, 1, 1, 2, 2, 0, 1, 1, 2, 0, 1, 0, 0, 0, 0, 2, 2]|[0, 4, 3, 0, 1, 1, 2, 4, 1, 1, 2, 4, 1, 4, 1, 1, 1, 2, 2, 2, 2, 1, 1, 1, 2, 3, 2, 3, 0, 4, 1, 0, 3, 2, 2, 2, 1, 1, 1, 0, 2, 0, 1, 2, 1, 3, 1, 4, 2, 0, 3, 2, 1, 2, 1, 1, 4, 1, 1, 1, 2, 3, 0, 2, 4, 3, 1, 4, 1, 1, 1, 4, 4, 2, 1, 1, 1, 2, 1, 3, 0, 1, 1, 1, 1, 3, 1, 1, 1, 4, 3, 1, 1, 1, 2, 2, 2, 2, 1, 1]|[3, 0, 2, 3, 0, 0, 1, 0, 0, 0, 1, 0, 0, 3, 0, 0, 1, 1, 1, 2, 1, 0, 0, 0, 0, 0, 0, 0, 0, 3, 1, 0, 2, 1, 1, 1, 0, 0, 0, 0, 1, 1, 0, 0, 0, 0, 1, 3, 2, 0, 0, 1, 0, 1, 0, 0, 2, 0, 0, 0, 1, 2, 1, 1, 0, 0, 1, 1, 3, 3, 0, 3, 3, 1, 0, 0, 0, 1, 0, 0, 0, 0, 0, 1, 2, 2, 0, 0, 0, 0, 2, 0, 1, 1, 0, 0, 0, 0, 0, 0],705.0470749739228,58445.79123614564,95781.2895945797,false
46,G4_BALANCED,G4_BALANCED,[31, 22, 82, 15, 26, 9, 95, 42, 77, 68, 47, 5, 93, 78, 86, 54, 85, 63, 18, 44, 20, 49, 36, 14, 74, 50, 53, 17, 21, 28, 11, 64, 3, 23, 30, 83, 24, 41, 40, 52, 65, 27, 90, 70, 39, 87, 48, 69, 99, 4, 75, 1, 13, 58, 97, 59, 45, 8, 73, 37, 35, 79, 71, 66, 76, 32, 60, 80, 56, 6, 67, 61, 33, 7, 57, 34, 12, 16, 10, 98, 96, 88, 43, 46, 91, 38, 84, 29, 92, 19, 51, 89, 81, 55, 25, 72, 94, 2, 62, 0]|[2, 1, 2, 1, 1, 2, 1, 1, 1, 1, 1, 0, 2, 2, 1, 2, 0, 0, 0, 2, 2, 1, 0, 2, 0, 2, 2, 1, 0, 1, 1, 1, 0, 0, 1, 0, 2, 1, 2, 2, 0, 0, 1, 1, 0, 2, 0, 2, 1, 0, 0, 2, 0, 0, 2, 0, 1, 1, 0, 0, 2, 1, 1, 2, 2, 0, 2, 2, 0, 1, 2, 1, 1, 2, 0, 1, 1, 2, 1, 2, 0, 1, 1, 0, 1, 0, 0, 1, 0, 1, 1, 1, 1, 0, 1, 1, 2, 2, 1, 0]|[0, 3, 0, 3, 4, 1, 4, 4, 2, 4, 3, 2, 1, 0, 2, 1, 1, 1, 2, 1, 1, 3, 0, 1, 0, 1, 1, 4, 1, 4, 3, 2, 2, 0, 4, 1, 1, 4, 1, 1, 2, 1, 4, 4, 1, 1, 0, 1, 3, 2, 2, 1, 2, 1, 1, 2, 4, 3, 0, 2, 2, 3, 3, 1, 1, 2, 1, 1, 2, 4, 1, 3, 4, 1, 2, 4, 3, 1, 3, 1, 2, 4, 4, 2, 3, 2, 2, 3, 2, 4, 3, 4, 4, 2, 4, 4, 1, 1, 3, 2]|[0, 2, 0, 0, 3, 0, 1, 3, 0, 0, 2, 0, 1, 0, 1, 0, 0, 0, 1, 0, 0, 2, 0, 0, 1, 0, 0, 3, 0, 1, 0, 2, 0, 0, 3, 0, 1, 1, 0, 0, 0, 0, 1, 3, 0, 0, 1, 0, 2, 0, 0, 0, 0, 1, 1, 0, 1, 0, 1, 1, 0, 2, 0, 0, 0, 0, 0, 0, 0, 2, 0, 0, 1, 0, 0, 1, 0, 0, 3, 0, 0, 1, 2, 0, 0, 0, 0, 3, 0, 1, 0, 1, 2, 0, 3, 1, 0, 0, 0, 0],885.6123526659268,49473.83911408333,104522.58233476865,false
46,G2_TEC,G2_TEC,[31, 22, 82, 15, 26, 9, 95, 42, 77, 68, 47, 5, 93, 78, 86, 54, 85, 63, 18, 44, 20, 49, 36, 14, 74, 50, 53, 17, 21, 28, 11, 64, 3, 23, 30, 83, 24, 41, 40, 52, 65, 27, 90, 70, 39, 87, 48, 69, 99, 4, 75, 1, 13, 58, 97, 59, 45, 8, 73, 37, 35, 79, 71, 66, 76, 32, 60, 80, 56, 6, 67, 61, 33, 7, 57, 34, 12, 16, 10, 98, 96, 88, 43, 81, 91, 2, 84, 29, 92, 19, 51, 55, 46, 89, 25, 72, 94, 38, 62, 0]|[2, 1, 2, 1, 1, 2, 1, 1, 1, 1, 1, 0, 2, 2, 1, 2, 0, 0, 0, 2, 2, 1, 0, 2, 0, 2, 2, 1, 0, 1, 1, 1, 0, 0, 1, 0, 2, 1, 2, 2, 0, 0, 1, 1, 0, 2, 0, 2, 1, 0, 0, 2, 0, 0, 2, 0, 1, 1, 0, 0, 2, 1, 1, 2, 2, 0, 2, 2, 2, 1, 2, 1, 1, 2, 0, 1, 1, 2, 1, 2, 0, 1, 1, 1, 1, 0, 0, 1, 0, 1, 1, 0, 0, 1, 1, 1, 2, 0, 1, 2]|[0, 3, 0, 3, 4, 1, 4, 4, 2, 4, 3, 2, 1, 0, 2, 1, 1, 1, 2, 1, 1, 3, 0, 1, 0, 1, 1, 4, 1, 4, 3, 2, 2, 0, 4, 1, 1, 4, 1, 1, 2, 1, 4, 4, 1, 1, 0, 1, 3, 2, 2, 1, 2, 1, 1, 2, 4, 3, 0, 2, 2, 3, 3, 1, 1, 2, 1, 1, 1, 4, 1, 3, 4, 1, 2, 4, 3, 1, 3, 1, 2, 4, 4, 4, 3, 2, 2, 3, 2, 4, 3, 2, 2, 4, 4, 4, 1, 2, 3, 1]|[0, 2, 0, 0, 3, 0, 1, 3, 0, 0, 2, 0, 1, 0, 1, 0, 0, 0, 1, 0, 0, 2, 0, 0, 1, 0, 0, 3, 0, 1, 0, 2, 0, 0, 3, 0, 1, 1, 0, 0, 0, 0, 1, 3, 0, 0, 1, 0, 2, 0, 0, 0, 0, 0, 1, 0, 1, 0, 1, 1, 0, 2, 0, 0, 0, 0, 0, 0, 0, 2, 0, 0, 1, 0, 0, 1, 0, 0, 3, 0, 0, 1, 2, 2, 0, 0, 0, 3, 0, 1, 0, 0, 0, 1, 3, 1, 0, 0, 0, 0],900.0760482104305,49104.85573898611,106612.48357517918,false
46,G3_TWC,G3_TWC,[31, 22, 42, 15, 26, 58, 95, 82, 77, 12, 47, 5, 93, 78, 98, 54, 85, 63, 18, 44, 20, 35, 43, 97, 91, 76, 10, 30, 21, 45, 71, 64, 1, 23, 17, 83, 24, 61, 60, 36, 6, 57, 94, 88, 65, 56, 79, 40, 67, 68, 46, 75, 38, 9, 19, 32, 81, 41, 27, 62, 87, 90, 99, 59, 11, 16, 72, 73, 70, 39, 37, 84, 3, 92, 25, 74, 28, 29, 51, 7, 53, 14, 86, 48, 89, 50, 66, 96, 33, 80, 4, 8, 34, 49, 52, 0, 13, 2, 69, 55]|[1, 1, 0, 1, 1, 1, 2, 1, 2, 1, 2, 2, 2, 1, 1, 0, 0, 1, 0, 2, 2, 0, 1, 2, 0, 1, 2, 2, 0, 0, 1, 2, 1, 2, 1, 0, 2, 0, 1, 1, 0, 1, 1, 1, 0, 2, 1, 1, 0, 0, 0, 0, 1, 1, 2, 1, 2, 0, 0, 0, 2, 1, 0, 1, 2, 1, 2, 1, 1, 1, 1, 1, 2, 0, 1, 2, 0, 0, 0, 1, 0, 1, 0, 0, 1, 0, 0, 0, 2, 0, 0, 1, 2, 0, 1, 0, 0, 0, 1, 1]|[4, 3, 2, 2, 0, 0, 2, 2, 2, 4, 1, 1, 2, 4, 4, 1, 1, 4, 2, 1, 1, 1, 1, 2, 1, 2, 1, 1, 1, 1, 3, 2, 3, 0, 4, 0, 1, 1, 0, 3, 2, 2, 4, 0, 1, 1, 0, 2, 0, 1, 2, 2, 1, 4, 0, 3, 2, 1, 1, 2, 1, 3, 1, 1, 1, 3, 0, 4, 3, 1, 4, 1, 1, 2, 4, 1, 2, 1, 1, 3, 2, 3, 1, 1, 1, 1, 1, 1, 1, 1, 2, 3, 1, 1, 1, 2, 2, 2, 3, 4]|[0, 2, 1, 1, 3, 3, 0, 1, 0, 0, 0, 0, 1, 0, 1, 0, 0, 3, 1, 0, 0, 0, 3, 1, 0, 2, 0, 0, 0, 1, 0, 0, 0, 0, 3, 0, 1, 0, 0, 2, 1, 1, 2, 0, 0, 0, 0, 1, 1, 0, 0, 0, 1, 3, 0, 0, 1, 0, 0, 1, 0, 2, 0, 1, 0, 2, 1, 0, 0, 1, 1, 3, 0, 1, 3, 0, 1, 0, 0, 2, 1, 0, 0, 0, 1, 0, 0, 0, 0, 0, 1, 2, 0, 1, 1, 0, 0, 0, 0, 3],804.6875225521468,57746.82533348298,88068.50778672317,false
46,G1_CMAX,G1_CMAX,[31, 22, 90, 26, 58, 95, 42, 12, 93, 5, 78, 86, 98, 18, 20, 35, 3, 97, 91, 76, 10, 85, 54, 45, 63, 71, 66, 1, 23, 17, 24, 60, 36, 6, 57, 15, 65, 56, 47, 79, 94, 67, 50, 46, 14, 75, 38, 9, 30, 19, 32, 81, 27, 92, 83, 87, 40, 99, 59, 11, 53, 16, 72, 77, 73, 70, 39, 37, 84, 43, 62, 25, 55, 28, 29, 51, 68, 82, 74, 61, 88, 21, 80, 89, 7, 69, 96, 41, 48, 4, 8, 34, 49, 52, 0, 44, 13, 2, 64, 33]|[1, 1, 1, 1, 0, 2, 1, 1, 2, 2, 2, 1, 0, 1, 2, 2, 1, 2, 0, 1, 2, 2, 2, 0, 0, 1, 2, 1, 2, 1, 2, 1, 1, 0, 1, 1, 0, 2, 2, 1, 1, 0, 0, 0, 0, 1, 1, 1, 1, 2, 1, 2, 2, 0, 0, 2, 1, 0, 0, 2, 0, 1, 2, 2, 1, 1, 1, 1, 1, 1, 0, 1, 1, 0, 0, 0, 0, 0, 2, 1, 1, 0, 0, 1, 1, 1, 2, 2, 0, 1, 1, 2, 0, 1, 0, 0, 0, 0, 2, 2]|[0, 4, 3, 0, 1, 1, 2, 4, 1, 1, 2, 4, 1, 4, 1, 1, 1, 2, 2, 2, 2, 1, 1, 1, 2, 3, 2, 3, 0, 4, 1, 0, 3, 2, 2, 2, 1, 1, 1, 0, 2, 0, 1, 2, 1, 3, 1, 4, 2, 0, 3, 2, 1, 2, 1, 1, 4, 1, 1, 1, 2, 3, 0, 2, 4, 3, 1, 4, 1, 1, 1, 4, 4, 2, 1, 1, 1, 2, 1, 3, 0, 1, 1, 1, 1, 3, 1, 1, 1, 4, 3, 1, 1, 1, 2, 2, 2, 2, 1, 1]|[3, 0, 2, 3, 0, 0, 1, 0, 0, 0, 1, 0, 0, 3, 0, 0, 1, 1, 1, 2, 1, 0, 0, 0, 0, 0, 0, 0, 0, 3, 1, 0, 2, 1, 1, 1, 0, 0, 0, 0, 1, 1, 0, 0, 0, 0, 1, 3, 2, 0, 0, 1, 0, 1, 0, 0, 2, 0, 0, 0, 1, 2, 1, 1, 0, 0, 1, 1, 3, 3, 0, 3, 3, 1, 0, 0, 0, 1, 0, 0, 0, 0, 0, 1, 2, 2, 0, 0, 0, 0, 2, 0, 1, 1, 0, 0, 0, 0, 0, 0],705.0470749739228,58445.79123614564,95781.2895945797,false
46,G4_BALANCED,G4_BALANCED,[31, 22, 82, 15, 26, 9, 95, 42, 77, 68, 47, 5, 93, 78, 86, 54, 85, 63, 18, 44, 20, 49, 36, 14, 74, 50, 53, 17, 21, 28, 11, 64, 3, 23, 30, 83, 24, 41, 40, 52, 65, 27, 90, 70, 39, 87, 48, 69, 99, 4, 75, 1, 13, 58, 97, 59, 45, 8, 73, 37, 35, 79, 71, 66, 76, 32, 60, 80, 56, 6, 67, 61, 33, 7, 57, 34, 12, 16, 10, 98, 96, 88, 43, 46, 91, 38, 84, 29, 92, 19, 51, 89, 81, 55, 25, 72, 94, 2, 62, 0]|[2, 1, 2, 1, 1, 2, 1, 1, 1, 1, 1, 0, 2, 2, 1, 2, 0, 0, 0, 2, 2, 1, 0, 2, 0, 2, 2, 1, 0, 1, 1, 1, 0, 0, 1, 0, 2, 1, 2, 2, 0, 0, 1, 1, 0, 2, 0, 2, 1, 0, 0, 2, 0, 0, 2, 0, 1, 1, 0, 0, 2, 1, 1, 2, 2, 0, 2, 2, 0, 1, 2, 1, 1, 2, 0, 1, 1, 2, 1, 2, 0, 1, 1, 0, 1, 0, 0, 1, 0, 1, 1, 1, 1, 0, 1, 1, 2, 2, 1, 0]|[0, 3, 0, 3, 4, 1, 4, 4, 2, 4, 3, 2, 1, 0, 2, 1, 1, 1, 2, 1, 1, 3, 0, 1, 0, 1, 1, 4, 1, 4, 3, 2, 2, 0, 4, 1, 1, 4, 1, 1, 2, 1, 4, 4, 1, 1, 0, 1, 3, 2, 2, 1, 2, 1, 1, 2, 4, 3, 0, 2, 2, 3, 3, 1, 1, 2, 1, 1, 2, 4, 1, 3, 4, 1, 2, 4, 3, 1, 3, 1, 2, 4, 4, 2, 3, 2, 2, 3, 2, 4, 3, 4, 4, 2, 4, 4, 1, 1, 3, 2]|[0, 2, 0, 0, 3, 0, 1, 3, 0, 0, 2, 0, 1, 0, 1, 0, 0, 0, 1, 0, 0, 2, 0, 0, 1, 0, 0, 3, 0, 1, 0, 2, 0, 0, 3, 0, 1, 1, 0, 0, 0, 0, 1, 3, 0, 0, 1, 0, 2, 0, 0, 0, 0, 1, 1, 0, 1, 0, 1, 1, 0, 2, 0, 0, 0, 0, 0, 0, 0, 2, 0, 0, 1, 0, 0, 1, 0, 0, 3, 0, 0, 1, 2, 0, 0, 0, 0, 3, 0, 1, 0, 1, 2, 0, 3, 1, 0, 0, 0, 0],885.6123526659268,49473.83911408333,104522.58233476865,false
46,G2_TEC,G2_TEC,[31, 22, 82, 15, 26, 9, 95, 42, 77, 68, 47, 5, 93, 78, 86, 54, 85, 63, 18, 44, 20, 49, 36, 14, 74, 50, 53, 17, 21, 28, 11, 64, 3, 23, 30, 83, 24, 41, 40, 52, 65, 27, 90, 70, 39, 87, 48, 69, 99, 4, 75, 1, 13, 58, 97, 59, 45, 8, 73, 37, 35, 79, 71, 66, 76, 32, 60, 80, 56, 6, 67, 61, 33, 7, 57, 34, 12, 16, 10, 98, 96, 88, 43, 81, 91, 2, 84, 29, 92, 19, 51, 55, 46, 89, 25, 72, 94, 38, 62, 0]|[2, 1, 2, 1, 1, 2, 1, 1, 1, 1, 1, 0, 2, 2, 1, 2, 0, 0, 0, 2, 2, 1, 0, 2, 0, 2, 2, 1, 0, 1, 1, 1, 0, 0, 1, 0, 2, 1, 2, 2, 0, 0, 1, 1, 0, 2, 0, 2, 1, 0, 0, 2, 0, 0, 2, 0, 1, 1, 0, 0, 2, 1, 1, 2, 2, 0, 2, 2, 2, 1, 2, 1, 1, 2, 0, 1, 1, 2, 1, 2, 0, 1, 1, 1, 1, 0, 0, 1, 0, 1, 1, 0, 0, 1, 1, 1, 2, 0, 1, 2]|[0, 3, 0, 3, 4, 1, 4, 4, 2, 4, 3, 2, 1, 0, 2, 1, 1, 1, 2, 1, 1, 3, 0, 1, 0, 1, 1, 4, 1, 4, 3, 2, 2, 0, 4, 1, 1, 4, 1, 1, 2, 1, 4, 4, 1, 1, 0, 1, 3, 2, 2, 1, 2, 1, 1, 2, 4, 3, 0, 2, 2, 3, 3, 1, 1, 2, 1, 1, 1, 4, 1, 3, 4, 1, 2, 4, 3, 1, 3, 1, 2, 4, 4, 4, 3, 2, 2, 3, 2, 4, 3, 2, 2, 4, 4, 4, 1, 2, 3, 1]|[0, 2, 0, 0, 3, 0, 1, 3, 0, 0, 2, 0, 1, 0, 1, 0, 0, 0, 1, 0, 0, 2, 0, 0, 1, 0, 0, 3, 0, 1, 0, 2, 0, 0, 3, 0, 1, 1, 0, 0, 0, 0, 1, 3, 0, 0, 1, 0, 2, 0, 0, 0, 0, 0, 1, 0, 1, 0, 1, 1, 0, 2, 0, 0, 0, 0, 0, 0, 0, 2, 0, 0, 1, 0, 0, 1, 0, 0, 3, 0, 0, 1, 2, 2, 0, 0, 0, 3, 0, 1, 0, 0, 0, 1, 3, 1, 0, 0, 0, 0],900.0760482104305,49104.85573898611,106612.48357517918,false
46,G3_TWC,G3_TWC,[31, 22, 42, 15, 26, 58, 95, 82, 77, 12, 47, 5, 93, 78, 98, 54, 85, 63, 18, 44, 20, 35, 43, 97, 91, 76, 10, 30, 21, 45, 71, 64, 1, 23, 17, 83, 24, 61, 60, 36, 6, 57, 94, 88, 65, 56, 79, 40, 67, 68, 46, 75, 38, 9, 19, 32, 81, 41, 27, 62, 87, 90, 99, 59, 11, 16, 72, 73, 70, 39, 37, 84, 3, 92, 25, 74, 28, 29, 51, 7, 53, 14, 86, 48, 89, 50, 66, 96, 33, 80, 4, 8, 34, 49, 52, 0, 13, 2, 69, 55]|[1, 1, 0, 1, 1, 1, 2, 1, 2, 1, 2, 2, 2, 1, 1, 0, 0, 1, 0, 2, 2, 0, 1, 2, 0, 1, 2, 2, 0, 0, 1, 2, 1, 2, 1, 0, 2, 0, 1, 1, 0, 1, 1, 1, 0, 2, 1, 1, 0, 0, 0, 0, 1, 1, 2, 1, 2, 0, 0, 0, 2, 1, 0, 1, 2, 1, 2, 1, 1, 1, 1, 1, 2, 0, 1, 2, 0, 0, 0, 1, 0, 1, 0, 0, 1, 0, 0, 0, 2, 0, 0, 1, 2, 0, 1, 0, 0, 0, 1, 1]|[4, 3, 2, 2, 0, 0, 2, 2, 2, 4, 1, 1, 2, 4, 4, 1, 1, 4, 2, 1, 1, 1, 1, 2, 1, 2, 1, 1, 1, 1, 3, 2, 3, 0, 4, 0, 1, 1, 0, 3, 2, 2, 4, 0, 1, 1, 0, 2, 0, 1, 2, 2, 1, 4, 0, 3, 2, 1, 1, 2, 1, 3, 1, 1, 1, 3, 0, 4, 3, 1, 4, 1, 1, 2, 4, 1, 2, 1, 1, 3, 2, 3, 1, 1, 1, 1, 1, 1, 1, 1, 2, 3, 1, 1, 1, 2, 2, 2, 3, 4]|[0, 2, 1, 1, 3, 3, 0, 1, 0, 0, 0, 0, 1, 0, 1, 0, 0, 3, 1, 0, 0, 0, 3, 1, 0, 2, 0, 0, 0, 1, 0, 0, 0, 0, 3, 0, 1, 0, 0, 2, 1, 1, 2, 0, 0, 0, 0, 1, 1, 0, 0, 0, 1, 3, 0, 0, 1, 0, 0, 1, 0, 2, 0, 1, 0, 2, 1, 0, 0, 1, 1, 3, 0, 1, 3, 0, 1, 0, 0, 2, 1, 0, 0, 0, 1, 0, 0, 0, 0, 0, 1, 2, 0, 1, 1, 0, 0, 0, 0, 3],804.6875225521468,57746.82533348298,88068.50778672317,false
46,G1_CMAX,G1_CMAX,[31, 22, 90, 26, 58, 95, 42, 12, 93, 5, 78, 86, 98, 18, 20, 35, 3, 97, 91, 76, 10, 85, 54, 45, 63, 71, 66, 1, 23, 17, 24, 60, 36, 6, 57, 15, 65, 56, 47, 79, 94, 67, 50, 46, 14, 75, 38, 9, 30, 19, 32, 81, 27, 92, 83, 87, 40, 99, 59, 11, 53, 16, 72, 77, 73, 70, 39, 37, 84, 43, 62, 25, 55, 28, 29, 51, 68, 82, 74, 61, 88, 21, 80, 89, 7, 69, 96, 41, 48, 4, 8, 34, 49, 52, 0, 44, 13, 2, 64, 33]|[1, 1, 1, 1, 0, 2, 1, 1, 2, 2, 2, 1, 0, 1, 2, 2, 1, 2, 0, 1, 2, 2, 2, 0, 0, 1, 2, 1, 2, 1, 2, 1, 1, 0, 1, 1, 0, 2, 2, 1, 1, 0, 0, 0, 0, 1, 1, 1, 1, 2, 1, 2, 2, 0, 0, 2, 1, 0, 0, 2, 0, 1, 2, 2, 1, 1, 1, 1, 1, 1, 0, 1, 1, 0, 0, 0, 0, 0, 2, 1, 1, 0, 0, 1, 1, 1, 2, 2, 0, 1, 1, 2, 0, 1, 0, 0, 0, 0, 2, 2]|[0, 4, 3, 0, 1, 1, 2, 4, 1, 1, 2, 4, 1, 4, 1, 1, 1, 2, 2, 2, 2, 1, 1, 1, 2, 3, 2, 3, 0, 4, 1, 0, 3, 2, 2, 2, 1, 1, 1, 0, 2, 0, 1, 2, 1, 3, 1, 4, 2, 0, 3, 2, 1, 2, 1, 1, 4, 1, 1, 1, 2, 3, 0, 2, 4, 3, 1, 4, 1, 1, 1, 4, 4, 2, 1, 1, 1, 2, 1, 3, 0, 1, 1, 1, 1, 3, 1, 1, 1, 4, 3, 1, 1, 1, 2, 2, 2, 2, 1, 1]|[3, 0, 2, 3, 0, 0, 1, 0, 0, 0, 1, 0, 0, 3, 0, 0, 1, 1, 1, 2, 1, 0, 0, 0, 0, 0, 0, 0, 0, 3, 1, 0, 2, 1, 1, 1, 0, 0, 0, 0, 1, 1, 0, 0, 0, 0, 1, 3, 2, 0, 0, 1, 0, 1, 0, 0, 2, 0, 0, 0, 1, 2, 1, 1, 0, 0, 1, 1, 3, 3, 0, 3, 3, 1, 0, 0, 0, 1, 0, 0, 0, 0, 0, 1, 2, 2, 0, 0, 0, 0, 2, 0, 1, 1, 0, 0, 0, 0, 0, 0],705.0470749739228,58445.79123614564,95781.2895945797,false
46,G4_BALANCED,G4_BALANCED,[31, 22, 82, 15, 26, 9, 95, 42, 77, 68, 47, 5, 93, 78, 86, 54, 85, 63, 18, 44, 20, 49, 36, 14, 74, 50, 53, 17, 21, 28, 11, 64, 3, 23, 30, 83, 24, 41, 40, 52, 65, 27, 90, 70, 39, 87, 48, 69, 99, 4, 75, 1, 13, 58, 97, 59, 45, 8, 73, 37, 35, 79, 71, 66, 76, 32, 60, 80, 56, 6, 67, 61, 33, 7, 57, 34, 12, 16, 10, 98, 96, 88, 43, 46, 91, 38, 84, 29, 92, 19, 51, 89, 81, 55, 25, 72, 94, 2, 62, 0]|[2, 1, 2, 1, 1, 2, 1, 1, 1, 1, 1, 0, 2, 2, 1, 2, 0, 0, 0, 2, 2, 1, 0, 2, 0, 2, 2, 1, 0, 1, 1, 1, 0, 0, 1, 0, 2, 1, 2, 2, 0, 0, 1, 1, 0, 2, 0, 2, 1, 0, 0, 2, 0, 0, 2, 0, 1, 1, 0, 0, 2, 1, 1, 2, 2, 0, 2, 2, 0, 1, 2, 1, 1, 2, 0, 1, 1, 2, 1, 2, 0, 1, 1, 0, 1, 0, 0, 1, 0, 1, 1, 1, 1, 0, 1, 1, 2, 2, 1, 0]|[0, 3, 0, 3, 4, 1, 4, 4, 2, 4, 3, 2, 1, 0, 2, 1, 1, 1, 2, 1, 1, 3, 0, 1, 0, 1, 1, 4, 1, 4, 3, 2, 2, 0, 4, 1, 1, 4, 1, 1, 2, 1, 4, 4, 1, 1, 0, 1, 3, 2, 2, 1, 2, 1, 1, 2, 4, 3, 0, 2, 2, 3, 3, 1, 1, 2, 1, 1, 2, 4, 1, 3, 4, 1, 2, 4, 3, 1, 3, 1, 2, 4, 4, 2, 3, 2, 2, 3, 2, 4, 3, 4, 4, 2, 4, 4, 1, 1, 3, 2]|[0, 2, 0, 0, 3, 0, 1, 3, 0, 0, 2, 0, 1, 0, 1, 0, 0, 0, 1, 0, 0, 2, 0, 0, 1, 0, 0, 3, 0, 1, 0, 2, 0, 0, 3, 0, 1, 1, 0, 0, 0, 0, 1, 3, 0, 0, 1, 0, 2, 0, 0, 0, 0, 1, 1, 0, 1, 0, 1, 1, 0, 2, 0, 0, 0, 0, 0, 0, 0, 2, 0, 0, 1, 0, 0, 1, 0, 0, 3, 0, 0, 1, 2, 0, 0, 0, 0, 3, 0, 1, 0, 1, 2, 0, 3, 1, 0, 0, 0, 0],885.6123526659268,49473.83911408333,104522.58233476865,false
46,G2_TEC,G2_TEC,[31, 22, 82, 15, 26, 9, 95, 42, 77, 68, 47, 5, 93, 78, 86, 54, 85, 63, 18, 44, 20, 49, 36, 14, 74, 50, 53, 17, 21, 28, 11, 64, 3, 23, 30, 83, 24, 41, 40, 52, 65, 27, 90, 70, 39, 87, 48, 69, 99, 4, 75, 1, 13, 58, 97, 59, 45, 8, 73, 37, 35, 79, 71, 66, 76, 32, 60, 80, 56, 6, 67, 61, 33, 7, 57, 34, 12, 16, 10, 98, 96, 88, 43, 81, 91, 2, 84, 29, 92, 19, 51, 55, 46, 89, 25, 72, 94, 38, 62, 0]|[2, 1, 2, 1, 1, 2, 1, 1, 1, 1, 1, 0, 2, 2, 1, 2, 0, 0, 0, 2, 2, 1, 0, 2, 0, 2, 2, 1, 0, 1, 1, 1, 0, 0, 1, 0, 2, 1, 2, 2, 0, 0, 1, 1, 0, 2, 0, 2, 1, 0, 0, 2, 0, 0, 2, 0, 1, 1, 0, 0, 2, 1, 1, 2, 2, 0, 2, 2, 2, 1, 2, 1, 1, 2, 0, 1, 1, 2, 1, 2, 0, 1, 1, 1, 1, 0, 0, 1, 0, 1, 1, 0, 0, 1, 1, 1, 2, 0, 1, 2]|[0, 3, 0, 3, 4, 1, 4, 4, 2, 4, 3, 2, 1, 0, 2, 1, 1, 1, 2, 1, 1, 3, 0, 1, 0, 1, 1, 4, 1, 4, 3, 2, 2, 0, 4, 1, 1, 4, 1, 1, 2, 1, 4, 4, 1, 1, 0, 1, 3, 2, 2, 1, 2, 1, 1, 2, 4, 3, 0, 2, 2, 3, 3, 1, 1, 2, 1, 1, 1, 4, 1, 3, 4, 1, 2, 4, 3, 1, 3, 1, 2, 4, 4, 4, 3, 2, 2, 3, 2, 4, 3, 2, 2, 4, 4, 4, 1, 2, 3, 1]|[0, 2, 0, 0, 3, 0, 1, 3, 0, 0, 2, 0, 1, 0, 1, 0, 0, 0, 1, 0, 0, 2, 0, 0, 1, 0, 0, 3, 0, 1, 0, 2, 0, 0, 3, 0, 1, 1, 0, 0, 0, 0, 1, 3, 0, 0, 1, 0, 2, 0, 0, 0, 0, 0, 1, 0, 1, 0, 1, 1, 0, 2, 0, 0, 0, 0, 0, 0, 0, 2, 0, 0, 1, 0, 0, 1, 0, 0, 3, 0, 0, 1, 2, 2, 0, 0, 0, 3, 0, 1, 0, 0, 0, 1, 3, 1, 0, 0, 0, 0],900.0760482104305,49104.85573898611,106612.48357517918,false
46,G3_TWC,G3_TWC,[31, 22, 42, 15, 26, 58, 95, 82, 77, 12, 47, 5, 93, 78, 98, 54, 85, 63, 18, 44, 20, 35, 43, 97, 91, 76, 10, 30, 21, 45, 71, 64, 1, 23, 17, 83, 24, 61, 60, 36, 6, 57, 94, 88, 65, 56, 79, 40, 67, 68, 46, 75, 38, 9, 19, 32, 81, 41, 27, 62, 87, 90, 99, 59, 11, 16, 72, 73, 70, 39, 37, 84, 3, 92, 25, 74, 28, 29, 51, 7, 53, 14, 86, 48, 89, 50, 66, 96, 33, 80, 4, 8, 34, 49, 52, 0, 13, 2, 69, 55]|[1, 1, 0, 1, 1, 1, 2, 1, 2, 1, 2, 2, 2, 1, 1, 0, 0, 1, 0, 2, 2, 0, 1, 2, 0, 1, 2, 2, 0, 0, 1, 2, 1, 2, 1, 0, 2, 0, 1, 1, 0, 1, 1, 1, 0, 2, 1, 1, 0, 0, 0, 0, 1, 1, 2, 1, 2, 0, 0, 0, 2, 1, 0, 1, 2, 1, 2, 1, 1, 1, 1, 1, 2, 0, 1, 2, 0, 0, 0, 1, 0, 1, 0, 0, 1, 0, 0, 0, 2, 0, 0, 1, 2, 0, 1, 0, 0, 0, 1, 1]|[4, 3, 2, 2, 0, 0, 2, 2, 2, 4, 1, 1, 2, 4, 4, 1, 1, 4, 2, 1, 1, 1, 1, 2, 1, 2, 1, 1, 1, 1, 3, 2, 3, 0, 4, 0, 1, 1, 0, 3, 2, 2, 4, 0, 1, 1, 0, 2, 0, 1, 2, 2, 1, 4, 0, 3, 2, 1, 1, 2, 1, 3, 1, 1, 1, 3, 0, 4, 3, 1, 4, 1, 1, 2, 4, 1, 2, 1, 1, 3, 2, 3, 1, 1, 1, 1, 1, 1, 1, 1, 2, 3, 1, 1, 1, 2, 2, 2, 3, 4]|[0, 2, 1, 1, 3, 3, 0, 1, 0, 0, 0, 0, 1, 0, 1, 0, 0, 3, 1, 0, 0, 0, 3, 1, 0, 2, 0, 0, 0, 1, 0, 0, 0, 0, 3, 0, 1, 0, 0, 2, 1, 1, 2, 0, 0, 0, 0, 1, 1, 0, 0, 0, 1, 3, 0, 0, 1, 0, 0, 1, 0, 2, 0, 1, 0, 2, 1, 0, 0, 1, 1, 3, 0, 1, 3, 0, 1, 0, 0, 2, 1, 0, 0, 0, 1, 0, 0, 0, 0, 0, 1, 2, 0, 1, 1, 0, 0, 0, 0, 3],804.6875225521468,57746.82533348298,88068.50778672317,false
46,G1_CMAX,G1_CMAX,[31, 22, 90, 26, 58, 95, 42, 12, 93, 5, 78, 86, 98, 18, 20, 35, 3, 97, 91, 76, 10, 85, 54, 45, 63, 71, 66, 1, 23, 17, 24, 60, 36, 6, 57, 15, 65, 56, 47, 79, 94, 67, 50, 46, 14, 75, 38, 9, 30, 19, 32, 81, 27, 92, 83, 87, 40, 99, 59, 11, 53, 16, 72, 77, 73, 70, 39, 37, 84, 43, 62, 25, 55, 28, 29, 51, 68, 82, 74, 61, 88, 21, 80, 89, 7, 69, 96, 41, 48, 4, 8, 34, 49, 52, 0, 44, 13, 2, 64, 33]|[1, 1, 1, 1, 0, 2, 1, 1, 2, 2, 2, 1, 0, 1, 2, 2, 1, 2, 0, 1, 2, 2, 2, 0, 0, 1, 2, 1, 2, 1, 2, 1, 1, 0, 1, 1, 0, 2, 2, 1, 1, 0, 0, 0, 0, 1, 1, 1, 1, 2, 1, 2, 2, 0, 0, 2, 1, 0, 0, 2, 0, 1, 2, 2, 1, 1, 1, 1, 1, 1, 0, 1, 1, 0, 0, 0, 0, 0, 2, 1, 1, 0, 0, 1, 1, 1, 2, 2, 0, 1, 1, 2, 0, 1, 0, 0, 0, 0, 2, 2]|[0, 4, 3, 0, 1, 1, 2, 4, 1, 1, 2, 4, 1, 4, 1, 1, 1, 2, 2, 2, 2, 1, 1, 1, 2, 3, 2, 3, 0, 4, 1, 0, 3, 2, 2, 2, 1, 1, 1, 0, 2, 0, 1, 2, 1, 3, 1, 4, 2, 0, 3, 2, 1, 2, 1, 1, 4, 1, 1, 1, 2, 3, 0, 2, 4, 3, 1, 4, 1, 1, 1, 4, 4, 2, 1, 1, 1, 2, 1, 3, 0, 1, 1, 1, 1, 3, 1, 1, 1, 4, 3, 1, 1, 1, 2, 2, 2, 2, 1, 1]|[3, 0, 2, 3, 0, 0, 1, 0, 0, 0, 1, 0, 0, 3, 0, 0, 1, 1, 1, 2, 1, 0, 0, 0, 0, 0, 0, 0, 0, 3, 1, 0, 2, 1, 1, 1, 0, 0, 0, 0, 1, 1, 0, 0, 0, 0, 1, 3, 2, 0, 0, 1, 0, 1, 0, 0, 2, 0, 0, 0, 1, 2, 1, 1, 0, 0, 1, 1, 3, 3, 0, 3, 3, 1, 0, 0, 0, 1, 0, 0, 0, 0, 0, 1, 2, 2, 0, 0, 0, 0, 2, 0, 1, 1, 0, 0, 0, 0, 0, 0],705.0470749739228,58445.79123614564,95781.2895945797,false
46,G4_BALANCED,G1_CMAX,[22, 82, 3, 58, 95, 42, 77, 47, 5, 93, 78, 12, 86, 54, 50, 63, 18, 44, 20, 35, 43, 97, 91, 76, 10, 30, 21, 45, 71, 64, 36, 23, 17, 83, 24, 14, 60, 1, 6, 40, 57, 90, 65, 56, 79, 94, 67, 68, 46, 75, 38, 9, 19, 32, 81, 41, 27, 62, 16, 55, 59, 89, 88, 87, 31, 72, 73, 70, 39, 37, 84, 92, 25, 11, 48, 15, 29, 51, 7, 33, 61, 98, 28, 99, 26, 85, 66, 96, 53, 80, 4, 8, 34, 49, 52, 2, 13, 0, 69, 74]|[1, 0, 1, 0, 1, 2, 2, 2, 2, 2, 1, 1, 1, 0, 0, 1, 0, 2, 2, 0, 1, 2, 0, 1, 2, 2, 0, 0, 1, 2, 1, 2, 1, 0, 2, 0, 1, 1, 0, 1, 1, 1, 0, 2, 1, 1, 0, 0, 0, 0, 1, 1, 2, 1, 2, 0, 0, 0, 1, 2, 1, 1, 1, 1, 1, 2, 1, 2, 1, 1, 1, 0, 1, 2, 2, 1, 0, 0, 1, 2, 1, 2, 0, 1, 1, 0, 0, 2, 0, 0, 1, 1, 2, 0, 1, 0, 0, 0, 1, 2]|[3, 2, 1, 1, 2, 1, 2, 1, 1, 2, 4, 4, 4, 1, 1, 4, 2, 1, 1, 1, 1, 2, 1, 2, 1, 1, 2, 1, 3, 2, 3, 1, 4, 1, 1, 1, 0, 3, 2, 2, 2, 3, 1, 1, 0, 4, 0, 1, 2, 2, 1, 4, 0, 3, 2, 1, 1, 2, 3, 1, 1, 1, 0, 3, 0, 0, 3, 0, 1, 4, 1, 0, 4, 1, 1, 4, 1, 1, 1, 1, 3, 1, 2, 1, 0, 2, 1, 1, 2, 1, 4, 3, 1, 1, 1, 2, 2, 2, 4, 1]|[3, 1, 2, 0, 1, 0, 0, 0, 0, 1, 0, 0, 1, 0, 0, 3, 1, 0, 0, 0, 3, 1, 0, 2, 0, 0, 0, 1, 0, 0, 2, 0, 3, 0, 1, 0, 0, 0, 1, 1, 1, 2, 0, 0, 0, 2, 1, 0, 0, 0, 1, 3, 0, 0, 1, 0, 0, 1, 2, 0, 1, 1, 0, 2, 0, 1, 0, 1, 1, 1, 1, 1, 3, 0, 0, 3, 0, 0, 2, 0, 0, 0, 1, 1, 3, 0, 0, 0, 1, 0, 0, 2, 0, 1, 1, 0, 0, 0, 2, 0],715.7913946700162,58060.95961022334,95287.06515100288,true
46,G2_TEC,G2_TEC,[31, 22, 82, 15, 26, 9, 95, 42, 77, 68, 47, 5, 93, 78, 86, 54, 85, 63, 18, 44, 20, 49, 36, 14, 74, 50, 53, 17, 21, 28, 11, 64, 3, 23, 30, 83, 24, 41, 40, 52, 65, 27, 90, 70, 39, 87, 48, 69, 99, 4, 75, 1, 13, 58, 97, 59, 45, 8, 73, 37, 35, 79, 71, 66, 76, 32, 60, 80, 56, 6, 67, 61, 33, 7, 57, 34, 12, 16, 10, 98, 96, 88, 43, 81, 91, 2, 84, 29, 92, 19, 51, 55, 46, 89, 25, 72, 94, 38, 62, 0]|[2, 1, 2, 1, 1, 2, 1, 1, 1, 1, 1, 0, 2, 2, 1, 2, 0, 0, 0, 2, 2, 1, 0, 2, 0, 2, 2, 1, 0, 1, 1, 1, 0, 0, 1, 0, 2, 1, 2, 2, 0, 0, 1, 1, 0, 2, 0, 2, 1, 0, 0, 2, 0, 0, 2, 0, 1, 1, 0, 0, 2, 1, 1, 2, 2, 0, 2, 2, 2, 1, 2, 1, 1, 2, 0, 1, 1, 2, 1, 2, 0, 1, 1, 1, 1, 0, 0, 1, 0, 1, 1, 0, 0, 1, 1, 1, 2, 0, 1, 2]|[0, 3, 0, 3, 4, 1, 4, 4, 2, 4, 3, 2, 1, 0, 2, 1, 1, 1, 2, 1, 1, 3, 0, 1, 0, 1, 1, 4, 1, 4, 3, 2, 2, 0, 4, 1, 1, 4, 1, 1, 2, 1, 4, 4, 1, 1, 0, 1, 3, 2, 2, 1, 2, 1, 1, 2, 4, 3, 0, 2, 2, 3, 3, 1, 1, 2, 1, 1, 1, 4, 1, 3, 4, 1, 2, 4, 3, 1, 3, 1, 2, 4, 4, 4, 3, 2, 2, 3, 2, 4, 3, 2, 2, 4, 4, 4, 1, 2, 3, 1]|[0, 2, 0, 0, 3, 0, 1, 3, 0, 0, 2, 0, 1, 0, 1, 0, 0, 0, 1, 0, 0, 2, 0, 0, 1, 0, 0, 3, 0, 1, 0, 2, 0, 0, 3, 0, 1, 1, 0, 0, 0, 0, 1, 3, 0, 0, 1, 0, 2, 0, 0, 0, 0, 0, 1, 0, 1, 0, 1, 1, 0, 2, 0, 0, 0, 0, 0, 0, 0, 2, 0, 0, 1, 0, 0, 1, 0, 0, 3, 0, 0, 1, 2, 2, 0, 0, 0, 3, 0, 1, 0, 0, 0, 1, 3, 1, 0, 0, 0, 0],900.0760482104305,49104.85573898611,106612.48357517918,false
46,G3_TWC,G3_TWC,[31, 22, 42, 15, 26, 58, 95, 82, 77, 12, 47, 5, 93, 78, 98, 54, 85, 63, 18, 44, 20, 35, 43, 97, 91, 76, 10, 30, 21, 45, 71, 64, 1, 23, 17, 83, 24, 61, 60, 36, 6, 57, 94, 88, 65, 56, 79, 40, 67, 68, 46, 75, 38, 9, 19, 32, 81, 41, 27, 62, 87, 90, 99, 59, 11, 16, 72, 73, 70, 39, 37, 84, 3, 92, 25, 74, 28, 29, 51, 7, 53, 14, 86, 48, 89, 50, 66, 96, 33, 80, 4, 8, 34, 49, 52, 0, 13, 2, 69, 55]|[1, 1, 0, 1, 1, 1, 2, 1, 2, 1, 2, 2, 2, 1, 1, 0, 0, 1, 0, 2, 2, 0, 1, 2, 0, 1, 2, 2, 0, 0, 1, 2, 1, 2, 1, 0, 2, 0, 1, 1, 0, 1, 1, 1, 0, 2, 1, 1, 0, 0, 0, 0, 1, 1, 2, 1, 2, 0, 0, 0, 2, 1, 0, 1, 2, 1, 2, 1, 1, 1, 1, 1, 2, 0, 1, 2, 0, 0, 0, 1, 0, 1, 0, 0, 1, 0, 0, 0, 2, 0, 0, 1, 2, 0, 1, 0, 0, 0, 1, 1]|[4, 3, 2, 2, 0, 0, 2, 2, 2, 4, 1, 1, 2, 4, 4, 1, 1, 4, 2, 1, 1, 1, 1, 2, 1, 2, 1, 1, 1, 1, 3, 2, 3, 0, 4, 0, 1, 1, 0, 3, 2, 2, 4, 0, 1, 1, 0, 2, 0, 1, 2, 2, 1, 4, 0, 3, 2, 1, 1, 2, 1, 3, 1, 1, 1, 3, 0, 4, 3, 1, 4, 1, 1, 2, 4, 1, 2, 1, 1, 3, 2, 3, 1, 1, 1, 1, 1, 1, 1, 1, 2, 3, 1, 1, 1, 2, 2, 2, 3, 4]|[0, 2, 1, 1, 3, 3, 0, 1, 0, 0, 0, 0, 1, 0, 1, 0, 0, 3, 1, 0, 0, 0, 3, 1, 0, 2, 0, 0, 0, 1, 0, 0, 0, 0, 3, 0, 1, 0, 0, 2, 1, 1, 2, 0, 0, 0, 0, 1, 1, 0, 0, 0, 1, 3, 0, 0, 1, 0, 0, 1, 0, 2, 0, 1, 0, 2, 1, 0, 0, 1, 1, 3, 0, 1, 3, 0, 1, 0, 0, 2, 1, 0, 0, 0, 1, 0, 0, 0, 0, 0, 1, 2, 0, 1, 1, 0, 0, 0, 0, 3],804.6875225521468,57746.82533348298,88068.50778672317,false
46,G1_CMAX,G1_CMAX,[31, 22, 90, 26, 58, 95, 42, 12, 93, 5, 78, 86, 98, 18, 20, 35, 3, 97, 91, 76, 10, 85, 54, 45, 63, 71, 66, 1, 23, 17, 24, 60, 36, 6, 57, 15, 65, 56, 47, 79, 94, 67, 50, 46, 14, 75, 38, 9, 30, 19, 32, 81, 27, 92, 83, 87, 40, 99, 59, 11, 53, 16, 72, 77, 73, 70, 39, 37, 84, 43, 62, 25, 55, 28, 29, 51, 68, 82, 74, 61, 88, 21, 80, 89, 7, 69, 96, 41, 48, 4, 8, 34, 49, 52, 0, 44, 13, 2, 64, 33]|[1, 1, 1, 1, 0, 2, 1, 1, 2, 2, 2, 1, 0, 1, 2, 2, 1, 2, 0, 1, 2, 2, 2, 0, 0, 1, 2, 1, 2, 1, 2, 1, 1, 0, 1, 1, 0, 2, 2, 1, 1, 0, 0, 0, 0, 1, 1, 1, 1, 2, 1, 2, 2, 0, 0, 2, 1, 0, 0, 2, 0, 1, 2, 2, 1, 1, 1, 1, 1, 1, 0, 1, 1, 0, 0, 0, 0, 0, 2, 1, 1, 0, 0, 1, 1, 1, 2, 2, 0, 1, 1, 2, 0, 1, 0, 0, 0, 0, 2, 2]|[0, 4, 3, 0, 1, 1, 2, 4, 1, 1, 2, 4, 1, 4, 1, 1, 1, 2, 2, 2, 2, 1, 1, 1, 2, 3, 2, 3, 0, 4, 1, 0, 3, 2, 2, 2, 1, 1, 1, 0, 2, 0, 1, 2, 1, 3, 1, 4, 2, 0, 3, 2, 1, 2, 1, 1, 4, 1, 1, 1, 2, 3, 0, 2, 4, 3, 1, 4, 1, 1, 1, 4, 4, 2, 1, 1, 1, 2, 1, 3, 0, 1, 1, 1, 1, 3, 1, 1, 1, 4, 3, 1, 1, 1, 2, 2, 2, 2, 1, 1]|[3, 0, 2, 3, 0, 0, 1, 0, 0, 0, 1, 0, 0, 3, 0, 0, 1, 1, 1, 2, 1, 0, 0, 0, 0, 0, 0, 0, 0, 3, 1, 0, 2, 1, 1, 1, 0, 0, 0, 0, 1, 1, 0, 0, 0, 0, 1, 3, 2, 0, 0, 1, 0, 1, 0, 0, 2, 0, 0, 0, 1, 2, 1, 1, 0, 0, 1, 1, 3, 3, 0, 3, 3, 1, 0, 0, 0, 1, 0, 0, 0, 0, 0, 1, 2, 2, 0, 0, 0, 0, 2, 0, 1, 1, 0, 0, 0, 0, 0, 0],705.0470749739228,58445.79123614564,95781.2895945797,false
46,G4_BALANCED,G3_TWC,[31, 22, 42, 15, 26, 58, 95, 82, 77, 12, 47, 5, 93, 78, 98, 54, 85, 63, 18, 44, 20, 35, 43, 97, 91, 76, 10, 30, 21, 45, 71, 64, 1, 23, 17, 83, 24, 14, 60, 36, 6, 57, 94, 88, 65, 56, 79, 40, 67, 68, 46, 75, 38, 9, 19, 32, 81, 41, 27, 62, 87, 90, 99, 59, 11, 16, 72, 73, 70, 39, 37, 84, 3, 92, 25, 55, 28, 29, 51, 89, 33, 61, 7, 48, 50, 86, 66, 96, 53, 80, 4, 8, 34, 49, 52, 0, 13, 2, 69, 74]|[1, 1, 0, 1, 1, 1, 2, 1, 2, 1, 2, 2, 2, 1, 1, 0, 0, 1, 0, 2, 2, 0, 1, 2, 0, 1, 2, 2, 0, 0, 1, 2, 1, 2, 1, 0, 2, 0, 1, 1, 0, 1, 1, 1, 0, 2, 1, 1, 0, 0, 0, 0, 1, 1, 2, 1, 2, 0, 0, 0, 2, 1, 0, 1, 2, 1, 2, 1, 1, 1, 1, 1, 2, 0, 1, 1, 0, 0, 2, 1, 2, 1, 1, 0, 0, 0, 2, 0, 0, 0, 0, 1, 2, 0, 1, 0, 0, 0, 1, 2]|[4, 3, 2, 2, 0, 0, 2, 2, 2, 4, 1, 1, 2, 4, 4, 1, 1, 4, 2, 1, 1, 1, 1, 2, 1, 2, 1, 1, 1, 1, 3, 2, 3, 0, 4, 0, 1, 1, 0, 3, 2, 2, 4, 0, 1, 1, 0, 2, 0, 1, 2, 2, 1, 4, 0, 3, 2, 1, 1, 2, 1, 3, 1, 1, 1, 3, 0, 4, 3, 1, 4, 1, 1, 2, 4, 4, 2, 1, 1, 1, 1, 3, 3, 1, 1, 1, 1, 1, 2, 1, 2, 3, 1, 1, 1, 2, 2, 2, 3, 1]|[0, 2, 1, 1, 3, 3, 0, 1, 0, 0, 0, 0, 1, 0, 1, 0, 0, 3, 1, 0, 0, 0, 3, 1, 0, 2, 0, 0, 0, 1, 0, 0, 0, 0, 3, 0, 1, 0, 0, 2, 1, 1, 2, 0, 0, 0, 0, 1, 1, 0, 0, 0, 1, 3, 0, 0, 1, 0, 0, 1, 0, 2, 0, 1, 0, 2, 1, 0, 0, 1, 1, 3, 0, 1, 3, 3, 1, 0, 0, 1, 0, 0, 2, 0, 0, 0, 0, 0, 1, 0, 1, 2, 0, 1, 1, 0, 0, 0, 0, 0],774.8323733158313,57532.14200928165,89387.48493120793,true
46,G2_TEC,G2_TEC,[31, 22, 82, 15, 26, 9, 95, 42, 77, 68, 47, 5, 93, 78, 86, 54, 85, 63, 18, 44, 20, 49, 36, 14, 74, 50, 53, 17, 21, 28, 11, 64, 3, 23, 30, 83, 24, 41, 40, 52, 65, 27, 90, 70, 39, 87, 48, 69, 99, 4, 75, 1, 13, 58, 97, 59, 45, 8, 73, 37, 35, 79, 71, 66, 76, 32, 60, 80, 56, 6, 67, 61, 33, 7, 57, 34, 12, 16, 10, 98, 96, 88, 43, 81, 91, 2, 84, 29, 92, 19, 51, 55, 46, 89, 25, 72, 94, 38, 62, 0]|[2, 1, 2, 1, 1, 2, 1, 1, 1, 1, 1, 0, 2, 2, 1, 2, 0, 0, 0, 2, 2, 1, 0, 2, 0, 2, 2, 1, 0, 1, 1, 1, 0, 0, 1, 0, 2, 1, 2, 2, 0, 0, 1, 1, 0, 2, 0, 2, 1, 0, 0, 2, 0, 0, 2, 0, 1, 1, 0, 0, 2, 1, 1, 2, 2, 0, 2, 2, 2, 1, 2, 1, 1, 2, 0, 1, 1, 2, 1, 2, 0, 1, 1, 1, 1, 0, 0, 1, 0, 1, 1, 0, 0, 1, 1, 1, 2, 0, 1, 2]|[0, 3, 0, 3, 4, 1, 4, 4, 2, 4, 3, 2, 1, 0, 2, 1, 1, 1, 2, 1, 1, 3, 0, 1, 0, 1, 1, 4, 1, 4, 3, 2, 2, 0, 4, 1, 1, 4, 1, 1, 2, 1, 4, 4, 1, 1, 0, 1, 3, 2, 2, 1, 2, 1, 1, 2, 4, 3, 0, 2, 2, 3, 3, 1, 1, 2, 1, 1, 1, 4, 1, 3, 4, 1, 2, 4, 3, 1, 3, 1, 2, 4, 4, 4, 3, 2, 2, 3, 2, 4, 3, 2, 2, 4, 4, 4, 1, 2, 3, 1]|[0, 2, 0, 0, 3, 0, 1, 3, 0, 0, 2, 0, 1, 0, 1, 0, 0, 0, 1, 0, 0, 2, 0, 0, 1, 0, 0, 3, 0, 1, 0, 2, 0, 0, 3, 0, 1, 1, 0, 0, 0, 0, 1, 3, 0, 0, 1, 0, 2, 0, 0, 0, 0, 0, 1, 0, 1, 0, 1, 1, 0, 2, 0, 0, 0, 0, 0, 0, 0, 2, 0, 0, 1, 0, 0, 1, 0, 0, 3, 0, 0, 1, 2, 2, 0, 0, 0, 3, 0, 1, 0, 0, 0, 1, 3, 1, 0, 0, 0, 0],900.0760482104305,49104.85573898611,106612.48357517918,false
46,G3_TWC,G3_TWC,[31, 22, 42, 15, 26, 58, 95, 82, 77, 12, 47, 5, 93, 78, 98, 54, 85, 63, 18, 44, 20, 35, 43, 97, 91, 76, 10, 30, 21, 45, 71, 64, 1, 23, 17, 83, 24, 61, 60, 36, 6, 57, 94, 88, 65, 56, 79, 40, 67, 68, 46, 75, 38, 9, 19, 32, 81, 41, 27, 62, 87, 90, 99, 59, 11, 16, 72, 73, 70, 39, 37, 84, 3, 92, 25, 74, 28, 29, 51, 7, 53, 14, 86, 48, 89, 50, 66, 96, 33, 80, 4, 8, 34, 49, 52, 0, 13, 2, 69, 55]|[1, 1, 0, 1, 1, 1, 2, 1, 2, 1, 2, 2, 2, 1, 1, 0, 0, 1, 0, 2, 2, 0, 1, 2, 0, 1, 2, 2, 0, 0, 1, 2, 1, 2, 1, 0, 2, 0, 1, 1, 0, 1, 1, 1, 0, 2, 1, 1, 0, 0, 0, 0, 1, 1, 2, 1, 2, 0, 0, 0, 2, 1, 0, 1, 2, 1, 2, 1, 1, 1, 1, 1, 2, 0, 1, 2, 0, 0, 0, 1, 0, 1, 0, 0, 1, 0, 0, 0, 2, 0, 0, 1, 2, 0, 1, 0, 0, 0, 1, 1]|[4, 3, 2, 2, 0, 0, 2, 2, 2, 4, 1, 1, 2, 4, 4, 1, 1, 4, 2, 1, 1, 1, 1, 2, 1, 2, 1, 1, 1, 1, 3, 2, 3, 0, 4, 0, 1, 1, 0, 3, 2, 2, 4, 0, 1, 1, 0, 2, 0, 1, 2, 2, 1, 4, 0, 3, 2, 1, 1, 2, 1, 3, 1, 1, 1, 3, 0, 4, 3, 1, 4, 1, 1, 2, 4, 1, 2, 1, 1, 3, 2, 3, 1, 1, 1, 1, 1, 1, 1, 1, 2, 3, 1, 1, 1, 2, 2, 2, 3, 4]|[0, 2, 1, 1, 3, 3, 0, 1, 0, 0, 0, 0, 1, 0, 1, 0, 0, 3, 1, 0, 0, 0, 3, 1, 0, 2, 0, 0, 0, 1, 0, 0, 0, 0, 3, 0, 1, 0, 0, 2, 1, 1, 2, 0, 0, 0, 0, 1, 1, 0, 0, 0, 1, 3, 0, 0, 1, 0, 0, 1, 0, 2, 0, 1, 0, 2, 1, 0, 0, 1, 1, 3, 0, 1, 3, 0, 1, 0, 0, 2, 1, 0, 0, 0, 1, 0, 0, 0, 0, 0, 1, 2, 0, 1, 1, 0, 0, 0, 0, 3],804.6875225521468,57746.82533348298,88068.50778672317,false
46,G1_CMAX,G1_CMAX,[31, 22, 90, 26, 58, 95, 42, 12, 93, 5, 78, 86, 98, 18, 20, 35, 3, 97, 91, 76, 10, 85, 54, 45, 63, 71, 66, 1, 23, 17, 24, 60, 36, 6, 57, 15, 65, 56, 47, 79, 94, 67, 50, 46, 14, 75, 38, 9, 30, 19, 32, 81, 27, 92, 83, 87, 40, 99, 59, 11, 53, 16, 72, 77, 73, 70, 39, 37, 84, 43, 62, 25, 55, 28, 29, 51, 68, 82, 74, 61, 88, 21, 80, 89, 7, 69, 96, 41, 48, 4, 8, 34, 49, 52, 0, 44, 13, 2, 64, 33]|[1, 1, 1, 1, 0, 2, 1, 1, 2, 2, 2, 1, 0, 1, 2, 2, 1, 2, 0, 1, 2, 2, 2, 0, 0, 1, 2, 1, 2, 1, 2, 1, 1, 0, 1, 1, 0, 2, 2, 1, 1, 0, 0, 0, 0, 1, 1, 1, 1, 2, 1, 2, 2, 0, 0, 2, 1, 0, 0, 2, 0, 1, 2, 2, 1, 1, 1, 1, 1, 1, 0, 1, 1, 0, 0, 0, 0, 0, 2, 1, 1, 0, 0, 1, 1, 1, 2, 2, 0, 1, 1, 2, 0, 1, 0, 0, 0, 0, 2, 2]|[0, 4, 3, 0, 1, 1, 2, 4, 1, 1, 2, 4, 1, 4, 1, 1, 1, 2, 2, 2, 2, 1, 1, 1, 2, 3, 2, 3, 0, 4, 1, 0, 3, 2, 2, 2, 1, 1, 1, 0, 2, 0, 1, 2, 1, 3, 1, 4, 2, 0, 3, 2, 1, 2, 1, 1, 4, 1, 1, 1, 2, 3, 0, 2, 4, 3, 1, 4, 1, 1, 1, 4, 4, 2, 1, 1, 1, 2, 1, 3, 0, 1, 1, 1, 1, 3, 1, 1, 1, 4, 3, 1, 1, 1, 2, 2, 2, 2, 1, 1]|[3, 0, 2, 3, 0, 0, 1, 0, 0, 0, 1, 0, 0, 3, 0, 0, 1, 1, 1, 2, 1, 0, 0, 0, 0, 0, 0, 0, 0, 3, 1, 0, 2, 1, 1, 1, 0, 0, 0, 0, 1, 1, 0, 0, 0, 0, 1, 3, 2, 0, 0, 1, 0, 1, 0, 0, 2, 0, 0, 0, 1, 2, 1, 1, 0, 0, 1, 1, 3, 3, 0, 3, 3, 1, 0, 0, 0, 1, 0, 0, 0, 0, 0, 1, 2, 2, 0, 0, 0, 0, 2, 0, 1, 1, 0, 0, 0, 0, 0, 0],705.0470749739228,58445.79123614564,95781.2895945797,false
46,G4_BALANCED,G3_TWC,[31, 22, 82, 15, 26, 58, 95, 42, 77, 12, 47, 5, 93, 78, 98, 54, 85, 63, 18, 44, 20, 35, 43, 97, 91, 76, 10, 30, 21, 45, 71, 64, 1, 23, 17, 83, 24, 14, 60, 36, 6, 57, 94, 88, 65, 56, 79, 40, 89, 68, 46, 75, 38, 9, 19, 32, 81, 41, 27, 62, 87, 90, 99, 59, 28, 16, 72, 73, 70, 39, 37, 84, 3, 92, 25, 55, 11, 29, 51, 7, 33, 61, 86, 66, 67, 50, 69, 96, 53, 80, 4, 8, 48, 49, 52, 2, 13, 0, 34, 74]|[1, 1, 0, 1, 1, 1, 2, 1, 2, 1, 2, 2, 2, 1, 1, 0, 0, 1, 0, 2, 2, 0, 1, 2, 0, 1, 2, 2, 0, 0, 1, 2, 1, 2, 1, 0, 2, 0, 1, 1, 0, 1, 1, 1, 0, 2, 1, 1, 0, 0, 0, 0, 1, 1, 2, 1, 2, 0, 0, 0, 2, 1, 0, 1, 0, 1, 2, 1, 1, 1, 1, 1, 2, 0, 1, 1, 2, 0, 0, 1, 2, 1, 0, 2, 1, 0, 1, 2, 0, 0, 0, 1, 0, 0, 1, 0, 0, 0, 2, 2]|[4, 3, 2, 2, 0, 0, 2, 2, 2, 4, 1, 1, 2, 4, 4, 1, 1, 4, 2, 1, 1, 1, 1, 2, 1, 2, 1, 1, 1, 1, 3, 2, 3, 1, 4, 0, 2, 1, 0, 3, 2, 2, 4, 0, 1, 1, 0, 2, 0, 1, 2, 2, 1, 4, 0, 3, 2, 1, 1, 2, 1, 3, 1, 1, 2, 3, 0, 4, 3, 1, 4, 1, 1, 2, 4, 4, 1, 1, 1, 3, 1, 3, 1, 1, 1, 1, 3, 1, 2, 1, 2, 3, 1, 1, 1, 2, 2, 2, 1, 1]|[0, 2, 1, 1, 3, 3, 0, 1, 0, 0, 0, 0, 1, 0, 1, 0, 0, 3, 1, 0, 0, 0, 3, 1, 0, 2, 0, 0, 0, 1, 0, 0, 0, 0, 3, 0, 1, 0, 0, 2, 1, 1, 2, 0, 0, 0, 0, 1, 1, 0, 0, 0, 1, 3, 0, 0, 1, 0, 0, 1, 0, 2, 0, 1, 1, 2, 1, 0, 0, 1, 1, 3, 0, 1, 3, 3, 0, 0, 0, 2, 0, 0, 0, 0, 1, 0, 0, 0, 1, 0, 1, 2, 0, 1, 1, 0, 0, 0, 0, 0],764.0232772397909,57603.796334211554,89303.94614703994,true
46,G2_TEC,G2_TEC,[31, 22, 82, 15, 26, 9, 95, 42, 77, 68, 47, 5, 93, 78, 86, 54, 85, 63, 18, 44, 20, 49, 36, 14, 74, 50, 53, 17, 21, 28, 11, 64, 3, 23, 30, 83, 24, 41, 40, 52, 65, 27, 90, 70, 39, 87, 48, 69, 99, 4, 75, 1, 13, 58, 97, 59, 45, 8, 73, 37, 35, 79, 71, 66, 76, 32, 60, 80, 56, 6, 67, 61, 33, 7, 57, 34, 12, 16, 10, 98, 96, 88, 43, 81, 91, 2, 84, 29, 92, 19, 51, 55, 46, 89, 25, 72, 94, 38, 62, 0]|[2, 1, 2, 1, 1, 2, 1, 1, 1, 1, 1, 0, 2, 2, 1, 2, 0, 0, 0, 2, 2, 1, 0, 2, 0, 2, 2, 1, 0, 1, 1, 1, 0, 0, 1, 0, 2, 1, 2, 2, 0, 0, 1, 1, 0, 2, 0, 2, 1, 0, 0, 2, 0, 0, 2, 0, 1, 1, 0, 0, 2, 1, 1, 2, 2, 0, 2, 2, 2, 1, 2, 1, 1, 2, 0, 1, 1, 2, 1, 2, 0, 1, 1, 1, 1, 0, 0, 1, 0, 1, 1, 0, 0, 1, 1, 1, 2, 0, 1, 2]|[0, 3, 0, 3, 4, 1, 4, 4, 2, 4, 3, 2, 1, 0, 2, 1, 1, 1, 2, 1, 1, 3, 0, 1, 0, 1, 1, 4, 1, 4, 3, 2, 2, 0, 4, 1, 1, 4, 1, 1, 2, 1, 4, 4, 1, 1, 0, 1, 3, 2, 2, 1, 2, 1, 1, 2, 4, 3, 0, 2, 2, 3, 3, 1, 1, 2, 1, 1, 1, 4, 1, 3, 4, 1, 2, 4, 3, 1, 3, 1, 2, 4, 4, 4, 3, 2, 2, 3, 2, 4, 3, 2, 2, 4, 4, 4, 1, 2, 3, 1]|[0, 2, 0, 0, 3, 0, 1, 3, 0, 0, 2, 0, 1, 0, 1, 0, 0, 0, 1, 0, 0, 2, 0, 0, 1, 0, 0, 3, 0, 1, 0, 2, 0, 0, 3, 0, 1, 1, 0, 0, 0, 0, 1, 3, 0, 0, 1, 0, 2, 0, 0, 0, 0, 0, 1, 0, 1, 0, 1, 1, 0, 2, 0, 0, 0, 0, 0, 0, 0, 2, 0, 0, 1, 0, 0, 1, 0, 0, 3, 0, 0, 1, 2, 2, 0, 0, 0, 3, 0, 1, 0, 0, 0, 1, 3, 1, 0, 0, 0, 0],900.0760482104305,49104.85573898611,106612.48357517918,false
46,G3_TWC,G3_TWC,[31, 22, 42, 15, 26, 58, 95, 82, 77, 12, 47, 5, 93, 78, 98, 54, 85, 63, 18, 44, 20, 35, 43, 97, 91, 76, 10, 30, 21, 45, 71, 64, 1, 23, 17, 83, 24, 61, 60, 36, 6, 57, 94, 88, 65, 56, 79, 40, 67, 68, 46, 75, 38, 9, 19, 32, 81, 41, 27, 62, 87, 90, 99, 59, 11, 16, 72, 73, 70, 39, 37, 84, 3, 92, 25, 74, 28, 29, 51, 7, 53, 14, 86, 48, 89, 50, 66, 96, 33, 80, 4, 8, 34, 49, 52, 0, 13, 2, 69, 55]|[1, 1, 0, 1, 1, 1, 2, 1, 2, 1, 2, 2, 2, 1, 1, 0, 0, 1, 0, 2, 2, 0, 1, 2, 0, 1, 2, 2, 0, 0, 1, 2, 1, 2, 1, 0, 2, 0, 1, 1, 0, 1, 1, 1, 0, 2, 1, 1, 0, 0, 0, 0, 1, 1, 2, 1, 2, 0, 0, 0, 2, 1, 0, 1, 2, 1, 2, 1, 1, 1, 1, 1, 2, 0, 1, 2, 0, 0, 0, 1, 0, 1, 0, 0, 1, 0, 0, 0, 2, 0, 0, 1, 2, 0, 1, 0, 0, 0, 1, 1]|[4, 3, 2, 2, 0, 0, 2, 2, 2, 4, 1, 1, 2, 4, 4, 1, 1, 4, 2, 1, 1, 1, 1, 2, 1, 2, 1, 1, 1, 1, 3, 2, 3, 0, 4, 0, 1, 1, 0, 3, 2, 2, 4, 0, 1, 1, 0, 2, 0, 1, 2, 2, 1, 4, 0, 3, 2, 1, 1, 2, 1, 3, 1, 1, 1, 3, 0, 4, 3, 1, 4, 1, 1, 2, 4, 1, 2, 1, 1, 3, 2, 3, 1, 1, 1, 1, 1, 1, 1, 1, 2, 3, 1, 1, 1, 2, 2, 2, 3, 4]|[0, 2, 1, 1, 3, 3, 0, 1, 0, 0, 0, 0, 1, 0, 1, 0, 0, 3, 1, 0, 0, 0, 3, 1, 0, 2, 0, 0, 0, 1, 0, 0, 0, 0, 3, 0, 1, 0, 0, 2, 1, 1, 2, 0, 0, 0, 0, 1, 1, 0, 0, 0, 1, 3, 0, 0, 1, 0, 0, 1, 0, 2, 0, 1, 0, 2, 1, 0, 0, 1, 1, 3, 0, 1, 3, 0, 1, 0, 0, 2, 1, 0, 0, 0, 1, 0, 0, 0, 0, 0, 1, 2, 0, 1, 1, 0, 0, 0, 0, 3],804.6875225521468,57746.82533348298,88068.50778672317,false
46,G1_CMAX,G1_CMAX,[31, 22, 90, 26, 58, 95, 42, 12, 93, 5, 78, 86, 98, 18, 20, 35, 3, 97, 91, 76, 10, 85, 54, 45, 63, 71, 66, 1, 23, 17, 24, 60, 36, 6, 57, 15, 65, 56, 47, 79, 94, 67, 50, 46, 14, 75, 38, 9, 30, 19, 32, 81, 27, 92, 83, 87, 40, 99, 59, 11, 53, 16, 72, 77, 73, 70, 39, 37, 84, 43, 62, 25, 55, 28, 29, 51, 68, 82, 74, 61, 88, 21, 80, 89, 7, 69, 96, 41, 48, 4, 8, 34, 49, 52, 0, 44, 13, 2, 64, 33]|[1, 1, 1, 1, 0, 2, 1, 1, 2, 2, 2, 1, 0, 1, 2, 2, 1, 2, 0, 1, 2, 2, 2, 0, 0, 1, 2, 1, 2, 1, 2, 1, 1, 0, 1, 1, 0, 2, 2, 1, 1, 0, 0, 0, 0, 1, 1, 1, 1, 2, 1, 2, 2, 0, 0, 2, 1, 0, 0, 2, 0, 1, 2, 2, 1, 1, 1, 1, 1, 1, 0, 1, 1, 0, 0, 0, 0, 0, 2, 1, 1, 0, 0, 1, 1, 1, 2, 2, 0, 1, 1, 2, 0, 1, 0, 0, 0, 0, 2, 2]|[0, 4, 3, 0, 1, 1, 2, 4, 1, 1, 2, 4, 1, 4, 1, 1, 1, 2, 2, 2, 2, 1, 1, 1, 2, 3, 2, 3, 0, 4, 1, 0, 3, 2, 2, 2, 1, 1, 1, 0, 2, 0, 1, 2, 1, 3, 1, 4, 2, 0, 3, 2, 1, 2, 1, 1, 4, 1, 1, 1, 2, 3, 0, 2, 4, 3, 1, 4, 1, 1, 1, 4, 4, 2, 1, 1, 1, 2, 1, 3, 0, 1, 1, 1, 1, 3, 1, 1, 1, 4, 3, 1, 1, 1, 2, 2, 2, 2, 1, 1]|[3, 0, 2, 3, 0, 0, 1, 0, 0, 0, 1, 0, 0, 3, 0, 0, 1, 1, 1, 2, 1, 0, 0, 0, 0, 0, 0, 0, 0, 3, 1, 0, 2, 1, 1, 1, 0, 0, 0, 0, 1, 1, 0, 0, 0, 0, 1, 3, 2, 0, 0, 1, 0, 1, 0, 0, 2, 0, 0, 0, 1, 2, 1, 1, 0, 0, 1, 1, 3, 3, 0, 3, 3, 1, 0, 0, 0, 1, 0, 0, 0, 0, 0, 1, 2, 2, 0, 0, 0, 0, 2, 0, 1, 1, 0, 0, 0, 0, 0, 0],705.0470749739228,58445.79123614564,95781.2895945797,false
46,G4_BALANCED,G4_BALANCED,[31, 22, 82, 15, 26, 99, 95, 42, 77, 12, 47, 5, 93, 78, 86, 54, 21, 63, 18, 44, 20, 23, 43, 97, 91, 76, 10, 30, 85, 45, 71, 64, 1, 35, 17, 83, 24, 14, 60, 36, 6, 57, 40, 88, 65, 56, 79, 94, 67, 68, 46, 75, 38, 9, 19, 32, 41, 81, 27, 87, 90, 58, 59, 62, 11, 16, 72, 73, 39, 37, 84, 3, 92, 25, 55, 48, 70, 29, 51, 96, 33, 61, 98, 66, 89, 50, 4, 7, 53, 80, 8, 28, 34, 49, 52, 0, 74, 69, 2, 13]|[2, 1, 0, 1, 1, 0, 1, 1, 2, 1, 2, 2, 2, 1, 1, 0, 0, 1, 0, 2, 2, 0, 1, 2, 0, 1, 2, 2, 0, 0, 1, 2, 1, 2, 1, 0, 2, 0, 1, 1, 0, 1, 1, 1, 0, 2, 1, 1, 0, 0, 0, 0, 1, 1, 2, 1, 0, 2, 0, 2, 1, 0, 1, 0, 2, 1, 2, 1, 1, 1, 1, 1, 0, 1, 2, 0, 1, 0, 0, 2, 2, 1, 2, 2, 1, 0, 1, 1, 0, 0, 1, 0, 2, 0, 1, 0, 2, 1, 0, 0]|[1, 3, 2, 2, 4, 1, 2, 3, 2, 4, 1, 1, 2, 4, 4, 1, 1, 4, 2, 1, 1, 1, 1, 2, 1, 2, 1, 1, 2, 1, 3, 1, 3, 1, 4, 0, 1, 1, 0, 3, 2, 2, 2, 0, 1, 1, 0, 4, 0, 1, 2, 2, 1, 4, 0, 3, 1, 1, 1, 1, 3, 1, 1, 2, 1, 3, 0, 4, 1, 4, 1, 1, 2, 4, 1, 1, 3, 1, 1, 1, 1, 3, 1, 1, 1, 1, 4, 3, 2, 1, 3, 2, 1, 1, 1, 2, 1, 4, 2, 2]|[0, 2, 1, 1, 3, 0, 1, 3, 0, 0, 0, 0, 1, 0, 1, 0, 0, 3, 1, 0, 0, 0, 3, 1, 0, 2, 0, 0, 0, 1, 0, 0, 0, 0, 3, 0, 1, 0, 0, 2, 1, 1, 1, 0, 0, 0, 0, 2, 1, 0, 0, 0, 1, 3, 0, 0, 0, 0, 0, 0, 2, 0, 1, 1, 0, 2, 1, 0, 1, 1, 3, 1, 1, 3, 0, 0, 0, 0, 0, 0, 0, 0, 0, 0, 1, 0, 0, 2, 1, 0, 2, 1, 0, 1, 1, 0, 0, 2, 0, 0],757.0396004785916,56129.652691911746,91492.16283940467,false
46,G2_TEC,G2_TEC,[31, 22, 82, 15, 26, 9, 95, 42, 77, 68, 47, 5, 93, 78, 86, 54, 85, 63, 18, 44, 20, 49, 36, 14, 74, 50, 53, 17, 21, 28, 11, 64, 3, 23, 30, 83, 24, 41, 40, 52, 65, 27, 90, 70, 39, 87, 48, 69, 99, 4, 75, 1, 13, 58, 97, 59, 45, 8, 73, 37, 35, 79, 71, 66, 76, 32, 60, 80, 56, 6, 67, 61, 33, 7, 57, 34, 12, 16, 10, 98, 96, 88, 43, 81, 91, 2, 84, 29, 92, 19, 51, 55, 46, 89, 25, 72, 94, 38, 62, 0]|[2, 1, 2, 1, 1, 2, 1, 1, 1, 1, 1, 0, 2, 2, 1, 2, 0, 0, 0, 2, 2, 1, 0, 2, 0, 2, 2, 1, 0, 1, 1, 1, 0, 0, 1, 0, 2, 1, 2, 2, 0, 0, 1, 1, 0, 2, 0, 2, 1, 0, 0, 2, 0, 0, 2, 0, 1, 1, 0, 0, 2, 1, 1, 2, 2, 0, 2, 2, 2, 1, 2, 1, 1, 2, 0, 1, 1, 2, 1, 2, 0, 1, 1, 1, 1, 0, 0, 1, 0, 1, 1, 0, 0, 1, 1, 1, 2, 0, 1, 2]|[0, 3, 0, 3, 4, 1, 4, 4, 2, 4, 3, 2, 1, 0, 2, 1, 1, 1, 2, 1, 1, 3, 0, 1, 0, 1, 1, 4, 1, 4, 3, 2, 2, 0, 4, 1, 1, 4, 1, 1, 2, 1, 4, 4, 1, 1, 0, 1, 3, 2, 2, 1, 2, 1, 1, 2, 4, 3, 0, 2, 2, 3, 3, 1, 1, 2, 1, 1, 1, 4, 1, 3, 4, 1, 2, 4, 3, 1, 3, 1, 2, 4, 4, 4, 3, 2, 2, 3, 2, 4, 3, 2, 2, 4, 4, 4, 1, 2, 3, 1]|[0, 2, 0, 0, 3, 0, 1, 3, 0, 0, 2, 0, 1, 0, 1, 0, 0, 0, 1, 0, 0, 2, 0, 0, 1, 0, 0, 3, 0, 1, 0, 2, 0, 0, 3, 0, 1, 1, 0, 0, 0, 0, 1, 3, 0, 0, 1, 0, 2, 0, 0, 0, 0, 0, 1, 0, 1, 0, 1, 1, 0, 2, 0, 0, 0, 0, 0, 0, 0, 2, 0, 0, 1, 0, 0, 1, 0, 0, 3, 0, 0, 1, 2, 2, 0, 0, 0, 3, 0, 1, 0, 0, 0, 1, 3, 1, 0, 0, 0, 0],900.0760482104305,49104.85573898611,106612.48357517918,false
46,G3_TWC,G3_TWC,[31, 22, 42, 15, 26, 58, 95, 82, 77, 12, 47, 5, 93, 78, 98, 54, 85, 63, 18, 44, 20, 35, 43, 97, 91, 76, 10, 30, 21, 45, 71, 64, 1, 23, 17, 83, 24, 61, 60, 36, 6, 57, 94, 88, 65, 56, 79, 40, 67, 68, 46, 75, 38, 9, 19, 32, 81, 41, 27, 62, 87, 90, 99, 59, 11, 16, 72, 73, 70, 39, 37, 84, 3, 92, 25, 74, 28, 29, 51, 7, 53, 14, 86, 48, 89, 50, 66, 96, 33, 80, 4, 8, 34, 49, 52, 0, 13, 2, 69, 55]|[1, 1, 0, 1, 1, 1, 2, 1, 2, 1, 2, 2, 2, 1, 1, 0, 0, 1, 0, 2, 2, 0, 1, 2, 0, 1, 2, 2, 0, 0, 1, 2, 1, 2, 1, 0, 2, 0, 1, 1, 0, 1, 1, 1, 0, 2, 1, 1, 0, 0, 0, 0, 1, 1, 2, 1, 2, 0, 0, 0, 2, 1, 0, 1, 2, 1, 2, 1, 1, 1, 1, 1, 2, 0, 1, 2, 0, 0, 0, 1, 0, 1, 0, 0, 1, 0, 0, 0, 2, 0, 0, 1, 2, 0, 1, 0, 0, 0, 1, 1]|[4, 3, 2, 2, 0, 0, 2, 2, 2, 4, 1, 1, 2, 4, 4, 1, 1, 4, 2, 1, 1, 1, 1, 2, 1, 2, 1, 1, 1, 1, 3, 2, 3, 0, 4, 0, 1, 1, 0, 3, 2, 2, 4, 0, 1, 1, 0, 2, 0, 1, 2, 2, 1, 4, 0, 3, 2, 1, 1, 2, 1, 3, 1, 1, 1, 3, 0, 4, 3, 1, 4, 1, 1, 2, 4, 1, 2, 1, 1, 3, 2, 3, 1, 1, 1, 1, 1, 1, 1, 1, 2, 3, 1, 1, 1, 2, 2, 2, 3, 4]|[0, 2, 1, 1, 3, 3, 0, 1, 0, 0, 0, 0, 1, 0, 1, 0, 0, 3, 1, 0, 0, 0, 3, 1, 0, 2, 0, 0, 0, 1, 0, 0, 0, 0, 3, 0, 1, 0, 0, 2, 1, 1, 2, 0, 0, 0, 0, 1, 1, 0, 0, 0, 1, 3, 0, 0, 1, 0, 0, 1, 0, 2, 0, 1, 0, 2, 1, 0, 0, 1, 1, 3, 0, 1, 3, 0, 1, 0, 0, 2, 1, 0, 0, 0, 1, 0, 0, 0, 0, 0, 1, 2, 0, 1, 1, 0, 0, 0, 0, 3],804.6875225521468,57746.82533348298,88068.50778672317,false
46,G1_CMAX,G1_CMAX,[31, 22, 90, 26, 58, 95, 42, 12, 93, 5, 78, 86, 98, 18, 20, 35, 3, 97, 91, 76, 10, 85, 54, 45, 63, 71, 66, 1, 23, 17, 24, 60, 36, 6, 57, 15, 65, 56, 47, 79, 94, 67, 50, 46, 14, 75, 38, 9, 30, 19, 32, 81, 27, 92, 83, 87, 40, 99, 59, 11, 53, 16, 72, 77, 73, 70, 39, 37, 84, 43, 62, 25, 55, 28, 29, 51, 68, 82, 74, 61, 88, 21, 80, 89, 7, 69, 96, 41, 48, 4, 8, 34, 49, 52, 0, 44, 13, 2, 64, 33]|[1, 1, 1, 1, 0, 2, 1, 1, 2, 2, 2, 1, 0, 1, 2, 2, 1, 2, 0, 1, 2, 2, 2, 0, 0, 1, 2, 1, 2, 1, 2, 1, 1, 0, 1, 1, 0, 2, 2, 1, 1, 0, 0, 0, 0, 1, 1, 1, 1, 2, 1, 2, 2, 0, 0, 2, 1, 0, 0, 2, 0, 1, 2, 2, 1, 1, 1, 1, 1, 1, 0, 1, 1, 0, 0, 0, 0, 0, 2, 1, 1, 0, 0, 1, 1, 1, 2, 2, 0, 1, 1, 2, 0, 1, 0, 0, 0, 0, 2, 2]|[0, 4, 3, 0, 1, 1, 2, 4, 1, 1, 2, 4, 1, 4, 1, 1, 1, 2, 2, 2, 2, 1, 1, 1, 2, 3, 2, 3, 0, 4, 1, 0, 3, 2, 2, 2, 1, 1, 1, 0, 2, 0, 1, 2, 1, 3, 1, 4, 2, 0, 3, 2, 1, 2, 1, 1, 4, 1, 1, 1, 2, 3, 0, 2, 4, 3, 1, 4, 1, 1, 1, 4, 4, 2, 1, 1, 1, 2, 1, 3, 0, 1, 1, 1, 1, 3, 1, 1, 1, 4, 3, 1, 1, 1, 2, 2, 2, 2, 1, 1]|[3, 0, 2, 3, 0, 0, 1, 0, 0, 0, 1, 0, 0, 3, 0, 0, 1, 1, 1, 2, 1, 0, 0, 0, 0, 0, 0, 0, 0, 3, 1, 0, 2, 1, 1, 1, 0, 0, 0, 0, 1, 1, 0, 0, 0, 0, 1, 3, 2, 0, 0, 1, 0, 1, 0, 0, 2, 0, 0, 0, 1, 2, 1, 1, 0, 0, 1, 1, 3, 3, 0, 3, 3, 1, 0, 0, 0, 1, 0, 0, 0, 0, 0, 1, 2, 2, 0, 0, 0, 0, 2, 0, 1, 1, 0, 0, 0, 0, 0, 0],705.0470749739228,58445.79123614564,95781.2895945797,false
46,G4_BALANCED,G3_TWC,[31, 22, 82, 15, 26, 58, 95, 42, 77, 12, 47, 5, 93, 78, 86, 54, 85, 63, 18, 44, 20, 35, 43, 97, 66, 76, 10, 30, 21, 45, 71, 64, 1, 23, 17, 83, 24, 14, 60, 36, 6, 57, 40, 88, 16, 56, 79, 94, 67, 68, 46, 75, 38, 9, 19, 32, 41, 81, 27, 62, 87, 90, 99, 59, 11, 65, 72, 73, 69, 39, 37, 84, 3, 92, 25, 55, 29, 28, 51, 7, 33, 61, 98, 91, 89, 50, 48, 96, 53, 80, 4, 8, 34, 49, 52, 0, 13, 2, 70, 74]|[1, 1, 0, 1, 1, 1, 1, 2, 2, 1, 2, 2, 2, 1, 1, 0, 0, 1, 0, 2, 2, 0, 1, 2, 2, 1, 2, 2, 0, 0, 1, 2, 1, 2, 1, 0, 2, 0, 1, 1, 0, 1, 1, 1, 0, 2, 1, 1, 0, 0, 0, 0, 1, 1, 2, 1, 0, 2, 0, 0, 2, 1, 0, 1, 2, 0, 2, 1, 1, 1, 1, 1, 1, 0, 1, 1, 0, 0, 0, 1, 2, 1, 2, 0, 1, 0, 0, 0, 0, 0, 0, 0, 2, 0, 1, 0, 0, 0, 1, 2]|[4, 3, 2, 2, 0, 0, 2, 2, 2, 4, 1, 1, 2, 4, 4, 1, 1, 4, 2, 1, 1, 1, 1, 2, 1, 2, 1, 1, 1, 1, 3, 1, 3, 1, 4, 0, 1, 1, 0, 3, 2, 2, 2, 0, 1, 1, 0, 4, 0, 1, 2, 2, 1, 4, 0, 3, 1, 1, 1, 2, 1, 3, 1, 1, 1, 1, 0, 4, 3, 1, 4, 1, 1, 2, 4, 4, 1, 2, 1, 3, 1, 3, 1, 1, 1, 1, 1, 1, 2, 1, 2, 1, 1, 1, 1, 2, 2, 2, 3, 1]|[0, 2, 1, 1, 3, 3, 1, 0, 0, 0, 0, 0, 1, 0, 1, 0, 0, 3, 1, 0, 0, 0, 3, 1, 0, 2, 0, 0, 0, 1, 0, 0, 0, 0, 3, 0, 1, 0, 0, 2, 1, 1, 1, 0, 0, 0, 0, 2, 1, 0, 0, 0, 1, 3, 0, 0, 0, 0, 0, 1, 0, 2, 0, 1, 0, 0, 1, 0, 0, 1, 1, 3, 1, 1, 3, 3, 0, 1, 0, 2, 0, 0, 0, 0, 1, 0, 0, 0, 1, 0, 1, 0, 0, 1, 1, 0, 0, 0, 0, 0],828.8861652304231,56909.42851562929,90738.43397177712,true
46,G2_TEC,G2_TEC,[31, 22, 82, 15, 26, 9, 95, 42, 77, 68, 47, 5, 93, 78, 86, 54, 85, 63, 18, 44, 20, 49, 36, 14, 74, 50, 53, 17, 21, 28, 11, 64, 3, 23, 30, 83, 24, 41, 40, 52, 65, 27, 90, 70, 39, 87, 48, 69, 99, 4, 75, 1, 13, 58, 97, 59, 45, 8, 73, 37, 35, 79, 71, 66, 76, 32, 60, 80, 56, 6, 67, 61, 33, 7, 57, 34, 12, 16, 10, 98, 96, 88, 43, 81, 91, 2, 84, 29, 92, 19, 51, 55, 46, 89, 25, 72, 94, 38, 62, 0]|[2, 1, 2, 1, 1, 2, 1, 1, 1, 1, 1, 0, 2, 2, 1, 2, 0, 0, 0, 2, 2, 1, 0, 2, 0, 2, 2, 1, 0, 1, 1, 1, 0, 0, 1, 0, 2, 1, 2, 2, 0, 0, 1, 1, 0, 2, 0, 2, 1, 0, 0, 2, 0, 0, 2, 0, 1, 1, 0, 0, 2, 1, 1, 2, 2, 0, 2, 2, 2, 1, 2, 1, 1, 2, 0, 1, 1, 2, 1, 2, 0, 1, 1, 1, 1, 0, 0, 1, 0, 1, 1, 0, 0, 1, 1, 1, 2, 0, 1, 2]|[0, 3, 0, 3, 4, 1, 4, 4, 2, 4, 3, 2, 1, 0, 2, 1, 1, 1, 2, 1, 1, 3, 0, 1, 0, 1, 1, 4, 1, 4, 3, 2, 2, 0, 4, 1, 1, 4, 1, 1, 2, 1, 4, 4, 1, 1, 0, 1, 3, 2, 2, 1, 2, 1, 1, 2, 4, 3, 0, 2, 2, 3, 3, 1, 1, 2, 1, 1, 1, 4, 1, 3, 4, 1, 2, 4, 3, 1, 3, 1, 2, 4, 4, 4, 3, 2, 2, 3, 2, 4, 3, 2, 2, 4, 4, 4, 1, 2, 3, 1]|[0, 2, 0, 0, 3, 0, 1, 3, 0, 0, 2, 0, 1, 0, 1, 0, 0, 0, 1, 0, 0, 2, 0, 0, 1, 0, 0, 3, 0, 1, 0, 2, 0, 0, 3, 0, 1, 1, 0, 0, 0, 0, 1, 3, 0, 0, 1, 0, 2, 0, 0, 0, 0, 0, 1, 0, 1, 0, 1, 1, 0, 2, 0, 0, 0, 0, 0, 0, 0, 2, 0, 0, 1, 0, 0, 1, 0, 0, 3, 0, 0, 1, 2, 2, 0, 0, 0, 3, 0, 1, 0, 0, 0, 1, 3, 1, 0, 0, 0, 0],900.0760482104305,49104.85573898611,106612.48357517918,false
46,G3_TWC,G3_TWC,[31, 22, 42, 15, 26, 58, 95, 82, 77, 12, 47, 5, 93, 78, 98, 54, 85, 63, 18, 44, 20, 35, 43, 97, 91, 76, 10, 30, 21, 45, 71, 64, 1, 23, 17, 83, 24, 61, 60, 36, 6, 57, 94, 88, 65, 56, 79, 40, 67, 68, 46, 75, 38, 9, 19, 32, 81, 41, 27, 62, 87, 90, 99, 59, 11, 16, 72, 73, 70, 39, 37, 84, 3, 92, 25, 74, 28, 29, 51, 7, 53, 14, 86, 48, 89, 50, 66, 96, 33, 80, 4, 8, 34, 49, 52, 0, 13, 2, 69, 55]|[1, 1, 0, 1, 1, 1, 2, 1, 2, 1, 2, 2, 2, 1, 1, 0, 0, 1, 0, 2, 2, 0, 1, 2, 0, 1, 2, 2, 0, 0, 1, 2, 1, 2, 1, 0, 2, 0, 1, 1, 0, 1, 1, 1, 0, 2, 1, 1, 0, 0, 0, 0, 1, 1, 2, 1, 2, 0, 0, 0, 2, 1, 0, 1, 2, 1, 2, 1, 1, 1, 1, 1, 2, 0, 1, 2, 0, 0, 0, 1, 0, 1, 0, 0, 1, 0, 0, 0, 2, 0, 0, 1, 2, 0, 1, 0, 0, 0, 1, 1]|[4, 3, 2, 2, 0, 0, 2, 2, 2, 4, 1, 1, 2, 4, 4, 1, 1, 4, 2, 1, 1, 1, 1, 2, 1, 2, 1, 1, 1, 1, 3, 2, 3, 0, 4, 0, 1, 1, 0, 3, 2, 2, 4, 0, 1, 1, 0, 2, 0, 1, 2, 2, 1, 4, 0, 3, 2, 1, 1, 2, 1, 3, 1, 1, 1, 3, 0, 4, 3, 1, 4, 1, 1, 2, 4, 1, 2, 1, 1, 3, 2, 3, 1, 1, 1, 1, 1, 1, 1, 1, 2, 3, 1, 1, 1, 2, 2, 2, 3, 4]|[0, 2, 1, 1, 3, 3, 0, 1, 0, 0, 0, 0, 1, 0, 1, 0, 0, 3, 1, 0, 0, 0, 3, 1, 0, 2, 0, 0, 0, 1, 0, 0, 0, 0, 3, 0, 1, 0, 0, 2, 1, 1, 2, 0, 0, 0, 0, 1, 1, 0, 0, 0, 1, 3, 0, 0, 1, 0, 0, 1, 0, 2, 0, 1, 0, 2, 1, 0, 0, 1, 1, 3, 0, 1, 3, 0, 1, 0, 0, 2, 1, 0, 0, 0, 1, 0, 0, 0, 0, 0, 1, 2, 0, 1, 1, 0, 0, 0, 0, 3],804.6875225521468,57746.82533348298,88068.50778672317,false
46,G1_CMAX,G1_CMAX,[31, 22, 90, 26, 58, 95, 42, 12, 93, 5, 78, 86, 98, 18, 20, 35, 3, 97, 91, 76, 10, 85, 54, 45, 63, 71, 66, 1, 23, 17, 24, 60, 36, 6, 57, 15, 65, 56, 47, 79, 94, 67, 50, 46, 14, 75, 38, 9, 30, 19, 32, 81, 27, 92, 83, 87, 40, 99, 59, 11, 53, 16, 72, 77, 73, 70, 39, 37, 84, 43, 62, 25, 55, 28, 29, 51, 68, 82, 74, 61, 88, 21, 80, 89, 7, 69, 96, 41, 48, 4, 8, 34, 49, 52, 0, 44, 13, 2, 64, 33]|[1, 1, 1, 1, 0, 2, 1, 1, 2, 2, 2, 1, 0, 1, 2, 2, 1, 2, 0, 1, 2, 2, 2, 0, 0, 1, 2, 1, 2, 1, 2, 1, 1, 0, 1, 1, 0, 2, 2, 1, 1, 0, 0, 0, 0, 1, 1, 1, 1, 2, 1, 2, 2, 0, 0, 2, 1, 0, 0, 2, 0, 1, 2, 2, 1, 1, 1, 1, 1, 1, 0, 1, 1, 0, 0, 0, 0, 0, 2, 1, 1, 0, 0, 1, 1, 1, 2, 2, 0, 1, 1, 2, 0, 1, 0, 0, 0, 0, 2, 2]|[0, 4, 3, 0, 1, 1, 2, 4, 1, 1, 2, 4, 1, 4, 1, 1, 1, 2, 2, 2, 2, 1, 1, 1, 2, 3, 2, 3, 0, 4, 1, 0, 3, 2, 2, 2, 1, 1, 1, 0, 2, 0, 1, 2, 1, 3, 1, 4, 2, 0, 3, 2, 1, 2, 1, 1, 4, 1, 1, 1, 2, 3, 0, 2, 4, 3, 1, 4, 1, 1, 1, 4, 4, 2, 1, 1, 1, 2, 1, 3, 0, 1, 1, 1, 1, 3, 1, 1, 1, 4, 3, 1, 1, 1, 2, 2, 2, 2, 1, 1]|[3, 0, 2, 3, 0, 0, 1, 0, 0, 0, 1, 0, 0, 3, 0, 0, 1, 1, 1, 2, 1, 0, 0, 0, 0, 0, 0, 0, 0, 3, 1, 0, 2, 1, 1, 1, 0, 0, 0, 0, 1, 1, 0, 0, 0, 0, 1, 3, 2, 0, 0, 1, 0, 1, 0, 0, 2, 0, 0, 0, 1, 2, 1, 1, 0, 0, 1, 1, 3, 3, 0, 3, 3, 1, 0, 0, 0, 1, 0, 0, 0, 0, 0, 1, 2, 2, 0, 0, 0, 0, 2, 0, 1, 1, 0, 0, 0, 0, 0, 0],705.0470749739228,58445.79123614564,95781.2895945797,false
46,G4_BALANCED,G3_TWC,[31, 22, 82, 15, 26, 58, 95, 42, 77, 12, 47, 5, 93, 78, 86, 54, 85, 63, 18, 44, 20, 35, 43, 97, 91, 76, 10, 30, 21, 45, 71, 64, 1, 23, 17, 83, 24, 14, 60, 36, 6, 57, 40, 88, 65, 56, 79, 94, 67, 68, 46, 29, 38, 9, 19, 32, 81, 41, 27, 87, 90, 99, 59, 62, 11, 66, 72, 73, 39, 37, 70, 84, 3, 92, 25, 55, 28, 75, 51, 7, 33, 61, 50, 48, 89, 98, 16, 96, 53, 80, 4, 8, 34, 49, 52, 0, 13, 2, 69, 74]|[1, 1, 0, 1, 1, 0, 1, 2, 2, 1, 2, 2, 2, 1, 1, 0, 0, 1, 0, 2, 2, 0, 1, 2, 0, 1, 2, 2, 0, 0, 1, 2, 1, 2, 1, 0, 2, 0, 1, 1, 0, 1, 1, 1, 0, 2, 1, 1, 0, 0, 0, 0, 1, 1, 2, 1, 2, 0, 0, 2, 1, 0, 0, 1, 2, 1, 2, 1, 1, 1, 1, 1, 1, 0, 1, 2, 0, 0, 0, 1, 2, 1, 0, 0, 1, 2, 1, 2, 0, 0, 1, 1, 2, 0, 1, 0, 0, 0, 1, 2]|[4, 3, 2, 2, 4, 1, 2, 2, 2, 4, 1, 1, 2, 4, 4, 1, 2, 4, 2, 1, 1, 1, 1, 2, 1, 2, 1, 1, 2, 1, 3, 2, 3, 1, 4, 0, 1, 1, 0, 3, 2, 2, 2, 0, 1, 1, 0, 4, 0, 1, 2, 2, 1, 4, 0, 3, 1, 1, 1, 1, 3, 1, 1, 1, 1, 3, 1, 4, 3, 4, 4, 1, 1, 0, 4, 1, 2, 2, 1, 1, 1, 3, 1, 1, 1, 1, 3, 1, 2, 1, 4, 3, 1, 1, 1, 2, 2, 2, 4, 1]|[0, 2, 1, 1, 3, 0, 1, 0, 0, 0, 0, 0, 1, 0, 1, 0, 0, 3, 1, 0, 0, 0, 3, 1, 0, 2, 0, 0, 0, 1, 0, 0, 0, 0, 3, 0, 1, 0, 0, 2, 1, 1, 1, 0, 0, 0, 0, 2, 1, 0, 0, 0, 1, 3, 0, 0, 0, 0, 0, 0, 2, 0, 0, 1, 0, 2, 0, 0, 0, 1, 1, 3, 1, 1, 3, 0, 1, 0, 0, 2, 0, 0, 0, 0, 1, 0, 2, 0, 1, 0, 0, 2, 0, 1, 1, 0, 0, 0, 2, 0],790.1065585729232,55182.91733167286,99877.78113148188,true
46,G2_TEC,G2_TEC,[31, 22, 82, 15, 26, 9, 95, 42, 77, 68, 47, 5, 93, 78, 86, 54, 85, 63, 18, 44, 20, 49, 36, 14, 74, 50, 53, 17, 21, 28, 11, 64, 3, 23, 30, 83, 24, 41, 40, 52, 65, 27, 90, 70, 39, 87, 48, 69, 99, 4, 75, 1, 13, 58, 97, 59, 45, 8, 73, 37, 35, 79, 71, 66, 76, 32, 60, 80, 56, 6, 67, 61, 33, 7, 57, 34, 12, 16, 10, 98, 96, 88, 43, 81, 91, 2, 84, 29, 92, 19, 51, 55, 46, 89, 25, 72, 94, 38, 62, 0]|[2, 1, 2, 1, 1, 2, 1, 1, 1, 1, 1, 0, 2, 2, 1, 2, 0, 0, 0, 2, 2, 1, 0, 2, 0, 2, 2, 1, 0, 1, 1, 1, 0, 0, 1, 0, 2, 1, 2, 2, 0, 0, 1, 1, 0, 2, 0, 2, 1, 0, 0, 2, 0, 0, 2, 0, 1, 1, 0, 0, 2, 1, 1, 2, 2, 0, 2, 2, 2, 1, 2, 1, 1, 2, 0, 1, 1, 2, 1, 2, 0, 1, 1, 1, 1, 0, 0, 1, 0, 1, 1, 0, 0, 1, 1, 1, 2, 0, 1, 2]|[0, 3, 0, 3, 4, 1, 4, 4, 2, 4, 3, 2, 1, 0, 2, 1, 1, 1, 2, 1, 1, 3, 0, 1, 0, 1, 1, 4, 1, 4, 3, 2, 2, 0, 4, 1, 1, 4, 1, 1, 2, 1, 4, 4, 1, 1, 0, 1, 3, 2, 2, 1, 2, 1, 1, 2, 4, 3, 0, 2, 2, 3, 3, 1, 1, 2, 1, 1, 1, 4, 1, 3, 4, 1, 2, 4, 3, 1, 3, 1, 2, 4, 4, 4, 3, 2, 2, 3, 2, 4, 3, 2, 2, 4, 4, 4, 1, 2, 3, 1]|[0, 2, 0, 0, 3, 0, 1, 3, 0, 0, 2, 0, 1, 0, 1, 0, 0, 0, 1, 0, 0, 2, 0, 0, 1, 0, 0, 3, 0, 1, 0, 2, 0, 0, 3, 0, 1, 1, 0, 0, 0, 0, 1, 3, 0, 0, 1, 0, 2, 0, 0, 0, 0, 0, 1, 0, 1, 0, 1, 1, 0, 2, 0, 0, 0, 0, 0, 0, 0, 2, 0, 0, 1, 0, 0, 1, 0, 0, 3, 0, 0, 1, 2, 2, 0, 0, 0, 3, 0, 1, 0, 0, 0, 1, 3, 1, 0, 0, 0, 0],900.0760482104305,49104.85573898611,106612.48357517918,false
46,G3_TWC,G3_TWC,[31, 22, 42, 15, 26, 58, 95, 82, 77, 12, 47, 5, 93, 78, 98, 54, 85, 63, 18, 44, 20, 35, 43, 97, 91, 76, 10, 30, 21, 45, 71, 64, 1, 23, 17, 83, 24, 61, 60, 36, 6, 57, 94, 88, 65, 56, 79, 40, 67, 68, 46, 75, 38, 9, 19, 32, 81, 41, 27, 62, 87, 90, 99, 59, 11, 16, 72, 73, 70, 39, 37, 84, 3, 92, 25, 74, 28, 29, 51, 7, 53, 14, 86, 48, 89, 50, 66, 96, 33, 80, 4, 8, 34, 49, 52, 0, 13, 2, 69, 55]|[1, 1, 0, 1, 1, 1, 2, 1, 2, 1, 2, 2, 2, 1, 1, 0, 0, 1, 0, 2, 2, 0, 1, 2, 0, 1, 2, 2, 0, 0, 1, 2, 1, 2, 1, 0, 2, 0, 1, 1, 0, 1, 1, 1, 0, 2, 1, 1, 0, 0, 0, 0, 1, 1, 2, 1, 2, 0, 0, 0, 2, 1, 0, 1, 2, 1, 2, 1, 1, 1, 1, 1, 2, 0, 1, 2, 0, 0, 0, 1, 0, 1, 0, 0, 1, 0, 0, 0, 2, 0, 0, 1, 2, 0, 1, 0, 0, 0, 1, 1]|[4, 3, 2, 2, 0, 0, 2, 2, 2, 4, 1, 1, 2, 4, 4, 1, 1, 4, 2, 1, 1, 1, 1, 2, 1, 2, 1, 1, 1, 1, 3, 2, 3, 0, 4, 0, 1, 1, 0, 3, 2, 2, 4, 0, 1, 1, 0, 2, 0, 1, 2, 2, 1, 4, 0, 3, 2, 1, 1, 2, 1, 3, 1, 1, 1, 3, 0, 4, 3, 1, 4, 1, 1, 2, 4, 1, 2, 1, 1, 3, 2, 3, 1, 1, 1, 1, 1, 1, 1, 1, 2, 3, 1, 1, 1, 2, 2, 2, 3, 4]|[0, 2, 1, 1, 3, 3, 0, 1, 0, 0, 0, 0, 1, 0, 1, 0, 0, 3, 1, 0, 0, 0, 3, 1, 0, 2, 0, 0, 0, 1, 0, 0, 0, 0, 3, 0, 1, 0, 0, 2, 1, 1, 2, 0, 0, 0, 0, 1, 1, 0, 0, 0, 1, 3, 0, 0, 1, 0, 0, 1, 0, 2, 0, 1, 0, 2, 1, 0, 0, 1, 1, 3, 0, 1, 3, 0, 1, 0, 0, 2, 1, 0, 0, 0, 1, 0, 0, 0, 0, 0, 1, 2, 0, 1, 1, 0, 0, 0, 0, 3],804.6875225521468,57746.82533348298,88068.50778672317,false
46,G1_CMAX,G1_CMAX,[31, 22, 90, 26, 58, 95, 42, 12, 93, 5, 78, 86, 98, 18, 20, 35, 3, 97, 91, 76, 10, 85, 54, 45, 63, 71, 66, 1, 23, 17, 24, 60, 36, 6, 57, 15, 65, 56, 47, 79, 94, 67, 50, 46, 14, 75, 38, 9, 30, 19, 32, 81, 27, 92, 83, 87, 40, 99, 59, 11, 53, 16, 72, 77, 73, 70, 39, 37, 84, 43, 62, 25, 55, 28, 29, 51, 68, 82, 74, 61, 88, 21, 80, 89, 7, 69, 96, 41, 48, 4, 8, 34, 49, 52, 0, 44, 13, 2, 64, 33]|[1, 1, 1, 1, 0, 2, 1, 1, 2, 2, 2, 1, 0, 1, 2, 2, 1, 2, 0, 1, 2, 2, 2, 0, 0, 1, 2, 1, 2, 1, 2, 1, 1, 0, 1, 1, 0, 2, 2, 1, 1, 0, 0, 0, 0, 1, 1, 1, 1, 2, 1, 2, 2, 0, 0, 2, 1, 0, 0, 2, 0, 1, 2, 2, 1, 1, 1, 1, 1, 1, 0, 1, 1, 0, 0, 0, 0, 0, 2, 1, 1, 0, 0, 1, 1, 1, 2, 2, 0, 1, 1, 2, 0, 1, 0, 0, 0, 0, 2, 2]|[0, 4, 3, 0, 1, 1, 2, 4, 1, 1, 2, 4, 1, 4, 1, 1, 1, 2, 2, 2, 2, 1, 1, 1, 2, 3, 2, 3, 0, 4, 1, 0, 3, 2, 2, 2, 1, 1, 1, 0, 2, 0, 1, 2, 1, 3, 1, 4, 2, 0, 3, 2, 1, 2, 1, 1, 4, 1, 1, 1, 2, 3, 0, 2, 4, 3, 1, 4, 1, 1, 1, 4, 4, 2, 1, 1, 1, 2, 1, 3, 0, 1, 1, 1, 1, 3, 1, 1, 1, 4, 3, 1, 1, 1, 2, 2, 2, 2, 1, 1]|[3, 0, 2, 3, 0, 0, 1, 0, 0, 0, 1, 0, 0, 3, 0, 0, 1, 1, 1, 2, 1, 0, 0, 0, 0, 0, 0, 0, 0, 3, 1, 0, 2, 1, 1, 1, 0, 0, 0, 0, 1, 1, 0, 0, 0, 0, 1, 3, 2, 0, 0, 1, 0, 1, 0, 0, 2, 0, 0, 0, 1, 2, 1, 1, 0, 0, 1, 1, 3, 3, 0, 3, 3, 1, 0, 0, 0, 1, 0, 0, 0, 0, 0, 1, 2, 2, 0, 0, 0, 0, 2, 0, 1, 1, 0, 0, 0, 0, 0, 0],705.0470749739228,58445.79123614564,95781.2895945797,false
46,G4_BALANCED,G3_TWC,[31, 22, 42, 15, 26, 58, 95, 82, 77, 12, 47, 5, 93, 78, 98, 54, 85, 63, 18, 44, 20, 35, 43, 97, 91, 76, 10, 30, 21, 45, 71, 64, 1, 23, 17, 83, 24, 61, 60, 36, 6, 57, 94, 88, 65, 56, 79, 40, 67, 68, 46, 75, 38, 9, 19, 32, 81, 41, 27, 62, 87, 90, 99, 59, 11, 16, 72, 73, 70, 39, 37, 84, 3, 92, 25, 55, 28, 29, 51, 7, 33, 14, 86, 48, 89, 50, 66, 96, 53, 80, 4, 8, 34, 49, 52, 13, 0, 2, 69, 74]|[1, 1, 0, 1, 1, 1, 2, 1, 2, 1, 2, 2, 2, 1, 1, 0, 0, 1, 0, 2, 2, 0, 1, 2, 0, 1, 2, 2, 0, 0, 1, 2, 1, 2, 1, 0, 2, 0, 1, 1, 0, 1, 1, 1, 0, 2, 1, 1, 0, 0, 0, 0, 1, 1, 2, 1, 2, 2, 0, 0, 2, 1, 0, 1, 2, 1, 2, 1, 1, 1, 1, 1, 2, 1, 1, 1, 0, 0, 0, 1, 2, 1, 0, 0, 1, 0, 0, 2, 0, 0, 0, 1, 2, 0, 1, 0, 0, 0, 1, 2]|[4, 3, 2, 2, 0, 0, 2, 2, 2, 4, 1, 1, 2, 4, 4, 1, 1, 4, 2, 1, 1, 1, 1, 2, 1, 2, 1, 1, 1, 1, 3, 2, 3, 0, 4, 0, 1, 1, 0, 3, 2, 2, 4, 0, 1, 1, 0, 2, 0, 1, 2, 2, 1, 4, 0, 3, 2, 1, 1, 2, 1, 3, 1, 1, 1, 3, 0, 4, 3, 1, 4, 1, 1, 4, 4, 4, 2, 1, 1, 3, 1, 3, 1, 1, 1, 1, 1, 1, 2, 1, 2, 3, 1, 1, 1, 2, 2, 2, 3, 1]|[0, 2, 1, 1, 3, 3, 0, 1, 0, 0, 0, 0, 1, 0, 1, 0, 0, 3, 1, 0, 0, 0, 3, 1, 0, 2, 0, 0, 0, 1, 0, 0, 0, 0, 3, 0, 1, 0, 0, 2, 1, 1, 2, 0, 0, 0, 0, 1, 1, 0, 0, 0, 1, 3, 0, 0, 1, 0, 0, 1, 0, 2, 0, 1, 0, 2, 1, 0, 0, 1, 1, 3, 0, 0, 3, 3, 1, 0, 0, 2, 0, 0, 0, 0, 1, 0, 0, 0, 1, 0, 1, 2, 0, 1, 1, 0, 0, 0, 0, 0],736.2309893573844,57436.976823727186,90263.94588701171,true
46,G2_TEC,G2_TEC,[31, 22, 82, 15, 26, 9, 95, 42, 77, 68, 47, 5, 93, 78, 86, 54, 85, 63, 18, 44, 20, 49, 36, 14, 74, 50, 53, 17, 21, 28, 11, 64, 3, 23, 30, 83, 24, 41, 40, 52, 65, 27, 90, 70, 39, 87, 48, 69, 99, 4, 75, 1, 13, 58, 97, 59, 45, 8, 73, 37, 35, 79, 71, 66, 76, 32, 60, 80, 56, 6, 67, 61, 33, 7, 57, 34, 12, 16, 10, 98, 96, 88, 43, 81, 91, 2, 84, 29, 92, 19, 51, 55, 46, 89, 25, 72, 94, 38, 62, 0]|[2, 1, 2, 1, 1, 2, 1, 1, 1, 1, 1, 0, 2, 2, 1, 2, 0, 0, 0, 2, 2, 1, 0, 2, 0, 2, 2, 1, 0, 1, 1, 1, 0, 0, 1, 0, 2, 1, 2, 2, 0, 0, 1, 1, 0, 2, 0, 2, 1, 0, 0, 2, 0, 0, 2, 0, 1, 1, 0, 0, 2, 1, 1, 2, 2, 0, 2, 2, 2, 1, 2, 1, 1, 2, 0, 1, 1, 2, 1, 2, 0, 1, 1, 1, 1, 0, 0, 1, 0, 1, 1, 0, 0, 1, 1, 1, 2, 0, 1, 2]|[0, 3, 0, 3, 4, 1, 4, 4, 2, 4, 3, 2, 1, 0, 2, 1, 1, 1, 2, 1, 1, 3, 0, 1, 0, 1, 1, 4, 1, 4, 3, 2, 2, 0, 4, 1, 1, 4, 1, 1, 2, 1, 4, 4, 1, 1, 0, 1, 3, 2, 2, 1, 2, 1, 1, 2, 4, 3, 0, 2, 2, 3, 3, 1, 1, 2, 1, 1, 1, 4, 1, 3, 4, 1, 2, 4, 3, 1, 3, 1, 2, 4, 4, 4, 3, 2, 2, 3, 2, 4, 3, 2, 2, 4, 4, 4, 1, 2, 3, 1]|[0, 2, 0, 0, 3, 0, 1, 3, 0, 0, 2, 0, 1, 0, 1, 0, 0, 0, 1, 0, 0, 2, 0, 0, 1, 0, 0, 3, 0, 1, 0, 2, 0, 0, 3, 0, 1, 1, 0, 0, 0, 0, 1, 3, 0, 0, 1, 0, 2, 0, 0, 0, 0, 0, 1, 0, 1, 0, 1, 1, 0, 2, 0, 0, 0, 0, 0, 0, 0, 2, 0, 0, 1, 0, 0, 1, 0, 0, 3, 0, 0, 1, 2, 2, 0, 0, 0, 3, 0, 1, 0, 0, 0, 1, 3, 1, 0, 0, 0, 0],900.0760482104305,49104.85573898611,106612.48357517918,false
46,G3_TWC,G3_TWC,[31, 22, 42, 15, 26, 58, 95, 82, 77, 12, 47, 5, 93, 78, 98, 54, 85, 63, 18, 44, 20, 35, 43, 97, 91, 76, 10, 30, 21, 45, 71, 64, 1, 23, 17, 83, 24, 61, 60, 36, 6, 57, 94, 88, 65, 56, 79, 40, 67, 68, 46, 75, 38, 9, 19, 32, 81, 41, 27, 62, 87, 90, 99, 59, 11, 16, 72, 73, 70, 39, 37, 84, 3, 92, 25, 74, 28, 29, 51, 7, 53, 14, 86, 48, 89, 50, 66, 96, 33, 80, 4, 8, 34, 49, 52, 0, 13, 2, 69, 55]|[1, 1, 0, 1, 1, 1, 2, 1, 2, 1, 2, 2, 2, 1, 1, 0, 0, 1, 0, 2, 2, 0, 1, 2, 0, 1, 2, 2, 0, 0, 1, 2, 1, 2, 1, 0, 2, 0, 1, 1, 0, 1, 1, 1, 0, 2, 1, 1, 0, 0, 0, 0, 1, 1, 2, 1, 2, 0, 0, 0, 2, 1, 0, 1, 2, 1, 2, 1, 1, 1, 1, 1, 2, 0, 1, 2, 0, 0, 0, 1, 0, 1, 0, 0, 1, 0, 0, 0, 2, 0, 0, 1, 2, 0, 1, 0, 0, 0, 1, 1]|[4, 3, 2, 2, 0, 0, 2, 2, 2, 4, 1, 1, 2, 4, 4, 1, 1, 4, 2, 1, 1, 1, 1, 2, 1, 2, 1, 1, 1, 1, 3, 2, 3, 0, 4, 0, 1, 1, 0, 3, 2, 2, 4, 0, 1, 1, 0, 2, 0, 1, 2, 2, 1, 4, 0, 3, 2, 1, 1, 2, 1, 3, 1, 1, 1, 3, 0, 4, 3, 1, 4, 1, 1, 2, 4, 1, 2, 1, 1, 3, 2, 3, 1, 1, 1, 1, 1, 1, 1, 1, 2, 3, 1, 1, 1, 2, 2, 2, 3, 4]|[0, 2, 1, 1, 3, 3, 0, 1, 0, 0, 0, 0, 1, 0, 1, 0, 0, 3, 1, 0, 0, 0, 3, 1, 0, 2, 0, 0, 0, 1, 0, 0, 0, 0, 3, 0, 1, 0, 0, 2, 1, 1, 2, 0, 0, 0, 0, 1, 1, 0, 0, 0, 1, 3, 0, 0, 1, 0, 0, 1, 0, 2, 0, 1, 0, 2, 1, 0, 0, 1, 1, 3, 0, 1, 3, 0, 1, 0, 0, 2, 1, 0, 0, 0, 1, 0, 0, 0, 0, 0, 1, 2, 0, 1, 1, 0, 0, 0, 0, 3],804.6875225521468,57746.82533348298,88068.50778672317,false
46,G1_CMAX,G1_CMAX,[31, 22, 90, 26, 58, 95, 42, 12, 93, 5, 78, 86, 98, 18, 20, 35, 3, 97, 91, 76, 10, 85, 54, 45, 63, 71, 66, 1, 23, 17, 24, 60, 36, 6, 57, 15, 65, 56, 47, 79, 94, 67, 50, 46, 14, 75, 38, 9, 30, 19, 32, 81, 27, 92, 83, 87, 40, 99, 59, 11, 53, 16, 72, 77, 73, 70, 39, 37, 84, 43, 62, 25, 55, 28, 29, 51, 68, 82, 74, 61, 88, 21, 80, 89, 7, 69, 96, 41, 48, 4, 8, 34, 49, 52, 0, 44, 13, 2, 64, 33]|[1, 1, 1, 1, 0, 2, 1, 1, 2, 2, 2, 1, 0, 1, 2, 2, 1, 2, 0, 1, 2, 2, 2, 0, 0, 1, 2, 1, 2, 1, 2, 1, 1, 0, 1, 1, 0, 2, 2, 1, 1, 0, 0, 0, 0, 1, 1, 1, 1, 2, 1, 2, 2, 0, 0, 2, 1, 0, 0, 2, 0, 1, 2, 2, 1, 1, 1, 1, 1, 1, 0, 1, 1, 0, 0, 0, 0, 0, 2, 1, 1, 0, 0, 1, 1, 1, 2, 2, 0, 1, 1, 2, 0, 1, 0, 0, 0, 0, 2, 2]|[0, 4, 3, 0, 1, 1, 2, 4, 1, 1, 2, 4, 1, 4, 1, 1, 1, 2, 2, 2, 2, 1, 1, 1, 2, 3, 2, 3, 0, 4, 1, 0, 3, 2, 2, 2, 1, 1, 1, 0, 2, 0, 1, 2, 1, 3, 1, 4, 2, 0, 3, 2, 1, 2, 1, 1, 4, 1, 1, 1, 2, 3, 0, 2, 4, 3, 1, 4, 1, 1, 1, 4, 4, 2, 1, 1, 1, 2, 1, 3, 0, 1, 1, 1, 1, 3, 1, 1, 1, 4, 3, 1, 1, 1, 2, 2, 2, 2, 1, 1]|[3, 0, 2, 3, 0, 0, 1, 0, 0, 0, 1, 0, 0, 3, 0, 0, 1, 1, 1, 2, 1, 0, 0, 0, 0, 0, 0, 0, 0, 3, 1, 0, 2, 1, 1, 1, 0, 0, 0, 0, 1, 1, 0, 0, 0, 0, 1, 3, 2, 0, 0, 1, 0, 1, 0, 0, 2, 0, 0, 0, 1, 2, 1, 1, 0, 0, 1, 1, 3, 3, 0, 3, 3, 1, 0, 0, 0, 1, 0, 0, 0, 0, 0, 1, 2, 2, 0, 0, 0, 0, 2, 0, 1, 1, 0, 0, 0, 0, 0, 0],705.0470749739228,58445.79123614564,95781.2895945797,false
46,G4_BALANCED,G2_TEC,[31, 22, 82, 15, 26, 9, 95, 42, 77, 68, 47, 5, 93, 78, 86, 54, 85, 63, 18, 44, 20, 49, 36, 14, 74, 50, 53, 17, 21, 28, 11, 64, 3, 23, 30, 83, 24, 41, 40, 52, 65, 27, 90, 70, 39, 87, 48, 69, 99, 4, 75, 1, 13, 58, 97, 59, 45, 8, 73, 37, 35, 79, 71, 66, 76, 32, 60, 80, 56, 6, 67, 61, 33, 7, 57, 34, 12, 16, 10, 98, 96, 88, 43, 81, 91, 38, 84, 29, 92, 19, 51, 46, 89, 55, 25, 72, 94, 2, 62, 0]|[2, 1, 2, 1, 1, 2, 1, 1, 1, 1, 1, 0, 2, 2, 1, 2, 0, 0, 0, 2, 2, 1, 0, 2, 0, 2, 2, 1, 0, 1, 1, 1, 0, 0, 1, 0, 2, 1, 2, 2, 0, 0, 1, 1, 0, 2, 0, 2, 1, 0, 0, 2, 0, 0, 2, 0, 1, 1, 0, 0, 2, 1, 1, 2, 2, 0, 2, 2, 2, 1, 2, 1, 1, 2, 0, 1, 1, 2, 1, 2, 0, 1, 1, 1, 1, 0, 0, 1, 0, 1, 1, 0, 1, 0, 1, 1, 2, 0, 1, 2]|[0, 3, 0, 3, 4, 1, 4, 4, 2, 4, 3, 2, 1, 0, 2, 1, 1, 1, 2, 1, 1, 3, 0, 1, 0, 1, 1, 4, 1, 4, 3, 2, 2, 0, 4, 1, 1, 4, 1, 1, 2, 1, 4, 4, 1, 1, 0, 1, 3, 2, 2, 1, 2, 1, 1, 2, 4, 3, 0, 2, 2, 3, 3, 1, 1, 2, 1, 1, 1, 4, 1, 3, 4, 1, 2, 4, 3, 1, 3, 1, 2, 4, 4, 4, 3, 2, 2, 3, 2, 4, 3, 2, 4, 2, 4, 4, 1, 2, 3, 1]|[0, 2, 0, 0, 3, 0, 1, 3, 0, 0, 2, 0, 1, 0, 1, 0, 0, 0, 1, 0, 0, 2, 0, 0, 1, 0, 0, 3, 0, 1, 0, 2, 0, 0, 3, 0, 1, 1, 0, 0, 0, 0, 1, 3, 0, 0, 1, 0, 2, 0, 0, 0, 0, 0, 1, 0, 1, 0, 1, 1, 0, 2, 0, 0, 0, 0, 0, 0, 0, 2, 0, 0, 1, 0, 0, 1, 0, 0, 3, 0, 0, 1, 2, 2, 0, 0, 0, 3, 0, 1, 0, 0, 1, 0, 3, 1, 0, 0, 0, 0],892.8625725395128,49123.94792122078,106521.49423486824,true
46,G2_TEC,G2_TEC,[31, 22, 82, 15, 26, 9, 95, 42, 77, 68, 47, 5, 93, 78, 86, 54, 85, 63, 18, 44, 20, 49, 36, 14, 74, 50, 53, 17, 21, 28, 11, 64, 3, 23, 30, 83, 24, 41, 40, 52, 65, 27, 90, 70, 39, 87, 48, 69, 99, 4, 75, 1, 13, 58, 97, 59, 45, 8, 73, 37, 35, 79, 71, 66, 76, 32, 60, 80, 56, 6, 67, 61, 33, 7, 57, 34, 12, 16, 10, 98, 96, 88, 43, 81, 91, 2, 84, 29, 92, 19, 51, 55, 46, 89, 25, 72, 94, 38, 62, 0]|[2, 1, 2, 1, 1, 2, 1, 1, 1, 1, 1, 0, 2, 2, 1, 2, 0, 0, 0, 2, 2, 1, 0, 2, 0, 2, 2, 1, 0, 1, 1, 1, 0, 0, 1, 0, 2, 1, 2, 2, 0, 0, 1, 1, 0, 2, 0, 2, 1, 0, 0, 2, 0, 0, 2, 0, 1, 1, 0, 0, 2, 1, 1, 2, 2, 0, 2, 2, 2, 1, 2, 1, 1, 2, 0, 1, 1, 2, 1, 2, 0, 1, 1, 1, 1, 0, 0, 1, 0, 1, 1, 0, 0, 1, 1, 1, 2, 0, 1, 2]|[0, 3, 0, 3, 4, 1, 4, 4, 2, 4, 3, 2, 1, 0, 2, 1, 1, 1, 2, 1, 1, 3, 0, 1, 0, 1, 1, 4, 1, 4, 3, 2, 2, 0, 4, 1, 1, 4, 1, 1, 2, 1, 4, 4, 1, 1, 0, 1, 3, 2, 2, 1, 2, 1, 1, 2, 4, 3, 0, 2, 2, 3, 3, 1, 1, 2, 1, 1, 1, 4, 1, 3, 4, 1, 2, 4, 3, 1, 3, 1, 2, 4, 4, 4, 3, 2, 2, 3, 2, 4, 3, 2, 2, 4, 4, 4, 1, 2, 3, 1]|[0, 2, 0, 0, 3, 0, 1, 3, 0, 0, 2, 0, 1, 0, 1, 0, 0, 0, 1, 0, 0, 2, 0, 0, 1, 0, 0, 3, 0, 1, 0, 2, 0, 0, 3, 0, 1, 1, 0, 0, 0, 0, 1, 3, 0, 0, 1, 0, 2, 0, 0, 0, 0, 0, 1, 0, 1, 0, 1, 1, 0, 2, 0, 0, 0, 0, 0, 0, 0, 2, 0, 0, 1, 0, 0, 1, 0, 0, 3, 0, 0, 1, 2, 2, 0, 0, 0, 3, 0, 1, 0, 0, 0, 1, 3, 1, 0, 0, 0, 0],900.0760482104305,49104.85573898611,106612.48357517918,false
46,G3_TWC,G3_TWC,[31, 22, 42, 15, 26, 58, 95, 82, 77, 12, 47, 5, 93, 78, 98, 54, 85, 63, 18, 44, 20, 35, 43, 97, 91, 76, 10, 30, 21, 45, 71, 64, 1, 23, 17, 83, 24, 61, 60, 36, 6, 57, 94, 88, 65, 56, 79, 40, 67, 68, 46, 75, 38, 9, 19, 32, 81, 41, 27, 62, 87, 90, 99, 59, 11, 16, 72, 73, 70, 39, 37, 84, 3, 92, 25, 74, 28, 29, 51, 7, 53, 14, 86, 48, 89, 50, 66, 96, 33, 80, 4, 8, 34, 49, 52, 0, 13, 2, 69, 55]|[1, 1, 0, 1, 1, 1, 2, 1, 2, 1, 2, 2, 2, 1, 1, 0, 0, 1, 0, 2, 2, 0, 1, 2, 0, 1, 2, 2, 0, 0, 1, 2, 1, 2, 1, 0, 2, 0, 1, 1, 0, 1, 1, 1, 0, 2, 1, 1, 0, 0, 0, 0, 1, 1, 2, 1, 2, 0, 0, 0, 2, 1, 0, 1, 2, 1, 2, 1, 1, 1, 1, 1, 2, 0, 1, 2, 0, 0, 0, 1, 0, 1, 0, 0, 1, 0, 0, 0, 2, 0, 0, 1, 2, 0, 1, 0, 0, 0, 1, 1]|[4, 3, 2, 2, 0, 0, 2, 2, 2, 4, 1, 1, 2, 4, 4, 1, 1, 4, 2, 1, 1, 1, 1, 2, 1, 2, 1, 1, 1, 1, 3, 2, 3, 0, 4, 0, 1, 1, 0, 3, 2, 2, 4, 0, 1, 1, 0, 2, 0, 1, 2, 2, 1, 4, 0, 3, 2, 1, 1, 2, 1, 3, 1, 1, 1, 3, 0, 4, 3, 1, 4, 1, 1, 2, 4, 1, 2, 1, 1, 3, 2, 3, 1, 1, 1, 1, 1, 1, 1, 1, 2, 3, 1, 1, 1, 2, 2, 2, 3, 4]|[0, 2, 1, 1, 3, 3, 0, 1, 0, 0, 0, 0, 1, 0, 1, 0, 0, 3, 1, 0, 0, 0, 3, 1, 0, 2, 0, 0, 0, 1, 0, 0, 0, 0, 3, 0, 1, 0, 0, 2, 1, 1, 2, 0, 0, 0, 0, 1, 1, 0, 0, 0, 1, 3, 0, 0, 1, 0, 0, 1, 0, 2, 0, 1, 0, 2, 1, 0, 0, 1, 1, 3, 0, 1, 3, 0, 1, 0, 0, 2, 1, 0, 0, 0, 1, 0, 0, 0, 0, 0, 1, 2, 0, 1, 1, 0, 0, 0, 0, 3],804.6875225521468,57746.82533348298,88068.50778672317,false
46,G1_CMAX,G1_CMAX,[31, 22, 90, 26, 58, 95, 42, 12, 93, 5, 78, 86, 98, 18, 20, 35, 3, 97, 91, 76, 10, 85, 54, 45, 63, 71, 66, 1, 23, 17, 24, 60, 36, 6, 57, 15, 65, 56, 47, 79, 94, 67, 50, 46, 14, 75, 38, 9, 30, 19, 32, 81, 27, 92, 83, 87, 40, 99, 59, 11, 53, 16, 72, 77, 73, 70, 39, 37, 84, 43, 62, 25, 55, 28, 29, 51, 68, 82, 74, 61, 88, 21, 80, 89, 7, 69, 96, 41, 48, 4, 8, 34, 49, 52, 0, 44, 13, 2, 64, 33]|[1, 1, 1, 1, 0, 2, 1, 1, 2, 2, 2, 1, 0, 1, 2, 2, 1, 2, 0, 1, 2, 2, 2, 0, 0, 1, 2, 1, 2, 1, 2, 1, 1, 0, 1, 1, 0, 2, 2, 1, 1, 0, 0, 0, 0, 1, 1, 1, 1, 2, 1, 2, 2, 0, 0, 2, 1, 0, 0, 2, 0, 1, 2, 2, 1, 1, 1, 1, 1, 1, 0, 1, 1, 0, 0, 0, 0, 0, 2, 1, 1, 0, 0, 1, 1, 1, 2, 2, 0, 1, 1, 2, 0, 1, 0, 0, 0, 0, 2, 2]|[0, 4, 3, 0, 1, 1, 2, 4, 1, 1, 2, 4, 1, 4, 1, 1, 1, 2, 2, 2, 2, 1, 1, 1, 2, 3, 2, 3, 0, 4, 1, 0, 3, 2, 2, 2, 1, 1, 1, 0, 2, 0, 1, 2, 1, 3, 1, 4, 2, 0, 3, 2, 1, 2, 1, 1, 4, 1, 1, 1, 2, 3, 0, 2, 4, 3, 1, 4, 1, 1, 1, 4, 4, 2, 1, 1, 1, 2, 1, 3, 0, 1, 1, 1, 1, 3, 1, 1, 1, 4, 3, 1, 1, 1, 2, 2, 2, 2, 1, 1]|[3, 0, 2, 3, 0, 0, 1, 0, 0, 0, 1, 0, 0, 3, 0, 0, 1, 1, 1, 2, 1, 0, 0, 0, 0, 0, 0, 0, 0, 3, 1, 0, 2, 1, 1, 1, 0, 0, 0, 0, 1, 1, 0, 0, 0, 0, 1, 3, 2, 0, 0, 1, 0, 1, 0, 0, 2, 0, 0, 0, 1, 2, 1, 1, 0, 0, 1, 1, 3, 3, 0, 3, 3, 1, 0, 0, 0, 1, 0, 0, 0, 0, 0, 1, 2, 2, 0, 0, 0, 0, 2, 0, 1, 1, 0, 0, 0, 0, 0, 0],705.0470749739228,58445.79123614564,95781.2895945797,false
46,G4_BALANCED,G4_BALANCED,[31, 11, 15, 82, 26, 9, 95, 32, 77, 68, 47, 5, 93, 78, 86, 54, 85, 63, 18, 44, 20, 49, 36, 14, 74, 50, 53, 17, 21, 45, 71, 64, 3, 23, 30, 83, 24, 41, 60, 52, 51, 27, 90, 70, 39, 87, 48, 69, 99, 4, 46, 1, 13, 58, 97, 59, 28, 8, 73, 37, 35, 79, 22, 66, 76, 42, 40, 80, 96, 6, 16, 61, 33, 7, 57, 34, 12, 67, 10, 98, 56, 88, 29, 25, 91, 38, 19, 92, 43, 84, 65, 72, 81, 75, 2, 55, 62, 89, 94, 0]|[2, 1, 1, 2, 1, 2, 1, 1, 1, 1, 1, 0, 2, 2, 1, 2, 0, 0, 0, 2, 2, 1, 0, 2, 0, 2, 2, 1, 0, 1, 1, 1, 0, 0, 1, 0, 2, 1, 2, 2, 0, 0, 1, 1, 0, 2, 0, 2, 1, 0, 0, 2, 0, 0, 2, 0, 1, 1, 0, 0, 2, 1, 1, 2, 2, 0, 2, 2, 0, 1, 2, 1, 1, 2, 0, 1, 2, 1, 1, 2, 2, 1, 1, 1, 1, 0, 1, 0, 1, 0, 1, 1, 1, 0, 2, 0, 1, 1, 2, 0]|[1, 3, 2, 0, 4, 1, 4, 4, 2, 4, 3, 2, 1, 0, 2, 1, 1, 1, 2, 1, 1, 3, 0, 1, 0, 1, 1, 4, 1, 4, 3, 2, 2, 0, 4, 1, 1, 4, 0, 1, 2, 1, 4, 4, 1, 1, 0, 2, 3, 1, 2, 1, 2, 1, 1, 2, 4, 3, 0, 2, 2, 3, 3, 0, 1, 2, 0, 1, 2, 4, 1, 3, 4, 1, 2, 4, 1, 3, 3, 1, 1, 4, 3, 4, 3, 2, 4, 2, 4, 2, 3, 4, 1, 2, 1, 2, 3, 4, 1, 2]|[1, 2, 1, 0, 3, 0, 1, 3, 0, 0, 2, 0, 1, 0, 1, 0, 0, 0, 1, 0, 0, 2, 0, 0, 1, 0, 0, 3, 0, 1, 0, 2, 0, 1, 3, 0, 1, 3, 1, 0, 0, 0, 1, 3, 0, 0, 1, 0, 2, 0, 0, 0, 0, 0, 1, 0, 1, 0, 1, 1, 0, 2, 2, 0, 0, 0, 1, 0, 0, 2, 0, 0, 1, 0, 0, 1, 0, 0, 3, 0, 0, 1, 0, 3, 0, 0, 1, 0, 2, 0, 0, 2, 1, 0, 0, 0, 0, 1, 0, 0],850.9632869082183,52431.02217786142,105346.60403335126,false
46,G2_TEC,G2_TEC,[31, 22, 82, 15, 26, 9, 95, 42, 77, 68, 47, 5, 93, 78, 86, 54, 85, 63, 18, 44, 20, 49, 36, 14, 74, 50, 53, 17, 21, 28, 11, 64, 3, 23, 30, 83, 24, 41, 40, 52, 65, 27, 90, 70, 39, 87, 48, 69, 99, 4, 75, 1, 13, 58, 97, 59, 45, 8, 73, 37, 35, 79, 71, 66, 76, 32, 60, 80, 56, 6, 67, 61, 33, 7, 57, 34, 12, 16, 10, 98, 96, 88, 43, 81, 91, 2, 84, 29, 92, 19, 51, 55, 46, 89, 25, 72, 94, 38, 62, 0]|[2, 1, 2, 1, 1, 2, 1, 1, 1, 1, 1, 0, 2, 2, 1, 2, 0, 0, 0, 2, 2, 1, 0, 2, 0, 2, 2, 1, 0, 1, 1, 1, 0, 0, 1, 0, 2, 1, 2, 2, 0, 0, 1, 1, 0, 2, 0, 2, 1, 0, 0, 2, 0, 0, 2, 0, 1, 1, 0, 0, 2, 1, 1, 2, 2, 0, 2, 2, 2, 1, 2, 1, 1, 2, 0, 1, 1, 2, 1, 2, 0, 1, 1, 1, 1, 0, 0, 1, 0, 1, 1, 0, 0, 1, 1, 1, 2, 0, 1, 2]|[0, 3, 0, 3, 4, 1, 4, 4, 2, 4, 3, 2, 1, 0, 2, 1, 1, 1, 2, 1, 1, 3, 0, 1, 0, 1, 1, 4, 1, 4, 3, 2, 2, 0, 4, 1, 1, 4, 1, 1, 2, 1, 4, 4, 1, 1, 0, 1, 3, 2, 2, 1, 2, 1, 1, 2, 4, 3, 0, 2, 2, 3, 3, 1, 1, 2, 1, 1, 1, 4, 1, 3, 4, 1, 2, 4, 3, 1, 3, 1, 2, 4, 4, 4, 3, 2, 2, 3, 2, 4, 3, 2, 2, 4, 4, 4, 1, 2, 3, 1]|[0, 2, 0, 0, 3, 0, 1, 3, 0, 0, 2, 0, 1, 0, 1, 0, 0, 0, 1, 0, 0, 2, 0, 0, 1, 0, 0, 3, 0, 1, 0, 2, 0, 0, 3, 0, 1, 1, 0, 0, 0, 0, 1, 3, 0, 0, 1, 0, 2, 0, 0, 0, 0, 0, 1, 0, 1, 0, 1, 1, 0, 2, 0, 0, 0, 0, 0, 0, 0, 2, 0, 0, 1, 0, 0, 1, 0, 0, 3, 0, 0, 1, 2, 2, 0, 0, 0, 3, 0, 1, 0, 0, 0, 1, 3, 1, 0, 0, 0, 0],900.0760482104305,49104.85573898611,106612.48357517918,false
46,G3_TWC,G3_TWC,[31, 22, 42, 15, 26, 58, 95, 82, 77, 12, 47, 5, 93, 78, 98, 54, 85, 63, 18, 44, 20, 35, 43, 97, 91, 76, 10, 30, 21, 45, 71, 64, 1, 23, 17, 83, 24, 61, 60, 36, 6, 57, 94, 88, 65, 56, 79, 40, 67, 68, 46, 75, 38, 9, 19, 32, 81, 41, 27, 62, 87, 90, 99, 59, 11, 16, 72, 73, 70, 39, 37, 84, 3, 92, 25, 74, 28, 29, 51, 7, 53, 14, 86, 48, 89, 50, 66, 96, 33, 80, 4, 8, 34, 49, 52, 0, 13, 2, 69, 55]|[1, 1, 0, 1, 1, 1, 2, 1, 2, 1, 2, 2, 2, 1, 1, 0, 0, 1, 0, 2, 2, 0, 1, 2, 0, 1, 2, 2, 0, 0, 1, 2, 1, 2, 1, 0, 2, 0, 1, 1, 0, 1, 1, 1, 0, 2, 1, 1, 0, 0, 0, 0, 1, 1, 2, 1, 2, 0, 0, 0, 2, 1, 0, 1, 2, 1, 2, 1, 1, 1, 1, 1, 2, 0, 1, 2, 0, 0, 0, 1, 0, 1, 0, 0, 1, 0, 0, 0, 2, 0, 0, 1, 2, 0, 1, 0, 0, 0, 1, 1]|[4, 3, 2, 2, 0, 0, 2, 2, 2, 4, 1, 1, 2, 4, 4, 1, 1, 4, 2, 1, 1, 1, 1, 2, 1, 2, 1, 1, 1, 1, 3, 2, 3, 0, 4, 0, 1, 1, 0, 3, 2, 2, 4, 0, 1, 1, 0, 2, 0, 1, 2, 2, 1, 4, 0, 3, 2, 1, 1, 2, 1, 3, 1, 1, 1, 3, 0, 4, 3, 1, 4, 1, 1, 2, 4, 1, 2, 1, 1, 3, 2, 3, 1, 1, 1, 1, 1, 1, 1, 1, 2, 3, 1, 1, 1, 2, 2, 2, 3, 4]|[0, 2, 1, 1, 3, 3, 0, 1, 0, 0, 0, 0, 1, 0, 1, 0, 0, 3, 1, 0, 0, 0, 3, 1, 0, 2, 0, 0, 0, 1, 0, 0, 0, 0, 3, 0, 1, 0, 0, 2, 1, 1, 2, 0, 0, 0, 0, 1, 1, 0, 0, 0, 1, 3, 0, 0, 1, 0, 0, 1, 0, 2, 0, 1, 0, 2, 1, 0, 0, 1, 1, 3, 0, 1, 3, 0, 1, 0, 0, 2, 1, 0, 0, 0, 1, 0, 0, 0, 0, 0, 1, 2, 0, 1, 1, 0, 0, 0, 0, 3],804.6875225521468,57746.82533348298,88068.50778672317,false
46,G1_CMAX,G1_CMAX,[31, 22, 90, 26, 58, 95, 42, 12, 93, 5, 78, 86, 98, 18, 20, 35, 3, 97, 91, 76, 10, 85, 54, 45, 63, 71, 66, 1, 23, 17, 24, 60, 36, 6, 57, 15, 65, 56, 47, 79, 94, 67, 50, 46, 14, 75, 38, 9, 30, 19, 32, 81, 27, 92, 83, 87, 40, 99, 59, 11, 53, 16, 72, 77, 73, 70, 39, 37, 84, 43, 62, 25, 55, 28, 29, 51, 68, 82, 74, 61, 88, 21, 80, 89, 7, 69, 96, 41, 48, 4, 8, 34, 49, 52, 0, 44, 13, 2, 64, 33]|[1, 1, 1, 1, 0, 2, 1, 1, 2, 2, 2, 1, 0, 1, 2, 2, 1, 2, 0, 1, 2, 2, 2, 0, 0, 1, 2, 1, 2, 1, 2, 1, 1, 0, 1, 1, 0, 2, 2, 1, 1, 0, 0, 0, 0, 1, 1, 1, 1, 2, 1, 2, 2, 0, 0, 2, 1, 0, 0, 2, 0, 1, 2, 2, 1, 1, 1, 1, 1, 1, 0, 1, 1, 0, 0, 0, 0, 0, 2, 1, 1, 0, 0, 1, 1, 1, 2, 2, 0, 1, 1, 2, 0, 1, 0, 0, 0, 0, 2, 2]|[0, 4, 3, 0, 1, 1, 2, 4, 1, 1, 2, 4, 1, 4, 1, 1, 1, 2, 2, 2, 2, 1, 1, 1, 2, 3, 2, 3, 0, 4, 1, 0, 3, 2, 2, 2, 1, 1, 1, 0, 2, 0, 1, 2, 1, 3, 1, 4, 2, 0, 3, 2, 1, 2, 1, 1, 4, 1, 1, 1, 2, 3, 0, 2, 4, 3, 1, 4, 1, 1, 1, 4, 4, 2, 1, 1, 1, 2, 1, 3, 0, 1, 1, 1, 1, 3, 1, 1, 1, 4, 3, 1, 1, 1, 2, 2, 2, 2, 1, 1]|[3, 0, 2, 3, 0, 0, 1, 0, 0, 0, 1, 0, 0, 3, 0, 0, 1, 1, 1, 2, 1, 0, 0, 0, 0, 0, 0, 0, 0, 3, 1, 0, 2, 1, 1, 1, 0, 0, 0, 0, 1, 1, 0, 0, 0, 0, 1, 3, 2, 0, 0, 1, 0, 1, 0, 0, 2, 0, 0, 0, 1, 2, 1, 1, 0, 0, 1, 1, 3, 3, 0, 3, 3, 1, 0, 0, 0, 1, 0, 0, 0, 0, 0, 1, 2, 2, 0, 0, 0, 0, 2, 0, 1, 1, 0, 0, 0, 0, 0, 0],705.0470749739228,58445.79123614564,95781.2895945797,false
46,G4_BALANCED,G4_BALANCED,[31, 11, 15, 82, 26, 9, 95, 32, 77, 68, 47, 5, 93, 78, 86, 54, 85, 63, 18, 44, 20, 49, 36, 14, 74, 50, 53, 17, 21, 45, 71, 64, 3, 23, 30, 83, 24, 41, 60, 52, 51, 27, 90, 70, 39, 87, 48, 69, 99, 4, 46, 1, 13, 58, 97, 59, 28, 8, 73, 37, 35, 79, 22, 66, 76, 42, 40, 80, 96, 6, 16, 61, 33, 7, 57, 34, 12, 67, 10, 98, 56, 88, 29, 25, 91, 38, 19, 92, 43, 84, 65, 72, 81, 75, 2, 55, 62, 89, 94, 0]|[2, 1, 1, 2, 1, 2, 1, 1, 1, 1, 1, 0, 2, 2, 1, 2, 0, 0, 0, 2, 2, 1, 0, 2, 0, 2, 2, 1, 0, 1, 1, 1, 0, 0, 1, 0, 2, 1, 2, 2, 0, 0, 1, 1, 0, 2, 0, 2, 1, 0, 0, 2, 0, 0, 2, 0, 1, 1, 0, 0, 2, 1, 1, 2, 2, 0, 2, 2, 0, 1, 2, 1, 1, 2, 0, 1, 2, 1, 1, 2, 2, 1, 1, 1, 1, 0, 1, 0, 1, 0, 1, 1, 1, 0, 2, 0, 1, 1, 2, 0]|[1, 3, 2, 0, 4, 1, 4, 4, 2, 4, 3, 2, 1, 0, 2, 1, 1, 1, 2, 1, 1, 3, 0, 1, 0, 1, 1, 4, 1, 4, 3, 2, 2, 0, 4, 1, 1, 4, 0, 1, 2, 1, 4, 4, 1, 1, 0, 2, 3, 1, 2, 1, 2, 1, 1, 2, 4, 3, 0, 2, 2, 3, 3, 0, 1, 2, 0, 1, 2, 4, 1, 3, 4, 1, 2, 4, 1, 3, 3, 1, 1, 4, 3, 4, 3, 2, 4, 2, 4, 2, 3, 4, 1, 2, 1, 2, 3, 4, 1, 2]|[1, 2, 1, 0, 3, 0, 1, 3, 0, 0, 2, 0, 1, 0, 1, 0, 0, 0, 1, 0, 0, 2, 0, 0, 1, 0, 0, 3, 0, 1, 0, 2, 0, 1, 3, 0, 1, 3, 1, 0, 0, 0, 1, 3, 0, 0, 1, 0, 2, 0, 0, 0, 0, 0, 1, 0, 1, 0, 1, 1, 0, 2, 2, 0, 0, 0, 1, 0, 0, 2, 0, 0, 1, 0, 0, 1, 0, 0, 3, 0, 0, 1, 0, 3, 0, 0, 1, 0, 2, 0, 0, 2, 1, 0, 0, 0, 0, 1, 0, 0],850.9632869082183,52431.02217786142,105346.60403335126,false
46,G2_TEC,G2_TEC,[31, 22, 82, 15, 26, 9, 95, 42, 77, 68, 47, 5, 93, 78, 86, 54, 85, 63, 18, 44, 20, 49, 36, 14, 74, 50, 53, 17, 21, 28, 11, 64, 3, 23, 30, 83, 24, 41, 40, 52, 65, 27, 90, 70, 39, 87, 48, 69, 99, 4, 75, 1, 13, 58, 97, 59, 45, 8, 73, 37, 35, 79, 71, 66, 76, 32, 60, 80, 56, 6, 67, 61, 33, 7, 57, 34, 12, 16, 10, 98, 96, 88, 43, 81, 91, 2, 84, 29, 92, 19, 51, 55, 46, 89, 25, 72, 94, 38, 62, 0]|[2, 1, 2, 1, 1, 2, 1, 1, 1, 1, 1, 0, 2, 2, 1, 2, 0, 0, 0, 2, 2, 1, 0, 2, 0, 2, 2, 1, 0, 1, 1, 1, 0, 0, 1, 0, 2, 1, 2, 2, 0, 0, 1, 1, 0, 2, 0, 2, 1, 0, 0, 2, 0, 0, 2, 0, 1, 1, 0, 0, 2, 1, 1, 2, 2, 0, 2, 2, 2, 1, 2, 1, 1, 2, 0, 1, 1, 2, 1, 2, 0, 1, 1, 1, 1, 0, 0, 1, 0, 1, 1, 0, 0, 1, 1, 1, 2, 0, 1, 2]|[0, 3, 0, 3, 4, 1, 4, 4, 2, 4, 3, 2, 1, 0, 2, 1, 1, 1, 2, 1, 1, 3, 0, 1, 0, 1, 1, 4, 1, 4, 3, 2, 2, 0, 4, 1, 1, 4, 1, 1, 2, 1, 4, 4, 1, 1, 0, 1, 3, 2, 2, 1, 2, 1, 1, 2, 4, 3, 0, 2, 2, 3, 3, 1, 1, 2, 1, 1, 1, 4, 1, 3, 4, 1, 2, 4, 3, 1, 3, 1, 2, 4, 4, 4, 3, 2, 2, 3, 2, 4, 3, 2, 2, 4, 4, 4, 1, 2, 3, 1]|[0, 2, 0, 0, 3, 0, 1, 3, 0, 0, 2, 0, 1, 0, 1, 0, 0, 0, 1, 0, 0, 2, 0, 0, 1, 0, 0, 3, 0, 1, 0, 2, 0, 0, 3, 0, 1, 1, 0, 0, 0, 0, 1, 3, 0, 0, 1, 0, 2, 0, 0, 0, 0, 0, 1, 0, 1, 0, 1, 1, 0, 2, 0, 0, 0, 0, 0, 0, 0, 2, 0, 0, 1, 0, 0, 1, 0, 0, 3, 0, 0, 1, 2, 2, 0, 0, 0, 3, 0, 1, 0, 0, 0, 1, 3, 1, 0, 0, 0, 0],900.0760482104305,49104.85573898611,106612.48357517918,false
46,G3_TWC,G3_TWC,[31, 22, 42, 15, 26, 58, 95, 82, 77, 12, 47, 5, 93, 78, 98, 54, 85, 63, 18, 44, 20, 35, 43, 97, 91, 76, 10, 30, 21, 45, 71, 64, 1, 23, 17, 83, 24, 61, 60, 36, 6, 57, 94, 88, 65, 56, 79, 40, 67, 68, 46, 75, 38, 9, 19, 32, 81, 41, 27, 62, 87, 90, 99, 59, 11, 16, 72, 73, 70, 39, 37, 84, 3, 92, 25, 74, 28, 29, 51, 7, 53, 14, 86, 48, 89, 50, 66, 96, 33, 80, 4, 8, 34, 49, 52, 0, 13, 2, 69, 55]|[1, 1, 0, 1, 1, 1, 2, 1, 2, 1, 2, 2, 2, 1, 1, 0, 0, 1, 0, 2, 2, 0, 1, 2, 0, 1, 2, 2, 0, 0, 1, 2, 1, 2, 1, 0, 2, 0, 1, 1, 0, 1, 1, 1, 0, 2, 1, 1, 0, 0, 0, 0, 1, 1, 2, 1, 2, 0, 0, 0, 2, 1, 0, 1, 2, 1, 2, 1, 1, 1, 1, 1, 2, 0, 1, 2, 0, 0, 0, 1, 0, 1, 0, 0, 1, 0, 0, 0, 2, 0, 0, 1, 2, 0, 1, 0, 0, 0, 1, 1]|[4, 3, 2, 2, 0, 0, 2, 2, 2, 4, 1, 1, 2, 4, 4, 1, 1, 4, 2, 1, 1, 1, 1, 2, 1, 2, 1, 1, 1, 1, 3, 2, 3, 0, 4, 0, 1, 1, 0, 3, 2, 2, 4, 0, 1, 1, 0, 2, 0, 1, 2, 2, 1, 4, 0, 3, 2, 1, 1, 2, 1, 3, 1, 1, 1, 3, 0, 4, 3, 1, 4, 1, 1, 2, 4, 1, 2, 1, 1, 3, 2, 3, 1, 1, 1, 1, 1, 1, 1, 1, 2, 3, 1, 1, 1, 2, 2, 2, 3, 4]|[0, 2, 1, 1, 3, 3, 0, 1, 0, 0, 0, 0, 1, 0, 1, 0, 0, 3, 1, 0, 0, 0, 3, 1, 0, 2, 0, 0, 0, 1, 0, 0, 0, 0, 3, 0, 1, 0, 0, 2, 1, 1, 2, 0, 0, 0, 0, 1, 1, 0, 0, 0, 1, 3, 0, 0, 1, 0, 0, 1, 0, 2, 0, 1, 0, 2, 1, 0, 0, 1, 1, 3, 0, 1, 3, 0, 1, 0, 0, 2, 1, 0, 0, 0, 1, 0, 0, 0, 0, 0, 1, 2, 0, 1, 1, 0, 0, 0, 0, 3],804.6875225521468,57746.82533348298,88068.50778672317,false
46,G1_CMAX,G1_CMAX,[31, 22, 90, 26, 58, 95, 42, 12, 93, 5, 78, 86, 98, 18, 20, 35, 3, 97, 91, 76, 10, 85, 54, 45, 63, 71, 66, 1, 23, 17, 24, 60, 36, 6, 57, 15, 65, 56, 47, 79, 94, 67, 50, 46, 14, 75, 38, 9, 30, 19, 32, 81, 27, 92, 83, 87, 40, 99, 59, 11, 53, 16, 72, 77, 73, 70, 39, 37, 84, 43, 62, 25, 55, 28, 29, 51, 68, 82, 74, 61, 88, 21, 80, 89, 7, 69, 96, 41, 48, 4, 8, 34, 49, 52, 0, 44, 13, 2, 64, 33]|[1, 1, 1, 1, 0, 2, 1, 1, 2, 2, 2, 1, 0, 1, 2, 2, 1, 2, 0, 1, 2, 2, 2, 0, 0, 1, 2, 1, 2, 1, 2, 1, 1, 0, 1, 1, 0, 2, 2, 1, 1, 0, 0, 0, 0, 1, 1, 1, 1, 2, 1, 2, 2, 0, 0, 2, 1, 0, 0, 2, 0, 1, 2, 2, 1, 1, 1, 1, 1, 1, 0, 1, 1, 0, 0, 0, 0, 0, 2, 1, 1, 0, 0, 1, 1, 1, 2, 2, 0, 1, 1, 2, 0, 1, 0, 0, 0, 0, 2, 2]|[0, 4, 3, 0, 1, 1, 2, 4, 1, 1, 2, 4, 1, 4, 1, 1, 1, 2, 2, 2, 2, 1, 1, 1, 2, 3, 2, 3, 0, 4, 1, 0, 3, 2, 2, 2, 1, 1, 1, 0, 2, 0, 1, 2, 1, 3, 1, 4, 2, 0, 3, 2, 1, 2, 1, 1, 4, 1, 1, 1, 2, 3, 0, 2, 4, 3, 1, 4, 1, 1, 1, 4, 4, 2, 1, 1, 1, 2, 1, 3, 0, 1, 1, 1, 1, 3, 1, 1, 1, 4, 3, 1, 1, 1, 2, 2, 2, 2, 1, 1]|[3, 0, 2, 3, 0, 0, 1, 0, 0, 0, 1, 0, 0, 3, 0, 0, 1, 1, 1, 2, 1, 0, 0, 0, 0, 0, 0, 0, 0, 3, 1, 0, 2, 1, 1, 1, 0, 0, 0, 0, 1, 1, 0, 0, 0, 0, 1, 3, 2, 0, 0, 1, 0, 1, 0, 0, 2, 0, 0, 0, 1, 2, 1, 1, 0, 0, 1, 1, 3, 3, 0, 3, 3, 1, 0, 0, 0, 1, 0, 0, 0, 0, 0, 1, 2, 2, 0, 0, 0, 0, 2, 0, 1, 1, 0, 0, 0, 0, 0, 0],705.0470749739228,58445.79123614564,95781.2895945797,false
46,G4_BALANCED,G4_BALANCED,[31, 11, 15, 82, 26, 9, 95, 32, 77, 68, 47, 5, 93, 78, 86, 54, 85, 63, 18, 44, 20, 49, 36, 14, 74, 50, 53, 17, 21, 45, 71, 64, 3, 23, 30, 83, 24, 41, 60, 52, 51, 27, 90, 70, 39, 87, 48, 69, 99, 4, 46, 1, 13, 58, 97, 59, 28, 8, 73, 37, 35, 79, 22, 66, 76, 42, 40, 80, 96, 6, 16, 61, 33, 7, 57, 34, 12, 67, 10, 98, 56, 88, 29, 25, 91, 38, 19, 92, 43, 84, 65, 72, 81, 75, 2, 55, 62, 89, 94, 0]|[2, 1, 1, 2, 1, 2, 1, 1, 1, 1, 1, 0, 2, 2, 1, 2, 0, 0, 0, 2, 2, 1, 0, 2, 0, 2, 2, 1, 0, 1, 1, 1, 0, 0, 1, 0, 2, 1, 2, 2, 0, 0, 1, 1, 0, 2, 0, 2, 1, 0, 0, 2, 0, 0, 2, 0, 1, 1, 0, 0, 2, 1, 1, 2, 2, 0, 2, 2, 0, 1, 2, 1, 1, 2, 0, 1, 2, 1, 1, 2, 2, 1, 1, 1, 1, 0, 1, 0, 1, 0, 1, 1, 1, 0, 2, 0, 1, 1, 2, 0]|[1, 3, 2, 0, 4, 1, 4, 4, 2, 4, 3, 2, 1, 0, 2, 1, 1, 1, 2, 1, 1, 3, 0, 1, 0, 1, 1, 4, 1, 4, 3, 2, 2, 0, 4, 1, 1, 4, 0, 1, 2, 1, 4, 4, 1, 1, 0, 2, 3, 1, 2, 1, 2, 1, 1, 2, 4, 3, 0, 2, 2, 3, 3, 0, 1, 2, 0, 1, 2, 4, 1, 3, 4, 1, 2, 4, 1, 3, 3, 1, 1, 4, 3, 4, 3, 2, 4, 2, 4, 2, 3, 4, 1, 2, 1, 2, 3, 4, 1, 2]|[1, 2, 1, 0, 3, 0, 1, 3, 0, 0, 2, 0, 1, 0, 1, 0, 0, 0, 1, 0, 0, 2, 0, 0, 1, 0, 0, 3, 0, 1, 0, 2, 0, 1, 3, 0, 1, 3, 1, 0, 0, 0, 1, 3, 0, 0, 1, 0, 2, 0, 0, 0, 0, 0, 1, 0, 1, 0, 1, 1, 0, 2, 2, 0, 0, 0, 1, 0, 0, 2, 0, 0, 1, 0, 0, 1, 0, 0, 3, 0, 0, 1, 0, 3, 0, 0, 1, 0, 2, 0, 0, 2, 1, 0, 0, 0, 0, 1, 0, 0],850.9632869082183,52431.02217786142,105346.60403335126,false
46,G2_TEC,G2_TEC,[31, 22, 82, 15, 26, 9, 95, 42, 77, 68, 47, 5, 93, 78, 86, 54, 85, 63, 18, 44, 20, 49, 36, 14, 74, 50, 53, 17, 21, 28, 11, 64, 3, 23, 30, 83, 24, 41, 40, 52, 65, 27, 90, 70, 39, 87, 48, 69, 99, 4, 75, 1, 13, 58, 97, 59, 45, 8, 73, 37, 35, 79, 71, 66, 76, 32, 60, 80, 56, 6, 67, 61, 33, 7, 57, 34, 12, 16, 10, 98, 96, 88, 43, 81, 91, 2, 84, 29, 92, 19, 51, 55, 46, 89, 25, 72, 94, 38, 62, 0]|[2, 1, 2, 1, 1, 2, 1, 1, 1, 1, 1, 0, 2, 2, 1, 2, 0, 0, 0, 2, 2, 1, 0, 2, 0, 2, 2, 1, 0, 1, 1, 1, 0, 0, 1, 0, 2, 1, 2, 2, 0, 0, 1, 1, 0, 2, 0, 2, 1, 0, 0, 2, 0, 0, 2, 0, 1, 1, 0, 0, 2, 1, 1, 2, 2, 0, 2, 2, 2, 1, 2, 1, 1, 2, 0, 1, 1, 2, 1, 2, 0, 1, 1, 1, 1, 0, 0, 1, 0, 1, 1, 0, 0, 1, 1, 1, 2, 0, 1, 2]|[0, 3, 0, 3, 4, 1, 4, 4, 2, 4, 3, 2, 1, 0, 2, 1, 1, 1, 2, 1, 1, 3, 0, 1, 0, 1, 1, 4, 1, 4, 3, 2, 2, 0, 4, 1, 1, 4, 1, 1, 2, 1, 4, 4, 1, 1, 0, 1, 3, 2, 2, 1, 2, 1, 1, 2, 4, 3, 0, 2, 2, 3, 3, 1, 1, 2, 1, 1, 1, 4, 1, 3, 4, 1, 2, 4, 3, 1, 3, 1, 2, 4, 4, 4, 3, 2, 2, 3, 2, 4, 3, 2, 2, 4, 4, 4, 1, 2, 3, 1]|[0, 2, 0, 0, 3, 0, 1, 3, 0, 0, 2, 0, 1, 0, 1, 0, 0, 0, 1, 0, 0, 2, 0, 0, 1, 0, 0, 3, 0, 1, 0, 2, 0, 0, 3, 0, 1, 1, 0, 0, 0, 0, 1, 3, 0, 0, 1, 0, 2, 0, 0, 0, 0, 0, 1, 0, 1, 0, 1, 1, 0, 2, 0, 0, 0, 0, 0, 0, 0, 2, 0, 0, 1, 0, 0, 1, 0, 0, 3, 0, 0, 1, 2, 2, 0, 0, 0, 3, 0, 1, 0, 0, 0, 1, 3, 1, 0, 0, 0, 0],900.0760482104305,49104.85573898611,106612.48357517918,false
46,G3_TWC,G3_TWC,[31, 22, 42, 15, 26, 58, 95, 82, 77, 12, 47, 5, 93, 78, 98, 54, 85, 63, 18, 44, 20, 35, 43, 97, 91, 76, 10, 30, 21, 45, 71, 64, 1, 23, 17, 83, 24, 61, 60, 36, 6, 57, 94, 88, 65, 56, 79, 40, 67, 68, 46, 75, 38, 9, 19, 32, 81, 41, 27, 62, 87, 90, 99, 59, 11, 16, 72, 73, 70, 39, 37, 84, 3, 92, 25, 74, 28, 29, 51, 7, 53, 14, 86, 48, 89, 50, 66, 96, 33, 80, 4, 8, 34, 49, 52, 0, 13, 2, 69, 55]|[1, 1, 0, 1, 1, 1, 2, 1, 2, 1, 2, 2, 2, 1, 1, 0, 0, 1, 0, 2, 2, 0, 1, 2, 0, 1, 2, 2, 0, 0, 1, 2, 1, 2, 1, 0, 2, 0, 1, 1, 0, 1, 1, 1, 0, 2, 1, 1, 0, 0, 0, 0, 1, 1, 2, 1, 2, 0, 0, 0, 2, 1, 0, 1, 2, 1, 2, 1, 1, 1, 1, 1, 2, 0, 1, 2, 0, 0, 0, 1, 0, 1, 0, 0, 1, 0, 0, 0, 2, 0, 0, 1, 2, 0, 1, 0, 0, 0, 1, 1]|[4, 3, 2, 2, 0, 0, 2, 2, 2, 4, 1, 1, 2, 4, 4, 1, 1, 4, 2, 1, 1, 1, 1, 2, 1, 2, 1, 1, 1, 1, 3, 2, 3, 0, 4, 0, 1, 1, 0, 3, 2, 2, 4, 0, 1, 1, 0, 2, 0, 1, 2, 2, 1, 4, 0, 3, 2, 1, 1, 2, 1, 3, 1, 1, 1, 3, 0, 4, 3, 1, 4, 1, 1, 2, 4, 1, 2, 1, 1, 3, 2, 3, 1, 1, 1, 1, 1, 1, 1, 1, 2, 3, 1, 1, 1, 2, 2, 2, 3, 4]|[0, 2, 1, 1, 3, 3, 0, 1, 0, 0, 0, 0, 1, 0, 1, 0, 0, 3, 1, 0, 0, 0, 3, 1, 0, 2, 0, 0, 0, 1, 0, 0, 0, 0, 3, 0, 1, 0, 0, 2, 1, 1, 2, 0, 0, 0, 0, 1, 1, 0, 0, 0, 1, 3, 0, 0, 1, 0, 0, 1, 0, 2, 0, 1, 0, 2, 1, 0, 0, 1, 1, 3, 0, 1, 3, 0, 1, 0, 0, 2, 1, 0, 0, 0, 1, 0, 0, 0, 0, 0, 1, 2, 0, 1, 1, 0, 0, 0, 0, 3],804.6875225521468,57746.82533348298,88068.50778672317,false
46,G1_CMAX,G1_CMAX,[31, 22, 90, 26, 58, 95, 42, 12, 93, 5, 78, 86, 98, 18, 20, 35, 3, 97, 91, 76, 10, 85, 54, 45, 63, 71, 66, 1, 23, 17, 24, 60, 36, 6, 57, 15, 65, 56, 47, 79, 94, 67, 50, 46, 14, 75, 38, 9, 30, 19, 32, 81, 27, 92, 83, 87, 40, 99, 59, 11, 53, 16, 72, 77, 73, 70, 39, 37, 84, 43, 62, 25, 55, 28, 29, 51, 68, 82, 74, 61, 88, 21, 80, 89, 7, 69, 96, 41, 48, 4, 8, 34, 49, 52, 0, 44, 13, 2, 64, 33]|[1, 1, 1, 1, 0, 2, 1, 1, 2, 2, 2, 1, 0, 1, 2, 2, 1, 2, 0, 1, 2, 2, 2, 0, 0, 1, 2, 1, 2, 1, 2, 1, 1, 0, 1, 1, 0, 2, 2, 1, 1, 0, 0, 0, 0, 1, 1, 1, 1, 2, 1, 2, 2, 0, 0, 2, 1, 0, 0, 2, 0, 1, 2, 2, 1, 1, 1, 1, 1, 1, 0, 1, 1, 0, 0, 0, 0, 0, 2, 1, 1, 0, 0, 1, 1, 1, 2, 2, 0, 1, 1, 2, 0, 1, 0, 0, 0, 0, 2, 2]|[0, 4, 3, 0, 1, 1, 2, 4, 1, 1, 2, 4, 1, 4, 1, 1, 1, 2, 2, 2, 2, 1, 1, 1, 2, 3, 2, 3, 0, 4, 1, 0, 3, 2, 2, 2, 1, 1, 1, 0, 2, 0, 1, 2, 1, 3, 1, 4, 2, 0, 3, 2, 1, 2, 1, 1, 4, 1, 1, 1, 2, 3, 0, 2, 4, 3, 1, 4, 1, 1, 1, 4, 4, 2, 1, 1, 1, 2, 1, 3, 0, 1, 1, 1, 1, 3, 1, 1, 1, 4, 3, 1, 1, 1, 2, 2, 2, 2, 1, 1]|[3, 0, 2, 3, 0, 0, 1, 0, 0, 0, 1, 0, 0, 3, 0, 0, 1, 1, 1, 2, 1, 0, 0, 0, 0, 0, 0, 0, 0, 3, 1, 0, 2, 1, 1, 1, 0, 0, 0, 0, 1, 1, 0, 0, 0, 0, 1, 3, 2, 0, 0, 1, 0, 1, 0, 0, 2, 0, 0, 0, 1, 2, 1, 1, 0, 0, 1, 1, 3, 3, 0, 3, 3, 1, 0, 0, 0, 1, 0, 0, 0, 0, 0, 1, 2, 2, 0, 0, 0, 0, 2, 0, 1, 1, 0, 0, 0, 0, 0, 0],705.0470749739228,58445.79123614564,95781.2895945797,false
46,G4_BALANCED,G1_CMAX,[22, 82, 3, 58, 95, 42, 77, 47, 5, 93, 78, 12, 86, 54, 50, 63, 18, 44, 20, 35, 43, 97, 91, 76, 10, 30, 21, 45, 71, 64, 36, 23, 17, 83, 24, 14, 60, 1, 6, 40, 57, 90, 65, 56, 79, 94, 67, 68, 46, 75, 38, 9, 19, 32, 81, 41, 27, 62, 16, 55, 59, 89, 88, 87, 31, 72, 73, 70, 39, 37, 84, 92, 25, 11, 48, 15, 29, 51, 7, 33, 61, 98, 28, 99, 26, 85, 66, 96, 53, 80, 4, 8, 34, 49, 52, 2, 13, 0, 69, 74]|[1, 0, 1, 0, 1, 2, 2, 2, 2, 2, 1, 1, 1, 0, 0, 1, 0, 2, 2, 0, 1, 2, 0, 1, 2, 2, 0, 0, 1, 2, 1, 2, 1, 0, 2, 0, 1, 1, 0, 1, 1, 1, 0, 2, 1, 1, 0, 0, 0, 0, 1, 1, 2, 1, 2, 0, 0, 0, 1, 2, 1, 1, 1, 1, 1, 2, 1, 2, 1, 1, 1, 0, 1, 2, 2, 1, 0, 0, 1, 2, 1, 2, 0, 1, 1, 0, 0, 2, 0, 0, 1, 1, 2, 0, 1, 0, 0, 0, 1, 2]|[3, 2, 1, 1, 2, 1, 2, 1, 1, 2, 4, 4, 4, 1, 1, 4, 2, 1, 1, 1, 1, 2, 1, 2, 1, 1, 2, 1, 3, 2, 3, 1, 4, 1, 1, 1, 0, 3, 2, 2, 2, 3, 1, 1, 0, 4, 0, 1, 2, 2, 1, 4, 0, 3, 2, 1, 1, 2, 3, 1, 1, 1, 0, 3, 0, 0, 3, 0, 1, 4, 1, 0, 4, 1, 1, 4, 1, 1, 1, 1, 3, 1, 2, 1, 0, 2, 1, 1, 2, 1, 4, 3, 1, 1, 1, 2, 2, 2, 4, 1]|[3, 1, 2, 0, 1, 0, 0, 0, 0, 1, 0, 0, 1, 0, 0, 3, 1, 0, 0, 0, 3, 1, 0, 2, 0, 0, 0, 1, 0, 0, 2, 0, 3, 0, 1, 0, 0, 0, 1, 1, 1, 2, 0, 0, 0, 2, 1, 0, 0, 0, 1, 3, 0, 0, 1, 0, 0, 1, 2, 0, 1, 1, 0, 2, 0, 1, 0, 1, 1, 1, 1, 1, 3, 0, 0, 3, 0, 0, 2, 0, 0, 0, 1, 1, 3, 0, 0, 0, 1, 0, 0, 2, 0, 1, 1, 0, 0, 0, 2, 0],715.7913946700162,58060.95961022334,95287.06515100288,true
46,G2_TEC,G2_TEC,[31, 22, 82, 15, 26, 9, 95, 42, 77, 68, 47, 5, 93, 78, 86, 54, 85, 63, 18, 44, 20, 49, 36, 14, 74, 50, 53, 17, 21, 28, 11, 64, 3, 23, 30, 83, 24, 41, 40, 52, 65, 27, 90, 70, 39, 87, 48, 69, 99, 4, 75, 1, 13, 58, 97, 59, 45, 8, 73, 37, 35, 79, 71, 66, 76, 32, 60, 80, 56, 6, 67, 61, 33, 7, 57, 34, 12, 16, 10, 98, 96, 88, 43, 81, 91, 2, 84, 29, 92, 19, 51, 55, 46, 89, 25, 72, 94, 38, 62, 0]|[2, 1, 2, 1, 1, 2, 1, 1, 1, 1, 1, 0, 2, 2, 1, 2, 0, 0, 0, 2, 2, 1, 0, 2, 0, 2, 2, 1, 0, 1, 1, 1, 0, 0, 1, 0, 2, 1, 2, 2, 0, 0, 1, 1, 0, 2, 0, 2, 1, 0, 0, 2, 0, 0, 2, 0, 1, 1, 0, 0, 2, 1, 1, 2, 2, 0, 2, 2, 2, 1, 2, 1, 1, 2, 0, 1, 1, 2, 1, 2, 0, 1, 1, 1, 1, 0, 0, 1, 0, 1, 1, 0, 0, 1, 1, 1, 2, 0, 1, 2]|[0, 3, 0, 3, 4, 1, 4, 4, 2, 4, 3, 2, 1, 0, 2, 1, 1, 1, 2, 1, 1, 3, 0, 1, 0, 1, 1, 4, 1, 4, 3, 2, 2, 0, 4, 1, 1, 4, 1, 1, 2, 1, 4, 4, 1, 1, 0, 1, 3, 2, 2, 1, 2, 1, 1, 2, 4, 3, 0, 2, 2, 3, 3, 1, 1, 2, 1, 1, 1, 4, 1, 3, 4, 1, 2, 4, 3, 1, 3, 1, 2, 4, 4, 4, 3, 2, 2, 3, 2, 4, 3, 2, 2, 4, 4, 4, 1, 2, 3, 1]|[0, 2, 0, 0, 3, 0, 1, 3, 0, 0, 2, 0, 1, 0, 1, 0, 0, 0, 1, 0, 0, 2, 0, 0, 1, 0, 0, 3, 0, 1, 0, 2, 0, 0, 3, 0, 1, 1, 0, 0, 0, 0, 1, 3, 0, 0, 1, 0, 2, 0, 0, 0, 0, 0, 1, 0, 1, 0, 1, 1, 0, 2, 0, 0, 0, 0, 0, 0, 0, 2, 0, 0, 1, 0, 0, 1, 0, 0, 3, 0, 0, 1, 2, 2, 0, 0, 0, 3, 0, 1, 0, 0, 0, 1, 3, 1, 0, 0, 0, 0],900.0760482104305,49104.85573898611,106612.48357517918,false
46,G3_TWC,G3_TWC,[31, 22, 42, 15, 26, 58, 95, 82, 77, 12, 47, 5, 93, 78, 98, 54, 85, 63, 18, 44, 20, 35, 43, 97, 91, 76, 10, 30, 21, 45, 71, 64, 1, 23, 17, 83, 24, 61, 60, 36, 6, 57, 94, 88, 65, 56, 79, 40, 67, 68, 46, 75, 38, 9, 19, 32, 81, 41, 27, 62, 87, 90, 99, 59, 11, 16, 72, 73, 70, 39, 37, 84, 3, 92, 25, 74, 28, 29, 51, 7, 53, 14, 86, 48, 89, 50, 66, 96, 33, 80, 4, 8, 34, 49, 52, 0, 13, 2, 69, 55]|[1, 1, 0, 1, 1, 1, 2, 1, 2, 1, 2, 2, 2, 1, 1, 0, 0, 1, 0, 2, 2, 0, 1, 2, 0, 1, 2, 2, 0, 0, 1, 2, 1, 2, 1, 0, 2, 0, 1, 1, 0, 1, 1, 1, 0, 2, 1, 1, 0, 0, 0, 0, 1, 1, 2, 1, 2, 0, 0, 0, 2, 1, 0, 1, 2, 1, 2, 1, 1, 1, 1, 1, 2, 0, 1, 2, 0, 0, 0, 1, 0, 1, 0, 0, 1, 0, 0, 0, 2, 0, 0, 1, 2, 0, 1, 0, 0, 0, 1, 1]|[4, 3, 2, 2, 0, 0, 2, 2, 2, 4, 1, 1, 2, 4, 4, 1, 1, 4, 2, 1, 1, 1, 1, 2, 1, 2, 1, 1, 1, 1, 3, 2, 3, 0, 4, 0, 1, 1, 0, 3, 2, 2, 4, 0, 1, 1, 0, 2, 0, 1, 2, 2, 1, 4, 0, 3, 2, 1, 1, 2, 1, 3, 1, 1, 1, 3, 0, 4, 3, 1, 4, 1, 1, 2, 4, 1, 2, 1, 1, 3, 2, 3, 1, 1, 1, 1, 1, 1, 1, 1, 2, 3, 1, 1, 1, 2, 2, 2, 3, 4]|[0, 2, 1, 1, 3, 3, 0, 1, 0, 0, 0, 0, 1, 0, 1, 0, 0, 3, 1, 0, 0, 0, 3, 1, 0, 2, 0, 0, 0, 1, 0, 0, 0, 0, 3, 0, 1, 0, 0, 2, 1, 1, 2, 0, 0, 0, 0, 1, 1, 0, 0, 0, 1, 3, 0, 0, 1, 0, 0, 1, 0, 2, 0, 1, 0, 2, 1, 0, 0, 1, 1, 3, 0, 1, 3, 0, 1, 0, 0, 2, 1, 0, 0, 0, 1, 0, 0, 0, 0, 0, 1, 2, 0, 1, 1, 0, 0, 0, 0, 3],804.6875225521468,57746.82533348298,88068.50778672317,false
46,G1_CMAX,G1_CMAX,[31, 22, 90, 26, 58, 95, 42, 12, 93, 5, 78, 86, 98, 18, 20, 35, 3, 97, 91, 76, 10, 85, 54, 45, 63, 71, 66, 1, 23, 17, 24, 60, 36, 6, 57, 15, 65, 56, 47, 79, 94, 67, 50, 46, 14, 75, 38, 9, 30, 19, 32, 81, 27, 92, 83, 87, 40, 99, 59, 11, 53, 16, 72, 77, 73, 70, 39, 37, 84, 43, 62, 25, 55, 28, 29, 51, 68, 82, 74, 61, 88, 21, 80, 89, 7, 69, 96, 41, 48, 4, 8, 34, 49, 52, 0, 44, 13, 2, 64, 33]|[1, 1, 1, 1, 0, 2, 1, 1, 2, 2, 2, 1, 0, 1, 2, 2, 1, 2, 0, 1, 2, 2, 2, 0, 0, 1, 2, 1, 2, 1, 2, 1, 1, 0, 1, 1, 0, 2, 2, 1, 1, 0, 0, 0, 0, 1, 1, 1, 1, 2, 1, 2, 2, 0, 0, 2, 1, 0, 0, 2, 0, 1, 2, 2, 1, 1, 1, 1, 1, 1, 0, 1, 1, 0, 0, 0, 0, 0, 2, 1, 1, 0, 0, 1, 1, 1, 2, 2, 0, 1, 1, 2, 0, 1, 0, 0, 0, 0, 2, 2]|[0, 4, 3, 0, 1, 1, 2, 4, 1, 1, 2, 4, 1, 4, 1, 1, 1, 2, 2, 2, 2, 1, 1, 1, 2, 3, 2, 3, 0, 4, 1, 0, 3, 2, 2, 2, 1, 1, 1, 0, 2, 0, 1, 2, 1, 3, 1, 4, 2, 0, 3, 2, 1, 2, 1, 1, 4, 1, 1, 1, 2, 3, 0, 2, 4, 3, 1, 4, 1, 1, 1, 4, 4, 2, 1, 1, 1, 2, 1, 3, 0, 1, 1, 1, 1, 3, 1, 1, 1, 4, 3, 1, 1, 1, 2, 2, 2, 2, 1, 1]|[3, 0, 2, 3, 0, 0, 1, 0, 0, 0, 1, 0, 0, 3, 0, 0, 1, 1, 1, 2, 1, 0, 0, 0, 0, 0, 0, 0, 0, 3, 1, 0, 2, 1, 1, 1, 0, 0, 0, 0, 1, 1, 0, 0, 0, 0, 1, 3, 2, 0, 0, 1, 0, 1, 0, 0, 2, 0, 0, 0, 1, 2, 1, 1, 0, 0, 1, 1, 3, 3, 0, 3, 3, 1, 0, 0, 0, 1, 0, 0, 0, 0, 0, 1, 2, 2, 0, 0, 0, 0, 2, 0, 1, 1, 0, 0, 0, 0, 0, 0],705.0470749739228,58445.79123614564,95781.2895945797,false
46,G4_BALANCED,G4_BALANCED,[31, 11, 82, 15, 26, 9, 95, 42, 77, 68, 47, 5, 93, 78, 86, 54, 85, 63, 76, 44, 20, 49, 36, 14, 74, 50, 53, 17, 21, 45, 71, 64, 3, 23, 30, 83, 24, 41, 60, 52, 65, 27, 90, 70, 39, 87, 48, 69, 99, 4, 46, 1, 13, 58, 97, 59, 28, 75, 73, 37, 35, 79, 22, 66, 18, 32, 40, 80, 96, 6, 56, 61, 33, 7, 57, 34, 12, 67, 10, 98, 16, 88, 29, 8, 91, 38, 19, 92, 72, 84, 51, 43, 81, 25, 2, 55, 0, 94, 89, 62]|[2, 1, 2, 1, 1, 2, 1, 1, 1, 1, 1, 0, 2, 2, 1, 2, 0, 0, 0, 2, 2, 1, 0, 2, 0, 2, 2, 1, 0, 1, 1, 1, 0, 0, 1, 0, 2, 1, 2, 2, 0, 0, 1, 1, 0, 2, 0, 2, 1, 0, 0, 2, 0, 0, 2, 0, 1, 0, 0, 0, 2, 1, 0, 2, 2, 0, 2, 2, 0, 1, 2, 1, 1, 2, 0, 1, 1, 1, 1, 2, 2, 1, 1, 1, 1, 0, 1, 0, 1, 0, 1, 1, 1, 1, 2, 0, 0, 2, 1, 1]|[0, 3, 0, 2, 4, 1, 4, 4, 2, 4, 3, 2, 1, 0, 2, 1, 1, 1, 2, 1, 1, 3, 0, 1, 0, 1, 1, 4, 1, 4, 3, 2, 2, 0, 4, 1, 1, 4, 0, 1, 2, 1, 4, 4, 1, 1, 0, 2, 3, 1, 2, 1, 2, 1, 1, 2, 4, 2, 0, 2, 2, 3, 1, 0, 1, 2, 0, 1, 2, 4, 1, 3, 4, 1, 2, 4, 3, 3, 3, 1, 1, 4, 3, 3, 3, 2, 4, 2, 4, 2, 3, 4, 1, 4, 1, 2, 2, 1, 4, 3]|[0, 2, 0, 1, 3, 0, 1, 3, 0, 0, 2, 0, 1, 0, 1, 0, 0, 0, 1, 0, 0, 2, 0, 0, 1, 0, 0, 3, 0, 1, 0, 2, 0, 1, 3, 0, 1, 3, 1, 0, 0, 0, 1, 3, 0, 0, 1, 0, 2, 0, 0, 0, 0, 0, 1, 0, 1, 0, 1, 1, 0, 2, 0, 0, 0, 0, 0, 0, 0, 2, 0, 0, 1, 0, 0, 1, 0, 0, 3, 0, 0, 1, 0, 0, 0, 0, 3, 0, 2, 0, 0, 2, 1, 3, 0, 0, 0, 0, 1, 0],839.7308016558047,52103.26715956506,108081.52425448055,false
46,G2_TEC,G2_TEC,[31, 22, 82, 15, 26, 9, 95, 42, 77, 68, 47, 5, 93, 78, 86, 54, 85, 63, 18, 44, 20, 49, 36, 14, 74, 50, 53, 17, 21, 28, 11, 64, 3, 23, 30, 83, 24, 41, 40, 52, 65, 27, 90, 70, 39, 87, 48, 69, 99, 4, 75, 1, 13, 58, 97, 59, 45, 8, 73, 37, 35, 79, 71, 66, 76, 32, 60, 80, 56, 6, 67, 61, 33, 7, 57, 34, 12, 16, 10, 98, 96, 88, 43, 81, 91, 2, 84, 29, 92, 19, 51, 55, 46, 89, 25, 72, 94, 38, 62, 0]|[2, 1, 2, 1, 1, 2, 1, 1, 1, 1, 1, 0, 2, 2, 1, 2, 0, 0, 0, 2, 2, 1, 0, 2, 0, 2, 2, 1, 0, 1, 1, 1, 0, 0, 1, 0, 2, 1, 2, 2, 0, 0, 1, 1, 0, 2, 0, 2, 1, 0, 0, 2, 0, 0, 2, 0, 1, 1, 0, 0, 2, 1, 1, 2, 2, 0, 2, 2, 2, 1, 2, 1, 1, 2, 0, 1, 1, 2, 1, 2, 0, 1, 1, 1, 1, 0, 0, 1, 0, 1, 1, 0, 0, 1, 1, 1, 2, 0, 1, 2]|[0, 3, 0, 3, 4, 1, 4, 4, 2, 4, 3, 2, 1, 0, 2, 1, 1, 1, 2, 1, 1, 3, 0, 1, 0, 1, 1, 4, 1, 4, 3, 2, 2, 0, 4, 1, 1, 4, 1, 1, 2, 1, 4, 4, 1, 1, 0, 1, 3, 2, 2, 1, 2, 1, 1, 2, 4, 3, 0, 2, 2, 3, 3, 1, 1, 2, 1, 1, 1, 4, 1, 3, 4, 1, 2, 4, 3, 1, 3, 1, 2, 4, 4, 4, 3, 2, 2, 3, 2, 4, 3, 2, 2, 4, 4, 4, 1, 2, 3, 1]|[0, 2, 0, 0, 3, 0, 1, 3, 0, 0, 2, 0, 1, 0, 1, 0, 0, 0, 1, 0, 0, 2, 0, 0, 1, 0, 0, 3, 0, 1, 0, 2, 0, 0, 3, 0, 1, 1, 0, 0, 0, 0, 1, 3, 0, 0, 1, 0, 2, 0, 0, 0, 0, 0, 1, 0, 1, 0, 1, 1, 0, 2, 0, 0, 0, 0, 0, 0, 0, 2, 0, 0, 1, 0, 0, 1, 0, 0, 3, 0, 0, 1, 2, 2, 0, 0, 0, 3, 0, 1, 0, 0, 0, 1, 3, 1, 0, 0, 0, 0],900.0760482104305,49104.85573898611,106612.48357517918,false
46,G3_TWC,G3_TWC,[31, 22, 42, 15, 26, 58, 95, 82, 77, 12, 47, 5, 93, 78, 98, 54, 85, 63, 18, 44, 20, 35, 43, 97, 91, 76, 10, 30, 21, 45, 71, 64, 1, 23, 17, 83, 24, 61, 60, 36, 6, 57, 94, 88, 65, 56, 79, 40, 67, 68, 46, 75, 38, 9, 19, 32, 81, 41, 27, 62, 87, 90, 99, 59, 11, 16, 72, 73, 70, 39, 37, 84, 3, 92, 25, 74, 28, 29, 51, 7, 53, 14, 86, 48, 89, 50, 66, 96, 33, 80, 4, 8, 34, 49, 52, 0, 13, 2, 69, 55]|[1, 1, 0, 1, 1, 1, 2, 1, 2, 1, 2, 2, 2, 1, 1, 0, 0, 1, 0, 2, 2, 0, 1, 2, 0, 1, 2, 2, 0, 0, 1, 2, 1, 2, 1, 0, 2, 0, 1, 1, 0, 1, 1, 1, 0, 2, 1, 1, 0, 0, 0, 0, 1, 1, 2, 1, 2, 0, 0, 0, 2, 1, 0, 1, 2, 1, 2, 1, 1, 1, 1, 1, 2, 0, 1, 2, 0, 0, 0, 1, 0, 1, 0, 0, 1, 0, 0, 0, 2, 0, 0, 1, 2, 0, 1, 0, 0, 0, 1, 1]|[4, 3, 2, 2, 0, 0, 2, 2, 2, 4, 1, 1, 2, 4, 4, 1, 1, 4, 2, 1, 1, 1, 1, 2, 1, 2, 1, 1, 1, 1, 3, 2, 3, 0, 4, 0, 1, 1, 0, 3, 2, 2, 4, 0, 1, 1, 0, 2, 0, 1, 2, 2, 1, 4, 0, 3, 2, 1, 1, 2, 1, 3, 1, 1, 1, 3, 0, 4, 3, 1, 4, 1, 1, 2, 4, 1, 2, 1, 1, 3, 2, 3, 1, 1, 1, 1, 1, 1, 1, 1, 2, 3, 1, 1, 1, 2, 2, 2, 3, 4]|[0, 2, 1, 1, 3, 3, 0, 1, 0, 0, 0, 0, 1, 0, 1, 0, 0, 3, 1, 0, 0, 0, 3, 1, 0, 2, 0, 0, 0, 1, 0, 0, 0, 0, 3, 0, 1, 0, 0, 2, 1, 1, 2, 0, 0, 0, 0, 1, 1, 0, 0, 0, 1, 3, 0, 0, 1, 0, 0, 1, 0, 2, 0, 1, 0, 2, 1, 0, 0, 1, 1, 3, 0, 1, 3, 0, 1, 0, 0, 2, 1, 0, 0, 0, 1, 0, 0, 0, 0, 0, 1, 2, 0, 1, 1, 0, 0, 0, 0, 3],804.6875225521468,57746.82533348298,88068.50778672317,false
46,G1_CMAX,G1_CMAX,[31, 22, 90, 26, 58, 95, 42, 12, 93, 5, 78, 86, 98, 18, 20, 35, 3, 97, 91, 76, 10, 85, 54, 45, 63, 71, 66, 1, 23, 17, 24, 60, 36, 6, 57, 15, 65, 56, 47, 79, 94, 67, 50, 46, 14, 75, 38, 9, 30, 19, 32, 81, 27, 92, 83, 87, 40, 99, 59, 11, 53, 16, 72, 77, 73, 70, 39, 37, 84, 43, 62, 25, 55, 28, 29, 51, 68, 82, 74, 61, 88, 21, 80, 89, 7, 69, 96, 41, 48, 4, 8, 34, 49, 52, 0, 44, 13, 2, 64, 33]|[1, 1, 1, 1, 0, 2, 1, 1, 2, 2, 2, 1, 0, 1, 2, 2, 1, 2, 0, 1, 2, 2, 2, 0, 0, 1, 2, 1, 2, 1, 2, 1, 1, 0, 1, 1, 0, 2, 2, 1, 1, 0, 0, 0, 0, 1, 1, 1, 1, 2, 1, 2, 2, 0, 0, 2, 1, 0, 0, 2, 0, 1, 2, 2, 1, 1, 1, 1, 1, 1, 0, 1, 1, 0, 0, 0, 0, 0, 2, 1, 1, 0, 0, 1, 1, 1, 2, 2, 0, 1, 1, 2, 0, 1, 0, 0, 0, 0, 2, 2]|[0, 4, 3, 0, 1, 1, 2, 4, 1, 1, 2, 4, 1, 4, 1, 1, 1, 2, 2, 2, 2, 1, 1, 1, 2, 3, 2, 3, 0, 4, 1, 0, 3, 2, 2, 2, 1, 1, 1, 0, 2, 0, 1, 2, 1, 3, 1, 4, 2, 0, 3, 2, 1, 2, 1, 1, 4, 1, 1, 1, 2, 3, 0, 2, 4, 3, 1, 4, 1, 1, 1, 4, 4, 2, 1, 1, 1, 2, 1, 3, 0, 1, 1, 1, 1, 3, 1, 1, 1, 4, 3, 1, 1, 1, 2, 2, 2, 2, 1, 1]|[3, 0, 2, 3, 0, 0, 1, 0, 0, 0, 1, 0, 0, 3, 0, 0, 1, 1, 1, 2, 1, 0, 0, 0, 0, 0, 0, 0, 0, 3, 1, 0, 2, 1, 1, 1, 0, 0, 0, 0, 1, 1, 0, 0, 0, 0, 1, 3, 2, 0, 0, 1, 0, 1, 0, 0, 2, 0, 0, 0, 1, 2, 1, 1, 0, 0, 1, 1, 3, 3, 0, 3, 3, 1, 0, 0, 0, 1, 0, 0, 0, 0, 0, 1, 2, 2, 0, 0, 0, 0, 2, 0, 1, 1, 0, 0, 0, 0, 0, 0],705.0470749739228,58445.79123614564,95781.2895945797,false
46,G4_BALANCED,G4_BALANCED,[31, 22, 82, 15, 26, 9, 95, 42, 77, 68, 47, 5, 93, 78, 86, 54, 85, 63, 18, 44, 20, 49, 36, 14, 74, 50, 53, 17, 21, 28, 11, 64, 3, 23, 30, 83, 24, 41, 40, 52, 65, 27, 90, 70, 39, 87, 48, 69, 99, 4, 75, 1, 13, 58, 97, 59, 45, 8, 73, 37, 35, 79, 71, 66, 76, 32, 60, 80, 56, 6, 67, 61, 33, 7, 57, 34, 12, 16, 10, 98, 96, 88, 43, 46, 91, 38, 84, 29, 92, 19, 51, 55, 81, 89, 72, 25, 94, 2, 62, 0]|[2, 1, 2, 1, 1, 2, 1, 1, 1, 1, 1, 0, 2, 2, 1, 2, 0, 0, 0, 2, 2, 1, 0, 2, 0, 2, 2, 1, 0, 1, 1, 1, 0, 0, 1, 0, 2, 1, 2, 2, 0, 0, 1, 1, 0, 2, 0, 2, 1, 0, 0, 2, 0, 0, 2, 0, 1, 1, 0, 0, 2, 1, 1, 2, 2, 0, 2, 2, 0, 1, 2, 1, 1, 2, 0, 1, 1, 2, 1, 2, 0, 1, 1, 0, 1, 0, 0, 1, 0, 1, 1, 0, 1, 1, 1, 1, 2, 0, 1, 0]|[0, 3, 0, 3, 4, 1, 4, 4, 2, 4, 3, 2, 1, 0, 2, 1, 1, 1, 2, 1, 1, 3, 0, 1, 0, 1, 1, 4, 1, 4, 3, 2, 2, 0, 4, 1, 1, 4, 1, 1, 2, 1, 4, 4, 1, 1, 0, 1, 3, 2, 2, 1, 2, 1, 1, 2, 4, 3, 0, 2, 2, 3, 3, 1, 1, 2, 1, 1, 2, 4, 1, 3, 4, 1, 2, 4, 3, 1, 3, 1, 2, 4, 4, 2, 3, 2, 2, 3, 2, 4, 3, 2, 4, 4, 4, 4, 1, 2, 3, 2]|[0, 2, 0, 0, 3, 0, 1, 3, 0, 0, 2, 0, 1, 0, 1, 0, 0, 0, 1, 0, 0, 2, 0, 0, 1, 0, 0, 3, 0, 1, 0, 2, 0, 0, 3, 0, 1, 1, 0, 0, 0, 0, 1, 3, 0, 0, 1, 0, 2, 0, 0, 0, 0, 1, 1, 0, 1, 0, 1, 1, 0, 2, 0, 0, 0, 0, 0, 0, 0, 2, 0, 0, 1, 0, 0, 1, 0, 0, 3, 0, 0, 1, 2, 0, 0, 0, 0, 3, 0, 1, 0, 0, 2, 1, 1, 3, 0, 0, 0, 0],926.7745737981588,49563.50743749481,104258.61823556236,false
46,G2_TEC,G2_TEC,[31, 22, 82, 15, 26, 9, 95, 42, 77, 68, 47, 5, 93, 78, 86, 54, 85, 63, 18, 44, 20, 49, 36, 14, 74, 50, 53, 17, 21, 28, 11, 64, 3, 23, 30, 83, 24, 41, 40, 52, 65, 27, 90, 70, 39, 87, 48, 69, 99, 4, 75, 1, 13, 58, 97, 59, 45, 8, 73, 37, 35, 79, 71, 66, 76, 32, 60, 80, 56, 6, 67, 61, 33, 7, 57, 34, 12, 16, 10, 98, 96, 88, 43, 81, 91, 2, 84, 29, 92, 19, 51, 55, 46, 89, 25, 72, 94, 38, 62, 0]|[2, 1, 2, 1, 1, 2, 1, 1, 1, 1, 1, 0, 2, 2, 1, 2, 0, 0, 0, 2, 2, 1, 0, 2, 0, 2, 2, 1, 0, 1, 1, 1, 0, 0, 1, 0, 2, 1, 2, 2, 0, 0, 1, 1, 0, 2, 0, 2, 1, 0, 0, 2, 0, 0, 2, 0, 1, 1, 0, 0, 2, 1, 1, 2, 2, 0, 2, 2, 2, 1, 2, 1, 1, 2, 0, 1, 1, 2, 1, 2, 0, 1, 1, 1, 1, 0, 0, 1, 0, 1, 1, 0, 0, 1, 1, 1, 2, 0, 1, 2]|[0, 3, 0, 3, 4, 1, 4, 4, 2, 4, 3, 2, 1, 0, 2, 1, 1, 1, 2, 1, 1, 3, 0, 1, 0, 1, 1, 4, 1, 4, 3, 2, 2, 0, 4, 1, 1, 4, 1, 1, 2, 1, 4, 4, 1, 1, 0, 1, 3, 2, 2, 1, 2, 1, 1, 2, 4, 3, 0, 2, 2, 3, 3, 1, 1, 2, 1, 1, 1, 4, 1, 3, 4, 1, 2, 4, 3, 1, 3, 1, 2, 4, 4, 4, 3, 2, 2, 3, 2, 4, 3, 2, 2, 4, 4, 4, 1, 2, 3, 1]|[0, 2, 0, 0, 3, 0, 1, 3, 0, 0, 2, 0, 1, 0, 1, 0, 0, 0, 1, 0, 0, 2, 0, 0, 1, 0, 0, 3, 0, 1, 0, 2, 0, 0, 3, 0, 1, 1, 0, 0, 0, 0, 1, 3, 0, 0, 1, 0, 2, 0, 0, 0, 0, 0, 1, 0, 1, 0, 1, 1, 0, 2, 0, 0, 0, 0, 0, 0, 0, 2, 0, 0, 1, 0, 0, 1, 0, 0, 3, 0, 0, 1, 2, 2, 0, 0, 0, 3, 0, 1, 0, 0, 0, 1, 3, 1, 0, 0, 0, 0],900.0760482104305,49104.85573898611,106612.48357517918,false
46,G3_TWC,G3_TWC,[31, 22, 42, 15, 26, 58, 95, 82, 77, 12, 47, 5, 93, 78, 98, 54, 85, 63, 18, 44, 20, 35, 43, 97, 91, 76, 10, 30, 21, 45, 71, 64, 1, 23, 17, 83, 24, 61, 60, 36, 6, 57, 94, 88, 65, 56, 79, 40, 67, 68, 46, 75, 38, 9, 19, 32, 81, 41, 27, 62, 87, 90, 99, 59, 11, 16, 72, 73, 70, 39, 37, 84, 3, 92, 25, 74, 28, 29, 51, 7, 53, 14, 86, 48, 89, 50, 66, 96, 33, 80, 4, 8, 34, 49, 52, 0, 13, 2, 69, 55]|[1, 1, 0, 1, 1, 1, 2, 1, 2, 1, 2, 2, 2, 1, 1, 0, 0, 1, 0, 2, 2, 0, 1, 2, 0, 1, 2, 2, 0, 0, 1, 2, 1, 2, 1, 0, 2, 0, 1, 1, 0, 1, 1, 1, 0, 2, 1, 1, 0, 0, 0, 0, 1, 1, 2, 1, 2, 0, 0, 0, 2, 1, 0, 1, 2, 1, 2, 1, 1, 1, 1, 1, 2, 0, 1, 2, 0, 0, 0, 1, 0, 1, 0, 0, 1, 0, 0, 0, 2, 0, 0, 1, 2, 0, 1, 0, 0, 0, 1, 1]|[4, 3, 2, 2, 0, 0, 2, 2, 2, 4, 1, 1, 2, 4, 4, 1, 1, 4, 2, 1, 1, 1, 1, 2, 1, 2, 1, 1, 1, 1, 3, 2, 3, 0, 4, 0, 1, 1, 0, 3, 2, 2, 4, 0, 1, 1, 0, 2, 0, 1, 2, 2, 1, 4, 0, 3, 2, 1, 1, 2, 1, 3, 1, 1, 1, 3, 0, 4, 3, 1, 4, 1, 1, 2, 4, 1, 2, 1, 1, 3, 2, 3, 1, 1, 1, 1, 1, 1, 1, 1, 2, 3, 1, 1, 1, 2, 2, 2, 3, 4]|[0, 2, 1, 1, 3, 3, 0, 1, 0, 0, 0, 0, 1, 0, 1, 0, 0, 3, 1, 0, 0, 0, 3, 1, 0, 2, 0, 0, 0, 1, 0, 0, 0, 0, 3, 0, 1, 0, 0, 2, 1, 1, 2, 0, 0, 0, 0, 1, 1, 0, 0, 0, 1, 3, 0, 0, 1, 0, 0, 1, 0, 2, 0, 1, 0, 2, 1, 0, 0, 1, 1, 3, 0, 1, 3, 0, 1, 0, 0, 2, 1, 0, 0, 0, 1, 0, 0, 0, 0, 0, 1, 2, 0, 1, 1, 0, 0, 0, 0, 3],804.6875225521468,57746.82533348298,88068.50778672317,false
46,G1_CMAX,G1_CMAX,[31, 22, 90, 26, 58, 95, 42, 12, 93, 5, 78, 86, 98, 18, 20, 35, 3, 97, 91, 76, 10, 85, 54, 45, 63, 71, 66, 1, 23, 17, 24, 60, 36, 6, 57, 15, 65, 56, 47, 79, 94, 67, 50, 46, 14, 75, 38, 9, 30, 19, 32, 81, 27, 92, 83, 87, 40, 99, 59, 11, 53, 16, 72, 77, 73, 70, 39, 37, 84, 43, 62, 25, 55, 28, 29, 51, 68, 82, 74, 61, 88, 21, 80, 89, 7, 69, 96, 41, 48, 4, 8, 34, 49, 52, 0, 44, 13, 2, 64, 33]|[1, 1, 1, 1, 0, 2, 1, 1, 2, 2, 2, 1, 0, 1, 2, 2, 1, 2, 0, 1, 2, 2, 2, 0, 0, 1, 2, 1, 2, 1, 2, 1, 1, 0, 1, 1, 0, 2, 2, 1, 1, 0, 0, 0, 0, 1, 1, 1, 1, 2, 1, 2, 2, 0, 0, 2, 1, 0, 0, 2, 0, 1, 2, 2, 1, 1, 1, 1, 1, 1, 0, 1, 1, 0, 0, 0, 0, 0, 2, 1, 1, 0, 0, 1, 1, 1, 2, 2, 0, 1, 1, 2, 0, 1, 0, 0, 0, 0, 2, 2]|[0, 4, 3, 0, 1, 1, 2, 4, 1, 1, 2, 4, 1, 4, 1, 1, 1, 2, 2, 2, 2, 1, 1, 1, 2, 3, 2, 3, 0, 4, 1, 0, 3, 2, 2, 2, 1, 1, 1, 0, 2, 0, 1, 2, 1, 3, 1, 4, 2, 0, 3, 2, 1, 2, 1, 1, 4, 1, 1, 1, 2, 3, 0, 2, 4, 3, 1, 4, 1, 1, 1, 4, 4, 2, 1, 1, 1, 2, 1, 3, 0, 1, 1, 1, 1, 3, 1, 1, 1, 4, 3, 1, 1, 1, 2, 2, 2, 2, 1, 1]|[3, 0, 2, 3, 0, 0, 1, 0, 0, 0, 1, 0, 0, 3, 0, 0, 1, 1, 1, 2, 1, 0, 0, 0, 0, 0, 0, 0, 0, 3, 1, 0, 2, 1, 1, 1, 0, 0, 0, 0, 1, 1, 0, 0, 0, 0, 1, 3, 2, 0, 0, 1, 0, 1, 0, 0, 2, 0, 0, 0, 1, 2, 1, 1, 0, 0, 1, 1, 3, 3, 0, 3, 3, 1, 0, 0, 0, 1, 0, 0, 0, 0, 0, 1, 2, 2, 0, 0, 0, 0, 2, 0, 1, 1, 0, 0, 0, 0, 0, 0],705.0470749739228,58445.79123614564,95781.2895945797,false
46,G4_BALANCED,G3_TWC,[31, 22, 82, 15, 26, 58, 95, 42, 77, 12, 47, 5, 93, 78, 98, 54, 85, 63, 18, 44, 20, 35, 43, 97, 91, 76, 10, 30, 21, 45, 71, 64, 1, 23, 17, 83, 24, 14, 60, 36, 6, 57, 94, 88, 65, 56, 79, 40, 67, 68, 46, 75, 38, 9, 55, 32, 81, 41, 27, 62, 87, 90, 99, 59, 28, 16, 72, 73, 70, 39, 37, 84, 3, 92, 25, 19, 11, 29, 51, 7, 33, 61, 86, 66, 89, 50, 69, 96, 53, 80, 4, 8, 48, 49, 52, 2, 13, 0, 34, 74]|[1, 1, 0, 1, 1, 1, 2, 1, 2, 1, 2, 2, 2, 1, 1, 0, 0, 1, 0, 2, 2, 0, 1, 2, 0, 1, 2, 2, 0, 0, 1, 2, 1, 2, 1, 0, 2, 0, 1, 1, 0, 1, 1, 1, 0, 2, 1, 1, 0, 0, 0, 0, 1, 1, 2, 1, 2, 0, 0, 0, 2, 1, 0, 1, 0, 1, 2, 1, 1, 1, 1, 1, 2, 0, 1, 1, 2, 0, 0, 1, 2, 1, 0, 2, 1, 0, 1, 2, 0, 0, 0, 1, 0, 0, 1, 0, 0, 0, 2, 2]|[4, 3, 2, 2, 0, 0, 2, 2, 2, 4, 1, 1, 2, 4, 4, 1, 1, 4, 2, 1, 1, 1, 1, 2, 1, 2, 1, 1, 1, 1, 3, 2, 3, 1, 4, 0, 2, 1, 0, 3, 2, 2, 4, 0, 1, 1, 0, 2, 0, 1, 2, 2, 1, 4, 0, 3, 2, 1, 1, 2, 1, 3, 1, 1, 2, 3, 0, 4, 3, 1, 4, 1, 1, 2, 4, 4, 1, 1, 1, 3, 1, 3, 1, 1, 1, 1, 3, 1, 2, 1, 2, 3, 1, 1, 1, 2, 2, 2, 1, 1]|[0, 2, 1, 1, 3, 3, 0, 1, 0, 0, 0, 0, 1, 0, 1, 0, 0, 3, 1, 0, 0, 0, 3, 1, 0, 2, 0, 0, 0, 1, 0, 0, 0, 0, 3, 0, 1, 0, 0, 2, 1, 1, 2, 0, 0, 0, 0, 1, 1, 0, 0, 0, 1, 3, 0, 0, 1, 0, 0, 1, 0, 2, 0, 1, 1, 2, 1, 0, 0, 1, 1, 3, 0, 1, 3, 3, 0, 0, 0, 2, 0, 0, 0, 0, 1, 0, 0, 0, 1, 0, 1, 2, 0, 1, 1, 0, 0, 0, 0, 0],773.8652057064894,57595.629608963674,89824.21777920666,true
46,G2_TEC,G2_TEC,[31, 22, 82, 15, 26, 9, 95, 42, 77, 68, 47, 5, 93, 78, 86, 54, 85, 63, 18, 44, 20, 49, 36, 14, 74, 50, 53, 17, 21, 28, 11, 64, 3, 23, 30, 83, 24, 41, 40, 52, 65, 27, 90, 70, 39, 87, 48, 69, 99, 4, 75, 1, 13, 58, 97, 59, 45, 8, 73, 37, 35, 79, 71, 66, 76, 32, 60, 80, 56, 6, 67, 61, 33, 7, 57, 34, 12, 16, 10, 98, 96, 88, 43, 81, 91, 2, 84, 29, 92, 19, 51, 55, 46, 89, 25, 72, 94, 38, 62, 0]|[2, 1, 2, 1, 1, 2, 1, 1, 1, 1, 1, 0, 2, 2, 1, 2, 0, 0, 0, 2, 2, 1, 0, 2, 0, 2, 2, 1, 0, 1, 1, 1, 0, 0, 1, 0, 2, 1, 2, 2, 0, 0, 1, 1, 0, 2, 0, 2, 1, 0, 0, 2, 0, 0, 2, 0, 1, 1, 0, 0, 2, 1, 1, 2, 2, 0, 2, 2, 2, 1, 2, 1, 1, 2, 0, 1, 1, 2, 1, 2, 0, 1, 1, 1, 1, 0, 0, 1, 0, 1, 1, 0, 0, 1, 1, 1, 2, 0, 1, 2]|[0, 3, 0, 3, 4, 1, 4, 4, 2, 4, 3, 2, 1, 0, 2, 1, 1, 1, 2, 1, 1, 3, 0, 1, 0, 1, 1, 4, 1, 4, 3, 2, 2, 0, 4, 1, 1, 4, 1, 1, 2, 1, 4, 4, 1, 1, 0, 1, 3, 2, 2, 1, 2, 1, 1, 2, 4, 3, 0, 2, 2, 3, 3, 1, 1, 2, 1, 1, 1, 4, 1, 3, 4, 1, 2, 4, 3, 1, 3, 1, 2, 4, 4, 4, 3, 2, 2, 3, 2, 4, 3, 2, 2, 4, 4, 4, 1, 2, 3, 1]|[0, 2, 0, 0, 3, 0, 1, 3, 0, 0, 2, 0, 1, 0, 1, 0, 0, 0, 1, 0, 0, 2, 0, 0, 1, 0, 0, 3, 0, 1, 0, 2, 0, 0, 3, 0, 1, 1, 0, 0, 0, 0, 1, 3, 0, 0, 1, 0, 2, 0, 0, 0, 0, 0, 1, 0, 1, 0, 1, 1, 0, 2, 0, 0, 0, 0, 0, 0, 0, 2, 0, 0, 1, 0, 0, 1, 0, 0, 3, 0, 0, 1, 2, 2, 0, 0, 0, 3, 0, 1, 0, 0, 0, 1, 3, 1, 0, 0, 0, 0],900.0760482104305,49104.85573898611,106612.48357517918,false
46,G3_TWC,G3_TWC,[31, 22, 42, 15, 26, 58, 95, 82, 77, 12, 47, 5, 93, 78, 98, 54, 85, 63, 18, 44, 20, 35, 43, 97, 91, 76, 10, 30, 21, 45, 71, 64, 1, 23, 17, 83, 24, 61, 60, 36, 6, 57, 94, 88, 65, 56, 79, 40, 67, 68, 46, 75, 38, 9, 19, 32, 81, 41, 27, 62, 87, 90, 99, 59, 11, 16, 72, 73, 70, 39, 37, 84, 3, 92, 25, 74, 28, 29, 51, 7, 53, 14, 86, 48, 89, 50, 66, 96, 33, 80, 4, 8, 34, 49, 52, 0, 13, 2, 69, 55]|[1, 1, 0, 1, 1, 1, 2, 1, 2, 1, 2, 2, 2, 1, 1, 0, 0, 1, 0, 2, 2, 0, 1, 2, 0, 1, 2, 2, 0, 0, 1, 2, 1, 2, 1, 0, 2, 0, 1, 1, 0, 1, 1, 1, 0, 2, 1, 1, 0, 0, 0, 0, 1, 1, 2, 1, 2, 0, 0, 0, 2, 1, 0, 1, 2, 1, 2, 1, 1, 1, 1, 1, 2, 0, 1, 2, 0, 0, 0, 1, 0, 1, 0, 0, 1, 0, 0, 0, 2, 0, 0, 1, 2, 0, 1, 0, 0, 0, 1, 1]|[4, 3, 2, 2, 0, 0, 2, 2, 2, 4, 1, 1, 2, 4, 4, 1, 1, 4, 2, 1, 1, 1, 1, 2, 1, 2, 1, 1, 1, 1, 3, 2, 3, 0, 4, 0, 1, 1, 0, 3, 2, 2, 4, 0, 1, 1, 0, 2, 0, 1, 2, 2, 1, 4, 0, 3, 2, 1, 1, 2, 1, 3, 1, 1, 1, 3, 0, 4, 3, 1, 4, 1, 1, 2, 4, 1, 2, 1, 1, 3, 2, 3, 1, 1, 1, 1, 1, 1, 1, 1, 2, 3, 1, 1, 1, 2, 2, 2, 3, 4]|[0, 2, 1, 1, 3, 3, 0, 1, 0, 0, 0, 0, 1, 0, 1, 0, 0, 3, 1, 0, 0, 0, 3, 1, 0, 2, 0, 0, 0, 1, 0, 0, 0, 0, 3, 0, 1, 0, 0, 2, 1, 1, 2, 0, 0, 0, 0, 1, 1, 0, 0, 0, 1, 3, 0, 0, 1, 0, 0, 1, 0, 2, 0, 1, 0, 2, 1, 0, 0, 1, 1, 3, 0, 1, 3, 0, 1, 0, 0, 2, 1, 0, 0, 0, 1, 0, 0, 0, 0, 0, 1, 2, 0, 1, 1, 0, 0, 0, 0, 3],804.6875225521468,57746.82533348298,88068.50778672317,false
46,G1_CMAX,G1_CMAX,[31, 22, 90, 26, 58, 95, 42, 12, 93, 5, 78, 86, 98, 18, 20, 35, 3, 97, 91, 76, 10, 85, 54, 45, 63, 71, 66, 1, 23, 17, 24, 60, 36, 6, 57, 15, 65, 56, 47, 79, 94, 67, 50, 46, 14, 75, 38, 9, 30, 19, 32, 81, 27, 92, 83, 87, 40, 99, 59, 11, 53, 16, 72, 77, 73, 70, 39, 37, 84, 43, 62, 25, 55, 28, 29, 51, 68, 82, 74, 61, 88, 21, 80, 89, 7, 69, 96, 41, 48, 4, 8, 34, 49, 52, 0, 44, 13, 2, 64, 33]|[1, 1, 1, 1, 0, 2, 1, 1, 2, 2, 2, 1, 0, 1, 2, 2, 1, 2, 0, 1, 2, 2, 2, 0, 0, 1, 2, 1, 2, 1, 2, 1, 1, 0, 1, 1, 0, 2, 2, 1, 1, 0, 0, 0, 0, 1, 1, 1, 1, 2, 1, 2, 2, 0, 0, 2, 1, 0, 0, 2, 0, 1, 2, 2, 1, 1, 1, 1, 1, 1, 0, 1, 1, 0, 0, 0, 0, 0, 2, 1, 1, 0, 0, 1, 1, 1, 2, 2, 0, 1, 1, 2, 0, 1, 0, 0, 0, 0, 2, 2]|[0, 4, 3, 0, 1, 1, 2, 4, 1, 1, 2, 4, 1, 4, 1, 1, 1, 2, 2, 2, 2, 1, 1, 1, 2, 3, 2, 3, 0, 4, 1, 0, 3, 2, 2, 2, 1, 1, 1, 0, 2, 0, 1, 2, 1, 3, 1, 4, 2, 0, 3, 2, 1, 2, 1, 1, 4, 1, 1, 1, 2, 3, 0, 2, 4, 3, 1, 4, 1, 1, 1, 4, 4, 2, 1, 1, 1, 2, 1, 3, 0, 1, 1, 1, 1, 3, 1, 1, 1, 4, 3, 1, 1, 1, 2, 2, 2, 2, 1, 1]|[3, 0, 2, 3, 0, 0, 1, 0, 0, 0, 1, 0, 0, 3, 0, 0, 1, 1, 1, 2, 1, 0, 0, 0, 0, 0, 0, 0, 0, 3, 1, 0, 2, 1, 1, 1, 0, 0, 0, 0, 1, 1, 0, 0, 0, 0, 1, 3, 2, 0, 0, 1, 0, 1, 0, 0, 2, 0, 0, 0, 1, 2, 1, 1, 0, 0, 1, 1, 3, 3, 0, 3, 3, 1, 0, 0, 0, 1, 0, 0, 0, 0, 0, 1, 2, 2, 0, 0, 0, 0, 2, 0, 1, 1, 0, 0, 0, 0, 0, 0],705.0470749739228,58445.79123614564,95781.2895945797,false
46,G4_BALANCED,G2_TEC,[31, 22, 82, 15, 26, 9, 95, 42, 77, 68, 47, 91, 93, 78, 86, 54, 85, 63, 18, 44, 20, 49, 36, 14, 74, 50, 53, 17, 21, 28, 11, 64, 3, 23, 30, 83, 24, 41, 40, 52, 65, 27, 90, 70, 39, 87, 48, 69, 99, 4, 75, 1, 13, 58, 97, 59, 45, 8, 73, 37, 35, 79, 71, 66, 76, 32, 60, 80, 56, 6, 67, 61, 33, 7, 57, 34, 12, 16, 10, 98, 96, 88, 43, 81, 5, 2, 84, 29, 92, 19, 51, 55, 46, 89, 25, 72, 94, 38, 62, 0]|[2, 1, 2, 1, 1, 2, 1, 1, 1, 1, 1, 0, 2, 2, 1, 2, 0, 0, 0, 2, 2, 1, 0, 2, 0, 2, 2, 1, 0, 1, 1, 1, 0, 0, 1, 0, 2, 1, 2, 2, 0, 0, 1, 1, 0, 2, 0, 2, 1, 0, 0, 2, 0, 0, 2, 0, 1, 1, 0, 0, 2, 1, 1, 2, 2, 0, 2, 2, 2, 1, 2, 1, 1, 2, 0, 1, 1, 2, 1, 2, 0, 1, 1, 1, 1, 0, 0, 1, 0, 1, 1, 0, 0, 1, 1, 1, 2, 0, 1, 2]|[0, 3, 0, 3, 4, 1, 4, 4, 2, 4, 3, 2, 1, 0, 2, 1, 1, 1, 2, 1, 1, 3, 0, 1, 0, 1, 1, 4, 1, 4, 3, 2, 2, 0, 4, 1, 1, 4, 1, 1, 2, 1, 4, 4, 1, 1, 0, 1, 3, 2, 2, 1, 2, 1, 1, 2, 4, 3, 0, 2, 2, 3, 3, 1, 1, 2, 1, 1, 1, 4, 1, 3, 4, 1, 2, 4, 3, 1, 3, 1, 2, 4, 4, 4, 3, 2, 2, 3, 2, 4, 3, 2, 2, 4, 4, 4, 1, 2, 3, 1]|[0, 2, 0, 0, 3, 0, 1, 3, 0, 0, 2, 0, 1, 0, 1, 0, 0, 0, 1, 0, 0, 2, 0, 0, 1, 0, 0, 3, 0, 1, 0, 2, 0, 0, 3, 0, 1, 1, 0, 0, 0, 0, 1, 3, 0, 0, 1, 0, 2, 0, 0, 0, 0, 0, 1, 0, 1, 0, 1, 1, 0, 2, 0, 0, 0, 0, 0, 0, 0, 2, 0, 0, 1, 0, 0, 1, 0, 0, 3, 0, 0, 1, 2, 2, 0, 0, 0, 3, 0, 1, 0, 0, 0, 1, 3, 1, 0, 0, 0, 0],898.7442574329732,49101.52537750305,106883.43147275649,true
46,G2_TEC,G2_TEC,[31, 22, 82, 15, 26, 9, 95, 42, 77, 68, 47, 5, 93, 78, 86, 54, 85, 63, 18, 44, 20, 49, 36, 14, 74, 50, 53, 17, 21, 28, 11, 64, 3, 23, 30, 83, 24, 41, 40, 52, 65, 27, 90, 70, 39, 87, 48, 69, 99, 4, 75, 1, 13, 58, 97, 59, 45, 8, 73, 37, 35, 79, 71, 66, 76, 32, 60, 80, 56, 6, 67, 61, 33, 7, 57, 34, 12, 16, 10, 98, 96, 88, 43, 81, 91, 2, 84, 29, 92, 19, 51, 55, 46, 89, 25, 72, 94, 38, 62, 0]|[2, 1, 2, 1, 1, 2, 1, 1, 1, 1, 1, 0, 2, 2, 1, 2, 0, 0, 0, 2, 2, 1, 0, 2, 0, 2, 2, 1, 0, 1, 1, 1, 0, 0, 1, 0, 2, 1, 2, 2, 0, 0, 1, 1, 0, 2, 0, 2, 1, 0, 0, 2, 0, 0, 2, 0, 1, 1, 0, 0, 2, 1, 1, 2, 2, 0, 2, 2, 2, 1, 2, 1, 1, 2, 0, 1, 1, 2, 1, 2, 0, 1, 1, 1, 1, 0, 0, 1, 0, 1, 1, 0, 0, 1, 1, 1, 2, 0, 1, 2]|[0, 3, 0, 3, 4, 1, 4, 4, 2, 4, 3, 2, 1, 0, 2, 1, 1, 1, 2, 1, 1, 3, 0, 1, 0, 1, 1, 4, 1, 4, 3, 2, 2, 0, 4, 1, 1, 4, 1, 1, 2, 1, 4, 4, 1, 1, 0, 1, 3, 2, 2, 1, 2, 1, 1, 2, 4, 3, 0, 2, 2, 3, 3, 1, 1, 2, 1, 1, 1, 4, 1, 3, 4, 1, 2, 4, 3, 1, 3, 1, 2, 4, 4, 4, 3, 2, 2, 3, 2, 4, 3, 2, 2, 4, 4, 4, 1, 2, 3, 1]|[0, 2, 0, 0, 3, 0, 1, 3, 0, 0, 2, 0, 1, 0, 1, 0, 0, 0, 1, 0, 0, 2, 0, 0, 1, 0, 0, 3, 0, 1, 0, 2, 0, 0, 3, 0, 1, 1, 0, 0, 0, 0, 1, 3, 0, 0, 1, 0, 2, 0, 0, 0, 0, 0, 1, 0, 1, 0, 1, 1, 0, 2, 0, 0, 0, 0, 0, 0, 0, 2, 0, 0, 1, 0, 0, 1, 0, 0, 3, 0, 0, 1, 2, 2, 0, 0, 0, 3, 0, 1, 0, 0, 0, 1, 3, 1, 0, 0, 0, 0],900.0760482104305,49104.85573898611,106612.48357517918,false
46,G3_TWC,G3_TWC,[31, 22, 42, 15, 26, 58, 95, 82, 77, 12, 47, 5, 93, 78, 98, 54, 85, 63, 18, 44, 20, 35, 43, 97, 91, 76, 10, 30, 21, 45, 71, 64, 1, 23, 17, 83, 24, 61, 60, 36, 6, 57, 94, 88, 65, 56, 79, 40, 67, 68, 46, 75, 38, 9, 19, 32, 81, 41, 27, 62, 87, 90, 99, 59, 11, 16, 72, 73, 70, 39, 37, 84, 3, 92, 25, 74, 28, 29, 51, 7, 53, 14, 86, 48, 89, 50, 66, 96, 33, 80, 4, 8, 34, 49, 52, 0, 13, 2, 69, 55]|[1, 1, 0, 1, 1, 1, 2, 1, 2, 1, 2, 2, 2, 1, 1, 0, 0, 1, 0, 2, 2, 0, 1, 2, 0, 1, 2, 2, 0, 0, 1, 2, 1, 2, 1, 0, 2, 0, 1, 1, 0, 1, 1, 1, 0, 2, 1, 1, 0, 0, 0, 0, 1, 1, 2, 1, 2, 0, 0, 0, 2, 1, 0, 1, 2, 1, 2, 1, 1, 1, 1, 1, 2, 0, 1, 2, 0, 0, 0, 1, 0, 1, 0, 0, 1, 0, 0, 0, 2, 0, 0, 1, 2, 0, 1, 0, 0, 0, 1, 1]|[4, 3, 2, 2, 0, 0, 2, 2, 2, 4, 1, 1, 2, 4, 4, 1, 1, 4, 2, 1, 1, 1, 1, 2, 1, 2, 1, 1, 1, 1, 3, 2, 3, 0, 4, 0, 1, 1, 0, 3, 2, 2, 4, 0, 1, 1, 0, 2, 0, 1, 2, 2, 1, 4, 0, 3, 2, 1, 1, 2, 1, 3, 1, 1, 1, 3, 0, 4, 3, 1, 4, 1, 1, 2, 4, 1, 2, 1, 1, 3, 2, 3, 1, 1, 1, 1, 1, 1, 1, 1, 2, 3, 1, 1, 1, 2, 2, 2, 3, 4]|[0, 2, 1, 1, 3, 3, 0, 1, 0, 0, 0, 0, 1, 0, 1, 0, 0, 3, 1, 0, 0, 0, 3, 1, 0, 2, 0, 0, 0, 1, 0, 0, 0, 0, 3, 0, 1, 0, 0, 2, 1, 1, 2, 0, 0, 0, 0, 1, 1, 0, 0, 0, 1, 3, 0, 0, 1, 0, 0, 1, 0, 2, 0, 1, 0, 2, 1, 0, 0, 1, 1, 3, 0, 1, 3, 0, 1, 0, 0, 2, 1, 0, 0, 0, 1, 0, 0, 0, 0, 0, 1, 2, 0, 1, 1, 0, 0, 0, 0, 3],804.6875225521468,57746.82533348298,88068.50778672317,false
46,G1_CMAX,G1_CMAX,[31, 22, 90, 26, 58, 95, 42, 12, 93, 5, 78, 86, 98, 18, 20, 35, 3, 97, 91, 76, 10, 85, 54, 45, 63, 71, 66, 1, 23, 17, 24, 60, 36, 6, 57, 15, 65, 56, 47, 79, 94, 67, 50, 46, 14, 75, 38, 9, 30, 19, 32, 81, 27, 92, 83, 87, 40, 99, 59, 11, 53, 16, 72, 77, 73, 70, 39, 37, 84, 43, 62, 25, 55, 28, 29, 51, 68, 82, 74, 61, 88, 21, 80, 89, 7, 69, 96, 41, 48, 4, 8, 34, 49, 52, 0, 44, 13, 2, 64, 33]|[1, 1, 1, 1, 0, 2, 1, 1, 2, 2, 2, 1, 0, 1, 2, 2, 1, 2, 0, 1, 2, 2, 2, 0, 0, 1, 2, 1, 2, 1, 2, 1, 1, 0, 1, 1, 0, 2, 2, 1, 1, 0, 0, 0, 0, 1, 1, 1, 1, 2, 1, 2, 2, 0, 0, 2, 1, 0, 0, 2, 0, 1, 2, 2, 1, 1, 1, 1, 1, 1, 0, 1, 1, 0, 0, 0, 0, 0, 2, 1, 1, 0, 0, 1, 1, 1, 2, 2, 0, 1, 1, 2, 0, 1, 0, 0, 0, 0, 2, 2]|[0, 4, 3, 0, 1, 1, 2, 4, 1, 1, 2, 4, 1, 4, 1, 1, 1, 2, 2, 2, 2, 1, 1, 1, 2, 3, 2, 3, 0, 4, 1, 0, 3, 2, 2, 2, 1, 1, 1, 0, 2, 0, 1, 2, 1, 3, 1, 4, 2, 0, 3, 2, 1, 2, 1, 1, 4, 1, 1, 1, 2, 3, 0, 2, 4, 3, 1, 4, 1, 1, 1, 4, 4, 2, 1, 1, 1, 2, 1, 3, 0, 1, 1, 1, 1, 3, 1, 1, 1, 4, 3, 1, 1, 1, 2, 2, 2, 2, 1, 1]|[3, 0, 2, 3, 0, 0, 1, 0, 0, 0, 1, 0, 0, 3, 0, 0, 1, 1, 1, 2, 1, 0, 0, 0, 0, 0, 0, 0, 0, 3, 1, 0, 2, 1, 1, 1, 0, 0, 0, 0, 1, 1, 0, 0, 0, 0, 1, 3, 2, 0, 0, 1, 0, 1, 0, 0, 2, 0, 0, 0, 1, 2, 1, 1, 0, 0, 1, 1, 3, 3, 0, 3, 3, 1, 0, 0, 0, 1, 0, 0, 0, 0, 0, 1, 2, 2, 0, 0, 0, 0, 2, 0, 1, 1, 0, 0, 0, 0, 0, 0],705.0470749739228,58445.79123614564,95781.2895945797,false
46,G4_BALANCED,G3_TWC,[31, 22, 42, 15, 26, 58, 95, 82, 77, 12, 47, 5, 93, 78, 98, 54, 85, 63, 18, 44, 20, 35, 43, 97, 91, 76, 10, 30, 21, 45, 71, 64, 1, 23, 17, 83, 24, 14, 60, 36, 6, 57, 94, 88, 65, 56, 79, 40, 67, 68, 46, 75, 38, 9, 19, 32, 81, 41, 27, 62, 87, 90, 99, 59, 11, 16, 72, 73, 70, 39, 37, 84, 3, 92, 25, 55, 29, 28, 96, 7, 53, 61, 86, 48, 89, 50, 66, 51, 33, 80, 4, 8, 74, 49, 52, 0, 13, 2, 69, 34]|[1, 1, 0, 1, 1, 1, 2, 1, 2, 1, 2, 2, 2, 1, 1, 0, 0, 1, 0, 2, 2, 0, 1, 2, 0, 1, 2, 2, 0, 0, 1, 2, 1, 2, 1, 0, 2, 0, 1, 1, 0, 1, 1, 1, 0, 2, 1, 1, 0, 0, 0, 0, 1, 1, 2, 1, 2, 0, 0, 0, 2, 1, 0, 1, 2, 1, 2, 1, 1, 1, 1, 1, 2, 0, 1, 1, 0, 0, 0, 1, 0, 1, 0, 0, 1, 0, 2, 0, 2, 0, 0, 1, 2, 0, 1, 0, 0, 0, 1, 2]|[4, 3, 2, 2, 0, 0, 2, 2, 2, 4, 1, 1, 2, 4, 4, 1, 1, 4, 2, 1, 1, 1, 1, 2, 1, 2, 1, 1, 1, 1, 3, 2, 3, 0, 4, 0, 1, 1, 0, 3, 2, 2, 4, 0, 1, 1, 0, 2, 0, 1, 2, 2, 1, 4, 0, 3, 2, 1, 1, 2, 1, 3, 1, 1, 1, 3, 0, 4, 3, 1, 4, 1, 1, 2, 4, 4, 1, 2, 1, 3, 2, 3, 1, 1, 1, 1, 1, 1, 1, 1, 2, 3, 1, 1, 1, 2, 2, 2, 3, 1]|[0, 2, 1, 1, 3, 3, 0, 1, 0, 0, 0, 0, 1, 0, 1, 0, 0, 3, 1, 0, 0, 0, 3, 1, 0, 2, 0, 0, 0, 1, 0, 0, 0, 0, 3, 0, 1, 0, 0, 2, 1, 1, 2, 0, 0, 0, 0, 1, 1, 0, 0, 0, 1, 3, 0, 0, 1, 0, 0, 1, 0, 2, 0, 1, 0, 2, 1, 0, 0, 1, 1, 3, 0, 1, 3, 3, 0, 1, 0, 2, 1, 0, 0, 0, 1, 0, 0, 0, 0, 0, 1, 2, 0, 1, 1, 0, 0, 0, 0, 0],809.7530564967291,57685.672660259814,88287.02083217408,true
46,G2_TEC,G4_BALANCED,[31, 22, 82, 15, 26, 9, 95, 42, 77, 68, 47, 5, 93, 78, 86, 54, 85, 63, 18, 44, 20, 49, 36, 14, 41, 50, 53, 17, 21, 28, 11, 64, 3, 23, 30, 83, 24, 74, 40, 52, 65, 27, 90, 97, 39, 87, 48, 69, 99, 4, 75, 1, 13, 58, 70, 59, 45, 8, 73, 37, 35, 79, 71, 66, 76, 32, 60, 80, 56, 6, 67, 61, 33, 7, 57, 34, 12, 16, 10, 98, 96, 88, 43, 81, 91, 2, 84, 29, 92, 19, 51, 89, 46, 25, 55, 72, 94, 38, 62, 0]|[2, 1, 2, 1, 1, 2, 1, 1, 1, 1, 1, 0, 2, 2, 1, 2, 0, 0, 0, 2, 2, 1, 0, 2, 0, 2, 2, 1, 0, 1, 1, 1, 0, 0, 1, 0, 2, 1, 2, 2, 0, 0, 1, 1, 0, 2, 0, 2, 1, 0, 0, 2, 0, 0, 2, 0, 1, 1, 0, 0, 2, 1, 1, 2, 2, 0, 2, 2, 2, 1, 2, 1, 1, 2, 0, 1, 1, 2, 1, 2, 0, 1, 1, 1, 1, 0, 0, 1, 0, 1, 1, 1, 0, 1, 0, 1, 2, 0, 1, 2]|[0, 3, 0, 3, 4, 1, 4, 4, 2, 4, 3, 2, 1, 0, 2, 1, 1, 1, 2, 1, 1, 3, 0, 1, 0, 1, 1, 4, 1, 4, 3, 2, 2, 0, 4, 1, 1, 4, 1, 1, 2, 1, 4, 4, 1, 1, 0, 1, 3, 2, 2, 1, 2, 1, 1, 2, 4, 3, 0, 2, 2, 3, 3, 1, 1, 2, 1, 1, 1, 4, 1, 3, 4, 1, 2, 4, 3, 1, 3, 1, 2, 4, 4, 4, 3, 2, 2, 3, 2, 4, 3, 4, 2, 4, 2, 4, 1, 2, 3, 1]|[0, 2, 0, 0, 3, 0, 1, 3, 0, 0, 2, 0, 1, 0, 1, 0, 0, 0, 1, 0, 0, 2, 0, 0, 1, 0, 0, 3, 0, 1, 0, 2, 0, 0, 3, 0, 1, 1, 0, 0, 0, 0, 1, 3, 0, 0, 1, 0, 2, 0, 0, 0, 0, 0, 1, 0, 1, 0, 1, 1, 0, 2, 0, 0, 0, 0, 0, 0, 0, 2, 0, 0, 1, 0, 0, 1, 0, 0, 3, 0, 0, 1, 2, 2, 0, 0, 0, 3, 0, 1, 0, 1, 0, 3, 0, 1, 0, 0, 0, 0],894.8622828593319,49099.14666340324,106393.8281614834,true
46,G3_TWC,G3_TWC,[31, 22, 42, 15, 26, 58, 95, 82, 77, 12, 47, 5, 93, 78, 98, 54, 85, 63, 18, 44, 20, 35, 43, 97, 91, 76, 10, 30, 21, 45, 71, 64, 1, 23, 17, 83, 24, 61, 60, 36, 6, 57, 94, 88, 65, 56, 79, 40, 67, 68, 46, 75, 38, 9, 19, 32, 81, 41, 27, 62, 87, 90, 99, 59, 11, 16, 72, 73, 70, 39, 37, 84, 3, 92, 25, 74, 28, 29, 51, 7, 53, 14, 86, 48, 89, 50, 66, 96, 33, 80, 4, 8, 34, 49, 52, 0, 13, 2, 69, 55]|[1, 1, 0, 1, 1, 1, 2, 1, 2, 1, 2, 2, 2, 1, 1, 0, 0, 1, 0, 2, 2, 0, 1, 2, 0, 1, 2, 2, 0, 0, 1, 2, 1, 2, 1, 0, 2, 0, 1, 1, 0, 1, 1, 1, 0, 2, 1, 1, 0, 0, 0, 0, 1, 1, 2, 1, 2, 0, 0, 0, 2, 1, 0, 1, 2, 1, 2, 1, 1, 1, 1, 1, 2, 0, 1, 2, 0, 0, 0, 1, 0, 1, 0, 0, 1, 0, 0, 0, 2, 0, 0, 1, 2, 0, 1, 0, 0, 0, 1, 1]|[4, 3, 2, 2, 0, 0, 2, 2, 2, 4, 1, 1, 2, 4, 4, 1, 1, 4, 2, 1, 1, 1, 1, 2, 1, 2, 1, 1, 1, 1, 3, 2, 3, 0, 4, 0, 1, 1, 0, 3, 2, 2, 4, 0, 1, 1, 0, 2, 0, 1, 2, 2, 1, 4, 0, 3, 2, 1, 1, 2, 1, 3, 1, 1, 1, 3, 0, 4, 3, 1, 4, 1, 1, 2, 4, 1, 2, 1, 1, 3, 2, 3, 1, 1, 1, 1, 1, 1, 1, 1, 2, 3, 1, 1, 1, 2, 2, 2, 3, 4]|[0, 2, 1, 1, 3, 3, 0, 1, 0, 0, 0, 0, 1, 0, 1, 0, 0, 3, 1, 0, 0, 0, 3, 1, 0, 2, 0, 0, 0, 1, 0, 0, 0, 0, 3, 0, 1, 0, 0, 2, 1, 1, 2, 0, 0, 0, 0, 1, 1, 0, 0, 0, 1, 3, 0, 0, 1, 0, 0, 1, 0, 2, 0, 1, 0, 2, 1, 0, 0, 1, 1, 3, 0, 1, 3, 0, 1, 0, 0, 2, 1, 0, 0, 0, 1, 0, 0, 0, 0, 0, 1, 2, 0, 1, 1, 0, 0, 0, 0, 3],804.6875225521468,57746.82533348298,88068.50778672317,false
46,G1_CMAX,G1_CMAX,[31, 22, 90, 26, 58, 95, 42, 12, 93, 5, 78, 86, 98, 18, 20, 35, 3, 97, 91, 76, 10, 85, 54, 45, 63, 71, 66, 1, 23, 17, 24, 60, 36, 6, 57, 15, 65, 56, 47, 79, 94, 67, 50, 46, 14, 75, 38, 9, 30, 19, 32, 81, 27, 92, 83, 87, 40, 99, 59, 11, 53, 16, 72, 77, 73, 70, 39, 37, 84, 43, 62, 25, 55, 28, 29, 51, 68, 82, 74, 61, 88, 21, 80, 89, 7, 69, 96, 41, 48, 4, 8, 34, 49, 52, 0, 44, 13, 2, 64, 33]|[1, 1, 1, 1, 0, 2, 1, 1, 2, 2, 2, 1, 0, 1, 2, 2, 1, 2, 0, 1, 2, 2, 2, 0, 0, 1, 2, 1, 2, 1, 2, 1, 1, 0, 1, 1, 0, 2, 2, 1, 1, 0, 0, 0, 0, 1, 1, 1, 1, 2, 1, 2, 2, 0, 0, 2, 1, 0, 0, 2, 0, 1, 2, 2, 1, 1, 1, 1, 1, 1, 0, 1, 1, 0, 0, 0, 0, 0, 2, 1, 1, 0, 0, 1, 1, 1, 2, 2, 0, 1, 1, 2, 0, 1, 0, 0, 0, 0, 2, 2]|[0, 4, 3, 0, 1, 1, 2, 4, 1, 1, 2, 4, 1, 4, 1, 1, 1, 2, 2, 2, 2, 1, 1, 1, 2, 3, 2, 3, 0, 4, 1, 0, 3, 2, 2, 2, 1, 1, 1, 0, 2, 0, 1, 2, 1, 3, 1, 4, 2, 0, 3, 2, 1, 2, 1, 1, 4, 1, 1, 1, 2, 3, 0, 2, 4, 3, 1, 4, 1, 1, 1, 4, 4, 2, 1, 1, 1, 2, 1, 3, 0, 1, 1, 1, 1, 3, 1, 1, 1, 4, 3, 1, 1, 1, 2, 2, 2, 2, 1, 1]|[3, 0, 2, 3, 0, 0, 1, 0, 0, 0, 1, 0, 0, 3, 0, 0, 1, 1, 1, 2, 1, 0, 0, 0, 0, 0, 0, 0, 0, 3, 1, 0, 2, 1, 1, 1, 0, 0, 0, 0, 1, 1, 0, 0, 0, 0, 1, 3, 2, 0, 0, 1, 0, 1, 0, 0, 2, 0, 0, 0, 1, 2, 1, 1, 0, 0, 1, 1, 3, 3, 0, 3, 3, 1, 0, 0, 0, 1, 0, 0, 0, 0, 0, 1, 2, 2, 0, 0, 0, 0, 2, 0, 1, 1, 0, 0, 0, 0, 0, 0],705.0470749739228,58445.79123614564,95781.2895945797,false
46,G4_BALANCED,G2_TEC,[31, 22, 82, 15, 26, 9, 95, 42, 77, 68, 47, 5, 93, 78, 86, 54, 85, 63, 18, 44, 20, 49, 36, 14, 74, 50, 53, 17, 21, 28, 11, 64, 3, 23, 30, 83, 24, 41, 40, 52, 65, 27, 90, 70, 39, 87, 48, 69, 99, 4, 75, 1, 13, 58, 97, 59, 45, 8, 73, 37, 35, 79, 71, 66, 76, 32, 60, 80, 56, 6, 67, 61, 33, 7, 57, 34, 12, 16, 10, 98, 96, 88, 43, 81, 91, 38, 84, 29, 92, 19, 51, 46, 89, 55, 25, 72, 94, 2, 62, 0]|[2, 1, 2, 1, 1, 2, 1, 1, 1, 1, 1, 0, 2, 2, 1, 2, 0, 0, 0, 2, 2, 1, 0, 2, 0, 2, 2, 1, 0, 1, 1, 1, 0, 0, 1, 0, 2, 1, 2, 2, 0, 0, 1, 1, 0, 2, 0, 2, 1, 0, 0, 2, 0, 0, 2, 0, 1, 1, 0, 0, 2, 1, 1, 2, 2, 0, 2, 2, 2, 1, 2, 1, 1, 2, 0, 1, 1, 2, 1, 2, 0, 1, 1, 1, 1, 0, 0, 1, 0, 1, 1, 0, 1, 0, 1, 1, 2, 0, 1, 2]|[0, 3, 0, 3, 4, 1, 4, 4, 2, 4, 3, 2, 1, 0, 2, 1, 1, 1, 2, 1, 1, 3, 0, 1, 0, 1, 1, 4, 1, 4, 3, 2, 2, 0, 4, 1, 1, 4, 1, 1, 2, 1, 4, 4, 1, 1, 0, 1, 3, 2, 2, 1, 2, 1, 1, 2, 4, 3, 0, 2, 2, 3, 3, 1, 1, 2, 1, 1, 1, 4, 1, 3, 4, 1, 2, 4, 3, 1, 3, 1, 2, 4, 4, 4, 3, 2, 2, 3, 2, 4, 3, 2, 4, 2, 4, 4, 1, 2, 3, 1]|[0, 2, 0, 0, 3, 0, 1, 3, 0, 0, 2, 0, 1, 0, 1, 0, 0, 0, 1, 0, 0, 2, 0, 0, 1, 0, 0, 3, 0, 1, 0, 2, 0, 0, 3, 0, 1, 1, 0, 0, 0, 0, 1, 3, 0, 0, 1, 0, 2, 0, 0, 0, 0, 0, 1, 0, 1, 0, 1, 1, 0, 2, 0, 0, 0, 0, 0, 0, 0, 2, 0, 0, 1, 0, 0, 1, 0, 0, 3, 0, 0, 1, 2, 2, 0, 0, 0, 3, 0, 1, 0, 0, 1, 0, 3, 1, 0, 0, 0, 0],892.8625725395128,49123.94792122078,106521.49423486824,true
46,G2_TEC,G4_BALANCED,[31, 22, 82, 15, 26, 9, 95, 42, 77, 68, 47, 5, 93, 78, 86, 54, 85, 63, 18, 44, 20, 49, 36, 14, 41, 50, 53, 17, 21, 28, 11, 64, 3, 23, 30, 83, 24, 74, 40, 52, 65, 27, 90, 97, 39, 87, 48, 69, 99, 4, 75, 1, 13, 58, 70, 59, 45, 8, 73, 37, 35, 79, 71, 66, 76, 32, 60, 80, 56, 6, 67, 61, 33, 7, 57, 34, 12, 16, 10, 98, 96, 88, 43, 81, 91, 2, 84, 29, 92, 19, 51, 89, 46, 25, 55, 72, 94, 38, 62, 0]|[2, 1, 2, 1, 1, 2, 1, 1, 1, 1, 1, 0, 2, 2, 1, 2, 0, 0, 0, 2, 2, 1, 0, 2, 0, 2, 2, 1, 0, 1, 1, 1, 0, 0, 1, 0, 2, 1, 2, 2, 0, 0, 1, 1, 0, 2, 0, 2, 1, 0, 0, 2, 0, 0, 2, 0, 1, 1, 0, 0, 2, 1, 1, 2, 2, 0, 2, 2, 2, 1, 2, 1, 1, 2, 0, 1, 1, 2, 1, 2, 0, 1, 1, 1, 1, 0, 0, 1, 0, 1, 1, 1, 0, 1, 0, 1, 2, 0, 1, 2]|[0, 3, 0, 3, 4, 1, 4, 4, 2, 4, 3, 2, 1, 0, 2, 1, 1, 1, 2, 1, 1, 3, 0, 1, 0, 1, 1, 4, 1, 4, 3, 2, 2, 0, 4, 1, 1, 4, 1, 1, 2, 1, 4, 4, 1, 1, 0, 1, 3, 2, 2, 1, 2, 1, 1, 2, 4, 3, 0, 2, 2, 3, 3, 1, 1, 2, 1, 1, 1, 4, 1, 3, 4, 1, 2, 4, 3, 1, 3, 1, 2, 4, 4, 4, 3, 2, 2, 3, 2, 4, 3, 4, 2, 4, 2, 4, 1, 2, 3, 1]|[0, 2, 0, 0, 3, 0, 1, 3, 0, 0, 2, 0, 1, 0, 1, 0, 0, 0, 1, 0, 0, 2, 0, 0, 1, 0, 0, 3, 0, 1, 0, 2, 0, 0, 3, 0, 1, 1, 0, 0, 0, 0, 1, 3, 0, 0, 1, 0, 2, 0, 0, 0, 0, 0, 1, 0, 1, 0, 1, 1, 0, 2, 0, 0, 0, 0, 0, 0, 0, 2, 0, 0, 1, 0, 0, 1, 0, 0, 3, 0, 0, 1, 2, 2, 0, 0, 0, 3, 0, 1, 0, 1, 0, 3, 0, 1, 0, 0, 0, 0],894.8622828593319,49099.14666340324,106393.8281614834,true
46,G3_TWC,G3_TWC,[31, 22, 42, 15, 26, 58, 95, 82, 77, 12, 47, 5, 93, 78, 98, 54, 85, 63, 18, 44, 20, 35, 43, 97, 91, 76, 10, 30, 21, 45, 71, 64, 1, 23, 17, 83, 24, 61, 60, 36, 6, 57, 94, 88, 65, 56, 79, 40, 67, 68, 46, 75, 38, 9, 19, 32, 81, 41, 27, 62, 87, 90, 99, 59, 11, 16, 72, 73, 70, 39, 37, 84, 3, 92, 25, 74, 28, 29, 51, 7, 53, 14, 86, 48, 89, 50, 66, 96, 33, 80, 4, 8, 34, 49, 52, 0, 13, 2, 69, 55]|[1, 1, 0, 1, 1, 1, 2, 1, 2, 1, 2, 2, 2, 1, 1, 0, 0, 1, 0, 2, 2, 0, 1, 2, 0, 1, 2, 2, 0, 0, 1, 2, 1, 2, 1, 0, 2, 0, 1, 1, 0, 1, 1, 1, 0, 2, 1, 1, 0, 0, 0, 0, 1, 1, 2, 1, 2, 0, 0, 0, 2, 1, 0, 1, 2, 1, 2, 1, 1, 1, 1, 1, 2, 0, 1, 2, 0, 0, 0, 1, 0, 1, 0, 0, 1, 0, 0, 0, 2, 0, 0, 1, 2, 0, 1, 0, 0, 0, 1, 1]|[4, 3, 2, 2, 0, 0, 2, 2, 2, 4, 1, 1, 2, 4, 4, 1, 1, 4, 2, 1, 1, 1, 1, 2, 1, 2, 1, 1, 1, 1, 3, 2, 3, 0, 4, 0, 1, 1, 0, 3, 2, 2, 4, 0, 1, 1, 0, 2, 0, 1, 2, 2, 1, 4, 0, 3, 2, 1, 1, 2, 1, 3, 1, 1, 1, 3, 0, 4, 3, 1, 4, 1, 1, 2, 4, 1, 2, 1, 1, 3, 2, 3, 1, 1, 1, 1, 1, 1, 1, 1, 2, 3, 1, 1, 1, 2, 2, 2, 3, 4]|[0, 2, 1, 1, 3, 3, 0, 1, 0, 0, 0, 0, 1, 0, 1, 0, 0, 3, 1, 0, 0, 0, 3, 1, 0, 2, 0, 0, 0, 1, 0, 0, 0, 0, 3, 0, 1, 0, 0, 2, 1, 1, 2, 0, 0, 0, 0, 1, 1, 0, 0, 0, 1, 3, 0, 0, 1, 0, 0, 1, 0, 2, 0, 1, 0, 2, 1, 0, 0, 1, 1, 3, 0, 1, 3, 0, 1, 0, 0, 2, 1, 0, 0, 0, 1, 0, 0, 0, 0, 0, 1, 2, 0, 1, 1, 0, 0, 0, 0, 3],804.6875225521468,57746.82533348298,88068.50778672317,false
46,G1_CMAX,G1_CMAX,[31, 22, 90, 26, 58, 95, 42, 12, 93, 5, 78, 86, 98, 18, 20, 35, 3, 97, 91, 76, 10, 85, 54, 45, 63, 71, 66, 1, 23, 17, 24, 60, 36, 6, 57, 15, 65, 56, 47, 79, 94, 67, 50, 46, 14, 75, 38, 9, 30, 19, 32, 81, 27, 92, 83, 87, 40, 99, 59, 11, 53, 16, 72, 77, 73, 70, 39, 37, 84, 43, 62, 25, 55, 28, 29, 51, 68, 82, 74, 61, 88, 21, 80, 89, 7, 69, 96, 41, 48, 4, 8, 34, 49, 52, 0, 44, 13, 2, 64, 33]|[1, 1, 1, 1, 0, 2, 1, 1, 2, 2, 2, 1, 0, 1, 2, 2, 1, 2, 0, 1, 2, 2, 2, 0, 0, 1, 2, 1, 2, 1, 2, 1, 1, 0, 1, 1, 0, 2, 2, 1, 1, 0, 0, 0, 0, 1, 1, 1, 1, 2, 1, 2, 2, 0, 0, 2, 1, 0, 0, 2, 0, 1, 2, 2, 1, 1, 1, 1, 1, 1, 0, 1, 1, 0, 0, 0, 0, 0, 2, 1, 1, 0, 0, 1, 1, 1, 2, 2, 0, 1, 1, 2, 0, 1, 0, 0, 0, 0, 2, 2]|[0, 4, 3, 0, 1, 1, 2, 4, 1, 1, 2, 4, 1, 4, 1, 1, 1, 2, 2, 2, 2, 1, 1, 1, 2, 3, 2, 3, 0, 4, 1, 0, 3, 2, 2, 2, 1, 1, 1, 0, 2, 0, 1, 2, 1, 3, 1, 4, 2, 0, 3, 2, 1, 2, 1, 1, 4, 1, 1, 1, 2, 3, 0, 2, 4, 3, 1, 4, 1, 1, 1, 4, 4, 2, 1, 1, 1, 2, 1, 3, 0, 1, 1, 1, 1, 3, 1, 1, 1, 4, 3, 1, 1, 1, 2, 2, 2, 2, 1, 1]|[3, 0, 2, 3, 0, 0, 1, 0, 0, 0, 1, 0, 0, 3, 0, 0, 1, 1, 1, 2, 1, 0, 0, 0, 0, 0, 0, 0, 0, 3, 1, 0, 2, 1, 1, 1, 0, 0, 0, 0, 1, 1, 0, 0, 0, 0, 1, 3, 2, 0, 0, 1, 0, 1, 0, 0, 2, 0, 0, 0, 1, 2, 1, 1, 0, 0, 1, 1, 3, 3, 0, 3, 3, 1, 0, 0, 0, 1, 0, 0, 0, 0, 0, 1, 2, 2, 0, 0, 0, 0, 2, 0, 1, 1, 0, 0, 0, 0, 0, 0],705.0470749739228,58445.79123614564,95781.2895945797,false
46,G4_BALANCED,G1_CMAX,[22, 82, 3, 58, 95, 42, 77, 47, 5, 93, 78, 12, 86, 54, 50, 63, 18, 44, 20, 35, 43, 97, 91, 76, 10, 30, 21, 45, 71, 64, 36, 23, 17, 83, 24, 14, 60, 1, 6, 40, 57, 90, 65, 56, 79, 94, 67, 68, 46, 75, 38, 9, 19, 32, 81, 41, 27, 62, 16, 55, 59, 89, 88, 87, 31, 72, 73, 70, 39, 37, 84, 92, 25, 11, 48, 15, 29, 51, 7, 33, 61, 98, 28, 99, 26, 85, 66, 96, 53, 80, 4, 8, 34, 49, 52, 2, 13, 0, 69, 74]|[1, 0, 1, 0, 1, 2, 2, 2, 2, 2, 1, 1, 1, 0, 0, 1, 0, 2, 2, 0, 1, 2, 0, 1, 2, 2, 0, 0, 1, 2, 1, 2, 1, 0, 2, 0, 1, 1, 0, 1, 1, 1, 0, 2, 1, 1, 0, 0, 0, 0, 1, 1, 2, 1, 2, 0, 0, 0, 1, 2, 1, 1, 1, 1, 1, 2, 1, 2, 1, 1, 1, 0, 1, 2, 2, 1, 0, 0, 1, 2, 1, 2, 0, 1, 1, 0, 0, 2, 0, 0, 1, 1, 2, 0, 1, 0, 0, 0, 1, 2]|[3, 2, 1, 1, 2, 1, 2, 1, 1, 2, 4, 4, 4, 1, 1, 4, 2, 1, 1, 1, 1, 2, 1, 2, 1, 1, 2, 1, 3, 2, 3, 1, 4, 1, 1, 1, 0, 3, 2, 2, 2, 3, 1, 1, 0, 4, 0, 1, 2, 2, 1, 4, 0, 3, 2, 1, 1, 2, 3, 1, 1, 1, 0, 3, 0, 0, 3, 0, 1, 4, 1, 0, 4, 1, 1, 4, 1, 1, 1, 1, 3, 1, 2, 1, 0, 2, 1, 1, 2, 1, 4, 3, 1, 1, 1, 2, 2, 2, 4, 1]|[3, 1, 2, 0, 1, 0, 0, 0, 0, 1, 0, 0, 1, 0, 0, 3, 1, 0, 0, 0, 3, 1, 0, 2, 0, 0, 0, 1, 0, 0, 2, 0, 3, 0, 1, 0, 0, 0, 1, 1, 1, 2, 0, 0, 0, 2, 1, 0, 0, 0, 1, 3, 0, 0, 1, 0, 0, 1, 2, 0, 1, 1, 0, 2, 0, 1, 0, 1, 1, 1, 1, 1, 3, 0, 0, 3, 0, 0, 2, 0, 0, 0, 1, 1, 3, 0, 0, 0, 1, 0, 0, 2, 0, 1, 1, 0, 0, 0, 2, 0],715.7913946700162,58060.95961022334,95287.06515100288,true
46,G2_TEC,G4_BALANCED,[31, 22, 82, 15, 26, 9, 95, 42, 77, 68, 47, 5, 93, 78, 86, 54, 85, 63, 18, 44, 20, 49, 36, 14, 41, 50, 53, 17, 21, 28, 11, 64, 3, 23, 30, 83, 24, 74, 40, 52, 65, 27, 90, 97, 39, 87, 48, 69, 99, 4, 75, 1, 13, 58, 70, 59, 45, 8, 73, 37, 35, 79, 71, 66, 76, 32, 60, 80, 56, 6, 67, 61, 33, 7, 57, 34, 12, 16, 10, 98, 96, 88, 43, 81, 91, 2, 84, 29, 92, 19, 51, 89, 46, 25, 55, 72, 94, 38, 62, 0]|[2, 1, 2, 1, 1, 2, 1, 1, 1, 1, 1, 0, 2, 2, 1, 2, 0, 0, 0, 2, 2, 1, 0, 2, 0, 2, 2, 1, 0, 1, 1, 1, 0, 0, 1, 0, 2, 1, 2, 2, 0, 0, 1, 1, 0, 2, 0, 2, 1, 0, 0, 2, 0, 0, 2, 0, 1, 1, 0, 0, 2, 1, 1, 2, 2, 0, 2, 2, 2, 1, 2, 1, 1, 2, 0, 1, 1, 2, 1, 2, 0, 1, 1, 1, 1, 0, 0, 1, 0, 1, 1, 1, 0, 1, 0, 1, 2, 0, 1, 2]|[0, 3, 0, 3, 4, 1, 4, 4, 2, 4, 3, 2, 1, 0, 2, 1, 1, 1, 2, 1, 1, 3, 0, 1, 0, 1, 1, 4, 1, 4, 3, 2, 2, 0, 4, 1, 1, 4, 1, 1, 2, 1, 4, 4, 1, 1, 0, 1, 3, 2, 2, 1, 2, 1, 1, 2, 4, 3, 0, 2, 2, 3, 3, 1, 1, 2, 1, 1, 1, 4, 1, 3, 4, 1, 2, 4, 3, 1, 3, 1, 2, 4, 4, 4, 3, 2, 2, 3, 2, 4, 3, 4, 2, 4, 2, 4, 1, 2, 3, 1]|[0, 2, 0, 0, 3, 0, 1, 3, 0, 0, 2, 0, 1, 0, 1, 0, 0, 0, 1, 0, 0, 2, 0, 0, 1, 0, 0, 3, 0, 1, 0, 2, 0, 0, 3, 0, 1, 1, 0, 0, 0, 0, 1, 3, 0, 0, 1, 0, 2, 0, 0, 0, 0, 0, 1, 0, 1, 0, 1, 1, 0, 2, 0, 0, 0, 0, 0, 0, 0, 2, 0, 0, 1, 0, 0, 1, 0, 0, 3, 0, 0, 1, 2, 2, 0, 0, 0, 3, 0, 1, 0, 1, 0, 3, 0, 1, 0, 0, 0, 0],894.8622828593319,49099.14666340324,106393.8281614834,true
46,G3_TWC,G3_TWC,[31, 22, 42, 15, 26, 58, 95, 82, 77, 12, 47, 5, 93, 78, 98, 54, 85, 63, 18, 44, 20, 35, 43, 97, 91, 76, 10, 30, 21, 45, 71, 64, 1, 23, 17, 83, 24, 61, 60, 36, 6, 57, 94, 88, 65, 56, 79, 40, 67, 68, 46, 75, 38, 9, 19, 32, 81, 41, 27, 62, 87, 90, 99, 59, 11, 16, 72, 73, 70, 39, 37, 84, 3, 92, 25, 74, 28, 29, 51, 7, 53, 14, 86, 48, 89, 50, 66, 96, 33, 80, 4, 8, 34, 49, 52, 0, 13, 2, 69, 55]|[1, 1, 0, 1, 1, 1, 2, 1, 2, 1, 2, 2, 2, 1, 1, 0, 0, 1, 0, 2, 2, 0, 1, 2, 0, 1, 2, 2, 0, 0, 1, 2, 1, 2, 1, 0, 2, 0, 1, 1, 0, 1, 1, 1, 0, 2, 1, 1, 0, 0, 0, 0, 1, 1, 2, 1, 2, 0, 0, 0, 2, 1, 0, 1, 2, 1, 2, 1, 1, 1, 1, 1, 2, 0, 1, 2, 0, 0, 0, 1, 0, 1, 0, 0, 1, 0, 0, 0, 2, 0, 0, 1, 2, 0, 1, 0, 0, 0, 1, 1]|[4, 3, 2, 2, 0, 0, 2, 2, 2, 4, 1, 1, 2, 4, 4, 1, 1, 4, 2, 1, 1, 1, 1, 2, 1, 2, 1, 1, 1, 1, 3, 2, 3, 0, 4, 0, 1, 1, 0, 3, 2, 2, 4, 0, 1, 1, 0, 2, 0, 1, 2, 2, 1, 4, 0, 3, 2, 1, 1, 2, 1, 3, 1, 1, 1, 3, 0, 4, 3, 1, 4, 1, 1, 2, 4, 1, 2, 1, 1, 3, 2, 3, 1, 1, 1, 1, 1, 1, 1, 1, 2, 3, 1, 1, 1, 2, 2, 2, 3, 4]|[0, 2, 1, 1, 3, 3, 0, 1, 0, 0, 0, 0, 1, 0, 1, 0, 0, 3, 1, 0, 0, 0, 3, 1, 0, 2, 0, 0, 0, 1, 0, 0, 0, 0, 3, 0, 1, 0, 0, 2, 1, 1, 2, 0, 0, 0, 0, 1, 1, 0, 0, 0, 1, 3, 0, 0, 1, 0, 0, 1, 0, 2, 0, 1, 0, 2, 1, 0, 0, 1, 1, 3, 0, 1, 3, 0, 1, 0, 0, 2, 1, 0, 0, 0, 1, 0, 0, 0, 0, 0, 1, 2, 0, 1, 1, 0, 0, 0, 0, 3],804.6875225521468,57746.82533348298,88068.50778672317,false
46,G1_CMAX,G1_CMAX,[31, 22, 90, 26, 58, 95, 42, 12, 93, 5, 78, 86, 98, 18, 20, 35, 3, 97, 91, 76, 10, 85, 54, 45, 63, 71, 66, 1, 23, 17, 24, 60, 36, 6, 57, 15, 65, 56, 47, 79, 94, 67, 50, 46, 14, 75, 38, 9, 30, 19, 32, 81, 27, 92, 83, 87, 40, 99, 59, 11, 53, 16, 72, 77, 73, 70, 39, 37, 84, 43, 62, 25, 55, 28, 29, 51, 68, 82, 74, 61, 88, 21, 80, 89, 7, 69, 96, 41, 48, 4, 8, 34, 49, 52, 0, 44, 13, 2, 64, 33]|[1, 1, 1, 1, 0, 2, 1, 1, 2, 2, 2, 1, 0, 1, 2, 2, 1, 2, 0, 1, 2, 2, 2, 0, 0, 1, 2, 1, 2, 1, 2, 1, 1, 0, 1, 1, 0, 2, 2, 1, 1, 0, 0, 0, 0, 1, 1, 1, 1, 2, 1, 2, 2, 0, 0, 2, 1, 0, 0, 2, 0, 1, 2, 2, 1, 1, 1, 1, 1, 1, 0, 1, 1, 0, 0, 0, 0, 0, 2, 1, 1, 0, 0, 1, 1, 1, 2, 2, 0, 1, 1, 2, 0, 1, 0, 0, 0, 0, 2, 2]|[0, 4, 3, 0, 1, 1, 2, 4, 1, 1, 2, 4, 1, 4, 1, 1, 1, 2, 2, 2, 2, 1, 1, 1, 2, 3, 2, 3, 0, 4, 1, 0, 3, 2, 2, 2, 1, 1, 1, 0, 2, 0, 1, 2, 1, 3, 1, 4, 2, 0, 3, 2, 1, 2, 1, 1, 4, 1, 1, 1, 2, 3, 0, 2, 4, 3, 1, 4, 1, 1, 1, 4, 4, 2, 1, 1, 1, 2, 1, 3, 0, 1, 1, 1, 1, 3, 1, 1, 1, 4, 3, 1, 1, 1, 2, 2, 2, 2, 1, 1]|[3, 0, 2, 3, 0, 0, 1, 0, 0, 0, 1, 0, 0, 3, 0, 0, 1, 1, 1, 2, 1, 0, 0, 0, 0, 0, 0, 0, 0, 3, 1, 0, 2, 1, 1, 1, 0, 0, 0, 0, 1, 1, 0, 0, 0, 0, 1, 3, 2, 0, 0, 1, 0, 1, 0, 0, 2, 0, 0, 0, 1, 2, 1, 1, 0, 0, 1, 1, 3, 3, 0, 3, 3, 1, 0, 0, 0, 1, 0, 0, 0, 0, 0, 1, 2, 2, 0, 0, 0, 0, 2, 0, 1, 1, 0, 0, 0, 0, 0, 0],705.0470749739228,58445.79123614564,95781.2895945797,false
46,G4_BALANCED,G1_CMAX,[22, 82, 3, 58, 95, 42, 77, 47, 5, 93, 78, 12, 86, 54, 50, 63, 18, 44, 20, 35, 43, 97, 91, 76, 10, 30, 21, 45, 71, 64, 36, 23, 17, 83, 24, 14, 60, 1, 6, 40, 57, 90, 65, 56, 79, 94, 67, 68, 46, 75, 38, 9, 19, 32, 81, 41, 27, 62, 16, 55, 59, 89, 88, 87, 31, 72, 73, 70, 39, 37, 84, 92, 25, 11, 48, 15, 29, 51, 7, 33, 61, 98, 28, 99, 26, 85, 66, 96, 53, 80, 4, 8, 34, 49, 52, 2, 13, 0, 69, 74]|[1, 0, 1, 0, 1, 2, 2, 2, 2, 2, 1, 1, 1, 0, 0, 1, 0, 2, 2, 0, 1, 2, 0, 1, 2, 2, 0, 0, 1, 2, 1, 2, 1, 0, 2, 0, 1, 1, 0, 1, 1, 1, 0, 2, 1, 1, 0, 0, 0, 0, 1, 1, 2, 1, 2, 0, 0, 0, 1, 2, 1, 1, 1, 1, 1, 2, 1, 2, 1, 1, 1, 0, 1, 2, 2, 1, 0, 0, 1, 2, 1, 2, 0, 1, 1, 0, 0, 2, 0, 0, 1, 1, 2, 0, 1, 0, 0, 0, 1, 2]|[3, 2, 1, 1, 2, 1, 2, 1, 1, 2, 4, 4, 4, 1, 1, 4, 2, 1, 1, 1, 1, 2, 1, 2, 1, 1, 2, 1, 3, 2, 3, 1, 4, 1, 1, 1, 0, 3, 2, 2, 2, 3, 1, 1, 0, 4, 0, 1, 2, 2, 1, 4, 0, 3, 2, 1, 1, 2, 3, 1, 1, 1, 0, 3, 0, 0, 3, 0, 1, 4, 1, 0, 4, 1, 1, 4, 1, 1, 1, 1, 3, 1, 2, 1, 0, 2, 1, 1, 2, 1, 4, 3, 1, 1, 1, 2, 2, 2, 4, 1]|[3, 1, 2, 0, 1, 0, 0, 0, 0, 1, 0, 0, 1, 0, 0, 3, 1, 0, 0, 0, 3, 1, 0, 2, 0, 0, 0, 1, 0, 0, 2, 0, 3, 0, 1, 0, 0, 0, 1, 1, 1, 2, 0, 0, 0, 2, 1, 0, 0, 0, 1, 3, 0, 0, 1, 0, 0, 1, 2, 0, 1, 1, 0, 2, 0, 1, 0, 1, 1, 1, 1, 1, 3, 0, 0, 3, 0, 0, 2, 0, 0, 0, 1, 1, 3, 0, 0, 0, 1, 0, 0, 2, 0, 1, 1, 0, 0, 0, 2, 0],715.7913946700162,58060.95961022334,95287.06515100288,true
46,G2_TEC,G2_TEC,[31, 22, 82, 15, 26, 9, 95, 42, 77, 68, 47, 5, 93, 78, 86, 54, 85, 63, 18, 44, 20, 49, 36, 14, 74, 50, 53, 17, 21, 28, 11, 64, 3, 23, 30, 83, 24, 41, 40, 52, 65, 27, 90, 70, 39, 87, 48, 69, 99, 4, 75, 1, 13, 58, 97, 59, 45, 8, 73, 37, 35, 79, 71, 66, 76, 32, 60, 80, 56, 6, 67, 61, 33, 7, 57, 34, 12, 16, 10, 98, 96, 88, 43, 46, 91, 38, 84, 29, 92, 19, 51, 55, 81, 89, 25, 72, 94, 2, 62, 0]|[2, 1, 2, 1, 1, 2, 1, 1, 1, 1, 1, 0, 2, 2, 1, 2, 0, 0, 0, 2, 2, 1, 0, 2, 0, 2, 2, 1, 0, 1, 1, 1, 0, 0, 1, 0, 2, 1, 2, 2, 0, 0, 1, 1, 0, 2, 0, 2, 1, 0, 0, 2, 0, 0, 2, 0, 1, 1, 0, 0, 2, 1, 1, 2, 2, 0, 1, 2, 2, 1, 2, 1, 1, 2, 0, 1, 1, 2, 1, 2, 0, 1, 1, 0, 1, 0, 0, 1, 0, 1, 1, 0, 1, 1, 1, 1, 2, 2, 1, 0]|[0, 3, 0, 3, 4, 1, 4, 4, 2, 4, 3, 2, 1, 0, 2, 1, 1, 1, 2, 1, 1, 3, 0, 1, 0, 1, 1, 4, 1, 4, 3, 2, 2, 0, 4, 1, 1, 4, 1, 1, 2, 1, 4, 4, 1, 1, 0, 1, 3, 2, 2, 1, 2, 1, 1, 2, 4, 3, 0, 2, 2, 3, 3, 1, 1, 2, 3, 1, 1, 4, 1, 3, 4, 1, 2, 4, 3, 1, 3, 1, 2, 4, 4, 2, 3, 2, 2, 3, 2, 4, 3, 2, 4, 4, 4, 4, 1, 1, 3, 2]|[0, 2, 0, 0, 3, 0, 1, 3, 0, 0, 2, 0, 1, 0, 1, 0, 0, 0, 1, 0, 0, 2, 0, 0, 1, 0, 0, 3, 0, 1, 0, 2, 0, 0, 3, 0, 1, 1, 0, 0, 0, 0, 1, 3, 0, 0, 1, 0, 2, 0, 0, 0, 0, 0, 1, 0, 1, 0, 1, 1, 0, 2, 0, 0, 0, 0, 0, 0, 0, 2, 0, 0, 1, 0, 0, 1, 0, 0, 3, 0, 0, 1, 2, 0, 0, 0, 0, 3, 0, 1, 0, 0, 2, 1, 3, 1, 0, 0, 0, 0],882.7292286260067,49459.99223327485,106461.78347218693,false
46,G3_TWC,G3_TWC,[31, 22, 42, 15, 26, 58, 95, 82, 77, 12, 47, 5, 93, 78, 98, 54, 85, 63, 18, 44, 20, 35, 43, 97, 91, 76, 10, 30, 21, 45, 71, 64, 1, 23, 17, 83, 24, 61, 60, 36, 6, 57, 94, 88, 65, 56, 79, 40, 67, 68, 46, 75, 38, 9, 19, 32, 81, 41, 27, 62, 87, 90, 99, 59, 11, 16, 72, 73, 70, 39, 37, 84, 3, 92, 25, 74, 28, 29, 51, 7, 53, 14, 86, 48, 89, 50, 66, 96, 33, 80, 4, 8, 34, 49, 52, 0, 13, 2, 69, 55]|[1, 1, 0, 1, 1, 1, 2, 1, 2, 1, 2, 2, 2, 1, 1, 0, 0, 1, 0, 2, 2, 0, 1, 2, 0, 1, 2, 2, 0, 0, 1, 2, 1, 2, 1, 0, 2, 0, 1, 1, 0, 1, 1, 1, 0, 2, 1, 1, 0, 0, 0, 0, 1, 1, 2, 1, 2, 0, 0, 0, 2, 1, 0, 1, 2, 1, 2, 1, 1, 1, 1, 1, 2, 0, 1, 2, 0, 0, 0, 1, 0, 1, 0, 0, 1, 0, 0, 0, 2, 0, 0, 1, 2, 0, 1, 0, 0, 0, 1, 1]|[4, 3, 2, 2, 0, 0, 2, 2, 2, 4, 1, 1, 2, 4, 4, 1, 1, 4, 2, 1, 1, 1, 1, 2, 1, 2, 1, 1, 1, 1, 3, 2, 3, 0, 4, 0, 1, 1, 0, 3, 2, 2, 4, 0, 1, 1, 0, 2, 0, 1, 2, 2, 1, 4, 0, 3, 2, 1, 1, 2, 1, 3, 1, 1, 1, 3, 0, 4, 3, 1, 4, 1, 1, 2, 4, 1, 2, 1, 1, 3, 2, 3, 1, 1, 1, 1, 1, 1, 1, 1, 2, 3, 1, 1, 1, 2, 2, 2, 3, 4]|[0, 2, 1, 1, 3, 3, 0, 1, 0, 0, 0, 0, 1, 0, 1, 0, 0, 3, 1, 0, 0, 0, 3, 1, 0, 2, 0, 0, 0, 1, 0, 0, 0, 0, 3, 0, 1, 0, 0, 2, 1, 1, 2, 0, 0, 0, 0, 1, 1, 0, 0, 0, 1, 3, 0, 0, 1, 0, 0, 1, 0, 2, 0, 1, 0, 2, 1, 0, 0, 1, 1, 3, 0, 1, 3, 0, 1, 0, 0, 2, 1, 0, 0, 0, 1, 0, 0, 0, 0, 0, 1, 2, 0, 1, 1, 0, 0, 0, 0, 3],804.6875225521468,57746.82533348298,88068.50778672317,false
46,G1_CMAX,G1_CMAX,[31, 22, 90, 26, 58, 95, 42, 12, 93, 5, 78, 86, 98, 18, 20, 35, 3, 97, 91, 76, 10, 85, 54, 45, 63, 71, 66, 1, 23, 17, 24, 60, 36, 6, 57, 15, 65, 56, 47, 79, 94, 67, 50, 46, 14, 75, 38, 9, 30, 19, 32, 81, 27, 92, 83, 87, 40, 99, 59, 11, 53, 16, 72, 77, 73, 70, 39, 37, 84, 43, 62, 25, 55, 28, 29, 51, 68, 82, 74, 61, 88, 21, 80, 89, 7, 69, 96, 41, 48, 4, 8, 34, 49, 52, 0, 44, 13, 2, 64, 33]|[1, 1, 1, 1, 0, 2, 1, 1, 2, 2, 2, 1, 0, 1, 2, 2, 1, 2, 0, 1, 2, 2, 2, 0, 0, 1, 2, 1, 2, 1, 2, 1, 1, 0, 1, 1, 0, 2, 2, 1, 1, 0, 0, 0, 0, 1, 1, 1, 1, 2, 1, 2, 2, 0, 0, 2, 1, 0, 0, 2, 0, 1, 2, 2, 1, 1, 1, 1, 1, 1, 0, 1, 1, 0, 0, 0, 0, 0, 2, 1, 1, 0, 0, 1, 1, 1, 2, 2, 0, 1, 1, 2, 0, 1, 0, 0, 0, 0, 2, 2]|[0, 4, 3, 0, 1, 1, 2, 4, 1, 1, 2, 4, 1, 4, 1, 1, 1, 2, 2, 2, 2, 1, 1, 1, 2, 3, 2, 3, 0, 4, 1, 0, 3, 2, 2, 2, 1, 1, 1, 0, 2, 0, 1, 2, 1, 3, 1, 4, 2, 0, 3, 2, 1, 2, 1, 1, 4, 1, 1, 1, 2, 3, 0, 2, 4, 3, 1, 4, 1, 1, 1, 4, 4, 2, 1, 1, 1, 2, 1, 3, 0, 1, 1, 1, 1, 3, 1, 1, 1, 4, 3, 1, 1, 1, 2, 2, 2, 2, 1, 1]|[3, 0, 2, 3, 0, 0, 1, 0, 0, 0, 1, 0, 0, 3, 0, 0, 1, 1, 1, 2, 1, 0, 0, 0, 0, 0, 0, 0, 0, 3, 1, 0, 2, 1, 1, 1, 0, 0, 0, 0, 1, 1, 0, 0, 0, 0, 1, 3, 2, 0, 0, 1, 0, 1, 0, 0, 2, 0, 0, 0, 1, 2, 1, 1, 0, 0, 1, 1, 3, 3, 0, 3, 3, 1, 0, 0, 0, 1, 0, 0, 0, 0, 0, 1, 2, 2, 0, 0, 0, 0, 2, 0, 1, 1, 0, 0, 0, 0, 0, 0],705.0470749739228,58445.79123614564,95781.2895945797,false
46,G4_BALANCED,G1_CMAX,[22, 82, 3, 58, 95, 42, 77, 47, 5, 93, 78, 12, 86, 54, 50, 63, 18, 44, 20, 35, 43, 97, 91, 76, 10, 30, 21, 45, 71, 64, 36, 23, 17, 83, 24, 14, 60, 1, 6, 40, 57, 90, 65, 56, 79, 94, 67, 68, 46, 75, 38, 9, 19, 32, 81, 41, 27, 62, 16, 55, 59, 89, 88, 87, 31, 72, 73, 70, 39, 37, 84, 92, 25, 11, 48, 15, 29, 51, 7, 33, 61, 98, 28, 99, 26, 85, 66, 96, 53, 80, 4, 8, 34, 49, 52, 2, 13, 0, 69, 74]|[1, 0, 1, 0, 1, 2, 2, 2, 2, 2, 1, 1, 1, 0, 0, 1, 0, 2, 2, 0, 1, 2, 0, 1, 2, 2, 0, 0, 1, 2, 1, 2, 1, 0, 2, 0, 1, 1, 0, 1, 1, 1, 0, 2, 1, 1, 0, 0, 0, 0, 1, 1, 2, 1, 2, 0, 0, 0, 1, 2, 1, 1, 1, 1, 1, 2, 1, 2, 1, 1, 1, 0, 1, 2, 2, 1, 0, 0, 1, 2, 1, 2, 0, 1, 1, 0, 0, 2, 0, 0, 1, 1, 2, 0, 1, 0, 0, 0, 1, 2]|[3, 2, 1, 1, 2, 1, 2, 1, 1, 2, 4, 4, 4, 1, 1, 4, 2, 1, 1, 1, 1, 2, 1, 2, 1, 1, 2, 1, 3, 2, 3, 1, 4, 1, 1, 1, 0, 3, 2, 2, 2, 3, 1, 1, 0, 4, 0, 1, 2, 2, 1, 4, 0, 3, 2, 1, 1, 2, 3, 1, 1, 1, 0, 3, 0, 0, 3, 0, 1, 4, 1, 0, 4, 1, 1, 4, 1, 1, 1, 1, 3, 1, 2, 1, 0, 2, 1, 1, 2, 1, 4, 3, 1, 1, 1, 2, 2, 2, 4, 1]|[3, 1, 2, 0, 1, 0, 0, 0, 0, 1, 0, 0, 1, 0, 0, 3, 1, 0, 0, 0, 3, 1, 0, 2, 0, 0, 0, 1, 0, 0, 2, 0, 3, 0, 1, 0, 0, 0, 1, 1, 1, 2, 0, 0, 0, 2, 1, 0, 0, 0, 1, 3, 0, 0, 1, 0, 0, 1, 2, 0, 1, 1, 0, 2, 0, 1, 0, 1, 1, 1, 1, 1, 3, 0, 0, 3, 0, 0, 2, 0, 0, 0, 1, 1, 3, 0, 0, 0, 1, 0, 0, 2, 0, 1, 1, 0, 0, 0, 2, 0],715.7913946700162,58060.95961022334,95287.06515100288,true
46,G2_TEC,G2_TEC,[31, 22, 82, 15, 26, 9, 95, 42, 77, 68, 47, 5, 93, 78, 86, 54, 85, 63, 18, 44, 20, 49, 36, 14, 74, 50, 53, 17, 21, 28, 11, 64, 3, 23, 30, 83, 24, 41, 40, 52, 65, 27, 90, 70, 39, 87, 48, 69, 99, 4, 75, 1, 13, 58, 97, 59, 45, 8, 73, 37, 35, 79, 71, 66, 76, 32, 60, 80, 56, 6, 67, 61, 33, 7, 57, 34, 12, 16, 10, 98, 96, 88, 43, 46, 91, 38, 84, 29, 92, 19, 51, 55, 81, 89, 25, 72, 94, 2, 62, 0]|[2, 1, 2, 1, 1, 2, 1, 1, 1, 1, 1, 0, 2, 2, 1, 2, 0, 0, 0, 2, 2, 1, 0, 2, 0, 2, 2, 1, 0, 1, 1, 1, 0, 0, 1, 0, 2, 1, 2, 2, 0, 0, 1, 1, 0, 2, 0, 2, 1, 0, 0, 2, 0, 0, 2, 0, 1, 1, 0, 0, 2, 1, 1, 2, 2, 0, 1, 2, 2, 1, 2, 1, 1, 2, 0, 1, 1, 2, 1, 2, 0, 1, 1, 0, 1, 0, 0, 1, 0, 1, 1, 0, 1, 1, 1, 1, 2, 2, 1, 0]|[0, 3, 0, 3, 4, 1, 4, 4, 2, 4, 3, 2, 1, 0, 2, 1, 1, 1, 2, 1, 1, 3, 0, 1, 0, 1, 1, 4, 1, 4, 3, 2, 2, 0, 4, 1, 1, 4, 1, 1, 2, 1, 4, 4, 1, 1, 0, 1, 3, 2, 2, 1, 2, 1, 1, 2, 4, 3, 0, 2, 2, 3, 3, 1, 1, 2, 3, 1, 1, 4, 1, 3, 4, 1, 2, 4, 3, 1, 3, 1, 2, 4, 4, 2, 3, 2, 2, 3, 2, 4, 3, 2, 4, 4, 4, 4, 1, 1, 3, 2]|[0, 2, 0, 0, 3, 0, 1, 3, 0, 0, 2, 0, 1, 0, 1, 0, 0, 0, 1, 0, 0, 2, 0, 0, 1, 0, 0, 3, 0, 1, 0, 2, 0, 0, 3, 0, 1, 1, 0, 0, 0, 0, 1, 3, 0, 0, 1, 0, 2, 0, 0, 0, 0, 0, 1, 0, 1, 0, 1, 1, 0, 2, 0, 0, 0, 0, 0, 0, 0, 2, 0, 0, 1, 0, 0, 1, 0, 0, 3, 0, 0, 1, 2, 0, 0, 0, 0, 3, 0, 1, 0, 0, 2, 1, 3, 1, 0, 0, 0, 0],882.7292286260067,49459.99223327485,106461.78347218693,false
46,G3_TWC,G3_TWC,[31, 22, 42, 15, 26, 58, 95, 82, 77, 12, 47, 5, 93, 78, 98, 54, 85, 63, 18, 44, 20, 35, 43, 97, 91, 76, 10, 30, 21, 45, 71, 64, 1, 23, 17, 83, 24, 61, 60, 36, 6, 57, 94, 88, 65, 56, 79, 40, 67, 68, 46, 75, 38, 9, 19, 32, 81, 41, 27, 62, 87, 90, 99, 59, 11, 16, 72, 73, 70, 39, 37, 84, 3, 92, 25, 74, 28, 29, 51, 7, 53, 14, 86, 48, 89, 50, 66, 96, 33, 80, 4, 8, 34, 49, 52, 0, 13, 2, 69, 55]|[1, 1, 0, 1, 1, 1, 2, 1, 2, 1, 2, 2, 2, 1, 1, 0, 0, 1, 0, 2, 2, 0, 1, 2, 0, 1, 2, 2, 0, 0, 1, 2, 1, 2, 1, 0, 2, 0, 1, 1, 0, 1, 1, 1, 0, 2, 1, 1, 0, 0, 0, 0, 1, 1, 2, 1, 2, 0, 0, 0, 2, 1, 0, 1, 2, 1, 2, 1, 1, 1, 1, 1, 2, 0, 1, 2, 0, 0, 0, 1, 0, 1, 0, 0, 1, 0, 0, 0, 2, 0, 0, 1, 2, 0, 1, 0, 0, 0, 1, 1]|[4, 3, 2, 2, 0, 0, 2, 2, 2, 4, 1, 1, 2, 4, 4, 1, 1, 4, 2, 1, 1, 1, 1, 2, 1, 2, 1, 1, 1, 1, 3, 2, 3, 0, 4, 0, 1, 1, 0, 3, 2, 2, 4, 0, 1, 1, 0, 2, 0, 1, 2, 2, 1, 4, 0, 3, 2, 1, 1, 2, 1, 3, 1, 1, 1, 3, 0, 4, 3, 1, 4, 1, 1, 2, 4, 1, 2, 1, 1, 3, 2, 3, 1, 1, 1, 1, 1, 1, 1, 1, 2, 3, 1, 1, 1, 2, 2, 2, 3, 4]|[0, 2, 1, 1, 3, 3, 0, 1, 0, 0, 0, 0, 1, 0, 1, 0, 0, 3, 1, 0, 0, 0, 3, 1, 0, 2, 0, 0, 0, 1, 0, 0, 0, 0, 3, 0, 1, 0, 0, 2, 1, 1, 2, 0, 0, 0, 0, 1, 1, 0, 0, 0, 1, 3, 0, 0, 1, 0, 0, 1, 0, 2, 0, 1, 0, 2, 1, 0, 0, 1, 1, 3, 0, 1, 3, 0, 1, 0, 0, 2, 1, 0, 0, 0, 1, 0, 0, 0, 0, 0, 1, 2, 0, 1, 1, 0, 0, 0, 0, 3],804.6875225521468,57746.82533348298,88068.50778672317,false
46,G1_CMAX,G1_CMAX,[31, 22, 90, 26, 58, 95, 42, 12, 93, 5, 78, 86, 98, 18, 20, 35, 3, 97, 91, 76, 10, 85, 54, 45, 63, 71, 66, 1, 23, 17, 24, 60, 36, 6, 57, 15, 65, 56, 47, 79, 94, 67, 50, 46, 14, 75, 38, 9, 30, 19, 32, 81, 27, 92, 83, 87, 40, 99, 59, 11, 53, 16, 72, 77, 73, 70, 39, 37, 84, 43, 62, 25, 55, 28, 29, 51, 68, 82, 74, 61, 88, 21, 80, 89, 7, 69, 96, 41, 48, 4, 8, 34, 49, 52, 0, 44, 13, 2, 64, 33]|[1, 1, 1, 1, 0, 2, 1, 1, 2, 2, 2, 1, 0, 1, 2, 2, 1, 2, 0, 1, 2, 2, 2, 0, 0, 1, 2, 1, 2, 1, 2, 1, 1, 0, 1, 1, 0, 2, 2, 1, 1, 0, 0, 0, 0, 1, 1, 1, 1, 2, 1, 2, 2, 0, 0, 2, 1, 0, 0, 2, 0, 1, 2, 2, 1, 1, 1, 1, 1, 1, 0, 1, 1, 0, 0, 0, 0, 0, 2, 1, 1, 0, 0, 1, 1, 1, 2, 2, 0, 1, 1, 2, 0, 1, 0, 0, 0, 0, 2, 2]|[0, 4, 3, 0, 1, 1, 2, 4, 1, 1, 2, 4, 1, 4, 1, 1, 1, 2, 2, 2, 2, 1, 1, 1, 2, 3, 2, 3, 0, 4, 1, 0, 3, 2, 2, 2, 1, 1, 1, 0, 2, 0, 1, 2, 1, 3, 1, 4, 2, 0, 3, 2, 1, 2, 1, 1, 4, 1, 1, 1, 2, 3, 0, 2, 4, 3, 1, 4, 1, 1, 1, 4, 4, 2, 1, 1, 1, 2, 1, 3, 0, 1, 1, 1, 1, 3, 1, 1, 1, 4, 3, 1, 1, 1, 2, 2, 2, 2, 1, 1]|[3, 0, 2, 3, 0, 0, 1, 0, 0, 0, 1, 0, 0, 3, 0, 0, 1, 1, 1, 2, 1, 0, 0, 0, 0, 0, 0, 0, 0, 3, 1, 0, 2, 1, 1, 1, 0, 0, 0, 0, 1, 1, 0, 0, 0, 0, 1, 3, 2, 0, 0, 1, 0, 1, 0, 0, 2, 0, 0, 0, 1, 2, 1, 1, 0, 0, 1, 1, 3, 3, 0, 3, 3, 1, 0, 0, 0, 1, 0, 0, 0, 0, 0, 1, 2, 2, 0, 0, 0, 0, 2, 0, 1, 1, 0, 0, 0, 0, 0, 0],705.0470749739228,58445.79123614564,95781.2895945797,false
46,G4_BALANCED,G1_CMAX,[22, 82, 3, 58, 95, 42, 77, 47, 5, 93, 78, 12, 86, 54, 50, 63, 18, 44, 20, 35, 43, 97, 91, 76, 10, 30, 21, 45, 71, 64, 36, 23, 17, 83, 24, 14, 60, 1, 6, 40, 57, 90, 65, 56, 79, 94, 67, 68, 46, 75, 38, 9, 19, 32, 81, 41, 27, 62, 16, 55, 59, 89, 88, 87, 31, 72, 73, 70, 39, 37, 84, 92, 25, 11, 48, 15, 29, 51, 7, 33, 61, 98, 28, 99, 26, 85, 66, 96, 53, 80, 4, 8, 34, 49, 52, 2, 13, 0, 69, 74]|[1, 0, 1, 0, 1, 2, 2, 2, 2, 2, 1, 1, 1, 0, 0, 1, 0, 2, 2, 0, 1, 2, 0, 1, 2, 2, 0, 0, 1, 2, 1, 2, 1, 0, 2, 0, 1, 1, 0, 1, 1, 1, 0, 2, 1, 1, 0, 0, 0, 0, 1, 1, 2, 1, 2, 0, 0, 0, 1, 2, 1, 1, 1, 1, 1, 2, 1, 2, 1, 1, 1, 0, 1, 2, 2, 1, 0, 0, 1, 2, 1, 2, 0, 1, 1, 0, 0, 2, 0, 0, 1, 1, 2, 0, 1, 0, 0, 0, 1, 2]|[3, 2, 1, 1, 2, 1, 2, 1, 1, 2, 4, 4, 4, 1, 1, 4, 2, 1, 1, 1, 1, 2, 1, 2, 1, 1, 2, 1, 3, 2, 3, 1, 4, 1, 1, 1, 0, 3, 2, 2, 2, 3, 1, 1, 0, 4, 0, 1, 2, 2, 1, 4, 0, 3, 2, 1, 1, 2, 3, 1, 1, 1, 0, 3, 0, 0, 3, 0, 1, 4, 1, 0, 4, 1, 1, 4, 1, 1, 1, 1, 3, 1, 2, 1, 0, 2, 1, 1, 2, 1, 4, 3, 1, 1, 1, 2, 2, 2, 4, 1]|[3, 1, 2, 0, 1, 0, 0, 0, 0, 1, 0, 0, 1, 0, 0, 3, 1, 0, 0, 0, 3, 1, 0, 2, 0, 0, 0, 1, 0, 0, 2, 0, 3, 0, 1, 0, 0, 0, 1, 1, 1, 2, 0, 0, 0, 2, 1, 0, 0, 0, 1, 3, 0, 0, 1, 0, 0, 1, 2, 0, 1, 1, 0, 2, 0, 1, 0, 1, 1, 1, 1, 1, 3, 0, 0, 3, 0, 0, 2, 0, 0, 0, 1, 1, 3, 0, 0, 0, 1, 0, 0, 2, 0, 1, 1, 0, 0, 0, 2, 0],715.7913946700162,58060.95961022334,95287.06515100288,true
46,G2_TEC,G4_BALANCED,[31, 22, 82, 15, 26, 9, 95, 42, 77, 68, 47, 5, 93, 78, 86, 54, 85, 63, 18, 44, 20, 49, 36, 14, 41, 50, 53, 17, 21, 28, 11, 64, 3, 23, 30, 83, 24, 74, 40, 52, 65, 27, 90, 97, 39, 87, 48, 69, 99, 4, 75, 1, 13, 58, 70, 59, 45, 8, 73, 37, 35, 79, 71, 66, 76, 32, 60, 80, 56, 6, 67, 61, 33, 7, 57, 34, 12, 16, 10, 98, 96, 88, 43, 81, 91, 2, 84, 29, 92, 19, 51, 89, 46, 25, 55, 72, 94, 38, 62, 0]|[2, 1, 2, 1, 1, 2, 1, 1, 1, 1, 1, 0, 2, 2, 1, 2, 0, 0, 0, 2, 2, 1, 0, 2, 0, 2, 2, 1, 0, 1, 1, 1, 0, 0, 1, 0, 2, 1, 2, 2, 0, 0, 1, 1, 0, 2, 0, 2, 1, 0, 0, 2, 0, 0, 2, 0, 1, 1, 0, 0, 2, 1, 1, 2, 2, 0, 2, 2, 2, 1, 2, 1, 1, 2, 0, 1, 1, 2, 1, 2, 0, 1, 1, 1, 1, 0, 0, 1, 0, 1, 1, 1, 0, 1, 0, 1, 2, 0, 1, 2]|[0, 3, 0, 3, 4, 1, 4, 4, 2, 4, 3, 2, 1, 0, 2, 1, 1, 1, 2, 1, 1, 3, 0, 1, 0, 1, 1, 4, 1, 4, 3, 2, 2, 0, 4, 1, 1, 4, 1, 1, 2, 1, 4, 4, 1, 1, 0, 1, 3, 2, 2, 1, 2, 1, 1, 2, 4, 3, 0, 2, 2, 3, 3, 1, 1, 2, 1, 1, 1, 4, 1, 3, 4, 1, 2, 4, 3, 1, 3, 1, 2, 4, 4, 4, 3, 2, 2, 3, 2, 4, 3, 4, 2, 4, 2, 4, 1, 2, 3, 1]|[0, 2, 0, 0, 3, 0, 1, 3, 0, 0, 2, 0, 1, 0, 1, 0, 0, 0, 1, 0, 0, 2, 0, 0, 1, 0, 0, 3, 0, 1, 0, 2, 0, 0, 3, 0, 1, 1, 0, 0, 0, 0, 1, 3, 0, 0, 1, 0, 2, 0, 0, 0, 0, 0, 1, 0, 1, 0, 1, 1, 0, 2, 0, 0, 0, 0, 0, 0, 0, 2, 0, 0, 1, 0, 0, 1, 0, 0, 3, 0, 0, 1, 2, 2, 0, 0, 0, 3, 0, 1, 0, 1, 0, 3, 0, 1, 0, 0, 0, 0],894.8622828593319,49099.14666340324,106393.8281614834,true
46,G3_TWC,G3_TWC,[31, 22, 42, 15, 26, 58, 95, 82, 77, 12, 47, 5, 93, 78, 98, 54, 85, 63, 18, 44, 20, 35, 43, 97, 91, 76, 10, 30, 21, 45, 71, 64, 1, 23, 17, 83, 24, 61, 60, 36, 6, 57, 94, 88, 65, 56, 79, 40, 67, 68, 46, 75, 38, 9, 19, 32, 81, 41, 27, 62, 87, 90, 99, 59, 11, 16, 72, 73, 70, 39, 37, 84, 3, 92, 25, 74, 28, 29, 51, 7, 53, 14, 86, 48, 89, 50, 66, 96, 33, 80, 4, 8, 34, 49, 52, 0, 13, 2, 69, 55]|[1, 1, 0, 1, 1, 1, 2, 1, 2, 1, 2, 2, 2, 1, 1, 0, 0, 1, 0, 2, 2, 0, 1, 2, 0, 1, 2, 2, 0, 0, 1, 2, 1, 2, 1, 0, 2, 0, 1, 1, 0, 1, 1, 1, 0, 2, 1, 1, 0, 0, 0, 0, 1, 1, 2, 1, 2, 0, 0, 0, 2, 1, 0, 1, 2, 1, 2, 1, 1, 1, 1, 1, 2, 0, 1, 2, 0, 0, 0, 1, 0, 1, 0, 0, 1, 0, 0, 0, 2, 0, 0, 1, 2, 0, 1, 0, 0, 0, 1, 1]|[4, 3, 2, 2, 0, 0, 2, 2, 2, 4, 1, 1, 2, 4, 4, 1, 1, 4, 2, 1, 1, 1, 1, 2, 1, 2, 1, 1, 1, 1, 3, 2, 3, 0, 4, 0, 1, 1, 0, 3, 2, 2, 4, 0, 1, 1, 0, 2, 0, 1, 2, 2, 1, 4, 0, 3, 2, 1, 1, 2, 1, 3, 1, 1, 1, 3, 0, 4, 3, 1, 4, 1, 1, 2, 4, 1, 2, 1, 1, 3, 2, 3, 1, 1, 1, 1, 1, 1, 1, 1, 2, 3, 1, 1, 1, 2, 2, 2, 3, 4]|[0, 2, 1, 1, 3, 3, 0, 1, 0, 0, 0, 0, 1, 0, 1, 0, 0, 3, 1, 0, 0, 0, 3, 1, 0, 2, 0, 0, 0, 1, 0, 0, 0, 0, 3, 0, 1, 0, 0, 2, 1, 1, 2, 0, 0, 0, 0, 1, 1, 0, 0, 0, 1, 3, 0, 0, 1, 0, 0, 1, 0, 2, 0, 1, 0, 2, 1, 0, 0, 1, 1, 3, 0, 1, 3, 0, 1, 0, 0, 2, 1, 0, 0, 0, 1, 0, 0, 0, 0, 0, 1, 2, 0, 1, 1, 0, 0, 0, 0, 3],804.6875225521468,57746.82533348298,88068.50778672317,false
46,G1_CMAX,G1_CMAX,[31, 22, 90, 26, 58, 95, 42, 12, 93, 5, 78, 86, 98, 18, 20, 35, 3, 97, 91, 76, 10, 85, 54, 45, 63, 71, 66, 1, 23, 17, 24, 60, 36, 6, 57, 15, 65, 56, 47, 79, 94, 67, 50, 46, 14, 75, 38, 9, 30, 19, 32, 81, 27, 92, 83, 87, 40, 99, 59, 11, 53, 16, 72, 77, 73, 70, 39, 37, 84, 43, 62, 25, 55, 28, 29, 51, 68, 82, 74, 61, 88, 21, 80, 89, 7, 69, 96, 41, 48, 4, 8, 34, 49, 52, 0, 44, 13, 2, 64, 33]|[1, 1, 1, 1, 0, 2, 1, 1, 2, 2, 2, 1, 0, 1, 2, 2, 1, 2, 0, 1, 2, 2, 2, 0, 0, 1, 2, 1, 2, 1, 2, 1, 1, 0, 1, 1, 0, 2, 2, 1, 1, 0, 0, 0, 0, 1, 1, 1, 1, 2, 1, 2, 2, 0, 0, 2, 1, 0, 0, 2, 0, 1, 2, 2, 1, 1, 1, 1, 1, 1, 0, 1, 1, 0, 0, 0, 0, 0, 2, 1, 1, 0, 0, 1, 1, 1, 2, 2, 0, 1, 1, 2, 0, 1, 0, 0, 0, 0, 2, 2]|[0, 4, 3, 0, 1, 1, 2, 4, 1, 1, 2, 4, 1, 4, 1, 1, 1, 2, 2, 2, 2, 1, 1, 1, 2, 3, 2, 3, 0, 4, 1, 0, 3, 2, 2, 2, 1, 1, 1, 0, 2, 0, 1, 2, 1, 3, 1, 4, 2, 0, 3, 2, 1, 2, 1, 1, 4, 1, 1, 1, 2, 3, 0, 2, 4, 3, 1, 4, 1, 1, 1, 4, 4, 2, 1, 1, 1, 2, 1, 3, 0, 1, 1, 1, 1, 3, 1, 1, 1, 4, 3, 1, 1, 1, 2, 2, 2, 2, 1, 1]|[3, 0, 2, 3, 0, 0, 1, 0, 0, 0, 1, 0, 0, 3, 0, 0, 1, 1, 1, 2, 1, 0, 0, 0, 0, 0, 0, 0, 0, 3, 1, 0, 2, 1, 1, 1, 0, 0, 0, 0, 1, 1, 0, 0, 0, 0, 1, 3, 2, 0, 0, 1, 0, 1, 0, 0, 2, 0, 0, 0, 1, 2, 1, 1, 0, 0, 1, 1, 3, 3, 0, 3, 3, 1, 0, 0, 0, 1, 0, 0, 0, 0, 0, 1, 2, 2, 0, 0, 0, 0, 2, 0, 1, 1, 0, 0, 0, 0, 0, 0],705.0470749739228,58445.79123614564,95781.2895945797,false
46,G4_BALANCED,G1_CMAX,[22, 82, 3, 58, 95, 42, 77, 47, 5, 93, 78, 12, 86, 54, 50, 63, 18, 44, 20, 35, 43, 97, 91, 76, 10, 30, 21, 45, 71, 64, 36, 23, 17, 83, 24, 14, 60, 1, 6, 40, 57, 90, 65, 56, 79, 94, 67, 68, 46, 75, 38, 9, 19, 32, 81, 41, 27, 62, 16, 55, 59, 89, 88, 87, 31, 72, 73, 70, 39, 37, 84, 92, 25, 11, 48, 15, 29, 51, 7, 33, 61, 98, 28, 99, 26, 85, 66, 96, 53, 80, 4, 8, 34, 49, 52, 2, 13, 0, 69, 74]|[1, 0, 1, 0, 1, 2, 2, 2, 2, 2, 1, 1, 1, 0, 0, 1, 0, 2, 2, 0, 1, 2, 0, 1, 2, 2, 0, 0, 1, 2, 1, 2, 1, 0, 2, 0, 1, 1, 0, 1, 1, 1, 0, 2, 1, 1, 0, 0, 0, 0, 1, 1, 2, 1, 2, 0, 0, 0, 1, 2, 1, 1, 1, 1, 1, 2, 1, 2, 1, 1, 1, 0, 1, 2, 2, 1, 0, 0, 1, 2, 1, 2, 0, 1, 1, 0, 0, 2, 0, 0, 1, 1, 2, 0, 1, 0, 0, 0, 1, 2]|[3, 2, 1, 1, 2, 1, 2, 1, 1, 2, 4, 4, 4, 1, 1, 4, 2, 1, 1, 1, 1, 2, 1, 2, 1, 1, 2, 1, 3, 2, 3, 1, 4, 1, 1, 1, 0, 3, 2, 2, 2, 3, 1, 1, 0, 4, 0, 1, 2, 2, 1, 4, 0, 3, 2, 1, 1, 2, 3, 1, 1, 1, 0, 3, 0, 0, 3, 0, 1, 4, 1, 0, 4, 1, 1, 4, 1, 1, 1, 1, 3, 1, 2, 1, 0, 2, 1, 1, 2, 1, 4, 3, 1, 1, 1, 2, 2, 2, 4, 1]|[3, 1, 2, 0, 1, 0, 0, 0, 0, 1, 0, 0, 1, 0, 0, 3, 1, 0, 0, 0, 3, 1, 0, 2, 0, 0, 0, 1, 0, 0, 2, 0, 3, 0, 1, 0, 0, 0, 1, 1, 1, 2, 0, 0, 0, 2, 1, 0, 0, 0, 1, 3, 0, 0, 1, 0, 0, 1, 2, 0, 1, 1, 0, 2, 0, 1, 0, 1, 1, 1, 1, 1, 3, 0, 0, 3, 0, 0, 2, 0, 0, 0, 1, 1, 3, 0, 0, 0, 1, 0, 0, 2, 0, 1, 1, 0, 0, 0, 2, 0],715.7913946700162,58060.95961022334,95287.06515100288,true
46,G2_TEC,G4_BALANCED,[31, 11, 82, 15, 26, 9, 95, 42, 77, 68, 47, 5, 93, 78, 86, 54, 85, 63, 18, 44, 20, 49, 36, 14, 74, 50, 53, 17, 21, 45, 71, 64, 3, 23, 30, 83, 24, 41, 60, 52, 65, 27, 90, 70, 39, 87, 48, 69, 99, 4, 46, 1, 13, 58, 97, 59, 28, 75, 73, 37, 35, 79, 22, 66, 76, 32, 40, 80, 96, 6, 61, 16, 7, 33, 57, 34, 12, 67, 10, 98, 56, 88, 29, 8, 91, 38, 19, 92, 43, 84, 51, 72, 81, 25, 94, 55, 0, 89, 2, 62]|[2, 1, 2, 1, 1, 2, 1, 1, 1, 1, 1, 0, 2, 2, 1, 2, 0, 0, 0, 2, 2, 1, 0, 2, 0, 2, 2, 1, 0, 1, 1, 1, 0, 0, 1, 0, 2, 1, 2, 2, 0, 0, 1, 1, 0, 2, 0, 2, 1, 0, 0, 2, 0, 0, 2, 0, 1, 1, 0, 0, 2, 1, 0, 2, 2, 0, 2, 2, 0, 1, 2, 2, 2, 1, 0, 1, 1, 1, 1, 2, 2, 1, 1, 0, 1, 0, 1, 0, 1, 0, 1, 1, 1, 1, 2, 0, 0, 1, 2, 1]|[0, 3, 0, 2, 4, 1, 4, 4, 2, 4, 3, 2, 1, 0, 2, 1, 1, 1, 2, 1, 1, 3, 0, 1, 0, 1, 1, 4, 1, 4, 3, 2, 2, 0, 4, 1, 1, 4, 0, 1, 2, 1, 4, 4, 1, 1, 0, 2, 3, 1, 2, 1, 2, 1, 1, 2, 4, 3, 0, 2, 2, 3, 1, 0, 1, 2, 0, 1, 2, 4, 1, 1, 1, 4, 2, 4, 3, 3, 3, 1, 1, 4, 3, 2, 3, 2, 4, 2, 4, 2, 3, 4, 1, 4, 1, 2, 2, 4, 1, 3]|[0, 2, 0, 1, 3, 0, 1, 3, 0, 0, 2, 0, 1, 0, 1, 0, 0, 0, 1, 0, 0, 2, 0, 0, 1, 0, 0, 3, 0, 1, 0, 2, 0, 1, 3, 0, 1, 3, 1, 0, 0, 0, 1, 3, 0, 0, 1, 0, 2, 0, 0, 0, 0, 0, 1, 0, 1, 0, 1, 1, 0, 2, 0, 0, 0, 0, 1, 0, 0, 2, 0, 0, 0, 1, 0, 1, 0, 0, 3, 0, 0, 1, 0, 0, 0, 0, 3, 0, 2, 0, 0, 2, 1, 3, 0, 0, 0, 1, 0, 0],843.8855010804491,52510.30755899072,105664.6447807653,true
46,G3_TWC,G3_TWC,[31, 22, 42, 15, 26, 58, 95, 82, 77, 12, 47, 5, 93, 78, 98, 54, 85, 63, 18, 44, 20, 35, 43, 97, 91, 76, 10, 30, 21, 45, 71, 64, 1, 23, 17, 83, 24, 61, 60, 36, 6, 57, 94, 88, 65, 56, 79, 40, 67, 68, 46, 75, 38, 9, 19, 32, 81, 41, 27, 62, 87, 90, 99, 59, 11, 16, 72, 73, 70, 39, 37, 84, 3, 92, 25, 74, 28, 29, 51, 7, 53, 14, 86, 48, 89, 50, 66, 96, 33, 80, 4, 8, 34, 49, 52, 0, 13, 2, 69, 55]|[1, 1, 0, 1, 1, 1, 2, 1, 2, 1, 2, 2, 2, 1, 1, 0, 0, 1, 0, 2, 2, 0, 1, 2, 0, 1, 2, 2, 0, 0, 1, 2, 1, 2, 1, 0, 2, 0, 1, 1, 0, 1, 1, 1, 0, 2, 1, 1, 0, 0, 0, 0, 1, 1, 2, 1, 2, 0, 0, 0, 2, 1, 0, 1, 2, 1, 2, 1, 1, 1, 1, 1, 2, 0, 1, 2, 0, 0, 0, 1, 0, 1, 0, 0, 1, 0, 0, 0, 2, 0, 0, 1, 2, 0, 1, 0, 0, 0, 1, 1]|[4, 3, 2, 2, 0, 0, 2, 2, 2, 4, 1, 1, 2, 4, 4, 1, 1, 4, 2, 1, 1, 1, 1, 2, 1, 2, 1, 1, 1, 1, 3, 2, 3, 0, 4, 0, 1, 1, 0, 3, 2, 2, 4, 0, 1, 1, 0, 2, 0, 1, 2, 2, 1, 4, 0, 3, 2, 1, 1, 2, 1, 3, 1, 1, 1, 3, 0, 4, 3, 1, 4, 1, 1, 2, 4, 1, 2, 1, 1, 3, 2, 3, 1, 1, 1, 1, 1, 1, 1, 1, 2, 3, 1, 1, 1, 2, 2, 2, 3, 4]|[0, 2, 1, 1, 3, 3, 0, 1, 0, 0, 0, 0, 1, 0, 1, 0, 0, 3, 1, 0, 0, 0, 3, 1, 0, 2, 0, 0, 0, 1, 0, 0, 0, 0, 3, 0, 1, 0, 0, 2, 1, 1, 2, 0, 0, 0, 0, 1, 1, 0, 0, 0, 1, 3, 0, 0, 1, 0, 0, 1, 0, 2, 0, 1, 0, 2, 1, 0, 0, 1, 1, 3, 0, 1, 3, 0, 1, 0, 0, 2, 1, 0, 0, 0, 1, 0, 0, 0, 0, 0, 1, 2, 0, 1, 1, 0, 0, 0, 0, 3],804.6875225521468,57746.82533348298,88068.50778672317,false
46,G1_CMAX,G1_CMAX,[31, 22, 90, 26, 58, 95, 42, 12, 93, 5, 78, 86, 98, 18, 20, 35, 3, 97, 91, 76, 10, 85, 54, 45, 63, 71, 66, 1, 23, 17, 24, 60, 36, 6, 57, 15, 65, 56, 47, 79, 94, 67, 50, 46, 14, 75, 38, 9, 30, 19, 32, 81, 27, 92, 83, 87, 40, 99, 59, 11, 53, 16, 72, 77, 73, 70, 39, 37, 84, 43, 62, 25, 55, 28, 29, 51, 68, 82, 74, 61, 88, 21, 80, 89, 7, 69, 96, 41, 48, 4, 8, 34, 49, 52, 0, 44, 13, 2, 64, 33]|[1, 1, 1, 1, 0, 2, 1, 1, 2, 2, 2, 1, 0, 1, 2, 2, 1, 2, 0, 1, 2, 2, 2, 0, 0, 1, 2, 1, 2, 1, 2, 1, 1, 0, 1, 1, 0, 2, 2, 1, 1, 0, 0, 0, 0, 1, 1, 1, 1, 2, 1, 2, 2, 0, 0, 2, 1, 0, 0, 2, 0, 1, 2, 2, 1, 1, 1, 1, 1, 1, 0, 1, 1, 0, 0, 0, 0, 0, 2, 1, 1, 0, 0, 1, 1, 1, 2, 2, 0, 1, 1, 2, 0, 1, 0, 0, 0, 0, 2, 2]|[0, 4, 3, 0, 1, 1, 2, 4, 1, 1, 2, 4, 1, 4, 1, 1, 1, 2, 2, 2, 2, 1, 1, 1, 2, 3, 2, 3, 0, 4, 1, 0, 3, 2, 2, 2, 1, 1, 1, 0, 2, 0, 1, 2, 1, 3, 1, 4, 2, 0, 3, 2, 1, 2, 1, 1, 4, 1, 1, 1, 2, 3, 0, 2, 4, 3, 1, 4, 1, 1, 1, 4, 4, 2, 1, 1, 1, 2, 1, 3, 0, 1, 1, 1, 1, 3, 1, 1, 1, 4, 3, 1, 1, 1, 2, 2, 2, 2, 1, 1]|[3, 0, 2, 3, 0, 0, 1, 0, 0, 0, 1, 0, 0, 3, 0, 0, 1, 1, 1, 2, 1, 0, 0, 0, 0, 0, 0, 0, 0, 3, 1, 0, 2, 1, 1, 1, 0, 0, 0, 0, 1, 1, 0, 0, 0, 0, 1, 3, 2, 0, 0, 1, 0, 1, 0, 0, 2, 0, 0, 0, 1, 2, 1, 1, 0, 0, 1, 1, 3, 3, 0, 3, 3, 1, 0, 0, 0, 1, 0, 0, 0, 0, 0, 1, 2, 2, 0, 0, 0, 0, 2, 0, 1, 1, 0, 0, 0, 0, 0, 0],705.0470749739228,58445.79123614564,95781.2895945797,false
46,G4_BALANCED,G1_CMAX,[22, 82, 3, 58, 95, 42, 77, 47, 5, 93, 78, 12, 86, 54, 50, 63, 18, 44, 20, 35, 43, 97, 91, 76, 10, 30, 21, 45, 71, 64, 36, 23, 17, 83, 24, 14, 60, 1, 6, 40, 57, 90, 65, 56, 79, 94, 67, 68, 46, 75, 38, 9, 19, 32, 81, 41, 27, 62, 16, 55, 59, 89, 88, 87, 31, 72, 73, 70, 39, 37, 84, 92, 25, 11, 48, 15, 29, 51, 7, 33, 61, 98, 28, 99, 26, 85, 66, 96, 53, 80, 4, 8, 34, 49, 52, 2, 13, 0, 69, 74]|[1, 0, 1, 0, 1, 2, 2, 2, 2, 2, 1, 1, 1, 0, 0, 1, 0, 2, 2, 0, 1, 2, 0, 1, 2, 2, 0, 0, 1, 2, 1, 2, 1, 0, 2, 0, 1, 1, 0, 1, 1, 1, 0, 2, 1, 1, 0, 0, 0, 0, 1, 1, 2, 1, 2, 0, 0, 0, 1, 2, 1, 1, 1, 1, 1, 2, 1, 2, 1, 1, 1, 0, 1, 2, 2, 1, 0, 0, 1, 2, 1, 2, 0, 1, 1, 0, 0, 2, 0, 0, 1, 1, 2, 0, 1, 0, 0, 0, 1, 2]|[3, 2, 1, 1, 2, 1, 2, 1, 1, 2, 4, 4, 4, 1, 1, 4, 2, 1, 1, 1, 1, 2, 1, 2, 1, 1, 2, 1, 3, 2, 3, 1, 4, 1, 1, 1, 0, 3, 2, 2, 2, 3, 1, 1, 0, 4, 0, 1, 2, 2, 1, 4, 0, 3, 2, 1, 1, 2, 3, 1, 1, 1, 0, 3, 0, 0, 3, 0, 1, 4, 1, 0, 4, 1, 1, 4, 1, 1, 1, 1, 3, 1, 2, 1, 0, 2, 1, 1, 2, 1, 4, 3, 1, 1, 1, 2, 2, 2, 4, 1]|[3, 1, 2, 0, 1, 0, 0, 0, 0, 1, 0, 0, 1, 0, 0, 3, 1, 0, 0, 0, 3, 1, 0, 2, 0, 0, 0, 1, 0, 0, 2, 0, 3, 0, 1, 0, 0, 0, 1, 1, 1, 2, 0, 0, 0, 2, 1, 0, 0, 0, 1, 3, 0, 0, 1, 0, 0, 1, 2, 0, 1, 1, 0, 2, 0, 1, 0, 1, 1, 1, 1, 1, 3, 0, 0, 3, 0, 0, 2, 0, 0, 0, 1, 1, 3, 0, 0, 0, 1, 0, 0, 2, 0, 1, 1, 0, 0, 0, 2, 0],715.7913946700162,58060.95961022334,95287.06515100288,true
46,G2_TEC,G1_CMAX,[31, 22, 82, 15, 26, 99, 95, 42, 77, 12, 47, 5, 93, 78, 86, 54, 21, 63, 18, 44, 20, 35, 43, 97, 91, 76, 10, 30, 85, 45, 71, 64, 1, 23, 17, 83, 24, 14, 60, 36, 6, 57, 40, 88, 65, 56, 79, 94, 67, 68, 46, 75, 38, 9, 19, 32, 41, 81, 27, 87, 90, 58, 59, 11, 16, 72, 73, 70, 39, 37, 84, 3, 92, 25, 55, 48, 62, 29, 51, 96, 33, 61, 98, 66, 89, 50, 4, 7, 53, 80, 8, 28, 34, 49, 52, 0, 74, 69, 2, 13]|[1, 1, 0, 1, 1, 0, 1, 1, 2, 1, 2, 2, 2, 1, 1, 0, 0, 1, 0, 2, 2, 0, 1, 2, 0, 1, 2, 2, 0, 0, 1, 2, 1, 2, 1, 0, 2, 0, 1, 1, 0, 1, 1, 1, 0, 2, 1, 1, 0, 0, 0, 0, 1, 1, 2, 1, 0, 2, 0, 2, 1, 0, 1, 2, 1, 2, 1, 1, 1, 1, 1, 1, 0, 1, 2, 0, 2, 0, 0, 2, 2, 1, 2, 2, 1, 0, 1, 2, 0, 0, 1, 0, 2, 0, 1, 0, 2, 1, 0, 0]|[0, 3, 2, 2, 4, 1, 2, 3, 2, 4, 1, 1, 2, 4, 4, 1, 1, 4, 2, 1, 1, 1, 1, 2, 1, 2, 1, 1, 2, 1, 3, 2, 3, 0, 4, 0, 1, 1, 0, 3, 2, 2, 2, 0, 1, 1, 0, 4, 0, 1, 2, 2, 1, 4, 0, 3, 1, 1, 1, 1, 3, 1, 1, 1, 3, 0, 4, 3, 1, 4, 1, 1, 0, 4, 1, 1, 1, 1, 1, 1, 1, 3, 1, 1, 1, 1, 4, 1, 2, 1, 3, 2, 1, 1, 1, 2, 1, 4, 2, 2]|[0, 2, 1, 1, 3, 0, 1, 3, 0, 0, 0, 0, 1, 0, 1, 0, 0, 3, 1, 0, 0, 0, 3, 1, 0, 2, 0, 0, 0, 1, 0, 0, 0, 0, 3, 0, 1, 0, 0, 2, 1, 1, 1, 0, 0, 0, 0, 2, 1, 0, 0, 0, 1, 3, 0, 0, 0, 0, 0, 0, 2, 0, 1, 0, 2, 1, 0, 0, 1, 1, 3, 1, 1, 3, 0, 0, 0, 0, 0, 0, 0, 0, 0, 0, 1, 0, 0, 0, 1, 0, 2, 1, 0, 1, 1, 0, 0, 2, 0, 0],729.4630855162613,56977.85706863535,93928.98543188533,true
46,G3_TWC,G3_TWC,[31, 22, 42, 15, 26, 58, 95, 82, 77, 12, 47, 5, 93, 78, 98, 54, 85, 63, 18, 44, 20, 35, 43, 97, 91, 76, 10, 30, 21, 45, 71, 64, 1, 23, 17, 83, 24, 61, 60, 36, 6, 57, 94, 88, 65, 56, 79, 40, 67, 68, 46, 75, 38, 9, 19, 32, 81, 41, 27, 62, 87, 90, 99, 59, 11, 16, 72, 73, 70, 39, 37, 84, 3, 92, 25, 74, 28, 29, 51, 7, 53, 14, 86, 48, 89, 50, 66, 96, 33, 80, 4, 8, 34, 49, 52, 0, 13, 2, 69, 55]|[1, 1, 0, 1, 1, 1, 2, 1, 2, 1, 2, 2, 2, 1, 1, 0, 0, 1, 0, 2, 2, 0, 1, 2, 0, 1, 2, 2, 0, 0, 1, 2, 1, 2, 1, 0, 2, 0, 1, 1, 0, 1, 1, 1, 0, 2, 1, 1, 0, 0, 0, 0, 1, 1, 2, 1, 2, 0, 0, 0, 2, 1, 0, 1, 2, 1, 2, 1, 1, 1, 1, 1, 2, 0, 1, 2, 0, 0, 0, 1, 0, 1, 0, 0, 1, 0, 0, 0, 2, 0, 0, 1, 2, 0, 1, 0, 0, 0, 1, 1]|[4, 3, 2, 2, 0, 0, 2, 2, 2, 4, 1, 1, 2, 4, 4, 1, 1, 4, 2, 1, 1, 1, 1, 2, 1, 2, 1, 1, 1, 1, 3, 2, 3, 0, 4, 0, 1, 1, 0, 3, 2, 2, 4, 0, 1, 1, 0, 2, 0, 1, 2, 2, 1, 4, 0, 3, 2, 1, 1, 2, 1, 3, 1, 1, 1, 3, 0, 4, 3, 1, 4, 1, 1, 2, 4, 1, 2, 1, 1, 3, 2, 3, 1, 1, 1, 1, 1, 1, 1, 1, 2, 3, 1, 1, 1, 2, 2, 2, 3, 4]|[0, 2, 1, 1, 3, 3, 0, 1, 0, 0, 0, 0, 1, 0, 1, 0, 0, 3, 1, 0, 0, 0, 3, 1, 0, 2, 0, 0, 0, 1, 0, 0, 0, 0, 3, 0, 1, 0, 0, 2, 1, 1, 2, 0, 0, 0, 0, 1, 1, 0, 0, 0, 1, 3, 0, 0, 1, 0, 0, 1, 0, 2, 0, 1, 0, 2, 1, 0, 0, 1, 1, 3, 0, 1, 3, 0, 1, 0, 0, 2, 1, 0, 0, 0, 1, 0, 0, 0, 0, 0, 1, 2, 0, 1, 1, 0, 0, 0, 0, 3],804.6875225521468,57746.82533348298,88068.50778672317,false
46,G1_CMAX,G1_CMAX,[31, 22, 90, 26, 58, 95, 42, 12, 93, 5, 78, 86, 98, 18, 20, 35, 3, 97, 91, 76, 10, 85, 54, 45, 63, 71, 66, 1, 23, 17, 24, 60, 36, 6, 57, 15, 65, 56, 47, 79, 94, 67, 50, 46, 14, 75, 38, 9, 30, 19, 32, 81, 27, 92, 83, 87, 40, 99, 59, 11, 53, 16, 72, 77, 73, 70, 39, 37, 84, 43, 62, 25, 55, 28, 29, 51, 68, 82, 74, 61, 88, 21, 80, 89, 7, 69, 96, 41, 48, 4, 8, 34, 49, 52, 0, 44, 13, 2, 64, 33]|[1, 1, 1, 1, 0, 2, 1, 1, 2, 2, 2, 1, 0, 1, 2, 2, 1, 2, 0, 1, 2, 2, 2, 0, 0, 1, 2, 1, 2, 1, 2, 1, 1, 0, 1, 1, 0, 2, 2, 1, 1, 0, 0, 0, 0, 1, 1, 1, 1, 2, 1, 2, 2, 0, 0, 2, 1, 0, 0, 2, 0, 1, 2, 2, 1, 1, 1, 1, 1, 1, 0, 1, 1, 0, 0, 0, 0, 0, 2, 1, 1, 0, 0, 1, 1, 1, 2, 2, 0, 1, 1, 2, 0, 1, 0, 0, 0, 0, 2, 2]|[0, 4, 3, 0, 1, 1, 2, 4, 1, 1, 2, 4, 1, 4, 1, 1, 1, 2, 2, 2, 2, 1, 1, 1, 2, 3, 2, 3, 0, 4, 1, 0, 3, 2, 2, 2, 1, 1, 1, 0, 2, 0, 1, 2, 1, 3, 1, 4, 2, 0, 3, 2, 1, 2, 1, 1, 4, 1, 1, 1, 2, 3, 0, 2, 4, 3, 1, 4, 1, 1, 1, 4, 4, 2, 1, 1, 1, 2, 1, 3, 0, 1, 1, 1, 1, 3, 1, 1, 1, 4, 3, 1, 1, 1, 2, 2, 2, 2, 1, 1]|[3, 0, 2, 3, 0, 0, 1, 0, 0, 0, 1, 0, 0, 3, 0, 0, 1, 1, 1, 2, 1, 0, 0, 0, 0, 0, 0, 0, 0, 3, 1, 0, 2, 1, 1, 1, 0, 0, 0, 0, 1, 1, 0, 0, 0, 0, 1, 3, 2, 0, 0, 1, 0, 1, 0, 0, 2, 0, 0, 0, 1, 2, 1, 1, 0, 0, 1, 1, 3, 3, 0, 3, 3, 1, 0, 0, 0, 1, 0, 0, 0, 0, 0, 1, 2, 2, 0, 0, 0, 0, 2, 0, 1, 1, 0, 0, 0, 0, 0, 0],705.0470749739228,58445.79123614564,95781.2895945797,false
46,G4_BALANCED,G1_CMAX,[22, 82, 3, 58, 95, 42, 77, 47, 5, 93, 78, 12, 86, 54, 50, 63, 18, 44, 20, 35, 43, 97, 91, 76, 10, 30, 21, 45, 71, 64, 36, 23, 17, 83, 24, 14, 60, 1, 6, 40, 57, 90, 65, 56, 79, 94, 67, 68, 46, 75, 38, 9, 19, 32, 81, 41, 27, 62, 16, 55, 59, 89, 88, 87, 31, 72, 73, 70, 39, 37, 84, 92, 25, 11, 48, 15, 29, 51, 7, 33, 61, 98, 28, 99, 26, 85, 66, 96, 53, 80, 4, 8, 34, 49, 52, 2, 13, 0, 69, 74]|[1, 0, 1, 0, 1, 2, 2, 2, 2, 2, 1, 1, 1, 0, 0, 1, 0, 2, 2, 0, 1, 2, 0, 1, 2, 2, 0, 0, 1, 2, 1, 2, 1, 0, 2, 0, 1, 1, 0, 1, 1, 1, 0, 2, 1, 1, 0, 0, 0, 0, 1, 1, 2, 1, 2, 0, 0, 0, 1, 2, 1, 1, 1, 1, 1, 2, 1, 2, 1, 1, 1, 0, 1, 2, 2, 1, 0, 0, 1, 2, 1, 2, 0, 1, 1, 0, 0, 2, 0, 0, 1, 1, 2, 0, 1, 0, 0, 0, 1, 2]|[3, 2, 1, 1, 2, 1, 2, 1, 1, 2, 4, 4, 4, 1, 1, 4, 2, 1, 1, 1, 1, 2, 1, 2, 1, 1, 2, 1, 3, 2, 3, 1, 4, 1, 1, 1, 0, 3, 2, 2, 2, 3, 1, 1, 0, 4, 0, 1, 2, 2, 1, 4, 0, 3, 2, 1, 1, 2, 3, 1, 1, 1, 0, 3, 0, 0, 3, 0, 1, 4, 1, 0, 4, 1, 1, 4, 1, 1, 1, 1, 3, 1, 2, 1, 0, 2, 1, 1, 2, 1, 4, 3, 1, 1, 1, 2, 2, 2, 4, 1]|[3, 1, 2, 0, 1, 0, 0, 0, 0, 1, 0, 0, 1, 0, 0, 3, 1, 0, 0, 0, 3, 1, 0, 2, 0, 0, 0, 1, 0, 0, 2, 0, 3, 0, 1, 0, 0, 0, 1, 1, 1, 2, 0, 0, 0, 2, 1, 0, 0, 0, 1, 3, 0, 0, 1, 0, 0, 1, 2, 0, 1, 1, 0, 2, 0, 1, 0, 1, 1, 1, 1, 1, 3, 0, 0, 3, 0, 0, 2, 0, 0, 0, 1, 1, 3, 0, 0, 0, 1, 0, 0, 2, 0, 1, 1, 0, 0, 0, 2, 0],715.7913946700162,58060.95961022334,95287.06515100288,true
46,G2_TEC,G2_TEC,[31, 22, 82, 15, 26, 9, 95, 42, 77, 68, 47, 5, 93, 78, 86, 54, 85, 63, 18, 44, 20, 49, 36, 14, 74, 50, 53, 17, 21, 28, 11, 64, 3, 23, 30, 83, 24, 41, 40, 52, 65, 27, 90, 70, 39, 87, 48, 69, 99, 4, 46, 1, 13, 58, 97, 59, 45, 8, 73, 37, 35, 79, 71, 66, 76, 32, 60, 80, 56, 6, 67, 61, 33, 7, 57, 34, 12, 16, 10, 98, 96, 88, 43, 81, 91, 2, 84, 29, 92, 19, 51, 89, 75, 55, 25, 72, 94, 38, 62, 0]|[2, 1, 2, 1, 1, 2, 1, 1, 1, 1, 1, 0, 2, 2, 1, 2, 0, 0, 0, 2, 2, 1, 0, 2, 0, 2, 2, 1, 0, 1, 1, 1, 0, 0, 1, 0, 2, 1, 2, 2, 0, 0, 1, 1, 0, 2, 0, 2, 1, 0, 0, 2, 0, 0, 2, 0, 1, 1, 0, 0, 2, 1, 1, 2, 2, 0, 2, 2, 2, 1, 2, 1, 1, 2, 0, 1, 1, 2, 1, 2, 0, 1, 1, 1, 1, 0, 0, 1, 0, 1, 1, 1, 0, 0, 1, 1, 2, 0, 1, 0]|[0, 3, 0, 3, 4, 1, 4, 4, 2, 4, 3, 2, 1, 0, 2, 1, 1, 1, 2, 1, 1, 3, 0, 1, 0, 1, 1, 4, 1, 4, 3, 2, 2, 0, 4, 1, 1, 4, 1, 1, 2, 1, 4, 4, 1, 1, 0, 1, 3, 2, 2, 1, 2, 1, 1, 2, 4, 3, 0, 2, 2, 3, 3, 1, 1, 2, 1, 1, 1, 4, 1, 3, 4, 1, 2, 4, 3, 1, 3, 1, 2, 4, 4, 4, 3, 2, 2, 3, 2, 4, 3, 4, 2, 2, 4, 4, 1, 2, 3, 2]|[0, 2, 0, 0, 3, 0, 1, 3, 0, 0, 2, 0, 0, 0, 1, 0, 0, 0, 1, 0, 0, 2, 0, 0, 1, 0, 0, 3, 0, 1, 0, 2, 0, 0, 3, 0, 1, 1, 0, 0, 0, 0, 1, 3, 0, 0, 1, 0, 2, 0, 0, 0, 0, 0, 1, 0, 1, 0, 1, 1, 0, 2, 0, 0, 0, 0, 0, 0, 0, 2, 0, 0, 1, 0, 0, 1, 0, 0, 3, 0, 0, 1, 2, 2, 0, 0, 0, 3, 0, 1, 0, 1, 0, 0, 3, 1, 0, 0, 0, 0],931.35319649833,48904.64914180878,108427.19628251252,false
46,G3_TWC,G3_TWC,[31, 22, 42, 15, 26, 58, 95, 82, 77, 12, 47, 5, 93, 78, 98, 54, 85, 63, 18, 44, 20, 35, 43, 97, 91, 76, 10, 30, 21, 45, 71, 64, 1, 23, 17, 83, 24, 61, 60, 36, 6, 57, 94, 88, 65, 56, 79, 40, 67, 68, 46, 75, 38, 9, 19, 32, 81, 41, 27, 62, 87, 90, 99, 59, 11, 16, 72, 73, 70, 39, 37, 84, 3, 92, 25, 74, 28, 29, 51, 7, 53, 14, 86, 48, 89, 50, 66, 96, 33, 80, 4, 8, 34, 49, 52, 0, 13, 2, 69, 55]|[1, 1, 0, 1, 1, 1, 2, 1, 2, 1, 2, 2, 2, 1, 1, 0, 0, 1, 0, 2, 2, 0, 1, 2, 0, 1, 2, 2, 0, 0, 1, 2, 1, 2, 1, 0, 2, 0, 1, 1, 0, 1, 1, 1, 0, 2, 1, 1, 0, 0, 0, 0, 1, 1, 2, 1, 2, 0, 0, 0, 2, 1, 0, 1, 2, 1, 2, 1, 1, 1, 1, 1, 2, 0, 1, 2, 0, 0, 0, 1, 0, 1, 0, 0, 1, 0, 0, 0, 2, 0, 0, 1, 2, 0, 1, 0, 0, 0, 1, 1]|[4, 3, 2, 2, 0, 0, 2, 2, 2, 4, 1, 1, 2, 4, 4, 1, 1, 4, 2, 1, 1, 1, 1, 2, 1, 2, 1, 1, 1, 1, 3, 2, 3, 0, 4, 0, 1, 1, 0, 3, 2, 2, 4, 0, 1, 1, 0, 2, 0, 1, 2, 2, 1, 4, 0, 3, 2, 1, 1, 2, 1, 3, 1, 1, 1, 3, 0, 4, 3, 1, 4, 1, 1, 2, 4, 1, 2, 1, 1, 3, 2, 3, 1, 1, 1, 1, 1, 1, 1, 1, 2, 3, 1, 1, 1, 2, 2, 2, 3, 4]|[0, 2, 1, 1, 3, 3, 0, 1, 0, 0, 0, 0, 1, 0, 1, 0, 0, 3, 1, 0, 0, 0, 3, 1, 0, 2, 0, 0, 0, 1, 0, 0, 0, 0, 3, 0, 1, 0, 0, 2, 1, 1, 2, 0, 0, 0, 0, 1, 1, 0, 0, 0, 1, 3, 0, 0, 1, 0, 0, 1, 0, 2, 0, 1, 0, 2, 1, 0, 0, 1, 1, 3, 0, 1, 3, 0, 1, 0, 0, 2, 1, 0, 0, 0, 1, 0, 0, 0, 0, 0, 1, 2, 0, 1, 1, 0, 0, 0, 0, 3],804.6875225521468,57746.82533348298,88068.50778672317,false
46,G1_CMAX,G1_CMAX,[31, 22, 90, 26, 58, 95, 42, 12, 93, 5, 78, 86, 98, 18, 20, 35, 3, 97, 91, 76, 10, 85, 54, 45, 63, 71, 66, 1, 23, 17, 24, 60, 36, 6, 57, 15, 65, 56, 47, 79, 94, 67, 50, 46, 14, 75, 38, 9, 30, 19, 32, 81, 27, 92, 83, 87, 40, 99, 59, 11, 53, 16, 72, 77, 73, 70, 39, 37, 84, 43, 62, 25, 55, 28, 29, 51, 68, 82, 74, 61, 88, 21, 80, 89, 7, 69, 96, 41, 48, 4, 8, 34, 49, 52, 0, 44, 13, 2, 64, 33]|[1, 1, 1, 1, 0, 2, 1, 1, 2, 2, 2, 1, 0, 1, 2, 2, 1, 2, 0, 1, 2, 2, 2, 0, 0, 1, 2, 1, 2, 1, 2, 1, 1, 0, 1, 1, 0, 2, 2, 1, 1, 0, 0, 0, 0, 1, 1, 1, 1, 2, 1, 2, 2, 0, 0, 2, 1, 0, 0, 2, 0, 1, 2, 2, 1, 1, 1, 1, 1, 1, 0, 1, 1, 0, 0, 0, 0, 0, 2, 1, 1, 0, 0, 1, 1, 1, 2, 2, 0, 1, 1, 2, 0, 1, 0, 0, 0, 0, 2, 2]|[0, 4, 3, 0, 1, 1, 2, 4, 1, 1, 2, 4, 1, 4, 1, 1, 1, 2, 2, 2, 2, 1, 1, 1, 2, 3, 2, 3, 0, 4, 1, 0, 3, 2, 2, 2, 1, 1, 1, 0, 2, 0, 1, 2, 1, 3, 1, 4, 2, 0, 3, 2, 1, 2, 1, 1, 4, 1, 1, 1, 2, 3, 0, 2, 4, 3, 1, 4, 1, 1, 1, 4, 4, 2, 1, 1, 1, 2, 1, 3, 0, 1, 1, 1, 1, 3, 1, 1, 1, 4, 3, 1, 1, 1, 2, 2, 2, 2, 1, 1]|[3, 0, 2, 3, 0, 0, 1, 0, 0, 0, 1, 0, 0, 3, 0, 0, 1, 1, 1, 2, 1, 0, 0, 0, 0, 0, 0, 0, 0, 3, 1, 0, 2, 1, 1, 1, 0, 0, 0, 0, 1, 1, 0, 0, 0, 0, 1, 3, 2, 0, 0, 1, 0, 1, 0, 0, 2, 0, 0, 0, 1, 2, 1, 1, 0, 0, 1, 1, 3, 3, 0, 3, 3, 1, 0, 0, 0, 1, 0, 0, 0, 0, 0, 1, 2, 2, 0, 0, 0, 0, 2, 0, 1, 1, 0, 0, 0, 0, 0, 0],705.0470749739228,58445.79123614564,95781.2895945797,false
46,G4_BALANCED,G1_CMAX,[22, 82, 3, 58, 95, 42, 77, 47, 5, 93, 78, 12, 86, 54, 50, 63, 18, 44, 20, 35, 43, 97, 91, 76, 10, 30, 21, 45, 71, 64, 36, 23, 17, 83, 24, 14, 60, 1, 6, 40, 57, 90, 65, 56, 79, 94, 67, 68, 46, 75, 38, 9, 19, 32, 81, 41, 27, 62, 16, 55, 59, 89, 88, 87, 31, 72, 73, 70, 39, 37, 84, 92, 25, 11, 48, 15, 29, 51, 7, 33, 61, 98, 28, 99, 26, 85, 66, 96, 53, 80, 4, 8, 34, 49, 52, 2, 13, 0, 69, 74]|[1, 0, 1, 0, 1, 2, 2, 2, 2, 2, 1, 1, 1, 0, 0, 1, 0, 2, 2, 0, 1, 2, 0, 1, 2, 2, 0, 0, 1, 2, 1, 2, 1, 0, 2, 0, 1, 1, 0, 1, 1, 1, 0, 2, 1, 1, 0, 0, 0, 0, 1, 1, 2, 1, 2, 0, 0, 0, 1, 2, 1, 1, 1, 1, 1, 2, 1, 2, 1, 1, 1, 0, 1, 2, 2, 1, 0, 0, 1, 2, 1, 2, 0, 1, 1, 0, 0, 2, 0, 0, 1, 1, 2, 0, 1, 0, 0, 0, 1, 2]|[3, 2, 1, 1, 2, 1, 2, 1, 1, 2, 4, 4, 4, 1, 1, 4, 2, 1, 1, 1, 1, 2, 1, 2, 1, 1, 2, 1, 3, 2, 3, 1, 4, 1, 1, 1, 0, 3, 2, 2, 2, 3, 1, 1, 0, 4, 0, 1, 2, 2, 1, 4, 0, 3, 2, 1, 1, 2, 3, 1, 1, 1, 0, 3, 0, 0, 3, 0, 1, 4, 1, 0, 4, 1, 1, 4, 1, 1, 1, 1, 3, 1, 2, 1, 0, 2, 1, 1, 2, 1, 4, 3, 1, 1, 1, 2, 2, 2, 4, 1]|[3, 1, 2, 0, 1, 0, 0, 0, 0, 1, 0, 0, 1, 0, 0, 3, 1, 0, 0, 0, 3, 1, 0, 2, 0, 0, 0, 1, 0, 0, 2, 0, 3, 0, 1, 0, 0, 0, 1, 1, 1, 2, 0, 0, 0, 2, 1, 0, 0, 0, 1, 3, 0, 0, 1, 0, 0, 1, 2, 0, 1, 1, 0, 2, 0, 1, 0, 1, 1, 1, 1, 1, 3, 0, 0, 3, 0, 0, 2, 0, 0, 0, 1, 1, 3, 0, 0, 0, 1, 0, 0, 2, 0, 1, 1, 0, 0, 0, 2, 0],715.7913946700162,58060.95961022334,95287.06515100288,true
46,G2_TEC,G2_TEC,[31, 22, 82, 15, 26, 9, 95, 42, 77, 68, 47, 5, 93, 78, 86, 54, 85, 63, 18, 44, 20, 49, 36, 14, 74, 50, 53, 17, 21, 28, 11, 64, 3, 23, 30, 83, 24, 41, 40, 52, 65, 27, 90, 70, 39, 87, 48, 69, 99, 4, 46, 1, 13, 58, 97, 59, 45, 8, 73, 37, 35, 79, 71, 66, 76, 32, 60, 80, 56, 6, 67, 61, 33, 7, 57, 34, 12, 16, 10, 98, 96, 88, 43, 81, 91, 2, 84, 29, 92, 19, 51, 89, 75, 55, 25, 72, 94, 38, 62, 0]|[2, 1, 2, 1, 1, 2, 1, 1, 1, 1, 1, 0, 2, 2, 1, 2, 0, 0, 0, 2, 2, 1, 0, 2, 0, 2, 2, 1, 0, 1, 1, 1, 0, 0, 1, 0, 2, 1, 2, 2, 0, 0, 1, 1, 0, 2, 0, 2, 1, 0, 0, 2, 0, 0, 2, 0, 1, 1, 0, 0, 2, 1, 1, 2, 2, 0, 2, 2, 2, 1, 2, 1, 1, 2, 0, 1, 1, 2, 1, 2, 0, 1, 1, 1, 1, 0, 0, 1, 0, 1, 1, 1, 0, 0, 1, 1, 2, 0, 1, 0]|[0, 3, 0, 3, 4, 1, 4, 4, 2, 4, 3, 2, 1, 0, 2, 1, 1, 1, 2, 1, 1, 3, 0, 1, 0, 1, 1, 4, 1, 4, 3, 2, 2, 0, 4, 1, 1, 4, 1, 1, 2, 1, 4, 4, 1, 1, 0, 1, 3, 2, 2, 1, 2, 1, 1, 2, 4, 3, 0, 2, 2, 3, 3, 1, 1, 2, 1, 1, 1, 4, 1, 3, 4, 1, 2, 4, 3, 1, 3, 1, 2, 4, 4, 4, 3, 2, 2, 3, 2, 4, 3, 4, 2, 2, 4, 4, 1, 2, 3, 2]|[0, 2, 0, 0, 3, 0, 1, 3, 0, 0, 2, 0, 0, 0, 1, 0, 0, 0, 1, 0, 0, 2, 0, 0, 1, 0, 0, 3, 0, 1, 0, 2, 0, 0, 3, 0, 1, 1, 0, 0, 0, 0, 1, 3, 0, 0, 1, 0, 2, 0, 0, 0, 0, 0, 1, 0, 1, 0, 1, 1, 0, 2, 0, 0, 0, 0, 0, 0, 0, 2, 0, 0, 1, 0, 0, 1, 0, 0, 3, 0, 0, 1, 2, 2, 0, 0, 0, 3, 0, 1, 0, 1, 0, 0, 3, 1, 0, 0, 0, 0],931.35319649833,48904.64914180878,108427.19628251252,false
46,G3_TWC,G3_TWC,[31, 22, 42, 15, 26, 58, 95, 82, 77, 12, 47, 5, 93, 78, 98, 54, 85, 63, 18, 44, 20, 35, 43, 97, 91, 76, 10, 30, 21, 45, 71, 64, 1, 23, 17, 83, 24, 61, 60, 36, 6, 57, 94, 88, 65, 56, 79, 40, 67, 68, 46, 75, 38, 9, 19, 32, 81, 41, 27, 62, 87, 90, 99, 59, 11, 16, 72, 73, 70, 39, 37, 84, 3, 92, 25, 74, 28, 29, 51, 7, 53, 14, 86, 48, 89, 50, 66, 96, 33, 80, 4, 8, 34, 49, 52, 0, 13, 2, 69, 55]|[1, 1, 0, 1, 1, 1, 2, 1, 2, 1, 2, 2, 2, 1, 1, 0, 0, 1, 0, 2, 2, 0, 1, 2, 0, 1, 2, 2, 0, 0, 1, 2, 1, 2, 1, 0, 2, 0, 1, 1, 0, 1, 1, 1, 0, 2, 1, 1, 0, 0, 0, 0, 1, 1, 2, 1, 2, 0, 0, 0, 2, 1, 0, 1, 2, 1, 2, 1, 1, 1, 1, 1, 2, 0, 1, 2, 0, 0, 0, 1, 0, 1, 0, 0, 1, 0, 0, 0, 2, 0, 0, 1, 2, 0, 1, 0, 0, 0, 1, 1]|[4, 3, 2, 2, 0, 0, 2, 2, 2, 4, 1, 1, 2, 4, 4, 1, 1, 4, 2, 1, 1, 1, 1, 2, 1, 2, 1, 1, 1, 1, 3, 2, 3, 0, 4, 0, 1, 1, 0, 3, 2, 2, 4, 0, 1, 1, 0, 2, 0, 1, 2, 2, 1, 4, 0, 3, 2, 1, 1, 2, 1, 3, 1, 1, 1, 3, 0, 4, 3, 1, 4, 1, 1, 2, 4, 1, 2, 1, 1, 3, 2, 3, 1, 1, 1, 1, 1, 1, 1, 1, 2, 3, 1, 1, 1, 2, 2, 2, 3, 4]|[0, 2, 1, 1, 3, 3, 0, 1, 0, 0, 0, 0, 1, 0, 1, 0, 0, 3, 1, 0, 0, 0, 3, 1, 0, 2, 0, 0, 0, 1, 0, 0, 0, 0, 3, 0, 1, 0, 0, 2, 1, 1, 2, 0, 0, 0, 0, 1, 1, 0, 0, 0, 1, 3, 0, 0, 1, 0, 0, 1, 0, 2, 0, 1, 0, 2, 1, 0, 0, 1, 1, 3, 0, 1, 3, 0, 1, 0, 0, 2, 1, 0, 0, 0, 1, 0, 0, 0, 0, 0, 1, 2, 0, 1, 1, 0, 0, 0, 0, 3],804.6875225521468,57746.82533348298,88068.50778672317,false
46,G1_CMAX,G1_CMAX,[31, 22, 90, 26, 58, 95, 42, 12, 93, 5, 78, 86, 98, 18, 20, 35, 3, 97, 91, 76, 10, 85, 54, 45, 63, 71, 66, 1, 23, 17, 24, 60, 36, 6, 57, 15, 65, 56, 47, 79, 94, 67, 50, 46, 14, 75, 38, 9, 30, 19, 32, 81, 27, 92, 83, 87, 40, 99, 59, 11, 53, 16, 72, 77, 73, 70, 39, 37, 84, 43, 62, 25, 55, 28, 29, 51, 68, 82, 74, 61, 88, 21, 80, 89, 7, 69, 96, 41, 48, 4, 8, 34, 49, 52, 0, 44, 13, 2, 64, 33]|[1, 1, 1, 1, 0, 2, 1, 1, 2, 2, 2, 1, 0, 1, 2, 2, 1, 2, 0, 1, 2, 2, 2, 0, 0, 1, 2, 1, 2, 1, 2, 1, 1, 0, 1, 1, 0, 2, 2, 1, 1, 0, 0, 0, 0, 1, 1, 1, 1, 2, 1, 2, 2, 0, 0, 2, 1, 0, 0, 2, 0, 1, 2, 2, 1, 1, 1, 1, 1, 1, 0, 1, 1, 0, 0, 0, 0, 0, 2, 1, 1, 0, 0, 1, 1, 1, 2, 2, 0, 1, 1, 2, 0, 1, 0, 0, 0, 0, 2, 2]|[0, 4, 3, 0, 1, 1, 2, 4, 1, 1, 2, 4, 1, 4, 1, 1, 1, 2, 2, 2, 2, 1, 1, 1, 2, 3, 2, 3, 0, 4, 1, 0, 3, 2, 2, 2, 1, 1, 1, 0, 2, 0, 1, 2, 1, 3, 1, 4, 2, 0, 3, 2, 1, 2, 1, 1, 4, 1, 1, 1, 2, 3, 0, 2, 4, 3, 1, 4, 1, 1, 1, 4, 4, 2, 1, 1, 1, 2, 1, 3, 0, 1, 1, 1, 1, 3, 1, 1, 1, 4, 3, 1, 1, 1, 2, 2, 2, 2, 1, 1]|[3, 0, 2, 3, 0, 0, 1, 0, 0, 0, 1, 0, 0, 3, 0, 0, 1, 1, 1, 2, 1, 0, 0, 0, 0, 0, 0, 0, 0, 3, 1, 0, 2, 1, 1, 1, 0, 0, 0, 0, 1, 1, 0, 0, 0, 0, 1, 3, 2, 0, 0, 1, 0, 1, 0, 0, 2, 0, 0, 0, 1, 2, 1, 1, 0, 0, 1, 1, 3, 3, 0, 3, 3, 1, 0, 0, 0, 1, 0, 0, 0, 0, 0, 1, 2, 2, 0, 0, 0, 0, 2, 0, 1, 1, 0, 0, 0, 0, 0, 0],705.0470749739228,58445.79123614564,95781.2895945797,false
46,G4_BALANCED,G1_CMAX,[22, 82, 3, 58, 95, 42, 77, 47, 5, 93, 78, 12, 86, 54, 50, 63, 18, 44, 20, 35, 43, 97, 91, 76, 10, 30, 21, 45, 71, 64, 36, 23, 17, 83, 24, 14, 60, 1, 6, 40, 57, 90, 65, 56, 79, 94, 67, 68, 46, 75, 38, 9, 19, 32, 81, 41, 27, 62, 16, 55, 59, 89, 88, 87, 31, 72, 73, 70, 39, 37, 84, 92, 25, 11, 48, 15, 29, 51, 7, 33, 61, 98, 28, 99, 26, 85, 66, 96, 53, 80, 4, 8, 34, 49, 52, 2, 13, 0, 69, 74]|[1, 0, 1, 0, 1, 2, 2, 2, 2, 2, 1, 1, 1, 0, 0, 1, 0, 2, 2, 0, 1, 2, 0, 1, 2, 2, 0, 0, 1, 2, 1, 2, 1, 0, 2, 0, 1, 1, 0, 1, 1, 1, 0, 2, 1, 1, 0, 0, 0, 0, 1, 1, 2, 1, 2, 0, 0, 0, 1, 2, 1, 1, 1, 1, 1, 2, 1, 2, 1, 1, 1, 0, 1, 2, 2, 1, 0, 0, 1, 2, 1, 2, 0, 1, 1, 0, 0, 2, 0, 0, 1, 1, 2, 0, 1, 0, 0, 0, 1, 2]|[3, 2, 1, 1, 2, 1, 2, 1, 1, 2, 4, 4, 4, 1, 1, 4, 2, 1, 1, 1, 1, 2, 1, 2, 1, 1, 2, 1, 3, 2, 3, 1, 4, 1, 1, 1, 0, 3, 2, 2, 2, 3, 1, 1, 0, 4, 0, 1, 2, 2, 1, 4, 0, 3, 2, 1, 1, 2, 3, 1, 1, 1, 0, 3, 0, 0, 3, 0, 1, 4, 1, 0, 4, 1, 1, 4, 1, 1, 1, 1, 3, 1, 2, 1, 0, 2, 1, 1, 2, 1, 4, 3, 1, 1, 1, 2, 2, 2, 4, 1]|[3, 1, 2, 0, 1, 0, 0, 0, 0, 1, 0, 0, 1, 0, 0, 3, 1, 0, 0, 0, 3, 1, 0, 2, 0, 0, 0, 1, 0, 0, 2, 0, 3, 0, 1, 0, 0, 0, 1, 1, 1, 2, 0, 0, 0, 2, 1, 0, 0, 0, 1, 3, 0, 0, 1, 0, 0, 1, 2, 0, 1, 1, 0, 2, 0, 1, 0, 1, 1, 1, 1, 1, 3, 0, 0, 3, 0, 0, 2, 0, 0, 0, 1, 1, 3, 0, 0, 0, 1, 0, 0, 2, 0, 1, 1, 0, 0, 0, 2, 0],715.7913946700162,58060.95961022334,95287.06515100288,true
46,G2_TEC,G2_TEC,[31, 22, 82, 15, 26, 9, 95, 42, 77, 68, 47, 5, 93, 78, 86, 54, 85, 63, 18, 44, 20, 49, 36, 14, 74, 50, 53, 17, 21, 28, 11, 64, 3, 23, 30, 83, 24, 41, 40, 52, 65, 27, 90, 70, 39, 87, 48, 69, 99, 4, 46, 1, 13, 58, 97, 59, 45, 8, 73, 37, 35, 79, 71, 66, 76, 32, 60, 80, 56, 6, 67, 61, 33, 7, 57, 34, 12, 16, 10, 98, 96, 88, 43, 81, 91, 2, 84, 29, 92, 19, 51, 89, 75, 55, 25, 72, 94, 38, 62, 0]|[2, 1, 2, 1, 1, 2, 1, 1, 1, 1, 1, 0, 2, 2, 1, 2, 0, 0, 0, 2, 2, 1, 0, 2, 0, 2, 2, 1, 0, 1, 1, 1, 0, 0, 1, 0, 2, 1, 2, 2, 0, 0, 1, 1, 0, 2, 0, 2, 1, 0, 0, 2, 0, 0, 2, 0, 1, 1, 0, 0, 2, 1, 1, 2, 2, 0, 2, 2, 2, 1, 2, 1, 1, 2, 0, 1, 1, 2, 1, 2, 0, 1, 1, 1, 1, 0, 0, 1, 0, 1, 1, 1, 0, 0, 1, 1, 2, 0, 1, 0]|[0, 3, 0, 3, 4, 1, 4, 4, 2, 4, 3, 2, 1, 0, 2, 1, 1, 1, 2, 1, 1, 3, 0, 1, 0, 1, 1, 4, 1, 4, 3, 2, 2, 0, 4, 1, 1, 4, 1, 1, 2, 1, 4, 4, 1, 1, 0, 1, 3, 2, 2, 1, 2, 1, 1, 2, 4, 3, 0, 2, 2, 3, 3, 1, 1, 2, 1, 1, 1, 4, 1, 3, 4, 1, 2, 4, 3, 1, 3, 1, 2, 4, 4, 4, 3, 2, 2, 3, 2, 4, 3, 4, 2, 2, 4, 4, 1, 2, 3, 2]|[0, 2, 0, 0, 3, 0, 1, 3, 0, 0, 2, 0, 0, 0, 1, 0, 0, 0, 1, 0, 0, 2, 0, 0, 1, 0, 0, 3, 0, 1, 0, 2, 0, 0, 3, 0, 1, 1, 0, 0, 0, 0, 1, 3, 0, 0, 1, 0, 2, 0, 0, 0, 0, 0, 1, 0, 1, 0, 1, 1, 0, 2, 0, 0, 0, 0, 0, 0, 0, 2, 0, 0, 1, 0, 0, 1, 0, 0, 3, 0, 0, 1, 2, 2, 0, 0, 0, 3, 0, 1, 0, 1, 0, 0, 3, 1, 0, 0, 0, 0],931.35319649833,48904.64914180878,108427.19628251252,false
46,G3_TWC,G3_TWC,[31, 22, 42, 15, 26, 58, 95, 82, 77, 12, 47, 5, 93, 78, 98, 54, 85, 63, 18, 44, 20, 35, 43, 97, 91, 76, 10, 30, 21, 45, 71, 64, 1, 23, 17, 83, 24, 61, 60, 36, 6, 57, 94, 88, 65, 56, 79, 40, 67, 68, 46, 75, 38, 9, 19, 32, 81, 41, 27, 62, 87, 90, 99, 59, 11, 16, 72, 73, 70, 39, 37, 84, 3, 92, 25, 74, 28, 29, 51, 7, 53, 14, 86, 48, 89, 50, 66, 96, 33, 80, 4, 8, 34, 49, 52, 0, 13, 2, 69, 55]|[1, 1, 0, 1, 1, 1, 2, 1, 2, 1, 2, 2, 2, 1, 1, 0, 0, 1, 0, 2, 2, 0, 1, 2, 0, 1, 2, 2, 0, 0, 1, 2, 1, 2, 1, 0, 2, 0, 1, 1, 0, 1, 1, 1, 0, 2, 1, 1, 0, 0, 0, 0, 1, 1, 2, 1, 2, 0, 0, 0, 2, 1, 0, 1, 2, 1, 2, 1, 1, 1, 1, 1, 2, 0, 1, 2, 0, 0, 0, 1, 0, 1, 0, 0, 1, 0, 0, 0, 2, 0, 0, 1, 2, 0, 1, 0, 0, 0, 1, 1]|[4, 3, 2, 2, 0, 0, 2, 2, 2, 4, 1, 1, 2, 4, 4, 1, 1, 4, 2, 1, 1, 1, 1, 2, 1, 2, 1, 1, 1, 1, 3, 2, 3, 0, 4, 0, 1, 1, 0, 3, 2, 2, 4, 0, 1, 1, 0, 2, 0, 1, 2, 2, 1, 4, 0, 3, 2, 1, 1, 2, 1, 3, 1, 1, 1, 3, 0, 4, 3, 1, 4, 1, 1, 2, 4, 1, 2, 1, 1, 3, 2, 3, 1, 1, 1, 1, 1, 1, 1, 1, 2, 3, 1, 1, 1, 2, 2, 2, 3, 4]|[0, 2, 1, 1, 3, 3, 0, 1, 0, 0, 0, 0, 1, 0, 1, 0, 0, 3, 1, 0, 0, 0, 3, 1, 0, 2, 0, 0, 0, 1, 0, 0, 0, 0, 3, 0, 1, 0, 0, 2, 1, 1, 2, 0, 0, 0, 0, 1, 1, 0, 0, 0, 1, 3, 0, 0, 1, 0, 0, 1, 0, 2, 0, 1, 0, 2, 1, 0, 0, 1, 1, 3, 0, 1, 3, 0, 1, 0, 0, 2, 1, 0, 0, 0, 1, 0, 0, 0, 0, 0, 1, 2, 0, 1, 1, 0, 0, 0, 0, 3],804.6875225521468,57746.82533348298,88068.50778672317,false
46,G1_CMAX,G1_CMAX,[31, 22, 90, 26, 58, 95, 42, 12, 93, 5, 78, 86, 98, 18, 20, 35, 3, 97, 91, 76, 10, 85, 54, 45, 63, 71, 66, 1, 23, 17, 24, 60, 36, 6, 57, 15, 65, 56, 47, 79, 94, 67, 50, 46, 14, 75, 38, 9, 30, 19, 32, 81, 27, 92, 83, 87, 40, 99, 59, 11, 53, 16, 72, 77, 73, 70, 39, 37, 84, 43, 62, 25, 55, 28, 29, 51, 68, 82, 74, 61, 88, 21, 80, 89, 7, 69, 96, 41, 48, 4, 8, 34, 49, 52, 0, 44, 13, 2, 64, 33]|[1, 1, 1, 1, 0, 2, 1, 1, 2, 2, 2, 1, 0, 1, 2, 2, 1, 2, 0, 1, 2, 2, 2, 0, 0, 1, 2, 1, 2, 1, 2, 1, 1, 0, 1, 1, 0, 2, 2, 1, 1, 0, 0, 0, 0, 1, 1, 1, 1, 2, 1, 2, 2, 0, 0, 2, 1, 0, 0, 2, 0, 1, 2, 2, 1, 1, 1, 1, 1, 1, 0, 1, 1, 0, 0, 0, 0, 0, 2, 1, 1, 0, 0, 1, 1, 1, 2, 2, 0, 1, 1, 2, 0, 1, 0, 0, 0, 0, 2, 2]|[0, 4, 3, 0, 1, 1, 2, 4, 1, 1, 2, 4, 1, 4, 1, 1, 1, 2, 2, 2, 2, 1, 1, 1, 2, 3, 2, 3, 0, 4, 1, 0, 3, 2, 2, 2, 1, 1, 1, 0, 2, 0, 1, 2, 1, 3, 1, 4, 2, 0, 3, 2, 1, 2, 1, 1, 4, 1, 1, 1, 2, 3, 0, 2, 4, 3, 1, 4, 1, 1, 1, 4, 4, 2, 1, 1, 1, 2, 1, 3, 0, 1, 1, 1, 1, 3, 1, 1, 1, 4, 3, 1, 1, 1, 2, 2, 2, 2, 1, 1]|[3, 0, 2, 3, 0, 0, 1, 0, 0, 0, 1, 0, 0, 3, 0, 0, 1, 1, 1, 2, 1, 0, 0, 0, 0, 0, 0, 0, 0, 3, 1, 0, 2, 1, 1, 1, 0, 0, 0, 0, 1, 1, 0, 0, 0, 0, 1, 3, 2, 0, 0, 1, 0, 1, 0, 0, 2, 0, 0, 0, 1, 2, 1, 1, 0, 0, 1, 1, 3, 3, 0, 3, 3, 1, 0, 0, 0, 1, 0, 0, 0, 0, 0, 1, 2, 2, 0, 0, 0, 0, 2, 0, 1, 1, 0, 0, 0, 0, 0, 0],705.0470749739228,58445.79123614564,95781.2895945797,false
46,G4_BALANCED,G1_CMAX,[22, 82, 3, 58, 95, 42, 77, 47, 5, 93, 78, 12, 86, 54, 50, 63, 18, 44, 20, 35, 43, 97, 91, 76, 10, 30, 21, 45, 71, 64, 36, 23, 17, 83, 24, 14, 60, 1, 6, 40, 57, 90, 65, 56, 79, 94, 67, 68, 46, 75, 38, 9, 19, 32, 81, 41, 27, 62, 16, 55, 59, 89, 88, 87, 31, 72, 73, 70, 39, 37, 84, 92, 25, 11, 48, 15, 29, 51, 7, 33, 61, 98, 28, 99, 26, 85, 66, 96, 53, 80, 4, 8, 34, 49, 52, 2, 13, 0, 69, 74]|[1, 0, 1, 0, 1, 2, 2, 2, 2, 2, 1, 1, 1, 0, 0, 1, 0, 2, 2, 0, 1, 2, 0, 1, 2, 2, 0, 0, 1, 2, 1, 2, 1, 0, 2, 0, 1, 1, 0, 1, 1, 1, 0, 2, 1, 1, 0, 0, 0, 0, 1, 1, 2, 1, 2, 0, 0, 0, 1, 2, 1, 1, 1, 1, 1, 2, 1, 2, 1, 1, 1, 0, 1, 2, 2, 1, 0, 0, 1, 2, 1, 2, 0, 1, 1, 0, 0, 2, 0, 0, 1, 1, 2, 0, 1, 0, 0, 0, 1, 2]|[3, 2, 1, 1, 2, 1, 2, 1, 1, 2, 4, 4, 4, 1, 1, 4, 2, 1, 1, 1, 1, 2, 1, 2, 1, 1, 2, 1, 3, 2, 3, 1, 4, 1, 1, 1, 0, 3, 2, 2, 2, 3, 1, 1, 0, 4, 0, 1, 2, 2, 1, 4, 0, 3, 2, 1, 1, 2, 3, 1, 1, 1, 0, 3, 0, 0, 3, 0, 1, 4, 1, 0, 4, 1, 1, 4, 1, 1, 1, 1, 3, 1, 2, 1, 0, 2, 1, 1, 2, 1, 4, 3, 1, 1, 1, 2, 2, 2, 4, 1]|[3, 1, 2, 0, 1, 0, 0, 0, 0, 1, 0, 0, 1, 0, 0, 3, 1, 0, 0, 0, 3, 1, 0, 2, 0, 0, 0, 1, 0, 0, 2, 0, 3, 0, 1, 0, 0, 0, 1, 1, 1, 2, 0, 0, 0, 2, 1, 0, 0, 0, 1, 3, 0, 0, 1, 0, 0, 1, 2, 0, 1, 1, 0, 2, 0, 1, 0, 1, 1, 1, 1, 1, 3, 0, 0, 3, 0, 0, 2, 0, 0, 0, 1, 1, 3, 0, 0, 0, 1, 0, 0, 2, 0, 1, 1, 0, 0, 0, 2, 0],715.7913946700162,58060.95961022334,95287.06515100288,true
46,G2_TEC,G2_TEC,[31, 22, 82, 15, 26, 9, 95, 42, 77, 68, 47, 5, 93, 78, 86, 54, 85, 63, 18, 44, 20, 49, 36, 14, 74, 50, 53, 17, 21, 28, 11, 64, 3, 23, 30, 83, 24, 41, 40, 52, 65, 27, 90, 70, 39, 87, 48, 69, 99, 4, 46, 1, 13, 58, 97, 59, 45, 8, 73, 37, 35, 79, 71, 66, 76, 32, 60, 80, 56, 6, 67, 61, 33, 7, 57, 34, 12, 16, 10, 98, 96, 88, 43, 81, 91, 2, 84, 29, 92, 19, 51, 89, 75, 55, 25, 72, 94, 38, 62, 0]|[2, 1, 2, 1, 1, 2, 1, 1, 1, 1, 1, 0, 2, 2, 1, 2, 0, 0, 0, 2, 2, 1, 0, 2, 0, 2, 2, 1, 0, 1, 1, 1, 0, 0, 1, 0, 2, 1, 2, 2, 0, 0, 1, 1, 0, 2, 0, 2, 1, 0, 0, 2, 0, 0, 2, 0, 1, 1, 0, 0, 2, 1, 1, 2, 2, 0, 2, 2, 2, 1, 2, 1, 1, 2, 0, 1, 1, 2, 1, 2, 0, 1, 1, 1, 1, 0, 0, 1, 0, 1, 1, 1, 0, 0, 1, 1, 2, 0, 1, 0]|[0, 3, 0, 3, 4, 1, 4, 4, 2, 4, 3, 2, 1, 0, 2, 1, 1, 1, 2, 1, 1, 3, 0, 1, 0, 1, 1, 4, 1, 4, 3, 2, 2, 0, 4, 1, 1, 4, 1, 1, 2, 1, 4, 4, 1, 1, 0, 1, 3, 2, 2, 1, 2, 1, 1, 2, 4, 3, 0, 2, 2, 3, 3, 1, 1, 2, 1, 1, 1, 4, 1, 3, 4, 1, 2, 4, 3, 1, 3, 1, 2, 4, 4, 4, 3, 2, 2, 3, 2, 4, 3, 4, 2, 2, 4, 4, 1, 2, 3, 2]|[0, 2, 0, 0, 3, 0, 1, 3, 0, 0, 2, 0, 0, 0, 1, 0, 0, 0, 1, 0, 0, 2, 0, 0, 1, 0, 0, 3, 0, 1, 0, 2, 0, 0, 3, 0, 1, 1, 0, 0, 0, 0, 1, 3, 0, 0, 1, 0, 2, 0, 0, 0, 0, 0, 1, 0, 1, 0, 1, 1, 0, 2, 0, 0, 0, 0, 0, 0, 0, 2, 0, 0, 1, 0, 0, 1, 0, 0, 3, 0, 0, 1, 2, 2, 0, 0, 0, 3, 0, 1, 0, 1, 0, 0, 3, 1, 0, 0, 0, 0],931.35319649833,48904.64914180878,108427.19628251252,false
46,G3_TWC,G3_TWC,[31, 22, 42, 15, 26, 58, 95, 82, 77, 12, 47, 5, 93, 78, 98, 54, 85, 63, 18, 44, 20, 35, 43, 97, 91, 76, 10, 30, 21, 45, 71, 64, 1, 23, 17, 83, 24, 61, 60, 36, 6, 57, 94, 88, 65, 56, 79, 40, 67, 68, 46, 75, 38, 9, 19, 32, 81, 41, 27, 62, 87, 90, 99, 59, 11, 16, 72, 73, 70, 39, 37, 84, 3, 92, 25, 74, 28, 29, 51, 7, 53, 14, 86, 48, 89, 50, 66, 96, 33, 80, 4, 8, 34, 49, 52, 0, 13, 2, 69, 55]|[1, 1, 0, 1, 1, 1, 2, 1, 2, 1, 2, 2, 2, 1, 1, 0, 0, 1, 0, 2, 2, 0, 1, 2, 0, 1, 2, 2, 0, 0, 1, 2, 1, 2, 1, 0, 2, 0, 1, 1, 0, 1, 1, 1, 0, 2, 1, 1, 0, 0, 0, 0, 1, 1, 2, 1, 2, 0, 0, 0, 2, 1, 0, 1, 2, 1, 2, 1, 1, 1, 1, 1, 2, 0, 1, 2, 0, 0, 0, 1, 0, 1, 0, 0, 1, 0, 0, 0, 2, 0, 0, 1, 2, 0, 1, 0, 0, 0, 1, 1]|[4, 3, 2, 2, 0, 0, 2, 2, 2, 4, 1, 1, 2, 4, 4, 1, 1, 4, 2, 1, 1, 1, 1, 2, 1, 2, 1, 1, 1, 1, 3, 2, 3, 0, 4, 0, 1, 1, 0, 3, 2, 2, 4, 0, 1, 1, 0, 2, 0, 1, 2, 2, 1, 4, 0, 3, 2, 1, 1, 2, 1, 3, 1, 1, 1, 3, 0, 4, 3, 1, 4, 1, 1, 2, 4, 1, 2, 1, 1, 3, 2, 3, 1, 1, 1, 1, 1, 1, 1, 1, 2, 3, 1, 1, 1, 2, 2, 2, 3, 4]|[0, 2, 1, 1, 3, 3, 0, 1, 0, 0, 0, 0, 1, 0, 1, 0, 0, 3, 1, 0, 0, 0, 3, 1, 0, 2, 0, 0, 0, 1, 0, 0, 0, 0, 3, 0, 1, 0, 0, 2, 1, 1, 2, 0, 0, 0, 0, 1, 1, 0, 0, 0, 1, 3, 0, 0, 1, 0, 0, 1, 0, 2, 0, 1, 0, 2, 1, 0, 0, 1, 1, 3, 0, 1, 3, 0, 1, 0, 0, 2, 1, 0, 0, 0, 1, 0, 0, 0, 0, 0, 1, 2, 0, 1, 1, 0, 0, 0, 0, 3],804.6875225521468,57746.82533348298,88068.50778672317,false
46,G1_CMAX,G1_CMAX,[31, 22, 90, 26, 58, 95, 42, 12, 93, 5, 78, 86, 98, 18, 20, 35, 3, 97, 91, 76, 10, 85, 54, 45, 63, 71, 66, 1, 23, 17, 24, 60, 36, 6, 57, 15, 65, 56, 47, 79, 94, 67, 50, 46, 14, 75, 38, 9, 30, 19, 32, 81, 27, 92, 83, 87, 40, 99, 59, 11, 53, 16, 72, 77, 73, 70, 39, 37, 84, 43, 62, 25, 55, 28, 29, 51, 68, 82, 74, 61, 88, 21, 80, 89, 7, 69, 96, 41, 48, 4, 8, 34, 49, 52, 0, 44, 13, 2, 64, 33]|[1, 1, 1, 1, 0, 2, 1, 1, 2, 2, 2, 1, 0, 1, 2, 2, 1, 2, 0, 1, 2, 2, 2, 0, 0, 1, 2, 1, 2, 1, 2, 1, 1, 0, 1, 1, 0, 2, 2, 1, 1, 0, 0, 0, 0, 1, 1, 1, 1, 2, 1, 2, 2, 0, 0, 2, 1, 0, 0, 2, 0, 1, 2, 2, 1, 1, 1, 1, 1, 1, 0, 1, 1, 0, 0, 0, 0, 0, 2, 1, 1, 0, 0, 1, 1, 1, 2, 2, 0, 1, 1, 2, 0, 1, 0, 0, 0, 0, 2, 2]|[0, 4, 3, 0, 1, 1, 2, 4, 1, 1, 2, 4, 1, 4, 1, 1, 1, 2, 2, 2, 2, 1, 1, 1, 2, 3, 2, 3, 0, 4, 1, 0, 3, 2, 2, 2, 1, 1, 1, 0, 2, 0, 1, 2, 1, 3, 1, 4, 2, 0, 3, 2, 1, 2, 1, 1, 4, 1, 1, 1, 2, 3, 0, 2, 4, 3, 1, 4, 1, 1, 1, 4, 4, 2, 1, 1, 1, 2, 1, 3, 0, 1, 1, 1, 1, 3, 1, 1, 1, 4, 3, 1, 1, 1, 2, 2, 2, 2, 1, 1]|[3, 0, 2, 3, 0, 0, 1, 0, 0, 0, 1, 0, 0, 3, 0, 0, 1, 1, 1, 2, 1, 0, 0, 0, 0, 0, 0, 0, 0, 3, 1, 0, 2, 1, 1, 1, 0, 0, 0, 0, 1, 1, 0, 0, 0, 0, 1, 3, 2, 0, 0, 1, 0, 1, 0, 0, 2, 0, 0, 0, 1, 2, 1, 1, 0, 0, 1, 1, 3, 3, 0, 3, 3, 1, 0, 0, 0, 1, 0, 0, 0, 0, 0, 1, 2, 2, 0, 0, 0, 0, 2, 0, 1, 1, 0, 0, 0, 0, 0, 0],705.0470749739228,58445.79123614564,95781.2895945797,false
46,G4_BALANCED,G1_CMAX,[22, 82, 3, 58, 95, 42, 77, 47, 5, 93, 78, 12, 86, 54, 50, 63, 18, 44, 20, 35, 43, 97, 91, 76, 10, 30, 21, 45, 71, 64, 36, 23, 17, 83, 24, 14, 60, 1, 6, 40, 57, 90, 65, 56, 79, 94, 67, 68, 46, 75, 38, 9, 19, 32, 81, 41, 27, 62, 16, 55, 59, 89, 88, 87, 31, 72, 73, 70, 39, 37, 84, 92, 25, 11, 48, 15, 29, 51, 7, 33, 61, 98, 28, 99, 26, 85, 66, 96, 53, 80, 4, 8, 34, 49, 52, 2, 13, 0, 69, 74]|[1, 0, 1, 0, 1, 2, 2, 2, 2, 2, 1, 1, 1, 0, 0, 1, 0, 2, 2, 0, 1, 2, 0, 1, 2, 2, 0, 0, 1, 2, 1, 2, 1, 0, 2, 0, 1, 1, 0, 1, 1, 1, 0, 2, 1, 1, 0, 0, 0, 0, 1, 1, 2, 1, 2, 0, 0, 0, 1, 2, 1, 1, 1, 1, 1, 2, 1, 2, 1, 1, 1, 0, 1, 2, 2, 1, 0, 0, 1, 2, 1, 2, 0, 1, 1, 0, 0, 2, 0, 0, 1, 1, 2, 0, 1, 0, 0, 0, 1, 2]|[3, 2, 1, 1, 2, 1, 2, 1, 1, 2, 4, 4, 4, 1, 1, 4, 2, 1, 1, 1, 1, 2, 1, 2, 1, 1, 2, 1, 3, 2, 3, 1, 4, 1, 1, 1, 0, 3, 2, 2, 2, 3, 1, 1, 0, 4, 0, 1, 2, 2, 1, 4, 0, 3, 2, 1, 1, 2, 3, 1, 1, 1, 0, 3, 0, 0, 3, 0, 1, 4, 1, 0, 4, 1, 1, 4, 1, 1, 1, 1, 3, 1, 2, 1, 0, 2, 1, 1, 2, 1, 4, 3, 1, 1, 1, 2, 2, 2, 4, 1]|[3, 1, 2, 0, 1, 0, 0, 0, 0, 1, 0, 0, 1, 0, 0, 3, 1, 0, 0, 0, 3, 1, 0, 2, 0, 0, 0, 1, 0, 0, 2, 0, 3, 0, 1, 0, 0, 0, 1, 1, 1, 2, 0, 0, 0, 2, 1, 0, 0, 0, 1, 3, 0, 0, 1, 0, 0, 1, 2, 0, 1, 1, 0, 2, 0, 1, 0, 1, 1, 1, 1, 1, 3, 0, 0, 3, 0, 0, 2, 0, 0, 0, 1, 1, 3, 0, 0, 0, 1, 0, 0, 2, 0, 1, 1, 0, 0, 0, 2, 0],715.7913946700162,58060.95961022334,95287.06515100288,true
46,G2_TEC,G2_TEC,[31, 22, 82, 15, 26, 9, 95, 42, 77, 68, 47, 5, 93, 78, 86, 54, 85, 63, 18, 44, 20, 49, 36, 14, 74, 50, 53, 17, 21, 28, 11, 64, 3, 23, 30, 83, 24, 41, 40, 52, 65, 27, 90, 70, 39, 87, 48, 69, 99, 4, 46, 1, 13, 58, 97, 59, 45, 8, 73, 37, 35, 79, 71, 66, 76, 32, 60, 80, 56, 6, 67, 61, 33, 7, 57, 34, 12, 16, 10, 98, 96, 88, 43, 81, 91, 2, 84, 29, 92, 19, 51, 89, 75, 55, 25, 72, 94, 38, 62, 0]|[2, 1, 2, 1, 1, 2, 1, 1, 1, 1, 1, 0, 2, 2, 1, 2, 0, 0, 0, 2, 2, 1, 0, 2, 0, 2, 2, 1, 0, 1, 1, 1, 0, 0, 1, 0, 2, 1, 2, 2, 0, 0, 1, 1, 0, 2, 0, 2, 1, 0, 0, 2, 0, 0, 2, 0, 1, 1, 0, 0, 2, 1, 1, 2, 2, 0, 2, 2, 2, 1, 2, 1, 1, 2, 0, 1, 1, 2, 1, 2, 0, 1, 1, 1, 1, 0, 0, 1, 0, 1, 1, 1, 0, 0, 1, 1, 2, 0, 1, 0]|[0, 3, 0, 3, 4, 1, 4, 4, 2, 4, 3, 2, 1, 0, 2, 1, 1, 1, 2, 1, 1, 3, 0, 1, 0, 1, 1, 4, 1, 4, 3, 2, 2, 0, 4, 1, 1, 4, 1, 1, 2, 1, 4, 4, 1, 1, 0, 1, 3, 2, 2, 1, 2, 1, 1, 2, 4, 3, 0, 2, 2, 3, 3, 1, 1, 2, 1, 1, 1, 4, 1, 3, 4, 1, 2, 4, 3, 1, 3, 1, 2, 4, 4, 4, 3, 2, 2, 3, 2, 4, 3, 4, 2, 2, 4, 4, 1, 2, 3, 2]|[0, 2, 0, 0, 3, 0, 1, 3, 0, 0, 2, 0, 0, 0, 1, 0, 0, 0, 1, 0, 0, 2, 0, 0, 1, 0, 0, 3, 0, 1, 0, 2, 0, 0, 3, 0, 1, 1, 0, 0, 0, 0, 1, 3, 0, 0, 1, 0, 2, 0, 0, 0, 0, 0, 1, 0, 1, 0, 1, 1, 0, 2, 0, 0, 0, 0, 0, 0, 0, 2, 0, 0, 1, 0, 0, 1, 0, 0, 3, 0, 0, 1, 2, 2, 0, 0, 0, 3, 0, 1, 0, 1, 0, 0, 3, 1, 0, 0, 0, 0],931.35319649833,48904.64914180878,108427.19628251252,false
46,G3_TWC,G3_TWC,[31, 22, 42, 15, 26, 58, 95, 82, 77, 12, 47, 5, 93, 78, 98, 54, 85, 63, 18, 44, 20, 35, 43, 97, 91, 76, 10, 30, 21, 45, 71, 64, 1, 23, 17, 83, 24, 61, 60, 36, 6, 57, 94, 88, 65, 56, 79, 40, 67, 68, 46, 75, 38, 9, 19, 32, 81, 41, 27, 62, 87, 90, 99, 59, 11, 16, 72, 73, 70, 39, 37, 84, 3, 92, 25, 74, 28, 29, 51, 7, 53, 14, 86, 48, 89, 50, 66, 96, 33, 80, 4, 8, 34, 49, 52, 0, 13, 2, 69, 55]|[1, 1, 0, 1, 1, 1, 2, 1, 2, 1, 2, 2, 2, 1, 1, 0, 0, 1, 0, 2, 2, 0, 1, 2, 0, 1, 2, 2, 0, 0, 1, 2, 1, 2, 1, 0, 2, 0, 1, 1, 0, 1, 1, 1, 0, 2, 1, 1, 0, 0, 0, 0, 1, 1, 2, 1, 2, 0, 0, 0, 2, 1, 0, 1, 2, 1, 2, 1, 1, 1, 1, 1, 2, 0, 1, 2, 0, 0, 0, 1, 0, 1, 0, 0, 1, 0, 0, 0, 2, 0, 0, 1, 2, 0, 1, 0, 0, 0, 1, 1]|[4, 3, 2, 2, 0, 0, 2, 2, 2, 4, 1, 1, 2, 4, 4, 1, 1, 4, 2, 1, 1, 1, 1, 2, 1, 2, 1, 1, 1, 1, 3, 2, 3, 0, 4, 0, 1, 1, 0, 3, 2, 2, 4, 0, 1, 1, 0, 2, 0, 1, 2, 2, 1, 4, 0, 3, 2, 1, 1, 2, 1, 3, 1, 1, 1, 3, 0, 4, 3, 1, 4, 1, 1, 2, 4, 1, 2, 1, 1, 3, 2, 3, 1, 1, 1, 1, 1, 1, 1, 1, 2, 3, 1, 1, 1, 2, 2, 2, 3, 4]|[0, 2, 1, 1, 3, 3, 0, 1, 0, 0, 0, 0, 1, 0, 1, 0, 0, 3, 1, 0, 0, 0, 3, 1, 0, 2, 0, 0, 0, 1, 0, 0, 0, 0, 3, 0, 1, 0, 0, 2, 1, 1, 2, 0, 0, 0, 0, 1, 1, 0, 0, 0, 1, 3, 0, 0, 1, 0, 0, 1, 0, 2, 0, 1, 0, 2, 1, 0, 0, 1, 1, 3, 0, 1, 3, 0, 1, 0, 0, 2, 1, 0, 0, 0, 1, 0, 0, 0, 0, 0, 1, 2, 0, 1, 1, 0, 0, 0, 0, 3],804.6875225521468,57746.82533348298,88068.50778672317,false
46,G1_CMAX,G1_CMAX,[31, 22, 90, 26, 58, 95, 42, 12, 93, 5, 78, 86, 98, 18, 20, 35, 3, 97, 91, 76, 10, 85, 54, 45, 63, 71, 66, 1, 23, 17, 24, 60, 36, 6, 57, 15, 65, 56, 47, 79, 94, 67, 50, 46, 14, 75, 38, 9, 30, 19, 32, 81, 27, 92, 83, 87, 40, 99, 59, 11, 53, 16, 72, 77, 73, 70, 39, 37, 84, 43, 62, 25, 55, 28, 29, 51, 68, 82, 74, 61, 88, 21, 80, 89, 7, 69, 96, 41, 48, 4, 8, 34, 49, 52, 0, 44, 13, 2, 64, 33]|[1, 1, 1, 1, 0, 2, 1, 1, 2, 2, 2, 1, 0, 1, 2, 2, 1, 2, 0, 1, 2, 2, 2, 0, 0, 1, 2, 1, 2, 1, 2, 1, 1, 0, 1, 1, 0, 2, 2, 1, 1, 0, 0, 0, 0, 1, 1, 1, 1, 2, 1, 2, 2, 0, 0, 2, 1, 0, 0, 2, 0, 1, 2, 2, 1, 1, 1, 1, 1, 1, 0, 1, 1, 0, 0, 0, 0, 0, 2, 1, 1, 0, 0, 1, 1, 1, 2, 2, 0, 1, 1, 2, 0, 1, 0, 0, 0, 0, 2, 2]|[0, 4, 3, 0, 1, 1, 2, 4, 1, 1, 2, 4, 1, 4, 1, 1, 1, 2, 2, 2, 2, 1, 1, 1, 2, 3, 2, 3, 0, 4, 1, 0, 3, 2, 2, 2, 1, 1, 1, 0, 2, 0, 1, 2, 1, 3, 1, 4, 2, 0, 3, 2, 1, 2, 1, 1, 4, 1, 1, 1, 2, 3, 0, 2, 4, 3, 1, 4, 1, 1, 1, 4, 4, 2, 1, 1, 1, 2, 1, 3, 0, 1, 1, 1, 1, 3, 1, 1, 1, 4, 3, 1, 1, 1, 2, 2, 2, 2, 1, 1]|[3, 0, 2, 3, 0, 0, 1, 0, 0, 0, 1, 0, 0, 3, 0, 0, 1, 1, 1, 2, 1, 0, 0, 0, 0, 0, 0, 0, 0, 3, 1, 0, 2, 1, 1, 1, 0, 0, 0, 0, 1, 1, 0, 0, 0, 0, 1, 3, 2, 0, 0, 1, 0, 1, 0, 0, 2, 0, 0, 0, 1, 2, 1, 1, 0, 0, 1, 1, 3, 3, 0, 3, 3, 1, 0, 0, 0, 1, 0, 0, 0, 0, 0, 1, 2, 2, 0, 0, 0, 0, 2, 0, 1, 1, 0, 0, 0, 0, 0, 0],705.0470749739228,58445.79123614564,95781.2895945797,false
46,G4_BALANCED,G1_CMAX,[22, 82, 3, 58, 95, 42, 77, 47, 5, 93, 78, 12, 86, 54, 50, 63, 18, 44, 20, 35, 43, 97, 91, 76, 10, 30, 21, 45, 71, 64, 36, 23, 17, 83, 24, 14, 60, 1, 6, 40, 57, 90, 65, 56, 79, 94, 67, 68, 46, 75, 38, 9, 19, 32, 81, 41, 27, 62, 16, 55, 59, 89, 88, 87, 31, 72, 73, 70, 39, 37, 84, 92, 25, 11, 48, 15, 29, 51, 7, 33, 61, 98, 28, 99, 26, 85, 66, 96, 53, 80, 4, 8, 34, 49, 52, 2, 13, 0, 69, 74]|[1, 0, 1, 0, 1, 2, 2, 2, 2, 2, 1, 1, 1, 0, 0, 1, 0, 2, 2, 0, 1, 2, 0, 1, 2, 2, 0, 0, 1, 2, 1, 2, 1, 0, 2, 0, 1, 1, 0, 1, 1, 1, 0, 2, 1, 1, 0, 0, 0, 0, 1, 1, 2, 1, 2, 0, 0, 0, 1, 2, 1, 1, 1, 1, 1, 2, 1, 2, 1, 1, 1, 0, 1, 2, 2, 1, 0, 0, 1, 2, 1, 2, 0, 1, 1, 0, 0, 2, 0, 0, 1, 1, 2, 0, 1, 0, 0, 0, 1, 2]|[3, 2, 1, 1, 2, 1, 2, 1, 1, 2, 4, 4, 4, 1, 1, 4, 2, 1, 1, 1, 1, 2, 1, 2, 1, 1, 2, 1, 3, 2, 3, 1, 4, 1, 1, 1, 0, 3, 2, 2, 2, 3, 1, 1, 0, 4, 0, 1, 2, 2, 1, 4, 0, 3, 2, 1, 1, 2, 3, 1, 1, 1, 0, 3, 0, 0, 3, 0, 1, 4, 1, 0, 4, 1, 1, 4, 1, 1, 1, 1, 3, 1, 2, 1, 0, 2, 1, 1, 2, 1, 4, 3, 1, 1, 1, 2, 2, 2, 4, 1]|[3, 1, 2, 0, 1, 0, 0, 0, 0, 1, 0, 0, 1, 0, 0, 3, 1, 0, 0, 0, 3, 1, 0, 2, 0, 0, 0, 1, 0, 0, 2, 0, 3, 0, 1, 0, 0, 0, 1, 1, 1, 2, 0, 0, 0, 2, 1, 0, 0, 0, 1, 3, 0, 0, 1, 0, 0, 1, 2, 0, 1, 1, 0, 2, 0, 1, 0, 1, 1, 1, 1, 1, 3, 0, 0, 3, 0, 0, 2, 0, 0, 0, 1, 1, 3, 0, 0, 0, 1, 0, 0, 2, 0, 1, 1, 0, 0, 0, 2, 0],715.7913946700162,58060.95961022334,95287.06515100288,true
46,G2_TEC,G2_TEC,[31, 22, 82, 15, 26, 9, 95, 42, 77, 68, 47, 5, 93, 78, 86, 54, 85, 63, 18, 44, 20, 49, 36, 14, 74, 50, 53, 17, 21, 28, 11, 64, 3, 23, 30, 83, 24, 41, 40, 52, 65, 27, 90, 70, 39, 87, 48, 69, 99, 4, 46, 1, 13, 58, 97, 59, 45, 8, 73, 37, 35, 79, 71, 66, 76, 32, 60, 80, 56, 6, 67, 61, 33, 7, 57, 34, 12, 16, 10, 98, 96, 88, 43, 81, 91, 2, 84, 29, 92, 19, 51, 89, 75, 55, 25, 72, 94, 38, 62, 0]|[2, 1, 2, 1, 1, 2, 1, 1, 1, 1, 1, 0, 2, 2, 1, 2, 0, 0, 0, 2, 2, 1, 0, 2, 0, 2, 2, 1, 0, 1, 1, 1, 0, 0, 1, 0, 2, 1, 2, 2, 0, 0, 1, 1, 0, 2, 0, 2, 1, 0, 0, 2, 0, 0, 2, 0, 1, 1, 0, 0, 2, 1, 1, 2, 2, 0, 2, 2, 2, 1, 2, 1, 1, 2, 0, 1, 1, 2, 1, 2, 0, 1, 1, 1, 1, 0, 0, 1, 0, 1, 1, 1, 0, 0, 1, 1, 2, 0, 1, 0]|[0, 3, 0, 3, 4, 1, 4, 4, 2, 4, 3, 2, 1, 0, 2, 1, 1, 1, 2, 1, 1, 3, 0, 1, 0, 1, 1, 4, 1, 4, 3, 2, 2, 0, 4, 1, 1, 4, 1, 1, 2, 1, 4, 4, 1, 1, 0, 1, 3, 2, 2, 1, 2, 1, 1, 2, 4, 3, 0, 2, 2, 3, 3, 1, 1, 2, 1, 1, 1, 4, 1, 3, 4, 1, 2, 4, 3, 1, 3, 1, 2, 4, 4, 4, 3, 2, 2, 3, 2, 4, 3, 4, 2, 2, 4, 4, 1, 2, 3, 2]|[0, 2, 0, 0, 3, 0, 1, 3, 0, 0, 2, 0, 0, 0, 1, 0, 0, 0, 1, 0, 0, 2, 0, 0, 1, 0, 0, 3, 0, 1, 0, 2, 0, 0, 3, 0, 1, 1, 0, 0, 0, 0, 1, 3, 0, 0, 1, 0, 2, 0, 0, 0, 0, 0, 1, 0, 1, 0, 1, 1, 0, 2, 0, 0, 0, 0, 0, 0, 0, 2, 0, 0, 1, 0, 0, 1, 0, 0, 3, 0, 0, 1, 2, 2, 0, 0, 0, 3, 0, 1, 0, 1, 0, 0, 3, 1, 0, 0, 0, 0],931.35319649833,48904.64914180878,108427.19628251252,false
46,G3_TWC,G3_TWC,[31, 22, 42, 15, 26, 58, 95, 82, 77, 12, 47, 5, 93, 78, 98, 54, 85, 63, 18, 44, 20, 35, 43, 97, 91, 76, 10, 30, 21, 45, 71, 64, 1, 23, 17, 83, 24, 61, 60, 36, 6, 57, 94, 88, 65, 56, 79, 40, 67, 68, 46, 75, 38, 9, 19, 32, 81, 41, 27, 62, 87, 90, 99, 59, 11, 16, 72, 73, 70, 39, 37, 84, 3, 92, 25, 74, 28, 29, 51, 7, 53, 14, 86, 48, 89, 50, 66, 96, 33, 80, 4, 8, 34, 49, 52, 0, 13, 2, 69, 55]|[1, 1, 0, 1, 1, 1, 2, 1, 2, 1, 2, 2, 2, 1, 1, 0, 0, 1, 0, 2, 2, 0, 1, 2, 0, 1, 2, 2, 0, 0, 1, 2, 1, 2, 1, 0, 2, 0, 1, 1, 0, 1, 1, 1, 0, 2, 1, 1, 0, 0, 0, 0, 1, 1, 2, 1, 2, 0, 0, 0, 2, 1, 0, 1, 2, 1, 2, 1, 1, 1, 1, 1, 2, 0, 1, 2, 0, 0, 0, 1, 0, 1, 0, 0, 1, 0, 0, 0, 2, 0, 0, 1, 2, 0, 1, 0, 0, 0, 1, 1]|[4, 3, 2, 2, 0, 0, 2, 2, 2, 4, 1, 1, 2, 4, 4, 1, 1, 4, 2, 1, 1, 1, 1, 2, 1, 2, 1, 1, 1, 1, 3, 2, 3, 0, 4, 0, 1, 1, 0, 3, 2, 2, 4, 0, 1, 1, 0, 2, 0, 1, 2, 2, 1, 4, 0, 3, 2, 1, 1, 2, 1, 3, 1, 1, 1, 3, 0, 4, 3, 1, 4, 1, 1, 2, 4, 1, 2, 1, 1, 3, 2, 3, 1, 1, 1, 1, 1, 1, 1, 1, 2, 3, 1, 1, 1, 2, 2, 2, 3, 4]|[0, 2, 1, 1, 3, 3, 0, 1, 0, 0, 0, 0, 1, 0, 1, 0, 0, 3, 1, 0, 0, 0, 3, 1, 0, 2, 0, 0, 0, 1, 0, 0, 0, 0, 3, 0, 1, 0, 0, 2, 1, 1, 2, 0, 0, 0, 0, 1, 1, 0, 0, 0, 1, 3, 0, 0, 1, 0, 0, 1, 0, 2, 0, 1, 0, 2, 1, 0, 0, 1, 1, 3, 0, 1, 3, 0, 1, 0, 0, 2, 1, 0, 0, 0, 1, 0, 0, 0, 0, 0, 1, 2, 0, 1, 1, 0, 0, 0, 0, 3],804.6875225521468,57746.82533348298,88068.50778672317,false
47,G1_CMAX,G1_CMAX,[31, 22, 90, 26, 58, 95, 42, 12, 93, 5, 78, 86, 98, 18, 20, 35, 3, 97, 91, 76, 10, 85, 54, 45, 63, 71, 66, 1, 23, 17, 24, 60, 36, 6, 57, 15, 65, 56, 47, 79, 94, 67, 50, 46, 14, 75, 38, 9, 30, 19, 32, 81, 27, 92, 83, 87, 40, 99, 59, 11, 53, 16, 72, 77, 73, 70, 39, 37, 84, 43, 62, 25, 55, 28, 29, 51, 68, 82, 74, 61, 88, 21, 80, 89, 7, 69, 96, 41, 48, 4, 8, 34, 49, 52, 0, 44, 13, 2, 64, 33]|[1, 1, 1, 1, 0, 2, 1, 1, 2, 2, 2, 1, 0, 1, 2, 2, 1, 2, 0, 1, 2, 2, 2, 0, 0, 1, 2, 1, 2, 1, 2, 1, 1, 0, 1, 1, 0, 2, 2, 1, 1, 0, 0, 0, 0, 1, 1, 1, 1, 2, 1, 2, 2, 0, 0, 2, 1, 0, 0, 2, 0, 1, 2, 2, 1, 1, 1, 1, 1, 1, 0, 1, 1, 0, 0, 0, 0, 0, 2, 1, 1, 0, 0, 1, 1, 1, 2, 2, 0, 1, 1, 2, 0, 1, 0, 0, 0, 0, 2, 2]|[0, 4, 3, 0, 1, 1, 2, 4, 1, 1, 2, 4, 1, 4, 1, 1, 1, 2, 2, 2, 2, 1, 1, 1, 2, 3, 2, 3, 0, 4, 1, 0, 3, 2, 2, 2, 1, 1, 1, 0, 2, 0, 1, 2, 1, 3, 1, 4, 2, 0, 3, 2, 1, 2, 1, 1, 4, 1, 1, 1, 2, 3, 0, 2, 4, 3, 1, 4, 1, 1, 1, 4, 4, 2, 1, 1, 1, 2, 1, 3, 0, 1, 1, 1, 1, 3, 1, 1, 1, 4, 3, 1, 1, 1, 2, 2, 2, 2, 1, 1]|[3, 0, 2, 3, 0, 0, 1, 0, 0, 0, 1, 0, 0, 3, 0, 0, 1, 1, 1, 2, 1, 0, 0, 0, 0, 0, 0, 0, 0, 3, 1, 0, 2, 1, 1, 1, 0, 0, 0, 0, 1, 1, 0, 0, 0, 0, 1, 3, 2, 0, 0, 1, 0, 1, 0, 0, 2, 0, 0, 0, 1, 2, 1, 1, 0, 0, 1, 1, 3, 3, 0, 3, 3, 1, 0, 0, 0, 1, 0, 0, 0, 0, 0, 1, 2, 2, 0, 0, 0, 0, 2, 0, 1, 1, 0, 0, 0, 0, 0, 0],705.0470749739228,58445.79123614564,95781.2895945797,false
47,G4_BALANCED,G1_CMAX,[22, 82, 3, 58, 95, 42, 77, 47, 5, 93, 78, 12, 86, 54, 50, 63, 18, 44, 20, 35, 43, 97, 91, 76, 10, 30, 21, 45, 71, 64, 36, 23, 17, 83, 24, 14, 60, 1, 6, 40, 57, 90, 65, 56, 79, 94, 67, 68, 46, 75, 38, 9, 19, 32, 81, 41, 27, 62, 16, 55, 59, 89, 88, 87, 31, 72, 73, 70, 39, 37, 84, 92, 25, 11, 48, 15, 29, 51, 7, 33, 61, 98, 28, 99, 26, 85, 66, 96, 53, 80, 4, 8, 34, 49, 52, 2, 13, 0, 69, 74]|[1, 0, 1, 0, 1, 2, 2, 2, 2, 2, 1, 1, 1, 0, 0, 1, 0, 2, 2, 0, 1, 2, 0, 1, 2, 2, 0, 0, 1, 2, 1, 2, 1, 0, 2, 0, 1, 1, 0, 1, 1, 1, 0, 2, 1, 1, 0, 0, 0, 0, 1, 1, 2, 1, 2, 0, 0, 0, 1, 2, 1, 1, 1, 1, 1, 2, 1, 2, 1, 1, 1, 0, 1, 2, 2, 1, 0, 0, 1, 2, 1, 2, 0, 1, 1, 0, 0, 2, 0, 0, 1, 1, 2, 0, 1, 0, 0, 0, 1, 2]|[3, 2, 1, 1, 2, 1, 2, 1, 1, 2, 4, 4, 4, 1, 1, 4, 2, 1, 1, 1, 1, 2, 1, 2, 1, 1, 2, 1, 3, 2, 3, 1, 4, 1, 1, 1, 0, 3, 2, 2, 2, 3, 1, 1, 0, 4, 0, 1, 2, 2, 1, 4, 0, 3, 2, 1, 1, 2, 3, 1, 1, 1, 0, 3, 0, 0, 3, 0, 1, 4, 1, 0, 4, 1, 1, 4, 1, 1, 1, 1, 3, 1, 2, 1, 0, 2, 1, 1, 2, 1, 4, 3, 1, 1, 1, 2, 2, 2, 4, 1]|[3, 1, 2, 0, 1, 0, 0, 0, 0, 1, 0, 0, 1, 0, 0, 3, 1, 0, 0, 0, 3, 1, 0, 2, 0, 0, 0, 1, 0, 0, 2, 0, 3, 0, 1, 0, 0, 0, 1, 1, 1, 2, 0, 0, 0, 2, 1, 0, 0, 0, 1, 3, 0, 0, 1, 0, 0, 1, 2, 0, 1, 1, 0, 2, 0, 1, 0, 1, 1, 1, 1, 1, 3, 0, 0, 3, 0, 0, 2, 0, 0, 0, 1, 1, 3, 0, 0, 0, 1, 0, 0, 2, 0, 1, 1, 0, 0, 0, 2, 0],715.7913946700162,58060.95961022334,95287.06515100288,true
47,G2_TEC,G2_TEC,[31, 22, 82, 15, 26, 9, 95, 42, 77, 68, 47, 5, 93, 78, 86, 54, 85, 63, 18, 44, 20, 49, 36, 14, 74, 50, 53, 17, 21, 28, 11, 64, 3, 23, 30, 83, 24, 41, 40, 52, 65, 27, 90, 70, 39, 87, 48, 69, 99, 4, 46, 1, 13, 58, 97, 59, 45, 8, 73, 37, 35, 79, 71, 66, 76, 32, 60, 80, 56, 6, 67, 61, 33, 7, 57, 34, 12, 16, 10, 98, 96, 88, 43, 81, 91, 2, 84, 29, 92, 19, 51, 89, 75, 55, 25, 72, 94, 38, 62, 0]|[2, 1, 2, 1, 1, 2, 1, 1, 1, 1, 1, 0, 2, 2, 1, 2, 0, 0, 0, 2, 2, 1, 0, 2, 0, 2, 2, 1, 0, 1, 1, 1, 0, 0, 1, 0, 2, 1, 2, 2, 0, 0, 1, 1, 0, 2, 0, 2, 1, 0, 0, 2, 0, 0, 2, 0, 1, 1, 0, 0, 2, 1, 1, 2, 2, 0, 2, 2, 2, 1, 2, 1, 1, 2, 0, 1, 1, 2, 1, 2, 0, 1, 1, 1, 1, 0, 0, 1, 0, 1, 1, 1, 0, 0, 1, 1, 2, 0, 1, 0]|[0, 3, 0, 3, 4, 1, 4, 4, 2, 4, 3, 2, 1, 0, 2, 1, 1, 1, 2, 1, 1, 3, 0, 1, 0, 1, 1, 4, 1, 4, 3, 2, 2, 0, 4, 1, 1, 4, 1, 1, 2, 1, 4, 4, 1, 1, 0, 1, 3, 2, 2, 1, 2, 1, 1, 2, 4, 3, 0, 2, 2, 3, 3, 1, 1, 2, 1, 1, 1, 4, 1, 3, 4, 1, 2, 4, 3, 1, 3, 1, 2, 4, 4, 4, 3, 2, 2, 3, 2, 4, 3, 4, 2, 2, 4, 4, 1, 2, 3, 2]|[0, 2, 0, 0, 3, 0, 1, 3, 0, 0, 2, 0, 0, 0, 1, 0, 0, 0, 1, 0, 0, 2, 0, 0, 1, 0, 0, 3, 0, 1, 0, 2, 0, 0, 3, 0, 1, 1, 0, 0, 0, 0, 1, 3, 0, 0, 1, 0, 2, 0, 0, 0, 0, 0, 1, 0, 1, 0, 1, 1, 0, 2, 0, 0, 0, 0, 0, 0, 0, 2, 0, 0, 1, 0, 0, 1, 0, 0, 3, 0, 0, 1, 2, 2, 0, 0, 0, 3, 0, 1, 0, 1, 0, 0, 3, 1, 0, 0, 0, 0],931.35319649833,48904.64914180878,108427.19628251252,false
47,G3_TWC,G3_TWC,[31, 22, 42, 15, 26, 58, 95, 82, 77, 12, 47, 5, 93, 78, 98, 54, 85, 63, 18, 44, 20, 35, 43, 97, 91, 76, 10, 30, 21, 45, 71, 64, 1, 23, 17, 83, 24, 61, 60, 36, 6, 57, 94, 88, 65, 56, 79, 40, 67, 68, 46, 75, 38, 9, 19, 32, 81, 41, 27, 62, 87, 90, 99, 59, 11, 16, 72, 73, 70, 39, 37, 84, 3, 92, 25, 74, 28, 29, 51, 7, 53, 14, 86, 48, 89, 50, 66, 96, 33, 80, 4, 8, 34, 49, 52, 0, 13, 2, 69, 55]|[1, 1, 0, 1, 1, 1, 2, 1, 2, 1, 2, 2, 2, 1, 1, 0, 0, 1, 0, 2, 2, 0, 1, 2, 0, 1, 2, 2, 0, 0, 1, 2, 1, 2, 1, 0, 2, 0, 1, 1, 0, 1, 1, 1, 0, 2, 1, 1, 0, 0, 0, 0, 1, 1, 2, 1, 2, 0, 0, 0, 2, 1, 0, 1, 2, 1, 2, 1, 1, 1, 1, 1, 2, 0, 1, 2, 0, 0, 0, 1, 0, 1, 0, 0, 1, 0, 0, 0, 2, 0, 0, 1, 2, 0, 1, 0, 0, 0, 1, 1]|[4, 3, 2, 2, 0, 0, 2, 2, 2, 4, 1, 1, 2, 4, 4, 1, 1, 4, 2, 1, 1, 1, 1, 2, 1, 2, 1, 1, 1, 1, 3, 2, 3, 0, 4, 0, 1, 1, 0, 3, 2, 2, 4, 0, 1, 1, 0, 2, 0, 1, 2, 2, 1, 4, 0, 3, 2, 1, 1, 2, 1, 3, 1, 1, 1, 3, 0, 4, 3, 1, 4, 1, 1, 2, 4, 1, 2, 1, 1, 3, 2, 3, 1, 1, 1, 1, 1, 1, 1, 1, 2, 3, 1, 1, 1, 2, 2, 2, 3, 4]|[0, 2, 1, 1, 3, 3, 0, 1, 0, 0, 0, 0, 1, 0, 1, 0, 0, 3, 1, 0, 0, 0, 3, 1, 0, 2, 0, 0, 0, 1, 0, 0, 0, 0, 3, 0, 1, 0, 0, 2, 1, 1, 2, 0, 0, 0, 0, 1, 1, 0, 0, 0, 1, 3, 0, 0, 1, 0, 0, 1, 0, 2, 0, 1, 0, 2, 1, 0, 0, 1, 1, 3, 0, 1, 3, 0, 1, 0, 0, 2, 1, 0, 0, 0, 1, 0, 0, 0, 0, 0, 1, 2, 0, 1, 1, 0, 0, 0, 0, 3],804.6875225521468,57746.82533348298,88068.50778672317,false
47,G1_CMAX,G1_CMAX,[31, 22, 90, 26, 58, 95, 42, 12, 93, 5, 78, 86, 98, 18, 20, 35, 3, 97, 91, 76, 10, 85, 54, 45, 63, 71, 66, 1, 23, 17, 24, 60, 36, 6, 57, 15, 65, 56, 47, 79, 94, 67, 50, 46, 14, 75, 38, 9, 30, 19, 32, 81, 27, 92, 83, 87, 40, 99, 59, 11, 53, 16, 72, 77, 73, 70, 39, 37, 84, 43, 62, 25, 55, 28, 29, 51, 68, 82, 74, 61, 88, 21, 80, 89, 7, 69, 96, 41, 48, 4, 8, 34, 49, 52, 0, 44, 13, 2, 64, 33]|[1, 1, 1, 1, 0, 2, 1, 1, 2, 2, 2, 1, 0, 1, 2, 2, 1, 2, 0, 1, 2, 2, 2, 0, 0, 1, 2, 1, 2, 1, 2, 1, 1, 0, 1, 1, 0, 2, 2, 1, 1, 0, 0, 0, 0, 1, 1, 1, 1, 2, 1, 2, 2, 0, 0, 2, 1, 0, 0, 2, 0, 1, 2, 2, 1, 1, 1, 1, 1, 1, 0, 1, 1, 0, 0, 0, 0, 0, 2, 1, 1, 0, 0, 1, 1, 1, 2, 2, 0, 1, 1, 2, 0, 1, 0, 0, 0, 0, 2, 2]|[0, 4, 3, 0, 1, 1, 2, 4, 1, 1, 2, 4, 1, 4, 1, 1, 1, 2, 2, 2, 2, 1, 1, 1, 2, 3, 2, 3, 0, 4, 1, 0, 3, 2, 2, 2, 1, 1, 1, 0, 2, 0, 1, 2, 1, 3, 1, 4, 2, 0, 3, 2, 1, 2, 1, 1, 4, 1, 1, 1, 2, 3, 0, 2, 4, 3, 1, 4, 1, 1, 1, 4, 4, 2, 1, 1, 1, 2, 1, 3, 0, 1, 1, 1, 1, 3, 1, 1, 1, 4, 3, 1, 1, 1, 2, 2, 2, 2, 1, 1]|[3, 0, 2, 3, 0, 0, 1, 0, 0, 0, 1, 0, 0, 3, 0, 0, 1, 1, 1, 2, 1, 0, 0, 0, 0, 0, 0, 0, 0, 3, 1, 0, 2, 1, 1, 1, 0, 0, 0, 0, 1, 1, 0, 0, 0, 0, 1, 3, 2, 0, 0, 1, 0, 1, 0, 0, 2, 0, 0, 0, 1, 2, 1, 1, 0, 0, 1, 1, 3, 3, 0, 3, 3, 1, 0, 0, 0, 1, 0, 0, 0, 0, 0, 1, 2, 2, 0, 0, 0, 0, 2, 0, 1, 1, 0, 0, 0, 0, 0, 0],705.0470749739228,58445.79123614564,95781.2895945797,false
47,G4_BALANCED,G1_CMAX,[22, 82, 3, 58, 95, 42, 77, 47, 5, 93, 78, 12, 86, 54, 50, 63, 18, 44, 20, 35, 43, 97, 91, 76, 10, 30, 21, 45, 71, 64, 36, 23, 17, 83, 24, 14, 60, 1, 6, 40, 57, 90, 65, 56, 79, 94, 67, 68, 46, 75, 38, 9, 19, 32, 81, 41, 27, 62, 16, 55, 59, 89, 88, 87, 31, 72, 73, 70, 39, 37, 84, 92, 25, 11, 48, 15, 29, 51, 7, 33, 61, 98, 28, 99, 26, 85, 66, 96, 53, 80, 4, 8, 34, 49, 52, 2, 13, 0, 69, 74]|[1, 0, 1, 0, 1, 2, 2, 2, 2, 2, 1, 1, 1, 0, 0, 1, 0, 2, 2, 0, 1, 2, 0, 1, 2, 2, 0, 0, 1, 2, 1, 2, 1, 0, 2, 0, 1, 1, 0, 1, 1, 1, 0, 2, 1, 1, 0, 0, 0, 0, 1, 1, 2, 1, 2, 0, 0, 0, 1, 2, 1, 1, 1, 1, 1, 2, 1, 2, 1, 1, 1, 0, 1, 2, 2, 1, 0, 0, 1, 2, 1, 2, 0, 1, 1, 0, 0, 2, 0, 0, 1, 1, 2, 0, 1, 0, 0, 0, 1, 2]|[3, 2, 1, 1, 2, 1, 2, 1, 1, 2, 4, 4, 4, 1, 1, 4, 2, 1, 1, 1, 1, 2, 1, 2, 1, 1, 2, 1, 3, 2, 3, 1, 4, 1, 1, 1, 0, 3, 2, 2, 2, 3, 1, 1, 0, 4, 0, 1, 2, 2, 1, 4, 0, 3, 2, 1, 1, 2, 3, 1, 1, 1, 0, 3, 0, 0, 3, 0, 1, 4, 1, 0, 4, 1, 1, 4, 1, 1, 1, 1, 3, 1, 2, 1, 0, 2, 1, 1, 2, 1, 4, 3, 1, 1, 1, 2, 2, 2, 4, 1]|[3, 1, 2, 0, 1, 0, 0, 0, 0, 1, 0, 0, 1, 0, 0, 3, 1, 0, 0, 0, 3, 1, 0, 2, 0, 0, 0, 1, 0, 0, 2, 0, 3, 0, 1, 0, 0, 0, 1, 1, 1, 2, 0, 0, 0, 2, 1, 0, 0, 0, 1, 3, 0, 0, 1, 0, 0, 1, 2, 0, 1, 1, 0, 2, 0, 1, 0, 1, 1, 1, 1, 1, 3, 0, 0, 3, 0, 0, 2, 0, 0, 0, 1, 1, 3, 0, 0, 0, 1, 0, 0, 2, 0, 1, 1, 0, 0, 0, 2, 0],715.7913946700162,58060.95961022334,95287.06515100288,true
47,G2_TEC,G2_TEC,[31, 22, 82, 15, 26, 9, 95, 42, 77, 68, 47, 5, 93, 78, 86, 54, 85, 63, 18, 44, 20, 49, 36, 14, 74, 50, 53, 17, 21, 28, 11, 64, 3, 23, 30, 83, 24, 41, 40, 52, 65, 27, 90, 70, 39, 87, 48, 69, 99, 4, 46, 1, 13, 58, 97, 59, 45, 8, 73, 37, 35, 79, 71, 66, 76, 32, 60, 80, 56, 6, 67, 61, 33, 7, 57, 34, 12, 16, 10, 98, 96, 88, 43, 81, 91, 2, 84, 29, 92, 19, 51, 89, 75, 55, 25, 72, 94, 38, 62, 0]|[2, 1, 2, 1, 1, 2, 1, 1, 1, 1, 1, 0, 2, 2, 1, 2, 0, 0, 0, 2, 2, 1, 0, 2, 0, 2, 2, 1, 0, 1, 1, 1, 0, 0, 1, 0, 2, 1, 2, 2, 0, 0, 1, 1, 0, 2, 0, 2, 1, 0, 0, 2, 0, 0, 2, 0, 1, 1, 0, 0, 2, 1, 1, 2, 2, 0, 2, 2, 2, 1, 2, 1, 1, 2, 0, 1, 1, 2, 1, 2, 0, 1, 1, 1, 1, 0, 0, 1, 0, 1, 1, 1, 0, 0, 1, 1, 2, 0, 1, 0]|[0, 3, 0, 3, 4, 1, 4, 4, 2, 4, 3, 2, 1, 0, 2, 1, 1, 1, 2, 1, 1, 3, 0, 1, 0, 1, 1, 4, 1, 4, 3, 2, 2, 0, 4, 1, 1, 4, 1, 1, 2, 1, 4, 4, 1, 1, 0, 1, 3, 2, 2, 1, 2, 1, 1, 2, 4, 3, 0, 2, 2, 3, 3, 1, 1, 2, 1, 1, 1, 4, 1, 3, 4, 1, 2, 4, 3, 1, 3, 1, 2, 4, 4, 4, 3, 2, 2, 3, 2, 4, 3, 4, 2, 2, 4, 4, 1, 2, 3, 2]|[0, 2, 0, 0, 3, 0, 1, 3, 0, 0, 2, 0, 0, 0, 1, 0, 0, 0, 1, 0, 0, 2, 0, 0, 1, 0, 0, 3, 0, 1, 0, 2, 0, 0, 3, 0, 1, 1, 0, 0, 0, 0, 1, 3, 0, 0, 1, 0, 2, 0, 0, 0, 0, 0, 1, 0, 1, 0, 1, 1, 0, 2, 0, 0, 0, 0, 0, 0, 0, 2, 0, 0, 1, 0, 0, 1, 0, 0, 3, 0, 0, 1, 2, 2, 0, 0, 0, 3, 0, 1, 0, 1, 0, 0, 3, 1, 0, 0, 0, 0],931.35319649833,48904.64914180878,108427.19628251252,false
47,G3_TWC,G3_TWC,[31, 22, 42, 15, 26, 58, 95, 82, 77, 12, 47, 5, 93, 78, 98, 54, 85, 63, 18, 44, 20, 35, 43, 97, 91, 76, 10, 30, 21, 45, 71, 64, 1, 23, 17, 83, 24, 61, 60, 36, 6, 57, 94, 88, 65, 56, 79, 40, 67, 68, 46, 75, 38, 9, 19, 32, 81, 41, 27, 62, 87, 90, 99, 59, 11, 16, 72, 73, 70, 39, 37, 84, 3, 92, 25, 74, 28, 29, 51, 7, 53, 14, 86, 48, 89, 50, 66, 96, 33, 80, 4, 8, 34, 49, 52, 0, 13, 2, 69, 55]|[1, 1, 0, 1, 1, 1, 2, 1, 2, 1, 2, 2, 2, 1, 1, 0, 0, 1, 0, 2, 2, 0, 1, 2, 0, 1, 2, 2, 0, 0, 1, 2, 1, 2, 1, 0, 2, 0, 1, 1, 0, 1, 1, 1, 0, 2, 1, 1, 0, 0, 0, 0, 1, 1, 2, 1, 2, 0, 0, 0, 2, 1, 0, 1, 2, 1, 2, 1, 1, 1, 1, 1, 2, 0, 1, 2, 0, 0, 0, 1, 0, 1, 0, 0, 1, 0, 0, 0, 2, 0, 0, 1, 2, 0, 1, 0, 0, 0, 1, 1]|[4, 3, 2, 2, 0, 0, 2, 2, 2, 4, 1, 1, 2, 4, 4, 1, 1, 4, 2, 1, 1, 1, 1, 2, 1, 2, 1, 1, 1, 1, 3, 2, 3, 0, 4, 0, 1, 1, 0, 3, 2, 2, 4, 0, 1, 1, 0, 2, 0, 1, 2, 2, 1, 4, 0, 3, 2, 1, 1, 2, 1, 3, 1, 1, 1, 3, 0, 4, 3, 1, 4, 1, 1, 2, 4, 1, 2, 1, 1, 3, 2, 3, 1, 1, 1, 1, 1, 1, 1, 1, 2, 3, 1, 1, 1, 2, 2, 2, 3, 4]|[0, 2, 1, 1, 3, 3, 0, 1, 0, 0, 0, 0, 1, 0, 1, 0, 0, 3, 1, 0, 0, 0, 3, 1, 0, 2, 0, 0, 0, 1, 0, 0, 0, 0, 3, 0, 1, 0, 0, 2, 1, 1, 2, 0, 0, 0, 0, 1, 1, 0, 0, 0, 1, 3, 0, 0, 1, 0, 0, 1, 0, 2, 0, 1, 0, 2, 1, 0, 0, 1, 1, 3, 0, 1, 3, 0, 1, 0, 0, 2, 1, 0, 0, 0, 1, 0, 0, 0, 0, 0, 1, 2, 0, 1, 1, 0, 0, 0, 0, 3],804.6875225521468,57746.82533348298,88068.50778672317,false
47,G1_CMAX,G1_CMAX,[31, 22, 90, 26, 58, 95, 42, 12, 93, 5, 78, 86, 98, 18, 20, 35, 3, 97, 91, 76, 10, 85, 54, 45, 63, 71, 66, 1, 23, 17, 24, 60, 36, 6, 57, 15, 65, 56, 47, 79, 94, 67, 50, 46, 14, 75, 38, 9, 30, 19, 32, 81, 27, 92, 83, 87, 40, 99, 59, 11, 53, 16, 72, 77, 73, 70, 39, 37, 84, 43, 62, 25, 55, 28, 29, 51, 68, 82, 74, 61, 88, 21, 80, 89, 7, 69, 96, 41, 48, 4, 8, 34, 49, 52, 0, 44, 13, 2, 64, 33]|[1, 1, 1, 1, 0, 2, 1, 1, 2, 2, 2, 1, 0, 1, 2, 2, 1, 2, 0, 1, 2, 2, 2, 0, 0, 1, 2, 1, 2, 1, 2, 1, 1, 0, 1, 1, 0, 2, 2, 1, 1, 0, 0, 0, 0, 1, 1, 1, 1, 2, 1, 2, 2, 0, 0, 2, 1, 0, 0, 2, 0, 1, 2, 2, 1, 1, 1, 1, 1, 1, 0, 1, 1, 0, 0, 0, 0, 0, 2, 1, 1, 0, 0, 1, 1, 1, 2, 2, 0, 1, 1, 2, 0, 1, 0, 0, 0, 0, 2, 2]|[0, 4, 3, 0, 1, 1, 2, 4, 1, 1, 2, 4, 1, 4, 1, 1, 1, 2, 2, 2, 2, 1, 1, 1, 2, 3, 2, 3, 0, 4, 1, 0, 3, 2, 2, 2, 1, 1, 1, 0, 2, 0, 1, 2, 1, 3, 1, 4, 2, 0, 3, 2, 1, 2, 1, 1, 4, 1, 1, 1, 2, 3, 0, 2, 4, 3, 1, 4, 1, 1, 1, 4, 4, 2, 1, 1, 1, 2, 1, 3, 0, 1, 1, 1, 1, 3, 1, 1, 1, 4, 3, 1, 1, 1, 2, 2, 2, 2, 1, 1]|[3, 0, 2, 3, 0, 0, 1, 0, 0, 0, 1, 0, 0, 3, 0, 0, 1, 1, 1, 2, 1, 0, 0, 0, 0, 0, 0, 0, 0, 3, 1, 0, 2, 1, 1, 1, 0, 0, 0, 0, 1, 1, 0, 0, 0, 0, 1, 3, 2, 0, 0, 1, 0, 1, 0, 0, 2, 0, 0, 0, 1, 2, 1, 1, 0, 0, 1, 1, 3, 3, 0, 3, 3, 1, 0, 0, 0, 1, 0, 0, 0, 0, 0, 1, 2, 2, 0, 0, 0, 0, 2, 0, 1, 1, 0, 0, 0, 0, 0, 0],705.0470749739228,58445.79123614564,95781.2895945797,false
47,G4_BALANCED,G1_CMAX,[22, 82, 3, 58, 95, 42, 77, 47, 5, 93, 78, 12, 86, 54, 50, 63, 18, 44, 20, 35, 43, 97, 91, 76, 10, 30, 21, 45, 71, 64, 36, 23, 17, 83, 24, 14, 60, 1, 6, 40, 57, 90, 65, 56, 79, 94, 67, 68, 46, 75, 38, 9, 19, 32, 81, 41, 27, 62, 16, 55, 59, 89, 88, 87, 31, 72, 73, 70, 39, 37, 84, 92, 25, 11, 48, 15, 29, 51, 7, 33, 61, 98, 28, 99, 26, 85, 66, 96, 53, 80, 4, 8, 34, 49, 52, 2, 13, 0, 69, 74]|[1, 0, 1, 0, 1, 2, 2, 2, 2, 2, 1, 1, 1, 0, 0, 1, 0, 2, 2, 0, 1, 2, 0, 1, 2, 2, 0, 0, 1, 2, 1, 2, 1, 0, 2, 0, 1, 1, 0, 1, 1, 1, 0, 2, 1, 1, 0, 0, 0, 0, 1, 1, 2, 1, 2, 0, 0, 0, 1, 2, 1, 1, 1, 1, 1, 2, 1, 2, 1, 1, 1, 0, 1, 2, 2, 1, 0, 0, 1, 2, 1, 2, 0, 1, 1, 0, 0, 2, 0, 0, 1, 1, 2, 0, 1, 0, 0, 0, 1, 2]|[3, 2, 1, 1, 2, 1, 2, 1, 1, 2, 4, 4, 4, 1, 1, 4, 2, 1, 1, 1, 1, 2, 1, 2, 1, 1, 2, 1, 3, 2, 3, 1, 4, 1, 1, 1, 0, 3, 2, 2, 2, 3, 1, 1, 0, 4, 0, 1, 2, 2, 1, 4, 0, 3, 2, 1, 1, 2, 3, 1, 1, 1, 0, 3, 0, 0, 3, 0, 1, 4, 1, 0, 4, 1, 1, 4, 1, 1, 1, 1, 3, 1, 2, 1, 0, 2, 1, 1, 2, 1, 4, 3, 1, 1, 1, 2, 2, 2, 4, 1]|[3, 1, 2, 0, 1, 0, 0, 0, 0, 1, 0, 0, 1, 0, 0, 3, 1, 0, 0, 0, 3, 1, 0, 2, 0, 0, 0, 1, 0, 0, 2, 0, 3, 0, 1, 0, 0, 0, 1, 1, 1, 2, 0, 0, 0, 2, 1, 0, 0, 0, 1, 3, 0, 0, 1, 0, 0, 1, 2, 0, 1, 1, 0, 2, 0, 1, 0, 1, 1, 1, 1, 1, 3, 0, 0, 3, 0, 0, 2, 0, 0, 0, 1, 1, 3, 0, 0, 0, 1, 0, 0, 2, 0, 1, 1, 0, 0, 0, 2, 0],715.7913946700162,58060.95961022334,95287.06515100288,true
47,G2_TEC,G2_TEC,[31, 22, 82, 15, 26, 9, 95, 42, 77, 68, 47, 5, 93, 78, 86, 54, 85, 63, 18, 44, 20, 49, 36, 14, 74, 50, 53, 17, 21, 28, 11, 64, 3, 23, 30, 83, 24, 41, 40, 52, 65, 27, 90, 70, 39, 87, 48, 69, 99, 4, 46, 1, 13, 58, 97, 59, 45, 8, 73, 37, 35, 79, 71, 66, 76, 32, 60, 80, 56, 6, 67, 61, 33, 7, 57, 34, 12, 16, 10, 98, 96, 88, 43, 81, 91, 2, 84, 29, 92, 19, 51, 89, 75, 55, 25, 72, 94, 38, 62, 0]|[2, 1, 2, 1, 1, 2, 1, 1, 1, 1, 1, 0, 2, 2, 1, 2, 0, 0, 0, 2, 2, 1, 0, 2, 0, 2, 2, 1, 0, 1, 1, 1, 0, 0, 1, 0, 2, 1, 2, 2, 0, 0, 1, 1, 0, 2, 0, 2, 1, 0, 0, 2, 0, 0, 2, 0, 1, 1, 0, 0, 2, 1, 1, 2, 2, 0, 2, 2, 2, 1, 2, 1, 1, 2, 0, 1, 1, 2, 1, 2, 0, 1, 1, 1, 1, 0, 0, 1, 0, 1, 1, 1, 0, 0, 1, 1, 2, 0, 1, 0]|[0, 3, 0, 3, 4, 1, 4, 4, 2, 4, 3, 2, 1, 0, 2, 1, 1, 1, 2, 1, 1, 3, 0, 1, 0, 1, 1, 4, 1, 4, 3, 2, 2, 0, 4, 1, 1, 4, 1, 1, 2, 1, 4, 4, 1, 1, 0, 1, 3, 2, 2, 1, 2, 1, 1, 2, 4, 3, 0, 2, 2, 3, 3, 1, 1, 2, 1, 1, 1, 4, 1, 3, 4, 1, 2, 4, 3, 1, 3, 1, 2, 4, 4, 4, 3, 2, 2, 3, 2, 4, 3, 4, 2, 2, 4, 4, 1, 2, 3, 2]|[0, 2, 0, 0, 3, 0, 1, 3, 0, 0, 2, 0, 0, 0, 1, 0, 0, 0, 1, 0, 0, 2, 0, 0, 1, 0, 0, 3, 0, 1, 0, 2, 0, 0, 3, 0, 1, 1, 0, 0, 0, 0, 1, 3, 0, 0, 1, 0, 2, 0, 0, 0, 0, 0, 1, 0, 1, 0, 1, 1, 0, 2, 0, 0, 0, 0, 0, 0, 0, 2, 0, 0, 1, 0, 0, 1, 0, 0, 3, 0, 0, 1, 2, 2, 0, 0, 0, 3, 0, 1, 0, 1, 0, 0, 3, 1, 0, 0, 0, 0],931.35319649833,48904.64914180878,108427.19628251252,false
47,G3_TWC,G3_TWC,[31, 22, 42, 15, 26, 58, 95, 82, 77, 12, 47, 5, 93, 78, 98, 54, 85, 63, 18, 44, 20, 35, 43, 97, 91, 76, 10, 30, 21, 45, 71, 64, 1, 23, 17, 83, 24, 61, 60, 36, 6, 57, 94, 88, 65, 56, 79, 40, 67, 68, 46, 75, 38, 9, 19, 32, 81, 41, 27, 62, 87, 90, 99, 59, 11, 16, 72, 73, 70, 39, 37, 84, 3, 92, 25, 74, 28, 29, 51, 7, 53, 14, 86, 48, 89, 50, 66, 96, 33, 80, 4, 8, 34, 49, 52, 0, 13, 2, 69, 55]|[1, 1, 0, 1, 1, 1, 2, 1, 2, 1, 2, 2, 2, 1, 1, 0, 0, 1, 0, 2, 2, 0, 1, 2, 0, 1, 2, 2, 0, 0, 1, 2, 1, 2, 1, 0, 2, 0, 1, 1, 0, 1, 1, 1, 0, 2, 1, 1, 0, 0, 0, 0, 1, 1, 2, 1, 2, 0, 0, 0, 2, 1, 0, 1, 2, 1, 2, 1, 1, 1, 1, 1, 2, 0, 1, 2, 0, 0, 0, 1, 0, 1, 0, 0, 1, 0, 0, 0, 2, 0, 0, 1, 2, 0, 1, 0, 0, 0, 1, 1]|[4, 3, 2, 2, 0, 0, 2, 2, 2, 4, 1, 1, 2, 4, 4, 1, 1, 4, 2, 1, 1, 1, 1, 2, 1, 2, 1, 1, 1, 1, 3, 2, 3, 0, 4, 0, 1, 1, 0, 3, 2, 2, 4, 0, 1, 1, 0, 2, 0, 1, 2, 2, 1, 4, 0, 3, 2, 1, 1, 2, 1, 3, 1, 1, 1, 3, 0, 4, 3, 1, 4, 1, 1, 2, 4, 1, 2, 1, 1, 3, 2, 3, 1, 1, 1, 1, 1, 1, 1, 1, 2, 3, 1, 1, 1, 2, 2, 2, 3, 4]|[0, 2, 1, 1, 3, 3, 0, 1, 0, 0, 0, 0, 1, 0, 1, 0, 0, 3, 1, 0, 0, 0, 3, 1, 0, 2, 0, 0, 0, 1, 0, 0, 0, 0, 3, 0, 1, 0, 0, 2, 1, 1, 2, 0, 0, 0, 0, 1, 1, 0, 0, 0, 1, 3, 0, 0, 1, 0, 0, 1, 0, 2, 0, 1, 0, 2, 1, 0, 0, 1, 1, 3, 0, 1, 3, 0, 1, 0, 0, 2, 1, 0, 0, 0, 1, 0, 0, 0, 0, 0, 1, 2, 0, 1, 1, 0, 0, 0, 0, 3],804.6875225521468,57746.82533348298,88068.50778672317,false
47,G1_CMAX,G1_CMAX,[31, 22, 90, 26, 58, 95, 42, 12, 93, 5, 78, 86, 98, 18, 20, 35, 3, 97, 91, 76, 10, 85, 54, 45, 63, 71, 66, 1, 23, 17, 24, 60, 36, 6, 57, 15, 65, 56, 47, 79, 94, 67, 50, 46, 14, 75, 38, 9, 30, 19, 32, 81, 27, 92, 83, 87, 40, 99, 59, 11, 53, 16, 72, 77, 73, 70, 39, 37, 84, 43, 62, 25, 55, 28, 29, 51, 68, 82, 74, 61, 88, 21, 80, 89, 7, 69, 96, 41, 48, 4, 8, 34, 49, 52, 0, 44, 13, 2, 64, 33]|[1, 1, 1, 1, 0, 2, 1, 1, 2, 2, 2, 1, 0, 1, 2, 2, 1, 2, 0, 1, 2, 2, 2, 0, 0, 1, 2, 1, 2, 1, 2, 1, 1, 0, 1, 1, 0, 2, 2, 1, 1, 0, 0, 0, 0, 1, 1, 1, 1, 2, 1, 2, 2, 0, 0, 2, 1, 0, 0, 2, 0, 1, 2, 2, 1, 1, 1, 1, 1, 1, 0, 1, 1, 0, 0, 0, 0, 0, 2, 1, 1, 0, 0, 1, 1, 1, 2, 2, 0, 1, 1, 2, 0, 1, 0, 0, 0, 0, 2, 2]|[0, 4, 3, 0, 1, 1, 2, 4, 1, 1, 2, 4, 1, 4, 1, 1, 1, 2, 2, 2, 2, 1, 1, 1, 2, 3, 2, 3, 0, 4, 1, 0, 3, 2, 2, 2, 1, 1, 1, 0, 2, 0, 1, 2, 1, 3, 1, 4, 2, 0, 3, 2, 1, 2, 1, 1, 4, 1, 1, 1, 2, 3, 0, 2, 4, 3, 1, 4, 1, 1, 1, 4, 4, 2, 1, 1, 1, 2, 1, 3, 0, 1, 1, 1, 1, 3, 1, 1, 1, 4, 3, 1, 1, 1, 2, 2, 2, 2, 1, 1]|[3, 0, 2, 3, 0, 0, 1, 0, 0, 0, 1, 0, 0, 3, 0, 0, 1, 1, 1, 2, 1, 0, 0, 0, 0, 0, 0, 0, 0, 3, 1, 0, 2, 1, 1, 1, 0, 0, 0, 0, 1, 1, 0, 0, 0, 0, 1, 3, 2, 0, 0, 1, 0, 1, 0, 0, 2, 0, 0, 0, 1, 2, 1, 1, 0, 0, 1, 1, 3, 3, 0, 3, 3, 1, 0, 0, 0, 1, 0, 0, 0, 0, 0, 1, 2, 2, 0, 0, 0, 0, 2, 0, 1, 1, 0, 0, 0, 0, 0, 0],705.0470749739228,58445.79123614564,95781.2895945797,false
47,G4_BALANCED,G1_CMAX,[22, 82, 3, 58, 95, 42, 77, 47, 5, 93, 78, 12, 86, 54, 50, 63, 18, 44, 20, 35, 43, 97, 91, 76, 10, 30, 21, 45, 71, 64, 36, 23, 17, 83, 24, 14, 60, 1, 6, 40, 57, 90, 65, 56, 79, 94, 67, 68, 46, 75, 38, 9, 19, 32, 81, 41, 27, 62, 16, 55, 59, 89, 88, 87, 31, 72, 73, 70, 39, 37, 84, 92, 25, 11, 48, 15, 29, 51, 7, 33, 61, 98, 28, 99, 26, 85, 66, 96, 53, 80, 4, 8, 34, 49, 52, 2, 13, 0, 69, 74]|[1, 0, 1, 0, 1, 2, 2, 2, 2, 2, 1, 1, 1, 0, 0, 1, 0, 2, 2, 0, 1, 2, 0, 1, 2, 2, 0, 0, 1, 2, 1, 2, 1, 0, 2, 0, 1, 1, 0, 1, 1, 1, 0, 2, 1, 1, 0, 0, 0, 0, 1, 1, 2, 1, 2, 0, 0, 0, 1, 2, 1, 1, 1, 1, 1, 2, 1, 2, 1, 1, 1, 0, 1, 2, 2, 1, 0, 0, 1, 2, 1, 2, 0, 1, 1, 0, 0, 2, 0, 0, 1, 1, 2, 0, 1, 0, 0, 0, 1, 2]|[3, 2, 1, 1, 2, 1, 2, 1, 1, 2, 4, 4, 4, 1, 1, 4, 2, 1, 1, 1, 1, 2, 1, 2, 1, 1, 2, 1, 3, 2, 3, 1, 4, 1, 1, 1, 0, 3, 2, 2, 2, 3, 1, 1, 0, 4, 0, 1, 2, 2, 1, 4, 0, 3, 2, 1, 1, 2, 3, 1, 1, 1, 0, 3, 0, 0, 3, 0, 1, 4, 1, 0, 4, 1, 1, 4, 1, 1, 1, 1, 3, 1, 2, 1, 0, 2, 1, 1, 2, 1, 4, 3, 1, 1, 1, 2, 2, 2, 4, 1]|[3, 1, 2, 0, 1, 0, 0, 0, 0, 1, 0, 0, 1, 0, 0, 3, 1, 0, 0, 0, 3, 1, 0, 2, 0, 0, 0, 1, 0, 0, 2, 0, 3, 0, 1, 0, 0, 0, 1, 1, 1, 2, 0, 0, 0, 2, 1, 0, 0, 0, 1, 3, 0, 0, 1, 0, 0, 1, 2, 0, 1, 1, 0, 2, 0, 1, 0, 1, 1, 1, 1, 1, 3, 0, 0, 3, 0, 0, 2, 0, 0, 0, 1, 1, 3, 0, 0, 0, 1, 0, 0, 2, 0, 1, 1, 0, 0, 0, 2, 0],715.7913946700162,58060.95961022334,95287.06515100288,true
47,G2_TEC,G1_CMAX,[31, 22, 82, 15, 26, 99, 95, 42, 77, 12, 47, 5, 93, 78, 86, 54, 21, 63, 18, 44, 20, 35, 43, 97, 91, 76, 10, 30, 85, 45, 71, 64, 1, 23, 57, 83, 24, 14, 60, 36, 6, 17, 40, 88, 65, 56, 79, 94, 67, 68, 46, 75, 38, 9, 19, 32, 41, 81, 27, 87, 90, 58, 59, 11, 16, 72, 73, 70, 39, 37, 84, 3, 92, 62, 25, 55, 28, 29, 51, 7, 33, 61, 48, 66, 89, 50, 98, 96, 53, 80, 4, 8, 34, 49, 52, 0, 13, 2, 69, 74]|[1, 1, 0, 1, 1, 0, 1, 1, 2, 1, 2, 2, 2, 1, 1, 0, 0, 1, 0, 2, 2, 0, 1, 2, 0, 1, 2, 2, 0, 0, 1, 2, 1, 2, 1, 0, 2, 0, 1, 1, 0, 1, 1, 1, 0, 2, 1, 1, 0, 0, 0, 0, 1, 1, 2, 1, 0, 2, 0, 2, 1, 0, 1, 2, 1, 2, 1, 1, 1, 1, 1, 1, 0, 0, 1, 2, 0, 0, 0, 2, 2, 1, 0, 2, 1, 0, 2, 2, 0, 0, 1, 1, 2, 0, 1, 0, 0, 0, 1, 2]|[4, 3, 2, 2, 4, 1, 2, 3, 2, 4, 1, 1, 2, 4, 4, 1, 1, 4, 2, 1, 1, 1, 1, 2, 1, 2, 1, 1, 2, 1, 3, 2, 3, 1, 4, 0, 1, 1, 0, 3, 2, 2, 2, 0, 1, 1, 0, 4, 0, 1, 2, 2, 1, 4, 0, 3, 1, 1, 1, 1, 3, 1, 1, 1, 3, 0, 4, 3, 1, 4, 1, 1, 2, 2, 4, 1, 2, 1, 1, 1, 1, 3, 1, 1, 1, 1, 1, 1, 2, 1, 4, 3, 1, 1, 1, 2, 2, 2, 4, 1]|[0, 2, 1, 1, 3, 0, 1, 3, 0, 0, 0, 0, 1, 0, 1, 0, 0, 3, 1, 0, 0, 0, 3, 1, 0, 2, 0, 0, 0, 1, 0, 0, 0, 0, 3, 0, 1, 0, 0, 2, 1, 1, 1, 0, 0, 0, 0, 2, 1, 0, 0, 0, 1, 3, 0, 0, 0, 0, 0, 0, 2, 0, 1, 0, 2, 1, 0, 0, 1, 1, 3, 1, 1, 1, 3, 0, 1, 0, 0, 0, 0, 0, 0, 0, 1, 0, 0, 0, 1, 0, 0, 2, 0, 1, 1, 0, 0, 0, 2, 0],734.7453063916988,56263.92028463015,92350.96868886708,true
47,G3_TWC,G3_TWC,[31, 22, 42, 15, 26, 58, 95, 82, 77, 12, 47, 5, 93, 78, 98, 54, 85, 63, 18, 44, 20, 35, 43, 97, 91, 76, 10, 30, 21, 45, 71, 64, 1, 23, 17, 83, 24, 61, 60, 36, 6, 57, 94, 88, 65, 56, 79, 40, 67, 68, 46, 75, 38, 9, 19, 32, 81, 41, 27, 62, 87, 90, 99, 59, 11, 16, 72, 73, 70, 39, 37, 84, 3, 92, 25, 74, 28, 29, 51, 7, 53, 14, 86, 48, 89, 50, 66, 96, 33, 80, 4, 8, 34, 49, 52, 0, 13, 2, 69, 55]|[1, 1, 0, 1, 1, 1, 2, 1, 2, 1, 2, 2, 2, 1, 1, 0, 0, 1, 0, 2, 2, 0, 1, 2, 0, 1, 2, 2, 0, 0, 1, 2, 1, 2, 1, 0, 2, 0, 1, 1, 0, 1, 1, 1, 0, 2, 1, 1, 0, 0, 0, 0, 1, 1, 2, 1, 2, 0, 0, 0, 2, 1, 0, 1, 2, 1, 2, 1, 1, 1, 1, 1, 2, 0, 1, 2, 0, 0, 0, 1, 0, 1, 0, 0, 1, 0, 0, 0, 2, 0, 0, 1, 2, 0, 1, 0, 0, 0, 1, 1]|[4, 3, 2, 2, 0, 0, 2, 2, 2, 4, 1, 1, 2, 4, 4, 1, 1, 4, 2, 1, 1, 1, 1, 2, 1, 2, 1, 1, 1, 1, 3, 2, 3, 0, 4, 0, 1, 1, 0, 3, 2, 2, 4, 0, 1, 1, 0, 2, 0, 1, 2, 2, 1, 4, 0, 3, 2, 1, 1, 2, 1, 3, 1, 1, 1, 3, 0, 4, 3, 1, 4, 1, 1, 2, 4, 1, 2, 1, 1, 3, 2, 3, 1, 1, 1, 1, 1, 1, 1, 1, 2, 3, 1, 1, 1, 2, 2, 2, 3, 4]|[0, 2, 1, 1, 3, 3, 0, 1, 0, 0, 0, 0, 1, 0, 1, 0, 0, 3, 1, 0, 0, 0, 3, 1, 0, 2, 0, 0, 0, 1, 0, 0, 0, 0, 3, 0, 1, 0, 0, 2, 1, 1, 2, 0, 0, 0, 0, 1, 1, 0, 0, 0, 1, 3, 0, 0, 1, 0, 0, 1, 0, 2, 0, 1, 0, 2, 1, 0, 0, 1, 1, 3, 0, 1, 3, 0, 1, 0, 0, 2, 1, 0, 0, 0, 1, 0, 0, 0, 0, 0, 1, 2, 0, 1, 1, 0, 0, 0, 0, 3],804.6875225521468,57746.82533348298,88068.50778672317,false
47,G1_CMAX,G1_CMAX,[31, 22, 90, 26, 58, 95, 42, 12, 93, 5, 78, 86, 98, 18, 20, 35, 3, 97, 91, 76, 10, 85, 54, 45, 63, 71, 66, 1, 23, 17, 24, 60, 36, 6, 57, 15, 65, 56, 47, 79, 94, 67, 50, 46, 14, 75, 38, 9, 30, 19, 32, 81, 27, 92, 83, 87, 40, 99, 59, 11, 53, 16, 72, 77, 73, 70, 39, 37, 84, 43, 62, 25, 55, 28, 29, 51, 68, 82, 74, 61, 88, 21, 80, 89, 7, 69, 96, 41, 48, 4, 8, 34, 49, 52, 0, 44, 13, 2, 64, 33]|[1, 1, 1, 1, 0, 2, 1, 1, 2, 2, 2, 1, 0, 1, 2, 2, 1, 2, 0, 1, 2, 2, 2, 0, 0, 1, 2, 1, 2, 1, 2, 1, 1, 0, 1, 1, 0, 2, 2, 1, 1, 0, 0, 0, 0, 1, 1, 1, 1, 2, 1, 2, 2, 0, 0, 2, 1, 0, 0, 2, 0, 1, 2, 2, 1, 1, 1, 1, 1, 1, 0, 1, 1, 0, 0, 0, 0, 0, 2, 1, 1, 0, 0, 1, 1, 1, 2, 2, 0, 1, 1, 2, 0, 1, 0, 0, 0, 0, 2, 2]|[0, 4, 3, 0, 1, 1, 2, 4, 1, 1, 2, 4, 1, 4, 1, 1, 1, 2, 2, 2, 2, 1, 1, 1, 2, 3, 2, 3, 0, 4, 1, 0, 3, 2, 2, 2, 1, 1, 1, 0, 2, 0, 1, 2, 1, 3, 1, 4, 2, 0, 3, 2, 1, 2, 1, 1, 4, 1, 1, 1, 2, 3, 0, 2, 4, 3, 1, 4, 1, 1, 1, 4, 4, 2, 1, 1, 1, 2, 1, 3, 0, 1, 1, 1, 1, 3, 1, 1, 1, 4, 3, 1, 1, 1, 2, 2, 2, 2, 1, 1]|[3, 0, 2, 3, 0, 0, 1, 0, 0, 0, 1, 0, 0, 3, 0, 0, 1, 1, 1, 2, 1, 0, 0, 0, 0, 0, 0, 0, 0, 3, 1, 0, 2, 1, 1, 1, 0, 0, 0, 0, 1, 1, 0, 0, 0, 0, 1, 3, 2, 0, 0, 1, 0, 1, 0, 0, 2, 0, 0, 0, 1, 2, 1, 1, 0, 0, 1, 1, 3, 3, 0, 3, 3, 1, 0, 0, 0, 1, 0, 0, 0, 0, 0, 1, 2, 2, 0, 0, 0, 0, 2, 0, 1, 1, 0, 0, 0, 0, 0, 0],705.0470749739228,58445.79123614564,95781.2895945797,false
47,G4_BALANCED,G1_CMAX,[22, 82, 3, 58, 95, 42, 77, 47, 5, 93, 78, 12, 86, 54, 50, 63, 18, 44, 20, 35, 43, 97, 91, 76, 10, 30, 21, 45, 71, 64, 36, 23, 17, 83, 24, 14, 60, 1, 6, 40, 57, 90, 65, 56, 79, 94, 67, 68, 46, 75, 38, 9, 19, 32, 81, 41, 27, 62, 16, 55, 59, 89, 88, 87, 31, 72, 73, 70, 39, 37, 84, 92, 25, 11, 48, 15, 29, 51, 7, 33, 61, 98, 28, 99, 26, 85, 66, 96, 53, 80, 4, 8, 34, 49, 52, 2, 13, 0, 69, 74]|[1, 0, 1, 0, 1, 2, 2, 2, 2, 2, 1, 1, 1, 0, 0, 1, 0, 2, 2, 0, 1, 2, 0, 1, 2, 2, 0, 0, 1, 2, 1, 2, 1, 0, 2, 0, 1, 1, 0, 1, 1, 1, 0, 2, 1, 1, 0, 0, 0, 0, 1, 1, 2, 1, 2, 0, 0, 0, 1, 2, 1, 1, 1, 1, 1, 2, 1, 2, 1, 1, 1, 0, 1, 2, 2, 1, 0, 0, 1, 2, 1, 2, 0, 1, 1, 0, 0, 2, 0, 0, 1, 1, 2, 0, 1, 0, 0, 0, 1, 2]|[3, 2, 1, 1, 2, 1, 2, 1, 1, 2, 4, 4, 4, 1, 1, 4, 2, 1, 1, 1, 1, 2, 1, 2, 1, 1, 2, 1, 3, 2, 3, 1, 4, 1, 1, 1, 0, 3, 2, 2, 2, 3, 1, 1, 0, 4, 0, 1, 2, 2, 1, 4, 0, 3, 2, 1, 1, 2, 3, 1, 1, 1, 0, 3, 0, 0, 3, 0, 1, 4, 1, 0, 4, 1, 1, 4, 1, 1, 1, 1, 3, 1, 2, 1, 0, 2, 1, 1, 2, 1, 4, 3, 1, 1, 1, 2, 2, 2, 4, 1]|[3, 1, 2, 0, 1, 0, 0, 0, 0, 1, 0, 0, 1, 0, 0, 3, 1, 0, 0, 0, 3, 1, 0, 2, 0, 0, 0, 1, 0, 0, 2, 0, 3, 0, 1, 0, 0, 0, 1, 1, 1, 2, 0, 0, 0, 2, 1, 0, 0, 0, 1, 3, 0, 0, 1, 0, 0, 1, 2, 0, 1, 1, 0, 2, 0, 1, 0, 1, 1, 1, 1, 1, 3, 0, 0, 3, 0, 0, 2, 0, 0, 0, 1, 1, 3, 0, 0, 0, 1, 0, 0, 2, 0, 1, 1, 0, 0, 0, 2, 0],715.7913946700162,58060.95961022334,95287.06515100288,true
47,G2_TEC,G4_BALANCED,[31, 22, 82, 15, 26, 9, 95, 42, 77, 68, 47, 5, 93, 78, 86, 54, 85, 63, 18, 44, 20, 49, 36, 14, 74, 50, 53, 17, 21, 28, 71, 64, 3, 23, 30, 83, 24, 41, 60, 52, 65, 27, 90, 70, 39, 87, 48, 69, 99, 4, 46, 1, 13, 58, 97, 59, 45, 75, 73, 37, 35, 79, 11, 66, 76, 32, 40, 80, 96, 6, 16, 61, 33, 7, 57, 34, 12, 67, 10, 98, 56, 88, 29, 8, 91, 38, 19, 92, 43, 84, 51, 72, 81, 0, 2, 55, 94, 89, 62, 25]|[2, 1, 1, 2, 1, 2, 1, 1, 1, 1, 1, 0, 2, 2, 1, 2, 0, 0, 0, 2, 2, 1, 0, 2, 0, 2, 2, 1, 0, 1, 1, 1, 0, 0, 1, 0, 2, 1, 2, 2, 0, 0, 1, 1, 0, 2, 0, 2, 1, 0, 0, 2, 0, 0, 2, 0, 1, 0, 0, 0, 2, 1, 0, 2, 2, 0, 2, 2, 0, 1, 2, 1, 1, 2, 0, 1, 1, 1, 1, 2, 2, 1, 1, 1, 1, 0, 1, 0, 1, 0, 1, 1, 1, 0, 2, 0, 2, 1, 1, 1]|[1, 3, 2, 0, 4, 1, 4, 4, 2, 4, 3, 2, 1, 0, 2, 1, 1, 1, 2, 1, 1, 3, 0, 1, 0, 1, 1, 4, 1, 4, 3, 2, 2, 0, 4, 1, 1, 4, 0, 1, 2, 1, 4, 4, 1, 1, 0, 2, 3, 1, 2, 1, 2, 1, 1, 2, 4, 2, 0, 2, 2, 3, 1, 0, 1, 2, 0, 1, 2, 4, 1, 3, 4, 1, 2, 4, 3, 3, 3, 1, 1, 4, 3, 3, 3, 2, 4, 2, 4, 2, 3, 4, 1, 2, 1, 2, 1, 4, 3, 4]|[1, 2, 1, 0, 3, 0, 1, 3, 0, 0, 2, 0, 1, 0, 1, 0, 0, 0, 1, 0, 0, 2, 0, 0, 1, 0, 0, 3, 0, 1, 0, 2, 0, 1, 3, 0, 1, 3, 1, 0, 0, 0, 1, 3, 0, 0, 1, 0, 2, 0, 0, 0, 0, 0, 1, 0, 1, 0, 1, 1, 0, 2, 0, 0, 0, 0, 0, 0, 0, 2, 0, 0, 1, 0, 0, 1, 0, 0, 3, 0, 0, 1, 0, 0, 0, 0, 3, 0, 2, 0, 0, 2, 1, 0, 0, 0, 0, 1, 0, 3],837.479178750376,52435.170692348955,108071.3583989792,true
47,G3_TWC,G3_TWC,[31, 22, 42, 15, 26, 58, 95, 82, 77, 12, 47, 5, 93, 78, 98, 54, 85, 63, 18, 44, 20, 35, 43, 97, 91, 76, 10, 30, 21, 45, 71, 64, 1, 23, 17, 83, 24, 61, 60, 36, 6, 57, 94, 88, 65, 56, 79, 40, 67, 68, 46, 75, 38, 9, 19, 32, 81, 41, 27, 62, 87, 90, 99, 59, 11, 16, 72, 73, 70, 39, 37, 84, 3, 92, 25, 74, 28, 29, 51, 7, 53, 14, 86, 48, 89, 50, 66, 96, 33, 80, 4, 8, 34, 49, 52, 0, 13, 2, 69, 55]|[1, 1, 0, 1, 1, 1, 2, 1, 2, 1, 2, 2, 2, 1, 1, 0, 0, 1, 0, 2, 2, 0, 1, 2, 0, 1, 2, 2, 0, 0, 1, 2, 1, 2, 1, 0, 2, 0, 1, 1, 0, 1, 1, 1, 0, 2, 1, 1, 0, 0, 0, 0, 1, 1, 2, 1, 2, 0, 0, 0, 2, 1, 0, 1, 2, 1, 2, 1, 1, 1, 1, 1, 2, 0, 1, 2, 0, 0, 0, 1, 0, 1, 0, 0, 1, 0, 0, 0, 2, 0, 0, 1, 2, 0, 1, 0, 0, 0, 1, 1]|[4, 3, 2, 2, 0, 0, 2, 2, 2, 4, 1, 1, 2, 4, 4, 1, 1, 4, 2, 1, 1, 1, 1, 2, 1, 2, 1, 1, 1, 1, 3, 2, 3, 0, 4, 0, 1, 1, 0, 3, 2, 2, 4, 0, 1, 1, 0, 2, 0, 1, 2, 2, 1, 4, 0, 3, 2, 1, 1, 2, 1, 3, 1, 1, 1, 3, 0, 4, 3, 1, 4, 1, 1, 2, 4, 1, 2, 1, 1, 3, 2, 3, 1, 1, 1, 1, 1, 1, 1, 1, 2, 3, 1, 1, 1, 2, 2, 2, 3, 4]|[0, 2, 1, 1, 3, 3, 0, 1, 0, 0, 0, 0, 1, 0, 1, 0, 0, 3, 1, 0, 0, 0, 3, 1, 0, 2, 0, 0, 0, 1, 0, 0, 0, 0, 3, 0, 1, 0, 0, 2, 1, 1, 2, 0, 0, 0, 0, 1, 1, 0, 0, 0, 1, 3, 0, 0, 1, 0, 0, 1, 0, 2, 0, 1, 0, 2, 1, 0, 0, 1, 1, 3, 0, 1, 3, 0, 1, 0, 0, 2, 1, 0, 0, 0, 1, 0, 0, 0, 0, 0, 1, 2, 0, 1, 1, 0, 0, 0, 0, 3],804.6875225521468,57746.82533348298,88068.50778672317,false
47,G1_CMAX,G1_CMAX,[31, 22, 90, 26, 58, 95, 42, 12, 93, 5, 78, 86, 98, 18, 20, 35, 3, 97, 91, 76, 10, 85, 54, 45, 63, 71, 66, 1, 23, 17, 24, 60, 36, 6, 57, 15, 65, 56, 47, 79, 94, 67, 50, 46, 14, 75, 38, 9, 30, 19, 32, 81, 27, 92, 83, 87, 40, 99, 59, 11, 53, 16, 72, 77, 73, 70, 39, 37, 84, 43, 62, 25, 55, 28, 29, 51, 68, 82, 74, 61, 88, 21, 80, 89, 7, 69, 96, 41, 48, 4, 8, 34, 49, 52, 0, 44, 13, 2, 64, 33]|[1, 1, 1, 1, 0, 2, 1, 1, 2, 2, 2, 1, 0, 1, 2, 2, 1, 2, 0, 1, 2, 2, 2, 0, 0, 1, 2, 1, 2, 1, 2, 1, 1, 0, 1, 1, 0, 2, 2, 1, 1, 0, 0, 0, 0, 1, 1, 1, 1, 2, 1, 2, 2, 0, 0, 2, 1, 0, 0, 2, 0, 1, 2, 2, 1, 1, 1, 1, 1, 1, 0, 1, 1, 0, 0, 0, 0, 0, 2, 1, 1, 0, 0, 1, 1, 1, 2, 2, 0, 1, 1, 2, 0, 1, 0, 0, 0, 0, 2, 2]|[0, 4, 3, 0, 1, 1, 2, 4, 1, 1, 2, 4, 1, 4, 1, 1, 1, 2, 2, 2, 2, 1, 1, 1, 2, 3, 2, 3, 0, 4, 1, 0, 3, 2, 2, 2, 1, 1, 1, 0, 2, 0, 1, 2, 1, 3, 1, 4, 2, 0, 3, 2, 1, 2, 1, 1, 4, 1, 1, 1, 2, 3, 0, 2, 4, 3, 1, 4, 1, 1, 1, 4, 4, 2, 1, 1, 1, 2, 1, 3, 0, 1, 1, 1, 1, 3, 1, 1, 1, 4, 3, 1, 1, 1, 2, 2, 2, 2, 1, 1]|[3, 0, 2, 3, 0, 0, 1, 0, 0, 0, 1, 0, 0, 3, 0, 0, 1, 1, 1, 2, 1, 0, 0, 0, 0, 0, 0, 0, 0, 3, 1, 0, 2, 1, 1, 1, 0, 0, 0, 0, 1, 1, 0, 0, 0, 0, 1, 3, 2, 0, 0, 1, 0, 1, 0, 0, 2, 0, 0, 0, 1, 2, 1, 1, 0, 0, 1, 1, 3, 3, 0, 3, 3, 1, 0, 0, 0, 1, 0, 0, 0, 0, 0, 1, 2, 2, 0, 0, 0, 0, 2, 0, 1, 1, 0, 0, 0, 0, 0, 0],705.0470749739228,58445.79123614564,95781.2895945797,false
47,G4_BALANCED,G1_CMAX,[22, 82, 3, 58, 95, 42, 77, 47, 5, 93, 78, 12, 86, 54, 50, 63, 18, 44, 20, 35, 43, 97, 91, 76, 10, 30, 21, 45, 71, 64, 36, 23, 17, 83, 24, 14, 60, 1, 6, 40, 57, 90, 65, 56, 79, 94, 67, 68, 46, 75, 38, 9, 19, 32, 81, 41, 27, 62, 16, 55, 59, 89, 88, 87, 31, 72, 73, 70, 39, 37, 84, 92, 25, 11, 48, 15, 29, 51, 7, 33, 61, 98, 28, 99, 26, 85, 66, 96, 53, 80, 4, 8, 34, 49, 52, 2, 13, 0, 69, 74]|[1, 0, 1, 0, 1, 2, 2, 2, 2, 2, 1, 1, 1, 0, 0, 1, 0, 2, 2, 0, 1, 2, 0, 1, 2, 2, 0, 0, 1, 2, 1, 2, 1, 0, 2, 0, 1, 1, 0, 1, 1, 1, 0, 2, 1, 1, 0, 0, 0, 0, 1, 1, 2, 1, 2, 0, 0, 0, 1, 2, 1, 1, 1, 1, 1, 2, 1, 2, 1, 1, 1, 0, 1, 2, 2, 1, 0, 0, 1, 2, 1, 2, 0, 1, 1, 0, 0, 2, 0, 0, 1, 1, 2, 0, 1, 0, 0, 0, 1, 2]|[3, 2, 1, 1, 2, 1, 2, 1, 1, 2, 4, 4, 4, 1, 1, 4, 2, 1, 1, 1, 1, 2, 1, 2, 1, 1, 2, 1, 3, 2, 3, 1, 4, 1, 1, 1, 0, 3, 2, 2, 2, 3, 1, 1, 0, 4, 0, 1, 2, 2, 1, 4, 0, 3, 2, 1, 1, 2, 3, 1, 1, 1, 0, 3, 0, 0, 3, 0, 1, 4, 1, 0, 4, 1, 1, 4, 1, 1, 1, 1, 3, 1, 2, 1, 0, 2, 1, 1, 2, 1, 4, 3, 1, 1, 1, 2, 2, 2, 4, 1]|[3, 1, 2, 0, 1, 0, 0, 0, 0, 1, 0, 0, 1, 0, 0, 3, 1, 0, 0, 0, 3, 1, 0, 2, 0, 0, 0, 1, 0, 0, 2, 0, 3, 0, 1, 0, 0, 0, 1, 1, 1, 2, 0, 0, 0, 2, 1, 0, 0, 0, 1, 3, 0, 0, 1, 0, 0, 1, 2, 0, 1, 1, 0, 2, 0, 1, 0, 1, 1, 1, 1, 1, 3, 0, 0, 3, 0, 0, 2, 0, 0, 0, 1, 1, 3, 0, 0, 0, 1, 0, 0, 2, 0, 1, 1, 0, 0, 0, 2, 0],715.7913946700162,58060.95961022334,95287.06515100288,true
47,G2_TEC,G2_TEC,[31, 22, 82, 15, 26, 9, 95, 42, 77, 68, 47, 5, 93, 78, 86, 54, 85, 63, 18, 44, 20, 49, 36, 14, 74, 50, 53, 17, 21, 28, 11, 64, 3, 23, 30, 83, 24, 41, 40, 52, 65, 27, 90, 70, 39, 87, 48, 69, 99, 4, 46, 1, 13, 58, 97, 59, 45, 8, 73, 37, 35, 79, 71, 66, 76, 32, 60, 80, 56, 6, 67, 61, 33, 7, 57, 34, 12, 16, 10, 98, 96, 88, 43, 81, 91, 2, 84, 29, 92, 19, 51, 89, 75, 55, 25, 72, 94, 38, 62, 0]|[2, 1, 2, 1, 1, 2, 1, 1, 1, 1, 1, 0, 2, 2, 1, 2, 0, 0, 0, 2, 2, 1, 0, 2, 0, 2, 2, 1, 0, 1, 1, 1, 0, 0, 1, 0, 2, 1, 2, 2, 0, 0, 1, 1, 0, 2, 0, 2, 1, 0, 0, 2, 0, 0, 2, 0, 1, 1, 0, 0, 2, 1, 1, 2, 2, 0, 2, 2, 2, 1, 2, 1, 1, 2, 0, 1, 1, 2, 1, 2, 0, 1, 1, 1, 1, 0, 0, 1, 0, 1, 1, 1, 0, 0, 1, 1, 2, 0, 1, 0]|[0, 3, 0, 3, 4, 1, 4, 4, 2, 4, 3, 2, 1, 0, 2, 1, 1, 1, 2, 1, 1, 3, 0, 1, 0, 1, 1, 4, 1, 4, 3, 2, 2, 0, 4, 1, 1, 4, 1, 1, 2, 1, 4, 4, 1, 1, 0, 1, 3, 2, 2, 1, 2, 1, 1, 2, 4, 3, 0, 2, 2, 3, 3, 1, 1, 2, 1, 1, 1, 4, 1, 3, 4, 1, 2, 4, 3, 1, 3, 1, 2, 4, 4, 4, 3, 2, 2, 3, 2, 4, 3, 4, 2, 2, 4, 4, 1, 2, 3, 2]|[0, 2, 0, 0, 3, 0, 1, 3, 0, 0, 2, 0, 0, 0, 1, 0, 0, 0, 1, 0, 0, 2, 0, 0, 1, 0, 0, 3, 0, 1, 0, 2, 0, 0, 3, 0, 1, 1, 0, 0, 0, 0, 1, 3, 0, 0, 1, 0, 2, 0, 0, 0, 0, 0, 1, 0, 1, 0, 1, 1, 0, 2, 0, 0, 0, 0, 0, 0, 0, 2, 0, 0, 1, 0, 0, 1, 0, 0, 3, 0, 0, 1, 2, 2, 0, 0, 0, 3, 0, 1, 0, 1, 0, 0, 3, 1, 0, 0, 0, 0],931.35319649833,48904.64914180878,108427.19628251252,false
47,G3_TWC,G3_TWC,[31, 22, 42, 15, 26, 58, 95, 82, 77, 12, 47, 5, 93, 78, 98, 54, 85, 63, 18, 44, 20, 35, 43, 97, 91, 76, 10, 30, 21, 45, 71, 64, 1, 23, 17, 83, 24, 61, 60, 36, 6, 57, 94, 88, 65, 56, 79, 40, 67, 68, 46, 75, 38, 9, 19, 32, 81, 41, 27, 62, 87, 90, 99, 59, 11, 16, 72, 73, 70, 39, 37, 84, 3, 92, 25, 74, 28, 29, 51, 7, 53, 14, 86, 48, 89, 50, 66, 96, 33, 80, 4, 8, 34, 49, 52, 0, 13, 2, 69, 55]|[1, 1, 0, 1, 1, 1, 2, 1, 2, 1, 2, 2, 2, 1, 1, 0, 0, 1, 0, 2, 2, 0, 1, 2, 0, 1, 2, 2, 0, 0, 1, 2, 1, 2, 1, 0, 2, 0, 1, 1, 0, 1, 1, 1, 0, 2, 1, 1, 0, 0, 0, 0, 1, 1, 2, 1, 2, 0, 0, 0, 2, 1, 0, 1, 2, 1, 2, 1, 1, 1, 1, 1, 2, 0, 1, 2, 0, 0, 0, 1, 0, 1, 0, 0, 1, 0, 0, 0, 2, 0, 0, 1, 2, 0, 1, 0, 0, 0, 1, 1]|[4, 3, 2, 2, 0, 0, 2, 2, 2, 4, 1, 1, 2, 4, 4, 1, 1, 4, 2, 1, 1, 1, 1, 2, 1, 2, 1, 1, 1, 1, 3, 2, 3, 0, 4, 0, 1, 1, 0, 3, 2, 2, 4, 0, 1, 1, 0, 2, 0, 1, 2, 2, 1, 4, 0, 3, 2, 1, 1, 2, 1, 3, 1, 1, 1, 3, 0, 4, 3, 1, 4, 1, 1, 2, 4, 1, 2, 1, 1, 3, 2, 3, 1, 1, 1, 1, 1, 1, 1, 1, 2, 3, 1, 1, 1, 2, 2, 2, 3, 4]|[0, 2, 1, 1, 3, 3, 0, 1, 0, 0, 0, 0, 1, 0, 1, 0, 0, 3, 1, 0, 0, 0, 3, 1, 0, 2, 0, 0, 0, 1, 0, 0, 0, 0, 3, 0, 1, 0, 0, 2, 1, 1, 2, 0, 0, 0, 0, 1, 1, 0, 0, 0, 1, 3, 0, 0, 1, 0, 0, 1, 0, 2, 0, 1, 0, 2, 1, 0, 0, 1, 1, 3, 0, 1, 3, 0, 1, 0, 0, 2, 1, 0, 0, 0, 1, 0, 0, 0, 0, 0, 1, 2, 0, 1, 1, 0, 0, 0, 0, 3],804.6875225521468,57746.82533348298,88068.50778672317,false
47,G1_CMAX,G1_CMAX,[31, 22, 90, 26, 58, 95, 42, 12, 93, 5, 78, 86, 98, 18, 20, 35, 3, 97, 91, 76, 10, 85, 54, 45, 63, 71, 66, 1, 23, 17, 24, 60, 36, 6, 57, 15, 65, 56, 47, 79, 94, 67, 50, 46, 14, 75, 38, 9, 30, 19, 32, 81, 27, 92, 83, 87, 40, 99, 59, 11, 53, 16, 72, 77, 73, 70, 39, 37, 84, 43, 62, 25, 55, 28, 29, 51, 68, 82, 74, 61, 88, 21, 80, 89, 7, 69, 96, 41, 48, 4, 8, 34, 49, 52, 0, 44, 13, 2, 64, 33]|[1, 1, 1, 1, 0, 2, 1, 1, 2, 2, 2, 1, 0, 1, 2, 2, 1, 2, 0, 1, 2, 2, 2, 0, 0, 1, 2, 1, 2, 1, 2, 1, 1, 0, 1, 1, 0, 2, 2, 1, 1, 0, 0, 0, 0, 1, 1, 1, 1, 2, 1, 2, 2, 0, 0, 2, 1, 0, 0, 2, 0, 1, 2, 2, 1, 1, 1, 1, 1, 1, 0, 1, 1, 0, 0, 0, 0, 0, 2, 1, 1, 0, 0, 1, 1, 1, 2, 2, 0, 1, 1, 2, 0, 1, 0, 0, 0, 0, 2, 2]|[0, 4, 3, 0, 1, 1, 2, 4, 1, 1, 2, 4, 1, 4, 1, 1, 1, 2, 2, 2, 2, 1, 1, 1, 2, 3, 2, 3, 0, 4, 1, 0, 3, 2, 2, 2, 1, 1, 1, 0, 2, 0, 1, 2, 1, 3, 1, 4, 2, 0, 3, 2, 1, 2, 1, 1, 4, 1, 1, 1, 2, 3, 0, 2, 4, 3, 1, 4, 1, 1, 1, 4, 4, 2, 1, 1, 1, 2, 1, 3, 0, 1, 1, 1, 1, 3, 1, 1, 1, 4, 3, 1, 1, 1, 2, 2, 2, 2, 1, 1]|[3, 0, 2, 3, 0, 0, 1, 0, 0, 0, 1, 0, 0, 3, 0, 0, 1, 1, 1, 2, 1, 0, 0, 0, 0, 0, 0, 0, 0, 3, 1, 0, 2, 1, 1, 1, 0, 0, 0, 0, 1, 1, 0, 0, 0, 0, 1, 3, 2, 0, 0, 1, 0, 1, 0, 0, 2, 0, 0, 0, 1, 2, 1, 1, 0, 0, 1, 1, 3, 3, 0, 3, 3, 1, 0, 0, 0, 1, 0, 0, 0, 0, 0, 1, 2, 2, 0, 0, 0, 0, 2, 0, 1, 1, 0, 0, 0, 0, 0, 0],705.0470749739228,58445.79123614564,95781.2895945797,false
47,G4_BALANCED,G1_CMAX,[22, 82, 3, 58, 95, 42, 77, 47, 5, 93, 78, 12, 86, 54, 50, 63, 18, 44, 20, 35, 43, 97, 91, 76, 10, 30, 21, 45, 71, 64, 36, 23, 17, 83, 24, 14, 60, 1, 6, 40, 57, 90, 65, 56, 79, 94, 67, 68, 46, 75, 38, 9, 19, 32, 81, 41, 27, 62, 16, 55, 59, 89, 88, 87, 31, 72, 73, 70, 39, 37, 84, 92, 25, 11, 48, 15, 29, 51, 7, 33, 61, 98, 28, 99, 26, 85, 66, 96, 53, 80, 4, 8, 34, 49, 52, 2, 13, 0, 69, 74]|[1, 0, 1, 0, 1, 2, 2, 2, 2, 2, 1, 1, 1, 0, 0, 1, 0, 2, 2, 0, 1, 2, 0, 1, 2, 2, 0, 0, 1, 2, 1, 2, 1, 0, 2, 0, 1, 1, 0, 1, 1, 1, 0, 2, 1, 1, 0, 0, 0, 0, 1, 1, 2, 1, 2, 0, 0, 0, 1, 2, 1, 1, 1, 1, 1, 2, 1, 2, 1, 1, 1, 0, 1, 2, 2, 1, 0, 0, 1, 2, 1, 2, 0, 1, 1, 0, 0, 2, 0, 0, 1, 1, 2, 0, 1, 0, 0, 0, 1, 2]|[3, 2, 1, 1, 2, 1, 2, 1, 1, 2, 4, 4, 4, 1, 1, 4, 2, 1, 1, 1, 1, 2, 1, 2, 1, 1, 2, 1, 3, 2, 3, 1, 4, 1, 1, 1, 0, 3, 2, 2, 2, 3, 1, 1, 0, 4, 0, 1, 2, 2, 1, 4, 0, 3, 2, 1, 1, 2, 3, 1, 1, 1, 0, 3, 0, 0, 3, 0, 1, 4, 1, 0, 4, 1, 1, 4, 1, 1, 1, 1, 3, 1, 2, 1, 0, 2, 1, 1, 2, 1, 4, 3, 1, 1, 1, 2, 2, 2, 4, 1]|[3, 1, 2, 0, 1, 0, 0, 0, 0, 1, 0, 0, 1, 0, 0, 3, 1, 0, 0, 0, 3, 1, 0, 2, 0, 0, 0, 1, 0, 0, 2, 0, 3, 0, 1, 0, 0, 0, 1, 1, 1, 2, 0, 0, 0, 2, 1, 0, 0, 0, 1, 3, 0, 0, 1, 0, 0, 1, 2, 0, 1, 1, 0, 2, 0, 1, 0, 1, 1, 1, 1, 1, 3, 0, 0, 3, 0, 0, 2, 0, 0, 0, 1, 1, 3, 0, 0, 0, 1, 0, 0, 2, 0, 1, 1, 0, 0, 0, 2, 0],715.7913946700162,58060.95961022334,95287.06515100288,true
47,G2_TEC,G2_TEC,[31, 22, 82, 15, 26, 9, 95, 42, 77, 68, 47, 5, 93, 78, 86, 54, 85, 63, 18, 44, 20, 49, 36, 14, 74, 50, 53, 17, 21, 28, 11, 64, 3, 23, 30, 83, 24, 41, 40, 52, 65, 27, 90, 70, 39, 87, 48, 69, 99, 4, 46, 1, 13, 58, 97, 59, 45, 8, 73, 37, 35, 79, 71, 66, 76, 32, 60, 80, 56, 6, 67, 61, 33, 7, 57, 34, 12, 16, 10, 98, 96, 88, 43, 81, 91, 2, 84, 29, 92, 19, 51, 89, 75, 55, 25, 72, 94, 38, 62, 0]|[2, 1, 2, 1, 1, 2, 1, 1, 1, 1, 1, 0, 2, 2, 1, 2, 0, 0, 0, 2, 2, 1, 0, 2, 0, 2, 2, 1, 0, 1, 1, 1, 0, 0, 1, 0, 2, 1, 2, 2, 0, 0, 1, 1, 0, 2, 0, 2, 1, 0, 0, 2, 0, 0, 2, 0, 1, 1, 0, 0, 2, 1, 1, 2, 2, 0, 2, 2, 2, 1, 2, 1, 1, 2, 0, 1, 1, 2, 1, 2, 0, 1, 1, 1, 1, 0, 0, 1, 0, 1, 1, 1, 0, 0, 1, 1, 2, 0, 1, 0]|[0, 3, 0, 3, 4, 1, 4, 4, 2, 4, 3, 2, 1, 0, 2, 1, 1, 1, 2, 1, 1, 3, 0, 1, 0, 1, 1, 4, 1, 4, 3, 2, 2, 0, 4, 1, 1, 4, 1, 1, 2, 1, 4, 4, 1, 1, 0, 1, 3, 2, 2, 1, 2, 1, 1, 2, 4, 3, 0, 2, 2, 3, 3, 1, 1, 2, 1, 1, 1, 4, 1, 3, 4, 1, 2, 4, 3, 1, 3, 1, 2, 4, 4, 4, 3, 2, 2, 3, 2, 4, 3, 4, 2, 2, 4, 4, 1, 2, 3, 2]|[0, 2, 0, 0, 3, 0, 1, 3, 0, 0, 2, 0, 0, 0, 1, 0, 0, 0, 1, 0, 0, 2, 0, 0, 1, 0, 0, 3, 0, 1, 0, 2, 0, 0, 3, 0, 1, 1, 0, 0, 0, 0, 1, 3, 0, 0, 1, 0, 2, 0, 0, 0, 0, 0, 1, 0, 1, 0, 1, 1, 0, 2, 0, 0, 0, 0, 0, 0, 0, 2, 0, 0, 1, 0, 0, 1, 0, 0, 3, 0, 0, 1, 2, 2, 0, 0, 0, 3, 0, 1, 0, 1, 0, 0, 3, 1, 0, 0, 0, 0],931.35319649833,48904.64914180878,108427.19628251252,false
47,G3_TWC,G3_TWC,[31, 22, 42, 15, 26, 58, 95, 82, 77, 12, 47, 5, 93, 78, 98, 54, 85, 63, 18, 44, 20, 35, 43, 97, 91, 76, 10, 30, 21, 45, 71, 64, 1, 23, 17, 83, 24, 61, 60, 36, 6, 57, 94, 88, 65, 56, 79, 40, 67, 68, 46, 75, 38, 9, 19, 32, 81, 41, 27, 62, 87, 90, 99, 59, 11, 16, 72, 73, 70, 39, 37, 84, 3, 92, 25, 74, 28, 29, 51, 7, 53, 14, 86, 48, 89, 50, 66, 96, 33, 80, 4, 8, 34, 49, 52, 0, 13, 2, 69, 55]|[1, 1, 0, 1, 1, 1, 2, 1, 2, 1, 2, 2, 2, 1, 1, 0, 0, 1, 0, 2, 2, 0, 1, 2, 0, 1, 2, 2, 0, 0, 1, 2, 1, 2, 1, 0, 2, 0, 1, 1, 0, 1, 1, 1, 0, 2, 1, 1, 0, 0, 0, 0, 1, 1, 2, 1, 2, 0, 0, 0, 2, 1, 0, 1, 2, 1, 2, 1, 1, 1, 1, 1, 2, 0, 1, 2, 0, 0, 0, 1, 0, 1, 0, 0, 1, 0, 0, 0, 2, 0, 0, 1, 2, 0, 1, 0, 0, 0, 1, 1]|[4, 3, 2, 2, 0, 0, 2, 2, 2, 4, 1, 1, 2, 4, 4, 1, 1, 4, 2, 1, 1, 1, 1, 2, 1, 2, 1, 1, 1, 1, 3, 2, 3, 0, 4, 0, 1, 1, 0, 3, 2, 2, 4, 0, 1, 1, 0, 2, 0, 1, 2, 2, 1, 4, 0, 3, 2, 1, 1, 2, 1, 3, 1, 1, 1, 3, 0, 4, 3, 1, 4, 1, 1, 2, 4, 1, 2, 1, 1, 3, 2, 3, 1, 1, 1, 1, 1, 1, 1, 1, 2, 3, 1, 1, 1, 2, 2, 2, 3, 4]|[0, 2, 1, 1, 3, 3, 0, 1, 0, 0, 0, 0, 1, 0, 1, 0, 0, 3, 1, 0, 0, 0, 3, 1, 0, 2, 0, 0, 0, 1, 0, 0, 0, 0, 3, 0, 1, 0, 0, 2, 1, 1, 2, 0, 0, 0, 0, 1, 1, 0, 0, 0, 1, 3, 0, 0, 1, 0, 0, 1, 0, 2, 0, 1, 0, 2, 1, 0, 0, 1, 1, 3, 0, 1, 3, 0, 1, 0, 0, 2, 1, 0, 0, 0, 1, 0, 0, 0, 0, 0, 1, 2, 0, 1, 1, 0, 0, 0, 0, 3],804.6875225521468,57746.82533348298,88068.50778672317,false
47,G1_CMAX,G1_CMAX,[31, 22, 90, 26, 58, 95, 42, 12, 93, 5, 78, 86, 98, 18, 20, 35, 3, 97, 91, 76, 10, 85, 54, 45, 63, 71, 66, 1, 23, 17, 24, 60, 36, 6, 57, 15, 65, 56, 47, 79, 94, 67, 50, 46, 14, 75, 38, 9, 30, 19, 32, 81, 27, 92, 83, 87, 40, 99, 59, 11, 53, 16, 72, 77, 73, 70, 39, 37, 84, 43, 62, 25, 55, 28, 29, 51, 68, 82, 74, 61, 88, 21, 80, 89, 7, 69, 96, 41, 48, 4, 8, 34, 49, 52, 0, 44, 13, 2, 64, 33]|[1, 1, 1, 1, 0, 2, 1, 1, 2, 2, 2, 1, 0, 1, 2, 2, 1, 2, 0, 1, 2, 2, 2, 0, 0, 1, 2, 1, 2, 1, 2, 1, 1, 0, 1, 1, 0, 2, 2, 1, 1, 0, 0, 0, 0, 1, 1, 1, 1, 2, 1, 2, 2, 0, 0, 2, 1, 0, 0, 2, 0, 1, 2, 2, 1, 1, 1, 1, 1, 1, 0, 1, 1, 0, 0, 0, 0, 0, 2, 1, 1, 0, 0, 1, 1, 1, 2, 2, 0, 1, 1, 2, 0, 1, 0, 0, 0, 0, 2, 2]|[0, 4, 3, 0, 1, 1, 2, 4, 1, 1, 2, 4, 1, 4, 1, 1, 1, 2, 2, 2, 2, 1, 1, 1, 2, 3, 2, 3, 0, 4, 1, 0, 3, 2, 2, 2, 1, 1, 1, 0, 2, 0, 1, 2, 1, 3, 1, 4, 2, 0, 3, 2, 1, 2, 1, 1, 4, 1, 1, 1, 2, 3, 0, 2, 4, 3, 1, 4, 1, 1, 1, 4, 4, 2, 1, 1, 1, 2, 1, 3, 0, 1, 1, 1, 1, 3, 1, 1, 1, 4, 3, 1, 1, 1, 2, 2, 2, 2, 1, 1]|[3, 0, 2, 3, 0, 0, 1, 0, 0, 0, 1, 0, 0, 3, 0, 0, 1, 1, 1, 2, 1, 0, 0, 0, 0, 0, 0, 0, 0, 3, 1, 0, 2, 1, 1, 1, 0, 0, 0, 0, 1, 1, 0, 0, 0, 0, 1, 3, 2, 0, 0, 1, 0, 1, 0, 0, 2, 0, 0, 0, 1, 2, 1, 1, 0, 0, 1, 1, 3, 3, 0, 3, 3, 1, 0, 0, 0, 1, 0, 0, 0, 0, 0, 1, 2, 2, 0, 0, 0, 0, 2, 0, 1, 1, 0, 0, 0, 0, 0, 0],705.0470749739228,58445.79123614564,95781.2895945797,false
47,G4_BALANCED,G1_CMAX,[22, 82, 3, 58, 95, 42, 77, 47, 5, 93, 78, 12, 86, 54, 50, 63, 18, 44, 20, 35, 43, 97, 91, 76, 10, 30, 21, 45, 71, 64, 36, 23, 17, 83, 24, 14, 60, 1, 6, 40, 57, 90, 65, 56, 79, 94, 67, 68, 46, 75, 38, 9, 19, 32, 81, 41, 27, 62, 16, 55, 59, 89, 88, 87, 31, 72, 73, 70, 39, 37, 84, 92, 25, 11, 48, 15, 29, 51, 7, 33, 61, 98, 28, 99, 26, 85, 66, 96, 53, 80, 4, 8, 34, 49, 52, 2, 13, 0, 69, 74]|[1, 0, 1, 0, 1, 2, 2, 2, 2, 2, 1, 1, 1, 0, 0, 1, 0, 2, 2, 0, 1, 2, 0, 1, 2, 2, 0, 0, 1, 2, 1, 2, 1, 0, 2, 0, 1, 1, 0, 1, 1, 1, 0, 2, 1, 1, 0, 0, 0, 0, 1, 1, 2, 1, 2, 0, 0, 0, 1, 2, 1, 1, 1, 1, 1, 2, 1, 2, 1, 1, 1, 0, 1, 2, 2, 1, 0, 0, 1, 2, 1, 2, 0, 1, 1, 0, 0, 2, 0, 0, 1, 1, 2, 0, 1, 0, 0, 0, 1, 2]|[3, 2, 1, 1, 2, 1, 2, 1, 1, 2, 4, 4, 4, 1, 1, 4, 2, 1, 1, 1, 1, 2, 1, 2, 1, 1, 2, 1, 3, 2, 3, 1, 4, 1, 1, 1, 0, 3, 2, 2, 2, 3, 1, 1, 0, 4, 0, 1, 2, 2, 1, 4, 0, 3, 2, 1, 1, 2, 3, 1, 1, 1, 0, 3, 0, 0, 3, 0, 1, 4, 1, 0, 4, 1, 1, 4, 1, 1, 1, 1, 3, 1, 2, 1, 0, 2, 1, 1, 2, 1, 4, 3, 1, 1, 1, 2, 2, 2, 4, 1]|[3, 1, 2, 0, 1, 0, 0, 0, 0, 1, 0, 0, 1, 0, 0, 3, 1, 0, 0, 0, 3, 1, 0, 2, 0, 0, 0, 1, 0, 0, 2, 0, 3, 0, 1, 0, 0, 0, 1, 1, 1, 2, 0, 0, 0, 2, 1, 0, 0, 0, 1, 3, 0, 0, 1, 0, 0, 1, 2, 0, 1, 1, 0, 2, 0, 1, 0, 1, 1, 1, 1, 1, 3, 0, 0, 3, 0, 0, 2, 0, 0, 0, 1, 1, 3, 0, 0, 0, 1, 0, 0, 2, 0, 1, 1, 0, 0, 0, 2, 0],715.7913946700162,58060.95961022334,95287.06515100288,true
47,G2_TEC,G2_TEC,[31, 22, 82, 15, 26, 9, 95, 42, 77, 68, 47, 5, 93, 78, 86, 54, 85, 63, 18, 44, 20, 49, 36, 14, 74, 50, 53, 17, 21, 28, 11, 64, 3, 23, 30, 83, 24, 41, 40, 52, 65, 27, 90, 70, 39, 87, 48, 69, 99, 4, 46, 1, 13, 58, 97, 59, 45, 8, 73, 37, 35, 79, 71, 66, 76, 32, 60, 80, 56, 6, 67, 61, 33, 7, 57, 34, 12, 16, 10, 98, 96, 88, 43, 81, 91, 2, 84, 29, 92, 19, 51, 89, 75, 55, 25, 72, 94, 38, 62, 0]|[2, 1, 2, 1, 1, 2, 1, 1, 1, 1, 1, 0, 2, 2, 1, 2, 0, 0, 0, 2, 2, 1, 0, 2, 0, 2, 2, 1, 0, 1, 1, 1, 0, 0, 1, 0, 2, 1, 2, 2, 0, 0, 1, 1, 0, 2, 0, 2, 1, 0, 0, 2, 0, 0, 2, 0, 1, 1, 0, 0, 2, 1, 1, 2, 2, 0, 2, 2, 2, 1, 2, 1, 1, 2, 0, 1, 1, 2, 1, 2, 0, 1, 1, 1, 1, 0, 0, 1, 0, 1, 1, 1, 0, 0, 1, 1, 2, 0, 1, 0]|[0, 3, 0, 3, 4, 1, 4, 4, 2, 4, 3, 2, 1, 0, 2, 1, 1, 1, 2, 1, 1, 3, 0, 1, 0, 1, 1, 4, 1, 4, 3, 2, 2, 0, 4, 1, 1, 4, 1, 1, 2, 1, 4, 4, 1, 1, 0, 1, 3, 2, 2, 1, 2, 1, 1, 2, 4, 3, 0, 2, 2, 3, 3, 1, 1, 2, 1, 1, 1, 4, 1, 3, 4, 1, 2, 4, 3, 1, 3, 1, 2, 4, 4, 4, 3, 2, 2, 3, 2, 4, 3, 4, 2, 2, 4, 4, 1, 2, 3, 2]|[0, 2, 0, 0, 3, 0, 1, 3, 0, 0, 2, 0, 0, 0, 1, 0, 0, 0, 1, 0, 0, 2, 0, 0, 1, 0, 0, 3, 0, 1, 0, 2, 0, 0, 3, 0, 1, 1, 0, 0, 0, 0, 1, 3, 0, 0, 1, 0, 2, 0, 0, 0, 0, 0, 1, 0, 1, 0, 1, 1, 0, 2, 0, 0, 0, 0, 0, 0, 0, 2, 0, 0, 1, 0, 0, 1, 0, 0, 3, 0, 0, 1, 2, 2, 0, 0, 0, 3, 0, 1, 0, 1, 0, 0, 3, 1, 0, 0, 0, 0],931.35319649833,48904.64914180878,108427.19628251252,false
47,G3_TWC,G3_TWC,[31, 22, 42, 15, 26, 58, 95, 82, 77, 12, 47, 5, 93, 78, 98, 54, 85, 63, 18, 44, 20, 35, 43, 97, 91, 76, 10, 30, 21, 45, 71, 64, 1, 23, 17, 83, 24, 61, 60, 36, 6, 57, 94, 88, 65, 56, 79, 40, 67, 68, 46, 75, 38, 9, 19, 32, 81, 41, 27, 62, 87, 90, 99, 59, 11, 16, 72, 73, 70, 39, 37, 84, 3, 92, 25, 74, 28, 29, 51, 7, 53, 14, 86, 48, 89, 50, 66, 96, 33, 80, 4, 8, 34, 49, 52, 0, 13, 2, 69, 55]|[1, 1, 0, 1, 1, 1, 2, 1, 2, 1, 2, 2, 2, 1, 1, 0, 0, 1, 0, 2, 2, 0, 1, 2, 0, 1, 2, 2, 0, 0, 1, 2, 1, 2, 1, 0, 2, 0, 1, 1, 0, 1, 1, 1, 0, 2, 1, 1, 0, 0, 0, 0, 1, 1, 2, 1, 2, 0, 0, 0, 2, 1, 0, 1, 2, 1, 2, 1, 1, 1, 1, 1, 2, 0, 1, 2, 0, 0, 0, 1, 0, 1, 0, 0, 1, 0, 0, 0, 2, 0, 0, 1, 2, 0, 1, 0, 0, 0, 1, 1]|[4, 3, 2, 2, 0, 0, 2, 2, 2, 4, 1, 1, 2, 4, 4, 1, 1, 4, 2, 1, 1, 1, 1, 2, 1, 2, 1, 1, 1, 1, 3, 2, 3, 0, 4, 0, 1, 1, 0, 3, 2, 2, 4, 0, 1, 1, 0, 2, 0, 1, 2, 2, 1, 4, 0, 3, 2, 1, 1, 2, 1, 3, 1, 1, 1, 3, 0, 4, 3, 1, 4, 1, 1, 2, 4, 1, 2, 1, 1, 3, 2, 3, 1, 1, 1, 1, 1, 1, 1, 1, 2, 3, 1, 1, 1, 2, 2, 2, 3, 4]|[0, 2, 1, 1, 3, 3, 0, 1, 0, 0, 0, 0, 1, 0, 1, 0, 0, 3, 1, 0, 0, 0, 3, 1, 0, 2, 0, 0, 0, 1, 0, 0, 0, 0, 3, 0, 1, 0, 0, 2, 1, 1, 2, 0, 0, 0, 0, 1, 1, 0, 0, 0, 1, 3, 0, 0, 1, 0, 0, 1, 0, 2, 0, 1, 0, 2, 1, 0, 0, 1, 1, 3, 0, 1, 3, 0, 1, 0, 0, 2, 1, 0, 0, 0, 1, 0, 0, 0, 0, 0, 1, 2, 0, 1, 1, 0, 0, 0, 0, 3],804.6875225521468,57746.82533348298,88068.50778672317,false
47,G1_CMAX,G1_CMAX,[31, 22, 90, 26, 58, 95, 42, 12, 93, 5, 78, 86, 98, 18, 20, 35, 3, 97, 91, 76, 10, 85, 54, 45, 63, 71, 66, 1, 23, 17, 24, 60, 36, 6, 57, 15, 65, 56, 47, 79, 94, 67, 50, 46, 14, 75, 38, 9, 30, 19, 32, 81, 27, 92, 83, 87, 40, 99, 59, 11, 53, 16, 72, 77, 73, 70, 39, 37, 84, 43, 62, 25, 55, 28, 29, 51, 68, 82, 74, 61, 88, 21, 80, 89, 7, 69, 96, 41, 48, 4, 8, 34, 49, 52, 0, 44, 13, 2, 64, 33]|[1, 1, 1, 1, 0, 2, 1, 1, 2, 2, 2, 1, 0, 1, 2, 2, 1, 2, 0, 1, 2, 2, 2, 0, 0, 1, 2, 1, 2, 1, 2, 1, 1, 0, 1, 1, 0, 2, 2, 1, 1, 0, 0, 0, 0, 1, 1, 1, 1, 2, 1, 2, 2, 0, 0, 2, 1, 0, 0, 2, 0, 1, 2, 2, 1, 1, 1, 1, 1, 1, 0, 1, 1, 0, 0, 0, 0, 0, 2, 1, 1, 0, 0, 1, 1, 1, 2, 2, 0, 1, 1, 2, 0, 1, 0, 0, 0, 0, 2, 2]|[0, 4, 3, 0, 1, 1, 2, 4, 1, 1, 2, 4, 1, 4, 1, 1, 1, 2, 2, 2, 2, 1, 1, 1, 2, 3, 2, 3, 0, 4, 1, 0, 3, 2, 2, 2, 1, 1, 1, 0, 2, 0, 1, 2, 1, 3, 1, 4, 2, 0, 3, 2, 1, 2, 1, 1, 4, 1, 1, 1, 2, 3, 0, 2, 4, 3, 1, 4, 1, 1, 1, 4, 4, 2, 1, 1, 1, 2, 1, 3, 0, 1, 1, 1, 1, 3, 1, 1, 1, 4, 3, 1, 1, 1, 2, 2, 2, 2, 1, 1]|[3, 0, 2, 3, 0, 0, 1, 0, 0, 0, 1, 0, 0, 3, 0, 0, 1, 1, 1, 2, 1, 0, 0, 0, 0, 0, 0, 0, 0, 3, 1, 0, 2, 1, 1, 1, 0, 0, 0, 0, 1, 1, 0, 0, 0, 0, 1, 3, 2, 0, 0, 1, 0, 1, 0, 0, 2, 0, 0, 0, 1, 2, 1, 1, 0, 0, 1, 1, 3, 3, 0, 3, 3, 1, 0, 0, 0, 1, 0, 0, 0, 0, 0, 1, 2, 2, 0, 0, 0, 0, 2, 0, 1, 1, 0, 0, 0, 0, 0, 0],705.0470749739228,58445.79123614564,95781.2895945797,false
47,G4_BALANCED,G1_CMAX,[22, 82, 3, 58, 95, 42, 77, 47, 5, 93, 78, 12, 86, 54, 50, 63, 18, 44, 20, 35, 43, 97, 91, 76, 10, 30, 21, 45, 71, 64, 36, 23, 17, 83, 24, 14, 60, 1, 6, 40, 57, 90, 65, 56, 79, 94, 67, 68, 46, 75, 38, 9, 19, 32, 81, 41, 27, 62, 16, 55, 59, 89, 88, 87, 31, 72, 73, 70, 39, 37, 84, 92, 25, 11, 48, 15, 29, 51, 7, 33, 61, 98, 28, 99, 26, 85, 66, 96, 53, 80, 4, 8, 34, 49, 52, 2, 13, 0, 69, 74]|[1, 0, 1, 0, 1, 2, 2, 2, 2, 2, 1, 1, 1, 0, 0, 1, 0, 2, 2, 0, 1, 2, 0, 1, 2, 2, 0, 0, 1, 2, 1, 2, 1, 0, 2, 0, 1, 1, 0, 1, 1, 1, 0, 2, 1, 1, 0, 0, 0, 0, 1, 1, 2, 1, 2, 0, 0, 0, 1, 2, 1, 1, 1, 1, 1, 2, 1, 2, 1, 1, 1, 0, 1, 2, 2, 1, 0, 0, 1, 2, 1, 2, 0, 1, 1, 0, 0, 2, 0, 0, 1, 1, 2, 0, 1, 0, 0, 0, 1, 2]|[3, 2, 1, 1, 2, 1, 2, 1, 1, 2, 4, 4, 4, 1, 1, 4, 2, 1, 1, 1, 1, 2, 1, 2, 1, 1, 2, 1, 3, 2, 3, 1, 4, 1, 1, 1, 0, 3, 2, 2, 2, 3, 1, 1, 0, 4, 0, 1, 2, 2, 1, 4, 0, 3, 2, 1, 1, 2, 3, 1, 1, 1, 0, 3, 0, 0, 3, 0, 1, 4, 1, 0, 4, 1, 1, 4, 1, 1, 1, 1, 3, 1, 2, 1, 0, 2, 1, 1, 2, 1, 4, 3, 1, 1, 1, 2, 2, 2, 4, 1]|[3, 1, 2, 0, 1, 0, 0, 0, 0, 1, 0, 0, 1, 0, 0, 3, 1, 0, 0, 0, 3, 1, 0, 2, 0, 0, 0, 1, 0, 0, 2, 0, 3, 0, 1, 0, 0, 0, 1, 1, 1, 2, 0, 0, 0, 2, 1, 0, 0, 0, 1, 3, 0, 0, 1, 0, 0, 1, 2, 0, 1, 1, 0, 2, 0, 1, 0, 1, 1, 1, 1, 1, 3, 0, 0, 3, 0, 0, 2, 0, 0, 0, 1, 1, 3, 0, 0, 0, 1, 0, 0, 2, 0, 1, 1, 0, 0, 0, 2, 0],715.7913946700162,58060.95961022334,95287.06515100288,true
47,G2_TEC,G2_TEC,[31, 22, 82, 15, 26, 9, 95, 42, 77, 68, 47, 5, 93, 78, 86, 54, 85, 63, 18, 44, 20, 49, 36, 14, 74, 50, 53, 17, 21, 28, 11, 64, 3, 23, 30, 83, 24, 41, 40, 52, 65, 27, 90, 70, 39, 87, 48, 69, 99, 4, 46, 1, 13, 58, 97, 59, 45, 8, 73, 37, 35, 79, 71, 66, 76, 32, 60, 80, 56, 6, 67, 61, 33, 7, 57, 34, 12, 16, 10, 98, 96, 88, 43, 81, 91, 2, 84, 29, 92, 19, 51, 89, 75, 55, 25, 72, 94, 38, 62, 0]|[2, 1, 2, 1, 1, 2, 1, 1, 1, 1, 1, 0, 2, 2, 1, 2, 0, 0, 0, 2, 2, 1, 0, 2, 0, 2, 2, 1, 0, 1, 1, 1, 0, 0, 1, 0, 2, 1, 2, 2, 0, 0, 1, 1, 0, 2, 0, 2, 1, 0, 0, 2, 0, 0, 2, 0, 1, 1, 0, 0, 2, 1, 1, 2, 2, 0, 2, 2, 2, 1, 2, 1, 1, 2, 0, 1, 1, 2, 1, 2, 0, 1, 1, 1, 1, 0, 0, 1, 0, 1, 1, 1, 0, 0, 1, 1, 2, 0, 1, 0]|[0, 3, 0, 3, 4, 1, 4, 4, 2, 4, 3, 2, 1, 0, 2, 1, 1, 1, 2, 1, 1, 3, 0, 1, 0, 1, 1, 4, 1, 4, 3, 2, 2, 0, 4, 1, 1, 4, 1, 1, 2, 1, 4, 4, 1, 1, 0, 1, 3, 2, 2, 1, 2, 1, 1, 2, 4, 3, 0, 2, 2, 3, 3, 1, 1, 2, 1, 1, 1, 4, 1, 3, 4, 1, 2, 4, 3, 1, 3, 1, 2, 4, 4, 4, 3, 2, 2, 3, 2, 4, 3, 4, 2, 2, 4, 4, 1, 2, 3, 2]|[0, 2, 0, 0, 3, 0, 1, 3, 0, 0, 2, 0, 0, 0, 1, 0, 0, 0, 1, 0, 0, 2, 0, 0, 1, 0, 0, 3, 0, 1, 0, 2, 0, 0, 3, 0, 1, 1, 0, 0, 0, 0, 1, 3, 0, 0, 1, 0, 2, 0, 0, 0, 0, 0, 1, 0, 1, 0, 1, 1, 0, 2, 0, 0, 0, 0, 0, 0, 0, 2, 0, 0, 1, 0, 0, 1, 0, 0, 3, 0, 0, 1, 2, 2, 0, 0, 0, 3, 0, 1, 0, 1, 0, 0, 3, 1, 0, 0, 0, 0],931.35319649833,48904.64914180878,108427.19628251252,false
47,G3_TWC,G3_TWC,[31, 22, 42, 15, 26, 58, 95, 82, 77, 12, 47, 5, 93, 78, 98, 54, 85, 63, 18, 44, 20, 35, 43, 97, 91, 76, 10, 30, 21, 45, 71, 64, 1, 23, 17, 83, 24, 61, 60, 36, 6, 57, 94, 88, 65, 56, 79, 40, 67, 68, 46, 75, 38, 9, 19, 32, 81, 41, 27, 62, 87, 90, 99, 59, 11, 16, 72, 73, 70, 39, 37, 84, 3, 92, 25, 74, 28, 29, 51, 7, 53, 14, 86, 48, 89, 50, 66, 96, 33, 80, 4, 8, 34, 49, 52, 0, 13, 2, 69, 55]|[1, 1, 0, 1, 1, 1, 2, 1, 2, 1, 2, 2, 2, 1, 1, 0, 0, 1, 0, 2, 2, 0, 1, 2, 0, 1, 2, 2, 0, 0, 1, 2, 1, 2, 1, 0, 2, 0, 1, 1, 0, 1, 1, 1, 0, 2, 1, 1, 0, 0, 0, 0, 1, 1, 2, 1, 2, 0, 0, 0, 2, 1, 0, 1, 2, 1, 2, 1, 1, 1, 1, 1, 2, 0, 1, 2, 0, 0, 0, 1, 0, 1, 0, 0, 1, 0, 0, 0, 2, 0, 0, 1, 2, 0, 1, 0, 0, 0, 1, 1]|[4, 3, 2, 2, 0, 0, 2, 2, 2, 4, 1, 1, 2, 4, 4, 1, 1, 4, 2, 1, 1, 1, 1, 2, 1, 2, 1, 1, 1, 1, 3, 2, 3, 0, 4, 0, 1, 1, 0, 3, 2, 2, 4, 0, 1, 1, 0, 2, 0, 1, 2, 2, 1, 4, 0, 3, 2, 1, 1, 2, 1, 3, 1, 1, 1, 3, 0, 4, 3, 1, 4, 1, 1, 2, 4, 1, 2, 1, 1, 3, 2, 3, 1, 1, 1, 1, 1, 1, 1, 1, 2, 3, 1, 1, 1, 2, 2, 2, 3, 4]|[0, 2, 1, 1, 3, 3, 0, 1, 0, 0, 0, 0, 1, 0, 1, 0, 0, 3, 1, 0, 0, 0, 3, 1, 0, 2, 0, 0, 0, 1, 0, 0, 0, 0, 3, 0, 1, 0, 0, 2, 1, 1, 2, 0, 0, 0, 0, 1, 1, 0, 0, 0, 1, 3, 0, 0, 1, 0, 0, 1, 0, 2, 0, 1, 0, 2, 1, 0, 0, 1, 1, 3, 0, 1, 3, 0, 1, 0, 0, 2, 1, 0, 0, 0, 1, 0, 0, 0, 0, 0, 1, 2, 0, 1, 1, 0, 0, 0, 0, 3],804.6875225521468,57746.82533348298,88068.50778672317,false
47,G1_CMAX,G1_CMAX,[31, 22, 90, 26, 58, 95, 42, 12, 93, 5, 78, 86, 98, 18, 20, 35, 3, 97, 91, 76, 10, 85, 54, 45, 63, 71, 66, 1, 23, 17, 24, 60, 36, 6, 57, 15, 65, 56, 47, 79, 94, 67, 50, 46, 14, 75, 38, 9, 30, 19, 32, 81, 27, 92, 83, 87, 40, 99, 59, 11, 53, 16, 72, 77, 73, 70, 39, 37, 84, 43, 62, 25, 55, 28, 29, 51, 68, 82, 74, 61, 88, 21, 80, 89, 7, 69, 96, 41, 48, 4, 8, 34, 49, 52, 0, 44, 13, 2, 64, 33]|[1, 1, 1, 1, 0, 2, 1, 1, 2, 2, 2, 1, 0, 1, 2, 2, 1, 2, 0, 1, 2, 2, 2, 0, 0, 1, 2, 1, 2, 1, 2, 1, 1, 0, 1, 1, 0, 2, 2, 1, 1, 0, 0, 0, 0, 1, 1, 1, 1, 2, 1, 2, 2, 0, 0, 2, 1, 0, 0, 2, 0, 1, 2, 2, 1, 1, 1, 1, 1, 1, 0, 1, 1, 0, 0, 0, 0, 0, 2, 1, 1, 0, 0, 1, 1, 1, 2, 2, 0, 1, 1, 2, 0, 1, 0, 0, 0, 0, 2, 2]|[0, 4, 3, 0, 1, 1, 2, 4, 1, 1, 2, 4, 1, 4, 1, 1, 1, 2, 2, 2, 2, 1, 1, 1, 2, 3, 2, 3, 0, 4, 1, 0, 3, 2, 2, 2, 1, 1, 1, 0, 2, 0, 1, 2, 1, 3, 1, 4, 2, 0, 3, 2, 1, 2, 1, 1, 4, 1, 1, 1, 2, 3, 0, 2, 4, 3, 1, 4, 1, 1, 1, 4, 4, 2, 1, 1, 1, 2, 1, 3, 0, 1, 1, 1, 1, 3, 1, 1, 1, 4, 3, 1, 1, 1, 2, 2, 2, 2, 1, 1]|[3, 0, 2, 3, 0, 0, 1, 0, 0, 0, 1, 0, 0, 3, 0, 0, 1, 1, 1, 2, 1, 0, 0, 0, 0, 0, 0, 0, 0, 3, 1, 0, 2, 1, 1, 1, 0, 0, 0, 0, 1, 1, 0, 0, 0, 0, 1, 3, 2, 0, 0, 1, 0, 1, 0, 0, 2, 0, 0, 0, 1, 2, 1, 1, 0, 0, 1, 1, 3, 3, 0, 3, 3, 1, 0, 0, 0, 1, 0, 0, 0, 0, 0, 1, 2, 2, 0, 0, 0, 0, 2, 0, 1, 1, 0, 0, 0, 0, 0, 0],705.0470749739228,58445.79123614564,95781.2895945797,false
47,G4_BALANCED,G1_CMAX,[22, 82, 3, 58, 95, 42, 77, 47, 5, 93, 78, 12, 86, 54, 50, 63, 18, 44, 20, 35, 43, 97, 91, 76, 10, 30, 21, 45, 71, 64, 36, 23, 17, 83, 24, 14, 60, 1, 6, 40, 57, 90, 65, 56, 79, 94, 67, 68, 46, 75, 38, 9, 19, 32, 81, 41, 27, 62, 16, 55, 59, 89, 88, 87, 31, 72, 73, 70, 39, 37, 84, 92, 25, 11, 48, 15, 29, 51, 7, 33, 61, 98, 28, 99, 26, 85, 66, 96, 53, 80, 4, 8, 34, 49, 52, 2, 13, 0, 69, 74]|[1, 0, 1, 0, 1, 2, 2, 2, 2, 2, 1, 1, 1, 0, 0, 1, 0, 2, 2, 0, 1, 2, 0, 1, 2, 2, 0, 0, 1, 2, 1, 2, 1, 0, 2, 0, 1, 1, 0, 1, 1, 1, 0, 2, 1, 1, 0, 0, 0, 0, 1, 1, 2, 1, 2, 0, 0, 0, 1, 2, 1, 1, 1, 1, 1, 2, 1, 2, 1, 1, 1, 0, 1, 2, 2, 1, 0, 0, 1, 2, 1, 2, 0, 1, 1, 0, 0, 2, 0, 0, 1, 1, 2, 0, 1, 0, 0, 0, 1, 2]|[3, 2, 1, 1, 2, 1, 2, 1, 1, 2, 4, 4, 4, 1, 1, 4, 2, 1, 1, 1, 1, 2, 1, 2, 1, 1, 2, 1, 3, 2, 3, 1, 4, 1, 1, 1, 0, 3, 2, 2, 2, 3, 1, 1, 0, 4, 0, 1, 2, 2, 1, 4, 0, 3, 2, 1, 1, 2, 3, 1, 1, 1, 0, 3, 0, 0, 3, 0, 1, 4, 1, 0, 4, 1, 1, 4, 1, 1, 1, 1, 3, 1, 2, 1, 0, 2, 1, 1, 2, 1, 4, 3, 1, 1, 1, 2, 2, 2, 4, 1]|[3, 1, 2, 0, 1, 0, 0, 0, 0, 1, 0, 0, 1, 0, 0, 3, 1, 0, 0, 0, 3, 1, 0, 2, 0, 0, 0, 1, 0, 0, 2, 0, 3, 0, 1, 0, 0, 0, 1, 1, 1, 2, 0, 0, 0, 2, 1, 0, 0, 0, 1, 3, 0, 0, 1, 0, 0, 1, 2, 0, 1, 1, 0, 2, 0, 1, 0, 1, 1, 1, 1, 1, 3, 0, 0, 3, 0, 0, 2, 0, 0, 0, 1, 1, 3, 0, 0, 0, 1, 0, 0, 2, 0, 1, 1, 0, 0, 0, 2, 0],715.7913946700162,58060.95961022334,95287.06515100288,true
47,G2_TEC,G2_TEC,[31, 22, 82, 15, 26, 9, 95, 42, 77, 68, 47, 5, 93, 78, 86, 54, 85, 63, 18, 44, 20, 49, 36, 14, 74, 50, 53, 17, 21, 28, 11, 64, 3, 23, 30, 83, 24, 41, 40, 52, 65, 27, 90, 70, 39, 87, 48, 69, 99, 4, 46, 1, 13, 58, 97, 59, 45, 8, 73, 37, 35, 79, 71, 66, 76, 32, 60, 80, 56, 6, 67, 61, 33, 7, 57, 34, 12, 16, 10, 98, 96, 88, 43, 81, 91, 2, 84, 29, 92, 19, 51, 89, 75, 55, 25, 72, 94, 38, 62, 0]|[2, 1, 2, 1, 1, 2, 1, 1, 1, 1, 1, 0, 2, 2, 1, 2, 0, 0, 0, 2, 2, 1, 0, 2, 0, 2, 2, 1, 0, 1, 1, 1, 0, 0, 1, 0, 2, 1, 2, 2, 0, 0, 1, 1, 0, 2, 0, 2, 1, 0, 0, 2, 0, 0, 2, 0, 1, 1, 0, 0, 2, 1, 1, 2, 2, 0, 2, 2, 2, 1, 2, 1, 1, 2, 0, 1, 1, 2, 1, 2, 0, 1, 1, 1, 1, 0, 0, 1, 0, 1, 1, 1, 0, 0, 1, 1, 2, 0, 1, 0]|[0, 3, 0, 3, 4, 1, 4, 4, 2, 4, 3, 2, 1, 0, 2, 1, 1, 1, 2, 1, 1, 3, 0, 1, 0, 1, 1, 4, 1, 4, 3, 2, 2, 0, 4, 1, 1, 4, 1, 1, 2, 1, 4, 4, 1, 1, 0, 1, 3, 2, 2, 1, 2, 1, 1, 2, 4, 3, 0, 2, 2, 3, 3, 1, 1, 2, 1, 1, 1, 4, 1, 3, 4, 1, 2, 4, 3, 1, 3, 1, 2, 4, 4, 4, 3, 2, 2, 3, 2, 4, 3, 4, 2, 2, 4, 4, 1, 2, 3, 2]|[0, 2, 0, 0, 3, 0, 1, 3, 0, 0, 2, 0, 0, 0, 1, 0, 0, 0, 1, 0, 0, 2, 0, 0, 1, 0, 0, 3, 0, 1, 0, 2, 0, 0, 3, 0, 1, 1, 0, 0, 0, 0, 1, 3, 0, 0, 1, 0, 2, 0, 0, 0, 0, 0, 1, 0, 1, 0, 1, 1, 0, 2, 0, 0, 0, 0, 0, 0, 0, 2, 0, 0, 1, 0, 0, 1, 0, 0, 3, 0, 0, 1, 2, 2, 0, 0, 0, 3, 0, 1, 0, 1, 0, 0, 3, 1, 0, 0, 0, 0],931.35319649833,48904.64914180878,108427.19628251252,false
47,G3_TWC,G3_TWC,[31, 22, 42, 15, 26, 58, 95, 82, 77, 12, 47, 5, 93, 78, 98, 54, 85, 63, 18, 44, 20, 35, 43, 97, 91, 76, 10, 30, 21, 45, 71, 64, 1, 23, 17, 83, 24, 61, 60, 36, 6, 57, 94, 88, 65, 56, 79, 40, 67, 68, 46, 75, 38, 9, 19, 32, 81, 41, 27, 62, 87, 90, 99, 59, 11, 16, 72, 73, 70, 39, 37, 84, 3, 92, 25, 74, 28, 29, 51, 7, 53, 14, 86, 48, 89, 50, 66, 96, 33, 80, 4, 8, 34, 49, 52, 0, 13, 2, 69, 55]|[1, 1, 0, 1, 1, 1, 2, 1, 2, 1, 2, 2, 2, 1, 1, 0, 0, 1, 0, 2, 2, 0, 1, 2, 0, 1, 2, 2, 0, 0, 1, 2, 1, 2, 1, 0, 2, 0, 1, 1, 0, 1, 1, 1, 0, 2, 1, 1, 0, 0, 0, 0, 1, 1, 2, 1, 2, 0, 0, 0, 2, 1, 0, 1, 2, 1, 2, 1, 1, 1, 1, 1, 2, 0, 1, 2, 0, 0, 0, 1, 0, 1, 0, 0, 1, 0, 0, 0, 2, 0, 0, 1, 2, 0, 1, 0, 0, 0, 1, 1]|[4, 3, 2, 2, 0, 0, 2, 2, 2, 4, 1, 1, 2, 4, 4, 1, 1, 4, 2, 1, 1, 1, 1, 2, 1, 2, 1, 1, 1, 1, 3, 2, 3, 0, 4, 0, 1, 1, 0, 3, 2, 2, 4, 0, 1, 1, 0, 2, 0, 1, 2, 2, 1, 4, 0, 3, 2, 1, 1, 2, 1, 3, 1, 1, 1, 3, 0, 4, 3, 1, 4, 1, 1, 2, 4, 1, 2, 1, 1, 3, 2, 3, 1, 1, 1, 1, 1, 1, 1, 1, 2, 3, 1, 1, 1, 2, 2, 2, 3, 4]|[0, 2, 1, 1, 3, 3, 0, 1, 0, 0, 0, 0, 1, 0, 1, 0, 0, 3, 1, 0, 0, 0, 3, 1, 0, 2, 0, 0, 0, 1, 0, 0, 0, 0, 3, 0, 1, 0, 0, 2, 1, 1, 2, 0, 0, 0, 0, 1, 1, 0, 0, 0, 1, 3, 0, 0, 1, 0, 0, 1, 0, 2, 0, 1, 0, 2, 1, 0, 0, 1, 1, 3, 0, 1, 3, 0, 1, 0, 0, 2, 1, 0, 0, 0, 1, 0, 0, 0, 0, 0, 1, 2, 0, 1, 1, 0, 0, 0, 0, 3],804.6875225521468,57746.82533348298,88068.50778672317,false
47,G1_CMAX,G1_CMAX,[31, 22, 90, 26, 58, 95, 42, 12, 93, 5, 78, 86, 98, 18, 20, 35, 3, 97, 91, 76, 10, 85, 54, 45, 63, 71, 66, 1, 23, 17, 24, 60, 36, 6, 57, 15, 65, 56, 47, 79, 94, 67, 50, 46, 14, 75, 38, 9, 30, 19, 32, 81, 27, 92, 83, 87, 40, 99, 59, 11, 53, 16, 72, 77, 73, 70, 39, 37, 84, 43, 62, 25, 55, 28, 29, 51, 68, 82, 74, 61, 88, 21, 80, 89, 7, 69, 96, 41, 48, 4, 8, 34, 49, 52, 0, 44, 13, 2, 64, 33]|[1, 1, 1, 1, 0, 2, 1, 1, 2, 2, 2, 1, 0, 1, 2, 2, 1, 2, 0, 1, 2, 2, 2, 0, 0, 1, 2, 1, 2, 1, 2, 1, 1, 0, 1, 1, 0, 2, 2, 1, 1, 0, 0, 0, 0, 1, 1, 1, 1, 2, 1, 2, 2, 0, 0, 2, 1, 0, 0, 2, 0, 1, 2, 2, 1, 1, 1, 1, 1, 1, 0, 1, 1, 0, 0, 0, 0, 0, 2, 1, 1, 0, 0, 1, 1, 1, 2, 2, 0, 1, 1, 2, 0, 1, 0, 0, 0, 0, 2, 2]|[0, 4, 3, 0, 1, 1, 2, 4, 1, 1, 2, 4, 1, 4, 1, 1, 1, 2, 2, 2, 2, 1, 1, 1, 2, 3, 2, 3, 0, 4, 1, 0, 3, 2, 2, 2, 1, 1, 1, 0, 2, 0, 1, 2, 1, 3, 1, 4, 2, 0, 3, 2, 1, 2, 1, 1, 4, 1, 1, 1, 2, 3, 0, 2, 4, 3, 1, 4, 1, 1, 1, 4, 4, 2, 1, 1, 1, 2, 1, 3, 0, 1, 1, 1, 1, 3, 1, 1, 1, 4, 3, 1, 1, 1, 2, 2, 2, 2, 1, 1]|[3, 0, 2, 3, 0, 0, 1, 0, 0, 0, 1, 0, 0, 3, 0, 0, 1, 1, 1, 2, 1, 0, 0, 0, 0, 0, 0, 0, 0, 3, 1, 0, 2, 1, 1, 1, 0, 0, 0, 0, 1, 1, 0, 0, 0, 0, 1, 3, 2, 0, 0, 1, 0, 1, 0, 0, 2, 0, 0, 0, 1, 2, 1, 1, 0, 0, 1, 1, 3, 3, 0, 3, 3, 1, 0, 0, 0, 1, 0, 0, 0, 0, 0, 1, 2, 2, 0, 0, 0, 0, 2, 0, 1, 1, 0, 0, 0, 0, 0, 0],705.0470749739228,58445.79123614564,95781.2895945797,false
47,G4_BALANCED,G1_CMAX,[22, 82, 3, 58, 95, 42, 77, 47, 5, 93, 78, 12, 86, 54, 50, 63, 18, 44, 20, 35, 43, 97, 91, 76, 10, 30, 21, 45, 71, 64, 36, 23, 17, 83, 24, 14, 60, 1, 6, 40, 57, 90, 65, 56, 79, 94, 67, 68, 46, 75, 38, 9, 19, 32, 81, 41, 27, 62, 16, 55, 59, 89, 88, 87, 31, 72, 73, 70, 39, 37, 84, 92, 25, 11, 48, 15, 29, 51, 7, 33, 61, 98, 28, 99, 26, 85, 66, 96, 53, 80, 4, 8, 34, 49, 52, 2, 13, 0, 69, 74]|[1, 0, 1, 0, 1, 2, 2, 2, 2, 2, 1, 1, 1, 0, 0, 1, 0, 2, 2, 0, 1, 2, 0, 1, 2, 2, 0, 0, 1, 2, 1, 2, 1, 0, 2, 0, 1, 1, 0, 1, 1, 1, 0, 2, 1, 1, 0, 0, 0, 0, 1, 1, 2, 1, 2, 0, 0, 0, 1, 2, 1, 1, 1, 1, 1, 2, 1, 2, 1, 1, 1, 0, 1, 2, 2, 1, 0, 0, 1, 2, 1, 2, 0, 1, 1, 0, 0, 2, 0, 0, 1, 1, 2, 0, 1, 0, 0, 0, 1, 2]|[3, 2, 1, 1, 2, 1, 2, 1, 1, 2, 4, 4, 4, 1, 1, 4, 2, 1, 1, 1, 1, 2, 1, 2, 1, 1, 2, 1, 3, 2, 3, 1, 4, 1, 1, 1, 0, 3, 2, 2, 2, 3, 1, 1, 0, 4, 0, 1, 2, 2, 1, 4, 0, 3, 2, 1, 1, 2, 3, 1, 1, 1, 0, 3, 0, 0, 3, 0, 1, 4, 1, 0, 4, 1, 1, 4, 1, 1, 1, 1, 3, 1, 2, 1, 0, 2, 1, 1, 2, 1, 4, 3, 1, 1, 1, 2, 2, 2, 4, 1]|[3, 1, 2, 0, 1, 0, 0, 0, 0, 1, 0, 0, 1, 0, 0, 3, 1, 0, 0, 0, 3, 1, 0, 2, 0, 0, 0, 1, 0, 0, 2, 0, 3, 0, 1, 0, 0, 0, 1, 1, 1, 2, 0, 0, 0, 2, 1, 0, 0, 0, 1, 3, 0, 0, 1, 0, 0, 1, 2, 0, 1, 1, 0, 2, 0, 1, 0, 1, 1, 1, 1, 1, 3, 0, 0, 3, 0, 0, 2, 0, 0, 0, 1, 1, 3, 0, 0, 0, 1, 0, 0, 2, 0, 1, 1, 0, 0, 0, 2, 0],715.7913946700162,58060.95961022334,95287.06515100288,true
47,G2_TEC,G2_TEC,[31, 22, 82, 15, 26, 9, 95, 42, 77, 68, 47, 5, 93, 78, 86, 54, 85, 63, 18, 44, 20, 49, 36, 14, 74, 50, 53, 17, 21, 28, 11, 64, 3, 23, 30, 83, 24, 41, 40, 52, 65, 27, 90, 70, 39, 87, 48, 69, 99, 4, 46, 1, 13, 58, 97, 59, 45, 8, 73, 37, 35, 79, 71, 66, 76, 32, 60, 80, 56, 6, 67, 61, 33, 7, 57, 34, 12, 16, 10, 98, 96, 88, 43, 81, 91, 2, 84, 29, 92, 19, 51, 89, 75, 55, 25, 72, 94, 38, 62, 0]|[2, 1, 2, 1, 1, 2, 1, 1, 1, 1, 1, 0, 2, 2, 1, 2, 0, 0, 0, 2, 2, 1, 0, 2, 0, 2, 2, 1, 0, 1, 1, 1, 0, 0, 1, 0, 2, 1, 2, 2, 0, 0, 1, 1, 0, 2, 0, 2, 1, 0, 0, 2, 0, 0, 2, 0, 1, 1, 0, 0, 2, 1, 1, 2, 2, 0, 2, 2, 2, 1, 2, 1, 1, 2, 0, 1, 1, 2, 1, 2, 0, 1, 1, 1, 1, 0, 0, 1, 0, 1, 1, 1, 0, 0, 1, 1, 2, 0, 1, 0]|[0, 3, 0, 3, 4, 1, 4, 4, 2, 4, 3, 2, 1, 0, 2, 1, 1, 1, 2, 1, 1, 3, 0, 1, 0, 1, 1, 4, 1, 4, 3, 2, 2, 0, 4, 1, 1, 4, 1, 1, 2, 1, 4, 4, 1, 1, 0, 1, 3, 2, 2, 1, 2, 1, 1, 2, 4, 3, 0, 2, 2, 3, 3, 1, 1, 2, 1, 1, 1, 4, 1, 3, 4, 1, 2, 4, 3, 1, 3, 1, 2, 4, 4, 4, 3, 2, 2, 3, 2, 4, 3, 4, 2, 2, 4, 4, 1, 2, 3, 2]|[0, 2, 0, 0, 3, 0, 1, 3, 0, 0, 2, 0, 0, 0, 1, 0, 0, 0, 1, 0, 0, 2, 0, 0, 1, 0, 0, 3, 0, 1, 0, 2, 0, 0, 3, 0, 1, 1, 0, 0, 0, 0, 1, 3, 0, 0, 1, 0, 2, 0, 0, 0, 0, 0, 1, 0, 1, 0, 1, 1, 0, 2, 0, 0, 0, 0, 0, 0, 0, 2, 0, 0, 1, 0, 0, 1, 0, 0, 3, 0, 0, 1, 2, 2, 0, 0, 0, 3, 0, 1, 0, 1, 0, 0, 3, 1, 0, 0, 0, 0],931.35319649833,48904.64914180878,108427.19628251252,false
47,G3_TWC,G3_TWC,[31, 22, 42, 15, 26, 58, 95, 82, 77, 12, 47, 5, 93, 78, 98, 54, 85, 63, 18, 44, 20, 35, 43, 97, 91, 76, 10, 30, 21, 45, 71, 64, 1, 23, 17, 83, 24, 61, 60, 36, 6, 57, 94, 88, 65, 56, 79, 40, 67, 68, 46, 75, 38, 9, 19, 32, 81, 41, 27, 62, 87, 90, 99, 59, 11, 16, 72, 73, 70, 39, 37, 84, 3, 92, 25, 74, 28, 29, 51, 7, 53, 14, 86, 48, 89, 50, 66, 96, 33, 80, 4, 8, 34, 49, 52, 0, 13, 2, 69, 55]|[1, 1, 0, 1, 1, 1, 2, 1, 2, 1, 2, 2, 2, 1, 1, 0, 0, 1, 0, 2, 2, 0, 1, 2, 0, 1, 2, 2, 0, 0, 1, 2, 1, 2, 1, 0, 2, 0, 1, 1, 0, 1, 1, 1, 0, 2, 1, 1, 0, 0, 0, 0, 1, 1, 2, 1, 2, 0, 0, 0, 2, 1, 0, 1, 2, 1, 2, 1, 1, 1, 1, 1, 2, 0, 1, 2, 0, 0, 0, 1, 0, 1, 0, 0, 1, 0, 0, 0, 2, 0, 0, 1, 2, 0, 1, 0, 0, 0, 1, 1]|[4, 3, 2, 2, 0, 0, 2, 2, 2, 4, 1, 1, 2, 4, 4, 1, 1, 4, 2, 1, 1, 1, 1, 2, 1, 2, 1, 1, 1, 1, 3, 2, 3, 0, 4, 0, 1, 1, 0, 3, 2, 2, 4, 0, 1, 1, 0, 2, 0, 1, 2, 2, 1, 4, 0, 3, 2, 1, 1, 2, 1, 3, 1, 1, 1, 3, 0, 4, 3, 1, 4, 1, 1, 2, 4, 1, 2, 1, 1, 3, 2, 3, 1, 1, 1, 1, 1, 1, 1, 1, 2, 3, 1, 1, 1, 2, 2, 2, 3, 4]|[0, 2, 1, 1, 3, 3, 0, 1, 0, 0, 0, 0, 1, 0, 1, 0, 0, 3, 1, 0, 0, 0, 3, 1, 0, 2, 0, 0, 0, 1, 0, 0, 0, 0, 3, 0, 1, 0, 0, 2, 1, 1, 2, 0, 0, 0, 0, 1, 1, 0, 0, 0, 1, 3, 0, 0, 1, 0, 0, 1, 0, 2, 0, 1, 0, 2, 1, 0, 0, 1, 1, 3, 0, 1, 3, 0, 1, 0, 0, 2, 1, 0, 0, 0, 1, 0, 0, 0, 0, 0, 1, 2, 0, 1, 1, 0, 0, 0, 0, 3],804.6875225521468,57746.82533348298,88068.50778672317,false
47,G1_CMAX,G1_CMAX,[31, 22, 90, 26, 58, 95, 42, 12, 93, 5, 78, 86, 98, 18, 20, 35, 3, 97, 91, 76, 10, 85, 54, 45, 63, 71, 66, 1, 23, 17, 24, 60, 36, 6, 57, 15, 65, 56, 47, 79, 94, 67, 50, 46, 14, 75, 38, 9, 30, 19, 32, 81, 27, 92, 83, 87, 40, 99, 59, 11, 53, 16, 72, 77, 73, 70, 39, 37, 84, 43, 62, 25, 55, 28, 29, 51, 68, 82, 74, 61, 88, 21, 80, 89, 7, 69, 96, 41, 48, 4, 8, 34, 49, 52, 0, 44, 13, 2, 64, 33]|[1, 1, 1, 1, 0, 2, 1, 1, 2, 2, 2, 1, 0, 1, 2, 2, 1, 2, 0, 1, 2, 2, 2, 0, 0, 1, 2, 1, 2, 1, 2, 1, 1, 0, 1, 1, 0, 2, 2, 1, 1, 0, 0, 0, 0, 1, 1, 1, 1, 2, 1, 2, 2, 0, 0, 2, 1, 0, 0, 2, 0, 1, 2, 2, 1, 1, 1, 1, 1, 1, 0, 1, 1, 0, 0, 0, 0, 0, 2, 1, 1, 0, 0, 1, 1, 1, 2, 2, 0, 1, 1, 2, 0, 1, 0, 0, 0, 0, 2, 2]|[0, 4, 3, 0, 1, 1, 2, 4, 1, 1, 2, 4, 1, 4, 1, 1, 1, 2, 2, 2, 2, 1, 1, 1, 2, 3, 2, 3, 0, 4, 1, 0, 3, 2, 2, 2, 1, 1, 1, 0, 2, 0, 1, 2, 1, 3, 1, 4, 2, 0, 3, 2, 1, 2, 1, 1, 4, 1, 1, 1, 2, 3, 0, 2, 4, 3, 1, 4, 1, 1, 1, 4, 4, 2, 1, 1, 1, 2, 1, 3, 0, 1, 1, 1, 1, 3, 1, 1, 1, 4, 3, 1, 1, 1, 2, 2, 2, 2, 1, 1]|[3, 0, 2, 3, 0, 0, 1, 0, 0, 0, 1, 0, 0, 3, 0, 0, 1, 1, 1, 2, 1, 0, 0, 0, 0, 0, 0, 0, 0, 3, 1, 0, 2, 1, 1, 1, 0, 0, 0, 0, 1, 1, 0, 0, 0, 0, 1, 3, 2, 0, 0, 1, 0, 1, 0, 0, 2, 0, 0, 0, 1, 2, 1, 1, 0, 0, 1, 1, 3, 3, 0, 3, 3, 1, 0, 0, 0, 1, 0, 0, 0, 0, 0, 1, 2, 2, 0, 0, 0, 0, 2, 0, 1, 1, 0, 0, 0, 0, 0, 0],705.0470749739228,58445.79123614564,95781.2895945797,false
47,G4_BALANCED,G1_CMAX,[22, 82, 3, 58, 95, 42, 77, 47, 5, 93, 78, 12, 86, 54, 50, 63, 18, 44, 20, 35, 43, 97, 91, 76, 10, 30, 21, 45, 71, 64, 36, 23, 17, 83, 24, 14, 60, 1, 6, 40, 57, 90, 65, 56, 79, 94, 67, 68, 46, 75, 38, 9, 19, 32, 81, 41, 27, 62, 16, 55, 59, 89, 88, 87, 31, 72, 73, 70, 39, 37, 84, 92, 25, 11, 48, 15, 29, 51, 7, 33, 61, 98, 28, 99, 26, 85, 66, 96, 53, 80, 4, 8, 34, 49, 52, 2, 13, 0, 69, 74]|[1, 0, 1, 0, 1, 2, 2, 2, 2, 2, 1, 1, 1, 0, 0, 1, 0, 2, 2, 0, 1, 2, 0, 1, 2, 2, 0, 0, 1, 2, 1, 2, 1, 0, 2, 0, 1, 1, 0, 1, 1, 1, 0, 2, 1, 1, 0, 0, 0, 0, 1, 1, 2, 1, 2, 0, 0, 0, 1, 2, 1, 1, 1, 1, 1, 2, 1, 2, 1, 1, 1, 0, 1, 2, 2, 1, 0, 0, 1, 2, 1, 2, 0, 1, 1, 0, 0, 2, 0, 0, 1, 1, 2, 0, 1, 0, 0, 0, 1, 2]|[3, 2, 1, 1, 2, 1, 2, 1, 1, 2, 4, 4, 4, 1, 1, 4, 2, 1, 1, 1, 1, 2, 1, 2, 1, 1, 2, 1, 3, 2, 3, 1, 4, 1, 1, 1, 0, 3, 2, 2, 2, 3, 1, 1, 0, 4, 0, 1, 2, 2, 1, 4, 0, 3, 2, 1, 1, 2, 3, 1, 1, 1, 0, 3, 0, 0, 3, 0, 1, 4, 1, 0, 4, 1, 1, 4, 1, 1, 1, 1, 3, 1, 2, 1, 0, 2, 1, 1, 2, 1, 4, 3, 1, 1, 1, 2, 2, 2, 4, 1]|[3, 1, 2, 0, 1, 0, 0, 0, 0, 1, 0, 0, 1, 0, 0, 3, 1, 0, 0, 0, 3, 1, 0, 2, 0, 0, 0, 1, 0, 0, 2, 0, 3, 0, 1, 0, 0, 0, 1, 1, 1, 2, 0, 0, 0, 2, 1, 0, 0, 0, 1, 3, 0, 0, 1, 0, 0, 1, 2, 0, 1, 1, 0, 2, 0, 1, 0, 1, 1, 1, 1, 1, 3, 0, 0, 3, 0, 0, 2, 0, 0, 0, 1, 1, 3, 0, 0, 0, 1, 0, 0, 2, 0, 1, 1, 0, 0, 0, 2, 0],715.7913946700162,58060.95961022334,95287.06515100288,true
47,G2_TEC,G2_TEC,[31, 22, 82, 15, 26, 9, 95, 42, 77, 68, 47, 5, 93, 78, 86, 54, 85, 63, 18, 44, 20, 49, 36, 14, 74, 50, 53, 17, 21, 28, 11, 64, 3, 23, 30, 83, 24, 41, 40, 52, 65, 27, 90, 70, 39, 87, 48, 69, 99, 4, 46, 1, 13, 58, 97, 59, 45, 8, 73, 37, 35, 79, 71, 66, 76, 32, 60, 80, 56, 6, 67, 61, 33, 7, 57, 34, 12, 16, 10, 98, 96, 88, 43, 81, 91, 2, 84, 29, 92, 19, 51, 89, 75, 55, 25, 72, 94, 38, 62, 0]|[2, 1, 2, 1, 1, 2, 1, 1, 1, 1, 1, 0, 2, 2, 1, 2, 0, 0, 0, 2, 2, 1, 0, 2, 0, 2, 2, 1, 0, 1, 1, 1, 0, 0, 1, 0, 2, 1, 2, 2, 0, 0, 1, 1, 0, 2, 0, 2, 1, 0, 0, 2, 0, 0, 2, 0, 1, 1, 0, 0, 2, 1, 1, 2, 2, 0, 2, 2, 2, 1, 2, 1, 1, 2, 0, 1, 1, 2, 1, 2, 0, 1, 1, 1, 1, 0, 0, 1, 0, 1, 1, 1, 0, 0, 1, 1, 2, 0, 1, 0]|[0, 3, 0, 3, 4, 1, 4, 4, 2, 4, 3, 2, 1, 0, 2, 1, 1, 1, 2, 1, 1, 3, 0, 1, 0, 1, 1, 4, 1, 4, 3, 2, 2, 0, 4, 1, 1, 4, 1, 1, 2, 1, 4, 4, 1, 1, 0, 1, 3, 2, 2, 1, 2, 1, 1, 2, 4, 3, 0, 2, 2, 3, 3, 1, 1, 2, 1, 1, 1, 4, 1, 3, 4, 1, 2, 4, 3, 1, 3, 1, 2, 4, 4, 4, 3, 2, 2, 3, 2, 4, 3, 4, 2, 2, 4, 4, 1, 2, 3, 2]|[0, 2, 0, 0, 3, 0, 1, 3, 0, 0, 2, 0, 0, 0, 1, 0, 0, 0, 1, 0, 0, 2, 0, 0, 1, 0, 0, 3, 0, 1, 0, 2, 0, 0, 3, 0, 1, 1, 0, 0, 0, 0, 1, 3, 0, 0, 1, 0, 2, 0, 0, 0, 0, 0, 1, 0, 1, 0, 1, 1, 0, 2, 0, 0, 0, 0, 0, 0, 0, 2, 0, 0, 1, 0, 0, 1, 0, 0, 3, 0, 0, 1, 2, 2, 0, 0, 0, 3, 0, 1, 0, 1, 0, 0, 3, 1, 0, 0, 0, 0],931.35319649833,48904.64914180878,108427.19628251252,false
47,G3_TWC,G3_TWC,[31, 22, 42, 15, 26, 58, 95, 82, 77, 12, 47, 5, 93, 78, 98, 54, 85, 63, 18, 44, 20, 35, 43, 97, 91, 76, 10, 30, 21, 45, 71, 64, 1, 23, 17, 83, 24, 61, 60, 36, 6, 57, 94, 88, 65, 56, 79, 40, 67, 68, 46, 75, 38, 9, 19, 32, 81, 41, 27, 62, 87, 90, 99, 59, 11, 16, 72, 73, 70, 39, 37, 84, 3, 92, 25, 74, 28, 29, 51, 7, 53, 14, 86, 48, 89, 50, 66, 96, 33, 80, 4, 8, 34, 49, 52, 0, 13, 2, 69, 55]|[1, 1, 0, 1, 1, 1, 2, 1, 2, 1, 2, 2, 2, 1, 1, 0, 0, 1, 0, 2, 2, 0, 1, 2, 0, 1, 2, 2, 0, 0, 1, 2, 1, 2, 1, 0, 2, 0, 1, 1, 0, 1, 1, 1, 0, 2, 1, 1, 0, 0, 0, 0, 1, 1, 2, 1, 2, 0, 0, 0, 2, 1, 0, 1, 2, 1, 2, 1, 1, 1, 1, 1, 2, 0, 1, 2, 0, 0, 0, 1, 0, 1, 0, 0, 1, 0, 0, 0, 2, 0, 0, 1, 2, 0, 1, 0, 0, 0, 1, 1]|[4, 3, 2, 2, 0, 0, 2, 2, 2, 4, 1, 1, 2, 4, 4, 1, 1, 4, 2, 1, 1, 1, 1, 2, 1, 2, 1, 1, 1, 1, 3, 2, 3, 0, 4, 0, 1, 1, 0, 3, 2, 2, 4, 0, 1, 1, 0, 2, 0, 1, 2, 2, 1, 4, 0, 3, 2, 1, 1, 2, 1, 3, 1, 1, 1, 3, 0, 4, 3, 1, 4, 1, 1, 2, 4, 1, 2, 1, 1, 3, 2, 3, 1, 1, 1, 1, 1, 1, 1, 1, 2, 3, 1, 1, 1, 2, 2, 2, 3, 4]|[0, 2, 1, 1, 3, 3, 0, 1, 0, 0, 0, 0, 1, 0, 1, 0, 0, 3, 1, 0, 0, 0, 3, 1, 0, 2, 0, 0, 0, 1, 0, 0, 0, 0, 3, 0, 1, 0, 0, 2, 1, 1, 2, 0, 0, 0, 0, 1, 1, 0, 0, 0, 1, 3, 0, 0, 1, 0, 0, 1, 0, 2, 0, 1, 0, 2, 1, 0, 0, 1, 1, 3, 0, 1, 3, 0, 1, 0, 0, 2, 1, 0, 0, 0, 1, 0, 0, 0, 0, 0, 1, 2, 0, 1, 1, 0, 0, 0, 0, 3],804.6875225521468,57746.82533348298,88068.50778672317,false
47,G1_CMAX,G1_CMAX,[31, 22, 90, 26, 58, 95, 42, 12, 93, 5, 78, 86, 98, 18, 20, 35, 3, 97, 91, 76, 10, 85, 54, 45, 63, 71, 66, 1, 23, 17, 24, 60, 36, 6, 57, 15, 65, 56, 47, 79, 94, 67, 50, 46, 14, 75, 38, 9, 30, 19, 32, 81, 27, 92, 83, 87, 40, 99, 59, 11, 53, 16, 72, 77, 73, 70, 39, 37, 84, 43, 62, 25, 55, 28, 29, 51, 68, 82, 74, 61, 88, 21, 80, 89, 7, 69, 96, 41, 48, 4, 8, 34, 49, 52, 0, 44, 13, 2, 64, 33]|[1, 1, 1, 1, 0, 2, 1, 1, 2, 2, 2, 1, 0, 1, 2, 2, 1, 2, 0, 1, 2, 2, 2, 0, 0, 1, 2, 1, 2, 1, 2, 1, 1, 0, 1, 1, 0, 2, 2, 1, 1, 0, 0, 0, 0, 1, 1, 1, 1, 2, 1, 2, 2, 0, 0, 2, 1, 0, 0, 2, 0, 1, 2, 2, 1, 1, 1, 1, 1, 1, 0, 1, 1, 0, 0, 0, 0, 0, 2, 1, 1, 0, 0, 1, 1, 1, 2, 2, 0, 1, 1, 2, 0, 1, 0, 0, 0, 0, 2, 2]|[0, 4, 3, 0, 1, 1, 2, 4, 1, 1, 2, 4, 1, 4, 1, 1, 1, 2, 2, 2, 2, 1, 1, 1, 2, 3, 2, 3, 0, 4, 1, 0, 3, 2, 2, 2, 1, 1, 1, 0, 2, 0, 1, 2, 1, 3, 1, 4, 2, 0, 3, 2, 1, 2, 1, 1, 4, 1, 1, 1, 2, 3, 0, 2, 4, 3, 1, 4, 1, 1, 1, 4, 4, 2, 1, 1, 1, 2, 1, 3, 0, 1, 1, 1, 1, 3, 1, 1, 1, 4, 3, 1, 1, 1, 2, 2, 2, 2, 1, 1]|[3, 0, 2, 3, 0, 0, 1, 0, 0, 0, 1, 0, 0, 3, 0, 0, 1, 1, 1, 2, 1, 0, 0, 0, 0, 0, 0, 0, 0, 3, 1, 0, 2, 1, 1, 1, 0, 0, 0, 0, 1, 1, 0, 0, 0, 0, 1, 3, 2, 0, 0, 1, 0, 1, 0, 0, 2, 0, 0, 0, 1, 2, 1, 1, 0, 0, 1, 1, 3, 3, 0, 3, 3, 1, 0, 0, 0, 1, 0, 0, 0, 0, 0, 1, 2, 2, 0, 0, 0, 0, 2, 0, 1, 1, 0, 0, 0, 0, 0, 0],705.0470749739228,58445.79123614564,95781.2895945797,false
47,G4_BALANCED,G1_CMAX,[22, 82, 3, 58, 95, 42, 77, 47, 5, 93, 78, 12, 86, 54, 50, 63, 18, 44, 20, 35, 43, 97, 91, 76, 10, 30, 21, 45, 71, 64, 36, 23, 17, 83, 24, 14, 60, 1, 6, 40, 57, 90, 65, 56, 79, 94, 67, 68, 46, 75, 38, 9, 19, 32, 81, 41, 27, 62, 16, 55, 59, 89, 88, 87, 31, 72, 73, 70, 39, 37, 84, 92, 25, 11, 48, 15, 29, 51, 7, 33, 61, 98, 28, 99, 26, 85, 66, 96, 53, 80, 4, 8, 34, 49, 52, 2, 13, 0, 69, 74]|[1, 0, 1, 0, 1, 2, 2, 2, 2, 2, 1, 1, 1, 0, 0, 1, 0, 2, 2, 0, 1, 2, 0, 1, 2, 2, 0, 0, 1, 2, 1, 2, 1, 0, 2, 0, 1, 1, 0, 1, 1, 1, 0, 2, 1, 1, 0, 0, 0, 0, 1, 1, 2, 1, 2, 0, 0, 0, 1, 2, 1, 1, 1, 1, 1, 2, 1, 2, 1, 1, 1, 0, 1, 2, 2, 1, 0, 0, 1, 2, 1, 2, 0, 1, 1, 0, 0, 2, 0, 0, 1, 1, 2, 0, 1, 0, 0, 0, 1, 2]|[3, 2, 1, 1, 2, 1, 2, 1, 1, 2, 4, 4, 4, 1, 1, 4, 2, 1, 1, 1, 1, 2, 1, 2, 1, 1, 2, 1, 3, 2, 3, 1, 4, 1, 1, 1, 0, 3, 2, 2, 2, 3, 1, 1, 0, 4, 0, 1, 2, 2, 1, 4, 0, 3, 2, 1, 1, 2, 3, 1, 1, 1, 0, 3, 0, 0, 3, 0, 1, 4, 1, 0, 4, 1, 1, 4, 1, 1, 1, 1, 3, 1, 2, 1, 0, 2, 1, 1, 2, 1, 4, 3, 1, 1, 1, 2, 2, 2, 4, 1]|[3, 1, 2, 0, 1, 0, 0, 0, 0, 1, 0, 0, 1, 0, 0, 3, 1, 0, 0, 0, 3, 1, 0, 2, 0, 0, 0, 1, 0, 0, 2, 0, 3, 0, 1, 0, 0, 0, 1, 1, 1, 2, 0, 0, 0, 2, 1, 0, 0, 0, 1, 3, 0, 0, 1, 0, 0, 1, 2, 0, 1, 1, 0, 2, 0, 1, 0, 1, 1, 1, 1, 1, 3, 0, 0, 3, 0, 0, 2, 0, 0, 0, 1, 1, 3, 0, 0, 0, 1, 0, 0, 2, 0, 1, 1, 0, 0, 0, 2, 0],715.7913946700162,58060.95961022334,95287.06515100288,true
47,G2_TEC,G2_TEC,[31, 22, 82, 15, 26, 9, 95, 42, 77, 68, 47, 5, 93, 78, 86, 54, 85, 63, 18, 44, 20, 49, 36, 14, 74, 50, 53, 17, 21, 28, 11, 64, 3, 23, 30, 83, 24, 41, 40, 52, 65, 27, 90, 70, 39, 87, 48, 69, 99, 4, 46, 1, 13, 58, 97, 59, 45, 8, 73, 37, 35, 79, 71, 66, 76, 32, 60, 80, 56, 6, 67, 61, 33, 7, 57, 34, 12, 16, 10, 98, 96, 88, 43, 81, 91, 2, 84, 29, 92, 19, 51, 89, 75, 55, 25, 72, 94, 38, 62, 0]|[2, 1, 2, 1, 1, 2, 1, 1, 1, 1, 1, 0, 2, 2, 1, 2, 0, 0, 0, 2, 2, 1, 0, 2, 0, 2, 2, 1, 0, 1, 1, 1, 0, 0, 1, 0, 2, 1, 2, 2, 0, 0, 1, 1, 0, 2, 0, 2, 1, 0, 0, 2, 0, 0, 2, 0, 1, 1, 0, 0, 2, 1, 1, 2, 2, 0, 2, 2, 2, 1, 2, 1, 1, 2, 0, 1, 1, 2, 1, 2, 0, 1, 1, 1, 1, 0, 0, 1, 0, 1, 1, 1, 0, 0, 1, 1, 2, 0, 1, 0]|[0, 3, 0, 3, 4, 1, 4, 4, 2, 4, 3, 2, 1, 0, 2, 1, 1, 1, 2, 1, 1, 3, 0, 1, 0, 1, 1, 4, 1, 4, 3, 2, 2, 0, 4, 1, 1, 4, 1, 1, 2, 1, 4, 4, 1, 1, 0, 1, 3, 2, 2, 1, 2, 1, 1, 2, 4, 3, 0, 2, 2, 3, 3, 1, 1, 2, 1, 1, 1, 4, 1, 3, 4, 1, 2, 4, 3, 1, 3, 1, 2, 4, 4, 4, 3, 2, 2, 3, 2, 4, 3, 4, 2, 2, 4, 4, 1, 2, 3, 2]|[0, 2, 0, 0, 3, 0, 1, 3, 0, 0, 2, 0, 0, 0, 1, 0, 0, 0, 1, 0, 0, 2, 0, 0, 1, 0, 0, 3, 0, 1, 0, 2, 0, 0, 3, 0, 1, 1, 0, 0, 0, 0, 1, 3, 0, 0, 1, 0, 2, 0, 0, 0, 0, 0, 1, 0, 1, 0, 1, 1, 0, 2, 0, 0, 0, 0, 0, 0, 0, 2, 0, 0, 1, 0, 0, 1, 0, 0, 3, 0, 0, 1, 2, 2, 0, 0, 0, 3, 0, 1, 0, 1, 0, 0, 3, 1, 0, 0, 0, 0],931.35319649833,48904.64914180878,108427.19628251252,false
47,G3_TWC,G3_TWC,[31, 22, 42, 15, 26, 58, 95, 82, 77, 12, 47, 5, 93, 78, 98, 54, 85, 63, 18, 44, 20, 35, 43, 97, 91, 76, 10, 30, 21, 45, 71, 64, 1, 23, 17, 83, 24, 61, 60, 36, 6, 57, 94, 88, 65, 56, 79, 40, 67, 68, 46, 75, 38, 9, 19, 32, 81, 41, 27, 62, 87, 90, 99, 59, 11, 16, 72, 73, 70, 39, 37, 84, 3, 92, 25, 74, 28, 29, 51, 7, 53, 14, 86, 48, 89, 50, 66, 96, 33, 80, 4, 8, 34, 49, 52, 0, 13, 2, 69, 55]|[1, 1, 0, 1, 1, 1, 2, 1, 2, 1, 2, 2, 2, 1, 1, 0, 0, 1, 0, 2, 2, 0, 1, 2, 0, 1, 2, 2, 0, 0, 1, 2, 1, 2, 1, 0, 2, 0, 1, 1, 0, 1, 1, 1, 0, 2, 1, 1, 0, 0, 0, 0, 1, 1, 2, 1, 2, 0, 0, 0, 2, 1, 0, 1, 2, 1, 2, 1, 1, 1, 1, 1, 2, 0, 1, 2, 0, 0, 0, 1, 0, 1, 0, 0, 1, 0, 0, 0, 2, 0, 0, 1, 2, 0, 1, 0, 0, 0, 1, 1]|[4, 3, 2, 2, 0, 0, 2, 2, 2, 4, 1, 1, 2, 4, 4, 1, 1, 4, 2, 1, 1, 1, 1, 2, 1, 2, 1, 1, 1, 1, 3, 2, 3, 0, 4, 0, 1, 1, 0, 3, 2, 2, 4, 0, 1, 1, 0, 2, 0, 1, 2, 2, 1, 4, 0, 3, 2, 1, 1, 2, 1, 3, 1, 1, 1, 3, 0, 4, 3, 1, 4, 1, 1, 2, 4, 1, 2, 1, 1, 3, 2, 3, 1, 1, 1, 1, 1, 1, 1, 1, 2, 3, 1, 1, 1, 2, 2, 2, 3, 4]|[0, 2, 1, 1, 3, 3, 0, 1, 0, 0, 0, 0, 1, 0, 1, 0, 0, 3, 1, 0, 0, 0, 3, 1, 0, 2, 0, 0, 0, 1, 0, 0, 0, 0, 3, 0, 1, 0, 0, 2, 1, 1, 2, 0, 0, 0, 0, 1, 1, 0, 0, 0, 1, 3, 0, 0, 1, 0, 0, 1, 0, 2, 0, 1, 0, 2, 1, 0, 0, 1, 1, 3, 0, 1, 3, 0, 1, 0, 0, 2, 1, 0, 0, 0, 1, 0, 0, 0, 0, 0, 1, 2, 0, 1, 1, 0, 0, 0, 0, 3],804.6875225521468,57746.82533348298,88068.50778672317,false
47,G1_CMAX,G1_CMAX,[31, 22, 90, 26, 58, 95, 42, 12, 93, 5, 78, 86, 98, 18, 20, 35, 3, 97, 91, 76, 10, 85, 54, 45, 63, 71, 66, 1, 23, 17, 24, 60, 36, 6, 57, 15, 65, 56, 47, 79, 94, 67, 50, 46, 14, 75, 38, 9, 30, 19, 32, 81, 27, 92, 83, 87, 40, 99, 59, 11, 53, 16, 72, 77, 73, 70, 39, 37, 84, 43, 62, 25, 55, 28, 29, 51, 68, 82, 74, 61, 88, 21, 80, 89, 7, 69, 96, 41, 48, 4, 8, 34, 49, 52, 0, 44, 13, 2, 64, 33]|[1, 1, 1, 1, 0, 2, 1, 1, 2, 2, 2, 1, 0, 1, 2, 2, 1, 2, 0, 1, 2, 2, 2, 0, 0, 1, 2, 1, 2, 1, 2, 1, 1, 0, 1, 1, 0, 2, 2, 1, 1, 0, 0, 0, 0, 1, 1, 1, 1, 2, 1, 2, 2, 0, 0, 2, 1, 0, 0, 2, 0, 1, 2, 2, 1, 1, 1, 1, 1, 1, 0, 1, 1, 0, 0, 0, 0, 0, 2, 1, 1, 0, 0, 1, 1, 1, 2, 2, 0, 1, 1, 2, 0, 1, 0, 0, 0, 0, 2, 2]|[0, 4, 3, 0, 1, 1, 2, 4, 1, 1, 2, 4, 1, 4, 1, 1, 1, 2, 2, 2, 2, 1, 1, 1, 2, 3, 2, 3, 0, 4, 1, 0, 3, 2, 2, 2, 1, 1, 1, 0, 2, 0, 1, 2, 1, 3, 1, 4, 2, 0, 3, 2, 1, 2, 1, 1, 4, 1, 1, 1, 2, 3, 0, 2, 4, 3, 1, 4, 1, 1, 1, 4, 4, 2, 1, 1, 1, 2, 1, 3, 0, 1, 1, 1, 1, 3, 1, 1, 1, 4, 3, 1, 1, 1, 2, 2, 2, 2, 1, 1]|[3, 0, 2, 3, 0, 0, 1, 0, 0, 0, 1, 0, 0, 3, 0, 0, 1, 1, 1, 2, 1, 0, 0, 0, 0, 0, 0, 0, 0, 3, 1, 0, 2, 1, 1, 1, 0, 0, 0, 0, 1, 1, 0, 0, 0, 0, 1, 3, 2, 0, 0, 1, 0, 1, 0, 0, 2, 0, 0, 0, 1, 2, 1, 1, 0, 0, 1, 1, 3, 3, 0, 3, 3, 1, 0, 0, 0, 1, 0, 0, 0, 0, 0, 1, 2, 2, 0, 0, 0, 0, 2, 0, 1, 1, 0, 0, 0, 0, 0, 0],705.0470749739228,58445.79123614564,95781.2895945797,false
47,G4_BALANCED,G1_CMAX,[22, 82, 3, 58, 95, 42, 77, 47, 5, 93, 78, 12, 86, 54, 50, 63, 18, 44, 20, 35, 43, 97, 91, 76, 10, 30, 21, 45, 71, 64, 36, 23, 17, 83, 24, 14, 60, 1, 6, 40, 57, 90, 65, 56, 79, 94, 67, 68, 46, 75, 38, 9, 19, 32, 81, 41, 27, 62, 16, 55, 59, 89, 88, 87, 31, 72, 73, 70, 39, 37, 84, 92, 25, 11, 48, 15, 29, 51, 7, 33, 61, 98, 28, 99, 26, 85, 66, 96, 53, 80, 4, 8, 34, 49, 52, 2, 13, 0, 69, 74]|[1, 0, 1, 0, 1, 2, 2, 2, 2, 2, 1, 1, 1, 0, 0, 1, 0, 2, 2, 0, 1, 2, 0, 1, 2, 2, 0, 0, 1, 2, 1, 2, 1, 0, 2, 0, 1, 1, 0, 1, 1, 1, 0, 2, 1, 1, 0, 0, 0, 0, 1, 1, 2, 1, 2, 0, 0, 0, 1, 2, 1, 1, 1, 1, 1, 2, 1, 2, 1, 1, 1, 0, 1, 2, 2, 1, 0, 0, 1, 2, 1, 2, 0, 1, 1, 0, 0, 2, 0, 0, 1, 1, 2, 0, 1, 0, 0, 0, 1, 2]|[3, 2, 1, 1, 2, 1, 2, 1, 1, 2, 4, 4, 4, 1, 1, 4, 2, 1, 1, 1, 1, 2, 1, 2, 1, 1, 2, 1, 3, 2, 3, 1, 4, 1, 1, 1, 0, 3, 2, 2, 2, 3, 1, 1, 0, 4, 0, 1, 2, 2, 1, 4, 0, 3, 2, 1, 1, 2, 3, 1, 1, 1, 0, 3, 0, 0, 3, 0, 1, 4, 1, 0, 4, 1, 1, 4, 1, 1, 1, 1, 3, 1, 2, 1, 0, 2, 1, 1, 2, 1, 4, 3, 1, 1, 1, 2, 2, 2, 4, 1]|[3, 1, 2, 0, 1, 0, 0, 0, 0, 1, 0, 0, 1, 0, 0, 3, 1, 0, 0, 0, 3, 1, 0, 2, 0, 0, 0, 1, 0, 0, 2, 0, 3, 0, 1, 0, 0, 0, 1, 1, 1, 2, 0, 0, 0, 2, 1, 0, 0, 0, 1, 3, 0, 0, 1, 0, 0, 1, 2, 0, 1, 1, 0, 2, 0, 1, 0, 1, 1, 1, 1, 1, 3, 0, 0, 3, 0, 0, 2, 0, 0, 0, 1, 1, 3, 0, 0, 0, 1, 0, 0, 2, 0, 1, 1, 0, 0, 0, 2, 0],715.7913946700162,58060.95961022334,95287.06515100288,true
47,G2_TEC,G2_TEC,[31, 22, 82, 15, 26, 9, 95, 42, 77, 68, 47, 5, 93, 78, 86, 54, 85, 63, 18, 44, 20, 49, 36, 14, 74, 50, 53, 17, 21, 28, 11, 64, 3, 23, 30, 83, 24, 41, 40, 52, 65, 27, 90, 70, 39, 87, 48, 69, 99, 4, 46, 1, 13, 58, 97, 59, 45, 8, 73, 37, 35, 79, 71, 66, 76, 32, 60, 80, 56, 6, 67, 61, 33, 7, 57, 34, 12, 16, 10, 98, 96, 88, 43, 81, 91, 2, 84, 29, 92, 19, 51, 89, 75, 55, 25, 72, 94, 38, 62, 0]|[2, 1, 2, 1, 1, 2, 1, 1, 1, 1, 1, 0, 2, 2, 1, 2, 0, 0, 0, 2, 2, 1, 0, 2, 0, 2, 2, 1, 0, 1, 1, 1, 0, 0, 1, 0, 2, 1, 2, 2, 0, 0, 1, 1, 0, 2, 0, 2, 1, 0, 0, 2, 0, 0, 2, 0, 1, 1, 0, 0, 2, 1, 1, 2, 2, 0, 2, 2, 2, 1, 2, 1, 1, 2, 0, 1, 1, 2, 1, 2, 0, 1, 1, 1, 1, 0, 0, 1, 0, 1, 1, 1, 0, 0, 1, 1, 2, 0, 1, 0]|[0, 3, 0, 3, 4, 1, 4, 4, 2, 4, 3, 2, 1, 0, 2, 1, 1, 1, 2, 1, 1, 3, 0, 1, 0, 1, 1, 4, 1, 4, 3, 2, 2, 0, 4, 1, 1, 4, 1, 1, 2, 1, 4, 4, 1, 1, 0, 1, 3, 2, 2, 1, 2, 1, 1, 2, 4, 3, 0, 2, 2, 3, 3, 1, 1, 2, 1, 1, 1, 4, 1, 3, 4, 1, 2, 4, 3, 1, 3, 1, 2, 4, 4, 4, 3, 2, 2, 3, 2, 4, 3, 4, 2, 2, 4, 4, 1, 2, 3, 2]|[0, 2, 0, 0, 3, 0, 1, 3, 0, 0, 2, 0, 0, 0, 1, 0, 0, 0, 1, 0, 0, 2, 0, 0, 1, 0, 0, 3, 0, 1, 0, 2, 0, 0, 3, 0, 1, 1, 0, 0, 0, 0, 1, 3, 0, 0, 1, 0, 2, 0, 0, 0, 0, 0, 1, 0, 1, 0, 1, 1, 0, 2, 0, 0, 0, 0, 0, 0, 0, 2, 0, 0, 1, 0, 0, 1, 0, 0, 3, 0, 0, 1, 2, 2, 0, 0, 0, 3, 0, 1, 0, 1, 0, 0, 3, 1, 0, 0, 0, 0],931.35319649833,48904.64914180878,108427.19628251252,false
47,G3_TWC,G3_TWC,[31, 22, 42, 15, 26, 58, 95, 82, 77, 12, 47, 5, 93, 78, 98, 54, 85, 63, 18, 44, 20, 35, 43, 97, 91, 76, 10, 30, 21, 45, 71, 64, 1, 23, 17, 83, 24, 61, 60, 36, 6, 57, 94, 88, 65, 56, 79, 40, 67, 68, 46, 75, 38, 9, 19, 32, 81, 41, 27, 62, 87, 90, 99, 59, 11, 16, 72, 73, 70, 39, 37, 84, 3, 92, 25, 74, 28, 29, 51, 7, 53, 14, 86, 48, 89, 50, 66, 96, 33, 80, 4, 8, 34, 49, 52, 0, 13, 2, 69, 55]|[1, 1, 0, 1, 1, 1, 2, 1, 2, 1, 2, 2, 2, 1, 1, 0, 0, 1, 0, 2, 2, 0, 1, 2, 0, 1, 2, 2, 0, 0, 1, 2, 1, 2, 1, 0, 2, 0, 1, 1, 0, 1, 1, 1, 0, 2, 1, 1, 0, 0, 0, 0, 1, 1, 2, 1, 2, 0, 0, 0, 2, 1, 0, 1, 2, 1, 2, 1, 1, 1, 1, 1, 2, 0, 1, 2, 0, 0, 0, 1, 0, 1, 0, 0, 1, 0, 0, 0, 2, 0, 0, 1, 2, 0, 1, 0, 0, 0, 1, 1]|[4, 3, 2, 2, 0, 0, 2, 2, 2, 4, 1, 1, 2, 4, 4, 1, 1, 4, 2, 1, 1, 1, 1, 2, 1, 2, 1, 1, 1, 1, 3, 2, 3, 0, 4, 0, 1, 1, 0, 3, 2, 2, 4, 0, 1, 1, 0, 2, 0, 1, 2, 2, 1, 4, 0, 3, 2, 1, 1, 2, 1, 3, 1, 1, 1, 3, 0, 4, 3, 1, 4, 1, 1, 2, 4, 1, 2, 1, 1, 3, 2, 3, 1, 1, 1, 1, 1, 1, 1, 1, 2, 3, 1, 1, 1, 2, 2, 2, 3, 4]|[0, 2, 1, 1, 3, 3, 0, 1, 0, 0, 0, 0, 1, 0, 1, 0, 0, 3, 1, 0, 0, 0, 3, 1, 0, 2, 0, 0, 0, 1, 0, 0, 0, 0, 3, 0, 1, 0, 0, 2, 1, 1, 2, 0, 0, 0, 0, 1, 1, 0, 0, 0, 1, 3, 0, 0, 1, 0, 0, 1, 0, 2, 0, 1, 0, 2, 1, 0, 0, 1, 1, 3, 0, 1, 3, 0, 1, 0, 0, 2, 1, 0, 0, 0, 1, 0, 0, 0, 0, 0, 1, 2, 0, 1, 1, 0, 0, 0, 0, 3],804.6875225521468,57746.82533348298,88068.50778672317,false
47,G1_CMAX,G1_CMAX,[31, 22, 90, 26, 58, 95, 42, 12, 93, 5, 78, 86, 98, 18, 20, 35, 3, 97, 91, 76, 10, 85, 54, 45, 63, 71, 66, 1, 23, 17, 24, 60, 36, 6, 57, 15, 65, 56, 47, 79, 94, 67, 50, 46, 14, 75, 38, 9, 30, 19, 32, 81, 27, 92, 83, 87, 40, 99, 59, 11, 53, 16, 72, 77, 73, 70, 39, 37, 84, 43, 62, 25, 55, 28, 29, 51, 68, 82, 74, 61, 88, 21, 80, 89, 7, 69, 96, 41, 48, 4, 8, 34, 49, 52, 0, 44, 13, 2, 64, 33]|[1, 1, 1, 1, 0, 2, 1, 1, 2, 2, 2, 1, 0, 1, 2, 2, 1, 2, 0, 1, 2, 2, 2, 0, 0, 1, 2, 1, 2, 1, 2, 1, 1, 0, 1, 1, 0, 2, 2, 1, 1, 0, 0, 0, 0, 1, 1, 1, 1, 2, 1, 2, 2, 0, 0, 2, 1, 0, 0, 2, 0, 1, 2, 2, 1, 1, 1, 1, 1, 1, 0, 1, 1, 0, 0, 0, 0, 0, 2, 1, 1, 0, 0, 1, 1, 1, 2, 2, 0, 1, 1, 2, 0, 1, 0, 0, 0, 0, 2, 2]|[0, 4, 3, 0, 1, 1, 2, 4, 1, 1, 2, 4, 1, 4, 1, 1, 1, 2, 2, 2, 2, 1, 1, 1, 2, 3, 2, 3, 0, 4, 1, 0, 3, 2, 2, 2, 1, 1, 1, 0, 2, 0, 1, 2, 1, 3, 1, 4, 2, 0, 3, 2, 1, 2, 1, 1, 4, 1, 1, 1, 2, 3, 0, 2, 4, 3, 1, 4, 1, 1, 1, 4, 4, 2, 1, 1, 1, 2, 1, 3, 0, 1, 1, 1, 1, 3, 1, 1, 1, 4, 3, 1, 1, 1, 2, 2, 2, 2, 1, 1]|[3, 0, 2, 3, 0, 0, 1, 0, 0, 0, 1, 0, 0, 3, 0, 0, 1, 1, 1, 2, 1, 0, 0, 0, 0, 0, 0, 0, 0, 3, 1, 0, 2, 1, 1, 1, 0, 0, 0, 0, 1, 1, 0, 0, 0, 0, 1, 3, 2, 0, 0, 1, 0, 1, 0, 0, 2, 0, 0, 0, 1, 2, 1, 1, 0, 0, 1, 1, 3, 3, 0, 3, 3, 1, 0, 0, 0, 1, 0, 0, 0, 0, 0, 1, 2, 2, 0, 0, 0, 0, 2, 0, 1, 1, 0, 0, 0, 0, 0, 0],705.0470749739228,58445.79123614564,95781.2895945797,false
47,G4_BALANCED,G1_CMAX,[22, 82, 3, 58, 95, 42, 77, 47, 5, 93, 78, 12, 86, 54, 50, 63, 18, 44, 20, 35, 43, 97, 91, 76, 10, 30, 21, 45, 71, 64, 36, 23, 17, 83, 24, 14, 60, 1, 6, 40, 57, 90, 65, 56, 79, 94, 67, 68, 46, 75, 38, 9, 19, 32, 81, 41, 27, 62, 16, 55, 59, 89, 88, 87, 31, 72, 73, 70, 39, 37, 84, 92, 25, 11, 48, 15, 29, 51, 7, 33, 61, 98, 28, 99, 26, 85, 66, 96, 53, 80, 4, 8, 34, 49, 52, 2, 13, 0, 69, 74]|[1, 0, 1, 0, 1, 2, 2, 2, 2, 2, 1, 1, 1, 0, 0, 1, 0, 2, 2, 0, 1, 2, 0, 1, 2, 2, 0, 0, 1, 2, 1, 2, 1, 0, 2, 0, 1, 1, 0, 1, 1, 1, 0, 2, 1, 1, 0, 0, 0, 0, 1, 1, 2, 1, 2, 0, 0, 0, 1, 2, 1, 1, 1, 1, 1, 2, 1, 2, 1, 1, 1, 0, 1, 2, 2, 1, 0, 0, 1, 2, 1, 2, 0, 1, 1, 0, 0, 2, 0, 0, 1, 1, 2, 0, 1, 0, 0, 0, 1, 2]|[3, 2, 1, 1, 2, 1, 2, 1, 1, 2, 4, 4, 4, 1, 1, 4, 2, 1, 1, 1, 1, 2, 1, 2, 1, 1, 2, 1, 3, 2, 3, 1, 4, 1, 1, 1, 0, 3, 2, 2, 2, 3, 1, 1, 0, 4, 0, 1, 2, 2, 1, 4, 0, 3, 2, 1, 1, 2, 3, 1, 1, 1, 0, 3, 0, 0, 3, 0, 1, 4, 1, 0, 4, 1, 1, 4, 1, 1, 1, 1, 3, 1, 2, 1, 0, 2, 1, 1, 2, 1, 4, 3, 1, 1, 1, 2, 2, 2, 4, 1]|[3, 1, 2, 0, 1, 0, 0, 0, 0, 1, 0, 0, 1, 0, 0, 3, 1, 0, 0, 0, 3, 1, 0, 2, 0, 0, 0, 1, 0, 0, 2, 0, 3, 0, 1, 0, 0, 0, 1, 1, 1, 2, 0, 0, 0, 2, 1, 0, 0, 0, 1, 3, 0, 0, 1, 0, 0, 1, 2, 0, 1, 1, 0, 2, 0, 1, 0, 1, 1, 1, 1, 1, 3, 0, 0, 3, 0, 0, 2, 0, 0, 0, 1, 1, 3, 0, 0, 0, 1, 0, 0, 2, 0, 1, 1, 0, 0, 0, 2, 0],715.7913946700162,58060.95961022334,95287.06515100288,true
47,G2_TEC,G4_BALANCED,[31, 22, 82, 15, 26, 9, 95, 42, 77, 68, 47, 5, 93, 78, 86, 54, 85, 63, 18, 44, 20, 49, 36, 14, 74, 50, 53, 17, 21, 28, 11, 64, 3, 23, 30, 83, 24, 41, 40, 52, 65, 27, 90, 70, 39, 87, 48, 69, 99, 4, 46, 1, 13, 58, 19, 59, 45, 8, 73, 37, 35, 79, 71, 66, 76, 32, 60, 80, 96, 6, 16, 61, 33, 7, 57, 34, 12, 0, 10, 98, 56, 88, 43, 84, 91, 38, 75, 92, 29, 97, 51, 55, 72, 89, 25, 81, 94, 2, 62, 67]|[2, 1, 2, 1, 1, 0, 1, 1, 1, 1, 1, 0, 2, 2, 1, 2, 0, 0, 0, 2, 2, 1, 0, 2, 0, 2, 2, 1, 0, 1, 1, 1, 0, 0, 1, 0, 2, 1, 2, 2, 0, 0, 1, 1, 0, 2, 0, 2, 1, 0, 0, 2, 0, 0, 2, 0, 1, 1, 0, 0, 2, 1, 1, 1, 2, 0, 2, 2, 0, 1, 2, 1, 1, 2, 0, 1, 1, 2, 1, 2, 2, 1, 1, 0, 1, 0, 0, 0, 1, 1, 1, 0, 1, 1, 1, 1, 2, 2, 1, 2]|[0, 3, 0, 3, 4, 1, 4, 4, 2, 4, 3, 2, 1, 0, 2, 1, 1, 1, 2, 1, 1, 3, 0, 1, 0, 1, 1, 4, 1, 4, 3, 2, 2, 0, 4, 1, 1, 4, 1, 1, 2, 1, 4, 4, 1, 1, 0, 2, 3, 2, 2, 1, 2, 1, 1, 2, 4, 3, 0, 2, 2, 3, 3, 1, 1, 2, 1, 1, 2, 4, 1, 3, 4, 1, 2, 4, 3, 1, 3, 1, 1, 4, 4, 2, 3, 2, 2, 2, 3, 4, 3, 2, 4, 4, 4, 4, 1, 1, 3, 1]|[0, 2, 0, 0, 3, 0, 1, 3, 0, 0, 2, 0, 1, 0, 1, 0, 0, 0, 1, 0, 0, 2, 0, 0, 1, 0, 0, 3, 0, 1, 0, 2, 0, 0, 3, 0, 1, 1, 0, 0, 0, 0, 1, 3, 0, 0, 1, 0, 2, 0, 0, 0, 0, 1, 1, 0, 1, 0, 1, 1, 0, 2, 0, 2, 0, 0, 0, 0, 0, 2, 0, 0, 1, 0, 0, 1, 0, 0, 3, 0, 0, 1, 2, 0, 0, 0, 0, 0, 3, 1, 0, 0, 1, 1, 3, 2, 0, 0, 0, 0],868.7994921460532,50068.77001334401,103601.68288749359,true
47,G3_TWC,G3_TWC,[31, 22, 42, 15, 26, 58, 95, 82, 77, 12, 47, 5, 93, 78, 98, 54, 85, 63, 18, 44, 20, 35, 43, 97, 91, 76, 10, 30, 21, 45, 71, 64, 1, 23, 17, 83, 24, 61, 60, 36, 6, 57, 94, 88, 65, 56, 79, 40, 67, 68, 46, 75, 38, 9, 19, 32, 81, 41, 27, 62, 87, 90, 99, 59, 11, 16, 72, 73, 70, 39, 37, 84, 3, 92, 25, 74, 28, 29, 51, 7, 53, 14, 86, 48, 89, 50, 66, 96, 33, 80, 4, 8, 34, 49, 52, 0, 13, 2, 69, 55]|[1, 1, 0, 1, 1, 1, 2, 1, 2, 1, 2, 2, 2, 1, 1, 0, 0, 1, 0, 2, 2, 0, 1, 2, 0, 1, 2, 2, 0, 0, 1, 2, 1, 2, 1, 0, 2, 0, 1, 1, 0, 1, 1, 1, 0, 2, 1, 1, 0, 0, 0, 0, 1, 1, 2, 1, 2, 0, 0, 0, 2, 1, 0, 1, 2, 1, 2, 1, 1, 1, 1, 1, 2, 0, 1, 2, 0, 0, 0, 1, 0, 1, 0, 0, 1, 0, 0, 0, 2, 0, 0, 1, 2, 0, 1, 0, 0, 0, 1, 1]|[4, 3, 2, 2, 0, 0, 2, 2, 2, 4, 1, 1, 2, 4, 4, 1, 1, 4, 2, 1, 1, 1, 1, 2, 1, 2, 1, 1, 1, 1, 3, 2, 3, 0, 4, 0, 1, 1, 0, 3, 2, 2, 4, 0, 1, 1, 0, 2, 0, 1, 2, 2, 1, 4, 0, 3, 2, 1, 1, 2, 1, 3, 1, 1, 1, 3, 0, 4, 3, 1, 4, 1, 1, 2, 4, 1, 2, 1, 1, 3, 2, 3, 1, 1, 1, 1, 1, 1, 1, 1, 2, 3, 1, 1, 1, 2, 2, 2, 3, 4]|[0, 2, 1, 1, 3, 3, 0, 1, 0, 0, 0, 0, 1, 0, 1, 0, 0, 3, 1, 0, 0, 0, 3, 1, 0, 2, 0, 0, 0, 1, 0, 0, 0, 0, 3, 0, 1, 0, 0, 2, 1, 1, 2, 0, 0, 0, 0, 1, 1, 0, 0, 0, 1, 3, 0, 0, 1, 0, 0, 1, 0, 2, 0, 1, 0, 2, 1, 0, 0, 1, 1, 3, 0, 1, 3, 0, 1, 0, 0, 2, 1, 0, 0, 0, 1, 0, 0, 0, 0, 0, 1, 2, 0, 1, 1, 0, 0, 0, 0, 3],804.6875225521468,57746.82533348298,88068.50778672317,false
47,G1_CMAX,G1_CMAX,[31, 22, 90, 26, 58, 95, 42, 12, 93, 5, 78, 86, 98, 18, 20, 35, 3, 97, 91, 76, 10, 85, 54, 45, 63, 71, 66, 1, 23, 17, 24, 60, 36, 6, 57, 15, 65, 56, 47, 79, 94, 67, 50, 46, 14, 75, 38, 9, 30, 19, 32, 81, 27, 92, 83, 87, 40, 99, 59, 11, 53, 16, 72, 77, 73, 70, 39, 37, 84, 43, 62, 25, 55, 28, 29, 51, 68, 82, 74, 61, 88, 21, 80, 89, 7, 69, 96, 41, 48, 4, 8, 34, 49, 52, 0, 44, 13, 2, 64, 33]|[1, 1, 1, 1, 0, 2, 1, 1, 2, 2, 2, 1, 0, 1, 2, 2, 1, 2, 0, 1, 2, 2, 2, 0, 0, 1, 2, 1, 2, 1, 2, 1, 1, 0, 1, 1, 0, 2, 2, 1, 1, 0, 0, 0, 0, 1, 1, 1, 1, 2, 1, 2, 2, 0, 0, 2, 1, 0, 0, 2, 0, 1, 2, 2, 1, 1, 1, 1, 1, 1, 0, 1, 1, 0, 0, 0, 0, 0, 2, 1, 1, 0, 0, 1, 1, 1, 2, 2, 0, 1, 1, 2, 0, 1, 0, 0, 0, 0, 2, 2]|[0, 4, 3, 0, 1, 1, 2, 4, 1, 1, 2, 4, 1, 4, 1, 1, 1, 2, 2, 2, 2, 1, 1, 1, 2, 3, 2, 3, 0, 4, 1, 0, 3, 2, 2, 2, 1, 1, 1, 0, 2, 0, 1, 2, 1, 3, 1, 4, 2, 0, 3, 2, 1, 2, 1, 1, 4, 1, 1, 1, 2, 3, 0, 2, 4, 3, 1, 4, 1, 1, 1, 4, 4, 2, 1, 1, 1, 2, 1, 3, 0, 1, 1, 1, 1, 3, 1, 1, 1, 4, 3, 1, 1, 1, 2, 2, 2, 2, 1, 1]|[3, 0, 2, 3, 0, 0, 1, 0, 0, 0, 1, 0, 0, 3, 0, 0, 1, 1, 1, 2, 1, 0, 0, 0, 0, 0, 0, 0, 0, 3, 1, 0, 2, 1, 1, 1, 0, 0, 0, 0, 1, 1, 0, 0, 0, 0, 1, 3, 2, 0, 0, 1, 0, 1, 0, 0, 2, 0, 0, 0, 1, 2, 1, 1, 0, 0, 1, 1, 3, 3, 0, 3, 3, 1, 0, 0, 0, 1, 0, 0, 0, 0, 0, 1, 2, 2, 0, 0, 0, 0, 2, 0, 1, 1, 0, 0, 0, 0, 0, 0],705.0470749739228,58445.79123614564,95781.2895945797,false
47,G4_BALANCED,G1_CMAX,[22, 82, 3, 58, 95, 42, 77, 47, 5, 93, 78, 12, 86, 54, 50, 63, 18, 44, 20, 35, 43, 97, 91, 76, 10, 30, 21, 45, 71, 64, 36, 23, 17, 83, 24, 14, 60, 1, 6, 40, 57, 90, 65, 56, 79, 94, 67, 68, 46, 75, 38, 9, 19, 32, 81, 41, 27, 62, 16, 55, 59, 89, 88, 87, 31, 72, 73, 70, 39, 37, 84, 92, 25, 11, 48, 15, 29, 51, 7, 33, 61, 98, 28, 99, 26, 85, 66, 96, 53, 80, 4, 8, 34, 49, 52, 2, 13, 0, 69, 74]|[1, 0, 1, 0, 1, 2, 2, 2, 2, 2, 1, 1, 1, 0, 0, 1, 0, 2, 2, 0, 1, 2, 0, 1, 2, 2, 0, 0, 1, 2, 1, 2, 1, 0, 2, 0, 1, 1, 0, 1, 1, 1, 0, 2, 1, 1, 0, 0, 0, 0, 1, 1, 2, 1, 2, 0, 0, 0, 1, 2, 1, 1, 1, 1, 1, 2, 1, 2, 1, 1, 1, 0, 1, 2, 2, 1, 0, 0, 1, 2, 1, 2, 0, 1, 1, 0, 0, 2, 0, 0, 1, 1, 2, 0, 1, 0, 0, 0, 1, 2]|[3, 2, 1, 1, 2, 1, 2, 1, 1, 2, 4, 4, 4, 1, 1, 4, 2, 1, 1, 1, 1, 2, 1, 2, 1, 1, 2, 1, 3, 2, 3, 1, 4, 1, 1, 1, 0, 3, 2, 2, 2, 3, 1, 1, 0, 4, 0, 1, 2, 2, 1, 4, 0, 3, 2, 1, 1, 2, 3, 1, 1, 1, 0, 3, 0, 0, 3, 0, 1, 4, 1, 0, 4, 1, 1, 4, 1, 1, 1, 1, 3, 1, 2, 1, 0, 2, 1, 1, 2, 1, 4, 3, 1, 1, 1, 2, 2, 2, 4, 1]|[3, 1, 2, 0, 1, 0, 0, 0, 0, 1, 0, 0, 1, 0, 0, 3, 1, 0, 0, 0, 3, 1, 0, 2, 0, 0, 0, 1, 0, 0, 2, 0, 3, 0, 1, 0, 0, 0, 1, 1, 1, 2, 0, 0, 0, 2, 1, 0, 0, 0, 1, 3, 0, 0, 1, 0, 0, 1, 2, 0, 1, 1, 0, 2, 0, 1, 0, 1, 1, 1, 1, 1, 3, 0, 0, 3, 0, 0, 2, 0, 0, 0, 1, 1, 3, 0, 0, 0, 1, 0, 0, 2, 0, 1, 1, 0, 0, 0, 2, 0],715.7913946700162,58060.95961022334,95287.06515100288,true
47,G2_TEC,G4_BALANCED,[31, 11, 15, 82, 26, 9, 95, 32, 77, 68, 47, 5, 93, 78, 86, 54, 85, 63, 18, 44, 20, 49, 36, 14, 74, 50, 53, 17, 21, 45, 71, 64, 3, 23, 30, 83, 24, 41, 60, 52, 51, 27, 90, 70, 39, 87, 48, 69, 99, 4, 46, 1, 13, 58, 97, 59, 28, 8, 73, 37, 35, 79, 22, 66, 76, 42, 40, 80, 96, 6, 16, 61, 33, 7, 57, 34, 12, 67, 10, 98, 56, 88, 43, 75, 91, 38, 84, 92, 29, 19, 65, 55, 72, 89, 25, 81, 94, 2, 62, 0]|[2, 1, 2, 1, 1, 2, 1, 1, 1, 1, 1, 0, 2, 2, 1, 2, 0, 0, 0, 2, 2, 1, 0, 2, 0, 2, 2, 1, 0, 1, 1, 1, 0, 0, 1, 0, 2, 1, 2, 2, 0, 0, 1, 1, 0, 2, 0, 2, 1, 0, 0, 2, 0, 0, 2, 0, 1, 1, 0, 0, 2, 1, 1, 2, 2, 0, 2, 2, 0, 1, 2, 1, 1, 2, 0, 1, 1, 1, 1, 2, 2, 1, 1, 0, 1, 0, 0, 0, 1, 1, 1, 0, 1, 1, 1, 1, 2, 2, 1, 0]|[1, 3, 0, 3, 4, 1, 4, 4, 2, 4, 3, 2, 1, 0, 2, 1, 1, 1, 2, 1, 1, 3, 0, 1, 0, 1, 1, 4, 1, 4, 3, 2, 2, 0, 4, 1, 1, 4, 1, 1, 2, 1, 4, 4, 1, 1, 0, 2, 3, 1, 2, 1, 2, 1, 1, 2, 4, 3, 0, 2, 2, 3, 3, 1, 1, 2, 1, 1, 2, 4, 1, 3, 4, 1, 2, 4, 3, 3, 3, 1, 1, 4, 4, 2, 3, 2, 2, 2, 3, 4, 3, 2, 4, 4, 4, 1, 1, 1, 3, 2]|[1, 2, 0, 0, 3, 0, 1, 3, 0, 0, 2, 0, 1, 0, 1, 0, 0, 0, 1, 0, 0, 2, 0, 0, 1, 0, 0, 3, 0, 1, 0, 2, 0, 1, 3, 0, 1, 1, 0, 0, 0, 0, 1, 3, 0, 0, 1, 0, 2, 0, 0, 0, 0, 0, 1, 0, 1, 0, 1, 1, 0, 2, 2, 0, 0, 0, 0, 0, 0, 2, 0, 0, 1, 0, 0, 1, 0, 0, 3, 0, 0, 1, 2, 0, 0, 0, 0, 0, 3, 1, 0, 0, 2, 1, 3, 1, 0, 0, 0, 0],863.1287736981566,50462.27750314327,104436.85600586075,true
47,G3_TWC,G3_TWC,[31, 22, 42, 15, 26, 58, 95, 82, 77, 12, 47, 5, 93, 78, 98, 54, 85, 63, 18, 44, 20, 35, 43, 97, 91, 76, 10, 30, 21, 45, 71, 64, 1, 23, 17, 83, 24, 61, 60, 36, 6, 57, 94, 88, 65, 56, 79, 40, 67, 68, 46, 75, 38, 9, 19, 32, 81, 41, 27, 62, 87, 90, 99, 59, 11, 16, 72, 73, 70, 39, 37, 84, 3, 92, 25, 74, 28, 29, 51, 7, 53, 14, 86, 48, 89, 50, 66, 96, 33, 80, 4, 8, 34, 49, 52, 0, 13, 2, 69, 55]|[1, 1, 0, 1, 1, 1, 2, 1, 2, 1, 2, 2, 2, 1, 1, 0, 0, 1, 0, 2, 2, 0, 1, 2, 0, 1, 2, 2, 0, 0, 1, 2, 1, 2, 1, 0, 2, 0, 1, 1, 0, 1, 1, 1, 0, 2, 1, 1, 0, 0, 0, 0, 1, 1, 2, 1, 2, 0, 0, 0, 2, 1, 0, 1, 2, 1, 2, 1, 1, 1, 1, 1, 2, 0, 1, 2, 0, 0, 0, 1, 0, 1, 0, 0, 1, 0, 0, 0, 2, 0, 0, 1, 2, 0, 1, 0, 0, 0, 1, 1]|[4, 3, 2, 2, 0, 0, 2, 2, 2, 4, 1, 1, 2, 4, 4, 1, 1, 4, 2, 1, 1, 1, 1, 2, 1, 2, 1, 1, 1, 1, 3, 2, 3, 0, 4, 0, 1, 1, 0, 3, 2, 2, 4, 0, 1, 1, 0, 2, 0, 1, 2, 2, 1, 4, 0, 3, 2, 1, 1, 2, 1, 3, 1, 1, 1, 3, 0, 4, 3, 1, 4, 1, 1, 2, 4, 1, 2, 1, 1, 3, 2, 3, 1, 1, 1, 1, 1, 1, 1, 1, 2, 3, 1, 1, 1, 2, 2, 2, 3, 4]|[0, 2, 1, 1, 3, 3, 0, 1, 0, 0, 0, 0, 1, 0, 1, 0, 0, 3, 1, 0, 0, 0, 3, 1, 0, 2, 0, 0, 0, 1, 0, 0, 0, 0, 3, 0, 1, 0, 0, 2, 1, 1, 2, 0, 0, 0, 0, 1, 1, 0, 0, 0, 1, 3, 0, 0, 1, 0, 0, 1, 0, 2, 0, 1, 0, 2, 1, 0, 0, 1, 1, 3, 0, 1, 3, 0, 1, 0, 0, 2, 1, 0, 0, 0, 1, 0, 0, 0, 0, 0, 1, 2, 0, 1, 1, 0, 0, 0, 0, 3],804.6875225521468,57746.82533348298,88068.50778672317,false
47,G1_CMAX,G1_CMAX,[31, 22, 90, 26, 58, 95, 42, 12, 93, 5, 78, 86, 98, 18, 20, 35, 3, 97, 91, 76, 10, 85, 54, 45, 63, 71, 66, 1, 23, 17, 24, 60, 36, 6, 57, 15, 65, 56, 47, 79, 94, 67, 50, 46, 14, 75, 38, 9, 30, 19, 32, 81, 27, 92, 83, 87, 40, 99, 59, 11, 53, 16, 72, 77, 73, 70, 39, 37, 84, 43, 62, 25, 55, 28, 29, 51, 68, 82, 74, 61, 88, 21, 80, 89, 7, 69, 96, 41, 48, 4, 8, 34, 49, 52, 0, 44, 13, 2, 64, 33]|[1, 1, 1, 1, 0, 2, 1, 1, 2, 2, 2, 1, 0, 1, 2, 2, 1, 2, 0, 1, 2, 2, 2, 0, 0, 1, 2, 1, 2, 1, 2, 1, 1, 0, 1, 1, 0, 2, 2, 1, 1, 0, 0, 0, 0, 1, 1, 1, 1, 2, 1, 2, 2, 0, 0, 2, 1, 0, 0, 2, 0, 1, 2, 2, 1, 1, 1, 1, 1, 1, 0, 1, 1, 0, 0, 0, 0, 0, 2, 1, 1, 0, 0, 1, 1, 1, 2, 2, 0, 1, 1, 2, 0, 1, 0, 0, 0, 0, 2, 2]|[0, 4, 3, 0, 1, 1, 2, 4, 1, 1, 2, 4, 1, 4, 1, 1, 1, 2, 2, 2, 2, 1, 1, 1, 2, 3, 2, 3, 0, 4, 1, 0, 3, 2, 2, 2, 1, 1, 1, 0, 2, 0, 1, 2, 1, 3, 1, 4, 2, 0, 3, 2, 1, 2, 1, 1, 4, 1, 1, 1, 2, 3, 0, 2, 4, 3, 1, 4, 1, 1, 1, 4, 4, 2, 1, 1, 1, 2, 1, 3, 0, 1, 1, 1, 1, 3, 1, 1, 1, 4, 3, 1, 1, 1, 2, 2, 2, 2, 1, 1]|[3, 0, 2, 3, 0, 0, 1, 0, 0, 0, 1, 0, 0, 3, 0, 0, 1, 1, 1, 2, 1, 0, 0, 0, 0, 0, 0, 0, 0, 3, 1, 0, 2, 1, 1, 1, 0, 0, 0, 0, 1, 1, 0, 0, 0, 0, 1, 3, 2, 0, 0, 1, 0, 1, 0, 0, 2, 0, 0, 0, 1, 2, 1, 1, 0, 0, 1, 1, 3, 3, 0, 3, 3, 1, 0, 0, 0, 1, 0, 0, 0, 0, 0, 1, 2, 2, 0, 0, 0, 0, 2, 0, 1, 1, 0, 0, 0, 0, 0, 0],705.0470749739228,58445.79123614564,95781.2895945797,false
47,G4_BALANCED,G1_CMAX,[22, 82, 3, 58, 95, 42, 77, 47, 5, 93, 78, 12, 86, 54, 50, 63, 18, 44, 20, 35, 43, 97, 91, 76, 10, 30, 21, 45, 71, 64, 36, 23, 17, 83, 24, 14, 60, 1, 6, 40, 57, 90, 65, 56, 79, 94, 67, 68, 46, 75, 38, 9, 19, 32, 81, 41, 27, 62, 16, 55, 59, 89, 88, 87, 31, 72, 73, 70, 39, 37, 84, 92, 25, 11, 48, 15, 29, 51, 7, 33, 61, 98, 28, 99, 26, 85, 66, 96, 53, 80, 4, 8, 34, 49, 52, 2, 13, 0, 69, 74]|[1, 0, 1, 0, 1, 2, 2, 2, 2, 2, 1, 1, 1, 0, 0, 1, 0, 2, 2, 0, 1, 2, 0, 1, 2, 2, 0, 0, 1, 2, 1, 2, 1, 0, 2, 0, 1, 1, 0, 1, 1, 1, 0, 2, 1, 1, 0, 0, 0, 0, 1, 1, 2, 1, 2, 0, 0, 0, 1, 2, 1, 1, 1, 1, 1, 2, 1, 2, 1, 1, 1, 0, 1, 2, 2, 1, 0, 0, 1, 2, 1, 2, 0, 1, 1, 0, 0, 2, 0, 0, 1, 1, 2, 0, 1, 0, 0, 0, 1, 2]|[3, 2, 1, 1, 2, 1, 2, 1, 1, 2, 4, 4, 4, 1, 1, 4, 2, 1, 1, 1, 1, 2, 1, 2, 1, 1, 2, 1, 3, 2, 3, 1, 4, 1, 1, 1, 0, 3, 2, 2, 2, 3, 1, 1, 0, 4, 0, 1, 2, 2, 1, 4, 0, 3, 2, 1, 1, 2, 3, 1, 1, 1, 0, 3, 0, 0, 3, 0, 1, 4, 1, 0, 4, 1, 1, 4, 1, 1, 1, 1, 3, 1, 2, 1, 0, 2, 1, 1, 2, 1, 4, 3, 1, 1, 1, 2, 2, 2, 4, 1]|[3, 1, 2, 0, 1, 0, 0, 0, 0, 1, 0, 0, 1, 0, 0, 3, 1, 0, 0, 0, 3, 1, 0, 2, 0, 0, 0, 1, 0, 0, 2, 0, 3, 0, 1, 0, 0, 0, 1, 1, 1, 2, 0, 0, 0, 2, 1, 0, 0, 0, 1, 3, 0, 0, 1, 0, 0, 1, 2, 0, 1, 1, 0, 2, 0, 1, 0, 1, 1, 1, 1, 1, 3, 0, 0, 3, 0, 0, 2, 0, 0, 0, 1, 1, 3, 0, 0, 0, 1, 0, 0, 2, 0, 1, 1, 0, 0, 0, 2, 0],715.7913946700162,58060.95961022334,95287.06515100288,true
47,G2_TEC,G1_CMAX,[31, 22, 82, 15, 26, 99, 95, 42, 77, 12, 47, 5, 93, 78, 86, 54, 21, 63, 18, 44, 20, 35, 43, 97, 91, 76, 10, 30, 85, 45, 71, 64, 1, 23, 37, 83, 24, 14, 60, 36, 6, 57, 40, 88, 65, 56, 79, 94, 67, 68, 46, 75, 38, 9, 19, 32, 41, 81, 27, 87, 90, 58, 59, 11, 16, 72, 73, 70, 39, 17, 84, 3, 92, 25, 55, 48, 28, 29, 51, 7, 33, 61, 98, 62, 89, 50, 4, 96, 53, 80, 8, 66, 34, 49, 52, 0, 13, 2, 69, 74]|[2, 1, 0, 1, 1, 0, 1, 1, 2, 1, 2, 2, 2, 1, 1, 0, 0, 1, 0, 2, 2, 0, 1, 2, 0, 1, 2, 2, 0, 0, 1, 2, 1, 2, 1, 0, 2, 0, 1, 1, 0, 1, 1, 1, 0, 2, 1, 1, 0, 0, 0, 0, 1, 1, 2, 1, 0, 2, 0, 2, 1, 0, 1, 2, 1, 2, 1, 1, 1, 1, 1, 1, 0, 1, 2, 0, 0, 0, 0, 2, 2, 1, 2, 0, 1, 0, 1, 2, 0, 0, 1, 2, 2, 0, 1, 0, 0, 0, 1, 2]|[1, 3, 2, 2, 4, 1, 2, 3, 2, 4, 1, 1, 2, 4, 4, 1, 1, 4, 2, 1, 1, 1, 1, 2, 1, 2, 1, 1, 2, 1, 3, 2, 3, 1, 4, 0, 1, 1, 0, 3, 2, 2, 2, 0, 1, 1, 0, 4, 0, 1, 2, 2, 1, 4, 0, 3, 1, 1, 1, 1, 3, 1, 1, 1, 3, 0, 4, 3, 1, 4, 1, 1, 2, 4, 1, 1, 2, 1, 1, 1, 1, 3, 1, 2, 1, 1, 4, 1, 2, 1, 3, 1, 1, 1, 1, 2, 2, 2, 4, 1]|[0, 2, 1, 1, 3, 0, 1, 3, 0, 0, 0, 0, 1, 0, 1, 0, 0, 3, 1, 0, 0, 0, 3, 1, 0, 2, 0, 0, 0, 1, 0, 0, 0, 0, 3, 0, 1, 0, 0, 2, 1, 1, 1, 0, 0, 0, 0, 2, 1, 0, 0, 0, 1, 3, 0, 0, 0, 0, 0, 0, 2, 0, 1, 0, 2, 1, 0, 0, 1, 1, 3, 1, 1, 3, 0, 0, 1, 0, 0, 0, 0, 0, 0, 1, 1, 0, 0, 0, 1, 0, 2, 0, 0, 1, 1, 0, 0, 0, 2, 0],741.8849986867369,55870.42159412257,92036.86219917734,true
47,G3_TWC,G3_TWC,[31, 22, 42, 15, 26, 58, 95, 82, 77, 12, 47, 5, 93, 78, 98, 54, 85, 63, 18, 44, 20, 35, 43, 97, 91, 76, 10, 30, 21, 45, 71, 64, 1, 23, 17, 83, 24, 61, 60, 36, 6, 57, 94, 88, 65, 56, 79, 40, 67, 68, 46, 75, 38, 9, 19, 32, 81, 41, 27, 62, 87, 90, 99, 59, 11, 16, 72, 73, 70, 39, 37, 84, 3, 92, 25, 74, 28, 29, 51, 7, 53, 14, 86, 48, 89, 50, 66, 96, 33, 80, 4, 8, 34, 49, 52, 0, 13, 2, 69, 55]|[1, 1, 0, 1, 1, 1, 2, 1, 2, 1, 2, 2, 2, 1, 1, 0, 0, 1, 0, 2, 2, 0, 1, 2, 0, 1, 2, 2, 0, 0, 1, 2, 1, 2, 1, 0, 2, 0, 1, 1, 0, 1, 1, 1, 0, 2, 1, 1, 0, 0, 0, 0, 1, 1, 2, 1, 2, 0, 0, 0, 2, 1, 0, 1, 2, 1, 2, 1, 1, 1, 1, 1, 2, 0, 1, 2, 0, 0, 0, 1, 0, 1, 0, 0, 1, 0, 0, 0, 2, 0, 0, 1, 2, 0, 1, 0, 0, 0, 1, 1]|[4, 3, 2, 2, 0, 0, 2, 2, 2, 4, 1, 1, 2, 4, 4, 1, 1, 4, 2, 1, 1, 1, 1, 2, 1, 2, 1, 1, 1, 1, 3, 2, 3, 0, 4, 0, 1, 1, 0, 3, 2, 2, 4, 0, 1, 1, 0, 2, 0, 1, 2, 2, 1, 4, 0, 3, 2, 1, 1, 2, 1, 3, 1, 1, 1, 3, 0, 4, 3, 1, 4, 1, 1, 2, 4, 1, 2, 1, 1, 3, 2, 3, 1, 1, 1, 1, 1, 1, 1, 1, 2, 3, 1, 1, 1, 2, 2, 2, 3, 4]|[0, 2, 1, 1, 3, 3, 0, 1, 0, 0, 0, 0, 1, 0, 1, 0, 0, 3, 1, 0, 0, 0, 3, 1, 0, 2, 0, 0, 0, 1, 0, 0, 0, 0, 3, 0, 1, 0, 0, 2, 1, 1, 2, 0, 0, 0, 0, 1, 1, 0, 0, 0, 1, 3, 0, 0, 1, 0, 0, 1, 0, 2, 0, 1, 0, 2, 1, 0, 0, 1, 1, 3, 0, 1, 3, 0, 1, 0, 0, 2, 1, 0, 0, 0, 1, 0, 0, 0, 0, 0, 1, 2, 0, 1, 1, 0, 0, 0, 0, 3],804.6875225521468,57746.82533348298,88068.50778672317,false
47,G1_CMAX,G1_CMAX,[31, 22, 90, 26, 58, 95, 42, 12, 93, 5, 78, 86, 98, 18, 20, 35, 3, 97, 91, 76, 10, 85, 54, 45, 63, 71, 66, 1, 23, 17, 24, 60, 36, 6, 57, 15, 65, 56, 47, 79, 94, 67, 50, 46, 14, 75, 38, 9, 30, 19, 32, 81, 27, 92, 83, 87, 40, 99, 59, 11, 53, 16, 72, 77, 73, 70, 39, 37, 84, 43, 62, 25, 55, 28, 29, 51, 68, 82, 74, 61, 88, 21, 80, 89, 7, 69, 96, 41, 48, 4, 8, 34, 49, 52, 0, 44, 13, 2, 64, 33]|[1, 1, 1, 1, 0, 2, 1, 1, 2, 2, 2, 1, 0, 1, 2, 2, 1, 2, 0, 1, 2, 2, 2, 0, 0, 1, 2, 1, 2, 1, 2, 1, 1, 0, 1, 1, 0, 2, 2, 1, 1, 0, 0, 0, 0, 1, 1, 1, 1, 2, 1, 2, 2, 0, 0, 2, 1, 0, 0, 2, 0, 1, 2, 2, 1, 1, 1, 1, 1, 1, 0, 1, 1, 0, 0, 0, 0, 0, 2, 1, 1, 0, 0, 1, 1, 1, 2, 2, 0, 1, 1, 2, 0, 1, 0, 0, 0, 0, 2, 2]|[0, 4, 3, 0, 1, 1, 2, 4, 1, 1, 2, 4, 1, 4, 1, 1, 1, 2, 2, 2, 2, 1, 1, 1, 2, 3, 2, 3, 0, 4, 1, 0, 3, 2, 2, 2, 1, 1, 1, 0, 2, 0, 1, 2, 1, 3, 1, 4, 2, 0, 3, 2, 1, 2, 1, 1, 4, 1, 1, 1, 2, 3, 0, 2, 4, 3, 1, 4, 1, 1, 1, 4, 4, 2, 1, 1, 1, 2, 1, 3, 0, 1, 1, 1, 1, 3, 1, 1, 1, 4, 3, 1, 1, 1, 2, 2, 2, 2, 1, 1]|[3, 0, 2, 3, 0, 0, 1, 0, 0, 0, 1, 0, 0, 3, 0, 0, 1, 1, 1, 2, 1, 0, 0, 0, 0, 0, 0, 0, 0, 3, 1, 0, 2, 1, 1, 1, 0, 0, 0, 0, 1, 1, 0, 0, 0, 0, 1, 3, 2, 0, 0, 1, 0, 1, 0, 0, 2, 0, 0, 0, 1, 2, 1, 1, 0, 0, 1, 1, 3, 3, 0, 3, 3, 1, 0, 0, 0, 1, 0, 0, 0, 0, 0, 1, 2, 2, 0, 0, 0, 0, 2, 0, 1, 1, 0, 0, 0, 0, 0, 0],705.0470749739228,58445.79123614564,95781.2895945797,false
47,G4_BALANCED,G1_CMAX,[22, 82, 3, 58, 95, 42, 77, 47, 5, 93, 78, 12, 86, 54, 50, 63, 18, 44, 20, 35, 43, 97, 91, 76, 10, 30, 21, 45, 71, 64, 36, 23, 17, 83, 24, 14, 60, 1, 6, 40, 57, 90, 65, 56, 79, 94, 67, 68, 46, 75, 38, 9, 19, 32, 81, 41, 27, 62, 16, 55, 59, 89, 88, 87, 31, 72, 73, 70, 39, 37, 84, 92, 25, 11, 48, 15, 29, 51, 7, 33, 61, 98, 28, 99, 26, 85, 66, 96, 53, 80, 4, 8, 34, 49, 52, 2, 13, 0, 69, 74]|[1, 0, 1, 0, 1, 2, 2, 2, 2, 2, 1, 1, 1, 0, 0, 1, 0, 2, 2, 0, 1, 2, 0, 1, 2, 2, 0, 0, 1, 2, 1, 2, 1, 0, 2, 0, 1, 1, 0, 1, 1, 1, 0, 2, 1, 1, 0, 0, 0, 0, 1, 1, 2, 1, 2, 0, 0, 0, 1, 2, 1, 1, 1, 1, 1, 2, 1, 2, 1, 1, 1, 0, 1, 2, 2, 1, 0, 0, 1, 2, 1, 2, 0, 1, 1, 0, 0, 2, 0, 0, 1, 1, 2, 0, 1, 0, 0, 0, 1, 2]|[3, 2, 1, 1, 2, 1, 2, 1, 1, 2, 4, 4, 4, 1, 1, 4, 2, 1, 1, 1, 1, 2, 1, 2, 1, 1, 2, 1, 3, 2, 3, 1, 4, 1, 1, 1, 0, 3, 2, 2, 2, 3, 1, 1, 0, 4, 0, 1, 2, 2, 1, 4, 0, 3, 2, 1, 1, 2, 3, 1, 1, 1, 0, 3, 0, 0, 3, 0, 1, 4, 1, 0, 4, 1, 1, 4, 1, 1, 1, 1, 3, 1, 2, 1, 0, 2, 1, 1, 2, 1, 4, 3, 1, 1, 1, 2, 2, 2, 4, 1]|[3, 1, 2, 0, 1, 0, 0, 0, 0, 1, 0, 0, 1, 0, 0, 3, 1, 0, 0, 0, 3, 1, 0, 2, 0, 0, 0, 1, 0, 0, 2, 0, 3, 0, 1, 0, 0, 0, 1, 1, 1, 2, 0, 0, 0, 2, 1, 0, 0, 0, 1, 3, 0, 0, 1, 0, 0, 1, 2, 0, 1, 1, 0, 2, 0, 1, 0, 1, 1, 1, 1, 1, 3, 0, 0, 3, 0, 0, 2, 0, 0, 0, 1, 1, 3, 0, 0, 0, 1, 0, 0, 2, 0, 1, 1, 0, 0, 0, 2, 0],715.7913946700162,58060.95961022334,95287.06515100288,true
47,G2_TEC,G1_CMAX,[31, 22, 82, 15, 26, 58, 95, 42, 77, 12, 47, 5, 93, 78, 98, 54, 85, 63, 18, 44, 20, 35, 43, 97, 91, 76, 10, 30, 21, 45, 71, 64, 1, 23, 17, 83, 24, 14, 60, 36, 6, 57, 94, 88, 65, 56, 79, 40, 67, 68, 46, 75, 39, 9, 19, 32, 81, 41, 27, 62, 87, 90, 99, 59, 53, 16, 72, 73, 69, 38, 37, 84, 3, 92, 25, 55, 28, 29, 51, 7, 33, 61, 86, 11, 89, 50, 66, 96, 48, 80, 4, 8, 34, 49, 52, 0, 74, 2, 70, 13]|[1, 1, 0, 1, 1, 1, 2, 1, 2, 1, 2, 2, 2, 1, 1, 0, 0, 1, 0, 2, 2, 0, 1, 2, 0, 1, 2, 2, 0, 0, 1, 2, 1, 2, 1, 0, 2, 0, 1, 1, 0, 1, 1, 1, 0, 2, 1, 1, 0, 0, 0, 0, 1, 1, 2, 1, 2, 2, 0, 0, 2, 1, 0, 1, 0, 1, 2, 1, 1, 1, 1, 1, 2, 0, 1, 1, 0, 0, 0, 1, 2, 1, 0, 2, 1, 0, 2, 0, 0, 0, 0, 1, 2, 0, 1, 0, 2, 0, 1, 0]|[4, 3, 2, 2, 0, 0, 2, 2, 2, 4, 1, 1, 2, 4, 4, 1, 1, 4, 2, 1, 1, 1, 1, 2, 1, 2, 1, 1, 1, 1, 3, 2, 3, 0, 4, 0, 1, 1, 0, 3, 2, 2, 4, 0, 1, 1, 0, 2, 0, 1, 2, 2, 1, 4, 0, 3, 2, 1, 1, 2, 1, 3, 1, 1, 2, 3, 0, 4, 3, 1, 4, 1, 1, 2, 4, 4, 2, 1, 1, 3, 1, 3, 1, 1, 1, 1, 1, 1, 1, 1, 2, 3, 1, 1, 1, 2, 1, 2, 3, 2]|[0, 2, 1, 1, 3, 3, 0, 1, 0, 0, 0, 0, 1, 0, 1, 0, 0, 3, 1, 0, 0, 0, 3, 1, 0, 2, 0, 0, 0, 1, 0, 0, 0, 0, 3, 0, 1, 0, 0, 2, 1, 1, 2, 0, 0, 0, 0, 1, 1, 0, 0, 0, 1, 3, 0, 0, 1, 0, 0, 1, 0, 2, 0, 1, 1, 2, 1, 0, 0, 1, 1, 3, 0, 1, 3, 3, 1, 0, 0, 2, 0, 0, 0, 0, 1, 0, 0, 0, 0, 0, 1, 2, 0, 1, 1, 0, 0, 0, 0, 0],767.2798904099965,57925.01959330884,89282.78367975628,true
47,G3_TWC,G3_TWC,[31, 22, 42, 15, 26, 58, 95, 82, 77, 12, 47, 5, 93, 78, 98, 54, 85, 63, 18, 44, 20, 35, 43, 97, 91, 76, 10, 30, 21, 45, 71, 64, 1, 23, 17, 83, 24, 61, 60, 36, 6, 57, 94, 88, 65, 56, 79, 40, 67, 68, 46, 75, 38, 9, 19, 32, 81, 41, 27, 62, 87, 90, 99, 59, 11, 16, 72, 73, 70, 39, 37, 84, 3, 92, 25, 74, 28, 29, 51, 7, 53, 14, 86, 48, 89, 50, 66, 96, 33, 80, 4, 8, 34, 49, 52, 0, 13, 2, 69, 55]|[1, 1, 0, 1, 1, 1, 2, 1, 2, 1, 2, 2, 2, 1, 1, 0, 0, 1, 0, 2, 2, 0, 1, 2, 0, 1, 2, 2, 0, 0, 1, 2, 1, 2, 1, 0, 2, 0, 1, 1, 0, 1, 1, 1, 0, 2, 1, 1, 0, 0, 0, 0, 1, 1, 2, 1, 2, 0, 0, 0, 2, 1, 0, 1, 2, 1, 2, 1, 1, 1, 1, 1, 2, 0, 1, 2, 0, 0, 0, 1, 0, 1, 0, 0, 1, 0, 0, 0, 2, 0, 0, 1, 2, 0, 1, 0, 0, 0, 1, 1]|[4, 3, 2, 2, 0, 0, 2, 2, 2, 4, 1, 1, 2, 4, 4, 1, 1, 4, 2, 1, 1, 1, 1, 2, 1, 2, 1, 1, 1, 1, 3, 2, 3, 0, 4, 0, 1, 1, 0, 3, 2, 2, 4, 0, 1, 1, 0, 2, 0, 1, 2, 2, 1, 4, 0, 3, 2, 1, 1, 2, 1, 3, 1, 1, 1, 3, 0, 4, 3, 1, 4, 1, 1, 2, 4, 1, 2, 1, 1, 3, 2, 3, 1, 1, 1, 1, 1, 1, 1, 1, 2, 3, 1, 1, 1, 2, 2, 2, 3, 4]|[0, 2, 1, 1, 3, 3, 0, 1, 0, 0, 0, 0, 1, 0, 1, 0, 0, 3, 1, 0, 0, 0, 3, 1, 0, 2, 0, 0, 0, 1, 0, 0, 0, 0, 3, 0, 1, 0, 0, 2, 1, 1, 2, 0, 0, 0, 0, 1, 1, 0, 0, 0, 1, 3, 0, 0, 1, 0, 0, 1, 0, 2, 0, 1, 0, 2, 1, 0, 0, 1, 1, 3, 0, 1, 3, 0, 1, 0, 0, 2, 1, 0, 0, 0, 1, 0, 0, 0, 0, 0, 1, 2, 0, 1, 1, 0, 0, 0, 0, 3],804.6875225521468,57746.82533348298,88068.50778672317,false
47,G1_CMAX,G1_CMAX,[31, 22, 90, 26, 58, 95, 42, 12, 93, 5, 78, 86, 98, 18, 20, 35, 3, 97, 91, 76, 10, 85, 54, 45, 63, 71, 66, 1, 23, 17, 24, 60, 36, 6, 57, 15, 65, 56, 47, 79, 94, 67, 50, 46, 14, 75, 38, 9, 30, 19, 32, 81, 27, 92, 83, 87, 40, 99, 59, 11, 53, 16, 72, 77, 73, 70, 39, 37, 84, 43, 62, 25, 55, 28, 29, 51, 68, 82, 74, 61, 88, 21, 80, 89, 7, 69, 96, 41, 48, 4, 8, 34, 49, 52, 0, 44, 13, 2, 64, 33]|[1, 1, 1, 1, 0, 2, 1, 1, 2, 2, 2, 1, 0, 1, 2, 2, 1, 2, 0, 1, 2, 2, 2, 0, 0, 1, 2, 1, 2, 1, 2, 1, 1, 0, 1, 1, 0, 2, 2, 1, 1, 0, 0, 0, 0, 1, 1, 1, 1, 2, 1, 2, 2, 0, 0, 2, 1, 0, 0, 2, 0, 1, 2, 2, 1, 1, 1, 1, 1, 1, 0, 1, 1, 0, 0, 0, 0, 0, 2, 1, 1, 0, 0, 1, 1, 1, 2, 2, 0, 1, 1, 2, 0, 1, 0, 0, 0, 0, 2, 2]|[0, 4, 3, 0, 1, 1, 2, 4, 1, 1, 2, 4, 1, 4, 1, 1, 1, 2, 2, 2, 2, 1, 1, 1, 2, 3, 2, 3, 0, 4, 1, 0, 3, 2, 2, 2, 1, 1, 1, 0, 2, 0, 1, 2, 1, 3, 1, 4, 2, 0, 3, 2, 1, 2, 1, 1, 4, 1, 1, 1, 2, 3, 0, 2, 4, 3, 1, 4, 1, 1, 1, 4, 4, 2, 1, 1, 1, 2, 1, 3, 0, 1, 1, 1, 1, 3, 1, 1, 1, 4, 3, 1, 1, 1, 2, 2, 2, 2, 1, 1]|[3, 0, 2, 3, 0, 0, 1, 0, 0, 0, 1, 0, 0, 3, 0, 0, 1, 1, 1, 2, 1, 0, 0, 0, 0, 0, 0, 0, 0, 3, 1, 0, 2, 1, 1, 1, 0, 0, 0, 0, 1, 1, 0, 0, 0, 0, 1, 3, 2, 0, 0, 1, 0, 1, 0, 0, 2, 0, 0, 0, 1, 2, 1, 1, 0, 0, 1, 1, 3, 3, 0, 3, 3, 1, 0, 0, 0, 1, 0, 0, 0, 0, 0, 1, 2, 2, 0, 0, 0, 0, 2, 0, 1, 1, 0, 0, 0, 0, 0, 0],705.0470749739228,58445.79123614564,95781.2895945797,false
47,G4_BALANCED,G1_CMAX,[22, 82, 3, 58, 95, 42, 77, 47, 5, 93, 78, 12, 86, 54, 50, 63, 18, 44, 20, 35, 43, 97, 91, 76, 10, 30, 21, 45, 71, 64, 36, 23, 17, 83, 24, 14, 60, 1, 6, 40, 57, 90, 65, 56, 79, 94, 67, 68, 46, 75, 38, 9, 19, 32, 81, 41, 27, 62, 16, 55, 59, 89, 88, 87, 31, 72, 73, 70, 39, 37, 84, 92, 25, 11, 48, 15, 29, 51, 7, 33, 61, 98, 28, 99, 26, 85, 66, 96, 53, 80, 4, 8, 34, 49, 52, 2, 13, 0, 69, 74]|[1, 0, 1, 0, 1, 2, 2, 2, 2, 2, 1, 1, 1, 0, 0, 1, 0, 2, 2, 0, 1, 2, 0, 1, 2, 2, 0, 0, 1, 2, 1, 2, 1, 0, 2, 0, 1, 1, 0, 1, 1, 1, 0, 2, 1, 1, 0, 0, 0, 0, 1, 1, 2, 1, 2, 0, 0, 0, 1, 2, 1, 1, 1, 1, 1, 2, 1, 2, 1, 1, 1, 0, 1, 2, 2, 1, 0, 0, 1, 2, 1, 2, 0, 1, 1, 0, 0, 2, 0, 0, 1, 1, 2, 0, 1, 0, 0, 0, 1, 2]|[3, 2, 1, 1, 2, 1, 2, 1, 1, 2, 4, 4, 4, 1, 1, 4, 2, 1, 1, 1, 1, 2, 1, 2, 1, 1, 2, 1, 3, 2, 3, 1, 4, 1, 1, 1, 0, 3, 2, 2, 2, 3, 1, 1, 0, 4, 0, 1, 2, 2, 1, 4, 0, 3, 2, 1, 1, 2, 3, 1, 1, 1, 0, 3, 0, 0, 3, 0, 1, 4, 1, 0, 4, 1, 1, 4, 1, 1, 1, 1, 3, 1, 2, 1, 0, 2, 1, 1, 2, 1, 4, 3, 1, 1, 1, 2, 2, 2, 4, 1]|[3, 1, 2, 0, 1, 0, 0, 0, 0, 1, 0, 0, 1, 0, 0, 3, 1, 0, 0, 0, 3, 1, 0, 2, 0, 0, 0, 1, 0, 0, 2, 0, 3, 0, 1, 0, 0, 0, 1, 1, 1, 2, 0, 0, 0, 2, 1, 0, 0, 0, 1, 3, 0, 0, 1, 0, 0, 1, 2, 0, 1, 1, 0, 2, 0, 1, 0, 1, 1, 1, 1, 1, 3, 0, 0, 3, 0, 0, 2, 0, 0, 0, 1, 1, 3, 0, 0, 0, 1, 0, 0, 2, 0, 1, 1, 0, 0, 0, 2, 0],715.7913946700162,58060.95961022334,95287.06515100288,true
47,G2_TEC,G2_TEC,[31, 22, 82, 15, 26, 9, 95, 42, 77, 68, 47, 5, 93, 78, 86, 54, 85, 63, 18, 44, 20, 49, 36, 14, 74, 50, 53, 17, 21, 28, 11, 64, 3, 23, 30, 83, 24, 41, 40, 52, 65, 27, 90, 70, 39, 87, 48, 69, 99, 4, 46, 1, 13, 58, 97, 59, 45, 8, 73, 37, 35, 79, 71, 66, 76, 32, 60, 80, 56, 6, 67, 61, 33, 7, 57, 34, 12, 16, 10, 98, 96, 88, 43, 81, 91, 2, 84, 29, 92, 19, 51, 89, 75, 55, 25, 72, 94, 38, 62, 0]|[2, 1, 2, 1, 1, 2, 1, 1, 1, 1, 1, 0, 2, 2, 1, 2, 0, 0, 0, 2, 2, 1, 0, 2, 0, 2, 2, 1, 0, 1, 1, 1, 0, 0, 1, 0, 2, 1, 2, 2, 0, 0, 1, 1, 0, 2, 0, 2, 1, 0, 0, 2, 0, 0, 2, 0, 1, 1, 0, 0, 2, 1, 1, 2, 2, 0, 2, 2, 2, 1, 2, 1, 1, 2, 0, 1, 1, 2, 1, 2, 0, 1, 1, 1, 1, 0, 0, 1, 0, 1, 1, 1, 0, 0, 1, 1, 2, 0, 1, 0]|[0, 3, 0, 3, 4, 1, 4, 4, 2, 4, 3, 2, 1, 0, 2, 1, 1, 1, 2, 1, 1, 3, 0, 1, 0, 1, 1, 4, 1, 4, 3, 2, 2, 0, 4, 1, 1, 4, 1, 1, 2, 1, 4, 4, 1, 1, 0, 1, 3, 2, 2, 1, 2, 1, 1, 2, 4, 3, 0, 2, 2, 3, 3, 1, 1, 2, 1, 1, 1, 4, 1, 3, 4, 1, 2, 4, 3, 1, 3, 1, 2, 4, 4, 4, 3, 2, 2, 3, 2, 4, 3, 4, 2, 2, 4, 4, 1, 2, 3, 2]|[0, 2, 0, 0, 3, 0, 1, 3, 0, 0, 2, 0, 0, 0, 1, 0, 0, 0, 1, 0, 0, 2, 0, 0, 1, 0, 0, 3, 0, 1, 0, 2, 0, 0, 3, 0, 1, 1, 0, 0, 0, 0, 1, 3, 0, 0, 1, 0, 2, 0, 0, 0, 0, 0, 1, 0, 1, 0, 1, 1, 0, 2, 0, 0, 0, 0, 0, 0, 0, 2, 0, 0, 1, 0, 0, 1, 0, 0, 3, 0, 0, 1, 2, 2, 0, 0, 0, 3, 0, 1, 0, 1, 0, 0, 3, 1, 0, 0, 0, 0],931.35319649833,48904.64914180878,108427.19628251252,false
47,G3_TWC,G3_TWC,[31, 22, 42, 15, 26, 58, 95, 82, 77, 12, 47, 5, 93, 78, 98, 54, 85, 63, 18, 44, 20, 35, 43, 97, 91, 76, 10, 30, 21, 45, 71, 64, 1, 23, 17, 83, 24, 61, 60, 36, 6, 57, 94, 88, 65, 56, 79, 40, 67, 68, 46, 75, 38, 9, 19, 32, 81, 41, 27, 62, 87, 90, 99, 59, 11, 16, 72, 73, 70, 39, 37, 84, 3, 92, 25, 74, 28, 29, 51, 7, 53, 14, 86, 48, 89, 50, 66, 96, 33, 80, 4, 8, 34, 49, 52, 0, 13, 2, 69, 55]|[1, 1, 0, 1, 1, 1, 2, 1, 2, 1, 2, 2, 2, 1, 1, 0, 0, 1, 0, 2, 2, 0, 1, 2, 0, 1, 2, 2, 0, 0, 1, 2, 1, 2, 1, 0, 2, 0, 1, 1, 0, 1, 1, 1, 0, 2, 1, 1, 0, 0, 0, 0, 1, 1, 2, 1, 2, 0, 0, 0, 2, 1, 0, 1, 2, 1, 2, 1, 1, 1, 1, 1, 2, 0, 1, 2, 0, 0, 0, 1, 0, 1, 0, 0, 1, 0, 0, 0, 2, 0, 0, 1, 2, 0, 1, 0, 0, 0, 1, 1]|[4, 3, 2, 2, 0, 0, 2, 2, 2, 4, 1, 1, 2, 4, 4, 1, 1, 4, 2, 1, 1, 1, 1, 2, 1, 2, 1, 1, 1, 1, 3, 2, 3, 0, 4, 0, 1, 1, 0, 3, 2, 2, 4, 0, 1, 1, 0, 2, 0, 1, 2, 2, 1, 4, 0, 3, 2, 1, 1, 2, 1, 3, 1, 1, 1, 3, 0, 4, 3, 1, 4, 1, 1, 2, 4, 1, 2, 1, 1, 3, 2, 3, 1, 1, 1, 1, 1, 1, 1, 1, 2, 3, 1, 1, 1, 2, 2, 2, 3, 4]|[0, 2, 1, 1, 3, 3, 0, 1, 0, 0, 0, 0, 1, 0, 1, 0, 0, 3, 1, 0, 0, 0, 3, 1, 0, 2, 0, 0, 0, 1, 0, 0, 0, 0, 3, 0, 1, 0, 0, 2, 1, 1, 2, 0, 0, 0, 0, 1, 1, 0, 0, 0, 1, 3, 0, 0, 1, 0, 0, 1, 0, 2, 0, 1, 0, 2, 1, 0, 0, 1, 1, 3, 0, 1, 3, 0, 1, 0, 0, 2, 1, 0, 0, 0, 1, 0, 0, 0, 0, 0, 1, 2, 0, 1, 1, 0, 0, 0, 0, 3],804.6875225521468,57746.82533348298,88068.50778672317,false
47,G1_CMAX,G1_CMAX,[31, 22, 90, 26, 58, 95, 42, 12, 93, 5, 78, 86, 98, 18, 20, 35, 3, 97, 91, 76, 10, 85, 54, 45, 63, 71, 66, 1, 23, 17, 24, 60, 36, 6, 57, 15, 65, 56, 47, 79, 94, 67, 50, 46, 14, 75, 38, 9, 30, 19, 32, 81, 27, 92, 83, 87, 40, 99, 59, 11, 53, 16, 72, 77, 73, 70, 39, 37, 84, 43, 62, 25, 55, 28, 29, 51, 68, 82, 74, 61, 88, 21, 80, 89, 7, 69, 96, 41, 48, 4, 8, 34, 49, 52, 0, 44, 13, 2, 64, 33]|[1, 1, 1, 1, 0, 2, 1, 1, 2, 2, 2, 1, 0, 1, 2, 2, 1, 2, 0, 1, 2, 2, 2, 0, 0, 1, 2, 1, 2, 1, 2, 1, 1, 0, 1, 1, 0, 2, 2, 1, 1, 0, 0, 0, 0, 1, 1, 1, 1, 2, 1, 2, 2, 0, 0, 2, 1, 0, 0, 2, 0, 1, 2, 2, 1, 1, 1, 1, 1, 1, 0, 1, 1, 0, 0, 0, 0, 0, 2, 1, 1, 0, 0, 1, 1, 1, 2, 2, 0, 1, 1, 2, 0, 1, 0, 0, 0, 0, 2, 2]|[0, 4, 3, 0, 1, 1, 2, 4, 1, 1, 2, 4, 1, 4, 1, 1, 1, 2, 2, 2, 2, 1, 1, 1, 2, 3, 2, 3, 0, 4, 1, 0, 3, 2, 2, 2, 1, 1, 1, 0, 2, 0, 1, 2, 1, 3, 1, 4, 2, 0, 3, 2, 1, 2, 1, 1, 4, 1, 1, 1, 2, 3, 0, 2, 4, 3, 1, 4, 1, 1, 1, 4, 4, 2, 1, 1, 1, 2, 1, 3, 0, 1, 1, 1, 1, 3, 1, 1, 1, 4, 3, 1, 1, 1, 2, 2, 2, 2, 1, 1]|[3, 0, 2, 3, 0, 0, 1, 0, 0, 0, 1, 0, 0, 3, 0, 0, 1, 1, 1, 2, 1, 0, 0, 0, 0, 0, 0, 0, 0, 3, 1, 0, 2, 1, 1, 1, 0, 0, 0, 0, 1, 1, 0, 0, 0, 0, 1, 3, 2, 0, 0, 1, 0, 1, 0, 0, 2, 0, 0, 0, 1, 2, 1, 1, 0, 0, 1, 1, 3, 3, 0, 3, 3, 1, 0, 0, 0, 1, 0, 0, 0, 0, 0, 1, 2, 2, 0, 0, 0, 0, 2, 0, 1, 1, 0, 0, 0, 0, 0, 0],705.0470749739228,58445.79123614564,95781.2895945797,false
47,G4_BALANCED,G1_CMAX,[22, 82, 3, 58, 95, 42, 77, 47, 5, 93, 78, 12, 86, 54, 50, 63, 18, 44, 20, 35, 43, 97, 91, 76, 10, 30, 21, 45, 71, 64, 36, 23, 17, 83, 24, 14, 60, 1, 6, 40, 57, 90, 65, 56, 79, 94, 67, 68, 46, 75, 38, 9, 19, 32, 81, 41, 27, 62, 16, 55, 59, 89, 88, 87, 31, 72, 73, 70, 39, 37, 84, 92, 25, 11, 48, 15, 29, 51, 7, 33, 61, 98, 28, 99, 26, 85, 66, 96, 53, 80, 4, 8, 34, 49, 52, 2, 13, 0, 69, 74]|[1, 0, 1, 0, 1, 2, 2, 2, 2, 2, 1, 1, 1, 0, 0, 1, 0, 2, 2, 0, 1, 2, 0, 1, 2, 2, 0, 0, 1, 2, 1, 2, 1, 0, 2, 0, 1, 1, 0, 1, 1, 1, 0, 2, 1, 1, 0, 0, 0, 0, 1, 1, 2, 1, 2, 0, 0, 0, 1, 2, 1, 1, 1, 1, 1, 2, 1, 2, 1, 1, 1, 0, 1, 2, 2, 1, 0, 0, 1, 2, 1, 2, 0, 1, 1, 0, 0, 2, 0, 0, 1, 1, 2, 0, 1, 0, 0, 0, 1, 2]|[3, 2, 1, 1, 2, 1, 2, 1, 1, 2, 4, 4, 4, 1, 1, 4, 2, 1, 1, 1, 1, 2, 1, 2, 1, 1, 2, 1, 3, 2, 3, 1, 4, 1, 1, 1, 0, 3, 2, 2, 2, 3, 1, 1, 0, 4, 0, 1, 2, 2, 1, 4, 0, 3, 2, 1, 1, 2, 3, 1, 1, 1, 0, 3, 0, 0, 3, 0, 1, 4, 1, 0, 4, 1, 1, 4, 1, 1, 1, 1, 3, 1, 2, 1, 0, 2, 1, 1, 2, 1, 4, 3, 1, 1, 1, 2, 2, 2, 4, 1]|[3, 1, 2, 0, 1, 0, 0, 0, 0, 1, 0, 0, 1, 0, 0, 3, 1, 0, 0, 0, 3, 1, 0, 2, 0, 0, 0, 1, 0, 0, 2, 0, 3, 0, 1, 0, 0, 0, 1, 1, 1, 2, 0, 0, 0, 2, 1, 0, 0, 0, 1, 3, 0, 0, 1, 0, 0, 1, 2, 0, 1, 1, 0, 2, 0, 1, 0, 1, 1, 1, 1, 1, 3, 0, 0, 3, 0, 0, 2, 0, 0, 0, 1, 1, 3, 0, 0, 0, 1, 0, 0, 2, 0, 1, 1, 0, 0, 0, 2, 0],715.7913946700162,58060.95961022334,95287.06515100288,true
47,G2_TEC,G2_TEC,[31, 22, 82, 15, 26, 9, 95, 42, 77, 68, 47, 5, 93, 78, 86, 54, 85, 63, 18, 44, 20, 49, 36, 14, 74, 50, 53, 17, 21, 28, 11, 64, 3, 23, 30, 83, 24, 41, 40, 52, 65, 27, 90, 70, 39, 87, 48, 69, 99, 4, 46, 1, 13, 58, 97, 59, 45, 8, 73, 37, 35, 79, 71, 66, 76, 32, 60, 80, 56, 6, 67, 61, 33, 7, 57, 34, 12, 16, 10, 98, 96, 88, 43, 81, 91, 2, 84, 29, 92, 19, 51, 89, 75, 55, 25, 72, 94, 38, 62, 0]|[2, 1, 2, 1, 1, 2, 1, 1, 1, 1, 1, 0, 2, 2, 1, 2, 0, 0, 0, 2, 2, 1, 0, 2, 0, 2, 2, 1, 0, 1, 1, 1, 0, 0, 1, 0, 2, 1, 2, 2, 0, 0, 1, 1, 0, 2, 0, 2, 1, 0, 0, 2, 0, 0, 2, 0, 1, 1, 0, 0, 2, 1, 1, 2, 2, 0, 2, 2, 2, 1, 2, 1, 1, 2, 0, 1, 1, 2, 1, 2, 0, 1, 1, 1, 1, 0, 0, 1, 0, 1, 1, 1, 0, 0, 1, 1, 2, 0, 1, 0]|[0, 3, 0, 3, 4, 1, 4, 4, 2, 4, 3, 2, 1, 0, 2, 1, 1, 1, 2, 1, 1, 3, 0, 1, 0, 1, 1, 4, 1, 4, 3, 2, 2, 0, 4, 1, 1, 4, 1, 1, 2, 1, 4, 4, 1, 1, 0, 1, 3, 2, 2, 1, 2, 1, 1, 2, 4, 3, 0, 2, 2, 3, 3, 1, 1, 2, 1, 1, 1, 4, 1, 3, 4, 1, 2, 4, 3, 1, 3, 1, 2, 4, 4, 4, 3, 2, 2, 3, 2, 4, 3, 4, 2, 2, 4, 4, 1, 2, 3, 2]|[0, 2, 0, 0, 3, 0, 1, 3, 0, 0, 2, 0, 0, 0, 1, 0, 0, 0, 1, 0, 0, 2, 0, 0, 1, 0, 0, 3, 0, 1, 0, 2, 0, 0, 3, 0, 1, 1, 0, 0, 0, 0, 1, 3, 0, 0, 1, 0, 2, 0, 0, 0, 0, 0, 1, 0, 1, 0, 1, 1, 0, 2, 0, 0, 0, 0, 0, 0, 0, 2, 0, 0, 1, 0, 0, 1, 0, 0, 3, 0, 0, 1, 2, 2, 0, 0, 0, 3, 0, 1, 0, 1, 0, 0, 3, 1, 0, 0, 0, 0],931.35319649833,48904.64914180878,108427.19628251252,false
47,G3_TWC,G3_TWC,[31, 22, 42, 15, 26, 58, 95, 82, 77, 12, 47, 5, 93, 78, 98, 54, 85, 63, 18, 44, 20, 35, 43, 97, 91, 76, 10, 30, 21, 45, 71, 64, 1, 23, 17, 83, 24, 61, 60, 36, 6, 57, 94, 88, 65, 56, 79, 40, 67, 68, 46, 75, 38, 9, 19, 32, 81, 41, 27, 62, 87, 90, 99, 59, 11, 16, 72, 73, 70, 39, 37, 84, 3, 92, 25, 74, 28, 29, 51, 7, 53, 14, 86, 48, 89, 50, 66, 96, 33, 80, 4, 8, 34, 49, 52, 0, 13, 2, 69, 55]|[1, 1, 0, 1, 1, 1, 2, 1, 2, 1, 2, 2, 2, 1, 1, 0, 0, 1, 0, 2, 2, 0, 1, 2, 0, 1, 2, 2, 0, 0, 1, 2, 1, 2, 1, 0, 2, 0, 1, 1, 0, 1, 1, 1, 0, 2, 1, 1, 0, 0, 0, 0, 1, 1, 2, 1, 2, 0, 0, 0, 2, 1, 0, 1, 2, 1, 2, 1, 1, 1, 1, 1, 2, 0, 1, 2, 0, 0, 0, 1, 0, 1, 0, 0, 1, 0, 0, 0, 2, 0, 0, 1, 2, 0, 1, 0, 0, 0, 1, 1]|[4, 3, 2, 2, 0, 0, 2, 2, 2, 4, 1, 1, 2, 4, 4, 1, 1, 4, 2, 1, 1, 1, 1, 2, 1, 2, 1, 1, 1, 1, 3, 2, 3, 0, 4, 0, 1, 1, 0, 3, 2, 2, 4, 0, 1, 1, 0, 2, 0, 1, 2, 2, 1, 4, 0, 3, 2, 1, 1, 2, 1, 3, 1, 1, 1, 3, 0, 4, 3, 1, 4, 1, 1, 2, 4, 1, 2, 1, 1, 3, 2, 3, 1, 1, 1, 1, 1, 1, 1, 1, 2, 3, 1, 1, 1, 2, 2, 2, 3, 4]|[0, 2, 1, 1, 3, 3, 0, 1, 0, 0, 0, 0, 1, 0, 1, 0, 0, 3, 1, 0, 0, 0, 3, 1, 0, 2, 0, 0, 0, 1, 0, 0, 0, 0, 3, 0, 1, 0, 0, 2, 1, 1, 2, 0, 0, 0, 0, 1, 1, 0, 0, 0, 1, 3, 0, 0, 1, 0, 0, 1, 0, 2, 0, 1, 0, 2, 1, 0, 0, 1, 1, 3, 0, 1, 3, 0, 1, 0, 0, 2, 1, 0, 0, 0, 1, 0, 0, 0, 0, 0, 1, 2, 0, 1, 1, 0, 0, 0, 0, 3],804.6875225521468,57746.82533348298,88068.50778672317,false
47,G1_CMAX,G1_CMAX,[31, 22, 90, 26, 58, 95, 42, 12, 93, 5, 78, 86, 98, 18, 20, 35, 3, 97, 91, 76, 10, 85, 54, 45, 63, 71, 66, 1, 23, 17, 24, 60, 36, 6, 57, 15, 65, 56, 47, 79, 94, 67, 50, 46, 14, 75, 38, 9, 30, 19, 32, 81, 27, 92, 83, 87, 40, 99, 59, 11, 53, 16, 72, 77, 73, 70, 39, 37, 84, 43, 62, 25, 55, 28, 29, 51, 68, 82, 74, 61, 88, 21, 80, 89, 7, 69, 96, 41, 48, 4, 8, 34, 49, 52, 0, 44, 13, 2, 64, 33]|[1, 1, 1, 1, 0, 2, 1, 1, 2, 2, 2, 1, 0, 1, 2, 2, 1, 2, 0, 1, 2, 2, 2, 0, 0, 1, 2, 1, 2, 1, 2, 1, 1, 0, 1, 1, 0, 2, 2, 1, 1, 0, 0, 0, 0, 1, 1, 1, 1, 2, 1, 2, 2, 0, 0, 2, 1, 0, 0, 2, 0, 1, 2, 2, 1, 1, 1, 1, 1, 1, 0, 1, 1, 0, 0, 0, 0, 0, 2, 1, 1, 0, 0, 1, 1, 1, 2, 2, 0, 1, 1, 2, 0, 1, 0, 0, 0, 0, 2, 2]|[0, 4, 3, 0, 1, 1, 2, 4, 1, 1, 2, 4, 1, 4, 1, 1, 1, 2, 2, 2, 2, 1, 1, 1, 2, 3, 2, 3, 0, 4, 1, 0, 3, 2, 2, 2, 1, 1, 1, 0, 2, 0, 1, 2, 1, 3, 1, 4, 2, 0, 3, 2, 1, 2, 1, 1, 4, 1, 1, 1, 2, 3, 0, 2, 4, 3, 1, 4, 1, 1, 1, 4, 4, 2, 1, 1, 1, 2, 1, 3, 0, 1, 1, 1, 1, 3, 1, 1, 1, 4, 3, 1, 1, 1, 2, 2, 2, 2, 1, 1]|[3, 0, 2, 3, 0, 0, 1, 0, 0, 0, 1, 0, 0, 3, 0, 0, 1, 1, 1, 2, 1, 0, 0, 0, 0, 0, 0, 0, 0, 3, 1, 0, 2, 1, 1, 1, 0, 0, 0, 0, 1, 1, 0, 0, 0, 0, 1, 3, 2, 0, 0, 1, 0, 1, 0, 0, 2, 0, 0, 0, 1, 2, 1, 1, 0, 0, 1, 1, 3, 3, 0, 3, 3, 1, 0, 0, 0, 1, 0, 0, 0, 0, 0, 1, 2, 2, 0, 0, 0, 0, 2, 0, 1, 1, 0, 0, 0, 0, 0, 0],705.0470749739228,58445.79123614564,95781.2895945797,false
47,G4_BALANCED,G1_CMAX,[22, 82, 3, 58, 95, 42, 77, 47, 5, 93, 78, 12, 86, 54, 50, 63, 18, 44, 20, 35, 43, 97, 91, 76, 10, 30, 21, 45, 71, 64, 36, 23, 17, 83, 24, 14, 60, 1, 6, 40, 57, 90, 65, 56, 79, 94, 67, 68, 46, 75, 38, 9, 19, 32, 81, 41, 27, 62, 16, 55, 59, 89, 88, 87, 31, 72, 73, 70, 39, 37, 84, 92, 25, 11, 48, 15, 29, 51, 7, 33, 61, 98, 28, 99, 26, 85, 66, 96, 53, 80, 4, 8, 34, 49, 52, 2, 13, 0, 69, 74]|[1, 0, 1, 0, 1, 2, 2, 2, 2, 2, 1, 1, 1, 0, 0, 1, 0, 2, 2, 0, 1, 2, 0, 1, 2, 2, 0, 0, 1, 2, 1, 2, 1, 0, 2, 0, 1, 1, 0, 1, 1, 1, 0, 2, 1, 1, 0, 0, 0, 0, 1, 1, 2, 1, 2, 0, 0, 0, 1, 2, 1, 1, 1, 1, 1, 2, 1, 2, 1, 1, 1, 0, 1, 2, 2, 1, 0, 0, 1, 2, 1, 2, 0, 1, 1, 0, 0, 2, 0, 0, 1, 1, 2, 0, 1, 0, 0, 0, 1, 2]|[3, 2, 1, 1, 2, 1, 2, 1, 1, 2, 4, 4, 4, 1, 1, 4, 2, 1, 1, 1, 1, 2, 1, 2, 1, 1, 2, 1, 3, 2, 3, 1, 4, 1, 1, 1, 0, 3, 2, 2, 2, 3, 1, 1, 0, 4, 0, 1, 2, 2, 1, 4, 0, 3, 2, 1, 1, 2, 3, 1, 1, 1, 0, 3, 0, 0, 3, 0, 1, 4, 1, 0, 4, 1, 1, 4, 1, 1, 1, 1, 3, 1, 2, 1, 0, 2, 1, 1, 2, 1, 4, 3, 1, 1, 1, 2, 2, 2, 4, 1]|[3, 1, 2, 0, 1, 0, 0, 0, 0, 1, 0, 0, 1, 0, 0, 3, 1, 0, 0, 0, 3, 1, 0, 2, 0, 0, 0, 1, 0, 0, 2, 0, 3, 0, 1, 0, 0, 0, 1, 1, 1, 2, 0, 0, 0, 2, 1, 0, 0, 0, 1, 3, 0, 0, 1, 0, 0, 1, 2, 0, 1, 1, 0, 2, 0, 1, 0, 1, 1, 1, 1, 1, 3, 0, 0, 3, 0, 0, 2, 0, 0, 0, 1, 1, 3, 0, 0, 0, 1, 0, 0, 2, 0, 1, 1, 0, 0, 0, 2, 0],715.7913946700162,58060.95961022334,95287.06515100288,true
47,G2_TEC,G2_TEC,[31, 22, 82, 15, 26, 9, 95, 42, 77, 68, 47, 5, 93, 78, 86, 54, 85, 63, 18, 44, 20, 49, 36, 14, 74, 50, 53, 17, 21, 28, 11, 64, 3, 23, 30, 83, 24, 41, 40, 52, 65, 27, 90, 70, 39, 87, 48, 69, 99, 4, 46, 1, 13, 58, 97, 59, 45, 8, 73, 37, 35, 79, 71, 66, 76, 32, 60, 80, 56, 6, 67, 61, 33, 7, 57, 34, 12, 16, 10, 98, 96, 88, 43, 81, 91, 2, 84, 29, 92, 19, 51, 89, 75, 55, 25, 72, 94, 38, 62, 0]|[2, 1, 2, 1, 1, 2, 1, 1, 1, 1, 1, 0, 2, 2, 1, 2, 0, 0, 0, 2, 2, 1, 0, 2, 0, 2, 2, 1, 0, 1, 1, 1, 0, 0, 1, 0, 2, 1, 2, 2, 0, 0, 1, 1, 0, 2, 0, 2, 1, 0, 0, 2, 0, 0, 2, 0, 1, 1, 0, 0, 2, 1, 1, 2, 2, 0, 2, 2, 2, 1, 2, 1, 1, 2, 0, 1, 1, 2, 1, 2, 0, 1, 1, 1, 1, 0, 0, 1, 0, 1, 1, 1, 0, 0, 1, 1, 2, 0, 1, 0]|[0, 3, 0, 3, 4, 1, 4, 4, 2, 4, 3, 2, 1, 0, 2, 1, 1, 1, 2, 1, 1, 3, 0, 1, 0, 1, 1, 4, 1, 4, 3, 2, 2, 0, 4, 1, 1, 4, 1, 1, 2, 1, 4, 4, 1, 1, 0, 1, 3, 2, 2, 1, 2, 1, 1, 2, 4, 3, 0, 2, 2, 3, 3, 1, 1, 2, 1, 1, 1, 4, 1, 3, 4, 1, 2, 4, 3, 1, 3, 1, 2, 4, 4, 4, 3, 2, 2, 3, 2, 4, 3, 4, 2, 2, 4, 4, 1, 2, 3, 2]|[0, 2, 0, 0, 3, 0, 1, 3, 0, 0, 2, 0, 0, 0, 1, 0, 0, 0, 1, 0, 0, 2, 0, 0, 1, 0, 0, 3, 0, 1, 0, 2, 0, 0, 3, 0, 1, 1, 0, 0, 0, 0, 1, 3, 0, 0, 1, 0, 2, 0, 0, 0, 0, 0, 1, 0, 1, 0, 1, 1, 0, 2, 0, 0, 0, 0, 0, 0, 0, 2, 0, 0, 1, 0, 0, 1, 0, 0, 3, 0, 0, 1, 2, 2, 0, 0, 0, 3, 0, 1, 0, 1, 0, 0, 3, 1, 0, 0, 0, 0],931.35319649833,48904.64914180878,108427.19628251252,false
47,G3_TWC,G3_TWC,[31, 22, 42, 15, 26, 58, 95, 82, 77, 12, 47, 5, 93, 78, 98, 54, 85, 63, 18, 44, 20, 35, 43, 97, 91, 76, 10, 30, 21, 45, 71, 64, 1, 23, 17, 83, 24, 61, 60, 36, 6, 57, 94, 88, 65, 56, 79, 40, 67, 68, 46, 75, 38, 9, 19, 32, 81, 41, 27, 62, 87, 90, 99, 59, 11, 16, 72, 73, 70, 39, 37, 84, 3, 92, 25, 74, 28, 29, 51, 7, 53, 14, 86, 48, 89, 50, 66, 96, 33, 80, 4, 8, 34, 49, 52, 0, 13, 2, 69, 55]|[1, 1, 0, 1, 1, 1, 2, 1, 2, 1, 2, 2, 2, 1, 1, 0, 0, 1, 0, 2, 2, 0, 1, 2, 0, 1, 2, 2, 0, 0, 1, 2, 1, 2, 1, 0, 2, 0, 1, 1, 0, 1, 1, 1, 0, 2, 1, 1, 0, 0, 0, 0, 1, 1, 2, 1, 2, 0, 0, 0, 2, 1, 0, 1, 2, 1, 2, 1, 1, 1, 1, 1, 2, 0, 1, 2, 0, 0, 0, 1, 0, 1, 0, 0, 1, 0, 0, 0, 2, 0, 0, 1, 2, 0, 1, 0, 0, 0, 1, 1]|[4, 3, 2, 2, 0, 0, 2, 2, 2, 4, 1, 1, 2, 4, 4, 1, 1, 4, 2, 1, 1, 1, 1, 2, 1, 2, 1, 1, 1, 1, 3, 2, 3, 0, 4, 0, 1, 1, 0, 3, 2, 2, 4, 0, 1, 1, 0, 2, 0, 1, 2, 2, 1, 4, 0, 3, 2, 1, 1, 2, 1, 3, 1, 1, 1, 3, 0, 4, 3, 1, 4, 1, 1, 2, 4, 1, 2, 1, 1, 3, 2, 3, 1, 1, 1, 1, 1, 1, 1, 1, 2, 3, 1, 1, 1, 2, 2, 2, 3, 4]|[0, 2, 1, 1, 3, 3, 0, 1, 0, 0, 0, 0, 1, 0, 1, 0, 0, 3, 1, 0, 0, 0, 3, 1, 0, 2, 0, 0, 0, 1, 0, 0, 0, 0, 3, 0, 1, 0, 0, 2, 1, 1, 2, 0, 0, 0, 0, 1, 1, 0, 0, 0, 1, 3, 0, 0, 1, 0, 0, 1, 0, 2, 0, 1, 0, 2, 1, 0, 0, 1, 1, 3, 0, 1, 3, 0, 1, 0, 0, 2, 1, 0, 0, 0, 1, 0, 0, 0, 0, 0, 1, 2, 0, 1, 1, 0, 0, 0, 0, 3],804.6875225521468,57746.82533348298,88068.50778672317,false
47,G1_CMAX,G1_CMAX,[31, 22, 90, 26, 58, 95, 42, 12, 93, 5, 78, 86, 98, 18, 20, 35, 3, 97, 91, 76, 10, 85, 54, 45, 63, 71, 66, 1, 23, 17, 24, 60, 36, 6, 57, 15, 65, 56, 47, 79, 94, 67, 50, 46, 14, 75, 38, 9, 30, 19, 32, 81, 27, 92, 83, 87, 40, 99, 59, 11, 53, 16, 72, 77, 73, 70, 39, 37, 84, 43, 62, 25, 55, 28, 29, 51, 68, 82, 74, 61, 88, 21, 80, 89, 7, 69, 96, 41, 48, 4, 8, 34, 49, 52, 0, 44, 13, 2, 64, 33]|[1, 1, 1, 1, 0, 2, 1, 1, 2, 2, 2, 1, 0, 1, 2, 2, 1, 2, 0, 1, 2, 2, 2, 0, 0, 1, 2, 1, 2, 1, 2, 1, 1, 0, 1, 1, 0, 2, 2, 1, 1, 0, 0, 0, 0, 1, 1, 1, 1, 2, 1, 2, 2, 0, 0, 2, 1, 0, 0, 2, 0, 1, 2, 2, 1, 1, 1, 1, 1, 1, 0, 1, 1, 0, 0, 0, 0, 0, 2, 1, 1, 0, 0, 1, 1, 1, 2, 2, 0, 1, 1, 2, 0, 1, 0, 0, 0, 0, 2, 2]|[0, 4, 3, 0, 1, 1, 2, 4, 1, 1, 2, 4, 1, 4, 1, 1, 1, 2, 2, 2, 2, 1, 1, 1, 2, 3, 2, 3, 0, 4, 1, 0, 3, 2, 2, 2, 1, 1, 1, 0, 2, 0, 1, 2, 1, 3, 1, 4, 2, 0, 3, 2, 1, 2, 1, 1, 4, 1, 1, 1, 2, 3, 0, 2, 4, 3, 1, 4, 1, 1, 1, 4, 4, 2, 1, 1, 1, 2, 1, 3, 0, 1, 1, 1, 1, 3, 1, 1, 1, 4, 3, 1, 1, 1, 2, 2, 2, 2, 1, 1]|[3, 0, 2, 3, 0, 0, 1, 0, 0, 0, 1, 0, 0, 3, 0, 0, 1, 1, 1, 2, 1, 0, 0, 0, 0, 0, 0, 0, 0, 3, 1, 0, 2, 1, 1, 1, 0, 0, 0, 0, 1, 1, 0, 0, 0, 0, 1, 3, 2, 0, 0, 1, 0, 1, 0, 0, 2, 0, 0, 0, 1, 2, 1, 1, 0, 0, 1, 1, 3, 3, 0, 3, 3, 1, 0, 0, 0, 1, 0, 0, 0, 0, 0, 1, 2, 2, 0, 0, 0, 0, 2, 0, 1, 1, 0, 0, 0, 0, 0, 0],705.0470749739228,58445.79123614564,95781.2895945797,false
47,G4_BALANCED,G1_CMAX,[22, 82, 3, 58, 95, 42, 77, 47, 5, 93, 78, 12, 86, 54, 50, 63, 18, 44, 20, 35, 43, 97, 91, 76, 10, 30, 21, 45, 71, 64, 36, 23, 17, 83, 24, 14, 60, 1, 6, 40, 57, 90, 65, 56, 79, 94, 67, 68, 46, 75, 38, 9, 19, 32, 81, 41, 27, 62, 16, 55, 59, 89, 88, 87, 31, 72, 73, 70, 39, 37, 84, 92, 25, 11, 48, 15, 29, 51, 7, 33, 61, 98, 28, 99, 26, 85, 66, 96, 53, 80, 4, 8, 34, 49, 52, 2, 13, 0, 69, 74]|[1, 0, 1, 0, 1, 2, 2, 2, 2, 2, 1, 1, 1, 0, 0, 1, 0, 2, 2, 0, 1, 2, 0, 1, 2, 2, 0, 0, 1, 2, 1, 2, 1, 0, 2, 0, 1, 1, 0, 1, 1, 1, 0, 2, 1, 1, 0, 0, 0, 0, 1, 1, 2, 1, 2, 0, 0, 0, 1, 2, 1, 1, 1, 1, 1, 2, 1, 2, 1, 1, 1, 0, 1, 2, 2, 1, 0, 0, 1, 2, 1, 2, 0, 1, 1, 0, 0, 2, 0, 0, 1, 1, 2, 0, 1, 0, 0, 0, 1, 2]|[3, 2, 1, 1, 2, 1, 2, 1, 1, 2, 4, 4, 4, 1, 1, 4, 2, 1, 1, 1, 1, 2, 1, 2, 1, 1, 2, 1, 3, 2, 3, 1, 4, 1, 1, 1, 0, 3, 2, 2, 2, 3, 1, 1, 0, 4, 0, 1, 2, 2, 1, 4, 0, 3, 2, 1, 1, 2, 3, 1, 1, 1, 0, 3, 0, 0, 3, 0, 1, 4, 1, 0, 4, 1, 1, 4, 1, 1, 1, 1, 3, 1, 2, 1, 0, 2, 1, 1, 2, 1, 4, 3, 1, 1, 1, 2, 2, 2, 4, 1]|[3, 1, 2, 0, 1, 0, 0, 0, 0, 1, 0, 0, 1, 0, 0, 3, 1, 0, 0, 0, 3, 1, 0, 2, 0, 0, 0, 1, 0, 0, 2, 0, 3, 0, 1, 0, 0, 0, 1, 1, 1, 2, 0, 0, 0, 2, 1, 0, 0, 0, 1, 3, 0, 0, 1, 0, 0, 1, 2, 0, 1, 1, 0, 2, 0, 1, 0, 1, 1, 1, 1, 1, 3, 0, 0, 3, 0, 0, 2, 0, 0, 0, 1, 1, 3, 0, 0, 0, 1, 0, 0, 2, 0, 1, 1, 0, 0, 0, 2, 0],715.7913946700162,58060.95961022334,95287.06515100288,true
47,G2_TEC,G2_TEC,[31, 22, 82, 15, 26, 9, 95, 42, 77, 68, 47, 5, 93, 78, 86, 54, 85, 63, 18, 44, 20, 49, 36, 14, 74, 50, 53, 17, 21, 28, 11, 64, 3, 23, 30, 83, 24, 41, 40, 52, 65, 27, 90, 70, 39, 87, 48, 69, 99, 4, 46, 1, 13, 58, 97, 59, 45, 8, 73, 37, 35, 79, 71, 66, 76, 32, 60, 80, 56, 6, 67, 61, 33, 7, 57, 34, 12, 16, 10, 98, 96, 88, 43, 81, 91, 2, 84, 29, 92, 19, 51, 89, 75, 55, 25, 72, 94, 38, 62, 0]|[2, 1, 2, 1, 1, 2, 1, 1, 1, 1, 1, 0, 2, 2, 1, 2, 0, 0, 0, 2, 2, 1, 0, 2, 0, 2, 2, 1, 0, 1, 1, 1, 0, 0, 1, 0, 2, 1, 2, 2, 0, 0, 1, 1, 0, 2, 0, 2, 1, 0, 0, 2, 0, 0, 2, 0, 1, 1, 0, 0, 2, 1, 1, 2, 2, 0, 2, 2, 2, 1, 2, 1, 1, 2, 0, 1, 1, 2, 1, 2, 0, 1, 1, 1, 1, 0, 0, 1, 0, 1, 1, 1, 0, 0, 1, 1, 2, 0, 1, 0]|[0, 3, 0, 3, 4, 1, 4, 4, 2, 4, 3, 2, 1, 0, 2, 1, 1, 1, 2, 1, 1, 3, 0, 1, 0, 1, 1, 4, 1, 4, 3, 2, 2, 0, 4, 1, 1, 4, 1, 1, 2, 1, 4, 4, 1, 1, 0, 1, 3, 2, 2, 1, 2, 1, 1, 2, 4, 3, 0, 2, 2, 3, 3, 1, 1, 2, 1, 1, 1, 4, 1, 3, 4, 1, 2, 4, 3, 1, 3, 1, 2, 4, 4, 4, 3, 2, 2, 3, 2, 4, 3, 4, 2, 2, 4, 4, 1, 2, 3, 2]|[0, 2, 0, 0, 3, 0, 1, 3, 0, 0, 2, 0, 0, 0, 1, 0, 0, 0, 1, 0, 0, 2, 0, 0, 1, 0, 0, 3, 0, 1, 0, 2, 0, 0, 3, 0, 1, 1, 0, 0, 0, 0, 1, 3, 0, 0, 1, 0, 2, 0, 0, 0, 0, 0, 1, 0, 1, 0, 1, 1, 0, 2, 0, 0, 0, 0, 0, 0, 0, 2, 0, 0, 1, 0, 0, 1, 0, 0, 3, 0, 0, 1, 2, 2, 0, 0, 0, 3, 0, 1, 0, 1, 0, 0, 3, 1, 0, 0, 0, 0],931.35319649833,48904.64914180878,108427.19628251252,false
47,G3_TWC,G3_TWC,[31, 22, 42, 15, 26, 58, 95, 82, 77, 12, 47, 5, 93, 78, 98, 54, 85, 63, 18, 44, 20, 35, 43, 97, 91, 76, 10, 30, 21, 45, 71, 64, 1, 23, 17, 83, 24, 61, 60, 36, 6, 57, 94, 88, 65, 56, 79, 40, 67, 68, 46, 75, 38, 9, 19, 32, 81, 41, 27, 62, 87, 90, 99, 59, 11, 16, 72, 73, 70, 39, 37, 84, 3, 92, 25, 74, 28, 29, 51, 7, 53, 14, 86, 48, 89, 50, 66, 96, 33, 80, 4, 8, 34, 49, 52, 0, 13, 2, 69, 55]|[1, 1, 0, 1, 1, 1, 2, 1, 2, 1, 2, 2, 2, 1, 1, 0, 0, 1, 0, 2, 2, 0, 1, 2, 0, 1, 2, 2, 0, 0, 1, 2, 1, 2, 1, 0, 2, 0, 1, 1, 0, 1, 1, 1, 0, 2, 1, 1, 0, 0, 0, 0, 1, 1, 2, 1, 2, 0, 0, 0, 2, 1, 0, 1, 2, 1, 2, 1, 1, 1, 1, 1, 2, 0, 1, 2, 0, 0, 0, 1, 0, 1, 0, 0, 1, 0, 0, 0, 2, 0, 0, 1, 2, 0, 1, 0, 0, 0, 1, 1]|[4, 3, 2, 2, 0, 0, 2, 2, 2, 4, 1, 1, 2, 4, 4, 1, 1, 4, 2, 1, 1, 1, 1, 2, 1, 2, 1, 1, 1, 1, 3, 2, 3, 0, 4, 0, 1, 1, 0, 3, 2, 2, 4, 0, 1, 1, 0, 2, 0, 1, 2, 2, 1, 4, 0, 3, 2, 1, 1, 2, 1, 3, 1, 1, 1, 3, 0, 4, 3, 1, 4, 1, 1, 2, 4, 1, 2, 1, 1, 3, 2, 3, 1, 1, 1, 1, 1, 1, 1, 1, 2, 3, 1, 1, 1, 2, 2, 2, 3, 4]|[0, 2, 1, 1, 3, 3, 0, 1, 0, 0, 0, 0, 1, 0, 1, 0, 0, 3, 1, 0, 0, 0, 3, 1, 0, 2, 0, 0, 0, 1, 0, 0, 0, 0, 3, 0, 1, 0, 0, 2, 1, 1, 2, 0, 0, 0, 0, 1, 1, 0, 0, 0, 1, 3, 0, 0, 1, 0, 0, 1, 0, 2, 0, 1, 0, 2, 1, 0, 0, 1, 1, 3, 0, 1, 3, 0, 1, 0, 0, 2, 1, 0, 0, 0, 1, 0, 0, 0, 0, 0, 1, 2, 0, 1, 1, 0, 0, 0, 0, 3],804.6875225521468,57746.82533348298,88068.50778672317,false
47,G1_CMAX,G1_CMAX,[31, 22, 90, 26, 58, 95, 42, 12, 93, 5, 78, 86, 98, 18, 20, 35, 3, 97, 91, 76, 10, 85, 54, 45, 63, 71, 66, 1, 23, 17, 24, 60, 36, 6, 57, 15, 65, 56, 47, 79, 94, 67, 50, 46, 14, 75, 38, 9, 30, 19, 32, 81, 27, 92, 83, 87, 40, 99, 59, 11, 53, 16, 72, 77, 73, 70, 39, 37, 84, 43, 62, 25, 55, 28, 29, 51, 68, 82, 74, 61, 88, 21, 80, 89, 7, 69, 96, 41, 48, 4, 8, 34, 49, 52, 0, 44, 13, 2, 64, 33]|[1, 1, 1, 1, 0, 2, 1, 1, 2, 2, 2, 1, 0, 1, 2, 2, 1, 2, 0, 1, 2, 2, 2, 0, 0, 1, 2, 1, 2, 1, 2, 1, 1, 0, 1, 1, 0, 2, 2, 1, 1, 0, 0, 0, 0, 1, 1, 1, 1, 2, 1, 2, 2, 0, 0, 2, 1, 0, 0, 2, 0, 1, 2, 2, 1, 1, 1, 1, 1, 1, 0, 1, 1, 0, 0, 0, 0, 0, 2, 1, 1, 0, 0, 1, 1, 1, 2, 2, 0, 1, 1, 2, 0, 1, 0, 0, 0, 0, 2, 2]|[0, 4, 3, 0, 1, 1, 2, 4, 1, 1, 2, 4, 1, 4, 1, 1, 1, 2, 2, 2, 2, 1, 1, 1, 2, 3, 2, 3, 0, 4, 1, 0, 3, 2, 2, 2, 1, 1, 1, 0, 2, 0, 1, 2, 1, 3, 1, 4, 2, 0, 3, 2, 1, 2, 1, 1, 4, 1, 1, 1, 2, 3, 0, 2, 4, 3, 1, 4, 1, 1, 1, 4, 4, 2, 1, 1, 1, 2, 1, 3, 0, 1, 1, 1, 1, 3, 1, 1, 1, 4, 3, 1, 1, 1, 2, 2, 2, 2, 1, 1]|[3, 0, 2, 3, 0, 0, 1, 0, 0, 0, 1, 0, 0, 3, 0, 0, 1, 1, 1, 2, 1, 0, 0, 0, 0, 0, 0, 0, 0, 3, 1, 0, 2, 1, 1, 1, 0, 0, 0, 0, 1, 1, 0, 0, 0, 0, 1, 3, 2, 0, 0, 1, 0, 1, 0, 0, 2, 0, 0, 0, 1, 2, 1, 1, 0, 0, 1, 1, 3, 3, 0, 3, 3, 1, 0, 0, 0, 1, 0, 0, 0, 0, 0, 1, 2, 2, 0, 0, 0, 0, 2, 0, 1, 1, 0, 0, 0, 0, 0, 0],705.0470749739228,58445.79123614564,95781.2895945797,false
47,G4_BALANCED,G1_CMAX,[22, 82, 3, 58, 95, 42, 77, 47, 5, 93, 78, 12, 86, 54, 50, 63, 18, 44, 20, 35, 43, 97, 91, 76, 10, 30, 21, 45, 71, 64, 36, 23, 17, 83, 24, 14, 60, 1, 6, 40, 57, 90, 65, 56, 79, 94, 67, 68, 46, 75, 38, 9, 19, 32, 81, 41, 27, 62, 16, 55, 59, 89, 88, 87, 31, 72, 73, 70, 39, 37, 84, 92, 25, 11, 48, 15, 29, 51, 7, 33, 61, 98, 28, 99, 26, 85, 66, 96, 53, 80, 4, 8, 34, 49, 52, 2, 13, 0, 69, 74]|[1, 0, 1, 0, 1, 2, 2, 2, 2, 2, 1, 1, 1, 0, 0, 1, 0, 2, 2, 0, 1, 2, 0, 1, 2, 2, 0, 0, 1, 2, 1, 2, 1, 0, 2, 0, 1, 1, 0, 1, 1, 1, 0, 2, 1, 1, 0, 0, 0, 0, 1, 1, 2, 1, 2, 0, 0, 0, 1, 2, 1, 1, 1, 1, 1, 2, 1, 2, 1, 1, 1, 0, 1, 2, 2, 1, 0, 0, 1, 2, 1, 2, 0, 1, 1, 0, 0, 2, 0, 0, 1, 1, 2, 0, 1, 0, 0, 0, 1, 2]|[3, 2, 1, 1, 2, 1, 2, 1, 1, 2, 4, 4, 4, 1, 1, 4, 2, 1, 1, 1, 1, 2, 1, 2, 1, 1, 2, 1, 3, 2, 3, 1, 4, 1, 1, 1, 0, 3, 2, 2, 2, 3, 1, 1, 0, 4, 0, 1, 2, 2, 1, 4, 0, 3, 2, 1, 1, 2, 3, 1, 1, 1, 0, 3, 0, 0, 3, 0, 1, 4, 1, 0, 4, 1, 1, 4, 1, 1, 1, 1, 3, 1, 2, 1, 0, 2, 1, 1, 2, 1, 4, 3, 1, 1, 1, 2, 2, 2, 4, 1]|[3, 1, 2, 0, 1, 0, 0, 0, 0, 1, 0, 0, 1, 0, 0, 3, 1, 0, 0, 0, 3, 1, 0, 2, 0, 0, 0, 1, 0, 0, 2, 0, 3, 0, 1, 0, 0, 0, 1, 1, 1, 2, 0, 0, 0, 2, 1, 0, 0, 0, 1, 3, 0, 0, 1, 0, 0, 1, 2, 0, 1, 1, 0, 2, 0, 1, 0, 1, 1, 1, 1, 1, 3, 0, 0, 3, 0, 0, 2, 0, 0, 0, 1, 1, 3, 0, 0, 0, 1, 0, 0, 2, 0, 1, 1, 0, 0, 0, 2, 0],715.7913946700162,58060.95961022334,95287.06515100288,true
47,G2_TEC,G2_TEC,[31, 22, 82, 15, 26, 9, 95, 42, 77, 68, 47, 5, 93, 78, 86, 54, 85, 63, 18, 44, 20, 49, 36, 14, 74, 50, 53, 17, 21, 28, 11, 64, 3, 23, 30, 83, 24, 41, 40, 52, 65, 27, 90, 70, 39, 87, 48, 69, 99, 4, 46, 1, 13, 58, 97, 59, 45, 8, 73, 37, 35, 79, 71, 66, 76, 32, 60, 80, 56, 6, 67, 61, 33, 7, 57, 34, 12, 16, 10, 98, 96, 88, 43, 81, 91, 2, 84, 29, 92, 19, 51, 89, 75, 55, 25, 72, 94, 38, 62, 0]|[2, 1, 2, 1, 1, 2, 1, 1, 1, 1, 1, 0, 2, 2, 1, 2, 0, 0, 0, 2, 2, 1, 0, 2, 0, 2, 2, 1, 0, 1, 1, 1, 0, 0, 1, 0, 2, 1, 2, 2, 0, 0, 1, 1, 0, 2, 0, 2, 1, 0, 0, 2, 0, 0, 2, 0, 1, 1, 0, 0, 2, 1, 1, 2, 2, 0, 2, 2, 2, 1, 2, 1, 1, 2, 0, 1, 1, 2, 1, 2, 0, 1, 1, 1, 1, 0, 0, 1, 0, 1, 1, 1, 0, 0, 1, 1, 2, 0, 1, 0]|[0, 3, 0, 3, 4, 1, 4, 4, 2, 4, 3, 2, 1, 0, 2, 1, 1, 1, 2, 1, 1, 3, 0, 1, 0, 1, 1, 4, 1, 4, 3, 2, 2, 0, 4, 1, 1, 4, 1, 1, 2, 1, 4, 4, 1, 1, 0, 1, 3, 2, 2, 1, 2, 1, 1, 2, 4, 3, 0, 2, 2, 3, 3, 1, 1, 2, 1, 1, 1, 4, 1, 3, 4, 1, 2, 4, 3, 1, 3, 1, 2, 4, 4, 4, 3, 2, 2, 3, 2, 4, 3, 4, 2, 2, 4, 4, 1, 2, 3, 2]|[0, 2, 0, 0, 3, 0, 1, 3, 0, 0, 2, 0, 0, 0, 1, 0, 0, 0, 1, 0, 0, 2, 0, 0, 1, 0, 0, 3, 0, 1, 0, 2, 0, 0, 3, 0, 1, 1, 0, 0, 0, 0, 1, 3, 0, 0, 1, 0, 2, 0, 0, 0, 0, 0, 1, 0, 1, 0, 1, 1, 0, 2, 0, 0, 0, 0, 0, 0, 0, 2, 0, 0, 1, 0, 0, 1, 0, 0, 3, 0, 0, 1, 2, 2, 0, 0, 0, 3, 0, 1, 0, 1, 0, 0, 3, 1, 0, 0, 0, 0],931.35319649833,48904.64914180878,108427.19628251252,false
47,G3_TWC,G3_TWC,[31, 22, 42, 15, 26, 58, 95, 82, 77, 12, 47, 5, 93, 78, 98, 54, 85, 63, 18, 44, 20, 35, 43, 97, 91, 76, 10, 30, 21, 45, 71, 64, 1, 23, 17, 83, 24, 61, 60, 36, 6, 57, 94, 88, 65, 56, 79, 40, 67, 68, 46, 75, 38, 9, 19, 32, 81, 41, 27, 62, 87, 90, 99, 59, 11, 16, 72, 73, 70, 39, 37, 84, 3, 92, 25, 74, 28, 29, 51, 7, 53, 14, 86, 48, 89, 50, 66, 96, 33, 80, 4, 8, 34, 49, 52, 0, 13, 2, 69, 55]|[1, 1, 0, 1, 1, 1, 2, 1, 2, 1, 2, 2, 2, 1, 1, 0, 0, 1, 0, 2, 2, 0, 1, 2, 0, 1, 2, 2, 0, 0, 1, 2, 1, 2, 1, 0, 2, 0, 1, 1, 0, 1, 1, 1, 0, 2, 1, 1, 0, 0, 0, 0, 1, 1, 2, 1, 2, 0, 0, 0, 2, 1, 0, 1, 2, 1, 2, 1, 1, 1, 1, 1, 2, 0, 1, 2, 0, 0, 0, 1, 0, 1, 0, 0, 1, 0, 0, 0, 2, 0, 0, 1, 2, 0, 1, 0, 0, 0, 1, 1]|[4, 3, 2, 2, 0, 0, 2, 2, 2, 4, 1, 1, 2, 4, 4, 1, 1, 4, 2, 1, 1, 1, 1, 2, 1, 2, 1, 1, 1, 1, 3, 2, 3, 0, 4, 0, 1, 1, 0, 3, 2, 2, 4, 0, 1, 1, 0, 2, 0, 1, 2, 2, 1, 4, 0, 3, 2, 1, 1, 2, 1, 3, 1, 1, 1, 3, 0, 4, 3, 1, 4, 1, 1, 2, 4, 1, 2, 1, 1, 3, 2, 3, 1, 1, 1, 1, 1, 1, 1, 1, 2, 3, 1, 1, 1, 2, 2, 2, 3, 4]|[0, 2, 1, 1, 3, 3, 0, 1, 0, 0, 0, 0, 1, 0, 1, 0, 0, 3, 1, 0, 0, 0, 3, 1, 0, 2, 0, 0, 0, 1, 0, 0, 0, 0, 3, 0, 1, 0, 0, 2, 1, 1, 2, 0, 0, 0, 0, 1, 1, 0, 0, 0, 1, 3, 0, 0, 1, 0, 0, 1, 0, 2, 0, 1, 0, 2, 1, 0, 0, 1, 1, 3, 0, 1, 3, 0, 1, 0, 0, 2, 1, 0, 0, 0, 1, 0, 0, 0, 0, 0, 1, 2, 0, 1, 1, 0, 0, 0, 0, 3],804.6875225521468,57746.82533348298,88068.50778672317,false
47,G1_CMAX,G1_CMAX,[31, 22, 90, 26, 58, 95, 42, 12, 93, 5, 78, 86, 98, 18, 20, 35, 3, 97, 91, 76, 10, 85, 54, 45, 63, 71, 66, 1, 23, 17, 24, 60, 36, 6, 57, 15, 65, 56, 47, 79, 94, 67, 50, 46, 14, 75, 38, 9, 30, 19, 32, 81, 27, 92, 83, 87, 40, 99, 59, 11, 53, 16, 72, 77, 73, 70, 39, 37, 84, 43, 62, 25, 55, 28, 29, 51, 68, 82, 74, 61, 88, 21, 80, 89, 7, 69, 96, 41, 48, 4, 8, 34, 49, 52, 0, 44, 13, 2, 64, 33]|[1, 1, 1, 1, 0, 2, 1, 1, 2, 2, 2, 1, 0, 1, 2, 2, 1, 2, 0, 1, 2, 2, 2, 0, 0, 1, 2, 1, 2, 1, 2, 1, 1, 0, 1, 1, 0, 2, 2, 1, 1, 0, 0, 0, 0, 1, 1, 1, 1, 2, 1, 2, 2, 0, 0, 2, 1, 0, 0, 2, 0, 1, 2, 2, 1, 1, 1, 1, 1, 1, 0, 1, 1, 0, 0, 0, 0, 0, 2, 1, 1, 0, 0, 1, 1, 1, 2, 2, 0, 1, 1, 2, 0, 1, 0, 0, 0, 0, 2, 2]|[0, 4, 3, 0, 1, 1, 2, 4, 1, 1, 2, 4, 1, 4, 1, 1, 1, 2, 2, 2, 2, 1, 1, 1, 2, 3, 2, 3, 0, 4, 1, 0, 3, 2, 2, 2, 1, 1, 1, 0, 2, 0, 1, 2, 1, 3, 1, 4, 2, 0, 3, 2, 1, 2, 1, 1, 4, 1, 1, 1, 2, 3, 0, 2, 4, 3, 1, 4, 1, 1, 1, 4, 4, 2, 1, 1, 1, 2, 1, 3, 0, 1, 1, 1, 1, 3, 1, 1, 1, 4, 3, 1, 1, 1, 2, 2, 2, 2, 1, 1]|[3, 0, 2, 3, 0, 0, 1, 0, 0, 0, 1, 0, 0, 3, 0, 0, 1, 1, 1, 2, 1, 0, 0, 0, 0, 0, 0, 0, 0, 3, 1, 0, 2, 1, 1, 1, 0, 0, 0, 0, 1, 1, 0, 0, 0, 0, 1, 3, 2, 0, 0, 1, 0, 1, 0, 0, 2, 0, 0, 0, 1, 2, 1, 1, 0, 0, 1, 1, 3, 3, 0, 3, 3, 1, 0, 0, 0, 1, 0, 0, 0, 0, 0, 1, 2, 2, 0, 0, 0, 0, 2, 0, 1, 1, 0, 0, 0, 0, 0, 0],705.0470749739228,58445.79123614564,95781.2895945797,false
47,G4_BALANCED,G1_CMAX,[22, 82, 3, 58, 95, 42, 77, 47, 5, 93, 78, 12, 86, 54, 50, 63, 18, 44, 20, 35, 43, 97, 91, 76, 10, 30, 21, 45, 71, 64, 36, 23, 17, 83, 24, 14, 60, 1, 6, 40, 57, 90, 65, 56, 79, 94, 67, 68, 46, 75, 38, 9, 19, 32, 81, 41, 27, 62, 16, 55, 59, 89, 88, 87, 31, 72, 73, 70, 39, 37, 84, 92, 25, 11, 48, 15, 29, 51, 7, 33, 61, 98, 28, 99, 26, 85, 66, 96, 53, 80, 4, 8, 34, 49, 52, 2, 13, 0, 69, 74]|[1, 0, 1, 0, 1, 2, 2, 2, 2, 2, 1, 1, 1, 0, 0, 1, 0, 2, 2, 0, 1, 2, 0, 1, 2, 2, 0, 0, 1, 2, 1, 2, 1, 0, 2, 0, 1, 1, 0, 1, 1, 1, 0, 2, 1, 1, 0, 0, 0, 0, 1, 1, 2, 1, 2, 0, 0, 0, 1, 2, 1, 1, 1, 1, 1, 2, 1, 2, 1, 1, 1, 0, 1, 2, 2, 1, 0, 0, 1, 2, 1, 2, 0, 1, 1, 0, 0, 2, 0, 0, 1, 1, 2, 0, 1, 0, 0, 0, 1, 2]|[3, 2, 1, 1, 2, 1, 2, 1, 1, 2, 4, 4, 4, 1, 1, 4, 2, 1, 1, 1, 1, 2, 1, 2, 1, 1, 2, 1, 3, 2, 3, 1, 4, 1, 1, 1, 0, 3, 2, 2, 2, 3, 1, 1, 0, 4, 0, 1, 2, 2, 1, 4, 0, 3, 2, 1, 1, 2, 3, 1, 1, 1, 0, 3, 0, 0, 3, 0, 1, 4, 1, 0, 4, 1, 1, 4, 1, 1, 1, 1, 3, 1, 2, 1, 0, 2, 1, 1, 2, 1, 4, 3, 1, 1, 1, 2, 2, 2, 4, 1]|[3, 1, 2, 0, 1, 0, 0, 0, 0, 1, 0, 0, 1, 0, 0, 3, 1, 0, 0, 0, 3, 1, 0, 2, 0, 0, 0, 1, 0, 0, 2, 0, 3, 0, 1, 0, 0, 0, 1, 1, 1, 2, 0, 0, 0, 2, 1, 0, 0, 0, 1, 3, 0, 0, 1, 0, 0, 1, 2, 0, 1, 1, 0, 2, 0, 1, 0, 1, 1, 1, 1, 1, 3, 0, 0, 3, 0, 0, 2, 0, 0, 0, 1, 1, 3, 0, 0, 0, 1, 0, 0, 2, 0, 1, 1, 0, 0, 0, 2, 0],715.7913946700162,58060.95961022334,95287.06515100288,true
47,G2_TEC,G2_TEC,[31, 22, 82, 15, 26, 9, 95, 42, 77, 68, 47, 5, 93, 78, 86, 54, 85, 63, 18, 44, 20, 49, 36, 14, 74, 50, 53, 17, 21, 28, 11, 64, 3, 23, 30, 83, 24, 41, 40, 52, 65, 27, 90, 70, 39, 87, 48, 69, 99, 4, 46, 1, 13, 58, 97, 59, 45, 8, 73, 37, 35, 79, 71, 66, 76, 32, 60, 80, 56, 6, 67, 61, 33, 7, 57, 34, 12, 16, 10, 98, 96, 88, 43, 81, 91, 2, 84, 29, 92, 19, 51, 89, 75, 55, 25, 72, 94, 38, 62, 0]|[2, 1, 2, 1, 1, 2, 1, 1, 1, 1, 1, 0, 2, 2, 1, 2, 0, 0, 0, 2, 2, 1, 0, 2, 0, 2, 2, 1, 0, 1, 1, 1, 0, 0, 1, 0, 2, 1, 2, 2, 0, 0, 1, 1, 0, 2, 0, 2, 1, 0, 0, 2, 0, 0, 2, 0, 1, 1, 0, 0, 2, 1, 1, 2, 2, 0, 2, 2, 2, 1, 2, 1, 1, 2, 0, 1, 1, 2, 1, 2, 0, 1, 1, 1, 1, 0, 0, 1, 0, 1, 1, 1, 0, 0, 1, 1, 2, 0, 1, 0]|[0, 3, 0, 3, 4, 1, 4, 4, 2, 4, 3, 2, 1, 0, 2, 1, 1, 1, 2, 1, 1, 3, 0, 1, 0, 1, 1, 4, 1, 4, 3, 2, 2, 0, 4, 1, 1, 4, 1, 1, 2, 1, 4, 4, 1, 1, 0, 1, 3, 2, 2, 1, 2, 1, 1, 2, 4, 3, 0, 2, 2, 3, 3, 1, 1, 2, 1, 1, 1, 4, 1, 3, 4, 1, 2, 4, 3, 1, 3, 1, 2, 4, 4, 4, 3, 2, 2, 3, 2, 4, 3, 4, 2, 2, 4, 4, 1, 2, 3, 2]|[0, 2, 0, 0, 3, 0, 1, 3, 0, 0, 2, 0, 0, 0, 1, 0, 0, 0, 1, 0, 0, 2, 0, 0, 1, 0, 0, 3, 0, 1, 0, 2, 0, 0, 3, 0, 1, 1, 0, 0, 0, 0, 1, 3, 0, 0, 1, 0, 2, 0, 0, 0, 0, 0, 1, 0, 1, 0, 1, 1, 0, 2, 0, 0, 0, 0, 0, 0, 0, 2, 0, 0, 1, 0, 0, 1, 0, 0, 3, 0, 0, 1, 2, 2, 0, 0, 0, 3, 0, 1, 0, 1, 0, 0, 3, 1, 0, 0, 0, 0],931.35319649833,48904.64914180878,108427.19628251252,false
47,G3_TWC,G3_TWC,[31, 22, 42, 15, 26, 58, 95, 82, 77, 12, 47, 5, 93, 78, 98, 54, 85, 63, 18, 44, 20, 35, 43, 97, 91, 76, 10, 30, 21, 45, 71, 64, 1, 23, 17, 83, 24, 61, 60, 36, 6, 57, 94, 88, 65, 56, 79, 40, 67, 68, 46, 75, 38, 9, 19, 32, 81, 41, 27, 62, 87, 90, 99, 59, 11, 16, 72, 73, 70, 39, 37, 84, 3, 92, 25, 74, 28, 29, 51, 7, 53, 14, 86, 48, 89, 50, 66, 96, 33, 80, 4, 8, 34, 49, 52, 0, 13, 2, 69, 55]|[1, 1, 0, 1, 1, 1, 2, 1, 2, 1, 2, 2, 2, 1, 1, 0, 0, 1, 0, 2, 2, 0, 1, 2, 0, 1, 2, 2, 0, 0, 1, 2, 1, 2, 1, 0, 2, 0, 1, 1, 0, 1, 1, 1, 0, 2, 1, 1, 0, 0, 0, 0, 1, 1, 2, 1, 2, 0, 0, 0, 2, 1, 0, 1, 2, 1, 2, 1, 1, 1, 1, 1, 2, 0, 1, 2, 0, 0, 0, 1, 0, 1, 0, 0, 1, 0, 0, 0, 2, 0, 0, 1, 2, 0, 1, 0, 0, 0, 1, 1]|[4, 3, 2, 2, 0, 0, 2, 2, 2, 4, 1, 1, 2, 4, 4, 1, 1, 4, 2, 1, 1, 1, 1, 2, 1, 2, 1, 1, 1, 1, 3, 2, 3, 0, 4, 0, 1, 1, 0, 3, 2, 2, 4, 0, 1, 1, 0, 2, 0, 1, 2, 2, 1, 4, 0, 3, 2, 1, 1, 2, 1, 3, 1, 1, 1, 3, 0, 4, 3, 1, 4, 1, 1, 2, 4, 1, 2, 1, 1, 3, 2, 3, 1, 1, 1, 1, 1, 1, 1, 1, 2, 3, 1, 1, 1, 2, 2, 2, 3, 4]|[0, 2, 1, 1, 3, 3, 0, 1, 0, 0, 0, 0, 1, 0, 1, 0, 0, 3, 1, 0, 0, 0, 3, 1, 0, 2, 0, 0, 0, 1, 0, 0, 0, 0, 3, 0, 1, 0, 0, 2, 1, 1, 2, 0, 0, 0, 0, 1, 1, 0, 0, 0, 1, 3, 0, 0, 1, 0, 0, 1, 0, 2, 0, 1, 0, 2, 1, 0, 0, 1, 1, 3, 0, 1, 3, 0, 1, 0, 0, 2, 1, 0, 0, 0, 1, 0, 0, 0, 0, 0, 1, 2, 0, 1, 1, 0, 0, 0, 0, 3],804.6875225521468,57746.82533348298,88068.50778672317,false
47,G1_CMAX,G1_CMAX,[31, 22, 90, 26, 58, 95, 42, 12, 93, 5, 78, 86, 98, 18, 20, 35, 3, 97, 91, 76, 10, 85, 54, 45, 63, 71, 66, 1, 23, 17, 24, 60, 36, 6, 57, 15, 65, 56, 47, 79, 94, 67, 50, 46, 14, 75, 38, 9, 30, 19, 32, 81, 27, 92, 83, 87, 40, 99, 59, 11, 53, 16, 72, 77, 73, 70, 39, 37, 84, 43, 62, 25, 55, 28, 29, 51, 68, 82, 74, 61, 88, 21, 80, 89, 7, 69, 96, 41, 48, 4, 8, 34, 49, 52, 0, 44, 13, 2, 64, 33]|[1, 1, 1, 1, 0, 2, 1, 1, 2, 2, 2, 1, 0, 1, 2, 2, 1, 2, 0, 1, 2, 2, 2, 0, 0, 1, 2, 1, 2, 1, 2, 1, 1, 0, 1, 1, 0, 2, 2, 1, 1, 0, 0, 0, 0, 1, 1, 1, 1, 2, 1, 2, 2, 0, 0, 2, 1, 0, 0, 2, 0, 1, 2, 2, 1, 1, 1, 1, 1, 1, 0, 1, 1, 0, 0, 0, 0, 0, 2, 1, 1, 0, 0, 1, 1, 1, 2, 2, 0, 1, 1, 2, 0, 1, 0, 0, 0, 0, 2, 2]|[0, 4, 3, 0, 1, 1, 2, 4, 1, 1, 2, 4, 1, 4, 1, 1, 1, 2, 2, 2, 2, 1, 1, 1, 2, 3, 2, 3, 0, 4, 1, 0, 3, 2, 2, 2, 1, 1, 1, 0, 2, 0, 1, 2, 1, 3, 1, 4, 2, 0, 3, 2, 1, 2, 1, 1, 4, 1, 1, 1, 2, 3, 0, 2, 4, 3, 1, 4, 1, 1, 1, 4, 4, 2, 1, 1, 1, 2, 1, 3, 0, 1, 1, 1, 1, 3, 1, 1, 1, 4, 3, 1, 1, 1, 2, 2, 2, 2, 1, 1]|[3, 0, 2, 3, 0, 0, 1, 0, 0, 0, 1, 0, 0, 3, 0, 0, 1, 1, 1, 2, 1, 0, 0, 0, 0, 0, 0, 0, 0, 3, 1, 0, 2, 1, 1, 1, 0, 0, 0, 0, 1, 1, 0, 0, 0, 0, 1, 3, 2, 0, 0, 1, 0, 1, 0, 0, 2, 0, 0, 0, 1, 2, 1, 1, 0, 0, 1, 1, 3, 3, 0, 3, 3, 1, 0, 0, 0, 1, 0, 0, 0, 0, 0, 1, 2, 2, 0, 0, 0, 0, 2, 0, 1, 1, 0, 0, 0, 0, 0, 0],705.0470749739228,58445.79123614564,95781.2895945797,false
47,G4_BALANCED,G1_CMAX,[22, 82, 3, 58, 95, 42, 77, 47, 5, 93, 78, 12, 86, 54, 50, 63, 18, 44, 20, 35, 43, 97, 91, 76, 10, 30, 21, 45, 71, 64, 36, 23, 17, 83, 24, 14, 60, 1, 6, 40, 57, 90, 65, 56, 79, 94, 67, 68, 46, 75, 38, 9, 19, 32, 81, 41, 27, 62, 16, 55, 59, 89, 88, 87, 31, 72, 73, 70, 39, 37, 84, 92, 25, 11, 48, 15, 29, 51, 7, 33, 61, 98, 28, 99, 26, 85, 66, 96, 53, 80, 4, 8, 34, 49, 52, 2, 13, 0, 69, 74]|[1, 0, 1, 0, 1, 2, 2, 2, 2, 2, 1, 1, 1, 0, 0, 1, 0, 2, 2, 0, 1, 2, 0, 1, 2, 2, 0, 0, 1, 2, 1, 2, 1, 0, 2, 0, 1, 1, 0, 1, 1, 1, 0, 2, 1, 1, 0, 0, 0, 0, 1, 1, 2, 1, 2, 0, 0, 0, 1, 2, 1, 1, 1, 1, 1, 2, 1, 2, 1, 1, 1, 0, 1, 2, 2, 1, 0, 0, 1, 2, 1, 2, 0, 1, 1, 0, 0, 2, 0, 0, 1, 1, 2, 0, 1, 0, 0, 0, 1, 2]|[3, 2, 1, 1, 2, 1, 2, 1, 1, 2, 4, 4, 4, 1, 1, 4, 2, 1, 1, 1, 1, 2, 1, 2, 1, 1, 2, 1, 3, 2, 3, 1, 4, 1, 1, 1, 0, 3, 2, 2, 2, 3, 1, 1, 0, 4, 0, 1, 2, 2, 1, 4, 0, 3, 2, 1, 1, 2, 3, 1, 1, 1, 0, 3, 0, 0, 3, 0, 1, 4, 1, 0, 4, 1, 1, 4, 1, 1, 1, 1, 3, 1, 2, 1, 0, 2, 1, 1, 2, 1, 4, 3, 1, 1, 1, 2, 2, 2, 4, 1]|[3, 1, 2, 0, 1, 0, 0, 0, 0, 1, 0, 0, 1, 0, 0, 3, 1, 0, 0, 0, 3, 1, 0, 2, 0, 0, 0, 1, 0, 0, 2, 0, 3, 0, 1, 0, 0, 0, 1, 1, 1, 2, 0, 0, 0, 2, 1, 0, 0, 0, 1, 3, 0, 0, 1, 0, 0, 1, 2, 0, 1, 1, 0, 2, 0, 1, 0, 1, 1, 1, 1, 1, 3, 0, 0, 3, 0, 0, 2, 0, 0, 0, 1, 1, 3, 0, 0, 0, 1, 0, 0, 2, 0, 1, 1, 0, 0, 0, 2, 0],715.7913946700162,58060.95961022334,95287.06515100288,true
47,G2_TEC,G2_TEC,[31, 22, 82, 15, 26, 9, 95, 42, 77, 68, 47, 5, 93, 78, 86, 54, 85, 63, 18, 44, 20, 49, 36, 14, 74, 50, 53, 17, 21, 28, 11, 64, 3, 23, 30, 83, 24, 41, 40, 52, 65, 27, 90, 70, 39, 87, 48, 69, 99, 4, 46, 1, 13, 58, 97, 59, 45, 8, 73, 37, 35, 79, 71, 66, 76, 32, 60, 80, 56, 6, 67, 61, 33, 7, 57, 34, 12, 16, 10, 98, 96, 88, 43, 81, 91, 2, 84, 29, 92, 19, 51, 89, 75, 55, 25, 72, 94, 38, 62, 0]|[2, 1, 2, 1, 1, 2, 1, 1, 1, 1, 1, 0, 2, 2, 1, 2, 0, 0, 0, 2, 2, 1, 0, 2, 0, 2, 2, 1, 0, 1, 1, 1, 0, 0, 1, 0, 2, 1, 2, 2, 0, 0, 1, 1, 0, 2, 0, 2, 1, 0, 0, 2, 0, 0, 2, 0, 1, 1, 0, 0, 2, 1, 1, 2, 2, 0, 2, 2, 2, 1, 2, 1, 1, 2, 0, 1, 1, 2, 1, 2, 0, 1, 1, 1, 1, 0, 0, 1, 0, 1, 1, 1, 0, 0, 1, 1, 2, 0, 1, 0]|[0, 3, 0, 3, 4, 1, 4, 4, 2, 4, 3, 2, 1, 0, 2, 1, 1, 1, 2, 1, 1, 3, 0, 1, 0, 1, 1, 4, 1, 4, 3, 2, 2, 0, 4, 1, 1, 4, 1, 1, 2, 1, 4, 4, 1, 1, 0, 1, 3, 2, 2, 1, 2, 1, 1, 2, 4, 3, 0, 2, 2, 3, 3, 1, 1, 2, 1, 1, 1, 4, 1, 3, 4, 1, 2, 4, 3, 1, 3, 1, 2, 4, 4, 4, 3, 2, 2, 3, 2, 4, 3, 4, 2, 2, 4, 4, 1, 2, 3, 2]|[0, 2, 0, 0, 3, 0, 1, 3, 0, 0, 2, 0, 0, 0, 1, 0, 0, 0, 1, 0, 0, 2, 0, 0, 1, 0, 0, 3, 0, 1, 0, 2, 0, 0, 3, 0, 1, 1, 0, 0, 0, 0, 1, 3, 0, 0, 1, 0, 2, 0, 0, 0, 0, 0, 1, 0, 1, 0, 1, 1, 0, 2, 0, 0, 0, 0, 0, 0, 0, 2, 0, 0, 1, 0, 0, 1, 0, 0, 3, 0, 0, 1, 2, 2, 0, 0, 0, 3, 0, 1, 0, 1, 0, 0, 3, 1, 0, 0, 0, 0],931.35319649833,48904.64914180878,108427.19628251252,false
47,G3_TWC,G3_TWC,[31, 22, 42, 15, 26, 58, 95, 82, 77, 12, 47, 5, 93, 78, 98, 54, 85, 63, 18, 44, 20, 35, 43, 97, 91, 76, 10, 30, 21, 45, 71, 64, 1, 23, 17, 83, 24, 61, 60, 36, 6, 57, 94, 88, 65, 56, 79, 40, 67, 68, 46, 75, 38, 9, 19, 32, 81, 41, 27, 62, 87, 90, 99, 59, 11, 16, 72, 73, 70, 39, 37, 84, 3, 92, 25, 74, 28, 29, 51, 7, 53, 14, 86, 48, 89, 50, 66, 96, 33, 80, 4, 8, 34, 49, 52, 0, 13, 2, 69, 55]|[1, 1, 0, 1, 1, 1, 2, 1, 2, 1, 2, 2, 2, 1, 1, 0, 0, 1, 0, 2, 2, 0, 1, 2, 0, 1, 2, 2, 0, 0, 1, 2, 1, 2, 1, 0, 2, 0, 1, 1, 0, 1, 1, 1, 0, 2, 1, 1, 0, 0, 0, 0, 1, 1, 2, 1, 2, 0, 0, 0, 2, 1, 0, 1, 2, 1, 2, 1, 1, 1, 1, 1, 2, 0, 1, 2, 0, 0, 0, 1, 0, 1, 0, 0, 1, 0, 0, 0, 2, 0, 0, 1, 2, 0, 1, 0, 0, 0, 1, 1]|[4, 3, 2, 2, 0, 0, 2, 2, 2, 4, 1, 1, 2, 4, 4, 1, 1, 4, 2, 1, 1, 1, 1, 2, 1, 2, 1, 1, 1, 1, 3, 2, 3, 0, 4, 0, 1, 1, 0, 3, 2, 2, 4, 0, 1, 1, 0, 2, 0, 1, 2, 2, 1, 4, 0, 3, 2, 1, 1, 2, 1, 3, 1, 1, 1, 3, 0, 4, 3, 1, 4, 1, 1, 2, 4, 1, 2, 1, 1, 3, 2, 3, 1, 1, 1, 1, 1, 1, 1, 1, 2, 3, 1, 1, 1, 2, 2, 2, 3, 4]|[0, 2, 1, 1, 3, 3, 0, 1, 0, 0, 0, 0, 1, 0, 1, 0, 0, 3, 1, 0, 0, 0, 3, 1, 0, 2, 0, 0, 0, 1, 0, 0, 0, 0, 3, 0, 1, 0, 0, 2, 1, 1, 2, 0, 0, 0, 0, 1, 1, 0, 0, 0, 1, 3, 0, 0, 1, 0, 0, 1, 0, 2, 0, 1, 0, 2, 1, 0, 0, 1, 1, 3, 0, 1, 3, 0, 1, 0, 0, 2, 1, 0, 0, 0, 1, 0, 0, 0, 0, 0, 1, 2, 0, 1, 1, 0, 0, 0, 0, 3],804.6875225521468,57746.82533348298,88068.50778672317,false
47,G1_CMAX,G1_CMAX,[31, 22, 90, 26, 58, 95, 42, 12, 93, 5, 78, 86, 98, 18, 20, 35, 3, 97, 91, 76, 10, 85, 54, 45, 63, 71, 66, 1, 23, 17, 24, 60, 36, 6, 57, 15, 65, 56, 47, 79, 94, 67, 50, 46, 14, 75, 38, 9, 30, 19, 32, 81, 27, 92, 83, 87, 40, 99, 59, 11, 53, 16, 72, 77, 73, 70, 39, 37, 84, 43, 62, 25, 55, 28, 29, 51, 68, 82, 74, 61, 88, 21, 80, 89, 7, 69, 96, 41, 48, 4, 8, 34, 49, 52, 0, 44, 13, 2, 64, 33]|[1, 1, 1, 1, 0, 2, 1, 1, 2, 2, 2, 1, 0, 1, 2, 2, 1, 2, 0, 1, 2, 2, 2, 0, 0, 1, 2, 1, 2, 1, 2, 1, 1, 0, 1, 1, 0, 2, 2, 1, 1, 0, 0, 0, 0, 1, 1, 1, 1, 2, 1, 2, 2, 0, 0, 2, 1, 0, 0, 2, 0, 1, 2, 2, 1, 1, 1, 1, 1, 1, 0, 1, 1, 0, 0, 0, 0, 0, 2, 1, 1, 0, 0, 1, 1, 1, 2, 2, 0, 1, 1, 2, 0, 1, 0, 0, 0, 0, 2, 2]|[0, 4, 3, 0, 1, 1, 2, 4, 1, 1, 2, 4, 1, 4, 1, 1, 1, 2, 2, 2, 2, 1, 1, 1, 2, 3, 2, 3, 0, 4, 1, 0, 3, 2, 2, 2, 1, 1, 1, 0, 2, 0, 1, 2, 1, 3, 1, 4, 2, 0, 3, 2, 1, 2, 1, 1, 4, 1, 1, 1, 2, 3, 0, 2, 4, 3, 1, 4, 1, 1, 1, 4, 4, 2, 1, 1, 1, 2, 1, 3, 0, 1, 1, 1, 1, 3, 1, 1, 1, 4, 3, 1, 1, 1, 2, 2, 2, 2, 1, 1]|[3, 0, 2, 3, 0, 0, 1, 0, 0, 0, 1, 0, 0, 3, 0, 0, 1, 1, 1, 2, 1, 0, 0, 0, 0, 0, 0, 0, 0, 3, 1, 0, 2, 1, 1, 1, 0, 0, 0, 0, 1, 1, 0, 0, 0, 0, 1, 3, 2, 0, 0, 1, 0, 1, 0, 0, 2, 0, 0, 0, 1, 2, 1, 1, 0, 0, 1, 1, 3, 3, 0, 3, 3, 1, 0, 0, 0, 1, 0, 0, 0, 0, 0, 1, 2, 2, 0, 0, 0, 0, 2, 0, 1, 1, 0, 0, 0, 0, 0, 0],705.0470749739228,58445.79123614564,95781.2895945797,false
47,G4_BALANCED,G1_CMAX,[22, 82, 3, 58, 95, 42, 77, 47, 5, 93, 78, 12, 86, 54, 50, 63, 18, 44, 20, 35, 43, 97, 91, 76, 10, 30, 21, 45, 71, 64, 36, 23, 17, 83, 24, 14, 60, 1, 6, 40, 57, 90, 65, 56, 79, 94, 67, 68, 46, 75, 38, 9, 19, 32, 81, 41, 27, 62, 16, 55, 59, 89, 88, 87, 31, 72, 73, 70, 39, 37, 84, 92, 25, 11, 48, 15, 29, 51, 7, 33, 61, 98, 28, 99, 26, 85, 66, 96, 53, 80, 4, 8, 34, 49, 52, 2, 13, 0, 69, 74]|[1, 0, 1, 0, 1, 2, 2, 2, 2, 2, 1, 1, 1, 0, 0, 1, 0, 2, 2, 0, 1, 2, 0, 1, 2, 2, 0, 0, 1, 2, 1, 2, 1, 0, 2, 0, 1, 1, 0, 1, 1, 1, 0, 2, 1, 1, 0, 0, 0, 0, 1, 1, 2, 1, 2, 0, 0, 0, 1, 2, 1, 1, 1, 1, 1, 2, 1, 2, 1, 1, 1, 0, 1, 2, 2, 1, 0, 0, 1, 2, 1, 2, 0, 1, 1, 0, 0, 2, 0, 0, 1, 1, 2, 0, 1, 0, 0, 0, 1, 2]|[3, 2, 1, 1, 2, 1, 2, 1, 1, 2, 4, 4, 4, 1, 1, 4, 2, 1, 1, 1, 1, 2, 1, 2, 1, 1, 2, 1, 3, 2, 3, 1, 4, 1, 1, 1, 0, 3, 2, 2, 2, 3, 1, 1, 0, 4, 0, 1, 2, 2, 1, 4, 0, 3, 2, 1, 1, 2, 3, 1, 1, 1, 0, 3, 0, 0, 3, 0, 1, 4, 1, 0, 4, 1, 1, 4, 1, 1, 1, 1, 3, 1, 2, 1, 0, 2, 1, 1, 2, 1, 4, 3, 1, 1, 1, 2, 2, 2, 4, 1]|[3, 1, 2, 0, 1, 0, 0, 0, 0, 1, 0, 0, 1, 0, 0, 3, 1, 0, 0, 0, 3, 1, 0, 2, 0, 0, 0, 1, 0, 0, 2, 0, 3, 0, 1, 0, 0, 0, 1, 1, 1, 2, 0, 0, 0, 2, 1, 0, 0, 0, 1, 3, 0, 0, 1, 0, 0, 1, 2, 0, 1, 1, 0, 2, 0, 1, 0, 1, 1, 1, 1, 1, 3, 0, 0, 3, 0, 0, 2, 0, 0, 0, 1, 1, 3, 0, 0, 0, 1, 0, 0, 2, 0, 1, 1, 0, 0, 0, 2, 0],715.7913946700162,58060.95961022334,95287.06515100288,true
47,G2_TEC,G2_TEC,[31, 22, 82, 15, 26, 9, 95, 42, 77, 68, 47, 5, 93, 78, 86, 54, 85, 63, 18, 44, 20, 49, 36, 14, 74, 50, 53, 17, 21, 28, 11, 64, 3, 23, 30, 83, 24, 41, 40, 52, 65, 27, 90, 70, 39, 87, 48, 69, 99, 4, 46, 1, 13, 58, 97, 59, 45, 8, 73, 37, 35, 79, 71, 66, 76, 32, 60, 80, 56, 6, 67, 61, 33, 7, 57, 34, 12, 16, 10, 98, 96, 88, 43, 81, 91, 2, 84, 29, 92, 19, 51, 89, 75, 55, 25, 72, 94, 38, 62, 0]|[2, 1, 2, 1, 1, 2, 1, 1, 1, 1, 1, 0, 2, 2, 1, 2, 0, 0, 0, 2, 2, 1, 0, 2, 0, 2, 2, 1, 0, 1, 1, 1, 0, 0, 1, 0, 2, 1, 2, 2, 0, 0, 1, 1, 0, 2, 0, 2, 1, 0, 0, 2, 0, 0, 2, 0, 1, 1, 0, 0, 2, 1, 1, 2, 2, 0, 2, 2, 2, 1, 2, 1, 1, 2, 0, 1, 1, 2, 1, 2, 0, 1, 1, 1, 1, 0, 0, 1, 0, 1, 1, 1, 0, 0, 1, 1, 2, 0, 1, 0]|[0, 3, 0, 3, 4, 1, 4, 4, 2, 4, 3, 2, 1, 0, 2, 1, 1, 1, 2, 1, 1, 3, 0, 1, 0, 1, 1, 4, 1, 4, 3, 2, 2, 0, 4, 1, 1, 4, 1, 1, 2, 1, 4, 4, 1, 1, 0, 1, 3, 2, 2, 1, 2, 1, 1, 2, 4, 3, 0, 2, 2, 3, 3, 1, 1, 2, 1, 1, 1, 4, 1, 3, 4, 1, 2, 4, 3, 1, 3, 1, 2, 4, 4, 4, 3, 2, 2, 3, 2, 4, 3, 4, 2, 2, 4, 4, 1, 2, 3, 2]|[0, 2, 0, 0, 3, 0, 1, 3, 0, 0, 2, 0, 0, 0, 1, 0, 0, 0, 1, 0, 0, 2, 0, 0, 1, 0, 0, 3, 0, 1, 0, 2, 0, 0, 3, 0, 1, 1, 0, 0, 0, 0, 1, 3, 0, 0, 1, 0, 2, 0, 0, 0, 0, 0, 1, 0, 1, 0, 1, 1, 0, 2, 0, 0, 0, 0, 0, 0, 0, 2, 0, 0, 1, 0, 0, 1, 0, 0, 3, 0, 0, 1, 2, 2, 0, 0, 0, 3, 0, 1, 0, 1, 0, 0, 3, 1, 0, 0, 0, 0],931.35319649833,48904.64914180878,108427.19628251252,false
47,G3_TWC,G3_TWC,[31, 22, 42, 15, 26, 58, 95, 82, 77, 12, 47, 5, 93, 78, 98, 54, 85, 63, 18, 44, 20, 35, 43, 97, 91, 76, 10, 30, 21, 45, 71, 64, 1, 23, 17, 83, 24, 61, 60, 36, 6, 57, 94, 88, 65, 56, 79, 40, 67, 68, 46, 75, 38, 9, 19, 32, 81, 41, 27, 62, 87, 90, 99, 59, 11, 16, 72, 73, 70, 39, 37, 84, 3, 92, 25, 74, 28, 29, 51, 7, 53, 14, 86, 48, 89, 50, 66, 96, 33, 80, 4, 8, 34, 49, 52, 0, 13, 2, 69, 55]|[1, 1, 0, 1, 1, 1, 2, 1, 2, 1, 2, 2, 2, 1, 1, 0, 0, 1, 0, 2, 2, 0, 1, 2, 0, 1, 2, 2, 0, 0, 1, 2, 1, 2, 1, 0, 2, 0, 1, 1, 0, 1, 1, 1, 0, 2, 1, 1, 0, 0, 0, 0, 1, 1, 2, 1, 2, 0, 0, 0, 2, 1, 0, 1, 2, 1, 2, 1, 1, 1, 1, 1, 2, 0, 1, 2, 0, 0, 0, 1, 0, 1, 0, 0, 1, 0, 0, 0, 2, 0, 0, 1, 2, 0, 1, 0, 0, 0, 1, 1]|[4, 3, 2, 2, 0, 0, 2, 2, 2, 4, 1, 1, 2, 4, 4, 1, 1, 4, 2, 1, 1, 1, 1, 2, 1, 2, 1, 1, 1, 1, 3, 2, 3, 0, 4, 0, 1, 1, 0, 3, 2, 2, 4, 0, 1, 1, 0, 2, 0, 1, 2, 2, 1, 4, 0, 3, 2, 1, 1, 2, 1, 3, 1, 1, 1, 3, 0, 4, 3, 1, 4, 1, 1, 2, 4, 1, 2, 1, 1, 3, 2, 3, 1, 1, 1, 1, 1, 1, 1, 1, 2, 3, 1, 1, 1, 2, 2, 2, 3, 4]|[0, 2, 1, 1, 3, 3, 0, 1, 0, 0, 0, 0, 1, 0, 1, 0, 0, 3, 1, 0, 0, 0, 3, 1, 0, 2, 0, 0, 0, 1, 0, 0, 0, 0, 3, 0, 1, 0, 0, 2, 1, 1, 2, 0, 0, 0, 0, 1, 1, 0, 0, 0, 1, 3, 0, 0, 1, 0, 0, 1, 0, 2, 0, 1, 0, 2, 1, 0, 0, 1, 1, 3, 0, 1, 3, 0, 1, 0, 0, 2, 1, 0, 0, 0, 1, 0, 0, 0, 0, 0, 1, 2, 0, 1, 1, 0, 0, 0, 0, 3],804.6875225521468,57746.82533348298,88068.50778672317,false
47,G1_CMAX,G1_CMAX,[31, 22, 90, 26, 58, 95, 42, 12, 93, 5, 78, 86, 98, 18, 20, 35, 3, 97, 91, 76, 10, 85, 54, 45, 63, 71, 66, 1, 23, 17, 24, 60, 36, 6, 57, 15, 65, 56, 47, 79, 94, 67, 50, 46, 14, 75, 38, 9, 30, 19, 32, 81, 27, 92, 83, 87, 40, 99, 59, 11, 53, 16, 72, 77, 73, 70, 39, 37, 84, 43, 62, 25, 55, 28, 29, 51, 68, 82, 74, 61, 88, 21, 80, 89, 7, 69, 96, 41, 48, 4, 8, 34, 49, 52, 0, 44, 13, 2, 64, 33]|[1, 1, 1, 1, 0, 2, 1, 1, 2, 2, 2, 1, 0, 1, 2, 2, 1, 2, 0, 1, 2, 2, 2, 0, 0, 1, 2, 1, 2, 1, 2, 1, 1, 0, 1, 1, 0, 2, 2, 1, 1, 0, 0, 0, 0, 1, 1, 1, 1, 2, 1, 2, 2, 0, 0, 2, 1, 0, 0, 2, 0, 1, 2, 2, 1, 1, 1, 1, 1, 1, 0, 1, 1, 0, 0, 0, 0, 0, 2, 1, 1, 0, 0, 1, 1, 1, 2, 2, 0, 1, 1, 2, 0, 1, 0, 0, 0, 0, 2, 2]|[0, 4, 3, 0, 1, 1, 2, 4, 1, 1, 2, 4, 1, 4, 1, 1, 1, 2, 2, 2, 2, 1, 1, 1, 2, 3, 2, 3, 0, 4, 1, 0, 3, 2, 2, 2, 1, 1, 1, 0, 2, 0, 1, 2, 1, 3, 1, 4, 2, 0, 3, 2, 1, 2, 1, 1, 4, 1, 1, 1, 2, 3, 0, 2, 4, 3, 1, 4, 1, 1, 1, 4, 4, 2, 1, 1, 1, 2, 1, 3, 0, 1, 1, 1, 1, 3, 1, 1, 1, 4, 3, 1, 1, 1, 2, 2, 2, 2, 1, 1]|[3, 0, 2, 3, 0, 0, 1, 0, 0, 0, 1, 0, 0, 3, 0, 0, 1, 1, 1, 2, 1, 0, 0, 0, 0, 0, 0, 0, 0, 3, 1, 0, 2, 1, 1, 1, 0, 0, 0, 0, 1, 1, 0, 0, 0, 0, 1, 3, 2, 0, 0, 1, 0, 1, 0, 0, 2, 0, 0, 0, 1, 2, 1, 1, 0, 0, 1, 1, 3, 3, 0, 3, 3, 1, 0, 0, 0, 1, 0, 0, 0, 0, 0, 1, 2, 2, 0, 0, 0, 0, 2, 0, 1, 1, 0, 0, 0, 0, 0, 0],705.0470749739228,58445.79123614564,95781.2895945797,false
47,G4_BALANCED,G1_CMAX,[22, 82, 3, 58, 95, 42, 77, 47, 5, 93, 78, 12, 86, 54, 50, 63, 18, 44, 20, 35, 43, 97, 91, 76, 10, 30, 21, 45, 71, 64, 36, 23, 17, 83, 24, 14, 60, 1, 6, 40, 57, 90, 65, 56, 79, 94, 67, 68, 46, 75, 38, 9, 19, 32, 81, 41, 27, 62, 16, 55, 59, 89, 88, 87, 31, 72, 73, 70, 39, 37, 84, 92, 25, 11, 48, 15, 29, 51, 7, 33, 61, 98, 28, 99, 26, 85, 66, 96, 53, 80, 4, 8, 34, 49, 52, 2, 13, 0, 69, 74]|[1, 0, 1, 0, 1, 2, 2, 2, 2, 2, 1, 1, 1, 0, 0, 1, 0, 2, 2, 0, 1, 2, 0, 1, 2, 2, 0, 0, 1, 2, 1, 2, 1, 0, 2, 0, 1, 1, 0, 1, 1, 1, 0, 2, 1, 1, 0, 0, 0, 0, 1, 1, 2, 1, 2, 0, 0, 0, 1, 2, 1, 1, 1, 1, 1, 2, 1, 2, 1, 1, 1, 0, 1, 2, 2, 1, 0, 0, 1, 2, 1, 2, 0, 1, 1, 0, 0, 2, 0, 0, 1, 1, 2, 0, 1, 0, 0, 0, 1, 2]|[3, 2, 1, 1, 2, 1, 2, 1, 1, 2, 4, 4, 4, 1, 1, 4, 2, 1, 1, 1, 1, 2, 1, 2, 1, 1, 2, 1, 3, 2, 3, 1, 4, 1, 1, 1, 0, 3, 2, 2, 2, 3, 1, 1, 0, 4, 0, 1, 2, 2, 1, 4, 0, 3, 2, 1, 1, 2, 3, 1, 1, 1, 0, 3, 0, 0, 3, 0, 1, 4, 1, 0, 4, 1, 1, 4, 1, 1, 1, 1, 3, 1, 2, 1, 0, 2, 1, 1, 2, 1, 4, 3, 1, 1, 1, 2, 2, 2, 4, 1]|[3, 1, 2, 0, 1, 0, 0, 0, 0, 1, 0, 0, 1, 0, 0, 3, 1, 0, 0, 0, 3, 1, 0, 2, 0, 0, 0, 1, 0, 0, 2, 0, 3, 0, 1, 0, 0, 0, 1, 1, 1, 2, 0, 0, 0, 2, 1, 0, 0, 0, 1, 3, 0, 0, 1, 0, 0, 1, 2, 0, 1, 1, 0, 2, 0, 1, 0, 1, 1, 1, 1, 1, 3, 0, 0, 3, 0, 0, 2, 0, 0, 0, 1, 1, 3, 0, 0, 0, 1, 0, 0, 2, 0, 1, 1, 0, 0, 0, 2, 0],715.7913946700162,58060.95961022334,95287.06515100288,true
47,G2_TEC,G2_TEC,[31, 22, 82, 15, 26, 9, 95, 42, 77, 68, 47, 5, 93, 78, 86, 54, 85, 63, 18, 44, 20, 49, 36, 14, 74, 50, 53, 17, 21, 28, 11, 64, 3, 23, 30, 83, 24, 41, 40, 52, 65, 27, 90, 70, 39, 87, 48, 69, 99, 4, 46, 1, 13, 58, 97, 59, 45, 8, 73, 37, 35, 79, 71, 66, 76, 32, 60, 80, 56, 6, 67, 61, 33, 7, 57, 34, 12, 16, 10, 98, 96, 88, 43, 81, 91, 2, 84, 29, 92, 19, 51, 89, 75, 55, 25, 72, 94, 38, 62, 0]|[2, 1, 2, 1, 1, 2, 1, 1, 1, 1, 1, 0, 2, 2, 1, 2, 0, 0, 0, 2, 2, 1, 0, 2, 0, 2, 2, 1, 0, 1, 1, 1, 0, 0, 1, 0, 2, 1, 2, 2, 0, 0, 1, 1, 0, 2, 0, 2, 1, 0, 0, 2, 0, 0, 2, 0, 1, 1, 0, 0, 2, 1, 1, 2, 2, 0, 2, 2, 2, 1, 2, 1, 1, 2, 0, 1, 1, 2, 1, 2, 0, 1, 1, 1, 1, 0, 0, 1, 0, 1, 1, 1, 0, 0, 1, 1, 2, 0, 1, 0]|[0, 3, 0, 3, 4, 1, 4, 4, 2, 4, 3, 2, 1, 0, 2, 1, 1, 1, 2, 1, 1, 3, 0, 1, 0, 1, 1, 4, 1, 4, 3, 2, 2, 0, 4, 1, 1, 4, 1, 1, 2, 1, 4, 4, 1, 1, 0, 1, 3, 2, 2, 1, 2, 1, 1, 2, 4, 3, 0, 2, 2, 3, 3, 1, 1, 2, 1, 1, 1, 4, 1, 3, 4, 1, 2, 4, 3, 1, 3, 1, 2, 4, 4, 4, 3, 2, 2, 3, 2, 4, 3, 4, 2, 2, 4, 4, 1, 2, 3, 2]|[0, 2, 0, 0, 3, 0, 1, 3, 0, 0, 2, 0, 0, 0, 1, 0, 0, 0, 1, 0, 0, 2, 0, 0, 1, 0, 0, 3, 0, 1, 0, 2, 0, 0, 3, 0, 1, 1, 0, 0, 0, 0, 1, 3, 0, 0, 1, 0, 2, 0, 0, 0, 0, 0, 1, 0, 1, 0, 1, 1, 0, 2, 0, 0, 0, 0, 0, 0, 0, 2, 0, 0, 1, 0, 0, 1, 0, 0, 3, 0, 0, 1, 2, 2, 0, 0, 0, 3, 0, 1, 0, 1, 0, 0, 3, 1, 0, 0, 0, 0],931.35319649833,48904.64914180878,108427.19628251252,false
47,G3_TWC,G3_TWC,[31, 22, 42, 15, 26, 58, 95, 82, 77, 12, 47, 5, 93, 78, 98, 54, 85, 63, 18, 44, 20, 35, 43, 97, 91, 76, 10, 30, 21, 45, 71, 64, 1, 23, 17, 83, 24, 61, 60, 36, 6, 57, 94, 88, 65, 56, 79, 40, 67, 68, 46, 75, 38, 9, 19, 32, 81, 41, 27, 62, 87, 90, 99, 59, 11, 16, 72, 73, 70, 39, 37, 84, 3, 92, 25, 74, 28, 29, 51, 7, 53, 14, 86, 48, 89, 50, 66, 96, 33, 80, 4, 8, 34, 49, 52, 0, 13, 2, 69, 55]|[1, 1, 0, 1, 1, 1, 2, 1, 2, 1, 2, 2, 2, 1, 1, 0, 0, 1, 0, 2, 2, 0, 1, 2, 0, 1, 2, 2, 0, 0, 1, 2, 1, 2, 1, 0, 2, 0, 1, 1, 0, 1, 1, 1, 0, 2, 1, 1, 0, 0, 0, 0, 1, 1, 2, 1, 2, 0, 0, 0, 2, 1, 0, 1, 2, 1, 2, 1, 1, 1, 1, 1, 2, 0, 1, 2, 0, 0, 0, 1, 0, 1, 0, 0, 1, 0, 0, 0, 2, 0, 0, 1, 2, 0, 1, 0, 0, 0, 1, 1]|[4, 3, 2, 2, 0, 0, 2, 2, 2, 4, 1, 1, 2, 4, 4, 1, 1, 4, 2, 1, 1, 1, 1, 2, 1, 2, 1, 1, 1, 1, 3, 2, 3, 0, 4, 0, 1, 1, 0, 3, 2, 2, 4, 0, 1, 1, 0, 2, 0, 1, 2, 2, 1, 4, 0, 3, 2, 1, 1, 2, 1, 3, 1, 1, 1, 3, 0, 4, 3, 1, 4, 1, 1, 2, 4, 1, 2, 1, 1, 3, 2, 3, 1, 1, 1, 1, 1, 1, 1, 1, 2, 3, 1, 1, 1, 2, 2, 2, 3, 4]|[0, 2, 1, 1, 3, 3, 0, 1, 0, 0, 0, 0, 1, 0, 1, 0, 0, 3, 1, 0, 0, 0, 3, 1, 0, 2, 0, 0, 0, 1, 0, 0, 0, 0, 3, 0, 1, 0, 0, 2, 1, 1, 2, 0, 0, 0, 0, 1, 1, 0, 0, 0, 1, 3, 0, 0, 1, 0, 0, 1, 0, 2, 0, 1, 0, 2, 1, 0, 0, 1, 1, 3, 0, 1, 3, 0, 1, 0, 0, 2, 1, 0, 0, 0, 1, 0, 0, 0, 0, 0, 1, 2, 0, 1, 1, 0, 0, 0, 0, 3],804.6875225521468,57746.82533348298,88068.50778672317,false
47,G1_CMAX,G1_CMAX,[31, 22, 90, 26, 58, 95, 42, 12, 93, 5, 78, 86, 98, 18, 20, 35, 3, 97, 91, 76, 10, 85, 54, 45, 63, 71, 66, 1, 23, 17, 24, 60, 36, 6, 57, 15, 65, 56, 47, 79, 94, 67, 50, 46, 14, 75, 38, 9, 30, 19, 32, 81, 27, 92, 83, 87, 40, 99, 59, 11, 53, 16, 72, 77, 73, 70, 39, 37, 84, 43, 62, 25, 55, 28, 29, 51, 68, 82, 74, 61, 88, 21, 80, 89, 7, 69, 96, 41, 48, 4, 8, 34, 49, 52, 0, 44, 13, 2, 64, 33]|[1, 1, 1, 1, 0, 2, 1, 1, 2, 2, 2, 1, 0, 1, 2, 2, 1, 2, 0, 1, 2, 2, 2, 0, 0, 1, 2, 1, 2, 1, 2, 1, 1, 0, 1, 1, 0, 2, 2, 1, 1, 0, 0, 0, 0, 1, 1, 1, 1, 2, 1, 2, 2, 0, 0, 2, 1, 0, 0, 2, 0, 1, 2, 2, 1, 1, 1, 1, 1, 1, 0, 1, 1, 0, 0, 0, 0, 0, 2, 1, 1, 0, 0, 1, 1, 1, 2, 2, 0, 1, 1, 2, 0, 1, 0, 0, 0, 0, 2, 2]|[0, 4, 3, 0, 1, 1, 2, 4, 1, 1, 2, 4, 1, 4, 1, 1, 1, 2, 2, 2, 2, 1, 1, 1, 2, 3, 2, 3, 0, 4, 1, 0, 3, 2, 2, 2, 1, 1, 1, 0, 2, 0, 1, 2, 1, 3, 1, 4, 2, 0, 3, 2, 1, 2, 1, 1, 4, 1, 1, 1, 2, 3, 0, 2, 4, 3, 1, 4, 1, 1, 1, 4, 4, 2, 1, 1, 1, 2, 1, 3, 0, 1, 1, 1, 1, 3, 1, 1, 1, 4, 3, 1, 1, 1, 2, 2, 2, 2, 1, 1]|[3, 0, 2, 3, 0, 0, 1, 0, 0, 0, 1, 0, 0, 3, 0, 0, 1, 1, 1, 2, 1, 0, 0, 0, 0, 0, 0, 0, 0, 3, 1, 0, 2, 1, 1, 1, 0, 0, 0, 0, 1, 1, 0, 0, 0, 0, 1, 3, 2, 0, 0, 1, 0, 1, 0, 0, 2, 0, 0, 0, 1, 2, 1, 1, 0, 0, 1, 1, 3, 3, 0, 3, 3, 1, 0, 0, 0, 1, 0, 0, 0, 0, 0, 1, 2, 2, 0, 0, 0, 0, 2, 0, 1, 1, 0, 0, 0, 0, 0, 0],705.0470749739228,58445.79123614564,95781.2895945797,false
47,G4_BALANCED,G3_TWC,[31, 22, 42, 15, 26, 58, 95, 82, 77, 12, 47, 5, 93, 78, 98, 54, 85, 63, 18, 44, 20, 35, 43, 97, 91, 76, 10, 30, 21, 45, 71, 64, 1, 23, 17, 83, 24, 14, 60, 36, 6, 57, 94, 88, 65, 56, 79, 40, 67, 68, 46, 75, 38, 9, 19, 32, 81, 41, 27, 62, 87, 90, 99, 59, 53, 16, 72, 73, 70, 39, 37, 84, 61, 92, 25, 55, 28, 29, 51, 7, 11, 3, 86, 48, 89, 50, 66, 96, 33, 80, 4, 8, 34, 49, 52, 0, 13, 2, 69, 74]|[1, 1, 0, 1, 1, 1, 2, 1, 2, 1, 2, 2, 2, 1, 1, 0, 0, 1, 0, 2, 2, 0, 1, 2, 0, 1, 2, 2, 0, 0, 1, 2, 1, 2, 1, 0, 2, 0, 1, 1, 0, 1, 1, 1, 0, 2, 1, 1, 0, 0, 0, 0, 1, 1, 2, 1, 2, 2, 0, 0, 2, 1, 0, 1, 2, 1, 2, 1, 1, 1, 1, 1, 1, 0, 1, 1, 0, 0, 0, 1, 2, 2, 0, 0, 1, 0, 0, 2, 2, 0, 0, 1, 2, 0, 1, 0, 0, 0, 1, 2]|[4, 3, 2, 2, 0, 0, 2, 2, 2, 4, 1, 1, 2, 4, 4, 1, 1, 4, 2, 1, 1, 1, 1, 2, 1, 2, 1, 1, 1, 1, 3, 2, 3, 0, 4, 0, 1, 1, 0, 3, 2, 2, 4, 0, 1, 1, 0, 2, 0, 1, 2, 2, 1, 4, 0, 3, 2, 1, 1, 2, 1, 3, 1, 1, 1, 3, 0, 4, 3, 1, 4, 1, 3, 2, 4, 4, 2, 1, 1, 3, 1, 1, 1, 1, 1, 1, 1, 1, 1, 1, 2, 3, 1, 1, 1, 2, 2, 2, 3, 1]|[0, 2, 1, 1, 3, 3, 0, 1, 0, 0, 0, 0, 1, 0, 1, 0, 0, 3, 1, 0, 0, 0, 3, 1, 0, 2, 0, 0, 0, 1, 0, 0, 0, 0, 3, 0, 1, 0, 0, 2, 1, 1, 2, 0, 0, 0, 0, 1, 1, 0, 0, 0, 1, 3, 0, 0, 1, 0, 0, 1, 0, 2, 0, 1, 0, 2, 1, 0, 0, 1, 1, 3, 0, 1, 3, 3, 1, 0, 0, 2, 0, 0, 0, 0, 1, 0, 0, 0, 0, 0, 1, 2, 0, 1, 1, 0, 0, 0, 0, 0],748.965310287148,56991.417089259514,90537.22026401223,true
47,G2_TEC,G2_TEC,[31, 22, 82, 15, 26, 9, 95, 42, 77, 68, 47, 5, 93, 78, 86, 54, 85, 63, 18, 44, 20, 49, 36, 14, 74, 50, 53, 17, 21, 28, 11, 64, 3, 23, 30, 83, 24, 41, 40, 52, 65, 27, 90, 70, 39, 87, 48, 69, 99, 4, 46, 1, 13, 58, 97, 59, 45, 8, 73, 37, 35, 79, 71, 66, 76, 32, 60, 80, 56, 6, 67, 61, 33, 7, 57, 34, 12, 16, 10, 98, 96, 88, 43, 81, 91, 2, 84, 29, 92, 19, 51, 89, 75, 55, 25, 72, 94, 38, 62, 0]|[2, 1, 2, 1, 1, 2, 1, 1, 1, 1, 1, 0, 2, 2, 1, 2, 0, 0, 0, 2, 2, 1, 0, 2, 0, 2, 2, 1, 0, 1, 1, 1, 0, 0, 1, 0, 2, 1, 2, 2, 0, 0, 1, 1, 0, 2, 0, 2, 1, 0, 0, 2, 0, 0, 2, 0, 1, 1, 0, 0, 2, 1, 1, 2, 2, 0, 2, 2, 2, 1, 2, 1, 1, 2, 0, 1, 1, 2, 1, 2, 0, 1, 1, 1, 1, 0, 0, 1, 0, 1, 1, 1, 0, 0, 1, 1, 2, 0, 1, 0]|[0, 3, 0, 3, 4, 1, 4, 4, 2, 4, 3, 2, 1, 0, 2, 1, 1, 1, 2, 1, 1, 3, 0, 1, 0, 1, 1, 4, 1, 4, 3, 2, 2, 0, 4, 1, 1, 4, 1, 1, 2, 1, 4, 4, 1, 1, 0, 1, 3, 2, 2, 1, 2, 1, 1, 2, 4, 3, 0, 2, 2, 3, 3, 1, 1, 2, 1, 1, 1, 4, 1, 3, 4, 1, 2, 4, 3, 1, 3, 1, 2, 4, 4, 4, 3, 2, 2, 3, 2, 4, 3, 4, 2, 2, 4, 4, 1, 2, 3, 2]|[0, 2, 0, 0, 3, 0, 1, 3, 0, 0, 2, 0, 0, 0, 1, 0, 0, 0, 1, 0, 0, 2, 0, 0, 1, 0, 0, 3, 0, 1, 0, 2, 0, 0, 3, 0, 1, 1, 0, 0, 0, 0, 1, 3, 0, 0, 1, 0, 2, 0, 0, 0, 0, 0, 1, 0, 1, 0, 1, 1, 0, 2, 0, 0, 0, 0, 0, 0, 0, 2, 0, 0, 1, 0, 0, 1, 0, 0, 3, 0, 0, 1, 2, 2, 0, 0, 0, 3, 0, 1, 0, 1, 0, 0, 3, 1, 0, 0, 0, 0],931.35319649833,48904.64914180878,108427.19628251252,false
47,G3_TWC,G3_TWC,[31, 22, 42, 15, 26, 58, 95, 82, 77, 12, 47, 5, 93, 78, 98, 54, 85, 63, 18, 44, 20, 35, 43, 97, 91, 76, 10, 30, 21, 45, 71, 64, 1, 23, 17, 83, 24, 61, 60, 36, 6, 57, 94, 88, 65, 56, 79, 40, 67, 68, 46, 75, 38, 9, 19, 32, 81, 41, 27, 62, 87, 90, 99, 59, 11, 16, 72, 73, 70, 39, 37, 84, 3, 92, 25, 74, 28, 29, 51, 7, 53, 14, 86, 48, 89, 50, 66, 96, 33, 80, 4, 8, 34, 49, 52, 0, 13, 2, 69, 55]|[1, 1, 0, 1, 1, 1, 2, 1, 2, 1, 2, 2, 2, 1, 1, 0, 0, 1, 0, 2, 2, 0, 1, 2, 0, 1, 2, 2, 0, 0, 1, 2, 1, 2, 1, 0, 2, 0, 1, 1, 0, 1, 1, 1, 0, 2, 1, 1, 0, 0, 0, 0, 1, 1, 2, 1, 2, 0, 0, 0, 2, 1, 0, 1, 2, 1, 2, 1, 1, 1, 1, 1, 2, 0, 1, 2, 0, 0, 0, 1, 0, 1, 0, 0, 1, 0, 0, 0, 2, 0, 0, 1, 2, 0, 1, 0, 0, 0, 1, 1]|[4, 3, 2, 2, 0, 0, 2, 2, 2, 4, 1, 1, 2, 4, 4, 1, 1, 4, 2, 1, 1, 1, 1, 2, 1, 2, 1, 1, 1, 1, 3, 2, 3, 0, 4, 0, 1, 1, 0, 3, 2, 2, 4, 0, 1, 1, 0, 2, 0, 1, 2, 2, 1, 4, 0, 3, 2, 1, 1, 2, 1, 3, 1, 1, 1, 3, 0, 4, 3, 1, 4, 1, 1, 2, 4, 1, 2, 1, 1, 3, 2, 3, 1, 1, 1, 1, 1, 1, 1, 1, 2, 3, 1, 1, 1, 2, 2, 2, 3, 4]|[0, 2, 1, 1, 3, 3, 0, 1, 0, 0, 0, 0, 1, 0, 1, 0, 0, 3, 1, 0, 0, 0, 3, 1, 0, 2, 0, 0, 0, 1, 0, 0, 0, 0, 3, 0, 1, 0, 0, 2, 1, 1, 2, 0, 0, 0, 0, 1, 1, 0, 0, 0, 1, 3, 0, 0, 1, 0, 0, 1, 0, 2, 0, 1, 0, 2, 1, 0, 0, 1, 1, 3, 0, 1, 3, 0, 1, 0, 0, 2, 1, 0, 0, 0, 1, 0, 0, 0, 0, 0, 1, 2, 0, 1, 1, 0, 0, 0, 0, 3],804.6875225521468,57746.82533348298,88068.50778672317,false
47,G1_CMAX,G1_CMAX,[31, 22, 90, 26, 58, 95, 42, 12, 93, 5, 78, 86, 98, 18, 20, 35, 3, 97, 91, 76, 10, 85, 54, 45, 63, 71, 66, 1, 23, 17, 24, 60, 36, 6, 57, 15, 65, 56, 47, 79, 94, 67, 50, 46, 14, 75, 38, 9, 30, 19, 32, 81, 27, 92, 83, 87, 40, 99, 59, 11, 53, 16, 72, 77, 73, 70, 39, 37, 84, 43, 62, 25, 55, 28, 29, 51, 68, 82, 74, 61, 88, 21, 80, 89, 7, 69, 96, 41, 48, 4, 8, 34, 49, 52, 0, 44, 13, 2, 64, 33]|[1, 1, 1, 1, 0, 2, 1, 1, 2, 2, 2, 1, 0, 1, 2, 2, 1, 2, 0, 1, 2, 2, 2, 0, 0, 1, 2, 1, 2, 1, 2, 1, 1, 0, 1, 1, 0, 2, 2, 1, 1, 0, 0, 0, 0, 1, 1, 1, 1, 2, 1, 2, 2, 0, 0, 2, 1, 0, 0, 2, 0, 1, 2, 2, 1, 1, 1, 1, 1, 1, 0, 1, 1, 0, 0, 0, 0, 0, 2, 1, 1, 0, 0, 1, 1, 1, 2, 2, 0, 1, 1, 2, 0, 1, 0, 0, 0, 0, 2, 2]|[0, 4, 3, 0, 1, 1, 2, 4, 1, 1, 2, 4, 1, 4, 1, 1, 1, 2, 2, 2, 2, 1, 1, 1, 2, 3, 2, 3, 0, 4, 1, 0, 3, 2, 2, 2, 1, 1, 1, 0, 2, 0, 1, 2, 1, 3, 1, 4, 2, 0, 3, 2, 1, 2, 1, 1, 4, 1, 1, 1, 2, 3, 0, 2, 4, 3, 1, 4, 1, 1, 1, 4, 4, 2, 1, 1, 1, 2, 1, 3, 0, 1, 1, 1, 1, 3, 1, 1, 1, 4, 3, 1, 1, 1, 2, 2, 2, 2, 1, 1]|[3, 0, 2, 3, 0, 0, 1, 0, 0, 0, 1, 0, 0, 3, 0, 0, 1, 1, 1, 2, 1, 0, 0, 0, 0, 0, 0, 0, 0, 3, 1, 0, 2, 1, 1, 1, 0, 0, 0, 0, 1, 1, 0, 0, 0, 0, 1, 3, 2, 0, 0, 1, 0, 1, 0, 0, 2, 0, 0, 0, 1, 2, 1, 1, 0, 0, 1, 1, 3, 3, 0, 3, 3, 1, 0, 0, 0, 1, 0, 0, 0, 0, 0, 1, 2, 2, 0, 0, 0, 0, 2, 0, 1, 1, 0, 0, 0, 0, 0, 0],705.0470749739228,58445.79123614564,95781.2895945797,false
47,G4_BALANCED,G3_TWC,[31, 22, 82, 15, 26, 58, 95, 42, 77, 12, 47, 5, 93, 78, 86, 54, 85, 63, 18, 44, 20, 35, 43, 97, 66, 76, 10, 30, 21, 45, 71, 64, 1, 23, 17, 83, 24, 14, 60, 36, 6, 57, 40, 88, 16, 56, 79, 94, 67, 68, 46, 75, 38, 9, 19, 32, 41, 81, 27, 62, 87, 90, 99, 59, 11, 65, 72, 73, 69, 39, 37, 84, 3, 92, 25, 55, 29, 28, 51, 7, 33, 61, 98, 91, 89, 50, 48, 96, 53, 80, 4, 8, 34, 49, 52, 0, 13, 2, 70, 74]|[1, 1, 0, 1, 1, 1, 1, 2, 2, 1, 2, 2, 2, 1, 1, 0, 0, 1, 0, 2, 2, 0, 1, 2, 2, 1, 2, 2, 0, 0, 1, 2, 1, 2, 1, 0, 2, 0, 1, 1, 0, 1, 1, 1, 0, 2, 1, 1, 0, 0, 0, 0, 1, 1, 2, 1, 0, 2, 0, 0, 2, 1, 0, 1, 2, 0, 2, 1, 1, 1, 1, 1, 1, 0, 1, 1, 0, 0, 0, 1, 2, 1, 2, 0, 1, 0, 0, 0, 0, 0, 0, 0, 2, 0, 1, 0, 0, 0, 1, 2]|[4, 3, 2, 2, 0, 0, 2, 2, 2, 4, 1, 1, 2, 4, 4, 1, 1, 4, 2, 1, 1, 1, 1, 2, 1, 2, 1, 1, 1, 1, 3, 1, 3, 1, 4, 0, 1, 1, 0, 3, 2, 2, 2, 0, 1, 1, 0, 4, 0, 1, 2, 2, 1, 4, 0, 3, 1, 1, 1, 2, 1, 3, 1, 1, 1, 1, 0, 4, 3, 1, 4, 1, 1, 2, 4, 4, 1, 2, 1, 3, 1, 3, 1, 1, 1, 1, 1, 1, 2, 1, 2, 1, 1, 1, 1, 2, 2, 2, 3, 1]|[0, 2, 1, 1, 3, 3, 1, 0, 0, 0, 0, 0, 1, 0, 1, 0, 0, 3, 1, 0, 0, 0, 3, 1, 0, 2, 0, 0, 0, 1, 0, 0, 0, 0, 3, 0, 1, 0, 0, 2, 1, 1, 1, 0, 0, 0, 0, 2, 1, 0, 0, 0, 1, 3, 0, 0, 0, 0, 0, 1, 0, 2, 0, 1, 0, 0, 1, 0, 0, 1, 1, 3, 1, 1, 3, 3, 0, 1, 0, 2, 0, 0, 0, 0, 1, 0, 0, 0, 1, 0, 1, 0, 0, 1, 1, 0, 0, 0, 0, 0],828.8861652304231,56909.42851562929,90738.43397177712,true
47,G2_TEC,G2_TEC,[31, 22, 82, 15, 26, 9, 95, 42, 77, 68, 47, 5, 93, 78, 86, 54, 85, 63, 18, 44, 20, 49, 36, 14, 74, 50, 53, 17, 21, 28, 11, 64, 3, 23, 30, 83, 24, 41, 40, 52, 65, 27, 90, 70, 39, 87, 48, 69, 99, 4, 46, 1, 13, 58, 97, 59, 45, 8, 73, 37, 35, 79, 71, 66, 76, 32, 60, 80, 56, 6, 67, 61, 33, 7, 57, 34, 12, 16, 10, 98, 96, 88, 43, 81, 91, 2, 84, 29, 92, 19, 51, 89, 75, 55, 25, 72, 94, 38, 62, 0]|[2, 1, 2, 1, 1, 2, 1, 1, 1, 1, 1, 0, 2, 2, 1, 2, 0, 0, 0, 2, 2, 1, 0, 2, 0, 2, 2, 1, 0, 1, 1, 1, 0, 0, 1, 0, 2, 1, 2, 2, 0, 0, 1, 1, 0, 2, 0, 2, 1, 0, 0, 2, 0, 0, 2, 0, 1, 1, 0, 0, 2, 1, 1, 2, 2, 0, 2, 2, 2, 1, 2, 1, 1, 2, 0, 1, 1, 2, 1, 2, 0, 1, 1, 1, 1, 0, 0, 1, 0, 1, 1, 1, 0, 0, 1, 1, 2, 0, 1, 0]|[0, 3, 0, 3, 4, 1, 4, 4, 2, 4, 3, 2, 1, 0, 2, 1, 1, 1, 2, 1, 1, 3, 0, 1, 0, 1, 1, 4, 1, 4, 3, 2, 2, 0, 4, 1, 1, 4, 1, 1, 2, 1, 4, 4, 1, 1, 0, 1, 3, 2, 2, 1, 2, 1, 1, 2, 4, 3, 0, 2, 2, 3, 3, 1, 1, 2, 1, 1, 1, 4, 1, 3, 4, 1, 2, 4, 3, 1, 3, 1, 2, 4, 4, 4, 3, 2, 2, 3, 2, 4, 3, 4, 2, 2, 4, 4, 1, 2, 3, 2]|[0, 2, 0, 0, 3, 0, 1, 3, 0, 0, 2, 0, 0, 0, 1, 0, 0, 0, 1, 0, 0, 2, 0, 0, 1, 0, 0, 3, 0, 1, 0, 2, 0, 0, 3, 0, 1, 1, 0, 0, 0, 0, 1, 3, 0, 0, 1, 0, 2, 0, 0, 0, 0, 0, 1, 0, 1, 0, 1, 1, 0, 2, 0, 0, 0, 0, 0, 0, 0, 2, 0, 0, 1, 0, 0, 1, 0, 0, 3, 0, 0, 1, 2, 2, 0, 0, 0, 3, 0, 1, 0, 1, 0, 0, 3, 1, 0, 0, 0, 0],931.35319649833,48904.64914180878,108427.19628251252,false
47,G3_TWC,G3_TWC,[31, 22, 42, 15, 26, 58, 95, 82, 77, 12, 47, 5, 93, 78, 98, 54, 85, 63, 18, 44, 20, 35, 43, 97, 91, 76, 10, 30, 21, 45, 71, 64, 1, 23, 17, 83, 24, 61, 60, 36, 6, 57, 94, 88, 65, 56, 79, 40, 67, 68, 46, 75, 38, 9, 19, 32, 81, 41, 27, 62, 87, 90, 99, 59, 11, 16, 72, 73, 70, 39, 37, 84, 3, 92, 25, 74, 28, 29, 51, 7, 53, 14, 86, 48, 89, 50, 66, 96, 33, 80, 4, 8, 34, 49, 52, 0, 13, 2, 69, 55]|[1, 1, 0, 1, 1, 1, 2, 1, 2, 1, 2, 2, 2, 1, 1, 0, 0, 1, 0, 2, 2, 0, 1, 2, 0, 1, 2, 2, 0, 0, 1, 2, 1, 2, 1, 0, 2, 0, 1, 1, 0, 1, 1, 1, 0, 2, 1, 1, 0, 0, 0, 0, 1, 1, 2, 1, 2, 0, 0, 0, 2, 1, 0, 1, 2, 1, 2, 1, 1, 1, 1, 1, 2, 0, 1, 2, 0, 0, 0, 1, 0, 1, 0, 0, 1, 0, 0, 0, 2, 0, 0, 1, 2, 0, 1, 0, 0, 0, 1, 1]|[4, 3, 2, 2, 0, 0, 2, 2, 2, 4, 1, 1, 2, 4, 4, 1, 1, 4, 2, 1, 1, 1, 1, 2, 1, 2, 1, 1, 1, 1, 3, 2, 3, 0, 4, 0, 1, 1, 0, 3, 2, 2, 4, 0, 1, 1, 0, 2, 0, 1, 2, 2, 1, 4, 0, 3, 2, 1, 1, 2, 1, 3, 1, 1, 1, 3, 0, 4, 3, 1, 4, 1, 1, 2, 4, 1, 2, 1, 1, 3, 2, 3, 1, 1, 1, 1, 1, 1, 1, 1, 2, 3, 1, 1, 1, 2, 2, 2, 3, 4]|[0, 2, 1, 1, 3, 3, 0, 1, 0, 0, 0, 0, 1, 0, 1, 0, 0, 3, 1, 0, 0, 0, 3, 1, 0, 2, 0, 0, 0, 1, 0, 0, 0, 0, 3, 0, 1, 0, 0, 2, 1, 1, 2, 0, 0, 0, 0, 1, 1, 0, 0, 0, 1, 3, 0, 0, 1, 0, 0, 1, 0, 2, 0, 1, 0, 2, 1, 0, 0, 1, 1, 3, 0, 1, 3, 0, 1, 0, 0, 2, 1, 0, 0, 0, 1, 0, 0, 0, 0, 0, 1, 2, 0, 1, 1, 0, 0, 0, 0, 3],804.6875225521468,57746.82533348298,88068.50778672317,false
47,G1_CMAX,G1_CMAX,[31, 22, 90, 26, 58, 95, 42, 12, 93, 5, 78, 86, 98, 18, 20, 35, 3, 97, 91, 76, 10, 85, 54, 45, 63, 71, 66, 1, 23, 17, 24, 60, 36, 6, 57, 15, 65, 56, 47, 79, 94, 67, 50, 46, 14, 75, 38, 9, 30, 19, 32, 81, 27, 92, 83, 87, 40, 99, 59, 11, 53, 16, 72, 77, 73, 70, 39, 37, 84, 43, 62, 25, 55, 28, 29, 51, 68, 82, 74, 61, 88, 21, 80, 89, 7, 69, 96, 41, 48, 4, 8, 34, 49, 52, 0, 44, 13, 2, 64, 33]|[1, 1, 1, 1, 0, 2, 1, 1, 2, 2, 2, 1, 0, 1, 2, 2, 1, 2, 0, 1, 2, 2, 2, 0, 0, 1, 2, 1, 2, 1, 2, 1, 1, 0, 1, 1, 0, 2, 2, 1, 1, 0, 0, 0, 0, 1, 1, 1, 1, 2, 1, 2, 2, 0, 0, 2, 1, 0, 0, 2, 0, 1, 2, 2, 1, 1, 1, 1, 1, 1, 0, 1, 1, 0, 0, 0, 0, 0, 2, 1, 1, 0, 0, 1, 1, 1, 2, 2, 0, 1, 1, 2, 0, 1, 0, 0, 0, 0, 2, 2]|[0, 4, 3, 0, 1, 1, 2, 4, 1, 1, 2, 4, 1, 4, 1, 1, 1, 2, 2, 2, 2, 1, 1, 1, 2, 3, 2, 3, 0, 4, 1, 0, 3, 2, 2, 2, 1, 1, 1, 0, 2, 0, 1, 2, 1, 3, 1, 4, 2, 0, 3, 2, 1, 2, 1, 1, 4, 1, 1, 1, 2, 3, 0, 2, 4, 3, 1, 4, 1, 1, 1, 4, 4, 2, 1, 1, 1, 2, 1, 3, 0, 1, 1, 1, 1, 3, 1, 1, 1, 4, 3, 1, 1, 1, 2, 2, 2, 2, 1, 1]|[3, 0, 2, 3, 0, 0, 1, 0, 0, 0, 1, 0, 0, 3, 0, 0, 1, 1, 1, 2, 1, 0, 0, 0, 0, 0, 0, 0, 0, 3, 1, 0, 2, 1, 1, 1, 0, 0, 0, 0, 1, 1, 0, 0, 0, 0, 1, 3, 2, 0, 0, 1, 0, 1, 0, 0, 2, 0, 0, 0, 1, 2, 1, 1, 0, 0, 1, 1, 3, 3, 0, 3, 3, 1, 0, 0, 0, 1, 0, 0, 0, 0, 0, 1, 2, 2, 0, 0, 0, 0, 2, 0, 1, 1, 0, 0, 0, 0, 0, 0],705.0470749739228,58445.79123614564,95781.2895945797,false
47,G4_BALANCED,G2_TEC,[31, 22, 82, 15, 26, 9, 95, 42, 77, 68, 47, 5, 93, 78, 86, 54, 85, 63, 18, 44, 20, 49, 36, 14, 74, 50, 53, 17, 21, 28, 11, 64, 3, 23, 30, 83, 24, 41, 40, 52, 65, 27, 90, 70, 39, 87, 48, 69, 99, 4, 46, 1, 13, 58, 97, 59, 45, 8, 73, 37, 35, 79, 71, 66, 76, 32, 60, 80, 56, 6, 67, 61, 33, 7, 57, 34, 12, 16, 10, 98, 96, 88, 43, 81, 91, 2, 84, 29, 92, 19, 51, 55, 75, 89, 25, 72, 94, 38, 62, 0]|[2, 1, 2, 1, 1, 2, 1, 1, 1, 1, 1, 0, 2, 2, 1, 2, 0, 0, 0, 2, 2, 1, 0, 2, 0, 2, 2, 1, 0, 1, 1, 1, 0, 0, 1, 0, 2, 1, 2, 2, 0, 0, 1, 1, 0, 2, 0, 2, 1, 0, 0, 2, 0, 0, 2, 0, 1, 1, 0, 0, 2, 1, 1, 2, 2, 0, 2, 2, 2, 1, 2, 1, 1, 2, 0, 1, 1, 2, 1, 2, 0, 1, 1, 1, 1, 0, 0, 1, 0, 1, 1, 0, 0, 1, 1, 1, 2, 0, 1, 2]|[0, 3, 0, 3, 4, 1, 4, 4, 2, 4, 3, 2, 1, 0, 2, 1, 1, 1, 2, 1, 1, 3, 0, 1, 0, 1, 1, 4, 1, 4, 3, 2, 2, 0, 4, 1, 1, 4, 1, 1, 2, 1, 4, 4, 1, 1, 0, 1, 3, 2, 2, 1, 2, 1, 1, 2, 4, 3, 0, 2, 1, 3, 3, 1, 1, 2, 1, 1, 1, 4, 1, 3, 4, 1, 2, 4, 3, 1, 3, 1, 2, 4, 4, 4, 3, 2, 2, 3, 2, 4, 3, 2, 2, 4, 4, 4, 1, 2, 3, 1]|[0, 2, 0, 0, 3, 0, 1, 3, 0, 0, 2, 0, 0, 0, 1, 0, 0, 0, 1, 0, 0, 2, 0, 0, 1, 0, 0, 3, 0, 1, 0, 2, 0, 0, 3, 0, 1, 1, 0, 0, 0, 0, 1, 3, 0, 0, 1, 0, 2, 0, 0, 0, 0, 0, 1, 0, 1, 0, 1, 1, 0, 2, 0, 0, 0, 0, 0, 0, 0, 2, 0, 0, 1, 0, 0, 1, 0, 0, 3, 0, 0, 1, 2, 2, 0, 0, 0, 3, 0, 1, 0, 0, 0, 1, 3, 1, 0, 0, 0, 0],916.3309904221504,48873.725499624714,108966.57083672367,true
47,G2_TEC,G2_TEC,[31, 22, 82, 15, 26, 9, 95, 42, 77, 68, 47, 5, 93, 78, 86, 54, 85, 63, 18, 44, 20, 49, 36, 14, 74, 50, 53, 17, 21, 28, 11, 64, 3, 23, 30, 83, 24, 41, 40, 52, 65, 27, 90, 70, 39, 87, 48, 69, 99, 4, 46, 1, 13, 58, 97, 59, 45, 8, 73, 37, 35, 79, 71, 66, 76, 32, 60, 80, 56, 6, 67, 61, 33, 7, 57, 34, 12, 16, 10, 98, 96, 88, 43, 81, 91, 2, 84, 29, 92, 19, 51, 89, 75, 55, 25, 72, 94, 38, 62, 0]|[2, 1, 2, 1, 1, 2, 1, 1, 1, 1, 1, 0, 2, 2, 1, 2, 0, 0, 0, 2, 2, 1, 0, 2, 0, 2, 2, 1, 0, 1, 1, 1, 0, 0, 1, 0, 2, 1, 2, 2, 0, 0, 1, 1, 0, 2, 0, 2, 1, 0, 0, 2, 0, 0, 2, 0, 1, 1, 0, 0, 2, 1, 1, 2, 2, 0, 2, 2, 2, 1, 2, 1, 1, 2, 0, 1, 1, 2, 1, 2, 0, 1, 1, 1, 1, 0, 0, 1, 0, 1, 1, 1, 0, 0, 1, 1, 2, 0, 1, 0]|[0, 3, 0, 3, 4, 1, 4, 4, 2, 4, 3, 2, 1, 0, 2, 1, 1, 1, 2, 1, 1, 3, 0, 1, 0, 1, 1, 4, 1, 4, 3, 2, 2, 0, 4, 1, 1, 4, 1, 1, 2, 1, 4, 4, 1, 1, 0, 1, 3, 2, 2, 1, 2, 1, 1, 2, 4, 3, 0, 2, 2, 3, 3, 1, 1, 2, 1, 1, 1, 4, 1, 3, 4, 1, 2, 4, 3, 1, 3, 1, 2, 4, 4, 4, 3, 2, 2, 3, 2, 4, 3, 4, 2, 2, 4, 4, 1, 2, 3, 2]|[0, 2, 0, 0, 3, 0, 1, 3, 0, 0, 2, 0, 0, 0, 1, 0, 0, 0, 1, 0, 0, 2, 0, 0, 1, 0, 0, 3, 0, 1, 0, 2, 0, 0, 3, 0, 1, 1, 0, 0, 0, 0, 1, 3, 0, 0, 1, 0, 2, 0, 0, 0, 0, 0, 1, 0, 1, 0, 1, 1, 0, 2, 0, 0, 0, 0, 0, 0, 0, 2, 0, 0, 1, 0, 0, 1, 0, 0, 3, 0, 0, 1, 2, 2, 0, 0, 0, 3, 0, 1, 0, 1, 0, 0, 3, 1, 0, 0, 0, 0],931.35319649833,48904.64914180878,108427.19628251252,false
47,G3_TWC,G3_TWC,[31, 22, 42, 15, 26, 58, 95, 82, 77, 12, 47, 5, 93, 78, 98, 54, 85, 63, 18, 44, 20, 35, 43, 97, 91, 76, 10, 30, 21, 45, 71, 64, 1, 23, 17, 83, 24, 61, 60, 36, 6, 57, 94, 88, 65, 56, 79, 40, 67, 68, 46, 75, 38, 9, 19, 32, 81, 41, 27, 62, 87, 90, 99, 59, 11, 16, 72, 73, 70, 39, 37, 84, 3, 92, 25, 74, 28, 29, 51, 7, 53, 14, 86, 48, 89, 50, 66, 96, 33, 80, 4, 8, 34, 49, 52, 0, 13, 2, 69, 55]|[1, 1, 0, 1, 1, 1, 2, 1, 2, 1, 2, 2, 2, 1, 1, 0, 0, 1, 0, 2, 2, 0, 1, 2, 0, 1, 2, 2, 0, 0, 1, 2, 1, 2, 1, 0, 2, 0, 1, 1, 0, 1, 1, 1, 0, 2, 1, 1, 0, 0, 0, 0, 1, 1, 2, 1, 2, 0, 0, 0, 2, 1, 0, 1, 2, 1, 2, 1, 1, 1, 1, 1, 2, 0, 1, 2, 0, 0, 0, 1, 0, 1, 0, 0, 1, 0, 0, 0, 2, 0, 0, 1, 2, 0, 1, 0, 0, 0, 1, 1]|[4, 3, 2, 2, 0, 0, 2, 2, 2, 4, 1, 1, 2, 4, 4, 1, 1, 4, 2, 1, 1, 1, 1, 2, 1, 2, 1, 1, 1, 1, 3, 2, 3, 0, 4, 0, 1, 1, 0, 3, 2, 2, 4, 0, 1, 1, 0, 2, 0, 1, 2, 2, 1, 4, 0, 3, 2, 1, 1, 2, 1, 3, 1, 1, 1, 3, 0, 4, 3, 1, 4, 1, 1, 2, 4, 1, 2, 1, 1, 3, 2, 3, 1, 1, 1, 1, 1, 1, 1, 1, 2, 3, 1, 1, 1, 2, 2, 2, 3, 4]|[0, 2, 1, 1, 3, 3, 0, 1, 0, 0, 0, 0, 1, 0, 1, 0, 0, 3, 1, 0, 0, 0, 3, 1, 0, 2, 0, 0, 0, 1, 0, 0, 0, 0, 3, 0, 1, 0, 0, 2, 1, 1, 2, 0, 0, 0, 0, 1, 1, 0, 0, 0, 1, 3, 0, 0, 1, 0, 0, 1, 0, 2, 0, 1, 0, 2, 1, 0, 0, 1, 1, 3, 0, 1, 3, 0, 1, 0, 0, 2, 1, 0, 0, 0, 1, 0, 0, 0, 0, 0, 1, 2, 0, 1, 1, 0, 0, 0, 0, 3],804.6875225521468,57746.82533348298,88068.50778672317,false
47,G1_CMAX,G1_CMAX,[31, 22, 90, 26, 58, 95, 42, 12, 93, 5, 78, 86, 98, 18, 20, 35, 3, 97, 91, 76, 10, 85, 54, 45, 63, 71, 66, 1, 23, 17, 24, 60, 36, 6, 57, 15, 65, 56, 47, 79, 94, 67, 50, 46, 14, 75, 38, 9, 30, 19, 32, 81, 27, 92, 83, 87, 40, 99, 59, 11, 53, 16, 72, 77, 73, 70, 39, 37, 84, 43, 62, 25, 55, 28, 29, 51, 68, 82, 74, 61, 88, 21, 80, 89, 7, 69, 96, 41, 48, 4, 8, 34, 49, 52, 0, 44, 13, 2, 64, 33]|[1, 1, 1, 1, 0, 2, 1, 1, 2, 2, 2, 1, 0, 1, 2, 2, 1, 2, 0, 1, 2, 2, 2, 0, 0, 1, 2, 1, 2, 1, 2, 1, 1, 0, 1, 1, 0, 2, 2, 1, 1, 0, 0, 0, 0, 1, 1, 1, 1, 2, 1, 2, 2, 0, 0, 2, 1, 0, 0, 2, 0, 1, 2, 2, 1, 1, 1, 1, 1, 1, 0, 1, 1, 0, 0, 0, 0, 0, 2, 1, 1, 0, 0, 1, 1, 1, 2, 2, 0, 1, 1, 2, 0, 1, 0, 0, 0, 0, 2, 2]|[0, 4, 3, 0, 1, 1, 2, 4, 1, 1, 2, 4, 1, 4, 1, 1, 1, 2, 2, 2, 2, 1, 1, 1, 2, 3, 2, 3, 0, 4, 1, 0, 3, 2, 2, 2, 1, 1, 1, 0, 2, 0, 1, 2, 1, 3, 1, 4, 2, 0, 3, 2, 1, 2, 1, 1, 4, 1, 1, 1, 2, 3, 0, 2, 4, 3, 1, 4, 1, 1, 1, 4, 4, 2, 1, 1, 1, 2, 1, 3, 0, 1, 1, 1, 1, 3, 1, 1, 1, 4, 3, 1, 1, 1, 2, 2, 2, 2, 1, 1]|[3, 0, 2, 3, 0, 0, 1, 0, 0, 0, 1, 0, 0, 3, 0, 0, 1, 1, 1, 2, 1, 0, 0, 0, 0, 0, 0, 0, 0, 3, 1, 0, 2, 1, 1, 1, 0, 0, 0, 0, 1, 1, 0, 0, 0, 0, 1, 3, 2, 0, 0, 1, 0, 1, 0, 0, 2, 0, 0, 0, 1, 2, 1, 1, 0, 0, 1, 1, 3, 3, 0, 3, 3, 1, 0, 0, 0, 1, 0, 0, 0, 0, 0, 1, 2, 2, 0, 0, 0, 0, 2, 0, 1, 1, 0, 0, 0, 0, 0, 0],705.0470749739228,58445.79123614564,95781.2895945797,false
47,G4_BALANCED,G4_BALANCED,[31, 22, 82, 15, 26, 58, 95, 42, 77, 12, 47, 5, 93, 78, 86, 54, 85, 63, 18, 44, 20, 35, 43, 97, 66, 76, 10, 30, 21, 45, 71, 64, 1, 23, 17, 83, 24, 14, 60, 36, 6, 57, 40, 88, 65, 56, 79, 94, 67, 68, 46, 75, 38, 9, 19, 32, 81, 41, 27, 62, 87, 90, 99, 59, 11, 16, 72, 73, 70, 39, 37, 84, 3, 92, 25, 74, 28, 29, 51, 7, 33, 61, 98, 48, 89, 50, 4, 96, 53, 80, 91, 8, 55, 49, 52, 0, 13, 2, 69, 34]|[1, 1, 0, 1, 1, 1, 1, 2, 2, 1, 2, 2, 2, 1, 1, 0, 0, 1, 0, 2, 2, 0, 1, 2, 2, 1, 2, 2, 0, 0, 1, 2, 1, 2, 1, 0, 2, 0, 1, 1, 0, 1, 1, 1, 0, 2, 1, 1, 0, 0, 0, 0, 1, 1, 2, 1, 2, 0, 0, 0, 2, 1, 0, 1, 2, 1, 2, 1, 1, 1, 1, 1, 1, 0, 1, 2, 0, 0, 0, 1, 2, 1, 0, 0, 1, 0, 0, 2, 0, 0, 0, 0, 1, 0, 1, 0, 0, 0, 1, 2]|[4, 3, 2, 2, 0, 0, 2, 2, 2, 4, 1, 1, 2, 4, 4, 1, 2, 4, 2, 1, 1, 1, 1, 2, 1, 2, 1, 1, 1, 1, 3, 1, 3, 1, 4, 0, 1, 1, 0, 3, 2, 2, 2, 0, 1, 1, 0, 4, 0, 1, 2, 2, 1, 4, 0, 3, 1, 1, 1, 2, 1, 3, 1, 1, 1, 3, 0, 4, 3, 1, 4, 1, 1, 2, 4, 1, 2, 1, 1, 3, 1, 3, 1, 1, 1, 1, 2, 1, 2, 1, 1, 1, 4, 1, 1, 2, 2, 2, 3, 1]|[0, 2, 1, 1, 3, 3, 1, 0, 0, 0, 0, 0, 1, 0, 1, 0, 0, 3, 1, 0, 0, 0, 3, 1, 0, 2, 0, 0, 0, 1, 0, 0, 0, 0, 3, 0, 1, 0, 0, 2, 1, 1, 1, 0, 0, 0, 0, 2, 1, 0, 0, 0, 1, 3, 0, 0, 0, 0, 0, 1, 0, 2, 0, 1, 0, 2, 1, 0, 0, 1, 1, 3, 1, 1, 3, 0, 1, 0, 0, 2, 0, 0, 0, 0, 1, 0, 1, 0, 1, 0, 0, 0, 3, 1, 1, 0, 0, 0, 0, 0],796.782775420739,56812.08658970495,90231.91113432166,false
47,G2_TEC,G2_TEC,[31, 22, 82, 15, 26, 9, 95, 42, 77, 68, 47, 5, 93, 78, 86, 54, 85, 63, 18, 44, 20, 49, 36, 14, 74, 50, 53, 17, 21, 28, 11, 64, 3, 23, 30, 83, 24, 41, 40, 52, 65, 27, 90, 70, 39, 87, 48, 69, 99, 4, 46, 1, 13, 58, 97, 59, 45, 8, 73, 37, 35, 79, 71, 66, 76, 32, 60, 80, 56, 6, 67, 61, 33, 7, 57, 34, 12, 16, 10, 98, 96, 88, 43, 81, 91, 2, 84, 29, 92, 19, 51, 89, 75, 55, 25, 72, 94, 38, 62, 0]|[2, 1, 2, 1, 1, 2, 1, 1, 1, 1, 1, 0, 2, 2, 1, 2, 0, 0, 0, 2, 2, 1, 0, 2, 0, 2, 2, 1, 0, 1, 1, 1, 0, 0, 1, 0, 2, 1, 2, 2, 0, 0, 1, 1, 0, 2, 0, 2, 1, 0, 0, 2, 0, 0, 2, 0, 1, 1, 0, 0, 2, 1, 1, 2, 2, 0, 2, 2, 2, 1, 2, 1, 1, 2, 0, 1, 1, 2, 1, 2, 0, 1, 1, 1, 1, 0, 0, 1, 0, 1, 1, 1, 0, 0, 1, 1, 2, 0, 1, 0]|[0, 3, 0, 3, 4, 1, 4, 4, 2, 4, 3, 2, 1, 0, 2, 1, 1, 1, 2, 1, 1, 3, 0, 1, 0, 1, 1, 4, 1, 4, 3, 2, 2, 0, 4, 1, 1, 4, 1, 1, 2, 1, 4, 4, 1, 1, 0, 1, 3, 2, 2, 1, 2, 1, 1, 2, 4, 3, 0, 2, 2, 3, 3, 1, 1, 2, 1, 1, 1, 4, 1, 3, 4, 1, 2, 4, 3, 1, 3, 1, 2, 4, 4, 4, 3, 2, 2, 3, 2, 4, 3, 4, 2, 2, 4, 4, 1, 2, 3, 2]|[0, 2, 0, 0, 3, 0, 1, 3, 0, 0, 2, 0, 0, 0, 1, 0, 0, 0, 1, 0, 0, 2, 0, 0, 1, 0, 0, 3, 0, 1, 0, 2, 0, 0, 3, 0, 1, 1, 0, 0, 0, 0, 1, 3, 0, 0, 1, 0, 2, 0, 0, 0, 0, 0, 1, 0, 1, 0, 1, 1, 0, 2, 0, 0, 0, 0, 0, 0, 0, 2, 0, 0, 1, 0, 0, 1, 0, 0, 3, 0, 0, 1, 2, 2, 0, 0, 0, 3, 0, 1, 0, 1, 0, 0, 3, 1, 0, 0, 0, 0],931.35319649833,48904.64914180878,108427.19628251252,false
47,G3_TWC,G3_TWC,[31, 22, 42, 15, 26, 58, 95, 82, 77, 12, 47, 5, 93, 78, 98, 54, 85, 63, 18, 44, 20, 35, 43, 97, 91, 76, 10, 30, 21, 45, 71, 64, 1, 23, 17, 83, 24, 61, 60, 36, 6, 57, 94, 88, 65, 56, 79, 40, 67, 68, 46, 75, 38, 9, 19, 32, 81, 41, 27, 62, 87, 90, 99, 59, 11, 16, 72, 73, 70, 39, 37, 84, 3, 92, 25, 74, 28, 29, 51, 7, 53, 14, 86, 48, 89, 50, 66, 96, 33, 80, 4, 8, 34, 49, 52, 0, 13, 2, 69, 55]|[1, 1, 0, 1, 1, 1, 2, 1, 2, 1, 2, 2, 2, 1, 1, 0, 0, 1, 0, 2, 2, 0, 1, 2, 0, 1, 2, 2, 0, 0, 1, 2, 1, 2, 1, 0, 2, 0, 1, 1, 0, 1, 1, 1, 0, 2, 1, 1, 0, 0, 0, 0, 1, 1, 2, 1, 2, 0, 0, 0, 2, 1, 0, 1, 2, 1, 2, 1, 1, 1, 1, 1, 2, 0, 1, 2, 0, 0, 0, 1, 0, 1, 0, 0, 1, 0, 0, 0, 2, 0, 0, 1, 2, 0, 1, 0, 0, 0, 1, 1]|[4, 3, 2, 2, 0, 0, 2, 2, 2, 4, 1, 1, 2, 4, 4, 1, 1, 4, 2, 1, 1, 1, 1, 2, 1, 2, 1, 1, 1, 1, 3, 2, 3, 0, 4, 0, 1, 1, 0, 3, 2, 2, 4, 0, 1, 1, 0, 2, 0, 1, 2, 2, 1, 4, 0, 3, 2, 1, 1, 2, 1, 3, 1, 1, 1, 3, 0, 4, 3, 1, 4, 1, 1, 2, 4, 1, 2, 1, 1, 3, 2, 3, 1, 1, 1, 1, 1, 1, 1, 1, 2, 3, 1, 1, 1, 2, 2, 2, 3, 4]|[0, 2, 1, 1, 3, 3, 0, 1, 0, 0, 0, 0, 1, 0, 1, 0, 0, 3, 1, 0, 0, 0, 3, 1, 0, 2, 0, 0, 0, 1, 0, 0, 0, 0, 3, 0, 1, 0, 0, 2, 1, 1, 2, 0, 0, 0, 0, 1, 1, 0, 0, 0, 1, 3, 0, 0, 1, 0, 0, 1, 0, 2, 0, 1, 0, 2, 1, 0, 0, 1, 1, 3, 0, 1, 3, 0, 1, 0, 0, 2, 1, 0, 0, 0, 1, 0, 0, 0, 0, 0, 1, 2, 0, 1, 1, 0, 0, 0, 0, 3],804.6875225521468,57746.82533348298,88068.50778672317,false
47,G1_CMAX,G1_CMAX,[31, 22, 90, 26, 58, 95, 42, 12, 93, 5, 78, 86, 98, 18, 20, 35, 3, 97, 91, 76, 10, 85, 54, 45, 63, 71, 66, 1, 23, 17, 24, 60, 36, 6, 57, 15, 65, 56, 47, 79, 94, 67, 50, 46, 14, 75, 38, 9, 30, 19, 32, 81, 27, 92, 83, 87, 40, 99, 59, 11, 53, 16, 72, 77, 73, 70, 39, 37, 84, 43, 62, 25, 55, 28, 29, 51, 68, 82, 74, 61, 88, 21, 80, 89, 7, 69, 96, 41, 48, 4, 8, 34, 49, 52, 0, 44, 13, 2, 64, 33]|[1, 1, 1, 1, 0, 2, 1, 1, 2, 2, 2, 1, 0, 1, 2, 2, 1, 2, 0, 1, 2, 2, 2, 0, 0, 1, 2, 1, 2, 1, 2, 1, 1, 0, 1, 1, 0, 2, 2, 1, 1, 0, 0, 0, 0, 1, 1, 1, 1, 2, 1, 2, 2, 0, 0, 2, 1, 0, 0, 2, 0, 1, 2, 2, 1, 1, 1, 1, 1, 1, 0, 1, 1, 0, 0, 0, 0, 0, 2, 1, 1, 0, 0, 1, 1, 1, 2, 2, 0, 1, 1, 2, 0, 1, 0, 0, 0, 0, 2, 2]|[0, 4, 3, 0, 1, 1, 2, 4, 1, 1, 2, 4, 1, 4, 1, 1, 1, 2, 2, 2, 2, 1, 1, 1, 2, 3, 2, 3, 0, 4, 1, 0, 3, 2, 2, 2, 1, 1, 1, 0, 2, 0, 1, 2, 1, 3, 1, 4, 2, 0, 3, 2, 1, 2, 1, 1, 4, 1, 1, 1, 2, 3, 0, 2, 4, 3, 1, 4, 1, 1, 1, 4, 4, 2, 1, 1, 1, 2, 1, 3, 0, 1, 1, 1, 1, 3, 1, 1, 1, 4, 3, 1, 1, 1, 2, 2, 2, 2, 1, 1]|[3, 0, 2, 3, 0, 0, 1, 0, 0, 0, 1, 0, 0, 3, 0, 0, 1, 1, 1, 2, 1, 0, 0, 0, 0, 0, 0, 0, 0, 3, 1, 0, 2, 1, 1, 1, 0, 0, 0, 0, 1, 1, 0, 0, 0, 0, 1, 3, 2, 0, 0, 1, 0, 1, 0, 0, 2, 0, 0, 0, 1, 2, 1, 1, 0, 0, 1, 1, 3, 3, 0, 3, 3, 1, 0, 0, 0, 1, 0, 0, 0, 0, 0, 1, 2, 2, 0, 0, 0, 0, 2, 0, 1, 1, 0, 0, 0, 0, 0, 0],705.0470749739228,58445.79123614564,95781.2895945797,false
47,G4_BALANCED,G4_BALANCED,[31, 22, 82, 15, 26, 58, 95, 42, 77, 12, 47, 5, 93, 78, 86, 54, 85, 63, 18, 44, 20, 35, 43, 97, 66, 76, 10, 30, 21, 45, 71, 64, 1, 23, 17, 83, 24, 14, 60, 36, 6, 57, 40, 88, 65, 56, 79, 94, 67, 68, 46, 75, 38, 9, 19, 32, 81, 41, 27, 62, 87, 90, 99, 59, 11, 16, 72, 73, 70, 39, 37, 84, 3, 92, 25, 74, 28, 29, 51, 7, 33, 61, 98, 48, 89, 50, 4, 96, 53, 80, 91, 8, 55, 49, 52, 0, 13, 2, 69, 34]|[1, 1, 0, 1, 1, 1, 1, 2, 2, 1, 2, 2, 2, 1, 1, 0, 0, 1, 0, 2, 2, 0, 1, 2, 2, 1, 2, 2, 0, 0, 1, 2, 1, 2, 1, 0, 2, 0, 1, 1, 0, 1, 1, 1, 0, 2, 1, 1, 0, 0, 0, 0, 1, 1, 2, 1, 2, 0, 0, 0, 2, 1, 0, 1, 2, 1, 2, 1, 1, 1, 1, 1, 1, 0, 1, 2, 0, 0, 0, 1, 2, 1, 0, 0, 1, 0, 0, 2, 0, 0, 0, 0, 1, 0, 1, 0, 0, 0, 1, 2]|[4, 3, 2, 2, 0, 0, 2, 2, 2, 4, 1, 1, 2, 4, 4, 1, 2, 4, 2, 1, 1, 1, 1, 2, 1, 2, 1, 1, 1, 1, 3, 1, 3, 1, 4, 0, 1, 1, 0, 3, 2, 2, 2, 0, 1, 1, 0, 4, 0, 1, 2, 2, 1, 4, 0, 3, 1, 1, 1, 2, 1, 3, 1, 1, 1, 3, 0, 4, 3, 1, 4, 1, 1, 2, 4, 1, 2, 1, 1, 3, 1, 3, 1, 1, 1, 1, 2, 1, 2, 1, 1, 1, 4, 1, 1, 2, 2, 2, 3, 1]|[0, 2, 1, 1, 3, 3, 1, 0, 0, 0, 0, 0, 1, 0, 1, 0, 0, 3, 1, 0, 0, 0, 3, 1, 0, 2, 0, 0, 0, 1, 0, 0, 0, 0, 3, 0, 1, 0, 0, 2, 1, 1, 1, 0, 0, 0, 0, 2, 1, 0, 0, 0, 1, 3, 0, 0, 0, 0, 0, 1, 0, 2, 0, 1, 0, 2, 1, 0, 0, 1, 1, 3, 1, 1, 3, 0, 1, 0, 0, 2, 0, 0, 0, 0, 1, 0, 1, 0, 1, 0, 0, 0, 3, 1, 1, 0, 0, 0, 0, 0],796.782775420739,56812.08658970495,90231.91113432166,false
47,G2_TEC,G2_TEC,[31, 22, 82, 15, 26, 9, 95, 42, 77, 68, 47, 5, 93, 78, 86, 54, 85, 63, 18, 44, 20, 49, 36, 14, 74, 50, 53, 17, 21, 28, 11, 64, 3, 23, 30, 83, 24, 41, 40, 52, 65, 27, 90, 70, 39, 87, 48, 69, 99, 4, 46, 1, 13, 58, 97, 59, 45, 8, 73, 37, 35, 79, 71, 66, 76, 32, 60, 80, 56, 6, 67, 61, 33, 7, 57, 34, 12, 16, 10, 98, 96, 88, 43, 81, 91, 2, 84, 29, 92, 19, 51, 89, 75, 55, 25, 72, 94, 38, 62, 0]|[2, 1, 2, 1, 1, 2, 1, 1, 1, 1, 1, 0, 2, 2, 1, 2, 0, 0, 0, 2, 2, 1, 0, 2, 0, 2, 2, 1, 0, 1, 1, 1, 0, 0, 1, 0, 2, 1, 2, 2, 0, 0, 1, 1, 0, 2, 0, 2, 1, 0, 0, 2, 0, 0, 2, 0, 1, 1, 0, 0, 2, 1, 1, 2, 2, 0, 2, 2, 2, 1, 2, 1, 1, 2, 0, 1, 1, 2, 1, 2, 0, 1, 1, 1, 1, 0, 0, 1, 0, 1, 1, 1, 0, 0, 1, 1, 2, 0, 1, 0]|[0, 3, 0, 3, 4, 1, 4, 4, 2, 4, 3, 2, 1, 0, 2, 1, 1, 1, 2, 1, 1, 3, 0, 1, 0, 1, 1, 4, 1, 4, 3, 2, 2, 0, 4, 1, 1, 4, 1, 1, 2, 1, 4, 4, 1, 1, 0, 1, 3, 2, 2, 1, 2, 1, 1, 2, 4, 3, 0, 2, 2, 3, 3, 1, 1, 2, 1, 1, 1, 4, 1, 3, 4, 1, 2, 4, 3, 1, 3, 1, 2, 4, 4, 4, 3, 2, 2, 3, 2, 4, 3, 4, 2, 2, 4, 4, 1, 2, 3, 2]|[0, 2, 0, 0, 3, 0, 1, 3, 0, 0, 2, 0, 0, 0, 1, 0, 0, 0, 1, 0, 0, 2, 0, 0, 1, 0, 0, 3, 0, 1, 0, 2, 0, 0, 3, 0, 1, 1, 0, 0, 0, 0, 1, 3, 0, 0, 1, 0, 2, 0, 0, 0, 0, 0, 1, 0, 1, 0, 1, 1, 0, 2, 0, 0, 0, 0, 0, 0, 0, 2, 0, 0, 1, 0, 0, 1, 0, 0, 3, 0, 0, 1, 2, 2, 0, 0, 0, 3, 0, 1, 0, 1, 0, 0, 3, 1, 0, 0, 0, 0],931.35319649833,48904.64914180878,108427.19628251252,false
47,G3_TWC,G3_TWC,[31, 22, 42, 15, 26, 58, 95, 82, 77, 12, 47, 5, 93, 78, 98, 54, 85, 63, 18, 44, 20, 35, 43, 97, 91, 76, 10, 30, 21, 45, 71, 64, 1, 23, 17, 83, 24, 61, 60, 36, 6, 57, 94, 88, 65, 56, 79, 40, 67, 68, 46, 75, 38, 9, 19, 32, 81, 41, 27, 62, 87, 90, 99, 59, 11, 16, 72, 73, 70, 39, 37, 84, 3, 92, 25, 74, 28, 29, 51, 7, 53, 14, 86, 48, 89, 50, 66, 96, 33, 80, 4, 8, 34, 49, 52, 0, 13, 2, 69, 55]|[1, 1, 0, 1, 1, 1, 2, 1, 2, 1, 2, 2, 2, 1, 1, 0, 0, 1, 0, 2, 2, 0, 1, 2, 0, 1, 2, 2, 0, 0, 1, 2, 1, 2, 1, 0, 2, 0, 1, 1, 0, 1, 1, 1, 0, 2, 1, 1, 0, 0, 0, 0, 1, 1, 2, 1, 2, 0, 0, 0, 2, 1, 0, 1, 2, 1, 2, 1, 1, 1, 1, 1, 2, 0, 1, 2, 0, 0, 0, 1, 0, 1, 0, 0, 1, 0, 0, 0, 2, 0, 0, 1, 2, 0, 1, 0, 0, 0, 1, 1]|[4, 3, 2, 2, 0, 0, 2, 2, 2, 4, 1, 1, 2, 4, 4, 1, 1, 4, 2, 1, 1, 1, 1, 2, 1, 2, 1, 1, 1, 1, 3, 2, 3, 0, 4, 0, 1, 1, 0, 3, 2, 2, 4, 0, 1, 1, 0, 2, 0, 1, 2, 2, 1, 4, 0, 3, 2, 1, 1, 2, 1, 3, 1, 1, 1, 3, 0, 4, 3, 1, 4, 1, 1, 2, 4, 1, 2, 1, 1, 3, 2, 3, 1, 1, 1, 1, 1, 1, 1, 1, 2, 3, 1, 1, 1, 2, 2, 2, 3, 4]|[0, 2, 1, 1, 3, 3, 0, 1, 0, 0, 0, 0, 1, 0, 1, 0, 0, 3, 1, 0, 0, 0, 3, 1, 0, 2, 0, 0, 0, 1, 0, 0, 0, 0, 3, 0, 1, 0, 0, 2, 1, 1, 2, 0, 0, 0, 0, 1, 1, 0, 0, 0, 1, 3, 0, 0, 1, 0, 0, 1, 0, 2, 0, 1, 0, 2, 1, 0, 0, 1, 1, 3, 0, 1, 3, 0, 1, 0, 0, 2, 1, 0, 0, 0, 1, 0, 0, 0, 0, 0, 1, 2, 0, 1, 1, 0, 0, 0, 0, 3],804.6875225521468,57746.82533348298,88068.50778672317,false
47,G1_CMAX,G1_CMAX,[31, 22, 90, 26, 58, 95, 42, 12, 93, 5, 78, 86, 98, 18, 20, 35, 3, 97, 91, 76, 10, 85, 54, 45, 63, 71, 66, 1, 23, 17, 24, 60, 36, 6, 57, 15, 65, 56, 47, 79, 94, 67, 50, 46, 14, 75, 38, 9, 30, 19, 32, 81, 27, 92, 83, 87, 40, 99, 59, 11, 53, 16, 72, 77, 73, 70, 39, 37, 84, 43, 62, 25, 55, 28, 29, 51, 68, 82, 74, 61, 88, 21, 80, 89, 7, 69, 96, 41, 48, 4, 8, 34, 49, 52, 0, 44, 13, 2, 64, 33]|[1, 1, 1, 1, 0, 2, 1, 1, 2, 2, 2, 1, 0, 1, 2, 2, 1, 2, 0, 1, 2, 2, 2, 0, 0, 1, 2, 1, 2, 1, 2, 1, 1, 0, 1, 1, 0, 2, 2, 1, 1, 0, 0, 0, 0, 1, 1, 1, 1, 2, 1, 2, 2, 0, 0, 2, 1, 0, 0, 2, 0, 1, 2, 2, 1, 1, 1, 1, 1, 1, 0, 1, 1, 0, 0, 0, 0, 0, 2, 1, 1, 0, 0, 1, 1, 1, 2, 2, 0, 1, 1, 2, 0, 1, 0, 0, 0, 0, 2, 2]|[0, 4, 3, 0, 1, 1, 2, 4, 1, 1, 2, 4, 1, 4, 1, 1, 1, 2, 2, 2, 2, 1, 1, 1, 2, 3, 2, 3, 0, 4, 1, 0, 3, 2, 2, 2, 1, 1, 1, 0, 2, 0, 1, 2, 1, 3, 1, 4, 2, 0, 3, 2, 1, 2, 1, 1, 4, 1, 1, 1, 2, 3, 0, 2, 4, 3, 1, 4, 1, 1, 1, 4, 4, 2, 1, 1, 1, 2, 1, 3, 0, 1, 1, 1, 1, 3, 1, 1, 1, 4, 3, 1, 1, 1, 2, 2, 2, 2, 1, 1]|[3, 0, 2, 3, 0, 0, 1, 0, 0, 0, 1, 0, 0, 3, 0, 0, 1, 1, 1, 2, 1, 0, 0, 0, 0, 0, 0, 0, 0, 3, 1, 0, 2, 1, 1, 1, 0, 0, 0, 0, 1, 1, 0, 0, 0, 0, 1, 3, 2, 0, 0, 1, 0, 1, 0, 0, 2, 0, 0, 0, 1, 2, 1, 1, 0, 0, 1, 1, 3, 3, 0, 3, 3, 1, 0, 0, 0, 1, 0, 0, 0, 0, 0, 1, 2, 2, 0, 0, 0, 0, 2, 0, 1, 1, 0, 0, 0, 0, 0, 0],705.0470749739228,58445.79123614564,95781.2895945797,false
47,G4_BALANCED,G4_BALANCED,[31, 22, 82, 15, 26, 58, 95, 42, 77, 12, 47, 5, 93, 78, 86, 54, 85, 63, 18, 44, 20, 35, 43, 97, 66, 76, 10, 30, 21, 45, 71, 64, 1, 23, 17, 83, 24, 14, 60, 36, 6, 57, 40, 88, 65, 56, 79, 94, 67, 68, 46, 75, 38, 9, 19, 32, 81, 41, 27, 62, 87, 90, 99, 59, 11, 16, 72, 73, 70, 39, 37, 84, 3, 92, 25, 74, 28, 29, 51, 7, 33, 61, 98, 48, 89, 50, 4, 96, 53, 80, 91, 8, 55, 49, 52, 0, 13, 2, 69, 34]|[1, 1, 0, 1, 1, 1, 1, 2, 2, 1, 2, 2, 2, 1, 1, 0, 0, 1, 0, 2, 2, 0, 1, 2, 2, 1, 2, 2, 0, 0, 1, 2, 1, 2, 1, 0, 2, 0, 1, 1, 0, 1, 1, 1, 0, 2, 1, 1, 0, 0, 0, 0, 1, 1, 2, 1, 2, 0, 0, 0, 2, 1, 0, 1, 2, 1, 2, 1, 1, 1, 1, 1, 1, 0, 1, 2, 0, 0, 0, 1, 2, 1, 0, 0, 1, 0, 0, 2, 0, 0, 0, 0, 1, 0, 1, 0, 0, 0, 1, 2]|[4, 3, 2, 2, 0, 0, 2, 2, 2, 4, 1, 1, 2, 4, 4, 1, 2, 4, 2, 1, 1, 1, 1, 2, 1, 2, 1, 1, 1, 1, 3, 1, 3, 1, 4, 0, 1, 1, 0, 3, 2, 2, 2, 0, 1, 1, 0, 4, 0, 1, 2, 2, 1, 4, 0, 3, 1, 1, 1, 2, 1, 3, 1, 1, 1, 3, 0, 4, 3, 1, 4, 1, 1, 2, 4, 1, 2, 1, 1, 3, 1, 3, 1, 1, 1, 1, 2, 1, 2, 1, 1, 1, 4, 1, 1, 2, 2, 2, 3, 1]|[0, 2, 1, 1, 3, 3, 1, 0, 0, 0, 0, 0, 1, 0, 1, 0, 0, 3, 1, 0, 0, 0, 3, 1, 0, 2, 0, 0, 0, 1, 0, 0, 0, 0, 3, 0, 1, 0, 0, 2, 1, 1, 1, 0, 0, 0, 0, 2, 1, 0, 0, 0, 1, 3, 0, 0, 0, 0, 0, 1, 0, 2, 0, 1, 0, 2, 1, 0, 0, 1, 1, 3, 1, 1, 3, 0, 1, 0, 0, 2, 0, 0, 0, 0, 1, 0, 1, 0, 1, 0, 0, 0, 3, 1, 1, 0, 0, 0, 0, 0],796.782775420739,56812.08658970495,90231.91113432166,false
47,G2_TEC,G2_TEC,[31, 22, 82, 15, 26, 9, 95, 42, 77, 68, 47, 5, 93, 78, 86, 54, 85, 63, 18, 44, 20, 49, 36, 14, 74, 50, 53, 17, 21, 28, 11, 64, 3, 23, 30, 83, 24, 41, 40, 52, 65, 27, 90, 70, 39, 87, 48, 69, 99, 4, 46, 1, 13, 58, 97, 59, 45, 8, 73, 37, 35, 79, 71, 66, 76, 32, 60, 80, 56, 6, 67, 61, 33, 7, 57, 34, 12, 16, 10, 98, 96, 88, 43, 81, 91, 2, 84, 29, 92, 19, 51, 89, 75, 55, 25, 72, 94, 38, 62, 0]|[2, 1, 2, 1, 1, 2, 1, 1, 1, 1, 1, 0, 2, 2, 1, 2, 0, 0, 0, 2, 2, 1, 0, 2, 0, 2, 2, 1, 0, 1, 1, 1, 0, 0, 1, 0, 2, 1, 2, 2, 0, 0, 1, 1, 0, 2, 0, 2, 1, 0, 0, 2, 0, 0, 2, 0, 1, 1, 0, 0, 2, 1, 1, 2, 2, 0, 2, 2, 2, 1, 2, 1, 1, 2, 0, 1, 1, 2, 1, 2, 0, 1, 1, 1, 1, 0, 0, 1, 0, 1, 1, 1, 0, 0, 1, 1, 2, 0, 1, 0]|[0, 3, 0, 3, 4, 1, 4, 4, 2, 4, 3, 2, 1, 0, 2, 1, 1, 1, 2, 1, 1, 3, 0, 1, 0, 1, 1, 4, 1, 4, 3, 2, 2, 0, 4, 1, 1, 4, 1, 1, 2, 1, 4, 4, 1, 1, 0, 1, 3, 2, 2, 1, 2, 1, 1, 2, 4, 3, 0, 2, 2, 3, 3, 1, 1, 2, 1, 1, 1, 4, 1, 3, 4, 1, 2, 4, 3, 1, 3, 1, 2, 4, 4, 4, 3, 2, 2, 3, 2, 4, 3, 4, 2, 2, 4, 4, 1, 2, 3, 2]|[0, 2, 0, 0, 3, 0, 1, 3, 0, 0, 2, 0, 0, 0, 1, 0, 0, 0, 1, 0, 0, 2, 0, 0, 1, 0, 0, 3, 0, 1, 0, 2, 0, 0, 3, 0, 1, 1, 0, 0, 0, 0, 1, 3, 0, 0, 1, 0, 2, 0, 0, 0, 0, 0, 1, 0, 1, 0, 1, 1, 0, 2, 0, 0, 0, 0, 0, 0, 0, 2, 0, 0, 1, 0, 0, 1, 0, 0, 3, 0, 0, 1, 2, 2, 0, 0, 0, 3, 0, 1, 0, 1, 0, 0, 3, 1, 0, 0, 0, 0],931.35319649833,48904.64914180878,108427.19628251252,false
47,G3_TWC,G3_TWC,[31, 22, 42, 15, 26, 58, 95, 82, 77, 12, 47, 5, 93, 78, 98, 54, 85, 63, 18, 44, 20, 35, 43, 97, 91, 76, 10, 30, 21, 45, 71, 64, 1, 23, 17, 83, 24, 61, 60, 36, 6, 57, 94, 88, 65, 56, 79, 40, 67, 68, 46, 75, 38, 9, 19, 32, 81, 41, 27, 62, 87, 90, 99, 59, 11, 16, 72, 73, 70, 39, 37, 84, 3, 92, 25, 74, 28, 29, 51, 7, 53, 14, 86, 48, 89, 50, 66, 96, 33, 80, 4, 8, 34, 49, 52, 0, 13, 2, 69, 55]|[1, 1, 0, 1, 1, 1, 2, 1, 2, 1, 2, 2, 2, 1, 1, 0, 0, 1, 0, 2, 2, 0, 1, 2, 0, 1, 2, 2, 0, 0, 1, 2, 1, 2, 1, 0, 2, 0, 1, 1, 0, 1, 1, 1, 0, 2, 1, 1, 0, 0, 0, 0, 1, 1, 2, 1, 2, 0, 0, 0, 2, 1, 0, 1, 2, 1, 2, 1, 1, 1, 1, 1, 2, 0, 1, 2, 0, 0, 0, 1, 0, 1, 0, 0, 1, 0, 0, 0, 2, 0, 0, 1, 2, 0, 1, 0, 0, 0, 1, 1]|[4, 3, 2, 2, 0, 0, 2, 2, 2, 4, 1, 1, 2, 4, 4, 1, 1, 4, 2, 1, 1, 1, 1, 2, 1, 2, 1, 1, 1, 1, 3, 2, 3, 0, 4, 0, 1, 1, 0, 3, 2, 2, 4, 0, 1, 1, 0, 2, 0, 1, 2, 2, 1, 4, 0, 3, 2, 1, 1, 2, 1, 3, 1, 1, 1, 3, 0, 4, 3, 1, 4, 1, 1, 2, 4, 1, 2, 1, 1, 3, 2, 3, 1, 1, 1, 1, 1, 1, 1, 1, 2, 3, 1, 1, 1, 2, 2, 2, 3, 4]|[0, 2, 1, 1, 3, 3, 0, 1, 0, 0, 0, 0, 1, 0, 1, 0, 0, 3, 1, 0, 0, 0, 3, 1, 0, 2, 0, 0, 0, 1, 0, 0, 0, 0, 3, 0, 1, 0, 0, 2, 1, 1, 2, 0, 0, 0, 0, 1, 1, 0, 0, 0, 1, 3, 0, 0, 1, 0, 0, 1, 0, 2, 0, 1, 0, 2, 1, 0, 0, 1, 1, 3, 0, 1, 3, 0, 1, 0, 0, 2, 1, 0, 0, 0, 1, 0, 0, 0, 0, 0, 1, 2, 0, 1, 1, 0, 0, 0, 0, 3],804.6875225521468,57746.82533348298,88068.50778672317,false
47,G1_CMAX,G1_CMAX,[31, 22, 90, 26, 58, 95, 42, 12, 93, 5, 78, 86, 98, 18, 20, 35, 3, 97, 91, 76, 10, 85, 54, 45, 63, 71, 66, 1, 23, 17, 24, 60, 36, 6, 57, 15, 65, 56, 47, 79, 94, 67, 50, 46, 14, 75, 38, 9, 30, 19, 32, 81, 27, 92, 83, 87, 40, 99, 59, 11, 53, 16, 72, 77, 73, 70, 39, 37, 84, 43, 62, 25, 55, 28, 29, 51, 68, 82, 74, 61, 88, 21, 80, 89, 7, 69, 96, 41, 48, 4, 8, 34, 49, 52, 0, 44, 13, 2, 64, 33]|[1, 1, 1, 1, 0, 2, 1, 1, 2, 2, 2, 1, 0, 1, 2, 2, 1, 2, 0, 1, 2, 2, 2, 0, 0, 1, 2, 1, 2, 1, 2, 1, 1, 0, 1, 1, 0, 2, 2, 1, 1, 0, 0, 0, 0, 1, 1, 1, 1, 2, 1, 2, 2, 0, 0, 2, 1, 0, 0, 2, 0, 1, 2, 2, 1, 1, 1, 1, 1, 1, 0, 1, 1, 0, 0, 0, 0, 0, 2, 1, 1, 0, 0, 1, 1, 1, 2, 2, 0, 1, 1, 2, 0, 1, 0, 0, 0, 0, 2, 2]|[0, 4, 3, 0, 1, 1, 2, 4, 1, 1, 2, 4, 1, 4, 1, 1, 1, 2, 2, 2, 2, 1, 1, 1, 2, 3, 2, 3, 0, 4, 1, 0, 3, 2, 2, 2, 1, 1, 1, 0, 2, 0, 1, 2, 1, 3, 1, 4, 2, 0, 3, 2, 1, 2, 1, 1, 4, 1, 1, 1, 2, 3, 0, 2, 4, 3, 1, 4, 1, 1, 1, 4, 4, 2, 1, 1, 1, 2, 1, 3, 0, 1, 1, 1, 1, 3, 1, 1, 1, 4, 3, 1, 1, 1, 2, 2, 2, 2, 1, 1]|[3, 0, 2, 3, 0, 0, 1, 0, 0, 0, 1, 0, 0, 3, 0, 0, 1, 1, 1, 2, 1, 0, 0, 0, 0, 0, 0, 0, 0, 3, 1, 0, 2, 1, 1, 1, 0, 0, 0, 0, 1, 1, 0, 0, 0, 0, 1, 3, 2, 0, 0, 1, 0, 1, 0, 0, 2, 0, 0, 0, 1, 2, 1, 1, 0, 0, 1, 1, 3, 3, 0, 3, 3, 1, 0, 0, 0, 1, 0, 0, 0, 0, 0, 1, 2, 2, 0, 0, 0, 0, 2, 0, 1, 1, 0, 0, 0, 0, 0, 0],705.0470749739228,58445.79123614564,95781.2895945797,false
47,G4_BALANCED,G4_BALANCED,[31, 22, 82, 15, 26, 58, 95, 42, 77, 12, 47, 5, 93, 78, 86, 54, 85, 63, 18, 44, 20, 35, 43, 97, 66, 76, 10, 30, 21, 45, 71, 64, 1, 23, 17, 83, 24, 14, 60, 36, 6, 57, 40, 88, 65, 56, 79, 94, 67, 68, 46, 75, 38, 9, 19, 32, 81, 41, 27, 62, 87, 90, 99, 59, 11, 16, 72, 73, 70, 39, 37, 84, 3, 92, 25, 74, 28, 29, 51, 7, 33, 61, 98, 48, 89, 50, 4, 96, 53, 80, 91, 8, 55, 49, 52, 0, 13, 2, 69, 34]|[1, 1, 0, 1, 1, 1, 1, 2, 2, 1, 2, 2, 2, 1, 1, 0, 0, 1, 0, 2, 2, 0, 1, 2, 2, 1, 2, 2, 0, 0, 1, 2, 1, 2, 1, 0, 2, 0, 1, 1, 0, 1, 1, 1, 0, 2, 1, 1, 0, 0, 0, 0, 1, 1, 2, 1, 2, 0, 0, 0, 2, 1, 0, 1, 2, 1, 2, 1, 1, 1, 1, 1, 1, 0, 1, 2, 0, 0, 0, 1, 2, 1, 0, 0, 1, 0, 0, 2, 0, 0, 0, 0, 1, 0, 1, 0, 0, 0, 1, 2]|[4, 3, 2, 2, 0, 0, 2, 2, 2, 4, 1, 1, 2, 4, 4, 1, 2, 4, 2, 1, 1, 1, 1, 2, 1, 2, 1, 1, 1, 1, 3, 1, 3, 1, 4, 0, 1, 1, 0, 3, 2, 2, 2, 0, 1, 1, 0, 4, 0, 1, 2, 2, 1, 4, 0, 3, 1, 1, 1, 2, 1, 3, 1, 1, 1, 3, 0, 4, 3, 1, 4, 1, 1, 2, 4, 1, 2, 1, 1, 3, 1, 3, 1, 1, 1, 1, 2, 1, 2, 1, 1, 1, 4, 1, 1, 2, 2, 2, 3, 1]|[0, 2, 1, 1, 3, 3, 1, 0, 0, 0, 0, 0, 1, 0, 1, 0, 0, 3, 1, 0, 0, 0, 3, 1, 0, 2, 0, 0, 0, 1, 0, 0, 0, 0, 3, 0, 1, 0, 0, 2, 1, 1, 1, 0, 0, 0, 0, 2, 1, 0, 0, 0, 1, 3, 0, 0, 0, 0, 0, 1, 0, 2, 0, 1, 0, 2, 1, 0, 0, 1, 1, 3, 1, 1, 3, 0, 1, 0, 0, 2, 0, 0, 0, 0, 1, 0, 1, 0, 1, 0, 0, 0, 3, 1, 1, 0, 0, 0, 0, 0],796.782775420739,56812.08658970495,90231.91113432166,false
47,G2_TEC,G2_TEC,[31, 22, 82, 15, 26, 9, 95, 42, 77, 68, 47, 5, 93, 78, 86, 54, 85, 63, 18, 44, 20, 49, 36, 14, 74, 50, 53, 17, 21, 28, 11, 64, 3, 23, 30, 83, 24, 41, 40, 52, 65, 27, 90, 70, 39, 87, 48, 69, 99, 4, 46, 1, 13, 58, 97, 59, 45, 8, 73, 37, 35, 79, 71, 66, 76, 32, 60, 80, 56, 6, 67, 61, 33, 7, 57, 34, 12, 16, 10, 98, 96, 88, 43, 81, 91, 2, 84, 29, 92, 19, 51, 89, 75, 55, 25, 72, 94, 38, 62, 0]|[2, 1, 2, 1, 1, 2, 1, 1, 1, 1, 1, 0, 2, 2, 1, 2, 0, 0, 0, 2, 2, 1, 0, 2, 0, 2, 2, 1, 0, 1, 1, 1, 0, 0, 1, 0, 2, 1, 2, 2, 0, 0, 1, 1, 0, 2, 0, 2, 1, 0, 0, 2, 0, 0, 2, 0, 1, 1, 0, 0, 2, 1, 1, 2, 2, 0, 2, 2, 2, 1, 2, 1, 1, 2, 0, 1, 1, 2, 1, 2, 0, 1, 1, 1, 1, 0, 0, 1, 0, 1, 1, 1, 0, 0, 1, 1, 2, 0, 1, 0]|[0, 3, 0, 3, 4, 1, 4, 4, 2, 4, 3, 2, 1, 0, 2, 1, 1, 1, 2, 1, 1, 3, 0, 1, 0, 1, 1, 4, 1, 4, 3, 2, 2, 0, 4, 1, 1, 4, 1, 1, 2, 1, 4, 4, 1, 1, 0, 1, 3, 2, 2, 1, 2, 1, 1, 2, 4, 3, 0, 2, 2, 3, 3, 1, 1, 2, 1, 1, 1, 4, 1, 3, 4, 1, 2, 4, 3, 1, 3, 1, 2, 4, 4, 4, 3, 2, 2, 3, 2, 4, 3, 4, 2, 2, 4, 4, 1, 2, 3, 2]|[0, 2, 0, 0, 3, 0, 1, 3, 0, 0, 2, 0, 0, 0, 1, 0, 0, 0, 1, 0, 0, 2, 0, 0, 1, 0, 0, 3, 0, 1, 0, 2, 0, 0, 3, 0, 1, 1, 0, 0, 0, 0, 1, 3, 0, 0, 1, 0, 2, 0, 0, 0, 0, 0, 1, 0, 1, 0, 1, 1, 0, 2, 0, 0, 0, 0, 0, 0, 0, 2, 0, 0, 1, 0, 0, 1, 0, 0, 3, 0, 0, 1, 2, 2, 0, 0, 0, 3, 0, 1, 0, 1, 0, 0, 3, 1, 0, 0, 0, 0],931.35319649833,48904.64914180878,108427.19628251252,false
47,G3_TWC,G3_TWC,[31, 22, 42, 15, 26, 58, 95, 82, 77, 12, 47, 5, 93, 78, 98, 54, 85, 63, 18, 44, 20, 35, 43, 97, 91, 76, 10, 30, 21, 45, 71, 64, 1, 23, 17, 83, 24, 61, 60, 36, 6, 57, 94, 88, 65, 56, 79, 40, 67, 68, 46, 75, 38, 9, 19, 32, 81, 41, 27, 62, 87, 90, 99, 59, 11, 16, 72, 73, 70, 39, 37, 84, 3, 92, 25, 74, 28, 29, 51, 7, 53, 14, 86, 48, 89, 50, 66, 96, 33, 80, 4, 8, 34, 49, 52, 0, 13, 2, 69, 55]|[1, 1, 0, 1, 1, 1, 2, 1, 2, 1, 2, 2, 2, 1, 1, 0, 0, 1, 0, 2, 2, 0, 1, 2, 0, 1, 2, 2, 0, 0, 1, 2, 1, 2, 1, 0, 2, 0, 1, 1, 0, 1, 1, 1, 0, 2, 1, 1, 0, 0, 0, 0, 1, 1, 2, 1, 2, 0, 0, 0, 2, 1, 0, 1, 2, 1, 2, 1, 1, 1, 1, 1, 2, 0, 1, 2, 0, 0, 0, 1, 0, 1, 0, 0, 1, 0, 0, 0, 2, 0, 0, 1, 2, 0, 1, 0, 0, 0, 1, 1]|[4, 3, 2, 2, 0, 0, 2, 2, 2, 4, 1, 1, 2, 4, 4, 1, 1, 4, 2, 1, 1, 1, 1, 2, 1, 2, 1, 1, 1, 1, 3, 2, 3, 0, 4, 0, 1, 1, 0, 3, 2, 2, 4, 0, 1, 1, 0, 2, 0, 1, 2, 2, 1, 4, 0, 3, 2, 1, 1, 2, 1, 3, 1, 1, 1, 3, 0, 4, 3, 1, 4, 1, 1, 2, 4, 1, 2, 1, 1, 3, 2, 3, 1, 1, 1, 1, 1, 1, 1, 1, 2, 3, 1, 1, 1, 2, 2, 2, 3, 4]|[0, 2, 1, 1, 3, 3, 0, 1, 0, 0, 0, 0, 1, 0, 1, 0, 0, 3, 1, 0, 0, 0, 3, 1, 0, 2, 0, 0, 0, 1, 0, 0, 0, 0, 3, 0, 1, 0, 0, 2, 1, 1, 2, 0, 0, 0, 0, 1, 1, 0, 0, 0, 1, 3, 0, 0, 1, 0, 0, 1, 0, 2, 0, 1, 0, 2, 1, 0, 0, 1, 1, 3, 0, 1, 3, 0, 1, 0, 0, 2, 1, 0, 0, 0, 1, 0, 0, 0, 0, 0, 1, 2, 0, 1, 1, 0, 0, 0, 0, 3],804.6875225521468,57746.82533348298,88068.50778672317,false
47,G1_CMAX,G1_CMAX,[31, 22, 90, 26, 58, 95, 42, 12, 93, 5, 78, 86, 98, 18, 20, 35, 3, 97, 91, 76, 10, 85, 54, 45, 63, 71, 66, 1, 23, 17, 24, 60, 36, 6, 57, 15, 65, 56, 47, 79, 94, 67, 50, 46, 14, 75, 38, 9, 30, 19, 32, 81, 27, 92, 83, 87, 40, 99, 59, 11, 53, 16, 72, 77, 73, 70, 39, 37, 84, 43, 62, 25, 55, 28, 29, 51, 68, 82, 74, 61, 88, 21, 80, 89, 7, 69, 96, 41, 48, 4, 8, 34, 49, 52, 0, 44, 13, 2, 64, 33]|[1, 1, 1, 1, 0, 2, 1, 1, 2, 2, 2, 1, 0, 1, 2, 2, 1, 2, 0, 1, 2, 2, 2, 0, 0, 1, 2, 1, 2, 1, 2, 1, 1, 0, 1, 1, 0, 2, 2, 1, 1, 0, 0, 0, 0, 1, 1, 1, 1, 2, 1, 2, 2, 0, 0, 2, 1, 0, 0, 2, 0, 1, 2, 2, 1, 1, 1, 1, 1, 1, 0, 1, 1, 0, 0, 0, 0, 0, 2, 1, 1, 0, 0, 1, 1, 1, 2, 2, 0, 1, 1, 2, 0, 1, 0, 0, 0, 0, 2, 2]|[0, 4, 3, 0, 1, 1, 2, 4, 1, 1, 2, 4, 1, 4, 1, 1, 1, 2, 2, 2, 2, 1, 1, 1, 2, 3, 2, 3, 0, 4, 1, 0, 3, 2, 2, 2, 1, 1, 1, 0, 2, 0, 1, 2, 1, 3, 1, 4, 2, 0, 3, 2, 1, 2, 1, 1, 4, 1, 1, 1, 2, 3, 0, 2, 4, 3, 1, 4, 1, 1, 1, 4, 4, 2, 1, 1, 1, 2, 1, 3, 0, 1, 1, 1, 1, 3, 1, 1, 1, 4, 3, 1, 1, 1, 2, 2, 2, 2, 1, 1]|[3, 0, 2, 3, 0, 0, 1, 0, 0, 0, 1, 0, 0, 3, 0, 0, 1, 1, 1, 2, 1, 0, 0, 0, 0, 0, 0, 0, 0, 3, 1, 0, 2, 1, 1, 1, 0, 0, 0, 0, 1, 1, 0, 0, 0, 0, 1, 3, 2, 0, 0, 1, 0, 1, 0, 0, 2, 0, 0, 0, 1, 2, 1, 1, 0, 0, 1, 1, 3, 3, 0, 3, 3, 1, 0, 0, 0, 1, 0, 0, 0, 0, 0, 1, 2, 2, 0, 0, 0, 0, 2, 0, 1, 1, 0, 0, 0, 0, 0, 0],705.0470749739228,58445.79123614564,95781.2895945797,false
47,G4_BALANCED,G4_BALANCED,[31, 22, 82, 15, 26, 58, 95, 42, 77, 12, 47, 5, 93, 78, 86, 54, 85, 63, 18, 44, 20, 35, 43, 97, 66, 76, 10, 30, 21, 45, 71, 64, 1, 23, 17, 83, 24, 14, 60, 36, 6, 57, 40, 88, 65, 56, 79, 94, 67, 68, 46, 75, 38, 9, 19, 32, 81, 41, 27, 62, 87, 90, 99, 59, 11, 16, 72, 73, 70, 39, 37, 84, 3, 92, 25, 74, 28, 29, 51, 7, 33, 61, 98, 48, 89, 50, 4, 96, 53, 80, 91, 8, 55, 49, 52, 0, 13, 2, 69, 34]|[1, 1, 0, 1, 1, 1, 1, 2, 2, 1, 2, 2, 2, 1, 1, 0, 0, 1, 0, 2, 2, 0, 1, 2, 2, 1, 2, 2, 0, 0, 1, 2, 1, 2, 1, 0, 2, 0, 1, 1, 0, 1, 1, 1, 0, 2, 1, 1, 0, 0, 0, 0, 1, 1, 2, 1, 2, 0, 0, 0, 2, 1, 0, 1, 2, 1, 2, 1, 1, 1, 1, 1, 1, 0, 1, 2, 0, 0, 0, 1, 2, 1, 0, 0, 1, 0, 0, 2, 0, 0, 0, 0, 1, 0, 1, 0, 0, 0, 1, 2]|[4, 3, 2, 2, 0, 0, 2, 2, 2, 4, 1, 1, 2, 4, 4, 1, 2, 4, 2, 1, 1, 1, 1, 2, 1, 2, 1, 1, 1, 1, 3, 1, 3, 1, 4, 0, 1, 1, 0, 3, 2, 2, 2, 0, 1, 1, 0, 4, 0, 1, 2, 2, 1, 4, 0, 3, 1, 1, 1, 2, 1, 3, 1, 1, 1, 3, 0, 4, 3, 1, 4, 1, 1, 2, 4, 1, 2, 1, 1, 3, 1, 3, 1, 1, 1, 1, 2, 1, 2, 1, 1, 1, 4, 1, 1, 2, 2, 2, 3, 1]|[0, 2, 1, 1, 3, 3, 1, 0, 0, 0, 0, 0, 1, 0, 1, 0, 0, 3, 1, 0, 0, 0, 3, 1, 0, 2, 0, 0, 0, 1, 0, 0, 0, 0, 3, 0, 1, 0, 0, 2, 1, 1, 1, 0, 0, 0, 0, 2, 1, 0, 0, 0, 1, 3, 0, 0, 0, 0, 0, 1, 0, 2, 0, 1, 0, 2, 1, 0, 0, 1, 1, 3, 1, 1, 3, 0, 1, 0, 0, 2, 0, 0, 0, 0, 1, 0, 1, 0, 1, 0, 0, 0, 3, 1, 1, 0, 0, 0, 0, 0],796.782775420739,56812.08658970495,90231.91113432166,false
47,G2_TEC,G2_TEC,[31, 22, 82, 15, 26, 9, 95, 42, 77, 68, 47, 5, 93, 78, 86, 54, 85, 63, 18, 44, 20, 49, 36, 14, 74, 50, 53, 17, 21, 28, 11, 64, 3, 23, 30, 83, 24, 41, 40, 52, 65, 27, 90, 70, 39, 87, 48, 69, 99, 4, 46, 1, 13, 58, 97, 59, 45, 8, 73, 37, 35, 79, 71, 66, 76, 32, 60, 80, 56, 6, 67, 61, 33, 7, 57, 34, 12, 16, 10, 98, 96, 88, 43, 81, 91, 2, 84, 29, 92, 19, 51, 89, 75, 55, 25, 72, 94, 38, 62, 0]|[2, 1, 2, 1, 1, 2, 1, 1, 1, 1, 1, 0, 2, 2, 1, 2, 0, 0, 0, 2, 2, 1, 0, 2, 0, 2, 2, 1, 0, 1, 1, 1, 0, 0, 1, 0, 2, 1, 2, 2, 0, 0, 1, 1, 0, 2, 0, 2, 1, 0, 0, 2, 0, 0, 2, 0, 1, 1, 0, 0, 2, 1, 1, 2, 2, 0, 2, 2, 2, 1, 2, 1, 1, 2, 0, 1, 1, 2, 1, 2, 0, 1, 1, 1, 1, 0, 0, 1, 0, 1, 1, 1, 0, 0, 1, 1, 2, 0, 1, 0]|[0, 3, 0, 3, 4, 1, 4, 4, 2, 4, 3, 2, 1, 0, 2, 1, 1, 1, 2, 1, 1, 3, 0, 1, 0, 1, 1, 4, 1, 4, 3, 2, 2, 0, 4, 1, 1, 4, 1, 1, 2, 1, 4, 4, 1, 1, 0, 1, 3, 2, 2, 1, 2, 1, 1, 2, 4, 3, 0, 2, 2, 3, 3, 1, 1, 2, 1, 1, 1, 4, 1, 3, 4, 1, 2, 4, 3, 1, 3, 1, 2, 4, 4, 4, 3, 2, 2, 3, 2, 4, 3, 4, 2, 2, 4, 4, 1, 2, 3, 2]|[0, 2, 0, 0, 3, 0, 1, 3, 0, 0, 2, 0, 0, 0, 1, 0, 0, 0, 1, 0, 0, 2, 0, 0, 1, 0, 0, 3, 0, 1, 0, 2, 0, 0, 3, 0, 1, 1, 0, 0, 0, 0, 1, 3, 0, 0, 1, 0, 2, 0, 0, 0, 0, 0, 1, 0, 1, 0, 1, 1, 0, 2, 0, 0, 0, 0, 0, 0, 0, 2, 0, 0, 1, 0, 0, 1, 0, 0, 3, 0, 0, 1, 2, 2, 0, 0, 0, 3, 0, 1, 0, 1, 0, 0, 3, 1, 0, 0, 0, 0],931.35319649833,48904.64914180878,108427.19628251252,false
47,G3_TWC,G3_TWC,[31, 22, 42, 15, 26, 58, 95, 82, 77, 12, 47, 5, 93, 78, 98, 54, 85, 63, 18, 44, 20, 35, 43, 97, 91, 76, 10, 30, 21, 45, 71, 64, 1, 23, 17, 83, 24, 61, 60, 36, 6, 57, 94, 88, 65, 56, 79, 40, 67, 68, 46, 75, 38, 9, 19, 32, 81, 41, 27, 62, 87, 90, 99, 59, 11, 16, 72, 73, 70, 39, 37, 84, 3, 92, 25, 74, 28, 29, 51, 7, 53, 14, 86, 48, 89, 50, 66, 96, 33, 80, 4, 8, 34, 49, 52, 0, 13, 2, 69, 55]|[1, 1, 0, 1, 1, 1, 2, 1, 2, 1, 2, 2, 2, 1, 1, 0, 0, 1, 0, 2, 2, 0, 1, 2, 0, 1, 2, 2, 0, 0, 1, 2, 1, 2, 1, 0, 2, 0, 1, 1, 0, 1, 1, 1, 0, 2, 1, 1, 0, 0, 0, 0, 1, 1, 2, 1, 2, 0, 0, 0, 2, 1, 0, 1, 2, 1, 2, 1, 1, 1, 1, 1, 2, 0, 1, 2, 0, 0, 0, 1, 0, 1, 0, 0, 1, 0, 0, 0, 2, 0, 0, 1, 2, 0, 1, 0, 0, 0, 1, 1]|[4, 3, 2, 2, 0, 0, 2, 2, 2, 4, 1, 1, 2, 4, 4, 1, 1, 4, 2, 1, 1, 1, 1, 2, 1, 2, 1, 1, 1, 1, 3, 2, 3, 0, 4, 0, 1, 1, 0, 3, 2, 2, 4, 0, 1, 1, 0, 2, 0, 1, 2, 2, 1, 4, 0, 3, 2, 1, 1, 2, 1, 3, 1, 1, 1, 3, 0, 4, 3, 1, 4, 1, 1, 2, 4, 1, 2, 1, 1, 3, 2, 3, 1, 1, 1, 1, 1, 1, 1, 1, 2, 3, 1, 1, 1, 2, 2, 2, 3, 4]|[0, 2, 1, 1, 3, 3, 0, 1, 0, 0, 0, 0, 1, 0, 1, 0, 0, 3, 1, 0, 0, 0, 3, 1, 0, 2, 0, 0, 0, 1, 0, 0, 0, 0, 3, 0, 1, 0, 0, 2, 1, 1, 2, 0, 0, 0, 0, 1, 1, 0, 0, 0, 1, 3, 0, 0, 1, 0, 0, 1, 0, 2, 0, 1, 0, 2, 1, 0, 0, 1, 1, 3, 0, 1, 3, 0, 1, 0, 0, 2, 1, 0, 0, 0, 1, 0, 0, 0, 0, 0, 1, 2, 0, 1, 1, 0, 0, 0, 0, 3],804.6875225521468,57746.82533348298,88068.50778672317,false
47,G1_CMAX,G1_CMAX,[31, 22, 90, 26, 58, 95, 42, 12, 93, 5, 78, 86, 98, 18, 20, 35, 3, 97, 91, 76, 10, 85, 54, 45, 63, 71, 66, 1, 23, 17, 24, 60, 36, 6, 57, 15, 65, 56, 47, 79, 94, 67, 50, 46, 14, 75, 38, 9, 30, 19, 32, 81, 27, 92, 83, 87, 40, 99, 59, 11, 53, 16, 72, 77, 73, 70, 39, 37, 84, 43, 62, 25, 55, 28, 29, 51, 68, 82, 74, 61, 88, 21, 80, 89, 7, 69, 96, 41, 48, 4, 8, 34, 49, 52, 0, 44, 13, 2, 64, 33]|[1, 1, 1, 1, 0, 2, 1, 1, 2, 2, 2, 1, 0, 1, 2, 2, 1, 2, 0, 1, 2, 2, 2, 0, 0, 1, 2, 1, 2, 1, 2, 1, 1, 0, 1, 1, 0, 2, 2, 1, 1, 0, 0, 0, 0, 1, 1, 1, 1, 2, 1, 2, 2, 0, 0, 2, 1, 0, 0, 2, 0, 1, 2, 2, 1, 1, 1, 1, 1, 1, 0, 1, 1, 0, 0, 0, 0, 0, 2, 1, 1, 0, 0, 1, 1, 1, 2, 2, 0, 1, 1, 2, 0, 1, 0, 0, 0, 0, 2, 2]|[0, 4, 3, 0, 1, 1, 2, 4, 1, 1, 2, 4, 1, 4, 1, 1, 1, 2, 2, 2, 2, 1, 1, 1, 2, 3, 2, 3, 0, 4, 1, 0, 3, 2, 2, 2, 1, 1, 1, 0, 2, 0, 1, 2, 1, 3, 1, 4, 2, 0, 3, 2, 1, 2, 1, 1, 4, 1, 1, 1, 2, 3, 0, 2, 4, 3, 1, 4, 1, 1, 1, 4, 4, 2, 1, 1, 1, 2, 1, 3, 0, 1, 1, 1, 1, 3, 1, 1, 1, 4, 3, 1, 1, 1, 2, 2, 2, 2, 1, 1]|[3, 0, 2, 3, 0, 0, 1, 0, 0, 0, 1, 0, 0, 3, 0, 0, 1, 1, 1, 2, 1, 0, 0, 0, 0, 0, 0, 0, 0, 3, 1, 0, 2, 1, 1, 1, 0, 0, 0, 0, 1, 1, 0, 0, 0, 0, 1, 3, 2, 0, 0, 1, 0, 1, 0, 0, 2, 0, 0, 0, 1, 2, 1, 1, 0, 0, 1, 1, 3, 3, 0, 3, 3, 1, 0, 0, 0, 1, 0, 0, 0, 0, 0, 1, 2, 2, 0, 0, 0, 0, 2, 0, 1, 1, 0, 0, 0, 0, 0, 0],705.0470749739228,58445.79123614564,95781.2895945797,false
47,G4_BALANCED,G4_BALANCED,[31, 22, 82, 15, 26, 58, 95, 42, 77, 12, 47, 5, 93, 78, 86, 54, 85, 63, 18, 44, 20, 35, 43, 97, 66, 76, 10, 30, 21, 45, 71, 64, 1, 23, 17, 83, 24, 14, 60, 36, 6, 57, 40, 88, 65, 56, 79, 94, 67, 68, 46, 75, 38, 9, 19, 32, 81, 41, 27, 62, 87, 90, 99, 59, 11, 16, 72, 73, 70, 39, 37, 84, 3, 92, 25, 74, 28, 29, 51, 7, 33, 61, 98, 48, 89, 50, 4, 96, 53, 80, 91, 8, 55, 49, 52, 0, 13, 2, 69, 34]|[1, 1, 0, 1, 1, 1, 1, 2, 2, 1, 2, 2, 2, 1, 1, 0, 0, 1, 0, 2, 2, 0, 1, 2, 2, 1, 2, 2, 0, 0, 1, 2, 1, 2, 1, 0, 2, 0, 1, 1, 0, 1, 1, 1, 0, 2, 1, 1, 0, 0, 0, 0, 1, 1, 2, 1, 2, 0, 0, 0, 2, 1, 0, 1, 2, 1, 2, 1, 1, 1, 1, 1, 1, 0, 1, 2, 0, 0, 0, 1, 2, 1, 0, 0, 1, 0, 0, 2, 0, 0, 0, 0, 1, 0, 1, 0, 0, 0, 1, 2]|[4, 3, 2, 2, 0, 0, 2, 2, 2, 4, 1, 1, 2, 4, 4, 1, 2, 4, 2, 1, 1, 1, 1, 2, 1, 2, 1, 1, 1, 1, 3, 1, 3, 1, 4, 0, 1, 1, 0, 3, 2, 2, 2, 0, 1, 1, 0, 4, 0, 1, 2, 2, 1, 4, 0, 3, 1, 1, 1, 2, 1, 3, 1, 1, 1, 3, 0, 4, 3, 1, 4, 1, 1, 2, 4, 1, 2, 1, 1, 3, 1, 3, 1, 1, 1, 1, 2, 1, 2, 1, 1, 1, 4, 1, 1, 2, 2, 2, 3, 1]|[0, 2, 1, 1, 3, 3, 1, 0, 0, 0, 0, 0, 1, 0, 1, 0, 0, 3, 1, 0, 0, 0, 3, 1, 0, 2, 0, 0, 0, 1, 0, 0, 0, 0, 3, 0, 1, 0, 0, 2, 1, 1, 1, 0, 0, 0, 0, 2, 1, 0, 0, 0, 1, 3, 0, 0, 0, 0, 0, 1, 0, 2, 0, 1, 0, 2, 1, 0, 0, 1, 1, 3, 1, 1, 3, 0, 1, 0, 0, 2, 0, 0, 0, 0, 1, 0, 1, 0, 1, 0, 0, 0, 3, 1, 1, 0, 0, 0, 0, 0],796.782775420739,56812.08658970495,90231.91113432166,false
47,G2_TEC,G2_TEC,[31, 22, 82, 15, 26, 9, 95, 42, 77, 68, 47, 5, 93, 78, 86, 54, 85, 63, 18, 44, 20, 49, 36, 14, 74, 50, 53, 17, 21, 28, 11, 64, 3, 23, 30, 83, 24, 41, 40, 52, 65, 27, 90, 70, 39, 87, 48, 69, 99, 4, 46, 1, 13, 58, 97, 59, 45, 8, 73, 37, 35, 79, 71, 66, 76, 32, 60, 80, 56, 6, 67, 61, 33, 7, 57, 34, 12, 16, 10, 98, 96, 88, 43, 81, 91, 2, 84, 29, 92, 19, 51, 89, 75, 55, 25, 72, 94, 38, 62, 0]|[2, 1, 2, 1, 1, 2, 1, 1, 1, 1, 1, 0, 2, 2, 1, 2, 0, 0, 0, 2, 2, 1, 0, 2, 0, 2, 2, 1, 0, 1, 1, 1, 0, 0, 1, 0, 2, 1, 2, 2, 0, 0, 1, 1, 0, 2, 0, 2, 1, 0, 0, 2, 0, 0, 2, 0, 1, 1, 0, 0, 2, 1, 1, 2, 2, 0, 2, 2, 2, 1, 2, 1, 1, 2, 0, 1, 1, 2, 1, 2, 0, 1, 1, 1, 1, 0, 0, 1, 0, 1, 1, 1, 0, 0, 1, 1, 2, 0, 1, 0]|[0, 3, 0, 3, 4, 1, 4, 4, 2, 4, 3, 2, 1, 0, 2, 1, 1, 1, 2, 1, 1, 3, 0, 1, 0, 1, 1, 4, 1, 4, 3, 2, 2, 0, 4, 1, 1, 4, 1, 1, 2, 1, 4, 4, 1, 1, 0, 1, 3, 2, 2, 1, 2, 1, 1, 2, 4, 3, 0, 2, 2, 3, 3, 1, 1, 2, 1, 1, 1, 4, 1, 3, 4, 1, 2, 4, 3, 1, 3, 1, 2, 4, 4, 4, 3, 2, 2, 3, 2, 4, 3, 4, 2, 2, 4, 4, 1, 2, 3, 2]|[0, 2, 0, 0, 3, 0, 1, 3, 0, 0, 2, 0, 0, 0, 1, 0, 0, 0, 1, 0, 0, 2, 0, 0, 1, 0, 0, 3, 0, 1, 0, 2, 0, 0, 3, 0, 1, 1, 0, 0, 0, 0, 1, 3, 0, 0, 1, 0, 2, 0, 0, 0, 0, 0, 1, 0, 1, 0, 1, 1, 0, 2, 0, 0, 0, 0, 0, 0, 0, 2, 0, 0, 1, 0, 0, 1, 0, 0, 3, 0, 0, 1, 2, 2, 0, 0, 0, 3, 0, 1, 0, 1, 0, 0, 3, 1, 0, 0, 0, 0],931.35319649833,48904.64914180878,108427.19628251252,false
47,G3_TWC,G3_TWC,[31, 22, 42, 15, 26, 58, 95, 82, 77, 12, 47, 5, 93, 78, 98, 54, 85, 63, 18, 44, 20, 35, 43, 97, 91, 76, 10, 30, 21, 45, 71, 64, 1, 23, 17, 83, 24, 61, 60, 36, 6, 57, 94, 88, 65, 56, 79, 40, 67, 68, 46, 75, 38, 9, 19, 32, 81, 41, 27, 62, 87, 90, 99, 59, 11, 16, 72, 73, 70, 39, 37, 84, 3, 92, 25, 74, 28, 29, 51, 7, 53, 14, 86, 48, 89, 50, 66, 96, 33, 80, 4, 8, 34, 49, 52, 0, 13, 2, 69, 55]|[1, 1, 0, 1, 1, 1, 2, 1, 2, 1, 2, 2, 2, 1, 1, 0, 0, 1, 0, 2, 2, 0, 1, 2, 0, 1, 2, 2, 0, 0, 1, 2, 1, 2, 1, 0, 2, 0, 1, 1, 0, 1, 1, 1, 0, 2, 1, 1, 0, 0, 0, 0, 1, 1, 2, 1, 2, 0, 0, 0, 2, 1, 0, 1, 2, 1, 2, 1, 1, 1, 1, 1, 2, 0, 1, 2, 0, 0, 0, 1, 0, 1, 0, 0, 1, 0, 0, 0, 2, 0, 0, 1, 2, 0, 1, 0, 0, 0, 1, 1]|[4, 3, 2, 2, 0, 0, 2, 2, 2, 4, 1, 1, 2, 4, 4, 1, 1, 4, 2, 1, 1, 1, 1, 2, 1, 2, 1, 1, 1, 1, 3, 2, 3, 0, 4, 0, 1, 1, 0, 3, 2, 2, 4, 0, 1, 1, 0, 2, 0, 1, 2, 2, 1, 4, 0, 3, 2, 1, 1, 2, 1, 3, 1, 1, 1, 3, 0, 4, 3, 1, 4, 1, 1, 2, 4, 1, 2, 1, 1, 3, 2, 3, 1, 1, 1, 1, 1, 1, 1, 1, 2, 3, 1, 1, 1, 2, 2, 2, 3, 4]|[0, 2, 1, 1, 3, 3, 0, 1, 0, 0, 0, 0, 1, 0, 1, 0, 0, 3, 1, 0, 0, 0, 3, 1, 0, 2, 0, 0, 0, 1, 0, 0, 0, 0, 3, 0, 1, 0, 0, 2, 1, 1, 2, 0, 0, 0, 0, 1, 1, 0, 0, 0, 1, 3, 0, 0, 1, 0, 0, 1, 0, 2, 0, 1, 0, 2, 1, 0, 0, 1, 1, 3, 0, 1, 3, 0, 1, 0, 0, 2, 1, 0, 0, 0, 1, 0, 0, 0, 0, 0, 1, 2, 0, 1, 1, 0, 0, 0, 0, 3],804.6875225521468,57746.82533348298,88068.50778672317,false
47,G1_CMAX,G1_CMAX,[31, 22, 90, 26, 58, 95, 42, 12, 93, 5, 78, 86, 98, 18, 20, 35, 3, 97, 91, 76, 10, 85, 54, 45, 63, 71, 66, 1, 23, 17, 24, 60, 36, 6, 57, 15, 65, 56, 47, 79, 94, 67, 50, 46, 14, 75, 38, 9, 30, 19, 32, 81, 27, 92, 83, 87, 40, 99, 59, 11, 53, 16, 72, 77, 73, 70, 39, 37, 84, 43, 62, 25, 55, 28, 29, 51, 68, 82, 74, 61, 88, 21, 80, 89, 7, 69, 96, 41, 48, 4, 8, 34, 49, 52, 0, 44, 13, 2, 64, 33]|[1, 1, 1, 1, 0, 2, 1, 1, 2, 2, 2, 1, 0, 1, 2, 2, 1, 2, 0, 1, 2, 2, 2, 0, 0, 1, 2, 1, 2, 1, 2, 1, 1, 0, 1, 1, 0, 2, 2, 1, 1, 0, 0, 0, 0, 1, 1, 1, 1, 2, 1, 2, 2, 0, 0, 2, 1, 0, 0, 2, 0, 1, 2, 2, 1, 1, 1, 1, 1, 1, 0, 1, 1, 0, 0, 0, 0, 0, 2, 1, 1, 0, 0, 1, 1, 1, 2, 2, 0, 1, 1, 2, 0, 1, 0, 0, 0, 0, 2, 2]|[0, 4, 3, 0, 1, 1, 2, 4, 1, 1, 2, 4, 1, 4, 1, 1, 1, 2, 2, 2, 2, 1, 1, 1, 2, 3, 2, 3, 0, 4, 1, 0, 3, 2, 2, 2, 1, 1, 1, 0, 2, 0, 1, 2, 1, 3, 1, 4, 2, 0, 3, 2, 1, 2, 1, 1, 4, 1, 1, 1, 2, 3, 0, 2, 4, 3, 1, 4, 1, 1, 1, 4, 4, 2, 1, 1, 1, 2, 1, 3, 0, 1, 1, 1, 1, 3, 1, 1, 1, 4, 3, 1, 1, 1, 2, 2, 2, 2, 1, 1]|[3, 0, 2, 3, 0, 0, 1, 0, 0, 0, 1, 0, 0, 3, 0, 0, 1, 1, 1, 2, 1, 0, 0, 0, 0, 0, 0, 0, 0, 3, 1, 0, 2, 1, 1, 1, 0, 0, 0, 0, 1, 1, 0, 0, 0, 0, 1, 3, 2, 0, 0, 1, 0, 1, 0, 0, 2, 0, 0, 0, 1, 2, 1, 1, 0, 0, 1, 1, 3, 3, 0, 3, 3, 1, 0, 0, 0, 1, 0, 0, 0, 0, 0, 1, 2, 2, 0, 0, 0, 0, 2, 0, 1, 1, 0, 0, 0, 0, 0, 0],705.0470749739228,58445.79123614564,95781.2895945797,false
47,G4_BALANCED,G4_BALANCED,[31, 22, 82, 15, 26, 58, 95, 42, 77, 12, 47, 5, 93, 78, 86, 54, 85, 63, 18, 44, 20, 35, 43, 97, 66, 76, 10, 30, 21, 45, 71, 64, 1, 23, 17, 83, 24, 14, 60, 36, 6, 57, 40, 88, 65, 56, 79, 94, 67, 68, 46, 75, 38, 9, 19, 32, 81, 41, 27, 62, 87, 90, 99, 59, 11, 16, 72, 73, 70, 39, 37, 84, 3, 92, 25, 74, 28, 29, 51, 7, 33, 61, 98, 48, 89, 50, 4, 96, 53, 80, 91, 8, 55, 49, 52, 0, 13, 2, 69, 34]|[1, 1, 0, 1, 1, 1, 1, 2, 2, 1, 2, 2, 2, 1, 1, 0, 0, 1, 0, 2, 2, 0, 1, 2, 2, 1, 2, 2, 0, 0, 1, 2, 1, 2, 1, 0, 2, 0, 1, 1, 0, 1, 1, 1, 0, 2, 1, 1, 0, 0, 0, 0, 1, 1, 2, 1, 2, 0, 0, 0, 2, 1, 0, 1, 2, 1, 2, 1, 1, 1, 1, 1, 1, 0, 1, 2, 0, 0, 0, 1, 2, 1, 0, 0, 1, 0, 0, 2, 0, 0, 0, 0, 1, 0, 1, 0, 0, 0, 1, 2]|[4, 3, 2, 2, 0, 0, 2, 2, 2, 4, 1, 1, 2, 4, 4, 1, 2, 4, 2, 1, 1, 1, 1, 2, 1, 2, 1, 1, 1, 1, 3, 1, 3, 1, 4, 0, 1, 1, 0, 3, 2, 2, 2, 0, 1, 1, 0, 4, 0, 1, 2, 2, 1, 4, 0, 3, 1, 1, 1, 2, 1, 3, 1, 1, 1, 3, 0, 4, 3, 1, 4, 1, 1, 2, 4, 1, 2, 1, 1, 3, 1, 3, 1, 1, 1, 1, 2, 1, 2, 1, 1, 1, 4, 1, 1, 2, 2, 2, 3, 1]|[0, 2, 1, 1, 3, 3, 1, 0, 0, 0, 0, 0, 1, 0, 1, 0, 0, 3, 1, 0, 0, 0, 3, 1, 0, 2, 0, 0, 0, 1, 0, 0, 0, 0, 3, 0, 1, 0, 0, 2, 1, 1, 1, 0, 0, 0, 0, 2, 1, 0, 0, 0, 1, 3, 0, 0, 0, 0, 0, 1, 0, 2, 0, 1, 0, 2, 1, 0, 0, 1, 1, 3, 1, 1, 3, 0, 1, 0, 0, 2, 0, 0, 0, 0, 1, 0, 1, 0, 1, 0, 0, 0, 3, 1, 1, 0, 0, 0, 0, 0],796.782775420739,56812.08658970495,90231.91113432166,false
47,G2_TEC,G2_TEC,[31, 22, 82, 15, 26, 9, 95, 42, 77, 68, 47, 5, 93, 78, 86, 54, 85, 63, 18, 44, 20, 49, 36, 14, 74, 50, 53, 17, 21, 28, 11, 64, 3, 23, 30, 83, 24, 41, 40, 52, 65, 27, 90, 70, 39, 87, 48, 69, 99, 4, 46, 1, 13, 58, 97, 59, 45, 8, 73, 37, 35, 79, 71, 66, 76, 32, 60, 80, 56, 6, 67, 61, 33, 7, 57, 34, 12, 16, 10, 98, 96, 88, 43, 81, 91, 2, 84, 29, 92, 19, 51, 89, 75, 55, 25, 72, 94, 38, 62, 0]|[2, 1, 2, 1, 1, 2, 1, 1, 1, 1, 1, 0, 2, 2, 1, 2, 0, 0, 0, 2, 2, 1, 0, 2, 0, 2, 2, 1, 0, 1, 1, 1, 0, 0, 1, 0, 2, 1, 2, 2, 0, 0, 1, 1, 0, 2, 0, 2, 1, 0, 0, 2, 0, 0, 2, 0, 1, 1, 0, 0, 2, 1, 1, 2, 2, 0, 2, 2, 2, 1, 2, 1, 1, 2, 0, 1, 1, 2, 1, 2, 0, 1, 1, 1, 1, 0, 0, 1, 0, 1, 1, 1, 0, 0, 1, 1, 2, 0, 1, 0]|[0, 3, 0, 3, 4, 1, 4, 4, 2, 4, 3, 2, 1, 0, 2, 1, 1, 1, 2, 1, 1, 3, 0, 1, 0, 1, 1, 4, 1, 4, 3, 2, 2, 0, 4, 1, 1, 4, 1, 1, 2, 1, 4, 4, 1, 1, 0, 1, 3, 2, 2, 1, 2, 1, 1, 2, 4, 3, 0, 2, 2, 3, 3, 1, 1, 2, 1, 1, 1, 4, 1, 3, 4, 1, 2, 4, 3, 1, 3, 1, 2, 4, 4, 4, 3, 2, 2, 3, 2, 4, 3, 4, 2, 2, 4, 4, 1, 2, 3, 2]|[0, 2, 0, 0, 3, 0, 1, 3, 0, 0, 2, 0, 0, 0, 1, 0, 0, 0, 1, 0, 0, 2, 0, 0, 1, 0, 0, 3, 0, 1, 0, 2, 0, 0, 3, 0, 1, 1, 0, 0, 0, 0, 1, 3, 0, 0, 1, 0, 2, 0, 0, 0, 0, 0, 1, 0, 1, 0, 1, 1, 0, 2, 0, 0, 0, 0, 0, 0, 0, 2, 0, 0, 1, 0, 0, 1, 0, 0, 3, 0, 0, 1, 2, 2, 0, 0, 0, 3, 0, 1, 0, 1, 0, 0, 3, 1, 0, 0, 0, 0],931.35319649833,48904.64914180878,108427.19628251252,false
47,G3_TWC,G3_TWC,[31, 22, 42, 15, 26, 58, 95, 82, 77, 12, 47, 5, 93, 78, 98, 54, 85, 63, 18, 44, 20, 35, 43, 97, 91, 76, 10, 30, 21, 45, 71, 64, 1, 23, 17, 83, 24, 61, 60, 36, 6, 57, 94, 88, 65, 56, 79, 40, 67, 68, 46, 75, 38, 9, 19, 32, 81, 41, 27, 62, 87, 90, 99, 59, 11, 16, 72, 73, 70, 39, 37, 84, 3, 92, 25, 74, 28, 29, 51, 7, 53, 14, 86, 48, 89, 50, 66, 96, 33, 80, 4, 8, 34, 49, 52, 0, 13, 2, 69, 55]|[1, 1, 0, 1, 1, 1, 2, 1, 2, 1, 2, 2, 2, 1, 1, 0, 0, 1, 0, 2, 2, 0, 1, 2, 0, 1, 2, 2, 0, 0, 1, 2, 1, 2, 1, 0, 2, 0, 1, 1, 0, 1, 1, 1, 0, 2, 1, 1, 0, 0, 0, 0, 1, 1, 2, 1, 2, 0, 0, 0, 2, 1, 0, 1, 2, 1, 2, 1, 1, 1, 1, 1, 2, 0, 1, 2, 0, 0, 0, 1, 0, 1, 0, 0, 1, 0, 0, 0, 2, 0, 0, 1, 2, 0, 1, 0, 0, 0, 1, 1]|[4, 3, 2, 2, 0, 0, 2, 2, 2, 4, 1, 1, 2, 4, 4, 1, 1, 4, 2, 1, 1, 1, 1, 2, 1, 2, 1, 1, 1, 1, 3, 2, 3, 0, 4, 0, 1, 1, 0, 3, 2, 2, 4, 0, 1, 1, 0, 2, 0, 1, 2, 2, 1, 4, 0, 3, 2, 1, 1, 2, 1, 3, 1, 1, 1, 3, 0, 4, 3, 1, 4, 1, 1, 2, 4, 1, 2, 1, 1, 3, 2, 3, 1, 1, 1, 1, 1, 1, 1, 1, 2, 3, 1, 1, 1, 2, 2, 2, 3, 4]|[0, 2, 1, 1, 3, 3, 0, 1, 0, 0, 0, 0, 1, 0, 1, 0, 0, 3, 1, 0, 0, 0, 3, 1, 0, 2, 0, 0, 0, 1, 0, 0, 0, 0, 3, 0, 1, 0, 0, 2, 1, 1, 2, 0, 0, 0, 0, 1, 1, 0, 0, 0, 1, 3, 0, 0, 1, 0, 0, 1, 0, 2, 0, 1, 0, 2, 1, 0, 0, 1, 1, 3, 0, 1, 3, 0, 1, 0, 0, 2, 1, 0, 0, 0, 1, 0, 0, 0, 0, 0, 1, 2, 0, 1, 1, 0, 0, 0, 0, 3],804.6875225521468,57746.82533348298,88068.50778672317,false
47,G1_CMAX,G3_TWC,[31, 22, 42, 15, 26, 58, 95, 82, 77, 12, 47, 5, 93, 78, 98, 54, 85, 63, 18, 44, 20, 35, 43, 97, 91, 76, 10, 30, 21, 45, 71, 64, 1, 23, 17, 83, 24, 14, 60, 36, 6, 57, 94, 88, 65, 56, 79, 40, 67, 68, 46, 75, 38, 9, 19, 32, 81, 41, 27, 62, 87, 90, 99, 59, 53, 16, 72, 73, 70, 39, 37, 84, 3, 92, 25, 55, 28, 29, 51, 7, 33, 61, 86, 11, 89, 50, 66, 96, 48, 80, 4, 8, 34, 49, 52, 0, 74, 2, 69, 13]|[1, 1, 0, 1, 1, 1, 2, 1, 2, 1, 2, 2, 2, 1, 1, 0, 0, 1, 0, 2, 2, 0, 1, 2, 0, 1, 2, 2, 0, 0, 1, 2, 1, 2, 1, 0, 2, 0, 1, 1, 0, 1, 1, 1, 0, 2, 1, 1, 0, 0, 0, 0, 1, 1, 2, 1, 2, 2, 0, 0, 2, 1, 0, 1, 0, 1, 2, 1, 1, 1, 1, 1, 2, 0, 1, 1, 0, 0, 0, 1, 2, 1, 0, 2, 1, 0, 2, 2, 0, 0, 1, 1, 2, 0, 1, 0, 2, 0, 1, 0]|[4, 3, 2, 2, 0, 0, 2, 2, 2, 4, 1, 1, 2, 4, 4, 1, 1, 4, 2, 1, 1, 1, 1, 2, 1, 2, 1, 1, 1, 1, 3, 2, 3, 0, 4, 0, 1, 1, 0, 3, 2, 2, 4, 0, 1, 1, 0, 2, 0, 1, 2, 2, 1, 4, 0, 3, 2, 1, 1, 2, 1, 3, 1, 1, 2, 3, 0, 4, 3, 1, 4, 1, 1, 2, 4, 4, 2, 1, 1, 3, 1, 3, 1, 1, 1, 1, 1, 1, 1, 1, 4, 3, 1, 1, 1, 2, 1, 2, 3, 2]|[0, 2, 1, 1, 3, 3, 0, 1, 0, 0, 0, 0, 1, 0, 1, 0, 0, 3, 1, 0, 0, 0, 3, 1, 0, 2, 0, 0, 0, 1, 0, 0, 0, 0, 3, 0, 1, 0, 0, 2, 1, 1, 2, 0, 0, 0, 0, 1, 1, 0, 0, 0, 1, 3, 0, 0, 1, 0, 0, 1, 0, 2, 0, 1, 1, 2, 1, 0, 0, 1, 1, 3, 0, 1, 3, 3, 1, 0, 0, 2, 0, 0, 0, 0, 1, 0, 0, 0, 0, 0, 0, 2, 0, 1, 1, 0, 0, 0, 0, 0],728.683600718927,57220.377649425325,91046.59980453452,true
47,G4_BALANCED,G4_BALANCED,[31, 22, 82, 15, 26, 58, 95, 42, 77, 12, 47, 5, 93, 78, 86, 54, 85, 63, 18, 44, 20, 35, 43, 97, 66, 76, 10, 30, 21, 45, 71, 64, 1, 23, 17, 83, 24, 14, 60, 36, 6, 57, 40, 88, 65, 56, 79, 94, 67, 68, 46, 75, 38, 9, 19, 32, 81, 41, 27, 62, 87, 90, 99, 59, 11, 16, 72, 73, 70, 39, 37, 84, 3, 92, 25, 74, 28, 29, 51, 7, 33, 61, 98, 48, 89, 50, 4, 96, 53, 80, 91, 8, 55, 49, 52, 0, 13, 2, 69, 34]|[1, 1, 0, 1, 1, 1, 1, 2, 2, 1, 2, 2, 2, 1, 1, 0, 0, 1, 0, 2, 2, 0, 1, 2, 2, 1, 2, 2, 0, 0, 1, 2, 1, 2, 1, 0, 2, 0, 1, 1, 0, 1, 1, 1, 0, 2, 1, 1, 0, 0, 0, 0, 1, 1, 2, 1, 2, 0, 0, 0, 2, 1, 0, 1, 2, 1, 2, 1, 1, 1, 1, 1, 1, 0, 1, 2, 0, 0, 0, 1, 2, 1, 0, 0, 1, 0, 0, 2, 0, 0, 0, 0, 1, 0, 1, 0, 0, 0, 1, 2]|[4, 3, 2, 2, 0, 0, 2, 2, 2, 4, 1, 1, 2, 4, 4, 1, 2, 4, 2, 1, 1, 1, 1, 2, 1, 2, 1, 1, 1, 1, 3, 1, 3, 1, 4, 0, 1, 1, 0, 3, 2, 2, 2, 0, 1, 1, 0, 4, 0, 1, 2, 2, 1, 4, 0, 3, 1, 1, 1, 2, 1, 3, 1, 1, 1, 3, 0, 4, 3, 1, 4, 1, 1, 2, 4, 1, 2, 1, 1, 3, 1, 3, 1, 1, 1, 1, 2, 1, 2, 1, 1, 1, 4, 1, 1, 2, 2, 2, 3, 1]|[0, 2, 1, 1, 3, 3, 1, 0, 0, 0, 0, 0, 1, 0, 1, 0, 0, 3, 1, 0, 0, 0, 3, 1, 0, 2, 0, 0, 0, 1, 0, 0, 0, 0, 3, 0, 1, 0, 0, 2, 1, 1, 1, 0, 0, 0, 0, 2, 1, 0, 0, 0, 1, 3, 0, 0, 0, 0, 0, 1, 0, 2, 0, 1, 0, 2, 1, 0, 0, 1, 1, 3, 1, 1, 3, 0, 1, 0, 0, 2, 0, 0, 0, 0, 1, 0, 1, 0, 1, 0, 0, 0, 3, 1, 1, 0, 0, 0, 0, 0],796.782775420739,56812.08658970495,90231.91113432166,false
47,G2_TEC,G2_TEC,[31, 22, 82, 15, 26, 9, 95, 42, 77, 68, 47, 5, 93, 78, 86, 54, 85, 63, 18, 44, 20, 49, 36, 14, 74, 50, 53, 17, 21, 28, 11, 64, 3, 23, 30, 83, 24, 41, 40, 52, 65, 27, 90, 70, 39, 87, 48, 69, 99, 4, 46, 1, 13, 58, 97, 59, 45, 8, 73, 37, 35, 79, 71, 66, 76, 32, 60, 80, 56, 6, 67, 61, 33, 7, 57, 34, 12, 16, 10, 98, 96, 88, 43, 81, 91, 2, 84, 29, 92, 19, 51, 89, 75, 55, 25, 72, 94, 38, 62, 0]|[2, 1, 2, 1, 1, 2, 1, 1, 1, 1, 1, 0, 2, 2, 1, 2, 0, 0, 0, 2, 2, 1, 0, 2, 0, 2, 2, 1, 0, 1, 1, 1, 0, 0, 1, 0, 2, 1, 2, 2, 0, 0, 1, 1, 0, 2, 0, 2, 1, 0, 0, 2, 0, 0, 2, 0, 1, 1, 0, 0, 2, 1, 1, 2, 2, 0, 2, 2, 2, 1, 2, 1, 1, 2, 0, 1, 1, 2, 1, 2, 0, 1, 1, 1, 1, 0, 0, 1, 0, 1, 1, 1, 0, 0, 1, 1, 2, 0, 1, 0]|[0, 3, 0, 3, 4, 1, 4, 4, 2, 4, 3, 2, 1, 0, 2, 1, 1, 1, 2, 1, 1, 3, 0, 1, 0, 1, 1, 4, 1, 4, 3, 2, 2, 0, 4, 1, 1, 4, 1, 1, 2, 1, 4, 4, 1, 1, 0, 1, 3, 2, 2, 1, 2, 1, 1, 2, 4, 3, 0, 2, 2, 3, 3, 1, 1, 2, 1, 1, 1, 4, 1, 3, 4, 1, 2, 4, 3, 1, 3, 1, 2, 4, 4, 4, 3, 2, 2, 3, 2, 4, 3, 4, 2, 2, 4, 4, 1, 2, 3, 2]|[0, 2, 0, 0, 3, 0, 1, 3, 0, 0, 2, 0, 0, 0, 1, 0, 0, 0, 1, 0, 0, 2, 0, 0, 1, 0, 0, 3, 0, 1, 0, 2, 0, 0, 3, 0, 1, 1, 0, 0, 0, 0, 1, 3, 0, 0, 1, 0, 2, 0, 0, 0, 0, 0, 1, 0, 1, 0, 1, 1, 0, 2, 0, 0, 0, 0, 0, 0, 0, 2, 0, 0, 1, 0, 0, 1, 0, 0, 3, 0, 0, 1, 2, 2, 0, 0, 0, 3, 0, 1, 0, 1, 0, 0, 3, 1, 0, 0, 0, 0],931.35319649833,48904.64914180878,108427.19628251252,false
47,G3_TWC,G3_TWC,[31, 22, 42, 15, 26, 58, 95, 82, 77, 12, 47, 5, 93, 78, 98, 54, 85, 63, 18, 44, 20, 35, 43, 97, 91, 76, 10, 30, 21, 45, 71, 64, 1, 23, 17, 83, 24, 61, 60, 36, 6, 57, 94, 88, 65, 56, 79, 40, 67, 68, 46, 75, 38, 9, 19, 32, 81, 41, 27, 62, 87, 90, 99, 59, 11, 16, 72, 73, 70, 39, 37, 84, 3, 92, 25, 74, 28, 29, 51, 7, 53, 14, 86, 48, 89, 50, 66, 96, 33, 80, 4, 8, 34, 49, 52, 0, 13, 2, 69, 55]|[1, 1, 0, 1, 1, 1, 2, 1, 2, 1, 2, 2, 2, 1, 1, 0, 0, 1, 0, 2, 2, 0, 1, 2, 0, 1, 2, 2, 0, 0, 1, 2, 1, 2, 1, 0, 2, 0, 1, 1, 0, 1, 1, 1, 0, 2, 1, 1, 0, 0, 0, 0, 1, 1, 2, 1, 2, 0, 0, 0, 2, 1, 0, 1, 2, 1, 2, 1, 1, 1, 1, 1, 2, 0, 1, 2, 0, 0, 0, 1, 0, 1, 0, 0, 1, 0, 0, 0, 2, 0, 0, 1, 2, 0, 1, 0, 0, 0, 1, 1]|[4, 3, 2, 2, 0, 0, 2, 2, 2, 4, 1, 1, 2, 4, 4, 1, 1, 4, 2, 1, 1, 1, 1, 2, 1, 2, 1, 1, 1, 1, 3, 2, 3, 0, 4, 0, 1, 1, 0, 3, 2, 2, 4, 0, 1, 1, 0, 2, 0, 1, 2, 2, 1, 4, 0, 3, 2, 1, 1, 2, 1, 3, 1, 1, 1, 3, 0, 4, 3, 1, 4, 1, 1, 2, 4, 1, 2, 1, 1, 3, 2, 3, 1, 1, 1, 1, 1, 1, 1, 1, 2, 3, 1, 1, 1, 2, 2, 2, 3, 4]|[0, 2, 1, 1, 3, 3, 0, 1, 0, 0, 0, 0, 1, 0, 1, 0, 0, 3, 1, 0, 0, 0, 3, 1, 0, 2, 0, 0, 0, 1, 0, 0, 0, 0, 3, 0, 1, 0, 0, 2, 1, 1, 2, 0, 0, 0, 0, 1, 1, 0, 0, 0, 1, 3, 0, 0, 1, 0, 0, 1, 0, 2, 0, 1, 0, 2, 1, 0, 0, 1, 1, 3, 0, 1, 3, 0, 1, 0, 0, 2, 1, 0, 0, 0, 1, 0, 0, 0, 0, 0, 1, 2, 0, 1, 1, 0, 0, 0, 0, 3],804.6875225521468,57746.82533348298,88068.50778672317,false
47,G1_CMAX,G1_CMAX,[31, 22, 82, 15, 26, 99, 95, 42, 77, 12, 47, 5, 93, 78, 86, 54, 21, 63, 18, 44, 20, 35, 43, 97, 91, 76, 10, 30, 85, 45, 71, 64, 1, 23, 17, 83, 24, 14, 60, 36, 6, 57, 40, 88, 65, 56, 79, 94, 67, 68, 46, 75, 38, 9, 19, 32, 41, 81, 27, 87, 90, 62, 59, 11, 16, 58, 73, 70, 39, 37, 84, 3, 92, 25, 72, 55, 28, 29, 51, 7, 33, 61, 98, 48, 89, 50, 4, 96, 53, 80, 8, 66, 34, 49, 52, 2, 13, 0, 69, 74]|[1, 1, 0, 1, 1, 0, 1, 1, 2, 1, 2, 2, 2, 1, 1, 0, 0, 1, 0, 2, 2, 0, 1, 2, 0, 1, 2, 2, 0, 0, 1, 2, 1, 2, 1, 0, 2, 0, 1, 1, 0, 1, 1, 1, 0, 2, 1, 1, 0, 0, 0, 0, 1, 1, 2, 1, 0, 2, 0, 2, 1, 0, 1, 2, 1, 0, 1, 1, 1, 1, 1, 1, 0, 1, 2, 2, 0, 0, 0, 2, 2, 1, 2, 0, 1, 0, 1, 2, 0, 0, 1, 2, 2, 0, 1, 0, 0, 0, 1, 2]|[4, 3, 2, 2, 4, 1, 2, 3, 2, 4, 1, 1, 2, 4, 4, 1, 1, 4, 2, 1, 1, 1, 1, 2, 1, 2, 1, 1, 2, 1, 3, 2, 3, 1, 4, 0, 1, 1, 0, 3, 2, 2, 2, 0, 1, 1, 0, 4, 0, 1, 2, 2, 1, 4, 0, 3, 1, 1, 1, 1, 3, 2, 1, 1, 3, 1, 4, 3, 1, 4, 1, 1, 0, 4, 0, 1, 2, 1, 2, 1, 1, 3, 1, 1, 1, 1, 4, 1, 2, 1, 3, 1, 1, 1, 1, 2, 2, 2, 4, 1]|[0, 2, 1, 1, 3, 0, 1, 3, 0, 0, 0, 0, 1, 0, 1, 0, 0, 3, 1, 0, 0, 0, 3, 1, 0, 2, 0, 0, 0, 1, 0, 0, 0, 0, 3, 0, 1, 0, 0, 2, 1, 1, 1, 0, 0, 0, 0, 2, 1, 0, 0, 0, 1, 3, 0, 0, 0, 0, 0, 0, 2, 1, 1, 0, 2, 0, 0, 0, 1, 1, 3, 1, 1, 3, 1, 0, 1, 0, 0, 0, 0, 0, 0, 0, 1, 0, 0, 0, 1, 0, 2, 0, 0, 1, 1, 0, 0, 0, 2, 0],753.3061428726776,55645.560049378095,93952.45260809874,false
47,G4_BALANCED,G4_BALANCED,[31, 22, 82, 15, 26, 58, 95, 42, 77, 12, 47, 5, 93, 78, 86, 54, 85, 63, 18, 44, 20, 35, 43, 97, 66, 76, 10, 30, 21, 45, 71, 64, 1, 23, 17, 83, 24, 14, 60, 36, 6, 57, 40, 88, 65, 56, 79, 94, 67, 68, 46, 75, 38, 9, 19, 32, 81, 41, 27, 62, 87, 90, 99, 59, 11, 16, 72, 73, 70, 39, 37, 84, 3, 92, 25, 74, 28, 29, 51, 7, 33, 61, 98, 48, 89, 50, 4, 96, 53, 80, 91, 8, 55, 49, 52, 0, 13, 2, 69, 34]|[1, 1, 0, 1, 1, 1, 1, 2, 2, 1, 2, 2, 2, 1, 1, 0, 0, 1, 0, 2, 2, 0, 1, 2, 2, 1, 2, 2, 0, 0, 1, 2, 1, 2, 1, 0, 2, 0, 1, 1, 0, 1, 1, 1, 0, 2, 1, 1, 0, 0, 0, 0, 1, 1, 2, 1, 2, 0, 0, 0, 2, 1, 0, 1, 2, 1, 2, 1, 1, 1, 1, 1, 1, 0, 1, 2, 0, 0, 0, 1, 2, 1, 0, 0, 1, 0, 0, 2, 0, 0, 0, 0, 1, 0, 1, 0, 0, 0, 1, 2]|[4, 3, 2, 2, 0, 0, 2, 2, 2, 4, 1, 1, 2, 4, 4, 1, 2, 4, 2, 1, 1, 1, 1, 2, 1, 2, 1, 1, 1, 1, 3, 1, 3, 1, 4, 0, 1, 1, 0, 3, 2, 2, 2, 0, 1, 1, 0, 4, 0, 1, 2, 2, 1, 4, 0, 3, 1, 1, 1, 2, 1, 3, 1, 1, 1, 3, 0, 4, 3, 1, 4, 1, 1, 2, 4, 1, 2, 1, 1, 3, 1, 3, 1, 1, 1, 1, 2, 1, 2, 1, 1, 1, 4, 1, 1, 2, 2, 2, 3, 1]|[0, 2, 1, 1, 3, 3, 1, 0, 0, 0, 0, 0, 1, 0, 1, 0, 0, 3, 1, 0, 0, 0, 3, 1, 0, 2, 0, 0, 0, 1, 0, 0, 0, 0, 3, 0, 1, 0, 0, 2, 1, 1, 1, 0, 0, 0, 0, 2, 1, 0, 0, 0, 1, 3, 0, 0, 0, 0, 0, 1, 0, 2, 0, 1, 0, 2, 1, 0, 0, 1, 1, 3, 1, 1, 3, 0, 1, 0, 0, 2, 0, 0, 0, 0, 1, 0, 1, 0, 1, 0, 0, 0, 3, 1, 1, 0, 0, 0, 0, 0],796.782775420739,56812.08658970495,90231.91113432166,false
47,G2_TEC,G2_TEC,[31, 22, 82, 15, 26, 9, 95, 42, 77, 68, 47, 5, 93, 78, 86, 54, 85, 63, 18, 44, 20, 49, 36, 14, 74, 50, 53, 17, 21, 28, 11, 64, 3, 23, 30, 83, 24, 41, 40, 52, 65, 27, 90, 70, 39, 58, 48, 69, 99, 4, 46, 1, 13, 87, 97, 59, 45, 8, 73, 37, 35, 79, 71, 66, 76, 32, 60, 80, 56, 6, 67, 61, 33, 7, 57, 34, 12, 16, 10, 98, 96, 88, 43, 81, 91, 2, 84, 29, 92, 19, 51, 89, 55, 25, 72, 75, 94, 38, 62, 0]|[2, 1, 2, 1, 1, 2, 1, 1, 1, 1, 1, 0, 2, 2, 1, 2, 0, 0, 0, 2, 2, 1, 0, 2, 0, 2, 2, 1, 0, 1, 1, 1, 0, 0, 1, 0, 2, 1, 2, 2, 0, 0, 1, 1, 0, 2, 0, 2, 1, 0, 0, 2, 0, 2, 2, 0, 1, 1, 0, 0, 2, 1, 1, 2, 2, 0, 2, 2, 2, 1, 2, 1, 1, 2, 0, 1, 1, 2, 1, 2, 0, 1, 1, 1, 1, 0, 0, 1, 0, 1, 1, 1, 0, 1, 1, 0, 2, 0, 1, 0]|[0, 3, 0, 3, 4, 1, 4, 4, 2, 4, 3, 2, 1, 0, 2, 1, 1, 1, 2, 1, 1, 3, 0, 1, 0, 1, 1, 4, 1, 4, 3, 2, 2, 0, 4, 1, 1, 4, 1, 1, 2, 1, 4, 4, 1, 1, 0, 1, 3, 2, 2, 1, 2, 1, 1, 2, 4, 3, 0, 2, 1, 3, 3, 1, 1, 2, 1, 1, 1, 4, 1, 3, 4, 1, 2, 4, 3, 1, 3, 1, 2, 4, 4, 4, 3, 2, 2, 3, 2, 4, 3, 4, 2, 4, 4, 2, 1, 2, 3, 2]|[0, 2, 0, 0, 3, 0, 1, 3, 0, 0, 2, 0, 0, 0, 1, 0, 0, 0, 1, 0, 0, 2, 0, 0, 1, 0, 0, 3, 0, 1, 0, 2, 0, 0, 3, 0, 1, 1, 0, 0, 0, 0, 1, 3, 0, 0, 1, 0, 2, 0, 0, 0, 0, 0, 1, 0, 1, 0, 1, 1, 0, 2, 0, 0, 0, 0, 0, 0, 0, 2, 0, 0, 1, 0, 0, 1, 0, 0, 3, 0, 0, 1, 2, 2, 0, 0, 0, 3, 0, 1, 0, 1, 0, 3, 1, 0, 0, 0, 0, 0],915.4865022436335,48708.26809038564,107918.70460880936,false
47,G3_TWC,G1_CMAX,[31, 22, 82, 15, 26, 99, 95, 42, 77, 12, 47, 5, 93, 78, 86, 54, 21, 63, 18, 44, 20, 35, 43, 97, 91, 76, 10, 30, 85, 45, 71, 64, 1, 23, 37, 83, 24, 14, 60, 36, 6, 57, 40, 88, 65, 56, 79, 94, 67, 68, 46, 75, 38, 9, 19, 32, 41, 81, 27, 87, 90, 58, 59, 11, 16, 72, 73, 70, 39, 17, 84, 3, 92, 25, 55, 48, 28, 29, 51, 7, 33, 61, 98, 62, 89, 50, 4, 96, 53, 80, 8, 66, 34, 49, 52, 0, 13, 2, 69, 74]|[2, 1, 0, 1, 1, 0, 1, 1, 2, 1, 2, 2, 2, 1, 1, 0, 0, 1, 0, 2, 2, 0, 1, 2, 0, 1, 2, 2, 0, 0, 1, 2, 1, 2, 1, 0, 2, 0, 1, 1, 0, 1, 1, 1, 0, 2, 1, 1, 0, 0, 0, 0, 1, 1, 2, 1, 0, 2, 0, 2, 1, 0, 1, 2, 1, 2, 1, 1, 1, 1, 1, 1, 0, 1, 2, 0, 0, 0, 0, 2, 2, 1, 2, 0, 1, 0, 1, 2, 0, 0, 1, 2, 2, 0, 1, 0, 0, 0, 1, 2]|[1, 3, 2, 2, 4, 1, 2, 3, 2, 4, 1, 1, 2, 4, 4, 1, 1, 4, 2, 1, 1, 1, 1, 2, 1, 2, 1, 1, 2, 1, 3, 2, 3, 1, 4, 0, 1, 1, 0, 3, 2, 2, 2, 0, 1, 1, 0, 4, 0, 1, 2, 2, 1, 4, 0, 3, 1, 1, 1, 1, 3, 1, 1, 1, 3, 0, 4, 3, 1, 4, 1, 1, 2, 4, 1, 1, 2, 1, 1, 1, 1, 3, 1, 2, 1, 1, 4, 1, 2, 1, 3, 1, 1, 1, 1, 2, 2, 2, 4, 1]|[0, 2, 1, 1, 3, 0, 1, 3, 0, 0, 0, 0, 1, 0, 1, 0, 0, 3, 1, 0, 0, 0, 3, 1, 0, 2, 0, 0, 0, 1, 0, 0, 0, 0, 3, 0, 1, 0, 0, 2, 1, 1, 1, 0, 0, 0, 0, 2, 1, 0, 0, 0, 1, 3, 0, 0, 0, 0, 0, 0, 2, 0, 1, 0, 2, 1, 0, 0, 1, 1, 3, 1, 1, 3, 0, 0, 1, 0, 0, 0, 0, 0, 0, 1, 1, 0, 0, 0, 1, 0, 2, 0, 0, 1, 1, 0, 0, 0, 2, 0],741.8849986867369,55870.42159412257,92036.86219917734,true
47,G1_CMAX,G4_BALANCED,[31, 22, 82, 15, 26, 58, 95, 42, 77, 12, 47, 5, 93, 78, 86, 54, 85, 63, 18, 44, 20, 35, 43, 97, 66, 76, 79, 30, 21, 45, 71, 64, 1, 23, 17, 83, 24, 14, 60, 36, 6, 57, 40, 88, 65, 56, 10, 94, 67, 68, 46, 75, 38, 9, 19, 32, 41, 81, 27, 62, 87, 90, 99, 59, 16, 72, 73, 70, 39, 37, 84, 3, 92, 25, 55, 48, 11, 29, 51, 96, 33, 61, 98, 28, 89, 50, 4, 34, 53, 80, 8, 91, 7, 49, 52, 0, 74, 69, 2, 13]|[1, 1, 0, 1, 1, 0, 1, 2, 2, 1, 2, 2, 2, 1, 1, 0, 0, 1, 0, 2, 2, 0, 2, 2, 0, 1, 2, 2, 0, 0, 1, 2, 1, 2, 1, 0, 2, 0, 1, 1, 0, 1, 1, 1, 0, 2, 2, 1, 0, 0, 0, 0, 1, 1, 2, 1, 0, 2, 0, 2, 2, 1, 0, 1, 1, 2, 1, 1, 1, 1, 1, 1, 0, 1, 2, 0, 2, 0, 0, 2, 2, 1, 2, 0, 1, 0, 1, 2, 0, 0, 1, 0, 1, 0, 1, 0, 2, 1, 0, 0]|[4, 3, 2, 2, 4, 1, 2, 2, 2, 4, 2, 1, 2, 4, 4, 1, 2, 4, 2, 1, 1, 1, 2, 2, 1, 2, 1, 1, 1, 1, 3, 2, 3, 1, 4, 0, 1, 1, 0, 3, 2, 2, 2, 0, 1, 1, 1, 4, 0, 1, 2, 2, 1, 4, 0, 3, 1, 1, 1, 1, 1, 3, 1, 1, 3, 0, 4, 3, 1, 4, 1, 1, 2, 4, 1, 1, 1, 1, 1, 1, 1, 3, 1, 2, 1, 1, 4, 1, 2, 1, 3, 1, 1, 1, 1, 2, 1, 4, 2, 2]|[0, 2, 1, 1, 3, 0, 1, 0, 0, 0, 0, 0, 0, 0, 1, 0, 0, 3, 1, 0, 0, 0, 1, 1, 0, 2, 0, 0, 0, 0, 0, 0, 0, 0, 3, 0, 1, 0, 0, 2, 1, 1, 1, 0, 0, 0, 0, 2, 1, 0, 0, 0, 1, 3, 0, 0, 0, 0, 0, 0, 0, 2, 0, 1, 2, 1, 0, 0, 1, 1, 3, 1, 1, 3, 0, 0, 0, 0, 0, 0, 0, 0, 0, 1, 1, 0, 0, 0, 1, 0, 2, 0, 2, 1, 1, 0, 0, 2, 0, 0],833.102820254495,54845.058524332984,98518.43558293639,true
47,G4_BALANCED,G4_BALANCED,[31, 22, 82, 15, 26, 58, 95, 42, 77, 12, 47, 5, 93, 78, 86, 54, 85, 63, 18, 44, 20, 35, 43, 97, 66, 76, 10, 30, 21, 45, 71, 64, 1, 23, 17, 83, 24, 14, 60, 36, 6, 57, 40, 88, 65, 56, 79, 94, 67, 68, 46, 75, 38, 9, 19, 32, 81, 41, 27, 62, 87, 90, 99, 59, 11, 16, 72, 73, 70, 39, 37, 84, 3, 92, 25, 74, 28, 29, 51, 7, 33, 61, 98, 48, 89, 50, 4, 96, 53, 80, 91, 8, 55, 49, 52, 0, 13, 2, 69, 34]|[1, 1, 0, 1, 1, 1, 1, 2, 2, 1, 2, 2, 2, 1, 1, 0, 0, 1, 0, 2, 2, 0, 1, 2, 2, 1, 2, 2, 0, 0, 1, 2, 1, 2, 1, 0, 2, 0, 1, 1, 0, 1, 1, 1, 0, 2, 1, 1, 0, 0, 0, 0, 1, 1, 2, 1, 2, 0, 0, 0, 2, 1, 0, 1, 2, 1, 2, 1, 1, 1, 1, 1, 1, 0, 1, 2, 0, 0, 0, 1, 2, 1, 0, 0, 1, 0, 0, 2, 0, 0, 0, 0, 1, 0, 1, 0, 0, 0, 1, 2]|[4, 3, 2, 2, 0, 0, 2, 2, 2, 4, 1, 1, 2, 4, 4, 1, 2, 4, 2, 1, 1, 1, 1, 2, 1, 2, 1, 1, 1, 1, 3, 1, 3, 1, 4, 0, 1, 1, 0, 3, 2, 2, 2, 0, 1, 1, 0, 4, 0, 1, 2, 2, 1, 4, 0, 3, 1, 1, 1, 2, 1, 3, 1, 1, 1, 3, 0, 4, 3, 1, 4, 1, 1, 2, 4, 1, 2, 1, 1, 3, 1, 3, 1, 1, 1, 1, 2, 1, 2, 1, 1, 1, 4, 1, 1, 2, 2, 2, 3, 1]|[0, 2, 1, 1, 3, 3, 1, 0, 0, 0, 0, 0, 1, 0, 1, 0, 0, 3, 1, 0, 0, 0, 3, 1, 0, 2, 0, 0, 0, 1, 0, 0, 0, 0, 3, 0, 1, 0, 0, 2, 1, 1, 1, 0, 0, 0, 0, 2, 1, 0, 0, 0, 1, 3, 0, 0, 0, 0, 0, 1, 0, 2, 0, 1, 0, 2, 1, 0, 0, 1, 1, 3, 1, 1, 3, 0, 1, 0, 0, 2, 0, 0, 0, 0, 1, 0, 1, 0, 1, 0, 0, 0, 3, 1, 1, 0, 0, 0, 0, 0],796.782775420739,56812.08658970495,90231.91113432166,false
47,G2_TEC,G2_TEC,[31, 22, 82, 15, 26, 9, 95, 42, 77, 68, 47, 5, 93, 78, 86, 54, 85, 63, 18, 44, 20, 49, 36, 14, 74, 50, 53, 17, 21, 28, 11, 64, 3, 23, 30, 83, 24, 41, 40, 52, 65, 27, 90, 70, 39, 58, 48, 69, 99, 4, 46, 1, 13, 87, 97, 59, 45, 8, 73, 37, 35, 79, 71, 66, 76, 32, 60, 80, 56, 6, 67, 61, 33, 7, 57, 34, 12, 16, 10, 98, 96, 88, 43, 81, 91, 2, 84, 29, 92, 19, 51, 89, 55, 25, 72, 75, 94, 38, 62, 0]|[2, 1, 2, 1, 1, 2, 1, 1, 1, 1, 1, 0, 2, 2, 1, 2, 0, 0, 0, 2, 2, 1, 0, 2, 0, 2, 2, 1, 0, 1, 1, 1, 0, 0, 1, 0, 2, 1, 2, 2, 0, 0, 1, 1, 0, 2, 0, 2, 1, 0, 0, 2, 0, 2, 2, 0, 1, 1, 0, 0, 2, 1, 1, 2, 2, 0, 2, 2, 2, 1, 2, 1, 1, 2, 0, 1, 1, 2, 1, 2, 0, 1, 1, 1, 1, 0, 0, 1, 0, 1, 1, 1, 0, 1, 1, 0, 2, 0, 1, 0]|[0, 3, 0, 3, 4, 1, 4, 4, 2, 4, 3, 2, 1, 0, 2, 1, 1, 1, 2, 1, 1, 3, 0, 1, 0, 1, 1, 4, 1, 4, 3, 2, 2, 0, 4, 1, 1, 4, 1, 1, 2, 1, 4, 4, 1, 1, 0, 1, 3, 2, 2, 1, 2, 1, 1, 2, 4, 3, 0, 2, 1, 3, 3, 1, 1, 2, 1, 1, 1, 4, 1, 3, 4, 1, 2, 4, 3, 1, 3, 1, 2, 4, 4, 4, 3, 2, 2, 3, 2, 4, 3, 4, 2, 4, 4, 2, 1, 2, 3, 2]|[0, 2, 0, 0, 3, 0, 1, 3, 0, 0, 2, 0, 0, 0, 1, 0, 0, 0, 1, 0, 0, 2, 0, 0, 1, 0, 0, 3, 0, 1, 0, 2, 0, 0, 3, 0, 1, 1, 0, 0, 0, 0, 1, 3, 0, 0, 1, 0, 2, 0, 0, 0, 0, 0, 1, 0, 1, 0, 1, 1, 0, 2, 0, 0, 0, 0, 0, 0, 0, 2, 0, 0, 1, 0, 0, 1, 0, 0, 3, 0, 0, 1, 2, 2, 0, 0, 0, 3, 0, 1, 0, 1, 0, 3, 1, 0, 0, 0, 0, 0],915.4865022436335,48708.26809038564,107918.70460880936,false
47,G3_TWC,G1_CMAX,[31, 22, 82, 15, 26, 99, 95, 42, 77, 12, 47, 5, 93, 78, 86, 54, 21, 63, 18, 44, 20, 35, 43, 97, 91, 76, 10, 30, 85, 45, 71, 64, 1, 23, 37, 83, 24, 14, 60, 36, 6, 57, 40, 88, 65, 56, 79, 94, 67, 68, 46, 75, 38, 9, 19, 32, 41, 81, 27, 87, 90, 58, 59, 11, 16, 72, 73, 70, 39, 17, 84, 3, 92, 25, 55, 48, 28, 29, 51, 7, 33, 61, 98, 62, 89, 50, 4, 96, 53, 80, 8, 66, 34, 49, 52, 0, 13, 2, 69, 74]|[2, 1, 0, 1, 1, 0, 1, 1, 2, 1, 2, 2, 2, 1, 1, 0, 0, 1, 0, 2, 2, 0, 1, 2, 0, 1, 2, 2, 0, 0, 1, 2, 1, 2, 1, 0, 2, 0, 1, 1, 0, 1, 1, 1, 0, 2, 1, 1, 0, 0, 0, 0, 1, 1, 2, 1, 0, 2, 0, 2, 1, 0, 1, 2, 1, 2, 1, 1, 1, 1, 1, 1, 0, 1, 2, 0, 0, 0, 0, 2, 2, 1, 2, 0, 1, 0, 1, 2, 0, 0, 1, 2, 2, 0, 1, 0, 0, 0, 1, 2]|[1, 3, 2, 2, 4, 1, 2, 3, 2, 4, 1, 1, 2, 4, 4, 1, 1, 4, 2, 1, 1, 1, 1, 2, 1, 2, 1, 1, 2, 1, 3, 2, 3, 1, 4, 0, 1, 1, 0, 3, 2, 2, 2, 0, 1, 1, 0, 4, 0, 1, 2, 2, 1, 4, 0, 3, 1, 1, 1, 1, 3, 1, 1, 1, 3, 0, 4, 3, 1, 4, 1, 1, 2, 4, 1, 1, 2, 1, 1, 1, 1, 3, 1, 2, 1, 1, 4, 1, 2, 1, 3, 1, 1, 1, 1, 2, 2, 2, 4, 1]|[0, 2, 1, 1, 3, 0, 1, 3, 0, 0, 0, 0, 1, 0, 1, 0, 0, 3, 1, 0, 0, 0, 3, 1, 0, 2, 0, 0, 0, 1, 0, 0, 0, 0, 3, 0, 1, 0, 0, 2, 1, 1, 1, 0, 0, 0, 0, 2, 1, 0, 0, 0, 1, 3, 0, 0, 0, 0, 0, 0, 2, 0, 1, 0, 2, 1, 0, 0, 1, 1, 3, 1, 1, 3, 0, 0, 1, 0, 0, 0, 0, 0, 0, 1, 1, 0, 0, 0, 1, 0, 2, 0, 0, 1, 1, 0, 0, 0, 2, 0],741.8849986867369,55870.42159412257,92036.86219917734,true
47,G1_CMAX,G4_BALANCED,[31, 22, 82, 15, 26, 99, 95, 42, 77, 12, 47, 5, 93, 78, 86, 54, 21, 63, 18, 44, 20, 35, 43, 97, 91, 76, 10, 30, 85, 45, 71, 64, 1, 23, 17, 83, 24, 14, 60, 36, 6, 57, 94, 88, 65, 56, 79, 40, 67, 68, 46, 75, 38, 9, 19, 32, 41, 81, 27, 87, 90, 58, 59, 53, 16, 72, 73, 70, 39, 37, 84, 3, 92, 25, 55, 48, 62, 29, 51, 96, 33, 61, 98, 28, 89, 50, 4, 7, 11, 80, 8, 66, 34, 49, 52, 0, 74, 69, 2, 13]|[2, 1, 0, 1, 1, 0, 1, 1, 2, 1, 2, 2, 2, 1, 1, 0, 0, 1, 0, 2, 2, 0, 1, 2, 0, 1, 2, 2, 0, 0, 1, 2, 1, 2, 1, 0, 2, 0, 1, 1, 0, 1, 1, 1, 0, 2, 1, 1, 0, 0, 0, 0, 1, 1, 2, 1, 0, 2, 0, 2, 1, 0, 1, 0, 1, 2, 1, 1, 1, 1, 1, 1, 0, 1, 2, 0, 0, 0, 0, 2, 2, 1, 2, 0, 1, 0, 1, 2, 0, 0, 0, 2, 2, 0, 1, 0, 2, 1, 0, 0]|[1, 3, 2, 2, 4, 1, 2, 3, 2, 4, 1, 1, 2, 4, 4, 1, 1, 4, 2, 1, 1, 1, 1, 2, 1, 2, 1, 1, 2, 1, 3, 2, 3, 1, 4, 0, 1, 1, 0, 3, 2, 2, 4, 0, 1, 1, 0, 2, 0, 1, 2, 2, 1, 4, 0, 3, 1, 1, 1, 1, 3, 1, 1, 2, 3, 0, 4, 3, 1, 4, 1, 1, 2, 4, 1, 1, 2, 1, 1, 1, 1, 3, 1, 2, 1, 1, 4, 1, 2, 1, 1, 1, 1, 1, 1, 2, 1, 4, 2, 2]|[0, 2, 1, 1, 3, 0, 1, 3, 0, 0, 0, 0, 1, 0, 1, 0, 0, 3, 1, 0, 0, 0, 3, 1, 0, 2, 0, 0, 0, 1, 0, 0, 0, 0, 3, 0, 1, 0, 0, 2, 1, 1, 2, 0, 0, 0, 0, 1, 1, 0, 0, 0, 1, 3, 0, 0, 0, 0, 0, 0, 2, 0, 1, 1, 2, 1, 0, 0, 1, 1, 3, 1, 1, 3, 0, 0, 1, 0, 0, 0, 0, 0, 0, 1, 1, 0, 0, 0, 1, 0, 0, 0, 0, 1, 1, 0, 0, 2, 0, 0],777.9061139310588,56340.33150500855,91121.00473790581,true
47,G4_BALANCED,G4_BALANCED,[31, 22, 82, 15, 26, 58, 95, 42, 77, 12, 47, 5, 93, 78, 86, 54, 85, 63, 18, 44, 20, 35, 43, 97, 66, 76, 10, 30, 21, 45, 71, 64, 1, 23, 17, 83, 24, 14, 60, 36, 6, 57, 40, 88, 65, 56, 79, 94, 67, 68, 46, 75, 38, 9, 19, 32, 81, 41, 27, 62, 87, 90, 99, 59, 11, 16, 72, 73, 70, 39, 37, 84, 3, 92, 25, 74, 28, 29, 51, 7, 33, 61, 98, 48, 89, 50, 4, 96, 53, 80, 91, 8, 55, 49, 52, 0, 13, 2, 69, 34]|[1, 1, 0, 1, 1, 1, 1, 2, 2, 1, 2, 2, 2, 1, 1, 0, 0, 1, 0, 2, 2, 0, 1, 2, 2, 1, 2, 2, 0, 0, 1, 2, 1, 2, 1, 0, 2, 0, 1, 1, 0, 1, 1, 1, 0, 2, 1, 1, 0, 0, 0, 0, 1, 1, 2, 1, 2, 0, 0, 0, 2, 1, 0, 1, 2, 1, 2, 1, 1, 1, 1, 1, 1, 0, 1, 2, 0, 0, 0, 1, 2, 1, 0, 0, 1, 0, 0, 2, 0, 0, 0, 0, 1, 0, 1, 0, 0, 0, 1, 2]|[4, 3, 2, 2, 0, 0, 2, 2, 2, 4, 1, 1, 2, 4, 4, 1, 2, 4, 2, 1, 1, 1, 1, 2, 1, 2, 1, 1, 1, 1, 3, 1, 3, 1, 4, 0, 1, 1, 0, 3, 2, 2, 2, 0, 1, 1, 0, 4, 0, 1, 2, 2, 1, 4, 0, 3, 1, 1, 1, 2, 1, 3, 1, 1, 1, 3, 0, 4, 3, 1, 4, 1, 1, 2, 4, 1, 2, 1, 1, 3, 1, 3, 1, 1, 1, 1, 2, 1, 2, 1, 1, 1, 4, 1, 1, 2, 2, 2, 3, 1]|[0, 2, 1, 1, 3, 3, 1, 0, 0, 0, 0, 0, 1, 0, 1, 0, 0, 3, 1, 0, 0, 0, 3, 1, 0, 2, 0, 0, 0, 1, 0, 0, 0, 0, 3, 0, 1, 0, 0, 2, 1, 1, 1, 0, 0, 0, 0, 2, 1, 0, 0, 0, 1, 3, 0, 0, 0, 0, 0, 1, 0, 2, 0, 1, 0, 2, 1, 0, 0, 1, 1, 3, 1, 1, 3, 0, 1, 0, 0, 2, 0, 0, 0, 0, 1, 0, 1, 0, 1, 0, 0, 0, 3, 1, 1, 0, 0, 0, 0, 0],796.782775420739,56812.08658970495,90231.91113432166,false
47,G2_TEC,G2_TEC,[31, 22, 82, 15, 26, 9, 95, 42, 77, 68, 47, 5, 93, 78, 86, 54, 85, 63, 18, 44, 20, 49, 36, 14, 74, 50, 53, 17, 21, 28, 11, 64, 3, 23, 30, 83, 24, 41, 40, 52, 65, 27, 90, 70, 39, 58, 48, 69, 99, 4, 46, 1, 13, 87, 97, 59, 45, 8, 73, 37, 35, 79, 71, 66, 76, 32, 60, 80, 56, 6, 67, 61, 33, 7, 57, 34, 12, 16, 10, 98, 96, 88, 43, 81, 91, 2, 84, 29, 92, 19, 51, 89, 55, 25, 72, 75, 94, 38, 62, 0]|[2, 1, 2, 1, 1, 2, 1, 1, 1, 1, 1, 0, 2, 2, 1, 2, 0, 0, 0, 2, 2, 1, 0, 2, 0, 2, 2, 1, 0, 1, 1, 1, 0, 0, 1, 0, 2, 1, 2, 2, 0, 0, 1, 1, 0, 2, 0, 2, 1, 0, 0, 2, 0, 2, 2, 0, 1, 1, 0, 0, 2, 1, 1, 2, 2, 0, 2, 2, 2, 1, 2, 1, 1, 2, 0, 1, 1, 2, 1, 2, 0, 1, 1, 1, 1, 0, 0, 1, 0, 1, 1, 1, 0, 1, 1, 0, 2, 0, 1, 0]|[0, 3, 0, 3, 4, 1, 4, 4, 2, 4, 3, 2, 1, 0, 2, 1, 1, 1, 2, 1, 1, 3, 0, 1, 0, 1, 1, 4, 1, 4, 3, 2, 2, 0, 4, 1, 1, 4, 1, 1, 2, 1, 4, 4, 1, 1, 0, 1, 3, 2, 2, 1, 2, 1, 1, 2, 4, 3, 0, 2, 1, 3, 3, 1, 1, 2, 1, 1, 1, 4, 1, 3, 4, 1, 2, 4, 3, 1, 3, 1, 2, 4, 4, 4, 3, 2, 2, 3, 2, 4, 3, 4, 2, 4, 4, 2, 1, 2, 3, 2]|[0, 2, 0, 0, 3, 0, 1, 3, 0, 0, 2, 0, 0, 0, 1, 0, 0, 0, 1, 0, 0, 2, 0, 0, 1, 0, 0, 3, 0, 1, 0, 2, 0, 0, 3, 0, 1, 1, 0, 0, 0, 0, 1, 3, 0, 0, 1, 0, 2, 0, 0, 0, 0, 0, 1, 0, 1, 0, 1, 1, 0, 2, 0, 0, 0, 0, 0, 0, 0, 2, 0, 0, 1, 0, 0, 1, 0, 0, 3, 0, 0, 1, 2, 2, 0, 0, 0, 3, 0, 1, 0, 1, 0, 3, 1, 0, 0, 0, 0, 0],915.4865022436335,48708.26809038564,107918.70460880936,false
47,G3_TWC,G1_CMAX,[22, 82, 3, 58, 95, 42, 77, 47, 5, 93, 78, 12, 86, 54, 50, 63, 18, 44, 20, 35, 43, 97, 91, 76, 10, 30, 21, 45, 71, 64, 36, 23, 17, 83, 24, 14, 60, 1, 6, 40, 57, 90, 65, 56, 79, 94, 67, 68, 46, 75, 38, 9, 19, 32, 81, 41, 27, 62, 16, 55, 59, 89, 88, 87, 31, 72, 73, 70, 39, 37, 84, 92, 25, 11, 48, 15, 29, 51, 7, 33, 61, 98, 28, 99, 26, 85, 66, 96, 53, 80, 4, 8, 34, 49, 52, 2, 13, 0, 69, 74]|[1, 0, 1, 0, 1, 2, 2, 2, 2, 2, 1, 1, 1, 0, 0, 1, 0, 2, 2, 0, 1, 2, 0, 1, 2, 2, 0, 0, 1, 2, 1, 2, 1, 0, 2, 0, 1, 1, 0, 1, 1, 1, 0, 2, 1, 1, 0, 0, 0, 0, 1, 1, 2, 1, 2, 0, 0, 0, 1, 2, 1, 1, 1, 1, 1, 2, 1, 2, 1, 1, 1, 0, 1, 2, 2, 1, 0, 0, 1, 2, 1, 2, 0, 1, 1, 0, 0, 2, 0, 0, 1, 1, 2, 0, 1, 0, 0, 0, 1, 2]|[3, 2, 1, 1, 2, 1, 2, 1, 1, 2, 4, 4, 4, 1, 1, 4, 2, 1, 1, 1, 1, 2, 1, 2, 1, 1, 2, 1, 3, 2, 3, 1, 4, 1, 1, 1, 0, 3, 2, 2, 2, 3, 1, 1, 0, 4, 0, 1, 2, 2, 1, 4, 0, 3, 2, 1, 1, 2, 3, 1, 1, 1, 0, 3, 0, 0, 3, 0, 1, 4, 1, 0, 4, 1, 1, 4, 1, 1, 1, 1, 3, 1, 2, 1, 0, 2, 1, 1, 2, 1, 4, 3, 1, 1, 1, 2, 2, 2, 4, 1]|[3, 1, 2, 0, 1, 0, 0, 0, 0, 1, 0, 0, 1, 0, 0, 3, 1, 0, 0, 0, 3, 1, 0, 2, 0, 0, 0, 1, 0, 0, 2, 0, 3, 0, 1, 0, 0, 0, 1, 1, 1, 2, 0, 0, 0, 2, 1, 0, 0, 0, 1, 3, 0, 0, 1, 0, 0, 1, 2, 0, 1, 1, 0, 2, 0, 1, 0, 1, 1, 1, 1, 1, 3, 0, 0, 3, 0, 0, 2, 0, 0, 0, 1, 1, 3, 0, 0, 0, 1, 0, 0, 2, 0, 1, 1, 0, 0, 0, 2, 0],715.7913946700162,58060.95961022334,95287.06515100288,true
47,G1_CMAX,G3_TWC,[31, 22, 42, 15, 26, 58, 95, 82, 77, 12, 47, 5, 93, 78, 98, 54, 85, 63, 18, 44, 20, 35, 43, 97, 91, 76, 10, 30, 21, 45, 71, 64, 1, 23, 17, 83, 24, 61, 60, 36, 6, 57, 94, 88, 65, 56, 79, 40, 67, 68, 46, 75, 38, 9, 19, 32, 81, 41, 27, 62, 87, 90, 99, 59, 11, 16, 72, 73, 70, 39, 37, 84, 3, 92, 25, 74, 28, 29, 51, 7, 33, 14, 86, 66, 89, 50, 69, 96, 53, 80, 4, 8, 48, 49, 52, 2, 13, 0, 34, 55]|[1, 1, 0, 1, 1, 1, 2, 1, 2, 1, 2, 2, 2, 1, 1, 0, 0, 1, 0, 2, 2, 0, 1, 2, 0, 1, 2, 2, 0, 0, 1, 2, 1, 2, 1, 0, 2, 0, 1, 1, 0, 1, 1, 1, 0, 2, 1, 1, 0, 0, 0, 0, 1, 1, 2, 1, 2, 0, 0, 0, 2, 1, 0, 1, 2, 1, 2, 1, 1, 1, 1, 1, 2, 0, 1, 2, 0, 0, 0, 1, 2, 1, 0, 0, 1, 0, 1, 0, 0, 0, 0, 1, 0, 0, 1, 0, 0, 0, 2, 1]|[4, 3, 2, 2, 0, 0, 2, 2, 2, 4, 1, 1, 2, 4, 4, 1, 1, 4, 2, 1, 1, 1, 1, 2, 1, 2, 1, 1, 1, 1, 3, 2, 3, 1, 4, 0, 1, 1, 0, 3, 2, 2, 4, 0, 1, 1, 0, 2, 0, 1, 2, 2, 1, 4, 0, 3, 2, 1, 1, 2, 1, 3, 1, 1, 1, 3, 0, 4, 3, 1, 4, 1, 1, 2, 4, 1, 2, 1, 1, 3, 1, 3, 1, 1, 1, 1, 3, 1, 2, 1, 2, 3, 1, 1, 1, 2, 2, 2, 1, 4]|[0, 2, 1, 1, 3, 3, 0, 1, 0, 0, 0, 0, 1, 0, 1, 0, 0, 3, 1, 0, 0, 0, 3, 1, 0, 2, 0, 0, 0, 1, 0, 0, 0, 0, 3, 0, 1, 0, 0, 2, 1, 1, 2, 0, 0, 0, 0, 1, 1, 0, 0, 0, 1, 3, 0, 0, 1, 0, 0, 1, 0, 2, 0, 1, 0, 2, 1, 0, 0, 1, 1, 3, 0, 1, 3, 0, 1, 0, 0, 2, 0, 0, 0, 0, 1, 0, 0, 0, 1, 0, 1, 2, 0, 1, 1, 0, 0, 0, 0, 3],801.9390700378715,57489.07682722585,89091.81493172375,true
47,G4_BALANCED,G4_BALANCED,[31, 22, 82, 15, 26, 58, 95, 42, 77, 12, 47, 5, 93, 78, 86, 54, 85, 63, 18, 44, 20, 35, 43, 97, 66, 76, 10, 30, 21, 45, 71, 64, 1, 23, 17, 83, 24, 14, 60, 36, 6, 57, 40, 88, 65, 56, 79, 94, 67, 68, 46, 75, 38, 9, 19, 32, 81, 41, 27, 62, 87, 90, 99, 59, 11, 16, 72, 73, 70, 39, 37, 84, 3, 92, 25, 74, 28, 29, 51, 7, 33, 61, 98, 48, 89, 50, 4, 96, 53, 80, 91, 8, 55, 49, 52, 0, 13, 2, 69, 34]|[1, 1, 0, 1, 1, 1, 1, 2, 2, 1, 2, 2, 2, 1, 1, 0, 0, 1, 0, 2, 2, 0, 1, 2, 2, 1, 2, 2, 0, 0, 1, 2, 1, 2, 1, 0, 2, 0, 1, 1, 0, 1, 1, 1, 0, 2, 1, 1, 0, 0, 0, 0, 1, 1, 2, 1, 2, 0, 0, 0, 2, 1, 0, 1, 2, 1, 2, 1, 1, 1, 1, 1, 1, 0, 1, 2, 0, 0, 0, 1, 2, 1, 0, 0, 1, 0, 0, 2, 0, 0, 0, 0, 1, 0, 1, 0, 0, 0, 1, 2]|[4, 3, 2, 2, 0, 0, 2, 2, 2, 4, 1, 1, 2, 4, 4, 1, 2, 4, 2, 1, 1, 1, 1, 2, 1, 2, 1, 1, 1, 1, 3, 1, 3, 1, 4, 0, 1, 1, 0, 3, 2, 2, 2, 0, 1, 1, 0, 4, 0, 1, 2, 2, 1, 4, 0, 3, 1, 1, 1, 2, 1, 3, 1, 1, 1, 3, 0, 4, 3, 1, 4, 1, 1, 2, 4, 1, 2, 1, 1, 3, 1, 3, 1, 1, 1, 1, 2, 1, 2, 1, 1, 1, 4, 1, 1, 2, 2, 2, 3, 1]|[0, 2, 1, 1, 3, 3, 1, 0, 0, 0, 0, 0, 1, 0, 1, 0, 0, 3, 1, 0, 0, 0, 3, 1, 0, 2, 0, 0, 0, 1, 0, 0, 0, 0, 3, 0, 1, 0, 0, 2, 1, 1, 1, 0, 0, 0, 0, 2, 1, 0, 0, 0, 1, 3, 0, 0, 0, 0, 0, 1, 0, 2, 0, 1, 0, 2, 1, 0, 0, 1, 1, 3, 1, 1, 3, 0, 1, 0, 0, 2, 0, 0, 0, 0, 1, 0, 1, 0, 1, 0, 0, 0, 3, 1, 1, 0, 0, 0, 0, 0],796.782775420739,56812.08658970495,90231.91113432166,false
47,G2_TEC,G2_TEC,[31, 22, 82, 15, 26, 9, 95, 42, 77, 68, 47, 5, 93, 78, 86, 54, 85, 63, 18, 44, 20, 49, 36, 14, 74, 50, 53, 17, 21, 28, 11, 64, 3, 23, 30, 83, 24, 41, 40, 52, 65, 27, 90, 70, 39, 58, 48, 69, 99, 4, 46, 1, 13, 87, 97, 59, 45, 8, 73, 37, 35, 79, 71, 66, 76, 32, 60, 80, 56, 6, 67, 61, 33, 7, 57, 34, 12, 16, 10, 98, 96, 88, 43, 81, 91, 2, 84, 29, 92, 19, 51, 89, 55, 25, 72, 75, 94, 38, 62, 0]|[2, 1, 2, 1, 1, 2, 1, 1, 1, 1, 1, 0, 2, 2, 1, 2, 0, 0, 0, 2, 2, 1, 0, 2, 0, 2, 2, 1, 0, 1, 1, 1, 0, 0, 1, 0, 2, 1, 2, 2, 0, 0, 1, 1, 0, 2, 0, 2, 1, 0, 0, 2, 0, 2, 2, 0, 1, 1, 0, 0, 2, 1, 1, 2, 2, 0, 2, 2, 2, 1, 2, 1, 1, 2, 0, 1, 1, 2, 1, 2, 0, 1, 1, 1, 1, 0, 0, 1, 0, 1, 1, 1, 0, 1, 1, 0, 2, 0, 1, 0]|[0, 3, 0, 3, 4, 1, 4, 4, 2, 4, 3, 2, 1, 0, 2, 1, 1, 1, 2, 1, 1, 3, 0, 1, 0, 1, 1, 4, 1, 4, 3, 2, 2, 0, 4, 1, 1, 4, 1, 1, 2, 1, 4, 4, 1, 1, 0, 1, 3, 2, 2, 1, 2, 1, 1, 2, 4, 3, 0, 2, 1, 3, 3, 1, 1, 2, 1, 1, 1, 4, 1, 3, 4, 1, 2, 4, 3, 1, 3, 1, 2, 4, 4, 4, 3, 2, 2, 3, 2, 4, 3, 4, 2, 4, 4, 2, 1, 2, 3, 2]|[0, 2, 0, 0, 3, 0, 1, 3, 0, 0, 2, 0, 0, 0, 1, 0, 0, 0, 1, 0, 0, 2, 0, 0, 1, 0, 0, 3, 0, 1, 0, 2, 0, 0, 3, 0, 1, 1, 0, 0, 0, 0, 1, 3, 0, 0, 1, 0, 2, 0, 0, 0, 0, 0, 1, 0, 1, 0, 1, 1, 0, 2, 0, 0, 0, 0, 0, 0, 0, 2, 0, 0, 1, 0, 0, 1, 0, 0, 3, 0, 0, 1, 2, 2, 0, 0, 0, 3, 0, 1, 0, 1, 0, 3, 1, 0, 0, 0, 0, 0],915.4865022436335,48708.26809038564,107918.70460880936,false
47,G3_TWC,G1_CMAX,[22, 82, 3, 58, 95, 42, 77, 47, 5, 93, 78, 12, 86, 54, 50, 63, 18, 44, 20, 35, 43, 97, 91, 76, 10, 30, 21, 45, 71, 64, 36, 23, 17, 83, 24, 14, 60, 1, 6, 40, 57, 90, 65, 56, 79, 94, 67, 68, 46, 75, 38, 9, 19, 32, 81, 41, 27, 62, 16, 55, 59, 89, 88, 87, 31, 72, 73, 70, 39, 37, 84, 92, 25, 11, 48, 15, 29, 51, 7, 33, 61, 98, 28, 99, 26, 85, 66, 96, 53, 80, 4, 8, 34, 49, 52, 2, 13, 0, 69, 74]|[1, 0, 1, 0, 1, 2, 2, 2, 2, 2, 1, 1, 1, 0, 0, 1, 0, 2, 2, 0, 1, 2, 0, 1, 2, 2, 0, 0, 1, 2, 1, 2, 1, 0, 2, 0, 1, 1, 0, 1, 1, 1, 0, 2, 1, 1, 0, 0, 0, 0, 1, 1, 2, 1, 2, 0, 0, 0, 1, 2, 1, 1, 1, 1, 1, 2, 1, 2, 1, 1, 1, 0, 1, 2, 2, 1, 0, 0, 1, 2, 1, 2, 0, 1, 1, 0, 0, 2, 0, 0, 1, 1, 2, 0, 1, 0, 0, 0, 1, 2]|[3, 2, 1, 1, 2, 1, 2, 1, 1, 2, 4, 4, 4, 1, 1, 4, 2, 1, 1, 1, 1, 2, 1, 2, 1, 1, 2, 1, 3, 2, 3, 1, 4, 1, 1, 1, 0, 3, 2, 2, 2, 3, 1, 1, 0, 4, 0, 1, 2, 2, 1, 4, 0, 3, 2, 1, 1, 2, 3, 1, 1, 1, 0, 3, 0, 0, 3, 0, 1, 4, 1, 0, 4, 1, 1, 4, 1, 1, 1, 1, 3, 1, 2, 1, 0, 2, 1, 1, 2, 1, 4, 3, 1, 1, 1, 2, 2, 2, 4, 1]|[3, 1, 2, 0, 1, 0, 0, 0, 0, 1, 0, 0, 1, 0, 0, 3, 1, 0, 0, 0, 3, 1, 0, 2, 0, 0, 0, 1, 0, 0, 2, 0, 3, 0, 1, 0, 0, 0, 1, 1, 1, 2, 0, 0, 0, 2, 1, 0, 0, 0, 1, 3, 0, 0, 1, 0, 0, 1, 2, 0, 1, 1, 0, 2, 0, 1, 0, 1, 1, 1, 1, 1, 3, 0, 0, 3, 0, 0, 2, 0, 0, 0, 1, 1, 3, 0, 0, 0, 1, 0, 0, 2, 0, 1, 1, 0, 0, 0, 2, 0],715.7913946700162,58060.95961022334,95287.06515100288,true
47,G1_CMAX,G4_BALANCED,[31, 22, 82, 15, 26, 58, 95, 42, 77, 12, 47, 5, 93, 78, 86, 54, 85, 63, 18, 44, 20, 35, 43, 97, 66, 76, 10, 30, 21, 45, 71, 64, 1, 23, 17, 83, 24, 14, 60, 36, 6, 57, 40, 88, 65, 56, 79, 94, 67, 68, 46, 75, 38, 9, 19, 32, 81, 41, 27, 62, 87, 90, 99, 59, 11, 16, 72, 73, 70, 39, 37, 84, 3, 92, 25, 74, 28, 29, 51, 7, 33, 61, 98, 48, 89, 50, 4, 96, 53, 80, 91, 8, 55, 49, 52, 0, 13, 2, 69, 34]|[1, 1, 0, 1, 1, 1, 1, 2, 2, 1, 2, 2, 2, 1, 1, 0, 0, 1, 0, 2, 2, 0, 1, 2, 2, 1, 2, 2, 0, 0, 1, 2, 1, 2, 1, 0, 2, 0, 1, 1, 0, 1, 1, 1, 0, 2, 1, 1, 0, 0, 0, 0, 1, 1, 2, 1, 2, 0, 0, 0, 2, 1, 0, 1, 2, 1, 2, 1, 1, 1, 1, 1, 1, 0, 1, 2, 0, 0, 0, 1, 2, 1, 0, 0, 1, 0, 0, 2, 0, 0, 0, 0, 1, 0, 1, 0, 0, 0, 1, 2]|[4, 3, 2, 2, 0, 0, 2, 2, 2, 4, 1, 1, 2, 4, 4, 1, 2, 4, 2, 1, 1, 1, 1, 2, 1, 2, 1, 1, 1, 1, 3, 1, 3, 1, 4, 0, 1, 1, 0, 3, 2, 2, 2, 0, 1, 1, 0, 4, 0, 1, 2, 2, 1, 4, 0, 3, 1, 1, 1, 2, 1, 3, 1, 1, 1, 3, 0, 4, 3, 1, 4, 1, 1, 2, 4, 1, 2, 1, 1, 3, 1, 3, 1, 1, 1, 1, 2, 1, 2, 1, 1, 1, 4, 1, 1, 2, 2, 2, 3, 1]|[0, 2, 1, 1, 3, 3, 1, 0, 0, 0, 0, 0, 1, 0, 1, 0, 0, 3, 1, 0, 0, 0, 3, 1, 0, 2, 0, 0, 0, 1, 0, 0, 0, 0, 3, 0, 1, 0, 0, 2, 1, 1, 1, 0, 0, 0, 0, 2, 1, 0, 0, 0, 1, 3, 0, 0, 0, 0, 0, 1, 0, 2, 0, 1, 0, 2, 1, 0, 0, 1, 1, 3, 1, 1, 3, 0, 1, 0, 0, 2, 0, 0, 0, 0, 1, 0, 1, 0, 1, 0, 0, 0, 3, 1, 1, 0, 0, 0, 0, 0],796.782775420739,56812.08658970495,90231.91113432166,true
47,G4_BALANCED,G4_BALANCED,[31, 22, 82, 15, 26, 58, 95, 42, 77, 12, 47, 5, 93, 78, 86, 54, 85, 63, 18, 44, 20, 35, 43, 97, 66, 76, 10, 30, 21, 45, 71, 64, 1, 23, 17, 83, 24, 14, 60, 36, 6, 57, 40, 88, 65, 56, 79, 94, 67, 68, 46, 75, 38, 9, 19, 32, 81, 41, 27, 62, 87, 90, 99, 59, 11, 16, 72, 73, 70, 39, 37, 84, 3, 92, 25, 74, 28, 29, 51, 7, 33, 61, 98, 48, 89, 50, 4, 96, 53, 80, 91, 8, 55, 49, 52, 0, 13, 2, 69, 34]|[1, 1, 0, 1, 1, 1, 1, 2, 2, 1, 2, 2, 2, 1, 1, 0, 0, 1, 0, 2, 2, 0, 1, 2, 2, 1, 2, 2, 0, 0, 1, 2, 1, 2, 1, 0, 2, 0, 1, 1, 0, 1, 1, 1, 0, 2, 1, 1, 0, 0, 0, 0, 1, 1, 2, 1, 2, 0, 0, 0, 2, 1, 0, 1, 2, 1, 2, 1, 1, 1, 1, 1, 1, 0, 1, 2, 0, 0, 0, 1, 2, 1, 0, 0, 1, 0, 0, 2, 0, 0, 0, 0, 1, 0, 1, 0, 0, 0, 1, 2]|[4, 3, 2, 2, 0, 0, 2, 2, 2, 4, 1, 1, 2, 4, 4, 1, 2, 4, 2, 1, 1, 1, 1, 2, 1, 2, 1, 1, 1, 1, 3, 1, 3, 1, 4, 0, 1, 1, 0, 3, 2, 2, 2, 0, 1, 1, 0, 4, 0, 1, 2, 2, 1, 4, 0, 3, 1, 1, 1, 2, 1, 3, 1, 1, 1, 3, 0, 4, 3, 1, 4, 1, 1, 2, 4, 1, 2, 1, 1, 3, 1, 3, 1, 1, 1, 1, 2, 1, 2, 1, 1, 1, 4, 1, 1, 2, 2, 2, 3, 1]|[0, 2, 1, 1, 3, 3, 1, 0, 0, 0, 0, 0, 1, 0, 1, 0, 0, 3, 1, 0, 0, 0, 3, 1, 0, 2, 0, 0, 0, 1, 0, 0, 0, 0, 3, 0, 1, 0, 0, 2, 1, 1, 1, 0, 0, 0, 0, 2, 1, 0, 0, 0, 1, 3, 0, 0, 0, 0, 0, 1, 0, 2, 0, 1, 0, 2, 1, 0, 0, 1, 1, 3, 1, 1, 3, 0, 1, 0, 0, 2, 0, 0, 0, 0, 1, 0, 1, 0, 1, 0, 0, 0, 3, 1, 1, 0, 0, 0, 0, 0],796.782775420739,56812.08658970495,90231.91113432166,false
47,G2_TEC,G2_TEC,[31, 22, 82, 15, 26, 9, 95, 42, 77, 68, 47, 5, 93, 78, 86, 54, 85, 63, 18, 44, 20, 49, 36, 14, 74, 50, 53, 17, 21, 28, 11, 64, 3, 23, 30, 83, 24, 41, 40, 52, 65, 27, 90, 70, 39, 58, 48, 69, 99, 4, 46, 1, 13, 87, 97, 59, 45, 8, 73, 37, 35, 79, 71, 66, 76, 32, 60, 80, 56, 6, 67, 61, 33, 7, 57, 34, 12, 16, 10, 98, 96, 88, 43, 81, 91, 2, 84, 29, 92, 19, 51, 89, 55, 25, 72, 75, 94, 38, 62, 0]|[2, 1, 2, 1, 1, 2, 1, 1, 1, 1, 1, 0, 2, 2, 1, 2, 0, 0, 0, 2, 2, 1, 0, 2, 0, 2, 2, 1, 0, 1, 1, 1, 0, 0, 1, 0, 2, 1, 2, 2, 0, 0, 1, 1, 0, 2, 0, 2, 1, 0, 0, 2, 0, 2, 2, 0, 1, 1, 0, 0, 2, 1, 1, 2, 2, 0, 2, 2, 2, 1, 2, 1, 1, 2, 0, 1, 1, 2, 1, 2, 0, 1, 1, 1, 1, 0, 0, 1, 0, 1, 1, 1, 0, 1, 1, 0, 2, 0, 1, 0]|[0, 3, 0, 3, 4, 1, 4, 4, 2, 4, 3, 2, 1, 0, 2, 1, 1, 1, 2, 1, 1, 3, 0, 1, 0, 1, 1, 4, 1, 4, 3, 2, 2, 0, 4, 1, 1, 4, 1, 1, 2, 1, 4, 4, 1, 1, 0, 1, 3, 2, 2, 1, 2, 1, 1, 2, 4, 3, 0, 2, 1, 3, 3, 1, 1, 2, 1, 1, 1, 4, 1, 3, 4, 1, 2, 4, 3, 1, 3, 1, 2, 4, 4, 4, 3, 2, 2, 3, 2, 4, 3, 4, 2, 4, 4, 2, 1, 2, 3, 2]|[0, 2, 0, 0, 3, 0, 1, 3, 0, 0, 2, 0, 0, 0, 1, 0, 0, 0, 1, 0, 0, 2, 0, 0, 1, 0, 0, 3, 0, 1, 0, 2, 0, 0, 3, 0, 1, 1, 0, 0, 0, 0, 1, 3, 0, 0, 1, 0, 2, 0, 0, 0, 0, 0, 1, 0, 1, 0, 1, 1, 0, 2, 0, 0, 0, 0, 0, 0, 0, 2, 0, 0, 1, 0, 0, 1, 0, 0, 3, 0, 0, 1, 2, 2, 0, 0, 0, 3, 0, 1, 0, 1, 0, 3, 1, 0, 0, 0, 0, 0],915.4865022436335,48708.26809038564,107918.70460880936,false
47,G3_TWC,G3_TWC,[31, 22, 42, 15, 26, 58, 95, 82, 77, 12, 47, 5, 93, 78, 98, 54, 85, 63, 18, 44, 20, 35, 43, 97, 91, 76, 10, 30, 21, 45, 71, 64, 1, 23, 17, 83, 24, 61, 60, 36, 6, 57, 94, 88, 65, 56, 79, 40, 67, 68, 46, 75, 38, 9, 19, 32, 81, 41, 27, 62, 87, 90, 99, 59, 11, 16, 72, 73, 70, 39, 37, 84, 3, 92, 25, 74, 28, 29, 51, 7, 53, 14, 86, 48, 89, 50, 66, 96, 33, 80, 4, 8, 34, 49, 52, 0, 13, 2, 69, 55]|[1, 1, 0, 1, 1, 1, 2, 1, 2, 1, 2, 2, 2, 1, 1, 0, 0, 1, 0, 2, 2, 0, 1, 2, 0, 1, 2, 2, 0, 0, 1, 2, 1, 2, 1, 0, 2, 0, 1, 1, 0, 1, 1, 1, 0, 2, 1, 1, 0, 0, 0, 0, 1, 1, 2, 1, 2, 0, 0, 0, 2, 1, 0, 1, 2, 1, 2, 1, 1, 1, 1, 1, 2, 0, 1, 2, 0, 0, 0, 1, 0, 1, 0, 0, 1, 0, 0, 0, 2, 0, 0, 1, 2, 0, 1, 0, 0, 0, 1, 1]|[4, 3, 2, 2, 0, 0, 2, 2, 2, 4, 1, 1, 2, 4, 4, 1, 1, 4, 2, 1, 1, 1, 1, 2, 1, 2, 1, 1, 1, 1, 3, 2, 3, 0, 4, 0, 1, 1, 0, 3, 2, 2, 4, 0, 1, 1, 0, 2, 0, 1, 2, 2, 1, 4, 0, 3, 2, 1, 1, 2, 1, 3, 1, 1, 1, 3, 0, 4, 3, 1, 4, 1, 1, 2, 4, 1, 2, 1, 1, 3, 2, 3, 1, 1, 1, 1, 1, 1, 1, 1, 2, 3, 1, 1, 1, 2, 2, 2, 3, 4]|[0, 2, 1, 1, 3, 3, 0, 1, 0, 0, 0, 0, 1, 0, 1, 0, 0, 3, 1, 0, 0, 0, 3, 1, 0, 2, 0, 0, 0, 1, 0, 0, 0, 0, 3, 0, 1, 0, 0, 2, 1, 1, 2, 0, 0, 0, 0, 1, 1, 0, 0, 0, 1, 3, 0, 0, 1, 0, 0, 1, 0, 2, 0, 1, 0, 2, 1, 0, 0, 1, 1, 3, 0, 1, 3, 0, 1, 0, 0, 2, 1, 0, 0, 0, 1, 0, 0, 0, 0, 0, 1, 2, 0, 1, 1, 0, 0, 0, 0, 3],804.6875225521468,57746.82533348298,88068.50778672317,false
47,G1_CMAX,G4_BALANCED,[31, 22, 82, 15, 26, 99, 95, 42, 77, 12, 47, 5, 93, 78, 86, 54, 21, 63, 18, 44, 20, 35, 43, 97, 91, 76, 10, 30, 85, 45, 71, 64, 1, 23, 17, 83, 24, 14, 60, 36, 6, 57, 94, 88, 65, 56, 79, 40, 67, 68, 46, 75, 38, 9, 19, 32, 41, 81, 27, 87, 90, 58, 59, 53, 16, 72, 73, 70, 39, 37, 84, 3, 92, 25, 55, 48, 62, 29, 51, 96, 33, 61, 98, 28, 89, 50, 4, 7, 11, 80, 8, 66, 34, 49, 52, 0, 74, 69, 2, 13]|[2, 1, 0, 1, 1, 0, 1, 1, 2, 1, 2, 2, 2, 1, 1, 0, 0, 1, 0, 2, 2, 0, 1, 2, 0, 1, 2, 2, 0, 0, 1, 2, 1, 2, 1, 0, 2, 0, 1, 1, 0, 1, 1, 1, 0, 2, 1, 1, 0, 0, 0, 0, 1, 1, 2, 1, 0, 2, 0, 2, 1, 0, 1, 0, 1, 2, 1, 1, 1, 1, 1, 1, 0, 1, 2, 0, 0, 0, 0, 2, 2, 1, 2, 0, 1, 0, 1, 2, 0, 0, 0, 2, 2, 0, 1, 0, 2, 1, 0, 0]|[1, 3, 2, 2, 4, 1, 2, 3, 2, 4, 1, 1, 2, 4, 4, 1, 1, 4, 2, 1, 1, 1, 1, 2, 1, 2, 1, 1, 2, 1, 3, 2, 3, 1, 4, 0, 1, 1, 0, 3, 2, 2, 4, 0, 1, 1, 0, 2, 0, 1, 2, 2, 1, 4, 0, 3, 1, 1, 1, 1, 3, 1, 1, 2, 3, 0, 4, 3, 1, 4, 1, 1, 2, 4, 1, 1, 2, 1, 1, 1, 1, 3, 1, 2, 1, 1, 4, 1, 2, 1, 1, 1, 1, 1, 1, 2, 1, 4, 2, 2]|[0, 2, 1, 1, 3, 0, 1, 3, 0, 0, 0, 0, 1, 0, 1, 0, 0, 3, 1, 0, 0, 0, 3, 1, 0, 2, 0, 0, 0, 1, 0, 0, 0, 0, 3, 0, 1, 0, 0, 2, 1, 1, 2, 0, 0, 0, 0, 1, 1, 0, 0, 0, 1, 3, 0, 0, 0, 0, 0, 0, 2, 0, 1, 1, 2, 1, 0, 0, 1, 1, 3, 1, 1, 3, 0, 0, 1, 0, 0, 0, 0, 0, 0, 1, 1, 0, 0, 0, 1, 0, 0, 0, 0, 1, 1, 0, 0, 2, 0, 0],777.9061139310588,56340.33150500855,91121.00473790581,true
47,G4_BALANCED,G4_BALANCED,[31, 22, 82, 15, 26, 58, 95, 42, 77, 12, 47, 5, 93, 78, 86, 54, 85, 63, 18, 44, 20, 35, 43, 97, 66, 76, 10, 30, 21, 45, 71, 64, 1, 23, 17, 83, 24, 14, 60, 36, 6, 57, 40, 88, 65, 56, 79, 94, 67, 68, 46, 75, 38, 9, 19, 32, 81, 41, 27, 62, 87, 90, 99, 59, 11, 16, 72, 73, 70, 39, 37, 84, 3, 92, 25, 74, 28, 29, 51, 7, 33, 61, 98, 48, 89, 50, 4, 96, 53, 80, 91, 8, 55, 49, 52, 0, 13, 2, 69, 34]|[1, 1, 0, 1, 1, 1, 1, 2, 2, 1, 2, 2, 2, 1, 1, 0, 0, 1, 0, 2, 2, 0, 1, 2, 2, 1, 2, 2, 0, 0, 1, 2, 1, 2, 1, 0, 2, 0, 1, 1, 0, 1, 1, 1, 0, 2, 1, 1, 0, 0, 0, 0, 1, 1, 2, 1, 2, 0, 0, 0, 2, 1, 0, 1, 2, 1, 2, 1, 1, 1, 1, 1, 1, 0, 1, 2, 0, 0, 0, 1, 2, 1, 0, 0, 1, 0, 0, 2, 0, 0, 0, 0, 1, 0, 1, 0, 0, 0, 1, 2]|[4, 3, 2, 2, 0, 0, 2, 2, 2, 4, 1, 1, 2, 4, 4, 1, 2, 4, 2, 1, 1, 1, 1, 2, 1, 2, 1, 1, 1, 1, 3, 1, 3, 1, 4, 0, 1, 1, 0, 3, 2, 2, 2, 0, 1, 1, 0, 4, 0, 1, 2, 2, 1, 4, 0, 3, 1, 1, 1, 2, 1, 3, 1, 1, 1, 3, 0, 4, 3, 1, 4, 1, 1, 2, 4, 1, 2, 1, 1, 3, 1, 3, 1, 1, 1, 1, 2, 1, 2, 1, 1, 1, 4, 1, 1, 2, 2, 2, 3, 1]|[0, 2, 1, 1, 3, 3, 1, 0, 0, 0, 0, 0, 1, 0, 1, 0, 0, 3, 1, 0, 0, 0, 3, 1, 0, 2, 0, 0, 0, 1, 0, 0, 0, 0, 3, 0, 1, 0, 0, 2, 1, 1, 1, 0, 0, 0, 0, 2, 1, 0, 0, 0, 1, 3, 0, 0, 0, 0, 0, 1, 0, 2, 0, 1, 0, 2, 1, 0, 0, 1, 1, 3, 1, 1, 3, 0, 1, 0, 0, 2, 0, 0, 0, 0, 1, 0, 1, 0, 1, 0, 0, 0, 3, 1, 1, 0, 0, 0, 0, 0],796.782775420739,56812.08658970495,90231.91113432166,false
47,G2_TEC,G2_TEC,[31, 22, 82, 15, 26, 9, 95, 42, 77, 68, 47, 5, 93, 78, 86, 54, 85, 63, 18, 44, 20, 49, 36, 14, 74, 50, 53, 17, 21, 28, 11, 64, 3, 23, 30, 83, 24, 41, 40, 52, 65, 27, 90, 70, 39, 58, 48, 69, 99, 4, 46, 1, 13, 87, 97, 59, 45, 8, 73, 37, 35, 79, 71, 66, 76, 32, 60, 80, 56, 6, 67, 61, 33, 7, 57, 34, 12, 16, 10, 98, 96, 88, 43, 81, 91, 2, 84, 29, 92, 19, 51, 89, 55, 25, 72, 75, 94, 38, 62, 0]|[2, 1, 2, 1, 1, 2, 1, 1, 1, 1, 1, 0, 2, 2, 1, 2, 0, 0, 0, 2, 2, 1, 0, 2, 0, 2, 2, 1, 0, 1, 1, 1, 0, 0, 1, 0, 2, 1, 2, 2, 0, 0, 1, 1, 0, 2, 0, 2, 1, 0, 0, 2, 0, 2, 2, 0, 1, 1, 0, 0, 2, 1, 1, 2, 2, 0, 2, 2, 2, 1, 2, 1, 1, 2, 0, 1, 1, 2, 1, 2, 0, 1, 1, 1, 1, 0, 0, 1, 0, 1, 1, 1, 0, 1, 1, 0, 2, 0, 1, 0]|[0, 3, 0, 3, 4, 1, 4, 4, 2, 4, 3, 2, 1, 0, 2, 1, 1, 1, 2, 1, 1, 3, 0, 1, 0, 1, 1, 4, 1, 4, 3, 2, 2, 0, 4, 1, 1, 4, 1, 1, 2, 1, 4, 4, 1, 1, 0, 1, 3, 2, 2, 1, 2, 1, 1, 2, 4, 3, 0, 2, 1, 3, 3, 1, 1, 2, 1, 1, 1, 4, 1, 3, 4, 1, 2, 4, 3, 1, 3, 1, 2, 4, 4, 4, 3, 2, 2, 3, 2, 4, 3, 4, 2, 4, 4, 2, 1, 2, 3, 2]|[0, 2, 0, 0, 3, 0, 1, 3, 0, 0, 2, 0, 0, 0, 1, 0, 0, 0, 1, 0, 0, 2, 0, 0, 1, 0, 0, 3, 0, 1, 0, 2, 0, 0, 3, 0, 1, 1, 0, 0, 0, 0, 1, 3, 0, 0, 1, 0, 2, 0, 0, 0, 0, 0, 1, 0, 1, 0, 1, 1, 0, 2, 0, 0, 0, 0, 0, 0, 0, 2, 0, 0, 1, 0, 0, 1, 0, 0, 3, 0, 0, 1, 2, 2, 0, 0, 0, 3, 0, 1, 0, 1, 0, 3, 1, 0, 0, 0, 0, 0],915.4865022436335,48708.26809038564,107918.70460880936,false
47,G3_TWC,G3_TWC,[31, 22, 42, 15, 26, 58, 95, 82, 77, 12, 47, 5, 93, 78, 98, 54, 85, 63, 18, 44, 20, 35, 43, 97, 91, 76, 10, 30, 21, 45, 71, 64, 1, 23, 17, 83, 24, 61, 60, 36, 6, 57, 94, 88, 65, 56, 79, 40, 67, 68, 46, 75, 38, 9, 19, 32, 81, 41, 27, 62, 87, 90, 99, 59, 11, 16, 72, 73, 70, 39, 37, 84, 3, 92, 25, 74, 28, 29, 51, 7, 53, 14, 86, 48, 89, 50, 66, 96, 33, 80, 4, 8, 34, 49, 52, 0, 13, 2, 69, 55]|[1, 1, 0, 1, 1, 1, 2, 1, 2, 1, 2, 2, 2, 1, 1, 0, 0, 1, 0, 2, 2, 0, 1, 2, 0, 1, 2, 2, 0, 0, 1, 2, 1, 2, 1, 0, 2, 0, 1, 1, 0, 1, 1, 1, 0, 2, 1, 1, 0, 0, 0, 0, 1, 1, 2, 1, 2, 0, 0, 0, 2, 1, 0, 1, 2, 1, 2, 1, 1, 1, 1, 1, 2, 0, 1, 2, 0, 0, 0, 1, 0, 1, 0, 0, 1, 0, 0, 0, 2, 0, 0, 1, 2, 0, 1, 0, 0, 0, 1, 1]|[4, 3, 2, 2, 0, 0, 2, 2, 2, 4, 1, 1, 2, 4, 4, 1, 1, 4, 2, 1, 1, 1, 1, 2, 1, 2, 1, 1, 1, 1, 3, 2, 3, 0, 4, 0, 1, 1, 0, 3, 2, 2, 4, 0, 1, 1, 0, 2, 0, 1, 2, 2, 1, 4, 0, 3, 2, 1, 1, 2, 1, 3, 1, 1, 1, 3, 0, 4, 3, 1, 4, 1, 1, 2, 4, 1, 2, 1, 1, 3, 2, 3, 1, 1, 1, 1, 1, 1, 1, 1, 2, 3, 1, 1, 1, 2, 2, 2, 3, 4]|[0, 2, 1, 1, 3, 3, 0, 1, 0, 0, 0, 0, 1, 0, 1, 0, 0, 3, 1, 0, 0, 0, 3, 1, 0, 2, 0, 0, 0, 1, 0, 0, 0, 0, 3, 0, 1, 0, 0, 2, 1, 1, 2, 0, 0, 0, 0, 1, 1, 0, 0, 0, 1, 3, 0, 0, 1, 0, 0, 1, 0, 2, 0, 1, 0, 2, 1, 0, 0, 1, 1, 3, 0, 1, 3, 0, 1, 0, 0, 2, 1, 0, 0, 0, 1, 0, 0, 0, 0, 0, 1, 2, 0, 1, 1, 0, 0, 0, 0, 3],804.6875225521468,57746.82533348298,88068.50778672317,false
47,G1_CMAX,G1_CMAX,[31, 22, 82, 15, 26, 58, 95, 42, 77, 12, 47, 5, 93, 78, 98, 54, 85, 63, 18, 44, 20, 35, 43, 97, 91, 76, 10, 30, 21, 45, 71, 64, 1, 23, 17, 83, 24, 14, 60, 36, 6, 57, 94, 88, 65, 56, 79, 40, 67, 68, 46, 75, 38, 9, 19, 32, 81, 41, 27, 62, 87, 90, 99, 59, 11, 16, 72, 73, 69, 39, 37, 84, 3, 96, 25, 55, 28, 29, 51, 7, 33, 61, 86, 48, 89, 50, 66, 92, 53, 80, 4, 8, 34, 49, 52, 0, 13, 2, 70, 74]|[1, 1, 0, 1, 1, 1, 2, 1, 2, 1, 2, 2, 2, 1, 1, 0, 0, 1, 0, 2, 2, 0, 1, 2, 0, 1, 2, 2, 0, 0, 1, 2, 1, 2, 1, 0, 2, 0, 1, 1, 0, 1, 1, 1, 0, 2, 1, 1, 0, 0, 0, 0, 1, 1, 2, 1, 2, 0, 0, 0, 2, 1, 0, 1, 2, 1, 2, 1, 1, 1, 1, 1, 2, 0, 1, 1, 0, 0, 0, 1, 2, 1, 0, 0, 1, 0, 2, 0, 0, 0, 0, 1, 2, 0, 1, 0, 0, 0, 1, 2]|[4, 3, 2, 2, 0, 0, 2, 2, 2, 4, 1, 1, 2, 4, 4, 1, 1, 4, 2, 1, 1, 1, 1, 2, 1, 2, 1, 1, 1, 1, 3, 2, 3, 0, 4, 0, 1, 1, 0, 3, 2, 2, 4, 0, 1, 1, 0, 2, 0, 1, 2, 2, 1, 4, 0, 3, 2, 1, 1, 2, 1, 3, 1, 1, 1, 3, 1, 4, 3, 1, 4, 1, 1, 1, 4, 4, 2, 1, 1, 3, 1, 3, 1, 1, 1, 1, 1, 2, 2, 1, 2, 3, 1, 1, 1, 2, 2, 2, 3, 1]|[0, 2, 1, 1, 3, 3, 0, 1, 0, 0, 0, 0, 1, 0, 1, 0, 0, 3, 1, 0, 0, 0, 3, 1, 0, 2, 0, 0, 0, 1, 0, 0, 0, 0, 3, 0, 1, 0, 0, 2, 1, 1, 2, 0, 0, 0, 0, 1, 1, 0, 0, 0, 1, 3, 0, 0, 1, 0, 0, 1, 0, 2, 0, 1, 0, 2, 0, 0, 0, 1, 1, 3, 0, 0, 3, 3, 1, 0, 0, 2, 0, 0, 0, 0, 1, 0, 0, 1, 1, 0, 1, 2, 0, 1, 1, 0, 0, 0, 0, 0],794.3232103733076,57323.442416674916,90110.53805233454,false
47,G4_BALANCED,G4_BALANCED,[31, 22, 82, 15, 26, 58, 95, 42, 77, 12, 47, 5, 93, 78, 86, 54, 85, 63, 18, 44, 20, 35, 43, 97, 66, 76, 10, 30, 21, 45, 71, 64, 1, 23, 17, 83, 24, 14, 60, 36, 6, 57, 40, 88, 65, 56, 79, 94, 67, 68, 46, 75, 38, 9, 19, 32, 81, 41, 27, 62, 87, 90, 99, 59, 11, 16, 72, 73, 70, 39, 37, 84, 3, 92, 25, 74, 28, 29, 51, 7, 33, 61, 98, 48, 89, 50, 4, 96, 53, 80, 91, 8, 55, 49, 52, 0, 13, 2, 69, 34]|[1, 1, 0, 1, 1, 1, 1, 2, 2, 1, 2, 2, 2, 1, 1, 0, 0, 1, 0, 2, 2, 0, 1, 2, 2, 1, 2, 2, 0, 0, 1, 2, 1, 2, 1, 0, 2, 0, 1, 1, 0, 1, 1, 1, 0, 2, 1, 1, 0, 0, 0, 0, 1, 1, 2, 1, 2, 0, 0, 0, 2, 1, 0, 1, 2, 1, 2, 1, 1, 1, 1, 1, 1, 0, 1, 2, 0, 0, 0, 1, 2, 1, 0, 0, 1, 0, 0, 2, 0, 0, 0, 0, 1, 0, 1, 0, 0, 0, 1, 2]|[4, 3, 2, 2, 0, 0, 2, 2, 2, 4, 1, 1, 2, 4, 4, 1, 2, 4, 2, 1, 1, 1, 1, 2, 1, 2, 1, 1, 1, 1, 3, 1, 3, 1, 4, 0, 1, 1, 0, 3, 2, 2, 2, 0, 1, 1, 0, 4, 0, 1, 2, 2, 1, 4, 0, 3, 1, 1, 1, 2, 1, 3, 1, 1, 1, 3, 0, 4, 3, 1, 4, 1, 1, 2, 4, 1, 2, 1, 1, 3, 1, 3, 1, 1, 1, 1, 2, 1, 2, 1, 1, 1, 4, 1, 1, 2, 2, 2, 3, 1]|[0, 2, 1, 1, 3, 3, 1, 0, 0, 0, 0, 0, 1, 0, 1, 0, 0, 3, 1, 0, 0, 0, 3, 1, 0, 2, 0, 0, 0, 1, 0, 0, 0, 0, 3, 0, 1, 0, 0, 2, 1, 1, 1, 0, 0, 0, 0, 2, 1, 0, 0, 0, 1, 3, 0, 0, 0, 0, 0, 1, 0, 2, 0, 1, 0, 2, 1, 0, 0, 1, 1, 3, 1, 1, 3, 0, 1, 0, 0, 2, 0, 0, 0, 0, 1, 0, 1, 0, 1, 0, 0, 0, 3, 1, 1, 0, 0, 0, 0, 0],796.782775420739,56812.08658970495,90231.91113432166,false
47,G2_TEC,G2_TEC,[31, 22, 82, 15, 26, 9, 95, 42, 77, 68, 47, 5, 93, 78, 86, 54, 85, 63, 18, 44, 20, 49, 36, 14, 74, 50, 53, 17, 21, 28, 11, 64, 3, 23, 30, 83, 24, 41, 40, 52, 65, 27, 90, 70, 39, 58, 48, 69, 99, 4, 46, 1, 13, 87, 97, 59, 45, 8, 73, 37, 35, 79, 71, 66, 76, 32, 60, 80, 56, 6, 67, 61, 33, 7, 57, 34, 12, 16, 10, 98, 96, 88, 43, 81, 91, 2, 84, 29, 92, 19, 51, 89, 55, 25, 72, 75, 94, 38, 62, 0]|[2, 1, 2, 1, 1, 2, 1, 1, 1, 1, 1, 0, 2, 2, 1, 2, 0, 0, 0, 2, 2, 1, 0, 2, 0, 2, 2, 1, 0, 1, 1, 1, 0, 0, 1, 0, 2, 1, 2, 2, 0, 0, 1, 1, 0, 2, 0, 2, 1, 0, 0, 2, 0, 2, 2, 0, 1, 1, 0, 0, 2, 1, 1, 2, 2, 0, 2, 2, 2, 1, 2, 1, 1, 2, 0, 1, 1, 2, 1, 2, 0, 1, 1, 1, 1, 0, 0, 1, 0, 1, 1, 1, 0, 1, 1, 0, 2, 0, 1, 0]|[0, 3, 0, 3, 4, 1, 4, 4, 2, 4, 3, 2, 1, 0, 2, 1, 1, 1, 2, 1, 1, 3, 0, 1, 0, 1, 1, 4, 1, 4, 3, 2, 2, 0, 4, 1, 1, 4, 1, 1, 2, 1, 4, 4, 1, 1, 0, 1, 3, 2, 2, 1, 2, 1, 1, 2, 4, 3, 0, 2, 1, 3, 3, 1, 1, 2, 1, 1, 1, 4, 1, 3, 4, 1, 2, 4, 3, 1, 3, 1, 2, 4, 4, 4, 3, 2, 2, 3, 2, 4, 3, 4, 2, 4, 4, 2, 1, 2, 3, 2]|[0, 2, 0, 0, 3, 0, 1, 3, 0, 0, 2, 0, 0, 0, 1, 0, 0, 0, 1, 0, 0, 2, 0, 0, 1, 0, 0, 3, 0, 1, 0, 2, 0, 0, 3, 0, 1, 1, 0, 0, 0, 0, 1, 3, 0, 0, 1, 0, 2, 0, 0, 0, 0, 0, 1, 0, 1, 0, 1, 1, 0, 2, 0, 0, 0, 0, 0, 0, 0, 2, 0, 0, 1, 0, 0, 1, 0, 0, 3, 0, 0, 1, 2, 2, 0, 0, 0, 3, 0, 1, 0, 1, 0, 3, 1, 0, 0, 0, 0, 0],915.4865022436335,48708.26809038564,107918.70460880936,false
47,G3_TWC,G3_TWC,[31, 22, 42, 15, 26, 58, 95, 82, 77, 12, 47, 5, 93, 78, 98, 54, 85, 63, 18, 44, 20, 35, 43, 97, 91, 76, 10, 30, 21, 45, 71, 64, 1, 23, 17, 83, 24, 61, 60, 36, 6, 57, 94, 88, 65, 56, 79, 40, 67, 68, 46, 75, 38, 9, 19, 32, 81, 41, 27, 62, 87, 90, 99, 59, 11, 16, 72, 73, 70, 39, 37, 84, 3, 92, 25, 74, 28, 29, 51, 7, 53, 14, 86, 48, 89, 50, 66, 96, 33, 80, 4, 8, 34, 49, 52, 0, 13, 2, 69, 55]|[1, 1, 0, 1, 1, 1, 2, 1, 2, 1, 2, 2, 2, 1, 1, 0, 0, 1, 0, 2, 2, 0, 1, 2, 0, 1, 2, 2, 0, 0, 1, 2, 1, 2, 1, 0, 2, 0, 1, 1, 0, 1, 1, 1, 0, 2, 1, 1, 0, 0, 0, 0, 1, 1, 2, 1, 2, 0, 0, 0, 2, 1, 0, 1, 2, 1, 2, 1, 1, 1, 1, 1, 2, 0, 1, 2, 0, 0, 0, 1, 0, 1, 0, 0, 1, 0, 0, 0, 2, 0, 0, 1, 2, 0, 1, 0, 0, 0, 1, 1]|[4, 3, 2, 2, 0, 0, 2, 2, 2, 4, 1, 1, 2, 4, 4, 1, 1, 4, 2, 1, 1, 1, 1, 2, 1, 2, 1, 1, 1, 1, 3, 2, 3, 0, 4, 0, 1, 1, 0, 3, 2, 2, 4, 0, 1, 1, 0, 2, 0, 1, 2, 2, 1, 4, 0, 3, 2, 1, 1, 2, 1, 3, 1, 1, 1, 3, 0, 4, 3, 1, 4, 1, 1, 2, 4, 1, 2, 1, 1, 3, 2, 3, 1, 1, 1, 1, 1, 1, 1, 1, 2, 3, 1, 1, 1, 2, 2, 2, 3, 4]|[0, 2, 1, 1, 3, 3, 0, 1, 0, 0, 0, 0, 1, 0, 1, 0, 0, 3, 1, 0, 0, 0, 3, 1, 0, 2, 0, 0, 0, 1, 0, 0, 0, 0, 3, 0, 1, 0, 0, 2, 1, 1, 2, 0, 0, 0, 0, 1, 1, 0, 0, 0, 1, 3, 0, 0, 1, 0, 0, 1, 0, 2, 0, 1, 0, 2, 1, 0, 0, 1, 1, 3, 0, 1, 3, 0, 1, 0, 0, 2, 1, 0, 0, 0, 1, 0, 0, 0, 0, 0, 1, 2, 0, 1, 1, 0, 0, 0, 0, 3],804.6875225521468,57746.82533348298,88068.50778672317,false
47,G1_CMAX,G4_BALANCED,[31, 22, 82, 15, 26, 58, 95, 42, 77, 12, 47, 5, 93, 78, 86, 54, 85, 63, 18, 72, 20, 35, 43, 97, 91, 76, 10, 30, 21, 45, 71, 64, 1, 23, 17, 83, 24, 14, 60, 36, 6, 57, 40, 88, 65, 56, 79, 94, 67, 41, 68, 75, 38, 9, 19, 32, 81, 55, 27, 62, 87, 90, 99, 59, 11, 16, 44, 73, 70, 39, 37, 84, 3, 92, 25, 46, 28, 29, 51, 7, 66, 61, 98, 48, 89, 50, 4, 96, 53, 80, 8, 33, 34, 2, 52, 13, 0, 69, 74, 49]|[1, 1, 0, 1, 1, 0, 1, 1, 2, 1, 2, 2, 2, 1, 1, 0, 0, 1, 0, 2, 2, 0, 1, 2, 0, 1, 2, 2, 0, 0, 1, 2, 1, 2, 1, 0, 2, 0, 1, 1, 0, 1, 1, 1, 0, 2, 1, 1, 0, 0, 0, 0, 1, 1, 2, 1, 2, 0, 0, 2, 2, 1, 1, 2, 2, 1, 2, 1, 1, 1, 1, 1, 1, 0, 1, 0, 0, 0, 0, 1, 2, 1, 2, 0, 1, 0, 1, 2, 0, 0, 1, 2, 2, 0, 1, 0, 0, 1, 2, 0]|[4, 3, 2, 2, 4, 1, 2, 3, 2, 4, 1, 1, 2, 4, 4, 1, 2, 4, 2, 1, 1, 1, 1, 2, 1, 2, 1, 1, 2, 1, 3, 2, 3, 1, 4, 0, 1, 1, 0, 3, 2, 2, 2, 0, 1, 1, 0, 4, 0, 1, 2, 2, 1, 4, 0, 3, 2, 1, 1, 1, 1, 3, 1, 1, 1, 3, 1, 4, 3, 1, 4, 1, 1, 0, 4, 2, 2, 1, 1, 1, 1, 3, 1, 1, 1, 1, 4, 1, 2, 1, 3, 1, 1, 2, 1, 2, 2, 4, 1, 1]|[0, 2, 1, 1, 3, 0, 1, 3, 0, 0, 0, 0, 1, 0, 1, 0, 0, 3, 1, 0, 0, 0, 3, 1, 0, 2, 0, 0, 0, 1, 0, 0, 0, 0, 3, 0, 1, 0, 0, 2, 1, 1, 1, 0, 0, 0, 0, 2, 1, 0, 0, 0, 1, 3, 0, 0, 1, 0, 0, 0, 0, 2, 1, 0, 0, 2, 0, 0, 0, 1, 1, 3, 1, 1, 3, 0, 1, 0, 0, 2, 0, 0, 0, 0, 1, 0, 0, 0, 1, 0, 2, 0, 0, 0, 1, 0, 0, 2, 0, 1],747.1438989226004,55733.55354576636,94625.20584372425,true
47,G4_BALANCED,G4_BALANCED,[31, 22, 82, 15, 26, 58, 95, 42, 77, 12, 47, 5, 93, 78, 86, 54, 85, 63, 18, 44, 20, 35, 43, 97, 66, 76, 10, 30, 21, 45, 71, 64, 1, 23, 17, 83, 24, 14, 60, 36, 6, 57, 40, 88, 65, 56, 79, 94, 67, 68, 46, 75, 38, 9, 19, 32, 81, 41, 27, 62, 87, 90, 99, 59, 11, 16, 72, 73, 70, 39, 37, 84, 3, 92, 25, 74, 28, 29, 51, 7, 33, 61, 98, 48, 89, 50, 4, 96, 53, 80, 91, 8, 55, 49, 52, 0, 13, 2, 69, 34]|[1, 1, 0, 1, 1, 1, 1, 2, 2, 1, 2, 2, 2, 1, 1, 0, 0, 1, 0, 2, 2, 0, 1, 2, 2, 1, 2, 2, 0, 0, 1, 2, 1, 2, 1, 0, 2, 0, 1, 1, 0, 1, 1, 1, 0, 2, 1, 1, 0, 0, 0, 0, 1, 1, 2, 1, 2, 0, 0, 0, 2, 1, 0, 1, 2, 1, 2, 1, 1, 1, 1, 1, 1, 0, 1, 2, 0, 0, 0, 1, 2, 1, 0, 0, 1, 0, 0, 2, 0, 0, 0, 0, 1, 0, 1, 0, 0, 0, 1, 2]|[4, 3, 2, 2, 0, 0, 2, 2, 2, 4, 1, 1, 2, 4, 4, 1, 2, 4, 2, 1, 1, 1, 1, 2, 1, 2, 1, 1, 1, 1, 3, 1, 3, 1, 4, 0, 1, 1, 0, 3, 2, 2, 2, 0, 1, 1, 0, 4, 0, 1, 2, 2, 1, 4, 0, 3, 1, 1, 1, 2, 1, 3, 1, 1, 1, 3, 0, 4, 3, 1, 4, 1, 1, 2, 4, 1, 2, 1, 1, 3, 1, 3, 1, 1, 1, 1, 2, 1, 2, 1, 1, 1, 4, 1, 1, 2, 2, 2, 3, 1]|[0, 2, 1, 1, 3, 3, 1, 0, 0, 0, 0, 0, 1, 0, 1, 0, 0, 3, 1, 0, 0, 0, 3, 1, 0, 2, 0, 0, 0, 1, 0, 0, 0, 0, 3, 0, 1, 0, 0, 2, 1, 1, 1, 0, 0, 0, 0, 2, 1, 0, 0, 0, 1, 3, 0, 0, 0, 0, 0, 1, 0, 2, 0, 1, 0, 2, 1, 0, 0, 1, 1, 3, 1, 1, 3, 0, 1, 0, 0, 2, 0, 0, 0, 0, 1, 0, 1, 0, 1, 0, 0, 0, 3, 1, 1, 0, 0, 0, 0, 0],796.782775420739,56812.08658970495,90231.91113432166,false
47,G2_TEC,G2_TEC,[31, 22, 82, 15, 26, 9, 95, 42, 77, 68, 47, 5, 93, 78, 86, 54, 85, 63, 18, 44, 20, 49, 36, 14, 74, 50, 53, 17, 21, 28, 11, 64, 3, 23, 30, 83, 24, 41, 40, 52, 65, 27, 90, 70, 39, 58, 48, 69, 99, 4, 46, 1, 13, 87, 97, 59, 45, 8, 73, 37, 35, 79, 71, 66, 76, 32, 60, 80, 56, 6, 67, 61, 33, 7, 57, 34, 12, 16, 10, 98, 96, 88, 43, 81, 91, 2, 84, 29, 92, 19, 51, 89, 55, 25, 72, 75, 94, 38, 62, 0]|[2, 1, 2, 1, 1, 2, 1, 1, 1, 1, 1, 0, 2, 2, 1, 2, 0, 0, 0, 2, 2, 1, 0, 2, 0, 2, 2, 1, 0, 1, 1, 1, 0, 0, 1, 0, 2, 1, 2, 2, 0, 0, 1, 1, 0, 2, 0, 2, 1, 0, 0, 2, 0, 2, 2, 0, 1, 1, 0, 0, 2, 1, 1, 2, 2, 0, 2, 2, 2, 1, 2, 1, 1, 2, 0, 1, 1, 2, 1, 2, 0, 1, 1, 1, 1, 0, 0, 1, 0, 1, 1, 1, 0, 1, 1, 0, 2, 0, 1, 0]|[0, 3, 0, 3, 4, 1, 4, 4, 2, 4, 3, 2, 1, 0, 2, 1, 1, 1, 2, 1, 1, 3, 0, 1, 0, 1, 1, 4, 1, 4, 3, 2, 2, 0, 4, 1, 1, 4, 1, 1, 2, 1, 4, 4, 1, 1, 0, 1, 3, 2, 2, 1, 2, 1, 1, 2, 4, 3, 0, 2, 1, 3, 3, 1, 1, 2, 1, 1, 1, 4, 1, 3, 4, 1, 2, 4, 3, 1, 3, 1, 2, 4, 4, 4, 3, 2, 2, 3, 2, 4, 3, 4, 2, 4, 4, 2, 1, 2, 3, 2]|[0, 2, 0, 0, 3, 0, 1, 3, 0, 0, 2, 0, 0, 0, 1, 0, 0, 0, 1, 0, 0, 2, 0, 0, 1, 0, 0, 3, 0, 1, 0, 2, 0, 0, 3, 0, 1, 1, 0, 0, 0, 0, 1, 3, 0, 0, 1, 0, 2, 0, 0, 0, 0, 0, 1, 0, 1, 0, 1, 1, 0, 2, 0, 0, 0, 0, 0, 0, 0, 2, 0, 0, 1, 0, 0, 1, 0, 0, 3, 0, 0, 1, 2, 2, 0, 0, 0, 3, 0, 1, 0, 1, 0, 3, 1, 0, 0, 0, 0, 0],915.4865022436335,48708.26809038564,107918.70460880936,false
47,G3_TWC,G3_TWC,[31, 22, 42, 15, 26, 58, 95, 82, 77, 12, 47, 5, 93, 78, 98, 54, 85, 63, 18, 44, 20, 35, 43, 97, 91, 76, 10, 30, 21, 45, 71, 64, 1, 23, 17, 83, 24, 61, 60, 36, 6, 57, 94, 88, 65, 56, 79, 40, 67, 68, 46, 75, 38, 9, 19, 32, 81, 41, 27, 62, 87, 90, 99, 59, 11, 16, 72, 73, 70, 39, 37, 84, 3, 92, 25, 74, 28, 29, 51, 7, 53, 14, 86, 48, 89, 50, 66, 96, 33, 80, 4, 8, 34, 49, 52, 0, 13, 2, 69, 55]|[1, 1, 0, 1, 1, 1, 2, 1, 2, 1, 2, 2, 2, 1, 1, 0, 0, 1, 0, 2, 2, 0, 1, 2, 0, 1, 2, 2, 0, 0, 1, 2, 1, 2, 1, 0, 2, 0, 1, 1, 0, 1, 1, 1, 0, 2, 1, 1, 0, 0, 0, 0, 1, 1, 2, 1, 2, 0, 0, 0, 2, 1, 0, 1, 2, 1, 2, 1, 1, 1, 1, 1, 2, 0, 1, 2, 0, 0, 0, 1, 0, 1, 0, 0, 1, 0, 0, 0, 2, 0, 0, 1, 2, 0, 1, 0, 0, 0, 1, 1]|[4, 3, 2, 2, 0, 0, 2, 2, 2, 4, 1, 1, 2, 4, 4, 1, 1, 4, 2, 1, 1, 1, 1, 2, 1, 2, 1, 1, 1, 1, 3, 2, 3, 0, 4, 0, 1, 1, 0, 3, 2, 2, 4, 0, 1, 1, 0, 2, 0, 1, 2, 2, 1, 4, 0, 3, 2, 1, 1, 2, 1, 3, 1, 1, 1, 3, 0, 4, 3, 1, 4, 1, 1, 2, 4, 1, 2, 1, 1, 3, 2, 3, 1, 1, 1, 1, 1, 1, 1, 1, 2, 3, 1, 1, 1, 2, 2, 2, 3, 4]|[0, 2, 1, 1, 3, 3, 0, 1, 0, 0, 0, 0, 1, 0, 1, 0, 0, 3, 1, 0, 0, 0, 3, 1, 0, 2, 0, 0, 0, 1, 0, 0, 0, 0, 3, 0, 1, 0, 0, 2, 1, 1, 2, 0, 0, 0, 0, 1, 1, 0, 0, 0, 1, 3, 0, 0, 1, 0, 0, 1, 0, 2, 0, 1, 0, 2, 1, 0, 0, 1, 1, 3, 0, 1, 3, 0, 1, 0, 0, 2, 1, 0, 0, 0, 1, 0, 0, 0, 0, 0, 1, 2, 0, 1, 1, 0, 0, 0, 0, 3],804.6875225521468,57746.82533348298,88068.50778672317,false
47,G1_CMAX,G4_BALANCED,[31, 22, 82, 15, 26, 99, 95, 42, 77, 12, 47, 5, 93, 78, 86, 54, 21, 63, 18, 44, 20, 35, 43, 97, 91, 76, 10, 30, 85, 45, 71, 64, 1, 23, 17, 83, 24, 14, 60, 36, 6, 57, 40, 88, 65, 56, 79, 94, 67, 68, 46, 75, 38, 9, 19, 32, 41, 81, 27, 87, 90, 58, 59, 11, 16, 72, 73, 70, 39, 37, 84, 3, 92, 25, 55, 62, 28, 29, 51, 7, 33, 61, 48, 66, 89, 50, 98, 96, 53, 80, 4, 8, 34, 49, 52, 0, 13, 2, 69, 74]|[1, 1, 0, 1, 1, 0, 1, 1, 2, 1, 2, 2, 2, 1, 1, 0, 0, 1, 0, 2, 2, 0, 1, 2, 0, 1, 2, 2, 0, 0, 1, 2, 1, 2, 1, 0, 2, 0, 1, 1, 0, 1, 1, 1, 0, 2, 1, 1, 0, 0, 0, 0, 1, 1, 2, 1, 2, 2, 0, 2, 1, 0, 1, 2, 1, 2, 1, 1, 1, 1, 1, 1, 0, 1, 2, 0, 0, 0, 0, 2, 2, 1, 0, 2, 1, 0, 2, 2, 0, 0, 1, 1, 2, 0, 1, 0, 0, 0, 1, 2]|[0, 3, 2, 2, 4, 1, 2, 3, 2, 4, 1, 1, 2, 4, 4, 1, 1, 4, 2, 1, 1, 1, 1, 2, 1, 2, 1, 1, 2, 1, 3, 2, 3, 0, 4, 0, 1, 1, 0, 3, 2, 2, 2, 0, 1, 1, 0, 4, 0, 1, 2, 2, 1, 4, 0, 3, 2, 1, 1, 1, 3, 1, 1, 1, 3, 0, 4, 3, 1, 4, 1, 1, 2, 4, 1, 2, 2, 1, 1, 1, 1, 3, 1, 1, 1, 1, 1, 1, 2, 1, 4, 3, 1, 1, 1, 2, 2, 2, 4, 1]|[0, 2, 1, 1, 3, 0, 1, 3, 0, 0, 0, 0, 1, 0, 1, 0, 0, 3, 1, 0, 0, 0, 3, 1, 0, 2, 0, 0, 0, 1, 0, 0, 0, 0, 3, 0, 1, 0, 0, 2, 1, 1, 1, 0, 0, 0, 0, 2, 1, 0, 0, 0, 1, 3, 0, 0, 1, 0, 0, 0, 2, 0, 1, 0, 2, 1, 0, 0, 1, 1, 3, 1, 1, 3, 0, 1, 1, 0, 0, 0, 0, 0, 0, 0, 1, 0, 0, 0, 1, 0, 0, 2, 0, 1, 1, 0, 0, 0, 2, 0],721.5061524654766,57732.676531569545,92274.47002206098,true
47,G4_BALANCED,G4_BALANCED,[31, 22, 82, 15, 26, 58, 95, 42, 77, 12, 47, 5, 93, 78, 86, 54, 85, 63, 18, 44, 20, 35, 43, 97, 66, 76, 10, 30, 21, 45, 71, 64, 1, 23, 17, 83, 24, 14, 60, 36, 6, 57, 40, 88, 65, 56, 79, 94, 67, 68, 46, 75, 38, 9, 19, 32, 81, 41, 27, 62, 87, 90, 99, 59, 11, 16, 72, 73, 70, 39, 37, 84, 3, 92, 25, 74, 28, 29, 51, 7, 33, 61, 98, 48, 89, 50, 4, 96, 53, 80, 91, 8, 55, 49, 52, 0, 13, 2, 69, 34]|[1, 1, 0, 1, 1, 1, 1, 2, 2, 1, 2, 2, 2, 1, 1, 0, 0, 1, 0, 2, 2, 0, 1, 2, 2, 1, 2, 2, 0, 0, 1, 2, 1, 2, 1, 0, 2, 0, 1, 1, 0, 1, 1, 1, 0, 2, 1, 1, 0, 0, 0, 0, 1, 1, 2, 1, 2, 0, 0, 0, 2, 1, 0, 1, 2, 1, 2, 1, 1, 1, 1, 1, 1, 0, 1, 2, 0, 0, 0, 1, 2, 1, 0, 0, 1, 0, 0, 2, 0, 0, 0, 0, 1, 0, 1, 0, 0, 0, 1, 2]|[4, 3, 2, 2, 0, 0, 2, 2, 2, 4, 1, 1, 2, 4, 4, 1, 2, 4, 2, 1, 1, 1, 1, 2, 1, 2, 1, 1, 1, 1, 3, 1, 3, 1, 4, 0, 1, 1, 0, 3, 2, 2, 2, 0, 1, 1, 0, 4, 0, 1, 2, 2, 1, 4, 0, 3, 1, 1, 1, 2, 1, 3, 1, 1, 1, 3, 0, 4, 3, 1, 4, 1, 1, 2, 4, 1, 2, 1, 1, 3, 1, 3, 1, 1, 1, 1, 2, 1, 2, 1, 1, 1, 4, 1, 1, 2, 2, 2, 3, 1]|[0, 2, 1, 1, 3, 3, 1, 0, 0, 0, 0, 0, 1, 0, 1, 0, 0, 3, 1, 0, 0, 0, 3, 1, 0, 2, 0, 0, 0, 1, 0, 0, 0, 0, 3, 0, 1, 0, 0, 2, 1, 1, 1, 0, 0, 0, 0, 2, 1, 0, 0, 0, 1, 3, 0, 0, 0, 0, 0, 1, 0, 2, 0, 1, 0, 2, 1, 0, 0, 1, 1, 3, 1, 1, 3, 0, 1, 0, 0, 2, 0, 0, 0, 0, 1, 0, 1, 0, 1, 0, 0, 0, 3, 1, 1, 0, 0, 0, 0, 0],796.782775420739,56812.08658970495,90231.91113432166,false
47,G2_TEC,G2_TEC,[31, 22, 82, 15, 26, 9, 95, 42, 77, 68, 47, 5, 93, 78, 86, 54, 85, 63, 18, 44, 20, 49, 36, 14, 74, 50, 53, 17, 21, 28, 11, 64, 3, 23, 30, 83, 24, 41, 40, 52, 65, 27, 90, 70, 39, 58, 48, 69, 99, 4, 46, 1, 13, 87, 97, 59, 45, 8, 73, 37, 35, 79, 71, 66, 76, 32, 60, 80, 56, 6, 67, 61, 33, 7, 57, 34, 12, 16, 10, 98, 96, 88, 43, 81, 91, 2, 84, 29, 92, 19, 51, 89, 55, 25, 72, 75, 94, 38, 62, 0]|[2, 1, 2, 1, 1, 2, 1, 1, 1, 1, 1, 0, 2, 2, 1, 2, 0, 0, 0, 2, 2, 1, 0, 2, 0, 2, 2, 1, 0, 1, 1, 1, 0, 0, 1, 0, 2, 1, 2, 2, 0, 0, 1, 1, 0, 2, 0, 2, 1, 0, 0, 2, 0, 2, 2, 0, 1, 1, 0, 0, 2, 1, 1, 2, 2, 0, 2, 2, 2, 1, 2, 1, 1, 2, 0, 1, 1, 2, 1, 2, 0, 1, 1, 1, 1, 0, 0, 1, 0, 1, 1, 1, 0, 1, 1, 0, 2, 0, 1, 0]|[0, 3, 0, 3, 4, 1, 4, 4, 2, 4, 3, 2, 1, 0, 2, 1, 1, 1, 2, 1, 1, 3, 0, 1, 0, 1, 1, 4, 1, 4, 3, 2, 2, 0, 4, 1, 1, 4, 1, 1, 2, 1, 4, 4, 1, 1, 0, 1, 3, 2, 2, 1, 2, 1, 1, 2, 4, 3, 0, 2, 1, 3, 3, 1, 1, 2, 1, 1, 1, 4, 1, 3, 4, 1, 2, 4, 3, 1, 3, 1, 2, 4, 4, 4, 3, 2, 2, 3, 2, 4, 3, 4, 2, 4, 4, 2, 1, 2, 3, 2]|[0, 2, 0, 0, 3, 0, 1, 3, 0, 0, 2, 0, 0, 0, 1, 0, 0, 0, 1, 0, 0, 2, 0, 0, 1, 0, 0, 3, 0, 1, 0, 2, 0, 0, 3, 0, 1, 1, 0, 0, 0, 0, 1, 3, 0, 0, 1, 0, 2, 0, 0, 0, 0, 0, 1, 0, 1, 0, 1, 1, 0, 2, 0, 0, 0, 0, 0, 0, 0, 2, 0, 0, 1, 0, 0, 1, 0, 0, 3, 0, 0, 1, 2, 2, 0, 0, 0, 3, 0, 1, 0, 1, 0, 3, 1, 0, 0, 0, 0, 0],915.4865022436335,48708.26809038564,107918.70460880936,false
47,G3_TWC,G3_TWC,[31, 22, 42, 15, 26, 58, 95, 82, 77, 12, 47, 5, 93, 78, 98, 54, 85, 63, 18, 44, 20, 35, 43, 97, 91, 76, 10, 30, 21, 45, 71, 64, 1, 23, 17, 83, 24, 61, 60, 36, 6, 57, 94, 88, 65, 56, 79, 40, 67, 68, 46, 75, 38, 9, 19, 32, 81, 41, 27, 62, 87, 90, 99, 59, 11, 16, 72, 73, 70, 39, 37, 84, 3, 92, 25, 74, 28, 29, 51, 7, 53, 14, 86, 48, 89, 50, 66, 96, 33, 80, 4, 8, 34, 49, 52, 0, 13, 2, 69, 55]|[1, 1, 0, 1, 1, 1, 2, 1, 2, 1, 2, 2, 2, 1, 1, 0, 0, 1, 0, 2, 2, 0, 1, 2, 0, 1, 2, 2, 0, 0, 1, 2, 1, 2, 1, 0, 2, 0, 1, 1, 0, 1, 1, 1, 0, 2, 1, 1, 0, 0, 0, 0, 1, 1, 2, 1, 2, 0, 0, 0, 2, 1, 0, 1, 2, 1, 2, 1, 1, 1, 1, 1, 2, 0, 1, 2, 0, 0, 0, 1, 0, 1, 0, 0, 1, 0, 0, 0, 2, 0, 0, 1, 2, 0, 1, 0, 0, 0, 1, 1]|[4, 3, 2, 2, 0, 0, 2, 2, 2, 4, 1, 1, 2, 4, 4, 1, 1, 4, 2, 1, 1, 1, 1, 2, 1, 2, 1, 1, 1, 1, 3, 2, 3, 0, 4, 0, 1, 1, 0, 3, 2, 2, 4, 0, 1, 1, 0, 2, 0, 1, 2, 2, 1, 4, 0, 3, 2, 1, 1, 2, 1, 3, 1, 1, 1, 3, 0, 4, 3, 1, 4, 1, 1, 2, 4, 1, 2, 1, 1, 3, 2, 3, 1, 1, 1, 1, 1, 1, 1, 1, 2, 3, 1, 1, 1, 2, 2, 2, 3, 4]|[0, 2, 1, 1, 3, 3, 0, 1, 0, 0, 0, 0, 1, 0, 1, 0, 0, 3, 1, 0, 0, 0, 3, 1, 0, 2, 0, 0, 0, 1, 0, 0, 0, 0, 3, 0, 1, 0, 0, 2, 1, 1, 2, 0, 0, 0, 0, 1, 1, 0, 0, 0, 1, 3, 0, 0, 1, 0, 0, 1, 0, 2, 0, 1, 0, 2, 1, 0, 0, 1, 1, 3, 0, 1, 3, 0, 1, 0, 0, 2, 1, 0, 0, 0, 1, 0, 0, 0, 0, 0, 1, 2, 0, 1, 1, 0, 0, 0, 0, 3],804.6875225521468,57746.82533348298,88068.50778672317,false
47,G1_CMAX,G1_CMAX,[31, 22, 82, 15, 26, 99, 95, 42, 77, 12, 47, 5, 93, 78, 86, 54, 21, 63, 18, 44, 20, 35, 43, 97, 91, 76, 10, 30, 85, 45, 71, 64, 1, 23, 17, 83, 24, 14, 60, 36, 6, 57, 40, 88, 65, 56, 79, 94, 67, 68, 46, 75, 38, 9, 19, 32, 41, 81, 27, 87, 90, 58, 59, 11, 16, 72, 73, 70, 39, 3, 37, 84, 62, 92, 25, 55, 28, 29, 51, 7, 33, 61, 98, 48, 89, 50, 66, 96, 53, 80, 4, 8, 34, 49, 52, 0, 13, 2, 69, 74]|[2, 1, 0, 1, 1, 0, 1, 2, 2, 1, 2, 2, 2, 1, 1, 0, 0, 1, 0, 2, 2, 0, 1, 2, 0, 1, 2, 2, 0, 0, 1, 2, 1, 2, 1, 0, 2, 0, 1, 1, 0, 2, 1, 1, 0, 2, 1, 1, 0, 0, 0, 0, 1, 1, 2, 1, 0, 2, 0, 2, 1, 0, 1, 2, 2, 1, 1, 1, 1, 1, 1, 1, 0, 0, 1, 2, 0, 0, 0, 2, 2, 1, 2, 0, 1, 0, 2, 0, 0, 0, 1, 1, 2, 0, 1, 0, 0, 0, 1, 2]|[1, 3, 2, 2, 4, 1, 2, 2, 2, 4, 1, 1, 2, 4, 4, 1, 1, 4, 2, 1, 1, 1, 1, 2, 1, 2, 1, 1, 2, 1, 3, 2, 3, 1, 4, 0, 1, 1, 0, 3, 2, 1, 4, 0, 1, 1, 0, 4, 0, 1, 2, 2, 1, 4, 0, 3, 1, 1, 1, 1, 3, 1, 1, 1, 1, 3, 4, 3, 1, 1, 4, 1, 2, 0, 4, 1, 2, 1, 1, 1, 1, 3, 1, 1, 1, 1, 1, 1, 2, 1, 4, 3, 1, 1, 1, 2, 2, 2, 4, 1]|[0, 2, 1, 1, 3, 0, 1, 0, 0, 0, 0, 0, 1, 0, 1, 0, 0, 3, 1, 0, 0, 0, 3, 1, 0, 2, 0, 0, 0, 1, 0, 0, 0, 0, 3, 0, 1, 0, 0, 2, 1, 0, 2, 0, 0, 0, 0, 2, 1, 0, 0, 0, 1, 3, 0, 0, 0, 0, 0, 0, 2, 0, 1, 0, 0, 2, 0, 0, 1, 1, 1, 3, 1, 1, 3, 0, 1, 0, 0, 0, 0, 0, 0, 0, 1, 0, 0, 0, 1, 0, 0, 2, 0, 1, 1, 0, 0, 0, 2, 0],798.6321321395579,55287.901697551715,97014.49042528482,false
47,G4_BALANCED,G1_CMAX,[31, 22, 82, 15, 26, 99, 95, 42, 77, 12, 47, 5, 93, 78, 86, 54, 21, 63, 18, 44, 20, 35, 43, 97, 91, 76, 10, 30, 85, 45, 71, 64, 1, 23, 17, 83, 24, 14, 60, 36, 6, 57, 40, 88, 65, 56, 79, 94, 67, 68, 46, 75, 38, 9, 19, 32, 41, 81, 27, 87, 90, 58, 59, 11, 16, 72, 73, 70, 39, 37, 62, 84, 3, 96, 25, 55, 28, 29, 51, 7, 33, 61, 98, 48, 89, 50, 4, 92, 53, 80, 66, 8, 34, 2, 52, 49, 13, 0, 69, 74]|[1, 1, 0, 1, 1, 0, 1, 1, 2, 1, 2, 2, 2, 1, 1, 0, 0, 1, 0, 2, 2, 0, 1, 2, 0, 1, 2, 2, 0, 0, 1, 2, 1, 2, 1, 0, 2, 0, 1, 1, 0, 1, 1, 1, 0, 2, 1, 1, 0, 0, 0, 0, 1, 1, 2, 1, 2, 2, 0, 2, 1, 0, 1, 2, 1, 2, 1, 1, 1, 1, 0, 1, 1, 2, 1, 2, 2, 0, 0, 2, 2, 1, 2, 0, 1, 0, 1, 0, 0, 0, 2, 1, 2, 0, 1, 0, 0, 0, 1, 2]|[0, 3, 2, 2, 4, 1, 2, 3, 2, 4, 1, 1, 2, 4, 4, 1, 1, 4, 2, 1, 1, 1, 1, 2, 1, 2, 1, 1, 1, 1, 3, 2, 3, 0, 4, 0, 1, 1, 0, 3, 2, 2, 2, 0, 1, 1, 0, 4, 0, 1, 2, 2, 1, 4, 0, 3, 2, 2, 1, 1, 3, 1, 1, 1, 3, 0, 4, 3, 1, 4, 2, 1, 1, 1, 4, 1, 1, 1, 1, 1, 1, 3, 1, 1, 1, 1, 4, 0, 2, 1, 1, 3, 1, 2, 1, 1, 2, 2, 4, 1]|[0, 2, 1, 1, 3, 0, 1, 3, 0, 0, 0, 0, 1, 0, 1, 0, 0, 3, 1, 0, 0, 0, 3, 1, 0, 2, 0, 0, 0, 1, 0, 0, 0, 0, 3, 0, 1, 0, 0, 2, 1, 1, 1, 0, 0, 0, 0, 2, 1, 0, 0, 0, 1, 3, 0, 0, 1, 1, 0, 0, 2, 0, 1, 0, 2, 1, 0, 0, 1, 1, 1, 3, 1, 0, 3, 0, 0, 0, 0, 0, 0, 0, 0, 0, 1, 0, 0, 1, 1, 0, 0, 2, 0, 0, 1, 1, 0, 0, 2, 0],711.9160353756727,57968.03987147099,93521.77032852688,true
47,G2_TEC,G4_BALANCED,[31, 22, 82, 15, 26, 99, 95, 42, 77, 12, 47, 5, 93, 78, 86, 54, 21, 63, 18, 44, 20, 23, 43, 97, 91, 76, 10, 30, 85, 45, 71, 64, 1, 35, 17, 83, 24, 14, 60, 36, 6, 57, 40, 88, 65, 56, 79, 94, 67, 68, 46, 75, 38, 9, 19, 32, 41, 81, 27, 87, 90, 58, 59, 62, 11, 16, 72, 73, 39, 37, 84, 3, 92, 25, 55, 48, 70, 29, 51, 96, 33, 61, 98, 66, 89, 50, 4, 7, 53, 80, 8, 28, 34, 49, 52, 0, 74, 69, 2, 13]|[2, 1, 0, 1, 1, 0, 1, 1, 2, 1, 2, 2, 2, 1, 1, 0, 0, 1, 0, 2, 2, 0, 1, 2, 0, 1, 2, 2, 0, 0, 1, 2, 1, 2, 1, 0, 2, 0, 1, 1, 0, 1, 1, 1, 0, 2, 1, 1, 0, 0, 0, 0, 1, 1, 2, 1, 0, 2, 0, 2, 1, 0, 1, 0, 2, 1, 2, 1, 1, 1, 1, 1, 0, 1, 2, 0, 1, 0, 0, 2, 2, 1, 2, 2, 1, 0, 1, 1, 0, 0, 1, 0, 2, 0, 1, 0, 2, 1, 0, 0]|[1, 3, 2, 2, 4, 1, 2, 3, 2, 4, 1, 1, 2, 4, 4, 1, 1, 4, 2, 1, 1, 1, 1, 2, 1, 2, 1, 1, 2, 1, 3, 1, 3, 1, 4, 0, 1, 1, 0, 3, 2, 2, 2, 0, 1, 1, 0, 4, 0, 1, 2, 2, 1, 4, 0, 3, 1, 1, 1, 1, 3, 1, 1, 2, 1, 3, 0, 4, 1, 4, 1, 1, 2, 4, 1, 1, 3, 1, 1, 1, 1, 3, 1, 1, 1, 1, 4, 3, 2, 1, 3, 2, 1, 1, 1, 2, 1, 4, 2, 2]|[0, 2, 1, 1, 3, 0, 1, 3, 0, 0, 0, 0, 1, 0, 1, 0, 0, 3, 1, 0, 0, 0, 3, 1, 0, 2, 0, 0, 0, 1, 0, 0, 0, 0, 3, 0, 1, 0, 0, 2, 1, 1, 1, 0, 0, 0, 0, 2, 1, 0, 0, 0, 1, 3, 0, 0, 0, 0, 0, 0, 2, 0, 1, 1, 0, 2, 1, 0, 1, 1, 3, 1, 1, 3, 0, 0, 0, 0, 0, 0, 0, 0, 0, 0, 1, 0, 0, 2, 1, 0, 2, 1, 0, 1, 1, 0, 0, 2, 0, 0],757.0396004785916,56129.652691911746,91492.16283940467,true
47,G3_TWC,G3_TWC,[31, 22, 42, 15, 26, 58, 95, 82, 77, 12, 47, 5, 93, 78, 98, 54, 85, 63, 18, 44, 20, 35, 43, 97, 91, 76, 10, 30, 21, 45, 71, 64, 1, 23, 17, 83, 24, 61, 60, 36, 6, 57, 94, 88, 65, 56, 79, 40, 67, 68, 46, 75, 38, 9, 19, 32, 81, 41, 27, 62, 87, 90, 99, 59, 11, 16, 72, 73, 70, 39, 37, 84, 3, 92, 25, 74, 28, 29, 51, 7, 53, 14, 86, 48, 89, 50, 66, 96, 33, 80, 4, 8, 34, 49, 52, 0, 13, 2, 69, 55]|[1, 1, 0, 1, 1, 1, 2, 1, 2, 1, 2, 2, 2, 1, 1, 0, 0, 1, 0, 2, 2, 0, 1, 2, 0, 1, 2, 2, 0, 0, 1, 2, 1, 2, 1, 0, 2, 0, 1, 1, 0, 1, 1, 1, 0, 2, 1, 1, 0, 0, 0, 0, 1, 1, 2, 1, 2, 0, 0, 0, 2, 1, 0, 1, 2, 1, 2, 1, 1, 1, 1, 1, 2, 0, 1, 2, 0, 0, 0, 1, 0, 1, 0, 0, 1, 0, 0, 0, 2, 0, 0, 1, 2, 0, 1, 0, 0, 0, 1, 1]|[4, 3, 2, 2, 0, 0, 2, 2, 2, 4, 1, 1, 2, 4, 4, 1, 1, 4, 2, 1, 1, 1, 1, 2, 1, 2, 1, 1, 1, 1, 3, 2, 3, 0, 4, 0, 1, 1, 0, 3, 2, 2, 4, 0, 1, 1, 0, 2, 0, 1, 2, 2, 1, 4, 0, 3, 2, 1, 1, 2, 1, 3, 1, 1, 1, 3, 0, 4, 3, 1, 4, 1, 1, 2, 4, 1, 2, 1, 1, 3, 2, 3, 1, 1, 1, 1, 1, 1, 1, 1, 2, 3, 1, 1, 1, 2, 2, 2, 3, 4]|[0, 2, 1, 1, 3, 3, 0, 1, 0, 0, 0, 0, 1, 0, 1, 0, 0, 3, 1, 0, 0, 0, 3, 1, 0, 2, 0, 0, 0, 1, 0, 0, 0, 0, 3, 0, 1, 0, 0, 2, 1, 1, 2, 0, 0, 0, 0, 1, 1, 0, 0, 0, 1, 3, 0, 0, 1, 0, 0, 1, 0, 2, 0, 1, 0, 2, 1, 0, 0, 1, 1, 3, 0, 1, 3, 0, 1, 0, 0, 2, 1, 0, 0, 0, 1, 0, 0, 0, 0, 0, 1, 2, 0, 1, 1, 0, 0, 0, 0, 3],804.6875225521468,57746.82533348298,88068.50778672317,false
47,G1_CMAX,G4_BALANCED,[31, 22, 82, 15, 26, 58, 95, 42, 77, 12, 47, 5, 93, 78, 98, 54, 85, 63, 18, 44, 20, 35, 43, 97, 91, 76, 10, 30, 21, 45, 71, 64, 1, 23, 17, 83, 24, 14, 60, 36, 6, 57, 94, 88, 65, 56, 79, 40, 67, 68, 46, 75, 38, 9, 55, 32, 81, 41, 27, 62, 87, 90, 99, 59, 28, 16, 72, 73, 70, 39, 37, 84, 3, 92, 25, 19, 11, 29, 51, 7, 33, 61, 86, 48, 89, 50, 66, 96, 53, 80, 4, 8, 74, 49, 52, 0, 13, 2, 69, 34]|[1, 1, 0, 1, 1, 1, 2, 1, 2, 1, 2, 2, 2, 1, 1, 0, 0, 1, 0, 2, 2, 0, 1, 2, 0, 1, 2, 2, 0, 0, 1, 2, 1, 2, 1, 0, 2, 0, 1, 1, 0, 1, 1, 1, 0, 2, 1, 1, 0, 0, 0, 0, 1, 1, 2, 1, 2, 2, 0, 0, 2, 1, 0, 1, 2, 1, 2, 1, 1, 1, 1, 1, 2, 0, 1, 1, 2, 0, 0, 1, 2, 1, 0, 0, 1, 0, 2, 2, 0, 0, 0, 1, 2, 0, 1, 0, 0, 0, 1, 2]|[4, 3, 2, 2, 0, 0, 2, 2, 2, 4, 1, 1, 2, 4, 4, 1, 1, 4, 2, 1, 1, 1, 1, 2, 1, 2, 1, 1, 1, 1, 3, 2, 3, 1, 4, 0, 2, 1, 0, 3, 2, 2, 4, 0, 1, 1, 0, 2, 0, 1, 2, 2, 1, 4, 0, 3, 2, 1, 1, 2, 1, 3, 1, 1, 1, 3, 0, 4, 3, 1, 4, 1, 1, 2, 4, 4, 1, 1, 1, 1, 1, 3, 1, 1, 1, 1, 1, 1, 2, 1, 2, 3, 1, 1, 1, 2, 2, 2, 3, 1]|[0, 2, 1, 1, 3, 3, 0, 1, 0, 0, 0, 0, 1, 0, 1, 0, 0, 3, 1, 0, 0, 0, 3, 1, 0, 2, 0, 0, 0, 1, 0, 0, 0, 0, 3, 0, 1, 0, 0, 2, 1, 1, 2, 0, 0, 0, 0, 1, 1, 0, 0, 0, 1, 3, 0, 0, 1, 0, 0, 1, 0, 2, 0, 1, 0, 2, 1, 0, 0, 1, 1, 3, 0, 1, 3, 3, 0, 0, 0, 2, 0, 0, 0, 0, 1, 0, 0, 0, 1, 0, 1, 2, 0, 1, 1, 0, 0, 0, 0, 0],748.481117135588,57223.471883340986,90889.9190195163,true
47,G4_BALANCED,G1_CMAX,[31, 22, 82, 15, 26, 99, 95, 42, 77, 12, 47, 5, 93, 78, 86, 54, 21, 63, 18, 44, 20, 35, 43, 97, 91, 76, 10, 30, 85, 45, 71, 64, 1, 23, 17, 83, 24, 14, 60, 36, 6, 57, 40, 88, 65, 56, 79, 94, 67, 68, 46, 75, 38, 9, 19, 32, 41, 81, 27, 87, 90, 58, 59, 11, 16, 72, 73, 70, 39, 37, 62, 84, 3, 96, 25, 55, 28, 29, 51, 7, 33, 61, 98, 48, 89, 50, 4, 92, 53, 80, 66, 8, 34, 2, 52, 49, 13, 0, 69, 74]|[1, 1, 0, 1, 1, 0, 1, 1, 2, 1, 2, 2, 2, 1, 1, 0, 0, 1, 0, 2, 2, 0, 1, 2, 0, 1, 2, 2, 0, 0, 1, 2, 1, 2, 1, 0, 2, 0, 1, 1, 0, 1, 1, 1, 0, 2, 1, 1, 0, 0, 0, 0, 1, 1, 2, 1, 2, 2, 0, 2, 1, 0, 1, 2, 1, 2, 1, 1, 1, 1, 0, 1, 1, 2, 1, 2, 2, 0, 0, 2, 2, 1, 2, 0, 1, 0, 1, 0, 0, 0, 2, 1, 2, 0, 1, 0, 0, 0, 1, 2]|[0, 3, 2, 2, 4, 1, 2, 3, 2, 4, 1, 1, 2, 4, 4, 1, 1, 4, 2, 1, 1, 1, 1, 2, 1, 2, 1, 1, 1, 1, 3, 2, 3, 0, 4, 0, 1, 1, 0, 3, 2, 2, 2, 0, 1, 1, 0, 4, 0, 1, 2, 2, 1, 4, 0, 3, 2, 2, 1, 1, 3, 1, 1, 1, 3, 0, 4, 3, 1, 4, 2, 1, 1, 1, 4, 1, 1, 1, 1, 1, 1, 3, 1, 1, 1, 1, 4, 0, 2, 1, 1, 3, 1, 2, 1, 1, 2, 2, 4, 1]|[0, 2, 1, 1, 3, 0, 1, 3, 0, 0, 0, 0, 1, 0, 1, 0, 0, 3, 1, 0, 0, 0, 3, 1, 0, 2, 0, 0, 0, 1, 0, 0, 0, 0, 3, 0, 1, 0, 0, 2, 1, 1, 1, 0, 0, 0, 0, 2, 1, 0, 0, 0, 1, 3, 0, 0, 1, 1, 0, 0, 2, 0, 1, 0, 2, 1, 0, 0, 1, 1, 1, 3, 1, 0, 3, 0, 0, 0, 0, 0, 0, 0, 0, 0, 1, 0, 0, 1, 1, 0, 0, 2, 0, 0, 1, 1, 0, 0, 2, 0],711.9160353756727,57968.03987147099,93521.77032852688,true
47,G2_TEC,G2_TEC,[31, 22, 82, 15, 26, 9, 95, 42, 77, 68, 47, 5, 93, 78, 86, 54, 85, 63, 18, 44, 20, 49, 36, 14, 74, 50, 53, 17, 21, 28, 11, 64, 3, 23, 30, 83, 24, 41, 40, 52, 65, 27, 90, 70, 39, 58, 48, 69, 99, 4, 46, 1, 13, 87, 97, 59, 45, 8, 73, 37, 35, 79, 71, 66, 76, 32, 60, 80, 56, 6, 67, 61, 33, 7, 57, 34, 12, 16, 10, 98, 96, 88, 43, 81, 91, 2, 84, 29, 92, 19, 51, 89, 55, 25, 72, 75, 94, 38, 62, 0]|[2, 1, 2, 1, 1, 2, 1, 1, 1, 1, 1, 0, 2, 2, 1, 2, 0, 0, 0, 2, 2, 1, 0, 2, 0, 2, 2, 1, 0, 1, 1, 1, 0, 0, 1, 0, 2, 1, 2, 2, 0, 0, 1, 1, 0, 2, 0, 2, 1, 0, 0, 2, 0, 2, 2, 0, 1, 1, 0, 0, 2, 1, 1, 2, 2, 0, 2, 2, 2, 1, 2, 1, 1, 2, 0, 1, 1, 2, 1, 2, 0, 1, 1, 1, 1, 0, 0, 1, 0, 1, 1, 1, 0, 1, 1, 0, 2, 0, 1, 0]|[0, 3, 0, 3, 4, 1, 4, 4, 2, 4, 3, 2, 1, 0, 2, 1, 1, 1, 2, 1, 1, 3, 0, 1, 0, 1, 1, 4, 1, 4, 3, 2, 2, 0, 4, 1, 1, 4, 1, 1, 2, 1, 4, 4, 1, 1, 0, 1, 3, 2, 2, 1, 2, 1, 1, 2, 4, 3, 0, 2, 1, 3, 3, 1, 1, 2, 1, 1, 1, 4, 1, 3, 4, 1, 2, 4, 3, 1, 3, 1, 2, 4, 4, 4, 3, 2, 2, 3, 2, 4, 3, 4, 2, 4, 4, 2, 1, 2, 3, 2]|[0, 2, 0, 0, 3, 0, 1, 3, 0, 0, 2, 0, 0, 0, 1, 0, 0, 0, 1, 0, 0, 2, 0, 0, 1, 0, 0, 3, 0, 1, 0, 2, 0, 0, 3, 0, 1, 1, 0, 0, 0, 0, 1, 3, 0, 0, 1, 0, 2, 0, 0, 0, 0, 0, 1, 0, 1, 0, 1, 1, 0, 2, 0, 0, 0, 0, 0, 0, 0, 2, 0, 0, 1, 0, 0, 1, 0, 0, 3, 0, 0, 1, 2, 2, 0, 0, 0, 3, 0, 1, 0, 1, 0, 3, 1, 0, 0, 0, 0, 0],915.4865022436335,48708.26809038564,107918.70460880936,false
47,G3_TWC,G3_TWC,[31, 22, 42, 15, 26, 58, 95, 82, 77, 12, 47, 5, 93, 78, 98, 54, 85, 63, 18, 44, 20, 35, 43, 97, 91, 76, 10, 30, 21, 45, 71, 64, 1, 23, 17, 83, 24, 61, 60, 36, 6, 57, 94, 88, 65, 56, 79, 40, 67, 68, 46, 75, 38, 9, 19, 32, 81, 41, 27, 62, 87, 90, 99, 59, 11, 16, 72, 73, 70, 39, 37, 84, 3, 92, 25, 74, 28, 29, 51, 7, 53, 14, 86, 48, 89, 50, 66, 96, 33, 80, 4, 8, 34, 49, 52, 0, 13, 2, 69, 55]|[1, 1, 0, 1, 1, 1, 2, 1, 2, 1, 2, 2, 2, 1, 1, 0, 0, 1, 0, 2, 2, 0, 1, 2, 0, 1, 2, 2, 0, 0, 1, 2, 1, 2, 1, 0, 2, 0, 1, 1, 0, 1, 1, 1, 0, 2, 1, 1, 0, 0, 0, 0, 1, 1, 2, 1, 2, 0, 0, 0, 2, 1, 0, 1, 2, 1, 2, 1, 1, 1, 1, 1, 2, 0, 1, 2, 0, 0, 0, 1, 0, 1, 0, 0, 1, 0, 0, 0, 2, 0, 0, 1, 2, 0, 1, 0, 0, 0, 1, 1]|[4, 3, 2, 2, 0, 0, 2, 2, 2, 4, 1, 1, 2, 4, 4, 1, 1, 4, 2, 1, 1, 1, 1, 2, 1, 2, 1, 1, 1, 1, 3, 2, 3, 0, 4, 0, 1, 1, 0, 3, 2, 2, 4, 0, 1, 1, 0, 2, 0, 1, 2, 2, 1, 4, 0, 3, 2, 1, 1, 2, 1, 3, 1, 1, 1, 3, 0, 4, 3, 1, 4, 1, 1, 2, 4, 1, 2, 1, 1, 3, 2, 3, 1, 1, 1, 1, 1, 1, 1, 1, 2, 3, 1, 1, 1, 2, 2, 2, 3, 4]|[0, 2, 1, 1, 3, 3, 0, 1, 0, 0, 0, 0, 1, 0, 1, 0, 0, 3, 1, 0, 0, 0, 3, 1, 0, 2, 0, 0, 0, 1, 0, 0, 0, 0, 3, 0, 1, 0, 0, 2, 1, 1, 2, 0, 0, 0, 0, 1, 1, 0, 0, 0, 1, 3, 0, 0, 1, 0, 0, 1, 0, 2, 0, 1, 0, 2, 1, 0, 0, 1, 1, 3, 0, 1, 3, 0, 1, 0, 0, 2, 1, 0, 0, 0, 1, 0, 0, 0, 0, 0, 1, 2, 0, 1, 1, 0, 0, 0, 0, 3],804.6875225521468,57746.82533348298,88068.50778672317,false
47,G1_CMAX,G4_BALANCED,[31, 22, 82, 15, 26, 58, 95, 42, 77, 12, 47, 5, 93, 78, 86, 54, 85, 63, 18, 44, 20, 35, 43, 97, 66, 76, 10, 30, 21, 45, 71, 64, 1, 23, 17, 83, 24, 14, 60, 36, 6, 57, 40, 88, 65, 56, 79, 94, 67, 68, 46, 75, 38, 9, 19, 32, 81, 41, 27, 62, 87, 90, 99, 59, 11, 16, 72, 73, 70, 39, 37, 84, 3, 92, 25, 74, 28, 29, 51, 7, 33, 61, 98, 48, 89, 50, 4, 96, 53, 80, 8, 91, 34, 2, 52, 0, 13, 49, 69, 55]|[1, 1, 0, 1, 1, 1, 1, 2, 2, 1, 2, 2, 2, 1, 1, 0, 0, 1, 0, 2, 2, 0, 1, 2, 2, 1, 2, 2, 0, 0, 1, 2, 1, 2, 1, 0, 2, 0, 1, 1, 0, 1, 1, 1, 0, 2, 1, 1, 0, 0, 0, 0, 1, 1, 2, 1, 2, 0, 0, 0, 2, 1, 0, 1, 2, 1, 2, 1, 1, 1, 1, 1, 2, 0, 1, 1, 0, 0, 0, 1, 2, 1, 0, 0, 1, 0, 0, 2, 0, 0, 1, 0, 2, 0, 1, 0, 0, 0, 1, 2]|[4, 3, 2, 2, 0, 0, 2, 2, 2, 4, 1, 1, 2, 4, 4, 1, 2, 4, 2, 1, 1, 1, 1, 2, 1, 2, 1, 1, 1, 1, 3, 1, 3, 1, 4, 0, 1, 1, 0, 3, 2, 2, 2, 0, 1, 1, 0, 4, 0, 1, 2, 2, 1, 4, 0, 3, 1, 1, 1, 2, 1, 3, 1, 1, 1, 3, 0, 4, 3, 1, 4, 1, 1, 2, 4, 4, 2, 1, 1, 1, 1, 3, 1, 1, 1, 1, 2, 1, 2, 1, 3, 1, 1, 2, 1, 2, 2, 1, 3, 1]|[0, 2, 1, 1, 3, 3, 1, 0, 0, 0, 0, 0, 1, 0, 1, 0, 0, 3, 1, 0, 0, 0, 3, 1, 0, 2, 0, 0, 0, 1, 0, 0, 0, 0, 3, 0, 1, 0, 0, 2, 1, 1, 1, 0, 0, 0, 0, 2, 1, 0, 0, 0, 1, 3, 0, 0, 0, 0, 0, 1, 0, 2, 0, 1, 0, 2, 1, 0, 0, 1, 1, 3, 0, 1, 3, 3, 1, 0, 0, 2, 0, 0, 0, 0, 1, 0, 1, 0, 1, 0, 2, 0, 0, 0, 1, 0, 0, 1, 0, 0],793.186554553606,56855.34555399674,90534.46587356988,true
47,G4_BALANCED,G1_CMAX,[31, 22, 82, 15, 26, 99, 95, 42, 77, 12, 47, 5, 93, 78, 86, 54, 21, 63, 18, 44, 20, 35, 43, 97, 91, 76, 10, 30, 85, 45, 71, 64, 1, 23, 17, 83, 24, 14, 60, 36, 6, 57, 40, 88, 65, 56, 79, 94, 67, 68, 46, 75, 38, 9, 19, 32, 41, 81, 27, 87, 90, 58, 59, 11, 16, 72, 73, 70, 39, 37, 62, 84, 3, 96, 25, 55, 28, 29, 51, 7, 33, 61, 98, 48, 89, 50, 4, 92, 53, 80, 66, 8, 34, 2, 52, 49, 13, 0, 69, 74]|[1, 1, 0, 1, 1, 0, 1, 1, 2, 1, 2, 2, 2, 1, 1, 0, 0, 1, 0, 2, 2, 0, 1, 2, 0, 1, 2, 2, 0, 0, 1, 2, 1, 2, 1, 0, 2, 0, 1, 1, 0, 1, 1, 1, 0, 2, 1, 1, 0, 0, 0, 0, 1, 1, 2, 1, 2, 2, 0, 2, 1, 0, 1, 2, 1, 2, 1, 1, 1, 1, 0, 1, 1, 2, 1, 2, 2, 0, 0, 2, 2, 1, 2, 0, 1, 0, 1, 0, 0, 0, 2, 1, 2, 0, 1, 0, 0, 0, 1, 2]|[0, 3, 2, 2, 4, 1, 2, 3, 2, 4, 1, 1, 2, 4, 4, 1, 1, 4, 2, 1, 1, 1, 1, 2, 1, 2, 1, 1, 1, 1, 3, 2, 3, 0, 4, 0, 1, 1, 0, 3, 2, 2, 2, 0, 1, 1, 0, 4, 0, 1, 2, 2, 1, 4, 0, 3, 2, 2, 1, 1, 3, 1, 1, 1, 3, 0, 4, 3, 1, 4, 2, 1, 1, 1, 4, 1, 1, 1, 1, 1, 1, 3, 1, 1, 1, 1, 4, 0, 2, 1, 1, 3, 1, 2, 1, 1, 2, 2, 4, 1]|[0, 2, 1, 1, 3, 0, 1, 3, 0, 0, 0, 0, 1, 0, 1, 0, 0, 3, 1, 0, 0, 0, 3, 1, 0, 2, 0, 0, 0, 1, 0, 0, 0, 0, 3, 0, 1, 0, 0, 2, 1, 1, 1, 0, 0, 0, 0, 2, 1, 0, 0, 0, 1, 3, 0, 0, 1, 1, 0, 0, 2, 0, 1, 0, 2, 1, 0, 0, 1, 1, 1, 3, 1, 0, 3, 0, 0, 0, 0, 0, 0, 0, 0, 0, 1, 0, 0, 1, 1, 0, 0, 2, 0, 0, 1, 1, 0, 0, 2, 0],711.9160353756727,57968.03987147099,93521.77032852688,true
47,G2_TEC,G2_TEC,[31, 22, 82, 15, 26, 9, 95, 42, 77, 68, 47, 5, 93, 78, 86, 54, 85, 63, 18, 44, 20, 49, 36, 14, 74, 50, 53, 17, 21, 28, 11, 64, 3, 23, 30, 83, 24, 41, 40, 52, 65, 27, 90, 70, 39, 58, 48, 69, 99, 4, 46, 1, 13, 87, 97, 59, 45, 8, 73, 37, 35, 79, 71, 66, 76, 32, 60, 80, 56, 6, 67, 61, 33, 7, 57, 34, 12, 16, 10, 98, 96, 88, 43, 81, 91, 2, 84, 29, 92, 19, 51, 89, 55, 25, 72, 75, 94, 38, 62, 0]|[2, 1, 2, 1, 1, 2, 1, 1, 1, 1, 1, 0, 2, 2, 1, 2, 0, 0, 0, 2, 2, 1, 0, 2, 0, 2, 2, 1, 0, 1, 1, 1, 0, 0, 1, 0, 2, 1, 2, 2, 0, 0, 1, 1, 0, 2, 0, 2, 1, 0, 0, 2, 0, 2, 2, 0, 1, 1, 0, 0, 2, 1, 1, 2, 2, 0, 2, 2, 2, 1, 2, 1, 1, 2, 0, 1, 1, 2, 1, 2, 0, 1, 1, 1, 1, 0, 0, 1, 0, 1, 1, 1, 0, 1, 1, 0, 2, 0, 1, 0]|[0, 3, 0, 3, 4, 1, 4, 4, 2, 4, 3, 2, 1, 0, 2, 1, 1, 1, 2, 1, 1, 3, 0, 1, 0, 1, 1, 4, 1, 4, 3, 2, 2, 0, 4, 1, 1, 4, 1, 1, 2, 1, 4, 4, 1, 1, 0, 1, 3, 2, 2, 1, 2, 1, 1, 2, 4, 3, 0, 2, 1, 3, 3, 1, 1, 2, 1, 1, 1, 4, 1, 3, 4, 1, 2, 4, 3, 1, 3, 1, 2, 4, 4, 4, 3, 2, 2, 3, 2, 4, 3, 4, 2, 4, 4, 2, 1, 2, 3, 2]|[0, 2, 0, 0, 3, 0, 1, 3, 0, 0, 2, 0, 0, 0, 1, 0, 0, 0, 1, 0, 0, 2, 0, 0, 1, 0, 0, 3, 0, 1, 0, 2, 0, 0, 3, 0, 1, 1, 0, 0, 0, 0, 1, 3, 0, 0, 1, 0, 2, 0, 0, 0, 0, 0, 1, 0, 1, 0, 1, 1, 0, 2, 0, 0, 0, 0, 0, 0, 0, 2, 0, 0, 1, 0, 0, 1, 0, 0, 3, 0, 0, 1, 2, 2, 0, 0, 0, 3, 0, 1, 0, 1, 0, 3, 1, 0, 0, 0, 0, 0],915.4865022436335,48708.26809038564,107918.70460880936,false
47,G3_TWC,G1_CMAX,[31, 22, 82, 15, 26, 99, 95, 77, 42, 12, 5, 93, 78, 86, 54, 21, 63, 18, 10, 20, 35, 43, 97, 91, 76, 47, 30, 85, 45, 71, 1, 66, 64, 17, 83, 24, 14, 60, 36, 6, 57, 40, 88, 65, 79, 94, 67, 68, 46, 75, 38, 9, 19, 32, 28, 81, 27, 74, 39, 58, 59, 11, 16, 72, 62, 73, 70, 37, 84, 3, 51, 29, 90, 48, 55, 25, 92, 7, 44, 33, 61, 98, 56, 23, 89, 50, 41, 96, 53, 80, 4, 8, 34, 49, 52, 0, 13, 2, 69, 87]|[1, 1, 0, 1, 1, 0, 1, 2, 2, 1, 2, 2, 1, 1, 0, 0, 1, 0, 2, 2, 0, 1, 2, 0, 1, 2, 2, 0, 0, 1, 1, 2, 2, 1, 0, 2, 0, 1, 1, 0, 1, 1, 1, 0, 1, 1, 0, 0, 0, 0, 1, 1, 2, 1, 0, 2, 0, 2, 1, 0, 1, 2, 1, 2, 1, 1, 1, 1, 1, 1, 0, 0, 1, 0, 2, 1, 0, 2, 2, 2, 1, 2, 2, 2, 1, 0, 0, 2, 0, 0, 1, 1, 2, 0, 1, 0, 0, 0, 1, 2]|[0, 3, 2, 4, 0, 1, 2, 1, 1, 4, 1, 2, 4, 4, 1, 1, 4, 2, 1, 1, 1, 1, 2, 1, 2, 1, 1, 2, 1, 3, 3, 1, 2, 4, 0, 1, 1, 0, 3, 2, 2, 2, 0, 1, 0, 4, 0, 1, 2, 2, 1, 4, 0, 3, 2, 1, 1, 1, 1, 1, 1, 1, 3, 0, 4, 4, 1, 4, 1, 1, 1, 1, 3, 1, 1, 4, 0, 1, 1, 1, 3, 1, 1, 1, 1, 1, 1, 1, 2, 1, 4, 3, 1, 1, 1, 2, 2, 2, 4, 1]|[3, 2, 1, 1, 3, 0, 1, 0, 0, 0, 0, 1, 0, 1, 0, 0, 3, 1, 0, 0, 0, 3, 1, 0, 2, 0, 0, 0, 1, 0, 0, 0, 0, 3, 0, 1, 0, 0, 2, 1, 1, 1, 0, 0, 0, 2, 1, 0, 0, 0, 1, 3, 0, 0, 1, 0, 0, 0, 1, 0, 1, 0, 2, 1, 0, 0, 1, 1, 3, 1, 0, 0, 2, 0, 0, 3, 1, 0, 0, 0, 0, 0, 0, 0, 1, 0, 0, 0, 1, 0, 0, 2, 0, 1, 1, 0, 0, 0, 2, 0],731.8082727016543,56338.86946404046,92912.0862316895,true
48,G1_CMAX,G3_TWC,[31, 22, 42, 15, 26, 58, 95, 82, 77, 12, 47, 5, 93, 78, 98, 54, 85, 63, 18, 44, 20, 35, 43, 97, 91, 76, 10, 30, 21, 45, 71, 64, 1, 23, 17, 83, 24, 14, 60, 36, 6, 57, 94, 88, 65, 56, 79, 40, 67, 68, 46, 75, 39, 9, 19, 32, 81, 96, 27, 62, 87, 90, 99, 59, 11, 16, 72, 73, 70, 38, 37, 84, 3, 92, 25, 55, 28, 29, 51, 7, 33, 61, 86, 53, 89, 50, 66, 41, 48, 80, 4, 8, 34, 49, 52, 0, 74, 2, 69, 13]|[1, 1, 0, 1, 1, 1, 2, 1, 2, 1, 2, 2, 2, 1, 1, 0, 0, 1, 0, 2, 2, 0, 1, 2, 0, 1, 2, 2, 0, 0, 1, 2, 1, 2, 1, 0, 2, 0, 1, 1, 0, 1, 1, 1, 0, 2, 1, 1, 0, 0, 0, 0, 1, 1, 2, 1, 2, 0, 0, 0, 2, 1, 0, 1, 2, 1, 2, 1, 1, 1, 1, 1, 2, 0, 1, 1, 0, 0, 0, 1, 2, 1, 0, 0, 1, 0, 2, 0, 0, 0, 0, 1, 2, 0, 1, 0, 2, 0, 1, 0]|[4, 3, 2, 2, 0, 0, 2, 2, 2, 4, 1, 1, 2, 4, 4, 1, 1, 4, 2, 1, 1, 1, 1, 2, 1, 2, 1, 1, 1, 1, 3, 2, 3, 0, 4, 0, 1, 1, 0, 3, 2, 2, 4, 0, 1, 1, 0, 2, 0, 1, 2, 2, 1, 4, 0, 3, 2, 1, 1, 2, 1, 3, 1, 1, 1, 3, 0, 4, 3, 1, 4, 1, 1, 2, 4, 4, 2, 1, 1, 3, 1, 3, 1, 2, 1, 1, 1, 1, 1, 1, 2, 3, 1, 1, 1, 2, 1, 2, 3, 2]|[0, 2, 1, 1, 3, 3, 0, 1, 0, 0, 0, 0, 1, 0, 1, 0, 0, 3, 1, 0, 0, 0, 3, 1, 0, 2, 0, 0, 0, 1, 0, 0, 0, 0, 3, 0, 1, 0, 0, 2, 1, 1, 2, 0, 0, 0, 0, 1, 1, 0, 0, 0, 1, 3, 0, 0, 1, 0, 0, 1, 0, 2, 0, 1, 0, 2, 1, 0, 0, 1, 1, 3, 0, 1, 3, 3, 1, 0, 0, 2, 0, 0, 0, 1, 1, 0, 0, 0, 0, 0, 1, 2, 0, 1, 1, 0, 0, 0, 0, 0],799.5813954755974,57744.14980292696,88450.87353856792,true
48,G4_BALANCED,G3_TWC,[31, 22, 42, 15, 26, 58, 95, 82, 77, 12, 47, 5, 93, 78, 98, 54, 85, 63, 18, 44, 20, 35, 43, 97, 91, 76, 10, 30, 21, 45, 71, 64, 1, 23, 17, 83, 24, 61, 60, 36, 6, 57, 94, 88, 65, 56, 79, 40, 67, 68, 46, 75, 38, 9, 19, 32, 81, 41, 27, 62, 87, 90, 99, 59, 11, 16, 72, 73, 70, 39, 37, 84, 3, 92, 25, 55, 28, 29, 51, 7, 33, 14, 86, 48, 89, 50, 66, 96, 53, 80, 4, 8, 34, 49, 52, 13, 0, 2, 69, 74]|[1, 1, 0, 1, 1, 1, 2, 1, 2, 1, 2, 2, 2, 1, 1, 0, 0, 1, 0, 2, 2, 0, 1, 2, 0, 1, 2, 2, 0, 0, 1, 2, 1, 2, 1, 0, 2, 0, 1, 1, 0, 1, 1, 1, 0, 2, 1, 1, 0, 0, 0, 0, 1, 1, 2, 1, 2, 2, 0, 0, 2, 1, 0, 1, 2, 1, 2, 1, 1, 1, 1, 1, 2, 1, 1, 1, 0, 0, 0, 1, 2, 1, 0, 0, 1, 0, 0, 2, 0, 0, 0, 1, 2, 0, 1, 0, 0, 0, 1, 2]|[4, 3, 2, 2, 0, 0, 2, 2, 2, 4, 1, 1, 2, 4, 4, 1, 1, 4, 2, 1, 1, 1, 1, 2, 1, 2, 1, 1, 1, 1, 3, 2, 3, 0, 4, 0, 1, 1, 0, 3, 2, 2, 4, 0, 1, 1, 0, 2, 0, 1, 2, 2, 1, 4, 0, 3, 2, 1, 1, 2, 1, 3, 1, 1, 1, 3, 0, 4, 3, 1, 4, 1, 1, 4, 4, 4, 2, 1, 1, 3, 1, 3, 1, 1, 1, 1, 1, 1, 2, 1, 2, 3, 1, 1, 1, 2, 2, 2, 3, 1]|[0, 2, 1, 1, 3, 3, 0, 1, 0, 0, 0, 0, 1, 0, 1, 0, 0, 3, 1, 0, 0, 0, 3, 1, 0, 2, 0, 0, 0, 1, 0, 0, 0, 0, 3, 0, 1, 0, 0, 2, 1, 1, 2, 0, 0, 0, 0, 1, 1, 0, 0, 0, 1, 3, 0, 0, 1, 0, 0, 1, 0, 2, 0, 1, 0, 2, 1, 0, 0, 1, 1, 3, 0, 0, 3, 3, 1, 0, 0, 2, 0, 0, 0, 0, 1, 0, 0, 0, 1, 0, 1, 2, 0, 1, 1, 0, 0, 0, 0, 0],736.2309893573844,57436.976823727186,90263.94588701171,true
48,G2_TEC,G2_TEC,[31, 22, 82, 15, 26, 9, 95, 42, 77, 68, 47, 5, 93, 78, 86, 54, 85, 63, 18, 44, 20, 49, 36, 14, 74, 50, 53, 17, 21, 28, 11, 64, 3, 23, 30, 83, 24, 41, 40, 52, 65, 27, 90, 70, 39, 58, 48, 69, 99, 4, 46, 1, 13, 87, 97, 59, 45, 8, 73, 37, 35, 79, 71, 66, 76, 32, 60, 80, 56, 6, 67, 61, 33, 7, 57, 34, 12, 16, 10, 98, 96, 88, 43, 81, 91, 2, 84, 29, 92, 19, 51, 89, 55, 25, 72, 75, 94, 38, 62, 0]|[2, 1, 2, 1, 1, 2, 1, 1, 1, 1, 1, 0, 2, 2, 1, 2, 0, 0, 0, 2, 2, 1, 0, 2, 0, 2, 2, 1, 0, 1, 1, 1, 0, 0, 1, 0, 2, 1, 2, 2, 0, 0, 1, 1, 0, 2, 0, 2, 1, 0, 0, 2, 0, 2, 2, 0, 1, 1, 0, 0, 2, 1, 1, 2, 2, 0, 2, 2, 2, 1, 2, 1, 1, 2, 0, 1, 1, 2, 1, 2, 0, 1, 1, 1, 1, 0, 0, 1, 0, 1, 1, 1, 0, 1, 1, 0, 2, 0, 1, 0]|[0, 3, 0, 3, 4, 1, 4, 4, 2, 4, 3, 2, 1, 0, 2, 1, 1, 1, 2, 1, 1, 3, 0, 1, 0, 1, 1, 4, 1, 4, 3, 2, 2, 0, 4, 1, 1, 4, 1, 1, 2, 1, 4, 4, 1, 1, 0, 1, 3, 2, 2, 1, 2, 1, 1, 2, 4, 3, 0, 2, 1, 3, 3, 1, 1, 2, 1, 1, 1, 4, 1, 3, 4, 1, 2, 4, 3, 1, 3, 1, 2, 4, 4, 4, 3, 2, 2, 3, 2, 4, 3, 4, 2, 4, 4, 2, 1, 2, 3, 2]|[0, 2, 0, 0, 3, 0, 1, 3, 0, 0, 2, 0, 0, 0, 1, 0, 0, 0, 1, 0, 0, 2, 0, 0, 1, 0, 0, 3, 0, 1, 0, 2, 0, 0, 3, 0, 1, 1, 0, 0, 0, 0, 1, 3, 0, 0, 1, 0, 2, 0, 0, 0, 0, 0, 1, 0, 1, 0, 1, 1, 0, 2, 0, 0, 0, 0, 0, 0, 0, 2, 0, 0, 1, 0, 0, 1, 0, 0, 3, 0, 0, 1, 2, 2, 0, 0, 0, 3, 0, 1, 0, 1, 0, 3, 1, 0, 0, 0, 0, 0],915.4865022436335,48708.26809038564,107918.70460880936,false
48,G3_TWC,G3_TWC,[31, 22, 42, 15, 26, 58, 95, 82, 77, 12, 47, 5, 93, 78, 98, 54, 85, 63, 18, 44, 20, 35, 43, 97, 91, 76, 10, 30, 21, 45, 71, 64, 1, 23, 17, 83, 24, 61, 60, 36, 6, 57, 94, 88, 65, 56, 79, 40, 67, 68, 46, 75, 38, 9, 19, 32, 81, 41, 27, 62, 87, 90, 99, 59, 11, 16, 72, 73, 70, 39, 37, 84, 3, 92, 25, 74, 28, 29, 51, 7, 53, 14, 86, 48, 89, 50, 66, 96, 33, 80, 4, 8, 34, 49, 52, 0, 13, 2, 69, 55]|[1, 1, 0, 1, 1, 1, 2, 1, 2, 1, 2, 2, 2, 1, 1, 0, 0, 1, 0, 2, 2, 0, 1, 2, 0, 1, 2, 2, 0, 0, 1, 2, 1, 2, 1, 0, 2, 0, 1, 1, 0, 1, 1, 1, 0, 2, 1, 1, 0, 0, 0, 0, 1, 1, 2, 1, 2, 0, 0, 0, 2, 1, 0, 1, 2, 1, 2, 1, 1, 1, 1, 1, 2, 0, 1, 2, 0, 0, 0, 1, 0, 1, 0, 0, 1, 0, 0, 0, 2, 0, 0, 1, 2, 0, 1, 0, 0, 0, 1, 1]|[4, 3, 2, 2, 0, 0, 2, 2, 2, 4, 1, 1, 2, 4, 4, 1, 1, 4, 2, 1, 1, 1, 1, 2, 1, 2, 1, 1, 1, 1, 3, 2, 3, 0, 4, 0, 1, 1, 0, 3, 2, 2, 4, 0, 1, 1, 0, 2, 0, 1, 2, 2, 1, 4, 0, 3, 2, 1, 1, 2, 1, 3, 1, 1, 1, 3, 0, 4, 3, 1, 4, 1, 1, 2, 4, 1, 2, 1, 1, 3, 2, 3, 1, 1, 1, 1, 1, 1, 1, 1, 2, 3, 1, 1, 1, 2, 2, 2, 3, 4]|[0, 2, 1, 1, 3, 3, 0, 1, 0, 0, 0, 0, 1, 0, 1, 0, 0, 3, 1, 0, 0, 0, 3, 1, 0, 2, 0, 0, 0, 1, 0, 0, 0, 0, 3, 0, 1, 0, 0, 2, 1, 1, 2, 0, 0, 0, 0, 1, 1, 0, 0, 0, 1, 3, 0, 0, 1, 0, 0, 1, 0, 2, 0, 1, 0, 2, 1, 0, 0, 1, 1, 3, 0, 1, 3, 0, 1, 0, 0, 2, 1, 0, 0, 0, 1, 0, 0, 0, 0, 0, 1, 2, 0, 1, 1, 0, 0, 0, 0, 3],804.6875225521468,57746.82533348298,88068.50778672317,false
48,G1_CMAX,G1_CMAX,[31, 22, 82, 15, 26, 99, 95, 42, 77, 12, 47, 5, 93, 78, 86, 54, 21, 63, 18, 44, 20, 35, 43, 97, 91, 76, 10, 30, 85, 45, 71, 64, 1, 23, 37, 83, 24, 14, 60, 36, 6, 57, 40, 88, 65, 56, 79, 94, 67, 68, 46, 75, 38, 9, 19, 32, 41, 81, 27, 87, 90, 58, 59, 11, 16, 72, 73, 70, 39, 17, 84, 69, 92, 25, 55, 48, 62, 29, 51, 96, 33, 61, 98, 28, 89, 50, 4, 7, 53, 52, 34, 66, 8, 49, 0, 74, 3, 80, 2, 13]|[2, 1, 0, 1, 1, 0, 1, 1, 2, 1, 2, 2, 2, 1, 1, 0, 0, 1, 0, 2, 2, 0, 1, 2, 0, 1, 2, 2, 0, 0, 1, 2, 1, 2, 1, 0, 2, 0, 1, 1, 0, 1, 1, 1, 0, 2, 1, 1, 0, 0, 0, 0, 1, 1, 2, 1, 0, 2, 0, 2, 1, 0, 1, 2, 1, 2, 1, 1, 1, 1, 1, 1, 0, 1, 2, 0, 0, 0, 0, 2, 2, 1, 2, 0, 1, 0, 1, 2, 0, 1, 2, 2, 1, 0, 0, 2, 1, 0, 0, 0]|[1, 3, 2, 2, 4, 1, 2, 3, 2, 4, 1, 1, 2, 4, 4, 1, 1, 4, 2, 1, 1, 1, 1, 2, 1, 2, 1, 1, 2, 1, 3, 2, 3, 1, 4, 0, 1, 1, 0, 3, 2, 2, 2, 0, 1, 1, 0, 4, 0, 1, 2, 2, 1, 4, 0, 3, 1, 1, 1, 1, 3, 1, 1, 1, 3, 0, 4, 3, 1, 4, 1, 4, 0, 4, 1, 1, 2, 1, 1, 1, 1, 3, 1, 2, 1, 1, 4, 1, 2, 1, 1, 1, 3, 1, 2, 1, 4, 1, 2, 2]|[0, 2, 1, 1, 3, 0, 1, 3, 0, 0, 0, 0, 1, 0, 1, 0, 0, 3, 1, 0, 0, 0, 3, 1, 0, 2, 0, 0, 0, 1, 0, 0, 0, 0, 3, 0, 1, 0, 0, 2, 1, 1, 1, 0, 0, 0, 0, 2, 1, 0, 0, 0, 1, 3, 0, 0, 0, 0, 0, 0, 2, 0, 1, 0, 2, 1, 0, 0, 1, 1, 3, 2, 1, 3, 0, 0, 1, 0, 0, 0, 0, 0, 0, 1, 1, 0, 0, 0, 1, 1, 0, 0, 2, 1, 0, 0, 2, 0, 0, 0],762.2810737692679,55791.6781131156,93646.30234486963,false
48,G4_BALANCED,G3_TWC,[31, 22, 42, 15, 26, 58, 95, 82, 77, 12, 47, 5, 93, 78, 98, 54, 85, 63, 18, 44, 20, 35, 43, 97, 91, 76, 10, 30, 21, 45, 71, 64, 1, 23, 17, 83, 24, 61, 60, 36, 6, 57, 94, 88, 65, 56, 79, 40, 67, 68, 46, 75, 38, 9, 19, 32, 81, 41, 27, 62, 87, 90, 99, 59, 11, 16, 72, 73, 70, 39, 37, 84, 3, 92, 25, 55, 28, 29, 51, 7, 33, 14, 86, 48, 89, 50, 66, 96, 53, 80, 4, 8, 34, 49, 52, 13, 0, 2, 69, 74]|[1, 1, 0, 1, 1, 1, 2, 1, 2, 1, 2, 2, 2, 1, 1, 0, 0, 1, 0, 2, 2, 0, 1, 2, 0, 1, 2, 2, 0, 0, 1, 2, 1, 2, 1, 0, 2, 0, 1, 1, 0, 1, 1, 1, 0, 2, 1, 1, 0, 0, 0, 0, 1, 1, 2, 1, 2, 2, 0, 0, 2, 1, 0, 1, 2, 1, 2, 1, 1, 1, 1, 1, 2, 1, 1, 1, 0, 0, 0, 1, 2, 1, 0, 0, 1, 0, 0, 2, 0, 0, 0, 1, 2, 0, 1, 0, 0, 0, 1, 2]|[4, 3, 2, 2, 0, 0, 2, 2, 2, 4, 1, 1, 2, 4, 4, 1, 1, 4, 2, 1, 1, 1, 1, 2, 1, 2, 1, 1, 1, 1, 3, 2, 3, 0, 4, 0, 1, 1, 0, 3, 2, 2, 4, 0, 1, 1, 0, 2, 0, 1, 2, 2, 1, 4, 0, 3, 2, 1, 1, 2, 1, 3, 1, 1, 1, 3, 0, 4, 3, 1, 4, 1, 1, 4, 4, 4, 2, 1, 1, 3, 1, 3, 1, 1, 1, 1, 1, 1, 2, 1, 2, 3, 1, 1, 1, 2, 2, 2, 3, 1]|[0, 2, 1, 1, 3, 3, 0, 1, 0, 0, 0, 0, 1, 0, 1, 0, 0, 3, 1, 0, 0, 0, 3, 1, 0, 2, 0, 0, 0, 1, 0, 0, 0, 0, 3, 0, 1, 0, 0, 2, 1, 1, 2, 0, 0, 0, 0, 1, 1, 0, 0, 0, 1, 3, 0, 0, 1, 0, 0, 1, 0, 2, 0, 1, 0, 2, 1, 0, 0, 1, 1, 3, 0, 0, 3, 3, 1, 0, 0, 2, 0, 0, 0, 0, 1, 0, 0, 0, 1, 0, 1, 2, 0, 1, 1, 0, 0, 0, 0, 0],736.2309893573844,57436.976823727186,90263.94588701171,true
48,G2_TEC,G2_TEC,[31, 22, 82, 15, 26, 9, 95, 42, 77, 68, 47, 5, 93, 78, 86, 54, 85, 63, 18, 44, 20, 49, 36, 14, 74, 50, 53, 17, 21, 28, 11, 64, 3, 23, 30, 83, 24, 41, 40, 52, 65, 27, 90, 70, 39, 58, 48, 69, 99, 4, 46, 1, 13, 87, 97, 59, 45, 8, 73, 37, 35, 79, 71, 66, 76, 32, 60, 80, 56, 6, 67, 61, 33, 7, 57, 34, 12, 16, 10, 98, 96, 88, 43, 81, 91, 2, 84, 29, 92, 19, 51, 89, 55, 25, 72, 75, 94, 38, 62, 0]|[2, 1, 2, 1, 1, 2, 1, 1, 1, 1, 1, 0, 2, 2, 1, 2, 0, 0, 0, 2, 2, 1, 0, 2, 0, 2, 2, 1, 0, 1, 1, 1, 0, 0, 1, 0, 2, 1, 2, 2, 0, 0, 1, 1, 0, 2, 0, 2, 1, 0, 0, 2, 0, 2, 2, 0, 1, 1, 0, 0, 2, 1, 1, 2, 2, 0, 2, 2, 2, 1, 2, 1, 1, 2, 0, 1, 1, 2, 1, 2, 0, 1, 1, 1, 1, 0, 0, 1, 0, 1, 1, 1, 0, 1, 1, 0, 2, 0, 1, 0]|[0, 3, 0, 3, 4, 1, 4, 4, 2, 4, 3, 2, 1, 0, 2, 1, 1, 1, 2, 1, 1, 3, 0, 1, 0, 1, 1, 4, 1, 4, 3, 2, 2, 0, 4, 1, 1, 4, 1, 1, 2, 1, 4, 4, 1, 1, 0, 1, 3, 2, 2, 1, 2, 1, 1, 2, 4, 3, 0, 2, 1, 3, 3, 1, 1, 2, 1, 1, 1, 4, 1, 3, 4, 1, 2, 4, 3, 1, 3, 1, 2, 4, 4, 4, 3, 2, 2, 3, 2, 4, 3, 4, 2, 4, 4, 2, 1, 2, 3, 2]|[0, 2, 0, 0, 3, 0, 1, 3, 0, 0, 2, 0, 0, 0, 1, 0, 0, 0, 1, 0, 0, 2, 0, 0, 1, 0, 0, 3, 0, 1, 0, 2, 0, 0, 3, 0, 1, 1, 0, 0, 0, 0, 1, 3, 0, 0, 1, 0, 2, 0, 0, 0, 0, 0, 1, 0, 1, 0, 1, 1, 0, 2, 0, 0, 0, 0, 0, 0, 0, 2, 0, 0, 1, 0, 0, 1, 0, 0, 3, 0, 0, 1, 2, 2, 0, 0, 0, 3, 0, 1, 0, 1, 0, 3, 1, 0, 0, 0, 0, 0],915.4865022436335,48708.26809038564,107918.70460880936,false
48,G3_TWC,G3_TWC,[31, 22, 42, 15, 26, 58, 95, 82, 77, 12, 47, 5, 93, 78, 98, 54, 85, 63, 18, 44, 20, 35, 43, 97, 91, 76, 10, 30, 21, 45, 71, 64, 1, 23, 17, 83, 24, 61, 60, 36, 6, 57, 94, 88, 65, 56, 79, 40, 67, 68, 46, 75, 38, 9, 19, 32, 81, 41, 27, 62, 87, 90, 99, 59, 11, 16, 72, 73, 70, 39, 37, 84, 3, 92, 25, 74, 28, 29, 51, 7, 53, 14, 86, 48, 89, 50, 66, 96, 33, 80, 4, 8, 34, 49, 52, 0, 13, 2, 69, 55]|[1, 1, 0, 1, 1, 1, 2, 1, 2, 1, 2, 2, 2, 1, 1, 0, 0, 1, 0, 2, 2, 0, 1, 2, 0, 1, 2, 2, 0, 0, 1, 2, 1, 2, 1, 0, 2, 0, 1, 1, 0, 1, 1, 1, 0, 2, 1, 1, 0, 0, 0, 0, 1, 1, 2, 1, 2, 0, 0, 0, 2, 1, 0, 1, 2, 1, 2, 1, 1, 1, 1, 1, 2, 0, 1, 2, 0, 0, 0, 1, 0, 1, 0, 0, 1, 0, 0, 0, 2, 0, 0, 1, 2, 0, 1, 0, 0, 0, 1, 1]|[4, 3, 2, 2, 0, 0, 2, 2, 2, 4, 1, 1, 2, 4, 4, 1, 1, 4, 2, 1, 1, 1, 1, 2, 1, 2, 1, 1, 1, 1, 3, 2, 3, 0, 4, 0, 1, 1, 0, 3, 2, 2, 4, 0, 1, 1, 0, 2, 0, 1, 2, 2, 1, 4, 0, 3, 2, 1, 1, 2, 1, 3, 1, 1, 1, 3, 0, 4, 3, 1, 4, 1, 1, 2, 4, 1, 2, 1, 1, 3, 2, 3, 1, 1, 1, 1, 1, 1, 1, 1, 2, 3, 1, 1, 1, 2, 2, 2, 3, 4]|[0, 2, 1, 1, 3, 3, 0, 1, 0, 0, 0, 0, 1, 0, 1, 0, 0, 3, 1, 0, 0, 0, 3, 1, 0, 2, 0, 0, 0, 1, 0, 0, 0, 0, 3, 0, 1, 0, 0, 2, 1, 1, 2, 0, 0, 0, 0, 1, 1, 0, 0, 0, 1, 3, 0, 0, 1, 0, 0, 1, 0, 2, 0, 1, 0, 2, 1, 0, 0, 1, 1, 3, 0, 1, 3, 0, 1, 0, 0, 2, 1, 0, 0, 0, 1, 0, 0, 0, 0, 0, 1, 2, 0, 1, 1, 0, 0, 0, 0, 3],804.6875225521468,57746.82533348298,88068.50778672317,false
48,G1_CMAX,G4_BALANCED,[31, 22, 82, 15, 26, 58, 95, 42, 77, 12, 47, 5, 93, 78, 86, 54, 85, 63, 18, 72, 20, 35, 43, 97, 91, 76, 10, 30, 21, 45, 71, 64, 1, 23, 17, 83, 24, 14, 60, 36, 6, 57, 40, 88, 65, 56, 79, 94, 67, 41, 68, 75, 38, 9, 19, 32, 81, 46, 27, 62, 87, 90, 99, 59, 11, 16, 44, 73, 70, 39, 37, 84, 3, 92, 25, 55, 28, 29, 51, 7, 66, 61, 98, 48, 89, 50, 4, 96, 53, 80, 8, 33, 34, 2, 52, 13, 0, 69, 74, 49]|[1, 1, 0, 1, 1, 0, 1, 1, 2, 1, 2, 2, 2, 1, 1, 0, 0, 1, 0, 2, 2, 0, 0, 2, 0, 1, 2, 2, 0, 0, 1, 2, 1, 2, 1, 0, 2, 0, 1, 1, 0, 1, 1, 1, 0, 2, 1, 1, 0, 0, 0, 0, 1, 1, 2, 1, 2, 0, 0, 2, 2, 1, 1, 2, 2, 1, 2, 1, 1, 1, 1, 1, 1, 0, 1, 2, 0, 0, 0, 1, 2, 1, 2, 0, 1, 0, 1, 2, 0, 0, 1, 2, 2, 0, 1, 0, 0, 1, 2, 0]|[4, 3, 2, 2, 4, 1, 2, 3, 2, 4, 1, 1, 2, 4, 4, 1, 2, 4, 2, 1, 1, 1, 1, 2, 1, 2, 1, 1, 2, 1, 3, 2, 3, 1, 4, 0, 1, 1, 0, 3, 2, 2, 2, 0, 1, 1, 0, 4, 0, 1, 2, 2, 1, 4, 0, 3, 2, 1, 1, 1, 1, 3, 1, 1, 1, 3, 1, 4, 3, 1, 4, 1, 1, 0, 4, 1, 2, 1, 1, 1, 1, 3, 1, 1, 1, 1, 4, 1, 2, 1, 3, 1, 1, 2, 1, 2, 2, 4, 1, 1]|[0, 2, 1, 1, 3, 0, 1, 3, 0, 0, 0, 0, 1, 0, 1, 0, 0, 3, 1, 0, 0, 0, 0, 1, 0, 2, 0, 0, 0, 1, 0, 0, 0, 0, 3, 0, 1, 0, 0, 2, 1, 1, 1, 0, 0, 0, 0, 2, 1, 0, 0, 0, 1, 3, 0, 0, 1, 0, 0, 0, 0, 2, 1, 0, 0, 2, 0, 0, 0, 1, 1, 3, 1, 1, 3, 0, 1, 0, 0, 2, 0, 0, 0, 0, 1, 0, 0, 0, 1, 0, 2, 0, 0, 0, 1, 0, 0, 2, 0, 1],768.4240206329376,55583.744981747914,94915.74988971672,true
48,G4_BALANCED,G3_TWC,[31, 22, 42, 15, 26, 58, 95, 82, 77, 12, 47, 5, 93, 78, 98, 54, 85, 63, 18, 44, 20, 35, 43, 97, 91, 76, 10, 30, 21, 45, 71, 64, 1, 23, 17, 83, 24, 61, 60, 36, 6, 57, 94, 88, 65, 56, 79, 40, 67, 68, 46, 75, 38, 9, 19, 32, 81, 41, 27, 62, 87, 90, 99, 59, 11, 16, 72, 73, 70, 39, 37, 84, 3, 92, 25, 55, 28, 29, 51, 7, 33, 14, 86, 48, 89, 50, 66, 96, 53, 80, 4, 8, 34, 49, 52, 13, 0, 2, 69, 74]|[1, 1, 0, 1, 1, 1, 2, 1, 2, 1, 2, 2, 2, 1, 1, 0, 0, 1, 0, 2, 2, 0, 1, 2, 0, 1, 2, 2, 0, 0, 1, 2, 1, 2, 1, 0, 2, 0, 1, 1, 0, 1, 1, 1, 0, 2, 1, 1, 0, 0, 0, 0, 1, 1, 2, 1, 2, 2, 0, 0, 2, 1, 0, 1, 2, 1, 2, 1, 1, 1, 1, 1, 2, 1, 1, 1, 0, 0, 0, 1, 2, 1, 0, 0, 1, 0, 0, 2, 0, 0, 0, 1, 2, 0, 1, 0, 0, 0, 1, 2]|[4, 3, 2, 2, 0, 0, 2, 2, 2, 4, 1, 1, 2, 4, 4, 1, 1, 4, 2, 1, 1, 1, 1, 2, 1, 2, 1, 1, 1, 1, 3, 2, 3, 0, 4, 0, 1, 1, 0, 3, 2, 2, 4, 0, 1, 1, 0, 2, 0, 1, 2, 2, 1, 4, 0, 3, 2, 1, 1, 2, 1, 3, 1, 1, 1, 3, 0, 4, 3, 1, 4, 1, 1, 4, 4, 4, 2, 1, 1, 3, 1, 3, 1, 1, 1, 1, 1, 1, 2, 1, 2, 3, 1, 1, 1, 2, 2, 2, 3, 1]|[0, 2, 1, 1, 3, 3, 0, 1, 0, 0, 0, 0, 1, 0, 1, 0, 0, 3, 1, 0, 0, 0, 3, 1, 0, 2, 0, 0, 0, 1, 0, 0, 0, 0, 3, 0, 1, 0, 0, 2, 1, 1, 2, 0, 0, 0, 0, 1, 1, 0, 0, 0, 1, 3, 0, 0, 1, 0, 0, 1, 0, 2, 0, 1, 0, 2, 1, 0, 0, 1, 1, 3, 0, 0, 3, 3, 1, 0, 0, 2, 0, 0, 0, 0, 1, 0, 0, 0, 1, 0, 1, 2, 0, 1, 1, 0, 0, 0, 0, 0],736.2309893573844,57436.976823727186,90263.94588701171,true
48,G2_TEC,G2_TEC,[31, 22, 82, 15, 26, 9, 95, 42, 77, 68, 47, 5, 93, 78, 86, 54, 85, 63, 18, 44, 20, 49, 36, 14, 74, 50, 53, 17, 21, 28, 11, 64, 3, 23, 30, 83, 24, 41, 40, 52, 65, 27, 90, 70, 39, 58, 48, 69, 99, 4, 46, 1, 13, 87, 97, 59, 45, 8, 73, 37, 35, 79, 71, 66, 76, 32, 60, 80, 56, 6, 67, 61, 33, 7, 57, 34, 12, 16, 10, 98, 96, 88, 43, 81, 91, 2, 84, 29, 92, 19, 51, 89, 55, 25, 72, 75, 94, 38, 62, 0]|[2, 1, 2, 1, 1, 2, 1, 1, 1, 1, 1, 0, 2, 2, 1, 2, 0, 0, 0, 2, 2, 1, 0, 2, 0, 2, 2, 1, 0, 1, 1, 1, 0, 0, 1, 0, 2, 1, 2, 2, 0, 0, 1, 1, 0, 2, 0, 2, 1, 0, 0, 2, 0, 2, 2, 0, 1, 1, 0, 0, 2, 1, 1, 2, 2, 0, 2, 2, 2, 1, 2, 1, 1, 2, 0, 1, 1, 2, 1, 2, 0, 1, 1, 1, 1, 0, 0, 1, 0, 1, 1, 1, 0, 1, 1, 0, 2, 0, 1, 0]|[0, 3, 0, 3, 4, 1, 4, 4, 2, 4, 3, 2, 1, 0, 2, 1, 1, 1, 2, 1, 1, 3, 0, 1, 0, 1, 1, 4, 1, 4, 3, 2, 2, 0, 4, 1, 1, 4, 1, 1, 2, 1, 4, 4, 1, 1, 0, 1, 3, 2, 2, 1, 2, 1, 1, 2, 4, 3, 0, 2, 1, 3, 3, 1, 1, 2, 1, 1, 1, 4, 1, 3, 4, 1, 2, 4, 3, 1, 3, 1, 2, 4, 4, 4, 3, 2, 2, 3, 2, 4, 3, 4, 2, 4, 4, 2, 1, 2, 3, 2]|[0, 2, 0, 0, 3, 0, 1, 3, 0, 0, 2, 0, 0, 0, 1, 0, 0, 0, 1, 0, 0, 2, 0, 0, 1, 0, 0, 3, 0, 1, 0, 2, 0, 0, 3, 0, 1, 1, 0, 0, 0, 0, 1, 3, 0, 0, 1, 0, 2, 0, 0, 0, 0, 0, 1, 0, 1, 0, 1, 1, 0, 2, 0, 0, 0, 0, 0, 0, 0, 2, 0, 0, 1, 0, 0, 1, 0, 0, 3, 0, 0, 1, 2, 2, 0, 0, 0, 3, 0, 1, 0, 1, 0, 3, 1, 0, 0, 0, 0, 0],915.4865022436335,48708.26809038564,107918.70460880936,false
48,G3_TWC,G3_TWC,[31, 22, 42, 15, 26, 58, 95, 82, 77, 12, 47, 5, 93, 78, 98, 54, 85, 63, 18, 44, 20, 35, 43, 97, 91, 76, 10, 30, 21, 45, 71, 64, 1, 23, 17, 83, 24, 61, 60, 36, 6, 57, 94, 88, 65, 56, 79, 40, 67, 68, 46, 75, 38, 9, 19, 32, 81, 41, 27, 62, 87, 90, 99, 59, 11, 16, 72, 73, 70, 39, 37, 84, 3, 92, 25, 74, 28, 29, 51, 7, 53, 14, 86, 48, 89, 50, 66, 96, 33, 80, 4, 8, 34, 49, 52, 0, 13, 2, 69, 55]|[1, 1, 0, 1, 1, 1, 2, 1, 2, 1, 2, 2, 2, 1, 1, 0, 0, 1, 0, 2, 2, 0, 1, 2, 0, 1, 2, 2, 0, 0, 1, 2, 1, 2, 1, 0, 2, 0, 1, 1, 0, 1, 1, 1, 0, 2, 1, 1, 0, 0, 0, 0, 1, 1, 2, 1, 2, 0, 0, 0, 2, 1, 0, 1, 2, 1, 2, 1, 1, 1, 1, 1, 2, 0, 1, 2, 0, 0, 0, 1, 0, 1, 0, 0, 1, 0, 0, 0, 2, 0, 0, 1, 2, 0, 1, 0, 0, 0, 1, 1]|[4, 3, 2, 2, 0, 0, 2, 2, 2, 4, 1, 1, 2, 4, 4, 1, 1, 4, 2, 1, 1, 1, 1, 2, 1, 2, 1, 1, 1, 1, 3, 2, 3, 0, 4, 0, 1, 1, 0, 3, 2, 2, 4, 0, 1, 1, 0, 2, 0, 1, 2, 2, 1, 4, 0, 3, 2, 1, 1, 2, 1, 3, 1, 1, 1, 3, 0, 4, 3, 1, 4, 1, 1, 2, 4, 1, 2, 1, 1, 3, 2, 3, 1, 1, 1, 1, 1, 1, 1, 1, 2, 3, 1, 1, 1, 2, 2, 2, 3, 4]|[0, 2, 1, 1, 3, 3, 0, 1, 0, 0, 0, 0, 1, 0, 1, 0, 0, 3, 1, 0, 0, 0, 3, 1, 0, 2, 0, 0, 0, 1, 0, 0, 0, 0, 3, 0, 1, 0, 0, 2, 1, 1, 2, 0, 0, 0, 0, 1, 1, 0, 0, 0, 1, 3, 0, 0, 1, 0, 0, 1, 0, 2, 0, 1, 0, 2, 1, 0, 0, 1, 1, 3, 0, 1, 3, 0, 1, 0, 0, 2, 1, 0, 0, 0, 1, 0, 0, 0, 0, 0, 1, 2, 0, 1, 1, 0, 0, 0, 0, 3],804.6875225521468,57746.82533348298,88068.50778672317,false
48,G1_CMAX,G1_CMAX,[31, 22, 82, 15, 26, 99, 95, 42, 77, 12, 47, 5, 93, 78, 86, 54, 21, 63, 18, 44, 20, 35, 43, 97, 91, 76, 10, 30, 85, 45, 71, 64, 1, 23, 37, 83, 24, 14, 60, 36, 6, 57, 40, 88, 65, 56, 79, 94, 67, 68, 46, 75, 38, 9, 19, 32, 41, 81, 27, 87, 90, 58, 59, 11, 16, 72, 73, 70, 39, 17, 84, 3, 92, 25, 55, 48, 62, 29, 51, 96, 33, 61, 98, 28, 89, 50, 4, 7, 53, 80, 34, 66, 8, 49, 0, 74, 69, 52, 2, 13]|[2, 1, 0, 1, 1, 0, 1, 1, 2, 1, 2, 2, 2, 1, 1, 0, 0, 1, 0, 2, 2, 0, 1, 2, 0, 1, 2, 2, 0, 0, 1, 2, 1, 2, 1, 0, 2, 0, 1, 1, 0, 1, 1, 1, 0, 2, 1, 1, 0, 0, 0, 0, 1, 1, 2, 1, 0, 2, 0, 2, 1, 0, 1, 2, 1, 2, 1, 1, 1, 1, 1, 1, 0, 1, 2, 0, 0, 0, 0, 2, 2, 1, 2, 0, 1, 0, 1, 2, 0, 0, 2, 2, 1, 0, 0, 2, 1, 1, 0, 0]|[1, 3, 2, 2, 4, 1, 2, 3, 2, 4, 1, 1, 2, 4, 4, 1, 1, 4, 2, 1, 1, 1, 1, 2, 1, 2, 1, 1, 2, 1, 3, 2, 3, 1, 4, 0, 1, 1, 0, 3, 2, 2, 2, 0, 1, 1, 0, 4, 0, 1, 2, 2, 1, 4, 0, 3, 1, 1, 1, 1, 3, 1, 1, 1, 3, 0, 4, 3, 1, 4, 1, 1, 0, 4, 1, 1, 2, 1, 1, 1, 1, 3, 1, 2, 1, 1, 4, 1, 2, 1, 1, 1, 3, 1, 2, 1, 4, 1, 2, 2]|[0, 2, 1, 1, 3, 0, 1, 3, 0, 0, 0, 0, 1, 0, 1, 0, 0, 3, 1, 0, 0, 0, 3, 1, 0, 2, 0, 0, 0, 1, 0, 0, 0, 0, 3, 0, 1, 0, 0, 2, 1, 1, 1, 0, 0, 0, 0, 2, 1, 0, 0, 0, 1, 3, 0, 0, 0, 0, 0, 0, 2, 0, 1, 0, 2, 1, 0, 0, 1, 1, 3, 1, 1, 3, 0, 0, 1, 0, 0, 0, 0, 0, 0, 1, 1, 0, 0, 0, 1, 0, 0, 0, 2, 1, 0, 0, 2, 1, 0, 0],740.2718239221269,55953.992678270595,92365.00024815337,false
48,G4_BALANCED,G3_TWC,[31, 22, 42, 15, 26, 58, 95, 82, 77, 12, 47, 5, 93, 78, 98, 54, 85, 63, 18, 44, 20, 35, 43, 97, 91, 76, 10, 30, 21, 45, 71, 64, 1, 23, 17, 83, 24, 61, 60, 36, 6, 57, 94, 88, 65, 56, 79, 40, 67, 68, 46, 75, 38, 9, 19, 32, 81, 41, 27, 62, 87, 90, 99, 59, 11, 16, 72, 73, 70, 39, 37, 84, 3, 92, 25, 55, 28, 29, 51, 7, 33, 14, 86, 48, 89, 50, 66, 96, 53, 80, 4, 8, 34, 49, 52, 13, 0, 2, 69, 74]|[1, 1, 0, 1, 1, 1, 2, 1, 2, 1, 2, 2, 2, 1, 1, 0, 0, 1, 0, 2, 2, 0, 1, 2, 0, 1, 2, 2, 0, 0, 1, 2, 1, 2, 1, 0, 2, 0, 1, 1, 0, 1, 1, 1, 0, 2, 1, 1, 0, 0, 0, 0, 1, 1, 2, 1, 2, 2, 0, 0, 2, 1, 0, 1, 2, 1, 2, 1, 1, 1, 1, 1, 2, 1, 1, 1, 0, 0, 0, 1, 2, 1, 0, 0, 1, 0, 0, 2, 0, 0, 0, 1, 2, 0, 1, 0, 0, 0, 1, 2]|[4, 3, 2, 2, 0, 0, 2, 2, 2, 4, 1, 1, 2, 4, 4, 1, 1, 4, 2, 1, 1, 1, 1, 2, 1, 2, 1, 1, 1, 1, 3, 2, 3, 0, 4, 0, 1, 1, 0, 3, 2, 2, 4, 0, 1, 1, 0, 2, 0, 1, 2, 2, 1, 4, 0, 3, 2, 1, 1, 2, 1, 3, 1, 1, 1, 3, 0, 4, 3, 1, 4, 1, 1, 4, 4, 4, 2, 1, 1, 3, 1, 3, 1, 1, 1, 1, 1, 1, 2, 1, 2, 3, 1, 1, 1, 2, 2, 2, 3, 1]|[0, 2, 1, 1, 3, 3, 0, 1, 0, 0, 0, 0, 1, 0, 1, 0, 0, 3, 1, 0, 0, 0, 3, 1, 0, 2, 0, 0, 0, 1, 0, 0, 0, 0, 3, 0, 1, 0, 0, 2, 1, 1, 2, 0, 0, 0, 0, 1, 1, 0, 0, 0, 1, 3, 0, 0, 1, 0, 0, 1, 0, 2, 0, 1, 0, 2, 1, 0, 0, 1, 1, 3, 0, 0, 3, 3, 1, 0, 0, 2, 0, 0, 0, 0, 1, 0, 0, 0, 1, 0, 1, 2, 0, 1, 1, 0, 0, 0, 0, 0],736.2309893573844,57436.976823727186,90263.94588701171,true
48,G2_TEC,G2_TEC,[31, 22, 82, 15, 26, 9, 95, 42, 77, 68, 47, 5, 93, 78, 86, 54, 85, 63, 18, 44, 20, 49, 36, 14, 74, 50, 53, 17, 21, 28, 11, 64, 3, 23, 30, 83, 24, 41, 40, 52, 65, 27, 90, 70, 39, 58, 48, 69, 99, 4, 46, 1, 13, 87, 97, 59, 45, 8, 73, 37, 35, 79, 71, 66, 76, 32, 60, 80, 56, 6, 67, 61, 33, 7, 57, 34, 12, 16, 10, 98, 96, 88, 43, 81, 91, 2, 84, 29, 92, 19, 51, 89, 55, 25, 72, 75, 94, 38, 62, 0]|[2, 1, 2, 1, 1, 2, 1, 1, 1, 1, 1, 0, 2, 2, 1, 2, 0, 0, 0, 2, 2, 1, 0, 2, 0, 2, 2, 1, 0, 1, 1, 1, 0, 0, 1, 0, 2, 1, 2, 2, 0, 0, 1, 1, 0, 2, 0, 2, 1, 0, 0, 2, 0, 2, 2, 0, 1, 1, 0, 0, 2, 1, 1, 2, 2, 0, 2, 2, 2, 1, 2, 1, 1, 2, 0, 1, 1, 2, 1, 2, 0, 1, 1, 1, 1, 0, 0, 1, 0, 1, 1, 1, 0, 1, 1, 0, 2, 0, 1, 0]|[0, 3, 0, 3, 4, 1, 4, 4, 2, 4, 3, 2, 1, 0, 2, 1, 1, 1, 2, 1, 1, 3, 0, 1, 0, 1, 1, 4, 1, 4, 3, 2, 2, 0, 4, 1, 1, 4, 1, 1, 2, 1, 4, 4, 1, 1, 0, 1, 3, 2, 2, 1, 2, 1, 1, 2, 4, 3, 0, 2, 1, 3, 3, 1, 1, 2, 1, 1, 1, 4, 1, 3, 4, 1, 2, 4, 3, 1, 3, 1, 2, 4, 4, 4, 3, 2, 2, 3, 2, 4, 3, 4, 2, 4, 4, 2, 1, 2, 3, 2]|[0, 2, 0, 0, 3, 0, 1, 3, 0, 0, 2, 0, 0, 0, 1, 0, 0, 0, 1, 0, 0, 2, 0, 0, 1, 0, 0, 3, 0, 1, 0, 2, 0, 0, 3, 0, 1, 1, 0, 0, 0, 0, 1, 3, 0, 0, 1, 0, 2, 0, 0, 0, 0, 0, 1, 0, 1, 0, 1, 1, 0, 2, 0, 0, 0, 0, 0, 0, 0, 2, 0, 0, 1, 0, 0, 1, 0, 0, 3, 0, 0, 1, 2, 2, 0, 0, 0, 3, 0, 1, 0, 1, 0, 3, 1, 0, 0, 0, 0, 0],915.4865022436335,48708.26809038564,107918.70460880936,false
48,G3_TWC,G3_TWC,[31, 22, 42, 15, 26, 58, 95, 82, 77, 12, 47, 5, 93, 78, 98, 54, 85, 63, 18, 44, 20, 35, 43, 97, 91, 76, 10, 30, 21, 45, 71, 64, 1, 23, 17, 83, 24, 61, 60, 36, 6, 57, 94, 88, 65, 56, 79, 40, 67, 68, 46, 75, 38, 9, 19, 32, 81, 41, 27, 62, 87, 90, 99, 59, 11, 16, 72, 73, 70, 39, 37, 84, 3, 92, 25, 74, 28, 29, 51, 7, 53, 14, 86, 48, 89, 50, 66, 96, 33, 80, 4, 8, 34, 49, 52, 0, 13, 2, 69, 55]|[1, 1, 0, 1, 1, 1, 2, 1, 2, 1, 2, 2, 2, 1, 1, 0, 0, 1, 0, 2, 2, 0, 1, 2, 0, 1, 2, 2, 0, 0, 1, 2, 1, 2, 1, 0, 2, 0, 1, 1, 0, 1, 1, 1, 0, 2, 1, 1, 0, 0, 0, 0, 1, 1, 2, 1, 2, 0, 0, 0, 2, 1, 0, 1, 2, 1, 2, 1, 1, 1, 1, 1, 2, 0, 1, 2, 0, 0, 0, 1, 0, 1, 0, 0, 1, 0, 0, 0, 2, 0, 0, 1, 2, 0, 1, 0, 0, 0, 1, 1]|[4, 3, 2, 2, 0, 0, 2, 2, 2, 4, 1, 1, 2, 4, 4, 1, 1, 4, 2, 1, 1, 1, 1, 2, 1, 2, 1, 1, 1, 1, 3, 2, 3, 0, 4, 0, 1, 1, 0, 3, 2, 2, 4, 0, 1, 1, 0, 2, 0, 1, 2, 2, 1, 4, 0, 3, 2, 1, 1, 2, 1, 3, 1, 1, 1, 3, 0, 4, 3, 1, 4, 1, 1, 2, 4, 1, 2, 1, 1, 3, 2, 3, 1, 1, 1, 1, 1, 1, 1, 1, 2, 3, 1, 1, 1, 2, 2, 2, 3, 4]|[0, 2, 1, 1, 3, 3, 0, 1, 0, 0, 0, 0, 1, 0, 1, 0, 0, 3, 1, 0, 0, 0, 3, 1, 0, 2, 0, 0, 0, 1, 0, 0, 0, 0, 3, 0, 1, 0, 0, 2, 1, 1, 2, 0, 0, 0, 0, 1, 1, 0, 0, 0, 1, 3, 0, 0, 1, 0, 0, 1, 0, 2, 0, 1, 0, 2, 1, 0, 0, 1, 1, 3, 0, 1, 3, 0, 1, 0, 0, 2, 1, 0, 0, 0, 1, 0, 0, 0, 0, 0, 1, 2, 0, 1, 1, 0, 0, 0, 0, 3],804.6875225521468,57746.82533348298,88068.50778672317,false
48,G1_CMAX,G1_CMAX,[31, 22, 82, 15, 26, 99, 95, 42, 77, 12, 47, 5, 93, 78, 86, 54, 21, 63, 18, 44, 20, 35, 43, 97, 91, 76, 10, 30, 85, 45, 71, 64, 1, 23, 37, 83, 24, 14, 60, 36, 6, 57, 40, 88, 65, 56, 79, 94, 67, 68, 46, 75, 38, 9, 19, 32, 41, 81, 27, 87, 90, 58, 59, 11, 16, 72, 73, 70, 39, 17, 84, 3, 92, 25, 55, 48, 28, 29, 51, 7, 33, 61, 98, 62, 89, 50, 4, 96, 53, 80, 8, 66, 34, 49, 52, 0, 13, 2, 69, 74]|[2, 1, 0, 1, 1, 0, 1, 1, 2, 1, 2, 2, 2, 1, 1, 0, 0, 1, 0, 2, 2, 0, 1, 2, 0, 1, 2, 2, 0, 0, 1, 2, 1, 2, 1, 0, 2, 0, 1, 1, 0, 1, 1, 1, 0, 2, 1, 1, 0, 0, 0, 0, 1, 1, 2, 1, 0, 2, 0, 2, 1, 0, 1, 2, 1, 2, 1, 1, 1, 1, 1, 1, 0, 1, 2, 0, 0, 0, 0, 2, 2, 1, 2, 0, 1, 0, 1, 2, 0, 0, 1, 2, 2, 0, 1, 0, 0, 0, 1, 2]|[1, 3, 2, 2, 4, 1, 2, 3, 2, 4, 1, 1, 2, 4, 4, 1, 1, 4, 2, 1, 1, 1, 1, 2, 1, 2, 1, 1, 2, 1, 3, 2, 3, 1, 4, 0, 1, 1, 0, 3, 2, 2, 2, 0, 1, 1, 0, 4, 0, 1, 2, 2, 1, 4, 0, 3, 1, 1, 1, 1, 3, 1, 1, 1, 3, 0, 4, 3, 1, 4, 1, 1, 2, 4, 1, 1, 2, 1, 1, 1, 1, 3, 1, 2, 1, 1, 4, 1, 2, 1, 3, 1, 1, 1, 1, 2, 2, 2, 4, 1]|[0, 2, 1, 1, 3, 0, 1, 3, 0, 0, 0, 0, 1, 0, 1, 0, 0, 3, 1, 0, 0, 0, 3, 1, 0, 2, 0, 0, 0, 1, 0, 0, 0, 0, 3, 0, 1, 0, 0, 2, 1, 1, 1, 0, 0, 0, 0, 2, 1, 0, 0, 0, 1, 3, 0, 0, 0, 0, 0, 0, 2, 0, 1, 0, 2, 1, 0, 0, 1, 1, 3, 1, 1, 3, 0, 0, 1, 0, 0, 0, 0, 0, 0, 1, 1, 0, 0, 0, 1, 0, 2, 0, 0, 1, 1, 0, 0, 0, 2, 0],741.8849986867369,55870.42159412257,92036.86219917734,false
48,G4_BALANCED,G3_TWC,[31, 22, 42, 15, 26, 58, 95, 82, 77, 12, 47, 5, 93, 78, 98, 54, 85, 63, 18, 44, 20, 35, 43, 97, 91, 76, 10, 30, 21, 45, 71, 64, 1, 23, 17, 83, 24, 61, 60, 36, 6, 57, 94, 88, 65, 56, 79, 40, 67, 68, 46, 75, 38, 9, 19, 32, 81, 41, 27, 62, 87, 90, 99, 59, 11, 16, 72, 73, 70, 39, 37, 84, 3, 92, 25, 55, 28, 29, 51, 7, 33, 14, 86, 48, 89, 50, 66, 96, 53, 80, 4, 8, 34, 49, 52, 13, 0, 2, 69, 74]|[1, 1, 0, 1, 1, 1, 2, 1, 2, 1, 2, 2, 2, 1, 1, 0, 0, 1, 0, 2, 2, 0, 1, 2, 0, 1, 2, 2, 0, 0, 1, 2, 1, 2, 1, 0, 2, 0, 1, 1, 0, 1, 1, 1, 0, 2, 1, 1, 0, 0, 0, 0, 1, 1, 2, 1, 2, 2, 0, 0, 2, 1, 0, 1, 2, 1, 2, 1, 1, 1, 1, 1, 2, 1, 1, 1, 0, 0, 0, 1, 2, 1, 0, 0, 1, 0, 0, 2, 0, 0, 0, 1, 2, 0, 1, 0, 0, 0, 1, 2]|[4, 3, 2, 2, 0, 0, 2, 2, 2, 4, 1, 1, 2, 4, 4, 1, 1, 4, 2, 1, 1, 1, 1, 2, 1, 2, 1, 1, 1, 1, 3, 2, 3, 0, 4, 0, 1, 1, 0, 3, 2, 2, 4, 0, 1, 1, 0, 2, 0, 1, 2, 2, 1, 4, 0, 3, 2, 1, 1, 2, 1, 3, 1, 1, 1, 3, 0, 4, 3, 1, 4, 1, 1, 4, 4, 4, 2, 1, 1, 3, 1, 3, 1, 1, 1, 1, 1, 1, 2, 1, 2, 3, 1, 1, 1, 2, 2, 2, 3, 1]|[0, 2, 1, 1, 3, 3, 0, 1, 0, 0, 0, 0, 1, 0, 1, 0, 0, 3, 1, 0, 0, 0, 3, 1, 0, 2, 0, 0, 0, 1, 0, 0, 0, 0, 3, 0, 1, 0, 0, 2, 1, 1, 2, 0, 0, 0, 0, 1, 1, 0, 0, 0, 1, 3, 0, 0, 1, 0, 0, 1, 0, 2, 0, 1, 0, 2, 1, 0, 0, 1, 1, 3, 0, 0, 3, 3, 1, 0, 0, 2, 0, 0, 0, 0, 1, 0, 0, 0, 1, 0, 1, 2, 0, 1, 1, 0, 0, 0, 0, 0],736.2309893573844,57436.976823727186,90263.94588701171,true
48,G2_TEC,G2_TEC,[31, 22, 82, 15, 26, 9, 95, 42, 77, 68, 47, 5, 93, 78, 86, 54, 85, 63, 18, 44, 20, 49, 36, 14, 74, 50, 53, 17, 21, 28, 11, 64, 3, 23, 30, 83, 24, 41, 40, 52, 65, 27, 90, 70, 39, 58, 48, 69, 99, 4, 46, 1, 13, 87, 97, 59, 45, 8, 73, 37, 35, 79, 71, 66, 76, 32, 60, 80, 56, 6, 67, 61, 33, 7, 57, 34, 12, 16, 10, 98, 96, 88, 43, 81, 91, 2, 84, 29, 92, 19, 51, 89, 55, 25, 72, 75, 94, 38, 62, 0]|[2, 1, 2, 1, 1, 2, 1, 1, 1, 1, 1, 0, 2, 2, 1, 2, 0, 0, 0, 2, 2, 1, 0, 2, 0, 2, 2, 1, 0, 1, 1, 1, 0, 0, 1, 0, 2, 1, 2, 2, 0, 0, 1, 1, 0, 2, 0, 2, 1, 0, 0, 2, 0, 2, 2, 0, 1, 1, 0, 0, 2, 1, 1, 2, 2, 0, 2, 2, 2, 1, 2, 1, 1, 2, 0, 1, 1, 2, 1, 2, 0, 1, 1, 1, 1, 0, 0, 1, 0, 1, 1, 1, 0, 1, 1, 0, 2, 0, 1, 0]|[0, 3, 0, 3, 4, 1, 4, 4, 2, 4, 3, 2, 1, 0, 2, 1, 1, 1, 2, 1, 1, 3, 0, 1, 0, 1, 1, 4, 1, 4, 3, 2, 2, 0, 4, 1, 1, 4, 1, 1, 2, 1, 4, 4, 1, 1, 0, 1, 3, 2, 2, 1, 2, 1, 1, 2, 4, 3, 0, 2, 1, 3, 3, 1, 1, 2, 1, 1, 1, 4, 1, 3, 4, 1, 2, 4, 3, 1, 3, 1, 2, 4, 4, 4, 3, 2, 2, 3, 2, 4, 3, 4, 2, 4, 4, 2, 1, 2, 3, 2]|[0, 2, 0, 0, 3, 0, 1, 3, 0, 0, 2, 0, 0, 0, 1, 0, 0, 0, 1, 0, 0, 2, 0, 0, 1, 0, 0, 3, 0, 1, 0, 2, 0, 0, 3, 0, 1, 1, 0, 0, 0, 0, 1, 3, 0, 0, 1, 0, 2, 0, 0, 0, 0, 0, 1, 0, 1, 0, 1, 1, 0, 2, 0, 0, 0, 0, 0, 0, 0, 2, 0, 0, 1, 0, 0, 1, 0, 0, 3, 0, 0, 1, 2, 2, 0, 0, 0, 3, 0, 1, 0, 1, 0, 3, 1, 0, 0, 0, 0, 0],915.4865022436335,48708.26809038564,107918.70460880936,false
48,G3_TWC,G3_TWC,[31, 22, 42, 15, 26, 58, 95, 82, 77, 12, 47, 5, 93, 78, 98, 54, 85, 63, 18, 44, 20, 35, 43, 97, 91, 76, 10, 30, 21, 45, 71, 64, 1, 23, 17, 83, 24, 61, 60, 36, 6, 57, 94, 88, 65, 56, 79, 40, 67, 68, 46, 75, 38, 9, 19, 32, 81, 41, 27, 62, 87, 90, 99, 59, 11, 16, 72, 73, 70, 39, 37, 84, 3, 92, 25, 74, 28, 29, 51, 7, 53, 14, 86, 48, 89, 50, 66, 96, 33, 80, 4, 8, 34, 49, 52, 0, 13, 2, 69, 55]|[1, 1, 0, 1, 1, 1, 2, 1, 2, 1, 2, 2, 2, 1, 1, 0, 0, 1, 0, 2, 2, 0, 1, 2, 0, 1, 2, 2, 0, 0, 1, 2, 1, 2, 1, 0, 2, 0, 1, 1, 0, 1, 1, 1, 0, 2, 1, 1, 0, 0, 0, 0, 1, 1, 2, 1, 2, 0, 0, 0, 2, 1, 0, 1, 2, 1, 2, 1, 1, 1, 1, 1, 2, 0, 1, 2, 0, 0, 0, 1, 0, 1, 0, 0, 1, 0, 0, 0, 2, 0, 0, 1, 2, 0, 1, 0, 0, 0, 1, 1]|[4, 3, 2, 2, 0, 0, 2, 2, 2, 4, 1, 1, 2, 4, 4, 1, 1, 4, 2, 1, 1, 1, 1, 2, 1, 2, 1, 1, 1, 1, 3, 2, 3, 0, 4, 0, 1, 1, 0, 3, 2, 2, 4, 0, 1, 1, 0, 2, 0, 1, 2, 2, 1, 4, 0, 3, 2, 1, 1, 2, 1, 3, 1, 1, 1, 3, 0, 4, 3, 1, 4, 1, 1, 2, 4, 1, 2, 1, 1, 3, 2, 3, 1, 1, 1, 1, 1, 1, 1, 1, 2, 3, 1, 1, 1, 2, 2, 2, 3, 4]|[0, 2, 1, 1, 3, 3, 0, 1, 0, 0, 0, 0, 1, 0, 1, 0, 0, 3, 1, 0, 0, 0, 3, 1, 0, 2, 0, 0, 0, 1, 0, 0, 0, 0, 3, 0, 1, 0, 0, 2, 1, 1, 2, 0, 0, 0, 0, 1, 1, 0, 0, 0, 1, 3, 0, 0, 1, 0, 0, 1, 0, 2, 0, 1, 0, 2, 1, 0, 0, 1, 1, 3, 0, 1, 3, 0, 1, 0, 0, 2, 1, 0, 0, 0, 1, 0, 0, 0, 0, 0, 1, 2, 0, 1, 1, 0, 0, 0, 0, 3],804.6875225521468,57746.82533348298,88068.50778672317,false
48,G1_CMAX,G3_TWC,[31, 22, 82, 15, 26, 58, 95, 42, 77, 12, 47, 5, 93, 78, 98, 54, 85, 63, 18, 44, 20, 35, 43, 97, 91, 76, 10, 30, 21, 45, 71, 64, 1, 23, 17, 83, 24, 14, 60, 36, 6, 57, 94, 88, 65, 56, 79, 40, 67, 68, 46, 75, 38, 9, 55, 32, 81, 41, 27, 62, 87, 90, 99, 59, 28, 16, 72, 73, 70, 39, 37, 84, 3, 92, 25, 19, 11, 29, 51, 7, 33, 61, 86, 66, 89, 50, 69, 96, 53, 80, 4, 8, 48, 49, 52, 2, 13, 0, 34, 74]|[1, 1, 0, 1, 1, 1, 2, 1, 2, 1, 2, 2, 2, 1, 1, 0, 0, 1, 0, 2, 2, 0, 1, 2, 0, 1, 2, 2, 0, 0, 1, 2, 1, 2, 1, 0, 2, 0, 1, 1, 0, 1, 1, 1, 0, 2, 1, 1, 0, 0, 0, 0, 1, 1, 2, 1, 2, 0, 0, 0, 2, 1, 0, 1, 0, 1, 2, 1, 1, 1, 1, 1, 2, 0, 1, 1, 2, 0, 0, 1, 2, 1, 0, 2, 1, 0, 1, 2, 0, 0, 0, 1, 0, 0, 1, 0, 0, 0, 2, 2]|[4, 3, 2, 2, 0, 0, 2, 2, 2, 4, 1, 1, 2, 4, 4, 1, 1, 4, 2, 1, 1, 1, 1, 2, 1, 2, 1, 1, 1, 1, 3, 2, 3, 1, 4, 0, 2, 1, 0, 3, 2, 2, 4, 0, 1, 1, 0, 2, 0, 1, 2, 2, 1, 4, 0, 3, 2, 1, 1, 2, 1, 3, 1, 1, 2, 3, 0, 4, 3, 1, 4, 1, 1, 2, 4, 4, 1, 1, 1, 3, 1, 3, 1, 1, 1, 1, 3, 1, 2, 1, 2, 3, 1, 1, 1, 2, 2, 2, 1, 1]|[0, 2, 1, 1, 3, 3, 0, 1, 0, 0, 0, 0, 1, 0, 1, 0, 0, 3, 1, 0, 0, 0, 3, 1, 0, 2, 0, 0, 0, 1, 0, 0, 0, 0, 3, 0, 1, 0, 0, 2, 1, 1, 2, 0, 0, 0, 0, 1, 1, 0, 0, 0, 1, 3, 0, 0, 1, 0, 0, 1, 0, 2, 0, 1, 1, 2, 1, 0, 0, 1, 1, 3, 0, 1, 3, 3, 0, 0, 0, 2, 0, 0, 0, 0, 1, 0, 0, 0, 1, 0, 1, 2, 0, 1, 1, 0, 0, 0, 0, 0],773.8652057064894,57595.629608963674,89824.21777920666,true
48,G4_BALANCED,G3_TWC,[31, 22, 42, 15, 26, 58, 95, 82, 77, 12, 47, 5, 93, 78, 98, 54, 85, 63, 18, 44, 20, 35, 43, 97, 91, 76, 10, 30, 21, 45, 71, 64, 1, 23, 17, 83, 24, 61, 60, 36, 6, 57, 94, 88, 65, 56, 79, 40, 67, 68, 46, 75, 38, 9, 19, 32, 81, 41, 27, 62, 87, 90, 99, 59, 11, 16, 72, 73, 70, 39, 37, 84, 3, 92, 25, 55, 28, 29, 51, 7, 33, 14, 86, 48, 89, 50, 66, 96, 53, 80, 4, 8, 34, 49, 52, 13, 0, 2, 69, 74]|[1, 1, 0, 1, 1, 1, 2, 1, 2, 1, 2, 2, 2, 1, 1, 0, 0, 1, 0, 2, 2, 0, 1, 2, 0, 1, 2, 2, 0, 0, 1, 2, 1, 2, 1, 0, 2, 0, 1, 1, 0, 1, 1, 1, 0, 2, 1, 1, 0, 0, 0, 0, 1, 1, 2, 1, 2, 2, 0, 0, 2, 1, 0, 1, 2, 1, 2, 1, 1, 1, 1, 1, 2, 1, 1, 1, 0, 0, 0, 1, 2, 1, 0, 0, 1, 0, 0, 2, 0, 0, 0, 1, 2, 0, 1, 0, 0, 0, 1, 2]|[4, 3, 2, 2, 0, 0, 2, 2, 2, 4, 1, 1, 2, 4, 4, 1, 1, 4, 2, 1, 1, 1, 1, 2, 1, 2, 1, 1, 1, 1, 3, 2, 3, 0, 4, 0, 1, 1, 0, 3, 2, 2, 4, 0, 1, 1, 0, 2, 0, 1, 2, 2, 1, 4, 0, 3, 2, 1, 1, 2, 1, 3, 1, 1, 1, 3, 0, 4, 3, 1, 4, 1, 1, 4, 4, 4, 2, 1, 1, 3, 1, 3, 1, 1, 1, 1, 1, 1, 2, 1, 2, 3, 1, 1, 1, 2, 2, 2, 3, 1]|[0, 2, 1, 1, 3, 3, 0, 1, 0, 0, 0, 0, 1, 0, 1, 0, 0, 3, 1, 0, 0, 0, 3, 1, 0, 2, 0, 0, 0, 1, 0, 0, 0, 0, 3, 0, 1, 0, 0, 2, 1, 1, 2, 0, 0, 0, 0, 1, 1, 0, 0, 0, 1, 3, 0, 0, 1, 0, 0, 1, 0, 2, 0, 1, 0, 2, 1, 0, 0, 1, 1, 3, 0, 0, 3, 3, 1, 0, 0, 2, 0, 0, 0, 0, 1, 0, 0, 0, 1, 0, 1, 2, 0, 1, 1, 0, 0, 0, 0, 0],736.2309893573844,57436.976823727186,90263.94588701171,true
48,G2_TEC,G2_TEC,[31, 22, 82, 15, 26, 9, 95, 42, 77, 68, 47, 5, 93, 78, 86, 54, 85, 63, 18, 44, 20, 49, 36, 14, 74, 50, 53, 17, 21, 28, 11, 64, 3, 23, 30, 83, 24, 41, 40, 52, 65, 27, 90, 70, 39, 58, 48, 69, 99, 4, 46, 1, 13, 87, 97, 59, 45, 8, 73, 37, 35, 79, 71, 66, 76, 32, 60, 80, 56, 6, 67, 61, 33, 7, 57, 34, 12, 16, 10, 98, 96, 88, 43, 81, 91, 2, 84, 29, 92, 19, 51, 89, 55, 25, 72, 75, 94, 38, 62, 0]|[2, 1, 2, 1, 1, 2, 1, 1, 1, 1, 1, 0, 2, 2, 1, 2, 0, 0, 0, 2, 2, 1, 0, 2, 0, 2, 2, 1, 0, 1, 1, 1, 0, 0, 1, 0, 2, 1, 2, 2, 0, 0, 1, 1, 0, 2, 0, 2, 1, 0, 0, 2, 0, 2, 2, 0, 1, 1, 0, 0, 2, 1, 1, 2, 2, 0, 2, 2, 2, 1, 2, 1, 1, 2, 0, 1, 1, 2, 1, 2, 0, 1, 1, 1, 1, 0, 0, 1, 0, 1, 1, 1, 0, 1, 1, 0, 2, 0, 1, 0]|[0, 3, 0, 3, 4, 1, 4, 4, 2, 4, 3, 2, 1, 0, 2, 1, 1, 1, 2, 1, 1, 3, 0, 1, 0, 1, 1, 4, 1, 4, 3, 2, 2, 0, 4, 1, 1, 4, 1, 1, 2, 1, 4, 4, 1, 1, 0, 1, 3, 2, 2, 1, 2, 1, 1, 2, 4, 3, 0, 2, 1, 3, 3, 1, 1, 2, 1, 1, 1, 4, 1, 3, 4, 1, 2, 4, 3, 1, 3, 1, 2, 4, 4, 4, 3, 2, 2, 3, 2, 4, 3, 4, 2, 4, 4, 2, 1, 2, 3, 2]|[0, 2, 0, 0, 3, 0, 1, 3, 0, 0, 2, 0, 0, 0, 1, 0, 0, 0, 1, 0, 0, 2, 0, 0, 1, 0, 0, 3, 0, 1, 0, 2, 0, 0, 3, 0, 1, 1, 0, 0, 0, 0, 1, 3, 0, 0, 1, 0, 2, 0, 0, 0, 0, 0, 1, 0, 1, 0, 1, 1, 0, 2, 0, 0, 0, 0, 0, 0, 0, 2, 0, 0, 1, 0, 0, 1, 0, 0, 3, 0, 0, 1, 2, 2, 0, 0, 0, 3, 0, 1, 0, 1, 0, 3, 1, 0, 0, 0, 0, 0],915.4865022436335,48708.26809038564,107918.70460880936,false
48,G3_TWC,G3_TWC,[31, 22, 42, 15, 26, 58, 95, 82, 77, 12, 47, 5, 93, 78, 98, 54, 85, 63, 18, 44, 20, 35, 43, 97, 91, 76, 10, 30, 21, 45, 71, 64, 1, 23, 17, 83, 24, 61, 60, 36, 6, 57, 94, 88, 65, 56, 79, 40, 67, 68, 46, 75, 38, 9, 19, 32, 81, 41, 27, 62, 87, 90, 99, 59, 11, 16, 72, 73, 70, 39, 37, 84, 3, 92, 25, 74, 28, 29, 51, 7, 53, 14, 86, 48, 89, 50, 66, 96, 33, 80, 4, 8, 34, 49, 52, 0, 13, 2, 69, 55]|[1, 1, 0, 1, 1, 1, 2, 1, 2, 1, 2, 2, 2, 1, 1, 0, 0, 1, 0, 2, 2, 0, 1, 2, 0, 1, 2, 2, 0, 0, 1, 2, 1, 2, 1, 0, 2, 0, 1, 1, 0, 1, 1, 1, 0, 2, 1, 1, 0, 0, 0, 0, 1, 1, 2, 1, 2, 0, 0, 0, 2, 1, 0, 1, 2, 1, 2, 1, 1, 1, 1, 1, 2, 0, 1, 2, 0, 0, 0, 1, 0, 1, 0, 0, 1, 0, 0, 0, 2, 0, 0, 1, 2, 0, 1, 0, 0, 0, 1, 1]|[4, 3, 2, 2, 0, 0, 2, 2, 2, 4, 1, 1, 2, 4, 4, 1, 1, 4, 2, 1, 1, 1, 1, 2, 1, 2, 1, 1, 1, 1, 3, 2, 3, 0, 4, 0, 1, 1, 0, 3, 2, 2, 4, 0, 1, 1, 0, 2, 0, 1, 2, 2, 1, 4, 0, 3, 2, 1, 1, 2, 1, 3, 1, 1, 1, 3, 0, 4, 3, 1, 4, 1, 1, 2, 4, 1, 2, 1, 1, 3, 2, 3, 1, 1, 1, 1, 1, 1, 1, 1, 2, 3, 1, 1, 1, 2, 2, 2, 3, 4]|[0, 2, 1, 1, 3, 3, 0, 1, 0, 0, 0, 0, 1, 0, 1, 0, 0, 3, 1, 0, 0, 0, 3, 1, 0, 2, 0, 0, 0, 1, 0, 0, 0, 0, 3, 0, 1, 0, 0, 2, 1, 1, 2, 0, 0, 0, 0, 1, 1, 0, 0, 0, 1, 3, 0, 0, 1, 0, 0, 1, 0, 2, 0, 1, 0, 2, 1, 0, 0, 1, 1, 3, 0, 1, 3, 0, 1, 0, 0, 2, 1, 0, 0, 0, 1, 0, 0, 0, 0, 0, 1, 2, 0, 1, 1, 0, 0, 0, 0, 3],804.6875225521468,57746.82533348298,88068.50778672317,false
48,G1_CMAX,G1_CMAX,[31, 22, 82, 15, 26, 99, 95, 42, 77, 12, 47, 5, 93, 78, 86, 54, 21, 63, 18, 44, 20, 35, 43, 97, 91, 76, 10, 30, 85, 45, 71, 64, 1, 23, 57, 83, 24, 14, 60, 36, 6, 17, 40, 88, 65, 56, 79, 94, 67, 68, 46, 75, 38, 9, 19, 32, 41, 81, 27, 87, 90, 58, 59, 11, 16, 72, 73, 70, 39, 37, 84, 3, 92, 62, 25, 55, 28, 29, 51, 7, 33, 61, 48, 66, 89, 50, 98, 96, 53, 80, 4, 8, 34, 49, 52, 0, 13, 2, 69, 74]|[1, 1, 0, 1, 1, 0, 1, 1, 2, 1, 2, 2, 2, 1, 1, 0, 0, 1, 0, 2, 2, 0, 1, 2, 0, 1, 2, 2, 0, 0, 1, 2, 1, 2, 1, 0, 2, 0, 1, 1, 0, 1, 1, 1, 0, 2, 1, 1, 0, 0, 0, 0, 1, 1, 2, 1, 0, 2, 0, 2, 1, 0, 1, 2, 1, 2, 1, 1, 1, 1, 1, 1, 0, 0, 1, 2, 0, 0, 0, 2, 2, 1, 0, 2, 1, 0, 2, 2, 0, 0, 1, 1, 2, 0, 1, 0, 0, 0, 1, 2]|[4, 3, 2, 2, 4, 1, 2, 3, 2, 4, 1, 1, 2, 4, 4, 1, 1, 4, 2, 1, 1, 1, 1, 2, 1, 2, 1, 1, 2, 1, 3, 2, 3, 1, 4, 0, 1, 1, 0, 3, 2, 2, 2, 0, 1, 1, 0, 4, 0, 1, 2, 2, 1, 4, 0, 3, 1, 1, 1, 1, 3, 1, 1, 1, 3, 0, 4, 3, 1, 4, 1, 1, 2, 2, 4, 1, 2, 1, 1, 1, 1, 3, 1, 1, 1, 1, 1, 1, 2, 1, 4, 3, 1, 1, 1, 2, 2, 2, 4, 1]|[0, 2, 1, 1, 3, 0, 1, 3, 0, 0, 0, 0, 1, 0, 1, 0, 0, 3, 1, 0, 0, 0, 3, 1, 0, 2, 0, 0, 0, 1, 0, 0, 0, 0, 3, 0, 1, 0, 0, 2, 1, 1, 1, 0, 0, 0, 0, 2, 1, 0, 0, 0, 1, 3, 0, 0, 0, 0, 0, 0, 2, 0, 1, 0, 2, 1, 0, 0, 1, 1, 3, 1, 1, 1, 3, 0, 1, 0, 0, 0, 0, 0, 0, 0, 1, 0, 0, 0, 1, 0, 0, 2, 0, 1, 1, 0, 0, 0, 2, 0],734.7453063916988,56263.92028463015,92350.96868886708,false
48,G4_BALANCED,G3_TWC,[31, 22, 42, 15, 26, 58, 95, 82, 77, 12, 47, 5, 93, 78, 98, 54, 85, 63, 18, 44, 20, 35, 43, 97, 91, 76, 10, 30, 21, 45, 71, 64, 1, 23, 17, 83, 24, 61, 60, 36, 6, 57, 94, 88, 65, 56, 79, 40, 67, 68, 46, 75, 38, 9, 19, 32, 81, 41, 27, 62, 87, 90, 99, 59, 11, 16, 72, 73, 70, 39, 37, 84, 3, 92, 25, 55, 28, 29, 51, 7, 33, 14, 86, 48, 89, 50, 66, 96, 53, 80, 4, 8, 34, 49, 52, 13, 0, 2, 69, 74]|[1, 1, 0, 1, 1, 1, 2, 1, 2, 1, 2, 2, 2, 1, 1, 0, 0, 1, 0, 2, 2, 0, 1, 2, 0, 1, 2, 2, 0, 0, 1, 2, 1, 2, 1, 0, 2, 0, 1, 1, 0, 1, 1, 1, 0, 2, 1, 1, 0, 0, 0, 0, 1, 1, 2, 1, 2, 2, 0, 0, 2, 1, 0, 1, 2, 1, 2, 1, 1, 1, 1, 1, 2, 1, 1, 1, 0, 0, 0, 1, 2, 1, 0, 0, 1, 0, 0, 2, 0, 0, 0, 1, 2, 0, 1, 0, 0, 0, 1, 2]|[4, 3, 2, 2, 0, 0, 2, 2, 2, 4, 1, 1, 2, 4, 4, 1, 1, 4, 2, 1, 1, 1, 1, 2, 1, 2, 1, 1, 1, 1, 3, 2, 3, 0, 4, 0, 1, 1, 0, 3, 2, 2, 4, 0, 1, 1, 0, 2, 0, 1, 2, 2, 1, 4, 0, 3, 2, 1, 1, 2, 1, 3, 1, 1, 1, 3, 0, 4, 3, 1, 4, 1, 1, 4, 4, 4, 2, 1, 1, 3, 1, 3, 1, 1, 1, 1, 1, 1, 2, 1, 2, 3, 1, 1, 1, 2, 2, 2, 3, 1]|[0, 2, 1, 1, 3, 3, 0, 1, 0, 0, 0, 0, 1, 0, 1, 0, 0, 3, 1, 0, 0, 0, 3, 1, 0, 2, 0, 0, 0, 1, 0, 0, 0, 0, 3, 0, 1, 0, 0, 2, 1, 1, 2, 0, 0, 0, 0, 1, 1, 0, 0, 0, 1, 3, 0, 0, 1, 0, 0, 1, 0, 2, 0, 1, 0, 2, 1, 0, 0, 1, 1, 3, 0, 0, 3, 3, 1, 0, 0, 2, 0, 0, 0, 0, 1, 0, 0, 0, 1, 0, 1, 2, 0, 1, 1, 0, 0, 0, 0, 0],736.2309893573844,57436.976823727186,90263.94588701171,true
48,G2_TEC,G2_TEC,[31, 22, 82, 15, 26, 9, 95, 42, 77, 68, 47, 5, 93, 78, 86, 54, 85, 63, 18, 44, 20, 49, 36, 14, 74, 50, 53, 17, 21, 28, 11, 64, 3, 23, 30, 83, 24, 41, 40, 52, 65, 27, 90, 70, 39, 58, 48, 69, 99, 4, 46, 1, 13, 87, 97, 59, 45, 8, 73, 37, 35, 79, 71, 66, 76, 32, 60, 80, 56, 6, 67, 61, 33, 7, 57, 34, 12, 16, 10, 98, 96, 88, 43, 81, 91, 2, 84, 29, 92, 19, 51, 89, 55, 25, 72, 75, 94, 38, 62, 0]|[2, 1, 2, 1, 1, 2, 1, 1, 1, 1, 1, 0, 2, 2, 1, 2, 0, 0, 0, 2, 2, 1, 0, 2, 0, 2, 2, 1, 0, 1, 1, 1, 0, 0, 1, 0, 2, 1, 2, 2, 0, 0, 1, 1, 0, 2, 0, 2, 1, 0, 0, 2, 0, 2, 2, 0, 1, 1, 0, 0, 2, 1, 1, 2, 2, 0, 2, 2, 2, 1, 2, 1, 1, 2, 0, 1, 1, 2, 1, 2, 0, 1, 1, 1, 1, 0, 0, 1, 0, 1, 1, 1, 0, 1, 1, 0, 2, 0, 1, 0]|[0, 3, 0, 3, 4, 1, 4, 4, 2, 4, 3, 2, 1, 0, 2, 1, 1, 1, 2, 1, 1, 3, 0, 1, 0, 1, 1, 4, 1, 4, 3, 2, 2, 0, 4, 1, 1, 4, 1, 1, 2, 1, 4, 4, 1, 1, 0, 1, 3, 2, 2, 1, 2, 1, 1, 2, 4, 3, 0, 2, 1, 3, 3, 1, 1, 2, 1, 1, 1, 4, 1, 3, 4, 1, 2, 4, 3, 1, 3, 1, 2, 4, 4, 4, 3, 2, 2, 3, 2, 4, 3, 4, 2, 4, 4, 2, 1, 2, 3, 2]|[0, 2, 0, 0, 3, 0, 1, 3, 0, 0, 2, 0, 0, 0, 1, 0, 0, 0, 1, 0, 0, 2, 0, 0, 1, 0, 0, 3, 0, 1, 0, 2, 0, 0, 3, 0, 1, 1, 0, 0, 0, 0, 1, 3, 0, 0, 1, 0, 2, 0, 0, 0, 0, 0, 1, 0, 1, 0, 1, 1, 0, 2, 0, 0, 0, 0, 0, 0, 0, 2, 0, 0, 1, 0, 0, 1, 0, 0, 3, 0, 0, 1, 2, 2, 0, 0, 0, 3, 0, 1, 0, 1, 0, 3, 1, 0, 0, 0, 0, 0],915.4865022436335,48708.26809038564,107918.70460880936,false
48,G3_TWC,G3_TWC,[31, 22, 42, 15, 26, 58, 95, 82, 77, 12, 47, 5, 93, 78, 98, 54, 85, 63, 18, 44, 20, 35, 43, 97, 91, 76, 10, 30, 21, 45, 71, 64, 1, 23, 17, 83, 24, 61, 60, 36, 6, 57, 94, 88, 65, 56, 79, 40, 67, 68, 46, 75, 38, 9, 19, 32, 81, 41, 27, 62, 87, 90, 99, 59, 11, 16, 72, 73, 70, 39, 37, 84, 3, 92, 25, 74, 28, 29, 51, 7, 53, 14, 86, 48, 89, 50, 66, 96, 33, 80, 4, 8, 34, 49, 52, 0, 13, 2, 69, 55]|[1, 1, 0, 1, 1, 1, 2, 1, 2, 1, 2, 2, 2, 1, 1, 0, 0, 1, 0, 2, 2, 0, 1, 2, 0, 1, 2, 2, 0, 0, 1, 2, 1, 2, 1, 0, 2, 0, 1, 1, 0, 1, 1, 1, 0, 2, 1, 1, 0, 0, 0, 0, 1, 1, 2, 1, 2, 0, 0, 0, 2, 1, 0, 1, 2, 1, 2, 1, 1, 1, 1, 1, 2, 0, 1, 2, 0, 0, 0, 1, 0, 1, 0, 0, 1, 0, 0, 0, 2, 0, 0, 1, 2, 0, 1, 0, 0, 0, 1, 1]|[4, 3, 2, 2, 0, 0, 2, 2, 2, 4, 1, 1, 2, 4, 4, 1, 1, 4, 2, 1, 1, 1, 1, 2, 1, 2, 1, 1, 1, 1, 3, 2, 3, 0, 4, 0, 1, 1, 0, 3, 2, 2, 4, 0, 1, 1, 0, 2, 0, 1, 2, 2, 1, 4, 0, 3, 2, 1, 1, 2, 1, 3, 1, 1, 1, 3, 0, 4, 3, 1, 4, 1, 1, 2, 4, 1, 2, 1, 1, 3, 2, 3, 1, 1, 1, 1, 1, 1, 1, 1, 2, 3, 1, 1, 1, 2, 2, 2, 3, 4]|[0, 2, 1, 1, 3, 3, 0, 1, 0, 0, 0, 0, 1, 0, 1, 0, 0, 3, 1, 0, 0, 0, 3, 1, 0, 2, 0, 0, 0, 1, 0, 0, 0, 0, 3, 0, 1, 0, 0, 2, 1, 1, 2, 0, 0, 0, 0, 1, 1, 0, 0, 0, 1, 3, 0, 0, 1, 0, 0, 1, 0, 2, 0, 1, 0, 2, 1, 0, 0, 1, 1, 3, 0, 1, 3, 0, 1, 0, 0, 2, 1, 0, 0, 0, 1, 0, 0, 0, 0, 0, 1, 2, 0, 1, 1, 0, 0, 0, 0, 3],804.6875225521468,57746.82533348298,88068.50778672317,false
48,G1_CMAX,G3_TWC,[31, 22, 42, 15, 26, 58, 95, 82, 77, 12, 47, 5, 93, 78, 98, 54, 85, 63, 18, 44, 20, 35, 43, 97, 91, 76, 10, 30, 21, 45, 71, 64, 1, 23, 17, 83, 24, 61, 60, 36, 6, 57, 94, 88, 65, 56, 79, 40, 67, 68, 46, 75, 38, 9, 19, 32, 81, 41, 27, 62, 87, 90, 99, 59, 11, 16, 72, 73, 70, 39, 37, 84, 3, 92, 25, 74, 28, 29, 51, 7, 53, 14, 86, 48, 89, 50, 66, 96, 33, 80, 4, 8, 34, 55, 52, 2, 13, 0, 49, 69]|[1, 1, 0, 1, 1, 1, 2, 1, 2, 1, 2, 2, 2, 1, 1, 0, 0, 1, 0, 2, 2, 0, 1, 2, 0, 1, 2, 2, 0, 0, 1, 2, 1, 2, 1, 0, 2, 0, 1, 1, 0, 1, 1, 1, 0, 2, 1, 1, 0, 0, 0, 0, 1, 1, 2, 1, 2, 0, 0, 0, 2, 1, 0, 1, 2, 1, 2, 1, 1, 1, 1, 1, 2, 0, 1, 2, 0, 0, 0, 1, 0, 1, 0, 0, 1, 0, 0, 0, 2, 0, 0, 1, 2, 1, 1, 0, 0, 0, 0, 1]|[4, 3, 2, 2, 0, 0, 2, 2, 2, 4, 1, 1, 2, 4, 4, 1, 1, 4, 2, 1, 1, 1, 1, 2, 1, 2, 1, 1, 1, 1, 3, 2, 3, 0, 4, 0, 1, 1, 0, 3, 2, 2, 4, 0, 1, 1, 0, 2, 0, 1, 2, 2, 1, 4, 0, 3, 2, 1, 1, 2, 1, 3, 1, 1, 1, 3, 0, 4, 3, 1, 4, 1, 1, 2, 4, 1, 2, 1, 1, 3, 2, 3, 1, 1, 1, 1, 1, 1, 1, 1, 2, 3, 1, 4, 1, 2, 2, 2, 1, 3]|[0, 2, 1, 1, 3, 3, 0, 1, 0, 0, 0, 0, 1, 0, 1, 0, 0, 3, 1, 0, 0, 0, 3, 1, 0, 2, 0, 0, 0, 1, 0, 0, 0, 0, 3, 0, 1, 0, 0, 2, 1, 1, 2, 0, 0, 0, 0, 1, 1, 0, 0, 0, 1, 3, 0, 0, 1, 0, 0, 1, 0, 2, 0, 1, 0, 2, 1, 0, 0, 1, 1, 3, 0, 1, 3, 0, 1, 0, 0, 2, 1, 0, 0, 0, 1, 0, 0, 0, 0, 0, 1, 2, 0, 3, 1, 0, 0, 0, 1, 0],809.5483043236701,57733.709081254536,88202.198265518,true
48,G4_BALANCED,G3_TWC,[31, 22, 42, 15, 26, 58, 95, 82, 77, 12, 47, 5, 93, 78, 98, 54, 85, 63, 18, 44, 20, 35, 43, 97, 91, 76, 10, 30, 21, 45, 71, 64, 1, 23, 17, 83, 24, 61, 60, 36, 6, 57, 94, 88, 65, 56, 79, 40, 67, 68, 46, 75, 38, 9, 19, 32, 81, 41, 27, 62, 87, 90, 99, 59, 11, 16, 72, 73, 70, 39, 37, 84, 3, 92, 25, 55, 28, 29, 51, 7, 33, 14, 86, 48, 89, 50, 66, 96, 53, 80, 4, 8, 34, 49, 52, 13, 0, 2, 69, 74]|[1, 1, 0, 1, 1, 1, 2, 1, 2, 1, 2, 2, 2, 1, 1, 0, 0, 1, 0, 2, 2, 0, 1, 2, 0, 1, 2, 2, 0, 0, 1, 2, 1, 2, 1, 0, 2, 0, 1, 1, 0, 1, 1, 1, 0, 2, 1, 1, 0, 0, 0, 0, 1, 1, 2, 1, 2, 2, 0, 0, 2, 1, 0, 1, 2, 1, 2, 1, 1, 1, 1, 1, 2, 1, 1, 1, 0, 0, 0, 1, 2, 1, 0, 0, 1, 0, 0, 2, 0, 0, 0, 1, 2, 0, 1, 0, 0, 0, 1, 2]|[4, 3, 2, 2, 0, 0, 2, 2, 2, 4, 1, 1, 2, 4, 4, 1, 1, 4, 2, 1, 1, 1, 1, 2, 1, 2, 1, 1, 1, 1, 3, 2, 3, 0, 4, 0, 1, 1, 0, 3, 2, 2, 4, 0, 1, 1, 0, 2, 0, 1, 2, 2, 1, 4, 0, 3, 2, 1, 1, 2, 1, 3, 1, 1, 1, 3, 0, 4, 3, 1, 4, 1, 1, 4, 4, 4, 2, 1, 1, 3, 1, 3, 1, 1, 1, 1, 1, 1, 2, 1, 2, 3, 1, 1, 1, 2, 2, 2, 3, 1]|[0, 2, 1, 1, 3, 3, 0, 1, 0, 0, 0, 0, 1, 0, 1, 0, 0, 3, 1, 0, 0, 0, 3, 1, 0, 2, 0, 0, 0, 1, 0, 0, 0, 0, 3, 0, 1, 0, 0, 2, 1, 1, 2, 0, 0, 0, 0, 1, 1, 0, 0, 0, 1, 3, 0, 0, 1, 0, 0, 1, 0, 2, 0, 1, 0, 2, 1, 0, 0, 1, 1, 3, 0, 0, 3, 3, 1, 0, 0, 2, 0, 0, 0, 0, 1, 0, 0, 0, 1, 0, 1, 2, 0, 1, 1, 0, 0, 0, 0, 0],736.2309893573844,57436.976823727186,90263.94588701171,true
48,G2_TEC,G2_TEC,[31, 22, 82, 15, 26, 9, 95, 42, 77, 68, 47, 5, 93, 78, 86, 54, 85, 63, 18, 44, 20, 49, 36, 14, 74, 50, 53, 17, 21, 28, 11, 64, 3, 23, 30, 83, 24, 41, 40, 52, 65, 27, 90, 70, 39, 58, 48, 69, 99, 4, 46, 1, 13, 87, 97, 59, 45, 8, 73, 37, 35, 79, 71, 66, 76, 32, 60, 80, 56, 6, 67, 61, 33, 7, 57, 34, 12, 16, 10, 98, 96, 88, 43, 81, 91, 2, 84, 29, 92, 19, 51, 89, 55, 25, 72, 75, 94, 38, 62, 0]|[2, 1, 2, 1, 1, 2, 1, 1, 1, 1, 1, 0, 2, 2, 1, 2, 0, 0, 0, 2, 2, 1, 0, 2, 0, 2, 2, 1, 0, 1, 1, 1, 0, 0, 1, 0, 2, 1, 2, 2, 0, 0, 1, 1, 0, 2, 0, 2, 1, 0, 0, 2, 0, 2, 2, 0, 1, 1, 0, 0, 2, 1, 1, 2, 2, 0, 2, 2, 2, 1, 2, 1, 1, 2, 0, 1, 1, 2, 1, 2, 0, 1, 1, 1, 1, 0, 0, 1, 0, 1, 1, 1, 0, 1, 1, 0, 2, 0, 1, 0]|[0, 3, 0, 3, 4, 1, 4, 4, 2, 4, 3, 2, 1, 0, 2, 1, 1, 1, 2, 1, 1, 3, 0, 1, 0, 1, 1, 4, 1, 4, 3, 2, 2, 0, 4, 1, 1, 4, 1, 1, 2, 1, 4, 4, 1, 1, 0, 1, 3, 2, 2, 1, 2, 1, 1, 2, 4, 3, 0, 2, 1, 3, 3, 1, 1, 2, 1, 1, 1, 4, 1, 3, 4, 1, 2, 4, 3, 1, 3, 1, 2, 4, 4, 4, 3, 2, 2, 3, 2, 4, 3, 4, 2, 4, 4, 2, 1, 2, 3, 2]|[0, 2, 0, 0, 3, 0, 1, 3, 0, 0, 2, 0, 0, 0, 1, 0, 0, 0, 1, 0, 0, 2, 0, 0, 1, 0, 0, 3, 0, 1, 0, 2, 0, 0, 3, 0, 1, 1, 0, 0, 0, 0, 1, 3, 0, 0, 1, 0, 2, 0, 0, 0, 0, 0, 1, 0, 1, 0, 1, 1, 0, 2, 0, 0, 0, 0, 0, 0, 0, 2, 0, 0, 1, 0, 0, 1, 0, 0, 3, 0, 0, 1, 2, 2, 0, 0, 0, 3, 0, 1, 0, 1, 0, 3, 1, 0, 0, 0, 0, 0],915.4865022436335,48708.26809038564,107918.70460880936,false
48,G3_TWC,G3_TWC,[31, 22, 42, 15, 26, 58, 95, 82, 77, 12, 47, 5, 93, 78, 98, 54, 85, 63, 18, 44, 20, 35, 43, 97, 91, 76, 10, 30, 21, 45, 71, 64, 1, 23, 17, 83, 24, 61, 60, 36, 6, 57, 94, 88, 65, 56, 79, 40, 67, 68, 46, 75, 38, 9, 19, 32, 81, 41, 27, 62, 87, 90, 99, 59, 11, 16, 72, 73, 70, 39, 37, 84, 3, 92, 25, 74, 28, 29, 51, 7, 53, 14, 86, 48, 89, 50, 66, 96, 33, 80, 4, 8, 34, 49, 52, 0, 13, 2, 69, 55]|[1, 1, 0, 1, 1, 1, 2, 1, 2, 1, 2, 2, 2, 1, 1, 0, 0, 1, 0, 2, 2, 0, 1, 2, 0, 1, 2, 2, 0, 0, 1, 2, 1, 2, 1, 0, 2, 0, 1, 1, 0, 1, 1, 1, 0, 2, 1, 1, 0, 0, 0, 0, 1, 1, 2, 1, 2, 0, 0, 0, 2, 1, 0, 1, 2, 1, 2, 1, 1, 1, 1, 1, 2, 0, 1, 2, 0, 0, 0, 1, 0, 1, 0, 0, 1, 0, 0, 0, 2, 0, 0, 1, 2, 0, 1, 0, 0, 0, 1, 1]|[4, 3, 2, 2, 0, 0, 2, 2, 2, 4, 1, 1, 2, 4, 4, 1, 1, 4, 2, 1, 1, 1, 1, 2, 1, 2, 1, 1, 1, 1, 3, 2, 3, 0, 4, 0, 1, 1, 0, 3, 2, 2, 4, 0, 1, 1, 0, 2, 0, 1, 2, 2, 1, 4, 0, 3, 2, 1, 1, 2, 1, 3, 1, 1, 1, 3, 0, 4, 3, 1, 4, 1, 1, 2, 4, 1, 2, 1, 1, 3, 2, 3, 1, 1, 1, 1, 1, 1, 1, 1, 2, 3, 1, 1, 1, 2, 2, 2, 3, 4]|[0, 2, 1, 1, 3, 3, 0, 1, 0, 0, 0, 0, 1, 0, 1, 0, 0, 3, 1, 0, 0, 0, 3, 1, 0, 2, 0, 0, 0, 1, 0, 0, 0, 0, 3, 0, 1, 0, 0, 2, 1, 1, 2, 0, 0, 0, 0, 1, 1, 0, 0, 0, 1, 3, 0, 0, 1, 0, 0, 1, 0, 2, 0, 1, 0, 2, 1, 0, 0, 1, 1, 3, 0, 1, 3, 0, 1, 0, 0, 2, 1, 0, 0, 0, 1, 0, 0, 0, 0, 0, 1, 2, 0, 1, 1, 0, 0, 0, 0, 3],804.6875225521468,57746.82533348298,88068.50778672317,false
48,G1_CMAX,G3_TWC,[31, 22, 82, 15, 26, 58, 95, 42, 77, 12, 47, 5, 93, 78, 98, 54, 85, 63, 18, 44, 20, 35, 43, 97, 91, 76, 10, 30, 21, 45, 71, 64, 1, 23, 17, 83, 24, 14, 60, 36, 6, 57, 94, 88, 65, 56, 79, 40, 67, 68, 46, 75, 38, 9, 55, 32, 81, 41, 27, 62, 87, 90, 99, 59, 28, 16, 72, 73, 70, 39, 37, 84, 3, 92, 25, 19, 11, 29, 51, 7, 33, 61, 86, 66, 89, 50, 69, 96, 53, 80, 4, 8, 48, 49, 52, 2, 13, 0, 34, 74]|[1, 1, 0, 1, 1, 1, 2, 1, 2, 1, 2, 2, 2, 1, 1, 0, 0, 1, 0, 2, 2, 0, 1, 2, 0, 1, 2, 2, 0, 0, 1, 2, 1, 2, 1, 0, 2, 0, 1, 1, 0, 1, 1, 1, 0, 2, 1, 1, 0, 0, 0, 0, 1, 1, 2, 1, 2, 0, 0, 0, 2, 1, 0, 1, 0, 1, 2, 1, 1, 1, 1, 1, 2, 0, 1, 1, 2, 0, 0, 1, 2, 1, 0, 2, 1, 0, 1, 2, 0, 0, 0, 1, 0, 0, 1, 0, 0, 0, 2, 2]|[4, 3, 2, 2, 0, 0, 2, 2, 2, 4, 1, 1, 2, 4, 4, 1, 1, 4, 2, 1, 1, 1, 1, 2, 1, 2, 1, 1, 1, 1, 3, 2, 3, 1, 4, 0, 2, 1, 0, 3, 2, 2, 4, 0, 1, 1, 0, 2, 0, 1, 2, 2, 1, 4, 0, 3, 2, 1, 1, 2, 1, 3, 1, 1, 2, 3, 0, 4, 3, 1, 4, 1, 1, 2, 4, 4, 1, 1, 1, 3, 1, 3, 1, 1, 1, 1, 3, 1, 2, 1, 2, 3, 1, 1, 1, 2, 2, 2, 1, 1]|[0, 2, 1, 1, 3, 3, 0, 1, 0, 0, 0, 0, 1, 0, 1, 0, 0, 3, 1, 0, 0, 0, 3, 1, 0, 2, 0, 0, 0, 1, 0, 0, 0, 0, 3, 0, 1, 0, 0, 2, 1, 1, 2, 0, 0, 0, 0, 1, 1, 0, 0, 0, 1, 3, 0, 0, 1, 0, 0, 1, 0, 2, 0, 1, 1, 2, 1, 0, 0, 1, 1, 3, 0, 1, 3, 3, 0, 0, 0, 2, 0, 0, 0, 0, 1, 0, 0, 0, 1, 0, 1, 2, 0, 1, 1, 0, 0, 0, 0, 0],773.8652057064894,57595.629608963674,89824.21777920666,true
48,G4_BALANCED,G3_TWC,[31, 22, 42, 15, 26, 58, 95, 82, 77, 12, 47, 5, 93, 78, 98, 54, 85, 63, 18, 44, 20, 35, 43, 97, 91, 76, 10, 30, 21, 45, 71, 64, 1, 23, 17, 83, 24, 61, 60, 36, 6, 57, 94, 88, 65, 56, 79, 40, 67, 68, 46, 75, 38, 9, 19, 32, 81, 41, 27, 62, 87, 90, 99, 59, 11, 16, 72, 73, 70, 39, 37, 84, 3, 92, 25, 55, 28, 29, 51, 7, 33, 14, 86, 48, 89, 50, 66, 96, 53, 80, 4, 8, 34, 49, 52, 13, 0, 2, 69, 74]|[1, 1, 0, 1, 1, 1, 2, 1, 2, 1, 2, 2, 2, 1, 1, 0, 0, 1, 0, 2, 2, 0, 1, 2, 0, 1, 2, 2, 0, 0, 1, 2, 1, 2, 1, 0, 2, 0, 1, 1, 0, 1, 1, 1, 0, 2, 1, 1, 0, 0, 0, 0, 1, 1, 2, 1, 2, 2, 0, 0, 2, 1, 0, 1, 2, 1, 2, 1, 1, 1, 1, 1, 2, 1, 1, 1, 0, 0, 0, 1, 2, 1, 0, 0, 1, 0, 0, 2, 0, 0, 0, 1, 2, 0, 1, 0, 0, 0, 1, 2]|[4, 3, 2, 2, 0, 0, 2, 2, 2, 4, 1, 1, 2, 4, 4, 1, 1, 4, 2, 1, 1, 1, 1, 2, 1, 2, 1, 1, 1, 1, 3, 2, 3, 0, 4, 0, 1, 1, 0, 3, 2, 2, 4, 0, 1, 1, 0, 2, 0, 1, 2, 2, 1, 4, 0, 3, 2, 1, 1, 2, 1, 3, 1, 1, 1, 3, 0, 4, 3, 1, 4, 1, 1, 4, 4, 4, 2, 1, 1, 3, 1, 3, 1, 1, 1, 1, 1, 1, 2, 1, 2, 3, 1, 1, 1, 2, 2, 2, 3, 1]|[0, 2, 1, 1, 3, 3, 0, 1, 0, 0, 0, 0, 1, 0, 1, 0, 0, 3, 1, 0, 0, 0, 3, 1, 0, 2, 0, 0, 0, 1, 0, 0, 0, 0, 3, 0, 1, 0, 0, 2, 1, 1, 2, 0, 0, 0, 0, 1, 1, 0, 0, 0, 1, 3, 0, 0, 1, 0, 0, 1, 0, 2, 0, 1, 0, 2, 1, 0, 0, 1, 1, 3, 0, 0, 3, 3, 1, 0, 0, 2, 0, 0, 0, 0, 1, 0, 0, 0, 1, 0, 1, 2, 0, 1, 1, 0, 0, 0, 0, 0],736.2309893573844,57436.976823727186,90263.94588701171,true
48,G2_TEC,G2_TEC,[31, 22, 82, 15, 26, 9, 95, 42, 77, 68, 47, 5, 93, 78, 86, 54, 85, 63, 18, 44, 20, 49, 36, 14, 74, 50, 53, 17, 21, 28, 11, 64, 3, 23, 30, 83, 24, 41, 40, 52, 65, 27, 90, 70, 39, 58, 48, 69, 99, 4, 46, 1, 13, 87, 97, 59, 45, 8, 73, 37, 35, 79, 71, 66, 76, 32, 60, 80, 56, 6, 67, 61, 33, 7, 57, 34, 12, 16, 10, 98, 96, 88, 43, 81, 91, 2, 84, 29, 92, 19, 51, 89, 55, 25, 72, 75, 94, 38, 62, 0]|[2, 1, 2, 1, 1, 2, 1, 1, 1, 1, 1, 0, 2, 2, 1, 2, 0, 0, 0, 2, 2, 1, 0, 2, 0, 2, 2, 1, 0, 1, 1, 1, 0, 0, 1, 0, 2, 1, 2, 2, 0, 0, 1, 1, 0, 2, 0, 2, 1, 0, 0, 2, 0, 2, 2, 0, 1, 1, 0, 0, 2, 1, 1, 2, 2, 0, 2, 2, 2, 1, 2, 1, 1, 2, 0, 1, 1, 2, 1, 2, 0, 1, 1, 1, 1, 0, 0, 1, 0, 1, 1, 1, 0, 1, 1, 0, 2, 0, 1, 0]|[0, 3, 0, 3, 4, 1, 4, 4, 2, 4, 3, 2, 1, 0, 2, 1, 1, 1, 2, 1, 1, 3, 0, 1, 0, 1, 1, 4, 1, 4, 3, 2, 2, 0, 4, 1, 1, 4, 1, 1, 2, 1, 4, 4, 1, 1, 0, 1, 3, 2, 2, 1, 2, 1, 1, 2, 4, 3, 0, 2, 1, 3, 3, 1, 1, 2, 1, 1, 1, 4, 1, 3, 4, 1, 2, 4, 3, 1, 3, 1, 2, 4, 4, 4, 3, 2, 2, 3, 2, 4, 3, 4, 2, 4, 4, 2, 1, 2, 3, 2]|[0, 2, 0, 0, 3, 0, 1, 3, 0, 0, 2, 0, 0, 0, 1, 0, 0, 0, 1, 0, 0, 2, 0, 0, 1, 0, 0, 3, 0, 1, 0, 2, 0, 0, 3, 0, 1, 1, 0, 0, 0, 0, 1, 3, 0, 0, 1, 0, 2, 0, 0, 0, 0, 0, 1, 0, 1, 0, 1, 1, 0, 2, 0, 0, 0, 0, 0, 0, 0, 2, 0, 0, 1, 0, 0, 1, 0, 0, 3, 0, 0, 1, 2, 2, 0, 0, 0, 3, 0, 1, 0, 1, 0, 3, 1, 0, 0, 0, 0, 0],915.4865022436335,48708.26809038564,107918.70460880936,false
48,G3_TWC,G3_TWC,[31, 22, 42, 15, 26, 58, 95, 82, 77, 12, 47, 5, 93, 78, 98, 54, 85, 63, 18, 44, 20, 35, 43, 97, 91, 76, 10, 30, 21, 45, 71, 64, 1, 23, 17, 83, 24, 61, 60, 36, 6, 57, 94, 88, 65, 56, 79, 40, 67, 68, 46, 75, 38, 9, 19, 32, 81, 41, 27, 62, 87, 90, 99, 59, 11, 16, 72, 73, 70, 39, 37, 84, 3, 92, 25, 74, 28, 29, 51, 7, 53, 14, 86, 48, 89, 50, 66, 96, 33, 80, 4, 8, 34, 49, 52, 0, 13, 2, 69, 55]|[1, 1, 0, 1, 1, 1, 2, 1, 2, 1, 2, 2, 2, 1, 1, 0, 0, 1, 0, 2, 2, 0, 1, 2, 0, 1, 2, 2, 0, 0, 1, 2, 1, 2, 1, 0, 2, 0, 1, 1, 0, 1, 1, 1, 0, 2, 1, 1, 0, 0, 0, 0, 1, 1, 2, 1, 2, 0, 0, 0, 2, 1, 0, 1, 2, 1, 2, 1, 1, 1, 1, 1, 2, 0, 1, 2, 0, 0, 0, 1, 0, 1, 0, 0, 1, 0, 0, 0, 2, 0, 0, 1, 2, 0, 1, 0, 0, 0, 1, 1]|[4, 3, 2, 2, 0, 0, 2, 2, 2, 4, 1, 1, 2, 4, 4, 1, 1, 4, 2, 1, 1, 1, 1, 2, 1, 2, 1, 1, 1, 1, 3, 2, 3, 0, 4, 0, 1, 1, 0, 3, 2, 2, 4, 0, 1, 1, 0, 2, 0, 1, 2, 2, 1, 4, 0, 3, 2, 1, 1, 2, 1, 3, 1, 1, 1, 3, 0, 4, 3, 1, 4, 1, 1, 2, 4, 1, 2, 1, 1, 3, 2, 3, 1, 1, 1, 1, 1, 1, 1, 1, 2, 3, 1, 1, 1, 2, 2, 2, 3, 4]|[0, 2, 1, 1, 3, 3, 0, 1, 0, 0, 0, 0, 1, 0, 1, 0, 0, 3, 1, 0, 0, 0, 3, 1, 0, 2, 0, 0, 0, 1, 0, 0, 0, 0, 3, 0, 1, 0, 0, 2, 1, 1, 2, 0, 0, 0, 0, 1, 1, 0, 0, 0, 1, 3, 0, 0, 1, 0, 0, 1, 0, 2, 0, 1, 0, 2, 1, 0, 0, 1, 1, 3, 0, 1, 3, 0, 1, 0, 0, 2, 1, 0, 0, 0, 1, 0, 0, 0, 0, 0, 1, 2, 0, 1, 1, 0, 0, 0, 0, 3],804.6875225521468,57746.82533348298,88068.50778672317,false
48,G1_CMAX,G3_TWC,[31, 22, 42, 15, 26, 58, 95, 82, 77, 12, 47, 5, 93, 78, 98, 54, 85, 63, 18, 44, 20, 35, 43, 97, 91, 76, 10, 30, 21, 45, 71, 64, 1, 23, 17, 83, 24, 61, 60, 36, 6, 57, 40, 88, 65, 56, 79, 94, 67, 68, 46, 75, 38, 9, 19, 32, 81, 41, 27, 62, 87, 90, 99, 59, 11, 16, 72, 73, 70, 39, 37, 84, 3, 92, 25, 55, 28, 29, 51, 7, 33, 14, 86, 48, 89, 50, 4, 96, 53, 80, 66, 8, 34, 49, 52, 0, 13, 2, 69, 74]|[1, 1, 0, 1, 1, 1, 2, 1, 2, 1, 2, 2, 2, 1, 1, 0, 0, 1, 0, 2, 2, 0, 1, 2, 0, 1, 2, 2, 0, 0, 1, 2, 1, 2, 1, 0, 2, 0, 1, 1, 0, 1, 1, 1, 0, 2, 1, 1, 0, 0, 0, 0, 1, 1, 2, 1, 2, 0, 0, 0, 2, 1, 0, 1, 2, 1, 2, 1, 1, 1, 1, 1, 2, 0, 1, 1, 0, 0, 0, 1, 2, 1, 0, 0, 1, 0, 0, 0, 0, 0, 0, 1, 2, 0, 1, 0, 0, 0, 1, 2]|[4, 3, 2, 2, 0, 0, 2, 2, 2, 4, 1, 1, 2, 4, 4, 1, 1, 4, 2, 1, 1, 1, 1, 2, 1, 2, 1, 1, 1, 1, 3, 2, 3, 1, 4, 0, 1, 1, 0, 3, 2, 2, 2, 0, 1, 1, 0, 4, 0, 1, 2, 2, 1, 4, 0, 3, 2, 1, 1, 2, 1, 3, 1, 1, 1, 3, 0, 4, 3, 1, 4, 1, 1, 2, 4, 4, 2, 1, 1, 3, 1, 3, 1, 1, 1, 1, 2, 1, 2, 1, 1, 3, 1, 2, 1, 2, 2, 2, 3, 1]|[0, 2, 1, 1, 3, 3, 0, 1, 0, 0, 0, 0, 1, 0, 1, 0, 0, 3, 1, 0, 0, 0, 3, 1, 0, 2, 0, 0, 0, 1, 0, 0, 0, 0, 3, 0, 1, 0, 0, 2, 1, 1, 1, 0, 0, 0, 0, 2, 1, 0, 0, 0, 1, 3, 0, 0, 1, 0, 0, 1, 0, 2, 0, 1, 0, 2, 1, 0, 0, 1, 1, 3, 0, 1, 3, 3, 1, 0, 0, 2, 0, 0, 0, 0, 1, 0, 1, 0, 1, 0, 0, 2, 0, 1, 1, 0, 0, 0, 0, 0],839.3651923470007,57169.55283175843,88844.94793354647,true
48,G4_BALANCED,G3_TWC,[31, 22, 42, 15, 26, 58, 95, 82, 77, 12, 47, 5, 93, 78, 98, 54, 85, 63, 18, 44, 20, 35, 43, 97, 91, 76, 10, 30, 21, 45, 71, 64, 1, 23, 17, 83, 24, 61, 60, 36, 6, 57, 94, 88, 65, 56, 79, 40, 67, 68, 46, 75, 38, 9, 19, 32, 81, 41, 27, 62, 87, 90, 99, 59, 11, 16, 72, 73, 70, 39, 37, 84, 3, 92, 25, 55, 28, 29, 51, 7, 33, 14, 86, 48, 89, 50, 66, 96, 53, 80, 4, 8, 34, 49, 52, 13, 0, 2, 69, 74]|[1, 1, 0, 1, 1, 1, 2, 1, 2, 1, 2, 2, 2, 1, 1, 0, 0, 1, 0, 2, 2, 0, 1, 2, 0, 1, 2, 2, 0, 0, 1, 2, 1, 2, 1, 0, 2, 0, 1, 1, 0, 1, 1, 1, 0, 2, 1, 1, 0, 0, 0, 0, 1, 1, 2, 1, 2, 2, 0, 0, 2, 1, 0, 1, 2, 1, 2, 1, 1, 1, 1, 1, 2, 1, 1, 1, 0, 0, 0, 1, 2, 1, 0, 0, 1, 0, 0, 2, 0, 0, 0, 1, 2, 0, 1, 0, 0, 0, 1, 2]|[4, 3, 2, 2, 0, 0, 2, 2, 2, 4, 1, 1, 2, 4, 4, 1, 1, 4, 2, 1, 1, 1, 1, 2, 1, 2, 1, 1, 1, 1, 3, 2, 3, 0, 4, 0, 1, 1, 0, 3, 2, 2, 4, 0, 1, 1, 0, 2, 0, 1, 2, 2, 1, 4, 0, 3, 2, 1, 1, 2, 1, 3, 1, 1, 1, 3, 0, 4, 3, 1, 4, 1, 1, 4, 4, 4, 2, 1, 1, 3, 1, 3, 1, 1, 1, 1, 1, 1, 2, 1, 2, 3, 1, 1, 1, 2, 2, 2, 3, 1]|[0, 2, 1, 1, 3, 3, 0, 1, 0, 0, 0, 0, 1, 0, 1, 0, 0, 3, 1, 0, 0, 0, 3, 1, 0, 2, 0, 0, 0, 1, 0, 0, 0, 0, 3, 0, 1, 0, 0, 2, 1, 1, 2, 0, 0, 0, 0, 1, 1, 0, 0, 0, 1, 3, 0, 0, 1, 0, 0, 1, 0, 2, 0, 1, 0, 2, 1, 0, 0, 1, 1, 3, 0, 0, 3, 3, 1, 0, 0, 2, 0, 0, 0, 0, 1, 0, 0, 0, 1, 0, 1, 2, 0, 1, 1, 0, 0, 0, 0, 0],736.2309893573844,57436.976823727186,90263.94588701171,true
48,G2_TEC,G2_TEC,[31, 22, 82, 15, 26, 9, 95, 42, 77, 68, 47, 5, 93, 78, 86, 54, 85, 63, 18, 44, 20, 49, 36, 14, 74, 50, 53, 17, 21, 28, 11, 64, 3, 23, 30, 83, 24, 41, 40, 52, 65, 27, 90, 70, 39, 58, 48, 69, 99, 4, 46, 1, 13, 87, 97, 59, 45, 8, 73, 37, 35, 79, 71, 66, 76, 32, 60, 80, 56, 6, 67, 61, 33, 7, 57, 34, 12, 16, 10, 98, 96, 88, 43, 81, 91, 2, 84, 29, 92, 19, 51, 89, 55, 25, 72, 75, 94, 38, 62, 0]|[2, 1, 2, 1, 1, 2, 1, 1, 1, 1, 1, 0, 2, 2, 1, 2, 0, 0, 0, 2, 2, 1, 0, 2, 0, 2, 2, 1, 0, 1, 1, 1, 0, 0, 1, 0, 2, 1, 2, 2, 0, 0, 1, 1, 0, 2, 0, 2, 1, 0, 0, 2, 0, 2, 2, 0, 1, 1, 0, 0, 2, 1, 1, 2, 2, 0, 2, 2, 2, 1, 2, 1, 1, 2, 0, 1, 1, 2, 1, 2, 0, 1, 1, 1, 1, 0, 0, 1, 0, 1, 1, 1, 0, 1, 1, 0, 2, 0, 1, 0]|[0, 3, 0, 3, 4, 1, 4, 4, 2, 4, 3, 2, 1, 0, 2, 1, 1, 1, 2, 1, 1, 3, 0, 1, 0, 1, 1, 4, 1, 4, 3, 2, 2, 0, 4, 1, 1, 4, 1, 1, 2, 1, 4, 4, 1, 1, 0, 1, 3, 2, 2, 1, 2, 1, 1, 2, 4, 3, 0, 2, 1, 3, 3, 1, 1, 2, 1, 1, 1, 4, 1, 3, 4, 1, 2, 4, 3, 1, 3, 1, 2, 4, 4, 4, 3, 2, 2, 3, 2, 4, 3, 4, 2, 4, 4, 2, 1, 2, 3, 2]|[0, 2, 0, 0, 3, 0, 1, 3, 0, 0, 2, 0, 0, 0, 1, 0, 0, 0, 1, 0, 0, 2, 0, 0, 1, 0, 0, 3, 0, 1, 0, 2, 0, 0, 3, 0, 1, 1, 0, 0, 0, 0, 1, 3, 0, 0, 1, 0, 2, 0, 0, 0, 0, 0, 1, 0, 1, 0, 1, 1, 0, 2, 0, 0, 0, 0, 0, 0, 0, 2, 0, 0, 1, 0, 0, 1, 0, 0, 3, 0, 0, 1, 2, 2, 0, 0, 0, 3, 0, 1, 0, 1, 0, 3, 1, 0, 0, 0, 0, 0],915.4865022436335,48708.26809038564,107918.70460880936,false
48,G3_TWC,G3_TWC,[31, 22, 42, 15, 26, 58, 95, 82, 77, 12, 47, 5, 93, 78, 98, 54, 85, 63, 18, 44, 20, 35, 43, 97, 91, 76, 10, 30, 21, 45, 71, 64, 1, 23, 17, 83, 24, 61, 60, 36, 6, 57, 94, 88, 65, 56, 79, 40, 67, 68, 46, 75, 38, 9, 19, 32, 81, 41, 27, 62, 87, 90, 99, 59, 11, 16, 72, 73, 70, 39, 37, 84, 3, 92, 25, 74, 28, 29, 51, 7, 53, 14, 86, 48, 89, 50, 66, 96, 33, 80, 4, 8, 34, 49, 52, 0, 13, 2, 69, 55]|[1, 1, 0, 1, 1, 1, 2, 1, 2, 1, 2, 2, 2, 1, 1, 0, 0, 1, 0, 2, 2, 0, 1, 2, 0, 1, 2, 2, 0, 0, 1, 2, 1, 2, 1, 0, 2, 0, 1, 1, 0, 1, 1, 1, 0, 2, 1, 1, 0, 0, 0, 0, 1, 1, 2, 1, 2, 0, 0, 0, 2, 1, 0, 1, 2, 1, 2, 1, 1, 1, 1, 1, 2, 0, 1, 2, 0, 0, 0, 1, 0, 1, 0, 0, 1, 0, 0, 0, 2, 0, 0, 1, 2, 0, 1, 0, 0, 0, 1, 1]|[4, 3, 2, 2, 0, 0, 2, 2, 2, 4, 1, 1, 2, 4, 4, 1, 1, 4, 2, 1, 1, 1, 1, 2, 1, 2, 1, 1, 1, 1, 3, 2, 3, 0, 4, 0, 1, 1, 0, 3, 2, 2, 4, 0, 1, 1, 0, 2, 0, 1, 2, 2, 1, 4, 0, 3, 2, 1, 1, 2, 1, 3, 1, 1, 1, 3, 0, 4, 3, 1, 4, 1, 1, 2, 4, 1, 2, 1, 1, 3, 2, 3, 1, 1, 1, 1, 1, 1, 1, 1, 2, 3, 1, 1, 1, 2, 2, 2, 3, 4]|[0, 2, 1, 1, 3, 3, 0, 1, 0, 0, 0, 0, 1, 0, 1, 0, 0, 3, 1, 0, 0, 0, 3, 1, 0, 2, 0, 0, 0, 1, 0, 0, 0, 0, 3, 0, 1, 0, 0, 2, 1, 1, 2, 0, 0, 0, 0, 1, 1, 0, 0, 0, 1, 3, 0, 0, 1, 0, 0, 1, 0, 2, 0, 1, 0, 2, 1, 0, 0, 1, 1, 3, 0, 1, 3, 0, 1, 0, 0, 2, 1, 0, 0, 0, 1, 0, 0, 0, 0, 0, 1, 2, 0, 1, 1, 0, 0, 0, 0, 3],804.6875225521468,57746.82533348298,88068.50778672317,false
48,G1_CMAX,G4_BALANCED,[31, 11, 82, 15, 26, 9, 95, 42, 77, 68, 47, 5, 93, 78, 86, 54, 85, 63, 76, 44, 20, 49, 36, 14, 74, 50, 53, 25, 21, 28, 71, 64, 3, 23, 30, 83, 24, 41, 60, 52, 65, 27, 90, 70, 39, 87, 48, 69, 99, 4, 46, 1, 13, 58, 97, 59, 33, 8, 73, 37, 35, 79, 22, 66, 18, 32, 40, 80, 96, 6, 16, 61, 45, 7, 57, 34, 12, 67, 10, 98, 56, 88, 29, 75, 91, 38, 19, 92, 43, 84, 2, 72, 81, 17, 51, 55, 0, 89, 94, 62]|[2, 1, 2, 1, 1, 2, 1, 1, 1, 1, 1, 0, 2, 2, 1, 2, 0, 0, 0, 2, 2, 1, 0, 2, 0, 2, 2, 1, 0, 1, 1, 1, 0, 0, 1, 0, 2, 1, 2, 2, 0, 0, 1, 1, 0, 2, 0, 2, 1, 0, 0, 2, 0, 0, 2, 0, 1, 1, 0, 0, 2, 1, 0, 2, 2, 0, 2, 2, 0, 1, 2, 1, 1, 2, 0, 1, 1, 1, 1, 2, 2, 1, 1, 0, 1, 0, 1, 0, 1, 0, 2, 1, 1, 1, 1, 0, 0, 1, 2, 1]|[0, 3, 0, 2, 4, 1, 4, 4, 2, 4, 3, 2, 1, 0, 2, 1, 1, 1, 2, 1, 1, 3, 0, 1, 0, 1, 1, 4, 1, 4, 3, 2, 2, 0, 4, 1, 1, 4, 0, 1, 2, 1, 4, 4, 1, 1, 0, 2, 3, 1, 2, 1, 2, 1, 1, 2, 4, 3, 0, 2, 2, 3, 1, 0, 1, 2, 0, 1, 2, 4, 1, 3, 4, 1, 2, 4, 3, 3, 3, 1, 1, 4, 3, 2, 3, 2, 4, 2, 4, 2, 1, 4, 1, 4, 3, 2, 2, 4, 1, 3]|[0, 2, 0, 1, 3, 0, 1, 3, 0, 0, 2, 0, 1, 0, 1, 0, 0, 0, 1, 0, 0, 2, 0, 0, 1, 0, 0, 3, 0, 1, 0, 2, 0, 1, 3, 0, 1, 3, 1, 0, 0, 0, 1, 3, 0, 0, 1, 0, 2, 0, 0, 0, 0, 0, 1, 0, 1, 0, 1, 1, 0, 2, 0, 0, 0, 0, 0, 0, 0, 2, 0, 0, 1, 0, 0, 1, 0, 0, 3, 0, 0, 1, 0, 0, 0, 0, 3, 0, 2, 0, 0, 2, 1, 3, 0, 0, 0, 1, 0, 0],848.1161249092097,51934.83458349109,107480.51805341724,true
48,G4_BALANCED,G3_TWC,[31, 22, 42, 15, 26, 58, 95, 82, 77, 12, 47, 5, 93, 78, 98, 54, 85, 63, 18, 44, 20, 35, 43, 97, 91, 76, 10, 30, 21, 45, 71, 64, 1, 23, 17, 83, 24, 61, 60, 36, 6, 57, 94, 88, 65, 56, 79, 40, 67, 68, 46, 75, 38, 9, 19, 32, 81, 41, 27, 62, 87, 90, 99, 59, 11, 16, 72, 73, 70, 39, 37, 84, 3, 92, 25, 55, 28, 29, 51, 7, 33, 14, 86, 48, 89, 50, 66, 96, 53, 80, 4, 8, 34, 49, 52, 13, 0, 2, 69, 74]|[1, 1, 0, 1, 1, 1, 2, 1, 2, 1, 2, 2, 2, 1, 1, 0, 0, 1, 0, 2, 2, 0, 1, 2, 0, 1, 2, 2, 0, 0, 1, 2, 1, 2, 1, 0, 2, 0, 1, 1, 0, 1, 1, 1, 0, 2, 1, 1, 0, 0, 0, 0, 1, 1, 2, 1, 2, 2, 0, 0, 2, 1, 0, 1, 2, 1, 2, 1, 1, 1, 1, 1, 2, 1, 1, 1, 0, 0, 0, 1, 2, 1, 0, 0, 1, 0, 0, 2, 0, 0, 0, 1, 2, 0, 1, 0, 0, 0, 1, 2]|[4, 3, 2, 2, 0, 0, 2, 2, 2, 4, 1, 1, 2, 4, 4, 1, 1, 4, 2, 1, 1, 1, 1, 2, 1, 2, 1, 1, 1, 1, 3, 2, 3, 0, 4, 0, 1, 1, 0, 3, 2, 2, 4, 0, 1, 1, 0, 2, 0, 1, 2, 2, 1, 4, 0, 3, 2, 1, 1, 2, 1, 3, 1, 1, 1, 3, 0, 4, 3, 1, 4, 1, 1, 4, 4, 4, 2, 1, 1, 3, 1, 3, 1, 1, 1, 1, 1, 1, 2, 1, 2, 3, 1, 1, 1, 2, 2, 2, 3, 1]|[0, 2, 1, 1, 3, 3, 0, 1, 0, 0, 0, 0, 1, 0, 1, 0, 0, 3, 1, 0, 0, 0, 3, 1, 0, 2, 0, 0, 0, 1, 0, 0, 0, 0, 3, 0, 1, 0, 0, 2, 1, 1, 2, 0, 0, 0, 0, 1, 1, 0, 0, 0, 1, 3, 0, 0, 1, 0, 0, 1, 0, 2, 0, 1, 0, 2, 1, 0, 0, 1, 1, 3, 0, 0, 3, 3, 1, 0, 0, 2, 0, 0, 0, 0, 1, 0, 0, 0, 1, 0, 1, 2, 0, 1, 1, 0, 0, 0, 0, 0],736.2309893573844,57436.976823727186,90263.94588701171,true
48,G2_TEC,G2_TEC,[31, 22, 82, 15, 26, 9, 95, 42, 77, 68, 47, 5, 93, 78, 86, 54, 85, 63, 18, 44, 20, 49, 36, 14, 74, 50, 53, 17, 21, 28, 11, 64, 3, 23, 30, 83, 24, 41, 40, 52, 65, 27, 90, 70, 39, 58, 48, 69, 99, 4, 46, 1, 13, 87, 97, 59, 45, 8, 73, 37, 35, 79, 71, 66, 76, 32, 60, 80, 56, 6, 67, 61, 33, 7, 57, 34, 12, 16, 10, 98, 96, 88, 43, 81, 91, 2, 84, 29, 92, 19, 51, 89, 55, 25, 72, 75, 94, 38, 62, 0]|[2, 1, 2, 1, 1, 2, 1, 1, 1, 1, 1, 0, 2, 2, 1, 2, 0, 0, 0, 2, 2, 1, 0, 2, 0, 2, 2, 1, 0, 1, 1, 1, 0, 0, 1, 0, 2, 1, 2, 2, 0, 0, 1, 1, 0, 2, 0, 2, 1, 0, 0, 2, 0, 2, 2, 0, 1, 1, 0, 0, 2, 1, 1, 2, 2, 0, 2, 2, 2, 1, 2, 1, 1, 2, 0, 1, 1, 2, 1, 2, 0, 1, 1, 1, 1, 0, 0, 1, 0, 1, 1, 1, 0, 1, 1, 0, 2, 0, 1, 0]|[0, 3, 0, 3, 4, 1, 4, 4, 2, 4, 3, 2, 1, 0, 2, 1, 1, 1, 2, 1, 1, 3, 0, 1, 0, 1, 1, 4, 1, 4, 3, 2, 2, 0, 4, 1, 1, 4, 1, 1, 2, 1, 4, 4, 1, 1, 0, 1, 3, 2, 2, 1, 2, 1, 1, 2, 4, 3, 0, 2, 1, 3, 3, 1, 1, 2, 1, 1, 1, 4, 1, 3, 4, 1, 2, 4, 3, 1, 3, 1, 2, 4, 4, 4, 3, 2, 2, 3, 2, 4, 3, 4, 2, 4, 4, 2, 1, 2, 3, 2]|[0, 2, 0, 0, 3, 0, 1, 3, 0, 0, 2, 0, 0, 0, 1, 0, 0, 0, 1, 0, 0, 2, 0, 0, 1, 0, 0, 3, 0, 1, 0, 2, 0, 0, 3, 0, 1, 1, 0, 0, 0, 0, 1, 3, 0, 0, 1, 0, 2, 0, 0, 0, 0, 0, 1, 0, 1, 0, 1, 1, 0, 2, 0, 0, 0, 0, 0, 0, 0, 2, 0, 0, 1, 0, 0, 1, 0, 0, 3, 0, 0, 1, 2, 2, 0, 0, 0, 3, 0, 1, 0, 1, 0, 3, 1, 0, 0, 0, 0, 0],915.4865022436335,48708.26809038564,107918.70460880936,false
48,G3_TWC,G3_TWC,[31, 22, 42, 15, 26, 58, 95, 82, 77, 12, 47, 5, 93, 78, 98, 54, 85, 63, 18, 44, 20, 35, 43, 97, 91, 76, 10, 30, 21, 45, 71, 64, 1, 23, 17, 83, 24, 61, 60, 36, 6, 57, 94, 88, 65, 56, 79, 40, 67, 68, 46, 75, 38, 9, 19, 32, 81, 41, 27, 62, 87, 90, 99, 59, 11, 16, 72, 73, 70, 39, 37, 84, 3, 92, 25, 74, 28, 29, 51, 7, 53, 14, 86, 48, 89, 50, 66, 96, 33, 80, 4, 8, 34, 49, 52, 0, 13, 2, 69, 55]|[1, 1, 0, 1, 1, 1, 2, 1, 2, 1, 2, 2, 2, 1, 1, 0, 0, 1, 0, 2, 2, 0, 1, 2, 0, 1, 2, 2, 0, 0, 1, 2, 1, 2, 1, 0, 2, 0, 1, 1, 0, 1, 1, 1, 0, 2, 1, 1, 0, 0, 0, 0, 1, 1, 2, 1, 2, 0, 0, 0, 2, 1, 0, 1, 2, 1, 2, 1, 1, 1, 1, 1, 2, 0, 1, 2, 0, 0, 0, 1, 0, 1, 0, 0, 1, 0, 0, 0, 2, 0, 0, 1, 2, 0, 1, 0, 0, 0, 1, 1]|[4, 3, 2, 2, 0, 0, 2, 2, 2, 4, 1, 1, 2, 4, 4, 1, 1, 4, 2, 1, 1, 1, 1, 2, 1, 2, 1, 1, 1, 1, 3, 2, 3, 0, 4, 0, 1, 1, 0, 3, 2, 2, 4, 0, 1, 1, 0, 2, 0, 1, 2, 2, 1, 4, 0, 3, 2, 1, 1, 2, 1, 3, 1, 1, 1, 3, 0, 4, 3, 1, 4, 1, 1, 2, 4, 1, 2, 1, 1, 3, 2, 3, 1, 1, 1, 1, 1, 1, 1, 1, 2, 3, 1, 1, 1, 2, 2, 2, 3, 4]|[0, 2, 1, 1, 3, 3, 0, 1, 0, 0, 0, 0, 1, 0, 1, 0, 0, 3, 1, 0, 0, 0, 3, 1, 0, 2, 0, 0, 0, 1, 0, 0, 0, 0, 3, 0, 1, 0, 0, 2, 1, 1, 2, 0, 0, 0, 0, 1, 1, 0, 0, 0, 1, 3, 0, 0, 1, 0, 0, 1, 0, 2, 0, 1, 0, 2, 1, 0, 0, 1, 1, 3, 0, 1, 3, 0, 1, 0, 0, 2, 1, 0, 0, 0, 1, 0, 0, 0, 0, 0, 1, 2, 0, 1, 1, 0, 0, 0, 0, 3],804.6875225521468,57746.82533348298,88068.50778672317,false
48,G1_CMAX,G1_CMAX,[31, 22, 90, 26, 58, 95, 42, 12, 93, 5, 78, 86, 98, 18, 20, 35, 3, 97, 91, 76, 10, 85, 54, 45, 63, 71, 66, 1, 23, 17, 24, 60, 36, 6, 57, 15, 65, 56, 47, 79, 94, 67, 50, 46, 14, 75, 38, 9, 30, 19, 32, 81, 27, 92, 83, 87, 40, 99, 59, 11, 53, 16, 72, 77, 73, 70, 39, 37, 84, 43, 62, 25, 55, 28, 29, 51, 68, 82, 74, 61, 88, 21, 80, 89, 7, 69, 96, 41, 48, 4, 8, 34, 49, 52, 0, 44, 13, 2, 64, 33]|[1, 1, 1, 1, 0, 2, 1, 1, 2, 2, 2, 1, 0, 1, 2, 2, 1, 2, 0, 1, 2, 2, 2, 0, 0, 1, 2, 1, 2, 1, 2, 1, 1, 0, 1, 1, 0, 2, 2, 1, 1, 0, 0, 0, 0, 1, 1, 1, 1, 2, 1, 2, 2, 0, 0, 2, 1, 0, 0, 2, 0, 1, 2, 2, 1, 1, 1, 1, 1, 1, 0, 1, 1, 0, 0, 0, 0, 0, 2, 1, 1, 0, 0, 1, 1, 1, 2, 2, 0, 1, 1, 2, 0, 1, 0, 0, 0, 0, 2, 2]|[0, 4, 3, 0, 1, 1, 2, 4, 1, 1, 2, 4, 1, 4, 1, 1, 1, 2, 2, 2, 2, 1, 1, 1, 2, 3, 2, 3, 0, 4, 1, 0, 3, 2, 2, 2, 1, 1, 1, 0, 2, 0, 1, 2, 1, 3, 1, 4, 2, 0, 3, 2, 1, 2, 1, 1, 4, 1, 1, 1, 2, 3, 0, 2, 4, 3, 1, 4, 1, 1, 1, 4, 4, 2, 1, 1, 1, 2, 1, 3, 0, 1, 1, 1, 1, 3, 1, 1, 1, 4, 3, 1, 1, 1, 2, 2, 2, 2, 1, 1]|[3, 0, 2, 3, 0, 0, 1, 0, 0, 0, 1, 0, 0, 3, 0, 0, 1, 1, 1, 2, 1, 0, 0, 0, 0, 0, 0, 0, 0, 3, 1, 0, 2, 1, 1, 1, 0, 0, 0, 0, 1, 1, 0, 0, 0, 0, 1, 3, 2, 0, 0, 1, 0, 1, 0, 0, 2, 0, 0, 0, 1, 2, 1, 1, 0, 0, 1, 1, 3, 3, 0, 3, 3, 1, 0, 0, 0, 1, 0, 0, 0, 0, 0, 1, 2, 2, 0, 0, 0, 0, 2, 0, 1, 1, 0, 0, 0, 0, 0, 0],705.0470749739228,58445.79123614564,95781.2895945797,false
48,G4_BALANCED,G3_TWC,[31, 22, 42, 15, 26, 58, 95, 82, 77, 12, 47, 5, 93, 78, 98, 54, 85, 63, 18, 44, 20, 35, 43, 97, 91, 76, 10, 30, 21, 45, 71, 64, 1, 23, 17, 83, 24, 61, 60, 36, 6, 57, 94, 88, 65, 56, 79, 40, 67, 68, 46, 75, 38, 9, 19, 32, 81, 41, 27, 62, 87, 90, 99, 59, 11, 16, 72, 73, 70, 39, 37, 84, 3, 92, 25, 55, 28, 29, 51, 7, 33, 14, 86, 48, 89, 50, 66, 96, 53, 80, 4, 8, 34, 49, 52, 13, 0, 2, 69, 74]|[1, 1, 0, 1, 1, 1, 2, 1, 2, 1, 2, 2, 2, 1, 1, 0, 0, 1, 0, 2, 2, 0, 1, 2, 0, 1, 2, 2, 0, 0, 1, 2, 1, 2, 1, 0, 2, 0, 1, 1, 0, 1, 1, 1, 0, 2, 1, 1, 0, 0, 0, 0, 1, 1, 2, 1, 2, 2, 0, 0, 2, 1, 0, 1, 2, 1, 2, 1, 1, 1, 1, 1, 2, 1, 1, 1, 0, 0, 0, 1, 2, 1, 0, 0, 1, 0, 0, 2, 0, 0, 0, 1, 2, 0, 1, 0, 0, 0, 1, 2]|[4, 3, 2, 2, 0, 0, 2, 2, 2, 4, 1, 1, 2, 4, 4, 1, 1, 4, 2, 1, 1, 1, 1, 2, 1, 2, 1, 1, 1, 1, 3, 2, 3, 0, 4, 0, 1, 1, 0, 3, 2, 2, 4, 0, 1, 1, 0, 2, 0, 1, 2, 2, 1, 4, 0, 3, 2, 1, 1, 2, 1, 3, 1, 1, 1, 3, 0, 4, 3, 1, 4, 1, 1, 4, 4, 4, 2, 1, 1, 3, 1, 3, 1, 1, 1, 1, 1, 1, 2, 1, 2, 3, 1, 1, 1, 2, 2, 2, 3, 1]|[0, 2, 1, 1, 3, 3, 0, 1, 0, 0, 0, 0, 1, 0, 1, 0, 0, 3, 1, 0, 0, 0, 3, 1, 0, 2, 0, 0, 0, 1, 0, 0, 0, 0, 3, 0, 1, 0, 0, 2, 1, 1, 2, 0, 0, 0, 0, 1, 1, 0, 0, 0, 1, 3, 0, 0, 1, 0, 0, 1, 0, 2, 0, 1, 0, 2, 1, 0, 0, 1, 1, 3, 0, 0, 3, 3, 1, 0, 0, 2, 0, 0, 0, 0, 1, 0, 0, 0, 1, 0, 1, 2, 0, 1, 1, 0, 0, 0, 0, 0],736.2309893573844,57436.976823727186,90263.94588701171,true
48,G2_TEC,G2_TEC,[31, 22, 82, 15, 26, 9, 95, 42, 77, 68, 47, 5, 93, 78, 86, 54, 85, 63, 18, 44, 20, 49, 36, 14, 74, 50, 53, 17, 21, 28, 11, 64, 3, 23, 30, 83, 24, 41, 40, 52, 65, 27, 90, 70, 39, 58, 48, 69, 99, 4, 46, 1, 13, 87, 97, 59, 45, 8, 73, 37, 35, 79, 71, 66, 76, 32, 60, 80, 56, 6, 67, 61, 33, 7, 57, 34, 12, 16, 10, 98, 96, 88, 43, 81, 91, 2, 84, 29, 92, 19, 51, 89, 55, 25, 72, 75, 94, 38, 62, 0]|[2, 1, 2, 1, 1, 2, 1, 1, 1, 1, 1, 0, 2, 2, 1, 2, 0, 0, 0, 2, 2, 1, 0, 2, 0, 2, 2, 1, 0, 1, 1, 1, 0, 0, 1, 0, 2, 1, 2, 2, 0, 0, 1, 1, 0, 2, 0, 2, 1, 0, 0, 2, 0, 2, 2, 0, 1, 1, 0, 0, 2, 1, 1, 2, 2, 0, 2, 2, 2, 1, 2, 1, 1, 2, 0, 1, 1, 2, 1, 2, 0, 1, 1, 1, 1, 0, 0, 1, 0, 1, 1, 1, 0, 1, 1, 0, 2, 0, 1, 0]|[0, 3, 0, 3, 4, 1, 4, 4, 2, 4, 3, 2, 1, 0, 2, 1, 1, 1, 2, 1, 1, 3, 0, 1, 0, 1, 1, 4, 1, 4, 3, 2, 2, 0, 4, 1, 1, 4, 1, 1, 2, 1, 4, 4, 1, 1, 0, 1, 3, 2, 2, 1, 2, 1, 1, 2, 4, 3, 0, 2, 1, 3, 3, 1, 1, 2, 1, 1, 1, 4, 1, 3, 4, 1, 2, 4, 3, 1, 3, 1, 2, 4, 4, 4, 3, 2, 2, 3, 2, 4, 3, 4, 2, 4, 4, 2, 1, 2, 3, 2]|[0, 2, 0, 0, 3, 0, 1, 3, 0, 0, 2, 0, 0, 0, 1, 0, 0, 0, 1, 0, 0, 2, 0, 0, 1, 0, 0, 3, 0, 1, 0, 2, 0, 0, 3, 0, 1, 1, 0, 0, 0, 0, 1, 3, 0, 0, 1, 0, 2, 0, 0, 0, 0, 0, 1, 0, 1, 0, 1, 1, 0, 2, 0, 0, 0, 0, 0, 0, 0, 2, 0, 0, 1, 0, 0, 1, 0, 0, 3, 0, 0, 1, 2, 2, 0, 0, 0, 3, 0, 1, 0, 1, 0, 3, 1, 0, 0, 0, 0, 0],915.4865022436335,48708.26809038564,107918.70460880936,false
48,G3_TWC,G3_TWC,[31, 22, 42, 15, 26, 58, 95, 82, 77, 12, 47, 5, 93, 78, 98, 54, 85, 63, 18, 44, 20, 35, 43, 97, 91, 76, 10, 30, 21, 45, 71, 64, 1, 23, 17, 83, 24, 61, 60, 36, 6, 57, 94, 88, 65, 56, 79, 40, 67, 68, 46, 75, 38, 9, 19, 32, 81, 41, 27, 62, 87, 90, 99, 59, 11, 16, 72, 73, 70, 39, 37, 84, 3, 92, 25, 74, 28, 29, 51, 7, 53, 14, 86, 48, 89, 50, 66, 96, 33, 80, 4, 8, 34, 49, 52, 0, 13, 2, 69, 55]|[1, 1, 0, 1, 1, 1, 2, 1, 2, 1, 2, 2, 2, 1, 1, 0, 0, 1, 0, 2, 2, 0, 1, 2, 0, 1, 2, 2, 0, 0, 1, 2, 1, 2, 1, 0, 2, 0, 1, 1, 0, 1, 1, 1, 0, 2, 1, 1, 0, 0, 0, 0, 1, 1, 2, 1, 2, 0, 0, 0, 2, 1, 0, 1, 2, 1, 2, 1, 1, 1, 1, 1, 2, 0, 1, 2, 0, 0, 0, 1, 0, 1, 0, 0, 1, 0, 0, 0, 2, 0, 0, 1, 2, 0, 1, 0, 0, 0, 1, 1]|[4, 3, 2, 2, 0, 0, 2, 2, 2, 4, 1, 1, 2, 4, 4, 1, 1, 4, 2, 1, 1, 1, 1, 2, 1, 2, 1, 1, 1, 1, 3, 2, 3, 0, 4, 0, 1, 1, 0, 3, 2, 2, 4, 0, 1, 1, 0, 2, 0, 1, 2, 2, 1, 4, 0, 3, 2, 1, 1, 2, 1, 3, 1, 1, 1, 3, 0, 4, 3, 1, 4, 1, 1, 2, 4, 1, 2, 1, 1, 3, 2, 3, 1, 1, 1, 1, 1, 1, 1, 1, 2, 3, 1, 1, 1, 2, 2, 2, 3, 4]|[0, 2, 1, 1, 3, 3, 0, 1, 0, 0, 0, 0, 1, 0, 1, 0, 0, 3, 1, 0, 0, 0, 3, 1, 0, 2, 0, 0, 0, 1, 0, 0, 0, 0, 3, 0, 1, 0, 0, 2, 1, 1, 2, 0, 0, 0, 0, 1, 1, 0, 0, 0, 1, 3, 0, 0, 1, 0, 0, 1, 0, 2, 0, 1, 0, 2, 1, 0, 0, 1, 1, 3, 0, 1, 3, 0, 1, 0, 0, 2, 1, 0, 0, 0, 1, 0, 0, 0, 0, 0, 1, 2, 0, 1, 1, 0, 0, 0, 0, 3],804.6875225521468,57746.82533348298,88068.50778672317,false
48,G1_CMAX,G1_CMAX,[31, 22, 90, 26, 58, 95, 42, 12, 93, 5, 78, 86, 98, 18, 20, 35, 3, 97, 91, 76, 10, 85, 54, 45, 63, 71, 66, 1, 23, 17, 24, 60, 36, 6, 57, 15, 65, 56, 47, 79, 94, 67, 50, 46, 14, 75, 38, 9, 30, 19, 32, 81, 27, 92, 83, 87, 40, 99, 59, 11, 53, 16, 72, 77, 73, 70, 39, 37, 84, 43, 62, 25, 55, 28, 29, 51, 68, 82, 74, 61, 88, 21, 80, 89, 7, 69, 96, 41, 48, 4, 8, 34, 49, 52, 0, 44, 13, 2, 64, 33]|[1, 1, 1, 1, 0, 2, 1, 1, 2, 2, 2, 1, 0, 1, 2, 2, 1, 2, 0, 1, 2, 2, 2, 0, 0, 1, 2, 1, 2, 1, 2, 1, 1, 0, 1, 1, 0, 2, 2, 1, 1, 0, 0, 0, 0, 1, 1, 1, 1, 2, 1, 2, 2, 0, 0, 2, 1, 0, 0, 2, 0, 1, 2, 2, 1, 1, 1, 1, 1, 1, 0, 1, 1, 0, 0, 0, 0, 0, 2, 1, 1, 0, 0, 1, 1, 1, 2, 2, 0, 1, 1, 2, 0, 1, 0, 0, 0, 0, 2, 2]|[0, 4, 3, 0, 1, 1, 2, 4, 1, 1, 2, 4, 1, 4, 1, 1, 1, 2, 2, 2, 2, 1, 1, 1, 2, 3, 2, 3, 0, 4, 1, 0, 3, 2, 2, 2, 1, 1, 1, 0, 2, 0, 1, 2, 1, 3, 1, 4, 2, 0, 3, 2, 1, 2, 1, 1, 4, 1, 1, 1, 2, 3, 0, 2, 4, 3, 1, 4, 1, 1, 1, 4, 4, 2, 1, 1, 1, 2, 1, 3, 0, 1, 1, 1, 1, 3, 1, 1, 1, 4, 3, 1, 1, 1, 2, 2, 2, 2, 1, 1]|[3, 0, 2, 3, 0, 0, 1, 0, 0, 0, 1, 0, 0, 3, 0, 0, 1, 1, 1, 2, 1, 0, 0, 0, 0, 0, 0, 0, 0, 3, 1, 0, 2, 1, 1, 1, 0, 0, 0, 0, 1, 1, 0, 0, 0, 0, 1, 3, 2, 0, 0, 1, 0, 1, 0, 0, 2, 0, 0, 0, 1, 2, 1, 1, 0, 0, 1, 1, 3, 3, 0, 3, 3, 1, 0, 0, 0, 1, 0, 0, 0, 0, 0, 1, 2, 2, 0, 0, 0, 0, 2, 0, 1, 1, 0, 0, 0, 0, 0, 0],705.0470749739228,58445.79123614564,95781.2895945797,false
48,G4_BALANCED,G3_TWC,[31, 22, 42, 15, 26, 58, 95, 82, 77, 12, 47, 5, 93, 78, 98, 54, 85, 63, 18, 44, 20, 35, 43, 97, 91, 76, 10, 30, 21, 45, 71, 64, 1, 23, 17, 83, 24, 61, 60, 36, 6, 57, 94, 88, 65, 56, 79, 40, 67, 68, 46, 75, 38, 9, 19, 32, 81, 41, 27, 62, 87, 90, 99, 59, 11, 16, 72, 73, 70, 39, 37, 84, 3, 92, 25, 55, 28, 29, 51, 7, 33, 14, 86, 48, 89, 50, 66, 96, 53, 80, 4, 8, 34, 49, 52, 13, 0, 2, 69, 74]|[1, 1, 0, 1, 1, 1, 2, 1, 2, 1, 2, 2, 2, 1, 1, 0, 0, 1, 0, 2, 2, 0, 1, 2, 0, 1, 2, 2, 0, 0, 1, 2, 1, 2, 1, 0, 2, 0, 1, 1, 0, 1, 1, 1, 0, 2, 1, 1, 0, 0, 0, 0, 1, 1, 2, 1, 2, 2, 0, 0, 2, 1, 0, 1, 2, 1, 2, 1, 1, 1, 1, 1, 2, 1, 1, 1, 0, 0, 0, 1, 2, 1, 0, 0, 1, 0, 0, 2, 0, 0, 0, 1, 2, 0, 1, 0, 0, 0, 1, 2]|[4, 3, 2, 2, 0, 0, 2, 2, 2, 4, 1, 1, 2, 4, 4, 1, 1, 4, 2, 1, 1, 1, 1, 2, 1, 2, 1, 1, 1, 1, 3, 2, 3, 0, 4, 0, 1, 1, 0, 3, 2, 2, 4, 0, 1, 1, 0, 2, 0, 1, 2, 2, 1, 4, 0, 3, 2, 1, 1, 2, 1, 3, 1, 1, 1, 3, 0, 4, 3, 1, 4, 1, 1, 4, 4, 4, 2, 1, 1, 3, 1, 3, 1, 1, 1, 1, 1, 1, 2, 1, 2, 3, 1, 1, 1, 2, 2, 2, 3, 1]|[0, 2, 1, 1, 3, 3, 0, 1, 0, 0, 0, 0, 1, 0, 1, 0, 0, 3, 1, 0, 0, 0, 3, 1, 0, 2, 0, 0, 0, 1, 0, 0, 0, 0, 3, 0, 1, 0, 0, 2, 1, 1, 2, 0, 0, 0, 0, 1, 1, 0, 0, 0, 1, 3, 0, 0, 1, 0, 0, 1, 0, 2, 0, 1, 0, 2, 1, 0, 0, 1, 1, 3, 0, 0, 3, 3, 1, 0, 0, 2, 0, 0, 0, 0, 1, 0, 0, 0, 1, 0, 1, 2, 0, 1, 1, 0, 0, 0, 0, 0],736.2309893573844,57436.976823727186,90263.94588701171,true
48,G2_TEC,G2_TEC,[31, 22, 82, 15, 26, 9, 95, 42, 77, 68, 47, 5, 93, 78, 86, 54, 85, 63, 18, 44, 20, 49, 36, 14, 74, 50, 53, 17, 21, 28, 11, 64, 3, 23, 30, 83, 24, 41, 40, 52, 65, 27, 90, 70, 39, 58, 48, 69, 99, 4, 46, 1, 13, 87, 97, 59, 45, 8, 73, 37, 35, 79, 71, 66, 76, 32, 60, 80, 56, 6, 67, 61, 33, 7, 57, 34, 12, 16, 10, 98, 96, 88, 43, 81, 91, 2, 84, 29, 92, 19, 51, 89, 55, 25, 72, 75, 94, 38, 62, 0]|[2, 1, 2, 1, 1, 2, 1, 1, 1, 1, 1, 0, 2, 2, 1, 2, 0, 0, 0, 2, 2, 1, 0, 2, 0, 2, 2, 1, 0, 1, 1, 1, 0, 0, 1, 0, 2, 1, 2, 2, 0, 0, 1, 1, 0, 2, 0, 2, 1, 0, 0, 2, 0, 2, 2, 0, 1, 1, 0, 0, 2, 1, 1, 2, 2, 0, 2, 2, 2, 1, 2, 1, 1, 2, 0, 1, 1, 2, 1, 2, 0, 1, 1, 1, 1, 0, 0, 1, 0, 1, 1, 1, 0, 1, 1, 0, 2, 0, 1, 0]|[0, 3, 0, 3, 4, 1, 4, 4, 2, 4, 3, 2, 1, 0, 2, 1, 1, 1, 2, 1, 1, 3, 0, 1, 0, 1, 1, 4, 1, 4, 3, 2, 2, 0, 4, 1, 1, 4, 1, 1, 2, 1, 4, 4, 1, 1, 0, 1, 3, 2, 2, 1, 2, 1, 1, 2, 4, 3, 0, 2, 1, 3, 3, 1, 1, 2, 1, 1, 1, 4, 1, 3, 4, 1, 2, 4, 3, 1, 3, 1, 2, 4, 4, 4, 3, 2, 2, 3, 2, 4, 3, 4, 2, 4, 4, 2, 1, 2, 3, 2]|[0, 2, 0, 0, 3, 0, 1, 3, 0, 0, 2, 0, 0, 0, 1, 0, 0, 0, 1, 0, 0, 2, 0, 0, 1, 0, 0, 3, 0, 1, 0, 2, 0, 0, 3, 0, 1, 1, 0, 0, 0, 0, 1, 3, 0, 0, 1, 0, 2, 0, 0, 0, 0, 0, 1, 0, 1, 0, 1, 1, 0, 2, 0, 0, 0, 0, 0, 0, 0, 2, 0, 0, 1, 0, 0, 1, 0, 0, 3, 0, 0, 1, 2, 2, 0, 0, 0, 3, 0, 1, 0, 1, 0, 3, 1, 0, 0, 0, 0, 0],915.4865022436335,48708.26809038564,107918.70460880936,false
48,G3_TWC,G3_TWC,[31, 22, 42, 15, 26, 58, 95, 82, 77, 12, 47, 5, 93, 78, 98, 54, 85, 63, 18, 44, 20, 35, 43, 97, 91, 76, 10, 30, 21, 45, 71, 64, 1, 23, 17, 83, 24, 61, 60, 36, 6, 57, 94, 88, 65, 56, 79, 40, 67, 68, 46, 75, 38, 9, 19, 32, 81, 41, 27, 62, 87, 90, 99, 59, 11, 16, 72, 73, 70, 39, 37, 84, 3, 92, 25, 74, 28, 29, 51, 7, 53, 14, 86, 48, 89, 50, 66, 96, 33, 80, 4, 8, 34, 49, 52, 0, 13, 2, 69, 55]|[1, 1, 0, 1, 1, 1, 2, 1, 2, 1, 2, 2, 2, 1, 1, 0, 0, 1, 0, 2, 2, 0, 1, 2, 0, 1, 2, 2, 0, 0, 1, 2, 1, 2, 1, 0, 2, 0, 1, 1, 0, 1, 1, 1, 0, 2, 1, 1, 0, 0, 0, 0, 1, 1, 2, 1, 2, 0, 0, 0, 2, 1, 0, 1, 2, 1, 2, 1, 1, 1, 1, 1, 2, 0, 1, 2, 0, 0, 0, 1, 0, 1, 0, 0, 1, 0, 0, 0, 2, 0, 0, 1, 2, 0, 1, 0, 0, 0, 1, 1]|[4, 3, 2, 2, 0, 0, 2, 2, 2, 4, 1, 1, 2, 4, 4, 1, 1, 4, 2, 1, 1, 1, 1, 2, 1, 2, 1, 1, 1, 1, 3, 2, 3, 0, 4, 0, 1, 1, 0, 3, 2, 2, 4, 0, 1, 1, 0, 2, 0, 1, 2, 2, 1, 4, 0, 3, 2, 1, 1, 2, 1, 3, 1, 1, 1, 3, 0, 4, 3, 1, 4, 1, 1, 2, 4, 1, 2, 1, 1, 3, 2, 3, 1, 1, 1, 1, 1, 1, 1, 1, 2, 3, 1, 1, 1, 2, 2, 2, 3, 4]|[0, 2, 1, 1, 3, 3, 0, 1, 0, 0, 0, 0, 1, 0, 1, 0, 0, 3, 1, 0, 0, 0, 3, 1, 0, 2, 0, 0, 0, 1, 0, 0, 0, 0, 3, 0, 1, 0, 0, 2, 1, 1, 2, 0, 0, 0, 0, 1, 1, 0, 0, 0, 1, 3, 0, 0, 1, 0, 0, 1, 0, 2, 0, 1, 0, 2, 1, 0, 0, 1, 1, 3, 0, 1, 3, 0, 1, 0, 0, 2, 1, 0, 0, 0, 1, 0, 0, 0, 0, 0, 1, 2, 0, 1, 1, 0, 0, 0, 0, 3],804.6875225521468,57746.82533348298,88068.50778672317,false
48,G1_CMAX,G1_CMAX,[31, 22, 90, 26, 58, 95, 42, 12, 93, 5, 78, 86, 98, 18, 20, 35, 3, 97, 91, 76, 10, 85, 54, 45, 63, 71, 66, 1, 23, 17, 24, 60, 36, 6, 57, 15, 65, 56, 47, 79, 94, 67, 50, 46, 14, 75, 38, 9, 30, 19, 32, 81, 27, 92, 83, 87, 40, 99, 59, 11, 53, 16, 72, 77, 73, 70, 39, 37, 84, 43, 62, 25, 55, 28, 29, 51, 68, 82, 74, 61, 88, 21, 80, 89, 7, 69, 96, 41, 48, 4, 8, 34, 49, 52, 0, 44, 13, 2, 64, 33]|[1, 1, 1, 1, 0, 2, 1, 1, 2, 2, 2, 1, 0, 1, 2, 2, 1, 2, 0, 1, 2, 2, 2, 0, 0, 1, 2, 1, 2, 1, 2, 1, 1, 0, 1, 1, 0, 2, 2, 1, 1, 0, 0, 0, 0, 1, 1, 1, 1, 2, 1, 2, 2, 0, 0, 2, 1, 0, 0, 2, 0, 1, 2, 2, 1, 1, 1, 1, 1, 1, 0, 1, 1, 0, 0, 0, 0, 0, 2, 1, 1, 0, 0, 1, 1, 1, 2, 2, 0, 1, 1, 2, 0, 1, 0, 0, 0, 0, 2, 2]|[0, 4, 3, 0, 1, 1, 2, 4, 1, 1, 2, 4, 1, 4, 1, 1, 1, 2, 2, 2, 2, 1, 1, 1, 2, 3, 2, 3, 0, 4, 1, 0, 3, 2, 2, 2, 1, 1, 1, 0, 2, 0, 1, 2, 1, 3, 1, 4, 2, 0, 3, 2, 1, 2, 1, 1, 4, 1, 1, 1, 2, 3, 0, 2, 4, 3, 1, 4, 1, 1, 1, 4, 4, 2, 1, 1, 1, 2, 1, 3, 0, 1, 1, 1, 1, 3, 1, 1, 1, 4, 3, 1, 1, 1, 2, 2, 2, 2, 1, 1]|[3, 0, 2, 3, 0, 0, 1, 0, 0, 0, 1, 0, 0, 3, 0, 0, 1, 1, 1, 2, 1, 0, 0, 0, 0, 0, 0, 0, 0, 3, 1, 0, 2, 1, 1, 1, 0, 0, 0, 0, 1, 1, 0, 0, 0, 0, 1, 3, 2, 0, 0, 1, 0, 1, 0, 0, 2, 0, 0, 0, 1, 2, 1, 1, 0, 0, 1, 1, 3, 3, 0, 3, 3, 1, 0, 0, 0, 1, 0, 0, 0, 0, 0, 1, 2, 2, 0, 0, 0, 0, 2, 0, 1, 1, 0, 0, 0, 0, 0, 0],705.0470749739228,58445.79123614564,95781.2895945797,false
48,G4_BALANCED,G3_TWC,[31, 22, 42, 15, 26, 58, 95, 82, 77, 12, 47, 5, 93, 78, 98, 54, 85, 63, 18, 44, 20, 35, 43, 97, 91, 76, 10, 30, 21, 45, 71, 64, 1, 23, 17, 83, 24, 61, 60, 36, 6, 57, 94, 88, 65, 56, 79, 40, 67, 68, 46, 75, 38, 9, 19, 32, 81, 41, 27, 62, 87, 90, 99, 59, 11, 16, 72, 73, 70, 39, 37, 84, 3, 92, 25, 55, 28, 29, 51, 7, 33, 14, 86, 48, 89, 50, 66, 96, 53, 80, 4, 8, 34, 49, 52, 13, 0, 2, 69, 74]|[1, 1, 0, 1, 1, 1, 2, 1, 2, 1, 2, 2, 2, 1, 1, 0, 0, 1, 0, 2, 2, 0, 1, 2, 0, 1, 2, 2, 0, 0, 1, 2, 1, 2, 1, 0, 2, 0, 1, 1, 0, 1, 1, 1, 0, 2, 1, 1, 0, 0, 0, 0, 1, 1, 2, 1, 2, 2, 0, 0, 2, 1, 0, 1, 2, 1, 2, 1, 1, 1, 1, 1, 2, 1, 1, 1, 0, 0, 0, 1, 2, 1, 0, 0, 1, 0, 0, 2, 0, 0, 0, 1, 2, 0, 1, 0, 0, 0, 1, 2]|[4, 3, 2, 2, 0, 0, 2, 2, 2, 4, 1, 1, 2, 4, 4, 1, 1, 4, 2, 1, 1, 1, 1, 2, 1, 2, 1, 1, 1, 1, 3, 2, 3, 0, 4, 0, 1, 1, 0, 3, 2, 2, 4, 0, 1, 1, 0, 2, 0, 1, 2, 2, 1, 4, 0, 3, 2, 1, 1, 2, 1, 3, 1, 1, 1, 3, 0, 4, 3, 1, 4, 1, 1, 4, 4, 4, 2, 1, 1, 3, 1, 3, 1, 1, 1, 1, 1, 1, 2, 1, 2, 3, 1, 1, 1, 2, 2, 2, 3, 1]|[0, 2, 1, 1, 3, 3, 0, 1, 0, 0, 0, 0, 1, 0, 1, 0, 0, 3, 1, 0, 0, 0, 3, 1, 0, 2, 0, 0, 0, 1, 0, 0, 0, 0, 3, 0, 1, 0, 0, 2, 1, 1, 2, 0, 0, 0, 0, 1, 1, 0, 0, 0, 1, 3, 0, 0, 1, 0, 0, 1, 0, 2, 0, 1, 0, 2, 1, 0, 0, 1, 1, 3, 0, 0, 3, 3, 1, 0, 0, 2, 0, 0, 0, 0, 1, 0, 0, 0, 1, 0, 1, 2, 0, 1, 1, 0, 0, 0, 0, 0],736.2309893573844,57436.976823727186,90263.94588701171,true
48,G2_TEC,G2_TEC,[31, 22, 82, 15, 26, 9, 95, 42, 77, 68, 47, 5, 93, 78, 86, 54, 85, 63, 18, 44, 20, 49, 36, 14, 74, 50, 53, 17, 21, 28, 11, 64, 3, 23, 30, 83, 24, 41, 40, 52, 65, 27, 90, 70, 39, 58, 48, 69, 99, 4, 46, 1, 13, 87, 97, 59, 45, 8, 73, 37, 35, 79, 71, 66, 76, 32, 60, 80, 56, 6, 67, 61, 33, 7, 57, 34, 12, 16, 10, 98, 96, 88, 43, 81, 91, 2, 84, 29, 92, 19, 51, 89, 55, 25, 72, 75, 94, 38, 62, 0]|[2, 1, 2, 1, 1, 2, 1, 1, 1, 1, 1, 0, 2, 2, 1, 2, 0, 0, 0, 2, 2, 1, 0, 2, 0, 2, 2, 1, 0, 1, 1, 1, 0, 0, 1, 0, 2, 1, 2, 2, 0, 0, 1, 1, 0, 2, 0, 2, 1, 0, 0, 2, 0, 2, 2, 0, 1, 1, 0, 0, 2, 1, 1, 2, 2, 0, 2, 2, 2, 1, 2, 1, 1, 2, 0, 1, 1, 2, 1, 2, 0, 1, 1, 1, 1, 0, 0, 1, 0, 1, 1, 1, 0, 1, 1, 0, 2, 0, 1, 0]|[0, 3, 0, 3, 4, 1, 4, 4, 2, 4, 3, 2, 1, 0, 2, 1, 1, 1, 2, 1, 1, 3, 0, 1, 0, 1, 1, 4, 1, 4, 3, 2, 2, 0, 4, 1, 1, 4, 1, 1, 2, 1, 4, 4, 1, 1, 0, 1, 3, 2, 2, 1, 2, 1, 1, 2, 4, 3, 0, 2, 1, 3, 3, 1, 1, 2, 1, 1, 1, 4, 1, 3, 4, 1, 2, 4, 3, 1, 3, 1, 2, 4, 4, 4, 3, 2, 2, 3, 2, 4, 3, 4, 2, 4, 4, 2, 1, 2, 3, 2]|[0, 2, 0, 0, 3, 0, 1, 3, 0, 0, 2, 0, 0, 0, 1, 0, 0, 0, 1, 0, 0, 2, 0, 0, 1, 0, 0, 3, 0, 1, 0, 2, 0, 0, 3, 0, 1, 1, 0, 0, 0, 0, 1, 3, 0, 0, 1, 0, 2, 0, 0, 0, 0, 0, 1, 0, 1, 0, 1, 1, 0, 2, 0, 0, 0, 0, 0, 0, 0, 2, 0, 0, 1, 0, 0, 1, 0, 0, 3, 0, 0, 1, 2, 2, 0, 0, 0, 3, 0, 1, 0, 1, 0, 3, 1, 0, 0, 0, 0, 0],915.4865022436335,48708.26809038564,107918.70460880936,false
48,G3_TWC,G3_TWC,[31, 22, 42, 15, 26, 58, 95, 82, 77, 12, 47, 5, 93, 78, 98, 54, 85, 63, 18, 44, 20, 35, 43, 97, 91, 76, 10, 30, 21, 45, 71, 64, 1, 23, 17, 83, 24, 61, 60, 36, 6, 57, 94, 88, 65, 56, 79, 40, 67, 68, 46, 75, 38, 9, 19, 32, 81, 41, 27, 62, 87, 90, 99, 59, 11, 16, 72, 73, 70, 39, 37, 84, 3, 92, 25, 74, 28, 29, 51, 7, 53, 14, 86, 48, 89, 50, 66, 96, 33, 80, 4, 8, 34, 49, 52, 0, 13, 2, 69, 55]|[1, 1, 0, 1, 1, 1, 2, 1, 2, 1, 2, 2, 2, 1, 1, 0, 0, 1, 0, 2, 2, 0, 1, 2, 0, 1, 2, 2, 0, 0, 1, 2, 1, 2, 1, 0, 2, 0, 1, 1, 0, 1, 1, 1, 0, 2, 1, 1, 0, 0, 0, 0, 1, 1, 2, 1, 2, 0, 0, 0, 2, 1, 0, 1, 2, 1, 2, 1, 1, 1, 1, 1, 2, 0, 1, 2, 0, 0, 0, 1, 0, 1, 0, 0, 1, 0, 0, 0, 2, 0, 0, 1, 2, 0, 1, 0, 0, 0, 1, 1]|[4, 3, 2, 2, 0, 0, 2, 2, 2, 4, 1, 1, 2, 4, 4, 1, 1, 4, 2, 1, 1, 1, 1, 2, 1, 2, 1, 1, 1, 1, 3, 2, 3, 0, 4, 0, 1, 1, 0, 3, 2, 2, 4, 0, 1, 1, 0, 2, 0, 1, 2, 2, 1, 4, 0, 3, 2, 1, 1, 2, 1, 3, 1, 1, 1, 3, 0, 4, 3, 1, 4, 1, 1, 2, 4, 1, 2, 1, 1, 3, 2, 3, 1, 1, 1, 1, 1, 1, 1, 1, 2, 3, 1, 1, 1, 2, 2, 2, 3, 4]|[0, 2, 1, 1, 3, 3, 0, 1, 0, 0, 0, 0, 1, 0, 1, 0, 0, 3, 1, 0, 0, 0, 3, 1, 0, 2, 0, 0, 0, 1, 0, 0, 0, 0, 3, 0, 1, 0, 0, 2, 1, 1, 2, 0, 0, 0, 0, 1, 1, 0, 0, 0, 1, 3, 0, 0, 1, 0, 0, 1, 0, 2, 0, 1, 0, 2, 1, 0, 0, 1, 1, 3, 0, 1, 3, 0, 1, 0, 0, 2, 1, 0, 0, 0, 1, 0, 0, 0, 0, 0, 1, 2, 0, 1, 1, 0, 0, 0, 0, 3],804.6875225521468,57746.82533348298,88068.50778672317,false
48,G1_CMAX,G1_CMAX,[31, 22, 90, 26, 58, 95, 42, 12, 93, 5, 78, 86, 98, 18, 20, 35, 3, 97, 91, 76, 10, 85, 54, 45, 63, 71, 66, 1, 23, 17, 24, 60, 36, 6, 57, 15, 65, 56, 47, 79, 94, 67, 50, 46, 14, 75, 38, 9, 30, 19, 32, 81, 27, 92, 83, 87, 40, 99, 59, 11, 53, 16, 72, 77, 73, 70, 39, 37, 84, 43, 62, 25, 55, 28, 29, 51, 68, 82, 74, 61, 88, 21, 80, 89, 7, 69, 96, 41, 48, 4, 8, 34, 49, 52, 0, 44, 13, 2, 64, 33]|[1, 1, 1, 1, 0, 2, 1, 1, 2, 2, 2, 1, 0, 1, 2, 2, 1, 2, 0, 1, 2, 2, 2, 0, 0, 1, 2, 1, 2, 1, 2, 1, 1, 0, 1, 1, 0, 2, 2, 1, 1, 0, 0, 0, 0, 1, 1, 1, 1, 2, 1, 2, 2, 0, 0, 2, 1, 0, 0, 2, 0, 1, 2, 2, 1, 1, 1, 1, 1, 1, 0, 1, 1, 0, 0, 0, 0, 0, 2, 1, 1, 0, 0, 1, 1, 1, 2, 2, 0, 1, 1, 2, 0, 1, 0, 0, 0, 0, 2, 2]|[0, 4, 3, 0, 1, 1, 2, 4, 1, 1, 2, 4, 1, 4, 1, 1, 1, 2, 2, 2, 2, 1, 1, 1, 2, 3, 2, 3, 0, 4, 1, 0, 3, 2, 2, 2, 1, 1, 1, 0, 2, 0, 1, 2, 1, 3, 1, 4, 2, 0, 3, 2, 1, 2, 1, 1, 4, 1, 1, 1, 2, 3, 0, 2, 4, 3, 1, 4, 1, 1, 1, 4, 4, 2, 1, 1, 1, 2, 1, 3, 0, 1, 1, 1, 1, 3, 1, 1, 1, 4, 3, 1, 1, 1, 2, 2, 2, 2, 1, 1]|[3, 0, 2, 3, 0, 0, 1, 0, 0, 0, 1, 0, 0, 3, 0, 0, 1, 1, 1, 2, 1, 0, 0, 0, 0, 0, 0, 0, 0, 3, 1, 0, 2, 1, 1, 1, 0, 0, 0, 0, 1, 1, 0, 0, 0, 0, 1, 3, 2, 0, 0, 1, 0, 1, 0, 0, 2, 0, 0, 0, 1, 2, 1, 1, 0, 0, 1, 1, 3, 3, 0, 3, 3, 1, 0, 0, 0, 1, 0, 0, 0, 0, 0, 1, 2, 2, 0, 0, 0, 0, 2, 0, 1, 1, 0, 0, 0, 0, 0, 0],705.0470749739228,58445.79123614564,95781.2895945797,false
48,G4_BALANCED,G3_TWC,[31, 22, 42, 15, 26, 58, 95, 82, 77, 12, 47, 5, 93, 78, 98, 54, 85, 63, 18, 44, 20, 35, 43, 97, 91, 76, 10, 30, 21, 45, 71, 64, 1, 23, 17, 83, 24, 61, 60, 36, 6, 57, 94, 88, 65, 56, 79, 40, 67, 68, 46, 75, 38, 9, 19, 32, 81, 41, 27, 62, 87, 90, 99, 59, 11, 16, 72, 73, 70, 39, 37, 84, 3, 92, 25, 55, 28, 29, 51, 7, 33, 14, 86, 48, 89, 50, 66, 96, 53, 80, 4, 8, 34, 49, 52, 13, 0, 2, 69, 74]|[1, 1, 0, 1, 1, 1, 2, 1, 2, 1, 2, 2, 2, 1, 1, 0, 0, 1, 0, 2, 2, 0, 1, 2, 0, 1, 2, 2, 0, 0, 1, 2, 1, 2, 1, 0, 2, 0, 1, 1, 0, 1, 1, 1, 0, 2, 1, 1, 0, 0, 0, 0, 1, 1, 2, 1, 2, 2, 0, 0, 2, 1, 0, 1, 2, 1, 2, 1, 1, 1, 1, 1, 2, 1, 1, 1, 0, 0, 0, 1, 2, 1, 0, 0, 1, 0, 0, 2, 0, 0, 0, 1, 2, 0, 1, 0, 0, 0, 1, 2]|[4, 3, 2, 2, 0, 0, 2, 2, 2, 4, 1, 1, 2, 4, 4, 1, 1, 4, 2, 1, 1, 1, 1, 2, 1, 2, 1, 1, 1, 1, 3, 2, 3, 0, 4, 0, 1, 1, 0, 3, 2, 2, 4, 0, 1, 1, 0, 2, 0, 1, 2, 2, 1, 4, 0, 3, 2, 1, 1, 2, 1, 3, 1, 1, 1, 3, 0, 4, 3, 1, 4, 1, 1, 4, 4, 4, 2, 1, 1, 3, 1, 3, 1, 1, 1, 1, 1, 1, 2, 1, 2, 3, 1, 1, 1, 2, 2, 2, 3, 1]|[0, 2, 1, 1, 3, 3, 0, 1, 0, 0, 0, 0, 1, 0, 1, 0, 0, 3, 1, 0, 0, 0, 3, 1, 0, 2, 0, 0, 0, 1, 0, 0, 0, 0, 3, 0, 1, 0, 0, 2, 1, 1, 2, 0, 0, 0, 0, 1, 1, 0, 0, 0, 1, 3, 0, 0, 1, 0, 0, 1, 0, 2, 0, 1, 0, 2, 1, 0, 0, 1, 1, 3, 0, 0, 3, 3, 1, 0, 0, 2, 0, 0, 0, 0, 1, 0, 0, 0, 1, 0, 1, 2, 0, 1, 1, 0, 0, 0, 0, 0],736.2309893573844,57436.976823727186,90263.94588701171,true
48,G2_TEC,G2_TEC,[31, 22, 82, 15, 26, 9, 95, 42, 77, 68, 47, 5, 93, 78, 86, 54, 85, 63, 18, 44, 20, 49, 36, 14, 74, 50, 53, 17, 21, 28, 11, 64, 3, 23, 30, 83, 24, 41, 40, 52, 65, 27, 90, 70, 39, 58, 48, 69, 99, 4, 46, 1, 13, 87, 97, 59, 45, 8, 73, 37, 35, 79, 71, 66, 76, 32, 60, 80, 56, 6, 67, 61, 33, 7, 57, 34, 12, 16, 10, 98, 96, 88, 43, 81, 91, 2, 84, 29, 92, 19, 51, 89, 55, 25, 72, 75, 94, 38, 62, 0]|[2, 1, 2, 1, 1, 2, 1, 1, 1, 1, 1, 0, 2, 2, 1, 2, 0, 0, 0, 2, 2, 1, 0, 2, 0, 2, 2, 1, 0, 1, 1, 1, 0, 0, 1, 0, 2, 1, 2, 2, 0, 0, 1, 1, 0, 2, 0, 2, 1, 0, 0, 2, 0, 2, 2, 0, 1, 1, 0, 0, 2, 1, 1, 2, 2, 0, 2, 2, 2, 1, 2, 1, 1, 2, 0, 1, 1, 2, 1, 2, 0, 1, 1, 1, 1, 0, 0, 1, 0, 1, 1, 1, 0, 1, 1, 0, 2, 0, 1, 0]|[0, 3, 0, 3, 4, 1, 4, 4, 2, 4, 3, 2, 1, 0, 2, 1, 1, 1, 2, 1, 1, 3, 0, 1, 0, 1, 1, 4, 1, 4, 3, 2, 2, 0, 4, 1, 1, 4, 1, 1, 2, 1, 4, 4, 1, 1, 0, 1, 3, 2, 2, 1, 2, 1, 1, 2, 4, 3, 0, 2, 1, 3, 3, 1, 1, 2, 1, 1, 1, 4, 1, 3, 4, 1, 2, 4, 3, 1, 3, 1, 2, 4, 4, 4, 3, 2, 2, 3, 2, 4, 3, 4, 2, 4, 4, 2, 1, 2, 3, 2]|[0, 2, 0, 0, 3, 0, 1, 3, 0, 0, 2, 0, 0, 0, 1, 0, 0, 0, 1, 0, 0, 2, 0, 0, 1, 0, 0, 3, 0, 1, 0, 2, 0, 0, 3, 0, 1, 1, 0, 0, 0, 0, 1, 3, 0, 0, 1, 0, 2, 0, 0, 0, 0, 0, 1, 0, 1, 0, 1, 1, 0, 2, 0, 0, 0, 0, 0, 0, 0, 2, 0, 0, 1, 0, 0, 1, 0, 0, 3, 0, 0, 1, 2, 2, 0, 0, 0, 3, 0, 1, 0, 1, 0, 3, 1, 0, 0, 0, 0, 0],915.4865022436335,48708.26809038564,107918.70460880936,false
48,G3_TWC,G3_TWC,[31, 22, 42, 15, 26, 58, 95, 82, 77, 12, 47, 5, 93, 78, 98, 54, 85, 63, 18, 44, 20, 35, 43, 97, 91, 76, 10, 30, 21, 45, 71, 64, 1, 23, 17, 83, 24, 61, 60, 36, 6, 57, 94, 88, 65, 56, 79, 40, 67, 68, 46, 75, 38, 9, 19, 32, 81, 41, 27, 62, 87, 90, 99, 59, 11, 16, 72, 73, 70, 39, 37, 84, 3, 92, 25, 74, 28, 29, 51, 7, 53, 14, 86, 48, 89, 50, 66, 96, 33, 80, 4, 8, 34, 49, 52, 0, 13, 2, 69, 55]|[1, 1, 0, 1, 1, 1, 2, 1, 2, 1, 2, 2, 2, 1, 1, 0, 0, 1, 0, 2, 2, 0, 1, 2, 0, 1, 2, 2, 0, 0, 1, 2, 1, 2, 1, 0, 2, 0, 1, 1, 0, 1, 1, 1, 0, 2, 1, 1, 0, 0, 0, 0, 1, 1, 2, 1, 2, 0, 0, 0, 2, 1, 0, 1, 2, 1, 2, 1, 1, 1, 1, 1, 2, 0, 1, 2, 0, 0, 0, 1, 0, 1, 0, 0, 1, 0, 0, 0, 2, 0, 0, 1, 2, 0, 1, 0, 0, 0, 1, 1]|[4, 3, 2, 2, 0, 0, 2, 2, 2, 4, 1, 1, 2, 4, 4, 1, 1, 4, 2, 1, 1, 1, 1, 2, 1, 2, 1, 1, 1, 1, 3, 2, 3, 0, 4, 0, 1, 1, 0, 3, 2, 2, 4, 0, 1, 1, 0, 2, 0, 1, 2, 2, 1, 4, 0, 3, 2, 1, 1, 2, 1, 3, 1, 1, 1, 3, 0, 4, 3, 1, 4, 1, 1, 2, 4, 1, 2, 1, 1, 3, 2, 3, 1, 1, 1, 1, 1, 1, 1, 1, 2, 3, 1, 1, 1, 2, 2, 2, 3, 4]|[0, 2, 1, 1, 3, 3, 0, 1, 0, 0, 0, 0, 1, 0, 1, 0, 0, 3, 1, 0, 0, 0, 3, 1, 0, 2, 0, 0, 0, 1, 0, 0, 0, 0, 3, 0, 1, 0, 0, 2, 1, 1, 2, 0, 0, 0, 0, 1, 1, 0, 0, 0, 1, 3, 0, 0, 1, 0, 0, 1, 0, 2, 0, 1, 0, 2, 1, 0, 0, 1, 1, 3, 0, 1, 3, 0, 1, 0, 0, 2, 1, 0, 0, 0, 1, 0, 0, 0, 0, 0, 1, 2, 0, 1, 1, 0, 0, 0, 0, 3],804.6875225521468,57746.82533348298,88068.50778672317,false
48,G1_CMAX,G1_CMAX,[31, 22, 90, 26, 58, 95, 42, 12, 93, 5, 78, 86, 98, 18, 20, 35, 3, 97, 91, 76, 10, 85, 54, 45, 63, 71, 66, 1, 23, 17, 24, 60, 36, 6, 57, 15, 65, 56, 47, 79, 94, 67, 50, 46, 14, 75, 38, 9, 30, 19, 32, 81, 27, 92, 83, 87, 40, 99, 59, 11, 53, 16, 72, 77, 73, 70, 39, 37, 84, 43, 62, 25, 55, 28, 29, 51, 68, 82, 74, 61, 88, 21, 80, 89, 7, 69, 96, 41, 48, 4, 8, 34, 49, 52, 0, 44, 13, 2, 64, 33]|[1, 1, 1, 1, 0, 2, 1, 1, 2, 2, 2, 1, 0, 1, 2, 2, 1, 2, 0, 1, 2, 2, 2, 0, 0, 1, 2, 1, 2, 1, 2, 1, 1, 0, 1, 1, 0, 2, 2, 1, 1, 0, 0, 0, 0, 1, 1, 1, 1, 2, 1, 2, 2, 0, 0, 2, 1, 0, 0, 2, 0, 1, 2, 2, 1, 1, 1, 1, 1, 1, 0, 1, 1, 0, 0, 0, 0, 0, 2, 1, 1, 0, 0, 1, 1, 1, 2, 2, 0, 1, 1, 2, 0, 1, 0, 0, 0, 0, 2, 2]|[0, 4, 3, 0, 1, 1, 2, 4, 1, 1, 2, 4, 1, 4, 1, 1, 1, 2, 2, 2, 2, 1, 1, 1, 2, 3, 2, 3, 0, 4, 1, 0, 3, 2, 2, 2, 1, 1, 1, 0, 2, 0, 1, 2, 1, 3, 1, 4, 2, 0, 3, 2, 1, 2, 1, 1, 4, 1, 1, 1, 2, 3, 0, 2, 4, 3, 1, 4, 1, 1, 1, 4, 4, 2, 1, 1, 1, 2, 1, 3, 0, 1, 1, 1, 1, 3, 1, 1, 1, 4, 3, 1, 1, 1, 2, 2, 2, 2, 1, 1]|[3, 0, 2, 3, 0, 0, 1, 0, 0, 0, 1, 0, 0, 3, 0, 0, 1, 1, 1, 2, 1, 0, 0, 0, 0, 0, 0, 0, 0, 3, 1, 0, 2, 1, 1, 1, 0, 0, 0, 0, 1, 1, 0, 0, 0, 0, 1, 3, 2, 0, 0, 1, 0, 1, 0, 0, 2, 0, 0, 0, 1, 2, 1, 1, 0, 0, 1, 1, 3, 3, 0, 3, 3, 1, 0, 0, 0, 1, 0, 0, 0, 0, 0, 1, 2, 2, 0, 0, 0, 0, 2, 0, 1, 1, 0, 0, 0, 0, 0, 0],705.0470749739228,58445.79123614564,95781.2895945797,false
48,G4_BALANCED,G3_TWC,[31, 22, 42, 15, 26, 58, 95, 82, 77, 12, 47, 5, 93, 78, 98, 54, 85, 63, 18, 44, 20, 35, 43, 97, 91, 76, 10, 30, 21, 45, 71, 64, 1, 23, 17, 83, 24, 61, 60, 36, 6, 57, 94, 88, 65, 56, 79, 40, 67, 68, 46, 75, 38, 9, 19, 32, 81, 41, 27, 62, 87, 90, 99, 59, 11, 16, 72, 73, 70, 39, 37, 84, 3, 92, 25, 55, 28, 29, 51, 7, 33, 14, 86, 48, 89, 50, 66, 96, 53, 80, 4, 8, 34, 49, 52, 13, 0, 2, 69, 74]|[1, 1, 0, 1, 1, 1, 2, 1, 2, 1, 2, 2, 2, 1, 1, 0, 0, 1, 0, 2, 2, 0, 1, 2, 0, 1, 2, 2, 0, 0, 1, 2, 1, 2, 1, 0, 2, 0, 1, 1, 0, 1, 1, 1, 0, 2, 1, 1, 0, 0, 0, 0, 1, 1, 2, 1, 2, 2, 0, 0, 2, 1, 0, 1, 2, 1, 2, 1, 1, 1, 1, 1, 2, 1, 1, 1, 0, 0, 0, 1, 2, 1, 0, 0, 1, 0, 0, 2, 0, 0, 0, 1, 2, 0, 1, 0, 0, 0, 1, 2]|[4, 3, 2, 2, 0, 0, 2, 2, 2, 4, 1, 1, 2, 4, 4, 1, 1, 4, 2, 1, 1, 1, 1, 2, 1, 2, 1, 1, 1, 1, 3, 2, 3, 0, 4, 0, 1, 1, 0, 3, 2, 2, 4, 0, 1, 1, 0, 2, 0, 1, 2, 2, 1, 4, 0, 3, 2, 1, 1, 2, 1, 3, 1, 1, 1, 3, 0, 4, 3, 1, 4, 1, 1, 4, 4, 4, 2, 1, 1, 3, 1, 3, 1, 1, 1, 1, 1, 1, 2, 1, 2, 3, 1, 1, 1, 2, 2, 2, 3, 1]|[0, 2, 1, 1, 3, 3, 0, 1, 0, 0, 0, 0, 1, 0, 1, 0, 0, 3, 1, 0, 0, 0, 3, 1, 0, 2, 0, 0, 0, 1, 0, 0, 0, 0, 3, 0, 1, 0, 0, 2, 1, 1, 2, 0, 0, 0, 0, 1, 1, 0, 0, 0, 1, 3, 0, 0, 1, 0, 0, 1, 0, 2, 0, 1, 0, 2, 1, 0, 0, 1, 1, 3, 0, 0, 3, 3, 1, 0, 0, 2, 0, 0, 0, 0, 1, 0, 0, 0, 1, 0, 1, 2, 0, 1, 1, 0, 0, 0, 0, 0],736.2309893573844,57436.976823727186,90263.94588701171,true
48,G2_TEC,G2_TEC,[31, 22, 82, 15, 26, 9, 95, 42, 77, 68, 47, 5, 93, 78, 86, 54, 85, 63, 18, 44, 20, 49, 36, 14, 74, 50, 53, 17, 21, 28, 11, 64, 3, 23, 30, 83, 24, 41, 40, 52, 65, 27, 90, 70, 39, 58, 48, 69, 99, 4, 46, 1, 13, 87, 97, 59, 45, 8, 73, 37, 35, 79, 71, 66, 76, 32, 60, 80, 56, 6, 67, 61, 33, 7, 57, 34, 12, 16, 10, 98, 96, 88, 43, 81, 91, 2, 84, 29, 92, 19, 51, 89, 55, 25, 72, 75, 94, 38, 62, 0]|[2, 1, 2, 1, 1, 2, 1, 1, 1, 1, 1, 0, 2, 2, 1, 2, 0, 0, 0, 2, 2, 1, 0, 2, 0, 2, 2, 1, 0, 1, 1, 1, 0, 0, 1, 0, 2, 1, 2, 2, 0, 0, 1, 1, 0, 2, 0, 2, 1, 0, 0, 2, 0, 2, 2, 0, 1, 1, 0, 0, 2, 1, 1, 2, 2, 0, 2, 2, 2, 1, 2, 1, 1, 2, 0, 1, 1, 2, 1, 2, 0, 1, 1, 1, 1, 0, 0, 1, 0, 1, 1, 1, 0, 1, 1, 0, 2, 0, 1, 0]|[0, 3, 0, 3, 4, 1, 4, 4, 2, 4, 3, 2, 1, 0, 2, 1, 1, 1, 2, 1, 1, 3, 0, 1, 0, 1, 1, 4, 1, 4, 3, 2, 2, 0, 4, 1, 1, 4, 1, 1, 2, 1, 4, 4, 1, 1, 0, 1, 3, 2, 2, 1, 2, 1, 1, 2, 4, 3, 0, 2, 1, 3, 3, 1, 1, 2, 1, 1, 1, 4, 1, 3, 4, 1, 2, 4, 3, 1, 3, 1, 2, 4, 4, 4, 3, 2, 2, 3, 2, 4, 3, 4, 2, 4, 4, 2, 1, 2, 3, 2]|[0, 2, 0, 0, 3, 0, 1, 3, 0, 0, 2, 0, 0, 0, 1, 0, 0, 0, 1, 0, 0, 2, 0, 0, 1, 0, 0, 3, 0, 1, 0, 2, 0, 0, 3, 0, 1, 1, 0, 0, 0, 0, 1, 3, 0, 0, 1, 0, 2, 0, 0, 0, 0, 0, 1, 0, 1, 0, 1, 1, 0, 2, 0, 0, 0, 0, 0, 0, 0, 2, 0, 0, 1, 0, 0, 1, 0, 0, 3, 0, 0, 1, 2, 2, 0, 0, 0, 3, 0, 1, 0, 1, 0, 3, 1, 0, 0, 0, 0, 0],915.4865022436335,48708.26809038564,107918.70460880936,false
48,G3_TWC,G3_TWC,[31, 22, 42, 15, 26, 58, 95, 82, 77, 12, 47, 5, 93, 78, 98, 54, 85, 63, 18, 44, 20, 35, 43, 97, 91, 76, 10, 30, 21, 45, 71, 64, 1, 23, 17, 83, 24, 61, 60, 36, 6, 57, 94, 88, 65, 56, 79, 40, 67, 68, 46, 75, 38, 9, 19, 32, 81, 41, 27, 62, 87, 90, 99, 59, 11, 16, 72, 73, 70, 39, 37, 84, 3, 92, 25, 74, 28, 29, 51, 7, 53, 14, 86, 48, 89, 50, 66, 96, 33, 80, 4, 8, 34, 49, 52, 0, 13, 2, 69, 55]|[1, 1, 0, 1, 1, 1, 2, 1, 2, 1, 2, 2, 2, 1, 1, 0, 0, 1, 0, 2, 2, 0, 1, 2, 0, 1, 2, 2, 0, 0, 1, 2, 1, 2, 1, 0, 2, 0, 1, 1, 0, 1, 1, 1, 0, 2, 1, 1, 0, 0, 0, 0, 1, 1, 2, 1, 2, 0, 0, 0, 2, 1, 0, 1, 2, 1, 2, 1, 1, 1, 1, 1, 2, 0, 1, 2, 0, 0, 0, 1, 0, 1, 0, 0, 1, 0, 0, 0, 2, 0, 0, 1, 2, 0, 1, 0, 0, 0, 1, 1]|[4, 3, 2, 2, 0, 0, 2, 2, 2, 4, 1, 1, 2, 4, 4, 1, 1, 4, 2, 1, 1, 1, 1, 2, 1, 2, 1, 1, 1, 1, 3, 2, 3, 0, 4, 0, 1, 1, 0, 3, 2, 2, 4, 0, 1, 1, 0, 2, 0, 1, 2, 2, 1, 4, 0, 3, 2, 1, 1, 2, 1, 3, 1, 1, 1, 3, 0, 4, 3, 1, 4, 1, 1, 2, 4, 1, 2, 1, 1, 3, 2, 3, 1, 1, 1, 1, 1, 1, 1, 1, 2, 3, 1, 1, 1, 2, 2, 2, 3, 4]|[0, 2, 1, 1, 3, 3, 0, 1, 0, 0, 0, 0, 1, 0, 1, 0, 0, 3, 1, 0, 0, 0, 3, 1, 0, 2, 0, 0, 0, 1, 0, 0, 0, 0, 3, 0, 1, 0, 0, 2, 1, 1, 2, 0, 0, 0, 0, 1, 1, 0, 0, 0, 1, 3, 0, 0, 1, 0, 0, 1, 0, 2, 0, 1, 0, 2, 1, 0, 0, 1, 1, 3, 0, 1, 3, 0, 1, 0, 0, 2, 1, 0, 0, 0, 1, 0, 0, 0, 0, 0, 1, 2, 0, 1, 1, 0, 0, 0, 0, 3],804.6875225521468,57746.82533348298,88068.50778672317,false
48,G1_CMAX,G1_CMAX,[31, 22, 90, 26, 58, 95, 42, 12, 93, 5, 78, 86, 98, 18, 20, 35, 3, 97, 91, 76, 10, 85, 54, 45, 63, 71, 66, 1, 23, 17, 24, 60, 36, 6, 57, 15, 65, 56, 47, 79, 94, 67, 50, 46, 14, 75, 38, 9, 30, 19, 32, 81, 27, 92, 83, 87, 40, 99, 59, 11, 53, 16, 72, 77, 73, 70, 39, 37, 84, 43, 62, 25, 55, 28, 29, 51, 68, 82, 74, 61, 88, 21, 80, 89, 7, 69, 96, 41, 48, 4, 8, 34, 49, 52, 0, 44, 13, 2, 64, 33]|[1, 1, 1, 1, 0, 2, 1, 1, 2, 2, 2, 1, 0, 1, 2, 2, 1, 2, 0, 1, 2, 2, 2, 0, 0, 1, 2, 1, 2, 1, 2, 1, 1, 0, 1, 1, 0, 2, 2, 1, 1, 0, 0, 0, 0, 1, 1, 1, 1, 2, 1, 2, 2, 0, 0, 2, 1, 0, 0, 2, 0, 1, 2, 2, 1, 1, 1, 1, 1, 1, 0, 1, 1, 0, 0, 0, 0, 0, 2, 1, 1, 0, 0, 1, 1, 1, 2, 2, 0, 1, 1, 2, 0, 1, 0, 0, 0, 0, 2, 2]|[0, 4, 3, 0, 1, 1, 2, 4, 1, 1, 2, 4, 1, 4, 1, 1, 1, 2, 2, 2, 2, 1, 1, 1, 2, 3, 2, 3, 0, 4, 1, 0, 3, 2, 2, 2, 1, 1, 1, 0, 2, 0, 1, 2, 1, 3, 1, 4, 2, 0, 3, 2, 1, 2, 1, 1, 4, 1, 1, 1, 2, 3, 0, 2, 4, 3, 1, 4, 1, 1, 1, 4, 4, 2, 1, 1, 1, 2, 1, 3, 0, 1, 1, 1, 1, 3, 1, 1, 1, 4, 3, 1, 1, 1, 2, 2, 2, 2, 1, 1]|[3, 0, 2, 3, 0, 0, 1, 0, 0, 0, 1, 0, 0, 3, 0, 0, 1, 1, 1, 2, 1, 0, 0, 0, 0, 0, 0, 0, 0, 3, 1, 0, 2, 1, 1, 1, 0, 0, 0, 0, 1, 1, 0, 0, 0, 0, 1, 3, 2, 0, 0, 1, 0, 1, 0, 0, 2, 0, 0, 0, 1, 2, 1, 1, 0, 0, 1, 1, 3, 3, 0, 3, 3, 1, 0, 0, 0, 1, 0, 0, 0, 0, 0, 1, 2, 2, 0, 0, 0, 0, 2, 0, 1, 1, 0, 0, 0, 0, 0, 0],705.0470749739228,58445.79123614564,95781.2895945797,false
48,G4_BALANCED,G3_TWC,[31, 22, 42, 15, 26, 58, 95, 82, 77, 12, 47, 5, 93, 78, 98, 54, 85, 63, 18, 44, 20, 35, 43, 97, 91, 76, 10, 30, 21, 45, 71, 64, 1, 23, 17, 83, 24, 61, 60, 36, 6, 57, 94, 88, 65, 56, 79, 40, 67, 68, 46, 75, 38, 9, 19, 32, 81, 41, 27, 62, 87, 90, 99, 59, 11, 16, 72, 73, 70, 39, 37, 84, 3, 92, 25, 55, 28, 29, 51, 7, 33, 14, 86, 48, 89, 50, 66, 96, 53, 80, 4, 8, 34, 49, 52, 13, 0, 2, 69, 74]|[1, 1, 0, 1, 1, 1, 2, 1, 2, 1, 2, 2, 2, 1, 1, 0, 0, 1, 0, 2, 2, 0, 1, 2, 0, 1, 2, 2, 0, 0, 1, 2, 1, 2, 1, 0, 2, 0, 1, 1, 0, 1, 1, 1, 0, 2, 1, 1, 0, 0, 0, 0, 1, 1, 2, 1, 2, 2, 0, 0, 2, 1, 0, 1, 2, 1, 2, 1, 1, 1, 1, 1, 2, 1, 1, 1, 0, 0, 0, 1, 2, 1, 0, 0, 1, 0, 0, 2, 0, 0, 0, 1, 2, 0, 1, 0, 0, 0, 1, 2]|[4, 3, 2, 2, 0, 0, 2, 2, 2, 4, 1, 1, 2, 4, 4, 1, 1, 4, 2, 1, 1, 1, 1, 2, 1, 2, 1, 1, 1, 1, 3, 2, 3, 0, 4, 0, 1, 1, 0, 3, 2, 2, 4, 0, 1, 1, 0, 2, 0, 1, 2, 2, 1, 4, 0, 3, 2, 1, 1, 2, 1, 3, 1, 1, 1, 3, 0, 4, 3, 1, 4, 1, 1, 4, 4, 4, 2, 1, 1, 3, 1, 3, 1, 1, 1, 1, 1, 1, 2, 1, 2, 3, 1, 1, 1, 2, 2, 2, 3, 1]|[0, 2, 1, 1, 3, 3, 0, 1, 0, 0, 0, 0, 1, 0, 1, 0, 0, 3, 1, 0, 0, 0, 3, 1, 0, 2, 0, 0, 0, 1, 0, 0, 0, 0, 3, 0, 1, 0, 0, 2, 1, 1, 2, 0, 0, 0, 0, 1, 1, 0, 0, 0, 1, 3, 0, 0, 1, 0, 0, 1, 0, 2, 0, 1, 0, 2, 1, 0, 0, 1, 1, 3, 0, 0, 3, 3, 1, 0, 0, 2, 0, 0, 0, 0, 1, 0, 0, 0, 1, 0, 1, 2, 0, 1, 1, 0, 0, 0, 0, 0],736.2309893573844,57436.976823727186,90263.94588701171,true
48,G2_TEC,G2_TEC,[31, 22, 82, 15, 26, 9, 95, 42, 77, 68, 47, 5, 93, 78, 86, 54, 85, 63, 18, 44, 20, 49, 36, 14, 74, 50, 53, 17, 21, 28, 11, 64, 3, 23, 30, 83, 24, 41, 40, 52, 65, 27, 90, 70, 39, 58, 48, 69, 99, 4, 46, 1, 13, 87, 97, 59, 45, 8, 73, 37, 35, 79, 71, 66, 76, 32, 60, 80, 56, 6, 67, 61, 33, 7, 57, 34, 12, 16, 10, 98, 96, 88, 43, 81, 91, 2, 84, 29, 92, 19, 51, 89, 55, 25, 72, 75, 94, 38, 62, 0]|[2, 1, 2, 1, 1, 2, 1, 1, 1, 1, 1, 0, 2, 2, 1, 2, 0, 0, 0, 2, 2, 1, 0, 2, 0, 2, 2, 1, 0, 1, 1, 1, 0, 0, 1, 0, 2, 1, 2, 2, 0, 0, 1, 1, 0, 2, 0, 2, 1, 0, 0, 2, 0, 2, 2, 0, 1, 1, 0, 0, 2, 1, 1, 2, 2, 0, 2, 2, 2, 1, 2, 1, 1, 2, 0, 1, 1, 2, 1, 2, 0, 1, 1, 1, 1, 0, 0, 1, 0, 1, 1, 1, 0, 1, 1, 0, 2, 0, 1, 0]|[0, 3, 0, 3, 4, 1, 4, 4, 2, 4, 3, 2, 1, 0, 2, 1, 1, 1, 2, 1, 1, 3, 0, 1, 0, 1, 1, 4, 1, 4, 3, 2, 2, 0, 4, 1, 1, 4, 1, 1, 2, 1, 4, 4, 1, 1, 0, 1, 3, 2, 2, 1, 2, 1, 1, 2, 4, 3, 0, 2, 1, 3, 3, 1, 1, 2, 1, 1, 1, 4, 1, 3, 4, 1, 2, 4, 3, 1, 3, 1, 2, 4, 4, 4, 3, 2, 2, 3, 2, 4, 3, 4, 2, 4, 4, 2, 1, 2, 3, 2]|[0, 2, 0, 0, 3, 0, 1, 3, 0, 0, 2, 0, 0, 0, 1, 0, 0, 0, 1, 0, 0, 2, 0, 0, 1, 0, 0, 3, 0, 1, 0, 2, 0, 0, 3, 0, 1, 1, 0, 0, 0, 0, 1, 3, 0, 0, 1, 0, 2, 0, 0, 0, 0, 0, 1, 0, 1, 0, 1, 1, 0, 2, 0, 0, 0, 0, 0, 0, 0, 2, 0, 0, 1, 0, 0, 1, 0, 0, 3, 0, 0, 1, 2, 2, 0, 0, 0, 3, 0, 1, 0, 1, 0, 3, 1, 0, 0, 0, 0, 0],915.4865022436335,48708.26809038564,107918.70460880936,false
48,G3_TWC,G3_TWC,[31, 22, 42, 15, 26, 58, 95, 82, 77, 12, 47, 5, 93, 78, 98, 54, 85, 63, 18, 44, 20, 35, 43, 97, 91, 76, 10, 30, 21, 45, 71, 64, 1, 23, 17, 83, 24, 61, 60, 36, 6, 57, 94, 88, 65, 56, 79, 40, 67, 68, 46, 75, 38, 9, 19, 32, 81, 41, 27, 62, 87, 90, 99, 59, 11, 16, 72, 73, 70, 39, 37, 84, 3, 92, 25, 74, 28, 29, 51, 7, 53, 14, 86, 48, 89, 50, 66, 96, 33, 80, 4, 8, 34, 49, 52, 0, 13, 2, 69, 55]|[1, 1, 0, 1, 1, 1, 2, 1, 2, 1, 2, 2, 2, 1, 1, 0, 0, 1, 0, 2, 2, 0, 1, 2, 0, 1, 2, 2, 0, 0, 1, 2, 1, 2, 1, 0, 2, 0, 1, 1, 0, 1, 1, 1, 0, 2, 1, 1, 0, 0, 0, 0, 1, 1, 2, 1, 2, 0, 0, 0, 2, 1, 0, 1, 2, 1, 2, 1, 1, 1, 1, 1, 2, 0, 1, 2, 0, 0, 0, 1, 0, 1, 0, 0, 1, 0, 0, 0, 2, 0, 0, 1, 2, 0, 1, 0, 0, 0, 1, 1]|[4, 3, 2, 2, 0, 0, 2, 2, 2, 4, 1, 1, 2, 4, 4, 1, 1, 4, 2, 1, 1, 1, 1, 2, 1, 2, 1, 1, 1, 1, 3, 2, 3, 0, 4, 0, 1, 1, 0, 3, 2, 2, 4, 0, 1, 1, 0, 2, 0, 1, 2, 2, 1, 4, 0, 3, 2, 1, 1, 2, 1, 3, 1, 1, 1, 3, 0, 4, 3, 1, 4, 1, 1, 2, 4, 1, 2, 1, 1, 3, 2, 3, 1, 1, 1, 1, 1, 1, 1, 1, 2, 3, 1, 1, 1, 2, 2, 2, 3, 4]|[0, 2, 1, 1, 3, 3, 0, 1, 0, 0, 0, 0, 1, 0, 1, 0, 0, 3, 1, 0, 0, 0, 3, 1, 0, 2, 0, 0, 0, 1, 0, 0, 0, 0, 3, 0, 1, 0, 0, 2, 1, 1, 2, 0, 0, 0, 0, 1, 1, 0, 0, 0, 1, 3, 0, 0, 1, 0, 0, 1, 0, 2, 0, 1, 0, 2, 1, 0, 0, 1, 1, 3, 0, 1, 3, 0, 1, 0, 0, 2, 1, 0, 0, 0, 1, 0, 0, 0, 0, 0, 1, 2, 0, 1, 1, 0, 0, 0, 0, 3],804.6875225521468,57746.82533348298,88068.50778672317,false
48,G1_CMAX,G1_CMAX,[31, 22, 90, 26, 58, 95, 42, 12, 93, 5, 78, 86, 98, 18, 20, 35, 3, 97, 91, 76, 10, 85, 54, 45, 63, 71, 66, 1, 23, 17, 24, 60, 36, 6, 57, 15, 65, 56, 47, 79, 94, 67, 50, 46, 14, 75, 38, 9, 30, 19, 32, 81, 27, 92, 83, 87, 40, 99, 59, 11, 53, 16, 72, 77, 73, 70, 39, 37, 84, 43, 62, 25, 55, 28, 29, 51, 68, 82, 74, 61, 88, 21, 80, 89, 7, 69, 96, 41, 48, 4, 8, 34, 49, 52, 0, 44, 13, 2, 64, 33]|[1, 1, 1, 1, 0, 2, 1, 1, 2, 2, 2, 1, 0, 1, 2, 2, 1, 2, 0, 1, 2, 2, 2, 0, 0, 1, 2, 1, 2, 1, 2, 1, 1, 0, 1, 1, 0, 2, 2, 1, 1, 0, 0, 0, 0, 1, 1, 1, 1, 2, 1, 2, 2, 0, 0, 2, 1, 0, 0, 2, 0, 1, 2, 2, 1, 1, 1, 1, 1, 1, 0, 1, 1, 0, 0, 0, 0, 0, 2, 1, 1, 0, 0, 1, 1, 1, 2, 2, 0, 1, 1, 2, 0, 1, 0, 0, 0, 0, 2, 2]|[0, 4, 3, 0, 1, 1, 2, 4, 1, 1, 2, 4, 1, 4, 1, 1, 1, 2, 2, 2, 2, 1, 1, 1, 2, 3, 2, 3, 0, 4, 1, 0, 3, 2, 2, 2, 1, 1, 1, 0, 2, 0, 1, 2, 1, 3, 1, 4, 2, 0, 3, 2, 1, 2, 1, 1, 4, 1, 1, 1, 2, 3, 0, 2, 4, 3, 1, 4, 1, 1, 1, 4, 4, 2, 1, 1, 1, 2, 1, 3, 0, 1, 1, 1, 1, 3, 1, 1, 1, 4, 3, 1, 1, 1, 2, 2, 2, 2, 1, 1]|[3, 0, 2, 3, 0, 0, 1, 0, 0, 0, 1, 0, 0, 3, 0, 0, 1, 1, 1, 2, 1, 0, 0, 0, 0, 0, 0, 0, 0, 3, 1, 0, 2, 1, 1, 1, 0, 0, 0, 0, 1, 1, 0, 0, 0, 0, 1, 3, 2, 0, 0, 1, 0, 1, 0, 0, 2, 0, 0, 0, 1, 2, 1, 1, 0, 0, 1, 1, 3, 3, 0, 3, 3, 1, 0, 0, 0, 1, 0, 0, 0, 0, 0, 1, 2, 2, 0, 0, 0, 0, 2, 0, 1, 1, 0, 0, 0, 0, 0, 0],705.0470749739228,58445.79123614564,95781.2895945797,false
48,G4_BALANCED,G3_TWC,[31, 22, 42, 15, 26, 58, 95, 82, 77, 12, 47, 5, 93, 78, 98, 54, 85, 63, 18, 44, 20, 35, 43, 97, 91, 76, 10, 30, 21, 45, 71, 64, 1, 23, 17, 83, 24, 61, 60, 36, 6, 57, 94, 88, 65, 56, 79, 40, 67, 68, 46, 75, 38, 9, 19, 32, 81, 41, 27, 62, 87, 90, 99, 59, 11, 16, 72, 73, 70, 39, 37, 84, 3, 92, 25, 55, 28, 29, 51, 7, 33, 14, 86, 48, 89, 50, 66, 96, 53, 80, 4, 8, 34, 49, 52, 13, 0, 2, 69, 74]|[1, 1, 0, 1, 1, 1, 2, 1, 2, 1, 2, 2, 2, 1, 1, 0, 0, 1, 0, 2, 2, 0, 1, 2, 0, 1, 2, 2, 0, 0, 1, 2, 1, 2, 1, 0, 2, 0, 1, 1, 0, 1, 1, 1, 0, 2, 1, 1, 0, 0, 0, 0, 1, 1, 2, 1, 2, 2, 0, 0, 2, 1, 0, 1, 2, 1, 2, 1, 1, 1, 1, 1, 2, 1, 1, 1, 0, 0, 0, 1, 2, 1, 0, 0, 1, 0, 0, 2, 0, 0, 0, 1, 2, 0, 1, 0, 0, 0, 1, 2]|[4, 3, 2, 2, 0, 0, 2, 2, 2, 4, 1, 1, 2, 4, 4, 1, 1, 4, 2, 1, 1, 1, 1, 2, 1, 2, 1, 1, 1, 1, 3, 2, 3, 0, 4, 0, 1, 1, 0, 3, 2, 2, 4, 0, 1, 1, 0, 2, 0, 1, 2, 2, 1, 4, 0, 3, 2, 1, 1, 2, 1, 3, 1, 1, 1, 3, 0, 4, 3, 1, 4, 1, 1, 4, 4, 4, 2, 1, 1, 3, 1, 3, 1, 1, 1, 1, 1, 1, 2, 1, 2, 3, 1, 1, 1, 2, 2, 2, 3, 1]|[0, 2, 1, 1, 3, 3, 0, 1, 0, 0, 0, 0, 1, 0, 1, 0, 0, 3, 1, 0, 0, 0, 3, 1, 0, 2, 0, 0, 0, 1, 0, 0, 0, 0, 3, 0, 1, 0, 0, 2, 1, 1, 2, 0, 0, 0, 0, 1, 1, 0, 0, 0, 1, 3, 0, 0, 1, 0, 0, 1, 0, 2, 0, 1, 0, 2, 1, 0, 0, 1, 1, 3, 0, 0, 3, 3, 1, 0, 0, 2, 0, 0, 0, 0, 1, 0, 0, 0, 1, 0, 1, 2, 0, 1, 1, 0, 0, 0, 0, 0],736.2309893573844,57436.976823727186,90263.94588701171,true
48,G2_TEC,G2_TEC,[31, 22, 82, 15, 26, 9, 95, 42, 77, 68, 47, 5, 93, 78, 86, 54, 85, 63, 18, 44, 20, 49, 36, 14, 74, 50, 53, 17, 21, 28, 11, 64, 3, 23, 30, 83, 24, 41, 40, 52, 65, 27, 90, 70, 39, 58, 48, 69, 99, 4, 46, 1, 13, 87, 97, 59, 45, 8, 73, 37, 35, 79, 71, 66, 76, 32, 60, 80, 56, 6, 67, 61, 33, 7, 57, 34, 12, 16, 10, 98, 96, 88, 43, 81, 91, 2, 84, 29, 92, 19, 51, 89, 55, 25, 72, 75, 94, 38, 62, 0]|[2, 1, 2, 1, 1, 2, 1, 1, 1, 1, 1, 0, 2, 2, 1, 2, 0, 0, 0, 2, 2, 1, 0, 2, 0, 2, 2, 1, 0, 1, 1, 1, 0, 0, 1, 0, 2, 1, 2, 2, 0, 0, 1, 1, 0, 2, 0, 2, 1, 0, 0, 2, 0, 2, 2, 0, 1, 1, 0, 0, 2, 1, 1, 2, 2, 0, 2, 2, 2, 1, 2, 1, 1, 2, 0, 1, 1, 2, 1, 2, 0, 1, 1, 1, 1, 0, 0, 1, 0, 1, 1, 1, 0, 1, 1, 0, 2, 0, 1, 0]|[0, 3, 0, 3, 4, 1, 4, 4, 2, 4, 3, 2, 1, 0, 2, 1, 1, 1, 2, 1, 1, 3, 0, 1, 0, 1, 1, 4, 1, 4, 3, 2, 2, 0, 4, 1, 1, 4, 1, 1, 2, 1, 4, 4, 1, 1, 0, 1, 3, 2, 2, 1, 2, 1, 1, 2, 4, 3, 0, 2, 1, 3, 3, 1, 1, 2, 1, 1, 1, 4, 1, 3, 4, 1, 2, 4, 3, 1, 3, 1, 2, 4, 4, 4, 3, 2, 2, 3, 2, 4, 3, 4, 2, 4, 4, 2, 1, 2, 3, 2]|[0, 2, 0, 0, 3, 0, 1, 3, 0, 0, 2, 0, 0, 0, 1, 0, 0, 0, 1, 0, 0, 2, 0, 0, 1, 0, 0, 3, 0, 1, 0, 2, 0, 0, 3, 0, 1, 1, 0, 0, 0, 0, 1, 3, 0, 0, 1, 0, 2, 0, 0, 0, 0, 0, 1, 0, 1, 0, 1, 1, 0, 2, 0, 0, 0, 0, 0, 0, 0, 2, 0, 0, 1, 0, 0, 1, 0, 0, 3, 0, 0, 1, 2, 2, 0, 0, 0, 3, 0, 1, 0, 1, 0, 3, 1, 0, 0, 0, 0, 0],915.4865022436335,48708.26809038564,107918.70460880936,false
48,G3_TWC,G3_TWC,[31, 22, 42, 15, 26, 58, 95, 82, 77, 12, 47, 5, 93, 78, 98, 54, 85, 63, 18, 44, 20, 35, 43, 97, 91, 76, 10, 30, 21, 45, 71, 64, 1, 23, 17, 83, 24, 61, 60, 36, 6, 57, 94, 88, 65, 56, 79, 40, 67, 68, 46, 75, 38, 9, 19, 32, 81, 41, 27, 62, 87, 90, 99, 59, 11, 16, 72, 73, 70, 39, 37, 84, 3, 92, 25, 74, 28, 29, 51, 7, 53, 14, 86, 48, 89, 50, 66, 96, 33, 80, 4, 8, 34, 49, 52, 0, 13, 2, 69, 55]|[1, 1, 0, 1, 1, 1, 2, 1, 2, 1, 2, 2, 2, 1, 1, 0, 0, 1, 0, 2, 2, 0, 1, 2, 0, 1, 2, 2, 0, 0, 1, 2, 1, 2, 1, 0, 2, 0, 1, 1, 0, 1, 1, 1, 0, 2, 1, 1, 0, 0, 0, 0, 1, 1, 2, 1, 2, 0, 0, 0, 2, 1, 0, 1, 2, 1, 2, 1, 1, 1, 1, 1, 2, 0, 1, 2, 0, 0, 0, 1, 0, 1, 0, 0, 1, 0, 0, 0, 2, 0, 0, 1, 2, 0, 1, 0, 0, 0, 1, 1]|[4, 3, 2, 2, 0, 0, 2, 2, 2, 4, 1, 1, 2, 4, 4, 1, 1, 4, 2, 1, 1, 1, 1, 2, 1, 2, 1, 1, 1, 1, 3, 2, 3, 0, 4, 0, 1, 1, 0, 3, 2, 2, 4, 0, 1, 1, 0, 2, 0, 1, 2, 2, 1, 4, 0, 3, 2, 1, 1, 2, 1, 3, 1, 1, 1, 3, 0, 4, 3, 1, 4, 1, 1, 2, 4, 1, 2, 1, 1, 3, 2, 3, 1, 1, 1, 1, 1, 1, 1, 1, 2, 3, 1, 1, 1, 2, 2, 2, 3, 4]|[0, 2, 1, 1, 3, 3, 0, 1, 0, 0, 0, 0, 1, 0, 1, 0, 0, 3, 1, 0, 0, 0, 3, 1, 0, 2, 0, 0, 0, 1, 0, 0, 0, 0, 3, 0, 1, 0, 0, 2, 1, 1, 2, 0, 0, 0, 0, 1, 1, 0, 0, 0, 1, 3, 0, 0, 1, 0, 0, 1, 0, 2, 0, 1, 0, 2, 1, 0, 0, 1, 1, 3, 0, 1, 3, 0, 1, 0, 0, 2, 1, 0, 0, 0, 1, 0, 0, 0, 0, 0, 1, 2, 0, 1, 1, 0, 0, 0, 0, 3],804.6875225521468,57746.82533348298,88068.50778672317,false
48,G1_CMAX,G1_CMAX,[31, 22, 90, 26, 58, 95, 42, 12, 93, 5, 78, 86, 98, 18, 20, 35, 3, 97, 91, 76, 10, 85, 54, 45, 63, 71, 66, 1, 23, 17, 24, 60, 36, 6, 57, 15, 65, 56, 47, 79, 94, 67, 50, 46, 14, 75, 38, 9, 30, 19, 32, 81, 27, 92, 83, 87, 40, 99, 59, 11, 53, 16, 72, 77, 73, 70, 39, 37, 84, 43, 62, 25, 55, 28, 29, 51, 68, 82, 74, 61, 88, 21, 80, 89, 7, 69, 96, 41, 48, 4, 8, 34, 49, 52, 0, 44, 13, 2, 64, 33]|[1, 1, 1, 1, 0, 2, 1, 1, 2, 2, 2, 1, 0, 1, 2, 2, 1, 2, 0, 1, 2, 2, 2, 0, 0, 1, 2, 1, 2, 1, 2, 1, 1, 0, 1, 1, 0, 2, 2, 1, 1, 0, 0, 0, 0, 1, 1, 1, 1, 2, 1, 2, 2, 0, 0, 2, 1, 0, 0, 2, 0, 1, 2, 2, 1, 1, 1, 1, 1, 1, 0, 1, 1, 0, 0, 0, 0, 0, 2, 1, 1, 0, 0, 1, 1, 1, 2, 2, 0, 1, 1, 2, 0, 1, 0, 0, 0, 0, 2, 2]|[0, 4, 3, 0, 1, 1, 2, 4, 1, 1, 2, 4, 1, 4, 1, 1, 1, 2, 2, 2, 2, 1, 1, 1, 2, 3, 2, 3, 0, 4, 1, 0, 3, 2, 2, 2, 1, 1, 1, 0, 2, 0, 1, 2, 1, 3, 1, 4, 2, 0, 3, 2, 1, 2, 1, 1, 4, 1, 1, 1, 2, 3, 0, 2, 4, 3, 1, 4, 1, 1, 1, 4, 4, 2, 1, 1, 1, 2, 1, 3, 0, 1, 1, 1, 1, 3, 1, 1, 1, 4, 3, 1, 1, 1, 2, 2, 2, 2, 1, 1]|[3, 0, 2, 3, 0, 0, 1, 0, 0, 0, 1, 0, 0, 3, 0, 0, 1, 1, 1, 2, 1, 0, 0, 0, 0, 0, 0, 0, 0, 3, 1, 0, 2, 1, 1, 1, 0, 0, 0, 0, 1, 1, 0, 0, 0, 0, 1, 3, 2, 0, 0, 1, 0, 1, 0, 0, 2, 0, 0, 0, 1, 2, 1, 1, 0, 0, 1, 1, 3, 3, 0, 3, 3, 1, 0, 0, 0, 1, 0, 0, 0, 0, 0, 1, 2, 2, 0, 0, 0, 0, 2, 0, 1, 1, 0, 0, 0, 0, 0, 0],705.0470749739228,58445.79123614564,95781.2895945797,false
48,G4_BALANCED,G3_TWC,[31, 22, 42, 15, 26, 58, 95, 82, 77, 12, 47, 5, 93, 78, 98, 54, 85, 63, 18, 44, 20, 35, 43, 97, 91, 76, 10, 30, 21, 45, 71, 64, 1, 23, 17, 83, 24, 61, 60, 36, 6, 57, 94, 88, 65, 56, 79, 40, 67, 68, 46, 75, 38, 9, 19, 32, 81, 41, 27, 62, 87, 90, 99, 59, 11, 16, 72, 73, 70, 39, 37, 84, 3, 92, 25, 55, 28, 29, 51, 7, 33, 14, 86, 48, 89, 50, 66, 96, 53, 80, 4, 8, 34, 49, 52, 13, 0, 2, 69, 74]|[1, 1, 0, 1, 1, 1, 2, 1, 2, 1, 2, 2, 2, 1, 1, 0, 0, 1, 0, 2, 2, 0, 1, 2, 0, 1, 2, 2, 0, 0, 1, 2, 1, 2, 1, 0, 2, 0, 1, 1, 0, 1, 1, 1, 0, 2, 1, 1, 0, 0, 0, 0, 1, 1, 2, 1, 2, 2, 0, 0, 2, 1, 0, 1, 2, 1, 2, 1, 1, 1, 1, 1, 2, 1, 1, 1, 0, 0, 0, 1, 2, 1, 0, 0, 1, 0, 0, 2, 0, 0, 0, 1, 2, 0, 1, 0, 0, 0, 1, 2]|[4, 3, 2, 2, 0, 0, 2, 2, 2, 4, 1, 1, 2, 4, 4, 1, 1, 4, 2, 1, 1, 1, 1, 2, 1, 2, 1, 1, 1, 1, 3, 2, 3, 0, 4, 0, 1, 1, 0, 3, 2, 2, 4, 0, 1, 1, 0, 2, 0, 1, 2, 2, 1, 4, 0, 3, 2, 1, 1, 2, 1, 3, 1, 1, 1, 3, 0, 4, 3, 1, 4, 1, 1, 4, 4, 4, 2, 1, 1, 3, 1, 3, 1, 1, 1, 1, 1, 1, 2, 1, 2, 3, 1, 1, 1, 2, 2, 2, 3, 1]|[0, 2, 1, 1, 3, 3, 0, 1, 0, 0, 0, 0, 1, 0, 1, 0, 0, 3, 1, 0, 0, 0, 3, 1, 0, 2, 0, 0, 0, 1, 0, 0, 0, 0, 3, 0, 1, 0, 0, 2, 1, 1, 2, 0, 0, 0, 0, 1, 1, 0, 0, 0, 1, 3, 0, 0, 1, 0, 0, 1, 0, 2, 0, 1, 0, 2, 1, 0, 0, 1, 1, 3, 0, 0, 3, 3, 1, 0, 0, 2, 0, 0, 0, 0, 1, 0, 0, 0, 1, 0, 1, 2, 0, 1, 1, 0, 0, 0, 0, 0],736.2309893573844,57436.976823727186,90263.94588701171,true
48,G2_TEC,G2_TEC,[31, 22, 82, 15, 26, 9, 95, 42, 77, 68, 47, 5, 93, 78, 86, 54, 85, 63, 18, 44, 20, 49, 36, 14, 74, 50, 53, 17, 21, 28, 11, 64, 3, 23, 30, 83, 24, 41, 40, 52, 65, 27, 90, 70, 39, 87, 48, 69, 99, 4, 46, 1, 13, 58, 97, 59, 45, 8, 73, 37, 35, 79, 71, 66, 76, 32, 60, 80, 56, 6, 67, 61, 33, 7, 57, 34, 12, 16, 10, 98, 96, 88, 43, 81, 91, 2, 84, 29, 92, 19, 51, 89, 75, 55, 72, 94, 25, 38, 62, 0]|[2, 1, 2, 1, 1, 2, 1, 1, 1, 1, 1, 0, 2, 2, 1, 2, 0, 0, 0, 2, 2, 1, 0, 2, 0, 2, 2, 1, 0, 1, 1, 1, 0, 0, 1, 0, 2, 1, 2, 2, 0, 0, 1, 1, 0, 2, 0, 2, 1, 0, 0, 2, 0, 0, 2, 0, 1, 1, 0, 0, 2, 1, 1, 2, 2, 0, 2, 2, 2, 1, 2, 1, 1, 2, 0, 1, 1, 2, 1, 2, 0, 1, 1, 1, 1, 0, 0, 1, 0, 1, 1, 1, 0, 0, 1, 2, 1, 0, 1, 0]|[0, 3, 0, 3, 4, 1, 4, 4, 4, 4, 3, 2, 1, 0, 2, 1, 1, 1, 2, 1, 1, 3, 0, 1, 0, 1, 1, 4, 1, 4, 3, 2, 2, 0, 4, 1, 1, 4, 1, 1, 2, 1, 4, 4, 1, 1, 0, 1, 3, 2, 2, 1, 2, 1, 1, 2, 4, 3, 0, 2, 1, 3, 3, 1, 1, 2, 1, 1, 1, 4, 1, 3, 4, 1, 2, 4, 3, 1, 3, 1, 2, 4, 4, 4, 3, 2, 2, 3, 2, 4, 3, 4, 2, 2, 4, 1, 4, 2, 3, 2]|[0, 2, 0, 0, 3, 0, 1, 3, 1, 0, 2, 0, 0, 0, 1, 0, 0, 0, 1, 0, 0, 2, 0, 0, 1, 0, 0, 3, 0, 1, 0, 2, 0, 0, 3, 0, 1, 1, 0, 0, 0, 0, 1, 3, 0, 0, 1, 0, 2, 0, 0, 0, 0, 0, 1, 0, 1, 0, 1, 1, 0, 2, 0, 0, 0, 0, 0, 0, 0, 2, 0, 0, 1, 0, 0, 1, 0, 0, 3, 0, 0, 1, 2, 2, 0, 0, 0, 3, 0, 1, 0, 1, 0, 0, 1, 0, 3, 0, 0, 0],931.35319649833,48561.810870017274,110379.59638588759,false
48,G3_TWC,G3_TWC,[31, 22, 42, 15, 26, 58, 95, 82, 77, 12, 47, 5, 93, 78, 98, 54, 85, 63, 18, 44, 20, 35, 43, 97, 91, 76, 10, 30, 21, 45, 71, 64, 1, 23, 17, 83, 24, 61, 60, 36, 6, 57, 94, 88, 65, 56, 79, 40, 67, 68, 46, 75, 38, 9, 19, 32, 81, 41, 27, 62, 87, 90, 99, 59, 11, 16, 72, 73, 70, 39, 37, 84, 3, 92, 25, 74, 28, 29, 51, 7, 53, 14, 86, 48, 89, 50, 66, 96, 33, 80, 4, 8, 34, 49, 52, 0, 13, 2, 69, 55]|[1, 1, 0, 1, 1, 1, 2, 1, 2, 1, 2, 2, 2, 1, 1, 0, 0, 1, 0, 2, 2, 0, 1, 2, 0, 1, 2, 2, 0, 0, 1, 2, 1, 2, 1, 0, 2, 0, 1, 1, 0, 1, 1, 1, 0, 2, 1, 1, 0, 0, 0, 0, 1, 1, 2, 1, 2, 0, 0, 0, 2, 1, 0, 1, 2, 1, 2, 1, 1, 1, 1, 1, 2, 0, 1, 2, 0, 0, 0, 1, 0, 1, 0, 0, 1, 0, 0, 0, 2, 0, 0, 1, 2, 0, 1, 0, 0, 0, 1, 1]|[4, 3, 2, 2, 0, 0, 2, 2, 2, 4, 1, 1, 2, 4, 4, 1, 1, 4, 2, 1, 1, 1, 1, 2, 1, 2, 1, 1, 1, 1, 3, 2, 3, 0, 4, 0, 1, 1, 0, 3, 2, 2, 4, 0, 1, 1, 0, 2, 0, 1, 2, 2, 1, 4, 0, 3, 2, 1, 1, 2, 1, 3, 1, 1, 1, 3, 0, 4, 3, 1, 4, 1, 1, 2, 4, 1, 2, 1, 1, 3, 2, 3, 1, 1, 1, 1, 1, 1, 1, 1, 2, 3, 1, 1, 1, 2, 2, 2, 3, 4]|[0, 2, 1, 1, 3, 3, 0, 1, 0, 0, 0, 0, 1, 0, 1, 0, 0, 3, 1, 0, 0, 0, 3, 1, 0, 2, 0, 0, 0, 1, 0, 0, 0, 0, 3, 0, 1, 0, 0, 2, 1, 1, 2, 0, 0, 0, 0, 1, 1, 0, 0, 0, 1, 3, 0, 0, 1, 0, 0, 1, 0, 2, 0, 1, 0, 2, 1, 0, 0, 1, 1, 3, 0, 1, 3, 0, 1, 0, 0, 2, 1, 0, 0, 0, 1, 0, 0, 0, 0, 0, 1, 2, 0, 1, 1, 0, 0, 0, 0, 3],804.6875225521468,57746.82533348298,88068.50778672317,false
48,G1_CMAX,G1_CMAX,[31, 22, 90, 26, 58, 95, 42, 12, 93, 5, 78, 86, 98, 18, 20, 35, 3, 97, 91, 76, 10, 85, 54, 45, 63, 71, 66, 1, 23, 17, 24, 60, 36, 6, 57, 15, 65, 56, 47, 79, 94, 67, 50, 46, 14, 75, 38, 9, 30, 19, 32, 81, 27, 92, 83, 87, 40, 99, 59, 11, 53, 16, 72, 77, 73, 70, 39, 37, 84, 43, 62, 25, 55, 28, 29, 51, 68, 82, 74, 61, 88, 21, 80, 89, 7, 69, 96, 41, 48, 4, 8, 34, 49, 52, 0, 44, 13, 2, 64, 33]|[1, 1, 1, 1, 0, 2, 1, 1, 2, 2, 2, 1, 0, 1, 2, 2, 1, 2, 0, 1, 2, 2, 2, 0, 0, 1, 2, 1, 2, 1, 2, 1, 1, 0, 1, 1, 0, 2, 2, 1, 1, 0, 0, 0, 0, 1, 1, 1, 1, 2, 1, 2, 2, 0, 0, 2, 1, 0, 0, 2, 0, 1, 2, 2, 1, 1, 1, 1, 1, 1, 0, 1, 1, 0, 0, 0, 0, 0, 2, 1, 1, 0, 0, 1, 1, 1, 2, 2, 0, 1, 1, 2, 0, 1, 0, 0, 0, 0, 2, 2]|[0, 4, 3, 0, 1, 1, 2, 4, 1, 1, 2, 4, 1, 4, 1, 1, 1, 2, 2, 2, 2, 1, 1, 1, 2, 3, 2, 3, 0, 4, 1, 0, 3, 2, 2, 2, 1, 1, 1, 0, 2, 0, 1, 2, 1, 3, 1, 4, 2, 0, 3, 2, 1, 2, 1, 1, 4, 1, 1, 1, 2, 3, 0, 2, 4, 3, 1, 4, 1, 1, 1, 4, 4, 2, 1, 1, 1, 2, 1, 3, 0, 1, 1, 1, 1, 3, 1, 1, 1, 4, 3, 1, 1, 1, 2, 2, 2, 2, 1, 1]|[3, 0, 2, 3, 0, 0, 1, 0, 0, 0, 1, 0, 0, 3, 0, 0, 1, 1, 1, 2, 1, 0, 0, 0, 0, 0, 0, 0, 0, 3, 1, 0, 2, 1, 1, 1, 0, 0, 0, 0, 1, 1, 0, 0, 0, 0, 1, 3, 2, 0, 0, 1, 0, 1, 0, 0, 2, 0, 0, 0, 1, 2, 1, 1, 0, 0, 1, 1, 3, 3, 0, 3, 3, 1, 0, 0, 0, 1, 0, 0, 0, 0, 0, 1, 2, 2, 0, 0, 0, 0, 2, 0, 1, 1, 0, 0, 0, 0, 0, 0],705.0470749739228,58445.79123614564,95781.2895945797,false
48,G4_BALANCED,G3_TWC,[31, 22, 42, 15, 26, 58, 95, 82, 77, 12, 47, 5, 93, 78, 98, 54, 85, 63, 18, 44, 20, 35, 43, 97, 91, 76, 10, 30, 21, 45, 71, 64, 1, 23, 17, 83, 24, 61, 60, 36, 6, 57, 94, 88, 65, 56, 79, 40, 67, 68, 46, 75, 38, 9, 19, 32, 81, 41, 27, 62, 87, 90, 99, 59, 11, 16, 72, 73, 70, 39, 37, 84, 3, 92, 25, 55, 28, 29, 51, 7, 33, 14, 86, 48, 89, 50, 66, 96, 53, 80, 4, 8, 34, 49, 52, 13, 0, 2, 69, 74]|[1, 1, 0, 1, 1, 1, 2, 1, 2, 1, 2, 2, 2, 1, 1, 0, 0, 1, 0, 2, 2, 0, 1, 2, 0, 1, 2, 2, 0, 0, 1, 2, 1, 2, 1, 0, 2, 0, 1, 1, 0, 1, 1, 1, 0, 2, 1, 1, 0, 0, 0, 0, 1, 1, 2, 1, 2, 2, 0, 0, 2, 1, 0, 1, 2, 1, 2, 1, 1, 1, 1, 1, 2, 1, 1, 1, 0, 0, 0, 1, 2, 1, 0, 0, 1, 0, 0, 2, 0, 0, 0, 1, 2, 0, 1, 0, 0, 0, 1, 2]|[4, 3, 2, 2, 0, 0, 2, 2, 2, 4, 1, 1, 2, 4, 4, 1, 1, 4, 2, 1, 1, 1, 1, 2, 1, 2, 1, 1, 1, 1, 3, 2, 3, 0, 4, 0, 1, 1, 0, 3, 2, 2, 4, 0, 1, 1, 0, 2, 0, 1, 2, 2, 1, 4, 0, 3, 2, 1, 1, 2, 1, 3, 1, 1, 1, 3, 0, 4, 3, 1, 4, 1, 1, 4, 4, 4, 2, 1, 1, 3, 1, 3, 1, 1, 1, 1, 1, 1, 2, 1, 2, 3, 1, 1, 1, 2, 2, 2, 3, 1]|[0, 2, 1, 1, 3, 3, 0, 1, 0, 0, 0, 0, 1, 0, 1, 0, 0, 3, 1, 0, 0, 0, 3, 1, 0, 2, 0, 0, 0, 1, 0, 0, 0, 0, 3, 0, 1, 0, 0, 2, 1, 1, 2, 0, 0, 0, 0, 1, 1, 0, 0, 0, 1, 3, 0, 0, 1, 0, 0, 1, 0, 2, 0, 1, 0, 2, 1, 0, 0, 1, 1, 3, 0, 0, 3, 3, 1, 0, 0, 2, 0, 0, 0, 0, 1, 0, 0, 0, 1, 0, 1, 2, 0, 1, 1, 0, 0, 0, 0, 0],736.2309893573844,57436.976823727186,90263.94588701171,true
48,G2_TEC,G2_TEC,[31, 22, 82, 15, 26, 9, 95, 42, 77, 68, 47, 5, 93, 78, 86, 54, 85, 63, 18, 44, 20, 49, 36, 14, 74, 50, 53, 17, 21, 28, 11, 64, 3, 23, 30, 83, 24, 41, 40, 52, 65, 27, 90, 70, 39, 87, 48, 69, 99, 4, 46, 1, 13, 58, 97, 59, 45, 8, 73, 37, 35, 79, 71, 66, 76, 32, 60, 80, 56, 6, 67, 61, 33, 7, 57, 34, 12, 16, 10, 98, 96, 88, 43, 81, 91, 2, 84, 29, 92, 19, 51, 89, 75, 55, 72, 94, 25, 38, 62, 0]|[2, 1, 2, 1, 1, 2, 1, 1, 1, 1, 1, 0, 2, 2, 1, 2, 0, 0, 0, 2, 2, 1, 0, 2, 0, 2, 2, 1, 0, 1, 1, 1, 0, 0, 1, 0, 2, 1, 2, 2, 0, 0, 1, 1, 0, 2, 0, 2, 1, 0, 0, 2, 0, 0, 2, 0, 1, 1, 0, 0, 2, 1, 1, 2, 2, 0, 2, 2, 2, 1, 2, 1, 1, 2, 0, 1, 1, 2, 1, 2, 0, 1, 1, 1, 1, 0, 0, 1, 0, 1, 1, 1, 0, 0, 1, 2, 1, 0, 1, 0]|[0, 3, 0, 3, 4, 1, 4, 4, 4, 4, 3, 2, 1, 0, 2, 1, 1, 1, 2, 1, 1, 3, 0, 1, 0, 1, 1, 4, 1, 4, 3, 2, 2, 0, 4, 1, 1, 4, 1, 1, 2, 1, 4, 4, 1, 1, 0, 1, 3, 2, 2, 1, 2, 1, 1, 2, 4, 3, 0, 2, 1, 3, 3, 1, 1, 2, 1, 1, 1, 4, 1, 3, 4, 1, 2, 4, 3, 1, 3, 1, 2, 4, 4, 4, 3, 2, 2, 3, 2, 4, 3, 4, 2, 2, 4, 1, 4, 2, 3, 2]|[0, 2, 0, 0, 3, 0, 1, 3, 1, 0, 2, 0, 0, 0, 1, 0, 0, 0, 1, 0, 0, 2, 0, 0, 1, 0, 0, 3, 0, 1, 0, 2, 0, 0, 3, 0, 1, 1, 0, 0, 0, 0, 1, 3, 0, 0, 1, 0, 2, 0, 0, 0, 0, 0, 1, 0, 1, 0, 1, 1, 0, 2, 0, 0, 0, 0, 0, 0, 0, 2, 0, 0, 1, 0, 0, 1, 0, 0, 3, 0, 0, 1, 2, 2, 0, 0, 0, 3, 0, 1, 0, 1, 0, 0, 1, 0, 3, 0, 0, 0],931.35319649833,48561.810870017274,110379.59638588759,false
48,G3_TWC,G3_TWC,[31, 22, 42, 15, 26, 58, 95, 82, 77, 12, 47, 5, 93, 78, 98, 54, 85, 63, 18, 44, 20, 35, 43, 97, 91, 76, 10, 30, 21, 45, 71, 64, 1, 23, 17, 83, 24, 61, 60, 36, 6, 57, 94, 88, 65, 56, 79, 40, 67, 68, 46, 75, 38, 9, 19, 32, 81, 41, 27, 62, 87, 90, 99, 59, 11, 16, 72, 73, 70, 39, 37, 84, 3, 92, 25, 74, 28, 29, 51, 7, 53, 14, 86, 48, 89, 50, 66, 96, 33, 80, 4, 8, 34, 49, 52, 0, 13, 2, 69, 55]|[1, 1, 0, 1, 1, 1, 2, 1, 2, 1, 2, 2, 2, 1, 1, 0, 0, 1, 0, 2, 2, 0, 1, 2, 0, 1, 2, 2, 0, 0, 1, 2, 1, 2, 1, 0, 2, 0, 1, 1, 0, 1, 1, 1, 0, 2, 1, 1, 0, 0, 0, 0, 1, 1, 2, 1, 2, 0, 0, 0, 2, 1, 0, 1, 2, 1, 2, 1, 1, 1, 1, 1, 2, 0, 1, 2, 0, 0, 0, 1, 0, 1, 0, 0, 1, 0, 0, 0, 2, 0, 0, 1, 2, 0, 1, 0, 0, 0, 1, 1]|[4, 3, 2, 2, 0, 0, 2, 2, 2, 4, 1, 1, 2, 4, 4, 1, 1, 4, 2, 1, 1, 1, 1, 2, 1, 2, 1, 1, 1, 1, 3, 2, 3, 0, 4, 0, 1, 1, 0, 3, 2, 2, 4, 0, 1, 1, 0, 2, 0, 1, 2, 2, 1, 4, 0, 3, 2, 1, 1, 2, 1, 3, 1, 1, 1, 3, 0, 4, 3, 1, 4, 1, 1, 2, 4, 1, 2, 1, 1, 3, 2, 3, 1, 1, 1, 1, 1, 1, 1, 1, 2, 3, 1, 1, 1, 2, 2, 2, 3, 4]|[0, 2, 1, 1, 3, 3, 0, 1, 0, 0, 0, 0, 1, 0, 1, 0, 0, 3, 1, 0, 0, 0, 3, 1, 0, 2, 0, 0, 0, 1, 0, 0, 0, 0, 3, 0, 1, 0, 0, 2, 1, 1, 2, 0, 0, 0, 0, 1, 1, 0, 0, 0, 1, 3, 0, 0, 1, 0, 0, 1, 0, 2, 0, 1, 0, 2, 1, 0, 0, 1, 1, 3, 0, 1, 3, 0, 1, 0, 0, 2, 1, 0, 0, 0, 1, 0, 0, 0, 0, 0, 1, 2, 0, 1, 1, 0, 0, 0, 0, 3],804.6875225521468,57746.82533348298,88068.50778672317,false
48,G1_CMAX,G1_CMAX,[31, 22, 90, 26, 58, 95, 42, 12, 93, 5, 78, 86, 98, 18, 20, 35, 3, 97, 91, 76, 10, 85, 54, 45, 63, 71, 66, 1, 23, 17, 24, 60, 36, 6, 57, 15, 65, 56, 47, 79, 94, 67, 50, 46, 14, 75, 38, 9, 30, 19, 32, 81, 27, 92, 83, 87, 40, 99, 59, 11, 53, 16, 72, 77, 73, 70, 39, 37, 84, 43, 62, 25, 55, 28, 29, 51, 68, 82, 74, 61, 88, 21, 80, 89, 7, 69, 96, 41, 48, 4, 8, 34, 49, 52, 0, 44, 13, 2, 64, 33]|[1, 1, 1, 1, 0, 2, 1, 1, 2, 2, 2, 1, 0, 1, 2, 2, 1, 2, 0, 1, 2, 2, 2, 0, 0, 1, 2, 1, 2, 1, 2, 1, 1, 0, 1, 1, 0, 2, 2, 1, 1, 0, 0, 0, 0, 1, 1, 1, 1, 2, 1, 2, 2, 0, 0, 2, 1, 0, 0, 2, 0, 1, 2, 2, 1, 1, 1, 1, 1, 1, 0, 1, 1, 0, 0, 0, 0, 0, 2, 1, 1, 0, 0, 1, 1, 1, 2, 2, 0, 1, 1, 2, 0, 1, 0, 0, 0, 0, 2, 2]|[0, 4, 3, 0, 1, 1, 2, 4, 1, 1, 2, 4, 1, 4, 1, 1, 1, 2, 2, 2, 2, 1, 1, 1, 2, 3, 2, 3, 0, 4, 1, 0, 3, 2, 2, 2, 1, 1, 1, 0, 2, 0, 1, 2, 1, 3, 1, 4, 2, 0, 3, 2, 1, 2, 1, 1, 4, 1, 1, 1, 2, 3, 0, 2, 4, 3, 1, 4, 1, 1, 1, 4, 4, 2, 1, 1, 1, 2, 1, 3, 0, 1, 1, 1, 1, 3, 1, 1, 1, 4, 3, 1, 1, 1, 2, 2, 2, 2, 1, 1]|[3, 0, 2, 3, 0, 0, 1, 0, 0, 0, 1, 0, 0, 3, 0, 0, 1, 1, 1, 2, 1, 0, 0, 0, 0, 0, 0, 0, 0, 3, 1, 0, 2, 1, 1, 1, 0, 0, 0, 0, 1, 1, 0, 0, 0, 0, 1, 3, 2, 0, 0, 1, 0, 1, 0, 0, 2, 0, 0, 0, 1, 2, 1, 1, 0, 0, 1, 1, 3, 3, 0, 3, 3, 1, 0, 0, 0, 1, 0, 0, 0, 0, 0, 1, 2, 2, 0, 0, 0, 0, 2, 0, 1, 1, 0, 0, 0, 0, 0, 0],705.0470749739228,58445.79123614564,95781.2895945797,false
48,G4_BALANCED,G3_TWC,[31, 22, 42, 15, 26, 58, 95, 82, 77, 12, 47, 5, 93, 78, 98, 54, 85, 63, 18, 44, 20, 35, 43, 97, 91, 76, 10, 30, 21, 45, 71, 64, 1, 23, 17, 83, 24, 61, 60, 36, 6, 57, 94, 88, 65, 56, 79, 40, 67, 68, 46, 75, 38, 9, 19, 32, 81, 41, 27, 62, 87, 90, 99, 59, 11, 16, 72, 73, 70, 39, 37, 84, 3, 92, 25, 55, 28, 29, 51, 7, 33, 14, 86, 48, 89, 50, 66, 96, 53, 80, 4, 8, 34, 49, 52, 13, 0, 2, 69, 74]|[1, 1, 0, 1, 1, 1, 2, 1, 2, 1, 2, 2, 2, 1, 1, 0, 0, 1, 0, 2, 2, 0, 1, 2, 0, 1, 2, 2, 0, 0, 1, 2, 1, 2, 1, 0, 2, 0, 1, 1, 0, 1, 1, 1, 0, 2, 1, 1, 0, 0, 0, 0, 1, 1, 2, 1, 2, 2, 0, 0, 2, 1, 0, 1, 2, 1, 2, 1, 1, 1, 1, 1, 2, 1, 1, 1, 0, 0, 0, 1, 2, 1, 0, 0, 1, 0, 0, 2, 0, 0, 0, 1, 2, 0, 1, 0, 0, 0, 1, 2]|[4, 3, 2, 2, 0, 0, 2, 2, 2, 4, 1, 1, 2, 4, 4, 1, 1, 4, 2, 1, 1, 1, 1, 2, 1, 2, 1, 1, 1, 1, 3, 2, 3, 0, 4, 0, 1, 1, 0, 3, 2, 2, 4, 0, 1, 1, 0, 2, 0, 1, 2, 2, 1, 4, 0, 3, 2, 1, 1, 2, 1, 3, 1, 1, 1, 3, 0, 4, 3, 1, 4, 1, 1, 4, 4, 4, 2, 1, 1, 3, 1, 3, 1, 1, 1, 1, 1, 1, 2, 1, 2, 3, 1, 1, 1, 2, 2, 2, 3, 1]|[0, 2, 1, 1, 3, 3, 0, 1, 0, 0, 0, 0, 1, 0, 1, 0, 0, 3, 1, 0, 0, 0, 3, 1, 0, 2, 0, 0, 0, 1, 0, 0, 0, 0, 3, 0, 1, 0, 0, 2, 1, 1, 2, 0, 0, 0, 0, 1, 1, 0, 0, 0, 1, 3, 0, 0, 1, 0, 0, 1, 0, 2, 0, 1, 0, 2, 1, 0, 0, 1, 1, 3, 0, 0, 3, 3, 1, 0, 0, 2, 0, 0, 0, 0, 1, 0, 0, 0, 1, 0, 1, 2, 0, 1, 1, 0, 0, 0, 0, 0],736.2309893573844,57436.976823727186,90263.94588701171,true
48,G2_TEC,G2_TEC,[31, 22, 82, 15, 26, 9, 95, 42, 77, 68, 47, 5, 93, 78, 86, 54, 85, 63, 18, 44, 20, 49, 36, 14, 74, 50, 53, 17, 21, 28, 11, 64, 3, 23, 30, 83, 24, 41, 40, 52, 65, 27, 90, 70, 39, 87, 48, 69, 99, 4, 75, 1, 13, 58, 97, 59, 45, 8, 73, 37, 35, 79, 71, 66, 76, 32, 60, 80, 56, 6, 67, 61, 33, 7, 57, 34, 12, 16, 10, 98, 96, 88, 43, 81, 91, 38, 84, 29, 92, 19, 51, 46, 89, 55, 25, 72, 94, 2, 62, 0]|[2, 1, 2, 1, 1, 2, 1, 1, 1, 1, 1, 0, 2, 2, 1, 2, 0, 0, 0, 2, 2, 1, 0, 2, 0, 2, 2, 1, 0, 1, 1, 1, 0, 0, 1, 0, 2, 1, 2, 2, 0, 0, 1, 1, 0, 2, 0, 2, 1, 0, 0, 2, 0, 0, 2, 0, 1, 1, 0, 0, 2, 1, 1, 2, 2, 0, 2, 2, 2, 1, 2, 1, 1, 2, 0, 1, 1, 2, 1, 2, 0, 1, 1, 1, 1, 0, 0, 1, 0, 1, 1, 0, 1, 0, 1, 1, 2, 0, 1, 2]|[0, 3, 0, 3, 4, 1, 4, 4, 2, 4, 3, 2, 1, 0, 2, 1, 1, 1, 2, 1, 1, 3, 0, 1, 0, 1, 1, 4, 1, 4, 3, 2, 2, 0, 4, 1, 1, 4, 1, 1, 2, 1, 4, 4, 1, 1, 0, 1, 3, 2, 2, 1, 2, 1, 1, 2, 4, 3, 0, 2, 2, 3, 3, 1, 1, 2, 1, 1, 1, 4, 1, 3, 4, 1, 2, 4, 3, 1, 3, 1, 2, 4, 4, 4, 3, 2, 2, 3, 2, 4, 3, 2, 4, 2, 4, 4, 1, 2, 3, 1]|[0, 2, 0, 0, 3, 0, 1, 3, 0, 0, 2, 0, 1, 0, 1, 0, 0, 0, 1, 0, 0, 2, 0, 0, 1, 0, 0, 3, 0, 1, 0, 2, 0, 0, 3, 0, 1, 1, 0, 0, 0, 0, 1, 3, 0, 0, 1, 0, 2, 0, 0, 0, 0, 0, 1, 0, 1, 0, 1, 1, 0, 2, 0, 0, 0, 0, 0, 0, 0, 2, 0, 0, 1, 0, 0, 1, 0, 0, 3, 0, 0, 1, 2, 2, 0, 0, 0, 3, 0, 1, 0, 0, 1, 0, 3, 1, 0, 0, 0, 0],892.8625725395128,49123.94792122078,106521.49423486824,false
48,G3_TWC,G3_TWC,[31, 22, 42, 15, 26, 58, 95, 82, 77, 12, 47, 5, 93, 78, 98, 54, 85, 63, 18, 44, 20, 35, 43, 97, 91, 76, 10, 30, 21, 45, 71, 64, 1, 23, 17, 83, 24, 61, 60, 36, 6, 57, 94, 88, 65, 56, 79, 40, 67, 68, 46, 75, 38, 9, 19, 32, 81, 41, 27, 62, 87, 90, 99, 59, 11, 16, 72, 73, 70, 39, 37, 84, 3, 92, 25, 74, 28, 29, 51, 7, 53, 14, 86, 48, 89, 50, 66, 96, 33, 80, 4, 8, 34, 49, 52, 0, 13, 2, 69, 55]|[1, 1, 0, 1, 1, 1, 2, 1, 2, 1, 2, 2, 2, 1, 1, 0, 0, 1, 0, 2, 2, 0, 1, 2, 0, 1, 2, 2, 0, 0, 1, 2, 1, 2, 1, 0, 2, 0, 1, 1, 0, 1, 1, 1, 0, 2, 1, 1, 0, 0, 0, 0, 1, 1, 2, 1, 2, 0, 0, 0, 2, 1, 0, 1, 2, 1, 2, 1, 1, 1, 1, 1, 2, 0, 1, 2, 0, 0, 0, 1, 0, 1, 0, 0, 1, 0, 0, 0, 2, 0, 0, 1, 2, 0, 1, 0, 0, 0, 1, 1]|[4, 3, 2, 2, 0, 0, 2, 2, 2, 4, 1, 1, 2, 4, 4, 1, 1, 4, 2, 1, 1, 1, 1, 2, 1, 2, 1, 1, 1, 1, 3, 2, 3, 0, 4, 0, 1, 1, 0, 3, 2, 2, 4, 0, 1, 1, 0, 2, 0, 1, 2, 2, 1, 4, 0, 3, 2, 1, 1, 2, 1, 3, 1, 1, 1, 3, 0, 4, 3, 1, 4, 1, 1, 2, 4, 1, 2, 1, 1, 3, 2, 3, 1, 1, 1, 1, 1, 1, 1, 1, 2, 3, 1, 1, 1, 2, 2, 2, 3, 4]|[0, 2, 1, 1, 3, 3, 0, 1, 0, 0, 0, 0, 1, 0, 1, 0, 0, 3, 1, 0, 0, 0, 3, 1, 0, 2, 0, 0, 0, 1, 0, 0, 0, 0, 3, 0, 1, 0, 0, 2, 1, 1, 2, 0, 0, 0, 0, 1, 1, 0, 0, 0, 1, 3, 0, 0, 1, 0, 0, 1, 0, 2, 0, 1, 0, 2, 1, 0, 0, 1, 1, 3, 0, 1, 3, 0, 1, 0, 0, 2, 1, 0, 0, 0, 1, 0, 0, 0, 0, 0, 1, 2, 0, 1, 1, 0, 0, 0, 0, 3],804.6875225521468,57746.82533348298,88068.50778672317,false
48,G1_CMAX,G1_CMAX,[31, 22, 90, 26, 58, 95, 42, 12, 93, 5, 78, 86, 98, 18, 20, 35, 3, 97, 91, 76, 10, 85, 54, 45, 63, 71, 66, 1, 23, 17, 24, 60, 36, 6, 57, 15, 65, 56, 47, 79, 94, 67, 50, 46, 14, 75, 38, 9, 30, 19, 32, 81, 27, 92, 83, 87, 40, 99, 59, 11, 53, 16, 72, 77, 73, 70, 39, 37, 84, 43, 62, 25, 55, 28, 29, 51, 68, 82, 74, 61, 88, 21, 80, 89, 7, 69, 96, 41, 48, 4, 8, 34, 49, 52, 0, 44, 13, 2, 64, 33]|[1, 1, 1, 1, 0, 2, 1, 1, 2, 2, 2, 1, 0, 1, 2, 2, 1, 2, 0, 1, 2, 2, 2, 0, 0, 1, 2, 1, 2, 1, 2, 1, 1, 0, 1, 1, 0, 2, 2, 1, 1, 0, 0, 0, 0, 1, 1, 1, 1, 2, 1, 2, 2, 0, 0, 2, 1, 0, 0, 2, 0, 1, 2, 2, 1, 1, 1, 1, 1, 1, 0, 1, 1, 0, 0, 0, 0, 0, 2, 1, 1, 0, 0, 1, 1, 1, 2, 2, 0, 1, 1, 2, 0, 1, 0, 0, 0, 0, 2, 2]|[0, 4, 3, 0, 1, 1, 2, 4, 1, 1, 2, 4, 1, 4, 1, 1, 1, 2, 2, 2, 2, 1, 1, 1, 2, 3, 2, 3, 0, 4, 1, 0, 3, 2, 2, 2, 1, 1, 1, 0, 2, 0, 1, 2, 1, 3, 1, 4, 2, 0, 3, 2, 1, 2, 1, 1, 4, 1, 1, 1, 2, 3, 0, 2, 4, 3, 1, 4, 1, 1, 1, 4, 4, 2, 1, 1, 1, 2, 1, 3, 0, 1, 1, 1, 1, 3, 1, 1, 1, 4, 3, 1, 1, 1, 2, 2, 2, 2, 1, 1]|[3, 0, 2, 3, 0, 0, 1, 0, 0, 0, 1, 0, 0, 3, 0, 0, 1, 1, 1, 2, 1, 0, 0, 0, 0, 0, 0, 0, 0, 3, 1, 0, 2, 1, 1, 1, 0, 0, 0, 0, 1, 1, 0, 0, 0, 0, 1, 3, 2, 0, 0, 1, 0, 1, 0, 0, 2, 0, 0, 0, 1, 2, 1, 1, 0, 0, 1, 1, 3, 3, 0, 3, 3, 1, 0, 0, 0, 1, 0, 0, 0, 0, 0, 1, 2, 2, 0, 0, 0, 0, 2, 0, 1, 1, 0, 0, 0, 0, 0, 0],705.0470749739228,58445.79123614564,95781.2895945797,false
48,G4_BALANCED,G3_TWC,[31, 22, 42, 15, 26, 58, 95, 82, 77, 12, 47, 5, 93, 78, 98, 54, 85, 63, 18, 44, 20, 35, 43, 97, 91, 76, 10, 30, 21, 45, 71, 64, 1, 23, 17, 83, 24, 61, 60, 36, 6, 57, 94, 88, 65, 56, 79, 40, 67, 68, 46, 75, 38, 9, 19, 32, 81, 41, 27, 62, 87, 90, 99, 59, 11, 16, 72, 73, 70, 39, 37, 84, 3, 92, 25, 55, 28, 29, 51, 7, 33, 14, 86, 48, 89, 50, 66, 96, 53, 80, 4, 8, 34, 49, 52, 13, 0, 2, 69, 74]|[1, 1, 0, 1, 1, 1, 2, 1, 2, 1, 2, 2, 2, 1, 1, 0, 0, 1, 0, 2, 2, 0, 1, 2, 0, 1, 2, 2, 0, 0, 1, 2, 1, 2, 1, 0, 2, 0, 1, 1, 0, 1, 1, 1, 0, 2, 1, 1, 0, 0, 0, 0, 1, 1, 2, 1, 2, 2, 0, 0, 2, 1, 0, 1, 2, 1, 2, 1, 1, 1, 1, 1, 2, 1, 1, 1, 0, 0, 0, 1, 2, 1, 0, 0, 1, 0, 0, 2, 0, 0, 0, 1, 2, 0, 1, 0, 0, 0, 1, 2]|[4, 3, 2, 2, 0, 0, 2, 2, 2, 4, 1, 1, 2, 4, 4, 1, 1, 4, 2, 1, 1, 1, 1, 2, 1, 2, 1, 1, 1, 1, 3, 2, 3, 0, 4, 0, 1, 1, 0, 3, 2, 2, 4, 0, 1, 1, 0, 2, 0, 1, 2, 2, 1, 4, 0, 3, 2, 1, 1, 2, 1, 3, 1, 1, 1, 3, 0, 4, 3, 1, 4, 1, 1, 4, 4, 4, 2, 1, 1, 3, 1, 3, 1, 1, 1, 1, 1, 1, 2, 1, 2, 3, 1, 1, 1, 2, 2, 2, 3, 1]|[0, 2, 1, 1, 3, 3, 0, 1, 0, 0, 0, 0, 1, 0, 1, 0, 0, 3, 1, 0, 0, 0, 3, 1, 0, 2, 0, 0, 0, 1, 0, 0, 0, 0, 3, 0, 1, 0, 0, 2, 1, 1, 2, 0, 0, 0, 0, 1, 1, 0, 0, 0, 1, 3, 0, 0, 1, 0, 0, 1, 0, 2, 0, 1, 0, 2, 1, 0, 0, 1, 1, 3, 0, 0, 3, 3, 1, 0, 0, 2, 0, 0, 0, 0, 1, 0, 0, 0, 1, 0, 1, 2, 0, 1, 1, 0, 0, 0, 0, 0],736.2309893573844,57436.976823727186,90263.94588701171,true
48,G2_TEC,G2_TEC,[31, 22, 82, 15, 26, 9, 95, 42, 77, 68, 47, 5, 93, 78, 86, 54, 85, 63, 18, 44, 20, 49, 36, 14, 74, 50, 53, 17, 21, 28, 11, 64, 3, 23, 30, 83, 24, 41, 40, 52, 65, 27, 90, 70, 39, 87, 48, 69, 99, 4, 75, 1, 13, 58, 97, 59, 45, 8, 73, 37, 35, 79, 71, 66, 76, 32, 60, 80, 56, 6, 67, 61, 33, 7, 57, 34, 12, 16, 10, 98, 96, 88, 43, 81, 91, 2, 84, 29, 92, 19, 51, 89, 55, 25, 72, 46, 94, 38, 62, 0]|[2, 1, 2, 1, 1, 2, 1, 1, 1, 1, 1, 0, 2, 2, 1, 2, 0, 0, 0, 2, 2, 1, 0, 2, 0, 2, 2, 1, 0, 1, 1, 1, 0, 0, 1, 0, 2, 1, 2, 2, 0, 0, 1, 1, 0, 2, 0, 2, 1, 0, 0, 2, 0, 2, 2, 0, 1, 1, 0, 0, 2, 1, 1, 2, 2, 0, 2, 2, 2, 1, 2, 1, 1, 2, 0, 1, 1, 2, 1, 2, 0, 1, 1, 1, 1, 0, 0, 1, 0, 1, 1, 1, 0, 1, 1, 0, 2, 0, 1, 0]|[0, 3, 0, 3, 4, 1, 4, 4, 2, 4, 3, 2, 1, 0, 2, 1, 1, 1, 2, 1, 1, 3, 0, 1, 0, 1, 1, 4, 1, 4, 3, 2, 2, 0, 4, 1, 1, 4, 1, 1, 2, 1, 4, 4, 1, 1, 0, 1, 3, 2, 2, 1, 2, 1, 1, 2, 4, 3, 0, 2, 1, 3, 3, 1, 1, 2, 1, 1, 1, 4, 1, 3, 4, 1, 2, 4, 3, 1, 3, 1, 2, 4, 4, 4, 3, 2, 2, 3, 2, 4, 3, 4, 2, 4, 4, 2, 1, 2, 3, 2]|[0, 2, 0, 0, 3, 0, 1, 3, 0, 0, 2, 0, 0, 0, 1, 0, 0, 0, 1, 0, 0, 2, 0, 0, 1, 0, 0, 3, 0, 1, 0, 2, 0, 0, 3, 0, 1, 1, 0, 0, 0, 0, 1, 3, 0, 0, 1, 0, 2, 0, 0, 0, 0, 0, 1, 0, 1, 0, 1, 1, 0, 2, 0, 0, 0, 0, 0, 0, 0, 2, 0, 0, 1, 0, 0, 1, 0, 0, 3, 0, 0, 1, 2, 2, 0, 0, 0, 3, 0, 1, 0, 1, 0, 3, 1, 0, 0, 0, 0, 0],914.8357990408203,48754.99069062763,107475.34073924023,false
48,G3_TWC,G3_TWC,[31, 22, 42, 15, 26, 58, 95, 82, 77, 12, 47, 5, 93, 78, 98, 54, 85, 63, 18, 44, 20, 35, 43, 97, 91, 76, 10, 30, 21, 45, 71, 64, 1, 23, 17, 83, 24, 61, 60, 36, 6, 57, 94, 88, 65, 56, 79, 40, 67, 68, 46, 75, 38, 9, 19, 32, 81, 41, 27, 62, 87, 90, 99, 59, 11, 16, 72, 73, 70, 39, 37, 84, 3, 92, 25, 74, 28, 29, 51, 7, 53, 14, 86, 48, 89, 50, 66, 96, 33, 80, 4, 8, 34, 49, 52, 0, 13, 2, 69, 55]|[1, 1, 0, 1, 1, 1, 2, 1, 2, 1, 2, 2, 2, 1, 1, 0, 0, 1, 0, 2, 2, 0, 1, 2, 0, 1, 2, 2, 0, 0, 1, 2, 1, 2, 1, 0, 2, 0, 1, 1, 0, 1, 1, 1, 0, 2, 1, 1, 0, 0, 0, 0, 1, 1, 2, 1, 2, 0, 0, 0, 2, 1, 0, 1, 2, 1, 2, 1, 1, 1, 1, 1, 2, 0, 1, 2, 0, 0, 0, 1, 0, 1, 0, 0, 1, 0, 0, 0, 2, 0, 0, 1, 2, 0, 1, 0, 0, 0, 1, 1]|[4, 3, 2, 2, 0, 0, 2, 2, 2, 4, 1, 1, 2, 4, 4, 1, 1, 4, 2, 1, 1, 1, 1, 2, 1, 2, 1, 1, 1, 1, 3, 2, 3, 0, 4, 0, 1, 1, 0, 3, 2, 2, 4, 0, 1, 1, 0, 2, 0, 1, 2, 2, 1, 4, 0, 3, 2, 1, 1, 2, 1, 3, 1, 1, 1, 3, 0, 4, 3, 1, 4, 1, 1, 2, 4, 1, 2, 1, 1, 3, 2, 3, 1, 1, 1, 1, 1, 1, 1, 1, 2, 3, 1, 1, 1, 2, 2, 2, 3, 4]|[0, 2, 1, 1, 3, 3, 0, 1, 0, 0, 0, 0, 1, 0, 1, 0, 0, 3, 1, 0, 0, 0, 3, 1, 0, 2, 0, 0, 0, 1, 0, 0, 0, 0, 3, 0, 1, 0, 0, 2, 1, 1, 2, 0, 0, 0, 0, 1, 1, 0, 0, 0, 1, 3, 0, 0, 1, 0, 0, 1, 0, 2, 0, 1, 0, 2, 1, 0, 0, 1, 1, 3, 0, 1, 3, 0, 1, 0, 0, 2, 1, 0, 0, 0, 1, 0, 0, 0, 0, 0, 1, 2, 0, 1, 1, 0, 0, 0, 0, 3],804.6875225521468,57746.82533348298,88068.50778672317,false
48,G1_CMAX,G1_CMAX,[31, 22, 90, 26, 58, 95, 42, 12, 93, 5, 78, 86, 98, 18, 20, 35, 3, 97, 91, 76, 10, 85, 54, 45, 63, 71, 66, 1, 23, 17, 24, 60, 36, 6, 57, 15, 65, 56, 47, 79, 94, 67, 50, 46, 14, 75, 38, 9, 30, 19, 32, 81, 27, 92, 83, 87, 40, 99, 59, 11, 53, 16, 72, 77, 73, 70, 39, 37, 84, 43, 62, 25, 55, 28, 29, 51, 68, 82, 74, 61, 88, 21, 80, 89, 7, 69, 96, 41, 48, 4, 8, 34, 49, 52, 0, 44, 13, 2, 64, 33]|[1, 1, 1, 1, 0, 2, 1, 1, 2, 2, 2, 1, 0, 1, 2, 2, 1, 2, 0, 1, 2, 2, 2, 0, 0, 1, 2, 1, 2, 1, 2, 1, 1, 0, 1, 1, 0, 2, 2, 1, 1, 0, 0, 0, 0, 1, 1, 1, 1, 2, 1, 2, 2, 0, 0, 2, 1, 0, 0, 2, 0, 1, 2, 2, 1, 1, 1, 1, 1, 1, 0, 1, 1, 0, 0, 0, 0, 0, 2, 1, 1, 0, 0, 1, 1, 1, 2, 2, 0, 1, 1, 2, 0, 1, 0, 0, 0, 0, 2, 2]|[0, 4, 3, 0, 1, 1, 2, 4, 1, 1, 2, 4, 1, 4, 1, 1, 1, 2, 2, 2, 2, 1, 1, 1, 2, 3, 2, 3, 0, 4, 1, 0, 3, 2, 2, 2, 1, 1, 1, 0, 2, 0, 1, 2, 1, 3, 1, 4, 2, 0, 3, 2, 1, 2, 1, 1, 4, 1, 1, 1, 2, 3, 0, 2, 4, 3, 1, 4, 1, 1, 1, 4, 4, 2, 1, 1, 1, 2, 1, 3, 0, 1, 1, 1, 1, 3, 1, 1, 1, 4, 3, 1, 1, 1, 2, 2, 2, 2, 1, 1]|[3, 0, 2, 3, 0, 0, 1, 0, 0, 0, 1, 0, 0, 3, 0, 0, 1, 1, 1, 2, 1, 0, 0, 0, 0, 0, 0, 0, 0, 3, 1, 0, 2, 1, 1, 1, 0, 0, 0, 0, 1, 1, 0, 0, 0, 0, 1, 3, 2, 0, 0, 1, 0, 1, 0, 0, 2, 0, 0, 0, 1, 2, 1, 1, 0, 0, 1, 1, 3, 3, 0, 3, 3, 1, 0, 0, 0, 1, 0, 0, 0, 0, 0, 1, 2, 2, 0, 0, 0, 0, 2, 0, 1, 1, 0, 0, 0, 0, 0, 0],705.0470749739228,58445.79123614564,95781.2895945797,false
48,G4_BALANCED,G3_TWC,[31, 22, 42, 15, 26, 58, 95, 82, 77, 12, 47, 5, 93, 78, 98, 54, 85, 63, 18, 44, 20, 35, 43, 97, 91, 76, 10, 30, 21, 45, 71, 64, 1, 23, 17, 83, 24, 61, 60, 36, 6, 57, 94, 88, 65, 56, 79, 40, 67, 68, 46, 75, 38, 9, 19, 32, 81, 41, 27, 62, 87, 90, 99, 59, 11, 16, 72, 73, 70, 39, 37, 84, 3, 92, 25, 55, 28, 29, 51, 7, 33, 14, 86, 48, 89, 50, 66, 96, 53, 80, 4, 8, 34, 49, 52, 13, 0, 2, 69, 74]|[1, 1, 0, 1, 1, 1, 2, 1, 2, 1, 2, 2, 2, 1, 1, 0, 0, 1, 0, 2, 2, 0, 1, 2, 0, 1, 2, 2, 0, 0, 1, 2, 1, 2, 1, 0, 2, 0, 1, 1, 0, 1, 1, 1, 0, 2, 1, 1, 0, 0, 0, 0, 1, 1, 2, 1, 2, 2, 0, 0, 2, 1, 0, 1, 2, 1, 2, 1, 1, 1, 1, 1, 2, 1, 1, 1, 0, 0, 0, 1, 2, 1, 0, 0, 1, 0, 0, 2, 0, 0, 0, 1, 2, 0, 1, 0, 0, 0, 1, 2]|[4, 3, 2, 2, 0, 0, 2, 2, 2, 4, 1, 1, 2, 4, 4, 1, 1, 4, 2, 1, 1, 1, 1, 2, 1, 2, 1, 1, 1, 1, 3, 2, 3, 0, 4, 0, 1, 1, 0, 3, 2, 2, 4, 0, 1, 1, 0, 2, 0, 1, 2, 2, 1, 4, 0, 3, 2, 1, 1, 2, 1, 3, 1, 1, 1, 3, 0, 4, 3, 1, 4, 1, 1, 4, 4, 4, 2, 1, 1, 3, 1, 3, 1, 1, 1, 1, 1, 1, 2, 1, 2, 3, 1, 1, 1, 2, 2, 2, 3, 1]|[0, 2, 1, 1, 3, 3, 0, 1, 0, 0, 0, 0, 1, 0, 1, 0, 0, 3, 1, 0, 0, 0, 3, 1, 0, 2, 0, 0, 0, 1, 0, 0, 0, 0, 3, 0, 1, 0, 0, 2, 1, 1, 2, 0, 0, 0, 0, 1, 1, 0, 0, 0, 1, 3, 0, 0, 1, 0, 0, 1, 0, 2, 0, 1, 0, 2, 1, 0, 0, 1, 1, 3, 0, 0, 3, 3, 1, 0, 0, 2, 0, 0, 0, 0, 1, 0, 0, 0, 1, 0, 1, 2, 0, 1, 1, 0, 0, 0, 0, 0],736.2309893573844,57436.976823727186,90263.94588701171,true
48,G2_TEC,G2_TEC,[31, 22, 82, 15, 26, 9, 95, 42, 77, 68, 47, 5, 93, 78, 86, 54, 85, 63, 18, 44, 20, 49, 36, 14, 74, 50, 53, 17, 21, 28, 11, 64, 3, 23, 30, 83, 24, 41, 40, 52, 65, 27, 90, 70, 39, 87, 48, 69, 99, 4, 46, 1, 13, 58, 97, 59, 45, 8, 73, 37, 35, 79, 71, 66, 76, 32, 60, 80, 56, 6, 67, 61, 33, 7, 57, 34, 12, 16, 10, 98, 96, 88, 43, 81, 91, 2, 84, 29, 92, 19, 51, 89, 55, 75, 25, 72, 94, 38, 62, 0]|[2, 1, 2, 1, 1, 2, 1, 1, 1, 1, 1, 0, 2, 2, 1, 2, 0, 0, 0, 2, 2, 1, 0, 2, 0, 2, 2, 1, 0, 1, 1, 1, 0, 0, 1, 0, 2, 1, 2, 2, 0, 0, 1, 1, 0, 2, 0, 2, 1, 0, 0, 2, 0, 2, 2, 0, 1, 1, 0, 0, 2, 1, 1, 2, 2, 0, 2, 2, 2, 1, 2, 1, 1, 2, 0, 1, 1, 2, 1, 2, 0, 1, 1, 1, 1, 0, 0, 1, 0, 1, 1, 1, 0, 0, 1, 1, 2, 0, 1, 0]|[0, 3, 0, 3, 4, 1, 4, 4, 2, 4, 3, 2, 1, 0, 2, 1, 1, 1, 2, 1, 1, 3, 0, 1, 0, 1, 1, 4, 1, 4, 3, 2, 2, 0, 4, 1, 1, 4, 1, 1, 2, 1, 4, 4, 1, 1, 0, 1, 3, 2, 2, 1, 2, 1, 1, 2, 4, 3, 0, 2, 2, 3, 3, 1, 1, 2, 1, 1, 1, 4, 1, 3, 4, 1, 2, 4, 3, 1, 3, 1, 2, 4, 4, 4, 3, 2, 2, 3, 2, 4, 3, 4, 2, 2, 4, 4, 1, 2, 3, 2]|[0, 2, 0, 0, 3, 0, 1, 3, 0, 0, 2, 0, 0, 0, 1, 0, 0, 0, 1, 0, 0, 2, 0, 0, 1, 0, 0, 3, 0, 1, 0, 2, 0, 0, 3, 0, 1, 1, 0, 0, 0, 0, 1, 3, 0, 0, 1, 0, 2, 0, 0, 0, 0, 0, 1, 0, 1, 0, 1, 1, 0, 2, 0, 0, 0, 0, 0, 0, 0, 2, 0, 0, 1, 0, 0, 1, 0, 0, 3, 0, 0, 1, 2, 2, 0, 0, 0, 3, 0, 1, 0, 1, 0, 0, 3, 1, 0, 0, 0, 0],906.5008130244884,48766.941284226246,107266.42760262848,false
48,G3_TWC,G3_TWC,[31, 22, 42, 15, 26, 58, 95, 82, 77, 12, 47, 5, 93, 78, 98, 54, 85, 63, 18, 44, 20, 35, 43, 97, 91, 76, 10, 30, 21, 45, 71, 64, 1, 23, 17, 83, 24, 61, 60, 36, 6, 57, 94, 88, 65, 56, 79, 40, 67, 68, 46, 75, 38, 9, 19, 32, 81, 41, 27, 62, 87, 90, 99, 59, 11, 16, 72, 73, 70, 39, 37, 84, 3, 92, 25, 74, 28, 29, 51, 7, 53, 14, 86, 48, 89, 50, 66, 96, 33, 80, 4, 8, 34, 49, 52, 0, 13, 2, 69, 55]|[1, 1, 0, 1, 1, 1, 2, 1, 2, 1, 2, 2, 2, 1, 1, 0, 0, 1, 0, 2, 2, 0, 1, 2, 0, 1, 2, 2, 0, 0, 1, 2, 1, 2, 1, 0, 2, 0, 1, 1, 0, 1, 1, 1, 0, 2, 1, 1, 0, 0, 0, 0, 1, 1, 2, 1, 2, 0, 0, 0, 2, 1, 0, 1, 2, 1, 2, 1, 1, 1, 1, 1, 2, 0, 1, 2, 0, 0, 0, 1, 0, 1, 0, 0, 1, 0, 0, 0, 2, 0, 0, 1, 2, 0, 1, 0, 0, 0, 1, 1]|[4, 3, 2, 2, 0, 0, 2, 2, 2, 4, 1, 1, 2, 4, 4, 1, 1, 4, 2, 1, 1, 1, 1, 2, 1, 2, 1, 1, 1, 1, 3, 2, 3, 0, 4, 0, 1, 1, 0, 3, 2, 2, 4, 0, 1, 1, 0, 2, 0, 1, 2, 2, 1, 4, 0, 3, 2, 1, 1, 2, 1, 3, 1, 1, 1, 3, 0, 4, 3, 1, 4, 1, 1, 2, 4, 1, 2, 1, 1, 3, 2, 3, 1, 1, 1, 1, 1, 1, 1, 1, 2, 3, 1, 1, 1, 2, 2, 2, 3, 4]|[0, 2, 1, 1, 3, 3, 0, 1, 0, 0, 0, 0, 1, 0, 1, 0, 0, 3, 1, 0, 0, 0, 3, 1, 0, 2, 0, 0, 0, 1, 0, 0, 0, 0, 3, 0, 1, 0, 0, 2, 1, 1, 2, 0, 0, 0, 0, 1, 1, 0, 0, 0, 1, 3, 0, 0, 1, 0, 0, 1, 0, 2, 0, 1, 0, 2, 1, 0, 0, 1, 1, 3, 0, 1, 3, 0, 1, 0, 0, 2, 1, 0, 0, 0, 1, 0, 0, 0, 0, 0, 1, 2, 0, 1, 1, 0, 0, 0, 0, 3],804.6875225521468,57746.82533348298,88068.50778672317,false
48,G1_CMAX,G1_CMAX,[31, 22, 90, 26, 58, 95, 42, 12, 93, 5, 78, 86, 98, 18, 20, 35, 3, 97, 91, 76, 10, 85, 54, 45, 63, 71, 66, 1, 23, 17, 24, 60, 36, 6, 57, 15, 65, 56, 47, 79, 94, 67, 50, 46, 14, 75, 38, 9, 30, 19, 32, 81, 27, 92, 83, 87, 40, 99, 59, 11, 53, 16, 72, 77, 73, 70, 39, 37, 84, 43, 62, 25, 55, 28, 29, 51, 68, 82, 74, 61, 88, 21, 80, 89, 7, 69, 96, 41, 48, 4, 8, 34, 49, 52, 0, 44, 13, 2, 64, 33]|[1, 1, 1, 1, 0, 2, 1, 1, 2, 2, 2, 1, 0, 1, 2, 2, 1, 2, 0, 1, 2, 2, 2, 0, 0, 1, 2, 1, 2, 1, 2, 1, 1, 0, 1, 1, 0, 2, 2, 1, 1, 0, 0, 0, 0, 1, 1, 1, 1, 2, 1, 2, 2, 0, 0, 2, 1, 0, 0, 2, 0, 1, 2, 2, 1, 1, 1, 1, 1, 1, 0, 1, 1, 0, 0, 0, 0, 0, 2, 1, 1, 0, 0, 1, 1, 1, 2, 2, 0, 1, 1, 2, 0, 1, 0, 0, 0, 0, 2, 2]|[0, 4, 3, 0, 1, 1, 2, 4, 1, 1, 2, 4, 1, 4, 1, 1, 1, 2, 2, 2, 2, 1, 1, 1, 2, 3, 2, 3, 0, 4, 1, 0, 3, 2, 2, 2, 1, 1, 1, 0, 2, 0, 1, 2, 1, 3, 1, 4, 2, 0, 3, 2, 1, 2, 1, 1, 4, 1, 1, 1, 2, 3, 0, 2, 4, 3, 1, 4, 1, 1, 1, 4, 4, 2, 1, 1, 1, 2, 1, 3, 0, 1, 1, 1, 1, 3, 1, 1, 1, 4, 3, 1, 1, 1, 2, 2, 2, 2, 1, 1]|[3, 0, 2, 3, 0, 0, 1, 0, 0, 0, 1, 0, 0, 3, 0, 0, 1, 1, 1, 2, 1, 0, 0, 0, 0, 0, 0, 0, 0, 3, 1, 0, 2, 1, 1, 1, 0, 0, 0, 0, 1, 1, 0, 0, 0, 0, 1, 3, 2, 0, 0, 1, 0, 1, 0, 0, 2, 0, 0, 0, 1, 2, 1, 1, 0, 0, 1, 1, 3, 3, 0, 3, 3, 1, 0, 0, 0, 1, 0, 0, 0, 0, 0, 1, 2, 2, 0, 0, 0, 0, 2, 0, 1, 1, 0, 0, 0, 0, 0, 0],705.0470749739228,58445.79123614564,95781.2895945797,false
48,G4_BALANCED,G3_TWC,[31, 22, 42, 15, 26, 58, 95, 82, 77, 12, 47, 5, 93, 78, 98, 54, 85, 63, 18, 44, 20, 35, 43, 97, 91, 76, 10, 30, 21, 45, 71, 64, 1, 23, 17, 83, 24, 61, 60, 36, 6, 57, 94, 88, 65, 56, 79, 40, 67, 68, 46, 75, 38, 9, 19, 32, 81, 41, 27, 62, 87, 90, 99, 59, 11, 16, 72, 73, 70, 39, 37, 84, 3, 92, 25, 55, 28, 29, 51, 7, 33, 14, 86, 48, 89, 50, 66, 96, 53, 80, 4, 8, 34, 49, 52, 13, 0, 2, 69, 74]|[1, 1, 0, 1, 1, 1, 2, 1, 2, 1, 2, 2, 2, 1, 1, 0, 0, 1, 0, 2, 2, 0, 1, 2, 0, 1, 2, 2, 0, 0, 1, 2, 1, 2, 1, 0, 2, 0, 1, 1, 0, 1, 1, 1, 0, 2, 1, 1, 0, 0, 0, 0, 1, 1, 2, 1, 2, 2, 0, 0, 2, 1, 0, 1, 2, 1, 2, 1, 1, 1, 1, 1, 2, 1, 1, 1, 0, 0, 0, 1, 2, 1, 0, 0, 1, 0, 0, 2, 0, 0, 0, 1, 2, 0, 1, 0, 0, 0, 1, 2]|[4, 3, 2, 2, 0, 0, 2, 2, 2, 4, 1, 1, 2, 4, 4, 1, 1, 4, 2, 1, 1, 1, 1, 2, 1, 2, 1, 1, 1, 1, 3, 2, 3, 0, 4, 0, 1, 1, 0, 3, 2, 2, 4, 0, 1, 1, 0, 2, 0, 1, 2, 2, 1, 4, 0, 3, 2, 1, 1, 2, 1, 3, 1, 1, 1, 3, 0, 4, 3, 1, 4, 1, 1, 4, 4, 4, 2, 1, 1, 3, 1, 3, 1, 1, 1, 1, 1, 1, 2, 1, 2, 3, 1, 1, 1, 2, 2, 2, 3, 1]|[0, 2, 1, 1, 3, 3, 0, 1, 0, 0, 0, 0, 1, 0, 1, 0, 0, 3, 1, 0, 0, 0, 3, 1, 0, 2, 0, 0, 0, 1, 0, 0, 0, 0, 3, 0, 1, 0, 0, 2, 1, 1, 2, 0, 0, 0, 0, 1, 1, 0, 0, 0, 1, 3, 0, 0, 1, 0, 0, 1, 0, 2, 0, 1, 0, 2, 1, 0, 0, 1, 1, 3, 0, 0, 3, 3, 1, 0, 0, 2, 0, 0, 0, 0, 1, 0, 0, 0, 1, 0, 1, 2, 0, 1, 1, 0, 0, 0, 0, 0],736.2309893573844,57436.976823727186,90263.94588701171,true
48,G2_TEC,G2_TEC,[31, 22, 82, 15, 26, 9, 95, 42, 77, 68, 47, 5, 93, 78, 86, 54, 85, 63, 18, 44, 20, 49, 36, 14, 74, 50, 53, 17, 21, 28, 11, 64, 3, 23, 30, 83, 24, 41, 40, 52, 65, 27, 90, 70, 39, 87, 48, 69, 99, 4, 75, 1, 13, 58, 97, 59, 45, 8, 73, 37, 35, 79, 71, 66, 76, 32, 60, 80, 56, 6, 67, 61, 33, 98, 57, 34, 12, 16, 10, 7, 96, 88, 43, 81, 91, 38, 84, 29, 92, 19, 51, 89, 46, 55, 25, 72, 94, 2, 62, 0]|[2, 1, 2, 1, 1, 2, 1, 1, 1, 1, 1, 0, 2, 2, 1, 2, 0, 0, 0, 2, 2, 1, 0, 2, 0, 2, 2, 1, 0, 1, 1, 1, 0, 0, 1, 0, 2, 1, 2, 2, 0, 0, 1, 1, 0, 2, 0, 2, 1, 0, 0, 2, 0, 0, 2, 0, 1, 1, 0, 0, 2, 1, 1, 0, 2, 0, 2, 2, 2, 1, 2, 1, 1, 2, 0, 1, 1, 2, 1, 2, 0, 1, 1, 1, 1, 0, 0, 1, 0, 1, 1, 1, 0, 0, 1, 1, 2, 2, 1, 0]|[0, 3, 0, 3, 4, 1, 4, 4, 2, 4, 3, 2, 1, 0, 2, 1, 1, 1, 2, 1, 1, 3, 0, 1, 0, 1, 1, 4, 1, 4, 3, 2, 2, 0, 4, 1, 1, 4, 1, 1, 2, 1, 4, 4, 1, 1, 0, 1, 3, 2, 2, 1, 2, 1, 1, 2, 4, 3, 0, 2, 2, 3, 3, 1, 1, 2, 1, 1, 1, 4, 1, 3, 4, 1, 2, 4, 3, 1, 3, 1, 2, 4, 4, 4, 3, 2, 2, 3, 2, 4, 3, 4, 2, 2, 4, 4, 1, 1, 3, 2]|[0, 2, 0, 0, 3, 0, 1, 3, 0, 0, 2, 0, 1, 0, 1, 0, 0, 0, 1, 0, 0, 2, 0, 0, 1, 0, 0, 3, 0, 1, 0, 2, 0, 0, 3, 0, 1, 1, 0, 0, 0, 0, 1, 3, 0, 0, 1, 0, 2, 0, 0, 0, 0, 0, 1, 0, 1, 0, 1, 1, 0, 2, 0, 0, 0, 0, 0, 0, 0, 2, 0, 0, 1, 0, 0, 1, 0, 0, 3, 0, 0, 1, 2, 2, 0, 0, 0, 3, 0, 1, 0, 1, 0, 0, 3, 1, 0, 0, 0, 0],887.510150842492,49357.762631077734,106286.23738336269,false
48,G3_TWC,G3_TWC,[31, 22, 42, 15, 26, 58, 95, 82, 77, 12, 47, 5, 93, 78, 98, 54, 85, 63, 18, 44, 20, 35, 43, 97, 91, 76, 10, 30, 21, 45, 71, 64, 1, 23, 17, 83, 24, 61, 60, 36, 6, 57, 94, 88, 65, 56, 79, 40, 67, 68, 46, 75, 38, 9, 19, 32, 81, 41, 27, 62, 87, 90, 99, 59, 11, 16, 72, 73, 70, 39, 37, 84, 3, 92, 25, 74, 28, 29, 51, 7, 53, 14, 86, 48, 89, 50, 66, 96, 33, 80, 4, 8, 34, 49, 52, 0, 13, 2, 69, 55]|[1, 1, 0, 1, 1, 1, 2, 1, 2, 1, 2, 2, 2, 1, 1, 0, 0, 1, 0, 2, 2, 0, 1, 2, 0, 1, 2, 2, 0, 0, 1, 2, 1, 2, 1, 0, 2, 0, 1, 1, 0, 1, 1, 1, 0, 2, 1, 1, 0, 0, 0, 0, 1, 1, 2, 1, 2, 0, 0, 0, 2, 1, 0, 1, 2, 1, 2, 1, 1, 1, 1, 1, 2, 0, 1, 2, 0, 0, 0, 1, 0, 1, 0, 0, 1, 0, 0, 0, 2, 0, 0, 1, 2, 0, 1, 0, 0, 0, 1, 1]|[4, 3, 2, 2, 0, 0, 2, 2, 2, 4, 1, 1, 2, 4, 4, 1, 1, 4, 2, 1, 1, 1, 1, 2, 1, 2, 1, 1, 1, 1, 3, 2, 3, 0, 4, 0, 1, 1, 0, 3, 2, 2, 4, 0, 1, 1, 0, 2, 0, 1, 2, 2, 1, 4, 0, 3, 2, 1, 1, 2, 1, 3, 1, 1, 1, 3, 0, 4, 3, 1, 4, 1, 1, 2, 4, 1, 2, 1, 1, 3, 2, 3, 1, 1, 1, 1, 1, 1, 1, 1, 2, 3, 1, 1, 1, 2, 2, 2, 3, 4]|[0, 2, 1, 1, 3, 3, 0, 1, 0, 0, 0, 0, 1, 0, 1, 0, 0, 3, 1, 0, 0, 0, 3, 1, 0, 2, 0, 0, 0, 1, 0, 0, 0, 0, 3, 0, 1, 0, 0, 2, 1, 1, 2, 0, 0, 0, 0, 1, 1, 0, 0, 0, 1, 3, 0, 0, 1, 0, 0, 1, 0, 2, 0, 1, 0, 2, 1, 0, 0, 1, 1, 3, 0, 1, 3, 0, 1, 0, 0, 2, 1, 0, 0, 0, 1, 0, 0, 0, 0, 0, 1, 2, 0, 1, 1, 0, 0, 0, 0, 3],804.6875225521468,57746.82533348298,88068.50778672317,false
48,G1_CMAX,G1_CMAX,[31, 22, 90, 26, 58, 95, 42, 12, 93, 5, 78, 86, 98, 18, 20, 35, 3, 97, 91, 76, 10, 85, 54, 45, 63, 71, 66, 1, 23, 17, 24, 60, 36, 6, 57, 15, 65, 56, 47, 79, 94, 67, 50, 46, 14, 75, 38, 9, 30, 19, 32, 81, 27, 92, 83, 87, 40, 99, 59, 11, 53, 16, 72, 77, 73, 70, 39, 37, 84, 43, 62, 25, 55, 28, 29, 51, 68, 82, 74, 61, 88, 21, 80, 89, 7, 69, 96, 41, 48, 4, 8, 34, 49, 52, 0, 44, 13, 2, 64, 33]|[1, 1, 1, 1, 0, 2, 1, 1, 2, 2, 2, 1, 0, 1, 2, 2, 1, 2, 0, 1, 2, 2, 2, 0, 0, 1, 2, 1, 2, 1, 2, 1, 1, 0, 1, 1, 0, 2, 2, 1, 1, 0, 0, 0, 0, 1, 1, 1, 1, 2, 1, 2, 2, 0, 0, 2, 1, 0, 0, 2, 0, 1, 2, 2, 1, 1, 1, 1, 1, 1, 0, 1, 1, 0, 0, 0, 0, 0, 2, 1, 1, 0, 0, 1, 1, 1, 2, 2, 0, 1, 1, 2, 0, 1, 0, 0, 0, 0, 2, 2]|[0, 4, 3, 0, 1, 1, 2, 4, 1, 1, 2, 4, 1, 4, 1, 1, 1, 2, 2, 2, 2, 1, 1, 1, 2, 3, 2, 3, 0, 4, 1, 0, 3, 2, 2, 2, 1, 1, 1, 0, 2, 0, 1, 2, 1, 3, 1, 4, 2, 0, 3, 2, 1, 2, 1, 1, 4, 1, 1, 1, 2, 3, 0, 2, 4, 3, 1, 4, 1, 1, 1, 4, 4, 2, 1, 1, 1, 2, 1, 3, 0, 1, 1, 1, 1, 3, 1, 1, 1, 4, 3, 1, 1, 1, 2, 2, 2, 2, 1, 1]|[3, 0, 2, 3, 0, 0, 1, 0, 0, 0, 1, 0, 0, 3, 0, 0, 1, 1, 1, 2, 1, 0, 0, 0, 0, 0, 0, 0, 0, 3, 1, 0, 2, 1, 1, 1, 0, 0, 0, 0, 1, 1, 0, 0, 0, 0, 1, 3, 2, 0, 0, 1, 0, 1, 0, 0, 2, 0, 0, 0, 1, 2, 1, 1, 0, 0, 1, 1, 3, 3, 0, 3, 3, 1, 0, 0, 0, 1, 0, 0, 0, 0, 0, 1, 2, 2, 0, 0, 0, 0, 2, 0, 1, 1, 0, 0, 0, 0, 0, 0],705.0470749739228,58445.79123614564,95781.2895945797,false
48,G4_BALANCED,G3_TWC,[31, 22, 42, 15, 26, 58, 95, 82, 77, 12, 47, 5, 93, 78, 98, 54, 85, 63, 18, 44, 20, 35, 43, 97, 91, 76, 10, 30, 21, 45, 71, 64, 1, 23, 17, 83, 24, 61, 60, 36, 6, 57, 94, 88, 65, 56, 79, 40, 67, 68, 46, 75, 38, 9, 19, 32, 81, 41, 27, 62, 87, 90, 99, 59, 11, 16, 72, 73, 70, 39, 37, 84, 3, 92, 25, 55, 28, 29, 51, 7, 33, 14, 86, 48, 89, 50, 66, 96, 53, 80, 4, 8, 34, 49, 52, 13, 0, 2, 69, 74]|[1, 1, 0, 1, 1, 1, 2, 1, 2, 1, 2, 2, 2, 1, 1, 0, 0, 1, 0, 2, 2, 0, 1, 2, 0, 1, 2, 2, 0, 0, 1, 2, 1, 2, 1, 0, 2, 0, 1, 1, 0, 1, 1, 1, 0, 2, 1, 1, 0, 0, 0, 0, 1, 1, 2, 1, 2, 2, 0, 0, 2, 1, 0, 1, 2, 1, 2, 1, 1, 1, 1, 1, 2, 1, 1, 1, 0, 0, 0, 1, 2, 1, 0, 0, 1, 0, 0, 2, 0, 0, 0, 1, 2, 0, 1, 0, 0, 0, 1, 2]|[4, 3, 2, 2, 0, 0, 2, 2, 2, 4, 1, 1, 2, 4, 4, 1, 1, 4, 2, 1, 1, 1, 1, 2, 1, 2, 1, 1, 1, 1, 3, 2, 3, 0, 4, 0, 1, 1, 0, 3, 2, 2, 4, 0, 1, 1, 0, 2, 0, 1, 2, 2, 1, 4, 0, 3, 2, 1, 1, 2, 1, 3, 1, 1, 1, 3, 0, 4, 3, 1, 4, 1, 1, 4, 4, 4, 2, 1, 1, 3, 1, 3, 1, 1, 1, 1, 1, 1, 2, 1, 2, 3, 1, 1, 1, 2, 2, 2, 3, 1]|[0, 2, 1, 1, 3, 3, 0, 1, 0, 0, 0, 0, 1, 0, 1, 0, 0, 3, 1, 0, 0, 0, 3, 1, 0, 2, 0, 0, 0, 1, 0, 0, 0, 0, 3, 0, 1, 0, 0, 2, 1, 1, 2, 0, 0, 0, 0, 1, 1, 0, 0, 0, 1, 3, 0, 0, 1, 0, 0, 1, 0, 2, 0, 1, 0, 2, 1, 0, 0, 1, 1, 3, 0, 0, 3, 3, 1, 0, 0, 2, 0, 0, 0, 0, 1, 0, 0, 0, 1, 0, 1, 2, 0, 1, 1, 0, 0, 0, 0, 0],736.2309893573844,57436.976823727186,90263.94588701171,true
48,G2_TEC,G4_BALANCED,[31, 11, 15, 82, 26, 9, 95, 32, 77, 68, 47, 5, 93, 78, 86, 54, 85, 63, 18, 44, 20, 49, 36, 14, 74, 50, 53, 17, 21, 45, 71, 64, 3, 73, 30, 83, 24, 41, 2, 52, 65, 27, 90, 70, 39, 87, 48, 69, 99, 4, 46, 1, 13, 58, 97, 59, 28, 75, 23, 37, 35, 79, 22, 66, 76, 42, 40, 80, 96, 6, 16, 61, 33, 7, 57, 34, 12, 67, 10, 98, 56, 88, 29, 8, 91, 38, 19, 92, 43, 84, 51, 72, 81, 25, 60, 55, 94, 89, 62, 0]|[2, 1, 1, 2, 1, 2, 1, 1, 1, 1, 1, 0, 2, 2, 1, 2, 0, 0, 0, 2, 2, 1, 0, 2, 0, 2, 2, 1, 0, 1, 1, 1, 0, 0, 1, 0, 2, 1, 2, 2, 0, 0, 1, 1, 0, 2, 0, 2, 1, 0, 0, 2, 0, 0, 2, 0, 1, 0, 0, 0, 2, 1, 0, 2, 2, 0, 2, 2, 0, 1, 2, 1, 1, 2, 0, 1, 1, 1, 1, 2, 2, 1, 1, 1, 1, 0, 1, 0, 1, 0, 1, 1, 1, 1, 2, 0, 2, 1, 1, 0]|[1, 3, 2, 0, 4, 1, 4, 4, 2, 4, 3, 2, 1, 0, 2, 1, 1, 1, 2, 1, 1, 3, 0, 1, 0, 1, 1, 4, 1, 4, 3, 2, 2, 0, 4, 1, 1, 4, 0, 1, 2, 1, 4, 4, 1, 1, 0, 2, 3, 2, 2, 1, 2, 1, 1, 2, 4, 2, 0, 2, 2, 3, 1, 0, 1, 2, 0, 1, 2, 4, 1, 3, 4, 1, 2, 4, 3, 3, 3, 1, 1, 4, 3, 3, 3, 2, 4, 2, 4, 2, 3, 4, 1, 4, 0, 2, 1, 4, 3, 2]|[1, 2, 1, 0, 3, 0, 1, 3, 0, 0, 2, 0, 1, 0, 1, 0, 0, 0, 1, 0, 0, 2, 0, 0, 1, 0, 0, 3, 0, 1, 0, 2, 0, 1, 3, 0, 1, 3, 1, 0, 0, 0, 1, 3, 0, 0, 1, 0, 2, 0, 0, 0, 0, 0, 1, 0, 1, 0, 1, 1, 0, 2, 0, 0, 0, 0, 0, 0, 0, 2, 0, 0, 1, 0, 0, 1, 0, 0, 3, 0, 0, 1, 0, 0, 0, 0, 3, 0, 2, 0, 0, 2, 1, 3, 1, 0, 0, 1, 0, 0],842.3358630601143,53281.86467765049,106164.56583665014,true
48,G3_TWC,G3_TWC,[31, 22, 42, 15, 26, 58, 95, 82, 77, 12, 47, 5, 93, 78, 98, 54, 85, 63, 18, 44, 20, 35, 43, 97, 91, 76, 10, 30, 21, 45, 71, 64, 1, 23, 17, 83, 24, 61, 60, 36, 6, 57, 94, 88, 65, 56, 79, 40, 67, 68, 46, 75, 38, 9, 19, 32, 81, 41, 27, 62, 87, 90, 99, 59, 11, 16, 72, 73, 70, 39, 37, 84, 3, 92, 25, 74, 28, 29, 51, 7, 53, 14, 86, 48, 89, 50, 66, 96, 33, 80, 4, 8, 34, 49, 52, 0, 13, 2, 69, 55]|[1, 1, 0, 1, 1, 1, 2, 1, 2, 1, 2, 2, 2, 1, 1, 0, 0, 1, 0, 2, 2, 0, 1, 2, 0, 1, 2, 2, 0, 0, 1, 2, 1, 2, 1, 0, 2, 0, 1, 1, 0, 1, 1, 1, 0, 2, 1, 1, 0, 0, 0, 0, 1, 1, 2, 1, 2, 0, 0, 0, 2, 1, 0, 1, 2, 1, 2, 1, 1, 1, 1, 1, 2, 0, 1, 2, 0, 0, 0, 1, 0, 1, 0, 0, 1, 0, 0, 0, 2, 0, 0, 1, 2, 0, 1, 0, 0, 0, 1, 1]|[4, 3, 2, 2, 0, 0, 2, 2, 2, 4, 1, 1, 2, 4, 4, 1, 1, 4, 2, 1, 1, 1, 1, 2, 1, 2, 1, 1, 1, 1, 3, 2, 3, 0, 4, 0, 1, 1, 0, 3, 2, 2, 4, 0, 1, 1, 0, 2, 0, 1, 2, 2, 1, 4, 0, 3, 2, 1, 1, 2, 1, 3, 1, 1, 1, 3, 0, 4, 3, 1, 4, 1, 1, 2, 4, 1, 2, 1, 1, 3, 2, 3, 1, 1, 1, 1, 1, 1, 1, 1, 2, 3, 1, 1, 1, 2, 2, 2, 3, 4]|[0, 2, 1, 1, 3, 3, 0, 1, 0, 0, 0, 0, 1, 0, 1, 0, 0, 3, 1, 0, 0, 0, 3, 1, 0, 2, 0, 0, 0, 1, 0, 0, 0, 0, 3, 0, 1, 0, 0, 2, 1, 1, 2, 0, 0, 0, 0, 1, 1, 0, 0, 0, 1, 3, 0, 0, 1, 0, 0, 1, 0, 2, 0, 1, 0, 2, 1, 0, 0, 1, 1, 3, 0, 1, 3, 0, 1, 0, 0, 2, 1, 0, 0, 0, 1, 0, 0, 0, 0, 0, 1, 2, 0, 1, 1, 0, 0, 0, 0, 3],804.6875225521468,57746.82533348298,88068.50778672317,false
48,G1_CMAX,G1_CMAX,[31, 22, 90, 26, 58, 95, 42, 12, 93, 5, 78, 86, 98, 18, 20, 35, 3, 97, 91, 76, 10, 85, 54, 45, 63, 71, 66, 1, 23, 17, 24, 60, 36, 6, 57, 15, 65, 56, 47, 79, 94, 67, 50, 46, 14, 75, 38, 9, 30, 19, 32, 81, 27, 92, 83, 87, 40, 99, 59, 11, 53, 16, 72, 77, 73, 70, 39, 37, 84, 43, 62, 25, 55, 28, 29, 51, 68, 82, 74, 61, 88, 21, 80, 89, 7, 69, 96, 41, 48, 4, 8, 34, 49, 52, 0, 44, 13, 2, 64, 33]|[1, 1, 1, 1, 0, 2, 1, 1, 2, 2, 2, 1, 0, 1, 2, 2, 1, 2, 0, 1, 2, 2, 2, 0, 0, 1, 2, 1, 2, 1, 2, 1, 1, 0, 1, 1, 0, 2, 2, 1, 1, 0, 0, 0, 0, 1, 1, 1, 1, 2, 1, 2, 2, 0, 0, 2, 1, 0, 0, 2, 0, 1, 2, 2, 1, 1, 1, 1, 1, 1, 0, 1, 1, 0, 0, 0, 0, 0, 2, 1, 1, 0, 0, 1, 1, 1, 2, 2, 0, 1, 1, 2, 0, 1, 0, 0, 0, 0, 2, 2]|[0, 4, 3, 0, 1, 1, 2, 4, 1, 1, 2, 4, 1, 4, 1, 1, 1, 2, 2, 2, 2, 1, 1, 1, 2, 3, 2, 3, 0, 4, 1, 0, 3, 2, 2, 2, 1, 1, 1, 0, 2, 0, 1, 2, 1, 3, 1, 4, 2, 0, 3, 2, 1, 2, 1, 1, 4, 1, 1, 1, 2, 3, 0, 2, 4, 3, 1, 4, 1, 1, 1, 4, 4, 2, 1, 1, 1, 2, 1, 3, 0, 1, 1, 1, 1, 3, 1, 1, 1, 4, 3, 1, 1, 1, 2, 2, 2, 2, 1, 1]|[3, 0, 2, 3, 0, 0, 1, 0, 0, 0, 1, 0, 0, 3, 0, 0, 1, 1, 1, 2, 1, 0, 0, 0, 0, 0, 0, 0, 0, 3, 1, 0, 2, 1, 1, 1, 0, 0, 0, 0, 1, 1, 0, 0, 0, 0, 1, 3, 2, 0, 0, 1, 0, 1, 0, 0, 2, 0, 0, 0, 1, 2, 1, 1, 0, 0, 1, 1, 3, 3, 0, 3, 3, 1, 0, 0, 0, 1, 0, 0, 0, 0, 0, 1, 2, 2, 0, 0, 0, 0, 2, 0, 1, 1, 0, 0, 0, 0, 0, 0],705.0470749739228,58445.79123614564,95781.2895945797,false
48,G4_BALANCED,G3_TWC,[31, 22, 42, 15, 26, 58, 95, 82, 77, 12, 47, 5, 93, 78, 98, 54, 85, 63, 18, 44, 20, 35, 43, 97, 91, 76, 10, 30, 21, 45, 71, 64, 1, 23, 17, 83, 24, 61, 60, 36, 6, 57, 94, 88, 65, 56, 79, 40, 67, 68, 46, 75, 38, 9, 19, 32, 81, 41, 27, 62, 87, 90, 99, 59, 11, 16, 72, 73, 70, 39, 37, 84, 3, 92, 25, 55, 28, 29, 51, 7, 33, 14, 86, 48, 89, 50, 66, 96, 53, 80, 4, 8, 34, 49, 52, 13, 0, 2, 69, 74]|[1, 1, 0, 1, 1, 1, 2, 1, 2, 1, 2, 2, 2, 1, 1, 0, 0, 1, 0, 2, 2, 0, 1, 2, 0, 1, 2, 2, 0, 0, 1, 2, 1, 2, 1, 0, 2, 0, 1, 1, 0, 1, 1, 1, 0, 2, 1, 1, 0, 0, 0, 0, 1, 1, 2, 1, 2, 2, 0, 0, 2, 1, 0, 1, 2, 1, 2, 1, 1, 1, 1, 1, 2, 1, 1, 1, 0, 0, 0, 1, 2, 1, 0, 0, 1, 0, 0, 2, 0, 0, 0, 1, 2, 0, 1, 0, 0, 0, 1, 2]|[4, 3, 2, 2, 0, 0, 2, 2, 2, 4, 1, 1, 2, 4, 4, 1, 1, 4, 2, 1, 1, 1, 1, 2, 1, 2, 1, 1, 1, 1, 3, 2, 3, 0, 4, 0, 1, 1, 0, 3, 2, 2, 4, 0, 1, 1, 0, 2, 0, 1, 2, 2, 1, 4, 0, 3, 2, 1, 1, 2, 1, 3, 1, 1, 1, 3, 0, 4, 3, 1, 4, 1, 1, 4, 4, 4, 2, 1, 1, 3, 1, 3, 1, 1, 1, 1, 1, 1, 2, 1, 2, 3, 1, 1, 1, 2, 2, 2, 3, 1]|[0, 2, 1, 1, 3, 3, 0, 1, 0, 0, 0, 0, 1, 0, 1, 0, 0, 3, 1, 0, 0, 0, 3, 1, 0, 2, 0, 0, 0, 1, 0, 0, 0, 0, 3, 0, 1, 0, 0, 2, 1, 1, 2, 0, 0, 0, 0, 1, 1, 0, 0, 0, 1, 3, 0, 0, 1, 0, 0, 1, 0, 2, 0, 1, 0, 2, 1, 0, 0, 1, 1, 3, 0, 0, 3, 3, 1, 0, 0, 2, 0, 0, 0, 0, 1, 0, 0, 0, 1, 0, 1, 2, 0, 1, 1, 0, 0, 0, 0, 0],736.2309893573844,57436.976823727186,90263.94588701171,true
48,G2_TEC,G1_CMAX,[31, 22, 82, 15, 26, 99, 95, 42, 77, 12, 47, 5, 93, 78, 86, 54, 21, 63, 18, 44, 20, 35, 43, 97, 91, 76, 10, 30, 85, 45, 71, 64, 1, 23, 37, 83, 24, 14, 60, 36, 6, 57, 40, 88, 65, 56, 79, 94, 67, 68, 46, 75, 38, 9, 19, 32, 41, 81, 27, 87, 90, 58, 59, 11, 16, 72, 73, 70, 39, 17, 84, 3, 92, 25, 55, 48, 62, 29, 51, 96, 33, 61, 98, 28, 89, 50, 4, 7, 53, 80, 8, 66, 34, 49, 52, 0, 74, 69, 2, 13]|[1, 1, 0, 1, 1, 0, 1, 1, 2, 1, 2, 2, 2, 1, 1, 0, 0, 1, 0, 2, 2, 0, 1, 2, 0, 1, 2, 2, 0, 0, 1, 2, 1, 2, 1, 0, 2, 0, 1, 1, 0, 1, 1, 1, 0, 2, 1, 1, 0, 0, 0, 0, 1, 1, 2, 1, 0, 2, 0, 2, 1, 0, 1, 2, 1, 2, 1, 1, 1, 1, 1, 1, 0, 1, 2, 0, 0, 0, 0, 2, 2, 1, 2, 0, 1, 0, 1, 2, 0, 0, 1, 2, 2, 0, 1, 0, 2, 1, 0, 0]|[0, 3, 2, 2, 4, 1, 2, 3, 2, 4, 1, 1, 2, 4, 4, 1, 1, 4, 2, 1, 1, 1, 1, 2, 1, 2, 1, 1, 2, 1, 3, 2, 3, 1, 4, 0, 1, 1, 0, 3, 2, 2, 2, 0, 1, 1, 0, 4, 0, 1, 2, 2, 1, 4, 0, 3, 1, 1, 1, 1, 3, 1, 1, 1, 3, 0, 4, 3, 1, 4, 1, 1, 0, 4, 1, 1, 2, 1, 1, 1, 1, 3, 1, 2, 1, 1, 4, 1, 2, 1, 3, 1, 1, 1, 1, 2, 1, 4, 2, 2]|[0, 2, 1, 1, 3, 0, 1, 3, 0, 0, 0, 0, 1, 0, 1, 0, 0, 3, 1, 0, 0, 0, 3, 1, 0, 2, 0, 0, 0, 1, 0, 0, 0, 0, 3, 0, 1, 0, 0, 2, 1, 1, 1, 0, 0, 0, 0, 2, 1, 0, 0, 0, 1, 3, 0, 0, 0, 0, 0, 0, 2, 0, 1, 0, 2, 1, 0, 0, 1, 1, 3, 1, 1, 3, 0, 0, 1, 0, 0, 0, 0, 0, 0, 1, 1, 0, 0, 0, 1, 0, 2, 0, 0, 1, 1, 0, 0, 2, 0, 0],731.2476204416437,56586.27722209284,92825.60273597998,true
48,G3_TWC,G3_TWC,[31, 22, 42, 15, 26, 58, 95, 82, 77, 12, 47, 5, 93, 78, 98, 54, 85, 63, 18, 44, 20, 35, 43, 97, 91, 76, 10, 30, 21, 45, 71, 64, 1, 23, 17, 83, 24, 61, 60, 36, 6, 57, 94, 88, 65, 56, 79, 40, 67, 68, 46, 75, 38, 9, 19, 32, 81, 41, 27, 62, 87, 90, 99, 59, 11, 16, 72, 73, 70, 39, 37, 84, 3, 92, 25, 74, 28, 29, 51, 7, 53, 14, 86, 48, 89, 50, 66, 96, 33, 80, 4, 8, 34, 49, 52, 0, 13, 2, 69, 55]|[1, 1, 0, 1, 1, 1, 2, 1, 2, 1, 2, 2, 2, 1, 1, 0, 0, 1, 0, 2, 2, 0, 1, 2, 0, 1, 2, 2, 0, 0, 1, 2, 1, 2, 1, 0, 2, 0, 1, 1, 0, 1, 1, 1, 0, 2, 1, 1, 0, 0, 0, 0, 1, 1, 2, 1, 2, 0, 0, 0, 2, 1, 0, 1, 2, 1, 2, 1, 1, 1, 1, 1, 2, 0, 1, 2, 0, 0, 0, 1, 0, 1, 0, 0, 1, 0, 0, 0, 2, 0, 0, 1, 2, 0, 1, 0, 0, 0, 1, 1]|[4, 3, 2, 2, 0, 0, 2, 2, 2, 4, 1, 1, 2, 4, 4, 1, 1, 4, 2, 1, 1, 1, 1, 2, 1, 2, 1, 1, 1, 1, 3, 2, 3, 0, 4, 0, 1, 1, 0, 3, 2, 2, 4, 0, 1, 1, 0, 2, 0, 1, 2, 2, 1, 4, 0, 3, 2, 1, 1, 2, 1, 3, 1, 1, 1, 3, 0, 4, 3, 1, 4, 1, 1, 2, 4, 1, 2, 1, 1, 3, 2, 3, 1, 1, 1, 1, 1, 1, 1, 1, 2, 3, 1, 1, 1, 2, 2, 2, 3, 4]|[0, 2, 1, 1, 3, 3, 0, 1, 0, 0, 0, 0, 1, 0, 1, 0, 0, 3, 1, 0, 0, 0, 3, 1, 0, 2, 0, 0, 0, 1, 0, 0, 0, 0, 3, 0, 1, 0, 0, 2, 1, 1, 2, 0, 0, 0, 0, 1, 1, 0, 0, 0, 1, 3, 0, 0, 1, 0, 0, 1, 0, 2, 0, 1, 0, 2, 1, 0, 0, 1, 1, 3, 0, 1, 3, 0, 1, 0, 0, 2, 1, 0, 0, 0, 1, 0, 0, 0, 0, 0, 1, 2, 0, 1, 1, 0, 0, 0, 0, 3],804.6875225521468,57746.82533348298,88068.50778672317,false
48,G1_CMAX,G1_CMAX,[31, 22, 90, 26, 58, 95, 42, 12, 93, 5, 78, 86, 98, 18, 20, 35, 3, 97, 91, 76, 10, 85, 54, 45, 63, 71, 66, 1, 23, 17, 24, 60, 36, 6, 57, 15, 65, 56, 47, 79, 94, 67, 50, 46, 14, 75, 38, 9, 30, 19, 32, 81, 27, 92, 83, 87, 40, 99, 59, 11, 53, 16, 72, 77, 73, 70, 39, 37, 84, 43, 62, 25, 55, 28, 29, 51, 68, 82, 74, 61, 88, 21, 80, 89, 7, 69, 96, 41, 48, 4, 8, 34, 49, 52, 0, 44, 13, 2, 64, 33]|[1, 1, 1, 1, 0, 2, 1, 1, 2, 2, 2, 1, 0, 1, 2, 2, 1, 2, 0, 1, 2, 2, 2, 0, 0, 1, 2, 1, 2, 1, 2, 1, 1, 0, 1, 1, 0, 2, 2, 1, 1, 0, 0, 0, 0, 1, 1, 1, 1, 2, 1, 2, 2, 0, 0, 2, 1, 0, 0, 2, 0, 1, 2, 2, 1, 1, 1, 1, 1, 1, 0, 1, 1, 0, 0, 0, 0, 0, 2, 1, 1, 0, 0, 1, 1, 1, 2, 2, 0, 1, 1, 2, 0, 1, 0, 0, 0, 0, 2, 2]|[0, 4, 3, 0, 1, 1, 2, 4, 1, 1, 2, 4, 1, 4, 1, 1, 1, 2, 2, 2, 2, 1, 1, 1, 2, 3, 2, 3, 0, 4, 1, 0, 3, 2, 2, 2, 1, 1, 1, 0, 2, 0, 1, 2, 1, 3, 1, 4, 2, 0, 3, 2, 1, 2, 1, 1, 4, 1, 1, 1, 2, 3, 0, 2, 4, 3, 1, 4, 1, 1, 1, 4, 4, 2, 1, 1, 1, 2, 1, 3, 0, 1, 1, 1, 1, 3, 1, 1, 1, 4, 3, 1, 1, 1, 2, 2, 2, 2, 1, 1]|[3, 0, 2, 3, 0, 0, 1, 0, 0, 0, 1, 0, 0, 3, 0, 0, 1, 1, 1, 2, 1, 0, 0, 0, 0, 0, 0, 0, 0, 3, 1, 0, 2, 1, 1, 1, 0, 0, 0, 0, 1, 1, 0, 0, 0, 0, 1, 3, 2, 0, 0, 1, 0, 1, 0, 0, 2, 0, 0, 0, 1, 2, 1, 1, 0, 0, 1, 1, 3, 3, 0, 3, 3, 1, 0, 0, 0, 1, 0, 0, 0, 0, 0, 1, 2, 2, 0, 0, 0, 0, 2, 0, 1, 1, 0, 0, 0, 0, 0, 0],705.0470749739228,58445.79123614564,95781.2895945797,false
48,G4_BALANCED,G3_TWC,[31, 22, 42, 15, 26, 58, 95, 82, 77, 12, 47, 5, 93, 78, 98, 54, 85, 63, 18, 44, 20, 35, 43, 97, 91, 76, 10, 30, 21, 45, 71, 64, 1, 23, 17, 83, 24, 61, 60, 36, 6, 57, 94, 88, 65, 56, 79, 40, 67, 68, 46, 75, 38, 9, 19, 32, 81, 41, 27, 62, 87, 90, 99, 59, 11, 16, 72, 73, 70, 39, 37, 84, 3, 92, 25, 55, 28, 29, 51, 7, 33, 14, 86, 48, 89, 50, 66, 96, 53, 80, 4, 8, 34, 49, 52, 13, 0, 2, 69, 74]|[1, 1, 0, 1, 1, 1, 2, 1, 2, 1, 2, 2, 2, 1, 1, 0, 0, 1, 0, 2, 2, 0, 1, 2, 0, 1, 2, 2, 0, 0, 1, 2, 1, 2, 1, 0, 2, 0, 1, 1, 0, 1, 1, 1, 0, 2, 1, 1, 0, 0, 0, 0, 1, 1, 2, 1, 2, 2, 0, 0, 2, 1, 0, 1, 2, 1, 2, 1, 1, 1, 1, 1, 2, 1, 1, 1, 0, 0, 0, 1, 2, 1, 0, 0, 1, 0, 0, 2, 0, 0, 0, 1, 2, 0, 1, 0, 0, 0, 1, 2]|[4, 3, 2, 2, 0, 0, 2, 2, 2, 4, 1, 1, 2, 4, 4, 1, 1, 4, 2, 1, 1, 1, 1, 2, 1, 2, 1, 1, 1, 1, 3, 2, 3, 0, 4, 0, 1, 1, 0, 3, 2, 2, 4, 0, 1, 1, 0, 2, 0, 1, 2, 2, 1, 4, 0, 3, 2, 1, 1, 2, 1, 3, 1, 1, 1, 3, 0, 4, 3, 1, 4, 1, 1, 4, 4, 4, 2, 1, 1, 3, 1, 3, 1, 1, 1, 1, 1, 1, 2, 1, 2, 3, 1, 1, 1, 2, 2, 2, 3, 1]|[0, 2, 1, 1, 3, 3, 0, 1, 0, 0, 0, 0, 1, 0, 1, 0, 0, 3, 1, 0, 0, 0, 3, 1, 0, 2, 0, 0, 0, 1, 0, 0, 0, 0, 3, 0, 1, 0, 0, 2, 1, 1, 2, 0, 0, 0, 0, 1, 1, 0, 0, 0, 1, 3, 0, 0, 1, 0, 0, 1, 0, 2, 0, 1, 0, 2, 1, 0, 0, 1, 1, 3, 0, 0, 3, 3, 1, 0, 0, 2, 0, 0, 0, 0, 1, 0, 0, 0, 1, 0, 1, 2, 0, 1, 1, 0, 0, 0, 0, 0],736.2309893573844,57436.976823727186,90263.94588701171,true
48,G2_TEC,G1_CMAX,[31, 22, 82, 15, 26, 99, 95, 42, 77, 12, 47, 5, 93, 78, 86, 54, 21, 63, 18, 44, 20, 35, 43, 97, 91, 76, 10, 30, 85, 45, 71, 64, 1, 23, 57, 83, 24, 14, 60, 36, 6, 17, 40, 88, 65, 56, 79, 94, 67, 68, 46, 75, 38, 9, 19, 32, 41, 81, 27, 87, 90, 58, 59, 11, 16, 72, 73, 70, 39, 37, 84, 3, 92, 25, 55, 48, 62, 29, 51, 96, 33, 61, 98, 66, 89, 50, 4, 7, 53, 80, 8, 28, 34, 49, 52, 0, 74, 69, 2, 13]|[1, 1, 0, 1, 1, 0, 1, 1, 2, 1, 2, 2, 2, 1, 1, 0, 0, 1, 0, 2, 2, 0, 1, 2, 0, 1, 2, 2, 0, 0, 1, 2, 1, 2, 1, 0, 2, 0, 1, 1, 0, 1, 1, 1, 0, 2, 1, 1, 0, 0, 0, 0, 1, 1, 2, 1, 0, 2, 0, 2, 1, 0, 1, 2, 1, 2, 1, 1, 1, 1, 1, 1, 0, 1, 2, 0, 0, 0, 2, 2, 2, 1, 2, 2, 1, 0, 1, 2, 0, 0, 1, 0, 2, 0, 1, 0, 2, 1, 0, 0]|[0, 3, 2, 2, 4, 1, 2, 3, 2, 4, 1, 1, 2, 4, 4, 1, 1, 4, 2, 1, 1, 1, 1, 2, 1, 2, 1, 1, 2, 1, 3, 2, 3, 1, 4, 0, 1, 1, 0, 3, 2, 2, 2, 0, 1, 1, 0, 4, 0, 1, 2, 2, 1, 4, 0, 3, 1, 1, 1, 1, 3, 1, 1, 1, 3, 0, 4, 3, 1, 4, 1, 1, 2, 4, 1, 1, 2, 1, 2, 1, 1, 3, 1, 1, 1, 1, 4, 1, 2, 1, 3, 2, 1, 1, 1, 2, 1, 4, 2, 2]|[0, 2, 1, 1, 3, 0, 1, 3, 0, 0, 0, 0, 1, 0, 1, 0, 0, 3, 1, 0, 0, 0, 3, 1, 0, 2, 0, 0, 0, 1, 0, 0, 0, 0, 3, 0, 1, 0, 0, 2, 1, 1, 1, 0, 0, 0, 0, 2, 1, 0, 0, 0, 1, 3, 0, 0, 0, 0, 0, 0, 2, 0, 1, 0, 2, 1, 0, 0, 1, 1, 3, 1, 1, 3, 0, 0, 1, 0, 1, 0, 0, 0, 0, 0, 1, 0, 0, 0, 1, 0, 2, 1, 0, 1, 1, 0, 0, 2, 0, 0],726.9061273463456,57092.60052686413,92996.29751897219,true
48,G3_TWC,G3_TWC,[31, 22, 42, 15, 26, 58, 95, 82, 77, 12, 47, 5, 93, 78, 98, 54, 85, 63, 18, 44, 20, 35, 43, 97, 91, 76, 10, 30, 21, 45, 71, 64, 1, 23, 17, 83, 24, 61, 60, 36, 6, 57, 94, 88, 65, 56, 79, 40, 67, 68, 46, 75, 38, 9, 19, 32, 81, 41, 27, 62, 87, 90, 99, 59, 11, 16, 72, 73, 70, 39, 37, 84, 3, 92, 25, 74, 28, 29, 51, 7, 53, 14, 86, 48, 89, 50, 66, 96, 33, 80, 4, 8, 34, 49, 52, 0, 13, 2, 69, 55]|[1, 1, 0, 1, 1, 1, 2, 1, 2, 1, 2, 2, 2, 1, 1, 0, 0, 1, 0, 2, 2, 0, 1, 2, 0, 1, 2, 2, 0, 0, 1, 2, 1, 2, 1, 0, 2, 0, 1, 1, 0, 1, 1, 1, 0, 2, 1, 1, 0, 0, 0, 0, 1, 1, 2, 1, 2, 0, 0, 0, 2, 1, 0, 1, 2, 1, 2, 1, 1, 1, 1, 1, 2, 0, 1, 2, 0, 0, 0, 1, 0, 1, 0, 0, 1, 0, 0, 0, 2, 0, 0, 1, 2, 0, 1, 0, 0, 0, 1, 1]|[4, 3, 2, 2, 0, 0, 2, 2, 2, 4, 1, 1, 2, 4, 4, 1, 1, 4, 2, 1, 1, 1, 1, 2, 1, 2, 1, 1, 1, 1, 3, 2, 3, 0, 4, 0, 1, 1, 0, 3, 2, 2, 4, 0, 1, 1, 0, 2, 0, 1, 2, 2, 1, 4, 0, 3, 2, 1, 1, 2, 1, 3, 1, 1, 1, 3, 0, 4, 3, 1, 4, 1, 1, 2, 4, 1, 2, 1, 1, 3, 2, 3, 1, 1, 1, 1, 1, 1, 1, 1, 2, 3, 1, 1, 1, 2, 2, 2, 3, 4]|[0, 2, 1, 1, 3, 3, 0, 1, 0, 0, 0, 0, 1, 0, 1, 0, 0, 3, 1, 0, 0, 0, 3, 1, 0, 2, 0, 0, 0, 1, 0, 0, 0, 0, 3, 0, 1, 0, 0, 2, 1, 1, 2, 0, 0, 0, 0, 1, 1, 0, 0, 0, 1, 3, 0, 0, 1, 0, 0, 1, 0, 2, 0, 1, 0, 2, 1, 0, 0, 1, 1, 3, 0, 1, 3, 0, 1, 0, 0, 2, 1, 0, 0, 0, 1, 0, 0, 0, 0, 0, 1, 2, 0, 1, 1, 0, 0, 0, 0, 3],804.6875225521468,57746.82533348298,88068.50778672317,false
48,G1_CMAX,G1_CMAX,[31, 22, 90, 26, 58, 95, 42, 12, 93, 5, 78, 86, 98, 18, 20, 35, 3, 97, 91, 76, 10, 85, 54, 45, 63, 71, 66, 1, 23, 17, 24, 60, 36, 6, 57, 15, 65, 56, 47, 79, 94, 67, 50, 46, 14, 75, 38, 9, 30, 19, 32, 81, 27, 92, 83, 87, 40, 99, 59, 11, 53, 16, 72, 77, 73, 70, 39, 37, 84, 43, 62, 25, 55, 28, 29, 51, 68, 82, 74, 61, 88, 21, 80, 89, 7, 69, 96, 41, 48, 4, 8, 34, 49, 52, 0, 44, 13, 2, 64, 33]|[1, 1, 1, 1, 0, 2, 1, 1, 2, 2, 2, 1, 0, 1, 2, 2, 1, 2, 0, 1, 2, 2, 2, 0, 0, 1, 2, 1, 2, 1, 2, 1, 1, 0, 1, 1, 0, 2, 2, 1, 1, 0, 0, 0, 0, 1, 1, 1, 1, 2, 1, 2, 2, 0, 0, 2, 1, 0, 0, 2, 0, 1, 2, 2, 1, 1, 1, 1, 1, 1, 0, 1, 1, 0, 0, 0, 0, 0, 2, 1, 1, 0, 0, 1, 1, 1, 2, 2, 0, 1, 1, 2, 0, 1, 0, 0, 0, 0, 2, 2]|[0, 4, 3, 0, 1, 1, 2, 4, 1, 1, 2, 4, 1, 4, 1, 1, 1, 2, 2, 2, 2, 1, 1, 1, 2, 3, 2, 3, 0, 4, 1, 0, 3, 2, 2, 2, 1, 1, 1, 0, 2, 0, 1, 2, 1, 3, 1, 4, 2, 0, 3, 2, 1, 2, 1, 1, 4, 1, 1, 1, 2, 3, 0, 2, 4, 3, 1, 4, 1, 1, 1, 4, 4, 2, 1, 1, 1, 2, 1, 3, 0, 1, 1, 1, 1, 3, 1, 1, 1, 4, 3, 1, 1, 1, 2, 2, 2, 2, 1, 1]|[3, 0, 2, 3, 0, 0, 1, 0, 0, 0, 1, 0, 0, 3, 0, 0, 1, 1, 1, 2, 1, 0, 0, 0, 0, 0, 0, 0, 0, 3, 1, 0, 2, 1, 1, 1, 0, 0, 0, 0, 1, 1, 0, 0, 0, 0, 1, 3, 2, 0, 0, 1, 0, 1, 0, 0, 2, 0, 0, 0, 1, 2, 1, 1, 0, 0, 1, 1, 3, 3, 0, 3, 3, 1, 0, 0, 0, 1, 0, 0, 0, 0, 0, 1, 2, 2, 0, 0, 0, 0, 2, 0, 1, 1, 0, 0, 0, 0, 0, 0],705.0470749739228,58445.79123614564,95781.2895945797,false
48,G4_BALANCED,G3_TWC,[31, 22, 42, 15, 26, 58, 95, 82, 77, 12, 47, 5, 93, 78, 98, 54, 85, 63, 18, 44, 20, 35, 43, 97, 91, 76, 10, 30, 21, 45, 71, 64, 1, 23, 17, 83, 24, 61, 60, 36, 6, 57, 94, 88, 65, 56, 79, 40, 67, 68, 46, 75, 38, 9, 19, 32, 81, 41, 27, 62, 87, 90, 99, 59, 11, 16, 72, 73, 70, 39, 37, 84, 3, 92, 25, 55, 28, 29, 51, 7, 33, 14, 86, 48, 89, 50, 66, 96, 53, 80, 4, 8, 34, 49, 52, 13, 0, 2, 69, 74]|[1, 1, 0, 1, 1, 1, 2, 1, 2, 1, 2, 2, 2, 1, 1, 0, 0, 1, 0, 2, 2, 0, 1, 2, 0, 1, 2, 2, 0, 0, 1, 2, 1, 2, 1, 0, 2, 0, 1, 1, 0, 1, 1, 1, 0, 2, 1, 1, 0, 0, 0, 0, 1, 1, 2, 1, 2, 2, 0, 0, 2, 1, 0, 1, 2, 1, 2, 1, 1, 1, 1, 1, 2, 1, 1, 1, 0, 0, 0, 1, 2, 1, 0, 0, 1, 0, 0, 2, 0, 0, 0, 1, 2, 0, 1, 0, 0, 0, 1, 2]|[4, 3, 2, 2, 0, 0, 2, 2, 2, 4, 1, 1, 2, 4, 4, 1, 1, 4, 2, 1, 1, 1, 1, 2, 1, 2, 1, 1, 1, 1, 3, 2, 3, 0, 4, 0, 1, 1, 0, 3, 2, 2, 4, 0, 1, 1, 0, 2, 0, 1, 2, 2, 1, 4, 0, 3, 2, 1, 1, 2, 1, 3, 1, 1, 1, 3, 0, 4, 3, 1, 4, 1, 1, 4, 4, 4, 2, 1, 1, 3, 1, 3, 1, 1, 1, 1, 1, 1, 2, 1, 2, 3, 1, 1, 1, 2, 2, 2, 3, 1]|[0, 2, 1, 1, 3, 3, 0, 1, 0, 0, 0, 0, 1, 0, 1, 0, 0, 3, 1, 0, 0, 0, 3, 1, 0, 2, 0, 0, 0, 1, 0, 0, 0, 0, 3, 0, 1, 0, 0, 2, 1, 1, 2, 0, 0, 0, 0, 1, 1, 0, 0, 0, 1, 3, 0, 0, 1, 0, 0, 1, 0, 2, 0, 1, 0, 2, 1, 0, 0, 1, 1, 3, 0, 0, 3, 3, 1, 0, 0, 2, 0, 0, 0, 0, 1, 0, 0, 0, 1, 0, 1, 2, 0, 1, 1, 0, 0, 0, 0, 0],736.2309893573844,57436.976823727186,90263.94588701171,true
48,G2_TEC,G4_BALANCED,[31, 22, 82, 15, 26, 9, 95, 42, 77, 68, 47, 5, 93, 78, 86, 54, 85, 63, 18, 44, 20, 49, 36, 14, 74, 50, 53, 17, 21, 28, 11, 64, 3, 23, 30, 83, 24, 41, 40, 52, 65, 27, 90, 70, 39, 87, 48, 69, 99, 4, 75, 1, 13, 58, 97, 59, 45, 8, 73, 37, 35, 79, 71, 66, 76, 32, 60, 80, 56, 6, 67, 61, 33, 7, 57, 34, 12, 16, 10, 98, 96, 88, 43, 81, 91, 38, 94, 29, 92, 19, 51, 55, 46, 89, 25, 72, 84, 2, 62, 0]|[2, 1, 2, 1, 1, 2, 1, 1, 1, 1, 1, 0, 2, 2, 1, 2, 0, 0, 0, 2, 2, 1, 0, 2, 0, 2, 2, 1, 0, 1, 1, 1, 0, 0, 1, 0, 2, 1, 2, 2, 0, 0, 1, 1, 0, 2, 0, 2, 1, 0, 0, 2, 0, 0, 2, 0, 1, 1, 0, 0, 2, 1, 1, 2, 2, 0, 2, 2, 0, 1, 2, 1, 1, 2, 0, 1, 1, 2, 1, 2, 0, 1, 1, 1, 1, 0, 2, 1, 0, 1, 1, 0, 0, 1, 1, 1, 0, 2, 1, 0]|[0, 3, 0, 3, 4, 1, 4, 4, 2, 4, 3, 2, 1, 0, 2, 1, 1, 1, 2, 1, 1, 3, 0, 1, 0, 1, 1, 4, 1, 4, 3, 2, 2, 0, 4, 1, 1, 4, 1, 1, 2, 1, 4, 4, 1, 1, 0, 1, 3, 2, 2, 1, 2, 1, 1, 2, 4, 3, 0, 2, 2, 3, 3, 1, 1, 2, 1, 1, 2, 4, 1, 3, 4, 1, 2, 4, 3, 1, 3, 1, 2, 4, 4, 4, 3, 2, 1, 3, 2, 4, 3, 2, 2, 4, 4, 4, 2, 1, 3, 2]|[0, 2, 0, 0, 3, 0, 1, 3, 0, 0, 2, 0, 1, 0, 1, 0, 0, 0, 1, 0, 0, 2, 0, 0, 1, 0, 0, 3, 0, 1, 0, 2, 0, 0, 3, 0, 1, 1, 0, 0, 0, 0, 1, 3, 0, 0, 1, 0, 2, 0, 0, 0, 0, 1, 1, 0, 1, 0, 1, 1, 0, 2, 0, 0, 0, 0, 0, 0, 0, 2, 0, 0, 1, 0, 0, 1, 0, 0, 3, 0, 0, 1, 2, 2, 0, 0, 0, 3, 0, 1, 0, 0, 0, 1, 3, 1, 0, 0, 0, 0],889.98535111544,49457.64284602395,104707.75494342032,true
48,G3_TWC,G3_TWC,[31, 22, 42, 15, 26, 58, 95, 82, 77, 12, 47, 5, 93, 78, 98, 54, 85, 63, 18, 44, 20, 35, 43, 97, 91, 76, 10, 30, 21, 45, 71, 64, 1, 23, 17, 83, 24, 61, 60, 36, 6, 57, 94, 88, 65, 56, 79, 40, 67, 68, 46, 75, 38, 9, 19, 32, 81, 41, 27, 62, 87, 90, 99, 59, 11, 16, 72, 73, 70, 39, 37, 84, 3, 92, 25, 74, 28, 29, 51, 7, 53, 14, 86, 48, 89, 50, 66, 96, 33, 80, 4, 8, 34, 49, 52, 0, 13, 2, 69, 55]|[1, 1, 0, 1, 1, 1, 2, 1, 2, 1, 2, 2, 2, 1, 1, 0, 0, 1, 0, 2, 2, 0, 1, 2, 0, 1, 2, 2, 0, 0, 1, 2, 1, 2, 1, 0, 2, 0, 1, 1, 0, 1, 1, 1, 0, 2, 1, 1, 0, 0, 0, 0, 1, 1, 2, 1, 2, 0, 0, 0, 2, 1, 0, 1, 2, 1, 2, 1, 1, 1, 1, 1, 2, 0, 1, 2, 0, 0, 0, 1, 0, 1, 0, 0, 1, 0, 0, 0, 2, 0, 0, 1, 2, 0, 1, 0, 0, 0, 1, 1]|[4, 3, 2, 2, 0, 0, 2, 2, 2, 4, 1, 1, 2, 4, 4, 1, 1, 4, 2, 1, 1, 1, 1, 2, 1, 2, 1, 1, 1, 1, 3, 2, 3, 0, 4, 0, 1, 1, 0, 3, 2, 2, 4, 0, 1, 1, 0, 2, 0, 1, 2, 2, 1, 4, 0, 3, 2, 1, 1, 2, 1, 3, 1, 1, 1, 3, 0, 4, 3, 1, 4, 1, 1, 2, 4, 1, 2, 1, 1, 3, 2, 3, 1, 1, 1, 1, 1, 1, 1, 1, 2, 3, 1, 1, 1, 2, 2, 2, 3, 4]|[0, 2, 1, 1, 3, 3, 0, 1, 0, 0, 0, 0, 1, 0, 1, 0, 0, 3, 1, 0, 0, 0, 3, 1, 0, 2, 0, 0, 0, 1, 0, 0, 0, 0, 3, 0, 1, 0, 0, 2, 1, 1, 2, 0, 0, 0, 0, 1, 1, 0, 0, 0, 1, 3, 0, 0, 1, 0, 0, 1, 0, 2, 0, 1, 0, 2, 1, 0, 0, 1, 1, 3, 0, 1, 3, 0, 1, 0, 0, 2, 1, 0, 0, 0, 1, 0, 0, 0, 0, 0, 1, 2, 0, 1, 1, 0, 0, 0, 0, 3],804.6875225521468,57746.82533348298,88068.50778672317,false
48,G1_CMAX,G1_CMAX,[31, 22, 82, 15, 26, 99, 95, 42, 77, 12, 47, 5, 93, 78, 86, 54, 21, 63, 18, 44, 20, 35, 43, 97, 91, 76, 10, 30, 85, 45, 71, 64, 1, 23, 17, 83, 24, 14, 60, 36, 6, 57, 40, 88, 65, 56, 79, 94, 67, 68, 46, 75, 38, 9, 19, 32, 41, 81, 27, 87, 90, 58, 59, 11, 16, 72, 73, 70, 39, 3, 37, 84, 62, 92, 25, 55, 28, 29, 51, 7, 33, 61, 98, 48, 89, 50, 66, 96, 53, 80, 4, 8, 34, 49, 52, 0, 13, 2, 69, 74]|[2, 1, 0, 1, 1, 0, 1, 2, 2, 1, 2, 2, 2, 1, 1, 0, 0, 1, 0, 2, 2, 0, 1, 2, 0, 1, 2, 2, 0, 0, 1, 2, 1, 2, 1, 0, 2, 0, 1, 1, 0, 2, 1, 1, 0, 2, 1, 1, 0, 0, 0, 0, 1, 1, 2, 1, 0, 2, 0, 2, 1, 0, 1, 2, 2, 1, 1, 1, 1, 1, 1, 1, 0, 0, 1, 2, 0, 0, 0, 2, 2, 1, 2, 0, 1, 0, 2, 0, 0, 0, 1, 1, 2, 0, 1, 0, 0, 0, 1, 2]|[1, 3, 2, 2, 4, 1, 2, 2, 2, 4, 1, 1, 2, 4, 4, 1, 1, 4, 2, 1, 1, 1, 1, 2, 1, 2, 1, 1, 2, 1, 3, 2, 3, 1, 4, 0, 1, 1, 0, 3, 2, 1, 4, 0, 1, 1, 0, 4, 0, 1, 2, 2, 1, 4, 0, 3, 1, 1, 1, 1, 3, 1, 1, 1, 1, 3, 4, 3, 1, 1, 4, 1, 2, 0, 4, 1, 2, 1, 1, 1, 1, 3, 1, 1, 1, 1, 1, 1, 2, 1, 4, 3, 1, 1, 1, 2, 2, 2, 4, 1]|[0, 2, 1, 1, 3, 0, 1, 0, 0, 0, 0, 0, 1, 0, 1, 0, 0, 3, 1, 0, 0, 0, 3, 1, 0, 2, 0, 0, 0, 1, 0, 0, 0, 0, 3, 0, 1, 0, 0, 2, 1, 0, 2, 0, 0, 0, 0, 2, 1, 0, 0, 0, 1, 3, 0, 0, 0, 0, 0, 0, 2, 0, 1, 0, 0, 2, 0, 0, 1, 1, 1, 3, 1, 1, 3, 0, 1, 0, 0, 0, 0, 0, 0, 0, 1, 0, 0, 0, 1, 0, 0, 2, 0, 1, 1, 0, 0, 0, 2, 0],798.6321321395579,55287.901697551715,97014.49042528482,false
48,G4_BALANCED,G3_TWC,[31, 22, 42, 15, 26, 58, 95, 82, 77, 12, 47, 5, 93, 78, 98, 54, 85, 63, 18, 44, 20, 35, 43, 97, 91, 76, 10, 30, 21, 45, 71, 64, 1, 23, 17, 83, 24, 61, 60, 36, 6, 57, 94, 88, 65, 56, 79, 40, 67, 68, 46, 75, 38, 9, 19, 32, 81, 41, 27, 62, 87, 90, 99, 59, 11, 16, 72, 73, 70, 39, 37, 84, 3, 92, 25, 55, 28, 29, 51, 7, 33, 14, 86, 48, 89, 50, 66, 96, 53, 80, 4, 8, 34, 49, 52, 13, 0, 2, 69, 74]|[1, 1, 0, 1, 1, 1, 2, 1, 2, 1, 2, 2, 2, 1, 1, 0, 0, 1, 0, 2, 2, 0, 1, 2, 0, 1, 2, 2, 0, 0, 1, 2, 1, 2, 1, 0, 2, 0, 1, 1, 0, 1, 1, 1, 0, 2, 1, 1, 0, 0, 0, 0, 1, 1, 2, 1, 2, 2, 0, 0, 2, 1, 0, 1, 2, 1, 2, 1, 1, 1, 1, 1, 2, 1, 1, 1, 0, 0, 0, 1, 2, 1, 0, 0, 1, 0, 0, 2, 0, 0, 0, 1, 2, 0, 1, 0, 0, 0, 1, 2]|[4, 3, 2, 2, 0, 0, 2, 2, 2, 4, 1, 1, 2, 4, 4, 1, 1, 4, 2, 1, 1, 1, 1, 2, 1, 2, 1, 1, 1, 1, 3, 2, 3, 0, 4, 0, 1, 1, 0, 3, 2, 2, 4, 0, 1, 1, 0, 2, 0, 1, 2, 2, 1, 4, 0, 3, 2, 1, 1, 2, 1, 3, 1, 1, 1, 3, 0, 4, 3, 1, 4, 1, 1, 4, 4, 4, 2, 1, 1, 3, 1, 3, 1, 1, 1, 1, 1, 1, 2, 1, 2, 3, 1, 1, 1, 2, 2, 2, 3, 1]|[0, 2, 1, 1, 3, 3, 0, 1, 0, 0, 0, 0, 1, 0, 1, 0, 0, 3, 1, 0, 0, 0, 3, 1, 0, 2, 0, 0, 0, 1, 0, 0, 0, 0, 3, 0, 1, 0, 0, 2, 1, 1, 2, 0, 0, 0, 0, 1, 1, 0, 0, 0, 1, 3, 0, 0, 1, 0, 0, 1, 0, 2, 0, 1, 0, 2, 1, 0, 0, 1, 1, 3, 0, 0, 3, 3, 1, 0, 0, 2, 0, 0, 0, 0, 1, 0, 0, 0, 1, 0, 1, 2, 0, 1, 1, 0, 0, 0, 0, 0],736.2309893573844,57436.976823727186,90263.94588701171,true
48,G2_TEC,G4_BALANCED,[31, 22, 82, 15, 26, 9, 95, 42, 77, 68, 47, 5, 93, 78, 86, 54, 85, 63, 18, 44, 20, 49, 36, 14, 74, 50, 53, 17, 21, 28, 11, 64, 3, 23, 30, 83, 24, 41, 40, 52, 65, 27, 90, 70, 39, 87, 48, 69, 99, 4, 75, 1, 13, 58, 97, 59, 45, 8, 73, 37, 35, 79, 71, 66, 76, 32, 60, 80, 56, 6, 67, 61, 33, 7, 57, 34, 12, 16, 10, 98, 96, 88, 43, 81, 91, 38, 94, 29, 92, 19, 51, 55, 46, 89, 25, 72, 84, 2, 62, 0]|[2, 1, 2, 1, 1, 2, 1, 1, 1, 1, 1, 0, 2, 2, 1, 2, 0, 0, 0, 2, 2, 1, 0, 2, 0, 2, 2, 1, 0, 1, 1, 1, 0, 0, 1, 0, 2, 1, 2, 2, 0, 0, 1, 1, 0, 2, 0, 2, 1, 0, 0, 2, 0, 0, 2, 0, 1, 1, 0, 0, 2, 1, 1, 2, 2, 0, 2, 2, 0, 1, 2, 1, 1, 2, 0, 1, 1, 2, 1, 2, 0, 1, 1, 1, 1, 0, 2, 1, 0, 1, 1, 0, 0, 1, 1, 1, 0, 2, 1, 0]|[0, 3, 0, 3, 4, 1, 4, 4, 2, 4, 3, 2, 1, 0, 2, 1, 1, 1, 2, 1, 1, 3, 0, 1, 0, 1, 1, 4, 1, 4, 3, 2, 2, 0, 4, 1, 1, 4, 1, 1, 2, 1, 4, 4, 1, 1, 0, 1, 3, 2, 2, 1, 2, 1, 1, 2, 4, 3, 0, 2, 2, 3, 3, 1, 1, 2, 1, 1, 2, 4, 1, 3, 4, 1, 2, 4, 3, 1, 3, 1, 2, 4, 4, 4, 3, 2, 1, 3, 2, 4, 3, 2, 2, 4, 4, 4, 2, 1, 3, 2]|[0, 2, 0, 0, 3, 0, 1, 3, 0, 0, 2, 0, 1, 0, 1, 0, 0, 0, 1, 0, 0, 2, 0, 0, 1, 0, 0, 3, 0, 1, 0, 2, 0, 0, 3, 0, 1, 1, 0, 0, 0, 0, 1, 3, 0, 0, 1, 0, 2, 0, 0, 0, 0, 1, 1, 0, 1, 0, 1, 1, 0, 2, 0, 0, 0, 0, 0, 0, 0, 2, 0, 0, 1, 0, 0, 1, 0, 0, 3, 0, 0, 1, 2, 2, 0, 0, 0, 3, 0, 1, 0, 0, 0, 1, 3, 1, 0, 0, 0, 0],889.98535111544,49457.64284602395,104707.75494342032,true
48,G3_TWC,G3_TWC,[31, 22, 82, 15, 26, 58, 95, 66, 77, 12, 47, 5, 93, 78, 98, 54, 85, 63, 18, 44, 20, 35, 43, 86, 91, 76, 10, 30, 21, 45, 71, 64, 1, 23, 17, 83, 24, 14, 60, 36, 6, 57, 94, 88, 65, 56, 79, 40, 67, 68, 46, 75, 39, 9, 19, 32, 81, 96, 27, 62, 87, 90, 99, 59, 11, 16, 72, 73, 70, 38, 37, 84, 3, 92, 25, 55, 28, 29, 51, 7, 33, 61, 97, 48, 89, 50, 42, 41, 53, 80, 4, 8, 34, 49, 52, 0, 13, 2, 69, 74]|[1, 1, 0, 1, 1, 1, 2, 1, 2, 1, 2, 2, 2, 1, 1, 0, 0, 1, 0, 2, 2, 0, 1, 2, 0, 1, 2, 2, 0, 0, 1, 2, 1, 2, 1, 0, 2, 0, 1, 1, 0, 1, 1, 1, 0, 2, 1, 1, 0, 0, 0, 0, 1, 1, 2, 1, 2, 0, 0, 0, 2, 1, 0, 1, 2, 1, 2, 1, 1, 1, 1, 1, 2, 0, 1, 1, 0, 0, 0, 1, 2, 1, 2, 0, 1, 0, 2, 0, 0, 0, 0, 1, 2, 0, 1, 0, 0, 0, 1, 2]|[4, 3, 2, 2, 0, 0, 2, 2, 2, 4, 1, 1, 2, 4, 4, 1, 1, 4, 2, 1, 1, 1, 1, 2, 1, 2, 1, 1, 1, 1, 3, 2, 3, 0, 4, 0, 1, 1, 0, 3, 2, 2, 4, 0, 1, 1, 0, 2, 0, 1, 2, 2, 1, 4, 0, 3, 2, 1, 1, 2, 1, 3, 1, 1, 1, 3, 0, 4, 3, 1, 4, 1, 1, 2, 4, 4, 2, 1, 1, 3, 1, 3, 2, 1, 1, 1, 1, 1, 2, 1, 2, 3, 1, 1, 1, 2, 2, 2, 3, 1]|[0, 2, 1, 1, 3, 3, 0, 1, 0, 0, 0, 0, 1, 0, 1, 0, 0, 3, 1, 0, 0, 0, 3, 1, 0, 2, 0, 0, 0, 1, 0, 0, 0, 0, 3, 0, 1, 0, 0, 2, 1, 1, 2, 0, 0, 0, 0, 1, 1, 0, 0, 0, 1, 3, 0, 0, 1, 0, 0, 1, 0, 2, 0, 1, 0, 2, 1, 0, 0, 1, 1, 3, 0, 1, 3, 3, 1, 0, 0, 2, 0, 0, 1, 0, 1, 0, 0, 0, 1, 0, 1, 2, 0, 1, 1, 0, 0, 0, 0, 0],777.0039911177811,58346.453128171604,88848.23282716906,false
48,G1_CMAX,G4_BALANCED,[31, 22, 82, 15, 26, 99, 95, 42, 77, 12, 47, 5, 93, 78, 86, 54, 21, 63, 18, 44, 20, 23, 43, 97, 91, 76, 10, 30, 85, 45, 71, 64, 1, 35, 17, 83, 24, 14, 60, 36, 6, 57, 40, 88, 65, 56, 79, 94, 67, 68, 46, 75, 38, 9, 19, 32, 41, 81, 27, 87, 90, 58, 59, 11, 16, 72, 62, 73, 70, 39, 37, 3, 92, 25, 55, 48, 84, 29, 51, 96, 33, 61, 98, 28, 89, 50, 4, 7, 53, 80, 52, 34, 66, 8, 13, 0, 74, 69, 2, 49]|[2, 1, 0, 1, 1, 0, 1, 1, 2, 1, 2, 2, 2, 1, 1, 0, 0, 1, 0, 2, 2, 2, 1, 2, 0, 1, 2, 2, 0, 0, 1, 2, 1, 2, 1, 0, 2, 0, 1, 1, 0, 1, 1, 1, 0, 2, 1, 1, 0, 0, 0, 0, 1, 1, 2, 1, 0, 2, 0, 2, 1, 0, 1, 2, 1, 2, 0, 1, 1, 1, 1, 1, 0, 1, 2, 0, 1, 0, 0, 2, 2, 1, 2, 0, 1, 0, 1, 2, 0, 0, 1, 2, 2, 1, 0, 0, 2, 1, 0, 0]|[1, 3, 2, 2, 4, 1, 2, 3, 2, 4, 1, 1, 2, 4, 4, 1, 1, 4, 2, 1, 1, 1, 1, 2, 1, 2, 1, 1, 2, 1, 3, 2, 3, 1, 4, 0, 1, 1, 0, 3, 2, 2, 2, 0, 1, 1, 0, 4, 0, 1, 2, 2, 1, 4, 0, 3, 1, 1, 1, 1, 3, 1, 1, 1, 3, 0, 2, 4, 3, 1, 4, 1, 0, 4, 1, 1, 1, 1, 1, 1, 1, 3, 1, 2, 1, 1, 4, 1, 2, 1, 1, 1, 1, 3, 2, 2, 1, 4, 2, 2]|[0, 2, 1, 1, 3, 0, 1, 3, 0, 0, 0, 0, 1, 0, 1, 0, 0, 3, 1, 0, 0, 0, 3, 1, 0, 2, 0, 0, 0, 1, 0, 0, 0, 0, 3, 0, 1, 0, 0, 2, 1, 1, 1, 0, 0, 0, 0, 2, 1, 0, 0, 0, 1, 3, 0, 0, 0, 0, 0, 0, 2, 0, 1, 0, 2, 1, 1, 0, 0, 1, 1, 1, 1, 3, 0, 0, 3, 0, 0, 0, 0, 0, 0, 1, 1, 0, 0, 0, 1, 0, 1, 0, 0, 2, 0, 0, 0, 2, 0, 0],768.4425996665918,55544.97691543313,95885.95702711058,true
48,G4_BALANCED,G3_TWC,[31, 22, 42, 15, 26, 58, 95, 82, 77, 12, 47, 5, 93, 78, 98, 54, 85, 63, 18, 44, 20, 35, 43, 97, 91, 76, 10, 30, 21, 45, 71, 64, 1, 23, 17, 83, 24, 61, 60, 36, 6, 57, 94, 88, 65, 56, 79, 40, 67, 68, 46, 75, 38, 9, 19, 32, 81, 41, 27, 62, 87, 90, 99, 59, 11, 16, 72, 73, 70, 39, 37, 84, 3, 92, 25, 55, 28, 29, 51, 7, 33, 14, 86, 48, 89, 50, 66, 96, 53, 80, 4, 8, 34, 49, 52, 13, 0, 2, 69, 74]|[1, 1, 0, 1, 1, 1, 2, 1, 2, 1, 2, 2, 2, 1, 1, 0, 0, 1, 0, 2, 2, 0, 1, 2, 0, 1, 2, 2, 0, 0, 1, 2, 1, 2, 1, 0, 2, 0, 1, 1, 0, 1, 1, 1, 0, 2, 1, 1, 0, 0, 0, 0, 1, 1, 2, 1, 2, 2, 0, 0, 2, 1, 0, 1, 2, 1, 2, 1, 1, 1, 1, 1, 2, 1, 1, 1, 0, 0, 0, 1, 2, 1, 0, 0, 1, 0, 0, 2, 0, 0, 0, 1, 2, 0, 1, 0, 0, 0, 1, 2]|[4, 3, 2, 2, 0, 0, 2, 2, 2, 4, 1, 1, 2, 4, 4, 1, 1, 4, 2, 1, 1, 1, 1, 2, 1, 2, 1, 1, 1, 1, 3, 2, 3, 0, 4, 0, 1, 1, 0, 3, 2, 2, 4, 0, 1, 1, 0, 2, 0, 1, 2, 2, 1, 4, 0, 3, 2, 1, 1, 2, 1, 3, 1, 1, 1, 3, 0, 4, 3, 1, 4, 1, 1, 4, 4, 4, 2, 1, 1, 3, 1, 3, 1, 1, 1, 1, 1, 1, 2, 1, 2, 3, 1, 1, 1, 2, 2, 2, 3, 1]|[0, 2, 1, 1, 3, 3, 0, 1, 0, 0, 0, 0, 1, 0, 1, 0, 0, 3, 1, 0, 0, 0, 3, 1, 0, 2, 0, 0, 0, 1, 0, 0, 0, 0, 3, 0, 1, 0, 0, 2, 1, 1, 2, 0, 0, 0, 0, 1, 1, 0, 0, 0, 1, 3, 0, 0, 1, 0, 0, 1, 0, 2, 0, 1, 0, 2, 1, 0, 0, 1, 1, 3, 0, 0, 3, 3, 1, 0, 0, 2, 0, 0, 0, 0, 1, 0, 0, 0, 1, 0, 1, 2, 0, 1, 1, 0, 0, 0, 0, 0],736.2309893573844,57436.976823727186,90263.94588701171,true
48,G2_TEC,G4_BALANCED,[31, 22, 82, 15, 26, 9, 95, 42, 77, 68, 47, 5, 93, 78, 86, 54, 85, 63, 18, 44, 20, 49, 36, 14, 74, 50, 53, 17, 21, 28, 11, 64, 3, 23, 30, 83, 24, 41, 40, 52, 65, 27, 90, 70, 39, 87, 48, 69, 99, 4, 75, 1, 13, 58, 97, 59, 45, 8, 73, 37, 35, 79, 71, 66, 76, 32, 60, 80, 56, 6, 67, 61, 33, 7, 57, 34, 12, 16, 10, 98, 96, 88, 43, 81, 91, 38, 94, 29, 92, 19, 51, 55, 46, 89, 25, 72, 84, 2, 62, 0]|[2, 1, 2, 1, 1, 2, 1, 1, 1, 1, 1, 0, 2, 2, 1, 2, 0, 0, 0, 2, 2, 1, 0, 2, 0, 2, 2, 1, 0, 1, 1, 1, 0, 0, 1, 0, 2, 1, 2, 2, 0, 0, 1, 1, 0, 2, 0, 2, 1, 0, 0, 2, 0, 0, 2, 0, 1, 1, 0, 0, 2, 1, 1, 2, 2, 0, 2, 2, 0, 1, 2, 1, 1, 2, 0, 1, 1, 2, 1, 2, 0, 1, 1, 1, 1, 0, 2, 1, 0, 1, 1, 0, 0, 1, 1, 1, 0, 2, 1, 0]|[0, 3, 0, 3, 4, 1, 4, 4, 2, 4, 3, 2, 1, 0, 2, 1, 1, 1, 2, 1, 1, 3, 0, 1, 0, 1, 1, 4, 1, 4, 3, 2, 2, 0, 4, 1, 1, 4, 1, 1, 2, 1, 4, 4, 1, 1, 0, 1, 3, 2, 2, 1, 2, 1, 1, 2, 4, 3, 0, 2, 2, 3, 3, 1, 1, 2, 1, 1, 2, 4, 1, 3, 4, 1, 2, 4, 3, 1, 3, 1, 2, 4, 4, 4, 3, 2, 1, 3, 2, 4, 3, 2, 2, 4, 4, 4, 2, 1, 3, 2]|[0, 2, 0, 0, 3, 0, 1, 3, 0, 0, 2, 0, 1, 0, 1, 0, 0, 0, 1, 0, 0, 2, 0, 0, 1, 0, 0, 3, 0, 1, 0, 2, 0, 0, 3, 0, 1, 1, 0, 0, 0, 0, 1, 3, 0, 0, 1, 0, 2, 0, 0, 0, 0, 1, 1, 0, 1, 0, 1, 1, 0, 2, 0, 0, 0, 0, 0, 0, 0, 2, 0, 0, 1, 0, 0, 1, 0, 0, 3, 0, 0, 1, 2, 2, 0, 0, 0, 3, 0, 1, 0, 0, 0, 1, 3, 1, 0, 0, 0, 0],889.98535111544,49457.64284602395,104707.75494342032,true
48,G3_TWC,G3_TWC,[31, 22, 42, 15, 26, 58, 95, 82, 77, 12, 47, 5, 93, 78, 98, 54, 85, 63, 18, 44, 20, 35, 43, 97, 91, 76, 10, 30, 21, 45, 71, 64, 1, 23, 17, 83, 24, 61, 60, 36, 6, 57, 94, 88, 65, 56, 79, 40, 67, 68, 46, 75, 38, 9, 19, 32, 81, 41, 27, 62, 87, 90, 99, 59, 11, 16, 72, 73, 70, 39, 37, 84, 3, 92, 25, 74, 28, 29, 51, 7, 53, 14, 86, 48, 89, 50, 66, 96, 33, 80, 4, 8, 34, 49, 52, 0, 13, 2, 69, 55]|[1, 1, 0, 1, 1, 1, 2, 1, 2, 1, 2, 2, 2, 1, 1, 0, 0, 1, 0, 2, 2, 0, 1, 2, 0, 1, 2, 2, 0, 0, 1, 2, 1, 2, 1, 0, 2, 0, 1, 1, 0, 1, 1, 1, 0, 2, 1, 1, 0, 0, 0, 0, 1, 1, 2, 1, 2, 0, 0, 0, 2, 1, 0, 1, 2, 1, 2, 1, 1, 1, 1, 1, 2, 0, 1, 2, 0, 0, 0, 1, 0, 1, 0, 0, 1, 0, 0, 0, 2, 0, 0, 1, 2, 0, 1, 0, 0, 0, 1, 1]|[4, 3, 2, 2, 0, 0, 2, 2, 2, 4, 1, 1, 2, 4, 4, 1, 1, 4, 2, 1, 1, 1, 1, 2, 1, 2, 1, 1, 1, 1, 3, 2, 3, 0, 4, 0, 1, 1, 0, 3, 2, 2, 4, 0, 1, 1, 0, 2, 0, 1, 2, 2, 1, 4, 0, 3, 2, 1, 1, 2, 1, 3, 1, 1, 1, 3, 0, 4, 3, 1, 4, 1, 1, 2, 4, 1, 2, 1, 1, 3, 2, 3, 1, 1, 1, 1, 1, 1, 1, 1, 2, 3, 1, 1, 1, 2, 2, 2, 3, 4]|[0, 2, 1, 1, 3, 3, 0, 1, 0, 0, 0, 0, 1, 0, 1, 0, 0, 3, 1, 0, 0, 0, 3, 1, 0, 2, 0, 0, 0, 1, 0, 0, 0, 0, 3, 0, 1, 0, 0, 2, 1, 1, 2, 0, 0, 0, 0, 1, 1, 0, 0, 0, 1, 3, 0, 0, 1, 0, 0, 1, 0, 2, 0, 1, 0, 2, 1, 0, 0, 1, 1, 3, 0, 1, 3, 0, 1, 0, 0, 2, 1, 0, 0, 0, 1, 0, 0, 0, 0, 0, 1, 2, 0, 1, 1, 0, 0, 0, 0, 3],804.6875225521468,57746.82533348298,88068.50778672317,false
48,G1_CMAX,G2_TEC,[31, 22, 82, 15, 26, 9, 95, 42, 77, 68, 47, 5, 93, 78, 86, 54, 85, 63, 18, 44, 20, 49, 36, 14, 74, 50, 53, 17, 21, 28, 11, 64, 3, 23, 30, 83, 24, 41, 40, 52, 65, 27, 90, 70, 39, 87, 48, 69, 99, 4, 75, 1, 13, 58, 97, 59, 45, 8, 73, 37, 35, 79, 71, 66, 76, 32, 60, 80, 56, 6, 67, 61, 33, 7, 57, 34, 12, 16, 10, 98, 96, 88, 43, 81, 91, 2, 84, 92, 29, 19, 51, 55, 46, 38, 89, 72, 94, 25, 62, 0]|[2, 1, 2, 1, 1, 0, 1, 1, 1, 1, 1, 0, 2, 2, 1, 2, 0, 0, 0, 2, 2, 1, 0, 2, 0, 2, 2, 1, 0, 1, 1, 1, 0, 0, 1, 0, 2, 1, 2, 2, 0, 0, 1, 1, 0, 2, 0, 2, 1, 0, 0, 2, 0, 0, 2, 0, 1, 1, 0, 0, 2, 1, 1, 2, 2, 0, 2, 2, 2, 1, 2, 1, 1, 2, 0, 1, 1, 2, 1, 2, 0, 1, 1, 1, 1, 2, 0, 1, 1, 1, 1, 0, 0, 0, 1, 1, 2, 1, 1, 2]|[0, 3, 0, 3, 4, 2, 4, 4, 2, 4, 3, 2, 2, 0, 2, 1, 1, 1, 2, 1, 1, 3, 0, 1, 0, 1, 1, 4, 1, 4, 3, 2, 2, 0, 4, 1, 1, 4, 1, 1, 2, 1, 4, 4, 1, 1, 0, 1, 3, 2, 2, 1, 2, 1, 1, 2, 4, 3, 0, 2, 2, 3, 3, 1, 1, 2, 1, 1, 1, 4, 1, 3, 4, 1, 2, 4, 3, 1, 3, 1, 2, 4, 4, 4, 3, 1, 2, 3, 3, 4, 3, 2, 2, 2, 4, 4, 1, 4, 3, 1]|[0, 2, 0, 0, 3, 0, 1, 3, 0, 0, 2, 0, 1, 0, 1, 0, 0, 0, 1, 0, 0, 2, 0, 0, 1, 0, 0, 3, 0, 1, 0, 2, 0, 0, 3, 0, 1, 1, 0, 0, 0, 0, 1, 3, 0, 0, 1, 0, 2, 0, 0, 0, 0, 0, 1, 0, 1, 0, 1, 1, 0, 2, 0, 0, 0, 0, 0, 0, 0, 2, 0, 0, 1, 0, 0, 1, 0, 0, 3, 0, 0, 1, 2, 2, 0, 0, 0, 3, 3, 1, 0, 0, 0, 0, 1, 1, 0, 3, 0, 0],868.3350034506274,50003.66156968901,109550.07800166478,true
48,G4_BALANCED,G3_TWC,[31, 22, 42, 15, 26, 58, 95, 82, 77, 12, 47, 5, 93, 78, 98, 54, 85, 63, 18, 44, 20, 35, 43, 97, 91, 76, 10, 30, 21, 45, 71, 64, 1, 23, 17, 83, 24, 61, 60, 36, 6, 57, 94, 88, 65, 56, 79, 40, 67, 68, 46, 75, 38, 9, 19, 32, 81, 41, 27, 62, 87, 90, 99, 59, 11, 16, 72, 73, 70, 39, 37, 84, 3, 92, 25, 55, 28, 29, 51, 7, 33, 14, 86, 48, 89, 50, 66, 96, 53, 80, 4, 8, 34, 49, 52, 13, 0, 2, 69, 74]|[1, 1, 0, 1, 1, 1, 2, 1, 2, 1, 2, 2, 2, 1, 1, 0, 0, 1, 0, 2, 2, 0, 1, 2, 0, 1, 2, 2, 0, 0, 1, 2, 1, 2, 1, 0, 2, 0, 1, 1, 0, 1, 1, 1, 0, 2, 1, 1, 0, 0, 0, 0, 1, 1, 2, 1, 2, 2, 0, 0, 2, 1, 0, 1, 2, 1, 2, 1, 1, 1, 1, 1, 2, 1, 1, 1, 0, 0, 0, 1, 2, 1, 0, 0, 1, 0, 0, 2, 0, 0, 0, 1, 2, 0, 1, 0, 0, 0, 1, 2]|[4, 3, 2, 2, 0, 0, 2, 2, 2, 4, 1, 1, 2, 4, 4, 1, 1, 4, 2, 1, 1, 1, 1, 2, 1, 2, 1, 1, 1, 1, 3, 2, 3, 0, 4, 0, 1, 1, 0, 3, 2, 2, 4, 0, 1, 1, 0, 2, 0, 1, 2, 2, 1, 4, 0, 3, 2, 1, 1, 2, 1, 3, 1, 1, 1, 3, 0, 4, 3, 1, 4, 1, 1, 4, 4, 4, 2, 1, 1, 3, 1, 3, 1, 1, 1, 1, 1, 1, 2, 1, 2, 3, 1, 1, 1, 2, 2, 2, 3, 1]|[0, 2, 1, 1, 3, 3, 0, 1, 0, 0, 0, 0, 1, 0, 1, 0, 0, 3, 1, 0, 0, 0, 3, 1, 0, 2, 0, 0, 0, 1, 0, 0, 0, 0, 3, 0, 1, 0, 0, 2, 1, 1, 2, 0, 0, 0, 0, 1, 1, 0, 0, 0, 1, 3, 0, 0, 1, 0, 0, 1, 0, 2, 0, 1, 0, 2, 1, 0, 0, 1, 1, 3, 0, 0, 3, 3, 1, 0, 0, 2, 0, 0, 0, 0, 1, 0, 0, 0, 1, 0, 1, 2, 0, 1, 1, 0, 0, 0, 0, 0],736.2309893573844,57436.976823727186,90263.94588701171,true
48,G2_TEC,G4_BALANCED,[31, 22, 82, 15, 26, 9, 95, 42, 77, 68, 47, 5, 93, 78, 86, 54, 85, 63, 18, 44, 20, 49, 36, 14, 74, 50, 53, 17, 21, 28, 11, 64, 3, 23, 30, 83, 24, 41, 40, 52, 65, 27, 90, 70, 39, 87, 48, 69, 99, 4, 75, 1, 13, 58, 97, 59, 45, 8, 73, 37, 35, 79, 71, 66, 76, 32, 60, 80, 56, 6, 67, 61, 33, 7, 57, 34, 12, 16, 10, 98, 96, 88, 43, 81, 91, 38, 94, 29, 92, 19, 51, 55, 46, 89, 25, 72, 84, 2, 62, 0]|[2, 1, 2, 1, 1, 2, 1, 1, 1, 1, 1, 0, 2, 2, 1, 2, 0, 0, 0, 2, 2, 1, 0, 2, 0, 2, 2, 1, 0, 1, 1, 1, 0, 0, 1, 0, 2, 1, 2, 2, 0, 0, 1, 1, 0, 2, 0, 2, 1, 0, 0, 2, 0, 0, 2, 0, 1, 1, 0, 0, 2, 1, 1, 2, 2, 0, 2, 2, 0, 1, 2, 1, 1, 2, 0, 1, 1, 2, 1, 2, 0, 1, 1, 1, 1, 0, 2, 1, 0, 1, 1, 0, 0, 1, 1, 1, 0, 2, 1, 0]|[0, 3, 0, 3, 4, 1, 4, 4, 2, 4, 3, 2, 1, 0, 2, 1, 1, 1, 2, 1, 1, 3, 0, 1, 0, 1, 1, 4, 1, 4, 3, 2, 2, 0, 4, 1, 1, 4, 1, 1, 2, 1, 4, 4, 1, 1, 0, 1, 3, 2, 2, 1, 2, 1, 1, 2, 4, 3, 0, 2, 2, 3, 3, 1, 1, 2, 1, 1, 2, 4, 1, 3, 4, 1, 2, 4, 3, 1, 3, 1, 2, 4, 4, 4, 3, 2, 1, 3, 2, 4, 3, 2, 2, 4, 4, 4, 2, 1, 3, 2]|[0, 2, 0, 0, 3, 0, 1, 3, 0, 0, 2, 0, 1, 0, 1, 0, 0, 0, 1, 0, 0, 2, 0, 0, 1, 0, 0, 3, 0, 1, 0, 2, 0, 0, 3, 0, 1, 1, 0, 0, 0, 0, 1, 3, 0, 0, 1, 0, 2, 0, 0, 0, 0, 1, 1, 0, 1, 0, 1, 1, 0, 2, 0, 0, 0, 0, 0, 0, 0, 2, 0, 0, 1, 0, 0, 1, 0, 0, 3, 0, 0, 1, 2, 2, 0, 0, 0, 3, 0, 1, 0, 0, 0, 1, 3, 1, 0, 0, 0, 0],889.98535111544,49457.64284602395,104707.75494342032,true
48,G3_TWC,G3_TWC,[31, 22, 42, 15, 26, 58, 95, 82, 77, 12, 47, 5, 93, 78, 98, 54, 85, 63, 18, 44, 20, 35, 43, 97, 91, 76, 10, 30, 21, 45, 71, 64, 1, 23, 17, 83, 24, 61, 60, 36, 6, 57, 94, 88, 65, 56, 79, 40, 67, 68, 46, 75, 38, 9, 19, 32, 81, 41, 27, 62, 87, 90, 99, 59, 11, 16, 72, 73, 70, 39, 37, 84, 3, 92, 25, 74, 28, 29, 51, 7, 53, 14, 86, 48, 89, 50, 66, 96, 33, 80, 4, 8, 34, 49, 52, 0, 13, 2, 69, 55]|[1, 1, 0, 1, 1, 1, 2, 1, 2, 1, 2, 2, 2, 1, 1, 0, 0, 1, 0, 2, 2, 0, 1, 2, 0, 1, 2, 2, 0, 0, 1, 2, 1, 2, 1, 0, 2, 0, 1, 1, 0, 1, 1, 1, 0, 2, 1, 1, 0, 0, 0, 0, 1, 1, 2, 1, 2, 0, 0, 0, 2, 1, 0, 1, 2, 1, 2, 1, 1, 1, 1, 1, 2, 0, 1, 2, 0, 0, 0, 1, 0, 1, 0, 0, 1, 0, 0, 0, 2, 0, 0, 1, 2, 0, 1, 0, 0, 0, 1, 1]|[4, 3, 2, 2, 0, 0, 2, 2, 2, 4, 1, 1, 2, 4, 4, 1, 1, 4, 2, 1, 1, 1, 1, 2, 1, 2, 1, 1, 1, 1, 3, 2, 3, 0, 4, 0, 1, 1, 0, 3, 2, 2, 4, 0, 1, 1, 0, 2, 0, 1, 2, 2, 1, 4, 0, 3, 2, 1, 1, 2, 1, 3, 1, 1, 1, 3, 0, 4, 3, 1, 4, 1, 1, 2, 4, 1, 2, 1, 1, 3, 2, 3, 1, 1, 1, 1, 1, 1, 1, 1, 2, 3, 1, 1, 1, 2, 2, 2, 3, 4]|[0, 2, 1, 1, 3, 3, 0, 1, 0, 0, 0, 0, 1, 0, 1, 0, 0, 3, 1, 0, 0, 0, 3, 1, 0, 2, 0, 0, 0, 1, 0, 0, 0, 0, 3, 0, 1, 0, 0, 2, 1, 1, 2, 0, 0, 0, 0, 1, 1, 0, 0, 0, 1, 3, 0, 0, 1, 0, 0, 1, 0, 2, 0, 1, 0, 2, 1, 0, 0, 1, 1, 3, 0, 1, 3, 0, 1, 0, 0, 2, 1, 0, 0, 0, 1, 0, 0, 0, 0, 0, 1, 2, 0, 1, 1, 0, 0, 0, 0, 3],804.6875225521468,57746.82533348298,88068.50778672317,false
48,G1_CMAX,G1_CMAX,[31, 22, 90, 26, 58, 95, 42, 12, 93, 5, 78, 86, 98, 18, 20, 35, 3, 97, 91, 76, 10, 85, 54, 45, 63, 71, 66, 1, 23, 17, 24, 60, 36, 6, 57, 15, 65, 56, 47, 79, 94, 67, 50, 46, 14, 75, 38, 9, 30, 19, 32, 81, 27, 92, 83, 87, 40, 99, 59, 11, 53, 16, 72, 77, 73, 70, 39, 37, 84, 43, 62, 25, 55, 28, 29, 51, 68, 82, 74, 61, 88, 21, 80, 89, 7, 69, 96, 41, 48, 4, 8, 34, 49, 52, 0, 44, 13, 2, 64, 33]|[1, 1, 1, 1, 0, 2, 1, 1, 2, 2, 2, 1, 0, 1, 2, 2, 1, 2, 0, 1, 2, 2, 2, 0, 0, 1, 2, 1, 2, 1, 2, 1, 1, 0, 1, 1, 0, 2, 2, 1, 1, 0, 0, 0, 0, 1, 1, 1, 1, 2, 1, 2, 2, 0, 0, 2, 1, 0, 0, 2, 0, 1, 2, 2, 1, 1, 1, 1, 1, 1, 0, 1, 1, 0, 0, 0, 0, 0, 2, 1, 1, 0, 0, 1, 1, 1, 2, 2, 0, 1, 1, 2, 0, 1, 0, 0, 0, 0, 2, 2]|[0, 4, 3, 0, 1, 1, 2, 4, 1, 1, 2, 4, 1, 4, 1, 1, 1, 2, 2, 2, 2, 1, 1, 1, 2, 3, 2, 3, 0, 4, 1, 0, 3, 2, 2, 2, 1, 1, 1, 0, 2, 0, 1, 2, 1, 3, 1, 4, 2, 0, 3, 2, 1, 2, 1, 1, 4, 1, 1, 1, 2, 3, 0, 2, 4, 3, 1, 4, 1, 1, 1, 4, 4, 2, 1, 1, 1, 2, 1, 3, 0, 1, 1, 1, 1, 3, 1, 1, 1, 4, 3, 1, 1, 1, 2, 2, 2, 2, 1, 1]|[3, 0, 2, 3, 0, 0, 1, 0, 0, 0, 1, 0, 0, 3, 0, 0, 1, 1, 1, 2, 1, 0, 0, 0, 0, 0, 0, 0, 0, 3, 1, 0, 2, 1, 1, 1, 0, 0, 0, 0, 1, 1, 0, 0, 0, 0, 1, 3, 2, 0, 0, 1, 0, 1, 0, 0, 2, 0, 0, 0, 1, 2, 1, 1, 0, 0, 1, 1, 3, 3, 0, 3, 3, 1, 0, 0, 0, 1, 0, 0, 0, 0, 0, 1, 2, 2, 0, 0, 0, 0, 2, 0, 1, 1, 0, 0, 0, 0, 0, 0],705.0470749739228,58445.79123614564,95781.2895945797,false
48,G4_BALANCED,G3_TWC,[31, 22, 42, 15, 26, 58, 95, 82, 77, 12, 47, 5, 93, 78, 98, 54, 85, 63, 18, 44, 20, 35, 43, 97, 91, 76, 10, 30, 21, 45, 71, 64, 1, 23, 17, 83, 24, 61, 60, 36, 6, 57, 94, 88, 65, 56, 79, 40, 67, 68, 46, 75, 38, 9, 19, 32, 81, 41, 27, 62, 87, 90, 99, 59, 11, 16, 72, 73, 70, 39, 37, 84, 3, 92, 25, 74, 28, 29, 51, 7, 33, 14, 86, 48, 89, 50, 66, 96, 53, 80, 4, 8, 34, 49, 0, 52, 13, 2, 69, 55]|[1, 1, 0, 1, 1, 1, 2, 1, 2, 1, 2, 2, 2, 1, 1, 0, 0, 1, 0, 2, 2, 0, 1, 2, 0, 1, 2, 2, 0, 0, 1, 2, 1, 2, 1, 0, 2, 0, 1, 1, 0, 1, 1, 1, 0, 2, 1, 1, 0, 0, 0, 0, 1, 1, 2, 1, 2, 0, 0, 0, 2, 1, 0, 1, 2, 1, 2, 1, 1, 1, 1, 1, 2, 0, 1, 1, 0, 0, 0, 1, 2, 1, 0, 0, 1, 0, 0, 0, 0, 0, 0, 1, 2, 0, 0, 1, 0, 0, 1, 2]|[4, 3, 2, 2, 0, 0, 2, 2, 2, 4, 1, 1, 2, 4, 4, 1, 1, 4, 2, 1, 1, 1, 1, 2, 1, 2, 1, 1, 1, 1, 3, 2, 3, 0, 4, 0, 1, 1, 0, 3, 2, 2, 4, 0, 1, 1, 0, 2, 0, 1, 2, 2, 1, 4, 0, 3, 2, 1, 1, 2, 1, 3, 1, 1, 1, 3, 0, 4, 3, 1, 4, 1, 1, 2, 4, 4, 2, 1, 1, 3, 1, 3, 1, 1, 1, 1, 1, 1, 2, 1, 2, 3, 1, 1, 2, 1, 2, 2, 3, 1]|[0, 2, 1, 1, 3, 3, 0, 1, 0, 0, 0, 0, 1, 0, 1, 0, 0, 3, 1, 0, 0, 0, 3, 1, 0, 2, 0, 0, 0, 1, 0, 0, 0, 0, 3, 0, 1, 0, 0, 2, 1, 1, 2, 0, 0, 0, 0, 1, 1, 0, 0, 0, 1, 3, 0, 0, 1, 0, 0, 1, 0, 2, 0, 1, 0, 2, 1, 0, 0, 1, 1, 3, 0, 1, 3, 3, 1, 0, 0, 2, 0, 0, 0, 0, 1, 0, 0, 0, 1, 0, 1, 2, 0, 1, 0, 1, 0, 0, 0, 0],804.6875225521468,57768.38137893742,87916.1793031986,true
48,G2_TEC,G4_BALANCED,[31, 22, 82, 15, 26, 9, 95, 42, 77, 68, 47, 5, 93, 78, 86, 54, 85, 63, 18, 44, 20, 49, 36, 14, 74, 50, 53, 17, 21, 28, 11, 64, 3, 23, 30, 83, 24, 41, 40, 52, 65, 27, 90, 70, 39, 87, 48, 69, 99, 4, 75, 1, 13, 58, 97, 59, 45, 8, 73, 37, 35, 79, 71, 66, 76, 32, 60, 80, 56, 6, 67, 61, 33, 7, 57, 34, 12, 16, 10, 98, 96, 88, 43, 81, 91, 38, 94, 29, 92, 19, 51, 55, 46, 89, 25, 72, 84, 2, 62, 0]|[2, 1, 2, 1, 1, 2, 1, 1, 1, 1, 1, 0, 2, 2, 1, 2, 0, 0, 0, 2, 2, 1, 0, 2, 0, 2, 2, 1, 0, 1, 1, 1, 0, 0, 1, 0, 2, 1, 2, 2, 0, 0, 1, 1, 0, 2, 0, 2, 1, 0, 0, 2, 0, 0, 2, 0, 1, 1, 0, 0, 2, 1, 1, 2, 2, 0, 2, 2, 0, 1, 2, 1, 1, 2, 0, 1, 1, 2, 1, 2, 0, 1, 1, 1, 1, 0, 2, 1, 0, 1, 1, 0, 0, 1, 1, 1, 0, 2, 1, 0]|[0, 3, 0, 3, 4, 1, 4, 4, 2, 4, 3, 2, 1, 0, 2, 1, 1, 1, 2, 1, 1, 3, 0, 1, 0, 1, 1, 4, 1, 4, 3, 2, 2, 0, 4, 1, 1, 4, 1, 1, 2, 1, 4, 4, 1, 1, 0, 1, 3, 2, 2, 1, 2, 1, 1, 2, 4, 3, 0, 2, 2, 3, 3, 1, 1, 2, 1, 1, 2, 4, 1, 3, 4, 1, 2, 4, 3, 1, 3, 1, 2, 4, 4, 4, 3, 2, 1, 3, 2, 4, 3, 2, 2, 4, 4, 4, 2, 1, 3, 2]|[0, 2, 0, 0, 3, 0, 1, 3, 0, 0, 2, 0, 1, 0, 1, 0, 0, 0, 1, 0, 0, 2, 0, 0, 1, 0, 0, 3, 0, 1, 0, 2, 0, 0, 3, 0, 1, 1, 0, 0, 0, 0, 1, 3, 0, 0, 1, 0, 2, 0, 0, 0, 0, 1, 1, 0, 1, 0, 1, 1, 0, 2, 0, 0, 0, 0, 0, 0, 0, 2, 0, 0, 1, 0, 0, 1, 0, 0, 3, 0, 0, 1, 2, 2, 0, 0, 0, 3, 0, 1, 0, 0, 0, 1, 3, 1, 0, 0, 0, 0],889.98535111544,49457.64284602395,104707.75494342032,true
48,G3_TWC,G3_TWC,[31, 22, 42, 15, 26, 58, 95, 82, 77, 12, 47, 5, 93, 78, 98, 54, 85, 63, 18, 44, 20, 35, 43, 97, 91, 76, 10, 30, 21, 45, 71, 64, 1, 23, 17, 83, 24, 61, 60, 36, 6, 57, 94, 88, 65, 56, 79, 40, 67, 68, 46, 75, 38, 9, 19, 32, 81, 41, 27, 62, 87, 90, 99, 59, 11, 16, 72, 73, 70, 39, 37, 84, 3, 92, 25, 74, 28, 29, 51, 7, 53, 14, 86, 48, 89, 50, 66, 96, 33, 80, 4, 8, 34, 49, 52, 0, 13, 2, 69, 55]|[1, 1, 0, 1, 1, 1, 2, 1, 2, 1, 2, 2, 2, 1, 1, 0, 0, 1, 0, 2, 2, 0, 1, 2, 0, 1, 2, 2, 0, 0, 1, 2, 1, 2, 1, 0, 2, 0, 1, 1, 0, 1, 1, 1, 0, 2, 1, 1, 0, 0, 0, 0, 1, 1, 2, 1, 2, 0, 0, 0, 2, 1, 0, 1, 2, 1, 2, 1, 1, 1, 1, 1, 2, 0, 1, 2, 0, 0, 0, 1, 0, 1, 0, 0, 1, 0, 0, 0, 2, 0, 0, 1, 2, 0, 1, 0, 0, 0, 1, 1]|[4, 3, 2, 2, 0, 0, 2, 2, 2, 4, 1, 1, 2, 4, 4, 1, 1, 4, 2, 1, 1, 1, 1, 2, 1, 2, 1, 1, 1, 1, 3, 2, 3, 0, 4, 0, 1, 1, 0, 3, 2, 2, 4, 0, 1, 1, 0, 2, 0, 1, 2, 2, 1, 4, 0, 3, 2, 1, 1, 2, 1, 3, 1, 1, 1, 3, 0, 4, 3, 1, 4, 1, 1, 2, 4, 1, 2, 1, 1, 3, 2, 3, 1, 1, 1, 1, 1, 1, 1, 1, 2, 3, 1, 1, 1, 2, 2, 2, 3, 4]|[0, 2, 1, 1, 3, 3, 0, 1, 0, 0, 0, 0, 1, 0, 1, 0, 0, 3, 1, 0, 0, 0, 3, 1, 0, 2, 0, 0, 0, 1, 0, 0, 0, 0, 3, 0, 1, 0, 0, 2, 1, 1, 2, 0, 0, 0, 0, 1, 1, 0, 0, 0, 1, 3, 0, 0, 1, 0, 0, 1, 0, 2, 0, 1, 0, 2, 1, 0, 0, 1, 1, 3, 0, 1, 3, 0, 1, 0, 0, 2, 1, 0, 0, 0, 1, 0, 0, 0, 0, 0, 1, 2, 0, 1, 1, 0, 0, 0, 0, 3],804.6875225521468,57746.82533348298,88068.50778672317,false
48,G1_CMAX,G1_CMAX,[31, 22, 90, 26, 58, 95, 42, 12, 93, 5, 78, 86, 98, 18, 20, 35, 3, 97, 91, 76, 10, 85, 54, 45, 63, 71, 66, 1, 23, 17, 24, 60, 36, 6, 57, 15, 65, 56, 47, 79, 94, 67, 50, 46, 14, 75, 38, 9, 30, 19, 32, 81, 27, 92, 83, 87, 40, 99, 59, 11, 53, 16, 72, 77, 73, 70, 39, 37, 84, 43, 62, 25, 55, 28, 29, 51, 68, 82, 74, 61, 88, 21, 80, 89, 7, 69, 96, 41, 48, 4, 8, 34, 49, 52, 0, 44, 13, 2, 64, 33]|[1, 1, 1, 1, 0, 2, 1, 1, 2, 2, 2, 1, 0, 1, 2, 2, 1, 2, 0, 1, 2, 2, 2, 0, 0, 1, 2, 1, 2, 1, 2, 1, 1, 0, 1, 1, 0, 2, 2, 1, 1, 0, 0, 0, 0, 1, 1, 1, 1, 2, 1, 2, 2, 0, 0, 2, 1, 0, 0, 2, 0, 1, 2, 2, 1, 1, 1, 1, 1, 1, 0, 1, 1, 0, 0, 0, 0, 0, 2, 1, 1, 0, 0, 1, 1, 1, 2, 2, 0, 1, 1, 2, 0, 1, 0, 0, 0, 0, 2, 2]|[0, 4, 3, 0, 1, 1, 2, 4, 1, 1, 2, 4, 1, 4, 1, 1, 1, 2, 2, 2, 2, 1, 1, 1, 2, 3, 2, 3, 0, 4, 1, 0, 3, 2, 2, 2, 1, 1, 1, 0, 2, 0, 1, 2, 1, 3, 1, 4, 2, 0, 3, 2, 1, 2, 1, 1, 4, 1, 1, 1, 2, 3, 0, 2, 4, 3, 1, 4, 1, 1, 1, 4, 4, 2, 1, 1, 1, 2, 1, 3, 0, 1, 1, 1, 1, 3, 1, 1, 1, 4, 3, 1, 1, 1, 2, 2, 2, 2, 1, 1]|[3, 0, 2, 3, 0, 0, 1, 0, 0, 0, 1, 0, 0, 3, 0, 0, 1, 1, 1, 2, 1, 0, 0, 0, 0, 0, 0, 0, 0, 3, 1, 0, 2, 1, 1, 1, 0, 0, 0, 0, 1, 1, 0, 0, 0, 0, 1, 3, 2, 0, 0, 1, 0, 1, 0, 0, 2, 0, 0, 0, 1, 2, 1, 1, 0, 0, 1, 1, 3, 3, 0, 3, 3, 1, 0, 0, 0, 1, 0, 0, 0, 0, 0, 1, 2, 2, 0, 0, 0, 0, 2, 0, 1, 1, 0, 0, 0, 0, 0, 0],705.0470749739228,58445.79123614564,95781.2895945797,false
48,G4_BALANCED,G4_BALANCED,[31, 22, 42, 15, 26, 58, 95, 82, 77, 12, 47, 5, 93, 78, 98, 54, 85, 63, 18, 44, 20, 35, 43, 97, 91, 76, 10, 30, 21, 45, 71, 64, 1, 23, 17, 83, 24, 61, 60, 36, 6, 57, 94, 88, 65, 56, 79, 40, 67, 68, 46, 75, 38, 9, 19, 32, 81, 41, 27, 62, 87, 90, 99, 59, 11, 16, 72, 73, 70, 39, 37, 84, 3, 92, 25, 55, 28, 29, 51, 7, 33, 14, 86, 48, 89, 50, 66, 96, 53, 80, 4, 8, 74, 49, 0, 52, 69, 2, 13, 34]|[1, 1, 0, 1, 1, 1, 2, 1, 2, 1, 2, 2, 2, 1, 1, 0, 0, 1, 0, 2, 2, 0, 1, 2, 0, 1, 2, 2, 0, 0, 1, 2, 1, 2, 1, 0, 2, 0, 1, 1, 0, 1, 1, 1, 0, 2, 1, 1, 0, 0, 0, 0, 1, 1, 2, 1, 2, 2, 0, 0, 2, 1, 0, 1, 2, 1, 2, 1, 1, 1, 1, 1, 2, 0, 1, 2, 0, 0, 0, 1, 2, 1, 0, 0, 1, 0, 0, 0, 0, 0, 0, 1, 1, 0, 0, 1, 1, 0, 0, 2]|[4, 3, 2, 2, 0, 0, 2, 2, 2, 4, 1, 1, 2, 4, 4, 1, 1, 4, 2, 1, 1, 1, 1, 2, 1, 2, 1, 1, 1, 1, 3, 2, 3, 0, 4, 0, 1, 1, 0, 3, 2, 2, 4, 0, 1, 1, 0, 2, 0, 1, 2, 2, 1, 4, 0, 3, 2, 1, 1, 2, 1, 3, 1, 1, 1, 3, 0, 4, 3, 1, 4, 1, 1, 2, 4, 1, 2, 1, 1, 3, 1, 3, 1, 1, 1, 1, 1, 1, 2, 1, 2, 3, 4, 1, 2, 1, 4, 2, 2, 1]|[0, 2, 1, 1, 3, 3, 0, 1, 0, 0, 0, 0, 1, 0, 1, 0, 0, 3, 1, 0, 0, 0, 3, 1, 0, 2, 0, 0, 0, 1, 0, 0, 0, 0, 3, 0, 1, 0, 0, 2, 1, 1, 2, 0, 0, 0, 0, 1, 1, 0, 0, 0, 1, 3, 0, 0, 1, 0, 0, 1, 0, 2, 0, 1, 0, 2, 1, 0, 0, 1, 1, 3, 0, 1, 3, 0, 1, 0, 0, 2, 0, 0, 0, 0, 1, 0, 0, 0, 1, 0, 1, 2, 3, 1, 0, 1, 2, 0, 0, 0],782.3128546738315,57505.05600672562,89085.76280657598,false
48,G2_TEC,G4_BALANCED,[31, 22, 82, 15, 26, 9, 95, 42, 77, 68, 47, 5, 93, 78, 86, 54, 85, 63, 18, 44, 20, 49, 36, 14, 74, 50, 53, 17, 21, 28, 11, 64, 3, 23, 30, 83, 24, 41, 40, 52, 65, 27, 90, 70, 39, 87, 48, 69, 99, 4, 75, 1, 13, 58, 97, 59, 45, 8, 73, 37, 35, 79, 71, 66, 76, 32, 60, 80, 56, 6, 67, 61, 33, 7, 57, 34, 12, 16, 10, 98, 96, 88, 43, 81, 91, 38, 94, 29, 92, 19, 51, 55, 46, 89, 25, 72, 84, 2, 62, 0]|[2, 1, 2, 1, 1, 2, 1, 1, 1, 1, 1, 0, 2, 2, 1, 2, 0, 0, 0, 2, 2, 1, 0, 2, 0, 2, 2, 1, 0, 1, 1, 1, 0, 0, 1, 0, 2, 1, 2, 2, 0, 0, 1, 1, 0, 2, 0, 2, 1, 0, 0, 2, 0, 0, 2, 0, 1, 1, 0, 0, 2, 1, 1, 2, 2, 0, 2, 2, 0, 1, 2, 1, 1, 2, 0, 1, 1, 2, 1, 2, 0, 1, 1, 1, 1, 0, 2, 1, 0, 1, 1, 0, 0, 1, 1, 1, 0, 2, 1, 0]|[0, 3, 0, 3, 4, 1, 4, 4, 2, 4, 3, 2, 1, 0, 2, 1, 1, 1, 2, 1, 1, 3, 0, 1, 0, 1, 1, 4, 1, 4, 3, 2, 2, 0, 4, 1, 1, 4, 1, 1, 2, 1, 4, 4, 1, 1, 0, 1, 3, 2, 2, 1, 2, 1, 1, 2, 4, 3, 0, 2, 2, 3, 3, 1, 1, 2, 1, 1, 2, 4, 1, 3, 4, 1, 2, 4, 3, 1, 3, 1, 2, 4, 4, 4, 3, 2, 1, 3, 2, 4, 3, 2, 2, 4, 4, 4, 2, 1, 3, 2]|[0, 2, 0, 0, 3, 0, 1, 3, 0, 0, 2, 0, 1, 0, 1, 0, 0, 0, 1, 0, 0, 2, 0, 0, 1, 0, 0, 3, 0, 1, 0, 2, 0, 0, 3, 0, 1, 1, 0, 0, 0, 0, 1, 3, 0, 0, 1, 0, 2, 0, 0, 0, 0, 1, 1, 0, 1, 0, 1, 1, 0, 2, 0, 0, 0, 0, 0, 0, 0, 2, 0, 0, 1, 0, 0, 1, 0, 0, 3, 0, 0, 1, 2, 2, 0, 0, 0, 3, 0, 1, 0, 0, 0, 1, 3, 1, 0, 0, 0, 0],889.98535111544,49457.64284602395,104707.75494342032,true
48,G3_TWC,G3_TWC,[31, 22, 42, 15, 26, 58, 95, 82, 77, 12, 47, 5, 93, 78, 98, 54, 85, 63, 18, 44, 20, 35, 43, 97, 91, 76, 10, 30, 21, 45, 71, 64, 1, 23, 17, 83, 24, 61, 60, 36, 6, 57, 94, 88, 65, 56, 79, 40, 67, 68, 46, 75, 38, 9, 19, 32, 81, 41, 27, 62, 87, 90, 99, 59, 11, 16, 72, 73, 70, 39, 37, 84, 3, 92, 25, 74, 28, 29, 51, 7, 53, 14, 86, 48, 89, 50, 66, 96, 33, 80, 4, 8, 34, 49, 52, 0, 13, 2, 69, 55]|[1, 1, 0, 1, 1, 1, 2, 1, 2, 1, 2, 2, 2, 1, 1, 0, 0, 1, 0, 2, 2, 0, 1, 2, 0, 1, 2, 2, 0, 0, 1, 2, 1, 2, 1, 0, 2, 0, 1, 1, 0, 1, 1, 1, 0, 2, 1, 1, 0, 0, 0, 0, 1, 1, 2, 1, 2, 0, 0, 0, 2, 1, 0, 1, 2, 1, 2, 1, 1, 1, 1, 1, 2, 0, 1, 2, 0, 0, 0, 1, 0, 1, 0, 0, 1, 0, 0, 0, 2, 0, 0, 1, 2, 0, 1, 0, 0, 0, 1, 1]|[4, 3, 2, 2, 0, 0, 2, 2, 2, 4, 1, 1, 2, 4, 4, 1, 1, 4, 2, 1, 1, 1, 1, 2, 1, 2, 1, 1, 1, 1, 3, 2, 3, 0, 4, 0, 1, 1, 0, 3, 2, 2, 4, 0, 1, 1, 0, 2, 0, 1, 2, 2, 1, 4, 0, 3, 2, 1, 1, 2, 1, 3, 1, 1, 1, 3, 0, 4, 3, 1, 4, 1, 1, 2, 4, 1, 2, 1, 1, 3, 2, 3, 1, 1, 1, 1, 1, 1, 1, 1, 2, 3, 1, 1, 1, 2, 2, 2, 3, 4]|[0, 2, 1, 1, 3, 3, 0, 1, 0, 0, 0, 0, 1, 0, 1, 0, 0, 3, 1, 0, 0, 0, 3, 1, 0, 2, 0, 0, 0, 1, 0, 0, 0, 0, 3, 0, 1, 0, 0, 2, 1, 1, 2, 0, 0, 0, 0, 1, 1, 0, 0, 0, 1, 3, 0, 0, 1, 0, 0, 1, 0, 2, 0, 1, 0, 2, 1, 0, 0, 1, 1, 3, 0, 1, 3, 0, 1, 0, 0, 2, 1, 0, 0, 0, 1, 0, 0, 0, 0, 0, 1, 2, 0, 1, 1, 0, 0, 0, 0, 3],804.6875225521468,57746.82533348298,88068.50778672317,false
48,G1_CMAX,G1_CMAX,[31, 22, 90, 26, 58, 95, 42, 12, 93, 5, 78, 86, 98, 18, 20, 35, 3, 97, 91, 76, 10, 85, 54, 45, 63, 71, 66, 1, 23, 17, 24, 60, 36, 6, 57, 15, 65, 56, 47, 79, 94, 67, 50, 46, 14, 75, 38, 9, 30, 19, 32, 81, 27, 92, 83, 87, 40, 99, 59, 11, 53, 16, 72, 77, 73, 70, 39, 37, 84, 43, 62, 25, 55, 28, 29, 51, 68, 82, 74, 61, 88, 21, 80, 89, 7, 69, 96, 41, 48, 4, 8, 34, 49, 52, 0, 44, 13, 2, 64, 33]|[1, 1, 1, 1, 0, 2, 1, 1, 2, 2, 2, 1, 0, 1, 2, 2, 1, 2, 0, 1, 2, 2, 2, 0, 0, 1, 2, 1, 2, 1, 2, 1, 1, 0, 1, 1, 0, 2, 2, 1, 1, 0, 0, 0, 0, 1, 1, 1, 1, 2, 1, 2, 2, 0, 0, 2, 1, 0, 0, 2, 0, 1, 2, 2, 1, 1, 1, 1, 1, 1, 0, 1, 1, 0, 0, 0, 0, 0, 2, 1, 1, 0, 0, 1, 1, 1, 2, 2, 0, 1, 1, 2, 0, 1, 0, 0, 0, 0, 2, 2]|[0, 4, 3, 0, 1, 1, 2, 4, 1, 1, 2, 4, 1, 4, 1, 1, 1, 2, 2, 2, 2, 1, 1, 1, 2, 3, 2, 3, 0, 4, 1, 0, 3, 2, 2, 2, 1, 1, 1, 0, 2, 0, 1, 2, 1, 3, 1, 4, 2, 0, 3, 2, 1, 2, 1, 1, 4, 1, 1, 1, 2, 3, 0, 2, 4, 3, 1, 4, 1, 1, 1, 4, 4, 2, 1, 1, 1, 2, 1, 3, 0, 1, 1, 1, 1, 3, 1, 1, 1, 4, 3, 1, 1, 1, 2, 2, 2, 2, 1, 1]|[3, 0, 2, 3, 0, 0, 1, 0, 0, 0, 1, 0, 0, 3, 0, 0, 1, 1, 1, 2, 1, 0, 0, 0, 0, 0, 0, 0, 0, 3, 1, 0, 2, 1, 1, 1, 0, 0, 0, 0, 1, 1, 0, 0, 0, 0, 1, 3, 2, 0, 0, 1, 0, 1, 0, 0, 2, 0, 0, 0, 1, 2, 1, 1, 0, 0, 1, 1, 3, 3, 0, 3, 3, 1, 0, 0, 0, 1, 0, 0, 0, 0, 0, 1, 2, 2, 0, 0, 0, 0, 2, 0, 1, 1, 0, 0, 0, 0, 0, 0],705.0470749739228,58445.79123614564,95781.2895945797,false
48,G4_BALANCED,G4_BALANCED,[31, 22, 82, 15, 26, 99, 95, 42, 77, 12, 47, 5, 93, 78, 86, 54, 21, 63, 18, 44, 20, 35, 43, 97, 91, 76, 10, 30, 85, 45, 71, 64, 1, 23, 17, 83, 24, 14, 60, 36, 6, 57, 40, 88, 65, 56, 79, 94, 67, 68, 46, 29, 38, 9, 19, 32, 81, 41, 27, 62, 90, 87, 58, 59, 11, 16, 72, 73, 69, 39, 37, 84, 3, 92, 25, 55, 28, 75, 51, 50, 66, 61, 98, 8, 89, 7, 33, 96, 53, 48, 80, 4, 34, 49, 52, 0, 13, 2, 70, 74]|[1, 1, 0, 1, 1, 0, 1, 2, 2, 1, 2, 2, 2, 1, 0, 0, 0, 1, 0, 2, 2, 0, 1, 2, 0, 1, 2, 2, 0, 0, 1, 2, 1, 2, 1, 0, 2, 0, 1, 1, 0, 1, 1, 1, 0, 2, 1, 1, 0, 0, 0, 0, 1, 1, 2, 1, 0, 0, 0, 2, 1, 2, 0, 1, 2, 1, 2, 1, 1, 1, 1, 1, 1, 0, 1, 2, 0, 0, 0, 0, 0, 1, 2, 0, 1, 1, 2, 2, 0, 0, 0, 0, 2, 0, 1, 0, 0, 0, 1, 2]|[4, 3, 2, 2, 4, 1, 2, 2, 2, 4, 1, 1, 2, 4, 1, 1, 2, 4, 2, 1, 1, 1, 1, 2, 1, 2, 1, 1, 2, 1, 3, 1, 3, 1, 4, 0, 1, 1, 0, 3, 2, 2, 4, 0, 1, 1, 0, 4, 0, 1, 2, 2, 1, 4, 0, 3, 1, 1, 1, 1, 3, 1, 1, 1, 1, 3, 1, 4, 3, 1, 4, 1, 1, 2, 4, 1, 2, 2, 1, 1, 1, 3, 1, 1, 1, 3, 1, 1, 2, 1, 1, 2, 1, 1, 1, 2, 2, 2, 3, 1]|[0, 2, 1, 1, 3, 0, 1, 0, 0, 0, 0, 0, 1, 0, 0, 0, 0, 3, 1, 0, 0, 0, 3, 1, 0, 2, 0, 0, 0, 0, 0, 0, 0, 0, 3, 0, 1, 0, 0, 2, 1, 1, 2, 0, 0, 0, 0, 2, 1, 0, 0, 0, 1, 3, 0, 0, 0, 0, 0, 0, 2, 0, 0, 1, 0, 2, 0, 0, 0, 1, 1, 3, 1, 1, 3, 0, 1, 0, 0, 0, 0, 0, 0, 0, 1, 2, 0, 0, 1, 0, 0, 1, 0, 1, 1, 0, 0, 0, 0, 0],863.2156525299164,54967.12151146544,97648.94693390271,false
48,G2_TEC,G4_BALANCED,[31, 22, 82, 15, 26, 9, 95, 42, 77, 68, 47, 5, 93, 78, 86, 54, 85, 63, 18, 44, 20, 49, 36, 14, 74, 50, 53, 17, 21, 28, 11, 64, 3, 23, 30, 83, 24, 41, 40, 52, 65, 27, 90, 70, 39, 87, 48, 69, 99, 4, 75, 1, 13, 58, 97, 59, 45, 8, 73, 37, 35, 79, 71, 66, 76, 32, 60, 80, 56, 6, 67, 61, 33, 7, 57, 34, 12, 16, 10, 98, 96, 88, 43, 81, 91, 38, 94, 29, 92, 19, 51, 55, 46, 89, 25, 72, 84, 2, 62, 0]|[2, 1, 2, 1, 1, 2, 1, 1, 1, 1, 1, 0, 2, 2, 1, 2, 0, 0, 0, 2, 2, 1, 0, 2, 0, 2, 2, 1, 0, 1, 1, 1, 0, 0, 1, 0, 2, 1, 2, 2, 0, 0, 1, 1, 0, 2, 0, 2, 1, 0, 0, 2, 0, 0, 2, 0, 1, 1, 0, 0, 2, 1, 1, 2, 2, 0, 2, 2, 0, 1, 2, 1, 1, 2, 0, 1, 1, 2, 1, 2, 0, 1, 1, 1, 1, 0, 2, 1, 0, 1, 1, 0, 0, 1, 1, 1, 0, 2, 1, 0]|[0, 3, 0, 3, 4, 1, 4, 4, 2, 4, 3, 2, 1, 0, 2, 1, 1, 1, 2, 1, 1, 3, 0, 1, 0, 1, 1, 4, 1, 4, 3, 2, 2, 0, 4, 1, 1, 4, 1, 1, 2, 1, 4, 4, 1, 1, 0, 1, 3, 2, 2, 1, 2, 1, 1, 2, 4, 3, 0, 2, 2, 3, 3, 1, 1, 2, 1, 1, 2, 4, 1, 3, 4, 1, 2, 4, 3, 1, 3, 1, 2, 4, 4, 4, 3, 2, 1, 3, 2, 4, 3, 2, 2, 4, 4, 4, 2, 1, 3, 2]|[0, 2, 0, 0, 3, 0, 1, 3, 0, 0, 2, 0, 1, 0, 1, 0, 0, 0, 1, 0, 0, 2, 0, 0, 1, 0, 0, 3, 0, 1, 0, 2, 0, 0, 3, 0, 1, 1, 0, 0, 0, 0, 1, 3, 0, 0, 1, 0, 2, 0, 0, 0, 0, 1, 1, 0, 1, 0, 1, 1, 0, 2, 0, 0, 0, 0, 0, 0, 0, 2, 0, 0, 1, 0, 0, 1, 0, 0, 3, 0, 0, 1, 2, 2, 0, 0, 0, 3, 0, 1, 0, 0, 0, 1, 3, 1, 0, 0, 0, 0],889.98535111544,49457.64284602395,104707.75494342032,true
48,G3_TWC,G3_TWC,[31, 22, 42, 15, 26, 58, 95, 82, 77, 12, 47, 5, 93, 78, 98, 54, 85, 63, 18, 44, 20, 35, 43, 97, 91, 76, 10, 30, 21, 45, 71, 64, 1, 23, 17, 83, 24, 61, 60, 36, 6, 57, 94, 88, 65, 56, 79, 40, 67, 68, 46, 75, 38, 9, 19, 32, 81, 41, 27, 62, 87, 90, 99, 59, 11, 16, 72, 73, 70, 39, 37, 84, 3, 92, 25, 74, 28, 29, 51, 7, 53, 14, 86, 48, 89, 50, 66, 96, 33, 80, 4, 8, 34, 49, 52, 0, 13, 2, 69, 55]|[1, 1, 0, 1, 1, 1, 2, 1, 2, 1, 2, 2, 2, 1, 1, 0, 0, 1, 0, 2, 2, 0, 1, 2, 0, 1, 2, 2, 0, 0, 1, 2, 1, 2, 1, 0, 2, 0, 1, 1, 0, 1, 1, 1, 0, 2, 1, 1, 0, 0, 0, 0, 1, 1, 2, 1, 2, 0, 0, 0, 2, 1, 0, 1, 2, 1, 2, 1, 1, 1, 1, 1, 2, 0, 1, 2, 0, 0, 0, 1, 0, 1, 0, 0, 1, 0, 0, 0, 2, 0, 0, 1, 2, 0, 1, 0, 0, 0, 1, 1]|[4, 3, 2, 2, 0, 0, 2, 2, 2, 4, 1, 1, 2, 4, 4, 1, 1, 4, 2, 1, 1, 1, 1, 2, 1, 2, 1, 1, 1, 1, 3, 2, 3, 0, 4, 0, 1, 1, 0, 3, 2, 2, 4, 0, 1, 1, 0, 2, 0, 1, 2, 2, 1, 4, 0, 3, 2, 1, 1, 2, 1, 3, 1, 1, 1, 3, 0, 4, 3, 1, 4, 1, 1, 2, 4, 1, 2, 1, 1, 3, 2, 3, 1, 1, 1, 1, 1, 1, 1, 1, 2, 3, 1, 1, 1, 2, 2, 2, 3, 4]|[0, 2, 1, 1, 3, 3, 0, 1, 0, 0, 0, 0, 1, 0, 1, 0, 0, 3, 1, 0, 0, 0, 3, 1, 0, 2, 0, 0, 0, 1, 0, 0, 0, 0, 3, 0, 1, 0, 0, 2, 1, 1, 2, 0, 0, 0, 0, 1, 1, 0, 0, 0, 1, 3, 0, 0, 1, 0, 0, 1, 0, 2, 0, 1, 0, 2, 1, 0, 0, 1, 1, 3, 0, 1, 3, 0, 1, 0, 0, 2, 1, 0, 0, 0, 1, 0, 0, 0, 0, 0, 1, 2, 0, 1, 1, 0, 0, 0, 0, 3],804.6875225521468,57746.82533348298,88068.50778672317,false
48,G1_CMAX,G1_CMAX,[31, 22, 90, 26, 58, 95, 42, 12, 93, 5, 78, 86, 98, 18, 20, 35, 3, 97, 91, 76, 10, 85, 54, 45, 63, 71, 66, 1, 23, 17, 24, 60, 36, 6, 57, 15, 65, 56, 47, 79, 94, 67, 50, 46, 14, 75, 38, 9, 30, 19, 32, 81, 27, 92, 83, 87, 40, 99, 59, 11, 53, 16, 72, 77, 73, 70, 39, 37, 84, 43, 62, 25, 55, 28, 29, 51, 68, 82, 74, 61, 88, 21, 80, 89, 7, 69, 96, 41, 48, 4, 8, 34, 49, 52, 0, 44, 13, 2, 64, 33]|[1, 1, 1, 1, 0, 2, 1, 1, 2, 2, 2, 1, 0, 1, 2, 2, 1, 2, 0, 1, 2, 2, 2, 0, 0, 1, 2, 1, 2, 1, 2, 1, 1, 0, 1, 1, 0, 2, 2, 1, 1, 0, 0, 0, 0, 1, 1, 1, 1, 2, 1, 2, 2, 0, 0, 2, 1, 0, 0, 2, 0, 1, 2, 2, 1, 1, 1, 1, 1, 1, 0, 1, 1, 0, 0, 0, 0, 0, 2, 1, 1, 0, 0, 1, 1, 1, 2, 2, 0, 1, 1, 2, 0, 1, 0, 0, 0, 0, 2, 2]|[0, 4, 3, 0, 1, 1, 2, 4, 1, 1, 2, 4, 1, 4, 1, 1, 1, 2, 2, 2, 2, 1, 1, 1, 2, 3, 2, 3, 0, 4, 1, 0, 3, 2, 2, 2, 1, 1, 1, 0, 2, 0, 1, 2, 1, 3, 1, 4, 2, 0, 3, 2, 1, 2, 1, 1, 4, 1, 1, 1, 2, 3, 0, 2, 4, 3, 1, 4, 1, 1, 1, 4, 4, 2, 1, 1, 1, 2, 1, 3, 0, 1, 1, 1, 1, 3, 1, 1, 1, 4, 3, 1, 1, 1, 2, 2, 2, 2, 1, 1]|[3, 0, 2, 3, 0, 0, 1, 0, 0, 0, 1, 0, 0, 3, 0, 0, 1, 1, 1, 2, 1, 0, 0, 0, 0, 0, 0, 0, 0, 3, 1, 0, 2, 1, 1, 1, 0, 0, 0, 0, 1, 1, 0, 0, 0, 0, 1, 3, 2, 0, 0, 1, 0, 1, 0, 0, 2, 0, 0, 0, 1, 2, 1, 1, 0, 0, 1, 1, 3, 3, 0, 3, 3, 1, 0, 0, 0, 1, 0, 0, 0, 0, 0, 1, 2, 2, 0, 0, 0, 0, 2, 0, 1, 1, 0, 0, 0, 0, 0, 0],705.0470749739228,58445.79123614564,95781.2895945797,false
48,G4_BALANCED,G3_TWC,[31, 22, 82, 15, 26, 58, 95, 42, 77, 12, 47, 5, 93, 78, 98, 54, 85, 63, 18, 44, 20, 35, 43, 97, 91, 76, 10, 30, 21, 45, 71, 64, 1, 23, 17, 83, 24, 14, 60, 36, 6, 57, 40, 88, 65, 56, 79, 94, 67, 68, 46, 75, 38, 9, 19, 32, 81, 41, 27, 62, 87, 90, 99, 59, 11, 16, 72, 73, 70, 39, 37, 84, 3, 92, 25, 55, 28, 29, 51, 7, 33, 61, 86, 48, 89, 50, 66, 96, 53, 80, 4, 8, 34, 49, 52, 0, 13, 2, 69, 74]|[1, 1, 0, 1, 1, 1, 2, 1, 2, 1, 2, 2, 2, 1, 1, 0, 0, 1, 0, 2, 2, 0, 1, 2, 0, 1, 2, 2, 0, 0, 1, 2, 1, 2, 1, 0, 2, 0, 1, 1, 0, 1, 1, 1, 0, 2, 1, 1, 0, 0, 0, 0, 1, 1, 2, 1, 2, 0, 0, 0, 2, 1, 0, 1, 2, 1, 2, 1, 1, 1, 1, 1, 2, 0, 1, 1, 0, 0, 0, 2, 2, 1, 0, 0, 1, 0, 2, 0, 0, 0, 0, 1, 2, 0, 1, 0, 0, 0, 1, 2]|[4, 3, 2, 2, 4, 0, 2, 2, 2, 4, 1, 1, 2, 4, 4, 1, 1, 4, 2, 1, 1, 1, 1, 2, 1, 2, 1, 1, 1, 1, 3, 2, 3, 1, 4, 0, 1, 1, 0, 3, 2, 2, 2, 0, 1, 1, 0, 4, 0, 1, 2, 2, 1, 4, 0, 3, 1, 1, 1, 2, 1, 3, 1, 1, 1, 3, 0, 4, 3, 1, 4, 1, 1, 2, 4, 4, 2, 1, 1, 1, 1, 3, 1, 1, 1, 1, 1, 1, 2, 1, 2, 3, 1, 1, 1, 2, 2, 2, 3, 1]|[0, 2, 1, 1, 3, 3, 0, 1, 0, 0, 0, 0, 1, 0, 1, 0, 0, 3, 1, 0, 0, 0, 3, 1, 0, 2, 0, 0, 0, 1, 0, 0, 0, 0, 3, 0, 1, 0, 0, 2, 1, 1, 1, 0, 0, 0, 0, 2, 1, 0, 0, 0, 1, 3, 0, 0, 0, 0, 0, 1, 0, 2, 0, 1, 0, 2, 1, 0, 0, 1, 1, 3, 0, 1, 3, 3, 1, 0, 0, 0, 0, 0, 0, 0, 1, 0, 0, 0, 1, 0, 1, 2, 0, 1, 1, 0, 0, 0, 0, 0],790.1170626932459,56810.55164249303,90987.1270990566,true
48,G2_TEC,G4_BALANCED,[31, 22, 82, 15, 26, 9, 95, 42, 77, 68, 47, 5, 93, 78, 86, 54, 85, 63, 18, 44, 20, 49, 36, 14, 74, 50, 53, 17, 21, 28, 11, 64, 3, 23, 30, 83, 24, 41, 40, 52, 65, 27, 90, 70, 39, 87, 48, 69, 99, 4, 75, 1, 13, 58, 97, 59, 45, 8, 73, 37, 35, 79, 71, 66, 76, 32, 60, 80, 56, 6, 67, 61, 33, 7, 57, 34, 12, 16, 10, 98, 96, 88, 43, 81, 91, 38, 94, 29, 92, 19, 51, 55, 46, 89, 25, 72, 84, 2, 62, 0]|[2, 1, 2, 1, 1, 2, 1, 1, 1, 1, 1, 0, 2, 2, 1, 2, 0, 0, 0, 2, 2, 1, 0, 2, 0, 2, 2, 1, 0, 1, 1, 1, 0, 0, 1, 0, 2, 1, 2, 2, 0, 0, 1, 1, 0, 2, 0, 2, 1, 0, 0, 2, 0, 0, 2, 0, 1, 1, 0, 0, 2, 1, 1, 2, 2, 0, 2, 2, 0, 1, 2, 1, 1, 2, 0, 1, 1, 2, 1, 2, 0, 1, 1, 1, 1, 0, 2, 1, 0, 1, 1, 0, 0, 1, 1, 1, 0, 2, 1, 0]|[0, 3, 0, 3, 4, 1, 4, 4, 2, 4, 3, 2, 1, 0, 2, 1, 1, 1, 2, 1, 1, 3, 0, 1, 0, 1, 1, 4, 1, 4, 3, 2, 2, 0, 4, 1, 1, 4, 1, 1, 2, 1, 4, 4, 1, 1, 0, 1, 3, 2, 2, 1, 2, 1, 1, 2, 4, 3, 0, 2, 2, 3, 3, 1, 1, 2, 1, 1, 2, 4, 1, 3, 4, 1, 2, 4, 3, 1, 3, 1, 2, 4, 4, 4, 3, 2, 1, 3, 2, 4, 3, 2, 2, 4, 4, 4, 2, 1, 3, 2]|[0, 2, 0, 0, 3, 0, 1, 3, 0, 0, 2, 0, 1, 0, 1, 0, 0, 0, 1, 0, 0, 2, 0, 0, 1, 0, 0, 3, 0, 1, 0, 2, 0, 0, 3, 0, 1, 1, 0, 0, 0, 0, 1, 3, 0, 0, 1, 0, 2, 0, 0, 0, 0, 1, 1, 0, 1, 0, 1, 1, 0, 2, 0, 0, 0, 0, 0, 0, 0, 2, 0, 0, 1, 0, 0, 1, 0, 0, 3, 0, 0, 1, 2, 2, 0, 0, 0, 3, 0, 1, 0, 0, 0, 1, 3, 1, 0, 0, 0, 0],889.98535111544,49457.64284602395,104707.75494342032,true
48,G3_TWC,G3_TWC,[31, 22, 42, 15, 26, 58, 95, 82, 77, 12, 47, 5, 93, 78, 98, 54, 85, 63, 18, 44, 20, 35, 43, 97, 91, 76, 10, 30, 21, 45, 71, 64, 1, 23, 17, 83, 24, 61, 60, 36, 6, 57, 94, 88, 65, 56, 79, 40, 67, 68, 46, 75, 38, 9, 19, 32, 81, 41, 27, 62, 87, 90, 99, 59, 11, 16, 72, 73, 70, 39, 37, 84, 3, 92, 25, 74, 28, 29, 51, 7, 53, 14, 86, 48, 89, 50, 66, 96, 33, 80, 4, 8, 34, 49, 52, 0, 13, 2, 69, 55]|[1, 1, 0, 1, 1, 1, 2, 1, 2, 1, 2, 2, 2, 1, 1, 0, 0, 1, 0, 2, 2, 0, 1, 2, 0, 1, 2, 2, 0, 0, 1, 2, 1, 2, 1, 0, 2, 0, 1, 1, 0, 1, 1, 1, 0, 2, 1, 1, 0, 0, 0, 0, 1, 1, 2, 1, 2, 0, 0, 0, 2, 1, 0, 1, 2, 1, 2, 1, 1, 1, 1, 1, 2, 0, 1, 2, 0, 0, 0, 1, 0, 1, 0, 0, 1, 0, 0, 0, 2, 0, 0, 1, 2, 0, 1, 0, 0, 0, 1, 1]|[4, 3, 2, 2, 0, 0, 2, 2, 2, 4, 1, 1, 2, 4, 4, 1, 1, 4, 2, 1, 1, 1, 1, 2, 1, 2, 1, 1, 1, 1, 3, 2, 3, 0, 4, 0, 1, 1, 0, 3, 2, 2, 4, 0, 1, 1, 0, 2, 0, 1, 2, 2, 1, 4, 0, 3, 2, 1, 1, 2, 1, 3, 1, 1, 1, 3, 0, 4, 3, 1, 4, 1, 1, 2, 4, 1, 2, 1, 1, 3, 2, 3, 1, 1, 1, 1, 1, 1, 1, 1, 2, 3, 1, 1, 1, 2, 2, 2, 3, 4]|[0, 2, 1, 1, 3, 3, 0, 1, 0, 0, 0, 0, 1, 0, 1, 0, 0, 3, 1, 0, 0, 0, 3, 1, 0, 2, 0, 0, 0, 1, 0, 0, 0, 0, 3, 0, 1, 0, 0, 2, 1, 1, 2, 0, 0, 0, 0, 1, 1, 0, 0, 0, 1, 3, 0, 0, 1, 0, 0, 1, 0, 2, 0, 1, 0, 2, 1, 0, 0, 1, 1, 3, 0, 1, 3, 0, 1, 0, 0, 2, 1, 0, 0, 0, 1, 0, 0, 0, 0, 0, 1, 2, 0, 1, 1, 0, 0, 0, 0, 3],804.6875225521468,57746.82533348298,88068.50778672317,false
48,G1_CMAX,G1_CMAX,[31, 22, 90, 26, 58, 95, 42, 12, 93, 5, 78, 86, 98, 18, 20, 35, 3, 97, 91, 76, 10, 85, 54, 45, 63, 71, 66, 1, 23, 17, 24, 60, 36, 6, 57, 15, 65, 56, 47, 79, 94, 67, 50, 46, 14, 75, 38, 9, 30, 19, 32, 81, 27, 92, 83, 87, 40, 99, 59, 11, 53, 16, 72, 77, 73, 70, 39, 37, 84, 43, 62, 25, 55, 28, 29, 51, 68, 82, 74, 61, 88, 21, 80, 89, 7, 69, 96, 41, 48, 4, 8, 34, 49, 52, 0, 44, 13, 2, 64, 33]|[1, 1, 1, 1, 0, 2, 1, 1, 2, 2, 2, 1, 0, 1, 2, 2, 1, 2, 0, 1, 2, 2, 2, 0, 0, 1, 2, 1, 2, 1, 2, 1, 1, 0, 1, 1, 0, 2, 2, 1, 1, 0, 0, 0, 0, 1, 1, 1, 1, 2, 1, 2, 2, 0, 0, 2, 1, 0, 0, 2, 0, 1, 2, 2, 1, 1, 1, 1, 1, 1, 0, 1, 1, 0, 0, 0, 0, 0, 2, 1, 1, 0, 0, 1, 1, 1, 2, 2, 0, 1, 1, 2, 0, 1, 0, 0, 0, 0, 2, 2]|[0, 4, 3, 0, 1, 1, 2, 4, 1, 1, 2, 4, 1, 4, 1, 1, 1, 2, 2, 2, 2, 1, 1, 1, 2, 3, 2, 3, 0, 4, 1, 0, 3, 2, 2, 2, 1, 1, 1, 0, 2, 0, 1, 2, 1, 3, 1, 4, 2, 0, 3, 2, 1, 2, 1, 1, 4, 1, 1, 1, 2, 3, 0, 2, 4, 3, 1, 4, 1, 1, 1, 4, 4, 2, 1, 1, 1, 2, 1, 3, 0, 1, 1, 1, 1, 3, 1, 1, 1, 4, 3, 1, 1, 1, 2, 2, 2, 2, 1, 1]|[3, 0, 2, 3, 0, 0, 1, 0, 0, 0, 1, 0, 0, 3, 0, 0, 1, 1, 1, 2, 1, 0, 0, 0, 0, 0, 0, 0, 0, 3, 1, 0, 2, 1, 1, 1, 0, 0, 0, 0, 1, 1, 0, 0, 0, 0, 1, 3, 2, 0, 0, 1, 0, 1, 0, 0, 2, 0, 0, 0, 1, 2, 1, 1, 0, 0, 1, 1, 3, 3, 0, 3, 3, 1, 0, 0, 0, 1, 0, 0, 0, 0, 0, 1, 2, 2, 0, 0, 0, 0, 2, 0, 1, 1, 0, 0, 0, 0, 0, 0],705.0470749739228,58445.79123614564,95781.2895945797,false
48,G4_BALANCED,G2_TEC,[31, 22, 82, 15, 26, 9, 95, 42, 77, 68, 47, 5, 93, 78, 86, 54, 85, 63, 18, 44, 20, 49, 36, 14, 74, 50, 53, 17, 21, 28, 11, 64, 3, 23, 30, 83, 24, 41, 40, 52, 65, 27, 90, 70, 39, 87, 48, 69, 99, 4, 75, 1, 13, 58, 97, 59, 45, 8, 73, 37, 35, 79, 71, 66, 76, 32, 60, 80, 56, 6, 67, 61, 33, 7, 57, 34, 12, 16, 10, 98, 96, 88, 43, 81, 91, 38, 84, 92, 29, 19, 51, 55, 46, 89, 2, 72, 94, 25, 62, 0]|[2, 1, 2, 1, 1, 0, 1, 1, 1, 1, 1, 0, 2, 2, 1, 2, 0, 0, 0, 2, 2, 1, 0, 2, 0, 2, 2, 1, 0, 1, 1, 1, 0, 0, 1, 0, 2, 1, 2, 2, 0, 0, 1, 1, 0, 2, 0, 2, 1, 0, 0, 2, 0, 0, 2, 0, 1, 1, 0, 0, 2, 1, 1, 2, 2, 0, 2, 2, 2, 1, 2, 1, 1, 2, 0, 1, 1, 2, 1, 2, 0, 1, 1, 1, 1, 0, 0, 0, 1, 1, 1, 0, 0, 1, 0, 1, 2, 1, 1, 2]|[0, 3, 0, 3, 4, 2, 4, 4, 2, 4, 3, 2, 1, 0, 2, 1, 1, 1, 2, 1, 1, 3, 0, 1, 0, 1, 1, 4, 1, 4, 3, 2, 2, 0, 4, 1, 1, 4, 1, 1, 2, 1, 4, 4, 1, 1, 0, 1, 3, 2, 2, 1, 2, 1, 1, 2, 4, 3, 0, 2, 2, 3, 3, 1, 1, 2, 1, 1, 1, 4, 1, 3, 4, 1, 2, 4, 3, 1, 3, 1, 2, 4, 4, 4, 3, 2, 2, 2, 3, 4, 3, 2, 2, 4, 2, 4, 1, 4, 3, 1]|[0, 2, 0, 0, 3, 0, 1, 3, 0, 0, 2, 0, 1, 0, 1, 0, 0, 0, 1, 0, 0, 2, 0, 0, 1, 0, 0, 3, 0, 1, 0, 2, 0, 0, 3, 0, 1, 1, 0, 0, 0, 0, 1, 3, 0, 0, 1, 0, 2, 0, 0, 0, 0, 0, 1, 0, 1, 0, 1, 1, 0, 2, 0, 0, 0, 0, 0, 0, 0, 2, 0, 0, 1, 0, 0, 1, 0, 0, 3, 0, 0, 1, 2, 2, 0, 0, 0, 0, 3, 1, 0, 0, 0, 1, 0, 1, 0, 3, 0, 0],929.4130012304221,49413.208067056396,104168.53825052688,true
48,G2_TEC,G4_BALANCED,[31, 22, 82, 15, 26, 9, 95, 42, 77, 68, 47, 5, 93, 78, 86, 54, 85, 63, 18, 44, 20, 49, 36, 14, 74, 50, 53, 17, 21, 28, 11, 64, 3, 23, 30, 83, 24, 41, 40, 52, 65, 27, 90, 70, 39, 87, 48, 69, 99, 4, 75, 1, 13, 58, 97, 59, 45, 8, 73, 37, 35, 79, 71, 66, 76, 32, 60, 80, 56, 6, 67, 61, 33, 7, 57, 34, 12, 16, 10, 98, 96, 88, 43, 81, 91, 38, 94, 29, 92, 19, 51, 55, 46, 89, 25, 72, 84, 2, 62, 0]|[2, 1, 2, 1, 1, 2, 1, 1, 1, 1, 1, 0, 2, 2, 1, 2, 0, 0, 0, 2, 2, 1, 0, 2, 0, 2, 2, 1, 0, 1, 1, 1, 0, 0, 1, 0, 2, 1, 2, 2, 0, 0, 1, 1, 0, 2, 0, 2, 1, 0, 0, 2, 0, 0, 2, 0, 1, 1, 0, 0, 2, 1, 1, 2, 2, 0, 2, 2, 0, 1, 2, 1, 1, 2, 0, 1, 1, 2, 1, 2, 0, 1, 1, 1, 1, 0, 2, 1, 0, 1, 1, 0, 0, 1, 1, 1, 0, 2, 1, 0]|[0, 3, 0, 3, 4, 1, 4, 4, 2, 4, 3, 2, 1, 0, 2, 1, 1, 1, 2, 1, 1, 3, 0, 1, 0, 1, 1, 4, 1, 4, 3, 2, 2, 0, 4, 1, 1, 4, 1, 1, 2, 1, 4, 4, 1, 1, 0, 1, 3, 2, 2, 1, 2, 1, 1, 2, 4, 3, 0, 2, 2, 3, 3, 1, 1, 2, 1, 1, 2, 4, 1, 3, 4, 1, 2, 4, 3, 1, 3, 1, 2, 4, 4, 4, 3, 2, 1, 3, 2, 4, 3, 2, 2, 4, 4, 4, 2, 1, 3, 2]|[0, 2, 0, 0, 3, 0, 1, 3, 0, 0, 2, 0, 1, 0, 1, 0, 0, 0, 1, 0, 0, 2, 0, 0, 1, 0, 0, 3, 0, 1, 0, 2, 0, 0, 3, 0, 1, 1, 0, 0, 0, 0, 1, 3, 0, 0, 1, 0, 2, 0, 0, 0, 0, 1, 1, 0, 1, 0, 1, 1, 0, 2, 0, 0, 0, 0, 0, 0, 0, 2, 0, 0, 1, 0, 0, 1, 0, 0, 3, 0, 0, 1, 2, 2, 0, 0, 0, 3, 0, 1, 0, 0, 0, 1, 3, 1, 0, 0, 0, 0],889.98535111544,49457.64284602395,104707.75494342032,true
48,G3_TWC,G3_TWC,[31, 22, 42, 15, 26, 58, 95, 82, 77, 12, 47, 5, 93, 78, 98, 54, 85, 63, 18, 44, 20, 35, 43, 97, 91, 76, 10, 30, 21, 45, 71, 64, 1, 23, 17, 83, 24, 61, 60, 36, 6, 57, 94, 88, 65, 56, 79, 40, 67, 68, 46, 75, 38, 9, 19, 32, 81, 41, 27, 62, 87, 90, 99, 59, 11, 16, 72, 73, 70, 39, 37, 84, 3, 92, 25, 74, 28, 29, 51, 7, 53, 14, 86, 48, 89, 50, 66, 96, 33, 80, 4, 8, 34, 49, 52, 0, 13, 2, 69, 55]|[1, 1, 0, 1, 1, 1, 2, 1, 2, 1, 2, 2, 2, 1, 1, 0, 0, 1, 0, 2, 2, 0, 1, 2, 0, 1, 2, 2, 0, 0, 1, 2, 1, 2, 1, 0, 2, 0, 1, 1, 0, 1, 1, 1, 0, 2, 1, 1, 0, 0, 0, 0, 1, 1, 2, 1, 2, 0, 0, 0, 2, 1, 0, 1, 2, 1, 2, 1, 1, 1, 1, 1, 2, 0, 1, 2, 0, 0, 0, 1, 0, 1, 0, 0, 1, 0, 0, 0, 2, 0, 0, 1, 2, 0, 1, 0, 0, 0, 1, 1]|[4, 3, 2, 2, 0, 0, 2, 2, 2, 4, 1, 1, 2, 4, 4, 1, 1, 4, 2, 1, 1, 1, 1, 2, 1, 2, 1, 1, 1, 1, 3, 2, 3, 0, 4, 0, 1, 1, 0, 3, 2, 2, 4, 0, 1, 1, 0, 2, 0, 1, 2, 2, 1, 4, 0, 3, 2, 1, 1, 2, 1, 3, 1, 1, 1, 3, 0, 4, 3, 1, 4, 1, 1, 2, 4, 1, 2, 1, 1, 3, 2, 3, 1, 1, 1, 1, 1, 1, 1, 1, 2, 3, 1, 1, 1, 2, 2, 2, 3, 4]|[0, 2, 1, 1, 3, 3, 0, 1, 0, 0, 0, 0, 1, 0, 1, 0, 0, 3, 1, 0, 0, 0, 3, 1, 0, 2, 0, 0, 0, 1, 0, 0, 0, 0, 3, 0, 1, 0, 0, 2, 1, 1, 2, 0, 0, 0, 0, 1, 1, 0, 0, 0, 1, 3, 0, 0, 1, 0, 0, 1, 0, 2, 0, 1, 0, 2, 1, 0, 0, 1, 1, 3, 0, 1, 3, 0, 1, 0, 0, 2, 1, 0, 0, 0, 1, 0, 0, 0, 0, 0, 1, 2, 0, 1, 1, 0, 0, 0, 0, 3],804.6875225521468,57746.82533348298,88068.50778672317,false
48,G1_CMAX,G1_CMAX,[31, 22, 90, 26, 58, 95, 42, 12, 93, 5, 78, 86, 98, 18, 20, 35, 3, 97, 91, 76, 10, 85, 54, 45, 63, 71, 66, 1, 23, 17, 24, 60, 36, 6, 57, 15, 65, 56, 47, 79, 94, 67, 50, 46, 14, 75, 38, 9, 30, 19, 32, 81, 27, 92, 83, 87, 40, 99, 59, 11, 53, 16, 72, 77, 73, 70, 39, 37, 84, 43, 62, 25, 55, 28, 29, 51, 68, 82, 74, 61, 88, 21, 80, 89, 7, 69, 96, 41, 48, 4, 8, 34, 49, 52, 0, 44, 13, 2, 64, 33]|[1, 1, 1, 1, 0, 2, 1, 1, 2, 2, 2, 1, 0, 1, 2, 2, 1, 2, 0, 1, 2, 2, 2, 0, 0, 1, 2, 1, 2, 1, 2, 1, 1, 0, 1, 1, 0, 2, 2, 1, 1, 0, 0, 0, 0, 1, 1, 1, 1, 2, 1, 2, 2, 0, 0, 2, 1, 0, 0, 2, 0, 1, 2, 2, 1, 1, 1, 1, 1, 1, 0, 1, 1, 0, 0, 0, 0, 0, 2, 1, 1, 0, 0, 1, 1, 1, 2, 2, 0, 1, 1, 2, 0, 1, 0, 0, 0, 0, 2, 2]|[0, 4, 3, 0, 1, 1, 2, 4, 1, 1, 2, 4, 1, 4, 1, 1, 1, 2, 2, 2, 2, 1, 1, 1, 2, 3, 2, 3, 0, 4, 1, 0, 3, 2, 2, 2, 1, 1, 1, 0, 2, 0, 1, 2, 1, 3, 1, 4, 2, 0, 3, 2, 1, 2, 1, 1, 4, 1, 1, 1, 2, 3, 0, 2, 4, 3, 1, 4, 1, 1, 1, 4, 4, 2, 1, 1, 1, 2, 1, 3, 0, 1, 1, 1, 1, 3, 1, 1, 1, 4, 3, 1, 1, 1, 2, 2, 2, 2, 1, 1]|[3, 0, 2, 3, 0, 0, 1, 0, 0, 0, 1, 0, 0, 3, 0, 0, 1, 1, 1, 2, 1, 0, 0, 0, 0, 0, 0, 0, 0, 3, 1, 0, 2, 1, 1, 1, 0, 0, 0, 0, 1, 1, 0, 0, 0, 0, 1, 3, 2, 0, 0, 1, 0, 1, 0, 0, 2, 0, 0, 0, 1, 2, 1, 1, 0, 0, 1, 1, 3, 3, 0, 3, 3, 1, 0, 0, 0, 1, 0, 0, 0, 0, 0, 1, 2, 2, 0, 0, 0, 0, 2, 0, 1, 1, 0, 0, 0, 0, 0, 0],705.0470749739228,58445.79123614564,95781.2895945797,false
48,G4_BALANCED,G3_TWC,[31, 22, 42, 15, 26, 58, 95, 82, 77, 12, 47, 5, 93, 78, 98, 54, 85, 63, 18, 44, 20, 35, 43, 97, 91, 76, 10, 30, 21, 45, 71, 64, 1, 23, 17, 83, 24, 61, 60, 36, 6, 57, 94, 88, 65, 56, 79, 40, 67, 68, 46, 75, 38, 9, 19, 32, 81, 41, 27, 62, 87, 90, 99, 59, 11, 16, 72, 73, 70, 39, 37, 84, 3, 92, 25, 74, 28, 29, 51, 7, 53, 14, 86, 48, 89, 50, 66, 96, 33, 80, 4, 8, 55, 49, 0, 52, 69, 2, 13, 34]|[1, 1, 0, 1, 1, 1, 2, 1, 2, 1, 2, 2, 2, 1, 1, 0, 0, 1, 0, 2, 2, 0, 1, 2, 0, 1, 2, 2, 0, 0, 1, 2, 1, 2, 1, 0, 2, 0, 1, 1, 0, 1, 1, 1, 0, 2, 1, 1, 0, 0, 0, 0, 1, 1, 2, 1, 2, 0, 0, 0, 2, 1, 0, 1, 2, 1, 2, 1, 1, 1, 1, 1, 2, 0, 1, 2, 0, 0, 0, 1, 0, 1, 0, 0, 1, 0, 0, 0, 2, 0, 0, 1, 1, 0, 0, 1, 1, 0, 0, 2]|[4, 3, 2, 2, 0, 0, 2, 2, 2, 4, 1, 1, 2, 4, 4, 1, 1, 4, 2, 1, 1, 1, 1, 2, 1, 2, 1, 1, 1, 1, 3, 2, 3, 0, 4, 0, 1, 1, 0, 3, 2, 2, 4, 0, 1, 1, 0, 2, 0, 1, 2, 2, 1, 4, 0, 3, 2, 1, 1, 2, 1, 3, 1, 1, 1, 3, 0, 4, 3, 1, 4, 1, 1, 2, 4, 1, 2, 1, 1, 3, 2, 3, 1, 1, 1, 1, 1, 1, 1, 1, 2, 3, 4, 1, 2, 1, 3, 2, 2, 1]|[0, 2, 1, 1, 3, 3, 0, 1, 0, 0, 0, 0, 1, 0, 1, 0, 0, 3, 1, 0, 0, 0, 3, 1, 0, 2, 0, 0, 0, 1, 0, 0, 0, 0, 3, 0, 1, 0, 0, 2, 1, 1, 2, 0, 0, 0, 0, 1, 1, 0, 0, 0, 1, 3, 0, 0, 1, 0, 0, 1, 0, 2, 0, 1, 0, 2, 1, 0, 0, 1, 1, 3, 0, 1, 3, 0, 1, 0, 0, 2, 1, 0, 0, 0, 1, 0, 0, 0, 0, 0, 1, 2, 3, 1, 0, 1, 0, 0, 0, 0],802.5281847645216,57765.52501737389,88135.3273040374,true
48,G2_TEC,G2_TEC,[31, 22, 82, 15, 26, 9, 95, 42, 77, 68, 47, 5, 93, 78, 86, 54, 85, 63, 18, 44, 20, 49, 36, 14, 74, 50, 53, 17, 21, 28, 71, 64, 3, 23, 30, 83, 24, 41, 60, 52, 65, 27, 90, 70, 39, 87, 48, 69, 99, 4, 46, 1, 13, 58, 97, 59, 45, 8, 73, 37, 35, 79, 11, 66, 76, 32, 40, 80, 96, 6, 16, 61, 33, 7, 57, 34, 12, 67, 10, 98, 56, 88, 29, 75, 91, 38, 19, 92, 43, 84, 51, 72, 81, 25, 2, 55, 0, 94, 89, 62]|[2, 1, 2, 1, 1, 2, 1, 1, 1, 2, 1, 0, 2, 2, 1, 2, 0, 0, 0, 2, 2, 1, 0, 2, 0, 2, 2, 1, 0, 1, 1, 1, 0, 0, 1, 0, 2, 1, 2, 2, 0, 0, 1, 1, 0, 2, 0, 2, 1, 0, 0, 2, 0, 0, 2, 0, 1, 1, 0, 0, 2, 1, 0, 2, 2, 0, 2, 2, 0, 1, 2, 1, 1, 2, 0, 1, 1, 1, 1, 2, 2, 1, 1, 0, 1, 0, 1, 0, 1, 0, 1, 1, 1, 1, 2, 0, 0, 2, 1, 1]|[0, 3, 0, 3, 4, 1, 4, 4, 2, 0, 3, 2, 1, 0, 2, 1, 1, 1, 2, 1, 1, 3, 0, 1, 0, 1, 1, 4, 1, 4, 3, 2, 2, 0, 4, 1, 1, 4, 0, 1, 2, 1, 4, 4, 1, 1, 0, 2, 3, 1, 2, 1, 2, 1, 1, 2, 4, 3, 0, 2, 2, 3, 1, 0, 1, 2, 0, 1, 2, 4, 1, 3, 4, 1, 2, 4, 3, 3, 3, 1, 1, 4, 3, 2, 3, 2, 4, 2, 4, 2, 3, 4, 4, 4, 1, 2, 2, 1, 4, 3]|[0, 2, 0, 0, 3, 0, 1, 3, 0, 0, 2, 0, 1, 0, 1, 0, 0, 0, 1, 0, 0, 2, 0, 0, 1, 0, 0, 3, 0, 1, 0, 2, 0, 1, 3, 0, 1, 3, 1, 0, 0, 0, 1, 3, 0, 0, 1, 0, 2, 0, 0, 0, 0, 0, 1, 0, 1, 0, 1, 1, 0, 2, 0, 0, 0, 0, 0, 0, 0, 2, 0, 0, 1, 0, 0, 1, 0, 0, 3, 0, 0, 1, 0, 0, 0, 0, 3, 0, 2, 0, 0, 2, 1, 3, 0, 0, 0, 0, 1, 0],848.7210464257236,51873.96370052903,107003.66788360782,false
48,G3_TWC,G3_TWC,[31, 22, 42, 15, 26, 58, 95, 82, 77, 12, 47, 5, 93, 78, 98, 54, 85, 63, 18, 44, 20, 35, 43, 97, 91, 76, 10, 30, 21, 45, 71, 64, 1, 23, 17, 83, 24, 61, 60, 36, 6, 57, 94, 88, 65, 56, 79, 40, 67, 68, 46, 75, 38, 9, 19, 32, 81, 41, 27, 62, 87, 90, 99, 59, 11, 16, 72, 73, 70, 39, 37, 84, 3, 92, 25, 74, 28, 29, 51, 7, 53, 14, 86, 48, 89, 50, 66, 96, 33, 80, 4, 8, 34, 49, 52, 0, 13, 2, 69, 55]|[1, 1, 0, 1, 1, 1, 2, 1, 2, 1, 2, 2, 2, 1, 1, 0, 0, 1, 0, 2, 2, 0, 1, 2, 0, 1, 2, 2, 0, 0, 1, 2, 1, 2, 1, 0, 2, 0, 1, 1, 0, 1, 1, 1, 0, 2, 1, 1, 0, 0, 0, 0, 1, 1, 2, 1, 2, 0, 0, 0, 2, 1, 0, 1, 2, 1, 2, 1, 1, 1, 1, 1, 2, 0, 1, 2, 0, 0, 0, 1, 0, 1, 0, 0, 1, 0, 0, 0, 2, 0, 0, 1, 2, 0, 1, 0, 0, 0, 1, 1]|[4, 3, 2, 2, 0, 0, 2, 2, 2, 4, 1, 1, 2, 4, 4, 1, 1, 4, 2, 1, 1, 1, 1, 2, 1, 2, 1, 1, 1, 1, 3, 2, 3, 0, 4, 0, 1, 1, 0, 3, 2, 2, 4, 0, 1, 1, 0, 2, 0, 1, 2, 2, 1, 4, 0, 3, 2, 1, 1, 2, 1, 3, 1, 1, 1, 3, 0, 4, 3, 1, 4, 1, 1, 2, 4, 1, 2, 1, 1, 3, 2, 3, 1, 1, 1, 1, 1, 1, 1, 1, 2, 3, 1, 1, 1, 2, 2, 2, 3, 4]|[0, 2, 1, 1, 3, 3, 0, 1, 0, 0, 0, 0, 1, 0, 1, 0, 0, 3, 1, 0, 0, 0, 3, 1, 0, 2, 0, 0, 0, 1, 0, 0, 0, 0, 3, 0, 1, 0, 0, 2, 1, 1, 2, 0, 0, 0, 0, 1, 1, 0, 0, 0, 1, 3, 0, 0, 1, 0, 0, 1, 0, 2, 0, 1, 0, 2, 1, 0, 0, 1, 1, 3, 0, 1, 3, 0, 1, 0, 0, 2, 1, 0, 0, 0, 1, 0, 0, 0, 0, 0, 1, 2, 0, 1, 1, 0, 0, 0, 0, 3],804.6875225521468,57746.82533348298,88068.50778672317,false
48,G1_CMAX,G1_CMAX,[31, 22, 90, 26, 58, 95, 42, 12, 93, 5, 78, 86, 98, 18, 20, 35, 3, 97, 91, 76, 10, 85, 54, 45, 63, 71, 66, 1, 23, 17, 24, 60, 36, 6, 57, 15, 65, 56, 47, 79, 94, 67, 50, 46, 14, 75, 38, 9, 30, 19, 32, 81, 27, 92, 83, 87, 40, 99, 59, 11, 53, 16, 72, 77, 73, 70, 39, 37, 84, 43, 62, 25, 55, 28, 29, 51, 68, 82, 74, 61, 88, 21, 80, 89, 7, 69, 96, 41, 48, 4, 8, 34, 49, 52, 0, 44, 13, 2, 64, 33]|[1, 1, 1, 1, 0, 2, 1, 1, 2, 2, 2, 1, 0, 1, 2, 2, 1, 2, 0, 1, 2, 2, 2, 0, 0, 1, 2, 1, 2, 1, 2, 1, 1, 0, 1, 1, 0, 2, 2, 1, 1, 0, 0, 0, 0, 1, 1, 1, 1, 2, 1, 2, 2, 0, 0, 2, 1, 0, 0, 2, 0, 1, 2, 2, 1, 1, 1, 1, 1, 1, 0, 1, 1, 0, 0, 0, 0, 0, 2, 1, 1, 0, 0, 1, 1, 1, 2, 2, 0, 1, 1, 2, 0, 1, 0, 0, 0, 0, 2, 2]|[0, 4, 3, 0, 1, 1, 2, 4, 1, 1, 2, 4, 1, 4, 1, 1, 1, 2, 2, 2, 2, 1, 1, 1, 2, 3, 2, 3, 0, 4, 1, 0, 3, 2, 2, 2, 1, 1, 1, 0, 2, 0, 1, 2, 1, 3, 1, 4, 2, 0, 3, 2, 1, 2, 1, 1, 4, 1, 1, 1, 2, 3, 0, 2, 4, 3, 1, 4, 1, 1, 1, 4, 4, 2, 1, 1, 1, 2, 1, 3, 0, 1, 1, 1, 1, 3, 1, 1, 1, 4, 3, 1, 1, 1, 2, 2, 2, 2, 1, 1]|[3, 0, 2, 3, 0, 0, 1, 0, 0, 0, 1, 0, 0, 3, 0, 0, 1, 1, 1, 2, 1, 0, 0, 0, 0, 0, 0, 0, 0, 3, 1, 0, 2, 1, 1, 1, 0, 0, 0, 0, 1, 1, 0, 0, 0, 0, 1, 3, 2, 0, 0, 1, 0, 1, 0, 0, 2, 0, 0, 0, 1, 2, 1, 1, 0, 0, 1, 1, 3, 3, 0, 3, 3, 1, 0, 0, 0, 1, 0, 0, 0, 0, 0, 1, 2, 2, 0, 0, 0, 0, 2, 0, 1, 1, 0, 0, 0, 0, 0, 0],705.0470749739228,58445.79123614564,95781.2895945797,false
48,G4_BALANCED,G4_BALANCED,[31, 22, 42, 15, 26, 58, 95, 82, 77, 12, 47, 5, 93, 78, 98, 54, 85, 63, 18, 44, 20, 35, 43, 97, 91, 76, 10, 30, 21, 61, 71, 64, 1, 23, 17, 83, 24, 45, 60, 36, 6, 57, 94, 88, 65, 56, 79, 40, 67, 68, 46, 75, 38, 9, 19, 32, 81, 41, 27, 62, 87, 90, 99, 59, 11, 16, 72, 73, 70, 39, 37, 84, 3, 92, 25, 74, 28, 29, 51, 7, 33, 14, 48, 86, 89, 50, 66, 96, 53, 80, 4, 8, 55, 49, 52, 0, 13, 2, 69, 34]|[1, 1, 0, 1, 1, 1, 2, 1, 2, 1, 2, 2, 2, 1, 1, 0, 0, 1, 0, 2, 2, 0, 1, 2, 0, 1, 2, 2, 0, 0, 1, 2, 1, 2, 1, 0, 2, 0, 1, 1, 0, 1, 1, 1, 0, 2, 1, 1, 0, 0, 0, 0, 1, 1, 2, 1, 2, 2, 0, 0, 2, 1, 0, 1, 2, 1, 2, 1, 1, 1, 1, 1, 0, 1, 1, 2, 0, 0, 0, 1, 2, 1, 0, 2, 1, 0, 0, 2, 0, 0, 0, 1, 1, 0, 1, 0, 0, 0, 1, 2]|[4, 3, 2, 2, 0, 0, 2, 2, 2, 4, 1, 1, 2, 4, 4, 1, 1, 4, 2, 1, 1, 1, 1, 2, 1, 2, 1, 1, 1, 1, 3, 2, 3, 0, 4, 0, 1, 1, 0, 3, 2, 2, 4, 0, 1, 1, 0, 2, 0, 1, 2, 2, 1, 4, 0, 3, 2, 1, 1, 2, 1, 3, 1, 1, 1, 3, 0, 4, 3, 1, 4, 1, 1, 4, 4, 1, 2, 1, 1, 3, 1, 3, 1, 1, 1, 1, 1, 1, 2, 1, 2, 3, 4, 1, 1, 2, 2, 2, 3, 1]|[0, 2, 1, 1, 3, 3, 0, 1, 0, 0, 0, 0, 1, 0, 1, 0, 0, 3, 1, 0, 0, 0, 3, 1, 0, 2, 0, 0, 0, 1, 0, 0, 0, 0, 3, 0, 1, 0, 0, 2, 1, 1, 2, 0, 0, 0, 0, 1, 1, 0, 0, 0, 1, 3, 0, 0, 1, 0, 0, 1, 0, 2, 0, 1, 0, 2, 1, 0, 0, 1, 1, 3, 0, 0, 3, 0, 1, 0, 0, 2, 0, 0, 0, 0, 1, 0, 0, 0, 1, 0, 1, 2, 3, 1, 1, 0, 0, 0, 0, 0],730.721975091816,57045.76008190539,90638.26368525482,false
48,G2_TEC,G2_TEC,[31, 22, 82, 15, 26, 9, 95, 42, 77, 68, 47, 5, 93, 78, 86, 54, 85, 63, 18, 44, 20, 49, 36, 14, 41, 50, 53, 17, 21, 28, 11, 64, 3, 23, 30, 83, 24, 74, 40, 52, 65, 27, 90, 70, 39, 87, 48, 69, 99, 4, 75, 1, 13, 58, 97, 59, 45, 8, 73, 37, 35, 79, 71, 66, 76, 32, 60, 80, 56, 6, 67, 61, 33, 7, 57, 34, 12, 16, 10, 98, 96, 88, 2, 81, 91, 38, 84, 29, 92, 19, 51, 55, 89, 25, 46, 72, 94, 43, 62, 0]|[2, 1, 2, 1, 1, 2, 1, 1, 1, 1, 1, 0, 2, 2, 1, 2, 0, 0, 0, 2, 2, 1, 0, 2, 0, 2, 2, 1, 0, 1, 1, 1, 0, 0, 1, 0, 2, 1, 2, 2, 0, 0, 1, 1, 0, 2, 0, 2, 1, 0, 0, 2, 0, 0, 1, 0, 1, 1, 0, 0, 2, 1, 1, 2, 2, 0, 2, 2, 2, 1, 2, 1, 1, 2, 0, 1, 1, 2, 1, 2, 0, 1, 0, 1, 1, 0, 0, 1, 0, 1, 1, 0, 1, 1, 0, 1, 2, 1, 1, 2]|[0, 3, 0, 3, 4, 1, 4, 4, 2, 4, 3, 2, 1, 0, 2, 1, 1, 1, 2, 1, 1, 3, 0, 1, 0, 1, 1, 4, 1, 4, 3, 2, 2, 0, 4, 1, 1, 4, 1, 1, 2, 1, 4, 4, 1, 1, 0, 1, 3, 2, 2, 1, 2, 1, 4, 2, 4, 3, 0, 2, 2, 3, 3, 1, 1, 2, 1, 1, 1, 4, 1, 3, 4, 1, 2, 4, 3, 1, 3, 1, 2, 4, 2, 4, 3, 2, 2, 3, 2, 4, 3, 2, 4, 4, 2, 4, 1, 4, 3, 1]|[0, 2, 0, 0, 3, 0, 1, 3, 0, 0, 2, 0, 1, 0, 1, 0, 0, 0, 1, 0, 0, 2, 0, 0, 1, 0, 0, 3, 0, 1, 0, 2, 0, 0, 3, 0, 1, 1, 0, 0, 0, 0, 1, 3, 0, 0, 1, 0, 2, 0, 0, 0, 0, 0, 1, 0, 1, 0, 1, 1, 0, 2, 0, 0, 0, 0, 0, 0, 0, 2, 0, 0, 1, 0, 0, 1, 0, 0, 3, 0, 0, 1, 0, 2, 0, 0, 0, 3, 0, 1, 0, 0, 1, 3, 0, 1, 0, 2, 0, 0],885.9926061586052,49372.18251491543,107565.09412313203,false
48,G3_TWC,G3_TWC,[31, 22, 42, 15, 26, 58, 95, 82, 77, 12, 47, 5, 93, 78, 98, 54, 85, 63, 18, 44, 20, 35, 43, 97, 91, 76, 10, 30, 21, 45, 71, 64, 1, 23, 17, 83, 24, 61, 60, 36, 6, 57, 94, 88, 65, 56, 79, 40, 67, 68, 46, 75, 38, 9, 19, 32, 81, 41, 27, 62, 87, 90, 99, 59, 11, 16, 72, 73, 70, 39, 37, 84, 3, 92, 25, 74, 28, 29, 51, 7, 53, 14, 86, 48, 89, 50, 66, 96, 33, 80, 4, 8, 34, 49, 52, 0, 13, 2, 69, 55]|[1, 1, 0, 1, 1, 1, 2, 1, 2, 1, 2, 2, 2, 1, 1, 0, 0, 1, 0, 2, 2, 0, 1, 2, 0, 1, 2, 2, 0, 0, 1, 2, 1, 2, 1, 0, 2, 0, 1, 1, 0, 1, 1, 1, 0, 2, 1, 1, 0, 0, 0, 0, 1, 1, 2, 1, 2, 0, 0, 0, 2, 1, 0, 1, 2, 1, 2, 1, 1, 1, 1, 1, 2, 0, 1, 2, 0, 0, 0, 1, 0, 1, 0, 0, 1, 0, 0, 0, 2, 0, 0, 1, 2, 0, 1, 0, 0, 0, 1, 1]|[4, 3, 2, 2, 0, 0, 2, 2, 2, 4, 1, 1, 2, 4, 4, 1, 1, 4, 2, 1, 1, 1, 1, 2, 1, 2, 1, 1, 1, 1, 3, 2, 3, 0, 4, 0, 1, 1, 0, 3, 2, 2, 4, 0, 1, 1, 0, 2, 0, 1, 2, 2, 1, 4, 0, 3, 2, 1, 1, 2, 1, 3, 1, 1, 1, 3, 0, 4, 3, 1, 4, 1, 1, 2, 4, 1, 2, 1, 1, 3, 2, 3, 1, 1, 1, 1, 1, 1, 1, 1, 2, 3, 1, 1, 1, 2, 2, 2, 3, 4]|[0, 2, 1, 1, 3, 3, 0, 1, 0, 0, 0, 0, 1, 0, 1, 0, 0, 3, 1, 0, 0, 0, 3, 1, 0, 2, 0, 0, 0, 1, 0, 0, 0, 0, 3, 0, 1, 0, 0, 2, 1, 1, 2, 0, 0, 0, 0, 1, 1, 0, 0, 0, 1, 3, 0, 0, 1, 0, 0, 1, 0, 2, 0, 1, 0, 2, 1, 0, 0, 1, 1, 3, 0, 1, 3, 0, 1, 0, 0, 2, 1, 0, 0, 0, 1, 0, 0, 0, 0, 0, 1, 2, 0, 1, 1, 0, 0, 0, 0, 3],804.6875225521468,57746.82533348298,88068.50778672317,false
48,G1_CMAX,G1_CMAX,[31, 22, 90, 26, 58, 95, 42, 12, 93, 5, 78, 86, 98, 18, 20, 35, 3, 97, 91, 76, 10, 85, 54, 45, 63, 71, 66, 1, 23, 17, 24, 60, 36, 6, 57, 15, 65, 56, 47, 79, 94, 67, 50, 46, 14, 75, 38, 9, 30, 19, 32, 81, 27, 92, 83, 87, 40, 99, 59, 11, 53, 16, 72, 77, 73, 70, 39, 37, 84, 43, 62, 25, 55, 28, 29, 51, 68, 82, 74, 61, 88, 21, 80, 89, 7, 69, 96, 41, 48, 4, 8, 34, 49, 52, 0, 44, 13, 2, 64, 33]|[1, 1, 1, 1, 0, 2, 1, 1, 2, 2, 2, 1, 0, 1, 2, 2, 1, 2, 0, 1, 2, 2, 2, 0, 0, 1, 2, 1, 2, 1, 2, 1, 1, 0, 1, 1, 0, 2, 2, 1, 1, 0, 0, 0, 0, 1, 1, 1, 1, 2, 1, 2, 2, 0, 0, 2, 1, 0, 0, 2, 0, 1, 2, 2, 1, 1, 1, 1, 1, 1, 0, 1, 1, 0, 0, 0, 0, 0, 2, 1, 1, 0, 0, 1, 1, 1, 2, 2, 0, 1, 1, 2, 0, 1, 0, 0, 0, 0, 2, 2]|[0, 4, 3, 0, 1, 1, 2, 4, 1, 1, 2, 4, 1, 4, 1, 1, 1, 2, 2, 2, 2, 1, 1, 1, 2, 3, 2, 3, 0, 4, 1, 0, 3, 2, 2, 2, 1, 1, 1, 0, 2, 0, 1, 2, 1, 3, 1, 4, 2, 0, 3, 2, 1, 2, 1, 1, 4, 1, 1, 1, 2, 3, 0, 2, 4, 3, 1, 4, 1, 1, 1, 4, 4, 2, 1, 1, 1, 2, 1, 3, 0, 1, 1, 1, 1, 3, 1, 1, 1, 4, 3, 1, 1, 1, 2, 2, 2, 2, 1, 1]|[3, 0, 2, 3, 0, 0, 1, 0, 0, 0, 1, 0, 0, 3, 0, 0, 1, 1, 1, 2, 1, 0, 0, 0, 0, 0, 0, 0, 0, 3, 1, 0, 2, 1, 1, 1, 0, 0, 0, 0, 1, 1, 0, 0, 0, 0, 1, 3, 2, 0, 0, 1, 0, 1, 0, 0, 2, 0, 0, 0, 1, 2, 1, 1, 0, 0, 1, 1, 3, 3, 0, 3, 3, 1, 0, 0, 0, 1, 0, 0, 0, 0, 0, 1, 2, 2, 0, 0, 0, 0, 2, 0, 1, 1, 0, 0, 0, 0, 0, 0],705.0470749739228,58445.79123614564,95781.2895945797,false
48,G4_BALANCED,G3_TWC,[31, 22, 42, 15, 26, 58, 95, 82, 77, 12, 47, 5, 93, 78, 98, 54, 85, 63, 18, 44, 20, 35, 43, 97, 91, 76, 10, 30, 21, 45, 71, 64, 1, 23, 17, 83, 24, 61, 60, 36, 6, 57, 94, 88, 65, 56, 79, 40, 67, 68, 46, 75, 38, 9, 19, 32, 81, 41, 27, 62, 87, 90, 99, 59, 11, 16, 72, 73, 70, 39, 37, 84, 3, 92, 25, 55, 28, 29, 51, 7, 33, 14, 86, 48, 89, 50, 66, 96, 53, 80, 4, 8, 34, 49, 52, 13, 0, 2, 69, 74]|[1, 1, 0, 1, 1, 1, 2, 1, 2, 1, 2, 2, 2, 1, 1, 0, 0, 1, 0, 2, 2, 0, 1, 2, 0, 1, 2, 2, 0, 0, 1, 2, 1, 2, 1, 0, 2, 0, 1, 1, 0, 1, 1, 1, 0, 2, 1, 1, 0, 0, 0, 0, 1, 1, 2, 1, 2, 2, 0, 0, 2, 1, 0, 1, 2, 1, 2, 1, 1, 1, 1, 1, 2, 1, 1, 1, 0, 0, 0, 1, 2, 1, 0, 0, 1, 0, 0, 2, 0, 0, 0, 1, 2, 0, 1, 0, 0, 0, 1, 2]|[4, 3, 2, 2, 0, 0, 2, 2, 2, 4, 1, 1, 2, 4, 4, 1, 1, 4, 2, 1, 1, 1, 1, 2, 1, 2, 1, 1, 1, 1, 3, 2, 3, 0, 4, 0, 1, 1, 0, 3, 2, 2, 4, 0, 1, 1, 0, 2, 0, 1, 2, 2, 1, 4, 0, 3, 2, 1, 1, 2, 1, 3, 1, 1, 1, 3, 0, 4, 3, 1, 4, 1, 1, 4, 4, 4, 2, 1, 1, 3, 1, 3, 1, 1, 1, 1, 1, 1, 2, 1, 2, 3, 1, 1, 1, 2, 2, 2, 3, 1]|[0, 2, 1, 1, 3, 3, 0, 1, 0, 0, 0, 0, 1, 0, 1, 0, 0, 3, 1, 0, 0, 0, 3, 1, 0, 2, 0, 0, 0, 1, 0, 0, 0, 0, 3, 0, 1, 0, 0, 2, 1, 1, 2, 0, 0, 0, 0, 1, 1, 0, 0, 0, 1, 3, 0, 0, 1, 0, 0, 1, 0, 2, 0, 1, 0, 2, 1, 0, 0, 1, 1, 3, 0, 0, 3, 3, 1, 0, 0, 2, 0, 0, 0, 0, 1, 0, 0, 0, 1, 0, 1, 2, 0, 1, 1, 0, 0, 0, 0, 0],736.2309893573844,57436.976823727186,90263.94588701171,true
48,G2_TEC,G2_TEC,[31, 22, 82, 15, 26, 9, 95, 42, 77, 68, 47, 5, 93, 78, 86, 54, 85, 63, 18, 44, 20, 49, 36, 14, 41, 50, 53, 17, 21, 28, 11, 64, 3, 23, 30, 83, 24, 74, 40, 52, 65, 27, 90, 70, 39, 87, 48, 69, 99, 4, 75, 1, 13, 58, 97, 59, 45, 8, 73, 37, 35, 79, 71, 66, 76, 32, 60, 80, 56, 6, 67, 61, 33, 7, 57, 34, 12, 16, 10, 98, 96, 88, 2, 81, 91, 38, 84, 29, 92, 19, 51, 55, 89, 25, 46, 72, 94, 43, 62, 0]|[2, 1, 2, 1, 1, 2, 1, 1, 1, 1, 1, 0, 2, 2, 1, 2, 0, 0, 0, 2, 2, 1, 0, 2, 0, 2, 2, 1, 0, 1, 1, 1, 0, 0, 1, 0, 2, 1, 2, 2, 0, 0, 1, 1, 0, 2, 0, 2, 1, 0, 0, 2, 0, 0, 1, 0, 1, 1, 0, 0, 2, 1, 1, 2, 2, 0, 2, 2, 2, 1, 2, 1, 1, 2, 0, 1, 1, 2, 1, 2, 0, 1, 0, 1, 1, 0, 0, 1, 0, 1, 1, 0, 1, 1, 0, 1, 2, 1, 1, 2]|[0, 3, 0, 3, 4, 1, 4, 4, 2, 4, 3, 2, 1, 0, 2, 1, 1, 1, 2, 1, 1, 3, 0, 1, 0, 1, 1, 4, 1, 4, 3, 2, 2, 0, 4, 1, 1, 4, 1, 1, 2, 1, 4, 4, 1, 1, 0, 1, 3, 2, 2, 1, 2, 1, 4, 2, 4, 3, 0, 2, 2, 3, 3, 1, 1, 2, 1, 1, 1, 4, 1, 3, 4, 1, 2, 4, 3, 1, 3, 1, 2, 4, 2, 4, 3, 2, 2, 3, 2, 4, 3, 2, 4, 4, 2, 4, 1, 4, 3, 1]|[0, 2, 0, 0, 3, 0, 1, 3, 0, 0, 2, 0, 1, 0, 1, 0, 0, 0, 1, 0, 0, 2, 0, 0, 1, 0, 0, 3, 0, 1, 0, 2, 0, 0, 3, 0, 1, 1, 0, 0, 0, 0, 1, 3, 0, 0, 1, 0, 2, 0, 0, 0, 0, 0, 1, 0, 1, 0, 1, 1, 0, 2, 0, 0, 0, 0, 0, 0, 0, 2, 0, 0, 1, 0, 0, 1, 0, 0, 3, 0, 0, 1, 0, 2, 0, 0, 0, 3, 0, 1, 0, 0, 1, 3, 0, 1, 0, 2, 0, 0],885.9926061586052,49372.18251491543,107565.09412313203,false
48,G3_TWC,G3_TWC,[31, 22, 42, 15, 26, 58, 95, 82, 77, 12, 47, 5, 93, 78, 98, 54, 85, 63, 18, 44, 20, 35, 43, 97, 91, 76, 10, 30, 21, 45, 71, 64, 1, 23, 17, 83, 24, 61, 60, 36, 6, 57, 94, 88, 65, 56, 79, 40, 67, 68, 46, 75, 38, 9, 19, 32, 81, 41, 27, 62, 87, 90, 99, 59, 11, 16, 72, 73, 70, 39, 37, 84, 3, 92, 25, 74, 28, 29, 51, 7, 53, 14, 86, 48, 89, 50, 66, 96, 33, 80, 4, 8, 34, 49, 52, 0, 13, 2, 69, 55]|[1, 1, 0, 1, 1, 1, 2, 1, 2, 1, 2, 2, 2, 1, 1, 0, 0, 1, 0, 2, 2, 0, 1, 2, 0, 1, 2, 2, 0, 0, 1, 2, 1, 2, 1, 0, 2, 0, 1, 1, 0, 1, 1, 1, 0, 2, 1, 1, 0, 0, 0, 0, 1, 1, 2, 1, 2, 0, 0, 0, 2, 1, 0, 1, 2, 1, 2, 1, 1, 1, 1, 1, 2, 0, 1, 2, 0, 0, 0, 1, 0, 1, 0, 0, 1, 0, 0, 0, 2, 0, 0, 1, 2, 0, 1, 0, 0, 0, 1, 1]|[4, 3, 2, 2, 0, 0, 2, 2, 2, 4, 1, 1, 2, 4, 4, 1, 1, 4, 2, 1, 1, 1, 1, 2, 1, 2, 1, 1, 1, 1, 3, 2, 3, 0, 4, 0, 1, 1, 0, 3, 2, 2, 4, 0, 1, 1, 0, 2, 0, 1, 2, 2, 1, 4, 0, 3, 2, 1, 1, 2, 1, 3, 1, 1, 1, 3, 0, 4, 3, 1, 4, 1, 1, 2, 4, 1, 2, 1, 1, 3, 2, 3, 1, 1, 1, 1, 1, 1, 1, 1, 2, 3, 1, 1, 1, 2, 2, 2, 3, 4]|[0, 2, 1, 1, 3, 3, 0, 1, 0, 0, 0, 0, 1, 0, 1, 0, 0, 3, 1, 0, 0, 0, 3, 1, 0, 2, 0, 0, 0, 1, 0, 0, 0, 0, 3, 0, 1, 0, 0, 2, 1, 1, 2, 0, 0, 0, 0, 1, 1, 0, 0, 0, 1, 3, 0, 0, 1, 0, 0, 1, 0, 2, 0, 1, 0, 2, 1, 0, 0, 1, 1, 3, 0, 1, 3, 0, 1, 0, 0, 2, 1, 0, 0, 0, 1, 0, 0, 0, 0, 0, 1, 2, 0, 1, 1, 0, 0, 0, 0, 3],804.6875225521468,57746.82533348298,88068.50778672317,false
48,G1_CMAX,G1_CMAX,[31, 22, 90, 26, 58, 95, 42, 12, 93, 5, 78, 86, 98, 18, 20, 35, 3, 97, 91, 76, 10, 85, 54, 45, 63, 71, 66, 1, 23, 17, 24, 60, 36, 6, 57, 15, 65, 56, 47, 79, 94, 67, 50, 46, 14, 75, 38, 9, 30, 19, 32, 81, 27, 92, 83, 87, 40, 99, 59, 11, 53, 16, 72, 77, 73, 70, 39, 37, 84, 43, 62, 25, 55, 28, 29, 51, 68, 82, 74, 61, 88, 21, 80, 89, 7, 69, 96, 41, 48, 4, 8, 34, 49, 52, 0, 44, 13, 2, 64, 33]|[1, 1, 1, 1, 0, 2, 1, 1, 2, 2, 2, 1, 0, 1, 2, 2, 1, 2, 0, 1, 2, 2, 2, 0, 0, 1, 2, 1, 2, 1, 2, 1, 1, 0, 1, 1, 0, 2, 2, 1, 1, 0, 0, 0, 0, 1, 1, 1, 1, 2, 1, 2, 2, 0, 0, 2, 1, 0, 0, 2, 0, 1, 2, 2, 1, 1, 1, 1, 1, 1, 0, 1, 1, 0, 0, 0, 0, 0, 2, 1, 1, 0, 0, 1, 1, 1, 2, 2, 0, 1, 1, 2, 0, 1, 0, 0, 0, 0, 2, 2]|[0, 4, 3, 0, 1, 1, 2, 4, 1, 1, 2, 4, 1, 4, 1, 1, 1, 2, 2, 2, 2, 1, 1, 1, 2, 3, 2, 3, 0, 4, 1, 0, 3, 2, 2, 2, 1, 1, 1, 0, 2, 0, 1, 2, 1, 3, 1, 4, 2, 0, 3, 2, 1, 2, 1, 1, 4, 1, 1, 1, 2, 3, 0, 2, 4, 3, 1, 4, 1, 1, 1, 4, 4, 2, 1, 1, 1, 2, 1, 3, 0, 1, 1, 1, 1, 3, 1, 1, 1, 4, 3, 1, 1, 1, 2, 2, 2, 2, 1, 1]|[3, 0, 2, 3, 0, 0, 1, 0, 0, 0, 1, 0, 0, 3, 0, 0, 1, 1, 1, 2, 1, 0, 0, 0, 0, 0, 0, 0, 0, 3, 1, 0, 2, 1, 1, 1, 0, 0, 0, 0, 1, 1, 0, 0, 0, 0, 1, 3, 2, 0, 0, 1, 0, 1, 0, 0, 2, 0, 0, 0, 1, 2, 1, 1, 0, 0, 1, 1, 3, 3, 0, 3, 3, 1, 0, 0, 0, 1, 0, 0, 0, 0, 0, 1, 2, 2, 0, 0, 0, 0, 2, 0, 1, 1, 0, 0, 0, 0, 0, 0],705.0470749739228,58445.79123614564,95781.2895945797,false
48,G4_BALANCED,G4_BALANCED,[31, 11, 15, 82, 26, 9, 95, 32, 77, 68, 47, 5, 93, 78, 86, 54, 85, 63, 18, 44, 20, 49, 36, 14, 74, 50, 53, 17, 21, 45, 71, 64, 3, 23, 30, 83, 24, 41, 60, 52, 65, 27, 90, 70, 39, 87, 48, 69, 99, 4, 46, 1, 13, 58, 97, 59, 28, 8, 73, 37, 35, 79, 22, 66, 76, 42, 40, 80, 96, 6, 16, 61, 33, 7, 57, 34, 12, 67, 10, 98, 56, 88, 29, 75, 91, 38, 19, 92, 43, 84, 51, 72, 81, 0, 2, 55, 94, 89, 62, 25]|[2, 1, 1, 2, 1, 2, 1, 1, 1, 1, 1, 0, 2, 2, 1, 2, 0, 0, 0, 2, 2, 1, 0, 2, 0, 2, 2, 1, 0, 1, 1, 1, 0, 0, 1, 0, 2, 1, 2, 2, 0, 0, 1, 1, 0, 2, 0, 2, 1, 0, 0, 2, 0, 0, 2, 0, 1, 1, 0, 0, 2, 1, 0, 2, 2, 0, 2, 2, 0, 1, 2, 1, 1, 2, 0, 1, 1, 1, 1, 2, 2, 1, 1, 0, 1, 0, 1, 0, 1, 0, 1, 1, 1, 0, 2, 0, 2, 1, 1, 1]|[1, 3, 2, 0, 4, 1, 4, 4, 2, 4, 3, 2, 1, 0, 2, 1, 1, 1, 2, 1, 1, 3, 0, 1, 0, 1, 1, 4, 1, 4, 3, 2, 2, 0, 4, 1, 1, 4, 0, 1, 2, 1, 4, 4, 1, 1, 0, 2, 3, 2, 2, 1, 2, 1, 1, 2, 4, 3, 0, 2, 2, 3, 1, 0, 1, 2, 0, 1, 2, 4, 1, 3, 4, 1, 2, 4, 3, 3, 3, 1, 1, 4, 3, 2, 3, 2, 4, 2, 4, 2, 3, 4, 1, 2, 1, 2, 1, 4, 3, 4]|[1, 2, 1, 0, 3, 0, 1, 3, 0, 0, 2, 0, 1, 0, 1, 0, 0, 0, 1, 0, 0, 2, 0, 0, 1, 0, 0, 3, 0, 1, 0, 2, 0, 1, 3, 0, 1, 3, 1, 0, 0, 0, 1, 3, 0, 0, 1, 0, 2, 0, 0, 0, 0, 0, 1, 0, 1, 0, 1, 1, 0, 2, 0, 0, 0, 0, 0, 0, 0, 2, 0, 0, 1, 0, 0, 1, 0, 0, 3, 0, 0, 1, 0, 0, 0, 0, 3, 0, 2, 0, 0, 2, 1, 0, 0, 0, 0, 1, 0, 3],846.6109372053031,52128.769557101376,106800.59864073119,false
48,G2_TEC,G2_TEC,[31, 22, 82, 15, 26, 9, 95, 42, 77, 68, 47, 5, 93, 78, 86, 54, 85, 63, 18, 44, 20, 49, 36, 14, 41, 50, 53, 17, 21, 28, 11, 64, 3, 23, 30, 83, 24, 74, 40, 52, 65, 27, 90, 70, 39, 87, 48, 69, 99, 4, 75, 1, 13, 58, 97, 59, 45, 8, 73, 37, 35, 79, 71, 66, 76, 32, 60, 80, 56, 6, 67, 61, 33, 7, 57, 34, 12, 16, 10, 98, 96, 88, 2, 81, 91, 38, 84, 29, 92, 19, 51, 55, 89, 25, 46, 72, 94, 43, 62, 0]|[2, 1, 2, 1, 1, 2, 1, 1, 1, 1, 1, 0, 2, 2, 1, 2, 0, 0, 0, 2, 2, 1, 0, 2, 0, 2, 2, 1, 0, 1, 1, 1, 0, 0, 1, 0, 2, 1, 2, 2, 0, 0, 1, 1, 0, 2, 0, 2, 1, 0, 0, 2, 0, 0, 1, 0, 1, 1, 0, 0, 2, 1, 1, 2, 2, 0, 2, 2, 2, 1, 2, 1, 1, 2, 0, 1, 1, 2, 1, 2, 0, 1, 0, 1, 1, 0, 0, 1, 0, 1, 1, 0, 1, 1, 0, 1, 2, 1, 1, 2]|[0, 3, 0, 3, 4, 1, 4, 4, 2, 4, 3, 2, 1, 0, 2, 1, 1, 1, 2, 1, 1, 3, 0, 1, 0, 1, 1, 4, 1, 4, 3, 2, 2, 0, 4, 1, 1, 4, 1, 1, 2, 1, 4, 4, 1, 1, 0, 1, 3, 2, 2, 1, 2, 1, 4, 2, 4, 3, 0, 2, 2, 3, 3, 1, 1, 2, 1, 1, 1, 4, 1, 3, 4, 1, 2, 4, 3, 1, 3, 1, 2, 4, 2, 4, 3, 2, 2, 3, 2, 4, 3, 2, 4, 4, 2, 4, 1, 4, 3, 1]|[0, 2, 0, 0, 3, 0, 1, 3, 0, 0, 2, 0, 1, 0, 1, 0, 0, 0, 1, 0, 0, 2, 0, 0, 1, 0, 0, 3, 0, 1, 0, 2, 0, 0, 3, 0, 1, 1, 0, 0, 0, 0, 1, 3, 0, 0, 1, 0, 2, 0, 0, 0, 0, 0, 1, 0, 1, 0, 1, 1, 0, 2, 0, 0, 0, 0, 0, 0, 0, 2, 0, 0, 1, 0, 0, 1, 0, 0, 3, 0, 0, 1, 0, 2, 0, 0, 0, 3, 0, 1, 0, 0, 1, 3, 0, 1, 0, 2, 0, 0],885.9926061586052,49372.18251491543,107565.09412313203,false
48,G3_TWC,G3_TWC,[31, 22, 42, 15, 26, 58, 95, 82, 77, 12, 47, 5, 93, 78, 98, 54, 85, 63, 18, 44, 20, 35, 43, 97, 91, 76, 10, 30, 21, 45, 71, 64, 1, 23, 17, 83, 24, 61, 60, 36, 6, 57, 94, 88, 65, 56, 79, 40, 67, 68, 46, 75, 38, 9, 19, 32, 81, 41, 27, 62, 87, 90, 99, 59, 11, 16, 72, 73, 70, 39, 37, 84, 3, 92, 25, 74, 28, 29, 51, 7, 53, 14, 86, 48, 89, 50, 66, 96, 33, 80, 4, 8, 34, 49, 52, 0, 13, 2, 69, 55]|[1, 1, 0, 1, 1, 1, 2, 1, 2, 1, 2, 2, 2, 1, 1, 0, 0, 1, 0, 2, 2, 0, 1, 2, 0, 1, 2, 2, 0, 0, 1, 2, 1, 2, 1, 0, 2, 0, 1, 1, 0, 1, 1, 1, 0, 2, 1, 1, 0, 0, 0, 0, 1, 1, 2, 1, 2, 0, 0, 0, 2, 1, 0, 1, 2, 1, 2, 1, 1, 1, 1, 1, 2, 0, 1, 2, 0, 0, 0, 1, 0, 1, 0, 0, 1, 0, 0, 0, 2, 0, 0, 1, 2, 0, 1, 0, 0, 0, 1, 1]|[4, 3, 2, 2, 0, 0, 2, 2, 2, 4, 1, 1, 2, 4, 4, 1, 1, 4, 2, 1, 1, 1, 1, 2, 1, 2, 1, 1, 1, 1, 3, 2, 3, 0, 4, 0, 1, 1, 0, 3, 2, 2, 4, 0, 1, 1, 0, 2, 0, 1, 2, 2, 1, 4, 0, 3, 2, 1, 1, 2, 1, 3, 1, 1, 1, 3, 0, 4, 3, 1, 4, 1, 1, 2, 4, 1, 2, 1, 1, 3, 2, 3, 1, 1, 1, 1, 1, 1, 1, 1, 2, 3, 1, 1, 1, 2, 2, 2, 3, 4]|[0, 2, 1, 1, 3, 3, 0, 1, 0, 0, 0, 0, 1, 0, 1, 0, 0, 3, 1, 0, 0, 0, 3, 1, 0, 2, 0, 0, 0, 1, 0, 0, 0, 0, 3, 0, 1, 0, 0, 2, 1, 1, 2, 0, 0, 0, 0, 1, 1, 0, 0, 0, 1, 3, 0, 0, 1, 0, 0, 1, 0, 2, 0, 1, 0, 2, 1, 0, 0, 1, 1, 3, 0, 1, 3, 0, 1, 0, 0, 2, 1, 0, 0, 0, 1, 0, 0, 0, 0, 0, 1, 2, 0, 1, 1, 0, 0, 0, 0, 3],804.6875225521468,57746.82533348298,88068.50778672317,false
48,G1_CMAX,G1_CMAX,[31, 22, 90, 26, 58, 95, 42, 12, 93, 5, 78, 86, 98, 18, 20, 35, 3, 97, 91, 76, 10, 85, 54, 45, 63, 71, 66, 1, 23, 17, 24, 60, 36, 6, 57, 15, 65, 56, 47, 79, 94, 67, 50, 46, 14, 75, 38, 9, 30, 19, 32, 81, 27, 92, 83, 87, 40, 99, 59, 11, 53, 16, 72, 77, 73, 70, 39, 37, 84, 43, 62, 25, 55, 28, 29, 51, 68, 82, 74, 61, 88, 21, 80, 89, 7, 69, 96, 41, 48, 4, 8, 34, 49, 52, 0, 44, 13, 2, 64, 33]|[1, 1, 1, 1, 0, 2, 1, 1, 2, 2, 2, 1, 0, 1, 2, 2, 1, 2, 0, 1, 2, 2, 2, 0, 0, 1, 2, 1, 2, 1, 2, 1, 1, 0, 1, 1, 0, 2, 2, 1, 1, 0, 0, 0, 0, 1, 1, 1, 1, 2, 1, 2, 2, 0, 0, 2, 1, 0, 0, 2, 0, 1, 2, 2, 1, 1, 1, 1, 1, 1, 0, 1, 1, 0, 0, 0, 0, 0, 2, 1, 1, 0, 0, 1, 1, 1, 2, 2, 0, 1, 1, 2, 0, 1, 0, 0, 0, 0, 2, 2]|[0, 4, 3, 0, 1, 1, 2, 4, 1, 1, 2, 4, 1, 4, 1, 1, 1, 2, 2, 2, 2, 1, 1, 1, 2, 3, 2, 3, 0, 4, 1, 0, 3, 2, 2, 2, 1, 1, 1, 0, 2, 0, 1, 2, 1, 3, 1, 4, 2, 0, 3, 2, 1, 2, 1, 1, 4, 1, 1, 1, 2, 3, 0, 2, 4, 3, 1, 4, 1, 1, 1, 4, 4, 2, 1, 1, 1, 2, 1, 3, 0, 1, 1, 1, 1, 3, 1, 1, 1, 4, 3, 1, 1, 1, 2, 2, 2, 2, 1, 1]|[3, 0, 2, 3, 0, 0, 1, 0, 0, 0, 1, 0, 0, 3, 0, 0, 1, 1, 1, 2, 1, 0, 0, 0, 0, 0, 0, 0, 0, 3, 1, 0, 2, 1, 1, 1, 0, 0, 0, 0, 1, 1, 0, 0, 0, 0, 1, 3, 2, 0, 0, 1, 0, 1, 0, 0, 2, 0, 0, 0, 1, 2, 1, 1, 0, 0, 1, 1, 3, 3, 0, 3, 3, 1, 0, 0, 0, 1, 0, 0, 0, 0, 0, 1, 2, 2, 0, 0, 0, 0, 2, 0, 1, 1, 0, 0, 0, 0, 0, 0],705.0470749739228,58445.79123614564,95781.2895945797,false
48,G4_BALANCED,G4_BALANCED,[31, 11, 15, 82, 26, 9, 95, 32, 77, 68, 47, 5, 93, 78, 86, 54, 85, 63, 18, 44, 20, 49, 36, 14, 74, 50, 53, 17, 21, 45, 71, 64, 3, 23, 30, 83, 24, 41, 60, 52, 65, 27, 90, 70, 39, 87, 48, 69, 99, 4, 46, 1, 13, 58, 97, 59, 28, 8, 73, 37, 35, 79, 22, 66, 76, 42, 40, 80, 96, 6, 16, 61, 33, 7, 57, 34, 12, 67, 10, 98, 56, 88, 29, 75, 91, 38, 19, 92, 43, 84, 51, 72, 81, 0, 2, 55, 94, 89, 62, 25]|[2, 1, 1, 2, 1, 2, 1, 1, 1, 1, 1, 0, 2, 2, 1, 2, 0, 0, 0, 2, 2, 1, 0, 2, 0, 2, 2, 1, 0, 1, 1, 1, 0, 0, 1, 0, 2, 1, 2, 2, 0, 0, 1, 1, 0, 2, 0, 2, 1, 0, 0, 2, 0, 0, 2, 0, 1, 1, 0, 0, 2, 1, 0, 2, 2, 0, 2, 2, 0, 1, 2, 1, 1, 2, 0, 1, 1, 1, 1, 2, 2, 1, 1, 0, 1, 0, 1, 0, 1, 0, 1, 1, 1, 0, 2, 0, 2, 1, 1, 1]|[1, 3, 2, 0, 4, 1, 4, 4, 2, 4, 3, 2, 1, 0, 2, 1, 1, 1, 2, 1, 1, 3, 0, 1, 0, 1, 1, 4, 1, 4, 3, 2, 2, 0, 4, 1, 1, 4, 0, 1, 2, 1, 4, 4, 1, 1, 0, 2, 3, 2, 2, 1, 2, 1, 1, 2, 4, 3, 0, 2, 2, 3, 1, 0, 1, 2, 0, 1, 2, 4, 1, 3, 4, 1, 2, 4, 3, 3, 3, 1, 1, 4, 3, 2, 3, 2, 4, 2, 4, 2, 3, 4, 1, 2, 1, 2, 1, 4, 3, 4]|[1, 2, 1, 0, 3, 0, 1, 3, 0, 0, 2, 0, 1, 0, 1, 0, 0, 0, 1, 0, 0, 2, 0, 0, 1, 0, 0, 3, 0, 1, 0, 2, 0, 1, 3, 0, 1, 3, 1, 0, 0, 0, 1, 3, 0, 0, 1, 0, 2, 0, 0, 0, 0, 0, 1, 0, 1, 0, 1, 1, 0, 2, 0, 0, 0, 0, 0, 0, 0, 2, 0, 0, 1, 0, 0, 1, 0, 0, 3, 0, 0, 1, 0, 0, 0, 0, 3, 0, 2, 0, 0, 2, 1, 0, 0, 0, 0, 1, 0, 3],846.6109372053031,52128.769557101376,106800.59864073119,false
48,G2_TEC,G2_TEC,[31, 22, 82, 15, 26, 9, 95, 42, 77, 68, 47, 5, 93, 78, 86, 54, 85, 63, 74, 44, 20, 49, 36, 14, 18, 50, 53, 17, 21, 28, 11, 64, 3, 23, 30, 83, 24, 41, 40, 52, 65, 27, 90, 70, 39, 87, 48, 69, 99, 4, 75, 1, 13, 58, 97, 59, 45, 8, 73, 37, 35, 79, 71, 66, 76, 32, 60, 80, 56, 6, 67, 61, 33, 7, 57, 34, 12, 16, 10, 98, 96, 88, 43, 81, 91, 38, 84, 92, 29, 19, 51, 55, 46, 89, 2, 72, 94, 25, 62, 0]|[2, 1, 2, 1, 1, 0, 1, 1, 1, 1, 1, 0, 2, 2, 1, 2, 0, 0, 0, 2, 2, 1, 0, 2, 0, 2, 2, 1, 0, 1, 1, 1, 0, 0, 1, 0, 2, 1, 2, 2, 0, 0, 1, 1, 0, 2, 0, 2, 1, 0, 0, 2, 0, 0, 2, 0, 1, 1, 0, 0, 2, 1, 1, 2, 2, 0, 2, 2, 2, 1, 2, 1, 1, 2, 0, 1, 1, 2, 1, 2, 0, 1, 1, 1, 1, 0, 0, 0, 1, 1, 1, 0, 0, 1, 2, 1, 2, 1, 1, 0]|[0, 3, 0, 3, 4, 2, 4, 4, 2, 4, 3, 2, 1, 0, 2, 1, 1, 1, 2, 1, 1, 3, 0, 1, 2, 1, 1, 4, 1, 4, 3, 2, 2, 0, 4, 1, 1, 4, 1, 1, 2, 1, 4, 4, 1, 1, 0, 2, 3, 2, 2, 1, 2, 1, 1, 2, 4, 3, 0, 2, 2, 3, 3, 1, 1, 2, 1, 1, 1, 4, 1, 3, 4, 1, 2, 4, 3, 1, 3, 1, 2, 4, 4, 4, 3, 2, 2, 2, 3, 4, 3, 2, 2, 4, 1, 4, 1, 4, 3, 2]|[0, 2, 0, 0, 3, 0, 1, 3, 0, 0, 2, 0, 1, 0, 1, 0, 0, 0, 1, 0, 0, 2, 0, 0, 1, 0, 0, 3, 0, 1, 0, 2, 0, 0, 3, 0, 1, 1, 0, 0, 0, 0, 1, 3, 0, 0, 1, 0, 2, 0, 0, 0, 0, 0, 1, 0, 1, 0, 1, 1, 0, 2, 0, 0, 0, 0, 0, 0, 0, 2, 0, 0, 1, 0, 0, 1, 0, 0, 3, 0, 0, 1, 2, 2, 0, 0, 0, 0, 3, 1, 0, 0, 0, 1, 0, 1, 0, 3, 0, 0],908.0748700823551,49591.791675502005,104486.56368571546,false
48,G3_TWC,G3_TWC,[31, 22, 42, 15, 26, 58, 95, 82, 77, 12, 47, 5, 93, 78, 98, 54, 85, 63, 18, 44, 20, 35, 43, 97, 91, 76, 10, 30, 21, 45, 71, 64, 1, 23, 17, 83, 24, 61, 60, 36, 6, 57, 94, 88, 65, 56, 79, 40, 67, 68, 46, 75, 38, 9, 19, 32, 81, 41, 27, 62, 87, 90, 99, 59, 11, 16, 72, 73, 70, 39, 37, 84, 3, 92, 25, 74, 28, 29, 51, 7, 53, 14, 86, 48, 89, 50, 66, 96, 33, 80, 4, 8, 55, 49, 0, 52, 69, 2, 13, 34]|[1, 1, 0, 1, 1, 1, 2, 1, 2, 1, 2, 2, 2, 1, 1, 0, 0, 1, 0, 2, 2, 0, 1, 2, 0, 1, 2, 2, 0, 0, 1, 2, 1, 2, 1, 0, 2, 0, 1, 1, 0, 1, 1, 1, 0, 2, 1, 1, 0, 0, 0, 0, 1, 1, 2, 1, 2, 0, 0, 0, 2, 1, 0, 1, 2, 1, 2, 1, 1, 1, 1, 1, 2, 0, 1, 2, 0, 0, 0, 1, 0, 1, 0, 0, 1, 0, 0, 0, 2, 0, 0, 1, 1, 0, 0, 1, 1, 0, 0, 2]|[4, 3, 2, 2, 0, 0, 2, 2, 2, 4, 1, 1, 2, 4, 4, 1, 1, 4, 2, 1, 1, 1, 1, 2, 1, 2, 1, 1, 1, 1, 3, 2, 3, 0, 4, 0, 1, 1, 0, 3, 2, 2, 4, 0, 1, 1, 3, 2, 0, 1, 2, 2, 1, 4, 0, 3, 2, 1, 1, 2, 1, 3, 1, 1, 1, 3, 0, 4, 3, 1, 4, 1, 1, 2, 4, 1, 2, 1, 1, 3, 2, 3, 1, 1, 1, 1, 1, 1, 1, 1, 2, 3, 4, 1, 2, 1, 3, 2, 2, 1]|[0, 2, 1, 1, 3, 3, 0, 1, 0, 0, 0, 0, 1, 0, 1, 0, 0, 3, 1, 0, 0, 0, 3, 1, 0, 2, 0, 0, 0, 1, 0, 0, 0, 0, 3, 0, 1, 0, 0, 2, 1, 1, 2, 0, 0, 0, 0, 1, 1, 0, 0, 0, 1, 3, 0, 0, 1, 0, 0, 1, 0, 2, 0, 1, 0, 2, 1, 0, 0, 1, 1, 3, 0, 1, 3, 0, 1, 0, 0, 2, 1, 0, 0, 0, 1, 0, 0, 0, 0, 0, 1, 2, 3, 1, 0, 1, 0, 0, 0, 0],802.5281847645216,57652.86795409501,87938.17744329936,false
48,G1_CMAX,G1_CMAX,[31, 22, 90, 26, 58, 95, 42, 12, 93, 5, 78, 86, 98, 18, 20, 35, 3, 97, 91, 76, 10, 85, 54, 45, 63, 71, 66, 1, 23, 17, 24, 60, 36, 6, 57, 15, 65, 56, 47, 79, 94, 67, 50, 46, 14, 75, 38, 9, 30, 19, 32, 81, 27, 92, 83, 87, 40, 99, 59, 11, 53, 16, 72, 77, 73, 70, 39, 37, 84, 43, 62, 25, 55, 28, 29, 51, 68, 82, 74, 61, 88, 21, 80, 89, 7, 69, 96, 41, 48, 4, 8, 34, 49, 52, 0, 44, 13, 2, 64, 33]|[1, 1, 1, 1, 0, 2, 1, 1, 2, 2, 2, 1, 0, 1, 2, 2, 1, 2, 0, 1, 2, 2, 2, 0, 0, 1, 2, 1, 2, 1, 2, 1, 1, 0, 1, 1, 0, 2, 2, 1, 1, 0, 0, 0, 0, 1, 1, 1, 1, 2, 1, 2, 2, 0, 0, 2, 1, 0, 0, 2, 0, 1, 2, 2, 1, 1, 1, 1, 1, 1, 0, 1, 1, 0, 0, 0, 0, 0, 2, 1, 1, 0, 0, 1, 1, 1, 2, 2, 0, 1, 1, 2, 0, 1, 0, 0, 0, 0, 2, 2]|[0, 4, 3, 0, 1, 1, 2, 4, 1, 1, 2, 4, 1, 4, 1, 1, 1, 2, 2, 2, 2, 1, 1, 1, 2, 3, 2, 3, 0, 4, 1, 0, 3, 2, 2, 2, 1, 1, 1, 0, 2, 0, 1, 2, 1, 3, 1, 4, 2, 0, 3, 2, 1, 2, 1, 1, 4, 1, 1, 1, 2, 3, 0, 2, 4, 3, 1, 4, 1, 1, 1, 4, 4, 2, 1, 1, 1, 2, 1, 3, 0, 1, 1, 1, 1, 3, 1, 1, 1, 4, 3, 1, 1, 1, 2, 2, 2, 2, 1, 1]|[3, 0, 2, 3, 0, 0, 1, 0, 0, 0, 1, 0, 0, 3, 0, 0, 1, 1, 1, 2, 1, 0, 0, 0, 0, 0, 0, 0, 0, 3, 1, 0, 2, 1, 1, 1, 0, 0, 0, 0, 1, 1, 0, 0, 0, 0, 1, 3, 2, 0, 0, 1, 0, 1, 0, 0, 2, 0, 0, 0, 1, 2, 1, 1, 0, 0, 1, 1, 3, 3, 0, 3, 3, 1, 0, 0, 0, 1, 0, 0, 0, 0, 0, 1, 2, 2, 0, 0, 0, 0, 2, 0, 1, 1, 0, 0, 0, 0, 0, 0],705.0470749739228,58445.79123614564,95781.2895945797,false
48,G4_BALANCED,G4_BALANCED,[31, 11, 15, 82, 26, 9, 95, 32, 77, 68, 47, 5, 93, 78, 86, 54, 85, 63, 18, 44, 20, 49, 36, 14, 74, 50, 53, 17, 21, 45, 71, 64, 3, 23, 30, 83, 24, 41, 60, 52, 65, 27, 90, 70, 39, 87, 48, 69, 99, 4, 46, 1, 13, 58, 97, 59, 28, 8, 73, 37, 35, 79, 22, 66, 76, 42, 40, 80, 96, 6, 16, 61, 33, 7, 57, 34, 12, 67, 10, 98, 56, 88, 29, 75, 91, 38, 19, 92, 43, 84, 51, 72, 81, 0, 2, 55, 94, 89, 62, 25]|[2, 1, 1, 2, 1, 2, 1, 1, 1, 1, 1, 0, 2, 2, 1, 2, 0, 0, 0, 2, 2, 1, 0, 2, 0, 2, 2, 1, 0, 1, 1, 1, 0, 0, 1, 0, 2, 1, 2, 2, 0, 0, 1, 1, 0, 2, 0, 2, 1, 0, 0, 2, 0, 0, 2, 0, 1, 1, 0, 0, 2, 1, 0, 2, 2, 0, 2, 2, 0, 1, 2, 1, 1, 2, 0, 1, 1, 1, 1, 2, 2, 1, 1, 0, 1, 0, 1, 0, 1, 0, 1, 1, 1, 0, 2, 0, 2, 1, 1, 1]|[1, 3, 2, 0, 4, 1, 4, 4, 2, 4, 3, 2, 1, 0, 2, 1, 1, 1, 2, 1, 1, 3, 0, 1, 0, 1, 1, 4, 1, 4, 3, 2, 2, 0, 4, 1, 1, 4, 0, 1, 2, 1, 4, 4, 1, 1, 0, 2, 3, 2, 2, 1, 2, 1, 1, 2, 4, 3, 0, 2, 2, 3, 1, 0, 1, 2, 0, 1, 2, 4, 1, 3, 4, 1, 2, 4, 3, 3, 3, 1, 1, 4, 3, 2, 3, 2, 4, 2, 4, 2, 3, 4, 1, 2, 1, 2, 1, 4, 3, 4]|[1, 2, 1, 0, 3, 0, 1, 3, 0, 0, 2, 0, 1, 0, 1, 0, 0, 0, 1, 0, 0, 2, 0, 0, 1, 0, 0, 3, 0, 1, 0, 2, 0, 1, 3, 0, 1, 3, 1, 0, 0, 0, 1, 3, 0, 0, 1, 0, 2, 0, 0, 0, 0, 0, 1, 0, 1, 0, 1, 1, 0, 2, 0, 0, 0, 0, 0, 0, 0, 2, 0, 0, 1, 0, 0, 1, 0, 0, 3, 0, 0, 1, 0, 0, 0, 0, 3, 0, 2, 0, 0, 2, 1, 0, 0, 0, 0, 1, 0, 3],846.6109372053031,52128.769557101376,106800.59864073119,false
48,G2_TEC,G4_BALANCED,[31, 11, 82, 15, 26, 9, 95, 42, 77, 68, 47, 5, 93, 78, 86, 54, 85, 63, 18, 44, 20, 49, 36, 14, 74, 50, 53, 17, 21, 45, 71, 64, 3, 23, 30, 83, 24, 41, 60, 52, 65, 27, 90, 70, 39, 87, 48, 69, 99, 4, 46, 1, 13, 58, 97, 59, 28, 75, 73, 37, 35, 79, 22, 66, 76, 32, 40, 80, 96, 6, 16, 61, 33, 7, 57, 34, 12, 67, 10, 98, 56, 88, 29, 8, 91, 38, 19, 92, 43, 2, 89, 72, 51, 25, 84, 55, 62, 81, 94, 0]|[2, 1, 2, 1, 1, 2, 1, 1, 1, 1, 1, 0, 2, 2, 1, 2, 0, 0, 0, 2, 2, 1, 0, 2, 0, 2, 2, 1, 0, 1, 1, 1, 0, 0, 2, 0, 2, 1, 2, 2, 0, 0, 1, 1, 0, 2, 0, 2, 1, 0, 0, 2, 0, 0, 2, 0, 1, 1, 0, 0, 2, 1, 0, 2, 2, 0, 2, 2, 0, 1, 2, 1, 2, 2, 0, 1, 1, 1, 1, 2, 2, 1, 1, 0, 1, 0, 1, 0, 1, 2, 1, 1, 1, 1, 0, 0, 1, 1, 2, 0]|[0, 3, 0, 2, 4, 1, 4, 4, 2, 4, 3, 2, 1, 0, 2, 1, 1, 1, 2, 1, 1, 3, 0, 1, 0, 1, 1, 4, 1, 4, 3, 2, 2, 0, 1, 1, 1, 4, 0, 1, 2, 1, 4, 4, 1, 1, 0, 2, 3, 2, 2, 1, 2, 1, 1, 2, 4, 3, 0, 2, 2, 3, 1, 0, 1, 2, 0, 1, 2, 4, 1, 3, 1, 1, 2, 4, 3, 3, 3, 1, 1, 4, 3, 2, 3, 2, 4, 2, 4, 1, 4, 4, 3, 4, 2, 2, 3, 4, 1, 2]|[0, 2, 0, 1, 3, 0, 1, 3, 0, 0, 2, 0, 1, 0, 1, 0, 0, 0, 1, 0, 0, 2, 0, 0, 1, 0, 0, 3, 0, 1, 0, 2, 0, 1, 0, 0, 1, 3, 1, 0, 0, 0, 1, 3, 0, 0, 1, 0, 2, 0, 0, 0, 0, 0, 1, 0, 1, 0, 1, 1, 0, 2, 0, 0, 0, 0, 1, 0, 0, 2, 0, 0, 0, 0, 0, 1, 0, 0, 3, 0, 0, 1, 3, 0, 0, 0, 1, 0, 2, 0, 1, 2, 0, 3, 0, 0, 0, 1, 0, 0],852.5184451675896,52077.87777408223,105904.01879381535,true
48,G3_TWC,G3_TWC,[31, 22, 42, 15, 26, 58, 95, 82, 77, 12, 47, 5, 93, 78, 98, 54, 85, 63, 18, 44, 20, 35, 43, 97, 91, 76, 10, 30, 21, 45, 71, 64, 1, 23, 17, 83, 24, 61, 60, 36, 6, 57, 94, 88, 65, 56, 79, 40, 67, 68, 46, 75, 38, 9, 19, 32, 81, 41, 27, 62, 87, 90, 99, 59, 11, 16, 72, 73, 70, 39, 37, 84, 3, 92, 25, 74, 28, 29, 51, 7, 53, 14, 86, 48, 89, 50, 66, 96, 33, 80, 4, 8, 55, 49, 0, 52, 69, 2, 13, 34]|[1, 1, 0, 1, 1, 1, 2, 1, 2, 1, 2, 2, 2, 1, 1, 0, 0, 1, 0, 2, 2, 0, 1, 2, 0, 1, 2, 2, 0, 0, 1, 2, 1, 2, 1, 0, 2, 0, 1, 1, 0, 1, 1, 1, 0, 2, 1, 1, 0, 0, 0, 0, 1, 1, 2, 1, 2, 0, 0, 0, 2, 1, 0, 1, 2, 1, 2, 1, 1, 1, 1, 1, 2, 0, 1, 2, 0, 0, 0, 1, 0, 1, 0, 0, 1, 0, 0, 0, 2, 0, 0, 1, 1, 0, 0, 1, 1, 0, 0, 2]|[4, 3, 2, 2, 0, 0, 2, 2, 2, 4, 1, 1, 2, 4, 4, 1, 1, 4, 2, 1, 1, 1, 1, 2, 1, 2, 1, 1, 1, 1, 3, 2, 3, 0, 4, 0, 1, 1, 0, 3, 2, 2, 4, 0, 1, 1, 3, 2, 0, 1, 2, 2, 1, 4, 0, 3, 2, 1, 1, 2, 1, 3, 1, 1, 1, 3, 0, 4, 3, 1, 4, 1, 1, 2, 4, 1, 2, 1, 1, 3, 2, 3, 1, 1, 1, 1, 1, 1, 1, 1, 2, 3, 4, 1, 2, 1, 3, 2, 2, 1]|[0, 2, 1, 1, 3, 3, 0, 1, 0, 0, 0, 0, 1, 0, 1, 0, 0, 3, 1, 0, 0, 0, 3, 1, 0, 2, 0, 0, 0, 1, 0, 0, 0, 0, 3, 0, 1, 0, 0, 2, 1, 1, 2, 0, 0, 0, 0, 1, 1, 0, 0, 0, 1, 3, 0, 0, 1, 0, 0, 1, 0, 2, 0, 1, 0, 2, 1, 0, 0, 1, 1, 3, 0, 1, 3, 0, 1, 0, 0, 2, 1, 0, 0, 0, 1, 0, 0, 0, 0, 0, 1, 2, 3, 1, 0, 1, 0, 0, 0, 0],802.5281847645216,57652.86795409501,87938.17744329936,false
48,G1_CMAX,G1_CMAX,[31, 22, 90, 26, 58, 95, 42, 12, 93, 5, 78, 86, 98, 18, 20, 35, 3, 97, 91, 76, 10, 85, 54, 45, 63, 71, 66, 1, 23, 17, 24, 60, 36, 6, 57, 15, 65, 56, 47, 79, 94, 67, 50, 46, 14, 75, 38, 9, 30, 19, 32, 81, 27, 92, 83, 87, 40, 99, 59, 11, 53, 16, 72, 77, 73, 70, 39, 37, 84, 43, 62, 25, 55, 28, 29, 51, 68, 82, 74, 61, 88, 21, 80, 89, 7, 69, 96, 41, 48, 4, 8, 34, 49, 52, 0, 44, 13, 2, 64, 33]|[1, 1, 1, 1, 0, 2, 1, 1, 2, 2, 2, 1, 0, 1, 2, 2, 1, 2, 0, 1, 2, 2, 2, 0, 0, 1, 2, 1, 2, 1, 2, 1, 1, 0, 1, 1, 0, 2, 2, 1, 1, 0, 0, 0, 0, 1, 1, 1, 1, 2, 1, 2, 2, 0, 0, 2, 1, 0, 0, 2, 0, 1, 2, 2, 1, 1, 1, 1, 1, 1, 0, 1, 1, 0, 0, 0, 0, 0, 2, 1, 1, 0, 0, 1, 1, 1, 2, 2, 0, 1, 1, 2, 0, 1, 0, 0, 0, 0, 2, 2]|[0, 4, 3, 0, 1, 1, 2, 4, 1, 1, 2, 4, 1, 4, 1, 1, 1, 2, 2, 2, 2, 1, 1, 1, 2, 3, 2, 3, 0, 4, 1, 0, 3, 2, 2, 2, 1, 1, 1, 0, 2, 0, 1, 2, 1, 3, 1, 4, 2, 0, 3, 2, 1, 2, 1, 1, 4, 1, 1, 1, 2, 3, 0, 2, 4, 3, 1, 4, 1, 1, 1, 4, 4, 2, 1, 1, 1, 2, 1, 3, 0, 1, 1, 1, 1, 3, 1, 1, 1, 4, 3, 1, 1, 1, 2, 2, 2, 2, 1, 1]|[3, 0, 2, 3, 0, 0, 1, 0, 0, 0, 1, 0, 0, 3, 0, 0, 1, 1, 1, 2, 1, 0, 0, 0, 0, 0, 0, 0, 0, 3, 1, 0, 2, 1, 1, 1, 0, 0, 0, 0, 1, 1, 0, 0, 0, 0, 1, 3, 2, 0, 0, 1, 0, 1, 0, 0, 2, 0, 0, 0, 1, 2, 1, 1, 0, 0, 1, 1, 3, 3, 0, 3, 3, 1, 0, 0, 0, 1, 0, 0, 0, 0, 0, 1, 2, 2, 0, 0, 0, 0, 2, 0, 1, 1, 0, 0, 0, 0, 0, 0],705.0470749739228,58445.79123614564,95781.2895945797,false
48,G4_BALANCED,G4_BALANCED,[31, 11, 15, 82, 26, 9, 95, 32, 77, 68, 47, 5, 93, 78, 86, 54, 85, 63, 18, 44, 20, 49, 36, 14, 74, 50, 53, 17, 21, 45, 71, 64, 3, 23, 30, 83, 24, 41, 60, 52, 65, 27, 90, 70, 39, 87, 48, 69, 99, 4, 46, 1, 13, 58, 97, 59, 28, 8, 73, 37, 35, 79, 22, 66, 76, 42, 40, 80, 96, 6, 16, 61, 33, 7, 57, 34, 12, 67, 10, 98, 56, 88, 29, 75, 91, 38, 19, 92, 43, 84, 51, 72, 81, 0, 2, 55, 94, 89, 62, 25]|[2, 1, 1, 2, 1, 2, 1, 1, 1, 1, 1, 0, 2, 2, 1, 2, 0, 0, 0, 2, 2, 1, 0, 2, 0, 2, 2, 1, 0, 1, 1, 1, 0, 0, 1, 0, 2, 1, 2, 2, 0, 0, 1, 1, 0, 2, 0, 2, 1, 0, 0, 2, 0, 0, 2, 0, 1, 1, 0, 0, 2, 1, 0, 2, 2, 0, 2, 2, 0, 1, 2, 1, 1, 2, 0, 1, 1, 1, 1, 2, 2, 1, 1, 0, 1, 0, 1, 0, 1, 0, 1, 1, 1, 0, 2, 0, 2, 1, 1, 1]|[1, 3, 2, 0, 4, 1, 4, 4, 2, 4, 3, 2, 1, 0, 2, 1, 1, 1, 2, 1, 1, 3, 0, 1, 0, 1, 1, 4, 1, 4, 3, 2, 2, 0, 4, 1, 1, 4, 0, 1, 2, 1, 4, 4, 1, 1, 0, 2, 3, 2, 2, 1, 2, 1, 1, 2, 4, 3, 0, 2, 2, 3, 1, 0, 1, 2, 0, 1, 2, 4, 1, 3, 4, 1, 2, 4, 3, 3, 3, 1, 1, 4, 3, 2, 3, 2, 4, 2, 4, 2, 3, 4, 1, 2, 1, 2, 1, 4, 3, 4]|[1, 2, 1, 0, 3, 0, 1, 3, 0, 0, 2, 0, 1, 0, 1, 0, 0, 0, 1, 0, 0, 2, 0, 0, 1, 0, 0, 3, 0, 1, 0, 2, 0, 1, 3, 0, 1, 3, 1, 0, 0, 0, 1, 3, 0, 0, 1, 0, 2, 0, 0, 0, 0, 0, 1, 0, 1, 0, 1, 1, 0, 2, 0, 0, 0, 0, 0, 0, 0, 2, 0, 0, 1, 0, 0, 1, 0, 0, 3, 0, 0, 1, 0, 0, 0, 0, 3, 0, 2, 0, 0, 2, 1, 0, 0, 0, 0, 1, 0, 3],846.6109372053031,52128.769557101376,106800.59864073119,false
48,G2_TEC,G2_TEC,[31, 22, 82, 15, 26, 9, 95, 42, 77, 68, 47, 5, 93, 78, 86, 54, 85, 63, 18, 44, 20, 49, 36, 14, 74, 50, 53, 17, 21, 28, 11, 64, 3, 23, 30, 83, 24, 41, 40, 52, 65, 27, 90, 70, 39, 87, 48, 69, 99, 4, 75, 1, 13, 58, 97, 59, 45, 8, 73, 37, 35, 79, 71, 66, 76, 32, 60, 80, 56, 6, 67, 61, 33, 7, 57, 34, 12, 16, 10, 98, 96, 88, 43, 81, 91, 2, 84, 29, 92, 19, 51, 55, 89, 25, 72, 46, 94, 38, 62, 0]|[2, 1, 2, 1, 1, 2, 1, 1, 1, 1, 1, 0, 2, 2, 1, 2, 0, 0, 0, 2, 2, 1, 0, 2, 0, 2, 2, 1, 0, 1, 1, 1, 0, 0, 1, 0, 2, 1, 2, 2, 0, 0, 1, 1, 0, 2, 0, 2, 1, 0, 0, 2, 0, 2, 2, 0, 1, 1, 0, 0, 2, 1, 1, 2, 2, 0, 2, 2, 2, 1, 2, 1, 1, 2, 0, 1, 1, 2, 1, 2, 0, 1, 1, 1, 1, 0, 0, 1, 0, 1, 1, 0, 1, 1, 1, 0, 2, 0, 1, 0]|[0, 3, 0, 3, 4, 1, 4, 4, 4, 4, 3, 2, 1, 0, 2, 1, 1, 1, 2, 1, 1, 3, 0, 1, 0, 1, 1, 4, 1, 4, 3, 2, 2, 0, 4, 1, 1, 4, 1, 1, 2, 1, 4, 4, 1, 1, 0, 1, 3, 2, 2, 1, 2, 1, 1, 2, 4, 3, 0, 2, 1, 3, 3, 1, 1, 2, 1, 1, 1, 4, 1, 3, 4, 1, 2, 4, 3, 1, 3, 1, 2, 4, 4, 4, 3, 2, 2, 3, 2, 4, 3, 2, 4, 4, 4, 2, 1, 2, 3, 2]|[0, 2, 0, 0, 3, 0, 1, 3, 1, 0, 2, 0, 1, 0, 1, 0, 0, 0, 1, 0, 0, 2, 0, 0, 1, 0, 0, 3, 0, 1, 0, 2, 0, 0, 3, 0, 1, 1, 0, 0, 0, 0, 1, 3, 0, 0, 1, 0, 2, 0, 0, 0, 0, 0, 1, 0, 1, 0, 1, 1, 0, 2, 0, 0, 0, 0, 0, 0, 0, 2, 0, 0, 1, 0, 0, 1, 0, 0, 3, 0, 0, 1, 2, 2, 0, 0, 0, 3, 0, 1, 0, 0, 1, 3, 1, 0, 0, 0, 0, 0],910.6024065900936,48491.8951558845,107376.01945264004,false
48,G3_TWC,G3_TWC,[31, 22, 42, 15, 26, 58, 95, 82, 77, 12, 47, 5, 93, 78, 98, 54, 85, 63, 18, 44, 20, 35, 43, 97, 91, 76, 10, 30, 21, 45, 71, 64, 1, 23, 17, 83, 24, 61, 60, 36, 6, 57, 94, 88, 65, 56, 79, 40, 67, 68, 46, 75, 38, 9, 19, 32, 81, 41, 27, 62, 87, 90, 99, 59, 11, 16, 72, 73, 70, 39, 37, 84, 3, 92, 25, 74, 28, 29, 51, 7, 53, 14, 86, 48, 89, 50, 66, 96, 33, 80, 4, 8, 55, 49, 0, 52, 69, 2, 13, 34]|[1, 1, 0, 1, 1, 1, 2, 1, 2, 1, 2, 2, 2, 1, 1, 0, 0, 1, 0, 2, 2, 0, 1, 2, 0, 1, 2, 2, 0, 0, 1, 2, 1, 2, 1, 0, 2, 0, 1, 1, 0, 1, 1, 1, 0, 2, 1, 1, 0, 0, 0, 0, 1, 1, 2, 1, 2, 0, 0, 0, 2, 1, 0, 1, 2, 1, 2, 1, 1, 1, 1, 1, 2, 0, 1, 2, 0, 0, 0, 1, 0, 1, 0, 0, 1, 0, 0, 0, 2, 0, 0, 1, 1, 0, 0, 1, 1, 0, 0, 2]|[4, 3, 2, 2, 0, 0, 2, 2, 2, 4, 1, 1, 2, 4, 4, 1, 1, 4, 2, 1, 1, 1, 1, 2, 1, 2, 1, 1, 1, 1, 3, 2, 3, 0, 4, 0, 1, 1, 0, 3, 2, 2, 4, 0, 1, 1, 3, 2, 0, 1, 2, 2, 1, 4, 0, 3, 2, 1, 1, 2, 1, 3, 1, 1, 1, 3, 0, 4, 3, 1, 4, 1, 1, 2, 4, 1, 2, 1, 1, 3, 2, 3, 1, 1, 1, 1, 1, 1, 1, 1, 2, 3, 4, 1, 2, 1, 3, 2, 2, 1]|[0, 2, 1, 1, 3, 3, 0, 1, 0, 0, 0, 0, 1, 0, 1, 0, 0, 3, 1, 0, 0, 0, 3, 1, 0, 2, 0, 0, 0, 1, 0, 0, 0, 0, 3, 0, 1, 0, 0, 2, 1, 1, 2, 0, 0, 0, 0, 1, 1, 0, 0, 0, 1, 3, 0, 0, 1, 0, 0, 1, 0, 2, 0, 1, 0, 2, 1, 0, 0, 1, 1, 3, 0, 1, 3, 0, 1, 0, 0, 2, 1, 0, 0, 0, 1, 0, 0, 0, 0, 0, 1, 2, 3, 1, 0, 1, 0, 0, 0, 0],802.5281847645216,57652.86795409501,87938.17744329936,false
48,G1_CMAX,G1_CMAX,[31, 22, 90, 26, 58, 95, 42, 12, 93, 5, 78, 86, 98, 18, 20, 35, 3, 97, 91, 76, 10, 85, 54, 45, 63, 71, 66, 1, 23, 17, 24, 60, 36, 6, 57, 15, 65, 56, 47, 79, 94, 67, 50, 46, 14, 75, 38, 9, 30, 19, 32, 81, 27, 92, 83, 87, 40, 99, 59, 11, 53, 16, 72, 77, 73, 70, 39, 37, 84, 43, 62, 25, 55, 28, 29, 51, 68, 82, 74, 61, 88, 21, 80, 89, 7, 69, 96, 41, 48, 4, 8, 34, 49, 52, 0, 44, 13, 2, 64, 33]|[1, 1, 1, 1, 0, 2, 1, 1, 2, 2, 2, 1, 0, 1, 2, 2, 1, 2, 0, 1, 2, 2, 2, 0, 0, 1, 2, 1, 2, 1, 2, 1, 1, 0, 1, 1, 0, 2, 2, 1, 1, 0, 0, 0, 0, 1, 1, 1, 1, 2, 1, 2, 2, 0, 0, 2, 1, 0, 0, 2, 0, 1, 2, 2, 1, 1, 1, 1, 1, 1, 0, 1, 1, 0, 0, 0, 0, 0, 2, 1, 1, 0, 0, 1, 1, 1, 2, 2, 0, 1, 1, 2, 0, 1, 0, 0, 0, 0, 2, 2]|[0, 4, 3, 0, 1, 1, 2, 4, 1, 1, 2, 4, 1, 4, 1, 1, 1, 2, 2, 2, 2, 1, 1, 1, 2, 3, 2, 3, 0, 4, 1, 0, 3, 2, 2, 2, 1, 1, 1, 0, 2, 0, 1, 2, 1, 3, 1, 4, 2, 0, 3, 2, 1, 2, 1, 1, 4, 1, 1, 1, 2, 3, 0, 2, 4, 3, 1, 4, 1, 1, 1, 4, 4, 2, 1, 1, 1, 2, 1, 3, 0, 1, 1, 1, 1, 3, 1, 1, 1, 4, 3, 1, 1, 1, 2, 2, 2, 2, 1, 1]|[3, 0, 2, 3, 0, 0, 1, 0, 0, 0, 1, 0, 0, 3, 0, 0, 1, 1, 1, 2, 1, 0, 0, 0, 0, 0, 0, 0, 0, 3, 1, 0, 2, 1, 1, 1, 0, 0, 0, 0, 1, 1, 0, 0, 0, 0, 1, 3, 2, 0, 0, 1, 0, 1, 0, 0, 2, 0, 0, 0, 1, 2, 1, 1, 0, 0, 1, 1, 3, 3, 0, 3, 3, 1, 0, 0, 0, 1, 0, 0, 0, 0, 0, 1, 2, 2, 0, 0, 0, 0, 2, 0, 1, 1, 0, 0, 0, 0, 0, 0],705.0470749739228,58445.79123614564,95781.2895945797,false
48,G4_BALANCED,G4_BALANCED,[31, 11, 15, 82, 26, 9, 95, 32, 77, 68, 47, 5, 93, 78, 86, 54, 85, 63, 18, 44, 20, 49, 36, 14, 74, 50, 53, 17, 21, 45, 71, 64, 3, 23, 30, 83, 24, 41, 60, 52, 65, 27, 90, 70, 39, 87, 48, 69, 99, 4, 46, 1, 13, 58, 97, 59, 28, 8, 73, 37, 35, 79, 22, 66, 76, 42, 40, 80, 96, 6, 16, 61, 33, 7, 57, 34, 12, 67, 10, 98, 56, 88, 29, 75, 91, 38, 19, 92, 43, 84, 51, 72, 81, 0, 2, 55, 94, 89, 62, 25]|[2, 1, 1, 2, 1, 2, 1, 1, 1, 1, 1, 0, 2, 2, 1, 2, 0, 0, 0, 2, 2, 1, 0, 2, 0, 2, 2, 1, 0, 1, 1, 1, 0, 0, 1, 0, 2, 1, 2, 2, 0, 0, 1, 1, 0, 2, 0, 2, 1, 0, 0, 2, 0, 0, 2, 0, 1, 1, 0, 0, 2, 1, 0, 2, 2, 0, 2, 2, 0, 1, 2, 1, 1, 2, 0, 1, 1, 1, 1, 2, 2, 1, 1, 0, 1, 0, 1, 0, 1, 0, 1, 1, 1, 0, 2, 0, 2, 1, 1, 1]|[1, 3, 2, 0, 4, 1, 4, 4, 2, 4, 3, 2, 1, 0, 2, 1, 1, 1, 2, 1, 1, 3, 0, 1, 0, 1, 1, 4, 1, 4, 3, 2, 2, 0, 4, 1, 1, 4, 0, 1, 2, 1, 4, 4, 1, 1, 0, 2, 3, 2, 2, 1, 2, 1, 1, 2, 4, 3, 0, 2, 2, 3, 1, 0, 1, 2, 0, 1, 2, 4, 1, 3, 4, 1, 2, 4, 3, 3, 3, 1, 1, 4, 3, 2, 3, 2, 4, 2, 4, 2, 3, 4, 1, 2, 1, 2, 1, 4, 3, 4]|[1, 2, 1, 0, 3, 0, 1, 3, 0, 0, 2, 0, 1, 0, 1, 0, 0, 0, 1, 0, 0, 2, 0, 0, 1, 0, 0, 3, 0, 1, 0, 2, 0, 1, 3, 0, 1, 3, 1, 0, 0, 0, 1, 3, 0, 0, 1, 0, 2, 0, 0, 0, 0, 0, 1, 0, 1, 0, 1, 1, 0, 2, 0, 0, 0, 0, 0, 0, 0, 2, 0, 0, 1, 0, 0, 1, 0, 0, 3, 0, 0, 1, 0, 0, 0, 0, 3, 0, 2, 0, 0, 2, 1, 0, 0, 0, 0, 1, 0, 3],846.6109372053031,52128.769557101376,106800.59864073119,false
48,G2_TEC,G2_TEC,[31, 22, 82, 15, 26, 9, 95, 42, 77, 68, 47, 5, 93, 78, 86, 54, 85, 63, 18, 44, 20, 49, 36, 14, 74, 50, 53, 17, 21, 28, 11, 64, 3, 23, 30, 83, 24, 41, 40, 52, 65, 27, 90, 70, 39, 87, 48, 69, 99, 4, 75, 1, 13, 58, 97, 59, 45, 8, 73, 37, 35, 79, 71, 66, 76, 32, 60, 80, 56, 6, 67, 61, 33, 7, 57, 34, 12, 16, 10, 98, 96, 88, 43, 81, 91, 2, 84, 29, 92, 19, 51, 55, 89, 25, 72, 46, 94, 38, 62, 0]|[2, 1, 2, 1, 1, 2, 1, 1, 1, 1, 1, 0, 2, 2, 1, 2, 0, 0, 0, 2, 2, 1, 0, 2, 0, 2, 2, 1, 0, 1, 1, 1, 0, 0, 1, 0, 2, 1, 2, 2, 0, 0, 1, 1, 0, 2, 0, 2, 1, 0, 0, 2, 0, 2, 2, 0, 1, 1, 0, 0, 2, 1, 1, 2, 2, 0, 2, 2, 2, 1, 2, 1, 1, 2, 0, 1, 1, 2, 1, 2, 0, 1, 1, 1, 1, 0, 0, 1, 0, 1, 1, 0, 1, 1, 1, 0, 2, 0, 1, 0]|[0, 3, 0, 3, 4, 1, 4, 4, 4, 4, 3, 2, 1, 0, 2, 1, 1, 1, 2, 1, 1, 3, 0, 1, 0, 1, 1, 4, 1, 4, 3, 2, 2, 0, 4, 1, 1, 4, 1, 1, 2, 1, 4, 4, 1, 1, 0, 1, 3, 2, 2, 1, 2, 1, 1, 2, 4, 3, 0, 2, 1, 3, 3, 1, 1, 2, 1, 1, 1, 4, 1, 3, 4, 1, 2, 4, 3, 1, 3, 1, 2, 4, 4, 4, 3, 2, 2, 3, 2, 4, 3, 2, 4, 4, 4, 2, 1, 2, 3, 2]|[0, 2, 0, 0, 3, 0, 1, 3, 1, 0, 2, 0, 1, 0, 1, 0, 0, 0, 1, 0, 0, 2, 0, 0, 1, 0, 0, 3, 0, 1, 0, 2, 0, 0, 3, 0, 1, 1, 0, 0, 0, 0, 1, 3, 0, 0, 1, 0, 2, 0, 0, 0, 0, 0, 1, 0, 1, 0, 1, 1, 0, 2, 0, 0, 0, 0, 0, 0, 0, 2, 0, 0, 1, 0, 0, 1, 0, 0, 3, 0, 0, 1, 2, 2, 0, 0, 0, 3, 0, 1, 0, 0, 1, 3, 1, 0, 0, 0, 0, 0],910.6024065900936,48491.8951558845,107376.01945264004,false
48,G3_TWC,G3_TWC,[31, 22, 42, 15, 26, 58, 95, 82, 77, 12, 47, 5, 93, 78, 98, 54, 85, 63, 18, 44, 20, 35, 43, 97, 91, 76, 10, 30, 21, 45, 71, 64, 1, 23, 17, 83, 24, 61, 60, 36, 6, 57, 94, 88, 65, 56, 79, 40, 67, 68, 46, 75, 38, 9, 19, 32, 81, 41, 27, 62, 87, 90, 99, 59, 11, 16, 72, 73, 70, 39, 37, 84, 3, 92, 25, 74, 28, 29, 51, 7, 53, 14, 86, 48, 89, 50, 66, 96, 33, 80, 4, 8, 55, 49, 0, 52, 69, 2, 13, 34]|[1, 1, 0, 1, 1, 1, 2, 1, 2, 1, 2, 2, 2, 1, 1, 0, 0, 1, 0, 2, 2, 0, 1, 2, 0, 1, 2, 2, 0, 0, 1, 2, 1, 2, 1, 0, 2, 0, 1, 1, 0, 1, 1, 1, 0, 2, 1, 1, 0, 0, 0, 0, 1, 1, 2, 1, 2, 0, 0, 0, 2, 1, 0, 1, 2, 1, 2, 1, 1, 1, 1, 1, 2, 0, 1, 2, 0, 0, 0, 1, 0, 1, 0, 0, 1, 0, 0, 0, 2, 0, 0, 1, 1, 0, 0, 1, 1, 0, 0, 2]|[4, 3, 2, 2, 0, 0, 2, 2, 2, 4, 1, 1, 2, 4, 4, 1, 1, 4, 2, 1, 1, 1, 1, 2, 1, 2, 1, 1, 1, 1, 3, 2, 3, 0, 4, 0, 1, 1, 0, 3, 2, 2, 4, 0, 1, 1, 3, 2, 0, 1, 2, 2, 1, 4, 0, 3, 2, 1, 1, 2, 1, 3, 1, 1, 1, 3, 0, 4, 3, 1, 4, 1, 1, 2, 4, 1, 2, 1, 1, 3, 2, 3, 1, 1, 1, 1, 1, 1, 1, 1, 2, 3, 4, 1, 2, 1, 3, 2, 2, 1]|[0, 2, 1, 1, 3, 3, 0, 1, 0, 0, 0, 0, 1, 0, 1, 0, 0, 3, 1, 0, 0, 0, 3, 1, 0, 2, 0, 0, 0, 1, 0, 0, 0, 0, 3, 0, 1, 0, 0, 2, 1, 1, 2, 0, 0, 0, 0, 1, 1, 0, 0, 0, 1, 3, 0, 0, 1, 0, 0, 1, 0, 2, 0, 1, 0, 2, 1, 0, 0, 1, 1, 3, 0, 1, 3, 0, 1, 0, 0, 2, 1, 0, 0, 0, 1, 0, 0, 0, 0, 0, 1, 2, 3, 1, 0, 1, 0, 0, 0, 0],802.5281847645216,57652.86795409501,87938.17744329936,false
48,G1_CMAX,G1_CMAX,[31, 22, 90, 26, 58, 95, 42, 12, 93, 5, 78, 86, 98, 18, 20, 35, 3, 97, 91, 76, 10, 85, 54, 45, 63, 71, 66, 1, 23, 17, 24, 60, 36, 6, 57, 15, 65, 56, 47, 79, 94, 67, 50, 46, 14, 75, 38, 9, 30, 19, 32, 81, 27, 92, 83, 87, 40, 99, 59, 11, 53, 16, 72, 77, 73, 70, 39, 37, 84, 43, 62, 25, 55, 28, 29, 51, 68, 82, 74, 61, 88, 21, 80, 89, 7, 69, 96, 41, 48, 4, 8, 34, 49, 52, 0, 44, 13, 2, 64, 33]|[1, 1, 1, 1, 0, 2, 1, 1, 2, 2, 2, 1, 0, 1, 2, 2, 1, 2, 0, 1, 2, 2, 2, 0, 0, 1, 2, 1, 2, 1, 2, 1, 1, 0, 1, 1, 0, 2, 2, 1, 1, 0, 0, 0, 0, 1, 1, 1, 1, 2, 1, 2, 2, 0, 0, 2, 1, 0, 0, 2, 0, 1, 2, 2, 1, 1, 1, 1, 1, 1, 0, 1, 1, 0, 0, 0, 0, 0, 2, 1, 1, 0, 0, 1, 1, 1, 2, 2, 0, 1, 1, 2, 0, 1, 0, 0, 0, 0, 2, 2]|[0, 4, 3, 0, 1, 1, 2, 4, 1, 1, 2, 4, 1, 4, 1, 1, 1, 2, 2, 2, 2, 1, 1, 1, 2, 3, 2, 3, 0, 4, 1, 0, 3, 2, 2, 2, 1, 1, 1, 0, 2, 0, 1, 2, 1, 3, 1, 4, 2, 0, 3, 2, 1, 2, 1, 1, 4, 1, 1, 1, 2, 3, 0, 2, 4, 3, 1, 4, 1, 1, 1, 4, 4, 2, 1, 1, 1, 2, 1, 3, 0, 1, 1, 1, 1, 3, 1, 1, 1, 4, 3, 1, 1, 1, 2, 2, 2, 2, 1, 1]|[3, 0, 2, 3, 0, 0, 1, 0, 0, 0, 1, 0, 0, 3, 0, 0, 1, 1, 1, 2, 1, 0, 0, 0, 0, 0, 0, 0, 0, 3, 1, 0, 2, 1, 1, 1, 0, 0, 0, 0, 1, 1, 0, 0, 0, 0, 1, 3, 2, 0, 0, 1, 0, 1, 0, 0, 2, 0, 0, 0, 1, 2, 1, 1, 0, 0, 1, 1, 3, 3, 0, 3, 3, 1, 0, 0, 0, 1, 0, 0, 0, 0, 0, 1, 2, 2, 0, 0, 0, 0, 2, 0, 1, 1, 0, 0, 0, 0, 0, 0],705.0470749739228,58445.79123614564,95781.2895945797,false
48,G4_BALANCED,G4_BALANCED,[31, 11, 15, 82, 26, 9, 95, 32, 77, 68, 47, 5, 93, 78, 86, 54, 85, 63, 18, 44, 20, 49, 36, 14, 74, 50, 53, 17, 21, 45, 71, 64, 3, 23, 30, 83, 24, 41, 60, 52, 65, 27, 90, 70, 39, 87, 48, 69, 99, 4, 46, 1, 13, 58, 97, 59, 28, 8, 73, 37, 35, 79, 22, 66, 76, 42, 40, 80, 96, 6, 16, 61, 33, 7, 57, 34, 12, 67, 10, 98, 56, 88, 29, 75, 91, 38, 19, 92, 43, 84, 51, 72, 81, 0, 2, 55, 94, 89, 62, 25]|[2, 1, 1, 2, 1, 2, 1, 1, 1, 1, 1, 0, 2, 2, 1, 2, 0, 0, 0, 2, 2, 1, 0, 2, 0, 2, 2, 1, 0, 1, 1, 1, 0, 0, 1, 0, 2, 1, 2, 2, 0, 0, 1, 1, 0, 2, 0, 2, 1, 0, 0, 2, 0, 0, 2, 0, 1, 1, 0, 0, 2, 1, 0, 2, 2, 0, 2, 2, 0, 1, 2, 1, 1, 2, 0, 1, 1, 1, 1, 2, 2, 1, 1, 0, 1, 0, 1, 0, 1, 0, 1, 1, 1, 0, 2, 0, 2, 1, 1, 1]|[1, 3, 2, 0, 4, 1, 4, 4, 2, 4, 3, 2, 1, 0, 2, 1, 1, 1, 2, 1, 1, 3, 0, 1, 0, 1, 1, 4, 1, 4, 3, 2, 2, 0, 4, 1, 1, 4, 0, 1, 2, 1, 4, 4, 1, 1, 0, 2, 3, 2, 2, 1, 2, 1, 1, 2, 4, 3, 0, 2, 2, 3, 1, 0, 1, 2, 0, 1, 2, 4, 1, 3, 4, 1, 2, 4, 3, 3, 3, 1, 1, 4, 3, 2, 3, 2, 4, 2, 4, 2, 3, 4, 1, 2, 1, 2, 1, 4, 3, 4]|[1, 2, 1, 0, 3, 0, 1, 3, 0, 0, 2, 0, 1, 0, 1, 0, 0, 0, 1, 0, 0, 2, 0, 0, 1, 0, 0, 3, 0, 1, 0, 2, 0, 1, 3, 0, 1, 3, 1, 0, 0, 0, 1, 3, 0, 0, 1, 0, 2, 0, 0, 0, 0, 0, 1, 0, 1, 0, 1, 1, 0, 2, 0, 0, 0, 0, 0, 0, 0, 2, 0, 0, 1, 0, 0, 1, 0, 0, 3, 0, 0, 1, 0, 0, 0, 0, 3, 0, 2, 0, 0, 2, 1, 0, 0, 0, 0, 1, 0, 3],846.6109372053031,52128.769557101376,106800.59864073119,false
48,G2_TEC,G2_TEC,[31, 22, 82, 15, 26, 9, 95, 42, 77, 68, 47, 5, 93, 78, 86, 54, 85, 63, 18, 44, 20, 49, 36, 14, 74, 50, 53, 17, 21, 28, 11, 64, 3, 23, 30, 83, 24, 41, 40, 52, 65, 27, 90, 70, 39, 87, 48, 69, 99, 4, 75, 1, 13, 58, 97, 59, 45, 8, 73, 37, 35, 79, 71, 66, 76, 32, 60, 80, 56, 6, 67, 61, 33, 7, 57, 34, 12, 16, 10, 98, 96, 88, 43, 81, 91, 2, 84, 29, 92, 19, 51, 55, 89, 25, 72, 46, 94, 38, 62, 0]|[2, 1, 2, 1, 1, 2, 1, 1, 1, 1, 1, 0, 2, 2, 1, 2, 0, 0, 0, 2, 2, 1, 0, 2, 0, 2, 2, 1, 0, 1, 1, 1, 0, 0, 1, 0, 2, 1, 2, 2, 0, 0, 1, 1, 0, 2, 0, 2, 1, 0, 0, 2, 0, 2, 2, 0, 1, 1, 0, 0, 2, 1, 1, 2, 2, 0, 2, 2, 2, 1, 2, 1, 1, 2, 0, 1, 1, 2, 1, 2, 0, 1, 1, 1, 1, 0, 0, 1, 0, 1, 1, 0, 1, 1, 1, 0, 2, 0, 1, 0]|[0, 3, 0, 3, 4, 1, 4, 4, 4, 4, 3, 2, 1, 0, 2, 1, 1, 1, 2, 1, 1, 3, 0, 1, 0, 1, 1, 4, 1, 4, 3, 2, 2, 0, 4, 1, 1, 4, 1, 1, 2, 1, 4, 4, 1, 1, 0, 1, 3, 2, 2, 1, 2, 1, 1, 2, 4, 3, 0, 2, 1, 3, 3, 1, 1, 2, 1, 1, 1, 4, 1, 3, 4, 1, 2, 4, 3, 1, 3, 1, 2, 4, 4, 4, 3, 2, 2, 3, 2, 4, 3, 2, 4, 4, 4, 2, 1, 2, 3, 2]|[0, 2, 0, 0, 3, 0, 1, 3, 1, 0, 2, 0, 1, 0, 1, 0, 0, 0, 1, 0, 0, 2, 0, 0, 1, 0, 0, 3, 0, 1, 0, 2, 0, 0, 3, 0, 1, 1, 0, 0, 0, 0, 1, 3, 0, 0, 1, 0, 2, 0, 0, 0, 0, 0, 1, 0, 1, 0, 1, 1, 0, 2, 0, 0, 0, 0, 0, 0, 0, 2, 0, 0, 1, 0, 0, 1, 0, 0, 3, 0, 0, 1, 2, 2, 0, 0, 0, 3, 0, 1, 0, 0, 1, 3, 1, 0, 0, 0, 0, 0],910.6024065900936,48491.8951558845,107376.01945264004,false
48,G3_TWC,G3_TWC,[31, 22, 42, 15, 26, 58, 95, 82, 77, 12, 47, 5, 93, 78, 98, 54, 85, 63, 18, 44, 20, 35, 43, 97, 91, 76, 10, 30, 21, 45, 71, 64, 1, 23, 17, 83, 24, 61, 60, 36, 6, 57, 94, 88, 65, 56, 79, 40, 67, 68, 46, 75, 38, 9, 19, 32, 81, 41, 27, 62, 87, 90, 99, 59, 11, 16, 72, 73, 70, 39, 37, 84, 3, 92, 25, 74, 28, 29, 51, 7, 53, 14, 86, 48, 89, 50, 66, 96, 33, 80, 4, 8, 55, 49, 0, 52, 69, 2, 13, 34]|[1, 1, 0, 1, 1, 1, 2, 1, 2, 1, 2, 2, 2, 1, 1, 0, 0, 1, 0, 2, 2, 0, 1, 2, 0, 1, 2, 2, 0, 0, 1, 2, 1, 2, 1, 0, 2, 0, 1, 1, 0, 1, 1, 1, 0, 2, 1, 1, 0, 0, 0, 0, 1, 1, 2, 1, 2, 0, 0, 0, 2, 1, 0, 1, 2, 1, 2, 1, 1, 1, 1, 1, 2, 0, 1, 2, 0, 0, 0, 1, 0, 1, 0, 0, 1, 0, 0, 0, 2, 0, 0, 1, 1, 0, 0, 1, 1, 0, 0, 2]|[4, 3, 2, 2, 0, 0, 2, 2, 2, 4, 1, 1, 2, 4, 4, 1, 1, 4, 2, 1, 1, 1, 1, 2, 1, 2, 1, 1, 1, 1, 3, 2, 3, 0, 4, 0, 1, 1, 0, 3, 2, 2, 4, 0, 1, 1, 3, 2, 0, 1, 2, 2, 1, 4, 0, 3, 2, 1, 1, 2, 1, 3, 1, 1, 1, 3, 0, 4, 3, 1, 4, 1, 1, 2, 4, 1, 2, 1, 1, 3, 2, 3, 1, 1, 1, 1, 1, 1, 1, 1, 2, 3, 4, 1, 2, 1, 3, 2, 2, 1]|[0, 2, 1, 1, 3, 3, 0, 1, 0, 0, 0, 0, 1, 0, 1, 0, 0, 3, 1, 0, 0, 0, 3, 1, 0, 2, 0, 0, 0, 1, 0, 0, 0, 0, 3, 0, 1, 0, 0, 2, 1, 1, 2, 0, 0, 0, 0, 1, 1, 0, 0, 0, 1, 3, 0, 0, 1, 0, 0, 1, 0, 2, 0, 1, 0, 2, 1, 0, 0, 1, 1, 3, 0, 1, 3, 0, 1, 0, 0, 2, 1, 0, 0, 0, 1, 0, 0, 0, 0, 0, 1, 2, 3, 1, 0, 1, 0, 0, 0, 0],802.5281847645216,57652.86795409501,87938.17744329936,false
48,G1_CMAX,G1_CMAX,[31, 22, 90, 26, 58, 95, 42, 12, 93, 5, 78, 86, 98, 18, 20, 35, 3, 97, 91, 76, 10, 85, 54, 45, 63, 71, 66, 1, 23, 17, 24, 60, 36, 6, 57, 15, 65, 56, 47, 79, 94, 67, 50, 46, 14, 75, 38, 9, 30, 19, 32, 81, 27, 92, 83, 87, 40, 99, 59, 11, 53, 16, 72, 77, 73, 70, 39, 37, 84, 43, 62, 25, 55, 28, 29, 51, 68, 82, 74, 61, 88, 21, 80, 89, 7, 69, 96, 41, 48, 4, 8, 34, 49, 52, 0, 44, 13, 2, 64, 33]|[1, 1, 1, 1, 0, 2, 1, 1, 2, 2, 2, 1, 0, 1, 2, 2, 1, 2, 0, 1, 2, 2, 2, 0, 0, 1, 2, 1, 2, 1, 2, 1, 1, 0, 1, 1, 0, 2, 2, 1, 1, 0, 0, 0, 0, 1, 1, 1, 1, 2, 1, 2, 2, 0, 0, 2, 1, 0, 0, 2, 0, 1, 2, 2, 1, 1, 1, 1, 1, 1, 0, 1, 1, 0, 0, 0, 0, 0, 2, 1, 1, 0, 0, 1, 1, 1, 2, 2, 0, 1, 1, 2, 0, 1, 0, 0, 0, 0, 2, 2]|[0, 4, 3, 0, 1, 1, 2, 4, 1, 1, 2, 4, 1, 4, 1, 1, 1, 2, 2, 2, 2, 1, 1, 1, 2, 3, 2, 3, 0, 4, 1, 0, 3, 2, 2, 2, 1, 1, 1, 0, 2, 0, 1, 2, 1, 3, 1, 4, 2, 0, 3, 2, 1, 2, 1, 1, 4, 1, 1, 1, 2, 3, 0, 2, 4, 3, 1, 4, 1, 1, 1, 4, 4, 2, 1, 1, 1, 2, 1, 3, 0, 1, 1, 1, 1, 3, 1, 1, 1, 4, 3, 1, 1, 1, 2, 2, 2, 2, 1, 1]|[3, 0, 2, 3, 0, 0, 1, 0, 0, 0, 1, 0, 0, 3, 0, 0, 1, 1, 1, 2, 1, 0, 0, 0, 0, 0, 0, 0, 0, 3, 1, 0, 2, 1, 1, 1, 0, 0, 0, 0, 1, 1, 0, 0, 0, 0, 1, 3, 2, 0, 0, 1, 0, 1, 0, 0, 2, 0, 0, 0, 1, 2, 1, 1, 0, 0, 1, 1, 3, 3, 0, 3, 3, 1, 0, 0, 0, 1, 0, 0, 0, 0, 0, 1, 2, 2, 0, 0, 0, 0, 2, 0, 1, 1, 0, 0, 0, 0, 0, 0],705.0470749739228,58445.79123614564,95781.2895945797,false
48,G4_BALANCED,G4_BALANCED,[31, 11, 15, 82, 26, 9, 95, 32, 77, 68, 47, 5, 93, 78, 86, 54, 85, 63, 18, 44, 20, 49, 36, 14, 74, 50, 53, 17, 21, 45, 71, 64, 3, 23, 30, 83, 24, 41, 60, 52, 65, 27, 90, 70, 39, 87, 48, 69, 99, 4, 46, 1, 13, 58, 97, 59, 28, 8, 73, 37, 35, 79, 22, 66, 76, 42, 40, 80, 96, 6, 16, 61, 33, 7, 57, 34, 12, 67, 10, 98, 56, 88, 29, 75, 91, 38, 19, 92, 43, 84, 51, 72, 81, 0, 2, 55, 94, 89, 62, 25]|[2, 1, 1, 2, 1, 2, 1, 1, 1, 1, 1, 0, 2, 2, 1, 2, 0, 0, 0, 2, 2, 1, 0, 2, 0, 2, 2, 1, 0, 1, 1, 1, 0, 0, 1, 0, 2, 1, 2, 2, 0, 0, 1, 1, 0, 2, 0, 2, 1, 0, 0, 2, 0, 0, 2, 0, 1, 1, 0, 0, 2, 1, 0, 2, 2, 0, 2, 2, 0, 1, 2, 1, 1, 2, 0, 1, 1, 1, 1, 2, 2, 1, 1, 0, 1, 0, 1, 0, 1, 0, 1, 1, 1, 0, 2, 0, 2, 1, 1, 1]|[1, 3, 2, 0, 4, 1, 4, 4, 2, 4, 3, 2, 1, 0, 2, 1, 1, 1, 2, 1, 1, 3, 0, 1, 0, 1, 1, 4, 1, 4, 3, 2, 2, 0, 4, 1, 1, 4, 0, 1, 2, 1, 4, 4, 1, 1, 0, 2, 3, 2, 2, 1, 2, 1, 1, 2, 4, 3, 0, 2, 2, 3, 1, 0, 1, 2, 0, 1, 2, 4, 1, 3, 4, 1, 2, 4, 3, 3, 3, 1, 1, 4, 3, 2, 3, 2, 4, 2, 4, 2, 3, 4, 1, 2, 1, 2, 1, 4, 3, 4]|[1, 2, 1, 0, 3, 0, 1, 3, 0, 0, 2, 0, 1, 0, 1, 0, 0, 0, 1, 0, 0, 2, 0, 0, 1, 0, 0, 3, 0, 1, 0, 2, 0, 1, 3, 0, 1, 3, 1, 0, 0, 0, 1, 3, 0, 0, 1, 0, 2, 0, 0, 0, 0, 0, 1, 0, 1, 0, 1, 1, 0, 2, 0, 0, 0, 0, 0, 0, 0, 2, 0, 0, 1, 0, 0, 1, 0, 0, 3, 0, 0, 1, 0, 0, 0, 0, 3, 0, 2, 0, 0, 2, 1, 0, 0, 0, 0, 1, 0, 3],846.6109372053031,52128.769557101376,106800.59864073119,false
48,G2_TEC,G2_TEC,[31, 22, 82, 15, 26, 9, 95, 42, 77, 68, 47, 5, 93, 78, 86, 54, 85, 63, 18, 44, 20, 49, 36, 14, 74, 50, 53, 17, 21, 28, 11, 64, 3, 23, 30, 83, 24, 41, 40, 52, 65, 27, 90, 70, 39, 87, 48, 69, 99, 4, 75, 1, 13, 58, 97, 59, 45, 8, 73, 37, 35, 79, 71, 66, 76, 32, 60, 80, 56, 6, 67, 61, 33, 7, 57, 34, 12, 16, 10, 98, 96, 88, 43, 81, 91, 2, 84, 29, 92, 19, 51, 55, 89, 25, 72, 46, 94, 38, 62, 0]|[2, 1, 2, 1, 1, 2, 1, 1, 1, 1, 1, 0, 2, 2, 1, 2, 0, 0, 0, 2, 2, 1, 0, 2, 0, 2, 2, 1, 0, 1, 1, 1, 0, 0, 1, 0, 2, 1, 2, 2, 0, 0, 1, 1, 0, 2, 0, 2, 1, 0, 0, 2, 0, 2, 2, 0, 1, 1, 0, 0, 2, 1, 1, 2, 2, 0, 2, 2, 2, 1, 2, 1, 1, 2, 0, 1, 1, 2, 1, 2, 0, 1, 1, 1, 1, 0, 0, 1, 0, 1, 1, 0, 1, 1, 1, 0, 2, 0, 1, 0]|[0, 3, 0, 3, 4, 1, 4, 4, 4, 4, 3, 2, 1, 0, 2, 1, 1, 1, 2, 1, 1, 3, 0, 1, 0, 1, 1, 4, 1, 4, 3, 2, 2, 0, 4, 1, 1, 4, 1, 1, 2, 1, 4, 4, 1, 1, 0, 1, 3, 2, 2, 1, 2, 1, 1, 2, 4, 3, 0, 2, 1, 3, 3, 1, 1, 2, 1, 1, 1, 4, 1, 3, 4, 1, 2, 4, 3, 1, 3, 1, 2, 4, 4, 4, 3, 2, 2, 3, 2, 4, 3, 2, 4, 4, 4, 2, 1, 2, 3, 2]|[0, 2, 0, 0, 3, 0, 1, 3, 1, 0, 2, 0, 1, 0, 1, 0, 0, 0, 1, 0, 0, 2, 0, 0, 1, 0, 0, 3, 0, 1, 0, 2, 0, 0, 3, 0, 1, 1, 0, 0, 0, 0, 1, 3, 0, 0, 1, 0, 2, 0, 0, 0, 0, 0, 1, 0, 1, 0, 1, 1, 0, 2, 0, 0, 0, 0, 0, 0, 0, 2, 0, 0, 1, 0, 0, 1, 0, 0, 3, 0, 0, 1, 2, 2, 0, 0, 0, 3, 0, 1, 0, 0, 1, 3, 1, 0, 0, 0, 0, 0],910.6024065900936,48491.8951558845,107376.01945264004,false
48,G3_TWC,G3_TWC,[31, 22, 42, 15, 26, 58, 95, 82, 77, 12, 47, 5, 93, 78, 98, 54, 85, 63, 18, 44, 20, 35, 43, 97, 91, 76, 10, 30, 21, 45, 71, 64, 1, 23, 17, 83, 24, 61, 60, 36, 6, 57, 94, 88, 65, 56, 79, 40, 67, 68, 46, 75, 38, 9, 19, 32, 81, 41, 27, 62, 87, 90, 99, 59, 11, 16, 72, 73, 70, 39, 37, 84, 3, 92, 25, 74, 28, 29, 51, 7, 53, 14, 86, 48, 89, 50, 66, 96, 33, 80, 4, 8, 55, 49, 0, 52, 69, 2, 13, 34]|[1, 1, 0, 1, 1, 1, 2, 1, 2, 1, 2, 2, 2, 1, 1, 0, 0, 1, 0, 2, 2, 0, 1, 2, 0, 1, 2, 2, 0, 0, 1, 2, 1, 2, 1, 0, 2, 0, 1, 1, 0, 1, 1, 1, 0, 2, 1, 1, 0, 0, 0, 0, 1, 1, 2, 1, 2, 0, 0, 0, 2, 1, 0, 1, 2, 1, 2, 1, 1, 1, 1, 1, 2, 0, 1, 2, 0, 0, 0, 1, 0, 1, 0, 0, 1, 0, 0, 0, 2, 0, 0, 1, 1, 0, 0, 1, 1, 0, 0, 2]|[4, 3, 2, 2, 0, 0, 2, 2, 2, 4, 1, 1, 2, 4, 4, 1, 1, 4, 2, 1, 1, 1, 1, 2, 1, 2, 1, 1, 1, 1, 3, 2, 3, 0, 4, 0, 1, 1, 0, 3, 2, 2, 4, 0, 1, 1, 3, 2, 0, 1, 2, 2, 1, 4, 0, 3, 2, 1, 1, 2, 1, 3, 1, 1, 1, 3, 0, 4, 3, 1, 4, 1, 1, 2, 4, 1, 2, 1, 1, 3, 2, 3, 1, 1, 1, 1, 1, 1, 1, 1, 2, 3, 4, 1, 2, 1, 3, 2, 2, 1]|[0, 2, 1, 1, 3, 3, 0, 1, 0, 0, 0, 0, 1, 0, 1, 0, 0, 3, 1, 0, 0, 0, 3, 1, 0, 2, 0, 0, 0, 1, 0, 0, 0, 0, 3, 0, 1, 0, 0, 2, 1, 1, 2, 0, 0, 0, 0, 1, 1, 0, 0, 0, 1, 3, 0, 0, 1, 0, 0, 1, 0, 2, 0, 1, 0, 2, 1, 0, 0, 1, 1, 3, 0, 1, 3, 0, 1, 0, 0, 2, 1, 0, 0, 0, 1, 0, 0, 0, 0, 0, 1, 2, 3, 1, 0, 1, 0, 0, 0, 0],802.5281847645216,57652.86795409501,87938.17744329936,false
48,G1_CMAX,G1_CMAX,[31, 22, 90, 26, 58, 95, 42, 12, 93, 5, 78, 86, 98, 18, 20, 35, 3, 97, 91, 76, 10, 85, 54, 45, 63, 71, 66, 1, 23, 17, 24, 60, 36, 6, 57, 15, 65, 56, 47, 79, 94, 67, 50, 46, 14, 75, 38, 9, 30, 19, 32, 81, 27, 92, 83, 87, 40, 99, 59, 11, 53, 16, 72, 77, 73, 70, 39, 37, 84, 43, 62, 25, 55, 28, 29, 51, 68, 82, 74, 61, 88, 21, 80, 89, 7, 69, 96, 41, 48, 4, 8, 34, 49, 52, 0, 44, 13, 2, 64, 33]|[1, 1, 1, 1, 0, 2, 1, 1, 2, 2, 2, 1, 0, 1, 2, 2, 1, 2, 0, 1, 2, 2, 2, 0, 0, 1, 2, 1, 2, 1, 2, 1, 1, 0, 1, 1, 0, 2, 2, 1, 1, 0, 0, 0, 0, 1, 1, 1, 1, 2, 1, 2, 2, 0, 0, 2, 1, 0, 0, 2, 0, 1, 2, 2, 1, 1, 1, 1, 1, 1, 0, 1, 1, 0, 0, 0, 0, 0, 2, 1, 1, 0, 0, 1, 1, 1, 2, 2, 0, 1, 1, 2, 0, 1, 0, 0, 0, 0, 2, 2]|[0, 4, 3, 0, 1, 1, 2, 4, 1, 1, 2, 4, 1, 4, 1, 1, 1, 2, 2, 2, 2, 1, 1, 1, 2, 3, 2, 3, 0, 4, 1, 0, 3, 2, 2, 2, 1, 1, 1, 0, 2, 0, 1, 2, 1, 3, 1, 4, 2, 0, 3, 2, 1, 2, 1, 1, 4, 1, 1, 1, 2, 3, 0, 2, 4, 3, 1, 4, 1, 1, 1, 4, 4, 2, 1, 1, 1, 2, 1, 3, 0, 1, 1, 1, 1, 3, 1, 1, 1, 4, 3, 1, 1, 1, 2, 2, 2, 2, 1, 1]|[3, 0, 2, 3, 0, 0, 1, 0, 0, 0, 1, 0, 0, 3, 0, 0, 1, 1, 1, 2, 1, 0, 0, 0, 0, 0, 0, 0, 0, 3, 1, 0, 2, 1, 1, 1, 0, 0, 0, 0, 1, 1, 0, 0, 0, 0, 1, 3, 2, 0, 0, 1, 0, 1, 0, 0, 2, 0, 0, 0, 1, 2, 1, 1, 0, 0, 1, 1, 3, 3, 0, 3, 3, 1, 0, 0, 0, 1, 0, 0, 0, 0, 0, 1, 2, 2, 0, 0, 0, 0, 2, 0, 1, 1, 0, 0, 0, 0, 0, 0],705.0470749739228,58445.79123614564,95781.2895945797,false
48,G4_BALANCED,G4_BALANCED,[31, 11, 15, 82, 26, 9, 95, 32, 77, 68, 47, 5, 93, 78, 86, 54, 85, 63, 18, 44, 20, 49, 36, 14, 74, 50, 53, 17, 21, 45, 71, 64, 3, 23, 30, 83, 24, 41, 60, 52, 65, 27, 90, 70, 39, 87, 48, 69, 99, 4, 46, 1, 13, 58, 97, 59, 28, 8, 73, 37, 35, 79, 22, 66, 76, 42, 40, 80, 96, 6, 16, 61, 33, 7, 57, 34, 12, 67, 10, 98, 56, 88, 29, 75, 91, 38, 19, 92, 43, 84, 51, 72, 81, 0, 2, 55, 94, 89, 62, 25]|[2, 1, 1, 2, 1, 2, 1, 1, 1, 1, 1, 0, 2, 2, 1, 2, 0, 0, 0, 2, 2, 1, 0, 2, 0, 2, 2, 1, 0, 1, 1, 1, 0, 0, 1, 0, 2, 1, 2, 2, 0, 0, 1, 1, 0, 2, 0, 2, 1, 0, 0, 2, 0, 0, 2, 0, 1, 1, 0, 0, 2, 1, 0, 2, 2, 0, 2, 2, 0, 1, 2, 1, 1, 2, 0, 1, 1, 1, 1, 2, 2, 1, 1, 0, 1, 0, 1, 0, 1, 0, 1, 1, 1, 0, 2, 0, 2, 1, 1, 1]|[1, 3, 2, 0, 4, 1, 4, 4, 2, 4, 3, 2, 1, 0, 2, 1, 1, 1, 2, 1, 1, 3, 0, 1, 0, 1, 1, 4, 1, 4, 3, 2, 2, 0, 4, 1, 1, 4, 0, 1, 2, 1, 4, 4, 1, 1, 0, 2, 3, 2, 2, 1, 2, 1, 1, 2, 4, 3, 0, 2, 2, 3, 1, 0, 1, 2, 0, 1, 2, 4, 1, 3, 4, 1, 2, 4, 3, 3, 3, 1, 1, 4, 3, 2, 3, 2, 4, 2, 4, 2, 3, 4, 1, 2, 1, 2, 1, 4, 3, 4]|[1, 2, 1, 0, 3, 0, 1, 3, 0, 0, 2, 0, 1, 0, 1, 0, 0, 0, 1, 0, 0, 2, 0, 0, 1, 0, 0, 3, 0, 1, 0, 2, 0, 1, 3, 0, 1, 3, 1, 0, 0, 0, 1, 3, 0, 0, 1, 0, 2, 0, 0, 0, 0, 0, 1, 0, 1, 0, 1, 1, 0, 2, 0, 0, 0, 0, 0, 0, 0, 2, 0, 0, 1, 0, 0, 1, 0, 0, 3, 0, 0, 1, 0, 0, 0, 0, 3, 0, 2, 0, 0, 2, 1, 0, 0, 0, 0, 1, 0, 3],846.6109372053031,52128.769557101376,106800.59864073119,false
48,G2_TEC,G2_TEC,[31, 22, 82, 15, 26, 9, 95, 42, 77, 68, 47, 5, 93, 78, 86, 54, 85, 63, 18, 44, 20, 49, 36, 14, 74, 50, 53, 17, 21, 28, 11, 64, 3, 23, 30, 83, 24, 41, 40, 52, 65, 27, 90, 70, 39, 87, 48, 69, 99, 4, 75, 1, 13, 58, 97, 59, 45, 8, 73, 37, 35, 79, 71, 66, 76, 32, 60, 80, 56, 6, 67, 61, 33, 7, 57, 34, 12, 16, 10, 98, 96, 88, 43, 81, 91, 2, 84, 29, 92, 19, 51, 55, 89, 25, 72, 46, 94, 38, 62, 0]|[2, 1, 2, 1, 1, 2, 1, 1, 1, 1, 1, 0, 2, 2, 1, 2, 0, 0, 0, 2, 2, 1, 0, 2, 0, 2, 2, 1, 0, 1, 1, 1, 0, 0, 1, 0, 2, 1, 2, 2, 0, 0, 1, 1, 0, 2, 0, 2, 1, 0, 0, 2, 0, 2, 2, 0, 1, 1, 0, 0, 2, 1, 1, 2, 2, 0, 2, 2, 2, 1, 2, 1, 1, 2, 0, 1, 1, 2, 1, 2, 0, 1, 1, 1, 1, 0, 0, 1, 0, 1, 1, 0, 1, 1, 1, 0, 2, 0, 1, 0]|[0, 3, 0, 3, 4, 1, 4, 4, 4, 4, 3, 2, 1, 0, 2, 1, 1, 1, 2, 1, 1, 3, 0, 1, 0, 1, 1, 4, 1, 4, 3, 2, 2, 0, 4, 1, 1, 4, 1, 1, 2, 1, 4, 4, 1, 1, 0, 1, 3, 2, 2, 1, 2, 1, 1, 2, 4, 3, 0, 2, 1, 3, 3, 1, 1, 2, 1, 1, 1, 4, 1, 3, 4, 1, 2, 4, 3, 1, 3, 1, 2, 4, 4, 4, 3, 2, 2, 3, 2, 4, 3, 2, 4, 4, 4, 2, 1, 2, 3, 2]|[0, 2, 0, 0, 3, 0, 1, 3, 1, 0, 2, 0, 1, 0, 1, 0, 0, 0, 1, 0, 0, 2, 0, 0, 1, 0, 0, 3, 0, 1, 0, 2, 0, 0, 3, 0, 1, 1, 0, 0, 0, 0, 1, 3, 0, 0, 1, 0, 2, 0, 0, 0, 0, 0, 1, 0, 1, 0, 1, 1, 0, 2, 0, 0, 0, 0, 0, 0, 0, 2, 0, 0, 1, 0, 0, 1, 0, 0, 3, 0, 0, 1, 2, 2, 0, 0, 0, 3, 0, 1, 0, 0, 1, 3, 1, 0, 0, 0, 0, 0],910.6024065900936,48491.8951558845,107376.01945264004,false
48,G3_TWC,G3_TWC,[31, 22, 42, 15, 26, 58, 95, 82, 77, 12, 47, 5, 93, 78, 98, 54, 85, 63, 18, 44, 20, 35, 43, 97, 91, 76, 10, 30, 21, 45, 71, 64, 1, 23, 17, 83, 24, 61, 60, 36, 6, 57, 94, 88, 65, 56, 79, 40, 67, 68, 46, 75, 38, 9, 19, 32, 81, 41, 27, 62, 87, 90, 99, 59, 11, 16, 72, 73, 70, 39, 37, 84, 3, 92, 25, 74, 28, 29, 51, 7, 53, 14, 86, 48, 89, 50, 66, 96, 33, 80, 4, 8, 55, 49, 0, 52, 69, 2, 13, 34]|[1, 1, 0, 1, 1, 1, 2, 1, 2, 1, 2, 2, 2, 1, 1, 0, 0, 1, 0, 2, 2, 0, 1, 2, 0, 1, 2, 2, 0, 0, 1, 2, 1, 2, 1, 0, 2, 0, 1, 1, 0, 1, 1, 1, 0, 2, 1, 1, 0, 0, 0, 0, 1, 1, 2, 1, 2, 0, 0, 0, 2, 1, 0, 1, 2, 1, 2, 1, 1, 1, 1, 1, 2, 0, 1, 2, 0, 0, 0, 1, 0, 1, 0, 0, 1, 0, 0, 0, 2, 0, 0, 1, 1, 0, 0, 1, 1, 0, 0, 2]|[4, 3, 2, 2, 0, 0, 2, 2, 2, 4, 1, 1, 2, 4, 4, 1, 1, 4, 2, 1, 1, 1, 1, 2, 1, 2, 1, 1, 1, 1, 3, 2, 3, 0, 4, 0, 1, 1, 0, 3, 2, 2, 4, 0, 1, 1, 3, 2, 0, 1, 2, 2, 1, 4, 0, 3, 2, 1, 1, 2, 1, 3, 1, 1, 1, 3, 0, 4, 3, 1, 4, 1, 1, 2, 4, 1, 2, 1, 1, 3, 2, 3, 1, 1, 1, 1, 1, 1, 1, 1, 2, 3, 4, 1, 2, 1, 3, 2, 2, 1]|[0, 2, 1, 1, 3, 3, 0, 1, 0, 0, 0, 0, 1, 0, 1, 0, 0, 3, 1, 0, 0, 0, 3, 1, 0, 2, 0, 0, 0, 1, 0, 0, 0, 0, 3, 0, 1, 0, 0, 2, 1, 1, 2, 0, 0, 0, 0, 1, 1, 0, 0, 0, 1, 3, 0, 0, 1, 0, 0, 1, 0, 2, 0, 1, 0, 2, 1, 0, 0, 1, 1, 3, 0, 1, 3, 0, 1, 0, 0, 2, 1, 0, 0, 0, 1, 0, 0, 0, 0, 0, 1, 2, 3, 1, 0, 1, 0, 0, 0, 0],802.5281847645216,57652.86795409501,87938.17744329936,false
48,G1_CMAX,G1_CMAX,[31, 22, 90, 26, 58, 95, 42, 12, 93, 5, 78, 86, 98, 18, 20, 35, 3, 97, 91, 76, 10, 85, 54, 45, 63, 71, 66, 1, 23, 17, 24, 60, 36, 6, 57, 15, 65, 56, 47, 79, 94, 67, 50, 46, 14, 75, 38, 9, 30, 19, 32, 81, 27, 92, 83, 87, 40, 99, 59, 11, 53, 16, 72, 77, 73, 70, 39, 37, 84, 43, 62, 25, 55, 28, 29, 51, 68, 82, 74, 61, 88, 21, 80, 89, 7, 69, 96, 41, 48, 4, 8, 34, 49, 52, 0, 44, 13, 2, 64, 33]|[1, 1, 1, 1, 0, 2, 1, 1, 2, 2, 2, 1, 0, 1, 2, 2, 1, 2, 0, 1, 2, 2, 2, 0, 0, 1, 2, 1, 2, 1, 2, 1, 1, 0, 1, 1, 0, 2, 2, 1, 1, 0, 0, 0, 0, 1, 1, 1, 1, 2, 1, 2, 2, 0, 0, 2, 1, 0, 0, 2, 0, 1, 2, 2, 1, 1, 1, 1, 1, 1, 0, 1, 1, 0, 0, 0, 0, 0, 2, 1, 1, 0, 0, 1, 1, 1, 2, 2, 0, 1, 1, 2, 0, 1, 0, 0, 0, 0, 2, 2]|[0, 4, 3, 0, 1, 1, 2, 4, 1, 1, 2, 4, 1, 4, 1, 1, 1, 2, 2, 2, 2, 1, 1, 1, 2, 3, 2, 3, 0, 4, 1, 0, 3, 2, 2, 2, 1, 1, 1, 0, 2, 0, 1, 2, 1, 3, 1, 4, 2, 0, 3, 2, 1, 2, 1, 1, 4, 1, 1, 1, 2, 3, 0, 2, 4, 3, 1, 4, 1, 1, 1, 4, 4, 2, 1, 1, 1, 2, 1, 3, 0, 1, 1, 1, 1, 3, 1, 1, 1, 4, 3, 1, 1, 1, 2, 2, 2, 2, 1, 1]|[3, 0, 2, 3, 0, 0, 1, 0, 0, 0, 1, 0, 0, 3, 0, 0, 1, 1, 1, 2, 1, 0, 0, 0, 0, 0, 0, 0, 0, 3, 1, 0, 2, 1, 1, 1, 0, 0, 0, 0, 1, 1, 0, 0, 0, 0, 1, 3, 2, 0, 0, 1, 0, 1, 0, 0, 2, 0, 0, 0, 1, 2, 1, 1, 0, 0, 1, 1, 3, 3, 0, 3, 3, 1, 0, 0, 0, 1, 0, 0, 0, 0, 0, 1, 2, 2, 0, 0, 0, 0, 2, 0, 1, 1, 0, 0, 0, 0, 0, 0],705.0470749739228,58445.79123614564,95781.2895945797,false
48,G4_BALANCED,G4_BALANCED,[31, 11, 15, 82, 26, 9, 95, 32, 77, 68, 47, 5, 93, 78, 86, 54, 85, 63, 18, 44, 20, 49, 36, 14, 74, 50, 53, 17, 21, 45, 71, 64, 3, 23, 30, 83, 24, 41, 60, 52, 65, 27, 90, 70, 39, 87, 48, 69, 99, 4, 46, 1, 13, 58, 97, 59, 28, 8, 73, 37, 35, 79, 22, 66, 76, 42, 40, 80, 96, 6, 16, 61, 33, 7, 57, 34, 12, 67, 10, 98, 56, 88, 29, 75, 91, 38, 19, 92, 43, 84, 51, 72, 81, 0, 2, 55, 94, 89, 62, 25]|[2, 1, 1, 2, 1, 2, 1, 1, 1, 1, 1, 0, 2, 2, 1, 2, 0, 0, 0, 2, 2, 1, 0, 2, 0, 2, 2, 1, 0, 1, 1, 1, 0, 0, 1, 0, 2, 1, 2, 2, 0, 0, 1, 1, 0, 2, 0, 2, 1, 0, 0, 2, 0, 0, 2, 0, 1, 1, 0, 0, 2, 1, 0, 2, 2, 0, 2, 2, 0, 1, 2, 1, 1, 2, 0, 1, 1, 1, 1, 2, 2, 1, 1, 0, 1, 0, 1, 0, 1, 0, 1, 1, 1, 0, 2, 0, 2, 1, 1, 1]|[1, 3, 2, 0, 4, 1, 4, 4, 2, 4, 3, 2, 1, 0, 2, 1, 1, 1, 2, 1, 1, 3, 0, 1, 0, 1, 1, 4, 1, 4, 3, 2, 2, 0, 4, 1, 1, 4, 0, 1, 2, 1, 4, 4, 1, 1, 0, 2, 3, 2, 2, 1, 2, 1, 1, 2, 4, 3, 0, 2, 2, 3, 1, 0, 1, 2, 0, 1, 2, 4, 1, 3, 4, 1, 2, 4, 3, 3, 3, 1, 1, 4, 3, 2, 3, 2, 4, 2, 4, 2, 3, 4, 1, 2, 1, 2, 1, 4, 3, 4]|[1, 2, 1, 0, 3, 0, 1, 3, 0, 0, 2, 0, 1, 0, 1, 0, 0, 0, 1, 0, 0, 2, 0, 0, 1, 0, 0, 3, 0, 1, 0, 2, 0, 1, 3, 0, 1, 3, 1, 0, 0, 0, 1, 3, 0, 0, 1, 0, 2, 0, 0, 0, 0, 0, 1, 0, 1, 0, 1, 1, 0, 2, 0, 0, 0, 0, 0, 0, 0, 2, 0, 0, 1, 0, 0, 1, 0, 0, 3, 0, 0, 1, 0, 0, 0, 0, 3, 0, 2, 0, 0, 2, 1, 0, 0, 0, 0, 1, 0, 3],846.6109372053031,52128.769557101376,106800.59864073119,false
48,G2_TEC,G2_TEC,[31, 22, 82, 15, 26, 9, 95, 42, 77, 68, 47, 5, 93, 78, 86, 54, 85, 63, 18, 44, 20, 49, 36, 14, 74, 50, 53, 17, 21, 28, 11, 64, 3, 23, 30, 83, 24, 41, 40, 52, 65, 27, 90, 70, 39, 87, 48, 69, 99, 4, 75, 1, 13, 58, 97, 59, 45, 8, 73, 37, 35, 79, 71, 66, 76, 32, 60, 80, 56, 6, 67, 61, 33, 7, 57, 34, 12, 16, 10, 98, 96, 88, 43, 81, 91, 2, 84, 29, 92, 19, 51, 55, 89, 25, 72, 46, 94, 38, 62, 0]|[2, 1, 2, 1, 1, 2, 1, 1, 1, 1, 1, 0, 2, 2, 1, 2, 0, 0, 0, 2, 2, 1, 0, 2, 0, 2, 2, 1, 0, 1, 1, 1, 0, 0, 1, 0, 2, 1, 2, 2, 0, 0, 1, 1, 0, 2, 0, 2, 1, 0, 0, 2, 0, 2, 2, 0, 1, 1, 0, 0, 2, 1, 1, 2, 2, 0, 2, 2, 2, 1, 2, 1, 1, 2, 0, 1, 1, 2, 1, 2, 0, 1, 1, 1, 1, 0, 0, 1, 0, 1, 1, 0, 1, 1, 1, 0, 2, 0, 1, 0]|[0, 3, 0, 3, 4, 1, 4, 4, 4, 4, 3, 2, 1, 0, 2, 1, 1, 1, 2, 1, 1, 3, 0, 1, 0, 1, 1, 4, 1, 4, 3, 2, 2, 0, 4, 1, 1, 4, 1, 1, 2, 1, 4, 4, 1, 1, 0, 1, 3, 2, 2, 1, 2, 1, 1, 2, 4, 3, 0, 2, 1, 3, 3, 1, 1, 2, 1, 1, 1, 4, 1, 3, 4, 1, 2, 4, 3, 1, 3, 1, 2, 4, 4, 4, 3, 2, 2, 3, 2, 4, 3, 2, 4, 4, 4, 2, 1, 2, 3, 2]|[0, 2, 0, 0, 3, 0, 1, 3, 1, 0, 2, 0, 1, 0, 1, 0, 0, 0, 1, 0, 0, 2, 0, 0, 1, 0, 0, 3, 0, 1, 0, 2, 0, 0, 3, 0, 1, 1, 0, 0, 0, 0, 1, 3, 0, 0, 1, 0, 2, 0, 0, 0, 0, 0, 1, 0, 1, 0, 1, 1, 0, 2, 0, 0, 0, 0, 0, 0, 0, 2, 0, 0, 1, 0, 0, 1, 0, 0, 3, 0, 0, 1, 2, 2, 0, 0, 0, 3, 0, 1, 0, 0, 1, 3, 1, 0, 0, 0, 0, 0],910.6024065900936,48491.8951558845,107376.01945264004,false
48,G3_TWC,G3_TWC,[31, 22, 42, 15, 26, 58, 95, 82, 77, 12, 47, 5, 93, 78, 98, 54, 85, 63, 18, 44, 20, 35, 43, 97, 91, 76, 10, 30, 21, 45, 71, 64, 1, 23, 17, 83, 24, 61, 60, 36, 6, 57, 94, 88, 65, 56, 79, 40, 67, 68, 46, 75, 38, 9, 19, 32, 81, 41, 27, 62, 87, 90, 99, 59, 11, 16, 72, 73, 70, 39, 37, 84, 3, 92, 25, 74, 28, 29, 51, 7, 53, 14, 86, 48, 89, 50, 66, 96, 33, 80, 4, 8, 55, 49, 0, 52, 69, 2, 13, 34]|[1, 1, 0, 1, 1, 1, 2, 1, 2, 1, 2, 2, 2, 1, 1, 0, 0, 1, 0, 2, 2, 0, 1, 2, 0, 1, 2, 2, 0, 0, 1, 2, 1, 2, 1, 0, 2, 0, 1, 1, 0, 1, 1, 1, 0, 2, 1, 1, 0, 0, 0, 0, 1, 1, 2, 1, 2, 0, 0, 0, 2, 1, 0, 1, 2, 1, 2, 1, 1, 1, 1, 1, 2, 0, 1, 2, 0, 0, 0, 1, 0, 1, 0, 0, 1, 0, 0, 0, 2, 0, 0, 1, 1, 0, 0, 1, 1, 0, 0, 2]|[4, 3, 2, 2, 0, 0, 2, 2, 2, 4, 1, 1, 2, 4, 4, 1, 1, 4, 2, 1, 1, 1, 1, 2, 1, 2, 1, 1, 1, 1, 3, 2, 3, 0, 4, 0, 1, 1, 0, 3, 2, 2, 4, 0, 1, 1, 3, 2, 0, 1, 2, 2, 1, 4, 0, 3, 2, 1, 1, 2, 1, 3, 1, 1, 1, 3, 0, 4, 3, 1, 4, 1, 1, 2, 4, 1, 2, 1, 1, 3, 2, 3, 1, 1, 1, 1, 1, 1, 1, 1, 2, 3, 4, 1, 2, 1, 3, 2, 2, 1]|[0, 2, 1, 1, 3, 3, 0, 1, 0, 0, 0, 0, 1, 0, 1, 0, 0, 3, 1, 0, 0, 0, 3, 1, 0, 2, 0, 0, 0, 1, 0, 0, 0, 0, 3, 0, 1, 0, 0, 2, 1, 1, 2, 0, 0, 0, 0, 1, 1, 0, 0, 0, 1, 3, 0, 0, 1, 0, 0, 1, 0, 2, 0, 1, 0, 2, 1, 0, 0, 1, 1, 3, 0, 1, 3, 0, 1, 0, 0, 2, 1, 0, 0, 0, 1, 0, 0, 0, 0, 0, 1, 2, 3, 1, 0, 1, 0, 0, 0, 0],802.5281847645216,57652.86795409501,87938.17744329936,false
48,G1_CMAX,G1_CMAX,[31, 22, 90, 26, 58, 95, 42, 12, 93, 5, 78, 86, 98, 18, 20, 35, 3, 97, 91, 76, 10, 85, 54, 45, 63, 71, 66, 1, 23, 17, 24, 60, 36, 6, 57, 15, 65, 56, 47, 79, 94, 67, 50, 46, 14, 75, 38, 9, 30, 19, 32, 81, 27, 92, 83, 87, 40, 99, 59, 11, 53, 16, 72, 77, 73, 70, 39, 37, 84, 43, 62, 25, 55, 28, 29, 51, 68, 82, 74, 61, 88, 21, 80, 89, 7, 69, 96, 41, 48, 4, 8, 34, 49, 52, 0, 44, 13, 2, 64, 33]|[1, 1, 1, 1, 0, 2, 1, 1, 2, 2, 2, 1, 0, 1, 2, 2, 1, 2, 0, 1, 2, 2, 2, 0, 0, 1, 2, 1, 2, 1, 2, 1, 1, 0, 1, 1, 0, 2, 2, 1, 1, 0, 0, 0, 0, 1, 1, 1, 1, 2, 1, 2, 2, 0, 0, 2, 1, 0, 0, 2, 0, 1, 2, 2, 1, 1, 1, 1, 1, 1, 0, 1, 1, 0, 0, 0, 0, 0, 2, 1, 1, 0, 0, 1, 1, 1, 2, 2, 0, 1, 1, 2, 0, 1, 0, 0, 0, 0, 2, 2]|[0, 4, 3, 0, 1, 1, 2, 4, 1, 1, 2, 4, 1, 4, 1, 1, 1, 2, 2, 2, 2, 1, 1, 1, 2, 3, 2, 3, 0, 4, 1, 0, 3, 2, 2, 2, 1, 1, 1, 0, 2, 0, 1, 2, 1, 3, 1, 4, 2, 0, 3, 2, 1, 2, 1, 1, 4, 1, 1, 1, 2, 3, 0, 2, 4, 3, 1, 4, 1, 1, 1, 4, 4, 2, 1, 1, 1, 2, 1, 3, 0, 1, 1, 1, 1, 3, 1, 1, 1, 4, 3, 1, 1, 1, 2, 2, 2, 2, 1, 1]|[3, 0, 2, 3, 0, 0, 1, 0, 0, 0, 1, 0, 0, 3, 0, 0, 1, 1, 1, 2, 1, 0, 0, 0, 0, 0, 0, 0, 0, 3, 1, 0, 2, 1, 1, 1, 0, 0, 0, 0, 1, 1, 0, 0, 0, 0, 1, 3, 2, 0, 0, 1, 0, 1, 0, 0, 2, 0, 0, 0, 1, 2, 1, 1, 0, 0, 1, 1, 3, 3, 0, 3, 3, 1, 0, 0, 0, 1, 0, 0, 0, 0, 0, 1, 2, 2, 0, 0, 0, 0, 2, 0, 1, 1, 0, 0, 0, 0, 0, 0],705.0470749739228,58445.79123614564,95781.2895945797,false
48,G4_BALANCED,G4_BALANCED,[31, 11, 15, 82, 26, 9, 95, 32, 77, 68, 47, 5, 93, 78, 86, 54, 85, 63, 18, 44, 20, 49, 36, 14, 74, 50, 53, 17, 21, 45, 71, 64, 3, 23, 30, 83, 24, 41, 60, 52, 65, 27, 90, 70, 39, 87, 48, 69, 99, 4, 46, 1, 13, 58, 97, 59, 28, 8, 73, 37, 35, 79, 22, 66, 76, 42, 40, 80, 96, 6, 16, 61, 33, 7, 57, 34, 12, 67, 10, 98, 56, 88, 29, 75, 91, 38, 19, 92, 43, 84, 51, 72, 81, 0, 2, 55, 94, 89, 62, 25]|[2, 1, 1, 2, 1, 2, 1, 1, 1, 1, 1, 0, 2, 2, 1, 2, 0, 0, 0, 2, 2, 1, 0, 2, 0, 2, 2, 1, 0, 1, 1, 1, 0, 0, 1, 0, 2, 1, 2, 2, 0, 0, 1, 1, 0, 2, 0, 2, 1, 0, 0, 2, 0, 0, 2, 0, 1, 1, 0, 0, 2, 1, 0, 2, 2, 0, 2, 2, 0, 1, 2, 1, 1, 2, 0, 1, 1, 1, 1, 2, 2, 1, 1, 0, 1, 0, 1, 0, 1, 0, 1, 1, 1, 0, 2, 0, 2, 1, 1, 1]|[1, 3, 2, 0, 4, 1, 4, 4, 2, 4, 3, 2, 1, 0, 2, 1, 1, 1, 2, 1, 1, 3, 0, 1, 0, 1, 1, 4, 1, 4, 3, 2, 2, 0, 4, 1, 1, 4, 0, 1, 2, 1, 4, 4, 1, 1, 0, 2, 3, 2, 2, 1, 2, 1, 1, 2, 4, 3, 0, 2, 2, 3, 1, 0, 1, 2, 0, 1, 2, 4, 1, 3, 4, 1, 2, 4, 3, 3, 3, 1, 1, 4, 3, 2, 3, 2, 4, 2, 4, 2, 3, 4, 1, 2, 1, 2, 1, 4, 3, 4]|[1, 2, 1, 0, 3, 0, 1, 3, 0, 0, 2, 0, 1, 0, 1, 0, 0, 0, 1, 0, 0, 2, 0, 0, 1, 0, 0, 3, 0, 1, 0, 2, 0, 1, 3, 0, 1, 3, 1, 0, 0, 0, 1, 3, 0, 0, 1, 0, 2, 0, 0, 0, 0, 0, 1, 0, 1, 0, 1, 1, 0, 2, 0, 0, 0, 0, 0, 0, 0, 2, 0, 0, 1, 0, 0, 1, 0, 0, 3, 0, 0, 1, 0, 0, 0, 0, 3, 0, 2, 0, 0, 2, 1, 0, 0, 0, 0, 1, 0, 3],846.6109372053031,52128.769557101376,106800.59864073119,false
48,G2_TEC,G2_TEC,[31, 22, 82, 15, 26, 9, 95, 42, 77, 68, 47, 5, 93, 78, 86, 54, 85, 63, 18, 44, 20, 49, 36, 14, 74, 50, 53, 17, 21, 28, 11, 64, 3, 23, 30, 83, 24, 41, 40, 52, 65, 27, 90, 70, 39, 87, 48, 69, 99, 4, 75, 1, 13, 58, 97, 59, 45, 8, 73, 37, 35, 79, 71, 66, 76, 32, 60, 80, 56, 6, 67, 61, 33, 7, 57, 34, 12, 16, 10, 98, 96, 88, 43, 81, 91, 2, 84, 29, 92, 19, 51, 55, 89, 25, 72, 46, 94, 38, 62, 0]|[2, 1, 2, 1, 1, 2, 1, 1, 1, 1, 1, 0, 2, 2, 1, 2, 0, 0, 0, 2, 2, 1, 0, 2, 0, 2, 2, 1, 0, 1, 1, 1, 0, 0, 1, 0, 2, 1, 2, 2, 0, 0, 1, 1, 0, 2, 0, 2, 1, 0, 0, 2, 0, 2, 2, 0, 1, 1, 0, 0, 2, 1, 1, 2, 2, 0, 2, 2, 2, 1, 2, 1, 1, 2, 0, 1, 1, 2, 1, 2, 0, 1, 1, 1, 1, 0, 0, 1, 0, 1, 1, 0, 1, 1, 1, 0, 2, 0, 1, 0]|[0, 3, 0, 3, 4, 1, 4, 4, 4, 4, 3, 2, 1, 0, 2, 1, 1, 1, 2, 1, 1, 3, 0, 1, 0, 1, 1, 4, 1, 4, 3, 2, 2, 0, 4, 1, 1, 4, 1, 1, 2, 1, 4, 4, 1, 1, 0, 1, 3, 2, 2, 1, 2, 1, 1, 2, 4, 3, 0, 2, 1, 3, 3, 1, 1, 2, 1, 1, 1, 4, 1, 3, 4, 1, 2, 4, 3, 1, 3, 1, 2, 4, 4, 4, 3, 2, 2, 3, 2, 4, 3, 2, 4, 4, 4, 2, 1, 2, 3, 2]|[0, 2, 0, 0, 3, 0, 1, 3, 1, 0, 2, 0, 1, 0, 1, 0, 0, 0, 1, 0, 0, 2, 0, 0, 1, 0, 0, 3, 0, 1, 0, 2, 0, 0, 3, 0, 1, 1, 0, 0, 0, 0, 1, 3, 0, 0, 1, 0, 2, 0, 0, 0, 0, 0, 1, 0, 1, 0, 1, 1, 0, 2, 0, 0, 0, 0, 0, 0, 0, 2, 0, 0, 1, 0, 0, 1, 0, 0, 3, 0, 0, 1, 2, 2, 0, 0, 0, 3, 0, 1, 0, 0, 1, 3, 1, 0, 0, 0, 0, 0],910.6024065900936,48491.8951558845,107376.01945264004,false
48,G3_TWC,G3_TWC,[31, 22, 42, 15, 26, 58, 95, 82, 77, 12, 47, 5, 93, 78, 98, 54, 85, 63, 18, 44, 20, 35, 43, 97, 91, 76, 10, 30, 21, 45, 71, 64, 1, 23, 17, 83, 24, 61, 60, 36, 6, 57, 94, 88, 65, 56, 79, 40, 67, 68, 46, 75, 38, 9, 19, 32, 81, 41, 27, 62, 87, 90, 99, 59, 11, 16, 72, 73, 70, 39, 37, 84, 3, 92, 25, 74, 28, 29, 51, 7, 53, 14, 86, 48, 89, 50, 66, 96, 33, 80, 4, 8, 55, 49, 0, 52, 69, 2, 13, 34]|[1, 1, 0, 1, 1, 1, 2, 1, 2, 1, 2, 2, 2, 1, 1, 0, 0, 1, 0, 2, 2, 0, 1, 2, 0, 1, 2, 2, 0, 0, 1, 2, 1, 2, 1, 0, 2, 0, 1, 1, 0, 1, 1, 1, 0, 2, 1, 1, 0, 0, 0, 0, 1, 1, 2, 1, 2, 0, 0, 0, 2, 1, 0, 1, 2, 1, 2, 1, 1, 1, 1, 1, 2, 0, 1, 2, 0, 0, 0, 1, 0, 1, 0, 0, 1, 0, 0, 0, 2, 0, 0, 1, 1, 0, 0, 1, 1, 0, 0, 2]|[4, 3, 2, 2, 0, 0, 2, 2, 2, 4, 1, 1, 2, 4, 4, 1, 1, 4, 2, 1, 1, 1, 1, 2, 1, 2, 1, 1, 1, 1, 3, 2, 3, 0, 4, 0, 1, 1, 0, 3, 2, 2, 4, 0, 1, 1, 3, 2, 0, 1, 2, 2, 1, 4, 0, 3, 2, 1, 1, 2, 1, 3, 1, 1, 1, 3, 0, 4, 3, 1, 4, 1, 1, 2, 4, 1, 2, 1, 1, 3, 2, 3, 1, 1, 1, 1, 1, 1, 1, 1, 2, 3, 4, 1, 2, 1, 3, 2, 2, 1]|[0, 2, 1, 1, 3, 3, 0, 1, 0, 0, 0, 0, 1, 0, 1, 0, 0, 3, 1, 0, 0, 0, 3, 1, 0, 2, 0, 0, 0, 1, 0, 0, 0, 0, 3, 0, 1, 0, 0, 2, 1, 1, 2, 0, 0, 0, 0, 1, 1, 0, 0, 0, 1, 3, 0, 0, 1, 0, 0, 1, 0, 2, 0, 1, 0, 2, 1, 0, 0, 1, 1, 3, 0, 1, 3, 0, 1, 0, 0, 2, 1, 0, 0, 0, 1, 0, 0, 0, 0, 0, 1, 2, 3, 1, 0, 1, 0, 0, 0, 0],802.5281847645216,57652.86795409501,87938.17744329936,false
48,G1_CMAX,G1_CMAX,[31, 22, 90, 26, 58, 95, 42, 12, 93, 5, 78, 86, 98, 18, 20, 35, 3, 97, 91, 76, 10, 85, 54, 45, 63, 71, 66, 1, 23, 17, 24, 60, 36, 6, 57, 15, 65, 56, 47, 79, 94, 67, 50, 46, 14, 75, 38, 9, 30, 19, 32, 81, 27, 92, 83, 87, 40, 99, 59, 11, 53, 16, 72, 77, 73, 70, 39, 37, 84, 43, 62, 25, 55, 28, 29, 51, 68, 82, 74, 61, 88, 21, 80, 89, 7, 69, 96, 41, 48, 4, 8, 34, 49, 52, 0, 44, 13, 2, 64, 33]|[1, 1, 1, 1, 0, 2, 1, 1, 2, 2, 2, 1, 0, 1, 2, 2, 1, 2, 0, 1, 2, 2, 2, 0, 0, 1, 2, 1, 2, 1, 2, 1, 1, 0, 1, 1, 0, 2, 2, 1, 1, 0, 0, 0, 0, 1, 1, 1, 1, 2, 1, 2, 2, 0, 0, 2, 1, 0, 0, 2, 0, 1, 2, 2, 1, 1, 1, 1, 1, 1, 0, 1, 1, 0, 0, 0, 0, 0, 2, 1, 1, 0, 0, 1, 1, 1, 2, 2, 0, 1, 1, 2, 0, 1, 0, 0, 0, 0, 2, 2]|[0, 4, 3, 0, 1, 1, 2, 4, 1, 1, 2, 4, 1, 4, 1, 1, 1, 2, 2, 2, 2, 1, 1, 1, 2, 3, 2, 3, 0, 4, 1, 0, 3, 2, 2, 2, 1, 1, 1, 0, 2, 0, 1, 2, 1, 3, 1, 4, 2, 0, 3, 2, 1, 2, 1, 1, 4, 1, 1, 1, 2, 3, 0, 2, 4, 3, 1, 4, 1, 1, 1, 4, 4, 2, 1, 1, 1, 2, 1, 3, 0, 1, 1, 1, 1, 3, 1, 1, 1, 4, 3, 1, 1, 1, 2, 2, 2, 2, 1, 1]|[3, 0, 2, 3, 0, 0, 1, 0, 0, 0, 1, 0, 0, 3, 0, 0, 1, 1, 1, 2, 1, 0, 0, 0, 0, 0, 0, 0, 0, 3, 1, 0, 2, 1, 1, 1, 0, 0, 0, 0, 1, 1, 0, 0, 0, 0, 1, 3, 2, 0, 0, 1, 0, 1, 0, 0, 2, 0, 0, 0, 1, 2, 1, 1, 0, 0, 1, 1, 3, 3, 0, 3, 3, 1, 0, 0, 0, 1, 0, 0, 0, 0, 0, 1, 2, 2, 0, 0, 0, 0, 2, 0, 1, 1, 0, 0, 0, 0, 0, 0],705.0470749739228,58445.79123614564,95781.2895945797,false
48,G4_BALANCED,G4_BALANCED,[31, 22, 82, 15, 26, 58, 95, 42, 77, 12, 47, 5, 93, 78, 86, 54, 85, 63, 18, 44, 20, 35, 43, 97, 66, 76, 10, 30, 21, 45, 71, 64, 1, 23, 17, 83, 24, 14, 60, 36, 6, 57, 40, 88, 65, 56, 79, 94, 67, 68, 46, 29, 38, 9, 19, 32, 41, 81, 27, 62, 87, 90, 99, 59, 11, 16, 72, 73, 69, 39, 84, 70, 3, 92, 25, 55, 75, 28, 51, 7, 33, 61, 48, 98, 89, 50, 4, 96, 53, 8, 91, 80, 34, 49, 52, 0, 13, 2, 37, 74]|[1, 1, 0, 1, 1, 0, 1, 2, 2, 1, 2, 2, 2, 1, 1, 0, 0, 1, 0, 2, 2, 0, 0, 2, 2, 1, 2, 2, 0, 0, 1, 2, 1, 2, 1, 0, 2, 0, 1, 1, 0, 1, 1, 1, 0, 2, 2, 1, 0, 0, 0, 0, 1, 1, 2, 1, 0, 2, 0, 2, 2, 1, 0, 1, 2, 1, 2, 1, 1, 1, 1, 1, 1, 0, 1, 2, 0, 0, 0, 1, 2, 1, 0, 2, 1, 0, 1, 2, 0, 1, 0, 0, 2, 0, 1, 0, 0, 0, 1, 2]|[4, 3, 2, 2, 4, 1, 2, 2, 2, 4, 1, 1, 2, 4, 4, 1, 2, 4, 2, 1, 1, 1, 1, 2, 1, 2, 1, 1, 1, 1, 3, 2, 3, 1, 4, 0, 1, 1, 0, 3, 2, 2, 2, 0, 1, 1, 1, 4, 0, 1, 2, 1, 1, 4, 0, 3, 1, 1, 1, 1, 1, 3, 1, 1, 1, 3, 1, 4, 4, 4, 1, 3, 1, 0, 4, 1, 1, 2, 1, 1, 1, 3, 1, 1, 1, 1, 4, 1, 2, 3, 1, 1, 1, 1, 1, 2, 2, 2, 4, 1]|[0, 2, 1, 1, 3, 0, 1, 0, 0, 0, 0, 0, 1, 0, 1, 0, 0, 3, 1, 0, 0, 0, 0, 1, 0, 2, 0, 0, 0, 0, 0, 0, 0, 0, 3, 0, 1, 0, 0, 2, 1, 1, 1, 0, 0, 0, 0, 2, 1, 0, 0, 0, 1, 3, 0, 0, 0, 0, 0, 0, 0, 2, 0, 1, 0, 2, 0, 0, 2, 1, 3, 0, 1, 1, 3, 0, 0, 1, 0, 2, 0, 0, 0, 0, 1, 0, 0, 0, 1, 2, 0, 0, 0, 1, 1, 0, 0, 0, 1, 0],821.9358107439288,54885.39358643736,102427.86673951944,false
48,G2_TEC,G2_TEC,[31, 22, 82, 15, 26, 9, 95, 42, 77, 68, 47, 5, 93, 78, 86, 54, 85, 63, 18, 44, 20, 49, 36, 14, 74, 50, 53, 17, 21, 28, 11, 64, 3, 23, 30, 83, 24, 41, 40, 52, 65, 27, 90, 70, 39, 87, 48, 69, 99, 4, 75, 1, 13, 58, 97, 59, 45, 8, 73, 37, 35, 79, 71, 66, 76, 32, 60, 80, 56, 6, 67, 61, 33, 7, 57, 34, 12, 16, 10, 98, 96, 88, 43, 81, 91, 2, 84, 29, 92, 19, 51, 55, 89, 25, 72, 46, 94, 38, 62, 0]|[2, 1, 2, 1, 1, 2, 1, 1, 1, 1, 1, 0, 2, 2, 1, 2, 0, 0, 0, 2, 2, 1, 0, 2, 0, 2, 2, 1, 0, 1, 1, 1, 0, 0, 1, 0, 2, 1, 2, 2, 0, 0, 1, 1, 0, 2, 0, 2, 1, 0, 0, 2, 0, 2, 2, 0, 1, 1, 0, 0, 2, 1, 1, 2, 2, 0, 2, 2, 2, 1, 2, 1, 1, 2, 0, 1, 1, 2, 1, 2, 0, 1, 1, 1, 1, 0, 0, 1, 0, 1, 1, 0, 1, 1, 1, 0, 2, 0, 1, 0]|[0, 3, 0, 3, 4, 1, 4, 4, 4, 4, 3, 2, 1, 0, 2, 1, 1, 1, 2, 1, 1, 3, 0, 1, 0, 1, 1, 4, 1, 4, 3, 2, 2, 0, 4, 1, 1, 4, 1, 1, 2, 1, 4, 4, 1, 1, 0, 1, 3, 2, 2, 1, 2, 1, 1, 2, 4, 3, 0, 2, 1, 3, 3, 1, 1, 2, 1, 1, 1, 4, 1, 3, 4, 1, 2, 4, 3, 1, 3, 1, 2, 4, 4, 4, 3, 2, 2, 3, 2, 4, 3, 2, 4, 4, 4, 2, 1, 2, 3, 2]|[0, 2, 0, 0, 3, 0, 1, 3, 1, 0, 2, 0, 1, 0, 1, 0, 0, 0, 1, 0, 0, 2, 0, 0, 1, 0, 0, 3, 0, 1, 0, 2, 0, 0, 3, 0, 1, 1, 0, 0, 0, 0, 1, 3, 0, 0, 1, 0, 2, 0, 0, 0, 0, 0, 1, 0, 1, 0, 1, 1, 0, 2, 0, 0, 0, 0, 0, 0, 0, 2, 0, 0, 1, 0, 0, 1, 0, 0, 3, 0, 0, 1, 2, 2, 0, 0, 0, 3, 0, 1, 0, 0, 1, 3, 1, 0, 0, 0, 0, 0],910.6024065900936,48491.8951558845,107376.01945264004,false
48,G3_TWC,G3_TWC,[31, 22, 42, 15, 26, 58, 95, 82, 77, 12, 47, 5, 93, 78, 98, 54, 85, 63, 18, 44, 20, 35, 43, 97, 91, 76, 10, 30, 21, 45, 71, 64, 1, 23, 17, 83, 24, 61, 60, 36, 6, 57, 94, 88, 65, 56, 79, 40, 67, 68, 46, 75, 38, 9, 19, 32, 81, 41, 27, 62, 87, 90, 99, 59, 11, 16, 72, 73, 70, 39, 37, 84, 3, 92, 25, 74, 28, 29, 51, 7, 53, 14, 86, 48, 89, 50, 66, 96, 33, 80, 4, 8, 55, 49, 0, 52, 69, 2, 13, 34]|[1, 1, 0, 1, 1, 1, 2, 1, 2, 1, 2, 2, 2, 1, 1, 0, 0, 1, 0, 2, 2, 0, 1, 2, 0, 1, 2, 2, 0, 0, 1, 2, 1, 2, 1, 0, 2, 0, 1, 1, 0, 1, 1, 1, 0, 2, 1, 1, 0, 0, 0, 0, 1, 1, 2, 1, 2, 0, 0, 0, 2, 1, 0, 1, 2, 1, 2, 1, 1, 1, 1, 1, 2, 0, 1, 2, 0, 0, 0, 1, 0, 1, 0, 0, 1, 0, 0, 0, 2, 0, 0, 1, 1, 0, 0, 1, 1, 0, 0, 2]|[4, 3, 2, 2, 0, 0, 2, 2, 2, 4, 1, 1, 2, 4, 4, 1, 1, 4, 2, 1, 1, 1, 1, 2, 1, 2, 1, 1, 1, 1, 3, 2, 3, 0, 4, 0, 1, 1, 0, 3, 2, 2, 4, 0, 1, 1, 3, 2, 0, 1, 2, 2, 1, 4, 0, 3, 2, 1, 1, 2, 1, 3, 1, 1, 1, 3, 0, 4, 3, 1, 4, 1, 1, 2, 4, 1, 2, 1, 1, 3, 2, 3, 1, 1, 1, 1, 1, 1, 1, 1, 2, 3, 4, 1, 2, 1, 3, 2, 2, 1]|[0, 2, 1, 1, 3, 3, 0, 1, 0, 0, 0, 0, 1, 0, 1, 0, 0, 3, 1, 0, 0, 0, 3, 1, 0, 2, 0, 0, 0, 1, 0, 0, 0, 0, 3, 0, 1, 0, 0, 2, 1, 1, 2, 0, 0, 0, 0, 1, 1, 0, 0, 0, 1, 3, 0, 0, 1, 0, 0, 1, 0, 2, 0, 1, 0, 2, 1, 0, 0, 1, 1, 3, 0, 1, 3, 0, 1, 0, 0, 2, 1, 0, 0, 0, 1, 0, 0, 0, 0, 0, 1, 2, 3, 1, 0, 1, 0, 0, 0, 0],802.5281847645216,57652.86795409501,87938.17744329936,false
49,G1_CMAX,G1_CMAX,[31, 22, 90, 26, 58, 95, 42, 12, 93, 5, 78, 86, 98, 18, 20, 35, 3, 97, 91, 76, 10, 85, 54, 45, 63, 71, 66, 1, 23, 17, 24, 60, 36, 6, 57, 15, 65, 56, 47, 79, 94, 67, 50, 46, 14, 75, 38, 9, 30, 19, 32, 81, 27, 92, 83, 87, 40, 99, 59, 11, 53, 16, 72, 77, 73, 70, 39, 37, 84, 43, 62, 25, 55, 28, 29, 51, 68, 82, 74, 61, 88, 21, 80, 89, 7, 69, 96, 41, 48, 4, 8, 34, 49, 52, 0, 44, 13, 2, 64, 33]|[1, 1, 1, 1, 0, 2, 1, 1, 2, 2, 2, 1, 0, 1, 2, 2, 1, 2, 0, 1, 2, 2, 2, 0, 0, 1, 2, 1, 2, 1, 2, 1, 1, 0, 1, 1, 0, 2, 2, 1, 1, 0, 0, 0, 0, 1, 1, 1, 1, 2, 1, 2, 2, 0, 0, 2, 1, 0, 0, 2, 0, 1, 2, 2, 1, 1, 1, 1, 1, 1, 0, 1, 1, 0, 0, 0, 0, 0, 2, 1, 1, 0, 0, 1, 1, 1, 2, 2, 0, 1, 1, 2, 0, 1, 0, 0, 0, 0, 2, 2]|[0, 4, 3, 0, 1, 1, 2, 4, 1, 1, 2, 4, 1, 4, 1, 1, 1, 2, 2, 2, 2, 1, 1, 1, 2, 3, 2, 3, 0, 4, 1, 0, 3, 2, 2, 2, 1, 1, 1, 0, 2, 0, 1, 2, 1, 3, 1, 4, 2, 0, 3, 2, 1, 2, 1, 1, 4, 1, 1, 1, 2, 3, 0, 2, 4, 3, 1, 4, 1, 1, 1, 4, 4, 2, 1, 1, 1, 2, 1, 3, 0, 1, 1, 1, 1, 3, 1, 1, 1, 4, 3, 1, 1, 1, 2, 2, 2, 2, 1, 1]|[3, 0, 2, 3, 0, 0, 1, 0, 0, 0, 1, 0, 0, 3, 0, 0, 1, 1, 1, 2, 1, 0, 0, 0, 0, 0, 0, 0, 0, 3, 1, 0, 2, 1, 1, 1, 0, 0, 0, 0, 1, 1, 0, 0, 0, 0, 1, 3, 2, 0, 0, 1, 0, 1, 0, 0, 2, 0, 0, 0, 1, 2, 1, 1, 0, 0, 1, 1, 3, 3, 0, 3, 3, 1, 0, 0, 0, 1, 0, 0, 0, 0, 0, 1, 2, 2, 0, 0, 0, 0, 2, 0, 1, 1, 0, 0, 0, 0, 0, 0],705.0470749739228,58445.79123614564,95781.2895945797,false
49,G4_BALANCED,G4_BALANCED,[31, 22, 42, 15, 26, 58, 95, 82, 77, 12, 47, 5, 93, 78, 98, 54, 85, 63, 18, 44, 20, 35, 43, 97, 91, 76, 10, 30, 21, 61, 71, 64, 1, 23, 17, 83, 24, 45, 60, 36, 6, 57, 94, 88, 65, 56, 79, 40, 67, 68, 46, 75, 38, 9, 19, 32, 81, 41, 27, 62, 87, 90, 99, 59, 11, 16, 72, 73, 70, 39, 37, 84, 3, 92, 25, 74, 28, 29, 51, 7, 33, 14, 48, 86, 89, 50, 66, 96, 53, 80, 4, 8, 55, 49, 52, 0, 13, 2, 69, 34]|[1, 1, 0, 1, 1, 1, 2, 1, 2, 1, 2, 2, 2, 1, 1, 0, 0, 1, 0, 2, 2, 0, 1, 2, 0, 1, 2, 2, 0, 0, 1, 2, 1, 2, 1, 0, 2, 0, 1, 1, 0, 1, 1, 1, 0, 2, 1, 1, 0, 0, 0, 0, 1, 1, 2, 1, 2, 2, 0, 0, 2, 1, 0, 1, 2, 1, 2, 1, 1, 1, 1, 1, 0, 1, 1, 2, 0, 0, 0, 1, 2, 1, 0, 2, 1, 0, 0, 2, 0, 0, 0, 1, 1, 0, 1, 0, 0, 0, 1, 2]|[4, 3, 2, 2, 0, 0, 2, 2, 2, 4, 1, 1, 2, 4, 4, 1, 1, 4, 2, 1, 1, 1, 1, 2, 1, 2, 1, 1, 1, 1, 3, 2, 3, 0, 4, 0, 1, 1, 0, 3, 2, 2, 4, 0, 1, 1, 0, 2, 0, 1, 2, 2, 1, 4, 0, 3, 2, 1, 1, 2, 1, 3, 1, 1, 1, 3, 0, 4, 3, 1, 4, 1, 1, 4, 4, 1, 2, 1, 1, 3, 1, 3, 1, 1, 1, 1, 1, 1, 2, 1, 2, 3, 4, 1, 1, 2, 2, 2, 3, 1]|[0, 2, 1, 1, 3, 3, 0, 1, 0, 0, 0, 0, 1, 0, 1, 0, 0, 3, 1, 0, 0, 0, 3, 1, 0, 2, 0, 0, 0, 1, 0, 0, 0, 0, 3, 0, 1, 0, 0, 2, 1, 1, 2, 0, 0, 0, 0, 1, 1, 0, 0, 0, 1, 3, 0, 0, 1, 0, 0, 1, 0, 2, 0, 1, 0, 2, 1, 0, 0, 1, 1, 3, 0, 0, 3, 0, 1, 0, 0, 2, 0, 0, 0, 0, 1, 0, 0, 0, 1, 0, 1, 2, 3, 1, 1, 0, 0, 0, 0, 0],730.721975091816,57045.76008190539,90638.26368525482,false
49,G2_TEC,G4_BALANCED,[31, 11, 15, 82, 26, 9, 95, 32, 77, 68, 47, 5, 93, 78, 86, 54, 85, 63, 18, 44, 20, 49, 36, 14, 74, 50, 53, 17, 21, 45, 71, 64, 3, 23, 30, 83, 24, 41, 60, 52, 65, 27, 90, 70, 39, 87, 48, 69, 99, 4, 46, 1, 13, 58, 97, 59, 28, 75, 73, 37, 35, 79, 22, 66, 76, 42, 40, 80, 96, 6, 16, 61, 33, 7, 57, 34, 12, 67, 10, 98, 8, 88, 29, 56, 91, 38, 19, 92, 43, 84, 2, 72, 81, 25, 51, 55, 62, 89, 94, 0]|[2, 1, 1, 2, 1, 2, 1, 1, 1, 1, 1, 0, 2, 2, 1, 2, 0, 0, 0, 2, 2, 1, 0, 2, 0, 2, 2, 1, 0, 1, 1, 1, 0, 0, 1, 0, 2, 1, 2, 2, 0, 0, 1, 1, 0, 2, 0, 2, 1, 0, 0, 2, 0, 0, 2, 0, 1, 0, 0, 0, 2, 1, 1, 2, 2, 0, 2, 2, 0, 1, 2, 1, 1, 2, 0, 1, 1, 1, 1, 2, 2, 1, 1, 2, 1, 0, 1, 0, 1, 0, 2, 1, 1, 1, 1, 0, 1, 1, 2, 0]|[1, 3, 2, 0, 4, 1, 4, 4, 2, 4, 3, 2, 1, 0, 2, 1, 1, 1, 2, 1, 1, 3, 0, 1, 0, 1, 1, 4, 1, 4, 3, 2, 2, 0, 4, 1, 1, 4, 0, 1, 2, 1, 4, 4, 1, 1, 0, 2, 3, 2, 2, 1, 2, 1, 1, 2, 4, 2, 0, 2, 2, 3, 3, 0, 1, 2, 1, 1, 2, 4, 1, 3, 4, 1, 2, 4, 3, 3, 3, 1, 1, 4, 3, 1, 3, 2, 4, 2, 4, 2, 1, 4, 1, 4, 3, 2, 3, 4, 1, 2]|[1, 2, 1, 0, 3, 0, 1, 3, 0, 0, 2, 0, 1, 0, 1, 0, 0, 0, 1, 0, 0, 2, 0, 0, 1, 0, 0, 3, 0, 1, 0, 2, 0, 1, 3, 0, 1, 3, 1, 0, 0, 0, 1, 3, 0, 0, 1, 0, 2, 0, 0, 0, 0, 0, 1, 0, 1, 0, 1, 1, 0, 2, 0, 0, 0, 0, 0, 0, 0, 2, 0, 0, 1, 0, 0, 1, 0, 0, 3, 0, 0, 1, 0, 0, 0, 0, 3, 0, 2, 0, 0, 2, 1, 3, 0, 0, 0, 1, 0, 0],853.9586631816869,51686.521742419325,106121.17870986674,true
49,G3_TWC,G3_TWC,[31, 22, 42, 15, 26, 58, 95, 82, 77, 12, 47, 5, 93, 78, 98, 54, 85, 63, 18, 44, 20, 35, 43, 97, 91, 76, 10, 30, 21, 45, 71, 64, 1, 23, 17, 83, 24, 61, 60, 36, 6, 57, 94, 88, 65, 56, 79, 40, 67, 68, 46, 75, 38, 9, 19, 32, 81, 41, 27, 62, 87, 90, 99, 59, 11, 16, 72, 73, 70, 39, 37, 84, 3, 92, 25, 74, 28, 29, 51, 7, 53, 14, 86, 48, 89, 50, 66, 96, 33, 80, 4, 8, 55, 49, 0, 52, 69, 2, 13, 34]|[1, 1, 0, 1, 1, 1, 2, 1, 2, 1, 2, 2, 2, 1, 1, 0, 0, 1, 0, 2, 2, 0, 1, 2, 0, 1, 2, 2, 0, 0, 1, 2, 1, 2, 1, 0, 2, 0, 1, 1, 0, 1, 1, 1, 0, 2, 1, 1, 0, 0, 0, 0, 1, 1, 2, 1, 2, 0, 0, 0, 2, 1, 0, 1, 2, 1, 2, 1, 1, 1, 1, 1, 2, 0, 1, 2, 0, 0, 0, 1, 0, 1, 0, 0, 1, 0, 0, 0, 2, 0, 0, 1, 1, 0, 0, 1, 1, 0, 0, 2]|[4, 3, 2, 2, 0, 0, 2, 2, 2, 4, 1, 1, 2, 4, 4, 1, 1, 4, 2, 1, 1, 1, 1, 2, 1, 2, 1, 1, 1, 1, 3, 2, 3, 0, 4, 0, 1, 1, 0, 3, 2, 2, 4, 0, 1, 1, 3, 2, 0, 1, 2, 2, 1, 4, 0, 3, 2, 1, 1, 2, 1, 3, 1, 1, 1, 3, 0, 4, 3, 1, 4, 1, 1, 2, 4, 1, 2, 1, 1, 3, 2, 3, 1, 1, 1, 1, 1, 1, 1, 1, 2, 3, 4, 1, 2, 1, 3, 2, 2, 1]|[0, 2, 1, 1, 3, 3, 0, 1, 0, 0, 0, 0, 1, 0, 1, 0, 0, 3, 1, 0, 0, 0, 3, 1, 0, 2, 0, 0, 0, 1, 0, 0, 0, 0, 3, 0, 1, 0, 0, 2, 1, 1, 2, 0, 0, 0, 0, 1, 1, 0, 0, 0, 1, 3, 0, 0, 1, 0, 0, 1, 0, 2, 0, 1, 0, 2, 1, 0, 0, 1, 1, 3, 0, 1, 3, 0, 1, 0, 0, 2, 1, 0, 0, 0, 1, 0, 0, 0, 0, 0, 1, 2, 3, 1, 0, 1, 0, 0, 0, 0],802.5281847645216,57652.86795409501,87938.17744329936,false
49,G1_CMAX,G1_CMAX,[31, 22, 90, 26, 58, 95, 42, 12, 93, 5, 78, 86, 98, 18, 20, 35, 3, 97, 91, 76, 10, 85, 54, 45, 63, 71, 66, 1, 23, 17, 24, 60, 36, 6, 57, 15, 65, 56, 47, 79, 94, 67, 50, 46, 14, 75, 38, 9, 30, 19, 32, 81, 27, 92, 83, 87, 40, 99, 59, 11, 53, 16, 72, 77, 73, 70, 39, 37, 84, 43, 62, 25, 55, 28, 29, 51, 68, 82, 74, 61, 88, 21, 80, 89, 7, 69, 96, 41, 48, 4, 8, 34, 49, 52, 0, 44, 13, 2, 64, 33]|[1, 1, 1, 1, 0, 2, 1, 1, 2, 2, 2, 1, 0, 1, 2, 2, 1, 2, 0, 1, 2, 2, 2, 0, 0, 1, 2, 1, 2, 1, 2, 1, 1, 0, 1, 1, 0, 2, 2, 1, 1, 0, 0, 0, 0, 1, 1, 1, 1, 2, 1, 2, 2, 0, 0, 2, 1, 0, 0, 2, 0, 1, 2, 2, 1, 1, 1, 1, 1, 1, 0, 1, 1, 0, 0, 0, 0, 0, 2, 1, 1, 0, 0, 1, 1, 1, 2, 2, 0, 1, 1, 2, 0, 1, 0, 0, 0, 0, 2, 2]|[0, 4, 3, 0, 1, 1, 2, 4, 1, 1, 2, 4, 1, 4, 1, 1, 1, 2, 2, 2, 2, 1, 1, 1, 2, 3, 2, 3, 0, 4, 1, 0, 3, 2, 2, 2, 1, 1, 1, 0, 2, 0, 1, 2, 1, 3, 1, 4, 2, 0, 3, 2, 1, 2, 1, 1, 4, 1, 1, 1, 2, 3, 0, 2, 4, 3, 1, 4, 1, 1, 1, 4, 4, 2, 1, 1, 1, 2, 1, 3, 0, 1, 1, 1, 1, 3, 1, 1, 1, 4, 3, 1, 1, 1, 2, 2, 2, 2, 1, 1]|[3, 0, 2, 3, 0, 0, 1, 0, 0, 0, 1, 0, 0, 3, 0, 0, 1, 1, 1, 2, 1, 0, 0, 0, 0, 0, 0, 0, 0, 3, 1, 0, 2, 1, 1, 1, 0, 0, 0, 0, 1, 1, 0, 0, 0, 0, 1, 3, 2, 0, 0, 1, 0, 1, 0, 0, 2, 0, 0, 0, 1, 2, 1, 1, 0, 0, 1, 1, 3, 3, 0, 3, 3, 1, 0, 0, 0, 1, 0, 0, 0, 0, 0, 1, 2, 2, 0, 0, 0, 0, 2, 0, 1, 1, 0, 0, 0, 0, 0, 0],705.0470749739228,58445.79123614564,95781.2895945797,false
49,G4_BALANCED,G4_BALANCED,[31, 22, 42, 15, 26, 58, 95, 82, 77, 12, 47, 5, 93, 78, 98, 54, 85, 63, 18, 44, 20, 35, 43, 97, 91, 76, 10, 30, 21, 61, 71, 64, 1, 23, 17, 83, 24, 45, 60, 36, 6, 57, 94, 88, 65, 56, 79, 40, 67, 68, 46, 75, 38, 9, 19, 32, 81, 41, 27, 62, 87, 90, 99, 59, 11, 16, 72, 73, 70, 39, 37, 84, 3, 92, 25, 74, 28, 29, 51, 7, 33, 14, 48, 86, 89, 50, 66, 96, 53, 80, 4, 8, 55, 49, 52, 0, 13, 2, 69, 34]|[1, 1, 0, 1, 1, 1, 2, 1, 2, 1, 2, 2, 2, 1, 1, 0, 0, 1, 0, 2, 2, 0, 1, 2, 0, 1, 2, 2, 0, 0, 1, 2, 1, 2, 1, 0, 2, 0, 1, 1, 0, 1, 1, 1, 0, 2, 1, 1, 0, 0, 0, 0, 1, 1, 2, 1, 2, 2, 0, 0, 2, 1, 0, 1, 2, 1, 2, 1, 1, 1, 1, 1, 0, 1, 1, 2, 0, 0, 0, 1, 2, 1, 0, 2, 1, 0, 0, 2, 0, 0, 0, 1, 1, 0, 1, 0, 0, 0, 1, 2]|[4, 3, 2, 2, 0, 0, 2, 2, 2, 4, 1, 1, 2, 4, 4, 1, 1, 4, 2, 1, 1, 1, 1, 2, 1, 2, 1, 1, 1, 1, 3, 2, 3, 0, 4, 0, 1, 1, 0, 3, 2, 2, 4, 0, 1, 1, 0, 2, 0, 1, 2, 2, 1, 4, 0, 3, 2, 1, 1, 2, 1, 3, 1, 1, 1, 3, 0, 4, 3, 1, 4, 1, 1, 4, 4, 1, 2, 1, 1, 3, 1, 3, 1, 1, 1, 1, 1, 1, 2, 1, 2, 3, 4, 1, 1, 2, 2, 2, 3, 1]|[0, 2, 1, 1, 3, 3, 0, 1, 0, 0, 0, 0, 1, 0, 1, 0, 0, 3, 1, 0, 0, 0, 3, 1, 0, 2, 0, 0, 0, 1, 0, 0, 0, 0, 3, 0, 1, 0, 0, 2, 1, 1, 2, 0, 0, 0, 0, 1, 1, 0, 0, 0, 1, 3, 0, 0, 1, 0, 0, 1, 0, 2, 0, 1, 0, 2, 1, 0, 0, 1, 1, 3, 0, 0, 3, 0, 1, 0, 0, 2, 0, 0, 0, 0, 1, 0, 0, 0, 1, 0, 1, 2, 3, 1, 1, 0, 0, 0, 0, 0],730.721975091816,57045.76008190539,90638.26368525482,false
49,G2_TEC,G2_TEC,[31, 22, 82, 15, 26, 9, 95, 42, 77, 68, 47, 5, 93, 78, 86, 54, 85, 63, 18, 44, 20, 49, 36, 14, 74, 50, 53, 17, 21, 28, 11, 64, 3, 23, 30, 83, 24, 41, 40, 52, 65, 27, 90, 70, 39, 87, 48, 69, 99, 4, 75, 1, 13, 58, 97, 59, 45, 8, 73, 37, 35, 79, 71, 66, 76, 32, 60, 80, 56, 6, 67, 61, 33, 7, 57, 34, 12, 16, 10, 98, 96, 88, 43, 81, 91, 2, 84, 29, 92, 19, 51, 55, 89, 25, 72, 46, 94, 38, 62, 0]|[2, 1, 2, 1, 1, 2, 1, 1, 1, 1, 1, 0, 2, 2, 1, 2, 0, 0, 0, 2, 2, 1, 0, 2, 0, 2, 2, 1, 0, 1, 1, 1, 0, 0, 1, 0, 2, 1, 2, 2, 0, 0, 1, 1, 0, 2, 0, 2, 1, 0, 0, 2, 0, 2, 2, 0, 1, 1, 0, 0, 2, 1, 1, 2, 2, 0, 2, 2, 2, 1, 2, 1, 1, 2, 0, 1, 1, 2, 1, 2, 0, 1, 1, 1, 1, 0, 0, 1, 0, 1, 1, 0, 1, 1, 1, 0, 2, 0, 1, 0]|[0, 3, 0, 3, 4, 1, 4, 4, 4, 4, 3, 2, 1, 0, 2, 1, 1, 1, 2, 1, 1, 3, 0, 1, 0, 1, 1, 4, 1, 4, 3, 2, 2, 0, 4, 1, 1, 4, 1, 1, 2, 1, 4, 4, 1, 1, 0, 1, 3, 2, 2, 1, 2, 1, 1, 2, 4, 3, 0, 2, 1, 3, 3, 1, 1, 2, 1, 1, 1, 4, 1, 3, 4, 1, 2, 4, 3, 1, 3, 1, 2, 4, 4, 4, 3, 2, 2, 3, 2, 4, 3, 2, 4, 4, 4, 2, 1, 2, 3, 2]|[0, 2, 0, 0, 3, 0, 1, 3, 1, 0, 2, 0, 1, 0, 1, 0, 0, 0, 1, 0, 0, 2, 0, 0, 1, 0, 0, 3, 0, 1, 0, 2, 0, 0, 3, 0, 1, 1, 0, 0, 0, 0, 1, 3, 0, 0, 1, 0, 2, 0, 0, 0, 0, 0, 1, 0, 1, 0, 1, 1, 0, 2, 0, 0, 0, 0, 0, 0, 0, 2, 0, 0, 1, 0, 0, 1, 0, 0, 3, 0, 0, 1, 2, 2, 0, 0, 0, 3, 0, 1, 0, 0, 1, 3, 1, 0, 0, 0, 0, 0],910.6024065900936,48491.8951558845,107376.01945264004,false
49,G3_TWC,G4_BALANCED,[31, 22, 82, 15, 26, 99, 42, 95, 77, 12, 47, 5, 93, 78, 86, 54, 85, 63, 18, 44, 20, 35, 43, 97, 91, 76, 10, 30, 21, 45, 71, 64, 1, 23, 17, 83, 24, 14, 60, 36, 6, 57, 40, 88, 65, 56, 79, 94, 67, 68, 46, 75, 38, 9, 19, 32, 41, 81, 27, 87, 90, 58, 59, 11, 16, 72, 73, 70, 39, 37, 84, 3, 92, 25, 55, 48, 62, 29, 51, 96, 33, 61, 98, 28, 89, 50, 4, 7, 53, 80, 8, 66, 34, 49, 52, 0, 74, 69, 2, 13]|[2, 1, 0, 1, 1, 0, 1, 1, 2, 1, 2, 2, 2, 1, 1, 0, 0, 1, 0, 2, 2, 2, 1, 2, 0, 1, 2, 2, 0, 0, 1, 2, 1, 0, 1, 0, 2, 0, 1, 1, 0, 1, 1, 1, 0, 2, 1, 1, 0, 0, 0, 0, 1, 1, 2, 1, 0, 2, 0, 2, 1, 0, 1, 2, 1, 2, 1, 1, 1, 1, 1, 1, 0, 1, 2, 0, 0, 0, 0, 2, 2, 1, 2, 0, 1, 0, 1, 2, 0, 0, 1, 2, 2, 0, 1, 0, 2, 1, 0, 0]|[1, 3, 2, 2, 4, 1, 2, 3, 2, 4, 1, 1, 2, 4, 4, 1, 2, 4, 2, 1, 1, 1, 1, 2, 1, 2, 1, 1, 2, 1, 3, 2, 3, 1, 4, 0, 1, 1, 0, 3, 2, 2, 2, 0, 1, 1, 0, 4, 0, 1, 2, 2, 1, 4, 0, 3, 1, 1, 1, 1, 3, 1, 1, 1, 3, 0, 4, 3, 1, 4, 1, 1, 0, 4, 1, 1, 2, 1, 1, 1, 1, 3, 1, 2, 1, 1, 4, 1, 2, 1, 3, 1, 1, 1, 1, 2, 1, 4, 2, 2]|[0, 2, 1, 1, 3, 0, 1, 3, 0, 0, 0, 0, 1, 0, 1, 0, 0, 3, 1, 0, 0, 0, 3, 1, 0, 2, 0, 0, 0, 1, 0, 0, 0, 0, 3, 0, 1, 0, 0, 2, 1, 1, 1, 0, 0, 0, 0, 2, 1, 0, 0, 0, 1, 3, 0, 0, 0, 0, 0, 0, 2, 0, 1, 0, 2, 1, 0, 0, 1, 1, 3, 1, 1, 3, 0, 0, 1, 0, 0, 0, 0, 0, 0, 1, 1, 0, 0, 0, 1, 0, 2, 0, 0, 1, 1, 0, 0, 2, 0, 0],796.6129758406069,55709.55438132415,93190.27596145209,true
49,G1_CMAX,G1_CMAX,[31, 22, 90, 26, 58, 95, 42, 12, 93, 5, 78, 86, 98, 18, 20, 35, 3, 97, 91, 76, 10, 85, 54, 45, 63, 71, 66, 1, 23, 17, 24, 60, 36, 6, 57, 15, 65, 56, 47, 79, 94, 67, 50, 46, 14, 75, 38, 9, 30, 19, 32, 81, 27, 92, 83, 87, 40, 99, 59, 11, 53, 16, 72, 77, 73, 70, 39, 37, 84, 43, 62, 25, 55, 28, 29, 51, 68, 82, 74, 61, 88, 21, 80, 89, 7, 69, 96, 41, 48, 4, 8, 34, 49, 52, 0, 44, 13, 2, 64, 33]|[1, 1, 1, 1, 0, 2, 1, 1, 2, 2, 2, 1, 0, 1, 2, 2, 1, 2, 0, 1, 2, 2, 2, 0, 0, 1, 2, 1, 2, 1, 2, 1, 1, 0, 1, 1, 0, 2, 2, 1, 1, 0, 0, 0, 0, 1, 1, 1, 1, 2, 1, 2, 2, 0, 0, 2, 1, 0, 0, 2, 0, 1, 2, 2, 1, 1, 1, 1, 1, 1, 0, 1, 1, 0, 0, 0, 0, 0, 2, 1, 1, 0, 0, 1, 1, 1, 2, 2, 0, 1, 1, 2, 0, 1, 0, 0, 0, 0, 2, 2]|[0, 4, 3, 0, 1, 1, 2, 4, 1, 1, 2, 4, 1, 4, 1, 1, 1, 2, 2, 2, 2, 1, 1, 1, 2, 3, 2, 3, 0, 4, 1, 0, 3, 2, 2, 2, 1, 1, 1, 0, 2, 0, 1, 2, 1, 3, 1, 4, 2, 0, 3, 2, 1, 2, 1, 1, 4, 1, 1, 1, 2, 3, 0, 2, 4, 3, 1, 4, 1, 1, 1, 4, 4, 2, 1, 1, 1, 2, 1, 3, 0, 1, 1, 1, 1, 3, 1, 1, 1, 4, 3, 1, 1, 1, 2, 2, 2, 2, 1, 1]|[3, 0, 2, 3, 0, 0, 1, 0, 0, 0, 1, 0, 0, 3, 0, 0, 1, 1, 1, 2, 1, 0, 0, 0, 0, 0, 0, 0, 0, 3, 1, 0, 2, 1, 1, 1, 0, 0, 0, 0, 1, 1, 0, 0, 0, 0, 1, 3, 2, 0, 0, 1, 0, 1, 0, 0, 2, 0, 0, 0, 1, 2, 1, 1, 0, 0, 1, 1, 3, 3, 0, 3, 3, 1, 0, 0, 0, 1, 0, 0, 0, 0, 0, 1, 2, 2, 0, 0, 0, 0, 2, 0, 1, 1, 0, 0, 0, 0, 0, 0],705.0470749739228,58445.79123614564,95781.2895945797,false
49,G4_BALANCED,G2_TEC,[31, 22, 82, 15, 26, 57, 95, 42, 77, 68, 47, 5, 93, 78, 86, 54, 85, 63, 18, 44, 20, 49, 36, 14, 74, 50, 53, 17, 21, 28, 11, 64, 3, 23, 30, 83, 24, 41, 40, 52, 65, 27, 90, 70, 39, 87, 48, 69, 99, 4, 75, 1, 13, 58, 97, 59, 45, 8, 73, 37, 35, 79, 71, 66, 76, 32, 60, 80, 56, 6, 67, 61, 33, 7, 9, 34, 12, 16, 10, 98, 96, 88, 43, 81, 91, 38, 84, 92, 29, 19, 51, 55, 46, 89, 2, 72, 94, 25, 62, 0]|[2, 1, 2, 1, 1, 0, 1, 1, 1, 1, 1, 0, 2, 2, 1, 2, 0, 0, 0, 2, 2, 1, 0, 2, 0, 2, 2, 1, 0, 1, 1, 1, 0, 0, 1, 0, 2, 1, 2, 2, 0, 0, 1, 1, 0, 2, 0, 2, 1, 0, 0, 2, 0, 0, 2, 0, 1, 1, 0, 0, 2, 1, 1, 2, 2, 0, 2, 2, 2, 1, 2, 1, 1, 2, 0, 1, 1, 2, 1, 2, 0, 1, 1, 1, 1, 0, 0, 0, 1, 1, 1, 0, 0, 1, 2, 1, 2, 1, 1, 2]|[0, 3, 0, 3, 4, 2, 4, 4, 2, 4, 3, 2, 1, 0, 2, 1, 1, 1, 2, 1, 1, 3, 0, 1, 0, 1, 1, 4, 1, 4, 3, 2, 2, 0, 4, 1, 1, 4, 1, 1, 2, 1, 4, 4, 1, 1, 0, 2, 3, 2, 2, 1, 2, 1, 1, 2, 4, 3, 0, 2, 2, 3, 3, 1, 1, 2, 1, 1, 1, 4, 1, 3, 4, 1, 2, 4, 3, 1, 3, 1, 2, 4, 4, 4, 3, 2, 2, 2, 3, 4, 3, 2, 2, 4, 1, 4, 1, 4, 3, 1]|[0, 2, 0, 0, 3, 0, 1, 3, 0, 0, 2, 0, 1, 0, 1, 0, 0, 0, 1, 0, 0, 2, 0, 0, 1, 0, 0, 3, 0, 1, 0, 2, 0, 0, 3, 0, 1, 1, 0, 0, 0, 0, 1, 3, 0, 0, 1, 0, 2, 0, 0, 0, 0, 0, 1, 0, 1, 0, 1, 1, 0, 2, 0, 0, 0, 0, 0, 0, 0, 2, 0, 0, 1, 0, 0, 1, 0, 0, 3, 0, 0, 1, 2, 2, 0, 0, 0, 0, 3, 1, 0, 0, 0, 1, 0, 1, 0, 3, 0, 0],884.7675856177664,49537.433905407874,105934.9207955289,true
49,G2_TEC,G2_TEC,[31, 22, 82, 15, 26, 9, 95, 42, 77, 68, 47, 5, 93, 78, 86, 54, 85, 63, 18, 44, 20, 49, 36, 14, 74, 50, 53, 17, 21, 28, 11, 64, 3, 23, 30, 83, 24, 41, 40, 52, 65, 27, 90, 70, 39, 87, 48, 69, 99, 4, 75, 1, 13, 58, 97, 59, 45, 8, 73, 37, 35, 79, 71, 66, 76, 32, 60, 80, 56, 6, 67, 61, 33, 7, 57, 34, 12, 16, 10, 98, 96, 88, 43, 81, 91, 2, 84, 29, 92, 19, 51, 55, 89, 25, 72, 46, 94, 38, 62, 0]|[2, 1, 2, 1, 1, 2, 1, 1, 1, 1, 1, 0, 2, 2, 1, 2, 0, 0, 0, 2, 2, 1, 0, 2, 0, 2, 2, 1, 0, 1, 1, 1, 0, 0, 1, 0, 2, 1, 2, 2, 0, 0, 1, 1, 0, 2, 0, 2, 1, 0, 0, 2, 0, 2, 2, 0, 1, 1, 0, 0, 2, 1, 1, 2, 2, 0, 2, 2, 2, 1, 2, 1, 1, 2, 0, 1, 1, 2, 1, 2, 0, 1, 1, 1, 1, 0, 0, 1, 0, 1, 1, 0, 1, 1, 1, 0, 2, 0, 1, 0]|[0, 3, 0, 3, 4, 1, 4, 4, 4, 4, 3, 2, 1, 0, 2, 1, 1, 1, 2, 1, 1, 3, 0, 1, 0, 1, 1, 4, 1, 4, 3, 2, 2, 0, 4, 1, 1, 4, 1, 1, 2, 1, 4, 4, 1, 1, 0, 1, 3, 2, 2, 1, 2, 1, 1, 2, 4, 3, 0, 2, 1, 3, 3, 1, 1, 2, 1, 1, 1, 4, 1, 3, 4, 1, 2, 4, 3, 1, 3, 1, 2, 4, 4, 4, 3, 2, 2, 3, 2, 4, 3, 2, 4, 4, 4, 2, 1, 2, 3, 2]|[0, 2, 0, 0, 3, 0, 1, 3, 1, 0, 2, 0, 1, 0, 1, 0, 0, 0, 1, 0, 0, 2, 0, 0, 1, 0, 0, 3, 0, 1, 0, 2, 0, 0, 3, 0, 1, 1, 0, 0, 0, 0, 1, 3, 0, 0, 1, 0, 2, 0, 0, 0, 0, 0, 1, 0, 1, 0, 1, 1, 0, 2, 0, 0, 0, 0, 0, 0, 0, 2, 0, 0, 1, 0, 0, 1, 0, 0, 3, 0, 0, 1, 2, 2, 0, 0, 0, 3, 0, 1, 0, 0, 1, 3, 1, 0, 0, 0, 0, 0],910.6024065900936,48491.8951558845,107376.01945264004,false
49,G3_TWC,G3_TWC,[31, 22, 42, 15, 26, 58, 95, 82, 77, 12, 47, 5, 93, 78, 98, 54, 85, 63, 18, 44, 20, 35, 43, 97, 91, 76, 10, 30, 21, 45, 71, 64, 1, 23, 17, 83, 24, 61, 60, 36, 6, 57, 94, 88, 65, 56, 79, 40, 67, 68, 46, 75, 38, 9, 19, 32, 81, 41, 27, 62, 87, 90, 99, 59, 11, 16, 72, 73, 70, 39, 37, 84, 3, 92, 25, 74, 28, 29, 51, 7, 53, 14, 86, 48, 89, 50, 66, 96, 33, 80, 4, 8, 55, 49, 0, 52, 69, 2, 13, 34]|[1, 1, 0, 1, 1, 1, 2, 1, 2, 1, 2, 2, 2, 1, 1, 0, 0, 1, 0, 2, 2, 0, 1, 2, 0, 1, 2, 2, 0, 0, 1, 2, 1, 2, 1, 0, 2, 0, 1, 1, 0, 1, 1, 1, 0, 2, 1, 1, 0, 0, 0, 0, 1, 1, 2, 1, 2, 0, 0, 0, 2, 1, 0, 1, 2, 1, 2, 1, 1, 1, 1, 1, 2, 0, 1, 2, 0, 0, 0, 1, 0, 1, 0, 0, 1, 0, 0, 0, 2, 0, 0, 1, 1, 0, 0, 1, 1, 0, 0, 2]|[4, 3, 2, 2, 0, 0, 2, 2, 2, 4, 1, 1, 2, 4, 4, 1, 1, 4, 2, 1, 1, 1, 1, 2, 1, 2, 1, 1, 1, 1, 3, 2, 3, 0, 4, 0, 1, 1, 0, 3, 2, 2, 4, 0, 1, 1, 3, 2, 0, 1, 2, 2, 1, 4, 0, 3, 2, 1, 1, 2, 1, 3, 1, 1, 1, 3, 0, 4, 3, 1, 4, 1, 1, 2, 4, 1, 2, 1, 1, 3, 2, 3, 1, 1, 1, 1, 1, 1, 1, 1, 2, 3, 4, 1, 2, 1, 3, 2, 2, 1]|[0, 2, 1, 1, 3, 3, 0, 1, 0, 0, 0, 0, 1, 0, 1, 0, 0, 3, 1, 0, 0, 0, 3, 1, 0, 2, 0, 0, 0, 1, 0, 0, 0, 0, 3, 0, 1, 0, 0, 2, 1, 1, 2, 0, 0, 0, 0, 1, 1, 0, 0, 0, 1, 3, 0, 0, 1, 0, 0, 1, 0, 2, 0, 1, 0, 2, 1, 0, 0, 1, 1, 3, 0, 1, 3, 0, 1, 0, 0, 2, 1, 0, 0, 0, 1, 0, 0, 0, 0, 0, 1, 2, 3, 1, 0, 1, 0, 0, 0, 0],802.5281847645216,57652.86795409501,87938.17744329936,false
49,G1_CMAX,G1_CMAX,[31, 22, 90, 26, 58, 95, 42, 12, 93, 5, 78, 86, 98, 18, 20, 35, 3, 97, 91, 76, 10, 85, 54, 45, 63, 71, 66, 1, 23, 17, 24, 60, 36, 6, 57, 15, 65, 56, 47, 79, 94, 67, 50, 46, 14, 75, 38, 9, 30, 19, 32, 81, 27, 92, 83, 87, 40, 99, 59, 11, 53, 16, 72, 77, 73, 70, 39, 37, 84, 43, 62, 25, 55, 28, 29, 51, 68, 82, 74, 61, 88, 21, 80, 89, 7, 69, 96, 41, 48, 4, 8, 34, 49, 52, 0, 44, 13, 2, 64, 33]|[1, 1, 1, 1, 0, 2, 1, 1, 2, 2, 2, 1, 0, 1, 2, 2, 1, 2, 0, 1, 2, 2, 2, 0, 0, 1, 2, 1, 2, 1, 2, 1, 1, 0, 1, 1, 0, 2, 2, 1, 1, 0, 0, 0, 0, 1, 1, 1, 1, 2, 1, 2, 2, 0, 0, 2, 1, 0, 0, 2, 0, 1, 2, 2, 1, 1, 1, 1, 1, 1, 0, 1, 1, 0, 0, 0, 0, 0, 2, 1, 1, 0, 0, 1, 1, 1, 2, 2, 0, 1, 1, 2, 0, 1, 0, 0, 0, 0, 2, 2]|[0, 4, 3, 0, 1, 1, 2, 4, 1, 1, 2, 4, 1, 4, 1, 1, 1, 2, 2, 2, 2, 1, 1, 1, 2, 3, 2, 3, 0, 4, 1, 0, 3, 2, 2, 2, 1, 1, 1, 0, 2, 0, 1, 2, 1, 3, 1, 4, 2, 0, 3, 2, 1, 2, 1, 1, 4, 1, 1, 1, 2, 3, 0, 2, 4, 3, 1, 4, 1, 1, 1, 4, 4, 2, 1, 1, 1, 2, 1, 3, 0, 1, 1, 1, 1, 3, 1, 1, 1, 4, 3, 1, 1, 1, 2, 2, 2, 2, 1, 1]|[3, 0, 2, 3, 0, 0, 1, 0, 0, 0, 1, 0, 0, 3, 0, 0, 1, 1, 1, 2, 1, 0, 0, 0, 0, 0, 0, 0, 0, 3, 1, 0, 2, 1, 1, 1, 0, 0, 0, 0, 1, 1, 0, 0, 0, 0, 1, 3, 2, 0, 0, 1, 0, 1, 0, 0, 2, 0, 0, 0, 1, 2, 1, 1, 0, 0, 1, 1, 3, 3, 0, 3, 3, 1, 0, 0, 0, 1, 0, 0, 0, 0, 0, 1, 2, 2, 0, 0, 0, 0, 2, 0, 1, 1, 0, 0, 0, 0, 0, 0],705.0470749739228,58445.79123614564,95781.2895945797,false
49,G4_BALANCED,G3_TWC,[31, 22, 42, 15, 26, 58, 95, 82, 77, 12, 47, 5, 93, 78, 98, 54, 85, 63, 18, 44, 20, 35, 43, 97, 91, 76, 10, 30, 21, 45, 71, 64, 1, 23, 17, 83, 24, 14, 60, 36, 6, 57, 94, 88, 65, 56, 79, 40, 67, 68, 46, 75, 38, 9, 19, 32, 81, 41, 27, 62, 87, 90, 99, 59, 11, 16, 72, 73, 70, 39, 37, 84, 3, 92, 25, 55, 28, 29, 51, 53, 7, 61, 86, 48, 89, 50, 66, 96, 33, 80, 4, 8, 34, 49, 52, 0, 13, 2, 69, 74]|[1, 1, 0, 1, 1, 1, 2, 1, 2, 1, 2, 2, 2, 1, 1, 0, 0, 1, 0, 2, 2, 0, 1, 2, 0, 1, 2, 2, 0, 0, 1, 2, 1, 2, 1, 0, 2, 0, 1, 1, 0, 1, 1, 1, 0, 2, 1, 1, 0, 0, 0, 0, 1, 1, 2, 1, 2, 0, 0, 0, 2, 1, 0, 1, 2, 1, 2, 1, 1, 1, 1, 1, 2, 0, 1, 1, 0, 0, 2, 0, 1, 1, 0, 0, 1, 0, 2, 0, 2, 0, 0, 1, 2, 0, 1, 0, 0, 0, 1, 2]|[4, 3, 2, 2, 0, 0, 2, 2, 2, 4, 1, 1, 2, 4, 4, 1, 1, 4, 2, 1, 1, 1, 1, 2, 1, 2, 1, 1, 1, 1, 3, 2, 3, 0, 4, 0, 1, 1, 0, 3, 2, 2, 4, 0, 1, 1, 0, 2, 0, 1, 2, 2, 1, 4, 0, 3, 2, 1, 1, 2, 1, 3, 1, 1, 1, 3, 0, 4, 3, 1, 4, 1, 1, 2, 4, 4, 2, 1, 1, 2, 3, 3, 1, 1, 1, 1, 1, 1, 1, 1, 2, 3, 1, 1, 1, 2, 2, 2, 3, 1]|[0, 2, 1, 1, 3, 3, 0, 1, 0, 0, 0, 0, 1, 0, 1, 0, 0, 3, 1, 0, 0, 0, 3, 1, 0, 2, 0, 0, 0, 1, 0, 0, 0, 0, 3, 0, 1, 0, 0, 2, 1, 1, 2, 0, 0, 0, 0, 1, 1, 0, 0, 0, 1, 3, 0, 0, 1, 0, 0, 1, 0, 2, 0, 1, 0, 2, 1, 0, 0, 1, 1, 3, 0, 1, 3, 3, 1, 0, 0, 1, 2, 0, 0, 0, 1, 0, 0, 0, 0, 0, 1, 2, 0, 1, 1, 0, 0, 0, 0, 0],783.0509393070564,57595.74268182125,88865.3508237012,true
49,G2_TEC,G2_TEC,[31, 22, 82, 15, 26, 9, 95, 42, 77, 68, 47, 5, 93, 78, 86, 54, 85, 63, 18, 44, 20, 49, 36, 14, 74, 50, 53, 17, 21, 28, 11, 64, 3, 23, 30, 83, 24, 41, 40, 52, 65, 27, 90, 70, 39, 87, 48, 69, 99, 4, 75, 1, 13, 58, 97, 59, 45, 8, 73, 37, 35, 79, 71, 66, 76, 32, 60, 80, 56, 6, 67, 61, 33, 7, 57, 34, 12, 16, 10, 98, 96, 88, 43, 81, 91, 2, 84, 29, 92, 19, 51, 55, 89, 25, 72, 46, 94, 38, 62, 0]|[2, 1, 2, 1, 1, 2, 1, 1, 1, 1, 1, 0, 2, 2, 1, 2, 0, 0, 0, 2, 2, 1, 0, 2, 0, 2, 2, 1, 0, 1, 1, 1, 0, 0, 1, 0, 2, 1, 2, 2, 0, 0, 1, 1, 0, 2, 0, 2, 1, 0, 0, 2, 0, 2, 2, 0, 1, 1, 0, 0, 2, 1, 1, 2, 2, 0, 2, 2, 2, 1, 2, 1, 1, 2, 0, 1, 1, 2, 1, 2, 0, 1, 1, 1, 1, 0, 0, 1, 0, 1, 1, 0, 1, 1, 1, 0, 2, 0, 1, 0]|[0, 3, 0, 3, 4, 1, 4, 4, 4, 4, 3, 2, 1, 0, 2, 1, 1, 1, 2, 1, 1, 3, 0, 1, 0, 1, 1, 4, 1, 4, 3, 2, 2, 0, 4, 1, 1, 4, 1, 1, 2, 1, 4, 4, 1, 1, 0, 1, 3, 2, 2, 1, 2, 1, 1, 2, 4, 3, 0, 2, 1, 3, 3, 1, 1, 2, 1, 1, 1, 4, 1, 3, 4, 1, 2, 4, 3, 1, 3, 1, 2, 4, 4, 4, 3, 2, 2, 3, 2, 4, 3, 2, 4, 4, 4, 2, 1, 2, 3, 2]|[0, 2, 0, 0, 3, 0, 1, 3, 1, 0, 2, 0, 1, 0, 1, 0, 0, 0, 1, 0, 0, 2, 0, 0, 1, 0, 0, 3, 0, 1, 0, 2, 0, 0, 3, 0, 1, 1, 0, 0, 0, 0, 1, 3, 0, 0, 1, 0, 2, 0, 0, 0, 0, 0, 1, 0, 1, 0, 1, 1, 0, 2, 0, 0, 0, 0, 0, 0, 0, 2, 0, 0, 1, 0, 0, 1, 0, 0, 3, 0, 0, 1, 2, 2, 0, 0, 0, 3, 0, 1, 0, 0, 1, 3, 1, 0, 0, 0, 0, 0],910.6024065900936,48491.8951558845,107376.01945264004,false
49,G3_TWC,G3_TWC,[31, 22, 42, 15, 26, 58, 95, 82, 77, 12, 47, 5, 93, 78, 98, 54, 85, 63, 18, 44, 20, 35, 43, 97, 91, 76, 10, 30, 21, 45, 71, 64, 1, 23, 17, 83, 24, 61, 60, 36, 6, 57, 94, 88, 65, 56, 79, 40, 67, 68, 46, 75, 38, 9, 19, 32, 81, 41, 27, 62, 87, 90, 99, 59, 11, 16, 72, 73, 70, 39, 37, 84, 3, 92, 25, 74, 28, 29, 51, 7, 53, 14, 86, 48, 89, 50, 66, 96, 33, 80, 4, 8, 55, 49, 0, 52, 69, 2, 13, 34]|[1, 1, 0, 1, 1, 1, 2, 1, 2, 1, 2, 2, 2, 1, 1, 0, 0, 1, 0, 2, 2, 0, 1, 2, 0, 1, 2, 2, 0, 0, 1, 2, 1, 2, 1, 0, 2, 0, 1, 1, 0, 1, 1, 1, 0, 2, 1, 1, 0, 0, 0, 0, 1, 1, 2, 1, 2, 0, 0, 0, 2, 1, 0, 1, 2, 1, 2, 1, 1, 1, 1, 1, 2, 0, 1, 2, 0, 0, 0, 1, 0, 1, 0, 0, 1, 0, 0, 0, 2, 0, 0, 1, 1, 0, 0, 1, 1, 0, 0, 2]|[4, 3, 2, 2, 0, 0, 2, 2, 2, 4, 1, 1, 2, 4, 4, 1, 1, 4, 2, 1, 1, 1, 1, 2, 1, 2, 1, 1, 1, 1, 3, 2, 3, 0, 4, 0, 1, 1, 0, 3, 2, 2, 4, 0, 1, 1, 3, 2, 0, 1, 2, 2, 1, 4, 0, 3, 2, 1, 1, 2, 1, 3, 1, 1, 1, 3, 0, 4, 3, 1, 4, 1, 1, 2, 4, 1, 2, 1, 1, 3, 2, 3, 1, 1, 1, 1, 1, 1, 1, 1, 2, 3, 4, 1, 2, 1, 3, 2, 2, 1]|[0, 2, 1, 1, 3, 3, 0, 1, 0, 0, 0, 0, 1, 0, 1, 0, 0, 3, 1, 0, 0, 0, 3, 1, 0, 2, 0, 0, 0, 1, 0, 0, 0, 0, 3, 0, 1, 0, 0, 2, 1, 1, 2, 0, 0, 0, 0, 1, 1, 0, 0, 0, 1, 3, 0, 0, 1, 0, 0, 1, 0, 2, 0, 1, 0, 2, 1, 0, 0, 1, 1, 3, 0, 1, 3, 0, 1, 0, 0, 2, 1, 0, 0, 0, 1, 0, 0, 0, 0, 0, 1, 2, 3, 1, 0, 1, 0, 0, 0, 0],802.5281847645216,57652.86795409501,87938.17744329936,false
49,G1_CMAX,G1_CMAX,[31, 22, 90, 26, 58, 95, 42, 12, 93, 5, 78, 86, 98, 18, 20, 35, 3, 97, 91, 76, 10, 85, 54, 45, 63, 71, 66, 1, 23, 17, 24, 60, 36, 6, 57, 15, 65, 56, 47, 79, 94, 67, 50, 46, 14, 75, 38, 9, 30, 19, 32, 81, 27, 92, 83, 87, 40, 99, 59, 11, 53, 16, 72, 77, 73, 70, 39, 37, 84, 43, 62, 25, 55, 28, 29, 51, 68, 82, 74, 61, 88, 21, 80, 89, 7, 69, 96, 41, 48, 4, 8, 34, 49, 52, 0, 44, 13, 2, 64, 33]|[1, 1, 1, 1, 0, 2, 1, 1, 2, 2, 2, 1, 0, 1, 2, 2, 1, 2, 0, 1, 2, 2, 2, 0, 0, 1, 2, 1, 2, 1, 2, 1, 1, 0, 1, 1, 0, 2, 2, 1, 1, 0, 0, 0, 0, 1, 1, 1, 1, 2, 1, 2, 2, 0, 0, 2, 1, 0, 0, 2, 0, 1, 2, 2, 1, 1, 1, 1, 1, 1, 0, 1, 1, 0, 0, 0, 0, 0, 2, 1, 1, 0, 0, 1, 1, 1, 2, 2, 0, 1, 1, 2, 0, 1, 0, 0, 0, 0, 2, 2]|[0, 4, 3, 0, 1, 1, 2, 4, 1, 1, 2, 4, 1, 4, 1, 1, 1, 2, 2, 2, 2, 1, 1, 1, 2, 3, 2, 3, 0, 4, 1, 0, 3, 2, 2, 2, 1, 1, 1, 0, 2, 0, 1, 2, 1, 3, 1, 4, 2, 0, 3, 2, 1, 2, 1, 1, 4, 1, 1, 1, 2, 3, 0, 2, 4, 3, 1, 4, 1, 1, 1, 4, 4, 2, 1, 1, 1, 2, 1, 3, 0, 1, 1, 1, 1, 3, 1, 1, 1, 4, 3, 1, 1, 1, 2, 2, 2, 2, 1, 1]|[3, 0, 2, 3, 0, 0, 1, 0, 0, 0, 1, 0, 0, 3, 0, 0, 1, 1, 1, 2, 1, 0, 0, 0, 0, 0, 0, 0, 0, 3, 1, 0, 2, 1, 1, 1, 0, 0, 0, 0, 1, 1, 0, 0, 0, 0, 1, 3, 2, 0, 0, 1, 0, 1, 0, 0, 2, 0, 0, 0, 1, 2, 1, 1, 0, 0, 1, 1, 3, 3, 0, 3, 3, 1, 0, 0, 0, 1, 0, 0, 0, 0, 0, 1, 2, 2, 0, 0, 0, 0, 2, 0, 1, 1, 0, 0, 0, 0, 0, 0],705.0470749739228,58445.79123614564,95781.2895945797,false
49,G4_BALANCED,G2_TEC,[31, 22, 82, 15, 26, 9, 95, 42, 77, 68, 47, 5, 93, 78, 86, 54, 85, 63, 18, 44, 20, 49, 36, 14, 74, 50, 53, 17, 21, 28, 11, 64, 3, 23, 30, 83, 24, 41, 40, 52, 65, 27, 90, 70, 39, 58, 48, 69, 99, 4, 46, 1, 13, 87, 97, 59, 45, 8, 73, 37, 35, 79, 71, 66, 7, 32, 60, 80, 56, 6, 67, 61, 33, 76, 57, 34, 12, 16, 10, 98, 96, 88, 43, 81, 91, 2, 84, 29, 92, 19, 51, 89, 38, 25, 55, 72, 94, 75, 62, 0]|[2, 1, 2, 1, 1, 2, 1, 1, 1, 1, 1, 0, 2, 2, 1, 2, 0, 0, 0, 2, 2, 1, 0, 2, 0, 2, 2, 1, 0, 1, 1, 1, 0, 0, 1, 0, 2, 1, 2, 2, 0, 0, 1, 1, 0, 2, 0, 2, 1, 0, 0, 2, 0, 2, 2, 0, 1, 1, 0, 0, 2, 1, 1, 2, 2, 0, 2, 2, 2, 1, 2, 1, 1, 2, 0, 1, 1, 2, 1, 2, 0, 1, 1, 1, 1, 0, 0, 1, 0, 1, 1, 1, 0, 1, 0, 1, 2, 0, 1, 0]|[0, 3, 0, 3, 4, 1, 4, 4, 2, 4, 3, 2, 1, 0, 2, 1, 1, 1, 2, 1, 1, 3, 0, 1, 0, 1, 1, 4, 1, 4, 3, 2, 2, 0, 4, 1, 1, 4, 1, 1, 2, 1, 4, 4, 1, 1, 0, 1, 3, 2, 2, 1, 2, 1, 1, 2, 4, 3, 0, 2, 1, 3, 3, 1, 1, 2, 1, 1, 1, 4, 1, 3, 4, 1, 2, 4, 3, 1, 3, 1, 2, 4, 4, 4, 3, 2, 2, 3, 2, 4, 3, 4, 2, 4, 2, 4, 1, 2, 3, 2]|[0, 2, 0, 0, 3, 0, 1, 3, 0, 0, 2, 0, 1, 0, 1, 0, 0, 0, 1, 0, 0, 2, 0, 0, 1, 0, 0, 3, 0, 1, 0, 2, 0, 0, 3, 0, 1, 1, 0, 0, 0, 0, 1, 3, 0, 0, 1, 0, 2, 0, 0, 0, 0, 0, 1, 0, 1, 0, 1, 1, 0, 2, 0, 0, 0, 0, 0, 0, 0, 2, 0, 0, 1, 0, 0, 1, 0, 0, 3, 0, 0, 1, 2, 2, 0, 0, 0, 3, 0, 1, 0, 1, 0, 3, 0, 1, 0, 0, 0, 0],907.5566563572953,48886.45280277887,106127.83721015342,true
49,G2_TEC,G2_TEC,[31, 22, 82, 15, 26, 9, 95, 42, 77, 68, 47, 5, 93, 78, 86, 54, 85, 63, 18, 44, 20, 49, 36, 14, 74, 50, 53, 17, 21, 28, 11, 64, 3, 23, 30, 83, 24, 41, 40, 52, 65, 27, 90, 70, 39, 87, 48, 69, 99, 4, 75, 1, 13, 58, 97, 59, 45, 8, 73, 37, 35, 79, 71, 66, 76, 32, 60, 80, 56, 6, 67, 61, 33, 7, 57, 34, 12, 16, 10, 98, 96, 88, 43, 81, 91, 2, 84, 29, 92, 19, 51, 55, 89, 25, 72, 46, 94, 38, 62, 0]|[2, 1, 2, 1, 1, 2, 1, 1, 1, 1, 1, 0, 2, 2, 1, 2, 0, 0, 0, 2, 2, 1, 0, 2, 0, 2, 2, 1, 0, 1, 1, 1, 0, 0, 1, 0, 2, 1, 2, 2, 0, 0, 1, 1, 0, 2, 0, 2, 1, 0, 0, 2, 0, 2, 2, 0, 1, 1, 0, 0, 2, 1, 1, 2, 2, 0, 2, 2, 2, 1, 2, 1, 1, 2, 0, 1, 1, 2, 1, 2, 0, 1, 1, 1, 1, 0, 0, 1, 0, 1, 1, 0, 1, 1, 1, 0, 2, 0, 1, 0]|[0, 3, 0, 3, 4, 1, 4, 4, 4, 4, 3, 2, 1, 0, 2, 1, 1, 1, 2, 1, 1, 3, 0, 1, 0, 1, 1, 4, 1, 4, 3, 2, 2, 0, 4, 1, 1, 4, 1, 1, 2, 1, 4, 4, 1, 1, 0, 1, 3, 2, 2, 1, 2, 1, 1, 2, 4, 3, 0, 2, 1, 3, 3, 1, 1, 2, 1, 1, 1, 4, 1, 3, 4, 1, 2, 4, 3, 1, 3, 1, 2, 4, 4, 4, 3, 2, 2, 3, 2, 4, 3, 2, 4, 4, 4, 2, 1, 2, 3, 2]|[0, 2, 0, 0, 3, 0, 1, 3, 1, 0, 2, 0, 1, 0, 1, 0, 0, 0, 1, 0, 0, 2, 0, 0, 1, 0, 0, 3, 0, 1, 0, 2, 0, 0, 3, 0, 1, 1, 0, 0, 0, 0, 1, 3, 0, 0, 1, 0, 2, 0, 0, 0, 0, 0, 1, 0, 1, 0, 1, 1, 0, 2, 0, 0, 0, 0, 0, 0, 0, 2, 0, 0, 1, 0, 0, 1, 0, 0, 3, 0, 0, 1, 2, 2, 0, 0, 0, 3, 0, 1, 0, 0, 1, 3, 1, 0, 0, 0, 0, 0],910.6024065900936,48491.8951558845,107376.01945264004,false
49,G3_TWC,G3_TWC,[31, 22, 42, 15, 26, 58, 95, 82, 77, 12, 47, 5, 93, 78, 98, 54, 85, 63, 18, 44, 20, 35, 43, 97, 91, 76, 10, 30, 21, 45, 71, 64, 1, 23, 17, 83, 24, 61, 60, 36, 6, 57, 94, 88, 65, 56, 79, 40, 67, 68, 46, 75, 38, 9, 19, 32, 81, 41, 27, 62, 87, 90, 99, 59, 11, 16, 72, 73, 70, 39, 37, 84, 3, 92, 25, 74, 28, 29, 51, 7, 53, 14, 86, 48, 89, 50, 66, 96, 33, 80, 4, 8, 55, 49, 0, 52, 69, 2, 13, 34]|[1, 1, 0, 1, 1, 1, 2, 1, 2, 1, 2, 2, 2, 1, 1, 0, 0, 1, 0, 2, 2, 0, 1, 2, 0, 1, 2, 2, 0, 0, 1, 2, 1, 2, 1, 0, 2, 0, 1, 1, 0, 1, 1, 1, 0, 2, 1, 1, 0, 0, 0, 0, 1, 1, 2, 1, 2, 0, 0, 0, 2, 1, 0, 1, 2, 1, 2, 1, 1, 1, 1, 1, 2, 0, 1, 2, 0, 0, 0, 1, 0, 1, 0, 0, 1, 0, 0, 0, 2, 0, 0, 1, 1, 0, 0, 1, 1, 0, 0, 2]|[4, 3, 2, 2, 0, 0, 2, 2, 2, 4, 1, 1, 2, 4, 4, 1, 1, 4, 2, 1, 1, 1, 1, 2, 1, 2, 1, 1, 1, 1, 3, 2, 3, 0, 4, 0, 1, 1, 0, 3, 2, 2, 4, 0, 1, 1, 3, 2, 0, 1, 2, 2, 1, 4, 0, 3, 2, 1, 1, 2, 1, 3, 1, 1, 1, 3, 0, 4, 3, 1, 4, 1, 1, 2, 4, 1, 2, 1, 1, 3, 2, 3, 1, 1, 1, 1, 1, 1, 1, 1, 2, 3, 4, 1, 2, 1, 3, 2, 2, 1]|[0, 2, 1, 1, 3, 3, 0, 1, 0, 0, 0, 0, 1, 0, 1, 0, 0, 3, 1, 0, 0, 0, 3, 1, 0, 2, 0, 0, 0, 1, 0, 0, 0, 0, 3, 0, 1, 0, 0, 2, 1, 1, 2, 0, 0, 0, 0, 1, 1, 0, 0, 0, 1, 3, 0, 0, 1, 0, 0, 1, 0, 2, 0, 1, 0, 2, 1, 0, 0, 1, 1, 3, 0, 1, 3, 0, 1, 0, 0, 2, 1, 0, 0, 0, 1, 0, 0, 0, 0, 0, 1, 2, 3, 1, 0, 1, 0, 0, 0, 0],802.5281847645216,57652.86795409501,87938.17744329936,false
49,G1_CMAX,G1_CMAX,[31, 22, 90, 26, 58, 95, 42, 12, 93, 5, 78, 86, 98, 18, 20, 35, 3, 97, 91, 76, 10, 85, 54, 45, 63, 71, 66, 1, 23, 17, 24, 60, 36, 6, 57, 15, 65, 56, 47, 79, 94, 67, 50, 46, 14, 75, 38, 9, 30, 19, 32, 81, 27, 92, 83, 87, 40, 99, 59, 11, 53, 16, 72, 77, 73, 70, 39, 37, 84, 43, 62, 25, 55, 28, 29, 51, 68, 82, 74, 61, 88, 21, 80, 89, 7, 69, 96, 41, 48, 4, 8, 34, 49, 52, 0, 44, 13, 2, 64, 33]|[1, 1, 1, 1, 0, 2, 1, 1, 2, 2, 2, 1, 0, 1, 2, 2, 1, 2, 0, 1, 2, 2, 2, 0, 0, 1, 2, 1, 2, 1, 2, 1, 1, 0, 1, 1, 0, 2, 2, 1, 1, 0, 0, 0, 0, 1, 1, 1, 1, 2, 1, 2, 2, 0, 0, 2, 1, 0, 0, 2, 0, 1, 2, 2, 1, 1, 1, 1, 1, 1, 0, 1, 1, 0, 0, 0, 0, 0, 2, 1, 1, 0, 0, 1, 1, 1, 2, 2, 0, 1, 1, 2, 0, 1, 0, 0, 0, 0, 2, 2]|[0, 4, 3, 0, 1, 1, 2, 4, 1, 1, 2, 4, 1, 4, 1, 1, 1, 2, 2, 2, 2, 1, 1, 1, 2, 3, 2, 3, 0, 4, 1, 0, 3, 2, 2, 2, 1, 1, 1, 0, 2, 0, 1, 2, 1, 3, 1, 4, 2, 0, 3, 2, 1, 2, 1, 1, 4, 1, 1, 1, 2, 3, 0, 2, 4, 3, 1, 4, 1, 1, 1, 4, 4, 2, 1, 1, 1, 2, 1, 3, 0, 1, 1, 1, 1, 3, 1, 1, 1, 4, 3, 1, 1, 1, 2, 2, 2, 2, 1, 1]|[3, 0, 2, 3, 0, 0, 1, 0, 0, 0, 1, 0, 0, 3, 0, 0, 1, 1, 1, 2, 1, 0, 0, 0, 0, 0, 0, 0, 0, 3, 1, 0, 2, 1, 1, 1, 0, 0, 0, 0, 1, 1, 0, 0, 0, 0, 1, 3, 2, 0, 0, 1, 0, 1, 0, 0, 2, 0, 0, 0, 1, 2, 1, 1, 0, 0, 1, 1, 3, 3, 0, 3, 3, 1, 0, 0, 0, 1, 0, 0, 0, 0, 0, 1, 2, 2, 0, 0, 0, 0, 2, 0, 1, 1, 0, 0, 0, 0, 0, 0],705.0470749739228,58445.79123614564,95781.2895945797,false
49,G4_BALANCED,G4_BALANCED,[31, 22, 82, 15, 26, 9, 95, 42, 77, 68, 47, 5, 93, 78, 86, 54, 85, 63, 18, 44, 20, 49, 36, 14, 74, 50, 53, 17, 21, 28, 11, 64, 3, 23, 30, 83, 24, 41, 40, 52, 65, 27, 90, 70, 39, 87, 48, 69, 99, 4, 75, 1, 13, 58, 97, 59, 45, 8, 73, 37, 35, 79, 71, 66, 76, 32, 60, 80, 56, 6, 67, 61, 33, 7, 57, 34, 12, 16, 10, 98, 96, 88, 43, 81, 91, 38, 94, 29, 92, 19, 51, 55, 46, 89, 25, 72, 84, 2, 62, 0]|[2, 1, 2, 1, 1, 2, 1, 1, 1, 1, 1, 0, 2, 2, 1, 2, 0, 0, 0, 2, 2, 1, 0, 2, 0, 2, 2, 1, 0, 1, 1, 1, 0, 0, 1, 0, 2, 1, 2, 2, 0, 0, 1, 1, 0, 2, 0, 2, 1, 0, 0, 2, 0, 0, 2, 0, 1, 1, 0, 0, 2, 1, 1, 2, 2, 0, 2, 2, 0, 1, 2, 1, 1, 2, 0, 1, 1, 2, 1, 2, 0, 1, 1, 1, 1, 0, 2, 1, 0, 1, 1, 0, 0, 1, 1, 1, 0, 2, 1, 0]|[0, 3, 0, 3, 4, 1, 4, 4, 2, 4, 3, 2, 1, 0, 2, 1, 1, 1, 2, 1, 1, 3, 0, 1, 0, 1, 1, 4, 1, 4, 3, 2, 2, 0, 4, 1, 1, 4, 1, 1, 2, 1, 4, 4, 1, 1, 0, 1, 3, 2, 2, 1, 2, 1, 1, 2, 4, 3, 0, 2, 2, 3, 3, 1, 1, 2, 1, 1, 2, 4, 1, 3, 4, 1, 2, 4, 3, 1, 3, 1, 2, 4, 4, 4, 3, 2, 1, 3, 2, 4, 3, 2, 2, 4, 4, 4, 2, 1, 3, 2]|[0, 2, 0, 0, 3, 0, 1, 3, 0, 0, 2, 0, 1, 0, 1, 0, 0, 0, 1, 0, 0, 2, 0, 0, 1, 0, 0, 3, 0, 1, 0, 2, 0, 0, 3, 0, 1, 1, 0, 0, 0, 0, 1, 3, 0, 0, 1, 0, 2, 0, 0, 0, 0, 1, 1, 0, 1, 0, 1, 1, 0, 2, 0, 0, 0, 0, 0, 0, 0, 2, 0, 0, 1, 0, 0, 1, 0, 0, 3, 0, 0, 1, 2, 2, 0, 0, 0, 3, 0, 1, 0, 0, 0, 1, 3, 1, 0, 0, 0, 0],889.98535111544,49457.64284602395,104707.75494342032,false
49,G2_TEC,G2_TEC,[31, 22, 82, 15, 26, 9, 95, 42, 77, 68, 47, 5, 93, 78, 86, 54, 85, 63, 18, 44, 20, 49, 36, 14, 74, 50, 53, 17, 21, 28, 11, 64, 3, 23, 30, 83, 24, 41, 40, 52, 65, 27, 90, 70, 39, 87, 48, 69, 99, 4, 75, 1, 13, 58, 97, 59, 45, 8, 73, 37, 35, 79, 71, 66, 76, 32, 60, 80, 56, 6, 67, 61, 33, 7, 57, 34, 12, 16, 10, 98, 96, 88, 43, 81, 91, 2, 84, 29, 92, 19, 51, 55, 89, 25, 72, 46, 94, 38, 62, 0]|[2, 1, 2, 1, 1, 2, 1, 1, 1, 1, 1, 0, 2, 2, 1, 2, 0, 0, 0, 2, 2, 1, 0, 2, 0, 2, 2, 1, 0, 1, 1, 1, 0, 0, 1, 0, 2, 1, 2, 2, 0, 0, 1, 1, 0, 2, 0, 2, 1, 0, 0, 2, 0, 2, 2, 0, 1, 1, 0, 0, 2, 1, 1, 2, 2, 0, 2, 2, 2, 1, 2, 1, 1, 2, 0, 1, 1, 2, 1, 2, 0, 1, 1, 1, 1, 0, 0, 1, 0, 1, 1, 0, 1, 1, 1, 0, 2, 0, 1, 0]|[0, 3, 0, 3, 4, 1, 4, 4, 4, 4, 3, 2, 1, 0, 2, 1, 1, 1, 2, 1, 1, 3, 0, 1, 0, 1, 1, 4, 1, 4, 3, 2, 2, 0, 4, 1, 1, 4, 1, 1, 2, 1, 4, 4, 1, 1, 0, 1, 3, 2, 2, 1, 2, 1, 1, 2, 4, 3, 0, 2, 1, 3, 3, 1, 1, 2, 1, 1, 1, 4, 1, 3, 4, 1, 2, 4, 3, 1, 3, 1, 2, 4, 4, 4, 3, 2, 2, 3, 2, 4, 3, 2, 4, 4, 4, 2, 1, 2, 3, 2]|[0, 2, 0, 0, 3, 0, 1, 3, 1, 0, 2, 0, 1, 0, 1, 0, 0, 0, 1, 0, 0, 2, 0, 0, 1, 0, 0, 3, 0, 1, 0, 2, 0, 0, 3, 0, 1, 1, 0, 0, 0, 0, 1, 3, 0, 0, 1, 0, 2, 0, 0, 0, 0, 0, 1, 0, 1, 0, 1, 1, 0, 2, 0, 0, 0, 0, 0, 0, 0, 2, 0, 0, 1, 0, 0, 1, 0, 0, 3, 0, 0, 1, 2, 2, 0, 0, 0, 3, 0, 1, 0, 0, 1, 3, 1, 0, 0, 0, 0, 0],910.6024065900936,48491.8951558845,107376.01945264004,false
49,G3_TWC,G3_TWC,[31, 22, 42, 15, 26, 58, 95, 82, 77, 12, 47, 5, 93, 78, 98, 54, 85, 63, 18, 44, 20, 35, 43, 97, 91, 76, 10, 30, 21, 45, 71, 64, 1, 23, 17, 83, 24, 61, 60, 36, 6, 57, 94, 88, 65, 56, 79, 40, 67, 68, 46, 75, 38, 9, 19, 32, 81, 41, 27, 62, 87, 90, 99, 59, 11, 16, 72, 73, 70, 39, 37, 84, 3, 92, 25, 74, 28, 29, 51, 7, 53, 14, 86, 48, 89, 50, 66, 96, 33, 80, 4, 8, 55, 49, 0, 52, 69, 2, 13, 34]|[1, 1, 0, 1, 1, 1, 2, 1, 2, 1, 2, 2, 2, 1, 1, 0, 0, 1, 0, 2, 2, 0, 1, 2, 0, 1, 2, 2, 0, 0, 1, 2, 1, 2, 1, 0, 2, 0, 1, 1, 0, 1, 1, 1, 0, 2, 1, 1, 0, 0, 0, 0, 1, 1, 2, 1, 2, 0, 0, 0, 2, 1, 0, 1, 2, 1, 2, 1, 1, 1, 1, 1, 2, 0, 1, 2, 0, 0, 0, 1, 0, 1, 0, 0, 1, 0, 0, 0, 2, 0, 0, 1, 1, 0, 0, 1, 1, 0, 0, 2]|[4, 3, 2, 2, 0, 0, 2, 2, 2, 4, 1, 1, 2, 4, 4, 1, 1, 4, 2, 1, 1, 1, 1, 2, 1, 2, 1, 1, 1, 1, 3, 2, 3, 0, 4, 0, 1, 1, 0, 3, 2, 2, 4, 0, 1, 1, 3, 2, 0, 1, 2, 2, 1, 4, 0, 3, 2, 1, 1, 2, 1, 3, 1, 1, 1, 3, 0, 4, 3, 1, 4, 1, 1, 2, 4, 1, 2, 1, 1, 3, 2, 3, 1, 1, 1, 1, 1, 1, 1, 1, 2, 3, 4, 1, 2, 1, 3, 2, 2, 1]|[0, 2, 1, 1, 3, 3, 0, 1, 0, 0, 0, 0, 1, 0, 1, 0, 0, 3, 1, 0, 0, 0, 3, 1, 0, 2, 0, 0, 0, 1, 0, 0, 0, 0, 3, 0, 1, 0, 0, 2, 1, 1, 2, 0, 0, 0, 0, 1, 1, 0, 0, 0, 1, 3, 0, 0, 1, 0, 0, 1, 0, 2, 0, 1, 0, 2, 1, 0, 0, 1, 1, 3, 0, 1, 3, 0, 1, 0, 0, 2, 1, 0, 0, 0, 1, 0, 0, 0, 0, 0, 1, 2, 3, 1, 0, 1, 0, 0, 0, 0],802.5281847645216,57652.86795409501,87938.17744329936,false
49,G1_CMAX,G1_CMAX,[31, 22, 90, 26, 58, 95, 42, 12, 93, 5, 78, 86, 98, 18, 20, 35, 3, 97, 91, 76, 10, 85, 54, 45, 63, 71, 66, 1, 23, 17, 24, 60, 36, 6, 57, 15, 65, 56, 47, 79, 94, 67, 50, 46, 14, 75, 38, 9, 30, 19, 32, 81, 27, 92, 83, 87, 40, 99, 59, 11, 53, 16, 72, 77, 73, 70, 39, 37, 84, 43, 62, 25, 55, 28, 29, 51, 68, 82, 74, 61, 88, 21, 80, 89, 7, 69, 96, 41, 48, 4, 8, 34, 49, 52, 0, 44, 13, 2, 64, 33]|[1, 1, 1, 1, 0, 2, 1, 1, 2, 2, 2, 1, 0, 1, 2, 2, 1, 2, 0, 1, 2, 2, 2, 0, 0, 1, 2, 1, 2, 1, 2, 1, 1, 0, 1, 1, 0, 2, 2, 1, 1, 0, 0, 0, 0, 1, 1, 1, 1, 2, 1, 2, 2, 0, 0, 2, 1, 0, 0, 2, 0, 1, 2, 2, 1, 1, 1, 1, 1, 1, 0, 1, 1, 0, 0, 0, 0, 0, 2, 1, 1, 0, 0, 1, 1, 1, 2, 2, 0, 1, 1, 2, 0, 1, 0, 0, 0, 0, 2, 2]|[0, 4, 3, 0, 1, 1, 2, 4, 1, 1, 2, 4, 1, 4, 1, 1, 1, 2, 2, 2, 2, 1, 1, 1, 2, 3, 2, 3, 0, 4, 1, 0, 3, 2, 2, 2, 1, 1, 1, 0, 2, 0, 1, 2, 1, 3, 1, 4, 2, 0, 3, 2, 1, 2, 1, 1, 4, 1, 1, 1, 2, 3, 0, 2, 4, 3, 1, 4, 1, 1, 1, 4, 4, 2, 1, 1, 1, 2, 1, 3, 0, 1, 1, 1, 1, 3, 1, 1, 1, 4, 3, 1, 1, 1, 2, 2, 2, 2, 1, 1]|[3, 0, 2, 3, 0, 0, 1, 0, 0, 0, 1, 0, 0, 3, 0, 0, 1, 1, 1, 2, 1, 0, 0, 0, 0, 0, 0, 0, 0, 3, 1, 0, 2, 1, 1, 1, 0, 0, 0, 0, 1, 1, 0, 0, 0, 0, 1, 3, 2, 0, 0, 1, 0, 1, 0, 0, 2, 0, 0, 0, 1, 2, 1, 1, 0, 0, 1, 1, 3, 3, 0, 3, 3, 1, 0, 0, 0, 1, 0, 0, 0, 0, 0, 1, 2, 2, 0, 0, 0, 0, 2, 0, 1, 1, 0, 0, 0, 0, 0, 0],705.0470749739228,58445.79123614564,95781.2895945797,false
49,G4_BALANCED,G4_BALANCED,[31, 22, 82, 15, 26, 9, 95, 42, 77, 68, 47, 5, 93, 78, 86, 54, 85, 63, 18, 44, 20, 49, 36, 14, 74, 50, 53, 17, 21, 28, 11, 64, 3, 23, 30, 83, 24, 41, 40, 52, 65, 27, 90, 70, 39, 87, 48, 69, 99, 4, 46, 1, 13, 58, 19, 59, 45, 8, 73, 37, 35, 79, 71, 66, 76, 32, 60, 80, 96, 6, 16, 61, 33, 7, 57, 34, 12, 0, 10, 98, 56, 88, 43, 84, 91, 38, 75, 92, 29, 97, 51, 55, 72, 89, 25, 81, 94, 2, 62, 67]|[2, 1, 2, 1, 1, 0, 1, 1, 1, 1, 1, 0, 2, 2, 1, 2, 0, 0, 0, 2, 2, 1, 0, 2, 0, 2, 2, 1, 0, 1, 1, 1, 0, 0, 1, 0, 2, 1, 2, 2, 0, 0, 1, 1, 0, 2, 0, 2, 1, 0, 0, 2, 0, 0, 2, 0, 1, 1, 0, 0, 2, 1, 1, 1, 2, 0, 2, 2, 0, 1, 2, 1, 1, 2, 0, 1, 1, 2, 1, 2, 2, 1, 1, 0, 1, 0, 0, 0, 1, 1, 1, 0, 1, 1, 1, 1, 2, 2, 1, 2]|[0, 3, 0, 3, 4, 1, 4, 4, 2, 4, 3, 2, 1, 0, 2, 1, 1, 1, 2, 1, 1, 3, 0, 1, 0, 1, 1, 4, 1, 4, 3, 2, 2, 0, 4, 1, 1, 4, 1, 1, 2, 1, 4, 4, 1, 1, 0, 2, 3, 2, 2, 1, 2, 1, 1, 2, 4, 3, 0, 2, 2, 3, 3, 1, 1, 2, 1, 1, 2, 4, 1, 3, 4, 1, 2, 4, 3, 1, 3, 1, 1, 4, 4, 2, 3, 2, 2, 2, 3, 4, 3, 2, 4, 4, 4, 4, 1, 1, 3, 1]|[0, 2, 0, 0, 3, 0, 1, 3, 0, 0, 2, 0, 1, 0, 1, 0, 0, 0, 1, 0, 0, 2, 0, 0, 1, 0, 0, 3, 0, 1, 0, 2, 0, 0, 3, 0, 1, 1, 0, 0, 0, 0, 1, 3, 0, 0, 1, 0, 2, 0, 0, 0, 0, 1, 1, 0, 1, 0, 1, 1, 0, 2, 0, 2, 0, 0, 0, 0, 0, 2, 0, 0, 1, 0, 0, 1, 0, 0, 3, 0, 0, 1, 2, 0, 0, 0, 0, 0, 3, 1, 0, 0, 1, 1, 3, 2, 0, 0, 0, 0],868.7994921460532,50068.77001334401,103601.68288749359,false
49,G2_TEC,G2_TEC,[31, 22, 82, 15, 26, 9, 95, 42, 77, 68, 47, 5, 93, 78, 86, 54, 85, 63, 18, 44, 20, 49, 36, 14, 74, 50, 53, 17, 21, 28, 11, 64, 3, 23, 30, 83, 24, 41, 40, 52, 65, 27, 90, 70, 39, 87, 48, 69, 99, 4, 75, 1, 13, 58, 97, 59, 45, 8, 73, 37, 35, 79, 71, 66, 76, 32, 60, 80, 56, 6, 67, 61, 33, 7, 57, 34, 12, 16, 10, 98, 96, 88, 43, 81, 91, 2, 84, 29, 92, 19, 51, 55, 89, 25, 72, 46, 94, 38, 62, 0]|[2, 1, 2, 1, 1, 2, 1, 1, 1, 1, 1, 0, 2, 2, 1, 2, 0, 0, 0, 2, 2, 1, 0, 2, 0, 2, 2, 1, 0, 1, 1, 1, 0, 0, 1, 0, 2, 1, 2, 2, 0, 0, 1, 1, 0, 2, 0, 2, 1, 0, 0, 2, 0, 2, 2, 0, 1, 1, 0, 0, 2, 1, 1, 2, 2, 0, 2, 2, 2, 1, 2, 1, 1, 2, 0, 1, 1, 2, 1, 2, 0, 1, 1, 1, 1, 0, 0, 1, 0, 1, 1, 0, 1, 1, 1, 0, 2, 0, 1, 0]|[0, 3, 0, 3, 4, 1, 4, 4, 4, 4, 3, 2, 1, 0, 2, 1, 1, 1, 2, 1, 1, 3, 0, 1, 0, 1, 1, 4, 1, 4, 3, 2, 2, 0, 4, 1, 1, 4, 1, 1, 2, 1, 4, 4, 1, 1, 0, 1, 3, 2, 2, 1, 2, 1, 1, 2, 4, 3, 0, 2, 1, 3, 3, 1, 1, 2, 1, 1, 1, 4, 1, 3, 4, 1, 2, 4, 3, 1, 3, 1, 2, 4, 4, 4, 3, 2, 2, 3, 2, 4, 3, 2, 4, 4, 4, 2, 1, 2, 3, 2]|[0, 2, 0, 0, 3, 0, 1, 3, 1, 0, 2, 0, 1, 0, 1, 0, 0, 0, 1, 0, 0, 2, 0, 0, 1, 0, 0, 3, 0, 1, 0, 2, 0, 0, 3, 0, 1, 1, 0, 0, 0, 0, 1, 3, 0, 0, 1, 0, 2, 0, 0, 0, 0, 0, 1, 0, 1, 0, 1, 1, 0, 2, 0, 0, 0, 0, 0, 0, 0, 2, 0, 0, 1, 0, 0, 1, 0, 0, 3, 0, 0, 1, 2, 2, 0, 0, 0, 3, 0, 1, 0, 0, 1, 3, 1, 0, 0, 0, 0, 0],910.6024065900936,48491.8951558845,107376.01945264004,false
49,G3_TWC,G3_TWC,[31, 22, 42, 15, 26, 58, 95, 82, 77, 12, 47, 5, 93, 78, 98, 54, 85, 63, 18, 44, 20, 35, 43, 97, 91, 76, 10, 30, 21, 45, 71, 64, 1, 23, 17, 83, 24, 61, 60, 36, 6, 57, 94, 88, 65, 56, 79, 40, 67, 68, 46, 75, 38, 9, 19, 32, 81, 41, 27, 62, 87, 90, 99, 59, 11, 16, 72, 73, 70, 39, 37, 84, 3, 92, 25, 74, 28, 29, 51, 7, 53, 14, 86, 48, 89, 50, 66, 96, 33, 80, 4, 8, 55, 49, 0, 52, 69, 2, 13, 34]|[1, 1, 0, 1, 1, 1, 2, 1, 2, 1, 2, 2, 2, 1, 1, 0, 0, 1, 0, 2, 2, 0, 1, 2, 0, 1, 2, 2, 0, 0, 1, 2, 1, 2, 1, 0, 2, 0, 1, 1, 0, 1, 1, 1, 0, 2, 1, 1, 0, 0, 0, 0, 1, 1, 2, 1, 2, 0, 0, 0, 2, 1, 0, 1, 2, 1, 2, 1, 1, 1, 1, 1, 2, 0, 1, 2, 0, 0, 0, 1, 0, 1, 0, 0, 1, 0, 0, 0, 2, 0, 0, 1, 1, 0, 0, 1, 1, 0, 0, 2]|[4, 3, 2, 2, 0, 0, 2, 2, 2, 4, 1, 1, 2, 4, 4, 1, 1, 4, 2, 1, 1, 1, 1, 2, 1, 2, 1, 1, 1, 1, 3, 2, 3, 0, 4, 0, 1, 1, 0, 3, 2, 2, 4, 0, 1, 1, 3, 2, 0, 1, 2, 2, 1, 4, 0, 3, 2, 1, 1, 2, 1, 3, 1, 1, 1, 3, 0, 4, 3, 1, 4, 1, 1, 2, 4, 1, 2, 1, 1, 3, 2, 3, 1, 1, 1, 1, 1, 1, 1, 1, 2, 3, 4, 1, 2, 1, 3, 2, 2, 1]|[0, 2, 1, 1, 3, 3, 0, 1, 0, 0, 0, 0, 1, 0, 1, 0, 0, 3, 1, 0, 0, 0, 3, 1, 0, 2, 0, 0, 0, 1, 0, 0, 0, 0, 3, 0, 1, 0, 0, 2, 1, 1, 2, 0, 0, 0, 0, 1, 1, 0, 0, 0, 1, 3, 0, 0, 1, 0, 0, 1, 0, 2, 0, 1, 0, 2, 1, 0, 0, 1, 1, 3, 0, 1, 3, 0, 1, 0, 0, 2, 1, 0, 0, 0, 1, 0, 0, 0, 0, 0, 1, 2, 3, 1, 0, 1, 0, 0, 0, 0],802.5281847645216,57652.86795409501,87938.17744329936,false
49,G1_CMAX,G1_CMAX,[31, 22, 90, 26, 58, 95, 42, 12, 93, 5, 78, 86, 98, 18, 20, 35, 3, 97, 91, 76, 10, 85, 54, 45, 63, 71, 66, 1, 23, 17, 24, 60, 36, 6, 57, 15, 65, 56, 47, 79, 94, 67, 50, 46, 14, 75, 38, 9, 30, 19, 32, 81, 27, 92, 83, 87, 40, 99, 59, 11, 53, 16, 72, 77, 73, 70, 39, 37, 84, 43, 62, 25, 55, 28, 29, 51, 68, 82, 74, 61, 88, 21, 80, 89, 7, 69, 96, 41, 48, 4, 8, 34, 49, 52, 0, 44, 13, 2, 64, 33]|[1, 1, 1, 1, 0, 2, 1, 1, 2, 2, 2, 1, 0, 1, 2, 2, 1, 2, 0, 1, 2, 2, 2, 0, 0, 1, 2, 1, 2, 1, 2, 1, 1, 0, 1, 1, 0, 2, 2, 1, 1, 0, 0, 0, 0, 1, 1, 1, 1, 2, 1, 2, 2, 0, 0, 2, 1, 0, 0, 2, 0, 1, 2, 2, 1, 1, 1, 1, 1, 1, 0, 1, 1, 0, 0, 0, 0, 0, 2, 1, 1, 0, 0, 1, 1, 1, 2, 2, 0, 1, 1, 2, 0, 1, 0, 0, 0, 0, 2, 2]|[0, 4, 3, 0, 1, 1, 2, 4, 1, 1, 2, 4, 1, 4, 1, 1, 1, 2, 2, 2, 2, 1, 1, 1, 2, 3, 2, 3, 0, 4, 1, 0, 3, 2, 2, 2, 1, 1, 1, 0, 2, 0, 1, 2, 1, 3, 1, 4, 2, 0, 3, 2, 1, 2, 1, 1, 4, 1, 1, 1, 2, 3, 0, 2, 4, 3, 1, 4, 1, 1, 1, 4, 4, 2, 1, 1, 1, 2, 1, 3, 0, 1, 1, 1, 1, 3, 1, 1, 1, 4, 3, 1, 1, 1, 2, 2, 2, 2, 1, 1]|[3, 0, 2, 3, 0, 0, 1, 0, 0, 0, 1, 0, 0, 3, 0, 0, 1, 1, 1, 2, 1, 0, 0, 0, 0, 0, 0, 0, 0, 3, 1, 0, 2, 1, 1, 1, 0, 0, 0, 0, 1, 1, 0, 0, 0, 0, 1, 3, 2, 0, 0, 1, 0, 1, 0, 0, 2, 0, 0, 0, 1, 2, 1, 1, 0, 0, 1, 1, 3, 3, 0, 3, 3, 1, 0, 0, 0, 1, 0, 0, 0, 0, 0, 1, 2, 2, 0, 0, 0, 0, 2, 0, 1, 1, 0, 0, 0, 0, 0, 0],705.0470749739228,58445.79123614564,95781.2895945797,false
49,G4_BALANCED,G3_TWC,[31, 22, 42, 15, 26, 58, 95, 82, 77, 12, 47, 5, 93, 78, 98, 54, 85, 63, 18, 44, 20, 35, 43, 97, 91, 76, 10, 30, 21, 45, 71, 64, 1, 23, 17, 83, 24, 61, 60, 36, 6, 57, 40, 88, 65, 56, 79, 94, 67, 68, 46, 75, 38, 9, 19, 32, 81, 41, 27, 62, 87, 90, 99, 59, 11, 16, 72, 73, 70, 39, 37, 84, 3, 92, 25, 55, 28, 29, 51, 7, 33, 14, 86, 48, 89, 50, 4, 96, 53, 80, 66, 8, 34, 49, 52, 0, 13, 2, 69, 74]|[1, 1, 0, 1, 1, 1, 2, 1, 2, 1, 2, 2, 2, 1, 1, 0, 0, 1, 0, 2, 2, 0, 1, 2, 0, 1, 2, 2, 0, 0, 1, 2, 1, 2, 1, 0, 2, 0, 1, 1, 0, 1, 1, 1, 0, 2, 1, 1, 0, 0, 0, 0, 1, 1, 2, 1, 2, 0, 0, 0, 2, 1, 0, 1, 2, 1, 2, 1, 1, 1, 1, 1, 2, 0, 1, 1, 0, 0, 0, 1, 2, 1, 0, 0, 1, 0, 0, 0, 0, 0, 0, 1, 2, 0, 1, 0, 0, 0, 1, 2]|[4, 3, 2, 2, 0, 0, 2, 2, 2, 4, 1, 1, 2, 4, 4, 1, 1, 4, 2, 1, 1, 1, 1, 2, 1, 2, 1, 1, 1, 1, 3, 2, 3, 1, 4, 0, 1, 1, 0, 3, 2, 2, 2, 0, 1, 1, 0, 4, 0, 1, 2, 2, 1, 4, 0, 3, 2, 1, 1, 2, 1, 3, 1, 1, 1, 3, 0, 4, 3, 1, 4, 1, 1, 2, 4, 4, 2, 1, 1, 3, 1, 3, 1, 1, 1, 1, 2, 1, 2, 1, 1, 3, 1, 2, 1, 2, 2, 2, 3, 1]|[0, 2, 1, 1, 3, 3, 0, 1, 0, 0, 0, 0, 1, 0, 1, 0, 0, 3, 1, 0, 0, 0, 3, 1, 0, 2, 0, 0, 0, 1, 0, 0, 0, 0, 3, 0, 1, 0, 0, 2, 1, 1, 1, 0, 0, 0, 0, 2, 1, 0, 0, 0, 1, 3, 0, 0, 1, 0, 0, 1, 0, 2, 0, 1, 0, 2, 1, 0, 0, 1, 1, 3, 0, 1, 3, 3, 1, 0, 0, 2, 0, 0, 0, 0, 1, 0, 1, 0, 1, 0, 0, 2, 0, 1, 1, 0, 0, 0, 0, 0],839.3651923470007,57169.55283175843,88844.94793354647,true
49,G2_TEC,G2_TEC,[31, 22, 82, 15, 26, 9, 95, 42, 77, 68, 47, 5, 93, 78, 86, 54, 85, 63, 18, 44, 20, 49, 36, 14, 74, 50, 53, 17, 21, 28, 11, 64, 3, 23, 30, 83, 24, 41, 40, 52, 65, 27, 90, 70, 39, 87, 48, 69, 99, 4, 75, 1, 13, 58, 97, 59, 45, 8, 73, 37, 35, 79, 71, 66, 76, 32, 60, 80, 56, 6, 67, 61, 33, 7, 57, 34, 12, 16, 10, 98, 96, 88, 43, 81, 91, 2, 84, 29, 92, 19, 51, 55, 89, 25, 72, 46, 94, 38, 62, 0]|[2, 1, 2, 1, 1, 2, 1, 1, 1, 1, 1, 0, 2, 2, 1, 2, 0, 0, 0, 2, 2, 1, 0, 2, 0, 2, 2, 1, 0, 1, 1, 1, 0, 0, 1, 0, 2, 1, 2, 2, 0, 0, 1, 1, 0, 2, 0, 2, 1, 0, 0, 2, 0, 2, 2, 0, 1, 1, 0, 0, 2, 1, 1, 2, 2, 0, 2, 2, 2, 1, 2, 1, 1, 2, 0, 1, 1, 2, 1, 2, 0, 1, 1, 1, 1, 0, 0, 1, 0, 1, 1, 0, 1, 1, 1, 0, 2, 0, 1, 0]|[0, 3, 0, 3, 4, 1, 4, 4, 4, 4, 3, 2, 1, 0, 2, 1, 1, 1, 2, 1, 1, 3, 0, 1, 0, 1, 1, 4, 1, 4, 3, 2, 2, 0, 4, 1, 1, 4, 1, 1, 2, 1, 4, 4, 1, 1, 0, 1, 3, 2, 2, 1, 2, 1, 1, 2, 4, 3, 0, 2, 1, 3, 3, 1, 1, 2, 1, 1, 1, 4, 1, 3, 4, 1, 2, 4, 3, 1, 3, 1, 2, 4, 4, 4, 3, 2, 2, 3, 2, 4, 3, 2, 4, 4, 4, 2, 1, 2, 3, 2]|[0, 2, 0, 0, 3, 0, 1, 3, 1, 0, 2, 0, 1, 0, 1, 0, 0, 0, 1, 0, 0, 2, 0, 0, 1, 0, 0, 3, 0, 1, 0, 2, 0, 0, 3, 0, 1, 1, 0, 0, 0, 0, 1, 3, 0, 0, 1, 0, 2, 0, 0, 0, 0, 0, 1, 0, 1, 0, 1, 1, 0, 2, 0, 0, 0, 0, 0, 0, 0, 2, 0, 0, 1, 0, 0, 1, 0, 0, 3, 0, 0, 1, 2, 2, 0, 0, 0, 3, 0, 1, 0, 0, 1, 3, 1, 0, 0, 0, 0, 0],910.6024065900936,48491.8951558845,107376.01945264004,false
49,G3_TWC,G3_TWC,[31, 22, 42, 15, 26, 58, 95, 82, 77, 12, 47, 5, 93, 78, 98, 54, 85, 63, 18, 44, 20, 35, 43, 97, 91, 76, 10, 30, 21, 45, 71, 64, 1, 23, 17, 83, 24, 61, 60, 36, 6, 57, 94, 88, 65, 56, 79, 40, 67, 68, 46, 75, 38, 9, 19, 32, 81, 41, 27, 62, 87, 90, 99, 59, 11, 16, 72, 73, 70, 39, 37, 84, 3, 92, 25, 74, 28, 29, 51, 7, 53, 14, 86, 48, 89, 50, 66, 96, 33, 80, 4, 8, 55, 49, 0, 52, 69, 2, 13, 34]|[1, 1, 0, 1, 1, 1, 2, 1, 2, 1, 2, 2, 2, 1, 1, 0, 0, 1, 0, 2, 2, 0, 1, 2, 0, 1, 2, 2, 0, 0, 1, 2, 1, 2, 1, 0, 2, 0, 1, 1, 0, 1, 1, 1, 0, 2, 1, 1, 0, 0, 0, 0, 1, 1, 2, 1, 2, 0, 0, 0, 2, 1, 0, 1, 2, 1, 2, 1, 1, 1, 1, 1, 2, 0, 1, 2, 0, 0, 0, 1, 0, 1, 0, 0, 1, 0, 0, 0, 2, 0, 0, 1, 1, 0, 0, 1, 1, 0, 0, 2]|[4, 3, 2, 2, 0, 0, 2, 2, 2, 4, 1, 1, 2, 4, 4, 1, 1, 4, 2, 1, 1, 1, 1, 2, 1, 2, 1, 1, 1, 1, 3, 2, 3, 0, 4, 0, 1, 1, 0, 3, 2, 2, 4, 0, 1, 1, 3, 2, 0, 1, 2, 2, 1, 4, 0, 3, 2, 1, 1, 2, 1, 3, 1, 1, 1, 3, 0, 4, 3, 1, 4, 1, 1, 2, 4, 1, 2, 1, 1, 3, 2, 3, 1, 1, 1, 1, 1, 1, 1, 1, 2, 3, 4, 1, 2, 1, 3, 2, 2, 1]|[0, 2, 1, 1, 3, 3, 0, 1, 0, 0, 0, 0, 1, 0, 1, 0, 0, 3, 1, 0, 0, 0, 3, 1, 0, 2, 0, 0, 0, 1, 0, 0, 0, 0, 3, 0, 1, 0, 0, 2, 1, 1, 2, 0, 0, 0, 0, 1, 1, 0, 0, 0, 1, 3, 0, 0, 1, 0, 0, 1, 0, 2, 0, 1, 0, 2, 1, 0, 0, 1, 1, 3, 0, 1, 3, 0, 1, 0, 0, 2, 1, 0, 0, 0, 1, 0, 0, 0, 0, 0, 1, 2, 3, 1, 0, 1, 0, 0, 0, 0],802.5281847645216,57652.86795409501,87938.17744329936,false
49,G1_CMAX,G1_CMAX,[31, 22, 90, 26, 58, 95, 42, 12, 93, 5, 78, 86, 98, 18, 20, 35, 3, 97, 91, 76, 10, 85, 54, 45, 63, 71, 66, 1, 23, 17, 24, 60, 36, 6, 57, 15, 65, 56, 47, 79, 94, 67, 50, 46, 14, 75, 38, 9, 30, 19, 32, 81, 27, 92, 83, 87, 40, 99, 59, 11, 53, 16, 72, 77, 73, 70, 39, 37, 84, 43, 62, 25, 55, 28, 29, 51, 68, 82, 74, 61, 88, 21, 80, 89, 7, 69, 96, 41, 48, 4, 8, 34, 49, 52, 0, 44, 13, 2, 64, 33]|[1, 1, 1, 1, 0, 2, 1, 1, 2, 2, 2, 1, 0, 1, 2, 2, 1, 2, 0, 1, 2, 2, 2, 0, 0, 1, 2, 1, 2, 1, 2, 1, 1, 0, 1, 1, 0, 2, 2, 1, 1, 0, 0, 0, 0, 1, 1, 1, 1, 2, 1, 2, 2, 0, 0, 2, 1, 0, 0, 2, 0, 1, 2, 2, 1, 1, 1, 1, 1, 1, 0, 1, 1, 0, 0, 0, 0, 0, 2, 1, 1, 0, 0, 1, 1, 1, 2, 2, 0, 1, 1, 2, 0, 1, 0, 0, 0, 0, 2, 2]|[0, 4, 3, 0, 1, 1, 2, 4, 1, 1, 2, 4, 1, 4, 1, 1, 1, 2, 2, 2, 2, 1, 1, 1, 2, 3, 2, 3, 0, 4, 1, 0, 3, 2, 2, 2, 1, 1, 1, 0, 2, 0, 1, 2, 1, 3, 1, 4, 2, 0, 3, 2, 1, 2, 1, 1, 4, 1, 1, 1, 2, 3, 0, 2, 4, 3, 1, 4, 1, 1, 1, 4, 4, 2, 1, 1, 1, 2, 1, 3, 0, 1, 1, 1, 1, 3, 1, 1, 1, 4, 3, 1, 1, 1, 2, 2, 2, 2, 1, 1]|[3, 0, 2, 3, 0, 0, 1, 0, 0, 0, 1, 0, 0, 3, 0, 0, 1, 1, 1, 2, 1, 0, 0, 0, 0, 0, 0, 0, 0, 3, 1, 0, 2, 1, 1, 1, 0, 0, 0, 0, 1, 1, 0, 0, 0, 0, 1, 3, 2, 0, 0, 1, 0, 1, 0, 0, 2, 0, 0, 0, 1, 2, 1, 1, 0, 0, 1, 1, 3, 3, 0, 3, 3, 1, 0, 0, 0, 1, 0, 0, 0, 0, 0, 1, 2, 2, 0, 0, 0, 0, 2, 0, 1, 1, 0, 0, 0, 0, 0, 0],705.0470749739228,58445.79123614564,95781.2895945797,false
49,G4_BALANCED,G4_BALANCED,[31, 11, 15, 82, 26, 9, 95, 32, 77, 68, 47, 5, 93, 78, 86, 54, 85, 63, 18, 44, 20, 49, 36, 14, 74, 50, 53, 17, 21, 45, 71, 64, 3, 23, 30, 83, 24, 41, 60, 52, 65, 27, 90, 70, 39, 87, 48, 69, 99, 4, 46, 1, 13, 58, 97, 59, 28, 8, 73, 37, 35, 79, 22, 66, 76, 42, 40, 80, 96, 6, 16, 61, 33, 7, 57, 34, 12, 67, 10, 98, 56, 88, 29, 75, 91, 38, 19, 92, 43, 84, 51, 72, 81, 0, 2, 55, 94, 89, 62, 25]|[2, 1, 1, 2, 1, 2, 1, 1, 1, 1, 1, 0, 2, 2, 1, 2, 0, 0, 0, 2, 2, 1, 0, 2, 0, 2, 2, 1, 0, 1, 1, 1, 0, 0, 1, 0, 2, 1, 2, 2, 0, 0, 1, 1, 0, 2, 0, 2, 1, 0, 0, 2, 0, 0, 2, 0, 1, 1, 0, 0, 2, 1, 0, 2, 2, 0, 2, 2, 0, 1, 2, 1, 1, 2, 0, 1, 1, 1, 1, 2, 2, 1, 1, 0, 1, 0, 1, 0, 1, 0, 1, 1, 1, 0, 2, 0, 2, 1, 1, 1]|[1, 3, 2, 0, 4, 1, 4, 4, 2, 4, 3, 2, 1, 0, 2, 1, 1, 1, 2, 1, 1, 3, 0, 1, 0, 1, 1, 4, 1, 4, 3, 2, 2, 0, 4, 1, 1, 4, 0, 1, 2, 1, 4, 4, 1, 1, 0, 2, 3, 2, 2, 1, 2, 1, 1, 2, 4, 3, 0, 2, 2, 3, 1, 0, 1, 2, 0, 1, 2, 4, 1, 3, 4, 1, 2, 4, 3, 3, 3, 1, 1, 4, 3, 2, 3, 2, 4, 2, 4, 2, 3, 4, 1, 2, 1, 2, 1, 4, 3, 4]|[1, 2, 1, 0, 3, 0, 1, 3, 0, 0, 2, 0, 1, 0, 1, 0, 0, 0, 1, 0, 0, 2, 0, 0, 1, 0, 0, 3, 0, 1, 0, 2, 0, 1, 3, 0, 1, 3, 1, 0, 0, 0, 1, 3, 0, 0, 1, 0, 2, 0, 0, 0, 0, 0, 1, 0, 1, 0, 1, 1, 0, 2, 0, 0, 0, 0, 0, 0, 0, 2, 0, 0, 1, 0, 0, 1, 0, 0, 3, 0, 0, 1, 0, 0, 0, 0, 3, 0, 2, 0, 0, 2, 1, 0, 0, 0, 0, 1, 0, 3],846.6109372053031,52128.769557101376,106800.59864073119,false
49,G2_TEC,G2_TEC,[31, 22, 82, 15, 26, 9, 95, 42, 77, 68, 47, 5, 93, 78, 86, 54, 85, 63, 18, 44, 20, 49, 36, 14, 74, 50, 53, 17, 21, 28, 11, 64, 3, 23, 30, 83, 24, 41, 40, 52, 65, 27, 90, 70, 39, 87, 48, 69, 99, 4, 75, 1, 13, 58, 97, 59, 45, 8, 73, 37, 35, 79, 71, 66, 76, 32, 60, 80, 56, 6, 67, 61, 33, 7, 57, 34, 12, 16, 10, 98, 96, 88, 43, 81, 91, 2, 84, 29, 92, 19, 51, 55, 89, 25, 72, 46, 94, 38, 62, 0]|[2, 1, 2, 1, 1, 2, 1, 1, 1, 1, 1, 0, 2, 2, 1, 2, 0, 0, 0, 2, 2, 1, 0, 2, 0, 2, 2, 1, 0, 1, 1, 1, 0, 0, 1, 0, 2, 1, 2, 2, 0, 0, 1, 1, 0, 2, 0, 2, 1, 0, 0, 2, 0, 2, 2, 0, 1, 1, 0, 0, 2, 1, 1, 2, 2, 0, 2, 2, 2, 1, 2, 1, 1, 2, 0, 1, 1, 2, 1, 2, 0, 1, 1, 1, 1, 0, 0, 1, 0, 1, 1, 0, 1, 1, 1, 0, 2, 0, 1, 0]|[0, 3, 0, 3, 4, 1, 4, 4, 4, 4, 3, 2, 1, 0, 2, 1, 1, 1, 2, 1, 1, 3, 0, 1, 0, 1, 1, 4, 1, 4, 3, 2, 2, 0, 4, 1, 1, 4, 1, 1, 2, 1, 4, 4, 1, 1, 0, 1, 3, 2, 2, 1, 2, 1, 1, 2, 4, 3, 0, 2, 1, 3, 3, 1, 1, 2, 1, 1, 1, 4, 1, 3, 4, 1, 2, 4, 3, 1, 3, 1, 2, 4, 4, 4, 3, 2, 2, 3, 2, 4, 3, 2, 4, 4, 4, 2, 1, 2, 3, 2]|[0, 2, 0, 0, 3, 0, 1, 3, 1, 0, 2, 0, 1, 0, 1, 0, 0, 0, 1, 0, 0, 2, 0, 0, 1, 0, 0, 3, 0, 1, 0, 2, 0, 0, 3, 0, 1, 1, 0, 0, 0, 0, 1, 3, 0, 0, 1, 0, 2, 0, 0, 0, 0, 0, 1, 0, 1, 0, 1, 1, 0, 2, 0, 0, 0, 0, 0, 0, 0, 2, 0, 0, 1, 0, 0, 1, 0, 0, 3, 0, 0, 1, 2, 2, 0, 0, 0, 3, 0, 1, 0, 0, 1, 3, 1, 0, 0, 0, 0, 0],910.6024065900936,48491.8951558845,107376.01945264004,false
49,G3_TWC,G3_TWC,[31, 22, 42, 15, 26, 58, 95, 82, 77, 12, 47, 5, 93, 78, 98, 54, 85, 63, 18, 44, 20, 35, 43, 97, 91, 76, 10, 30, 21, 45, 71, 64, 1, 23, 17, 83, 24, 61, 60, 36, 6, 57, 94, 88, 65, 56, 79, 40, 67, 68, 46, 75, 38, 9, 19, 32, 81, 41, 27, 62, 87, 90, 99, 59, 11, 16, 72, 73, 70, 39, 37, 84, 3, 92, 25, 74, 28, 29, 51, 7, 53, 14, 86, 48, 89, 50, 66, 96, 33, 80, 4, 8, 55, 49, 0, 52, 69, 2, 13, 34]|[1, 1, 0, 1, 1, 1, 2, 1, 2, 1, 2, 2, 2, 1, 1, 0, 0, 1, 0, 2, 2, 0, 1, 2, 0, 1, 2, 2, 0, 0, 1, 2, 1, 2, 1, 0, 2, 0, 1, 1, 0, 1, 1, 1, 0, 2, 1, 1, 0, 0, 0, 0, 1, 1, 2, 1, 2, 0, 0, 0, 2, 1, 0, 1, 2, 1, 2, 1, 1, 1, 1, 1, 2, 0, 1, 2, 0, 0, 0, 1, 0, 1, 0, 0, 1, 0, 0, 0, 2, 0, 0, 1, 1, 0, 0, 1, 1, 0, 0, 2]|[4, 3, 2, 2, 0, 0, 2, 2, 2, 4, 1, 1, 2, 4, 4, 1, 1, 4, 2, 1, 1, 1, 1, 2, 1, 2, 1, 1, 1, 1, 3, 2, 3, 0, 4, 0, 1, 1, 0, 3, 2, 2, 4, 0, 1, 1, 3, 2, 0, 1, 2, 2, 1, 4, 0, 3, 2, 1, 1, 2, 1, 3, 1, 1, 1, 3, 0, 4, 3, 1, 4, 1, 1, 2, 4, 1, 2, 1, 1, 3, 2, 3, 1, 1, 1, 1, 1, 1, 1, 1, 2, 3, 4, 1, 2, 1, 3, 2, 2, 1]|[0, 2, 1, 1, 3, 3, 0, 1, 0, 0, 0, 0, 1, 0, 1, 0, 0, 3, 1, 0, 0, 0, 3, 1, 0, 2, 0, 0, 0, 1, 0, 0, 0, 0, 3, 0, 1, 0, 0, 2, 1, 1, 2, 0, 0, 0, 0, 1, 1, 0, 0, 0, 1, 3, 0, 0, 1, 0, 0, 1, 0, 2, 0, 1, 0, 2, 1, 0, 0, 1, 1, 3, 0, 1, 3, 0, 1, 0, 0, 2, 1, 0, 0, 0, 1, 0, 0, 0, 0, 0, 1, 2, 3, 1, 0, 1, 0, 0, 0, 0],802.5281847645216,57652.86795409501,87938.17744329936,false
49,G1_CMAX,G1_CMAX,[31, 22, 90, 26, 58, 95, 42, 12, 93, 5, 78, 86, 98, 18, 20, 35, 3, 97, 91, 76, 10, 85, 54, 45, 63, 71, 66, 1, 23, 17, 24, 60, 36, 6, 57, 15, 65, 56, 47, 79, 94, 67, 50, 46, 14, 75, 38, 9, 30, 19, 32, 81, 27, 92, 83, 87, 40, 99, 59, 11, 53, 16, 72, 77, 73, 70, 39, 37, 84, 43, 62, 25, 55, 28, 29, 51, 68, 82, 74, 61, 88, 21, 80, 89, 7, 69, 96, 41, 48, 4, 8, 34, 49, 52, 0, 44, 13, 2, 64, 33]|[1, 1, 1, 1, 0, 2, 1, 1, 2, 2, 2, 1, 0, 1, 2, 2, 1, 2, 0, 1, 2, 2, 2, 0, 0, 1, 2, 1, 2, 1, 2, 1, 1, 0, 1, 1, 0, 2, 2, 1, 1, 0, 0, 0, 0, 1, 1, 1, 1, 2, 1, 2, 2, 0, 0, 2, 1, 0, 0, 2, 0, 1, 2, 2, 1, 1, 1, 1, 1, 1, 0, 1, 1, 0, 0, 0, 0, 0, 2, 1, 1, 0, 0, 1, 1, 1, 2, 2, 0, 1, 1, 2, 0, 1, 0, 0, 0, 0, 2, 2]|[0, 4, 3, 0, 1, 1, 2, 4, 1, 1, 2, 4, 1, 4, 1, 1, 1, 2, 2, 2, 2, 1, 1, 1, 2, 3, 2, 3, 0, 4, 1, 0, 3, 2, 2, 2, 1, 1, 1, 0, 2, 0, 1, 2, 1, 3, 1, 4, 2, 0, 3, 2, 1, 2, 1, 1, 4, 1, 1, 1, 2, 3, 0, 2, 4, 3, 1, 4, 1, 1, 1, 4, 4, 2, 1, 1, 1, 2, 1, 3, 0, 1, 1, 1, 1, 3, 1, 1, 1, 4, 3, 1, 1, 1, 2, 2, 2, 2, 1, 1]|[3, 0, 2, 3, 0, 0, 1, 0, 0, 0, 1, 0, 0, 3, 0, 0, 1, 1, 1, 2, 1, 0, 0, 0, 0, 0, 0, 0, 0, 3, 1, 0, 2, 1, 1, 1, 0, 0, 0, 0, 1, 1, 0, 0, 0, 0, 1, 3, 2, 0, 0, 1, 0, 1, 0, 0, 2, 0, 0, 0, 1, 2, 1, 1, 0, 0, 1, 1, 3, 3, 0, 3, 3, 1, 0, 0, 0, 1, 0, 0, 0, 0, 0, 1, 2, 2, 0, 0, 0, 0, 2, 0, 1, 1, 0, 0, 0, 0, 0, 0],705.0470749739228,58445.79123614564,95781.2895945797,false
49,G4_BALANCED,G4_BALANCED,[31, 11, 15, 82, 26, 9, 95, 32, 77, 68, 47, 5, 93, 78, 86, 54, 85, 63, 18, 44, 20, 49, 36, 14, 74, 50, 53, 17, 21, 45, 71, 64, 3, 23, 30, 83, 24, 41, 60, 52, 65, 27, 90, 70, 39, 87, 48, 69, 99, 4, 46, 1, 13, 58, 97, 59, 28, 8, 73, 37, 35, 79, 22, 66, 76, 42, 40, 80, 96, 6, 16, 61, 33, 7, 57, 34, 12, 67, 10, 98, 56, 88, 29, 75, 91, 38, 19, 92, 43, 84, 51, 72, 81, 0, 2, 55, 94, 89, 62, 25]|[2, 1, 1, 2, 1, 2, 1, 1, 1, 1, 1, 0, 2, 2, 1, 2, 0, 0, 0, 2, 2, 1, 0, 2, 0, 2, 2, 1, 0, 1, 1, 1, 0, 0, 1, 0, 2, 1, 2, 2, 0, 0, 1, 1, 0, 2, 0, 2, 1, 0, 0, 2, 0, 0, 2, 0, 1, 1, 0, 0, 2, 1, 0, 2, 2, 0, 2, 2, 0, 1, 2, 1, 1, 2, 0, 1, 1, 1, 1, 2, 2, 1, 1, 0, 1, 0, 1, 0, 1, 0, 1, 1, 1, 0, 2, 0, 2, 1, 1, 1]|[1, 3, 2, 0, 4, 1, 4, 4, 2, 4, 3, 2, 1, 0, 2, 1, 1, 1, 2, 1, 1, 3, 0, 1, 0, 1, 1, 4, 1, 4, 3, 2, 2, 0, 4, 1, 1, 4, 0, 1, 2, 1, 4, 4, 1, 1, 0, 2, 3, 2, 2, 1, 2, 1, 1, 2, 4, 3, 0, 2, 2, 3, 1, 0, 1, 2, 0, 1, 2, 4, 1, 3, 4, 1, 2, 4, 3, 3, 3, 1, 1, 4, 3, 2, 3, 2, 4, 2, 4, 2, 3, 4, 1, 2, 1, 2, 1, 4, 3, 4]|[1, 2, 1, 0, 3, 0, 1, 3, 0, 0, 2, 0, 1, 0, 1, 0, 0, 0, 1, 0, 0, 2, 0, 0, 1, 0, 0, 3, 0, 1, 0, 2, 0, 1, 3, 0, 1, 3, 1, 0, 0, 0, 1, 3, 0, 0, 1, 0, 2, 0, 0, 0, 0, 0, 1, 0, 1, 0, 1, 1, 0, 2, 0, 0, 0, 0, 0, 0, 0, 2, 0, 0, 1, 0, 0, 1, 0, 0, 3, 0, 0, 1, 0, 0, 0, 0, 3, 0, 2, 0, 0, 2, 1, 0, 0, 0, 0, 1, 0, 3],846.6109372053031,52128.769557101376,106800.59864073119,false
49,G2_TEC,G2_TEC,[31, 22, 82, 15, 26, 9, 95, 42, 77, 68, 47, 5, 93, 78, 86, 54, 85, 63, 18, 44, 20, 49, 36, 14, 74, 50, 53, 17, 21, 28, 11, 64, 3, 23, 30, 83, 24, 41, 40, 52, 65, 27, 90, 70, 39, 87, 48, 69, 99, 4, 75, 1, 13, 58, 97, 59, 45, 8, 73, 37, 35, 79, 71, 66, 76, 32, 60, 80, 56, 6, 67, 61, 33, 7, 57, 34, 12, 16, 10, 98, 96, 88, 43, 81, 91, 2, 84, 29, 92, 19, 51, 55, 89, 25, 72, 46, 94, 38, 62, 0]|[2, 1, 2, 1, 1, 2, 1, 1, 1, 1, 1, 0, 2, 2, 1, 2, 0, 0, 0, 2, 2, 1, 0, 2, 0, 2, 2, 1, 0, 1, 1, 1, 0, 0, 1, 0, 2, 1, 2, 2, 0, 0, 1, 1, 0, 2, 0, 2, 1, 0, 0, 2, 0, 2, 2, 0, 1, 1, 0, 0, 2, 1, 1, 2, 2, 0, 2, 2, 2, 1, 2, 1, 1, 2, 0, 1, 1, 2, 1, 2, 0, 1, 1, 1, 1, 0, 0, 1, 0, 1, 1, 0, 1, 1, 1, 0, 2, 0, 1, 0]|[0, 3, 0, 3, 4, 1, 4, 4, 4, 4, 3, 2, 1, 0, 2, 1, 1, 1, 2, 1, 1, 3, 0, 1, 0, 1, 1, 4, 1, 4, 3, 2, 2, 0, 4, 1, 1, 4, 1, 1, 2, 1, 4, 4, 1, 1, 0, 1, 3, 2, 2, 1, 2, 1, 1, 2, 4, 3, 0, 2, 1, 3, 3, 1, 1, 2, 1, 1, 1, 4, 1, 3, 4, 1, 2, 4, 3, 1, 3, 1, 2, 4, 4, 4, 3, 2, 2, 3, 2, 4, 3, 2, 4, 4, 4, 2, 1, 2, 3, 2]|[0, 2, 0, 0, 3, 0, 1, 3, 1, 0, 2, 0, 1, 0, 1, 0, 0, 0, 1, 0, 0, 2, 0, 0, 1, 0, 0, 3, 0, 1, 0, 2, 0, 0, 3, 0, 1, 1, 0, 0, 0, 0, 1, 3, 0, 0, 1, 0, 2, 0, 0, 0, 0, 0, 1, 0, 1, 0, 1, 1, 0, 2, 0, 0, 0, 0, 0, 0, 0, 2, 0, 0, 1, 0, 0, 1, 0, 0, 3, 0, 0, 1, 2, 2, 0, 0, 0, 3, 0, 1, 0, 0, 1, 3, 1, 0, 0, 0, 0, 0],910.6024065900936,48491.8951558845,107376.01945264004,false
49,G3_TWC,G3_TWC,[31, 22, 42, 15, 26, 58, 95, 82, 77, 12, 47, 5, 93, 78, 98, 54, 85, 63, 18, 44, 20, 35, 43, 97, 91, 76, 10, 30, 21, 45, 71, 64, 1, 23, 17, 83, 24, 61, 60, 36, 6, 57, 94, 88, 65, 56, 79, 40, 67, 68, 46, 75, 38, 9, 19, 32, 81, 41, 27, 62, 87, 90, 99, 59, 11, 16, 72, 73, 70, 39, 37, 84, 3, 92, 25, 74, 28, 29, 51, 7, 53, 14, 86, 48, 89, 50, 66, 96, 33, 80, 4, 8, 55, 49, 0, 52, 69, 2, 13, 34]|[1, 1, 0, 1, 1, 1, 2, 1, 2, 1, 2, 2, 2, 1, 1, 0, 0, 1, 0, 2, 2, 0, 1, 2, 0, 1, 2, 2, 0, 0, 1, 2, 1, 2, 1, 0, 2, 0, 1, 1, 0, 1, 1, 1, 0, 2, 1, 1, 0, 0, 0, 0, 1, 1, 2, 1, 2, 0, 0, 0, 2, 1, 0, 1, 2, 1, 2, 1, 1, 1, 1, 1, 2, 0, 1, 2, 0, 0, 0, 1, 0, 1, 0, 0, 1, 0, 0, 0, 2, 0, 0, 1, 1, 0, 0, 1, 1, 0, 0, 2]|[4, 3, 2, 2, 0, 0, 2, 2, 2, 4, 1, 1, 2, 4, 4, 1, 1, 4, 2, 1, 1, 1, 1, 2, 1, 2, 1, 1, 1, 1, 3, 2, 3, 0, 4, 0, 1, 1, 0, 3, 2, 2, 4, 0, 1, 1, 3, 2, 0, 1, 2, 2, 1, 4, 0, 3, 2, 1, 1, 2, 1, 3, 1, 1, 1, 3, 0, 4, 3, 1, 4, 1, 1, 2, 4, 1, 2, 1, 1, 3, 2, 3, 1, 1, 1, 1, 1, 1, 1, 1, 2, 3, 4, 1, 2, 1, 3, 2, 2, 1]|[0, 2, 1, 1, 3, 3, 0, 1, 0, 0, 0, 0, 1, 0, 1, 0, 0, 3, 1, 0, 0, 0, 3, 1, 0, 2, 0, 0, 0, 1, 0, 0, 0, 0, 3, 0, 1, 0, 0, 2, 1, 1, 2, 0, 0, 0, 0, 1, 1, 0, 0, 0, 1, 3, 0, 0, 1, 0, 0, 1, 0, 2, 0, 1, 0, 2, 1, 0, 0, 1, 1, 3, 0, 1, 3, 0, 1, 0, 0, 2, 1, 0, 0, 0, 1, 0, 0, 0, 0, 0, 1, 2, 3, 1, 0, 1, 0, 0, 0, 0],802.5281847645216,57652.86795409501,87938.17744329936,false
49,G1_CMAX,G1_CMAX,[31, 22, 90, 26, 58, 95, 42, 12, 93, 5, 78, 86, 98, 18, 20, 35, 3, 97, 91, 76, 10, 85, 54, 45, 63, 71, 66, 1, 23, 17, 24, 60, 36, 6, 57, 15, 65, 56, 47, 79, 94, 67, 50, 46, 14, 75, 38, 9, 30, 19, 32, 81, 27, 92, 83, 87, 40, 99, 59, 11, 53, 16, 72, 77, 73, 70, 39, 37, 84, 43, 62, 25, 55, 28, 29, 51, 68, 82, 74, 61, 88, 21, 80, 89, 7, 69, 96, 41, 48, 4, 8, 34, 49, 52, 0, 44, 13, 2, 64, 33]|[1, 1, 1, 1, 0, 2, 1, 1, 2, 2, 2, 1, 0, 1, 2, 2, 1, 2, 0, 1, 2, 2, 2, 0, 0, 1, 2, 1, 2, 1, 2, 1, 1, 0, 1, 1, 0, 2, 2, 1, 1, 0, 0, 0, 0, 1, 1, 1, 1, 2, 1, 2, 2, 0, 0, 2, 1, 0, 0, 2, 0, 1, 2, 2, 1, 1, 1, 1, 1, 1, 0, 1, 1, 0, 0, 0, 0, 0, 2, 1, 1, 0, 0, 1, 1, 1, 2, 2, 0, 1, 1, 2, 0, 1, 0, 0, 0, 0, 2, 2]|[0, 4, 3, 0, 1, 1, 2, 4, 1, 1, 2, 4, 1, 4, 1, 1, 1, 2, 2, 2, 2, 1, 1, 1, 2, 3, 2, 3, 0, 4, 1, 0, 3, 2, 2, 2, 1, 1, 1, 0, 2, 0, 1, 2, 1, 3, 1, 4, 2, 0, 3, 2, 1, 2, 1, 1, 4, 1, 1, 1, 2, 3, 0, 2, 4, 3, 1, 4, 1, 1, 1, 4, 4, 2, 1, 1, 1, 2, 1, 3, 0, 1, 1, 1, 1, 3, 1, 1, 1, 4, 3, 1, 1, 1, 2, 2, 2, 2, 1, 1]|[3, 0, 2, 3, 0, 0, 1, 0, 0, 0, 1, 0, 0, 3, 0, 0, 1, 1, 1, 2, 1, 0, 0, 0, 0, 0, 0, 0, 0, 3, 1, 0, 2, 1, 1, 1, 0, 0, 0, 0, 1, 1, 0, 0, 0, 0, 1, 3, 2, 0, 0, 1, 0, 1, 0, 0, 2, 0, 0, 0, 1, 2, 1, 1, 0, 0, 1, 1, 3, 3, 0, 3, 3, 1, 0, 0, 0, 1, 0, 0, 0, 0, 0, 1, 2, 2, 0, 0, 0, 0, 2, 0, 1, 1, 0, 0, 0, 0, 0, 0],705.0470749739228,58445.79123614564,95781.2895945797,false
49,G4_BALANCED,G1_CMAX,[31, 22, 82, 15, 26, 58, 95, 42, 77, 12, 47, 5, 93, 78, 98, 54, 85, 63, 18, 44, 20, 35, 43, 97, 91, 76, 10, 30, 21, 45, 71, 64, 1, 23, 17, 83, 24, 14, 60, 36, 6, 57, 94, 88, 65, 56, 79, 40, 67, 68, 46, 75, 39, 9, 19, 32, 81, 41, 27, 62, 87, 90, 99, 59, 53, 16, 72, 73, 69, 38, 37, 84, 3, 92, 25, 55, 28, 29, 51, 7, 33, 61, 86, 11, 89, 50, 66, 96, 48, 80, 4, 8, 34, 49, 52, 0, 74, 2, 70, 13]|[1, 1, 0, 1, 1, 1, 2, 1, 2, 1, 2, 2, 2, 1, 1, 0, 0, 1, 0, 2, 2, 0, 1, 2, 0, 1, 2, 2, 0, 0, 1, 2, 1, 2, 1, 0, 2, 0, 1, 1, 0, 1, 1, 1, 0, 2, 1, 1, 0, 0, 0, 0, 1, 1, 2, 1, 2, 2, 0, 0, 2, 1, 0, 1, 0, 1, 2, 1, 1, 1, 1, 1, 2, 0, 1, 1, 0, 0, 0, 1, 2, 1, 0, 2, 1, 0, 2, 0, 0, 0, 0, 1, 2, 0, 1, 0, 2, 0, 1, 0]|[4, 3, 2, 2, 0, 0, 2, 2, 2, 4, 1, 1, 2, 4, 4, 1, 1, 4, 2, 1, 1, 1, 1, 2, 1, 2, 1, 1, 1, 1, 3, 2, 3, 0, 4, 0, 1, 1, 0, 3, 2, 2, 4, 0, 1, 1, 0, 2, 0, 1, 2, 2, 1, 4, 0, 3, 2, 1, 1, 2, 1, 3, 1, 1, 2, 3, 0, 4, 3, 1, 4, 1, 1, 2, 4, 4, 2, 1, 1, 3, 1, 3, 1, 1, 1, 1, 1, 1, 1, 1, 2, 3, 1, 1, 1, 2, 1, 2, 3, 2]|[0, 2, 1, 1, 3, 3, 0, 1, 0, 0, 0, 0, 1, 0, 1, 0, 0, 3, 1, 0, 0, 0, 3, 1, 0, 2, 0, 0, 0, 1, 0, 0, 0, 0, 3, 0, 1, 0, 0, 2, 1, 1, 2, 0, 0, 0, 0, 1, 1, 0, 0, 0, 1, 3, 0, 0, 1, 0, 0, 1, 0, 2, 0, 1, 1, 2, 1, 0, 0, 1, 1, 3, 0, 1, 3, 3, 1, 0, 0, 2, 0, 0, 0, 0, 1, 0, 0, 0, 0, 0, 1, 2, 0, 1, 1, 0, 0, 0, 0, 0],767.2798904099965,57925.01959330884,89282.78367975628,true
49,G2_TEC,G2_TEC,[31, 22, 82, 15, 26, 9, 95, 42, 77, 68, 47, 5, 93, 78, 86, 54, 85, 63, 18, 44, 20, 49, 36, 14, 74, 50, 53, 17, 21, 28, 11, 64, 3, 23, 30, 83, 24, 41, 40, 52, 65, 27, 90, 70, 39, 87, 48, 69, 99, 4, 75, 1, 13, 58, 97, 59, 45, 8, 73, 37, 35, 79, 71, 66, 76, 32, 60, 80, 56, 6, 67, 61, 33, 7, 57, 34, 12, 16, 10, 98, 96, 88, 43, 81, 91, 2, 84, 29, 92, 19, 51, 55, 89, 25, 72, 46, 94, 38, 62, 0]|[2, 1, 2, 1, 1, 2, 1, 1, 1, 1, 1, 0, 2, 2, 1, 2, 0, 0, 0, 2, 2, 1, 0, 2, 0, 2, 2, 1, 0, 1, 1, 1, 0, 0, 1, 0, 2, 1, 2, 2, 0, 0, 1, 1, 0, 2, 0, 2, 1, 0, 0, 2, 0, 2, 2, 0, 1, 1, 0, 0, 2, 1, 1, 2, 2, 0, 2, 2, 2, 1, 2, 1, 1, 2, 0, 1, 1, 2, 1, 2, 0, 1, 1, 1, 1, 0, 0, 1, 0, 1, 1, 0, 1, 1, 1, 0, 2, 0, 1, 0]|[0, 3, 0, 3, 4, 1, 4, 4, 4, 4, 3, 2, 1, 0, 2, 1, 1, 1, 2, 1, 1, 3, 0, 1, 0, 1, 1, 4, 1, 4, 3, 2, 2, 0, 4, 1, 1, 4, 1, 1, 2, 1, 4, 4, 1, 1, 0, 1, 3, 2, 2, 1, 2, 1, 1, 2, 4, 3, 0, 2, 1, 3, 3, 1, 1, 2, 1, 1, 1, 4, 1, 3, 4, 1, 2, 4, 3, 1, 3, 1, 2, 4, 4, 4, 3, 2, 2, 3, 2, 4, 3, 2, 4, 4, 4, 2, 1, 2, 3, 2]|[0, 2, 0, 0, 3, 0, 1, 3, 1, 0, 2, 0, 1, 0, 1, 0, 0, 0, 1, 0, 0, 2, 0, 0, 1, 0, 0, 3, 0, 1, 0, 2, 0, 0, 3, 0, 1, 1, 0, 0, 0, 0, 1, 3, 0, 0, 1, 0, 2, 0, 0, 0, 0, 0, 1, 0, 1, 0, 1, 1, 0, 2, 0, 0, 0, 0, 0, 0, 0, 2, 0, 0, 1, 0, 0, 1, 0, 0, 3, 0, 0, 1, 2, 2, 0, 0, 0, 3, 0, 1, 0, 0, 1, 3, 1, 0, 0, 0, 0, 0],910.6024065900936,48491.8951558845,107376.01945264004,false
49,G3_TWC,G3_TWC,[31, 22, 42, 15, 26, 58, 95, 82, 77, 12, 47, 5, 93, 78, 98, 54, 85, 63, 18, 44, 20, 35, 43, 97, 91, 76, 10, 30, 21, 45, 71, 64, 1, 23, 17, 83, 24, 61, 60, 36, 6, 57, 94, 88, 65, 56, 79, 40, 67, 68, 46, 75, 38, 9, 19, 32, 81, 41, 27, 62, 87, 90, 99, 59, 11, 16, 72, 73, 70, 39, 37, 84, 3, 92, 25, 74, 28, 29, 51, 7, 53, 14, 86, 48, 89, 50, 66, 96, 33, 80, 4, 8, 55, 49, 0, 52, 69, 2, 13, 34]|[1, 1, 0, 1, 1, 1, 2, 1, 2, 1, 2, 2, 2, 1, 1, 0, 0, 1, 0, 2, 2, 0, 1, 2, 0, 1, 2, 2, 0, 0, 1, 2, 1, 2, 1, 0, 2, 0, 1, 1, 0, 1, 1, 1, 0, 2, 1, 1, 0, 0, 0, 0, 1, 1, 2, 1, 2, 0, 0, 0, 2, 1, 0, 1, 2, 1, 2, 1, 1, 1, 1, 1, 2, 0, 1, 2, 0, 0, 0, 1, 0, 1, 0, 0, 1, 0, 0, 0, 2, 0, 0, 1, 1, 0, 0, 1, 1, 0, 0, 2]|[4, 3, 2, 2, 0, 0, 2, 2, 2, 4, 1, 1, 2, 4, 4, 1, 1, 4, 2, 1, 1, 1, 1, 2, 1, 2, 1, 1, 1, 1, 3, 2, 3, 0, 4, 0, 1, 1, 0, 3, 2, 2, 4, 0, 1, 1, 3, 2, 0, 1, 2, 2, 1, 4, 0, 3, 2, 1, 1, 2, 1, 3, 1, 1, 1, 3, 0, 4, 3, 1, 4, 1, 1, 2, 4, 1, 2, 1, 1, 3, 2, 3, 1, 1, 1, 1, 1, 1, 1, 1, 2, 3, 4, 1, 2, 1, 3, 2, 2, 1]|[0, 2, 1, 1, 3, 3, 0, 1, 0, 0, 0, 0, 1, 0, 1, 0, 0, 3, 1, 0, 0, 0, 3, 1, 0, 2, 0, 0, 0, 1, 0, 0, 0, 0, 3, 0, 1, 0, 0, 2, 1, 1, 2, 0, 0, 0, 0, 1, 1, 0, 0, 0, 1, 3, 0, 0, 1, 0, 0, 1, 0, 2, 0, 1, 0, 2, 1, 0, 0, 1, 1, 3, 0, 1, 3, 0, 1, 0, 0, 2, 1, 0, 0, 0, 1, 0, 0, 0, 0, 0, 1, 2, 3, 1, 0, 1, 0, 0, 0, 0],802.5281847645216,57652.86795409501,87938.17744329936,false
49,G1_CMAX,G1_CMAX,[31, 22, 90, 26, 58, 95, 42, 12, 93, 5, 78, 86, 98, 18, 20, 35, 3, 97, 91, 76, 10, 85, 54, 45, 63, 71, 66, 1, 23, 17, 24, 60, 36, 6, 57, 15, 65, 56, 47, 79, 94, 67, 50, 46, 14, 75, 38, 9, 30, 19, 32, 81, 27, 92, 83, 87, 40, 99, 59, 11, 53, 16, 72, 77, 73, 70, 39, 37, 84, 43, 62, 25, 55, 28, 29, 51, 68, 82, 74, 61, 88, 21, 80, 89, 7, 69, 96, 41, 48, 4, 8, 34, 49, 52, 0, 44, 13, 2, 64, 33]|[1, 1, 1, 1, 0, 2, 1, 1, 2, 2, 2, 1, 0, 1, 2, 2, 1, 2, 0, 1, 2, 2, 2, 0, 0, 1, 2, 1, 2, 1, 2, 1, 1, 0, 1, 1, 0, 2, 2, 1, 1, 0, 0, 0, 0, 1, 1, 1, 1, 2, 1, 2, 2, 0, 0, 2, 1, 0, 0, 2, 0, 1, 2, 2, 1, 1, 1, 1, 1, 1, 0, 1, 1, 0, 0, 0, 0, 0, 2, 1, 1, 0, 0, 1, 1, 1, 2, 2, 0, 1, 1, 2, 0, 1, 0, 0, 0, 0, 2, 2]|[0, 4, 3, 0, 1, 1, 2, 4, 1, 1, 2, 4, 1, 4, 1, 1, 1, 2, 2, 2, 2, 1, 1, 1, 2, 3, 2, 3, 0, 4, 1, 0, 3, 2, 2, 2, 1, 1, 1, 0, 2, 0, 1, 2, 1, 3, 1, 4, 2, 0, 3, 2, 1, 2, 1, 1, 4, 1, 1, 1, 2, 3, 0, 2, 4, 3, 1, 4, 1, 1, 1, 4, 4, 2, 1, 1, 1, 2, 1, 3, 0, 1, 1, 1, 1, 3, 1, 1, 1, 4, 3, 1, 1, 1, 2, 2, 2, 2, 1, 1]|[3, 0, 2, 3, 0, 0, 1, 0, 0, 0, 1, 0, 0, 3, 0, 0, 1, 1, 1, 2, 1, 0, 0, 0, 0, 0, 0, 0, 0, 3, 1, 0, 2, 1, 1, 1, 0, 0, 0, 0, 1, 1, 0, 0, 0, 0, 1, 3, 2, 0, 0, 1, 0, 1, 0, 0, 2, 0, 0, 0, 1, 2, 1, 1, 0, 0, 1, 1, 3, 3, 0, 3, 3, 1, 0, 0, 0, 1, 0, 0, 0, 0, 0, 1, 2, 2, 0, 0, 0, 0, 2, 0, 1, 1, 0, 0, 0, 0, 0, 0],705.0470749739228,58445.79123614564,95781.2895945797,false
49,G4_BALANCED,G2_TEC,[31, 22, 82, 15, 26, 9, 95, 42, 77, 68, 47, 5, 93, 78, 86, 54, 85, 63, 18, 44, 20, 49, 36, 14, 74, 50, 53, 17, 21, 28, 11, 64, 3, 23, 30, 83, 24, 41, 40, 52, 65, 27, 90, 70, 39, 58, 48, 69, 99, 4, 46, 1, 13, 87, 97, 59, 45, 8, 73, 37, 35, 79, 71, 66, 76, 32, 60, 80, 56, 6, 67, 61, 33, 7, 57, 34, 12, 16, 10, 98, 96, 88, 43, 81, 91, 2, 84, 29, 92, 19, 51, 89, 55, 75, 25, 72, 94, 38, 62, 0]|[2, 1, 2, 1, 1, 2, 1, 1, 1, 1, 1, 0, 2, 2, 1, 2, 0, 0, 0, 2, 2, 1, 0, 2, 0, 2, 2, 1, 0, 1, 1, 1, 0, 0, 1, 0, 2, 1, 2, 2, 0, 0, 1, 1, 0, 2, 0, 2, 1, 0, 0, 2, 0, 2, 2, 0, 1, 1, 0, 0, 2, 1, 1, 2, 2, 0, 2, 2, 2, 1, 2, 1, 1, 2, 0, 1, 1, 2, 1, 2, 0, 1, 1, 1, 1, 0, 0, 1, 0, 1, 1, 1, 0, 0, 1, 1, 2, 0, 1, 0]|[0, 3, 0, 3, 4, 1, 4, 4, 2, 4, 3, 2, 1, 0, 2, 1, 1, 1, 2, 1, 1, 3, 0, 1, 0, 1, 1, 4, 1, 4, 3, 2, 2, 0, 4, 1, 1, 4, 1, 1, 2, 1, 4, 4, 1, 1, 0, 1, 3, 2, 2, 1, 2, 1, 1, 2, 4, 3, 0, 2, 2, 3, 3, 1, 1, 2, 1, 1, 1, 4, 1, 3, 4, 1, 2, 4, 3, 1, 3, 1, 2, 4, 4, 4, 3, 2, 2, 3, 2, 4, 3, 4, 2, 2, 4, 4, 1, 2, 3, 2]|[0, 2, 0, 0, 3, 0, 1, 3, 0, 0, 2, 0, 0, 0, 1, 0, 0, 0, 1, 0, 0, 2, 0, 0, 1, 0, 0, 3, 0, 1, 0, 2, 0, 0, 3, 0, 1, 1, 0, 0, 0, 0, 1, 3, 0, 0, 1, 0, 2, 0, 0, 0, 0, 0, 1, 0, 1, 0, 1, 1, 0, 2, 0, 0, 0, 0, 0, 0, 0, 2, 0, 0, 1, 0, 0, 1, 0, 0, 3, 0, 0, 1, 2, 2, 0, 0, 0, 3, 0, 1, 0, 1, 0, 0, 3, 1, 0, 0, 0, 0],906.5008130244884,48804.21946544701,107179.9082409352,true
49,G2_TEC,G2_TEC,[31, 22, 82, 15, 26, 9, 95, 42, 77, 68, 47, 5, 93, 78, 86, 54, 85, 63, 18, 44, 20, 49, 36, 14, 74, 50, 53, 17, 21, 28, 11, 64, 3, 23, 30, 83, 24, 41, 40, 52, 65, 27, 90, 70, 39, 87, 48, 69, 99, 4, 75, 1, 13, 58, 97, 59, 45, 8, 73, 37, 35, 79, 71, 66, 76, 32, 60, 80, 56, 6, 67, 61, 33, 7, 57, 34, 12, 16, 10, 98, 96, 88, 43, 81, 91, 2, 84, 29, 92, 19, 51, 55, 89, 25, 72, 46, 94, 38, 62, 0]|[2, 1, 2, 1, 1, 2, 1, 1, 1, 1, 1, 0, 2, 2, 1, 2, 0, 0, 0, 2, 2, 1, 0, 2, 0, 2, 2, 1, 0, 1, 1, 1, 0, 0, 1, 0, 2, 1, 2, 2, 0, 0, 1, 1, 0, 2, 0, 2, 1, 0, 0, 2, 0, 2, 2, 0, 1, 1, 0, 0, 2, 1, 1, 2, 2, 0, 2, 2, 2, 1, 2, 1, 1, 2, 0, 1, 1, 2, 1, 2, 0, 1, 1, 1, 1, 0, 0, 1, 0, 1, 1, 0, 1, 1, 1, 0, 2, 0, 1, 0]|[0, 3, 0, 3, 4, 1, 4, 4, 4, 4, 3, 2, 1, 0, 2, 1, 1, 1, 2, 1, 1, 3, 0, 1, 0, 1, 1, 4, 1, 4, 3, 2, 2, 0, 4, 1, 1, 4, 1, 1, 2, 1, 4, 4, 1, 1, 0, 1, 3, 2, 2, 1, 2, 1, 1, 2, 4, 3, 0, 2, 1, 3, 3, 1, 1, 2, 1, 1, 1, 4, 1, 3, 4, 1, 2, 4, 3, 1, 3, 1, 2, 4, 4, 4, 3, 2, 2, 3, 2, 4, 3, 2, 4, 4, 4, 2, 1, 2, 3, 2]|[0, 2, 0, 0, 3, 0, 1, 3, 1, 0, 2, 0, 1, 0, 1, 0, 0, 0, 1, 0, 0, 2, 0, 0, 1, 0, 0, 3, 0, 1, 0, 2, 0, 0, 3, 0, 1, 1, 0, 0, 0, 0, 1, 3, 0, 0, 1, 0, 2, 0, 0, 0, 0, 0, 1, 0, 1, 0, 1, 1, 0, 2, 0, 0, 0, 0, 0, 0, 0, 2, 0, 0, 1, 0, 0, 1, 0, 0, 3, 0, 0, 1, 2, 2, 0, 0, 0, 3, 0, 1, 0, 0, 1, 3, 1, 0, 0, 0, 0, 0],910.6024065900936,48491.8951558845,107376.01945264004,false
49,G3_TWC,G3_TWC,[31, 22, 42, 15, 26, 58, 95, 82, 77, 12, 47, 5, 93, 78, 98, 54, 85, 63, 18, 44, 20, 35, 43, 97, 91, 76, 10, 30, 21, 45, 71, 64, 1, 23, 17, 83, 24, 61, 60, 36, 6, 57, 94, 88, 65, 56, 79, 40, 67, 68, 46, 75, 38, 9, 19, 32, 81, 41, 27, 62, 87, 90, 99, 59, 11, 16, 72, 73, 70, 39, 37, 84, 3, 92, 25, 74, 28, 29, 51, 7, 53, 14, 86, 48, 89, 50, 66, 96, 33, 80, 4, 8, 55, 49, 0, 52, 69, 2, 13, 34]|[1, 1, 0, 1, 1, 1, 2, 1, 2, 1, 2, 2, 2, 1, 1, 0, 0, 1, 0, 2, 2, 0, 1, 2, 0, 1, 2, 2, 0, 0, 1, 2, 1, 2, 1, 0, 2, 0, 1, 1, 0, 1, 1, 1, 0, 2, 1, 1, 0, 0, 0, 0, 1, 1, 2, 1, 2, 0, 0, 0, 2, 1, 0, 1, 2, 1, 2, 1, 1, 1, 1, 1, 2, 0, 1, 2, 0, 0, 0, 1, 0, 1, 0, 0, 1, 0, 0, 0, 2, 0, 0, 1, 1, 0, 0, 1, 1, 0, 0, 2]|[4, 3, 2, 2, 0, 0, 2, 2, 2, 4, 1, 1, 2, 4, 4, 1, 1, 4, 2, 1, 1, 1, 1, 2, 1, 2, 1, 1, 1, 1, 3, 2, 3, 0, 4, 0, 1, 1, 0, 3, 2, 2, 4, 0, 1, 1, 3, 2, 0, 1, 2, 2, 1, 4, 0, 3, 2, 1, 1, 2, 1, 3, 1, 1, 1, 3, 0, 4, 3, 1, 4, 1, 1, 2, 4, 1, 2, 1, 1, 3, 2, 3, 1, 1, 1, 1, 1, 1, 1, 1, 2, 3, 4, 1, 2, 1, 3, 2, 2, 1]|[0, 2, 1, 1, 3, 3, 0, 1, 0, 0, 0, 0, 1, 0, 1, 0, 0, 3, 1, 0, 0, 0, 3, 1, 0, 2, 0, 0, 0, 1, 0, 0, 0, 0, 3, 0, 1, 0, 0, 2, 1, 1, 2, 0, 0, 0, 0, 1, 1, 0, 0, 0, 1, 3, 0, 0, 1, 0, 0, 1, 0, 2, 0, 1, 0, 2, 1, 0, 0, 1, 1, 3, 0, 1, 3, 0, 1, 0, 0, 2, 1, 0, 0, 0, 1, 0, 0, 0, 0, 0, 1, 2, 3, 1, 0, 1, 0, 0, 0, 0],802.5281847645216,57652.86795409501,87938.17744329936,false
49,G1_CMAX,G1_CMAX,[31, 22, 90, 26, 58, 95, 42, 12, 93, 5, 78, 86, 98, 18, 20, 35, 3, 97, 91, 76, 10, 85, 54, 45, 63, 71, 66, 1, 23, 17, 24, 60, 36, 6, 57, 15, 65, 56, 47, 79, 94, 67, 50, 46, 14, 75, 38, 9, 30, 19, 32, 81, 27, 92, 83, 87, 40, 99, 59, 11, 53, 16, 72, 77, 73, 70, 39, 37, 84, 43, 62, 25, 55, 28, 29, 51, 68, 82, 74, 61, 88, 21, 80, 89, 7, 69, 96, 41, 48, 4, 8, 34, 49, 52, 0, 44, 13, 2, 64, 33]|[1, 1, 1, 1, 0, 2, 1, 1, 2, 2, 2, 1, 0, 1, 2, 2, 1, 2, 0, 1, 2, 2, 2, 0, 0, 1, 2, 1, 2, 1, 2, 1, 1, 0, 1, 1, 0, 2, 2, 1, 1, 0, 0, 0, 0, 1, 1, 1, 1, 2, 1, 2, 2, 0, 0, 2, 1, 0, 0, 2, 0, 1, 2, 2, 1, 1, 1, 1, 1, 1, 0, 1, 1, 0, 0, 0, 0, 0, 2, 1, 1, 0, 0, 1, 1, 1, 2, 2, 0, 1, 1, 2, 0, 1, 0, 0, 0, 0, 2, 2]|[0, 4, 3, 0, 1, 1, 2, 4, 1, 1, 2, 4, 1, 4, 1, 1, 1, 2, 2, 2, 2, 1, 1, 1, 2, 3, 2, 3, 0, 4, 1, 0, 3, 2, 2, 2, 1, 1, 1, 0, 2, 0, 1, 2, 1, 3, 1, 4, 2, 0, 3, 2, 1, 2, 1, 1, 4, 1, 1, 1, 2, 3, 0, 2, 4, 3, 1, 4, 1, 1, 1, 4, 4, 2, 1, 1, 1, 2, 1, 3, 0, 1, 1, 1, 1, 3, 1, 1, 1, 4, 3, 1, 1, 1, 2, 2, 2, 2, 1, 1]|[3, 0, 2, 3, 0, 0, 1, 0, 0, 0, 1, 0, 0, 3, 0, 0, 1, 1, 1, 2, 1, 0, 0, 0, 0, 0, 0, 0, 0, 3, 1, 0, 2, 1, 1, 1, 0, 0, 0, 0, 1, 1, 0, 0, 0, 0, 1, 3, 2, 0, 0, 1, 0, 1, 0, 0, 2, 0, 0, 0, 1, 2, 1, 1, 0, 0, 1, 1, 3, 3, 0, 3, 3, 1, 0, 0, 0, 1, 0, 0, 0, 0, 0, 1, 2, 2, 0, 0, 0, 0, 2, 0, 1, 1, 0, 0, 0, 0, 0, 0],705.0470749739228,58445.79123614564,95781.2895945797,false
49,G4_BALANCED,G2_TEC,[31, 22, 82, 15, 26, 9, 95, 42, 77, 68, 47, 5, 93, 78, 86, 54, 85, 63, 18, 44, 20, 49, 36, 14, 74, 50, 53, 17, 21, 28, 11, 64, 3, 23, 30, 83, 24, 41, 40, 52, 65, 27, 90, 70, 39, 58, 48, 69, 99, 4, 46, 1, 13, 87, 97, 59, 45, 8, 73, 37, 35, 79, 71, 66, 76, 32, 60, 80, 56, 6, 67, 61, 33, 7, 57, 34, 12, 16, 10, 98, 96, 88, 43, 81, 91, 2, 84, 29, 92, 19, 51, 89, 55, 75, 25, 72, 94, 38, 62, 0]|[2, 1, 2, 1, 1, 2, 1, 1, 1, 1, 1, 0, 2, 2, 1, 2, 0, 0, 0, 2, 2, 1, 0, 2, 0, 2, 2, 1, 0, 1, 1, 1, 0, 0, 1, 0, 2, 1, 2, 2, 0, 0, 1, 1, 0, 2, 0, 2, 1, 0, 0, 2, 0, 2, 2, 0, 1, 1, 0, 0, 2, 1, 1, 2, 2, 0, 2, 2, 2, 1, 2, 1, 1, 2, 0, 1, 1, 2, 1, 2, 0, 1, 1, 1, 1, 0, 0, 1, 0, 1, 1, 1, 0, 0, 1, 1, 2, 0, 1, 0]|[0, 3, 0, 3, 4, 1, 4, 4, 2, 4, 3, 2, 1, 0, 2, 1, 1, 1, 2, 1, 1, 3, 0, 1, 0, 1, 1, 4, 1, 4, 3, 2, 2, 0, 4, 1, 1, 4, 1, 1, 2, 1, 4, 4, 1, 1, 0, 1, 3, 2, 2, 1, 2, 1, 1, 2, 4, 3, 0, 2, 2, 3, 3, 1, 1, 2, 1, 1, 1, 4, 1, 3, 4, 1, 2, 4, 3, 1, 3, 1, 2, 4, 4, 4, 3, 2, 2, 3, 2, 4, 3, 4, 2, 2, 4, 4, 1, 2, 3, 2]|[0, 2, 0, 0, 3, 0, 1, 3, 0, 0, 2, 0, 0, 0, 1, 0, 0, 0, 1, 0, 0, 2, 0, 0, 1, 0, 0, 3, 0, 1, 0, 2, 0, 0, 3, 0, 1, 1, 0, 0, 0, 0, 1, 3, 0, 0, 1, 0, 2, 0, 0, 0, 0, 0, 1, 0, 1, 0, 1, 1, 0, 2, 0, 0, 0, 0, 0, 0, 0, 2, 0, 0, 1, 0, 0, 1, 0, 0, 3, 0, 0, 1, 2, 2, 0, 0, 0, 3, 0, 1, 0, 1, 0, 0, 3, 1, 0, 0, 0, 0],906.5008130244884,48804.21946544701,107179.9082409352,true
49,G2_TEC,G2_TEC,[31, 22, 82, 15, 26, 9, 95, 42, 77, 68, 47, 5, 93, 78, 86, 54, 85, 63, 18, 44, 20, 49, 36, 14, 74, 50, 53, 17, 21, 28, 11, 64, 3, 23, 30, 83, 24, 41, 40, 52, 65, 27, 90, 70, 39, 87, 48, 69, 99, 4, 75, 1, 13, 58, 97, 59, 45, 8, 73, 37, 35, 79, 71, 66, 76, 32, 60, 80, 56, 6, 67, 61, 33, 7, 57, 34, 12, 16, 10, 98, 96, 88, 43, 81, 91, 2, 84, 29, 92, 19, 51, 55, 89, 25, 72, 46, 94, 38, 62, 0]|[2, 1, 2, 1, 1, 2, 1, 1, 1, 1, 1, 0, 2, 2, 1, 2, 0, 0, 0, 2, 2, 1, 0, 2, 0, 2, 2, 1, 0, 1, 1, 1, 0, 0, 1, 0, 2, 1, 2, 2, 0, 0, 1, 1, 0, 2, 0, 2, 1, 0, 0, 2, 0, 2, 2, 0, 1, 1, 0, 0, 2, 1, 1, 2, 2, 0, 2, 2, 2, 1, 2, 1, 1, 2, 0, 1, 1, 2, 1, 2, 0, 1, 1, 1, 1, 0, 0, 1, 0, 1, 1, 0, 1, 1, 1, 0, 2, 0, 1, 0]|[0, 3, 0, 3, 4, 1, 4, 4, 4, 4, 3, 2, 1, 0, 2, 1, 1, 1, 2, 1, 1, 3, 0, 1, 0, 1, 1, 4, 1, 4, 3, 2, 2, 0, 4, 1, 1, 4, 1, 1, 2, 1, 4, 4, 1, 1, 0, 1, 3, 2, 2, 1, 2, 1, 1, 2, 4, 3, 0, 2, 1, 3, 3, 1, 1, 2, 1, 1, 1, 4, 1, 3, 4, 1, 2, 4, 3, 1, 3, 1, 2, 4, 4, 4, 3, 2, 2, 3, 2, 4, 3, 2, 4, 4, 4, 2, 1, 2, 3, 2]|[0, 2, 0, 0, 3, 0, 1, 3, 1, 0, 2, 0, 1, 0, 1, 0, 0, 0, 1, 0, 0, 2, 0, 0, 1, 0, 0, 3, 0, 1, 0, 2, 0, 0, 3, 0, 1, 1, 0, 0, 0, 0, 1, 3, 0, 0, 1, 0, 2, 0, 0, 0, 0, 0, 1, 0, 1, 0, 1, 1, 0, 2, 0, 0, 0, 0, 0, 0, 0, 2, 0, 0, 1, 0, 0, 1, 0, 0, 3, 0, 0, 1, 2, 2, 0, 0, 0, 3, 0, 1, 0, 0, 1, 3, 1, 0, 0, 0, 0, 0],910.6024065900936,48491.8951558845,107376.01945264004,false
49,G3_TWC,G3_TWC,[31, 22, 42, 15, 26, 58, 95, 82, 77, 12, 47, 5, 93, 78, 98, 54, 85, 63, 18, 44, 20, 35, 43, 97, 91, 76, 10, 30, 21, 45, 71, 64, 1, 23, 17, 83, 24, 61, 60, 36, 6, 57, 94, 88, 65, 56, 79, 40, 67, 68, 46, 75, 38, 9, 19, 32, 81, 41, 27, 62, 87, 90, 99, 59, 11, 16, 72, 73, 70, 39, 37, 84, 3, 92, 25, 74, 28, 29, 51, 7, 53, 14, 86, 48, 89, 50, 66, 96, 33, 80, 4, 8, 55, 49, 0, 52, 69, 2, 13, 34]|[1, 1, 0, 1, 1, 1, 2, 1, 2, 1, 2, 2, 2, 1, 1, 0, 0, 1, 0, 2, 2, 0, 1, 2, 0, 1, 2, 2, 0, 0, 1, 2, 1, 2, 1, 0, 2, 0, 1, 1, 0, 1, 1, 1, 0, 2, 1, 1, 0, 0, 0, 0, 1, 1, 2, 1, 2, 0, 0, 0, 2, 1, 0, 1, 2, 1, 2, 1, 1, 1, 1, 1, 2, 0, 1, 2, 0, 0, 0, 1, 0, 1, 0, 0, 1, 0, 0, 0, 2, 0, 0, 1, 1, 0, 0, 1, 1, 0, 0, 2]|[4, 3, 2, 2, 0, 0, 2, 2, 2, 4, 1, 1, 2, 4, 4, 1, 1, 4, 2, 1, 1, 1, 1, 2, 1, 2, 1, 1, 1, 1, 3, 2, 3, 0, 4, 0, 1, 1, 0, 3, 2, 2, 4, 0, 1, 1, 3, 2, 0, 1, 2, 2, 1, 4, 0, 3, 2, 1, 1, 2, 1, 3, 1, 1, 1, 3, 0, 4, 3, 1, 4, 1, 1, 2, 4, 1, 2, 1, 1, 3, 2, 3, 1, 1, 1, 1, 1, 1, 1, 1, 2, 3, 4, 1, 2, 1, 3, 2, 2, 1]|[0, 2, 1, 1, 3, 3, 0, 1, 0, 0, 0, 0, 1, 0, 1, 0, 0, 3, 1, 0, 0, 0, 3, 1, 0, 2, 0, 0, 0, 1, 0, 0, 0, 0, 3, 0, 1, 0, 0, 2, 1, 1, 2, 0, 0, 0, 0, 1, 1, 0, 0, 0, 1, 3, 0, 0, 1, 0, 0, 1, 0, 2, 0, 1, 0, 2, 1, 0, 0, 1, 1, 3, 0, 1, 3, 0, 1, 0, 0, 2, 1, 0, 0, 0, 1, 0, 0, 0, 0, 0, 1, 2, 3, 1, 0, 1, 0, 0, 0, 0],802.5281847645216,57652.86795409501,87938.17744329936,false
49,G1_CMAX,G1_CMAX,[31, 22, 90, 26, 58, 95, 42, 12, 93, 5, 78, 86, 98, 18, 20, 35, 3, 97, 91, 76, 10, 85, 54, 45, 63, 71, 66, 1, 23, 17, 24, 60, 36, 6, 57, 15, 65, 56, 47, 79, 94, 67, 50, 46, 14, 75, 38, 9, 30, 19, 32, 81, 27, 92, 83, 87, 40, 99, 59, 11, 53, 16, 72, 77, 73, 70, 39, 37, 84, 43, 62, 25, 55, 28, 29, 51, 68, 82, 74, 61, 88, 21, 80, 89, 7, 69, 96, 41, 48, 4, 8, 34, 49, 52, 0, 44, 13, 2, 64, 33]|[1, 1, 1, 1, 0, 2, 1, 1, 2, 2, 2, 1, 0, 1, 2, 2, 1, 2, 0, 1, 2, 2, 2, 0, 0, 1, 2, 1, 2, 1, 2, 1, 1, 0, 1, 1, 0, 2, 2, 1, 1, 0, 0, 0, 0, 1, 1, 1, 1, 2, 1, 2, 2, 0, 0, 2, 1, 0, 0, 2, 0, 1, 2, 2, 1, 1, 1, 1, 1, 1, 0, 1, 1, 0, 0, 0, 0, 0, 2, 1, 1, 0, 0, 1, 1, 1, 2, 2, 0, 1, 1, 2, 0, 1, 0, 0, 0, 0, 2, 2]|[0, 4, 3, 0, 1, 1, 2, 4, 1, 1, 2, 4, 1, 4, 1, 1, 1, 2, 2, 2, 2, 1, 1, 1, 2, 3, 2, 3, 0, 4, 1, 0, 3, 2, 2, 2, 1, 1, 1, 0, 2, 0, 1, 2, 1, 3, 1, 4, 2, 0, 3, 2, 1, 2, 1, 1, 4, 1, 1, 1, 2, 3, 0, 2, 4, 3, 1, 4, 1, 1, 1, 4, 4, 2, 1, 1, 1, 2, 1, 3, 0, 1, 1, 1, 1, 3, 1, 1, 1, 4, 3, 1, 1, 1, 2, 2, 2, 2, 1, 1]|[3, 0, 2, 3, 0, 0, 1, 0, 0, 0, 1, 0, 0, 3, 0, 0, 1, 1, 1, 2, 1, 0, 0, 0, 0, 0, 0, 0, 0, 3, 1, 0, 2, 1, 1, 1, 0, 0, 0, 0, 1, 1, 0, 0, 0, 0, 1, 3, 2, 0, 0, 1, 0, 1, 0, 0, 2, 0, 0, 0, 1, 2, 1, 1, 0, 0, 1, 1, 3, 3, 0, 3, 3, 1, 0, 0, 0, 1, 0, 0, 0, 0, 0, 1, 2, 2, 0, 0, 0, 0, 2, 0, 1, 1, 0, 0, 0, 0, 0, 0],705.0470749739228,58445.79123614564,95781.2895945797,false
49,G4_BALANCED,G2_TEC,[31, 22, 82, 15, 26, 9, 95, 42, 77, 68, 47, 5, 93, 78, 86, 54, 85, 63, 18, 44, 20, 49, 36, 14, 74, 50, 53, 17, 21, 28, 11, 64, 3, 23, 30, 83, 24, 41, 40, 52, 65, 27, 90, 70, 39, 58, 48, 69, 99, 4, 46, 1, 13, 87, 97, 59, 45, 8, 73, 37, 35, 79, 71, 66, 76, 32, 60, 80, 56, 6, 67, 61, 33, 7, 57, 34, 12, 16, 10, 98, 96, 88, 43, 81, 91, 2, 84, 29, 92, 19, 51, 89, 55, 75, 25, 72, 94, 38, 62, 0]|[2, 1, 2, 1, 1, 2, 1, 1, 1, 1, 1, 0, 2, 2, 1, 2, 0, 0, 0, 2, 2, 1, 0, 2, 0, 2, 2, 1, 0, 1, 1, 1, 0, 0, 1, 0, 2, 1, 2, 2, 0, 0, 1, 1, 0, 2, 0, 2, 1, 0, 0, 2, 0, 2, 2, 0, 1, 1, 0, 0, 2, 1, 1, 2, 2, 0, 2, 2, 2, 1, 2, 1, 1, 2, 0, 1, 1, 2, 1, 2, 0, 1, 1, 1, 1, 0, 0, 1, 0, 1, 1, 1, 0, 0, 1, 1, 2, 0, 1, 0]|[0, 3, 0, 3, 4, 1, 4, 4, 2, 4, 3, 2, 1, 0, 2, 1, 1, 1, 2, 1, 1, 3, 0, 1, 0, 1, 1, 4, 1, 4, 3, 2, 2, 0, 4, 1, 1, 4, 1, 1, 2, 1, 4, 4, 1, 1, 0, 1, 3, 2, 2, 1, 2, 1, 1, 2, 4, 3, 0, 2, 2, 3, 3, 1, 1, 2, 1, 1, 1, 4, 1, 3, 4, 1, 2, 4, 3, 1, 3, 1, 2, 4, 4, 4, 3, 2, 2, 3, 2, 4, 3, 4, 2, 2, 4, 4, 1, 2, 3, 2]|[0, 2, 0, 0, 3, 0, 1, 3, 0, 0, 2, 0, 0, 0, 1, 0, 0, 0, 1, 0, 0, 2, 0, 0, 1, 0, 0, 3, 0, 1, 0, 2, 0, 0, 3, 0, 1, 1, 0, 0, 0, 0, 1, 3, 0, 0, 1, 0, 2, 0, 0, 0, 0, 0, 1, 0, 1, 0, 1, 1, 0, 2, 0, 0, 0, 0, 0, 0, 0, 2, 0, 0, 1, 0, 0, 1, 0, 0, 3, 0, 0, 1, 2, 2, 0, 0, 0, 3, 0, 1, 0, 1, 0, 0, 3, 1, 0, 0, 0, 0],906.5008130244884,48804.21946544701,107179.9082409352,true
49,G2_TEC,G2_TEC,[31, 22, 82, 15, 26, 9, 95, 42, 77, 68, 47, 5, 93, 78, 86, 54, 85, 63, 18, 44, 20, 49, 36, 14, 74, 50, 53, 17, 21, 28, 11, 64, 3, 23, 30, 83, 24, 41, 40, 52, 65, 27, 90, 70, 39, 87, 48, 69, 99, 4, 75, 1, 13, 58, 97, 59, 45, 8, 73, 37, 35, 79, 71, 66, 76, 32, 60, 80, 56, 6, 67, 61, 33, 7, 57, 34, 12, 16, 10, 98, 96, 88, 43, 81, 91, 2, 84, 29, 92, 19, 51, 55, 89, 25, 72, 46, 94, 38, 62, 0]|[2, 1, 2, 1, 1, 2, 1, 1, 1, 1, 1, 0, 2, 2, 1, 2, 0, 0, 0, 2, 2, 1, 0, 2, 0, 2, 2, 1, 0, 1, 1, 1, 0, 0, 1, 0, 2, 1, 2, 2, 0, 0, 1, 1, 0, 2, 0, 2, 1, 0, 0, 2, 0, 2, 2, 0, 1, 1, 0, 0, 2, 1, 1, 2, 2, 0, 2, 2, 2, 1, 2, 1, 1, 2, 0, 1, 1, 2, 1, 2, 0, 1, 1, 1, 1, 0, 0, 1, 0, 1, 1, 0, 1, 1, 1, 0, 2, 0, 1, 0]|[0, 3, 0, 3, 4, 1, 4, 4, 4, 4, 3, 2, 1, 0, 2, 1, 1, 1, 2, 1, 1, 3, 0, 1, 0, 1, 1, 4, 1, 4, 3, 2, 2, 0, 4, 1, 1, 4, 1, 1, 2, 1, 4, 4, 1, 1, 0, 1, 3, 2, 2, 1, 2, 1, 1, 2, 4, 3, 0, 2, 1, 3, 3, 1, 1, 2, 1, 1, 1, 4, 1, 3, 4, 1, 2, 4, 3, 1, 3, 1, 2, 4, 4, 4, 3, 2, 2, 3, 2, 4, 3, 2, 4, 4, 4, 2, 1, 2, 3, 2]|[0, 2, 0, 0, 3, 0, 1, 3, 1, 0, 2, 0, 1, 0, 1, 0, 0, 0, 1, 0, 0, 2, 0, 0, 1, 0, 0, 3, 0, 1, 0, 2, 0, 0, 3, 0, 1, 1, 0, 0, 0, 0, 1, 3, 0, 0, 1, 0, 2, 0, 0, 0, 0, 0, 1, 0, 1, 0, 1, 1, 0, 2, 0, 0, 0, 0, 0, 0, 0, 2, 0, 0, 1, 0, 0, 1, 0, 0, 3, 0, 0, 1, 2, 2, 0, 0, 0, 3, 0, 1, 0, 0, 1, 3, 1, 0, 0, 0, 0, 0],910.6024065900936,48491.8951558845,107376.01945264004,false
49,G3_TWC,G3_TWC,[31, 22, 42, 15, 26, 58, 95, 82, 77, 12, 47, 5, 93, 78, 98, 54, 85, 63, 18, 44, 20, 35, 43, 97, 91, 76, 10, 30, 21, 45, 71, 64, 1, 23, 17, 83, 24, 61, 60, 36, 6, 57, 94, 88, 65, 56, 79, 40, 67, 68, 46, 75, 38, 9, 19, 32, 81, 41, 27, 62, 87, 90, 99, 59, 11, 16, 72, 73, 70, 39, 37, 84, 3, 92, 25, 74, 28, 29, 51, 7, 53, 14, 86, 48, 89, 50, 66, 96, 33, 80, 4, 8, 55, 49, 0, 52, 69, 2, 13, 34]|[1, 1, 0, 1, 1, 1, 2, 1, 2, 1, 2, 2, 2, 1, 1, 0, 0, 1, 0, 2, 2, 0, 1, 2, 0, 1, 2, 2, 0, 0, 1, 2, 1, 2, 1, 0, 2, 0, 1, 1, 0, 1, 1, 1, 0, 2, 1, 1, 0, 0, 0, 0, 1, 1, 2, 1, 2, 0, 0, 0, 2, 1, 0, 1, 2, 1, 2, 1, 1, 1, 1, 1, 2, 0, 1, 2, 0, 0, 0, 1, 0, 1, 0, 0, 1, 0, 0, 0, 2, 0, 0, 1, 1, 0, 0, 1, 1, 0, 0, 2]|[4, 3, 2, 2, 0, 0, 2, 2, 2, 4, 1, 1, 2, 4, 4, 1, 1, 4, 2, 1, 1, 1, 1, 2, 1, 2, 1, 1, 1, 1, 3, 2, 3, 0, 4, 0, 1, 1, 0, 3, 2, 2, 4, 0, 1, 1, 3, 2, 0, 1, 2, 2, 1, 4, 0, 3, 2, 1, 1, 2, 1, 3, 1, 1, 1, 3, 0, 4, 3, 1, 4, 1, 1, 2, 4, 1, 2, 1, 1, 3, 2, 3, 1, 1, 1, 1, 1, 1, 1, 1, 2, 3, 4, 1, 2, 1, 3, 2, 2, 1]|[0, 2, 1, 1, 3, 3, 0, 1, 0, 0, 0, 0, 1, 0, 1, 0, 0, 3, 1, 0, 0, 0, 3, 1, 0, 2, 0, 0, 0, 1, 0, 0, 0, 0, 3, 0, 1, 0, 0, 2, 1, 1, 2, 0, 0, 0, 0, 1, 1, 0, 0, 0, 1, 3, 0, 0, 1, 0, 0, 1, 0, 2, 0, 1, 0, 2, 1, 0, 0, 1, 1, 3, 0, 1, 3, 0, 1, 0, 0, 2, 1, 0, 0, 0, 1, 0, 0, 0, 0, 0, 1, 2, 3, 1, 0, 1, 0, 0, 0, 0],802.5281847645216,57652.86795409501,87938.17744329936,false
49,G1_CMAX,G1_CMAX,[31, 22, 90, 26, 58, 95, 42, 12, 93, 5, 78, 86, 98, 18, 20, 35, 3, 97, 91, 76, 10, 85, 54, 45, 63, 71, 66, 1, 23, 17, 24, 60, 36, 6, 57, 15, 65, 56, 47, 79, 94, 67, 50, 46, 14, 75, 38, 9, 30, 19, 32, 81, 27, 92, 83, 87, 40, 99, 59, 11, 53, 16, 72, 77, 73, 70, 39, 37, 84, 43, 62, 25, 55, 28, 29, 51, 68, 82, 74, 61, 88, 21, 80, 89, 7, 69, 96, 41, 48, 4, 8, 34, 49, 52, 0, 44, 13, 2, 64, 33]|[1, 1, 1, 1, 0, 2, 1, 1, 2, 2, 2, 1, 0, 1, 2, 2, 1, 2, 0, 1, 2, 2, 2, 0, 0, 1, 2, 1, 2, 1, 2, 1, 1, 0, 1, 1, 0, 2, 2, 1, 1, 0, 0, 0, 0, 1, 1, 1, 1, 2, 1, 2, 2, 0, 0, 2, 1, 0, 0, 2, 0, 1, 2, 2, 1, 1, 1, 1, 1, 1, 0, 1, 1, 0, 0, 0, 0, 0, 2, 1, 1, 0, 0, 1, 1, 1, 2, 2, 0, 1, 1, 2, 0, 1, 0, 0, 0, 0, 2, 2]|[0, 4, 3, 0, 1, 1, 2, 4, 1, 1, 2, 4, 1, 4, 1, 1, 1, 2, 2, 2, 2, 1, 1, 1, 2, 3, 2, 3, 0, 4, 1, 0, 3, 2, 2, 2, 1, 1, 1, 0, 2, 0, 1, 2, 1, 3, 1, 4, 2, 0, 3, 2, 1, 2, 1, 1, 4, 1, 1, 1, 2, 3, 0, 2, 4, 3, 1, 4, 1, 1, 1, 4, 4, 2, 1, 1, 1, 2, 1, 3, 0, 1, 1, 1, 1, 3, 1, 1, 1, 4, 3, 1, 1, 1, 2, 2, 2, 2, 1, 1]|[3, 0, 2, 3, 0, 0, 1, 0, 0, 0, 1, 0, 0, 3, 0, 0, 1, 1, 1, 2, 1, 0, 0, 0, 0, 0, 0, 0, 0, 3, 1, 0, 2, 1, 1, 1, 0, 0, 0, 0, 1, 1, 0, 0, 0, 0, 1, 3, 2, 0, 0, 1, 0, 1, 0, 0, 2, 0, 0, 0, 1, 2, 1, 1, 0, 0, 1, 1, 3, 3, 0, 3, 3, 1, 0, 0, 0, 1, 0, 0, 0, 0, 0, 1, 2, 2, 0, 0, 0, 0, 2, 0, 1, 1, 0, 0, 0, 0, 0, 0],705.0470749739228,58445.79123614564,95781.2895945797,false
49,G4_BALANCED,G2_TEC,[31, 22, 82, 15, 26, 9, 95, 42, 77, 68, 47, 5, 93, 78, 86, 54, 85, 63, 18, 44, 20, 49, 36, 14, 74, 50, 53, 17, 21, 28, 11, 64, 3, 23, 30, 83, 24, 41, 40, 52, 65, 27, 90, 70, 39, 58, 48, 69, 99, 4, 46, 1, 13, 87, 97, 59, 45, 8, 73, 37, 35, 79, 71, 66, 76, 32, 60, 80, 56, 6, 67, 61, 33, 7, 57, 34, 12, 16, 10, 98, 96, 88, 43, 81, 91, 2, 84, 29, 92, 19, 51, 89, 55, 75, 25, 72, 94, 38, 62, 0]|[2, 1, 2, 1, 1, 2, 1, 1, 1, 1, 1, 0, 2, 2, 1, 2, 0, 0, 0, 2, 2, 1, 0, 2, 0, 2, 2, 1, 0, 1, 1, 1, 0, 0, 1, 0, 2, 1, 2, 2, 0, 0, 1, 1, 0, 2, 0, 2, 1, 0, 0, 2, 0, 2, 2, 0, 1, 1, 0, 0, 2, 1, 1, 2, 2, 0, 2, 2, 2, 1, 2, 1, 1, 2, 0, 1, 1, 2, 1, 2, 0, 1, 1, 1, 1, 0, 0, 1, 0, 1, 1, 1, 0, 0, 1, 1, 2, 0, 1, 0]|[0, 3, 0, 3, 4, 1, 4, 4, 2, 4, 3, 2, 1, 0, 2, 1, 1, 1, 2, 1, 1, 3, 0, 1, 0, 1, 1, 4, 1, 4, 3, 2, 2, 0, 4, 1, 1, 4, 1, 1, 2, 1, 4, 4, 1, 1, 0, 1, 3, 2, 2, 1, 2, 1, 1, 2, 4, 3, 0, 2, 2, 3, 3, 1, 1, 2, 1, 1, 1, 4, 1, 3, 4, 1, 2, 4, 3, 1, 3, 1, 2, 4, 4, 4, 3, 2, 2, 3, 2, 4, 3, 4, 2, 2, 4, 4, 1, 2, 3, 2]|[0, 2, 0, 0, 3, 0, 1, 3, 0, 0, 2, 0, 0, 0, 1, 0, 0, 0, 1, 0, 0, 2, 0, 0, 1, 0, 0, 3, 0, 1, 0, 2, 0, 0, 3, 0, 1, 1, 0, 0, 0, 0, 1, 3, 0, 0, 1, 0, 2, 0, 0, 0, 0, 0, 1, 0, 1, 0, 1, 1, 0, 2, 0, 0, 0, 0, 0, 0, 0, 2, 0, 0, 1, 0, 0, 1, 0, 0, 3, 0, 0, 1, 2, 2, 0, 0, 0, 3, 0, 1, 0, 1, 0, 0, 3, 1, 0, 0, 0, 0],906.5008130244884,48804.21946544701,107179.9082409352,true
49,G2_TEC,G2_TEC,[31, 22, 82, 15, 26, 9, 95, 42, 77, 68, 47, 5, 93, 78, 86, 54, 85, 63, 18, 44, 20, 49, 36, 14, 74, 50, 53, 17, 21, 28, 11, 64, 3, 23, 30, 83, 24, 41, 40, 52, 65, 27, 90, 70, 39, 87, 48, 69, 99, 4, 75, 1, 13, 58, 97, 59, 45, 8, 73, 37, 35, 79, 71, 66, 76, 32, 60, 80, 56, 6, 67, 61, 33, 7, 57, 34, 12, 16, 10, 98, 96, 88, 43, 81, 91, 2, 84, 29, 92, 19, 51, 55, 89, 25, 72, 46, 94, 38, 62, 0]|[2, 1, 2, 1, 1, 2, 1, 1, 1, 1, 1, 0, 2, 2, 1, 2, 0, 0, 0, 2, 2, 1, 0, 2, 0, 2, 2, 1, 0, 1, 1, 1, 0, 0, 1, 0, 2, 1, 2, 2, 0, 0, 1, 1, 0, 2, 0, 2, 1, 0, 0, 2, 0, 2, 2, 0, 1, 1, 0, 0, 2, 1, 1, 2, 2, 0, 2, 2, 2, 1, 2, 1, 1, 2, 0, 1, 1, 2, 1, 2, 0, 1, 1, 1, 1, 0, 0, 1, 0, 1, 1, 0, 1, 1, 1, 0, 2, 0, 1, 0]|[0, 3, 0, 3, 4, 1, 4, 4, 4, 4, 3, 2, 1, 0, 2, 1, 1, 1, 2, 1, 1, 3, 0, 1, 0, 1, 1, 4, 1, 4, 3, 2, 2, 0, 4, 1, 1, 4, 1, 1, 2, 1, 4, 4, 1, 1, 0, 1, 3, 2, 2, 1, 2, 1, 1, 2, 4, 3, 0, 2, 1, 3, 3, 1, 1, 2, 1, 1, 1, 4, 1, 3, 4, 1, 2, 4, 3, 1, 3, 1, 2, 4, 4, 4, 3, 2, 2, 3, 2, 4, 3, 2, 4, 4, 4, 2, 1, 2, 3, 2]|[0, 2, 0, 0, 3, 0, 1, 3, 1, 0, 2, 0, 1, 0, 1, 0, 0, 0, 1, 0, 0, 2, 0, 0, 1, 0, 0, 3, 0, 1, 0, 2, 0, 0, 3, 0, 1, 1, 0, 0, 0, 0, 1, 3, 0, 0, 1, 0, 2, 0, 0, 0, 0, 0, 1, 0, 1, 0, 1, 1, 0, 2, 0, 0, 0, 0, 0, 0, 0, 2, 0, 0, 1, 0, 0, 1, 0, 0, 3, 0, 0, 1, 2, 2, 0, 0, 0, 3, 0, 1, 0, 0, 1, 3, 1, 0, 0, 0, 0, 0],910.6024065900936,48491.8951558845,107376.01945264004,false
49,G3_TWC,G3_TWC,[31, 22, 42, 15, 26, 58, 95, 82, 77, 12, 47, 5, 93, 78, 98, 54, 85, 63, 18, 44, 20, 35, 43, 97, 91, 76, 10, 30, 21, 45, 71, 64, 1, 23, 17, 83, 24, 61, 60, 36, 6, 57, 94, 88, 65, 56, 79, 40, 67, 68, 46, 75, 38, 9, 19, 32, 81, 41, 27, 62, 87, 90, 99, 59, 11, 16, 72, 73, 70, 39, 37, 84, 3, 92, 25, 74, 28, 29, 51, 7, 53, 14, 86, 48, 89, 50, 66, 96, 33, 80, 4, 8, 55, 49, 0, 52, 69, 2, 13, 34]|[1, 1, 0, 1, 1, 1, 2, 1, 2, 1, 2, 2, 2, 1, 1, 0, 0, 1, 0, 2, 2, 0, 1, 2, 0, 1, 2, 2, 0, 0, 1, 2, 1, 2, 1, 0, 2, 0, 1, 1, 0, 1, 1, 1, 0, 2, 1, 1, 0, 0, 0, 0, 1, 1, 2, 1, 2, 0, 0, 0, 2, 1, 0, 1, 2, 1, 2, 1, 1, 1, 1, 1, 2, 0, 1, 2, 0, 0, 0, 1, 0, 1, 0, 0, 1, 0, 0, 0, 2, 0, 0, 1, 1, 0, 0, 1, 1, 0, 0, 2]|[4, 3, 2, 2, 0, 0, 2, 2, 2, 4, 1, 1, 2, 4, 4, 1, 1, 4, 2, 1, 1, 1, 1, 2, 1, 2, 1, 1, 1, 1, 3, 2, 3, 0, 4, 0, 1, 1, 0, 3, 2, 2, 4, 0, 1, 1, 3, 2, 0, 1, 2, 2, 1, 4, 0, 3, 2, 1, 1, 2, 1, 3, 1, 1, 1, 3, 0, 4, 3, 1, 4, 1, 1, 2, 4, 1, 2, 1, 1, 3, 2, 3, 1, 1, 1, 1, 1, 1, 1, 1, 2, 3, 4, 1, 2, 1, 3, 2, 2, 1]|[0, 2, 1, 1, 3, 3, 0, 1, 0, 0, 0, 0, 1, 0, 1, 0, 0, 3, 1, 0, 0, 0, 3, 1, 0, 2, 0, 0, 0, 1, 0, 0, 0, 0, 3, 0, 1, 0, 0, 2, 1, 1, 2, 0, 0, 0, 0, 1, 1, 0, 0, 0, 1, 3, 0, 0, 1, 0, 0, 1, 0, 2, 0, 1, 0, 2, 1, 0, 0, 1, 1, 3, 0, 1, 3, 0, 1, 0, 0, 2, 1, 0, 0, 0, 1, 0, 0, 0, 0, 0, 1, 2, 3, 1, 0, 1, 0, 0, 0, 0],802.5281847645216,57652.86795409501,87938.17744329936,false
49,G1_CMAX,G1_CMAX,[31, 22, 90, 26, 58, 95, 42, 12, 93, 5, 78, 86, 98, 18, 20, 35, 3, 97, 91, 76, 10, 85, 54, 45, 63, 71, 66, 1, 23, 17, 24, 60, 36, 6, 57, 15, 65, 56, 47, 79, 94, 67, 50, 46, 14, 75, 38, 9, 30, 19, 32, 81, 27, 92, 83, 87, 40, 99, 59, 11, 53, 16, 72, 77, 73, 70, 39, 37, 84, 43, 62, 25, 55, 28, 29, 51, 68, 82, 74, 61, 88, 21, 80, 89, 7, 69, 96, 41, 48, 4, 8, 34, 49, 52, 0, 44, 13, 2, 64, 33]|[1, 1, 1, 1, 0, 2, 1, 1, 2, 2, 2, 1, 0, 1, 2, 2, 1, 2, 0, 1, 2, 2, 2, 0, 0, 1, 2, 1, 2, 1, 2, 1, 1, 0, 1, 1, 0, 2, 2, 1, 1, 0, 0, 0, 0, 1, 1, 1, 1, 2, 1, 2, 2, 0, 0, 2, 1, 0, 0, 2, 0, 1, 2, 2, 1, 1, 1, 1, 1, 1, 0, 1, 1, 0, 0, 0, 0, 0, 2, 1, 1, 0, 0, 1, 1, 1, 2, 2, 0, 1, 1, 2, 0, 1, 0, 0, 0, 0, 2, 2]|[0, 4, 3, 0, 1, 1, 2, 4, 1, 1, 2, 4, 1, 4, 1, 1, 1, 2, 2, 2, 2, 1, 1, 1, 2, 3, 2, 3, 0, 4, 1, 0, 3, 2, 2, 2, 1, 1, 1, 0, 2, 0, 1, 2, 1, 3, 1, 4, 2, 0, 3, 2, 1, 2, 1, 1, 4, 1, 1, 1, 2, 3, 0, 2, 4, 3, 1, 4, 1, 1, 1, 4, 4, 2, 1, 1, 1, 2, 1, 3, 0, 1, 1, 1, 1, 3, 1, 1, 1, 4, 3, 1, 1, 1, 2, 2, 2, 2, 1, 1]|[3, 0, 2, 3, 0, 0, 1, 0, 0, 0, 1, 0, 0, 3, 0, 0, 1, 1, 1, 2, 1, 0, 0, 0, 0, 0, 0, 0, 0, 3, 1, 0, 2, 1, 1, 1, 0, 0, 0, 0, 1, 1, 0, 0, 0, 0, 1, 3, 2, 0, 0, 1, 0, 1, 0, 0, 2, 0, 0, 0, 1, 2, 1, 1, 0, 0, 1, 1, 3, 3, 0, 3, 3, 1, 0, 0, 0, 1, 0, 0, 0, 0, 0, 1, 2, 2, 0, 0, 0, 0, 2, 0, 1, 1, 0, 0, 0, 0, 0, 0],705.0470749739228,58445.79123614564,95781.2895945797,false
49,G4_BALANCED,G2_TEC,[31, 22, 82, 15, 26, 9, 95, 42, 77, 68, 47, 5, 93, 78, 86, 54, 85, 63, 18, 44, 20, 49, 36, 14, 74, 50, 53, 17, 21, 28, 11, 64, 3, 23, 30, 83, 24, 41, 40, 52, 65, 27, 90, 70, 39, 58, 48, 69, 99, 4, 46, 1, 13, 87, 97, 59, 45, 8, 73, 37, 35, 79, 71, 66, 76, 32, 60, 80, 56, 6, 67, 61, 33, 7, 57, 34, 12, 16, 10, 98, 96, 88, 43, 81, 91, 2, 84, 29, 92, 19, 51, 89, 55, 75, 25, 72, 94, 38, 62, 0]|[2, 1, 2, 1, 1, 2, 1, 1, 1, 1, 1, 0, 2, 2, 1, 2, 0, 0, 0, 2, 2, 1, 0, 2, 0, 2, 2, 1, 0, 1, 1, 1, 0, 0, 1, 0, 2, 1, 2, 2, 0, 0, 1, 1, 0, 2, 0, 2, 1, 0, 0, 2, 0, 2, 2, 0, 1, 1, 0, 0, 2, 1, 1, 2, 2, 0, 2, 2, 2, 1, 2, 1, 1, 2, 0, 1, 1, 2, 1, 2, 0, 1, 1, 1, 1, 0, 0, 1, 0, 1, 1, 1, 0, 0, 1, 1, 2, 0, 1, 0]|[0, 3, 0, 3, 4, 1, 4, 4, 2, 4, 3, 2, 1, 0, 2, 1, 1, 1, 2, 1, 1, 3, 0, 1, 0, 1, 1, 4, 1, 4, 3, 2, 2, 0, 4, 1, 1, 4, 1, 1, 2, 1, 4, 4, 1, 1, 0, 1, 3, 2, 2, 1, 2, 1, 1, 2, 4, 3, 0, 2, 2, 3, 3, 1, 1, 2, 1, 1, 1, 4, 1, 3, 4, 1, 2, 4, 3, 1, 3, 1, 2, 4, 4, 4, 3, 2, 2, 3, 2, 4, 3, 4, 2, 2, 4, 4, 1, 2, 3, 2]|[0, 2, 0, 0, 3, 0, 1, 3, 0, 0, 2, 0, 0, 0, 1, 0, 0, 0, 1, 0, 0, 2, 0, 0, 1, 0, 0, 3, 0, 1, 0, 2, 0, 0, 3, 0, 1, 1, 0, 0, 0, 0, 1, 3, 0, 0, 1, 0, 2, 0, 0, 0, 0, 0, 1, 0, 1, 0, 1, 1, 0, 2, 0, 0, 0, 0, 0, 0, 0, 2, 0, 0, 1, 0, 0, 1, 0, 0, 3, 0, 0, 1, 2, 2, 0, 0, 0, 3, 0, 1, 0, 1, 0, 0, 3, 1, 0, 0, 0, 0],906.5008130244884,48804.21946544701,107179.9082409352,true
49,G2_TEC,G2_TEC,[31, 22, 82, 15, 26, 9, 95, 42, 77, 68, 47, 5, 93, 78, 86, 54, 85, 63, 18, 44, 20, 49, 36, 14, 74, 50, 53, 17, 21, 28, 11, 64, 3, 23, 30, 83, 24, 41, 40, 52, 65, 27, 90, 70, 39, 87, 48, 69, 99, 4, 75, 1, 13, 58, 97, 59, 45, 8, 73, 37, 35, 79, 71, 66, 76, 32, 60, 80, 56, 6, 67, 61, 33, 7, 57, 34, 12, 16, 10, 98, 96, 88, 43, 81, 91, 2, 84, 29, 92, 19, 51, 55, 89, 25, 72, 46, 94, 38, 62, 0]|[2, 1, 2, 1, 1, 2, 1, 1, 1, 1, 1, 0, 2, 2, 1, 2, 0, 0, 0, 2, 2, 1, 0, 2, 0, 2, 2, 1, 0, 1, 1, 1, 0, 0, 1, 0, 2, 1, 2, 2, 0, 0, 1, 1, 0, 2, 0, 2, 1, 0, 0, 2, 0, 2, 2, 0, 1, 1, 0, 0, 2, 1, 1, 2, 2, 0, 2, 2, 2, 1, 2, 1, 1, 2, 0, 1, 1, 2, 1, 2, 0, 1, 1, 1, 1, 0, 0, 1, 0, 1, 1, 0, 1, 1, 1, 0, 2, 0, 1, 0]|[0, 3, 0, 3, 4, 1, 4, 4, 4, 4, 3, 2, 1, 0, 2, 1, 1, 1, 2, 1, 1, 3, 0, 1, 0, 1, 1, 4, 1, 4, 3, 2, 2, 0, 4, 1, 1, 4, 1, 1, 2, 1, 4, 4, 1, 1, 0, 1, 3, 2, 2, 1, 2, 1, 1, 2, 4, 3, 0, 2, 1, 3, 3, 1, 1, 2, 1, 1, 1, 4, 1, 3, 4, 1, 2, 4, 3, 1, 3, 1, 2, 4, 4, 4, 3, 2, 2, 3, 2, 4, 3, 2, 4, 4, 4, 2, 1, 2, 3, 2]|[0, 2, 0, 0, 3, 0, 1, 3, 1, 0, 2, 0, 1, 0, 1, 0, 0, 0, 1, 0, 0, 2, 0, 0, 1, 0, 0, 3, 0, 1, 0, 2, 0, 0, 3, 0, 1, 1, 0, 0, 0, 0, 1, 3, 0, 0, 1, 0, 2, 0, 0, 0, 0, 0, 1, 0, 1, 0, 1, 1, 0, 2, 0, 0, 0, 0, 0, 0, 0, 2, 0, 0, 1, 0, 0, 1, 0, 0, 3, 0, 0, 1, 2, 2, 0, 0, 0, 3, 0, 1, 0, 0, 1, 3, 1, 0, 0, 0, 0, 0],910.6024065900936,48491.8951558845,107376.01945264004,false
49,G3_TWC,G3_TWC,[31, 22, 42, 15, 26, 58, 95, 82, 77, 12, 47, 5, 93, 78, 98, 54, 85, 63, 18, 44, 20, 35, 43, 97, 91, 76, 10, 30, 21, 45, 71, 64, 1, 23, 17, 83, 24, 61, 60, 36, 6, 57, 94, 88, 65, 56, 79, 40, 67, 68, 46, 75, 38, 9, 19, 32, 81, 41, 27, 62, 87, 90, 99, 59, 11, 16, 72, 73, 70, 39, 37, 84, 3, 92, 25, 74, 28, 29, 51, 7, 53, 14, 86, 48, 89, 50, 66, 96, 33, 80, 4, 8, 55, 49, 0, 52, 69, 2, 13, 34]|[1, 1, 0, 1, 1, 1, 2, 1, 2, 1, 2, 2, 2, 1, 1, 0, 0, 1, 0, 2, 2, 0, 1, 2, 0, 1, 2, 2, 0, 0, 1, 2, 1, 2, 1, 0, 2, 0, 1, 1, 0, 1, 1, 1, 0, 2, 1, 1, 0, 0, 0, 0, 1, 1, 2, 1, 2, 0, 0, 0, 2, 1, 0, 1, 2, 1, 2, 1, 1, 1, 1, 1, 2, 0, 1, 2, 0, 0, 0, 1, 0, 1, 0, 0, 1, 0, 0, 0, 2, 0, 0, 1, 1, 0, 0, 1, 1, 0, 0, 2]|[4, 3, 2, 2, 0, 0, 2, 2, 2, 4, 1, 1, 2, 4, 4, 1, 1, 4, 2, 1, 1, 1, 1, 2, 1, 2, 1, 1, 1, 1, 3, 2, 3, 0, 4, 0, 1, 1, 0, 3, 2, 2, 4, 0, 1, 1, 3, 2, 0, 1, 2, 2, 1, 4, 0, 3, 2, 1, 1, 2, 1, 3, 1, 1, 1, 3, 0, 4, 3, 1, 4, 1, 1, 2, 4, 1, 2, 1, 1, 3, 2, 3, 1, 1, 1, 1, 1, 1, 1, 1, 2, 3, 4, 1, 2, 1, 3, 2, 2, 1]|[0, 2, 1, 1, 3, 3, 0, 1, 0, 0, 0, 0, 1, 0, 1, 0, 0, 3, 1, 0, 0, 0, 3, 1, 0, 2, 0, 0, 0, 1, 0, 0, 0, 0, 3, 0, 1, 0, 0, 2, 1, 1, 2, 0, 0, 0, 0, 1, 1, 0, 0, 0, 1, 3, 0, 0, 1, 0, 0, 1, 0, 2, 0, 1, 0, 2, 1, 0, 0, 1, 1, 3, 0, 1, 3, 0, 1, 0, 0, 2, 1, 0, 0, 0, 1, 0, 0, 0, 0, 0, 1, 2, 3, 1, 0, 1, 0, 0, 0, 0],802.5281847645216,57652.86795409501,87938.17744329936,false
49,G1_CMAX,G1_CMAX,[31, 22, 90, 26, 58, 95, 42, 12, 93, 5, 78, 86, 98, 18, 20, 35, 3, 97, 91, 76, 10, 85, 54, 45, 63, 71, 66, 1, 23, 17, 24, 60, 36, 6, 57, 15, 65, 56, 47, 79, 94, 67, 50, 46, 14, 75, 38, 9, 30, 19, 32, 81, 27, 92, 83, 87, 40, 99, 59, 11, 53, 16, 72, 77, 73, 70, 39, 37, 84, 43, 62, 25, 55, 28, 29, 51, 68, 82, 74, 61, 88, 21, 80, 89, 7, 69, 96, 41, 48, 4, 8, 34, 49, 52, 0, 44, 13, 2, 64, 33]|[1, 1, 1, 1, 0, 2, 1, 1, 2, 2, 2, 1, 0, 1, 2, 2, 1, 2, 0, 1, 2, 2, 2, 0, 0, 1, 2, 1, 2, 1, 2, 1, 1, 0, 1, 1, 0, 2, 2, 1, 1, 0, 0, 0, 0, 1, 1, 1, 1, 2, 1, 2, 2, 0, 0, 2, 1, 0, 0, 2, 0, 1, 2, 2, 1, 1, 1, 1, 1, 1, 0, 1, 1, 0, 0, 0, 0, 0, 2, 1, 1, 0, 0, 1, 1, 1, 2, 2, 0, 1, 1, 2, 0, 1, 0, 0, 0, 0, 2, 2]|[0, 4, 3, 0, 1, 1, 2, 4, 1, 1, 2, 4, 1, 4, 1, 1, 1, 2, 2, 2, 2, 1, 1, 1, 2, 3, 2, 3, 0, 4, 1, 0, 3, 2, 2, 2, 1, 1, 1, 0, 2, 0, 1, 2, 1, 3, 1, 4, 2, 0, 3, 2, 1, 2, 1, 1, 4, 1, 1, 1, 2, 3, 0, 2, 4, 3, 1, 4, 1, 1, 1, 4, 4, 2, 1, 1, 1, 2, 1, 3, 0, 1, 1, 1, 1, 3, 1, 1, 1, 4, 3, 1, 1, 1, 2, 2, 2, 2, 1, 1]|[3, 0, 2, 3, 0, 0, 1, 0, 0, 0, 1, 0, 0, 3, 0, 0, 1, 1, 1, 2, 1, 0, 0, 0, 0, 0, 0, 0, 0, 3, 1, 0, 2, 1, 1, 1, 0, 0, 0, 0, 1, 1, 0, 0, 0, 0, 1, 3, 2, 0, 0, 1, 0, 1, 0, 0, 2, 0, 0, 0, 1, 2, 1, 1, 0, 0, 1, 1, 3, 3, 0, 3, 3, 1, 0, 0, 0, 1, 0, 0, 0, 0, 0, 1, 2, 2, 0, 0, 0, 0, 2, 0, 1, 1, 0, 0, 0, 0, 0, 0],705.0470749739228,58445.79123614564,95781.2895945797,false
49,G4_BALANCED,G2_TEC,[31, 22, 82, 15, 26, 9, 95, 42, 77, 68, 47, 5, 93, 78, 86, 54, 85, 63, 18, 44, 20, 49, 36, 14, 74, 50, 53, 17, 21, 28, 11, 64, 3, 23, 30, 83, 24, 41, 40, 52, 65, 27, 90, 70, 39, 58, 48, 69, 99, 4, 46, 1, 13, 87, 97, 59, 45, 8, 73, 37, 35, 79, 71, 66, 76, 32, 60, 80, 56, 6, 67, 61, 33, 7, 57, 34, 12, 16, 10, 98, 96, 88, 43, 81, 91, 2, 84, 29, 92, 19, 51, 89, 55, 75, 25, 72, 94, 38, 62, 0]|[2, 1, 2, 1, 1, 2, 1, 1, 1, 1, 1, 0, 2, 2, 1, 2, 0, 0, 0, 2, 2, 1, 0, 2, 0, 2, 2, 1, 0, 1, 1, 1, 0, 0, 1, 0, 2, 1, 2, 2, 0, 0, 1, 1, 0, 2, 0, 2, 1, 0, 0, 2, 0, 2, 2, 0, 1, 1, 0, 0, 2, 1, 1, 2, 2, 0, 2, 2, 2, 1, 2, 1, 1, 2, 0, 1, 1, 2, 1, 2, 0, 1, 1, 1, 1, 0, 0, 1, 0, 1, 1, 1, 0, 0, 1, 1, 2, 0, 1, 0]|[0, 3, 0, 3, 4, 1, 4, 4, 2, 4, 3, 2, 1, 0, 2, 1, 1, 1, 2, 1, 1, 3, 0, 1, 0, 1, 1, 4, 1, 4, 3, 2, 2, 0, 4, 1, 1, 4, 1, 1, 2, 1, 4, 4, 1, 1, 0, 1, 3, 2, 2, 1, 2, 1, 1, 2, 4, 3, 0, 2, 2, 3, 3, 1, 1, 2, 1, 1, 1, 4, 1, 3, 4, 1, 2, 4, 3, 1, 3, 1, 2, 4, 4, 4, 3, 2, 2, 3, 2, 4, 3, 4, 2, 2, 4, 4, 1, 2, 3, 2]|[0, 2, 0, 0, 3, 0, 1, 3, 0, 0, 2, 0, 0, 0, 1, 0, 0, 0, 1, 0, 0, 2, 0, 0, 1, 0, 0, 3, 0, 1, 0, 2, 0, 0, 3, 0, 1, 1, 0, 0, 0, 0, 1, 3, 0, 0, 1, 0, 2, 0, 0, 0, 0, 0, 1, 0, 1, 0, 1, 1, 0, 2, 0, 0, 0, 0, 0, 0, 0, 2, 0, 0, 1, 0, 0, 1, 0, 0, 3, 0, 0, 1, 2, 2, 0, 0, 0, 3, 0, 1, 0, 1, 0, 0, 3, 1, 0, 0, 0, 0],906.5008130244884,48804.21946544701,107179.9082409352,true
49,G2_TEC,G2_TEC,[31, 22, 82, 15, 26, 9, 95, 42, 77, 68, 47, 5, 93, 78, 86, 54, 85, 63, 18, 44, 20, 49, 36, 14, 74, 50, 53, 17, 21, 28, 11, 64, 3, 23, 30, 83, 24, 41, 40, 52, 65, 27, 90, 70, 39, 87, 48, 69, 99, 4, 75, 1, 13, 58, 97, 59, 45, 8, 73, 37, 35, 79, 71, 66, 76, 32, 60, 80, 56, 6, 67, 61, 33, 7, 57, 34, 12, 16, 10, 98, 96, 88, 43, 81, 91, 2, 84, 29, 92, 19, 51, 55, 89, 25, 72, 46, 94, 38, 62, 0]|[2, 1, 2, 1, 1, 2, 1, 1, 1, 1, 1, 0, 2, 2, 1, 2, 0, 0, 0, 2, 2, 1, 0, 2, 0, 2, 2, 1, 0, 1, 1, 1, 0, 0, 1, 0, 2, 1, 2, 2, 0, 0, 1, 1, 0, 2, 0, 2, 1, 0, 0, 2, 0, 2, 2, 0, 1, 1, 0, 0, 2, 1, 1, 2, 2, 0, 2, 2, 2, 1, 2, 1, 1, 2, 0, 1, 1, 2, 1, 2, 0, 1, 1, 1, 1, 0, 0, 1, 0, 1, 1, 0, 1, 1, 1, 0, 2, 0, 1, 0]|[0, 3, 0, 3, 4, 1, 4, 4, 4, 4, 3, 2, 1, 0, 2, 1, 1, 1, 2, 1, 1, 3, 0, 1, 0, 1, 1, 4, 1, 4, 3, 2, 2, 0, 4, 1, 1, 4, 1, 1, 2, 1, 4, 4, 1, 1, 0, 1, 3, 2, 2, 1, 2, 1, 1, 2, 4, 3, 0, 2, 1, 3, 3, 1, 1, 2, 1, 1, 1, 4, 1, 3, 4, 1, 2, 4, 3, 1, 3, 1, 2, 4, 4, 4, 3, 2, 2, 3, 2, 4, 3, 2, 4, 4, 4, 2, 1, 2, 3, 2]|[0, 2, 0, 0, 3, 0, 1, 3, 1, 0, 2, 0, 1, 0, 1, 0, 0, 0, 1, 0, 0, 2, 0, 0, 1, 0, 0, 3, 0, 1, 0, 2, 0, 0, 3, 0, 1, 1, 0, 0, 0, 0, 1, 3, 0, 0, 1, 0, 2, 0, 0, 0, 0, 0, 1, 0, 1, 0, 1, 1, 0, 2, 0, 0, 0, 0, 0, 0, 0, 2, 0, 0, 1, 0, 0, 1, 0, 0, 3, 0, 0, 1, 2, 2, 0, 0, 0, 3, 0, 1, 0, 0, 1, 3, 1, 0, 0, 0, 0, 0],910.6024065900936,48491.8951558845,107376.01945264004,false
49,G3_TWC,G3_TWC,[31, 22, 42, 15, 26, 58, 95, 82, 77, 12, 47, 5, 93, 78, 98, 54, 85, 63, 18, 44, 20, 35, 43, 97, 91, 76, 10, 30, 21, 45, 71, 64, 1, 23, 17, 83, 24, 61, 60, 36, 6, 57, 94, 88, 65, 56, 79, 40, 67, 68, 46, 75, 38, 9, 19, 32, 81, 41, 27, 62, 87, 90, 99, 59, 11, 16, 72, 73, 70, 39, 37, 84, 3, 92, 25, 74, 28, 29, 51, 7, 53, 14, 86, 48, 89, 50, 66, 96, 33, 80, 4, 8, 55, 49, 0, 52, 69, 2, 13, 34]|[1, 1, 0, 1, 1, 1, 2, 1, 2, 1, 2, 2, 2, 1, 1, 0, 0, 1, 0, 2, 2, 0, 1, 2, 0, 1, 2, 2, 0, 0, 1, 2, 1, 2, 1, 0, 2, 0, 1, 1, 0, 1, 1, 1, 0, 2, 1, 1, 0, 0, 0, 0, 1, 1, 2, 1, 2, 0, 0, 0, 2, 1, 0, 1, 2, 1, 2, 1, 1, 1, 1, 1, 2, 0, 1, 2, 0, 0, 0, 1, 0, 1, 0, 0, 1, 0, 0, 0, 2, 0, 0, 1, 1, 0, 0, 1, 1, 0, 0, 2]|[4, 3, 2, 2, 0, 0, 2, 2, 2, 4, 1, 1, 2, 4, 4, 1, 1, 4, 2, 1, 1, 1, 1, 2, 1, 2, 1, 1, 1, 1, 3, 2, 3, 0, 4, 0, 1, 1, 0, 3, 2, 2, 4, 0, 1, 1, 3, 2, 0, 1, 2, 2, 1, 4, 0, 3, 2, 1, 1, 2, 1, 3, 1, 1, 1, 3, 0, 4, 3, 1, 4, 1, 1, 2, 4, 1, 2, 1, 1, 3, 2, 3, 1, 1, 1, 1, 1, 1, 1, 1, 2, 3, 4, 1, 2, 1, 3, 2, 2, 1]|[0, 2, 1, 1, 3, 3, 0, 1, 0, 0, 0, 0, 1, 0, 1, 0, 0, 3, 1, 0, 0, 0, 3, 1, 0, 2, 0, 0, 0, 1, 0, 0, 0, 0, 3, 0, 1, 0, 0, 2, 1, 1, 2, 0, 0, 0, 0, 1, 1, 0, 0, 0, 1, 3, 0, 0, 1, 0, 0, 1, 0, 2, 0, 1, 0, 2, 1, 0, 0, 1, 1, 3, 0, 1, 3, 0, 1, 0, 0, 2, 1, 0, 0, 0, 1, 0, 0, 0, 0, 0, 1, 2, 3, 1, 0, 1, 0, 0, 0, 0],802.5281847645216,57652.86795409501,87938.17744329936,false
49,G1_CMAX,G1_CMAX,[31, 22, 90, 26, 58, 95, 42, 12, 93, 5, 78, 86, 98, 18, 20, 35, 3, 97, 91, 76, 10, 85, 54, 45, 63, 71, 66, 1, 23, 17, 24, 60, 36, 6, 57, 15, 65, 56, 47, 79, 94, 67, 50, 46, 14, 75, 38, 9, 30, 19, 32, 81, 27, 92, 83, 87, 40, 99, 59, 11, 53, 16, 72, 77, 73, 70, 39, 37, 84, 43, 62, 25, 55, 28, 29, 51, 68, 82, 74, 61, 88, 21, 80, 89, 7, 69, 96, 41, 48, 4, 8, 34, 49, 52, 0, 44, 13, 2, 64, 33]|[1, 1, 1, 1, 0, 2, 1, 1, 2, 2, 2, 1, 0, 1, 2, 2, 1, 2, 0, 1, 2, 2, 2, 0, 0, 1, 2, 1, 2, 1, 2, 1, 1, 0, 1, 1, 0, 2, 2, 1, 1, 0, 0, 0, 0, 1, 1, 1, 1, 2, 1, 2, 2, 0, 0, 2, 1, 0, 0, 2, 0, 1, 2, 2, 1, 1, 1, 1, 1, 1, 0, 1, 1, 0, 0, 0, 0, 0, 2, 1, 1, 0, 0, 1, 1, 1, 2, 2, 0, 1, 1, 2, 0, 1, 0, 0, 0, 0, 2, 2]|[0, 4, 3, 0, 1, 1, 2, 4, 1, 1, 2, 4, 1, 4, 1, 1, 1, 2, 2, 2, 2, 1, 1, 1, 2, 3, 2, 3, 0, 4, 1, 0, 3, 2, 2, 2, 1, 1, 1, 0, 2, 0, 1, 2, 1, 3, 1, 4, 2, 0, 3, 2, 1, 2, 1, 1, 4, 1, 1, 1, 2, 3, 0, 2, 4, 3, 1, 4, 1, 1, 1, 4, 4, 2, 1, 1, 1, 2, 1, 3, 0, 1, 1, 1, 1, 3, 1, 1, 1, 4, 3, 1, 1, 1, 2, 2, 2, 2, 1, 1]|[3, 0, 2, 3, 0, 0, 1, 0, 0, 0, 1, 0, 0, 3, 0, 0, 1, 1, 1, 2, 1, 0, 0, 0, 0, 0, 0, 0, 0, 3, 1, 0, 2, 1, 1, 1, 0, 0, 0, 0, 1, 1, 0, 0, 0, 0, 1, 3, 2, 0, 0, 1, 0, 1, 0, 0, 2, 0, 0, 0, 1, 2, 1, 1, 0, 0, 1, 1, 3, 3, 0, 3, 3, 1, 0, 0, 0, 1, 0, 0, 0, 0, 0, 1, 2, 2, 0, 0, 0, 0, 2, 0, 1, 1, 0, 0, 0, 0, 0, 0],705.0470749739228,58445.79123614564,95781.2895945797,false
49,G4_BALANCED,G2_TEC,[31, 22, 82, 15, 26, 9, 95, 42, 77, 68, 47, 5, 93, 78, 86, 54, 85, 63, 18, 44, 20, 49, 36, 14, 74, 50, 53, 17, 21, 28, 11, 64, 3, 23, 30, 83, 24, 41, 40, 52, 65, 27, 90, 70, 39, 58, 48, 69, 99, 4, 46, 1, 13, 87, 97, 59, 45, 8, 73, 37, 35, 79, 71, 66, 76, 32, 60, 80, 56, 6, 67, 61, 33, 7, 57, 34, 12, 16, 10, 98, 96, 88, 43, 81, 91, 2, 84, 29, 92, 19, 51, 89, 55, 75, 25, 72, 94, 38, 62, 0]|[2, 1, 2, 1, 1, 2, 1, 1, 1, 1, 1, 0, 2, 2, 1, 2, 0, 0, 0, 2, 2, 1, 0, 2, 0, 2, 2, 1, 0, 1, 1, 1, 0, 0, 1, 0, 2, 1, 2, 2, 0, 0, 1, 1, 0, 2, 0, 2, 1, 0, 0, 2, 0, 2, 2, 0, 1, 1, 0, 0, 2, 1, 1, 2, 2, 0, 2, 2, 2, 1, 2, 1, 1, 2, 0, 1, 1, 2, 1, 2, 0, 1, 1, 1, 1, 0, 0, 1, 0, 1, 1, 1, 0, 0, 1, 1, 2, 0, 1, 0]|[0, 3, 0, 3, 4, 1, 4, 4, 2, 4, 3, 2, 1, 0, 2, 1, 1, 1, 2, 1, 1, 3, 0, 1, 0, 1, 1, 4, 1, 4, 3, 2, 2, 0, 4, 1, 1, 4, 1, 1, 2, 1, 4, 4, 1, 1, 0, 1, 3, 2, 2, 1, 2, 1, 1, 2, 4, 3, 0, 2, 2, 3, 3, 1, 1, 2, 1, 1, 1, 4, 1, 3, 4, 1, 2, 4, 3, 1, 3, 1, 2, 4, 4, 4, 3, 2, 2, 3, 2, 4, 3, 4, 2, 2, 4, 4, 1, 2, 3, 2]|[0, 2, 0, 0, 3, 0, 1, 3, 0, 0, 2, 0, 0, 0, 1, 0, 0, 0, 1, 0, 0, 2, 0, 0, 1, 0, 0, 3, 0, 1, 0, 2, 0, 0, 3, 0, 1, 1, 0, 0, 0, 0, 1, 3, 0, 0, 1, 0, 2, 0, 0, 0, 0, 0, 1, 0, 1, 0, 1, 1, 0, 2, 0, 0, 0, 0, 0, 0, 0, 2, 0, 0, 1, 0, 0, 1, 0, 0, 3, 0, 0, 1, 2, 2, 0, 0, 0, 3, 0, 1, 0, 1, 0, 0, 3, 1, 0, 0, 0, 0],906.5008130244884,48804.21946544701,107179.9082409352,true
49,G2_TEC,G2_TEC,[31, 22, 82, 15, 26, 9, 95, 42, 77, 68, 47, 5, 93, 78, 86, 54, 85, 63, 18, 44, 20, 49, 36, 14, 74, 50, 53, 17, 21, 28, 11, 64, 3, 23, 30, 83, 24, 41, 40, 52, 65, 27, 90, 70, 39, 87, 48, 69, 99, 4, 75, 1, 13, 58, 97, 59, 45, 8, 73, 37, 35, 79, 71, 66, 76, 32, 60, 80, 56, 6, 67, 61, 33, 7, 57, 34, 12, 16, 10, 98, 96, 88, 43, 81, 91, 2, 84, 29, 92, 19, 51, 55, 89, 25, 72, 46, 94, 38, 62, 0]|[2, 1, 2, 1, 1, 2, 1, 1, 1, 1, 1, 0, 2, 2, 1, 2, 0, 0, 0, 2, 2, 1, 0, 2, 0, 2, 2, 1, 0, 1, 1, 1, 0, 0, 1, 0, 2, 1, 2, 2, 0, 0, 1, 1, 0, 2, 0, 2, 1, 0, 0, 2, 0, 2, 2, 0, 1, 1, 0, 0, 2, 1, 1, 2, 2, 0, 2, 2, 2, 1, 2, 1, 1, 2, 0, 1, 1, 2, 1, 2, 0, 1, 1, 1, 1, 0, 0, 1, 0, 1, 1, 0, 1, 1, 1, 0, 2, 0, 1, 0]|[0, 3, 0, 3, 4, 1, 4, 4, 4, 4, 3, 2, 1, 0, 2, 1, 1, 1, 2, 1, 1, 3, 0, 1, 0, 1, 1, 4, 1, 4, 3, 2, 2, 0, 4, 1, 1, 4, 1, 1, 2, 1, 4, 4, 1, 1, 0, 1, 3, 2, 2, 1, 2, 1, 1, 2, 4, 3, 0, 2, 1, 3, 3, 1, 1, 2, 1, 1, 1, 4, 1, 3, 4, 1, 2, 4, 3, 1, 3, 1, 2, 4, 4, 4, 3, 2, 2, 3, 2, 4, 3, 2, 4, 4, 4, 2, 1, 2, 3, 2]|[0, 2, 0, 0, 3, 0, 1, 3, 1, 0, 2, 0, 1, 0, 1, 0, 0, 0, 1, 0, 0, 2, 0, 0, 1, 0, 0, 3, 0, 1, 0, 2, 0, 0, 3, 0, 1, 1, 0, 0, 0, 0, 1, 3, 0, 0, 1, 0, 2, 0, 0, 0, 0, 0, 1, 0, 1, 0, 1, 1, 0, 2, 0, 0, 0, 0, 0, 0, 0, 2, 0, 0, 1, 0, 0, 1, 0, 0, 3, 0, 0, 1, 2, 2, 0, 0, 0, 3, 0, 1, 0, 0, 1, 3, 1, 0, 0, 0, 0, 0],910.6024065900936,48491.8951558845,107376.01945264004,false
49,G3_TWC,G3_TWC,[31, 22, 42, 15, 26, 58, 95, 82, 77, 12, 47, 5, 93, 78, 98, 54, 85, 63, 18, 44, 20, 35, 43, 97, 91, 76, 10, 30, 21, 45, 71, 64, 1, 23, 17, 83, 24, 61, 60, 36, 6, 57, 94, 88, 65, 56, 79, 40, 67, 68, 46, 75, 38, 9, 19, 32, 81, 41, 27, 62, 87, 90, 99, 59, 11, 16, 72, 73, 70, 39, 37, 84, 3, 92, 25, 74, 28, 29, 51, 7, 53, 14, 86, 48, 89, 50, 66, 96, 33, 80, 4, 8, 55, 49, 0, 52, 69, 2, 13, 34]|[1, 1, 0, 1, 1, 1, 2, 1, 2, 1, 2, 2, 2, 1, 1, 0, 0, 1, 0, 2, 2, 0, 1, 2, 0, 1, 2, 2, 0, 0, 1, 2, 1, 2, 1, 0, 2, 0, 1, 1, 0, 1, 1, 1, 0, 2, 1, 1, 0, 0, 0, 0, 1, 1, 2, 1, 2, 0, 0, 0, 2, 1, 0, 1, 2, 1, 2, 1, 1, 1, 1, 1, 2, 0, 1, 2, 0, 0, 0, 1, 0, 1, 0, 0, 1, 0, 0, 0, 2, 0, 0, 1, 1, 0, 0, 1, 1, 0, 0, 2]|[4, 3, 2, 2, 0, 0, 2, 2, 2, 4, 1, 1, 2, 4, 4, 1, 1, 4, 2, 1, 1, 1, 1, 2, 1, 2, 1, 1, 1, 1, 3, 2, 3, 0, 4, 0, 1, 1, 0, 3, 2, 2, 4, 0, 1, 1, 3, 2, 0, 1, 2, 2, 1, 4, 0, 3, 2, 1, 1, 2, 1, 3, 1, 1, 1, 3, 0, 4, 3, 1, 4, 1, 1, 2, 4, 1, 2, 1, 1, 3, 2, 3, 1, 1, 1, 1, 1, 1, 1, 1, 2, 3, 4, 1, 2, 1, 3, 2, 2, 1]|[0, 2, 1, 1, 3, 3, 0, 1, 0, 0, 0, 0, 1, 0, 1, 0, 0, 3, 1, 0, 0, 0, 3, 1, 0, 2, 0, 0, 0, 1, 0, 0, 0, 0, 3, 0, 1, 0, 0, 2, 1, 1, 2, 0, 0, 0, 0, 1, 1, 0, 0, 0, 1, 3, 0, 0, 1, 0, 0, 1, 0, 2, 0, 1, 0, 2, 1, 0, 0, 1, 1, 3, 0, 1, 3, 0, 1, 0, 0, 2, 1, 0, 0, 0, 1, 0, 0, 0, 0, 0, 1, 2, 3, 1, 0, 1, 0, 0, 0, 0],802.5281847645216,57652.86795409501,87938.17744329936,false
49,G1_CMAX,G1_CMAX,[31, 22, 90, 26, 58, 95, 42, 12, 93, 5, 78, 86, 98, 18, 20, 35, 3, 97, 91, 76, 10, 85, 54, 45, 63, 71, 66, 1, 23, 17, 24, 60, 36, 6, 57, 15, 65, 56, 47, 79, 94, 67, 50, 46, 14, 75, 38, 9, 30, 19, 32, 81, 27, 92, 83, 87, 40, 99, 59, 11, 53, 16, 72, 77, 73, 70, 39, 37, 84, 43, 62, 25, 55, 28, 29, 51, 68, 82, 74, 61, 88, 21, 80, 89, 7, 69, 96, 41, 48, 4, 8, 34, 49, 52, 0, 44, 13, 2, 64, 33]|[1, 1, 1, 1, 0, 2, 1, 1, 2, 2, 2, 1, 0, 1, 2, 2, 1, 2, 0, 1, 2, 2, 2, 0, 0, 1, 2, 1, 2, 1, 2, 1, 1, 0, 1, 1, 0, 2, 2, 1, 1, 0, 0, 0, 0, 1, 1, 1, 1, 2, 1, 2, 2, 0, 0, 2, 1, 0, 0, 2, 0, 1, 2, 2, 1, 1, 1, 1, 1, 1, 0, 1, 1, 0, 0, 0, 0, 0, 2, 1, 1, 0, 0, 1, 1, 1, 2, 2, 0, 1, 1, 2, 0, 1, 0, 0, 0, 0, 2, 2]|[0, 4, 3, 0, 1, 1, 2, 4, 1, 1, 2, 4, 1, 4, 1, 1, 1, 2, 2, 2, 2, 1, 1, 1, 2, 3, 2, 3, 0, 4, 1, 0, 3, 2, 2, 2, 1, 1, 1, 0, 2, 0, 1, 2, 1, 3, 1, 4, 2, 0, 3, 2, 1, 2, 1, 1, 4, 1, 1, 1, 2, 3, 0, 2, 4, 3, 1, 4, 1, 1, 1, 4, 4, 2, 1, 1, 1, 2, 1, 3, 0, 1, 1, 1, 1, 3, 1, 1, 1, 4, 3, 1, 1, 1, 2, 2, 2, 2, 1, 1]|[3, 0, 2, 3, 0, 0, 1, 0, 0, 0, 1, 0, 0, 3, 0, 0, 1, 1, 1, 2, 1, 0, 0, 0, 0, 0, 0, 0, 0, 3, 1, 0, 2, 1, 1, 1, 0, 0, 0, 0, 1, 1, 0, 0, 0, 0, 1, 3, 2, 0, 0, 1, 0, 1, 0, 0, 2, 0, 0, 0, 1, 2, 1, 1, 0, 0, 1, 1, 3, 3, 0, 3, 3, 1, 0, 0, 0, 1, 0, 0, 0, 0, 0, 1, 2, 2, 0, 0, 0, 0, 2, 0, 1, 1, 0, 0, 0, 0, 0, 0],705.0470749739228,58445.79123614564,95781.2895945797,false
49,G4_BALANCED,G2_TEC,[31, 22, 82, 15, 26, 9, 95, 42, 77, 68, 47, 5, 93, 78, 86, 54, 85, 63, 18, 44, 20, 49, 36, 14, 74, 50, 53, 17, 21, 28, 11, 64, 3, 23, 30, 83, 24, 41, 40, 52, 65, 27, 90, 70, 39, 58, 48, 69, 99, 4, 46, 1, 13, 87, 97, 59, 45, 8, 73, 37, 35, 79, 71, 66, 76, 32, 60, 80, 56, 6, 67, 61, 33, 7, 57, 34, 12, 16, 10, 98, 96, 88, 43, 81, 91, 2, 84, 29, 92, 19, 51, 89, 55, 75, 25, 72, 94, 38, 62, 0]|[2, 1, 2, 1, 1, 2, 1, 1, 1, 1, 1, 0, 2, 2, 1, 2, 0, 0, 0, 2, 2, 1, 0, 2, 0, 2, 2, 1, 0, 1, 1, 1, 0, 0, 1, 0, 2, 1, 2, 2, 0, 0, 1, 1, 0, 2, 0, 2, 1, 0, 0, 2, 0, 2, 2, 0, 1, 1, 0, 0, 2, 1, 1, 2, 2, 0, 2, 2, 2, 1, 2, 1, 1, 2, 0, 1, 1, 2, 1, 2, 0, 1, 1, 1, 1, 0, 0, 1, 0, 1, 1, 1, 0, 0, 1, 1, 2, 0, 1, 0]|[0, 3, 0, 3, 4, 1, 4, 4, 2, 4, 3, 2, 1, 0, 2, 1, 1, 1, 2, 1, 1, 3, 0, 1, 0, 1, 1, 4, 1, 4, 3, 2, 2, 0, 4, 1, 1, 4, 1, 1, 2, 1, 4, 4, 1, 1, 0, 1, 3, 2, 2, 1, 2, 1, 1, 2, 4, 3, 0, 2, 2, 3, 3, 1, 1, 2, 1, 1, 1, 4, 1, 3, 4, 1, 2, 4, 3, 1, 3, 1, 2, 4, 4, 4, 3, 2, 2, 3, 2, 4, 3, 4, 2, 2, 4, 4, 1, 2, 3, 2]|[0, 2, 0, 0, 3, 0, 1, 3, 0, 0, 2, 0, 0, 0, 1, 0, 0, 0, 1, 0, 0, 2, 0, 0, 1, 0, 0, 3, 0, 1, 0, 2, 0, 0, 3, 0, 1, 1, 0, 0, 0, 0, 1, 3, 0, 0, 1, 0, 2, 0, 0, 0, 0, 0, 1, 0, 1, 0, 1, 1, 0, 2, 0, 0, 0, 0, 0, 0, 0, 2, 0, 0, 1, 0, 0, 1, 0, 0, 3, 0, 0, 1, 2, 2, 0, 0, 0, 3, 0, 1, 0, 1, 0, 0, 3, 1, 0, 0, 0, 0],906.5008130244884,48804.21946544701,107179.9082409352,true
49,G2_TEC,G2_TEC,[31, 22, 82, 15, 26, 9, 95, 42, 77, 68, 47, 5, 93, 78, 86, 54, 85, 63, 18, 44, 20, 49, 36, 14, 74, 50, 53, 17, 21, 28, 11, 64, 3, 23, 30, 83, 24, 41, 40, 52, 65, 27, 90, 70, 39, 87, 48, 69, 99, 4, 75, 1, 13, 58, 97, 59, 45, 8, 73, 37, 35, 79, 71, 66, 76, 32, 60, 80, 56, 6, 67, 61, 33, 7, 57, 34, 12, 16, 10, 98, 96, 88, 43, 81, 91, 2, 84, 29, 92, 19, 51, 55, 89, 25, 72, 46, 94, 38, 62, 0]|[2, 1, 2, 1, 1, 2, 1, 1, 1, 1, 1, 0, 2, 2, 1, 2, 0, 0, 0, 2, 2, 1, 0, 2, 0, 2, 2, 1, 0, 1, 1, 1, 0, 0, 1, 0, 2, 1, 2, 2, 0, 0, 1, 1, 0, 2, 0, 2, 1, 0, 0, 2, 0, 2, 2, 0, 1, 1, 0, 0, 2, 1, 1, 2, 2, 0, 2, 2, 2, 1, 2, 1, 1, 2, 0, 1, 1, 2, 1, 2, 0, 1, 1, 1, 1, 0, 0, 1, 0, 1, 1, 0, 1, 1, 1, 0, 2, 0, 1, 0]|[0, 3, 0, 3, 4, 1, 4, 4, 4, 4, 3, 2, 1, 0, 2, 1, 1, 1, 2, 1, 1, 3, 0, 1, 0, 1, 1, 4, 1, 4, 3, 2, 2, 0, 4, 1, 1, 4, 1, 1, 2, 1, 4, 4, 1, 1, 0, 1, 3, 2, 2, 1, 2, 1, 1, 2, 4, 3, 0, 2, 1, 3, 3, 1, 1, 2, 1, 1, 1, 4, 1, 3, 4, 1, 2, 4, 3, 1, 3, 1, 2, 4, 4, 4, 3, 2, 2, 3, 2, 4, 3, 2, 4, 4, 4, 2, 1, 2, 3, 2]|[0, 2, 0, 0, 3, 0, 1, 3, 1, 0, 2, 0, 1, 0, 1, 0, 0, 0, 1, 0, 0, 2, 0, 0, 1, 0, 0, 3, 0, 1, 0, 2, 0, 0, 3, 0, 1, 1, 0, 0, 0, 0, 1, 3, 0, 0, 1, 0, 2, 0, 0, 0, 0, 0, 1, 0, 1, 0, 1, 1, 0, 2, 0, 0, 0, 0, 0, 0, 0, 2, 0, 0, 1, 0, 0, 1, 0, 0, 3, 0, 0, 1, 2, 2, 0, 0, 0, 3, 0, 1, 0, 0, 1, 3, 1, 0, 0, 0, 0, 0],910.6024065900936,48491.8951558845,107376.01945264004,false
49,G3_TWC,G3_TWC,[31, 22, 42, 15, 26, 58, 95, 82, 77, 12, 47, 5, 93, 78, 98, 54, 85, 63, 18, 44, 20, 35, 43, 97, 91, 76, 10, 30, 21, 45, 71, 64, 1, 23, 17, 83, 24, 61, 60, 36, 6, 57, 94, 88, 65, 56, 79, 40, 67, 68, 46, 75, 38, 9, 19, 32, 81, 41, 27, 62, 87, 90, 99, 59, 11, 16, 72, 73, 70, 39, 37, 84, 3, 92, 25, 74, 28, 29, 51, 7, 53, 14, 86, 48, 89, 50, 66, 96, 33, 80, 4, 8, 55, 49, 0, 52, 69, 2, 13, 34]|[1, 1, 0, 1, 1, 1, 2, 1, 2, 1, 2, 2, 2, 1, 1, 0, 0, 1, 0, 2, 2, 0, 1, 2, 0, 1, 2, 2, 0, 0, 1, 2, 1, 2, 1, 0, 2, 0, 1, 1, 0, 1, 1, 1, 0, 2, 1, 1, 0, 0, 0, 0, 1, 1, 2, 1, 2, 0, 0, 0, 2, 1, 0, 1, 2, 1, 2, 1, 1, 1, 1, 1, 2, 0, 1, 2, 0, 0, 0, 1, 0, 1, 0, 0, 1, 0, 0, 0, 2, 0, 0, 1, 1, 0, 0, 1, 1, 0, 0, 2]|[4, 3, 2, 2, 0, 0, 2, 2, 2, 4, 1, 1, 2, 4, 4, 1, 1, 4, 2, 1, 1, 1, 1, 2, 1, 2, 1, 1, 1, 1, 3, 2, 3, 0, 4, 0, 1, 1, 0, 3, 2, 2, 4, 0, 1, 1, 3, 2, 0, 1, 2, 2, 1, 4, 0, 3, 2, 1, 1, 2, 1, 3, 1, 1, 1, 3, 0, 4, 3, 1, 4, 1, 1, 2, 4, 1, 2, 1, 1, 3, 2, 3, 1, 1, 1, 1, 1, 1, 1, 1, 2, 3, 4, 1, 2, 1, 3, 2, 2, 1]|[0, 2, 1, 1, 3, 3, 0, 1, 0, 0, 0, 0, 1, 0, 1, 0, 0, 3, 1, 0, 0, 0, 3, 1, 0, 2, 0, 0, 0, 1, 0, 0, 0, 0, 3, 0, 1, 0, 0, 2, 1, 1, 2, 0, 0, 0, 0, 1, 1, 0, 0, 0, 1, 3, 0, 0, 1, 0, 0, 1, 0, 2, 0, 1, 0, 2, 1, 0, 0, 1, 1, 3, 0, 1, 3, 0, 1, 0, 0, 2, 1, 0, 0, 0, 1, 0, 0, 0, 0, 0, 1, 2, 3, 1, 0, 1, 0, 0, 0, 0],802.5281847645216,57652.86795409501,87938.17744329936,false
49,G1_CMAX,G1_CMAX,[31, 22, 90, 26, 58, 95, 42, 12, 93, 5, 78, 86, 98, 18, 20, 35, 3, 97, 91, 76, 10, 85, 54, 45, 63, 71, 66, 1, 23, 17, 24, 60, 36, 6, 57, 15, 65, 56, 47, 79, 94, 67, 50, 46, 14, 75, 38, 9, 30, 19, 32, 81, 27, 92, 83, 87, 40, 99, 59, 11, 53, 16, 72, 77, 73, 70, 39, 37, 84, 43, 62, 25, 55, 28, 29, 51, 68, 82, 74, 61, 88, 21, 80, 89, 7, 69, 96, 41, 48, 4, 8, 34, 49, 52, 0, 44, 13, 2, 64, 33]|[1, 1, 1, 1, 0, 2, 1, 1, 2, 2, 2, 1, 0, 1, 2, 2, 1, 2, 0, 1, 2, 2, 2, 0, 0, 1, 2, 1, 2, 1, 2, 1, 1, 0, 1, 1, 0, 2, 2, 1, 1, 0, 0, 0, 0, 1, 1, 1, 1, 2, 1, 2, 2, 0, 0, 2, 1, 0, 0, 2, 0, 1, 2, 2, 1, 1, 1, 1, 1, 1, 0, 1, 1, 0, 0, 0, 0, 0, 2, 1, 1, 0, 0, 1, 1, 1, 2, 2, 0, 1, 1, 2, 0, 1, 0, 0, 0, 0, 2, 2]|[0, 4, 3, 0, 1, 1, 2, 4, 1, 1, 2, 4, 1, 4, 1, 1, 1, 2, 2, 2, 2, 1, 1, 1, 2, 3, 2, 3, 0, 4, 1, 0, 3, 2, 2, 2, 1, 1, 1, 0, 2, 0, 1, 2, 1, 3, 1, 4, 2, 0, 3, 2, 1, 2, 1, 1, 4, 1, 1, 1, 2, 3, 0, 2, 4, 3, 1, 4, 1, 1, 1, 4, 4, 2, 1, 1, 1, 2, 1, 3, 0, 1, 1, 1, 1, 3, 1, 1, 1, 4, 3, 1, 1, 1, 2, 2, 2, 2, 1, 1]|[3, 0, 2, 3, 0, 0, 1, 0, 0, 0, 1, 0, 0, 3, 0, 0, 1, 1, 1, 2, 1, 0, 0, 0, 0, 0, 0, 0, 0, 3, 1, 0, 2, 1, 1, 1, 0, 0, 0, 0, 1, 1, 0, 0, 0, 0, 1, 3, 2, 0, 0, 1, 0, 1, 0, 0, 2, 0, 0, 0, 1, 2, 1, 1, 0, 0, 1, 1, 3, 3, 0, 3, 3, 1, 0, 0, 0, 1, 0, 0, 0, 0, 0, 1, 2, 2, 0, 0, 0, 0, 2, 0, 1, 1, 0, 0, 0, 0, 0, 0],705.0470749739228,58445.79123614564,95781.2895945797,false
49,G4_BALANCED,G4_BALANCED,[31, 11, 15, 82, 26, 9, 95, 32, 77, 68, 47, 5, 93, 78, 86, 54, 85, 63, 18, 44, 20, 49, 36, 14, 74, 50, 53, 17, 21, 45, 71, 64, 3, 23, 30, 83, 24, 41, 60, 52, 65, 27, 90, 70, 39, 87, 48, 69, 99, 4, 46, 1, 13, 58, 97, 59, 28, 8, 73, 37, 35, 79, 22, 66, 76, 42, 40, 80, 96, 6, 16, 61, 33, 7, 57, 34, 12, 67, 10, 98, 56, 88, 29, 75, 91, 38, 19, 92, 43, 84, 51, 72, 81, 0, 2, 55, 94, 89, 62, 25]|[2, 1, 1, 2, 1, 2, 1, 1, 1, 1, 1, 0, 2, 2, 1, 2, 0, 0, 0, 2, 2, 1, 0, 2, 0, 2, 2, 1, 0, 1, 1, 1, 0, 0, 1, 0, 2, 1, 2, 2, 0, 0, 1, 1, 0, 2, 0, 2, 1, 0, 0, 2, 0, 0, 2, 0, 1, 1, 0, 0, 2, 1, 0, 2, 2, 0, 2, 2, 0, 1, 2, 1, 1, 2, 0, 1, 1, 1, 1, 2, 2, 1, 1, 0, 1, 0, 1, 0, 1, 0, 1, 1, 1, 0, 2, 0, 2, 1, 1, 1]|[1, 3, 2, 0, 4, 1, 4, 4, 2, 4, 3, 2, 1, 0, 2, 1, 1, 1, 2, 1, 1, 3, 0, 1, 0, 1, 1, 4, 1, 4, 3, 2, 2, 0, 4, 1, 1, 4, 0, 1, 2, 1, 4, 4, 1, 1, 0, 2, 3, 2, 2, 1, 2, 1, 1, 2, 4, 3, 0, 2, 2, 3, 1, 0, 1, 2, 0, 1, 2, 4, 1, 3, 4, 1, 2, 4, 3, 3, 3, 1, 1, 4, 3, 2, 3, 2, 4, 2, 4, 2, 3, 4, 1, 2, 1, 2, 1, 4, 3, 4]|[1, 2, 1, 0, 3, 0, 1, 3, 0, 0, 2, 0, 1, 0, 1, 0, 0, 0, 1, 0, 0, 2, 0, 0, 1, 0, 0, 3, 0, 1, 0, 2, 0, 1, 3, 0, 1, 3, 1, 0, 0, 0, 1, 3, 0, 0, 1, 0, 2, 0, 0, 0, 0, 0, 1, 0, 1, 0, 1, 1, 0, 2, 0, 0, 0, 0, 0, 0, 0, 2, 0, 0, 1, 0, 0, 1, 0, 0, 3, 0, 0, 1, 0, 0, 0, 0, 3, 0, 2, 0, 0, 2, 1, 0, 0, 0, 0, 1, 0, 3],846.6109372053031,52128.769557101376,106800.59864073119,false
49,G2_TEC,G2_TEC,[31, 22, 82, 15, 26, 9, 95, 42, 77, 68, 47, 5, 93, 78, 86, 54, 85, 63, 18, 44, 20, 49, 36, 14, 74, 50, 53, 17, 21, 28, 11, 64, 3, 23, 30, 83, 24, 41, 40, 52, 65, 27, 90, 70, 39, 87, 48, 69, 99, 4, 75, 1, 13, 58, 97, 59, 45, 8, 73, 37, 35, 79, 71, 66, 76, 32, 60, 80, 56, 6, 67, 61, 33, 7, 57, 34, 12, 16, 10, 98, 96, 88, 43, 81, 91, 2, 84, 29, 92, 19, 51, 55, 89, 25, 72, 46, 94, 38, 62, 0]|[2, 1, 2, 1, 1, 2, 1, 1, 1, 1, 1, 0, 2, 2, 1, 2, 0, 0, 0, 2, 2, 1, 0, 2, 0, 2, 2, 1, 0, 1, 1, 1, 0, 0, 1, 0, 2, 1, 2, 2, 0, 0, 1, 1, 0, 2, 0, 2, 1, 0, 0, 2, 0, 2, 2, 0, 1, 1, 0, 0, 2, 1, 1, 2, 2, 0, 2, 2, 2, 1, 2, 1, 1, 2, 0, 1, 1, 2, 1, 2, 0, 1, 1, 1, 1, 0, 0, 1, 0, 1, 1, 0, 1, 1, 1, 0, 2, 0, 1, 0]|[0, 3, 0, 3, 4, 1, 4, 4, 4, 4, 3, 2, 1, 0, 2, 1, 1, 1, 2, 1, 1, 3, 0, 1, 0, 1, 1, 4, 1, 4, 3, 2, 2, 0, 4, 1, 1, 4, 1, 1, 2, 1, 4, 4, 1, 1, 0, 1, 3, 2, 2, 1, 2, 1, 1, 2, 4, 3, 0, 2, 1, 3, 3, 1, 1, 2, 1, 1, 1, 4, 1, 3, 4, 1, 2, 4, 3, 1, 3, 1, 2, 4, 4, 4, 3, 2, 2, 3, 2, 4, 3, 2, 4, 4, 4, 2, 1, 2, 3, 2]|[0, 2, 0, 0, 3, 0, 1, 3, 1, 0, 2, 0, 1, 0, 1, 0, 0, 0, 1, 0, 0, 2, 0, 0, 1, 0, 0, 3, 0, 1, 0, 2, 0, 0, 3, 0, 1, 1, 0, 0, 0, 0, 1, 3, 0, 0, 1, 0, 2, 0, 0, 0, 0, 0, 1, 0, 1, 0, 1, 1, 0, 2, 0, 0, 0, 0, 0, 0, 0, 2, 0, 0, 1, 0, 0, 1, 0, 0, 3, 0, 0, 1, 2, 2, 0, 0, 0, 3, 0, 1, 0, 0, 1, 3, 1, 0, 0, 0, 0, 0],910.6024065900936,48491.8951558845,107376.01945264004,false
49,G3_TWC,G3_TWC,[31, 22, 42, 15, 26, 58, 95, 82, 77, 12, 47, 5, 93, 78, 98, 54, 85, 63, 18, 44, 20, 35, 43, 97, 91, 76, 10, 30, 21, 45, 71, 64, 1, 23, 17, 83, 24, 61, 60, 36, 6, 57, 94, 88, 65, 56, 79, 40, 67, 68, 46, 75, 38, 9, 19, 32, 81, 41, 27, 62, 87, 90, 99, 59, 11, 16, 72, 73, 70, 39, 37, 84, 3, 92, 25, 74, 28, 29, 51, 7, 53, 14, 86, 48, 89, 50, 66, 96, 33, 80, 4, 8, 55, 49, 0, 52, 69, 2, 13, 34]|[1, 1, 0, 1, 1, 1, 2, 1, 2, 1, 2, 2, 2, 1, 1, 0, 0, 1, 0, 2, 2, 0, 1, 2, 0, 1, 2, 2, 0, 0, 1, 2, 1, 2, 1, 0, 2, 0, 1, 1, 0, 1, 1, 1, 0, 2, 1, 1, 0, 0, 0, 0, 1, 1, 2, 1, 2, 0, 0, 0, 2, 1, 0, 1, 2, 1, 2, 1, 1, 1, 1, 1, 2, 0, 1, 2, 0, 0, 0, 1, 0, 1, 0, 0, 1, 0, 0, 0, 2, 0, 0, 1, 1, 0, 0, 1, 1, 0, 0, 2]|[4, 3, 2, 2, 0, 0, 2, 2, 2, 4, 1, 1, 2, 4, 4, 1, 1, 4, 2, 1, 1, 1, 1, 2, 1, 2, 1, 1, 1, 1, 3, 2, 3, 0, 4, 0, 1, 1, 0, 3, 2, 2, 4, 0, 1, 1, 3, 2, 0, 1, 2, 2, 1, 4, 0, 3, 2, 1, 1, 2, 1, 3, 1, 1, 1, 3, 0, 4, 3, 1, 4, 1, 1, 2, 4, 1, 2, 1, 1, 3, 2, 3, 1, 1, 1, 1, 1, 1, 1, 1, 2, 3, 4, 1, 2, 1, 3, 2, 2, 1]|[0, 2, 1, 1, 3, 3, 0, 1, 0, 0, 0, 0, 1, 0, 1, 0, 0, 3, 1, 0, 0, 0, 3, 1, 0, 2, 0, 0, 0, 1, 0, 0, 0, 0, 3, 0, 1, 0, 0, 2, 1, 1, 2, 0, 0, 0, 0, 1, 1, 0, 0, 0, 1, 3, 0, 0, 1, 0, 0, 1, 0, 2, 0, 1, 0, 2, 1, 0, 0, 1, 1, 3, 0, 1, 3, 0, 1, 0, 0, 2, 1, 0, 0, 0, 1, 0, 0, 0, 0, 0, 1, 2, 3, 1, 0, 1, 0, 0, 0, 0],802.5281847645216,57652.86795409501,87938.17744329936,false
49,G1_CMAX,G3_TWC,[31, 22, 42, 15, 26, 58, 95, 82, 77, 12, 47, 5, 93, 78, 98, 54, 85, 63, 18, 44, 20, 35, 43, 97, 91, 76, 10, 30, 21, 45, 71, 64, 1, 23, 17, 83, 24, 61, 60, 36, 6, 57, 94, 88, 65, 56, 79, 40, 67, 68, 46, 75, 38, 9, 19, 32, 81, 41, 27, 62, 87, 90, 99, 59, 28, 16, 72, 73, 70, 39, 37, 84, 3, 92, 25, 74, 11, 29, 51, 7, 53, 14, 86, 48, 89, 50, 4, 96, 33, 80, 8, 34, 66, 49, 52, 2, 13, 0, 69, 55]|[1, 1, 0, 1, 1, 1, 2, 1, 2, 1, 2, 2, 2, 1, 1, 0, 0, 1, 0, 2, 2, 0, 1, 2, 0, 1, 2, 2, 0, 0, 1, 2, 1, 2, 1, 0, 2, 0, 1, 1, 0, 1, 1, 1, 0, 2, 1, 1, 0, 0, 0, 0, 1, 1, 2, 1, 2, 0, 0, 0, 2, 1, 0, 1, 0, 1, 2, 1, 1, 1, 1, 1, 2, 0, 1, 2, 0, 0, 0, 1, 0, 0, 0, 0, 1, 0, 0, 0, 2, 0, 1, 2, 0, 0, 1, 0, 0, 0, 1, 1]|[4, 3, 2, 2, 0, 0, 2, 2, 2, 4, 1, 1, 2, 4, 4, 1, 1, 4, 2, 1, 1, 1, 1, 2, 1, 2, 1, 1, 1, 1, 3, 2, 3, 1, 4, 0, 1, 1, 0, 3, 2, 2, 4, 0, 1, 1, 0, 2, 0, 1, 2, 2, 1, 4, 0, 3, 2, 1, 1, 2, 1, 3, 1, 1, 2, 3, 0, 4, 3, 1, 4, 1, 1, 2, 4, 1, 2, 1, 1, 3, 2, 1, 1, 1, 1, 1, 2, 1, 1, 1, 3, 1, 1, 1, 1, 2, 2, 2, 3, 4]|[0, 2, 1, 1, 3, 3, 0, 1, 0, 0, 0, 0, 1, 0, 1, 0, 0, 3, 1, 0, 0, 0, 3, 1, 0, 2, 0, 0, 0, 1, 0, 0, 0, 0, 3, 0, 1, 0, 0, 2, 1, 1, 2, 0, 0, 0, 0, 1, 1, 0, 0, 0, 1, 3, 0, 0, 1, 0, 0, 1, 0, 2, 0, 1, 1, 2, 1, 0, 0, 1, 1, 3, 0, 1, 3, 0, 1, 0, 0, 2, 1, 0, 0, 0, 1, 0, 1, 0, 0, 0, 2, 0, 0, 1, 1, 0, 0, 0, 0, 3],861.2147232334121,58080.47495037904,87718.2714762257,true
49,G4_BALANCED,G4_BALANCED,[31, 11, 15, 82, 26, 9, 95, 32, 77, 68, 47, 5, 93, 78, 86, 54, 85, 63, 18, 44, 20, 49, 36, 14, 74, 50, 53, 17, 21, 45, 71, 64, 3, 23, 30, 83, 24, 41, 60, 52, 65, 27, 90, 70, 39, 87, 48, 69, 99, 4, 46, 1, 13, 58, 97, 59, 28, 8, 73, 37, 35, 79, 22, 66, 76, 42, 40, 80, 96, 6, 16, 61, 33, 7, 57, 34, 12, 67, 10, 98, 56, 88, 29, 75, 91, 38, 19, 92, 43, 84, 51, 72, 81, 0, 2, 55, 94, 89, 62, 25]|[2, 1, 1, 2, 1, 2, 1, 1, 1, 1, 1, 0, 2, 2, 1, 2, 0, 0, 0, 2, 2, 1, 0, 2, 0, 2, 2, 1, 0, 1, 1, 1, 0, 0, 1, 0, 2, 1, 2, 2, 0, 0, 1, 1, 0, 2, 0, 2, 1, 0, 0, 2, 0, 0, 2, 0, 1, 1, 0, 0, 2, 1, 0, 2, 2, 0, 2, 2, 0, 1, 2, 1, 1, 2, 0, 1, 1, 1, 1, 2, 2, 1, 1, 0, 1, 0, 1, 0, 1, 0, 1, 1, 1, 0, 2, 0, 2, 1, 1, 1]|[1, 3, 2, 0, 4, 1, 4, 4, 2, 4, 3, 2, 1, 0, 2, 1, 1, 1, 2, 1, 1, 3, 0, 1, 0, 1, 1, 4, 1, 4, 3, 2, 2, 0, 4, 1, 1, 4, 0, 1, 2, 1, 4, 4, 1, 1, 0, 2, 3, 2, 2, 1, 2, 1, 1, 2, 4, 3, 0, 2, 2, 3, 1, 0, 1, 2, 0, 1, 2, 4, 1, 3, 4, 1, 2, 4, 3, 3, 3, 1, 1, 4, 3, 2, 3, 2, 4, 2, 4, 2, 3, 4, 1, 2, 1, 2, 1, 4, 3, 4]|[1, 2, 1, 0, 3, 0, 1, 3, 0, 0, 2, 0, 1, 0, 1, 0, 0, 0, 1, 0, 0, 2, 0, 0, 1, 0, 0, 3, 0, 1, 0, 2, 0, 1, 3, 0, 1, 3, 1, 0, 0, 0, 1, 3, 0, 0, 1, 0, 2, 0, 0, 0, 0, 0, 1, 0, 1, 0, 1, 1, 0, 2, 0, 0, 0, 0, 0, 0, 0, 2, 0, 0, 1, 0, 0, 1, 0, 0, 3, 0, 0, 1, 0, 0, 0, 0, 3, 0, 2, 0, 0, 2, 1, 0, 0, 0, 0, 1, 0, 3],846.6109372053031,52128.769557101376,106800.59864073119,false
49,G2_TEC,G2_TEC,[31, 22, 82, 15, 26, 9, 95, 42, 77, 68, 47, 5, 93, 78, 86, 54, 85, 63, 18, 44, 20, 49, 36, 14, 74, 50, 53, 17, 21, 28, 11, 64, 3, 23, 30, 83, 24, 41, 40, 52, 65, 27, 90, 70, 39, 87, 48, 69, 99, 4, 75, 1, 13, 58, 97, 59, 45, 8, 73, 37, 35, 79, 71, 66, 76, 32, 60, 80, 56, 6, 67, 61, 33, 7, 57, 34, 12, 16, 10, 98, 96, 88, 43, 81, 91, 2, 84, 29, 92, 19, 51, 55, 89, 25, 72, 46, 94, 38, 62, 0]|[2, 1, 2, 1, 1, 2, 1, 1, 1, 1, 1, 0, 2, 2, 1, 2, 0, 0, 0, 2, 2, 1, 0, 2, 0, 2, 2, 1, 0, 1, 1, 1, 0, 0, 1, 0, 2, 1, 2, 2, 0, 0, 1, 1, 0, 2, 0, 2, 1, 0, 0, 2, 0, 2, 2, 0, 1, 1, 0, 0, 2, 1, 1, 2, 2, 0, 2, 2, 2, 1, 2, 1, 1, 2, 0, 1, 1, 2, 1, 2, 0, 1, 1, 1, 1, 0, 0, 1, 0, 1, 1, 0, 1, 1, 1, 0, 2, 0, 1, 0]|[0, 3, 0, 3, 4, 1, 4, 4, 4, 4, 3, 2, 1, 0, 2, 1, 1, 1, 2, 1, 1, 3, 0, 1, 0, 1, 1, 4, 1, 4, 3, 2, 2, 0, 4, 1, 1, 4, 1, 1, 2, 1, 4, 4, 1, 1, 0, 1, 3, 2, 2, 1, 2, 1, 1, 2, 4, 3, 0, 2, 1, 3, 3, 1, 1, 2, 1, 1, 1, 4, 1, 3, 4, 1, 2, 4, 3, 1, 3, 1, 2, 4, 4, 4, 3, 2, 2, 3, 2, 4, 3, 2, 4, 4, 4, 2, 1, 2, 3, 2]|[0, 2, 0, 0, 3, 0, 1, 3, 1, 0, 2, 0, 1, 0, 1, 0, 0, 0, 1, 0, 0, 2, 0, 0, 1, 0, 0, 3, 0, 1, 0, 2, 0, 0, 3, 0, 1, 1, 0, 0, 0, 0, 1, 3, 0, 0, 1, 0, 2, 0, 0, 0, 0, 0, 1, 0, 1, 0, 1, 1, 0, 2, 0, 0, 0, 0, 0, 0, 0, 2, 0, 0, 1, 0, 0, 1, 0, 0, 3, 0, 0, 1, 2, 2, 0, 0, 0, 3, 0, 1, 0, 0, 1, 3, 1, 0, 0, 0, 0, 0],910.6024065900936,48491.8951558845,107376.01945264004,false
49,G3_TWC,G3_TWC,[31, 22, 42, 15, 26, 58, 95, 82, 77, 12, 47, 5, 93, 78, 98, 54, 85, 63, 18, 44, 20, 35, 43, 97, 91, 76, 10, 30, 21, 45, 71, 64, 1, 23, 17, 83, 24, 61, 60, 36, 6, 57, 94, 88, 65, 56, 79, 40, 67, 68, 46, 75, 38, 9, 19, 32, 81, 41, 27, 62, 87, 90, 99, 59, 11, 16, 72, 73, 70, 39, 37, 84, 3, 92, 25, 74, 28, 29, 51, 7, 53, 14, 86, 48, 89, 50, 66, 96, 33, 80, 4, 8, 55, 49, 0, 52, 69, 2, 13, 34]|[1, 1, 0, 1, 1, 1, 2, 1, 2, 1, 2, 2, 2, 1, 1, 0, 0, 1, 0, 2, 2, 0, 1, 2, 0, 1, 2, 2, 0, 0, 1, 2, 1, 2, 1, 0, 2, 0, 1, 1, 0, 1, 1, 1, 0, 2, 1, 1, 0, 0, 0, 0, 1, 1, 2, 1, 2, 0, 0, 0, 2, 1, 0, 1, 2, 1, 2, 1, 1, 1, 1, 1, 2, 0, 1, 2, 0, 0, 0, 1, 0, 1, 0, 0, 1, 0, 0, 0, 2, 0, 0, 1, 1, 0, 0, 1, 1, 0, 0, 2]|[4, 3, 2, 2, 0, 0, 2, 2, 2, 4, 1, 1, 2, 4, 4, 1, 1, 4, 2, 1, 1, 1, 1, 2, 1, 2, 1, 1, 1, 1, 3, 2, 3, 0, 4, 0, 1, 1, 0, 3, 2, 2, 4, 0, 1, 1, 3, 2, 0, 1, 2, 2, 1, 4, 0, 3, 2, 1, 1, 2, 1, 3, 1, 1, 1, 3, 0, 4, 3, 1, 4, 1, 1, 2, 4, 1, 2, 1, 1, 3, 2, 3, 1, 1, 1, 1, 1, 1, 1, 1, 2, 3, 4, 1, 2, 1, 3, 2, 2, 1]|[0, 2, 1, 1, 3, 3, 0, 1, 0, 0, 0, 0, 1, 0, 1, 0, 0, 3, 1, 0, 0, 0, 3, 1, 0, 2, 0, 0, 0, 1, 0, 0, 0, 0, 3, 0, 1, 0, 0, 2, 1, 1, 2, 0, 0, 0, 0, 1, 1, 0, 0, 0, 1, 3, 0, 0, 1, 0, 0, 1, 0, 2, 0, 1, 0, 2, 1, 0, 0, 1, 1, 3, 0, 1, 3, 0, 1, 0, 0, 2, 1, 0, 0, 0, 1, 0, 0, 0, 0, 0, 1, 2, 3, 1, 0, 1, 0, 0, 0, 0],802.5281847645216,57652.86795409501,87938.17744329936,false
49,G1_CMAX,G1_CMAX,[31, 22, 90, 26, 58, 95, 42, 12, 93, 5, 78, 86, 98, 18, 20, 35, 3, 97, 91, 76, 10, 85, 54, 45, 63, 71, 66, 1, 23, 17, 24, 60, 36, 6, 57, 15, 65, 56, 47, 79, 94, 67, 50, 46, 14, 75, 38, 9, 30, 19, 32, 81, 27, 92, 83, 87, 40, 99, 59, 11, 53, 16, 72, 77, 73, 70, 39, 37, 84, 43, 62, 25, 55, 28, 29, 51, 68, 82, 74, 61, 88, 21, 80, 89, 7, 69, 96, 41, 48, 4, 8, 34, 49, 52, 0, 44, 13, 2, 64, 33]|[1, 1, 1, 1, 0, 2, 1, 1, 2, 2, 2, 1, 0, 1, 2, 2, 1, 2, 0, 1, 2, 2, 2, 0, 0, 1, 2, 1, 2, 1, 2, 1, 1, 0, 1, 1, 0, 2, 2, 1, 1, 0, 0, 0, 0, 1, 1, 1, 1, 2, 1, 2, 2, 0, 0, 2, 1, 0, 0, 2, 0, 1, 2, 2, 1, 1, 1, 1, 1, 1, 0, 1, 1, 0, 0, 0, 0, 0, 2, 1, 1, 0, 0, 1, 1, 1, 2, 2, 0, 1, 1, 2, 0, 1, 0, 0, 0, 0, 2, 2]|[0, 4, 3, 0, 1, 1, 2, 4, 1, 1, 2, 4, 1, 4, 1, 1, 1, 2, 2, 2, 2, 1, 1, 1, 2, 3, 2, 3, 0, 4, 1, 0, 3, 2, 2, 2, 1, 1, 1, 0, 2, 0, 1, 2, 1, 3, 1, 4, 2, 0, 3, 2, 1, 2, 1, 1, 4, 1, 1, 1, 2, 3, 0, 2, 4, 3, 1, 4, 1, 1, 1, 4, 4, 2, 1, 1, 1, 2, 1, 3, 0, 1, 1, 1, 1, 3, 1, 1, 1, 4, 3, 1, 1, 1, 2, 2, 2, 2, 1, 1]|[3, 0, 2, 3, 0, 0, 1, 0, 0, 0, 1, 0, 0, 3, 0, 0, 1, 1, 1, 2, 1, 0, 0, 0, 0, 0, 0, 0, 0, 3, 1, 0, 2, 1, 1, 1, 0, 0, 0, 0, 1, 1, 0, 0, 0, 0, 1, 3, 2, 0, 0, 1, 0, 1, 0, 0, 2, 0, 0, 0, 1, 2, 1, 1, 0, 0, 1, 1, 3, 3, 0, 3, 3, 1, 0, 0, 0, 1, 0, 0, 0, 0, 0, 1, 2, 2, 0, 0, 0, 0, 2, 0, 1, 1, 0, 0, 0, 0, 0, 0],705.0470749739228,58445.79123614564,95781.2895945797,false
49,G4_BALANCED,G4_BALANCED,[31, 11, 15, 82, 26, 9, 95, 32, 77, 68, 47, 5, 93, 78, 86, 54, 85, 63, 18, 44, 20, 49, 36, 14, 74, 50, 53, 17, 21, 45, 71, 64, 3, 23, 30, 83, 24, 41, 60, 52, 65, 27, 90, 70, 39, 87, 48, 69, 99, 4, 46, 1, 13, 58, 97, 59, 28, 8, 73, 37, 35, 79, 22, 66, 76, 42, 40, 80, 96, 6, 16, 61, 33, 7, 57, 34, 12, 67, 10, 98, 56, 88, 29, 75, 91, 38, 19, 92, 43, 84, 51, 72, 81, 0, 2, 55, 94, 89, 62, 25]|[2, 1, 1, 2, 1, 2, 1, 1, 1, 1, 1, 0, 2, 2, 1, 2, 0, 0, 0, 2, 2, 1, 0, 2, 0, 2, 2, 1, 0, 1, 1, 1, 0, 0, 1, 0, 2, 1, 2, 2, 0, 0, 1, 1, 0, 2, 0, 2, 1, 0, 0, 2, 0, 0, 2, 0, 1, 1, 0, 0, 2, 1, 0, 2, 2, 0, 2, 2, 0, 1, 2, 1, 1, 2, 0, 1, 1, 1, 1, 2, 2, 1, 1, 0, 1, 0, 1, 0, 1, 0, 1, 1, 1, 0, 2, 0, 2, 1, 1, 1]|[1, 3, 2, 0, 4, 1, 4, 4, 2, 4, 3, 2, 1, 0, 2, 1, 1, 1, 2, 1, 1, 3, 0, 1, 0, 1, 1, 4, 1, 4, 3, 2, 2, 0, 4, 1, 1, 4, 0, 1, 2, 1, 4, 4, 1, 1, 0, 2, 3, 2, 2, 1, 2, 1, 1, 2, 4, 3, 0, 2, 2, 3, 1, 0, 1, 2, 0, 1, 2, 4, 1, 3, 4, 1, 2, 4, 3, 3, 3, 1, 1, 4, 3, 2, 3, 2, 4, 2, 4, 2, 3, 4, 1, 2, 1, 2, 1, 4, 3, 4]|[1, 2, 1, 0, 3, 0, 1, 3, 0, 0, 2, 0, 1, 0, 1, 0, 0, 0, 1, 0, 0, 2, 0, 0, 1, 0, 0, 3, 0, 1, 0, 2, 0, 1, 3, 0, 1, 3, 1, 0, 0, 0, 1, 3, 0, 0, 1, 0, 2, 0, 0, 0, 0, 0, 1, 0, 1, 0, 1, 1, 0, 2, 0, 0, 0, 0, 0, 0, 0, 2, 0, 0, 1, 0, 0, 1, 0, 0, 3, 0, 0, 1, 0, 0, 0, 0, 3, 0, 2, 0, 0, 2, 1, 0, 0, 0, 0, 1, 0, 3],846.6109372053031,52128.769557101376,106800.59864073119,false
49,G2_TEC,G2_TEC,[31, 22, 82, 15, 26, 9, 95, 42, 77, 68, 47, 5, 93, 78, 86, 54, 85, 63, 18, 44, 20, 49, 36, 14, 74, 50, 53, 17, 21, 28, 11, 64, 3, 23, 30, 83, 24, 41, 40, 52, 65, 27, 90, 70, 39, 87, 48, 69, 99, 4, 75, 1, 13, 58, 97, 59, 45, 8, 73, 37, 35, 79, 71, 66, 76, 32, 60, 80, 56, 6, 67, 61, 33, 7, 57, 34, 12, 16, 10, 98, 96, 88, 43, 81, 91, 2, 84, 29, 92, 19, 51, 55, 89, 46, 25, 72, 94, 38, 62, 0]|[2, 1, 2, 1, 1, 2, 1, 1, 1, 1, 1, 0, 2, 2, 1, 2, 0, 0, 0, 2, 2, 1, 0, 2, 0, 2, 2, 1, 0, 1, 1, 1, 0, 0, 1, 0, 2, 1, 2, 2, 0, 0, 1, 1, 0, 2, 0, 2, 1, 0, 0, 2, 0, 2, 2, 0, 1, 1, 0, 0, 2, 1, 1, 2, 2, 0, 2, 2, 2, 1, 2, 1, 1, 2, 0, 1, 1, 2, 1, 2, 0, 1, 1, 1, 1, 0, 0, 1, 0, 1, 1, 0, 1, 0, 1, 1, 2, 0, 1, 0]|[0, 3, 0, 3, 4, 1, 4, 4, 4, 4, 3, 2, 1, 0, 2, 1, 1, 1, 2, 1, 1, 3, 0, 1, 0, 1, 1, 4, 1, 4, 3, 2, 2, 0, 4, 1, 1, 4, 1, 1, 2, 1, 4, 4, 1, 1, 0, 1, 3, 2, 2, 1, 2, 1, 1, 2, 4, 3, 0, 2, 2, 3, 3, 1, 1, 2, 1, 1, 1, 4, 1, 3, 4, 1, 2, 4, 3, 1, 3, 1, 2, 4, 4, 4, 3, 2, 2, 3, 2, 4, 3, 2, 4, 2, 4, 4, 1, 2, 3, 2]|[0, 2, 0, 0, 3, 0, 1, 3, 1, 0, 2, 0, 1, 0, 1, 0, 0, 0, 1, 0, 0, 2, 0, 0, 1, 0, 0, 3, 0, 1, 0, 2, 0, 0, 3, 0, 1, 1, 0, 0, 0, 0, 1, 3, 0, 0, 1, 0, 2, 0, 0, 0, 0, 0, 1, 0, 1, 0, 1, 1, 0, 2, 0, 0, 0, 0, 0, 0, 0, 2, 0, 0, 1, 0, 0, 1, 0, 0, 3, 0, 0, 1, 2, 2, 0, 0, 0, 3, 0, 1, 0, 0, 1, 0, 3, 1, 0, 0, 0, 0],910.6024065900936,48526.84662352783,107082.72521725296,false
49,G3_TWC,G3_TWC,[31, 22, 42, 15, 26, 58, 95, 82, 77, 12, 47, 5, 93, 78, 98, 54, 85, 63, 18, 44, 20, 35, 43, 97, 91, 76, 10, 30, 21, 45, 71, 64, 1, 23, 17, 83, 24, 61, 60, 36, 6, 57, 94, 88, 65, 56, 79, 40, 67, 68, 46, 75, 38, 9, 19, 32, 81, 41, 27, 62, 87, 90, 99, 59, 11, 16, 72, 73, 70, 39, 37, 84, 3, 92, 25, 74, 28, 29, 51, 7, 53, 14, 86, 48, 89, 50, 66, 96, 33, 80, 4, 8, 55, 49, 0, 52, 69, 2, 13, 34]|[1, 1, 0, 1, 1, 1, 2, 1, 2, 1, 2, 2, 2, 1, 1, 0, 0, 1, 0, 2, 2, 0, 1, 2, 0, 1, 2, 2, 0, 0, 1, 2, 1, 2, 1, 0, 2, 0, 1, 1, 0, 1, 1, 1, 0, 2, 1, 1, 0, 0, 0, 0, 1, 1, 2, 1, 2, 0, 0, 0, 2, 1, 0, 1, 2, 1, 2, 1, 1, 1, 1, 1, 2, 0, 1, 2, 0, 0, 0, 1, 0, 1, 0, 0, 1, 0, 0, 0, 2, 0, 0, 1, 1, 0, 0, 1, 1, 0, 0, 2]|[4, 3, 2, 2, 0, 0, 2, 2, 2, 4, 1, 1, 2, 4, 4, 1, 1, 4, 2, 1, 1, 1, 1, 2, 1, 2, 1, 1, 1, 1, 3, 2, 3, 0, 4, 0, 1, 1, 0, 3, 2, 2, 4, 0, 1, 1, 3, 2, 0, 1, 2, 2, 1, 4, 0, 3, 2, 1, 1, 2, 1, 3, 1, 1, 1, 3, 0, 4, 3, 1, 4, 1, 1, 2, 4, 1, 2, 1, 1, 3, 2, 3, 1, 1, 1, 1, 1, 1, 1, 1, 2, 3, 4, 1, 2, 1, 3, 2, 2, 1]|[0, 2, 1, 1, 3, 3, 0, 1, 0, 0, 0, 0, 1, 0, 1, 0, 0, 3, 1, 0, 0, 0, 3, 1, 0, 2, 0, 0, 0, 1, 0, 0, 0, 0, 3, 0, 1, 0, 0, 2, 1, 1, 2, 0, 0, 0, 0, 1, 1, 0, 0, 0, 1, 3, 0, 0, 1, 0, 0, 1, 0, 2, 0, 1, 0, 2, 1, 0, 0, 1, 1, 3, 0, 1, 3, 0, 1, 0, 0, 2, 1, 0, 0, 0, 1, 0, 0, 0, 0, 0, 1, 2, 3, 1, 0, 1, 0, 0, 0, 0],802.5281847645216,57652.86795409501,87938.17744329936,false
49,G1_CMAX,G3_TWC,[31, 22, 42, 15, 26, 58, 95, 82, 77, 12, 47, 5, 93, 78, 98, 54, 85, 63, 18, 44, 20, 35, 43, 97, 91, 76, 10, 30, 21, 45, 71, 64, 1, 23, 17, 83, 24, 14, 60, 36, 6, 57, 94, 88, 65, 56, 79, 40, 67, 68, 46, 75, 38, 9, 19, 32, 81, 41, 27, 62, 87, 90, 99, 59, 11, 16, 72, 73, 70, 39, 37, 84, 3, 92, 25, 55, 28, 29, 51, 89, 33, 61, 7, 48, 50, 86, 66, 96, 53, 80, 4, 8, 34, 49, 52, 0, 13, 2, 69, 74]|[1, 1, 0, 1, 1, 1, 2, 1, 2, 1, 2, 2, 2, 1, 1, 0, 0, 1, 0, 2, 2, 0, 1, 2, 0, 1, 2, 2, 0, 0, 1, 2, 1, 2, 1, 0, 2, 0, 1, 1, 0, 1, 1, 1, 0, 2, 1, 1, 0, 0, 0, 0, 1, 1, 2, 1, 2, 0, 0, 0, 2, 1, 0, 1, 2, 1, 2, 1, 1, 1, 1, 1, 2, 0, 1, 1, 0, 0, 2, 1, 2, 1, 1, 0, 0, 0, 2, 0, 0, 0, 0, 1, 2, 0, 1, 0, 0, 0, 1, 2]|[4, 3, 2, 2, 0, 0, 2, 2, 2, 4, 1, 1, 2, 4, 4, 1, 1, 4, 2, 1, 1, 1, 1, 2, 1, 2, 1, 1, 1, 1, 3, 2, 3, 0, 4, 0, 1, 1, 0, 3, 2, 2, 4, 0, 1, 1, 0, 2, 0, 1, 2, 2, 1, 4, 0, 3, 2, 1, 1, 2, 1, 3, 1, 1, 1, 3, 0, 4, 3, 1, 4, 1, 1, 2, 4, 4, 2, 1, 1, 1, 1, 3, 3, 1, 1, 1, 1, 1, 2, 1, 2, 3, 1, 1, 1, 2, 2, 2, 3, 1]|[0, 2, 1, 1, 3, 3, 0, 1, 0, 0, 0, 0, 1, 0, 1, 0, 0, 3, 1, 0, 0, 0, 3, 1, 0, 2, 0, 0, 0, 1, 0, 0, 0, 0, 3, 0, 1, 0, 0, 2, 1, 1, 2, 0, 0, 0, 0, 1, 1, 0, 0, 0, 1, 3, 0, 0, 1, 0, 0, 1, 0, 2, 0, 1, 0, 2, 1, 0, 0, 1, 1, 3, 0, 1, 3, 3, 1, 0, 0, 1, 0, 0, 2, 0, 0, 0, 0, 0, 1, 0, 1, 2, 0, 1, 1, 0, 0, 0, 0, 0],774.8323733158313,57532.14200928165,89387.48493120793,true
49,G4_BALANCED,G4_BALANCED,[31, 11, 15, 82, 26, 9, 95, 32, 77, 68, 47, 5, 93, 78, 86, 54, 85, 63, 18, 44, 20, 49, 36, 14, 74, 50, 53, 17, 21, 45, 71, 64, 3, 23, 30, 83, 24, 41, 60, 52, 65, 27, 90, 70, 39, 87, 48, 69, 99, 4, 46, 1, 13, 58, 97, 59, 28, 8, 73, 37, 35, 79, 22, 66, 76, 42, 40, 80, 96, 6, 16, 61, 33, 7, 57, 34, 12, 67, 10, 98, 56, 88, 29, 75, 91, 38, 19, 92, 43, 84, 51, 72, 81, 0, 2, 55, 94, 89, 62, 25]|[2, 1, 1, 2, 1, 2, 1, 1, 1, 1, 1, 0, 2, 2, 1, 2, 0, 0, 0, 2, 2, 1, 0, 2, 0, 2, 2, 1, 0, 1, 1, 1, 0, 0, 1, 0, 2, 1, 2, 2, 0, 0, 1, 1, 0, 2, 0, 2, 1, 0, 0, 2, 0, 0, 2, 0, 1, 1, 0, 0, 2, 1, 0, 2, 2, 0, 2, 2, 0, 1, 2, 1, 1, 2, 0, 1, 1, 1, 1, 2, 2, 1, 1, 0, 1, 0, 1, 0, 1, 0, 1, 1, 1, 0, 2, 0, 2, 1, 1, 1]|[1, 3, 2, 0, 4, 1, 4, 4, 2, 4, 3, 2, 1, 0, 2, 1, 1, 1, 2, 1, 1, 3, 0, 1, 0, 1, 1, 4, 1, 4, 3, 2, 2, 0, 4, 1, 1, 4, 0, 1, 2, 1, 4, 4, 1, 1, 0, 2, 3, 2, 2, 1, 2, 1, 1, 2, 4, 3, 0, 2, 2, 3, 1, 0, 1, 2, 0, 1, 2, 4, 1, 3, 4, 1, 2, 4, 3, 3, 3, 1, 1, 4, 3, 2, 3, 2, 4, 2, 4, 2, 3, 4, 1, 2, 1, 2, 1, 4, 3, 4]|[1, 2, 1, 0, 3, 0, 1, 3, 0, 0, 2, 0, 1, 0, 1, 0, 0, 0, 1, 0, 0, 2, 0, 0, 1, 0, 0, 3, 0, 1, 0, 2, 0, 1, 3, 0, 1, 3, 1, 0, 0, 0, 1, 3, 0, 0, 1, 0, 2, 0, 0, 0, 0, 0, 1, 0, 1, 0, 1, 1, 0, 2, 0, 0, 0, 0, 0, 0, 0, 2, 0, 0, 1, 0, 0, 1, 0, 0, 3, 0, 0, 1, 0, 0, 0, 0, 3, 0, 2, 0, 0, 2, 1, 0, 0, 0, 0, 1, 0, 3],846.6109372053031,52128.769557101376,106800.59864073119,false
49,G2_TEC,G2_TEC,[31, 22, 82, 15, 26, 9, 95, 42, 77, 68, 47, 5, 93, 78, 86, 54, 85, 63, 18, 44, 20, 49, 36, 14, 74, 50, 53, 17, 21, 28, 11, 64, 3, 23, 30, 83, 24, 41, 40, 52, 65, 27, 90, 70, 39, 87, 48, 69, 99, 4, 75, 1, 13, 58, 97, 59, 45, 8, 73, 37, 35, 79, 71, 66, 76, 32, 60, 80, 56, 6, 67, 61, 33, 7, 57, 34, 12, 16, 10, 98, 96, 88, 43, 81, 91, 2, 84, 29, 92, 19, 51, 55, 89, 46, 25, 72, 94, 38, 62, 0]|[2, 1, 2, 1, 1, 2, 1, 1, 1, 1, 1, 0, 2, 2, 1, 2, 0, 0, 0, 2, 2, 1, 0, 2, 0, 2, 2, 1, 0, 1, 1, 1, 0, 0, 1, 0, 2, 1, 2, 2, 0, 0, 1, 1, 0, 2, 0, 2, 1, 0, 0, 2, 0, 2, 2, 0, 1, 1, 0, 0, 2, 1, 1, 2, 2, 0, 2, 2, 2, 1, 2, 1, 1, 2, 0, 1, 1, 2, 1, 2, 0, 1, 1, 1, 1, 0, 0, 1, 0, 1, 1, 0, 1, 0, 1, 1, 2, 0, 1, 0]|[0, 3, 0, 3, 4, 1, 4, 4, 4, 4, 3, 2, 1, 0, 2, 1, 1, 1, 2, 1, 1, 3, 0, 1, 0, 1, 1, 4, 1, 4, 3, 2, 2, 0, 4, 1, 1, 4, 1, 1, 2, 1, 4, 4, 1, 1, 0, 1, 3, 2, 2, 1, 2, 1, 1, 2, 4, 3, 0, 2, 2, 3, 3, 1, 1, 2, 1, 1, 1, 4, 1, 3, 4, 1, 2, 4, 3, 1, 3, 1, 2, 4, 4, 4, 3, 2, 2, 3, 2, 4, 3, 2, 4, 2, 4, 4, 1, 2, 3, 2]|[0, 2, 0, 0, 3, 0, 1, 3, 1, 0, 2, 0, 1, 0, 1, 0, 0, 0, 1, 0, 0, 2, 0, 0, 1, 0, 0, 3, 0, 1, 0, 2, 0, 0, 3, 0, 1, 1, 0, 0, 0, 0, 1, 3, 0, 0, 1, 0, 2, 0, 0, 0, 0, 0, 1, 0, 1, 0, 1, 1, 0, 2, 0, 0, 0, 0, 0, 0, 0, 2, 0, 0, 1, 0, 0, 1, 0, 0, 3, 0, 0, 1, 2, 2, 0, 0, 0, 3, 0, 1, 0, 0, 1, 0, 3, 1, 0, 0, 0, 0],910.6024065900936,48526.84662352783,107082.72521725296,false
49,G3_TWC,G3_TWC,[31, 22, 42, 15, 26, 58, 95, 82, 77, 12, 47, 5, 93, 78, 98, 54, 85, 63, 18, 44, 20, 35, 43, 97, 91, 76, 10, 30, 21, 45, 71, 64, 1, 23, 17, 83, 24, 61, 60, 36, 6, 57, 94, 88, 65, 56, 79, 40, 67, 68, 46, 75, 38, 9, 19, 32, 81, 41, 27, 62, 87, 90, 99, 59, 11, 16, 72, 73, 70, 39, 37, 84, 3, 92, 25, 74, 28, 29, 51, 7, 53, 14, 86, 48, 89, 50, 66, 96, 33, 80, 4, 8, 55, 49, 0, 52, 69, 2, 13, 34]|[1, 1, 0, 1, 1, 1, 2, 1, 2, 1, 2, 2, 2, 1, 1, 0, 0, 1, 0, 2, 2, 0, 1, 2, 0, 1, 2, 2, 0, 0, 1, 2, 1, 2, 1, 0, 2, 0, 1, 1, 0, 1, 1, 1, 0, 2, 1, 1, 0, 0, 0, 0, 1, 1, 2, 1, 2, 0, 0, 0, 2, 1, 0, 1, 2, 1, 2, 1, 1, 1, 1, 1, 2, 0, 1, 2, 0, 0, 0, 1, 0, 1, 0, 0, 1, 0, 0, 0, 2, 0, 0, 1, 1, 0, 0, 1, 1, 0, 0, 2]|[4, 3, 2, 2, 0, 0, 2, 2, 2, 4, 1, 1, 2, 4, 4, 1, 1, 4, 2, 1, 1, 1, 1, 2, 1, 2, 1, 1, 1, 1, 3, 2, 3, 0, 4, 0, 1, 1, 0, 3, 2, 2, 4, 0, 1, 1, 3, 2, 0, 1, 2, 2, 1, 4, 0, 3, 2, 1, 1, 2, 1, 3, 1, 1, 1, 3, 0, 4, 3, 1, 4, 1, 1, 2, 4, 1, 2, 1, 1, 3, 2, 3, 1, 1, 1, 1, 1, 1, 1, 1, 2, 3, 4, 1, 2, 1, 3, 2, 2, 1]|[0, 2, 1, 1, 3, 3, 0, 1, 0, 0, 0, 0, 1, 0, 1, 0, 0, 3, 1, 0, 0, 0, 3, 1, 0, 2, 0, 0, 0, 1, 0, 0, 0, 0, 3, 0, 1, 0, 0, 2, 1, 1, 2, 0, 0, 0, 0, 1, 1, 0, 0, 0, 1, 3, 0, 0, 1, 0, 0, 1, 0, 2, 0, 1, 0, 2, 1, 0, 0, 1, 1, 3, 0, 1, 3, 0, 1, 0, 0, 2, 1, 0, 0, 0, 1, 0, 0, 0, 0, 0, 1, 2, 3, 1, 0, 1, 0, 0, 0, 0],802.5281847645216,57652.86795409501,87938.17744329936,false
49,G1_CMAX,G4_BALANCED,[31, 22, 82, 15, 26, 99, 95, 42, 77, 12, 47, 5, 93, 78, 86, 54, 21, 63, 18, 44, 20, 23, 43, 97, 91, 76, 10, 30, 85, 45, 71, 64, 1, 35, 17, 83, 24, 14, 60, 36, 6, 57, 40, 88, 65, 56, 79, 94, 67, 68, 46, 75, 38, 9, 19, 32, 41, 81, 27, 87, 90, 58, 59, 11, 16, 72, 73, 70, 39, 37, 84, 3, 92, 25, 55, 48, 62, 29, 51, 96, 33, 61, 98, 28, 89, 50, 4, 7, 53, 80, 8, 66, 34, 49, 52, 0, 74, 69, 2, 13]|[2, 1, 0, 1, 1, 0, 1, 1, 2, 1, 2, 2, 2, 1, 1, 0, 0, 1, 0, 2, 2, 0, 1, 2, 0, 1, 2, 2, 0, 0, 1, 2, 1, 2, 1, 0, 2, 0, 1, 1, 0, 1, 1, 1, 0, 2, 1, 1, 0, 0, 0, 0, 1, 1, 2, 1, 0, 2, 0, 2, 1, 0, 1, 2, 1, 2, 1, 1, 1, 1, 1, 1, 0, 1, 2, 0, 0, 0, 0, 2, 2, 1, 2, 0, 1, 0, 1, 2, 0, 0, 1, 2, 2, 0, 1, 0, 2, 1, 0, 0]|[1, 3, 2, 2, 4, 1, 2, 3, 2, 4, 1, 1, 2, 4, 4, 1, 1, 4, 2, 1, 1, 1, 1, 2, 1, 2, 1, 1, 2, 1, 3, 2, 3, 1, 4, 0, 1, 1, 0, 3, 2, 2, 2, 0, 1, 1, 0, 4, 0, 1, 2, 2, 1, 4, 0, 3, 1, 1, 1, 1, 3, 1, 1, 1, 3, 0, 4, 3, 1, 4, 1, 1, 0, 4, 1, 1, 2, 1, 1, 1, 1, 3, 1, 2, 1, 1, 4, 1, 2, 1, 3, 1, 1, 1, 1, 2, 1, 4, 2, 2]|[0, 2, 1, 1, 3, 0, 1, 3, 0, 0, 0, 0, 1, 0, 1, 0, 0, 3, 1, 0, 0, 0, 3, 1, 0, 2, 0, 0, 0, 1, 0, 0, 0, 0, 3, 0, 1, 0, 0, 2, 1, 1, 1, 0, 0, 0, 0, 2, 1, 0, 0, 0, 1, 3, 0, 0, 0, 0, 0, 0, 2, 0, 1, 0, 2, 1, 0, 0, 1, 1, 3, 1, 1, 3, 0, 0, 1, 0, 0, 0, 0, 0, 0, 1, 1, 0, 0, 0, 1, 0, 2, 0, 0, 1, 1, 0, 0, 2, 0, 0],747.0447039953423,56009.8738606192,91689.36854044648,true
49,G4_BALANCED,G4_BALANCED,[31, 11, 15, 82, 26, 9, 95, 32, 77, 68, 47, 5, 93, 78, 86, 54, 85, 63, 18, 44, 20, 49, 36, 14, 74, 50, 53, 17, 21, 45, 71, 64, 3, 23, 30, 83, 24, 41, 60, 52, 65, 27, 90, 70, 39, 87, 48, 69, 99, 4, 46, 1, 13, 58, 97, 59, 28, 8, 73, 37, 35, 79, 22, 66, 76, 42, 40, 80, 96, 6, 16, 61, 33, 7, 57, 34, 12, 67, 10, 98, 56, 88, 29, 75, 91, 38, 19, 92, 43, 84, 51, 72, 81, 0, 2, 55, 94, 89, 62, 25]|[2, 1, 1, 2, 1, 2, 1, 1, 1, 1, 1, 0, 2, 2, 1, 2, 0, 0, 0, 2, 2, 1, 0, 2, 0, 2, 2, 1, 0, 1, 1, 1, 0, 0, 1, 0, 2, 1, 2, 2, 0, 0, 1, 1, 0, 2, 0, 2, 1, 0, 0, 2, 0, 0, 2, 0, 1, 1, 0, 0, 2, 1, 0, 2, 2, 0, 2, 2, 0, 1, 2, 1, 1, 2, 0, 1, 1, 1, 1, 2, 2, 1, 1, 0, 1, 0, 1, 0, 1, 0, 1, 1, 1, 0, 2, 0, 2, 1, 1, 1]|[1, 3, 2, 0, 4, 1, 4, 4, 2, 4, 3, 2, 1, 0, 2, 1, 1, 1, 2, 1, 1, 3, 0, 1, 0, 1, 1, 4, 1, 4, 3, 2, 2, 0, 4, 1, 1, 4, 0, 1, 2, 1, 4, 4, 1, 1, 0, 2, 3, 2, 2, 1, 2, 1, 1, 2, 4, 3, 0, 2, 2, 3, 1, 0, 1, 2, 0, 1, 2, 4, 1, 3, 4, 1, 2, 4, 3, 3, 3, 1, 1, 4, 3, 2, 3, 2, 4, 2, 4, 2, 3, 4, 1, 2, 1, 2, 1, 4, 3, 4]|[1, 2, 1, 0, 3, 0, 1, 3, 0, 0, 2, 0, 1, 0, 1, 0, 0, 0, 1, 0, 0, 2, 0, 0, 1, 0, 0, 3, 0, 1, 0, 2, 0, 1, 3, 0, 1, 3, 1, 0, 0, 0, 1, 3, 0, 0, 1, 0, 2, 0, 0, 0, 0, 0, 1, 0, 1, 0, 1, 1, 0, 2, 0, 0, 0, 0, 0, 0, 0, 2, 0, 0, 1, 0, 0, 1, 0, 0, 3, 0, 0, 1, 0, 0, 0, 0, 3, 0, 2, 0, 0, 2, 1, 0, 0, 0, 0, 1, 0, 3],846.6109372053031,52128.769557101376,106800.59864073119,false
49,G2_TEC,G2_TEC,[31, 22, 82, 15, 26, 9, 95, 42, 77, 68, 47, 5, 93, 78, 86, 54, 85, 63, 18, 44, 20, 49, 36, 14, 74, 50, 53, 17, 21, 28, 11, 64, 3, 23, 30, 83, 24, 41, 40, 52, 65, 27, 90, 70, 39, 87, 48, 69, 99, 4, 75, 1, 13, 58, 97, 59, 45, 8, 73, 37, 35, 79, 71, 66, 76, 32, 60, 80, 56, 6, 67, 61, 33, 7, 57, 34, 12, 16, 10, 98, 96, 88, 43, 81, 91, 2, 84, 29, 92, 19, 51, 55, 89, 46, 25, 72, 94, 38, 62, 0]|[2, 1, 2, 1, 1, 2, 1, 1, 1, 1, 1, 0, 2, 2, 1, 2, 0, 0, 0, 2, 2, 1, 0, 2, 0, 2, 2, 1, 0, 1, 1, 1, 0, 0, 1, 0, 2, 1, 2, 2, 0, 0, 1, 1, 0, 2, 0, 2, 1, 0, 0, 2, 0, 2, 2, 0, 1, 1, 0, 0, 2, 1, 1, 2, 2, 0, 2, 2, 2, 1, 2, 1, 1, 2, 0, 1, 1, 2, 1, 2, 0, 1, 1, 1, 1, 0, 0, 1, 0, 1, 1, 0, 1, 0, 1, 1, 2, 0, 1, 0]|[0, 3, 0, 3, 4, 1, 4, 4, 4, 4, 3, 2, 1, 0, 2, 1, 1, 1, 2, 1, 1, 3, 0, 1, 0, 1, 1, 4, 1, 4, 3, 2, 2, 0, 4, 1, 1, 4, 1, 1, 2, 1, 4, 4, 1, 1, 0, 1, 3, 2, 2, 1, 2, 1, 1, 2, 4, 3, 0, 2, 2, 3, 3, 1, 1, 2, 1, 1, 1, 4, 1, 3, 4, 1, 2, 4, 3, 1, 3, 1, 2, 4, 4, 4, 3, 2, 2, 3, 2, 4, 3, 2, 4, 2, 4, 4, 1, 2, 3, 2]|[0, 2, 0, 0, 3, 0, 1, 3, 1, 0, 2, 0, 1, 0, 1, 0, 0, 0, 1, 0, 0, 2, 0, 0, 1, 0, 0, 3, 0, 1, 0, 2, 0, 0, 3, 0, 1, 1, 0, 0, 0, 0, 1, 3, 0, 0, 1, 0, 2, 0, 0, 0, 0, 0, 1, 0, 1, 0, 1, 1, 0, 2, 0, 0, 0, 0, 0, 0, 0, 2, 0, 0, 1, 0, 0, 1, 0, 0, 3, 0, 0, 1, 2, 2, 0, 0, 0, 3, 0, 1, 0, 0, 1, 0, 3, 1, 0, 0, 0, 0],910.6024065900936,48526.84662352783,107082.72521725296,false
49,G3_TWC,G3_TWC,[31, 22, 42, 15, 26, 58, 95, 82, 77, 12, 47, 5, 93, 78, 98, 54, 85, 63, 18, 44, 20, 35, 43, 97, 91, 76, 10, 30, 21, 45, 71, 64, 1, 23, 17, 83, 24, 61, 60, 36, 6, 57, 94, 88, 65, 56, 79, 40, 67, 68, 46, 75, 38, 9, 19, 32, 81, 41, 27, 62, 87, 90, 99, 59, 11, 16, 72, 73, 70, 39, 37, 84, 3, 92, 25, 74, 28, 29, 51, 7, 53, 14, 86, 48, 89, 50, 66, 96, 33, 80, 4, 8, 55, 49, 0, 52, 69, 2, 13, 34]|[1, 1, 0, 1, 1, 1, 2, 1, 2, 1, 2, 2, 2, 1, 1, 0, 0, 1, 0, 2, 2, 0, 1, 2, 0, 1, 2, 2, 0, 0, 1, 2, 1, 2, 1, 0, 2, 0, 1, 1, 0, 1, 1, 1, 0, 2, 1, 1, 0, 0, 0, 0, 1, 1, 2, 1, 2, 0, 0, 0, 2, 1, 0, 1, 2, 1, 2, 1, 1, 1, 1, 1, 2, 0, 1, 2, 0, 0, 0, 1, 0, 1, 0, 0, 1, 0, 0, 0, 2, 0, 0, 1, 1, 0, 0, 1, 1, 0, 0, 2]|[4, 3, 2, 2, 0, 0, 2, 2, 2, 4, 1, 1, 2, 4, 4, 1, 1, 4, 2, 1, 1, 1, 1, 2, 1, 2, 1, 1, 1, 1, 3, 2, 3, 0, 4, 0, 1, 1, 0, 3, 2, 2, 4, 0, 1, 1, 3, 2, 0, 1, 2, 2, 1, 4, 0, 3, 2, 1, 1, 2, 1, 3, 1, 1, 1, 3, 0, 4, 3, 1, 4, 1, 1, 2, 4, 1, 2, 1, 1, 3, 2, 3, 1, 1, 1, 1, 1, 1, 1, 1, 2, 3, 4, 1, 2, 1, 3, 2, 2, 1]|[0, 2, 1, 1, 3, 3, 0, 1, 0, 0, 0, 0, 1, 0, 1, 0, 0, 3, 1, 0, 0, 0, 3, 1, 0, 2, 0, 0, 0, 1, 0, 0, 0, 0, 3, 0, 1, 0, 0, 2, 1, 1, 2, 0, 0, 0, 0, 1, 1, 0, 0, 0, 1, 3, 0, 0, 1, 0, 0, 1, 0, 2, 0, 1, 0, 2, 1, 0, 0, 1, 1, 3, 0, 1, 3, 0, 1, 0, 0, 2, 1, 0, 0, 0, 1, 0, 0, 0, 0, 0, 1, 2, 3, 1, 0, 1, 0, 0, 0, 0],802.5281847645216,57652.86795409501,87938.17744329936,false
49,G1_CMAX,G4_BALANCED,[31, 22, 82, 15, 26, 9, 95, 42, 77, 68, 47, 5, 93, 78, 86, 54, 85, 63, 18, 44, 20, 49, 36, 14, 74, 50, 53, 17, 21, 28, 71, 64, 3, 23, 30, 83, 24, 41, 60, 52, 65, 27, 90, 70, 39, 87, 48, 69, 99, 4, 46, 1, 13, 58, 97, 59, 11, 8, 73, 37, 35, 79, 33, 66, 76, 32, 40, 80, 96, 6, 16, 61, 45, 7, 57, 34, 12, 67, 10, 98, 56, 88, 29, 75, 91, 38, 19, 92, 43, 84, 51, 72, 81, 25, 2, 55, 0, 94, 89, 62]|[2, 1, 2, 1, 1, 2, 1, 1, 1, 2, 1, 0, 2, 2, 1, 2, 0, 0, 0, 2, 2, 1, 0, 2, 0, 2, 2, 1, 0, 1, 1, 1, 0, 0, 1, 0, 2, 1, 2, 2, 0, 0, 1, 1, 0, 2, 0, 2, 1, 0, 0, 2, 0, 0, 2, 0, 0, 1, 0, 0, 2, 1, 1, 2, 2, 0, 2, 2, 0, 1, 2, 1, 1, 2, 0, 1, 1, 1, 1, 2, 2, 1, 1, 0, 1, 0, 1, 0, 1, 0, 1, 1, 1, 1, 2, 0, 0, 2, 1, 1]|[0, 3, 0, 3, 4, 1, 4, 4, 2, 0, 3, 2, 1, 0, 2, 1, 1, 1, 2, 1, 1, 3, 0, 1, 0, 1, 1, 4, 1, 4, 3, 2, 2, 0, 4, 1, 1, 4, 0, 1, 2, 1, 4, 4, 1, 1, 0, 2, 3, 1, 2, 1, 2, 1, 1, 2, 1, 3, 0, 2, 2, 3, 4, 0, 1, 2, 0, 1, 2, 4, 1, 3, 4, 1, 2, 4, 3, 3, 3, 1, 1, 4, 3, 2, 3, 2, 4, 2, 4, 2, 3, 4, 1, 4, 1, 2, 2, 1, 4, 3]|[0, 2, 0, 0, 3, 0, 1, 3, 0, 0, 2, 0, 1, 0, 1, 0, 0, 0, 1, 0, 0, 2, 0, 0, 1, 0, 0, 3, 0, 1, 0, 2, 0, 1, 3, 0, 1, 3, 1, 0, 0, 0, 1, 3, 0, 0, 1, 0, 2, 0, 0, 0, 0, 0, 1, 0, 0, 0, 1, 1, 0, 2, 1, 0, 0, 0, 0, 0, 0, 2, 0, 0, 1, 0, 0, 1, 0, 0, 3, 0, 0, 1, 0, 0, 0, 0, 3, 0, 2, 0, 0, 2, 1, 3, 0, 0, 0, 0, 1, 0],848.7210464257236,52158.68351753062,106381.76141901733,true
49,G4_BALANCED,G4_BALANCED,[31, 11, 15, 82, 26, 9, 95, 32, 77, 68, 47, 5, 93, 78, 86, 54, 85, 63, 18, 44, 20, 49, 36, 14, 74, 50, 53, 17, 21, 45, 71, 64, 3, 23, 30, 83, 24, 41, 60, 52, 65, 27, 90, 70, 39, 87, 48, 69, 99, 4, 46, 1, 13, 58, 97, 59, 28, 8, 73, 37, 35, 79, 22, 66, 76, 42, 40, 80, 96, 6, 16, 61, 33, 7, 57, 34, 12, 67, 10, 98, 56, 88, 29, 75, 91, 38, 19, 92, 43, 84, 51, 72, 81, 0, 2, 55, 94, 89, 62, 25]|[2, 1, 1, 2, 1, 2, 1, 1, 1, 1, 1, 0, 2, 2, 1, 2, 0, 0, 0, 2, 2, 1, 0, 2, 0, 2, 2, 1, 0, 1, 1, 1, 0, 0, 1, 0, 2, 1, 2, 2, 0, 0, 1, 1, 0, 2, 0, 2, 1, 0, 0, 2, 0, 0, 2, 0, 1, 1, 0, 0, 2, 1, 0, 2, 2, 0, 2, 2, 0, 1, 2, 1, 1, 2, 0, 1, 1, 1, 1, 2, 2, 1, 1, 0, 1, 0, 1, 0, 1, 0, 1, 1, 1, 0, 2, 0, 2, 1, 1, 1]|[1, 3, 2, 0, 4, 1, 4, 4, 2, 4, 3, 2, 1, 0, 2, 1, 1, 1, 2, 1, 1, 3, 0, 1, 0, 1, 1, 4, 1, 4, 3, 2, 2, 0, 4, 1, 1, 4, 0, 1, 2, 1, 4, 4, 1, 1, 0, 2, 3, 2, 2, 1, 2, 1, 1, 2, 4, 3, 0, 2, 2, 3, 1, 0, 1, 2, 0, 1, 2, 4, 1, 3, 4, 1, 2, 4, 3, 3, 3, 1, 1, 4, 3, 2, 3, 2, 4, 2, 4, 2, 3, 4, 1, 2, 1, 2, 1, 4, 3, 4]|[1, 2, 1, 0, 3, 0, 1, 3, 0, 0, 2, 0, 1, 0, 1, 0, 0, 0, 1, 0, 0, 2, 0, 0, 1, 0, 0, 3, 0, 1, 0, 2, 0, 1, 3, 0, 1, 3, 1, 0, 0, 0, 1, 3, 0, 0, 1, 0, 2, 0, 0, 0, 0, 0, 1, 0, 1, 0, 1, 1, 0, 2, 0, 0, 0, 0, 0, 0, 0, 2, 0, 0, 1, 0, 0, 1, 0, 0, 3, 0, 0, 1, 0, 0, 0, 0, 3, 0, 2, 0, 0, 2, 1, 0, 0, 0, 0, 1, 0, 3],846.6109372053031,52128.769557101376,106800.59864073119,false
49,G2_TEC,G2_TEC,[31, 22, 82, 15, 26, 9, 95, 42, 77, 68, 47, 5, 93, 78, 86, 54, 85, 63, 18, 44, 20, 49, 36, 14, 74, 50, 53, 17, 21, 28, 11, 64, 3, 23, 30, 83, 24, 41, 40, 52, 65, 27, 90, 70, 39, 87, 48, 69, 99, 4, 75, 1, 13, 58, 97, 59, 45, 8, 73, 37, 35, 79, 71, 66, 76, 32, 60, 80, 56, 6, 67, 61, 33, 7, 57, 34, 12, 16, 10, 98, 96, 88, 43, 81, 91, 2, 84, 29, 92, 19, 51, 55, 89, 46, 25, 72, 94, 38, 62, 0]|[2, 1, 2, 1, 1, 2, 1, 1, 1, 1, 1, 0, 2, 2, 1, 2, 0, 0, 0, 2, 2, 1, 0, 2, 0, 2, 2, 1, 0, 1, 1, 1, 0, 0, 1, 0, 2, 1, 2, 2, 0, 0, 1, 1, 0, 2, 0, 2, 1, 0, 0, 2, 0, 2, 2, 0, 1, 1, 0, 0, 2, 1, 1, 2, 2, 0, 2, 2, 2, 1, 2, 1, 1, 2, 0, 1, 1, 2, 1, 2, 0, 1, 1, 1, 1, 0, 0, 1, 0, 1, 1, 0, 1, 0, 1, 1, 2, 0, 1, 0]|[0, 3, 0, 3, 4, 1, 4, 4, 4, 4, 3, 2, 1, 0, 2, 1, 1, 1, 2, 1, 1, 3, 0, 1, 0, 1, 1, 4, 1, 4, 3, 2, 2, 0, 4, 1, 1, 4, 1, 1, 2, 1, 4, 4, 1, 1, 0, 1, 3, 2, 2, 1, 2, 1, 1, 2, 4, 3, 0, 2, 2, 3, 3, 1, 1, 2, 1, 1, 1, 4, 1, 3, 4, 1, 2, 4, 3, 1, 3, 1, 2, 4, 4, 4, 3, 2, 2, 3, 2, 4, 3, 2, 4, 2, 4, 4, 1, 2, 3, 2]|[0, 2, 0, 0, 3, 0, 1, 3, 1, 0, 2, 0, 1, 0, 1, 0, 0, 0, 1, 0, 0, 2, 0, 0, 1, 0, 0, 3, 0, 1, 0, 2, 0, 0, 3, 0, 1, 1, 0, 0, 0, 0, 1, 3, 0, 0, 1, 0, 2, 0, 0, 0, 0, 0, 1, 0, 1, 0, 1, 1, 0, 2, 0, 0, 0, 0, 0, 0, 0, 2, 0, 0, 1, 0, 0, 1, 0, 0, 3, 0, 0, 1, 2, 2, 0, 0, 0, 3, 0, 1, 0, 0, 1, 0, 3, 1, 0, 0, 0, 0],910.6024065900936,48526.84662352783,107082.72521725296,false
49,G3_TWC,G3_TWC,[31, 22, 42, 15, 26, 58, 95, 82, 77, 12, 47, 5, 93, 78, 98, 54, 85, 63, 18, 44, 20, 35, 43, 97, 91, 76, 10, 30, 21, 45, 71, 64, 1, 23, 17, 83, 24, 61, 60, 36, 6, 57, 94, 88, 65, 56, 79, 40, 67, 68, 46, 75, 38, 9, 19, 32, 81, 41, 27, 62, 87, 90, 99, 59, 11, 16, 72, 73, 70, 39, 37, 84, 3, 92, 25, 74, 28, 29, 51, 7, 53, 14, 86, 48, 89, 50, 66, 96, 33, 80, 4, 8, 55, 49, 0, 52, 69, 2, 13, 34]|[1, 1, 0, 1, 1, 1, 2, 1, 2, 1, 2, 2, 2, 1, 1, 0, 0, 1, 0, 2, 2, 0, 1, 2, 0, 1, 2, 2, 0, 0, 1, 2, 1, 2, 1, 0, 2, 0, 1, 1, 0, 1, 1, 1, 0, 2, 1, 1, 0, 0, 0, 0, 1, 1, 2, 1, 2, 0, 0, 0, 2, 1, 0, 1, 2, 1, 2, 1, 1, 1, 1, 1, 2, 0, 1, 2, 0, 0, 0, 1, 0, 1, 0, 0, 1, 0, 0, 0, 2, 0, 0, 1, 1, 0, 0, 1, 1, 0, 0, 2]|[4, 3, 2, 2, 0, 0, 2, 2, 2, 4, 1, 1, 2, 4, 4, 1, 1, 4, 2, 1, 1, 1, 1, 2, 1, 2, 1, 1, 1, 1, 3, 2, 3, 0, 4, 0, 1, 1, 0, 3, 2, 2, 4, 0, 1, 1, 3, 2, 0, 1, 2, 2, 1, 4, 0, 3, 2, 1, 1, 2, 1, 3, 1, 1, 1, 3, 0, 4, 3, 1, 4, 1, 1, 2, 4, 1, 2, 1, 1, 3, 2, 3, 1, 1, 1, 1, 1, 1, 1, 1, 2, 3, 4, 1, 2, 1, 3, 2, 2, 1]|[0, 2, 1, 1, 3, 3, 0, 1, 0, 0, 0, 0, 1, 0, 1, 0, 0, 3, 1, 0, 0, 0, 3, 1, 0, 2, 0, 0, 0, 1, 0, 0, 0, 0, 3, 0, 1, 0, 0, 2, 1, 1, 2, 0, 0, 0, 0, 1, 1, 0, 0, 0, 1, 3, 0, 0, 1, 0, 0, 1, 0, 2, 0, 1, 0, 2, 1, 0, 0, 1, 1, 3, 0, 1, 3, 0, 1, 0, 0, 2, 1, 0, 0, 0, 1, 0, 0, 0, 0, 0, 1, 2, 3, 1, 0, 1, 0, 0, 0, 0],802.5281847645216,57652.86795409501,87938.17744329936,false
49,G1_CMAX,G1_CMAX,[31, 22, 90, 26, 58, 95, 42, 12, 93, 5, 78, 86, 98, 18, 20, 35, 3, 97, 91, 76, 10, 85, 54, 45, 63, 71, 66, 1, 23, 17, 24, 60, 36, 6, 57, 15, 65, 56, 47, 79, 94, 67, 50, 46, 14, 75, 38, 9, 30, 19, 32, 81, 27, 92, 83, 87, 40, 99, 59, 11, 53, 16, 72, 77, 73, 70, 39, 37, 84, 43, 62, 25, 55, 28, 29, 51, 68, 82, 74, 61, 88, 21, 80, 89, 7, 69, 96, 41, 48, 4, 8, 34, 49, 52, 0, 44, 13, 2, 64, 33]|[1, 1, 1, 1, 0, 2, 1, 1, 2, 2, 2, 1, 0, 1, 2, 2, 1, 2, 0, 1, 2, 2, 2, 0, 0, 1, 2, 1, 2, 1, 2, 1, 1, 0, 1, 1, 0, 2, 2, 1, 1, 0, 0, 0, 0, 1, 1, 1, 1, 2, 1, 2, 2, 0, 0, 2, 1, 0, 0, 2, 0, 1, 2, 2, 1, 1, 1, 1, 1, 1, 0, 1, 1, 0, 0, 0, 0, 0, 2, 1, 1, 0, 0, 1, 1, 1, 2, 2, 0, 1, 1, 2, 0, 1, 0, 0, 0, 0, 2, 2]|[0, 4, 3, 0, 1, 1, 2, 4, 1, 1, 2, 4, 1, 4, 1, 1, 1, 2, 2, 2, 2, 1, 1, 1, 2, 3, 2, 3, 0, 4, 1, 0, 3, 2, 2, 2, 1, 1, 1, 0, 2, 0, 1, 2, 1, 3, 1, 4, 2, 0, 3, 2, 1, 2, 1, 1, 4, 1, 1, 1, 2, 3, 0, 2, 4, 3, 1, 4, 1, 1, 1, 4, 4, 2, 1, 1, 1, 2, 1, 3, 0, 1, 1, 1, 1, 3, 1, 1, 1, 4, 3, 1, 1, 1, 2, 2, 2, 2, 1, 1]|[3, 0, 2, 3, 0, 0, 1, 0, 0, 0, 1, 0, 0, 3, 0, 0, 1, 1, 1, 2, 1, 0, 0, 0, 0, 0, 0, 0, 0, 3, 1, 0, 2, 1, 1, 1, 0, 0, 0, 0, 1, 1, 0, 0, 0, 0, 1, 3, 2, 0, 0, 1, 0, 1, 0, 0, 2, 0, 0, 0, 1, 2, 1, 1, 0, 0, 1, 1, 3, 3, 0, 3, 3, 1, 0, 0, 0, 1, 0, 0, 0, 0, 0, 1, 2, 2, 0, 0, 0, 0, 2, 0, 1, 1, 0, 0, 0, 0, 0, 0],705.0470749739228,58445.79123614564,95781.2895945797,false
49,G4_BALANCED,G4_BALANCED,[31, 11, 15, 82, 26, 9, 95, 32, 77, 68, 47, 5, 93, 78, 86, 54, 85, 63, 18, 44, 20, 49, 36, 14, 74, 50, 53, 17, 21, 45, 71, 64, 3, 23, 30, 83, 24, 41, 60, 52, 65, 27, 90, 70, 39, 87, 48, 69, 99, 4, 46, 1, 13, 58, 97, 59, 28, 8, 73, 37, 35, 79, 22, 66, 76, 42, 40, 80, 96, 6, 16, 61, 33, 7, 57, 34, 12, 67, 10, 98, 56, 88, 29, 75, 91, 38, 19, 92, 43, 84, 51, 72, 81, 0, 2, 55, 94, 89, 62, 25]|[2, 1, 1, 2, 1, 2, 1, 1, 1, 1, 1, 0, 2, 2, 1, 2, 0, 0, 0, 2, 2, 1, 0, 2, 0, 2, 2, 1, 0, 1, 1, 1, 0, 0, 1, 0, 2, 1, 2, 2, 0, 0, 1, 1, 0, 2, 0, 2, 1, 0, 0, 2, 0, 0, 2, 0, 1, 1, 0, 0, 2, 1, 0, 2, 2, 0, 2, 2, 0, 1, 2, 1, 1, 2, 0, 1, 1, 1, 1, 2, 2, 1, 1, 0, 1, 0, 1, 0, 1, 0, 1, 1, 1, 0, 2, 0, 2, 1, 1, 1]|[1, 3, 2, 0, 4, 1, 4, 4, 2, 4, 3, 2, 1, 0, 2, 1, 1, 1, 2, 1, 1, 3, 0, 1, 0, 1, 1, 4, 1, 4, 3, 2, 2, 0, 4, 1, 1, 4, 0, 1, 2, 1, 4, 4, 1, 1, 0, 2, 3, 2, 2, 1, 2, 1, 1, 2, 4, 3, 0, 2, 2, 3, 1, 0, 1, 2, 0, 1, 2, 4, 1, 3, 4, 1, 2, 4, 3, 3, 3, 1, 1, 4, 3, 2, 3, 2, 4, 2, 4, 2, 3, 4, 1, 2, 1, 2, 1, 4, 3, 4]|[1, 2, 1, 0, 3, 0, 1, 3, 0, 0, 2, 0, 1, 0, 1, 0, 0, 0, 1, 0, 0, 2, 0, 0, 1, 0, 0, 3, 0, 1, 0, 2, 0, 1, 3, 0, 1, 3, 1, 0, 0, 0, 1, 3, 0, 0, 1, 0, 2, 0, 0, 0, 0, 0, 1, 0, 1, 0, 1, 1, 0, 2, 0, 0, 0, 0, 0, 0, 0, 2, 0, 0, 1, 0, 0, 1, 0, 0, 3, 0, 0, 1, 0, 0, 0, 0, 3, 0, 2, 0, 0, 2, 1, 0, 0, 0, 0, 1, 0, 3],846.6109372053031,52128.769557101376,106800.59864073119,false
49,G2_TEC,G2_TEC,[31, 22, 82, 15, 26, 9, 95, 42, 77, 68, 47, 5, 93, 78, 86, 54, 85, 63, 18, 44, 20, 49, 36, 14, 74, 50, 53, 17, 21, 28, 11, 64, 3, 23, 30, 83, 24, 41, 40, 52, 65, 27, 90, 70, 39, 87, 48, 69, 99, 4, 75, 1, 13, 58, 97, 59, 45, 8, 73, 37, 35, 79, 71, 66, 76, 32, 60, 80, 56, 6, 67, 61, 33, 7, 57, 34, 12, 16, 10, 98, 96, 88, 43, 81, 91, 2, 84, 29, 92, 19, 51, 55, 89, 46, 25, 72, 94, 38, 62, 0]|[2, 1, 2, 1, 1, 2, 1, 1, 1, 1, 1, 0, 2, 2, 1, 2, 0, 0, 0, 2, 2, 1, 0, 2, 0, 2, 2, 1, 0, 1, 1, 1, 0, 0, 1, 0, 2, 1, 2, 2, 0, 0, 1, 1, 0, 2, 0, 2, 1, 0, 0, 2, 0, 2, 2, 0, 1, 1, 0, 0, 2, 1, 1, 2, 2, 0, 2, 2, 2, 1, 2, 1, 1, 2, 0, 1, 1, 2, 1, 2, 0, 1, 1, 1, 1, 0, 0, 1, 0, 1, 1, 0, 1, 0, 1, 1, 2, 0, 1, 0]|[0, 3, 0, 3, 4, 1, 4, 4, 4, 4, 3, 2, 1, 0, 2, 1, 1, 1, 2, 1, 1, 3, 0, 1, 0, 1, 1, 4, 1, 4, 3, 2, 2, 0, 4, 1, 1, 4, 1, 1, 2, 1, 4, 4, 1, 1, 0, 1, 3, 2, 2, 1, 2, 1, 1, 2, 4, 3, 0, 2, 2, 3, 3, 1, 1, 2, 1, 1, 1, 4, 1, 3, 4, 1, 2, 4, 3, 1, 3, 1, 2, 4, 4, 4, 3, 2, 2, 3, 2, 4, 3, 2, 4, 2, 4, 4, 1, 2, 3, 2]|[0, 2, 0, 0, 3, 0, 1, 3, 1, 0, 2, 0, 1, 0, 1, 0, 0, 0, 1, 0, 0, 2, 0, 0, 1, 0, 0, 3, 0, 1, 0, 2, 0, 0, 3, 0, 1, 1, 0, 0, 0, 0, 1, 3, 0, 0, 1, 0, 2, 0, 0, 0, 0, 0, 1, 0, 1, 0, 1, 1, 0, 2, 0, 0, 0, 0, 0, 0, 0, 2, 0, 0, 1, 0, 0, 1, 0, 0, 3, 0, 0, 1, 2, 2, 0, 0, 0, 3, 0, 1, 0, 0, 1, 0, 3, 1, 0, 0, 0, 0],910.6024065900936,48526.84662352783,107082.72521725296,false
49,G3_TWC,G3_TWC,[31, 22, 42, 15, 26, 58, 95, 82, 77, 12, 47, 5, 93, 78, 98, 54, 85, 63, 18, 44, 20, 35, 43, 97, 91, 76, 10, 30, 21, 45, 71, 64, 1, 23, 17, 83, 24, 61, 60, 36, 6, 57, 94, 88, 65, 56, 79, 40, 67, 68, 46, 75, 38, 9, 19, 32, 81, 41, 27, 62, 87, 90, 99, 59, 11, 16, 72, 73, 70, 39, 37, 84, 3, 92, 25, 74, 28, 29, 51, 7, 53, 14, 86, 48, 89, 50, 66, 96, 33, 80, 4, 8, 55, 49, 0, 52, 69, 2, 13, 34]|[1, 1, 0, 1, 1, 1, 2, 1, 2, 1, 2, 2, 2, 1, 1, 0, 0, 1, 0, 2, 2, 0, 1, 2, 0, 1, 2, 2, 0, 0, 1, 2, 1, 2, 1, 0, 2, 0, 1, 1, 0, 1, 1, 1, 0, 2, 1, 1, 0, 0, 0, 0, 1, 1, 2, 1, 2, 0, 0, 0, 2, 1, 0, 1, 2, 1, 2, 1, 1, 1, 1, 1, 2, 0, 1, 2, 0, 0, 0, 1, 0, 1, 0, 0, 1, 0, 0, 0, 2, 0, 0, 1, 1, 0, 0, 1, 1, 0, 0, 2]|[4, 3, 2, 2, 0, 0, 2, 2, 2, 4, 1, 1, 2, 4, 4, 1, 1, 4, 2, 1, 1, 1, 1, 2, 1, 2, 1, 1, 1, 1, 3, 2, 3, 0, 4, 0, 1, 1, 0, 3, 2, 2, 4, 0, 1, 1, 3, 2, 0, 1, 2, 2, 1, 4, 0, 3, 2, 1, 1, 2, 1, 3, 1, 1, 1, 3, 0, 4, 3, 1, 4, 1, 1, 2, 4, 1, 2, 1, 1, 3, 2, 3, 1, 1, 1, 1, 1, 1, 1, 1, 2, 3, 4, 1, 2, 1, 3, 2, 2, 1]|[0, 2, 1, 1, 3, 3, 0, 1, 0, 0, 0, 0, 1, 0, 1, 0, 0, 3, 1, 0, 0, 0, 3, 1, 0, 2, 0, 0, 0, 1, 0, 0, 0, 0, 3, 0, 1, 0, 0, 2, 1, 1, 2, 0, 0, 0, 0, 1, 1, 0, 0, 0, 1, 3, 0, 0, 1, 0, 0, 1, 0, 2, 0, 1, 0, 2, 1, 0, 0, 1, 1, 3, 0, 1, 3, 0, 1, 0, 0, 2, 1, 0, 0, 0, 1, 0, 0, 0, 0, 0, 1, 2, 3, 1, 0, 1, 0, 0, 0, 0],802.5281847645216,57652.86795409501,87938.17744329936,false
49,G1_CMAX,G4_BALANCED,[31, 22, 82, 15, 26, 99, 95, 42, 77, 12, 47, 5, 93, 78, 86, 54, 21, 63, 18, 44, 20, 23, 66, 97, 91, 76, 10, 30, 85, 45, 71, 64, 1, 35, 17, 83, 24, 14, 60, 36, 6, 57, 94, 88, 65, 56, 79, 40, 67, 68, 46, 75, 38, 9, 19, 32, 41, 81, 27, 87, 90, 58, 59, 11, 16, 72, 73, 70, 39, 37, 84, 3, 92, 25, 55, 48, 62, 29, 51, 96, 33, 61, 98, 28, 89, 50, 4, 7, 53, 80, 8, 43, 34, 49, 52, 0, 74, 69, 2, 13]|[2, 1, 0, 1, 1, 0, 1, 1, 2, 1, 2, 2, 2, 1, 1, 0, 0, 1, 0, 2, 2, 0, 2, 2, 0, 1, 2, 2, 0, 0, 1, 2, 1, 2, 1, 0, 2, 0, 1, 1, 0, 1, 1, 1, 0, 2, 1, 1, 0, 0, 0, 0, 1, 1, 2, 1, 0, 2, 0, 2, 1, 0, 1, 2, 1, 2, 1, 1, 1, 1, 1, 1, 0, 1, 2, 0, 0, 0, 0, 2, 2, 1, 2, 0, 1, 0, 1, 2, 0, 0, 1, 1, 2, 0, 1, 0, 2, 1, 0, 0]|[1, 3, 2, 2, 4, 1, 2, 3, 2, 4, 1, 1, 2, 4, 4, 1, 1, 4, 2, 1, 1, 1, 1, 2, 1, 2, 1, 1, 2, 1, 3, 2, 3, 1, 4, 0, 1, 1, 0, 3, 2, 2, 4, 0, 1, 1, 0, 2, 0, 1, 2, 2, 1, 4, 0, 3, 1, 1, 1, 1, 3, 1, 1, 1, 3, 0, 4, 3, 1, 4, 1, 1, 0, 4, 1, 1, 2, 1, 1, 1, 1, 3, 1, 2, 1, 1, 4, 1, 2, 1, 3, 1, 1, 1, 1, 2, 1, 4, 2, 2]|[0, 2, 1, 1, 3, 0, 1, 3, 0, 0, 0, 0, 1, 0, 1, 0, 0, 3, 1, 0, 0, 0, 0, 1, 0, 2, 0, 0, 0, 1, 0, 0, 0, 0, 3, 0, 1, 0, 0, 2, 1, 1, 2, 0, 0, 0, 0, 1, 1, 0, 0, 0, 1, 3, 0, 0, 0, 0, 0, 0, 2, 0, 1, 0, 2, 1, 0, 0, 1, 1, 3, 1, 1, 3, 0, 0, 1, 0, 0, 0, 0, 0, 0, 1, 1, 0, 0, 0, 1, 0, 2, 3, 0, 1, 1, 0, 0, 2, 0, 0],747.0447039953423,55884.40275560545,91815.55647472355,true
49,G4_BALANCED,G4_BALANCED,[31, 11, 15, 82, 26, 9, 95, 32, 77, 68, 47, 5, 93, 78, 86, 54, 85, 63, 18, 44, 20, 49, 36, 14, 74, 50, 53, 17, 21, 45, 71, 64, 3, 23, 30, 83, 24, 41, 60, 52, 65, 27, 90, 70, 39, 87, 48, 69, 99, 4, 46, 1, 13, 58, 97, 59, 28, 8, 73, 37, 35, 79, 22, 66, 76, 42, 40, 80, 96, 6, 16, 61, 33, 7, 57, 34, 12, 67, 10, 98, 56, 88, 29, 75, 91, 38, 19, 92, 43, 84, 51, 72, 81, 0, 2, 55, 94, 89, 62, 25]|[2, 1, 1, 2, 1, 2, 1, 1, 1, 1, 1, 0, 2, 2, 1, 2, 0, 0, 0, 2, 2, 1, 0, 2, 0, 2, 2, 1, 0, 1, 1, 1, 0, 0, 1, 0, 2, 1, 2, 2, 0, 0, 1, 1, 0, 2, 0, 2, 1, 0, 0, 2, 0, 0, 2, 0, 1, 1, 0, 0, 2, 1, 0, 2, 2, 0, 2, 2, 0, 1, 2, 1, 1, 2, 0, 1, 1, 1, 1, 2, 2, 1, 1, 0, 1, 0, 1, 0, 1, 0, 1, 1, 1, 0, 2, 0, 2, 1, 1, 1]|[1, 3, 2, 0, 4, 1, 4, 4, 2, 4, 3, 2, 1, 0, 2, 1, 1, 1, 2, 1, 1, 3, 0, 1, 0, 1, 1, 4, 1, 4, 3, 2, 2, 0, 4, 1, 1, 4, 0, 1, 2, 1, 4, 4, 1, 1, 0, 2, 3, 2, 2, 1, 2, 1, 1, 2, 4, 3, 0, 2, 2, 3, 1, 0, 1, 2, 0, 1, 2, 4, 1, 3, 4, 1, 2, 4, 3, 3, 3, 1, 1, 4, 3, 2, 3, 2, 4, 2, 4, 2, 3, 4, 1, 2, 1, 2, 1, 4, 3, 4]|[1, 2, 1, 0, 3, 0, 1, 3, 0, 0, 2, 0, 1, 0, 1, 0, 0, 0, 1, 0, 0, 2, 0, 0, 1, 0, 0, 3, 0, 1, 0, 2, 0, 1, 3, 0, 1, 3, 1, 0, 0, 0, 1, 3, 0, 0, 1, 0, 2, 0, 0, 0, 0, 0, 1, 0, 1, 0, 1, 1, 0, 2, 0, 0, 0, 0, 0, 0, 0, 2, 0, 0, 1, 0, 0, 1, 0, 0, 3, 0, 0, 1, 0, 0, 0, 0, 3, 0, 2, 0, 0, 2, 1, 0, 0, 0, 0, 1, 0, 3],846.6109372053031,52128.769557101376,106800.59864073119,false
49,G2_TEC,G2_TEC,[31, 22, 82, 15, 26, 9, 95, 42, 77, 68, 47, 5, 93, 78, 86, 54, 85, 63, 18, 44, 20, 49, 36, 14, 74, 50, 53, 17, 21, 28, 11, 64, 3, 23, 30, 83, 24, 41, 40, 52, 65, 27, 90, 70, 39, 87, 48, 69, 99, 4, 75, 1, 13, 58, 97, 59, 45, 8, 73, 37, 35, 79, 71, 66, 76, 32, 60, 80, 56, 6, 67, 61, 33, 7, 57, 34, 12, 16, 10, 98, 96, 88, 43, 81, 91, 2, 84, 29, 92, 19, 51, 55, 89, 46, 25, 72, 94, 38, 62, 0]|[2, 1, 2, 1, 1, 2, 1, 1, 1, 1, 1, 0, 2, 2, 1, 2, 0, 0, 0, 2, 2, 1, 0, 2, 0, 2, 2, 1, 0, 1, 1, 1, 0, 0, 1, 0, 2, 1, 2, 2, 0, 0, 1, 1, 0, 2, 0, 2, 1, 0, 0, 2, 0, 2, 2, 0, 1, 1, 0, 0, 2, 1, 1, 2, 2, 0, 2, 2, 2, 1, 2, 1, 1, 2, 0, 1, 1, 2, 1, 2, 0, 1, 1, 1, 1, 0, 0, 1, 0, 1, 1, 0, 1, 0, 1, 1, 2, 0, 1, 0]|[0, 3, 0, 3, 4, 1, 4, 4, 4, 4, 3, 2, 1, 0, 2, 1, 1, 1, 2, 1, 1, 3, 0, 1, 0, 1, 1, 4, 1, 4, 3, 2, 2, 0, 4, 1, 1, 4, 1, 1, 2, 1, 4, 4, 1, 1, 0, 1, 3, 2, 2, 1, 2, 1, 1, 2, 4, 3, 0, 2, 2, 3, 3, 1, 1, 2, 1, 1, 1, 4, 1, 3, 4, 1, 2, 4, 3, 1, 3, 1, 2, 4, 4, 4, 3, 2, 2, 3, 2, 4, 3, 2, 4, 2, 4, 4, 1, 2, 3, 2]|[0, 2, 0, 0, 3, 0, 1, 3, 1, 0, 2, 0, 1, 0, 1, 0, 0, 0, 1, 0, 0, 2, 0, 0, 1, 0, 0, 3, 0, 1, 0, 2, 0, 0, 3, 0, 1, 1, 0, 0, 0, 0, 1, 3, 0, 0, 1, 0, 2, 0, 0, 0, 0, 0, 1, 0, 1, 0, 1, 1, 0, 2, 0, 0, 0, 0, 0, 0, 0, 2, 0, 0, 1, 0, 0, 1, 0, 0, 3, 0, 0, 1, 2, 2, 0, 0, 0, 3, 0, 1, 0, 0, 1, 0, 3, 1, 0, 0, 0, 0],910.6024065900936,48526.84662352783,107082.72521725296,false
49,G3_TWC,G3_TWC,[31, 22, 42, 15, 26, 58, 95, 82, 77, 12, 47, 5, 93, 78, 98, 54, 85, 63, 18, 44, 20, 35, 43, 97, 91, 76, 10, 30, 21, 45, 71, 64, 1, 23, 17, 83, 24, 61, 60, 36, 6, 57, 94, 88, 65, 56, 79, 40, 67, 68, 46, 75, 38, 9, 19, 32, 81, 41, 27, 62, 87, 90, 99, 59, 11, 16, 72, 73, 70, 39, 37, 84, 3, 92, 25, 74, 28, 29, 51, 7, 53, 14, 86, 48, 89, 50, 66, 96, 33, 80, 4, 8, 55, 49, 0, 52, 69, 2, 13, 34]|[1, 1, 0, 1, 1, 1, 2, 1, 2, 1, 2, 2, 2, 1, 1, 0, 0, 1, 0, 2, 2, 0, 1, 2, 0, 1, 2, 2, 0, 0, 1, 2, 1, 2, 1, 0, 2, 0, 1, 1, 0, 1, 1, 1, 0, 2, 1, 1, 0, 0, 0, 0, 1, 1, 2, 1, 2, 0, 0, 0, 2, 1, 0, 1, 2, 1, 2, 1, 1, 1, 1, 1, 2, 0, 1, 2, 0, 0, 0, 1, 0, 1, 0, 0, 1, 0, 0, 0, 2, 0, 0, 1, 1, 0, 0, 1, 1, 0, 0, 2]|[4, 3, 2, 2, 0, 0, 2, 2, 2, 4, 1, 1, 2, 4, 4, 1, 1, 4, 2, 1, 1, 1, 1, 2, 1, 2, 1, 1, 1, 1, 3, 2, 3, 0, 4, 0, 1, 1, 0, 3, 2, 2, 4, 0, 1, 1, 3, 2, 0, 1, 2, 2, 1, 4, 0, 3, 2, 1, 1, 2, 1, 3, 1, 1, 1, 3, 0, 4, 3, 1, 4, 1, 1, 2, 4, 1, 2, 1, 1, 3, 2, 3, 1, 1, 1, 1, 1, 1, 1, 1, 2, 3, 4, 1, 2, 1, 3, 2, 2, 1]|[0, 2, 1, 1, 3, 3, 0, 1, 0, 0, 0, 0, 1, 0, 1, 0, 0, 3, 1, 0, 0, 0, 3, 1, 0, 2, 0, 0, 0, 1, 0, 0, 0, 0, 3, 0, 1, 0, 0, 2, 1, 1, 2, 0, 0, 0, 0, 1, 1, 0, 0, 0, 1, 3, 0, 0, 1, 0, 0, 1, 0, 2, 0, 1, 0, 2, 1, 0, 0, 1, 1, 3, 0, 1, 3, 0, 1, 0, 0, 2, 1, 0, 0, 0, 1, 0, 0, 0, 0, 0, 1, 2, 3, 1, 0, 1, 0, 0, 0, 0],802.5281847645216,57652.86795409501,87938.17744329936,false
49,G1_CMAX,G1_CMAX,[31, 22, 82, 15, 26, 99, 95, 42, 77, 12, 47, 5, 93, 78, 71, 45, 13, 63, 18, 44, 20, 67, 43, 97, 91, 76, 10, 30, 85, 37, 64, 1, 23, 57, 83, 24, 14, 60, 36, 81, 17, 40, 65, 56, 79, 94, 88, 35, 68, 46, 38, 9, 19, 32, 41, 54, 6, 27, 87, 62, 90, 59, 11, 16, 72, 73, 70, 39, 86, 84, 3, 92, 25, 55, 28, 51, 7, 33, 61, 98, 48, 29, 89, 50, 4, 96, 53, 80, 75, 66, 8, 34, 49, 52, 0, 21, 2, 58, 69, 74]|[1, 1, 0, 1, 1, 0, 1, 1, 2, 1, 2, 2, 2, 1, 1, 0, 0, 1, 0, 2, 2, 0, 1, 2, 0, 1, 2, 2, 0, 1, 2, 1, 2, 1, 0, 2, 0, 1, 1, 2, 1, 1, 0, 2, 1, 1, 1, 0, 0, 0, 1, 1, 2, 1, 0, 0, 2, 0, 2, 0, 1, 1, 2, 1, 2, 1, 1, 1, 1, 1, 2, 0, 1, 2, 0, 2, 2, 2, 1, 2, 0, 0, 1, 0, 1, 2, 0, 0, 0, 2, 1, 2, 0, 1, 0, 0, 0, 0, 1, 2]|[0, 3, 2, 4, 0, 1, 2, 2, 2, 4, 1, 1, 2, 4, 3, 1, 2, 4, 2, 1, 1, 0, 1, 2, 1, 2, 1, 1, 1, 4, 2, 3, 0, 4, 1, 1, 1, 0, 3, 2, 4, 2, 1, 1, 0, 4, 0, 1, 1, 2, 1, 4, 0, 3, 1, 1, 2, 1, 1, 2, 3, 1, 1, 3, 0, 4, 3, 1, 4, 1, 1, 0, 4, 1, 2, 2, 1, 1, 3, 1, 1, 1, 1, 1, 4, 1, 2, 1, 2, 1, 3, 1, 1, 1, 2, 2, 2, 1, 4, 1]|[2, 2, 1, 1, 3, 0, 1, 1, 0, 0, 0, 0, 1, 0, 0, 0, 0, 3, 1, 0, 0, 1, 3, 1, 0, 2, 0, 0, 0, 1, 0, 0, 0, 3, 0, 1, 0, 0, 2, 1, 3, 1, 0, 0, 0, 2, 0, 0, 0, 0, 1, 3, 0, 0, 0, 0, 1, 0, 0, 1, 2, 1, 0, 2, 1, 0, 0, 1, 1, 3, 0, 1, 3, 0, 1, 1, 0, 0, 0, 0, 0, 0, 1, 0, 0, 0, 1, 0, 0, 0, 2, 0, 1, 1, 0, 0, 0, 0, 2, 0],716.9524403010157,57951.44368392046,95406.0545863103,false
49,G4_BALANCED,G4_BALANCED,[31, 11, 15, 82, 26, 9, 95, 32, 77, 68, 47, 5, 93, 78, 86, 54, 85, 63, 18, 44, 20, 49, 36, 14, 74, 50, 53, 17, 21, 45, 71, 64, 3, 23, 30, 83, 24, 41, 60, 52, 65, 27, 90, 70, 39, 87, 48, 69, 99, 4, 46, 1, 13, 58, 97, 59, 28, 8, 73, 37, 35, 79, 22, 66, 76, 42, 40, 80, 96, 6, 16, 61, 33, 7, 57, 34, 12, 67, 10, 98, 56, 88, 29, 75, 91, 38, 19, 92, 43, 84, 51, 72, 81, 0, 2, 55, 94, 89, 62, 25]|[2, 1, 1, 2, 1, 2, 1, 1, 1, 1, 1, 0, 2, 2, 1, 2, 0, 0, 0, 2, 2, 1, 0, 2, 0, 2, 2, 1, 0, 1, 1, 1, 0, 0, 1, 0, 2, 1, 2, 2, 0, 0, 1, 1, 0, 2, 0, 2, 1, 0, 0, 2, 0, 0, 2, 0, 1, 1, 0, 0, 2, 1, 0, 2, 2, 0, 2, 2, 0, 1, 2, 1, 1, 2, 0, 1, 1, 1, 1, 2, 2, 1, 1, 0, 1, 0, 1, 0, 1, 0, 1, 1, 1, 0, 2, 0, 2, 1, 1, 1]|[1, 3, 2, 0, 4, 1, 4, 4, 2, 4, 3, 2, 1, 0, 2, 1, 1, 1, 2, 1, 1, 3, 0, 1, 0, 1, 1, 4, 1, 4, 3, 2, 2, 0, 4, 1, 1, 4, 0, 1, 2, 1, 4, 4, 1, 1, 0, 2, 3, 2, 2, 1, 2, 1, 1, 2, 4, 3, 0, 2, 2, 3, 1, 0, 1, 2, 0, 1, 2, 4, 1, 3, 4, 1, 2, 4, 3, 3, 3, 1, 1, 4, 3, 2, 3, 2, 4, 2, 4, 2, 3, 4, 1, 2, 1, 2, 1, 4, 3, 4]|[1, 2, 1, 0, 3, 0, 1, 3, 0, 0, 2, 0, 1, 0, 1, 0, 0, 0, 1, 0, 0, 2, 0, 0, 1, 0, 0, 3, 0, 1, 0, 2, 0, 1, 3, 0, 1, 3, 1, 0, 0, 0, 1, 3, 0, 0, 1, 0, 2, 0, 0, 0, 0, 0, 1, 0, 1, 0, 1, 1, 0, 2, 0, 0, 0, 0, 0, 0, 0, 2, 0, 0, 1, 0, 0, 1, 0, 0, 3, 0, 0, 1, 0, 0, 0, 0, 3, 0, 2, 0, 0, 2, 1, 0, 0, 0, 0, 1, 0, 3],846.6109372053031,52128.769557101376,106800.59864073119,false
49,G2_TEC,G2_TEC,[31, 22, 82, 15, 26, 9, 95, 42, 77, 68, 47, 5, 93, 78, 86, 54, 85, 63, 18, 44, 20, 49, 36, 14, 74, 50, 53, 17, 21, 28, 11, 64, 3, 23, 30, 83, 24, 41, 40, 52, 65, 27, 90, 70, 39, 87, 48, 69, 99, 4, 75, 1, 13, 58, 97, 59, 45, 8, 73, 37, 35, 79, 71, 66, 76, 32, 60, 80, 56, 6, 67, 61, 33, 7, 57, 34, 12, 16, 10, 98, 96, 88, 43, 81, 91, 2, 84, 29, 92, 19, 51, 55, 89, 46, 25, 72, 94, 38, 62, 0]|[2, 1, 2, 1, 1, 2, 1, 1, 1, 1, 1, 0, 2, 2, 1, 2, 0, 0, 0, 2, 2, 1, 0, 2, 0, 2, 2, 1, 0, 1, 1, 1, 0, 0, 1, 0, 2, 1, 2, 2, 0, 0, 1, 1, 0, 2, 0, 2, 1, 0, 0, 2, 0, 2, 2, 0, 1, 1, 0, 0, 2, 1, 1, 2, 2, 0, 2, 2, 2, 1, 2, 1, 1, 2, 0, 1, 1, 2, 1, 2, 0, 1, 1, 1, 1, 0, 0, 1, 0, 1, 1, 0, 1, 0, 1, 1, 2, 0, 1, 0]|[0, 3, 0, 3, 4, 1, 4, 4, 4, 4, 3, 2, 1, 0, 2, 1, 1, 1, 2, 1, 1, 3, 0, 1, 0, 1, 1, 4, 1, 4, 3, 2, 2, 0, 4, 1, 1, 4, 1, 1, 2, 1, 4, 4, 1, 1, 0, 1, 3, 2, 2, 1, 2, 1, 1, 2, 4, 3, 0, 2, 2, 3, 3, 1, 1, 2, 1, 1, 1, 4, 1, 3, 4, 1, 2, 4, 3, 1, 3, 1, 2, 4, 4, 4, 3, 2, 2, 3, 2, 4, 3, 2, 4, 2, 4, 4, 1, 2, 3, 2]|[0, 2, 0, 0, 3, 0, 1, 3, 1, 0, 2, 0, 1, 0, 1, 0, 0, 0, 1, 0, 0, 2, 0, 0, 1, 0, 0, 3, 0, 1, 0, 2, 0, 0, 3, 0, 1, 1, 0, 0, 0, 0, 1, 3, 0, 0, 1, 0, 2, 0, 0, 0, 0, 0, 1, 0, 1, 0, 1, 1, 0, 2, 0, 0, 0, 0, 0, 0, 0, 2, 0, 0, 1, 0, 0, 1, 0, 0, 3, 0, 0, 1, 2, 2, 0, 0, 0, 3, 0, 1, 0, 0, 1, 0, 3, 1, 0, 0, 0, 0],910.6024065900936,48526.84662352783,107082.72521725296,false
49,G3_TWC,G3_TWC,[31, 22, 42, 15, 26, 58, 95, 82, 77, 12, 47, 5, 93, 78, 98, 54, 85, 63, 18, 44, 20, 35, 43, 97, 91, 76, 10, 30, 21, 45, 71, 64, 1, 23, 17, 83, 24, 61, 60, 36, 6, 57, 94, 88, 65, 56, 79, 40, 67, 68, 46, 75, 38, 9, 19, 32, 81, 41, 27, 62, 87, 90, 99, 59, 11, 16, 72, 73, 70, 39, 37, 84, 3, 92, 25, 74, 28, 29, 51, 7, 53, 14, 86, 48, 89, 50, 66, 96, 33, 80, 4, 8, 55, 49, 0, 52, 69, 2, 13, 34]|[1, 1, 0, 1, 1, 1, 2, 1, 2, 1, 2, 2, 2, 1, 1, 0, 0, 1, 0, 2, 2, 0, 1, 2, 0, 1, 2, 2, 0, 0, 1, 2, 1, 2, 1, 0, 2, 0, 1, 1, 0, 1, 1, 1, 0, 2, 1, 1, 0, 0, 0, 0, 1, 1, 2, 1, 2, 0, 0, 0, 2, 1, 0, 1, 2, 1, 2, 1, 1, 1, 1, 1, 2, 0, 1, 2, 0, 0, 0, 1, 0, 1, 0, 0, 1, 0, 0, 0, 2, 0, 0, 1, 1, 0, 0, 1, 1, 0, 0, 2]|[4, 3, 2, 2, 0, 0, 2, 2, 2, 4, 1, 1, 2, 4, 4, 1, 1, 4, 2, 1, 1, 1, 1, 2, 1, 2, 1, 1, 1, 1, 3, 2, 3, 0, 4, 0, 1, 1, 0, 3, 2, 2, 4, 0, 1, 1, 3, 2, 0, 1, 2, 2, 1, 4, 0, 3, 2, 1, 1, 2, 1, 3, 1, 1, 1, 3, 0, 4, 3, 1, 4, 1, 1, 2, 4, 1, 2, 1, 1, 3, 2, 3, 1, 1, 1, 1, 1, 1, 1, 1, 2, 3, 4, 1, 2, 1, 3, 2, 2, 1]|[0, 2, 1, 1, 3, 3, 0, 1, 0, 0, 0, 0, 1, 0, 1, 0, 0, 3, 1, 0, 0, 0, 3, 1, 0, 2, 0, 0, 0, 1, 0, 0, 0, 0, 3, 0, 1, 0, 0, 2, 1, 1, 2, 0, 0, 0, 0, 1, 1, 0, 0, 0, 1, 3, 0, 0, 1, 0, 0, 1, 0, 2, 0, 1, 0, 2, 1, 0, 0, 1, 1, 3, 0, 1, 3, 0, 1, 0, 0, 2, 1, 0, 0, 0, 1, 0, 0, 0, 0, 0, 1, 2, 3, 1, 0, 1, 0, 0, 0, 0],802.5281847645216,57652.86795409501,87938.17744329936,false
49,G1_CMAX,G1_CMAX,[31, 22, 90, 26, 58, 95, 42, 12, 93, 5, 78, 86, 98, 18, 20, 35, 3, 97, 91, 76, 10, 85, 54, 45, 63, 71, 66, 1, 23, 17, 24, 60, 36, 6, 57, 15, 65, 56, 47, 79, 94, 67, 50, 46, 14, 75, 38, 9, 30, 19, 32, 81, 27, 92, 83, 87, 40, 99, 59, 11, 53, 16, 72, 77, 73, 70, 39, 37, 84, 43, 62, 25, 55, 28, 29, 51, 68, 82, 74, 61, 88, 21, 80, 89, 7, 69, 96, 41, 48, 4, 8, 34, 49, 52, 0, 44, 13, 2, 64, 33]|[1, 1, 1, 1, 0, 2, 1, 1, 2, 2, 2, 1, 0, 1, 2, 2, 1, 2, 0, 1, 2, 2, 2, 0, 0, 1, 2, 1, 2, 1, 2, 1, 1, 0, 1, 1, 0, 2, 2, 1, 1, 0, 0, 0, 0, 1, 1, 1, 1, 2, 1, 2, 2, 0, 0, 2, 1, 0, 0, 2, 0, 1, 2, 2, 1, 1, 1, 1, 1, 1, 0, 1, 1, 0, 0, 0, 0, 0, 2, 1, 1, 0, 0, 1, 1, 1, 2, 2, 0, 1, 1, 2, 0, 1, 0, 0, 0, 0, 2, 2]|[0, 4, 3, 0, 1, 1, 2, 4, 1, 1, 2, 4, 1, 4, 1, 1, 1, 2, 2, 2, 2, 1, 1, 1, 2, 3, 2, 3, 0, 4, 1, 0, 3, 2, 2, 2, 1, 1, 1, 0, 2, 0, 1, 2, 1, 3, 1, 4, 2, 0, 3, 2, 1, 2, 1, 1, 4, 1, 1, 1, 2, 3, 0, 2, 4, 3, 1, 4, 1, 1, 1, 4, 4, 2, 1, 1, 1, 2, 1, 3, 0, 1, 1, 1, 1, 3, 1, 1, 1, 4, 3, 1, 1, 1, 2, 2, 2, 2, 1, 1]|[3, 0, 2, 3, 0, 0, 1, 0, 0, 0, 1, 0, 0, 3, 0, 0, 1, 1, 1, 2, 1, 0, 0, 0, 0, 0, 0, 0, 0, 3, 1, 0, 2, 1, 1, 1, 0, 0, 0, 0, 1, 1, 0, 0, 0, 0, 1, 3, 2, 0, 0, 1, 0, 1, 0, 0, 2, 0, 0, 0, 1, 2, 1, 1, 0, 0, 1, 1, 3, 3, 0, 3, 3, 1, 0, 0, 0, 1, 0, 0, 0, 0, 0, 1, 2, 2, 0, 0, 0, 0, 2, 0, 1, 1, 0, 0, 0, 0, 0, 0],705.0470749739228,58445.79123614564,95781.2895945797,false
49,G4_BALANCED,G2_TEC,[31, 22, 82, 15, 26, 9, 95, 42, 77, 68, 47, 5, 93, 78, 86, 54, 85, 63, 18, 44, 20, 49, 36, 14, 74, 50, 53, 17, 21, 28, 11, 64, 3, 23, 30, 83, 24, 41, 40, 52, 65, 27, 90, 70, 39, 87, 48, 69, 99, 4, 75, 1, 13, 58, 97, 59, 45, 8, 73, 37, 35, 79, 71, 66, 76, 32, 60, 80, 56, 6, 67, 61, 33, 7, 57, 34, 12, 16, 10, 98, 96, 88, 43, 81, 91, 2, 84, 29, 92, 19, 51, 55, 89, 25, 72, 46, 38, 94, 62, 0]|[2, 1, 2, 1, 1, 2, 1, 1, 1, 1, 1, 0, 2, 2, 1, 2, 0, 0, 0, 2, 2, 1, 0, 2, 0, 2, 2, 1, 0, 1, 1, 1, 0, 0, 1, 0, 2, 1, 2, 2, 0, 0, 1, 1, 0, 2, 0, 2, 1, 0, 0, 2, 0, 2, 2, 0, 1, 1, 0, 0, 2, 1, 1, 2, 2, 0, 2, 2, 2, 1, 2, 1, 1, 2, 0, 1, 1, 2, 1, 2, 0, 1, 1, 1, 1, 0, 0, 1, 0, 1, 1, 0, 0, 1, 1, 0, 0, 2, 1, 0]|[0, 3, 0, 3, 4, 1, 4, 4, 4, 4, 3, 2, 1, 0, 2, 1, 1, 1, 2, 1, 1, 3, 0, 1, 0, 1, 1, 4, 1, 4, 3, 2, 2, 0, 4, 1, 1, 4, 1, 1, 2, 1, 4, 4, 1, 1, 0, 1, 3, 2, 2, 1, 2, 1, 1, 2, 4, 3, 0, 2, 2, 3, 3, 1, 1, 2, 1, 1, 1, 4, 1, 3, 4, 1, 2, 4, 3, 1, 3, 1, 2, 4, 4, 4, 3, 2, 2, 3, 2, 4, 3, 2, 2, 4, 4, 2, 2, 1, 3, 2]|[0, 2, 0, 0, 3, 0, 1, 3, 1, 0, 2, 0, 1, 0, 1, 0, 0, 0, 1, 0, 0, 2, 0, 0, 1, 0, 0, 3, 0, 1, 0, 2, 0, 0, 3, 0, 1, 1, 0, 0, 0, 0, 1, 3, 0, 0, 1, 0, 2, 0, 0, 0, 0, 0, 1, 0, 1, 0, 1, 1, 0, 2, 0, 0, 0, 0, 0, 0, 0, 2, 0, 0, 1, 0, 0, 1, 0, 0, 3, 0, 0, 1, 2, 2, 0, 0, 0, 3, 0, 1, 0, 0, 0, 3, 1, 0, 0, 0, 0, 0],920.284185045267,48818.84780699349,106638.68446760782,true
49,G2_TEC,G4_BALANCED,[31, 22, 82, 15, 26, 9, 95, 42, 77, 68, 47, 5, 93, 78, 86, 54, 85, 63, 18, 44, 20, 49, 36, 14, 74, 50, 53, 17, 21, 28, 11, 64, 3, 23, 30, 83, 24, 41, 40, 52, 65, 27, 90, 70, 39, 87, 48, 69, 99, 4, 75, 1, 13, 58, 97, 59, 45, 8, 73, 37, 35, 79, 71, 66, 76, 32, 60, 80, 56, 6, 67, 61, 33, 7, 57, 34, 12, 16, 10, 98, 96, 88, 2, 81, 91, 43, 84, 29, 92, 19, 51, 89, 46, 25, 55, 72, 94, 38, 62, 0]|[2, 1, 2, 1, 1, 2, 1, 1, 1, 1, 1, 0, 2, 2, 1, 2, 0, 0, 0, 2, 2, 1, 0, 2, 0, 2, 2, 1, 0, 1, 1, 1, 0, 0, 1, 0, 2, 1, 2, 2, 0, 0, 1, 1, 0, 2, 0, 2, 1, 0, 0, 2, 0, 0, 2, 0, 1, 1, 0, 0, 2, 1, 1, 2, 2, 0, 2, 2, 2, 1, 2, 1, 1, 2, 0, 1, 1, 2, 1, 2, 0, 1, 0, 1, 1, 1, 0, 1, 0, 1, 1, 1, 0, 1, 0, 1, 2, 0, 1, 0]|[0, 3, 0, 3, 4, 1, 4, 4, 2, 4, 3, 2, 1, 0, 2, 1, 1, 1, 2, 1, 1, 3, 0, 1, 0, 1, 1, 4, 1, 4, 3, 2, 2, 0, 4, 1, 1, 4, 1, 1, 2, 1, 4, 4, 1, 1, 0, 1, 3, 2, 2, 1, 2, 1, 1, 2, 4, 3, 0, 2, 2, 3, 3, 1, 1, 2, 1, 1, 1, 4, 1, 3, 4, 1, 2, 4, 3, 1, 3, 1, 2, 4, 2, 4, 3, 4, 2, 3, 2, 4, 3, 4, 2, 4, 2, 4, 1, 2, 3, 2]|[0, 2, 0, 0, 3, 0, 1, 3, 0, 0, 2, 0, 1, 0, 1, 0, 0, 0, 1, 0, 0, 2, 0, 0, 1, 0, 0, 3, 0, 1, 0, 2, 0, 0, 3, 0, 1, 1, 0, 0, 0, 0, 1, 3, 0, 0, 1, 0, 2, 0, 0, 0, 0, 1, 1, 0, 1, 0, 1, 1, 0, 2, 0, 0, 0, 0, 0, 0, 0, 2, 0, 0, 1, 0, 0, 1, 0, 0, 3, 0, 0, 1, 0, 2, 0, 2, 0, 3, 0, 1, 0, 1, 0, 3, 0, 1, 0, 0, 0, 0],910.7008220716186,49430.60132439666,104576.75458248449,true
49,G3_TWC,G3_TWC,[31, 22, 42, 15, 26, 58, 95, 82, 77, 12, 47, 5, 93, 78, 98, 54, 85, 63, 18, 44, 20, 35, 43, 97, 91, 76, 10, 30, 21, 45, 71, 64, 1, 23, 17, 83, 24, 61, 60, 36, 6, 57, 94, 88, 65, 56, 79, 40, 67, 68, 46, 75, 38, 9, 19, 32, 81, 41, 27, 62, 87, 90, 99, 59, 11, 16, 72, 73, 70, 39, 37, 84, 3, 92, 25, 74, 28, 29, 51, 7, 53, 14, 86, 48, 89, 50, 66, 96, 33, 80, 4, 8, 55, 49, 0, 52, 69, 2, 13, 34]|[1, 1, 0, 1, 1, 1, 2, 1, 2, 1, 2, 2, 2, 1, 1, 0, 0, 1, 0, 2, 2, 0, 1, 2, 0, 1, 2, 2, 0, 0, 1, 2, 1, 2, 1, 0, 2, 0, 1, 1, 0, 1, 1, 1, 0, 2, 1, 1, 0, 0, 0, 0, 1, 1, 2, 1, 2, 0, 0, 0, 2, 1, 0, 1, 2, 1, 2, 1, 1, 1, 1, 1, 2, 0, 1, 2, 0, 0, 0, 1, 0, 1, 0, 0, 1, 0, 0, 0, 2, 0, 0, 1, 1, 0, 0, 1, 1, 0, 0, 2]|[4, 3, 2, 2, 0, 0, 2, 2, 2, 4, 1, 1, 2, 4, 4, 1, 1, 4, 2, 1, 1, 1, 1, 2, 1, 2, 1, 1, 1, 1, 3, 2, 3, 0, 4, 0, 1, 1, 0, 3, 2, 2, 4, 0, 1, 1, 3, 2, 0, 1, 2, 2, 1, 4, 0, 3, 2, 1, 1, 2, 1, 3, 1, 1, 1, 3, 0, 4, 3, 1, 4, 1, 1, 2, 4, 1, 2, 1, 1, 3, 2, 3, 1, 1, 1, 1, 1, 1, 1, 1, 2, 3, 4, 1, 2, 1, 3, 2, 2, 1]|[0, 2, 1, 1, 3, 3, 0, 1, 0, 0, 0, 0, 1, 0, 1, 0, 0, 3, 1, 0, 0, 0, 3, 1, 0, 2, 0, 0, 0, 1, 0, 0, 0, 0, 3, 0, 1, 0, 0, 2, 1, 1, 2, 0, 0, 0, 0, 1, 1, 0, 0, 0, 1, 3, 0, 0, 1, 0, 0, 1, 0, 2, 0, 1, 0, 2, 1, 0, 0, 1, 1, 3, 0, 1, 3, 0, 1, 0, 0, 2, 1, 0, 0, 0, 1, 0, 0, 0, 0, 0, 1, 2, 3, 1, 0, 1, 0, 0, 0, 0],802.5281847645216,57652.86795409501,87938.17744329936,false
49,G1_CMAX,G1_CMAX,[31, 22, 90, 26, 58, 95, 42, 12, 93, 5, 78, 86, 98, 18, 20, 35, 3, 97, 91, 76, 10, 85, 54, 45, 63, 71, 66, 1, 23, 17, 24, 60, 36, 6, 57, 15, 65, 56, 47, 79, 94, 67, 50, 46, 14, 75, 38, 9, 30, 19, 32, 81, 27, 92, 83, 87, 40, 99, 59, 11, 53, 16, 72, 77, 73, 70, 39, 37, 84, 43, 62, 25, 55, 28, 29, 51, 68, 82, 74, 61, 88, 21, 80, 89, 7, 69, 96, 41, 48, 4, 8, 34, 49, 52, 0, 44, 13, 2, 64, 33]|[1, 1, 1, 1, 0, 2, 1, 1, 2, 2, 2, 1, 0, 1, 2, 2, 1, 2, 0, 1, 2, 2, 2, 0, 0, 1, 2, 1, 2, 1, 2, 1, 1, 0, 1, 1, 0, 2, 2, 1, 1, 0, 0, 0, 0, 1, 1, 1, 1, 2, 1, 2, 2, 0, 0, 2, 1, 0, 0, 2, 0, 1, 2, 2, 1, 1, 1, 1, 1, 1, 0, 1, 1, 0, 0, 0, 0, 0, 2, 1, 1, 0, 0, 1, 1, 1, 2, 2, 0, 1, 1, 2, 0, 1, 0, 0, 0, 0, 2, 2]|[0, 4, 3, 0, 1, 1, 2, 4, 1, 1, 2, 4, 1, 4, 1, 1, 1, 2, 2, 2, 2, 1, 1, 1, 2, 3, 2, 3, 0, 4, 1, 0, 3, 2, 2, 2, 1, 1, 1, 0, 2, 0, 1, 2, 1, 3, 1, 4, 2, 0, 3, 2, 1, 2, 1, 1, 4, 1, 1, 1, 2, 3, 0, 2, 4, 3, 1, 4, 1, 1, 1, 4, 4, 2, 1, 1, 1, 2, 1, 3, 0, 1, 1, 1, 1, 3, 1, 1, 1, 4, 3, 1, 1, 1, 2, 2, 2, 2, 1, 1]|[3, 0, 2, 3, 0, 0, 1, 0, 0, 0, 1, 0, 0, 3, 0, 0, 1, 1, 1, 2, 1, 0, 0, 0, 0, 0, 0, 0, 0, 3, 1, 0, 2, 1, 1, 1, 0, 0, 0, 0, 1, 1, 0, 0, 0, 0, 1, 3, 2, 0, 0, 1, 0, 1, 0, 0, 2, 0, 0, 0, 1, 2, 1, 1, 0, 0, 1, 1, 3, 3, 0, 3, 3, 1, 0, 0, 0, 1, 0, 0, 0, 0, 0, 1, 2, 2, 0, 0, 0, 0, 2, 0, 1, 1, 0, 0, 0, 0, 0, 0],705.0470749739228,58445.79123614564,95781.2895945797,false
49,G4_BALANCED,G4_BALANCED,[31, 11, 15, 82, 26, 9, 95, 32, 77, 68, 47, 5, 93, 78, 86, 54, 85, 63, 18, 44, 20, 49, 36, 14, 74, 50, 53, 17, 21, 45, 71, 64, 3, 23, 30, 83, 24, 41, 60, 52, 65, 27, 90, 70, 39, 87, 48, 69, 99, 4, 46, 1, 13, 58, 97, 59, 28, 8, 73, 37, 35, 79, 22, 66, 76, 42, 40, 80, 96, 6, 16, 61, 33, 7, 57, 34, 12, 67, 10, 98, 56, 88, 29, 75, 91, 38, 19, 92, 43, 84, 51, 72, 81, 0, 2, 55, 94, 89, 62, 25]|[2, 1, 1, 2, 1, 2, 1, 1, 1, 1, 1, 0, 2, 2, 1, 2, 0, 0, 0, 2, 2, 1, 0, 2, 0, 2, 2, 1, 0, 1, 1, 1, 0, 0, 1, 0, 2, 1, 2, 2, 0, 0, 1, 1, 0, 2, 0, 2, 1, 0, 0, 2, 0, 0, 2, 0, 1, 1, 0, 0, 2, 1, 0, 2, 2, 0, 2, 2, 0, 1, 2, 1, 1, 2, 0, 1, 1, 1, 1, 2, 2, 1, 1, 0, 1, 0, 1, 0, 1, 0, 1, 1, 1, 0, 2, 0, 2, 1, 1, 1]|[1, 3, 2, 0, 4, 1, 4, 4, 2, 4, 3, 2, 1, 0, 2, 1, 1, 1, 2, 1, 1, 3, 0, 1, 0, 1, 1, 4, 1, 4, 3, 2, 2, 0, 4, 1, 1, 4, 0, 1, 2, 1, 4, 4, 1, 1, 0, 2, 3, 2, 2, 1, 2, 1, 1, 2, 4, 3, 0, 2, 2, 3, 1, 0, 1, 2, 0, 1, 2, 4, 1, 3, 4, 1, 2, 4, 3, 3, 3, 1, 1, 4, 3, 2, 3, 2, 4, 2, 4, 2, 3, 4, 1, 2, 1, 2, 1, 4, 3, 4]|[1, 2, 1, 0, 3, 0, 1, 3, 0, 0, 2, 0, 1, 0, 1, 0, 0, 0, 1, 0, 0, 2, 0, 0, 1, 0, 0, 3, 0, 1, 0, 2, 0, 1, 3, 0, 1, 3, 1, 0, 0, 0, 1, 3, 0, 0, 1, 0, 2, 0, 0, 0, 0, 0, 1, 0, 1, 0, 1, 1, 0, 2, 0, 0, 0, 0, 0, 0, 0, 2, 0, 0, 1, 0, 0, 1, 0, 0, 3, 0, 0, 1, 0, 0, 0, 0, 3, 0, 2, 0, 0, 2, 1, 0, 0, 0, 0, 1, 0, 3],846.6109372053031,52128.769557101376,106800.59864073119,false
49,G2_TEC,G4_BALANCED,[31, 22, 82, 15, 26, 9, 95, 42, 77, 68, 47, 5, 93, 78, 86, 54, 85, 63, 18, 44, 20, 49, 36, 14, 74, 50, 53, 17, 21, 28, 11, 64, 3, 23, 30, 83, 24, 41, 40, 52, 65, 27, 90, 70, 39, 87, 48, 69, 99, 4, 75, 1, 13, 58, 97, 59, 45, 8, 73, 37, 35, 79, 71, 66, 76, 32, 60, 80, 56, 6, 67, 61, 33, 7, 57, 34, 12, 16, 10, 98, 96, 88, 2, 81, 91, 43, 84, 29, 92, 19, 51, 89, 46, 25, 55, 72, 94, 38, 62, 0]|[2, 1, 2, 1, 1, 2, 1, 1, 1, 1, 1, 0, 2, 2, 1, 2, 0, 0, 0, 2, 2, 1, 0, 2, 0, 2, 2, 1, 0, 1, 1, 1, 0, 0, 1, 0, 2, 1, 2, 2, 0, 0, 1, 1, 0, 2, 0, 2, 1, 0, 0, 2, 0, 0, 2, 0, 1, 1, 0, 0, 2, 1, 1, 2, 2, 0, 2, 2, 2, 1, 2, 1, 1, 2, 0, 1, 1, 2, 1, 2, 0, 1, 0, 1, 1, 1, 0, 1, 0, 1, 1, 1, 0, 1, 0, 1, 2, 0, 1, 0]|[0, 3, 0, 3, 4, 1, 4, 4, 2, 4, 3, 2, 1, 0, 2, 1, 1, 1, 2, 1, 1, 3, 0, 1, 0, 1, 1, 4, 1, 4, 3, 2, 2, 0, 4, 1, 1, 4, 1, 1, 2, 1, 4, 4, 1, 1, 0, 1, 3, 2, 2, 1, 2, 1, 1, 2, 4, 3, 0, 2, 2, 3, 3, 1, 1, 2, 1, 1, 1, 4, 1, 3, 4, 1, 2, 4, 3, 1, 3, 1, 2, 4, 2, 4, 3, 4, 2, 3, 2, 4, 3, 4, 2, 4, 2, 4, 1, 2, 3, 2]|[0, 2, 0, 0, 3, 0, 1, 3, 0, 0, 2, 0, 1, 0, 1, 0, 0, 0, 1, 0, 0, 2, 0, 0, 1, 0, 0, 3, 0, 1, 0, 2, 0, 0, 3, 0, 1, 1, 0, 0, 0, 0, 1, 3, 0, 0, 1, 0, 2, 0, 0, 0, 0, 1, 1, 0, 1, 0, 1, 1, 0, 2, 0, 0, 0, 0, 0, 0, 0, 2, 0, 0, 1, 0, 0, 1, 0, 0, 3, 0, 0, 1, 0, 2, 0, 2, 0, 3, 0, 1, 0, 1, 0, 3, 0, 1, 0, 0, 0, 0],910.7008220716186,49430.60132439666,104576.75458248449,true
49,G3_TWC,G4_BALANCED,[31, 22, 42, 15, 26, 58, 95, 82, 77, 12, 47, 5, 93, 78, 98, 54, 85, 63, 18, 44, 20, 35, 43, 97, 91, 76, 10, 30, 21, 45, 71, 64, 1, 23, 17, 83, 24, 61, 60, 36, 6, 57, 94, 88, 65, 56, 79, 40, 67, 68, 46, 75, 38, 9, 19, 32, 81, 41, 27, 62, 87, 90, 99, 59, 11, 16, 72, 73, 70, 39, 37, 84, 3, 92, 25, 55, 28, 29, 51, 7, 33, 14, 86, 48, 89, 50, 66, 96, 53, 80, 4, 8, 74, 49, 0, 52, 13, 2, 69, 34]|[1, 1, 0, 1, 1, 1, 2, 1, 2, 1, 2, 2, 2, 1, 1, 0, 0, 1, 0, 2, 2, 0, 1, 2, 0, 1, 2, 2, 0, 0, 1, 2, 1, 2, 1, 0, 2, 0, 1, 1, 0, 1, 1, 1, 0, 2, 1, 1, 0, 0, 0, 0, 1, 1, 2, 1, 2, 0, 0, 0, 2, 1, 0, 1, 2, 1, 2, 1, 1, 1, 1, 1, 2, 0, 1, 1, 0, 0, 0, 1, 2, 1, 0, 0, 1, 0, 0, 2, 0, 0, 0, 1, 1, 0, 0, 1, 0, 0, 1, 2]|[4, 3, 2, 2, 0, 0, 2, 2, 2, 4, 1, 1, 2, 4, 4, 1, 1, 4, 2, 1, 1, 1, 1, 2, 1, 2, 1, 1, 1, 1, 3, 2, 3, 2, 4, 0, 1, 1, 0, 3, 2, 2, 4, 0, 1, 1, 0, 2, 0, 1, 2, 2, 1, 4, 0, 3, 2, 1, 1, 2, 1, 3, 1, 1, 1, 3, 0, 4, 3, 1, 4, 1, 1, 2, 4, 4, 2, 1, 1, 3, 1, 3, 1, 1, 1, 1, 1, 1, 2, 1, 2, 3, 4, 1, 2, 1, 2, 2, 3, 1]|[0, 2, 1, 1, 3, 3, 0, 1, 0, 0, 0, 0, 1, 0, 1, 0, 0, 3, 1, 0, 0, 0, 3, 1, 0, 2, 0, 0, 0, 1, 0, 0, 0, 0, 3, 0, 1, 0, 0, 2, 1, 1, 2, 0, 0, 0, 0, 1, 1, 0, 0, 0, 1, 3, 0, 0, 1, 0, 0, 1, 0, 2, 0, 1, 0, 2, 1, 0, 0, 1, 1, 3, 0, 1, 3, 3, 1, 0, 0, 2, 0, 0, 0, 0, 1, 0, 0, 0, 1, 0, 1, 2, 3, 1, 0, 1, 0, 0, 0, 0],788.9239406038722,57541.06416292548,89063.0793701813,true
49,G1_CMAX,G1_CMAX,[31, 22, 90, 26, 58, 95, 42, 12, 93, 5, 78, 86, 98, 18, 20, 35, 3, 97, 91, 76, 10, 85, 54, 45, 63, 71, 66, 1, 23, 17, 24, 60, 36, 6, 57, 15, 65, 56, 47, 79, 94, 67, 50, 46, 14, 75, 38, 9, 30, 19, 32, 81, 27, 92, 83, 87, 40, 99, 59, 11, 53, 16, 72, 77, 73, 70, 39, 37, 84, 43, 62, 25, 55, 28, 29, 51, 68, 82, 74, 61, 88, 21, 80, 89, 7, 69, 96, 41, 48, 4, 8, 34, 49, 52, 0, 44, 13, 2, 64, 33]|[1, 1, 1, 1, 0, 2, 1, 1, 2, 2, 2, 1, 0, 1, 2, 2, 1, 2, 0, 1, 2, 2, 2, 0, 0, 1, 2, 1, 2, 1, 2, 1, 1, 0, 1, 1, 0, 2, 2, 1, 1, 0, 0, 0, 0, 1, 1, 1, 1, 2, 1, 2, 2, 0, 0, 2, 1, 0, 0, 2, 0, 1, 2, 2, 1, 1, 1, 1, 1, 1, 0, 1, 1, 0, 0, 0, 0, 0, 2, 1, 1, 0, 0, 1, 1, 1, 2, 2, 0, 1, 1, 2, 0, 1, 0, 0, 0, 0, 2, 2]|[0, 4, 3, 0, 1, 1, 2, 4, 1, 1, 2, 4, 1, 4, 1, 1, 1, 2, 2, 2, 2, 1, 1, 1, 2, 3, 2, 3, 0, 4, 1, 0, 3, 2, 2, 2, 1, 1, 1, 0, 2, 0, 1, 2, 1, 3, 1, 4, 2, 0, 3, 2, 1, 2, 1, 1, 4, 1, 1, 1, 2, 3, 0, 2, 4, 3, 1, 4, 1, 1, 1, 4, 4, 2, 1, 1, 1, 2, 1, 3, 0, 1, 1, 1, 1, 3, 1, 1, 1, 4, 3, 1, 1, 1, 2, 2, 2, 2, 1, 1]|[3, 0, 2, 3, 0, 0, 1, 0, 0, 0, 1, 0, 0, 3, 0, 0, 1, 1, 1, 2, 1, 0, 0, 0, 0, 0, 0, 0, 0, 3, 1, 0, 2, 1, 1, 1, 0, 0, 0, 0, 1, 1, 0, 0, 0, 0, 1, 3, 2, 0, 0, 1, 0, 1, 0, 0, 2, 0, 0, 0, 1, 2, 1, 1, 0, 0, 1, 1, 3, 3, 0, 3, 3, 1, 0, 0, 0, 1, 0, 0, 0, 0, 0, 1, 2, 2, 0, 0, 0, 0, 2, 0, 1, 1, 0, 0, 0, 0, 0, 0],705.0470749739228,58445.79123614564,95781.2895945797,false
49,G4_BALANCED,G4_BALANCED,[31, 11, 15, 82, 26, 9, 95, 32, 77, 68, 47, 5, 93, 78, 86, 54, 85, 63, 18, 44, 20, 49, 36, 14, 74, 50, 53, 17, 21, 45, 71, 64, 3, 23, 30, 83, 24, 41, 60, 52, 65, 27, 90, 70, 39, 87, 48, 69, 99, 4, 46, 1, 13, 58, 97, 59, 28, 75, 73, 37, 35, 79, 22, 66, 76, 42, 40, 80, 96, 6, 16, 61, 33, 7, 57, 34, 12, 67, 10, 98, 56, 88, 29, 94, 91, 51, 19, 92, 43, 84, 38, 72, 81, 8, 2, 55, 62, 89, 25, 0]|[2, 1, 1, 2, 1, 2, 1, 1, 1, 1, 1, 0, 2, 2, 1, 2, 0, 0, 0, 2, 2, 1, 0, 2, 0, 2, 2, 1, 0, 1, 1, 1, 0, 0, 1, 0, 2, 1, 2, 2, 0, 0, 1, 1, 0, 2, 0, 2, 1, 0, 0, 2, 0, 0, 2, 0, 1, 0, 0, 0, 2, 1, 0, 2, 2, 0, 2, 2, 0, 1, 2, 1, 1, 2, 0, 1, 1, 1, 1, 2, 2, 1, 1, 2, 1, 1, 1, 0, 1, 0, 0, 1, 1, 1, 2, 0, 1, 1, 1, 0]|[1, 3, 2, 0, 4, 1, 4, 4, 2, 4, 3, 2, 1, 0, 2, 1, 1, 1, 2, 1, 1, 3, 0, 1, 0, 1, 1, 4, 1, 4, 3, 2, 2, 0, 4, 1, 1, 4, 0, 1, 2, 1, 4, 4, 1, 1, 0, 2, 3, 1, 2, 1, 2, 1, 1, 2, 4, 2, 0, 2, 2, 3, 1, 0, 1, 2, 0, 1, 2, 4, 1, 3, 4, 1, 2, 4, 3, 3, 3, 1, 1, 4, 3, 1, 3, 3, 4, 2, 4, 2, 2, 4, 1, 3, 1, 2, 3, 4, 4, 2]|[1, 2, 1, 0, 3, 0, 1, 3, 0, 0, 2, 0, 1, 0, 1, 0, 0, 0, 1, 0, 0, 2, 0, 0, 1, 0, 0, 3, 0, 1, 0, 2, 0, 1, 3, 0, 1, 3, 1, 0, 0, 0, 1, 3, 0, 0, 1, 0, 2, 0, 0, 0, 0, 0, 1, 0, 1, 0, 1, 1, 0, 2, 0, 0, 0, 0, 0, 0, 0, 2, 0, 0, 1, 0, 0, 1, 0, 0, 3, 0, 0, 1, 0, 0, 0, 0, 3, 0, 2, 0, 0, 2, 1, 0, 0, 0, 0, 1, 3, 0],836.569815134707,52504.092339752446,107095.57005228325,false
49,G2_TEC,G2_TEC,[31, 22, 82, 15, 26, 9, 95, 42, 77, 68, 47, 5, 93, 78, 86, 54, 85, 63, 18, 44, 20, 49, 36, 14, 74, 50, 53, 17, 21, 28, 11, 64, 3, 23, 30, 83, 24, 41, 40, 52, 65, 27, 90, 70, 39, 87, 48, 69, 99, 4, 75, 1, 13, 58, 97, 59, 45, 8, 73, 37, 35, 79, 71, 66, 76, 32, 60, 80, 56, 6, 67, 61, 33, 7, 57, 34, 12, 16, 10, 98, 96, 88, 43, 81, 91, 2, 84, 29, 92, 19, 51, 55, 89, 25, 72, 46, 94, 38, 62, 0]|[2, 1, 2, 1, 1, 2, 1, 1, 1, 1, 1, 0, 2, 2, 1, 2, 0, 0, 0, 2, 2, 1, 0, 2, 0, 2, 2, 1, 0, 1, 1, 1, 0, 0, 1, 0, 2, 1, 2, 2, 0, 0, 1, 1, 0, 2, 0, 2, 1, 0, 0, 2, 0, 2, 2, 0, 1, 1, 0, 0, 2, 1, 1, 2, 2, 0, 2, 2, 2, 1, 2, 1, 1, 2, 0, 1, 1, 2, 1, 2, 0, 1, 1, 1, 1, 0, 0, 1, 0, 1, 1, 0, 1, 1, 1, 0, 2, 0, 1, 0]|[0, 3, 0, 3, 4, 1, 4, 4, 4, 4, 3, 2, 1, 0, 2, 1, 1, 1, 2, 1, 1, 3, 0, 1, 0, 1, 1, 4, 1, 4, 3, 2, 2, 0, 4, 1, 1, 4, 1, 1, 2, 1, 4, 4, 1, 1, 0, 1, 3, 2, 2, 1, 2, 1, 1, 2, 4, 3, 0, 2, 1, 3, 3, 1, 1, 2, 1, 1, 1, 4, 1, 3, 4, 1, 2, 4, 3, 1, 3, 1, 2, 4, 4, 4, 3, 2, 2, 3, 2, 4, 3, 2, 4, 4, 4, 2, 1, 2, 3, 2]|[0, 2, 0, 0, 3, 0, 1, 3, 1, 0, 2, 0, 1, 0, 1, 0, 0, 0, 1, 0, 0, 2, 0, 0, 1, 0, 0, 3, 0, 1, 0, 2, 0, 0, 3, 0, 1, 1, 0, 0, 0, 0, 1, 3, 0, 0, 1, 0, 2, 0, 0, 0, 0, 0, 1, 0, 1, 0, 1, 1, 0, 2, 0, 0, 0, 0, 0, 0, 0, 2, 0, 0, 1, 0, 0, 1, 0, 0, 3, 0, 0, 1, 2, 2, 0, 0, 0, 3, 0, 1, 0, 0, 1, 3, 1, 0, 0, 0, 0, 0],910.6024065900936,48491.8951558845,107376.01945264004,false
49,G3_TWC,G3_TWC,[31, 22, 42, 15, 26, 58, 95, 82, 77, 12, 47, 5, 93, 78, 98, 54, 85, 63, 18, 44, 20, 35, 43, 97, 91, 76, 10, 30, 21, 45, 71, 64, 1, 23, 17, 83, 24, 61, 60, 36, 6, 57, 94, 88, 65, 56, 79, 40, 67, 68, 46, 75, 38, 9, 19, 32, 81, 41, 27, 62, 87, 90, 99, 59, 11, 16, 72, 73, 70, 39, 37, 84, 3, 92, 25, 74, 28, 29, 51, 7, 53, 14, 86, 48, 89, 50, 66, 96, 33, 80, 4, 8, 55, 49, 0, 52, 69, 2, 13, 34]|[1, 1, 0, 1, 1, 1, 2, 1, 2, 1, 2, 2, 2, 1, 1, 0, 0, 1, 0, 2, 2, 0, 1, 2, 0, 1, 2, 2, 0, 0, 1, 2, 1, 2, 1, 0, 2, 0, 1, 1, 0, 1, 1, 1, 0, 2, 1, 1, 0, 0, 0, 0, 1, 1, 2, 1, 2, 0, 0, 0, 2, 1, 0, 1, 2, 1, 2, 1, 1, 1, 1, 1, 2, 0, 1, 2, 0, 0, 0, 1, 0, 1, 0, 0, 1, 0, 0, 0, 2, 0, 0, 1, 1, 0, 0, 1, 1, 0, 0, 2]|[4, 3, 2, 2, 0, 0, 2, 2, 2, 4, 1, 1, 2, 4, 4, 1, 1, 4, 2, 1, 1, 1, 1, 2, 1, 2, 1, 1, 1, 1, 3, 2, 3, 0, 4, 0, 1, 1, 0, 3, 2, 2, 4, 0, 1, 1, 3, 2, 0, 1, 2, 2, 1, 4, 0, 3, 2, 1, 1, 2, 1, 3, 1, 1, 1, 3, 0, 4, 3, 1, 4, 1, 1, 2, 4, 1, 2, 1, 1, 3, 2, 3, 1, 1, 1, 1, 1, 1, 1, 1, 2, 3, 4, 1, 2, 1, 3, 2, 2, 1]|[0, 2, 1, 1, 3, 3, 0, 1, 0, 0, 0, 0, 1, 0, 1, 0, 0, 3, 1, 0, 0, 0, 3, 1, 0, 2, 0, 0, 0, 1, 0, 0, 0, 0, 3, 0, 1, 0, 0, 2, 1, 1, 2, 0, 0, 0, 0, 1, 1, 0, 0, 0, 1, 3, 0, 0, 1, 0, 0, 1, 0, 2, 0, 1, 0, 2, 1, 0, 0, 1, 1, 3, 0, 1, 3, 0, 1, 0, 0, 2, 1, 0, 0, 0, 1, 0, 0, 0, 0, 0, 1, 2, 3, 1, 0, 1, 0, 0, 0, 0],802.5281847645216,57652.86795409501,87938.17744329936,false
49,G1_CMAX,G1_CMAX,[31, 22, 90, 26, 58, 95, 42, 12, 93, 5, 78, 86, 98, 18, 20, 35, 3, 97, 91, 76, 10, 85, 54, 45, 63, 71, 66, 1, 23, 17, 24, 60, 36, 6, 57, 15, 65, 56, 47, 79, 94, 67, 50, 46, 14, 75, 38, 9, 30, 19, 32, 81, 27, 92, 83, 87, 40, 99, 59, 11, 53, 16, 72, 77, 73, 70, 39, 37, 84, 43, 62, 25, 55, 28, 29, 51, 68, 82, 74, 61, 88, 21, 80, 89, 7, 69, 96, 41, 48, 4, 8, 34, 49, 52, 0, 44, 13, 2, 64, 33]|[1, 1, 1, 1, 0, 2, 1, 1, 2, 2, 2, 1, 0, 1, 2, 2, 1, 2, 0, 1, 2, 2, 2, 0, 0, 1, 2, 1, 2, 1, 2, 1, 1, 0, 1, 1, 0, 2, 2, 1, 1, 0, 0, 0, 0, 1, 1, 1, 1, 2, 1, 2, 2, 0, 0, 2, 1, 0, 0, 2, 0, 1, 2, 2, 1, 1, 1, 1, 1, 1, 0, 1, 1, 0, 0, 0, 0, 0, 2, 1, 1, 0, 0, 1, 1, 1, 2, 2, 0, 1, 1, 2, 0, 1, 0, 0, 0, 0, 2, 2]|[0, 4, 3, 0, 1, 1, 2, 4, 1, 1, 2, 4, 1, 4, 1, 1, 1, 2, 2, 2, 2, 1, 1, 1, 2, 3, 2, 3, 0, 4, 1, 0, 3, 2, 2, 2, 1, 1, 1, 0, 2, 0, 1, 2, 1, 3, 1, 4, 2, 0, 3, 2, 1, 2, 1, 1, 4, 1, 1, 1, 2, 3, 0, 2, 4, 3, 1, 4, 1, 1, 1, 4, 4, 2, 1, 1, 1, 2, 1, 3, 0, 1, 1, 1, 1, 3, 1, 1, 1, 4, 3, 1, 1, 1, 2, 2, 2, 2, 1, 1]|[3, 0, 2, 3, 0, 0, 1, 0, 0, 0, 1, 0, 0, 3, 0, 0, 1, 1, 1, 2, 1, 0, 0, 0, 0, 0, 0, 0, 0, 3, 1, 0, 2, 1, 1, 1, 0, 0, 0, 0, 1, 1, 0, 0, 0, 0, 1, 3, 2, 0, 0, 1, 0, 1, 0, 0, 2, 0, 0, 0, 1, 2, 1, 1, 0, 0, 1, 1, 3, 3, 0, 3, 3, 1, 0, 0, 0, 1, 0, 0, 0, 0, 0, 1, 2, 2, 0, 0, 0, 0, 2, 0, 1, 1, 0, 0, 0, 0, 0, 0],705.0470749739228,58445.79123614564,95781.2895945797,false
49,G4_BALANCED,G4_BALANCED,[31, 11, 15, 82, 26, 9, 95, 32, 77, 68, 47, 5, 93, 78, 86, 54, 85, 63, 18, 44, 20, 49, 36, 14, 74, 50, 53, 17, 21, 45, 71, 64, 3, 23, 30, 83, 24, 41, 60, 52, 65, 27, 90, 70, 39, 87, 48, 69, 99, 4, 46, 1, 13, 58, 97, 59, 28, 75, 73, 37, 35, 79, 22, 66, 76, 42, 40, 80, 96, 6, 16, 61, 33, 7, 57, 34, 12, 67, 10, 98, 56, 88, 29, 94, 91, 51, 19, 92, 43, 84, 38, 72, 81, 8, 2, 55, 62, 89, 25, 0]|[2, 1, 1, 2, 1, 2, 1, 1, 1, 1, 1, 0, 2, 2, 1, 2, 0, 0, 0, 2, 2, 1, 0, 2, 0, 2, 2, 1, 0, 1, 1, 1, 0, 0, 1, 0, 2, 1, 2, 2, 0, 0, 1, 1, 0, 2, 0, 2, 1, 0, 0, 2, 0, 0, 2, 0, 1, 0, 0, 0, 2, 1, 0, 2, 2, 0, 2, 2, 0, 1, 2, 1, 1, 2, 0, 1, 1, 1, 1, 2, 2, 1, 1, 2, 1, 1, 1, 0, 1, 0, 0, 1, 1, 1, 2, 0, 1, 1, 1, 0]|[1, 3, 2, 0, 4, 1, 4, 4, 2, 4, 3, 2, 1, 0, 2, 1, 1, 1, 2, 1, 1, 3, 0, 1, 0, 1, 1, 4, 1, 4, 3, 2, 2, 0, 4, 1, 1, 4, 0, 1, 2, 1, 4, 4, 1, 1, 0, 2, 3, 1, 2, 1, 2, 1, 1, 2, 4, 2, 0, 2, 2, 3, 1, 0, 1, 2, 0, 1, 2, 4, 1, 3, 4, 1, 2, 4, 3, 3, 3, 1, 1, 4, 3, 1, 3, 3, 4, 2, 4, 2, 2, 4, 1, 3, 1, 2, 3, 4, 4, 2]|[1, 2, 1, 0, 3, 0, 1, 3, 0, 0, 2, 0, 1, 0, 1, 0, 0, 0, 1, 0, 0, 2, 0, 0, 1, 0, 0, 3, 0, 1, 0, 2, 0, 1, 3, 0, 1, 3, 1, 0, 0, 0, 1, 3, 0, 0, 1, 0, 2, 0, 0, 0, 0, 0, 1, 0, 1, 0, 1, 1, 0, 2, 0, 0, 0, 0, 0, 0, 0, 2, 0, 0, 1, 0, 0, 1, 0, 0, 3, 0, 0, 1, 0, 0, 0, 0, 3, 0, 2, 0, 0, 2, 1, 0, 0, 0, 0, 1, 3, 0],836.569815134707,52504.092339752446,107095.57005228325,false
49,G2_TEC,G2_TEC,[31, 22, 82, 15, 26, 9, 95, 42, 77, 68, 47, 5, 93, 78, 86, 54, 85, 63, 18, 44, 20, 49, 36, 14, 74, 50, 53, 17, 21, 28, 11, 64, 3, 23, 30, 83, 24, 41, 40, 52, 65, 27, 90, 70, 39, 87, 48, 69, 99, 4, 75, 1, 13, 58, 97, 59, 45, 8, 73, 37, 35, 79, 71, 66, 76, 32, 60, 80, 56, 6, 67, 61, 33, 7, 57, 34, 12, 16, 10, 98, 96, 88, 43, 81, 91, 2, 84, 29, 92, 19, 51, 55, 89, 25, 72, 46, 94, 38, 62, 0]|[2, 1, 2, 1, 1, 2, 1, 1, 1, 1, 1, 0, 2, 2, 1, 2, 0, 0, 0, 2, 2, 1, 0, 2, 0, 2, 2, 1, 0, 1, 1, 1, 0, 0, 1, 0, 2, 1, 2, 2, 0, 0, 1, 1, 0, 2, 0, 2, 1, 0, 0, 2, 0, 2, 2, 0, 1, 1, 0, 0, 2, 1, 1, 2, 2, 0, 2, 2, 2, 1, 2, 1, 1, 2, 0, 1, 1, 2, 1, 2, 0, 1, 1, 1, 1, 0, 0, 1, 0, 1, 1, 0, 1, 1, 1, 0, 2, 0, 1, 0]|[0, 3, 0, 3, 4, 1, 4, 4, 4, 4, 3, 2, 1, 0, 2, 1, 1, 1, 2, 1, 1, 3, 0, 1, 0, 1, 1, 4, 1, 4, 3, 2, 2, 0, 4, 1, 1, 4, 1, 1, 2, 1, 4, 4, 1, 1, 0, 1, 3, 2, 2, 1, 2, 1, 1, 2, 4, 3, 0, 2, 1, 3, 3, 1, 1, 2, 1, 1, 1, 4, 1, 3, 4, 1, 2, 4, 3, 1, 3, 1, 2, 4, 4, 4, 3, 2, 2, 3, 2, 4, 3, 2, 4, 4, 4, 2, 1, 2, 3, 2]|[0, 2, 0, 0, 3, 0, 1, 3, 1, 0, 2, 0, 1, 0, 1, 0, 0, 0, 1, 0, 0, 2, 0, 0, 1, 0, 0, 3, 0, 1, 0, 2, 0, 0, 3, 0, 1, 1, 0, 0, 0, 0, 1, 3, 0, 0, 1, 0, 2, 0, 0, 0, 0, 0, 1, 0, 1, 0, 1, 1, 0, 2, 0, 0, 0, 0, 0, 0, 0, 2, 0, 0, 1, 0, 0, 1, 0, 0, 3, 0, 0, 1, 2, 2, 0, 0, 0, 3, 0, 1, 0, 0, 1, 3, 1, 0, 0, 0, 0, 0],910.6024065900936,48491.8951558845,107376.01945264004,false
49,G3_TWC,G3_TWC,[31, 22, 42, 15, 26, 58, 95, 82, 77, 12, 47, 5, 93, 78, 98, 54, 85, 63, 18, 44, 20, 35, 43, 97, 91, 76, 10, 30, 21, 45, 71, 64, 1, 23, 17, 83, 24, 61, 60, 36, 6, 57, 94, 88, 65, 56, 79, 40, 67, 68, 46, 75, 38, 9, 19, 32, 81, 41, 27, 62, 87, 90, 99, 59, 11, 16, 72, 73, 70, 39, 37, 84, 3, 92, 25, 74, 28, 29, 51, 7, 53, 14, 86, 48, 89, 50, 66, 96, 33, 80, 4, 8, 55, 49, 0, 52, 69, 2, 13, 34]|[1, 1, 0, 1, 1, 1, 2, 1, 2, 1, 2, 2, 2, 1, 1, 0, 0, 1, 0, 2, 2, 0, 1, 2, 0, 1, 2, 2, 0, 0, 1, 2, 1, 2, 1, 0, 2, 0, 1, 1, 0, 1, 1, 1, 0, 2, 1, 1, 0, 0, 0, 0, 1, 1, 2, 1, 2, 0, 0, 0, 2, 1, 0, 1, 2, 1, 2, 1, 1, 1, 1, 1, 2, 0, 1, 2, 0, 0, 0, 1, 0, 1, 0, 0, 1, 0, 0, 0, 2, 0, 0, 1, 1, 0, 0, 1, 1, 0, 0, 2]|[4, 3, 2, 2, 0, 0, 2, 2, 2, 4, 1, 1, 2, 4, 4, 1, 1, 4, 2, 1, 1, 1, 1, 2, 1, 2, 1, 1, 1, 1, 3, 2, 3, 0, 4, 0, 1, 1, 0, 3, 2, 2, 4, 0, 1, 1, 3, 2, 0, 1, 2, 2, 1, 4, 0, 3, 2, 1, 1, 2, 1, 3, 1, 1, 1, 3, 0, 4, 3, 1, 4, 1, 1, 2, 4, 1, 2, 1, 1, 3, 2, 3, 1, 1, 1, 1, 1, 1, 1, 1, 2, 3, 4, 1, 2, 1, 3, 2, 2, 1]|[0, 2, 1, 1, 3, 3, 0, 1, 0, 0, 0, 0, 1, 0, 1, 0, 0, 3, 1, 0, 0, 0, 3, 1, 0, 2, 0, 0, 0, 1, 0, 0, 0, 0, 3, 0, 1, 0, 0, 2, 1, 1, 2, 0, 0, 0, 0, 1, 1, 0, 0, 0, 1, 3, 0, 0, 1, 0, 0, 1, 0, 2, 0, 1, 0, 2, 1, 0, 0, 1, 1, 3, 0, 1, 3, 0, 1, 0, 0, 2, 1, 0, 0, 0, 1, 0, 0, 0, 0, 0, 1, 2, 3, 1, 0, 1, 0, 0, 0, 0],802.5281847645216,57652.86795409501,87938.17744329936,false
49,G1_CMAX,G1_CMAX,[31, 22, 90, 26, 58, 95, 42, 12, 93, 5, 78, 86, 98, 18, 20, 35, 3, 97, 91, 76, 10, 85, 54, 45, 63, 71, 66, 1, 23, 17, 24, 60, 36, 6, 57, 15, 65, 56, 47, 79, 94, 67, 50, 46, 14, 75, 38, 9, 30, 19, 32, 81, 27, 92, 83, 87, 40, 99, 59, 11, 53, 16, 72, 77, 73, 70, 39, 37, 84, 43, 62, 25, 55, 28, 29, 51, 68, 82, 74, 61, 88, 21, 80, 89, 7, 69, 96, 41, 48, 4, 8, 34, 49, 52, 0, 44, 13, 2, 64, 33]|[1, 1, 1, 1, 0, 2, 1, 1, 2, 2, 2, 1, 0, 1, 2, 2, 1, 2, 0, 1, 2, 2, 2, 0, 0, 1, 2, 1, 2, 1, 2, 1, 1, 0, 1, 1, 0, 2, 2, 1, 1, 0, 0, 0, 0, 1, 1, 1, 1, 2, 1, 2, 2, 0, 0, 2, 1, 0, 0, 2, 0, 1, 2, 2, 1, 1, 1, 1, 1, 1, 0, 1, 1, 0, 0, 0, 0, 0, 2, 1, 1, 0, 0, 1, 1, 1, 2, 2, 0, 1, 1, 2, 0, 1, 0, 0, 0, 0, 2, 2]|[0, 4, 3, 0, 1, 1, 2, 4, 1, 1, 2, 4, 1, 4, 1, 1, 1, 2, 2, 2, 2, 1, 1, 1, 2, 3, 2, 3, 0, 4, 1, 0, 3, 2, 2, 2, 1, 1, 1, 0, 2, 0, 1, 2, 1, 3, 1, 4, 2, 0, 3, 2, 1, 2, 1, 1, 4, 1, 1, 1, 2, 3, 0, 2, 4, 3, 1, 4, 1, 1, 1, 4, 4, 2, 1, 1, 1, 2, 1, 3, 0, 1, 1, 1, 1, 3, 1, 1, 1, 4, 3, 1, 1, 1, 2, 2, 2, 2, 1, 1]|[3, 0, 2, 3, 0, 0, 1, 0, 0, 0, 1, 0, 0, 3, 0, 0, 1, 1, 1, 2, 1, 0, 0, 0, 0, 0, 0, 0, 0, 3, 1, 0, 2, 1, 1, 1, 0, 0, 0, 0, 1, 1, 0, 0, 0, 0, 1, 3, 2, 0, 0, 1, 0, 1, 0, 0, 2, 0, 0, 0, 1, 2, 1, 1, 0, 0, 1, 1, 3, 3, 0, 3, 3, 1, 0, 0, 0, 1, 0, 0, 0, 0, 0, 1, 2, 2, 0, 0, 0, 0, 2, 0, 1, 1, 0, 0, 0, 0, 0, 0],705.0470749739228,58445.79123614564,95781.2895945797,false
49,G4_BALANCED,G4_BALANCED,[31, 11, 15, 82, 26, 9, 95, 32, 77, 68, 47, 5, 93, 78, 86, 54, 85, 63, 18, 44, 20, 49, 36, 14, 74, 50, 53, 17, 21, 45, 71, 64, 3, 23, 30, 83, 24, 41, 60, 52, 65, 27, 90, 70, 39, 87, 48, 69, 99, 4, 46, 1, 13, 58, 97, 59, 28, 75, 73, 37, 35, 79, 22, 66, 76, 42, 40, 80, 96, 6, 16, 61, 33, 7, 57, 34, 12, 67, 10, 98, 56, 88, 29, 94, 91, 51, 19, 92, 43, 84, 38, 72, 81, 8, 2, 55, 62, 89, 25, 0]|[2, 1, 1, 2, 1, 2, 1, 1, 1, 1, 1, 0, 2, 2, 1, 2, 0, 0, 0, 2, 2, 1, 0, 2, 0, 2, 2, 1, 0, 1, 1, 1, 0, 0, 1, 0, 2, 1, 2, 2, 0, 0, 1, 1, 0, 2, 0, 2, 1, 0, 0, 2, 0, 0, 2, 0, 1, 0, 0, 0, 2, 1, 0, 2, 2, 0, 2, 2, 0, 1, 2, 1, 1, 2, 0, 1, 1, 1, 1, 2, 2, 1, 1, 2, 1, 1, 1, 0, 1, 0, 0, 1, 1, 1, 2, 0, 1, 1, 1, 0]|[1, 3, 2, 0, 4, 1, 4, 4, 2, 4, 3, 2, 1, 0, 2, 1, 1, 1, 2, 1, 1, 3, 0, 1, 0, 1, 1, 4, 1, 4, 3, 2, 2, 0, 4, 1, 1, 4, 0, 1, 2, 1, 4, 4, 1, 1, 0, 2, 3, 1, 2, 1, 2, 1, 1, 2, 4, 2, 0, 2, 2, 3, 1, 0, 1, 2, 0, 1, 2, 4, 1, 3, 4, 1, 2, 4, 3, 3, 3, 1, 1, 4, 3, 1, 3, 3, 4, 2, 4, 2, 2, 4, 1, 3, 1, 2, 3, 4, 4, 2]|[1, 2, 1, 0, 3, 0, 1, 3, 0, 0, 2, 0, 1, 0, 1, 0, 0, 0, 1, 0, 0, 2, 0, 0, 1, 0, 0, 3, 0, 1, 0, 2, 0, 1, 3, 0, 1, 3, 1, 0, 0, 0, 1, 3, 0, 0, 1, 0, 2, 0, 0, 0, 0, 0, 1, 0, 1, 0, 1, 1, 0, 2, 0, 0, 0, 0, 0, 0, 0, 2, 0, 0, 1, 0, 0, 1, 0, 0, 3, 0, 0, 1, 0, 0, 0, 0, 3, 0, 2, 0, 0, 2, 1, 0, 0, 0, 0, 1, 3, 0],836.569815134707,52504.092339752446,107095.57005228325,false
49,G2_TEC,G2_TEC,[31, 22, 82, 15, 26, 9, 95, 42, 77, 68, 47, 5, 93, 78, 86, 54, 85, 63, 18, 44, 20, 49, 36, 14, 74, 50, 53, 17, 21, 28, 11, 64, 3, 23, 30, 83, 24, 41, 40, 52, 65, 27, 90, 70, 39, 87, 48, 69, 99, 4, 75, 1, 13, 58, 97, 59, 45, 8, 73, 37, 35, 79, 71, 66, 76, 32, 60, 80, 56, 6, 67, 61, 33, 7, 57, 34, 12, 16, 10, 98, 96, 88, 43, 81, 91, 2, 84, 29, 92, 19, 51, 55, 89, 25, 72, 46, 94, 38, 62, 0]|[2, 1, 2, 1, 1, 2, 1, 1, 1, 1, 1, 0, 2, 2, 1, 2, 0, 0, 0, 2, 2, 1, 0, 2, 0, 2, 2, 1, 0, 1, 1, 1, 0, 0, 1, 0, 2, 1, 2, 2, 0, 0, 1, 1, 0, 2, 0, 2, 1, 0, 0, 2, 0, 2, 2, 0, 1, 1, 0, 0, 2, 1, 1, 2, 2, 0, 2, 2, 2, 1, 2, 1, 1, 2, 0, 1, 1, 2, 1, 2, 0, 1, 1, 1, 1, 0, 0, 1, 0, 1, 1, 0, 1, 1, 1, 0, 2, 0, 1, 0]|[0, 3, 0, 3, 4, 1, 4, 4, 4, 4, 3, 2, 1, 0, 2, 1, 1, 1, 2, 1, 1, 3, 0, 1, 0, 1, 1, 4, 1, 4, 3, 2, 2, 0, 4, 1, 1, 4, 1, 1, 2, 1, 4, 4, 1, 1, 0, 1, 3, 2, 2, 1, 2, 1, 1, 2, 4, 3, 0, 2, 1, 3, 3, 1, 1, 2, 1, 1, 1, 4, 1, 3, 4, 1, 2, 4, 3, 1, 3, 1, 2, 4, 4, 4, 3, 2, 2, 3, 2, 4, 3, 2, 4, 4, 4, 2, 1, 2, 3, 2]|[0, 2, 0, 0, 3, 0, 1, 3, 1, 0, 2, 0, 1, 0, 1, 0, 0, 0, 1, 0, 0, 2, 0, 0, 1, 0, 0, 3, 0, 1, 0, 2, 0, 0, 3, 0, 1, 1, 0, 0, 0, 0, 1, 3, 0, 0, 1, 0, 2, 0, 0, 0, 0, 0, 1, 0, 1, 0, 1, 1, 0, 2, 0, 0, 0, 0, 0, 0, 0, 2, 0, 0, 1, 0, 0, 1, 0, 0, 3, 0, 0, 1, 2, 2, 0, 0, 0, 3, 0, 1, 0, 0, 1, 3, 1, 0, 0, 0, 0, 0],910.6024065900936,48491.8951558845,107376.01945264004,false
49,G3_TWC,G3_TWC,[31, 22, 42, 15, 26, 58, 95, 82, 77, 12, 47, 5, 93, 78, 98, 54, 85, 63, 18, 44, 20, 35, 43, 97, 91, 76, 10, 30, 21, 45, 71, 64, 1, 23, 17, 83, 24, 61, 60, 36, 6, 57, 94, 88, 65, 56, 79, 40, 67, 68, 46, 75, 38, 9, 19, 32, 81, 41, 27, 62, 87, 90, 99, 59, 11, 16, 72, 73, 70, 39, 37, 84, 3, 92, 25, 74, 28, 29, 51, 7, 53, 14, 86, 48, 89, 50, 66, 96, 33, 80, 4, 8, 55, 49, 0, 52, 69, 2, 13, 34]|[1, 1, 0, 1, 1, 1, 2, 1, 2, 1, 2, 2, 2, 1, 1, 0, 0, 1, 0, 2, 2, 0, 1, 2, 0, 1, 2, 2, 0, 0, 1, 2, 1, 2, 1, 0, 2, 0, 1, 1, 0, 1, 1, 1, 0, 2, 1, 1, 0, 0, 0, 0, 1, 1, 2, 1, 2, 0, 0, 0, 2, 1, 0, 1, 2, 1, 2, 1, 1, 1, 1, 1, 2, 0, 1, 2, 0, 0, 0, 1, 0, 1, 0, 0, 1, 0, 0, 0, 2, 0, 0, 1, 1, 0, 0, 1, 1, 0, 0, 2]|[4, 3, 2, 2, 0, 0, 2, 2, 2, 4, 1, 1, 2, 4, 4, 1, 1, 4, 2, 1, 1, 1, 1, 2, 1, 2, 1, 1, 1, 1, 3, 2, 3, 0, 4, 0, 1, 1, 0, 3, 2, 2, 4, 0, 1, 1, 3, 2, 0, 1, 2, 2, 1, 4, 0, 3, 2, 1, 1, 2, 1, 3, 1, 1, 1, 3, 0, 4, 3, 1, 4, 1, 1, 2, 4, 1, 2, 1, 1, 3, 2, 3, 1, 1, 1, 1, 1, 1, 1, 1, 2, 3, 4, 1, 2, 1, 3, 2, 2, 1]|[0, 2, 1, 1, 3, 3, 0, 1, 0, 0, 0, 0, 1, 0, 1, 0, 0, 3, 1, 0, 0, 0, 3, 1, 0, 2, 0, 0, 0, 1, 0, 0, 0, 0, 3, 0, 1, 0, 0, 2, 1, 1, 2, 0, 0, 0, 0, 1, 1, 0, 0, 0, 1, 3, 0, 0, 1, 0, 0, 1, 0, 2, 0, 1, 0, 2, 1, 0, 0, 1, 1, 3, 0, 1, 3, 0, 1, 0, 0, 2, 1, 0, 0, 0, 1, 0, 0, 0, 0, 0, 1, 2, 3, 1, 0, 1, 0, 0, 0, 0],802.5281847645216,57652.86795409501,87938.17744329936,false
49,G1_CMAX,G1_CMAX,[31, 22, 90, 26, 58, 95, 42, 12, 93, 5, 78, 86, 98, 18, 20, 35, 3, 97, 91, 76, 10, 85, 54, 45, 63, 71, 66, 1, 23, 17, 24, 60, 36, 6, 57, 15, 65, 56, 47, 79, 94, 67, 50, 46, 14, 75, 38, 9, 30, 19, 32, 81, 27, 92, 83, 87, 40, 99, 59, 11, 53, 16, 72, 77, 73, 70, 39, 37, 84, 43, 62, 25, 55, 28, 29, 51, 68, 82, 74, 61, 88, 21, 80, 89, 7, 69, 96, 41, 48, 4, 8, 34, 49, 52, 0, 44, 13, 2, 64, 33]|[1, 1, 1, 1, 0, 2, 1, 1, 2, 2, 2, 1, 0, 1, 2, 2, 1, 2, 0, 1, 2, 2, 2, 0, 0, 1, 2, 1, 2, 1, 2, 1, 1, 0, 1, 1, 0, 2, 2, 1, 1, 0, 0, 0, 0, 1, 1, 1, 1, 2, 1, 2, 2, 0, 0, 2, 1, 0, 0, 2, 0, 1, 2, 2, 1, 1, 1, 1, 1, 1, 0, 1, 1, 0, 0, 0, 0, 0, 2, 1, 1, 0, 0, 1, 1, 1, 2, 2, 0, 1, 1, 2, 0, 1, 0, 0, 0, 0, 2, 2]|[0, 4, 3, 0, 1, 1, 2, 4, 1, 1, 2, 4, 1, 4, 1, 1, 1, 2, 2, 2, 2, 1, 1, 1, 2, 3, 2, 3, 0, 4, 1, 0, 3, 2, 2, 2, 1, 1, 1, 0, 2, 0, 1, 2, 1, 3, 1, 4, 2, 0, 3, 2, 1, 2, 1, 1, 4, 1, 1, 1, 2, 3, 0, 2, 4, 3, 1, 4, 1, 1, 1, 4, 4, 2, 1, 1, 1, 2, 1, 3, 0, 1, 1, 1, 1, 3, 1, 1, 1, 4, 3, 1, 1, 1, 2, 2, 2, 2, 1, 1]|[3, 0, 2, 3, 0, 0, 1, 0, 0, 0, 1, 0, 0, 3, 0, 0, 1, 1, 1, 2, 1, 0, 0, 0, 0, 0, 0, 0, 0, 3, 1, 0, 2, 1, 1, 1, 0, 0, 0, 0, 1, 1, 0, 0, 0, 0, 1, 3, 2, 0, 0, 1, 0, 1, 0, 0, 2, 0, 0, 0, 1, 2, 1, 1, 0, 0, 1, 1, 3, 3, 0, 3, 3, 1, 0, 0, 0, 1, 0, 0, 0, 0, 0, 1, 2, 2, 0, 0, 0, 0, 2, 0, 1, 1, 0, 0, 0, 0, 0, 0],705.0470749739228,58445.79123614564,95781.2895945797,false
49,G4_BALANCED,G4_BALANCED,[31, 11, 15, 82, 26, 9, 95, 32, 77, 68, 47, 5, 93, 78, 86, 54, 85, 63, 18, 44, 20, 49, 36, 14, 74, 50, 53, 17, 21, 45, 71, 64, 3, 23, 30, 83, 24, 41, 60, 52, 65, 27, 90, 70, 39, 87, 48, 69, 99, 4, 46, 1, 13, 58, 97, 59, 28, 75, 73, 37, 35, 79, 22, 66, 76, 42, 40, 80, 96, 6, 16, 61, 33, 7, 57, 34, 12, 67, 10, 98, 56, 88, 29, 94, 91, 51, 19, 92, 43, 84, 38, 72, 81, 8, 2, 55, 62, 89, 25, 0]|[2, 1, 1, 2, 1, 2, 1, 1, 1, 1, 1, 0, 2, 2, 1, 2, 0, 0, 0, 2, 2, 1, 0, 2, 0, 2, 2, 1, 0, 1, 1, 1, 0, 0, 1, 0, 2, 1, 2, 2, 0, 0, 1, 1, 0, 2, 0, 2, 1, 0, 0, 2, 0, 0, 2, 0, 1, 0, 0, 0, 2, 1, 0, 2, 2, 0, 2, 2, 0, 1, 2, 1, 1, 2, 0, 1, 1, 1, 1, 2, 2, 1, 1, 2, 1, 1, 1, 0, 1, 0, 0, 1, 1, 1, 2, 0, 1, 1, 1, 0]|[1, 3, 2, 0, 4, 1, 4, 4, 2, 4, 3, 2, 1, 0, 2, 1, 1, 1, 2, 1, 1, 3, 0, 1, 0, 1, 1, 4, 1, 4, 3, 2, 2, 0, 4, 1, 1, 4, 0, 1, 2, 1, 4, 4, 1, 1, 0, 2, 3, 1, 2, 1, 2, 1, 1, 2, 4, 2, 0, 2, 2, 3, 1, 0, 1, 2, 0, 1, 2, 4, 1, 3, 4, 1, 2, 4, 3, 3, 3, 1, 1, 4, 3, 1, 3, 3, 4, 2, 4, 2, 2, 4, 1, 3, 1, 2, 3, 4, 4, 2]|[1, 2, 1, 0, 3, 0, 1, 3, 0, 0, 2, 0, 1, 0, 1, 0, 0, 0, 1, 0, 0, 2, 0, 0, 1, 0, 0, 3, 0, 1, 0, 2, 0, 1, 3, 0, 1, 3, 1, 0, 0, 0, 1, 3, 0, 0, 1, 0, 2, 0, 0, 0, 0, 0, 1, 0, 1, 0, 1, 1, 0, 2, 0, 0, 0, 0, 0, 0, 0, 2, 0, 0, 1, 0, 0, 1, 0, 0, 3, 0, 0, 1, 0, 0, 0, 0, 3, 0, 2, 0, 0, 2, 1, 0, 0, 0, 0, 1, 3, 0],836.569815134707,52504.092339752446,107095.57005228325,false
49,G2_TEC,G2_TEC,[31, 22, 82, 15, 26, 9, 95, 42, 77, 68, 47, 5, 93, 78, 86, 54, 85, 63, 18, 44, 20, 49, 36, 14, 74, 50, 53, 17, 21, 28, 11, 64, 3, 23, 30, 83, 24, 41, 40, 52, 65, 27, 90, 70, 39, 87, 48, 69, 99, 4, 75, 1, 13, 58, 97, 59, 45, 8, 73, 37, 35, 79, 71, 66, 76, 32, 60, 80, 56, 6, 67, 61, 33, 7, 57, 34, 12, 16, 10, 98, 96, 88, 43, 81, 91, 2, 84, 29, 92, 19, 51, 55, 89, 25, 72, 46, 94, 38, 62, 0]|[2, 1, 2, 1, 1, 2, 1, 1, 1, 1, 1, 0, 2, 2, 1, 2, 0, 0, 0, 2, 2, 1, 0, 2, 0, 2, 2, 1, 0, 1, 1, 1, 0, 0, 1, 0, 2, 1, 2, 2, 0, 0, 1, 1, 0, 2, 0, 2, 1, 0, 0, 2, 0, 2, 2, 0, 1, 1, 0, 0, 2, 1, 1, 2, 2, 0, 2, 2, 2, 1, 2, 1, 1, 2, 0, 1, 1, 2, 1, 2, 0, 1, 1, 1, 1, 0, 0, 1, 0, 1, 1, 0, 1, 1, 1, 0, 2, 0, 1, 0]|[0, 3, 0, 3, 4, 1, 4, 4, 4, 4, 3, 2, 1, 0, 2, 1, 1, 1, 2, 1, 1, 3, 0, 1, 0, 1, 1, 4, 1, 4, 3, 2, 2, 0, 4, 1, 1, 4, 1, 1, 2, 1, 4, 4, 1, 1, 0, 1, 3, 2, 2, 1, 2, 1, 1, 2, 4, 3, 0, 2, 1, 3, 3, 1, 1, 2, 1, 1, 1, 4, 1, 3, 4, 1, 2, 4, 3, 1, 3, 1, 2, 4, 4, 4, 3, 2, 2, 3, 2, 4, 3, 2, 4, 4, 4, 2, 1, 2, 3, 2]|[0, 2, 0, 0, 3, 0, 1, 3, 1, 0, 2, 0, 1, 0, 1, 0, 0, 0, 1, 0, 0, 2, 0, 0, 1, 0, 0, 3, 0, 1, 0, 2, 0, 0, 3, 0, 1, 1, 0, 0, 0, 0, 1, 3, 0, 0, 1, 0, 2, 0, 0, 0, 0, 0, 1, 0, 1, 0, 1, 1, 0, 2, 0, 0, 0, 0, 0, 0, 0, 2, 0, 0, 1, 0, 0, 1, 0, 0, 3, 0, 0, 1, 2, 2, 0, 0, 0, 3, 0, 1, 0, 0, 1, 3, 1, 0, 0, 0, 0, 0],910.6024065900936,48491.8951558845,107376.01945264004,false
49,G3_TWC,G3_TWC,[31, 22, 42, 15, 26, 58, 95, 82, 77, 12, 47, 5, 93, 78, 98, 54, 85, 63, 18, 44, 20, 35, 43, 97, 91, 76, 10, 30, 21, 45, 71, 64, 1, 23, 17, 83, 24, 61, 60, 36, 6, 57, 94, 88, 65, 56, 79, 40, 67, 68, 46, 75, 38, 9, 19, 32, 81, 41, 27, 62, 87, 90, 99, 59, 11, 16, 72, 73, 70, 39, 37, 84, 3, 92, 25, 74, 28, 29, 51, 7, 53, 14, 86, 48, 89, 50, 66, 96, 33, 80, 4, 8, 55, 49, 0, 52, 69, 2, 13, 34]|[1, 1, 0, 1, 1, 1, 2, 1, 2, 1, 2, 2, 2, 1, 1, 0, 0, 1, 0, 2, 2, 0, 1, 2, 0, 1, 2, 2, 0, 0, 1, 2, 1, 2, 1, 0, 2, 0, 1, 1, 0, 1, 1, 1, 0, 2, 1, 1, 0, 0, 0, 0, 1, 1, 2, 1, 2, 0, 0, 0, 2, 1, 0, 1, 2, 1, 2, 1, 1, 1, 1, 1, 2, 0, 1, 2, 0, 0, 0, 1, 0, 1, 0, 0, 1, 0, 0, 0, 2, 0, 0, 1, 1, 0, 0, 1, 1, 0, 0, 2]|[4, 3, 2, 2, 0, 0, 2, 2, 2, 4, 1, 1, 2, 4, 4, 1, 1, 4, 2, 1, 1, 1, 1, 2, 1, 2, 1, 1, 1, 1, 3, 2, 3, 0, 4, 0, 1, 1, 0, 3, 2, 2, 4, 0, 1, 1, 3, 2, 0, 1, 2, 2, 1, 4, 0, 3, 2, 1, 1, 2, 1, 3, 1, 1, 1, 3, 0, 4, 3, 1, 4, 1, 1, 2, 4, 1, 2, 1, 1, 3, 2, 3, 1, 1, 1, 1, 1, 1, 1, 1, 2, 3, 4, 1, 2, 1, 3, 2, 2, 1]|[0, 2, 1, 1, 3, 3, 0, 1, 0, 0, 0, 0, 1, 0, 1, 0, 0, 3, 1, 0, 0, 0, 3, 1, 0, 2, 0, 0, 0, 1, 0, 0, 0, 0, 3, 0, 1, 0, 0, 2, 1, 1, 2, 0, 0, 0, 0, 1, 1, 0, 0, 0, 1, 3, 0, 0, 1, 0, 0, 1, 0, 2, 0, 1, 0, 2, 1, 0, 0, 1, 1, 3, 0, 1, 3, 0, 1, 0, 0, 2, 1, 0, 0, 0, 1, 0, 0, 0, 0, 0, 1, 2, 3, 1, 0, 1, 0, 0, 0, 0],802.5281847645216,57652.86795409501,87938.17744329936,false
49,G1_CMAX,G1_CMAX,[31, 22, 90, 26, 58, 95, 42, 12, 93, 5, 78, 86, 98, 18, 20, 35, 3, 97, 91, 76, 10, 85, 54, 45, 63, 71, 66, 1, 23, 17, 24, 60, 36, 6, 57, 15, 65, 56, 47, 79, 94, 67, 50, 46, 14, 75, 38, 9, 30, 19, 32, 81, 27, 92, 83, 87, 40, 99, 59, 11, 53, 16, 72, 77, 73, 70, 39, 37, 84, 43, 62, 25, 55, 28, 29, 51, 68, 82, 74, 61, 88, 21, 80, 89, 7, 69, 96, 41, 48, 4, 8, 34, 49, 52, 0, 44, 13, 2, 64, 33]|[1, 1, 1, 1, 0, 2, 1, 1, 2, 2, 2, 1, 0, 1, 2, 2, 1, 2, 0, 1, 2, 2, 2, 0, 0, 1, 2, 1, 2, 1, 2, 1, 1, 0, 1, 1, 0, 2, 2, 1, 1, 0, 0, 0, 0, 1, 1, 1, 1, 2, 1, 2, 2, 0, 0, 2, 1, 0, 0, 2, 0, 1, 2, 2, 1, 1, 1, 1, 1, 1, 0, 1, 1, 0, 0, 0, 0, 0, 2, 1, 1, 0, 0, 1, 1, 1, 2, 2, 0, 1, 1, 2, 0, 1, 0, 0, 0, 0, 2, 2]|[0, 4, 3, 0, 1, 1, 2, 4, 1, 1, 2, 4, 1, 4, 1, 1, 1, 2, 2, 2, 2, 1, 1, 1, 2, 3, 2, 3, 0, 4, 1, 0, 3, 2, 2, 2, 1, 1, 1, 0, 2, 0, 1, 2, 1, 3, 1, 4, 2, 0, 3, 2, 1, 2, 1, 1, 4, 1, 1, 1, 2, 3, 0, 2, 4, 3, 1, 4, 1, 1, 1, 4, 4, 2, 1, 1, 1, 2, 1, 3, 0, 1, 1, 1, 1, 3, 1, 1, 1, 4, 3, 1, 1, 1, 2, 2, 2, 2, 1, 1]|[3, 0, 2, 3, 0, 0, 1, 0, 0, 0, 1, 0, 0, 3, 0, 0, 1, 1, 1, 2, 1, 0, 0, 0, 0, 0, 0, 0, 0, 3, 1, 0, 2, 1, 1, 1, 0, 0, 0, 0, 1, 1, 0, 0, 0, 0, 1, 3, 2, 0, 0, 1, 0, 1, 0, 0, 2, 0, 0, 0, 1, 2, 1, 1, 0, 0, 1, 1, 3, 3, 0, 3, 3, 1, 0, 0, 0, 1, 0, 0, 0, 0, 0, 1, 2, 2, 0, 0, 0, 0, 2, 0, 1, 1, 0, 0, 0, 0, 0, 0],705.0470749739228,58445.79123614564,95781.2895945797,false
49,G4_BALANCED,G4_BALANCED,[31, 11, 15, 82, 26, 9, 95, 32, 77, 68, 47, 5, 93, 78, 86, 54, 85, 63, 18, 44, 20, 49, 36, 14, 74, 50, 53, 17, 21, 45, 71, 64, 3, 23, 30, 83, 24, 41, 60, 52, 65, 27, 90, 70, 39, 87, 48, 69, 99, 4, 46, 1, 13, 58, 97, 59, 28, 75, 73, 37, 35, 79, 22, 66, 76, 42, 40, 80, 96, 6, 16, 61, 33, 7, 57, 34, 12, 67, 10, 98, 56, 88, 29, 94, 91, 51, 19, 92, 43, 84, 38, 72, 81, 8, 2, 55, 62, 89, 25, 0]|[2, 1, 1, 2, 1, 2, 1, 1, 1, 1, 1, 0, 2, 2, 1, 2, 0, 0, 0, 2, 2, 1, 0, 2, 0, 2, 2, 1, 0, 1, 1, 1, 0, 0, 1, 0, 2, 1, 2, 2, 0, 0, 1, 1, 0, 2, 0, 2, 1, 0, 0, 2, 0, 0, 2, 0, 1, 0, 0, 0, 2, 1, 0, 2, 2, 0, 2, 2, 0, 1, 2, 1, 1, 2, 0, 1, 1, 1, 1, 2, 2, 1, 1, 2, 1, 1, 1, 0, 1, 0, 0, 1, 1, 1, 2, 0, 1, 1, 1, 0]|[1, 3, 2, 0, 4, 1, 4, 4, 2, 4, 3, 2, 1, 0, 2, 1, 1, 1, 2, 1, 1, 3, 0, 1, 0, 1, 1, 4, 1, 4, 3, 2, 2, 0, 4, 1, 1, 4, 0, 1, 2, 1, 4, 4, 1, 1, 0, 2, 3, 1, 2, 1, 2, 1, 1, 2, 4, 2, 0, 2, 2, 3, 1, 0, 1, 2, 0, 1, 2, 4, 1, 3, 4, 1, 2, 4, 3, 3, 3, 1, 1, 4, 3, 1, 3, 3, 4, 2, 4, 2, 2, 4, 1, 3, 1, 2, 3, 4, 4, 2]|[1, 2, 1, 0, 3, 0, 1, 3, 0, 0, 2, 0, 1, 0, 1, 0, 0, 0, 1, 0, 0, 2, 0, 0, 1, 0, 0, 3, 0, 1, 0, 2, 0, 1, 3, 0, 1, 3, 1, 0, 0, 0, 1, 3, 0, 0, 1, 0, 2, 0, 0, 0, 0, 0, 1, 0, 1, 0, 1, 1, 0, 2, 0, 0, 0, 0, 0, 0, 0, 2, 0, 0, 1, 0, 0, 1, 0, 0, 3, 0, 0, 1, 0, 0, 0, 0, 3, 0, 2, 0, 0, 2, 1, 0, 0, 0, 0, 1, 3, 0],836.569815134707,52504.092339752446,107095.57005228325,false
49,G2_TEC,G2_TEC,[31, 22, 82, 15, 26, 9, 95, 42, 77, 68, 47, 5, 93, 78, 86, 54, 85, 63, 18, 44, 20, 49, 36, 14, 74, 50, 53, 17, 21, 28, 11, 64, 3, 23, 30, 83, 24, 41, 40, 52, 65, 27, 90, 70, 39, 87, 48, 69, 99, 4, 75, 1, 13, 58, 97, 59, 45, 8, 73, 37, 35, 79, 71, 66, 76, 32, 60, 80, 56, 6, 67, 61, 33, 7, 57, 34, 12, 16, 10, 98, 96, 88, 43, 81, 91, 2, 84, 29, 92, 19, 51, 55, 89, 25, 72, 46, 94, 38, 62, 0]|[2, 1, 2, 1, 1, 2, 1, 1, 1, 1, 1, 0, 2, 2, 1, 2, 0, 0, 0, 2, 2, 1, 0, 2, 0, 2, 2, 1, 0, 1, 1, 1, 0, 0, 1, 0, 2, 1, 2, 2, 0, 0, 1, 1, 0, 2, 0, 2, 1, 0, 0, 2, 0, 2, 2, 0, 1, 1, 0, 0, 2, 1, 1, 2, 2, 0, 2, 2, 2, 1, 2, 1, 1, 2, 0, 1, 1, 2, 1, 2, 0, 1, 1, 1, 1, 0, 0, 1, 0, 1, 1, 0, 1, 1, 1, 0, 2, 0, 1, 0]|[0, 3, 0, 3, 4, 1, 4, 4, 4, 4, 3, 2, 1, 0, 2, 1, 1, 1, 2, 1, 1, 3, 0, 1, 0, 1, 1, 4, 1, 4, 3, 2, 2, 0, 4, 1, 1, 4, 1, 1, 2, 1, 4, 4, 1, 1, 0, 1, 3, 2, 2, 1, 2, 1, 1, 2, 4, 3, 0, 2, 1, 3, 3, 1, 1, 2, 1, 1, 1, 4, 1, 3, 4, 1, 2, 4, 3, 1, 3, 1, 2, 4, 4, 4, 3, 2, 2, 3, 2, 4, 3, 2, 4, 4, 4, 2, 1, 2, 3, 2]|[0, 2, 0, 0, 3, 0, 1, 3, 1, 0, 2, 0, 1, 0, 1, 0, 0, 0, 1, 0, 0, 2, 0, 0, 1, 0, 0, 3, 0, 1, 0, 2, 0, 0, 3, 0, 1, 1, 0, 0, 0, 0, 1, 3, 0, 0, 1, 0, 2, 0, 0, 0, 0, 0, 1, 0, 1, 0, 1, 1, 0, 2, 0, 0, 0, 0, 0, 0, 0, 2, 0, 0, 1, 0, 0, 1, 0, 0, 3, 0, 0, 1, 2, 2, 0, 0, 0, 3, 0, 1, 0, 0, 1, 3, 1, 0, 0, 0, 0, 0],910.6024065900936,48491.8951558845,107376.01945264004,false
49,G3_TWC,G3_TWC,[31, 22, 42, 15, 26, 58, 95, 82, 77, 12, 47, 5, 93, 78, 98, 54, 85, 63, 18, 44, 20, 35, 43, 97, 91, 76, 10, 30, 21, 45, 71, 64, 1, 23, 17, 83, 24, 61, 60, 36, 6, 57, 94, 88, 65, 56, 79, 40, 67, 68, 46, 75, 38, 9, 19, 32, 81, 41, 27, 62, 87, 90, 99, 59, 11, 16, 72, 73, 70, 39, 37, 84, 3, 92, 25, 74, 28, 29, 51, 7, 53, 14, 86, 48, 89, 50, 66, 96, 33, 80, 4, 8, 55, 49, 0, 52, 69, 2, 13, 34]|[1, 1, 0, 1, 1, 1, 2, 1, 2, 1, 2, 2, 2, 1, 1, 0, 0, 1, 0, 2, 2, 0, 1, 2, 0, 1, 2, 2, 0, 0, 1, 2, 1, 2, 1, 0, 2, 0, 1, 1, 0, 1, 1, 1, 0, 2, 1, 1, 0, 0, 0, 0, 1, 1, 2, 1, 2, 0, 0, 0, 2, 1, 0, 1, 2, 1, 2, 1, 1, 1, 1, 1, 2, 0, 1, 2, 0, 0, 0, 1, 0, 1, 0, 0, 1, 0, 0, 0, 2, 0, 0, 1, 1, 0, 0, 1, 1, 0, 0, 2]|[4, 3, 2, 2, 0, 0, 2, 2, 2, 4, 1, 1, 2, 4, 4, 1, 1, 4, 2, 1, 1, 1, 1, 2, 1, 2, 1, 1, 1, 1, 3, 2, 3, 0, 4, 0, 1, 1, 0, 3, 2, 2, 4, 0, 1, 1, 3, 2, 0, 1, 2, 2, 1, 4, 0, 3, 2, 1, 1, 2, 1, 3, 1, 1, 1, 3, 0, 4, 3, 1, 4, 1, 1, 2, 4, 1, 2, 1, 1, 3, 2, 3, 1, 1, 1, 1, 1, 1, 1, 1, 2, 3, 4, 1, 2, 1, 3, 2, 2, 1]|[0, 2, 1, 1, 3, 3, 0, 1, 0, 0, 0, 0, 1, 0, 1, 0, 0, 3, 1, 0, 0, 0, 3, 1, 0, 2, 0, 0, 0, 1, 0, 0, 0, 0, 3, 0, 1, 0, 0, 2, 1, 1, 2, 0, 0, 0, 0, 1, 1, 0, 0, 0, 1, 3, 0, 0, 1, 0, 0, 1, 0, 2, 0, 1, 0, 2, 1, 0, 0, 1, 1, 3, 0, 1, 3, 0, 1, 0, 0, 2, 1, 0, 0, 0, 1, 0, 0, 0, 0, 0, 1, 2, 3, 1, 0, 1, 0, 0, 0, 0],802.5281847645216,57652.86795409501,87938.17744329936,false
49,G1_CMAX,G1_CMAX,[31, 22, 90, 26, 58, 95, 42, 12, 93, 5, 78, 86, 98, 18, 20, 35, 3, 97, 91, 76, 10, 85, 54, 45, 63, 71, 66, 1, 23, 17, 24, 60, 36, 6, 57, 15, 65, 56, 47, 79, 94, 67, 50, 46, 14, 75, 38, 9, 30, 19, 32, 81, 27, 92, 83, 87, 40, 99, 59, 11, 53, 16, 72, 77, 73, 70, 39, 37, 84, 43, 62, 25, 55, 28, 29, 51, 68, 82, 74, 61, 88, 21, 80, 89, 7, 69, 96, 41, 48, 4, 8, 34, 49, 52, 0, 44, 13, 2, 64, 33]|[1, 1, 1, 1, 0, 2, 1, 1, 2, 2, 2, 1, 0, 1, 2, 2, 1, 2, 0, 1, 2, 2, 2, 0, 0, 1, 2, 1, 2, 1, 2, 1, 1, 0, 1, 1, 0, 2, 2, 1, 1, 0, 0, 0, 0, 1, 1, 1, 1, 2, 1, 2, 2, 0, 0, 2, 1, 0, 0, 2, 0, 1, 2, 2, 1, 1, 1, 1, 1, 1, 0, 1, 1, 0, 0, 0, 0, 0, 2, 1, 1, 0, 0, 1, 1, 1, 2, 2, 0, 1, 1, 2, 0, 1, 0, 0, 0, 0, 2, 2]|[0, 4, 3, 0, 1, 1, 2, 4, 1, 1, 2, 4, 1, 4, 1, 1, 1, 2, 2, 2, 2, 1, 1, 1, 2, 3, 2, 3, 0, 4, 1, 0, 3, 2, 2, 2, 1, 1, 1, 0, 2, 0, 1, 2, 1, 3, 1, 4, 2, 0, 3, 2, 1, 2, 1, 1, 4, 1, 1, 1, 2, 3, 0, 2, 4, 3, 1, 4, 1, 1, 1, 4, 4, 2, 1, 1, 1, 2, 1, 3, 0, 1, 1, 1, 1, 3, 1, 1, 1, 4, 3, 1, 1, 1, 2, 2, 2, 2, 1, 1]|[3, 0, 2, 3, 0, 0, 1, 0, 0, 0, 1, 0, 0, 3, 0, 0, 1, 1, 1, 2, 1, 0, 0, 0, 0, 0, 0, 0, 0, 3, 1, 0, 2, 1, 1, 1, 0, 0, 0, 0, 1, 1, 0, 0, 0, 0, 1, 3, 2, 0, 0, 1, 0, 1, 0, 0, 2, 0, 0, 0, 1, 2, 1, 1, 0, 0, 1, 1, 3, 3, 0, 3, 3, 1, 0, 0, 0, 1, 0, 0, 0, 0, 0, 1, 2, 2, 0, 0, 0, 0, 2, 0, 1, 1, 0, 0, 0, 0, 0, 0],705.0470749739228,58445.79123614564,95781.2895945797,false
49,G4_BALANCED,G4_BALANCED,[31, 11, 15, 82, 26, 9, 95, 32, 77, 68, 47, 5, 93, 78, 86, 54, 85, 63, 18, 44, 20, 49, 36, 14, 74, 50, 53, 17, 21, 45, 71, 64, 3, 23, 30, 83, 24, 41, 60, 52, 65, 27, 90, 70, 39, 87, 48, 69, 99, 4, 46, 1, 13, 58, 97, 59, 28, 75, 73, 37, 35, 79, 22, 66, 76, 42, 40, 80, 96, 6, 16, 61, 33, 7, 57, 34, 12, 67, 10, 98, 56, 88, 29, 94, 91, 51, 19, 92, 43, 84, 38, 72, 81, 8, 2, 55, 62, 89, 25, 0]|[2, 1, 1, 2, 1, 2, 1, 1, 1, 1, 1, 0, 2, 2, 1, 2, 0, 0, 0, 2, 2, 1, 0, 2, 0, 2, 2, 1, 0, 1, 1, 1, 0, 0, 1, 0, 2, 1, 2, 2, 0, 0, 1, 1, 0, 2, 0, 2, 1, 0, 0, 2, 0, 0, 2, 0, 1, 0, 0, 0, 2, 1, 0, 2, 2, 0, 2, 2, 0, 1, 2, 1, 1, 2, 0, 1, 1, 1, 1, 2, 2, 1, 1, 2, 1, 1, 1, 0, 1, 0, 0, 1, 1, 1, 2, 0, 1, 1, 1, 0]|[1, 3, 2, 0, 4, 1, 4, 4, 2, 4, 3, 2, 1, 0, 2, 1, 1, 1, 2, 1, 1, 3, 0, 1, 0, 1, 1, 4, 1, 4, 3, 2, 2, 0, 4, 1, 1, 4, 0, 1, 2, 1, 4, 4, 1, 1, 0, 2, 3, 1, 2, 1, 2, 1, 1, 2, 4, 2, 0, 2, 2, 3, 1, 0, 1, 2, 0, 1, 2, 4, 1, 3, 4, 1, 2, 4, 3, 3, 3, 1, 1, 4, 3, 1, 3, 3, 4, 2, 4, 2, 2, 4, 1, 3, 1, 2, 3, 4, 4, 2]|[1, 2, 1, 0, 3, 0, 1, 3, 0, 0, 2, 0, 1, 0, 1, 0, 0, 0, 1, 0, 0, 2, 0, 0, 1, 0, 0, 3, 0, 1, 0, 2, 0, 1, 3, 0, 1, 3, 1, 0, 0, 0, 1, 3, 0, 0, 1, 0, 2, 0, 0, 0, 0, 0, 1, 0, 1, 0, 1, 1, 0, 2, 0, 0, 0, 0, 0, 0, 0, 2, 0, 0, 1, 0, 0, 1, 0, 0, 3, 0, 0, 1, 0, 0, 0, 0, 3, 0, 2, 0, 0, 2, 1, 0, 0, 0, 0, 1, 3, 0],836.569815134707,52504.092339752446,107095.57005228325,false
49,G2_TEC,G2_TEC,[31, 22, 82, 15, 26, 9, 95, 42, 77, 68, 47, 5, 93, 78, 86, 54, 85, 63, 18, 44, 20, 49, 36, 14, 74, 50, 53, 17, 21, 28, 11, 64, 3, 23, 30, 83, 24, 41, 40, 52, 65, 27, 90, 70, 39, 87, 48, 69, 99, 4, 75, 1, 13, 58, 97, 59, 45, 8, 73, 37, 35, 79, 71, 66, 76, 32, 60, 80, 56, 6, 67, 61, 33, 7, 57, 34, 12, 16, 10, 98, 96, 88, 43, 81, 91, 2, 84, 29, 92, 19, 51, 55, 89, 25, 72, 46, 94, 38, 62, 0]|[2, 1, 2, 1, 1, 2, 1, 1, 1, 1, 1, 0, 2, 2, 1, 2, 0, 0, 0, 2, 2, 1, 0, 2, 0, 2, 2, 1, 0, 1, 1, 1, 0, 0, 1, 0, 2, 1, 2, 2, 0, 0, 1, 1, 0, 2, 0, 2, 1, 0, 0, 2, 0, 2, 2, 0, 1, 1, 0, 0, 2, 1, 1, 2, 2, 0, 2, 2, 2, 1, 2, 1, 1, 2, 0, 1, 1, 2, 1, 2, 0, 1, 1, 1, 1, 0, 0, 1, 0, 1, 1, 0, 1, 1, 1, 0, 2, 0, 1, 0]|[0, 3, 0, 3, 4, 1, 4, 4, 4, 4, 3, 2, 1, 0, 2, 1, 1, 1, 2, 1, 1, 3, 0, 1, 0, 1, 1, 4, 1, 4, 3, 2, 2, 0, 4, 1, 1, 4, 1, 1, 2, 1, 4, 4, 1, 1, 0, 1, 3, 2, 2, 1, 2, 1, 1, 2, 4, 3, 0, 2, 1, 3, 3, 1, 1, 2, 1, 1, 1, 4, 1, 3, 4, 1, 2, 4, 3, 1, 3, 1, 2, 4, 4, 4, 3, 2, 2, 3, 2, 4, 3, 2, 4, 4, 4, 2, 1, 2, 3, 2]|[0, 2, 0, 0, 3, 0, 1, 3, 1, 0, 2, 0, 1, 0, 1, 0, 0, 0, 1, 0, 0, 2, 0, 0, 1, 0, 0, 3, 0, 1, 0, 2, 0, 0, 3, 0, 1, 1, 0, 0, 0, 0, 1, 3, 0, 0, 1, 0, 2, 0, 0, 0, 0, 0, 1, 0, 1, 0, 1, 1, 0, 2, 0, 0, 0, 0, 0, 0, 0, 2, 0, 0, 1, 0, 0, 1, 0, 0, 3, 0, 0, 1, 2, 2, 0, 0, 0, 3, 0, 1, 0, 0, 1, 3, 1, 0, 0, 0, 0, 0],910.6024065900936,48491.8951558845,107376.01945264004,false
49,G3_TWC,G3_TWC,[31, 22, 42, 15, 26, 58, 95, 82, 77, 12, 47, 5, 93, 78, 98, 54, 85, 63, 18, 44, 20, 35, 43, 97, 91, 76, 10, 30, 21, 45, 71, 64, 1, 23, 17, 83, 24, 61, 60, 36, 6, 57, 94, 88, 65, 56, 79, 40, 67, 68, 46, 75, 38, 9, 19, 32, 81, 41, 27, 62, 87, 90, 99, 59, 11, 16, 72, 73, 70, 39, 37, 84, 3, 92, 25, 74, 28, 29, 51, 7, 53, 14, 86, 48, 89, 50, 66, 96, 33, 80, 4, 8, 55, 49, 0, 52, 69, 2, 13, 34]|[1, 1, 0, 1, 1, 1, 2, 1, 2, 1, 2, 2, 2, 1, 1, 0, 0, 1, 0, 2, 2, 0, 1, 2, 0, 1, 2, 2, 0, 0, 1, 2, 1, 2, 1, 0, 2, 0, 1, 1, 0, 1, 1, 1, 0, 2, 1, 1, 0, 0, 0, 0, 1, 1, 2, 1, 2, 0, 0, 0, 2, 1, 0, 1, 2, 1, 2, 1, 1, 1, 1, 1, 2, 0, 1, 2, 0, 0, 0, 1, 0, 1, 0, 0, 1, 0, 0, 0, 2, 0, 0, 1, 1, 0, 0, 1, 1, 0, 0, 2]|[4, 3, 2, 2, 0, 0, 2, 2, 2, 4, 1, 1, 2, 4, 4, 1, 1, 4, 2, 1, 1, 1, 1, 2, 1, 2, 1, 1, 1, 1, 3, 2, 3, 0, 4, 0, 1, 1, 0, 3, 2, 2, 4, 0, 1, 1, 3, 2, 0, 1, 2, 2, 1, 4, 0, 3, 2, 1, 1, 2, 1, 3, 1, 1, 1, 3, 0, 4, 3, 1, 4, 1, 1, 2, 4, 1, 2, 1, 1, 3, 2, 3, 1, 1, 1, 1, 1, 1, 1, 1, 2, 3, 4, 1, 2, 1, 3, 2, 2, 1]|[0, 2, 1, 1, 3, 3, 0, 1, 0, 0, 0, 0, 1, 0, 1, 0, 0, 3, 1, 0, 0, 0, 3, 1, 0, 2, 0, 0, 0, 1, 0, 0, 0, 0, 3, 0, 1, 0, 0, 2, 1, 1, 2, 0, 0, 0, 0, 1, 1, 0, 0, 0, 1, 3, 0, 0, 1, 0, 0, 1, 0, 2, 0, 1, 0, 2, 1, 0, 0, 1, 1, 3, 0, 1, 3, 0, 1, 0, 0, 2, 1, 0, 0, 0, 1, 0, 0, 0, 0, 0, 1, 2, 3, 1, 0, 1, 0, 0, 0, 0],802.5281847645216,57652.86795409501,87938.17744329936,false
49,G1_CMAX,G1_CMAX,[31, 22, 90, 26, 58, 95, 42, 12, 93, 5, 78, 86, 98, 18, 20, 35, 3, 97, 91, 76, 10, 85, 54, 45, 63, 71, 66, 1, 23, 17, 24, 60, 36, 6, 57, 15, 65, 56, 47, 79, 94, 67, 50, 46, 14, 75, 38, 9, 30, 19, 32, 81, 27, 92, 83, 87, 40, 99, 59, 11, 53, 16, 72, 77, 73, 70, 39, 37, 84, 43, 62, 25, 55, 28, 29, 51, 68, 82, 74, 61, 88, 21, 80, 89, 7, 69, 96, 41, 48, 4, 8, 34, 49, 52, 0, 44, 13, 2, 64, 33]|[1, 1, 1, 1, 0, 2, 1, 1, 2, 2, 2, 1, 0, 1, 2, 2, 1, 2, 0, 1, 2, 2, 2, 0, 0, 1, 2, 1, 2, 1, 2, 1, 1, 0, 1, 1, 0, 2, 2, 1, 1, 0, 0, 0, 0, 1, 1, 1, 1, 2, 1, 2, 2, 0, 0, 2, 1, 0, 0, 2, 0, 1, 2, 2, 1, 1, 1, 1, 1, 1, 0, 1, 1, 0, 0, 0, 0, 0, 2, 1, 1, 0, 0, 1, 1, 1, 2, 2, 0, 1, 1, 2, 0, 1, 0, 0, 0, 0, 2, 2]|[0, 4, 3, 0, 1, 1, 2, 4, 1, 1, 2, 4, 1, 4, 1, 1, 1, 2, 2, 2, 2, 1, 1, 1, 2, 3, 2, 3, 0, 4, 1, 0, 3, 2, 2, 2, 1, 1, 1, 0, 2, 0, 1, 2, 1, 3, 1, 4, 2, 0, 3, 2, 1, 2, 1, 1, 4, 1, 1, 1, 2, 3, 0, 2, 4, 3, 1, 4, 1, 1, 1, 4, 4, 2, 1, 1, 1, 2, 1, 3, 0, 1, 1, 1, 1, 3, 1, 1, 1, 4, 3, 1, 1, 1, 2, 2, 2, 2, 1, 1]|[3, 0, 2, 3, 0, 0, 1, 0, 0, 0, 1, 0, 0, 3, 0, 0, 1, 1, 1, 2, 1, 0, 0, 0, 0, 0, 0, 0, 0, 3, 1, 0, 2, 1, 1, 1, 0, 0, 0, 0, 1, 1, 0, 0, 0, 0, 1, 3, 2, 0, 0, 1, 0, 1, 0, 0, 2, 0, 0, 0, 1, 2, 1, 1, 0, 0, 1, 1, 3, 3, 0, 3, 3, 1, 0, 0, 0, 1, 0, 0, 0, 0, 0, 1, 2, 2, 0, 0, 0, 0, 2, 0, 1, 1, 0, 0, 0, 0, 0, 0],705.0470749739228,58445.79123614564,95781.2895945797,false
49,G4_BALANCED,G4_BALANCED,[31, 11, 15, 82, 26, 9, 95, 32, 77, 68, 47, 5, 93, 78, 86, 54, 85, 63, 18, 44, 20, 49, 36, 14, 74, 50, 53, 17, 21, 45, 71, 64, 3, 23, 30, 83, 24, 41, 60, 52, 65, 27, 90, 70, 39, 87, 48, 69, 99, 4, 46, 1, 13, 58, 97, 59, 28, 75, 73, 37, 35, 79, 22, 66, 76, 42, 40, 80, 96, 6, 16, 61, 33, 7, 57, 34, 12, 67, 10, 98, 56, 88, 29, 94, 91, 51, 19, 92, 43, 84, 38, 72, 81, 8, 2, 55, 62, 89, 25, 0]|[2, 1, 1, 2, 1, 2, 1, 1, 1, 1, 1, 0, 2, 2, 1, 2, 0, 0, 0, 2, 2, 1, 0, 2, 0, 2, 2, 1, 0, 1, 1, 1, 0, 0, 1, 0, 2, 1, 2, 2, 0, 0, 1, 1, 0, 2, 0, 2, 1, 0, 0, 2, 0, 0, 2, 0, 1, 0, 0, 0, 2, 1, 0, 2, 2, 0, 2, 2, 0, 1, 2, 1, 1, 2, 0, 1, 1, 1, 1, 2, 2, 1, 1, 2, 1, 1, 1, 0, 1, 0, 0, 1, 1, 1, 2, 0, 1, 1, 1, 0]|[1, 3, 2, 0, 4, 1, 4, 4, 2, 4, 3, 2, 1, 0, 2, 1, 1, 1, 2, 1, 1, 3, 0, 1, 0, 1, 1, 4, 1, 4, 3, 2, 2, 0, 4, 1, 1, 4, 0, 1, 2, 1, 4, 4, 1, 1, 0, 2, 3, 1, 2, 1, 2, 1, 1, 2, 4, 2, 0, 2, 2, 3, 1, 0, 1, 2, 0, 1, 2, 4, 1, 3, 4, 1, 2, 4, 3, 3, 3, 1, 1, 4, 3, 1, 3, 3, 4, 2, 4, 2, 2, 4, 1, 3, 1, 2, 3, 4, 4, 2]|[1, 2, 1, 0, 3, 0, 1, 3, 0, 0, 2, 0, 1, 0, 1, 0, 0, 0, 1, 0, 0, 2, 0, 0, 1, 0, 0, 3, 0, 1, 0, 2, 0, 1, 3, 0, 1, 3, 1, 0, 0, 0, 1, 3, 0, 0, 1, 0, 2, 0, 0, 0, 0, 0, 1, 0, 1, 0, 1, 1, 0, 2, 0, 0, 0, 0, 0, 0, 0, 2, 0, 0, 1, 0, 0, 1, 0, 0, 3, 0, 0, 1, 0, 0, 0, 0, 3, 0, 2, 0, 0, 2, 1, 0, 0, 0, 0, 1, 3, 0],836.569815134707,52504.092339752446,107095.57005228325,false
49,G2_TEC,G2_TEC,[31, 22, 82, 15, 26, 9, 95, 42, 77, 68, 47, 5, 93, 78, 86, 54, 85, 63, 18, 44, 20, 49, 36, 14, 74, 50, 53, 17, 21, 28, 11, 64, 3, 23, 30, 83, 24, 41, 40, 52, 65, 27, 90, 70, 39, 87, 48, 69, 99, 4, 75, 1, 13, 58, 97, 59, 45, 8, 73, 37, 35, 79, 71, 66, 76, 32, 60, 80, 56, 6, 67, 61, 33, 7, 57, 34, 12, 16, 10, 98, 96, 88, 43, 81, 91, 2, 84, 29, 92, 19, 51, 55, 89, 25, 72, 46, 94, 38, 62, 0]|[2, 1, 2, 1, 1, 2, 1, 1, 1, 1, 1, 0, 2, 2, 1, 2, 0, 0, 0, 2, 2, 1, 0, 2, 0, 2, 2, 1, 0, 1, 1, 1, 0, 0, 1, 0, 2, 1, 2, 2, 0, 0, 1, 1, 0, 2, 0, 2, 1, 0, 0, 2, 0, 2, 2, 0, 1, 1, 0, 0, 2, 1, 1, 2, 2, 0, 2, 2, 2, 1, 2, 1, 1, 2, 0, 1, 1, 2, 1, 2, 0, 1, 1, 1, 1, 0, 0, 1, 0, 1, 1, 0, 1, 1, 1, 0, 2, 0, 1, 0]|[0, 3, 0, 3, 4, 1, 4, 4, 4, 4, 3, 2, 1, 0, 2, 1, 1, 1, 2, 1, 1, 3, 0, 1, 0, 1, 1, 4, 1, 4, 3, 2, 2, 0, 4, 1, 1, 4, 1, 1, 2, 1, 4, 4, 1, 1, 0, 1, 3, 2, 2, 1, 2, 1, 1, 2, 4, 3, 0, 2, 1, 3, 3, 1, 1, 2, 1, 1, 1, 4, 1, 3, 4, 1, 2, 4, 3, 1, 3, 1, 2, 4, 4, 4, 3, 2, 2, 3, 2, 4, 3, 2, 4, 4, 4, 2, 1, 2, 3, 2]|[0, 2, 0, 0, 3, 0, 1, 3, 1, 0, 2, 0, 1, 0, 1, 0, 0, 0, 1, 0, 0, 2, 0, 0, 1, 0, 0, 3, 0, 1, 0, 2, 0, 0, 3, 0, 1, 1, 0, 0, 0, 0, 1, 3, 0, 0, 1, 0, 2, 0, 0, 0, 0, 0, 1, 0, 1, 0, 1, 1, 0, 2, 0, 0, 0, 0, 0, 0, 0, 2, 0, 0, 1, 0, 0, 1, 0, 0, 3, 0, 0, 1, 2, 2, 0, 0, 0, 3, 0, 1, 0, 0, 1, 3, 1, 0, 0, 0, 0, 0],910.6024065900936,48491.8951558845,107376.01945264004,false
49,G3_TWC,G3_TWC,[31, 22, 42, 15, 26, 58, 95, 82, 77, 12, 47, 5, 93, 78, 98, 54, 85, 63, 18, 44, 20, 35, 43, 97, 91, 76, 10, 30, 21, 45, 71, 64, 1, 23, 17, 83, 24, 61, 60, 36, 6, 57, 94, 88, 65, 56, 79, 40, 67, 68, 46, 75, 38, 9, 19, 32, 81, 41, 27, 62, 87, 90, 99, 59, 11, 16, 72, 73, 70, 39, 37, 84, 3, 92, 25, 74, 28, 29, 51, 7, 53, 14, 86, 48, 89, 50, 66, 96, 33, 80, 4, 8, 55, 49, 0, 52, 69, 2, 13, 34]|[1, 1, 0, 1, 1, 1, 2, 1, 2, 1, 2, 2, 2, 1, 1, 0, 0, 1, 0, 2, 2, 0, 1, 2, 0, 1, 2, 2, 0, 0, 1, 2, 1, 2, 1, 0, 2, 0, 1, 1, 0, 1, 1, 1, 0, 2, 1, 1, 0, 0, 0, 0, 1, 1, 2, 1, 2, 0, 0, 0, 2, 1, 0, 1, 2, 1, 2, 1, 1, 1, 1, 1, 2, 0, 1, 2, 0, 0, 0, 1, 0, 1, 0, 0, 1, 0, 0, 0, 2, 0, 0, 1, 1, 0, 0, 1, 1, 0, 0, 2]|[4, 3, 2, 2, 0, 0, 2, 2, 2, 4, 1, 1, 2, 4, 4, 1, 1, 4, 2, 1, 1, 1, 1, 2, 1, 2, 1, 1, 1, 1, 3, 2, 3, 0, 4, 0, 1, 1, 0, 3, 2, 2, 4, 0, 1, 1, 3, 2, 0, 1, 2, 2, 1, 4, 0, 3, 2, 1, 1, 2, 1, 3, 1, 1, 1, 3, 0, 4, 3, 1, 4, 1, 1, 2, 4, 1, 2, 1, 1, 3, 2, 3, 1, 1, 1, 1, 1, 1, 1, 1, 2, 3, 4, 1, 2, 1, 3, 2, 2, 1]|[0, 2, 1, 1, 3, 3, 0, 1, 0, 0, 0, 0, 1, 0, 1, 0, 0, 3, 1, 0, 0, 0, 3, 1, 0, 2, 0, 0, 0, 1, 0, 0, 0, 0, 3, 0, 1, 0, 0, 2, 1, 1, 2, 0, 0, 0, 0, 1, 1, 0, 0, 0, 1, 3, 0, 0, 1, 0, 0, 1, 0, 2, 0, 1, 0, 2, 1, 0, 0, 1, 1, 3, 0, 1, 3, 0, 1, 0, 0, 2, 1, 0, 0, 0, 1, 0, 0, 0, 0, 0, 1, 2, 3, 1, 0, 1, 0, 0, 0, 0],802.5281847645216,57652.86795409501,87938.17744329936,false
49,G1_CMAX,G1_CMAX,[31, 22, 90, 26, 58, 95, 42, 12, 93, 5, 78, 86, 98, 18, 20, 35, 3, 97, 91, 76, 10, 85, 54, 45, 63, 71, 66, 1, 23, 17, 24, 60, 36, 6, 57, 15, 65, 56, 47, 79, 94, 67, 50, 46, 14, 75, 38, 9, 30, 19, 32, 81, 27, 92, 83, 87, 40, 99, 59, 11, 53, 16, 72, 77, 73, 70, 39, 37, 84, 43, 62, 25, 55, 28, 29, 51, 68, 82, 74, 61, 88, 21, 80, 89, 7, 69, 96, 41, 48, 4, 8, 34, 49, 52, 0, 44, 13, 2, 64, 33]|[1, 1, 1, 1, 0, 2, 1, 1, 2, 2, 2, 1, 0, 1, 2, 2, 1, 2, 0, 1, 2, 2, 2, 0, 0, 1, 2, 1, 2, 1, 2, 1, 1, 0, 1, 1, 0, 2, 2, 1, 1, 0, 0, 0, 0, 1, 1, 1, 1, 2, 1, 2, 2, 0, 0, 2, 1, 0, 0, 2, 0, 1, 2, 2, 1, 1, 1, 1, 1, 1, 0, 1, 1, 0, 0, 0, 0, 0, 2, 1, 1, 0, 0, 1, 1, 1, 2, 2, 0, 1, 1, 2, 0, 1, 0, 0, 0, 0, 2, 2]|[0, 4, 3, 0, 1, 1, 2, 4, 1, 1, 2, 4, 1, 4, 1, 1, 1, 2, 2, 2, 2, 1, 1, 1, 2, 3, 2, 3, 0, 4, 1, 0, 3, 2, 2, 2, 1, 1, 1, 0, 2, 0, 1, 2, 1, 3, 1, 4, 2, 0, 3, 2, 1, 2, 1, 1, 4, 1, 1, 1, 2, 3, 0, 2, 4, 3, 1, 4, 1, 1, 1, 4, 4, 2, 1, 1, 1, 2, 1, 3, 0, 1, 1, 1, 1, 3, 1, 1, 1, 4, 3, 1, 1, 1, 2, 2, 2, 2, 1, 1]|[3, 0, 2, 3, 0, 0, 1, 0, 0, 0, 1, 0, 0, 3, 0, 0, 1, 1, 1, 2, 1, 0, 0, 0, 0, 0, 0, 0, 0, 3, 1, 0, 2, 1, 1, 1, 0, 0, 0, 0, 1, 1, 0, 0, 0, 0, 1, 3, 2, 0, 0, 1, 0, 1, 0, 0, 2, 0, 0, 0, 1, 2, 1, 1, 0, 0, 1, 1, 3, 3, 0, 3, 3, 1, 0, 0, 0, 1, 0, 0, 0, 0, 0, 1, 2, 2, 0, 0, 0, 0, 2, 0, 1, 1, 0, 0, 0, 0, 0, 0],705.0470749739228,58445.79123614564,95781.2895945797,false
49,G4_BALANCED,G4_BALANCED,[31, 11, 15, 82, 26, 9, 95, 32, 77, 68, 47, 5, 93, 78, 86, 54, 85, 63, 18, 44, 20, 49, 36, 14, 74, 50, 53, 17, 21, 45, 71, 64, 3, 23, 30, 83, 24, 41, 60, 52, 65, 27, 90, 70, 39, 87, 48, 69, 99, 4, 46, 1, 13, 58, 97, 59, 28, 75, 73, 37, 35, 79, 22, 66, 76, 42, 40, 80, 96, 6, 16, 61, 33, 7, 57, 34, 12, 67, 10, 98, 56, 88, 29, 94, 91, 51, 19, 92, 43, 84, 38, 72, 81, 8, 2, 55, 62, 89, 25, 0]|[2, 1, 1, 2, 1, 2, 1, 1, 1, 1, 1, 0, 2, 2, 1, 2, 0, 0, 0, 2, 2, 1, 0, 2, 0, 2, 2, 1, 0, 1, 1, 1, 0, 0, 1, 0, 2, 1, 2, 2, 0, 0, 1, 1, 0, 2, 0, 2, 1, 0, 0, 2, 0, 0, 2, 0, 1, 0, 0, 0, 2, 1, 0, 2, 2, 0, 2, 2, 0, 1, 2, 1, 1, 2, 0, 1, 1, 1, 1, 2, 2, 1, 1, 2, 1, 1, 1, 0, 1, 0, 0, 1, 1, 1, 2, 0, 1, 1, 1, 0]|[1, 3, 2, 0, 4, 1, 4, 4, 2, 4, 3, 2, 1, 0, 2, 1, 1, 1, 2, 1, 1, 3, 0, 1, 0, 1, 1, 4, 1, 4, 3, 2, 2, 0, 4, 1, 1, 4, 0, 1, 2, 1, 4, 4, 1, 1, 0, 2, 3, 1, 2, 1, 2, 1, 1, 2, 4, 2, 0, 2, 2, 3, 1, 0, 1, 2, 0, 1, 2, 4, 1, 3, 4, 1, 2, 4, 3, 3, 3, 1, 1, 4, 3, 1, 3, 3, 4, 2, 4, 2, 2, 4, 1, 3, 1, 2, 3, 4, 4, 2]|[1, 2, 1, 0, 3, 0, 1, 3, 0, 0, 2, 0, 1, 0, 1, 0, 0, 0, 1, 0, 0, 2, 0, 0, 1, 0, 0, 3, 0, 1, 0, 2, 0, 1, 3, 0, 1, 3, 1, 0, 0, 0, 1, 3, 0, 0, 1, 0, 2, 0, 0, 0, 0, 0, 1, 0, 1, 0, 1, 1, 0, 2, 0, 0, 0, 0, 0, 0, 0, 2, 0, 0, 1, 0, 0, 1, 0, 0, 3, 0, 0, 1, 0, 0, 0, 0, 3, 0, 2, 0, 0, 2, 1, 0, 0, 0, 0, 1, 3, 0],836.569815134707,52504.092339752446,107095.57005228325,false
49,G2_TEC,G4_BALANCED,[31, 11, 15, 82, 26, 9, 95, 32, 77, 68, 47, 5, 93, 78, 86, 54, 85, 63, 18, 44, 20, 49, 36, 14, 74, 50, 53, 17, 21, 45, 71, 64, 3, 23, 30, 83, 24, 41, 60, 52, 65, 27, 90, 70, 39, 87, 48, 69, 42, 4, 75, 1, 13, 58, 97, 59, 28, 8, 73, 37, 35, 79, 22, 66, 76, 99, 40, 80, 56, 6, 67, 61, 33, 7, 57, 34, 12, 16, 10, 94, 96, 88, 43, 81, 91, 2, 84, 29, 92, 19, 51, 55, 46, 25, 72, 89, 38, 98, 62, 0]|[2, 1, 1, 2, 1, 2, 1, 0, 1, 1, 1, 0, 2, 2, 1, 2, 0, 0, 0, 2, 2, 1, 0, 2, 0, 2, 2, 1, 0, 1, 1, 1, 0, 0, 1, 0, 2, 1, 2, 2, 0, 0, 1, 1, 0, 2, 0, 2, 0, 0, 0, 2, 0, 2, 2, 0, 1, 1, 0, 0, 2, 1, 1, 2, 2, 0, 2, 2, 2, 1, 2, 1, 1, 2, 0, 1, 1, 2, 1, 2, 0, 1, 1, 1, 1, 0, 0, 1, 0, 1, 1, 0, 0, 0, 1, 1, 0, 2, 1, 0]|[0, 3, 2, 0, 4, 1, 4, 2, 2, 4, 3, 2, 1, 0, 2, 1, 1, 1, 2, 1, 1, 3, 0, 1, 0, 1, 1, 4, 1, 4, 3, 2, 2, 0, 4, 1, 1, 4, 1, 1, 2, 1, 4, 4, 1, 1, 0, 1, 2, 2, 2, 1, 2, 1, 1, 2, 4, 3, 0, 2, 1, 3, 3, 1, 1, 2, 1, 1, 1, 4, 1, 3, 4, 1, 2, 4, 3, 1, 1, 1, 2, 4, 4, 4, 3, 2, 2, 3, 2, 4, 3, 2, 2, 2, 4, 4, 2, 1, 3, 2]|[0, 2, 1, 0, 3, 0, 1, 0, 0, 0, 2, 0, 1, 0, 1, 0, 0, 0, 1, 0, 0, 2, 0, 0, 1, 0, 0, 3, 0, 1, 0, 2, 0, 1, 3, 0, 1, 1, 0, 0, 0, 0, 1, 3, 0, 0, 1, 0, 0, 0, 0, 0, 0, 0, 1, 0, 1, 0, 1, 1, 0, 2, 0, 0, 0, 0, 0, 0, 0, 2, 0, 0, 1, 0, 0, 1, 0, 0, 3, 0, 0, 1, 2, 2, 0, 0, 0, 0, 0, 1, 0, 0, 0, 0, 1, 1, 0, 0, 0, 0],958.0022969495419,50161.64007996324,102178.4374853198,true
49,G3_TWC,G3_TWC,[31, 22, 42, 15, 26, 58, 95, 82, 77, 12, 47, 5, 93, 78, 98, 54, 85, 63, 18, 44, 20, 35, 43, 97, 91, 76, 10, 30, 21, 45, 71, 64, 1, 23, 17, 83, 24, 61, 60, 36, 6, 57, 94, 88, 65, 56, 79, 40, 67, 68, 46, 75, 38, 9, 19, 32, 81, 41, 27, 62, 87, 90, 99, 59, 11, 16, 72, 73, 70, 39, 37, 84, 3, 92, 25, 74, 28, 29, 51, 7, 53, 14, 86, 48, 89, 50, 66, 96, 33, 80, 4, 8, 55, 49, 0, 52, 69, 2, 13, 34]|[1, 1, 0, 1, 1, 1, 2, 1, 2, 1, 2, 2, 2, 1, 1, 0, 0, 1, 0, 2, 2, 0, 1, 2, 0, 1, 2, 2, 0, 0, 1, 2, 1, 2, 1, 0, 2, 0, 1, 1, 0, 1, 1, 1, 0, 2, 1, 1, 0, 0, 0, 0, 1, 1, 2, 1, 2, 0, 0, 0, 2, 1, 0, 1, 2, 1, 2, 1, 1, 1, 1, 1, 2, 0, 1, 2, 0, 0, 0, 1, 0, 1, 0, 0, 1, 0, 0, 0, 2, 0, 0, 1, 1, 0, 0, 1, 1, 0, 0, 2]|[4, 3, 2, 2, 0, 0, 2, 2, 2, 4, 1, 1, 2, 4, 4, 1, 1, 4, 2, 1, 1, 1, 1, 2, 1, 2, 1, 1, 1, 1, 3, 2, 3, 0, 4, 0, 1, 1, 0, 3, 2, 2, 4, 0, 1, 1, 3, 2, 0, 1, 2, 2, 1, 4, 0, 3, 2, 1, 1, 2, 1, 3, 1, 1, 1, 3, 0, 4, 3, 1, 4, 1, 1, 2, 4, 1, 2, 1, 1, 3, 2, 3, 1, 1, 1, 1, 1, 1, 1, 1, 2, 3, 4, 1, 2, 1, 3, 2, 2, 1]|[0, 2, 1, 1, 3, 3, 0, 1, 0, 0, 0, 0, 1, 0, 1, 0, 0, 3, 1, 0, 0, 0, 3, 1, 0, 2, 0, 0, 0, 1, 0, 0, 0, 0, 3, 0, 1, 0, 0, 2, 1, 1, 2, 0, 0, 0, 0, 1, 1, 0, 0, 0, 1, 3, 0, 0, 1, 0, 0, 1, 0, 2, 0, 1, 0, 2, 1, 0, 0, 1, 1, 3, 0, 1, 3, 0, 1, 0, 0, 2, 1, 0, 0, 0, 1, 0, 0, 0, 0, 0, 1, 2, 3, 1, 0, 1, 0, 0, 0, 0],802.5281847645216,57652.86795409501,87938.17744329936,false
49,G1_CMAX,G1_CMAX,[31, 22, 90, 26, 58, 95, 42, 12, 93, 5, 78, 86, 98, 18, 20, 35, 3, 97, 91, 76, 10, 85, 54, 45, 63, 71, 66, 1, 23, 17, 24, 60, 36, 6, 57, 15, 65, 56, 47, 79, 94, 67, 50, 46, 14, 75, 38, 9, 30, 19, 32, 81, 27, 92, 83, 87, 40, 99, 59, 11, 53, 16, 72, 77, 73, 70, 39, 37, 84, 43, 62, 25, 55, 28, 29, 51, 68, 82, 74, 61, 88, 21, 80, 89, 7, 69, 96, 41, 48, 4, 8, 34, 49, 52, 0, 44, 13, 2, 64, 33]|[1, 1, 1, 1, 0, 2, 1, 1, 2, 2, 2, 1, 0, 1, 2, 2, 1, 2, 0, 1, 2, 2, 2, 0, 0, 1, 2, 1, 2, 1, 2, 1, 1, 0, 1, 1, 0, 2, 2, 1, 1, 0, 0, 0, 0, 1, 1, 1, 1, 2, 1, 2, 2, 0, 0, 2, 1, 0, 0, 2, 0, 1, 2, 2, 1, 1, 1, 1, 1, 1, 0, 1, 1, 0, 0, 0, 0, 0, 2, 1, 1, 0, 0, 1, 1, 1, 2, 2, 0, 1, 1, 2, 0, 1, 0, 0, 0, 0, 2, 2]|[0, 4, 3, 0, 1, 1, 2, 4, 1, 1, 2, 4, 1, 4, 1, 1, 1, 2, 2, 2, 2, 1, 1, 1, 2, 3, 2, 3, 0, 4, 1, 0, 3, 2, 2, 2, 1, 1, 1, 0, 2, 0, 1, 2, 1, 3, 1, 4, 2, 0, 3, 2, 1, 2, 1, 1, 4, 1, 1, 1, 2, 3, 0, 2, 4, 3, 1, 4, 1, 1, 1, 4, 4, 2, 1, 1, 1, 2, 1, 3, 0, 1, 1, 1, 1, 3, 1, 1, 1, 4, 3, 1, 1, 1, 2, 2, 2, 2, 1, 1]|[3, 0, 2, 3, 0, 0, 1, 0, 0, 0, 1, 0, 0, 3, 0, 0, 1, 1, 1, 2, 1, 0, 0, 0, 0, 0, 0, 0, 0, 3, 1, 0, 2, 1, 1, 1, 0, 0, 0, 0, 1, 1, 0, 0, 0, 0, 1, 3, 2, 0, 0, 1, 0, 1, 0, 0, 2, 0, 0, 0, 1, 2, 1, 1, 0, 0, 1, 1, 3, 3, 0, 3, 3, 1, 0, 0, 0, 1, 0, 0, 0, 0, 0, 1, 2, 2, 0, 0, 0, 0, 2, 0, 1, 1, 0, 0, 0, 0, 0, 0],705.0470749739228,58445.79123614564,95781.2895945797,false
49,G4_BALANCED,G4_BALANCED,[31, 11, 15, 82, 26, 9, 95, 32, 77, 68, 47, 5, 93, 78, 86, 54, 85, 63, 18, 44, 20, 49, 36, 14, 74, 50, 53, 17, 21, 45, 71, 64, 3, 23, 30, 83, 24, 41, 60, 52, 65, 27, 90, 70, 39, 87, 48, 69, 99, 4, 46, 1, 13, 58, 97, 59, 28, 75, 73, 37, 35, 79, 22, 66, 76, 42, 40, 80, 96, 6, 16, 61, 33, 7, 57, 34, 12, 67, 10, 98, 56, 88, 29, 94, 91, 51, 19, 92, 43, 84, 38, 72, 81, 8, 2, 55, 62, 89, 25, 0]|[2, 1, 1, 2, 1, 2, 1, 1, 1, 1, 1, 0, 2, 2, 1, 2, 0, 0, 0, 2, 2, 1, 0, 2, 0, 2, 2, 1, 0, 1, 1, 1, 0, 0, 1, 0, 2, 1, 2, 2, 0, 0, 1, 1, 0, 2, 0, 2, 1, 0, 0, 2, 0, 0, 2, 0, 1, 0, 0, 0, 2, 1, 0, 2, 2, 0, 2, 2, 0, 1, 2, 1, 1, 2, 0, 1, 1, 1, 1, 2, 2, 1, 1, 2, 1, 1, 1, 0, 1, 0, 0, 1, 1, 1, 2, 0, 1, 1, 1, 0]|[1, 3, 2, 0, 4, 1, 4, 4, 2, 4, 3, 2, 1, 0, 2, 1, 1, 1, 2, 1, 1, 3, 0, 1, 0, 1, 1, 4, 1, 4, 3, 2, 2, 0, 4, 1, 1, 4, 0, 1, 2, 1, 4, 4, 1, 1, 0, 2, 3, 1, 2, 1, 2, 1, 1, 2, 4, 2, 0, 2, 2, 3, 1, 0, 1, 2, 0, 1, 2, 4, 1, 3, 4, 1, 2, 4, 3, 3, 3, 1, 1, 4, 3, 1, 3, 3, 4, 2, 4, 2, 2, 4, 1, 3, 1, 2, 3, 4, 4, 2]|[1, 2, 1, 0, 3, 0, 1, 3, 0, 0, 2, 0, 1, 0, 1, 0, 0, 0, 1, 0, 0, 2, 0, 0, 1, 0, 0, 3, 0, 1, 0, 2, 0, 1, 3, 0, 1, 3, 1, 0, 0, 0, 1, 3, 0, 0, 1, 0, 2, 0, 0, 0, 0, 0, 1, 0, 1, 0, 1, 1, 0, 2, 0, 0, 0, 0, 0, 0, 0, 2, 0, 0, 1, 0, 0, 1, 0, 0, 3, 0, 0, 1, 0, 0, 0, 0, 3, 0, 2, 0, 0, 2, 1, 0, 0, 0, 0, 1, 3, 0],836.569815134707,52504.092339752446,107095.57005228325,false
49,G2_TEC,G2_TEC,[31, 22, 82, 15, 26, 9, 95, 42, 77, 68, 47, 5, 93, 78, 86, 54, 85, 63, 18, 44, 20, 49, 36, 14, 74, 50, 53, 17, 21, 28, 11, 64, 3, 23, 30, 83, 24, 41, 40, 52, 65, 27, 90, 70, 39, 87, 48, 69, 99, 4, 75, 1, 13, 58, 97, 59, 45, 8, 73, 37, 35, 79, 71, 66, 76, 32, 60, 80, 56, 6, 67, 61, 33, 7, 57, 34, 12, 16, 10, 98, 96, 88, 43, 81, 91, 2, 84, 29, 92, 19, 51, 55, 89, 25, 72, 46, 94, 38, 62, 0]|[2, 1, 2, 1, 1, 2, 1, 1, 1, 1, 1, 0, 2, 2, 1, 2, 0, 0, 0, 2, 2, 1, 0, 2, 0, 2, 2, 1, 0, 1, 1, 1, 0, 0, 1, 0, 2, 1, 2, 2, 0, 0, 1, 1, 0, 2, 0, 2, 1, 0, 0, 2, 0, 2, 2, 0, 1, 1, 0, 0, 2, 1, 1, 2, 2, 0, 2, 2, 2, 1, 2, 1, 1, 2, 0, 1, 1, 2, 1, 2, 0, 1, 1, 1, 1, 0, 0, 1, 0, 1, 1, 0, 1, 1, 1, 0, 2, 0, 1, 0]|[0, 3, 0, 3, 4, 1, 4, 4, 4, 4, 3, 2, 1, 0, 2, 1, 1, 1, 2, 1, 1, 3, 0, 1, 0, 1, 1, 4, 1, 4, 3, 2, 2, 0, 4, 1, 1, 4, 1, 1, 2, 1, 4, 4, 1, 1, 0, 1, 3, 2, 2, 1, 2, 1, 1, 2, 4, 3, 0, 2, 1, 3, 3, 1, 1, 2, 1, 1, 1, 4, 1, 3, 4, 1, 2, 4, 3, 1, 3, 1, 2, 4, 4, 4, 3, 2, 2, 3, 2, 4, 3, 2, 4, 4, 4, 2, 1, 2, 3, 2]|[0, 2, 0, 0, 3, 0, 1, 3, 1, 0, 2, 0, 1, 0, 1, 0, 0, 0, 1, 0, 0, 2, 0, 0, 1, 0, 0, 3, 0, 1, 0, 2, 0, 0, 3, 0, 1, 1, 0, 0, 0, 0, 1, 3, 0, 0, 1, 0, 2, 0, 0, 0, 0, 0, 1, 0, 1, 0, 1, 1, 0, 2, 0, 0, 0, 0, 0, 0, 0, 2, 0, 0, 1, 0, 0, 1, 0, 0, 3, 0, 0, 1, 2, 2, 0, 0, 0, 3, 0, 1, 0, 0, 1, 3, 1, 0, 0, 0, 0, 0],910.6024065900936,48491.8951558845,107376.01945264004,false
49,G3_TWC,G3_TWC,[31, 22, 42, 15, 26, 58, 95, 82, 77, 12, 47, 5, 93, 78, 98, 54, 85, 63, 18, 44, 20, 35, 43, 97, 91, 76, 10, 30, 21, 45, 71, 64, 1, 23, 17, 83, 24, 61, 60, 36, 6, 57, 94, 88, 65, 56, 79, 40, 67, 68, 46, 75, 38, 9, 19, 32, 81, 41, 27, 62, 87, 90, 99, 59, 11, 16, 72, 73, 70, 39, 37, 84, 3, 92, 25, 74, 28, 29, 51, 7, 53, 14, 86, 48, 89, 50, 66, 96, 33, 80, 4, 8, 55, 49, 0, 52, 69, 2, 13, 34]|[1, 1, 0, 1, 1, 1, 2, 1, 2, 1, 2, 2, 2, 1, 1, 0, 0, 1, 0, 2, 2, 0, 1, 2, 0, 1, 2, 2, 0, 0, 1, 2, 1, 2, 1, 0, 2, 0, 1, 1, 0, 1, 1, 1, 0, 2, 1, 1, 0, 0, 0, 0, 1, 1, 2, 1, 2, 0, 0, 0, 2, 1, 0, 1, 2, 1, 2, 1, 1, 1, 1, 1, 2, 0, 1, 2, 0, 0, 0, 1, 0, 1, 0, 0, 1, 0, 0, 0, 2, 0, 0, 1, 1, 0, 0, 1, 1, 0, 0, 2]|[4, 3, 2, 2, 0, 0, 2, 2, 2, 4, 1, 1, 2, 4, 4, 1, 1, 4, 2, 1, 1, 1, 1, 2, 1, 2, 1, 1, 1, 1, 3, 2, 3, 0, 4, 0, 1, 1, 0, 3, 2, 2, 4, 0, 1, 1, 3, 2, 0, 1, 2, 2, 1, 4, 0, 3, 2, 1, 1, 2, 1, 3, 1, 1, 1, 3, 0, 4, 3, 1, 4, 1, 1, 2, 4, 1, 2, 1, 1, 3, 2, 3, 1, 1, 1, 1, 1, 1, 1, 1, 2, 3, 4, 1, 2, 1, 3, 2, 2, 1]|[0, 2, 1, 1, 3, 3, 0, 1, 0, 0, 0, 0, 1, 0, 1, 0, 0, 3, 1, 0, 0, 0, 3, 1, 0, 2, 0, 0, 0, 1, 0, 0, 0, 0, 3, 0, 1, 0, 0, 2, 1, 1, 2, 0, 0, 0, 0, 1, 1, 0, 0, 0, 1, 3, 0, 0, 1, 0, 0, 1, 0, 2, 0, 1, 0, 2, 1, 0, 0, 1, 1, 3, 0, 1, 3, 0, 1, 0, 0, 2, 1, 0, 0, 0, 1, 0, 0, 0, 0, 0, 1, 2, 3, 1, 0, 1, 0, 0, 0, 0],802.5281847645216,57652.86795409501,87938.17744329936,false
49,G1_CMAX,G1_CMAX,[31, 22, 90, 26, 58, 95, 42, 12, 93, 5, 78, 86, 98, 18, 20, 35, 3, 97, 91, 76, 10, 85, 54, 45, 63, 71, 66, 1, 23, 17, 24, 60, 36, 6, 57, 15, 65, 56, 47, 79, 94, 67, 50, 46, 14, 75, 38, 9, 30, 19, 32, 81, 27, 92, 83, 87, 40, 99, 59, 11, 53, 16, 72, 77, 73, 70, 39, 37, 84, 43, 62, 25, 55, 28, 29, 51, 68, 82, 74, 61, 88, 21, 80, 89, 7, 69, 96, 41, 48, 4, 8, 34, 49, 52, 0, 44, 13, 2, 64, 33]|[1, 1, 1, 1, 0, 2, 1, 1, 2, 2, 2, 1, 0, 1, 2, 2, 1, 2, 0, 1, 2, 2, 2, 0, 0, 1, 2, 1, 2, 1, 2, 1, 1, 0, 1, 1, 0, 2, 2, 1, 1, 0, 0, 0, 0, 1, 1, 1, 1, 2, 1, 2, 2, 0, 0, 2, 1, 0, 0, 2, 0, 1, 2, 2, 1, 1, 1, 1, 1, 1, 0, 1, 1, 0, 0, 0, 0, 0, 2, 1, 1, 0, 0, 1, 1, 1, 2, 2, 0, 1, 1, 2, 0, 1, 0, 0, 0, 0, 2, 2]|[0, 4, 3, 0, 1, 1, 2, 4, 1, 1, 2, 4, 1, 4, 1, 1, 1, 2, 2, 2, 2, 1, 1, 1, 2, 3, 2, 3, 0, 4, 1, 0, 3, 2, 2, 2, 1, 1, 1, 0, 2, 0, 1, 2, 1, 3, 1, 4, 2, 0, 3, 2, 1, 2, 1, 1, 4, 1, 1, 1, 2, 3, 0, 2, 4, 3, 1, 4, 1, 1, 1, 4, 4, 2, 1, 1, 1, 2, 1, 3, 0, 1, 1, 1, 1, 3, 1, 1, 1, 4, 3, 1, 1, 1, 2, 2, 2, 2, 1, 1]|[3, 0, 2, 3, 0, 0, 1, 0, 0, 0, 1, 0, 0, 3, 0, 0, 1, 1, 1, 2, 1, 0, 0, 0, 0, 0, 0, 0, 0, 3, 1, 0, 2, 1, 1, 1, 0, 0, 0, 0, 1, 1, 0, 0, 0, 0, 1, 3, 2, 0, 0, 1, 0, 1, 0, 0, 2, 0, 0, 0, 1, 2, 1, 1, 0, 0, 1, 1, 3, 3, 0, 3, 3, 1, 0, 0, 0, 1, 0, 0, 0, 0, 0, 1, 2, 2, 0, 0, 0, 0, 2, 0, 1, 1, 0, 0, 0, 0, 0, 0],705.0470749739228,58445.79123614564,95781.2895945797,false
49,G4_BALANCED,G4_BALANCED,[31, 11, 15, 82, 26, 9, 95, 32, 77, 68, 47, 5, 93, 78, 86, 54, 85, 63, 18, 44, 20, 49, 36, 14, 74, 50, 53, 17, 21, 45, 71, 64, 3, 23, 30, 83, 24, 41, 60, 52, 65, 27, 90, 70, 39, 87, 48, 69, 99, 4, 46, 1, 13, 58, 97, 59, 28, 75, 73, 37, 35, 79, 22, 66, 76, 42, 40, 80, 96, 6, 16, 61, 33, 7, 57, 34, 12, 67, 10, 98, 56, 88, 29, 94, 91, 51, 19, 92, 43, 84, 38, 72, 81, 8, 2, 55, 62, 89, 25, 0]|[2, 1, 1, 2, 1, 2, 1, 1, 1, 1, 1, 0, 2, 2, 1, 2, 0, 0, 0, 2, 2, 1, 0, 2, 0, 2, 2, 1, 0, 1, 1, 1, 0, 0, 1, 0, 2, 1, 2, 2, 0, 0, 1, 1, 0, 2, 0, 2, 1, 0, 0, 2, 0, 0, 2, 0, 1, 0, 0, 0, 2, 1, 0, 2, 2, 0, 2, 2, 0, 1, 2, 1, 1, 2, 0, 1, 1, 1, 1, 2, 2, 1, 1, 2, 1, 1, 1, 0, 1, 0, 0, 1, 1, 1, 2, 0, 1, 1, 1, 0]|[1, 3, 2, 0, 4, 1, 4, 4, 2, 4, 3, 2, 1, 0, 2, 1, 1, 1, 2, 1, 1, 3, 0, 1, 0, 1, 1, 4, 1, 4, 3, 2, 2, 0, 4, 1, 1, 4, 0, 1, 2, 1, 4, 4, 1, 1, 0, 2, 3, 1, 2, 1, 2, 1, 1, 2, 4, 2, 0, 2, 2, 3, 1, 0, 1, 2, 0, 1, 2, 4, 1, 3, 4, 1, 2, 4, 3, 3, 3, 1, 1, 4, 3, 1, 3, 3, 4, 2, 4, 2, 2, 4, 1, 3, 1, 2, 3, 4, 4, 2]|[1, 2, 1, 0, 3, 0, 1, 3, 0, 0, 2, 0, 1, 0, 1, 0, 0, 0, 1, 0, 0, 2, 0, 0, 1, 0, 0, 3, 0, 1, 0, 2, 0, 1, 3, 0, 1, 3, 1, 0, 0, 0, 1, 3, 0, 0, 1, 0, 2, 0, 0, 0, 0, 0, 1, 0, 1, 0, 1, 1, 0, 2, 0, 0, 0, 0, 0, 0, 0, 2, 0, 0, 1, 0, 0, 1, 0, 0, 3, 0, 0, 1, 0, 0, 0, 0, 3, 0, 2, 0, 0, 2, 1, 0, 0, 0, 0, 1, 3, 0],836.569815134707,52504.092339752446,107095.57005228325,false
49,G2_TEC,G2_TEC,[31, 22, 82, 15, 26, 9, 95, 42, 77, 68, 47, 5, 93, 78, 86, 54, 85, 63, 18, 44, 20, 49, 36, 14, 74, 50, 53, 17, 21, 28, 11, 64, 3, 23, 30, 83, 24, 41, 40, 52, 65, 27, 90, 70, 39, 87, 48, 69, 99, 4, 75, 1, 13, 58, 97, 59, 45, 8, 73, 37, 35, 79, 71, 66, 76, 32, 60, 80, 56, 6, 67, 61, 33, 7, 57, 34, 12, 16, 10, 98, 96, 88, 43, 81, 91, 2, 84, 29, 92, 19, 51, 55, 89, 25, 72, 46, 94, 38, 62, 0]|[2, 1, 2, 1, 1, 2, 1, 1, 1, 1, 1, 0, 2, 2, 1, 2, 0, 0, 0, 2, 2, 1, 0, 2, 0, 2, 2, 1, 0, 1, 1, 1, 0, 0, 1, 0, 2, 1, 2, 2, 0, 0, 1, 1, 0, 2, 0, 2, 1, 0, 0, 2, 0, 2, 2, 0, 1, 1, 0, 0, 2, 1, 1, 2, 2, 0, 2, 2, 2, 1, 2, 1, 1, 2, 0, 1, 1, 2, 1, 2, 0, 1, 1, 1, 1, 0, 0, 1, 0, 1, 1, 0, 1, 1, 1, 0, 2, 0, 1, 0]|[0, 3, 0, 3, 4, 1, 4, 4, 4, 4, 3, 2, 1, 0, 2, 1, 1, 1, 2, 1, 1, 3, 0, 1, 0, 1, 1, 4, 1, 4, 3, 2, 2, 0, 4, 1, 1, 4, 1, 1, 2, 1, 4, 4, 1, 1, 0, 1, 3, 2, 2, 1, 2, 1, 1, 2, 4, 3, 0, 2, 1, 3, 3, 1, 1, 2, 1, 1, 1, 4, 1, 3, 4, 1, 2, 4, 3, 1, 3, 1, 2, 4, 4, 4, 3, 2, 2, 3, 2, 4, 3, 2, 4, 4, 4, 2, 1, 2, 3, 2]|[0, 2, 0, 0, 3, 0, 1, 3, 1, 0, 2, 0, 1, 0, 1, 0, 0, 0, 1, 0, 0, 2, 0, 0, 1, 0, 0, 3, 0, 1, 0, 2, 0, 0, 3, 0, 1, 1, 0, 0, 0, 0, 1, 3, 0, 0, 1, 0, 2, 0, 0, 0, 0, 0, 1, 0, 1, 0, 1, 1, 0, 2, 0, 0, 0, 0, 0, 0, 0, 2, 0, 0, 1, 0, 0, 1, 0, 0, 3, 0, 0, 1, 2, 2, 0, 0, 0, 3, 0, 1, 0, 0, 1, 3, 1, 0, 0, 0, 0, 0],910.6024065900936,48491.8951558845,107376.01945264004,false
49,G3_TWC,G3_TWC,[31, 22, 42, 15, 26, 58, 95, 82, 77, 12, 47, 5, 93, 78, 98, 54, 85, 63, 18, 44, 20, 35, 43, 97, 91, 76, 10, 30, 21, 45, 71, 64, 1, 23, 17, 83, 24, 61, 60, 36, 6, 57, 94, 88, 65, 56, 79, 40, 67, 68, 46, 75, 38, 9, 19, 32, 81, 41, 27, 62, 87, 90, 99, 59, 11, 16, 72, 73, 70, 39, 37, 84, 3, 92, 25, 74, 28, 29, 51, 7, 53, 14, 86, 48, 89, 50, 66, 96, 33, 80, 4, 8, 55, 49, 0, 52, 69, 2, 13, 34]|[1, 1, 0, 1, 1, 1, 2, 1, 2, 1, 2, 2, 2, 1, 1, 0, 0, 1, 0, 2, 2, 0, 1, 2, 0, 1, 2, 2, 0, 0, 1, 2, 1, 2, 1, 0, 2, 0, 1, 1, 0, 1, 1, 1, 0, 2, 1, 1, 0, 0, 0, 0, 1, 1, 2, 1, 2, 0, 0, 0, 2, 1, 0, 1, 2, 1, 2, 1, 1, 1, 1, 1, 2, 0, 1, 2, 0, 0, 0, 1, 0, 1, 0, 0, 1, 0, 0, 0, 2, 0, 0, 1, 1, 0, 0, 1, 1, 0, 0, 2]|[4, 3, 2, 2, 0, 0, 2, 2, 2, 4, 1, 1, 2, 4, 4, 1, 1, 4, 2, 1, 1, 1, 1, 2, 1, 2, 1, 1, 1, 1, 3, 2, 3, 0, 4, 0, 1, 1, 0, 3, 2, 2, 4, 0, 1, 1, 3, 2, 0, 1, 2, 2, 1, 4, 0, 3, 2, 1, 1, 2, 1, 3, 1, 1, 1, 3, 0, 4, 3, 1, 4, 1, 1, 2, 4, 1, 2, 1, 1, 3, 2, 3, 1, 1, 1, 1, 1, 1, 1, 1, 2, 3, 4, 1, 2, 1, 3, 2, 2, 1]|[0, 2, 1, 1, 3, 3, 0, 1, 0, 0, 0, 0, 1, 0, 1, 0, 0, 3, 1, 0, 0, 0, 3, 1, 0, 2, 0, 0, 0, 1, 0, 0, 0, 0, 3, 0, 1, 0, 0, 2, 1, 1, 2, 0, 0, 0, 0, 1, 1, 0, 0, 0, 1, 3, 0, 0, 1, 0, 0, 1, 0, 2, 0, 1, 0, 2, 1, 0, 0, 1, 1, 3, 0, 1, 3, 0, 1, 0, 0, 2, 1, 0, 0, 0, 1, 0, 0, 0, 0, 0, 1, 2, 3, 1, 0, 1, 0, 0, 0, 0],802.5281847645216,57652.86795409501,87938.17744329936,false
49,G1_CMAX,G1_CMAX,[31, 22, 90, 26, 58, 95, 42, 12, 93, 5, 78, 86, 98, 18, 20, 35, 3, 97, 91, 76, 10, 85, 54, 45, 63, 71, 66, 1, 23, 17, 24, 60, 36, 6, 57, 15, 65, 56, 47, 79, 94, 67, 50, 46, 14, 75, 38, 9, 30, 19, 32, 81, 27, 92, 83, 87, 40, 99, 59, 11, 53, 16, 72, 77, 73, 70, 39, 37, 84, 43, 62, 25, 55, 28, 29, 51, 68, 82, 74, 61, 88, 21, 80, 89, 7, 69, 96, 41, 48, 4, 8, 34, 49, 52, 0, 44, 13, 2, 64, 33]|[1, 1, 1, 1, 0, 2, 1, 1, 2, 2, 2, 1, 0, 1, 2, 2, 1, 2, 0, 1, 2, 2, 2, 0, 0, 1, 2, 1, 2, 1, 2, 1, 1, 0, 1, 1, 0, 2, 2, 1, 1, 0, 0, 0, 0, 1, 1, 1, 1, 2, 1, 2, 2, 0, 0, 2, 1, 0, 0, 2, 0, 1, 2, 2, 1, 1, 1, 1, 1, 1, 0, 1, 1, 0, 0, 0, 0, 0, 2, 1, 1, 0, 0, 1, 1, 1, 2, 2, 0, 1, 1, 2, 0, 1, 0, 0, 0, 0, 2, 2]|[0, 4, 3, 0, 1, 1, 2, 4, 1, 1, 2, 4, 1, 4, 1, 1, 1, 2, 2, 2, 2, 1, 1, 1, 2, 3, 2, 3, 0, 4, 1, 0, 3, 2, 2, 2, 1, 1, 1, 0, 2, 0, 1, 2, 1, 3, 1, 4, 2, 0, 3, 2, 1, 2, 1, 1, 4, 1, 1, 1, 2, 3, 0, 2, 4, 3, 1, 4, 1, 1, 1, 4, 4, 2, 1, 1, 1, 2, 1, 3, 0, 1, 1, 1, 1, 3, 1, 1, 1, 4, 3, 1, 1, 1, 2, 2, 2, 2, 1, 1]|[3, 0, 2, 3, 0, 0, 1, 0, 0, 0, 1, 0, 0, 3, 0, 0, 1, 1, 1, 2, 1, 0, 0, 0, 0, 0, 0, 0, 0, 3, 1, 0, 2, 1, 1, 1, 0, 0, 0, 0, 1, 1, 0, 0, 0, 0, 1, 3, 2, 0, 0, 1, 0, 1, 0, 0, 2, 0, 0, 0, 1, 2, 1, 1, 0, 0, 1, 1, 3, 3, 0, 3, 3, 1, 0, 0, 0, 1, 0, 0, 0, 0, 0, 1, 2, 2, 0, 0, 0, 0, 2, 0, 1, 1, 0, 0, 0, 0, 0, 0],705.0470749739228,58445.79123614564,95781.2895945797,false
49,G4_BALANCED,G4_BALANCED,[31, 11, 15, 82, 26, 9, 95, 32, 77, 68, 47, 5, 93, 78, 86, 54, 85, 63, 18, 44, 20, 49, 36, 14, 74, 50, 53, 17, 21, 45, 71, 64, 3, 23, 30, 83, 24, 41, 60, 52, 65, 27, 90, 70, 39, 87, 48, 69, 99, 4, 46, 1, 13, 58, 97, 59, 28, 75, 73, 37, 35, 79, 22, 66, 76, 42, 40, 80, 96, 6, 16, 61, 33, 7, 57, 34, 12, 67, 10, 98, 56, 88, 29, 94, 91, 51, 19, 92, 43, 84, 38, 72, 81, 8, 2, 55, 62, 89, 25, 0]|[2, 1, 1, 2, 1, 2, 1, 1, 1, 1, 1, 0, 2, 2, 1, 2, 0, 0, 0, 2, 2, 1, 0, 2, 0, 2, 2, 1, 0, 1, 1, 1, 0, 0, 1, 0, 2, 1, 2, 2, 0, 0, 1, 1, 0, 2, 0, 2, 1, 0, 0, 2, 0, 0, 2, 0, 1, 0, 0, 0, 2, 1, 0, 2, 2, 0, 2, 2, 0, 1, 2, 1, 1, 2, 0, 1, 1, 1, 1, 2, 2, 1, 1, 2, 1, 1, 1, 0, 1, 0, 0, 1, 1, 1, 2, 0, 1, 1, 1, 0]|[1, 3, 2, 0, 4, 1, 4, 4, 2, 4, 3, 2, 1, 0, 2, 1, 1, 1, 2, 1, 1, 3, 0, 1, 0, 1, 1, 4, 1, 4, 3, 2, 2, 0, 4, 1, 1, 4, 0, 1, 2, 1, 4, 4, 1, 1, 0, 2, 3, 1, 2, 1, 2, 1, 1, 2, 4, 2, 0, 2, 2, 3, 1, 0, 1, 2, 0, 1, 2, 4, 1, 3, 4, 1, 2, 4, 3, 3, 3, 1, 1, 4, 3, 1, 3, 3, 4, 2, 4, 2, 2, 4, 1, 3, 1, 2, 3, 4, 4, 2]|[1, 2, 1, 0, 3, 0, 1, 3, 0, 0, 2, 0, 1, 0, 1, 0, 0, 0, 1, 0, 0, 2, 0, 0, 1, 0, 0, 3, 0, 1, 0, 2, 0, 1, 3, 0, 1, 3, 1, 0, 0, 0, 1, 3, 0, 0, 1, 0, 2, 0, 0, 0, 0, 0, 1, 0, 1, 0, 1, 1, 0, 2, 0, 0, 0, 0, 0, 0, 0, 2, 0, 0, 1, 0, 0, 1, 0, 0, 3, 0, 0, 1, 0, 0, 0, 0, 3, 0, 2, 0, 0, 2, 1, 0, 0, 0, 0, 1, 3, 0],836.569815134707,52504.092339752446,107095.57005228325,false
49,G2_TEC,G2_TEC,[31, 22, 82, 15, 26, 9, 95, 42, 77, 68, 47, 5, 93, 78, 86, 54, 85, 63, 18, 44, 20, 49, 36, 14, 74, 50, 53, 17, 21, 28, 11, 64, 3, 23, 30, 83, 24, 41, 40, 52, 65, 27, 90, 70, 39, 87, 48, 69, 99, 4, 75, 1, 13, 58, 97, 59, 45, 8, 73, 37, 35, 79, 71, 66, 76, 32, 60, 80, 56, 6, 67, 61, 33, 7, 57, 34, 12, 16, 10, 98, 96, 88, 43, 81, 91, 2, 84, 29, 92, 19, 51, 55, 89, 25, 72, 46, 94, 38, 62, 0]|[2, 1, 2, 1, 1, 2, 1, 1, 1, 1, 1, 0, 2, 2, 1, 2, 0, 0, 0, 2, 2, 1, 0, 2, 0, 2, 2, 1, 0, 1, 1, 1, 0, 0, 1, 0, 2, 1, 2, 2, 0, 0, 1, 1, 0, 2, 0, 2, 1, 0, 0, 2, 0, 2, 2, 0, 1, 1, 0, 0, 2, 1, 1, 2, 2, 0, 2, 2, 2, 1, 2, 1, 1, 2, 0, 1, 1, 2, 1, 2, 0, 1, 1, 1, 1, 0, 0, 1, 0, 1, 1, 0, 1, 1, 1, 0, 2, 0, 1, 0]|[0, 3, 0, 3, 4, 1, 4, 4, 4, 4, 3, 2, 1, 0, 2, 1, 1, 1, 2, 1, 1, 3, 0, 1, 0, 1, 1, 4, 1, 4, 3, 2, 2, 0, 4, 1, 1, 4, 1, 1, 2, 1, 4, 4, 1, 1, 0, 1, 3, 2, 2, 1, 2, 1, 1, 2, 4, 3, 0, 2, 1, 3, 3, 1, 1, 2, 1, 1, 1, 4, 1, 3, 4, 1, 2, 4, 3, 1, 3, 1, 2, 4, 4, 4, 3, 2, 2, 3, 2, 4, 3, 2, 4, 4, 4, 2, 1, 2, 3, 2]|[0, 2, 0, 0, 3, 0, 1, 3, 1, 0, 2, 0, 1, 0, 1, 0, 0, 0, 1, 0, 0, 2, 0, 0, 1, 0, 0, 3, 0, 1, 0, 2, 0, 0, 3, 0, 1, 1, 0, 0, 0, 0, 1, 3, 0, 0, 1, 0, 2, 0, 0, 0, 0, 0, 1, 0, 1, 0, 1, 1, 0, 2, 0, 0, 0, 0, 0, 0, 0, 2, 0, 0, 1, 0, 0, 1, 0, 0, 3, 0, 0, 1, 2, 2, 0, 0, 0, 3, 0, 1, 0, 0, 1, 3, 1, 0, 0, 0, 0, 0],910.6024065900936,48491.8951558845,107376.01945264004,false
49,G3_TWC,G3_TWC,[31, 22, 42, 15, 26, 58, 95, 82, 77, 12, 47, 5, 93, 78, 98, 54, 85, 63, 18, 44, 20, 35, 43, 97, 91, 76, 10, 30, 21, 45, 71, 64, 1, 23, 17, 83, 24, 61, 60, 36, 6, 57, 94, 88, 65, 56, 79, 40, 67, 68, 46, 75, 38, 9, 19, 32, 81, 41, 27, 62, 87, 90, 99, 59, 11, 16, 72, 73, 70, 39, 37, 84, 3, 92, 25, 74, 28, 29, 51, 7, 53, 14, 86, 48, 89, 50, 66, 96, 33, 80, 4, 8, 55, 49, 0, 52, 69, 2, 13, 34]|[1, 1, 0, 1, 1, 1, 2, 1, 2, 1, 2, 2, 2, 1, 1, 0, 0, 1, 0, 2, 2, 0, 1, 2, 0, 1, 2, 2, 0, 0, 1, 2, 1, 2, 1, 0, 2, 0, 1, 1, 0, 1, 1, 1, 0, 2, 1, 1, 0, 0, 0, 0, 1, 1, 2, 1, 2, 0, 0, 0, 2, 1, 0, 1, 2, 1, 2, 1, 1, 1, 1, 1, 2, 0, 1, 2, 0, 0, 0, 1, 0, 1, 0, 0, 1, 0, 0, 0, 2, 0, 0, 1, 1, 0, 0, 1, 1, 0, 0, 2]|[4, 3, 2, 2, 0, 0, 2, 2, 2, 4, 1, 1, 2, 4, 4, 1, 1, 4, 2, 1, 1, 1, 1, 2, 1, 2, 1, 1, 1, 1, 3, 2, 3, 0, 4, 0, 1, 1, 0, 3, 2, 2, 4, 0, 1, 1, 3, 2, 0, 1, 2, 2, 1, 4, 0, 3, 2, 1, 1, 2, 1, 3, 1, 1, 1, 3, 0, 4, 3, 1, 4, 1, 1, 2, 4, 1, 2, 1, 1, 3, 2, 3, 1, 1, 1, 1, 1, 1, 1, 1, 2, 3, 4, 1, 2, 1, 3, 2, 2, 1]|[0, 2, 1, 1, 3, 3, 0, 1, 0, 0, 0, 0, 1, 0, 1, 0, 0, 3, 1, 0, 0, 0, 3, 1, 0, 2, 0, 0, 0, 1, 0, 0, 0, 0, 3, 0, 1, 0, 0, 2, 1, 1, 2, 0, 0, 0, 0, 1, 1, 0, 0, 0, 1, 3, 0, 0, 1, 0, 0, 1, 0, 2, 0, 1, 0, 2, 1, 0, 0, 1, 1, 3, 0, 1, 3, 0, 1, 0, 0, 2, 1, 0, 0, 0, 1, 0, 0, 0, 0, 0, 1, 2, 3, 1, 0, 1, 0, 0, 0, 0],802.5281847645216,57652.86795409501,87938.17744329936,false
49,G1_CMAX,G1_CMAX,[31, 22, 90, 26, 58, 95, 42, 12, 93, 5, 78, 86, 98, 18, 20, 35, 3, 97, 91, 76, 10, 85, 54, 45, 63, 71, 66, 1, 23, 17, 24, 60, 36, 6, 57, 15, 65, 56, 47, 79, 94, 67, 50, 46, 14, 75, 38, 9, 30, 19, 32, 81, 27, 92, 83, 87, 40, 99, 59, 11, 53, 16, 72, 77, 73, 70, 39, 37, 84, 43, 62, 25, 55, 28, 29, 51, 68, 82, 74, 61, 88, 21, 80, 89, 7, 69, 96, 41, 48, 4, 8, 34, 49, 52, 0, 44, 13, 2, 64, 33]|[1, 1, 1, 1, 0, 2, 1, 1, 2, 2, 2, 1, 0, 1, 2, 2, 1, 2, 0, 1, 2, 2, 2, 0, 0, 1, 2, 1, 2, 1, 2, 1, 1, 0, 1, 1, 0, 2, 2, 1, 1, 0, 0, 0, 0, 1, 1, 1, 1, 2, 1, 2, 2, 0, 0, 2, 1, 0, 0, 2, 0, 1, 2, 2, 1, 1, 1, 1, 1, 1, 0, 1, 1, 0, 0, 0, 0, 0, 2, 1, 1, 0, 0, 1, 1, 1, 2, 2, 0, 1, 1, 2, 0, 1, 0, 0, 0, 0, 2, 2]|[0, 4, 3, 0, 1, 1, 2, 4, 1, 1, 2, 4, 1, 4, 1, 1, 1, 2, 2, 2, 2, 1, 1, 1, 2, 3, 2, 3, 0, 4, 1, 0, 3, 2, 2, 2, 1, 1, 1, 0, 2, 0, 1, 2, 1, 3, 1, 4, 2, 0, 3, 2, 1, 2, 1, 1, 4, 1, 1, 1, 2, 3, 0, 2, 4, 3, 1, 4, 1, 1, 1, 4, 4, 2, 1, 1, 1, 2, 1, 3, 0, 1, 1, 1, 1, 3, 1, 1, 1, 4, 3, 1, 1, 1, 2, 2, 2, 2, 1, 1]|[3, 0, 2, 3, 0, 0, 1, 0, 0, 0, 1, 0, 0, 3, 0, 0, 1, 1, 1, 2, 1, 0, 0, 0, 0, 0, 0, 0, 0, 3, 1, 0, 2, 1, 1, 1, 0, 0, 0, 0, 1, 1, 0, 0, 0, 0, 1, 3, 2, 0, 0, 1, 0, 1, 0, 0, 2, 0, 0, 0, 1, 2, 1, 1, 0, 0, 1, 1, 3, 3, 0, 3, 3, 1, 0, 0, 0, 1, 0, 0, 0, 0, 0, 1, 2, 2, 0, 0, 0, 0, 2, 0, 1, 1, 0, 0, 0, 0, 0, 0],705.0470749739228,58445.79123614564,95781.2895945797,false
49,G4_BALANCED,G4_BALANCED,[31, 11, 15, 82, 26, 9, 95, 32, 77, 68, 47, 5, 93, 78, 86, 54, 85, 63, 18, 44, 20, 49, 36, 14, 74, 50, 53, 17, 21, 45, 71, 64, 3, 23, 30, 83, 24, 41, 60, 52, 65, 27, 90, 70, 39, 87, 48, 69, 99, 4, 46, 1, 13, 58, 97, 59, 28, 75, 73, 37, 35, 79, 22, 66, 76, 42, 40, 80, 96, 6, 16, 61, 33, 7, 57, 34, 12, 67, 10, 98, 56, 88, 43, 8, 91, 38, 84, 92, 29, 19, 51, 72, 89, 25, 2, 81, 94, 55, 62, 0]|[2, 1, 1, 2, 1, 2, 1, 1, 1, 1, 1, 0, 2, 2, 1, 2, 0, 0, 0, 2, 2, 1, 0, 2, 0, 2, 2, 1, 0, 1, 1, 1, 0, 0, 1, 0, 2, 1, 2, 2, 0, 0, 1, 1, 0, 2, 0, 2, 1, 0, 0, 2, 0, 0, 1, 0, 1, 0, 0, 0, 1, 1, 0, 2, 2, 0, 2, 2, 0, 1, 2, 1, 1, 2, 0, 1, 1, 1, 1, 2, 2, 1, 1, 1, 1, 0, 0, 0, 1, 2, 1, 1, 1, 1, 2, 1, 2, 0, 1, 0]|[0, 3, 2, 0, 4, 1, 4, 4, 2, 4, 3, 2, 1, 0, 2, 1, 1, 1, 2, 1, 1, 3, 0, 1, 0, 1, 1, 4, 1, 4, 3, 2, 2, 0, 4, 1, 1, 4, 0, 1, 2, 1, 4, 4, 1, 1, 0, 2, 3, 2, 2, 1, 2, 1, 4, 2, 4, 2, 0, 2, 3, 3, 1, 0, 1, 2, 0, 1, 2, 4, 1, 3, 4, 1, 2, 4, 3, 3, 3, 1, 1, 4, 4, 3, 3, 2, 2, 2, 3, 1, 3, 4, 4, 4, 1, 1, 1, 2, 3, 2]|[0, 2, 1, 0, 3, 0, 1, 3, 0, 0, 2, 0, 1, 0, 1, 0, 0, 0, 1, 0, 0, 2, 0, 0, 1, 0, 0, 3, 0, 1, 0, 2, 0, 1, 3, 0, 1, 3, 1, 0, 0, 0, 1, 3, 0, 0, 1, 0, 2, 0, 0, 0, 0, 0, 1, 0, 1, 0, 1, 1, 0, 2, 0, 0, 0, 0, 0, 0, 0, 2, 0, 0, 1, 0, 0, 1, 0, 0, 3, 0, 0, 1, 2, 0, 0, 0, 0, 0, 3, 1, 0, 1, 1, 3, 0, 1, 0, 0, 0, 0],846.5351127246619,51659.69094396193,107891.35183337331,false
49,G2_TEC,G2_TEC,[31, 22, 82, 15, 26, 9, 95, 42, 77, 68, 47, 5, 93, 78, 86, 54, 85, 63, 18, 44, 20, 49, 36, 14, 74, 50, 53, 17, 21, 28, 11, 64, 3, 23, 30, 83, 24, 41, 40, 52, 65, 27, 90, 70, 39, 87, 48, 69, 99, 4, 75, 1, 13, 58, 97, 59, 45, 8, 73, 37, 35, 79, 71, 66, 76, 32, 60, 80, 56, 6, 67, 61, 33, 7, 57, 34, 12, 16, 10, 98, 96, 88, 43, 81, 91, 2, 84, 29, 92, 19, 51, 55, 89, 25, 72, 46, 94, 38, 62, 0]|[2, 1, 2, 1, 1, 2, 1, 1, 1, 1, 1, 0, 2, 2, 1, 2, 0, 0, 0, 2, 2, 1, 0, 2, 0, 2, 2, 1, 0, 1, 1, 1, 0, 0, 1, 0, 2, 1, 2, 2, 0, 0, 1, 1, 0, 2, 0, 2, 1, 0, 0, 2, 0, 2, 2, 0, 1, 1, 0, 0, 2, 1, 1, 2, 2, 0, 2, 2, 2, 1, 2, 1, 1, 2, 0, 1, 1, 2, 1, 2, 0, 1, 1, 1, 1, 0, 0, 1, 0, 1, 1, 0, 1, 1, 1, 0, 2, 0, 1, 0]|[0, 3, 0, 3, 4, 1, 4, 4, 4, 4, 3, 2, 1, 0, 2, 1, 1, 1, 2, 1, 1, 3, 0, 1, 0, 1, 1, 4, 1, 4, 3, 2, 2, 0, 4, 1, 1, 4, 1, 1, 2, 1, 4, 4, 1, 1, 0, 1, 3, 2, 2, 1, 2, 1, 1, 2, 4, 3, 0, 2, 1, 3, 3, 1, 1, 2, 1, 1, 1, 4, 1, 3, 4, 1, 2, 4, 3, 1, 3, 1, 2, 4, 4, 4, 3, 2, 2, 3, 2, 4, 3, 2, 4, 4, 4, 2, 1, 2, 3, 2]|[0, 2, 0, 0, 3, 0, 1, 3, 1, 0, 2, 0, 1, 0, 1, 0, 0, 0, 1, 0, 0, 2, 0, 0, 1, 0, 0, 3, 0, 1, 0, 2, 0, 0, 3, 0, 1, 1, 0, 0, 0, 0, 1, 3, 0, 0, 1, 0, 2, 0, 0, 0, 0, 0, 1, 0, 1, 0, 1, 1, 0, 2, 0, 0, 0, 0, 0, 0, 0, 2, 0, 0, 1, 0, 0, 1, 0, 0, 3, 0, 0, 1, 2, 2, 0, 0, 0, 3, 0, 1, 0, 0, 1, 3, 1, 0, 0, 0, 0, 0],910.6024065900936,48491.8951558845,107376.01945264004,false
49,G3_TWC,G3_TWC,[31, 22, 42, 15, 26, 58, 95, 82, 77, 12, 47, 5, 93, 78, 98, 54, 85, 63, 18, 44, 20, 35, 43, 97, 91, 76, 10, 30, 21, 45, 71, 64, 1, 23, 17, 83, 24, 61, 60, 36, 6, 57, 94, 88, 65, 56, 79, 40, 67, 68, 46, 75, 38, 9, 19, 32, 81, 41, 27, 62, 87, 90, 99, 59, 11, 16, 72, 73, 70, 39, 37, 84, 3, 92, 25, 74, 28, 29, 51, 7, 53, 14, 86, 48, 89, 50, 66, 96, 33, 80, 4, 8, 55, 49, 0, 52, 69, 2, 13, 34]|[1, 1, 0, 1, 1, 1, 2, 1, 2, 1, 2, 2, 2, 1, 1, 0, 0, 1, 0, 2, 2, 0, 1, 2, 0, 1, 2, 2, 0, 0, 1, 2, 1, 2, 1, 0, 2, 0, 1, 1, 0, 1, 1, 1, 0, 2, 1, 1, 0, 0, 0, 0, 1, 1, 2, 1, 2, 0, 0, 0, 2, 1, 0, 1, 2, 1, 2, 1, 1, 1, 1, 1, 2, 0, 1, 2, 0, 0, 0, 1, 0, 1, 0, 0, 1, 0, 0, 0, 2, 0, 0, 1, 1, 0, 0, 1, 1, 0, 0, 2]|[4, 3, 2, 2, 0, 0, 2, 2, 2, 4, 1, 1, 2, 4, 4, 1, 1, 4, 2, 1, 1, 1, 1, 2, 1, 2, 1, 1, 1, 1, 3, 2, 3, 0, 4, 0, 1, 1, 0, 3, 2, 2, 4, 0, 1, 1, 3, 2, 0, 1, 2, 2, 1, 4, 0, 3, 2, 1, 1, 2, 1, 3, 1, 1, 1, 3, 0, 4, 3, 1, 4, 1, 1, 2, 4, 1, 2, 1, 1, 3, 2, 3, 1, 1, 1, 1, 1, 1, 1, 1, 2, 3, 4, 1, 2, 1, 3, 2, 2, 1]|[0, 2, 1, 1, 3, 3, 0, 1, 0, 0, 0, 0, 1, 0, 1, 0, 0, 3, 1, 0, 0, 0, 3, 1, 0, 2, 0, 0, 0, 1, 0, 0, 0, 0, 3, 0, 1, 0, 0, 2, 1, 1, 2, 0, 0, 0, 0, 1, 1, 0, 0, 0, 1, 3, 0, 0, 1, 0, 0, 1, 0, 2, 0, 1, 0, 2, 1, 0, 0, 1, 1, 3, 0, 1, 3, 0, 1, 0, 0, 2, 1, 0, 0, 0, 1, 0, 0, 0, 0, 0, 1, 2, 3, 1, 0, 1, 0, 0, 0, 0],802.5281847645216,57652.86795409501,87938.17744329936,false
49,G1_CMAX,G1_CMAX,[31, 22, 90, 26, 58, 95, 42, 12, 93, 5, 78, 86, 98, 18, 20, 35, 3, 97, 91, 76, 10, 85, 54, 45, 63, 71, 66, 1, 23, 17, 24, 60, 36, 6, 57, 15, 65, 56, 47, 79, 94, 67, 50, 46, 14, 75, 38, 9, 30, 19, 32, 81, 27, 92, 83, 87, 40, 99, 59, 11, 53, 16, 72, 77, 73, 70, 39, 37, 84, 43, 62, 25, 55, 28, 29, 51, 68, 82, 74, 61, 88, 21, 80, 89, 7, 69, 96, 41, 48, 4, 8, 34, 49, 52, 0, 44, 13, 2, 64, 33]|[1, 1, 1, 1, 0, 2, 1, 1, 2, 2, 2, 1, 0, 1, 2, 2, 1, 2, 0, 1, 2, 2, 2, 0, 0, 1, 2, 1, 2, 1, 2, 1, 1, 0, 1, 1, 0, 2, 2, 1, 1, 0, 0, 0, 0, 1, 1, 1, 1, 2, 1, 2, 2, 0, 0, 2, 1, 0, 0, 2, 0, 1, 2, 2, 1, 1, 1, 1, 1, 1, 0, 1, 1, 0, 0, 0, 0, 0, 2, 1, 1, 0, 0, 1, 1, 1, 2, 2, 0, 1, 1, 2, 0, 1, 0, 0, 0, 0, 2, 2]|[0, 4, 3, 0, 1, 1, 2, 4, 1, 1, 2, 4, 1, 4, 1, 1, 1, 2, 2, 2, 2, 1, 1, 1, 2, 3, 2, 3, 0, 4, 1, 0, 3, 2, 2, 2, 1, 1, 1, 0, 2, 0, 1, 2, 1, 3, 1, 4, 2, 0, 3, 2, 1, 2, 1, 1, 4, 1, 1, 1, 2, 3, 0, 2, 4, 3, 1, 4, 1, 1, 1, 4, 4, 2, 1, 1, 1, 2, 1, 3, 0, 1, 1, 1, 1, 3, 1, 1, 1, 4, 3, 1, 1, 1, 2, 2, 2, 2, 1, 1]|[3, 0, 2, 3, 0, 0, 1, 0, 0, 0, 1, 0, 0, 3, 0, 0, 1, 1, 1, 2, 1, 0, 0, 0, 0, 0, 0, 0, 0, 3, 1, 0, 2, 1, 1, 1, 0, 0, 0, 0, 1, 1, 0, 0, 0, 0, 1, 3, 2, 0, 0, 1, 0, 1, 0, 0, 2, 0, 0, 0, 1, 2, 1, 1, 0, 0, 1, 1, 3, 3, 0, 3, 3, 1, 0, 0, 0, 1, 0, 0, 0, 0, 0, 1, 2, 2, 0, 0, 0, 0, 2, 0, 1, 1, 0, 0, 0, 0, 0, 0],705.0470749739228,58445.79123614564,95781.2895945797,false
49,G4_BALANCED,G4_BALANCED,[31, 11, 15, 82, 26, 9, 95, 32, 77, 68, 47, 5, 93, 78, 86, 54, 85, 63, 18, 44, 20, 49, 36, 14, 74, 50, 53, 17, 21, 45, 71, 64, 3, 23, 30, 83, 24, 41, 60, 52, 65, 27, 90, 70, 39, 87, 48, 69, 99, 4, 46, 1, 13, 58, 97, 59, 28, 75, 73, 37, 35, 79, 22, 66, 76, 42, 40, 80, 96, 6, 16, 61, 33, 7, 57, 34, 12, 67, 10, 98, 56, 88, 29, 94, 91, 51, 19, 92, 43, 84, 38, 72, 81, 8, 2, 55, 62, 89, 25, 0]|[2, 1, 1, 2, 1, 2, 1, 1, 1, 1, 1, 0, 2, 2, 1, 2, 0, 0, 0, 2, 2, 1, 0, 2, 0, 2, 2, 1, 0, 1, 1, 1, 0, 0, 1, 0, 2, 1, 2, 2, 0, 0, 1, 1, 0, 2, 0, 2, 1, 0, 0, 2, 0, 0, 2, 0, 1, 0, 0, 0, 2, 1, 0, 2, 2, 0, 2, 2, 0, 1, 2, 1, 1, 2, 0, 1, 1, 1, 1, 2, 2, 1, 1, 2, 1, 1, 1, 0, 1, 0, 0, 1, 1, 1, 2, 0, 1, 1, 1, 0]|[1, 3, 2, 0, 4, 1, 4, 4, 2, 4, 3, 2, 1, 0, 2, 1, 1, 1, 2, 1, 1, 3, 0, 1, 0, 1, 1, 4, 1, 4, 3, 2, 2, 0, 4, 1, 1, 4, 0, 1, 2, 1, 4, 4, 1, 1, 0, 2, 3, 1, 2, 1, 2, 1, 1, 2, 4, 2, 0, 2, 2, 3, 1, 0, 1, 2, 0, 1, 2, 4, 1, 3, 4, 1, 2, 4, 3, 3, 3, 1, 1, 4, 3, 1, 3, 3, 4, 2, 4, 2, 2, 4, 1, 3, 1, 2, 3, 4, 4, 2]|[1, 2, 1, 0, 3, 0, 1, 3, 0, 0, 2, 0, 1, 0, 1, 0, 0, 0, 1, 0, 0, 2, 0, 0, 1, 0, 0, 3, 0, 1, 0, 2, 0, 1, 3, 0, 1, 3, 1, 0, 0, 0, 1, 3, 0, 0, 1, 0, 2, 0, 0, 0, 0, 0, 1, 0, 1, 0, 1, 1, 0, 2, 0, 0, 0, 0, 0, 0, 0, 2, 0, 0, 1, 0, 0, 1, 0, 0, 3, 0, 0, 1, 0, 0, 0, 0, 3, 0, 2, 0, 0, 2, 1, 0, 0, 0, 0, 1, 3, 0],836.569815134707,52504.092339752446,107095.57005228325,false
49,G2_TEC,G2_TEC,[31, 22, 82, 15, 26, 9, 95, 42, 77, 68, 47, 5, 93, 78, 86, 54, 85, 63, 18, 44, 20, 49, 36, 14, 74, 50, 53, 17, 21, 28, 11, 64, 3, 23, 30, 83, 24, 41, 40, 52, 65, 27, 90, 70, 39, 87, 48, 69, 99, 4, 75, 1, 13, 58, 97, 59, 45, 8, 73, 37, 35, 79, 71, 66, 76, 32, 60, 80, 56, 6, 67, 61, 33, 7, 57, 34, 12, 16, 10, 98, 96, 88, 43, 81, 91, 2, 84, 29, 92, 19, 51, 55, 89, 25, 72, 46, 94, 38, 62, 0]|[2, 1, 2, 1, 1, 2, 1, 1, 1, 1, 1, 0, 2, 2, 1, 2, 0, 0, 0, 2, 2, 1, 0, 2, 0, 2, 2, 1, 0, 1, 1, 1, 0, 0, 1, 0, 2, 1, 2, 2, 0, 0, 1, 1, 0, 2, 0, 2, 1, 0, 0, 2, 0, 2, 2, 0, 1, 1, 0, 0, 2, 1, 1, 2, 2, 0, 2, 2, 2, 1, 2, 1, 1, 2, 0, 1, 1, 2, 1, 2, 0, 1, 1, 1, 1, 0, 0, 1, 0, 1, 1, 0, 1, 1, 1, 0, 2, 0, 1, 0]|[0, 3, 0, 3, 4, 1, 4, 4, 4, 4, 3, 2, 1, 0, 2, 1, 1, 1, 2, 1, 1, 3, 0, 1, 0, 1, 1, 4, 1, 4, 3, 2, 2, 0, 4, 1, 1, 4, 1, 1, 2, 1, 4, 4, 1, 1, 0, 1, 3, 2, 2, 1, 2, 1, 1, 2, 4, 3, 0, 2, 1, 3, 3, 1, 1, 2, 1, 1, 1, 4, 1, 3, 4, 1, 2, 4, 3, 1, 3, 1, 2, 4, 4, 4, 3, 2, 2, 3, 2, 4, 3, 2, 4, 4, 4, 2, 1, 2, 3, 2]|[0, 2, 0, 0, 3, 0, 1, 3, 1, 0, 2, 0, 1, 0, 1, 0, 0, 0, 1, 0, 0, 2, 0, 0, 1, 0, 0, 3, 0, 1, 0, 2, 0, 0, 3, 0, 1, 1, 0, 0, 0, 0, 1, 3, 0, 0, 1, 0, 2, 0, 0, 0, 0, 0, 1, 0, 1, 0, 1, 1, 0, 2, 0, 0, 0, 0, 0, 0, 0, 2, 0, 0, 1, 0, 0, 1, 0, 0, 3, 0, 0, 1, 2, 2, 0, 0, 0, 3, 0, 1, 0, 0, 1, 3, 1, 0, 0, 0, 0, 0],910.6024065900936,48491.8951558845,107376.01945264004,false
49,G3_TWC,G3_TWC,[31, 22, 42, 15, 26, 58, 95, 82, 77, 12, 47, 5, 93, 78, 98, 54, 85, 63, 18, 44, 20, 35, 43, 97, 91, 76, 10, 30, 21, 45, 71, 64, 1, 23, 17, 83, 24, 61, 60, 36, 6, 57, 94, 88, 65, 56, 79, 40, 67, 68, 46, 75, 38, 9, 19, 32, 81, 41, 27, 62, 87, 90, 99, 59, 11, 16, 72, 73, 70, 39, 37, 84, 3, 92, 25, 74, 28, 29, 51, 7, 53, 14, 86, 48, 89, 50, 66, 96, 33, 80, 4, 8, 55, 49, 0, 52, 69, 2, 13, 34]|[1, 1, 0, 1, 1, 1, 2, 1, 2, 1, 2, 2, 2, 1, 1, 0, 0, 1, 0, 2, 2, 0, 1, 2, 0, 1, 2, 2, 0, 0, 1, 2, 1, 2, 1, 0, 2, 0, 1, 1, 0, 1, 1, 1, 0, 2, 1, 1, 0, 0, 0, 0, 1, 1, 2, 1, 2, 0, 0, 0, 2, 1, 0, 1, 2, 1, 2, 1, 1, 1, 1, 1, 2, 0, 1, 2, 0, 0, 0, 1, 0, 1, 0, 0, 1, 0, 0, 0, 2, 0, 0, 1, 1, 0, 0, 1, 1, 0, 0, 2]|[4, 3, 2, 2, 0, 0, 2, 2, 2, 4, 1, 1, 2, 4, 4, 1, 1, 4, 2, 1, 1, 1, 1, 2, 1, 2, 1, 1, 1, 1, 3, 2, 3, 0, 4, 0, 1, 1, 0, 3, 2, 2, 4, 0, 1, 1, 3, 2, 0, 1, 2, 2, 1, 4, 0, 3, 2, 1, 1, 2, 1, 3, 1, 1, 1, 3, 0, 4, 3, 1, 4, 1, 1, 2, 4, 1, 2, 1, 1, 3, 2, 3, 1, 1, 1, 1, 1, 1, 1, 1, 2, 3, 4, 1, 2, 1, 3, 2, 2, 1]|[0, 2, 1, 1, 3, 3, 0, 1, 0, 0, 0, 0, 1, 0, 1, 0, 0, 3, 1, 0, 0, 0, 3, 1, 0, 2, 0, 0, 0, 1, 0, 0, 0, 0, 3, 0, 1, 0, 0, 2, 1, 1, 2, 0, 0, 0, 0, 1, 1, 0, 0, 0, 1, 3, 0, 0, 1, 0, 0, 1, 0, 2, 0, 1, 0, 2, 1, 0, 0, 1, 1, 3, 0, 1, 3, 0, 1, 0, 0, 2, 1, 0, 0, 0, 1, 0, 0, 0, 0, 0, 1, 2, 3, 1, 0, 1, 0, 0, 0, 0],802.5281847645216,57652.86795409501,87938.17744329936,false
49,G1_CMAX,G1_CMAX,[31, 22, 90, 26, 58, 95, 42, 12, 93, 5, 78, 86, 98, 18, 20, 35, 3, 97, 91, 76, 10, 85, 54, 45, 63, 71, 66, 1, 23, 17, 24, 60, 36, 6, 57, 15, 65, 56, 47, 79, 94, 67, 50, 46, 14, 75, 38, 9, 30, 19, 32, 81, 27, 92, 83, 87, 40, 99, 59, 11, 53, 16, 72, 77, 73, 70, 39, 37, 84, 43, 62, 25, 55, 28, 29, 51, 68, 82, 74, 61, 88, 21, 80, 89, 7, 69, 96, 41, 48, 4, 8, 34, 49, 52, 0, 44, 13, 2, 64, 33]|[1, 1, 1, 1, 0, 2, 1, 1, 2, 2, 2, 1, 0, 1, 2, 2, 1, 2, 0, 1, 2, 2, 2, 0, 0, 1, 2, 1, 2, 1, 2, 1, 1, 0, 1, 1, 0, 2, 2, 1, 1, 0, 0, 0, 0, 1, 1, 1, 1, 2, 1, 2, 2, 0, 0, 2, 1, 0, 0, 2, 0, 1, 2, 2, 1, 1, 1, 1, 1, 1, 0, 1, 1, 0, 0, 0, 0, 0, 2, 1, 1, 0, 0, 1, 1, 1, 2, 2, 0, 1, 1, 2, 0, 1, 0, 0, 0, 0, 2, 2]|[0, 4, 3, 0, 1, 1, 2, 4, 1, 1, 2, 4, 1, 4, 1, 1, 1, 2, 2, 2, 2, 1, 1, 1, 2, 3, 2, 3, 0, 4, 1, 0, 3, 2, 2, 2, 1, 1, 1, 0, 2, 0, 1, 2, 1, 3, 1, 4, 2, 0, 3, 2, 1, 2, 1, 1, 4, 1, 1, 1, 2, 3, 0, 2, 4, 3, 1, 4, 1, 1, 1, 4, 4, 2, 1, 1, 1, 2, 1, 3, 0, 1, 1, 1, 1, 3, 1, 1, 1, 4, 3, 1, 1, 1, 2, 2, 2, 2, 1, 1]|[3, 0, 2, 3, 0, 0, 1, 0, 0, 0, 1, 0, 0, 3, 0, 0, 1, 1, 1, 2, 1, 0, 0, 0, 0, 0, 0, 0, 0, 3, 1, 0, 2, 1, 1, 1, 0, 0, 0, 0, 1, 1, 0, 0, 0, 0, 1, 3, 2, 0, 0, 1, 0, 1, 0, 0, 2, 0, 0, 0, 1, 2, 1, 1, 0, 0, 1, 1, 3, 3, 0, 3, 3, 1, 0, 0, 0, 1, 0, 0, 0, 0, 0, 1, 2, 2, 0, 0, 0, 0, 2, 0, 1, 1, 0, 0, 0, 0, 0, 0],705.0470749739228,58445.79123614564,95781.2895945797,false
49,G4_BALANCED,G4_BALANCED,[31, 11, 15, 82, 26, 9, 95, 32, 77, 68, 47, 5, 93, 78, 86, 54, 85, 63, 18, 44, 20, 49, 36, 14, 74, 50, 53, 17, 21, 45, 71, 64, 3, 23, 30, 83, 24, 41, 60, 52, 65, 27, 90, 70, 39, 87, 48, 69, 99, 4, 46, 1, 13, 58, 97, 59, 28, 75, 73, 37, 35, 79, 22, 66, 76, 42, 40, 80, 96, 6, 16, 61, 33, 7, 57, 34, 12, 67, 10, 98, 56, 88, 29, 94, 91, 51, 19, 92, 43, 84, 38, 72, 81, 8, 2, 55, 62, 89, 25, 0]|[2, 1, 1, 2, 1, 2, 1, 1, 1, 1, 1, 0, 2, 2, 1, 2, 0, 0, 0, 2, 2, 1, 0, 2, 0, 2, 2, 1, 0, 1, 1, 1, 0, 0, 1, 0, 2, 1, 2, 2, 0, 0, 1, 1, 0, 2, 0, 2, 1, 0, 0, 2, 0, 0, 2, 0, 1, 0, 0, 0, 2, 1, 0, 2, 2, 0, 2, 2, 0, 1, 2, 1, 1, 2, 0, 1, 1, 1, 1, 2, 2, 1, 1, 2, 1, 1, 1, 0, 1, 0, 0, 1, 1, 1, 2, 0, 1, 1, 1, 0]|[1, 3, 2, 0, 4, 1, 4, 4, 2, 4, 3, 2, 1, 0, 2, 1, 1, 1, 2, 1, 1, 3, 0, 1, 0, 1, 1, 4, 1, 4, 3, 2, 2, 0, 4, 1, 1, 4, 0, 1, 2, 1, 4, 4, 1, 1, 0, 2, 3, 1, 2, 1, 2, 1, 1, 2, 4, 2, 0, 2, 2, 3, 1, 0, 1, 2, 0, 1, 2, 4, 1, 3, 4, 1, 2, 4, 3, 3, 3, 1, 1, 4, 3, 1, 3, 3, 4, 2, 4, 2, 2, 4, 1, 3, 1, 2, 3, 4, 4, 2]|[1, 2, 1, 0, 3, 0, 1, 3, 0, 0, 2, 0, 1, 0, 1, 0, 0, 0, 1, 0, 0, 2, 0, 0, 1, 0, 0, 3, 0, 1, 0, 2, 0, 1, 3, 0, 1, 3, 1, 0, 0, 0, 1, 3, 0, 0, 1, 0, 2, 0, 0, 0, 0, 0, 1, 0, 1, 0, 1, 1, 0, 2, 0, 0, 0, 0, 0, 0, 0, 2, 0, 0, 1, 0, 0, 1, 0, 0, 3, 0, 0, 1, 0, 0, 0, 0, 3, 0, 2, 0, 0, 2, 1, 0, 0, 0, 0, 1, 3, 0],836.569815134707,52504.092339752446,107095.57005228325,false
49,G2_TEC,G2_TEC,[31, 22, 82, 15, 26, 9, 95, 42, 77, 68, 47, 5, 93, 78, 86, 54, 85, 63, 18, 44, 20, 49, 36, 14, 74, 50, 53, 17, 21, 28, 11, 64, 3, 23, 30, 83, 24, 41, 40, 52, 65, 27, 90, 70, 39, 87, 48, 69, 99, 4, 75, 1, 13, 58, 97, 59, 45, 8, 73, 37, 35, 79, 71, 66, 76, 32, 60, 80, 56, 6, 67, 61, 33, 7, 57, 34, 12, 16, 10, 98, 96, 88, 43, 81, 91, 2, 84, 29, 92, 19, 51, 55, 89, 25, 72, 46, 94, 38, 62, 0]|[2, 1, 2, 1, 1, 2, 1, 1, 1, 1, 1, 0, 2, 2, 1, 2, 0, 0, 0, 2, 2, 1, 0, 2, 0, 2, 2, 1, 0, 1, 1, 1, 0, 0, 1, 0, 2, 1, 2, 2, 0, 0, 1, 1, 0, 2, 0, 2, 1, 0, 0, 2, 0, 2, 2, 0, 1, 1, 0, 0, 2, 1, 1, 2, 2, 0, 2, 2, 2, 1, 2, 1, 1, 2, 0, 1, 1, 2, 1, 2, 0, 1, 1, 1, 1, 0, 0, 1, 0, 1, 1, 0, 1, 1, 1, 0, 2, 0, 1, 0]|[0, 3, 0, 3, 4, 1, 4, 4, 4, 4, 3, 2, 1, 0, 2, 1, 1, 1, 2, 1, 1, 3, 0, 1, 0, 1, 1, 4, 1, 4, 3, 2, 2, 0, 4, 1, 1, 4, 1, 1, 2, 1, 4, 4, 1, 1, 0, 1, 3, 2, 2, 1, 2, 1, 1, 2, 4, 3, 0, 2, 1, 3, 3, 1, 1, 2, 1, 1, 1, 4, 1, 3, 4, 1, 2, 4, 3, 1, 3, 1, 2, 4, 4, 4, 3, 2, 2, 3, 2, 4, 3, 2, 4, 4, 4, 2, 1, 2, 3, 2]|[0, 2, 0, 0, 3, 0, 1, 3, 1, 0, 2, 0, 1, 0, 1, 0, 0, 0, 1, 0, 0, 2, 0, 0, 1, 0, 0, 3, 0, 1, 0, 2, 0, 0, 3, 0, 1, 1, 0, 0, 0, 0, 1, 3, 0, 0, 1, 0, 2, 0, 0, 0, 0, 0, 1, 0, 1, 0, 1, 1, 0, 2, 0, 0, 0, 0, 0, 0, 0, 2, 0, 0, 1, 0, 0, 1, 0, 0, 3, 0, 0, 1, 2, 2, 0, 0, 0, 3, 0, 1, 0, 0, 1, 3, 1, 0, 0, 0, 0, 0],910.6024065900936,48491.8951558845,107376.01945264004,false
49,G3_TWC,G3_TWC,[31, 22, 42, 15, 26, 58, 95, 82, 77, 12, 47, 5, 93, 78, 98, 54, 85, 63, 18, 44, 20, 35, 43, 97, 91, 76, 10, 30, 21, 45, 71, 64, 1, 23, 17, 83, 24, 61, 60, 36, 6, 57, 94, 88, 65, 56, 79, 40, 67, 68, 46, 75, 38, 9, 19, 32, 81, 41, 27, 62, 87, 90, 99, 59, 11, 16, 72, 73, 70, 39, 37, 84, 3, 92, 25, 74, 28, 29, 51, 7, 53, 14, 86, 48, 89, 50, 66, 96, 33, 80, 4, 8, 55, 49, 0, 52, 69, 2, 13, 34]|[1, 1, 0, 1, 1, 1, 2, 1, 2, 1, 2, 2, 2, 1, 1, 0, 0, 1, 0, 2, 2, 0, 1, 2, 0, 1, 2, 2, 0, 0, 1, 2, 1, 2, 1, 0, 2, 0, 1, 1, 0, 1, 1, 1, 0, 2, 1, 1, 0, 0, 0, 0, 1, 1, 2, 1, 2, 0, 0, 0, 2, 1, 0, 1, 2, 1, 2, 1, 1, 1, 1, 1, 2, 0, 1, 2, 0, 0, 0, 1, 0, 1, 0, 0, 1, 0, 0, 0, 2, 0, 0, 1, 1, 0, 0, 1, 1, 0, 0, 2]|[4, 3, 2, 2, 0, 0, 2, 2, 2, 4, 1, 1, 2, 4, 4, 1, 1, 4, 2, 1, 1, 1, 1, 2, 1, 2, 1, 1, 1, 1, 3, 2, 3, 0, 4, 0, 1, 1, 0, 3, 2, 2, 4, 0, 1, 1, 3, 2, 0, 1, 2, 2, 1, 4, 0, 3, 2, 1, 1, 2, 1, 3, 1, 1, 1, 3, 0, 4, 3, 1, 4, 1, 1, 2, 4, 1, 2, 1, 1, 3, 2, 3, 1, 1, 1, 1, 1, 1, 1, 1, 2, 3, 4, 1, 2, 1, 3, 2, 2, 1]|[0, 2, 1, 1, 3, 3, 0, 1, 0, 0, 0, 0, 1, 0, 1, 0, 0, 3, 1, 0, 0, 0, 3, 1, 0, 2, 0, 0, 0, 1, 0, 0, 0, 0, 3, 0, 1, 0, 0, 2, 1, 1, 2, 0, 0, 0, 0, 1, 1, 0, 0, 0, 1, 3, 0, 0, 1, 0, 0, 1, 0, 2, 0, 1, 0, 2, 1, 0, 0, 1, 1, 3, 0, 1, 3, 0, 1, 0, 0, 2, 1, 0, 0, 0, 1, 0, 0, 0, 0, 0, 1, 2, 3, 1, 0, 1, 0, 0, 0, 0],802.5281847645216,57652.86795409501,87938.17744329936,false
49,G1_CMAX,G1_CMAX,[31, 22, 90, 26, 58, 95, 42, 12, 93, 5, 78, 86, 98, 18, 20, 35, 3, 97, 91, 76, 10, 85, 54, 45, 63, 71, 66, 1, 23, 17, 24, 60, 36, 6, 57, 15, 65, 56, 47, 79, 94, 67, 50, 46, 14, 75, 38, 9, 30, 19, 32, 81, 27, 92, 83, 87, 40, 99, 59, 11, 53, 16, 72, 77, 73, 70, 39, 37, 84, 43, 62, 25, 55, 28, 29, 51, 68, 82, 74, 61, 88, 21, 80, 89, 7, 69, 96, 41, 48, 4, 8, 34, 49, 52, 0, 44, 13, 2, 64, 33]|[1, 1, 1, 1, 0, 2, 1, 1, 2, 2, 2, 1, 0, 1, 2, 2, 1, 2, 0, 1, 2, 2, 2, 0, 0, 1, 2, 1, 2, 1, 2, 1, 1, 0, 1, 1, 0, 2, 2, 1, 1, 0, 0, 0, 0, 1, 1, 1, 1, 2, 1, 2, 2, 0, 0, 2, 1, 0, 0, 2, 0, 1, 2, 2, 1, 1, 1, 1, 1, 1, 0, 1, 1, 0, 0, 0, 0, 0, 2, 1, 1, 0, 0, 1, 1, 1, 2, 2, 0, 1, 1, 2, 0, 1, 0, 0, 0, 0, 2, 2]|[0, 4, 3, 0, 1, 1, 2, 4, 1, 1, 2, 4, 1, 4, 1, 1, 1, 2, 2, 2, 2, 1, 1, 1, 2, 3, 2, 3, 0, 4, 1, 0, 3, 2, 2, 2, 1, 1, 1, 0, 2, 0, 1, 2, 1, 3, 1, 4, 2, 0, 3, 2, 1, 2, 1, 1, 4, 1, 1, 1, 2, 3, 0, 2, 4, 3, 1, 4, 1, 1, 1, 4, 4, 2, 1, 1, 1, 2, 1, 3, 0, 1, 1, 1, 1, 3, 1, 1, 1, 4, 3, 1, 1, 1, 2, 2, 2, 2, 1, 1]|[3, 0, 2, 3, 0, 0, 1, 0, 0, 0, 1, 0, 0, 3, 0, 0, 1, 1, 1, 2, 1, 0, 0, 0, 0, 0, 0, 0, 0, 3, 1, 0, 2, 1, 1, 1, 0, 0, 0, 0, 1, 1, 0, 0, 0, 0, 1, 3, 2, 0, 0, 1, 0, 1, 0, 0, 2, 0, 0, 0, 1, 2, 1, 1, 0, 0, 1, 1, 3, 3, 0, 3, 3, 1, 0, 0, 0, 1, 0, 0, 0, 0, 0, 1, 2, 2, 0, 0, 0, 0, 2, 0, 1, 1, 0, 0, 0, 0, 0, 0],705.0470749739228,58445.79123614564,95781.2895945797,false
49,G4_BALANCED,G4_BALANCED,[31, 11, 15, 82, 26, 9, 95, 32, 77, 68, 47, 5, 93, 78, 86, 54, 85, 63, 18, 44, 20, 49, 36, 14, 74, 50, 53, 17, 21, 45, 71, 64, 3, 23, 30, 83, 24, 41, 60, 52, 65, 27, 90, 70, 39, 87, 48, 69, 99, 4, 46, 1, 13, 58, 97, 59, 28, 75, 73, 37, 35, 79, 22, 66, 76, 42, 40, 80, 96, 6, 16, 61, 33, 7, 57, 34, 12, 67, 10, 98, 56, 88, 29, 94, 91, 51, 19, 92, 43, 84, 38, 72, 81, 8, 2, 55, 62, 89, 25, 0]|[2, 1, 1, 2, 1, 2, 1, 1, 1, 1, 1, 0, 2, 2, 1, 2, 0, 0, 0, 2, 2, 1, 0, 2, 0, 2, 2, 1, 0, 1, 1, 1, 0, 0, 1, 0, 2, 1, 2, 2, 0, 0, 1, 1, 0, 2, 0, 2, 1, 0, 0, 2, 0, 0, 2, 0, 1, 0, 0, 0, 2, 1, 0, 2, 2, 0, 2, 2, 0, 1, 2, 1, 1, 2, 0, 1, 1, 1, 1, 2, 2, 1, 1, 2, 1, 1, 1, 0, 1, 0, 0, 1, 1, 1, 2, 0, 1, 1, 1, 0]|[1, 3, 2, 0, 4, 1, 4, 4, 2, 4, 3, 2, 1, 0, 2, 1, 1, 1, 2, 1, 1, 3, 0, 1, 0, 1, 1, 4, 1, 4, 3, 2, 2, 0, 4, 1, 1, 4, 0, 1, 2, 1, 4, 4, 1, 1, 0, 2, 3, 1, 2, 1, 2, 1, 1, 2, 4, 2, 0, 2, 2, 3, 1, 0, 1, 2, 0, 1, 2, 4, 1, 3, 4, 1, 2, 4, 3, 3, 3, 1, 1, 4, 3, 1, 3, 3, 4, 2, 4, 2, 2, 4, 1, 3, 1, 2, 3, 4, 4, 2]|[1, 2, 1, 0, 3, 0, 1, 3, 0, 0, 2, 0, 1, 0, 1, 0, 0, 0, 1, 0, 0, 2, 0, 0, 1, 0, 0, 3, 0, 1, 0, 2, 0, 1, 3, 0, 1, 3, 1, 0, 0, 0, 1, 3, 0, 0, 1, 0, 2, 0, 0, 0, 0, 0, 1, 0, 1, 0, 1, 1, 0, 2, 0, 0, 0, 0, 0, 0, 0, 2, 0, 0, 1, 0, 0, 1, 0, 0, 3, 0, 0, 1, 0, 0, 0, 0, 3, 0, 2, 0, 0, 2, 1, 0, 0, 0, 0, 1, 3, 0],836.569815134707,52504.092339752446,107095.57005228325,false
49,G2_TEC,G2_TEC,[31, 22, 82, 15, 26, 9, 95, 42, 77, 68, 47, 5, 93, 78, 86, 54, 85, 63, 18, 44, 20, 49, 36, 14, 74, 50, 53, 17, 21, 28, 11, 64, 3, 23, 30, 83, 24, 41, 40, 52, 65, 27, 90, 70, 39, 87, 48, 69, 99, 4, 75, 1, 13, 58, 97, 59, 45, 8, 73, 37, 35, 79, 71, 66, 76, 32, 60, 80, 56, 6, 67, 61, 33, 7, 57, 34, 12, 16, 10, 98, 96, 88, 43, 81, 91, 2, 84, 29, 92, 19, 51, 55, 89, 25, 72, 46, 94, 38, 62, 0]|[2, 1, 2, 1, 1, 2, 1, 1, 1, 1, 1, 0, 2, 2, 1, 2, 0, 0, 0, 2, 2, 1, 0, 2, 0, 2, 2, 1, 0, 1, 1, 1, 0, 0, 1, 0, 2, 1, 2, 2, 0, 0, 1, 1, 0, 2, 0, 2, 1, 0, 0, 2, 0, 2, 2, 0, 1, 1, 0, 0, 2, 1, 1, 2, 2, 0, 2, 2, 2, 1, 2, 1, 1, 2, 0, 1, 1, 2, 1, 2, 0, 1, 1, 1, 1, 0, 0, 1, 0, 1, 1, 0, 1, 1, 1, 0, 2, 0, 1, 0]|[0, 3, 0, 3, 4, 1, 4, 4, 4, 4, 3, 2, 1, 0, 2, 1, 1, 1, 2, 1, 1, 3, 0, 1, 0, 1, 1, 4, 1, 4, 3, 2, 2, 0, 4, 1, 1, 4, 1, 1, 2, 1, 4, 4, 1, 1, 0, 1, 3, 2, 2, 1, 2, 1, 1, 2, 4, 3, 0, 2, 1, 3, 3, 1, 1, 2, 1, 1, 1, 4, 1, 3, 4, 1, 2, 4, 3, 1, 3, 1, 2, 4, 4, 4, 3, 2, 2, 3, 2, 4, 3, 2, 4, 4, 4, 2, 1, 2, 3, 2]|[0, 2, 0, 0, 3, 0, 1, 3, 1, 0, 2, 0, 1, 0, 1, 0, 0, 0, 1, 0, 0, 2, 0, 0, 1, 0, 0, 3, 0, 1, 0, 2, 0, 0, 3, 0, 1, 1, 0, 0, 0, 0, 1, 3, 0, 0, 1, 0, 2, 0, 0, 0, 0, 0, 1, 0, 1, 0, 1, 1, 0, 2, 0, 0, 0, 0, 0, 0, 0, 2, 0, 0, 1, 0, 0, 1, 0, 0, 3, 0, 0, 1, 2, 2, 0, 0, 0, 3, 0, 1, 0, 0, 1, 3, 1, 0, 0, 0, 0, 0],910.6024065900936,48491.8951558845,107376.01945264004,false
49,G3_TWC,G3_TWC,[31, 22, 42, 15, 26, 58, 95, 82, 77, 12, 47, 5, 93, 78, 98, 54, 85, 63, 18, 44, 20, 35, 43, 97, 91, 76, 10, 30, 21, 45, 71, 64, 1, 23, 17, 83, 24, 61, 60, 36, 6, 57, 94, 88, 65, 56, 79, 40, 67, 68, 46, 75, 38, 9, 19, 32, 81, 41, 27, 62, 87, 90, 99, 59, 11, 16, 72, 73, 70, 39, 37, 84, 3, 92, 25, 74, 28, 29, 51, 7, 53, 14, 86, 48, 89, 50, 66, 96, 33, 80, 4, 8, 55, 49, 0, 52, 69, 2, 13, 34]|[1, 1, 0, 1, 1, 1, 2, 1, 2, 1, 2, 2, 2, 1, 1, 0, 0, 1, 0, 2, 2, 0, 1, 2, 0, 1, 2, 2, 0, 0, 1, 2, 1, 2, 1, 0, 2, 0, 1, 1, 0, 1, 1, 1, 0, 2, 1, 1, 0, 0, 0, 0, 1, 1, 2, 1, 2, 0, 0, 0, 2, 1, 0, 1, 2, 1, 2, 1, 1, 1, 1, 1, 2, 0, 1, 2, 0, 0, 0, 1, 0, 1, 0, 0, 1, 0, 0, 0, 2, 0, 0, 1, 1, 0, 0, 1, 1, 0, 0, 2]|[4, 3, 2, 2, 0, 0, 2, 2, 2, 4, 1, 1, 2, 4, 4, 1, 1, 4, 2, 1, 1, 1, 1, 2, 1, 2, 1, 1, 1, 1, 3, 2, 3, 0, 4, 0, 1, 1, 0, 3, 2, 2, 4, 0, 1, 1, 3, 2, 0, 1, 2, 2, 1, 4, 0, 3, 2, 1, 1, 2, 1, 3, 1, 1, 1, 3, 0, 4, 3, 1, 4, 1, 1, 2, 4, 1, 2, 1, 1, 3, 2, 3, 1, 1, 1, 1, 1, 1, 1, 1, 2, 3, 4, 1, 2, 1, 3, 2, 2, 1]|[0, 2, 1, 1, 3, 3, 0, 1, 0, 0, 0, 0, 1, 0, 1, 0, 0, 3, 1, 0, 0, 0, 3, 1, 0, 2, 0, 0, 0, 1, 0, 0, 0, 0, 3, 0, 1, 0, 0, 2, 1, 1, 2, 0, 0, 0, 0, 1, 1, 0, 0, 0, 1, 3, 0, 0, 1, 0, 0, 1, 0, 2, 0, 1, 0, 2, 1, 0, 0, 1, 1, 3, 0, 1, 3, 0, 1, 0, 0, 2, 1, 0, 0, 0, 1, 0, 0, 0, 0, 0, 1, 2, 3, 1, 0, 1, 0, 0, 0, 0],802.5281847645216,57652.86795409501,87938.17744329936,false
49,G1_CMAX,G1_CMAX,[31, 22, 90, 26, 58, 95, 42, 12, 93, 5, 78, 86, 98, 18, 20, 35, 3, 97, 91, 76, 10, 85, 54, 45, 63, 71, 66, 1, 23, 17, 24, 60, 36, 6, 57, 15, 65, 56, 47, 79, 94, 67, 50, 46, 14, 75, 38, 9, 30, 19, 32, 81, 27, 92, 83, 87, 40, 99, 59, 11, 53, 16, 72, 77, 73, 70, 39, 37, 84, 43, 62, 25, 55, 28, 29, 51, 68, 82, 74, 61, 88, 21, 80, 89, 7, 69, 96, 41, 48, 4, 8, 34, 49, 52, 0, 44, 13, 2, 64, 33]|[1, 1, 1, 1, 0, 2, 1, 1, 2, 2, 2, 1, 0, 1, 2, 2, 1, 2, 0, 1, 2, 2, 2, 0, 0, 1, 2, 1, 2, 1, 2, 1, 1, 0, 1, 1, 0, 2, 2, 1, 1, 0, 0, 0, 0, 1, 1, 1, 1, 2, 1, 2, 2, 0, 0, 2, 1, 0, 0, 2, 0, 1, 2, 2, 1, 1, 1, 1, 1, 1, 0, 1, 1, 0, 0, 0, 0, 0, 2, 1, 1, 0, 0, 1, 1, 1, 2, 2, 0, 1, 1, 2, 0, 1, 0, 0, 0, 0, 2, 2]|[0, 4, 3, 0, 1, 1, 2, 4, 1, 1, 2, 4, 1, 4, 1, 1, 1, 2, 2, 2, 2, 1, 1, 1, 2, 3, 2, 3, 0, 4, 1, 0, 3, 2, 2, 2, 1, 1, 1, 0, 2, 0, 1, 2, 1, 3, 1, 4, 2, 0, 3, 2, 1, 2, 1, 1, 4, 1, 1, 1, 2, 3, 0, 2, 4, 3, 1, 4, 1, 1, 1, 4, 4, 2, 1, 1, 1, 2, 1, 3, 0, 1, 1, 1, 1, 3, 1, 1, 1, 4, 3, 1, 1, 1, 2, 2, 2, 2, 1, 1]|[3, 0, 2, 3, 0, 0, 1, 0, 0, 0, 1, 0, 0, 3, 0, 0, 1, 1, 1, 2, 1, 0, 0, 0, 0, 0, 0, 0, 0, 3, 1, 0, 2, 1, 1, 1, 0, 0, 0, 0, 1, 1, 0, 0, 0, 0, 1, 3, 2, 0, 0, 1, 0, 1, 0, 0, 2, 0, 0, 0, 1, 2, 1, 1, 0, 0, 1, 1, 3, 3, 0, 3, 3, 1, 0, 0, 0, 1, 0, 0, 0, 0, 0, 1, 2, 2, 0, 0, 0, 0, 2, 0, 1, 1, 0, 0, 0, 0, 0, 0],705.0470749739228,58445.79123614564,95781.2895945797,false
49,G4_BALANCED,G4_BALANCED,[31, 11, 15, 82, 26, 9, 95, 32, 77, 68, 47, 5, 93, 78, 86, 54, 85, 63, 18, 44, 20, 49, 36, 14, 74, 50, 53, 17, 21, 45, 71, 64, 3, 23, 30, 83, 24, 41, 60, 52, 65, 27, 90, 70, 39, 87, 48, 69, 99, 4, 46, 1, 13, 58, 97, 59, 28, 75, 73, 37, 35, 79, 22, 66, 76, 42, 40, 80, 96, 6, 16, 61, 33, 7, 57, 34, 12, 67, 10, 98, 56, 88, 29, 94, 91, 51, 19, 92, 43, 84, 38, 72, 81, 8, 2, 55, 62, 89, 25, 0]|[2, 1, 1, 2, 1, 2, 1, 1, 1, 1, 1, 0, 2, 2, 1, 2, 0, 0, 0, 2, 2, 1, 0, 2, 0, 2, 2, 1, 0, 1, 1, 1, 0, 0, 1, 0, 2, 1, 2, 2, 0, 0, 1, 1, 0, 2, 0, 2, 1, 0, 0, 2, 0, 0, 2, 0, 1, 0, 0, 0, 2, 1, 0, 2, 2, 0, 2, 2, 0, 1, 2, 1, 1, 2, 0, 1, 1, 1, 1, 2, 2, 1, 1, 2, 1, 1, 1, 0, 1, 0, 0, 1, 1, 1, 2, 0, 1, 1, 1, 0]|[1, 3, 2, 0, 4, 1, 4, 4, 2, 4, 3, 2, 1, 0, 2, 1, 1, 1, 2, 1, 1, 3, 0, 1, 0, 1, 1, 4, 1, 4, 3, 2, 2, 0, 4, 1, 1, 4, 0, 1, 2, 1, 4, 4, 1, 1, 0, 2, 3, 1, 2, 1, 2, 1, 1, 2, 4, 2, 0, 2, 2, 3, 1, 0, 1, 2, 0, 1, 2, 4, 1, 3, 4, 1, 2, 4, 3, 3, 3, 1, 1, 4, 3, 1, 3, 3, 4, 2, 4, 2, 2, 4, 1, 3, 1, 2, 3, 4, 4, 2]|[1, 2, 1, 0, 3, 0, 1, 3, 0, 0, 2, 0, 1, 0, 1, 0, 0, 0, 1, 0, 0, 2, 0, 0, 1, 0, 0, 3, 0, 1, 0, 2, 0, 1, 3, 0, 1, 3, 1, 0, 0, 0, 1, 3, 0, 0, 1, 0, 2, 0, 0, 0, 0, 0, 1, 0, 1, 0, 1, 1, 0, 2, 0, 0, 0, 0, 0, 0, 0, 2, 0, 0, 1, 0, 0, 1, 0, 0, 3, 0, 0, 1, 0, 0, 0, 0, 3, 0, 2, 0, 0, 2, 1, 0, 0, 0, 0, 1, 3, 0],836.569815134707,52504.092339752446,107095.57005228325,false
49,G2_TEC,G2_TEC,[31, 22, 82, 15, 26, 9, 95, 42, 77, 68, 47, 5, 93, 78, 86, 54, 85, 63, 18, 44, 20, 49, 36, 14, 74, 50, 53, 17, 21, 28, 11, 64, 3, 23, 30, 83, 24, 41, 40, 52, 65, 27, 90, 70, 39, 87, 48, 69, 99, 4, 75, 1, 13, 58, 97, 59, 45, 8, 73, 37, 35, 79, 71, 66, 76, 32, 60, 80, 56, 6, 67, 61, 33, 7, 57, 34, 12, 16, 10, 98, 96, 88, 43, 81, 91, 2, 84, 29, 92, 19, 51, 55, 89, 25, 72, 46, 94, 38, 62, 0]|[2, 1, 2, 1, 1, 2, 1, 1, 1, 1, 1, 0, 2, 2, 1, 2, 0, 0, 0, 2, 2, 1, 0, 2, 0, 2, 2, 1, 0, 1, 1, 1, 0, 0, 1, 0, 2, 1, 2, 2, 0, 0, 1, 1, 0, 2, 0, 2, 1, 0, 0, 2, 0, 2, 2, 0, 1, 1, 0, 0, 2, 1, 1, 2, 2, 0, 2, 2, 2, 1, 2, 1, 1, 2, 0, 1, 1, 2, 1, 2, 0, 1, 1, 1, 1, 0, 0, 1, 0, 1, 1, 0, 1, 1, 1, 0, 2, 0, 1, 0]|[0, 3, 0, 3, 4, 1, 4, 4, 4, 4, 3, 2, 1, 0, 2, 1, 1, 1, 2, 1, 1, 3, 0, 1, 0, 1, 1, 4, 1, 4, 3, 2, 2, 0, 4, 1, 1, 4, 1, 1, 2, 1, 4, 4, 1, 1, 0, 1, 3, 2, 2, 1, 2, 1, 1, 2, 4, 3, 0, 2, 1, 3, 3, 1, 1, 2, 1, 1, 1, 4, 1, 3, 4, 1, 2, 4, 3, 1, 3, 1, 2, 4, 4, 4, 3, 2, 2, 3, 2, 4, 3, 2, 4, 4, 4, 2, 1, 2, 3, 2]|[0, 2, 0, 0, 3, 0, 1, 3, 1, 0, 2, 0, 1, 0, 1, 0, 0, 0, 1, 0, 0, 2, 0, 0, 1, 0, 0, 3, 0, 1, 0, 2, 0, 0, 3, 0, 1, 1, 0, 0, 0, 0, 1, 3, 0, 0, 1, 0, 2, 0, 0, 0, 0, 0, 1, 0, 1, 0, 1, 1, 0, 2, 0, 0, 0, 0, 0, 0, 0, 2, 0, 0, 1, 0, 0, 1, 0, 0, 3, 0, 0, 1, 2, 2, 0, 0, 0, 3, 0, 1, 0, 0, 1, 3, 1, 0, 0, 0, 0, 0],910.6024065900936,48491.8951558845,107376.01945264004,false
49,G3_TWC,G3_TWC,[31, 22, 42, 15, 26, 58, 95, 82, 77, 12, 47, 5, 93, 78, 98, 54, 85, 63, 18, 44, 20, 35, 43, 97, 91, 76, 10, 30, 21, 45, 71, 64, 1, 23, 17, 83, 24, 61, 60, 36, 6, 57, 94, 88, 65, 56, 79, 40, 67, 68, 46, 75, 38, 9, 19, 32, 81, 41, 27, 62, 87, 90, 99, 59, 11, 16, 72, 73, 70, 39, 37, 84, 3, 92, 25, 74, 28, 29, 51, 7, 53, 14, 86, 48, 89, 50, 66, 96, 33, 80, 4, 8, 55, 49, 0, 52, 69, 2, 13, 34]|[1, 1, 0, 1, 1, 1, 2, 1, 2, 1, 2, 2, 2, 1, 1, 0, 0, 1, 0, 2, 2, 0, 1, 2, 0, 1, 2, 2, 0, 0, 1, 2, 1, 2, 1, 0, 2, 0, 1, 1, 0, 1, 1, 1, 0, 2, 1, 1, 0, 0, 0, 0, 1, 1, 2, 1, 2, 0, 0, 0, 2, 1, 0, 1, 2, 1, 2, 1, 1, 1, 1, 1, 2, 0, 1, 2, 0, 0, 0, 1, 0, 1, 0, 0, 1, 0, 0, 0, 2, 0, 0, 1, 1, 0, 0, 1, 1, 0, 0, 2]|[4, 3, 2, 2, 0, 0, 2, 2, 2, 4, 1, 1, 2, 4, 4, 1, 1, 4, 2, 1, 1, 1, 1, 2, 1, 2, 1, 1, 1, 1, 3, 2, 3, 0, 4, 0, 1, 1, 0, 3, 2, 2, 4, 0, 1, 1, 3, 2, 0, 1, 2, 2, 1, 4, 0, 3, 2, 1, 1, 2, 1, 3, 1, 1, 1, 3, 0, 4, 3, 1, 4, 1, 1, 2, 4, 1, 2, 1, 1, 3, 2, 3, 1, 1, 1, 1, 1, 1, 1, 1, 2, 3, 4, 1, 2, 1, 3, 2, 2, 1]|[0, 2, 1, 1, 3, 3, 0, 1, 0, 0, 0, 0, 1, 0, 1, 0, 0, 3, 1, 0, 0, 0, 3, 1, 0, 2, 0, 0, 0, 1, 0, 0, 0, 0, 3, 0, 1, 0, 0, 2, 1, 1, 2, 0, 0, 0, 0, 1, 1, 0, 0, 0, 1, 3, 0, 0, 1, 0, 0, 1, 0, 2, 0, 1, 0, 2, 1, 0, 0, 1, 1, 3, 0, 1, 3, 0, 1, 0, 0, 2, 1, 0, 0, 0, 1, 0, 0, 0, 0, 0, 1, 2, 3, 1, 0, 1, 0, 0, 0, 0],802.5281847645216,57652.86795409501,87938.17744329936,false
49,G1_CMAX,G1_CMAX,[31, 22, 90, 26, 58, 95, 42, 12, 93, 5, 78, 86, 98, 18, 20, 35, 3, 97, 91, 76, 10, 85, 54, 45, 63, 71, 66, 1, 23, 17, 24, 60, 36, 6, 57, 15, 65, 56, 47, 79, 94, 67, 50, 46, 14, 75, 38, 9, 30, 19, 32, 81, 27, 92, 83, 87, 40, 99, 59, 11, 53, 16, 72, 77, 73, 70, 39, 37, 84, 43, 62, 25, 55, 28, 29, 51, 68, 82, 74, 61, 88, 21, 80, 89, 7, 69, 96, 41, 48, 4, 8, 34, 49, 52, 0, 44, 13, 2, 64, 33]|[1, 1, 1, 1, 0, 2, 1, 1, 2, 2, 2, 1, 0, 1, 2, 2, 1, 2, 0, 1, 2, 2, 2, 0, 0, 1, 2, 1, 2, 1, 2, 1, 1, 0, 1, 1, 0, 2, 2, 1, 1, 0, 0, 0, 0, 1, 1, 1, 1, 2, 1, 2, 2, 0, 0, 2, 1, 0, 0, 2, 0, 1, 2, 2, 1, 1, 1, 1, 1, 1, 0, 1, 1, 0, 0, 0, 0, 0, 2, 1, 1, 0, 0, 1, 1, 1, 2, 2, 0, 1, 1, 2, 0, 1, 0, 0, 0, 0, 2, 2]|[0, 4, 3, 0, 1, 1, 2, 4, 1, 1, 2, 4, 1, 4, 1, 1, 1, 2, 2, 2, 2, 1, 1, 1, 2, 3, 2, 3, 0, 4, 1, 0, 3, 2, 2, 2, 1, 1, 1, 0, 2, 0, 1, 2, 1, 3, 1, 4, 2, 0, 3, 2, 1, 2, 1, 1, 4, 1, 1, 1, 2, 3, 0, 2, 4, 3, 1, 4, 1, 1, 1, 4, 4, 2, 1, 1, 1, 2, 1, 3, 0, 1, 1, 1, 1, 3, 1, 1, 1, 4, 3, 1, 1, 1, 2, 2, 2, 2, 1, 1]|[3, 0, 2, 3, 0, 0, 1, 0, 0, 0, 1, 0, 0, 3, 0, 0, 1, 1, 1, 2, 1, 0, 0, 0, 0, 0, 0, 0, 0, 3, 1, 0, 2, 1, 1, 1, 0, 0, 0, 0, 1, 1, 0, 0, 0, 0, 1, 3, 2, 0, 0, 1, 0, 1, 0, 0, 2, 0, 0, 0, 1, 2, 1, 1, 0, 0, 1, 1, 3, 3, 0, 3, 3, 1, 0, 0, 0, 1, 0, 0, 0, 0, 0, 1, 2, 2, 0, 0, 0, 0, 2, 0, 1, 1, 0, 0, 0, 0, 0, 0],705.0470749739228,58445.79123614564,95781.2895945797,false
49,G4_BALANCED,G4_BALANCED,[31, 11, 15, 82, 26, 9, 95, 32, 77, 68, 47, 5, 93, 78, 86, 54, 85, 63, 18, 44, 20, 49, 36, 14, 74, 50, 53, 17, 21, 45, 71, 64, 3, 23, 30, 83, 24, 41, 60, 52, 65, 27, 90, 70, 39, 87, 48, 69, 99, 4, 46, 1, 13, 58, 97, 59, 28, 75, 73, 37, 35, 79, 22, 66, 76, 42, 40, 80, 96, 6, 16, 61, 33, 7, 57, 34, 12, 67, 10, 98, 56, 88, 29, 94, 91, 51, 19, 92, 43, 84, 38, 72, 81, 8, 2, 55, 62, 89, 25, 0]|[2, 1, 1, 2, 1, 2, 1, 1, 1, 1, 1, 0, 2, 2, 1, 2, 0, 0, 0, 2, 2, 1, 0, 2, 0, 2, 2, 1, 0, 1, 1, 1, 0, 0, 1, 0, 2, 1, 2, 2, 0, 0, 1, 1, 0, 2, 0, 2, 1, 0, 0, 2, 0, 0, 2, 0, 1, 0, 0, 0, 2, 1, 0, 2, 2, 0, 2, 2, 0, 1, 2, 1, 1, 2, 0, 1, 1, 1, 1, 2, 2, 1, 1, 2, 1, 1, 1, 0, 1, 0, 0, 1, 1, 1, 2, 0, 1, 1, 1, 0]|[1, 3, 2, 0, 4, 1, 4, 4, 2, 4, 3, 2, 1, 0, 2, 1, 1, 1, 2, 1, 1, 3, 0, 1, 0, 1, 1, 4, 1, 4, 3, 2, 2, 0, 4, 1, 1, 4, 0, 1, 2, 1, 4, 4, 1, 1, 0, 2, 3, 1, 2, 1, 2, 1, 1, 2, 4, 2, 0, 2, 2, 3, 1, 0, 1, 2, 0, 1, 2, 4, 1, 3, 4, 1, 2, 4, 3, 3, 3, 1, 1, 4, 3, 1, 3, 3, 4, 2, 4, 2, 2, 4, 1, 3, 1, 2, 3, 4, 4, 2]|[1, 2, 1, 0, 3, 0, 1, 3, 0, 0, 2, 0, 1, 0, 1, 0, 0, 0, 1, 0, 0, 2, 0, 0, 1, 0, 0, 3, 0, 1, 0, 2, 0, 1, 3, 0, 1, 3, 1, 0, 0, 0, 1, 3, 0, 0, 1, 0, 2, 0, 0, 0, 0, 0, 1, 0, 1, 0, 1, 1, 0, 2, 0, 0, 0, 0, 0, 0, 0, 2, 0, 0, 1, 0, 0, 1, 0, 0, 3, 0, 0, 1, 0, 0, 0, 0, 3, 0, 2, 0, 0, 2, 1, 0, 0, 0, 0, 1, 3, 0],836.569815134707,52504.092339752446,107095.57005228325,false
49,G2_TEC,G2_TEC,[31, 22, 82, 15, 26, 9, 95, 42, 77, 68, 47, 5, 93, 78, 86, 54, 85, 63, 18, 44, 20, 49, 36, 14, 74, 50, 53, 17, 21, 28, 11, 64, 3, 23, 30, 83, 24, 41, 40, 52, 65, 27, 90, 70, 39, 87, 48, 69, 99, 4, 75, 1, 13, 58, 97, 59, 45, 8, 73, 37, 35, 79, 71, 66, 76, 32, 60, 80, 56, 6, 67, 61, 33, 7, 57, 34, 12, 16, 10, 98, 96, 88, 43, 81, 91, 2, 84, 29, 92, 19, 51, 55, 89, 25, 72, 46, 94, 38, 62, 0]|[2, 1, 2, 1, 1, 2, 1, 1, 1, 1, 1, 0, 2, 2, 1, 2, 0, 0, 0, 2, 2, 1, 0, 2, 0, 2, 2, 1, 0, 1, 1, 1, 0, 0, 1, 0, 2, 1, 2, 2, 0, 0, 1, 1, 0, 2, 0, 2, 1, 0, 0, 2, 0, 2, 2, 0, 1, 1, 0, 0, 2, 1, 1, 2, 2, 0, 2, 2, 2, 1, 2, 1, 1, 2, 0, 1, 1, 2, 1, 2, 0, 1, 1, 1, 1, 0, 0, 1, 0, 1, 1, 0, 1, 1, 1, 0, 2, 0, 1, 0]|[0, 3, 0, 3, 4, 1, 4, 4, 4, 4, 3, 2, 1, 0, 2, 1, 1, 1, 2, 1, 1, 3, 0, 1, 0, 1, 1, 4, 1, 4, 3, 2, 2, 0, 4, 1, 1, 4, 1, 1, 2, 1, 4, 4, 1, 1, 0, 1, 3, 2, 2, 1, 2, 1, 1, 2, 4, 3, 0, 2, 1, 3, 3, 1, 1, 2, 1, 1, 1, 4, 1, 3, 4, 1, 2, 4, 3, 1, 3, 1, 2, 4, 4, 4, 3, 2, 2, 3, 2, 4, 3, 2, 4, 4, 4, 2, 1, 2, 3, 2]|[0, 2, 0, 0, 3, 0, 1, 3, 1, 0, 2, 0, 1, 0, 1, 0, 0, 0, 1, 0, 0, 2, 0, 0, 1, 0, 0, 3, 0, 1, 0, 2, 0, 0, 3, 0, 1, 1, 0, 0, 0, 0, 1, 3, 0, 0, 1, 0, 2, 0, 0, 0, 0, 0, 1, 0, 1, 0, 1, 1, 0, 2, 0, 0, 0, 0, 0, 0, 0, 2, 0, 0, 1, 0, 0, 1, 0, 0, 3, 0, 0, 1, 2, 2, 0, 0, 0, 3, 0, 1, 0, 0, 1, 3, 1, 0, 0, 0, 0, 0],910.6024065900936,48491.8951558845,107376.01945264004,false
49,G3_TWC,G3_TWC,[31, 22, 42, 15, 26, 58, 95, 82, 77, 12, 47, 5, 93, 78, 98, 54, 85, 63, 18, 44, 20, 35, 43, 97, 91, 76, 10, 30, 21, 45, 71, 64, 1, 23, 17, 83, 24, 61, 60, 36, 6, 57, 94, 88, 65, 56, 79, 40, 67, 68, 46, 75, 38, 9, 19, 32, 81, 41, 27, 62, 87, 90, 99, 59, 11, 16, 72, 73, 70, 39, 37, 84, 3, 92, 25, 74, 28, 29, 51, 7, 53, 14, 86, 48, 89, 50, 66, 96, 33, 80, 4, 8, 55, 49, 0, 52, 69, 2, 13, 34]|[1, 1, 0, 1, 1, 1, 2, 1, 2, 1, 2, 2, 2, 1, 1, 0, 0, 1, 0, 2, 2, 0, 1, 2, 0, 1, 2, 2, 0, 0, 1, 2, 1, 2, 1, 0, 2, 0, 1, 1, 0, 1, 1, 1, 0, 2, 1, 1, 0, 0, 0, 0, 1, 1, 2, 1, 2, 0, 0, 0, 2, 1, 0, 1, 2, 1, 2, 1, 1, 1, 1, 1, 2, 0, 1, 2, 0, 0, 0, 1, 0, 1, 0, 0, 1, 0, 0, 0, 2, 0, 0, 1, 1, 0, 0, 1, 1, 0, 0, 2]|[4, 3, 2, 2, 0, 0, 2, 2, 2, 4, 1, 1, 2, 4, 4, 1, 1, 4, 2, 1, 1, 1, 1, 2, 1, 2, 1, 1, 1, 1, 3, 2, 3, 0, 4, 0, 1, 1, 0, 3, 2, 2, 4, 0, 1, 1, 3, 2, 0, 1, 2, 2, 1, 4, 0, 3, 2, 1, 1, 2, 1, 3, 1, 1, 1, 3, 0, 4, 3, 1, 4, 1, 1, 2, 4, 1, 2, 1, 1, 3, 2, 3, 1, 1, 1, 1, 1, 1, 1, 1, 2, 3, 4, 1, 2, 1, 3, 2, 2, 1]|[0, 2, 1, 1, 3, 3, 0, 1, 0, 0, 0, 0, 1, 0, 1, 0, 0, 3, 1, 0, 0, 0, 3, 1, 0, 2, 0, 0, 0, 1, 0, 0, 0, 0, 3, 0, 1, 0, 0, 2, 1, 1, 2, 0, 0, 0, 0, 1, 1, 0, 0, 0, 1, 3, 0, 0, 1, 0, 0, 1, 0, 2, 0, 1, 0, 2, 1, 0, 0, 1, 1, 3, 0, 1, 3, 0, 1, 0, 0, 2, 1, 0, 0, 0, 1, 0, 0, 0, 0, 0, 1, 2, 3, 1, 0, 1, 0, 0, 0, 0],802.5281847645216,57652.86795409501,87938.17744329936,false
49,G1_CMAX,G1_CMAX,[31, 22, 90, 26, 58, 95, 42, 12, 93, 5, 78, 86, 98, 18, 20, 35, 3, 97, 91, 76, 10, 85, 54, 45, 63, 71, 66, 1, 23, 17, 24, 60, 36, 6, 57, 15, 65, 56, 47, 79, 94, 67, 50, 46, 14, 75, 38, 9, 30, 19, 32, 81, 27, 92, 83, 87, 40, 99, 59, 11, 53, 16, 72, 77, 73, 70, 39, 37, 84, 43, 62, 25, 55, 28, 29, 51, 68, 82, 74, 61, 88, 21, 80, 89, 7, 69, 96, 41, 48, 4, 8, 34, 49, 52, 0, 44, 13, 2, 64, 33]|[1, 1, 1, 1, 0, 2, 1, 1, 2, 2, 2, 1, 0, 1, 2, 2, 1, 2, 0, 1, 2, 2, 2, 0, 0, 1, 2, 1, 2, 1, 2, 1, 1, 0, 1, 1, 0, 2, 2, 1, 1, 0, 0, 0, 0, 1, 1, 1, 1, 2, 1, 2, 2, 0, 0, 2, 1, 0, 0, 2, 0, 1, 2, 2, 1, 1, 1, 1, 1, 1, 0, 1, 1, 0, 0, 0, 0, 0, 2, 1, 1, 0, 0, 1, 1, 1, 2, 2, 0, 1, 1, 2, 0, 1, 0, 0, 0, 0, 2, 2]|[0, 4, 3, 0, 1, 1, 2, 4, 1, 1, 2, 4, 1, 4, 1, 1, 1, 2, 2, 2, 2, 1, 1, 1, 2, 3, 2, 3, 0, 4, 1, 0, 3, 2, 2, 2, 1, 1, 1, 0, 2, 0, 1, 2, 1, 3, 1, 4, 2, 0, 3, 2, 1, 2, 1, 1, 4, 1, 1, 1, 2, 3, 0, 2, 4, 3, 1, 4, 1, 1, 1, 4, 4, 2, 1, 1, 1, 2, 1, 3, 0, 1, 1, 1, 1, 3, 1, 1, 1, 4, 3, 1, 1, 1, 2, 2, 2, 2, 1, 1]|[3, 0, 2, 3, 0, 0, 1, 0, 0, 0, 1, 0, 0, 3, 0, 0, 1, 1, 1, 2, 1, 0, 0, 0, 0, 0, 0, 0, 0, 3, 1, 0, 2, 1, 1, 1, 0, 0, 0, 0, 1, 1, 0, 0, 0, 0, 1, 3, 2, 0, 0, 1, 0, 1, 0, 0, 2, 0, 0, 0, 1, 2, 1, 1, 0, 0, 1, 1, 3, 3, 0, 3, 3, 1, 0, 0, 0, 1, 0, 0, 0, 0, 0, 1, 2, 2, 0, 0, 0, 0, 2, 0, 1, 1, 0, 0, 0, 0, 0, 0],705.0470749739228,58445.79123614564,95781.2895945797,false
49,G4_BALANCED,G4_BALANCED,[31, 11, 15, 82, 26, 9, 95, 32, 77, 68, 47, 5, 93, 78, 86, 54, 85, 63, 18, 44, 20, 49, 36, 14, 74, 50, 53, 17, 21, 45, 71, 64, 3, 23, 30, 83, 24, 41, 60, 52, 65, 27, 90, 70, 39, 87, 48, 69, 99, 4, 46, 1, 13, 58, 97, 59, 28, 75, 73, 37, 35, 79, 22, 66, 76, 42, 40, 80, 96, 6, 16, 61, 33, 7, 57, 34, 12, 67, 10, 98, 56, 88, 29, 94, 91, 51, 19, 92, 43, 84, 38, 72, 81, 8, 2, 55, 62, 89, 25, 0]|[2, 1, 1, 2, 1, 2, 1, 1, 1, 1, 1, 0, 2, 2, 1, 2, 0, 0, 0, 2, 2, 1, 0, 2, 0, 2, 2, 1, 0, 1, 1, 1, 0, 0, 1, 0, 2, 1, 2, 2, 0, 0, 1, 1, 0, 2, 0, 2, 1, 0, 0, 2, 0, 0, 2, 0, 1, 0, 0, 0, 2, 1, 0, 2, 2, 0, 2, 2, 0, 1, 2, 1, 1, 2, 0, 1, 1, 1, 1, 2, 2, 1, 1, 2, 1, 1, 1, 0, 1, 0, 0, 1, 1, 1, 2, 0, 1, 1, 1, 0]|[1, 3, 2, 0, 4, 1, 4, 4, 2, 4, 3, 2, 1, 0, 2, 1, 1, 1, 2, 1, 1, 3, 0, 1, 0, 1, 1, 4, 1, 4, 3, 2, 2, 0, 4, 1, 1, 4, 0, 1, 2, 1, 4, 4, 1, 1, 0, 2, 3, 1, 2, 1, 2, 1, 1, 2, 4, 2, 0, 2, 2, 3, 1, 0, 1, 2, 0, 1, 2, 4, 1, 3, 4, 1, 2, 4, 3, 3, 3, 1, 1, 4, 3, 1, 3, 3, 4, 2, 4, 2, 2, 4, 1, 3, 1, 2, 3, 4, 4, 2]|[1, 2, 1, 0, 3, 0, 1, 3, 0, 0, 2, 0, 1, 0, 1, 0, 0, 0, 1, 0, 0, 2, 0, 0, 1, 0, 0, 3, 0, 1, 0, 2, 0, 1, 3, 0, 1, 3, 1, 0, 0, 0, 1, 3, 0, 0, 1, 0, 2, 0, 0, 0, 0, 0, 1, 0, 1, 0, 1, 1, 0, 2, 0, 0, 0, 0, 0, 0, 0, 2, 0, 0, 1, 0, 0, 1, 0, 0, 3, 0, 0, 1, 0, 0, 0, 0, 3, 0, 2, 0, 0, 2, 1, 0, 0, 0, 0, 1, 3, 0],836.569815134707,52504.092339752446,107095.57005228325,false
49,G2_TEC,G4_BALANCED,[31, 11, 15, 82, 26, 9, 95, 32, 77, 68, 47, 5, 93, 78, 86, 54, 85, 63, 18, 44, 20, 49, 36, 14, 74, 50, 53, 17, 21, 45, 71, 64, 3, 23, 30, 83, 24, 41, 60, 52, 65, 27, 90, 70, 39, 87, 48, 69, 99, 4, 46, 1, 13, 58, 97, 59, 28, 75, 73, 37, 35, 79, 22, 66, 76, 42, 40, 80, 96, 6, 16, 61, 33, 7, 57, 34, 12, 67, 10, 98, 56, 88, 29, 81, 91, 2, 84, 43, 92, 19, 51, 55, 89, 8, 72, 25, 38, 94, 62, 0]|[2, 1, 1, 2, 1, 2, 1, 1, 1, 1, 1, 0, 2, 2, 1, 2, 0, 0, 0, 2, 2, 1, 0, 2, 0, 2, 2, 1, 0, 1, 1, 1, 0, 0, 1, 0, 2, 1, 2, 2, 0, 0, 1, 1, 0, 2, 0, 2, 1, 0, 0, 2, 0, 0, 2, 0, 1, 1, 0, 0, 2, 1, 0, 2, 2, 0, 2, 2, 2, 1, 2, 1, 1, 2, 0, 1, 1, 1, 1, 2, 2, 1, 1, 1, 1, 0, 0, 1, 0, 1, 1, 0, 1, 1, 1, 0, 0, 2, 1, 0]|[1, 3, 2, 0, 4, 1, 4, 4, 2, 4, 3, 2, 1, 0, 2, 1, 1, 1, 2, 1, 1, 3, 0, 1, 0, 1, 1, 4, 1, 4, 3, 2, 2, 0, 4, 1, 1, 4, 0, 1, 2, 1, 4, 4, 1, 1, 0, 2, 3, 1, 2, 1, 2, 1, 1, 2, 4, 3, 0, 2, 2, 3, 1, 0, 1, 2, 1, 1, 1, 4, 1, 3, 4, 1, 2, 4, 3, 3, 3, 1, 1, 4, 4, 1, 3, 2, 2, 3, 2, 4, 3, 2, 4, 3, 4, 2, 2, 1, 3, 2]|[1, 0, 1, 0, 3, 0, 1, 3, 0, 0, 2, 0, 1, 0, 1, 0, 0, 0, 1, 0, 0, 2, 0, 0, 1, 0, 0, 3, 0, 1, 0, 2, 0, 1, 3, 0, 1, 1, 1, 0, 0, 0, 1, 3, 0, 0, 1, 0, 2, 0, 0, 0, 0, 0, 1, 0, 1, 0, 1, 1, 0, 2, 0, 0, 0, 0, 0, 0, 0, 2, 0, 0, 1, 0, 0, 1, 0, 0, 3, 0, 0, 1, 2, 1, 0, 0, 0, 3, 0, 3, 0, 0, 1, 0, 2, 0, 0, 0, 0, 0],852.6318006111075,51704.21571925363,106118.4002701428,true
49,G3_TWC,G3_TWC,[31, 22, 42, 15, 26, 58, 95, 82, 77, 12, 47, 5, 93, 78, 98, 54, 85, 63, 18, 44, 20, 35, 43, 97, 91, 76, 10, 30, 21, 45, 71, 64, 1, 23, 17, 83, 24, 61, 60, 36, 6, 57, 94, 88, 65, 56, 79, 40, 67, 68, 46, 75, 38, 9, 19, 32, 81, 41, 27, 62, 87, 90, 99, 59, 11, 16, 72, 73, 70, 39, 37, 84, 3, 92, 25, 74, 28, 29, 51, 7, 53, 14, 86, 48, 89, 50, 66, 96, 33, 80, 4, 8, 55, 49, 0, 52, 69, 2, 13, 34]|[1, 1, 0, 1, 1, 1, 2, 1, 2, 1, 2, 2, 2, 1, 1, 0, 0, 1, 0, 2, 2, 0, 1, 2, 0, 1, 2, 2, 0, 0, 1, 2, 1, 2, 1, 0, 2, 0, 1, 1, 0, 1, 1, 1, 0, 2, 1, 1, 0, 0, 0, 0, 1, 1, 2, 1, 2, 0, 0, 0, 2, 1, 0, 1, 2, 1, 2, 1, 1, 1, 1, 1, 2, 0, 1, 2, 0, 0, 0, 1, 0, 1, 0, 0, 1, 0, 0, 0, 2, 0, 0, 1, 1, 0, 0, 1, 1, 0, 0, 2]|[4, 3, 2, 2, 0, 0, 2, 2, 2, 4, 1, 1, 2, 4, 4, 1, 1, 4, 2, 1, 1, 1, 1, 2, 1, 2, 1, 1, 1, 1, 3, 2, 3, 0, 4, 0, 1, 1, 0, 3, 2, 2, 4, 0, 1, 1, 3, 2, 0, 1, 2, 2, 1, 4, 0, 3, 2, 1, 1, 2, 1, 3, 1, 1, 1, 3, 0, 4, 3, 1, 4, 1, 1, 2, 4, 1, 2, 1, 1, 3, 2, 3, 1, 1, 1, 1, 1, 1, 1, 1, 2, 3, 4, 1, 2, 1, 3, 2, 2, 1]|[0, 2, 1, 1, 3, 3, 0, 1, 0, 0, 0, 0, 1, 0, 1, 0, 0, 3, 1, 0, 0, 0, 3, 1, 0, 2, 0, 0, 0, 1, 0, 0, 0, 0, 3, 0, 1, 0, 0, 2, 1, 1, 2, 0, 0, 0, 0, 1, 1, 0, 0, 0, 1, 3, 0, 0, 1, 0, 0, 1, 0, 2, 0, 1, 0, 2, 1, 0, 0, 1, 1, 3, 0, 1, 3, 0, 1, 0, 0, 2, 1, 0, 0, 0, 1, 0, 0, 0, 0, 0, 1, 2, 3, 1, 0, 1, 0, 0, 0, 0],802.5281847645216,57652.86795409501,87938.17744329936,false
49,G1_CMAX,G3_TWC,[31, 22, 42, 15, 26, 58, 95, 82, 77, 12, 47, 5, 93, 78, 98, 54, 85, 63, 18, 44, 20, 35, 43, 97, 91, 76, 10, 30, 21, 45, 71, 64, 1, 23, 17, 83, 24, 61, 60, 36, 6, 57, 94, 88, 65, 56, 79, 40, 67, 68, 46, 75, 38, 9, 19, 32, 81, 41, 27, 62, 87, 90, 99, 59, 11, 16, 72, 73, 70, 39, 37, 84, 3, 92, 25, 74, 28, 29, 51, 7, 53, 14, 86, 48, 89, 50, 66, 96, 33, 80, 4, 8, 55, 49, 0, 52, 69, 2, 13, 34]|[1, 1, 0, 1, 1, 1, 2, 1, 2, 1, 2, 2, 2, 1, 1, 0, 0, 1, 0, 2, 2, 0, 1, 2, 0, 1, 2, 2, 0, 0, 1, 2, 1, 2, 1, 0, 2, 0, 1, 1, 0, 1, 1, 1, 0, 2, 1, 1, 0, 0, 0, 0, 1, 1, 2, 1, 2, 0, 0, 0, 2, 1, 0, 1, 2, 1, 2, 1, 1, 1, 1, 1, 2, 0, 1, 2, 0, 0, 0, 1, 0, 1, 0, 0, 1, 0, 0, 0, 2, 0, 0, 1, 1, 0, 0, 1, 1, 0, 0, 2]|[4, 3, 2, 2, 0, 0, 2, 2, 2, 4, 1, 1, 2, 4, 4, 1, 1, 4, 2, 1, 1, 1, 1, 2, 1, 2, 1, 1, 1, 1, 3, 2, 3, 0, 4, 0, 1, 1, 0, 3, 2, 2, 4, 0, 1, 1, 3, 2, 0, 1, 2, 2, 1, 4, 0, 3, 2, 1, 1, 2, 1, 3, 1, 1, 1, 3, 0, 4, 3, 1, 4, 1, 1, 2, 4, 1, 2, 1, 1, 3, 2, 3, 1, 1, 1, 1, 1, 1, 1, 1, 2, 3, 4, 1, 2, 1, 3, 2, 2, 1]|[0, 2, 1, 1, 3, 3, 0, 1, 0, 0, 0, 0, 1, 0, 1, 0, 0, 3, 1, 0, 0, 0, 3, 1, 0, 2, 0, 0, 0, 1, 0, 0, 0, 0, 3, 0, 1, 0, 0, 2, 1, 1, 2, 0, 0, 0, 0, 1, 1, 0, 0, 0, 1, 3, 0, 0, 1, 0, 0, 1, 0, 2, 0, 1, 0, 2, 1, 0, 0, 1, 1, 3, 0, 1, 3, 0, 1, 0, 0, 2, 1, 0, 0, 0, 1, 0, 0, 0, 0, 0, 1, 2, 3, 1, 0, 1, 0, 0, 0, 0],802.5281847645216,57652.86795409501,87938.17744329936,true
49,G4_BALANCED,G4_BALANCED,[31, 11, 15, 82, 26, 9, 95, 32, 77, 68, 47, 5, 93, 78, 86, 54, 85, 63, 18, 44, 20, 49, 36, 14, 74, 50, 53, 17, 21, 45, 71, 64, 3, 23, 30, 83, 24, 41, 60, 52, 65, 27, 90, 70, 39, 87, 48, 69, 99, 4, 46, 1, 13, 58, 97, 59, 28, 75, 73, 37, 35, 79, 22, 66, 76, 42, 40, 80, 96, 6, 16, 61, 33, 7, 57, 34, 12, 67, 10, 98, 56, 88, 29, 94, 91, 51, 19, 92, 43, 84, 38, 72, 81, 8, 2, 55, 62, 89, 25, 0]|[2, 1, 1, 2, 1, 2, 1, 1, 1, 1, 1, 0, 2, 2, 1, 2, 0, 0, 0, 2, 2, 1, 0, 2, 0, 2, 2, 1, 0, 1, 1, 1, 0, 0, 1, 0, 2, 1, 2, 2, 0, 0, 1, 1, 0, 2, 0, 2, 1, 0, 0, 2, 0, 0, 2, 0, 1, 0, 0, 0, 2, 1, 0, 2, 2, 0, 2, 2, 0, 1, 2, 1, 1, 2, 0, 1, 1, 1, 1, 2, 2, 1, 1, 2, 1, 1, 1, 0, 1, 0, 0, 1, 1, 1, 2, 0, 1, 1, 1, 0]|[1, 3, 2, 0, 4, 1, 4, 4, 2, 4, 3, 2, 1, 0, 2, 1, 1, 1, 2, 1, 1, 3, 0, 1, 0, 1, 1, 4, 1, 4, 3, 2, 2, 0, 4, 1, 1, 4, 0, 1, 2, 1, 4, 4, 1, 1, 0, 2, 3, 1, 2, 1, 2, 1, 1, 2, 4, 2, 0, 2, 2, 3, 1, 0, 1, 2, 0, 1, 2, 4, 1, 3, 4, 1, 2, 4, 3, 3, 3, 1, 1, 4, 3, 1, 3, 3, 4, 2, 4, 2, 2, 4, 1, 3, 1, 2, 3, 4, 4, 2]|[1, 2, 1, 0, 3, 0, 1, 3, 0, 0, 2, 0, 1, 0, 1, 0, 0, 0, 1, 0, 0, 2, 0, 0, 1, 0, 0, 3, 0, 1, 0, 2, 0, 1, 3, 0, 1, 3, 1, 0, 0, 0, 1, 3, 0, 0, 1, 0, 2, 0, 0, 0, 0, 0, 1, 0, 1, 0, 1, 1, 0, 2, 0, 0, 0, 0, 0, 0, 0, 2, 0, 0, 1, 0, 0, 1, 0, 0, 3, 0, 0, 1, 0, 0, 0, 0, 3, 0, 2, 0, 0, 2, 1, 0, 0, 0, 0, 1, 3, 0],836.569815134707,52504.092339752446,107095.57005228325,false
49,G2_TEC,G2_TEC,[31, 22, 82, 15, 26, 9, 95, 42, 77, 68, 47, 5, 93, 78, 86, 54, 85, 63, 18, 44, 20, 49, 36, 14, 74, 50, 53, 17, 21, 28, 11, 64, 3, 23, 30, 83, 24, 41, 40, 52, 65, 27, 90, 70, 39, 87, 48, 69, 99, 4, 75, 1, 13, 58, 97, 59, 45, 8, 73, 37, 35, 79, 71, 66, 76, 32, 60, 80, 56, 6, 67, 61, 33, 7, 57, 34, 12, 16, 10, 98, 96, 88, 43, 81, 91, 2, 84, 29, 92, 19, 51, 55, 89, 25, 72, 46, 94, 38, 62, 0]|[2, 1, 2, 1, 1, 2, 1, 1, 1, 1, 1, 0, 2, 2, 1, 2, 0, 0, 0, 2, 2, 1, 0, 2, 0, 2, 2, 1, 0, 1, 1, 1, 0, 0, 1, 0, 2, 1, 2, 2, 0, 0, 1, 1, 0, 2, 0, 2, 1, 0, 0, 2, 0, 2, 2, 0, 1, 1, 0, 0, 2, 1, 1, 2, 2, 0, 2, 2, 2, 1, 2, 1, 1, 2, 0, 1, 1, 2, 1, 2, 0, 1, 1, 1, 1, 0, 0, 1, 0, 1, 1, 0, 1, 1, 1, 0, 2, 0, 1, 0]|[0, 3, 0, 3, 4, 1, 4, 4, 4, 4, 3, 2, 1, 0, 2, 1, 1, 1, 2, 1, 1, 3, 0, 1, 0, 1, 1, 4, 1, 4, 3, 2, 2, 0, 4, 1, 1, 4, 1, 1, 2, 1, 4, 4, 1, 1, 0, 1, 3, 2, 2, 1, 2, 1, 1, 2, 4, 3, 0, 2, 1, 3, 3, 1, 1, 2, 1, 1, 1, 4, 1, 3, 4, 1, 2, 4, 3, 1, 3, 1, 2, 4, 4, 4, 3, 2, 2, 3, 2, 4, 3, 2, 4, 4, 4, 2, 1, 2, 3, 2]|[0, 2, 0, 0, 3, 0, 1, 3, 1, 0, 2, 0, 1, 0, 1, 0, 0, 0, 1, 0, 0, 2, 0, 0, 1, 0, 0, 3, 0, 1, 0, 2, 0, 0, 3, 0, 1, 1, 0, 0, 0, 0, 1, 3, 0, 0, 1, 0, 2, 0, 0, 0, 0, 0, 1, 0, 1, 0, 1, 1, 0, 2, 0, 0, 0, 0, 0, 0, 0, 2, 0, 0, 1, 0, 0, 1, 0, 0, 3, 0, 0, 1, 2, 2, 0, 0, 0, 3, 0, 1, 0, 0, 1, 3, 1, 0, 0, 0, 0, 0],910.6024065900936,48491.8951558845,107376.01945264004,false
49,G3_TWC,G3_TWC,[31, 22, 42, 15, 26, 58, 95, 82, 77, 12, 47, 5, 93, 78, 98, 54, 85, 63, 18, 44, 20, 35, 43, 97, 91, 76, 10, 30, 21, 45, 71, 64, 1, 23, 17, 83, 24, 61, 60, 36, 6, 57, 94, 88, 65, 56, 79, 40, 67, 68, 46, 75, 38, 9, 19, 32, 81, 41, 27, 62, 87, 90, 99, 59, 11, 16, 72, 73, 70, 39, 37, 84, 3, 92, 25, 74, 28, 29, 51, 7, 53, 14, 86, 48, 89, 50, 66, 96, 33, 80, 4, 8, 55, 49, 0, 52, 69, 2, 13, 34]|[1, 1, 0, 1, 1, 1, 2, 1, 2, 1, 2, 2, 2, 1, 1, 0, 0, 1, 0, 2, 2, 0, 1, 2, 0, 1, 2, 2, 0, 0, 1, 2, 1, 2, 1, 0, 2, 0, 1, 1, 0, 1, 1, 1, 0, 2, 1, 1, 0, 0, 0, 0, 1, 1, 2, 1, 2, 0, 0, 0, 2, 1, 0, 1, 2, 1, 2, 1, 1, 1, 1, 1, 2, 0, 1, 2, 0, 0, 0, 1, 0, 1, 0, 0, 1, 0, 0, 0, 2, 0, 0, 1, 1, 0, 0, 1, 1, 0, 0, 2]|[4, 3, 2, 2, 0, 0, 2, 2, 2, 4, 1, 1, 2, 4, 4, 1, 1, 4, 2, 1, 1, 1, 1, 2, 1, 2, 1, 1, 1, 1, 3, 2, 3, 0, 4, 0, 1, 1, 0, 3, 2, 2, 4, 0, 1, 1, 3, 2, 0, 1, 2, 2, 1, 4, 0, 3, 2, 1, 1, 2, 1, 3, 1, 1, 1, 3, 0, 4, 3, 1, 4, 1, 1, 2, 4, 1, 2, 1, 1, 3, 2, 3, 1, 1, 1, 1, 1, 1, 1, 1, 2, 3, 4, 1, 2, 1, 3, 2, 2, 1]|[0, 2, 1, 1, 3, 3, 0, 1, 0, 0, 0, 0, 1, 0, 1, 0, 0, 3, 1, 0, 0, 0, 3, 1, 0, 2, 0, 0, 0, 1, 0, 0, 0, 0, 3, 0, 1, 0, 0, 2, 1, 1, 2, 0, 0, 0, 0, 1, 1, 0, 0, 0, 1, 3, 0, 0, 1, 0, 0, 1, 0, 2, 0, 1, 0, 2, 1, 0, 0, 1, 1, 3, 0, 1, 3, 0, 1, 0, 0, 2, 1, 0, 0, 0, 1, 0, 0, 0, 0, 0, 1, 2, 3, 1, 0, 1, 0, 0, 0, 0],802.5281847645216,57652.86795409501,87938.17744329936,false
49,G1_CMAX,G3_TWC,[31, 22, 42, 15, 26, 58, 95, 82, 77, 12, 47, 5, 93, 78, 98, 54, 85, 63, 18, 44, 20, 35, 43, 97, 91, 76, 10, 30, 21, 45, 71, 64, 1, 23, 17, 83, 24, 61, 60, 36, 6, 57, 94, 88, 65, 56, 79, 40, 67, 68, 46, 75, 38, 9, 19, 32, 81, 41, 27, 62, 87, 90, 99, 59, 11, 16, 72, 73, 70, 39, 37, 84, 3, 92, 25, 74, 28, 29, 51, 50, 53, 14, 86, 66, 89, 7, 4, 96, 33, 80, 48, 8, 55, 49, 0, 52, 13, 2, 69, 34]|[1, 1, 0, 1, 1, 1, 2, 1, 2, 1, 2, 2, 2, 1, 1, 0, 0, 1, 0, 2, 2, 0, 1, 2, 0, 1, 2, 2, 0, 0, 1, 2, 1, 2, 1, 0, 2, 0, 1, 1, 0, 1, 1, 1, 0, 2, 1, 1, 0, 0, 0, 0, 1, 1, 2, 1, 2, 0, 0, 0, 2, 1, 0, 1, 2, 1, 2, 1, 1, 1, 1, 1, 2, 0, 1, 2, 0, 0, 0, 1, 0, 1, 0, 2, 1, 1, 1, 2, 2, 0, 0, 1, 2, 0, 0, 1, 0, 0, 1, 2]|[4, 3, 2, 2, 0, 0, 2, 2, 2, 4, 1, 1, 2, 4, 4, 1, 1, 4, 2, 1, 1, 1, 1, 2, 1, 2, 1, 1, 1, 1, 3, 2, 3, 0, 4, 0, 1, 1, 0, 3, 2, 2, 4, 0, 1, 1, 3, 2, 0, 1, 2, 2, 1, 4, 0, 3, 2, 1, 1, 2, 1, 3, 1, 1, 1, 3, 0, 4, 3, 1, 4, 1, 1, 2, 4, 1, 2, 1, 1, 3, 2, 3, 1, 1, 1, 3, 4, 1, 1, 1, 1, 3, 1, 1, 2, 1, 2, 2, 4, 1]|[0, 2, 1, 1, 3, 3, 0, 1, 0, 0, 0, 0, 1, 0, 1, 0, 0, 3, 1, 0, 0, 0, 3, 1, 0, 2, 0, 0, 0, 1, 0, 0, 0, 0, 3, 0, 1, 0, 0, 2, 1, 1, 2, 0, 0, 0, 0, 1, 1, 0, 0, 0, 1, 3, 0, 0, 1, 0, 0, 1, 0, 2, 0, 1, 0, 2, 1, 0, 0, 1, 1, 3, 0, 1, 3, 0, 1, 0, 0, 2, 1, 0, 0, 0, 1, 2, 0, 0, 0, 0, 0, 2, 0, 1, 0, 1, 0, 0, 2, 0],728.4869286192202,57157.53540402781,90893.16299755374,true
49,G4_BALANCED,G4_BALANCED,[31, 11, 15, 82, 26, 9, 95, 32, 77, 68, 47, 5, 93, 78, 86, 54, 85, 63, 18, 44, 20, 49, 36, 14, 74, 50, 53, 17, 21, 45, 71, 64, 3, 23, 30, 83, 24, 41, 60, 52, 65, 27, 90, 70, 39, 87, 48, 69, 99, 4, 46, 1, 13, 58, 97, 59, 28, 75, 73, 37, 35, 79, 22, 66, 76, 42, 40, 80, 96, 6, 16, 61, 33, 7, 57, 34, 12, 67, 10, 98, 56, 88, 29, 94, 91, 51, 19, 92, 43, 84, 38, 72, 81, 8, 2, 55, 62, 89, 25, 0]|[2, 1, 1, 2, 1, 2, 1, 1, 1, 1, 1, 0, 2, 2, 1, 2, 0, 0, 0, 2, 2, 1, 0, 2, 0, 2, 2, 1, 0, 1, 1, 1, 0, 0, 1, 0, 2, 1, 2, 2, 0, 0, 1, 1, 0, 2, 0, 2, 1, 0, 0, 2, 0, 0, 2, 0, 1, 0, 0, 0, 2, 1, 0, 2, 2, 0, 2, 2, 0, 1, 2, 1, 1, 2, 0, 1, 1, 1, 1, 2, 2, 1, 1, 2, 1, 1, 1, 0, 1, 0, 0, 1, 1, 1, 2, 0, 1, 1, 1, 0]|[1, 3, 2, 0, 4, 1, 4, 4, 2, 4, 3, 2, 1, 0, 2, 1, 1, 1, 2, 1, 1, 3, 0, 1, 0, 1, 1, 4, 1, 4, 3, 2, 2, 0, 4, 1, 1, 4, 0, 1, 2, 1, 4, 4, 1, 1, 0, 2, 3, 1, 2, 1, 2, 1, 1, 2, 4, 2, 0, 2, 2, 3, 1, 0, 1, 2, 0, 1, 2, 4, 1, 3, 4, 1, 2, 4, 3, 3, 3, 1, 1, 4, 3, 1, 3, 3, 4, 2, 4, 2, 2, 4, 1, 3, 1, 2, 3, 4, 4, 2]|[1, 2, 1, 0, 3, 0, 1, 3, 0, 0, 2, 0, 1, 0, 1, 0, 0, 0, 1, 0, 0, 2, 0, 0, 1, 0, 0, 3, 0, 1, 0, 2, 0, 1, 3, 0, 1, 3, 1, 0, 0, 0, 1, 3, 0, 0, 1, 0, 2, 0, 0, 0, 0, 0, 1, 0, 1, 0, 1, 1, 0, 2, 0, 0, 0, 0, 0, 0, 0, 2, 0, 0, 1, 0, 0, 1, 0, 0, 3, 0, 0, 1, 0, 0, 0, 0, 3, 0, 2, 0, 0, 2, 1, 0, 0, 0, 0, 1, 3, 0],836.569815134707,52504.092339752446,107095.57005228325,false
49,G2_TEC,G2_TEC,[31, 22, 82, 15, 26, 9, 95, 42, 77, 68, 47, 5, 93, 78, 86, 54, 85, 63, 18, 44, 20, 49, 36, 14, 74, 50, 53, 17, 21, 28, 11, 64, 3, 23, 30, 83, 24, 41, 40, 52, 65, 27, 90, 70, 39, 87, 48, 69, 99, 4, 75, 1, 13, 58, 97, 59, 45, 8, 73, 37, 35, 79, 71, 66, 76, 32, 60, 80, 56, 6, 67, 61, 33, 7, 57, 34, 12, 16, 10, 98, 96, 88, 43, 81, 91, 2, 84, 29, 92, 19, 51, 55, 89, 25, 72, 46, 94, 38, 62, 0]|[2, 1, 2, 1, 1, 2, 1, 1, 1, 1, 1, 0, 2, 2, 1, 2, 0, 0, 0, 2, 2, 1, 0, 2, 0, 2, 2, 1, 0, 1, 1, 1, 0, 0, 1, 0, 2, 1, 2, 2, 0, 0, 1, 1, 0, 2, 0, 2, 1, 0, 0, 2, 0, 2, 2, 0, 1, 1, 0, 0, 2, 1, 1, 2, 2, 0, 2, 2, 2, 1, 2, 1, 1, 2, 0, 1, 1, 2, 1, 2, 0, 1, 1, 1, 1, 0, 0, 1, 0, 1, 1, 0, 1, 1, 1, 0, 2, 0, 1, 0]|[0, 3, 0, 3, 4, 1, 4, 4, 4, 4, 3, 2, 1, 0, 2, 1, 1, 1, 2, 1, 1, 3, 0, 1, 0, 1, 1, 4, 1, 4, 3, 2, 2, 0, 4, 1, 1, 4, 1, 1, 2, 1, 4, 4, 1, 1, 0, 1, 3, 2, 2, 1, 2, 1, 1, 2, 4, 3, 0, 2, 1, 3, 3, 1, 1, 2, 1, 1, 1, 4, 1, 3, 4, 1, 2, 4, 3, 1, 3, 1, 2, 4, 4, 4, 3, 2, 2, 3, 2, 4, 3, 2, 4, 4, 4, 2, 1, 2, 3, 2]|[0, 2, 0, 0, 3, 0, 1, 3, 1, 0, 2, 0, 1, 0, 1, 0, 0, 0, 1, 0, 0, 2, 0, 0, 1, 0, 0, 3, 0, 1, 0, 2, 0, 0, 3, 0, 1, 1, 0, 0, 0, 0, 1, 3, 0, 0, 1, 0, 2, 0, 0, 0, 0, 0, 1, 0, 1, 0, 1, 1, 0, 2, 0, 0, 0, 0, 0, 0, 0, 2, 0, 0, 1, 0, 0, 1, 0, 0, 3, 0, 0, 1, 2, 2, 0, 0, 0, 3, 0, 1, 0, 0, 1, 3, 1, 0, 0, 0, 0, 0],910.6024065900936,48491.8951558845,107376.01945264004,false
49,G3_TWC,G3_TWC,[31, 22, 42, 15, 26, 58, 95, 82, 77, 12, 47, 5, 93, 78, 98, 54, 85, 63, 18, 44, 20, 35, 43, 97, 91, 76, 10, 30, 21, 45, 71, 64, 1, 23, 17, 83, 24, 61, 60, 36, 6, 57, 94, 88, 65, 56, 79, 40, 67, 68, 46, 75, 38, 9, 19, 32, 81, 41, 27, 62, 87, 90, 99, 59, 11, 16, 72, 73, 70, 39, 37, 84, 3, 92, 25, 74, 28, 29, 51, 7, 53, 14, 86, 48, 89, 50, 66, 96, 33, 80, 4, 8, 55, 49, 0, 52, 69, 2, 13, 34]|[1, 1, 0, 1, 1, 1, 2, 1, 2, 1, 2, 2, 2, 1, 1, 0, 0, 1, 0, 2, 2, 0, 1, 2, 0, 1, 2, 2, 0, 0, 1, 2, 1, 2, 1, 0, 2, 0, 1, 1, 0, 1, 1, 1, 0, 2, 1, 1, 0, 0, 0, 0, 1, 1, 2, 1, 2, 0, 0, 0, 2, 1, 0, 1, 2, 1, 2, 1, 1, 1, 1, 1, 2, 0, 1, 2, 0, 0, 0, 1, 0, 1, 0, 0, 1, 0, 0, 0, 2, 0, 0, 1, 1, 0, 0, 1, 1, 0, 0, 2]|[4, 3, 2, 2, 0, 0, 2, 2, 2, 4, 1, 1, 2, 4, 4, 1, 1, 4, 2, 1, 1, 1, 1, 2, 1, 2, 1, 1, 1, 1, 3, 2, 3, 0, 4, 0, 1, 1, 0, 3, 2, 2, 4, 0, 1, 1, 3, 2, 0, 1, 2, 2, 1, 4, 0, 3, 2, 1, 1, 2, 1, 3, 1, 1, 1, 3, 0, 4, 3, 1, 4, 1, 1, 2, 4, 1, 2, 1, 1, 3, 2, 3, 1, 1, 1, 1, 1, 1, 1, 1, 2, 3, 4, 1, 2, 1, 3, 2, 2, 1]|[0, 2, 1, 1, 3, 3, 0, 1, 0, 0, 0, 0, 1, 0, 1, 0, 0, 3, 1, 0, 0, 0, 3, 1, 0, 2, 0, 0, 0, 1, 0, 0, 0, 0, 3, 0, 1, 0, 0, 2, 1, 1, 2, 0, 0, 0, 0, 1, 1, 0, 0, 0, 1, 3, 0, 0, 1, 0, 0, 1, 0, 2, 0, 1, 0, 2, 1, 0, 0, 1, 1, 3, 0, 1, 3, 0, 1, 0, 0, 2, 1, 0, 0, 0, 1, 0, 0, 0, 0, 0, 1, 2, 3, 1, 0, 1, 0, 0, 0, 0],802.5281847645216,57652.86795409501,87938.17744329936,false
50,G1_CMAX,G1_CMAX,[31, 22, 90, 26, 58, 95, 42, 12, 93, 5, 78, 86, 98, 18, 20, 35, 3, 97, 91, 76, 10, 85, 54, 45, 63, 71, 66, 1, 23, 17, 24, 60, 36, 6, 57, 15, 65, 56, 47, 79, 94, 67, 50, 46, 14, 75, 38, 9, 30, 19, 32, 81, 27, 92, 83, 87, 40, 99, 59, 11, 53, 16, 72, 77, 73, 70, 39, 37, 84, 43, 62, 25, 55, 28, 29, 51, 68, 82, 74, 61, 88, 21, 80, 89, 7, 69, 96, 41, 48, 4, 8, 34, 49, 52, 0, 44, 13, 2, 64, 33]|[1, 1, 1, 1, 0, 2, 1, 1, 2, 2, 2, 1, 0, 1, 2, 2, 1, 2, 0, 1, 2, 2, 2, 0, 0, 1, 2, 1, 2, 1, 2, 1, 1, 0, 1, 1, 0, 2, 2, 1, 1, 0, 0, 0, 0, 1, 1, 1, 1, 2, 1, 2, 2, 0, 0, 2, 1, 0, 0, 2, 0, 1, 2, 2, 1, 1, 1, 1, 1, 1, 0, 1, 1, 0, 0, 0, 0, 0, 2, 1, 1, 0, 0, 1, 1, 1, 2, 2, 0, 1, 1, 2, 0, 1, 0, 0, 0, 0, 2, 2]|[0, 4, 3, 0, 1, 1, 2, 4, 1, 1, 2, 4, 1, 4, 1, 1, 1, 2, 2, 2, 2, 1, 1, 1, 2, 3, 2, 3, 0, 4, 1, 0, 3, 2, 2, 2, 1, 1, 1, 0, 2, 0, 1, 2, 1, 3, 1, 4, 2, 0, 3, 2, 1, 2, 1, 1, 4, 1, 1, 1, 2, 3, 0, 2, 4, 3, 1, 4, 1, 1, 1, 4, 4, 2, 1, 1, 1, 2, 1, 3, 0, 1, 1, 1, 1, 3, 1, 1, 1, 4, 3, 1, 1, 1, 2, 2, 2, 2, 1, 1]|[3, 0, 2, 3, 0, 0, 1, 0, 0, 0, 1, 0, 0, 3, 0, 0, 1, 1, 1, 2, 1, 0, 0, 0, 0, 0, 0, 0, 0, 3, 1, 0, 2, 1, 1, 1, 0, 0, 0, 0, 1, 1, 0, 0, 0, 0, 1, 3, 2, 0, 0, 1, 0, 1, 0, 0, 2, 0, 0, 0, 1, 2, 1, 1, 0, 0, 1, 1, 3, 3, 0, 3, 3, 1, 0, 0, 0, 1, 0, 0, 0, 0, 0, 1, 2, 2, 0, 0, 0, 0, 2, 0, 1, 1, 0, 0, 0, 0, 0, 0],705.0470749739228,58445.79123614564,95781.2895945797,false
50,G4_BALANCED,G1_CMAX,[31, 22, 42, 15, 26, 24, 95, 82, 77, 12, 47, 5, 93, 78, 98, 54, 63, 18, 44, 20, 43, 97, 91, 76, 10, 30, 21, 45, 71, 64, 1, 23, 17, 83, 58, 61, 60, 36, 6, 57, 94, 88, 65, 56, 79, 40, 67, 68, 46, 75, 38, 9, 19, 32, 81, 41, 27, 35, 62, 85, 87, 90, 99, 59, 11, 16, 72, 73, 70, 39, 37, 84, 3, 92, 25, 74, 28, 29, 51, 7, 53, 14, 86, 66, 89, 50, 48, 96, 33, 80, 4, 8, 55, 49, 0, 52, 13, 2, 69, 34]|[1, 1, 2, 1, 1, 1, 2, 1, 2, 1, 2, 2, 2, 1, 1, 0, 1, 0, 2, 2, 1, 2, 0, 1, 2, 2, 0, 0, 1, 2, 1, 2, 1, 0, 2, 0, 1, 1, 0, 1, 1, 1, 0, 2, 1, 1, 0, 0, 0, 0, 1, 1, 2, 1, 2, 0, 0, 0, 0, 0, 2, 1, 0, 1, 2, 1, 2, 1, 1, 1, 1, 1, 2, 0, 1, 2, 0, 0, 0, 1, 0, 1, 1, 0, 1, 0, 0, 2, 2, 0, 1, 1, 2, 0, 0, 1, 0, 0, 1, 2]|[4, 3, 1, 2, 0, 0, 2, 2, 2, 4, 1, 1, 2, 4, 4, 1, 4, 2, 1, 1, 1, 2, 1, 2, 1, 1, 1, 1, 3, 2, 3, 0, 4, 0, 1, 1, 0, 3, 2, 2, 4, 0, 1, 1, 0, 2, 0, 1, 2, 2, 1, 4, 0, 3, 2, 1, 1, 1, 2, 1, 1, 3, 1, 1, 1, 3, 0, 4, 3, 1, 4, 1, 1, 2, 4, 1, 2, 1, 1, 3, 2, 3, 4, 1, 1, 1, 1, 1, 1, 1, 4, 3, 1, 1, 2, 1, 2, 2, 4, 1]|[0, 2, 1, 1, 3, 3, 0, 1, 0, 0, 0, 0, 1, 0, 1, 0, 3, 1, 0, 0, 3, 1, 0, 2, 0, 0, 0, 1, 0, 0, 0, 0, 3, 0, 1, 0, 0, 2, 1, 1, 2, 0, 0, 0, 0, 1, 1, 0, 0, 0, 1, 3, 0, 0, 1, 0, 0, 0, 1, 0, 0, 2, 0, 1, 0, 2, 1, 0, 0, 1, 1, 3, 0, 1, 3, 0, 1, 0, 0, 2, 1, 0, 1, 0, 1, 0, 0, 0, 0, 0, 0, 2, 0, 1, 0, 1, 0, 0, 2, 0],725.378901546286,57621.85216148156,92116.76426698791,true
50,G2_TEC,G2_TEC,[31, 22, 82, 15, 26, 9, 95, 42, 77, 68, 47, 5, 93, 78, 86, 54, 85, 63, 18, 44, 20, 49, 36, 14, 74, 50, 53, 17, 21, 28, 11, 64, 3, 23, 30, 83, 24, 41, 40, 52, 65, 27, 90, 70, 39, 87, 48, 69, 99, 4, 75, 1, 13, 58, 97, 59, 45, 8, 73, 37, 35, 79, 71, 66, 76, 32, 60, 80, 56, 6, 67, 61, 33, 7, 57, 34, 12, 16, 10, 98, 96, 88, 43, 81, 91, 2, 84, 29, 92, 19, 51, 55, 89, 25, 72, 46, 94, 38, 62, 0]|[2, 1, 2, 1, 1, 2, 1, 1, 1, 1, 1, 0, 2, 2, 1, 2, 0, 0, 0, 2, 2, 1, 0, 2, 0, 2, 2, 1, 0, 1, 1, 1, 0, 0, 1, 0, 2, 1, 2, 2, 0, 0, 1, 1, 0, 2, 0, 2, 1, 0, 0, 2, 0, 2, 2, 0, 1, 1, 0, 0, 2, 1, 1, 2, 2, 0, 2, 2, 2, 1, 2, 1, 1, 2, 0, 1, 1, 2, 1, 2, 0, 1, 1, 1, 1, 0, 0, 1, 0, 1, 1, 0, 1, 1, 1, 0, 2, 0, 1, 0]|[0, 3, 0, 3, 4, 1, 4, 4, 4, 4, 3, 2, 1, 0, 2, 1, 1, 1, 2, 1, 1, 3, 0, 1, 0, 1, 1, 4, 1, 4, 3, 2, 2, 0, 4, 1, 1, 4, 1, 1, 2, 1, 4, 4, 1, 1, 0, 1, 3, 2, 2, 1, 2, 1, 1, 2, 4, 3, 0, 2, 1, 3, 3, 1, 1, 2, 1, 1, 1, 4, 1, 3, 4, 1, 2, 4, 3, 1, 3, 1, 2, 4, 4, 4, 3, 2, 2, 3, 2, 4, 3, 2, 4, 4, 4, 2, 1, 2, 3, 2]|[0, 2, 0, 0, 3, 0, 1, 3, 1, 0, 2, 0, 1, 0, 1, 0, 0, 0, 1, 0, 0, 2, 0, 0, 1, 0, 0, 3, 0, 1, 0, 2, 0, 0, 3, 0, 1, 1, 0, 0, 0, 0, 1, 3, 0, 0, 1, 0, 2, 0, 0, 0, 0, 0, 1, 0, 1, 0, 1, 1, 0, 2, 0, 0, 0, 0, 0, 0, 0, 2, 0, 0, 1, 0, 0, 1, 0, 0, 3, 0, 0, 1, 2, 2, 0, 0, 0, 3, 0, 1, 0, 0, 1, 3, 1, 0, 0, 0, 0, 0],910.6024065900936,48491.8951558845,107376.01945264004,false
50,G3_TWC,G3_TWC,[31, 22, 42, 15, 26, 58, 95, 82, 77, 12, 47, 5, 93, 78, 98, 54, 85, 63, 18, 44, 20, 35, 43, 97, 91, 76, 10, 30, 21, 45, 71, 64, 1, 23, 17, 83, 24, 61, 60, 36, 6, 57, 94, 88, 65, 56, 79, 40, 67, 68, 46, 75, 38, 9, 19, 32, 81, 41, 27, 62, 87, 90, 99, 59, 11, 16, 72, 73, 70, 39, 37, 84, 3, 92, 25, 74, 28, 29, 51, 7, 53, 14, 86, 48, 89, 50, 66, 96, 33, 80, 4, 8, 55, 49, 0, 52, 69, 2, 13, 34]|[1, 1, 0, 1, 1, 1, 2, 1, 2, 1, 2, 2, 2, 1, 1, 0, 0, 1, 0, 2, 2, 0, 1, 2, 0, 1, 2, 2, 0, 0, 1, 2, 1, 2, 1, 0, 2, 0, 1, 1, 0, 1, 1, 1, 0, 2, 1, 1, 0, 0, 0, 0, 1, 1, 2, 1, 2, 0, 0, 0, 2, 1, 0, 1, 2, 1, 2, 1, 1, 1, 1, 1, 2, 0, 1, 2, 0, 0, 0, 1, 0, 1, 0, 0, 1, 0, 0, 0, 2, 0, 0, 1, 1, 0, 0, 1, 1, 0, 0, 2]|[4, 3, 2, 2, 0, 0, 2, 2, 2, 4, 1, 1, 2, 4, 4, 1, 1, 4, 2, 1, 1, 1, 1, 2, 1, 2, 1, 1, 1, 1, 3, 2, 3, 0, 4, 0, 1, 1, 0, 3, 2, 2, 4, 0, 1, 1, 3, 2, 0, 1, 2, 2, 1, 4, 0, 3, 2, 1, 1, 2, 1, 3, 1, 1, 1, 3, 0, 4, 3, 1, 4, 1, 1, 2, 4, 1, 2, 1, 1, 3, 2, 3, 1, 1, 1, 1, 1, 1, 1, 1, 2, 3, 4, 1, 2, 1, 3, 2, 2, 1]|[0, 2, 1, 1, 3, 3, 0, 1, 0, 0, 0, 0, 1, 0, 1, 0, 0, 3, 1, 0, 0, 0, 3, 1, 0, 2, 0, 0, 0, 1, 0, 0, 0, 0, 3, 0, 1, 0, 0, 2, 1, 1, 2, 0, 0, 0, 0, 1, 1, 0, 0, 0, 1, 3, 0, 0, 1, 0, 0, 1, 0, 2, 0, 1, 0, 2, 1, 0, 0, 1, 1, 3, 0, 1, 3, 0, 1, 0, 0, 2, 1, 0, 0, 0, 1, 0, 0, 0, 0, 0, 1, 2, 3, 1, 0, 1, 0, 0, 0, 0],802.5281847645216,57652.86795409501,87938.17744329936,false
50,G1_CMAX,G4_BALANCED,[31, 22, 82, 15, 26, 57, 95, 42, 77, 68, 47, 5, 93, 78, 86, 54, 85, 63, 18, 44, 20, 49, 36, 14, 74, 50, 53, 17, 21, 28, 11, 64, 3, 23, 30, 83, 24, 41, 40, 52, 65, 27, 90, 70, 39, 87, 48, 69, 99, 4, 75, 1, 13, 58, 97, 59, 45, 8, 73, 37, 35, 79, 71, 66, 76, 32, 60, 80, 56, 6, 67, 61, 33, 7, 9, 34, 12, 16, 10, 98, 96, 88, 43, 81, 91, 38, 84, 92, 29, 19, 51, 55, 46, 89, 72, 25, 2, 94, 62, 0]|[2, 1, 2, 1, 1, 0, 1, 1, 1, 1, 1, 0, 2, 2, 1, 2, 0, 0, 0, 2, 2, 1, 0, 2, 0, 2, 2, 1, 0, 1, 1, 1, 0, 0, 1, 0, 2, 1, 2, 2, 0, 0, 1, 1, 0, 2, 0, 2, 1, 0, 0, 2, 0, 2, 2, 0, 1, 1, 0, 0, 2, 1, 1, 2, 2, 0, 2, 2, 2, 1, 2, 1, 1, 2, 2, 1, 1, 2, 1, 2, 0, 1, 1, 0, 1, 0, 0, 0, 1, 1, 1, 0, 0, 1, 1, 1, 2, 0, 1, 2]|[0, 3, 0, 3, 4, 2, 4, 4, 2, 4, 3, 2, 1, 0, 2, 1, 1, 1, 2, 1, 1, 3, 0, 1, 0, 1, 1, 4, 1, 4, 3, 2, 2, 0, 4, 1, 1, 4, 1, 1, 2, 1, 4, 4, 1, 1, 0, 2, 3, 2, 2, 1, 2, 1, 1, 2, 4, 3, 0, 2, 2, 3, 3, 1, 1, 2, 1, 1, 1, 4, 1, 3, 4, 1, 1, 4, 3, 1, 3, 1, 2, 4, 4, 2, 3, 2, 2, 2, 3, 4, 3, 2, 2, 4, 4, 4, 1, 2, 3, 1]|[0, 2, 0, 0, 3, 0, 1, 3, 0, 0, 2, 0, 1, 0, 1, 0, 0, 0, 1, 0, 0, 2, 0, 0, 1, 0, 0, 3, 0, 1, 0, 2, 0, 0, 3, 0, 1, 1, 0, 0, 0, 0, 1, 3, 0, 0, 1, 0, 2, 0, 0, 0, 0, 0, 1, 0, 1, 0, 1, 1, 0, 2, 0, 0, 0, 0, 0, 0, 0, 2, 0, 0, 1, 0, 0, 1, 0, 0, 3, 0, 0, 1, 2, 0, 0, 0, 0, 0, 3, 1, 0, 0, 0, 1, 1, 3, 0, 0, 0, 0],910.2518521031475,49565.97444698472,104450.33685849783,true
50,G4_BALANCED,G4_BALANCED,[31, 11, 15, 82, 26, 9, 95, 32, 77, 68, 47, 5, 93, 78, 86, 54, 85, 63, 18, 44, 20, 49, 36, 14, 74, 50, 53, 17, 21, 45, 71, 64, 3, 23, 30, 83, 24, 41, 60, 52, 65, 27, 90, 70, 39, 87, 48, 69, 99, 4, 46, 1, 13, 58, 97, 59, 28, 75, 73, 37, 35, 79, 22, 66, 76, 42, 40, 80, 96, 6, 16, 61, 33, 7, 57, 34, 12, 67, 10, 98, 56, 88, 29, 94, 91, 51, 19, 92, 43, 84, 38, 72, 81, 8, 2, 55, 62, 89, 25, 0]|[2, 1, 1, 2, 1, 2, 1, 1, 1, 1, 1, 0, 2, 2, 1, 2, 0, 0, 0, 2, 2, 1, 0, 2, 0, 2, 2, 1, 0, 1, 1, 1, 0, 0, 1, 0, 2, 1, 2, 2, 0, 0, 1, 1, 0, 2, 0, 2, 1, 0, 0, 2, 0, 0, 2, 0, 1, 0, 0, 0, 2, 1, 0, 2, 2, 0, 2, 2, 0, 1, 2, 1, 1, 2, 0, 1, 1, 1, 1, 2, 2, 1, 1, 2, 1, 1, 1, 0, 1, 0, 0, 1, 1, 1, 2, 0, 1, 1, 1, 0]|[1, 3, 2, 0, 4, 1, 4, 4, 2, 4, 3, 2, 1, 0, 2, 1, 1, 1, 2, 1, 1, 3, 0, 1, 0, 1, 1, 4, 1, 4, 3, 2, 2, 0, 4, 1, 1, 4, 0, 1, 2, 1, 4, 4, 1, 1, 0, 2, 3, 1, 2, 1, 2, 1, 1, 2, 4, 2, 0, 2, 2, 3, 1, 0, 1, 2, 0, 1, 2, 4, 1, 3, 4, 1, 2, 4, 3, 3, 3, 1, 1, 4, 3, 1, 3, 3, 4, 2, 4, 2, 2, 4, 1, 3, 1, 2, 3, 4, 4, 2]|[1, 2, 1, 0, 3, 0, 1, 3, 0, 0, 2, 0, 1, 0, 1, 0, 0, 0, 1, 0, 0, 2, 0, 0, 1, 0, 0, 3, 0, 1, 0, 2, 0, 1, 3, 0, 1, 3, 1, 0, 0, 0, 1, 3, 0, 0, 1, 0, 2, 0, 0, 0, 0, 0, 1, 0, 1, 0, 1, 1, 0, 2, 0, 0, 0, 0, 0, 0, 0, 2, 0, 0, 1, 0, 0, 1, 0, 0, 3, 0, 0, 1, 0, 0, 0, 0, 3, 0, 2, 0, 0, 2, 1, 0, 0, 0, 0, 1, 3, 0],836.569815134707,52504.092339752446,107095.57005228325,false
50,G2_TEC,G2_TEC,[31, 22, 82, 15, 26, 9, 95, 42, 77, 68, 47, 5, 93, 78, 86, 54, 85, 63, 18, 44, 20, 49, 36, 14, 74, 50, 53, 17, 21, 28, 11, 64, 3, 23, 30, 83, 24, 41, 40, 52, 65, 27, 90, 70, 39, 87, 48, 69, 99, 4, 75, 1, 13, 58, 97, 59, 45, 8, 73, 37, 35, 79, 71, 66, 76, 32, 60, 80, 56, 6, 67, 61, 33, 7, 57, 34, 12, 16, 10, 98, 96, 88, 43, 81, 91, 2, 84, 29, 92, 19, 51, 55, 89, 25, 72, 46, 94, 38, 62, 0]|[2, 1, 2, 1, 1, 2, 1, 1, 1, 1, 1, 0, 2, 2, 1, 2, 0, 0, 0, 2, 2, 1, 0, 2, 0, 2, 2, 1, 0, 1, 1, 1, 0, 0, 1, 0, 2, 1, 2, 2, 0, 0, 1, 1, 0, 2, 0, 2, 1, 0, 0, 2, 0, 2, 2, 0, 1, 1, 0, 0, 2, 1, 1, 2, 2, 0, 2, 2, 2, 1, 2, 1, 1, 2, 0, 1, 1, 2, 1, 2, 0, 1, 1, 1, 1, 0, 0, 1, 0, 1, 1, 0, 1, 1, 1, 0, 2, 0, 1, 0]|[0, 3, 0, 3, 4, 1, 4, 4, 4, 4, 3, 2, 1, 0, 2, 1, 1, 1, 2, 1, 1, 3, 0, 1, 0, 1, 1, 4, 1, 4, 3, 2, 2, 0, 4, 1, 1, 4, 1, 1, 2, 1, 4, 4, 1, 1, 0, 1, 3, 2, 2, 1, 2, 1, 1, 2, 4, 3, 0, 2, 1, 3, 3, 1, 1, 2, 1, 1, 1, 4, 1, 3, 4, 1, 2, 4, 3, 1, 3, 1, 2, 4, 4, 4, 3, 2, 2, 3, 2, 4, 3, 2, 4, 4, 4, 2, 1, 2, 3, 2]|[0, 2, 0, 0, 3, 0, 1, 3, 1, 0, 2, 0, 1, 0, 1, 0, 0, 0, 1, 0, 0, 2, 0, 0, 1, 0, 0, 3, 0, 1, 0, 2, 0, 0, 3, 0, 1, 1, 0, 0, 0, 0, 1, 3, 0, 0, 1, 0, 2, 0, 0, 0, 0, 0, 1, 0, 1, 0, 1, 1, 0, 2, 0, 0, 0, 0, 0, 0, 0, 2, 0, 0, 1, 0, 0, 1, 0, 0, 3, 0, 0, 1, 2, 2, 0, 0, 0, 3, 0, 1, 0, 0, 1, 3, 1, 0, 0, 0, 0, 0],910.6024065900936,48491.8951558845,107376.01945264004,false
50,G3_TWC,G4_BALANCED,[31, 22, 82, 15, 26, 9, 95, 42, 77, 68, 47, 5, 93, 78, 86, 54, 85, 63, 18, 44, 20, 49, 36, 14, 74, 50, 53, 17, 21, 28, 11, 64, 3, 23, 30, 83, 24, 41, 40, 52, 65, 27, 90, 70, 39, 87, 48, 69, 99, 4, 75, 1, 13, 58, 97, 59, 45, 8, 73, 37, 35, 79, 71, 66, 76, 32, 60, 80, 56, 6, 67, 61, 33, 7, 57, 34, 12, 16, 10, 98, 96, 88, 2, 81, 91, 43, 84, 29, 92, 19, 51, 89, 46, 25, 55, 72, 94, 38, 62, 0]|[2, 1, 2, 1, 1, 2, 1, 1, 1, 1, 1, 0, 2, 2, 1, 2, 0, 0, 0, 2, 2, 1, 0, 2, 0, 2, 2, 1, 0, 1, 1, 1, 0, 0, 1, 0, 2, 1, 2, 2, 0, 0, 1, 1, 0, 2, 0, 2, 1, 0, 0, 2, 0, 0, 2, 0, 1, 1, 0, 0, 2, 1, 1, 2, 2, 0, 2, 2, 2, 1, 2, 1, 1, 2, 0, 1, 1, 2, 1, 2, 0, 1, 0, 1, 1, 1, 0, 1, 0, 1, 1, 1, 0, 1, 0, 1, 2, 0, 1, 0]|[0, 3, 0, 3, 4, 1, 4, 4, 2, 4, 3, 2, 1, 0, 2, 1, 1, 1, 2, 1, 1, 3, 0, 1, 0, 1, 1, 4, 1, 4, 3, 2, 2, 0, 4, 1, 1, 4, 1, 1, 2, 1, 4, 4, 1, 1, 0, 1, 3, 2, 2, 1, 2, 1, 1, 2, 4, 3, 0, 2, 2, 3, 3, 1, 1, 2, 1, 1, 1, 4, 1, 3, 4, 1, 2, 4, 3, 1, 3, 1, 2, 4, 2, 4, 3, 4, 2, 3, 2, 4, 3, 4, 2, 4, 2, 4, 1, 2, 3, 2]|[0, 2, 0, 0, 3, 0, 1, 3, 0, 0, 2, 0, 1, 0, 1, 0, 0, 0, 1, 0, 0, 2, 0, 0, 1, 0, 0, 3, 0, 1, 0, 2, 0, 0, 3, 0, 1, 1, 0, 0, 0, 0, 1, 3, 0, 0, 1, 0, 2, 0, 0, 0, 0, 1, 1, 0, 1, 0, 1, 1, 0, 2, 0, 0, 0, 0, 0, 0, 0, 2, 0, 0, 1, 0, 0, 1, 0, 0, 3, 0, 0, 1, 0, 2, 0, 2, 0, 3, 0, 1, 0, 1, 0, 3, 0, 1, 0, 0, 0, 0],910.7008220716186,49430.60132439666,104576.75458248449,true
50,G1_CMAX,G4_BALANCED,[31, 22, 82, 15, 26, 9, 95, 42, 77, 68, 47, 5, 93, 78, 86, 54, 85, 63, 18, 44, 20, 49, 36, 14, 74, 50, 53, 17, 21, 28, 71, 64, 3, 23, 30, 83, 24, 41, 60, 52, 65, 27, 90, 70, 39, 87, 48, 69, 99, 4, 46, 1, 13, 58, 97, 59, 45, 8, 73, 37, 35, 79, 11, 66, 76, 32, 40, 80, 96, 6, 16, 61, 33, 7, 57, 34, 12, 67, 10, 98, 56, 88, 29, 75, 91, 38, 19, 92, 43, 2, 55, 72, 81, 25, 84, 51, 62, 89, 94, 0]|[2, 1, 2, 1, 1, 2, 1, 1, 1, 1, 1, 0, 2, 2, 1, 2, 0, 0, 0, 2, 2, 1, 0, 2, 0, 2, 2, 1, 0, 1, 1, 1, 0, 0, 1, 0, 2, 1, 2, 2, 0, 0, 1, 1, 0, 2, 0, 2, 1, 0, 0, 2, 0, 0, 2, 0, 1, 1, 0, 0, 2, 1, 0, 2, 2, 0, 2, 2, 0, 1, 2, 1, 1, 2, 0, 1, 1, 1, 1, 2, 2, 1, 1, 0, 1, 0, 1, 0, 1, 2, 0, 1, 1, 1, 0, 1, 1, 1, 2, 0]|[0, 3, 0, 3, 4, 1, 4, 4, 2, 4, 3, 2, 1, 0, 2, 1, 1, 1, 2, 1, 1, 3, 0, 1, 0, 1, 1, 4, 1, 4, 3, 2, 2, 0, 4, 1, 1, 4, 0, 1, 2, 1, 4, 4, 1, 1, 0, 2, 3, 1, 2, 1, 2, 1, 1, 2, 4, 3, 0, 2, 2, 3, 1, 0, 1, 2, 0, 1, 2, 4, 1, 3, 4, 1, 2, 4, 3, 3, 3, 1, 1, 4, 3, 2, 3, 2, 4, 2, 3, 1, 2, 4, 1, 4, 2, 3, 3, 4, 1, 2]|[0, 2, 0, 0, 3, 0, 1, 3, 0, 0, 2, 0, 1, 0, 1, 0, 0, 0, 1, 0, 0, 2, 0, 0, 1, 0, 0, 3, 0, 1, 0, 2, 0, 1, 3, 0, 1, 3, 0, 0, 0, 0, 1, 3, 0, 0, 1, 0, 2, 0, 0, 0, 0, 0, 1, 0, 1, 0, 1, 1, 0, 2, 0, 0, 0, 0, 0, 0, 0, 2, 0, 0, 1, 0, 0, 1, 0, 0, 3, 0, 0, 1, 0, 0, 0, 0, 3, 0, 3, 0, 0, 2, 1, 3, 0, 0, 0, 1, 0, 0],855.0943538544129,51546.39699852298,110959.41762027839,true
50,G4_BALANCED,G2_TEC,[31, 22, 82, 15, 26, 9, 95, 42, 77, 68, 47, 5, 93, 78, 86, 54, 85, 63, 18, 44, 20, 49, 36, 14, 74, 50, 53, 17, 21, 28, 11, 64, 3, 23, 30, 83, 24, 41, 40, 52, 65, 27, 90, 70, 39, 87, 48, 69, 99, 4, 75, 1, 13, 58, 97, 59, 45, 8, 73, 37, 35, 79, 71, 66, 76, 32, 60, 80, 56, 6, 67, 61, 33, 7, 57, 34, 12, 16, 10, 94, 96, 88, 43, 81, 91, 2, 84, 29, 92, 19, 51, 55, 89, 46, 72, 98, 25, 38, 62, 0]|[2, 1, 2, 1, 1, 2, 1, 1, 1, 1, 1, 0, 2, 2, 1, 2, 0, 0, 0, 2, 2, 1, 0, 2, 0, 2, 2, 1, 0, 1, 1, 1, 0, 0, 1, 0, 2, 1, 2, 2, 0, 0, 1, 1, 0, 2, 0, 2, 1, 0, 0, 2, 0, 2, 2, 0, 1, 1, 0, 0, 2, 1, 1, 2, 2, 0, 2, 2, 2, 1, 2, 1, 1, 2, 0, 1, 1, 2, 1, 2, 0, 1, 1, 1, 1, 0, 0, 1, 0, 1, 1, 0, 0, 0, 1, 2, 1, 0, 1, 0]|[0, 3, 0, 3, 4, 1, 4, 4, 4, 4, 3, 2, 1, 0, 2, 1, 1, 1, 2, 1, 1, 3, 0, 1, 0, 1, 1, 4, 1, 4, 3, 2, 2, 0, 4, 1, 1, 4, 1, 1, 2, 1, 4, 4, 1, 1, 0, 1, 3, 2, 2, 1, 2, 1, 1, 2, 4, 3, 0, 2, 1, 3, 3, 1, 1, 2, 1, 1, 1, 4, 1, 3, 4, 1, 2, 4, 3, 1, 3, 1, 2, 4, 4, 4, 3, 2, 2, 3, 2, 4, 3, 2, 2, 2, 4, 1, 4, 2, 3, 2]|[0, 2, 0, 0, 3, 0, 1, 3, 1, 0, 2, 0, 1, 0, 1, 0, 0, 0, 1, 0, 0, 2, 0, 0, 1, 0, 0, 3, 0, 1, 0, 2, 0, 0, 3, 0, 1, 1, 0, 0, 0, 0, 1, 3, 0, 0, 1, 0, 2, 0, 0, 0, 0, 0, 1, 0, 1, 0, 1, 1, 0, 2, 0, 0, 0, 0, 0, 0, 0, 2, 0, 0, 1, 0, 0, 1, 0, 0, 3, 0, 0, 1, 2, 2, 0, 0, 0, 3, 0, 1, 0, 0, 0, 0, 1, 0, 3, 0, 0, 0],920.284185045267,48709.85575507141,106908.58975676846,true
50,G2_TEC,G2_TEC,[31, 22, 82, 15, 26, 9, 95, 42, 77, 68, 47, 5, 93, 78, 86, 54, 85, 63, 18, 44, 20, 49, 36, 14, 74, 50, 53, 17, 21, 28, 11, 64, 3, 23, 30, 83, 24, 41, 40, 52, 65, 27, 90, 70, 39, 87, 48, 69, 99, 4, 75, 1, 13, 58, 97, 59, 45, 8, 73, 37, 35, 79, 71, 66, 76, 32, 60, 80, 56, 6, 67, 61, 33, 7, 57, 34, 12, 16, 10, 98, 96, 88, 43, 81, 91, 2, 84, 29, 92, 19, 51, 55, 89, 25, 72, 46, 94, 38, 62, 0]|[2, 1, 2, 1, 1, 2, 1, 1, 1, 1, 1, 0, 2, 2, 1, 2, 0, 0, 0, 2, 2, 1, 0, 2, 0, 2, 2, 1, 0, 1, 1, 1, 0, 0, 1, 0, 2, 1, 2, 2, 0, 0, 1, 1, 0, 2, 0, 2, 1, 0, 0, 2, 0, 2, 2, 0, 1, 1, 0, 0, 2, 1, 1, 2, 2, 0, 2, 2, 2, 1, 2, 1, 1, 2, 0, 1, 1, 2, 1, 2, 0, 1, 1, 1, 1, 0, 0, 1, 0, 1, 1, 0, 1, 1, 1, 0, 2, 0, 1, 0]|[0, 3, 0, 3, 4, 1, 4, 4, 4, 4, 3, 2, 1, 0, 2, 1, 1, 1, 2, 1, 1, 3, 0, 1, 0, 1, 1, 4, 1, 4, 3, 2, 2, 0, 4, 1, 1, 4, 1, 1, 2, 1, 4, 4, 1, 1, 0, 1, 3, 2, 2, 1, 2, 1, 1, 2, 4, 3, 0, 2, 1, 3, 3, 1, 1, 2, 1, 1, 1, 4, 1, 3, 4, 1, 2, 4, 3, 1, 3, 1, 2, 4, 4, 4, 3, 2, 2, 3, 2, 4, 3, 2, 4, 4, 4, 2, 1, 2, 3, 2]|[0, 2, 0, 0, 3, 0, 1, 3, 1, 0, 2, 0, 1, 0, 1, 0, 0, 0, 1, 0, 0, 2, 0, 0, 1, 0, 0, 3, 0, 1, 0, 2, 0, 0, 3, 0, 1, 1, 0, 0, 0, 0, 1, 3, 0, 0, 1, 0, 2, 0, 0, 0, 0, 0, 1, 0, 1, 0, 1, 1, 0, 2, 0, 0, 0, 0, 0, 0, 0, 2, 0, 0, 1, 0, 0, 1, 0, 0, 3, 0, 0, 1, 2, 2, 0, 0, 0, 3, 0, 1, 0, 0, 1, 3, 1, 0, 0, 0, 0, 0],910.6024065900936,48491.8951558845,107376.01945264004,false
50,G3_TWC,G3_TWC,[31, 22, 42, 15, 26, 58, 95, 82, 77, 12, 47, 5, 93, 78, 98, 54, 85, 63, 18, 44, 20, 35, 43, 97, 91, 76, 10, 30, 21, 45, 71, 64, 1, 23, 17, 83, 24, 61, 60, 36, 6, 57, 94, 88, 65, 56, 79, 40, 67, 68, 46, 75, 38, 9, 19, 32, 81, 41, 27, 62, 87, 90, 99, 59, 11, 16, 72, 73, 70, 39, 37, 84, 3, 92, 25, 74, 28, 29, 51, 7, 53, 14, 86, 48, 89, 50, 66, 96, 33, 80, 4, 8, 55, 49, 0, 52, 69, 2, 13, 34]|[1, 1, 0, 1, 1, 1, 2, 1, 2, 1, 2, 2, 2, 1, 1, 0, 0, 1, 0, 2, 2, 0, 1, 2, 0, 1, 2, 2, 0, 0, 1, 2, 1, 2, 1, 0, 2, 0, 1, 1, 0, 1, 1, 1, 0, 2, 1, 1, 0, 0, 0, 0, 1, 1, 2, 1, 2, 0, 0, 0, 2, 1, 0, 1, 2, 1, 2, 1, 1, 1, 1, 1, 2, 0, 1, 2, 0, 0, 0, 1, 0, 1, 0, 0, 1, 0, 0, 0, 2, 0, 0, 1, 1, 0, 0, 1, 1, 0, 0, 2]|[4, 3, 2, 2, 0, 0, 2, 2, 2, 4, 1, 1, 2, 4, 4, 1, 1, 4, 2, 1, 1, 1, 1, 2, 1, 2, 1, 1, 1, 1, 3, 2, 3, 0, 4, 0, 1, 1, 0, 3, 2, 2, 4, 0, 1, 1, 3, 2, 0, 1, 2, 2, 1, 4, 0, 3, 2, 1, 1, 2, 1, 3, 1, 1, 1, 3, 0, 4, 3, 1, 4, 1, 1, 2, 4, 1, 2, 1, 1, 3, 2, 3, 1, 1, 1, 1, 1, 1, 1, 1, 2, 3, 4, 1, 2, 1, 3, 2, 2, 1]|[0, 2, 1, 1, 3, 3, 0, 1, 0, 0, 0, 0, 1, 0, 1, 0, 0, 3, 1, 0, 0, 0, 3, 1, 0, 2, 0, 0, 0, 1, 0, 0, 0, 0, 3, 0, 1, 0, 0, 2, 1, 1, 2, 0, 0, 0, 0, 1, 1, 0, 0, 0, 1, 3, 0, 0, 1, 0, 0, 1, 0, 2, 0, 1, 0, 2, 1, 0, 0, 1, 1, 3, 0, 1, 3, 0, 1, 0, 0, 2, 1, 0, 0, 0, 1, 0, 0, 0, 0, 0, 1, 2, 3, 1, 0, 1, 0, 0, 0, 0],802.5281847645216,57652.86795409501,87938.17744329936,false
50,G1_CMAX,G4_BALANCED,[31, 22, 82, 15, 26, 58, 95, 42, 77, 12, 47, 5, 93, 78, 86, 54, 85, 63, 18, 44, 20, 35, 43, 97, 66, 76, 79, 30, 21, 45, 71, 64, 1, 23, 17, 83, 24, 14, 60, 36, 6, 57, 40, 88, 65, 56, 10, 94, 67, 68, 46, 75, 38, 9, 19, 32, 41, 81, 27, 62, 87, 90, 99, 59, 11, 16, 72, 73, 69, 39, 37, 84, 3, 92, 25, 55, 29, 28, 51, 7, 33, 61, 98, 48, 89, 50, 4, 96, 53, 80, 91, 8, 34, 2, 52, 0, 13, 70, 49, 74]|[1, 1, 0, 1, 1, 0, 1, 2, 2, 1, 2, 2, 2, 1, 1, 0, 0, 1, 0, 2, 2, 0, 1, 2, 2, 1, 2, 2, 0, 0, 1, 2, 1, 2, 1, 0, 2, 0, 1, 1, 0, 1, 1, 1, 0, 2, 2, 1, 0, 0, 0, 0, 1, 1, 2, 1, 0, 2, 0, 0, 2, 1, 0, 1, 2, 1, 2, 1, 1, 1, 1, 1, 1, 0, 1, 2, 0, 0, 0, 1, 0, 1, 2, 0, 1, 0, 1, 2, 0, 2, 0, 0, 2, 0, 1, 0, 0, 1, 0, 2]|[4, 3, 2, 2, 4, 1, 2, 2, 2, 4, 1, 1, 2, 4, 4, 1, 2, 4, 2, 1, 1, 1, 1, 2, 1, 2, 1, 1, 1, 1, 3, 1, 3, 1, 4, 0, 1, 1, 0, 3, 2, 2, 2, 0, 1, 1, 1, 4, 0, 1, 2, 2, 1, 4, 0, 3, 1, 1, 1, 2, 1, 3, 1, 1, 1, 3, 0, 4, 3, 1, 4, 1, 1, 0, 4, 1, 1, 2, 1, 1, 1, 3, 1, 1, 1, 1, 4, 1, 2, 1, 1, 1, 1, 2, 1, 2, 2, 3, 1, 1]|[0, 2, 1, 1, 3, 0, 1, 0, 0, 0, 0, 0, 1, 0, 1, 0, 0, 3, 1, 0, 0, 0, 3, 1, 0, 2, 0, 0, 0, 0, 0, 0, 0, 0, 3, 0, 1, 0, 0, 2, 1, 1, 1, 0, 0, 0, 0, 2, 1, 0, 0, 0, 1, 3, 0, 0, 0, 0, 0, 1, 0, 2, 0, 1, 0, 2, 1, 0, 0, 1, 1, 3, 1, 1, 3, 0, 0, 1, 0, 2, 0, 0, 0, 0, 1, 0, 0, 0, 1, 0, 0, 0, 0, 0, 1, 0, 0, 0, 1, 0],791.415243510269,55303.85816333782,96750.39584222315,true
50,G4_BALANCED,G3_TWC,[31, 22, 42, 15, 26, 58, 95, 82, 77, 12, 47, 5, 93, 78, 98, 54, 85, 63, 18, 44, 20, 35, 43, 97, 91, 76, 10, 30, 21, 45, 71, 64, 1, 23, 17, 83, 24, 61, 60, 36, 6, 57, 94, 88, 65, 56, 79, 40, 67, 68, 46, 75, 38, 9, 19, 32, 81, 41, 27, 62, 87, 90, 99, 59, 11, 16, 72, 73, 70, 39, 37, 84, 3, 92, 25, 74, 28, 29, 51, 50, 53, 14, 86, 66, 89, 7, 4, 96, 33, 80, 48, 8, 55, 49, 0, 52, 13, 2, 69, 34]|[1, 1, 0, 1, 1, 1, 2, 1, 2, 1, 2, 2, 2, 1, 1, 0, 0, 1, 0, 2, 2, 0, 1, 2, 0, 1, 2, 2, 0, 0, 1, 2, 1, 2, 1, 0, 2, 0, 1, 1, 0, 1, 1, 1, 0, 2, 1, 1, 0, 0, 0, 0, 1, 1, 2, 1, 2, 0, 0, 0, 2, 1, 0, 1, 2, 1, 2, 1, 1, 1, 1, 1, 2, 0, 1, 2, 0, 0, 0, 1, 0, 1, 0, 2, 1, 1, 1, 2, 2, 0, 0, 1, 2, 0, 0, 1, 0, 0, 1, 2]|[4, 3, 2, 2, 0, 0, 2, 2, 2, 4, 1, 1, 2, 4, 4, 1, 1, 4, 2, 1, 1, 1, 1, 2, 1, 2, 1, 1, 1, 1, 3, 2, 3, 0, 4, 0, 1, 1, 0, 3, 2, 2, 4, 0, 1, 1, 3, 2, 0, 1, 2, 2, 1, 4, 0, 3, 2, 1, 1, 2, 1, 3, 1, 1, 1, 3, 0, 4, 3, 1, 4, 1, 1, 2, 4, 1, 2, 1, 1, 3, 2, 3, 1, 1, 1, 3, 4, 1, 1, 1, 1, 3, 1, 1, 2, 1, 2, 2, 4, 1]|[0, 2, 1, 1, 3, 3, 0, 1, 0, 0, 0, 0, 1, 0, 1, 0, 0, 3, 1, 0, 0, 0, 3, 1, 0, 2, 0, 0, 0, 1, 0, 0, 0, 0, 3, 0, 1, 0, 0, 2, 1, 1, 2, 0, 0, 0, 0, 1, 1, 0, 0, 0, 1, 3, 0, 0, 1, 0, 0, 1, 0, 2, 0, 1, 0, 2, 1, 0, 0, 1, 1, 3, 0, 1, 3, 0, 1, 0, 0, 2, 1, 0, 0, 0, 1, 2, 0, 0, 0, 0, 0, 2, 0, 1, 0, 1, 0, 0, 2, 0],728.4869286192202,57157.53540402781,90893.16299755374,true
50,G2_TEC,G2_TEC,[31, 22, 82, 15, 26, 9, 95, 42, 77, 68, 47, 5, 93, 78, 86, 54, 85, 63, 18, 44, 20, 49, 36, 14, 74, 50, 53, 17, 21, 28, 11, 64, 3, 23, 30, 83, 24, 41, 40, 52, 65, 27, 90, 70, 39, 87, 48, 69, 99, 4, 75, 1, 13, 58, 97, 59, 45, 8, 73, 37, 35, 79, 71, 66, 76, 32, 60, 80, 56, 6, 67, 61, 33, 7, 57, 34, 12, 16, 10, 98, 96, 88, 43, 81, 91, 2, 84, 29, 92, 19, 51, 55, 89, 25, 72, 46, 94, 38, 62, 0]|[2, 1, 2, 1, 1, 2, 1, 1, 1, 1, 1, 0, 2, 2, 1, 2, 0, 0, 0, 2, 2, 1, 0, 2, 0, 2, 2, 1, 0, 1, 1, 1, 0, 0, 1, 0, 2, 1, 2, 2, 0, 0, 1, 1, 0, 2, 0, 2, 1, 0, 0, 2, 0, 2, 2, 0, 1, 1, 0, 0, 2, 1, 1, 2, 2, 0, 2, 2, 2, 1, 2, 1, 1, 2, 0, 1, 1, 2, 1, 2, 0, 1, 1, 1, 1, 0, 0, 1, 0, 1, 1, 0, 1, 1, 1, 0, 2, 0, 1, 0]|[0, 3, 0, 3, 4, 1, 4, 4, 4, 4, 3, 2, 1, 0, 2, 1, 1, 1, 2, 1, 1, 3, 0, 1, 0, 1, 1, 4, 1, 4, 3, 2, 2, 0, 4, 1, 1, 4, 1, 1, 2, 1, 4, 4, 1, 1, 0, 1, 3, 2, 2, 1, 2, 1, 1, 2, 4, 3, 0, 2, 1, 3, 3, 1, 1, 2, 1, 1, 1, 4, 1, 3, 4, 1, 2, 4, 3, 1, 3, 1, 2, 4, 4, 4, 3, 2, 2, 3, 2, 4, 3, 2, 4, 4, 4, 2, 1, 2, 3, 2]|[0, 2, 0, 0, 3, 0, 1, 3, 1, 0, 2, 0, 1, 0, 1, 0, 0, 0, 1, 0, 0, 2, 0, 0, 1, 0, 0, 3, 0, 1, 0, 2, 0, 0, 3, 0, 1, 1, 0, 0, 0, 0, 1, 3, 0, 0, 1, 0, 2, 0, 0, 0, 0, 0, 1, 0, 1, 0, 1, 1, 0, 2, 0, 0, 0, 0, 0, 0, 0, 2, 0, 0, 1, 0, 0, 1, 0, 0, 3, 0, 0, 1, 2, 2, 0, 0, 0, 3, 0, 1, 0, 0, 1, 3, 1, 0, 0, 0, 0, 0],910.6024065900936,48491.8951558845,107376.01945264004,false
50,G3_TWC,G3_TWC,[31, 22, 42, 15, 26, 58, 95, 82, 77, 12, 47, 5, 93, 78, 98, 54, 85, 63, 18, 44, 20, 35, 43, 97, 91, 76, 10, 30, 21, 45, 71, 64, 1, 23, 17, 83, 24, 61, 60, 36, 6, 57, 94, 88, 65, 56, 79, 40, 67, 68, 46, 75, 38, 9, 19, 32, 81, 41, 27, 62, 87, 90, 99, 59, 11, 16, 72, 73, 70, 39, 37, 84, 3, 92, 25, 74, 28, 29, 51, 7, 53, 14, 86, 48, 89, 50, 66, 96, 33, 80, 4, 8, 55, 49, 0, 52, 69, 2, 13, 34]|[1, 1, 0, 1, 1, 1, 2, 1, 2, 1, 2, 2, 2, 1, 1, 0, 0, 1, 0, 2, 2, 0, 1, 2, 0, 1, 2, 2, 0, 0, 1, 2, 1, 2, 1, 0, 2, 0, 1, 1, 0, 1, 1, 1, 0, 2, 1, 1, 0, 0, 0, 0, 1, 1, 2, 1, 2, 0, 0, 0, 2, 1, 0, 1, 2, 1, 2, 1, 1, 1, 1, 1, 2, 0, 1, 2, 0, 0, 0, 1, 0, 1, 0, 0, 1, 0, 0, 0, 2, 0, 0, 1, 1, 0, 0, 1, 1, 0, 0, 2]|[4, 3, 2, 2, 0, 0, 2, 2, 2, 4, 1, 1, 2, 4, 4, 1, 1, 4, 2, 1, 1, 1, 1, 2, 1, 2, 1, 1, 1, 1, 3, 2, 3, 0, 4, 0, 1, 1, 0, 3, 2, 2, 4, 0, 1, 1, 3, 2, 0, 1, 2, 2, 1, 4, 0, 3, 2, 1, 1, 2, 1, 3, 1, 1, 1, 3, 0, 4, 3, 1, 4, 1, 1, 2, 4, 1, 2, 1, 1, 3, 2, 3, 1, 1, 1, 1, 1, 1, 1, 1, 2, 3, 4, 1, 2, 1, 3, 2, 2, 1]|[0, 2, 1, 1, 3, 3, 0, 1, 0, 0, 0, 0, 1, 0, 1, 0, 0, 3, 1, 0, 0, 0, 3, 1, 0, 2, 0, 0, 0, 1, 0, 0, 0, 0, 3, 0, 1, 0, 0, 2, 1, 1, 2, 0, 0, 0, 0, 1, 1, 0, 0, 0, 1, 3, 0, 0, 1, 0, 0, 1, 0, 2, 0, 1, 0, 2, 1, 0, 0, 1, 1, 3, 0, 1, 3, 0, 1, 0, 0, 2, 1, 0, 0, 0, 1, 0, 0, 0, 0, 0, 1, 2, 3, 1, 0, 1, 0, 0, 0, 0],802.5281847645216,57652.86795409501,87938.17744329936,false
50,G1_CMAX,G2_TEC,[31, 22, 82, 15, 26, 9, 95, 42, 77, 68, 47, 5, 93, 78, 86, 54, 85, 63, 18, 44, 20, 49, 36, 14, 74, 50, 53, 17, 21, 28, 11, 64, 3, 23, 30, 83, 24, 41, 40, 7, 65, 27, 90, 70, 39, 87, 48, 69, 99, 4, 75, 1, 13, 58, 97, 59, 45, 8, 73, 37, 35, 79, 71, 66, 76, 32, 60, 80, 56, 6, 67, 61, 33, 52, 57, 34, 12, 16, 10, 98, 96, 88, 43, 81, 91, 2, 84, 29, 92, 19, 51, 89, 55, 46, 72, 25, 38, 94, 62, 0]|[2, 1, 2, 1, 1, 2, 1, 1, 1, 1, 1, 0, 2, 2, 1, 2, 0, 0, 0, 2, 2, 1, 0, 2, 0, 2, 2, 1, 0, 1, 1, 1, 0, 0, 1, 0, 2, 1, 2, 2, 0, 0, 1, 1, 0, 2, 0, 2, 1, 0, 0, 2, 0, 2, 2, 0, 1, 1, 0, 0, 2, 1, 1, 2, 2, 0, 2, 2, 2, 1, 2, 1, 1, 2, 0, 1, 1, 2, 1, 2, 0, 1, 1, 1, 1, 0, 0, 1, 0, 1, 1, 1, 0, 0, 1, 1, 0, 2, 1, 0]|[0, 3, 0, 3, 4, 1, 4, 4, 4, 4, 3, 2, 1, 0, 2, 1, 1, 1, 2, 1, 1, 3, 0, 1, 0, 1, 1, 4, 1, 4, 3, 2, 2, 0, 4, 1, 1, 4, 1, 1, 2, 1, 4, 4, 1, 1, 0, 1, 3, 2, 2, 1, 2, 1, 1, 2, 4, 3, 0, 2, 2, 3, 3, 1, 1, 2, 1, 1, 1, 4, 1, 3, 4, 1, 2, 4, 3, 1, 3, 1, 2, 4, 4, 4, 3, 2, 2, 3, 2, 4, 3, 4, 2, 2, 4, 4, 2, 1, 3, 2]|[0, 2, 0, 0, 3, 0, 1, 3, 1, 0, 2, 0, 1, 0, 1, 0, 0, 0, 1, 0, 0, 2, 0, 0, 1, 0, 0, 3, 0, 1, 0, 2, 0, 0, 3, 0, 1, 1, 0, 0, 0, 0, 1, 3, 0, 0, 1, 0, 2, 0, 0, 0, 0, 0, 1, 0, 1, 0, 1, 1, 0, 2, 0, 0, 0, 0, 0, 0, 0, 2, 0, 0, 1, 0, 0, 1, 0, 0, 3, 0, 0, 1, 2, 2, 0, 0, 0, 3, 0, 1, 0, 1, 0, 0, 1, 3, 0, 0, 0, 0],903.1252074933419,48646.073392375656,107559.02258354583,true
50,G4_BALANCED,G1_CMAX,[31, 22, 28, 15, 26, 58, 95, 82, 77, 12, 47, 5, 93, 78, 98, 54, 85, 63, 18, 44, 20, 14, 43, 97, 76, 10, 30, 21, 45, 71, 64, 1, 23, 17, 83, 24, 35, 60, 36, 6, 57, 94, 88, 65, 56, 79, 40, 67, 68, 46, 75, 38, 9, 19, 32, 81, 41, 27, 62, 87, 90, 99, 59, 11, 16, 72, 73, 70, 39, 37, 84, 3, 92, 25, 74, 29, 91, 42, 51, 7, 53, 61, 86, 66, 89, 50, 48, 96, 33, 80, 4, 8, 55, 49, 0, 52, 2, 13, 69, 34]|[1, 1, 0, 1, 1, 1, 2, 1, 2, 1, 2, 2, 2, 1, 1, 0, 0, 1, 0, 2, 2, 0, 1, 2, 1, 2, 2, 0, 0, 1, 2, 1, 2, 1, 0, 2, 0, 1, 1, 0, 1, 1, 1, 0, 2, 1, 1, 0, 0, 0, 0, 1, 1, 2, 1, 2, 0, 0, 0, 2, 1, 0, 1, 2, 1, 2, 1, 1, 1, 1, 1, 2, 0, 1, 2, 0, 0, 0, 0, 1, 0, 1, 0, 2, 1, 1, 0, 2, 2, 0, 1, 1, 2, 0, 0, 1, 0, 0, 1, 2]|[4, 3, 2, 2, 0, 0, 2, 2, 2, 4, 1, 1, 2, 4, 4, 1, 1, 4, 2, 1, 1, 1, 1, 2, 2, 1, 1, 1, 1, 3, 2, 3, 0, 4, 0, 1, 1, 0, 3, 2, 2, 4, 0, 1, 1, 3, 2, 0, 1, 2, 2, 1, 4, 0, 3, 2, 1, 1, 2, 1, 3, 1, 1, 1, 3, 0, 4, 3, 1, 4, 1, 1, 2, 4, 1, 1, 1, 2, 1, 3, 2, 3, 1, 1, 1, 3, 1, 1, 1, 1, 4, 3, 1, 1, 2, 1, 2, 2, 3, 1]|[0, 2, 1, 1, 3, 3, 0, 1, 0, 0, 0, 0, 1, 0, 1, 0, 0, 3, 1, 0, 0, 0, 3, 1, 2, 0, 0, 0, 1, 0, 0, 0, 0, 3, 0, 1, 0, 0, 2, 1, 1, 2, 0, 0, 0, 0, 1, 1, 0, 0, 0, 1, 3, 0, 0, 1, 0, 0, 1, 0, 2, 0, 1, 0, 2, 1, 0, 0, 1, 1, 3, 0, 1, 3, 0, 0, 0, 1, 0, 2, 1, 0, 0, 0, 1, 2, 0, 0, 0, 0, 0, 2, 0, 1, 0, 1, 0, 0, 0, 0],728.3465648255482,57191.86946964996,90218.85387989215,true
50,G2_TEC,G2_TEC,[31, 22, 82, 15, 26, 9, 95, 42, 77, 68, 47, 5, 93, 78, 86, 54, 85, 63, 18, 44, 20, 49, 36, 14, 74, 50, 53, 17, 21, 28, 11, 64, 3, 23, 30, 83, 24, 41, 40, 52, 65, 27, 90, 70, 39, 87, 48, 69, 99, 4, 75, 1, 13, 58, 97, 59, 45, 8, 73, 37, 35, 79, 71, 66, 76, 32, 60, 80, 56, 6, 67, 61, 33, 7, 57, 34, 12, 16, 10, 98, 96, 88, 43, 81, 91, 2, 84, 29, 92, 19, 51, 55, 89, 25, 72, 46, 94, 38, 62, 0]|[2, 1, 2, 1, 1, 2, 1, 1, 1, 1, 1, 0, 2, 2, 1, 2, 0, 0, 0, 2, 2, 1, 0, 2, 0, 2, 2, 1, 0, 1, 1, 1, 0, 0, 1, 0, 2, 1, 2, 2, 0, 0, 1, 1, 0, 2, 0, 2, 1, 0, 0, 2, 0, 2, 2, 0, 1, 1, 0, 0, 2, 1, 1, 2, 2, 0, 2, 2, 2, 1, 2, 1, 1, 2, 0, 1, 1, 2, 1, 2, 0, 1, 1, 1, 1, 0, 0, 1, 0, 1, 1, 0, 1, 1, 1, 0, 2, 0, 1, 0]|[0, 3, 0, 3, 4, 1, 4, 4, 4, 4, 3, 2, 1, 0, 2, 1, 1, 1, 2, 1, 1, 3, 0, 1, 0, 1, 1, 4, 1, 4, 3, 2, 2, 0, 4, 1, 1, 4, 1, 1, 2, 1, 4, 4, 1, 1, 0, 1, 3, 2, 2, 1, 2, 1, 1, 2, 4, 3, 0, 2, 1, 3, 3, 1, 1, 2, 1, 1, 1, 4, 1, 3, 4, 1, 2, 4, 3, 1, 3, 1, 2, 4, 4, 4, 3, 2, 2, 3, 2, 4, 3, 2, 4, 4, 4, 2, 1, 2, 3, 2]|[0, 2, 0, 0, 3, 0, 1, 3, 1, 0, 2, 0, 1, 0, 1, 0, 0, 0, 1, 0, 0, 2, 0, 0, 1, 0, 0, 3, 0, 1, 0, 2, 0, 0, 3, 0, 1, 1, 0, 0, 0, 0, 1, 3, 0, 0, 1, 0, 2, 0, 0, 0, 0, 0, 1, 0, 1, 0, 1, 1, 0, 2, 0, 0, 0, 0, 0, 0, 0, 2, 0, 0, 1, 0, 0, 1, 0, 0, 3, 0, 0, 1, 2, 2, 0, 0, 0, 3, 0, 1, 0, 0, 1, 3, 1, 0, 0, 0, 0, 0],910.6024065900936,48491.8951558845,107376.01945264004,false
50,G3_TWC,G3_TWC,[31, 22, 42, 15, 26, 58, 95, 82, 77, 12, 47, 5, 93, 78, 98, 54, 85, 63, 18, 44, 20, 35, 43, 97, 91, 76, 10, 30, 21, 45, 71, 64, 1, 23, 17, 83, 24, 61, 60, 36, 6, 57, 94, 88, 65, 56, 79, 40, 67, 68, 46, 75, 38, 9, 19, 32, 81, 41, 27, 62, 87, 90, 99, 59, 11, 16, 72, 73, 70, 39, 37, 84, 3, 92, 25, 74, 28, 29, 51, 7, 53, 14, 86, 48, 89, 50, 66, 96, 33, 80, 4, 8, 55, 49, 0, 52, 69, 2, 13, 34]|[1, 1, 0, 1, 1, 1, 2, 1, 2, 1, 2, 2, 2, 1, 1, 0, 0, 1, 0, 2, 2, 0, 1, 2, 0, 1, 2, 2, 0, 0, 1, 2, 1, 2, 1, 0, 2, 0, 1, 1, 0, 1, 1, 1, 0, 2, 1, 1, 0, 0, 0, 0, 1, 1, 2, 1, 2, 0, 0, 0, 2, 1, 0, 1, 2, 1, 2, 1, 1, 1, 1, 1, 2, 0, 1, 2, 0, 0, 0, 1, 0, 1, 0, 0, 1, 0, 0, 0, 2, 0, 0, 1, 1, 0, 0, 1, 1, 0, 0, 2]|[4, 3, 2, 2, 0, 0, 2, 2, 2, 4, 1, 1, 2, 4, 4, 1, 1, 4, 2, 1, 1, 1, 1, 2, 1, 2, 1, 1, 1, 1, 3, 2, 3, 0, 4, 0, 1, 1, 0, 3, 2, 2, 4, 0, 1, 1, 3, 2, 0, 1, 2, 2, 1, 4, 0, 3, 2, 1, 1, 2, 1, 3, 1, 1, 1, 3, 0, 4, 3, 1, 4, 1, 1, 2, 4, 1, 2, 1, 1, 3, 2, 3, 1, 1, 1, 1, 1, 1, 1, 1, 2, 3, 4, 1, 2, 1, 3, 2, 2, 1]|[0, 2, 1, 1, 3, 3, 0, 1, 0, 0, 0, 0, 1, 0, 1, 0, 0, 3, 1, 0, 0, 0, 3, 1, 0, 2, 0, 0, 0, 1, 0, 0, 0, 0, 3, 0, 1, 0, 0, 2, 1, 1, 2, 0, 0, 0, 0, 1, 1, 0, 0, 0, 1, 3, 0, 0, 1, 0, 0, 1, 0, 2, 0, 1, 0, 2, 1, 0, 0, 1, 1, 3, 0, 1, 3, 0, 1, 0, 0, 2, 1, 0, 0, 0, 1, 0, 0, 0, 0, 0, 1, 2, 3, 1, 0, 1, 0, 0, 0, 0],802.5281847645216,57652.86795409501,87938.17744329936,false
50,G1_CMAX,G4_BALANCED,[31, 22, 42, 15, 26, 58, 95, 82, 77, 12, 47, 5, 93, 78, 98, 54, 85, 63, 18, 44, 20, 35, 43, 97, 91, 76, 10, 30, 21, 61, 71, 64, 1, 23, 17, 83, 24, 45, 60, 36, 6, 57, 94, 88, 65, 56, 79, 40, 67, 68, 46, 75, 38, 9, 19, 32, 81, 41, 27, 62, 87, 90, 99, 59, 11, 16, 4, 73, 70, 39, 37, 84, 3, 96, 25, 55, 28, 29, 51, 7, 33, 14, 86, 48, 89, 50, 66, 92, 53, 80, 72, 8, 34, 49, 52, 0, 13, 2, 69, 74]|[1, 1, 0, 1, 1, 0, 2, 1, 2, 1, 2, 2, 2, 1, 1, 0, 0, 1, 0, 2, 2, 0, 1, 2, 0, 1, 2, 2, 0, 0, 1, 2, 1, 2, 1, 0, 2, 0, 1, 1, 0, 1, 1, 1, 0, 2, 1, 1, 0, 0, 0, 0, 1, 1, 2, 1, 2, 0, 0, 0, 2, 1, 0, 1, 2, 1, 0, 1, 1, 1, 1, 1, 2, 2, 1, 2, 0, 0, 0, 1, 2, 1, 0, 0, 1, 0, 2, 0, 0, 0, 2, 1, 2, 0, 1, 0, 0, 0, 1, 2]|[4, 3, 2, 2, 0, 1, 2, 2, 2, 4, 1, 1, 2, 4, 4, 1, 1, 4, 2, 1, 1, 1, 1, 2, 1, 2, 1, 1, 1, 1, 3, 2, 3, 1, 4, 0, 1, 1, 0, 3, 2, 2, 4, 0, 1, 1, 3, 2, 0, 1, 2, 2, 1, 4, 0, 3, 2, 1, 1, 2, 1, 3, 1, 1, 1, 3, 2, 4, 3, 1, 4, 1, 1, 1, 4, 1, 2, 1, 1, 3, 1, 3, 1, 1, 1, 1, 1, 2, 2, 1, 0, 3, 1, 1, 1, 2, 2, 2, 3, 1]|[0, 2, 1, 1, 3, 0, 0, 1, 0, 0, 0, 0, 1, 0, 1, 0, 0, 3, 1, 0, 0, 0, 3, 1, 0, 2, 0, 0, 0, 1, 0, 0, 0, 0, 3, 0, 1, 0, 0, 2, 1, 1, 2, 0, 0, 0, 0, 1, 1, 0, 0, 0, 1, 3, 0, 0, 1, 0, 0, 1, 0, 2, 0, 1, 0, 2, 1, 0, 0, 1, 1, 3, 0, 0, 3, 0, 1, 0, 0, 2, 0, 0, 0, 0, 1, 0, 0, 1, 1, 0, 1, 2, 0, 1, 1, 0, 0, 0, 0, 0],782.8059516669962,56787.8284952517,90895.83109930129,true
50,G4_BALANCED,G3_TWC,[31, 22, 42, 15, 26, 58, 95, 82, 77, 12, 47, 5, 93, 78, 98, 54, 85, 63, 18, 44, 20, 35, 43, 97, 91, 76, 10, 30, 21, 45, 71, 64, 1, 23, 17, 83, 24, 14, 60, 36, 6, 57, 94, 88, 65, 56, 79, 40, 67, 68, 46, 75, 38, 9, 19, 32, 81, 41, 27, 62, 87, 90, 99, 59, 11, 16, 72, 73, 70, 39, 37, 84, 3, 92, 25, 55, 28, 29, 51, 53, 7, 61, 86, 48, 89, 50, 66, 96, 33, 80, 4, 8, 34, 49, 52, 0, 13, 2, 69, 74]|[1, 1, 0, 1, 1, 1, 2, 1, 2, 1, 2, 2, 2, 1, 1, 0, 0, 1, 0, 2, 2, 0, 1, 2, 0, 1, 2, 2, 0, 0, 1, 2, 1, 2, 1, 0, 2, 0, 1, 1, 0, 1, 1, 1, 0, 2, 1, 1, 0, 0, 0, 0, 1, 1, 2, 1, 2, 0, 0, 0, 2, 1, 0, 1, 2, 1, 2, 1, 1, 1, 1, 1, 2, 0, 1, 1, 0, 0, 2, 0, 1, 1, 0, 0, 1, 0, 2, 0, 2, 0, 0, 1, 2, 0, 1, 0, 0, 0, 1, 2]|[4, 3, 2, 2, 0, 0, 2, 2, 2, 4, 1, 1, 2, 4, 4, 1, 1, 4, 2, 1, 1, 1, 1, 2, 1, 2, 1, 1, 1, 1, 3, 2, 3, 0, 4, 0, 1, 1, 0, 3, 2, 2, 4, 0, 1, 1, 0, 2, 0, 1, 2, 2, 1, 4, 0, 3, 2, 1, 1, 2, 1, 3, 1, 1, 1, 3, 0, 4, 3, 1, 4, 1, 1, 2, 4, 4, 2, 1, 1, 2, 3, 3, 1, 1, 1, 1, 1, 1, 1, 1, 2, 3, 1, 1, 1, 2, 2, 2, 3, 1]|[0, 2, 1, 1, 3, 3, 0, 1, 0, 0, 0, 0, 1, 0, 1, 0, 0, 3, 1, 0, 0, 0, 3, 1, 0, 2, 0, 0, 0, 1, 0, 0, 0, 0, 3, 0, 1, 0, 0, 2, 1, 1, 2, 0, 0, 0, 0, 1, 1, 0, 0, 0, 1, 3, 0, 0, 1, 0, 0, 1, 0, 2, 0, 1, 0, 2, 1, 0, 0, 1, 1, 3, 0, 1, 3, 3, 1, 0, 0, 1, 2, 0, 0, 0, 1, 0, 0, 0, 0, 0, 1, 2, 0, 1, 1, 0, 0, 0, 0, 0],783.0509393070564,57595.74268182125,88865.3508237012,true
50,G2_TEC,G2_TEC,[31, 22, 82, 15, 26, 9, 95, 42, 77, 68, 47, 5, 93, 78, 86, 54, 85, 63, 18, 44, 20, 49, 36, 14, 74, 50, 53, 17, 21, 28, 11, 64, 3, 23, 30, 83, 24, 41, 40, 52, 65, 27, 90, 70, 39, 87, 48, 69, 99, 4, 75, 1, 13, 58, 97, 59, 45, 8, 73, 37, 35, 79, 71, 66, 76, 32, 60, 80, 56, 6, 67, 61, 33, 7, 57, 34, 12, 16, 10, 98, 96, 88, 43, 81, 91, 2, 84, 29, 92, 19, 51, 55, 89, 25, 72, 46, 94, 38, 62, 0]|[2, 1, 2, 1, 1, 2, 1, 1, 1, 1, 1, 0, 2, 2, 1, 2, 0, 0, 0, 2, 2, 1, 0, 2, 0, 2, 2, 1, 0, 1, 1, 1, 0, 0, 1, 0, 2, 1, 2, 2, 0, 0, 1, 1, 0, 2, 0, 2, 1, 0, 0, 2, 0, 2, 2, 0, 1, 1, 0, 0, 2, 1, 1, 2, 2, 0, 2, 2, 2, 1, 2, 1, 1, 2, 0, 1, 1, 2, 1, 2, 0, 1, 1, 1, 1, 0, 0, 1, 0, 1, 1, 0, 1, 1, 1, 0, 2, 0, 1, 0]|[0, 3, 0, 3, 4, 1, 4, 4, 4, 4, 3, 2, 1, 0, 2, 1, 1, 1, 2, 1, 1, 3, 0, 1, 0, 1, 1, 4, 1, 4, 3, 2, 2, 0, 4, 1, 1, 4, 1, 1, 2, 1, 4, 4, 1, 1, 0, 1, 3, 2, 2, 1, 2, 1, 1, 2, 4, 3, 0, 2, 1, 3, 3, 1, 1, 2, 1, 1, 1, 4, 1, 3, 4, 1, 2, 4, 3, 1, 3, 1, 2, 4, 4, 4, 3, 2, 2, 3, 2, 4, 3, 2, 4, 4, 4, 2, 1, 2, 3, 2]|[0, 2, 0, 0, 3, 0, 1, 3, 1, 0, 2, 0, 1, 0, 1, 0, 0, 0, 1, 0, 0, 2, 0, 0, 1, 0, 0, 3, 0, 1, 0, 2, 0, 0, 3, 0, 1, 1, 0, 0, 0, 0, 1, 3, 0, 0, 1, 0, 2, 0, 0, 0, 0, 0, 1, 0, 1, 0, 1, 1, 0, 2, 0, 0, 0, 0, 0, 0, 0, 2, 0, 0, 1, 0, 0, 1, 0, 0, 3, 0, 0, 1, 2, 2, 0, 0, 0, 3, 0, 1, 0, 0, 1, 3, 1, 0, 0, 0, 0, 0],910.6024065900936,48491.8951558845,107376.01945264004,false
50,G3_TWC,G3_TWC,[31, 22, 42, 15, 26, 58, 95, 82, 77, 12, 47, 5, 93, 78, 98, 54, 85, 63, 18, 44, 20, 35, 43, 97, 91, 76, 10, 30, 21, 45, 71, 64, 1, 23, 17, 83, 24, 61, 60, 36, 6, 57, 94, 88, 65, 56, 79, 40, 67, 68, 46, 75, 38, 9, 19, 32, 81, 41, 27, 62, 87, 90, 99, 59, 11, 16, 72, 73, 70, 39, 37, 84, 3, 92, 25, 74, 28, 29, 51, 7, 53, 14, 86, 48, 89, 50, 66, 96, 33, 80, 4, 8, 55, 49, 0, 52, 69, 2, 13, 34]|[1, 1, 0, 1, 1, 1, 2, 1, 2, 1, 2, 2, 2, 1, 1, 0, 0, 1, 0, 2, 2, 0, 1, 2, 0, 1, 2, 2, 0, 0, 1, 2, 1, 2, 1, 0, 2, 0, 1, 1, 0, 1, 1, 1, 0, 2, 1, 1, 0, 0, 0, 0, 1, 1, 2, 1, 2, 0, 0, 0, 2, 1, 0, 1, 2, 1, 2, 1, 1, 1, 1, 1, 2, 0, 1, 2, 0, 0, 0, 1, 0, 1, 0, 0, 1, 0, 0, 0, 2, 0, 0, 1, 1, 0, 0, 1, 1, 0, 0, 2]|[4, 3, 2, 2, 0, 0, 2, 2, 2, 4, 1, 1, 2, 4, 4, 1, 1, 4, 2, 1, 1, 1, 1, 2, 1, 2, 1, 1, 1, 1, 3, 2, 3, 0, 4, 0, 1, 1, 0, 3, 2, 2, 4, 0, 1, 1, 3, 2, 0, 1, 2, 2, 1, 4, 0, 3, 2, 1, 1, 2, 1, 3, 1, 1, 1, 3, 0, 4, 3, 1, 4, 1, 1, 2, 4, 1, 2, 1, 1, 3, 2, 3, 1, 1, 1, 1, 1, 1, 1, 1, 2, 3, 4, 1, 2, 1, 3, 2, 2, 1]|[0, 2, 1, 1, 3, 3, 0, 1, 0, 0, 0, 0, 1, 0, 1, 0, 0, 3, 1, 0, 0, 0, 3, 1, 0, 2, 0, 0, 0, 1, 0, 0, 0, 0, 3, 0, 1, 0, 0, 2, 1, 1, 2, 0, 0, 0, 0, 1, 1, 0, 0, 0, 1, 3, 0, 0, 1, 0, 0, 1, 0, 2, 0, 1, 0, 2, 1, 0, 0, 1, 1, 3, 0, 1, 3, 0, 1, 0, 0, 2, 1, 0, 0, 0, 1, 0, 0, 0, 0, 0, 1, 2, 3, 1, 0, 1, 0, 0, 0, 0],802.5281847645216,57652.86795409501,87938.17744329936,false
50,G1_CMAX,G3_TWC,[31, 22, 23, 15, 26, 58, 95, 82, 77, 12, 47, 5, 93, 78, 98, 54, 85, 63, 18, 44, 20, 35, 43, 97, 91, 76, 10, 30, 21, 45, 71, 64, 1, 42, 17, 83, 24, 61, 60, 36, 6, 57, 94, 88, 65, 56, 79, 40, 67, 68, 46, 75, 38, 9, 19, 32, 81, 41, 27, 62, 87, 90, 99, 59, 11, 16, 72, 73, 70, 39, 37, 84, 3, 92, 25, 74, 28, 29, 51, 7, 53, 14, 86, 48, 89, 50, 4, 66, 33, 80, 96, 8, 55, 49, 0, 52, 13, 2, 69, 34]|[1, 1, 0, 1, 1, 1, 2, 1, 2, 1, 2, 2, 2, 1, 1, 0, 0, 1, 0, 2, 2, 0, 1, 2, 0, 1, 2, 2, 0, 0, 1, 2, 1, 2, 1, 0, 2, 0, 1, 1, 0, 1, 1, 1, 0, 2, 1, 1, 0, 0, 0, 0, 1, 1, 2, 1, 2, 0, 0, 0, 2, 1, 0, 1, 2, 1, 2, 1, 1, 1, 1, 1, 2, 0, 1, 2, 0, 0, 0, 1, 0, 1, 0, 0, 1, 0, 0, 0, 2, 0, 0, 1, 1, 0, 0, 1, 0, 0, 1, 2]|[4, 3, 2, 2, 0, 0, 2, 2, 2, 4, 1, 1, 2, 4, 4, 1, 1, 4, 2, 1, 1, 1, 1, 2, 1, 2, 1, 1, 1, 1, 3, 2, 3, 0, 4, 0, 1, 1, 0, 3, 2, 2, 4, 0, 1, 1, 3, 2, 0, 1, 2, 2, 1, 4, 0, 3, 2, 1, 1, 2, 1, 3, 1, 1, 1, 3, 0, 4, 3, 1, 4, 1, 1, 2, 4, 1, 2, 1, 1, 3, 2, 3, 1, 1, 1, 1, 2, 1, 1, 1, 1, 3, 4, 1, 2, 1, 2, 2, 3, 1]|[0, 2, 1, 1, 3, 3, 0, 1, 0, 0, 0, 0, 1, 0, 1, 0, 0, 3, 1, 0, 0, 0, 3, 1, 0, 2, 0, 0, 0, 1, 0, 0, 0, 0, 3, 0, 1, 0, 0, 2, 1, 1, 2, 0, 0, 0, 0, 1, 1, 0, 0, 0, 1, 3, 0, 0, 1, 0, 0, 1, 0, 2, 0, 1, 0, 2, 1, 0, 0, 1, 1, 3, 0, 1, 3, 0, 1, 0, 0, 2, 1, 0, 0, 0, 1, 0, 1, 0, 0, 0, 0, 2, 3, 1, 0, 1, 0, 0, 0, 0],800.5793025401239,57542.57711974915,88286.61770071645,true
50,G4_BALANCED,G3_TWC,[31, 22, 42, 15, 26, 58, 95, 82, 77, 12, 47, 5, 93, 78, 98, 54, 85, 63, 18, 44, 20, 35, 43, 97, 91, 76, 10, 30, 21, 45, 71, 64, 1, 23, 17, 83, 24, 61, 60, 36, 6, 57, 94, 88, 65, 56, 79, 40, 67, 68, 46, 75, 38, 9, 19, 32, 81, 41, 27, 62, 87, 90, 99, 59, 11, 16, 72, 73, 70, 39, 37, 84, 3, 92, 25, 74, 28, 29, 51, 7, 53, 14, 86, 48, 89, 50, 4, 96, 33, 80, 8, 66, 55, 49, 0, 2, 13, 52, 69, 34]|[1, 1, 0, 1, 1, 1, 2, 1, 2, 1, 2, 2, 2, 1, 1, 0, 0, 1, 0, 2, 2, 0, 1, 2, 0, 1, 2, 2, 0, 0, 1, 2, 1, 2, 1, 0, 2, 0, 1, 1, 0, 1, 1, 1, 0, 2, 1, 1, 0, 0, 0, 0, 1, 1, 2, 1, 2, 0, 0, 0, 2, 1, 0, 1, 2, 1, 2, 1, 1, 1, 1, 1, 2, 0, 1, 2, 0, 0, 0, 1, 0, 1, 0, 0, 1, 0, 0, 0, 2, 0, 1, 0, 1, 0, 0, 0, 0, 1, 1, 2]|[4, 3, 2, 2, 0, 0, 2, 2, 2, 4, 1, 1, 2, 4, 4, 1, 1, 4, 2, 1, 1, 1, 1, 2, 1, 2, 1, 1, 1, 1, 3, 2, 3, 0, 4, 0, 1, 1, 0, 3, 2, 2, 4, 0, 1, 1, 3, 2, 0, 1, 2, 2, 1, 4, 0, 3, 2, 1, 1, 2, 1, 3, 1, 1, 1, 3, 0, 4, 3, 1, 4, 1, 1, 2, 4, 1, 2, 1, 1, 3, 2, 3, 1, 2, 1, 1, 2, 1, 1, 1, 3, 1, 4, 1, 2, 2, 2, 1, 4, 1]|[0, 2, 1, 1, 3, 3, 0, 1, 0, 0, 0, 0, 1, 0, 1, 0, 0, 3, 1, 0, 0, 0, 3, 1, 0, 2, 0, 0, 0, 1, 0, 0, 0, 0, 3, 0, 1, 0, 0, 2, 1, 1, 2, 0, 0, 0, 0, 1, 1, 0, 0, 0, 1, 3, 0, 0, 1, 0, 0, 1, 0, 2, 0, 1, 0, 2, 1, 0, 0, 1, 1, 3, 0, 1, 3, 0, 1, 0, 0, 2, 1, 0, 0, 0, 1, 0, 1, 0, 0, 0, 2, 0, 3, 1, 0, 0, 0, 1, 2, 0],836.3118094812237,57280.307526455494,89407.79745437506,true
50,G2_TEC,G2_TEC,[31, 22, 82, 15, 26, 9, 95, 42, 77, 68, 47, 5, 93, 78, 86, 54, 85, 63, 18, 44, 20, 49, 36, 14, 74, 50, 53, 17, 21, 28, 11, 64, 3, 23, 30, 83, 24, 41, 40, 52, 65, 27, 90, 70, 39, 87, 48, 69, 99, 4, 75, 1, 13, 58, 97, 59, 45, 8, 73, 37, 35, 79, 71, 66, 76, 32, 60, 80, 56, 6, 67, 61, 33, 7, 57, 34, 12, 16, 10, 98, 96, 88, 43, 81, 91, 2, 84, 29, 92, 19, 51, 55, 89, 25, 72, 46, 94, 38, 62, 0]|[2, 1, 2, 1, 1, 2, 1, 1, 1, 1, 1, 0, 2, 2, 1, 2, 0, 0, 0, 2, 2, 1, 0, 2, 0, 2, 2, 1, 0, 1, 1, 1, 0, 0, 1, 0, 2, 1, 2, 2, 0, 0, 1, 1, 0, 2, 0, 2, 1, 0, 0, 2, 0, 2, 2, 0, 1, 1, 0, 0, 2, 1, 1, 2, 2, 0, 2, 2, 2, 1, 2, 1, 1, 2, 0, 1, 1, 2, 1, 2, 0, 1, 1, 1, 1, 0, 0, 1, 0, 1, 1, 0, 1, 1, 1, 0, 2, 0, 1, 0]|[0, 3, 0, 3, 4, 1, 4, 4, 4, 4, 3, 2, 1, 0, 2, 1, 1, 1, 2, 1, 1, 3, 0, 1, 0, 1, 1, 4, 1, 4, 3, 2, 2, 0, 4, 1, 1, 4, 1, 1, 2, 1, 4, 4, 1, 1, 0, 1, 3, 2, 2, 1, 2, 1, 1, 2, 4, 3, 0, 2, 1, 3, 3, 1, 1, 2, 1, 1, 1, 4, 1, 3, 4, 1, 2, 4, 3, 1, 3, 1, 2, 4, 4, 4, 3, 2, 2, 3, 2, 4, 3, 2, 4, 4, 4, 2, 1, 2, 3, 2]|[0, 2, 0, 0, 3, 0, 1, 3, 1, 0, 2, 0, 1, 0, 1, 0, 0, 0, 1, 0, 0, 2, 0, 0, 1, 0, 0, 3, 0, 1, 0, 2, 0, 0, 3, 0, 1, 1, 0, 0, 0, 0, 1, 3, 0, 0, 1, 0, 2, 0, 0, 0, 0, 0, 1, 0, 1, 0, 1, 1, 0, 2, 0, 0, 0, 0, 0, 0, 0, 2, 0, 0, 1, 0, 0, 1, 0, 0, 3, 0, 0, 1, 2, 2, 0, 0, 0, 3, 0, 1, 0, 0, 1, 3, 1, 0, 0, 0, 0, 0],910.6024065900936,48491.8951558845,107376.01945264004,false
50,G3_TWC,G3_TWC,[31, 22, 42, 15, 26, 58, 95, 82, 77, 12, 47, 5, 93, 78, 98, 54, 85, 63, 18, 44, 20, 35, 43, 97, 91, 76, 10, 30, 21, 45, 71, 64, 1, 23, 17, 83, 24, 61, 60, 36, 6, 57, 94, 88, 65, 56, 79, 40, 67, 68, 46, 75, 38, 9, 19, 32, 81, 41, 27, 62, 87, 90, 99, 59, 11, 16, 72, 73, 70, 39, 37, 84, 3, 92, 25, 74, 28, 29, 51, 7, 53, 14, 86, 48, 89, 50, 66, 96, 33, 80, 4, 8, 55, 49, 0, 52, 69, 2, 13, 34]|[1, 1, 0, 1, 1, 1, 2, 1, 2, 1, 2, 2, 2, 1, 1, 0, 0, 1, 0, 2, 2, 0, 1, 2, 0, 1, 2, 2, 0, 0, 1, 2, 1, 2, 1, 0, 2, 0, 1, 1, 0, 1, 1, 1, 0, 2, 1, 1, 0, 0, 0, 0, 1, 1, 2, 1, 2, 0, 0, 0, 2, 1, 0, 1, 2, 1, 2, 1, 1, 1, 1, 1, 2, 0, 1, 2, 0, 0, 0, 1, 0, 1, 0, 0, 1, 0, 0, 0, 2, 0, 0, 1, 1, 0, 0, 1, 1, 0, 0, 2]|[4, 3, 2, 2, 0, 0, 2, 2, 2, 4, 1, 1, 2, 4, 4, 1, 1, 4, 2, 1, 1, 1, 1, 2, 1, 2, 1, 1, 1, 1, 3, 2, 3, 0, 4, 0, 1, 1, 0, 3, 2, 2, 4, 0, 1, 1, 3, 2, 0, 1, 2, 2, 1, 4, 0, 3, 2, 1, 1, 2, 1, 3, 1, 1, 1, 3, 0, 4, 3, 1, 4, 1, 1, 2, 4, 1, 2, 1, 1, 3, 2, 3, 1, 1, 1, 1, 1, 1, 1, 1, 2, 3, 4, 1, 2, 1, 3, 2, 2, 1]|[0, 2, 1, 1, 3, 3, 0, 1, 0, 0, 0, 0, 1, 0, 1, 0, 0, 3, 1, 0, 0, 0, 3, 1, 0, 2, 0, 0, 0, 1, 0, 0, 0, 0, 3, 0, 1, 0, 0, 2, 1, 1, 2, 0, 0, 0, 0, 1, 1, 0, 0, 0, 1, 3, 0, 0, 1, 0, 0, 1, 0, 2, 0, 1, 0, 2, 1, 0, 0, 1, 1, 3, 0, 1, 3, 0, 1, 0, 0, 2, 1, 0, 0, 0, 1, 0, 0, 0, 0, 0, 1, 2, 3, 1, 0, 1, 0, 0, 0, 0],802.5281847645216,57652.86795409501,87938.17744329936,false
50,G1_CMAX,G1_CMAX,[31, 22, 42, 15, 26, 58, 95, 82, 77, 12, 47, 5, 93, 78, 98, 54, 85, 63, 18, 44, 20, 35, 43, 97, 91, 76, 10, 30, 21, 45, 71, 64, 1, 23, 17, 83, 24, 61, 60, 36, 6, 57, 94, 88, 65, 56, 79, 40, 67, 68, 46, 75, 38, 9, 19, 32, 81, 41, 27, 74, 87, 90, 99, 59, 11, 16, 72, 73, 70, 39, 37, 84, 3, 92, 25, 55, 28, 29, 51, 7, 33, 14, 86, 48, 89, 50, 66, 96, 53, 80, 4, 8, 34, 49, 0, 52, 13, 2, 69, 62]|[1, 1, 0, 1, 1, 1, 2, 1, 2, 1, 2, 2, 2, 1, 1, 0, 0, 1, 0, 2, 2, 0, 1, 2, 0, 1, 2, 2, 0, 0, 1, 2, 1, 2, 1, 0, 2, 0, 1, 1, 0, 1, 1, 1, 0, 2, 1, 1, 0, 0, 0, 0, 1, 1, 2, 1, 2, 2, 0, 2, 2, 1, 0, 1, 2, 1, 2, 1, 1, 1, 1, 1, 2, 1, 1, 1, 0, 0, 0, 1, 2, 1, 0, 0, 1, 0, 0, 2, 0, 0, 0, 1, 2, 0, 0, 1, 0, 0, 1, 2]|[4, 3, 2, 2, 0, 0, 2, 2, 2, 4, 1, 1, 2, 4, 4, 1, 1, 4, 2, 1, 1, 1, 1, 2, 1, 2, 1, 1, 1, 1, 3, 2, 3, 0, 4, 0, 1, 1, 0, 3, 2, 2, 4, 0, 1, 1, 0, 2, 0, 1, 2, 2, 1, 4, 0, 3, 2, 1, 1, 1, 1, 3, 1, 1, 1, 3, 0, 4, 3, 1, 4, 1, 1, 4, 4, 4, 2, 1, 1, 3, 1, 3, 1, 1, 1, 1, 1, 1, 2, 1, 2, 3, 1, 1, 2, 1, 2, 2, 3, 1]|[0, 2, 1, 1, 3, 3, 0, 1, 0, 0, 0, 0, 1, 0, 1, 0, 0, 3, 1, 0, 0, 0, 3, 1, 0, 2, 0, 0, 0, 1, 0, 0, 0, 0, 3, 0, 1, 0, 0, 2, 1, 1, 2, 0, 0, 0, 0, 1, 1, 0, 0, 0, 1, 3, 0, 0, 1, 0, 0, 0, 0, 2, 0, 1, 0, 2, 1, 0, 0, 1, 1, 3, 0, 0, 3, 3, 1, 0, 0, 2, 0, 0, 0, 0, 1, 0, 0, 0, 1, 0, 1, 2, 0, 1, 0, 1, 0, 0, 0, 0],727.2377346938687,57188.65988484567,91043.00195129713,false
50,G4_BALANCED,G2_TEC,[31, 22, 82, 15, 26, 9, 95, 42, 77, 68, 47, 5, 93, 78, 86, 54, 85, 63, 18, 44, 20, 49, 36, 14, 74, 50, 53, 17, 21, 28, 11, 64, 3, 23, 30, 83, 24, 41, 40, 52, 65, 27, 90, 70, 39, 87, 48, 69, 99, 4, 75, 1, 13, 58, 97, 59, 45, 8, 73, 37, 35, 79, 71, 66, 76, 32, 60, 80, 56, 6, 67, 61, 33, 7, 57, 34, 12, 16, 10, 98, 96, 88, 43, 38, 91, 2, 84, 29, 92, 19, 51, 55, 81, 89, 25, 72, 94, 46, 62, 0]|[2, 1, 2, 1, 1, 2, 1, 1, 1, 1, 1, 0, 2, 2, 1, 2, 0, 0, 0, 2, 2, 1, 0, 2, 0, 2, 2, 1, 0, 1, 1, 1, 0, 0, 1, 0, 2, 1, 2, 2, 0, 0, 1, 1, 0, 2, 0, 2, 1, 0, 0, 2, 0, 0, 2, 0, 1, 1, 0, 0, 2, 1, 1, 2, 2, 0, 2, 2, 2, 1, 2, 1, 1, 2, 0, 1, 1, 2, 1, 2, 0, 1, 1, 0, 1, 0, 0, 1, 0, 1, 1, 0, 1, 1, 1, 1, 2, 0, 1, 2]|[0, 3, 0, 3, 4, 1, 4, 4, 2, 4, 3, 2, 1, 0, 2, 1, 1, 1, 2, 1, 1, 3, 0, 1, 0, 1, 1, 4, 1, 4, 3, 2, 2, 0, 4, 1, 1, 4, 1, 1, 2, 1, 4, 4, 1, 1, 0, 1, 3, 2, 2, 1, 2, 1, 1, 2, 4, 3, 0, 2, 2, 3, 3, 1, 1, 2, 1, 1, 1, 4, 1, 3, 4, 1, 2, 4, 3, 1, 3, 1, 2, 4, 4, 2, 3, 2, 2, 3, 2, 4, 3, 2, 4, 4, 4, 4, 1, 2, 3, 1]|[0, 2, 0, 0, 3, 0, 1, 3, 0, 0, 2, 0, 1, 0, 1, 0, 0, 0, 1, 0, 0, 2, 0, 0, 1, 0, 0, 3, 0, 1, 0, 2, 0, 0, 3, 0, 1, 1, 0, 0, 0, 0, 1, 3, 0, 0, 1, 0, 2, 0, 0, 0, 0, 0, 1, 0, 1, 0, 1, 1, 0, 2, 0, 0, 0, 0, 0, 0, 0, 2, 0, 0, 1, 0, 0, 1, 0, 0, 3, 0, 0, 1, 2, 0, 0, 0, 0, 3, 0, 1, 0, 0, 2, 1, 3, 1, 0, 0, 0, 0],892.2309006783577,49175.95290618759,106430.85583910291,true
50,G2_TEC,G2_TEC,[31, 22, 82, 15, 26, 9, 95, 42, 77, 68, 47, 5, 93, 78, 86, 54, 85, 63, 18, 44, 20, 49, 36, 14, 74, 50, 53, 17, 21, 28, 11, 64, 3, 23, 30, 83, 24, 41, 40, 52, 65, 27, 90, 70, 39, 87, 48, 69, 99, 4, 75, 1, 13, 58, 97, 59, 45, 8, 73, 37, 35, 79, 71, 66, 76, 32, 60, 80, 56, 6, 67, 61, 33, 7, 57, 34, 12, 16, 10, 98, 96, 88, 43, 81, 91, 2, 84, 29, 92, 19, 51, 55, 89, 25, 72, 46, 94, 38, 62, 0]|[2, 1, 2, 1, 1, 2, 1, 1, 1, 1, 1, 0, 2, 2, 1, 2, 0, 0, 0, 2, 2, 1, 0, 2, 0, 2, 2, 1, 0, 1, 1, 1, 0, 0, 1, 0, 2, 1, 2, 2, 0, 0, 1, 1, 0, 2, 0, 2, 1, 0, 0, 2, 0, 2, 2, 0, 1, 1, 0, 0, 2, 1, 1, 2, 2, 0, 2, 2, 2, 1, 2, 1, 1, 2, 0, 1, 1, 2, 1, 2, 0, 1, 1, 1, 1, 0, 0, 1, 0, 1, 1, 0, 1, 1, 1, 0, 2, 0, 1, 0]|[0, 3, 0, 3, 4, 1, 4, 4, 4, 4, 3, 2, 1, 0, 2, 1, 1, 1, 2, 1, 1, 3, 0, 1, 0, 1, 1, 4, 1, 4, 3, 2, 2, 0, 4, 1, 1, 4, 1, 1, 2, 1, 4, 4, 1, 1, 0, 1, 3, 2, 2, 1, 2, 1, 1, 2, 4, 3, 0, 2, 1, 3, 3, 1, 1, 2, 1, 1, 1, 4, 1, 3, 4, 1, 2, 4, 3, 1, 3, 1, 2, 4, 4, 4, 3, 2, 2, 3, 2, 4, 3, 2, 4, 4, 4, 2, 1, 2, 3, 2]|[0, 2, 0, 0, 3, 0, 1, 3, 1, 0, 2, 0, 1, 0, 1, 0, 0, 0, 1, 0, 0, 2, 0, 0, 1, 0, 0, 3, 0, 1, 0, 2, 0, 0, 3, 0, 1, 1, 0, 0, 0, 0, 1, 3, 0, 0, 1, 0, 2, 0, 0, 0, 0, 0, 1, 0, 1, 0, 1, 1, 0, 2, 0, 0, 0, 0, 0, 0, 0, 2, 0, 0, 1, 0, 0, 1, 0, 0, 3, 0, 0, 1, 2, 2, 0, 0, 0, 3, 0, 1, 0, 0, 1, 3, 1, 0, 0, 0, 0, 0],910.6024065900936,48491.8951558845,107376.01945264004,false
50,G3_TWC,G3_TWC,[31, 22, 42, 15, 26, 58, 95, 82, 77, 12, 47, 5, 93, 78, 98, 54, 85, 63, 18, 44, 20, 35, 43, 97, 91, 76, 10, 30, 21, 45, 71, 64, 1, 23, 17, 83, 24, 61, 60, 36, 6, 57, 94, 88, 65, 56, 79, 40, 67, 68, 46, 75, 38, 9, 19, 32, 81, 41, 27, 62, 87, 90, 99, 59, 11, 16, 72, 73, 70, 39, 37, 84, 3, 92, 25, 74, 28, 29, 51, 7, 53, 14, 86, 48, 89, 50, 66, 96, 33, 80, 4, 8, 55, 49, 0, 52, 69, 2, 13, 34]|[1, 1, 0, 1, 1, 1, 2, 1, 2, 1, 2, 2, 2, 1, 1, 0, 0, 1, 0, 2, 2, 0, 1, 2, 0, 1, 2, 2, 0, 0, 1, 2, 1, 2, 1, 0, 2, 0, 1, 1, 0, 1, 1, 1, 0, 2, 1, 1, 0, 0, 0, 0, 1, 1, 2, 1, 2, 0, 0, 0, 2, 1, 0, 1, 2, 1, 2, 1, 1, 1, 1, 1, 2, 0, 1, 2, 0, 0, 0, 1, 0, 1, 0, 0, 1, 0, 0, 0, 2, 0, 0, 1, 1, 0, 0, 1, 1, 0, 0, 2]|[4, 3, 2, 2, 0, 0, 2, 2, 2, 4, 1, 1, 2, 4, 4, 1, 1, 4, 2, 1, 1, 1, 1, 2, 1, 2, 1, 1, 1, 1, 3, 2, 3, 0, 4, 0, 1, 1, 0, 3, 2, 2, 4, 0, 1, 1, 3, 2, 0, 1, 2, 2, 1, 4, 0, 3, 2, 1, 1, 2, 1, 3, 1, 1, 1, 3, 0, 4, 3, 1, 4, 1, 1, 2, 4, 1, 2, 1, 1, 3, 2, 3, 1, 1, 1, 1, 1, 1, 1, 1, 2, 3, 4, 1, 2, 1, 3, 2, 2, 1]|[0, 2, 1, 1, 3, 3, 0, 1, 0, 0, 0, 0, 1, 0, 1, 0, 0, 3, 1, 0, 0, 0, 3, 1, 0, 2, 0, 0, 0, 1, 0, 0, 0, 0, 3, 0, 1, 0, 0, 2, 1, 1, 2, 0, 0, 0, 0, 1, 1, 0, 0, 0, 1, 3, 0, 0, 1, 0, 0, 1, 0, 2, 0, 1, 0, 2, 1, 0, 0, 1, 1, 3, 0, 1, 3, 0, 1, 0, 0, 2, 1, 0, 0, 0, 1, 0, 0, 0, 0, 0, 1, 2, 3, 1, 0, 1, 0, 0, 0, 0],802.5281847645216,57652.86795409501,87938.17744329936,false
50,G1_CMAX,G4_BALANCED,[31, 22, 82, 15, 26, 9, 95, 42, 77, 68, 47, 5, 93, 78, 86, 54, 85, 63, 18, 44, 20, 49, 36, 14, 74, 50, 53, 17, 21, 28, 71, 64, 3, 23, 30, 83, 24, 41, 60, 52, 65, 27, 90, 70, 39, 87, 48, 69, 99, 4, 46, 1, 13, 58, 97, 59, 45, 8, 73, 37, 35, 79, 11, 66, 76, 32, 40, 80, 96, 6, 16, 61, 33, 7, 57, 34, 12, 67, 10, 98, 56, 88, 29, 75, 91, 38, 19, 92, 43, 84, 51, 72, 81, 94, 2, 55, 62, 89, 25, 0]|[2, 1, 2, 1, 1, 2, 1, 1, 1, 1, 1, 0, 2, 2, 1, 2, 0, 0, 0, 2, 2, 1, 0, 2, 0, 2, 2, 1, 0, 1, 1, 1, 0, 0, 1, 0, 2, 1, 2, 2, 0, 0, 1, 1, 0, 2, 0, 2, 1, 0, 0, 2, 0, 0, 2, 0, 1, 1, 0, 0, 2, 1, 0, 2, 2, 0, 2, 2, 0, 1, 2, 1, 1, 2, 0, 1, 1, 1, 1, 2, 2, 1, 1, 0, 1, 0, 1, 0, 1, 0, 1, 1, 1, 2, 2, 0, 1, 1, 1, 0]|[0, 3, 0, 3, 4, 1, 4, 4, 2, 4, 3, 2, 1, 0, 2, 1, 1, 1, 2, 1, 1, 3, 0, 1, 0, 1, 1, 4, 1, 4, 3, 2, 2, 0, 4, 1, 1, 4, 0, 1, 2, 1, 4, 4, 1, 1, 0, 2, 3, 1, 2, 1, 2, 1, 1, 2, 4, 3, 0, 2, 2, 3, 1, 0, 1, 2, 0, 1, 2, 4, 1, 3, 4, 1, 2, 4, 3, 3, 3, 1, 1, 4, 3, 2, 3, 2, 4, 2, 4, 2, 3, 4, 1, 1, 1, 2, 3, 4, 4, 2]|[0, 2, 0, 0, 3, 0, 1, 3, 0, 0, 2, 0, 1, 0, 1, 0, 0, 0, 1, 0, 0, 2, 0, 0, 1, 0, 0, 3, 0, 1, 0, 2, 0, 1, 3, 0, 1, 3, 1, 0, 0, 0, 1, 3, 0, 0, 1, 0, 2, 0, 0, 0, 0, 0, 1, 0, 1, 0, 1, 1, 0, 2, 0, 0, 0, 0, 0, 0, 0, 2, 0, 0, 1, 0, 0, 1, 0, 0, 3, 0, 0, 1, 0, 0, 0, 0, 3, 0, 2, 0, 0, 2, 1, 0, 0, 0, 0, 1, 3, 0],851.9092314412391,51714.80113499516,107255.87097349185,true
50,G4_BALANCED,G2_TEC,[31, 22, 82, 15, 26, 9, 95, 42, 77, 68, 47, 5, 93, 78, 86, 54, 85, 63, 18, 44, 20, 49, 36, 14, 74, 50, 53, 17, 21, 28, 11, 64, 3, 23, 30, 83, 24, 41, 40, 52, 65, 27, 90, 70, 39, 87, 48, 69, 99, 4, 75, 1, 13, 58, 97, 59, 45, 8, 73, 37, 35, 79, 71, 66, 76, 32, 60, 80, 56, 6, 67, 61, 33, 7, 57, 34, 12, 16, 10, 98, 96, 88, 43, 38, 91, 2, 84, 29, 92, 19, 51, 55, 81, 89, 25, 72, 94, 46, 62, 0]|[2, 1, 2, 1, 1, 2, 1, 1, 1, 1, 1, 0, 2, 2, 1, 2, 0, 0, 0, 2, 2, 1, 0, 2, 0, 2, 2, 1, 0, 1, 1, 1, 0, 0, 1, 0, 2, 1, 2, 2, 0, 0, 1, 1, 0, 2, 0, 2, 1, 0, 0, 2, 0, 0, 2, 0, 1, 1, 0, 0, 2, 1, 1, 2, 2, 0, 2, 2, 2, 1, 2, 1, 1, 2, 0, 1, 1, 2, 1, 2, 0, 1, 1, 0, 1, 0, 0, 1, 0, 1, 1, 0, 1, 1, 1, 1, 2, 0, 1, 2]|[0, 3, 0, 3, 4, 1, 4, 4, 2, 4, 3, 2, 1, 0, 2, 1, 1, 1, 2, 1, 1, 3, 0, 1, 0, 1, 1, 4, 1, 4, 3, 2, 2, 0, 4, 1, 1, 4, 1, 1, 2, 1, 4, 4, 1, 1, 0, 1, 3, 2, 2, 1, 2, 1, 1, 2, 4, 3, 0, 2, 2, 3, 3, 1, 1, 2, 1, 1, 1, 4, 1, 3, 4, 1, 2, 4, 3, 1, 3, 1, 2, 4, 4, 2, 3, 2, 2, 3, 2, 4, 3, 2, 4, 4, 4, 4, 1, 2, 3, 1]|[0, 2, 0, 0, 3, 0, 1, 3, 0, 0, 2, 0, 1, 0, 1, 0, 0, 0, 1, 0, 0, 2, 0, 0, 1, 0, 0, 3, 0, 1, 0, 2, 0, 0, 3, 0, 1, 1, 0, 0, 0, 0, 1, 3, 0, 0, 1, 0, 2, 0, 0, 0, 0, 0, 1, 0, 1, 0, 1, 1, 0, 2, 0, 0, 0, 0, 0, 0, 0, 2, 0, 0, 1, 0, 0, 1, 0, 0, 3, 0, 0, 1, 2, 0, 0, 0, 0, 3, 0, 1, 0, 0, 2, 1, 3, 1, 0, 0, 0, 0],892.2309006783577,49175.95290618759,106430.85583910291,true
50,G2_TEC,G2_TEC,[31, 22, 82, 15, 26, 9, 95, 42, 77, 68, 47, 5, 93, 78, 86, 54, 85, 63, 18, 44, 20, 49, 36, 14, 74, 50, 53, 17, 21, 28, 11, 64, 3, 23, 30, 83, 24, 41, 40, 52, 65, 27, 90, 70, 39, 87, 48, 69, 99, 4, 75, 1, 13, 58, 97, 59, 45, 8, 73, 37, 35, 79, 71, 66, 76, 32, 60, 80, 56, 6, 67, 61, 33, 7, 57, 34, 12, 16, 10, 98, 96, 88, 43, 81, 91, 2, 84, 29, 92, 19, 51, 55, 89, 25, 72, 46, 94, 38, 62, 0]|[2, 1, 2, 1, 1, 2, 1, 1, 1, 1, 1, 0, 2, 2, 1, 2, 0, 0, 0, 2, 2, 1, 0, 2, 0, 2, 2, 1, 0, 1, 1, 1, 0, 0, 1, 0, 2, 1, 2, 2, 0, 0, 1, 1, 0, 2, 0, 2, 1, 0, 0, 2, 0, 2, 2, 0, 1, 1, 0, 0, 2, 1, 1, 2, 2, 0, 2, 2, 2, 1, 2, 1, 1, 2, 0, 1, 1, 2, 1, 2, 0, 1, 1, 1, 1, 0, 0, 1, 0, 1, 1, 0, 1, 1, 1, 0, 2, 0, 1, 0]|[0, 3, 0, 3, 4, 1, 4, 4, 4, 4, 3, 2, 1, 0, 2, 1, 1, 1, 2, 1, 1, 3, 0, 1, 0, 1, 1, 4, 1, 4, 3, 2, 2, 0, 4, 1, 1, 4, 1, 1, 2, 1, 4, 4, 1, 1, 0, 1, 3, 2, 2, 1, 2, 1, 1, 2, 4, 3, 0, 2, 1, 3, 3, 1, 1, 2, 1, 1, 1, 4, 1, 3, 4, 1, 2, 4, 3, 1, 3, 1, 2, 4, 4, 4, 3, 2, 2, 3, 2, 4, 3, 2, 4, 4, 4, 2, 1, 2, 3, 2]|[0, 2, 0, 0, 3, 0, 1, 3, 1, 0, 2, 0, 1, 0, 1, 0, 0, 0, 1, 0, 0, 2, 0, 0, 1, 0, 0, 3, 0, 1, 0, 2, 0, 0, 3, 0, 1, 1, 0, 0, 0, 0, 1, 3, 0, 0, 1, 0, 2, 0, 0, 0, 0, 0, 1, 0, 1, 0, 1, 1, 0, 2, 0, 0, 0, 0, 0, 0, 0, 2, 0, 0, 1, 0, 0, 1, 0, 0, 3, 0, 0, 1, 2, 2, 0, 0, 0, 3, 0, 1, 0, 0, 1, 3, 1, 0, 0, 0, 0, 0],910.6024065900936,48491.8951558845,107376.01945264004,false
50,G3_TWC,G3_TWC,[31, 22, 42, 15, 26, 58, 95, 82, 77, 12, 47, 5, 93, 78, 98, 54, 85, 63, 18, 44, 20, 35, 43, 97, 91, 76, 10, 30, 21, 45, 71, 64, 1, 23, 17, 83, 24, 61, 60, 36, 6, 57, 94, 88, 65, 56, 79, 40, 67, 68, 46, 75, 38, 9, 19, 32, 81, 41, 27, 62, 87, 90, 99, 59, 11, 16, 72, 73, 70, 39, 37, 84, 3, 92, 25, 74, 28, 29, 51, 7, 53, 14, 86, 48, 89, 50, 66, 96, 33, 80, 4, 8, 55, 49, 0, 52, 69, 2, 13, 34]|[1, 1, 0, 1, 1, 1, 2, 1, 2, 1, 2, 2, 2, 1, 1, 0, 0, 1, 0, 2, 2, 0, 1, 2, 0, 1, 2, 2, 0, 0, 1, 2, 1, 2, 1, 0, 2, 0, 1, 1, 0, 1, 1, 1, 0, 2, 1, 1, 0, 0, 0, 0, 1, 1, 2, 1, 2, 0, 0, 0, 2, 1, 0, 1, 2, 1, 2, 1, 1, 1, 1, 1, 2, 0, 1, 2, 0, 0, 0, 1, 0, 1, 0, 0, 1, 0, 0, 0, 2, 0, 0, 1, 1, 0, 0, 1, 1, 0, 0, 2]|[4, 3, 2, 2, 0, 0, 2, 2, 2, 4, 1, 1, 2, 4, 4, 1, 1, 4, 2, 1, 1, 1, 1, 2, 1, 2, 1, 1, 1, 1, 3, 2, 3, 0, 4, 0, 1, 1, 0, 3, 2, 2, 4, 0, 1, 1, 3, 2, 0, 1, 2, 2, 1, 4, 0, 3, 2, 1, 1, 2, 1, 3, 1, 1, 1, 3, 0, 4, 3, 1, 4, 1, 1, 2, 4, 1, 2, 1, 1, 3, 2, 3, 1, 1, 1, 1, 1, 1, 1, 1, 2, 3, 4, 1, 2, 1, 3, 2, 2, 1]|[0, 2, 1, 1, 3, 3, 0, 1, 0, 0, 0, 0, 1, 0, 1, 0, 0, 3, 1, 0, 0, 0, 3, 1, 0, 2, 0, 0, 0, 1, 0, 0, 0, 0, 3, 0, 1, 0, 0, 2, 1, 1, 2, 0, 0, 0, 0, 1, 1, 0, 0, 0, 1, 3, 0, 0, 1, 0, 0, 1, 0, 2, 0, 1, 0, 2, 1, 0, 0, 1, 1, 3, 0, 1, 3, 0, 1, 0, 0, 2, 1, 0, 0, 0, 1, 0, 0, 0, 0, 0, 1, 2, 3, 1, 0, 1, 0, 0, 0, 0],802.5281847645216,57652.86795409501,87938.17744329936,false
50,G1_CMAX,G1_CMAX,[31, 22, 90, 26, 58, 95, 42, 12, 93, 5, 78, 86, 98, 18, 20, 35, 3, 97, 91, 76, 10, 85, 54, 45, 63, 71, 66, 1, 23, 17, 24, 60, 36, 6, 57, 15, 65, 56, 47, 79, 94, 67, 50, 46, 14, 75, 38, 9, 30, 19, 32, 81, 27, 92, 83, 87, 40, 99, 59, 11, 53, 16, 72, 77, 73, 70, 39, 37, 84, 43, 62, 25, 55, 28, 29, 51, 68, 82, 74, 61, 88, 21, 80, 89, 7, 69, 96, 41, 48, 4, 8, 34, 49, 52, 0, 44, 13, 2, 64, 33]|[1, 1, 1, 1, 0, 2, 1, 1, 2, 2, 2, 1, 0, 1, 2, 2, 1, 2, 0, 1, 2, 2, 2, 0, 0, 1, 2, 1, 2, 1, 2, 1, 1, 0, 1, 1, 0, 2, 2, 1, 1, 0, 0, 0, 0, 1, 1, 1, 1, 2, 1, 2, 2, 0, 0, 2, 1, 0, 0, 2, 0, 1, 2, 2, 1, 1, 1, 1, 1, 1, 0, 1, 1, 0, 0, 0, 0, 0, 2, 1, 1, 0, 0, 1, 1, 1, 2, 2, 0, 1, 1, 2, 0, 1, 0, 0, 0, 0, 2, 2]|[0, 4, 3, 0, 1, 1, 2, 4, 1, 1, 2, 4, 1, 4, 1, 1, 1, 2, 2, 2, 2, 1, 1, 1, 2, 3, 2, 3, 0, 4, 1, 0, 3, 2, 2, 2, 1, 1, 1, 0, 2, 0, 1, 2, 1, 3, 1, 4, 2, 0, 3, 2, 1, 2, 1, 1, 4, 1, 1, 1, 2, 3, 0, 2, 4, 3, 1, 4, 1, 1, 1, 4, 4, 2, 1, 1, 1, 2, 1, 3, 0, 1, 1, 1, 1, 3, 1, 1, 1, 4, 3, 1, 1, 1, 2, 2, 2, 2, 1, 1]|[3, 0, 2, 3, 0, 0, 1, 0, 0, 0, 1, 0, 0, 3, 0, 0, 1, 1, 1, 2, 1, 0, 0, 0, 0, 0, 0, 0, 0, 3, 1, 0, 2, 1, 1, 1, 0, 0, 0, 0, 1, 1, 0, 0, 0, 0, 1, 3, 2, 0, 0, 1, 0, 1, 0, 0, 2, 0, 0, 0, 1, 2, 1, 1, 0, 0, 1, 1, 3, 3, 0, 3, 3, 1, 0, 0, 0, 1, 0, 0, 0, 0, 0, 1, 2, 2, 0, 0, 0, 0, 2, 0, 1, 1, 0, 0, 0, 0, 0, 0],705.0470749739228,58445.79123614564,95781.2895945797,false
50,G4_BALANCED,G2_TEC,[31, 22, 82, 15, 26, 9, 95, 42, 77, 68, 47, 5, 93, 78, 86, 54, 85, 63, 18, 44, 20, 49, 36, 14, 74, 50, 53, 17, 21, 28, 11, 64, 3, 23, 30, 83, 24, 41, 40, 52, 65, 27, 90, 70, 39, 87, 48, 69, 99, 4, 75, 1, 13, 58, 97, 59, 45, 8, 73, 37, 35, 79, 71, 66, 76, 32, 60, 80, 56, 6, 67, 61, 33, 7, 57, 34, 12, 16, 10, 98, 96, 88, 43, 38, 91, 2, 84, 29, 92, 19, 51, 55, 81, 89, 25, 72, 94, 46, 62, 0]|[2, 1, 2, 1, 1, 2, 1, 1, 1, 1, 1, 0, 2, 2, 1, 2, 0, 0, 0, 2, 2, 1, 0, 2, 0, 2, 2, 1, 0, 1, 1, 1, 0, 0, 1, 0, 2, 1, 2, 2, 0, 0, 1, 1, 0, 2, 0, 2, 1, 0, 0, 2, 0, 0, 2, 0, 1, 1, 0, 0, 2, 1, 1, 2, 2, 0, 2, 2, 2, 1, 2, 1, 1, 2, 0, 1, 1, 2, 1, 2, 0, 1, 1, 0, 1, 0, 0, 1, 0, 1, 1, 0, 1, 1, 1, 1, 2, 0, 1, 2]|[0, 3, 0, 3, 4, 1, 4, 4, 2, 4, 3, 2, 1, 0, 2, 1, 1, 1, 2, 1, 1, 3, 0, 1, 0, 1, 1, 4, 1, 4, 3, 2, 2, 0, 4, 1, 1, 4, 1, 1, 2, 1, 4, 4, 1, 1, 0, 1, 3, 2, 2, 1, 2, 1, 1, 2, 4, 3, 0, 2, 2, 3, 3, 1, 1, 2, 1, 1, 1, 4, 1, 3, 4, 1, 2, 4, 3, 1, 3, 1, 2, 4, 4, 2, 3, 2, 2, 3, 2, 4, 3, 2, 4, 4, 4, 4, 1, 2, 3, 1]|[0, 2, 0, 0, 3, 0, 1, 3, 0, 0, 2, 0, 1, 0, 1, 0, 0, 0, 1, 0, 0, 2, 0, 0, 1, 0, 0, 3, 0, 1, 0, 2, 0, 0, 3, 0, 1, 1, 0, 0, 0, 0, 1, 3, 0, 0, 1, 0, 2, 0, 0, 0, 0, 0, 1, 0, 1, 0, 1, 1, 0, 2, 0, 0, 0, 0, 0, 0, 0, 2, 0, 0, 1, 0, 0, 1, 0, 0, 3, 0, 0, 1, 2, 0, 0, 0, 0, 3, 0, 1, 0, 0, 2, 1, 3, 1, 0, 0, 0, 0],892.2309006783577,49175.95290618759,106430.85583910291,true
50,G2_TEC,G2_TEC,[31, 22, 82, 15, 26, 9, 95, 42, 77, 68, 47, 5, 93, 78, 86, 54, 85, 63, 18, 44, 20, 49, 36, 14, 74, 50, 53, 17, 21, 28, 11, 64, 3, 23, 30, 83, 24, 41, 40, 52, 65, 27, 90, 70, 39, 87, 48, 69, 99, 4, 75, 1, 13, 58, 97, 59, 45, 8, 73, 37, 35, 79, 71, 66, 76, 32, 60, 80, 56, 6, 67, 61, 33, 7, 57, 34, 12, 16, 10, 98, 96, 88, 43, 81, 91, 2, 84, 29, 92, 19, 51, 55, 89, 25, 72, 46, 94, 38, 62, 0]|[2, 1, 2, 1, 1, 2, 1, 1, 1, 1, 1, 0, 2, 2, 1, 2, 0, 0, 0, 2, 2, 1, 0, 2, 0, 2, 2, 1, 0, 1, 1, 1, 0, 0, 1, 0, 2, 1, 2, 2, 0, 0, 1, 1, 0, 2, 0, 2, 1, 0, 0, 2, 0, 2, 2, 0, 1, 1, 0, 0, 2, 1, 1, 2, 2, 0, 2, 2, 2, 1, 2, 1, 1, 2, 0, 1, 1, 2, 1, 2, 0, 1, 1, 1, 1, 0, 0, 1, 0, 1, 1, 0, 1, 1, 1, 0, 2, 0, 1, 0]|[0, 3, 0, 3, 4, 1, 4, 4, 4, 4, 3, 2, 1, 0, 2, 1, 1, 1, 2, 1, 1, 3, 0, 1, 0, 1, 1, 4, 1, 4, 3, 2, 2, 0, 4, 1, 1, 4, 1, 1, 2, 1, 4, 4, 1, 1, 0, 1, 3, 2, 2, 1, 2, 1, 1, 2, 4, 3, 0, 2, 1, 3, 3, 1, 1, 2, 1, 1, 1, 4, 1, 3, 4, 1, 2, 4, 3, 1, 3, 1, 2, 4, 4, 4, 3, 2, 2, 3, 2, 4, 3, 2, 4, 4, 4, 2, 1, 2, 3, 2]|[0, 2, 0, 0, 3, 0, 1, 3, 1, 0, 2, 0, 1, 0, 1, 0, 0, 0, 1, 0, 0, 2, 0, 0, 1, 0, 0, 3, 0, 1, 0, 2, 0, 0, 3, 0, 1, 1, 0, 0, 0, 0, 1, 3, 0, 0, 1, 0, 2, 0, 0, 0, 0, 0, 1, 0, 1, 0, 1, 1, 0, 2, 0, 0, 0, 0, 0, 0, 0, 2, 0, 0, 1, 0, 0, 1, 0, 0, 3, 0, 0, 1, 2, 2, 0, 0, 0, 3, 0, 1, 0, 0, 1, 3, 1, 0, 0, 0, 0, 0],910.6024065900936,48491.8951558845,107376.01945264004,false
50,G3_TWC,G3_TWC,[31, 22, 42, 15, 26, 58, 95, 82, 77, 12, 47, 5, 93, 78, 98, 54, 85, 63, 18, 44, 20, 35, 43, 97, 91, 76, 10, 30, 21, 45, 71, 64, 1, 23, 17, 83, 24, 61, 60, 36, 6, 57, 94, 88, 65, 56, 79, 40, 67, 68, 46, 75, 38, 9, 19, 32, 81, 41, 27, 62, 87, 90, 99, 59, 11, 16, 72, 73, 70, 39, 37, 84, 3, 92, 25, 74, 28, 29, 51, 7, 53, 14, 86, 48, 89, 50, 66, 96, 33, 80, 4, 8, 55, 49, 0, 52, 69, 2, 13, 34]|[1, 1, 0, 1, 1, 1, 2, 1, 2, 1, 2, 2, 2, 1, 1, 0, 0, 1, 0, 2, 2, 0, 1, 2, 0, 1, 2, 2, 0, 0, 1, 2, 1, 2, 1, 0, 2, 0, 1, 1, 0, 1, 1, 1, 0, 2, 1, 1, 0, 0, 0, 0, 1, 1, 2, 1, 2, 0, 0, 0, 2, 1, 0, 1, 2, 1, 2, 1, 1, 1, 1, 1, 2, 0, 1, 2, 0, 0, 0, 1, 0, 1, 0, 0, 1, 0, 0, 0, 2, 0, 0, 1, 1, 0, 0, 1, 1, 0, 0, 2]|[4, 3, 2, 2, 0, 0, 2, 2, 2, 4, 1, 1, 2, 4, 4, 1, 1, 4, 2, 1, 1, 1, 1, 2, 1, 2, 1, 1, 1, 1, 3, 2, 3, 0, 4, 0, 1, 1, 0, 3, 2, 2, 4, 0, 1, 1, 3, 2, 0, 1, 2, 2, 1, 4, 0, 3, 2, 1, 1, 2, 1, 3, 1, 1, 1, 3, 0, 4, 3, 1, 4, 1, 1, 2, 4, 1, 2, 1, 1, 3, 2, 3, 1, 1, 1, 1, 1, 1, 1, 1, 2, 3, 4, 1, 2, 1, 3, 2, 2, 1]|[0, 2, 1, 1, 3, 3, 0, 1, 0, 0, 0, 0, 1, 0, 1, 0, 0, 3, 1, 0, 0, 0, 3, 1, 0, 2, 0, 0, 0, 1, 0, 0, 0, 0, 3, 0, 1, 0, 0, 2, 1, 1, 2, 0, 0, 0, 0, 1, 1, 0, 0, 0, 1, 3, 0, 0, 1, 0, 0, 1, 0, 2, 0, 1, 0, 2, 1, 0, 0, 1, 1, 3, 0, 1, 3, 0, 1, 0, 0, 2, 1, 0, 0, 0, 1, 0, 0, 0, 0, 0, 1, 2, 3, 1, 0, 1, 0, 0, 0, 0],802.5281847645216,57652.86795409501,87938.17744329936,false
50,G1_CMAX,G1_CMAX,[31, 22, 90, 26, 58, 95, 42, 12, 93, 5, 78, 86, 98, 18, 20, 35, 3, 97, 91, 76, 10, 85, 54, 45, 63, 71, 66, 1, 23, 17, 24, 60, 36, 6, 57, 15, 65, 56, 47, 79, 94, 67, 50, 46, 14, 75, 38, 9, 30, 19, 32, 81, 27, 92, 83, 87, 40, 99, 59, 11, 53, 16, 72, 77, 73, 70, 39, 37, 84, 43, 62, 25, 55, 28, 29, 51, 68, 82, 74, 61, 88, 21, 80, 89, 7, 69, 96, 41, 48, 4, 8, 34, 49, 52, 0, 44, 13, 2, 64, 33]|[1, 1, 1, 1, 0, 2, 1, 1, 2, 2, 2, 1, 0, 1, 2, 2, 1, 2, 0, 1, 2, 2, 2, 0, 0, 1, 2, 1, 2, 1, 2, 1, 1, 0, 1, 1, 0, 2, 2, 1, 1, 0, 0, 0, 0, 1, 1, 1, 1, 2, 1, 2, 2, 0, 0, 2, 1, 0, 0, 2, 0, 1, 2, 2, 1, 1, 1, 1, 1, 1, 0, 1, 1, 0, 0, 0, 0, 0, 2, 1, 1, 0, 0, 1, 1, 1, 2, 2, 0, 1, 1, 2, 0, 1, 0, 0, 0, 0, 2, 2]|[0, 4, 3, 0, 1, 1, 2, 4, 1, 1, 2, 4, 1, 4, 1, 1, 1, 2, 2, 2, 2, 1, 1, 1, 2, 3, 2, 3, 0, 4, 1, 0, 3, 2, 2, 2, 1, 1, 1, 0, 2, 0, 1, 2, 1, 3, 1, 4, 2, 0, 3, 2, 1, 2, 1, 1, 4, 1, 1, 1, 2, 3, 0, 2, 4, 3, 1, 4, 1, 1, 1, 4, 4, 2, 1, 1, 1, 2, 1, 3, 0, 1, 1, 1, 1, 3, 1, 1, 1, 4, 3, 1, 1, 1, 2, 2, 2, 2, 1, 1]|[3, 0, 2, 3, 0, 0, 1, 0, 0, 0, 1, 0, 0, 3, 0, 0, 1, 1, 1, 2, 1, 0, 0, 0, 0, 0, 0, 0, 0, 3, 1, 0, 2, 1, 1, 1, 0, 0, 0, 0, 1, 1, 0, 0, 0, 0, 1, 3, 2, 0, 0, 1, 0, 1, 0, 0, 2, 0, 0, 0, 1, 2, 1, 1, 0, 0, 1, 1, 3, 3, 0, 3, 3, 1, 0, 0, 0, 1, 0, 0, 0, 0, 0, 1, 2, 2, 0, 0, 0, 0, 2, 0, 1, 1, 0, 0, 0, 0, 0, 0],705.0470749739228,58445.79123614564,95781.2895945797,false
50,G4_BALANCED,G2_TEC,[31, 22, 82, 15, 26, 9, 95, 42, 77, 68, 47, 5, 93, 78, 86, 54, 85, 63, 18, 44, 20, 49, 36, 14, 74, 50, 53, 17, 21, 28, 11, 64, 3, 23, 30, 83, 24, 41, 40, 52, 65, 27, 90, 70, 39, 87, 48, 69, 99, 4, 75, 1, 13, 58, 97, 59, 45, 8, 73, 37, 35, 79, 71, 66, 76, 32, 60, 80, 56, 6, 67, 61, 33, 7, 57, 34, 12, 16, 10, 98, 96, 88, 43, 38, 91, 2, 84, 29, 92, 19, 51, 55, 81, 89, 25, 72, 94, 46, 62, 0]|[2, 1, 2, 1, 1, 2, 1, 1, 1, 1, 1, 0, 2, 2, 1, 2, 0, 0, 0, 2, 2, 1, 0, 2, 0, 2, 2, 1, 0, 1, 1, 1, 0, 0, 1, 0, 2, 1, 2, 2, 0, 0, 1, 1, 0, 2, 0, 2, 1, 0, 0, 2, 0, 0, 2, 0, 1, 1, 0, 0, 2, 1, 1, 2, 2, 0, 2, 2, 2, 1, 2, 1, 1, 2, 0, 1, 1, 2, 1, 2, 0, 1, 1, 0, 1, 0, 0, 1, 0, 1, 1, 0, 1, 1, 1, 1, 2, 0, 1, 2]|[0, 3, 0, 3, 4, 1, 4, 4, 2, 4, 3, 2, 1, 0, 2, 1, 1, 1, 2, 1, 1, 3, 0, 1, 0, 1, 1, 4, 1, 4, 3, 2, 2, 0, 4, 1, 1, 4, 1, 1, 2, 1, 4, 4, 1, 1, 0, 1, 3, 2, 2, 1, 2, 1, 1, 2, 4, 3, 0, 2, 2, 3, 3, 1, 1, 2, 1, 1, 1, 4, 1, 3, 4, 1, 2, 4, 3, 1, 3, 1, 2, 4, 4, 2, 3, 2, 2, 3, 2, 4, 3, 2, 4, 4, 4, 4, 1, 2, 3, 1]|[0, 2, 0, 0, 3, 0, 1, 3, 0, 0, 2, 0, 1, 0, 1, 0, 0, 0, 1, 0, 0, 2, 0, 0, 1, 0, 0, 3, 0, 1, 0, 2, 0, 0, 3, 0, 1, 1, 0, 0, 0, 0, 1, 3, 0, 0, 1, 0, 2, 0, 0, 0, 0, 0, 1, 0, 1, 0, 1, 1, 0, 2, 0, 0, 0, 0, 0, 0, 0, 2, 0, 0, 1, 0, 0, 1, 0, 0, 3, 0, 0, 1, 2, 0, 0, 0, 0, 3, 0, 1, 0, 0, 2, 1, 3, 1, 0, 0, 0, 0],892.2309006783577,49175.95290618759,106430.85583910291,true
50,G2_TEC,G2_TEC,[31, 22, 82, 15, 26, 9, 95, 42, 77, 68, 47, 5, 93, 78, 86, 54, 85, 63, 18, 44, 20, 49, 36, 14, 74, 50, 53, 17, 21, 28, 11, 64, 3, 23, 30, 83, 24, 41, 40, 52, 65, 27, 90, 70, 39, 87, 48, 69, 99, 4, 75, 1, 13, 58, 97, 59, 45, 8, 73, 37, 35, 79, 71, 66, 76, 32, 60, 80, 56, 6, 67, 61, 33, 7, 57, 34, 12, 16, 10, 98, 96, 88, 43, 81, 91, 2, 84, 29, 92, 19, 51, 55, 89, 25, 72, 46, 94, 38, 62, 0]|[2, 1, 2, 1, 1, 2, 1, 1, 1, 1, 1, 0, 2, 2, 1, 2, 0, 0, 0, 2, 2, 1, 0, 2, 0, 2, 2, 1, 0, 1, 1, 1, 0, 0, 1, 0, 2, 1, 2, 2, 0, 0, 1, 1, 0, 2, 0, 2, 1, 0, 0, 2, 0, 2, 2, 0, 1, 1, 0, 0, 2, 1, 1, 2, 2, 0, 2, 2, 2, 1, 2, 1, 1, 2, 0, 1, 1, 2, 1, 2, 0, 1, 1, 1, 1, 0, 0, 1, 0, 1, 1, 0, 1, 1, 1, 0, 2, 0, 1, 0]|[0, 3, 0, 3, 4, 1, 4, 4, 4, 4, 3, 2, 1, 0, 2, 1, 1, 1, 2, 1, 1, 3, 0, 1, 0, 1, 1, 4, 1, 4, 3, 2, 2, 0, 4, 1, 1, 4, 1, 1, 2, 1, 4, 4, 1, 1, 0, 1, 3, 2, 2, 1, 2, 1, 1, 2, 4, 3, 0, 2, 1, 3, 3, 1, 1, 2, 1, 1, 1, 4, 1, 3, 4, 1, 2, 4, 3, 1, 3, 1, 2, 4, 4, 4, 3, 2, 2, 3, 2, 4, 3, 2, 4, 4, 4, 2, 1, 2, 3, 2]|[0, 2, 0, 0, 3, 0, 1, 3, 1, 0, 2, 0, 1, 0, 1, 0, 0, 0, 1, 0, 0, 2, 0, 0, 1, 0, 0, 3, 0, 1, 0, 2, 0, 0, 3, 0, 1, 1, 0, 0, 0, 0, 1, 3, 0, 0, 1, 0, 2, 0, 0, 0, 0, 0, 1, 0, 1, 0, 1, 1, 0, 2, 0, 0, 0, 0, 0, 0, 0, 2, 0, 0, 1, 0, 0, 1, 0, 0, 3, 0, 0, 1, 2, 2, 0, 0, 0, 3, 0, 1, 0, 0, 1, 3, 1, 0, 0, 0, 0, 0],910.6024065900936,48491.8951558845,107376.01945264004,false
50,G3_TWC,G3_TWC,[31, 22, 42, 15, 26, 58, 95, 82, 77, 12, 47, 5, 93, 78, 98, 54, 85, 63, 18, 44, 20, 35, 43, 97, 91, 76, 10, 30, 21, 45, 71, 64, 1, 23, 17, 83, 24, 61, 60, 36, 6, 57, 94, 88, 65, 56, 79, 40, 67, 68, 46, 75, 38, 9, 19, 32, 81, 41, 27, 62, 87, 90, 99, 59, 11, 16, 72, 73, 70, 39, 37, 84, 3, 92, 25, 74, 28, 29, 51, 7, 53, 14, 86, 48, 89, 50, 66, 96, 33, 80, 4, 8, 55, 49, 0, 52, 69, 2, 13, 34]|[1, 1, 0, 1, 1, 1, 2, 1, 2, 1, 2, 2, 2, 1, 1, 0, 0, 1, 0, 2, 2, 0, 1, 2, 0, 1, 2, 2, 0, 0, 1, 2, 1, 2, 1, 0, 2, 0, 1, 1, 0, 1, 1, 1, 0, 2, 1, 1, 0, 0, 0, 0, 1, 1, 2, 1, 2, 0, 0, 0, 2, 1, 0, 1, 2, 1, 2, 1, 1, 1, 1, 1, 2, 0, 1, 2, 0, 0, 0, 1, 0, 1, 0, 0, 1, 0, 0, 0, 2, 0, 0, 1, 1, 0, 0, 1, 1, 0, 0, 2]|[4, 3, 2, 2, 0, 0, 2, 2, 2, 4, 1, 1, 2, 4, 4, 1, 1, 4, 2, 1, 1, 1, 1, 2, 1, 2, 1, 1, 1, 1, 3, 2, 3, 0, 4, 0, 1, 1, 0, 3, 2, 2, 4, 0, 1, 1, 3, 2, 0, 1, 2, 2, 1, 4, 0, 3, 2, 1, 1, 2, 1, 3, 1, 1, 1, 3, 0, 4, 3, 1, 4, 1, 1, 2, 4, 1, 2, 1, 1, 3, 2, 3, 1, 1, 1, 1, 1, 1, 1, 1, 2, 3, 4, 1, 2, 1, 3, 2, 2, 1]|[0, 2, 1, 1, 3, 3, 0, 1, 0, 0, 0, 0, 1, 0, 1, 0, 0, 3, 1, 0, 0, 0, 3, 1, 0, 2, 0, 0, 0, 1, 0, 0, 0, 0, 3, 0, 1, 0, 0, 2, 1, 1, 2, 0, 0, 0, 0, 1, 1, 0, 0, 0, 1, 3, 0, 0, 1, 0, 0, 1, 0, 2, 0, 1, 0, 2, 1, 0, 0, 1, 1, 3, 0, 1, 3, 0, 1, 0, 0, 2, 1, 0, 0, 0, 1, 0, 0, 0, 0, 0, 1, 2, 3, 1, 0, 1, 0, 0, 0, 0],802.5281847645216,57652.86795409501,87938.17744329936,false
50,G1_CMAX,G1_CMAX,[31, 22, 90, 26, 58, 95, 42, 12, 93, 5, 78, 86, 98, 18, 20, 35, 3, 97, 91, 76, 10, 85, 54, 45, 63, 71, 66, 1, 23, 17, 24, 60, 36, 6, 57, 15, 65, 56, 47, 79, 94, 67, 50, 46, 14, 75, 38, 9, 30, 19, 32, 81, 27, 92, 83, 87, 40, 99, 59, 11, 53, 16, 72, 77, 73, 70, 39, 37, 84, 43, 62, 25, 55, 28, 29, 51, 68, 82, 74, 61, 88, 21, 80, 89, 7, 69, 96, 41, 48, 4, 8, 34, 49, 52, 0, 44, 13, 2, 64, 33]|[1, 1, 1, 1, 0, 2, 1, 1, 2, 2, 2, 1, 0, 1, 2, 2, 1, 2, 0, 1, 2, 2, 2, 0, 0, 1, 2, 1, 2, 1, 2, 1, 1, 0, 1, 1, 0, 2, 2, 1, 1, 0, 0, 0, 0, 1, 1, 1, 1, 2, 1, 2, 2, 0, 0, 2, 1, 0, 0, 2, 0, 1, 2, 2, 1, 1, 1, 1, 1, 1, 0, 1, 1, 0, 0, 0, 0, 0, 2, 1, 1, 0, 0, 1, 1, 1, 2, 2, 0, 1, 1, 2, 0, 1, 0, 0, 0, 0, 2, 2]|[0, 4, 3, 0, 1, 1, 2, 4, 1, 1, 2, 4, 1, 4, 1, 1, 1, 2, 2, 2, 2, 1, 1, 1, 2, 3, 2, 3, 0, 4, 1, 0, 3, 2, 2, 2, 1, 1, 1, 0, 2, 0, 1, 2, 1, 3, 1, 4, 2, 0, 3, 2, 1, 2, 1, 1, 4, 1, 1, 1, 2, 3, 0, 2, 4, 3, 1, 4, 1, 1, 1, 4, 4, 2, 1, 1, 1, 2, 1, 3, 0, 1, 1, 1, 1, 3, 1, 1, 1, 4, 3, 1, 1, 1, 2, 2, 2, 2, 1, 1]|[3, 0, 2, 3, 0, 0, 1, 0, 0, 0, 1, 0, 0, 3, 0, 0, 1, 1, 1, 2, 1, 0, 0, 0, 0, 0, 0, 0, 0, 3, 1, 0, 2, 1, 1, 1, 0, 0, 0, 0, 1, 1, 0, 0, 0, 0, 1, 3, 2, 0, 0, 1, 0, 1, 0, 0, 2, 0, 0, 0, 1, 2, 1, 1, 0, 0, 1, 1, 3, 3, 0, 3, 3, 1, 0, 0, 0, 1, 0, 0, 0, 0, 0, 1, 2, 2, 0, 0, 0, 0, 2, 0, 1, 1, 0, 0, 0, 0, 0, 0],705.0470749739228,58445.79123614564,95781.2895945797,false
50,G4_BALANCED,G2_TEC,[31, 22, 82, 15, 26, 9, 95, 42, 77, 68, 47, 5, 93, 78, 86, 54, 85, 63, 18, 44, 20, 49, 36, 14, 74, 50, 53, 17, 21, 28, 11, 64, 3, 23, 30, 83, 24, 41, 40, 52, 65, 27, 90, 70, 39, 87, 48, 69, 99, 4, 75, 1, 13, 58, 97, 59, 45, 8, 73, 37, 35, 79, 71, 66, 76, 32, 60, 80, 56, 6, 67, 61, 33, 7, 57, 34, 12, 16, 10, 98, 96, 88, 43, 38, 91, 2, 84, 29, 92, 19, 51, 55, 81, 89, 25, 72, 94, 46, 62, 0]|[2, 1, 2, 1, 1, 2, 1, 1, 1, 1, 1, 0, 2, 2, 1, 2, 0, 0, 0, 2, 2, 1, 0, 2, 0, 2, 2, 1, 0, 1, 1, 1, 0, 0, 1, 0, 2, 1, 2, 2, 0, 0, 1, 1, 0, 2, 0, 2, 1, 0, 0, 2, 0, 0, 2, 0, 1, 1, 0, 0, 2, 1, 1, 2, 2, 0, 2, 2, 2, 1, 2, 1, 1, 2, 0, 1, 1, 2, 1, 2, 0, 1, 1, 0, 1, 0, 0, 1, 0, 1, 1, 0, 1, 1, 1, 1, 2, 0, 1, 2]|[0, 3, 0, 3, 4, 1, 4, 4, 2, 4, 3, 2, 1, 0, 2, 1, 1, 1, 2, 1, 1, 3, 0, 1, 0, 1, 1, 4, 1, 4, 3, 2, 2, 0, 4, 1, 1, 4, 1, 1, 2, 1, 4, 4, 1, 1, 0, 1, 3, 2, 2, 1, 2, 1, 1, 2, 4, 3, 0, 2, 2, 3, 3, 1, 1, 2, 1, 1, 1, 4, 1, 3, 4, 1, 2, 4, 3, 1, 3, 1, 2, 4, 4, 2, 3, 2, 2, 3, 2, 4, 3, 2, 4, 4, 4, 4, 1, 2, 3, 1]|[0, 2, 0, 0, 3, 0, 1, 3, 0, 0, 2, 0, 1, 0, 1, 0, 0, 0, 1, 0, 0, 2, 0, 0, 1, 0, 0, 3, 0, 1, 0, 2, 0, 0, 3, 0, 1, 1, 0, 0, 0, 0, 1, 3, 0, 0, 1, 0, 2, 0, 0, 0, 0, 0, 1, 0, 1, 0, 1, 1, 0, 2, 0, 0, 0, 0, 0, 0, 0, 2, 0, 0, 1, 0, 0, 1, 0, 0, 3, 0, 0, 1, 2, 0, 0, 0, 0, 3, 0, 1, 0, 0, 2, 1, 3, 1, 0, 0, 0, 0],892.2309006783577,49175.95290618759,106430.85583910291,true
50,G2_TEC,G2_TEC,[31, 22, 82, 15, 26, 9, 95, 42, 77, 68, 47, 5, 93, 78, 86, 54, 85, 63, 18, 44, 20, 49, 36, 14, 74, 50, 53, 17, 21, 28, 11, 64, 3, 23, 30, 83, 24, 41, 40, 52, 65, 27, 90, 70, 39, 87, 48, 69, 99, 4, 75, 1, 13, 58, 97, 59, 45, 8, 73, 37, 35, 79, 71, 66, 76, 32, 60, 80, 56, 6, 67, 61, 33, 7, 57, 34, 12, 16, 10, 98, 96, 88, 43, 81, 91, 2, 84, 29, 92, 19, 51, 55, 89, 25, 72, 46, 94, 38, 62, 0]|[2, 1, 2, 1, 1, 2, 1, 1, 1, 1, 1, 0, 2, 2, 1, 2, 0, 0, 0, 2, 2, 1, 0, 2, 0, 2, 2, 1, 0, 1, 1, 1, 0, 0, 1, 0, 2, 1, 2, 2, 0, 0, 1, 1, 0, 2, 0, 2, 1, 0, 0, 2, 0, 2, 2, 0, 1, 1, 0, 0, 2, 1, 1, 2, 2, 0, 2, 2, 2, 1, 2, 1, 1, 2, 0, 1, 1, 2, 1, 2, 0, 1, 1, 1, 1, 0, 0, 1, 0, 1, 1, 0, 1, 1, 1, 0, 2, 0, 1, 0]|[0, 3, 0, 3, 4, 1, 4, 4, 4, 4, 3, 2, 1, 0, 2, 1, 1, 1, 2, 1, 1, 3, 0, 1, 0, 1, 1, 4, 1, 4, 3, 2, 2, 0, 4, 1, 1, 4, 1, 1, 2, 1, 4, 4, 1, 1, 0, 1, 3, 2, 2, 1, 2, 1, 1, 2, 4, 3, 0, 2, 1, 3, 3, 1, 1, 2, 1, 1, 1, 4, 1, 3, 4, 1, 2, 4, 3, 1, 3, 1, 2, 4, 4, 4, 3, 2, 2, 3, 2, 4, 3, 2, 4, 4, 4, 2, 1, 2, 3, 2]|[0, 2, 0, 0, 3, 0, 1, 3, 1, 0, 2, 0, 1, 0, 1, 0, 0, 0, 1, 0, 0, 2, 0, 0, 1, 0, 0, 3, 0, 1, 0, 2, 0, 0, 3, 0, 1, 1, 0, 0, 0, 0, 1, 3, 0, 0, 1, 0, 2, 0, 0, 0, 0, 0, 1, 0, 1, 0, 1, 1, 0, 2, 0, 0, 0, 0, 0, 0, 0, 2, 0, 0, 1, 0, 0, 1, 0, 0, 3, 0, 0, 1, 2, 2, 0, 0, 0, 3, 0, 1, 0, 0, 1, 3, 1, 0, 0, 0, 0, 0],910.6024065900936,48491.8951558845,107376.01945264004,false
50,G3_TWC,G3_TWC,[31, 22, 42, 15, 26, 58, 95, 82, 77, 12, 47, 5, 93, 78, 98, 54, 85, 63, 18, 44, 20, 35, 43, 97, 91, 76, 10, 30, 21, 45, 71, 64, 1, 23, 17, 83, 24, 61, 60, 36, 6, 57, 94, 88, 65, 56, 79, 40, 67, 68, 46, 75, 38, 9, 19, 32, 81, 41, 27, 62, 87, 90, 99, 59, 11, 16, 72, 73, 70, 39, 37, 84, 3, 92, 25, 74, 28, 29, 51, 7, 53, 14, 4, 66, 89, 50, 48, 96, 33, 80, 86, 8, 55, 49, 0, 52, 13, 2, 69, 34]|[1, 1, 0, 1, 1, 1, 2, 1, 2, 1, 2, 2, 2, 1, 1, 0, 0, 1, 0, 2, 2, 0, 1, 2, 0, 1, 2, 2, 0, 0, 1, 2, 1, 2, 1, 0, 2, 0, 1, 1, 0, 1, 1, 1, 0, 2, 1, 1, 0, 0, 0, 0, 1, 1, 2, 1, 2, 0, 0, 0, 2, 1, 0, 1, 2, 1, 2, 1, 1, 1, 1, 1, 2, 0, 1, 2, 0, 0, 0, 1, 0, 1, 0, 0, 1, 0, 0, 2, 2, 0, 0, 1, 2, 0, 0, 1, 0, 0, 1, 2]|[4, 3, 2, 2, 0, 0, 2, 2, 2, 4, 1, 1, 2, 4, 4, 1, 1, 4, 2, 1, 1, 1, 1, 2, 1, 2, 1, 1, 1, 1, 3, 2, 3, 0, 4, 0, 1, 1, 0, 3, 2, 2, 4, 0, 1, 1, 3, 2, 0, 1, 2, 2, 1, 4, 0, 3, 2, 1, 1, 2, 1, 3, 1, 1, 1, 3, 0, 4, 3, 1, 4, 1, 1, 2, 4, 1, 2, 1, 1, 3, 2, 3, 2, 1, 1, 1, 1, 1, 1, 1, 1, 3, 1, 1, 2, 1, 2, 2, 3, 1]|[0, 2, 1, 1, 3, 3, 0, 1, 0, 0, 0, 0, 1, 0, 1, 0, 0, 3, 1, 0, 0, 0, 3, 1, 0, 2, 0, 0, 0, 1, 0, 0, 0, 0, 3, 0, 1, 0, 0, 2, 1, 1, 2, 0, 0, 0, 0, 1, 1, 0, 0, 0, 1, 3, 0, 0, 1, 0, 0, 1, 0, 2, 0, 1, 0, 2, 1, 0, 0, 1, 1, 3, 0, 1, 3, 0, 1, 0, 0, 2, 1, 0, 1, 0, 1, 0, 0, 0, 0, 0, 0, 2, 0, 1, 0, 1, 0, 0, 0, 0],791.8229455294336,57327.228886108336,89546.110656062,false
50,G1_CMAX,G1_CMAX,[31, 22, 90, 26, 58, 95, 42, 12, 93, 5, 78, 86, 98, 18, 20, 35, 3, 97, 91, 76, 10, 85, 54, 45, 63, 71, 66, 1, 23, 17, 24, 60, 36, 6, 57, 15, 65, 56, 47, 79, 94, 67, 50, 46, 14, 75, 38, 9, 30, 19, 32, 81, 27, 92, 83, 87, 40, 99, 59, 11, 53, 16, 72, 77, 73, 70, 39, 37, 84, 43, 62, 25, 55, 28, 29, 51, 68, 82, 74, 61, 88, 21, 80, 89, 7, 69, 96, 41, 48, 4, 8, 34, 49, 52, 0, 44, 13, 2, 64, 33]|[1, 1, 1, 1, 0, 2, 1, 1, 2, 2, 2, 1, 0, 1, 2, 2, 1, 2, 0, 1, 2, 2, 2, 0, 0, 1, 2, 1, 2, 1, 2, 1, 1, 0, 1, 1, 0, 2, 2, 1, 1, 0, 0, 0, 0, 1, 1, 1, 1, 2, 1, 2, 2, 0, 0, 2, 1, 0, 0, 2, 0, 1, 2, 2, 1, 1, 1, 1, 1, 1, 0, 1, 1, 0, 0, 0, 0, 0, 2, 1, 1, 0, 0, 1, 1, 1, 2, 2, 0, 1, 1, 2, 0, 1, 0, 0, 0, 0, 2, 2]|[0, 4, 3, 0, 1, 1, 2, 4, 1, 1, 2, 4, 1, 4, 1, 1, 1, 2, 2, 2, 2, 1, 1, 1, 2, 3, 2, 3, 0, 4, 1, 0, 3, 2, 2, 2, 1, 1, 1, 0, 2, 0, 1, 2, 1, 3, 1, 4, 2, 0, 3, 2, 1, 2, 1, 1, 4, 1, 1, 1, 2, 3, 0, 2, 4, 3, 1, 4, 1, 1, 1, 4, 4, 2, 1, 1, 1, 2, 1, 3, 0, 1, 1, 1, 1, 3, 1, 1, 1, 4, 3, 1, 1, 1, 2, 2, 2, 2, 1, 1]|[3, 0, 2, 3, 0, 0, 1, 0, 0, 0, 1, 0, 0, 3, 0, 0, 1, 1, 1, 2, 1, 0, 0, 0, 0, 0, 0, 0, 0, 3, 1, 0, 2, 1, 1, 1, 0, 0, 0, 0, 1, 1, 0, 0, 0, 0, 1, 3, 2, 0, 0, 1, 0, 1, 0, 0, 2, 0, 0, 0, 1, 2, 1, 1, 0, 0, 1, 1, 3, 3, 0, 3, 3, 1, 0, 0, 0, 1, 0, 0, 0, 0, 0, 1, 2, 2, 0, 0, 0, 0, 2, 0, 1, 1, 0, 0, 0, 0, 0, 0],705.0470749739228,58445.79123614564,95781.2895945797,false
50,G4_BALANCED,G2_TEC,[31, 22, 82, 15, 26, 9, 95, 42, 77, 68, 47, 5, 93, 78, 86, 54, 85, 63, 18, 44, 20, 49, 36, 14, 74, 50, 53, 17, 21, 28, 11, 64, 3, 23, 30, 83, 24, 41, 40, 52, 65, 27, 90, 70, 39, 87, 48, 69, 99, 4, 75, 1, 13, 58, 97, 59, 45, 8, 73, 37, 35, 79, 71, 66, 76, 32, 60, 80, 56, 6, 67, 61, 33, 7, 57, 34, 12, 16, 10, 98, 96, 88, 43, 38, 91, 2, 84, 29, 92, 19, 51, 55, 81, 89, 25, 72, 94, 46, 62, 0]|[2, 1, 2, 1, 1, 2, 1, 1, 1, 1, 1, 0, 2, 2, 1, 2, 0, 0, 0, 2, 2, 1, 0, 2, 0, 2, 2, 1, 0, 1, 1, 1, 0, 0, 1, 0, 2, 1, 2, 2, 0, 0, 1, 1, 0, 2, 0, 2, 1, 0, 0, 2, 0, 0, 2, 0, 1, 1, 0, 0, 2, 1, 1, 2, 2, 0, 2, 2, 2, 1, 2, 1, 1, 2, 0, 1, 1, 2, 1, 2, 0, 1, 1, 0, 1, 0, 0, 1, 0, 1, 1, 0, 1, 1, 1, 1, 2, 0, 1, 2]|[0, 3, 0, 3, 4, 1, 4, 4, 2, 4, 3, 2, 1, 0, 2, 1, 1, 1, 2, 1, 1, 3, 0, 1, 0, 1, 1, 4, 1, 4, 3, 2, 2, 0, 4, 1, 1, 4, 1, 1, 2, 1, 4, 4, 1, 1, 0, 1, 3, 2, 2, 1, 2, 1, 1, 2, 4, 3, 0, 2, 2, 3, 3, 1, 1, 2, 1, 1, 1, 4, 1, 3, 4, 1, 2, 4, 3, 1, 3, 1, 2, 4, 4, 2, 3, 2, 2, 3, 2, 4, 3, 2, 4, 4, 4, 4, 1, 2, 3, 1]|[0, 2, 0, 0, 3, 0, 1, 3, 0, 0, 2, 0, 1, 0, 1, 0, 0, 0, 1, 0, 0, 2, 0, 0, 1, 0, 0, 3, 0, 1, 0, 2, 0, 0, 3, 0, 1, 1, 0, 0, 0, 0, 1, 3, 0, 0, 1, 0, 2, 0, 0, 0, 0, 0, 1, 0, 1, 0, 1, 1, 0, 2, 0, 0, 0, 0, 0, 0, 0, 2, 0, 0, 1, 0, 0, 1, 0, 0, 3, 0, 0, 1, 2, 0, 0, 0, 0, 3, 0, 1, 0, 0, 2, 1, 3, 1, 0, 0, 0, 0],892.2309006783577,49175.95290618759,106430.85583910291,true
50,G2_TEC,G2_TEC,[31, 22, 82, 15, 26, 9, 95, 42, 77, 68, 47, 5, 93, 78, 86, 54, 85, 63, 18, 44, 20, 49, 36, 14, 74, 50, 53, 17, 21, 28, 11, 64, 3, 23, 30, 83, 24, 41, 40, 52, 65, 27, 90, 70, 39, 87, 48, 69, 99, 4, 75, 1, 13, 58, 97, 59, 45, 8, 73, 37, 35, 79, 71, 66, 76, 32, 60, 80, 56, 6, 67, 61, 33, 7, 57, 34, 12, 16, 10, 98, 96, 88, 43, 81, 91, 2, 84, 29, 92, 19, 51, 55, 89, 25, 72, 46, 94, 38, 62, 0]|[2, 1, 2, 1, 1, 2, 1, 1, 1, 1, 1, 0, 2, 2, 1, 2, 0, 0, 0, 2, 2, 1, 0, 2, 0, 2, 2, 1, 0, 1, 1, 1, 0, 0, 1, 0, 2, 1, 2, 2, 0, 0, 1, 1, 0, 2, 0, 2, 1, 0, 0, 2, 0, 2, 2, 0, 1, 1, 0, 0, 2, 1, 1, 2, 2, 0, 2, 2, 2, 1, 2, 1, 1, 2, 0, 1, 1, 2, 1, 2, 0, 1, 1, 1, 1, 0, 0, 1, 0, 1, 1, 0, 1, 1, 1, 0, 2, 0, 1, 0]|[0, 3, 0, 3, 4, 1, 4, 4, 4, 4, 3, 2, 1, 0, 2, 1, 1, 1, 2, 1, 1, 3, 0, 1, 0, 1, 1, 4, 1, 4, 3, 2, 2, 0, 4, 1, 1, 4, 1, 1, 2, 1, 4, 4, 1, 1, 0, 1, 3, 2, 2, 1, 2, 1, 1, 2, 4, 3, 0, 2, 1, 3, 3, 1, 1, 2, 1, 1, 1, 4, 1, 3, 4, 1, 2, 4, 3, 1, 3, 1, 2, 4, 4, 4, 3, 2, 2, 3, 2, 4, 3, 2, 4, 4, 4, 2, 1, 2, 3, 2]|[0, 2, 0, 0, 3, 0, 1, 3, 1, 0, 2, 0, 1, 0, 1, 0, 0, 0, 1, 0, 0, 2, 0, 0, 1, 0, 0, 3, 0, 1, 0, 2, 0, 0, 3, 0, 1, 1, 0, 0, 0, 0, 1, 3, 0, 0, 1, 0, 2, 0, 0, 0, 0, 0, 1, 0, 1, 0, 1, 1, 0, 2, 0, 0, 0, 0, 0, 0, 0, 2, 0, 0, 1, 0, 0, 1, 0, 0, 3, 0, 0, 1, 2, 2, 0, 0, 0, 3, 0, 1, 0, 0, 1, 3, 1, 0, 0, 0, 0, 0],910.6024065900936,48491.8951558845,107376.01945264004,false
50,G3_TWC,G3_TWC,[31, 22, 42, 15, 26, 58, 95, 82, 77, 12, 47, 5, 93, 78, 98, 54, 85, 63, 18, 44, 20, 35, 43, 97, 91, 76, 10, 30, 21, 45, 71, 64, 1, 23, 17, 83, 24, 61, 60, 36, 6, 57, 94, 88, 65, 56, 79, 40, 67, 68, 46, 75, 38, 9, 19, 32, 81, 41, 27, 62, 87, 90, 99, 59, 11, 16, 72, 73, 70, 39, 37, 84, 3, 92, 25, 74, 28, 29, 51, 7, 53, 14, 4, 66, 89, 50, 48, 96, 33, 80, 86, 8, 55, 49, 0, 52, 13, 2, 69, 34]|[1, 1, 0, 1, 1, 1, 2, 1, 2, 1, 2, 2, 2, 1, 1, 0, 0, 1, 0, 2, 2, 0, 1, 2, 0, 1, 2, 2, 0, 0, 1, 2, 1, 2, 1, 0, 2, 0, 1, 1, 0, 1, 1, 1, 0, 2, 1, 1, 0, 0, 0, 0, 1, 1, 2, 1, 2, 0, 0, 0, 2, 1, 0, 1, 2, 1, 2, 1, 1, 1, 1, 1, 2, 0, 1, 2, 0, 0, 0, 1, 0, 1, 0, 0, 1, 0, 0, 2, 2, 0, 0, 1, 2, 0, 0, 1, 0, 0, 1, 2]|[4, 3, 2, 2, 0, 0, 2, 2, 2, 4, 1, 1, 2, 4, 4, 1, 1, 4, 2, 1, 1, 1, 1, 2, 1, 2, 1, 1, 1, 1, 3, 2, 3, 0, 4, 0, 1, 1, 0, 3, 2, 2, 4, 0, 1, 1, 3, 2, 0, 1, 2, 2, 1, 4, 0, 3, 2, 1, 1, 2, 1, 3, 1, 1, 1, 3, 0, 4, 3, 1, 4, 1, 1, 2, 4, 1, 2, 1, 1, 3, 2, 3, 2, 1, 1, 1, 1, 1, 1, 1, 1, 3, 1, 1, 2, 1, 2, 2, 3, 1]|[0, 2, 1, 1, 3, 3, 0, 1, 0, 0, 0, 0, 1, 0, 1, 0, 0, 3, 1, 0, 0, 0, 3, 1, 0, 2, 0, 0, 0, 1, 0, 0, 0, 0, 3, 0, 1, 0, 0, 2, 1, 1, 2, 0, 0, 0, 0, 1, 1, 0, 0, 0, 1, 3, 0, 0, 1, 0, 0, 1, 0, 2, 0, 1, 0, 2, 1, 0, 0, 1, 1, 3, 0, 1, 3, 0, 1, 0, 0, 2, 1, 0, 1, 0, 1, 0, 0, 0, 0, 0, 0, 2, 0, 1, 0, 1, 0, 0, 0, 0],791.8229455294336,57327.228886108336,89546.110656062,false
50,G1_CMAX,G1_CMAX,[31, 22, 90, 26, 58, 95, 42, 12, 93, 5, 78, 86, 98, 18, 20, 35, 3, 97, 91, 76, 10, 85, 54, 45, 63, 71, 66, 1, 23, 17, 24, 60, 36, 6, 57, 15, 65, 56, 47, 79, 94, 67, 50, 46, 14, 75, 38, 9, 30, 19, 32, 81, 27, 92, 83, 87, 40, 99, 59, 11, 53, 16, 72, 77, 73, 70, 39, 37, 84, 43, 62, 25, 55, 28, 29, 51, 68, 82, 74, 61, 88, 21, 80, 89, 7, 69, 96, 41, 48, 4, 8, 34, 49, 52, 0, 44, 13, 2, 64, 33]|[1, 1, 1, 1, 0, 2, 1, 1, 2, 2, 2, 1, 0, 1, 2, 2, 1, 2, 0, 1, 2, 2, 2, 0, 0, 1, 2, 1, 2, 1, 2, 1, 1, 0, 1, 1, 0, 2, 2, 1, 1, 0, 0, 0, 0, 1, 1, 1, 1, 2, 1, 2, 2, 0, 0, 2, 1, 0, 0, 2, 0, 1, 2, 2, 1, 1, 1, 1, 1, 1, 0, 1, 1, 0, 0, 0, 0, 0, 2, 1, 1, 0, 0, 1, 1, 1, 2, 2, 0, 1, 1, 2, 0, 1, 0, 0, 0, 0, 2, 2]|[0, 4, 3, 0, 1, 1, 2, 4, 1, 1, 2, 4, 1, 4, 1, 1, 1, 2, 2, 2, 2, 1, 1, 1, 2, 3, 2, 3, 0, 4, 1, 0, 3, 2, 2, 2, 1, 1, 1, 0, 2, 0, 1, 2, 1, 3, 1, 4, 2, 0, 3, 2, 1, 2, 1, 1, 4, 1, 1, 1, 2, 3, 0, 2, 4, 3, 1, 4, 1, 1, 1, 4, 4, 2, 1, 1, 1, 2, 1, 3, 0, 1, 1, 1, 1, 3, 1, 1, 1, 4, 3, 1, 1, 1, 2, 2, 2, 2, 1, 1]|[3, 0, 2, 3, 0, 0, 1, 0, 0, 0, 1, 0, 0, 3, 0, 0, 1, 1, 1, 2, 1, 0, 0, 0, 0, 0, 0, 0, 0, 3, 1, 0, 2, 1, 1, 1, 0, 0, 0, 0, 1, 1, 0, 0, 0, 0, 1, 3, 2, 0, 0, 1, 0, 1, 0, 0, 2, 0, 0, 0, 1, 2, 1, 1, 0, 0, 1, 1, 3, 3, 0, 3, 3, 1, 0, 0, 0, 1, 0, 0, 0, 0, 0, 1, 2, 2, 0, 0, 0, 0, 2, 0, 1, 1, 0, 0, 0, 0, 0, 0],705.0470749739228,58445.79123614564,95781.2895945797,false
50,G4_BALANCED,G2_TEC,[31, 22, 82, 15, 26, 9, 95, 42, 77, 68, 47, 5, 93, 78, 86, 54, 85, 63, 18, 44, 20, 49, 36, 14, 74, 50, 53, 17, 21, 28, 11, 64, 3, 23, 30, 83, 24, 41, 40, 52, 65, 27, 90, 70, 39, 87, 48, 69, 99, 4, 75, 1, 13, 58, 97, 59, 45, 8, 73, 37, 35, 79, 71, 66, 76, 32, 60, 80, 56, 6, 67, 61, 33, 7, 57, 34, 12, 16, 10, 98, 96, 88, 43, 38, 91, 2, 84, 29, 92, 19, 51, 55, 81, 89, 25, 72, 94, 46, 62, 0]|[2, 1, 2, 1, 1, 2, 1, 1, 1, 1, 1, 0, 2, 2, 1, 2, 0, 0, 0, 2, 2, 1, 0, 2, 0, 2, 2, 1, 0, 1, 1, 1, 0, 0, 1, 0, 2, 1, 2, 2, 0, 0, 1, 1, 0, 2, 0, 2, 1, 0, 0, 2, 0, 0, 2, 0, 1, 1, 0, 0, 2, 1, 1, 2, 2, 0, 2, 2, 2, 1, 2, 1, 1, 2, 0, 1, 1, 2, 1, 2, 0, 1, 1, 0, 1, 0, 0, 1, 0, 1, 1, 0, 1, 1, 1, 1, 2, 0, 1, 2]|[0, 3, 0, 3, 4, 1, 4, 4, 2, 4, 3, 2, 1, 0, 2, 1, 1, 1, 2, 1, 1, 3, 0, 1, 0, 1, 1, 4, 1, 4, 3, 2, 2, 0, 4, 1, 1, 4, 1, 1, 2, 1, 4, 4, 1, 1, 0, 1, 3, 2, 2, 1, 2, 1, 1, 2, 4, 3, 0, 2, 2, 3, 3, 1, 1, 2, 1, 1, 1, 4, 1, 3, 4, 1, 2, 4, 3, 1, 3, 1, 2, 4, 4, 2, 3, 2, 2, 3, 2, 4, 3, 2, 4, 4, 4, 4, 1, 2, 3, 1]|[0, 2, 0, 0, 3, 0, 1, 3, 0, 0, 2, 0, 1, 0, 1, 0, 0, 0, 1, 0, 0, 2, 0, 0, 1, 0, 0, 3, 0, 1, 0, 2, 0, 0, 3, 0, 1, 1, 0, 0, 0, 0, 1, 3, 0, 0, 1, 0, 2, 0, 0, 0, 0, 0, 1, 0, 1, 0, 1, 1, 0, 2, 0, 0, 0, 0, 0, 0, 0, 2, 0, 0, 1, 0, 0, 1, 0, 0, 3, 0, 0, 1, 2, 0, 0, 0, 0, 3, 0, 1, 0, 0, 2, 1, 3, 1, 0, 0, 0, 0],892.2309006783577,49175.95290618759,106430.85583910291,true
50,G2_TEC,G2_TEC,[31, 22, 82, 15, 26, 9, 95, 42, 77, 68, 47, 5, 93, 78, 86, 54, 85, 63, 18, 44, 20, 49, 36, 14, 74, 50, 53, 17, 21, 28, 11, 64, 3, 23, 30, 83, 24, 41, 40, 52, 65, 27, 90, 70, 39, 87, 48, 69, 99, 4, 75, 1, 13, 58, 97, 59, 45, 8, 73, 37, 35, 79, 71, 66, 76, 32, 60, 80, 56, 6, 67, 61, 33, 7, 57, 34, 12, 16, 10, 98, 96, 88, 43, 81, 91, 2, 84, 29, 92, 19, 51, 55, 89, 25, 72, 46, 94, 38, 62, 0]|[2, 1, 2, 1, 1, 2, 1, 1, 1, 1, 1, 0, 2, 2, 1, 2, 0, 0, 0, 2, 2, 1, 0, 2, 0, 2, 2, 1, 0, 1, 1, 1, 0, 0, 1, 0, 2, 1, 2, 2, 0, 0, 1, 1, 0, 2, 0, 2, 1, 0, 0, 2, 0, 2, 2, 0, 1, 1, 0, 0, 2, 1, 1, 2, 2, 0, 2, 2, 2, 1, 2, 1, 1, 2, 0, 1, 1, 2, 1, 2, 0, 1, 1, 1, 1, 0, 0, 1, 0, 1, 1, 0, 1, 1, 1, 0, 2, 0, 1, 0]|[0, 3, 0, 3, 4, 1, 4, 4, 4, 4, 3, 2, 1, 0, 2, 1, 1, 1, 2, 1, 1, 3, 0, 1, 0, 1, 1, 4, 1, 4, 3, 2, 2, 0, 4, 1, 1, 4, 1, 1, 2, 1, 4, 4, 1, 1, 0, 1, 3, 2, 2, 1, 2, 1, 1, 2, 4, 3, 0, 2, 1, 3, 3, 1, 1, 2, 1, 1, 1, 4, 1, 3, 4, 1, 2, 4, 3, 1, 3, 1, 2, 4, 4, 4, 3, 2, 2, 3, 2, 4, 3, 2, 4, 4, 4, 2, 1, 2, 3, 2]|[0, 2, 0, 0, 3, 0, 1, 3, 1, 0, 2, 0, 1, 0, 1, 0, 0, 0, 1, 0, 0, 2, 0, 0, 1, 0, 0, 3, 0, 1, 0, 2, 0, 0, 3, 0, 1, 1, 0, 0, 0, 0, 1, 3, 0, 0, 1, 0, 2, 0, 0, 0, 0, 0, 1, 0, 1, 0, 1, 1, 0, 2, 0, 0, 0, 0, 0, 0, 0, 2, 0, 0, 1, 0, 0, 1, 0, 0, 3, 0, 0, 1, 2, 2, 0, 0, 0, 3, 0, 1, 0, 0, 1, 3, 1, 0, 0, 0, 0, 0],910.6024065900936,48491.8951558845,107376.01945264004,false
50,G3_TWC,G3_TWC,[31, 22, 42, 15, 26, 58, 95, 82, 77, 12, 47, 5, 93, 78, 98, 54, 85, 63, 18, 44, 20, 35, 43, 97, 91, 76, 10, 30, 21, 45, 71, 64, 1, 23, 17, 83, 24, 61, 60, 36, 6, 57, 94, 88, 65, 56, 79, 40, 67, 68, 46, 75, 38, 9, 19, 32, 81, 41, 27, 62, 87, 90, 99, 59, 11, 16, 72, 73, 70, 39, 37, 84, 3, 92, 25, 74, 28, 29, 51, 7, 53, 14, 4, 66, 89, 50, 48, 96, 33, 80, 86, 8, 55, 49, 0, 52, 13, 2, 69, 34]|[1, 1, 0, 1, 1, 1, 2, 1, 2, 1, 2, 2, 2, 1, 1, 0, 0, 1, 0, 2, 2, 0, 1, 2, 0, 1, 2, 2, 0, 0, 1, 2, 1, 2, 1, 0, 2, 0, 1, 1, 0, 1, 1, 1, 0, 2, 1, 1, 0, 0, 0, 0, 1, 1, 2, 1, 2, 0, 0, 0, 2, 1, 0, 1, 2, 1, 2, 1, 1, 1, 1, 1, 2, 0, 1, 2, 0, 0, 0, 1, 0, 1, 0, 0, 1, 0, 0, 2, 2, 0, 0, 1, 2, 0, 0, 1, 0, 0, 1, 2]|[4, 3, 2, 2, 0, 0, 2, 2, 2, 4, 1, 1, 2, 4, 4, 1, 1, 4, 2, 1, 1, 1, 1, 2, 1, 2, 1, 1, 1, 1, 3, 2, 3, 0, 4, 0, 1, 1, 0, 3, 2, 2, 4, 0, 1, 1, 3, 2, 0, 1, 2, 2, 1, 4, 0, 3, 2, 1, 1, 2, 1, 3, 1, 1, 1, 3, 0, 4, 3, 1, 4, 1, 1, 2, 4, 1, 2, 1, 1, 3, 2, 3, 2, 1, 1, 1, 1, 1, 1, 1, 1, 3, 1, 1, 2, 1, 2, 2, 3, 1]|[0, 2, 1, 1, 3, 3, 0, 1, 0, 0, 0, 0, 1, 0, 1, 0, 0, 3, 1, 0, 0, 0, 3, 1, 0, 2, 0, 0, 0, 1, 0, 0, 0, 0, 3, 0, 1, 0, 0, 2, 1, 1, 2, 0, 0, 0, 0, 1, 1, 0, 0, 0, 1, 3, 0, 0, 1, 0, 0, 1, 0, 2, 0, 1, 0, 2, 1, 0, 0, 1, 1, 3, 0, 1, 3, 0, 1, 0, 0, 2, 1, 0, 1, 0, 1, 0, 0, 0, 0, 0, 0, 2, 0, 1, 0, 1, 0, 0, 0, 0],791.8229455294336,57327.228886108336,89546.110656062,false
50,G1_CMAX,G1_CMAX,[31, 22, 90, 26, 58, 95, 42, 12, 93, 5, 78, 86, 98, 18, 20, 35, 3, 97, 91, 76, 10, 85, 54, 45, 63, 71, 66, 1, 23, 17, 24, 60, 36, 6, 57, 15, 65, 56, 47, 79, 94, 67, 50, 46, 14, 75, 38, 9, 30, 19, 32, 81, 27, 92, 83, 87, 40, 99, 59, 11, 53, 16, 72, 77, 73, 70, 39, 37, 84, 43, 62, 25, 55, 28, 29, 51, 68, 82, 74, 61, 88, 21, 80, 89, 7, 69, 96, 41, 48, 4, 8, 34, 49, 52, 0, 44, 13, 2, 64, 33]|[1, 1, 1, 1, 0, 2, 1, 1, 2, 2, 2, 1, 0, 1, 2, 2, 1, 2, 0, 1, 2, 2, 2, 0, 0, 1, 2, 1, 2, 1, 2, 1, 1, 0, 1, 1, 0, 2, 2, 1, 1, 0, 0, 0, 0, 1, 1, 1, 1, 2, 1, 2, 2, 0, 0, 2, 1, 0, 0, 2, 0, 1, 2, 2, 1, 1, 1, 1, 1, 1, 0, 1, 1, 0, 0, 0, 0, 0, 2, 1, 1, 0, 0, 1, 1, 1, 2, 2, 0, 1, 1, 2, 0, 1, 0, 0, 0, 0, 2, 2]|[0, 4, 3, 0, 1, 1, 2, 4, 1, 1, 2, 4, 1, 4, 1, 1, 1, 2, 2, 2, 2, 1, 1, 1, 2, 3, 2, 3, 0, 4, 1, 0, 3, 2, 2, 2, 1, 1, 1, 0, 2, 0, 1, 2, 1, 3, 1, 4, 2, 0, 3, 2, 1, 2, 1, 1, 4, 1, 1, 1, 2, 3, 0, 2, 4, 3, 1, 4, 1, 1, 1, 4, 4, 2, 1, 1, 1, 2, 1, 3, 0, 1, 1, 1, 1, 3, 1, 1, 1, 4, 3, 1, 1, 1, 2, 2, 2, 2, 1, 1]|[3, 0, 2, 3, 0, 0, 1, 0, 0, 0, 1, 0, 0, 3, 0, 0, 1, 1, 1, 2, 1, 0, 0, 0, 0, 0, 0, 0, 0, 3, 1, 0, 2, 1, 1, 1, 0, 0, 0, 0, 1, 1, 0, 0, 0, 0, 1, 3, 2, 0, 0, 1, 0, 1, 0, 0, 2, 0, 0, 0, 1, 2, 1, 1, 0, 0, 1, 1, 3, 3, 0, 3, 3, 1, 0, 0, 0, 1, 0, 0, 0, 0, 0, 1, 2, 2, 0, 0, 0, 0, 2, 0, 1, 1, 0, 0, 0, 0, 0, 0],705.0470749739228,58445.79123614564,95781.2895945797,false
50,G4_BALANCED,G2_TEC,[31, 22, 82, 15, 26, 9, 95, 42, 77, 68, 47, 5, 93, 78, 86, 54, 85, 63, 18, 44, 20, 49, 36, 14, 74, 50, 53, 17, 21, 28, 11, 64, 3, 23, 30, 83, 24, 41, 40, 52, 65, 27, 90, 70, 39, 87, 48, 69, 99, 4, 75, 1, 13, 58, 97, 59, 45, 8, 73, 37, 35, 79, 71, 66, 76, 32, 60, 80, 56, 6, 67, 61, 33, 7, 57, 34, 12, 16, 10, 98, 96, 88, 43, 38, 91, 2, 84, 29, 92, 19, 51, 55, 81, 89, 25, 72, 94, 46, 62, 0]|[2, 1, 2, 1, 1, 2, 1, 1, 1, 1, 1, 0, 2, 2, 1, 2, 0, 0, 0, 2, 2, 1, 0, 2, 0, 2, 2, 1, 0, 1, 1, 1, 0, 0, 1, 0, 2, 1, 2, 2, 0, 0, 1, 1, 0, 2, 0, 2, 1, 0, 0, 2, 0, 0, 2, 0, 1, 1, 0, 0, 2, 1, 1, 2, 2, 0, 2, 2, 2, 1, 2, 1, 1, 2, 0, 1, 1, 2, 1, 2, 0, 1, 1, 0, 1, 0, 0, 1, 0, 1, 1, 0, 1, 1, 1, 1, 2, 0, 1, 2]|[0, 3, 0, 3, 4, 1, 4, 4, 2, 4, 3, 2, 1, 0, 2, 1, 1, 1, 2, 1, 1, 3, 0, 1, 0, 1, 1, 4, 1, 4, 3, 2, 2, 0, 4, 1, 1, 4, 1, 1, 2, 1, 4, 4, 1, 1, 0, 1, 3, 2, 2, 1, 2, 1, 1, 2, 4, 3, 0, 2, 2, 3, 3, 1, 1, 2, 1, 1, 1, 4, 1, 3, 4, 1, 2, 4, 3, 1, 3, 1, 2, 4, 4, 2, 3, 2, 2, 3, 2, 4, 3, 2, 4, 4, 4, 4, 1, 2, 3, 1]|[0, 2, 0, 0, 3, 0, 1, 3, 0, 0, 2, 0, 1, 0, 1, 0, 0, 0, 1, 0, 0, 2, 0, 0, 1, 0, 0, 3, 0, 1, 0, 2, 0, 0, 3, 0, 1, 1, 0, 0, 0, 0, 1, 3, 0, 0, 1, 0, 2, 0, 0, 0, 0, 0, 1, 0, 1, 0, 1, 1, 0, 2, 0, 0, 0, 0, 0, 0, 0, 2, 0, 0, 1, 0, 0, 1, 0, 0, 3, 0, 0, 1, 2, 0, 0, 0, 0, 3, 0, 1, 0, 0, 2, 1, 3, 1, 0, 0, 0, 0],892.2309006783577,49175.95290618759,106430.85583910291,true
50,G2_TEC,G2_TEC,[31, 22, 82, 15, 26, 9, 95, 42, 77, 68, 47, 5, 93, 78, 86, 54, 85, 63, 18, 44, 20, 49, 36, 14, 74, 50, 53, 17, 21, 28, 11, 64, 3, 23, 30, 83, 24, 41, 40, 52, 65, 27, 90, 70, 39, 87, 48, 69, 99, 4, 75, 1, 13, 58, 97, 59, 45, 8, 73, 37, 35, 79, 71, 66, 76, 32, 60, 80, 56, 6, 67, 61, 33, 7, 57, 34, 12, 16, 10, 98, 96, 88, 43, 81, 91, 2, 84, 29, 92, 19, 51, 55, 89, 25, 72, 46, 94, 38, 62, 0]|[2, 1, 2, 1, 1, 2, 1, 1, 1, 1, 1, 0, 2, 2, 1, 2, 0, 0, 0, 2, 2, 1, 0, 2, 0, 2, 2, 1, 0, 1, 1, 1, 0, 0, 1, 0, 2, 1, 2, 2, 0, 0, 1, 1, 0, 2, 0, 2, 1, 0, 0, 2, 0, 2, 2, 0, 1, 1, 0, 0, 2, 1, 1, 2, 2, 0, 2, 2, 2, 1, 2, 1, 1, 2, 0, 1, 1, 2, 1, 2, 0, 1, 1, 1, 1, 0, 0, 1, 0, 1, 1, 0, 1, 1, 1, 0, 2, 0, 1, 0]|[0, 3, 0, 3, 4, 1, 4, 4, 4, 4, 3, 2, 1, 0, 2, 1, 1, 1, 2, 1, 1, 3, 0, 1, 0, 1, 1, 4, 1, 4, 3, 2, 2, 0, 4, 1, 1, 4, 1, 1, 2, 1, 4, 4, 1, 1, 0, 1, 3, 2, 2, 1, 2, 1, 1, 2, 4, 3, 0, 2, 1, 3, 3, 1, 1, 2, 1, 1, 1, 4, 1, 3, 4, 1, 2, 4, 3, 1, 3, 1, 2, 4, 4, 4, 3, 2, 2, 3, 2, 4, 3, 2, 4, 4, 4, 2, 1, 2, 3, 2]|[0, 2, 0, 0, 3, 0, 1, 3, 1, 0, 2, 0, 1, 0, 1, 0, 0, 0, 1, 0, 0, 2, 0, 0, 1, 0, 0, 3, 0, 1, 0, 2, 0, 0, 3, 0, 1, 1, 0, 0, 0, 0, 1, 3, 0, 0, 1, 0, 2, 0, 0, 0, 0, 0, 1, 0, 1, 0, 1, 1, 0, 2, 0, 0, 0, 0, 0, 0, 0, 2, 0, 0, 1, 0, 0, 1, 0, 0, 3, 0, 0, 1, 2, 2, 0, 0, 0, 3, 0, 1, 0, 0, 1, 3, 1, 0, 0, 0, 0, 0],910.6024065900936,48491.8951558845,107376.01945264004,false
50,G3_TWC,G3_TWC,[31, 22, 42, 15, 26, 58, 95, 82, 77, 12, 47, 5, 93, 78, 98, 54, 85, 63, 18, 44, 20, 35, 43, 97, 91, 76, 10, 30, 21, 45, 71, 64, 1, 23, 17, 83, 24, 61, 60, 36, 6, 57, 94, 88, 65, 56, 79, 40, 67, 68, 46, 75, 38, 9, 19, 32, 81, 41, 27, 62, 87, 90, 99, 59, 11, 16, 72, 73, 70, 39, 37, 84, 3, 92, 25, 74, 28, 29, 51, 7, 53, 14, 4, 66, 89, 50, 48, 96, 33, 80, 86, 8, 55, 49, 0, 52, 13, 2, 69, 34]|[1, 1, 0, 1, 1, 1, 2, 1, 2, 1, 2, 2, 2, 1, 1, 0, 0, 1, 0, 2, 2, 0, 1, 2, 0, 1, 2, 2, 0, 0, 1, 2, 1, 2, 1, 0, 2, 0, 1, 1, 0, 1, 1, 1, 0, 2, 1, 1, 0, 0, 0, 0, 1, 1, 2, 1, 2, 0, 0, 0, 2, 1, 0, 1, 2, 1, 2, 1, 1, 1, 1, 1, 2, 0, 1, 2, 0, 0, 0, 1, 0, 1, 0, 0, 1, 0, 0, 2, 2, 0, 0, 1, 2, 0, 0, 1, 0, 0, 1, 2]|[4, 3, 2, 2, 0, 0, 2, 2, 2, 4, 1, 1, 2, 4, 4, 1, 1, 4, 2, 1, 1, 1, 1, 2, 1, 2, 1, 1, 1, 1, 3, 2, 3, 0, 4, 0, 1, 1, 0, 3, 2, 2, 4, 0, 1, 1, 3, 2, 0, 1, 2, 2, 1, 4, 0, 3, 2, 1, 1, 2, 1, 3, 1, 1, 1, 3, 0, 4, 3, 1, 4, 1, 1, 2, 4, 1, 2, 1, 1, 3, 2, 3, 2, 1, 1, 1, 1, 1, 1, 1, 1, 3, 1, 1, 2, 1, 2, 2, 3, 1]|[0, 2, 1, 1, 3, 3, 0, 1, 0, 0, 0, 0, 1, 0, 1, 0, 0, 3, 1, 0, 0, 0, 3, 1, 0, 2, 0, 0, 0, 1, 0, 0, 0, 0, 3, 0, 1, 0, 0, 2, 1, 1, 2, 0, 0, 0, 0, 1, 1, 0, 0, 0, 1, 3, 0, 0, 1, 0, 0, 1, 0, 2, 0, 1, 0, 2, 1, 0, 0, 1, 1, 3, 0, 1, 3, 0, 1, 0, 0, 2, 1, 0, 1, 0, 1, 0, 0, 0, 0, 0, 0, 2, 0, 1, 0, 1, 0, 0, 0, 0],791.8229455294336,57327.228886108336,89546.110656062,false
50,G1_CMAX,G1_CMAX,[31, 22, 90, 26, 58, 95, 42, 12, 93, 5, 78, 86, 98, 18, 20, 35, 3, 97, 91, 76, 10, 85, 54, 45, 63, 71, 66, 1, 23, 17, 24, 60, 36, 6, 57, 15, 65, 56, 47, 79, 94, 67, 50, 46, 14, 75, 38, 9, 30, 19, 32, 81, 27, 92, 83, 87, 40, 99, 59, 11, 53, 16, 72, 77, 73, 70, 39, 37, 84, 43, 62, 25, 55, 28, 29, 51, 68, 82, 74, 61, 88, 21, 80, 89, 7, 69, 96, 41, 48, 4, 8, 34, 49, 52, 0, 44, 13, 2, 64, 33]|[1, 1, 1, 1, 0, 2, 1, 1, 2, 2, 2, 1, 0, 1, 2, 2, 1, 2, 0, 1, 2, 2, 2, 0, 0, 1, 2, 1, 2, 1, 2, 1, 1, 0, 1, 1, 0, 2, 2, 1, 1, 0, 0, 0, 0, 1, 1, 1, 1, 2, 1, 2, 2, 0, 0, 2, 1, 0, 0, 2, 0, 1, 2, 2, 1, 1, 1, 1, 1, 1, 0, 1, 1, 0, 0, 0, 0, 0, 2, 1, 1, 0, 0, 1, 1, 1, 2, 2, 0, 1, 1, 2, 0, 1, 0, 0, 0, 0, 2, 2]|[0, 4, 3, 0, 1, 1, 2, 4, 1, 1, 2, 4, 1, 4, 1, 1, 1, 2, 2, 2, 2, 1, 1, 1, 2, 3, 2, 3, 0, 4, 1, 0, 3, 2, 2, 2, 1, 1, 1, 0, 2, 0, 1, 2, 1, 3, 1, 4, 2, 0, 3, 2, 1, 2, 1, 1, 4, 1, 1, 1, 2, 3, 0, 2, 4, 3, 1, 4, 1, 1, 1, 4, 4, 2, 1, 1, 1, 2, 1, 3, 0, 1, 1, 1, 1, 3, 1, 1, 1, 4, 3, 1, 1, 1, 2, 2, 2, 2, 1, 1]|[3, 0, 2, 3, 0, 0, 1, 0, 0, 0, 1, 0, 0, 3, 0, 0, 1, 1, 1, 2, 1, 0, 0, 0, 0, 0, 0, 0, 0, 3, 1, 0, 2, 1, 1, 1, 0, 0, 0, 0, 1, 1, 0, 0, 0, 0, 1, 3, 2, 0, 0, 1, 0, 1, 0, 0, 2, 0, 0, 0, 1, 2, 1, 1, 0, 0, 1, 1, 3, 3, 0, 3, 3, 1, 0, 0, 0, 1, 0, 0, 0, 0, 0, 1, 2, 2, 0, 0, 0, 0, 2, 0, 1, 1, 0, 0, 0, 0, 0, 0],705.0470749739228,58445.79123614564,95781.2895945797,false
50,G4_BALANCED,G2_TEC,[31, 22, 82, 15, 26, 9, 95, 42, 77, 68, 47, 5, 93, 78, 86, 54, 85, 63, 18, 44, 20, 49, 36, 14, 74, 50, 53, 17, 21, 28, 11, 64, 3, 23, 30, 83, 24, 41, 40, 52, 65, 27, 90, 70, 39, 87, 48, 69, 99, 4, 75, 1, 13, 58, 97, 59, 45, 8, 73, 37, 35, 79, 71, 66, 76, 32, 60, 80, 56, 6, 67, 61, 33, 7, 57, 34, 12, 16, 10, 98, 96, 88, 43, 38, 91, 2, 84, 29, 92, 19, 51, 55, 81, 89, 25, 72, 94, 46, 62, 0]|[2, 1, 2, 1, 1, 2, 1, 1, 1, 1, 1, 0, 2, 2, 1, 2, 0, 0, 0, 2, 2, 1, 0, 2, 0, 2, 2, 1, 0, 1, 1, 1, 0, 0, 1, 0, 2, 1, 2, 2, 0, 0, 1, 1, 0, 2, 0, 2, 1, 0, 0, 2, 0, 0, 2, 0, 1, 1, 0, 0, 2, 1, 1, 2, 2, 0, 2, 2, 2, 1, 2, 1, 1, 2, 0, 1, 1, 2, 1, 2, 0, 1, 1, 0, 1, 0, 0, 1, 0, 1, 1, 0, 1, 1, 1, 1, 2, 0, 1, 2]|[0, 3, 0, 3, 4, 1, 4, 4, 2, 4, 3, 2, 1, 0, 2, 1, 1, 1, 2, 1, 1, 3, 0, 1, 0, 1, 1, 4, 1, 4, 3, 2, 2, 0, 4, 1, 1, 4, 1, 1, 2, 1, 4, 4, 1, 1, 0, 1, 3, 2, 2, 1, 2, 1, 1, 2, 4, 3, 0, 2, 2, 3, 3, 1, 1, 2, 1, 1, 1, 4, 1, 3, 4, 1, 2, 4, 3, 1, 3, 1, 2, 4, 4, 2, 3, 2, 2, 3, 2, 4, 3, 2, 4, 4, 4, 4, 1, 2, 3, 1]|[0, 2, 0, 0, 3, 0, 1, 3, 0, 0, 2, 0, 1, 0, 1, 0, 0, 0, 1, 0, 0, 2, 0, 0, 1, 0, 0, 3, 0, 1, 0, 2, 0, 0, 3, 0, 1, 1, 0, 0, 0, 0, 1, 3, 0, 0, 1, 0, 2, 0, 0, 0, 0, 0, 1, 0, 1, 0, 1, 1, 0, 2, 0, 0, 0, 0, 0, 0, 0, 2, 0, 0, 1, 0, 0, 1, 0, 0, 3, 0, 0, 1, 2, 0, 0, 0, 0, 3, 0, 1, 0, 0, 2, 1, 3, 1, 0, 0, 0, 0],892.2309006783577,49175.95290618759,106430.85583910291,true
50,G2_TEC,G2_TEC,[31, 22, 82, 15, 26, 9, 95, 42, 77, 68, 47, 5, 93, 78, 86, 54, 85, 63, 18, 44, 20, 49, 36, 14, 74, 50, 53, 17, 21, 28, 11, 64, 3, 23, 30, 83, 24, 41, 40, 52, 65, 27, 90, 70, 39, 87, 48, 69, 99, 4, 75, 1, 13, 58, 97, 59, 45, 8, 73, 37, 35, 79, 71, 66, 76, 32, 60, 80, 56, 6, 67, 61, 33, 7, 57, 34, 12, 16, 10, 98, 96, 88, 43, 81, 91, 2, 84, 29, 92, 19, 51, 55, 89, 25, 72, 46, 94, 38, 62, 0]|[2, 1, 2, 1, 1, 2, 1, 1, 1, 1, 1, 0, 2, 2, 1, 2, 0, 0, 0, 2, 2, 1, 0, 2, 0, 2, 2, 1, 0, 1, 1, 1, 0, 0, 1, 0, 2, 1, 2, 2, 0, 0, 1, 1, 0, 2, 0, 2, 1, 0, 0, 2, 0, 2, 2, 0, 1, 1, 0, 0, 2, 1, 1, 2, 2, 0, 2, 2, 2, 1, 2, 1, 1, 2, 0, 1, 1, 2, 1, 2, 0, 1, 1, 1, 1, 0, 0, 1, 0, 1, 1, 0, 1, 1, 1, 0, 2, 0, 1, 0]|[0, 3, 0, 3, 4, 1, 4, 4, 4, 4, 3, 2, 1, 0, 2, 1, 1, 1, 2, 1, 1, 3, 0, 1, 0, 1, 1, 4, 1, 4, 3, 2, 2, 0, 4, 1, 1, 4, 1, 1, 2, 1, 4, 4, 1, 1, 0, 1, 3, 2, 2, 1, 2, 1, 1, 2, 4, 3, 0, 2, 1, 3, 3, 1, 1, 2, 1, 1, 1, 4, 1, 3, 4, 1, 2, 4, 3, 1, 3, 1, 2, 4, 4, 4, 3, 2, 2, 3, 2, 4, 3, 2, 4, 4, 4, 2, 1, 2, 3, 2]|[0, 2, 0, 0, 3, 0, 1, 3, 1, 0, 2, 0, 1, 0, 1, 0, 0, 0, 1, 0, 0, 2, 0, 0, 1, 0, 0, 3, 0, 1, 0, 2, 0, 0, 3, 0, 1, 1, 0, 0, 0, 0, 1, 3, 0, 0, 1, 0, 2, 0, 0, 0, 0, 0, 1, 0, 1, 0, 1, 1, 0, 2, 0, 0, 0, 0, 0, 0, 0, 2, 0, 0, 1, 0, 0, 1, 0, 0, 3, 0, 0, 1, 2, 2, 0, 0, 0, 3, 0, 1, 0, 0, 1, 3, 1, 0, 0, 0, 0, 0],910.6024065900936,48491.8951558845,107376.01945264004,false
50,G3_TWC,G3_TWC,[31, 22, 42, 15, 26, 58, 95, 82, 77, 12, 47, 5, 93, 78, 98, 54, 85, 63, 18, 44, 20, 35, 43, 97, 91, 76, 10, 30, 21, 45, 71, 64, 1, 23, 17, 83, 24, 61, 60, 36, 6, 57, 94, 88, 65, 56, 79, 40, 67, 68, 46, 75, 38, 9, 19, 32, 81, 41, 27, 62, 87, 90, 99, 59, 11, 16, 72, 73, 70, 39, 37, 84, 3, 92, 25, 74, 28, 29, 51, 7, 53, 14, 4, 66, 89, 50, 48, 96, 33, 80, 86, 8, 55, 49, 0, 52, 13, 2, 69, 34]|[1, 1, 0, 1, 1, 1, 2, 1, 2, 1, 2, 2, 2, 1, 1, 0, 0, 1, 0, 2, 2, 0, 1, 2, 0, 1, 2, 2, 0, 0, 1, 2, 1, 2, 1, 0, 2, 0, 1, 1, 0, 1, 1, 1, 0, 2, 1, 1, 0, 0, 0, 0, 1, 1, 2, 1, 2, 0, 0, 0, 2, 1, 0, 1, 2, 1, 2, 1, 1, 1, 1, 1, 2, 0, 1, 2, 0, 0, 0, 1, 0, 1, 0, 0, 1, 0, 0, 2, 2, 0, 0, 1, 2, 0, 0, 1, 0, 0, 1, 2]|[4, 3, 2, 2, 0, 0, 2, 2, 2, 4, 1, 1, 2, 4, 4, 1, 1, 4, 2, 1, 1, 1, 1, 2, 1, 2, 1, 1, 1, 1, 3, 2, 3, 0, 4, 0, 1, 1, 0, 3, 2, 2, 4, 0, 1, 1, 3, 2, 0, 1, 2, 2, 1, 4, 0, 3, 2, 1, 1, 2, 1, 3, 1, 1, 1, 3, 0, 4, 3, 1, 4, 1, 1, 2, 4, 1, 2, 1, 1, 3, 2, 3, 2, 1, 1, 1, 1, 1, 1, 1, 1, 3, 1, 1, 2, 1, 2, 2, 3, 1]|[0, 2, 1, 1, 3, 3, 0, 1, 0, 0, 0, 0, 1, 0, 1, 0, 0, 3, 1, 0, 0, 0, 3, 1, 0, 2, 0, 0, 0, 1, 0, 0, 0, 0, 3, 0, 1, 0, 0, 2, 1, 1, 2, 0, 0, 0, 0, 1, 1, 0, 0, 0, 1, 3, 0, 0, 1, 0, 0, 1, 0, 2, 0, 1, 0, 2, 1, 0, 0, 1, 1, 3, 0, 1, 3, 0, 1, 0, 0, 2, 1, 0, 1, 0, 1, 0, 0, 0, 0, 0, 0, 2, 0, 1, 0, 1, 0, 0, 0, 0],791.8229455294336,57327.228886108336,89546.110656062,false
50,G1_CMAX,G1_CMAX,[31, 22, 90, 26, 58, 95, 42, 12, 93, 5, 78, 86, 98, 18, 20, 35, 3, 97, 91, 76, 10, 85, 54, 45, 63, 71, 66, 1, 23, 17, 24, 60, 36, 6, 57, 15, 65, 56, 47, 79, 94, 67, 50, 46, 14, 75, 38, 9, 30, 19, 32, 81, 27, 92, 83, 87, 40, 99, 59, 11, 53, 16, 72, 77, 73, 70, 39, 37, 84, 43, 62, 25, 55, 28, 29, 51, 68, 82, 74, 61, 88, 21, 80, 89, 7, 69, 96, 41, 48, 4, 8, 34, 49, 52, 0, 44, 13, 2, 64, 33]|[1, 1, 1, 1, 0, 2, 1, 1, 2, 2, 2, 1, 0, 1, 2, 2, 1, 2, 0, 1, 2, 2, 2, 0, 0, 1, 2, 1, 2, 1, 2, 1, 1, 0, 1, 1, 0, 2, 2, 1, 1, 0, 0, 0, 0, 1, 1, 1, 1, 2, 1, 2, 2, 0, 0, 2, 1, 0, 0, 2, 0, 1, 2, 2, 1, 1, 1, 1, 1, 1, 0, 1, 1, 0, 0, 0, 0, 0, 2, 1, 1, 0, 0, 1, 1, 1, 2, 2, 0, 1, 1, 2, 0, 1, 0, 0, 0, 0, 2, 2]|[0, 4, 3, 0, 1, 1, 2, 4, 1, 1, 2, 4, 1, 4, 1, 1, 1, 2, 2, 2, 2, 1, 1, 1, 2, 3, 2, 3, 0, 4, 1, 0, 3, 2, 2, 2, 1, 1, 1, 0, 2, 0, 1, 2, 1, 3, 1, 4, 2, 0, 3, 2, 1, 2, 1, 1, 4, 1, 1, 1, 2, 3, 0, 2, 4, 3, 1, 4, 1, 1, 1, 4, 4, 2, 1, 1, 1, 2, 1, 3, 0, 1, 1, 1, 1, 3, 1, 1, 1, 4, 3, 1, 1, 1, 2, 2, 2, 2, 1, 1]|[3, 0, 2, 3, 0, 0, 1, 0, 0, 0, 1, 0, 0, 3, 0, 0, 1, 1, 1, 2, 1, 0, 0, 0, 0, 0, 0, 0, 0, 3, 1, 0, 2, 1, 1, 1, 0, 0, 0, 0, 1, 1, 0, 0, 0, 0, 1, 3, 2, 0, 0, 1, 0, 1, 0, 0, 2, 0, 0, 0, 1, 2, 1, 1, 0, 0, 1, 1, 3, 3, 0, 3, 3, 1, 0, 0, 0, 1, 0, 0, 0, 0, 0, 1, 2, 2, 0, 0, 0, 0, 2, 0, 1, 1, 0, 0, 0, 0, 0, 0],705.0470749739228,58445.79123614564,95781.2895945797,false
50,G4_BALANCED,G2_TEC,[31, 22, 82, 15, 26, 9, 95, 42, 77, 68, 47, 5, 93, 78, 86, 54, 85, 63, 18, 44, 20, 49, 36, 14, 74, 50, 53, 17, 21, 28, 11, 64, 3, 23, 30, 83, 24, 41, 40, 52, 65, 27, 90, 70, 39, 87, 48, 69, 99, 4, 75, 1, 13, 58, 97, 59, 45, 8, 73, 37, 35, 79, 71, 66, 76, 32, 60, 80, 56, 6, 67, 61, 33, 7, 57, 34, 12, 16, 10, 98, 96, 88, 43, 38, 91, 2, 84, 29, 92, 19, 51, 55, 81, 89, 25, 72, 94, 46, 62, 0]|[2, 1, 2, 1, 1, 2, 1, 1, 1, 1, 1, 0, 2, 2, 1, 2, 0, 0, 0, 2, 2, 1, 0, 2, 0, 2, 2, 1, 0, 1, 1, 1, 0, 0, 1, 0, 2, 1, 2, 2, 0, 0, 1, 1, 0, 2, 0, 2, 1, 0, 0, 2, 0, 0, 2, 0, 1, 1, 0, 0, 2, 1, 1, 2, 2, 0, 2, 2, 2, 1, 2, 1, 1, 2, 0, 1, 1, 2, 1, 2, 0, 1, 1, 0, 1, 0, 0, 1, 0, 1, 1, 0, 1, 1, 1, 1, 2, 0, 1, 2]|[0, 3, 0, 3, 4, 1, 4, 4, 2, 4, 3, 2, 1, 0, 2, 1, 1, 1, 2, 1, 1, 3, 0, 1, 0, 1, 1, 4, 1, 4, 3, 2, 2, 0, 4, 1, 1, 4, 1, 1, 2, 1, 4, 4, 1, 1, 0, 1, 3, 2, 2, 1, 2, 1, 1, 2, 4, 3, 0, 2, 2, 3, 3, 1, 1, 2, 1, 1, 1, 4, 1, 3, 4, 1, 2, 4, 3, 1, 3, 1, 2, 4, 4, 2, 3, 2, 2, 3, 2, 4, 3, 2, 4, 4, 4, 4, 1, 2, 3, 1]|[0, 2, 0, 0, 3, 0, 1, 3, 0, 0, 2, 0, 1, 0, 1, 0, 0, 0, 1, 0, 0, 2, 0, 0, 1, 0, 0, 3, 0, 1, 0, 2, 0, 0, 3, 0, 1, 1, 0, 0, 0, 0, 1, 3, 0, 0, 1, 0, 2, 0, 0, 0, 0, 0, 1, 0, 1, 0, 1, 1, 0, 2, 0, 0, 0, 0, 0, 0, 0, 2, 0, 0, 1, 0, 0, 1, 0, 0, 3, 0, 0, 1, 2, 0, 0, 0, 0, 3, 0, 1, 0, 0, 2, 1, 3, 1, 0, 0, 0, 0],892.2309006783577,49175.95290618759,106430.85583910291,true
50,G2_TEC,G2_TEC,[31, 22, 82, 15, 26, 9, 95, 42, 77, 68, 47, 5, 93, 78, 86, 54, 85, 63, 18, 44, 20, 49, 36, 14, 74, 50, 53, 17, 21, 28, 11, 64, 3, 23, 30, 83, 24, 41, 40, 52, 65, 27, 90, 70, 39, 87, 48, 69, 99, 4, 75, 1, 13, 58, 97, 59, 45, 8, 73, 37, 35, 79, 71, 66, 76, 32, 60, 80, 56, 6, 67, 61, 33, 7, 57, 34, 12, 16, 10, 98, 96, 88, 43, 81, 91, 2, 84, 29, 92, 19, 51, 55, 89, 25, 72, 46, 94, 38, 62, 0]|[2, 1, 2, 1, 1, 2, 1, 1, 1, 1, 1, 0, 2, 2, 1, 2, 0, 0, 0, 2, 2, 1, 0, 2, 0, 2, 2, 1, 0, 1, 1, 1, 0, 0, 1, 0, 2, 1, 2, 2, 0, 0, 1, 1, 0, 2, 0, 2, 1, 0, 0, 2, 0, 2, 2, 0, 1, 1, 0, 0, 2, 1, 1, 2, 2, 0, 2, 2, 2, 1, 2, 1, 1, 2, 0, 1, 1, 2, 1, 2, 0, 1, 1, 1, 1, 0, 0, 1, 0, 1, 1, 0, 1, 1, 1, 0, 2, 0, 1, 0]|[0, 3, 0, 3, 4, 1, 4, 4, 4, 4, 3, 2, 1, 0, 2, 1, 1, 1, 2, 1, 1, 3, 0, 1, 0, 1, 1, 4, 1, 4, 3, 2, 2, 0, 4, 1, 1, 4, 1, 1, 2, 1, 4, 4, 1, 1, 0, 1, 3, 2, 2, 1, 2, 1, 1, 2, 4, 3, 0, 2, 1, 3, 3, 1, 1, 2, 1, 1, 1, 4, 1, 3, 4, 1, 2, 4, 3, 1, 3, 1, 2, 4, 4, 4, 3, 2, 2, 3, 2, 4, 3, 2, 4, 4, 4, 2, 1, 2, 3, 2]|[0, 2, 0, 0, 3, 0, 1, 3, 1, 0, 2, 0, 1, 0, 1, 0, 0, 0, 1, 0, 0, 2, 0, 0, 1, 0, 0, 3, 0, 1, 0, 2, 0, 0, 3, 0, 1, 1, 0, 0, 0, 0, 1, 3, 0, 0, 1, 0, 2, 0, 0, 0, 0, 0, 1, 0, 1, 0, 1, 1, 0, 2, 0, 0, 0, 0, 0, 0, 0, 2, 0, 0, 1, 0, 0, 1, 0, 0, 3, 0, 0, 1, 2, 2, 0, 0, 0, 3, 0, 1, 0, 0, 1, 3, 1, 0, 0, 0, 0, 0],910.6024065900936,48491.8951558845,107376.01945264004,false
50,G3_TWC,G3_TWC,[31, 22, 42, 15, 26, 58, 95, 82, 77, 12, 47, 5, 93, 78, 98, 54, 85, 63, 18, 44, 20, 35, 43, 97, 91, 76, 10, 30, 21, 45, 71, 64, 1, 23, 17, 83, 24, 61, 60, 36, 6, 57, 94, 88, 65, 56, 79, 40, 67, 68, 46, 75, 38, 9, 19, 32, 81, 41, 27, 62, 87, 90, 99, 59, 11, 16, 72, 73, 70, 39, 37, 84, 3, 92, 25, 74, 28, 29, 51, 7, 53, 14, 86, 48, 89, 50, 66, 96, 33, 80, 4, 8, 55, 49, 0, 52, 69, 2, 13, 34]|[1, 1, 0, 1, 1, 1, 2, 1, 2, 1, 2, 2, 2, 1, 1, 0, 0, 1, 0, 2, 2, 0, 1, 2, 0, 1, 2, 2, 0, 0, 1, 2, 1, 2, 1, 0, 2, 0, 1, 1, 0, 1, 1, 1, 0, 2, 1, 1, 0, 0, 0, 0, 1, 1, 2, 1, 2, 0, 0, 0, 2, 1, 0, 1, 2, 1, 2, 1, 1, 1, 1, 1, 2, 0, 1, 2, 0, 0, 0, 1, 0, 1, 0, 0, 1, 0, 0, 0, 2, 0, 0, 1, 1, 0, 0, 1, 1, 0, 0, 2]|[4, 3, 2, 2, 0, 0, 2, 2, 2, 4, 1, 1, 2, 4, 4, 1, 1, 4, 2, 1, 1, 1, 1, 2, 1, 2, 1, 1, 1, 1, 3, 2, 3, 0, 4, 0, 1, 1, 0, 3, 2, 2, 4, 0, 1, 1, 3, 2, 0, 1, 2, 2, 1, 4, 0, 3, 2, 1, 1, 2, 1, 3, 1, 1, 1, 3, 0, 4, 3, 1, 4, 1, 1, 2, 4, 1, 2, 1, 1, 3, 2, 3, 1, 1, 1, 1, 1, 1, 1, 1, 2, 3, 4, 1, 2, 1, 3, 2, 2, 1]|[0, 2, 1, 1, 3, 3, 0, 1, 0, 0, 0, 0, 1, 0, 1, 0, 0, 3, 1, 0, 0, 0, 3, 1, 0, 2, 0, 0, 0, 1, 0, 0, 0, 0, 3, 0, 1, 0, 0, 2, 1, 1, 2, 0, 0, 0, 0, 1, 1, 0, 0, 0, 1, 3, 0, 0, 1, 0, 0, 1, 0, 2, 0, 1, 0, 2, 1, 0, 0, 1, 1, 3, 0, 1, 3, 0, 1, 0, 0, 2, 1, 0, 0, 0, 1, 0, 0, 0, 0, 0, 1, 2, 3, 1, 0, 1, 0, 0, 0, 0],802.5281847645216,57652.86795409501,87938.17744329936,false
50,G1_CMAX,G1_CMAX,[31, 22, 90, 26, 58, 95, 42, 12, 93, 5, 78, 86, 98, 18, 20, 35, 3, 97, 91, 76, 10, 85, 54, 45, 63, 71, 66, 1, 23, 17, 24, 60, 36, 6, 57, 15, 65, 56, 47, 79, 94, 67, 50, 46, 14, 75, 38, 9, 30, 19, 32, 81, 27, 92, 83, 87, 40, 99, 59, 11, 53, 16, 72, 77, 73, 70, 39, 37, 84, 43, 62, 25, 55, 28, 29, 51, 68, 82, 74, 61, 88, 21, 80, 89, 7, 69, 96, 41, 48, 4, 8, 34, 49, 52, 0, 44, 13, 2, 64, 33]|[1, 1, 1, 1, 0, 2, 1, 1, 2, 2, 2, 1, 0, 1, 2, 2, 1, 2, 0, 1, 2, 2, 2, 0, 0, 1, 2, 1, 2, 1, 2, 1, 1, 0, 1, 1, 0, 2, 2, 1, 1, 0, 0, 0, 0, 1, 1, 1, 1, 2, 1, 2, 2, 0, 0, 2, 1, 0, 0, 2, 0, 1, 2, 2, 1, 1, 1, 1, 1, 1, 0, 1, 1, 0, 0, 0, 0, 0, 2, 1, 1, 0, 0, 1, 1, 1, 2, 2, 0, 1, 1, 2, 0, 1, 0, 0, 0, 0, 2, 2]|[0, 4, 3, 0, 1, 1, 2, 4, 1, 1, 2, 4, 1, 4, 1, 1, 1, 2, 2, 2, 2, 1, 1, 1, 2, 3, 2, 3, 0, 4, 1, 0, 3, 2, 2, 2, 1, 1, 1, 0, 2, 0, 1, 2, 1, 3, 1, 4, 2, 0, 3, 2, 1, 2, 1, 1, 4, 1, 1, 1, 2, 3, 0, 2, 4, 3, 1, 4, 1, 1, 1, 4, 4, 2, 1, 1, 1, 2, 1, 3, 0, 1, 1, 1, 1, 3, 1, 1, 1, 4, 3, 1, 1, 1, 2, 2, 2, 2, 1, 1]|[3, 0, 2, 3, 0, 0, 1, 0, 0, 0, 1, 0, 0, 3, 0, 0, 1, 1, 1, 2, 1, 0, 0, 0, 0, 0, 0, 0, 0, 3, 1, 0, 2, 1, 1, 1, 0, 0, 0, 0, 1, 1, 0, 0, 0, 0, 1, 3, 2, 0, 0, 1, 0, 1, 0, 0, 2, 0, 0, 0, 1, 2, 1, 1, 0, 0, 1, 1, 3, 3, 0, 3, 3, 1, 0, 0, 0, 1, 0, 0, 0, 0, 0, 1, 2, 2, 0, 0, 0, 0, 2, 0, 1, 1, 0, 0, 0, 0, 0, 0],705.0470749739228,58445.79123614564,95781.2895945797,false
50,G4_BALANCED,G2_TEC,[31, 22, 82, 15, 26, 9, 95, 42, 77, 68, 47, 5, 93, 78, 86, 54, 85, 63, 18, 44, 20, 49, 36, 14, 74, 50, 53, 17, 21, 28, 11, 64, 3, 23, 30, 83, 24, 41, 40, 52, 65, 27, 90, 70, 39, 87, 48, 69, 99, 4, 75, 1, 13, 58, 97, 59, 45, 8, 73, 37, 35, 79, 71, 66, 76, 32, 60, 80, 56, 6, 67, 61, 33, 7, 57, 34, 12, 16, 10, 98, 96, 88, 43, 38, 91, 2, 84, 29, 92, 19, 51, 55, 81, 89, 25, 72, 94, 46, 62, 0]|[2, 1, 2, 1, 1, 2, 1, 1, 1, 1, 1, 0, 2, 2, 1, 2, 0, 0, 0, 2, 2, 1, 0, 2, 0, 2, 2, 1, 0, 1, 1, 1, 0, 0, 1, 0, 2, 1, 2, 2, 0, 0, 1, 1, 0, 2, 0, 2, 1, 0, 0, 2, 0, 0, 2, 0, 1, 1, 0, 0, 2, 1, 1, 2, 2, 0, 2, 2, 2, 1, 2, 1, 1, 2, 0, 1, 1, 2, 1, 2, 0, 1, 1, 0, 1, 0, 0, 1, 0, 1, 1, 0, 1, 1, 1, 1, 2, 0, 1, 2]|[0, 3, 0, 3, 4, 1, 4, 4, 2, 4, 3, 2, 1, 0, 2, 1, 1, 1, 2, 1, 1, 3, 0, 1, 0, 1, 1, 4, 1, 4, 3, 2, 2, 0, 4, 1, 1, 4, 1, 1, 2, 1, 4, 4, 1, 1, 0, 1, 3, 2, 2, 1, 2, 1, 1, 2, 4, 3, 0, 2, 2, 3, 3, 1, 1, 2, 1, 1, 1, 4, 1, 3, 4, 1, 2, 4, 3, 1, 3, 1, 2, 4, 4, 2, 3, 2, 2, 3, 2, 4, 3, 2, 4, 4, 4, 4, 1, 2, 3, 1]|[0, 2, 0, 0, 3, 0, 1, 3, 0, 0, 2, 0, 1, 0, 1, 0, 0, 0, 1, 0, 0, 2, 0, 0, 1, 0, 0, 3, 0, 1, 0, 2, 0, 0, 3, 0, 1, 1, 0, 0, 0, 0, 1, 3, 0, 0, 1, 0, 2, 0, 0, 0, 0, 0, 1, 0, 1, 0, 1, 1, 0, 2, 0, 0, 0, 0, 0, 0, 0, 2, 0, 0, 1, 0, 0, 1, 0, 0, 3, 0, 0, 1, 2, 0, 0, 0, 0, 3, 0, 1, 0, 0, 2, 1, 3, 1, 0, 0, 0, 0],892.2309006783577,49175.95290618759,106430.85583910291,true
50,G2_TEC,G2_TEC,[31, 22, 82, 15, 26, 9, 95, 42, 77, 68, 47, 5, 93, 78, 86, 54, 85, 63, 18, 44, 20, 49, 36, 14, 74, 50, 53, 17, 21, 28, 11, 64, 3, 23, 30, 83, 24, 41, 40, 52, 65, 27, 90, 70, 39, 87, 48, 69, 99, 4, 75, 1, 13, 58, 97, 59, 45, 8, 73, 37, 35, 79, 71, 66, 76, 32, 60, 80, 56, 6, 67, 61, 33, 7, 57, 34, 12, 16, 10, 98, 96, 88, 43, 81, 91, 2, 84, 29, 92, 19, 51, 55, 89, 25, 72, 46, 94, 38, 62, 0]|[2, 1, 2, 1, 1, 2, 1, 1, 1, 1, 1, 0, 2, 2, 1, 2, 0, 0, 0, 2, 2, 1, 0, 2, 0, 2, 2, 1, 0, 1, 1, 1, 0, 0, 1, 0, 2, 1, 2, 2, 0, 0, 1, 1, 0, 2, 0, 2, 1, 0, 0, 2, 0, 2, 2, 0, 1, 1, 0, 0, 2, 1, 1, 2, 2, 0, 2, 2, 2, 1, 2, 1, 1, 2, 0, 1, 1, 2, 1, 2, 0, 1, 1, 1, 1, 0, 0, 1, 0, 1, 1, 0, 1, 1, 1, 0, 2, 0, 1, 0]|[0, 3, 0, 3, 4, 1, 4, 4, 4, 4, 3, 2, 1, 0, 2, 1, 1, 1, 2, 1, 1, 3, 0, 1, 0, 1, 1, 4, 1, 4, 3, 2, 2, 0, 4, 1, 1, 4, 1, 1, 2, 1, 4, 4, 1, 1, 0, 1, 3, 2, 2, 1, 2, 1, 1, 2, 4, 3, 0, 2, 1, 3, 3, 1, 1, 2, 1, 1, 1, 4, 1, 3, 4, 1, 2, 4, 3, 1, 3, 1, 2, 4, 4, 4, 3, 2, 2, 3, 2, 4, 3, 2, 4, 4, 4, 2, 1, 2, 3, 2]|[0, 2, 0, 0, 3, 0, 1, 3, 1, 0, 2, 0, 1, 0, 1, 0, 0, 0, 1, 0, 0, 2, 0, 0, 1, 0, 0, 3, 0, 1, 0, 2, 0, 0, 3, 0, 1, 1, 0, 0, 0, 0, 1, 3, 0, 0, 1, 0, 2, 0, 0, 0, 0, 0, 1, 0, 1, 0, 1, 1, 0, 2, 0, 0, 0, 0, 0, 0, 0, 2, 0, 0, 1, 0, 0, 1, 0, 0, 3, 0, 0, 1, 2, 2, 0, 0, 0, 3, 0, 1, 0, 0, 1, 3, 1, 0, 0, 0, 0, 0],910.6024065900936,48491.8951558845,107376.01945264004,false
50,G3_TWC,G3_TWC,[31, 22, 42, 15, 26, 58, 95, 82, 77, 12, 47, 5, 93, 78, 98, 54, 85, 63, 18, 44, 20, 35, 43, 97, 91, 76, 10, 30, 21, 45, 71, 64, 1, 23, 17, 83, 24, 61, 60, 36, 6, 57, 94, 88, 65, 56, 79, 40, 67, 68, 46, 75, 38, 9, 19, 32, 81, 41, 27, 62, 87, 90, 99, 59, 11, 16, 72, 73, 70, 39, 37, 84, 3, 92, 25, 74, 28, 29, 51, 7, 53, 14, 86, 48, 89, 50, 66, 96, 33, 80, 4, 8, 55, 49, 0, 52, 69, 2, 13, 34]|[1, 1, 0, 1, 1, 1, 2, 1, 2, 1, 2, 2, 2, 1, 1, 0, 0, 1, 0, 2, 2, 0, 1, 2, 0, 1, 2, 2, 0, 0, 1, 2, 1, 2, 1, 0, 2, 0, 1, 1, 0, 1, 1, 1, 0, 2, 1, 1, 0, 0, 0, 0, 1, 1, 2, 1, 2, 0, 0, 0, 2, 1, 0, 1, 2, 1, 2, 1, 1, 1, 1, 1, 2, 0, 1, 2, 0, 0, 0, 1, 0, 1, 0, 0, 1, 0, 0, 0, 2, 0, 0, 1, 1, 0, 0, 1, 1, 0, 0, 2]|[4, 3, 2, 2, 0, 0, 2, 2, 2, 4, 1, 1, 2, 4, 4, 1, 1, 4, 2, 1, 1, 1, 1, 2, 1, 2, 1, 1, 1, 1, 3, 2, 3, 0, 4, 0, 1, 1, 0, 3, 2, 2, 4, 0, 1, 1, 3, 2, 0, 1, 2, 2, 1, 4, 0, 3, 2, 1, 1, 2, 1, 3, 1, 1, 1, 3, 0, 4, 3, 1, 4, 1, 1, 2, 4, 1, 2, 1, 1, 3, 2, 3, 1, 1, 1, 1, 1, 1, 1, 1, 2, 3, 4, 1, 2, 1, 3, 2, 2, 1]|[0, 2, 1, 1, 3, 3, 0, 1, 0, 0, 0, 0, 1, 0, 1, 0, 0, 3, 1, 0, 0, 0, 3, 1, 0, 2, 0, 0, 0, 1, 0, 0, 0, 0, 3, 0, 1, 0, 0, 2, 1, 1, 2, 0, 0, 0, 0, 1, 1, 0, 0, 0, 1, 3, 0, 0, 1, 0, 0, 1, 0, 2, 0, 1, 0, 2, 1, 0, 0, 1, 1, 3, 0, 1, 3, 0, 1, 0, 0, 2, 1, 0, 0, 0, 1, 0, 0, 0, 0, 0, 1, 2, 3, 1, 0, 1, 0, 0, 0, 0],802.5281847645216,57652.86795409501,87938.17744329936,false
50,G1_CMAX,G1_CMAX,[31, 22, 90, 26, 58, 95, 42, 12, 93, 5, 78, 86, 98, 18, 20, 35, 3, 97, 91, 76, 10, 85, 54, 45, 63, 71, 66, 1, 23, 17, 24, 60, 36, 6, 57, 15, 65, 56, 47, 79, 94, 67, 50, 46, 14, 75, 38, 9, 30, 19, 32, 81, 27, 92, 83, 87, 40, 99, 59, 11, 53, 16, 72, 77, 73, 70, 39, 37, 84, 43, 62, 25, 55, 28, 29, 51, 68, 82, 74, 61, 88, 21, 80, 89, 7, 69, 96, 41, 48, 4, 8, 34, 49, 52, 0, 44, 13, 2, 64, 33]|[1, 1, 1, 1, 0, 2, 1, 1, 2, 2, 2, 1, 0, 1, 2, 2, 1, 2, 0, 1, 2, 2, 2, 0, 0, 1, 2, 1, 2, 1, 2, 1, 1, 0, 1, 1, 0, 2, 2, 1, 1, 0, 0, 0, 0, 1, 1, 1, 1, 2, 1, 2, 2, 0, 0, 2, 1, 0, 0, 2, 0, 1, 2, 2, 1, 1, 1, 1, 1, 1, 0, 1, 1, 0, 0, 0, 0, 0, 2, 1, 1, 0, 0, 1, 1, 1, 2, 2, 0, 1, 1, 2, 0, 1, 0, 0, 0, 0, 2, 2]|[0, 4, 3, 0, 1, 1, 2, 4, 1, 1, 2, 4, 1, 4, 1, 1, 1, 2, 2, 2, 2, 1, 1, 1, 2, 3, 2, 3, 0, 4, 1, 0, 3, 2, 2, 2, 1, 1, 1, 0, 2, 0, 1, 2, 1, 3, 1, 4, 2, 0, 3, 2, 1, 2, 1, 1, 4, 1, 1, 1, 2, 3, 0, 2, 4, 3, 1, 4, 1, 1, 1, 4, 4, 2, 1, 1, 1, 2, 1, 3, 0, 1, 1, 1, 1, 3, 1, 1, 1, 4, 3, 1, 1, 1, 2, 2, 2, 2, 1, 1]|[3, 0, 2, 3, 0, 0, 1, 0, 0, 0, 1, 0, 0, 3, 0, 0, 1, 1, 1, 2, 1, 0, 0, 0, 0, 0, 0, 0, 0, 3, 1, 0, 2, 1, 1, 1, 0, 0, 0, 0, 1, 1, 0, 0, 0, 0, 1, 3, 2, 0, 0, 1, 0, 1, 0, 0, 2, 0, 0, 0, 1, 2, 1, 1, 0, 0, 1, 1, 3, 3, 0, 3, 3, 1, 0, 0, 0, 1, 0, 0, 0, 0, 0, 1, 2, 2, 0, 0, 0, 0, 2, 0, 1, 1, 0, 0, 0, 0, 0, 0],705.0470749739228,58445.79123614564,95781.2895945797,false
50,G4_BALANCED,G2_TEC,[31, 22, 82, 15, 26, 9, 95, 42, 77, 68, 47, 5, 93, 78, 86, 54, 85, 63, 18, 44, 20, 49, 36, 14, 74, 50, 53, 17, 21, 28, 11, 64, 3, 23, 30, 83, 24, 41, 40, 52, 65, 27, 90, 70, 39, 87, 48, 69, 99, 4, 75, 1, 13, 58, 97, 59, 45, 8, 73, 37, 35, 79, 71, 66, 76, 32, 60, 80, 56, 6, 67, 61, 33, 7, 57, 34, 12, 16, 10, 98, 96, 88, 43, 38, 91, 2, 84, 29, 92, 19, 51, 55, 81, 89, 25, 72, 94, 46, 62, 0]|[2, 1, 2, 1, 1, 2, 1, 1, 1, 1, 1, 0, 2, 2, 1, 2, 0, 0, 0, 2, 2, 1, 0, 2, 0, 2, 2, 1, 0, 1, 1, 1, 0, 0, 1, 0, 2, 1, 2, 2, 0, 0, 1, 1, 0, 2, 0, 2, 1, 0, 0, 2, 0, 0, 2, 0, 1, 1, 0, 0, 2, 1, 1, 2, 2, 0, 2, 2, 2, 1, 2, 1, 1, 2, 0, 1, 1, 2, 1, 2, 0, 1, 1, 0, 1, 0, 0, 1, 0, 1, 1, 0, 1, 1, 1, 1, 2, 0, 1, 2]|[0, 3, 0, 3, 4, 1, 4, 4, 2, 4, 3, 2, 1, 0, 2, 1, 1, 1, 2, 1, 1, 3, 0, 1, 0, 1, 1, 4, 1, 4, 3, 2, 2, 0, 4, 1, 1, 4, 1, 1, 2, 1, 4, 4, 1, 1, 0, 1, 3, 2, 2, 1, 2, 1, 1, 2, 4, 3, 0, 2, 2, 3, 3, 1, 1, 2, 1, 1, 1, 4, 1, 3, 4, 1, 2, 4, 3, 1, 3, 1, 2, 4, 4, 2, 3, 2, 2, 3, 2, 4, 3, 2, 4, 4, 4, 4, 1, 2, 3, 1]|[0, 2, 0, 0, 3, 0, 1, 3, 0, 0, 2, 0, 1, 0, 1, 0, 0, 0, 1, 0, 0, 2, 0, 0, 1, 0, 0, 3, 0, 1, 0, 2, 0, 0, 3, 0, 1, 1, 0, 0, 0, 0, 1, 3, 0, 0, 1, 0, 2, 0, 0, 0, 0, 0, 1, 0, 1, 0, 1, 1, 0, 2, 0, 0, 0, 0, 0, 0, 0, 2, 0, 0, 1, 0, 0, 1, 0, 0, 3, 0, 0, 1, 2, 0, 0, 0, 0, 3, 0, 1, 0, 0, 2, 1, 3, 1, 0, 0, 0, 0],892.2309006783577,49175.95290618759,106430.85583910291,true
50,G2_TEC,G2_TEC,[31, 22, 82, 15, 26, 9, 95, 42, 77, 68, 47, 5, 93, 78, 86, 54, 85, 63, 18, 44, 20, 49, 36, 14, 74, 50, 53, 17, 21, 28, 11, 64, 3, 23, 30, 83, 24, 41, 40, 52, 65, 27, 90, 70, 39, 87, 48, 69, 99, 4, 75, 1, 13, 58, 97, 59, 45, 8, 73, 37, 35, 79, 71, 66, 76, 32, 60, 80, 56, 6, 67, 61, 33, 7, 57, 34, 12, 16, 10, 98, 96, 88, 43, 81, 91, 2, 84, 29, 92, 19, 51, 55, 89, 25, 72, 46, 94, 38, 62, 0]|[2, 1, 2, 1, 1, 2, 1, 1, 1, 1, 1, 0, 2, 2, 1, 2, 0, 0, 0, 2, 2, 1, 0, 2, 0, 2, 2, 1, 0, 1, 1, 1, 0, 0, 1, 0, 2, 1, 2, 2, 0, 0, 1, 1, 0, 2, 0, 2, 1, 0, 0, 2, 0, 2, 2, 0, 1, 1, 0, 0, 2, 1, 1, 2, 2, 0, 2, 2, 2, 1, 2, 1, 1, 2, 0, 1, 1, 2, 1, 2, 0, 1, 1, 1, 1, 0, 0, 1, 0, 1, 1, 0, 1, 1, 1, 0, 2, 0, 1, 0]|[0, 3, 0, 3, 4, 1, 4, 4, 4, 4, 3, 2, 1, 0, 2, 1, 1, 1, 2, 1, 1, 3, 0, 1, 0, 1, 1, 4, 1, 4, 3, 2, 2, 0, 4, 1, 1, 4, 1, 1, 2, 1, 4, 4, 1, 1, 0, 1, 3, 2, 2, 1, 2, 1, 1, 2, 4, 3, 0, 2, 1, 3, 3, 1, 1, 2, 1, 1, 1, 4, 1, 3, 4, 1, 2, 4, 3, 1, 3, 1, 2, 4, 4, 4, 3, 2, 2, 3, 2, 4, 3, 2, 4, 4, 4, 2, 1, 2, 3, 2]|[0, 2, 0, 0, 3, 0, 1, 3, 1, 0, 2, 0, 1, 0, 1, 0, 0, 0, 1, 0, 0, 2, 0, 0, 1, 0, 0, 3, 0, 1, 0, 2, 0, 0, 3, 0, 1, 1, 0, 0, 0, 0, 1, 3, 0, 0, 1, 0, 2, 0, 0, 0, 0, 0, 1, 0, 1, 0, 1, 1, 0, 2, 0, 0, 0, 0, 0, 0, 0, 2, 0, 0, 1, 0, 0, 1, 0, 0, 3, 0, 0, 1, 2, 2, 0, 0, 0, 3, 0, 1, 0, 0, 1, 3, 1, 0, 0, 0, 0, 0],910.6024065900936,48491.8951558845,107376.01945264004,false
50,G3_TWC,G3_TWC,[31, 22, 42, 15, 26, 58, 95, 82, 77, 12, 47, 5, 93, 78, 98, 54, 85, 63, 18, 44, 20, 35, 43, 97, 91, 76, 10, 30, 21, 45, 71, 64, 1, 23, 17, 83, 24, 61, 60, 36, 6, 57, 94, 88, 65, 56, 79, 40, 67, 68, 46, 75, 38, 9, 19, 32, 81, 41, 27, 62, 87, 90, 99, 59, 11, 16, 72, 73, 70, 39, 37, 84, 3, 92, 25, 74, 28, 29, 51, 7, 53, 14, 86, 48, 89, 50, 66, 96, 33, 80, 4, 8, 55, 49, 0, 52, 69, 2, 13, 34]|[1, 1, 0, 1, 1, 1, 2, 1, 2, 1, 2, 2, 2, 1, 1, 0, 0, 1, 0, 2, 2, 0, 1, 2, 0, 1, 2, 2, 0, 0, 1, 2, 1, 2, 1, 0, 2, 0, 1, 1, 0, 1, 1, 1, 0, 2, 1, 1, 0, 0, 0, 0, 1, 1, 2, 1, 2, 0, 0, 0, 2, 1, 0, 1, 2, 1, 2, 1, 1, 1, 1, 1, 2, 0, 1, 2, 0, 0, 0, 1, 0, 1, 0, 0, 1, 0, 0, 0, 2, 0, 0, 1, 1, 0, 0, 1, 1, 0, 0, 2]|[4, 3, 2, 2, 0, 0, 2, 2, 2, 4, 1, 1, 2, 4, 4, 1, 1, 4, 2, 1, 1, 1, 1, 2, 1, 2, 1, 1, 1, 1, 3, 2, 3, 0, 4, 0, 1, 1, 0, 3, 2, 2, 4, 0, 1, 1, 3, 2, 0, 1, 2, 2, 1, 4, 0, 3, 2, 1, 1, 2, 1, 3, 1, 1, 1, 3, 0, 4, 3, 1, 4, 1, 1, 2, 4, 1, 2, 1, 1, 3, 2, 3, 1, 1, 1, 1, 1, 1, 1, 1, 2, 3, 4, 1, 2, 1, 3, 2, 2, 1]|[0, 2, 1, 1, 3, 3, 0, 1, 0, 0, 0, 0, 1, 0, 1, 0, 0, 3, 1, 0, 0, 0, 3, 1, 0, 2, 0, 0, 0, 1, 0, 0, 0, 0, 3, 0, 1, 0, 0, 2, 1, 1, 2, 0, 0, 0, 0, 1, 1, 0, 0, 0, 1, 3, 0, 0, 1, 0, 0, 1, 0, 2, 0, 1, 0, 2, 1, 0, 0, 1, 1, 3, 0, 1, 3, 0, 1, 0, 0, 2, 1, 0, 0, 0, 1, 0, 0, 0, 0, 0, 1, 2, 3, 1, 0, 1, 0, 0, 0, 0],802.5281847645216,57652.86795409501,87938.17744329936,false
50,G1_CMAX,G1_CMAX,[31, 22, 90, 26, 58, 95, 42, 12, 93, 5, 78, 86, 98, 18, 20, 35, 3, 97, 91, 76, 10, 85, 54, 45, 63, 71, 66, 1, 23, 17, 24, 60, 36, 6, 57, 15, 65, 56, 47, 79, 94, 67, 50, 46, 14, 75, 38, 9, 30, 19, 32, 81, 27, 92, 83, 87, 40, 99, 59, 11, 53, 16, 72, 77, 73, 70, 39, 37, 84, 43, 62, 25, 55, 28, 29, 51, 68, 82, 74, 61, 88, 21, 80, 89, 7, 69, 96, 41, 48, 4, 8, 34, 49, 52, 0, 44, 13, 2, 64, 33]|[1, 1, 1, 1, 0, 2, 1, 1, 2, 2, 2, 1, 0, 1, 2, 2, 1, 2, 0, 1, 2, 2, 2, 0, 0, 1, 2, 1, 2, 1, 2, 1, 1, 0, 1, 1, 0, 2, 2, 1, 1, 0, 0, 0, 0, 1, 1, 1, 1, 2, 1, 2, 2, 0, 0, 2, 1, 0, 0, 2, 0, 1, 2, 2, 1, 1, 1, 1, 1, 1, 0, 1, 1, 0, 0, 0, 0, 0, 2, 1, 1, 0, 0, 1, 1, 1, 2, 2, 0, 1, 1, 2, 0, 1, 0, 0, 0, 0, 2, 2]|[0, 4, 3, 0, 1, 1, 2, 4, 1, 1, 2, 4, 1, 4, 1, 1, 1, 2, 2, 2, 2, 1, 1, 1, 2, 3, 2, 3, 0, 4, 1, 0, 3, 2, 2, 2, 1, 1, 1, 0, 2, 0, 1, 2, 1, 3, 1, 4, 2, 0, 3, 2, 1, 2, 1, 1, 4, 1, 1, 1, 2, 3, 0, 2, 4, 3, 1, 4, 1, 1, 1, 4, 4, 2, 1, 1, 1, 2, 1, 3, 0, 1, 1, 1, 1, 3, 1, 1, 1, 4, 3, 1, 1, 1, 2, 2, 2, 2, 1, 1]|[3, 0, 2, 3, 0, 0, 1, 0, 0, 0, 1, 0, 0, 3, 0, 0, 1, 1, 1, 2, 1, 0, 0, 0, 0, 0, 0, 0, 0, 3, 1, 0, 2, 1, 1, 1, 0, 0, 0, 0, 1, 1, 0, 0, 0, 0, 1, 3, 2, 0, 0, 1, 0, 1, 0, 0, 2, 0, 0, 0, 1, 2, 1, 1, 0, 0, 1, 1, 3, 3, 0, 3, 3, 1, 0, 0, 0, 1, 0, 0, 0, 0, 0, 1, 2, 2, 0, 0, 0, 0, 2, 0, 1, 1, 0, 0, 0, 0, 0, 0],705.0470749739228,58445.79123614564,95781.2895945797,false
50,G4_BALANCED,G4_BALANCED,[31, 11, 15, 82, 26, 9, 95, 32, 77, 68, 47, 5, 93, 78, 86, 54, 85, 63, 18, 44, 20, 49, 36, 14, 74, 50, 53, 17, 21, 45, 71, 64, 3, 23, 30, 83, 24, 41, 60, 52, 65, 27, 90, 70, 39, 87, 48, 69, 99, 4, 46, 1, 13, 58, 97, 59, 28, 75, 73, 37, 35, 79, 22, 66, 76, 42, 40, 80, 96, 6, 16, 61, 33, 7, 57, 34, 12, 67, 10, 98, 56, 88, 29, 94, 91, 38, 51, 92, 43, 84, 19, 72, 81, 25, 0, 55, 62, 89, 8, 2]|[2, 1, 1, 2, 1, 2, 1, 1, 1, 1, 1, 0, 2, 2, 1, 2, 0, 0, 0, 2, 2, 1, 0, 2, 0, 2, 2, 1, 0, 1, 1, 1, 0, 0, 1, 0, 2, 1, 2, 2, 0, 0, 1, 1, 0, 2, 0, 2, 1, 0, 0, 2, 0, 0, 2, 0, 1, 0, 0, 0, 2, 1, 0, 2, 2, 0, 2, 2, 0, 1, 2, 1, 1, 2, 0, 1, 1, 1, 1, 2, 2, 1, 1, 2, 1, 0, 1, 0, 1, 0, 1, 1, 1, 1, 0, 0, 1, 1, 1, 2]|[0, 3, 2, 0, 4, 1, 4, 4, 2, 4, 3, 2, 1, 0, 2, 1, 1, 1, 2, 1, 1, 3, 0, 1, 0, 1, 1, 4, 1, 4, 3, 2, 2, 0, 4, 1, 1, 4, 0, 1, 2, 1, 4, 4, 1, 1, 0, 2, 3, 1, 2, 1, 2, 1, 1, 2, 4, 2, 0, 2, 2, 3, 1, 0, 1, 2, 0, 1, 2, 4, 1, 3, 4, 1, 2, 4, 3, 3, 3, 1, 1, 4, 3, 1, 3, 2, 3, 2, 4, 2, 4, 4, 1, 4, 2, 2, 3, 4, 3, 1]|[0, 2, 1, 0, 3, 0, 1, 3, 0, 0, 2, 0, 1, 0, 1, 0, 0, 0, 1, 0, 0, 2, 0, 0, 1, 0, 0, 3, 0, 1, 0, 2, 0, 1, 3, 0, 1, 3, 1, 0, 0, 0, 1, 3, 0, 0, 1, 0, 2, 0, 0, 0, 0, 0, 1, 0, 1, 0, 1, 1, 0, 2, 0, 0, 0, 0, 0, 0, 0, 2, 0, 0, 1, 0, 0, 1, 0, 0, 3, 0, 0, 1, 0, 0, 0, 0, 0, 0, 2, 0, 3, 2, 1, 3, 0, 0, 0, 1, 0, 0],838.0858887121581,52145.01293281826,108083.60693758915,false
50,G2_TEC,G2_TEC,[31, 94, 82, 15, 26, 9, 95, 42, 77, 68, 47, 5, 93, 78, 86, 54, 85, 63, 18, 44, 20, 49, 36, 14, 74, 50, 53, 17, 21, 28, 11, 64, 3, 23, 30, 83, 24, 41, 40, 52, 65, 27, 90, 70, 39, 87, 48, 69, 99, 4, 75, 1, 13, 58, 97, 59, 45, 8, 73, 37, 35, 79, 71, 66, 76, 32, 60, 80, 56, 6, 67, 61, 33, 7, 57, 34, 12, 16, 10, 98, 96, 88, 43, 81, 91, 2, 84, 29, 92, 19, 51, 55, 89, 46, 25, 72, 22, 38, 62, 0]|[2, 1, 2, 1, 1, 2, 1, 1, 1, 1, 1, 0, 2, 2, 1, 2, 0, 0, 0, 2, 2, 1, 0, 2, 0, 2, 2, 1, 0, 1, 1, 1, 0, 0, 1, 0, 2, 1, 2, 2, 0, 0, 1, 1, 0, 2, 0, 2, 1, 0, 0, 2, 0, 2, 2, 0, 1, 1, 0, 0, 2, 1, 1, 2, 2, 0, 2, 2, 2, 1, 2, 1, 1, 2, 0, 1, 1, 2, 1, 2, 0, 1, 1, 1, 1, 0, 0, 1, 0, 1, 1, 0, 1, 0, 1, 1, 2, 0, 1, 0]|[0, 3, 0, 3, 4, 1, 4, 4, 4, 4, 3, 2, 1, 0, 2, 1, 1, 1, 2, 1, 1, 3, 0, 1, 0, 1, 1, 4, 1, 4, 3, 2, 2, 0, 4, 1, 1, 4, 1, 1, 2, 1, 4, 4, 1, 1, 0, 1, 3, 2, 2, 1, 2, 1, 1, 2, 4, 3, 0, 2, 1, 3, 3, 1, 1, 2, 1, 1, 1, 4, 1, 3, 4, 1, 2, 4, 3, 1, 3, 1, 2, 4, 4, 4, 3, 2, 2, 3, 2, 4, 3, 2, 4, 2, 4, 4, 1, 2, 3, 2]|[0, 2, 0, 0, 3, 0, 1, 3, 1, 0, 2, 0, 1, 0, 1, 0, 0, 0, 1, 0, 0, 2, 0, 0, 1, 0, 0, 3, 0, 1, 0, 2, 0, 0, 3, 0, 1, 1, 0, 0, 0, 0, 1, 3, 0, 0, 1, 0, 2, 0, 0, 0, 0, 0, 1, 0, 1, 0, 1, 1, 0, 2, 0, 0, 0, 0, 0, 0, 0, 2, 0, 0, 1, 0, 0, 1, 0, 0, 3, 0, 0, 1, 2, 2, 0, 0, 0, 3, 0, 1, 0, 0, 1, 0, 3, 1, 0, 0, 0, 0],910.6016522559228,48477.97680877805,107310.38223400299,false
50,G3_TWC,G3_TWC,[31, 22, 42, 15, 26, 58, 95, 82, 77, 12, 47, 5, 93, 78, 98, 54, 85, 63, 18, 44, 20, 35, 43, 97, 91, 76, 10, 30, 21, 45, 71, 64, 1, 23, 17, 83, 24, 61, 60, 36, 6, 57, 94, 88, 65, 56, 79, 40, 67, 68, 46, 75, 38, 9, 19, 32, 81, 41, 27, 62, 87, 90, 99, 59, 11, 16, 72, 73, 70, 39, 37, 84, 3, 92, 25, 74, 28, 29, 51, 7, 53, 14, 86, 48, 89, 50, 66, 96, 33, 80, 4, 8, 55, 49, 0, 52, 69, 2, 13, 34]|[1, 1, 0, 1, 1, 1, 2, 1, 2, 1, 2, 2, 2, 1, 1, 0, 0, 1, 0, 2, 2, 0, 1, 2, 0, 1, 2, 2, 0, 0, 1, 2, 1, 2, 1, 0, 2, 0, 1, 1, 0, 1, 1, 1, 0, 2, 1, 1, 0, 0, 0, 0, 1, 1, 2, 1, 2, 0, 0, 0, 2, 1, 0, 1, 2, 1, 2, 1, 1, 1, 1, 1, 2, 0, 1, 2, 0, 0, 0, 1, 0, 1, 0, 0, 1, 0, 0, 0, 2, 0, 0, 1, 1, 0, 0, 1, 1, 0, 0, 2]|[4, 3, 2, 2, 0, 0, 2, 2, 2, 4, 1, 1, 2, 4, 4, 1, 1, 4, 2, 1, 1, 1, 1, 2, 1, 2, 1, 1, 1, 1, 3, 2, 3, 0, 4, 0, 1, 1, 0, 3, 2, 2, 4, 0, 1, 1, 3, 2, 0, 1, 2, 2, 1, 4, 0, 3, 2, 1, 1, 2, 1, 3, 1, 1, 1, 3, 0, 4, 3, 1, 4, 1, 1, 2, 4, 1, 2, 1, 1, 3, 2, 3, 1, 1, 1, 1, 1, 1, 1, 1, 2, 3, 4, 1, 2, 1, 3, 2, 2, 1]|[0, 2, 1, 1, 3, 3, 0, 1, 0, 0, 0, 0, 1, 0, 1, 0, 0, 3, 1, 0, 0, 0, 3, 1, 0, 2, 0, 0, 0, 1, 0, 0, 0, 0, 3, 0, 1, 0, 0, 2, 1, 1, 2, 0, 0, 0, 0, 1, 1, 0, 0, 0, 1, 3, 0, 0, 1, 0, 0, 1, 0, 2, 0, 1, 0, 2, 1, 0, 0, 1, 1, 3, 0, 1, 3, 0, 1, 0, 0, 2, 1, 0, 0, 0, 1, 0, 0, 0, 0, 0, 1, 2, 3, 1, 0, 1, 0, 0, 0, 0],802.5281847645216,57652.86795409501,87938.17744329936,false
50,G1_CMAX,G1_CMAX,[31, 22, 90, 26, 58, 95, 42, 12, 93, 5, 78, 86, 98, 18, 20, 35, 3, 97, 91, 76, 10, 85, 54, 45, 63, 71, 66, 1, 23, 17, 24, 60, 36, 6, 57, 15, 65, 56, 47, 79, 94, 67, 50, 46, 14, 75, 38, 9, 30, 19, 32, 81, 27, 92, 83, 87, 40, 99, 59, 11, 53, 16, 72, 77, 73, 70, 39, 37, 84, 43, 62, 25, 55, 28, 29, 51, 68, 82, 74, 61, 88, 21, 80, 89, 7, 69, 96, 41, 48, 4, 8, 34, 49, 52, 0, 44, 13, 2, 64, 33]|[1, 1, 1, 1, 0, 2, 1, 1, 2, 2, 2, 1, 0, 1, 2, 2, 1, 2, 0, 1, 2, 2, 2, 0, 0, 1, 2, 1, 2, 1, 2, 1, 1, 0, 1, 1, 0, 2, 2, 1, 1, 0, 0, 0, 0, 1, 1, 1, 1, 2, 1, 2, 2, 0, 0, 2, 1, 0, 0, 2, 0, 1, 2, 2, 1, 1, 1, 1, 1, 1, 0, 1, 1, 0, 0, 0, 0, 0, 2, 1, 1, 0, 0, 1, 1, 1, 2, 2, 0, 1, 1, 2, 0, 1, 0, 0, 0, 0, 2, 2]|[0, 4, 3, 0, 1, 1, 2, 4, 1, 1, 2, 4, 1, 4, 1, 1, 1, 2, 2, 2, 2, 1, 1, 1, 2, 3, 2, 3, 0, 4, 1, 0, 3, 2, 2, 2, 1, 1, 1, 0, 2, 0, 1, 2, 1, 3, 1, 4, 2, 0, 3, 2, 1, 2, 1, 1, 4, 1, 1, 1, 2, 3, 0, 2, 4, 3, 1, 4, 1, 1, 1, 4, 4, 2, 1, 1, 1, 2, 1, 3, 0, 1, 1, 1, 1, 3, 1, 1, 1, 4, 3, 1, 1, 1, 2, 2, 2, 2, 1, 1]|[3, 0, 2, 3, 0, 0, 1, 0, 0, 0, 1, 0, 0, 3, 0, 0, 1, 1, 1, 2, 1, 0, 0, 0, 0, 0, 0, 0, 0, 3, 1, 0, 2, 1, 1, 1, 0, 0, 0, 0, 1, 1, 0, 0, 0, 0, 1, 3, 2, 0, 0, 1, 0, 1, 0, 0, 2, 0, 0, 0, 1, 2, 1, 1, 0, 0, 1, 1, 3, 3, 0, 3, 3, 1, 0, 0, 0, 1, 0, 0, 0, 0, 0, 1, 2, 2, 0, 0, 0, 0, 2, 0, 1, 1, 0, 0, 0, 0, 0, 0],705.0470749739228,58445.79123614564,95781.2895945797,false
50,G4_BALANCED,G3_TWC,[31, 22, 82, 15, 26, 58, 95, 42, 77, 12, 47, 5, 93, 78, 86, 54, 85, 63, 18, 44, 20, 35, 43, 97, 91, 76, 10, 30, 21, 45, 71, 64, 1, 23, 17, 83, 24, 14, 60, 36, 6, 57, 40, 88, 65, 56, 79, 94, 67, 68, 46, 29, 38, 9, 19, 32, 81, 41, 27, 87, 90, 99, 59, 62, 11, 66, 72, 73, 39, 37, 70, 84, 3, 92, 25, 55, 28, 75, 51, 7, 33, 61, 50, 48, 89, 98, 16, 96, 53, 80, 4, 8, 34, 49, 52, 0, 13, 2, 69, 74]|[1, 1, 0, 1, 1, 0, 1, 2, 2, 1, 2, 2, 2, 1, 1, 0, 0, 1, 0, 2, 2, 0, 1, 2, 0, 1, 2, 2, 0, 0, 1, 2, 1, 2, 1, 0, 2, 0, 1, 1, 0, 1, 1, 1, 0, 2, 1, 1, 0, 0, 0, 0, 1, 1, 2, 1, 2, 0, 0, 2, 1, 0, 0, 1, 2, 1, 2, 1, 1, 1, 1, 1, 1, 0, 1, 2, 0, 0, 0, 1, 2, 1, 0, 0, 1, 2, 1, 2, 0, 0, 1, 1, 2, 0, 1, 0, 0, 0, 1, 2]|[4, 3, 2, 2, 4, 1, 2, 2, 2, 4, 1, 1, 2, 4, 4, 1, 2, 4, 2, 1, 1, 1, 1, 2, 1, 2, 1, 1, 2, 1, 3, 2, 3, 1, 4, 0, 1, 1, 0, 3, 2, 2, 2, 0, 1, 1, 0, 4, 0, 1, 2, 2, 1, 4, 0, 3, 1, 1, 1, 1, 3, 1, 1, 1, 1, 3, 1, 4, 3, 4, 4, 1, 1, 0, 4, 1, 2, 2, 1, 1, 1, 3, 1, 1, 1, 1, 3, 1, 2, 1, 4, 3, 1, 1, 1, 2, 2, 2, 4, 1]|[0, 2, 1, 1, 3, 0, 1, 0, 0, 0, 0, 0, 1, 0, 1, 0, 0, 3, 1, 0, 0, 0, 3, 1, 0, 2, 0, 0, 0, 1, 0, 0, 0, 0, 3, 0, 1, 0, 0, 2, 1, 1, 1, 0, 0, 0, 0, 2, 1, 0, 0, 0, 1, 3, 0, 0, 0, 0, 0, 0, 2, 0, 0, 1, 0, 2, 0, 0, 0, 1, 1, 3, 1, 1, 3, 0, 1, 0, 0, 2, 0, 0, 0, 0, 1, 0, 2, 0, 1, 0, 0, 2, 0, 1, 1, 0, 0, 0, 2, 0],790.1065585729232,55182.91733167286,99877.78113148188,true
50,G2_TEC,G2_TEC,[31, 94, 82, 15, 26, 9, 95, 42, 77, 68, 47, 5, 93, 78, 86, 54, 85, 63, 18, 44, 20, 49, 36, 14, 74, 50, 53, 17, 21, 28, 11, 64, 3, 23, 30, 83, 24, 41, 40, 52, 65, 27, 90, 70, 39, 87, 48, 69, 99, 4, 75, 1, 13, 58, 97, 59, 45, 8, 73, 37, 35, 79, 71, 66, 76, 32, 60, 80, 56, 6, 67, 61, 33, 7, 57, 34, 12, 16, 10, 98, 96, 88, 43, 81, 91, 2, 84, 29, 92, 19, 51, 55, 89, 46, 25, 72, 22, 38, 62, 0]|[2, 1, 2, 1, 1, 2, 1, 1, 1, 1, 1, 0, 2, 2, 1, 2, 0, 0, 0, 2, 2, 1, 0, 2, 0, 2, 2, 1, 0, 1, 1, 1, 0, 0, 1, 0, 2, 1, 2, 2, 0, 0, 1, 1, 0, 2, 0, 2, 1, 0, 0, 2, 0, 2, 2, 0, 1, 1, 0, 0, 2, 1, 1, 2, 2, 0, 2, 2, 2, 1, 2, 1, 1, 2, 0, 1, 1, 2, 1, 2, 0, 1, 1, 1, 1, 0, 0, 1, 0, 1, 1, 0, 1, 0, 1, 1, 2, 0, 1, 0]|[0, 3, 0, 3, 4, 1, 4, 4, 4, 4, 3, 2, 1, 0, 2, 1, 1, 1, 2, 1, 1, 3, 0, 1, 0, 1, 1, 4, 1, 4, 3, 2, 2, 0, 4, 1, 1, 4, 1, 1, 2, 1, 4, 4, 1, 1, 0, 1, 3, 2, 2, 1, 2, 1, 1, 2, 4, 3, 0, 2, 1, 3, 3, 1, 1, 2, 1, 1, 1, 4, 1, 3, 4, 1, 2, 4, 3, 1, 3, 1, 2, 4, 4, 4, 3, 2, 2, 3, 2, 4, 3, 2, 4, 2, 4, 4, 1, 2, 3, 2]|[0, 2, 0, 0, 3, 0, 1, 3, 1, 0, 2, 0, 1, 0, 1, 0, 0, 0, 1, 0, 0, 2, 0, 0, 1, 0, 0, 3, 0, 1, 0, 2, 0, 0, 3, 0, 1, 1, 0, 0, 0, 0, 1, 3, 0, 0, 1, 0, 2, 0, 0, 0, 0, 0, 1, 0, 1, 0, 1, 1, 0, 2, 0, 0, 0, 0, 0, 0, 0, 2, 0, 0, 1, 0, 0, 1, 0, 0, 3, 0, 0, 1, 2, 2, 0, 0, 0, 3, 0, 1, 0, 0, 1, 0, 3, 1, 0, 0, 0, 0],910.6016522559228,48477.97680877805,107310.38223400299,false
50,G3_TWC,G3_TWC,[31, 22, 42, 15, 26, 58, 95, 82, 77, 12, 47, 5, 93, 78, 98, 54, 85, 63, 18, 44, 20, 35, 43, 97, 91, 76, 10, 30, 21, 45, 71, 64, 1, 23, 17, 83, 24, 61, 60, 36, 6, 57, 94, 88, 65, 56, 79, 40, 67, 68, 46, 75, 38, 9, 19, 32, 81, 41, 27, 62, 87, 90, 99, 59, 11, 16, 72, 73, 70, 39, 37, 84, 3, 92, 25, 74, 28, 29, 51, 7, 53, 14, 86, 48, 89, 50, 66, 96, 33, 80, 4, 8, 55, 49, 0, 52, 69, 2, 13, 34]|[1, 1, 0, 1, 1, 1, 2, 1, 2, 1, 2, 2, 2, 1, 1, 0, 0, 1, 0, 2, 2, 0, 1, 2, 0, 1, 2, 2, 0, 0, 1, 2, 1, 2, 1, 0, 2, 0, 1, 1, 0, 1, 1, 1, 0, 2, 1, 1, 0, 0, 0, 0, 1, 1, 2, 1, 2, 0, 0, 0, 2, 1, 0, 1, 2, 1, 2, 1, 1, 1, 1, 1, 2, 0, 1, 2, 0, 0, 0, 1, 0, 1, 0, 0, 1, 0, 0, 0, 2, 0, 0, 1, 1, 0, 0, 1, 1, 0, 0, 2]|[4, 3, 2, 2, 0, 0, 2, 2, 2, 4, 1, 1, 2, 4, 4, 1, 1, 4, 2, 1, 1, 1, 1, 2, 1, 2, 1, 1, 1, 1, 3, 2, 3, 0, 4, 0, 1, 1, 0, 3, 2, 2, 4, 0, 1, 1, 3, 2, 0, 1, 2, 2, 1, 4, 0, 3, 2, 1, 1, 2, 1, 3, 1, 1, 1, 3, 0, 4, 3, 1, 4, 1, 1, 2, 4, 1, 2, 1, 1, 3, 2, 3, 1, 1, 1, 1, 1, 1, 1, 1, 2, 3, 4, 1, 2, 1, 3, 2, 2, 1]|[0, 2, 1, 1, 3, 3, 0, 1, 0, 0, 0, 0, 1, 0, 1, 0, 0, 3, 1, 0, 0, 0, 3, 1, 0, 2, 0, 0, 0, 1, 0, 0, 0, 0, 3, 0, 1, 0, 0, 2, 1, 1, 2, 0, 0, 0, 0, 1, 1, 0, 0, 0, 1, 3, 0, 0, 1, 0, 0, 1, 0, 2, 0, 1, 0, 2, 1, 0, 0, 1, 1, 3, 0, 1, 3, 0, 1, 0, 0, 2, 1, 0, 0, 0, 1, 0, 0, 0, 0, 0, 1, 2, 3, 1, 0, 1, 0, 0, 0, 0],802.5281847645216,57652.86795409501,87938.17744329936,false
50,G1_CMAX,G1_CMAX,[31, 22, 82, 15, 26, 99, 95, 42, 77, 12, 47, 5, 93, 78, 86, 54, 21, 63, 18, 44, 20, 35, 43, 97, 91, 76, 10, 30, 85, 45, 71, 64, 1, 23, 57, 83, 24, 14, 60, 36, 6, 17, 40, 88, 65, 56, 79, 94, 67, 68, 46, 75, 38, 9, 19, 32, 41, 81, 27, 87, 90, 58, 59, 11, 16, 72, 73, 70, 39, 37, 84, 3, 92, 25, 55, 48, 62, 29, 51, 96, 33, 61, 98, 66, 89, 50, 4, 7, 53, 80, 8, 28, 34, 49, 52, 0, 74, 69, 2, 13]|[1, 1, 0, 1, 1, 0, 1, 1, 2, 1, 2, 2, 2, 1, 1, 0, 0, 1, 0, 2, 2, 0, 1, 2, 0, 1, 2, 2, 0, 0, 1, 2, 1, 2, 1, 0, 2, 0, 1, 1, 0, 1, 1, 1, 0, 2, 1, 1, 0, 0, 0, 0, 1, 1, 2, 1, 0, 2, 0, 2, 1, 0, 1, 2, 1, 2, 1, 1, 1, 1, 1, 1, 0, 1, 2, 0, 0, 0, 2, 2, 2, 1, 2, 2, 1, 0, 1, 2, 0, 0, 1, 0, 2, 0, 1, 0, 2, 1, 0, 0]|[0, 3, 2, 2, 4, 1, 2, 3, 2, 4, 1, 1, 2, 4, 4, 1, 1, 4, 2, 1, 1, 1, 1, 2, 1, 2, 1, 1, 2, 1, 3, 2, 3, 1, 4, 0, 1, 1, 0, 3, 2, 2, 2, 0, 1, 1, 0, 4, 0, 1, 2, 2, 1, 4, 0, 3, 1, 1, 1, 1, 3, 1, 1, 1, 3, 0, 4, 3, 1, 4, 1, 1, 2, 4, 1, 1, 2, 1, 2, 1, 1, 3, 1, 1, 1, 1, 4, 1, 2, 1, 3, 2, 1, 1, 1, 2, 1, 4, 2, 2]|[0, 2, 1, 1, 3, 0, 1, 3, 0, 0, 0, 0, 1, 0, 1, 0, 0, 3, 1, 0, 0, 0, 3, 1, 0, 2, 0, 0, 0, 1, 0, 0, 0, 0, 3, 0, 1, 0, 0, 2, 1, 1, 1, 0, 0, 0, 0, 2, 1, 0, 0, 0, 1, 3, 0, 0, 0, 0, 0, 0, 2, 0, 1, 0, 2, 1, 0, 0, 1, 1, 3, 1, 1, 3, 0, 0, 1, 0, 1, 0, 0, 0, 0, 0, 1, 0, 0, 0, 1, 0, 2, 1, 0, 1, 1, 0, 0, 2, 0, 0],726.9061273463456,57092.60052686413,92996.29751897219,false
50,G4_BALANCED,G3_TWC,[31, 22, 82, 15, 26, 58, 95, 42, 77, 12, 47, 5, 93, 78, 86, 54, 85, 63, 18, 44, 20, 35, 43, 97, 91, 76, 10, 30, 21, 45, 71, 64, 1, 23, 17, 83, 24, 14, 60, 36, 6, 57, 40, 88, 65, 56, 79, 94, 67, 68, 46, 29, 38, 9, 19, 32, 81, 41, 27, 87, 90, 99, 59, 62, 11, 66, 72, 73, 39, 37, 70, 84, 3, 92, 25, 55, 28, 75, 51, 7, 33, 61, 50, 48, 89, 98, 16, 96, 53, 80, 4, 8, 34, 49, 52, 0, 13, 2, 69, 74]|[1, 1, 0, 1, 1, 0, 1, 2, 2, 1, 2, 2, 2, 1, 1, 0, 0, 1, 0, 2, 2, 0, 1, 2, 0, 1, 2, 2, 0, 0, 1, 2, 1, 2, 1, 0, 2, 0, 1, 1, 0, 1, 1, 1, 0, 2, 1, 1, 0, 0, 0, 0, 1, 1, 2, 1, 2, 0, 0, 2, 1, 0, 0, 1, 2, 1, 2, 1, 1, 1, 1, 1, 1, 0, 1, 2, 0, 0, 0, 1, 2, 1, 0, 0, 1, 2, 1, 2, 0, 0, 1, 1, 2, 0, 1, 0, 0, 0, 1, 2]|[4, 3, 2, 2, 4, 1, 2, 2, 2, 4, 1, 1, 2, 4, 4, 1, 2, 4, 2, 1, 1, 1, 1, 2, 1, 2, 1, 1, 2, 1, 3, 2, 3, 1, 4, 0, 1, 1, 0, 3, 2, 2, 2, 0, 1, 1, 0, 4, 0, 1, 2, 2, 1, 4, 0, 3, 1, 1, 1, 1, 3, 1, 1, 1, 1, 3, 1, 4, 3, 4, 4, 1, 1, 0, 4, 1, 2, 2, 1, 1, 1, 3, 1, 1, 1, 1, 3, 1, 2, 1, 4, 3, 1, 1, 1, 2, 2, 2, 4, 1]|[0, 2, 1, 1, 3, 0, 1, 0, 0, 0, 0, 0, 1, 0, 1, 0, 0, 3, 1, 0, 0, 0, 3, 1, 0, 2, 0, 0, 0, 1, 0, 0, 0, 0, 3, 0, 1, 0, 0, 2, 1, 1, 1, 0, 0, 0, 0, 2, 1, 0, 0, 0, 1, 3, 0, 0, 0, 0, 0, 0, 2, 0, 0, 1, 0, 2, 0, 0, 0, 1, 1, 3, 1, 1, 3, 0, 1, 0, 0, 2, 0, 0, 0, 0, 1, 0, 2, 0, 1, 0, 0, 2, 0, 1, 1, 0, 0, 0, 2, 0],790.1065585729232,55182.91733167286,99877.78113148188,true
50,G2_TEC,G2_TEC,[31, 94, 82, 15, 26, 9, 95, 42, 77, 68, 47, 5, 93, 78, 86, 54, 85, 63, 18, 44, 20, 49, 36, 14, 74, 50, 53, 17, 21, 28, 11, 64, 3, 23, 30, 83, 24, 41, 40, 52, 65, 27, 90, 70, 39, 87, 48, 69, 99, 4, 75, 1, 13, 58, 97, 59, 45, 8, 73, 37, 35, 79, 71, 66, 76, 32, 60, 80, 56, 6, 67, 61, 33, 7, 57, 34, 12, 16, 10, 98, 96, 88, 43, 81, 91, 2, 84, 29, 92, 19, 51, 55, 89, 46, 25, 72, 22, 38, 62, 0]|[2, 1, 2, 1, 1, 2, 1, 1, 1, 1, 1, 0, 2, 2, 1, 2, 0, 0, 0, 2, 2, 1, 0, 2, 0, 2, 2, 1, 0, 1, 1, 1, 0, 0, 1, 0, 2, 1, 2, 2, 0, 0, 1, 1, 0, 2, 0, 2, 1, 0, 0, 2, 0, 2, 2, 0, 1, 1, 0, 0, 2, 1, 1, 2, 2, 0, 2, 2, 2, 1, 2, 1, 1, 2, 0, 1, 1, 2, 1, 2, 0, 1, 1, 1, 1, 0, 0, 1, 0, 1, 1, 0, 1, 0, 1, 1, 2, 0, 1, 0]|[0, 3, 0, 3, 4, 1, 4, 4, 4, 4, 3, 2, 1, 0, 2, 1, 1, 1, 2, 1, 1, 3, 0, 1, 0, 1, 1, 4, 1, 4, 3, 2, 2, 0, 4, 1, 1, 4, 1, 1, 2, 1, 4, 4, 1, 1, 0, 1, 3, 2, 2, 1, 2, 1, 1, 2, 4, 3, 0, 2, 1, 3, 3, 1, 1, 2, 1, 1, 1, 4, 1, 3, 4, 1, 2, 4, 3, 1, 3, 1, 2, 4, 4, 4, 3, 2, 2, 3, 2, 4, 3, 2, 4, 2, 4, 4, 1, 2, 3, 2]|[0, 2, 0, 0, 3, 0, 1, 3, 1, 0, 2, 0, 1, 0, 1, 0, 0, 0, 1, 0, 0, 2, 0, 0, 1, 0, 0, 3, 0, 1, 0, 2, 0, 0, 3, 0, 1, 1, 0, 0, 0, 0, 1, 3, 0, 0, 1, 0, 2, 0, 0, 0, 0, 0, 1, 0, 1, 0, 1, 1, 0, 2, 0, 0, 0, 0, 0, 0, 0, 2, 0, 0, 1, 0, 0, 1, 0, 0, 3, 0, 0, 1, 2, 2, 0, 0, 0, 3, 0, 1, 0, 0, 1, 0, 3, 1, 0, 0, 0, 0],910.6016522559228,48477.97680877805,107310.38223400299,false
50,G3_TWC,G3_TWC,[31, 22, 42, 15, 26, 58, 95, 82, 77, 12, 47, 5, 93, 78, 98, 54, 85, 63, 18, 44, 20, 35, 43, 97, 91, 76, 10, 30, 21, 45, 71, 64, 1, 23, 17, 83, 24, 61, 60, 36, 6, 57, 94, 88, 65, 56, 79, 40, 67, 68, 46, 75, 38, 9, 19, 32, 81, 41, 27, 62, 87, 90, 99, 59, 11, 16, 72, 73, 70, 39, 37, 84, 3, 92, 25, 74, 28, 29, 51, 7, 53, 14, 86, 48, 89, 50, 66, 96, 33, 80, 4, 8, 55, 49, 0, 52, 69, 2, 13, 34]|[1, 1, 0, 1, 1, 1, 2, 1, 2, 1, 2, 2, 2, 1, 1, 0, 0, 1, 0, 2, 2, 0, 1, 2, 0, 1, 2, 2, 0, 0, 1, 2, 1, 2, 1, 0, 2, 0, 1, 1, 0, 1, 1, 1, 0, 2, 1, 1, 0, 0, 0, 0, 1, 1, 2, 1, 2, 0, 0, 0, 2, 1, 0, 1, 2, 1, 2, 1, 1, 1, 1, 1, 2, 0, 1, 2, 0, 0, 0, 1, 0, 1, 0, 0, 1, 0, 0, 0, 2, 0, 0, 1, 1, 0, 0, 1, 1, 0, 0, 2]|[4, 3, 2, 2, 0, 0, 2, 2, 2, 4, 1, 1, 2, 4, 4, 1, 1, 4, 2, 1, 1, 1, 1, 2, 1, 2, 1, 1, 1, 1, 3, 2, 3, 0, 4, 0, 1, 1, 0, 3, 2, 2, 4, 0, 1, 1, 3, 2, 0, 1, 2, 2, 1, 4, 0, 3, 2, 1, 1, 2, 1, 3, 1, 1, 1, 3, 0, 4, 3, 1, 4, 1, 1, 2, 4, 1, 2, 1, 1, 3, 2, 3, 1, 1, 1, 1, 1, 1, 1, 1, 2, 3, 4, 1, 2, 1, 3, 2, 2, 1]|[0, 2, 1, 1, 3, 3, 0, 1, 0, 0, 0, 0, 1, 0, 1, 0, 0, 3, 1, 0, 0, 0, 3, 1, 0, 2, 0, 0, 0, 1, 0, 0, 0, 0, 3, 0, 1, 0, 0, 2, 1, 1, 2, 0, 0, 0, 0, 1, 1, 0, 0, 0, 1, 3, 0, 0, 1, 0, 0, 1, 0, 2, 0, 1, 0, 2, 1, 0, 0, 1, 1, 3, 0, 1, 3, 0, 1, 0, 0, 2, 1, 0, 0, 0, 1, 0, 0, 0, 0, 0, 1, 2, 3, 1, 0, 1, 0, 0, 0, 0],802.5281847645216,57652.86795409501,87938.17744329936,false
50,G1_CMAX,G3_TWC,[31, 22, 42, 15, 26, 58, 95, 82, 77, 12, 47, 5, 93, 78, 98, 54, 85, 63, 18, 44, 20, 35, 43, 97, 91, 76, 10, 30, 21, 45, 71, 64, 1, 23, 17, 83, 24, 61, 60, 36, 6, 57, 94, 88, 65, 56, 79, 40, 67, 68, 46, 75, 38, 9, 19, 32, 81, 41, 27, 62, 87, 90, 99, 59, 11, 16, 72, 73, 70, 39, 37, 84, 3, 92, 25, 74, 28, 29, 51, 7, 33, 14, 86, 48, 89, 50, 66, 96, 53, 80, 4, 8, 55, 49, 0, 52, 13, 2, 69, 34]|[1, 1, 0, 1, 1, 1, 2, 1, 2, 1, 2, 2, 2, 1, 1, 0, 0, 1, 0, 2, 2, 0, 1, 2, 0, 1, 2, 2, 0, 0, 1, 2, 1, 2, 1, 0, 2, 0, 1, 1, 0, 1, 1, 1, 0, 2, 1, 1, 0, 0, 0, 0, 1, 1, 2, 1, 2, 0, 0, 0, 2, 1, 0, 1, 2, 1, 2, 1, 1, 1, 1, 1, 2, 0, 1, 2, 0, 0, 0, 1, 2, 1, 0, 0, 1, 0, 0, 2, 0, 0, 0, 1, 1, 0, 0, 1, 0, 0, 1, 2]|[4, 3, 2, 2, 0, 0, 2, 2, 2, 4, 1, 1, 2, 4, 4, 1, 1, 4, 2, 1, 1, 1, 1, 2, 1, 2, 1, 1, 1, 1, 3, 2, 3, 0, 4, 0, 1, 1, 0, 3, 2, 2, 4, 0, 1, 1, 3, 2, 0, 1, 2, 2, 1, 4, 0, 3, 2, 1, 1, 2, 1, 3, 1, 1, 1, 3, 0, 4, 3, 1, 4, 1, 1, 2, 4, 1, 2, 1, 1, 3, 1, 3, 1, 1, 1, 1, 1, 1, 2, 1, 2, 3, 4, 1, 2, 1, 2, 2, 4, 1]|[0, 2, 1, 1, 3, 3, 0, 1, 0, 0, 0, 0, 1, 0, 1, 0, 0, 3, 1, 0, 0, 0, 3, 1, 0, 2, 0, 0, 0, 1, 0, 0, 0, 0, 3, 0, 1, 0, 0, 2, 1, 1, 2, 0, 0, 0, 0, 1, 1, 0, 0, 0, 1, 3, 0, 0, 1, 0, 0, 1, 0, 2, 0, 1, 0, 2, 1, 0, 0, 1, 1, 3, 0, 1, 3, 0, 1, 0, 0, 2, 0, 0, 0, 0, 1, 0, 0, 0, 1, 0, 1, 2, 3, 1, 0, 1, 0, 0, 2, 0],788.9239406038722,57579.63296604789,88724.05875018504,true
50,G4_BALANCED,G3_TWC,[31, 22, 82, 15, 26, 58, 95, 42, 77, 12, 47, 5, 93, 78, 86, 54, 85, 63, 18, 44, 20, 35, 43, 97, 91, 76, 10, 30, 21, 45, 71, 64, 1, 23, 17, 83, 24, 14, 60, 36, 6, 57, 40, 88, 65, 56, 79, 94, 67, 68, 46, 29, 38, 9, 19, 32, 81, 41, 27, 87, 90, 99, 59, 62, 11, 66, 72, 73, 39, 37, 70, 84, 3, 92, 25, 55, 28, 75, 51, 7, 33, 61, 50, 48, 89, 98, 16, 96, 53, 80, 4, 8, 34, 49, 52, 0, 13, 2, 69, 74]|[1, 1, 0, 1, 1, 0, 1, 2, 2, 1, 2, 2, 2, 1, 1, 0, 0, 1, 0, 2, 2, 0, 1, 2, 0, 1, 2, 2, 0, 0, 1, 2, 1, 2, 1, 0, 2, 0, 1, 1, 0, 1, 1, 1, 0, 2, 1, 1, 0, 0, 0, 0, 1, 1, 2, 1, 2, 0, 0, 2, 1, 0, 0, 1, 2, 1, 2, 1, 1, 1, 1, 1, 1, 0, 1, 2, 0, 0, 0, 1, 2, 1, 0, 0, 1, 2, 1, 2, 0, 0, 1, 1, 2, 0, 1, 0, 0, 0, 1, 2]|[4, 3, 2, 2, 4, 1, 2, 2, 2, 4, 1, 1, 2, 4, 4, 1, 2, 4, 2, 1, 1, 1, 1, 2, 1, 2, 1, 1, 2, 1, 3, 2, 3, 1, 4, 0, 1, 1, 0, 3, 2, 2, 2, 0, 1, 1, 0, 4, 0, 1, 2, 2, 1, 4, 0, 3, 1, 1, 1, 1, 3, 1, 1, 1, 1, 3, 1, 4, 3, 4, 4, 1, 1, 0, 4, 1, 2, 2, 1, 1, 1, 3, 1, 1, 1, 1, 3, 1, 2, 1, 4, 3, 1, 1, 1, 2, 2, 2, 4, 1]|[0, 2, 1, 1, 3, 0, 1, 0, 0, 0, 0, 0, 1, 0, 1, 0, 0, 3, 1, 0, 0, 0, 3, 1, 0, 2, 0, 0, 0, 1, 0, 0, 0, 0, 3, 0, 1, 0, 0, 2, 1, 1, 1, 0, 0, 0, 0, 2, 1, 0, 0, 0, 1, 3, 0, 0, 0, 0, 0, 0, 2, 0, 0, 1, 0, 2, 0, 0, 0, 1, 1, 3, 1, 1, 3, 0, 1, 0, 0, 2, 0, 0, 0, 0, 1, 0, 2, 0, 1, 0, 0, 2, 0, 1, 1, 0, 0, 0, 2, 0],790.1065585729232,55182.91733167286,99877.78113148188,true
50,G2_TEC,G2_TEC,[31, 94, 82, 15, 26, 9, 95, 42, 77, 68, 47, 5, 93, 78, 86, 54, 85, 63, 18, 44, 20, 49, 36, 14, 74, 50, 53, 17, 21, 28, 11, 64, 3, 23, 30, 83, 24, 41, 40, 52, 65, 27, 90, 70, 39, 87, 48, 69, 99, 4, 75, 1, 13, 58, 97, 59, 45, 8, 73, 37, 35, 79, 71, 66, 76, 32, 60, 80, 56, 6, 67, 61, 33, 7, 57, 34, 12, 16, 10, 98, 96, 88, 43, 81, 91, 2, 84, 29, 92, 19, 51, 55, 89, 46, 25, 72, 22, 38, 62, 0]|[2, 1, 2, 1, 1, 2, 1, 1, 1, 1, 1, 0, 2, 2, 1, 2, 0, 0, 0, 2, 2, 1, 0, 2, 0, 2, 2, 1, 0, 1, 1, 1, 0, 0, 1, 0, 2, 1, 2, 2, 0, 0, 1, 1, 0, 2, 0, 2, 1, 0, 0, 2, 0, 2, 2, 0, 1, 1, 0, 0, 2, 1, 1, 2, 2, 0, 2, 2, 2, 1, 2, 1, 1, 2, 0, 1, 1, 2, 1, 2, 0, 1, 1, 1, 1, 0, 0, 1, 0, 1, 1, 0, 1, 0, 1, 1, 2, 0, 1, 0]|[0, 3, 0, 3, 4, 1, 4, 4, 4, 4, 3, 2, 1, 0, 2, 1, 1, 1, 2, 1, 1, 3, 0, 1, 0, 1, 1, 4, 1, 4, 3, 2, 2, 0, 4, 1, 1, 4, 1, 1, 2, 1, 4, 4, 1, 1, 0, 1, 3, 2, 2, 1, 2, 1, 1, 2, 4, 3, 0, 2, 1, 3, 3, 1, 1, 2, 1, 1, 1, 4, 1, 3, 4, 1, 2, 4, 3, 1, 3, 1, 2, 4, 4, 4, 3, 2, 2, 3, 2, 4, 3, 2, 4, 2, 4, 4, 1, 2, 3, 2]|[0, 2, 0, 0, 3, 0, 1, 3, 1, 0, 2, 0, 1, 0, 1, 0, 0, 0, 1, 0, 0, 2, 0, 0, 1, 0, 0, 3, 0, 1, 0, 2, 0, 0, 3, 0, 1, 1, 0, 0, 0, 0, 1, 3, 0, 0, 1, 0, 2, 0, 0, 0, 0, 0, 1, 0, 1, 0, 1, 1, 0, 2, 0, 0, 0, 0, 0, 0, 0, 2, 0, 0, 1, 0, 0, 1, 0, 0, 3, 0, 0, 1, 2, 2, 0, 0, 0, 3, 0, 1, 0, 0, 1, 0, 3, 1, 0, 0, 0, 0],910.6016522559228,48477.97680877805,107310.38223400299,false
50,G3_TWC,G3_TWC,[31, 22, 42, 15, 26, 58, 95, 82, 77, 12, 47, 5, 93, 78, 98, 54, 85, 63, 18, 44, 20, 35, 43, 97, 91, 76, 10, 30, 21, 45, 71, 64, 1, 23, 17, 83, 24, 61, 60, 36, 6, 57, 94, 88, 65, 56, 79, 40, 67, 68, 46, 75, 38, 9, 19, 32, 81, 41, 27, 62, 87, 90, 99, 59, 11, 16, 72, 73, 70, 39, 37, 84, 3, 92, 25, 74, 28, 29, 51, 7, 53, 14, 86, 48, 89, 50, 66, 96, 33, 80, 4, 8, 55, 49, 0, 52, 69, 2, 13, 34]|[1, 1, 0, 1, 1, 1, 2, 1, 2, 1, 2, 2, 2, 1, 1, 0, 0, 1, 0, 2, 2, 0, 1, 2, 0, 1, 2, 2, 0, 0, 1, 2, 1, 2, 1, 0, 2, 0, 1, 1, 0, 1, 1, 1, 0, 2, 1, 1, 0, 0, 0, 0, 1, 1, 2, 1, 2, 0, 0, 0, 2, 1, 0, 1, 2, 1, 2, 1, 1, 1, 1, 1, 2, 0, 1, 2, 0, 0, 0, 1, 0, 1, 0, 0, 1, 0, 0, 0, 2, 0, 0, 1, 1, 0, 0, 1, 1, 0, 0, 2]|[4, 3, 2, 2, 0, 0, 2, 2, 2, 4, 1, 1, 2, 4, 4, 1, 1, 4, 2, 1, 1, 1, 1, 2, 1, 2, 1, 1, 1, 1, 3, 2, 3, 0, 4, 0, 1, 1, 0, 3, 2, 2, 4, 0, 1, 1, 3, 2, 0, 1, 2, 2, 1, 4, 0, 3, 2, 1, 1, 2, 1, 3, 1, 1, 1, 3, 0, 4, 3, 1, 4, 1, 1, 2, 4, 1, 2, 1, 1, 3, 2, 3, 1, 1, 1, 1, 1, 1, 1, 1, 2, 3, 4, 1, 2, 1, 3, 2, 2, 1]|[0, 2, 1, 1, 3, 3, 0, 1, 0, 0, 0, 0, 1, 0, 1, 0, 0, 3, 1, 0, 0, 0, 3, 1, 0, 2, 0, 0, 0, 1, 0, 0, 0, 0, 3, 0, 1, 0, 0, 2, 1, 1, 2, 0, 0, 0, 0, 1, 1, 0, 0, 0, 1, 3, 0, 0, 1, 0, 0, 1, 0, 2, 0, 1, 0, 2, 1, 0, 0, 1, 1, 3, 0, 1, 3, 0, 1, 0, 0, 2, 1, 0, 0, 0, 1, 0, 0, 0, 0, 0, 1, 2, 3, 1, 0, 1, 0, 0, 0, 0],802.5281847645216,57652.86795409501,87938.17744329936,false
50,G1_CMAX,G1_CMAX,[31, 22, 82, 15, 26, 99, 95, 42, 77, 12, 47, 5, 93, 78, 86, 54, 21, 63, 18, 44, 20, 35, 43, 97, 91, 76, 10, 30, 85, 45, 71, 64, 1, 23, 57, 83, 24, 14, 60, 36, 6, 17, 40, 88, 65, 56, 79, 94, 67, 68, 46, 75, 38, 9, 19, 32, 41, 81, 27, 87, 90, 58, 59, 11, 16, 72, 73, 70, 39, 37, 84, 3, 92, 62, 25, 55, 28, 29, 51, 7, 33, 61, 48, 66, 89, 50, 98, 96, 53, 80, 4, 8, 34, 49, 52, 0, 13, 2, 69, 74]|[1, 1, 0, 1, 1, 0, 1, 1, 2, 1, 2, 2, 2, 1, 1, 0, 0, 1, 0, 2, 2, 0, 1, 2, 0, 1, 2, 2, 0, 0, 1, 2, 1, 2, 1, 0, 2, 0, 1, 1, 0, 1, 1, 1, 0, 2, 1, 1, 0, 0, 0, 0, 1, 1, 2, 1, 0, 2, 0, 2, 1, 0, 1, 2, 1, 2, 1, 1, 1, 1, 1, 1, 0, 0, 1, 2, 0, 0, 0, 2, 2, 1, 0, 2, 1, 0, 2, 2, 0, 0, 1, 1, 2, 0, 1, 0, 0, 0, 1, 2]|[4, 3, 2, 2, 4, 1, 2, 3, 2, 4, 1, 1, 2, 4, 4, 1, 1, 4, 2, 1, 1, 1, 1, 2, 1, 2, 1, 1, 2, 1, 3, 2, 3, 1, 4, 0, 1, 1, 0, 3, 2, 2, 2, 0, 1, 1, 0, 4, 0, 1, 2, 2, 1, 4, 0, 3, 1, 1, 1, 1, 3, 1, 1, 1, 3, 0, 4, 3, 1, 4, 1, 1, 2, 2, 4, 1, 2, 1, 1, 1, 1, 3, 1, 1, 1, 1, 1, 1, 2, 1, 4, 3, 1, 1, 1, 2, 2, 2, 4, 1]|[0, 2, 1, 1, 3, 0, 1, 3, 0, 0, 0, 0, 1, 0, 1, 0, 0, 3, 1, 0, 0, 0, 3, 1, 0, 2, 0, 0, 0, 1, 0, 0, 0, 0, 3, 0, 1, 0, 0, 2, 1, 1, 1, 0, 0, 0, 0, 2, 1, 0, 0, 0, 1, 3, 0, 0, 0, 0, 0, 0, 2, 0, 1, 0, 2, 1, 0, 0, 1, 1, 3, 1, 1, 1, 3, 0, 1, 0, 0, 0, 0, 0, 0, 0, 1, 0, 0, 0, 1, 0, 0, 2, 0, 1, 1, 0, 0, 0, 2, 0],734.7453063916988,56263.92028463015,92350.96868886708,false
50,G4_BALANCED,G3_TWC,[31, 22, 82, 15, 26, 58, 95, 42, 77, 12, 47, 5, 93, 78, 86, 54, 85, 63, 18, 44, 20, 35, 43, 97, 91, 76, 10, 30, 21, 45, 71, 64, 1, 23, 17, 83, 24, 14, 60, 36, 6, 57, 40, 88, 65, 56, 79, 94, 67, 68, 46, 29, 38, 9, 19, 32, 81, 41, 27, 87, 90, 99, 59, 62, 11, 66, 72, 73, 39, 37, 70, 84, 3, 92, 25, 55, 28, 75, 51, 7, 33, 61, 50, 48, 89, 98, 16, 96, 53, 80, 4, 8, 34, 49, 52, 0, 13, 2, 69, 74]|[1, 1, 0, 1, 1, 0, 1, 2, 2, 1, 2, 2, 2, 1, 1, 0, 0, 1, 0, 2, 2, 0, 1, 2, 0, 1, 2, 2, 0, 0, 1, 2, 1, 2, 1, 0, 2, 0, 1, 1, 0, 1, 1, 1, 0, 2, 1, 1, 0, 0, 0, 0, 1, 1, 2, 1, 2, 0, 0, 2, 1, 0, 0, 1, 2, 1, 2, 1, 1, 1, 1, 1, 1, 0, 1, 2, 0, 0, 0, 1, 2, 1, 0, 0, 1, 2, 1, 2, 0, 0, 1, 1, 2, 0, 1, 0, 0, 0, 1, 2]|[4, 3, 2, 2, 4, 1, 2, 2, 2, 4, 1, 1, 2, 4, 4, 1, 2, 4, 2, 1, 1, 1, 1, 2, 1, 2, 1, 1, 2, 1, 3, 2, 3, 1, 4, 0, 1, 1, 0, 3, 2, 2, 2, 0, 1, 1, 0, 4, 0, 1, 2, 2, 1, 4, 0, 3, 1, 1, 1, 1, 3, 1, 1, 1, 1, 3, 1, 4, 3, 4, 4, 1, 1, 0, 4, 1, 2, 2, 1, 1, 1, 3, 1, 1, 1, 1, 3, 1, 2, 1, 4, 3, 1, 1, 1, 2, 2, 2, 4, 1]|[0, 2, 1, 1, 3, 0, 1, 0, 0, 0, 0, 0, 1, 0, 1, 0, 0, 3, 1, 0, 0, 0, 3, 1, 0, 2, 0, 0, 0, 1, 0, 0, 0, 0, 3, 0, 1, 0, 0, 2, 1, 1, 1, 0, 0, 0, 0, 2, 1, 0, 0, 0, 1, 3, 0, 0, 0, 0, 0, 0, 2, 0, 0, 1, 0, 2, 0, 0, 0, 1, 1, 3, 1, 1, 3, 0, 1, 0, 0, 2, 0, 0, 0, 0, 1, 0, 2, 0, 1, 0, 0, 2, 0, 1, 1, 0, 0, 0, 2, 0],790.1065585729232,55182.91733167286,99877.78113148188,true
50,G2_TEC,G2_TEC,[31, 94, 82, 15, 26, 9, 95, 42, 77, 68, 47, 5, 93, 78, 86, 54, 85, 63, 18, 44, 20, 49, 36, 14, 74, 50, 53, 17, 21, 28, 11, 64, 3, 23, 30, 83, 24, 41, 40, 52, 65, 27, 90, 70, 39, 87, 48, 69, 99, 4, 75, 1, 13, 58, 97, 59, 45, 8, 73, 37, 35, 79, 71, 66, 76, 32, 60, 80, 56, 6, 67, 61, 33, 7, 57, 34, 12, 16, 10, 98, 96, 88, 43, 81, 91, 2, 84, 29, 92, 19, 51, 55, 89, 46, 25, 72, 22, 38, 62, 0]|[2, 1, 2, 1, 1, 2, 1, 1, 1, 1, 1, 0, 2, 2, 1, 2, 0, 0, 0, 2, 2, 1, 0, 2, 0, 2, 2, 1, 0, 1, 1, 1, 0, 0, 1, 0, 2, 1, 2, 2, 0, 0, 1, 1, 0, 2, 0, 2, 1, 0, 0, 2, 0, 2, 2, 0, 1, 1, 0, 0, 2, 1, 1, 2, 2, 0, 2, 2, 2, 1, 2, 1, 1, 2, 0, 1, 1, 2, 1, 2, 0, 1, 1, 1, 1, 0, 0, 1, 0, 1, 1, 0, 1, 0, 1, 1, 2, 0, 1, 0]|[0, 3, 0, 3, 4, 1, 4, 4, 4, 4, 3, 2, 1, 0, 2, 1, 1, 1, 2, 1, 1, 3, 0, 1, 0, 1, 1, 4, 1, 4, 3, 2, 2, 0, 4, 1, 1, 4, 1, 1, 2, 1, 4, 4, 1, 1, 0, 1, 3, 2, 2, 1, 2, 1, 1, 2, 4, 3, 0, 2, 1, 3, 3, 1, 1, 2, 1, 1, 1, 4, 1, 3, 4, 1, 2, 4, 3, 1, 3, 1, 2, 4, 4, 4, 3, 2, 2, 3, 2, 4, 3, 2, 4, 2, 4, 4, 1, 2, 3, 2]|[0, 2, 0, 0, 3, 0, 1, 3, 1, 0, 2, 0, 1, 0, 1, 0, 0, 0, 1, 0, 0, 2, 0, 0, 1, 0, 0, 3, 0, 1, 0, 2, 0, 0, 3, 0, 1, 1, 0, 0, 0, 0, 1, 3, 0, 0, 1, 0, 2, 0, 0, 0, 0, 0, 1, 0, 1, 0, 1, 1, 0, 2, 0, 0, 0, 0, 0, 0, 0, 2, 0, 0, 1, 0, 0, 1, 0, 0, 3, 0, 0, 1, 2, 2, 0, 0, 0, 3, 0, 1, 0, 0, 1, 0, 3, 1, 0, 0, 0, 0],910.6016522559228,48477.97680877805,107310.38223400299,false
50,G3_TWC,G3_TWC,[31, 22, 42, 15, 26, 58, 95, 82, 77, 12, 47, 5, 93, 78, 98, 54, 85, 63, 18, 44, 20, 35, 43, 97, 91, 76, 10, 30, 21, 45, 71, 64, 1, 23, 17, 83, 24, 61, 60, 36, 6, 57, 94, 88, 65, 56, 79, 40, 67, 68, 46, 75, 38, 9, 19, 32, 81, 41, 27, 62, 87, 90, 99, 59, 11, 16, 72, 73, 70, 39, 37, 84, 3, 92, 25, 74, 28, 29, 51, 7, 53, 14, 86, 48, 89, 50, 66, 96, 33, 80, 4, 8, 55, 49, 0, 52, 69, 2, 13, 34]|[1, 1, 0, 1, 1, 1, 2, 1, 2, 1, 2, 2, 2, 1, 1, 0, 0, 1, 0, 2, 2, 0, 1, 2, 0, 1, 2, 2, 0, 0, 1, 2, 1, 2, 1, 0, 2, 0, 1, 1, 0, 1, 1, 1, 0, 2, 1, 1, 0, 0, 0, 0, 1, 1, 2, 1, 2, 0, 0, 0, 2, 1, 0, 1, 2, 1, 2, 1, 1, 1, 1, 1, 2, 0, 1, 2, 0, 0, 0, 1, 0, 1, 0, 0, 1, 0, 0, 0, 2, 0, 0, 1, 1, 0, 0, 1, 1, 0, 0, 2]|[4, 3, 2, 2, 0, 0, 2, 2, 2, 4, 1, 1, 2, 4, 4, 1, 1, 4, 2, 1, 1, 1, 1, 2, 1, 2, 1, 1, 1, 1, 3, 2, 3, 0, 4, 0, 1, 1, 0, 3, 2, 2, 4, 0, 1, 1, 3, 2, 0, 1, 2, 2, 1, 4, 0, 3, 2, 1, 1, 2, 1, 3, 1, 1, 1, 3, 0, 4, 3, 1, 4, 1, 1, 2, 4, 1, 2, 1, 1, 3, 2, 3, 1, 1, 1, 1, 1, 1, 1, 1, 2, 3, 4, 1, 2, 1, 3, 2, 2, 1]|[0, 2, 1, 1, 3, 3, 0, 1, 0, 0, 0, 0, 1, 0, 1, 0, 0, 3, 1, 0, 0, 0, 3, 1, 0, 2, 0, 0, 0, 1, 0, 0, 0, 0, 3, 0, 1, 0, 0, 2, 1, 1, 2, 0, 0, 0, 0, 1, 1, 0, 0, 0, 1, 3, 0, 0, 1, 0, 0, 1, 0, 2, 0, 1, 0, 2, 1, 0, 0, 1, 1, 3, 0, 1, 3, 0, 1, 0, 0, 2, 1, 0, 0, 0, 1, 0, 0, 0, 0, 0, 1, 2, 3, 1, 0, 1, 0, 0, 0, 0],802.5281847645216,57652.86795409501,87938.17744329936,false
50,G1_CMAX,G3_TWC,[31, 22, 42, 15, 26, 58, 95, 82, 77, 12, 47, 5, 93, 78, 98, 54, 85, 63, 18, 44, 20, 35, 43, 97, 91, 76, 10, 30, 21, 45, 71, 64, 1, 23, 17, 83, 24, 61, 60, 36, 6, 57, 94, 88, 65, 56, 79, 40, 67, 68, 46, 75, 38, 9, 19, 32, 81, 41, 27, 62, 87, 90, 99, 59, 11, 16, 72, 73, 70, 39, 37, 84, 3, 92, 25, 74, 28, 29, 51, 7, 53, 14, 86, 48, 89, 50, 66, 96, 33, 80, 4, 8, 55, 49, 0, 52, 13, 2, 69, 34]|[1, 1, 0, 1, 1, 1, 2, 1, 2, 1, 2, 2, 2, 1, 1, 0, 0, 1, 0, 2, 2, 0, 1, 2, 0, 1, 2, 2, 0, 0, 1, 2, 1, 2, 1, 0, 2, 0, 1, 1, 0, 1, 1, 1, 0, 2, 1, 1, 0, 0, 0, 0, 1, 1, 2, 1, 2, 0, 0, 0, 2, 1, 0, 1, 2, 1, 2, 1, 1, 1, 1, 1, 2, 0, 1, 2, 0, 0, 0, 1, 0, 1, 0, 0, 1, 0, 0, 2, 2, 0, 0, 1, 1, 0, 0, 1, 0, 0, 1, 2]|[4, 3, 2, 2, 0, 0, 2, 2, 2, 4, 1, 1, 2, 4, 4, 1, 1, 4, 2, 1, 1, 1, 1, 2, 1, 2, 1, 1, 1, 1, 3, 2, 3, 0, 4, 0, 1, 1, 0, 3, 2, 2, 4, 0, 1, 1, 3, 2, 0, 1, 2, 2, 1, 4, 0, 3, 2, 1, 1, 2, 1, 3, 1, 1, 1, 3, 0, 4, 3, 1, 4, 1, 1, 2, 4, 1, 2, 1, 1, 3, 2, 3, 1, 1, 1, 1, 1, 1, 1, 1, 2, 3, 4, 1, 2, 1, 2, 2, 3, 1]|[0, 2, 1, 1, 3, 3, 0, 1, 0, 0, 0, 0, 1, 0, 1, 0, 0, 3, 1, 0, 0, 0, 3, 1, 0, 2, 0, 0, 0, 1, 0, 0, 0, 0, 3, 0, 1, 0, 0, 2, 1, 1, 2, 0, 0, 0, 0, 1, 1, 0, 0, 0, 1, 3, 0, 0, 1, 0, 0, 1, 0, 2, 0, 1, 0, 2, 1, 0, 0, 1, 1, 3, 0, 1, 3, 0, 1, 0, 0, 2, 1, 0, 0, 0, 1, 0, 0, 0, 0, 0, 1, 2, 3, 1, 0, 1, 0, 0, 0, 0],788.9239406038722,57498.98672513182,89086.8797353254,true
50,G4_BALANCED,G3_TWC,[31, 22, 82, 15, 26, 58, 95, 42, 77, 12, 47, 5, 93, 78, 86, 54, 85, 63, 18, 44, 20, 35, 43, 97, 91, 76, 10, 30, 21, 45, 71, 64, 1, 23, 17, 83, 24, 14, 60, 36, 6, 57, 40, 88, 65, 56, 79, 94, 67, 68, 46, 29, 38, 9, 19, 32, 81, 41, 27, 87, 90, 99, 59, 62, 11, 66, 72, 73, 39, 37, 70, 84, 3, 92, 25, 55, 28, 75, 51, 7, 33, 61, 50, 48, 89, 98, 16, 96, 53, 80, 4, 8, 34, 49, 52, 0, 13, 2, 69, 74]|[1, 1, 0, 1, 1, 0, 1, 2, 2, 1, 2, 2, 2, 1, 1, 0, 0, 1, 0, 2, 2, 0, 1, 2, 0, 1, 2, 2, 0, 0, 1, 2, 1, 2, 1, 0, 2, 0, 1, 1, 0, 1, 1, 1, 0, 2, 1, 1, 0, 0, 0, 0, 1, 1, 2, 1, 2, 0, 0, 2, 1, 0, 0, 1, 2, 1, 2, 1, 1, 1, 1, 1, 1, 0, 1, 2, 0, 0, 0, 1, 2, 1, 0, 0, 1, 2, 1, 2, 0, 0, 1, 1, 2, 0, 1, 0, 0, 0, 1, 2]|[4, 3, 2, 2, 4, 1, 2, 2, 2, 4, 1, 1, 2, 4, 4, 1, 2, 4, 2, 1, 1, 1, 1, 2, 1, 2, 1, 1, 2, 1, 3, 2, 3, 1, 4, 0, 1, 1, 0, 3, 2, 2, 2, 0, 1, 1, 0, 4, 0, 1, 2, 2, 1, 4, 0, 3, 1, 1, 1, 1, 3, 1, 1, 1, 1, 3, 1, 4, 3, 4, 4, 1, 1, 0, 4, 1, 2, 2, 1, 1, 1, 3, 1, 1, 1, 1, 3, 1, 2, 1, 4, 3, 1, 1, 1, 2, 2, 2, 4, 1]|[0, 2, 1, 1, 3, 0, 1, 0, 0, 0, 0, 0, 1, 0, 1, 0, 0, 3, 1, 0, 0, 0, 3, 1, 0, 2, 0, 0, 0, 1, 0, 0, 0, 0, 3, 0, 1, 0, 0, 2, 1, 1, 1, 0, 0, 0, 0, 2, 1, 0, 0, 0, 1, 3, 0, 0, 0, 0, 0, 0, 2, 0, 0, 1, 0, 2, 0, 0, 0, 1, 1, 3, 1, 1, 3, 0, 1, 0, 0, 2, 0, 0, 0, 0, 1, 0, 2, 0, 1, 0, 0, 2, 0, 1, 1, 0, 0, 0, 2, 0],790.1065585729232,55182.91733167286,99877.78113148188,true
50,G2_TEC,G2_TEC,[31, 94, 82, 15, 26, 9, 95, 42, 77, 68, 47, 5, 93, 78, 86, 54, 85, 63, 18, 44, 20, 49, 36, 14, 74, 50, 53, 17, 21, 28, 11, 64, 3, 23, 30, 83, 24, 41, 40, 52, 65, 27, 90, 70, 39, 87, 48, 69, 99, 4, 75, 1, 13, 58, 97, 59, 45, 8, 73, 37, 35, 79, 71, 66, 76, 32, 60, 80, 56, 6, 67, 61, 33, 7, 57, 34, 12, 16, 10, 98, 96, 88, 43, 81, 91, 2, 84, 29, 92, 19, 51, 55, 89, 46, 25, 72, 22, 38, 62, 0]|[2, 1, 2, 1, 1, 2, 1, 1, 1, 1, 1, 0, 2, 2, 1, 2, 0, 0, 0, 2, 2, 1, 0, 2, 0, 2, 2, 1, 0, 1, 1, 1, 0, 0, 1, 0, 2, 1, 2, 2, 0, 0, 1, 1, 0, 2, 0, 2, 1, 0, 0, 2, 0, 2, 2, 0, 1, 1, 0, 0, 2, 1, 1, 2, 2, 0, 2, 2, 2, 1, 2, 1, 1, 2, 0, 1, 1, 2, 1, 2, 0, 1, 1, 1, 1, 0, 0, 1, 0, 1, 1, 0, 1, 0, 1, 1, 2, 0, 1, 0]|[0, 3, 0, 3, 4, 1, 4, 4, 4, 4, 3, 2, 1, 0, 2, 1, 1, 1, 2, 1, 1, 3, 0, 1, 0, 1, 1, 4, 1, 4, 3, 2, 2, 0, 4, 1, 1, 4, 1, 1, 2, 1, 4, 4, 1, 1, 0, 1, 3, 2, 2, 1, 2, 1, 1, 2, 4, 3, 0, 2, 1, 3, 3, 1, 1, 2, 1, 1, 1, 4, 1, 3, 4, 1, 2, 4, 3, 1, 3, 1, 2, 4, 4, 4, 3, 2, 2, 3, 2, 4, 3, 2, 4, 2, 4, 4, 1, 2, 3, 2]|[0, 2, 0, 0, 3, 0, 1, 3, 1, 0, 2, 0, 1, 0, 1, 0, 0, 0, 1, 0, 0, 2, 0, 0, 1, 0, 0, 3, 0, 1, 0, 2, 0, 0, 3, 0, 1, 1, 0, 0, 0, 0, 1, 3, 0, 0, 1, 0, 2, 0, 0, 0, 0, 0, 1, 0, 1, 0, 1, 1, 0, 2, 0, 0, 0, 0, 0, 0, 0, 2, 0, 0, 1, 0, 0, 1, 0, 0, 3, 0, 0, 1, 2, 2, 0, 0, 0, 3, 0, 1, 0, 0, 1, 0, 3, 1, 0, 0, 0, 0],910.6016522559228,48477.97680877805,107310.38223400299,false
50,G3_TWC,G3_TWC,[31, 22, 42, 15, 26, 58, 95, 82, 77, 12, 47, 5, 93, 78, 98, 54, 85, 63, 18, 44, 20, 35, 43, 97, 91, 76, 10, 30, 21, 45, 71, 64, 1, 23, 17, 83, 24, 61, 60, 36, 6, 57, 94, 88, 65, 56, 79, 40, 67, 68, 46, 75, 38, 9, 19, 32, 81, 41, 27, 62, 87, 90, 99, 59, 11, 16, 72, 73, 70, 39, 37, 84, 3, 92, 25, 74, 28, 29, 51, 7, 53, 14, 86, 48, 89, 50, 66, 96, 33, 80, 4, 8, 55, 49, 0, 52, 69, 2, 13, 34]|[1, 1, 0, 1, 1, 1, 2, 1, 2, 1, 2, 2, 2, 1, 1, 0, 0, 1, 0, 2, 2, 0, 1, 2, 0, 1, 2, 2, 0, 0, 1, 2, 1, 2, 1, 0, 2, 0, 1, 1, 0, 1, 1, 1, 0, 2, 1, 1, 0, 0, 0, 0, 1, 1, 2, 1, 2, 0, 0, 0, 2, 1, 0, 1, 2, 1, 2, 1, 1, 1, 1, 1, 2, 0, 1, 2, 0, 0, 0, 1, 0, 1, 0, 0, 1, 0, 0, 0, 2, 0, 0, 1, 1, 0, 0, 1, 1, 0, 0, 2]|[4, 3, 2, 2, 0, 0, 2, 2, 2, 4, 1, 1, 2, 4, 4, 1, 1, 4, 2, 1, 1, 1, 1, 2, 1, 2, 1, 1, 1, 1, 3, 2, 3, 0, 4, 0, 1, 1, 0, 3, 2, 2, 4, 0, 1, 1, 3, 2, 0, 1, 2, 2, 1, 4, 0, 3, 2, 1, 1, 2, 1, 3, 1, 1, 1, 3, 0, 4, 3, 1, 4, 1, 1, 2, 4, 1, 2, 1, 1, 3, 2, 3, 1, 1, 1, 1, 1, 1, 1, 1, 2, 3, 4, 1, 2, 1, 3, 2, 2, 1]|[0, 2, 1, 1, 3, 3, 0, 1, 0, 0, 0, 0, 1, 0, 1, 0, 0, 3, 1, 0, 0, 0, 3, 1, 0, 2, 0, 0, 0, 1, 0, 0, 0, 0, 3, 0, 1, 0, 0, 2, 1, 1, 2, 0, 0, 0, 0, 1, 1, 0, 0, 0, 1, 3, 0, 0, 1, 0, 0, 1, 0, 2, 0, 1, 0, 2, 1, 0, 0, 1, 1, 3, 0, 1, 3, 0, 1, 0, 0, 2, 1, 0, 0, 0, 1, 0, 0, 0, 0, 0, 1, 2, 3, 1, 0, 1, 0, 0, 0, 0],802.5281847645216,57652.86795409501,87938.17744329936,false
50,G1_CMAX,G1_CMAX,[31, 22, 90, 26, 58, 95, 42, 12, 93, 5, 78, 86, 77, 47, 98, 54, 85, 63, 18, 44, 20, 35, 43, 97, 91, 76, 10, 30, 15, 45, 71, 64, 1, 23, 17, 83, 24, 14, 60, 36, 6, 57, 94, 88, 65, 56, 79, 40, 67, 68, 46, 75, 38, 9, 19, 32, 81, 41, 27, 62, 87, 82, 99, 59, 11, 16, 72, 73, 70, 39, 37, 84, 3, 92, 25, 55, 28, 29, 51, 7, 33, 61, 21, 48, 89, 50, 66, 96, 53, 80, 4, 8, 34, 49, 52, 0, 13, 2, 69, 74]|[1, 1, 1, 1, 1, 2, 1, 1, 2, 1, 1, 2, 2, 2, 1, 0, 0, 1, 0, 2, 2, 0, 1, 2, 0, 1, 2, 2, 0, 0, 1, 2, 1, 2, 1, 0, 2, 0, 1, 1, 0, 1, 1, 1, 0, 2, 1, 1, 0, 0, 0, 0, 1, 1, 2, 1, 2, 2, 0, 0, 2, 1, 0, 1, 2, 1, 2, 1, 1, 1, 1, 1, 2, 0, 1, 1, 0, 0, 0, 1, 2, 1, 0, 0, 1, 0, 2, 2, 0, 0, 1, 1, 2, 0, 1, 0, 0, 0, 1, 2]|[4, 3, 3, 2, 0, 2, 2, 4, 2, 4, 4, 1, 2, 1, 4, 1, 2, 4, 2, 1, 1, 1, 1, 2, 1, 2, 1, 1, 1, 1, 3, 2, 3, 0, 4, 0, 1, 1, 0, 3, 2, 2, 4, 0, 1, 1, 0, 2, 0, 1, 2, 2, 1, 4, 0, 3, 2, 1, 1, 2, 1, 3, 1, 1, 1, 3, 0, 4, 3, 1, 4, 1, 1, 2, 4, 4, 2, 1, 1, 3, 1, 3, 1, 1, 1, 1, 1, 1, 2, 1, 4, 3, 1, 1, 1, 2, 2, 2, 3, 1]|[0, 2, 2, 1, 3, 0, 1, 0, 0, 0, 0, 0, 1, 0, 1, 0, 0, 3, 1, 0, 0, 0, 3, 1, 0, 2, 0, 0, 0, 1, 0, 0, 0, 0, 3, 0, 1, 0, 0, 2, 1, 1, 2, 0, 0, 0, 0, 1, 1, 0, 0, 0, 1, 3, 0, 0, 1, 0, 0, 1, 0, 2, 0, 1, 0, 2, 1, 0, 0, 1, 1, 3, 0, 1, 3, 3, 1, 0, 0, 2, 0, 0, 0, 0, 1, 0, 0, 0, 1, 0, 0, 2, 0, 1, 1, 0, 0, 0, 2, 0],725.9082553899324,57283.10150346701,93448.88065470588,false
50,G4_BALANCED,G3_TWC,[31, 22, 82, 15, 26, 58, 95, 42, 77, 12, 47, 5, 93, 78, 86, 54, 85, 63, 18, 44, 20, 35, 43, 97, 91, 76, 10, 30, 21, 45, 71, 64, 1, 23, 17, 83, 24, 14, 60, 36, 6, 57, 40, 88, 65, 56, 79, 94, 67, 68, 46, 29, 38, 9, 19, 32, 81, 41, 27, 87, 90, 99, 59, 62, 11, 66, 72, 73, 39, 37, 70, 84, 3, 92, 25, 55, 28, 75, 51, 7, 33, 61, 50, 48, 89, 98, 16, 96, 53, 80, 4, 8, 34, 49, 52, 0, 13, 2, 69, 74]|[1, 1, 0, 1, 1, 0, 1, 2, 2, 1, 2, 2, 2, 1, 1, 0, 0, 1, 0, 2, 2, 0, 1, 2, 0, 1, 2, 2, 0, 0, 1, 2, 1, 2, 1, 0, 2, 0, 1, 1, 0, 1, 1, 1, 0, 2, 1, 1, 0, 0, 0, 0, 1, 1, 2, 1, 2, 0, 0, 2, 1, 0, 0, 1, 2, 1, 2, 1, 1, 1, 1, 1, 1, 0, 1, 2, 0, 0, 0, 1, 2, 1, 0, 0, 1, 2, 1, 2, 0, 0, 1, 1, 2, 0, 1, 0, 0, 0, 1, 2]|[4, 3, 2, 2, 4, 1, 2, 2, 2, 4, 1, 1, 2, 4, 4, 1, 2, 4, 2, 1, 1, 1, 1, 2, 1, 2, 1, 1, 2, 1, 3, 2, 3, 1, 4, 0, 1, 1, 0, 3, 2, 2, 2, 0, 1, 1, 0, 4, 0, 1, 2, 2, 1, 4, 0, 3, 1, 1, 1, 1, 3, 1, 1, 1, 1, 3, 1, 4, 3, 4, 4, 1, 1, 0, 4, 1, 2, 2, 1, 1, 1, 3, 1, 1, 1, 1, 3, 1, 2, 1, 4, 3, 1, 1, 1, 2, 2, 2, 4, 1]|[0, 2, 1, 1, 3, 0, 1, 0, 0, 0, 0, 0, 1, 0, 1, 0, 0, 3, 1, 0, 0, 0, 3, 1, 0, 2, 0, 0, 0, 1, 0, 0, 0, 0, 3, 0, 1, 0, 0, 2, 1, 1, 1, 0, 0, 0, 0, 2, 1, 0, 0, 0, 1, 3, 0, 0, 0, 0, 0, 0, 2, 0, 0, 1, 0, 2, 0, 0, 0, 1, 1, 3, 1, 1, 3, 0, 1, 0, 0, 2, 0, 0, 0, 0, 1, 0, 2, 0, 1, 0, 0, 2, 0, 1, 1, 0, 0, 0, 2, 0],790.1065585729232,55182.91733167286,99877.78113148188,true
50,G2_TEC,G2_TEC,[31, 94, 82, 15, 26, 9, 95, 42, 77, 68, 47, 5, 93, 78, 86, 54, 85, 63, 18, 44, 20, 49, 36, 14, 74, 50, 53, 17, 21, 28, 11, 64, 3, 23, 30, 83, 24, 41, 40, 52, 65, 27, 90, 70, 39, 87, 48, 69, 99, 4, 75, 1, 13, 58, 97, 59, 45, 8, 73, 37, 35, 79, 71, 66, 76, 32, 60, 80, 56, 6, 67, 61, 33, 7, 57, 34, 12, 16, 10, 98, 96, 88, 43, 81, 91, 2, 84, 29, 92, 19, 51, 55, 89, 46, 25, 72, 22, 38, 62, 0]|[2, 1, 2, 1, 1, 2, 1, 1, 1, 1, 1, 0, 2, 2, 1, 2, 0, 0, 0, 2, 2, 1, 0, 2, 0, 2, 2, 1, 0, 1, 1, 1, 0, 0, 1, 0, 2, 1, 2, 2, 0, 0, 1, 1, 0, 2, 0, 2, 1, 0, 0, 2, 0, 2, 2, 0, 1, 1, 0, 0, 2, 1, 1, 2, 2, 0, 2, 2, 2, 1, 2, 1, 1, 2, 0, 1, 1, 2, 1, 2, 0, 1, 1, 1, 1, 0, 0, 1, 0, 1, 1, 0, 1, 0, 1, 1, 2, 0, 1, 0]|[0, 3, 0, 3, 4, 1, 4, 4, 4, 4, 3, 2, 1, 0, 2, 1, 1, 1, 2, 1, 1, 3, 0, 1, 0, 1, 1, 4, 1, 4, 3, 2, 2, 0, 4, 1, 1, 4, 1, 1, 2, 1, 4, 4, 1, 1, 0, 1, 3, 2, 2, 1, 2, 1, 1, 2, 4, 3, 0, 2, 1, 3, 3, 1, 1, 2, 1, 1, 1, 4, 1, 3, 4, 1, 2, 4, 3, 1, 3, 1, 2, 4, 4, 4, 3, 2, 2, 3, 2, 4, 3, 2, 4, 2, 4, 4, 1, 2, 3, 2]|[0, 2, 0, 0, 3, 0, 1, 3, 1, 0, 2, 0, 1, 0, 1, 0, 0, 0, 1, 0, 0, 2, 0, 0, 1, 0, 0, 3, 0, 1, 0, 2, 0, 0, 3, 0, 1, 1, 0, 0, 0, 0, 1, 3, 0, 0, 1, 0, 2, 0, 0, 0, 0, 0, 1, 0, 1, 0, 1, 1, 0, 2, 0, 0, 0, 0, 0, 0, 0, 2, 0, 0, 1, 0, 0, 1, 0, 0, 3, 0, 0, 1, 2, 2, 0, 0, 0, 3, 0, 1, 0, 0, 1, 0, 3, 1, 0, 0, 0, 0],910.6016522559228,48477.97680877805,107310.38223400299,false
50,G3_TWC,G3_TWC,[31, 22, 42, 15, 26, 58, 95, 82, 77, 12, 47, 5, 93, 78, 98, 54, 85, 63, 18, 44, 20, 35, 43, 97, 91, 76, 10, 30, 21, 45, 71, 64, 1, 23, 17, 83, 24, 61, 60, 36, 6, 57, 94, 88, 65, 56, 79, 40, 67, 68, 46, 75, 38, 9, 19, 32, 81, 41, 27, 62, 87, 90, 99, 59, 11, 16, 72, 73, 70, 39, 37, 84, 3, 92, 25, 74, 28, 29, 51, 7, 53, 14, 86, 48, 89, 50, 66, 96, 33, 80, 4, 8, 55, 49, 0, 52, 69, 2, 13, 34]|[1, 1, 0, 1, 1, 1, 2, 1, 2, 1, 2, 2, 2, 1, 1, 0, 0, 1, 0, 2, 2, 0, 1, 2, 0, 1, 2, 2, 0, 0, 1, 2, 1, 2, 1, 0, 2, 0, 1, 1, 0, 1, 1, 1, 0, 2, 1, 1, 0, 0, 0, 0, 1, 1, 2, 1, 2, 0, 0, 0, 2, 1, 0, 1, 2, 1, 2, 1, 1, 1, 1, 1, 2, 0, 1, 2, 0, 0, 0, 1, 0, 1, 0, 0, 1, 0, 0, 0, 2, 0, 0, 1, 1, 0, 0, 1, 1, 0, 0, 2]|[4, 3, 2, 2, 0, 0, 2, 2, 2, 4, 1, 1, 2, 4, 4, 1, 1, 4, 2, 1, 1, 1, 1, 2, 1, 2, 1, 1, 1, 1, 3, 2, 3, 0, 4, 0, 1, 1, 0, 3, 2, 2, 4, 0, 1, 1, 3, 2, 0, 1, 2, 2, 1, 4, 0, 3, 2, 1, 1, 2, 1, 3, 1, 1, 1, 3, 0, 4, 3, 1, 4, 1, 1, 2, 4, 1, 2, 1, 1, 3, 2, 3, 1, 1, 1, 1, 1, 1, 1, 1, 2, 3, 4, 1, 2, 1, 3, 2, 2, 1]|[0, 2, 1, 1, 3, 3, 0, 1, 0, 0, 0, 0, 1, 0, 1, 0, 0, 3, 1, 0, 0, 0, 3, 1, 0, 2, 0, 0, 0, 1, 0, 0, 0, 0, 3, 0, 1, 0, 0, 2, 1, 1, 2, 0, 0, 0, 0, 1, 1, 0, 0, 0, 1, 3, 0, 0, 1, 0, 0, 1, 0, 2, 0, 1, 0, 2, 1, 0, 0, 1, 1, 3, 0, 1, 3, 0, 1, 0, 0, 2, 1, 0, 0, 0, 1, 0, 0, 0, 0, 0, 1, 2, 3, 1, 0, 1, 0, 0, 0, 0],802.5281847645216,57652.86795409501,87938.17744329936,false
50,G1_CMAX,G3_TWC,[31, 22, 42, 15, 26, 58, 95, 82, 77, 12, 47, 5, 93, 78, 98, 54, 85, 63, 18, 44, 20, 35, 43, 97, 91, 76, 10, 30, 21, 45, 71, 64, 1, 23, 17, 83, 24, 14, 60, 36, 6, 57, 94, 88, 65, 56, 79, 40, 67, 68, 46, 75, 38, 9, 19, 32, 81, 41, 27, 62, 87, 90, 99, 59, 11, 16, 72, 73, 70, 39, 37, 84, 3, 92, 25, 55, 28, 29, 51, 7, 33, 61, 86, 48, 89, 50, 66, 96, 53, 80, 4, 8, 34, 49, 52, 0, 13, 2, 69, 74]|[1, 1, 0, 1, 1, 1, 2, 1, 2, 1, 2, 2, 2, 1, 1, 0, 0, 1, 0, 2, 2, 0, 1, 2, 0, 1, 2, 2, 0, 0, 1, 2, 1, 2, 1, 0, 2, 0, 1, 1, 0, 1, 1, 1, 0, 2, 1, 1, 0, 0, 0, 0, 1, 1, 2, 1, 2, 0, 0, 0, 2, 1, 0, 1, 2, 1, 2, 1, 1, 1, 1, 1, 2, 1, 1, 1, 0, 0, 0, 1, 2, 1, 0, 0, 1, 0, 2, 0, 0, 0, 0, 1, 2, 0, 1, 0, 0, 0, 1, 2]|[4, 3, 2, 2, 0, 0, 2, 2, 2, 4, 1, 1, 2, 4, 4, 1, 1, 4, 2, 1, 1, 1, 1, 2, 1, 2, 1, 1, 1, 1, 3, 2, 3, 0, 4, 0, 1, 1, 0, 3, 2, 2, 4, 0, 1, 1, 0, 2, 0, 1, 2, 2, 1, 4, 0, 3, 2, 1, 1, 2, 1, 3, 1, 1, 1, 3, 0, 4, 3, 1, 4, 1, 1, 4, 4, 4, 2, 1, 1, 3, 1, 3, 1, 1, 1, 1, 1, 1, 2, 1, 2, 3, 1, 1, 1, 2, 2, 2, 3, 1]|[0, 2, 1, 1, 3, 3, 0, 1, 0, 0, 0, 0, 1, 0, 1, 0, 0, 3, 1, 0, 0, 0, 3, 1, 0, 2, 0, 0, 0, 1, 0, 0, 0, 0, 3, 0, 1, 0, 0, 2, 1, 1, 2, 0, 0, 0, 0, 1, 1, 0, 0, 0, 1, 3, 0, 0, 1, 0, 0, 1, 0, 2, 0, 1, 0, 2, 1, 0, 0, 1, 1, 3, 0, 0, 3, 3, 1, 0, 0, 2, 0, 0, 0, 0, 1, 0, 0, 0, 1, 0, 1, 2, 0, 1, 1, 0, 0, 0, 0, 0],797.4276698455878,57254.91600314166,89774.81531473398,true
50,G4_BALANCED,G3_TWC,[31, 22, 82, 15, 26, 58, 95, 42, 77, 12, 47, 5, 93, 78, 86, 54, 85, 63, 18, 44, 20, 35, 43, 97, 91, 76, 10, 30, 21, 45, 71, 64, 1, 23, 17, 83, 24, 14, 60, 36, 6, 57, 40, 88, 65, 56, 79, 94, 67, 68, 46, 29, 38, 9, 19, 32, 81, 41, 27, 87, 90, 99, 59, 62, 11, 66, 72, 73, 39, 37, 70, 84, 3, 92, 25, 55, 28, 75, 51, 7, 33, 61, 50, 48, 89, 98, 16, 96, 53, 80, 4, 8, 34, 49, 52, 0, 13, 2, 69, 74]|[1, 1, 0, 1, 1, 0, 1, 2, 2, 1, 2, 2, 2, 1, 1, 0, 0, 1, 0, 2, 2, 0, 1, 2, 0, 1, 2, 2, 0, 0, 1, 2, 1, 2, 1, 0, 2, 0, 1, 1, 0, 1, 1, 1, 0, 2, 1, 1, 0, 0, 0, 0, 1, 1, 2, 1, 2, 0, 0, 2, 1, 0, 0, 1, 2, 1, 2, 1, 1, 1, 1, 1, 1, 0, 1, 2, 0, 0, 0, 1, 2, 1, 0, 0, 1, 2, 1, 2, 0, 0, 1, 1, 2, 0, 1, 0, 0, 0, 1, 2]|[4, 3, 2, 2, 4, 1, 2, 2, 2, 4, 1, 1, 2, 4, 4, 1, 2, 4, 2, 1, 1, 1, 1, 2, 1, 2, 1, 1, 2, 1, 3, 2, 3, 1, 4, 0, 1, 1, 0, 3, 2, 2, 2, 0, 1, 1, 0, 4, 0, 1, 2, 2, 1, 4, 0, 3, 1, 1, 1, 1, 3, 1, 1, 1, 1, 3, 1, 4, 3, 4, 4, 1, 1, 0, 4, 1, 2, 2, 1, 1, 1, 3, 1, 1, 1, 1, 3, 1, 2, 1, 4, 3, 1, 1, 1, 2, 2, 2, 4, 1]|[0, 2, 1, 1, 3, 0, 1, 0, 0, 0, 0, 0, 1, 0, 1, 0, 0, 3, 1, 0, 0, 0, 3, 1, 0, 2, 0, 0, 0, 1, 0, 0, 0, 0, 3, 0, 1, 0, 0, 2, 1, 1, 1, 0, 0, 0, 0, 2, 1, 0, 0, 0, 1, 3, 0, 0, 0, 0, 0, 0, 2, 0, 0, 1, 0, 2, 0, 0, 0, 1, 1, 3, 1, 1, 3, 0, 1, 0, 0, 2, 0, 0, 0, 0, 1, 0, 2, 0, 1, 0, 0, 2, 0, 1, 1, 0, 0, 0, 2, 0],790.1065585729232,55182.91733167286,99877.78113148188,true
50,G2_TEC,G2_TEC,[31, 94, 82, 15, 26, 9, 95, 42, 77, 68, 47, 5, 93, 78, 86, 54, 85, 63, 18, 44, 20, 49, 36, 14, 74, 50, 53, 17, 21, 28, 11, 64, 3, 23, 30, 83, 24, 41, 40, 52, 65, 27, 90, 70, 39, 87, 48, 69, 99, 4, 75, 1, 13, 58, 97, 59, 45, 8, 73, 37, 35, 79, 71, 66, 76, 32, 60, 80, 56, 6, 67, 61, 33, 7, 57, 34, 12, 16, 10, 98, 96, 88, 43, 81, 91, 2, 84, 29, 92, 19, 51, 55, 89, 46, 25, 72, 22, 38, 62, 0]|[2, 1, 2, 1, 1, 2, 1, 1, 1, 1, 1, 0, 2, 2, 1, 2, 0, 0, 0, 2, 2, 1, 0, 2, 0, 2, 2, 1, 0, 1, 1, 1, 0, 0, 1, 0, 2, 1, 2, 2, 0, 0, 1, 1, 0, 2, 0, 2, 1, 0, 0, 2, 0, 2, 2, 0, 1, 1, 0, 0, 2, 1, 1, 2, 2, 0, 2, 2, 2, 1, 2, 1, 1, 2, 0, 1, 1, 2, 1, 2, 0, 1, 1, 1, 1, 0, 0, 1, 0, 1, 1, 0, 1, 0, 1, 1, 2, 0, 1, 0]|[0, 3, 0, 3, 4, 1, 4, 4, 4, 4, 3, 2, 1, 0, 2, 1, 1, 1, 2, 1, 1, 3, 0, 1, 0, 1, 1, 4, 1, 4, 3, 2, 2, 0, 4, 1, 1, 4, 1, 1, 2, 1, 4, 4, 1, 1, 0, 1, 3, 2, 2, 1, 2, 1, 1, 2, 4, 3, 0, 2, 1, 3, 3, 1, 1, 2, 1, 1, 1, 4, 1, 3, 4, 1, 2, 4, 3, 1, 3, 1, 2, 4, 4, 4, 3, 2, 2, 3, 2, 4, 3, 2, 4, 2, 4, 4, 1, 2, 3, 2]|[0, 2, 0, 0, 3, 0, 1, 3, 1, 0, 2, 0, 1, 0, 1, 0, 0, 0, 1, 0, 0, 2, 0, 0, 1, 0, 0, 3, 0, 1, 0, 2, 0, 0, 3, 0, 1, 1, 0, 0, 0, 0, 1, 3, 0, 0, 1, 0, 2, 0, 0, 0, 0, 0, 1, 0, 1, 0, 1, 1, 0, 2, 0, 0, 0, 0, 0, 0, 0, 2, 0, 0, 1, 0, 0, 1, 0, 0, 3, 0, 0, 1, 2, 2, 0, 0, 0, 3, 0, 1, 0, 0, 1, 0, 3, 1, 0, 0, 0, 0],910.6016522559228,48477.97680877805,107310.38223400299,false
50,G3_TWC,G3_TWC,[31, 22, 42, 15, 26, 58, 95, 82, 77, 12, 47, 5, 93, 78, 98, 54, 85, 63, 18, 44, 20, 35, 43, 97, 91, 76, 10, 30, 21, 45, 71, 64, 1, 23, 17, 83, 24, 61, 60, 36, 6, 57, 94, 88, 65, 56, 79, 40, 67, 68, 46, 75, 38, 9, 19, 32, 81, 41, 27, 62, 87, 90, 99, 59, 11, 16, 72, 73, 70, 39, 37, 84, 3, 92, 25, 74, 28, 29, 51, 7, 53, 14, 86, 48, 89, 50, 66, 96, 33, 80, 4, 8, 55, 49, 0, 52, 69, 2, 13, 34]|[1, 1, 0, 1, 1, 1, 2, 1, 2, 1, 2, 2, 2, 1, 1, 0, 0, 1, 0, 2, 2, 0, 1, 2, 0, 1, 2, 2, 0, 0, 1, 2, 1, 2, 1, 0, 2, 0, 1, 1, 0, 1, 1, 1, 0, 2, 1, 1, 0, 0, 0, 0, 1, 1, 2, 1, 2, 0, 0, 0, 2, 1, 0, 1, 2, 1, 2, 1, 1, 1, 1, 1, 2, 0, 1, 2, 0, 0, 0, 1, 0, 1, 0, 0, 1, 0, 0, 0, 2, 0, 0, 1, 1, 0, 0, 1, 1, 0, 0, 2]|[4, 3, 2, 2, 0, 0, 2, 2, 2, 4, 1, 1, 2, 4, 4, 1, 1, 4, 2, 1, 1, 1, 1, 2, 1, 2, 1, 1, 1, 1, 3, 2, 3, 0, 4, 0, 1, 1, 0, 3, 2, 2, 4, 0, 1, 1, 3, 2, 0, 1, 2, 2, 1, 4, 0, 3, 2, 1, 1, 2, 1, 3, 1, 1, 1, 3, 0, 4, 3, 1, 4, 1, 1, 2, 4, 1, 2, 1, 1, 3, 2, 3, 1, 1, 1, 1, 1, 1, 1, 1, 2, 3, 4, 1, 2, 1, 3, 2, 2, 1]|[0, 2, 1, 1, 3, 3, 0, 1, 0, 0, 0, 0, 1, 0, 1, 0, 0, 3, 1, 0, 0, 0, 3, 1, 0, 2, 0, 0, 0, 1, 0, 0, 0, 0, 3, 0, 1, 0, 0, 2, 1, 1, 2, 0, 0, 0, 0, 1, 1, 0, 0, 0, 1, 3, 0, 0, 1, 0, 0, 1, 0, 2, 0, 1, 0, 2, 1, 0, 0, 1, 1, 3, 0, 1, 3, 0, 1, 0, 0, 2, 1, 0, 0, 0, 1, 0, 0, 0, 0, 0, 1, 2, 3, 1, 0, 1, 0, 0, 0, 0],802.5281847645216,57652.86795409501,87938.17744329936,false
50,G1_CMAX,G1_CMAX,[31, 22, 82, 15, 26, 99, 95, 42, 77, 12, 47, 5, 93, 78, 86, 54, 21, 63, 18, 44, 20, 35, 43, 97, 91, 76, 10, 30, 85, 45, 71, 64, 1, 23, 17, 83, 24, 14, 60, 36, 6, 57, 40, 88, 65, 56, 79, 94, 67, 68, 46, 75, 38, 9, 19, 32, 41, 81, 27, 87, 90, 58, 59, 11, 16, 72, 73, 70, 39, 37, 84, 3, 92, 25, 55, 48, 62, 29, 51, 96, 98, 61, 66, 28, 89, 50, 4, 7, 53, 80, 8, 33, 34, 2, 52, 13, 0, 69, 74, 49]|[1, 1, 0, 1, 1, 0, 1, 1, 2, 1, 2, 2, 2, 1, 1, 0, 0, 1, 0, 2, 2, 0, 1, 2, 0, 1, 2, 2, 0, 0, 1, 2, 1, 2, 1, 0, 2, 0, 1, 1, 0, 1, 1, 1, 0, 2, 1, 1, 0, 0, 0, 0, 1, 1, 2, 1, 0, 2, 0, 2, 1, 0, 1, 2, 1, 2, 1, 1, 1, 1, 1, 1, 0, 1, 2, 0, 0, 0, 0, 2, 2, 1, 2, 0, 1, 0, 1, 2, 0, 0, 1, 2, 2, 0, 1, 0, 0, 1, 2, 0]|[4, 3, 2, 2, 4, 1, 2, 3, 2, 4, 1, 1, 2, 4, 4, 1, 1, 4, 2, 1, 1, 1, 1, 2, 1, 2, 1, 1, 2, 1, 3, 2, 3, 1, 4, 0, 1, 1, 0, 3, 2, 2, 2, 0, 1, 1, 0, 4, 0, 1, 2, 2, 1, 4, 0, 3, 1, 2, 1, 1, 3, 1, 1, 1, 3, 0, 4, 3, 1, 4, 1, 1, 0, 4, 1, 1, 2, 1, 1, 1, 1, 3, 1, 2, 1, 1, 4, 1, 2, 1, 3, 1, 1, 2, 1, 2, 2, 4, 1, 1]|[0, 2, 1, 1, 3, 0, 1, 3, 0, 0, 0, 0, 1, 0, 1, 0, 0, 3, 1, 0, 0, 0, 3, 1, 0, 2, 0, 0, 0, 1, 0, 0, 0, 0, 3, 0, 1, 0, 0, 2, 1, 1, 1, 0, 0, 0, 0, 2, 1, 0, 0, 0, 1, 3, 0, 0, 0, 1, 0, 0, 2, 0, 1, 0, 2, 1, 0, 0, 1, 1, 3, 1, 1, 3, 0, 0, 1, 0, 0, 0, 0, 0, 0, 1, 1, 0, 0, 0, 1, 0, 2, 0, 0, 0, 1, 0, 0, 2, 0, 1],733.6437548344954,56435.96944926724,92290.19097821631,false
50,G4_BALANCED,G3_TWC,[31, 22, 82, 15, 26, 58, 95, 42, 77, 12, 47, 5, 93, 78, 86, 54, 85, 63, 18, 44, 20, 35, 43, 97, 91, 76, 10, 30, 21, 45, 71, 64, 1, 23, 17, 83, 24, 14, 60, 36, 6, 57, 40, 88, 65, 56, 79, 94, 67, 68, 46, 29, 38, 9, 19, 32, 81, 41, 27, 87, 90, 99, 59, 62, 11, 66, 72, 73, 39, 37, 70, 84, 3, 92, 25, 55, 28, 75, 51, 7, 33, 61, 50, 48, 89, 98, 16, 96, 53, 80, 4, 8, 34, 49, 52, 0, 13, 2, 69, 74]|[1, 1, 0, 1, 1, 0, 1, 2, 2, 1, 2, 2, 2, 1, 1, 0, 0, 1, 0, 2, 2, 0, 1, 2, 0, 1, 2, 2, 0, 0, 1, 2, 1, 2, 1, 0, 2, 0, 1, 1, 0, 1, 1, 1, 0, 2, 1, 1, 0, 0, 0, 0, 1, 1, 2, 1, 2, 0, 0, 2, 1, 0, 0, 1, 2, 1, 2, 1, 1, 1, 1, 1, 1, 0, 1, 2, 0, 0, 0, 1, 2, 1, 0, 0, 1, 2, 1, 2, 0, 0, 1, 1, 2, 0, 1, 0, 0, 0, 1, 2]|[4, 3, 2, 2, 4, 1, 2, 2, 2, 4, 1, 1, 2, 4, 4, 1, 2, 4, 2, 1, 1, 1, 1, 2, 1, 2, 1, 1, 2, 1, 3, 2, 3, 1, 4, 0, 1, 1, 0, 3, 2, 2, 2, 0, 1, 1, 0, 4, 0, 1, 2, 2, 1, 4, 0, 3, 1, 1, 1, 1, 3, 1, 1, 1, 1, 3, 1, 4, 3, 4, 4, 1, 1, 0, 4, 1, 2, 2, 1, 1, 1, 3, 1, 1, 1, 1, 3, 1, 2, 1, 4, 3, 1, 1, 1, 2, 2, 2, 4, 1]|[0, 2, 1, 1, 3, 0, 1, 0, 0, 0, 0, 0, 1, 0, 1, 0, 0, 3, 1, 0, 0, 0, 3, 1, 0, 2, 0, 0, 0, 1, 0, 0, 0, 0, 3, 0, 1, 0, 0, 2, 1, 1, 1, 0, 0, 0, 0, 2, 1, 0, 0, 0, 1, 3, 0, 0, 0, 0, 0, 0, 2, 0, 0, 1, 0, 2, 0, 0, 0, 1, 1, 3, 1, 1, 3, 0, 1, 0, 0, 2, 0, 0, 0, 0, 1, 0, 2, 0, 1, 0, 0, 2, 0, 1, 1, 0, 0, 0, 2, 0],790.1065585729232,55182.91733167286,99877.78113148188,true
50,G2_TEC,G2_TEC,[31, 94, 82, 15, 26, 9, 95, 42, 77, 68, 47, 5, 93, 78, 86, 54, 85, 63, 18, 44, 20, 49, 36, 14, 74, 50, 53, 17, 21, 28, 11, 64, 3, 23, 30, 83, 24, 41, 40, 52, 65, 27, 90, 70, 39, 87, 48, 69, 99, 4, 75, 1, 13, 58, 97, 59, 45, 8, 73, 37, 35, 79, 71, 66, 76, 32, 60, 80, 56, 6, 67, 61, 33, 7, 57, 34, 12, 16, 10, 98, 96, 88, 43, 81, 91, 2, 84, 29, 92, 19, 51, 55, 89, 46, 25, 72, 22, 38, 62, 0]|[2, 1, 2, 1, 1, 2, 1, 1, 1, 1, 1, 0, 2, 2, 1, 2, 0, 0, 0, 2, 2, 1, 0, 2, 0, 2, 2, 1, 0, 1, 1, 1, 0, 0, 1, 0, 2, 1, 2, 2, 0, 0, 1, 1, 0, 2, 0, 2, 1, 0, 0, 2, 0, 2, 2, 0, 1, 1, 0, 0, 2, 1, 1, 2, 2, 0, 2, 2, 2, 1, 2, 1, 1, 2, 0, 1, 1, 2, 1, 2, 0, 1, 1, 1, 1, 0, 0, 1, 0, 1, 1, 0, 1, 0, 1, 1, 2, 0, 1, 0]|[0, 3, 0, 3, 4, 1, 4, 4, 4, 4, 3, 2, 1, 0, 2, 1, 1, 1, 2, 1, 1, 3, 0, 1, 0, 1, 1, 4, 1, 4, 3, 2, 2, 0, 4, 1, 1, 4, 1, 1, 2, 1, 4, 4, 1, 1, 0, 1, 3, 2, 2, 1, 2, 1, 1, 2, 4, 3, 0, 2, 1, 3, 3, 1, 1, 2, 1, 1, 1, 4, 1, 3, 4, 1, 2, 4, 3, 1, 3, 1, 2, 4, 4, 4, 3, 2, 2, 3, 2, 4, 3, 2, 4, 2, 4, 4, 1, 2, 3, 2]|[0, 2, 0, 0, 3, 0, 1, 3, 1, 0, 2, 0, 1, 0, 1, 0, 0, 0, 1, 0, 0, 2, 0, 0, 1, 0, 0, 3, 0, 1, 0, 2, 0, 0, 3, 0, 1, 1, 0, 0, 0, 0, 1, 3, 0, 0, 1, 0, 2, 0, 0, 0, 0, 0, 1, 0, 1, 0, 1, 1, 0, 2, 0, 0, 0, 0, 0, 0, 0, 2, 0, 0, 1, 0, 0, 1, 0, 0, 3, 0, 0, 1, 2, 2, 0, 0, 0, 3, 0, 1, 0, 0, 1, 0, 3, 1, 0, 0, 0, 0],910.6016522559228,48477.97680877805,107310.38223400299,false
50,G3_TWC,G3_TWC,[31, 22, 42, 15, 26, 58, 95, 82, 77, 12, 47, 5, 93, 78, 98, 54, 85, 63, 18, 44, 20, 35, 43, 97, 91, 76, 10, 30, 21, 45, 71, 64, 1, 23, 17, 83, 24, 61, 60, 36, 6, 57, 94, 88, 65, 56, 79, 40, 67, 68, 46, 75, 38, 9, 19, 32, 81, 41, 27, 62, 87, 90, 99, 59, 11, 16, 72, 73, 70, 39, 37, 84, 3, 92, 25, 74, 28, 29, 51, 7, 53, 14, 86, 48, 89, 50, 66, 96, 33, 80, 4, 8, 55, 49, 0, 52, 69, 2, 13, 34]|[1, 1, 0, 1, 1, 1, 2, 1, 2, 1, 2, 2, 2, 1, 1, 0, 0, 1, 0, 2, 2, 0, 1, 2, 0, 1, 2, 2, 0, 0, 1, 2, 1, 2, 1, 0, 2, 0, 1, 1, 0, 1, 1, 1, 0, 2, 1, 1, 0, 0, 0, 0, 1, 1, 2, 1, 2, 0, 0, 0, 2, 1, 0, 1, 2, 1, 2, 1, 1, 1, 1, 1, 2, 0, 1, 2, 0, 0, 0, 1, 0, 1, 0, 0, 1, 0, 0, 0, 2, 0, 0, 1, 1, 0, 0, 1, 1, 0, 0, 2]|[4, 3, 2, 2, 0, 0, 2, 2, 2, 4, 1, 1, 2, 4, 4, 1, 1, 4, 2, 1, 1, 1, 1, 2, 1, 2, 1, 1, 1, 1, 3, 2, 3, 0, 4, 0, 1, 1, 0, 3, 2, 2, 4, 0, 1, 1, 3, 2, 0, 1, 2, 2, 1, 4, 0, 3, 2, 1, 1, 2, 1, 3, 1, 1, 1, 3, 0, 4, 3, 1, 4, 1, 1, 2, 4, 1, 2, 1, 1, 3, 2, 3, 1, 1, 1, 1, 1, 1, 1, 1, 2, 3, 4, 1, 2, 1, 3, 2, 2, 1]|[0, 2, 1, 1, 3, 3, 0, 1, 0, 0, 0, 0, 1, 0, 1, 0, 0, 3, 1, 0, 0, 0, 3, 1, 0, 2, 0, 0, 0, 1, 0, 0, 0, 0, 3, 0, 1, 0, 0, 2, 1, 1, 2, 0, 0, 0, 0, 1, 1, 0, 0, 0, 1, 3, 0, 0, 1, 0, 0, 1, 0, 2, 0, 1, 0, 2, 1, 0, 0, 1, 1, 3, 0, 1, 3, 0, 1, 0, 0, 2, 1, 0, 0, 0, 1, 0, 0, 0, 0, 0, 1, 2, 3, 1, 0, 1, 0, 0, 0, 0],802.5281847645216,57652.86795409501,87938.17744329936,false
50,G1_CMAX,G4_BALANCED,[31, 22, 42, 15, 26, 58, 95, 82, 77, 12, 47, 5, 93, 78, 98, 54, 85, 63, 18, 44, 20, 35, 43, 97, 91, 76, 10, 30, 21, 45, 71, 64, 1, 23, 17, 83, 24, 61, 60, 36, 6, 57, 94, 88, 65, 56, 79, 40, 67, 68, 46, 75, 38, 9, 19, 32, 81, 41, 27, 62, 87, 90, 99, 59, 11, 16, 72, 73, 70, 50, 37, 84, 3, 92, 25, 74, 28, 29, 51, 7, 33, 14, 86, 48, 89, 39, 66, 96, 53, 80, 4, 8, 55, 49, 0, 52, 69, 2, 13, 34]|[1, 1, 0, 1, 1, 1, 2, 1, 2, 1, 2, 2, 2, 1, 1, 0, 0, 1, 0, 2, 2, 0, 1, 2, 0, 1, 2, 2, 0, 0, 1, 2, 1, 2, 1, 0, 2, 0, 1, 1, 0, 1, 1, 1, 0, 2, 1, 1, 0, 0, 0, 0, 1, 1, 2, 1, 2, 0, 0, 0, 2, 1, 0, 1, 2, 1, 2, 1, 1, 1, 1, 1, 2, 0, 1, 2, 0, 0, 0, 1, 2, 1, 0, 0, 1, 1, 0, 0, 0, 0, 0, 1, 1, 0, 0, 1, 1, 0, 0, 2]|[4, 3, 2, 2, 0, 0, 2, 2, 2, 4, 1, 1, 2, 4, 4, 1, 1, 4, 2, 1, 1, 1, 1, 2, 1, 2, 1, 1, 1, 1, 3, 2, 3, 0, 4, 0, 1, 1, 0, 3, 2, 2, 4, 0, 1, 1, 0, 2, 0, 1, 2, 2, 1, 4, 0, 3, 2, 1, 1, 2, 1, 3, 1, 1, 1, 3, 0, 4, 3, 1, 4, 1, 1, 2, 4, 1, 2, 1, 1, 3, 1, 3, 1, 1, 1, 1, 1, 1, 2, 1, 2, 3, 4, 1, 2, 1, 3, 2, 2, 1]|[0, 2, 1, 1, 3, 3, 0, 1, 0, 0, 0, 0, 1, 0, 1, 0, 0, 3, 1, 0, 0, 0, 3, 1, 0, 2, 0, 0, 0, 1, 0, 0, 0, 0, 3, 0, 1, 0, 0, 2, 1, 1, 2, 0, 0, 0, 0, 1, 1, 0, 0, 0, 1, 3, 0, 0, 1, 0, 0, 1, 0, 2, 0, 1, 0, 2, 1, 0, 0, 1, 1, 3, 0, 1, 3, 0, 1, 0, 0, 2, 0, 0, 0, 0, 1, 1, 0, 0, 1, 0, 1, 2, 3, 1, 0, 1, 0, 0, 0, 0],785.4505101525474,57749.47487310803,88309.42296531533,true
50,G4_BALANCED,G3_TWC,[31, 22, 82, 15, 26, 58, 95, 42, 77, 12, 47, 5, 93, 78, 86, 54, 85, 63, 18, 44, 20, 35, 43, 97, 91, 76, 10, 30, 21, 45, 71, 64, 1, 23, 17, 83, 24, 14, 60, 36, 6, 57, 40, 88, 65, 56, 79, 94, 67, 68, 46, 29, 38, 9, 19, 32, 81, 41, 27, 87, 90, 99, 59, 62, 11, 66, 72, 73, 39, 37, 70, 84, 3, 92, 25, 55, 28, 75, 51, 7, 33, 61, 50, 48, 89, 98, 16, 96, 53, 80, 4, 8, 34, 49, 52, 0, 13, 2, 69, 74]|[1, 1, 0, 1, 1, 0, 1, 2, 2, 1, 2, 2, 2, 1, 1, 0, 0, 1, 0, 2, 2, 0, 1, 2, 0, 1, 2, 2, 0, 0, 1, 2, 1, 2, 1, 0, 2, 0, 1, 1, 0, 1, 1, 1, 0, 2, 1, 1, 0, 0, 0, 0, 1, 1, 2, 1, 2, 0, 0, 2, 1, 0, 0, 1, 2, 1, 2, 1, 1, 1, 1, 1, 1, 0, 1, 2, 0, 0, 0, 1, 2, 1, 0, 0, 1, 2, 1, 2, 0, 0, 1, 1, 2, 0, 1, 0, 0, 0, 1, 2]|[4, 3, 2, 2, 4, 1, 2, 2, 2, 4, 1, 1, 2, 4, 4, 1, 2, 4, 2, 1, 1, 1, 1, 2, 1, 2, 1, 1, 2, 1, 3, 2, 3, 1, 4, 0, 1, 1, 0, 3, 2, 2, 2, 0, 1, 1, 0, 4, 0, 1, 2, 2, 1, 4, 0, 3, 1, 1, 1, 1, 3, 1, 1, 1, 1, 3, 1, 4, 3, 4, 4, 1, 1, 0, 4, 1, 2, 2, 1, 1, 1, 3, 1, 1, 1, 1, 3, 1, 2, 1, 4, 3, 1, 1, 1, 2, 2, 2, 4, 1]|[0, 2, 1, 1, 3, 0, 1, 0, 0, 0, 0, 0, 1, 0, 1, 0, 0, 3, 1, 0, 0, 0, 3, 1, 0, 2, 0, 0, 0, 1, 0, 0, 0, 0, 3, 0, 1, 0, 0, 2, 1, 1, 1, 0, 0, 0, 0, 2, 1, 0, 0, 0, 1, 3, 0, 0, 0, 0, 0, 0, 2, 0, 0, 1, 0, 2, 0, 0, 0, 1, 1, 3, 1, 1, 3, 0, 1, 0, 0, 2, 0, 0, 0, 0, 1, 0, 2, 0, 1, 0, 0, 2, 0, 1, 1, 0, 0, 0, 2, 0],790.1065585729232,55182.91733167286,99877.78113148188,true
50,G2_TEC,G2_TEC,[31, 94, 82, 15, 26, 9, 95, 42, 77, 68, 47, 5, 93, 78, 86, 54, 85, 63, 18, 44, 20, 49, 36, 14, 74, 50, 53, 17, 21, 28, 11, 64, 3, 23, 30, 83, 24, 41, 40, 52, 65, 27, 90, 70, 39, 87, 48, 69, 99, 4, 75, 1, 13, 58, 97, 59, 45, 8, 73, 37, 35, 79, 71, 66, 76, 32, 60, 80, 56, 6, 67, 61, 33, 7, 57, 34, 12, 16, 10, 98, 96, 88, 43, 81, 91, 2, 84, 29, 92, 19, 51, 55, 89, 46, 25, 72, 22, 38, 62, 0]|[2, 1, 2, 1, 1, 2, 1, 1, 1, 1, 1, 0, 2, 2, 1, 2, 0, 0, 0, 2, 2, 1, 0, 2, 0, 2, 2, 1, 0, 1, 1, 1, 0, 0, 1, 0, 2, 1, 2, 2, 0, 0, 1, 1, 0, 2, 0, 2, 1, 0, 0, 2, 0, 2, 2, 0, 1, 1, 0, 0, 2, 1, 1, 2, 2, 0, 2, 2, 2, 1, 2, 1, 1, 2, 0, 1, 1, 2, 1, 2, 0, 1, 1, 1, 1, 0, 0, 1, 0, 1, 1, 0, 1, 0, 1, 1, 2, 0, 1, 0]|[0, 3, 0, 3, 4, 1, 4, 4, 4, 4, 3, 2, 1, 0, 2, 1, 1, 1, 2, 1, 1, 3, 0, 1, 0, 1, 1, 4, 1, 4, 3, 2, 2, 0, 4, 1, 1, 4, 1, 1, 2, 1, 4, 4, 1, 1, 0, 1, 3, 2, 2, 1, 2, 1, 1, 2, 4, 3, 0, 2, 1, 3, 3, 1, 1, 2, 1, 1, 1, 4, 1, 3, 4, 1, 2, 4, 3, 1, 3, 1, 2, 4, 4, 4, 3, 2, 2, 3, 2, 4, 3, 2, 4, 2, 4, 4, 1, 2, 3, 2]|[0, 2, 0, 0, 3, 0, 1, 3, 1, 0, 2, 0, 1, 0, 1, 0, 0, 0, 1, 0, 0, 2, 0, 0, 1, 0, 0, 3, 0, 1, 0, 2, 0, 0, 3, 0, 1, 1, 0, 0, 0, 0, 1, 3, 0, 0, 1, 0, 2, 0, 0, 0, 0, 0, 1, 0, 1, 0, 1, 1, 0, 2, 0, 0, 0, 0, 0, 0, 0, 2, 0, 0, 1, 0, 0, 1, 0, 0, 3, 0, 0, 1, 2, 2, 0, 0, 0, 3, 0, 1, 0, 0, 1, 0, 3, 1, 0, 0, 0, 0],910.6016522559228,48477.97680877805,107310.38223400299,false
50,G3_TWC,G3_TWC,[31, 22, 42, 15, 26, 58, 95, 82, 77, 12, 47, 5, 93, 78, 98, 54, 85, 63, 18, 44, 20, 35, 43, 97, 91, 76, 10, 30, 21, 45, 71, 64, 1, 23, 17, 83, 24, 61, 60, 36, 6, 57, 94, 88, 65, 56, 79, 40, 67, 68, 46, 75, 38, 9, 19, 32, 81, 41, 27, 62, 87, 90, 99, 59, 11, 16, 72, 73, 70, 39, 37, 84, 3, 92, 25, 74, 28, 29, 51, 7, 53, 14, 86, 48, 89, 50, 66, 96, 33, 80, 4, 8, 55, 49, 0, 52, 69, 2, 13, 34]|[1, 1, 0, 1, 1, 1, 2, 1, 2, 1, 2, 2, 2, 1, 1, 0, 0, 1, 0, 2, 2, 0, 1, 2, 0, 1, 2, 2, 0, 0, 1, 2, 1, 2, 1, 0, 2, 0, 1, 1, 0, 1, 1, 1, 0, 2, 1, 1, 0, 0, 0, 0, 1, 1, 2, 1, 2, 0, 0, 0, 2, 1, 0, 1, 2, 1, 2, 1, 1, 1, 1, 1, 2, 0, 1, 2, 0, 0, 0, 1, 0, 1, 0, 0, 1, 0, 0, 0, 2, 0, 0, 1, 1, 0, 0, 1, 1, 0, 0, 2]|[4, 3, 2, 2, 0, 0, 2, 2, 2, 4, 1, 1, 2, 4, 4, 1, 1, 4, 2, 1, 1, 1, 1, 2, 1, 2, 1, 1, 1, 1, 3, 2, 3, 0, 4, 0, 1, 1, 0, 3, 2, 2, 4, 0, 1, 1, 3, 2, 0, 1, 2, 2, 1, 4, 0, 3, 2, 1, 1, 2, 1, 3, 1, 1, 1, 3, 0, 4, 3, 1, 4, 1, 1, 2, 4, 1, 2, 1, 1, 3, 2, 3, 1, 1, 1, 1, 1, 1, 1, 1, 2, 3, 4, 1, 2, 1, 3, 2, 2, 1]|[0, 2, 1, 1, 3, 3, 0, 1, 0, 0, 0, 0, 1, 0, 1, 0, 0, 3, 1, 0, 0, 0, 3, 1, 0, 2, 0, 0, 0, 1, 0, 0, 0, 0, 3, 0, 1, 0, 0, 2, 1, 1, 2, 0, 0, 0, 0, 1, 1, 0, 0, 0, 1, 3, 0, 0, 1, 0, 0, 1, 0, 2, 0, 1, 0, 2, 1, 0, 0, 1, 1, 3, 0, 1, 3, 0, 1, 0, 0, 2, 1, 0, 0, 0, 1, 0, 0, 0, 0, 0, 1, 2, 3, 1, 0, 1, 0, 0, 0, 0],802.5281847645216,57652.86795409501,87938.17744329936,false
50,G1_CMAX,G4_BALANCED,[31, 22, 82, 15, 26, 58, 95, 42, 77, 12, 47, 5, 93, 78, 98, 54, 85, 63, 18, 44, 20, 35, 43, 97, 91, 76, 10, 30, 21, 45, 71, 64, 1, 23, 17, 83, 24, 14, 60, 36, 6, 57, 40, 88, 65, 56, 79, 94, 67, 68, 46, 75, 38, 9, 19, 32, 81, 41, 27, 62, 87, 90, 99, 59, 11, 16, 72, 73, 70, 39, 37, 84, 3, 92, 25, 55, 28, 29, 51, 7, 33, 61, 86, 48, 89, 50, 66, 96, 53, 80, 4, 8, 34, 49, 52, 0, 13, 2, 69, 74]|[1, 1, 0, 1, 1, 1, 1, 2, 2, 1, 2, 2, 2, 1, 1, 0, 0, 1, 0, 2, 2, 0, 1, 2, 0, 1, 2, 2, 0, 0, 1, 2, 1, 2, 1, 0, 2, 0, 1, 1, 0, 1, 1, 1, 0, 2, 1, 1, 0, 0, 0, 0, 1, 1, 2, 1, 2, 2, 0, 0, 2, 1, 0, 1, 2, 1, 2, 1, 1, 1, 1, 1, 1, 0, 1, 1, 0, 0, 0, 1, 2, 1, 0, 0, 1, 0, 2, 2, 0, 0, 1, 1, 2, 0, 1, 0, 0, 0, 2, 2]|[4, 3, 2, 2, 0, 0, 2, 2, 2, 4, 1, 1, 2, 4, 4, 1, 1, 4, 2, 1, 1, 1, 1, 2, 1, 2, 1, 1, 1, 1, 3, 2, 3, 0, 4, 0, 1, 1, 0, 3, 2, 2, 2, 0, 1, 1, 0, 4, 0, 1, 2, 2, 1, 4, 0, 3, 2, 1, 1, 1, 1, 3, 1, 1, 1, 3, 0, 4, 3, 1, 4, 1, 1, 2, 4, 4, 2, 1, 1, 3, 1, 3, 1, 1, 1, 1, 1, 1, 2, 1, 4, 3, 1, 1, 1, 2, 2, 2, 1, 1]|[0, 2, 1, 1, 3, 3, 1, 0, 0, 0, 0, 0, 1, 0, 1, 0, 0, 3, 1, 0, 0, 0, 3, 1, 0, 2, 0, 0, 0, 1, 0, 0, 0, 0, 3, 0, 1, 0, 0, 2, 1, 1, 1, 0, 0, 0, 0, 2, 1, 0, 0, 0, 1, 3, 0, 0, 1, 0, 0, 0, 0, 2, 0, 1, 0, 2, 1, 0, 0, 1, 1, 3, 1, 1, 3, 3, 1, 0, 0, 2, 0, 0, 0, 0, 1, 0, 0, 0, 1, 0, 0, 2, 0, 1, 1, 0, 0, 0, 0, 0],731.5306153557921,57003.02978095301,92362.28517084994,true
50,G4_BALANCED,G4_BALANCED,[31, 11, 15, 82, 26, 9, 95, 32, 77, 68, 47, 5, 93, 78, 86, 54, 85, 63, 18, 44, 20, 49, 36, 14, 74, 50, 53, 17, 21, 45, 71, 64, 3, 23, 30, 83, 24, 41, 60, 52, 65, 27, 90, 70, 39, 87, 48, 69, 99, 4, 46, 1, 13, 58, 97, 59, 28, 75, 73, 37, 35, 79, 22, 66, 76, 42, 40, 80, 96, 6, 16, 61, 33, 7, 57, 34, 12, 67, 10, 98, 56, 88, 29, 94, 91, 38, 51, 92, 43, 84, 19, 72, 81, 25, 0, 55, 62, 89, 8, 2]|[2, 1, 1, 2, 1, 2, 1, 1, 1, 1, 1, 0, 2, 2, 1, 2, 0, 0, 0, 2, 2, 1, 0, 2, 0, 2, 2, 1, 0, 1, 1, 1, 0, 0, 1, 0, 2, 1, 2, 2, 0, 0, 1, 1, 0, 2, 0, 2, 1, 0, 0, 2, 0, 0, 2, 0, 1, 0, 0, 0, 2, 1, 0, 2, 2, 0, 2, 2, 0, 1, 2, 1, 1, 2, 0, 1, 1, 1, 1, 2, 2, 1, 1, 2, 1, 0, 1, 0, 1, 0, 1, 1, 1, 1, 0, 0, 1, 1, 1, 2]|[0, 3, 2, 0, 4, 1, 4, 4, 2, 4, 3, 2, 1, 0, 2, 1, 1, 1, 2, 1, 1, 3, 0, 1, 0, 1, 1, 4, 1, 4, 3, 2, 2, 0, 4, 1, 1, 4, 0, 1, 2, 1, 4, 4, 1, 1, 0, 2, 3, 1, 2, 1, 2, 1, 1, 2, 4, 2, 0, 2, 2, 3, 1, 0, 1, 2, 0, 1, 2, 4, 1, 3, 4, 1, 2, 4, 3, 3, 3, 1, 1, 4, 3, 1, 3, 2, 3, 2, 4, 2, 4, 4, 1, 4, 2, 2, 3, 4, 3, 1]|[0, 2, 1, 0, 3, 0, 1, 3, 0, 0, 2, 0, 1, 0, 1, 0, 0, 0, 1, 0, 0, 2, 0, 0, 1, 0, 0, 3, 0, 1, 0, 2, 0, 1, 3, 0, 1, 3, 1, 0, 0, 0, 1, 3, 0, 0, 1, 0, 2, 0, 0, 0, 0, 0, 1, 0, 1, 0, 1, 1, 0, 2, 0, 0, 0, 0, 0, 0, 0, 2, 0, 0, 1, 0, 0, 1, 0, 0, 3, 0, 0, 1, 0, 0, 0, 0, 0, 0, 2, 0, 3, 2, 1, 3, 0, 0, 0, 1, 0, 0],838.0858887121581,52145.01293281826,108083.60693758915,false
50,G2_TEC,G2_TEC,[31, 94, 82, 15, 26, 9, 95, 42, 77, 68, 47, 5, 93, 78, 86, 54, 85, 63, 18, 44, 20, 49, 36, 14, 74, 50, 53, 17, 21, 28, 11, 64, 3, 23, 30, 83, 24, 41, 40, 52, 65, 27, 90, 70, 39, 87, 48, 69, 99, 4, 46, 1, 13, 56, 97, 59, 45, 8, 73, 37, 35, 79, 71, 66, 76, 32, 60, 80, 58, 6, 67, 61, 33, 7, 57, 34, 12, 16, 10, 98, 96, 88, 43, 81, 91, 2, 84, 29, 92, 19, 51, 55, 89, 75, 25, 72, 22, 38, 62, 0]|[2, 1, 2, 1, 1, 2, 1, 1, 1, 1, 1, 0, 2, 2, 1, 2, 0, 0, 0, 2, 2, 1, 0, 2, 0, 2, 2, 1, 0, 1, 1, 1, 0, 0, 1, 0, 2, 1, 2, 2, 0, 0, 1, 1, 0, 2, 0, 2, 1, 0, 0, 2, 0, 2, 2, 0, 1, 1, 0, 0, 2, 1, 1, 2, 2, 0, 2, 2, 2, 1, 2, 1, 1, 2, 0, 1, 1, 2, 1, 2, 0, 1, 1, 1, 1, 0, 0, 1, 0, 1, 1, 0, 1, 0, 1, 1, 2, 0, 1, 0]|[0, 3, 0, 3, 4, 1, 4, 4, 4, 4, 3, 2, 1, 0, 2, 1, 1, 1, 2, 1, 1, 3, 0, 1, 0, 1, 1, 4, 1, 4, 3, 2, 2, 0, 4, 1, 1, 4, 1, 1, 2, 1, 4, 4, 1, 1, 0, 1, 3, 2, 2, 1, 2, 1, 1, 2, 4, 3, 0, 2, 1, 3, 3, 1, 1, 2, 1, 1, 1, 4, 1, 3, 4, 1, 2, 4, 3, 1, 3, 1, 2, 4, 4, 4, 3, 2, 2, 3, 2, 4, 3, 2, 4, 2, 4, 4, 1, 2, 3, 2]|[0, 2, 0, 0, 3, 0, 1, 3, 1, 0, 2, 0, 1, 0, 1, 0, 0, 0, 1, 0, 0, 2, 0, 0, 1, 0, 0, 3, 0, 1, 0, 2, 0, 0, 3, 0, 1, 1, 0, 0, 0, 0, 1, 3, 0, 0, 1, 0, 2, 0, 0, 0, 0, 0, 1, 0, 1, 0, 1, 1, 0, 2, 0, 0, 0, 0, 0, 0, 0, 2, 0, 0, 1, 0, 0, 1, 0, 0, 3, 0, 0, 1, 2, 2, 0, 0, 0, 3, 0, 1, 0, 0, 1, 0, 3, 1, 0, 0, 0, 0],910.6016522559228,48453.76930145325,107095.52069553157,false
50,G3_TWC,G3_TWC,[31, 22, 42, 15, 26, 58, 95, 82, 77, 12, 47, 5, 93, 78, 98, 54, 85, 63, 18, 44, 20, 35, 43, 97, 91, 76, 10, 30, 21, 45, 71, 64, 1, 23, 17, 83, 24, 61, 60, 36, 6, 57, 94, 88, 65, 56, 79, 40, 67, 68, 46, 75, 38, 9, 19, 32, 81, 41, 27, 62, 87, 90, 99, 59, 11, 16, 72, 73, 70, 39, 37, 84, 3, 92, 25, 74, 28, 29, 51, 7, 53, 14, 86, 48, 89, 50, 66, 96, 33, 80, 4, 8, 55, 49, 0, 52, 69, 2, 13, 34]|[1, 1, 0, 1, 1, 1, 2, 1, 2, 1, 2, 2, 2, 1, 1, 0, 0, 1, 0, 2, 2, 0, 1, 2, 0, 1, 2, 2, 0, 0, 1, 2, 1, 2, 1, 0, 2, 0, 1, 1, 0, 1, 1, 1, 0, 2, 1, 1, 0, 0, 0, 0, 1, 1, 2, 1, 2, 0, 0, 0, 2, 1, 0, 1, 2, 1, 2, 1, 1, 1, 1, 1, 2, 0, 1, 2, 0, 0, 0, 1, 0, 1, 0, 0, 1, 0, 0, 0, 2, 0, 0, 1, 1, 0, 0, 1, 1, 0, 0, 2]|[4, 3, 2, 2, 0, 0, 2, 2, 2, 4, 1, 1, 2, 4, 4, 1, 1, 4, 2, 1, 1, 1, 1, 2, 1, 2, 1, 1, 1, 1, 3, 2, 3, 0, 4, 0, 1, 1, 0, 3, 2, 2, 4, 0, 1, 1, 3, 2, 0, 1, 2, 2, 1, 4, 0, 3, 2, 1, 1, 2, 1, 3, 1, 1, 1, 3, 0, 4, 3, 1, 4, 1, 1, 2, 4, 1, 2, 1, 1, 3, 2, 3, 1, 1, 1, 1, 1, 1, 1, 1, 2, 3, 4, 1, 2, 1, 3, 2, 2, 1]|[0, 2, 1, 1, 3, 3, 0, 1, 0, 0, 0, 0, 1, 0, 1, 0, 0, 3, 1, 0, 0, 0, 3, 1, 0, 2, 0, 0, 0, 1, 0, 0, 0, 0, 3, 0, 1, 0, 0, 2, 1, 1, 2, 0, 0, 0, 0, 1, 1, 0, 0, 0, 1, 3, 0, 0, 1, 0, 0, 1, 0, 2, 0, 1, 0, 2, 1, 0, 0, 1, 1, 3, 0, 1, 3, 0, 1, 0, 0, 2, 1, 0, 0, 0, 1, 0, 0, 0, 0, 0, 1, 2, 3, 1, 0, 1, 0, 0, 0, 0],802.5281847645216,57652.86795409501,87938.17744329936,false
50,G1_CMAX,G3_TWC,[31, 22, 42, 15, 26, 58, 95, 82, 77, 12, 47, 5, 93, 78, 98, 54, 85, 63, 18, 44, 20, 35, 43, 97, 91, 76, 10, 30, 21, 45, 71, 64, 1, 23, 17, 83, 24, 61, 60, 36, 6, 57, 94, 88, 62, 56, 79, 40, 67, 68, 46, 75, 38, 9, 19, 32, 81, 41, 27, 65, 87, 90, 99, 59, 11, 16, 72, 73, 70, 39, 37, 84, 3, 92, 25, 74, 28, 29, 51, 7, 53, 14, 4, 48, 89, 66, 50, 96, 33, 80, 86, 8, 55, 49, 0, 52, 13, 2, 69, 34]|[1, 1, 0, 1, 1, 1, 2, 1, 2, 1, 2, 2, 2, 1, 1, 0, 0, 1, 0, 2, 2, 0, 1, 2, 0, 1, 2, 2, 0, 0, 1, 2, 1, 2, 1, 0, 2, 0, 1, 1, 0, 1, 1, 1, 0, 2, 1, 1, 0, 0, 0, 0, 1, 1, 2, 1, 2, 0, 0, 0, 2, 1, 0, 1, 2, 1, 2, 1, 1, 1, 1, 1, 2, 0, 1, 2, 0, 0, 0, 1, 0, 1, 0, 0, 1, 0, 0, 2, 2, 0, 0, 1, 1, 0, 0, 1, 0, 0, 1, 2]|[4, 3, 2, 2, 0, 0, 2, 2, 2, 4, 1, 1, 2, 4, 4, 1, 1, 4, 2, 1, 1, 1, 1, 2, 1, 2, 1, 1, 1, 1, 3, 2, 3, 0, 4, 0, 1, 1, 0, 3, 2, 2, 4, 0, 1, 1, 3, 2, 0, 1, 2, 2, 1, 4, 0, 3, 2, 1, 1, 1, 1, 3, 1, 1, 1, 3, 0, 4, 3, 1, 4, 1, 1, 2, 4, 1, 2, 1, 1, 3, 2, 3, 2, 1, 1, 1, 1, 1, 1, 1, 1, 3, 4, 1, 2, 1, 2, 2, 3, 1]|[0, 2, 1, 1, 3, 3, 0, 1, 0, 0, 0, 0, 1, 0, 1, 0, 0, 3, 1, 0, 0, 0, 3, 1, 0, 2, 0, 0, 0, 1, 0, 0, 0, 0, 3, 0, 1, 0, 0, 2, 1, 1, 2, 0, 0, 0, 0, 1, 1, 0, 0, 0, 1, 3, 0, 0, 1, 0, 0, 0, 0, 2, 0, 1, 0, 2, 1, 0, 0, 1, 1, 3, 0, 1, 3, 0, 1, 0, 0, 2, 1, 0, 1, 0, 1, 0, 0, 0, 0, 0, 0, 2, 3, 1, 0, 1, 0, 0, 0, 0],787.3799270647239,57288.66963566808,89448.36370697647,true
50,G4_BALANCED,G4_BALANCED,[31, 11, 15, 82, 26, 9, 95, 32, 77, 68, 47, 5, 93, 78, 86, 54, 85, 63, 18, 44, 20, 49, 36, 14, 74, 50, 53, 17, 21, 45, 71, 64, 3, 23, 30, 83, 24, 41, 60, 52, 65, 27, 90, 70, 39, 87, 48, 69, 99, 4, 46, 1, 13, 58, 97, 59, 28, 75, 73, 37, 35, 79, 22, 66, 76, 42, 40, 80, 96, 6, 16, 61, 33, 7, 57, 34, 12, 67, 10, 98, 56, 88, 29, 94, 91, 38, 51, 92, 43, 84, 19, 72, 81, 25, 0, 55, 62, 89, 8, 2]|[2, 1, 1, 2, 1, 2, 1, 1, 1, 1, 1, 0, 2, 2, 1, 2, 0, 0, 0, 2, 2, 1, 0, 2, 0, 2, 2, 1, 0, 1, 1, 1, 0, 0, 1, 0, 2, 1, 2, 2, 0, 0, 1, 1, 0, 2, 0, 2, 1, 0, 0, 2, 0, 0, 2, 0, 1, 0, 0, 0, 2, 1, 0, 2, 2, 0, 2, 2, 0, 1, 2, 1, 1, 2, 0, 1, 1, 1, 1, 2, 2, 1, 1, 2, 1, 0, 1, 0, 1, 0, 1, 1, 1, 1, 0, 0, 1, 1, 1, 2]|[0, 3, 2, 0, 4, 1, 4, 4, 2, 4, 3, 2, 1, 0, 2, 1, 1, 1, 2, 1, 1, 3, 0, 1, 0, 1, 1, 4, 1, 4, 3, 2, 2, 0, 4, 1, 1, 4, 0, 1, 2, 1, 4, 4, 1, 1, 0, 2, 3, 1, 2, 1, 2, 1, 1, 2, 4, 2, 0, 2, 2, 3, 1, 0, 1, 2, 0, 1, 2, 4, 1, 3, 4, 1, 2, 4, 3, 3, 3, 1, 1, 4, 3, 1, 3, 2, 3, 2, 4, 2, 4, 4, 1, 4, 2, 2, 3, 4, 3, 1]|[0, 2, 1, 0, 3, 0, 1, 3, 0, 0, 2, 0, 1, 0, 1, 0, 0, 0, 1, 0, 0, 2, 0, 0, 1, 0, 0, 3, 0, 1, 0, 2, 0, 1, 3, 0, 1, 3, 1, 0, 0, 0, 1, 3, 0, 0, 1, 0, 2, 0, 0, 0, 0, 0, 1, 0, 1, 0, 1, 1, 0, 2, 0, 0, 0, 0, 0, 0, 0, 2, 0, 0, 1, 0, 0, 1, 0, 0, 3, 0, 0, 1, 0, 0, 0, 0, 0, 0, 2, 0, 3, 2, 1, 3, 0, 0, 0, 1, 0, 0],838.0858887121581,52145.01293281826,108083.60693758915,false
50,G2_TEC,G2_TEC,[31, 94, 82, 15, 26, 9, 95, 42, 77, 68, 47, 5, 93, 78, 86, 54, 85, 63, 18, 44, 20, 49, 36, 14, 74, 50, 53, 17, 21, 28, 11, 64, 3, 23, 30, 83, 24, 41, 40, 52, 65, 27, 90, 70, 39, 87, 48, 69, 99, 4, 46, 1, 13, 56, 97, 59, 45, 8, 73, 37, 35, 79, 71, 66, 76, 32, 60, 80, 58, 6, 67, 61, 33, 7, 57, 34, 12, 16, 10, 98, 96, 88, 43, 81, 91, 2, 84, 29, 92, 19, 51, 55, 89, 75, 25, 72, 22, 38, 62, 0]|[2, 1, 2, 1, 1, 2, 1, 1, 1, 1, 1, 0, 2, 2, 1, 2, 0, 0, 0, 2, 2, 1, 0, 2, 0, 2, 2, 1, 0, 1, 1, 1, 0, 0, 1, 0, 2, 1, 2, 2, 0, 0, 1, 1, 0, 2, 0, 2, 1, 0, 0, 2, 0, 2, 2, 0, 1, 1, 0, 0, 2, 1, 1, 2, 2, 0, 2, 2, 2, 1, 2, 1, 1, 2, 0, 1, 1, 2, 1, 2, 0, 1, 1, 1, 1, 0, 0, 1, 0, 1, 1, 0, 1, 0, 1, 1, 2, 0, 1, 0]|[0, 3, 0, 3, 4, 1, 4, 4, 4, 4, 3, 2, 1, 0, 2, 1, 1, 1, 2, 1, 1, 3, 0, 1, 0, 1, 1, 4, 1, 4, 3, 2, 2, 0, 4, 1, 1, 4, 1, 1, 2, 1, 4, 4, 1, 1, 0, 1, 3, 2, 2, 1, 2, 1, 1, 2, 4, 3, 0, 2, 1, 3, 3, 1, 1, 2, 1, 1, 1, 4, 1, 3, 4, 1, 2, 4, 3, 1, 3, 1, 2, 4, 4, 4, 3, 2, 2, 3, 2, 4, 3, 2, 4, 2, 4, 4, 1, 2, 3, 2]|[0, 2, 0, 0, 3, 0, 1, 3, 1, 0, 2, 0, 1, 0, 1, 0, 0, 0, 1, 0, 0, 2, 0, 0, 1, 0, 0, 3, 0, 1, 0, 2, 0, 0, 3, 0, 1, 1, 0, 0, 0, 0, 1, 3, 0, 0, 1, 0, 2, 0, 0, 0, 0, 0, 1, 0, 1, 0, 1, 1, 0, 2, 0, 0, 0, 0, 0, 0, 0, 2, 0, 0, 1, 0, 0, 1, 0, 0, 3, 0, 0, 1, 2, 2, 0, 0, 0, 3, 0, 1, 0, 0, 1, 0, 3, 1, 0, 0, 0, 0],910.6016522559228,48453.76930145325,107095.52069553157,false
50,G3_TWC,G3_TWC,[31, 22, 42, 15, 26, 58, 95, 82, 77, 12, 47, 5, 93, 78, 98, 54, 85, 63, 18, 44, 20, 35, 43, 97, 91, 76, 10, 30, 21, 45, 71, 64, 1, 23, 17, 83, 24, 61, 60, 36, 6, 57, 94, 88, 65, 56, 79, 40, 67, 68, 46, 75, 38, 9, 19, 32, 81, 41, 27, 62, 87, 90, 99, 59, 11, 16, 72, 73, 70, 39, 37, 84, 3, 92, 25, 74, 28, 29, 51, 7, 53, 14, 86, 48, 89, 50, 66, 96, 33, 80, 4, 8, 55, 49, 0, 52, 69, 2, 13, 34]|[1, 1, 0, 1, 1, 1, 2, 1, 2, 1, 2, 2, 2, 1, 1, 0, 0, 1, 0, 2, 2, 0, 1, 2, 0, 1, 2, 2, 0, 0, 1, 2, 1, 2, 1, 0, 2, 0, 1, 1, 0, 1, 1, 1, 0, 2, 1, 1, 0, 0, 0, 0, 1, 1, 2, 1, 2, 0, 0, 0, 2, 1, 0, 1, 2, 1, 2, 1, 1, 1, 1, 1, 2, 0, 1, 2, 0, 0, 0, 1, 0, 1, 0, 0, 1, 0, 0, 0, 2, 0, 0, 1, 1, 0, 0, 1, 1, 0, 0, 2]|[4, 3, 2, 2, 0, 0, 2, 2, 2, 4, 1, 1, 2, 4, 4, 1, 1, 4, 2, 1, 1, 1, 1, 2, 1, 2, 1, 1, 1, 1, 3, 2, 3, 0, 4, 0, 1, 1, 0, 3, 2, 2, 4, 0, 1, 1, 3, 2, 0, 1, 2, 2, 1, 4, 0, 3, 2, 1, 1, 2, 1, 3, 1, 1, 1, 3, 0, 4, 3, 1, 4, 1, 1, 2, 4, 1, 2, 1, 1, 3, 2, 3, 1, 1, 1, 1, 1, 1, 1, 1, 2, 3, 4, 1, 2, 1, 3, 2, 2, 1]|[0, 2, 1, 1, 3, 3, 0, 1, 0, 0, 0, 0, 1, 0, 1, 0, 0, 3, 1, 0, 0, 0, 3, 1, 0, 2, 0, 0, 0, 1, 0, 0, 0, 0, 3, 0, 1, 0, 0, 2, 1, 1, 2, 0, 0, 0, 0, 1, 1, 0, 0, 0, 1, 3, 0, 0, 1, 0, 0, 1, 0, 2, 0, 1, 0, 2, 1, 0, 0, 1, 1, 3, 0, 1, 3, 0, 1, 0, 0, 2, 1, 0, 0, 0, 1, 0, 0, 0, 0, 0, 1, 2, 3, 1, 0, 1, 0, 0, 0, 0],802.5281847645216,57652.86795409501,87938.17744329936,false
50,G1_CMAX,G3_TWC,[31, 22, 42, 15, 26, 58, 95, 82, 77, 12, 47, 5, 93, 78, 98, 54, 85, 63, 18, 44, 20, 35, 43, 97, 91, 76, 10, 30, 21, 45, 71, 64, 1, 23, 17, 83, 24, 61, 60, 36, 6, 57, 94, 88, 65, 56, 79, 40, 67, 68, 46, 75, 38, 9, 19, 32, 81, 41, 27, 62, 87, 90, 99, 59, 11, 16, 72, 73, 70, 39, 37, 84, 3, 92, 25, 74, 28, 29, 51, 7, 33, 14, 86, 48, 89, 50, 66, 96, 53, 80, 4, 8, 0, 49, 52, 55, 13, 2, 69, 34]|[1, 1, 0, 1, 1, 1, 2, 1, 2, 1, 2, 2, 2, 1, 1, 0, 0, 1, 0, 2, 2, 0, 1, 2, 0, 1, 2, 2, 0, 0, 1, 2, 1, 2, 1, 0, 2, 0, 1, 1, 0, 1, 1, 1, 0, 2, 1, 1, 0, 0, 0, 0, 1, 1, 2, 1, 2, 0, 0, 0, 2, 1, 0, 1, 2, 1, 2, 1, 1, 1, 1, 1, 2, 0, 1, 2, 0, 0, 0, 1, 2, 0, 0, 0, 1, 0, 2, 2, 0, 0, 0, 1, 0, 0, 1, 2, 0, 0, 1, 2]|[4, 3, 2, 2, 0, 0, 2, 2, 2, 4, 1, 1, 2, 4, 4, 1, 1, 4, 2, 1, 1, 1, 1, 2, 1, 2, 1, 1, 1, 1, 3, 2, 3, 0, 4, 0, 1, 1, 0, 3, 2, 2, 4, 0, 1, 1, 3, 2, 0, 1, 2, 2, 1, 4, 0, 3, 2, 1, 1, 2, 1, 3, 1, 1, 1, 3, 0, 4, 3, 1, 4, 1, 1, 2, 4, 1, 2, 1, 1, 3, 1, 1, 1, 1, 1, 1, 1, 1, 2, 1, 2, 3, 2, 1, 1, 1, 2, 2, 3, 1]|[0, 2, 1, 1, 3, 3, 0, 1, 0, 0, 0, 0, 1, 0, 1, 0, 0, 3, 1, 0, 0, 0, 3, 1, 0, 2, 0, 0, 0, 1, 0, 0, 0, 0, 3, 0, 1, 0, 0, 2, 1, 1, 2, 0, 0, 0, 0, 1, 1, 0, 0, 0, 1, 3, 0, 0, 1, 0, 0, 1, 0, 2, 0, 1, 0, 2, 1, 0, 0, 1, 1, 3, 0, 1, 3, 0, 1, 0, 0, 2, 0, 0, 0, 0, 1, 0, 0, 0, 1, 0, 1, 2, 0, 1, 1, 0, 0, 0, 0, 0],782.4541794493351,57731.401181331414,88615.94164927406,true
50,G4_BALANCED,G4_BALANCED,[31, 11, 15, 82, 26, 9, 95, 32, 77, 68, 47, 5, 93, 78, 86, 54, 85, 63, 18, 44, 20, 49, 36, 14, 74, 50, 53, 17, 21, 45, 71, 64, 3, 23, 30, 83, 24, 41, 60, 52, 65, 27, 90, 70, 39, 87, 48, 69, 99, 4, 46, 1, 13, 58, 97, 59, 28, 75, 73, 37, 35, 79, 22, 66, 76, 42, 40, 80, 96, 6, 16, 61, 33, 7, 57, 34, 12, 67, 10, 98, 56, 88, 29, 94, 91, 38, 51, 92, 43, 84, 19, 72, 81, 25, 0, 55, 62, 89, 8, 2]|[2, 1, 1, 2, 1, 2, 1, 1, 1, 1, 1, 0, 2, 2, 1, 2, 0, 0, 0, 2, 2, 1, 0, 2, 0, 2, 2, 1, 0, 1, 1, 1, 0, 0, 1, 0, 2, 1, 2, 2, 0, 0, 1, 1, 0, 2, 0, 2, 1, 0, 0, 2, 0, 0, 2, 0, 1, 0, 0, 0, 2, 1, 0, 2, 2, 0, 2, 2, 0, 1, 2, 1, 1, 2, 0, 1, 1, 1, 1, 2, 2, 1, 1, 2, 1, 0, 1, 0, 1, 0, 1, 1, 1, 1, 0, 0, 1, 1, 1, 2]|[0, 3, 2, 0, 4, 1, 4, 4, 2, 4, 3, 2, 1, 0, 2, 1, 1, 1, 2, 1, 1, 3, 0, 1, 0, 1, 1, 4, 1, 4, 3, 2, 2, 0, 4, 1, 1, 4, 0, 1, 2, 1, 4, 4, 1, 1, 0, 2, 3, 1, 2, 1, 2, 1, 1, 2, 4, 2, 0, 2, 2, 3, 1, 0, 1, 2, 0, 1, 2, 4, 1, 3, 4, 1, 2, 4, 3, 3, 3, 1, 1, 4, 3, 1, 3, 2, 3, 2, 4, 2, 4, 4, 1, 4, 2, 2, 3, 4, 3, 1]|[0, 2, 1, 0, 3, 0, 1, 3, 0, 0, 2, 0, 1, 0, 1, 0, 0, 0, 1, 0, 0, 2, 0, 0, 1, 0, 0, 3, 0, 1, 0, 2, 0, 1, 3, 0, 1, 3, 1, 0, 0, 0, 1, 3, 0, 0, 1, 0, 2, 0, 0, 0, 0, 0, 1, 0, 1, 0, 1, 1, 0, 2, 0, 0, 0, 0, 0, 0, 0, 2, 0, 0, 1, 0, 0, 1, 0, 0, 3, 0, 0, 1, 0, 0, 0, 0, 0, 0, 2, 0, 3, 2, 1, 3, 0, 0, 0, 1, 0, 0],838.0858887121581,52145.01293281826,108083.60693758915,false
50,G2_TEC,G2_TEC,[31, 94, 82, 15, 26, 9, 95, 42, 77, 68, 47, 5, 93, 78, 86, 54, 85, 63, 18, 44, 20, 49, 36, 14, 74, 50, 53, 17, 21, 28, 11, 64, 3, 23, 30, 83, 24, 41, 40, 52, 65, 27, 90, 70, 39, 87, 48, 69, 99, 4, 46, 1, 13, 56, 97, 59, 45, 8, 73, 37, 35, 79, 71, 66, 76, 32, 60, 80, 58, 6, 67, 61, 33, 7, 57, 34, 12, 16, 10, 98, 96, 88, 43, 81, 91, 2, 84, 29, 92, 19, 51, 55, 89, 75, 25, 72, 22, 38, 62, 0]|[2, 1, 2, 1, 1, 2, 1, 1, 1, 1, 1, 0, 2, 2, 1, 2, 0, 0, 0, 2, 2, 1, 0, 2, 0, 2, 2, 1, 0, 1, 1, 1, 0, 0, 1, 0, 2, 1, 2, 2, 0, 0, 1, 1, 0, 2, 0, 2, 1, 0, 0, 2, 0, 2, 2, 0, 1, 1, 0, 0, 2, 1, 1, 2, 2, 0, 2, 2, 2, 1, 2, 1, 1, 2, 0, 1, 1, 2, 1, 2, 0, 1, 1, 1, 1, 0, 0, 1, 0, 1, 1, 0, 1, 0, 1, 1, 2, 0, 1, 0]|[0, 3, 0, 3, 4, 1, 4, 4, 4, 4, 3, 2, 1, 0, 2, 1, 1, 1, 2, 1, 1, 3, 0, 1, 0, 1, 1, 4, 1, 4, 3, 2, 2, 0, 4, 1, 1, 4, 1, 1, 2, 1, 4, 4, 1, 1, 0, 1, 3, 2, 2, 1, 2, 1, 1, 2, 4, 3, 0, 2, 1, 3, 3, 1, 1, 2, 1, 1, 1, 4, 1, 3, 4, 1, 2, 4, 3, 1, 3, 1, 2, 4, 4, 4, 3, 2, 2, 3, 2, 4, 3, 2, 4, 2, 4, 4, 1, 2, 3, 2]|[0, 2, 0, 0, 3, 0, 1, 3, 1, 0, 2, 0, 1, 0, 1, 0, 0, 0, 1, 0, 0, 2, 0, 0, 1, 0, 0, 3, 0, 1, 0, 2, 0, 0, 3, 0, 1, 1, 0, 0, 0, 0, 1, 3, 0, 0, 1, 0, 2, 0, 0, 0, 0, 0, 1, 0, 1, 0, 1, 1, 0, 2, 0, 0, 0, 0, 0, 0, 0, 2, 0, 0, 1, 0, 0, 1, 0, 0, 3, 0, 0, 1, 2, 2, 0, 0, 0, 3, 0, 1, 0, 0, 1, 0, 3, 1, 0, 0, 0, 0],910.6016522559228,48453.76930145325,107095.52069553157,false
50,G3_TWC,G3_TWC,[31, 22, 42, 15, 26, 58, 95, 82, 77, 12, 47, 5, 93, 78, 98, 54, 85, 63, 18, 44, 20, 35, 43, 97, 91, 76, 10, 30, 21, 45, 71, 64, 1, 23, 17, 83, 24, 61, 60, 36, 6, 57, 94, 88, 65, 56, 79, 40, 67, 68, 46, 75, 38, 9, 19, 32, 81, 41, 27, 62, 87, 90, 99, 59, 11, 16, 72, 73, 70, 39, 37, 84, 3, 92, 25, 74, 28, 29, 51, 7, 53, 14, 86, 48, 89, 50, 66, 96, 33, 80, 4, 8, 55, 49, 0, 52, 69, 2, 13, 34]|[1, 1, 0, 1, 1, 1, 2, 1, 2, 1, 2, 2, 2, 1, 1, 0, 0, 1, 0, 2, 2, 0, 1, 2, 0, 1, 2, 2, 0, 0, 1, 2, 1, 2, 1, 0, 2, 0, 1, 1, 0, 1, 1, 1, 0, 2, 1, 1, 0, 0, 0, 0, 1, 1, 2, 1, 2, 0, 0, 0, 2, 1, 0, 1, 2, 1, 2, 1, 1, 1, 1, 1, 2, 0, 1, 2, 0, 0, 0, 1, 0, 1, 0, 0, 1, 0, 0, 0, 2, 0, 0, 1, 1, 0, 0, 1, 1, 0, 0, 2]|[4, 3, 2, 2, 0, 0, 2, 2, 2, 4, 1, 1, 2, 4, 4, 1, 1, 4, 2, 1, 1, 1, 1, 2, 1, 2, 1, 1, 1, 1, 3, 2, 3, 0, 4, 0, 1, 1, 0, 3, 2, 2, 4, 0, 1, 1, 3, 2, 0, 1, 2, 2, 1, 4, 0, 3, 2, 1, 1, 2, 1, 3, 1, 1, 1, 3, 0, 4, 3, 1, 4, 1, 1, 2, 4, 1, 2, 1, 1, 3, 2, 3, 1, 1, 1, 1, 1, 1, 1, 1, 2, 3, 4, 1, 2, 1, 3, 2, 2, 1]|[0, 2, 1, 1, 3, 3, 0, 1, 0, 0, 0, 0, 1, 0, 1, 0, 0, 3, 1, 0, 0, 0, 3, 1, 0, 2, 0, 0, 0, 1, 0, 0, 0, 0, 3, 0, 1, 0, 0, 2, 1, 1, 2, 0, 0, 0, 0, 1, 1, 0, 0, 0, 1, 3, 0, 0, 1, 0, 0, 1, 0, 2, 0, 1, 0, 2, 1, 0, 0, 1, 1, 3, 0, 1, 3, 0, 1, 0, 0, 2, 1, 0, 0, 0, 1, 0, 0, 0, 0, 0, 1, 2, 3, 1, 0, 1, 0, 0, 0, 0],802.5281847645216,57652.86795409501,87938.17744329936,false
50,G1_CMAX,G1_CMAX,[31, 22, 82, 15, 26, 99, 95, 42, 77, 12, 47, 5, 93, 78, 86, 54, 21, 63, 18, 44, 20, 35, 43, 97, 91, 76, 10, 30, 85, 45, 71, 64, 1, 23, 17, 83, 24, 14, 60, 36, 6, 57, 40, 88, 65, 56, 59, 94, 67, 68, 46, 75, 38, 9, 19, 32, 41, 81, 27, 87, 90, 58, 79, 11, 16, 72, 73, 70, 39, 37, 84, 3, 92, 25, 55, 48, 62, 29, 51, 7, 33, 61, 98, 28, 89, 50, 4, 96, 53, 80, 8, 66, 34, 49, 52, 0, 74, 69, 2, 13]|[1, 1, 0, 1, 1, 0, 1, 1, 2, 1, 2, 2, 2, 1, 1, 0, 0, 1, 0, 2, 2, 0, 1, 2, 0, 1, 2, 2, 0, 0, 1, 2, 1, 2, 1, 0, 2, 0, 1, 1, 0, 1, 1, 1, 0, 2, 1, 1, 0, 0, 0, 0, 1, 1, 2, 1, 0, 2, 0, 2, 1, 0, 1, 2, 1, 2, 1, 1, 1, 1, 1, 1, 0, 1, 2, 0, 0, 0, 0, 1, 2, 1, 2, 0, 1, 0, 1, 2, 0, 0, 1, 2, 2, 0, 1, 0, 2, 1, 0, 0]|[0, 3, 2, 2, 4, 1, 2, 3, 2, 4, 1, 1, 2, 4, 4, 1, 1, 4, 2, 1, 1, 1, 1, 2, 1, 2, 1, 1, 2, 1, 3, 2, 3, 1, 4, 0, 1, 1, 0, 3, 2, 2, 2, 0, 1, 1, 1, 4, 0, 1, 2, 2, 1, 4, 0, 3, 1, 1, 1, 1, 3, 1, 1, 1, 3, 0, 4, 3, 1, 4, 1, 1, 0, 4, 1, 1, 2, 1, 1, 1, 1, 3, 1, 2, 1, 1, 4, 1, 2, 1, 3, 1, 1, 1, 1, 2, 1, 4, 2, 2]|[0, 2, 1, 1, 3, 0, 1, 3, 0, 0, 0, 0, 1, 0, 1, 0, 0, 3, 1, 0, 0, 0, 3, 1, 0, 2, 0, 0, 0, 1, 0, 0, 0, 0, 3, 0, 1, 0, 0, 2, 1, 1, 1, 0, 0, 0, 1, 2, 1, 0, 0, 0, 1, 3, 0, 0, 0, 0, 0, 0, 2, 0, 1, 0, 2, 1, 0, 0, 1, 1, 3, 1, 1, 3, 0, 0, 1, 0, 0, 2, 0, 0, 0, 1, 1, 0, 0, 0, 1, 0, 2, 0, 0, 1, 1, 0, 0, 2, 0, 0],731.2476204416437,56471.05293543117,93231.64460992858,false
50,G4_BALANCED,G2_TEC,[31, 22, 82, 15, 26, 9, 95, 42, 77, 68, 47, 5, 93, 78, 86, 54, 85, 63, 18, 44, 20, 49, 36, 14, 74, 50, 53, 17, 21, 28, 11, 64, 3, 23, 30, 83, 24, 41, 40, 52, 65, 27, 90, 70, 39, 87, 48, 69, 99, 4, 75, 1, 13, 58, 97, 59, 45, 8, 73, 37, 35, 79, 71, 66, 76, 32, 60, 80, 56, 6, 67, 61, 33, 7, 57, 34, 12, 16, 10, 98, 96, 88, 43, 46, 91, 38, 84, 29, 92, 19, 51, 55, 81, 89, 25, 72, 94, 2, 62, 0]|[2, 1, 2, 1, 1, 2, 1, 1, 1, 1, 1, 0, 2, 2, 1, 2, 0, 0, 0, 2, 2, 1, 0, 2, 0, 2, 2, 1, 0, 1, 1, 1, 0, 0, 1, 0, 2, 1, 2, 2, 0, 0, 1, 1, 0, 2, 0, 2, 1, 0, 0, 2, 0, 0, 2, 0, 1, 1, 0, 0, 2, 1, 1, 2, 2, 0, 1, 2, 2, 1, 2, 1, 1, 2, 0, 1, 1, 2, 1, 2, 0, 1, 1, 0, 1, 0, 0, 1, 0, 1, 1, 0, 1, 1, 1, 1, 2, 2, 1, 0]|[0, 3, 0, 3, 4, 1, 4, 4, 2, 4, 3, 2, 1, 0, 2, 1, 1, 1, 2, 1, 1, 3, 0, 1, 0, 1, 1, 4, 1, 4, 3, 2, 2, 0, 4, 1, 1, 4, 1, 1, 2, 1, 4, 4, 1, 1, 0, 1, 3, 2, 2, 1, 2, 1, 1, 2, 4, 3, 0, 2, 2, 3, 3, 1, 1, 2, 3, 1, 1, 4, 1, 3, 4, 1, 2, 4, 3, 1, 3, 1, 2, 4, 4, 2, 3, 2, 2, 3, 2, 4, 3, 2, 4, 4, 4, 4, 1, 1, 3, 2]|[0, 2, 0, 0, 3, 0, 1, 3, 0, 0, 2, 0, 1, 0, 1, 0, 0, 0, 1, 0, 0, 2, 0, 0, 1, 0, 0, 3, 0, 1, 0, 2, 0, 0, 3, 0, 1, 1, 0, 0, 0, 0, 1, 3, 0, 0, 1, 0, 2, 0, 0, 0, 0, 0, 1, 0, 1, 0, 1, 1, 0, 2, 0, 0, 0, 0, 0, 0, 0, 2, 0, 0, 1, 0, 0, 1, 0, 0, 3, 0, 0, 1, 2, 0, 0, 0, 0, 3, 0, 1, 0, 0, 2, 1, 3, 1, 0, 0, 0, 0],882.7292286260067,49459.99223327485,106461.78347218693,true
50,G2_TEC,G2_TEC,[31, 94, 82, 15, 26, 9, 95, 42, 77, 68, 47, 5, 93, 78, 86, 54, 85, 63, 18, 44, 20, 49, 36, 14, 74, 50, 53, 17, 21, 28, 11, 64, 3, 23, 30, 83, 24, 41, 40, 52, 65, 27, 90, 70, 39, 87, 48, 69, 99, 4, 46, 1, 13, 56, 97, 59, 45, 8, 73, 37, 35, 79, 71, 66, 76, 32, 60, 80, 58, 6, 67, 61, 33, 7, 57, 34, 12, 16, 10, 98, 96, 88, 43, 81, 91, 2, 84, 29, 92, 19, 51, 55, 89, 75, 25, 72, 22, 38, 62, 0]|[2, 1, 2, 1, 1, 2, 1, 1, 1, 1, 1, 0, 2, 2, 1, 2, 0, 0, 0, 2, 2, 1, 0, 2, 0, 2, 2, 1, 0, 1, 1, 1, 0, 0, 1, 0, 2, 1, 2, 2, 0, 0, 1, 1, 0, 2, 0, 2, 1, 0, 0, 2, 0, 2, 2, 0, 1, 1, 0, 0, 2, 1, 1, 2, 2, 0, 2, 2, 2, 1, 2, 1, 1, 2, 0, 1, 1, 2, 1, 2, 0, 1, 1, 1, 1, 0, 0, 1, 0, 1, 1, 0, 1, 0, 1, 1, 2, 0, 1, 0]|[0, 3, 0, 3, 4, 1, 4, 4, 4, 4, 3, 2, 1, 0, 2, 1, 1, 1, 2, 1, 1, 3, 0, 1, 0, 1, 1, 4, 1, 4, 3, 2, 2, 0, 4, 1, 1, 4, 1, 1, 2, 1, 4, 4, 1, 1, 0, 1, 3, 2, 2, 1, 2, 1, 1, 2, 4, 3, 0, 2, 1, 3, 3, 1, 1, 2, 1, 1, 1, 4, 1, 3, 4, 1, 2, 4, 3, 1, 3, 1, 2, 4, 4, 4, 3, 2, 2, 3, 2, 4, 3, 2, 4, 2, 4, 4, 1, 2, 3, 2]|[0, 2, 0, 0, 3, 0, 1, 3, 1, 0, 2, 0, 1, 0, 1, 0, 0, 0, 1, 0, 0, 2, 0, 0, 1, 0, 0, 3, 0, 1, 0, 2, 0, 0, 3, 0, 1, 1, 0, 0, 0, 0, 1, 3, 0, 0, 1, 0, 2, 0, 0, 0, 0, 0, 1, 0, 1, 0, 1, 1, 0, 2, 0, 0, 0, 0, 0, 0, 0, 2, 0, 0, 1, 0, 0, 1, 0, 0, 3, 0, 0, 1, 2, 2, 0, 0, 0, 3, 0, 1, 0, 0, 1, 0, 3, 1, 0, 0, 0, 0],910.6016522559228,48453.76930145325,107095.52069553157,false
50,G3_TWC,G3_TWC,[31, 22, 42, 15, 26, 58, 95, 82, 77, 12, 47, 5, 93, 78, 98, 54, 85, 63, 18, 44, 20, 35, 43, 97, 91, 76, 10, 30, 21, 45, 71, 64, 1, 23, 17, 83, 24, 61, 60, 36, 6, 57, 94, 88, 65, 56, 79, 40, 67, 68, 46, 75, 38, 9, 19, 32, 81, 41, 27, 62, 87, 90, 99, 59, 11, 16, 72, 73, 70, 39, 37, 84, 3, 92, 25, 74, 28, 29, 51, 7, 53, 14, 86, 48, 89, 50, 66, 96, 33, 80, 4, 8, 55, 49, 0, 52, 69, 2, 13, 34]|[1, 1, 0, 1, 1, 1, 2, 1, 2, 1, 2, 2, 2, 1, 1, 0, 0, 1, 0, 2, 2, 0, 1, 2, 0, 1, 2, 2, 0, 0, 1, 2, 1, 2, 1, 0, 2, 0, 1, 1, 0, 1, 1, 1, 0, 2, 1, 1, 0, 0, 0, 0, 1, 1, 2, 1, 2, 0, 0, 0, 2, 1, 0, 1, 2, 1, 2, 1, 1, 1, 1, 1, 2, 0, 1, 2, 0, 0, 0, 1, 0, 1, 0, 0, 1, 0, 0, 0, 2, 0, 0, 1, 1, 0, 0, 1, 1, 0, 0, 2]|[4, 3, 2, 2, 0, 0, 2, 2, 2, 4, 1, 1, 2, 4, 4, 1, 1, 4, 2, 1, 1, 1, 1, 2, 1, 2, 1, 1, 1, 1, 3, 2, 3, 0, 4, 0, 1, 1, 0, 3, 2, 2, 4, 0, 1, 1, 3, 2, 0, 1, 2, 2, 1, 4, 0, 3, 2, 1, 1, 2, 1, 3, 1, 1, 1, 3, 0, 4, 3, 1, 4, 1, 1, 2, 4, 1, 2, 1, 1, 3, 2, 3, 1, 1, 1, 1, 1, 1, 1, 1, 2, 3, 4, 1, 2, 1, 3, 2, 2, 1]|[0, 2, 1, 1, 3, 3, 0, 1, 0, 0, 0, 0, 1, 0, 1, 0, 0, 3, 1, 0, 0, 0, 3, 1, 0, 2, 0, 0, 0, 1, 0, 0, 0, 0, 3, 0, 1, 0, 0, 2, 1, 1, 2, 0, 0, 0, 0, 1, 1, 0, 0, 0, 1, 3, 0, 0, 1, 0, 0, 1, 0, 2, 0, 1, 0, 2, 1, 0, 0, 1, 1, 3, 0, 1, 3, 0, 1, 0, 0, 2, 1, 0, 0, 0, 1, 0, 0, 0, 0, 0, 1, 2, 3, 1, 0, 1, 0, 0, 0, 0],802.5281847645216,57652.86795409501,87938.17744329936,false
50,G1_CMAX,G4_BALANCED,[31, 11, 82, 15, 26, 9, 95, 42, 77, 68, 47, 5, 93, 78, 86, 54, 85, 63, 18, 44, 20, 35, 43, 97, 91, 76, 10, 30, 21, 45, 71, 64, 1, 23, 17, 83, 24, 14, 60, 36, 6, 57, 40, 88, 65, 56, 79, 94, 67, 12, 46, 75, 38, 99, 19, 32, 41, 81, 27, 87, 90, 58, 59, 22, 16, 72, 73, 70, 39, 37, 84, 3, 92, 62, 25, 96, 28, 29, 51, 7, 33, 61, 98, 66, 89, 50, 48, 80, 53, 55, 4, 8, 34, 2, 52, 49, 13, 0, 69, 74]|[1, 1, 0, 1, 1, 0, 1, 2, 2, 0, 2, 2, 2, 1, 1, 0, 0, 1, 0, 2, 2, 0, 1, 2, 0, 1, 2, 2, 0, 0, 1, 2, 1, 2, 1, 0, 2, 0, 1, 1, 0, 1, 1, 1, 0, 2, 1, 1, 0, 0, 0, 0, 1, 1, 2, 1, 0, 2, 0, 2, 1, 0, 1, 2, 1, 2, 1, 1, 1, 1, 0, 1, 1, 0, 1, 2, 1, 0, 0, 2, 2, 1, 2, 2, 1, 0, 0, 0, 0, 2, 1, 1, 2, 0, 1, 0, 0, 0, 1, 2]|[4, 3, 2, 2, 4, 1, 2, 2, 2, 1, 1, 1, 2, 4, 4, 1, 1, 4, 2, 1, 1, 1, 1, 1, 1, 2, 1, 1, 2, 1, 3, 2, 3, 1, 4, 0, 1, 1, 0, 3, 2, 2, 2, 0, 1, 1, 0, 4, 0, 1, 2, 2, 1, 4, 0, 3, 1, 1, 1, 1, 3, 1, 1, 1, 3, 0, 4, 4, 1, 4, 2, 3, 1, 2, 4, 1, 4, 1, 1, 1, 1, 3, 1, 1, 1, 1, 1, 1, 2, 1, 4, 3, 1, 2, 1, 1, 2, 2, 4, 1]|[0, 2, 1, 1, 3, 0, 1, 0, 0, 0, 0, 0, 1, 0, 1, 0, 0, 3, 1, 0, 0, 0, 3, 1, 0, 2, 0, 0, 0, 1, 0, 0, 0, 0, 3, 0, 1, 0, 0, 2, 1, 1, 1, 0, 0, 0, 0, 2, 1, 0, 0, 0, 1, 3, 0, 0, 0, 0, 0, 0, 2, 0, 1, 0, 2, 1, 0, 0, 1, 1, 0, 0, 1, 1, 3, 0, 1, 0, 0, 0, 0, 0, 0, 0, 1, 0, 0, 0, 1, 0, 0, 2, 0, 0, 1, 1, 0, 0, 2, 0],802.7683906830428,54918.424968562234,100102.9253477918,true
50,G4_BALANCED,G4_BALANCED,[31, 22, 42, 15, 26, 58, 95, 82, 77, 12, 47, 5, 93, 78, 98, 54, 85, 63, 18, 44, 20, 35, 43, 97, 91, 76, 10, 30, 21, 61, 71, 64, 1, 23, 17, 83, 24, 45, 60, 36, 6, 57, 94, 88, 65, 56, 79, 40, 67, 68, 46, 75, 38, 9, 19, 32, 81, 41, 27, 62, 87, 90, 99, 59, 11, 16, 72, 73, 70, 39, 37, 84, 3, 92, 25, 74, 28, 29, 51, 7, 33, 14, 48, 86, 89, 50, 66, 96, 53, 80, 4, 8, 55, 49, 52, 0, 13, 2, 69, 34]|[1, 1, 0, 1, 1, 1, 2, 1, 2, 1, 2, 2, 2, 1, 1, 0, 0, 1, 0, 2, 2, 0, 1, 2, 0, 1, 2, 2, 0, 0, 1, 2, 1, 2, 1, 0, 2, 0, 1, 1, 0, 1, 1, 1, 0, 2, 1, 1, 0, 0, 0, 0, 1, 1, 2, 1, 2, 2, 0, 0, 2, 1, 0, 1, 2, 1, 2, 1, 1, 1, 1, 1, 0, 1, 1, 2, 0, 0, 0, 1, 2, 1, 0, 2, 1, 0, 0, 2, 0, 0, 0, 1, 1, 0, 1, 0, 0, 0, 1, 2]|[4, 3, 2, 2, 0, 0, 2, 2, 2, 4, 1, 1, 2, 4, 4, 1, 1, 4, 2, 1, 1, 1, 1, 2, 1, 2, 1, 1, 1, 1, 3, 2, 3, 0, 4, 0, 1, 1, 0, 3, 2, 2, 4, 0, 1, 1, 0, 2, 0, 1, 2, 2, 1, 4, 0, 3, 2, 1, 1, 2, 1, 3, 1, 1, 1, 3, 0, 4, 3, 1, 4, 1, 1, 4, 4, 1, 2, 1, 1, 3, 1, 3, 1, 1, 1, 1, 1, 1, 2, 1, 2, 3, 4, 1, 1, 2, 2, 2, 3, 1]|[0, 2, 1, 1, 3, 3, 0, 1, 0, 0, 0, 0, 1, 0, 1, 0, 0, 3, 1, 0, 0, 0, 3, 1, 0, 2, 0, 0, 0, 1, 0, 0, 0, 0, 3, 0, 1, 0, 0, 2, 1, 1, 2, 0, 0, 0, 0, 1, 1, 0, 0, 0, 1, 3, 0, 0, 1, 0, 0, 1, 0, 2, 0, 1, 0, 2, 1, 0, 0, 1, 1, 3, 0, 0, 3, 0, 1, 0, 0, 2, 0, 0, 0, 0, 1, 0, 0, 0, 1, 0, 1, 2, 3, 1, 1, 0, 0, 0, 0, 0],730.721975091816,57045.76008190539,90638.26368525482,false
50,G2_TEC,G2_TEC,[31, 94, 82, 15, 26, 9, 95, 42, 77, 68, 47, 5, 93, 78, 86, 54, 85, 63, 18, 44, 20, 49, 36, 14, 74, 50, 53, 17, 21, 28, 11, 64, 3, 23, 30, 83, 24, 41, 40, 52, 65, 27, 90, 70, 39, 87, 48, 69, 99, 4, 46, 1, 13, 56, 97, 59, 45, 8, 73, 37, 35, 79, 71, 66, 76, 32, 60, 80, 58, 6, 67, 61, 33, 7, 57, 34, 12, 16, 10, 98, 96, 88, 43, 81, 91, 2, 84, 29, 92, 19, 51, 55, 89, 75, 25, 72, 22, 38, 62, 0]|[2, 1, 2, 1, 1, 2, 1, 1, 1, 1, 1, 0, 2, 2, 1, 2, 0, 0, 0, 2, 2, 1, 0, 2, 0, 2, 2, 1, 0, 1, 1, 1, 0, 0, 1, 0, 2, 1, 2, 2, 0, 0, 1, 1, 0, 2, 0, 2, 1, 0, 0, 2, 0, 2, 2, 0, 1, 1, 0, 0, 2, 1, 1, 2, 2, 0, 2, 2, 2, 1, 2, 1, 1, 2, 0, 1, 1, 2, 1, 2, 0, 1, 1, 1, 1, 0, 0, 1, 0, 1, 1, 0, 1, 0, 1, 1, 2, 0, 1, 0]|[0, 3, 0, 3, 4, 1, 4, 4, 4, 4, 3, 2, 1, 0, 2, 1, 1, 1, 2, 1, 1, 3, 0, 1, 0, 1, 1, 4, 1, 4, 3, 2, 2, 0, 4, 1, 1, 4, 1, 1, 2, 1, 4, 4, 1, 1, 0, 1, 3, 2, 2, 1, 2, 1, 1, 2, 4, 3, 0, 2, 1, 3, 3, 1, 1, 2, 1, 1, 1, 4, 1, 3, 4, 1, 2, 4, 3, 1, 3, 1, 2, 4, 4, 4, 3, 2, 2, 3, 2, 4, 3, 2, 4, 2, 4, 4, 1, 2, 3, 2]|[0, 2, 0, 0, 3, 0, 1, 3, 1, 0, 2, 0, 1, 0, 1, 0, 0, 0, 1, 0, 0, 2, 0, 0, 1, 0, 0, 3, 0, 1, 0, 2, 0, 0, 3, 0, 1, 1, 0, 0, 0, 0, 1, 3, 0, 0, 1, 0, 2, 0, 0, 0, 0, 0, 1, 0, 1, 0, 1, 1, 0, 2, 0, 0, 0, 0, 0, 0, 0, 2, 0, 0, 1, 0, 0, 1, 0, 0, 3, 0, 0, 1, 2, 2, 0, 0, 0, 3, 0, 1, 0, 0, 1, 0, 3, 1, 0, 0, 0, 0],910.6016522559228,48453.76930145325,107095.52069553157,false
50,G3_TWC,G3_TWC,[31, 22, 42, 15, 26, 58, 95, 82, 77, 12, 47, 5, 93, 78, 98, 54, 85, 63, 18, 44, 20, 35, 43, 97, 91, 76, 10, 30, 21, 45, 71, 64, 1, 23, 17, 83, 24, 61, 60, 36, 6, 57, 94, 88, 65, 56, 79, 40, 67, 68, 46, 75, 38, 9, 19, 32, 81, 41, 27, 62, 87, 90, 99, 59, 11, 16, 72, 73, 70, 39, 37, 84, 3, 92, 25, 74, 28, 29, 51, 7, 53, 14, 86, 48, 89, 50, 66, 96, 33, 80, 4, 8, 55, 49, 0, 52, 69, 2, 13, 34]|[1, 1, 0, 1, 1, 1, 2, 1, 2, 1, 2, 2, 2, 1, 1, 0, 0, 1, 0, 2, 2, 0, 1, 2, 0, 1, 2, 2, 0, 0, 1, 2, 1, 2, 1, 0, 2, 0, 1, 1, 0, 1, 1, 1, 0, 2, 1, 1, 0, 0, 0, 0, 1, 1, 2, 1, 2, 0, 0, 0, 2, 1, 0, 1, 2, 1, 2, 1, 1, 1, 1, 1, 2, 0, 1, 2, 0, 0, 0, 1, 0, 1, 0, 0, 1, 0, 0, 0, 2, 0, 0, 1, 1, 0, 0, 1, 1, 0, 0, 2]|[4, 3, 2, 2, 0, 0, 2, 2, 2, 4, 1, 1, 2, 4, 4, 1, 1, 4, 2, 1, 1, 1, 1, 2, 1, 2, 1, 1, 1, 1, 3, 2, 3, 0, 4, 0, 1, 1, 0, 3, 2, 2, 4, 0, 1, 1, 3, 2, 0, 1, 2, 2, 1, 4, 0, 3, 2, 1, 1, 2, 1, 3, 1, 1, 1, 3, 0, 4, 3, 1, 4, 1, 1, 2, 4, 1, 2, 1, 1, 3, 2, 3, 1, 1, 1, 1, 1, 1, 1, 1, 2, 3, 4, 1, 2, 1, 3, 2, 2, 1]|[0, 2, 1, 1, 3, 3, 0, 1, 0, 0, 0, 0, 1, 0, 1, 0, 0, 3, 1, 0, 0, 0, 3, 1, 0, 2, 0, 0, 0, 1, 0, 0, 0, 0, 3, 0, 1, 0, 0, 2, 1, 1, 2, 0, 0, 0, 0, 1, 1, 0, 0, 0, 1, 3, 0, 0, 1, 0, 0, 1, 0, 2, 0, 1, 0, 2, 1, 0, 0, 1, 1, 3, 0, 1, 3, 0, 1, 0, 0, 2, 1, 0, 0, 0, 1, 0, 0, 0, 0, 0, 1, 2, 3, 1, 0, 1, 0, 0, 0, 0],802.5281847645216,57652.86795409501,87938.17744329936,false
50,G1_CMAX,G4_BALANCED,[31, 11, 82, 15, 26, 9, 95, 42, 77, 68, 47, 5, 93, 78, 86, 54, 85, 63, 18, 44, 20, 49, 36, 14, 74, 50, 53, 17, 21, 45, 71, 64, 3, 23, 30, 83, 24, 41, 60, 52, 65, 27, 90, 70, 39, 87, 48, 69, 99, 4, 46, 1, 13, 58, 97, 59, 28, 75, 73, 37, 35, 79, 22, 66, 76, 32, 40, 80, 96, 6, 16, 61, 33, 7, 57, 34, 12, 67, 10, 98, 56, 88, 29, 8, 91, 38, 19, 92, 43, 2, 89, 72, 51, 25, 84, 55, 62, 81, 94, 0]|[2, 1, 2, 1, 1, 2, 1, 1, 1, 1, 1, 0, 2, 2, 1, 2, 0, 0, 0, 2, 2, 1, 0, 2, 0, 2, 2, 1, 0, 1, 1, 1, 0, 0, 2, 0, 2, 1, 2, 2, 0, 0, 1, 1, 0, 2, 0, 2, 1, 0, 0, 2, 0, 0, 2, 0, 1, 1, 0, 0, 2, 1, 0, 2, 2, 0, 2, 2, 0, 1, 2, 1, 2, 2, 0, 1, 1, 1, 1, 2, 2, 1, 1, 0, 1, 0, 1, 0, 1, 2, 1, 1, 1, 1, 0, 0, 1, 1, 2, 0]|[0, 3, 0, 2, 4, 1, 4, 4, 2, 4, 3, 2, 1, 0, 2, 1, 1, 1, 2, 1, 1, 3, 0, 1, 0, 1, 1, 4, 1, 4, 3, 2, 2, 0, 1, 1, 1, 4, 0, 1, 2, 1, 4, 4, 1, 1, 0, 2, 3, 2, 2, 1, 2, 1, 1, 2, 4, 3, 0, 2, 2, 3, 1, 0, 1, 2, 0, 1, 2, 4, 1, 3, 1, 1, 2, 4, 3, 3, 3, 1, 1, 4, 3, 2, 3, 2, 4, 2, 4, 1, 4, 4, 3, 4, 2, 2, 3, 4, 1, 2]|[0, 2, 0, 1, 3, 0, 1, 3, 0, 0, 2, 0, 1, 0, 1, 0, 0, 0, 1, 0, 0, 2, 0, 0, 1, 0, 0, 3, 0, 1, 0, 2, 0, 1, 0, 0, 1, 3, 1, 0, 0, 0, 1, 3, 0, 0, 1, 0, 2, 0, 0, 0, 0, 0, 1, 0, 1, 0, 1, 1, 0, 2, 0, 0, 0, 0, 1, 0, 0, 2, 0, 0, 0, 0, 0, 1, 0, 0, 3, 0, 0, 1, 3, 0, 0, 0, 1, 0, 2, 0, 1, 2, 0, 3, 0, 0, 0, 1, 0, 0],852.5184451675896,52077.87777408223,105904.01879381535,true
50,G4_BALANCED,G2_TEC,[31, 22, 82, 15, 26, 9, 95, 42, 77, 68, 47, 5, 93, 78, 86, 54, 85, 63, 18, 44, 20, 49, 36, 14, 74, 50, 53, 17, 21, 28, 11, 64, 3, 23, 30, 83, 24, 41, 40, 52, 65, 27, 90, 70, 39, 87, 48, 69, 99, 4, 75, 1, 13, 58, 97, 59, 45, 8, 73, 37, 35, 79, 71, 66, 76, 32, 60, 80, 56, 6, 67, 61, 33, 7, 57, 34, 12, 16, 10, 98, 96, 88, 2, 81, 91, 43, 84, 29, 92, 19, 51, 89, 55, 25, 72, 46, 38, 94, 62, 0]|[2, 1, 2, 1, 1, 2, 1, 1, 1, 1, 1, 0, 2, 2, 1, 2, 0, 0, 0, 2, 2, 1, 0, 2, 0, 2, 2, 1, 0, 1, 1, 1, 0, 0, 1, 0, 2, 1, 2, 2, 0, 0, 1, 1, 0, 2, 0, 2, 1, 0, 0, 2, 0, 0, 2, 0, 1, 1, 0, 0, 2, 1, 1, 2, 2, 0, 2, 2, 2, 1, 2, 1, 1, 2, 0, 1, 1, 2, 1, 2, 0, 1, 0, 1, 1, 0, 0, 1, 0, 1, 1, 1, 0, 0, 1, 0, 0, 2, 1, 0]|[0, 3, 0, 3, 4, 1, 4, 4, 2, 4, 3, 2, 1, 0, 2, 1, 1, 1, 2, 1, 1, 3, 0, 1, 0, 1, 1, 4, 1, 4, 3, 2, 2, 0, 4, 1, 1, 4, 1, 1, 2, 1, 4, 4, 1, 1, 0, 1, 3, 2, 2, 1, 2, 1, 1, 2, 4, 3, 0, 2, 2, 3, 3, 1, 1, 2, 1, 1, 1, 4, 1, 3, 4, 1, 2, 4, 3, 1, 3, 1, 2, 4, 2, 4, 3, 2, 2, 3, 2, 4, 3, 4, 2, 2, 4, 2, 2, 1, 3, 2]|[0, 2, 0, 0, 3, 0, 1, 3, 0, 0, 2, 0, 1, 0, 1, 0, 0, 0, 1, 0, 0, 2, 0, 0, 1, 0, 0, 3, 0, 1, 0, 2, 0, 0, 3, 0, 1, 1, 0, 0, 0, 0, 1, 3, 0, 0, 1, 0, 2, 0, 0, 0, 0, 1, 1, 0, 1, 0, 1, 1, 0, 2, 0, 0, 0, 0, 0, 0, 0, 2, 0, 0, 1, 0, 0, 1, 0, 0, 3, 0, 0, 1, 0, 2, 0, 0, 0, 3, 0, 1, 0, 1, 0, 0, 1, 0, 0, 0, 0, 0],946.1700300093618,49556.80066024544,103908.23152805661,true
50,G2_TEC,G2_TEC,[31, 94, 82, 15, 26, 9, 95, 42, 77, 68, 47, 5, 93, 78, 86, 54, 85, 63, 18, 44, 20, 49, 36, 14, 74, 50, 53, 17, 21, 28, 11, 64, 3, 23, 30, 83, 24, 41, 40, 52, 65, 27, 90, 70, 39, 87, 48, 69, 99, 4, 46, 1, 13, 56, 97, 59, 45, 8, 73, 37, 35, 79, 71, 66, 76, 32, 60, 80, 58, 6, 67, 61, 33, 7, 57, 34, 12, 16, 10, 98, 96, 88, 43, 81, 91, 2, 84, 29, 92, 19, 51, 55, 89, 75, 25, 72, 22, 38, 62, 0]|[2, 1, 2, 1, 1, 2, 1, 1, 1, 1, 1, 0, 2, 2, 1, 2, 0, 0, 0, 2, 2, 1, 0, 2, 0, 2, 2, 1, 0, 1, 1, 1, 0, 0, 1, 0, 2, 1, 2, 2, 0, 0, 1, 1, 0, 2, 0, 2, 1, 0, 0, 2, 0, 2, 2, 0, 1, 1, 0, 0, 2, 1, 1, 2, 2, 0, 2, 2, 2, 1, 2, 1, 1, 2, 0, 1, 1, 2, 1, 2, 0, 1, 1, 1, 1, 0, 0, 1, 0, 1, 1, 0, 1, 0, 1, 1, 2, 0, 1, 0]|[0, 3, 0, 3, 4, 1, 4, 4, 4, 4, 3, 2, 1, 0, 2, 1, 1, 1, 2, 1, 1, 3, 0, 1, 0, 1, 1, 4, 1, 4, 3, 2, 2, 0, 4, 1, 1, 4, 1, 1, 2, 1, 4, 4, 1, 1, 0, 1, 3, 2, 2, 1, 2, 1, 1, 2, 4, 3, 0, 2, 1, 3, 3, 1, 1, 2, 1, 1, 1, 4, 1, 3, 4, 1, 2, 4, 3, 1, 3, 1, 2, 4, 4, 4, 3, 2, 2, 3, 2, 4, 3, 2, 4, 2, 4, 4, 1, 2, 3, 2]|[0, 2, 0, 0, 3, 0, 1, 3, 1, 0, 2, 0, 1, 0, 1, 0, 0, 0, 1, 0, 0, 2, 0, 0, 1, 0, 0, 3, 0, 1, 0, 2, 0, 0, 3, 0, 1, 1, 0, 0, 0, 0, 1, 3, 0, 0, 1, 0, 2, 0, 0, 0, 0, 0, 1, 0, 1, 0, 1, 1, 0, 2, 0, 0, 0, 0, 0, 0, 0, 2, 0, 0, 1, 0, 0, 1, 0, 0, 3, 0, 0, 1, 2, 2, 0, 0, 0, 3, 0, 1, 0, 0, 1, 0, 3, 1, 0, 0, 0, 0],910.6016522559228,48453.76930145325,107095.52069553157,false
50,G3_TWC,G3_TWC,[31, 22, 42, 15, 26, 58, 95, 82, 77, 12, 47, 5, 93, 78, 98, 54, 85, 63, 18, 44, 20, 35, 43, 97, 91, 76, 10, 30, 21, 45, 71, 64, 1, 23, 17, 83, 24, 61, 60, 36, 6, 57, 94, 88, 65, 56, 79, 40, 67, 68, 46, 75, 38, 9, 19, 32, 81, 41, 27, 62, 87, 90, 99, 59, 11, 16, 72, 73, 70, 39, 37, 84, 3, 92, 25, 74, 28, 29, 51, 7, 53, 14, 86, 48, 89, 50, 66, 96, 33, 80, 4, 8, 55, 49, 0, 52, 69, 2, 13, 34]|[1, 1, 0, 1, 1, 1, 2, 1, 2, 1, 2, 2, 2, 1, 1, 0, 0, 1, 0, 2, 2, 0, 1, 2, 0, 1, 2, 2, 0, 0, 1, 2, 1, 2, 1, 0, 2, 0, 1, 1, 0, 1, 1, 1, 0, 2, 1, 1, 0, 0, 0, 0, 1, 1, 2, 1, 2, 0, 0, 0, 2, 1, 0, 1, 2, 1, 2, 1, 1, 1, 1, 1, 2, 0, 1, 2, 0, 0, 0, 1, 0, 1, 0, 0, 1, 0, 0, 0, 2, 0, 0, 1, 1, 0, 0, 1, 1, 0, 0, 2]|[4, 3, 2, 2, 0, 0, 2, 2, 2, 4, 1, 1, 2, 4, 4, 1, 1, 4, 2, 1, 1, 1, 1, 2, 1, 2, 1, 1, 1, 1, 3, 2, 3, 0, 4, 0, 1, 1, 0, 3, 2, 2, 4, 0, 1, 1, 3, 2, 0, 1, 2, 2, 1, 4, 0, 3, 2, 1, 1, 2, 1, 3, 1, 1, 1, 3, 0, 4, 3, 1, 4, 1, 1, 2, 4, 1, 2, 1, 1, 3, 2, 3, 1, 1, 1, 1, 1, 1, 1, 1, 2, 3, 4, 1, 2, 1, 3, 2, 2, 1]|[0, 2, 1, 1, 3, 3, 0, 1, 0, 0, 0, 0, 1, 0, 1, 0, 0, 3, 1, 0, 0, 0, 3, 1, 0, 2, 0, 0, 0, 1, 0, 0, 0, 0, 3, 0, 1, 0, 0, 2, 1, 1, 2, 0, 0, 0, 0, 1, 1, 0, 0, 0, 1, 3, 0, 0, 1, 0, 0, 1, 0, 2, 0, 1, 0, 2, 1, 0, 0, 1, 1, 3, 0, 1, 3, 0, 1, 0, 0, 2, 1, 0, 0, 0, 1, 0, 0, 0, 0, 0, 1, 2, 3, 1, 0, 1, 0, 0, 0, 0],802.5281847645216,57652.86795409501,87938.17744329936,false
50,G1_CMAX,G3_TWC,[31, 22, 42, 15, 26, 58, 95, 82, 77, 12, 47, 89, 93, 78, 98, 54, 85, 63, 18, 44, 20, 35, 43, 97, 91, 76, 10, 30, 21, 45, 71, 64, 1, 23, 17, 83, 24, 61, 60, 36, 6, 57, 94, 88, 65, 56, 79, 40, 67, 68, 46, 75, 38, 9, 19, 32, 81, 41, 27, 62, 87, 90, 99, 59, 11, 16, 72, 73, 70, 39, 37, 84, 3, 92, 25, 74, 28, 29, 51, 7, 33, 14, 86, 48, 5, 50, 66, 96, 53, 80, 8, 4, 55, 49, 0, 52, 13, 2, 69, 34]|[1, 1, 0, 1, 1, 1, 2, 1, 2, 1, 2, 2, 2, 1, 1, 0, 0, 1, 0, 2, 2, 0, 1, 2, 0, 1, 2, 2, 0, 0, 1, 2, 1, 2, 1, 0, 2, 0, 1, 1, 0, 1, 1, 1, 0, 2, 1, 1, 0, 0, 0, 0, 1, 1, 2, 1, 2, 0, 0, 0, 2, 1, 0, 1, 2, 1, 2, 1, 1, 1, 1, 1, 2, 0, 1, 2, 0, 0, 0, 1, 2, 1, 0, 0, 2, 0, 0, 0, 0, 0, 1, 0, 1, 0, 0, 1, 0, 0, 1, 2]|[4, 3, 2, 2, 0, 0, 2, 2, 2, 4, 1, 1, 2, 4, 4, 1, 1, 4, 2, 1, 1, 1, 1, 2, 1, 2, 1, 1, 1, 1, 3, 2, 3, 0, 4, 0, 1, 1, 0, 3, 2, 2, 4, 0, 1, 1, 3, 2, 0, 1, 2, 2, 1, 4, 0, 3, 2, 1, 1, 2, 1, 3, 1, 1, 1, 3, 0, 4, 3, 1, 4, 1, 1, 2, 4, 1, 2, 1, 1, 3, 1, 3, 1, 1, 1, 1, 1, 1, 2, 1, 3, 2, 4, 1, 2, 1, 2, 2, 3, 1]|[0, 2, 1, 1, 3, 3, 0, 1, 0, 0, 0, 0, 1, 0, 1, 0, 0, 3, 1, 0, 0, 0, 3, 1, 0, 2, 0, 0, 0, 1, 0, 0, 0, 0, 3, 0, 1, 0, 0, 2, 1, 1, 2, 0, 0, 0, 0, 1, 1, 0, 0, 0, 1, 3, 0, 0, 1, 0, 0, 1, 0, 2, 0, 1, 0, 2, 1, 0, 0, 1, 1, 3, 0, 1, 3, 0, 1, 0, 0, 2, 0, 0, 0, 0, 0, 0, 0, 0, 1, 0, 2, 1, 3, 1, 0, 1, 0, 0, 0, 0],804.6875225521468,57474.47966963626,88104.23329363792,true
50,G4_BALANCED,G1_CMAX,[31, 22, 42, 15, 26, 58, 95, 82, 77, 12, 47, 5, 93, 78, 98, 54, 85, 63, 18, 44, 20, 35, 43, 97, 91, 76, 10, 30, 21, 45, 71, 64, 1, 23, 17, 83, 24, 61, 60, 36, 6, 57, 94, 88, 65, 56, 79, 40, 67, 68, 46, 75, 38, 9, 19, 32, 81, 41, 27, 62, 87, 90, 99, 59, 11, 16, 72, 73, 70, 39, 37, 84, 3, 92, 25, 74, 28, 29, 51, 7, 53, 14, 86, 66, 89, 50, 4, 96, 33, 80, 48, 8, 55, 49, 0, 52, 13, 2, 69, 34]|[1, 1, 0, 1, 1, 1, 2, 1, 2, 1, 2, 2, 2, 1, 1, 0, 0, 1, 0, 2, 2, 0, 1, 2, 0, 1, 2, 2, 0, 0, 1, 2, 1, 2, 1, 0, 2, 0, 1, 1, 0, 1, 1, 1, 0, 2, 1, 1, 0, 0, 0, 0, 1, 1, 2, 1, 2, 0, 0, 0, 2, 1, 0, 1, 2, 1, 2, 1, 1, 1, 1, 1, 2, 0, 1, 2, 0, 0, 0, 1, 0, 1, 0, 2, 1, 0, 0, 0, 2, 0, 0, 1, 1, 0, 0, 1, 0, 0, 1, 2]|[4, 3, 2, 2, 0, 0, 2, 2, 2, 4, 1, 1, 2, 4, 4, 1, 1, 4, 2, 1, 1, 1, 1, 2, 1, 2, 1, 1, 1, 1, 3, 2, 3, 0, 4, 0, 1, 1, 0, 3, 2, 2, 4, 0, 1, 1, 3, 2, 0, 1, 2, 2, 1, 4, 0, 3, 2, 1, 1, 2, 1, 3, 1, 1, 1, 3, 0, 4, 3, 1, 4, 1, 1, 2, 4, 1, 2, 1, 1, 3, 2, 3, 1, 1, 1, 1, 2, 1, 1, 1, 1, 3, 4, 1, 2, 1, 2, 2, 3, 1]|[0, 2, 1, 1, 3, 3, 0, 1, 0, 0, 0, 0, 1, 0, 1, 0, 0, 3, 1, 0, 0, 0, 3, 1, 0, 2, 0, 0, 0, 1, 0, 0, 0, 0, 3, 0, 1, 0, 0, 2, 1, 1, 2, 0, 0, 0, 0, 1, 1, 0, 0, 0, 1, 3, 0, 0, 1, 0, 0, 1, 0, 2, 0, 1, 0, 2, 1, 0, 0, 1, 1, 3, 0, 1, 3, 0, 1, 0, 0, 2, 1, 0, 0, 0, 1, 0, 1, 0, 0, 0, 0, 2, 3, 1, 0, 1, 0, 0, 0, 0],790.6869331305098,57546.89513470121,88382.18531654285,true
50,G2_TEC,G2_TEC,[31, 94, 82, 15, 26, 9, 95, 42, 77, 68, 47, 5, 93, 78, 86, 54, 85, 63, 18, 44, 20, 49, 36, 14, 74, 50, 53, 17, 21, 28, 11, 64, 3, 23, 30, 83, 24, 41, 40, 52, 65, 27, 90, 70, 39, 87, 48, 69, 99, 4, 46, 1, 13, 56, 97, 59, 45, 8, 73, 37, 35, 79, 71, 66, 76, 32, 60, 80, 58, 6, 67, 61, 33, 7, 57, 34, 12, 16, 10, 98, 96, 88, 43, 81, 91, 2, 84, 29, 92, 19, 51, 55, 89, 75, 25, 72, 22, 38, 62, 0]|[2, 1, 2, 1, 1, 2, 1, 1, 1, 1, 1, 0, 2, 2, 1, 2, 0, 0, 0, 2, 2, 1, 0, 2, 0, 2, 2, 1, 0, 1, 1, 1, 0, 0, 1, 0, 2, 1, 2, 2, 0, 0, 1, 1, 0, 2, 0, 2, 1, 0, 0, 2, 0, 2, 2, 0, 1, 1, 0, 0, 2, 1, 1, 2, 2, 0, 2, 2, 2, 1, 2, 1, 1, 2, 0, 1, 1, 2, 1, 2, 0, 1, 1, 1, 1, 0, 0, 1, 0, 1, 1, 0, 1, 0, 1, 1, 2, 0, 1, 0]|[0, 3, 0, 3, 4, 1, 4, 4, 4, 4, 3, 2, 1, 0, 2, 1, 1, 1, 2, 1, 1, 3, 0, 1, 0, 1, 1, 4, 1, 4, 3, 2, 2, 0, 4, 1, 1, 4, 1, 1, 2, 1, 4, 4, 1, 1, 0, 1, 3, 2, 2, 1, 2, 1, 1, 2, 4, 3, 0, 2, 1, 3, 3, 1, 1, 2, 1, 1, 1, 4, 1, 3, 4, 1, 2, 4, 3, 1, 3, 1, 2, 4, 4, 4, 3, 2, 2, 3, 2, 4, 3, 2, 4, 2, 4, 4, 1, 2, 3, 2]|[0, 2, 0, 0, 3, 0, 1, 3, 1, 0, 2, 0, 1, 0, 1, 0, 0, 0, 1, 0, 0, 2, 0, 0, 1, 0, 0, 3, 0, 1, 0, 2, 0, 0, 3, 0, 1, 1, 0, 0, 0, 0, 1, 3, 0, 0, 1, 0, 2, 0, 0, 0, 0, 0, 1, 0, 1, 0, 1, 1, 0, 2, 0, 0, 0, 0, 0, 0, 0, 2, 0, 0, 1, 0, 0, 1, 0, 0, 3, 0, 0, 1, 2, 2, 0, 0, 0, 3, 0, 1, 0, 0, 1, 0, 3, 1, 0, 0, 0, 0],910.6016522559228,48453.76930145325,107095.52069553157,false
50,G3_TWC,G3_TWC,[31, 22, 42, 15, 26, 58, 95, 82, 77, 12, 47, 5, 93, 78, 98, 54, 85, 63, 18, 44, 20, 35, 43, 97, 91, 76, 10, 30, 21, 45, 71, 64, 1, 23, 17, 83, 24, 61, 60, 36, 6, 57, 94, 88, 65, 56, 79, 40, 67, 68, 46, 75, 38, 9, 19, 32, 81, 41, 27, 62, 87, 90, 99, 59, 11, 16, 72, 73, 70, 39, 37, 84, 3, 92, 25, 74, 28, 29, 51, 7, 53, 14, 86, 48, 89, 50, 66, 96, 33, 80, 4, 8, 55, 49, 0, 52, 69, 2, 13, 34]|[1, 1, 0, 1, 1, 1, 2, 1, 2, 1, 2, 2, 2, 1, 1, 0, 0, 1, 0, 2, 2, 0, 1, 2, 0, 1, 2, 2, 0, 0, 1, 2, 1, 2, 1, 0, 2, 0, 1, 1, 0, 1, 1, 1, 0, 2, 1, 1, 0, 0, 0, 0, 1, 1, 2, 1, 2, 0, 0, 0, 2, 1, 0, 1, 2, 1, 2, 1, 1, 1, 1, 1, 2, 0, 1, 2, 0, 0, 0, 1, 0, 1, 0, 0, 1, 0, 0, 0, 2, 0, 0, 1, 1, 0, 0, 1, 1, 0, 0, 2]|[4, 3, 2, 2, 0, 0, 2, 2, 2, 4, 1, 1, 2, 4, 4, 1, 1, 4, 2, 1, 1, 1, 1, 2, 1, 2, 1, 1, 1, 1, 3, 2, 3, 0, 4, 0, 1, 1, 0, 3, 2, 2, 4, 0, 1, 1, 3, 2, 0, 1, 2, 2, 1, 4, 0, 3, 2, 1, 1, 2, 1, 3, 1, 1, 1, 3, 0, 4, 3, 1, 4, 1, 1, 2, 4, 1, 2, 1, 1, 3, 2, 3, 1, 1, 1, 1, 1, 1, 1, 1, 2, 3, 4, 1, 2, 1, 3, 2, 2, 1]|[0, 2, 1, 1, 3, 3, 0, 1, 0, 0, 0, 0, 1, 0, 1, 0, 0, 3, 1, 0, 0, 0, 3, 1, 0, 2, 0, 0, 0, 1, 0, 0, 0, 0, 3, 0, 1, 0, 0, 2, 1, 1, 2, 0, 0, 0, 0, 1, 1, 0, 0, 0, 1, 3, 0, 0, 1, 0, 0, 1, 0, 2, 0, 1, 0, 2, 1, 0, 0, 1, 1, 3, 0, 1, 3, 0, 1, 0, 0, 2, 1, 0, 0, 0, 1, 0, 0, 0, 0, 0, 1, 2, 3, 1, 0, 1, 0, 0, 0, 0],802.5281847645216,57652.86795409501,87938.17744329936,false
50,G1_CMAX,G1_CMAX,[31, 11, 82, 15, 26, 58, 95, 42, 77, 12, 47, 5, 93, 78, 86, 54, 85, 63, 18, 44, 20, 35, 43, 97, 91, 76, 10, 30, 21, 45, 71, 64, 1, 23, 17, 83, 24, 14, 60, 36, 6, 57, 40, 88, 65, 56, 79, 94, 67, 68, 46, 75, 38, 9, 19, 32, 22, 81, 27, 87, 90, 99, 59, 62, 41, 16, 73, 70, 39, 37, 84, 3, 72, 92, 25, 34, 29, 55, 51, 7, 33, 61, 96, 48, 89, 50, 8, 98, 53, 80, 4, 66, 28, 49, 52, 0, 13, 2, 69, 74]|[1, 1, 0, 1, 1, 0, 1, 2, 2, 1, 2, 2, 2, 1, 1, 0, 0, 1, 0, 2, 2, 0, 1, 2, 0, 1, 2, 2, 0, 0, 1, 2, 1, 2, 1, 0, 2, 0, 1, 1, 0, 1, 1, 1, 0, 2, 1, 1, 0, 0, 0, 0, 1, 1, 2, 1, 0, 2, 0, 2, 1, 0, 1, 2, 2, 1, 1, 1, 1, 1, 1, 1, 2, 0, 1, 2, 0, 1, 0, 1, 2, 1, 2, 0, 1, 0, 1, 2, 0, 0, 1, 2, 0, 0, 1, 0, 0, 0, 1, 2]|[4, 3, 2, 2, 4, 1, 2, 2, 2, 4, 1, 1, 2, 4, 4, 1, 2, 4, 2, 1, 1, 1, 1, 2, 1, 2, 1, 1, 2, 1, 3, 2, 3, 1, 4, 0, 1, 1, 1, 3, 2, 2, 2, 0, 1, 1, 0, 4, 0, 1, 2, 2, 1, 4, 0, 3, 1, 2, 1, 1, 3, 1, 1, 1, 1, 3, 4, 3, 1, 4, 1, 1, 1, 0, 4, 1, 1, 4, 1, 1, 1, 3, 1, 1, 1, 1, 3, 1, 2, 1, 4, 1, 2, 1, 1, 2, 2, 2, 4, 1]|[0, 2, 1, 1, 3, 0, 1, 0, 0, 0, 0, 0, 1, 0, 1, 0, 0, 3, 1, 0, 0, 0, 3, 1, 0, 2, 0, 0, 0, 1, 0, 0, 0, 0, 3, 0, 1, 0, 0, 2, 1, 1, 1, 0, 0, 0, 0, 2, 1, 0, 0, 0, 1, 3, 0, 0, 0, 1, 0, 0, 2, 0, 1, 0, 0, 2, 0, 0, 1, 1, 3, 1, 0, 1, 3, 0, 0, 3, 0, 2, 0, 0, 0, 0, 1, 0, 2, 0, 1, 0, 0, 0, 1, 1, 1, 0, 0, 0, 2, 0],781.468167390965,55385.91204651697,96181.17954732271,false
50,G4_BALANCED,G3_TWC,[31, 22, 42, 15, 26, 58, 95, 82, 77, 12, 47, 5, 93, 78, 98, 54, 85, 63, 18, 44, 20, 35, 43, 97, 91, 76, 10, 30, 21, 45, 71, 64, 1, 23, 17, 83, 24, 61, 60, 36, 6, 57, 94, 88, 65, 56, 79, 40, 67, 68, 46, 75, 38, 9, 19, 32, 81, 41, 27, 62, 87, 90, 99, 59, 11, 16, 72, 73, 70, 39, 37, 84, 3, 92, 25, 74, 28, 29, 51, 7, 53, 14, 86, 48, 89, 50, 66, 96, 33, 80, 4, 8, 55, 49, 0, 52, 69, 2, 13, 34]|[1, 1, 0, 1, 1, 1, 2, 1, 2, 1, 2, 2, 2, 1, 1, 0, 0, 1, 0, 2, 2, 0, 1, 2, 0, 1, 2, 2, 0, 0, 1, 2, 1, 2, 1, 0, 2, 0, 1, 1, 0, 1, 1, 1, 0, 2, 1, 1, 0, 0, 0, 0, 1, 1, 2, 1, 2, 0, 0, 0, 2, 1, 0, 1, 2, 1, 2, 1, 1, 1, 1, 1, 2, 0, 1, 2, 0, 0, 0, 1, 0, 1, 0, 0, 1, 0, 0, 0, 2, 0, 0, 1, 1, 0, 0, 1, 1, 0, 0, 2]|[4, 3, 2, 2, 0, 0, 2, 2, 2, 4, 1, 1, 2, 4, 4, 1, 1, 4, 2, 1, 1, 1, 1, 2, 1, 2, 1, 1, 1, 1, 3, 2, 3, 0, 4, 0, 1, 1, 0, 3, 2, 2, 4, 0, 1, 1, 3, 2, 0, 1, 2, 2, 1, 4, 0, 3, 2, 1, 1, 2, 1, 3, 1, 1, 1, 3, 0, 4, 3, 1, 4, 1, 1, 2, 4, 1, 2, 1, 1, 3, 2, 3, 1, 1, 1, 1, 1, 1, 1, 1, 2, 3, 4, 1, 2, 1, 3, 2, 2, 1]|[0, 2, 1, 1, 3, 3, 0, 1, 0, 0, 0, 0, 1, 0, 1, 0, 0, 3, 1, 0, 0, 0, 3, 1, 0, 2, 0, 0, 0, 1, 0, 0, 0, 0, 3, 0, 1, 0, 0, 2, 1, 1, 2, 0, 0, 0, 0, 1, 1, 0, 0, 0, 1, 3, 0, 0, 1, 0, 0, 1, 0, 2, 0, 1, 0, 2, 1, 0, 0, 1, 1, 3, 0, 1, 3, 0, 1, 0, 0, 2, 1, 0, 0, 0, 1, 0, 0, 0, 0, 0, 1, 2, 3, 1, 0, 1, 0, 0, 0, 0],802.5281847645216,57652.86795409501,87938.17744329936,true
50,G2_TEC,G2_TEC,[31, 94, 82, 15, 26, 9, 95, 42, 77, 68, 47, 5, 93, 78, 86, 54, 85, 63, 18, 44, 20, 49, 36, 14, 74, 50, 53, 17, 21, 28, 11, 64, 3, 23, 30, 83, 24, 41, 40, 52, 65, 27, 90, 70, 39, 87, 48, 69, 99, 4, 46, 1, 13, 56, 97, 59, 45, 8, 73, 37, 35, 79, 71, 66, 76, 32, 60, 80, 58, 6, 67, 61, 33, 7, 57, 34, 12, 16, 10, 98, 96, 88, 43, 81, 91, 2, 84, 29, 92, 19, 51, 55, 89, 75, 25, 72, 22, 38, 62, 0]|[2, 1, 2, 1, 1, 2, 1, 1, 1, 1, 1, 0, 2, 2, 1, 2, 0, 0, 0, 2, 2, 1, 0, 2, 0, 2, 2, 1, 0, 1, 1, 1, 0, 0, 1, 0, 2, 1, 2, 2, 0, 0, 1, 1, 0, 2, 0, 2, 1, 0, 0, 2, 0, 2, 2, 0, 1, 1, 0, 0, 2, 1, 1, 2, 2, 0, 2, 2, 2, 1, 2, 1, 1, 2, 0, 1, 1, 2, 1, 2, 0, 1, 1, 1, 1, 0, 0, 1, 0, 1, 1, 0, 1, 0, 1, 1, 2, 0, 1, 0]|[0, 3, 0, 3, 4, 1, 4, 4, 4, 4, 3, 2, 1, 0, 2, 1, 1, 1, 2, 1, 1, 3, 0, 1, 0, 1, 1, 4, 1, 4, 3, 2, 2, 0, 4, 1, 1, 4, 1, 1, 2, 1, 4, 4, 1, 1, 0, 1, 3, 2, 2, 1, 2, 1, 1, 2, 4, 3, 0, 2, 1, 3, 3, 1, 1, 2, 1, 1, 1, 4, 1, 3, 4, 1, 2, 4, 3, 1, 3, 1, 2, 4, 4, 4, 3, 2, 2, 3, 2, 4, 3, 2, 4, 2, 4, 4, 1, 2, 3, 2]|[0, 2, 0, 0, 3, 0, 1, 3, 1, 0, 2, 0, 1, 0, 1, 0, 0, 0, 1, 0, 0, 2, 0, 0, 1, 0, 0, 3, 0, 1, 0, 2, 0, 0, 3, 0, 1, 1, 0, 0, 0, 0, 1, 3, 0, 0, 1, 0, 2, 0, 0, 0, 0, 0, 1, 0, 1, 0, 1, 1, 0, 2, 0, 0, 0, 0, 0, 0, 0, 2, 0, 0, 1, 0, 0, 1, 0, 0, 3, 0, 0, 1, 2, 2, 0, 0, 0, 3, 0, 1, 0, 0, 1, 0, 3, 1, 0, 0, 0, 0],910.6016522559228,48453.76930145325,107095.52069553157,false
50,G3_TWC,G3_TWC,[31, 22, 42, 15, 26, 58, 95, 82, 77, 12, 47, 5, 93, 78, 98, 54, 85, 63, 18, 44, 20, 35, 43, 97, 91, 76, 10, 30, 21, 45, 71, 64, 1, 23, 17, 83, 24, 61, 60, 36, 6, 57, 94, 88, 65, 56, 79, 40, 67, 68, 46, 75, 38, 9, 19, 32, 81, 41, 27, 62, 87, 90, 99, 59, 11, 16, 72, 73, 70, 39, 37, 84, 3, 92, 25, 74, 28, 29, 51, 7, 53, 14, 86, 48, 89, 50, 66, 96, 33, 80, 4, 8, 55, 49, 0, 52, 69, 2, 13, 34]|[1, 1, 0, 1, 1, 1, 2, 1, 2, 1, 2, 2, 2, 1, 1, 0, 0, 1, 0, 2, 2, 0, 1, 2, 0, 1, 2, 2, 0, 0, 1, 2, 1, 2, 1, 0, 2, 0, 1, 1, 0, 1, 1, 1, 0, 2, 1, 1, 0, 0, 0, 0, 1, 1, 2, 1, 2, 0, 0, 0, 2, 1, 0, 1, 2, 1, 2, 1, 1, 1, 1, 1, 2, 0, 1, 2, 0, 0, 0, 1, 0, 1, 0, 0, 1, 0, 0, 0, 2, 0, 0, 1, 1, 0, 0, 1, 1, 0, 0, 2]|[4, 3, 2, 2, 0, 0, 2, 2, 2, 4, 1, 1, 2, 4, 4, 1, 1, 4, 2, 1, 1, 1, 1, 2, 1, 2, 1, 1, 1, 1, 3, 2, 3, 0, 4, 0, 1, 1, 0, 3, 2, 2, 4, 0, 1, 1, 3, 2, 0, 1, 2, 2, 1, 4, 0, 3, 2, 1, 1, 2, 1, 3, 1, 1, 1, 3, 0, 4, 3, 1, 4, 1, 1, 2, 4, 1, 2, 1, 1, 3, 2, 3, 1, 1, 1, 1, 1, 1, 1, 1, 2, 3, 4, 1, 2, 1, 3, 2, 2, 1]|[0, 2, 1, 1, 3, 3, 0, 1, 0, 0, 0, 0, 1, 0, 1, 0, 0, 3, 1, 0, 0, 0, 3, 1, 0, 2, 0, 0, 0, 1, 0, 0, 0, 0, 3, 0, 1, 0, 0, 2, 1, 1, 2, 0, 0, 0, 0, 1, 1, 0, 0, 0, 1, 3, 0, 0, 1, 0, 0, 1, 0, 2, 0, 1, 0, 2, 1, 0, 0, 1, 1, 3, 0, 1, 3, 0, 1, 0, 0, 2, 1, 0, 0, 0, 1, 0, 0, 0, 0, 0, 1, 2, 3, 1, 0, 1, 0, 0, 0, 0],802.5281847645216,57652.86795409501,87938.17744329936,false
50,G1_CMAX,G4_BALANCED,[31, 22, 82, 15, 26, 99, 95, 42, 77, 12, 47, 5, 93, 78, 86, 54, 21, 63, 18, 44, 20, 35, 43, 97, 91, 76, 10, 30, 85, 45, 71, 64, 1, 23, 17, 83, 24, 14, 60, 36, 6, 57, 40, 88, 65, 56, 79, 94, 67, 68, 46, 75, 38, 9, 19, 32, 41, 81, 27, 87, 90, 58, 59, 11, 16, 72, 73, 70, 39, 37, 84, 3, 92, 62, 28, 98, 25, 89, 51, 7, 33, 61, 55, 48, 29, 50, 4, 96, 53, 80, 66, 8, 34, 49, 52, 0, 13, 2, 69, 74]|[1, 1, 0, 1, 1, 0, 1, 1, 2, 1, 2, 2, 2, 1, 1, 0, 0, 1, 0, 2, 2, 0, 1, 2, 0, 1, 2, 2, 0, 0, 1, 2, 1, 2, 1, 0, 2, 0, 1, 1, 0, 1, 1, 1, 0, 2, 1, 1, 0, 0, 0, 0, 1, 1, 2, 1, 2, 2, 0, 2, 1, 0, 1, 2, 1, 2, 1, 1, 1, 1, 1, 1, 0, 0, 0, 2, 1, 1, 0, 2, 2, 1, 2, 0, 0, 0, 1, 2, 0, 0, 2, 1, 2, 0, 1, 0, 0, 0, 1, 2]|[0, 3, 2, 2, 4, 1, 2, 3, 2, 4, 1, 1, 2, 4, 4, 1, 1, 4, 2, 1, 1, 1, 1, 2, 1, 2, 1, 1, 2, 1, 3, 2, 3, 1, 4, 0, 1, 1, 0, 3, 2, 2, 2, 0, 1, 1, 0, 4, 0, 1, 2, 2, 1, 4, 0, 3, 2, 1, 1, 1, 3, 1, 1, 1, 3, 0, 4, 3, 1, 4, 1, 1, 0, 2, 2, 1, 4, 1, 1, 1, 1, 3, 1, 1, 1, 1, 4, 1, 2, 1, 1, 3, 1, 1, 1, 2, 2, 2, 4, 1]|[0, 2, 1, 1, 3, 0, 1, 3, 0, 0, 0, 0, 1, 0, 1, 0, 0, 3, 1, 0, 0, 0, 3, 1, 0, 2, 0, 0, 0, 1, 0, 0, 0, 0, 3, 0, 1, 0, 0, 2, 1, 1, 1, 0, 0, 0, 0, 2, 1, 0, 0, 0, 1, 3, 0, 0, 1, 0, 0, 0, 2, 0, 1, 0, 2, 1, 0, 0, 1, 1, 3, 1, 1, 1, 1, 0, 3, 1, 0, 0, 0, 0, 0, 0, 0, 0, 0, 0, 1, 0, 0, 2, 0, 1, 1, 0, 0, 0, 2, 0],718.9312211466191,57500.58443105056,92765.66398337393,true
50,G4_BALANCED,G2_TEC,[31, 22, 82, 15, 26, 9, 95, 42, 77, 68, 47, 5, 93, 16, 86, 54, 85, 63, 18, 44, 20, 49, 36, 14, 74, 50, 53, 17, 21, 28, 11, 64, 3, 23, 30, 83, 24, 41, 40, 52, 65, 27, 90, 70, 39, 58, 48, 69, 99, 4, 46, 1, 13, 87, 97, 59, 45, 8, 73, 37, 35, 79, 71, 66, 76, 32, 60, 80, 56, 6, 67, 61, 33, 7, 57, 34, 12, 78, 10, 98, 96, 88, 43, 75, 91, 2, 84, 29, 92, 19, 51, 55, 89, 94, 72, 81, 25, 38, 62, 0]|[2, 1, 2, 1, 1, 2, 1, 1, 1, 1, 1, 0, 2, 2, 1, 2, 0, 0, 0, 2, 2, 1, 0, 2, 0, 2, 2, 1, 0, 1, 1, 1, 0, 0, 1, 0, 2, 1, 2, 2, 0, 0, 1, 1, 0, 2, 0, 2, 1, 0, 0, 2, 0, 2, 2, 0, 1, 1, 0, 0, 2, 1, 1, 2, 2, 0, 2, 2, 2, 1, 2, 1, 1, 2, 0, 1, 1, 2, 1, 2, 0, 1, 1, 0, 1, 0, 0, 1, 0, 1, 1, 0, 1, 2, 1, 1, 0, 0, 1, 0]|[0, 3, 0, 3, 4, 1, 4, 4, 2, 4, 3, 2, 1, 1, 2, 1, 1, 1, 2, 1, 1, 3, 0, 1, 0, 1, 1, 4, 1, 4, 3, 2, 2, 0, 4, 1, 1, 4, 1, 1, 2, 1, 4, 4, 1, 1, 0, 1, 3, 2, 2, 1, 2, 1, 1, 2, 4, 3, 0, 2, 1, 3, 3, 1, 1, 2, 1, 1, 1, 4, 1, 3, 4, 1, 2, 4, 3, 1, 3, 1, 2, 4, 4, 2, 3, 2, 2, 3, 2, 4, 3, 2, 4, 1, 4, 4, 2, 2, 3, 2]|[0, 2, 0, 0, 3, 0, 1, 3, 0, 0, 2, 0, 0, 0, 1, 0, 0, 0, 1, 0, 0, 2, 0, 0, 1, 0, 0, 3, 0, 1, 0, 2, 0, 0, 3, 0, 1, 1, 0, 0, 0, 0, 1, 3, 0, 0, 1, 0, 2, 0, 0, 0, 0, 0, 1, 0, 1, 0, 1, 1, 0, 2, 0, 0, 0, 0, 0, 0, 0, 2, 0, 0, 1, 0, 0, 1, 0, 0, 3, 0, 0, 1, 2, 0, 0, 0, 0, 3, 0, 1, 0, 0, 1, 0, 1, 2, 0, 0, 0, 0],930.6008039301431,48705.27376277429,105395.54952423312,true
50,G2_TEC,G2_TEC,[31, 94, 82, 15, 26, 9, 95, 42, 77, 68, 47, 5, 93, 78, 86, 54, 85, 63, 18, 44, 20, 49, 36, 14, 74, 50, 53, 17, 21, 28, 11, 64, 3, 23, 30, 83, 24, 41, 40, 52, 65, 27, 90, 70, 39, 87, 48, 69, 99, 4, 46, 1, 13, 56, 97, 59, 45, 8, 73, 37, 35, 79, 71, 66, 76, 32, 60, 80, 58, 6, 67, 61, 33, 7, 57, 34, 12, 16, 10, 98, 96, 88, 43, 81, 91, 2, 84, 29, 92, 19, 51, 55, 89, 75, 25, 72, 22, 38, 62, 0]|[2, 1, 2, 1, 1, 2, 1, 1, 1, 1, 1, 0, 2, 2, 1, 2, 0, 0, 0, 2, 2, 1, 0, 2, 0, 2, 2, 1, 0, 1, 1, 1, 0, 0, 1, 0, 2, 1, 2, 2, 0, 0, 1, 1, 0, 2, 0, 2, 1, 0, 0, 2, 0, 2, 2, 0, 1, 1, 0, 0, 2, 1, 1, 2, 2, 0, 2, 2, 2, 1, 2, 1, 1, 2, 0, 1, 1, 2, 1, 2, 0, 1, 1, 1, 1, 0, 0, 1, 0, 1, 1, 0, 1, 0, 1, 1, 2, 0, 1, 0]|[0, 3, 0, 3, 4, 1, 4, 4, 4, 4, 3, 2, 1, 0, 2, 1, 1, 1, 2, 1, 1, 3, 0, 1, 0, 1, 1, 4, 1, 4, 3, 2, 2, 0, 4, 1, 1, 4, 1, 1, 2, 1, 4, 4, 1, 1, 0, 1, 3, 2, 2, 1, 2, 1, 1, 2, 4, 3, 0, 2, 1, 3, 3, 1, 1, 2, 1, 1, 1, 4, 1, 3, 4, 1, 2, 4, 3, 1, 3, 1, 2, 4, 4, 4, 3, 2, 2, 3, 2, 4, 3, 2, 4, 2, 4, 4, 1, 2, 3, 2]|[0, 2, 0, 0, 3, 0, 1, 3, 1, 0, 2, 0, 1, 0, 1, 0, 0, 0, 1, 0, 0, 2, 0, 0, 1, 0, 0, 3, 0, 1, 0, 2, 0, 0, 3, 0, 1, 1, 0, 0, 0, 0, 1, 3, 0, 0, 1, 0, 2, 0, 0, 0, 0, 0, 1, 0, 1, 0, 1, 1, 0, 2, 0, 0, 0, 0, 0, 0, 0, 2, 0, 0, 1, 0, 0, 1, 0, 0, 3, 0, 0, 1, 2, 2, 0, 0, 0, 3, 0, 1, 0, 0, 1, 0, 3, 1, 0, 0, 0, 0],910.6016522559228,48453.76930145325,107095.52069553157,false
50,G3_TWC,G3_TWC,[31, 22, 42, 15, 26, 58, 95, 82, 77, 12, 47, 5, 93, 78, 98, 54, 85, 63, 18, 44, 20, 35, 43, 97, 91, 76, 10, 30, 21, 45, 71, 64, 1, 23, 17, 83, 24, 61, 60, 36, 6, 57, 94, 88, 65, 56, 79, 40, 67, 68, 46, 75, 38, 9, 19, 32, 81, 41, 27, 62, 87, 90, 99, 59, 11, 16, 72, 73, 70, 39, 37, 84, 3, 92, 25, 74, 28, 29, 51, 7, 53, 14, 86, 48, 89, 50, 66, 96, 33, 80, 4, 8, 55, 49, 0, 52, 69, 2, 13, 34]|[1, 1, 0, 1, 1, 1, 2, 1, 2, 1, 2, 2, 2, 1, 1, 0, 0, 1, 0, 2, 2, 0, 1, 2, 0, 1, 2, 2, 0, 0, 1, 2, 1, 2, 1, 0, 2, 0, 1, 1, 0, 1, 1, 1, 0, 2, 1, 1, 0, 0, 0, 0, 1, 1, 2, 1, 2, 0, 0, 0, 2, 1, 0, 1, 2, 1, 2, 1, 1, 1, 1, 1, 2, 0, 1, 2, 0, 0, 0, 1, 0, 1, 0, 0, 1, 0, 0, 0, 2, 0, 0, 1, 1, 0, 0, 1, 1, 0, 0, 2]|[4, 3, 2, 2, 0, 0, 2, 2, 2, 4, 1, 1, 2, 4, 4, 1, 1, 4, 2, 1, 1, 1, 1, 2, 1, 2, 1, 1, 1, 1, 3, 2, 3, 0, 4, 0, 1, 1, 0, 3, 2, 2, 4, 0, 1, 1, 3, 2, 0, 1, 2, 2, 1, 4, 0, 3, 2, 1, 1, 2, 1, 3, 1, 1, 1, 3, 0, 4, 3, 1, 4, 1, 1, 2, 4, 1, 2, 1, 1, 3, 2, 3, 1, 1, 1, 1, 1, 1, 1, 1, 2, 3, 4, 1, 2, 1, 3, 2, 2, 1]|[0, 2, 1, 1, 3, 3, 0, 1, 0, 0, 0, 0, 1, 0, 1, 0, 0, 3, 1, 0, 0, 0, 3, 1, 0, 2, 0, 0, 0, 1, 0, 0, 0, 0, 3, 0, 1, 0, 0, 2, 1, 1, 2, 0, 0, 0, 0, 1, 1, 0, 0, 0, 1, 3, 0, 0, 1, 0, 0, 1, 0, 2, 0, 1, 0, 2, 1, 0, 0, 1, 1, 3, 0, 1, 3, 0, 1, 0, 0, 2, 1, 0, 0, 0, 1, 0, 0, 0, 0, 0, 1, 2, 3, 1, 0, 1, 0, 0, 0, 0],802.5281847645216,57652.86795409501,87938.17744329936,false
50,G1_CMAX,G3_TWC,[31, 22, 42, 15, 26, 58, 95, 82, 77, 12, 47, 5, 93, 78, 98, 54, 85, 63, 18, 44, 20, 35, 43, 97, 91, 76, 10, 30, 21, 45, 71, 64, 1, 23, 17, 83, 24, 61, 60, 36, 6, 57, 94, 88, 65, 56, 79, 40, 67, 68, 46, 75, 38, 9, 19, 32, 81, 41, 27, 62, 87, 90, 99, 59, 11, 16, 72, 73, 70, 39, 37, 84, 3, 96, 25, 55, 28, 29, 51, 7, 33, 14, 86, 48, 89, 50, 66, 92, 53, 80, 4, 8, 34, 49, 52, 0, 13, 2, 69, 74]|[1, 1, 0, 1, 1, 1, 2, 1, 2, 1, 2, 2, 2, 1, 1, 0, 0, 1, 0, 2, 2, 0, 1, 2, 0, 1, 2, 2, 0, 0, 1, 2, 1, 2, 1, 0, 2, 0, 1, 1, 0, 1, 1, 1, 0, 2, 1, 1, 0, 0, 0, 0, 1, 1, 2, 1, 2, 0, 0, 0, 2, 1, 0, 1, 2, 1, 2, 1, 1, 1, 1, 1, 2, 0, 1, 1, 0, 0, 0, 1, 2, 1, 0, 0, 1, 0, 2, 0, 0, 0, 0, 1, 2, 0, 1, 0, 0, 0, 1, 2]|[4, 3, 2, 2, 0, 0, 2, 2, 2, 4, 1, 1, 2, 4, 4, 1, 1, 4, 2, 1, 1, 1, 1, 2, 1, 2, 1, 1, 1, 1, 3, 2, 3, 1, 4, 0, 1, 1, 0, 3, 2, 2, 4, 0, 1, 1, 3, 2, 0, 1, 2, 2, 1, 4, 0, 3, 2, 1, 1, 2, 1, 3, 1, 1, 1, 3, 0, 4, 3, 1, 4, 1, 1, 1, 4, 4, 2, 1, 1, 3, 1, 3, 1, 1, 1, 1, 1, 2, 2, 1, 2, 3, 1, 1, 1, 2, 2, 2, 3, 1]|[0, 2, 1, 1, 3, 3, 0, 1, 0, 0, 0, 0, 1, 0, 1, 0, 0, 3, 1, 0, 0, 0, 3, 1, 0, 2, 0, 0, 0, 1, 0, 0, 0, 0, 3, 0, 1, 0, 0, 2, 1, 1, 2, 0, 0, 0, 0, 1, 1, 0, 0, 0, 1, 3, 0, 0, 1, 0, 0, 1, 0, 2, 0, 1, 0, 2, 1, 0, 0, 1, 1, 3, 0, 0, 3, 3, 1, 0, 0, 2, 0, 0, 0, 0, 1, 0, 0, 1, 1, 0, 1, 2, 0, 1, 1, 0, 0, 0, 0, 0],800.5408541574557,57344.080524674486,88497.17003796503,true
50,G4_BALANCED,G2_TEC,[31, 22, 82, 15, 26, 9, 95, 42, 77, 68, 47, 5, 93, 16, 86, 54, 85, 63, 18, 44, 20, 49, 36, 14, 74, 50, 53, 17, 21, 28, 11, 64, 3, 23, 30, 83, 24, 41, 40, 52, 65, 27, 90, 70, 39, 58, 48, 69, 99, 4, 46, 1, 13, 87, 97, 59, 45, 8, 73, 37, 35, 79, 71, 66, 76, 32, 60, 80, 56, 6, 67, 61, 33, 7, 57, 34, 12, 78, 10, 98, 96, 88, 43, 75, 91, 2, 84, 29, 92, 19, 51, 55, 89, 94, 72, 81, 25, 38, 62, 0]|[2, 1, 2, 1, 1, 2, 1, 1, 1, 1, 1, 0, 2, 2, 1, 2, 0, 0, 0, 2, 2, 1, 0, 2, 0, 2, 2, 1, 0, 1, 1, 1, 0, 0, 1, 0, 2, 1, 2, 2, 0, 0, 1, 1, 0, 2, 0, 2, 1, 0, 0, 2, 0, 2, 2, 0, 1, 1, 0, 0, 2, 1, 1, 2, 2, 0, 2, 2, 2, 1, 2, 1, 1, 2, 0, 1, 1, 2, 1, 2, 0, 1, 1, 0, 1, 0, 0, 1, 0, 1, 1, 0, 1, 2, 1, 1, 0, 0, 1, 0]|[0, 3, 0, 3, 4, 1, 4, 4, 2, 4, 3, 2, 1, 1, 2, 1, 1, 1, 2, 1, 1, 3, 0, 1, 0, 1, 1, 4, 1, 4, 3, 2, 2, 0, 4, 1, 1, 4, 1, 1, 2, 1, 4, 4, 1, 1, 0, 1, 3, 2, 2, 1, 2, 1, 1, 2, 4, 3, 0, 2, 1, 3, 3, 1, 1, 2, 1, 1, 1, 4, 1, 3, 4, 1, 2, 4, 3, 1, 3, 1, 2, 4, 4, 2, 3, 2, 2, 3, 2, 4, 3, 2, 4, 1, 4, 4, 2, 2, 3, 2]|[0, 2, 0, 0, 3, 0, 1, 3, 0, 0, 2, 0, 0, 0, 1, 0, 0, 0, 1, 0, 0, 2, 0, 0, 1, 0, 0, 3, 0, 1, 0, 2, 0, 0, 3, 0, 1, 1, 0, 0, 0, 0, 1, 3, 0, 0, 1, 0, 2, 0, 0, 0, 0, 0, 1, 0, 1, 0, 1, 1, 0, 2, 0, 0, 0, 0, 0, 0, 0, 2, 0, 0, 1, 0, 0, 1, 0, 0, 3, 0, 0, 1, 2, 0, 0, 0, 0, 3, 0, 1, 0, 0, 1, 0, 1, 2, 0, 0, 0, 0],930.6008039301431,48705.27376277429,105395.54952423312,true
50,G2_TEC,G2_TEC,[31, 94, 82, 15, 26, 9, 95, 42, 77, 68, 47, 5, 93, 78, 86, 54, 85, 63, 18, 44, 20, 49, 36, 14, 74, 50, 53, 17, 21, 28, 11, 64, 3, 23, 30, 83, 24, 41, 40, 52, 65, 27, 90, 70, 39, 87, 48, 69, 99, 4, 46, 1, 13, 56, 97, 59, 45, 8, 73, 37, 35, 79, 71, 66, 76, 32, 60, 80, 58, 6, 67, 61, 33, 7, 57, 34, 12, 16, 10, 98, 96, 88, 43, 81, 91, 2, 84, 29, 92, 19, 51, 55, 89, 75, 25, 72, 22, 38, 62, 0]|[2, 1, 2, 1, 1, 2, 1, 1, 1, 1, 1, 0, 2, 2, 1, 2, 0, 0, 0, 2, 2, 1, 0, 2, 0, 2, 2, 1, 0, 1, 1, 1, 0, 0, 1, 0, 2, 1, 2, 2, 0, 0, 1, 1, 0, 2, 0, 2, 1, 0, 0, 2, 0, 2, 2, 0, 1, 1, 0, 0, 2, 1, 1, 2, 2, 0, 2, 2, 2, 1, 2, 1, 1, 2, 0, 1, 1, 2, 1, 2, 0, 1, 1, 1, 1, 0, 0, 1, 0, 1, 1, 0, 1, 0, 1, 1, 2, 0, 1, 0]|[0, 3, 0, 3, 4, 1, 4, 4, 4, 4, 3, 2, 1, 0, 2, 1, 1, 1, 2, 1, 1, 3, 0, 1, 0, 1, 1, 4, 1, 4, 3, 2, 2, 0, 4, 1, 1, 4, 1, 1, 2, 1, 4, 4, 1, 1, 0, 1, 3, 2, 2, 1, 2, 1, 1, 2, 4, 3, 0, 2, 1, 3, 3, 1, 1, 2, 1, 1, 1, 4, 1, 3, 4, 1, 2, 4, 3, 1, 3, 1, 2, 4, 4, 4, 3, 2, 2, 3, 2, 4, 3, 2, 4, 2, 4, 4, 1, 2, 3, 2]|[0, 2, 0, 0, 3, 0, 1, 3, 1, 0, 2, 0, 1, 0, 1, 0, 0, 0, 1, 0, 0, 2, 0, 0, 1, 0, 0, 3, 0, 1, 0, 2, 0, 0, 3, 0, 1, 1, 0, 0, 0, 0, 1, 3, 0, 0, 1, 0, 2, 0, 0, 0, 0, 0, 1, 0, 1, 0, 1, 1, 0, 2, 0, 0, 0, 0, 0, 0, 0, 2, 0, 0, 1, 0, 0, 1, 0, 0, 3, 0, 0, 1, 2, 2, 0, 0, 0, 3, 0, 1, 0, 0, 1, 0, 3, 1, 0, 0, 0, 0],910.6016522559228,48453.76930145325,107095.52069553157,false
50,G3_TWC,G3_TWC,[31, 22, 42, 15, 26, 58, 95, 82, 77, 12, 47, 5, 93, 78, 98, 54, 85, 63, 18, 44, 20, 35, 43, 97, 91, 76, 10, 30, 21, 45, 71, 64, 1, 23, 17, 83, 24, 61, 60, 36, 6, 57, 94, 88, 65, 56, 79, 40, 67, 68, 46, 75, 38, 9, 19, 32, 81, 41, 27, 62, 87, 90, 99, 59, 11, 16, 72, 73, 70, 39, 37, 84, 3, 92, 25, 74, 28, 29, 51, 7, 53, 14, 86, 48, 89, 50, 66, 96, 33, 80, 4, 8, 55, 49, 0, 52, 69, 2, 13, 34]|[1, 1, 0, 1, 1, 1, 2, 1, 2, 1, 2, 2, 2, 1, 1, 0, 0, 1, 0, 2, 2, 0, 1, 2, 0, 1, 2, 2, 0, 0, 1, 2, 1, 2, 1, 0, 2, 0, 1, 1, 0, 1, 1, 1, 0, 2, 1, 1, 0, 0, 0, 0, 1, 1, 2, 1, 2, 0, 0, 0, 2, 1, 0, 1, 2, 1, 2, 1, 1, 1, 1, 1, 2, 0, 1, 2, 0, 0, 0, 1, 0, 1, 0, 0, 1, 0, 0, 0, 2, 0, 0, 1, 1, 0, 0, 1, 1, 0, 0, 2]|[4, 3, 2, 2, 0, 0, 2, 2, 2, 4, 1, 1, 2, 4, 4, 1, 1, 4, 2, 1, 1, 1, 1, 2, 1, 2, 1, 1, 1, 1, 3, 2, 3, 0, 4, 0, 1, 1, 0, 3, 2, 2, 4, 0, 1, 1, 3, 2, 0, 1, 2, 2, 1, 4, 0, 3, 2, 1, 1, 2, 1, 3, 1, 1, 1, 3, 0, 4, 3, 1, 4, 1, 1, 2, 4, 1, 2, 1, 1, 3, 2, 3, 1, 1, 1, 1, 1, 1, 1, 1, 2, 3, 4, 1, 2, 1, 3, 2, 2, 1]|[0, 2, 1, 1, 3, 3, 0, 1, 0, 0, 0, 0, 1, 0, 1, 0, 0, 3, 1, 0, 0, 0, 3, 1, 0, 2, 0, 0, 0, 1, 0, 0, 0, 0, 3, 0, 1, 0, 0, 2, 1, 1, 2, 0, 0, 0, 0, 1, 1, 0, 0, 0, 1, 3, 0, 0, 1, 0, 0, 1, 0, 2, 0, 1, 0, 2, 1, 0, 0, 1, 1, 3, 0, 1, 3, 0, 1, 0, 0, 2, 1, 0, 0, 0, 1, 0, 0, 0, 0, 0, 1, 2, 3, 1, 0, 1, 0, 0, 0, 0],802.5281847645216,57652.86795409501,87938.17744329936,false
50,G1_CMAX,G4_BALANCED,[31, 22, 82, 15, 26, 58, 95, 42, 77, 12, 47, 5, 30, 78, 86, 54, 85, 63, 18, 44, 20, 35, 43, 97, 91, 76, 10, 93, 21, 45, 71, 64, 1, 23, 17, 83, 24, 14, 60, 36, 6, 57, 40, 88, 65, 56, 79, 94, 67, 68, 46, 75, 38, 9, 19, 32, 81, 41, 27, 62, 90, 99, 59, 87, 11, 66, 73, 70, 39, 37, 84, 3, 72, 25, 55, 16, 28, 29, 51, 7, 92, 61, 98, 48, 33, 50, 4, 96, 53, 80, 8, 89, 34, 2, 52, 13, 0, 69, 74, 49]|[1, 1, 0, 1, 1, 0, 1, 2, 2, 1, 2, 2, 2, 1, 1, 0, 0, 1, 0, 2, 2, 0, 1, 2, 0, 1, 2, 2, 0, 0, 1, 2, 1, 2, 1, 0, 2, 0, 1, 1, 0, 1, 1, 1, 0, 2, 1, 1, 0, 0, 0, 0, 1, 1, 2, 1, 0, 2, 0, 2, 1, 0, 1, 2, 2, 2, 1, 1, 1, 1, 1, 1, 2, 1, 1, 0, 0, 0, 0, 1, 2, 1, 2, 0, 1, 0, 1, 2, 0, 0, 0, 1, 2, 0, 1, 0, 0, 1, 2, 0]|[4, 3, 2, 2, 4, 1, 2, 2, 2, 4, 1, 1, 2, 4, 4, 1, 2, 4, 2, 1, 1, 1, 1, 2, 1, 2, 1, 1, 1, 1, 3, 2, 3, 1, 4, 0, 1, 1, 0, 3, 2, 2, 2, 0, 1, 1, 0, 4, 0, 1, 2, 2, 1, 4, 0, 3, 1, 1, 1, 1, 3, 1, 1, 1, 1, 1, 4, 3, 1, 4, 1, 1, 1, 4, 4, 2, 2, 2, 1, 1, 1, 3, 1, 1, 1, 1, 4, 1, 2, 1, 1, 1, 1, 2, 1, 2, 2, 4, 1, 1]|[0, 2, 1, 1, 3, 0, 1, 0, 0, 0, 0, 0, 1, 0, 1, 0, 0, 3, 1, 0, 0, 0, 3, 1, 0, 2, 0, 0, 0, 1, 0, 0, 0, 0, 3, 0, 1, 0, 0, 2, 1, 1, 1, 0, 0, 0, 0, 2, 1, 0, 0, 0, 1, 3, 0, 0, 0, 0, 0, 0, 2, 0, 1, 0, 0, 0, 0, 0, 1, 1, 3, 1, 0, 3, 3, 1, 1, 0, 0, 2, 0, 0, 0, 0, 1, 0, 0, 0, 1, 0, 0, 1, 0, 0, 1, 0, 0, 2, 0, 1],815.9382298603316,55074.479227271986,99598.30336368816,true
50,G4_BALANCED,G2_TEC,[31, 22, 82, 15, 26, 9, 95, 42, 77, 68, 47, 5, 93, 16, 86, 54, 85, 63, 18, 44, 20, 49, 36, 14, 74, 50, 53, 17, 21, 28, 11, 64, 3, 23, 30, 83, 24, 41, 40, 52, 65, 27, 90, 70, 39, 58, 48, 69, 99, 4, 46, 1, 13, 87, 97, 59, 45, 8, 73, 37, 35, 79, 71, 66, 76, 32, 60, 80, 56, 6, 67, 61, 33, 7, 57, 34, 12, 78, 10, 98, 96, 88, 43, 75, 91, 2, 84, 29, 92, 19, 51, 55, 89, 94, 72, 81, 25, 38, 62, 0]|[2, 1, 2, 1, 1, 2, 1, 1, 1, 1, 1, 0, 2, 2, 1, 2, 0, 0, 0, 2, 2, 1, 0, 2, 0, 2, 2, 1, 0, 1, 1, 1, 0, 0, 1, 0, 2, 1, 2, 2, 0, 0, 1, 1, 0, 2, 0, 2, 1, 0, 0, 2, 0, 2, 2, 0, 1, 1, 0, 0, 2, 1, 1, 2, 2, 0, 2, 2, 2, 1, 2, 1, 1, 2, 0, 1, 1, 2, 1, 2, 0, 1, 1, 0, 1, 0, 0, 1, 0, 1, 1, 0, 1, 2, 1, 1, 0, 0, 1, 0]|[0, 3, 0, 3, 4, 1, 4, 4, 2, 4, 3, 2, 1, 1, 2, 1, 1, 1, 2, 1, 1, 3, 0, 1, 0, 1, 1, 4, 1, 4, 3, 2, 2, 0, 4, 1, 1, 4, 1, 1, 2, 1, 4, 4, 1, 1, 0, 1, 3, 2, 2, 1, 2, 1, 1, 2, 4, 3, 0, 2, 1, 3, 3, 1, 1, 2, 1, 1, 1, 4, 1, 3, 4, 1, 2, 4, 3, 1, 3, 1, 2, 4, 4, 2, 3, 2, 2, 3, 2, 4, 3, 2, 4, 1, 4, 4, 2, 2, 3, 2]|[0, 2, 0, 0, 3, 0, 1, 3, 0, 0, 2, 0, 0, 0, 1, 0, 0, 0, 1, 0, 0, 2, 0, 0, 1, 0, 0, 3, 0, 1, 0, 2, 0, 0, 3, 0, 1, 1, 0, 0, 0, 0, 1, 3, 0, 0, 1, 0, 2, 0, 0, 0, 0, 0, 1, 0, 1, 0, 1, 1, 0, 2, 0, 0, 0, 0, 0, 0, 0, 2, 0, 0, 1, 0, 0, 1, 0, 0, 3, 0, 0, 1, 2, 0, 0, 0, 0, 3, 0, 1, 0, 0, 1, 0, 1, 2, 0, 0, 0, 0],930.6008039301431,48705.27376277429,105395.54952423312,true
50,G2_TEC,G2_TEC,[31, 94, 82, 15, 26, 9, 95, 42, 77, 68, 47, 5, 93, 78, 86, 54, 85, 63, 18, 44, 20, 49, 36, 14, 74, 50, 53, 17, 21, 28, 11, 64, 3, 23, 30, 83, 24, 41, 40, 52, 65, 27, 90, 70, 39, 87, 48, 69, 99, 4, 46, 1, 13, 56, 97, 59, 45, 8, 73, 37, 35, 79, 71, 66, 76, 32, 60, 80, 58, 6, 67, 61, 33, 7, 57, 34, 12, 16, 10, 98, 96, 88, 43, 81, 91, 2, 84, 29, 92, 19, 51, 55, 89, 75, 25, 72, 22, 38, 62, 0]|[2, 1, 2, 1, 1, 2, 1, 1, 1, 1, 1, 0, 2, 2, 1, 2, 0, 0, 0, 2, 2, 1, 0, 2, 0, 2, 2, 1, 0, 1, 1, 1, 0, 0, 1, 0, 2, 1, 2, 2, 0, 0, 1, 1, 0, 2, 0, 2, 1, 0, 0, 2, 0, 2, 2, 0, 1, 1, 0, 0, 2, 1, 1, 2, 2, 0, 2, 2, 2, 1, 2, 1, 1, 2, 0, 1, 1, 2, 1, 2, 0, 1, 1, 1, 1, 0, 0, 1, 0, 1, 1, 0, 1, 0, 1, 1, 2, 0, 1, 0]|[0, 3, 0, 3, 4, 1, 4, 4, 4, 4, 3, 2, 1, 0, 2, 1, 1, 1, 2, 1, 1, 3, 0, 1, 0, 1, 1, 4, 1, 4, 3, 2, 2, 0, 4, 1, 1, 4, 1, 1, 2, 1, 4, 4, 1, 1, 0, 1, 3, 2, 2, 1, 2, 1, 1, 2, 4, 3, 0, 2, 1, 3, 3, 1, 1, 2, 1, 1, 1, 4, 1, 3, 4, 1, 2, 4, 3, 1, 3, 1, 2, 4, 4, 4, 3, 2, 2, 3, 2, 4, 3, 2, 4, 2, 4, 4, 1, 2, 3, 2]|[0, 2, 0, 0, 3, 0, 1, 3, 1, 0, 2, 0, 1, 0, 1, 0, 0, 0, 1, 0, 0, 2, 0, 0, 1, 0, 0, 3, 0, 1, 0, 2, 0, 0, 3, 0, 1, 1, 0, 0, 0, 0, 1, 3, 0, 0, 1, 0, 2, 0, 0, 0, 0, 0, 1, 0, 1, 0, 1, 1, 0, 2, 0, 0, 0, 0, 0, 0, 0, 2, 0, 0, 1, 0, 0, 1, 0, 0, 3, 0, 0, 1, 2, 2, 0, 0, 0, 3, 0, 1, 0, 0, 1, 0, 3, 1, 0, 0, 0, 0],910.6016522559228,48453.76930145325,107095.52069553157,false
50,G3_TWC,G3_TWC,[31, 22, 42, 15, 26, 58, 95, 82, 77, 12, 47, 5, 93, 78, 98, 54, 85, 63, 18, 44, 20, 35, 43, 97, 91, 76, 10, 30, 21, 45, 71, 64, 1, 23, 17, 83, 24, 61, 60, 36, 6, 57, 94, 88, 65, 56, 79, 40, 67, 68, 46, 75, 38, 9, 19, 32, 81, 41, 27, 62, 87, 90, 99, 59, 11, 16, 72, 73, 70, 39, 37, 84, 3, 92, 25, 74, 28, 29, 51, 7, 53, 14, 86, 48, 89, 50, 66, 96, 33, 80, 4, 8, 55, 49, 0, 52, 69, 2, 13, 34]|[1, 1, 0, 1, 1, 1, 2, 1, 2, 1, 2, 2, 2, 1, 1, 0, 0, 1, 0, 2, 2, 0, 1, 2, 0, 1, 2, 2, 0, 0, 1, 2, 1, 2, 1, 0, 2, 0, 1, 1, 0, 1, 1, 1, 0, 2, 1, 1, 0, 0, 0, 0, 1, 1, 2, 1, 2, 0, 0, 0, 2, 1, 0, 1, 2, 1, 2, 1, 1, 1, 1, 1, 2, 0, 1, 2, 0, 0, 0, 1, 0, 1, 0, 0, 1, 0, 0, 0, 2, 0, 0, 1, 1, 0, 0, 1, 1, 0, 0, 2]|[4, 3, 2, 2, 0, 0, 2, 2, 2, 4, 1, 1, 2, 4, 4, 1, 1, 4, 2, 1, 1, 1, 1, 2, 1, 2, 1, 1, 1, 1, 3, 2, 3, 0, 4, 0, 1, 1, 0, 3, 2, 2, 4, 0, 1, 1, 3, 2, 0, 1, 2, 2, 1, 4, 0, 3, 2, 1, 1, 2, 1, 3, 1, 1, 1, 3, 0, 4, 3, 1, 4, 1, 1, 2, 4, 1, 2, 1, 1, 3, 2, 3, 1, 1, 1, 1, 1, 1, 1, 1, 2, 3, 4, 1, 2, 1, 3, 2, 2, 1]|[0, 2, 1, 1, 3, 3, 0, 1, 0, 0, 0, 0, 1, 0, 1, 0, 0, 3, 1, 0, 0, 0, 3, 1, 0, 2, 0, 0, 0, 1, 0, 0, 0, 0, 3, 0, 1, 0, 0, 2, 1, 1, 2, 0, 0, 0, 0, 1, 1, 0, 0, 0, 1, 3, 0, 0, 1, 0, 0, 1, 0, 2, 0, 1, 0, 2, 1, 0, 0, 1, 1, 3, 0, 1, 3, 0, 1, 0, 0, 2, 1, 0, 0, 0, 1, 0, 0, 0, 0, 0, 1, 2, 3, 1, 0, 1, 0, 0, 0, 0],802.5281847645216,57652.86795409501,87938.17744329936,false
50,G1_CMAX,G1_CMAX,[31, 22, 82, 15, 26, 99, 95, 42, 77, 12, 47, 5, 93, 78, 86, 54, 21, 63, 18, 44, 20, 35, 43, 97, 91, 76, 10, 30, 85, 45, 71, 64, 1, 23, 17, 83, 24, 14, 60, 36, 6, 57, 40, 88, 65, 56, 79, 94, 67, 68, 46, 75, 38, 9, 19, 32, 41, 81, 27, 87, 90, 58, 59, 11, 16, 72, 73, 70, 39, 37, 62, 84, 3, 96, 25, 55, 28, 29, 51, 7, 33, 61, 98, 48, 89, 50, 4, 92, 53, 80, 66, 8, 34, 2, 52, 49, 13, 0, 69, 74]|[1, 1, 0, 1, 1, 0, 1, 1, 2, 1, 2, 2, 2, 1, 1, 0, 0, 1, 0, 2, 2, 0, 1, 2, 0, 1, 2, 2, 0, 0, 1, 2, 1, 2, 1, 0, 2, 0, 1, 1, 0, 1, 1, 1, 0, 2, 1, 1, 0, 0, 0, 0, 1, 1, 2, 1, 2, 2, 0, 2, 1, 0, 1, 2, 1, 2, 1, 1, 1, 1, 0, 1, 1, 2, 1, 2, 2, 0, 0, 2, 2, 1, 2, 0, 1, 0, 1, 0, 0, 0, 2, 1, 2, 0, 1, 0, 0, 0, 1, 2]|[0, 3, 2, 2, 4, 1, 2, 3, 2, 4, 1, 1, 2, 4, 4, 1, 1, 4, 2, 1, 1, 1, 1, 2, 1, 2, 1, 1, 1, 1, 3, 2, 3, 0, 4, 0, 1, 1, 0, 3, 2, 2, 2, 0, 1, 1, 0, 4, 0, 1, 2, 2, 1, 4, 0, 3, 2, 2, 1, 1, 3, 1, 1, 1, 3, 0, 4, 3, 1, 4, 2, 1, 1, 1, 4, 1, 1, 1, 1, 1, 1, 3, 1, 1, 1, 1, 4, 0, 2, 1, 1, 3, 1, 2, 1, 1, 2, 2, 4, 1]|[0, 2, 1, 1, 3, 0, 1, 3, 0, 0, 0, 0, 1, 0, 1, 0, 0, 3, 1, 0, 0, 0, 3, 1, 0, 2, 0, 0, 0, 1, 0, 0, 0, 0, 3, 0, 1, 0, 0, 2, 1, 1, 1, 0, 0, 0, 0, 2, 1, 0, 0, 0, 1, 3, 0, 0, 1, 1, 0, 0, 2, 0, 1, 0, 2, 1, 0, 0, 1, 1, 1, 3, 1, 0, 3, 0, 0, 0, 0, 0, 0, 0, 0, 0, 1, 0, 0, 1, 1, 0, 0, 2, 0, 0, 1, 1, 0, 0, 2, 0],711.9160353756727,57968.03987147099,93521.77032852688,false
50,G4_BALANCED,G2_TEC,[31, 22, 82, 15, 26, 9, 95, 42, 77, 68, 47, 5, 93, 16, 86, 54, 85, 63, 18, 44, 20, 49, 36, 14, 74, 50, 53, 17, 21, 28, 11, 64, 3, 23, 30, 83, 24, 41, 40, 52, 65, 27, 90, 70, 39, 58, 48, 69, 99, 4, 46, 1, 13, 87, 97, 59, 45, 8, 73, 37, 35, 79, 71, 66, 76, 32, 60, 80, 56, 6, 67, 61, 33, 7, 57, 34, 12, 78, 10, 98, 96, 88, 43, 75, 91, 2, 84, 29, 92, 19, 51, 55, 89, 94, 72, 81, 25, 38, 62, 0]|[2, 1, 2, 1, 1, 2, 1, 1, 1, 1, 1, 0, 2, 2, 1, 2, 0, 0, 0, 2, 2, 1, 0, 2, 0, 2, 2, 1, 0, 1, 1, 1, 0, 0, 1, 0, 2, 1, 2, 2, 0, 0, 1, 1, 0, 2, 0, 2, 1, 0, 0, 2, 0, 2, 2, 0, 1, 1, 0, 0, 2, 1, 1, 2, 2, 0, 2, 2, 2, 1, 2, 1, 1, 2, 0, 1, 1, 2, 1, 2, 0, 1, 1, 0, 1, 0, 0, 1, 0, 1, 1, 0, 1, 2, 1, 1, 0, 0, 1, 0]|[0, 3, 0, 3, 4, 1, 4, 4, 2, 4, 3, 2, 1, 1, 2, 1, 1, 1, 2, 1, 1, 3, 0, 1, 0, 1, 1, 4, 1, 4, 3, 2, 2, 0, 4, 1, 1, 4, 1, 1, 2, 1, 4, 4, 1, 1, 0, 1, 3, 2, 2, 1, 2, 1, 1, 2, 4, 3, 0, 2, 1, 3, 3, 1, 1, 2, 1, 1, 1, 4, 1, 3, 4, 1, 2, 4, 3, 1, 3, 1, 2, 4, 4, 2, 3, 2, 2, 3, 2, 4, 3, 2, 4, 1, 4, 4, 2, 2, 3, 2]|[0, 2, 0, 0, 3, 0, 1, 3, 0, 0, 2, 0, 0, 0, 1, 0, 0, 0, 1, 0, 0, 2, 0, 0, 1, 0, 0, 3, 0, 1, 0, 2, 0, 0, 3, 0, 1, 1, 0, 0, 0, 0, 1, 3, 0, 0, 1, 0, 2, 0, 0, 0, 0, 0, 1, 0, 1, 0, 1, 1, 0, 2, 0, 0, 0, 0, 0, 0, 0, 2, 0, 0, 1, 0, 0, 1, 0, 0, 3, 0, 0, 1, 2, 0, 0, 0, 0, 3, 0, 1, 0, 0, 1, 0, 1, 2, 0, 0, 0, 0],930.6008039301431,48705.27376277429,105395.54952423312,true
50,G2_TEC,G3_TWC,[31, 22, 42, 15, 26, 58, 95, 82, 77, 12, 47, 5, 93, 78, 98, 54, 85, 63, 18, 44, 20, 35, 43, 97, 91, 76, 10, 30, 21, 45, 71, 64, 1, 23, 17, 83, 24, 61, 60, 36, 6, 57, 94, 88, 65, 56, 79, 40, 67, 68, 46, 75, 38, 9, 19, 32, 81, 41, 27, 62, 87, 90, 99, 59, 11, 16, 72, 73, 70, 39, 37, 84, 3, 92, 25, 74, 28, 29, 51, 7, 53, 14, 86, 48, 89, 66, 50, 96, 33, 80, 4, 8, 55, 49, 0, 52, 13, 2, 69, 34]|[1, 1, 0, 1, 1, 1, 2, 1, 2, 1, 2, 2, 2, 1, 1, 0, 0, 1, 0, 2, 2, 0, 1, 2, 0, 1, 2, 2, 0, 0, 1, 2, 1, 2, 1, 0, 2, 0, 1, 1, 0, 1, 1, 1, 0, 2, 1, 1, 0, 0, 0, 0, 1, 1, 2, 1, 2, 0, 0, 0, 2, 1, 0, 1, 2, 1, 2, 1, 1, 1, 1, 1, 2, 0, 1, 2, 0, 0, 0, 1, 0, 1, 0, 0, 1, 2, 0, 0, 2, 0, 0, 1, 1, 0, 0, 1, 0, 0, 1, 2]|[4, 3, 2, 2, 0, 0, 2, 2, 2, 4, 1, 1, 2, 4, 4, 1, 1, 4, 2, 1, 1, 1, 1, 2, 1, 2, 1, 1, 1, 1, 3, 2, 3, 1, 4, 0, 1, 1, 0, 3, 2, 2, 4, 0, 1, 1, 3, 2, 0, 1, 2, 2, 1, 4, 0, 3, 2, 1, 1, 2, 1, 3, 1, 1, 1, 3, 0, 4, 3, 1, 4, 1, 1, 2, 4, 1, 2, 1, 1, 3, 2, 3, 1, 1, 1, 1, 1, 1, 1, 1, 2, 3, 4, 1, 2, 1, 2, 2, 3, 1]|[0, 2, 1, 1, 3, 3, 0, 1, 0, 0, 0, 0, 1, 0, 1, 0, 0, 3, 1, 0, 0, 0, 3, 1, 0, 2, 0, 0, 0, 1, 0, 0, 0, 0, 3, 0, 1, 0, 0, 2, 1, 1, 2, 0, 0, 0, 0, 1, 1, 0, 0, 0, 1, 3, 0, 0, 1, 0, 0, 1, 0, 2, 0, 1, 0, 2, 1, 0, 0, 1, 1, 3, 0, 1, 3, 0, 1, 0, 0, 2, 1, 0, 0, 0, 1, 0, 0, 0, 0, 0, 1, 2, 3, 1, 0, 1, 0, 0, 0, 0],800.1376376443088,57317.75550421925,88704.73023557579,true
50,G3_TWC,G3_TWC,[31, 22, 42, 15, 26, 58, 95, 82, 77, 12, 47, 5, 93, 78, 98, 54, 85, 63, 18, 44, 20, 35, 43, 97, 91, 76, 10, 30, 21, 45, 71, 64, 1, 23, 17, 83, 24, 61, 60, 36, 6, 57, 94, 88, 65, 56, 79, 40, 67, 68, 46, 75, 38, 9, 19, 32, 81, 41, 27, 62, 87, 90, 99, 59, 11, 16, 72, 73, 70, 39, 37, 84, 3, 92, 25, 74, 28, 29, 51, 7, 53, 14, 86, 48, 89, 50, 66, 96, 33, 80, 4, 8, 55, 49, 0, 52, 69, 2, 13, 34]|[1, 1, 0, 1, 1, 1, 2, 1, 2, 1, 2, 2, 2, 1, 1, 0, 0, 1, 0, 2, 2, 0, 1, 2, 0, 1, 2, 2, 0, 0, 1, 2, 1, 2, 1, 0, 2, 0, 1, 1, 0, 1, 1, 1, 0, 2, 1, 1, 0, 0, 0, 0, 1, 1, 2, 1, 2, 0, 0, 0, 2, 1, 0, 1, 2, 1, 2, 1, 1, 1, 1, 1, 2, 0, 1, 2, 0, 0, 0, 1, 0, 1, 0, 0, 1, 0, 0, 0, 2, 0, 0, 1, 1, 0, 0, 1, 1, 0, 0, 2]|[4, 3, 2, 2, 0, 0, 2, 2, 2, 4, 1, 1, 2, 4, 4, 1, 1, 4, 2, 1, 1, 1, 1, 2, 1, 2, 1, 1, 1, 1, 3, 2, 3, 0, 4, 0, 1, 1, 0, 3, 2, 2, 4, 0, 1, 1, 3, 2, 0, 1, 2, 2, 1, 4, 0, 3, 2, 1, 1, 2, 1, 3, 1, 1, 1, 3, 0, 4, 3, 1, 4, 1, 1, 2, 4, 1, 2, 1, 1, 3, 2, 3, 1, 1, 1, 1, 1, 1, 1, 1, 2, 3, 4, 1, 2, 1, 3, 2, 2, 1]|[0, 2, 1, 1, 3, 3, 0, 1, 0, 0, 0, 0, 1, 0, 1, 0, 0, 3, 1, 0, 0, 0, 3, 1, 0, 2, 0, 0, 0, 1, 0, 0, 0, 0, 3, 0, 1, 0, 0, 2, 1, 1, 2, 0, 0, 0, 0, 1, 1, 0, 0, 0, 1, 3, 0, 0, 1, 0, 0, 1, 0, 2, 0, 1, 0, 2, 1, 0, 0, 1, 1, 3, 0, 1, 3, 0, 1, 0, 0, 2, 1, 0, 0, 0, 1, 0, 0, 0, 0, 0, 1, 2, 3, 1, 0, 1, 0, 0, 0, 0],802.5281847645216,57652.86795409501,87938.17744329936,false
50,G1_CMAX,G3_TWC,[31, 22, 42, 15, 26, 58, 95, 82, 77, 12, 47, 5, 93, 78, 98, 54, 85, 63, 18, 44, 20, 35, 43, 97, 91, 76, 10, 30, 21, 45, 71, 64, 1, 23, 17, 83, 24, 61, 60, 36, 6, 57, 94, 88, 65, 56, 79, 40, 67, 68, 46, 75, 38, 9, 19, 32, 81, 41, 27, 62, 87, 90, 73, 59, 11, 16, 72, 99, 70, 39, 37, 84, 3, 92, 25, 74, 28, 29, 51, 7, 33, 14, 86, 96, 89, 50, 66, 48, 53, 80, 4, 8, 55, 49, 0, 52, 13, 2, 69, 34]|[1, 1, 0, 1, 1, 1, 2, 1, 2, 1, 2, 2, 2, 1, 1, 0, 0, 1, 0, 2, 2, 0, 1, 2, 0, 1, 2, 2, 0, 0, 1, 2, 1, 2, 1, 0, 2, 0, 1, 1, 0, 1, 1, 1, 0, 2, 1, 1, 0, 0, 0, 0, 1, 1, 2, 1, 2, 0, 0, 0, 2, 1, 0, 1, 2, 1, 2, 1, 1, 1, 1, 1, 2, 0, 1, 2, 0, 0, 0, 1, 2, 1, 0, 2, 1, 0, 2, 0, 0, 0, 1, 1, 2, 0, 0, 1, 0, 0, 1, 2]|[4, 3, 2, 2, 0, 0, 2, 2, 2, 4, 1, 1, 2, 4, 4, 1, 1, 4, 2, 1, 1, 1, 1, 2, 1, 2, 1, 1, 1, 1, 3, 2, 3, 0, 4, 0, 1, 1, 0, 3, 2, 2, 4, 0, 1, 1, 3, 2, 0, 1, 2, 2, 1, 4, 0, 3, 2, 1, 1, 2, 1, 3, 1, 1, 1, 3, 0, 4, 3, 1, 4, 1, 1, 2, 4, 1, 2, 1, 1, 3, 1, 3, 1, 1, 1, 1, 1, 1, 2, 1, 4, 3, 1, 1, 2, 1, 2, 2, 4, 1]|[0, 2, 1, 1, 3, 3, 0, 1, 0, 0, 0, 0, 1, 0, 1, 0, 0, 3, 1, 0, 0, 0, 3, 1, 0, 2, 0, 0, 0, 1, 0, 0, 0, 0, 3, 0, 1, 0, 0, 2, 1, 1, 2, 0, 0, 0, 0, 1, 1, 0, 0, 0, 1, 3, 0, 0, 1, 0, 0, 1, 0, 2, 0, 1, 0, 2, 1, 0, 0, 1, 1, 3, 0, 1, 3, 0, 1, 0, 0, 2, 0, 0, 0, 0, 1, 0, 0, 0, 1, 0, 0, 2, 0, 1, 0, 1, 0, 0, 2, 0],741.6896087775958,56981.18535725215,90106.67813077962,true
50,G4_BALANCED,G2_TEC,[31, 22, 82, 15, 26, 9, 95, 42, 77, 68, 47, 5, 93, 16, 86, 54, 85, 63, 18, 44, 20, 49, 36, 14, 74, 50, 53, 17, 21, 28, 11, 64, 3, 23, 30, 83, 24, 41, 40, 52, 65, 27, 90, 70, 39, 58, 48, 69, 99, 4, 46, 1, 13, 87, 97, 59, 45, 8, 73, 37, 35, 79, 71, 66, 76, 32, 60, 80, 56, 6, 67, 61, 33, 7, 57, 34, 12, 78, 10, 98, 96, 88, 43, 75, 91, 2, 84, 29, 92, 19, 51, 55, 89, 94, 72, 81, 25, 38, 62, 0]|[2, 1, 2, 1, 1, 2, 1, 1, 1, 1, 1, 0, 2, 2, 1, 2, 0, 0, 0, 2, 2, 1, 0, 2, 0, 2, 2, 1, 0, 1, 1, 1, 0, 0, 1, 0, 2, 1, 2, 2, 0, 0, 1, 1, 0, 2, 0, 2, 1, 0, 0, 2, 0, 2, 2, 0, 1, 1, 0, 0, 2, 1, 1, 2, 2, 0, 2, 2, 2, 1, 2, 1, 1, 2, 0, 1, 1, 2, 1, 2, 0, 1, 1, 0, 1, 0, 0, 1, 0, 1, 1, 0, 1, 2, 1, 1, 0, 0, 1, 0]|[0, 3, 0, 3, 4, 1, 4, 4, 2, 4, 3, 2, 1, 1, 2, 1, 1, 1, 2, 1, 1, 3, 0, 1, 0, 1, 1, 4, 1, 4, 3, 2, 2, 0, 4, 1, 1, 4, 1, 1, 2, 1, 4, 4, 1, 1, 0, 1, 3, 2, 2, 1, 2, 1, 1, 2, 4, 3, 0, 2, 1, 3, 3, 1, 1, 2, 1, 1, 1, 4, 1, 3, 4, 1, 2, 4, 3, 1, 3, 1, 2, 4, 4, 2, 3, 2, 2, 3, 2, 4, 3, 2, 4, 1, 4, 4, 2, 2, 3, 2]|[0, 2, 0, 0, 3, 0, 1, 3, 0, 0, 2, 0, 0, 0, 1, 0, 0, 0, 1, 0, 0, 2, 0, 0, 1, 0, 0, 3, 0, 1, 0, 2, 0, 0, 3, 0, 1, 1, 0, 0, 0, 0, 1, 3, 0, 0, 1, 0, 2, 0, 0, 0, 0, 0, 1, 0, 1, 0, 1, 1, 0, 2, 0, 0, 0, 0, 0, 0, 0, 2, 0, 0, 1, 0, 0, 1, 0, 0, 3, 0, 0, 1, 2, 0, 0, 0, 0, 3, 0, 1, 0, 0, 1, 0, 1, 2, 0, 0, 0, 0],930.6008039301431,48705.27376277429,105395.54952423312,true
50,G2_TEC,G2_TEC,[31, 94, 82, 15, 26, 9, 95, 42, 77, 68, 47, 5, 93, 78, 86, 54, 85, 63, 18, 44, 20, 49, 36, 14, 74, 50, 53, 17, 21, 28, 11, 64, 3, 23, 30, 83, 24, 41, 40, 52, 65, 27, 90, 70, 39, 87, 48, 69, 99, 4, 46, 1, 13, 56, 97, 59, 45, 8, 73, 37, 35, 79, 71, 66, 76, 32, 60, 80, 58, 6, 67, 61, 33, 7, 57, 34, 12, 16, 10, 98, 96, 88, 43, 81, 91, 2, 84, 29, 92, 19, 51, 55, 89, 75, 25, 72, 22, 38, 62, 0]|[2, 1, 2, 1, 1, 2, 1, 1, 1, 1, 1, 0, 2, 2, 1, 2, 0, 0, 0, 2, 2, 1, 0, 2, 0, 2, 2, 1, 0, 1, 1, 1, 0, 0, 1, 0, 2, 1, 2, 2, 0, 0, 1, 1, 0, 2, 0, 2, 1, 0, 0, 2, 0, 2, 2, 0, 1, 1, 0, 0, 2, 1, 1, 2, 2, 0, 2, 2, 2, 1, 2, 1, 1, 2, 0, 1, 1, 2, 1, 2, 0, 1, 1, 1, 1, 0, 0, 1, 0, 1, 1, 0, 1, 0, 1, 1, 2, 0, 1, 0]|[0, 3, 0, 3, 4, 1, 4, 4, 4, 4, 3, 2, 1, 0, 2, 1, 1, 1, 2, 1, 1, 3, 0, 1, 0, 1, 1, 4, 1, 4, 3, 2, 2, 0, 4, 1, 1, 4, 1, 1, 2, 1, 4, 4, 1, 1, 0, 1, 3, 2, 2, 1, 2, 1, 1, 2, 4, 3, 0, 2, 1, 3, 3, 1, 1, 2, 1, 1, 1, 4, 1, 3, 4, 1, 2, 4, 3, 1, 3, 1, 2, 4, 4, 4, 3, 2, 2, 3, 2, 4, 3, 2, 4, 2, 4, 4, 1, 2, 3, 2]|[0, 2, 0, 0, 3, 0, 1, 3, 1, 0, 2, 0, 1, 0, 1, 0, 0, 0, 1, 0, 0, 2, 0, 0, 1, 0, 0, 3, 0, 1, 0, 2, 0, 0, 3, 0, 1, 1, 0, 0, 0, 0, 1, 3, 0, 0, 1, 0, 2, 0, 0, 0, 0, 0, 1, 0, 1, 0, 1, 1, 0, 2, 0, 0, 0, 0, 0, 0, 0, 2, 0, 0, 1, 0, 0, 1, 0, 0, 3, 0, 0, 1, 2, 2, 0, 0, 0, 3, 0, 1, 0, 0, 1, 0, 3, 1, 0, 0, 0, 0],910.6016522559228,48453.76930145325,107095.52069553157,false
50,G3_TWC,G3_TWC,[31, 22, 42, 15, 26, 58, 95, 82, 77, 12, 47, 5, 93, 78, 98, 54, 85, 63, 18, 44, 20, 35, 43, 97, 91, 76, 10, 30, 21, 45, 71, 64, 1, 23, 17, 83, 24, 61, 60, 36, 6, 57, 94, 88, 65, 56, 79, 40, 67, 68, 46, 75, 38, 9, 19, 32, 81, 41, 27, 62, 87, 90, 99, 59, 11, 16, 72, 73, 70, 39, 37, 84, 3, 92, 25, 74, 28, 29, 51, 7, 53, 14, 86, 48, 89, 50, 66, 96, 33, 80, 4, 8, 55, 49, 0, 52, 69, 2, 13, 34]|[1, 1, 0, 1, 1, 1, 2, 1, 2, 1, 2, 2, 2, 1, 1, 0, 0, 1, 0, 2, 2, 0, 1, 2, 0, 1, 2, 2, 0, 0, 1, 2, 1, 2, 1, 0, 2, 0, 1, 1, 0, 1, 1, 1, 0, 2, 1, 1, 0, 0, 0, 0, 1, 1, 2, 1, 2, 0, 0, 0, 2, 1, 0, 1, 2, 1, 2, 1, 1, 1, 1, 1, 2, 0, 1, 2, 0, 0, 0, 1, 0, 1, 0, 0, 1, 0, 0, 0, 2, 0, 0, 1, 1, 0, 0, 1, 1, 0, 0, 2]|[4, 3, 2, 2, 0, 0, 2, 2, 2, 4, 1, 1, 2, 4, 4, 1, 1, 4, 2, 1, 1, 1, 1, 2, 1, 2, 1, 1, 1, 1, 3, 2, 3, 0, 4, 0, 1, 1, 0, 3, 2, 2, 4, 0, 1, 1, 3, 2, 0, 1, 2, 2, 1, 4, 0, 3, 2, 1, 1, 2, 1, 3, 1, 1, 1, 3, 0, 4, 3, 1, 4, 1, 1, 2, 4, 1, 2, 1, 1, 3, 2, 3, 1, 1, 1, 1, 1, 1, 1, 1, 2, 3, 4, 1, 2, 1, 3, 2, 2, 1]|[0, 2, 1, 1, 3, 3, 0, 1, 0, 0, 0, 0, 1, 0, 1, 0, 0, 3, 1, 0, 0, 0, 3, 1, 0, 2, 0, 0, 0, 1, 0, 0, 0, 0, 3, 0, 1, 0, 0, 2, 1, 1, 2, 0, 0, 0, 0, 1, 1, 0, 0, 0, 1, 3, 0, 0, 1, 0, 0, 1, 0, 2, 0, 1, 0, 2, 1, 0, 0, 1, 1, 3, 0, 1, 3, 0, 1, 0, 0, 2, 1, 0, 0, 0, 1, 0, 0, 0, 0, 0, 1, 2, 3, 1, 0, 1, 0, 0, 0, 0],802.5281847645216,57652.86795409501,87938.17744329936,false
50,G1_CMAX,G2_TEC,[31, 22, 82, 15, 26, 9, 95, 42, 77, 68, 47, 5, 93, 78, 86, 54, 85, 63, 18, 44, 20, 49, 36, 14, 74, 50, 53, 17, 21, 28, 11, 64, 3, 23, 30, 58, 24, 41, 40, 52, 65, 27, 90, 70, 39, 87, 48, 69, 99, 4, 75, 1, 13, 83, 97, 59, 45, 8, 73, 37, 35, 79, 71, 66, 76, 32, 60, 80, 56, 6, 67, 61, 33, 7, 57, 34, 12, 16, 10, 98, 96, 88, 43, 81, 91, 2, 84, 29, 92, 19, 51, 89, 46, 25, 72, 55, 38, 94, 62, 0]|[2, 1, 2, 1, 1, 2, 1, 1, 1, 1, 1, 0, 2, 2, 1, 2, 0, 0, 0, 2, 2, 1, 0, 2, 0, 2, 2, 1, 0, 1, 1, 1, 0, 0, 1, 0, 2, 1, 2, 2, 0, 0, 1, 1, 0, 2, 0, 2, 1, 0, 0, 2, 0, 2, 2, 0, 1, 1, 0, 0, 2, 1, 1, 2, 2, 0, 2, 2, 2, 1, 2, 1, 1, 2, 0, 1, 1, 2, 1, 2, 0, 1, 1, 1, 1, 0, 0, 1, 0, 1, 1, 1, 0, 1, 1, 0, 0, 2, 1, 0]|[0, 3, 0, 3, 4, 1, 4, 4, 2, 4, 3, 2, 1, 0, 2, 1, 1, 1, 2, 1, 1, 3, 0, 1, 0, 1, 1, 4, 1, 4, 3, 2, 2, 0, 4, 1, 1, 4, 1, 1, 2, 1, 4, 4, 1, 1, 0, 1, 3, 2, 2, 1, 2, 1, 1, 2, 4, 3, 0, 2, 2, 3, 3, 1, 1, 2, 1, 1, 1, 4, 1, 3, 4, 1, 2, 4, 3, 1, 3, 1, 2, 4, 4, 4, 3, 2, 2, 3, 2, 4, 3, 4, 2, 4, 4, 2, 2, 1, 3, 2]|[0, 2, 0, 0, 3, 0, 1, 3, 0, 0, 2, 0, 1, 0, 1, 0, 0, 0, 1, 0, 0, 2, 0, 0, 1, 0, 0, 3, 0, 1, 0, 2, 0, 0, 3, 0, 1, 1, 0, 0, 0, 0, 1, 3, 0, 0, 1, 0, 2, 0, 0, 0, 0, 0, 1, 0, 1, 0, 1, 1, 0, 2, 0, 0, 0, 0, 0, 0, 0, 2, 0, 0, 1, 0, 0, 1, 0, 0, 3, 0, 0, 1, 2, 2, 0, 0, 0, 3, 0, 1, 0, 1, 0, 3, 1, 0, 0, 0, 0, 0],899.0861296378544,49002.74718837592,105497.31571465736,true
50,G4_BALANCED,G4_BALANCED,[31, 11, 15, 82, 26, 9, 95, 32, 77, 68, 47, 5, 93, 78, 86, 54, 85, 63, 18, 44, 20, 49, 36, 14, 74, 50, 53, 17, 21, 45, 71, 64, 3, 23, 30, 83, 24, 41, 60, 52, 65, 27, 90, 70, 39, 87, 48, 69, 99, 4, 46, 1, 13, 58, 97, 59, 28, 75, 73, 37, 35, 79, 22, 66, 76, 42, 40, 80, 96, 6, 16, 61, 33, 7, 57, 34, 12, 67, 10, 98, 56, 88, 29, 94, 91, 38, 51, 92, 43, 84, 19, 72, 81, 25, 0, 55, 62, 89, 8, 2]|[2, 1, 1, 2, 1, 2, 1, 1, 1, 1, 1, 0, 2, 2, 1, 2, 0, 0, 0, 2, 2, 1, 0, 2, 0, 2, 2, 1, 0, 1, 1, 1, 0, 0, 1, 0, 2, 1, 2, 2, 0, 0, 1, 1, 0, 2, 0, 2, 1, 0, 0, 2, 0, 0, 2, 0, 1, 0, 0, 0, 2, 1, 0, 2, 2, 0, 2, 2, 0, 1, 2, 1, 1, 2, 0, 1, 1, 1, 1, 2, 2, 1, 1, 2, 1, 0, 1, 0, 1, 0, 1, 1, 1, 1, 0, 0, 1, 1, 1, 2]|[0, 3, 2, 0, 4, 1, 4, 4, 2, 4, 3, 2, 1, 0, 2, 1, 1, 1, 2, 1, 1, 3, 0, 1, 0, 1, 1, 4, 1, 4, 3, 2, 2, 0, 4, 1, 1, 4, 0, 1, 2, 1, 4, 4, 1, 1, 0, 2, 3, 1, 2, 1, 2, 1, 1, 2, 4, 2, 0, 2, 2, 3, 1, 0, 1, 2, 0, 1, 2, 4, 1, 3, 4, 1, 2, 4, 3, 3, 3, 1, 1, 4, 3, 1, 3, 2, 3, 2, 4, 2, 4, 4, 1, 4, 2, 2, 3, 4, 3, 1]|[0, 2, 1, 0, 3, 0, 1, 3, 0, 0, 2, 0, 1, 0, 1, 0, 0, 0, 1, 0, 0, 2, 0, 0, 1, 0, 0, 3, 0, 1, 0, 2, 0, 1, 3, 0, 1, 3, 1, 0, 0, 0, 1, 3, 0, 0, 1, 0, 2, 0, 0, 0, 0, 0, 1, 0, 1, 0, 1, 1, 0, 2, 0, 0, 0, 0, 0, 0, 0, 2, 0, 0, 1, 0, 0, 1, 0, 0, 3, 0, 0, 1, 0, 0, 0, 0, 0, 0, 2, 0, 3, 2, 1, 3, 0, 0, 0, 1, 0, 0],838.0858887121581,52145.01293281826,108083.60693758915,false
50,G2_TEC,G2_TEC,[31, 94, 82, 15, 26, 9, 95, 42, 77, 68, 47, 5, 93, 78, 86, 54, 85, 63, 18, 44, 20, 49, 36, 14, 74, 50, 53, 17, 21, 28, 11, 64, 3, 23, 30, 83, 24, 41, 40, 52, 65, 27, 90, 70, 39, 87, 48, 69, 99, 4, 46, 1, 13, 56, 97, 59, 45, 8, 73, 37, 35, 79, 71, 66, 76, 32, 60, 80, 58, 6, 67, 61, 33, 7, 57, 34, 12, 16, 10, 98, 96, 88, 43, 81, 91, 2, 84, 29, 92, 19, 51, 55, 89, 75, 25, 72, 22, 38, 62, 0]|[2, 1, 2, 1, 1, 2, 1, 1, 1, 1, 1, 0, 2, 2, 1, 2, 0, 0, 0, 2, 2, 1, 0, 2, 0, 2, 2, 1, 0, 1, 1, 1, 0, 0, 1, 0, 2, 1, 2, 2, 0, 0, 1, 1, 0, 2, 0, 2, 1, 0, 0, 2, 0, 2, 2, 0, 1, 1, 0, 0, 2, 1, 1, 2, 2, 0, 2, 2, 2, 1, 2, 1, 1, 2, 0, 1, 1, 2, 1, 2, 0, 1, 1, 1, 1, 0, 0, 1, 0, 1, 1, 0, 1, 0, 1, 1, 2, 0, 1, 0]|[0, 3, 0, 3, 4, 1, 4, 4, 4, 4, 3, 2, 1, 0, 2, 1, 1, 1, 2, 1, 1, 3, 0, 1, 0, 1, 1, 4, 1, 4, 3, 2, 2, 0, 4, 1, 1, 4, 1, 1, 2, 1, 4, 4, 1, 1, 0, 1, 3, 2, 2, 1, 2, 1, 1, 2, 4, 3, 0, 2, 1, 3, 3, 1, 1, 2, 1, 1, 1, 4, 1, 3, 4, 1, 2, 4, 3, 1, 3, 1, 2, 4, 4, 4, 3, 2, 2, 3, 2, 4, 3, 2, 4, 2, 4, 4, 1, 2, 3, 2]|[0, 2, 0, 0, 3, 0, 1, 3, 1, 0, 2, 0, 1, 0, 1, 0, 0, 0, 1, 0, 0, 2, 0, 0, 1, 0, 0, 3, 0, 1, 0, 2, 0, 0, 3, 0, 1, 1, 0, 0, 0, 0, 1, 3, 0, 0, 1, 0, 2, 0, 0, 0, 0, 0, 1, 0, 1, 0, 1, 1, 0, 2, 0, 0, 0, 0, 0, 0, 0, 2, 0, 0, 1, 0, 0, 1, 0, 0, 3, 0, 0, 1, 2, 2, 0, 0, 0, 3, 0, 1, 0, 0, 1, 0, 3, 1, 0, 0, 0, 0],910.6016522559228,48453.76930145325,107095.52069553157,false
50,G3_TWC,G3_TWC,[31, 22, 42, 15, 26, 58, 95, 82, 77, 12, 47, 5, 93, 78, 98, 54, 85, 63, 18, 44, 20, 35, 43, 97, 91, 76, 10, 30, 21, 45, 71, 64, 1, 23, 17, 83, 24, 61, 60, 36, 6, 57, 94, 88, 65, 56, 79, 40, 67, 68, 46, 75, 38, 9, 19, 32, 81, 41, 27, 62, 87, 90, 99, 59, 11, 16, 72, 73, 70, 39, 37, 84, 3, 92, 25, 74, 28, 29, 51, 7, 53, 14, 86, 48, 89, 50, 66, 96, 33, 80, 4, 8, 55, 49, 0, 52, 69, 2, 13, 34]|[1, 1, 0, 1, 1, 1, 2, 1, 2, 1, 2, 2, 2, 1, 1, 0, 0, 1, 0, 2, 2, 0, 1, 2, 0, 1, 2, 2, 0, 0, 1, 2, 1, 2, 1, 0, 2, 0, 1, 1, 0, 1, 1, 1, 0, 2, 1, 1, 0, 0, 0, 0, 1, 1, 2, 1, 2, 0, 0, 0, 2, 1, 0, 1, 2, 1, 2, 1, 1, 1, 1, 1, 2, 0, 1, 2, 0, 0, 0, 1, 0, 1, 0, 0, 1, 0, 0, 0, 2, 0, 0, 1, 1, 0, 0, 1, 1, 0, 0, 2]|[4, 3, 2, 2, 0, 0, 2, 2, 2, 4, 1, 1, 2, 4, 4, 1, 1, 4, 2, 1, 1, 1, 1, 2, 1, 2, 1, 1, 1, 1, 3, 2, 3, 0, 4, 0, 1, 1, 0, 3, 2, 2, 4, 0, 1, 1, 3, 2, 0, 1, 2, 2, 1, 4, 0, 3, 2, 1, 1, 2, 1, 3, 1, 1, 1, 3, 0, 4, 3, 1, 4, 1, 1, 2, 4, 1, 2, 1, 1, 3, 2, 3, 1, 1, 1, 1, 1, 1, 1, 1, 2, 3, 4, 1, 2, 1, 3, 2, 2, 1]|[0, 2, 1, 1, 3, 3, 0, 1, 0, 0, 0, 0, 1, 0, 1, 0, 0, 3, 1, 0, 0, 0, 3, 1, 0, 2, 0, 0, 0, 1, 0, 0, 0, 0, 3, 0, 1, 0, 0, 2, 1, 1, 2, 0, 0, 0, 0, 1, 1, 0, 0, 0, 1, 3, 0, 0, 1, 0, 0, 1, 0, 2, 0, 1, 0, 2, 1, 0, 0, 1, 1, 3, 0, 1, 3, 0, 1, 0, 0, 2, 1, 0, 0, 0, 1, 0, 0, 0, 0, 0, 1, 2, 3, 1, 0, 1, 0, 0, 0, 0],802.5281847645216,57652.86795409501,87938.17744329936,false
50,G1_CMAX,G4_BALANCED,[31, 22, 82, 15, 26, 58, 95, 42, 77, 12, 47, 5, 93, 78, 86, 54, 85, 63, 18, 44, 20, 35, 43, 97, 91, 76, 10, 30, 21, 45, 71, 64, 1, 23, 17, 83, 24, 14, 60, 36, 6, 57, 40, 88, 65, 56, 79, 94, 67, 68, 46, 29, 38, 9, 19, 32, 81, 41, 27, 87, 90, 99, 59, 62, 11, 66, 73, 70, 39, 37, 84, 3, 72, 25, 55, 48, 16, 75, 51, 7, 33, 61, 98, 92, 89, 50, 4, 96, 53, 80, 8, 28, 34, 49, 52, 0, 74, 69, 2, 13]|[1, 1, 0, 1, 1, 0, 1, 2, 2, 1, 2, 2, 2, 1, 1, 0, 0, 1, 0, 2, 2, 0, 0, 2, 0, 1, 2, 2, 0, 0, 1, 2, 1, 2, 1, 0, 2, 0, 1, 1, 0, 1, 1, 1, 0, 2, 1, 1, 0, 0, 0, 0, 1, 1, 2, 1, 2, 0, 0, 2, 1, 0, 1, 2, 2, 2, 1, 1, 1, 1, 1, 1, 2, 1, 2, 0, 1, 0, 0, 1, 2, 1, 2, 0, 1, 0, 1, 2, 0, 0, 0, 0, 2, 0, 1, 0, 2, 1, 0, 0]|[4, 3, 2, 2, 4, 1, 2, 2, 2, 4, 1, 1, 2, 4, 4, 1, 2, 4, 2, 1, 1, 1, 1, 2, 1, 2, 1, 1, 2, 1, 3, 2, 3, 1, 4, 0, 1, 1, 0, 3, 2, 2, 2, 0, 1, 1, 0, 4, 0, 1, 2, 2, 1, 4, 0, 3, 2, 1, 1, 1, 3, 1, 1, 1, 1, 1, 4, 3, 1, 4, 1, 1, 1, 4, 1, 1, 3, 1, 1, 1, 1, 3, 1, 0, 1, 1, 4, 1, 2, 1, 1, 2, 1, 1, 1, 2, 1, 4, 2, 2]|[0, 2, 1, 1, 3, 0, 1, 0, 0, 0, 0, 0, 1, 0, 1, 0, 0, 3, 1, 0, 0, 0, 0, 1, 0, 2, 0, 0, 0, 1, 0, 0, 0, 0, 3, 0, 1, 0, 0, 2, 1, 1, 1, 0, 0, 0, 0, 2, 1, 0, 0, 0, 1, 3, 0, 0, 1, 0, 0, 0, 2, 0, 1, 0, 0, 0, 0, 0, 1, 1, 3, 1, 0, 3, 0, 0, 2, 0, 0, 2, 0, 0, 0, 1, 1, 0, 0, 0, 1, 0, 0, 1, 0, 1, 1, 0, 0, 2, 0, 0],780.6740718852884,55452.862853508894,96219.06701757858,true
50,G4_BALANCED,G4_BALANCED,[31, 11, 15, 82, 26, 9, 95, 32, 77, 68, 47, 5, 93, 78, 86, 54, 85, 63, 18, 44, 20, 49, 36, 14, 74, 50, 53, 17, 21, 45, 71, 64, 3, 23, 30, 83, 24, 41, 60, 52, 65, 27, 90, 70, 39, 87, 48, 69, 99, 4, 46, 1, 13, 58, 97, 59, 28, 75, 73, 37, 35, 79, 22, 66, 76, 42, 40, 80, 96, 6, 16, 61, 33, 7, 57, 34, 12, 67, 10, 98, 56, 88, 29, 94, 91, 38, 51, 92, 43, 84, 19, 72, 81, 25, 0, 55, 62, 89, 8, 2]|[2, 1, 1, 2, 1, 2, 1, 1, 1, 1, 1, 0, 2, 2, 1, 2, 0, 0, 0, 2, 2, 1, 0, 2, 0, 2, 2, 1, 0, 1, 1, 1, 0, 0, 1, 0, 2, 1, 2, 2, 0, 0, 1, 1, 0, 2, 0, 2, 1, 0, 0, 2, 0, 0, 2, 0, 1, 0, 0, 0, 2, 1, 0, 2, 2, 0, 2, 2, 0, 1, 2, 1, 1, 2, 0, 1, 1, 1, 1, 2, 2, 1, 1, 2, 1, 0, 1, 0, 1, 0, 1, 1, 1, 1, 0, 0, 1, 1, 1, 2]|[0, 3, 2, 0, 4, 1, 4, 4, 2, 4, 3, 2, 1, 0, 2, 1, 1, 1, 2, 1, 1, 3, 0, 1, 0, 1, 1, 4, 1, 4, 3, 2, 2, 0, 4, 1, 1, 4, 0, 1, 2, 1, 4, 4, 1, 1, 0, 2, 3, 1, 2, 1, 2, 1, 1, 2, 4, 2, 0, 2, 2, 3, 1, 0, 1, 2, 0, 1, 2, 4, 1, 3, 4, 1, 2, 4, 3, 3, 3, 1, 1, 4, 3, 1, 3, 2, 3, 2, 4, 2, 4, 4, 1, 4, 2, 2, 3, 4, 3, 1]|[0, 2, 1, 0, 3, 0, 1, 3, 0, 0, 2, 0, 1, 0, 1, 0, 0, 0, 1, 0, 0, 2, 0, 0, 1, 0, 0, 3, 0, 1, 0, 2, 0, 1, 3, 0, 1, 3, 1, 0, 0, 0, 1, 3, 0, 0, 1, 0, 2, 0, 0, 0, 0, 0, 1, 0, 1, 0, 1, 1, 0, 2, 0, 0, 0, 0, 0, 0, 0, 2, 0, 0, 1, 0, 0, 1, 0, 0, 3, 0, 0, 1, 0, 0, 0, 0, 0, 0, 2, 0, 3, 2, 1, 3, 0, 0, 0, 1, 0, 0],838.0858887121581,52145.01293281826,108083.60693758915,false
50,G2_TEC,G2_TEC,[31, 94, 82, 15, 26, 9, 95, 42, 77, 68, 47, 5, 93, 78, 86, 54, 85, 63, 18, 44, 20, 49, 36, 14, 74, 50, 53, 17, 21, 28, 11, 64, 3, 23, 30, 83, 24, 41, 40, 52, 65, 27, 90, 70, 39, 87, 48, 69, 99, 4, 46, 1, 13, 56, 97, 59, 45, 8, 73, 37, 35, 79, 71, 66, 76, 32, 60, 80, 58, 6, 67, 61, 33, 7, 57, 34, 12, 16, 10, 98, 96, 88, 43, 81, 91, 2, 84, 29, 92, 19, 51, 55, 89, 75, 25, 72, 22, 38, 62, 0]|[2, 1, 2, 1, 1, 2, 1, 1, 1, 1, 1, 0, 2, 2, 1, 2, 0, 0, 0, 2, 2, 1, 0, 2, 0, 2, 2, 1, 0, 1, 1, 1, 0, 0, 1, 0, 2, 1, 2, 2, 0, 0, 1, 1, 0, 2, 0, 2, 1, 0, 0, 2, 0, 2, 2, 0, 1, 1, 0, 0, 2, 1, 1, 2, 2, 0, 2, 2, 2, 1, 2, 1, 1, 2, 0, 1, 1, 2, 1, 2, 0, 1, 1, 1, 1, 0, 0, 1, 0, 1, 1, 0, 1, 0, 1, 1, 2, 0, 1, 0]|[0, 3, 0, 3, 4, 1, 4, 4, 4, 4, 3, 2, 1, 0, 2, 1, 1, 1, 2, 1, 1, 3, 0, 1, 0, 1, 1, 4, 1, 4, 3, 2, 2, 0, 4, 1, 1, 4, 1, 1, 2, 1, 4, 4, 1, 1, 0, 1, 3, 2, 2, 1, 2, 1, 1, 2, 4, 3, 0, 2, 1, 3, 3, 1, 1, 2, 1, 1, 1, 4, 1, 3, 4, 1, 2, 4, 3, 1, 3, 1, 2, 4, 4, 4, 3, 2, 2, 3, 2, 4, 3, 2, 4, 2, 4, 4, 1, 2, 3, 2]|[0, 2, 0, 0, 3, 0, 1, 3, 1, 0, 2, 0, 1, 0, 1, 0, 0, 0, 1, 0, 0, 2, 0, 0, 1, 0, 0, 3, 0, 1, 0, 2, 0, 0, 3, 0, 1, 1, 0, 0, 0, 0, 1, 3, 0, 0, 1, 0, 2, 0, 0, 0, 0, 0, 1, 0, 1, 0, 1, 1, 0, 2, 0, 0, 0, 0, 0, 0, 0, 2, 0, 0, 1, 0, 0, 1, 0, 0, 3, 0, 0, 1, 2, 2, 0, 0, 0, 3, 0, 1, 0, 0, 1, 0, 3, 1, 0, 0, 0, 0],910.6016522559228,48453.76930145325,107095.52069553157,false
50,G3_TWC,G3_TWC,[31, 22, 42, 15, 26, 58, 95, 82, 77, 12, 47, 5, 93, 78, 98, 54, 85, 63, 18, 44, 20, 35, 43, 97, 91, 76, 10, 30, 21, 45, 71, 64, 1, 23, 17, 83, 24, 61, 60, 36, 6, 57, 94, 88, 65, 56, 79, 40, 67, 68, 46, 75, 38, 9, 19, 32, 81, 41, 27, 62, 87, 90, 99, 59, 11, 16, 72, 73, 70, 39, 37, 84, 3, 92, 25, 74, 28, 29, 51, 7, 53, 14, 86, 48, 89, 50, 66, 96, 33, 80, 4, 8, 55, 49, 0, 52, 69, 2, 13, 34]|[1, 1, 0, 1, 1, 1, 2, 1, 2, 1, 2, 2, 2, 1, 1, 0, 0, 1, 0, 2, 2, 0, 1, 2, 0, 1, 2, 2, 0, 0, 1, 2, 1, 2, 1, 0, 2, 0, 1, 1, 0, 1, 1, 1, 0, 2, 1, 1, 0, 0, 0, 0, 1, 1, 2, 1, 2, 0, 0, 0, 2, 1, 0, 1, 2, 1, 2, 1, 1, 1, 1, 1, 2, 0, 1, 2, 0, 0, 0, 1, 0, 1, 0, 0, 1, 0, 0, 0, 2, 0, 0, 1, 1, 0, 0, 1, 1, 0, 0, 2]|[4, 3, 2, 2, 0, 0, 2, 2, 2, 4, 1, 1, 2, 4, 4, 1, 1, 4, 2, 1, 1, 1, 1, 2, 1, 2, 1, 1, 1, 1, 3, 2, 3, 0, 4, 0, 1, 1, 0, 3, 2, 2, 4, 0, 1, 1, 3, 2, 0, 1, 2, 2, 1, 4, 0, 3, 2, 1, 1, 2, 1, 3, 1, 1, 1, 3, 0, 4, 3, 1, 4, 1, 1, 2, 4, 1, 2, 1, 1, 3, 2, 3, 1, 1, 1, 1, 1, 1, 1, 1, 2, 3, 4, 1, 2, 1, 3, 2, 2, 1]|[0, 2, 1, 1, 3, 3, 0, 1, 0, 0, 0, 0, 1, 0, 1, 0, 0, 3, 1, 0, 0, 0, 3, 1, 0, 2, 0, 0, 0, 1, 0, 0, 0, 0, 3, 0, 1, 0, 0, 2, 1, 1, 2, 0, 0, 0, 0, 1, 1, 0, 0, 0, 1, 3, 0, 0, 1, 0, 0, 1, 0, 2, 0, 1, 0, 2, 1, 0, 0, 1, 1, 3, 0, 1, 3, 0, 1, 0, 0, 2, 1, 0, 0, 0, 1, 0, 0, 0, 0, 0, 1, 2, 3, 1, 0, 1, 0, 0, 0, 0],802.5281847645216,57652.86795409501,87938.17744329936,false
50,G1_CMAX,G2_TEC,[31, 22, 82, 15, 26, 9, 95, 42, 77, 68, 47, 5, 93, 78, 86, 54, 85, 63, 18, 44, 20, 49, 36, 14, 74, 50, 53, 17, 21, 28, 11, 64, 3, 23, 30, 83, 24, 41, 40, 52, 65, 27, 90, 70, 39, 87, 48, 69, 99, 4, 75, 1, 13, 58, 97, 59, 45, 8, 73, 37, 35, 79, 71, 66, 76, 32, 60, 80, 56, 6, 67, 61, 33, 7, 57, 34, 12, 16, 10, 98, 96, 88, 43, 38, 91, 2, 84, 29, 92, 19, 51, 55, 81, 89, 25, 72, 94, 46, 62, 0]|[2, 1, 2, 1, 1, 2, 1, 1, 1, 1, 1, 0, 2, 2, 1, 2, 0, 0, 0, 2, 2, 1, 0, 2, 0, 2, 2, 1, 0, 1, 1, 1, 0, 0, 1, 0, 2, 1, 2, 2, 0, 0, 1, 1, 0, 2, 0, 2, 1, 0, 0, 2, 0, 0, 2, 0, 1, 1, 0, 0, 2, 1, 1, 2, 2, 0, 2, 2, 2, 1, 2, 1, 1, 2, 0, 1, 1, 2, 1, 2, 0, 1, 1, 0, 1, 0, 0, 1, 0, 1, 1, 0, 1, 1, 1, 1, 2, 0, 1, 2]|[0, 3, 0, 3, 4, 1, 4, 4, 2, 4, 3, 2, 1, 0, 2, 1, 1, 1, 2, 1, 1, 3, 0, 1, 0, 1, 1, 4, 1, 4, 3, 2, 2, 0, 4, 1, 1, 4, 1, 1, 2, 1, 4, 4, 1, 1, 0, 1, 3, 2, 2, 1, 2, 1, 1, 2, 4, 3, 0, 2, 2, 3, 3, 1, 1, 2, 1, 1, 1, 4, 1, 3, 4, 1, 2, 4, 3, 1, 3, 1, 2, 4, 4, 2, 3, 2, 2, 3, 2, 4, 3, 2, 4, 4, 4, 4, 1, 2, 3, 1]|[0, 2, 0, 0, 3, 0, 1, 3, 0, 0, 2, 0, 1, 0, 1, 0, 0, 0, 1, 0, 0, 2, 0, 0, 1, 0, 0, 3, 0, 1, 0, 2, 0, 0, 3, 0, 1, 1, 0, 0, 0, 0, 1, 3, 0, 0, 1, 0, 2, 0, 0, 0, 0, 0, 1, 0, 1, 0, 1, 1, 0, 2, 0, 0, 0, 0, 0, 0, 0, 2, 0, 0, 1, 0, 0, 1, 0, 0, 3, 0, 0, 1, 2, 0, 0, 0, 0, 3, 0, 1, 0, 0, 2, 1, 3, 1, 0, 0, 0, 0],892.2309006783577,49175.95290618759,106430.85583910291,true
50,G4_BALANCED,G4_BALANCED,[31, 11, 15, 82, 26, 9, 95, 32, 77, 68, 47, 5, 93, 78, 86, 54, 85, 63, 18, 44, 20, 49, 36, 14, 74, 50, 53, 17, 21, 45, 71, 64, 3, 23, 30, 83, 24, 41, 60, 52, 65, 27, 90, 70, 39, 87, 48, 69, 99, 4, 46, 1, 13, 58, 97, 59, 28, 75, 73, 37, 35, 79, 22, 66, 76, 42, 40, 80, 96, 6, 16, 61, 33, 7, 57, 34, 12, 67, 10, 98, 56, 88, 29, 94, 91, 38, 51, 92, 43, 84, 19, 72, 81, 25, 0, 55, 62, 89, 8, 2]|[2, 1, 1, 2, 1, 2, 1, 1, 1, 1, 1, 0, 2, 2, 1, 2, 0, 0, 0, 2, 2, 1, 0, 2, 0, 2, 2, 1, 0, 1, 1, 1, 0, 0, 1, 0, 2, 1, 2, 2, 0, 0, 1, 1, 0, 2, 0, 2, 1, 0, 0, 2, 0, 0, 2, 0, 1, 0, 0, 0, 2, 1, 0, 2, 2, 0, 2, 2, 0, 1, 2, 1, 1, 2, 0, 1, 1, 1, 1, 2, 2, 1, 1, 2, 1, 0, 1, 0, 1, 0, 1, 1, 1, 1, 0, 0, 1, 1, 1, 2]|[0, 3, 2, 0, 4, 1, 4, 4, 2, 4, 3, 2, 1, 0, 2, 1, 1, 1, 2, 1, 1, 3, 0, 1, 0, 1, 1, 4, 1, 4, 3, 2, 2, 0, 4, 1, 1, 4, 0, 1, 2, 1, 4, 4, 1, 1, 0, 2, 3, 1, 2, 1, 2, 1, 1, 2, 4, 2, 0, 2, 2, 3, 1, 0, 1, 2, 0, 1, 2, 4, 1, 3, 4, 1, 2, 4, 3, 3, 3, 1, 1, 4, 3, 1, 3, 2, 3, 2, 4, 2, 4, 4, 1, 4, 2, 2, 3, 4, 3, 1]|[0, 2, 1, 0, 3, 0, 1, 3, 0, 0, 2, 0, 1, 0, 1, 0, 0, 0, 1, 0, 0, 2, 0, 0, 1, 0, 0, 3, 0, 1, 0, 2, 0, 1, 3, 0, 1, 3, 1, 0, 0, 0, 1, 3, 0, 0, 1, 0, 2, 0, 0, 0, 0, 0, 1, 0, 1, 0, 1, 1, 0, 2, 0, 0, 0, 0, 0, 0, 0, 2, 0, 0, 1, 0, 0, 1, 0, 0, 3, 0, 0, 1, 0, 0, 0, 0, 0, 0, 2, 0, 3, 2, 1, 3, 0, 0, 0, 1, 0, 0],838.0858887121581,52145.01293281826,108083.60693758915,false
50,G2_TEC,G2_TEC,[31, 94, 82, 15, 26, 9, 95, 42, 77, 68, 47, 5, 93, 78, 86, 54, 85, 63, 18, 44, 20, 49, 36, 14, 74, 50, 53, 17, 21, 28, 11, 64, 3, 23, 30, 83, 24, 41, 40, 52, 65, 27, 90, 70, 39, 87, 48, 69, 99, 4, 46, 1, 13, 56, 97, 59, 45, 8, 73, 37, 35, 79, 71, 66, 76, 32, 60, 80, 58, 6, 67, 61, 33, 7, 57, 34, 12, 16, 10, 98, 96, 88, 43, 81, 91, 2, 84, 29, 92, 19, 51, 55, 89, 75, 25, 72, 22, 38, 62, 0]|[2, 1, 2, 1, 1, 2, 1, 1, 1, 1, 1, 0, 2, 2, 1, 2, 0, 0, 0, 2, 2, 1, 0, 2, 0, 2, 2, 1, 0, 1, 1, 1, 0, 0, 1, 0, 2, 1, 2, 2, 0, 0, 1, 1, 0, 2, 0, 2, 1, 0, 0, 2, 0, 2, 2, 0, 1, 1, 0, 0, 2, 1, 1, 2, 2, 0, 2, 2, 2, 1, 2, 1, 1, 2, 0, 1, 1, 2, 1, 2, 0, 1, 1, 1, 1, 0, 0, 1, 0, 1, 1, 0, 1, 0, 1, 1, 2, 0, 1, 0]|[0, 3, 0, 3, 4, 1, 4, 4, 4, 4, 3, 2, 1, 0, 2, 1, 1, 1, 2, 1, 1, 3, 0, 1, 0, 1, 1, 4, 1, 4, 3, 2, 2, 0, 4, 1, 1, 4, 1, 1, 2, 1, 4, 4, 1, 1, 0, 1, 3, 2, 2, 1, 2, 1, 1, 2, 4, 3, 0, 2, 1, 3, 3, 1, 1, 2, 1, 1, 1, 4, 1, 3, 4, 1, 2, 4, 3, 1, 3, 1, 2, 4, 4, 4, 3, 2, 2, 3, 2, 4, 3, 2, 4, 2, 4, 4, 1, 2, 3, 2]|[0, 2, 0, 0, 3, 0, 1, 3, 1, 0, 2, 0, 1, 0, 1, 0, 0, 0, 1, 0, 0, 2, 0, 0, 1, 0, 0, 3, 0, 1, 0, 2, 0, 0, 3, 0, 1, 1, 0, 0, 0, 0, 1, 3, 0, 0, 1, 0, 2, 0, 0, 0, 0, 0, 1, 0, 1, 0, 1, 1, 0, 2, 0, 0, 0, 0, 0, 0, 0, 2, 0, 0, 1, 0, 0, 1, 0, 0, 3, 0, 0, 1, 2, 2, 0, 0, 0, 3, 0, 1, 0, 0, 1, 0, 3, 1, 0, 0, 0, 0],910.6016522559228,48453.76930145325,107095.52069553157,false
50,G3_TWC,G3_TWC,[31, 22, 42, 15, 26, 58, 95, 82, 77, 12, 47, 5, 93, 78, 98, 54, 85, 63, 18, 44, 20, 35, 43, 97, 91, 76, 10, 30, 21, 45, 71, 64, 1, 23, 17, 83, 24, 61, 60, 36, 6, 57, 94, 88, 65, 56, 79, 40, 67, 68, 46, 75, 38, 9, 19, 32, 81, 41, 27, 62, 87, 90, 99, 59, 11, 16, 72, 73, 70, 39, 37, 84, 3, 92, 25, 74, 28, 29, 51, 7, 53, 14, 86, 48, 89, 50, 66, 96, 33, 80, 4, 8, 55, 49, 0, 52, 69, 2, 13, 34]|[1, 1, 0, 1, 1, 1, 2, 1, 2, 1, 2, 2, 2, 1, 1, 0, 0, 1, 0, 2, 2, 0, 1, 2, 0, 1, 2, 2, 0, 0, 1, 2, 1, 2, 1, 0, 2, 0, 1, 1, 0, 1, 1, 1, 0, 2, 1, 1, 0, 0, 0, 0, 1, 1, 2, 1, 2, 0, 0, 0, 2, 1, 0, 1, 2, 1, 2, 1, 1, 1, 1, 1, 2, 0, 1, 2, 0, 0, 0, 1, 0, 1, 0, 0, 1, 0, 0, 0, 2, 0, 0, 1, 1, 0, 0, 1, 1, 0, 0, 2]|[4, 3, 2, 2, 0, 0, 2, 2, 2, 4, 1, 1, 2, 4, 4, 1, 1, 4, 2, 1, 1, 1, 1, 2, 1, 2, 1, 1, 1, 1, 3, 2, 3, 0, 4, 0, 1, 1, 0, 3, 2, 2, 4, 0, 1, 1, 3, 2, 0, 1, 2, 2, 1, 4, 0, 3, 2, 1, 1, 2, 1, 3, 1, 1, 1, 3, 0, 4, 3, 1, 4, 1, 1, 2, 4, 1, 2, 1, 1, 3, 2, 3, 1, 1, 1, 1, 1, 1, 1, 1, 2, 3, 4, 1, 2, 1, 3, 2, 2, 1]|[0, 2, 1, 1, 3, 3, 0, 1, 0, 0, 0, 0, 1, 0, 1, 0, 0, 3, 1, 0, 0, 0, 3, 1, 0, 2, 0, 0, 0, 1, 0, 0, 0, 0, 3, 0, 1, 0, 0, 2, 1, 1, 2, 0, 0, 0, 0, 1, 1, 0, 0, 0, 1, 3, 0, 0, 1, 0, 0, 1, 0, 2, 0, 1, 0, 2, 1, 0, 0, 1, 1, 3, 0, 1, 3, 0, 1, 0, 0, 2, 1, 0, 0, 0, 1, 0, 0, 0, 0, 0, 1, 2, 3, 1, 0, 1, 0, 0, 0, 0],802.5281847645216,57652.86795409501,87938.17744329936,false
50,G1_CMAX,G3_TWC,[31, 22, 82, 15, 26, 58, 95, 42, 77, 12, 47, 5, 93, 78, 98, 54, 85, 63, 18, 44, 20, 35, 43, 97, 91, 76, 10, 30, 21, 45, 71, 64, 1, 23, 17, 83, 24, 14, 60, 36, 6, 57, 94, 88, 65, 56, 79, 40, 67, 68, 46, 75, 38, 9, 19, 32, 81, 41, 27, 62, 87, 90, 99, 59, 11, 16, 72, 73, 70, 39, 37, 84, 3, 92, 25, 74, 53, 29, 51, 7, 28, 61, 86, 48, 89, 50, 66, 96, 33, 80, 4, 8, 55, 49, 52, 2, 13, 0, 34, 69]|[1, 1, 1, 1, 1, 1, 2, 0, 2, 1, 2, 2, 2, 1, 1, 0, 0, 1, 0, 2, 2, 0, 1, 2, 0, 1, 2, 2, 0, 0, 1, 2, 1, 2, 1, 0, 2, 0, 1, 1, 0, 1, 1, 1, 0, 2, 1, 1, 0, 0, 0, 0, 1, 1, 2, 1, 2, 0, 0, 0, 2, 1, 0, 1, 2, 1, 2, 1, 1, 1, 1, 1, 2, 0, 1, 2, 0, 0, 0, 1, 2, 1, 0, 0, 1, 0, 2, 2, 2, 0, 0, 1, 1, 0, 1, 0, 0, 0, 2, 1]|[4, 3, 2, 2, 0, 0, 2, 2, 2, 4, 1, 1, 2, 4, 4, 1, 1, 4, 2, 1, 1, 1, 1, 2, 1, 2, 1, 1, 1, 1, 3, 2, 3, 1, 4, 0, 2, 1, 0, 3, 2, 2, 4, 0, 1, 1, 0, 2, 0, 1, 2, 2, 1, 4, 0, 3, 2, 1, 1, 2, 1, 3, 1, 1, 1, 3, 0, 4, 3, 1, 4, 1, 1, 2, 4, 1, 2, 1, 1, 3, 1, 3, 1, 1, 1, 1, 1, 1, 1, 1, 2, 3, 4, 1, 1, 2, 2, 2, 1, 3]|[0, 2, 1, 1, 3, 3, 0, 1, 0, 0, 0, 0, 1, 0, 1, 0, 0, 3, 1, 0, 0, 0, 3, 1, 0, 2, 0, 0, 0, 1, 0, 0, 0, 0, 3, 0, 1, 0, 0, 2, 1, 1, 2, 0, 0, 0, 0, 1, 1, 0, 0, 0, 1, 3, 0, 0, 1, 0, 0, 1, 0, 2, 0, 1, 0, 2, 1, 0, 0, 1, 1, 3, 0, 1, 3, 0, 1, 0, 0, 2, 0, 0, 0, 0, 1, 0, 0, 0, 0, 0, 1, 2, 3, 1, 1, 0, 0, 0, 0, 0],759.9613521850492,57535.61712154961,89237.283080549,true
50,G4_BALANCED,G4_BALANCED,[31, 11, 15, 82, 26, 9, 95, 32, 77, 68, 47, 5, 93, 78, 86, 54, 85, 63, 18, 44, 20, 49, 36, 14, 74, 50, 53, 17, 21, 45, 71, 64, 3, 23, 30, 83, 24, 41, 60, 52, 65, 27, 90, 70, 39, 87, 48, 69, 99, 4, 46, 1, 13, 58, 97, 59, 28, 75, 73, 37, 35, 79, 22, 66, 76, 42, 40, 80, 96, 6, 16, 61, 33, 7, 57, 34, 12, 67, 10, 98, 56, 88, 29, 94, 91, 38, 51, 92, 43, 84, 19, 72, 81, 25, 0, 55, 62, 89, 8, 2]|[2, 1, 1, 2, 1, 2, 1, 1, 1, 1, 1, 0, 2, 2, 1, 2, 0, 0, 0, 2, 2, 1, 0, 2, 0, 2, 2, 1, 0, 1, 1, 1, 0, 0, 1, 0, 2, 1, 2, 2, 0, 0, 1, 1, 0, 2, 0, 2, 1, 0, 0, 2, 0, 0, 2, 0, 1, 0, 0, 0, 2, 1, 0, 2, 2, 0, 2, 2, 0, 1, 2, 1, 1, 2, 0, 1, 1, 1, 1, 2, 2, 1, 1, 2, 1, 0, 1, 0, 1, 0, 1, 1, 1, 1, 0, 0, 1, 1, 1, 2]|[0, 3, 2, 0, 4, 1, 4, 4, 2, 4, 3, 2, 1, 0, 2, 1, 1, 1, 2, 1, 1, 3, 0, 1, 0, 1, 1, 4, 1, 4, 3, 2, 2, 0, 4, 1, 1, 4, 0, 1, 2, 1, 4, 4, 1, 1, 0, 2, 3, 1, 2, 1, 2, 1, 1, 2, 4, 2, 0, 2, 2, 3, 1, 0, 1, 2, 0, 1, 2, 4, 1, 3, 4, 1, 2, 4, 3, 3, 3, 1, 1, 4, 3, 1, 3, 2, 3, 2, 4, 2, 4, 4, 1, 4, 2, 2, 3, 4, 3, 1]|[0, 2, 1, 0, 3, 0, 1, 3, 0, 0, 2, 0, 1, 0, 1, 0, 0, 0, 1, 0, 0, 2, 0, 0, 1, 0, 0, 3, 0, 1, 0, 2, 0, 1, 3, 0, 1, 3, 1, 0, 0, 0, 1, 3, 0, 0, 1, 0, 2, 0, 0, 0, 0, 0, 1, 0, 1, 0, 1, 1, 0, 2, 0, 0, 0, 0, 0, 0, 0, 2, 0, 0, 1, 0, 0, 1, 0, 0, 3, 0, 0, 1, 0, 0, 0, 0, 0, 0, 2, 0, 3, 2, 1, 3, 0, 0, 0, 1, 0, 0],838.0858887121581,52145.01293281826,108083.60693758915,false
50,G2_TEC,G2_TEC,[31, 94, 82, 15, 26, 9, 95, 42, 77, 68, 47, 5, 93, 78, 86, 54, 85, 63, 18, 44, 20, 49, 36, 14, 74, 50, 53, 17, 21, 28, 11, 64, 3, 23, 30, 83, 24, 41, 40, 52, 65, 27, 90, 70, 39, 87, 48, 69, 99, 4, 46, 1, 13, 56, 97, 59, 45, 8, 73, 37, 35, 79, 71, 66, 76, 32, 60, 80, 58, 6, 67, 61, 33, 7, 57, 34, 12, 16, 10, 98, 96, 88, 43, 81, 91, 2, 84, 29, 92, 19, 51, 55, 89, 75, 25, 72, 22, 38, 62, 0]|[2, 1, 2, 1, 1, 2, 1, 1, 1, 1, 1, 0, 2, 2, 1, 2, 0, 0, 0, 2, 2, 1, 0, 2, 0, 2, 2, 1, 0, 1, 1, 1, 0, 0, 1, 0, 2, 1, 2, 2, 0, 0, 1, 1, 0, 2, 0, 2, 1, 0, 0, 2, 0, 2, 2, 0, 1, 1, 0, 0, 2, 1, 1, 2, 2, 0, 2, 2, 2, 1, 2, 1, 1, 2, 0, 1, 1, 2, 1, 2, 0, 1, 1, 1, 1, 0, 0, 1, 0, 1, 1, 0, 1, 0, 1, 1, 2, 0, 1, 0]|[0, 3, 0, 3, 4, 1, 4, 4, 4, 4, 3, 2, 1, 0, 2, 1, 1, 1, 2, 1, 1, 3, 0, 1, 0, 1, 1, 4, 1, 4, 3, 2, 2, 0, 4, 1, 1, 4, 1, 1, 2, 1, 4, 4, 1, 1, 0, 1, 3, 2, 2, 1, 2, 1, 1, 2, 4, 3, 0, 2, 1, 3, 3, 1, 1, 2, 1, 1, 1, 4, 1, 3, 4, 1, 2, 4, 3, 1, 3, 1, 2, 4, 4, 4, 3, 2, 2, 3, 2, 4, 3, 2, 4, 2, 4, 4, 1, 2, 3, 2]|[0, 2, 0, 0, 3, 0, 1, 3, 1, 0, 2, 0, 1, 0, 1, 0, 0, 0, 1, 0, 0, 2, 0, 0, 1, 0, 0, 3, 0, 1, 0, 2, 0, 0, 3, 0, 1, 1, 0, 0, 0, 0, 1, 3, 0, 0, 1, 0, 2, 0, 0, 0, 0, 0, 1, 0, 1, 0, 1, 1, 0, 2, 0, 0, 0, 0, 0, 0, 0, 2, 0, 0, 1, 0, 0, 1, 0, 0, 3, 0, 0, 1, 2, 2, 0, 0, 0, 3, 0, 1, 0, 0, 1, 0, 3, 1, 0, 0, 0, 0],910.6016522559228,48453.76930145325,107095.52069553157,false
50,G3_TWC,G3_TWC,[31, 22, 42, 15, 26, 58, 95, 82, 77, 12, 47, 5, 93, 78, 98, 54, 85, 63, 18, 44, 20, 35, 43, 97, 91, 76, 10, 30, 21, 45, 71, 64, 1, 23, 17, 83, 24, 61, 60, 36, 6, 57, 94, 88, 65, 56, 79, 40, 67, 68, 46, 75, 38, 9, 19, 32, 81, 41, 27, 62, 87, 90, 99, 59, 11, 16, 72, 73, 70, 39, 37, 84, 3, 92, 25, 74, 28, 29, 51, 7, 53, 14, 86, 48, 89, 50, 66, 96, 33, 80, 4, 8, 55, 49, 0, 52, 69, 2, 13, 34]|[1, 1, 0, 1, 1, 1, 2, 1, 2, 1, 2, 2, 2, 1, 1, 0, 0, 1, 0, 2, 2, 0, 1, 2, 0, 1, 2, 2, 0, 0, 1, 2, 1, 2, 1, 0, 2, 0, 1, 1, 0, 1, 1, 1, 0, 2, 1, 1, 0, 0, 0, 0, 1, 1, 2, 1, 2, 0, 0, 0, 2, 1, 0, 1, 2, 1, 2, 1, 1, 1, 1, 1, 2, 0, 1, 2, 0, 0, 0, 1, 0, 1, 0, 0, 1, 0, 0, 0, 2, 0, 0, 1, 1, 0, 0, 1, 1, 0, 0, 2]|[4, 3, 2, 2, 0, 0, 2, 2, 2, 4, 1, 1, 2, 4, 4, 1, 1, 4, 2, 1, 1, 1, 1, 2, 1, 2, 1, 1, 1, 1, 3, 2, 3, 0, 4, 0, 1, 1, 0, 3, 2, 2, 4, 0, 1, 1, 3, 2, 0, 1, 2, 2, 1, 4, 0, 3, 2, 1, 1, 2, 1, 3, 1, 1, 1, 3, 0, 4, 3, 1, 4, 1, 1, 2, 4, 1, 2, 1, 1, 3, 2, 3, 1, 1, 1, 1, 1, 1, 1, 1, 2, 3, 4, 1, 2, 1, 3, 2, 2, 1]|[0, 2, 1, 1, 3, 3, 0, 1, 0, 0, 0, 0, 1, 0, 1, 0, 0, 3, 1, 0, 0, 0, 3, 1, 0, 2, 0, 0, 0, 1, 0, 0, 0, 0, 3, 0, 1, 0, 0, 2, 1, 1, 2, 0, 0, 0, 0, 1, 1, 0, 0, 0, 1, 3, 0, 0, 1, 0, 0, 1, 0, 2, 0, 1, 0, 2, 1, 0, 0, 1, 1, 3, 0, 1, 3, 0, 1, 0, 0, 2, 1, 0, 0, 0, 1, 0, 0, 0, 0, 0, 1, 2, 3, 1, 0, 1, 0, 0, 0, 0],802.5281847645216,57652.86795409501,87938.17744329936,false
50,G1_CMAX,G3_TWC,[31, 22, 42, 15, 26, 58, 95, 82, 77, 12, 47, 5, 93, 78, 98, 54, 85, 63, 18, 44, 20, 35, 43, 97, 91, 76, 10, 30, 21, 45, 71, 64, 1, 23, 17, 83, 24, 61, 60, 36, 6, 57, 94, 88, 65, 56, 79, 40, 67, 68, 46, 75, 38, 9, 19, 32, 81, 41, 27, 62, 87, 90, 99, 59, 11, 16, 72, 73, 70, 39, 37, 84, 3, 92, 25, 74, 28, 29, 51, 7, 33, 14, 86, 48, 89, 50, 66, 96, 53, 80, 4, 8, 55, 49, 0, 52, 13, 2, 69, 34]|[1, 1, 0, 1, 1, 1, 2, 1, 2, 1, 2, 2, 2, 1, 1, 0, 0, 1, 0, 2, 2, 0, 1, 2, 0, 1, 2, 2, 0, 0, 1, 2, 1, 2, 1, 0, 2, 0, 1, 1, 0, 1, 1, 1, 0, 2, 1, 1, 0, 0, 0, 0, 1, 1, 2, 1, 2, 0, 0, 0, 2, 1, 0, 1, 2, 1, 2, 1, 1, 1, 1, 1, 2, 0, 1, 2, 0, 0, 0, 1, 2, 1, 0, 0, 1, 0, 0, 2, 0, 0, 0, 1, 1, 0, 0, 1, 0, 0, 1, 2]|[4, 3, 2, 2, 0, 0, 2, 2, 2, 4, 1, 1, 2, 4, 4, 1, 1, 4, 2, 1, 1, 1, 1, 2, 1, 2, 1, 1, 1, 1, 3, 2, 3, 0, 4, 0, 1, 1, 0, 3, 2, 2, 4, 0, 1, 1, 3, 2, 0, 1, 2, 2, 1, 4, 0, 3, 2, 1, 1, 2, 1, 3, 1, 1, 1, 3, 0, 4, 3, 1, 4, 1, 1, 2, 4, 1, 2, 1, 1, 3, 1, 3, 1, 1, 1, 1, 1, 1, 2, 1, 2, 3, 4, 1, 2, 1, 2, 2, 4, 1]|[0, 2, 1, 1, 3, 3, 0, 1, 0, 0, 0, 0, 1, 0, 1, 0, 0, 3, 1, 0, 0, 0, 3, 1, 0, 2, 0, 0, 0, 1, 0, 0, 0, 0, 3, 0, 1, 0, 0, 2, 1, 1, 2, 0, 0, 0, 0, 1, 1, 0, 0, 0, 1, 3, 0, 0, 1, 0, 0, 1, 0, 2, 0, 1, 0, 2, 1, 0, 0, 1, 1, 3, 0, 1, 3, 0, 1, 0, 0, 2, 0, 0, 0, 0, 1, 0, 0, 0, 1, 0, 1, 2, 3, 1, 0, 1, 0, 0, 2, 0],788.9239406038722,57579.63296604789,88724.05875018504,true
50,G4_BALANCED,G4_BALANCED,[31, 11, 15, 82, 26, 9, 95, 32, 77, 68, 47, 5, 93, 78, 86, 54, 85, 63, 18, 44, 20, 49, 36, 14, 74, 50, 53, 17, 21, 45, 71, 64, 3, 23, 30, 83, 24, 41, 60, 52, 65, 27, 90, 70, 39, 87, 48, 69, 99, 4, 46, 1, 13, 58, 97, 59, 28, 75, 73, 37, 35, 79, 22, 66, 76, 42, 40, 80, 96, 6, 16, 61, 33, 7, 57, 34, 12, 67, 10, 98, 56, 88, 29, 94, 91, 38, 51, 92, 43, 84, 19, 72, 81, 25, 0, 55, 62, 89, 8, 2]|[2, 1, 1, 2, 1, 2, 1, 1, 1, 1, 1, 0, 2, 2, 1, 2, 0, 0, 0, 2, 2, 1, 0, 2, 0, 2, 2, 1, 0, 1, 1, 1, 0, 0, 1, 0, 2, 1, 2, 2, 0, 0, 1, 1, 0, 2, 0, 2, 1, 0, 0, 2, 0, 0, 2, 0, 1, 0, 0, 0, 2, 1, 0, 2, 2, 0, 2, 2, 0, 1, 2, 1, 1, 2, 0, 1, 1, 1, 1, 2, 2, 1, 1, 2, 1, 0, 1, 0, 1, 0, 1, 1, 1, 1, 0, 0, 1, 1, 1, 2]|[0, 3, 2, 0, 4, 1, 4, 4, 2, 4, 3, 2, 1, 0, 2, 1, 1, 1, 2, 1, 1, 3, 0, 1, 0, 1, 1, 4, 1, 4, 3, 2, 2, 0, 4, 1, 1, 4, 0, 1, 2, 1, 4, 4, 1, 1, 0, 2, 3, 1, 2, 1, 2, 1, 1, 2, 4, 2, 0, 2, 2, 3, 1, 0, 1, 2, 0, 1, 2, 4, 1, 3, 4, 1, 2, 4, 3, 3, 3, 1, 1, 4, 3, 1, 3, 2, 3, 2, 4, 2, 4, 4, 1, 4, 2, 2, 3, 4, 3, 1]|[0, 2, 1, 0, 3, 0, 1, 3, 0, 0, 2, 0, 1, 0, 1, 0, 0, 0, 1, 0, 0, 2, 0, 0, 1, 0, 0, 3, 0, 1, 0, 2, 0, 1, 3, 0, 1, 3, 1, 0, 0, 0, 1, 3, 0, 0, 1, 0, 2, 0, 0, 0, 0, 0, 1, 0, 1, 0, 1, 1, 0, 2, 0, 0, 0, 0, 0, 0, 0, 2, 0, 0, 1, 0, 0, 1, 0, 0, 3, 0, 0, 1, 0, 0, 0, 0, 0, 0, 2, 0, 3, 2, 1, 3, 0, 0, 0, 1, 0, 0],838.0858887121581,52145.01293281826,108083.60693758915,false
50,G2_TEC,G2_TEC,[31, 94, 82, 15, 26, 9, 95, 42, 77, 68, 47, 5, 93, 78, 86, 54, 85, 63, 18, 44, 20, 49, 36, 14, 74, 50, 53, 17, 21, 28, 11, 64, 3, 23, 30, 83, 24, 41, 40, 52, 65, 27, 90, 70, 39, 87, 48, 69, 99, 4, 46, 1, 13, 56, 97, 59, 45, 8, 73, 37, 35, 79, 71, 66, 76, 32, 60, 80, 58, 6, 67, 61, 33, 7, 57, 34, 12, 16, 10, 98, 96, 88, 43, 81, 91, 2, 84, 29, 92, 19, 51, 55, 89, 75, 25, 72, 22, 38, 62, 0]|[2, 1, 2, 1, 1, 2, 1, 1, 1, 1, 1, 0, 2, 2, 1, 2, 0, 0, 0, 2, 2, 1, 0, 2, 0, 2, 2, 1, 0, 1, 1, 1, 0, 0, 1, 0, 2, 1, 2, 2, 0, 0, 1, 1, 0, 2, 0, 2, 1, 0, 0, 2, 0, 2, 2, 0, 1, 1, 0, 0, 2, 1, 1, 2, 2, 0, 2, 2, 2, 1, 2, 1, 1, 2, 0, 1, 1, 2, 1, 2, 0, 1, 1, 1, 1, 0, 0, 1, 0, 1, 1, 0, 1, 0, 1, 1, 2, 0, 1, 0]|[0, 3, 0, 3, 4, 1, 4, 4, 4, 4, 3, 2, 1, 0, 2, 1, 1, 1, 2, 1, 1, 3, 0, 1, 0, 1, 1, 4, 1, 4, 3, 2, 2, 0, 4, 1, 1, 4, 1, 1, 2, 1, 4, 4, 1, 1, 0, 1, 3, 2, 2, 1, 2, 1, 1, 2, 4, 3, 0, 2, 1, 3, 3, 1, 1, 2, 1, 1, 1, 4, 1, 3, 4, 1, 2, 4, 3, 1, 3, 1, 2, 4, 4, 4, 3, 2, 2, 3, 2, 4, 3, 2, 4, 2, 4, 4, 1, 2, 3, 2]|[0, 2, 0, 0, 3, 0, 1, 3, 1, 0, 2, 0, 1, 0, 1, 0, 0, 0, 1, 0, 0, 2, 0, 0, 1, 0, 0, 3, 0, 1, 0, 2, 0, 0, 3, 0, 1, 1, 0, 0, 0, 0, 1, 3, 0, 0, 1, 0, 2, 0, 0, 0, 0, 0, 1, 0, 1, 0, 1, 1, 0, 2, 0, 0, 0, 0, 0, 0, 0, 2, 0, 0, 1, 0, 0, 1, 0, 0, 3, 0, 0, 1, 2, 2, 0, 0, 0, 3, 0, 1, 0, 0, 1, 0, 3, 1, 0, 0, 0, 0],910.6016522559228,48453.76930145325,107095.52069553157,false
50,G3_TWC,G3_TWC,[31, 22, 42, 15, 26, 58, 95, 82, 77, 12, 47, 5, 93, 78, 98, 54, 85, 63, 18, 44, 20, 35, 43, 97, 91, 76, 10, 30, 21, 45, 71, 64, 1, 23, 17, 83, 24, 61, 60, 36, 6, 57, 94, 88, 65, 56, 79, 40, 67, 68, 46, 75, 38, 9, 19, 32, 81, 41, 27, 62, 87, 90, 99, 59, 11, 16, 72, 73, 70, 39, 37, 84, 3, 92, 25, 74, 28, 29, 51, 7, 53, 14, 86, 48, 89, 50, 66, 96, 33, 80, 4, 8, 55, 49, 0, 52, 69, 2, 13, 34]|[1, 1, 0, 1, 1, 1, 2, 1, 2, 1, 2, 2, 2, 1, 1, 0, 0, 1, 0, 2, 2, 0, 1, 2, 0, 1, 2, 2, 0, 0, 1, 2, 1, 2, 1, 0, 2, 0, 1, 1, 0, 1, 1, 1, 0, 2, 1, 1, 0, 0, 0, 0, 1, 1, 2, 1, 2, 0, 0, 0, 2, 1, 0, 1, 2, 1, 2, 1, 1, 1, 1, 1, 2, 0, 1, 2, 0, 0, 0, 1, 0, 1, 0, 0, 1, 0, 0, 0, 2, 0, 0, 1, 1, 0, 0, 1, 1, 0, 0, 2]|[4, 3, 2, 2, 0, 0, 2, 2, 2, 4, 1, 1, 2, 4, 4, 1, 1, 4, 2, 1, 1, 1, 1, 2, 1, 2, 1, 1, 1, 1, 3, 2, 3, 0, 4, 0, 1, 1, 0, 3, 2, 2, 4, 0, 1, 1, 3, 2, 0, 1, 2, 2, 1, 4, 0, 3, 2, 1, 1, 2, 1, 3, 1, 1, 1, 3, 0, 4, 3, 1, 4, 1, 1, 2, 4, 1, 2, 1, 1, 3, 2, 3, 1, 1, 1, 1, 1, 1, 1, 1, 2, 3, 4, 1, 2, 1, 3, 2, 2, 1]|[0, 2, 1, 1, 3, 3, 0, 1, 0, 0, 0, 0, 1, 0, 1, 0, 0, 3, 1, 0, 0, 0, 3, 1, 0, 2, 0, 0, 0, 1, 0, 0, 0, 0, 3, 0, 1, 0, 0, 2, 1, 1, 2, 0, 0, 0, 0, 1, 1, 0, 0, 0, 1, 3, 0, 0, 1, 0, 0, 1, 0, 2, 0, 1, 0, 2, 1, 0, 0, 1, 1, 3, 0, 1, 3, 0, 1, 0, 0, 2, 1, 0, 0, 0, 1, 0, 0, 0, 0, 0, 1, 2, 3, 1, 0, 1, 0, 0, 0, 0],802.5281847645216,57652.86795409501,87938.17744329936,false
50,G1_CMAX,G3_TWC,[31, 22, 42, 15, 26, 58, 95, 82, 77, 12, 47, 5, 93, 78, 98, 54, 85, 63, 18, 44, 20, 35, 43, 97, 91, 76, 10, 30, 21, 45, 71, 64, 1, 23, 17, 83, 24, 14, 60, 36, 6, 57, 94, 88, 65, 56, 79, 40, 67, 68, 46, 75, 38, 9, 19, 32, 81, 41, 27, 62, 87, 90, 99, 59, 53, 16, 72, 73, 70, 39, 37, 84, 3, 92, 25, 7, 28, 29, 51, 55, 11, 61, 86, 48, 89, 50, 66, 96, 33, 80, 4, 8, 74, 49, 0, 52, 13, 2, 69, 34]|[1, 1, 0, 1, 1, 1, 2, 1, 2, 1, 2, 2, 2, 1, 1, 0, 0, 1, 0, 2, 2, 0, 1, 2, 0, 1, 2, 2, 0, 0, 1, 2, 1, 2, 1, 0, 2, 0, 1, 1, 0, 1, 1, 1, 0, 2, 1, 1, 0, 0, 0, 0, 1, 1, 2, 1, 2, 2, 0, 0, 2, 1, 0, 1, 0, 1, 2, 1, 1, 1, 1, 1, 2, 0, 1, 1, 0, 0, 0, 1, 2, 1, 0, 0, 1, 0, 2, 0, 2, 0, 0, 1, 2, 0, 0, 1, 0, 0, 1, 2]|[4, 3, 2, 2, 0, 0, 2, 2, 2, 4, 1, 1, 2, 4, 4, 1, 1, 4, 2, 1, 1, 1, 1, 2, 1, 2, 1, 1, 1, 1, 3, 2, 3, 0, 4, 0, 1, 1, 0, 3, 2, 2, 4, 0, 1, 1, 0, 2, 0, 1, 2, 2, 1, 4, 0, 3, 2, 1, 1, 2, 1, 3, 1, 1, 2, 3, 0, 4, 3, 1, 4, 1, 1, 2, 4, 3, 2, 1, 1, 4, 1, 3, 1, 1, 1, 1, 1, 1, 1, 1, 2, 3, 1, 1, 2, 1, 2, 2, 3, 1]|[0, 2, 1, 1, 3, 3, 0, 1, 0, 0, 0, 0, 1, 0, 1, 0, 0, 3, 1, 0, 0, 0, 3, 1, 0, 2, 0, 0, 0, 1, 0, 0, 0, 0, 3, 0, 1, 0, 0, 2, 1, 1, 2, 0, 0, 0, 0, 1, 1, 0, 0, 0, 1, 3, 0, 0, 1, 0, 0, 1, 0, 2, 0, 1, 1, 2, 1, 0, 0, 1, 1, 3, 0, 1, 3, 2, 1, 0, 0, 3, 0, 0, 0, 0, 1, 0, 0, 0, 0, 0, 1, 2, 0, 1, 0, 1, 0, 0, 0, 0],788.608148201462,57472.30786640056,89069.2579726137,true
50,G4_BALANCED,G4_BALANCED,[31, 11, 15, 82, 26, 9, 95, 32, 77, 68, 47, 5, 93, 78, 86, 54, 85, 63, 18, 44, 20, 49, 36, 14, 74, 50, 53, 17, 21, 45, 71, 64, 3, 23, 30, 83, 24, 41, 60, 52, 65, 27, 90, 70, 39, 87, 48, 69, 99, 4, 46, 1, 13, 58, 97, 59, 28, 75, 73, 37, 35, 79, 22, 66, 76, 42, 40, 80, 96, 6, 16, 61, 33, 7, 57, 34, 12, 67, 10, 98, 56, 88, 29, 94, 91, 38, 51, 92, 43, 84, 19, 72, 81, 25, 0, 55, 62, 89, 8, 2]|[2, 1, 1, 2, 1, 2, 1, 1, 1, 1, 1, 0, 2, 2, 1, 2, 0, 0, 0, 2, 2, 1, 0, 2, 0, 2, 2, 1, 0, 1, 1, 1, 0, 0, 1, 0, 2, 1, 2, 2, 0, 0, 1, 1, 0, 2, 0, 2, 1, 0, 0, 2, 0, 0, 2, 0, 1, 0, 0, 0, 2, 1, 0, 2, 2, 0, 2, 2, 0, 1, 2, 1, 1, 2, 0, 1, 1, 1, 1, 2, 2, 1, 1, 2, 1, 0, 1, 0, 1, 0, 1, 1, 1, 1, 0, 0, 1, 1, 1, 2]|[0, 3, 2, 0, 4, 1, 4, 4, 2, 4, 3, 2, 1, 0, 2, 1, 1, 1, 2, 1, 1, 3, 0, 1, 0, 1, 1, 4, 1, 4, 3, 2, 2, 0, 4, 1, 1, 4, 0, 1, 2, 1, 4, 4, 1, 1, 0, 2, 3, 1, 2, 1, 2, 1, 1, 2, 4, 2, 0, 2, 2, 3, 1, 0, 1, 2, 0, 1, 2, 4, 1, 3, 4, 1, 2, 4, 3, 3, 3, 1, 1, 4, 3, 1, 3, 2, 3, 2, 4, 2, 4, 4, 1, 4, 2, 2, 3, 4, 3, 1]|[0, 2, 1, 0, 3, 0, 1, 3, 0, 0, 2, 0, 1, 0, 1, 0, 0, 0, 1, 0, 0, 2, 0, 0, 1, 0, 0, 3, 0, 1, 0, 2, 0, 1, 3, 0, 1, 3, 1, 0, 0, 0, 1, 3, 0, 0, 1, 0, 2, 0, 0, 0, 0, 0, 1, 0, 1, 0, 1, 1, 0, 2, 0, 0, 0, 0, 0, 0, 0, 2, 0, 0, 1, 0, 0, 1, 0, 0, 3, 0, 0, 1, 0, 0, 0, 0, 0, 0, 2, 0, 3, 2, 1, 3, 0, 0, 0, 1, 0, 0],838.0858887121581,52145.01293281826,108083.60693758915,false
50,G2_TEC,G2_TEC,[31, 94, 82, 15, 26, 9, 95, 42, 77, 68, 47, 5, 93, 78, 86, 54, 85, 63, 18, 44, 20, 49, 36, 14, 74, 50, 53, 17, 21, 28, 11, 64, 3, 23, 30, 83, 24, 41, 40, 52, 65, 27, 90, 70, 39, 87, 48, 69, 99, 4, 46, 1, 13, 56, 97, 59, 45, 8, 73, 37, 35, 79, 71, 66, 76, 32, 60, 80, 58, 6, 67, 61, 33, 7, 57, 34, 12, 16, 10, 98, 96, 88, 43, 81, 91, 2, 84, 29, 92, 19, 51, 55, 89, 75, 25, 72, 22, 38, 62, 0]|[2, 1, 2, 1, 1, 2, 1, 1, 1, 1, 1, 0, 2, 2, 1, 2, 0, 0, 0, 2, 2, 1, 0, 2, 0, 2, 2, 1, 0, 1, 1, 1, 0, 0, 1, 0, 2, 1, 2, 2, 0, 0, 1, 1, 0, 2, 0, 2, 1, 0, 0, 2, 0, 2, 2, 0, 1, 1, 0, 0, 2, 1, 1, 2, 2, 0, 2, 2, 2, 1, 2, 1, 1, 2, 0, 1, 1, 2, 1, 2, 0, 1, 1, 1, 1, 0, 0, 1, 0, 1, 1, 0, 1, 0, 1, 1, 2, 0, 1, 0]|[0, 3, 0, 3, 4, 1, 4, 4, 4, 4, 3, 2, 1, 0, 2, 1, 1, 1, 2, 1, 1, 3, 0, 1, 0, 1, 1, 4, 1, 4, 3, 2, 2, 0, 4, 1, 1, 4, 1, 1, 2, 1, 4, 4, 1, 1, 0, 1, 3, 2, 2, 1, 2, 1, 1, 2, 4, 3, 0, 2, 1, 3, 3, 1, 1, 2, 1, 1, 1, 4, 1, 3, 4, 1, 2, 4, 3, 1, 3, 1, 2, 4, 4, 4, 3, 2, 2, 3, 2, 4, 3, 2, 4, 2, 4, 4, 1, 2, 3, 2]|[0, 2, 0, 0, 3, 0, 1, 3, 1, 0, 2, 0, 1, 0, 1, 0, 0, 0, 1, 0, 0, 2, 0, 0, 1, 0, 0, 3, 0, 1, 0, 2, 0, 0, 3, 0, 1, 1, 0, 0, 0, 0, 1, 3, 0, 0, 1, 0, 2, 0, 0, 0, 0, 0, 1, 0, 1, 0, 1, 1, 0, 2, 0, 0, 0, 0, 0, 0, 0, 2, 0, 0, 1, 0, 0, 1, 0, 0, 3, 0, 0, 1, 2, 2, 0, 0, 0, 3, 0, 1, 0, 0, 1, 0, 3, 1, 0, 0, 0, 0],910.6016522559228,48453.76930145325,107095.52069553157,false
50,G3_TWC,G3_TWC,[31, 22, 42, 15, 26, 58, 95, 82, 77, 12, 47, 5, 93, 78, 98, 54, 85, 63, 18, 44, 20, 35, 43, 97, 91, 76, 10, 30, 21, 45, 71, 64, 1, 23, 17, 83, 24, 61, 60, 36, 6, 57, 94, 88, 65, 56, 79, 40, 67, 68, 46, 75, 38, 9, 19, 32, 81, 41, 27, 62, 87, 90, 99, 59, 11, 16, 72, 73, 70, 39, 37, 84, 3, 92, 25, 74, 28, 29, 51, 7, 53, 14, 86, 48, 89, 50, 66, 96, 33, 80, 4, 8, 55, 49, 0, 52, 69, 2, 13, 34]|[1, 1, 0, 1, 1, 1, 2, 1, 2, 1, 2, 2, 2, 1, 1, 0, 0, 1, 0, 2, 2, 0, 1, 2, 0, 1, 2, 2, 0, 0, 1, 2, 1, 2, 1, 0, 2, 0, 1, 1, 0, 1, 1, 1, 0, 2, 1, 1, 0, 0, 0, 0, 1, 1, 2, 1, 2, 0, 0, 0, 2, 1, 0, 1, 2, 1, 2, 1, 1, 1, 1, 1, 2, 0, 1, 2, 0, 0, 0, 1, 0, 1, 0, 0, 1, 0, 0, 0, 2, 0, 0, 1, 1, 0, 0, 1, 1, 0, 0, 2]|[4, 3, 2, 2, 0, 0, 2, 2, 2, 4, 1, 1, 2, 4, 4, 1, 1, 4, 2, 1, 1, 1, 1, 2, 1, 2, 1, 1, 1, 1, 3, 2, 3, 0, 4, 0, 1, 1, 0, 3, 2, 2, 4, 0, 1, 1, 3, 2, 0, 1, 2, 2, 1, 4, 0, 3, 2, 1, 1, 2, 1, 3, 1, 1, 1, 3, 0, 4, 3, 1, 4, 1, 1, 2, 4, 1, 2, 1, 1, 3, 2, 3, 1, 1, 1, 1, 1, 1, 1, 1, 2, 3, 4, 1, 2, 1, 3, 2, 2, 1]|[0, 2, 1, 1, 3, 3, 0, 1, 0, 0, 0, 0, 1, 0, 1, 0, 0, 3, 1, 0, 0, 0, 3, 1, 0, 2, 0, 0, 0, 1, 0, 0, 0, 0, 3, 0, 1, 0, 0, 2, 1, 1, 2, 0, 0, 0, 0, 1, 1, 0, 0, 0, 1, 3, 0, 0, 1, 0, 0, 1, 0, 2, 0, 1, 0, 2, 1, 0, 0, 1, 1, 3, 0, 1, 3, 0, 1, 0, 0, 2, 1, 0, 0, 0, 1, 0, 0, 0, 0, 0, 1, 2, 3, 1, 0, 1, 0, 0, 0, 0],802.5281847645216,57652.86795409501,87938.17744329936,false
50,G1_CMAX,G3_TWC,[31, 22, 82, 15, 26, 58, 95, 66, 77, 12, 47, 5, 93, 78, 98, 54, 85, 63, 18, 44, 20, 35, 43, 86, 91, 76, 10, 30, 21, 45, 71, 64, 1, 23, 17, 83, 24, 14, 60, 36, 6, 57, 94, 88, 65, 56, 79, 40, 67, 68, 46, 75, 39, 9, 19, 32, 81, 96, 27, 62, 87, 90, 99, 59, 11, 16, 72, 73, 70, 38, 37, 84, 3, 92, 25, 55, 28, 29, 51, 7, 33, 61, 97, 48, 89, 50, 42, 41, 53, 80, 4, 8, 34, 49, 52, 0, 13, 2, 69, 74]|[1, 1, 0, 1, 1, 1, 2, 1, 2, 1, 2, 2, 2, 1, 1, 0, 0, 1, 0, 2, 2, 0, 1, 2, 0, 1, 2, 2, 0, 0, 1, 2, 1, 2, 1, 0, 2, 0, 1, 1, 0, 1, 1, 1, 0, 2, 1, 1, 0, 0, 0, 0, 1, 1, 2, 1, 2, 0, 0, 0, 2, 1, 0, 1, 2, 1, 2, 1, 1, 1, 1, 1, 2, 0, 1, 1, 0, 0, 0, 1, 2, 1, 2, 0, 1, 0, 2, 0, 0, 0, 0, 1, 2, 0, 1, 0, 0, 0, 1, 2]|[4, 3, 2, 2, 0, 0, 2, 2, 2, 4, 1, 1, 2, 4, 4, 1, 1, 4, 2, 1, 1, 1, 1, 2, 1, 2, 1, 1, 1, 1, 3, 2, 3, 0, 4, 0, 1, 1, 0, 3, 2, 2, 4, 0, 1, 1, 0, 2, 0, 1, 2, 2, 1, 4, 0, 3, 2, 1, 1, 2, 1, 3, 1, 1, 1, 3, 0, 4, 3, 1, 4, 1, 1, 2, 4, 4, 2, 1, 1, 3, 1, 3, 2, 1, 1, 1, 1, 1, 2, 1, 2, 3, 1, 1, 1, 2, 2, 2, 3, 1]|[0, 2, 1, 1, 3, 3, 0, 1, 0, 0, 0, 0, 1, 0, 1, 0, 0, 3, 1, 0, 0, 0, 3, 1, 0, 2, 0, 0, 0, 1, 0, 0, 0, 0, 3, 0, 1, 0, 0, 2, 1, 1, 2, 0, 0, 0, 0, 1, 1, 0, 0, 0, 1, 3, 0, 0, 1, 0, 0, 1, 0, 2, 0, 1, 0, 2, 1, 0, 0, 1, 1, 3, 0, 1, 3, 3, 1, 0, 0, 2, 0, 0, 1, 0, 1, 0, 0, 0, 1, 0, 1, 2, 0, 1, 1, 0, 0, 0, 0, 0],777.0039911177811,58346.453128171604,88848.23282716906,true
50,G4_BALANCED,G4_BALANCED,[31, 11, 15, 82, 26, 9, 95, 32, 77, 68, 47, 5, 93, 78, 86, 54, 85, 63, 18, 44, 20, 49, 36, 14, 74, 50, 53, 17, 21, 45, 71, 64, 3, 23, 30, 83, 24, 41, 60, 52, 65, 27, 90, 70, 39, 87, 48, 69, 99, 4, 46, 1, 13, 58, 97, 59, 28, 75, 73, 37, 35, 79, 22, 66, 76, 42, 40, 80, 96, 6, 16, 61, 33, 7, 57, 34, 12, 67, 10, 98, 56, 88, 29, 94, 91, 38, 51, 92, 43, 84, 19, 72, 81, 25, 0, 55, 62, 89, 8, 2]|[2, 1, 1, 2, 1, 2, 1, 1, 1, 1, 1, 0, 2, 2, 1, 2, 0, 0, 0, 2, 2, 1, 0, 2, 0, 2, 2, 1, 0, 1, 1, 1, 0, 0, 1, 0, 2, 1, 2, 2, 0, 0, 1, 1, 0, 2, 0, 2, 1, 0, 0, 2, 0, 0, 2, 0, 1, 0, 0, 0, 2, 1, 0, 2, 2, 0, 2, 2, 0, 1, 2, 1, 1, 2, 0, 1, 1, 1, 1, 2, 2, 1, 1, 2, 1, 0, 1, 0, 1, 0, 1, 1, 1, 1, 0, 0, 1, 1, 1, 2]|[0, 3, 2, 0, 4, 1, 4, 4, 2, 4, 3, 2, 1, 0, 2, 1, 1, 1, 2, 1, 1, 3, 0, 1, 0, 1, 1, 4, 1, 4, 3, 2, 2, 0, 4, 1, 1, 4, 0, 1, 2, 1, 4, 4, 1, 1, 0, 2, 3, 1, 2, 1, 2, 1, 1, 2, 4, 2, 0, 2, 2, 3, 1, 0, 1, 2, 0, 1, 2, 4, 1, 3, 4, 1, 2, 4, 3, 3, 3, 1, 1, 4, 3, 1, 3, 2, 3, 2, 4, 2, 4, 4, 1, 4, 2, 2, 3, 4, 3, 1]|[0, 2, 1, 0, 3, 0, 1, 3, 0, 0, 2, 0, 1, 0, 1, 0, 0, 0, 1, 0, 0, 2, 0, 0, 1, 0, 0, 3, 0, 1, 0, 2, 0, 1, 3, 0, 1, 3, 1, 0, 0, 0, 1, 3, 0, 0, 1, 0, 2, 0, 0, 0, 0, 0, 1, 0, 1, 0, 1, 1, 0, 2, 0, 0, 0, 0, 0, 0, 0, 2, 0, 0, 1, 0, 0, 1, 0, 0, 3, 0, 0, 1, 0, 0, 0, 0, 0, 0, 2, 0, 3, 2, 1, 3, 0, 0, 0, 1, 0, 0],838.0858887121581,52145.01293281826,108083.60693758915,false
50,G2_TEC,G2_TEC,[31, 94, 82, 15, 26, 9, 95, 42, 77, 68, 47, 5, 93, 78, 86, 54, 85, 63, 18, 44, 20, 49, 36, 14, 74, 50, 53, 17, 21, 28, 11, 64, 3, 23, 30, 83, 24, 41, 40, 52, 65, 27, 90, 70, 39, 87, 48, 69, 99, 4, 46, 1, 13, 56, 97, 59, 45, 8, 73, 37, 35, 79, 71, 66, 76, 32, 60, 80, 58, 6, 67, 61, 33, 7, 57, 34, 12, 16, 10, 98, 96, 88, 43, 81, 91, 2, 84, 29, 92, 19, 51, 55, 89, 75, 25, 72, 22, 38, 62, 0]|[2, 1, 2, 1, 1, 2, 1, 1, 1, 1, 1, 0, 2, 2, 1, 2, 0, 0, 0, 2, 2, 1, 0, 2, 0, 2, 2, 1, 0, 1, 1, 1, 0, 0, 1, 0, 2, 1, 2, 2, 0, 0, 1, 1, 0, 2, 0, 2, 1, 0, 0, 2, 0, 2, 2, 0, 1, 1, 0, 0, 2, 1, 1, 2, 2, 0, 2, 2, 2, 1, 2, 1, 1, 2, 0, 1, 1, 2, 1, 2, 0, 1, 1, 1, 1, 0, 0, 1, 0, 1, 1, 0, 1, 0, 1, 1, 2, 0, 1, 0]|[0, 3, 0, 3, 4, 1, 4, 4, 4, 4, 3, 2, 1, 0, 2, 1, 1, 1, 2, 1, 1, 3, 0, 1, 0, 1, 1, 4, 1, 4, 3, 2, 2, 0, 4, 1, 1, 4, 1, 1, 2, 1, 4, 4, 1, 1, 0, 1, 3, 2, 2, 1, 2, 1, 1, 2, 4, 3, 0, 2, 1, 3, 3, 1, 1, 2, 1, 1, 1, 4, 1, 3, 4, 1, 2, 4, 3, 1, 3, 1, 2, 4, 4, 4, 3, 2, 2, 3, 2, 4, 3, 2, 4, 2, 4, 4, 1, 2, 3, 2]|[0, 2, 0, 0, 3, 0, 1, 3, 1, 0, 2, 0, 1, 0, 1, 0, 0, 0, 1, 0, 0, 2, 0, 0, 1, 0, 0, 3, 0, 1, 0, 2, 0, 0, 3, 0, 1, 1, 0, 0, 0, 0, 1, 3, 0, 0, 1, 0, 2, 0, 0, 0, 0, 0, 1, 0, 1, 0, 1, 1, 0, 2, 0, 0, 0, 0, 0, 0, 0, 2, 0, 0, 1, 0, 0, 1, 0, 0, 3, 0, 0, 1, 2, 2, 0, 0, 0, 3, 0, 1, 0, 0, 1, 0, 3, 1, 0, 0, 0, 0],910.6016522559228,48453.76930145325,107095.52069553157,false
50,G3_TWC,G3_TWC,[31, 22, 42, 15, 26, 58, 95, 82, 77, 12, 47, 5, 93, 78, 98, 54, 85, 63, 18, 44, 20, 35, 43, 97, 91, 76, 10, 30, 21, 45, 71, 64, 1, 23, 17, 83, 24, 61, 60, 36, 6, 57, 94, 88, 65, 56, 79, 40, 67, 68, 46, 75, 38, 9, 19, 32, 81, 41, 27, 62, 87, 90, 99, 59, 11, 16, 72, 73, 70, 39, 37, 84, 3, 92, 25, 74, 28, 29, 51, 7, 53, 14, 86, 48, 89, 50, 66, 96, 33, 80, 4, 8, 55, 49, 0, 52, 69, 2, 13, 34]|[1, 1, 0, 1, 1, 1, 2, 1, 2, 1, 2, 2, 2, 1, 1, 0, 0, 1, 0, 2, 2, 0, 1, 2, 0, 1, 2, 2, 0, 0, 1, 2, 1, 2, 1, 0, 2, 0, 1, 1, 0, 1, 1, 1, 0, 2, 1, 1, 0, 0, 0, 0, 1, 1, 2, 1, 2, 0, 0, 0, 2, 1, 0, 1, 2, 1, 2, 1, 1, 1, 1, 1, 2, 0, 1, 2, 0, 0, 0, 1, 0, 1, 0, 0, 1, 0, 0, 0, 2, 0, 0, 1, 1, 0, 0, 1, 1, 0, 0, 2]|[4, 3, 2, 2, 0, 0, 2, 2, 2, 4, 1, 1, 2, 4, 4, 1, 1, 4, 2, 1, 1, 1, 1, 2, 1, 2, 1, 1, 1, 1, 3, 2, 3, 0, 4, 0, 1, 1, 0, 3, 2, 2, 4, 0, 1, 1, 3, 2, 0, 1, 2, 2, 1, 4, 0, 3, 2, 1, 1, 2, 1, 3, 1, 1, 1, 3, 0, 4, 3, 1, 4, 1, 1, 2, 4, 1, 2, 1, 1, 3, 2, 3, 1, 1, 1, 1, 1, 1, 1, 1, 2, 3, 4, 1, 2, 1, 3, 2, 2, 1]|[0, 2, 1, 1, 3, 3, 0, 1, 0, 0, 0, 0, 1, 0, 1, 0, 0, 3, 1, 0, 0, 0, 3, 1, 0, 2, 0, 0, 0, 1, 0, 0, 0, 0, 3, 0, 1, 0, 0, 2, 1, 1, 2, 0, 0, 0, 0, 1, 1, 0, 0, 0, 1, 3, 0, 0, 1, 0, 0, 1, 0, 2, 0, 1, 0, 2, 1, 0, 0, 1, 1, 3, 0, 1, 3, 0, 1, 0, 0, 2, 1, 0, 0, 0, 1, 0, 0, 0, 0, 0, 1, 2, 3, 1, 0, 1, 0, 0, 0, 0],802.5281847645216,57652.86795409501,87938.17744329936,false
50,G1_CMAX,G4_BALANCED,[31, 22, 82, 15, 26, 58, 95, 42, 77, 12, 47, 5, 93, 78, 86, 54, 85, 63, 18, 44, 20, 35, 43, 97, 91, 76, 10, 30, 21, 45, 71, 64, 1, 23, 17, 83, 24, 14, 60, 36, 6, 57, 40, 88, 65, 56, 79, 94, 67, 68, 46, 75, 38, 9, 19, 32, 81, 41, 27, 62, 87, 90, 99, 59, 11, 16, 72, 73, 70, 39, 37, 84, 3, 92, 34, 55, 28, 29, 51, 7, 33, 61, 98, 48, 89, 50, 66, 96, 53, 80, 4, 8, 25, 13, 52, 2, 74, 0, 49, 69]|[1, 1, 0, 1, 1, 0, 1, 2, 2, 1, 2, 2, 2, 1, 1, 0, 0, 1, 0, 2, 2, 0, 1, 2, 0, 1, 2, 2, 0, 0, 1, 2, 1, 2, 1, 0, 2, 0, 1, 1, 0, 1, 1, 1, 0, 2, 2, 1, 0, 0, 0, 0, 1, 1, 2, 1, 2, 2, 0, 0, 2, 1, 0, 1, 2, 1, 2, 1, 2, 1, 1, 1, 1, 0, 2, 1, 0, 0, 0, 1, 2, 1, 2, 0, 1, 0, 2, 0, 0, 0, 1, 1, 1, 0, 1, 0, 2, 0, 0, 1]|[4, 3, 2, 2, 4, 1, 2, 2, 2, 4, 1, 1, 2, 4, 4, 1, 2, 4, 2, 1, 1, 1, 1, 2, 1, 2, 1, 1, 1, 1, 3, 2, 3, 1, 4, 0, 1, 1, 0, 3, 2, 2, 2, 0, 1, 1, 1, 4, 0, 1, 2, 2, 1, 4, 0, 3, 1, 1, 1, 2, 1, 3, 1, 1, 1, 3, 0, 4, 1, 1, 4, 1, 1, 0, 1, 4, 2, 1, 1, 1, 1, 3, 1, 1, 1, 1, 1, 1, 2, 1, 4, 3, 4, 2, 1, 2, 1, 2, 1, 3]|[0, 2, 1, 1, 3, 0, 1, 0, 0, 0, 0, 0, 1, 0, 1, 0, 0, 3, 1, 0, 0, 0, 3, 1, 0, 2, 0, 0, 0, 0, 0, 0, 0, 0, 3, 0, 1, 0, 0, 2, 1, 1, 1, 0, 0, 0, 0, 2, 1, 0, 0, 0, 1, 3, 0, 0, 0, 0, 0, 1, 0, 2, 0, 1, 0, 2, 1, 0, 0, 1, 1, 3, 1, 1, 0, 3, 1, 0, 0, 2, 0, 0, 0, 0, 1, 0, 0, 0, 1, 0, 0, 2, 3, 0, 1, 0, 0, 0, 1, 0],770.1750473130455,55498.1208188499,97523.61807680906,true
50,G4_BALANCED,G4_BALANCED,[31, 11, 15, 82, 26, 9, 95, 32, 77, 68, 47, 5, 93, 78, 86, 54, 85, 63, 18, 44, 20, 49, 36, 14, 74, 50, 53, 17, 21, 45, 71, 64, 3, 23, 30, 83, 24, 41, 60, 52, 65, 27, 90, 70, 39, 87, 48, 69, 99, 4, 46, 1, 13, 58, 97, 59, 28, 75, 73, 37, 35, 79, 22, 66, 76, 42, 40, 80, 96, 6, 16, 61, 33, 7, 57, 34, 12, 67, 10, 98, 56, 88, 29, 94, 91, 38, 51, 92, 43, 84, 19, 72, 81, 25, 0, 55, 62, 89, 8, 2]|[2, 1, 1, 2, 1, 2, 1, 1, 1, 1, 1, 0, 2, 2, 1, 2, 0, 0, 0, 2, 2, 1, 0, 2, 0, 2, 2, 1, 0, 1, 1, 1, 0, 0, 1, 0, 2, 1, 2, 2, 0, 0, 1, 1, 0, 2, 0, 2, 1, 0, 0, 2, 0, 0, 2, 0, 1, 0, 0, 0, 2, 1, 0, 2, 2, 0, 2, 2, 0, 1, 2, 1, 1, 2, 0, 1, 1, 1, 1, 2, 2, 1, 1, 2, 1, 0, 1, 0, 1, 0, 1, 1, 1, 1, 0, 0, 1, 1, 1, 2]|[0, 3, 2, 0, 4, 1, 4, 4, 2, 4, 3, 2, 1, 0, 2, 1, 1, 1, 2, 1, 1, 3, 0, 1, 0, 1, 1, 4, 1, 4, 3, 2, 2, 0, 4, 1, 1, 4, 0, 1, 2, 1, 4, 4, 1, 1, 0, 2, 3, 1, 2, 1, 2, 1, 1, 2, 4, 2, 0, 2, 2, 3, 1, 0, 1, 2, 0, 1, 2, 4, 1, 3, 4, 1, 2, 4, 3, 3, 3, 1, 1, 4, 3, 1, 3, 2, 3, 2, 4, 2, 4, 4, 1, 4, 2, 2, 3, 4, 3, 1]|[0, 2, 1, 0, 3, 0, 1, 3, 0, 0, 2, 0, 1, 0, 1, 0, 0, 0, 1, 0, 0, 2, 0, 0, 1, 0, 0, 3, 0, 1, 0, 2, 0, 1, 3, 0, 1, 3, 1, 0, 0, 0, 1, 3, 0, 0, 1, 0, 2, 0, 0, 0, 0, 0, 1, 0, 1, 0, 1, 1, 0, 2, 0, 0, 0, 0, 0, 0, 0, 2, 0, 0, 1, 0, 0, 1, 0, 0, 3, 0, 0, 1, 0, 0, 0, 0, 0, 0, 2, 0, 3, 2, 1, 3, 0, 0, 0, 1, 0, 0],838.0858887121581,52145.01293281826,108083.60693758915,false
50,G2_TEC,G2_TEC,[31, 94, 82, 15, 26, 9, 95, 42, 77, 68, 47, 5, 93, 78, 86, 54, 85, 63, 18, 44, 20, 49, 36, 14, 74, 50, 53, 17, 21, 28, 11, 64, 3, 23, 30, 83, 24, 41, 40, 52, 65, 27, 90, 70, 39, 87, 48, 69, 99, 4, 46, 1, 13, 56, 97, 59, 45, 8, 73, 37, 35, 79, 71, 66, 76, 32, 60, 80, 58, 6, 67, 61, 33, 7, 57, 34, 12, 16, 10, 98, 96, 88, 43, 81, 91, 2, 84, 29, 92, 19, 51, 55, 89, 75, 25, 72, 22, 38, 62, 0]|[2, 1, 2, 1, 1, 2, 1, 1, 1, 1, 1, 0, 2, 2, 1, 2, 0, 0, 0, 2, 2, 1, 0, 2, 0, 2, 2, 1, 0, 1, 1, 1, 0, 0, 1, 0, 2, 1, 2, 2, 0, 0, 1, 1, 0, 2, 0, 2, 1, 0, 0, 2, 0, 2, 2, 0, 1, 1, 0, 0, 2, 1, 1, 2, 2, 0, 2, 2, 2, 1, 2, 1, 1, 2, 0, 1, 1, 2, 1, 2, 0, 1, 1, 1, 1, 0, 0, 1, 0, 1, 1, 0, 1, 0, 1, 1, 2, 0, 1, 0]|[0, 3, 0, 3, 4, 1, 4, 4, 4, 4, 3, 2, 1, 0, 2, 1, 1, 1, 2, 1, 1, 3, 0, 1, 0, 1, 1, 4, 1, 4, 3, 2, 2, 0, 4, 1, 1, 4, 1, 1, 2, 1, 4, 4, 1, 1, 0, 1, 3, 2, 2, 1, 2, 1, 1, 2, 4, 3, 0, 2, 1, 3, 3, 1, 1, 2, 1, 1, 1, 4, 1, 3, 4, 1, 2, 4, 3, 1, 3, 1, 2, 4, 4, 4, 3, 2, 2, 3, 2, 4, 3, 2, 4, 2, 4, 4, 1, 2, 3, 2]|[0, 2, 0, 0, 3, 0, 1, 3, 1, 0, 2, 0, 1, 0, 1, 0, 0, 0, 1, 0, 0, 2, 0, 0, 1, 0, 0, 3, 0, 1, 0, 2, 0, 0, 3, 0, 1, 1, 0, 0, 0, 0, 1, 3, 0, 0, 1, 0, 2, 0, 0, 0, 0, 0, 1, 0, 1, 0, 1, 1, 0, 2, 0, 0, 0, 0, 0, 0, 0, 2, 0, 0, 1, 0, 0, 1, 0, 0, 3, 0, 0, 1, 2, 2, 0, 0, 0, 3, 0, 1, 0, 0, 1, 0, 3, 1, 0, 0, 0, 0],910.6016522559228,48453.76930145325,107095.52069553157,false
50,G3_TWC,G1_CMAX,[31, 22, 82, 15, 26, 99, 95, 42, 77, 12, 47, 5, 93, 78, 86, 54, 21, 63, 18, 44, 20, 35, 43, 97, 91, 76, 10, 30, 85, 45, 71, 64, 1, 23, 17, 83, 24, 14, 60, 36, 6, 57, 40, 88, 65, 56, 79, 94, 67, 68, 46, 75, 38, 9, 19, 32, 41, 81, 27, 87, 90, 58, 59, 11, 16, 72, 73, 70, 39, 37, 84, 3, 92, 25, 55, 48, 74, 29, 51, 7, 33, 61, 98, 28, 89, 50, 4, 96, 53, 80, 8, 66, 34, 49, 52, 0, 62, 69, 2, 13]|[1, 1, 0, 1, 1, 0, 1, 1, 2, 1, 2, 2, 2, 1, 1, 0, 0, 1, 0, 2, 2, 0, 1, 2, 0, 1, 2, 2, 0, 0, 1, 2, 1, 2, 1, 0, 2, 0, 1, 1, 0, 1, 1, 1, 0, 2, 1, 1, 0, 0, 0, 0, 1, 1, 2, 1, 0, 2, 0, 2, 1, 0, 1, 2, 1, 2, 1, 1, 1, 1, 1, 1, 0, 1, 2, 0, 2, 0, 0, 2, 2, 1, 2, 0, 1, 0, 1, 2, 0, 0, 1, 2, 2, 0, 1, 0, 1, 1, 0, 0]|[0, 3, 2, 2, 4, 1, 2, 3, 2, 4, 1, 1, 2, 4, 4, 1, 1, 4, 2, 1, 1, 1, 1, 2, 1, 2, 1, 1, 2, 1, 3, 2, 3, 1, 4, 0, 1, 1, 0, 3, 2, 2, 2, 0, 1, 1, 0, 4, 0, 1, 2, 2, 1, 4, 0, 3, 1, 1, 1, 1, 3, 1, 1, 1, 3, 0, 4, 3, 1, 4, 1, 1, 0, 4, 1, 1, 1, 1, 1, 1, 1, 3, 1, 2, 1, 1, 4, 1, 2, 1, 3, 1, 1, 1, 1, 2, 1, 4, 2, 2]|[0, 2, 1, 1, 3, 0, 1, 3, 0, 0, 0, 0, 1, 0, 1, 0, 0, 3, 1, 0, 0, 0, 3, 1, 0, 2, 0, 0, 0, 1, 0, 0, 0, 0, 3, 0, 1, 0, 0, 2, 1, 1, 1, 0, 0, 0, 0, 2, 1, 0, 0, 0, 1, 3, 0, 0, 0, 0, 0, 0, 2, 0, 1, 0, 2, 1, 0, 0, 1, 1, 3, 1, 1, 3, 0, 0, 0, 0, 0, 0, 0, 0, 0, 1, 1, 0, 0, 0, 1, 0, 2, 0, 0, 1, 1, 0, 1, 2, 0, 0],730.1276596856602,56815.01019440286,94351.50741240397,true
51,G1_CMAX,G4_BALANCED,[31, 22, 82, 15, 26, 58, 95, 42, 77, 12, 47, 5, 93, 78, 86, 54, 85, 63, 18, 44, 20, 35, 43, 97, 66, 76, 79, 30, 21, 45, 71, 64, 1, 23, 17, 83, 24, 14, 60, 36, 6, 57, 40, 88, 65, 56, 10, 94, 67, 68, 46, 75, 38, 9, 19, 32, 41, 81, 27, 62, 87, 90, 99, 59, 16, 72, 73, 70, 39, 37, 84, 3, 92, 25, 55, 48, 11, 29, 51, 96, 33, 61, 98, 28, 89, 50, 4, 34, 53, 80, 8, 91, 7, 49, 52, 0, 74, 69, 2, 13]|[1, 1, 0, 1, 1, 0, 1, 2, 2, 1, 2, 2, 2, 1, 1, 0, 0, 1, 0, 2, 2, 0, 2, 2, 0, 1, 2, 2, 0, 0, 1, 2, 1, 2, 1, 0, 2, 0, 1, 1, 0, 1, 1, 1, 0, 2, 2, 1, 0, 0, 0, 0, 1, 1, 2, 1, 0, 2, 0, 2, 2, 1, 0, 1, 1, 2, 1, 1, 1, 1, 1, 1, 0, 1, 2, 0, 2, 0, 0, 2, 2, 1, 2, 0, 1, 0, 1, 2, 0, 0, 1, 0, 1, 0, 1, 0, 2, 1, 0, 0]|[4, 3, 2, 2, 4, 1, 2, 2, 2, 4, 2, 1, 2, 4, 4, 1, 2, 4, 2, 1, 1, 1, 2, 2, 1, 2, 1, 1, 1, 1, 3, 2, 3, 1, 4, 0, 1, 1, 0, 3, 2, 2, 2, 0, 1, 1, 1, 4, 0, 1, 2, 2, 1, 4, 0, 3, 1, 1, 1, 1, 1, 3, 1, 1, 3, 0, 4, 3, 1, 4, 1, 1, 2, 4, 1, 1, 1, 1, 1, 1, 1, 3, 1, 2, 1, 1, 4, 1, 2, 1, 3, 1, 1, 1, 1, 2, 1, 4, 2, 2]|[0, 2, 1, 1, 3, 0, 1, 0, 0, 0, 0, 0, 0, 0, 1, 0, 0, 3, 1, 0, 0, 0, 1, 1, 0, 2, 0, 0, 0, 0, 0, 0, 0, 0, 3, 0, 1, 0, 0, 2, 1, 1, 1, 0, 0, 0, 0, 2, 1, 0, 0, 0, 1, 3, 0, 0, 0, 0, 0, 0, 0, 2, 0, 1, 2, 1, 0, 0, 1, 1, 3, 1, 1, 3, 0, 0, 0, 0, 0, 0, 0, 0, 0, 1, 1, 0, 0, 0, 1, 0, 2, 0, 2, 1, 1, 0, 0, 2, 0, 0],833.102820254495,54845.058524332984,98518.43558293639,true
51,G4_BALANCED,G3_TWC,[31, 22, 42, 15, 26, 58, 95, 82, 77, 12, 47, 5, 93, 78, 98, 54, 85, 63, 18, 44, 20, 35, 43, 97, 91, 76, 10, 30, 21, 45, 75, 64, 1, 23, 17, 83, 24, 61, 60, 36, 6, 57, 94, 88, 65, 56, 79, 40, 67, 68, 46, 71, 38, 9, 19, 32, 81, 41, 27, 62, 87, 90, 99, 59, 11, 16, 72, 73, 70, 39, 37, 84, 3, 92, 25, 74, 28, 29, 51, 7, 53, 14, 48, 86, 89, 50, 66, 96, 33, 80, 4, 8, 34, 49, 0, 52, 13, 2, 69, 55]|[1, 1, 0, 1, 1, 1, 2, 1, 2, 1, 2, 2, 2, 1, 1, 0, 0, 1, 0, 2, 2, 0, 1, 2, 0, 1, 2, 2, 0, 0, 0, 2, 1, 2, 1, 0, 2, 0, 1, 1, 0, 1, 1, 1, 0, 2, 1, 1, 0, 0, 0, 1, 1, 1, 2, 1, 2, 0, 0, 0, 2, 1, 0, 1, 2, 1, 2, 1, 1, 1, 1, 1, 2, 0, 1, 2, 0, 0, 0, 1, 0, 1, 0, 0, 1, 0, 0, 0, 2, 0, 0, 1, 2, 0, 0, 1, 0, 0, 1, 1]|[4, 3, 2, 2, 0, 0, 2, 2, 2, 4, 1, 1, 2, 4, 4, 1, 1, 4, 2, 1, 1, 1, 1, 2, 1, 2, 1, 1, 1, 1, 2, 2, 3, 0, 4, 0, 1, 1, 0, 3, 2, 2, 4, 0, 1, 1, 0, 2, 0, 1, 2, 3, 1, 4, 0, 3, 2, 1, 1, 2, 1, 3, 1, 1, 1, 3, 0, 4, 3, 1, 4, 1, 1, 2, 4, 1, 2, 1, 1, 3, 2, 3, 1, 1, 1, 1, 1, 1, 1, 1, 2, 3, 1, 1, 2, 1, 2, 2, 3, 4]|[0, 2, 1, 1, 3, 3, 0, 1, 0, 0, 0, 0, 1, 0, 1, 0, 0, 3, 1, 0, 0, 0, 3, 1, 0, 2, 0, 0, 0, 1, 0, 0, 0, 0, 3, 0, 1, 0, 0, 2, 1, 1, 2, 0, 0, 0, 0, 1, 1, 0, 0, 0, 1, 3, 0, 0, 1, 0, 0, 1, 0, 2, 0, 1, 0, 2, 1, 0, 0, 1, 1, 3, 0, 1, 3, 0, 1, 0, 0, 2, 1, 0, 0, 0, 1, 0, 0, 0, 0, 0, 1, 2, 0, 1, 0, 1, 0, 0, 0, 3],803.2072603330798,58258.121323374144,87500.47624634765,true
51,G2_TEC,G2_TEC,[31, 94, 82, 15, 26, 9, 95, 42, 77, 68, 47, 5, 93, 78, 86, 54, 85, 63, 18, 44, 20, 49, 36, 14, 74, 50, 53, 17, 21, 28, 11, 64, 3, 23, 30, 83, 24, 41, 40, 52, 65, 27, 90, 70, 39, 87, 48, 69, 99, 4, 46, 1, 13, 56, 97, 59, 45, 8, 73, 37, 35, 79, 71, 66, 76, 32, 60, 80, 58, 6, 67, 61, 33, 7, 57, 34, 12, 16, 10, 98, 96, 88, 43, 81, 91, 2, 84, 29, 92, 19, 51, 55, 89, 75, 25, 72, 22, 38, 62, 0]|[2, 1, 2, 1, 1, 2, 1, 1, 1, 1, 1, 0, 2, 2, 1, 2, 0, 0, 0, 2, 2, 1, 0, 2, 0, 2, 2, 1, 0, 1, 1, 1, 0, 0, 1, 0, 2, 1, 2, 2, 0, 0, 1, 1, 0, 2, 0, 2, 1, 0, 0, 2, 0, 2, 2, 0, 1, 1, 0, 0, 2, 1, 1, 2, 2, 0, 2, 2, 2, 1, 2, 1, 1, 2, 0, 1, 1, 2, 1, 2, 0, 1, 1, 1, 1, 0, 0, 1, 0, 1, 1, 0, 1, 0, 1, 1, 2, 0, 1, 0]|[0, 3, 0, 3, 4, 1, 4, 4, 4, 4, 3, 2, 1, 0, 2, 1, 1, 1, 2, 1, 1, 3, 0, 1, 0, 1, 1, 4, 1, 4, 3, 2, 2, 0, 4, 1, 1, 4, 1, 1, 2, 1, 4, 4, 1, 1, 0, 1, 3, 2, 2, 1, 2, 1, 1, 2, 4, 3, 0, 2, 1, 3, 3, 1, 1, 2, 1, 1, 1, 4, 1, 3, 4, 1, 2, 4, 3, 1, 3, 1, 2, 4, 4, 4, 3, 2, 2, 3, 2, 4, 3, 2, 4, 2, 4, 4, 1, 2, 3, 2]|[0, 2, 0, 0, 3, 0, 1, 3, 1, 0, 2, 0, 1, 0, 1, 0, 0, 0, 1, 0, 0, 2, 0, 0, 1, 0, 0, 3, 0, 1, 0, 2, 0, 0, 3, 0, 1, 1, 0, 0, 0, 0, 1, 3, 0, 0, 1, 0, 2, 0, 0, 0, 0, 0, 1, 0, 1, 0, 1, 1, 0, 2, 0, 0, 0, 0, 0, 0, 0, 2, 0, 0, 1, 0, 0, 1, 0, 0, 3, 0, 0, 1, 2, 2, 0, 0, 0, 3, 0, 1, 0, 0, 1, 0, 3, 1, 0, 0, 0, 0],910.6016522559228,48453.76930145325,107095.52069553157,false
51,G3_TWC,G1_CMAX,[31, 22, 82, 15, 26, 99, 95, 42, 77, 12, 47, 5, 93, 78, 86, 54, 21, 63, 18, 44, 20, 35, 43, 97, 91, 76, 10, 30, 85, 45, 71, 64, 1, 23, 17, 83, 24, 14, 60, 36, 6, 57, 40, 88, 65, 56, 79, 94, 67, 68, 46, 75, 38, 9, 19, 32, 41, 81, 27, 87, 90, 58, 59, 11, 16, 72, 73, 70, 39, 37, 84, 3, 92, 25, 55, 48, 74, 29, 51, 7, 33, 61, 98, 28, 89, 50, 4, 96, 53, 80, 8, 66, 34, 49, 52, 0, 62, 69, 2, 13]|[1, 1, 0, 1, 1, 0, 1, 1, 2, 1, 2, 2, 2, 1, 1, 0, 0, 1, 0, 2, 2, 0, 1, 2, 0, 1, 2, 2, 0, 0, 1, 2, 1, 2, 1, 0, 2, 0, 1, 1, 0, 1, 1, 1, 0, 2, 1, 1, 0, 0, 0, 0, 1, 1, 2, 1, 0, 2, 0, 2, 1, 0, 1, 2, 1, 2, 1, 1, 1, 1, 1, 1, 0, 1, 2, 0, 2, 0, 0, 2, 2, 1, 2, 0, 1, 0, 1, 2, 0, 0, 1, 2, 2, 0, 1, 0, 1, 1, 0, 0]|[0, 3, 2, 2, 4, 1, 2, 3, 2, 4, 1, 1, 2, 4, 4, 1, 1, 4, 2, 1, 1, 1, 1, 2, 1, 2, 1, 1, 2, 1, 3, 2, 3, 1, 4, 0, 1, 1, 0, 3, 2, 2, 2, 0, 1, 1, 0, 4, 0, 1, 2, 2, 1, 4, 0, 3, 1, 1, 1, 1, 3, 1, 1, 1, 3, 0, 4, 3, 1, 4, 1, 1, 0, 4, 1, 1, 1, 1, 1, 1, 1, 3, 1, 2, 1, 1, 4, 1, 2, 1, 3, 1, 1, 1, 1, 2, 1, 4, 2, 2]|[0, 2, 1, 1, 3, 0, 1, 3, 0, 0, 0, 0, 1, 0, 1, 0, 0, 3, 1, 0, 0, 0, 3, 1, 0, 2, 0, 0, 0, 1, 0, 0, 0, 0, 3, 0, 1, 0, 0, 2, 1, 1, 1, 0, 0, 0, 0, 2, 1, 0, 0, 0, 1, 3, 0, 0, 0, 0, 0, 0, 2, 0, 1, 0, 2, 1, 0, 0, 1, 1, 3, 1, 1, 3, 0, 0, 0, 0, 0, 0, 0, 0, 0, 1, 1, 0, 0, 0, 1, 0, 2, 0, 0, 1, 1, 0, 1, 2, 0, 0],730.1276596856602,56815.01019440286,94351.50741240397,true
51,G1_CMAX,G4_BALANCED,[31, 22, 82, 15, 26, 58, 95, 42, 77, 12, 47, 5, 93, 78, 86, 54, 85, 63, 18, 44, 20, 35, 43, 97, 66, 76, 79, 30, 21, 45, 71, 64, 1, 23, 17, 83, 24, 14, 60, 36, 6, 57, 40, 88, 65, 56, 10, 94, 67, 68, 46, 75, 38, 9, 19, 32, 41, 81, 27, 62, 87, 90, 99, 59, 16, 72, 73, 70, 39, 37, 84, 3, 92, 25, 55, 48, 11, 29, 51, 96, 33, 61, 98, 28, 89, 50, 4, 34, 53, 80, 8, 91, 7, 49, 52, 0, 74, 69, 2, 13]|[1, 1, 0, 1, 1, 0, 1, 2, 2, 1, 2, 2, 2, 1, 1, 0, 0, 1, 0, 2, 2, 0, 2, 2, 0, 1, 2, 2, 0, 0, 1, 2, 1, 2, 1, 0, 2, 0, 1, 1, 0, 1, 1, 1, 0, 2, 2, 1, 0, 0, 0, 0, 1, 1, 2, 1, 0, 2, 0, 2, 2, 1, 0, 1, 1, 2, 1, 1, 1, 1, 1, 1, 0, 1, 2, 0, 2, 0, 0, 2, 2, 1, 2, 0, 1, 0, 1, 2, 0, 0, 1, 0, 1, 0, 1, 0, 2, 1, 0, 0]|[4, 3, 2, 2, 4, 1, 2, 2, 2, 4, 2, 1, 2, 4, 4, 1, 2, 4, 2, 1, 1, 1, 2, 2, 1, 2, 1, 1, 1, 1, 3, 2, 3, 1, 4, 0, 1, 1, 0, 3, 2, 2, 2, 0, 1, 1, 1, 4, 0, 1, 2, 2, 1, 4, 0, 3, 1, 1, 1, 1, 1, 3, 1, 1, 3, 0, 4, 3, 1, 4, 1, 1, 2, 4, 1, 1, 1, 1, 1, 1, 1, 3, 1, 2, 1, 1, 4, 1, 2, 1, 3, 1, 1, 1, 1, 2, 1, 4, 2, 2]|[0, 2, 1, 1, 3, 0, 1, 0, 0, 0, 0, 0, 0, 0, 1, 0, 0, 3, 1, 0, 0, 0, 1, 1, 0, 2, 0, 0, 0, 0, 0, 0, 0, 0, 3, 0, 1, 0, 0, 2, 1, 1, 1, 0, 0, 0, 0, 2, 1, 0, 0, 0, 1, 3, 0, 0, 0, 0, 0, 0, 0, 2, 0, 1, 2, 1, 0, 0, 1, 1, 3, 1, 1, 3, 0, 0, 0, 0, 0, 0, 0, 0, 0, 1, 1, 0, 0, 0, 1, 0, 2, 0, 2, 1, 1, 0, 0, 2, 0, 0],833.102820254495,54845.058524332984,98518.43558293639,true
51,G4_BALANCED,G4_BALANCED,[31, 11, 15, 82, 26, 9, 95, 32, 77, 68, 47, 5, 93, 78, 86, 54, 85, 63, 18, 44, 20, 49, 36, 14, 74, 50, 53, 17, 21, 45, 71, 64, 3, 23, 30, 83, 24, 41, 60, 52, 65, 27, 90, 70, 39, 87, 48, 69, 99, 4, 46, 1, 13, 58, 97, 59, 28, 75, 73, 37, 35, 79, 22, 66, 76, 42, 40, 80, 96, 6, 16, 61, 33, 7, 57, 34, 12, 67, 10, 98, 56, 88, 29, 94, 91, 38, 51, 92, 43, 84, 19, 72, 81, 25, 0, 55, 62, 89, 8, 2]|[2, 1, 1, 2, 1, 2, 1, 1, 1, 1, 1, 0, 2, 2, 1, 2, 0, 0, 0, 2, 2, 1, 0, 2, 0, 2, 2, 1, 0, 1, 1, 1, 0, 0, 1, 0, 2, 1, 2, 2, 0, 0, 1, 1, 0, 2, 0, 2, 1, 0, 0, 2, 0, 0, 2, 0, 1, 0, 0, 0, 2, 1, 0, 2, 2, 0, 2, 2, 0, 1, 2, 1, 1, 2, 0, 1, 1, 1, 1, 2, 2, 1, 1, 2, 1, 0, 1, 0, 1, 0, 1, 1, 1, 1, 0, 0, 1, 1, 1, 2]|[0, 3, 2, 0, 4, 1, 4, 4, 2, 4, 3, 2, 1, 0, 2, 1, 1, 1, 2, 1, 1, 3, 0, 1, 0, 1, 1, 4, 1, 4, 3, 2, 2, 0, 4, 1, 1, 4, 0, 1, 2, 1, 4, 4, 1, 1, 0, 2, 3, 1, 2, 1, 2, 1, 1, 2, 4, 2, 0, 2, 2, 3, 1, 0, 1, 2, 0, 1, 2, 4, 1, 3, 4, 1, 2, 4, 3, 3, 3, 1, 1, 4, 3, 1, 3, 2, 3, 2, 4, 2, 4, 4, 1, 4, 2, 2, 3, 4, 3, 1]|[0, 2, 1, 0, 3, 0, 1, 3, 0, 0, 2, 0, 1, 0, 1, 0, 0, 0, 1, 0, 0, 2, 0, 0, 1, 0, 0, 3, 0, 1, 0, 2, 0, 1, 3, 0, 1, 3, 1, 0, 0, 0, 1, 3, 0, 0, 1, 0, 2, 0, 0, 0, 0, 0, 1, 0, 1, 0, 1, 1, 0, 2, 0, 0, 0, 0, 0, 0, 0, 2, 0, 0, 1, 0, 0, 1, 0, 0, 3, 0, 0, 1, 0, 0, 0, 0, 0, 0, 2, 0, 3, 2, 1, 3, 0, 0, 0, 1, 0, 0],838.0858887121581,52145.01293281826,108083.60693758915,false
51,G2_TEC,G2_TEC,[31, 94, 82, 15, 26, 9, 95, 42, 77, 68, 47, 5, 93, 78, 86, 54, 85, 63, 18, 44, 20, 49, 36, 14, 74, 50, 53, 17, 21, 28, 11, 64, 3, 23, 30, 83, 24, 41, 40, 52, 65, 27, 90, 70, 39, 87, 48, 69, 99, 4, 46, 1, 13, 56, 97, 59, 45, 8, 73, 37, 35, 79, 71, 66, 76, 32, 60, 80, 58, 6, 67, 61, 33, 7, 57, 34, 12, 16, 10, 98, 96, 88, 43, 81, 91, 2, 84, 29, 92, 19, 51, 55, 89, 75, 25, 72, 22, 38, 62, 0]|[2, 1, 2, 1, 1, 2, 1, 1, 1, 1, 1, 0, 2, 2, 1, 2, 0, 0, 0, 2, 2, 1, 0, 2, 0, 2, 2, 1, 0, 1, 1, 1, 0, 0, 1, 0, 2, 1, 2, 2, 0, 0, 1, 1, 0, 2, 0, 2, 1, 0, 0, 2, 0, 2, 2, 0, 1, 1, 0, 0, 2, 1, 1, 2, 2, 0, 2, 2, 2, 1, 2, 1, 1, 2, 0, 1, 1, 2, 1, 2, 0, 1, 1, 1, 1, 0, 0, 1, 0, 1, 1, 0, 1, 0, 1, 1, 2, 0, 1, 0]|[0, 3, 0, 3, 4, 1, 4, 4, 4, 4, 3, 2, 1, 0, 2, 1, 1, 1, 2, 1, 1, 3, 0, 1, 0, 1, 1, 4, 1, 4, 3, 2, 2, 0, 4, 1, 1, 4, 1, 1, 2, 1, 4, 4, 1, 1, 0, 1, 3, 2, 2, 1, 2, 1, 1, 2, 4, 3, 0, 2, 1, 3, 3, 1, 1, 2, 1, 1, 1, 4, 1, 3, 4, 1, 2, 4, 3, 1, 3, 1, 2, 4, 4, 4, 3, 2, 2, 3, 2, 4, 3, 2, 4, 2, 4, 4, 1, 2, 3, 2]|[0, 2, 0, 0, 3, 0, 1, 3, 1, 0, 2, 0, 1, 0, 1, 0, 0, 0, 1, 0, 0, 2, 0, 0, 1, 0, 0, 3, 0, 1, 0, 2, 0, 0, 3, 0, 1, 1, 0, 0, 0, 0, 1, 3, 0, 0, 1, 0, 2, 0, 0, 0, 0, 0, 1, 0, 1, 0, 1, 1, 0, 2, 0, 0, 0, 0, 0, 0, 0, 2, 0, 0, 1, 0, 0, 1, 0, 0, 3, 0, 0, 1, 2, 2, 0, 0, 0, 3, 0, 1, 0, 0, 1, 0, 3, 1, 0, 0, 0, 0],910.6016522559228,48453.76930145325,107095.52069553157,false
51,G3_TWC,G3_TWC,[31, 22, 42, 15, 26, 58, 95, 82, 77, 12, 47, 5, 93, 78, 98, 54, 85, 63, 18, 44, 20, 35, 43, 97, 91, 76, 10, 30, 21, 45, 71, 64, 1, 23, 17, 83, 24, 61, 60, 36, 6, 57, 94, 88, 65, 56, 79, 40, 67, 68, 46, 75, 38, 9, 19, 32, 81, 41, 27, 62, 87, 90, 99, 59, 11, 16, 72, 73, 70, 39, 37, 84, 3, 92, 25, 74, 28, 29, 51, 7, 53, 14, 86, 48, 89, 50, 66, 96, 33, 80, 4, 8, 55, 49, 0, 52, 69, 2, 13, 34]|[1, 1, 0, 1, 1, 1, 2, 1, 2, 1, 2, 2, 2, 1, 1, 0, 0, 1, 0, 2, 2, 0, 1, 2, 0, 1, 2, 2, 0, 0, 1, 2, 1, 2, 1, 0, 2, 0, 1, 1, 0, 1, 1, 1, 0, 2, 1, 1, 0, 0, 0, 0, 1, 1, 2, 1, 2, 0, 0, 0, 2, 1, 0, 1, 2, 1, 2, 1, 1, 1, 1, 1, 2, 0, 1, 2, 0, 0, 0, 1, 0, 1, 0, 0, 1, 0, 0, 0, 2, 0, 0, 1, 1, 0, 0, 1, 1, 0, 0, 2]|[4, 3, 2, 2, 0, 0, 2, 2, 2, 4, 1, 1, 2, 4, 4, 1, 1, 4, 2, 1, 1, 1, 1, 2, 1, 2, 1, 1, 1, 1, 3, 2, 3, 0, 4, 0, 1, 1, 0, 3, 2, 2, 4, 0, 1, 1, 3, 2, 0, 1, 2, 2, 1, 4, 0, 3, 2, 1, 1, 2, 1, 3, 1, 1, 1, 3, 0, 4, 3, 1, 4, 1, 1, 2, 4, 1, 2, 1, 1, 3, 2, 3, 1, 1, 1, 1, 1, 1, 1, 1, 2, 3, 4, 1, 2, 1, 3, 2, 2, 1]|[0, 2, 1, 1, 3, 3, 0, 1, 0, 0, 0, 0, 1, 0, 1, 0, 0, 3, 1, 0, 0, 0, 3, 1, 0, 2, 0, 0, 0, 1, 0, 0, 0, 0, 3, 0, 1, 0, 0, 2, 1, 1, 2, 0, 0, 0, 0, 1, 1, 0, 0, 0, 1, 3, 0, 0, 1, 0, 0, 1, 0, 2, 0, 1, 0, 2, 1, 0, 0, 1, 1, 3, 0, 1, 3, 0, 1, 0, 0, 2, 1, 0, 0, 0, 1, 0, 0, 0, 0, 0, 1, 2, 3, 1, 0, 1, 0, 0, 0, 0],802.5281847645216,57652.86795409501,87938.17744329936,false
51,G1_CMAX,G4_BALANCED,[31, 94, 82, 15, 26, 9, 95, 42, 77, 68, 47, 5, 93, 78, 86, 54, 85, 63, 18, 44, 20, 49, 36, 14, 74, 50, 53, 17, 21, 28, 11, 64, 3, 23, 30, 83, 24, 41, 40, 52, 65, 27, 90, 70, 39, 87, 48, 69, 99, 4, 46, 1, 13, 56, 97, 59, 45, 38, 73, 37, 35, 79, 71, 66, 76, 32, 60, 80, 58, 6, 67, 61, 33, 7, 57, 34, 12, 16, 10, 98, 96, 88, 43, 81, 91, 2, 84, 29, 92, 19, 51, 89, 55, 25, 75, 22, 72, 8, 62, 0]|[2, 1, 2, 1, 1, 2, 1, 1, 1, 1, 1, 0, 2, 2, 1, 2, 0, 0, 0, 2, 2, 1, 0, 2, 0, 2, 2, 1, 0, 1, 1, 1, 0, 0, 1, 0, 2, 1, 2, 2, 0, 0, 1, 1, 0, 2, 0, 2, 1, 0, 0, 2, 0, 2, 2, 0, 1, 1, 0, 0, 2, 1, 1, 2, 2, 0, 2, 2, 2, 1, 2, 1, 1, 2, 0, 1, 1, 2, 1, 2, 0, 1, 1, 1, 1, 0, 0, 1, 0, 1, 1, 1, 0, 1, 0, 2, 1, 0, 1, 0]|[0, 3, 0, 3, 4, 1, 4, 4, 2, 4, 3, 2, 1, 0, 2, 1, 1, 1, 2, 1, 1, 3, 0, 1, 0, 1, 1, 4, 1, 4, 3, 2, 2, 0, 4, 1, 1, 4, 1, 1, 2, 1, 4, 4, 1, 1, 0, 1, 3, 2, 2, 1, 2, 1, 1, 2, 4, 3, 0, 2, 1, 3, 3, 1, 1, 2, 1, 1, 1, 4, 1, 3, 4, 1, 2, 4, 3, 1, 3, 1, 2, 4, 4, 4, 3, 2, 2, 3, 2, 4, 3, 4, 2, 4, 2, 1, 4, 2, 3, 2]|[0, 2, 0, 0, 3, 0, 1, 3, 0, 0, 2, 0, 1, 0, 1, 0, 0, 0, 1, 0, 0, 2, 0, 0, 1, 0, 0, 1, 0, 1, 0, 2, 0, 0, 3, 0, 1, 1, 0, 0, 0, 0, 1, 3, 0, 0, 1, 0, 2, 0, 0, 0, 0, 0, 1, 0, 1, 0, 1, 1, 0, 2, 0, 0, 0, 0, 0, 0, 0, 2, 0, 0, 1, 0, 0, 1, 0, 0, 3, 0, 0, 1, 2, 2, 0, 0, 0, 3, 0, 1, 0, 1, 0, 3, 0, 0, 1, 0, 0, 0],899.4114083538459,49216.81087114352,105462.76390161138,true
51,G4_BALANCED,G4_BALANCED,[31, 22, 82, 15, 26, 58, 95, 42, 77, 12, 47, 5, 93, 78, 86, 54, 85, 63, 18, 44, 20, 35, 43, 97, 66, 76, 10, 30, 21, 45, 71, 64, 1, 23, 17, 83, 24, 14, 60, 36, 6, 57, 40, 88, 65, 56, 79, 94, 67, 68, 46, 29, 38, 9, 19, 32, 41, 81, 27, 62, 87, 90, 99, 59, 11, 16, 72, 73, 69, 39, 84, 70, 3, 92, 25, 55, 75, 28, 51, 7, 33, 61, 48, 98, 89, 50, 4, 96, 53, 8, 91, 80, 34, 49, 52, 0, 13, 2, 37, 74]|[1, 1, 0, 1, 1, 0, 1, 2, 2, 1, 2, 2, 2, 1, 1, 0, 0, 1, 0, 2, 2, 0, 0, 2, 2, 1, 2, 2, 0, 0, 1, 2, 1, 2, 1, 0, 2, 0, 1, 1, 0, 1, 1, 1, 0, 2, 2, 1, 0, 0, 0, 0, 1, 1, 2, 1, 0, 2, 0, 2, 2, 1, 0, 1, 2, 1, 2, 1, 1, 1, 1, 1, 1, 0, 1, 2, 0, 0, 0, 1, 2, 1, 0, 2, 1, 0, 1, 2, 0, 1, 0, 0, 2, 0, 1, 0, 0, 0, 1, 2]|[4, 3, 2, 2, 4, 1, 2, 2, 2, 4, 1, 1, 2, 4, 4, 1, 2, 4, 2, 1, 1, 1, 1, 2, 1, 2, 1, 1, 1, 1, 3, 2, 3, 1, 4, 0, 1, 1, 0, 3, 2, 2, 2, 0, 1, 1, 1, 4, 0, 1, 2, 1, 1, 4, 0, 3, 1, 1, 1, 1, 1, 3, 1, 1, 1, 3, 1, 4, 4, 4, 1, 3, 1, 0, 4, 1, 1, 2, 1, 1, 1, 3, 1, 1, 1, 1, 4, 1, 2, 3, 1, 1, 1, 1, 1, 2, 2, 2, 4, 1]|[0, 2, 1, 1, 3, 0, 1, 0, 0, 0, 0, 0, 1, 0, 1, 0, 0, 3, 1, 0, 0, 0, 0, 1, 0, 2, 0, 0, 0, 0, 0, 0, 0, 0, 3, 0, 1, 0, 0, 2, 1, 1, 1, 0, 0, 0, 0, 2, 1, 0, 0, 0, 1, 3, 0, 0, 0, 0, 0, 0, 0, 2, 0, 1, 0, 2, 0, 0, 2, 1, 3, 0, 1, 1, 3, 0, 0, 1, 0, 2, 0, 0, 0, 0, 1, 0, 0, 0, 1, 2, 0, 0, 0, 1, 1, 0, 0, 0, 1, 0],821.9358107439288,54885.39358643736,102427.86673951944,false
51,G2_TEC,G2_TEC,[31, 94, 82, 15, 26, 9, 95, 42, 77, 68, 47, 5, 93, 78, 86, 54, 85, 63, 18, 44, 20, 49, 36, 14, 74, 50, 53, 17, 21, 28, 11, 64, 3, 23, 30, 83, 24, 41, 40, 52, 65, 27, 90, 70, 39, 87, 48, 69, 99, 4, 46, 1, 13, 56, 97, 59, 45, 8, 73, 37, 35, 79, 71, 66, 76, 32, 60, 80, 58, 6, 67, 61, 33, 7, 57, 34, 12, 16, 10, 98, 96, 88, 43, 81, 91, 2, 84, 29, 92, 19, 51, 55, 89, 75, 25, 72, 22, 38, 62, 0]|[2, 1, 2, 1, 1, 2, 1, 1, 1, 1, 1, 0, 2, 2, 1, 2, 0, 0, 0, 2, 2, 1, 0, 2, 0, 2, 2, 1, 0, 1, 1, 1, 0, 0, 1, 0, 2, 1, 2, 2, 0, 0, 1, 1, 0, 2, 0, 2, 1, 0, 0, 2, 0, 2, 2, 0, 1, 1, 0, 0, 2, 1, 1, 2, 2, 0, 2, 2, 2, 1, 2, 1, 1, 2, 0, 1, 1, 2, 1, 2, 0, 1, 1, 1, 1, 0, 0, 1, 0, 1, 1, 0, 1, 0, 1, 1, 2, 0, 1, 0]|[0, 3, 0, 3, 4, 1, 4, 4, 4, 4, 3, 2, 1, 0, 2, 1, 1, 1, 2, 1, 1, 3, 0, 1, 0, 1, 1, 4, 1, 4, 3, 2, 2, 0, 4, 1, 1, 4, 1, 1, 2, 1, 4, 4, 1, 1, 0, 1, 3, 2, 2, 1, 2, 1, 1, 2, 4, 3, 0, 2, 1, 3, 3, 1, 1, 2, 1, 1, 1, 4, 1, 3, 4, 1, 2, 4, 3, 1, 3, 1, 2, 4, 4, 4, 3, 2, 2, 3, 2, 4, 3, 2, 4, 2, 4, 4, 1, 2, 3, 2]|[0, 2, 0, 0, 3, 0, 1, 3, 1, 0, 2, 0, 1, 0, 1, 0, 0, 0, 1, 0, 0, 2, 0, 0, 1, 0, 0, 3, 0, 1, 0, 2, 0, 0, 3, 0, 1, 1, 0, 0, 0, 0, 1, 3, 0, 0, 1, 0, 2, 0, 0, 0, 0, 0, 1, 0, 1, 0, 1, 1, 0, 2, 0, 0, 0, 0, 0, 0, 0, 2, 0, 0, 1, 0, 0, 1, 0, 0, 3, 0, 0, 1, 2, 2, 0, 0, 0, 3, 0, 1, 0, 0, 1, 0, 3, 1, 0, 0, 0, 0],910.6016522559228,48453.76930145325,107095.52069553157,false
51,G3_TWC,G3_TWC,[31, 22, 42, 15, 26, 58, 95, 82, 77, 12, 47, 5, 93, 78, 98, 54, 85, 63, 18, 44, 20, 35, 43, 97, 91, 76, 10, 30, 21, 45, 71, 64, 1, 23, 17, 83, 24, 61, 60, 36, 6, 57, 94, 88, 65, 56, 79, 40, 67, 68, 46, 75, 38, 9, 19, 32, 81, 41, 27, 62, 87, 90, 99, 59, 11, 16, 72, 73, 70, 39, 37, 84, 3, 92, 25, 74, 28, 29, 51, 7, 53, 14, 86, 48, 89, 50, 66, 96, 33, 80, 4, 8, 55, 49, 0, 52, 69, 2, 13, 34]|[1, 1, 0, 1, 1, 1, 2, 1, 2, 1, 2, 2, 2, 1, 1, 0, 0, 1, 0, 2, 2, 0, 1, 2, 0, 1, 2, 2, 0, 0, 1, 2, 1, 2, 1, 0, 2, 0, 1, 1, 0, 1, 1, 1, 0, 2, 1, 1, 0, 0, 0, 0, 1, 1, 2, 1, 2, 0, 0, 0, 2, 1, 0, 1, 2, 1, 2, 1, 1, 1, 1, 1, 2, 0, 1, 2, 0, 0, 0, 1, 0, 1, 0, 0, 1, 0, 0, 0, 2, 0, 0, 1, 1, 0, 0, 1, 1, 0, 0, 2]|[4, 3, 2, 2, 0, 0, 2, 2, 2, 4, 1, 1, 2, 4, 4, 1, 1, 4, 2, 1, 1, 1, 1, 2, 1, 2, 1, 1, 1, 1, 3, 2, 3, 0, 4, 0, 1, 1, 0, 3, 2, 2, 4, 0, 1, 1, 3, 2, 0, 1, 2, 2, 1, 4, 0, 3, 2, 1, 1, 2, 1, 3, 1, 1, 1, 3, 0, 4, 3, 1, 4, 1, 1, 2, 4, 1, 2, 1, 1, 3, 2, 3, 1, 1, 1, 1, 1, 1, 1, 1, 2, 3, 4, 1, 2, 1, 3, 2, 2, 1]|[0, 2, 1, 1, 3, 3, 0, 1, 0, 0, 0, 0, 1, 0, 1, 0, 0, 3, 1, 0, 0, 0, 3, 1, 0, 2, 0, 0, 0, 1, 0, 0, 0, 0, 3, 0, 1, 0, 0, 2, 1, 1, 2, 0, 0, 0, 0, 1, 1, 0, 0, 0, 1, 3, 0, 0, 1, 0, 0, 1, 0, 2, 0, 1, 0, 2, 1, 0, 0, 1, 1, 3, 0, 1, 3, 0, 1, 0, 0, 2, 1, 0, 0, 0, 1, 0, 0, 0, 0, 0, 1, 2, 3, 1, 0, 1, 0, 0, 0, 0],802.5281847645216,57652.86795409501,87938.17744329936,false
51,G1_CMAX,G1_CMAX,[31, 22, 82, 15, 26, 99, 95, 42, 77, 12, 47, 5, 93, 78, 86, 54, 21, 63, 18, 44, 20, 35, 43, 97, 91, 76, 10, 30, 85, 45, 71, 64, 1, 23, 17, 83, 24, 14, 60, 36, 6, 57, 40, 88, 65, 56, 79, 94, 67, 68, 46, 75, 38, 9, 19, 32, 41, 81, 27, 87, 90, 58, 59, 11, 62, 16, 72, 73, 39, 37, 84, 3, 92, 25, 55, 48, 70, 29, 51, 96, 33, 61, 98, 66, 89, 50, 4, 7, 53, 80, 8, 28, 34, 49, 52, 0, 74, 69, 2, 13]|[1, 1, 0, 1, 1, 0, 1, 1, 2, 1, 2, 2, 2, 1, 1, 0, 0, 1, 0, 2, 2, 0, 1, 2, 0, 1, 2, 2, 0, 0, 1, 2, 1, 2, 1, 0, 2, 0, 1, 1, 0, 1, 1, 1, 0, 2, 1, 1, 0, 0, 0, 0, 1, 1, 2, 1, 0, 2, 0, 2, 1, 0, 1, 2, 0, 1, 2, 1, 1, 1, 1, 1, 0, 1, 2, 0, 1, 0, 0, 2, 2, 1, 2, 2, 1, 0, 1, 2, 0, 0, 1, 0, 2, 0, 1, 0, 2, 1, 0, 0]|[4, 3, 2, 2, 4, 1, 2, 3, 2, 4, 1, 1, 2, 4, 4, 1, 1, 4, 2, 1, 1, 1, 1, 2, 1, 2, 1, 1, 2, 1, 3, 2, 3, 1, 4, 0, 1, 1, 0, 3, 2, 2, 2, 0, 1, 1, 0, 4, 0, 1, 2, 2, 1, 4, 0, 3, 1, 1, 1, 1, 3, 1, 1, 1, 2, 3, 0, 4, 1, 4, 1, 1, 2, 4, 1, 1, 3, 1, 1, 1, 1, 3, 1, 1, 1, 1, 4, 1, 2, 1, 3, 2, 1, 1, 1, 2, 1, 4, 2, 2]|[0, 2, 1, 1, 3, 0, 1, 3, 0, 0, 0, 0, 1, 0, 1, 0, 0, 3, 1, 0, 0, 0, 3, 1, 0, 2, 0, 0, 0, 1, 0, 0, 0, 0, 3, 0, 1, 0, 0, 2, 1, 1, 1, 0, 0, 0, 0, 2, 1, 0, 0, 0, 1, 3, 0, 0, 0, 0, 0, 0, 2, 0, 1, 0, 1, 2, 1, 0, 1, 1, 3, 1, 1, 3, 0, 0, 0, 0, 0, 0, 0, 0, 0, 0, 1, 0, 0, 0, 1, 0, 2, 1, 0, 1, 1, 0, 0, 2, 0, 0],760.8061429141708,55811.58046129318,92924.88522080088,false
51,G4_BALANCED,G4_BALANCED,[31, 22, 42, 15, 26, 58, 95, 82, 77, 12, 47, 5, 93, 78, 98, 54, 85, 63, 18, 44, 20, 35, 43, 97, 91, 76, 10, 19, 21, 45, 71, 64, 1, 23, 17, 83, 24, 61, 60, 36, 6, 57, 94, 88, 65, 56, 79, 40, 67, 68, 46, 75, 38, 9, 30, 32, 81, 41, 27, 62, 87, 90, 99, 59, 11, 16, 72, 73, 70, 39, 37, 84, 3, 92, 25, 55, 28, 29, 51, 7, 33, 14, 86, 48, 89, 50, 66, 96, 53, 80, 4, 8, 34, 49, 0, 52, 13, 2, 69, 74]|[1, 1, 0, 1, 1, 1, 2, 1, 2, 1, 2, 2, 2, 1, 1, 0, 0, 1, 0, 2, 2, 0, 1, 2, 0, 1, 2, 2, 0, 0, 1, 2, 1, 2, 1, 0, 2, 0, 1, 1, 0, 1, 1, 1, 0, 2, 1, 1, 0, 0, 0, 0, 1, 1, 2, 1, 2, 2, 0, 0, 2, 1, 0, 1, 2, 1, 2, 1, 1, 1, 1, 1, 2, 1, 1, 1, 0, 0, 0, 1, 2, 1, 0, 0, 1, 0, 0, 2, 0, 0, 0, 1, 2, 0, 0, 1, 0, 0, 1, 2]|[4, 3, 2, 2, 0, 0, 2, 2, 2, 4, 1, 1, 2, 4, 4, 1, 1, 4, 2, 1, 1, 1, 1, 2, 1, 2, 1, 0, 1, 1, 3, 2, 3, 0, 4, 0, 1, 1, 0, 3, 2, 2, 4, 0, 1, 1, 0, 2, 0, 1, 2, 2, 1, 4, 1, 3, 2, 1, 1, 2, 1, 3, 1, 1, 1, 3, 0, 4, 3, 1, 4, 1, 1, 4, 4, 4, 2, 1, 1, 3, 1, 3, 1, 1, 1, 1, 1, 1, 2, 1, 2, 3, 1, 1, 2, 1, 2, 2, 3, 1]|[0, 2, 1, 1, 3, 3, 0, 1, 0, 0, 0, 0, 1, 0, 1, 0, 0, 3, 1, 0, 0, 0, 3, 1, 0, 2, 0, 0, 0, 1, 0, 0, 0, 0, 3, 0, 1, 0, 0, 2, 1, 1, 2, 0, 0, 0, 0, 1, 1, 0, 0, 0, 1, 3, 0, 0, 1, 0, 0, 1, 0, 2, 0, 1, 0, 2, 1, 0, 0, 1, 1, 3, 0, 0, 3, 3, 1, 0, 0, 2, 0, 0, 0, 0, 1, 0, 0, 0, 1, 0, 1, 2, 0, 1, 0, 1, 0, 0, 0, 0],736.2670012451629,57630.52540083121,89970.27722989232,false
51,G2_TEC,G2_TEC,[31, 94, 82, 15, 26, 9, 95, 42, 77, 68, 47, 5, 93, 78, 86, 54, 85, 63, 18, 44, 20, 49, 36, 14, 74, 50, 53, 17, 21, 28, 11, 64, 3, 23, 30, 83, 24, 41, 40, 52, 65, 27, 90, 70, 39, 87, 48, 69, 99, 4, 46, 1, 13, 56, 97, 59, 45, 8, 73, 37, 35, 79, 71, 66, 76, 32, 60, 80, 58, 6, 67, 61, 33, 7, 57, 34, 12, 16, 10, 98, 96, 88, 43, 81, 91, 2, 84, 29, 92, 19, 51, 55, 89, 75, 25, 72, 22, 38, 62, 0]|[2, 1, 2, 1, 1, 2, 1, 1, 1, 1, 1, 0, 2, 2, 1, 2, 0, 0, 0, 2, 2, 1, 0, 2, 0, 2, 2, 1, 0, 1, 1, 1, 0, 0, 1, 0, 2, 1, 2, 2, 0, 0, 1, 1, 0, 2, 0, 2, 1, 0, 0, 2, 0, 2, 2, 0, 1, 1, 0, 0, 2, 1, 1, 2, 2, 0, 2, 2, 2, 1, 2, 1, 1, 2, 0, 1, 1, 2, 1, 2, 0, 1, 1, 1, 1, 0, 0, 1, 0, 1, 1, 0, 1, 0, 1, 1, 2, 0, 1, 0]|[0, 3, 0, 3, 4, 1, 4, 4, 4, 4, 3, 2, 1, 0, 2, 1, 1, 1, 2, 1, 1, 3, 0, 1, 0, 1, 1, 4, 1, 4, 3, 2, 2, 0, 4, 1, 1, 4, 1, 1, 2, 1, 4, 4, 1, 1, 0, 1, 3, 2, 2, 1, 2, 1, 1, 2, 4, 3, 0, 2, 1, 3, 3, 1, 1, 2, 1, 1, 1, 4, 1, 3, 4, 1, 2, 4, 3, 1, 3, 1, 2, 4, 4, 4, 3, 2, 2, 3, 2, 4, 3, 2, 4, 2, 4, 4, 1, 2, 3, 2]|[0, 2, 0, 0, 3, 0, 1, 3, 1, 0, 2, 0, 1, 0, 1, 0, 0, 0, 1, 0, 0, 2, 0, 0, 1, 0, 0, 3, 0, 1, 0, 2, 0, 0, 3, 0, 1, 1, 0, 0, 0, 0, 1, 3, 0, 0, 1, 0, 2, 0, 0, 0, 0, 0, 1, 0, 1, 0, 1, 1, 0, 2, 0, 0, 0, 0, 0, 0, 0, 2, 0, 0, 1, 0, 0, 1, 0, 0, 3, 0, 0, 1, 2, 2, 0, 0, 0, 3, 0, 1, 0, 0, 1, 0, 3, 1, 0, 0, 0, 0],910.6016522559228,48453.76930145325,107095.52069553157,false
51,G3_TWC,G3_TWC,[31, 22, 42, 15, 26, 58, 95, 82, 77, 12, 47, 5, 93, 78, 98, 54, 85, 63, 18, 44, 20, 35, 43, 97, 91, 76, 10, 30, 21, 45, 71, 64, 1, 23, 17, 83, 24, 61, 60, 36, 6, 57, 94, 88, 65, 56, 79, 40, 67, 68, 46, 75, 38, 9, 19, 32, 81, 41, 27, 62, 87, 90, 99, 59, 11, 16, 72, 73, 70, 39, 37, 84, 3, 92, 25, 74, 28, 29, 51, 7, 53, 14, 86, 48, 89, 50, 66, 96, 33, 80, 4, 8, 55, 49, 0, 52, 69, 2, 13, 34]|[1, 1, 0, 1, 1, 1, 2, 1, 2, 1, 2, 2, 2, 1, 1, 0, 0, 1, 0, 2, 2, 0, 1, 2, 0, 1, 2, 2, 0, 0, 1, 2, 1, 2, 1, 0, 2, 0, 1, 1, 0, 1, 1, 1, 0, 2, 1, 1, 0, 0, 0, 0, 1, 1, 2, 1, 2, 0, 0, 0, 2, 1, 0, 1, 2, 1, 2, 1, 1, 1, 1, 1, 2, 0, 1, 2, 0, 0, 0, 1, 0, 1, 0, 0, 1, 0, 0, 0, 2, 0, 0, 1, 1, 0, 0, 1, 1, 0, 0, 2]|[4, 3, 2, 2, 0, 0, 2, 2, 2, 4, 1, 1, 2, 4, 4, 1, 1, 4, 2, 1, 1, 1, 1, 2, 1, 2, 1, 1, 1, 1, 3, 2, 3, 0, 4, 0, 1, 1, 0, 3, 2, 2, 4, 0, 1, 1, 3, 2, 0, 1, 2, 2, 1, 4, 0, 3, 2, 1, 1, 2, 1, 3, 1, 1, 1, 3, 0, 4, 3, 1, 4, 1, 1, 2, 4, 1, 2, 1, 1, 3, 2, 3, 1, 1, 1, 1, 1, 1, 1, 1, 2, 3, 4, 1, 2, 1, 3, 2, 2, 1]|[0, 2, 1, 1, 3, 3, 0, 1, 0, 0, 0, 0, 1, 0, 1, 0, 0, 3, 1, 0, 0, 0, 3, 1, 0, 2, 0, 0, 0, 1, 0, 0, 0, 0, 3, 0, 1, 0, 0, 2, 1, 1, 2, 0, 0, 0, 0, 1, 1, 0, 0, 0, 1, 3, 0, 0, 1, 0, 0, 1, 0, 2, 0, 1, 0, 2, 1, 0, 0, 1, 1, 3, 0, 1, 3, 0, 1, 0, 0, 2, 1, 0, 0, 0, 1, 0, 0, 0, 0, 0, 1, 2, 3, 1, 0, 1, 0, 0, 0, 0],802.5281847645216,57652.86795409501,87938.17744329936,false
51,G1_CMAX,G3_TWC,[31, 22, 42, 15, 26, 58, 95, 82, 77, 12, 47, 5, 93, 78, 98, 54, 85, 63, 18, 44, 20, 35, 43, 97, 91, 76, 10, 30, 21, 45, 71, 64, 1, 23, 17, 83, 24, 61, 60, 36, 6, 57, 94, 88, 65, 56, 79, 40, 67, 68, 46, 75, 38, 9, 19, 32, 81, 41, 27, 62, 87, 90, 99, 59, 28, 16, 72, 73, 70, 39, 37, 84, 3, 92, 25, 74, 11, 29, 51, 7, 53, 14, 86, 48, 89, 50, 66, 96, 33, 80, 4, 8, 55, 49, 0, 2, 13, 52, 34, 69]|[1, 1, 0, 1, 1, 1, 2, 1, 2, 1, 2, 2, 2, 1, 1, 0, 0, 1, 0, 2, 2, 0, 1, 2, 0, 1, 2, 2, 0, 0, 1, 2, 1, 2, 1, 0, 2, 0, 1, 1, 0, 1, 1, 1, 0, 2, 1, 1, 0, 0, 0, 0, 1, 1, 2, 1, 2, 0, 0, 0, 2, 1, 0, 1, 0, 1, 2, 1, 1, 1, 1, 1, 2, 0, 1, 2, 2, 0, 0, 1, 0, 0, 0, 0, 1, 0, 2, 2, 2, 0, 0, 1, 1, 0, 0, 0, 0, 1, 2, 1]|[4, 3, 2, 2, 0, 0, 2, 2, 2, 4, 1, 1, 2, 4, 4, 1, 1, 4, 2, 1, 1, 1, 1, 2, 1, 2, 1, 1, 1, 1, 3, 2, 3, 1, 4, 0, 2, 1, 0, 3, 2, 2, 4, 0, 1, 1, 0, 2, 0, 1, 2, 2, 1, 4, 0, 3, 2, 1, 1, 2, 1, 3, 1, 1, 2, 3, 0, 4, 3, 1, 4, 1, 1, 2, 4, 1, 1, 1, 1, 3, 2, 1, 1, 1, 1, 1, 1, 1, 1, 1, 2, 3, 4, 1, 2, 2, 2, 1, 1, 3]|[0, 2, 1, 1, 3, 3, 0, 1, 0, 0, 0, 0, 1, 0, 1, 0, 0, 3, 1, 0, 0, 0, 3, 1, 0, 2, 0, 0, 0, 1, 0, 0, 0, 0, 3, 0, 1, 0, 0, 2, 1, 1, 2, 0, 0, 0, 0, 1, 1, 0, 0, 0, 1, 3, 0, 0, 1, 0, 0, 1, 0, 2, 0, 1, 1, 2, 1, 0, 0, 1, 1, 3, 0, 1, 3, 0, 0, 0, 0, 2, 1, 0, 0, 0, 1, 0, 0, 0, 0, 0, 1, 2, 3, 1, 0, 0, 0, 1, 0, 0],794.7562761896467,57531.806849490036,88372.94958142453,true
51,G4_BALANCED,G3_TWC,[31, 22, 23, 15, 26, 58, 95, 82, 77, 12, 47, 5, 93, 78, 98, 54, 85, 63, 18, 44, 20, 35, 43, 97, 91, 76, 10, 30, 21, 45, 71, 64, 1, 42, 17, 83, 24, 61, 60, 36, 6, 57, 94, 88, 65, 56, 79, 40, 67, 68, 46, 75, 38, 9, 19, 32, 81, 41, 27, 62, 87, 90, 99, 59, 11, 16, 72, 73, 70, 39, 37, 84, 3, 92, 25, 74, 28, 29, 51, 7, 53, 14, 86, 48, 89, 50, 4, 66, 33, 80, 96, 8, 55, 49, 0, 52, 13, 2, 69, 34]|[1, 1, 0, 1, 1, 1, 2, 1, 2, 1, 2, 2, 2, 1, 1, 0, 0, 1, 0, 2, 2, 0, 1, 2, 0, 1, 2, 2, 0, 0, 1, 2, 1, 2, 1, 0, 2, 0, 1, 1, 0, 1, 1, 1, 0, 2, 1, 1, 0, 0, 0, 0, 1, 1, 2, 1, 2, 0, 0, 0, 2, 1, 0, 1, 2, 1, 2, 1, 1, 1, 1, 1, 2, 0, 1, 2, 0, 0, 0, 1, 0, 1, 0, 0, 1, 0, 0, 0, 2, 0, 0, 1, 1, 0, 0, 1, 0, 0, 1, 2]|[4, 3, 2, 2, 0, 0, 2, 2, 2, 4, 1, 1, 2, 4, 4, 1, 1, 4, 2, 1, 1, 1, 1, 2, 1, 2, 1, 1, 1, 1, 3, 2, 3, 0, 4, 0, 1, 1, 0, 3, 2, 2, 4, 0, 1, 1, 3, 2, 0, 1, 2, 2, 1, 4, 0, 3, 2, 1, 1, 2, 1, 3, 1, 1, 1, 3, 0, 4, 3, 1, 4, 1, 1, 2, 4, 1, 2, 1, 1, 3, 2, 3, 1, 1, 1, 1, 2, 1, 1, 1, 1, 3, 4, 1, 2, 1, 2, 2, 3, 1]|[0, 2, 1, 1, 3, 3, 0, 1, 0, 0, 0, 0, 1, 0, 1, 0, 0, 3, 1, 0, 0, 0, 3, 1, 0, 2, 0, 0, 0, 1, 0, 0, 0, 0, 3, 0, 1, 0, 0, 2, 1, 1, 2, 0, 0, 0, 0, 1, 1, 0, 0, 0, 1, 3, 0, 0, 1, 0, 0, 1, 0, 2, 0, 1, 0, 2, 1, 0, 0, 1, 1, 3, 0, 1, 3, 0, 1, 0, 0, 2, 1, 0, 0, 0, 1, 0, 1, 0, 0, 0, 0, 2, 3, 1, 0, 1, 0, 0, 0, 0],800.5793025401239,57542.57711974915,88286.61770071645,true
51,G2_TEC,G2_TEC,[31, 94, 82, 15, 26, 9, 95, 42, 77, 68, 47, 5, 93, 78, 86, 54, 85, 63, 18, 44, 20, 49, 36, 14, 74, 50, 53, 17, 21, 28, 11, 64, 3, 23, 30, 83, 24, 41, 40, 52, 65, 27, 90, 70, 39, 87, 48, 69, 99, 4, 46, 1, 13, 56, 97, 59, 45, 8, 73, 37, 35, 79, 71, 66, 76, 32, 60, 80, 58, 6, 67, 61, 33, 7, 57, 34, 12, 16, 10, 98, 96, 88, 43, 81, 91, 2, 84, 29, 92, 19, 51, 55, 89, 75, 25, 72, 22, 38, 62, 0]|[2, 1, 2, 1, 1, 2, 1, 1, 1, 1, 1, 0, 2, 2, 1, 2, 0, 0, 0, 2, 2, 1, 0, 2, 0, 2, 2, 1, 0, 1, 1, 1, 0, 0, 1, 0, 2, 1, 2, 2, 0, 0, 1, 1, 0, 2, 0, 2, 1, 0, 0, 2, 0, 2, 2, 0, 1, 1, 0, 0, 2, 1, 1, 2, 2, 0, 2, 2, 2, 1, 2, 1, 1, 2, 0, 1, 1, 2, 1, 2, 0, 1, 1, 1, 1, 0, 0, 1, 0, 1, 1, 0, 1, 0, 1, 1, 2, 0, 1, 0]|[0, 3, 0, 3, 4, 1, 4, 4, 4, 4, 3, 2, 1, 0, 2, 1, 1, 1, 2, 1, 1, 3, 0, 1, 0, 1, 1, 4, 1, 4, 3, 2, 2, 0, 4, 1, 1, 4, 1, 1, 2, 1, 4, 4, 1, 1, 0, 1, 3, 2, 2, 1, 2, 1, 1, 2, 4, 3, 0, 2, 1, 3, 3, 1, 1, 2, 1, 1, 1, 4, 1, 3, 4, 1, 2, 4, 3, 1, 3, 1, 2, 4, 4, 4, 3, 2, 2, 3, 2, 4, 3, 2, 4, 2, 4, 4, 1, 2, 3, 2]|[0, 2, 0, 0, 3, 0, 1, 3, 1, 0, 2, 0, 1, 0, 1, 0, 0, 0, 1, 0, 0, 2, 0, 0, 1, 0, 0, 3, 0, 1, 0, 2, 0, 0, 3, 0, 1, 1, 0, 0, 0, 0, 1, 3, 0, 0, 1, 0, 2, 0, 0, 0, 0, 0, 1, 0, 1, 0, 1, 1, 0, 2, 0, 0, 0, 0, 0, 0, 0, 2, 0, 0, 1, 0, 0, 1, 0, 0, 3, 0, 0, 1, 2, 2, 0, 0, 0, 3, 0, 1, 0, 0, 1, 0, 3, 1, 0, 0, 0, 0],910.6016522559228,48453.76930145325,107095.52069553157,false
51,G3_TWC,G3_TWC,[31, 22, 42, 15, 26, 58, 95, 82, 77, 12, 47, 5, 93, 78, 98, 54, 85, 63, 18, 44, 20, 35, 43, 97, 91, 76, 10, 30, 21, 45, 71, 64, 1, 23, 17, 83, 24, 61, 60, 36, 6, 57, 94, 88, 65, 56, 79, 40, 67, 68, 46, 75, 38, 9, 19, 32, 81, 41, 27, 62, 87, 90, 99, 59, 11, 16, 72, 73, 70, 39, 37, 84, 3, 92, 25, 74, 28, 29, 51, 7, 53, 14, 86, 48, 89, 50, 66, 96, 33, 80, 4, 8, 55, 49, 0, 52, 69, 2, 13, 34]|[1, 1, 0, 1, 1, 1, 2, 1, 2, 1, 2, 2, 2, 1, 1, 0, 0, 1, 0, 2, 2, 0, 1, 2, 0, 1, 2, 2, 0, 0, 1, 2, 1, 2, 1, 0, 2, 0, 1, 1, 0, 1, 1, 1, 0, 2, 1, 1, 0, 0, 0, 0, 1, 1, 2, 1, 2, 0, 0, 0, 2, 1, 0, 1, 2, 1, 2, 1, 1, 1, 1, 1, 2, 0, 1, 2, 0, 0, 0, 1, 0, 1, 0, 0, 1, 0, 0, 0, 2, 0, 0, 1, 1, 0, 0, 1, 1, 0, 0, 2]|[4, 3, 2, 2, 0, 0, 2, 2, 2, 4, 1, 1, 2, 4, 4, 1, 1, 4, 2, 1, 1, 1, 1, 2, 1, 2, 1, 1, 1, 1, 3, 2, 3, 0, 4, 0, 1, 1, 0, 3, 2, 2, 4, 0, 1, 1, 3, 2, 0, 1, 2, 2, 1, 4, 0, 3, 2, 1, 1, 2, 1, 3, 1, 1, 1, 3, 0, 4, 3, 1, 4, 1, 1, 2, 4, 1, 2, 1, 1, 3, 2, 3, 1, 1, 1, 1, 1, 1, 1, 1, 2, 3, 4, 1, 2, 1, 3, 2, 2, 1]|[0, 2, 1, 1, 3, 3, 0, 1, 0, 0, 0, 0, 1, 0, 1, 0, 0, 3, 1, 0, 0, 0, 3, 1, 0, 2, 0, 0, 0, 1, 0, 0, 0, 0, 3, 0, 1, 0, 0, 2, 1, 1, 2, 0, 0, 0, 0, 1, 1, 0, 0, 0, 1, 3, 0, 0, 1, 0, 0, 1, 0, 2, 0, 1, 0, 2, 1, 0, 0, 1, 1, 3, 0, 1, 3, 0, 1, 0, 0, 2, 1, 0, 0, 0, 1, 0, 0, 0, 0, 0, 1, 2, 3, 1, 0, 1, 0, 0, 0, 0],802.5281847645216,57652.86795409501,87938.17744329936,false
51,G1_CMAX,G4_BALANCED,[31, 22, 82, 15, 26, 58, 95, 42, 77, 12, 47, 5, 93, 78, 86, 54, 85, 63, 18, 44, 20, 35, 43, 97, 91, 76, 10, 30, 21, 45, 71, 64, 1, 23, 17, 83, 24, 14, 60, 36, 6, 57, 40, 88, 65, 56, 79, 94, 67, 68, 46, 29, 38, 9, 19, 32, 81, 41, 27, 87, 62, 90, 99, 59, 11, 66, 72, 73, 39, 70, 37, 84, 3, 92, 25, 74, 28, 75, 51, 7, 55, 61, 98, 48, 89, 16, 50, 96, 33, 80, 4, 8, 53, 49, 0, 52, 13, 2, 69, 34]|[1, 1, 0, 1, 1, 0, 1, 2, 2, 1, 2, 2, 2, 1, 1, 0, 0, 1, 0, 2, 2, 0, 1, 2, 0, 1, 2, 2, 0, 0, 1, 2, 1, 2, 1, 0, 2, 0, 1, 1, 0, 1, 1, 1, 0, 2, 1, 1, 0, 0, 0, 0, 1, 1, 2, 1, 2, 0, 0, 2, 2, 1, 0, 1, 2, 2, 2, 1, 1, 1, 1, 1, 1, 0, 1, 2, 0, 0, 0, 1, 2, 1, 2, 0, 1, 1, 0, 2, 2, 0, 1, 1, 0, 0, 0, 1, 0, 0, 1, 2]|[4, 3, 2, 2, 4, 1, 2, 2, 2, 4, 1, 1, 2, 4, 4, 1, 2, 4, 2, 1, 1, 1, 1, 2, 1, 2, 1, 1, 1, 1, 3, 2, 3, 1, 4, 0, 1, 1, 0, 3, 2, 2, 2, 0, 1, 1, 0, 4, 0, 1, 2, 2, 1, 4, 0, 3, 1, 1, 1, 1, 1, 3, 1, 1, 1, 1, 1, 4, 3, 3, 4, 1, 1, 2, 4, 1, 2, 2, 1, 1, 1, 3, 1, 1, 1, 3, 1, 1, 1, 1, 4, 3, 2, 1, 2, 1, 2, 2, 4, 1]|[0, 2, 1, 1, 3, 0, 1, 0, 0, 0, 0, 0, 1, 0, 1, 0, 0, 3, 1, 0, 0, 0, 3, 1, 0, 2, 0, 0, 0, 1, 0, 0, 0, 0, 3, 0, 1, 0, 0, 2, 1, 1, 1, 0, 0, 0, 0, 2, 1, 0, 0, 0, 1, 3, 0, 0, 0, 0, 0, 0, 0, 2, 0, 1, 0, 0, 0, 0, 0, 0, 1, 3, 1, 1, 3, 0, 1, 0, 0, 2, 0, 0, 0, 0, 1, 2, 0, 0, 0, 0, 0, 2, 1, 1, 0, 1, 0, 0, 2, 0],798.0294042478927,55202.006513415756,98789.04139124315,true
51,G4_BALANCED,G4_BALANCED,[31, 22, 82, 15, 26, 58, 95, 42, 77, 12, 47, 5, 93, 78, 44, 54, 85, 63, 18, 98, 20, 35, 43, 97, 91, 76, 10, 30, 21, 61, 71, 64, 1, 23, 17, 83, 24, 14, 60, 36, 6, 57, 94, 88, 65, 56, 79, 40, 67, 68, 46, 75, 38, 9, 19, 32, 81, 41, 27, 62, 87, 90, 99, 59, 11, 16, 72, 73, 70, 37, 84, 3, 39, 25, 28, 55, 66, 29, 51, 7, 33, 45, 86, 92, 89, 50, 69, 96, 53, 80, 4, 8, 48, 49, 52, 2, 13, 0, 34, 74]|[1, 1, 0, 1, 1, 0, 1, 2, 2, 1, 2, 2, 2, 1, 1, 0, 0, 1, 0, 2, 2, 0, 1, 2, 0, 1, 2, 2, 0, 0, 1, 2, 1, 2, 1, 0, 2, 0, 1, 1, 0, 1, 1, 1, 0, 2, 1, 1, 0, 0, 0, 0, 1, 1, 2, 1, 0, 0, 0, 0, 2, 1, 1, 2, 2, 1, 2, 1, 2, 1, 1, 2, 1, 1, 0, 1, 2, 0, 0, 1, 2, 1, 2, 0, 1, 0, 1, 2, 0, 0, 1, 0, 0, 0, 1, 0, 0, 0, 2, 2]|[4, 3, 2, 2, 4, 1, 2, 2, 2, 4, 1, 1, 2, 4, 4, 1, 2, 4, 2, 1, 1, 1, 1, 2, 1, 2, 1, 1, 1, 1, 3, 2, 3, 1, 4, 0, 1, 1, 0, 3, 2, 2, 2, 0, 1, 1, 0, 4, 0, 1, 2, 2, 1, 4, 0, 3, 1, 1, 1, 2, 1, 3, 1, 1, 1, 3, 1, 4, 1, 4, 1, 1, 1, 4, 2, 4, 1, 1, 1, 1, 1, 3, 1, 2, 1, 1, 4, 1, 2, 1, 4, 1, 1, 1, 1, 2, 2, 2, 1, 1]|[0, 2, 1, 1, 3, 0, 1, 0, 0, 0, 0, 0, 1, 0, 1, 0, 0, 3, 1, 0, 0, 0, 3, 1, 0, 2, 0, 0, 0, 1, 0, 0, 0, 0, 3, 0, 1, 0, 0, 2, 1, 1, 1, 0, 0, 0, 0, 2, 1, 0, 0, 0, 1, 3, 0, 0, 0, 0, 0, 1, 0, 2, 1, 0, 0, 2, 0, 0, 0, 1, 3, 0, 1, 3, 1, 3, 0, 0, 0, 2, 0, 0, 0, 1, 1, 0, 2, 0, 1, 0, 0, 0, 0, 1, 1, 0, 0, 0, 0, 0],823.5567668680732,55202.257254498894,96651.41535653878,false
51,G2_TEC,G2_TEC,[31, 94, 82, 15, 26, 9, 95, 42, 77, 68, 47, 5, 93, 78, 86, 54, 85, 63, 18, 44, 20, 49, 36, 14, 74, 50, 53, 17, 21, 28, 11, 64, 3, 23, 30, 83, 24, 41, 40, 52, 65, 27, 90, 70, 39, 87, 48, 69, 99, 4, 46, 1, 13, 56, 97, 59, 45, 8, 73, 37, 35, 79, 71, 66, 76, 32, 60, 80, 58, 6, 67, 61, 33, 7, 57, 34, 12, 16, 10, 98, 96, 88, 43, 81, 91, 2, 84, 29, 92, 19, 51, 55, 89, 75, 25, 72, 22, 38, 62, 0]|[2, 1, 2, 1, 1, 2, 1, 1, 1, 1, 1, 0, 2, 2, 1, 2, 0, 0, 0, 2, 2, 1, 0, 2, 0, 2, 2, 1, 0, 1, 1, 1, 0, 0, 1, 0, 2, 1, 2, 2, 0, 0, 1, 1, 0, 2, 0, 2, 1, 0, 0, 2, 0, 2, 2, 0, 1, 1, 0, 0, 2, 1, 1, 2, 2, 0, 2, 2, 2, 1, 2, 1, 1, 2, 0, 1, 1, 2, 1, 2, 0, 1, 1, 1, 1, 0, 0, 1, 0, 1, 1, 0, 1, 0, 1, 1, 2, 0, 1, 0]|[0, 3, 0, 3, 4, 1, 4, 4, 4, 4, 3, 2, 1, 0, 2, 1, 1, 1, 2, 1, 1, 3, 0, 1, 0, 1, 1, 4, 1, 4, 3, 2, 2, 0, 4, 1, 1, 4, 1, 1, 2, 1, 4, 4, 1, 1, 0, 1, 3, 2, 2, 1, 2, 1, 1, 2, 4, 3, 0, 2, 1, 3, 3, 1, 1, 2, 1, 1, 1, 4, 1, 3, 4, 1, 2, 4, 3, 1, 3, 1, 2, 4, 4, 4, 3, 2, 2, 3, 2, 4, 3, 2, 4, 2, 4, 4, 1, 2, 3, 2]|[0, 2, 0, 0, 3, 0, 1, 3, 1, 0, 2, 0, 1, 0, 1, 0, 0, 0, 1, 0, 0, 2, 0, 0, 1, 0, 0, 3, 0, 1, 0, 2, 0, 0, 3, 0, 1, 1, 0, 0, 0, 0, 1, 3, 0, 0, 1, 0, 2, 0, 0, 0, 0, 0, 1, 0, 1, 0, 1, 1, 0, 2, 0, 0, 0, 0, 0, 0, 0, 2, 0, 0, 1, 0, 0, 1, 0, 0, 3, 0, 0, 1, 2, 2, 0, 0, 0, 3, 0, 1, 0, 0, 1, 0, 3, 1, 0, 0, 0, 0],910.6016522559228,48453.76930145325,107095.52069553157,false
51,G3_TWC,G3_TWC,[31, 22, 42, 15, 26, 58, 95, 82, 77, 12, 47, 5, 93, 78, 98, 54, 85, 63, 18, 44, 20, 35, 43, 97, 91, 76, 10, 30, 21, 45, 71, 64, 1, 23, 17, 83, 24, 61, 60, 36, 6, 57, 94, 88, 65, 56, 79, 40, 67, 68, 46, 75, 38, 9, 19, 32, 81, 41, 27, 62, 87, 90, 99, 59, 11, 16, 72, 73, 70, 39, 37, 84, 3, 92, 25, 74, 28, 29, 51, 7, 53, 14, 86, 48, 89, 50, 66, 96, 33, 80, 4, 8, 55, 49, 0, 52, 69, 2, 13, 34]|[1, 1, 0, 1, 1, 1, 2, 1, 2, 1, 2, 2, 2, 1, 1, 0, 0, 1, 0, 2, 2, 0, 1, 2, 0, 1, 2, 2, 0, 0, 1, 2, 1, 2, 1, 0, 2, 0, 1, 1, 0, 1, 1, 1, 0, 2, 1, 1, 0, 0, 0, 0, 1, 1, 2, 1, 2, 0, 0, 0, 2, 1, 0, 1, 2, 1, 2, 1, 1, 1, 1, 1, 2, 0, 1, 2, 0, 0, 0, 1, 0, 1, 0, 0, 1, 0, 0, 0, 2, 0, 0, 1, 1, 0, 0, 1, 1, 0, 0, 2]|[4, 3, 2, 2, 0, 0, 2, 2, 2, 4, 1, 1, 2, 4, 4, 1, 1, 4, 2, 1, 1, 1, 1, 2, 1, 2, 1, 1, 1, 1, 3, 2, 3, 0, 4, 0, 1, 1, 0, 3, 2, 2, 4, 0, 1, 1, 3, 2, 0, 1, 2, 2, 1, 4, 0, 3, 2, 1, 1, 2, 1, 3, 1, 1, 1, 3, 0, 4, 3, 1, 4, 1, 1, 2, 4, 1, 2, 1, 1, 3, 2, 3, 1, 1, 1, 1, 1, 1, 1, 1, 2, 3, 4, 1, 2, 1, 3, 2, 2, 1]|[0, 2, 1, 1, 3, 3, 0, 1, 0, 0, 0, 0, 1, 0, 1, 0, 0, 3, 1, 0, 0, 0, 3, 1, 0, 2, 0, 0, 0, 1, 0, 0, 0, 0, 3, 0, 1, 0, 0, 2, 1, 1, 2, 0, 0, 0, 0, 1, 1, 0, 0, 0, 1, 3, 0, 0, 1, 0, 0, 1, 0, 2, 0, 1, 0, 2, 1, 0, 0, 1, 1, 3, 0, 1, 3, 0, 1, 0, 0, 2, 1, 0, 0, 0, 1, 0, 0, 0, 0, 0, 1, 2, 3, 1, 0, 1, 0, 0, 0, 0],802.5281847645216,57652.86795409501,87938.17744329936,false
51,G1_CMAX,G4_BALANCED,[31, 22, 82, 15, 26, 58, 95, 42, 77, 12, 47, 5, 30, 78, 86, 54, 85, 63, 18, 44, 20, 35, 43, 97, 91, 76, 10, 93, 21, 45, 71, 64, 1, 23, 17, 83, 24, 14, 60, 36, 6, 57, 40, 88, 65, 56, 79, 94, 67, 68, 46, 75, 38, 9, 19, 32, 81, 41, 27, 62, 90, 99, 59, 87, 11, 66, 73, 70, 39, 37, 84, 3, 72, 92, 25, 55, 28, 29, 51, 7, 16, 61, 98, 48, 89, 50, 4, 96, 53, 80, 8, 33, 34, 49, 52, 0, 13, 2, 69, 74]|[1, 1, 0, 1, 1, 0, 1, 2, 2, 1, 2, 2, 2, 1, 1, 0, 0, 1, 0, 2, 2, 0, 0, 2, 0, 1, 2, 2, 0, 0, 1, 2, 1, 2, 1, 0, 2, 0, 1, 1, 0, 1, 1, 1, 0, 2, 1, 1, 0, 0, 0, 0, 1, 1, 2, 1, 2, 0, 0, 2, 1, 0, 1, 2, 2, 2, 1, 1, 1, 1, 1, 1, 2, 0, 1, 1, 0, 0, 0, 1, 2, 1, 2, 0, 1, 0, 1, 2, 0, 0, 0, 2, 2, 0, 1, 0, 0, 0, 1, 2]|[4, 3, 2, 2, 4, 1, 2, 2, 2, 4, 1, 1, 2, 4, 4, 1, 2, 4, 2, 1, 1, 1, 1, 2, 1, 2, 1, 1, 2, 1, 3, 2, 3, 1, 4, 0, 1, 1, 0, 3, 2, 2, 2, 0, 1, 1, 0, 4, 0, 1, 2, 2, 1, 4, 0, 3, 2, 1, 1, 1, 3, 1, 1, 1, 1, 1, 4, 3, 1, 4, 1, 1, 1, 0, 4, 4, 2, 2, 1, 1, 1, 3, 1, 1, 1, 1, 4, 1, 2, 1, 1, 1, 1, 1, 1, 2, 2, 2, 4, 1]|[0, 2, 1, 1, 3, 0, 1, 0, 0, 0, 0, 0, 1, 0, 1, 0, 0, 3, 1, 0, 0, 0, 0, 1, 0, 2, 0, 0, 0, 1, 0, 0, 0, 0, 3, 0, 1, 0, 0, 2, 1, 1, 1, 0, 0, 0, 0, 2, 1, 0, 0, 0, 1, 3, 0, 0, 1, 0, 0, 0, 2, 0, 1, 0, 0, 0, 0, 0, 1, 1, 3, 1, 0, 1, 3, 3, 1, 0, 0, 2, 0, 0, 0, 0, 1, 0, 0, 0, 1, 0, 0, 0, 0, 1, 1, 0, 0, 0, 2, 0],780.1204793587376,55381.14930119356,97957.80477469892,true
51,G4_BALANCED,G4_BALANCED,[31, 11, 82, 15, 26, 9, 95, 42, 77, 68, 47, 5, 93, 78, 86, 54, 85, 63, 18, 44, 20, 49, 36, 14, 74, 50, 53, 17, 21, 45, 71, 64, 3, 23, 30, 83, 24, 41, 60, 52, 65, 27, 90, 70, 39, 87, 48, 69, 99, 4, 46, 1, 13, 58, 97, 59, 28, 75, 73, 37, 35, 79, 22, 66, 76, 32, 40, 80, 96, 6, 61, 16, 7, 33, 57, 34, 12, 67, 10, 98, 56, 88, 29, 8, 91, 38, 19, 92, 43, 84, 51, 72, 81, 25, 94, 55, 0, 89, 2, 62]|[2, 1, 2, 1, 1, 2, 1, 1, 1, 1, 1, 0, 2, 2, 1, 2, 0, 0, 0, 2, 2, 1, 0, 2, 0, 2, 2, 1, 0, 1, 1, 1, 0, 0, 1, 0, 2, 1, 2, 2, 0, 0, 1, 1, 0, 2, 0, 2, 1, 0, 0, 2, 0, 0, 2, 0, 1, 1, 0, 0, 2, 1, 0, 2, 2, 0, 2, 2, 0, 1, 2, 2, 2, 1, 0, 1, 1, 1, 1, 2, 2, 1, 1, 0, 1, 0, 1, 0, 1, 0, 1, 1, 1, 1, 2, 0, 0, 1, 2, 1]|[0, 3, 0, 2, 4, 1, 4, 4, 2, 4, 3, 2, 1, 0, 2, 1, 1, 1, 2, 1, 1, 3, 0, 1, 0, 1, 1, 4, 1, 4, 3, 2, 2, 0, 4, 1, 1, 4, 0, 1, 2, 1, 4, 4, 1, 1, 0, 2, 3, 1, 2, 1, 2, 1, 1, 2, 4, 3, 0, 2, 2, 3, 1, 0, 1, 2, 0, 1, 2, 4, 1, 1, 1, 4, 2, 4, 3, 3, 3, 1, 1, 4, 3, 2, 3, 2, 4, 2, 4, 2, 3, 4, 1, 4, 1, 2, 2, 4, 1, 3]|[0, 2, 0, 1, 3, 0, 1, 3, 0, 0, 2, 0, 1, 0, 1, 0, 0, 0, 1, 0, 0, 2, 0, 0, 1, 0, 0, 3, 0, 1, 0, 2, 0, 1, 3, 0, 1, 3, 1, 0, 0, 0, 1, 3, 0, 0, 1, 0, 2, 0, 0, 0, 0, 0, 1, 0, 1, 0, 1, 1, 0, 2, 0, 0, 0, 0, 1, 0, 0, 2, 0, 0, 0, 1, 0, 1, 0, 0, 3, 0, 0, 1, 0, 0, 0, 0, 3, 0, 2, 0, 0, 2, 1, 3, 0, 0, 0, 1, 0, 0],843.8855010804491,52510.30755899072,105664.6447807653,false
51,G2_TEC,G2_TEC,[31, 94, 82, 15, 26, 9, 95, 42, 77, 68, 47, 5, 93, 78, 86, 54, 85, 63, 18, 44, 20, 49, 36, 14, 74, 50, 53, 17, 21, 28, 11, 64, 3, 23, 30, 83, 24, 41, 40, 52, 65, 27, 90, 70, 39, 87, 48, 69, 99, 4, 46, 1, 13, 56, 97, 59, 45, 8, 73, 37, 35, 79, 71, 66, 76, 32, 60, 80, 58, 6, 67, 61, 33, 7, 57, 34, 12, 16, 10, 98, 96, 88, 43, 81, 91, 2, 84, 29, 92, 19, 51, 55, 89, 75, 25, 72, 22, 38, 62, 0]|[2, 1, 2, 1, 1, 2, 1, 1, 1, 1, 1, 0, 2, 2, 1, 2, 0, 0, 0, 2, 2, 1, 0, 2, 0, 2, 2, 1, 0, 1, 1, 1, 0, 0, 1, 0, 2, 1, 2, 2, 0, 0, 1, 1, 0, 2, 0, 2, 1, 0, 0, 2, 0, 2, 2, 0, 1, 1, 0, 0, 2, 1, 1, 2, 2, 0, 2, 2, 2, 1, 2, 1, 1, 2, 0, 1, 1, 2, 1, 2, 0, 1, 1, 1, 1, 0, 0, 1, 0, 1, 1, 0, 1, 0, 1, 1, 2, 0, 1, 0]|[0, 3, 0, 3, 4, 1, 4, 4, 4, 4, 3, 2, 1, 0, 2, 1, 1, 1, 2, 1, 1, 3, 0, 1, 0, 1, 1, 4, 1, 4, 3, 2, 2, 0, 4, 1, 1, 4, 1, 1, 2, 1, 4, 4, 1, 1, 0, 1, 3, 2, 2, 1, 2, 1, 1, 2, 4, 3, 0, 2, 1, 3, 3, 1, 1, 2, 1, 1, 1, 4, 1, 3, 4, 1, 2, 4, 3, 1, 3, 1, 2, 4, 4, 4, 3, 2, 2, 3, 2, 4, 3, 2, 4, 2, 4, 4, 1, 2, 3, 2]|[0, 2, 0, 0, 3, 0, 1, 3, 1, 0, 2, 0, 1, 0, 1, 0, 0, 0, 1, 0, 0, 2, 0, 0, 1, 0, 0, 3, 0, 1, 0, 2, 0, 0, 3, 0, 1, 1, 0, 0, 0, 0, 1, 3, 0, 0, 1, 0, 2, 0, 0, 0, 0, 0, 1, 0, 1, 0, 1, 1, 0, 2, 0, 0, 0, 0, 0, 0, 0, 2, 0, 0, 1, 0, 0, 1, 0, 0, 3, 0, 0, 1, 2, 2, 0, 0, 0, 3, 0, 1, 0, 0, 1, 0, 3, 1, 0, 0, 0, 0],910.6016522559228,48453.76930145325,107095.52069553157,false
51,G3_TWC,G3_TWC,[31, 22, 42, 15, 26, 58, 95, 82, 77, 12, 47, 5, 93, 78, 98, 54, 85, 63, 18, 44, 20, 35, 43, 97, 91, 76, 10, 30, 21, 45, 71, 64, 1, 23, 17, 83, 24, 61, 60, 36, 6, 57, 94, 88, 65, 56, 79, 40, 67, 68, 46, 75, 38, 9, 19, 32, 81, 41, 27, 62, 87, 90, 99, 59, 11, 16, 72, 73, 70, 39, 37, 84, 3, 92, 25, 74, 28, 29, 51, 7, 53, 14, 86, 48, 89, 50, 66, 96, 33, 80, 4, 8, 55, 49, 0, 52, 69, 2, 13, 34]|[1, 1, 0, 1, 1, 1, 2, 1, 2, 1, 2, 2, 2, 1, 1, 0, 0, 1, 0, 2, 2, 0, 1, 2, 0, 1, 2, 2, 0, 0, 1, 2, 1, 2, 1, 0, 2, 0, 1, 1, 0, 1, 1, 1, 0, 2, 1, 1, 0, 0, 0, 0, 1, 1, 2, 1, 2, 0, 0, 0, 2, 1, 0, 1, 2, 1, 2, 1, 1, 1, 1, 1, 2, 0, 1, 2, 0, 0, 0, 1, 0, 1, 0, 0, 1, 0, 0, 0, 2, 0, 0, 1, 1, 0, 0, 1, 1, 0, 0, 2]|[4, 3, 2, 2, 0, 0, 2, 2, 2, 4, 1, 1, 2, 4, 4, 1, 1, 4, 2, 1, 1, 1, 1, 2, 1, 2, 1, 1, 1, 1, 3, 2, 3, 0, 4, 0, 1, 1, 0, 3, 2, 2, 4, 0, 1, 1, 3, 2, 0, 1, 2, 2, 1, 4, 0, 3, 2, 1, 1, 2, 1, 3, 1, 1, 1, 3, 0, 4, 3, 1, 4, 1, 1, 2, 4, 1, 2, 1, 1, 3, 2, 3, 1, 1, 1, 1, 1, 1, 1, 1, 2, 3, 4, 1, 2, 1, 3, 2, 2, 1]|[0, 2, 1, 1, 3, 3, 0, 1, 0, 0, 0, 0, 1, 0, 1, 0, 0, 3, 1, 0, 0, 0, 3, 1, 0, 2, 0, 0, 0, 1, 0, 0, 0, 0, 3, 0, 1, 0, 0, 2, 1, 1, 2, 0, 0, 0, 0, 1, 1, 0, 0, 0, 1, 3, 0, 0, 1, 0, 0, 1, 0, 2, 0, 1, 0, 2, 1, 0, 0, 1, 1, 3, 0, 1, 3, 0, 1, 0, 0, 2, 1, 0, 0, 0, 1, 0, 0, 0, 0, 0, 1, 2, 3, 1, 0, 1, 0, 0, 0, 0],802.5281847645216,57652.86795409501,87938.17744329936,false
51,G1_CMAX,G1_CMAX,[31, 22, 90, 26, 58, 95, 42, 12, 93, 5, 78, 86, 98, 18, 20, 35, 3, 97, 91, 76, 10, 85, 54, 45, 63, 71, 66, 1, 23, 17, 24, 60, 36, 6, 57, 15, 65, 56, 47, 79, 94, 67, 50, 46, 14, 75, 38, 9, 30, 19, 32, 81, 27, 92, 83, 87, 40, 99, 59, 11, 53, 16, 72, 77, 73, 70, 39, 37, 84, 43, 62, 25, 55, 28, 29, 51, 68, 82, 74, 61, 88, 21, 80, 89, 7, 69, 96, 41, 48, 4, 8, 34, 49, 52, 0, 44, 13, 2, 64, 33]|[1, 1, 1, 1, 0, 2, 1, 1, 2, 2, 2, 1, 0, 1, 2, 2, 1, 2, 0, 1, 2, 2, 2, 0, 0, 1, 2, 1, 2, 1, 2, 1, 1, 0, 1, 1, 0, 2, 2, 1, 1, 0, 0, 0, 0, 1, 1, 1, 1, 2, 1, 2, 2, 0, 0, 2, 1, 0, 0, 2, 0, 1, 2, 2, 1, 1, 1, 1, 1, 1, 0, 1, 1, 0, 0, 0, 0, 0, 2, 1, 1, 0, 0, 1, 1, 1, 2, 2, 0, 1, 1, 2, 0, 1, 0, 0, 0, 0, 2, 2]|[0, 4, 3, 0, 1, 1, 2, 4, 1, 1, 2, 4, 1, 4, 1, 1, 1, 2, 2, 2, 2, 1, 1, 1, 2, 3, 2, 3, 0, 4, 1, 0, 3, 2, 2, 2, 1, 1, 1, 0, 2, 0, 1, 2, 1, 3, 1, 4, 2, 0, 3, 2, 1, 2, 1, 1, 4, 1, 1, 1, 2, 3, 0, 2, 4, 3, 1, 4, 1, 1, 1, 4, 4, 2, 1, 1, 1, 2, 1, 3, 0, 1, 1, 1, 1, 3, 1, 1, 1, 4, 3, 1, 1, 1, 2, 2, 2, 2, 1, 1]|[3, 0, 2, 3, 0, 0, 1, 0, 0, 0, 1, 0, 0, 3, 0, 0, 1, 1, 1, 2, 1, 0, 0, 0, 0, 0, 0, 0, 0, 3, 1, 0, 2, 1, 1, 1, 0, 0, 0, 0, 1, 1, 0, 0, 0, 0, 1, 3, 2, 0, 0, 1, 0, 1, 0, 0, 2, 0, 0, 0, 1, 2, 1, 1, 0, 0, 1, 1, 3, 3, 0, 3, 3, 1, 0, 0, 0, 1, 0, 0, 0, 0, 0, 1, 2, 2, 0, 0, 0, 0, 2, 0, 1, 1, 0, 0, 0, 0, 0, 0],705.0470749739228,58445.79123614564,95781.2895945797,false
51,G4_BALANCED,G4_BALANCED,[31, 22, 26, 15, 82, 99, 95, 42, 77, 12, 47, 5, 93, 78, 86, 54, 21, 63, 18, 44, 20, 35, 43, 97, 91, 76, 10, 30, 85, 45, 71, 64, 1, 23, 57, 83, 24, 14, 60, 36, 6, 17, 40, 88, 65, 56, 79, 94, 67, 68, 46, 75, 38, 9, 19, 32, 41, 81, 27, 87, 90, 58, 59, 11, 16, 72, 73, 70, 39, 37, 84, 3, 92, 25, 62, 55, 28, 29, 51, 7, 33, 61, 98, 48, 89, 50, 4, 34, 53, 80, 8, 66, 96, 49, 52, 0, 74, 69, 2, 13]|[1, 1, 0, 1, 1, 0, 1, 1, 2, 1, 2, 2, 2, 1, 1, 0, 0, 1, 0, 2, 2, 0, 1, 2, 0, 1, 2, 2, 0, 0, 1, 2, 1, 2, 1, 0, 2, 0, 1, 1, 0, 1, 1, 1, 0, 2, 1, 1, 0, 0, 0, 0, 1, 1, 2, 1, 0, 2, 0, 2, 1, 0, 1, 2, 1, 2, 1, 1, 1, 1, 1, 1, 0, 1, 0, 2, 0, 0, 2, 1, 2, 1, 2, 0, 1, 0, 1, 2, 0, 0, 1, 2, 2, 0, 1, 0, 2, 1, 0, 0]|[0, 3, 2, 2, 4, 1, 2, 3, 2, 4, 1, 1, 2, 4, 4, 1, 1, 4, 2, 1, 1, 1, 1, 2, 1, 2, 1, 1, 2, 1, 3, 2, 3, 1, 2, 0, 1, 1, 0, 3, 2, 4, 2, 0, 1, 1, 0, 4, 0, 1, 2, 2, 1, 4, 0, 3, 1, 1, 1, 1, 3, 1, 1, 1, 3, 0, 4, 3, 1, 4, 1, 1, 0, 4, 2, 1, 2, 1, 2, 1, 1, 3, 1, 1, 1, 1, 4, 1, 2, 1, 3, 1, 1, 1, 1, 2, 1, 4, 2, 2]|[0, 2, 1, 1, 3, 0, 1, 3, 0, 0, 0, 0, 1, 0, 1, 0, 0, 3, 1, 0, 0, 0, 3, 1, 0, 2, 0, 0, 0, 1, 0, 0, 0, 0, 1, 0, 1, 0, 0, 2, 1, 3, 1, 0, 0, 0, 0, 2, 1, 0, 0, 0, 1, 3, 0, 0, 0, 0, 0, 0, 2, 0, 1, 0, 2, 1, 0, 0, 1, 1, 3, 1, 1, 3, 1, 0, 1, 0, 1, 2, 0, 0, 0, 0, 1, 0, 0, 0, 1, 0, 2, 0, 0, 1, 1, 0, 0, 2, 0, 0],719.9713831019282,57349.30822281929,93068.63967491605,false
51,G2_TEC,G2_TEC,[31, 94, 82, 15, 26, 9, 95, 42, 77, 68, 47, 5, 93, 78, 86, 54, 85, 63, 18, 44, 20, 49, 36, 14, 74, 50, 53, 17, 21, 28, 11, 64, 3, 23, 30, 83, 24, 41, 40, 52, 65, 27, 90, 70, 39, 87, 48, 69, 99, 4, 46, 1, 13, 56, 97, 59, 45, 8, 73, 37, 35, 79, 71, 66, 76, 32, 60, 80, 58, 6, 67, 61, 33, 7, 57, 34, 12, 16, 10, 98, 96, 88, 43, 81, 91, 2, 84, 29, 92, 19, 51, 55, 89, 75, 25, 72, 22, 38, 62, 0]|[2, 1, 2, 1, 1, 2, 1, 1, 1, 1, 1, 0, 2, 2, 1, 2, 0, 0, 0, 2, 2, 1, 0, 2, 0, 2, 2, 1, 0, 1, 1, 1, 0, 0, 1, 0, 2, 1, 2, 2, 0, 0, 1, 1, 0, 2, 0, 2, 1, 0, 0, 2, 0, 2, 2, 0, 1, 1, 0, 0, 2, 1, 1, 2, 2, 0, 2, 2, 2, 1, 2, 1, 1, 2, 0, 1, 1, 2, 1, 2, 0, 1, 1, 1, 1, 0, 0, 1, 0, 1, 1, 0, 1, 0, 1, 1, 2, 0, 1, 0]|[0, 3, 0, 3, 4, 1, 4, 4, 4, 4, 3, 2, 1, 0, 2, 1, 1, 1, 2, 1, 1, 3, 0, 1, 0, 1, 1, 4, 1, 4, 3, 2, 2, 0, 4, 1, 1, 4, 1, 1, 2, 1, 4, 4, 1, 1, 0, 1, 3, 2, 2, 1, 2, 1, 1, 2, 4, 3, 0, 2, 1, 3, 3, 1, 1, 2, 1, 1, 1, 4, 1, 3, 4, 1, 2, 4, 3, 1, 3, 1, 2, 4, 4, 4, 3, 2, 2, 3, 2, 4, 3, 2, 4, 2, 4, 4, 1, 2, 3, 2]|[0, 2, 0, 0, 3, 0, 1, 3, 1, 0, 2, 0, 1, 0, 1, 0, 0, 0, 1, 0, 0, 2, 0, 0, 1, 0, 0, 3, 0, 1, 0, 2, 0, 0, 3, 0, 1, 1, 0, 0, 0, 0, 1, 3, 0, 0, 1, 0, 2, 0, 0, 0, 0, 0, 1, 0, 1, 0, 1, 1, 0, 2, 0, 0, 0, 0, 0, 0, 0, 2, 0, 0, 1, 0, 0, 1, 0, 0, 3, 0, 0, 1, 2, 2, 0, 0, 0, 3, 0, 1, 0, 0, 1, 0, 3, 1, 0, 0, 0, 0],910.6016522559228,48453.76930145325,107095.52069553157,false
51,G3_TWC,G3_TWC,[31, 22, 42, 15, 26, 58, 95, 82, 77, 12, 47, 5, 93, 78, 98, 54, 85, 63, 18, 44, 20, 35, 43, 97, 91, 76, 10, 30, 21, 45, 71, 64, 1, 23, 17, 83, 24, 61, 60, 36, 6, 57, 94, 88, 65, 56, 79, 40, 67, 68, 46, 75, 38, 9, 19, 32, 81, 41, 27, 62, 87, 90, 99, 59, 11, 16, 72, 73, 70, 39, 37, 84, 3, 92, 25, 74, 28, 29, 51, 7, 53, 14, 86, 48, 89, 50, 66, 96, 33, 80, 4, 8, 55, 49, 0, 52, 69, 2, 13, 34]|[1, 1, 0, 1, 1, 1, 2, 1, 2, 1, 2, 2, 2, 1, 1, 0, 0, 1, 0, 2, 2, 0, 1, 2, 0, 1, 2, 2, 0, 0, 1, 2, 1, 2, 1, 0, 2, 0, 1, 1, 0, 1, 1, 1, 0, 2, 1, 1, 0, 0, 0, 0, 1, 1, 2, 1, 2, 0, 0, 0, 2, 1, 0, 1, 2, 1, 2, 1, 1, 1, 1, 1, 2, 0, 1, 2, 0, 0, 0, 1, 0, 1, 0, 0, 1, 0, 0, 0, 2, 0, 0, 1, 1, 0, 0, 1, 1, 0, 0, 2]|[4, 3, 2, 2, 0, 0, 2, 2, 2, 4, 1, 1, 2, 4, 4, 1, 1, 4, 2, 1, 1, 1, 1, 2, 1, 2, 1, 1, 1, 1, 3, 2, 3, 0, 4, 0, 1, 1, 0, 3, 2, 2, 4, 0, 1, 1, 3, 2, 0, 1, 2, 2, 1, 4, 0, 3, 2, 1, 1, 2, 1, 3, 1, 1, 1, 3, 0, 4, 3, 1, 4, 1, 1, 2, 4, 1, 2, 1, 1, 3, 2, 3, 1, 1, 1, 1, 1, 1, 1, 1, 2, 3, 4, 1, 2, 1, 3, 2, 2, 1]|[0, 2, 1, 1, 3, 3, 0, 1, 0, 0, 0, 0, 1, 0, 1, 0, 0, 3, 1, 0, 0, 0, 3, 1, 0, 2, 0, 0, 0, 1, 0, 0, 0, 0, 3, 0, 1, 0, 0, 2, 1, 1, 2, 0, 0, 0, 0, 1, 1, 0, 0, 0, 1, 3, 0, 0, 1, 0, 0, 1, 0, 2, 0, 1, 0, 2, 1, 0, 0, 1, 1, 3, 0, 1, 3, 0, 1, 0, 0, 2, 1, 0, 0, 0, 1, 0, 0, 0, 0, 0, 1, 2, 3, 1, 0, 1, 0, 0, 0, 0],802.5281847645216,57652.86795409501,87938.17744329936,false
51,G1_CMAX,G3_TWC,[31, 22, 42, 15, 26, 58, 95, 82, 77, 12, 47, 5, 93, 78, 98, 54, 85, 63, 18, 44, 20, 35, 43, 97, 91, 76, 10, 30, 21, 45, 71, 64, 1, 23, 17, 83, 24, 61, 60, 36, 6, 57, 94, 88, 65, 56, 79, 40, 67, 68, 46, 75, 38, 9, 19, 32, 81, 41, 27, 62, 87, 90, 99, 59, 11, 16, 72, 73, 70, 39, 37, 84, 3, 92, 25, 74, 28, 29, 51, 7, 80, 14, 86, 48, 89, 50, 66, 96, 53, 33, 8, 4, 55, 49, 0, 52, 13, 2, 69, 34]|[1, 1, 0, 1, 1, 1, 2, 1, 2, 1, 2, 2, 2, 1, 1, 0, 0, 1, 0, 2, 2, 0, 1, 2, 0, 1, 2, 2, 0, 0, 1, 2, 1, 2, 1, 0, 2, 0, 1, 1, 0, 1, 1, 1, 0, 2, 1, 1, 0, 0, 0, 0, 1, 1, 2, 1, 2, 2, 0, 0, 2, 1, 0, 1, 2, 1, 2, 1, 1, 1, 1, 1, 2, 0, 1, 2, 0, 0, 0, 1, 2, 1, 0, 0, 1, 0, 2, 0, 2, 0, 1, 0, 2, 0, 0, 1, 0, 0, 1, 2]|[4, 3, 2, 2, 0, 0, 2, 2, 2, 4, 1, 1, 2, 4, 4, 1, 1, 4, 2, 1, 1, 1, 1, 2, 1, 2, 1, 1, 1, 1, 3, 2, 3, 0, 4, 0, 1, 1, 0, 3, 2, 2, 4, 0, 1, 1, 0, 2, 0, 1, 2, 2, 1, 4, 0, 3, 2, 1, 1, 2, 1, 3, 1, 1, 1, 3, 0, 4, 3, 1, 4, 1, 1, 2, 4, 1, 2, 1, 1, 3, 1, 3, 1, 1, 1, 1, 1, 1, 1, 1, 3, 2, 1, 1, 2, 1, 2, 2, 3, 1]|[0, 2, 1, 1, 3, 3, 0, 1, 0, 0, 0, 0, 1, 0, 1, 0, 0, 3, 1, 0, 0, 0, 3, 1, 0, 2, 0, 0, 0, 1, 0, 0, 0, 0, 3, 0, 1, 0, 0, 2, 1, 1, 2, 0, 0, 0, 0, 1, 1, 0, 0, 0, 1, 3, 0, 0, 1, 0, 0, 1, 0, 2, 0, 1, 0, 2, 1, 0, 0, 1, 1, 3, 0, 1, 3, 0, 1, 0, 0, 2, 0, 0, 0, 0, 1, 0, 0, 0, 0, 0, 2, 1, 0, 1, 0, 1, 0, 0, 0, 0],756.0111644261104,56858.12558468148,91083.60794261533,true
51,G4_BALANCED,G1_CMAX,[31, 22, 82, 15, 26, 99, 95, 42, 77, 12, 47, 5, 93, 78, 86, 54, 21, 63, 18, 44, 20, 35, 43, 97, 91, 76, 10, 30, 85, 45, 71, 64, 1, 23, 17, 83, 24, 14, 60, 36, 6, 57, 40, 88, 65, 56, 79, 94, 67, 68, 46, 75, 38, 9, 19, 32, 41, 81, 27, 87, 90, 58, 59, 11, 16, 72, 73, 70, 39, 37, 84, 3, 62, 92, 25, 55, 28, 29, 51, 7, 33, 61, 98, 48, 89, 50, 4, 96, 53, 80, 8, 66, 34, 2, 52, 49, 13, 0, 69, 74]|[1, 1, 0, 1, 1, 0, 1, 2, 2, 1, 2, 2, 2, 1, 1, 0, 0, 1, 0, 2, 2, 0, 1, 2, 0, 1, 2, 2, 0, 0, 1, 2, 1, 2, 1, 0, 2, 0, 1, 1, 2, 2, 1, 1, 0, 2, 1, 1, 0, 0, 0, 0, 1, 1, 2, 1, 0, 2, 0, 2, 1, 0, 1, 2, 2, 1, 1, 1, 1, 1, 1, 1, 0, 0, 1, 2, 0, 0, 0, 2, 2, 1, 2, 0, 1, 0, 1, 0, 0, 0, 1, 2, 2, 0, 1, 0, 0, 0, 1, 2]|[4, 3, 2, 2, 4, 1, 2, 2, 2, 4, 1, 1, 2, 4, 4, 1, 1, 4, 2, 1, 1, 1, 1, 2, 1, 2, 1, 1, 2, 1, 3, 2, 3, 1, 4, 0, 1, 1, 0, 3, 1, 1, 2, 0, 1, 1, 0, 4, 0, 1, 2, 2, 1, 4, 0, 3, 1, 1, 1, 1, 3, 1, 1, 1, 1, 3, 4, 3, 1, 4, 1, 1, 2, 0, 4, 1, 2, 1, 1, 1, 1, 3, 1, 1, 1, 1, 4, 1, 2, 1, 3, 1, 1, 2, 1, 1, 2, 2, 4, 1]|[0, 2, 1, 1, 3, 0, 1, 0, 0, 0, 0, 0, 1, 0, 1, 0, 0, 3, 1, 0, 0, 0, 3, 1, 0, 2, 0, 0, 0, 1, 0, 0, 0, 0, 3, 0, 1, 0, 0, 2, 0, 0, 1, 0, 0, 0, 0, 2, 1, 0, 0, 0, 1, 3, 0, 0, 0, 0, 0, 0, 2, 0, 1, 0, 0, 2, 0, 0, 1, 1, 3, 1, 1, 1, 3, 0, 1, 0, 0, 0, 0, 0, 0, 0, 1, 0, 0, 0, 1, 0, 2, 0, 0, 0, 1, 1, 0, 0, 2, 0],805.0059816013858,55124.544856705135,97158.46628874657,true
51,G2_TEC,G2_TEC,[31, 94, 82, 15, 26, 9, 95, 42, 77, 68, 47, 5, 93, 78, 86, 54, 85, 63, 18, 44, 20, 49, 36, 14, 74, 50, 53, 17, 21, 28, 11, 64, 3, 23, 30, 83, 24, 41, 40, 52, 65, 27, 90, 70, 39, 87, 48, 69, 99, 4, 46, 1, 13, 56, 97, 59, 45, 8, 73, 37, 35, 79, 71, 66, 76, 32, 60, 80, 58, 6, 67, 61, 33, 7, 57, 34, 12, 16, 10, 98, 96, 88, 43, 81, 91, 2, 84, 29, 92, 19, 51, 55, 89, 75, 25, 72, 22, 38, 62, 0]|[2, 1, 2, 1, 1, 2, 1, 1, 1, 1, 1, 0, 2, 2, 1, 2, 0, 0, 0, 2, 2, 1, 0, 2, 0, 2, 2, 1, 0, 1, 1, 1, 0, 0, 1, 0, 2, 1, 2, 2, 0, 0, 1, 1, 0, 2, 0, 2, 1, 0, 0, 2, 0, 2, 2, 0, 1, 1, 0, 0, 2, 1, 1, 2, 2, 0, 2, 2, 2, 1, 2, 1, 1, 2, 0, 1, 1, 2, 1, 2, 0, 1, 1, 1, 1, 0, 0, 1, 0, 1, 1, 0, 1, 0, 1, 1, 2, 0, 1, 0]|[0, 3, 0, 3, 4, 1, 4, 4, 4, 4, 3, 2, 1, 0, 2, 1, 1, 1, 2, 1, 1, 3, 0, 1, 0, 1, 1, 4, 1, 4, 3, 2, 2, 0, 4, 1, 1, 4, 1, 1, 2, 1, 4, 4, 1, 1, 0, 1, 3, 2, 2, 1, 2, 1, 1, 2, 4, 3, 0, 2, 1, 3, 3, 1, 1, 2, 1, 1, 1, 4, 1, 3, 4, 1, 2, 4, 3, 1, 3, 1, 2, 4, 4, 4, 3, 2, 2, 3, 2, 4, 3, 2, 4, 2, 4, 4, 1, 2, 3, 2]|[0, 2, 0, 0, 3, 0, 1, 3, 1, 0, 2, 0, 1, 0, 1, 0, 0, 0, 1, 0, 0, 2, 0, 0, 1, 0, 0, 3, 0, 1, 0, 2, 0, 0, 3, 0, 1, 1, 0, 0, 0, 0, 1, 3, 0, 0, 1, 0, 2, 0, 0, 0, 0, 0, 1, 0, 1, 0, 1, 1, 0, 2, 0, 0, 0, 0, 0, 0, 0, 2, 0, 0, 1, 0, 0, 1, 0, 0, 3, 0, 0, 1, 2, 2, 0, 0, 0, 3, 0, 1, 0, 0, 1, 0, 3, 1, 0, 0, 0, 0],910.6016522559228,48453.76930145325,107095.52069553157,false
51,G3_TWC,G3_TWC,[31, 22, 42, 15, 26, 58, 95, 82, 77, 12, 47, 5, 93, 78, 98, 54, 85, 63, 18, 44, 20, 35, 43, 97, 91, 76, 10, 30, 21, 45, 71, 64, 1, 23, 17, 83, 24, 61, 60, 36, 6, 57, 94, 88, 65, 56, 79, 40, 67, 68, 46, 75, 38, 9, 19, 32, 81, 41, 27, 62, 87, 90, 99, 59, 11, 16, 72, 73, 70, 39, 37, 84, 3, 92, 25, 74, 28, 29, 51, 7, 53, 14, 86, 48, 89, 50, 66, 96, 33, 80, 4, 8, 55, 49, 0, 52, 69, 2, 13, 34]|[1, 1, 0, 1, 1, 1, 2, 1, 2, 1, 2, 2, 2, 1, 1, 0, 0, 1, 0, 2, 2, 0, 1, 2, 0, 1, 2, 2, 0, 0, 1, 2, 1, 2, 1, 0, 2, 0, 1, 1, 0, 1, 1, 1, 0, 2, 1, 1, 0, 0, 0, 0, 1, 1, 2, 1, 2, 0, 0, 0, 2, 1, 0, 1, 2, 1, 2, 1, 1, 1, 1, 1, 2, 0, 1, 2, 0, 0, 0, 1, 0, 1, 0, 0, 1, 0, 0, 0, 2, 0, 0, 1, 1, 0, 0, 1, 1, 0, 0, 2]|[4, 3, 2, 2, 0, 0, 2, 2, 2, 4, 1, 1, 2, 4, 4, 1, 1, 4, 2, 1, 1, 1, 1, 2, 1, 2, 1, 1, 1, 1, 3, 2, 3, 0, 4, 0, 1, 1, 0, 3, 2, 2, 4, 0, 1, 1, 3, 2, 0, 1, 2, 2, 1, 4, 0, 3, 2, 1, 1, 2, 1, 3, 1, 1, 1, 3, 0, 4, 3, 1, 4, 1, 1, 2, 4, 1, 2, 1, 1, 3, 2, 3, 1, 1, 1, 1, 1, 1, 1, 1, 2, 3, 4, 1, 2, 1, 3, 2, 2, 1]|[0, 2, 1, 1, 3, 3, 0, 1, 0, 0, 0, 0, 1, 0, 1, 0, 0, 3, 1, 0, 0, 0, 3, 1, 0, 2, 0, 0, 0, 1, 0, 0, 0, 0, 3, 0, 1, 0, 0, 2, 1, 1, 2, 0, 0, 0, 0, 1, 1, 0, 0, 0, 1, 3, 0, 0, 1, 0, 0, 1, 0, 2, 0, 1, 0, 2, 1, 0, 0, 1, 1, 3, 0, 1, 3, 0, 1, 0, 0, 2, 1, 0, 0, 0, 1, 0, 0, 0, 0, 0, 1, 2, 3, 1, 0, 1, 0, 0, 0, 0],802.5281847645216,57652.86795409501,87938.17744329936,false
51,G1_CMAX,G1_CMAX,[31, 22, 90, 26, 58, 95, 42, 12, 93, 5, 78, 86, 98, 18, 20, 35, 3, 97, 91, 76, 10, 85, 54, 45, 63, 71, 66, 1, 23, 17, 24, 60, 36, 6, 57, 15, 65, 56, 47, 79, 94, 67, 50, 46, 14, 75, 38, 9, 30, 19, 32, 81, 27, 92, 83, 87, 40, 99, 59, 11, 53, 16, 72, 77, 73, 70, 39, 37, 84, 43, 62, 25, 55, 28, 29, 51, 68, 82, 74, 61, 88, 21, 80, 89, 7, 69, 96, 41, 48, 4, 8, 34, 49, 52, 0, 44, 13, 2, 64, 33]|[1, 1, 1, 1, 0, 2, 1, 1, 2, 2, 2, 1, 0, 1, 2, 2, 1, 2, 0, 1, 2, 2, 2, 0, 0, 1, 2, 1, 2, 1, 2, 1, 1, 0, 1, 1, 0, 2, 2, 1, 1, 0, 0, 0, 0, 1, 1, 1, 1, 2, 1, 2, 2, 0, 0, 2, 1, 0, 0, 2, 0, 1, 2, 2, 1, 1, 1, 1, 1, 1, 0, 1, 1, 0, 0, 0, 0, 0, 2, 1, 1, 0, 0, 1, 1, 1, 2, 2, 0, 1, 1, 2, 0, 1, 0, 0, 0, 0, 2, 2]|[0, 4, 3, 0, 1, 1, 2, 4, 1, 1, 2, 4, 1, 4, 1, 1, 1, 2, 2, 2, 2, 1, 1, 1, 2, 3, 2, 3, 0, 4, 1, 0, 3, 2, 2, 2, 1, 1, 1, 0, 2, 0, 1, 2, 1, 3, 1, 4, 2, 0, 3, 2, 1, 2, 1, 1, 4, 1, 1, 1, 2, 3, 0, 2, 4, 3, 1, 4, 1, 1, 1, 4, 4, 2, 1, 1, 1, 2, 1, 3, 0, 1, 1, 1, 1, 3, 1, 1, 1, 4, 3, 1, 1, 1, 2, 2, 2, 2, 1, 1]|[3, 0, 2, 3, 0, 0, 1, 0, 0, 0, 1, 0, 0, 3, 0, 0, 1, 1, 1, 2, 1, 0, 0, 0, 0, 0, 0, 0, 0, 3, 1, 0, 2, 1, 1, 1, 0, 0, 0, 0, 1, 1, 0, 0, 0, 0, 1, 3, 2, 0, 0, 1, 0, 1, 0, 0, 2, 0, 0, 0, 1, 2, 1, 1, 0, 0, 1, 1, 3, 3, 0, 3, 3, 1, 0, 0, 0, 1, 0, 0, 0, 0, 0, 1, 2, 2, 0, 0, 0, 0, 2, 0, 1, 1, 0, 0, 0, 0, 0, 0],705.0470749739228,58445.79123614564,95781.2895945797,false
51,G4_BALANCED,G3_TWC,[31, 22, 42, 15, 26, 58, 95, 82, 77, 12, 47, 5, 93, 78, 98, 54, 85, 63, 18, 44, 20, 35, 43, 97, 91, 76, 10, 30, 21, 45, 71, 64, 1, 23, 17, 83, 24, 61, 60, 36, 6, 57, 94, 88, 65, 56, 79, 40, 67, 68, 46, 75, 38, 9, 19, 32, 81, 41, 27, 62, 87, 90, 99, 59, 53, 16, 72, 73, 70, 39, 37, 84, 3, 92, 25, 74, 28, 29, 51, 7, 11, 14, 86, 48, 89, 66, 50, 96, 33, 80, 4, 8, 55, 49, 0, 52, 13, 2, 69, 34]|[1, 1, 0, 1, 1, 1, 2, 1, 2, 1, 2, 2, 2, 1, 1, 0, 0, 1, 0, 2, 2, 0, 1, 2, 0, 1, 2, 2, 0, 0, 1, 2, 1, 2, 1, 0, 2, 0, 1, 1, 0, 1, 1, 1, 0, 2, 1, 1, 0, 0, 0, 0, 1, 1, 2, 1, 2, 0, 0, 0, 2, 1, 0, 1, 2, 1, 2, 1, 1, 1, 1, 1, 2, 0, 1, 2, 0, 0, 0, 1, 0, 1, 0, 0, 1, 2, 0, 2, 2, 0, 0, 1, 1, 0, 0, 1, 0, 0, 1, 2]|[4, 3, 2, 2, 0, 0, 2, 2, 2, 4, 1, 1, 2, 4, 4, 1, 1, 4, 2, 1, 1, 1, 1, 2, 1, 2, 1, 1, 1, 1, 3, 2, 3, 0, 4, 0, 1, 1, 0, 3, 2, 2, 4, 0, 1, 1, 3, 2, 0, 1, 2, 2, 1, 4, 0, 3, 2, 1, 1, 2, 1, 3, 1, 1, 1, 3, 0, 4, 3, 1, 4, 1, 1, 2, 4, 1, 2, 1, 1, 3, 2, 3, 1, 1, 1, 1, 1, 1, 1, 1, 2, 3, 4, 1, 2, 1, 2, 2, 4, 1]|[0, 2, 1, 1, 3, 3, 0, 1, 0, 0, 0, 0, 1, 0, 1, 0, 0, 3, 1, 0, 0, 0, 3, 1, 0, 2, 0, 0, 0, 1, 0, 0, 0, 0, 3, 0, 1, 0, 0, 2, 1, 1, 2, 0, 0, 0, 0, 1, 1, 0, 0, 0, 1, 3, 0, 0, 1, 0, 0, 1, 0, 2, 0, 1, 0, 2, 1, 0, 0, 1, 1, 3, 0, 1, 3, 0, 1, 0, 0, 2, 1, 0, 0, 0, 1, 0, 0, 0, 0, 0, 1, 2, 3, 1, 0, 1, 0, 0, 2, 0],768.8498391451938,57364.09701189391,89421.55373272026,true
51,G2_TEC,G2_TEC,[31, 94, 82, 15, 26, 9, 95, 42, 77, 68, 47, 5, 93, 78, 86, 54, 85, 63, 18, 44, 20, 49, 36, 14, 74, 50, 53, 17, 21, 28, 11, 64, 3, 23, 30, 83, 24, 41, 40, 52, 65, 27, 90, 70, 39, 87, 48, 69, 99, 4, 46, 1, 13, 56, 97, 59, 45, 8, 73, 37, 35, 79, 71, 66, 76, 32, 60, 80, 58, 6, 67, 61, 33, 7, 57, 34, 12, 16, 10, 98, 96, 88, 43, 81, 91, 2, 84, 29, 92, 19, 51, 55, 89, 75, 25, 72, 22, 38, 62, 0]|[2, 1, 2, 1, 1, 2, 1, 1, 1, 1, 1, 0, 2, 2, 1, 2, 0, 0, 0, 2, 2, 1, 0, 2, 0, 2, 2, 1, 0, 1, 1, 1, 0, 0, 1, 0, 2, 1, 2, 2, 0, 0, 1, 1, 0, 2, 0, 2, 1, 0, 0, 2, 0, 2, 2, 0, 1, 1, 0, 0, 2, 1, 1, 2, 2, 0, 2, 2, 2, 1, 2, 1, 1, 2, 0, 1, 1, 2, 1, 2, 0, 1, 1, 1, 1, 0, 0, 1, 0, 1, 1, 0, 1, 0, 1, 1, 2, 0, 1, 0]|[0, 3, 0, 3, 4, 1, 4, 4, 4, 4, 3, 2, 1, 0, 2, 1, 1, 1, 2, 1, 1, 3, 0, 1, 0, 1, 1, 4, 1, 4, 3, 2, 2, 0, 4, 1, 1, 4, 1, 1, 2, 1, 4, 4, 1, 1, 0, 1, 3, 2, 2, 1, 2, 1, 1, 2, 4, 3, 0, 2, 1, 3, 3, 1, 1, 2, 1, 1, 1, 4, 1, 3, 4, 1, 2, 4, 3, 1, 3, 1, 2, 4, 4, 4, 3, 2, 2, 3, 2, 4, 3, 2, 4, 2, 4, 4, 1, 2, 3, 2]|[0, 2, 0, 0, 3, 0, 1, 3, 1, 0, 2, 0, 1, 0, 1, 0, 0, 0, 1, 0, 0, 2, 0, 0, 1, 0, 0, 3, 0, 1, 0, 2, 0, 0, 3, 0, 1, 1, 0, 0, 0, 0, 1, 3, 0, 0, 1, 0, 2, 0, 0, 0, 0, 0, 1, 0, 1, 0, 1, 1, 0, 2, 0, 0, 0, 0, 0, 0, 0, 2, 0, 0, 1, 0, 0, 1, 0, 0, 3, 0, 0, 1, 2, 2, 0, 0, 0, 3, 0, 1, 0, 0, 1, 0, 3, 1, 0, 0, 0, 0],910.6016522559228,48453.76930145325,107095.52069553157,false
51,G3_TWC,G3_TWC,[31, 22, 42, 15, 26, 58, 95, 82, 77, 12, 47, 5, 93, 78, 98, 54, 85, 63, 18, 44, 20, 35, 43, 97, 91, 76, 10, 30, 21, 45, 71, 64, 1, 23, 17, 83, 24, 61, 60, 36, 6, 57, 94, 88, 65, 56, 79, 40, 67, 68, 46, 75, 38, 9, 19, 32, 81, 41, 27, 62, 87, 90, 99, 59, 11, 16, 72, 73, 70, 39, 37, 84, 3, 92, 25, 74, 28, 29, 51, 7, 53, 14, 86, 48, 89, 50, 66, 96, 33, 80, 4, 8, 55, 49, 0, 52, 69, 2, 13, 34]|[1, 1, 0, 1, 1, 1, 2, 1, 2, 1, 2, 2, 2, 1, 1, 0, 0, 1, 0, 2, 2, 0, 1, 2, 0, 1, 2, 2, 0, 0, 1, 2, 1, 2, 1, 0, 2, 0, 1, 1, 0, 1, 1, 1, 0, 2, 1, 1, 0, 0, 0, 0, 1, 1, 2, 1, 2, 0, 0, 0, 2, 1, 0, 1, 2, 1, 2, 1, 1, 1, 1, 1, 2, 0, 1, 2, 0, 0, 0, 1, 0, 1, 0, 0, 1, 0, 0, 0, 2, 0, 0, 1, 1, 0, 0, 1, 1, 0, 0, 2]|[4, 3, 2, 2, 0, 0, 2, 2, 2, 4, 1, 1, 2, 4, 4, 1, 1, 4, 2, 1, 1, 1, 1, 2, 1, 2, 1, 1, 1, 1, 3, 2, 3, 0, 4, 0, 1, 1, 0, 3, 2, 2, 4, 0, 1, 1, 3, 2, 0, 1, 2, 2, 1, 4, 0, 3, 2, 1, 1, 2, 1, 3, 1, 1, 1, 3, 0, 4, 3, 1, 4, 1, 1, 2, 4, 1, 2, 1, 1, 3, 2, 3, 1, 1, 1, 1, 1, 1, 1, 1, 2, 3, 4, 1, 2, 1, 3, 2, 2, 1]|[0, 2, 1, 1, 3, 3, 0, 1, 0, 0, 0, 0, 1, 0, 1, 0, 0, 3, 1, 0, 0, 0, 3, 1, 0, 2, 0, 0, 0, 1, 0, 0, 0, 0, 3, 0, 1, 0, 0, 2, 1, 1, 2, 0, 0, 0, 0, 1, 1, 0, 0, 0, 1, 3, 0, 0, 1, 0, 0, 1, 0, 2, 0, 1, 0, 2, 1, 0, 0, 1, 1, 3, 0, 1, 3, 0, 1, 0, 0, 2, 1, 0, 0, 0, 1, 0, 0, 0, 0, 0, 1, 2, 3, 1, 0, 1, 0, 0, 0, 0],802.5281847645216,57652.86795409501,87938.17744329936,false
51,G1_CMAX,G4_BALANCED,[31, 22, 82, 15, 26, 99, 95, 42, 77, 12, 47, 5, 93, 78, 86, 54, 21, 63, 18, 44, 20, 23, 43, 97, 91, 76, 10, 30, 85, 45, 71, 64, 1, 35, 17, 83, 24, 14, 60, 36, 6, 57, 40, 88, 65, 56, 79, 94, 67, 68, 46, 75, 38, 9, 19, 32, 41, 81, 27, 87, 90, 58, 59, 62, 11, 16, 72, 73, 39, 37, 84, 3, 92, 25, 55, 48, 70, 29, 51, 96, 33, 61, 98, 66, 89, 50, 4, 7, 53, 80, 8, 28, 34, 49, 52, 0, 74, 69, 2, 13]|[2, 1, 0, 1, 1, 0, 1, 1, 2, 1, 2, 2, 2, 1, 1, 0, 0, 1, 0, 2, 2, 0, 1, 2, 0, 1, 2, 2, 0, 0, 1, 2, 1, 2, 1, 0, 2, 0, 1, 1, 0, 1, 1, 1, 0, 2, 1, 1, 0, 0, 0, 0, 1, 1, 2, 1, 0, 2, 0, 2, 1, 0, 1, 0, 2, 1, 2, 1, 1, 1, 1, 1, 0, 1, 2, 0, 1, 0, 0, 2, 2, 1, 2, 2, 1, 0, 1, 1, 0, 0, 1, 0, 2, 0, 1, 0, 2, 1, 0, 0]|[1, 3, 2, 2, 4, 1, 2, 3, 2, 4, 1, 1, 2, 4, 4, 1, 1, 4, 2, 1, 1, 1, 1, 2, 1, 2, 1, 1, 2, 1, 3, 1, 3, 1, 4, 0, 1, 1, 0, 3, 2, 2, 2, 0, 1, 1, 0, 4, 0, 1, 2, 2, 1, 4, 0, 3, 1, 1, 1, 1, 3, 1, 1, 2, 1, 3, 0, 4, 1, 4, 1, 1, 2, 4, 1, 1, 3, 1, 1, 1, 1, 3, 1, 1, 1, 1, 4, 3, 2, 1, 3, 2, 1, 1, 1, 2, 1, 4, 2, 2]|[0, 2, 1, 1, 3, 0, 1, 3, 0, 0, 0, 0, 1, 0, 1, 0, 0, 3, 1, 0, 0, 0, 3, 1, 0, 2, 0, 0, 0, 1, 0, 0, 0, 0, 3, 0, 1, 0, 0, 2, 1, 1, 1, 0, 0, 0, 0, 2, 1, 0, 0, 0, 1, 3, 0, 0, 0, 0, 0, 0, 2, 0, 1, 1, 0, 2, 1, 0, 1, 1, 3, 1, 1, 3, 0, 0, 0, 0, 0, 0, 0, 0, 0, 0, 1, 0, 0, 2, 1, 0, 2, 1, 0, 1, 1, 0, 0, 2, 0, 0],757.0396004785916,56129.652691911746,91492.16283940467,true
51,G4_BALANCED,G3_TWC,[31, 22, 42, 15, 26, 58, 95, 82, 77, 12, 47, 5, 93, 78, 98, 54, 85, 63, 18, 44, 20, 35, 43, 97, 91, 76, 10, 30, 21, 45, 71, 64, 1, 23, 17, 83, 24, 61, 60, 36, 6, 57, 94, 88, 65, 56, 79, 40, 67, 68, 46, 75, 38, 9, 19, 32, 81, 41, 27, 62, 87, 90, 99, 59, 11, 16, 72, 73, 70, 39, 37, 84, 3, 92, 25, 29, 28, 74, 51, 7, 33, 14, 86, 48, 89, 50, 66, 96, 53, 80, 4, 8, 0, 49, 52, 55, 13, 2, 69, 34]|[1, 1, 0, 1, 1, 1, 2, 1, 2, 1, 2, 2, 2, 1, 1, 0, 0, 1, 0, 2, 2, 0, 1, 2, 0, 1, 2, 2, 0, 0, 1, 2, 1, 2, 1, 0, 2, 0, 1, 1, 0, 1, 1, 1, 0, 2, 1, 1, 0, 0, 0, 0, 1, 1, 2, 1, 2, 0, 0, 0, 2, 1, 0, 1, 2, 1, 2, 1, 1, 1, 1, 1, 2, 0, 1, 0, 0, 2, 0, 1, 2, 1, 0, 0, 1, 0, 2, 0, 0, 0, 0, 1, 0, 0, 1, 1, 0, 0, 1, 2]|[4, 3, 2, 2, 0, 0, 2, 2, 2, 4, 1, 1, 2, 4, 4, 1, 1, 4, 2, 1, 1, 1, 1, 2, 1, 2, 1, 1, 1, 1, 3, 2, 3, 0, 4, 0, 1, 1, 0, 3, 2, 2, 4, 0, 1, 1, 3, 2, 0, 1, 2, 2, 1, 4, 0, 3, 2, 1, 1, 2, 1, 3, 1, 1, 1, 3, 0, 4, 3, 1, 4, 1, 1, 2, 4, 1, 2, 1, 1, 3, 1, 3, 1, 1, 1, 1, 1, 1, 2, 1, 2, 3, 2, 1, 1, 4, 2, 2, 3, 1]|[0, 2, 1, 1, 3, 3, 0, 1, 0, 0, 0, 0, 1, 0, 1, 0, 0, 3, 1, 0, 0, 0, 3, 1, 0, 2, 0, 0, 0, 1, 0, 0, 0, 0, 3, 0, 1, 0, 0, 2, 1, 1, 2, 0, 0, 0, 0, 1, 1, 0, 0, 0, 1, 3, 0, 0, 1, 0, 0, 1, 0, 2, 0, 1, 0, 2, 1, 0, 0, 1, 1, 3, 0, 1, 3, 0, 1, 0, 0, 2, 0, 0, 0, 0, 1, 0, 0, 0, 1, 0, 1, 2, 0, 1, 1, 3, 0, 0, 0, 0],800.1376376443088,57501.532794822444,88332.48336143667,true
51,G2_TEC,G2_TEC,[31, 94, 82, 15, 26, 9, 95, 42, 77, 68, 47, 5, 93, 78, 86, 54, 85, 63, 18, 44, 20, 49, 36, 14, 74, 50, 53, 17, 21, 28, 11, 64, 3, 23, 30, 83, 24, 41, 40, 52, 65, 27, 90, 70, 39, 87, 48, 69, 99, 4, 46, 1, 13, 56, 97, 59, 45, 8, 73, 37, 35, 79, 71, 66, 76, 32, 60, 80, 58, 6, 67, 61, 33, 7, 57, 34, 12, 16, 10, 98, 96, 88, 43, 81, 91, 2, 84, 29, 92, 19, 51, 55, 89, 75, 25, 72, 22, 38, 62, 0]|[2, 1, 2, 1, 1, 2, 1, 1, 1, 1, 1, 0, 2, 2, 1, 2, 0, 0, 0, 2, 2, 1, 0, 2, 0, 2, 2, 1, 0, 1, 1, 1, 0, 0, 1, 0, 2, 1, 2, 2, 0, 0, 1, 1, 0, 2, 0, 2, 1, 0, 0, 2, 0, 2, 2, 0, 1, 1, 0, 0, 2, 1, 1, 2, 2, 0, 2, 2, 2, 1, 2, 1, 1, 2, 0, 1, 1, 2, 1, 2, 0, 1, 1, 1, 1, 0, 0, 1, 0, 1, 1, 0, 1, 0, 1, 1, 2, 0, 1, 0]|[0, 3, 0, 3, 4, 1, 4, 4, 4, 4, 3, 2, 1, 0, 2, 1, 1, 1, 2, 1, 1, 3, 0, 1, 0, 1, 1, 4, 1, 4, 3, 2, 2, 0, 4, 1, 1, 4, 1, 1, 2, 1, 4, 4, 1, 1, 0, 1, 3, 2, 2, 1, 2, 1, 1, 2, 4, 3, 0, 2, 1, 3, 3, 1, 1, 2, 1, 1, 1, 4, 1, 3, 4, 1, 2, 4, 3, 1, 3, 1, 2, 4, 4, 4, 3, 2, 2, 3, 2, 4, 3, 2, 4, 2, 4, 4, 1, 2, 3, 2]|[0, 2, 0, 0, 3, 0, 1, 3, 1, 0, 2, 0, 1, 0, 1, 0, 0, 0, 1, 0, 0, 2, 0, 0, 1, 0, 0, 3, 0, 1, 0, 2, 0, 0, 3, 0, 1, 1, 0, 0, 0, 0, 1, 3, 0, 0, 1, 0, 2, 0, 0, 0, 0, 0, 1, 0, 1, 0, 1, 1, 0, 2, 0, 0, 0, 0, 0, 0, 0, 2, 0, 0, 1, 0, 0, 1, 0, 0, 3, 0, 0, 1, 2, 2, 0, 0, 0, 3, 0, 1, 0, 0, 1, 0, 3, 1, 0, 0, 0, 0],910.6016522559228,48453.76930145325,107095.52069553157,false
51,G3_TWC,G3_TWC,[31, 22, 42, 15, 26, 58, 95, 82, 77, 12, 47, 5, 93, 78, 98, 54, 85, 63, 18, 44, 20, 35, 43, 97, 91, 76, 10, 30, 21, 45, 71, 64, 1, 23, 17, 83, 24, 61, 60, 36, 6, 57, 94, 88, 65, 56, 79, 40, 67, 68, 46, 75, 38, 9, 19, 32, 81, 41, 27, 62, 87, 90, 99, 59, 11, 16, 72, 73, 70, 39, 37, 84, 3, 92, 25, 74, 28, 29, 51, 7, 53, 14, 86, 48, 89, 50, 66, 96, 33, 80, 4, 8, 55, 49, 0, 52, 69, 2, 13, 34]|[1, 1, 0, 1, 1, 1, 2, 1, 2, 1, 2, 2, 2, 1, 1, 0, 0, 1, 0, 2, 2, 0, 1, 2, 0, 1, 2, 2, 0, 0, 1, 2, 1, 2, 1, 0, 2, 0, 1, 1, 0, 1, 1, 1, 0, 2, 1, 1, 0, 0, 0, 0, 1, 1, 2, 1, 2, 0, 0, 0, 2, 1, 0, 1, 2, 1, 2, 1, 1, 1, 1, 1, 2, 0, 1, 2, 0, 0, 0, 1, 0, 1, 0, 0, 1, 0, 0, 0, 2, 0, 0, 1, 1, 0, 0, 1, 1, 0, 0, 2]|[4, 3, 2, 2, 0, 0, 2, 2, 2, 4, 1, 1, 2, 4, 4, 1, 1, 4, 2, 1, 1, 1, 1, 2, 1, 2, 1, 1, 1, 1, 3, 2, 3, 0, 4, 0, 1, 1, 0, 3, 2, 2, 4, 0, 1, 1, 3, 2, 0, 1, 2, 2, 1, 4, 0, 3, 2, 1, 1, 2, 1, 3, 1, 1, 1, 3, 0, 4, 3, 1, 4, 1, 1, 2, 4, 1, 2, 1, 1, 3, 2, 3, 1, 1, 1, 1, 1, 1, 1, 1, 2, 3, 4, 1, 2, 1, 3, 2, 2, 1]|[0, 2, 1, 1, 3, 3, 0, 1, 0, 0, 0, 0, 1, 0, 1, 0, 0, 3, 1, 0, 0, 0, 3, 1, 0, 2, 0, 0, 0, 1, 0, 0, 0, 0, 3, 0, 1, 0, 0, 2, 1, 1, 2, 0, 0, 0, 0, 1, 1, 0, 0, 0, 1, 3, 0, 0, 1, 0, 0, 1, 0, 2, 0, 1, 0, 2, 1, 0, 0, 1, 1, 3, 0, 1, 3, 0, 1, 0, 0, 2, 1, 0, 0, 0, 1, 0, 0, 0, 0, 0, 1, 2, 3, 1, 0, 1, 0, 0, 0, 0],802.5281847645216,57652.86795409501,87938.17744329936,false
51,G1_CMAX,G4_BALANCED,[31, 22, 82, 15, 26, 99, 95, 42, 77, 12, 47, 5, 93, 78, 86, 54, 21, 63, 18, 44, 20, 23, 43, 97, 91, 76, 10, 30, 85, 45, 71, 64, 1, 35, 17, 83, 24, 14, 60, 36, 6, 57, 40, 88, 65, 56, 79, 94, 67, 68, 46, 75, 38, 9, 19, 32, 41, 81, 27, 87, 90, 58, 59, 62, 11, 16, 72, 73, 39, 37, 84, 3, 92, 25, 55, 48, 70, 29, 51, 96, 33, 61, 98, 66, 89, 50, 4, 7, 53, 80, 8, 28, 34, 49, 52, 0, 74, 69, 2, 13]|[2, 1, 0, 1, 1, 0, 1, 1, 2, 1, 2, 2, 2, 1, 1, 0, 0, 1, 0, 2, 2, 0, 1, 2, 0, 1, 2, 2, 0, 0, 1, 2, 1, 2, 1, 0, 2, 0, 1, 1, 0, 1, 1, 1, 0, 2, 1, 1, 0, 0, 0, 0, 1, 1, 2, 1, 0, 2, 0, 2, 1, 0, 1, 0, 2, 1, 2, 1, 1, 1, 1, 1, 0, 1, 2, 0, 1, 0, 0, 2, 2, 1, 2, 2, 1, 0, 1, 1, 0, 0, 1, 0, 2, 0, 1, 0, 2, 1, 0, 0]|[1, 3, 2, 2, 4, 1, 2, 3, 2, 4, 1, 1, 2, 4, 4, 1, 1, 4, 2, 1, 1, 1, 1, 2, 1, 2, 1, 1, 2, 1, 3, 1, 3, 1, 4, 0, 1, 1, 0, 3, 2, 2, 2, 0, 1, 1, 0, 4, 0, 1, 2, 2, 1, 4, 0, 3, 1, 1, 1, 1, 3, 1, 1, 2, 1, 3, 0, 4, 1, 4, 1, 1, 2, 4, 1, 1, 3, 1, 1, 1, 1, 3, 1, 1, 1, 1, 4, 3, 2, 1, 3, 2, 1, 1, 1, 2, 1, 4, 2, 2]|[0, 2, 1, 1, 3, 0, 1, 3, 0, 0, 0, 0, 1, 0, 1, 0, 0, 3, 1, 0, 0, 0, 3, 1, 0, 2, 0, 0, 0, 1, 0, 0, 0, 0, 3, 0, 1, 0, 0, 2, 1, 1, 1, 0, 0, 0, 0, 2, 1, 0, 0, 0, 1, 3, 0, 0, 0, 0, 0, 0, 2, 0, 1, 1, 0, 2, 1, 0, 1, 1, 3, 1, 1, 3, 0, 0, 0, 0, 0, 0, 0, 0, 0, 0, 1, 0, 0, 2, 1, 0, 2, 1, 0, 1, 1, 0, 0, 2, 0, 0],757.0396004785916,56129.652691911746,91492.16283940467,true
51,G4_BALANCED,G4_BALANCED,[31, 11, 15, 82, 26, 9, 95, 32, 77, 68, 47, 5, 93, 78, 86, 54, 85, 63, 18, 44, 20, 49, 36, 14, 74, 50, 53, 17, 21, 45, 71, 64, 3, 23, 30, 83, 24, 41, 60, 52, 65, 27, 90, 70, 39, 87, 48, 69, 99, 4, 46, 1, 13, 58, 97, 59, 28, 75, 73, 37, 35, 79, 22, 66, 76, 42, 40, 80, 96, 6, 16, 61, 33, 7, 57, 34, 12, 67, 10, 98, 56, 88, 29, 94, 91, 38, 51, 92, 43, 84, 19, 72, 81, 25, 0, 55, 62, 89, 8, 2]|[2, 1, 1, 2, 1, 2, 1, 1, 1, 1, 1, 0, 2, 2, 1, 2, 0, 0, 0, 2, 2, 1, 0, 2, 0, 2, 2, 1, 0, 1, 1, 1, 0, 0, 1, 0, 2, 1, 2, 2, 0, 0, 1, 1, 0, 2, 0, 2, 1, 0, 0, 2, 0, 0, 2, 0, 1, 0, 0, 0, 2, 1, 0, 2, 2, 0, 2, 2, 0, 1, 2, 1, 1, 2, 0, 1, 1, 1, 1, 2, 2, 1, 1, 2, 1, 0, 1, 0, 1, 0, 1, 1, 1, 1, 0, 0, 1, 1, 1, 2]|[0, 3, 2, 0, 4, 1, 4, 4, 2, 4, 3, 2, 1, 0, 2, 1, 1, 1, 2, 1, 1, 3, 0, 1, 0, 1, 1, 4, 1, 4, 3, 2, 2, 0, 4, 1, 1, 4, 0, 1, 2, 1, 4, 4, 1, 1, 0, 2, 3, 1, 2, 1, 2, 1, 1, 2, 4, 2, 0, 2, 2, 3, 1, 0, 1, 2, 0, 1, 2, 4, 1, 3, 4, 1, 2, 4, 3, 3, 3, 1, 1, 4, 3, 1, 3, 2, 3, 2, 4, 2, 4, 4, 1, 4, 2, 2, 3, 4, 3, 1]|[0, 2, 1, 0, 3, 0, 1, 3, 0, 0, 2, 0, 1, 0, 1, 0, 0, 0, 1, 0, 0, 2, 0, 0, 1, 0, 0, 3, 0, 1, 0, 2, 0, 1, 3, 0, 1, 3, 1, 0, 0, 0, 1, 3, 0, 0, 1, 0, 2, 0, 0, 0, 0, 0, 1, 0, 1, 0, 1, 1, 0, 2, 0, 0, 0, 0, 0, 0, 0, 2, 0, 0, 1, 0, 0, 1, 0, 0, 3, 0, 0, 1, 0, 0, 0, 0, 0, 0, 2, 0, 3, 2, 1, 3, 0, 0, 0, 1, 0, 0],838.0858887121581,52145.01293281826,108083.60693758915,false
51,G2_TEC,G2_TEC,[31, 94, 82, 15, 26, 9, 95, 42, 77, 68, 47, 5, 93, 78, 86, 54, 85, 63, 18, 44, 20, 49, 36, 14, 74, 50, 53, 17, 21, 28, 11, 64, 3, 23, 30, 83, 24, 41, 40, 52, 65, 27, 90, 70, 39, 87, 48, 69, 99, 4, 46, 1, 13, 56, 97, 59, 45, 8, 73, 37, 35, 79, 71, 66, 76, 32, 60, 80, 58, 6, 67, 61, 33, 7, 57, 34, 12, 16, 10, 98, 96, 88, 43, 81, 91, 2, 84, 29, 92, 19, 51, 55, 89, 75, 25, 72, 22, 38, 62, 0]|[2, 1, 2, 1, 1, 2, 1, 1, 1, 1, 1, 0, 2, 2, 1, 2, 0, 0, 0, 2, 2, 1, 0, 2, 0, 2, 2, 1, 0, 1, 1, 1, 0, 0, 1, 0, 2, 1, 2, 2, 0, 0, 1, 1, 0, 2, 0, 2, 1, 0, 0, 2, 0, 2, 2, 0, 1, 1, 0, 0, 2, 1, 1, 2, 2, 0, 2, 2, 2, 1, 2, 1, 1, 2, 0, 1, 1, 2, 1, 2, 0, 1, 1, 1, 1, 0, 0, 1, 0, 1, 1, 0, 1, 0, 1, 1, 2, 0, 1, 0]|[0, 3, 0, 3, 4, 1, 4, 4, 4, 4, 3, 2, 1, 0, 2, 1, 1, 1, 2, 1, 1, 3, 0, 1, 0, 1, 1, 4, 1, 4, 3, 2, 2, 0, 4, 1, 1, 4, 1, 1, 2, 1, 4, 4, 1, 1, 0, 1, 3, 2, 2, 1, 2, 1, 1, 2, 4, 3, 0, 2, 1, 3, 3, 1, 1, 2, 1, 1, 1, 4, 1, 3, 4, 1, 2, 4, 3, 1, 3, 1, 2, 4, 4, 4, 3, 2, 2, 3, 2, 4, 3, 2, 4, 2, 4, 4, 1, 2, 3, 2]|[0, 2, 0, 0, 3, 0, 1, 3, 1, 0, 2, 0, 1, 0, 1, 0, 0, 0, 1, 0, 0, 2, 0, 0, 1, 0, 0, 3, 0, 1, 0, 2, 0, 0, 3, 0, 1, 1, 0, 0, 0, 0, 1, 3, 0, 0, 1, 0, 2, 0, 0, 0, 0, 0, 1, 0, 1, 0, 1, 1, 0, 2, 0, 0, 0, 0, 0, 0, 0, 2, 0, 0, 1, 0, 0, 1, 0, 0, 3, 0, 0, 1, 2, 2, 0, 0, 0, 3, 0, 1, 0, 0, 1, 0, 3, 1, 0, 0, 0, 0],910.6016522559228,48453.76930145325,107095.52069553157,false
51,G3_TWC,G3_TWC,[31, 22, 42, 15, 26, 58, 95, 82, 77, 12, 47, 5, 93, 78, 98, 54, 85, 63, 18, 44, 20, 35, 43, 97, 91, 76, 10, 30, 21, 45, 71, 64, 1, 23, 17, 83, 24, 61, 60, 36, 6, 57, 94, 88, 65, 56, 79, 40, 67, 68, 46, 75, 38, 9, 19, 32, 81, 41, 27, 62, 87, 90, 99, 59, 11, 16, 72, 73, 70, 39, 37, 84, 3, 92, 25, 74, 28, 29, 51, 7, 53, 14, 86, 48, 89, 50, 66, 96, 33, 80, 4, 8, 55, 49, 0, 52, 69, 2, 13, 34]|[1, 1, 0, 1, 1, 1, 2, 1, 2, 1, 2, 2, 2, 1, 1, 0, 0, 1, 0, 2, 2, 0, 1, 2, 0, 1, 2, 2, 0, 0, 1, 2, 1, 2, 1, 0, 2, 0, 1, 1, 0, 1, 1, 1, 0, 2, 1, 1, 0, 0, 0, 0, 1, 1, 2, 1, 2, 0, 0, 0, 2, 1, 0, 1, 2, 1, 2, 1, 1, 1, 1, 1, 2, 0, 1, 2, 0, 0, 0, 1, 0, 1, 0, 0, 1, 0, 0, 0, 2, 0, 0, 1, 1, 0, 0, 1, 1, 0, 0, 2]|[4, 3, 2, 2, 0, 0, 2, 2, 2, 4, 1, 1, 2, 4, 4, 1, 1, 4, 2, 1, 1, 1, 1, 2, 1, 2, 1, 1, 1, 1, 3, 2, 3, 0, 4, 0, 1, 1, 0, 3, 2, 2, 4, 0, 1, 1, 3, 2, 0, 1, 2, 2, 1, 4, 0, 3, 2, 1, 1, 2, 1, 3, 1, 1, 1, 3, 0, 4, 3, 1, 4, 1, 1, 2, 4, 1, 2, 1, 1, 3, 2, 3, 1, 1, 1, 1, 1, 1, 1, 1, 2, 3, 4, 1, 2, 1, 3, 2, 2, 1]|[0, 2, 1, 1, 3, 3, 0, 1, 0, 0, 0, 0, 1, 0, 1, 0, 0, 3, 1, 0, 0, 0, 3, 1, 0, 2, 0, 0, 0, 1, 0, 0, 0, 0, 3, 0, 1, 0, 0, 2, 1, 1, 2, 0, 0, 0, 0, 1, 1, 0, 0, 0, 1, 3, 0, 0, 1, 0, 0, 1, 0, 2, 0, 1, 0, 2, 1, 0, 0, 1, 1, 3, 0, 1, 3, 0, 1, 0, 0, 2, 1, 0, 0, 0, 1, 0, 0, 0, 0, 0, 1, 2, 3, 1, 0, 1, 0, 0, 0, 0],802.5281847645216,57652.86795409501,87938.17744329936,false
51,G1_CMAX,G2_TEC,[31, 22, 82, 15, 26, 9, 95, 42, 77, 68, 47, 5, 93, 78, 86, 54, 85, 63, 18, 44, 20, 49, 36, 14, 74, 50, 53, 17, 21, 28, 11, 64, 3, 23, 30, 83, 24, 41, 40, 52, 65, 27, 90, 70, 39, 87, 48, 69, 99, 4, 75, 1, 13, 58, 97, 59, 45, 8, 73, 37, 35, 79, 71, 66, 76, 32, 60, 80, 56, 6, 67, 61, 33, 7, 57, 34, 12, 16, 10, 98, 96, 88, 43, 81, 91, 2, 84, 29, 92, 19, 51, 55, 89, 46, 72, 25, 38, 94, 62, 0]|[2, 1, 2, 1, 1, 2, 1, 1, 1, 1, 1, 0, 2, 2, 1, 2, 0, 0, 0, 2, 2, 1, 0, 2, 0, 2, 2, 1, 0, 1, 1, 1, 0, 0, 1, 0, 2, 1, 2, 2, 0, 0, 1, 1, 0, 2, 0, 2, 1, 0, 0, 2, 0, 2, 2, 0, 1, 1, 0, 0, 2, 1, 1, 2, 2, 0, 2, 2, 2, 1, 2, 1, 1, 2, 0, 1, 1, 2, 1, 2, 0, 1, 1, 1, 1, 0, 0, 1, 0, 1, 1, 0, 1, 1, 1, 0, 0, 2, 1, 0]|[0, 3, 0, 3, 4, 1, 4, 4, 2, 4, 3, 2, 1, 0, 2, 1, 1, 1, 2, 1, 1, 3, 0, 1, 0, 1, 1, 4, 1, 4, 3, 2, 2, 0, 4, 1, 1, 4, 1, 1, 2, 1, 4, 4, 1, 1, 0, 1, 3, 2, 2, 1, 2, 1, 1, 2, 4, 3, 0, 2, 2, 3, 3, 1, 1, 2, 1, 1, 1, 4, 1, 3, 4, 1, 2, 4, 3, 1, 3, 1, 2, 4, 4, 4, 3, 2, 2, 3, 2, 4, 3, 2, 4, 4, 4, 2, 2, 1, 3, 2]|[0, 2, 0, 0, 3, 0, 1, 3, 0, 0, 2, 0, 1, 0, 1, 0, 0, 0, 1, 0, 0, 2, 0, 0, 1, 0, 0, 3, 0, 1, 0, 2, 0, 0, 3, 0, 1, 1, 0, 0, 0, 0, 1, 3, 0, 0, 1, 0, 2, 0, 0, 0, 0, 0, 1, 0, 1, 0, 1, 1, 0, 2, 0, 0, 0, 0, 0, 0, 0, 2, 0, 0, 1, 0, 0, 1, 0, 0, 3, 0, 0, 1, 2, 2, 0, 0, 0, 3, 0, 1, 0, 0, 1, 3, 1, 0, 0, 0, 0, 0],893.4215184746204,49023.89261968166,105611.18535996179,true
51,G4_BALANCED,G4_BALANCED,[31, 22, 42, 15, 26, 58, 95, 82, 77, 12, 47, 5, 93, 78, 98, 54, 85, 63, 18, 44, 20, 35, 43, 97, 91, 76, 10, 19, 21, 45, 71, 64, 1, 23, 17, 83, 24, 61, 60, 36, 6, 57, 94, 88, 65, 56, 79, 40, 67, 68, 46, 75, 38, 9, 30, 32, 81, 41, 27, 62, 87, 90, 99, 59, 11, 16, 72, 73, 70, 39, 37, 84, 3, 92, 25, 55, 28, 29, 51, 7, 33, 14, 86, 48, 89, 50, 66, 96, 53, 80, 4, 8, 34, 49, 0, 52, 13, 2, 69, 74]|[1, 1, 0, 1, 1, 1, 2, 1, 2, 1, 2, 2, 2, 1, 1, 0, 0, 1, 0, 2, 2, 0, 1, 2, 0, 1, 2, 2, 0, 0, 1, 2, 1, 2, 1, 0, 2, 0, 1, 1, 0, 1, 1, 1, 0, 2, 1, 1, 0, 0, 0, 0, 1, 1, 2, 1, 2, 2, 0, 0, 2, 1, 0, 1, 2, 1, 2, 1, 1, 1, 1, 1, 2, 1, 1, 1, 0, 0, 0, 1, 2, 1, 0, 0, 1, 0, 0, 2, 0, 0, 0, 1, 2, 0, 0, 1, 0, 0, 1, 2]|[4, 3, 2, 2, 0, 0, 2, 2, 2, 4, 1, 1, 2, 4, 4, 1, 1, 4, 2, 1, 1, 1, 1, 2, 1, 2, 1, 0, 1, 1, 3, 2, 3, 0, 4, 0, 1, 1, 0, 3, 2, 2, 4, 0, 1, 1, 0, 2, 0, 1, 2, 2, 1, 4, 1, 3, 2, 1, 1, 2, 1, 3, 1, 1, 1, 3, 0, 4, 3, 1, 4, 1, 1, 4, 4, 4, 2, 1, 1, 3, 1, 3, 1, 1, 1, 1, 1, 1, 2, 1, 2, 3, 1, 1, 2, 1, 2, 2, 3, 1]|[0, 2, 1, 1, 3, 3, 0, 1, 0, 0, 0, 0, 1, 0, 1, 0, 0, 3, 1, 0, 0, 0, 3, 1, 0, 2, 0, 0, 0, 1, 0, 0, 0, 0, 3, 0, 1, 0, 0, 2, 1, 1, 2, 0, 0, 0, 0, 1, 1, 0, 0, 0, 1, 3, 0, 0, 1, 0, 0, 1, 0, 2, 0, 1, 0, 2, 1, 0, 0, 1, 1, 3, 0, 0, 3, 3, 1, 0, 0, 2, 0, 0, 0, 0, 1, 0, 0, 0, 1, 0, 1, 2, 0, 1, 0, 1, 0, 0, 0, 0],736.2670012451629,57630.52540083121,89970.27722989232,false
51,G2_TEC,G2_TEC,[31, 94, 82, 15, 26, 9, 95, 42, 77, 68, 47, 5, 93, 78, 86, 54, 85, 63, 18, 44, 20, 49, 36, 14, 74, 50, 53, 17, 21, 28, 11, 64, 3, 23, 30, 83, 24, 41, 40, 52, 65, 27, 90, 70, 39, 87, 48, 69, 99, 4, 46, 1, 13, 56, 97, 59, 45, 8, 73, 37, 35, 79, 71, 66, 76, 32, 60, 80, 58, 6, 67, 61, 33, 7, 57, 34, 12, 16, 10, 98, 96, 88, 43, 81, 91, 2, 84, 29, 92, 19, 51, 55, 89, 75, 25, 72, 22, 38, 62, 0]|[2, 1, 2, 1, 1, 2, 1, 1, 1, 1, 1, 0, 2, 2, 1, 2, 0, 0, 0, 2, 2, 1, 0, 2, 0, 2, 2, 1, 0, 1, 1, 1, 0, 0, 1, 0, 2, 1, 2, 2, 0, 0, 1, 1, 0, 2, 0, 2, 1, 0, 0, 2, 0, 2, 2, 0, 1, 1, 0, 0, 2, 1, 1, 2, 2, 0, 2, 2, 2, 1, 2, 1, 1, 2, 0, 1, 1, 2, 1, 2, 0, 1, 1, 1, 1, 0, 0, 1, 0, 1, 1, 0, 1, 0, 1, 1, 2, 0, 1, 0]|[0, 3, 0, 3, 4, 1, 4, 4, 4, 4, 3, 2, 1, 0, 2, 1, 1, 1, 2, 1, 1, 3, 0, 1, 0, 1, 1, 4, 1, 4, 3, 2, 2, 0, 4, 1, 1, 4, 1, 1, 2, 1, 4, 4, 1, 1, 0, 1, 3, 2, 2, 1, 2, 1, 1, 2, 4, 3, 0, 2, 1, 3, 3, 1, 1, 2, 1, 1, 1, 4, 1, 3, 4, 1, 2, 4, 3, 1, 3, 1, 2, 4, 4, 4, 3, 2, 2, 3, 2, 4, 3, 2, 4, 2, 4, 4, 1, 2, 3, 2]|[0, 2, 0, 0, 3, 0, 1, 3, 1, 0, 2, 0, 1, 0, 1, 0, 0, 0, 1, 0, 0, 2, 0, 0, 1, 0, 0, 3, 0, 1, 0, 2, 0, 0, 3, 0, 1, 1, 0, 0, 0, 0, 1, 3, 0, 0, 1, 0, 2, 0, 0, 0, 0, 0, 1, 0, 1, 0, 1, 1, 0, 2, 0, 0, 0, 0, 0, 0, 0, 2, 0, 0, 1, 0, 0, 1, 0, 0, 3, 0, 0, 1, 2, 2, 0, 0, 0, 3, 0, 1, 0, 0, 1, 0, 3, 1, 0, 0, 0, 0],910.6016522559228,48453.76930145325,107095.52069553157,false
51,G3_TWC,G3_TWC,[31, 22, 42, 15, 26, 58, 95, 82, 77, 12, 47, 5, 93, 78, 98, 54, 85, 63, 18, 44, 20, 35, 43, 97, 91, 76, 10, 30, 21, 45, 71, 64, 1, 23, 17, 83, 24, 61, 60, 36, 6, 57, 94, 88, 65, 56, 79, 40, 67, 68, 46, 75, 38, 9, 19, 32, 81, 41, 27, 62, 87, 90, 99, 59, 11, 16, 72, 73, 70, 39, 37, 84, 3, 92, 25, 74, 28, 29, 51, 7, 53, 14, 86, 48, 89, 50, 66, 96, 33, 80, 4, 8, 55, 49, 0, 52, 69, 2, 13, 34]|[1, 1, 0, 1, 1, 1, 2, 1, 2, 1, 2, 2, 2, 1, 1, 0, 0, 1, 0, 2, 2, 0, 1, 2, 0, 1, 2, 2, 0, 0, 1, 2, 1, 2, 1, 0, 2, 0, 1, 1, 0, 1, 1, 1, 0, 2, 1, 1, 0, 0, 0, 0, 1, 1, 2, 1, 2, 0, 0, 0, 2, 1, 0, 1, 2, 1, 2, 1, 1, 1, 1, 1, 2, 0, 1, 2, 0, 0, 0, 1, 0, 1, 0, 0, 1, 0, 0, 0, 2, 0, 0, 1, 1, 0, 0, 1, 1, 0, 0, 2]|[4, 3, 2, 2, 0, 0, 2, 2, 2, 4, 1, 1, 2, 4, 4, 1, 1, 4, 2, 1, 1, 1, 1, 2, 1, 2, 1, 1, 1, 1, 3, 2, 3, 0, 4, 0, 1, 1, 0, 3, 2, 2, 4, 0, 1, 1, 3, 2, 0, 1, 2, 2, 1, 4, 0, 3, 2, 1, 1, 2, 1, 3, 1, 1, 1, 3, 0, 4, 3, 1, 4, 1, 1, 2, 4, 1, 2, 1, 1, 3, 2, 3, 1, 1, 1, 1, 1, 1, 1, 1, 2, 3, 4, 1, 2, 1, 3, 2, 2, 1]|[0, 2, 1, 1, 3, 3, 0, 1, 0, 0, 0, 0, 1, 0, 1, 0, 0, 3, 1, 0, 0, 0, 3, 1, 0, 2, 0, 0, 0, 1, 0, 0, 0, 0, 3, 0, 1, 0, 0, 2, 1, 1, 2, 0, 0, 0, 0, 1, 1, 0, 0, 0, 1, 3, 0, 0, 1, 0, 0, 1, 0, 2, 0, 1, 0, 2, 1, 0, 0, 1, 1, 3, 0, 1, 3, 0, 1, 0, 0, 2, 1, 0, 0, 0, 1, 0, 0, 0, 0, 0, 1, 2, 3, 1, 0, 1, 0, 0, 0, 0],802.5281847645216,57652.86795409501,87938.17744329936,false
51,G1_CMAX,G3_TWC,[31, 22, 82, 15, 26, 99, 95, 42, 77, 12, 47, 5, 93, 78, 86, 54, 21, 63, 18, 44, 20, 35, 43, 97, 91, 76, 10, 30, 85, 45, 71, 64, 1, 23, 17, 83, 24, 14, 60, 36, 6, 57, 40, 88, 65, 56, 79, 94, 67, 68, 46, 75, 38, 9, 19, 32, 41, 81, 27, 87, 90, 58, 59, 11, 16, 72, 73, 70, 39, 37, 84, 3, 92, 62, 25, 55, 28, 29, 51, 7, 33, 61, 98, 66, 89, 50, 48, 96, 53, 80, 4, 8, 34, 49, 52, 0, 13, 2, 69, 74]|[1, 1, 0, 1, 1, 0, 1, 1, 2, 1, 2, 2, 2, 1, 1, 0, 0, 1, 0, 2, 2, 0, 1, 2, 0, 1, 2, 2, 0, 0, 1, 2, 1, 2, 1, 0, 2, 0, 1, 1, 0, 1, 1, 1, 0, 2, 1, 1, 0, 0, 0, 0, 1, 1, 2, 1, 0, 2, 0, 2, 1, 0, 1, 2, 1, 2, 1, 1, 1, 1, 1, 1, 0, 0, 1, 2, 0, 0, 0, 2, 2, 1, 2, 2, 1, 0, 0, 2, 0, 0, 1, 1, 2, 0, 1, 0, 0, 0, 1, 2]|[4, 3, 2, 2, 4, 1, 2, 3, 2, 4, 1, 1, 2, 4, 4, 1, 1, 4, 2, 1, 1, 1, 1, 2, 1, 2, 1, 1, 2, 1, 3, 2, 3, 0, 4, 0, 1, 1, 0, 3, 2, 2, 2, 0, 1, 1, 0, 4, 0, 1, 2, 2, 1, 4, 0, 3, 1, 2, 1, 1, 3, 1, 1, 1, 3, 0, 4, 3, 1, 4, 1, 1, 2, 2, 4, 1, 2, 1, 1, 1, 1, 3, 1, 1, 1, 1, 1, 1, 2, 1, 4, 3, 1, 1, 1, 2, 2, 2, 4, 1]|[0, 2, 1, 1, 3, 0, 1, 3, 0, 0, 0, 0, 1, 0, 1, 0, 0, 3, 1, 0, 0, 0, 3, 1, 0, 2, 0, 0, 0, 1, 0, 0, 0, 0, 3, 0, 1, 0, 0, 2, 1, 1, 1, 0, 0, 0, 0, 2, 1, 0, 0, 0, 1, 3, 0, 0, 0, 1, 0, 0, 2, 0, 1, 0, 2, 1, 0, 0, 1, 1, 3, 1, 1, 1, 3, 0, 1, 0, 0, 0, 0, 0, 0, 0, 1, 0, 0, 0, 1, 0, 0, 2, 0, 1, 1, 0, 0, 0, 2, 0],738.4078437685978,56794.782228086115,91517.5691530927,true
51,G4_BALANCED,G3_TWC,[31, 22, 42, 15, 26, 58, 95, 82, 77, 12, 47, 5, 93, 78, 98, 54, 85, 63, 18, 44, 20, 35, 43, 97, 91, 76, 10, 30, 21, 45, 75, 64, 1, 23, 17, 83, 24, 61, 60, 36, 6, 57, 94, 88, 65, 56, 79, 40, 67, 68, 46, 71, 38, 9, 19, 32, 81, 41, 27, 62, 87, 90, 99, 59, 11, 16, 72, 73, 70, 39, 37, 84, 3, 92, 25, 74, 28, 29, 51, 7, 53, 14, 48, 86, 89, 50, 66, 96, 33, 80, 4, 8, 34, 49, 0, 52, 13, 2, 69, 55]|[1, 1, 0, 1, 1, 1, 2, 1, 2, 1, 2, 2, 2, 1, 1, 0, 0, 1, 0, 2, 2, 0, 1, 2, 0, 1, 2, 2, 0, 0, 0, 2, 1, 2, 1, 0, 2, 0, 1, 1, 0, 1, 1, 1, 0, 2, 1, 1, 0, 0, 0, 1, 1, 1, 2, 1, 2, 0, 0, 0, 2, 1, 0, 1, 2, 1, 2, 1, 1, 1, 1, 1, 2, 0, 1, 2, 0, 0, 0, 1, 0, 1, 0, 0, 1, 0, 0, 0, 2, 0, 0, 1, 2, 0, 0, 1, 0, 0, 1, 1]|[4, 3, 2, 2, 0, 0, 2, 2, 2, 4, 1, 1, 2, 4, 4, 1, 1, 4, 2, 1, 1, 1, 1, 2, 1, 2, 1, 1, 1, 1, 2, 2, 3, 0, 4, 0, 1, 1, 0, 3, 2, 2, 4, 0, 1, 1, 0, 2, 0, 1, 2, 3, 1, 4, 0, 3, 2, 1, 1, 2, 1, 3, 1, 1, 1, 3, 0, 4, 3, 1, 4, 1, 1, 2, 4, 1, 2, 1, 1, 3, 2, 3, 1, 1, 1, 1, 1, 1, 1, 1, 2, 3, 1, 1, 2, 1, 2, 2, 3, 4]|[0, 2, 1, 1, 3, 3, 0, 1, 0, 0, 0, 0, 1, 0, 1, 0, 0, 3, 1, 0, 0, 0, 3, 1, 0, 2, 0, 0, 0, 1, 0, 0, 0, 0, 3, 0, 1, 0, 0, 2, 1, 1, 2, 0, 0, 0, 0, 1, 1, 0, 0, 0, 1, 3, 0, 0, 1, 0, 0, 1, 0, 2, 0, 1, 0, 2, 1, 0, 0, 1, 1, 3, 0, 1, 3, 0, 1, 0, 0, 2, 1, 0, 0, 0, 1, 0, 0, 0, 0, 0, 1, 2, 0, 1, 0, 1, 0, 0, 0, 3],803.2072603330798,58258.121323374144,87500.47624634765,true
51,G2_TEC,G2_TEC,[31, 94, 82, 15, 26, 9, 95, 42, 77, 68, 47, 5, 93, 78, 86, 54, 85, 63, 18, 44, 20, 49, 36, 14, 74, 50, 53, 17, 21, 28, 11, 64, 3, 23, 30, 83, 24, 41, 40, 52, 65, 27, 90, 70, 39, 87, 48, 69, 99, 4, 46, 1, 13, 56, 97, 59, 45, 8, 73, 37, 35, 79, 71, 66, 76, 32, 60, 80, 58, 6, 67, 61, 33, 7, 57, 34, 12, 16, 10, 98, 96, 88, 43, 81, 91, 2, 84, 29, 92, 19, 51, 55, 89, 75, 25, 72, 22, 38, 62, 0]|[2, 1, 2, 1, 1, 2, 1, 1, 1, 1, 1, 0, 2, 2, 1, 2, 0, 0, 0, 2, 2, 1, 0, 2, 0, 2, 2, 1, 0, 1, 1, 1, 0, 0, 1, 0, 2, 1, 2, 2, 0, 0, 1, 1, 0, 2, 0, 2, 1, 0, 0, 2, 0, 2, 2, 0, 1, 1, 0, 0, 2, 1, 1, 2, 2, 0, 2, 2, 2, 1, 2, 1, 1, 2, 0, 1, 1, 2, 1, 2, 0, 1, 1, 1, 1, 0, 0, 1, 0, 1, 1, 0, 1, 0, 1, 1, 2, 0, 1, 0]|[0, 3, 0, 3, 4, 1, 4, 4, 4, 4, 3, 2, 1, 0, 2, 1, 1, 1, 2, 1, 1, 3, 0, 1, 0, 1, 1, 4, 1, 4, 3, 2, 2, 0, 4, 1, 1, 4, 1, 1, 2, 1, 4, 4, 1, 1, 0, 1, 3, 2, 2, 1, 2, 1, 1, 2, 4, 3, 0, 2, 1, 3, 3, 1, 1, 2, 1, 1, 1, 4, 1, 3, 4, 1, 2, 4, 3, 1, 3, 1, 2, 4, 4, 4, 3, 2, 2, 3, 2, 4, 3, 2, 4, 2, 4, 4, 1, 2, 3, 2]|[0, 2, 0, 0, 3, 0, 1, 3, 1, 0, 2, 0, 1, 0, 1, 0, 0, 0, 1, 0, 0, 2, 0, 0, 1, 0, 0, 3, 0, 1, 0, 2, 0, 0, 3, 0, 1, 1, 0, 0, 0, 0, 1, 3, 0, 0, 1, 0, 2, 0, 0, 0, 0, 0, 1, 0, 1, 0, 1, 1, 0, 2, 0, 0, 0, 0, 0, 0, 0, 2, 0, 0, 1, 0, 0, 1, 0, 0, 3, 0, 0, 1, 2, 2, 0, 0, 0, 3, 0, 1, 0, 0, 1, 0, 3, 1, 0, 0, 0, 0],910.6016522559228,48453.76930145325,107095.52069553157,false
51,G3_TWC,G3_TWC,[31, 22, 42, 15, 26, 58, 95, 82, 77, 12, 47, 5, 93, 78, 98, 54, 85, 63, 18, 44, 20, 35, 43, 97, 91, 76, 10, 30, 21, 45, 71, 64, 1, 23, 17, 83, 24, 61, 60, 36, 6, 57, 94, 88, 65, 56, 79, 40, 67, 68, 46, 75, 38, 9, 19, 32, 81, 41, 27, 62, 87, 90, 99, 59, 11, 16, 72, 73, 70, 39, 37, 84, 3, 92, 25, 74, 28, 29, 51, 7, 53, 14, 86, 48, 89, 50, 66, 96, 33, 80, 4, 8, 55, 49, 0, 52, 69, 2, 13, 34]|[1, 1, 0, 1, 1, 1, 2, 1, 2, 1, 2, 2, 2, 1, 1, 0, 0, 1, 0, 2, 2, 0, 1, 2, 0, 1, 2, 2, 0, 0, 1, 2, 1, 2, 1, 0, 2, 0, 1, 1, 0, 1, 1, 1, 0, 2, 1, 1, 0, 0, 0, 0, 1, 1, 2, 1, 2, 0, 0, 0, 2, 1, 0, 1, 2, 1, 2, 1, 1, 1, 1, 1, 2, 0, 1, 2, 0, 0, 0, 1, 0, 1, 0, 0, 1, 0, 0, 0, 2, 0, 0, 1, 1, 0, 0, 1, 1, 0, 0, 2]|[4, 3, 2, 2, 0, 0, 2, 2, 2, 4, 1, 1, 2, 4, 4, 1, 1, 4, 2, 1, 1, 1, 1, 2, 1, 2, 1, 1, 1, 1, 3, 2, 3, 0, 4, 0, 1, 1, 0, 3, 2, 2, 4, 0, 1, 1, 3, 2, 0, 1, 2, 2, 1, 4, 0, 3, 2, 1, 1, 2, 1, 3, 1, 1, 1, 3, 0, 4, 3, 1, 4, 1, 1, 2, 4, 1, 2, 1, 1, 3, 2, 3, 1, 1, 1, 1, 1, 1, 1, 1, 2, 3, 4, 1, 2, 1, 3, 2, 2, 1]|[0, 2, 1, 1, 3, 3, 0, 1, 0, 0, 0, 0, 1, 0, 1, 0, 0, 3, 1, 0, 0, 0, 3, 1, 0, 2, 0, 0, 0, 1, 0, 0, 0, 0, 3, 0, 1, 0, 0, 2, 1, 1, 2, 0, 0, 0, 0, 1, 1, 0, 0, 0, 1, 3, 0, 0, 1, 0, 0, 1, 0, 2, 0, 1, 0, 2, 1, 0, 0, 1, 1, 3, 0, 1, 3, 0, 1, 0, 0, 2, 1, 0, 0, 0, 1, 0, 0, 0, 0, 0, 1, 2, 3, 1, 0, 1, 0, 0, 0, 0],802.5281847645216,57652.86795409501,87938.17744329936,false
51,G1_CMAX,G3_TWC,[31, 22, 42, 15, 26, 58, 95, 82, 77, 12, 47, 5, 93, 78, 98, 54, 85, 63, 18, 44, 20, 35, 43, 97, 91, 76, 10, 30, 21, 45, 71, 64, 1, 23, 17, 83, 24, 61, 60, 36, 6, 57, 94, 88, 65, 56, 79, 40, 67, 68, 46, 75, 38, 9, 19, 32, 81, 41, 27, 62, 87, 90, 99, 59, 53, 16, 72, 73, 70, 39, 37, 84, 3, 92, 25, 74, 28, 29, 51, 50, 11, 14, 86, 55, 89, 7, 4, 96, 33, 80, 48, 8, 66, 49, 0, 52, 13, 2, 69, 34]|[1, 1, 0, 1, 1, 1, 2, 1, 2, 1, 2, 2, 2, 1, 1, 0, 0, 1, 0, 2, 2, 0, 1, 2, 0, 1, 2, 2, 0, 0, 1, 2, 1, 2, 1, 0, 2, 0, 1, 1, 0, 1, 1, 1, 0, 2, 1, 1, 0, 0, 0, 0, 1, 1, 2, 1, 2, 2, 0, 0, 2, 1, 0, 1, 0, 1, 2, 1, 1, 1, 1, 1, 2, 0, 1, 2, 0, 0, 0, 1, 2, 1, 0, 1, 1, 1, 1, 2, 2, 0, 0, 1, 0, 0, 0, 1, 0, 0, 1, 2]|[4, 3, 2, 2, 0, 0, 2, 2, 2, 4, 1, 1, 2, 4, 4, 1, 1, 4, 2, 1, 1, 1, 1, 2, 1, 2, 1, 1, 1, 1, 3, 2, 3, 0, 4, 0, 1, 1, 0, 3, 2, 2, 4, 0, 1, 1, 0, 2, 0, 1, 2, 2, 1, 4, 0, 3, 2, 1, 1, 2, 1, 3, 1, 1, 2, 3, 0, 4, 3, 1, 4, 1, 1, 2, 4, 1, 2, 1, 1, 3, 1, 3, 1, 4, 1, 3, 4, 1, 1, 1, 1, 3, 1, 1, 2, 1, 2, 2, 4, 1]|[0, 2, 1, 1, 3, 3, 0, 1, 0, 0, 0, 0, 1, 0, 1, 0, 0, 3, 1, 0, 0, 0, 3, 1, 0, 2, 0, 0, 0, 1, 0, 0, 0, 0, 3, 0, 1, 0, 0, 2, 1, 1, 2, 0, 0, 0, 0, 1, 1, 0, 0, 0, 1, 3, 0, 0, 1, 0, 0, 1, 0, 2, 0, 1, 1, 2, 1, 0, 0, 1, 1, 3, 0, 1, 3, 0, 1, 0, 0, 2, 0, 0, 0, 3, 1, 2, 0, 0, 0, 0, 0, 2, 0, 1, 0, 1, 0, 0, 2, 0],729.4150576429289,57064.29642405906,91111.48657496076,true
51,G4_BALANCED,G1_CMAX,[31, 22, 82, 15, 26, 99, 95, 42, 77, 12, 47, 5, 93, 78, 86, 54, 21, 63, 18, 44, 20, 35, 43, 97, 91, 76, 10, 30, 85, 45, 71, 64, 1, 23, 17, 83, 24, 14, 60, 36, 6, 57, 40, 88, 65, 56, 59, 94, 67, 68, 46, 75, 38, 9, 19, 32, 41, 81, 27, 87, 90, 58, 79, 11, 16, 72, 73, 70, 39, 37, 84, 3, 92, 25, 55, 48, 62, 29, 51, 7, 33, 61, 98, 28, 89, 50, 4, 96, 53, 80, 8, 66, 34, 49, 52, 0, 74, 69, 2, 13]|[1, 1, 0, 1, 1, 0, 1, 1, 2, 1, 2, 2, 2, 1, 1, 0, 0, 1, 0, 2, 2, 0, 1, 2, 0, 1, 2, 2, 0, 0, 1, 2, 1, 2, 1, 0, 2, 0, 1, 1, 0, 1, 1, 1, 0, 2, 1, 1, 0, 0, 0, 0, 1, 1, 2, 1, 0, 2, 0, 2, 1, 0, 1, 2, 1, 2, 1, 1, 1, 1, 1, 1, 0, 1, 2, 0, 0, 0, 0, 1, 2, 1, 2, 0, 1, 0, 1, 2, 0, 0, 1, 2, 2, 0, 1, 0, 2, 1, 0, 0]|[0, 3, 2, 2, 4, 1, 2, 3, 2, 4, 1, 1, 2, 4, 4, 1, 1, 4, 2, 1, 1, 1, 1, 2, 1, 2, 1, 1, 2, 1, 3, 2, 3, 1, 4, 0, 1, 1, 0, 3, 2, 2, 2, 0, 1, 1, 1, 4, 0, 1, 2, 2, 1, 4, 0, 3, 1, 1, 1, 1, 3, 1, 1, 1, 3, 0, 4, 3, 1, 4, 1, 1, 0, 4, 1, 1, 2, 1, 1, 1, 1, 3, 1, 2, 1, 1, 4, 1, 2, 1, 3, 1, 1, 1, 1, 2, 1, 4, 2, 2]|[0, 2, 1, 1, 3, 0, 1, 3, 0, 0, 0, 0, 1, 0, 1, 0, 0, 3, 1, 0, 0, 0, 3, 1, 0, 2, 0, 0, 0, 1, 0, 0, 0, 0, 3, 0, 1, 0, 0, 2, 1, 1, 1, 0, 0, 0, 1, 2, 1, 0, 0, 0, 1, 3, 0, 0, 0, 0, 0, 0, 2, 0, 1, 0, 2, 1, 0, 0, 1, 1, 3, 1, 1, 3, 0, 0, 1, 0, 0, 2, 0, 0, 0, 1, 1, 0, 0, 0, 1, 0, 2, 0, 0, 1, 1, 0, 0, 2, 0, 0],731.2476204416437,56471.05293543117,93231.64460992858,true
51,G2_TEC,G2_TEC,[31, 94, 82, 15, 26, 9, 95, 42, 77, 68, 47, 5, 93, 78, 86, 54, 85, 63, 18, 44, 20, 49, 36, 14, 74, 50, 53, 17, 21, 28, 11, 64, 3, 23, 30, 83, 24, 41, 40, 52, 65, 27, 90, 70, 39, 87, 48, 69, 99, 4, 46, 1, 13, 56, 97, 59, 45, 8, 73, 37, 35, 79, 71, 66, 76, 32, 60, 80, 58, 6, 67, 61, 33, 7, 57, 34, 12, 16, 10, 98, 96, 88, 43, 81, 91, 2, 84, 29, 92, 19, 51, 55, 89, 75, 25, 72, 22, 38, 62, 0]|[2, 1, 2, 1, 1, 2, 1, 1, 1, 1, 1, 0, 2, 2, 1, 2, 0, 0, 0, 2, 2, 1, 0, 2, 0, 2, 2, 1, 0, 1, 1, 1, 0, 0, 1, 0, 2, 1, 2, 2, 0, 0, 1, 1, 0, 2, 0, 2, 1, 0, 0, 2, 0, 2, 2, 0, 1, 1, 0, 0, 2, 1, 1, 2, 2, 0, 2, 2, 2, 1, 2, 1, 1, 2, 0, 1, 1, 2, 1, 2, 0, 1, 1, 1, 1, 0, 0, 1, 0, 1, 1, 0, 1, 0, 1, 1, 2, 0, 1, 0]|[0, 3, 0, 3, 4, 1, 4, 4, 4, 4, 3, 2, 1, 0, 2, 1, 1, 1, 2, 1, 1, 3, 0, 1, 0, 1, 1, 4, 1, 4, 3, 2, 2, 0, 4, 1, 1, 4, 1, 1, 2, 1, 4, 4, 1, 1, 0, 1, 3, 2, 2, 1, 2, 1, 1, 2, 4, 3, 0, 2, 1, 3, 3, 1, 1, 2, 1, 1, 1, 4, 1, 3, 4, 1, 2, 4, 3, 1, 3, 1, 2, 4, 4, 4, 3, 2, 2, 3, 2, 4, 3, 2, 4, 2, 4, 4, 1, 2, 3, 2]|[0, 2, 0, 0, 3, 0, 1, 3, 1, 0, 2, 0, 1, 0, 1, 0, 0, 0, 1, 0, 0, 2, 0, 0, 1, 0, 0, 3, 0, 1, 0, 2, 0, 0, 3, 0, 1, 1, 0, 0, 0, 0, 1, 3, 0, 0, 1, 0, 2, 0, 0, 0, 0, 0, 1, 0, 1, 0, 1, 1, 0, 2, 0, 0, 0, 0, 0, 0, 0, 2, 0, 0, 1, 0, 0, 1, 0, 0, 3, 0, 0, 1, 2, 2, 0, 0, 0, 3, 0, 1, 0, 0, 1, 0, 3, 1, 0, 0, 0, 0],910.6016522559228,48453.76930145325,107095.52069553157,false
51,G3_TWC,G3_TWC,[31, 22, 42, 15, 26, 58, 95, 82, 77, 12, 47, 5, 93, 78, 98, 54, 85, 63, 18, 44, 20, 35, 43, 97, 91, 76, 10, 30, 21, 45, 71, 64, 1, 23, 17, 83, 24, 61, 60, 36, 6, 57, 94, 88, 65, 56, 79, 40, 67, 68, 46, 75, 38, 9, 19, 32, 81, 41, 27, 62, 87, 90, 99, 59, 11, 16, 72, 73, 70, 39, 37, 84, 3, 92, 25, 74, 28, 29, 51, 7, 53, 14, 86, 48, 89, 50, 66, 96, 33, 80, 4, 8, 55, 49, 0, 52, 69, 2, 13, 34]|[1, 1, 0, 1, 1, 1, 2, 1, 2, 1, 2, 2, 2, 1, 1, 0, 0, 1, 0, 2, 2, 0, 1, 2, 0, 1, 2, 2, 0, 0, 1, 2, 1, 2, 1, 0, 2, 0, 1, 1, 0, 1, 1, 1, 0, 2, 1, 1, 0, 0, 0, 0, 1, 1, 2, 1, 2, 0, 0, 0, 2, 1, 0, 1, 2, 1, 2, 1, 1, 1, 1, 1, 2, 0, 1, 2, 0, 0, 0, 1, 0, 1, 0, 0, 1, 0, 0, 0, 2, 0, 0, 1, 1, 0, 0, 1, 1, 0, 0, 2]|[4, 3, 2, 2, 0, 0, 2, 2, 2, 4, 1, 1, 2, 4, 4, 1, 1, 4, 2, 1, 1, 1, 1, 2, 1, 2, 1, 1, 1, 1, 3, 2, 3, 0, 4, 0, 1, 1, 0, 3, 2, 2, 4, 0, 1, 1, 3, 2, 0, 1, 2, 2, 1, 4, 0, 3, 2, 1, 1, 2, 1, 3, 1, 1, 1, 3, 0, 4, 3, 1, 4, 1, 1, 2, 4, 1, 2, 1, 1, 3, 2, 3, 1, 1, 1, 1, 1, 1, 1, 1, 2, 3, 4, 1, 2, 1, 3, 2, 2, 1]|[0, 2, 1, 1, 3, 3, 0, 1, 0, 0, 0, 0, 1, 0, 1, 0, 0, 3, 1, 0, 0, 0, 3, 1, 0, 2, 0, 0, 0, 1, 0, 0, 0, 0, 3, 0, 1, 0, 0, 2, 1, 1, 2, 0, 0, 0, 0, 1, 1, 0, 0, 0, 1, 3, 0, 0, 1, 0, 0, 1, 0, 2, 0, 1, 0, 2, 1, 0, 0, 1, 1, 3, 0, 1, 3, 0, 1, 0, 0, 2, 1, 0, 0, 0, 1, 0, 0, 0, 0, 0, 1, 2, 3, 1, 0, 1, 0, 0, 0, 0],802.5281847645216,57652.86795409501,87938.17744329936,false
51,G1_CMAX,G3_TWC,[31, 22, 42, 15, 26, 58, 95, 82, 77, 12, 47, 5, 93, 78, 98, 54, 85, 63, 18, 44, 20, 35, 43, 97, 91, 76, 10, 30, 21, 45, 71, 64, 1, 23, 17, 83, 24, 61, 60, 36, 6, 57, 94, 88, 65, 56, 79, 40, 67, 68, 46, 75, 38, 9, 19, 32, 81, 41, 27, 62, 87, 90, 99, 59, 11, 16, 72, 73, 70, 39, 37, 84, 3, 92, 25, 55, 28, 29, 51, 7, 33, 14, 86, 66, 89, 50, 48, 96, 53, 80, 4, 8, 34, 49, 52, 0, 13, 2, 69, 74]|[1, 1, 0, 1, 1, 1, 2, 1, 2, 1, 2, 2, 2, 1, 1, 0, 0, 1, 0, 2, 2, 0, 1, 2, 0, 1, 2, 2, 0, 0, 1, 2, 1, 2, 1, 0, 2, 0, 1, 1, 0, 1, 1, 1, 0, 2, 1, 1, 0, 0, 0, 0, 1, 1, 2, 1, 2, 0, 0, 0, 2, 1, 0, 1, 2, 1, 2, 1, 1, 1, 1, 1, 2, 0, 1, 1, 0, 0, 0, 1, 2, 1, 0, 2, 1, 0, 0, 0, 0, 0, 0, 1, 2, 0, 1, 0, 0, 0, 1, 2]|[4, 3, 2, 2, 0, 0, 2, 2, 2, 4, 1, 1, 2, 4, 4, 1, 1, 4, 2, 1, 1, 1, 1, 2, 1, 2, 1, 1, 1, 1, 3, 2, 3, 0, 4, 0, 1, 1, 0, 3, 2, 2, 4, 0, 1, 1, 3, 2, 0, 1, 2, 2, 1, 4, 0, 3, 2, 1, 1, 2, 1, 3, 1, 1, 1, 3, 0, 4, 3, 1, 4, 1, 1, 2, 4, 4, 2, 1, 1, 3, 1, 3, 1, 1, 1, 1, 1, 1, 2, 1, 2, 3, 1, 1, 1, 2, 2, 2, 3, 1]|[0, 2, 1, 1, 3, 3, 0, 1, 0, 0, 0, 0, 1, 0, 1, 0, 0, 3, 1, 0, 0, 0, 3, 1, 0, 2, 0, 0, 0, 1, 0, 0, 0, 0, 3, 0, 1, 0, 0, 2, 1, 1, 2, 0, 0, 0, 0, 1, 1, 0, 0, 0, 1, 3, 0, 0, 1, 0, 0, 1, 0, 2, 0, 1, 0, 2, 1, 0, 0, 1, 1, 3, 0, 1, 3, 3, 1, 0, 0, 2, 0, 0, 0, 0, 1, 0, 0, 0, 1, 0, 1, 2, 0, 1, 1, 0, 0, 0, 0, 0],792.656717006969,57532.86647605157,88374.54583942425,true
51,G4_BALANCED,G3_TWC,[31, 22, 42, 15, 26, 58, 95, 82, 77, 12, 47, 5, 93, 78, 98, 54, 85, 63, 18, 44, 20, 35, 43, 97, 91, 76, 10, 30, 21, 45, 71, 64, 1, 23, 17, 83, 24, 61, 60, 36, 6, 57, 94, 88, 65, 56, 79, 40, 67, 68, 46, 75, 38, 9, 19, 32, 81, 41, 27, 62, 87, 90, 99, 59, 11, 16, 72, 73, 70, 39, 37, 84, 3, 96, 25, 55, 28, 29, 51, 7, 33, 14, 86, 48, 89, 50, 66, 92, 53, 80, 4, 8, 34, 49, 52, 0, 13, 2, 69, 74]|[1, 1, 0, 1, 1, 1, 2, 1, 2, 1, 2, 2, 2, 1, 1, 0, 0, 1, 0, 2, 2, 0, 1, 2, 0, 1, 2, 2, 0, 0, 1, 2, 1, 2, 1, 0, 2, 0, 1, 1, 0, 1, 1, 1, 0, 2, 1, 1, 0, 0, 0, 0, 1, 1, 2, 1, 2, 0, 0, 0, 2, 1, 0, 1, 2, 1, 2, 1, 1, 1, 1, 1, 2, 0, 1, 1, 0, 0, 0, 1, 2, 1, 0, 0, 1, 0, 2, 0, 0, 0, 0, 1, 2, 0, 1, 0, 0, 0, 1, 2]|[4, 3, 2, 2, 0, 0, 2, 2, 2, 4, 1, 1, 2, 4, 4, 1, 1, 4, 2, 1, 1, 1, 1, 2, 1, 2, 1, 1, 1, 1, 3, 2, 3, 1, 4, 0, 1, 1, 0, 3, 2, 2, 4, 0, 1, 1, 3, 2, 0, 1, 2, 2, 1, 4, 0, 3, 2, 1, 1, 2, 1, 3, 1, 1, 1, 3, 0, 4, 3, 1, 4, 1, 1, 1, 4, 4, 2, 1, 1, 3, 1, 3, 1, 1, 1, 1, 1, 2, 2, 1, 2, 3, 1, 1, 1, 2, 2, 2, 3, 1]|[0, 2, 1, 1, 3, 3, 0, 1, 0, 0, 0, 0, 1, 0, 1, 0, 0, 3, 1, 0, 0, 0, 3, 1, 0, 2, 0, 0, 0, 1, 0, 0, 0, 0, 3, 0, 1, 0, 0, 2, 1, 1, 2, 0, 0, 0, 0, 1, 1, 0, 0, 0, 1, 3, 0, 0, 1, 0, 0, 1, 0, 2, 0, 1, 0, 2, 1, 0, 0, 1, 1, 3, 0, 0, 3, 3, 1, 0, 0, 2, 0, 0, 0, 0, 1, 0, 0, 1, 1, 0, 1, 2, 0, 1, 1, 0, 0, 0, 0, 0],800.5408541574557,57344.080524674486,88497.17003796503,true
51,G2_TEC,G2_TEC,[31, 94, 82, 15, 26, 9, 95, 42, 77, 68, 47, 5, 93, 78, 86, 54, 85, 63, 18, 44, 20, 49, 36, 14, 74, 50, 53, 17, 21, 28, 11, 64, 3, 23, 30, 83, 24, 41, 40, 52, 65, 27, 90, 70, 39, 87, 48, 69, 99, 4, 46, 1, 13, 56, 97, 59, 45, 8, 73, 37, 35, 79, 71, 66, 76, 32, 60, 80, 58, 6, 67, 61, 33, 7, 57, 34, 12, 16, 10, 98, 96, 88, 43, 81, 91, 2, 84, 29, 92, 19, 51, 55, 89, 75, 25, 72, 22, 38, 62, 0]|[2, 1, 2, 1, 1, 2, 1, 1, 1, 1, 1, 0, 2, 2, 1, 2, 0, 0, 0, 2, 2, 1, 0, 2, 0, 2, 2, 1, 0, 1, 1, 1, 0, 0, 1, 0, 2, 1, 2, 2, 0, 0, 1, 1, 0, 2, 0, 2, 1, 0, 0, 2, 0, 2, 2, 0, 1, 1, 0, 0, 2, 1, 1, 2, 2, 0, 2, 2, 2, 1, 2, 1, 1, 2, 0, 1, 1, 2, 1, 2, 0, 1, 1, 1, 1, 0, 0, 1, 0, 1, 1, 0, 1, 0, 1, 1, 2, 0, 1, 0]|[0, 3, 0, 3, 4, 1, 4, 4, 4, 4, 3, 2, 1, 0, 2, 1, 1, 1, 2, 1, 1, 3, 0, 1, 0, 1, 1, 4, 1, 4, 3, 2, 2, 0, 4, 1, 1, 4, 1, 1, 2, 1, 4, 4, 1, 1, 0, 1, 3, 2, 2, 1, 2, 1, 1, 2, 4, 3, 0, 2, 1, 3, 3, 1, 1, 2, 1, 1, 1, 4, 1, 3, 4, 1, 2, 4, 3, 1, 3, 1, 2, 4, 4, 4, 3, 2, 2, 3, 2, 4, 3, 2, 4, 2, 4, 4, 1, 2, 3, 2]|[0, 2, 0, 0, 3, 0, 1, 3, 1, 0, 2, 0, 1, 0, 1, 0, 0, 0, 1, 0, 0, 2, 0, 0, 1, 0, 0, 3, 0, 1, 0, 2, 0, 0, 3, 0, 1, 1, 0, 0, 0, 0, 1, 3, 0, 0, 1, 0, 2, 0, 0, 0, 0, 0, 1, 0, 1, 0, 1, 1, 0, 2, 0, 0, 0, 0, 0, 0, 0, 2, 0, 0, 1, 0, 0, 1, 0, 0, 3, 0, 0, 1, 2, 2, 0, 0, 0, 3, 0, 1, 0, 0, 1, 0, 3, 1, 0, 0, 0, 0],910.6016522559228,48453.76930145325,107095.52069553157,false
51,G3_TWC,G3_TWC,[31, 22, 42, 15, 26, 58, 95, 82, 77, 12, 47, 5, 93, 78, 98, 54, 85, 63, 18, 44, 20, 35, 43, 97, 91, 76, 10, 30, 21, 45, 71, 64, 1, 23, 17, 83, 24, 61, 60, 36, 6, 57, 94, 88, 65, 56, 79, 40, 67, 68, 46, 75, 38, 9, 19, 32, 81, 41, 27, 62, 87, 90, 99, 59, 11, 16, 72, 73, 70, 39, 37, 84, 3, 92, 25, 74, 28, 29, 51, 7, 53, 14, 86, 48, 89, 50, 66, 96, 33, 80, 4, 8, 55, 49, 0, 52, 69, 2, 13, 34]|[1, 1, 0, 1, 1, 1, 2, 1, 2, 1, 2, 2, 2, 1, 1, 0, 0, 1, 0, 2, 2, 0, 1, 2, 0, 1, 2, 2, 0, 0, 1, 2, 1, 2, 1, 0, 2, 0, 1, 1, 0, 1, 1, 1, 0, 2, 1, 1, 0, 0, 0, 0, 1, 1, 2, 1, 2, 0, 0, 0, 2, 1, 0, 1, 2, 1, 2, 1, 1, 1, 1, 1, 2, 0, 1, 2, 0, 0, 0, 1, 0, 1, 0, 0, 1, 0, 0, 0, 2, 0, 0, 1, 1, 0, 0, 1, 1, 0, 0, 2]|[4, 3, 2, 2, 0, 0, 2, 2, 2, 4, 1, 1, 2, 4, 4, 1, 1, 4, 2, 1, 1, 1, 1, 2, 1, 2, 1, 1, 1, 1, 3, 2, 3, 0, 4, 0, 1, 1, 0, 3, 2, 2, 4, 0, 1, 1, 3, 2, 0, 1, 2, 2, 1, 4, 0, 3, 2, 1, 1, 2, 1, 3, 1, 1, 1, 3, 0, 4, 3, 1, 4, 1, 1, 2, 4, 1, 2, 1, 1, 3, 2, 3, 1, 1, 1, 1, 1, 1, 1, 1, 2, 3, 4, 1, 2, 1, 3, 2, 2, 1]|[0, 2, 1, 1, 3, 3, 0, 1, 0, 0, 0, 0, 1, 0, 1, 0, 0, 3, 1, 0, 0, 0, 3, 1, 0, 2, 0, 0, 0, 1, 0, 0, 0, 0, 3, 0, 1, 0, 0, 2, 1, 1, 2, 0, 0, 0, 0, 1, 1, 0, 0, 0, 1, 3, 0, 0, 1, 0, 0, 1, 0, 2, 0, 1, 0, 2, 1, 0, 0, 1, 1, 3, 0, 1, 3, 0, 1, 0, 0, 2, 1, 0, 0, 0, 1, 0, 0, 0, 0, 0, 1, 2, 3, 1, 0, 1, 0, 0, 0, 0],802.5281847645216,57652.86795409501,87938.17744329936,false
51,G1_CMAX,G1_CMAX,[31, 22, 82, 15, 26, 99, 95, 42, 77, 12, 47, 5, 93, 78, 86, 54, 21, 63, 18, 44, 20, 35, 43, 97, 91, 76, 10, 30, 85, 45, 71, 64, 1, 23, 17, 83, 24, 14, 60, 36, 6, 57, 40, 88, 65, 56, 79, 94, 67, 68, 46, 75, 38, 9, 19, 32, 41, 81, 27, 87, 90, 58, 59, 11, 16, 72, 73, 70, 39, 37, 62, 84, 3, 96, 25, 55, 28, 29, 51, 7, 33, 61, 98, 48, 89, 50, 4, 92, 53, 80, 66, 8, 34, 2, 52, 49, 13, 0, 69, 74]|[1, 1, 0, 1, 1, 0, 1, 1, 2, 1, 2, 2, 2, 1, 1, 0, 0, 1, 0, 2, 2, 0, 1, 2, 0, 1, 2, 2, 0, 0, 1, 2, 1, 2, 1, 0, 2, 0, 1, 1, 0, 1, 1, 1, 0, 2, 1, 1, 0, 0, 0, 0, 1, 1, 2, 1, 2, 2, 0, 2, 1, 0, 1, 2, 1, 2, 1, 1, 1, 1, 0, 1, 1, 2, 1, 2, 2, 0, 0, 2, 2, 1, 2, 0, 1, 0, 1, 0, 0, 0, 2, 1, 2, 0, 1, 0, 0, 0, 1, 2]|[0, 3, 2, 2, 4, 1, 2, 3, 2, 4, 1, 1, 2, 4, 4, 1, 1, 4, 2, 1, 1, 1, 1, 2, 1, 2, 1, 1, 1, 1, 3, 2, 3, 0, 4, 0, 1, 1, 0, 3, 2, 2, 2, 0, 1, 1, 0, 4, 0, 1, 2, 2, 1, 4, 0, 3, 2, 2, 1, 1, 3, 1, 1, 1, 3, 0, 4, 3, 1, 4, 2, 1, 1, 1, 4, 1, 1, 1, 1, 1, 1, 3, 1, 1, 1, 1, 4, 0, 2, 1, 1, 3, 1, 2, 1, 1, 2, 2, 4, 1]|[0, 2, 1, 1, 3, 0, 1, 3, 0, 0, 0, 0, 1, 0, 1, 0, 0, 3, 1, 0, 0, 0, 3, 1, 0, 2, 0, 0, 0, 1, 0, 0, 0, 0, 3, 0, 1, 0, 0, 2, 1, 1, 1, 0, 0, 0, 0, 2, 1, 0, 0, 0, 1, 3, 0, 0, 1, 1, 0, 0, 2, 0, 1, 0, 2, 1, 0, 0, 1, 1, 1, 3, 1, 0, 3, 0, 0, 0, 0, 0, 0, 0, 0, 0, 1, 0, 0, 1, 1, 0, 0, 2, 0, 0, 1, 1, 0, 0, 2, 0],711.9160353756727,57968.03987147099,93521.77032852688,false
51,G4_BALANCED,G2_TEC,[31, 22, 82, 15, 26, 9, 95, 42, 77, 68, 47, 5, 93, 78, 86, 54, 85, 63, 18, 44, 20, 49, 36, 14, 74, 50, 53, 17, 21, 28, 11, 64, 3, 23, 30, 83, 24, 41, 40, 52, 65, 27, 90, 70, 39, 87, 48, 69, 99, 4, 75, 1, 13, 2, 97, 59, 45, 8, 73, 37, 35, 79, 71, 66, 76, 32, 60, 80, 56, 6, 67, 61, 33, 7, 57, 34, 12, 16, 10, 98, 96, 88, 43, 81, 91, 58, 84, 29, 92, 19, 51, 89, 46, 25, 55, 72, 94, 38, 62, 0]|[2, 1, 2, 1, 1, 2, 1, 1, 1, 1, 1, 0, 2, 2, 1, 2, 0, 0, 0, 2, 2, 1, 0, 2, 0, 2, 2, 1, 0, 1, 1, 1, 0, 0, 1, 0, 2, 1, 2, 2, 0, 0, 1, 1, 0, 2, 0, 2, 1, 0, 0, 2, 0, 0, 2, 0, 1, 1, 0, 0, 2, 1, 1, 2, 2, 0, 2, 2, 2, 1, 2, 1, 1, 2, 0, 1, 1, 2, 1, 2, 0, 1, 1, 1, 1, 0, 0, 1, 0, 1, 1, 1, 0, 1, 0, 1, 2, 0, 1, 2]|[0, 3, 0, 3, 4, 1, 4, 4, 2, 4, 3, 2, 1, 0, 2, 1, 1, 1, 2, 1, 1, 3, 0, 1, 0, 1, 1, 4, 1, 4, 3, 2, 2, 0, 4, 1, 1, 4, 1, 1, 2, 1, 4, 4, 1, 1, 0, 1, 3, 2, 2, 1, 2, 2, 1, 2, 4, 3, 0, 2, 2, 3, 3, 1, 1, 2, 1, 1, 1, 4, 1, 3, 4, 1, 2, 4, 3, 1, 3, 1, 2, 4, 4, 4, 3, 2, 2, 3, 2, 4, 3, 4, 2, 4, 2, 4, 1, 2, 3, 1]|[0, 2, 0, 0, 3, 0, 1, 3, 0, 0, 2, 0, 1, 0, 1, 0, 0, 0, 1, 0, 0, 2, 0, 0, 1, 0, 0, 3, 0, 1, 0, 2, 0, 0, 3, 0, 1, 1, 0, 0, 0, 0, 1, 3, 0, 0, 1, 0, 2, 0, 0, 0, 0, 0, 1, 0, 1, 0, 1, 1, 0, 2, 0, 0, 0, 0, 0, 0, 0, 2, 0, 0, 1, 0, 0, 1, 0, 0, 3, 0, 0, 1, 2, 2, 0, 0, 0, 3, 0, 1, 0, 1, 0, 3, 0, 1, 0, 0, 0, 0],900.3657258128578,48909.01810629076,105142.41328200485,true
51,G2_TEC,G2_TEC,[31, 94, 82, 15, 26, 9, 95, 42, 77, 68, 47, 5, 93, 78, 86, 54, 85, 63, 18, 44, 20, 49, 36, 14, 74, 50, 53, 17, 21, 28, 11, 64, 3, 23, 30, 83, 24, 41, 40, 52, 65, 27, 90, 70, 39, 87, 48, 69, 99, 4, 46, 1, 13, 56, 97, 59, 45, 8, 73, 37, 35, 79, 71, 66, 76, 32, 60, 80, 58, 6, 67, 61, 33, 7, 57, 34, 12, 16, 10, 98, 96, 88, 43, 81, 91, 2, 84, 29, 92, 19, 51, 55, 89, 75, 25, 72, 22, 38, 62, 0]|[2, 1, 2, 1, 1, 2, 1, 1, 1, 1, 1, 0, 2, 2, 1, 2, 0, 0, 0, 2, 2, 1, 0, 2, 0, 2, 2, 1, 0, 1, 1, 1, 0, 0, 1, 0, 2, 1, 2, 2, 0, 0, 1, 1, 0, 2, 0, 2, 1, 0, 0, 2, 0, 2, 2, 0, 1, 1, 0, 0, 2, 1, 1, 2, 2, 0, 2, 2, 2, 1, 2, 1, 1, 2, 0, 1, 1, 2, 1, 2, 0, 1, 1, 1, 1, 0, 0, 1, 0, 1, 1, 0, 1, 0, 1, 1, 2, 0, 1, 0]|[0, 3, 0, 3, 4, 1, 4, 4, 4, 4, 3, 2, 1, 0, 2, 1, 1, 1, 2, 1, 1, 3, 0, 1, 0, 1, 1, 4, 1, 4, 3, 2, 2, 0, 4, 1, 1, 4, 1, 1, 2, 1, 4, 4, 1, 1, 0, 1, 3, 2, 2, 1, 2, 1, 1, 2, 4, 3, 0, 2, 1, 3, 3, 1, 1, 2, 1, 1, 1, 4, 1, 3, 4, 1, 2, 4, 3, 1, 3, 1, 2, 4, 4, 4, 3, 2, 2, 3, 2, 4, 3, 2, 4, 2, 4, 4, 1, 2, 3, 2]|[0, 2, 0, 0, 3, 0, 1, 3, 1, 0, 2, 0, 1, 0, 1, 0, 0, 0, 1, 0, 0, 2, 0, 0, 1, 0, 0, 3, 0, 1, 0, 2, 0, 0, 3, 0, 1, 1, 0, 0, 0, 0, 1, 3, 0, 0, 1, 0, 2, 0, 0, 0, 0, 0, 1, 0, 1, 0, 1, 1, 0, 2, 0, 0, 0, 0, 0, 0, 0, 2, 0, 0, 1, 0, 0, 1, 0, 0, 3, 0, 0, 1, 2, 2, 0, 0, 0, 3, 0, 1, 0, 0, 1, 0, 3, 1, 0, 0, 0, 0],910.6016522559228,48453.76930145325,107095.52069553157,false
51,G3_TWC,G3_TWC,[31, 22, 42, 15, 26, 58, 95, 82, 77, 12, 47, 5, 93, 78, 98, 54, 85, 63, 18, 44, 20, 35, 43, 97, 91, 76, 10, 30, 21, 45, 71, 64, 1, 23, 17, 83, 24, 61, 60, 36, 6, 57, 94, 88, 65, 56, 79, 40, 67, 68, 46, 75, 38, 9, 19, 32, 81, 41, 27, 62, 87, 90, 99, 59, 11, 16, 72, 73, 70, 39, 37, 84, 3, 92, 25, 74, 28, 29, 51, 7, 53, 14, 86, 48, 89, 50, 66, 96, 33, 80, 4, 8, 55, 49, 0, 52, 69, 2, 13, 34]|[1, 1, 0, 1, 1, 1, 2, 1, 2, 1, 2, 2, 2, 1, 1, 0, 0, 1, 0, 2, 2, 0, 1, 2, 0, 1, 2, 2, 0, 0, 1, 2, 1, 2, 1, 0, 2, 0, 1, 1, 0, 1, 1, 1, 0, 2, 1, 1, 0, 0, 0, 0, 1, 1, 2, 1, 2, 0, 0, 0, 2, 1, 0, 1, 2, 1, 2, 1, 1, 1, 1, 1, 2, 0, 1, 2, 0, 0, 0, 1, 0, 1, 0, 0, 1, 0, 0, 0, 2, 0, 0, 1, 1, 0, 0, 1, 1, 0, 0, 2]|[4, 3, 2, 2, 0, 0, 2, 2, 2, 4, 1, 1, 2, 4, 4, 1, 1, 4, 2, 1, 1, 1, 1, 2, 1, 2, 1, 1, 1, 1, 3, 2, 3, 0, 4, 0, 1, 1, 0, 3, 2, 2, 4, 0, 1, 1, 3, 2, 0, 1, 2, 2, 1, 4, 0, 3, 2, 1, 1, 2, 1, 3, 1, 1, 1, 3, 0, 4, 3, 1, 4, 1, 1, 2, 4, 1, 2, 1, 1, 3, 2, 3, 1, 1, 1, 1, 1, 1, 1, 1, 2, 3, 4, 1, 2, 1, 3, 2, 2, 1]|[0, 2, 1, 1, 3, 3, 0, 1, 0, 0, 0, 0, 1, 0, 1, 0, 0, 3, 1, 0, 0, 0, 3, 1, 0, 2, 0, 0, 0, 1, 0, 0, 0, 0, 3, 0, 1, 0, 0, 2, 1, 1, 2, 0, 0, 0, 0, 1, 1, 0, 0, 0, 1, 3, 0, 0, 1, 0, 0, 1, 0, 2, 0, 1, 0, 2, 1, 0, 0, 1, 1, 3, 0, 1, 3, 0, 1, 0, 0, 2, 1, 0, 0, 0, 1, 0, 0, 0, 0, 0, 1, 2, 3, 1, 0, 1, 0, 0, 0, 0],802.5281847645216,57652.86795409501,87938.17744329936,false
51,G1_CMAX,G4_BALANCED,[31, 22, 42, 15, 26, 58, 95, 82, 77, 12, 47, 5, 93, 78, 98, 54, 85, 63, 18, 44, 20, 35, 43, 97, 91, 76, 10, 30, 21, 45, 71, 64, 1, 23, 17, 83, 24, 61, 60, 36, 6, 57, 94, 88, 65, 56, 79, 40, 67, 68, 46, 75, 38, 9, 19, 32, 81, 41, 27, 62, 87, 90, 99, 59, 11, 16, 72, 73, 70, 39, 37, 84, 3, 92, 25, 55, 28, 29, 51, 7, 33, 4, 48, 86, 89, 50, 66, 96, 53, 80, 14, 8, 74, 49, 52, 0, 13, 2, 69, 34]|[1, 1, 0, 1, 1, 1, 2, 1, 2, 1, 2, 2, 2, 1, 1, 0, 0, 1, 0, 2, 2, 0, 1, 2, 0, 1, 2, 2, 0, 0, 1, 2, 1, 2, 1, 0, 2, 0, 1, 1, 0, 1, 1, 1, 0, 2, 1, 1, 0, 0, 0, 0, 1, 1, 2, 1, 2, 2, 0, 0, 2, 1, 0, 1, 2, 1, 2, 1, 1, 1, 1, 1, 2, 0, 1, 1, 0, 0, 0, 1, 2, 0, 0, 0, 1, 0, 0, 2, 2, 0, 1, 1, 1, 0, 1, 0, 0, 0, 1, 2]|[4, 3, 2, 2, 0, 0, 2, 2, 2, 4, 1, 1, 2, 4, 4, 1, 1, 4, 2, 1, 1, 1, 1, 2, 1, 2, 1, 1, 1, 1, 3, 2, 3, 1, 4, 0, 1, 1, 0, 3, 2, 2, 4, 0, 1, 1, 0, 2, 0, 1, 2, 2, 1, 4, 0, 3, 2, 1, 1, 2, 1, 3, 1, 1, 1, 3, 0, 4, 3, 1, 4, 1, 1, 2, 4, 4, 2, 1, 1, 3, 1, 2, 1, 1, 1, 1, 1, 1, 1, 1, 3, 3, 4, 1, 1, 2, 2, 2, 3, 1]|[0, 2, 1, 1, 3, 3, 0, 1, 0, 0, 0, 0, 1, 0, 1, 0, 0, 3, 1, 0, 0, 0, 3, 1, 0, 2, 0, 0, 0, 1, 0, 0, 0, 0, 3, 0, 1, 0, 0, 2, 1, 1, 2, 0, 0, 0, 0, 1, 1, 0, 0, 0, 1, 3, 0, 0, 1, 0, 0, 1, 0, 2, 0, 1, 0, 2, 1, 0, 0, 1, 1, 3, 0, 1, 3, 3, 1, 0, 0, 2, 0, 1, 0, 0, 1, 0, 0, 0, 0, 0, 0, 2, 3, 1, 1, 0, 0, 0, 0, 0],738.0355458812787,56933.23617086143,91093.9250291222,true
51,G4_BALANCED,G4_BALANCED,[31, 22, 82, 15, 26, 9, 95, 42, 77, 68, 47, 5, 93, 78, 86, 54, 85, 63, 18, 44, 20, 49, 36, 14, 74, 50, 53, 17, 21, 28, 11, 64, 3, 23, 30, 83, 24, 41, 40, 52, 65, 27, 90, 70, 39, 58, 48, 69, 99, 4, 46, 1, 13, 87, 97, 59, 45, 8, 73, 37, 35, 79, 71, 66, 76, 32, 60, 80, 56, 6, 67, 61, 33, 7, 57, 34, 12, 16, 10, 98, 96, 88, 43, 75, 91, 2, 84, 29, 92, 19, 51, 55, 89, 81, 72, 94, 25, 38, 62, 0]|[2, 1, 1, 1, 1, 2, 1, 1, 1, 1, 1, 0, 2, 2, 1, 2, 0, 0, 0, 2, 2, 1, 0, 2, 0, 2, 2, 1, 0, 1, 1, 1, 0, 0, 1, 0, 2, 1, 2, 2, 0, 0, 1, 1, 0, 2, 0, 2, 1, 0, 0, 2, 0, 2, 2, 0, 1, 1, 0, 0, 2, 1, 1, 2, 2, 0, 2, 2, 2, 1, 2, 1, 1, 2, 0, 1, 1, 2, 1, 2, 0, 1, 1, 0, 1, 0, 0, 1, 0, 1, 1, 0, 1, 1, 1, 2, 1, 0, 1, 0]|[0, 3, 3, 3, 4, 1, 4, 4, 4, 4, 3, 2, 1, 0, 2, 1, 1, 1, 2, 1, 1, 3, 0, 1, 0, 1, 1, 4, 1, 4, 3, 2, 2, 0, 4, 1, 1, 4, 1, 1, 2, 1, 4, 4, 1, 1, 0, 1, 3, 2, 2, 1, 2, 1, 1, 2, 4, 3, 0, 2, 2, 3, 3, 1, 1, 2, 1, 1, 1, 4, 1, 3, 4, 1, 2, 4, 3, 1, 3, 1, 2, 4, 4, 2, 3, 2, 2, 3, 2, 4, 3, 2, 4, 4, 4, 1, 4, 2, 3, 2]|[0, 2, 0, 0, 3, 0, 1, 3, 1, 0, 2, 0, 1, 0, 1, 0, 0, 0, 1, 0, 0, 2, 0, 0, 1, 0, 0, 3, 0, 1, 0, 2, 0, 0, 3, 0, 1, 1, 0, 0, 0, 0, 1, 3, 0, 0, 1, 0, 2, 0, 0, 0, 0, 0, 1, 0, 1, 0, 1, 1, 0, 2, 0, 0, 0, 0, 0, 0, 0, 2, 0, 0, 1, 0, 0, 1, 0, 0, 3, 0, 0, 1, 2, 0, 0, 0, 0, 3, 0, 1, 0, 0, 1, 2, 1, 0, 3, 0, 0, 0],903.4237485029934,48861.27648618833,105392.83991013201,false
51,G2_TEC,G2_TEC,[31, 94, 82, 15, 26, 9, 95, 42, 77, 68, 47, 5, 93, 78, 86, 54, 85, 63, 18, 44, 20, 49, 36, 14, 74, 50, 53, 17, 21, 28, 11, 64, 3, 23, 30, 83, 24, 41, 40, 52, 65, 27, 90, 70, 39, 87, 48, 69, 99, 4, 46, 1, 13, 56, 97, 59, 45, 8, 73, 37, 35, 79, 71, 66, 76, 32, 60, 80, 58, 6, 67, 61, 33, 7, 57, 34, 12, 16, 10, 98, 96, 88, 43, 81, 91, 2, 84, 29, 92, 19, 51, 55, 89, 75, 25, 72, 22, 38, 62, 0]|[2, 1, 2, 1, 1, 2, 1, 1, 1, 1, 1, 0, 2, 2, 1, 2, 0, 0, 0, 2, 2, 1, 0, 2, 0, 2, 2, 1, 0, 1, 1, 1, 0, 0, 1, 0, 2, 1, 2, 2, 0, 0, 1, 1, 0, 2, 0, 2, 1, 0, 0, 2, 0, 2, 2, 0, 1, 1, 0, 0, 2, 1, 1, 2, 2, 0, 2, 2, 2, 1, 2, 1, 1, 2, 0, 1, 1, 2, 1, 2, 0, 1, 1, 1, 1, 0, 0, 1, 0, 1, 1, 0, 1, 0, 1, 1, 2, 0, 1, 0]|[0, 3, 0, 3, 4, 1, 4, 4, 4, 4, 3, 2, 1, 0, 2, 1, 1, 1, 2, 1, 1, 3, 0, 1, 0, 1, 1, 4, 1, 4, 3, 2, 2, 0, 4, 1, 1, 4, 1, 1, 2, 1, 4, 4, 1, 1, 0, 1, 3, 2, 2, 1, 2, 1, 1, 2, 4, 3, 0, 2, 1, 3, 3, 1, 1, 2, 1, 1, 1, 4, 1, 3, 4, 1, 2, 4, 3, 1, 3, 1, 2, 4, 4, 4, 3, 2, 2, 3, 2, 4, 3, 2, 4, 2, 4, 4, 1, 2, 3, 2]|[0, 2, 0, 0, 3, 0, 1, 3, 1, 0, 2, 0, 1, 0, 1, 0, 0, 0, 1, 0, 0, 2, 0, 0, 1, 0, 0, 3, 0, 1, 0, 2, 0, 0, 3, 0, 1, 1, 0, 0, 0, 0, 1, 3, 0, 0, 1, 0, 2, 0, 0, 0, 0, 0, 1, 0, 1, 0, 1, 1, 0, 2, 0, 0, 0, 0, 0, 0, 0, 2, 0, 0, 1, 0, 0, 1, 0, 0, 3, 0, 0, 1, 2, 2, 0, 0, 0, 3, 0, 1, 0, 0, 1, 0, 3, 1, 0, 0, 0, 0],910.6016522559228,48453.76930145325,107095.52069553157,false
51,G3_TWC,G3_TWC,[31, 22, 42, 15, 26, 58, 95, 82, 77, 12, 47, 5, 93, 78, 98, 54, 85, 63, 18, 44, 20, 35, 43, 97, 91, 76, 10, 30, 21, 45, 71, 64, 1, 23, 17, 83, 24, 61, 60, 36, 6, 57, 94, 88, 65, 56, 79, 40, 67, 68, 46, 75, 38, 9, 19, 32, 81, 41, 27, 62, 87, 90, 99, 59, 11, 16, 72, 73, 70, 39, 37, 84, 3, 92, 25, 74, 28, 29, 51, 7, 53, 14, 86, 48, 89, 50, 66, 96, 33, 80, 4, 8, 55, 49, 0, 52, 69, 2, 13, 34]|[1, 1, 0, 1, 1, 1, 2, 1, 2, 1, 2, 2, 2, 1, 1, 0, 0, 1, 0, 2, 2, 0, 1, 2, 0, 1, 2, 2, 0, 0, 1, 2, 1, 2, 1, 0, 2, 0, 1, 1, 0, 1, 1, 1, 0, 2, 1, 1, 0, 0, 0, 0, 1, 1, 2, 1, 2, 0, 0, 0, 2, 1, 0, 1, 2, 1, 2, 1, 1, 1, 1, 1, 2, 0, 1, 2, 0, 0, 0, 1, 0, 1, 0, 0, 1, 0, 0, 0, 2, 0, 0, 1, 1, 0, 0, 1, 1, 0, 0, 2]|[4, 3, 2, 2, 0, 0, 2, 2, 2, 4, 1, 1, 2, 4, 4, 1, 1, 4, 2, 1, 1, 1, 1, 2, 1, 2, 1, 1, 1, 1, 3, 2, 3, 0, 4, 0, 1, 1, 0, 3, 2, 2, 4, 0, 1, 1, 3, 2, 0, 1, 2, 2, 1, 4, 0, 3, 2, 1, 1, 2, 1, 3, 1, 1, 1, 3, 0, 4, 3, 1, 4, 1, 1, 2, 4, 1, 2, 1, 1, 3, 2, 3, 1, 1, 1, 1, 1, 1, 1, 1, 2, 3, 4, 1, 2, 1, 3, 2, 2, 1]|[0, 2, 1, 1, 3, 3, 0, 1, 0, 0, 0, 0, 1, 0, 1, 0, 0, 3, 1, 0, 0, 0, 3, 1, 0, 2, 0, 0, 0, 1, 0, 0, 0, 0, 3, 0, 1, 0, 0, 2, 1, 1, 2, 0, 0, 0, 0, 1, 1, 0, 0, 0, 1, 3, 0, 0, 1, 0, 0, 1, 0, 2, 0, 1, 0, 2, 1, 0, 0, 1, 1, 3, 0, 1, 3, 0, 1, 0, 0, 2, 1, 0, 0, 0, 1, 0, 0, 0, 0, 0, 1, 2, 3, 1, 0, 1, 0, 0, 0, 0],802.5281847645216,57652.86795409501,87938.17744329936,false
51,G1_CMAX,G1_CMAX,[31, 22, 82, 15, 26, 99, 95, 42, 77, 12, 47, 5, 93, 78, 86, 54, 21, 63, 18, 44, 20, 35, 43, 97, 91, 76, 10, 30, 85, 45, 71, 64, 1, 23, 17, 83, 24, 14, 60, 36, 6, 57, 40, 88, 65, 56, 79, 94, 67, 68, 46, 75, 38, 9, 19, 32, 41, 81, 27, 87, 90, 58, 59, 11, 62, 16, 72, 73, 39, 37, 84, 3, 92, 25, 55, 48, 70, 29, 51, 96, 33, 61, 98, 66, 89, 50, 4, 7, 53, 80, 8, 28, 34, 49, 52, 0, 74, 69, 2, 13]|[1, 1, 0, 1, 1, 0, 1, 1, 2, 1, 2, 2, 2, 1, 1, 0, 0, 1, 0, 2, 2, 0, 1, 2, 0, 1, 2, 2, 0, 0, 1, 2, 1, 2, 1, 0, 2, 0, 1, 1, 0, 1, 1, 1, 0, 2, 1, 1, 0, 0, 0, 0, 1, 1, 2, 1, 0, 2, 0, 2, 1, 0, 1, 2, 0, 1, 2, 1, 1, 1, 1, 1, 0, 1, 2, 0, 1, 0, 0, 2, 2, 1, 2, 2, 1, 0, 1, 2, 0, 0, 1, 0, 2, 0, 1, 0, 2, 1, 0, 0]|[4, 3, 2, 2, 4, 1, 2, 3, 2, 4, 1, 1, 2, 4, 4, 1, 1, 4, 2, 1, 1, 1, 1, 2, 1, 2, 1, 1, 2, 1, 3, 2, 3, 1, 4, 0, 1, 1, 0, 3, 2, 2, 2, 0, 1, 1, 0, 4, 0, 1, 2, 2, 1, 4, 0, 3, 1, 1, 1, 1, 3, 1, 1, 1, 2, 3, 0, 4, 1, 4, 1, 1, 2, 4, 1, 1, 3, 1, 1, 1, 1, 3, 1, 1, 1, 1, 4, 1, 2, 1, 3, 2, 1, 1, 1, 2, 1, 4, 2, 2]|[0, 2, 1, 1, 3, 0, 1, 3, 0, 0, 0, 0, 1, 0, 1, 0, 0, 3, 1, 0, 0, 0, 3, 1, 0, 2, 0, 0, 0, 1, 0, 0, 0, 0, 3, 0, 1, 0, 0, 2, 1, 1, 1, 0, 0, 0, 0, 2, 1, 0, 0, 0, 1, 3, 0, 0, 0, 0, 0, 0, 2, 0, 1, 0, 1, 2, 1, 0, 1, 1, 3, 1, 1, 3, 0, 0, 0, 0, 0, 0, 0, 0, 0, 0, 1, 0, 0, 0, 1, 0, 2, 1, 0, 1, 1, 0, 0, 2, 0, 0],760.8061429141708,55811.58046129318,92924.88522080088,false
51,G4_BALANCED,G3_TWC,[31, 22, 42, 15, 26, 58, 95, 82, 77, 12, 47, 5, 93, 78, 98, 54, 85, 63, 18, 44, 20, 35, 43, 97, 91, 76, 10, 30, 21, 45, 71, 64, 1, 23, 17, 83, 24, 61, 60, 36, 6, 57, 94, 88, 65, 56, 79, 40, 67, 68, 46, 75, 38, 9, 19, 32, 81, 41, 27, 62, 87, 90, 99, 59, 11, 16, 72, 73, 70, 39, 37, 84, 3, 92, 25, 74, 28, 29, 51, 7, 53, 14, 86, 66, 89, 50, 48, 96, 33, 80, 4, 8, 55, 49, 0, 52, 13, 2, 69, 34]|[1, 1, 0, 1, 1, 1, 2, 1, 2, 1, 2, 2, 2, 1, 1, 0, 0, 1, 0, 2, 2, 0, 1, 2, 0, 1, 2, 2, 0, 0, 1, 2, 1, 2, 1, 0, 2, 0, 1, 1, 0, 1, 1, 1, 0, 2, 1, 1, 0, 0, 0, 0, 1, 1, 2, 1, 2, 0, 0, 0, 2, 1, 0, 1, 2, 1, 2, 1, 1, 1, 1, 1, 2, 0, 1, 2, 0, 0, 0, 1, 0, 1, 0, 0, 1, 0, 0, 0, 2, 0, 0, 1, 1, 0, 0, 1, 0, 0, 1, 2]|[4, 3, 2, 2, 0, 0, 2, 2, 2, 4, 1, 1, 2, 4, 4, 1, 1, 4, 2, 1, 1, 1, 1, 2, 1, 2, 1, 1, 1, 1, 3, 2, 3, 0, 4, 0, 1, 1, 0, 3, 2, 2, 4, 0, 1, 1, 3, 2, 0, 1, 2, 2, 1, 4, 0, 3, 2, 1, 1, 2, 1, 3, 1, 1, 1, 3, 0, 4, 3, 1, 4, 1, 1, 2, 4, 1, 2, 1, 1, 3, 2, 3, 1, 1, 1, 1, 1, 1, 1, 1, 2, 3, 4, 1, 2, 1, 2, 2, 3, 1]|[0, 2, 1, 1, 3, 3, 0, 1, 0, 0, 0, 0, 1, 0, 1, 0, 0, 3, 1, 0, 0, 0, 3, 1, 0, 2, 0, 0, 0, 1, 0, 0, 0, 0, 3, 0, 1, 0, 0, 2, 1, 1, 2, 0, 0, 0, 0, 1, 1, 0, 0, 0, 1, 3, 0, 0, 1, 0, 0, 1, 0, 2, 0, 1, 0, 2, 1, 0, 0, 1, 1, 3, 0, 1, 3, 0, 1, 0, 0, 2, 1, 0, 0, 0, 1, 0, 0, 0, 0, 0, 1, 2, 3, 1, 0, 1, 0, 0, 0, 0],803.2500618908176,57669.581145093194,87836.62092072389,true
51,G2_TEC,G2_TEC,[31, 94, 82, 15, 26, 9, 95, 42, 77, 68, 47, 5, 93, 78, 86, 54, 85, 63, 18, 44, 20, 49, 36, 14, 74, 50, 53, 17, 21, 28, 11, 64, 3, 23, 30, 83, 24, 41, 40, 52, 65, 27, 90, 70, 39, 87, 48, 69, 99, 4, 46, 1, 13, 56, 97, 59, 45, 8, 73, 37, 35, 79, 71, 66, 76, 32, 60, 80, 58, 6, 67, 61, 33, 7, 57, 34, 12, 16, 10, 98, 96, 88, 43, 81, 91, 2, 84, 29, 92, 19, 51, 55, 89, 75, 25, 72, 22, 38, 62, 0]|[2, 1, 2, 1, 1, 2, 1, 1, 1, 1, 1, 0, 2, 2, 1, 2, 0, 0, 0, 2, 2, 1, 0, 2, 0, 2, 2, 1, 0, 1, 1, 1, 0, 0, 1, 0, 2, 1, 2, 2, 0, 0, 1, 1, 0, 2, 0, 2, 1, 0, 0, 2, 0, 2, 2, 0, 1, 1, 0, 0, 2, 1, 1, 2, 2, 0, 2, 2, 2, 1, 2, 1, 1, 2, 0, 1, 1, 2, 1, 2, 0, 1, 1, 1, 1, 0, 0, 1, 0, 1, 1, 0, 1, 0, 1, 1, 2, 0, 1, 0]|[0, 3, 0, 3, 4, 1, 4, 4, 4, 4, 3, 2, 1, 0, 2, 1, 1, 1, 2, 1, 1, 3, 0, 1, 0, 1, 1, 4, 1, 4, 3, 2, 2, 0, 4, 1, 1, 4, 1, 1, 2, 1, 4, 4, 1, 1, 0, 1, 3, 2, 2, 1, 2, 1, 1, 2, 4, 3, 0, 2, 1, 3, 3, 1, 1, 2, 1, 1, 1, 4, 1, 3, 4, 1, 2, 4, 3, 1, 3, 1, 2, 4, 4, 4, 3, 2, 2, 3, 2, 4, 3, 2, 4, 2, 4, 4, 1, 2, 3, 2]|[0, 2, 0, 0, 3, 0, 1, 3, 1, 0, 2, 0, 1, 0, 1, 0, 0, 0, 1, 0, 0, 2, 0, 0, 1, 0, 0, 3, 0, 1, 0, 2, 0, 0, 3, 0, 1, 1, 0, 0, 0, 0, 1, 3, 0, 0, 1, 0, 2, 0, 0, 0, 0, 0, 1, 0, 1, 0, 1, 1, 0, 2, 0, 0, 0, 0, 0, 0, 0, 2, 0, 0, 1, 0, 0, 1, 0, 0, 3, 0, 0, 1, 2, 2, 0, 0, 0, 3, 0, 1, 0, 0, 1, 0, 3, 1, 0, 0, 0, 0],910.6016522559228,48453.76930145325,107095.52069553157,false
51,G3_TWC,G3_TWC,[31, 22, 42, 15, 26, 58, 95, 82, 77, 12, 47, 5, 93, 78, 98, 54, 85, 63, 18, 44, 20, 35, 43, 97, 91, 76, 10, 30, 21, 45, 71, 64, 1, 23, 17, 83, 24, 61, 60, 36, 6, 57, 94, 88, 65, 56, 79, 40, 67, 68, 46, 75, 38, 9, 19, 32, 81, 41, 27, 62, 87, 90, 99, 59, 11, 16, 72, 73, 70, 39, 37, 84, 3, 92, 25, 74, 28, 29, 51, 7, 53, 14, 86, 48, 89, 50, 66, 96, 33, 80, 4, 8, 55, 49, 0, 52, 69, 2, 13, 34]|[1, 1, 0, 1, 1, 1, 2, 1, 2, 1, 2, 2, 2, 1, 1, 0, 0, 1, 0, 2, 2, 0, 1, 2, 0, 1, 2, 2, 0, 0, 1, 2, 1, 2, 1, 0, 2, 0, 1, 1, 0, 1, 1, 1, 0, 2, 1, 1, 0, 0, 0, 0, 1, 1, 2, 1, 2, 0, 0, 0, 2, 1, 0, 1, 2, 1, 2, 1, 1, 1, 1, 1, 2, 0, 1, 2, 0, 0, 0, 1, 0, 1, 0, 0, 1, 0, 0, 0, 2, 0, 0, 1, 1, 0, 0, 1, 1, 0, 0, 2]|[4, 3, 2, 2, 0, 0, 2, 2, 2, 4, 1, 1, 2, 4, 4, 1, 1, 4, 2, 1, 1, 1, 1, 2, 1, 2, 1, 1, 1, 1, 3, 2, 3, 0, 4, 0, 1, 1, 0, 3, 2, 2, 4, 0, 1, 1, 3, 2, 0, 1, 2, 2, 1, 4, 0, 3, 2, 1, 1, 2, 1, 3, 1, 1, 1, 3, 0, 4, 3, 1, 4, 1, 1, 2, 4, 1, 2, 1, 1, 3, 2, 3, 1, 1, 1, 1, 1, 1, 1, 1, 2, 3, 4, 1, 2, 1, 3, 2, 2, 1]|[0, 2, 1, 1, 3, 3, 0, 1, 0, 0, 0, 0, 1, 0, 1, 0, 0, 3, 1, 0, 0, 0, 3, 1, 0, 2, 0, 0, 0, 1, 0, 0, 0, 0, 3, 0, 1, 0, 0, 2, 1, 1, 2, 0, 0, 0, 0, 1, 1, 0, 0, 0, 1, 3, 0, 0, 1, 0, 0, 1, 0, 2, 0, 1, 0, 2, 1, 0, 0, 1, 1, 3, 0, 1, 3, 0, 1, 0, 0, 2, 1, 0, 0, 0, 1, 0, 0, 0, 0, 0, 1, 2, 3, 1, 0, 1, 0, 0, 0, 0],802.5281847645216,57652.86795409501,87938.17744329936,false
51,G1_CMAX,G1_CMAX,[31, 22, 42, 15, 26, 58, 95, 82, 77, 12, 47, 5, 93, 78, 98, 54, 85, 63, 18, 44, 20, 35, 43, 97, 91, 76, 10, 30, 21, 45, 71, 64, 1, 23, 17, 83, 24, 61, 60, 36, 6, 57, 94, 88, 65, 56, 79, 40, 67, 68, 46, 75, 38, 9, 19, 32, 81, 41, 27, 62, 87, 90, 99, 59, 11, 16, 72, 73, 70, 39, 37, 84, 3, 96, 25, 55, 28, 29, 51, 7, 53, 14, 86, 48, 89, 50, 66, 92, 33, 80, 4, 8, 74, 49, 0, 52, 13, 2, 69, 34]|[1, 1, 0, 1, 1, 1, 2, 1, 2, 1, 2, 2, 2, 1, 1, 0, 0, 1, 0, 2, 2, 0, 1, 2, 0, 1, 2, 2, 0, 0, 1, 2, 1, 2, 1, 0, 2, 0, 1, 1, 0, 1, 1, 1, 0, 2, 1, 1, 0, 0, 0, 0, 1, 1, 2, 1, 2, 0, 0, 0, 2, 1, 0, 1, 2, 1, 2, 1, 1, 1, 1, 1, 2, 2, 1, 1, 0, 0, 0, 1, 0, 1, 0, 0, 1, 0, 2, 0, 2, 0, 1, 1, 2, 0, 0, 1, 0, 0, 1, 2]|[4, 3, 2, 2, 0, 0, 2, 2, 2, 4, 1, 1, 2, 4, 4, 1, 1, 4, 2, 1, 1, 1, 1, 2, 1, 2, 1, 1, 1, 1, 3, 2, 3, 1, 4, 0, 1, 1, 0, 3, 2, 2, 4, 0, 1, 1, 3, 2, 0, 1, 2, 2, 1, 4, 0, 3, 2, 1, 1, 2, 1, 3, 1, 1, 1, 3, 0, 4, 3, 1, 4, 1, 1, 1, 4, 4, 2, 1, 1, 3, 2, 3, 1, 1, 1, 1, 1, 2, 1, 1, 4, 3, 1, 1, 2, 1, 2, 2, 3, 1]|[0, 2, 1, 1, 3, 3, 0, 1, 0, 0, 0, 0, 1, 0, 1, 0, 0, 3, 1, 0, 0, 0, 3, 1, 0, 2, 0, 0, 0, 1, 0, 0, 0, 0, 3, 0, 1, 0, 0, 2, 1, 1, 2, 0, 0, 0, 0, 1, 1, 0, 0, 0, 1, 3, 0, 0, 1, 0, 0, 1, 0, 2, 0, 1, 0, 2, 1, 0, 0, 1, 1, 3, 0, 0, 3, 3, 1, 0, 0, 2, 1, 0, 0, 0, 1, 0, 0, 1, 0, 0, 0, 2, 0, 1, 0, 1, 0, 0, 0, 0],753.6896090727217,56974.34042003284,90946.94102860041,false
51,G4_BALANCED,G4_BALANCED,[31, 11, 15, 82, 26, 9, 95, 32, 77, 68, 47, 5, 93, 78, 86, 54, 85, 63, 18, 44, 20, 49, 36, 14, 74, 50, 53, 17, 21, 45, 71, 64, 3, 23, 30, 83, 24, 41, 60, 52, 65, 27, 90, 70, 39, 87, 48, 69, 99, 4, 46, 1, 13, 58, 97, 59, 28, 75, 73, 37, 35, 79, 22, 66, 76, 42, 40, 80, 96, 6, 16, 61, 33, 7, 57, 34, 12, 67, 10, 98, 56, 88, 29, 94, 91, 38, 84, 92, 43, 19, 51, 55, 81, 25, 89, 72, 8, 2, 0, 62]|[2, 1, 1, 2, 1, 2, 1, 1, 1, 1, 1, 0, 2, 2, 1, 2, 0, 0, 0, 2, 2, 1, 0, 2, 0, 2, 2, 1, 0, 1, 1, 1, 0, 0, 1, 0, 2, 1, 2, 2, 0, 0, 1, 1, 0, 2, 0, 2, 1, 0, 0, 2, 0, 0, 2, 0, 1, 1, 0, 0, 2, 1, 0, 2, 2, 0, 2, 2, 0, 1, 2, 1, 1, 2, 0, 1, 1, 1, 1, 2, 2, 1, 1, 0, 2, 0, 0, 0, 1, 1, 1, 0, 1, 1, 1, 1, 2, 2, 0, 1]|[1, 3, 2, 0, 4, 1, 4, 4, 2, 4, 3, 2, 1, 0, 2, 1, 1, 1, 2, 1, 1, 3, 0, 1, 0, 1, 1, 4, 1, 4, 3, 2, 2, 0, 4, 1, 1, 4, 0, 1, 2, 1, 4, 4, 1, 1, 0, 2, 3, 2, 2, 1, 2, 1, 1, 2, 4, 3, 0, 2, 2, 3, 1, 0, 1, 2, 0, 1, 2, 4, 1, 3, 4, 1, 2, 4, 3, 3, 3, 1, 1, 4, 3, 2, 1, 2, 2, 2, 3, 4, 3, 2, 4, 4, 4, 4, 1, 1, 2, 3]|[1, 0, 1, 0, 3, 0, 1, 3, 0, 0, 2, 0, 1, 0, 1, 0, 0, 0, 1, 0, 0, 2, 0, 0, 1, 0, 0, 3, 0, 1, 0, 2, 0, 1, 3, 0, 1, 3, 1, 0, 0, 0, 1, 3, 0, 0, 1, 0, 2, 0, 0, 0, 0, 0, 1, 0, 1, 0, 1, 1, 0, 2, 0, 0, 0, 0, 0, 0, 0, 2, 0, 0, 1, 0, 0, 1, 0, 0, 3, 0, 0, 1, 0, 0, 0, 0, 0, 0, 0, 3, 0, 0, 1, 3, 1, 1, 0, 0, 0, 0],852.5133725602822,51557.5538377163,107624.36016933215,false
51,G2_TEC,G2_TEC,[31, 94, 82, 15, 26, 9, 95, 42, 77, 68, 47, 5, 93, 78, 86, 54, 85, 63, 18, 44, 20, 49, 36, 14, 74, 50, 53, 17, 21, 28, 11, 64, 3, 23, 30, 83, 24, 41, 40, 52, 65, 27, 90, 70, 39, 87, 48, 69, 99, 4, 46, 1, 13, 56, 97, 59, 45, 8, 73, 37, 35, 79, 71, 66, 76, 32, 60, 80, 58, 6, 67, 61, 33, 7, 57, 34, 12, 16, 10, 98, 96, 88, 43, 81, 91, 2, 84, 29, 92, 19, 51, 55, 89, 75, 25, 72, 22, 38, 62, 0]|[2, 1, 2, 1, 1, 2, 1, 1, 1, 1, 1, 0, 2, 2, 1, 2, 0, 0, 0, 2, 2, 1, 0, 2, 0, 2, 2, 1, 0, 1, 1, 1, 0, 0, 1, 0, 2, 1, 2, 2, 0, 0, 1, 1, 0, 2, 0, 2, 1, 0, 0, 2, 0, 2, 2, 0, 1, 1, 0, 0, 2, 1, 1, 2, 2, 0, 2, 2, 2, 1, 2, 1, 1, 2, 0, 1, 1, 2, 1, 2, 0, 1, 1, 1, 1, 0, 0, 1, 0, 1, 1, 0, 1, 0, 1, 1, 2, 0, 1, 0]|[0, 3, 0, 3, 4, 1, 4, 4, 4, 4, 3, 2, 1, 0, 2, 1, 1, 1, 2, 1, 1, 3, 0, 1, 0, 1, 1, 4, 1, 4, 3, 2, 2, 0, 4, 1, 1, 4, 1, 1, 2, 1, 4, 4, 1, 1, 0, 1, 3, 2, 2, 1, 2, 1, 1, 2, 4, 3, 0, 2, 1, 3, 3, 1, 1, 2, 1, 1, 1, 4, 1, 3, 4, 1, 2, 4, 3, 1, 3, 1, 2, 4, 4, 4, 3, 2, 2, 3, 2, 4, 3, 2, 4, 2, 4, 4, 1, 2, 3, 2]|[0, 2, 0, 0, 3, 0, 1, 3, 1, 0, 2, 0, 1, 0, 1, 0, 0, 0, 1, 0, 0, 2, 0, 0, 1, 0, 0, 3, 0, 1, 0, 2, 0, 0, 3, 0, 1, 1, 0, 0, 0, 0, 1, 3, 0, 0, 1, 0, 2, 0, 0, 0, 0, 0, 1, 0, 1, 0, 1, 1, 0, 2, 0, 0, 0, 0, 0, 0, 0, 2, 0, 0, 1, 0, 0, 1, 0, 0, 3, 0, 0, 1, 2, 2, 0, 0, 0, 3, 0, 1, 0, 0, 1, 0, 3, 1, 0, 0, 0, 0],910.6016522559228,48453.76930145325,107095.52069553157,false
51,G3_TWC,G3_TWC,[31, 22, 42, 15, 26, 58, 95, 82, 77, 12, 47, 5, 93, 78, 98, 54, 85, 63, 18, 44, 20, 35, 43, 97, 91, 76, 10, 30, 21, 45, 71, 64, 1, 23, 17, 83, 24, 61, 60, 36, 6, 57, 94, 88, 65, 56, 79, 40, 67, 68, 46, 75, 38, 9, 19, 32, 81, 41, 27, 62, 87, 90, 99, 59, 11, 16, 72, 73, 70, 39, 37, 84, 3, 92, 25, 74, 28, 29, 51, 7, 33, 14, 48, 86, 89, 34, 66, 96, 53, 80, 4, 8, 55, 49, 0, 52, 69, 2, 13, 50]|[1, 1, 0, 1, 1, 1, 2, 1, 2, 1, 2, 2, 2, 1, 1, 0, 0, 1, 0, 2, 2, 0, 1, 2, 0, 1, 2, 2, 0, 0, 1, 2, 1, 2, 1, 0, 2, 0, 1, 1, 0, 1, 1, 1, 0, 2, 1, 1, 0, 0, 0, 0, 1, 1, 2, 1, 2, 0, 0, 0, 2, 1, 0, 1, 2, 1, 2, 1, 1, 1, 1, 1, 2, 0, 1, 2, 0, 0, 0, 1, 2, 1, 0, 0, 1, 2, 0, 0, 0, 0, 0, 1, 1, 0, 0, 1, 1, 0, 0, 2]|[4, 3, 2, 2, 0, 0, 2, 2, 2, 4, 1, 1, 2, 4, 4, 1, 1, 4, 2, 1, 1, 1, 1, 2, 1, 2, 1, 1, 1, 1, 3, 2, 3, 0, 4, 0, 1, 1, 0, 3, 2, 2, 4, 0, 1, 1, 3, 2, 0, 1, 2, 2, 1, 4, 0, 3, 2, 1, 1, 2, 1, 3, 1, 1, 1, 3, 0, 4, 3, 1, 4, 1, 1, 2, 4, 1, 2, 1, 1, 3, 1, 3, 1, 1, 1, 1, 1, 1, 2, 1, 2, 3, 4, 1, 2, 1, 3, 2, 2, 1]|[0, 2, 1, 1, 3, 3, 0, 1, 0, 0, 0, 0, 1, 0, 1, 0, 0, 3, 1, 0, 0, 0, 3, 1, 0, 2, 0, 0, 0, 1, 0, 0, 0, 0, 3, 0, 1, 0, 0, 2, 1, 1, 2, 0, 0, 0, 0, 1, 1, 0, 0, 0, 1, 3, 0, 0, 1, 0, 0, 1, 0, 2, 0, 1, 0, 2, 1, 0, 0, 1, 1, 3, 0, 1, 3, 0, 1, 0, 0, 2, 0, 0, 0, 0, 1, 0, 0, 0, 1, 0, 1, 2, 3, 1, 0, 1, 0, 0, 0, 0],791.3569179726669,57599.4332072643,88165.00420368605,false
51,G1_CMAX,G4_BALANCED,[31, 22, 82, 15, 26, 99, 95, 42, 77, 12, 47, 5, 93, 78, 86, 54, 21, 63, 18, 44, 20, 35, 43, 97, 91, 76, 10, 30, 85, 45, 71, 64, 1, 23, 17, 83, 24, 14, 60, 36, 6, 57, 40, 88, 65, 56, 79, 94, 67, 68, 46, 29, 38, 9, 19, 32, 81, 41, 27, 87, 90, 58, 59, 62, 11, 66, 73, 72, 70, 39, 37, 84, 3, 92, 25, 55, 28, 75, 51, 7, 33, 61, 98, 48, 89, 50, 16, 96, 53, 80, 4, 8, 34, 49, 52, 2, 13, 0, 69, 74]|[1, 1, 0, 1, 1, 0, 1, 2, 2, 1, 2, 2, 2, 1, 1, 0, 0, 1, 0, 2, 2, 0, 0, 2, 0, 1, 2, 2, 0, 0, 1, 2, 1, 2, 1, 0, 2, 0, 1, 1, 0, 1, 1, 1, 0, 2, 1, 1, 0, 0, 0, 0, 1, 1, 2, 1, 2, 0, 0, 2, 2, 1, 1, 2, 2, 2, 1, 2, 1, 1, 1, 1, 1, 0, 1, 1, 0, 0, 0, 1, 2, 1, 0, 0, 1, 0, 2, 2, 0, 0, 1, 1, 2, 0, 1, 0, 0, 0, 1, 2]|[4, 3, 2, 2, 4, 1, 2, 2, 2, 4, 1, 1, 2, 4, 4, 1, 2, 4, 2, 1, 1, 1, 1, 2, 1, 2, 1, 1, 2, 1, 3, 2, 3, 1, 4, 0, 1, 1, 0, 3, 2, 2, 2, 0, 1, 1, 0, 4, 0, 1, 2, 2, 1, 4, 0, 3, 2, 1, 1, 1, 1, 3, 1, 1, 1, 1, 4, 1, 3, 1, 4, 1, 1, 0, 4, 4, 2, 2, 1, 1, 1, 3, 1, 1, 1, 1, 1, 1, 2, 1, 4, 3, 1, 1, 1, 2, 2, 2, 4, 1]|[0, 2, 1, 1, 3, 0, 1, 0, 0, 0, 0, 0, 1, 0, 1, 0, 0, 3, 1, 0, 0, 0, 0, 1, 0, 2, 0, 0, 0, 1, 0, 0, 0, 0, 3, 0, 1, 0, 0, 2, 1, 1, 1, 0, 0, 0, 0, 2, 1, 0, 0, 0, 1, 3, 0, 0, 1, 0, 0, 0, 0, 2, 1, 0, 0, 0, 0, 0, 0, 1, 1, 3, 1, 1, 3, 3, 1, 0, 0, 2, 0, 0, 0, 0, 1, 0, 0, 0, 1, 0, 0, 2, 0, 1, 1, 0, 0, 0, 2, 0],787.3813303729636,55270.10129536277,98079.20203737501,true
51,G4_BALANCED,G4_BALANCED,[31, 11, 15, 82, 26, 9, 95, 32, 77, 68, 47, 5, 93, 78, 86, 54, 85, 63, 18, 44, 20, 49, 36, 14, 74, 50, 53, 17, 21, 45, 71, 64, 3, 23, 30, 83, 24, 41, 60, 52, 65, 27, 90, 70, 39, 87, 48, 69, 99, 4, 46, 1, 13, 58, 97, 59, 28, 75, 73, 37, 35, 79, 22, 66, 76, 42, 40, 80, 96, 6, 16, 61, 33, 7, 57, 34, 12, 67, 10, 98, 56, 88, 29, 94, 91, 38, 51, 92, 43, 84, 19, 72, 81, 25, 0, 55, 62, 89, 8, 2]|[2, 1, 1, 2, 1, 2, 1, 1, 1, 1, 1, 0, 2, 2, 1, 2, 0, 0, 0, 2, 2, 1, 0, 2, 0, 2, 2, 1, 0, 1, 1, 1, 0, 0, 1, 0, 2, 1, 2, 2, 0, 0, 1, 1, 0, 2, 0, 2, 1, 0, 0, 2, 0, 0, 2, 0, 1, 0, 0, 0, 2, 1, 0, 2, 2, 0, 2, 2, 0, 1, 2, 1, 1, 2, 0, 1, 1, 1, 1, 2, 2, 1, 1, 2, 1, 0, 1, 0, 1, 0, 1, 1, 1, 1, 0, 0, 1, 1, 1, 2]|[0, 3, 2, 0, 4, 1, 4, 4, 2, 4, 3, 2, 1, 0, 2, 1, 1, 1, 2, 1, 1, 3, 0, 1, 0, 1, 1, 4, 1, 4, 3, 2, 2, 0, 4, 1, 1, 4, 0, 1, 2, 1, 4, 4, 1, 1, 0, 2, 3, 1, 2, 1, 2, 1, 1, 2, 4, 2, 0, 2, 2, 3, 1, 0, 1, 2, 0, 1, 2, 4, 1, 3, 4, 1, 2, 4, 3, 3, 3, 1, 1, 4, 3, 1, 3, 2, 3, 2, 4, 2, 4, 4, 1, 4, 2, 2, 3, 4, 3, 1]|[0, 2, 1, 0, 3, 0, 1, 3, 0, 0, 2, 0, 1, 0, 1, 0, 0, 0, 1, 0, 0, 2, 0, 0, 1, 0, 0, 3, 0, 1, 0, 2, 0, 1, 3, 0, 1, 3, 1, 0, 0, 0, 1, 3, 0, 0, 1, 0, 2, 0, 0, 0, 0, 0, 1, 0, 1, 0, 1, 1, 0, 2, 0, 0, 0, 0, 0, 0, 0, 2, 0, 0, 1, 0, 0, 1, 0, 0, 3, 0, 0, 1, 0, 0, 0, 0, 0, 0, 2, 0, 3, 2, 1, 3, 0, 0, 0, 1, 0, 0],838.0858887121581,52145.01293281826,108083.60693758915,false
51,G2_TEC,G2_TEC,[31, 94, 82, 15, 26, 9, 95, 42, 77, 68, 47, 5, 93, 78, 86, 54, 85, 63, 18, 44, 20, 49, 36, 14, 74, 50, 53, 17, 21, 28, 11, 64, 3, 23, 30, 83, 24, 41, 40, 52, 65, 27, 90, 70, 39, 87, 48, 69, 99, 4, 46, 1, 13, 56, 97, 59, 45, 8, 73, 37, 35, 79, 71, 66, 76, 32, 60, 80, 58, 6, 67, 61, 33, 7, 57, 34, 12, 16, 10, 98, 96, 88, 43, 81, 91, 2, 84, 29, 92, 19, 51, 55, 89, 75, 25, 72, 22, 38, 62, 0]|[2, 1, 2, 1, 1, 2, 1, 1, 1, 1, 1, 0, 2, 2, 1, 2, 0, 0, 0, 2, 2, 1, 0, 2, 0, 2, 2, 1, 0, 1, 1, 1, 0, 0, 1, 0, 2, 1, 2, 2, 0, 0, 1, 1, 0, 2, 0, 2, 1, 0, 0, 2, 0, 2, 2, 0, 1, 1, 0, 0, 2, 1, 1, 2, 2, 0, 2, 2, 2, 1, 2, 1, 1, 2, 0, 1, 1, 2, 1, 2, 0, 1, 1, 1, 1, 0, 0, 1, 0, 1, 1, 0, 1, 0, 1, 1, 2, 0, 1, 0]|[0, 3, 0, 3, 4, 1, 4, 4, 4, 4, 3, 2, 1, 0, 2, 1, 1, 1, 2, 1, 1, 3, 0, 1, 0, 1, 1, 4, 1, 4, 3, 2, 2, 0, 4, 1, 1, 4, 1, 1, 2, 1, 4, 4, 1, 1, 0, 1, 3, 2, 2, 1, 2, 1, 1, 2, 4, 3, 0, 2, 1, 3, 3, 1, 1, 2, 1, 1, 1, 4, 1, 3, 4, 1, 2, 4, 3, 1, 3, 1, 2, 4, 4, 4, 3, 2, 2, 3, 2, 4, 3, 2, 4, 2, 4, 4, 1, 2, 3, 2]|[0, 2, 0, 0, 3, 0, 1, 3, 1, 0, 2, 0, 1, 0, 1, 0, 0, 0, 1, 0, 0, 2, 0, 0, 1, 0, 0, 3, 0, 1, 0, 2, 0, 0, 3, 0, 1, 1, 0, 0, 0, 0, 1, 3, 0, 0, 1, 0, 2, 0, 0, 0, 0, 0, 1, 0, 1, 0, 1, 1, 0, 2, 0, 0, 0, 0, 0, 0, 0, 2, 0, 0, 1, 0, 0, 1, 0, 0, 3, 0, 0, 1, 2, 2, 0, 0, 0, 3, 0, 1, 0, 0, 1, 0, 3, 1, 0, 0, 0, 0],910.6016522559228,48453.76930145325,107095.52069553157,false
51,G3_TWC,G3_TWC,[31, 22, 42, 15, 26, 58, 95, 82, 77, 12, 47, 5, 93, 78, 98, 54, 85, 63, 18, 44, 20, 35, 43, 97, 91, 76, 10, 30, 21, 45, 71, 64, 1, 23, 17, 83, 24, 61, 60, 36, 6, 57, 94, 88, 65, 56, 79, 40, 67, 68, 46, 75, 38, 9, 19, 32, 81, 41, 27, 62, 87, 90, 99, 59, 11, 16, 72, 73, 70, 39, 37, 84, 3, 92, 25, 74, 28, 29, 51, 7, 53, 14, 86, 48, 89, 50, 66, 96, 33, 80, 4, 8, 55, 49, 0, 52, 69, 2, 13, 34]|[1, 1, 0, 1, 1, 1, 2, 1, 2, 1, 2, 2, 2, 1, 1, 0, 0, 1, 0, 2, 2, 0, 1, 2, 0, 1, 2, 2, 0, 0, 1, 2, 1, 2, 1, 0, 2, 0, 1, 1, 0, 1, 1, 1, 0, 2, 1, 1, 0, 0, 0, 0, 1, 1, 2, 1, 2, 0, 0, 0, 2, 1, 0, 1, 2, 1, 2, 1, 1, 1, 1, 1, 2, 0, 1, 2, 0, 0, 0, 1, 0, 1, 0, 0, 1, 0, 0, 0, 2, 0, 0, 1, 1, 0, 0, 1, 1, 0, 0, 2]|[4, 3, 2, 2, 0, 0, 2, 2, 2, 4, 1, 1, 2, 4, 4, 1, 1, 4, 2, 1, 1, 1, 1, 2, 1, 2, 1, 1, 1, 1, 3, 2, 3, 0, 4, 0, 1, 1, 0, 3, 2, 2, 4, 0, 1, 1, 3, 2, 0, 1, 2, 2, 1, 4, 0, 3, 2, 1, 1, 2, 1, 3, 1, 1, 1, 3, 0, 4, 3, 1, 4, 1, 1, 2, 4, 1, 2, 1, 1, 3, 2, 3, 1, 1, 1, 1, 1, 1, 1, 1, 2, 3, 4, 1, 2, 1, 3, 2, 2, 1]|[0, 2, 1, 1, 3, 3, 0, 1, 0, 0, 0, 0, 1, 0, 1, 0, 0, 3, 1, 0, 0, 0, 3, 1, 0, 2, 0, 0, 0, 1, 0, 0, 0, 0, 3, 0, 1, 0, 0, 2, 1, 1, 2, 0, 0, 0, 0, 1, 1, 0, 0, 0, 1, 3, 0, 0, 1, 0, 0, 1, 0, 2, 0, 1, 0, 2, 1, 0, 0, 1, 1, 3, 0, 1, 3, 0, 1, 0, 0, 2, 1, 0, 0, 0, 1, 0, 0, 0, 0, 0, 1, 2, 3, 1, 0, 1, 0, 0, 0, 0],802.5281847645216,57652.86795409501,87938.17744329936,false
51,G1_CMAX,G3_TWC,[31, 22, 42, 15, 26, 58, 95, 82, 77, 12, 47, 5, 93, 78, 98, 54, 85, 63, 18, 44, 20, 35, 43, 97, 91, 76, 10, 30, 21, 45, 71, 64, 1, 23, 17, 83, 24, 61, 60, 36, 6, 57, 94, 88, 65, 56, 79, 40, 67, 68, 46, 75, 38, 9, 19, 32, 81, 41, 27, 62, 87, 90, 99, 59, 53, 16, 72, 73, 70, 39, 37, 84, 3, 92, 25, 74, 28, 29, 51, 7, 11, 14, 86, 48, 89, 66, 50, 96, 33, 80, 4, 8, 55, 49, 0, 52, 13, 2, 69, 34]|[1, 1, 0, 1, 1, 1, 2, 1, 2, 1, 2, 2, 2, 1, 1, 0, 0, 1, 0, 2, 2, 0, 1, 2, 0, 1, 2, 2, 0, 0, 1, 2, 1, 2, 1, 0, 2, 0, 1, 1, 0, 1, 1, 1, 0, 2, 1, 1, 0, 0, 0, 0, 1, 1, 2, 1, 2, 0, 0, 0, 2, 1, 0, 1, 2, 1, 2, 1, 1, 1, 1, 1, 2, 0, 1, 2, 0, 0, 0, 1, 0, 1, 0, 0, 1, 2, 0, 2, 2, 0, 0, 1, 1, 0, 0, 1, 0, 0, 1, 2]|[4, 3, 2, 2, 0, 0, 2, 2, 2, 4, 1, 1, 2, 4, 4, 1, 1, 4, 2, 1, 1, 1, 1, 2, 1, 2, 1, 1, 1, 1, 3, 2, 3, 0, 4, 0, 1, 1, 0, 3, 2, 2, 4, 0, 1, 1, 3, 2, 0, 1, 2, 2, 1, 4, 0, 3, 2, 1, 1, 2, 1, 3, 1, 1, 1, 3, 0, 4, 3, 1, 4, 1, 1, 2, 4, 1, 2, 1, 1, 3, 2, 3, 1, 1, 1, 1, 1, 1, 1, 1, 2, 3, 4, 1, 2, 1, 2, 2, 4, 1]|[0, 2, 1, 1, 3, 3, 0, 1, 0, 0, 0, 0, 1, 0, 1, 0, 0, 3, 1, 0, 0, 0, 3, 1, 0, 2, 0, 0, 0, 1, 0, 0, 0, 0, 3, 0, 1, 0, 0, 2, 1, 1, 2, 0, 0, 0, 0, 1, 1, 0, 0, 0, 1, 3, 0, 0, 1, 0, 0, 1, 0, 2, 0, 1, 0, 2, 1, 0, 0, 1, 1, 3, 0, 1, 3, 0, 1, 0, 0, 2, 1, 0, 0, 0, 1, 0, 0, 0, 0, 0, 1, 2, 3, 1, 0, 1, 0, 0, 2, 0],768.8498391451938,57364.09701189391,89421.55373272026,true
51,G4_BALANCED,G4_BALANCED,[31, 22, 42, 15, 26, 58, 95, 82, 77, 12, 47, 5, 93, 78, 98, 54, 85, 63, 18, 44, 20, 35, 43, 97, 91, 76, 10, 30, 21, 45, 71, 64, 1, 23, 17, 83, 24, 61, 60, 36, 6, 57, 94, 88, 65, 56, 79, 40, 67, 68, 46, 75, 38, 9, 19, 32, 81, 41, 27, 62, 87, 90, 99, 59, 53, 16, 72, 73, 70, 39, 37, 84, 3, 92, 25, 74, 28, 29, 51, 7, 49, 14, 86, 48, 89, 50, 66, 96, 11, 80, 4, 2, 55, 33, 0, 52, 13, 8, 69, 34]|[1, 1, 0, 1, 1, 1, 2, 1, 2, 1, 2, 2, 2, 1, 1, 0, 0, 1, 0, 2, 2, 0, 1, 2, 0, 1, 2, 2, 0, 0, 1, 2, 1, 2, 1, 0, 2, 0, 1, 1, 0, 1, 1, 1, 0, 2, 1, 1, 0, 0, 0, 0, 1, 1, 2, 1, 2, 0, 0, 0, 2, 1, 0, 1, 2, 1, 2, 1, 1, 1, 1, 1, 2, 0, 1, 2, 0, 0, 0, 1, 2, 1, 0, 0, 1, 0, 2, 0, 0, 0, 0, 0, 1, 2, 0, 1, 0, 1, 1, 2]|[4, 3, 2, 2, 0, 0, 2, 2, 2, 4, 1, 1, 2, 4, 4, 1, 1, 4, 2, 1, 1, 1, 1, 2, 1, 2, 1, 1, 1, 1, 3, 2, 3, 0, 4, 0, 1, 1, 0, 3, 2, 2, 4, 0, 1, 1, 3, 2, 0, 1, 2, 2, 1, 4, 0, 3, 2, 1, 1, 2, 1, 3, 1, 1, 1, 3, 0, 4, 3, 1, 4, 1, 1, 2, 4, 1, 2, 1, 1, 3, 1, 3, 1, 1, 1, 1, 1, 1, 2, 1, 2, 2, 4, 1, 2, 1, 2, 3, 4, 1]|[0, 2, 1, 1, 3, 3, 0, 1, 0, 0, 0, 0, 1, 0, 1, 0, 0, 3, 1, 0, 0, 0, 3, 1, 0, 2, 0, 0, 0, 1, 0, 0, 0, 0, 3, 0, 1, 0, 0, 2, 1, 1, 2, 0, 0, 0, 0, 1, 1, 0, 0, 0, 1, 3, 0, 0, 1, 0, 0, 1, 0, 2, 0, 1, 0, 2, 1, 0, 0, 1, 1, 3, 0, 1, 3, 0, 1, 0, 0, 2, 0, 0, 0, 0, 1, 0, 0, 0, 1, 0, 1, 0, 3, 0, 0, 1, 0, 2, 2, 0],786.4589110950276,56999.27996490126,89368.98034345492,false
51,G2_TEC,G2_TEC,[31, 94, 82, 15, 26, 9, 95, 42, 77, 68, 47, 5, 93, 78, 86, 54, 85, 63, 18, 44, 20, 49, 36, 14, 74, 50, 53, 17, 21, 28, 11, 64, 3, 23, 30, 83, 24, 41, 40, 52, 65, 27, 90, 70, 39, 87, 48, 69, 99, 4, 46, 1, 13, 56, 97, 59, 45, 8, 73, 37, 35, 79, 71, 66, 76, 32, 60, 80, 58, 6, 67, 61, 33, 7, 57, 34, 12, 16, 10, 98, 96, 88, 43, 81, 91, 2, 84, 29, 92, 19, 51, 55, 89, 75, 25, 72, 22, 38, 62, 0]|[2, 1, 2, 1, 1, 2, 1, 1, 1, 1, 1, 0, 2, 2, 1, 2, 0, 0, 0, 2, 2, 1, 0, 2, 0, 2, 2, 1, 0, 1, 1, 1, 0, 0, 1, 0, 2, 1, 2, 2, 0, 0, 1, 1, 0, 2, 0, 2, 1, 0, 0, 2, 0, 2, 2, 0, 1, 1, 0, 0, 2, 1, 1, 2, 2, 0, 2, 2, 2, 1, 2, 1, 1, 2, 0, 1, 1, 2, 1, 2, 0, 1, 1, 1, 1, 0, 0, 1, 0, 1, 1, 0, 1, 0, 1, 1, 2, 0, 1, 0]|[0, 3, 0, 3, 4, 1, 4, 4, 4, 4, 3, 2, 1, 0, 2, 1, 1, 1, 2, 1, 1, 3, 0, 1, 0, 1, 1, 4, 1, 4, 3, 2, 2, 0, 4, 1, 1, 4, 1, 1, 2, 1, 4, 4, 1, 1, 0, 1, 3, 2, 2, 1, 2, 1, 1, 2, 4, 3, 0, 2, 1, 3, 3, 1, 1, 2, 1, 1, 1, 4, 1, 3, 4, 1, 2, 4, 3, 1, 3, 1, 2, 4, 4, 4, 3, 2, 2, 3, 2, 4, 3, 2, 4, 2, 4, 4, 1, 2, 3, 2]|[0, 2, 0, 0, 3, 0, 1, 3, 1, 0, 2, 0, 1, 0, 1, 0, 0, 0, 1, 0, 0, 2, 0, 0, 1, 0, 0, 3, 0, 1, 0, 2, 0, 0, 3, 0, 1, 1, 0, 0, 0, 0, 1, 3, 0, 0, 1, 0, 2, 0, 0, 0, 0, 0, 1, 0, 1, 0, 1, 1, 0, 2, 0, 0, 0, 0, 0, 0, 0, 2, 0, 0, 1, 0, 0, 1, 0, 0, 3, 0, 0, 1, 2, 2, 0, 0, 0, 3, 0, 1, 0, 0, 1, 0, 3, 1, 0, 0, 0, 0],910.6016522559228,48453.76930145325,107095.52069553157,false
51,G3_TWC,G3_TWC,[31, 22, 42, 15, 26, 58, 95, 82, 77, 12, 47, 5, 93, 78, 98, 54, 85, 63, 18, 44, 20, 35, 43, 97, 91, 76, 10, 30, 21, 45, 71, 64, 1, 23, 17, 83, 24, 61, 60, 36, 6, 57, 94, 88, 65, 56, 79, 40, 67, 68, 46, 75, 38, 9, 19, 32, 81, 41, 27, 62, 87, 90, 99, 59, 11, 16, 72, 73, 70, 39, 37, 84, 3, 92, 25, 74, 28, 29, 51, 7, 53, 14, 86, 48, 89, 50, 66, 96, 33, 80, 4, 8, 55, 49, 0, 52, 69, 2, 13, 34]|[1, 1, 0, 1, 1, 1, 2, 1, 2, 1, 2, 2, 2, 1, 1, 0, 0, 1, 0, 2, 2, 0, 1, 2, 0, 1, 2, 2, 0, 0, 1, 2, 1, 2, 1, 0, 2, 0, 1, 1, 0, 1, 1, 1, 0, 2, 1, 1, 0, 0, 0, 0, 1, 1, 2, 1, 2, 0, 0, 0, 2, 1, 0, 1, 2, 1, 2, 1, 1, 1, 1, 1, 2, 0, 1, 2, 0, 0, 0, 1, 0, 1, 0, 0, 1, 0, 0, 0, 2, 0, 0, 1, 1, 0, 0, 1, 1, 0, 0, 2]|[4, 3, 2, 2, 0, 0, 2, 2, 2, 4, 1, 1, 2, 4, 4, 1, 1, 4, 2, 1, 1, 1, 1, 2, 1, 2, 1, 1, 1, 1, 3, 2, 3, 0, 4, 0, 1, 1, 0, 3, 2, 2, 4, 0, 1, 1, 3, 2, 0, 1, 2, 2, 1, 4, 0, 3, 2, 1, 1, 2, 1, 3, 1, 1, 1, 3, 0, 4, 3, 1, 4, 1, 1, 2, 4, 1, 2, 1, 1, 3, 2, 3, 1, 1, 1, 1, 1, 1, 1, 1, 2, 3, 4, 1, 2, 1, 3, 2, 2, 1]|[0, 2, 1, 1, 3, 3, 0, 1, 0, 0, 0, 0, 1, 0, 1, 0, 0, 3, 1, 0, 0, 0, 3, 1, 0, 2, 0, 0, 0, 1, 0, 0, 0, 0, 3, 0, 1, 0, 0, 2, 1, 1, 2, 0, 0, 0, 0, 1, 1, 0, 0, 0, 1, 3, 0, 0, 1, 0, 0, 1, 0, 2, 0, 1, 0, 2, 1, 0, 0, 1, 1, 3, 0, 1, 3, 0, 1, 0, 0, 2, 1, 0, 0, 0, 1, 0, 0, 0, 0, 0, 1, 2, 3, 1, 0, 1, 0, 0, 0, 0],802.5281847645216,57652.86795409501,87938.17744329936,false
51,G1_CMAX,G4_BALANCED,[31, 11, 82, 15, 26, 9, 95, 42, 77, 68, 47, 5, 93, 78, 86, 54, 85, 63, 76, 44, 20, 49, 36, 14, 74, 50, 53, 25, 21, 28, 71, 64, 3, 23, 30, 83, 24, 41, 60, 52, 65, 27, 90, 70, 39, 87, 48, 69, 99, 4, 46, 1, 13, 58, 97, 59, 33, 8, 73, 37, 35, 79, 22, 66, 18, 32, 40, 80, 96, 6, 16, 61, 45, 7, 57, 34, 12, 67, 10, 98, 56, 88, 29, 75, 91, 38, 19, 92, 43, 84, 2, 72, 81, 17, 51, 55, 0, 89, 94, 62]|[2, 1, 2, 1, 1, 2, 1, 1, 1, 1, 1, 0, 2, 2, 1, 2, 0, 0, 0, 2, 2, 1, 0, 2, 0, 2, 2, 1, 0, 1, 1, 1, 0, 0, 1, 0, 2, 1, 2, 2, 0, 0, 1, 1, 0, 2, 0, 2, 1, 0, 0, 2, 0, 0, 2, 0, 1, 1, 0, 0, 2, 1, 0, 2, 2, 0, 2, 2, 0, 1, 2, 1, 1, 2, 0, 1, 1, 1, 1, 2, 2, 1, 1, 0, 1, 0, 1, 0, 1, 0, 2, 1, 1, 1, 1, 0, 0, 1, 2, 1]|[0, 3, 0, 2, 4, 1, 4, 4, 2, 4, 3, 2, 1, 0, 2, 1, 1, 1, 2, 1, 1, 3, 0, 1, 0, 1, 1, 4, 1, 4, 3, 2, 2, 0, 4, 1, 1, 4, 0, 1, 2, 1, 4, 4, 1, 1, 0, 2, 3, 1, 2, 1, 2, 1, 1, 2, 4, 3, 0, 2, 2, 3, 1, 0, 1, 2, 0, 1, 2, 4, 1, 3, 4, 1, 2, 4, 3, 3, 3, 1, 1, 4, 3, 2, 3, 2, 4, 2, 4, 2, 1, 4, 1, 4, 3, 2, 2, 4, 1, 3]|[0, 2, 0, 1, 3, 0, 1, 3, 0, 0, 2, 0, 1, 0, 1, 0, 0, 0, 1, 0, 0, 2, 0, 0, 1, 0, 0, 3, 0, 1, 0, 2, 0, 1, 3, 0, 1, 3, 1, 0, 0, 0, 1, 3, 0, 0, 1, 0, 2, 0, 0, 0, 0, 0, 1, 0, 1, 0, 1, 1, 0, 2, 0, 0, 0, 0, 0, 0, 0, 2, 0, 0, 1, 0, 0, 1, 0, 0, 3, 0, 0, 1, 0, 0, 0, 0, 3, 0, 2, 0, 0, 2, 1, 3, 0, 0, 0, 1, 0, 0],848.1161249092097,51934.83458349109,107480.51805341724,true
51,G4_BALANCED,G4_BALANCED,[31, 11, 15, 82, 26, 9, 95, 32, 77, 68, 47, 5, 93, 78, 86, 54, 85, 63, 18, 44, 20, 49, 36, 14, 74, 50, 53, 17, 21, 45, 71, 64, 3, 23, 30, 83, 24, 41, 60, 52, 65, 27, 90, 70, 39, 87, 48, 69, 99, 4, 46, 1, 13, 58, 97, 59, 28, 75, 73, 37, 35, 79, 22, 66, 76, 42, 40, 80, 96, 6, 16, 61, 33, 7, 57, 34, 12, 67, 10, 98, 56, 88, 29, 94, 91, 51, 19, 92, 43, 84, 38, 72, 81, 8, 2, 55, 62, 89, 25, 0]|[2, 1, 1, 2, 1, 2, 1, 1, 1, 1, 1, 0, 2, 2, 1, 2, 0, 0, 0, 2, 2, 1, 0, 2, 0, 2, 2, 1, 0, 1, 1, 1, 0, 0, 1, 0, 2, 1, 2, 2, 0, 0, 1, 1, 0, 2, 0, 2, 1, 0, 0, 2, 0, 0, 2, 0, 1, 0, 0, 0, 2, 1, 0, 2, 2, 0, 2, 2, 0, 1, 2, 1, 1, 2, 0, 1, 1, 1, 1, 2, 2, 1, 1, 2, 1, 1, 1, 0, 1, 0, 0, 1, 1, 1, 2, 0, 1, 1, 1, 0]|[1, 3, 2, 0, 4, 1, 4, 4, 2, 4, 3, 2, 1, 0, 2, 1, 1, 1, 2, 1, 1, 3, 0, 1, 0, 1, 1, 4, 1, 4, 3, 2, 2, 0, 4, 1, 1, 4, 0, 1, 2, 1, 4, 4, 1, 1, 0, 2, 3, 1, 2, 1, 2, 1, 1, 2, 4, 2, 0, 2, 2, 3, 1, 0, 1, 2, 0, 1, 2, 4, 1, 3, 4, 1, 2, 4, 3, 3, 3, 1, 1, 4, 3, 1, 3, 3, 4, 2, 4, 2, 2, 4, 1, 3, 1, 2, 3, 4, 4, 2]|[1, 2, 1, 0, 3, 0, 1, 3, 0, 0, 2, 0, 1, 0, 1, 0, 0, 0, 1, 0, 0, 2, 0, 0, 1, 0, 0, 3, 0, 1, 0, 2, 0, 1, 3, 0, 1, 3, 1, 0, 0, 0, 1, 3, 0, 0, 1, 0, 2, 0, 0, 0, 0, 0, 1, 0, 1, 0, 1, 1, 0, 2, 0, 0, 0, 0, 0, 0, 0, 2, 0, 0, 1, 0, 0, 1, 0, 0, 3, 0, 0, 1, 0, 0, 0, 0, 3, 0, 2, 0, 0, 2, 1, 0, 0, 0, 0, 1, 3, 0],836.569815134707,52504.092339752446,107095.57005228325,false
51,G2_TEC,G2_TEC,[31, 94, 82, 15, 26, 9, 95, 42, 77, 68, 47, 5, 93, 78, 86, 54, 85, 63, 18, 44, 20, 49, 36, 14, 74, 50, 53, 17, 21, 28, 11, 64, 3, 23, 30, 83, 24, 41, 40, 52, 65, 27, 90, 70, 39, 87, 48, 69, 99, 4, 46, 1, 13, 56, 97, 59, 45, 8, 73, 37, 35, 79, 71, 66, 76, 32, 60, 80, 58, 6, 67, 61, 33, 7, 57, 34, 12, 16, 10, 98, 96, 88, 43, 81, 91, 2, 84, 29, 92, 19, 51, 55, 89, 75, 25, 72, 22, 38, 62, 0]|[2, 1, 2, 1, 1, 2, 1, 1, 1, 1, 1, 0, 2, 2, 1, 2, 0, 0, 0, 2, 2, 1, 0, 2, 0, 2, 2, 1, 0, 1, 1, 1, 0, 0, 1, 0, 2, 1, 2, 2, 0, 0, 1, 1, 0, 2, 0, 2, 1, 0, 0, 2, 0, 2, 2, 0, 1, 1, 0, 0, 2, 1, 1, 2, 2, 0, 2, 2, 2, 1, 2, 1, 1, 2, 0, 1, 1, 2, 1, 2, 0, 1, 1, 1, 1, 0, 0, 1, 0, 1, 1, 0, 1, 0, 1, 1, 2, 0, 1, 0]|[0, 3, 0, 3, 4, 1, 4, 4, 4, 4, 3, 2, 1, 0, 2, 1, 1, 1, 2, 1, 1, 3, 0, 1, 0, 1, 1, 4, 1, 4, 3, 2, 2, 0, 4, 1, 1, 4, 1, 1, 2, 1, 4, 4, 1, 1, 0, 1, 3, 2, 2, 1, 2, 1, 1, 2, 4, 3, 0, 2, 1, 3, 3, 1, 1, 2, 1, 1, 1, 4, 1, 3, 4, 1, 2, 4, 3, 1, 3, 1, 2, 4, 4, 4, 3, 2, 2, 3, 2, 4, 3, 2, 4, 2, 4, 4, 1, 2, 3, 2]|[0, 2, 0, 0, 3, 0, 1, 3, 1, 0, 2, 0, 1, 0, 1, 0, 0, 0, 1, 0, 0, 2, 0, 0, 1, 0, 0, 3, 0, 1, 0, 2, 0, 0, 3, 0, 1, 1, 0, 0, 0, 0, 1, 3, 0, 0, 1, 0, 2, 0, 0, 0, 0, 0, 1, 0, 1, 0, 1, 1, 0, 2, 0, 0, 0, 0, 0, 0, 0, 2, 0, 0, 1, 0, 0, 1, 0, 0, 3, 0, 0, 1, 2, 2, 0, 0, 0, 3, 0, 1, 0, 0, 1, 0, 3, 1, 0, 0, 0, 0],910.6016522559228,48453.76930145325,107095.52069553157,false
51,G3_TWC,G3_TWC,[31, 22, 42, 15, 26, 58, 95, 82, 77, 12, 47, 5, 93, 78, 98, 54, 85, 63, 18, 44, 20, 35, 43, 97, 91, 76, 10, 30, 21, 45, 71, 64, 1, 23, 17, 83, 24, 61, 60, 36, 6, 57, 94, 88, 65, 56, 79, 40, 67, 68, 46, 75, 38, 9, 19, 32, 81, 41, 27, 62, 87, 90, 99, 59, 11, 16, 72, 73, 70, 39, 37, 84, 3, 92, 25, 74, 28, 29, 51, 7, 53, 14, 86, 48, 89, 50, 66, 96, 33, 80, 4, 8, 55, 49, 0, 52, 69, 2, 13, 34]|[1, 1, 0, 1, 1, 1, 2, 1, 2, 1, 2, 2, 2, 1, 1, 0, 0, 1, 0, 2, 2, 0, 1, 2, 0, 1, 2, 2, 0, 0, 1, 2, 1, 2, 1, 0, 2, 0, 1, 1, 0, 1, 1, 1, 0, 2, 1, 1, 0, 0, 0, 0, 1, 1, 2, 1, 2, 0, 0, 0, 2, 1, 0, 1, 2, 1, 2, 1, 1, 1, 1, 1, 2, 0, 1, 2, 0, 0, 0, 1, 0, 1, 0, 0, 1, 0, 0, 0, 2, 0, 0, 1, 1, 0, 0, 1, 1, 0, 0, 2]|[4, 3, 2, 2, 0, 0, 2, 2, 2, 4, 1, 1, 2, 4, 4, 1, 1, 4, 2, 1, 1, 1, 1, 2, 1, 2, 1, 1, 1, 1, 3, 2, 3, 0, 4, 0, 1, 1, 0, 3, 2, 2, 4, 0, 1, 1, 3, 2, 0, 1, 2, 2, 1, 4, 0, 3, 2, 1, 1, 2, 1, 3, 1, 1, 1, 3, 0, 4, 3, 1, 4, 1, 1, 2, 4, 1, 2, 1, 1, 3, 2, 3, 1, 1, 1, 1, 1, 1, 1, 1, 2, 3, 4, 1, 2, 1, 3, 2, 2, 1]|[0, 2, 1, 1, 3, 3, 0, 1, 0, 0, 0, 0, 1, 0, 1, 0, 0, 3, 1, 0, 0, 0, 3, 1, 0, 2, 0, 0, 0, 1, 0, 0, 0, 0, 3, 0, 1, 0, 0, 2, 1, 1, 2, 0, 0, 0, 0, 1, 1, 0, 0, 0, 1, 3, 0, 0, 1, 0, 0, 1, 0, 2, 0, 1, 0, 2, 1, 0, 0, 1, 1, 3, 0, 1, 3, 0, 1, 0, 0, 2, 1, 0, 0, 0, 1, 0, 0, 0, 0, 0, 1, 2, 3, 1, 0, 1, 0, 0, 0, 0],802.5281847645216,57652.86795409501,87938.17744329936,false
51,G1_CMAX,G4_BALANCED,[31, 22, 82, 15, 26, 58, 95, 42, 77, 12, 47, 5, 93, 78, 44, 54, 85, 63, 18, 98, 20, 35, 43, 97, 91, 76, 10, 30, 21, 61, 71, 64, 1, 23, 17, 83, 24, 14, 60, 36, 6, 57, 94, 88, 65, 56, 79, 40, 67, 68, 46, 75, 38, 9, 19, 32, 81, 41, 27, 62, 87, 90, 99, 59, 11, 16, 72, 73, 70, 37, 84, 3, 39, 25, 28, 55, 66, 29, 51, 7, 33, 45, 86, 92, 89, 50, 69, 96, 53, 80, 4, 8, 48, 49, 52, 2, 13, 0, 34, 74]|[1, 1, 0, 1, 1, 0, 1, 2, 2, 1, 2, 2, 2, 1, 1, 0, 0, 1, 0, 2, 2, 0, 1, 2, 0, 1, 2, 2, 0, 0, 1, 2, 1, 2, 1, 0, 2, 0, 1, 1, 0, 1, 1, 1, 0, 2, 1, 1, 0, 0, 0, 0, 1, 1, 2, 1, 0, 0, 0, 0, 2, 1, 1, 2, 2, 1, 2, 1, 2, 1, 1, 2, 1, 1, 0, 1, 2, 0, 0, 1, 2, 1, 2, 0, 1, 0, 1, 2, 0, 0, 1, 0, 0, 0, 1, 0, 0, 0, 2, 2]|[4, 3, 2, 2, 4, 1, 2, 2, 2, 4, 1, 1, 2, 4, 4, 1, 2, 4, 2, 1, 1, 1, 1, 2, 1, 2, 1, 1, 1, 1, 3, 2, 3, 1, 4, 0, 1, 1, 0, 3, 2, 2, 2, 0, 1, 1, 0, 4, 0, 1, 2, 2, 1, 4, 0, 3, 1, 1, 1, 2, 1, 3, 1, 1, 1, 3, 1, 4, 1, 4, 1, 1, 1, 4, 2, 4, 1, 1, 1, 1, 1, 3, 1, 2, 1, 1, 4, 1, 2, 1, 4, 1, 1, 1, 1, 2, 2, 2, 1, 1]|[0, 2, 1, 1, 3, 0, 1, 0, 0, 0, 0, 0, 1, 0, 1, 0, 0, 3, 1, 0, 0, 0, 3, 1, 0, 2, 0, 0, 0, 1, 0, 0, 0, 0, 3, 0, 1, 0, 0, 2, 1, 1, 1, 0, 0, 0, 0, 2, 1, 0, 0, 0, 1, 3, 0, 0, 0, 0, 0, 1, 0, 2, 1, 0, 0, 2, 0, 0, 0, 1, 3, 0, 1, 3, 1, 3, 0, 0, 0, 2, 0, 0, 0, 1, 1, 0, 2, 0, 1, 0, 0, 0, 0, 1, 1, 0, 0, 0, 0, 0],823.5567668680732,55202.257254498894,96651.41535653878,true
51,G4_BALANCED,G3_TWC,[31, 22, 42, 15, 26, 58, 95, 82, 77, 12, 47, 5, 93, 78, 98, 54, 85, 63, 18, 44, 20, 35, 43, 97, 91, 76, 10, 30, 21, 45, 71, 64, 1, 23, 17, 83, 24, 61, 60, 36, 6, 57, 94, 88, 65, 56, 79, 40, 67, 68, 46, 75, 38, 9, 19, 32, 81, 41, 27, 62, 87, 90, 99, 59, 53, 16, 72, 73, 70, 39, 37, 84, 3, 92, 25, 74, 28, 29, 51, 7, 33, 14, 86, 48, 89, 50, 66, 96, 11, 80, 8, 4, 55, 49, 0, 52, 13, 2, 69, 34]|[1, 1, 0, 1, 1, 1, 2, 1, 2, 1, 2, 2, 2, 1, 1, 0, 0, 1, 0, 2, 2, 0, 1, 2, 0, 1, 2, 2, 0, 0, 1, 2, 1, 2, 1, 0, 2, 0, 1, 1, 0, 1, 1, 1, 0, 2, 1, 1, 0, 0, 0, 0, 1, 1, 2, 1, 2, 2, 0, 0, 2, 1, 0, 1, 0, 1, 2, 1, 1, 1, 1, 1, 2, 0, 1, 2, 0, 0, 0, 1, 2, 1, 0, 0, 1, 0, 2, 0, 2, 0, 1, 0, 1, 0, 0, 1, 0, 0, 1, 2]|[4, 3, 2, 2, 0, 0, 2, 2, 2, 4, 1, 1, 2, 4, 4, 1, 1, 4, 2, 1, 1, 1, 1, 2, 1, 2, 1, 1, 1, 1, 3, 2, 3, 0, 4, 0, 1, 1, 0, 3, 2, 2, 4, 0, 1, 1, 3, 2, 0, 1, 2, 2, 1, 4, 0, 3, 2, 1, 1, 2, 1, 3, 1, 1, 2, 3, 0, 4, 3, 1, 4, 1, 1, 2, 4, 1, 2, 1, 1, 3, 1, 3, 1, 1, 1, 1, 1, 1, 1, 1, 3, 2, 4, 1, 2, 1, 2, 2, 4, 1]|[0, 2, 1, 1, 3, 3, 0, 1, 0, 0, 0, 0, 1, 0, 1, 0, 0, 3, 1, 0, 0, 0, 3, 1, 0, 2, 0, 0, 0, 0, 0, 0, 0, 0, 3, 0, 1, 0, 0, 2, 1, 1, 2, 0, 0, 0, 0, 1, 1, 0, 0, 0, 1, 3, 0, 0, 1, 0, 0, 1, 0, 2, 0, 1, 1, 2, 1, 0, 0, 1, 1, 3, 0, 1, 3, 0, 1, 0, 0, 2, 0, 0, 0, 0, 1, 0, 0, 0, 0, 0, 2, 1, 3, 1, 0, 1, 0, 0, 2, 0],784.3225812068974,56776.46788388303,90114.71688848367,true
51,G2_TEC,G2_TEC,[31, 94, 82, 15, 26, 9, 95, 42, 77, 68, 47, 5, 93, 78, 86, 54, 85, 63, 18, 44, 20, 49, 36, 14, 74, 50, 53, 17, 21, 28, 11, 64, 3, 23, 30, 83, 24, 41, 40, 52, 65, 27, 90, 70, 39, 87, 48, 69, 99, 4, 46, 1, 13, 56, 97, 59, 45, 8, 73, 37, 35, 79, 71, 66, 76, 32, 60, 80, 58, 6, 67, 61, 33, 7, 57, 34, 12, 16, 10, 98, 96, 88, 43, 81, 91, 2, 84, 29, 92, 19, 51, 55, 89, 75, 25, 72, 22, 38, 62, 0]|[2, 1, 2, 1, 1, 2, 1, 1, 1, 1, 1, 0, 2, 2, 1, 2, 0, 0, 0, 2, 2, 1, 0, 2, 0, 2, 2, 1, 0, 1, 1, 1, 0, 0, 1, 0, 2, 1, 2, 2, 0, 0, 1, 1, 0, 2, 0, 2, 1, 0, 0, 2, 0, 2, 2, 0, 1, 1, 0, 0, 2, 1, 1, 2, 2, 0, 2, 2, 2, 1, 2, 1, 1, 2, 0, 1, 1, 2, 1, 2, 0, 1, 1, 1, 1, 0, 0, 1, 0, 1, 1, 0, 1, 0, 1, 1, 2, 0, 1, 0]|[0, 3, 0, 3, 4, 1, 4, 4, 4, 4, 3, 2, 1, 0, 2, 1, 1, 1, 2, 1, 1, 3, 0, 1, 0, 1, 1, 4, 1, 4, 3, 2, 2, 0, 4, 1, 1, 4, 1, 1, 2, 1, 4, 4, 1, 1, 0, 1, 3, 2, 2, 1, 2, 1, 1, 2, 4, 3, 0, 2, 1, 3, 3, 1, 1, 2, 1, 1, 1, 4, 1, 3, 4, 1, 2, 4, 3, 1, 3, 1, 2, 4, 4, 4, 3, 2, 2, 3, 2, 4, 3, 2, 4, 2, 4, 4, 1, 2, 3, 2]|[0, 2, 0, 0, 3, 0, 1, 3, 1, 0, 2, 0, 1, 0, 1, 0, 0, 0, 1, 0, 0, 2, 0, 0, 1, 0, 0, 3, 0, 1, 0, 2, 0, 0, 3, 0, 1, 1, 0, 0, 0, 0, 1, 3, 0, 0, 1, 0, 2, 0, 0, 0, 0, 0, 1, 0, 1, 0, 1, 1, 0, 2, 0, 0, 0, 0, 0, 0, 0, 2, 0, 0, 1, 0, 0, 1, 0, 0, 3, 0, 0, 1, 2, 2, 0, 0, 0, 3, 0, 1, 0, 0, 1, 0, 3, 1, 0, 0, 0, 0],910.6016522559228,48453.76930145325,107095.52069553157,false
51,G3_TWC,G3_TWC,[31, 22, 42, 15, 26, 58, 95, 82, 77, 12, 47, 5, 93, 78, 98, 54, 85, 63, 18, 44, 20, 35, 43, 97, 91, 76, 10, 30, 21, 45, 71, 64, 1, 23, 17, 83, 24, 61, 60, 36, 6, 57, 94, 88, 65, 56, 79, 40, 67, 68, 46, 75, 38, 9, 19, 32, 81, 41, 27, 62, 87, 90, 99, 59, 11, 16, 72, 73, 70, 39, 37, 84, 3, 92, 25, 74, 28, 29, 51, 7, 53, 14, 86, 48, 89, 50, 66, 96, 33, 80, 4, 8, 55, 49, 0, 52, 69, 2, 13, 34]|[1, 1, 0, 1, 1, 1, 2, 1, 2, 1, 2, 2, 2, 1, 1, 0, 0, 1, 0, 2, 2, 0, 1, 2, 0, 1, 2, 2, 0, 0, 1, 2, 1, 2, 1, 0, 2, 0, 1, 1, 0, 1, 1, 1, 0, 2, 1, 1, 0, 0, 0, 0, 1, 1, 2, 1, 2, 0, 0, 0, 2, 1, 0, 1, 2, 1, 2, 1, 1, 1, 1, 1, 2, 0, 1, 2, 0, 0, 0, 1, 0, 1, 0, 0, 1, 0, 0, 0, 2, 0, 0, 1, 1, 0, 0, 1, 1, 0, 0, 2]|[4, 3, 2, 2, 0, 0, 2, 2, 2, 4, 1, 1, 2, 4, 4, 1, 1, 4, 2, 1, 1, 1, 1, 2, 1, 2, 1, 1, 1, 1, 3, 2, 3, 0, 4, 0, 1, 1, 0, 3, 2, 2, 4, 0, 1, 1, 3, 2, 0, 1, 2, 2, 1, 4, 0, 3, 2, 1, 1, 2, 1, 3, 1, 1, 1, 3, 0, 4, 3, 1, 4, 1, 1, 2, 4, 1, 2, 1, 1, 3, 2, 3, 1, 1, 1, 1, 1, 1, 1, 1, 2, 3, 4, 1, 2, 1, 3, 2, 2, 1]|[0, 2, 1, 1, 3, 3, 0, 1, 0, 0, 0, 0, 1, 0, 1, 0, 0, 3, 1, 0, 0, 0, 3, 1, 0, 2, 0, 0, 0, 1, 0, 0, 0, 0, 3, 0, 1, 0, 0, 2, 1, 1, 2, 0, 0, 0, 0, 1, 1, 0, 0, 0, 1, 3, 0, 0, 1, 0, 0, 1, 0, 2, 0, 1, 0, 2, 1, 0, 0, 1, 1, 3, 0, 1, 3, 0, 1, 0, 0, 2, 1, 0, 0, 0, 1, 0, 0, 0, 0, 0, 1, 2, 3, 1, 0, 1, 0, 0, 0, 0],802.5281847645216,57652.86795409501,87938.17744329936,false
51,G1_CMAX,G1_CMAX,[31, 22, 82, 15, 26, 99, 95, 42, 77, 12, 47, 5, 93, 78, 86, 54, 21, 63, 18, 44, 20, 35, 43, 97, 91, 76, 10, 30, 85, 45, 71, 64, 1, 23, 17, 83, 24, 14, 60, 36, 6, 57, 40, 88, 65, 56, 79, 94, 67, 68, 46, 75, 38, 9, 19, 32, 41, 81, 27, 87, 90, 58, 59, 11, 16, 72, 73, 70, 39, 37, 62, 84, 3, 96, 25, 55, 28, 29, 51, 7, 33, 61, 98, 48, 89, 50, 4, 92, 53, 80, 66, 8, 34, 2, 52, 49, 13, 0, 69, 74]|[1, 1, 0, 1, 1, 0, 1, 1, 2, 1, 2, 2, 2, 1, 1, 0, 0, 1, 0, 2, 2, 0, 1, 2, 0, 1, 2, 2, 0, 0, 1, 2, 1, 2, 1, 0, 2, 0, 1, 1, 0, 1, 1, 1, 0, 2, 1, 1, 0, 0, 0, 0, 1, 1, 2, 1, 2, 2, 0, 2, 1, 0, 1, 2, 1, 2, 1, 1, 1, 1, 0, 1, 1, 2, 1, 2, 2, 0, 0, 2, 2, 1, 2, 0, 1, 0, 1, 0, 0, 0, 2, 1, 2, 0, 1, 0, 0, 0, 1, 2]|[0, 3, 2, 2, 4, 1, 2, 3, 2, 4, 1, 1, 2, 4, 4, 1, 1, 4, 2, 1, 1, 1, 1, 2, 1, 2, 1, 1, 1, 1, 3, 2, 3, 0, 4, 0, 1, 1, 0, 3, 2, 2, 2, 0, 1, 1, 0, 4, 0, 1, 2, 2, 1, 4, 0, 3, 2, 2, 1, 1, 3, 1, 1, 1, 3, 0, 4, 3, 1, 4, 2, 1, 1, 1, 4, 1, 1, 1, 1, 1, 1, 3, 1, 1, 1, 1, 4, 0, 2, 1, 1, 3, 1, 2, 1, 1, 2, 2, 4, 1]|[0, 2, 1, 1, 3, 0, 1, 3, 0, 0, 0, 0, 1, 0, 1, 0, 0, 3, 1, 0, 0, 0, 3, 1, 0, 2, 0, 0, 0, 1, 0, 0, 0, 0, 3, 0, 1, 0, 0, 2, 1, 1, 1, 0, 0, 0, 0, 2, 1, 0, 0, 0, 1, 3, 0, 0, 1, 1, 0, 0, 2, 0, 1, 0, 2, 1, 0, 0, 1, 1, 1, 3, 1, 0, 3, 0, 0, 0, 0, 0, 0, 0, 0, 0, 1, 0, 0, 1, 1, 0, 0, 2, 0, 0, 1, 1, 0, 0, 2, 0],711.9160353756727,57968.03987147099,93521.77032852688,false
51,G4_BALANCED,G3_TWC,[31, 22, 42, 15, 26, 58, 95, 82, 77, 12, 47, 5, 93, 78, 98, 54, 85, 63, 18, 44, 20, 35, 43, 97, 91, 76, 10, 30, 21, 45, 71, 64, 1, 23, 17, 83, 24, 61, 60, 36, 6, 57, 94, 88, 65, 56, 79, 40, 67, 68, 46, 75, 38, 9, 19, 32, 81, 41, 27, 62, 87, 90, 99, 59, 11, 16, 72, 73, 70, 39, 37, 84, 3, 92, 25, 29, 28, 74, 51, 7, 33, 14, 86, 48, 89, 50, 66, 96, 53, 80, 4, 8, 0, 49, 52, 55, 13, 2, 69, 34]|[1, 1, 0, 1, 1, 1, 2, 1, 2, 1, 2, 2, 2, 1, 1, 0, 0, 1, 0, 2, 2, 0, 1, 2, 0, 1, 2, 2, 0, 0, 1, 2, 1, 2, 1, 0, 2, 0, 1, 1, 0, 1, 1, 1, 0, 2, 1, 1, 0, 0, 0, 0, 1, 1, 2, 1, 2, 0, 0, 0, 2, 1, 0, 1, 2, 1, 2, 1, 1, 1, 1, 1, 2, 0, 1, 0, 0, 2, 0, 1, 2, 1, 0, 0, 1, 0, 2, 0, 0, 0, 0, 1, 0, 0, 1, 1, 0, 0, 1, 2]|[4, 3, 2, 2, 0, 0, 2, 2, 2, 4, 1, 1, 2, 4, 4, 1, 1, 4, 2, 1, 1, 1, 1, 2, 1, 2, 1, 1, 1, 1, 3, 2, 3, 0, 4, 0, 1, 1, 0, 3, 2, 2, 4, 0, 1, 1, 3, 2, 0, 1, 2, 2, 1, 4, 0, 3, 2, 1, 1, 2, 1, 3, 1, 1, 1, 3, 0, 4, 3, 1, 4, 1, 1, 2, 4, 1, 2, 1, 1, 3, 1, 3, 1, 1, 1, 1, 1, 1, 2, 1, 2, 3, 2, 1, 1, 4, 2, 2, 3, 1]|[0, 2, 1, 1, 3, 3, 0, 1, 0, 0, 0, 0, 1, 0, 1, 0, 0, 3, 1, 0, 0, 0, 3, 1, 0, 2, 0, 0, 0, 1, 0, 0, 0, 0, 3, 0, 1, 0, 0, 2, 1, 1, 2, 0, 0, 0, 0, 1, 1, 0, 0, 0, 1, 3, 0, 0, 1, 0, 0, 1, 0, 2, 0, 1, 0, 2, 1, 0, 0, 1, 1, 3, 0, 1, 3, 0, 1, 0, 0, 2, 0, 0, 0, 0, 1, 0, 0, 0, 1, 0, 1, 2, 0, 1, 1, 3, 0, 0, 0, 0],800.1376376443088,57501.532794822444,88332.48336143667,true
51,G2_TEC,G2_TEC,[31, 94, 82, 15, 26, 9, 95, 42, 77, 68, 47, 5, 93, 78, 86, 54, 85, 63, 18, 44, 20, 49, 36, 14, 74, 50, 53, 17, 21, 28, 11, 64, 3, 23, 30, 83, 24, 41, 40, 52, 65, 27, 90, 70, 39, 87, 48, 69, 99, 4, 46, 1, 13, 56, 97, 59, 45, 8, 73, 37, 35, 79, 71, 66, 76, 32, 60, 80, 58, 6, 67, 61, 33, 7, 57, 34, 12, 16, 10, 98, 96, 88, 43, 81, 91, 2, 84, 29, 92, 19, 51, 55, 89, 75, 25, 72, 22, 38, 62, 0]|[2, 1, 2, 1, 1, 2, 1, 1, 1, 1, 1, 0, 2, 2, 1, 2, 0, 0, 0, 2, 2, 1, 0, 2, 0, 2, 2, 1, 0, 1, 1, 1, 0, 0, 1, 0, 2, 1, 2, 2, 0, 0, 1, 1, 0, 2, 0, 2, 1, 0, 0, 2, 0, 2, 2, 0, 1, 1, 0, 0, 2, 1, 1, 2, 2, 0, 2, 2, 2, 1, 2, 1, 1, 2, 0, 1, 1, 2, 1, 2, 0, 1, 1, 1, 1, 0, 0, 1, 0, 1, 1, 0, 1, 0, 1, 1, 2, 0, 1, 0]|[0, 3, 0, 3, 4, 1, 4, 4, 4, 4, 3, 2, 1, 0, 2, 1, 1, 1, 2, 1, 1, 3, 0, 1, 0, 1, 1, 4, 1, 4, 3, 2, 2, 0, 4, 1, 1, 4, 1, 1, 2, 1, 4, 4, 1, 1, 0, 1, 3, 2, 2, 1, 2, 1, 1, 2, 4, 3, 0, 2, 1, 3, 3, 1, 1, 2, 1, 1, 1, 4, 1, 3, 4, 1, 2, 4, 3, 1, 3, 1, 2, 4, 4, 4, 3, 2, 2, 3, 2, 4, 3, 2, 4, 2, 4, 4, 1, 2, 3, 2]|[0, 2, 0, 0, 3, 0, 1, 3, 1, 0, 2, 0, 1, 0, 1, 0, 0, 0, 1, 0, 0, 2, 0, 0, 1, 0, 0, 3, 0, 1, 0, 2, 0, 0, 3, 0, 1, 1, 0, 0, 0, 0, 1, 3, 0, 0, 1, 0, 2, 0, 0, 0, 0, 0, 1, 0, 1, 0, 1, 1, 0, 2, 0, 0, 0, 0, 0, 0, 0, 2, 0, 0, 1, 0, 0, 1, 0, 0, 3, 0, 0, 1, 2, 2, 0, 0, 0, 3, 0, 1, 0, 0, 1, 0, 3, 1, 0, 0, 0, 0],910.6016522559228,48453.76930145325,107095.52069553157,false
51,G3_TWC,G3_TWC,[31, 22, 42, 15, 26, 58, 95, 82, 77, 12, 47, 5, 93, 78, 98, 54, 85, 63, 18, 44, 20, 35, 43, 97, 91, 76, 10, 30, 21, 45, 71, 64, 1, 23, 17, 83, 24, 61, 60, 36, 6, 57, 94, 88, 65, 56, 79, 40, 67, 68, 46, 75, 38, 9, 19, 32, 81, 41, 27, 62, 87, 90, 99, 59, 11, 16, 72, 73, 70, 39, 37, 84, 3, 92, 25, 74, 28, 29, 51, 7, 53, 14, 86, 48, 89, 50, 66, 96, 33, 80, 4, 8, 55, 49, 0, 52, 69, 2, 13, 34]|[1, 1, 0, 1, 1, 1, 2, 1, 2, 1, 2, 2, 2, 1, 1, 0, 0, 1, 0, 2, 2, 0, 1, 2, 0, 1, 2, 2, 0, 0, 1, 2, 1, 2, 1, 0, 2, 0, 1, 1, 0, 1, 1, 1, 0, 2, 1, 1, 0, 0, 0, 0, 1, 1, 2, 1, 2, 0, 0, 0, 2, 1, 0, 1, 2, 1, 2, 1, 1, 1, 1, 1, 2, 0, 1, 2, 0, 0, 0, 1, 0, 1, 0, 0, 1, 0, 0, 0, 2, 0, 0, 1, 1, 0, 0, 1, 1, 0, 0, 2]|[4, 3, 2, 2, 0, 0, 2, 2, 2, 4, 1, 1, 2, 4, 4, 1, 1, 4, 2, 1, 1, 1, 1, 2, 1, 2, 1, 1, 1, 1, 3, 2, 3, 0, 4, 0, 1, 1, 0, 3, 2, 2, 4, 0, 1, 1, 3, 2, 0, 1, 2, 2, 1, 4, 0, 3, 2, 1, 1, 2, 1, 3, 1, 1, 1, 3, 0, 4, 3, 1, 4, 1, 1, 2, 4, 1, 2, 1, 1, 3, 2, 3, 1, 1, 1, 1, 1, 1, 1, 1, 2, 3, 4, 1, 2, 1, 3, 2, 2, 1]|[0, 2, 1, 1, 3, 3, 0, 1, 0, 0, 0, 0, 1, 0, 1, 0, 0, 3, 1, 0, 0, 0, 3, 1, 0, 2, 0, 0, 0, 1, 0, 0, 0, 0, 3, 0, 1, 0, 0, 2, 1, 1, 2, 0, 0, 0, 0, 1, 1, 0, 0, 0, 1, 3, 0, 0, 1, 0, 0, 1, 0, 2, 0, 1, 0, 2, 1, 0, 0, 1, 1, 3, 0, 1, 3, 0, 1, 0, 0, 2, 1, 0, 0, 0, 1, 0, 0, 0, 0, 0, 1, 2, 3, 1, 0, 1, 0, 0, 0, 0],802.5281847645216,57652.86795409501,87938.17744329936,false
51,G1_CMAX,G4_BALANCED,[31, 22, 82, 15, 26, 99, 95, 42, 77, 12, 47, 5, 93, 78, 86, 54, 21, 63, 18, 44, 20, 23, 43, 97, 91, 76, 10, 30, 85, 45, 71, 64, 1, 35, 17, 83, 24, 14, 60, 36, 6, 57, 40, 88, 65, 56, 79, 94, 67, 68, 46, 75, 38, 9, 19, 32, 41, 81, 27, 87, 90, 58, 59, 11, 16, 72, 73, 70, 39, 37, 84, 3, 92, 25, 55, 48, 62, 29, 51, 96, 33, 61, 98, 28, 89, 50, 4, 7, 53, 80, 8, 66, 34, 49, 52, 0, 74, 69, 2, 13]|[2, 1, 0, 1, 1, 0, 1, 1, 2, 1, 2, 2, 2, 1, 1, 0, 0, 1, 0, 2, 2, 0, 1, 2, 0, 1, 2, 2, 0, 0, 1, 2, 1, 2, 1, 0, 2, 0, 1, 1, 0, 1, 1, 1, 0, 2, 1, 1, 0, 0, 0, 0, 1, 1, 2, 1, 0, 2, 0, 2, 1, 0, 1, 2, 1, 2, 1, 1, 1, 1, 1, 1, 0, 1, 2, 0, 0, 0, 0, 2, 2, 1, 2, 0, 1, 0, 1, 2, 0, 0, 1, 2, 2, 0, 1, 0, 2, 1, 0, 0]|[1, 3, 2, 2, 4, 1, 2, 3, 2, 4, 1, 1, 2, 4, 4, 1, 1, 4, 2, 1, 1, 1, 1, 2, 1, 2, 1, 1, 2, 1, 3, 2, 3, 1, 4, 0, 1, 1, 0, 3, 2, 2, 2, 0, 1, 1, 0, 4, 0, 1, 2, 2, 1, 4, 0, 3, 1, 1, 1, 1, 3, 1, 1, 1, 3, 0, 4, 3, 1, 4, 1, 1, 0, 4, 1, 1, 2, 1, 1, 1, 1, 3, 1, 2, 1, 1, 4, 1, 2, 1, 3, 1, 1, 1, 1, 2, 1, 4, 2, 2]|[0, 2, 1, 1, 3, 0, 1, 3, 0, 0, 0, 0, 1, 0, 1, 0, 0, 3, 1, 0, 0, 0, 3, 1, 0, 2, 0, 0, 0, 1, 0, 0, 0, 0, 3, 0, 1, 0, 0, 2, 1, 1, 1, 0, 0, 0, 0, 2, 1, 0, 0, 0, 1, 3, 0, 0, 0, 0, 0, 0, 2, 0, 1, 0, 2, 1, 0, 0, 1, 1, 3, 1, 1, 3, 0, 0, 1, 0, 0, 0, 0, 0, 0, 1, 1, 0, 0, 0, 1, 0, 2, 0, 0, 1, 1, 0, 0, 2, 0, 0],747.0447039953423,56009.8738606192,91689.36854044648,true
51,G4_BALANCED,G4_BALANCED,[31, 22, 82, 15, 26, 9, 95, 42, 77, 68, 47, 5, 93, 78, 86, 54, 85, 63, 18, 44, 20, 49, 36, 14, 74, 50, 53, 17, 21, 28, 71, 64, 3, 23, 30, 83, 24, 41, 60, 52, 65, 27, 90, 70, 39, 87, 48, 69, 99, 4, 46, 1, 13, 58, 97, 59, 45, 8, 73, 37, 35, 79, 11, 66, 76, 32, 40, 80, 96, 6, 16, 61, 33, 7, 57, 34, 12, 67, 10, 98, 56, 88, 29, 75, 91, 38, 19, 92, 43, 84, 51, 72, 81, 62, 2, 55, 0, 89, 94, 25]|[2, 1, 2, 1, 1, 2, 1, 1, 1, 1, 1, 0, 2, 2, 1, 2, 0, 0, 0, 2, 2, 1, 0, 2, 0, 2, 2, 1, 0, 1, 1, 1, 0, 0, 1, 0, 2, 1, 2, 2, 0, 0, 1, 1, 0, 2, 0, 2, 1, 0, 0, 2, 0, 0, 2, 0, 1, 1, 0, 0, 2, 1, 0, 2, 2, 0, 2, 2, 0, 1, 2, 1, 1, 2, 0, 1, 1, 1, 1, 2, 2, 1, 1, 0, 1, 0, 1, 0, 1, 0, 1, 1, 1, 1, 2, 0, 0, 1, 2, 1]|[0, 3, 0, 3, 4, 1, 4, 4, 2, 4, 3, 2, 1, 0, 2, 1, 1, 1, 2, 1, 1, 3, 0, 1, 0, 1, 1, 4, 1, 4, 3, 2, 2, 0, 4, 1, 1, 4, 0, 1, 2, 1, 4, 4, 1, 1, 0, 2, 3, 1, 2, 1, 2, 1, 1, 2, 4, 3, 0, 2, 2, 3, 1, 0, 1, 2, 0, 1, 2, 4, 1, 3, 4, 1, 2, 4, 3, 3, 3, 1, 1, 4, 3, 2, 3, 2, 4, 2, 4, 2, 3, 4, 1, 3, 1, 2, 2, 4, 1, 4]|[0, 2, 0, 0, 3, 0, 1, 3, 0, 0, 2, 0, 1, 0, 1, 0, 0, 0, 1, 0, 0, 2, 0, 0, 1, 0, 0, 3, 0, 1, 0, 2, 0, 1, 3, 0, 1, 3, 1, 0, 0, 0, 1, 3, 0, 0, 1, 0, 2, 0, 0, 0, 0, 0, 1, 0, 1, 0, 1, 1, 0, 2, 0, 0, 0, 0, 0, 0, 0, 2, 0, 0, 1, 0, 0, 1, 0, 0, 3, 0, 0, 1, 0, 0, 0, 0, 3, 0, 2, 0, 0, 2, 1, 0, 0, 0, 0, 1, 0, 3],851.9092314412391,51705.36297778711,107381.05157087493,false
51,G2_TEC,G2_TEC,[31, 94, 82, 15, 26, 9, 95, 42, 77, 68, 47, 5, 93, 78, 86, 54, 85, 63, 18, 44, 20, 49, 36, 14, 74, 50, 53, 17, 21, 28, 11, 64, 3, 23, 30, 83, 24, 41, 40, 52, 65, 27, 90, 70, 39, 87, 48, 69, 99, 4, 46, 1, 13, 56, 97, 59, 45, 8, 73, 37, 35, 79, 71, 66, 76, 32, 60, 80, 58, 6, 67, 61, 33, 7, 57, 34, 12, 16, 10, 98, 96, 88, 43, 81, 91, 2, 84, 29, 92, 19, 51, 55, 89, 75, 25, 72, 22, 38, 62, 0]|[2, 1, 2, 1, 1, 2, 1, 1, 1, 1, 1, 0, 2, 2, 1, 2, 0, 0, 0, 2, 2, 1, 0, 2, 0, 2, 2, 1, 0, 1, 1, 1, 0, 0, 1, 0, 2, 1, 2, 2, 0, 0, 1, 1, 0, 2, 0, 2, 1, 0, 0, 2, 0, 2, 2, 0, 1, 1, 0, 0, 2, 1, 1, 2, 2, 0, 2, 2, 2, 1, 2, 1, 1, 2, 0, 1, 1, 2, 1, 2, 0, 1, 1, 1, 1, 0, 0, 1, 0, 1, 1, 0, 1, 0, 1, 1, 2, 0, 1, 0]|[0, 3, 0, 3, 4, 1, 4, 4, 4, 4, 3, 2, 1, 0, 2, 1, 1, 1, 2, 1, 1, 3, 0, 1, 0, 1, 1, 4, 1, 4, 3, 2, 2, 0, 4, 1, 1, 4, 1, 1, 2, 1, 4, 4, 1, 1, 0, 1, 3, 2, 2, 1, 2, 1, 1, 2, 4, 3, 0, 2, 1, 3, 3, 1, 1, 2, 1, 1, 1, 4, 1, 3, 4, 1, 2, 4, 3, 1, 3, 1, 2, 4, 4, 4, 3, 2, 2, 3, 2, 4, 3, 2, 4, 2, 4, 4, 1, 2, 3, 2]|[0, 2, 0, 0, 3, 0, 1, 3, 1, 0, 2, 0, 1, 0, 1, 0, 0, 0, 1, 0, 0, 2, 0, 0, 1, 0, 0, 3, 0, 1, 0, 2, 0, 0, 3, 0, 1, 1, 0, 0, 0, 0, 1, 3, 0, 0, 1, 0, 2, 0, 0, 0, 0, 0, 1, 0, 1, 0, 1, 1, 0, 2, 0, 0, 0, 0, 0, 0, 0, 2, 0, 0, 1, 0, 0, 1, 0, 0, 3, 0, 0, 1, 2, 2, 0, 0, 0, 3, 0, 1, 0, 0, 1, 0, 3, 1, 0, 0, 0, 0],910.6016522559228,48453.76930145325,107095.52069553157,false
51,G3_TWC,G3_TWC,[31, 22, 42, 15, 26, 58, 95, 82, 77, 12, 47, 5, 93, 78, 98, 54, 85, 63, 18, 44, 20, 35, 43, 97, 91, 76, 10, 30, 21, 45, 71, 64, 1, 23, 17, 83, 24, 61, 60, 36, 6, 57, 94, 88, 65, 56, 79, 40, 67, 68, 46, 75, 38, 9, 19, 32, 81, 41, 27, 62, 87, 90, 99, 59, 11, 16, 72, 73, 70, 39, 37, 84, 3, 92, 25, 74, 28, 29, 51, 7, 53, 14, 86, 48, 89, 50, 66, 96, 33, 80, 4, 8, 55, 49, 0, 52, 69, 2, 13, 34]|[1, 1, 0, 1, 1, 1, 2, 1, 2, 1, 2, 2, 2, 1, 1, 0, 0, 1, 0, 2, 2, 0, 1, 2, 0, 1, 2, 2, 0, 0, 1, 2, 1, 2, 1, 0, 2, 0, 1, 1, 0, 1, 1, 1, 0, 2, 1, 1, 0, 0, 0, 0, 1, 1, 2, 1, 2, 0, 0, 0, 2, 1, 0, 1, 2, 1, 2, 1, 1, 1, 1, 1, 2, 0, 1, 2, 0, 0, 0, 1, 0, 1, 0, 0, 1, 0, 0, 0, 2, 0, 0, 1, 1, 0, 0, 1, 1, 0, 0, 2]|[4, 3, 2, 2, 0, 0, 2, 2, 2, 4, 1, 1, 2, 4, 4, 1, 1, 4, 2, 1, 1, 1, 1, 2, 1, 2, 1, 1, 1, 1, 3, 2, 3, 0, 4, 0, 1, 1, 0, 3, 2, 2, 4, 0, 1, 1, 3, 2, 0, 1, 2, 2, 1, 4, 0, 3, 2, 1, 1, 2, 1, 3, 1, 1, 1, 3, 0, 4, 3, 1, 4, 1, 1, 2, 4, 1, 2, 1, 1, 3, 2, 3, 1, 1, 1, 1, 1, 1, 1, 1, 2, 3, 4, 1, 2, 1, 3, 2, 2, 1]|[0, 2, 1, 1, 3, 3, 0, 1, 0, 0, 0, 0, 1, 0, 1, 0, 0, 3, 1, 0, 0, 0, 3, 1, 0, 2, 0, 0, 0, 1, 0, 0, 0, 0, 3, 0, 1, 0, 0, 2, 1, 1, 2, 0, 0, 0, 0, 1, 1, 0, 0, 0, 1, 3, 0, 0, 1, 0, 0, 1, 0, 2, 0, 1, 0, 2, 1, 0, 0, 1, 1, 3, 0, 1, 3, 0, 1, 0, 0, 2, 1, 0, 0, 0, 1, 0, 0, 0, 0, 0, 1, 2, 3, 1, 0, 1, 0, 0, 0, 0],802.5281847645216,57652.86795409501,87938.17744329936,false
51,G1_CMAX,G3_TWC,[31, 22, 42, 15, 26, 58, 95, 82, 77, 12, 47, 5, 93, 78, 98, 54, 85, 63, 18, 44, 20, 35, 43, 97, 91, 76, 10, 30, 21, 45, 75, 64, 1, 23, 17, 83, 24, 61, 60, 36, 6, 57, 94, 88, 65, 56, 79, 40, 67, 68, 46, 71, 38, 9, 19, 32, 81, 41, 27, 62, 87, 90, 99, 59, 11, 16, 72, 73, 70, 39, 37, 84, 3, 92, 25, 74, 28, 29, 51, 7, 53, 14, 48, 86, 89, 50, 66, 96, 33, 80, 4, 8, 34, 49, 0, 52, 13, 2, 69, 55]|[1, 1, 0, 1, 1, 1, 2, 1, 2, 1, 2, 2, 2, 1, 1, 0, 0, 1, 0, 2, 2, 0, 1, 2, 0, 1, 2, 2, 0, 0, 0, 2, 1, 2, 1, 0, 2, 0, 1, 1, 0, 1, 1, 1, 0, 2, 1, 1, 0, 0, 0, 1, 1, 1, 2, 1, 2, 0, 0, 0, 2, 1, 0, 1, 2, 1, 2, 1, 1, 1, 1, 1, 2, 0, 1, 2, 0, 0, 0, 1, 0, 1, 0, 0, 1, 0, 0, 0, 2, 0, 0, 1, 2, 0, 0, 1, 0, 0, 1, 1]|[4, 3, 2, 2, 0, 0, 2, 2, 2, 4, 1, 1, 2, 4, 4, 1, 1, 4, 2, 1, 1, 1, 1, 2, 1, 2, 1, 1, 1, 1, 2, 2, 3, 0, 4, 0, 1, 1, 0, 3, 2, 2, 4, 0, 1, 1, 0, 2, 0, 1, 2, 3, 1, 4, 0, 3, 2, 1, 1, 2, 1, 3, 1, 1, 1, 3, 0, 4, 3, 1, 4, 1, 1, 2, 4, 1, 2, 1, 1, 3, 2, 3, 1, 1, 1, 1, 1, 1, 1, 1, 2, 3, 1, 1, 2, 1, 2, 2, 3, 4]|[0, 2, 1, 1, 3, 3, 0, 1, 0, 0, 0, 0, 1, 0, 1, 0, 0, 3, 1, 0, 0, 0, 3, 1, 0, 2, 0, 0, 0, 1, 0, 0, 0, 0, 3, 0, 1, 0, 0, 2, 1, 1, 2, 0, 0, 0, 0, 1, 1, 0, 0, 0, 1, 3, 0, 0, 1, 0, 0, 1, 0, 2, 0, 1, 0, 2, 1, 0, 0, 1, 1, 3, 0, 1, 3, 0, 1, 0, 0, 2, 1, 0, 0, 0, 1, 0, 0, 0, 0, 0, 1, 2, 0, 1, 0, 1, 0, 0, 0, 3],803.2072603330798,58258.121323374144,87500.47624634765,true
51,G4_BALANCED,G4_BALANCED,[31, 22, 82, 15, 26, 58, 95, 42, 77, 12, 47, 5, 30, 78, 86, 54, 85, 63, 18, 44, 20, 35, 43, 97, 91, 76, 10, 93, 21, 45, 71, 64, 1, 23, 17, 83, 24, 14, 60, 36, 6, 57, 40, 88, 65, 56, 79, 94, 67, 68, 46, 75, 38, 9, 19, 32, 81, 41, 27, 62, 90, 99, 59, 87, 11, 66, 72, 73, 70, 39, 37, 84, 3, 92, 25, 55, 28, 29, 51, 7, 33, 61, 98, 16, 89, 50, 48, 96, 53, 80, 4, 8, 34, 49, 52, 0, 13, 2, 69, 74]|[1, 1, 0, 1, 1, 0, 1, 2, 2, 1, 2, 2, 2, 1, 1, 0, 0, 1, 0, 2, 2, 0, 0, 2, 0, 1, 2, 2, 0, 0, 1, 2, 1, 2, 1, 0, 2, 0, 1, 1, 2, 1, 1, 1, 0, 2, 1, 1, 0, 0, 0, 0, 1, 1, 2, 1, 0, 0, 0, 2, 1, 0, 0, 1, 2, 1, 2, 1, 1, 1, 1, 1, 1, 0, 1, 1, 2, 0, 0, 2, 2, 1, 2, 2, 1, 0, 1, 2, 0, 0, 1, 1, 2, 0, 1, 0, 0, 0, 1, 2]|[4, 3, 2, 2, 4, 1, 2, 2, 2, 4, 1, 1, 2, 4, 4, 1, 2, 4, 2, 1, 1, 1, 1, 2, 1, 2, 1, 1, 2, 1, 3, 2, 3, 1, 4, 0, 1, 1, 0, 3, 2, 2, 2, 0, 1, 1, 0, 4, 0, 1, 2, 2, 1, 4, 0, 3, 1, 1, 1, 1, 3, 1, 1, 1, 1, 3, 1, 4, 3, 1, 4, 1, 1, 2, 4, 4, 1, 1, 1, 1, 1, 3, 1, 1, 1, 1, 3, 1, 2, 1, 4, 3, 1, 1, 1, 2, 2, 2, 4, 1]|[0, 2, 1, 1, 3, 0, 1, 0, 0, 0, 0, 0, 1, 0, 1, 0, 0, 3, 1, 0, 0, 0, 0, 1, 0, 2, 0, 0, 0, 1, 0, 0, 0, 0, 3, 0, 1, 0, 0, 2, 1, 1, 1, 0, 0, 0, 0, 2, 1, 0, 0, 0, 1, 3, 0, 0, 0, 0, 0, 0, 2, 0, 0, 1, 0, 2, 0, 0, 0, 1, 1, 3, 1, 1, 3, 3, 0, 0, 0, 0, 0, 0, 0, 0, 1, 0, 0, 0, 1, 0, 0, 2, 0, 1, 1, 0, 0, 0, 2, 0],789.2633648838897,55267.56724064511,98962.05901394336,false
51,G2_TEC,G2_TEC,[31, 94, 82, 15, 26, 9, 95, 42, 77, 68, 47, 5, 93, 78, 86, 54, 85, 63, 18, 44, 20, 49, 36, 14, 74, 50, 53, 17, 21, 28, 11, 64, 3, 23, 30, 83, 24, 41, 40, 52, 65, 27, 90, 70, 39, 87, 48, 69, 99, 4, 46, 1, 13, 56, 97, 59, 45, 8, 73, 37, 35, 79, 71, 66, 76, 32, 60, 80, 58, 6, 67, 61, 33, 7, 57, 34, 12, 16, 10, 98, 96, 88, 43, 81, 91, 2, 84, 29, 92, 19, 51, 55, 89, 75, 25, 72, 22, 38, 62, 0]|[2, 1, 2, 1, 1, 2, 1, 1, 1, 1, 1, 0, 2, 2, 1, 2, 0, 0, 0, 2, 2, 1, 0, 2, 0, 2, 2, 1, 0, 1, 1, 1, 0, 0, 1, 0, 2, 1, 2, 2, 0, 0, 1, 1, 0, 2, 0, 2, 1, 0, 0, 2, 0, 2, 2, 0, 1, 1, 0, 0, 2, 1, 1, 2, 2, 0, 2, 2, 2, 1, 2, 1, 1, 2, 0, 1, 1, 2, 1, 2, 0, 1, 1, 1, 1, 0, 0, 1, 0, 1, 1, 0, 1, 0, 1, 1, 2, 0, 1, 0]|[0, 3, 0, 3, 4, 1, 4, 4, 4, 4, 3, 2, 1, 0, 2, 1, 1, 1, 2, 1, 1, 3, 0, 1, 0, 1, 1, 4, 1, 4, 3, 2, 2, 0, 4, 1, 1, 4, 1, 1, 2, 1, 4, 4, 1, 1, 0, 1, 3, 2, 2, 1, 2, 1, 1, 2, 4, 3, 0, 2, 1, 3, 3, 1, 1, 2, 1, 1, 1, 4, 1, 3, 4, 1, 2, 4, 3, 1, 3, 1, 2, 4, 4, 4, 3, 2, 2, 3, 2, 4, 3, 2, 4, 2, 4, 4, 1, 2, 3, 2]|[0, 2, 0, 0, 3, 0, 1, 3, 1, 0, 2, 0, 1, 0, 1, 0, 0, 0, 1, 0, 0, 2, 0, 0, 1, 0, 0, 3, 0, 1, 0, 2, 0, 0, 3, 0, 1, 1, 0, 0, 0, 0, 1, 3, 0, 0, 1, 0, 2, 0, 0, 0, 0, 0, 1, 0, 1, 0, 1, 1, 0, 2, 0, 0, 0, 0, 0, 0, 0, 2, 0, 0, 1, 0, 0, 1, 0, 0, 3, 0, 0, 1, 2, 2, 0, 0, 0, 3, 0, 1, 0, 0, 1, 0, 3, 1, 0, 0, 0, 0],910.6016522559228,48453.76930145325,107095.52069553157,false
51,G3_TWC,G3_TWC,[31, 22, 42, 15, 26, 58, 95, 82, 77, 12, 47, 5, 93, 78, 98, 54, 85, 63, 18, 44, 20, 35, 43, 97, 91, 76, 10, 30, 21, 45, 71, 64, 1, 23, 17, 83, 24, 61, 60, 36, 6, 57, 94, 88, 65, 56, 79, 40, 67, 68, 46, 75, 38, 9, 19, 32, 81, 41, 27, 62, 87, 90, 99, 59, 11, 16, 72, 73, 70, 39, 37, 84, 3, 92, 25, 74, 28, 29, 51, 7, 53, 14, 86, 48, 89, 50, 66, 96, 33, 80, 4, 8, 55, 49, 0, 52, 69, 2, 13, 34]|[1, 1, 0, 1, 1, 1, 2, 1, 2, 1, 2, 2, 2, 1, 1, 0, 0, 1, 0, 2, 2, 0, 1, 2, 0, 1, 2, 2, 0, 0, 1, 2, 1, 2, 1, 0, 2, 0, 1, 1, 0, 1, 1, 1, 0, 2, 1, 1, 0, 0, 0, 0, 1, 1, 2, 1, 2, 0, 0, 0, 2, 1, 0, 1, 2, 1, 2, 1, 1, 1, 1, 1, 2, 0, 1, 2, 0, 0, 0, 1, 0, 1, 0, 0, 1, 0, 0, 0, 2, 0, 0, 1, 1, 0, 0, 1, 1, 0, 0, 2]|[4, 3, 2, 2, 0, 0, 2, 2, 2, 4, 1, 1, 2, 4, 4, 1, 1, 4, 2, 1, 1, 1, 1, 2, 1, 2, 1, 1, 1, 1, 3, 2, 3, 0, 4, 0, 1, 1, 0, 3, 2, 2, 4, 0, 1, 1, 3, 2, 0, 1, 2, 2, 1, 4, 0, 3, 2, 1, 1, 2, 1, 3, 1, 1, 1, 3, 0, 4, 3, 1, 4, 1, 1, 2, 4, 1, 2, 1, 1, 3, 2, 3, 1, 1, 1, 1, 1, 1, 1, 1, 2, 3, 4, 1, 2, 1, 3, 2, 2, 1]|[0, 2, 1, 1, 3, 3, 0, 1, 0, 0, 0, 0, 1, 0, 1, 0, 0, 3, 1, 0, 0, 0, 3, 1, 0, 2, 0, 0, 0, 1, 0, 0, 0, 0, 3, 0, 1, 0, 0, 2, 1, 1, 2, 0, 0, 0, 0, 1, 1, 0, 0, 0, 1, 3, 0, 0, 1, 0, 0, 1, 0, 2, 0, 1, 0, 2, 1, 0, 0, 1, 1, 3, 0, 1, 3, 0, 1, 0, 0, 2, 1, 0, 0, 0, 1, 0, 0, 0, 0, 0, 1, 2, 3, 1, 0, 1, 0, 0, 0, 0],802.5281847645216,57652.86795409501,87938.17744329936,false
51,G1_CMAX,G3_TWC,[31, 22, 42, 15, 26, 58, 95, 82, 77, 12, 47, 5, 93, 78, 98, 54, 85, 63, 18, 44, 20, 35, 43, 97, 91, 76, 10, 30, 21, 45, 75, 64, 1, 23, 17, 83, 24, 61, 60, 36, 6, 57, 94, 88, 65, 56, 79, 40, 67, 68, 46, 71, 38, 9, 19, 32, 81, 41, 27, 62, 87, 90, 99, 59, 11, 16, 72, 73, 70, 39, 37, 84, 3, 92, 25, 74, 28, 29, 51, 7, 53, 14, 48, 86, 89, 50, 66, 96, 33, 80, 4, 8, 34, 49, 0, 52, 13, 2, 69, 55]|[1, 1, 0, 1, 1, 1, 2, 1, 2, 1, 2, 2, 2, 1, 1, 0, 0, 1, 0, 2, 2, 0, 1, 2, 0, 1, 2, 2, 0, 0, 0, 2, 1, 2, 1, 0, 2, 0, 1, 1, 0, 1, 1, 1, 0, 2, 1, 1, 0, 0, 0, 1, 1, 1, 2, 1, 2, 0, 0, 0, 2, 1, 0, 1, 2, 1, 2, 1, 1, 1, 1, 1, 2, 0, 1, 2, 0, 0, 0, 1, 0, 1, 0, 0, 1, 0, 0, 0, 2, 0, 0, 1, 2, 0, 0, 1, 0, 0, 1, 1]|[4, 3, 2, 2, 0, 0, 2, 2, 2, 4, 1, 1, 2, 4, 4, 1, 1, 4, 2, 1, 1, 1, 1, 2, 1, 2, 1, 1, 1, 1, 2, 2, 3, 0, 4, 0, 1, 1, 0, 3, 2, 2, 4, 0, 1, 1, 0, 2, 0, 1, 2, 3, 1, 4, 0, 3, 2, 1, 1, 2, 1, 3, 1, 1, 1, 3, 0, 4, 3, 1, 4, 1, 1, 2, 4, 1, 2, 1, 1, 3, 2, 3, 1, 1, 1, 1, 1, 1, 1, 1, 2, 3, 1, 1, 2, 1, 2, 2, 3, 4]|[0, 2, 1, 1, 3, 3, 0, 1, 0, 0, 0, 0, 1, 0, 1, 0, 0, 3, 1, 0, 0, 0, 3, 1, 0, 2, 0, 0, 0, 1, 0, 0, 0, 0, 3, 0, 1, 0, 0, 2, 1, 1, 2, 0, 0, 0, 0, 1, 1, 0, 0, 0, 1, 3, 0, 0, 1, 0, 0, 1, 0, 2, 0, 1, 0, 2, 1, 0, 0, 1, 1, 3, 0, 1, 3, 0, 1, 0, 0, 2, 1, 0, 0, 0, 1, 0, 0, 0, 0, 0, 1, 2, 0, 1, 0, 1, 0, 0, 0, 3],803.2072603330798,58258.121323374144,87500.47624634765,true
51,G4_BALANCED,G2_TEC,[31, 22, 82, 15, 26, 54, 95, 42, 77, 68, 47, 5, 93, 78, 86, 9, 85, 63, 18, 44, 20, 49, 36, 14, 74, 50, 53, 17, 21, 28, 11, 64, 3, 23, 30, 83, 24, 41, 40, 52, 65, 27, 90, 70, 39, 87, 48, 69, 99, 4, 75, 1, 13, 58, 97, 59, 45, 8, 73, 37, 35, 79, 71, 66, 76, 32, 60, 80, 56, 6, 67, 61, 33, 7, 57, 34, 12, 16, 10, 98, 96, 88, 2, 81, 91, 43, 84, 29, 92, 19, 51, 89, 46, 25, 55, 72, 94, 38, 62, 0]|[2, 1, 2, 1, 1, 2, 1, 1, 1, 1, 1, 0, 2, 2, 1, 2, 0, 0, 0, 2, 2, 1, 0, 2, 0, 2, 2, 1, 0, 1, 1, 1, 0, 0, 1, 0, 2, 1, 2, 2, 0, 0, 1, 1, 0, 2, 0, 2, 1, 0, 0, 2, 0, 0, 2, 0, 1, 1, 0, 0, 2, 1, 1, 2, 2, 0, 2, 2, 2, 1, 2, 1, 1, 2, 0, 1, 1, 2, 1, 2, 0, 1, 0, 1, 1, 1, 0, 1, 0, 1, 1, 1, 0, 1, 0, 1, 2, 0, 1, 2]|[0, 3, 0, 3, 4, 1, 4, 4, 2, 4, 3, 2, 1, 0, 2, 1, 1, 1, 2, 1, 1, 3, 0, 1, 0, 1, 1, 4, 1, 4, 3, 2, 2, 0, 4, 1, 1, 4, 1, 1, 2, 1, 4, 4, 1, 1, 0, 1, 3, 2, 2, 1, 2, 2, 1, 2, 4, 3, 0, 2, 2, 3, 3, 1, 1, 2, 1, 1, 1, 4, 1, 3, 4, 1, 2, 4, 3, 1, 3, 1, 2, 4, 2, 4, 3, 4, 2, 3, 2, 4, 3, 4, 2, 4, 2, 4, 1, 2, 3, 1]|[0, 2, 0, 0, 3, 0, 1, 3, 0, 0, 2, 0, 1, 0, 1, 0, 0, 0, 1, 0, 0, 2, 0, 0, 1, 0, 0, 3, 0, 1, 0, 2, 0, 0, 3, 0, 1, 1, 0, 0, 0, 0, 1, 3, 0, 0, 1, 0, 2, 0, 0, 0, 0, 0, 1, 0, 1, 0, 1, 1, 0, 2, 0, 0, 0, 0, 0, 0, 0, 2, 0, 0, 1, 0, 0, 1, 0, 0, 3, 0, 0, 1, 0, 2, 0, 2, 0, 3, 0, 1, 0, 1, 0, 3, 0, 1, 0, 0, 0, 0],900.4100493268897,48975.60814465745,104834.14524868829,true
51,G2_TEC,G2_TEC,[31, 94, 82, 15, 26, 9, 95, 42, 77, 68, 47, 5, 93, 78, 86, 54, 85, 63, 18, 44, 20, 49, 36, 14, 74, 50, 53, 17, 21, 28, 11, 64, 3, 23, 30, 83, 24, 41, 40, 52, 65, 27, 90, 70, 39, 87, 48, 69, 99, 4, 46, 1, 13, 56, 97, 59, 45, 8, 73, 37, 35, 79, 71, 66, 76, 32, 60, 80, 58, 6, 67, 61, 33, 7, 57, 34, 12, 16, 10, 98, 96, 88, 43, 81, 91, 2, 84, 29, 92, 19, 51, 55, 89, 75, 25, 72, 22, 38, 62, 0]|[2, 1, 2, 1, 1, 2, 1, 1, 1, 1, 1, 0, 2, 2, 1, 2, 0, 0, 0, 2, 2, 1, 0, 2, 0, 2, 2, 1, 0, 1, 1, 1, 0, 0, 1, 0, 2, 1, 2, 2, 0, 0, 1, 1, 0, 2, 0, 2, 1, 0, 0, 2, 0, 2, 2, 0, 1, 1, 0, 0, 2, 1, 1, 2, 2, 0, 2, 2, 2, 1, 2, 1, 1, 2, 0, 1, 1, 2, 1, 2, 0, 1, 1, 1, 1, 0, 0, 1, 0, 1, 1, 0, 1, 0, 1, 1, 2, 0, 1, 0]|[0, 3, 0, 3, 4, 1, 4, 4, 4, 4, 3, 2, 1, 0, 2, 1, 1, 1, 2, 1, 1, 3, 0, 1, 0, 1, 1, 4, 1, 4, 3, 2, 2, 0, 4, 1, 1, 4, 1, 1, 2, 1, 4, 4, 1, 1, 0, 1, 3, 2, 2, 1, 2, 1, 1, 2, 4, 3, 0, 2, 1, 3, 3, 1, 1, 2, 1, 1, 1, 4, 1, 3, 4, 1, 2, 4, 3, 1, 3, 1, 2, 4, 4, 4, 3, 2, 2, 3, 2, 4, 3, 2, 4, 2, 4, 4, 1, 2, 3, 2]|[0, 2, 0, 0, 3, 0, 1, 3, 1, 0, 2, 0, 1, 0, 1, 0, 0, 0, 1, 0, 0, 2, 0, 0, 1, 0, 0, 3, 0, 1, 0, 2, 0, 0, 3, 0, 1, 1, 0, 0, 0, 0, 1, 3, 0, 0, 1, 0, 2, 0, 0, 0, 0, 0, 1, 0, 1, 0, 1, 1, 0, 2, 0, 0, 0, 0, 0, 0, 0, 2, 0, 0, 1, 0, 0, 1, 0, 0, 3, 0, 0, 1, 2, 2, 0, 0, 0, 3, 0, 1, 0, 0, 1, 0, 3, 1, 0, 0, 0, 0],910.6016522559228,48453.76930145325,107095.52069553157,false
51,G3_TWC,G3_TWC,[31, 22, 42, 15, 26, 58, 95, 82, 77, 12, 47, 5, 93, 78, 98, 54, 85, 63, 18, 44, 20, 35, 43, 97, 91, 76, 10, 30, 21, 45, 71, 64, 1, 23, 17, 83, 24, 61, 60, 36, 6, 57, 94, 88, 65, 56, 79, 40, 67, 68, 46, 75, 38, 9, 19, 32, 81, 41, 27, 62, 87, 90, 99, 59, 11, 16, 72, 73, 70, 39, 37, 84, 3, 92, 25, 74, 28, 29, 51, 7, 53, 14, 86, 48, 89, 50, 66, 96, 33, 80, 4, 8, 55, 49, 0, 52, 69, 2, 13, 34]|[1, 1, 0, 1, 1, 1, 2, 1, 2, 1, 2, 2, 2, 1, 1, 0, 0, 1, 0, 2, 2, 0, 1, 2, 0, 1, 2, 2, 0, 0, 1, 2, 1, 2, 1, 0, 2, 0, 1, 1, 0, 1, 1, 1, 0, 2, 1, 1, 0, 0, 0, 0, 1, 1, 2, 1, 2, 0, 0, 0, 2, 1, 0, 1, 2, 1, 2, 1, 1, 1, 1, 1, 2, 0, 1, 2, 0, 0, 0, 1, 0, 1, 0, 0, 1, 0, 0, 0, 2, 0, 0, 1, 1, 0, 0, 1, 1, 0, 0, 2]|[4, 3, 2, 2, 0, 0, 2, 2, 2, 4, 1, 1, 2, 4, 4, 1, 1, 4, 2, 1, 1, 1, 1, 2, 1, 2, 1, 1, 1, 1, 3, 2, 3, 0, 4, 0, 1, 1, 0, 3, 2, 2, 4, 0, 1, 1, 3, 2, 0, 1, 2, 2, 1, 4, 0, 3, 2, 1, 1, 2, 1, 3, 1, 1, 1, 3, 0, 4, 3, 1, 4, 1, 1, 2, 4, 1, 2, 1, 1, 3, 2, 3, 1, 1, 1, 1, 1, 1, 1, 1, 2, 3, 4, 1, 2, 1, 3, 2, 2, 1]|[0, 2, 1, 1, 3, 3, 0, 1, 0, 0, 0, 0, 1, 0, 1, 0, 0, 3, 1, 0, 0, 0, 3, 1, 0, 2, 0, 0, 0, 1, 0, 0, 0, 0, 3, 0, 1, 0, 0, 2, 1, 1, 2, 0, 0, 0, 0, 1, 1, 0, 0, 0, 1, 3, 0, 0, 1, 0, 0, 1, 0, 2, 0, 1, 0, 2, 1, 0, 0, 1, 1, 3, 0, 1, 3, 0, 1, 0, 0, 2, 1, 0, 0, 0, 1, 0, 0, 0, 0, 0, 1, 2, 3, 1, 0, 1, 0, 0, 0, 0],802.5281847645216,57652.86795409501,87938.17744329936,false
51,G1_CMAX,G3_TWC,[31, 22, 42, 15, 26, 58, 95, 82, 77, 12, 47, 5, 93, 78, 98, 54, 85, 63, 18, 44, 20, 35, 43, 97, 91, 76, 10, 30, 21, 45, 75, 64, 1, 23, 17, 83, 24, 61, 60, 36, 6, 57, 94, 88, 65, 56, 79, 40, 67, 68, 46, 71, 38, 9, 19, 32, 81, 41, 27, 62, 87, 90, 99, 59, 11, 16, 72, 73, 70, 39, 37, 84, 3, 92, 25, 74, 28, 29, 51, 7, 53, 14, 48, 86, 89, 50, 66, 96, 33, 80, 4, 8, 34, 49, 0, 52, 13, 2, 69, 55]|[1, 1, 0, 1, 1, 1, 2, 1, 2, 1, 2, 2, 2, 1, 1, 0, 0, 1, 0, 2, 2, 0, 1, 2, 0, 1, 2, 2, 0, 0, 0, 2, 1, 2, 1, 0, 2, 0, 1, 1, 0, 1, 1, 1, 0, 2, 1, 1, 0, 0, 0, 1, 1, 1, 2, 1, 2, 0, 0, 0, 2, 1, 0, 1, 2, 1, 2, 1, 1, 1, 1, 1, 2, 0, 1, 2, 0, 0, 0, 1, 0, 1, 0, 0, 1, 0, 0, 0, 2, 0, 0, 1, 2, 0, 0, 1, 0, 0, 1, 1]|[4, 3, 2, 2, 0, 0, 2, 2, 2, 4, 1, 1, 2, 4, 4, 1, 1, 4, 2, 1, 1, 1, 1, 2, 1, 2, 1, 1, 1, 1, 2, 2, 3, 0, 4, 0, 1, 1, 0, 3, 2, 2, 4, 0, 1, 1, 0, 2, 0, 1, 2, 3, 1, 4, 0, 3, 2, 1, 1, 2, 1, 3, 1, 1, 1, 3, 0, 4, 3, 1, 4, 1, 1, 2, 4, 1, 2, 1, 1, 3, 2, 3, 1, 1, 1, 1, 1, 1, 1, 1, 2, 3, 1, 1, 2, 1, 2, 2, 3, 4]|[0, 2, 1, 1, 3, 3, 0, 1, 0, 0, 0, 0, 1, 0, 1, 0, 0, 3, 1, 0, 0, 0, 3, 1, 0, 2, 0, 0, 0, 1, 0, 0, 0, 0, 3, 0, 1, 0, 0, 2, 1, 1, 2, 0, 0, 0, 0, 1, 1, 0, 0, 0, 1, 3, 0, 0, 1, 0, 0, 1, 0, 2, 0, 1, 0, 2, 1, 0, 0, 1, 1, 3, 0, 1, 3, 0, 1, 0, 0, 2, 1, 0, 0, 0, 1, 0, 0, 0, 0, 0, 1, 2, 0, 1, 0, 1, 0, 0, 0, 3],803.2072603330798,58258.121323374144,87500.47624634765,true
51,G4_BALANCED,G4_BALANCED,[31, 22, 42, 15, 26, 58, 95, 82, 77, 12, 47, 5, 93, 78, 98, 54, 85, 63, 18, 44, 20, 35, 43, 97, 91, 76, 10, 30, 21, 45, 71, 64, 1, 23, 17, 83, 24, 61, 60, 36, 6, 57, 94, 88, 65, 56, 79, 40, 67, 68, 46, 75, 38, 9, 19, 32, 81, 41, 27, 62, 87, 90, 99, 59, 53, 16, 72, 73, 70, 39, 37, 84, 3, 92, 25, 74, 28, 29, 51, 7, 11, 14, 86, 48, 89, 50, 66, 96, 33, 80, 4, 2, 55, 49, 0, 52, 13, 8, 69, 34]|[1, 1, 0, 1, 1, 1, 2, 1, 2, 1, 2, 2, 2, 1, 1, 0, 0, 1, 0, 2, 2, 0, 1, 2, 0, 1, 2, 2, 0, 0, 1, 2, 1, 2, 1, 0, 2, 0, 1, 1, 0, 1, 1, 1, 0, 2, 1, 1, 0, 0, 0, 0, 1, 1, 2, 1, 2, 0, 0, 0, 2, 1, 0, 1, 0, 1, 2, 1, 1, 1, 1, 1, 2, 0, 1, 2, 0, 0, 0, 1, 2, 1, 0, 0, 1, 0, 2, 0, 2, 0, 0, 0, 1, 0, 0, 1, 0, 1, 1, 2]|[4, 3, 2, 2, 0, 0, 2, 2, 2, 4, 1, 1, 2, 4, 4, 1, 1, 4, 2, 1, 1, 1, 1, 2, 1, 2, 1, 1, 1, 1, 3, 2, 3, 0, 4, 0, 1, 1, 0, 3, 2, 2, 4, 0, 1, 1, 3, 2, 0, 1, 2, 2, 1, 4, 0, 3, 2, 1, 1, 2, 1, 3, 1, 1, 2, 3, 0, 4, 3, 1, 4, 1, 1, 2, 4, 1, 2, 1, 1, 3, 1, 3, 1, 1, 1, 1, 1, 1, 1, 1, 2, 2, 4, 1, 2, 1, 2, 3, 4, 1]|[0, 2, 1, 1, 3, 3, 0, 1, 0, 0, 0, 0, 1, 0, 1, 0, 0, 3, 1, 0, 0, 0, 3, 1, 0, 2, 0, 0, 0, 0, 0, 0, 0, 0, 3, 0, 1, 0, 0, 2, 1, 1, 2, 0, 0, 0, 0, 1, 1, 0, 0, 0, 1, 3, 0, 0, 1, 0, 0, 1, 0, 2, 0, 1, 1, 2, 1, 0, 0, 1, 1, 3, 0, 1, 3, 0, 1, 0, 0, 2, 0, 0, 0, 0, 1, 0, 0, 0, 0, 0, 1, 0, 3, 1, 0, 1, 0, 2, 2, 0],804.8195518810277,56908.775786314945,89595.55184543924,false
51,G2_TEC,G2_TEC,[31, 94, 82, 15, 26, 9, 95, 42, 77, 68, 47, 5, 93, 78, 86, 54, 85, 63, 18, 44, 20, 49, 36, 14, 74, 50, 53, 17, 21, 28, 11, 64, 3, 23, 30, 83, 24, 41, 40, 52, 65, 27, 90, 70, 39, 87, 48, 69, 99, 4, 46, 1, 13, 56, 97, 59, 45, 8, 73, 37, 35, 79, 71, 66, 76, 32, 60, 80, 58, 6, 67, 61, 33, 7, 57, 34, 12, 16, 10, 98, 96, 88, 43, 81, 91, 2, 84, 29, 92, 19, 51, 55, 89, 75, 25, 72, 22, 38, 62, 0]|[2, 1, 2, 1, 1, 2, 1, 1, 1, 1, 1, 0, 2, 2, 1, 2, 0, 0, 0, 2, 2, 1, 0, 2, 0, 2, 2, 1, 0, 1, 1, 1, 0, 0, 1, 0, 2, 1, 2, 2, 0, 0, 1, 1, 0, 2, 0, 2, 1, 0, 0, 2, 0, 2, 2, 0, 1, 1, 0, 0, 2, 1, 1, 2, 2, 0, 2, 2, 2, 1, 2, 1, 1, 2, 0, 1, 1, 2, 1, 2, 0, 1, 1, 1, 1, 0, 0, 1, 0, 1, 1, 0, 1, 0, 1, 1, 2, 0, 1, 0]|[0, 3, 0, 3, 4, 1, 4, 4, 4, 4, 3, 2, 1, 0, 2, 1, 1, 1, 2, 1, 1, 3, 0, 1, 0, 1, 1, 4, 1, 4, 3, 2, 2, 0, 4, 1, 1, 4, 1, 1, 2, 1, 4, 4, 1, 1, 0, 1, 3, 2, 2, 1, 2, 1, 1, 2, 4, 3, 0, 2, 1, 3, 3, 1, 1, 2, 1, 1, 1, 4, 1, 3, 4, 1, 2, 4, 3, 1, 3, 1, 2, 4, 4, 4, 3, 2, 2, 3, 2, 4, 3, 2, 4, 2, 4, 4, 1, 2, 3, 2]|[0, 2, 0, 0, 3, 0, 1, 3, 1, 0, 2, 0, 1, 0, 1, 0, 0, 0, 1, 0, 0, 2, 0, 0, 1, 0, 0, 3, 0, 1, 0, 2, 0, 0, 3, 0, 1, 1, 0, 0, 0, 0, 1, 3, 0, 0, 1, 0, 2, 0, 0, 0, 0, 0, 1, 0, 1, 0, 1, 1, 0, 2, 0, 0, 0, 0, 0, 0, 0, 2, 0, 0, 1, 0, 0, 1, 0, 0, 3, 0, 0, 1, 2, 2, 0, 0, 0, 3, 0, 1, 0, 0, 1, 0, 3, 1, 0, 0, 0, 0],910.6016522559228,48453.76930145325,107095.52069553157,false
51,G3_TWC,G3_TWC,[31, 22, 42, 15, 26, 58, 95, 82, 77, 12, 47, 5, 93, 78, 98, 54, 85, 63, 18, 44, 20, 35, 43, 97, 91, 76, 10, 30, 21, 45, 71, 64, 1, 23, 17, 83, 24, 61, 60, 36, 6, 57, 94, 88, 65, 56, 79, 40, 67, 68, 46, 75, 38, 9, 19, 32, 81, 41, 27, 62, 87, 90, 99, 59, 11, 16, 72, 73, 70, 39, 37, 84, 3, 92, 25, 74, 28, 29, 51, 7, 53, 14, 86, 48, 89, 50, 66, 96, 33, 80, 4, 8, 55, 49, 0, 52, 69, 2, 13, 34]|[1, 1, 0, 1, 1, 1, 2, 1, 2, 1, 2, 2, 2, 1, 1, 0, 0, 1, 0, 2, 2, 0, 1, 2, 0, 1, 2, 2, 0, 0, 1, 2, 1, 2, 1, 0, 2, 0, 1, 1, 0, 1, 1, 1, 0, 2, 1, 1, 0, 0, 0, 0, 1, 1, 2, 1, 2, 0, 0, 0, 2, 1, 0, 1, 2, 1, 2, 1, 1, 1, 1, 1, 2, 0, 1, 2, 0, 0, 0, 1, 0, 1, 0, 0, 1, 0, 0, 0, 2, 0, 0, 1, 1, 0, 0, 1, 1, 0, 0, 2]|[4, 3, 2, 2, 0, 0, 2, 2, 2, 4, 1, 1, 2, 4, 4, 1, 1, 4, 2, 1, 1, 1, 1, 2, 1, 2, 1, 1, 1, 1, 3, 2, 3, 0, 4, 0, 1, 1, 0, 3, 2, 2, 4, 0, 1, 1, 3, 2, 0, 1, 2, 2, 1, 4, 0, 3, 2, 1, 1, 2, 1, 3, 1, 1, 1, 3, 0, 4, 3, 1, 4, 1, 1, 2, 4, 1, 2, 1, 1, 3, 2, 3, 1, 1, 1, 1, 1, 1, 1, 1, 2, 3, 4, 1, 2, 1, 3, 2, 2, 1]|[0, 2, 1, 1, 3, 3, 0, 1, 0, 0, 0, 0, 1, 0, 1, 0, 0, 3, 1, 0, 0, 0, 3, 1, 0, 2, 0, 0, 0, 1, 0, 0, 0, 0, 3, 0, 1, 0, 0, 2, 1, 1, 2, 0, 0, 0, 0, 1, 1, 0, 0, 0, 1, 3, 0, 0, 1, 0, 0, 1, 0, 2, 0, 1, 0, 2, 1, 0, 0, 1, 1, 3, 0, 1, 3, 0, 1, 0, 0, 2, 1, 0, 0, 0, 1, 0, 0, 0, 0, 0, 1, 2, 3, 1, 0, 1, 0, 0, 0, 0],802.5281847645216,57652.86795409501,87938.17744329936,false
51,G1_CMAX,G3_TWC,[31, 22, 42, 15, 26, 58, 95, 82, 77, 12, 47, 5, 93, 78, 98, 54, 85, 63, 18, 44, 20, 35, 43, 97, 91, 76, 10, 30, 21, 45, 75, 64, 1, 23, 17, 83, 24, 61, 60, 36, 6, 57, 94, 88, 65, 56, 79, 40, 67, 68, 46, 71, 38, 9, 19, 32, 81, 41, 27, 62, 87, 90, 99, 59, 11, 16, 72, 73, 70, 39, 37, 84, 3, 92, 25, 74, 28, 29, 51, 7, 53, 14, 48, 86, 89, 50, 66, 96, 33, 80, 4, 8, 34, 49, 0, 52, 13, 2, 69, 55]|[1, 1, 0, 1, 1, 1, 2, 1, 2, 1, 2, 2, 2, 1, 1, 0, 0, 1, 0, 2, 2, 0, 1, 2, 0, 1, 2, 2, 0, 0, 0, 2, 1, 2, 1, 0, 2, 0, 1, 1, 0, 1, 1, 1, 0, 2, 1, 1, 0, 0, 0, 1, 1, 1, 2, 1, 2, 0, 0, 0, 2, 1, 0, 1, 2, 1, 2, 1, 1, 1, 1, 1, 2, 0, 1, 2, 0, 0, 0, 1, 0, 1, 0, 0, 1, 0, 0, 0, 2, 0, 0, 1, 2, 0, 0, 1, 0, 0, 1, 1]|[4, 3, 2, 2, 0, 0, 2, 2, 2, 4, 1, 1, 2, 4, 4, 1, 1, 4, 2, 1, 1, 1, 1, 2, 1, 2, 1, 1, 1, 1, 2, 2, 3, 0, 4, 0, 1, 1, 0, 3, 2, 2, 4, 0, 1, 1, 0, 2, 0, 1, 2, 3, 1, 4, 0, 3, 2, 1, 1, 2, 1, 3, 1, 1, 1, 3, 0, 4, 3, 1, 4, 1, 1, 2, 4, 1, 2, 1, 1, 3, 2, 3, 1, 1, 1, 1, 1, 1, 1, 1, 2, 3, 1, 1, 2, 1, 2, 2, 3, 4]|[0, 2, 1, 1, 3, 3, 0, 1, 0, 0, 0, 0, 1, 0, 1, 0, 0, 3, 1, 0, 0, 0, 3, 1, 0, 2, 0, 0, 0, 1, 0, 0, 0, 0, 3, 0, 1, 0, 0, 2, 1, 1, 2, 0, 0, 0, 0, 1, 1, 0, 0, 0, 1, 3, 0, 0, 1, 0, 0, 1, 0, 2, 0, 1, 0, 2, 1, 0, 0, 1, 1, 3, 0, 1, 3, 0, 1, 0, 0, 2, 1, 0, 0, 0, 1, 0, 0, 0, 0, 0, 1, 2, 0, 1, 0, 1, 0, 0, 0, 3],803.2072603330798,58258.121323374144,87500.47624634765,true
51,G4_BALANCED,G4_BALANCED,[31, 22, 82, 15, 26, 57, 95, 42, 77, 68, 47, 5, 93, 78, 86, 54, 85, 63, 18, 44, 20, 49, 36, 14, 74, 50, 53, 17, 21, 28, 11, 64, 3, 23, 30, 83, 24, 41, 40, 52, 65, 27, 90, 70, 39, 87, 48, 69, 99, 4, 75, 1, 13, 58, 97, 59, 45, 8, 73, 37, 35, 79, 71, 66, 76, 32, 60, 80, 56, 6, 67, 61, 33, 7, 9, 34, 12, 16, 10, 98, 96, 88, 43, 81, 91, 38, 84, 92, 29, 19, 51, 55, 46, 89, 72, 25, 2, 94, 62, 0]|[2, 1, 2, 1, 1, 0, 1, 1, 1, 1, 1, 0, 2, 2, 1, 2, 0, 0, 0, 2, 2, 1, 0, 2, 0, 2, 2, 1, 0, 1, 1, 1, 0, 0, 1, 0, 2, 1, 2, 2, 0, 0, 1, 1, 0, 2, 0, 2, 1, 0, 0, 2, 0, 2, 2, 0, 1, 1, 0, 0, 2, 1, 1, 2, 2, 0, 2, 2, 2, 1, 2, 1, 1, 2, 2, 1, 1, 2, 1, 2, 0, 1, 1, 0, 1, 0, 0, 0, 1, 1, 1, 0, 0, 1, 1, 1, 2, 0, 1, 2]|[0, 3, 0, 3, 4, 2, 4, 4, 2, 4, 3, 2, 1, 0, 2, 1, 1, 1, 2, 1, 1, 3, 0, 1, 0, 1, 1, 4, 1, 4, 3, 2, 2, 0, 4, 1, 1, 4, 1, 1, 2, 1, 4, 4, 1, 1, 0, 2, 3, 2, 2, 1, 2, 1, 1, 2, 4, 3, 0, 2, 2, 3, 3, 1, 1, 2, 1, 1, 1, 4, 1, 3, 4, 1, 1, 4, 3, 1, 3, 1, 2, 4, 4, 2, 3, 2, 2, 2, 3, 4, 3, 2, 2, 4, 4, 4, 1, 2, 3, 1]|[0, 2, 0, 0, 3, 0, 1, 3, 0, 0, 2, 0, 1, 0, 1, 0, 0, 0, 1, 0, 0, 2, 0, 0, 1, 0, 0, 3, 0, 1, 0, 2, 0, 0, 3, 0, 1, 1, 0, 0, 0, 0, 1, 3, 0, 0, 1, 0, 2, 0, 0, 0, 0, 0, 1, 0, 1, 0, 1, 1, 0, 2, 0, 0, 0, 0, 0, 0, 0, 2, 0, 0, 1, 0, 0, 1, 0, 0, 3, 0, 0, 1, 2, 0, 0, 0, 0, 0, 3, 1, 0, 0, 0, 1, 1, 3, 0, 0, 0, 0],910.2518521031475,49565.97444698472,104450.33685849783,false
51,G2_TEC,G2_TEC,[31, 94, 82, 15, 26, 9, 95, 42, 77, 68, 47, 5, 93, 78, 86, 54, 85, 63, 18, 44, 20, 49, 36, 14, 74, 50, 53, 17, 21, 28, 11, 64, 3, 23, 30, 83, 24, 41, 40, 52, 65, 27, 90, 70, 39, 87, 48, 69, 99, 4, 46, 1, 13, 56, 97, 59, 45, 8, 73, 37, 35, 79, 71, 66, 76, 32, 60, 80, 58, 6, 67, 61, 33, 7, 57, 34, 12, 16, 10, 98, 96, 88, 43, 81, 91, 2, 84, 29, 92, 19, 51, 55, 89, 75, 25, 72, 22, 38, 62, 0]|[2, 1, 2, 1, 1, 2, 1, 1, 1, 1, 1, 0, 2, 2, 1, 2, 0, 0, 0, 2, 2, 1, 0, 2, 0, 2, 2, 1, 0, 1, 1, 1, 0, 0, 1, 0, 2, 1, 2, 2, 0, 0, 1, 1, 0, 2, 0, 2, 1, 0, 0, 2, 0, 2, 2, 0, 1, 1, 0, 0, 2, 1, 1, 2, 2, 0, 2, 2, 2, 1, 2, 1, 1, 2, 0, 1, 1, 2, 1, 2, 0, 1, 1, 1, 1, 0, 0, 1, 0, 1, 1, 0, 1, 0, 1, 1, 2, 0, 1, 0]|[0, 3, 0, 3, 4, 1, 4, 4, 4, 4, 3, 2, 1, 0, 2, 1, 1, 1, 2, 1, 1, 3, 0, 1, 0, 1, 1, 4, 1, 4, 3, 2, 2, 0, 4, 1, 1, 4, 1, 1, 2, 1, 4, 4, 1, 1, 0, 1, 3, 2, 2, 1, 2, 1, 1, 2, 4, 3, 0, 2, 1, 3, 3, 1, 1, 2, 1, 1, 1, 4, 1, 3, 4, 1, 2, 4, 3, 1, 3, 1, 2, 4, 4, 4, 3, 2, 2, 3, 2, 4, 3, 2, 4, 2, 4, 4, 1, 2, 3, 2]|[0, 2, 0, 0, 3, 0, 1, 3, 1, 0, 2, 0, 1, 0, 1, 0, 0, 0, 1, 0, 0, 2, 0, 0, 1, 0, 0, 3, 0, 1, 0, 2, 0, 0, 3, 0, 1, 1, 0, 0, 0, 0, 1, 3, 0, 0, 1, 0, 2, 0, 0, 0, 0, 0, 1, 0, 1, 0, 1, 1, 0, 2, 0, 0, 0, 0, 0, 0, 0, 2, 0, 0, 1, 0, 0, 1, 0, 0, 3, 0, 0, 1, 2, 2, 0, 0, 0, 3, 0, 1, 0, 0, 1, 0, 3, 1, 0, 0, 0, 0],910.6016522559228,48453.76930145325,107095.52069553157,false
51,G3_TWC,G3_TWC,[31, 22, 42, 15, 26, 58, 95, 82, 77, 12, 47, 5, 93, 78, 98, 54, 85, 63, 18, 44, 20, 35, 43, 97, 91, 76, 10, 30, 21, 45, 71, 64, 1, 23, 17, 83, 24, 61, 60, 36, 6, 57, 94, 88, 65, 56, 79, 40, 67, 68, 46, 75, 38, 9, 19, 32, 81, 41, 27, 62, 87, 90, 99, 59, 11, 16, 72, 73, 70, 39, 37, 84, 3, 92, 25, 74, 28, 29, 51, 7, 53, 14, 86, 48, 89, 50, 66, 96, 33, 80, 4, 8, 55, 49, 0, 52, 69, 2, 13, 34]|[1, 1, 0, 1, 1, 1, 2, 1, 2, 1, 2, 2, 2, 1, 1, 0, 0, 1, 0, 2, 2, 0, 1, 2, 0, 1, 2, 2, 0, 0, 1, 2, 1, 2, 1, 0, 2, 0, 1, 1, 0, 1, 1, 1, 0, 2, 1, 1, 0, 0, 0, 0, 1, 1, 2, 1, 2, 0, 0, 0, 2, 1, 0, 1, 2, 1, 2, 1, 1, 1, 1, 1, 2, 0, 1, 2, 0, 0, 0, 1, 0, 1, 0, 0, 1, 0, 0, 0, 2, 0, 0, 1, 1, 0, 0, 1, 1, 0, 0, 2]|[4, 3, 2, 2, 0, 0, 2, 2, 2, 4, 1, 1, 2, 4, 4, 1, 1, 4, 2, 1, 1, 1, 1, 2, 1, 2, 1, 1, 1, 1, 3, 2, 3, 0, 4, 0, 1, 1, 0, 3, 2, 2, 4, 0, 1, 1, 3, 2, 0, 1, 2, 2, 1, 4, 0, 3, 2, 1, 1, 2, 1, 3, 1, 1, 1, 3, 0, 4, 3, 1, 4, 1, 1, 2, 4, 1, 2, 1, 1, 3, 2, 3, 1, 1, 1, 1, 1, 1, 1, 1, 2, 3, 4, 1, 2, 1, 3, 2, 2, 1]|[0, 2, 1, 1, 3, 3, 0, 1, 0, 0, 0, 0, 1, 0, 1, 0, 0, 3, 1, 0, 0, 0, 3, 1, 0, 2, 0, 0, 0, 1, 0, 0, 0, 0, 3, 0, 1, 0, 0, 2, 1, 1, 2, 0, 0, 0, 0, 1, 1, 0, 0, 0, 1, 3, 0, 0, 1, 0, 0, 1, 0, 2, 0, 1, 0, 2, 1, 0, 0, 1, 1, 3, 0, 1, 3, 0, 1, 0, 0, 2, 1, 0, 0, 0, 1, 0, 0, 0, 0, 0, 1, 2, 3, 1, 0, 1, 0, 0, 0, 0],802.5281847645216,57652.86795409501,87938.17744329936,false
51,G1_CMAX,G3_TWC,[31, 22, 42, 15, 26, 58, 95, 82, 77, 12, 47, 5, 93, 78, 98, 54, 85, 63, 18, 44, 20, 35, 43, 97, 91, 76, 10, 30, 21, 45, 75, 64, 1, 23, 17, 83, 24, 61, 60, 36, 6, 57, 94, 88, 65, 56, 79, 40, 67, 68, 46, 71, 38, 9, 19, 32, 81, 41, 27, 62, 87, 90, 99, 59, 11, 16, 72, 73, 70, 39, 37, 84, 3, 92, 25, 74, 28, 29, 51, 7, 53, 14, 48, 86, 89, 50, 66, 96, 33, 80, 4, 8, 34, 49, 0, 52, 13, 2, 69, 55]|[1, 1, 0, 1, 1, 1, 2, 1, 2, 1, 2, 2, 2, 1, 1, 0, 0, 1, 0, 2, 2, 0, 1, 2, 0, 1, 2, 2, 0, 0, 0, 2, 1, 2, 1, 0, 2, 0, 1, 1, 0, 1, 1, 1, 0, 2, 1, 1, 0, 0, 0, 1, 1, 1, 2, 1, 2, 0, 0, 0, 2, 1, 0, 1, 2, 1, 2, 1, 1, 1, 1, 1, 2, 0, 1, 2, 0, 0, 0, 1, 0, 1, 0, 0, 1, 0, 0, 0, 2, 0, 0, 1, 2, 0, 0, 1, 0, 0, 1, 1]|[4, 3, 2, 2, 0, 0, 2, 2, 2, 4, 1, 1, 2, 4, 4, 1, 1, 4, 2, 1, 1, 1, 1, 2, 1, 2, 1, 1, 1, 1, 2, 2, 3, 0, 4, 0, 1, 1, 0, 3, 2, 2, 4, 0, 1, 1, 0, 2, 0, 1, 2, 3, 1, 4, 0, 3, 2, 1, 1, 2, 1, 3, 1, 1, 1, 3, 0, 4, 3, 1, 4, 1, 1, 2, 4, 1, 2, 1, 1, 3, 2, 3, 1, 1, 1, 1, 1, 1, 1, 1, 2, 3, 1, 1, 2, 1, 2, 2, 3, 4]|[0, 2, 1, 1, 3, 3, 0, 1, 0, 0, 0, 0, 1, 0, 1, 0, 0, 3, 1, 0, 0, 0, 3, 1, 0, 2, 0, 0, 0, 1, 0, 0, 0, 0, 3, 0, 1, 0, 0, 2, 1, 1, 2, 0, 0, 0, 0, 1, 1, 0, 0, 0, 1, 3, 0, 0, 1, 0, 0, 1, 0, 2, 0, 1, 0, 2, 1, 0, 0, 1, 1, 3, 0, 1, 3, 0, 1, 0, 0, 2, 1, 0, 0, 0, 1, 0, 0, 0, 0, 0, 1, 2, 0, 1, 0, 1, 0, 0, 0, 3],803.2072603330798,58258.121323374144,87500.47624634765,true
51,G4_BALANCED,G4_BALANCED,[31, 11, 15, 82, 26, 9, 95, 32, 77, 68, 47, 5, 93, 78, 86, 54, 85, 63, 18, 44, 20, 49, 36, 14, 74, 50, 53, 17, 21, 45, 71, 64, 3, 23, 30, 83, 24, 41, 60, 52, 65, 27, 90, 70, 39, 87, 48, 69, 99, 4, 46, 1, 13, 58, 97, 59, 28, 75, 73, 37, 35, 79, 22, 66, 76, 42, 40, 80, 96, 6, 16, 61, 33, 7, 57, 34, 12, 67, 10, 98, 56, 88, 29, 94, 91, 38, 51, 92, 43, 84, 19, 72, 81, 25, 0, 55, 62, 89, 8, 2]|[2, 1, 1, 2, 1, 2, 1, 1, 1, 1, 1, 0, 2, 2, 1, 2, 0, 0, 0, 2, 2, 1, 0, 2, 0, 2, 2, 1, 0, 1, 1, 1, 0, 0, 1, 0, 2, 1, 2, 2, 0, 0, 1, 1, 0, 2, 0, 2, 1, 0, 0, 2, 0, 0, 2, 0, 1, 0, 0, 0, 2, 1, 0, 2, 2, 0, 2, 2, 0, 1, 2, 1, 1, 2, 0, 1, 1, 1, 1, 2, 2, 1, 1, 2, 1, 0, 1, 0, 1, 0, 1, 1, 1, 1, 0, 0, 1, 1, 1, 2]|[0, 3, 2, 0, 4, 1, 4, 4, 2, 4, 3, 2, 1, 0, 2, 1, 1, 1, 2, 1, 1, 3, 0, 1, 0, 1, 1, 4, 1, 4, 3, 2, 2, 0, 4, 1, 1, 4, 0, 1, 2, 1, 4, 4, 1, 1, 0, 2, 3, 1, 2, 1, 2, 1, 1, 2, 4, 2, 0, 2, 2, 3, 1, 0, 1, 2, 0, 1, 2, 4, 1, 3, 4, 1, 2, 4, 3, 3, 3, 1, 1, 4, 3, 1, 3, 2, 3, 2, 4, 2, 4, 4, 1, 4, 2, 2, 3, 4, 3, 1]|[0, 2, 1, 0, 3, 0, 1, 3, 0, 0, 2, 0, 1, 0, 1, 0, 0, 0, 1, 0, 0, 2, 0, 0, 1, 0, 0, 3, 0, 1, 0, 2, 0, 1, 3, 0, 1, 3, 1, 0, 0, 0, 1, 3, 0, 0, 1, 0, 2, 0, 0, 0, 0, 0, 1, 0, 1, 0, 1, 1, 0, 2, 0, 0, 0, 0, 0, 0, 0, 2, 0, 0, 1, 0, 0, 1, 0, 0, 3, 0, 0, 1, 0, 0, 0, 0, 0, 0, 2, 0, 3, 2, 1, 3, 0, 0, 0, 1, 0, 0],838.0858887121581,52145.01293281826,108083.60693758915,false
51,G2_TEC,G2_TEC,[31, 94, 82, 15, 26, 9, 95, 42, 77, 68, 47, 5, 93, 78, 86, 54, 85, 63, 18, 44, 20, 49, 36, 14, 74, 50, 53, 17, 21, 28, 11, 64, 3, 23, 30, 83, 24, 41, 40, 52, 65, 27, 90, 70, 39, 87, 48, 69, 99, 4, 46, 1, 13, 56, 97, 59, 45, 8, 73, 37, 35, 79, 71, 66, 76, 32, 60, 80, 58, 6, 67, 61, 33, 7, 57, 34, 12, 16, 10, 98, 96, 88, 43, 81, 91, 2, 84, 29, 92, 19, 51, 55, 89, 75, 25, 72, 22, 38, 62, 0]|[2, 1, 2, 1, 1, 2, 1, 1, 1, 1, 1, 0, 2, 2, 1, 2, 0, 0, 0, 2, 2, 1, 0, 2, 0, 2, 2, 1, 0, 1, 1, 1, 0, 0, 1, 0, 2, 1, 2, 2, 0, 0, 1, 1, 0, 2, 0, 2, 1, 0, 0, 2, 0, 2, 2, 0, 1, 1, 0, 0, 2, 1, 1, 2, 2, 0, 2, 2, 2, 1, 2, 1, 1, 2, 0, 1, 1, 2, 1, 2, 0, 1, 1, 1, 1, 0, 0, 1, 0, 1, 1, 0, 1, 0, 1, 1, 2, 0, 1, 0]|[0, 3, 0, 3, 4, 1, 4, 4, 4, 4, 3, 2, 1, 0, 2, 1, 1, 1, 2, 1, 1, 3, 0, 1, 0, 1, 1, 4, 1, 4, 3, 2, 2, 0, 4, 1, 1, 4, 1, 1, 2, 1, 4, 4, 1, 1, 0, 1, 3, 2, 2, 1, 2, 1, 1, 2, 4, 3, 0, 2, 1, 3, 3, 1, 1, 2, 1, 1, 1, 4, 1, 3, 4, 1, 2, 4, 3, 1, 3, 1, 2, 4, 4, 4, 3, 2, 2, 3, 2, 4, 3, 2, 4, 2, 4, 4, 1, 2, 3, 2]|[0, 2, 0, 0, 3, 0, 1, 3, 1, 0, 2, 0, 1, 0, 1, 0, 0, 0, 1, 0, 0, 2, 0, 0, 1, 0, 0, 3, 0, 1, 0, 2, 0, 0, 3, 0, 1, 1, 0, 0, 0, 0, 1, 3, 0, 0, 1, 0, 2, 0, 0, 0, 0, 0, 1, 0, 1, 0, 1, 1, 0, 2, 0, 0, 0, 0, 0, 0, 0, 2, 0, 0, 1, 0, 0, 1, 0, 0, 3, 0, 0, 1, 2, 2, 0, 0, 0, 3, 0, 1, 0, 0, 1, 0, 3, 1, 0, 0, 0, 0],910.6016522559228,48453.76930145325,107095.52069553157,false
51,G3_TWC,G3_TWC,[31, 22, 42, 15, 26, 58, 95, 82, 77, 12, 47, 5, 93, 78, 98, 54, 85, 63, 18, 44, 20, 35, 43, 97, 91, 76, 10, 30, 21, 45, 71, 64, 1, 23, 17, 83, 24, 61, 60, 36, 6, 57, 94, 88, 65, 56, 79, 40, 67, 68, 46, 75, 38, 9, 19, 32, 81, 41, 27, 62, 87, 90, 99, 59, 11, 16, 72, 73, 70, 39, 37, 84, 3, 92, 25, 74, 28, 29, 51, 7, 53, 14, 86, 48, 89, 50, 66, 96, 33, 80, 4, 8, 55, 49, 0, 52, 69, 2, 13, 34]|[1, 1, 0, 1, 1, 1, 2, 1, 2, 1, 2, 2, 2, 1, 1, 0, 0, 1, 0, 2, 2, 0, 1, 2, 0, 1, 2, 2, 0, 0, 1, 2, 1, 2, 1, 0, 2, 0, 1, 1, 0, 1, 1, 1, 0, 2, 1, 1, 0, 0, 0, 0, 1, 1, 2, 1, 2, 0, 0, 0, 2, 1, 0, 1, 2, 1, 2, 1, 1, 1, 1, 1, 2, 0, 1, 2, 0, 0, 0, 1, 0, 1, 0, 0, 1, 0, 0, 0, 2, 0, 0, 1, 1, 0, 0, 1, 1, 0, 0, 2]|[4, 3, 2, 2, 0, 0, 2, 2, 2, 4, 1, 1, 2, 4, 4, 1, 1, 4, 2, 1, 1, 1, 1, 2, 1, 2, 1, 1, 1, 1, 3, 2, 3, 0, 4, 0, 1, 1, 0, 3, 2, 2, 4, 0, 1, 1, 3, 2, 0, 1, 2, 2, 1, 4, 0, 3, 2, 1, 1, 2, 1, 3, 1, 1, 1, 3, 0, 4, 3, 1, 4, 1, 1, 2, 4, 1, 2, 1, 1, 3, 2, 3, 1, 1, 1, 1, 1, 1, 1, 1, 2, 3, 4, 1, 2, 1, 3, 2, 2, 1]|[0, 2, 1, 1, 3, 3, 0, 1, 0, 0, 0, 0, 1, 0, 1, 0, 0, 3, 1, 0, 0, 0, 3, 1, 0, 2, 0, 0, 0, 1, 0, 0, 0, 0, 3, 0, 1, 0, 0, 2, 1, 1, 2, 0, 0, 0, 0, 1, 1, 0, 0, 0, 1, 3, 0, 0, 1, 0, 0, 1, 0, 2, 0, 1, 0, 2, 1, 0, 0, 1, 1, 3, 0, 1, 3, 0, 1, 0, 0, 2, 1, 0, 0, 0, 1, 0, 0, 0, 0, 0, 1, 2, 3, 1, 0, 1, 0, 0, 0, 0],802.5281847645216,57652.86795409501,87938.17744329936,false
51,G1_CMAX,G1_CMAX,[31, 22, 90, 26, 58, 95, 42, 12, 93, 5, 78, 86, 98, 18, 20, 35, 3, 97, 91, 76, 10, 85, 54, 45, 63, 71, 66, 1, 23, 17, 24, 60, 36, 6, 57, 15, 65, 56, 47, 79, 94, 67, 50, 46, 14, 75, 38, 9, 30, 19, 32, 81, 27, 92, 83, 87, 40, 99, 59, 11, 53, 16, 72, 77, 73, 70, 39, 37, 84, 43, 62, 25, 55, 28, 29, 51, 68, 82, 74, 61, 88, 21, 80, 89, 7, 69, 96, 41, 48, 4, 8, 34, 49, 52, 0, 44, 13, 2, 64, 33]|[1, 1, 1, 1, 0, 2, 1, 1, 2, 2, 2, 1, 0, 1, 2, 2, 1, 2, 0, 1, 2, 2, 2, 0, 0, 1, 2, 1, 2, 1, 2, 1, 1, 0, 1, 1, 0, 2, 2, 1, 1, 0, 0, 0, 0, 1, 1, 1, 1, 2, 1, 2, 2, 0, 0, 2, 1, 0, 0, 2, 0, 1, 2, 2, 1, 1, 1, 1, 1, 1, 0, 1, 1, 0, 0, 0, 0, 0, 2, 1, 1, 0, 0, 1, 1, 1, 2, 2, 0, 1, 1, 2, 0, 1, 0, 0, 0, 0, 2, 2]|[0, 4, 3, 0, 1, 1, 2, 4, 1, 1, 2, 4, 1, 4, 1, 1, 1, 2, 2, 2, 2, 1, 1, 1, 2, 3, 2, 3, 0, 4, 1, 0, 3, 2, 2, 2, 1, 1, 1, 0, 2, 0, 1, 2, 1, 3, 1, 4, 2, 0, 3, 2, 1, 2, 1, 1, 4, 1, 1, 1, 2, 3, 0, 2, 4, 3, 1, 4, 1, 1, 1, 4, 4, 2, 1, 1, 1, 2, 1, 3, 0, 1, 1, 1, 1, 3, 1, 1, 1, 4, 3, 1, 1, 1, 2, 2, 2, 2, 1, 1]|[3, 0, 2, 3, 0, 0, 1, 0, 0, 0, 1, 0, 0, 3, 0, 0, 1, 1, 1, 2, 1, 0, 0, 0, 0, 0, 0, 0, 0, 3, 1, 0, 2, 1, 1, 1, 0, 0, 0, 0, 1, 1, 0, 0, 0, 0, 1, 3, 2, 0, 0, 1, 0, 1, 0, 0, 2, 0, 0, 0, 1, 2, 1, 1, 0, 0, 1, 1, 3, 3, 0, 3, 3, 1, 0, 0, 0, 1, 0, 0, 0, 0, 0, 1, 2, 2, 0, 0, 0, 0, 2, 0, 1, 1, 0, 0, 0, 0, 0, 0],705.0470749739228,58445.79123614564,95781.2895945797,false
51,G4_BALANCED,G4_BALANCED,[31, 11, 15, 82, 26, 9, 95, 32, 77, 68, 47, 5, 93, 78, 86, 54, 85, 63, 18, 44, 20, 49, 36, 14, 74, 50, 53, 17, 21, 45, 71, 64, 3, 23, 30, 83, 24, 41, 60, 52, 65, 27, 90, 70, 39, 87, 48, 69, 99, 4, 46, 1, 13, 58, 97, 59, 28, 75, 73, 37, 35, 79, 22, 66, 76, 42, 40, 80, 96, 6, 16, 61, 33, 7, 57, 34, 12, 67, 10, 98, 56, 88, 29, 94, 91, 38, 51, 92, 43, 84, 19, 72, 81, 25, 0, 55, 62, 89, 8, 2]|[2, 1, 1, 2, 1, 2, 1, 1, 1, 1, 1, 0, 2, 2, 1, 2, 0, 0, 0, 2, 2, 1, 0, 2, 0, 2, 2, 1, 0, 1, 1, 1, 0, 0, 1, 0, 2, 1, 2, 2, 0, 0, 1, 1, 0, 2, 0, 2, 1, 0, 0, 2, 0, 0, 2, 0, 1, 0, 0, 0, 2, 1, 0, 2, 2, 0, 2, 2, 0, 1, 2, 1, 1, 2, 0, 1, 1, 1, 1, 2, 2, 1, 1, 2, 1, 0, 1, 0, 1, 0, 1, 1, 1, 1, 0, 0, 1, 1, 1, 2]|[0, 3, 2, 0, 4, 1, 4, 4, 2, 4, 3, 2, 1, 0, 2, 1, 1, 1, 2, 1, 1, 3, 0, 1, 0, 1, 1, 4, 1, 4, 3, 2, 2, 0, 4, 1, 1, 4, 0, 1, 2, 1, 4, 4, 1, 1, 0, 2, 3, 1, 2, 1, 2, 1, 1, 2, 4, 2, 0, 2, 2, 3, 1, 0, 1, 2, 0, 1, 2, 4, 1, 3, 4, 1, 2, 4, 3, 3, 3, 1, 1, 4, 3, 1, 3, 2, 3, 2, 4, 2, 4, 4, 1, 4, 2, 2, 3, 4, 3, 1]|[0, 2, 1, 0, 3, 0, 1, 3, 0, 0, 2, 0, 1, 0, 1, 0, 0, 0, 1, 0, 0, 2, 0, 0, 1, 0, 0, 3, 0, 1, 0, 2, 0, 1, 3, 0, 1, 3, 1, 0, 0, 0, 1, 3, 0, 0, 1, 0, 2, 0, 0, 0, 0, 0, 1, 0, 1, 0, 1, 1, 0, 2, 0, 0, 0, 0, 0, 0, 0, 2, 0, 0, 1, 0, 0, 1, 0, 0, 3, 0, 0, 1, 0, 0, 0, 0, 0, 0, 2, 0, 3, 2, 1, 3, 0, 0, 0, 1, 0, 0],838.0858887121581,52145.01293281826,108083.60693758915,false
51,G2_TEC,G2_TEC,[31, 94, 82, 15, 26, 9, 95, 42, 77, 68, 47, 5, 93, 78, 86, 54, 85, 63, 18, 44, 20, 49, 36, 14, 74, 50, 53, 17, 21, 28, 11, 64, 3, 23, 30, 83, 24, 41, 40, 52, 65, 27, 90, 70, 39, 87, 48, 69, 99, 4, 46, 1, 13, 56, 97, 59, 45, 8, 73, 37, 35, 79, 71, 66, 76, 32, 60, 80, 58, 6, 67, 61, 33, 7, 57, 34, 12, 16, 10, 98, 96, 88, 43, 81, 91, 2, 84, 29, 92, 19, 51, 55, 89, 75, 25, 72, 22, 38, 62, 0]|[2, 1, 2, 1, 1, 2, 1, 1, 1, 1, 1, 0, 2, 2, 1, 2, 0, 0, 0, 2, 2, 1, 0, 2, 0, 2, 2, 1, 0, 1, 1, 1, 0, 0, 1, 0, 2, 1, 2, 2, 0, 0, 1, 1, 0, 2, 0, 2, 1, 0, 0, 2, 0, 2, 2, 0, 1, 1, 0, 0, 2, 1, 1, 2, 2, 0, 2, 2, 2, 1, 2, 1, 1, 2, 0, 1, 1, 2, 1, 2, 0, 1, 1, 1, 1, 0, 0, 1, 0, 1, 1, 0, 1, 0, 1, 1, 2, 0, 1, 0]|[0, 3, 0, 3, 4, 1, 4, 4, 4, 4, 3, 2, 1, 0, 2, 1, 1, 1, 2, 1, 1, 3, 0, 1, 0, 1, 1, 4, 1, 4, 3, 2, 2, 0, 4, 1, 1, 4, 1, 1, 2, 1, 4, 4, 1, 1, 0, 1, 3, 2, 2, 1, 2, 1, 1, 2, 4, 3, 0, 2, 1, 3, 3, 1, 1, 2, 1, 1, 1, 4, 1, 3, 4, 1, 2, 4, 3, 1, 3, 1, 2, 4, 4, 4, 3, 2, 2, 3, 2, 4, 3, 2, 4, 2, 4, 4, 1, 2, 3, 2]|[0, 2, 0, 0, 3, 0, 1, 3, 1, 0, 2, 0, 1, 0, 1, 0, 0, 0, 1, 0, 0, 2, 0, 0, 1, 0, 0, 3, 0, 1, 0, 2, 0, 0, 3, 0, 1, 1, 0, 0, 0, 0, 1, 3, 0, 0, 1, 0, 2, 0, 0, 0, 0, 0, 1, 0, 1, 0, 1, 1, 0, 2, 0, 0, 0, 0, 0, 0, 0, 2, 0, 0, 1, 0, 0, 1, 0, 0, 3, 0, 0, 1, 2, 2, 0, 0, 0, 3, 0, 1, 0, 0, 1, 0, 3, 1, 0, 0, 0, 0],910.6016522559228,48453.76930145325,107095.52069553157,false
51,G3_TWC,G3_TWC,[31, 22, 42, 15, 26, 58, 95, 82, 77, 12, 47, 5, 93, 78, 98, 54, 85, 63, 18, 44, 20, 35, 43, 97, 91, 76, 10, 30, 21, 45, 71, 64, 1, 23, 17, 83, 24, 61, 60, 36, 6, 57, 94, 88, 65, 56, 79, 40, 67, 68, 46, 75, 38, 9, 19, 32, 81, 41, 27, 62, 87, 90, 99, 59, 11, 16, 72, 73, 70, 39, 37, 84, 3, 92, 25, 74, 28, 29, 51, 7, 53, 14, 86, 48, 89, 50, 66, 96, 33, 80, 4, 8, 55, 49, 0, 52, 69, 2, 13, 34]|[1, 1, 0, 1, 1, 1, 2, 1, 2, 1, 2, 2, 2, 1, 1, 0, 0, 1, 0, 2, 2, 0, 1, 2, 0, 1, 2, 2, 0, 0, 1, 2, 1, 2, 1, 0, 2, 0, 1, 1, 0, 1, 1, 1, 0, 2, 1, 1, 0, 0, 0, 0, 1, 1, 2, 1, 2, 0, 0, 0, 2, 1, 0, 1, 2, 1, 2, 1, 1, 1, 1, 1, 2, 0, 1, 2, 0, 0, 0, 1, 0, 1, 0, 0, 1, 0, 0, 0, 2, 0, 0, 1, 1, 0, 0, 1, 1, 0, 0, 2]|[4, 3, 2, 2, 0, 0, 2, 2, 2, 4, 1, 1, 2, 4, 4, 1, 1, 4, 2, 1, 1, 1, 1, 2, 1, 2, 1, 1, 1, 1, 3, 2, 3, 0, 4, 0, 1, 1, 0, 3, 2, 2, 4, 0, 1, 1, 3, 2, 0, 1, 2, 2, 1, 4, 0, 3, 2, 1, 1, 2, 1, 3, 1, 1, 1, 3, 0, 4, 3, 1, 4, 1, 1, 2, 4, 1, 2, 1, 1, 3, 2, 3, 1, 1, 1, 1, 1, 1, 1, 1, 2, 3, 4, 1, 2, 1, 3, 2, 2, 1]|[0, 2, 1, 1, 3, 3, 0, 1, 0, 0, 0, 0, 1, 0, 1, 0, 0, 3, 1, 0, 0, 0, 3, 1, 0, 2, 0, 0, 0, 1, 0, 0, 0, 0, 3, 0, 1, 0, 0, 2, 1, 1, 2, 0, 0, 0, 0, 1, 1, 0, 0, 0, 1, 3, 0, 0, 1, 0, 0, 1, 0, 2, 0, 1, 0, 2, 1, 0, 0, 1, 1, 3, 0, 1, 3, 0, 1, 0, 0, 2, 1, 0, 0, 0, 1, 0, 0, 0, 0, 0, 1, 2, 3, 1, 0, 1, 0, 0, 0, 0],802.5281847645216,57652.86795409501,87938.17744329936,false
51,G1_CMAX,G1_CMAX,[31, 22, 90, 26, 58, 95, 42, 12, 93, 5, 78, 86, 98, 18, 20, 35, 3, 97, 91, 76, 10, 85, 54, 45, 63, 71, 66, 1, 23, 17, 24, 60, 36, 6, 57, 15, 65, 56, 47, 79, 94, 67, 50, 46, 14, 75, 38, 9, 30, 19, 32, 81, 27, 92, 83, 87, 40, 99, 59, 11, 53, 16, 72, 77, 73, 70, 39, 37, 84, 43, 62, 25, 55, 28, 29, 51, 68, 82, 74, 61, 88, 21, 80, 89, 7, 69, 96, 41, 48, 4, 8, 34, 49, 52, 0, 44, 13, 2, 64, 33]|[1, 1, 1, 1, 0, 2, 1, 1, 2, 2, 2, 1, 0, 1, 2, 2, 1, 2, 0, 1, 2, 2, 2, 0, 0, 1, 2, 1, 2, 1, 2, 1, 1, 0, 1, 1, 0, 2, 2, 1, 1, 0, 0, 0, 0, 1, 1, 1, 1, 2, 1, 2, 2, 0, 0, 2, 1, 0, 0, 2, 0, 1, 2, 2, 1, 1, 1, 1, 1, 1, 0, 1, 1, 0, 0, 0, 0, 0, 2, 1, 1, 0, 0, 1, 1, 1, 2, 2, 0, 1, 1, 2, 0, 1, 0, 0, 0, 0, 2, 2]|[0, 4, 3, 0, 1, 1, 2, 4, 1, 1, 2, 4, 1, 4, 1, 1, 1, 2, 2, 2, 2, 1, 1, 1, 2, 3, 2, 3, 0, 4, 1, 0, 3, 2, 2, 2, 1, 1, 1, 0, 2, 0, 1, 2, 1, 3, 1, 4, 2, 0, 3, 2, 1, 2, 1, 1, 4, 1, 1, 1, 2, 3, 0, 2, 4, 3, 1, 4, 1, 1, 1, 4, 4, 2, 1, 1, 1, 2, 1, 3, 0, 1, 1, 1, 1, 3, 1, 1, 1, 4, 3, 1, 1, 1, 2, 2, 2, 2, 1, 1]|[3, 0, 2, 3, 0, 0, 1, 0, 0, 0, 1, 0, 0, 3, 0, 0, 1, 1, 1, 2, 1, 0, 0, 0, 0, 0, 0, 0, 0, 3, 1, 0, 2, 1, 1, 1, 0, 0, 0, 0, 1, 1, 0, 0, 0, 0, 1, 3, 2, 0, 0, 1, 0, 1, 0, 0, 2, 0, 0, 0, 1, 2, 1, 1, 0, 0, 1, 1, 3, 3, 0, 3, 3, 1, 0, 0, 0, 1, 0, 0, 0, 0, 0, 1, 2, 2, 0, 0, 0, 0, 2, 0, 1, 1, 0, 0, 0, 0, 0, 0],705.0470749739228,58445.79123614564,95781.2895945797,false
51,G4_BALANCED,G4_BALANCED,[31, 22, 42, 15, 26, 58, 95, 82, 77, 12, 47, 5, 93, 78, 98, 54, 85, 63, 18, 44, 20, 35, 43, 97, 91, 76, 10, 30, 21, 45, 75, 64, 1, 23, 17, 83, 24, 61, 60, 36, 6, 57, 94, 88, 65, 56, 79, 40, 67, 68, 46, 71, 38, 9, 19, 32, 81, 41, 27, 62, 87, 90, 99, 59, 11, 16, 72, 73, 70, 39, 37, 84, 3, 92, 25, 74, 28, 29, 51, 7, 53, 14, 48, 86, 89, 50, 66, 96, 33, 80, 4, 2, 55, 49, 0, 52, 13, 8, 69, 34]|[1, 1, 0, 1, 1, 1, 2, 1, 2, 1, 2, 2, 2, 1, 1, 0, 0, 1, 0, 2, 2, 0, 1, 2, 0, 1, 2, 2, 0, 0, 0, 2, 1, 2, 1, 0, 2, 0, 1, 1, 0, 1, 1, 1, 0, 2, 1, 1, 0, 0, 0, 1, 1, 1, 2, 1, 2, 0, 0, 0, 2, 1, 0, 1, 2, 1, 2, 1, 1, 1, 1, 1, 2, 0, 1, 2, 0, 0, 0, 1, 0, 1, 0, 0, 1, 0, 0, 0, 2, 0, 0, 0, 1, 0, 0, 1, 0, 1, 1, 2]|[4, 3, 2, 2, 0, 0, 2, 2, 2, 4, 1, 1, 2, 4, 4, 1, 1, 4, 2, 1, 1, 1, 1, 2, 1, 2, 1, 1, 1, 1, 2, 2, 3, 0, 4, 0, 1, 1, 0, 3, 2, 2, 4, 0, 1, 1, 3, 2, 0, 1, 2, 3, 1, 4, 0, 3, 2, 1, 1, 2, 1, 3, 1, 1, 1, 3, 0, 4, 3, 1, 4, 1, 1, 2, 4, 1, 2, 1, 1, 3, 2, 3, 1, 1, 1, 1, 1, 1, 1, 1, 2, 2, 4, 1, 2, 1, 2, 3, 3, 1]|[0, 2, 1, 1, 3, 3, 0, 1, 0, 0, 0, 0, 1, 0, 1, 0, 0, 3, 1, 0, 0, 0, 3, 1, 0, 2, 0, 0, 0, 1, 0, 0, 0, 0, 3, 0, 1, 0, 0, 2, 1, 1, 2, 0, 0, 0, 0, 1, 1, 0, 0, 0, 1, 3, 0, 0, 1, 0, 0, 1, 0, 2, 0, 1, 0, 2, 1, 0, 0, 1, 1, 3, 0, 1, 3, 0, 1, 0, 0, 2, 1, 0, 0, 0, 1, 0, 0, 0, 0, 0, 1, 0, 3, 1, 0, 1, 0, 2, 0, 0],803.15277730744,57979.93149762042,87920.5132081389,false
51,G2_TEC,G2_TEC,[31, 94, 82, 15, 26, 9, 95, 42, 77, 68, 47, 5, 93, 78, 86, 54, 85, 63, 18, 44, 20, 49, 36, 14, 74, 50, 53, 17, 21, 28, 11, 64, 3, 23, 30, 83, 24, 41, 40, 52, 65, 27, 90, 70, 39, 87, 48, 69, 99, 4, 46, 1, 13, 56, 97, 59, 45, 8, 73, 37, 35, 79, 71, 66, 76, 32, 60, 80, 58, 6, 67, 61, 33, 7, 57, 34, 12, 16, 10, 98, 96, 88, 43, 81, 91, 2, 84, 29, 92, 19, 51, 55, 89, 75, 25, 72, 22, 38, 62, 0]|[2, 1, 2, 1, 1, 2, 1, 1, 1, 1, 1, 0, 2, 2, 1, 2, 0, 0, 0, 2, 2, 1, 0, 2, 0, 2, 2, 1, 0, 1, 1, 1, 0, 0, 1, 0, 2, 1, 2, 2, 0, 0, 1, 1, 0, 2, 0, 2, 1, 0, 0, 2, 0, 2, 2, 0, 1, 1, 0, 0, 2, 1, 1, 2, 2, 0, 2, 2, 2, 1, 2, 1, 1, 2, 0, 1, 1, 2, 1, 2, 0, 1, 1, 1, 1, 0, 0, 1, 0, 1, 1, 0, 1, 0, 1, 1, 2, 0, 1, 0]|[0, 3, 0, 3, 4, 1, 4, 4, 4, 4, 3, 2, 1, 0, 2, 1, 1, 1, 2, 1, 1, 3, 0, 1, 0, 1, 1, 4, 1, 4, 3, 2, 2, 0, 4, 1, 1, 4, 1, 1, 2, 1, 4, 4, 1, 1, 0, 1, 3, 2, 2, 1, 2, 1, 1, 2, 4, 3, 0, 2, 1, 3, 3, 1, 1, 2, 1, 1, 1, 4, 1, 3, 4, 1, 2, 4, 3, 1, 3, 1, 2, 4, 4, 4, 3, 2, 2, 3, 2, 4, 3, 2, 4, 2, 4, 4, 1, 2, 3, 2]|[0, 2, 0, 0, 3, 0, 1, 3, 1, 0, 2, 0, 1, 0, 1, 0, 0, 0, 1, 0, 0, 2, 0, 0, 1, 0, 0, 3, 0, 1, 0, 2, 0, 0, 3, 0, 1, 1, 0, 0, 0, 0, 1, 3, 0, 0, 1, 0, 2, 0, 0, 0, 0, 0, 1, 0, 1, 0, 1, 1, 0, 2, 0, 0, 0, 0, 0, 0, 0, 2, 0, 0, 1, 0, 0, 1, 0, 0, 3, 0, 0, 1, 2, 2, 0, 0, 0, 3, 0, 1, 0, 0, 1, 0, 3, 1, 0, 0, 0, 0],910.6016522559228,48453.76930145325,107095.52069553157,false
51,G3_TWC,G3_TWC,[31, 22, 42, 15, 26, 58, 95, 82, 77, 12, 47, 5, 93, 78, 98, 54, 85, 63, 18, 44, 20, 35, 43, 97, 91, 76, 10, 30, 21, 45, 71, 64, 1, 23, 17, 83, 24, 61, 60, 36, 6, 57, 94, 88, 65, 56, 79, 40, 67, 68, 46, 75, 38, 9, 19, 32, 81, 41, 27, 62, 87, 90, 99, 59, 11, 16, 72, 73, 70, 39, 37, 84, 3, 92, 25, 74, 28, 29, 51, 7, 53, 14, 86, 48, 89, 50, 66, 96, 33, 80, 4, 8, 55, 49, 0, 52, 69, 2, 13, 34]|[1, 1, 0, 1, 1, 1, 2, 1, 2, 1, 2, 2, 2, 1, 1, 0, 0, 1, 0, 2, 2, 0, 1, 2, 0, 1, 2, 2, 0, 0, 1, 2, 1, 2, 1, 0, 2, 0, 1, 1, 0, 1, 1, 1, 0, 2, 1, 1, 0, 0, 0, 0, 1, 1, 2, 1, 2, 0, 0, 0, 2, 1, 0, 1, 2, 1, 2, 1, 1, 1, 1, 1, 2, 0, 1, 2, 0, 0, 0, 1, 0, 1, 0, 0, 1, 0, 0, 0, 2, 0, 0, 1, 1, 0, 0, 1, 1, 0, 0, 2]|[4, 3, 2, 2, 0, 0, 2, 2, 2, 4, 1, 1, 2, 4, 4, 1, 1, 4, 2, 1, 1, 1, 1, 2, 1, 2, 1, 1, 1, 1, 3, 2, 3, 0, 4, 0, 1, 1, 0, 3, 2, 2, 4, 0, 1, 1, 3, 2, 0, 1, 2, 2, 1, 4, 0, 3, 2, 1, 1, 2, 1, 3, 1, 1, 1, 3, 0, 4, 3, 1, 4, 1, 1, 2, 4, 1, 2, 1, 1, 3, 2, 3, 1, 1, 1, 1, 1, 1, 1, 1, 2, 3, 4, 1, 2, 1, 3, 2, 2, 1]|[0, 2, 1, 1, 3, 3, 0, 1, 0, 0, 0, 0, 1, 0, 1, 0, 0, 3, 1, 0, 0, 0, 3, 1, 0, 2, 0, 0, 0, 1, 0, 0, 0, 0, 3, 0, 1, 0, 0, 2, 1, 1, 2, 0, 0, 0, 0, 1, 1, 0, 0, 0, 1, 3, 0, 0, 1, 0, 0, 1, 0, 2, 0, 1, 0, 2, 1, 0, 0, 1, 1, 3, 0, 1, 3, 0, 1, 0, 0, 2, 1, 0, 0, 0, 1, 0, 0, 0, 0, 0, 1, 2, 3, 1, 0, 1, 0, 0, 0, 0],802.5281847645216,57652.86795409501,87938.17744329936,false
51,G1_CMAX,G1_CMAX,[31, 22, 90, 26, 58, 95, 42, 12, 93, 5, 78, 86, 98, 18, 20, 35, 3, 97, 91, 76, 10, 85, 54, 45, 63, 71, 66, 1, 23, 17, 24, 60, 36, 6, 57, 15, 65, 56, 47, 79, 94, 67, 50, 46, 14, 75, 38, 9, 30, 19, 32, 81, 27, 92, 83, 87, 40, 99, 59, 11, 53, 16, 72, 77, 73, 70, 39, 37, 84, 43, 62, 25, 55, 28, 29, 51, 68, 82, 74, 61, 88, 21, 80, 89, 7, 69, 96, 41, 48, 4, 8, 34, 49, 52, 0, 44, 13, 2, 64, 33]|[1, 1, 1, 1, 0, 2, 1, 1, 2, 2, 2, 1, 0, 1, 2, 2, 1, 2, 0, 1, 2, 2, 2, 0, 0, 1, 2, 1, 2, 1, 2, 1, 1, 0, 1, 1, 0, 2, 2, 1, 1, 0, 0, 0, 0, 1, 1, 1, 1, 2, 1, 2, 2, 0, 0, 2, 1, 0, 0, 2, 0, 1, 2, 2, 1, 1, 1, 1, 1, 1, 0, 1, 1, 0, 0, 0, 0, 0, 2, 1, 1, 0, 0, 1, 1, 1, 2, 2, 0, 1, 1, 2, 0, 1, 0, 0, 0, 0, 2, 2]|[0, 4, 3, 0, 1, 1, 2, 4, 1, 1, 2, 4, 1, 4, 1, 1, 1, 2, 2, 2, 2, 1, 1, 1, 2, 3, 2, 3, 0, 4, 1, 0, 3, 2, 2, 2, 1, 1, 1, 0, 2, 0, 1, 2, 1, 3, 1, 4, 2, 0, 3, 2, 1, 2, 1, 1, 4, 1, 1, 1, 2, 3, 0, 2, 4, 3, 1, 4, 1, 1, 1, 4, 4, 2, 1, 1, 1, 2, 1, 3, 0, 1, 1, 1, 1, 3, 1, 1, 1, 4, 3, 1, 1, 1, 2, 2, 2, 2, 1, 1]|[3, 0, 2, 3, 0, 0, 1, 0, 0, 0, 1, 0, 0, 3, 0, 0, 1, 1, 1, 2, 1, 0, 0, 0, 0, 0, 0, 0, 0, 3, 1, 0, 2, 1, 1, 1, 0, 0, 0, 0, 1, 1, 0, 0, 0, 0, 1, 3, 2, 0, 0, 1, 0, 1, 0, 0, 2, 0, 0, 0, 1, 2, 1, 1, 0, 0, 1, 1, 3, 3, 0, 3, 3, 1, 0, 0, 0, 1, 0, 0, 0, 0, 0, 1, 2, 2, 0, 0, 0, 0, 2, 0, 1, 1, 0, 0, 0, 0, 0, 0],705.0470749739228,58445.79123614564,95781.2895945797,false
51,G4_BALANCED,G4_BALANCED,[31, 11, 15, 82, 26, 9, 95, 32, 77, 68, 47, 5, 93, 78, 86, 54, 85, 63, 18, 44, 20, 49, 36, 14, 74, 50, 53, 17, 21, 45, 71, 64, 3, 23, 30, 83, 24, 41, 60, 52, 51, 27, 90, 70, 39, 87, 48, 69, 99, 4, 46, 1, 13, 58, 97, 59, 28, 8, 73, 37, 35, 79, 22, 66, 76, 42, 40, 80, 96, 6, 16, 61, 33, 7, 57, 34, 12, 67, 10, 98, 56, 88, 29, 25, 91, 38, 19, 92, 43, 84, 65, 72, 81, 75, 2, 55, 62, 89, 94, 0]|[2, 1, 1, 2, 1, 2, 1, 1, 1, 1, 1, 0, 2, 2, 1, 2, 0, 0, 0, 2, 2, 1, 0, 2, 0, 2, 2, 1, 0, 1, 1, 1, 0, 0, 1, 0, 2, 1, 2, 2, 0, 0, 1, 1, 0, 2, 0, 2, 1, 0, 0, 2, 0, 0, 2, 0, 1, 1, 0, 0, 2, 1, 1, 2, 2, 0, 2, 2, 0, 1, 2, 1, 1, 2, 0, 1, 2, 1, 1, 2, 2, 1, 1, 1, 1, 0, 1, 0, 1, 0, 1, 1, 1, 0, 2, 0, 1, 1, 2, 0]|[1, 3, 2, 0, 4, 1, 4, 4, 2, 4, 3, 2, 1, 0, 2, 1, 1, 1, 2, 1, 1, 3, 0, 1, 0, 1, 1, 4, 1, 4, 3, 2, 2, 0, 4, 1, 1, 4, 0, 1, 2, 1, 4, 4, 1, 1, 0, 2, 3, 1, 2, 1, 2, 1, 1, 2, 4, 3, 0, 2, 2, 3, 3, 0, 1, 2, 0, 1, 2, 4, 1, 3, 4, 1, 2, 4, 1, 3, 3, 1, 1, 4, 3, 4, 3, 2, 4, 2, 4, 2, 3, 4, 1, 2, 1, 2, 3, 4, 1, 2]|[1, 2, 1, 0, 3, 0, 1, 3, 0, 0, 2, 0, 1, 0, 1, 0, 0, 0, 1, 0, 0, 2, 0, 0, 1, 0, 0, 3, 0, 1, 0, 2, 0, 1, 3, 0, 1, 3, 1, 0, 0, 0, 1, 3, 0, 0, 1, 0, 2, 0, 0, 0, 0, 0, 1, 0, 1, 0, 1, 1, 0, 2, 2, 0, 0, 0, 1, 0, 0, 2, 0, 0, 1, 0, 0, 1, 0, 0, 3, 0, 0, 1, 0, 3, 0, 0, 1, 0, 2, 0, 0, 2, 1, 0, 0, 0, 0, 1, 0, 0],850.9632869082183,52431.02217786142,105346.60403335126,false
51,G2_TEC,G2_TEC,[31, 94, 82, 15, 26, 9, 95, 42, 77, 68, 47, 5, 93, 78, 86, 54, 85, 63, 18, 44, 20, 49, 36, 14, 74, 50, 53, 17, 21, 28, 11, 64, 3, 23, 30, 83, 24, 41, 40, 52, 65, 27, 90, 70, 39, 87, 48, 69, 99, 4, 46, 1, 13, 56, 97, 59, 45, 8, 73, 37, 35, 79, 71, 66, 76, 32, 60, 80, 58, 6, 67, 61, 33, 7, 57, 34, 12, 16, 10, 98, 96, 88, 43, 81, 91, 2, 84, 29, 92, 19, 51, 55, 89, 75, 25, 72, 22, 38, 62, 0]|[2, 1, 2, 1, 1, 2, 1, 1, 1, 1, 1, 0, 2, 2, 1, 2, 0, 0, 0, 2, 2, 1, 0, 2, 0, 2, 2, 1, 0, 1, 1, 1, 0, 0, 1, 0, 2, 1, 2, 2, 0, 0, 1, 1, 0, 2, 0, 2, 1, 0, 0, 2, 0, 2, 2, 0, 1, 1, 0, 0, 2, 1, 1, 2, 2, 0, 2, 2, 2, 1, 2, 1, 1, 2, 0, 1, 1, 2, 1, 2, 0, 1, 1, 1, 1, 0, 0, 1, 0, 1, 1, 0, 1, 0, 1, 1, 2, 0, 1, 0]|[0, 3, 0, 3, 4, 1, 4, 4, 4, 4, 3, 2, 1, 0, 2, 1, 1, 1, 2, 1, 1, 3, 0, 1, 0, 1, 1, 4, 1, 4, 3, 2, 2, 0, 4, 1, 1, 4, 1, 1, 2, 1, 4, 4, 1, 1, 0, 1, 3, 2, 2, 1, 2, 1, 1, 2, 4, 3, 0, 2, 1, 3, 3, 1, 1, 2, 1, 1, 1, 4, 1, 3, 4, 1, 2, 4, 3, 1, 3, 1, 2, 4, 4, 4, 3, 2, 2, 3, 2, 4, 3, 2, 4, 2, 4, 4, 1, 2, 3, 2]|[0, 2, 0, 0, 3, 0, 1, 3, 1, 0, 2, 0, 1, 0, 1, 0, 0, 0, 1, 0, 0, 2, 0, 0, 1, 0, 0, 3, 0, 1, 0, 2, 0, 0, 3, 0, 1, 1, 0, 0, 0, 0, 1, 3, 0, 0, 1, 0, 2, 0, 0, 0, 0, 0, 1, 0, 1, 0, 1, 1, 0, 2, 0, 0, 0, 0, 0, 0, 0, 2, 0, 0, 1, 0, 0, 1, 0, 0, 3, 0, 0, 1, 2, 2, 0, 0, 0, 3, 0, 1, 0, 0, 1, 0, 3, 1, 0, 0, 0, 0],910.6016522559228,48453.76930145325,107095.52069553157,false
51,G3_TWC,G3_TWC,[31, 22, 42, 15, 26, 58, 95, 82, 77, 12, 47, 5, 93, 78, 98, 54, 85, 63, 18, 44, 20, 35, 43, 97, 91, 76, 10, 30, 21, 45, 71, 64, 1, 23, 17, 83, 24, 61, 60, 36, 6, 57, 94, 88, 65, 56, 79, 40, 67, 68, 46, 75, 38, 9, 19, 32, 81, 41, 27, 62, 87, 90, 99, 59, 11, 16, 72, 73, 70, 39, 37, 84, 3, 92, 25, 74, 28, 29, 51, 7, 53, 14, 86, 48, 89, 50, 66, 96, 33, 80, 4, 8, 55, 49, 0, 52, 69, 2, 13, 34]|[1, 1, 0, 1, 1, 1, 2, 1, 2, 1, 2, 2, 2, 1, 1, 0, 0, 1, 0, 2, 2, 0, 1, 2, 0, 1, 2, 2, 0, 0, 1, 2, 1, 2, 1, 0, 2, 0, 1, 1, 0, 1, 1, 1, 0, 2, 1, 1, 0, 0, 0, 0, 1, 1, 2, 1, 2, 0, 0, 0, 2, 1, 0, 1, 2, 1, 2, 1, 1, 1, 1, 1, 2, 0, 1, 2, 0, 0, 0, 1, 0, 1, 0, 0, 1, 0, 0, 0, 2, 0, 0, 1, 1, 0, 0, 1, 1, 0, 0, 2]|[4, 3, 2, 2, 0, 0, 2, 2, 2, 4, 1, 1, 2, 4, 4, 1, 1, 4, 2, 1, 1, 1, 1, 2, 1, 2, 1, 1, 1, 1, 3, 2, 3, 0, 4, 0, 1, 1, 0, 3, 2, 2, 4, 0, 1, 1, 3, 2, 0, 1, 2, 2, 1, 4, 0, 3, 2, 1, 1, 2, 1, 3, 1, 1, 1, 3, 0, 4, 3, 1, 4, 1, 1, 2, 4, 1, 2, 1, 1, 3, 2, 3, 1, 1, 1, 1, 1, 1, 1, 1, 2, 3, 4, 1, 2, 1, 3, 2, 2, 1]|[0, 2, 1, 1, 3, 3, 0, 1, 0, 0, 0, 0, 1, 0, 1, 0, 0, 3, 1, 0, 0, 0, 3, 1, 0, 2, 0, 0, 0, 1, 0, 0, 0, 0, 3, 0, 1, 0, 0, 2, 1, 1, 2, 0, 0, 0, 0, 1, 1, 0, 0, 0, 1, 3, 0, 0, 1, 0, 0, 1, 0, 2, 0, 1, 0, 2, 1, 0, 0, 1, 1, 3, 0, 1, 3, 0, 1, 0, 0, 2, 1, 0, 0, 0, 1, 0, 0, 0, 0, 0, 1, 2, 3, 1, 0, 1, 0, 0, 0, 0],802.5281847645216,57652.86795409501,87938.17744329936,false
51,G1_CMAX,G1_CMAX,[31, 22, 90, 26, 58, 95, 42, 12, 93, 5, 78, 86, 98, 18, 20, 35, 3, 97, 91, 76, 10, 85, 54, 45, 63, 71, 66, 1, 23, 17, 24, 60, 36, 6, 57, 15, 65, 56, 47, 79, 94, 67, 50, 46, 14, 75, 38, 9, 30, 19, 32, 81, 27, 92, 83, 87, 40, 99, 59, 11, 53, 16, 72, 77, 73, 70, 39, 37, 84, 43, 62, 25, 55, 28, 29, 51, 68, 82, 74, 61, 88, 21, 80, 89, 7, 69, 96, 41, 48, 4, 8, 34, 49, 52, 0, 44, 13, 2, 64, 33]|[1, 1, 1, 1, 0, 2, 1, 1, 2, 2, 2, 1, 0, 1, 2, 2, 1, 2, 0, 1, 2, 2, 2, 0, 0, 1, 2, 1, 2, 1, 2, 1, 1, 0, 1, 1, 0, 2, 2, 1, 1, 0, 0, 0, 0, 1, 1, 1, 1, 2, 1, 2, 2, 0, 0, 2, 1, 0, 0, 2, 0, 1, 2, 2, 1, 1, 1, 1, 1, 1, 0, 1, 1, 0, 0, 0, 0, 0, 2, 1, 1, 0, 0, 1, 1, 1, 2, 2, 0, 1, 1, 2, 0, 1, 0, 0, 0, 0, 2, 2]|[0, 4, 3, 0, 1, 1, 2, 4, 1, 1, 2, 4, 1, 4, 1, 1, 1, 2, 2, 2, 2, 1, 1, 1, 2, 3, 2, 3, 0, 4, 1, 0, 3, 2, 2, 2, 1, 1, 1, 0, 2, 0, 1, 2, 1, 3, 1, 4, 2, 0, 3, 2, 1, 2, 1, 1, 4, 1, 1, 1, 2, 3, 0, 2, 4, 3, 1, 4, 1, 1, 1, 4, 4, 2, 1, 1, 1, 2, 1, 3, 0, 1, 1, 1, 1, 3, 1, 1, 1, 4, 3, 1, 1, 1, 2, 2, 2, 2, 1, 1]|[3, 0, 2, 3, 0, 0, 1, 0, 0, 0, 1, 0, 0, 3, 0, 0, 1, 1, 1, 2, 1, 0, 0, 0, 0, 0, 0, 0, 0, 3, 1, 0, 2, 1, 1, 1, 0, 0, 0, 0, 1, 1, 0, 0, 0, 0, 1, 3, 2, 0, 0, 1, 0, 1, 0, 0, 2, 0, 0, 0, 1, 2, 1, 1, 0, 0, 1, 1, 3, 3, 0, 3, 3, 1, 0, 0, 0, 1, 0, 0, 0, 0, 0, 1, 2, 2, 0, 0, 0, 0, 2, 0, 1, 1, 0, 0, 0, 0, 0, 0],705.0470749739228,58445.79123614564,95781.2895945797,false
51,G4_BALANCED,G2_TEC,[31, 22, 82, 15, 26, 9, 95, 42, 77, 68, 47, 5, 93, 78, 86, 54, 85, 63, 18, 44, 20, 49, 36, 14, 74, 50, 53, 17, 21, 28, 11, 64, 3, 23, 30, 83, 24, 41, 40, 52, 65, 27, 90, 70, 39, 87, 48, 69, 99, 4, 75, 1, 13, 58, 97, 59, 45, 8, 73, 37, 35, 79, 71, 66, 76, 32, 60, 80, 56, 6, 67, 61, 33, 7, 57, 34, 12, 16, 10, 98, 96, 88, 43, 46, 91, 38, 84, 92, 29, 19, 51, 55, 81, 89, 25, 72, 94, 2, 62, 0]|[2, 1, 2, 1, 1, 2, 1, 1, 1, 1, 1, 0, 2, 2, 1, 2, 0, 0, 0, 2, 2, 1, 0, 2, 0, 2, 2, 1, 0, 1, 1, 1, 0, 0, 1, 0, 2, 1, 2, 2, 0, 0, 1, 1, 0, 2, 0, 2, 1, 0, 0, 2, 0, 0, 2, 0, 1, 1, 0, 0, 2, 1, 1, 2, 2, 0, 2, 2, 2, 1, 2, 1, 1, 2, 0, 0, 1, 2, 1, 1, 0, 1, 1, 0, 1, 0, 1, 0, 1, 1, 1, 0, 1, 1, 1, 1, 2, 2, 1, 0]|[0, 3, 0, 3, 4, 1, 4, 4, 2, 4, 3, 2, 1, 0, 2, 1, 1, 1, 2, 1, 1, 3, 0, 1, 0, 1, 1, 4, 1, 4, 3, 2, 2, 0, 4, 1, 1, 4, 1, 1, 2, 1, 4, 4, 1, 1, 0, 2, 3, 2, 2, 1, 2, 1, 1, 2, 4, 3, 0, 2, 2, 3, 3, 1, 1, 2, 1, 1, 1, 4, 1, 3, 4, 1, 2, 2, 3, 1, 3, 3, 2, 4, 4, 2, 3, 2, 4, 2, 3, 4, 3, 2, 4, 4, 4, 4, 1, 1, 3, 2]|[0, 2, 0, 0, 3, 0, 1, 3, 0, 0, 2, 0, 1, 0, 1, 0, 0, 0, 1, 0, 0, 2, 0, 0, 1, 0, 0, 3, 0, 1, 0, 2, 0, 0, 3, 0, 1, 1, 0, 0, 0, 0, 1, 3, 0, 0, 1, 0, 2, 0, 0, 0, 0, 0, 1, 0, 1, 0, 1, 1, 0, 2, 0, 0, 0, 0, 0, 0, 0, 2, 0, 0, 1, 0, 0, 0, 0, 0, 3, 0, 0, 1, 2, 0, 0, 0, 1, 0, 3, 1, 0, 0, 1, 1, 3, 2, 0, 0, 0, 0],880.2953539608352,49520.301045437984,106992.16605336106,true
51,G2_TEC,G2_TEC,[31, 94, 82, 15, 26, 9, 95, 42, 77, 68, 47, 5, 93, 78, 86, 54, 85, 63, 18, 44, 20, 49, 36, 14, 74, 50, 53, 17, 21, 28, 11, 64, 3, 23, 30, 83, 24, 41, 40, 52, 65, 27, 90, 70, 39, 87, 48, 69, 99, 4, 46, 1, 13, 56, 97, 59, 45, 8, 73, 37, 35, 79, 71, 66, 76, 32, 60, 80, 58, 6, 67, 61, 33, 7, 57, 34, 12, 16, 10, 98, 96, 88, 43, 81, 91, 2, 84, 29, 92, 19, 51, 55, 89, 75, 25, 72, 22, 38, 62, 0]|[2, 1, 2, 1, 1, 2, 1, 1, 1, 1, 1, 0, 2, 2, 1, 2, 0, 0, 0, 2, 2, 1, 0, 2, 0, 2, 2, 1, 0, 1, 1, 1, 0, 0, 1, 0, 2, 1, 2, 2, 0, 0, 1, 1, 0, 2, 0, 2, 1, 0, 0, 2, 0, 2, 2, 0, 1, 1, 0, 0, 2, 1, 1, 2, 2, 0, 2, 2, 2, 1, 2, 1, 1, 2, 0, 1, 1, 2, 1, 2, 0, 1, 1, 1, 1, 0, 0, 1, 0, 1, 1, 0, 1, 0, 1, 1, 2, 0, 1, 0]|[0, 3, 0, 3, 4, 1, 4, 4, 4, 4, 3, 2, 1, 0, 2, 1, 1, 1, 2, 1, 1, 3, 0, 1, 0, 1, 1, 4, 1, 4, 3, 2, 2, 0, 4, 1, 1, 4, 1, 1, 2, 1, 4, 4, 1, 1, 0, 1, 3, 2, 2, 1, 2, 1, 1, 2, 4, 3, 0, 2, 1, 3, 3, 1, 1, 2, 1, 1, 1, 4, 1, 3, 4, 1, 2, 4, 3, 1, 3, 1, 2, 4, 4, 4, 3, 2, 2, 3, 2, 4, 3, 2, 4, 2, 4, 4, 1, 2, 3, 2]|[0, 2, 0, 0, 3, 0, 1, 3, 1, 0, 2, 0, 1, 0, 1, 0, 0, 0, 1, 0, 0, 2, 0, 0, 1, 0, 0, 3, 0, 1, 0, 2, 0, 0, 3, 0, 1, 1, 0, 0, 0, 0, 1, 3, 0, 0, 1, 0, 2, 0, 0, 0, 0, 0, 1, 0, 1, 0, 1, 1, 0, 2, 0, 0, 0, 0, 0, 0, 0, 2, 0, 0, 1, 0, 0, 1, 0, 0, 3, 0, 0, 1, 2, 2, 0, 0, 0, 3, 0, 1, 0, 0, 1, 0, 3, 1, 0, 0, 0, 0],910.6016522559228,48453.76930145325,107095.52069553157,false
51,G3_TWC,G3_TWC,[31, 22, 42, 15, 26, 58, 95, 82, 77, 12, 47, 5, 93, 78, 98, 54, 85, 63, 18, 44, 20, 35, 43, 97, 91, 76, 10, 30, 21, 45, 71, 64, 1, 23, 17, 83, 24, 61, 60, 36, 6, 57, 94, 88, 65, 56, 79, 40, 67, 68, 46, 75, 38, 9, 19, 32, 81, 41, 27, 62, 87, 90, 99, 59, 11, 16, 72, 73, 70, 39, 37, 84, 3, 92, 25, 74, 28, 29, 51, 7, 53, 14, 86, 48, 89, 50, 66, 96, 33, 80, 4, 8, 55, 49, 0, 52, 69, 2, 13, 34]|[1, 1, 0, 1, 1, 1, 2, 1, 2, 1, 2, 2, 2, 1, 1, 0, 0, 1, 0, 2, 2, 0, 1, 2, 0, 1, 2, 2, 0, 0, 1, 2, 1, 2, 1, 0, 2, 0, 1, 1, 0, 1, 1, 1, 0, 2, 1, 1, 0, 0, 0, 0, 1, 1, 2, 1, 2, 0, 0, 0, 2, 1, 0, 1, 2, 1, 2, 1, 1, 1, 1, 1, 2, 0, 1, 2, 0, 0, 0, 1, 0, 1, 0, 0, 1, 0, 0, 0, 2, 0, 0, 1, 1, 0, 0, 1, 1, 0, 0, 2]|[4, 3, 2, 2, 0, 0, 2, 2, 2, 4, 1, 1, 2, 4, 4, 1, 1, 4, 2, 1, 1, 1, 1, 2, 1, 2, 1, 1, 1, 1, 3, 2, 3, 0, 4, 0, 1, 1, 0, 3, 2, 2, 4, 0, 1, 1, 3, 2, 0, 1, 2, 2, 1, 4, 0, 3, 2, 1, 1, 2, 1, 3, 1, 1, 1, 3, 0, 4, 3, 1, 4, 1, 1, 2, 4, 1, 2, 1, 1, 3, 2, 3, 1, 1, 1, 1, 1, 1, 1, 1, 2, 3, 4, 1, 2, 1, 3, 2, 2, 1]|[0, 2, 1, 1, 3, 3, 0, 1, 0, 0, 0, 0, 1, 0, 1, 0, 0, 3, 1, 0, 0, 0, 3, 1, 0, 2, 0, 0, 0, 1, 0, 0, 0, 0, 3, 0, 1, 0, 0, 2, 1, 1, 2, 0, 0, 0, 0, 1, 1, 0, 0, 0, 1, 3, 0, 0, 1, 0, 0, 1, 0, 2, 0, 1, 0, 2, 1, 0, 0, 1, 1, 3, 0, 1, 3, 0, 1, 0, 0, 2, 1, 0, 0, 0, 1, 0, 0, 0, 0, 0, 1, 2, 3, 1, 0, 1, 0, 0, 0, 0],802.5281847645216,57652.86795409501,87938.17744329936,false
51,G1_CMAX,G1_CMAX,[31, 22, 90, 26, 58, 95, 42, 12, 93, 5, 78, 86, 98, 18, 20, 35, 3, 97, 91, 76, 10, 85, 54, 45, 63, 71, 66, 1, 23, 17, 24, 60, 36, 6, 57, 15, 65, 56, 47, 79, 94, 67, 50, 46, 14, 75, 38, 9, 30, 19, 32, 81, 27, 92, 83, 87, 40, 99, 59, 11, 53, 16, 72, 77, 73, 70, 39, 37, 84, 43, 62, 25, 55, 28, 29, 51, 68, 82, 74, 61, 88, 21, 80, 89, 7, 69, 96, 41, 48, 4, 8, 34, 49, 52, 0, 44, 13, 2, 64, 33]|[1, 1, 1, 1, 0, 2, 1, 1, 2, 2, 2, 1, 0, 1, 2, 2, 1, 2, 0, 1, 2, 2, 2, 0, 0, 1, 2, 1, 2, 1, 2, 1, 1, 0, 1, 1, 0, 2, 2, 1, 1, 0, 0, 0, 0, 1, 1, 1, 1, 2, 1, 2, 2, 0, 0, 2, 1, 0, 0, 2, 0, 1, 2, 2, 1, 1, 1, 1, 1, 1, 0, 1, 1, 0, 0, 0, 0, 0, 2, 1, 1, 0, 0, 1, 1, 1, 2, 2, 0, 1, 1, 2, 0, 1, 0, 0, 0, 0, 2, 2]|[0, 4, 3, 0, 1, 1, 2, 4, 1, 1, 2, 4, 1, 4, 1, 1, 1, 2, 2, 2, 2, 1, 1, 1, 2, 3, 2, 3, 0, 4, 1, 0, 3, 2, 2, 2, 1, 1, 1, 0, 2, 0, 1, 2, 1, 3, 1, 4, 2, 0, 3, 2, 1, 2, 1, 1, 4, 1, 1, 1, 2, 3, 0, 2, 4, 3, 1, 4, 1, 1, 1, 4, 4, 2, 1, 1, 1, 2, 1, 3, 0, 1, 1, 1, 1, 3, 1, 1, 1, 4, 3, 1, 1, 1, 2, 2, 2, 2, 1, 1]|[3, 0, 2, 3, 0, 0, 1, 0, 0, 0, 1, 0, 0, 3, 0, 0, 1, 1, 1, 2, 1, 0, 0, 0, 0, 0, 0, 0, 0, 3, 1, 0, 2, 1, 1, 1, 0, 0, 0, 0, 1, 1, 0, 0, 0, 0, 1, 3, 2, 0, 0, 1, 0, 1, 0, 0, 2, 0, 0, 0, 1, 2, 1, 1, 0, 0, 1, 1, 3, 3, 0, 3, 3, 1, 0, 0, 0, 1, 0, 0, 0, 0, 0, 1, 2, 2, 0, 0, 0, 0, 2, 0, 1, 1, 0, 0, 0, 0, 0, 0],705.0470749739228,58445.79123614564,95781.2895945797,false
51,G4_BALANCED,G1_CMAX,[31, 22, 82, 15, 26, 99, 95, 42, 77, 12, 47, 5, 93, 78, 86, 54, 21, 63, 18, 44, 20, 35, 43, 97, 91, 76, 10, 30, 85, 45, 71, 64, 1, 23, 17, 83, 24, 14, 60, 36, 6, 57, 40, 88, 65, 56, 79, 94, 67, 68, 46, 75, 38, 9, 19, 32, 41, 81, 27, 87, 90, 58, 59, 11, 62, 16, 72, 73, 39, 37, 84, 3, 92, 25, 55, 48, 70, 29, 51, 96, 33, 61, 98, 66, 89, 50, 4, 7, 53, 80, 8, 28, 34, 49, 52, 0, 74, 69, 2, 13]|[1, 1, 0, 1, 1, 0, 1, 1, 2, 1, 2, 2, 2, 1, 1, 0, 0, 1, 0, 2, 2, 0, 1, 2, 0, 1, 2, 2, 0, 0, 1, 2, 1, 2, 1, 0, 2, 0, 1, 1, 0, 1, 1, 1, 0, 2, 1, 1, 0, 0, 0, 0, 1, 1, 2, 1, 0, 2, 0, 2, 1, 0, 1, 2, 0, 1, 2, 1, 1, 1, 1, 1, 0, 1, 2, 0, 1, 0, 0, 2, 2, 1, 2, 2, 1, 0, 1, 2, 0, 0, 1, 0, 2, 0, 1, 0, 2, 1, 0, 0]|[4, 3, 2, 2, 4, 1, 2, 3, 2, 4, 1, 1, 2, 4, 4, 1, 1, 4, 2, 1, 1, 1, 1, 2, 1, 2, 1, 1, 2, 1, 3, 2, 3, 1, 4, 0, 1, 1, 0, 3, 2, 2, 2, 0, 1, 1, 0, 4, 0, 1, 2, 2, 1, 4, 0, 3, 1, 1, 1, 1, 3, 1, 1, 1, 2, 3, 0, 4, 1, 4, 1, 1, 2, 4, 1, 1, 3, 1, 1, 1, 1, 3, 1, 1, 1, 1, 4, 1, 2, 1, 3, 2, 1, 1, 1, 2, 1, 4, 2, 2]|[0, 2, 1, 1, 3, 0, 1, 3, 0, 0, 0, 0, 1, 0, 1, 0, 0, 3, 1, 0, 0, 0, 3, 1, 0, 2, 0, 0, 0, 1, 0, 0, 0, 0, 3, 0, 1, 0, 0, 2, 1, 1, 1, 0, 0, 0, 0, 2, 1, 0, 0, 0, 1, 3, 0, 0, 0, 0, 0, 0, 2, 0, 1, 0, 1, 2, 1, 0, 1, 1, 3, 1, 1, 3, 0, 0, 0, 0, 0, 0, 0, 0, 0, 0, 1, 0, 0, 0, 1, 0, 2, 1, 0, 1, 1, 0, 0, 2, 0, 0],760.8061429141708,55811.58046129318,92924.88522080088,true
51,G2_TEC,G2_TEC,[31, 94, 82, 15, 26, 9, 95, 42, 77, 68, 47, 5, 93, 78, 86, 54, 85, 63, 18, 44, 20, 49, 36, 14, 74, 50, 53, 17, 21, 28, 11, 64, 3, 23, 30, 83, 24, 41, 40, 52, 65, 27, 90, 70, 39, 87, 48, 69, 99, 4, 46, 1, 13, 56, 97, 59, 45, 8, 73, 37, 35, 79, 71, 66, 76, 32, 60, 80, 58, 6, 67, 61, 33, 7, 57, 34, 12, 16, 10, 98, 96, 88, 43, 81, 91, 2, 84, 29, 92, 19, 51, 55, 89, 75, 25, 72, 22, 38, 62, 0]|[2, 1, 2, 1, 1, 2, 1, 1, 1, 1, 1, 0, 2, 2, 1, 2, 0, 0, 0, 2, 2, 1, 0, 2, 0, 2, 2, 1, 0, 1, 1, 1, 0, 0, 1, 0, 2, 1, 2, 2, 0, 0, 1, 1, 0, 2, 0, 2, 1, 0, 0, 2, 0, 2, 2, 0, 1, 1, 0, 0, 2, 1, 1, 2, 2, 0, 2, 2, 2, 1, 2, 1, 1, 2, 0, 1, 1, 2, 1, 2, 0, 1, 1, 1, 1, 0, 0, 1, 0, 1, 1, 0, 1, 0, 1, 1, 2, 0, 1, 0]|[0, 3, 0, 3, 4, 1, 4, 4, 4, 4, 3, 2, 1, 0, 2, 1, 1, 1, 2, 1, 1, 3, 0, 1, 0, 1, 1, 4, 1, 4, 3, 2, 2, 0, 4, 1, 1, 4, 1, 1, 2, 1, 4, 4, 1, 1, 0, 1, 3, 2, 2, 1, 2, 1, 1, 2, 4, 3, 0, 2, 1, 3, 3, 1, 1, 2, 1, 1, 1, 4, 1, 3, 4, 1, 2, 4, 3, 1, 3, 1, 2, 4, 4, 4, 3, 2, 2, 3, 2, 4, 3, 2, 4, 2, 4, 4, 1, 2, 3, 2]|[0, 2, 0, 0, 3, 0, 1, 3, 1, 0, 2, 0, 1, 0, 1, 0, 0, 0, 1, 0, 0, 2, 0, 0, 1, 0, 0, 3, 0, 1, 0, 2, 0, 0, 3, 0, 1, 1, 0, 0, 0, 0, 1, 3, 0, 0, 1, 0, 2, 0, 0, 0, 0, 0, 1, 0, 1, 0, 1, 1, 0, 2, 0, 0, 0, 0, 0, 0, 0, 2, 0, 0, 1, 0, 0, 1, 0, 0, 3, 0, 0, 1, 2, 2, 0, 0, 0, 3, 0, 1, 0, 0, 1, 0, 3, 1, 0, 0, 0, 0],910.6016522559228,48453.76930145325,107095.52069553157,false
51,G3_TWC,G3_TWC,[31, 22, 42, 15, 26, 58, 95, 82, 77, 12, 47, 5, 93, 78, 98, 54, 85, 63, 18, 44, 20, 35, 43, 97, 91, 76, 10, 30, 21, 45, 71, 64, 1, 23, 17, 83, 24, 61, 60, 36, 6, 57, 94, 88, 65, 56, 79, 40, 67, 68, 46, 75, 38, 9, 19, 32, 81, 41, 27, 62, 87, 90, 99, 59, 11, 16, 72, 73, 70, 39, 37, 84, 3, 92, 25, 74, 28, 29, 51, 7, 53, 14, 86, 48, 89, 50, 66, 96, 33, 80, 4, 8, 55, 49, 0, 52, 69, 2, 13, 34]|[1, 1, 0, 1, 1, 1, 2, 1, 2, 1, 2, 2, 2, 1, 1, 0, 0, 1, 0, 2, 2, 0, 1, 2, 0, 1, 2, 2, 0, 0, 1, 2, 1, 2, 1, 0, 2, 0, 1, 1, 0, 1, 1, 1, 0, 2, 1, 1, 0, 0, 0, 0, 1, 1, 2, 1, 2, 0, 0, 0, 2, 1, 0, 1, 2, 1, 2, 1, 1, 1, 1, 1, 2, 0, 1, 2, 0, 0, 0, 1, 0, 1, 0, 0, 1, 0, 0, 0, 2, 0, 0, 1, 1, 0, 0, 1, 1, 0, 0, 2]|[4, 3, 2, 2, 0, 0, 2, 2, 2, 4, 1, 1, 2, 4, 4, 1, 1, 4, 2, 1, 1, 1, 1, 2, 1, 2, 1, 1, 1, 1, 3, 2, 3, 0, 4, 0, 1, 1, 0, 3, 2, 2, 4, 0, 1, 1, 3, 2, 0, 1, 2, 2, 1, 4, 0, 3, 2, 1, 1, 2, 1, 3, 1, 1, 1, 3, 0, 4, 3, 1, 4, 1, 1, 2, 4, 1, 2, 1, 1, 3, 2, 3, 1, 1, 1, 1, 1, 1, 1, 1, 2, 3, 4, 1, 2, 1, 3, 2, 2, 1]|[0, 2, 1, 1, 3, 3, 0, 1, 0, 0, 0, 0, 1, 0, 1, 0, 0, 3, 1, 0, 0, 0, 3, 1, 0, 2, 0, 0, 0, 1, 0, 0, 0, 0, 3, 0, 1, 0, 0, 2, 1, 1, 2, 0, 0, 0, 0, 1, 1, 0, 0, 0, 1, 3, 0, 0, 1, 0, 0, 1, 0, 2, 0, 1, 0, 2, 1, 0, 0, 1, 1, 3, 0, 1, 3, 0, 1, 0, 0, 2, 1, 0, 0, 0, 1, 0, 0, 0, 0, 0, 1, 2, 3, 1, 0, 1, 0, 0, 0, 0],802.5281847645216,57652.86795409501,87938.17744329936,false
51,G1_CMAX,G1_CMAX,[31, 22, 90, 26, 58, 95, 42, 12, 93, 5, 78, 86, 98, 18, 20, 35, 3, 97, 91, 76, 10, 85, 54, 45, 63, 71, 66, 1, 23, 17, 24, 60, 36, 6, 57, 15, 65, 56, 47, 79, 94, 67, 50, 46, 14, 75, 38, 9, 30, 19, 32, 81, 27, 92, 83, 87, 40, 99, 59, 11, 53, 16, 72, 77, 73, 70, 39, 37, 84, 43, 62, 25, 55, 28, 29, 51, 68, 82, 74, 61, 88, 21, 80, 89, 7, 69, 96, 41, 48, 4, 8, 34, 49, 52, 0, 44, 13, 2, 64, 33]|[1, 1, 1, 1, 0, 2, 1, 1, 2, 2, 2, 1, 0, 1, 2, 2, 1, 2, 0, 1, 2, 2, 2, 0, 0, 1, 2, 1, 2, 1, 2, 1, 1, 0, 1, 1, 0, 2, 2, 1, 1, 0, 0, 0, 0, 1, 1, 1, 1, 2, 1, 2, 2, 0, 0, 2, 1, 0, 0, 2, 0, 1, 2, 2, 1, 1, 1, 1, 1, 1, 0, 1, 1, 0, 0, 0, 0, 0, 2, 1, 1, 0, 0, 1, 1, 1, 2, 2, 0, 1, 1, 2, 0, 1, 0, 0, 0, 0, 2, 2]|[0, 4, 3, 0, 1, 1, 2, 4, 1, 1, 2, 4, 1, 4, 1, 1, 1, 2, 2, 2, 2, 1, 1, 1, 2, 3, 2, 3, 0, 4, 1, 0, 3, 2, 2, 2, 1, 1, 1, 0, 2, 0, 1, 2, 1, 3, 1, 4, 2, 0, 3, 2, 1, 2, 1, 1, 4, 1, 1, 1, 2, 3, 0, 2, 4, 3, 1, 4, 1, 1, 1, 4, 4, 2, 1, 1, 1, 2, 1, 3, 0, 1, 1, 1, 1, 3, 1, 1, 1, 4, 3, 1, 1, 1, 2, 2, 2, 2, 1, 1]|[3, 0, 2, 3, 0, 0, 1, 0, 0, 0, 1, 0, 0, 3, 0, 0, 1, 1, 1, 2, 1, 0, 0, 0, 0, 0, 0, 0, 0, 3, 1, 0, 2, 1, 1, 1, 0, 0, 0, 0, 1, 1, 0, 0, 0, 0, 1, 3, 2, 0, 0, 1, 0, 1, 0, 0, 2, 0, 0, 0, 1, 2, 1, 1, 0, 0, 1, 1, 3, 3, 0, 3, 3, 1, 0, 0, 0, 1, 0, 0, 0, 0, 0, 1, 2, 2, 0, 0, 0, 0, 2, 0, 1, 1, 0, 0, 0, 0, 0, 0],705.0470749739228,58445.79123614564,95781.2895945797,false
51,G4_BALANCED,G1_CMAX,[31, 22, 42, 15, 26, 58, 95, 82, 77, 12, 47, 5, 93, 78, 98, 54, 85, 63, 18, 44, 20, 35, 43, 97, 91, 76, 10, 30, 21, 45, 75, 64, 1, 23, 17, 83, 24, 61, 60, 36, 6, 57, 94, 88, 65, 56, 79, 40, 67, 68, 46, 71, 38, 9, 19, 32, 81, 41, 27, 62, 87, 90, 99, 59, 11, 16, 72, 73, 70, 39, 37, 84, 3, 92, 25, 74, 28, 29, 51, 7, 53, 96, 86, 66, 89, 50, 48, 14, 4, 80, 33, 8, 55, 49, 0, 52, 13, 2, 69, 34]|[1, 1, 0, 1, 1, 1, 2, 1, 2, 1, 2, 2, 2, 1, 1, 0, 0, 1, 0, 2, 2, 0, 1, 2, 0, 1, 2, 2, 0, 0, 0, 2, 1, 2, 1, 0, 2, 0, 1, 1, 0, 1, 1, 1, 0, 2, 1, 1, 0, 0, 0, 1, 1, 1, 2, 1, 2, 0, 0, 0, 2, 1, 0, 1, 2, 1, 2, 1, 1, 1, 1, 1, 2, 0, 1, 2, 0, 0, 0, 1, 0, 0, 0, 2, 1, 0, 0, 1, 0, 0, 2, 1, 1, 0, 0, 1, 0, 0, 1, 2]|[4, 3, 2, 2, 0, 0, 2, 2, 2, 4, 1, 1, 2, 4, 4, 1, 1, 4, 2, 1, 1, 1, 1, 2, 1, 2, 1, 1, 1, 1, 2, 2, 3, 0, 4, 0, 1, 1, 0, 3, 2, 2, 4, 0, 1, 1, 0, 2, 0, 1, 2, 3, 1, 4, 0, 3, 2, 1, 1, 2, 1, 3, 1, 1, 1, 3, 0, 4, 3, 1, 4, 1, 1, 2, 4, 1, 2, 1, 1, 3, 2, 1, 1, 1, 1, 1, 1, 3, 2, 1, 1, 3, 4, 1, 2, 1, 2, 2, 3, 1]|[0, 2, 1, 1, 3, 3, 0, 1, 0, 0, 0, 0, 1, 0, 1, 0, 0, 3, 1, 0, 0, 0, 3, 1, 0, 2, 0, 0, 0, 1, 0, 0, 0, 0, 3, 0, 1, 0, 0, 2, 1, 1, 2, 0, 0, 0, 0, 1, 1, 0, 0, 0, 1, 3, 0, 0, 1, 0, 0, 1, 0, 2, 0, 1, 0, 2, 1, 0, 0, 1, 1, 3, 0, 1, 3, 0, 1, 0, 0, 2, 1, 0, 0, 0, 1, 0, 0, 0, 1, 0, 0, 2, 3, 1, 0, 1, 0, 0, 0, 0],795.3271127489196,58084.62492221497,87797.18714662519,true
51,G2_TEC,G2_TEC,[31, 94, 82, 15, 26, 9, 95, 42, 77, 68, 47, 5, 93, 78, 86, 54, 85, 63, 18, 44, 20, 49, 36, 14, 74, 50, 53, 17, 21, 28, 11, 64, 3, 23, 30, 83, 24, 41, 40, 52, 65, 27, 90, 70, 39, 87, 48, 69, 99, 4, 46, 1, 13, 56, 97, 59, 45, 8, 73, 37, 35, 79, 71, 66, 76, 32, 60, 80, 58, 6, 67, 61, 33, 7, 57, 34, 12, 16, 10, 98, 96, 88, 43, 81, 91, 2, 84, 29, 92, 19, 51, 55, 89, 75, 25, 72, 22, 38, 62, 0]|[2, 1, 2, 1, 1, 2, 1, 1, 1, 1, 1, 0, 2, 2, 1, 2, 0, 0, 0, 2, 2, 1, 0, 2, 0, 2, 2, 1, 0, 1, 1, 1, 0, 0, 1, 0, 2, 1, 2, 2, 0, 0, 1, 1, 0, 2, 0, 2, 1, 0, 0, 2, 0, 2, 2, 0, 1, 1, 0, 0, 2, 1, 1, 2, 2, 0, 2, 2, 2, 1, 2, 1, 1, 2, 0, 1, 1, 2, 1, 2, 0, 1, 1, 1, 1, 0, 0, 1, 0, 1, 1, 0, 1, 0, 1, 1, 2, 0, 1, 0]|[0, 3, 0, 3, 4, 1, 4, 4, 4, 4, 3, 2, 1, 0, 2, 1, 1, 1, 2, 1, 1, 3, 0, 1, 0, 1, 1, 4, 1, 4, 3, 2, 2, 0, 4, 1, 1, 4, 1, 1, 2, 1, 4, 4, 1, 1, 0, 1, 3, 2, 2, 1, 2, 1, 1, 2, 4, 3, 0, 2, 1, 3, 3, 1, 1, 2, 1, 1, 1, 4, 1, 3, 4, 1, 2, 4, 3, 1, 3, 1, 2, 4, 4, 4, 3, 2, 2, 3, 2, 4, 3, 2, 4, 2, 4, 4, 1, 2, 3, 2]|[0, 2, 0, 0, 3, 0, 1, 3, 1, 0, 2, 0, 1, 0, 1, 0, 0, 0, 1, 0, 0, 2, 0, 0, 1, 0, 0, 3, 0, 1, 0, 2, 0, 0, 3, 0, 1, 1, 0, 0, 0, 0, 1, 3, 0, 0, 1, 0, 2, 0, 0, 0, 0, 0, 1, 0, 1, 0, 1, 1, 0, 2, 0, 0, 0, 0, 0, 0, 0, 2, 0, 0, 1, 0, 0, 1, 0, 0, 3, 0, 0, 1, 2, 2, 0, 0, 0, 3, 0, 1, 0, 0, 1, 0, 3, 1, 0, 0, 0, 0],910.6016522559228,48453.76930145325,107095.52069553157,false
51,G3_TWC,G3_TWC,[31, 22, 42, 15, 26, 58, 95, 82, 77, 12, 47, 5, 93, 78, 98, 54, 85, 63, 18, 44, 20, 35, 43, 97, 91, 76, 10, 30, 21, 45, 71, 64, 1, 23, 17, 83, 24, 61, 60, 36, 6, 57, 94, 88, 65, 56, 79, 40, 67, 68, 46, 75, 38, 9, 19, 32, 81, 41, 27, 62, 87, 90, 99, 59, 11, 16, 72, 73, 70, 39, 37, 84, 3, 92, 25, 74, 28, 29, 51, 7, 53, 14, 86, 48, 89, 50, 66, 96, 33, 80, 4, 8, 55, 49, 0, 52, 69, 2, 13, 34]|[1, 1, 0, 1, 1, 1, 2, 1, 2, 1, 2, 2, 2, 1, 1, 0, 0, 1, 0, 2, 2, 0, 1, 2, 0, 1, 2, 2, 0, 0, 1, 2, 1, 2, 1, 0, 2, 0, 1, 1, 0, 1, 1, 1, 0, 2, 1, 1, 0, 0, 0, 0, 1, 1, 2, 1, 2, 0, 0, 0, 2, 1, 0, 1, 2, 1, 2, 1, 1, 1, 1, 1, 2, 0, 1, 2, 0, 0, 0, 1, 0, 1, 0, 0, 1, 0, 0, 0, 2, 0, 0, 1, 1, 0, 0, 1, 1, 0, 0, 2]|[4, 3, 2, 2, 0, 0, 2, 2, 2, 4, 1, 1, 2, 4, 4, 1, 1, 4, 2, 1, 1, 1, 1, 2, 1, 2, 1, 1, 1, 1, 3, 2, 3, 0, 4, 0, 1, 1, 0, 3, 2, 2, 4, 0, 1, 1, 3, 2, 0, 1, 2, 2, 1, 4, 0, 3, 2, 1, 1, 2, 1, 3, 1, 1, 1, 3, 0, 4, 3, 1, 4, 1, 1, 2, 4, 1, 2, 1, 1, 3, 2, 3, 1, 1, 1, 1, 1, 1, 1, 1, 2, 3, 4, 1, 2, 1, 3, 2, 2, 1]|[0, 2, 1, 1, 3, 3, 0, 1, 0, 0, 0, 0, 1, 0, 1, 0, 0, 3, 1, 0, 0, 0, 3, 1, 0, 2, 0, 0, 0, 1, 0, 0, 0, 0, 3, 0, 1, 0, 0, 2, 1, 1, 2, 0, 0, 0, 0, 1, 1, 0, 0, 0, 1, 3, 0, 0, 1, 0, 0, 1, 0, 2, 0, 1, 0, 2, 1, 0, 0, 1, 1, 3, 0, 1, 3, 0, 1, 0, 0, 2, 1, 0, 0, 0, 1, 0, 0, 0, 0, 0, 1, 2, 3, 1, 0, 1, 0, 0, 0, 0],802.5281847645216,57652.86795409501,87938.17744329936,false
51,G1_CMAX,G1_CMAX,[31, 22, 90, 26, 58, 95, 42, 12, 93, 5, 78, 86, 98, 18, 20, 35, 3, 97, 91, 76, 10, 85, 54, 45, 63, 71, 66, 1, 23, 17, 24, 60, 36, 6, 57, 15, 65, 56, 47, 79, 94, 67, 50, 46, 14, 75, 38, 9, 30, 19, 32, 81, 27, 92, 83, 87, 40, 99, 59, 11, 53, 16, 72, 77, 73, 70, 39, 37, 84, 43, 62, 25, 55, 28, 29, 51, 68, 82, 74, 61, 88, 21, 80, 89, 7, 69, 96, 41, 48, 4, 8, 34, 49, 52, 0, 44, 13, 2, 64, 33]|[1, 1, 1, 1, 0, 2, 1, 1, 2, 2, 2, 1, 0, 1, 2, 2, 1, 2, 0, 1, 2, 2, 2, 0, 0, 1, 2, 1, 2, 1, 2, 1, 1, 0, 1, 1, 0, 2, 2, 1, 1, 0, 0, 0, 0, 1, 1, 1, 1, 2, 1, 2, 2, 0, 0, 2, 1, 0, 0, 2, 0, 1, 2, 2, 1, 1, 1, 1, 1, 1, 0, 1, 1, 0, 0, 0, 0, 0, 2, 1, 1, 0, 0, 1, 1, 1, 2, 2, 0, 1, 1, 2, 0, 1, 0, 0, 0, 0, 2, 2]|[0, 4, 3, 0, 1, 1, 2, 4, 1, 1, 2, 4, 1, 4, 1, 1, 1, 2, 2, 2, 2, 1, 1, 1, 2, 3, 2, 3, 0, 4, 1, 0, 3, 2, 2, 2, 1, 1, 1, 0, 2, 0, 1, 2, 1, 3, 1, 4, 2, 0, 3, 2, 1, 2, 1, 1, 4, 1, 1, 1, 2, 3, 0, 2, 4, 3, 1, 4, 1, 1, 1, 4, 4, 2, 1, 1, 1, 2, 1, 3, 0, 1, 1, 1, 1, 3, 1, 1, 1, 4, 3, 1, 1, 1, 2, 2, 2, 2, 1, 1]|[3, 0, 2, 3, 0, 0, 1, 0, 0, 0, 1, 0, 0, 3, 0, 0, 1, 1, 1, 2, 1, 0, 0, 0, 0, 0, 0, 0, 0, 3, 1, 0, 2, 1, 1, 1, 0, 0, 0, 0, 1, 1, 0, 0, 0, 0, 1, 3, 2, 0, 0, 1, 0, 1, 0, 0, 2, 0, 0, 0, 1, 2, 1, 1, 0, 0, 1, 1, 3, 3, 0, 3, 3, 1, 0, 0, 0, 1, 0, 0, 0, 0, 0, 1, 2, 2, 0, 0, 0, 0, 2, 0, 1, 1, 0, 0, 0, 0, 0, 0],705.0470749739228,58445.79123614564,95781.2895945797,false
51,G4_BALANCED,G4_BALANCED,[31, 22, 82, 15, 26, 9, 95, 42, 77, 68, 47, 5, 93, 78, 86, 54, 85, 63, 18, 44, 20, 49, 36, 14, 74, 50, 53, 17, 21, 28, 11, 64, 3, 23, 30, 83, 24, 41, 40, 52, 65, 27, 90, 70, 39, 87, 48, 69, 99, 4, 75, 1, 13, 58, 97, 59, 45, 8, 73, 37, 35, 79, 71, 66, 76, 32, 60, 80, 56, 6, 67, 61, 33, 7, 57, 34, 12, 16, 10, 98, 96, 88, 43, 46, 91, 2, 84, 29, 92, 19, 51, 89, 81, 25, 55, 72, 94, 38, 62, 0]|[2, 1, 2, 1, 1, 2, 1, 1, 1, 1, 1, 0, 2, 2, 1, 2, 0, 0, 0, 2, 2, 1, 0, 2, 0, 2, 2, 1, 0, 1, 1, 1, 0, 0, 1, 0, 2, 1, 2, 2, 0, 0, 1, 1, 0, 2, 0, 2, 1, 0, 0, 2, 0, 0, 2, 0, 1, 1, 0, 0, 2, 1, 1, 2, 2, 0, 2, 2, 0, 1, 2, 1, 1, 2, 0, 1, 1, 2, 1, 2, 0, 1, 1, 0, 1, 0, 0, 1, 0, 1, 1, 1, 1, 1, 0, 1, 2, 0, 1, 2]|[0, 3, 0, 3, 4, 1, 4, 4, 2, 4, 3, 2, 1, 0, 2, 1, 1, 1, 2, 1, 1, 3, 0, 1, 0, 1, 1, 4, 1, 4, 3, 2, 2, 0, 4, 1, 1, 4, 1, 1, 2, 1, 4, 4, 1, 1, 0, 1, 3, 2, 2, 1, 2, 1, 1, 2, 4, 3, 0, 2, 2, 3, 3, 1, 1, 2, 1, 1, 2, 4, 1, 3, 4, 1, 2, 4, 3, 1, 3, 1, 2, 4, 4, 2, 3, 2, 2, 3, 2, 4, 3, 4, 4, 4, 2, 4, 1, 2, 3, 1]|[0, 2, 0, 0, 3, 0, 1, 3, 0, 0, 2, 0, 1, 0, 1, 0, 0, 0, 1, 0, 0, 2, 0, 0, 1, 0, 0, 3, 0, 1, 0, 2, 0, 0, 3, 0, 1, 1, 0, 0, 0, 0, 1, 3, 0, 0, 1, 0, 2, 0, 0, 0, 0, 1, 1, 0, 1, 0, 1, 1, 0, 2, 0, 0, 0, 0, 0, 0, 0, 2, 0, 0, 1, 0, 0, 1, 0, 0, 3, 0, 0, 1, 2, 0, 0, 0, 0, 3, 0, 1, 0, 1, 2, 3, 0, 1, 0, 0, 0, 0],903.7346259051249,49440.27890977687,104556.41911923839,false
51,G2_TEC,G2_TEC,[31, 94, 82, 15, 26, 9, 95, 42, 77, 68, 47, 5, 93, 78, 86, 54, 85, 63, 18, 44, 20, 49, 36, 14, 74, 50, 53, 17, 21, 28, 11, 64, 3, 23, 30, 83, 24, 41, 40, 52, 65, 27, 90, 70, 39, 87, 48, 69, 99, 4, 46, 1, 13, 56, 97, 59, 45, 8, 73, 37, 35, 79, 71, 66, 76, 32, 60, 80, 58, 6, 67, 61, 33, 7, 57, 34, 12, 16, 10, 98, 96, 88, 43, 81, 91, 2, 84, 29, 92, 19, 51, 55, 89, 75, 25, 72, 22, 38, 62, 0]|[2, 1, 2, 1, 1, 2, 1, 1, 1, 1, 1, 0, 2, 2, 1, 2, 0, 0, 0, 2, 2, 1, 0, 2, 0, 2, 2, 1, 0, 1, 1, 1, 0, 0, 1, 0, 2, 1, 2, 2, 0, 0, 1, 1, 0, 2, 0, 2, 1, 0, 0, 2, 0, 2, 2, 0, 1, 1, 0, 0, 2, 1, 1, 2, 2, 0, 2, 2, 2, 1, 2, 1, 1, 2, 0, 1, 1, 2, 1, 2, 0, 1, 1, 1, 1, 0, 0, 1, 0, 1, 1, 0, 1, 0, 1, 1, 2, 0, 1, 0]|[0, 3, 0, 3, 4, 1, 4, 4, 4, 4, 3, 2, 1, 0, 2, 1, 1, 1, 2, 1, 1, 3, 0, 1, 0, 1, 1, 4, 1, 4, 3, 2, 2, 0, 4, 1, 1, 4, 1, 1, 2, 1, 4, 4, 1, 1, 0, 1, 3, 2, 2, 1, 2, 1, 1, 2, 4, 3, 0, 2, 1, 3, 3, 1, 1, 2, 1, 1, 1, 4, 1, 3, 4, 1, 2, 4, 3, 1, 3, 1, 2, 4, 4, 4, 3, 2, 2, 3, 2, 4, 3, 2, 4, 2, 4, 4, 1, 2, 3, 2]|[0, 2, 0, 0, 3, 0, 1, 3, 1, 0, 2, 0, 1, 0, 1, 0, 0, 0, 1, 0, 0, 2, 0, 0, 1, 0, 0, 3, 0, 1, 0, 2, 0, 0, 3, 0, 1, 1, 0, 0, 0, 0, 1, 3, 0, 0, 1, 0, 2, 0, 0, 0, 0, 0, 1, 0, 1, 0, 1, 1, 0, 2, 0, 0, 0, 0, 0, 0, 0, 2, 0, 0, 1, 0, 0, 1, 0, 0, 3, 0, 0, 1, 2, 2, 0, 0, 0, 3, 0, 1, 0, 0, 1, 0, 3, 1, 0, 0, 0, 0],910.6016522559228,48453.76930145325,107095.52069553157,false
51,G3_TWC,G3_TWC,[31, 22, 42, 15, 26, 58, 95, 82, 77, 12, 47, 5, 93, 78, 98, 54, 85, 63, 18, 44, 20, 35, 43, 97, 91, 76, 10, 30, 21, 45, 71, 64, 1, 23, 17, 83, 24, 61, 60, 36, 6, 57, 94, 88, 65, 56, 79, 40, 67, 68, 46, 75, 38, 9, 19, 32, 81, 41, 27, 62, 87, 90, 99, 59, 11, 16, 72, 73, 70, 39, 37, 84, 3, 92, 25, 74, 28, 29, 51, 7, 53, 14, 86, 48, 89, 50, 66, 96, 33, 80, 4, 8, 55, 49, 0, 52, 69, 2, 13, 34]|[1, 1, 0, 1, 1, 1, 2, 1, 2, 1, 2, 2, 2, 1, 1, 0, 0, 1, 0, 2, 2, 0, 1, 2, 0, 1, 2, 2, 0, 0, 1, 2, 1, 2, 1, 0, 2, 0, 1, 1, 0, 1, 1, 1, 0, 2, 1, 1, 0, 0, 0, 0, 1, 1, 2, 1, 2, 0, 0, 0, 2, 1, 0, 1, 2, 1, 2, 1, 1, 1, 1, 1, 2, 0, 1, 2, 0, 0, 0, 1, 0, 1, 0, 0, 1, 0, 0, 0, 2, 0, 0, 1, 1, 0, 0, 1, 1, 0, 0, 2]|[4, 3, 2, 2, 0, 0, 2, 2, 2, 4, 1, 1, 2, 4, 4, 1, 1, 4, 2, 1, 1, 1, 1, 2, 1, 2, 1, 1, 1, 1, 3, 2, 3, 0, 4, 0, 1, 1, 0, 3, 2, 2, 4, 0, 1, 1, 3, 2, 0, 1, 2, 2, 1, 4, 0, 3, 2, 1, 1, 2, 1, 3, 1, 1, 1, 3, 0, 4, 3, 1, 4, 1, 1, 2, 4, 1, 2, 1, 1, 3, 2, 3, 1, 1, 1, 1, 1, 1, 1, 1, 2, 3, 4, 1, 2, 1, 3, 2, 2, 1]|[0, 2, 1, 1, 3, 3, 0, 1, 0, 0, 0, 0, 1, 0, 1, 0, 0, 3, 1, 0, 0, 0, 3, 1, 0, 2, 0, 0, 0, 1, 0, 0, 0, 0, 3, 0, 1, 0, 0, 2, 1, 1, 2, 0, 0, 0, 0, 1, 1, 0, 0, 0, 1, 3, 0, 0, 1, 0, 0, 1, 0, 2, 0, 1, 0, 2, 1, 0, 0, 1, 1, 3, 0, 1, 3, 0, 1, 0, 0, 2, 1, 0, 0, 0, 1, 0, 0, 0, 0, 0, 1, 2, 3, 1, 0, 1, 0, 0, 0, 0],802.5281847645216,57652.86795409501,87938.17744329936,false
51,G1_CMAX,G1_CMAX,[31, 22, 90, 26, 58, 95, 42, 12, 93, 5, 78, 86, 98, 18, 20, 35, 3, 97, 91, 76, 10, 85, 54, 45, 63, 71, 66, 1, 23, 17, 24, 60, 36, 6, 57, 15, 65, 56, 47, 79, 94, 67, 50, 46, 14, 75, 38, 9, 30, 19, 32, 81, 27, 92, 83, 87, 40, 99, 59, 11, 53, 16, 72, 77, 73, 70, 39, 37, 84, 43, 62, 25, 55, 28, 29, 51, 68, 82, 74, 61, 88, 21, 80, 89, 7, 69, 96, 41, 48, 4, 8, 34, 49, 52, 0, 44, 13, 2, 64, 33]|[1, 1, 1, 1, 0, 2, 1, 1, 2, 2, 2, 1, 0, 1, 2, 2, 1, 2, 0, 1, 2, 2, 2, 0, 0, 1, 2, 1, 2, 1, 2, 1, 1, 0, 1, 1, 0, 2, 2, 1, 1, 0, 0, 0, 0, 1, 1, 1, 1, 2, 1, 2, 2, 0, 0, 2, 1, 0, 0, 2, 0, 1, 2, 2, 1, 1, 1, 1, 1, 1, 0, 1, 1, 0, 0, 0, 0, 0, 2, 1, 1, 0, 0, 1, 1, 1, 2, 2, 0, 1, 1, 2, 0, 1, 0, 0, 0, 0, 2, 2]|[0, 4, 3, 0, 1, 1, 2, 4, 1, 1, 2, 4, 1, 4, 1, 1, 1, 2, 2, 2, 2, 1, 1, 1, 2, 3, 2, 3, 0, 4, 1, 0, 3, 2, 2, 2, 1, 1, 1, 0, 2, 0, 1, 2, 1, 3, 1, 4, 2, 0, 3, 2, 1, 2, 1, 1, 4, 1, 1, 1, 2, 3, 0, 2, 4, 3, 1, 4, 1, 1, 1, 4, 4, 2, 1, 1, 1, 2, 1, 3, 0, 1, 1, 1, 1, 3, 1, 1, 1, 4, 3, 1, 1, 1, 2, 2, 2, 2, 1, 1]|[3, 0, 2, 3, 0, 0, 1, 0, 0, 0, 1, 0, 0, 3, 0, 0, 1, 1, 1, 2, 1, 0, 0, 0, 0, 0, 0, 0, 0, 3, 1, 0, 2, 1, 1, 1, 0, 0, 0, 0, 1, 1, 0, 0, 0, 0, 1, 3, 2, 0, 0, 1, 0, 1, 0, 0, 2, 0, 0, 0, 1, 2, 1, 1, 0, 0, 1, 1, 3, 3, 0, 3, 3, 1, 0, 0, 0, 1, 0, 0, 0, 0, 0, 1, 2, 2, 0, 0, 0, 0, 2, 0, 1, 1, 0, 0, 0, 0, 0, 0],705.0470749739228,58445.79123614564,95781.2895945797,false
51,G4_BALANCED,G4_BALANCED,[31, 11, 15, 82, 26, 9, 95, 32, 77, 68, 47, 5, 93, 78, 86, 54, 85, 63, 18, 44, 20, 49, 36, 14, 74, 50, 53, 17, 21, 45, 71, 64, 3, 23, 30, 83, 24, 41, 60, 52, 51, 27, 90, 70, 39, 87, 48, 69, 99, 4, 46, 1, 13, 58, 97, 59, 28, 8, 73, 37, 35, 79, 22, 66, 76, 42, 40, 80, 96, 6, 16, 61, 33, 7, 57, 34, 12, 67, 10, 98, 56, 88, 29, 25, 91, 38, 19, 92, 43, 84, 65, 72, 81, 75, 2, 55, 62, 89, 94, 0]|[2, 1, 1, 2, 1, 2, 1, 1, 1, 1, 1, 0, 2, 2, 1, 2, 0, 0, 0, 2, 2, 1, 0, 2, 0, 2, 2, 1, 0, 1, 1, 1, 0, 0, 1, 0, 2, 1, 2, 2, 0, 0, 1, 1, 0, 2, 0, 2, 1, 0, 0, 2, 0, 0, 2, 0, 1, 1, 0, 0, 2, 1, 1, 2, 2, 0, 2, 2, 0, 1, 2, 1, 1, 2, 0, 1, 2, 1, 1, 2, 2, 1, 1, 1, 1, 0, 1, 0, 1, 0, 1, 1, 1, 0, 2, 0, 1, 1, 2, 0]|[1, 3, 2, 0, 4, 1, 4, 4, 2, 4, 3, 2, 1, 0, 2, 1, 1, 1, 2, 1, 1, 3, 0, 1, 0, 1, 1, 4, 1, 4, 3, 2, 2, 0, 4, 1, 1, 4, 0, 1, 2, 1, 4, 4, 1, 1, 0, 2, 3, 1, 2, 1, 2, 1, 1, 2, 4, 3, 0, 2, 2, 3, 3, 0, 1, 2, 0, 1, 2, 4, 1, 3, 4, 1, 2, 4, 1, 3, 3, 1, 1, 4, 3, 4, 3, 2, 4, 2, 4, 2, 3, 4, 1, 2, 1, 2, 3, 4, 1, 2]|[1, 2, 1, 0, 3, 0, 1, 3, 0, 0, 2, 0, 1, 0, 1, 0, 0, 0, 1, 0, 0, 2, 0, 0, 1, 0, 0, 3, 0, 1, 0, 2, 0, 1, 3, 0, 1, 3, 1, 0, 0, 0, 1, 3, 0, 0, 1, 0, 2, 0, 0, 0, 0, 0, 1, 0, 1, 0, 1, 1, 0, 2, 2, 0, 0, 0, 1, 0, 0, 2, 0, 0, 1, 0, 0, 1, 0, 0, 3, 0, 0, 1, 0, 3, 0, 0, 1, 0, 2, 0, 0, 2, 1, 0, 0, 0, 0, 1, 0, 0],850.9632869082183,52431.02217786142,105346.60403335126,false
51,G2_TEC,G2_TEC,[31, 94, 82, 15, 26, 9, 95, 42, 77, 68, 47, 5, 93, 78, 86, 54, 85, 63, 18, 44, 20, 49, 36, 14, 74, 50, 53, 17, 21, 28, 11, 64, 3, 23, 30, 83, 24, 41, 40, 52, 65, 27, 90, 70, 39, 87, 48, 69, 99, 4, 46, 1, 13, 56, 97, 59, 45, 8, 73, 37, 35, 79, 71, 66, 76, 32, 60, 80, 58, 6, 67, 61, 33, 7, 57, 34, 12, 16, 10, 98, 96, 88, 43, 81, 91, 2, 84, 29, 92, 19, 51, 55, 89, 75, 25, 72, 22, 38, 62, 0]|[2, 1, 2, 1, 1, 2, 1, 1, 1, 1, 1, 0, 2, 2, 1, 2, 0, 0, 0, 2, 2, 1, 0, 2, 0, 2, 2, 1, 0, 1, 1, 1, 0, 0, 1, 0, 2, 1, 2, 2, 0, 0, 1, 1, 0, 2, 0, 2, 1, 0, 0, 2, 0, 2, 2, 0, 1, 1, 0, 0, 2, 1, 1, 2, 2, 0, 2, 2, 2, 1, 2, 1, 1, 2, 0, 1, 1, 2, 1, 2, 0, 1, 1, 1, 1, 0, 0, 1, 0, 1, 1, 0, 1, 0, 1, 1, 2, 0, 1, 0]|[0, 3, 0, 3, 4, 1, 4, 4, 4, 4, 3, 2, 1, 0, 2, 1, 1, 1, 2, 1, 1, 3, 0, 1, 0, 1, 1, 4, 1, 4, 3, 2, 2, 0, 4, 1, 1, 4, 1, 1, 2, 1, 4, 4, 1, 1, 0, 1, 3, 2, 2, 1, 2, 1, 1, 2, 4, 3, 0, 2, 1, 3, 3, 1, 1, 2, 1, 1, 1, 4, 1, 3, 4, 1, 2, 4, 3, 1, 3, 1, 2, 4, 4, 4, 3, 2, 2, 3, 2, 4, 3, 2, 4, 2, 4, 4, 1, 2, 3, 2]|[0, 2, 0, 0, 3, 0, 1, 3, 1, 0, 2, 0, 1, 0, 1, 0, 0, 0, 1, 0, 0, 2, 0, 0, 1, 0, 0, 3, 0, 1, 0, 2, 0, 0, 3, 0, 1, 1, 0, 0, 0, 0, 1, 3, 0, 0, 1, 0, 2, 0, 0, 0, 0, 0, 1, 0, 1, 0, 1, 1, 0, 2, 0, 0, 0, 0, 0, 0, 0, 2, 0, 0, 1, 0, 0, 1, 0, 0, 3, 0, 0, 1, 2, 2, 0, 0, 0, 3, 0, 1, 0, 0, 1, 0, 3, 1, 0, 0, 0, 0],910.6016522559228,48453.76930145325,107095.52069553157,false
51,G3_TWC,G3_TWC,[31, 22, 42, 15, 26, 58, 95, 82, 77, 12, 47, 5, 93, 78, 98, 54, 85, 63, 18, 44, 20, 35, 43, 97, 91, 76, 10, 30, 21, 45, 71, 64, 1, 23, 17, 83, 24, 61, 60, 36, 6, 57, 94, 88, 65, 56, 79, 40, 67, 68, 46, 75, 38, 9, 19, 32, 81, 41, 27, 62, 87, 90, 99, 59, 11, 16, 72, 73, 70, 39, 37, 84, 3, 92, 25, 74, 28, 29, 51, 7, 53, 14, 86, 48, 89, 50, 66, 96, 33, 80, 4, 8, 55, 49, 0, 52, 69, 2, 13, 34]|[1, 1, 0, 1, 1, 1, 2, 1, 2, 1, 2, 2, 2, 1, 1, 0, 0, 1, 0, 2, 2, 0, 1, 2, 0, 1, 2, 2, 0, 0, 1, 2, 1, 2, 1, 0, 2, 0, 1, 1, 0, 1, 1, 1, 0, 2, 1, 1, 0, 0, 0, 0, 1, 1, 2, 1, 2, 0, 0, 0, 2, 1, 0, 1, 2, 1, 2, 1, 1, 1, 1, 1, 2, 0, 1, 2, 0, 0, 0, 1, 0, 1, 0, 0, 1, 0, 0, 0, 2, 0, 0, 1, 1, 0, 0, 1, 1, 0, 0, 2]|[4, 3, 2, 2, 0, 0, 2, 2, 2, 4, 1, 1, 2, 4, 4, 1, 1, 4, 2, 1, 1, 1, 1, 2, 1, 2, 1, 1, 1, 1, 3, 2, 3, 0, 4, 0, 1, 1, 0, 3, 2, 2, 4, 0, 1, 1, 3, 2, 0, 1, 2, 2, 1, 4, 0, 3, 2, 1, 1, 2, 1, 3, 1, 1, 1, 3, 0, 4, 3, 1, 4, 1, 1, 2, 4, 1, 2, 1, 1, 3, 2, 3, 1, 1, 1, 1, 1, 1, 1, 1, 2, 3, 4, 1, 2, 1, 3, 2, 2, 1]|[0, 2, 1, 1, 3, 3, 0, 1, 0, 0, 0, 0, 1, 0, 1, 0, 0, 3, 1, 0, 0, 0, 3, 1, 0, 2, 0, 0, 0, 1, 0, 0, 0, 0, 3, 0, 1, 0, 0, 2, 1, 1, 2, 0, 0, 0, 0, 1, 1, 0, 0, 0, 1, 3, 0, 0, 1, 0, 0, 1, 0, 2, 0, 1, 0, 2, 1, 0, 0, 1, 1, 3, 0, 1, 3, 0, 1, 0, 0, 2, 1, 0, 0, 0, 1, 0, 0, 0, 0, 0, 1, 2, 3, 1, 0, 1, 0, 0, 0, 0],802.5281847645216,57652.86795409501,87938.17744329936,false
51,G1_CMAX,G4_BALANCED,[31, 22, 42, 15, 26, 58, 95, 82, 77, 12, 47, 5, 93, 78, 98, 54, 85, 63, 18, 44, 20, 35, 43, 97, 91, 76, 10, 30, 21, 45, 71, 64, 1, 23, 17, 83, 24, 61, 60, 36, 6, 57, 94, 88, 65, 56, 79, 40, 67, 68, 46, 75, 38, 9, 19, 32, 81, 41, 27, 62, 87, 90, 99, 59, 11, 16, 72, 73, 70, 50, 37, 84, 3, 92, 25, 74, 28, 29, 51, 7, 33, 14, 86, 48, 89, 39, 66, 96, 53, 80, 4, 8, 55, 49, 0, 52, 69, 2, 13, 34]|[1, 1, 0, 1, 1, 1, 2, 1, 2, 1, 2, 2, 2, 1, 1, 0, 0, 1, 0, 2, 2, 0, 1, 2, 0, 1, 2, 2, 0, 0, 1, 2, 1, 2, 1, 0, 2, 0, 1, 1, 0, 1, 1, 1, 0, 2, 1, 1, 0, 0, 0, 0, 1, 1, 2, 1, 2, 0, 0, 0, 2, 1, 0, 1, 2, 1, 2, 1, 1, 1, 1, 1, 2, 0, 1, 2, 0, 0, 0, 1, 2, 1, 0, 0, 1, 1, 0, 0, 0, 0, 0, 1, 1, 0, 0, 1, 1, 0, 0, 2]|[4, 3, 2, 2, 0, 0, 2, 2, 2, 4, 1, 1, 2, 4, 4, 1, 1, 4, 2, 1, 1, 1, 1, 2, 1, 2, 1, 1, 1, 1, 3, 2, 3, 0, 4, 0, 1, 1, 0, 3, 2, 2, 4, 0, 1, 1, 0, 2, 0, 1, 2, 2, 1, 4, 0, 3, 2, 1, 1, 2, 1, 3, 1, 1, 1, 3, 0, 4, 3, 1, 4, 1, 1, 2, 4, 1, 2, 1, 1, 3, 1, 3, 1, 1, 1, 1, 1, 1, 2, 1, 2, 3, 4, 1, 2, 1, 3, 2, 2, 1]|[0, 2, 1, 1, 3, 3, 0, 1, 0, 0, 0, 0, 1, 0, 1, 0, 0, 3, 1, 0, 0, 0, 3, 1, 0, 2, 0, 0, 0, 1, 0, 0, 0, 0, 3, 0, 1, 0, 0, 2, 1, 1, 2, 0, 0, 0, 0, 1, 1, 0, 0, 0, 1, 3, 0, 0, 1, 0, 0, 1, 0, 2, 0, 1, 0, 2, 1, 0, 0, 1, 1, 3, 0, 1, 3, 0, 1, 0, 0, 2, 0, 0, 0, 0, 1, 1, 0, 0, 1, 0, 1, 2, 3, 1, 0, 1, 0, 0, 0, 0],785.4505101525474,57749.47487310803,88309.42296531533,true
51,G4_BALANCED,G4_BALANCED,[31, 11, 15, 82, 26, 9, 95, 32, 77, 68, 47, 5, 93, 78, 86, 54, 85, 63, 18, 44, 20, 49, 36, 14, 74, 50, 53, 17, 21, 45, 71, 64, 3, 23, 30, 83, 24, 41, 60, 52, 51, 27, 90, 70, 39, 87, 48, 69, 99, 4, 46, 1, 13, 58, 97, 59, 28, 8, 73, 37, 35, 79, 22, 66, 76, 42, 40, 80, 96, 6, 16, 61, 33, 7, 57, 34, 12, 67, 10, 98, 56, 88, 29, 25, 91, 38, 19, 92, 43, 84, 65, 72, 81, 75, 2, 55, 62, 89, 94, 0]|[2, 1, 1, 2, 1, 2, 1, 1, 1, 1, 1, 0, 2, 2, 1, 2, 0, 0, 0, 2, 2, 1, 0, 2, 0, 2, 2, 1, 0, 1, 1, 1, 0, 0, 1, 0, 2, 1, 2, 2, 0, 0, 1, 1, 0, 2, 0, 2, 1, 0, 0, 2, 0, 0, 2, 0, 1, 1, 0, 0, 2, 1, 1, 2, 2, 0, 2, 2, 0, 1, 2, 1, 1, 2, 0, 1, 2, 1, 1, 2, 2, 1, 1, 1, 1, 0, 1, 0, 1, 0, 1, 1, 1, 0, 2, 0, 1, 1, 2, 0]|[1, 3, 2, 0, 4, 1, 4, 4, 2, 4, 3, 2, 1, 0, 2, 1, 1, 1, 2, 1, 1, 3, 0, 1, 0, 1, 1, 4, 1, 4, 3, 2, 2, 0, 4, 1, 1, 4, 0, 1, 2, 1, 4, 4, 1, 1, 0, 2, 3, 1, 2, 1, 2, 1, 1, 2, 4, 3, 0, 2, 2, 3, 3, 0, 1, 2, 0, 1, 2, 4, 1, 3, 4, 1, 2, 4, 1, 3, 3, 1, 1, 4, 3, 4, 3, 2, 4, 2, 4, 2, 3, 4, 1, 2, 1, 2, 3, 4, 1, 2]|[1, 2, 1, 0, 3, 0, 1, 3, 0, 0, 2, 0, 1, 0, 1, 0, 0, 0, 1, 0, 0, 2, 0, 0, 1, 0, 0, 3, 0, 1, 0, 2, 0, 1, 3, 0, 1, 3, 1, 0, 0, 0, 1, 3, 0, 0, 1, 0, 2, 0, 0, 0, 0, 0, 1, 0, 1, 0, 1, 1, 0, 2, 2, 0, 0, 0, 1, 0, 0, 2, 0, 0, 1, 0, 0, 1, 0, 0, 3, 0, 0, 1, 0, 3, 0, 0, 1, 0, 2, 0, 0, 2, 1, 0, 0, 0, 0, 1, 0, 0],850.9632869082183,52431.02217786142,105346.60403335126,false
51,G2_TEC,G2_TEC,[31, 94, 82, 15, 26, 9, 95, 42, 77, 68, 47, 5, 93, 78, 86, 54, 85, 63, 18, 44, 20, 49, 36, 14, 74, 50, 53, 17, 21, 28, 11, 64, 3, 23, 30, 83, 24, 41, 40, 52, 65, 27, 90, 70, 39, 87, 48, 69, 99, 4, 46, 1, 13, 56, 97, 59, 45, 8, 73, 37, 35, 79, 71, 66, 76, 32, 60, 80, 58, 6, 67, 61, 33, 7, 57, 34, 12, 16, 10, 98, 96, 88, 43, 81, 91, 2, 84, 29, 92, 19, 51, 55, 89, 75, 25, 72, 22, 38, 62, 0]|[2, 1, 2, 1, 1, 2, 1, 1, 1, 1, 1, 0, 2, 2, 1, 2, 0, 0, 0, 2, 2, 1, 0, 2, 0, 2, 2, 1, 0, 1, 1, 1, 0, 0, 1, 0, 2, 1, 2, 2, 0, 0, 1, 1, 0, 2, 0, 2, 1, 0, 0, 2, 0, 2, 2, 0, 1, 1, 0, 0, 2, 1, 1, 2, 2, 0, 2, 2, 2, 1, 2, 1, 1, 2, 0, 1, 1, 2, 1, 2, 0, 1, 1, 1, 1, 0, 0, 1, 0, 1, 1, 0, 1, 0, 1, 1, 2, 0, 1, 0]|[0, 3, 0, 3, 4, 1, 4, 4, 4, 4, 3, 2, 1, 0, 2, 1, 1, 1, 2, 1, 1, 3, 0, 1, 0, 1, 1, 4, 1, 4, 3, 2, 2, 0, 4, 1, 1, 4, 1, 1, 2, 1, 4, 4, 1, 1, 0, 1, 3, 2, 2, 1, 2, 1, 1, 2, 4, 3, 0, 2, 1, 3, 3, 1, 1, 2, 1, 1, 1, 4, 1, 3, 4, 1, 2, 4, 3, 1, 3, 1, 2, 4, 4, 4, 3, 2, 2, 3, 2, 4, 3, 2, 4, 2, 4, 4, 1, 2, 3, 2]|[0, 2, 0, 0, 3, 0, 1, 3, 1, 0, 2, 0, 1, 0, 1, 0, 0, 0, 1, 0, 0, 2, 0, 0, 1, 0, 0, 3, 0, 1, 0, 2, 0, 0, 3, 0, 1, 1, 0, 0, 0, 0, 1, 3, 0, 0, 1, 0, 2, 0, 0, 0, 0, 0, 1, 0, 1, 0, 1, 1, 0, 2, 0, 0, 0, 0, 0, 0, 0, 2, 0, 0, 1, 0, 0, 1, 0, 0, 3, 0, 0, 1, 2, 2, 0, 0, 0, 3, 0, 1, 0, 0, 1, 0, 3, 1, 0, 0, 0, 0],910.6016522559228,48453.76930145325,107095.52069553157,false
51,G3_TWC,G3_TWC,[31, 22, 42, 15, 26, 58, 95, 82, 77, 12, 47, 5, 93, 78, 98, 54, 85, 63, 18, 44, 20, 35, 43, 97, 91, 76, 10, 30, 21, 45, 71, 64, 1, 23, 17, 83, 24, 61, 60, 36, 6, 57, 94, 88, 65, 56, 79, 40, 67, 68, 46, 75, 38, 9, 19, 32, 81, 41, 27, 62, 87, 90, 99, 59, 11, 16, 72, 73, 70, 39, 37, 84, 3, 92, 25, 74, 28, 29, 51, 7, 53, 14, 86, 48, 89, 50, 66, 96, 33, 80, 4, 8, 55, 49, 0, 52, 69, 2, 13, 34]|[1, 1, 0, 1, 1, 1, 2, 1, 2, 1, 2, 2, 2, 1, 1, 0, 0, 1, 0, 2, 2, 0, 1, 2, 0, 1, 2, 2, 0, 0, 1, 2, 1, 2, 1, 0, 2, 0, 1, 1, 0, 1, 1, 1, 0, 2, 1, 1, 0, 0, 0, 0, 1, 1, 2, 1, 2, 0, 0, 0, 2, 1, 0, 1, 2, 1, 2, 1, 1, 1, 1, 1, 2, 0, 1, 2, 0, 0, 0, 1, 0, 1, 0, 0, 1, 0, 0, 0, 2, 0, 0, 1, 1, 0, 0, 1, 1, 0, 0, 2]|[4, 3, 2, 2, 0, 0, 2, 2, 2, 4, 1, 1, 2, 4, 4, 1, 1, 4, 2, 1, 1, 1, 1, 2, 1, 2, 1, 1, 1, 1, 3, 2, 3, 0, 4, 0, 1, 1, 0, 3, 2, 2, 4, 0, 1, 1, 3, 2, 0, 1, 2, 2, 1, 4, 0, 3, 2, 1, 1, 2, 1, 3, 1, 1, 1, 3, 0, 4, 3, 1, 4, 1, 1, 2, 4, 1, 2, 1, 1, 3, 2, 3, 1, 1, 1, 1, 1, 1, 1, 1, 2, 3, 4, 1, 2, 1, 3, 2, 2, 1]|[0, 2, 1, 1, 3, 3, 0, 1, 0, 0, 0, 0, 1, 0, 1, 0, 0, 3, 1, 0, 0, 0, 3, 1, 0, 2, 0, 0, 0, 1, 0, 0, 0, 0, 3, 0, 1, 0, 0, 2, 1, 1, 2, 0, 0, 0, 0, 1, 1, 0, 0, 0, 1, 3, 0, 0, 1, 0, 0, 1, 0, 2, 0, 1, 0, 2, 1, 0, 0, 1, 1, 3, 0, 1, 3, 0, 1, 0, 0, 2, 1, 0, 0, 0, 1, 0, 0, 0, 0, 0, 1, 2, 3, 1, 0, 1, 0, 0, 0, 0],802.5281847645216,57652.86795409501,87938.17744329936,false
51,G1_CMAX,G1_CMAX,[31, 22, 90, 26, 58, 95, 42, 12, 93, 5, 78, 86, 98, 18, 20, 35, 3, 97, 91, 76, 10, 85, 54, 45, 63, 71, 66, 1, 23, 17, 24, 60, 36, 6, 57, 15, 65, 56, 47, 79, 94, 67, 50, 46, 14, 75, 38, 9, 30, 19, 32, 81, 27, 92, 83, 87, 40, 99, 59, 11, 53, 16, 72, 77, 73, 70, 39, 37, 84, 43, 62, 25, 55, 28, 29, 51, 68, 82, 74, 61, 88, 21, 80, 89, 7, 69, 96, 41, 48, 4, 8, 34, 49, 52, 0, 44, 13, 2, 64, 33]|[1, 1, 1, 1, 0, 2, 1, 1, 2, 2, 2, 1, 0, 1, 2, 2, 1, 2, 0, 1, 2, 2, 2, 0, 0, 1, 2, 1, 2, 1, 2, 1, 1, 0, 1, 1, 0, 2, 2, 1, 1, 0, 0, 0, 0, 1, 1, 1, 1, 2, 1, 2, 2, 0, 0, 2, 1, 0, 0, 2, 0, 1, 2, 2, 1, 1, 1, 1, 1, 1, 0, 1, 1, 0, 0, 0, 0, 0, 2, 1, 1, 0, 0, 1, 1, 1, 2, 2, 0, 1, 1, 2, 0, 1, 0, 0, 0, 0, 2, 2]|[0, 4, 3, 0, 1, 1, 2, 4, 1, 1, 2, 4, 1, 4, 1, 1, 1, 2, 2, 2, 2, 1, 1, 1, 2, 3, 2, 3, 0, 4, 1, 0, 3, 2, 2, 2, 1, 1, 1, 0, 2, 0, 1, 2, 1, 3, 1, 4, 2, 0, 3, 2, 1, 2, 1, 1, 4, 1, 1, 1, 2, 3, 0, 2, 4, 3, 1, 4, 1, 1, 1, 4, 4, 2, 1, 1, 1, 2, 1, 3, 0, 1, 1, 1, 1, 3, 1, 1, 1, 4, 3, 1, 1, 1, 2, 2, 2, 2, 1, 1]|[3, 0, 2, 3, 0, 0, 1, 0, 0, 0, 1, 0, 0, 3, 0, 0, 1, 1, 1, 2, 1, 0, 0, 0, 0, 0, 0, 0, 0, 3, 1, 0, 2, 1, 1, 1, 0, 0, 0, 0, 1, 1, 0, 0, 0, 0, 1, 3, 2, 0, 0, 1, 0, 1, 0, 0, 2, 0, 0, 0, 1, 2, 1, 1, 0, 0, 1, 1, 3, 3, 0, 3, 3, 1, 0, 0, 0, 1, 0, 0, 0, 0, 0, 1, 2, 2, 0, 0, 0, 0, 2, 0, 1, 1, 0, 0, 0, 0, 0, 0],705.0470749739228,58445.79123614564,95781.2895945797,false
51,G4_BALANCED,G2_TEC,[31, 22, 82, 15, 26, 9, 95, 42, 77, 68, 47, 5, 93, 78, 86, 54, 85, 63, 18, 44, 20, 49, 36, 14, 74, 50, 53, 17, 21, 28, 11, 64, 3, 23, 30, 83, 24, 41, 40, 52, 65, 27, 90, 70, 39, 87, 48, 69, 99, 4, 75, 1, 13, 58, 97, 59, 45, 8, 73, 37, 35, 79, 71, 66, 76, 32, 60, 80, 56, 6, 67, 61, 33, 98, 57, 34, 12, 16, 10, 7, 96, 88, 43, 81, 91, 38, 84, 29, 92, 19, 51, 89, 46, 55, 25, 72, 94, 2, 62, 0]|[2, 1, 2, 1, 1, 2, 1, 1, 1, 1, 1, 0, 2, 2, 1, 2, 0, 0, 0, 2, 2, 1, 0, 2, 0, 2, 2, 1, 0, 1, 1, 1, 0, 0, 1, 0, 2, 1, 2, 2, 0, 0, 1, 1, 0, 2, 0, 2, 1, 0, 0, 2, 0, 0, 2, 0, 1, 1, 0, 0, 2, 1, 1, 0, 2, 0, 2, 2, 2, 1, 2, 1, 1, 2, 0, 1, 1, 2, 1, 2, 0, 1, 1, 1, 1, 0, 0, 1, 0, 1, 1, 1, 0, 0, 1, 1, 2, 2, 1, 0]|[0, 3, 0, 3, 4, 1, 4, 4, 2, 4, 3, 2, 1, 0, 2, 1, 1, 1, 2, 1, 1, 3, 0, 1, 0, 1, 1, 4, 1, 4, 3, 2, 2, 0, 4, 1, 1, 4, 1, 1, 2, 1, 4, 4, 1, 1, 0, 1, 3, 2, 2, 1, 2, 1, 1, 2, 4, 3, 0, 2, 2, 3, 3, 1, 1, 2, 1, 1, 1, 4, 1, 3, 4, 1, 2, 4, 3, 1, 3, 1, 2, 4, 4, 4, 3, 2, 2, 3, 2, 4, 3, 4, 2, 2, 4, 4, 1, 1, 3, 2]|[0, 2, 0, 0, 3, 0, 1, 3, 0, 0, 2, 0, 1, 0, 1, 0, 0, 0, 1, 0, 0, 2, 0, 0, 1, 0, 0, 3, 0, 1, 0, 2, 0, 0, 3, 0, 1, 1, 0, 0, 0, 0, 1, 3, 0, 0, 1, 0, 2, 0, 0, 0, 0, 0, 1, 0, 1, 0, 1, 1, 0, 2, 0, 0, 0, 0, 0, 0, 0, 2, 0, 0, 1, 0, 0, 1, 0, 0, 3, 0, 0, 1, 2, 2, 0, 0, 0, 3, 0, 1, 0, 1, 0, 0, 3, 1, 0, 0, 0, 0],887.510150842492,49357.762631077734,106286.23738336269,true
51,G2_TEC,G2_TEC,[31, 94, 82, 15, 26, 9, 95, 42, 77, 68, 47, 5, 93, 78, 86, 54, 85, 63, 18, 44, 20, 49, 36, 14, 74, 50, 53, 17, 21, 28, 11, 64, 3, 23, 30, 83, 24, 41, 40, 52, 65, 27, 90, 70, 39, 87, 48, 69, 99, 4, 46, 1, 13, 56, 97, 59, 45, 8, 73, 37, 35, 79, 71, 66, 76, 32, 60, 80, 58, 6, 67, 61, 33, 7, 57, 34, 12, 16, 10, 98, 96, 88, 43, 81, 91, 2, 84, 29, 92, 19, 51, 55, 89, 75, 25, 72, 22, 38, 62, 0]|[2, 1, 2, 1, 1, 2, 1, 1, 1, 1, 1, 0, 2, 2, 1, 2, 0, 0, 0, 2, 2, 1, 0, 2, 0, 2, 2, 1, 0, 1, 1, 1, 0, 0, 1, 0, 2, 1, 2, 2, 0, 0, 1, 1, 0, 2, 0, 2, 1, 0, 0, 2, 0, 2, 2, 0, 1, 1, 0, 0, 2, 1, 1, 2, 2, 0, 2, 2, 2, 1, 2, 1, 1, 2, 0, 1, 1, 2, 1, 2, 0, 1, 1, 1, 1, 0, 0, 1, 0, 1, 1, 0, 1, 0, 1, 1, 2, 0, 1, 0]|[0, 3, 0, 3, 4, 1, 4, 4, 4, 4, 3, 2, 1, 0, 2, 1, 1, 1, 2, 1, 1, 3, 0, 1, 0, 1, 1, 4, 1, 4, 3, 2, 2, 0, 4, 1, 1, 4, 1, 1, 2, 1, 4, 4, 1, 1, 0, 1, 3, 2, 2, 1, 2, 1, 1, 2, 4, 3, 0, 2, 1, 3, 3, 1, 1, 2, 1, 1, 1, 4, 1, 3, 4, 1, 2, 4, 3, 1, 3, 1, 2, 4, 4, 4, 3, 2, 2, 3, 2, 4, 3, 2, 4, 2, 4, 4, 1, 2, 3, 2]|[0, 2, 0, 0, 3, 0, 1, 3, 1, 0, 2, 0, 1, 0, 1, 0, 0, 0, 1, 0, 0, 2, 0, 0, 1, 0, 0, 3, 0, 1, 0, 2, 0, 0, 3, 0, 1, 1, 0, 0, 0, 0, 1, 3, 0, 0, 1, 0, 2, 0, 0, 0, 0, 0, 1, 0, 1, 0, 1, 1, 0, 2, 0, 0, 0, 0, 0, 0, 0, 2, 0, 0, 1, 0, 0, 1, 0, 0, 3, 0, 0, 1, 2, 2, 0, 0, 0, 3, 0, 1, 0, 0, 1, 0, 3, 1, 0, 0, 0, 0],910.6016522559228,48453.76930145325,107095.52069553157,false
51,G3_TWC,G3_TWC,[31, 22, 42, 15, 26, 58, 95, 82, 77, 12, 47, 5, 93, 78, 98, 54, 85, 63, 18, 44, 20, 35, 43, 97, 91, 76, 10, 30, 21, 45, 71, 64, 1, 23, 17, 83, 24, 61, 60, 36, 6, 57, 94, 88, 65, 56, 79, 40, 67, 68, 46, 75, 38, 9, 19, 32, 81, 41, 27, 62, 87, 90, 99, 59, 11, 16, 72, 73, 70, 39, 37, 84, 3, 92, 25, 74, 28, 29, 51, 7, 53, 14, 86, 48, 89, 50, 66, 96, 33, 80, 4, 8, 55, 49, 0, 52, 69, 2, 13, 34]|[1, 1, 0, 1, 1, 1, 2, 1, 2, 1, 2, 2, 2, 1, 1, 0, 0, 1, 0, 2, 2, 0, 1, 2, 0, 1, 2, 2, 0, 0, 1, 2, 1, 2, 1, 0, 2, 0, 1, 1, 0, 1, 1, 1, 0, 2, 1, 1, 0, 0, 0, 0, 1, 1, 2, 1, 2, 0, 0, 0, 2, 1, 0, 1, 2, 1, 2, 1, 1, 1, 1, 1, 2, 0, 1, 2, 0, 0, 0, 1, 0, 1, 0, 0, 1, 0, 0, 0, 2, 0, 0, 1, 1, 0, 0, 1, 1, 0, 0, 2]|[4, 3, 2, 2, 0, 0, 2, 2, 2, 4, 1, 1, 2, 4, 4, 1, 1, 4, 2, 1, 1, 1, 1, 2, 1, 2, 1, 1, 1, 1, 3, 2, 3, 0, 4, 0, 1, 1, 0, 3, 2, 2, 4, 0, 1, 1, 3, 2, 0, 1, 2, 2, 1, 4, 0, 3, 2, 1, 1, 2, 1, 3, 1, 1, 1, 3, 0, 4, 3, 1, 4, 1, 1, 2, 4, 1, 2, 1, 1, 3, 2, 3, 1, 1, 1, 1, 1, 1, 1, 1, 2, 3, 4, 1, 2, 1, 3, 2, 2, 1]|[0, 2, 1, 1, 3, 3, 0, 1, 0, 0, 0, 0, 1, 0, 1, 0, 0, 3, 1, 0, 0, 0, 3, 1, 0, 2, 0, 0, 0, 1, 0, 0, 0, 0, 3, 0, 1, 0, 0, 2, 1, 1, 2, 0, 0, 0, 0, 1, 1, 0, 0, 0, 1, 3, 0, 0, 1, 0, 0, 1, 0, 2, 0, 1, 0, 2, 1, 0, 0, 1, 1, 3, 0, 1, 3, 0, 1, 0, 0, 2, 1, 0, 0, 0, 1, 0, 0, 0, 0, 0, 1, 2, 3, 1, 0, 1, 0, 0, 0, 0],802.5281847645216,57652.86795409501,87938.17744329936,false
51,G1_CMAX,G3_TWC,[31, 22, 42, 15, 26, 58, 95, 82, 77, 12, 47, 5, 93, 78, 98, 54, 85, 63, 18, 44, 20, 35, 43, 97, 91, 76, 10, 30, 21, 45, 71, 64, 1, 23, 17, 83, 24, 14, 60, 36, 6, 57, 94, 88, 65, 56, 79, 40, 67, 68, 46, 75, 38, 9, 19, 32, 81, 41, 27, 62, 87, 90, 99, 59, 28, 16, 72, 73, 70, 39, 37, 84, 3, 92, 25, 74, 11, 29, 51, 7, 53, 61, 86, 48, 89, 50, 66, 96, 33, 80, 4, 8, 55, 49, 0, 2, 13, 52, 34, 69]|[1, 1, 0, 1, 1, 1, 2, 1, 2, 1, 2, 2, 2, 1, 1, 0, 0, 1, 0, 2, 2, 0, 1, 2, 0, 1, 2, 2, 0, 0, 1, 2, 1, 2, 1, 0, 2, 0, 1, 1, 0, 1, 1, 1, 0, 2, 1, 1, 0, 0, 0, 0, 1, 1, 2, 1, 2, 0, 0, 0, 2, 1, 0, 1, 2, 1, 2, 1, 1, 1, 1, 1, 2, 0, 1, 2, 2, 0, 0, 1, 0, 1, 0, 0, 1, 0, 2, 2, 2, 0, 0, 1, 1, 0, 0, 0, 0, 1, 2, 1]|[4, 3, 2, 2, 0, 0, 2, 2, 2, 4, 1, 1, 2, 4, 4, 1, 1, 4, 2, 1, 1, 1, 1, 2, 1, 2, 1, 1, 1, 1, 3, 2, 3, 1, 4, 0, 1, 1, 0, 3, 2, 2, 4, 0, 1, 1, 0, 2, 0, 1, 2, 2, 1, 4, 0, 3, 2, 1, 1, 2, 1, 3, 1, 1, 1, 3, 0, 4, 3, 1, 4, 1, 1, 2, 4, 1, 1, 1, 1, 3, 2, 3, 1, 1, 1, 1, 1, 1, 1, 1, 2, 3, 4, 1, 2, 2, 2, 1, 1, 3]|[0, 2, 1, 1, 3, 3, 0, 1, 0, 0, 0, 0, 1, 0, 1, 0, 0, 3, 1, 0, 0, 0, 3, 1, 0, 2, 0, 0, 0, 1, 0, 0, 0, 0, 3, 0, 1, 0, 0, 2, 1, 1, 2, 0, 0, 0, 0, 1, 1, 0, 0, 0, 1, 3, 0, 0, 1, 0, 0, 1, 0, 2, 0, 1, 0, 2, 1, 0, 0, 1, 1, 3, 0, 1, 3, 0, 0, 0, 0, 2, 1, 0, 0, 0, 1, 0, 0, 0, 0, 0, 1, 2, 3, 1, 0, 0, 0, 1, 0, 0],754.6836073108706,57104.06500530405,89788.92770163306,true
51,G4_BALANCED,G4_BALANCED,[31, 11, 15, 82, 26, 9, 95, 32, 77, 68, 47, 5, 93, 78, 86, 54, 85, 63, 18, 44, 20, 49, 36, 14, 74, 50, 53, 17, 21, 45, 71, 64, 3, 23, 30, 83, 24, 41, 60, 52, 51, 27, 90, 70, 39, 87, 48, 69, 99, 4, 46, 1, 13, 58, 97, 59, 28, 8, 73, 37, 35, 79, 22, 66, 76, 42, 40, 80, 96, 6, 16, 61, 33, 7, 57, 34, 12, 67, 10, 98, 56, 88, 29, 25, 91, 38, 19, 92, 43, 84, 65, 72, 81, 75, 2, 55, 62, 89, 94, 0]|[2, 1, 1, 2, 1, 2, 1, 1, 1, 1, 1, 0, 2, 2, 1, 2, 0, 0, 0, 2, 2, 1, 0, 2, 0, 2, 2, 1, 0, 1, 1, 1, 0, 0, 1, 0, 2, 1, 2, 2, 0, 0, 1, 1, 0, 2, 0, 2, 1, 0, 0, 2, 0, 0, 2, 0, 1, 1, 0, 0, 2, 1, 1, 2, 2, 0, 2, 2, 0, 1, 2, 1, 1, 2, 0, 1, 2, 1, 1, 2, 2, 1, 1, 1, 1, 0, 1, 0, 1, 0, 1, 1, 1, 0, 2, 0, 1, 1, 2, 0]|[1, 3, 2, 0, 4, 1, 4, 4, 2, 4, 3, 2, 1, 0, 2, 1, 1, 1, 2, 1, 1, 3, 0, 1, 0, 1, 1, 4, 1, 4, 3, 2, 2, 0, 4, 1, 1, 4, 0, 1, 2, 1, 4, 4, 1, 1, 0, 2, 3, 1, 2, 1, 2, 1, 1, 2, 4, 3, 0, 2, 2, 3, 3, 0, 1, 2, 0, 1, 2, 4, 1, 3, 4, 1, 2, 4, 1, 3, 3, 1, 1, 4, 3, 4, 3, 2, 4, 2, 4, 2, 3, 4, 1, 2, 1, 2, 3, 4, 1, 2]|[1, 2, 1, 0, 3, 0, 1, 3, 0, 0, 2, 0, 1, 0, 1, 0, 0, 0, 1, 0, 0, 2, 0, 0, 1, 0, 0, 3, 0, 1, 0, 2, 0, 1, 3, 0, 1, 3, 1, 0, 0, 0, 1, 3, 0, 0, 1, 0, 2, 0, 0, 0, 0, 0, 1, 0, 1, 0, 1, 1, 0, 2, 2, 0, 0, 0, 1, 0, 0, 2, 0, 0, 1, 0, 0, 1, 0, 0, 3, 0, 0, 1, 0, 3, 0, 0, 1, 0, 2, 0, 0, 2, 1, 0, 0, 0, 0, 1, 0, 0],850.9632869082183,52431.02217786142,105346.60403335126,false
51,G2_TEC,G2_TEC,[31, 94, 82, 15, 26, 9, 95, 42, 77, 68, 47, 5, 93, 78, 86, 54, 85, 63, 18, 44, 20, 49, 36, 14, 74, 50, 53, 17, 21, 28, 11, 64, 3, 23, 30, 83, 24, 41, 40, 52, 65, 27, 90, 70, 39, 87, 48, 69, 99, 4, 46, 1, 13, 56, 97, 59, 45, 8, 73, 37, 35, 79, 71, 66, 76, 32, 60, 80, 58, 6, 67, 61, 33, 7, 57, 34, 12, 16, 10, 98, 96, 88, 43, 81, 91, 2, 84, 29, 92, 19, 51, 55, 89, 75, 25, 72, 22, 38, 62, 0]|[2, 1, 2, 1, 1, 2, 1, 1, 1, 1, 1, 0, 2, 2, 1, 2, 0, 0, 0, 2, 2, 1, 0, 2, 0, 2, 2, 1, 0, 1, 1, 1, 0, 0, 1, 0, 2, 1, 2, 2, 0, 0, 1, 1, 0, 2, 0, 2, 1, 0, 0, 2, 0, 2, 2, 0, 1, 1, 0, 0, 2, 1, 1, 2, 2, 0, 2, 2, 2, 1, 2, 1, 1, 2, 0, 1, 1, 2, 1, 2, 0, 1, 1, 1, 1, 0, 0, 1, 0, 1, 1, 0, 1, 0, 1, 1, 2, 0, 1, 0]|[0, 3, 0, 3, 4, 1, 4, 4, 4, 4, 3, 2, 1, 0, 2, 1, 1, 1, 2, 1, 1, 3, 0, 1, 0, 1, 1, 4, 1, 4, 3, 2, 2, 0, 4, 1, 1, 4, 1, 1, 2, 1, 4, 4, 1, 1, 0, 1, 3, 2, 2, 1, 2, 1, 1, 2, 4, 3, 0, 2, 1, 3, 3, 1, 1, 2, 1, 1, 1, 4, 1, 3, 4, 1, 2, 4, 3, 1, 3, 1, 2, 4, 4, 4, 3, 2, 2, 3, 2, 4, 3, 2, 4, 2, 4, 4, 1, 2, 3, 2]|[0, 2, 0, 0, 3, 0, 1, 3, 1, 0, 2, 0, 1, 0, 1, 0, 0, 0, 1, 0, 0, 2, 0, 0, 1, 0, 0, 3, 0, 1, 0, 2, 0, 0, 3, 0, 1, 1, 0, 0, 0, 0, 1, 3, 0, 0, 1, 0, 2, 0, 0, 0, 0, 0, 1, 0, 1, 0, 1, 1, 0, 2, 0, 0, 0, 0, 0, 0, 0, 2, 0, 0, 1, 0, 0, 1, 0, 0, 3, 0, 0, 1, 2, 2, 0, 0, 0, 3, 0, 1, 0, 0, 1, 0, 3, 1, 0, 0, 0, 0],910.6016522559228,48453.76930145325,107095.52069553157,false
51,G3_TWC,G3_TWC,[31, 22, 42, 15, 26, 58, 95, 82, 77, 12, 47, 5, 93, 78, 98, 54, 85, 63, 18, 44, 20, 35, 43, 97, 91, 76, 10, 30, 21, 45, 71, 64, 1, 23, 17, 83, 24, 61, 60, 36, 6, 57, 94, 88, 65, 56, 79, 40, 67, 68, 46, 75, 38, 9, 19, 32, 81, 41, 27, 62, 87, 90, 99, 59, 11, 16, 72, 73, 70, 39, 37, 84, 3, 92, 25, 74, 28, 29, 51, 7, 53, 14, 86, 48, 89, 50, 66, 96, 33, 80, 4, 8, 55, 49, 0, 52, 69, 2, 13, 34]|[1, 1, 0, 1, 1, 1, 2, 1, 2, 1, 2, 2, 2, 1, 1, 0, 0, 1, 0, 2, 2, 0, 1, 2, 0, 1, 2, 2, 0, 0, 1, 2, 1, 2, 1, 0, 2, 0, 1, 1, 0, 1, 1, 1, 0, 2, 1, 1, 0, 0, 0, 0, 1, 1, 2, 1, 2, 0, 0, 0, 2, 1, 0, 1, 2, 1, 2, 1, 1, 1, 1, 1, 2, 0, 1, 2, 0, 0, 0, 1, 0, 1, 0, 0, 1, 0, 0, 0, 2, 0, 0, 1, 1, 0, 0, 1, 1, 0, 0, 2]|[4, 3, 2, 2, 0, 0, 2, 2, 2, 4, 1, 1, 2, 4, 4, 1, 1, 4, 2, 1, 1, 1, 1, 2, 1, 2, 1, 1, 1, 1, 3, 2, 3, 0, 4, 0, 1, 1, 0, 3, 2, 2, 4, 0, 1, 1, 3, 2, 0, 1, 2, 2, 1, 4, 0, 3, 2, 1, 1, 2, 1, 3, 1, 1, 1, 3, 0, 4, 3, 1, 4, 1, 1, 2, 4, 1, 2, 1, 1, 3, 2, 3, 1, 1, 1, 1, 1, 1, 1, 1, 2, 3, 4, 1, 2, 1, 3, 2, 2, 1]|[0, 2, 1, 1, 3, 3, 0, 1, 0, 0, 0, 0, 1, 0, 1, 0, 0, 3, 1, 0, 0, 0, 3, 1, 0, 2, 0, 0, 0, 1, 0, 0, 0, 0, 3, 0, 1, 0, 0, 2, 1, 1, 2, 0, 0, 0, 0, 1, 1, 0, 0, 0, 1, 3, 0, 0, 1, 0, 0, 1, 0, 2, 0, 1, 0, 2, 1, 0, 0, 1, 1, 3, 0, 1, 3, 0, 1, 0, 0, 2, 1, 0, 0, 0, 1, 0, 0, 0, 0, 0, 1, 2, 3, 1, 0, 1, 0, 0, 0, 0],802.5281847645216,57652.86795409501,87938.17744329936,false
51,G1_CMAX,G3_TWC,[31, 22, 42, 15, 26, 58, 95, 82, 77, 12, 47, 5, 93, 78, 98, 54, 85, 63, 18, 44, 20, 35, 43, 97, 91, 76, 10, 30, 21, 45, 71, 64, 1, 23, 17, 83, 24, 61, 60, 36, 6, 57, 94, 88, 65, 56, 79, 40, 67, 68, 46, 75, 38, 9, 19, 32, 81, 41, 27, 62, 87, 90, 99, 59, 11, 16, 72, 73, 70, 39, 37, 84, 3, 92, 25, 74, 28, 29, 51, 50, 53, 14, 86, 66, 89, 7, 4, 96, 33, 80, 48, 8, 55, 49, 0, 52, 13, 2, 69, 34]|[1, 1, 0, 1, 1, 1, 2, 1, 2, 1, 2, 2, 2, 1, 1, 0, 0, 1, 0, 2, 2, 0, 1, 2, 0, 1, 2, 2, 0, 0, 1, 2, 1, 2, 1, 0, 2, 0, 1, 1, 0, 1, 1, 1, 0, 2, 1, 1, 0, 0, 0, 0, 1, 1, 2, 1, 2, 0, 0, 0, 2, 1, 0, 1, 2, 1, 2, 1, 1, 1, 1, 1, 2, 0, 1, 2, 0, 0, 0, 1, 0, 1, 0, 2, 1, 1, 1, 2, 2, 0, 0, 1, 2, 0, 0, 1, 0, 0, 1, 2]|[4, 3, 2, 2, 0, 0, 2, 2, 2, 4, 1, 1, 2, 4, 4, 1, 1, 4, 2, 1, 1, 1, 1, 2, 1, 2, 1, 1, 1, 1, 3, 2, 3, 0, 4, 0, 1, 1, 0, 3, 2, 2, 4, 0, 1, 1, 3, 2, 0, 1, 2, 2, 1, 4, 0, 3, 2, 1, 1, 2, 1, 3, 1, 1, 1, 3, 0, 4, 3, 1, 4, 1, 1, 2, 4, 1, 2, 1, 1, 3, 2, 3, 1, 1, 1, 3, 4, 1, 1, 1, 1, 3, 1, 1, 2, 1, 2, 2, 4, 1]|[0, 2, 1, 1, 3, 3, 0, 1, 0, 0, 0, 0, 1, 0, 1, 0, 0, 3, 1, 0, 0, 0, 3, 1, 0, 2, 0, 0, 0, 1, 0, 0, 0, 0, 3, 0, 1, 0, 0, 2, 1, 1, 2, 0, 0, 0, 0, 1, 1, 0, 0, 0, 1, 3, 0, 0, 1, 0, 0, 1, 0, 2, 0, 1, 0, 2, 1, 0, 0, 1, 1, 3, 0, 1, 3, 0, 1, 0, 0, 2, 1, 0, 0, 0, 1, 2, 0, 0, 0, 0, 0, 2, 0, 1, 0, 1, 0, 0, 2, 0],728.4869286192202,57157.53540402781,90893.16299755374,true
51,G4_BALANCED,G4_BALANCED,[31, 11, 15, 82, 26, 9, 95, 32, 77, 68, 47, 5, 93, 78, 86, 54, 85, 63, 18, 44, 20, 49, 36, 14, 74, 50, 53, 17, 21, 45, 71, 64, 3, 23, 30, 83, 24, 41, 60, 52, 51, 27, 90, 70, 39, 87, 48, 69, 99, 4, 46, 1, 13, 58, 97, 59, 28, 8, 73, 37, 35, 79, 22, 66, 76, 42, 40, 80, 96, 6, 16, 61, 33, 7, 57, 34, 12, 67, 10, 98, 56, 88, 29, 25, 91, 38, 19, 92, 43, 84, 65, 72, 81, 75, 2, 55, 62, 89, 94, 0]|[2, 1, 1, 2, 1, 2, 1, 1, 1, 1, 1, 0, 2, 2, 1, 2, 0, 0, 0, 2, 2, 1, 0, 2, 0, 2, 2, 1, 0, 1, 1, 1, 0, 0, 1, 0, 2, 1, 2, 2, 0, 0, 1, 1, 0, 2, 0, 2, 1, 0, 0, 2, 0, 0, 2, 0, 1, 1, 0, 0, 2, 1, 1, 2, 2, 0, 2, 2, 0, 1, 2, 1, 1, 2, 0, 1, 2, 1, 1, 2, 2, 1, 1, 1, 1, 0, 1, 0, 1, 0, 1, 1, 1, 0, 2, 0, 1, 1, 2, 0]|[1, 3, 2, 0, 4, 1, 4, 4, 2, 4, 3, 2, 1, 0, 2, 1, 1, 1, 2, 1, 1, 3, 0, 1, 0, 1, 1, 4, 1, 4, 3, 2, 2, 0, 4, 1, 1, 4, 0, 1, 2, 1, 4, 4, 1, 1, 0, 2, 3, 1, 2, 1, 2, 1, 1, 2, 4, 3, 0, 2, 2, 3, 3, 0, 1, 2, 0, 1, 2, 4, 1, 3, 4, 1, 2, 4, 1, 3, 3, 1, 1, 4, 3, 4, 3, 2, 4, 2, 4, 2, 3, 4, 1, 2, 1, 2, 3, 4, 1, 2]|[1, 2, 1, 0, 3, 0, 1, 3, 0, 0, 2, 0, 1, 0, 1, 0, 0, 0, 1, 0, 0, 2, 0, 0, 1, 0, 0, 3, 0, 1, 0, 2, 0, 1, 3, 0, 1, 3, 1, 0, 0, 0, 1, 3, 0, 0, 1, 0, 2, 0, 0, 0, 0, 0, 1, 0, 1, 0, 1, 1, 0, 2, 2, 0, 0, 0, 1, 0, 0, 2, 0, 0, 1, 0, 0, 1, 0, 0, 3, 0, 0, 1, 0, 3, 0, 0, 1, 0, 2, 0, 0, 2, 1, 0, 0, 0, 0, 1, 0, 0],850.9632869082183,52431.02217786142,105346.60403335126,false
51,G2_TEC,G2_TEC,[31, 94, 82, 15, 26, 9, 95, 42, 77, 68, 47, 5, 93, 78, 86, 54, 85, 63, 18, 44, 20, 49, 36, 14, 74, 50, 53, 17, 21, 28, 11, 64, 3, 23, 30, 83, 24, 41, 40, 52, 65, 27, 90, 70, 39, 87, 48, 69, 99, 4, 46, 1, 13, 56, 97, 59, 45, 8, 73, 37, 35, 79, 71, 66, 76, 32, 60, 80, 58, 6, 67, 61, 33, 7, 57, 34, 12, 16, 10, 98, 96, 88, 43, 81, 91, 2, 84, 29, 92, 19, 51, 55, 89, 75, 25, 72, 22, 38, 62, 0]|[2, 1, 2, 1, 1, 2, 1, 1, 1, 1, 1, 0, 2, 2, 1, 2, 0, 0, 0, 2, 2, 1, 0, 2, 0, 2, 2, 1, 0, 1, 1, 1, 0, 0, 1, 0, 2, 1, 2, 2, 0, 0, 1, 1, 0, 2, 0, 2, 1, 0, 0, 2, 0, 2, 2, 0, 1, 1, 0, 0, 2, 1, 1, 2, 2, 0, 2, 2, 2, 1, 2, 1, 1, 2, 0, 1, 1, 2, 1, 2, 0, 1, 1, 1, 1, 0, 0, 1, 0, 1, 1, 0, 1, 0, 1, 1, 2, 0, 1, 0]|[0, 3, 0, 3, 4, 1, 4, 4, 4, 4, 3, 2, 1, 0, 2, 1, 1, 1, 2, 1, 1, 3, 0, 1, 0, 1, 1, 4, 1, 4, 3, 2, 2, 0, 4, 1, 1, 4, 1, 1, 2, 1, 4, 4, 1, 1, 0, 1, 3, 2, 2, 1, 2, 1, 1, 2, 4, 3, 0, 2, 1, 3, 3, 1, 1, 2, 1, 1, 1, 4, 1, 3, 4, 1, 2, 4, 3, 1, 3, 1, 2, 4, 4, 4, 3, 2, 2, 3, 2, 4, 3, 2, 4, 2, 4, 4, 1, 2, 3, 2]|[0, 2, 0, 0, 3, 0, 1, 3, 1, 0, 2, 0, 1, 0, 1, 0, 0, 0, 1, 0, 0, 2, 0, 0, 1, 0, 0, 3, 0, 1, 0, 2, 0, 0, 3, 0, 1, 1, 0, 0, 0, 0, 1, 3, 0, 0, 1, 0, 2, 0, 0, 0, 0, 0, 1, 0, 1, 0, 1, 1, 0, 2, 0, 0, 0, 0, 0, 0, 0, 2, 0, 0, 1, 0, 0, 1, 0, 0, 3, 0, 0, 1, 2, 2, 0, 0, 0, 3, 0, 1, 0, 0, 1, 0, 3, 1, 0, 0, 0, 0],910.6016522559228,48453.76930145325,107095.52069553157,false
51,G3_TWC,G3_TWC,[31, 22, 42, 15, 26, 58, 95, 82, 77, 12, 47, 5, 93, 78, 98, 54, 85, 63, 18, 44, 20, 35, 43, 97, 91, 76, 10, 30, 21, 45, 71, 64, 1, 23, 17, 83, 24, 61, 60, 36, 6, 57, 94, 88, 65, 56, 79, 40, 67, 68, 46, 75, 38, 9, 19, 32, 81, 41, 27, 62, 87, 90, 99, 59, 11, 16, 72, 73, 70, 39, 37, 84, 3, 92, 25, 74, 28, 29, 51, 7, 53, 14, 86, 48, 89, 50, 66, 96, 33, 80, 4, 8, 55, 49, 0, 52, 69, 2, 13, 34]|[1, 1, 0, 1, 1, 1, 2, 1, 2, 1, 2, 2, 2, 1, 1, 0, 0, 1, 0, 2, 2, 0, 1, 2, 0, 1, 2, 2, 0, 0, 1, 2, 1, 2, 1, 0, 2, 0, 1, 1, 0, 1, 1, 1, 0, 2, 1, 1, 0, 0, 0, 0, 1, 1, 2, 1, 2, 0, 0, 0, 2, 1, 0, 1, 2, 1, 2, 1, 1, 1, 1, 1, 2, 0, 1, 2, 0, 0, 0, 1, 0, 1, 0, 0, 1, 0, 0, 0, 2, 0, 0, 1, 1, 0, 0, 1, 1, 0, 0, 2]|[4, 3, 2, 2, 0, 0, 2, 2, 2, 4, 1, 1, 2, 4, 4, 1, 1, 4, 2, 1, 1, 1, 1, 2, 1, 2, 1, 1, 1, 1, 3, 2, 3, 0, 4, 0, 1, 1, 0, 3, 2, 2, 4, 0, 1, 1, 3, 2, 0, 1, 2, 2, 1, 4, 0, 3, 2, 1, 1, 2, 1, 3, 1, 1, 1, 3, 0, 4, 3, 1, 4, 1, 1, 2, 4, 1, 2, 1, 1, 3, 2, 3, 1, 1, 1, 1, 1, 1, 1, 1, 2, 3, 4, 1, 2, 1, 3, 2, 2, 1]|[0, 2, 1, 1, 3, 3, 0, 1, 0, 0, 0, 0, 1, 0, 1, 0, 0, 3, 1, 0, 0, 0, 3, 1, 0, 2, 0, 0, 0, 1, 0, 0, 0, 0, 3, 0, 1, 0, 0, 2, 1, 1, 2, 0, 0, 0, 0, 1, 1, 0, 0, 0, 1, 3, 0, 0, 1, 0, 0, 1, 0, 2, 0, 1, 0, 2, 1, 0, 0, 1, 1, 3, 0, 1, 3, 0, 1, 0, 0, 2, 1, 0, 0, 0, 1, 0, 0, 0, 0, 0, 1, 2, 3, 1, 0, 1, 0, 0, 0, 0],802.5281847645216,57652.86795409501,87938.17744329936,false
51,G1_CMAX,G1_CMAX,[31, 22, 90, 26, 58, 95, 42, 12, 93, 5, 78, 86, 98, 18, 20, 35, 3, 97, 91, 76, 10, 85, 54, 45, 63, 71, 66, 1, 23, 17, 24, 60, 36, 6, 57, 15, 65, 56, 47, 79, 94, 67, 50, 46, 14, 75, 38, 9, 30, 19, 32, 81, 27, 92, 83, 87, 40, 99, 59, 11, 53, 16, 72, 77, 73, 70, 39, 37, 84, 43, 62, 25, 55, 28, 29, 51, 68, 82, 74, 61, 88, 21, 80, 89, 7, 69, 96, 41, 48, 4, 8, 34, 49, 52, 0, 44, 13, 2, 64, 33]|[1, 1, 1, 1, 0, 2, 1, 1, 2, 2, 2, 1, 0, 1, 2, 2, 1, 2, 0, 1, 2, 2, 2, 0, 0, 1, 2, 1, 2, 1, 2, 1, 1, 0, 1, 1, 0, 2, 2, 1, 1, 0, 0, 0, 0, 1, 1, 1, 1, 2, 1, 2, 2, 0, 0, 2, 1, 0, 0, 2, 0, 1, 2, 2, 1, 1, 1, 1, 1, 1, 0, 1, 1, 0, 0, 0, 0, 0, 2, 1, 1, 0, 0, 1, 1, 1, 2, 2, 0, 1, 1, 2, 0, 1, 0, 0, 0, 0, 2, 2]|[0, 4, 3, 0, 1, 1, 2, 4, 1, 1, 2, 4, 1, 4, 1, 1, 1, 2, 2, 2, 2, 1, 1, 1, 2, 3, 2, 3, 0, 4, 1, 0, 3, 2, 2, 2, 1, 1, 1, 0, 2, 0, 1, 2, 1, 3, 1, 4, 2, 0, 3, 2, 1, 2, 1, 1, 4, 1, 1, 1, 2, 3, 0, 2, 4, 3, 1, 4, 1, 1, 1, 4, 4, 2, 1, 1, 1, 2, 1, 3, 0, 1, 1, 1, 1, 3, 1, 1, 1, 4, 3, 1, 1, 1, 2, 2, 2, 2, 1, 1]|[3, 0, 2, 3, 0, 0, 1, 0, 0, 0, 1, 0, 0, 3, 0, 0, 1, 1, 1, 2, 1, 0, 0, 0, 0, 0, 0, 0, 0, 3, 1, 0, 2, 1, 1, 1, 0, 0, 0, 0, 1, 1, 0, 0, 0, 0, 1, 3, 2, 0, 0, 1, 0, 1, 0, 0, 2, 0, 0, 0, 1, 2, 1, 1, 0, 0, 1, 1, 3, 3, 0, 3, 3, 1, 0, 0, 0, 1, 0, 0, 0, 0, 0, 1, 2, 2, 0, 0, 0, 0, 2, 0, 1, 1, 0, 0, 0, 0, 0, 0],705.0470749739228,58445.79123614564,95781.2895945797,false
51,G4_BALANCED,G4_BALANCED,[31, 11, 15, 82, 26, 9, 95, 32, 77, 68, 47, 5, 93, 78, 86, 54, 85, 63, 18, 44, 20, 49, 36, 14, 74, 50, 53, 17, 21, 45, 71, 64, 3, 23, 30, 83, 24, 41, 60, 52, 51, 27, 90, 70, 39, 87, 48, 69, 99, 4, 46, 1, 13, 58, 97, 59, 28, 8, 73, 37, 35, 79, 22, 66, 76, 42, 40, 80, 96, 6, 16, 61, 33, 7, 57, 34, 12, 67, 10, 98, 56, 88, 29, 25, 91, 38, 19, 92, 43, 84, 65, 72, 81, 75, 2, 55, 62, 89, 94, 0]|[2, 1, 1, 2, 1, 2, 1, 1, 1, 1, 1, 0, 2, 2, 1, 2, 0, 0, 0, 2, 2, 1, 0, 2, 0, 2, 2, 1, 0, 1, 1, 1, 0, 0, 1, 0, 2, 1, 2, 2, 0, 0, 1, 1, 0, 2, 0, 2, 1, 0, 0, 2, 0, 0, 2, 0, 1, 1, 0, 0, 2, 1, 1, 2, 2, 0, 2, 2, 0, 1, 2, 1, 1, 2, 0, 1, 2, 1, 1, 2, 2, 1, 1, 1, 1, 0, 1, 0, 1, 0, 1, 1, 1, 0, 2, 0, 1, 1, 2, 0]|[1, 3, 2, 0, 4, 1, 4, 4, 2, 4, 3, 2, 1, 0, 2, 1, 1, 1, 2, 1, 1, 3, 0, 1, 0, 1, 1, 4, 1, 4, 3, 2, 2, 0, 4, 1, 1, 4, 0, 1, 2, 1, 4, 4, 1, 1, 0, 2, 3, 1, 2, 1, 2, 1, 1, 2, 4, 3, 0, 2, 2, 3, 3, 0, 1, 2, 0, 1, 2, 4, 1, 3, 4, 1, 2, 4, 1, 3, 3, 1, 1, 4, 3, 4, 3, 2, 4, 2, 4, 2, 3, 4, 1, 2, 1, 2, 3, 4, 1, 2]|[1, 2, 1, 0, 3, 0, 1, 3, 0, 0, 2, 0, 1, 0, 1, 0, 0, 0, 1, 0, 0, 2, 0, 0, 1, 0, 0, 3, 0, 1, 0, 2, 0, 1, 3, 0, 1, 3, 1, 0, 0, 0, 1, 3, 0, 0, 1, 0, 2, 0, 0, 0, 0, 0, 1, 0, 1, 0, 1, 1, 0, 2, 2, 0, 0, 0, 1, 0, 0, 2, 0, 0, 1, 0, 0, 1, 0, 0, 3, 0, 0, 1, 0, 3, 0, 0, 1, 0, 2, 0, 0, 2, 1, 0, 0, 0, 0, 1, 0, 0],850.9632869082183,52431.02217786142,105346.60403335126,false
51,G2_TEC,G2_TEC,[31, 94, 82, 15, 26, 9, 95, 42, 77, 68, 47, 5, 93, 78, 86, 54, 85, 63, 18, 44, 20, 49, 36, 14, 74, 50, 53, 17, 21, 28, 11, 64, 3, 23, 30, 83, 24, 41, 40, 52, 65, 27, 90, 70, 39, 87, 48, 69, 99, 4, 46, 1, 13, 56, 97, 59, 45, 8, 73, 37, 35, 79, 71, 66, 76, 32, 60, 80, 58, 6, 67, 61, 33, 7, 57, 34, 12, 16, 10, 98, 96, 88, 43, 81, 91, 2, 84, 29, 92, 19, 51, 55, 89, 75, 25, 72, 22, 38, 62, 0]|[2, 1, 2, 1, 1, 2, 1, 1, 1, 1, 1, 0, 2, 2, 1, 2, 0, 0, 0, 2, 2, 1, 0, 2, 0, 2, 2, 1, 0, 1, 1, 1, 0, 0, 1, 0, 2, 1, 2, 2, 0, 0, 1, 1, 0, 2, 0, 2, 1, 0, 0, 2, 0, 2, 2, 0, 1, 1, 0, 0, 2, 1, 1, 2, 2, 0, 2, 2, 2, 1, 2, 1, 1, 2, 0, 1, 1, 2, 1, 2, 0, 1, 1, 1, 1, 0, 0, 1, 0, 1, 1, 0, 1, 0, 1, 1, 2, 0, 1, 0]|[0, 3, 0, 3, 4, 1, 4, 4, 4, 4, 3, 2, 1, 0, 2, 1, 1, 1, 2, 1, 1, 3, 0, 1, 0, 1, 1, 4, 1, 4, 3, 2, 2, 0, 4, 1, 1, 4, 1, 1, 2, 1, 4, 4, 1, 1, 0, 1, 3, 2, 2, 1, 2, 1, 1, 2, 4, 3, 0, 2, 1, 3, 3, 1, 1, 2, 1, 1, 1, 4, 1, 3, 4, 1, 2, 4, 3, 1, 3, 1, 2, 4, 4, 4, 3, 2, 2, 3, 2, 4, 3, 2, 4, 2, 4, 4, 1, 2, 3, 2]|[0, 2, 0, 0, 3, 0, 1, 3, 1, 0, 2, 0, 1, 0, 1, 0, 0, 0, 1, 0, 0, 2, 0, 0, 1, 0, 0, 3, 0, 1, 0, 2, 0, 0, 3, 0, 1, 1, 0, 0, 0, 0, 1, 3, 0, 0, 1, 0, 2, 0, 0, 0, 0, 0, 1, 0, 1, 0, 1, 1, 0, 2, 0, 0, 0, 0, 0, 0, 0, 2, 0, 0, 1, 0, 0, 1, 0, 0, 3, 0, 0, 1, 2, 2, 0, 0, 0, 3, 0, 1, 0, 0, 1, 0, 3, 1, 0, 0, 0, 0],910.6016522559228,48453.76930145325,107095.52069553157,false
51,G3_TWC,G3_TWC,[31, 22, 42, 15, 26, 58, 95, 82, 77, 12, 47, 5, 93, 78, 98, 54, 85, 63, 18, 44, 20, 35, 43, 97, 91, 76, 10, 30, 21, 45, 71, 64, 1, 23, 17, 83, 24, 61, 60, 36, 6, 57, 94, 88, 65, 56, 79, 40, 67, 68, 46, 75, 38, 9, 19, 32, 81, 41, 27, 62, 87, 90, 99, 59, 11, 16, 72, 73, 70, 39, 37, 84, 3, 92, 25, 74, 28, 29, 51, 7, 53, 14, 86, 48, 89, 50, 66, 96, 33, 80, 4, 8, 55, 49, 0, 52, 69, 2, 13, 34]|[1, 1, 0, 1, 1, 1, 2, 1, 2, 1, 2, 2, 2, 1, 1, 0, 0, 1, 0, 2, 2, 0, 1, 2, 0, 1, 2, 2, 0, 0, 1, 2, 1, 2, 1, 0, 2, 0, 1, 1, 0, 1, 1, 1, 0, 2, 1, 1, 0, 0, 0, 0, 1, 1, 2, 1, 2, 0, 0, 0, 2, 1, 0, 1, 2, 1, 2, 1, 1, 1, 1, 1, 2, 0, 1, 2, 0, 0, 0, 1, 0, 1, 0, 0, 1, 0, 0, 0, 2, 0, 0, 1, 1, 0, 0, 1, 1, 0, 0, 2]|[4, 3, 2, 2, 0, 0, 2, 2, 2, 4, 1, 1, 2, 4, 4, 1, 1, 4, 2, 1, 1, 1, 1, 2, 1, 2, 1, 1, 1, 1, 3, 2, 3, 0, 4, 0, 1, 1, 0, 3, 2, 2, 4, 0, 1, 1, 3, 2, 0, 1, 2, 2, 1, 4, 0, 3, 2, 1, 1, 2, 1, 3, 1, 1, 1, 3, 0, 4, 3, 1, 4, 1, 1, 2, 4, 1, 2, 1, 1, 3, 2, 3, 1, 1, 1, 1, 1, 1, 1, 1, 2, 3, 4, 1, 2, 1, 3, 2, 2, 1]|[0, 2, 1, 1, 3, 3, 0, 1, 0, 0, 0, 0, 1, 0, 1, 0, 0, 3, 1, 0, 0, 0, 3, 1, 0, 2, 0, 0, 0, 1, 0, 0, 0, 0, 3, 0, 1, 0, 0, 2, 1, 1, 2, 0, 0, 0, 0, 1, 1, 0, 0, 0, 1, 3, 0, 0, 1, 0, 0, 1, 0, 2, 0, 1, 0, 2, 1, 0, 0, 1, 1, 3, 0, 1, 3, 0, 1, 0, 0, 2, 1, 0, 0, 0, 1, 0, 0, 0, 0, 0, 1, 2, 3, 1, 0, 1, 0, 0, 0, 0],802.5281847645216,57652.86795409501,87938.17744329936,false
51,G1_CMAX,G3_TWC,[31, 22, 42, 15, 26, 58, 95, 82, 77, 12, 47, 5, 93, 78, 98, 54, 85, 63, 18, 44, 20, 35, 43, 97, 91, 76, 10, 30, 21, 45, 71, 64, 1, 23, 17, 83, 24, 61, 60, 36, 6, 57, 94, 88, 65, 56, 79, 40, 67, 68, 46, 75, 38, 9, 19, 32, 81, 41, 27, 62, 87, 90, 99, 59, 11, 16, 72, 73, 70, 39, 37, 84, 3, 92, 25, 74, 28, 29, 51, 7, 53, 14, 86, 48, 89, 50, 66, 96, 33, 80, 4, 8, 55, 34, 0, 52, 13, 2, 69, 49]|[1, 1, 0, 1, 1, 1, 2, 1, 2, 1, 2, 2, 2, 1, 1, 0, 0, 1, 0, 2, 2, 0, 1, 2, 0, 1, 2, 2, 0, 0, 1, 2, 1, 2, 1, 0, 2, 0, 1, 1, 0, 1, 1, 1, 0, 2, 1, 1, 0, 0, 0, 0, 1, 1, 2, 1, 2, 0, 0, 0, 2, 1, 0, 1, 2, 1, 2, 1, 1, 1, 1, 1, 2, 0, 1, 1, 0, 0, 0, 1, 0, 1, 0, 0, 1, 0, 0, 0, 2, 0, 0, 1, 2, 2, 0, 1, 0, 0, 1, 0]|[4, 3, 2, 2, 0, 0, 2, 2, 2, 4, 1, 1, 2, 4, 4, 1, 1, 4, 2, 1, 1, 1, 1, 2, 1, 2, 1, 1, 1, 1, 3, 2, 3, 0, 4, 0, 1, 1, 0, 3, 2, 2, 4, 0, 1, 1, 3, 2, 0, 1, 2, 2, 1, 4, 0, 3, 2, 1, 1, 2, 1, 3, 1, 1, 1, 3, 0, 4, 3, 1, 4, 1, 1, 2, 4, 4, 2, 1, 1, 3, 2, 3, 1, 1, 1, 1, 1, 1, 1, 1, 2, 3, 1, 1, 2, 1, 2, 2, 3, 1]|[0, 2, 1, 1, 3, 3, 0, 1, 0, 0, 0, 0, 1, 0, 1, 0, 0, 3, 1, 0, 0, 0, 3, 1, 0, 2, 0, 0, 0, 1, 0, 0, 0, 0, 3, 0, 1, 0, 0, 2, 1, 1, 2, 0, 0, 0, 0, 1, 1, 0, 0, 0, 1, 3, 0, 0, 1, 0, 0, 1, 0, 2, 0, 1, 0, 2, 1, 0, 0, 1, 1, 3, 0, 1, 3, 3, 1, 0, 0, 2, 1, 0, 0, 0, 1, 0, 0, 0, 0, 0, 1, 2, 0, 0, 0, 1, 0, 0, 0, 1],804.6875225521468,57662.19929258165,87694.73413835934,true
51,G4_BALANCED,G4_BALANCED,[31, 11, 15, 82, 26, 9, 95, 32, 77, 68, 47, 5, 93, 78, 86, 54, 85, 63, 18, 44, 20, 49, 36, 14, 74, 50, 53, 17, 21, 45, 71, 64, 3, 23, 30, 83, 24, 41, 60, 52, 51, 27, 90, 70, 39, 87, 48, 69, 99, 4, 46, 1, 13, 58, 97, 59, 28, 8, 73, 37, 35, 79, 22, 66, 76, 42, 40, 80, 96, 6, 16, 61, 33, 7, 57, 34, 12, 67, 10, 98, 56, 88, 29, 25, 91, 38, 19, 92, 43, 84, 65, 72, 81, 75, 2, 55, 62, 89, 94, 0]|[2, 1, 1, 2, 1, 2, 1, 1, 1, 1, 1, 0, 2, 2, 1, 2, 0, 0, 0, 2, 2, 1, 0, 2, 0, 2, 2, 1, 0, 1, 1, 1, 0, 0, 1, 0, 2, 1, 2, 2, 0, 0, 1, 1, 0, 2, 0, 2, 1, 0, 0, 2, 0, 0, 2, 0, 1, 1, 0, 0, 2, 1, 1, 2, 2, 0, 2, 2, 0, 1, 2, 1, 1, 2, 0, 1, 2, 1, 1, 2, 2, 1, 1, 1, 1, 0, 1, 0, 1, 0, 1, 1, 1, 0, 2, 0, 1, 1, 2, 0]|[1, 3, 2, 0, 4, 1, 4, 4, 2, 4, 3, 2, 1, 0, 2, 1, 1, 1, 2, 1, 1, 3, 0, 1, 0, 1, 1, 4, 1, 4, 3, 2, 2, 0, 4, 1, 1, 4, 0, 1, 2, 1, 4, 4, 1, 1, 0, 2, 3, 1, 2, 1, 2, 1, 1, 2, 4, 3, 0, 2, 2, 3, 3, 0, 1, 2, 0, 1, 2, 4, 1, 3, 4, 1, 2, 4, 1, 3, 3, 1, 1, 4, 3, 4, 3, 2, 4, 2, 4, 2, 3, 4, 1, 2, 1, 2, 3, 4, 1, 2]|[1, 2, 1, 0, 3, 0, 1, 3, 0, 0, 2, 0, 1, 0, 1, 0, 0, 0, 1, 0, 0, 2, 0, 0, 1, 0, 0, 3, 0, 1, 0, 2, 0, 1, 3, 0, 1, 3, 1, 0, 0, 0, 1, 3, 0, 0, 1, 0, 2, 0, 0, 0, 0, 0, 1, 0, 1, 0, 1, 1, 0, 2, 2, 0, 0, 0, 1, 0, 0, 2, 0, 0, 1, 0, 0, 1, 0, 0, 3, 0, 0, 1, 0, 3, 0, 0, 1, 0, 2, 0, 0, 2, 1, 0, 0, 0, 0, 1, 0, 0],850.9632869082183,52431.02217786142,105346.60403335126,false
51,G2_TEC,G2_TEC,[31, 94, 82, 15, 26, 9, 95, 42, 77, 68, 47, 5, 93, 78, 86, 54, 85, 63, 18, 44, 20, 49, 36, 14, 74, 50, 53, 17, 21, 28, 11, 64, 3, 23, 30, 83, 24, 41, 40, 52, 65, 27, 90, 70, 39, 87, 48, 69, 99, 4, 46, 1, 13, 56, 97, 59, 45, 8, 73, 37, 35, 79, 71, 66, 76, 32, 60, 80, 58, 6, 67, 61, 33, 7, 57, 34, 12, 16, 10, 98, 96, 88, 43, 81, 91, 2, 84, 29, 92, 19, 51, 55, 89, 75, 25, 72, 22, 38, 62, 0]|[2, 1, 2, 1, 1, 2, 1, 1, 1, 1, 1, 0, 2, 2, 1, 2, 0, 0, 0, 2, 2, 1, 0, 2, 0, 2, 2, 1, 0, 1, 1, 1, 0, 0, 1, 0, 2, 1, 2, 2, 0, 0, 1, 1, 0, 2, 0, 2, 1, 0, 0, 2, 0, 2, 2, 0, 1, 1, 0, 0, 2, 1, 1, 2, 2, 0, 2, 2, 2, 1, 2, 1, 1, 2, 0, 1, 1, 2, 1, 2, 0, 1, 1, 1, 1, 0, 0, 1, 0, 1, 1, 0, 1, 0, 1, 1, 2, 0, 1, 0]|[0, 3, 0, 3, 4, 1, 4, 4, 4, 4, 3, 2, 1, 0, 2, 1, 1, 1, 2, 1, 1, 3, 0, 1, 0, 1, 1, 4, 1, 4, 3, 2, 2, 0, 4, 1, 1, 4, 1, 1, 2, 1, 4, 4, 1, 1, 0, 1, 3, 2, 2, 1, 2, 1, 1, 2, 4, 3, 0, 2, 1, 3, 3, 1, 1, 2, 1, 1, 1, 4, 1, 3, 4, 1, 2, 4, 3, 1, 3, 1, 2, 4, 4, 4, 3, 2, 2, 3, 2, 4, 3, 2, 4, 2, 4, 4, 1, 2, 3, 2]|[0, 2, 0, 0, 3, 0, 1, 3, 1, 0, 2, 0, 1, 0, 1, 0, 0, 0, 1, 0, 0, 2, 0, 0, 1, 0, 0, 3, 0, 1, 0, 2, 0, 0, 3, 0, 1, 1, 0, 0, 0, 0, 1, 3, 0, 0, 1, 0, 2, 0, 0, 0, 0, 0, 1, 0, 1, 0, 1, 1, 0, 2, 0, 0, 0, 0, 0, 0, 0, 2, 0, 0, 1, 0, 0, 1, 0, 0, 3, 0, 0, 1, 2, 2, 0, 0, 0, 3, 0, 1, 0, 0, 1, 0, 3, 1, 0, 0, 0, 0],910.6016522559228,48453.76930145325,107095.52069553157,false
51,G3_TWC,G3_TWC,[31, 22, 42, 15, 26, 58, 95, 82, 77, 12, 47, 5, 93, 78, 98, 54, 85, 63, 18, 44, 20, 35, 43, 97, 91, 76, 10, 30, 21, 45, 71, 64, 1, 23, 17, 83, 24, 61, 60, 36, 6, 57, 94, 88, 65, 56, 79, 40, 67, 68, 46, 75, 38, 9, 19, 32, 81, 41, 27, 62, 87, 90, 99, 59, 11, 16, 72, 73, 70, 39, 37, 84, 3, 92, 25, 74, 28, 29, 51, 7, 53, 14, 86, 48, 89, 50, 66, 96, 33, 80, 4, 8, 55, 49, 0, 52, 69, 2, 13, 34]|[1, 1, 0, 1, 1, 1, 2, 1, 2, 1, 2, 2, 2, 1, 1, 0, 0, 1, 0, 2, 2, 0, 1, 2, 0, 1, 2, 2, 0, 0, 1, 2, 1, 2, 1, 0, 2, 0, 1, 1, 0, 1, 1, 1, 0, 2, 1, 1, 0, 0, 0, 0, 1, 1, 2, 1, 2, 0, 0, 0, 2, 1, 0, 1, 2, 1, 2, 1, 1, 1, 1, 1, 2, 0, 1, 2, 0, 0, 0, 1, 0, 1, 0, 0, 1, 0, 0, 0, 2, 0, 0, 1, 1, 0, 0, 1, 1, 0, 0, 2]|[4, 3, 2, 2, 0, 0, 2, 2, 2, 4, 1, 1, 2, 4, 4, 1, 1, 4, 2, 1, 1, 1, 1, 2, 1, 2, 1, 1, 1, 1, 3, 2, 3, 0, 4, 0, 1, 1, 0, 3, 2, 2, 4, 0, 1, 1, 3, 2, 0, 1, 2, 2, 1, 4, 0, 3, 2, 1, 1, 2, 1, 3, 1, 1, 1, 3, 0, 4, 3, 1, 4, 1, 1, 2, 4, 1, 2, 1, 1, 3, 2, 3, 1, 1, 1, 1, 1, 1, 1, 1, 2, 3, 4, 1, 2, 1, 3, 2, 2, 1]|[0, 2, 1, 1, 3, 3, 0, 1, 0, 0, 0, 0, 1, 0, 1, 0, 0, 3, 1, 0, 0, 0, 3, 1, 0, 2, 0, 0, 0, 1, 0, 0, 0, 0, 3, 0, 1, 0, 0, 2, 1, 1, 2, 0, 0, 0, 0, 1, 1, 0, 0, 0, 1, 3, 0, 0, 1, 0, 0, 1, 0, 2, 0, 1, 0, 2, 1, 0, 0, 1, 1, 3, 0, 1, 3, 0, 1, 0, 0, 2, 1, 0, 0, 0, 1, 0, 0, 0, 0, 0, 1, 2, 3, 1, 0, 1, 0, 0, 0, 0],802.5281847645216,57652.86795409501,87938.17744329936,false
51,G1_CMAX,G1_CMAX,[31, 22, 28, 15, 26, 58, 95, 82, 77, 12, 47, 5, 93, 78, 98, 54, 85, 63, 18, 44, 20, 14, 43, 97, 76, 10, 30, 21, 45, 71, 64, 1, 23, 17, 83, 24, 35, 60, 36, 6, 57, 94, 88, 65, 56, 79, 40, 67, 68, 46, 75, 38, 9, 19, 32, 81, 41, 27, 62, 87, 90, 99, 59, 11, 16, 72, 73, 70, 39, 37, 84, 3, 92, 25, 74, 29, 91, 42, 51, 7, 53, 61, 86, 66, 89, 50, 48, 96, 33, 80, 4, 8, 55, 49, 0, 52, 2, 13, 69, 34]|[1, 1, 0, 1, 1, 1, 2, 1, 2, 1, 2, 2, 2, 1, 1, 0, 0, 1, 0, 2, 2, 0, 1, 2, 1, 2, 2, 0, 0, 1, 2, 1, 2, 1, 0, 2, 0, 1, 1, 0, 1, 1, 1, 0, 2, 1, 1, 0, 0, 0, 0, 1, 1, 2, 1, 2, 0, 0, 0, 2, 1, 0, 1, 2, 1, 2, 1, 1, 1, 1, 1, 2, 0, 1, 2, 0, 0, 0, 0, 1, 0, 1, 0, 2, 1, 1, 0, 2, 2, 0, 1, 1, 2, 0, 0, 1, 0, 0, 1, 2]|[4, 3, 2, 2, 0, 0, 2, 2, 2, 4, 1, 1, 2, 4, 4, 1, 1, 4, 2, 1, 1, 1, 1, 2, 2, 1, 1, 1, 1, 3, 2, 3, 0, 4, 0, 1, 1, 0, 3, 2, 2, 4, 0, 1, 1, 3, 2, 0, 1, 2, 2, 1, 4, 0, 3, 2, 1, 1, 2, 1, 3, 1, 1, 1, 3, 0, 4, 3, 1, 4, 1, 1, 2, 4, 1, 1, 1, 2, 1, 3, 2, 3, 1, 1, 1, 3, 1, 1, 1, 1, 4, 3, 1, 1, 2, 1, 2, 2, 3, 1]|[0, 2, 1, 1, 3, 3, 0, 1, 0, 0, 0, 0, 1, 0, 1, 0, 0, 3, 1, 0, 0, 0, 3, 1, 2, 0, 0, 0, 1, 0, 0, 0, 0, 3, 0, 1, 0, 0, 2, 1, 1, 2, 0, 0, 0, 0, 1, 1, 0, 0, 0, 1, 3, 0, 0, 1, 0, 0, 1, 0, 2, 0, 1, 0, 2, 1, 0, 0, 1, 1, 3, 0, 1, 3, 0, 0, 0, 1, 0, 2, 1, 0, 0, 0, 1, 2, 0, 0, 0, 0, 0, 2, 0, 1, 0, 1, 0, 0, 0, 0],728.3465648255482,57191.86946964996,90218.85387989215,false
51,G4_BALANCED,G4_BALANCED,[31, 11, 15, 82, 26, 9, 95, 32, 77, 68, 47, 5, 93, 78, 86, 54, 85, 63, 18, 44, 20, 49, 36, 14, 74, 50, 53, 17, 21, 45, 71, 64, 3, 23, 30, 83, 24, 41, 60, 52, 51, 27, 90, 70, 39, 87, 48, 69, 99, 4, 46, 1, 13, 58, 97, 59, 28, 8, 73, 37, 35, 79, 22, 66, 76, 42, 40, 80, 96, 6, 16, 61, 33, 7, 57, 34, 12, 67, 10, 98, 56, 88, 29, 25, 91, 38, 19, 92, 43, 84, 65, 72, 81, 75, 2, 55, 62, 89, 94, 0]|[2, 1, 1, 2, 1, 2, 1, 1, 1, 1, 1, 0, 2, 2, 1, 2, 0, 0, 0, 2, 2, 1, 0, 2, 0, 2, 2, 1, 0, 1, 1, 1, 0, 0, 1, 0, 2, 1, 2, 2, 0, 0, 1, 1, 0, 2, 0, 2, 1, 0, 0, 2, 0, 0, 2, 0, 1, 1, 0, 0, 2, 1, 1, 2, 2, 0, 2, 2, 0, 1, 2, 1, 1, 2, 0, 1, 2, 1, 1, 2, 2, 1, 1, 1, 1, 0, 1, 0, 1, 0, 1, 1, 1, 0, 2, 0, 1, 1, 2, 0]|[1, 3, 2, 0, 4, 1, 4, 4, 2, 4, 3, 2, 1, 0, 2, 1, 1, 1, 2, 1, 1, 3, 0, 1, 0, 1, 1, 4, 1, 4, 3, 2, 2, 0, 4, 1, 1, 4, 0, 1, 2, 1, 4, 4, 1, 1, 0, 2, 3, 1, 2, 1, 2, 1, 1, 2, 4, 3, 0, 2, 2, 3, 3, 0, 1, 2, 0, 1, 2, 4, 1, 3, 4, 1, 2, 4, 1, 3, 3, 1, 1, 4, 3, 4, 3, 2, 4, 2, 4, 2, 3, 4, 1, 2, 1, 2, 3, 4, 1, 2]|[1, 2, 1, 0, 3, 0, 1, 3, 0, 0, 2, 0, 1, 0, 1, 0, 0, 0, 1, 0, 0, 2, 0, 0, 1, 0, 0, 3, 0, 1, 0, 2, 0, 1, 3, 0, 1, 3, 1, 0, 0, 0, 1, 3, 0, 0, 1, 0, 2, 0, 0, 0, 0, 0, 1, 0, 1, 0, 1, 1, 0, 2, 2, 0, 0, 0, 1, 0, 0, 2, 0, 0, 1, 0, 0, 1, 0, 0, 3, 0, 0, 1, 0, 3, 0, 0, 1, 0, 2, 0, 0, 2, 1, 0, 0, 0, 0, 1, 0, 0],850.9632869082183,52431.02217786142,105346.60403335126,false
51,G2_TEC,G2_TEC,[31, 94, 82, 15, 26, 9, 95, 42, 77, 68, 47, 5, 93, 78, 86, 54, 85, 63, 18, 44, 20, 49, 36, 14, 74, 50, 53, 17, 21, 28, 11, 64, 3, 23, 30, 83, 24, 41, 40, 52, 65, 27, 90, 70, 39, 87, 48, 69, 99, 4, 46, 1, 13, 56, 97, 59, 45, 8, 73, 37, 35, 79, 71, 66, 76, 32, 60, 80, 58, 6, 67, 61, 33, 7, 57, 34, 12, 16, 10, 98, 96, 88, 43, 81, 91, 2, 84, 29, 92, 19, 51, 55, 89, 75, 25, 72, 22, 38, 62, 0]|[2, 1, 2, 1, 1, 2, 1, 1, 1, 1, 1, 0, 2, 2, 1, 2, 0, 0, 0, 2, 2, 1, 0, 2, 0, 2, 2, 1, 0, 1, 1, 1, 0, 0, 1, 0, 2, 1, 2, 2, 0, 0, 1, 1, 0, 2, 0, 2, 1, 0, 0, 2, 0, 2, 2, 0, 1, 1, 0, 0, 2, 1, 1, 2, 2, 0, 2, 2, 2, 1, 2, 1, 1, 2, 0, 1, 1, 2, 1, 2, 0, 1, 1, 1, 1, 0, 0, 1, 0, 1, 1, 0, 1, 0, 1, 1, 2, 0, 1, 0]|[0, 3, 0, 3, 4, 1, 4, 4, 4, 4, 3, 2, 1, 0, 2, 1, 1, 1, 2, 1, 1, 3, 0, 1, 0, 1, 1, 4, 1, 4, 3, 2, 2, 0, 4, 1, 1, 4, 1, 1, 2, 1, 4, 4, 1, 1, 0, 1, 3, 2, 2, 1, 2, 1, 1, 2, 4, 3, 0, 2, 1, 3, 3, 1, 1, 2, 1, 1, 1, 4, 1, 3, 4, 1, 2, 4, 3, 1, 3, 1, 2, 4, 4, 4, 3, 2, 2, 3, 2, 4, 3, 2, 4, 2, 4, 4, 1, 2, 3, 2]|[0, 2, 0, 0, 3, 0, 1, 3, 1, 0, 2, 0, 1, 0, 1, 0, 0, 0, 1, 0, 0, 2, 0, 0, 1, 0, 0, 3, 0, 1, 0, 2, 0, 0, 3, 0, 1, 1, 0, 0, 0, 0, 1, 3, 0, 0, 1, 0, 2, 0, 0, 0, 0, 0, 1, 0, 1, 0, 1, 1, 0, 2, 0, 0, 0, 0, 0, 0, 0, 2, 0, 0, 1, 0, 0, 1, 0, 0, 3, 0, 0, 1, 2, 2, 0, 0, 0, 3, 0, 1, 0, 0, 1, 0, 3, 1, 0, 0, 0, 0],910.6016522559228,48453.76930145325,107095.52069553157,false
51,G3_TWC,G3_TWC,[31, 22, 42, 15, 26, 58, 95, 82, 77, 12, 47, 5, 93, 78, 98, 54, 85, 63, 18, 44, 20, 35, 43, 97, 91, 76, 10, 30, 21, 45, 71, 64, 1, 23, 17, 83, 24, 61, 60, 36, 6, 57, 94, 88, 65, 56, 79, 40, 67, 68, 46, 75, 38, 9, 19, 32, 81, 41, 27, 62, 87, 90, 99, 59, 11, 16, 72, 73, 70, 39, 37, 84, 3, 92, 25, 74, 28, 29, 51, 7, 53, 14, 86, 48, 89, 50, 66, 96, 33, 80, 4, 8, 55, 49, 0, 52, 69, 2, 13, 34]|[1, 1, 0, 1, 1, 1, 2, 1, 2, 1, 2, 2, 2, 1, 1, 0, 0, 1, 0, 2, 2, 0, 1, 2, 0, 1, 2, 2, 0, 0, 1, 2, 1, 2, 1, 0, 2, 0, 1, 1, 0, 1, 1, 1, 0, 2, 1, 1, 0, 0, 0, 0, 1, 1, 2, 1, 2, 0, 0, 0, 2, 1, 0, 1, 2, 1, 2, 1, 1, 1, 1, 1, 2, 0, 1, 2, 0, 0, 0, 1, 0, 1, 0, 0, 1, 0, 0, 0, 2, 0, 0, 1, 1, 0, 0, 1, 1, 0, 0, 2]|[4, 3, 2, 2, 0, 0, 2, 2, 2, 4, 1, 1, 2, 4, 4, 1, 1, 4, 2, 1, 1, 1, 1, 2, 1, 2, 1, 1, 1, 1, 3, 2, 3, 0, 4, 0, 1, 1, 0, 3, 2, 2, 4, 0, 1, 1, 3, 2, 0, 1, 2, 2, 1, 4, 0, 3, 2, 1, 1, 2, 1, 3, 1, 1, 1, 3, 0, 4, 3, 1, 4, 1, 1, 2, 4, 1, 2, 1, 1, 3, 2, 3, 1, 1, 1, 1, 1, 1, 1, 1, 2, 3, 4, 1, 2, 1, 3, 2, 2, 1]|[0, 2, 1, 1, 3, 3, 0, 1, 0, 0, 0, 0, 1, 0, 1, 0, 0, 3, 1, 0, 0, 0, 3, 1, 0, 2, 0, 0, 0, 1, 0, 0, 0, 0, 3, 0, 1, 0, 0, 2, 1, 1, 2, 0, 0, 0, 0, 1, 1, 0, 0, 0, 1, 3, 0, 0, 1, 0, 0, 1, 0, 2, 0, 1, 0, 2, 1, 0, 0, 1, 1, 3, 0, 1, 3, 0, 1, 0, 0, 2, 1, 0, 0, 0, 1, 0, 0, 0, 0, 0, 1, 2, 3, 1, 0, 1, 0, 0, 0, 0],802.5281847645216,57652.86795409501,87938.17744329936,false
51,G1_CMAX,G1_CMAX,[31, 22, 82, 15, 26, 99, 95, 42, 77, 12, 47, 5, 93, 78, 86, 54, 21, 63, 18, 44, 20, 35, 43, 97, 91, 76, 10, 30, 85, 45, 71, 64, 1, 23, 37, 83, 24, 14, 60, 36, 6, 57, 40, 88, 65, 56, 79, 94, 67, 68, 46, 75, 38, 9, 19, 32, 41, 81, 27, 87, 90, 58, 59, 11, 16, 72, 73, 70, 39, 17, 84, 3, 92, 25, 55, 48, 28, 29, 51, 7, 33, 61, 98, 62, 89, 50, 4, 96, 53, 80, 8, 66, 34, 49, 52, 0, 13, 2, 69, 74]|[2, 1, 0, 1, 1, 0, 1, 1, 2, 1, 2, 2, 2, 1, 1, 0, 0, 1, 0, 2, 2, 0, 1, 2, 0, 1, 2, 2, 0, 0, 1, 2, 1, 2, 1, 0, 2, 0, 1, 1, 0, 1, 1, 1, 0, 2, 1, 1, 0, 0, 0, 0, 1, 1, 2, 1, 0, 2, 0, 2, 1, 0, 1, 2, 1, 2, 1, 1, 1, 1, 1, 1, 0, 1, 2, 0, 0, 0, 0, 2, 2, 1, 2, 0, 1, 0, 1, 2, 0, 0, 1, 2, 2, 0, 1, 0, 0, 0, 1, 2]|[1, 3, 2, 2, 4, 1, 2, 3, 2, 4, 1, 1, 2, 4, 4, 1, 1, 4, 2, 1, 1, 1, 1, 2, 1, 2, 1, 1, 2, 1, 3, 2, 3, 1, 4, 0, 1, 1, 0, 3, 2, 2, 2, 0, 1, 1, 0, 4, 0, 1, 2, 2, 1, 4, 0, 3, 1, 1, 1, 1, 3, 1, 1, 1, 3, 0, 4, 3, 1, 4, 1, 1, 2, 4, 1, 1, 2, 1, 1, 1, 1, 3, 1, 2, 1, 1, 4, 1, 2, 1, 3, 1, 1, 1, 1, 2, 2, 2, 4, 1]|[0, 2, 1, 1, 3, 0, 1, 3, 0, 0, 0, 0, 1, 0, 1, 0, 0, 3, 1, 0, 0, 0, 3, 1, 0, 2, 0, 0, 0, 1, 0, 0, 0, 0, 3, 0, 1, 0, 0, 2, 1, 1, 1, 0, 0, 0, 0, 2, 1, 0, 0, 0, 1, 3, 0, 0, 0, 0, 0, 0, 2, 0, 1, 0, 2, 1, 0, 0, 1, 1, 3, 1, 1, 3, 0, 0, 1, 0, 0, 0, 0, 0, 0, 1, 1, 0, 0, 0, 1, 0, 2, 0, 0, 1, 1, 0, 0, 0, 2, 0],741.8849986867369,55870.42159412257,92036.86219917734,false
51,G4_BALANCED,G4_BALANCED,[31, 11, 15, 82, 26, 9, 95, 32, 77, 68, 47, 5, 93, 78, 86, 54, 85, 63, 18, 44, 20, 49, 36, 14, 74, 50, 53, 17, 21, 45, 71, 64, 3, 23, 30, 83, 24, 41, 60, 52, 51, 27, 90, 70, 39, 87, 48, 69, 99, 4, 46, 1, 13, 58, 97, 59, 28, 8, 73, 37, 35, 79, 22, 66, 76, 42, 40, 80, 96, 6, 16, 61, 33, 7, 57, 34, 12, 67, 10, 98, 56, 88, 29, 25, 91, 38, 19, 92, 43, 84, 65, 72, 81, 75, 2, 55, 62, 89, 94, 0]|[2, 1, 1, 2, 1, 2, 1, 1, 1, 1, 1, 0, 2, 2, 1, 2, 0, 0, 0, 2, 2, 1, 0, 2, 0, 2, 2, 1, 0, 1, 1, 1, 0, 0, 1, 0, 2, 1, 2, 2, 0, 0, 1, 1, 0, 2, 0, 2, 1, 0, 0, 2, 0, 0, 2, 0, 1, 1, 0, 0, 2, 1, 1, 2, 2, 0, 2, 2, 0, 1, 2, 1, 1, 2, 0, 1, 2, 1, 1, 2, 2, 1, 1, 1, 1, 0, 1, 0, 1, 0, 1, 1, 1, 0, 2, 0, 1, 1, 2, 0]|[1, 3, 2, 0, 4, 1, 4, 4, 2, 4, 3, 2, 1, 0, 2, 1, 1, 1, 2, 1, 1, 3, 0, 1, 0, 1, 1, 4, 1, 4, 3, 2, 2, 0, 4, 1, 1, 4, 0, 1, 2, 1, 4, 4, 1, 1, 0, 2, 3, 1, 2, 1, 2, 1, 1, 2, 4, 3, 0, 2, 2, 3, 3, 0, 1, 2, 0, 1, 2, 4, 1, 3, 4, 1, 2, 4, 1, 3, 3, 1, 1, 4, 3, 4, 3, 2, 4, 2, 4, 2, 3, 4, 1, 2, 1, 2, 3, 4, 1, 2]|[1, 2, 1, 0, 3, 0, 1, 3, 0, 0, 2, 0, 1, 0, 1, 0, 0, 0, 1, 0, 0, 2, 0, 0, 1, 0, 0, 3, 0, 1, 0, 2, 0, 1, 3, 0, 1, 3, 1, 0, 0, 0, 1, 3, 0, 0, 1, 0, 2, 0, 0, 0, 0, 0, 1, 0, 1, 0, 1, 1, 0, 2, 2, 0, 0, 0, 1, 0, 0, 2, 0, 0, 1, 0, 0, 1, 0, 0, 3, 0, 0, 1, 0, 3, 0, 0, 1, 0, 2, 0, 0, 2, 1, 0, 0, 0, 0, 1, 0, 0],850.9632869082183,52431.02217786142,105346.60403335126,false
51,G2_TEC,G2_TEC,[31, 94, 82, 15, 26, 9, 95, 42, 77, 68, 47, 5, 93, 78, 86, 54, 85, 63, 18, 44, 20, 49, 36, 14, 74, 50, 53, 17, 21, 28, 11, 64, 3, 23, 30, 83, 24, 41, 40, 52, 65, 27, 90, 70, 39, 87, 48, 69, 99, 4, 46, 1, 13, 56, 97, 59, 45, 8, 73, 37, 35, 79, 71, 66, 76, 32, 60, 80, 58, 6, 67, 61, 33, 7, 57, 34, 12, 16, 10, 98, 96, 88, 43, 81, 91, 2, 84, 29, 92, 19, 51, 55, 89, 75, 25, 72, 22, 38, 62, 0]|[2, 1, 2, 1, 1, 2, 1, 1, 1, 1, 1, 0, 2, 2, 1, 2, 0, 0, 0, 2, 2, 1, 0, 2, 0, 2, 2, 1, 0, 1, 1, 1, 0, 0, 1, 0, 2, 1, 2, 2, 0, 0, 1, 1, 0, 2, 0, 2, 1, 0, 0, 2, 0, 2, 2, 0, 1, 1, 0, 0, 2, 1, 1, 2, 2, 0, 2, 2, 2, 1, 2, 1, 1, 2, 0, 1, 1, 2, 1, 2, 0, 1, 1, 1, 1, 0, 0, 1, 0, 1, 1, 0, 1, 0, 1, 1, 2, 0, 1, 0]|[0, 3, 0, 3, 4, 1, 4, 4, 4, 4, 3, 2, 1, 0, 2, 1, 1, 1, 2, 1, 1, 3, 0, 1, 0, 1, 1, 4, 1, 4, 3, 2, 2, 0, 4, 1, 1, 4, 1, 1, 2, 1, 4, 4, 1, 1, 0, 1, 3, 2, 2, 1, 2, 1, 1, 2, 4, 3, 0, 2, 1, 3, 3, 1, 1, 2, 1, 1, 1, 4, 1, 3, 4, 1, 2, 4, 3, 1, 3, 1, 2, 4, 4, 4, 3, 2, 2, 3, 2, 4, 3, 2, 4, 2, 4, 4, 1, 2, 3, 2]|[0, 2, 0, 0, 3, 0, 1, 3, 1, 0, 2, 0, 1, 0, 1, 0, 0, 0, 1, 0, 0, 2, 0, 0, 1, 0, 0, 3, 0, 1, 0, 2, 0, 0, 3, 0, 1, 1, 0, 0, 0, 0, 1, 3, 0, 0, 1, 0, 2, 0, 0, 0, 0, 0, 1, 0, 1, 0, 1, 1, 0, 2, 0, 0, 0, 0, 0, 0, 0, 2, 0, 0, 1, 0, 0, 1, 0, 0, 3, 0, 0, 1, 2, 2, 0, 0, 0, 3, 0, 1, 0, 0, 1, 0, 3, 1, 0, 0, 0, 0],910.6016522559228,48453.76930145325,107095.52069553157,false
51,G3_TWC,G3_TWC,[31, 22, 42, 15, 26, 58, 95, 82, 77, 12, 47, 5, 93, 78, 98, 54, 85, 63, 18, 44, 20, 35, 43, 97, 91, 76, 10, 30, 21, 45, 71, 64, 1, 23, 17, 83, 24, 61, 60, 36, 6, 57, 94, 88, 65, 56, 79, 40, 67, 68, 46, 75, 38, 9, 19, 32, 81, 41, 27, 62, 87, 90, 99, 59, 11, 16, 72, 73, 70, 39, 37, 84, 3, 92, 25, 74, 28, 29, 51, 7, 53, 14, 86, 48, 89, 50, 66, 96, 33, 80, 4, 8, 55, 49, 0, 52, 69, 2, 13, 34]|[1, 1, 0, 1, 1, 1, 2, 1, 2, 1, 2, 2, 2, 1, 1, 0, 0, 1, 0, 2, 2, 0, 1, 2, 0, 1, 2, 2, 0, 0, 1, 2, 1, 2, 1, 0, 2, 0, 1, 1, 0, 1, 1, 1, 0, 2, 1, 1, 0, 0, 0, 0, 1, 1, 2, 1, 2, 0, 0, 0, 2, 1, 0, 1, 2, 1, 2, 1, 1, 1, 1, 1, 2, 0, 1, 2, 0, 0, 0, 1, 0, 1, 0, 0, 1, 0, 0, 0, 2, 0, 0, 1, 1, 0, 0, 1, 1, 0, 0, 2]|[4, 3, 2, 2, 0, 0, 2, 2, 2, 4, 1, 1, 2, 4, 4, 1, 1, 4, 2, 1, 1, 1, 1, 2, 1, 2, 1, 1, 1, 1, 3, 2, 3, 0, 4, 0, 1, 1, 0, 3, 2, 2, 4, 0, 1, 1, 3, 2, 0, 1, 2, 2, 1, 4, 0, 3, 2, 1, 1, 2, 1, 3, 1, 1, 1, 3, 0, 4, 3, 1, 4, 1, 1, 2, 4, 1, 2, 1, 1, 3, 2, 3, 1, 1, 1, 1, 1, 1, 1, 1, 2, 3, 4, 1, 2, 1, 3, 2, 2, 1]|[0, 2, 1, 1, 3, 3, 0, 1, 0, 0, 0, 0, 1, 0, 1, 0, 0, 3, 1, 0, 0, 0, 3, 1, 0, 2, 0, 0, 0, 1, 0, 0, 0, 0, 3, 0, 1, 0, 0, 2, 1, 1, 2, 0, 0, 0, 0, 1, 1, 0, 0, 0, 1, 3, 0, 0, 1, 0, 0, 1, 0, 2, 0, 1, 0, 2, 1, 0, 0, 1, 1, 3, 0, 1, 3, 0, 1, 0, 0, 2, 1, 0, 0, 0, 1, 0, 0, 0, 0, 0, 1, 2, 3, 1, 0, 1, 0, 0, 0, 0],802.5281847645216,57652.86795409501,87938.17744329936,false
51,G1_CMAX,G1_CMAX,[31, 22, 90, 26, 58, 95, 42, 12, 93, 5, 78, 86, 98, 18, 20, 35, 3, 97, 91, 76, 10, 85, 54, 45, 63, 71, 66, 1, 23, 17, 24, 60, 36, 6, 57, 15, 65, 56, 47, 79, 94, 67, 50, 46, 14, 75, 38, 9, 30, 19, 32, 81, 27, 92, 83, 87, 40, 99, 59, 11, 53, 16, 72, 77, 73, 70, 39, 37, 84, 43, 62, 25, 55, 28, 29, 51, 68, 82, 74, 61, 88, 21, 80, 89, 7, 69, 96, 41, 48, 4, 8, 34, 49, 52, 0, 44, 13, 2, 64, 33]|[1, 1, 1, 1, 0, 2, 1, 1, 2, 2, 2, 1, 0, 1, 2, 2, 1, 2, 0, 1, 2, 2, 2, 0, 0, 1, 2, 1, 2, 1, 2, 1, 1, 0, 1, 1, 0, 2, 2, 1, 1, 0, 0, 0, 0, 1, 1, 1, 1, 2, 1, 2, 2, 0, 0, 2, 1, 0, 0, 2, 0, 1, 2, 2, 1, 1, 1, 1, 1, 1, 0, 1, 1, 0, 0, 0, 0, 0, 2, 1, 1, 0, 0, 1, 1, 1, 2, 2, 0, 1, 1, 2, 0, 1, 0, 0, 0, 0, 2, 2]|[0, 4, 3, 0, 1, 1, 2, 4, 1, 1, 2, 4, 1, 4, 1, 1, 1, 2, 2, 2, 2, 1, 1, 1, 2, 3, 2, 3, 0, 4, 1, 0, 3, 2, 2, 2, 1, 1, 1, 0, 2, 0, 1, 2, 1, 3, 1, 4, 2, 0, 3, 2, 1, 2, 1, 1, 4, 1, 1, 1, 2, 3, 0, 2, 4, 3, 1, 4, 1, 1, 1, 4, 4, 2, 1, 1, 1, 2, 1, 3, 0, 1, 1, 1, 1, 3, 1, 1, 1, 4, 3, 1, 1, 1, 2, 2, 2, 2, 1, 1]|[3, 0, 2, 3, 0, 0, 1, 0, 0, 0, 1, 0, 0, 3, 0, 0, 1, 1, 1, 2, 1, 0, 0, 0, 0, 0, 0, 0, 0, 3, 1, 0, 2, 1, 1, 1, 0, 0, 0, 0, 1, 1, 0, 0, 0, 0, 1, 3, 2, 0, 0, 1, 0, 1, 0, 0, 2, 0, 0, 0, 1, 2, 1, 1, 0, 0, 1, 1, 3, 3, 0, 3, 3, 1, 0, 0, 0, 1, 0, 0, 0, 0, 0, 1, 2, 2, 0, 0, 0, 0, 2, 0, 1, 1, 0, 0, 0, 0, 0, 0],705.0470749739228,58445.79123614564,95781.2895945797,false
51,G4_BALANCED,G4_BALANCED,[31, 11, 15, 82, 26, 9, 95, 32, 77, 68, 47, 5, 93, 78, 86, 54, 85, 63, 18, 44, 20, 49, 36, 14, 74, 50, 53, 17, 21, 45, 71, 64, 3, 23, 30, 83, 24, 41, 60, 52, 51, 27, 90, 70, 39, 87, 48, 69, 99, 4, 46, 1, 13, 58, 97, 59, 28, 8, 73, 37, 35, 79, 22, 66, 76, 42, 40, 80, 96, 6, 16, 61, 33, 7, 57, 34, 12, 67, 10, 98, 56, 88, 29, 25, 91, 38, 19, 92, 43, 84, 65, 72, 81, 75, 2, 55, 62, 89, 94, 0]|[2, 1, 1, 2, 1, 2, 1, 1, 1, 1, 1, 0, 2, 2, 1, 2, 0, 0, 0, 2, 2, 1, 0, 2, 0, 2, 2, 1, 0, 1, 1, 1, 0, 0, 1, 0, 2, 1, 2, 2, 0, 0, 1, 1, 0, 2, 0, 2, 1, 0, 0, 2, 0, 0, 2, 0, 1, 1, 0, 0, 2, 1, 1, 2, 2, 0, 2, 2, 0, 1, 2, 1, 1, 2, 0, 1, 2, 1, 1, 2, 2, 1, 1, 1, 1, 0, 1, 0, 1, 0, 1, 1, 1, 0, 2, 0, 1, 1, 2, 0]|[1, 3, 2, 0, 4, 1, 4, 4, 2, 4, 3, 2, 1, 0, 2, 1, 1, 1, 2, 1, 1, 3, 0, 1, 0, 1, 1, 4, 1, 4, 3, 2, 2, 0, 4, 1, 1, 4, 0, 1, 2, 1, 4, 4, 1, 1, 0, 2, 3, 1, 2, 1, 2, 1, 1, 2, 4, 3, 0, 2, 2, 3, 3, 0, 1, 2, 0, 1, 2, 4, 1, 3, 4, 1, 2, 4, 1, 3, 3, 1, 1, 4, 3, 4, 3, 2, 4, 2, 4, 2, 3, 4, 1, 2, 1, 2, 3, 4, 1, 2]|[1, 2, 1, 0, 3, 0, 1, 3, 0, 0, 2, 0, 1, 0, 1, 0, 0, 0, 1, 0, 0, 2, 0, 0, 1, 0, 0, 3, 0, 1, 0, 2, 0, 1, 3, 0, 1, 3, 1, 0, 0, 0, 1, 3, 0, 0, 1, 0, 2, 0, 0, 0, 0, 0, 1, 0, 1, 0, 1, 1, 0, 2, 2, 0, 0, 0, 1, 0, 0, 2, 0, 0, 1, 0, 0, 1, 0, 0, 3, 0, 0, 1, 0, 3, 0, 0, 1, 0, 2, 0, 0, 2, 1, 0, 0, 0, 0, 1, 0, 0],850.9632869082183,52431.02217786142,105346.60403335126,false
51,G2_TEC,G2_TEC,[31, 94, 82, 15, 26, 9, 95, 42, 77, 68, 47, 5, 93, 78, 86, 54, 85, 63, 18, 44, 20, 49, 36, 14, 74, 50, 53, 17, 21, 28, 11, 64, 3, 23, 30, 83, 24, 41, 40, 52, 65, 27, 90, 70, 39, 87, 48, 69, 99, 4, 46, 1, 13, 56, 97, 59, 45, 8, 73, 37, 35, 79, 71, 66, 76, 32, 60, 80, 58, 6, 67, 61, 33, 7, 57, 34, 12, 16, 10, 98, 96, 88, 43, 81, 91, 2, 84, 29, 92, 19, 51, 55, 89, 75, 25, 72, 22, 38, 62, 0]|[2, 1, 2, 1, 1, 2, 1, 1, 1, 1, 1, 0, 2, 2, 1, 2, 0, 0, 0, 2, 2, 1, 0, 2, 0, 2, 2, 1, 0, 1, 1, 1, 0, 0, 1, 0, 2, 1, 2, 2, 0, 0, 1, 1, 0, 2, 0, 2, 1, 0, 0, 2, 0, 2, 2, 0, 1, 1, 0, 0, 2, 1, 1, 2, 2, 0, 2, 2, 2, 1, 2, 1, 1, 2, 0, 1, 1, 2, 1, 2, 0, 1, 1, 1, 1, 0, 0, 1, 0, 1, 1, 0, 1, 0, 1, 1, 2, 0, 1, 0]|[0, 3, 0, 3, 4, 1, 4, 4, 4, 4, 3, 2, 1, 0, 2, 1, 1, 1, 2, 1, 1, 3, 0, 1, 0, 1, 1, 4, 1, 4, 3, 2, 2, 0, 4, 1, 1, 4, 1, 1, 2, 1, 4, 4, 1, 1, 0, 1, 3, 2, 2, 1, 2, 1, 1, 2, 4, 3, 0, 2, 1, 3, 3, 1, 1, 2, 1, 1, 1, 4, 1, 3, 4, 1, 2, 4, 3, 1, 3, 1, 2, 4, 4, 4, 3, 2, 2, 3, 2, 4, 3, 2, 4, 2, 4, 4, 1, 2, 3, 2]|[0, 2, 0, 0, 3, 0, 1, 3, 1, 0, 2, 0, 1, 0, 1, 0, 0, 0, 1, 0, 0, 2, 0, 0, 1, 0, 0, 3, 0, 1, 0, 2, 0, 0, 3, 0, 1, 1, 0, 0, 0, 0, 1, 3, 0, 0, 1, 0, 2, 0, 0, 0, 0, 0, 1, 0, 1, 0, 1, 1, 0, 2, 0, 0, 0, 0, 0, 0, 0, 2, 0, 0, 1, 0, 0, 1, 0, 0, 3, 0, 0, 1, 2, 2, 0, 0, 0, 3, 0, 1, 0, 0, 1, 0, 3, 1, 0, 0, 0, 0],910.6016522559228,48453.76930145325,107095.52069553157,false
51,G3_TWC,G3_TWC,[31, 22, 42, 15, 26, 58, 95, 82, 77, 12, 47, 5, 93, 78, 98, 54, 85, 63, 18, 44, 20, 35, 43, 97, 91, 76, 10, 30, 21, 45, 71, 64, 1, 23, 17, 83, 24, 61, 60, 36, 6, 57, 94, 88, 65, 56, 79, 40, 67, 68, 46, 75, 38, 9, 19, 32, 81, 41, 27, 62, 87, 90, 99, 59, 11, 16, 72, 73, 70, 39, 37, 84, 3, 92, 25, 74, 28, 29, 51, 7, 53, 14, 86, 48, 89, 50, 66, 96, 33, 80, 4, 8, 55, 49, 0, 52, 69, 2, 13, 34]|[1, 1, 0, 1, 1, 1, 2, 1, 2, 1, 2, 2, 2, 1, 1, 0, 0, 1, 0, 2, 2, 0, 1, 2, 0, 1, 2, 2, 0, 0, 1, 2, 1, 2, 1, 0, 2, 0, 1, 1, 0, 1, 1, 1, 0, 2, 1, 1, 0, 0, 0, 0, 1, 1, 2, 1, 2, 0, 0, 0, 2, 1, 0, 1, 2, 1, 2, 1, 1, 1, 1, 1, 2, 0, 1, 2, 0, 0, 0, 1, 0, 1, 0, 0, 1, 0, 0, 0, 2, 0, 0, 1, 1, 0, 0, 1, 1, 0, 0, 2]|[4, 3, 2, 2, 0, 0, 2, 2, 2, 4, 1, 1, 2, 4, 4, 1, 1, 4, 2, 1, 1, 1, 1, 2, 1, 2, 1, 1, 1, 1, 3, 2, 3, 0, 4, 0, 1, 1, 0, 3, 2, 2, 4, 0, 1, 1, 3, 2, 0, 1, 2, 2, 1, 4, 0, 3, 2, 1, 1, 2, 1, 3, 1, 1, 1, 3, 0, 4, 3, 1, 4, 1, 1, 2, 4, 1, 2, 1, 1, 3, 2, 3, 1, 1, 1, 1, 1, 1, 1, 1, 2, 3, 4, 1, 2, 1, 3, 2, 2, 1]|[0, 2, 1, 1, 3, 3, 0, 1, 0, 0, 0, 0, 1, 0, 1, 0, 0, 3, 1, 0, 0, 0, 3, 1, 0, 2, 0, 0, 0, 1, 0, 0, 0, 0, 3, 0, 1, 0, 0, 2, 1, 1, 2, 0, 0, 0, 0, 1, 1, 0, 0, 0, 1, 3, 0, 0, 1, 0, 0, 1, 0, 2, 0, 1, 0, 2, 1, 0, 0, 1, 1, 3, 0, 1, 3, 0, 1, 0, 0, 2, 1, 0, 0, 0, 1, 0, 0, 0, 0, 0, 1, 2, 3, 1, 0, 1, 0, 0, 0, 0],802.5281847645216,57652.86795409501,87938.17744329936,false
51,G1_CMAX,G3_TWC,[31, 22, 42, 15, 26, 58, 95, 82, 77, 12, 47, 89, 93, 78, 98, 54, 85, 63, 18, 44, 20, 35, 43, 97, 91, 76, 10, 30, 21, 45, 71, 64, 1, 23, 17, 83, 24, 61, 60, 36, 6, 57, 94, 88, 65, 56, 79, 40, 67, 68, 46, 75, 38, 9, 19, 32, 81, 41, 27, 62, 87, 90, 99, 59, 11, 16, 72, 73, 70, 39, 37, 84, 3, 92, 25, 74, 28, 29, 51, 7, 33, 14, 86, 48, 5, 50, 66, 96, 53, 80, 8, 4, 55, 49, 0, 52, 13, 2, 69, 34]|[1, 1, 0, 1, 1, 1, 2, 1, 2, 1, 2, 2, 2, 1, 1, 0, 0, 1, 0, 2, 2, 0, 1, 2, 0, 1, 2, 2, 0, 0, 1, 2, 1, 2, 1, 0, 2, 0, 1, 1, 0, 1, 1, 1, 0, 2, 1, 1, 0, 0, 0, 0, 1, 1, 2, 1, 2, 0, 0, 0, 2, 1, 0, 1, 2, 1, 2, 1, 1, 1, 1, 1, 2, 0, 1, 2, 0, 0, 0, 1, 2, 1, 0, 0, 2, 0, 0, 0, 0, 0, 1, 0, 1, 0, 0, 1, 0, 0, 1, 2]|[4, 3, 2, 2, 0, 0, 2, 2, 2, 4, 1, 1, 2, 4, 4, 1, 1, 4, 2, 1, 1, 1, 1, 2, 1, 2, 1, 1, 1, 1, 3, 2, 3, 0, 4, 0, 1, 1, 0, 3, 2, 2, 4, 0, 1, 1, 3, 2, 0, 1, 2, 2, 1, 4, 0, 3, 2, 1, 1, 2, 1, 3, 1, 1, 1, 3, 0, 4, 3, 1, 4, 1, 1, 2, 4, 1, 2, 1, 1, 3, 1, 3, 1, 1, 1, 1, 1, 1, 2, 1, 3, 2, 4, 1, 2, 1, 2, 2, 3, 1]|[0, 2, 1, 1, 3, 3, 0, 1, 0, 0, 0, 0, 1, 0, 1, 0, 0, 3, 1, 0, 0, 0, 3, 1, 0, 2, 0, 0, 0, 1, 0, 0, 0, 0, 3, 0, 1, 0, 0, 2, 1, 1, 2, 0, 0, 0, 0, 1, 1, 0, 0, 0, 1, 3, 0, 0, 1, 0, 0, 1, 0, 2, 0, 1, 0, 2, 1, 0, 0, 1, 1, 3, 0, 1, 3, 0, 1, 0, 0, 2, 0, 0, 0, 0, 0, 0, 0, 0, 1, 0, 2, 1, 3, 1, 0, 1, 0, 0, 0, 0],804.6875225521468,57474.47966963626,88104.23329363792,true
51,G4_BALANCED,G4_BALANCED,[31, 11, 15, 82, 26, 9, 95, 32, 77, 68, 47, 5, 93, 78, 86, 54, 85, 63, 18, 44, 20, 49, 36, 14, 74, 50, 53, 17, 21, 45, 71, 64, 3, 23, 30, 83, 24, 41, 60, 52, 51, 27, 90, 70, 39, 87, 48, 69, 99, 4, 46, 1, 13, 58, 97, 59, 28, 8, 73, 37, 35, 79, 22, 66, 76, 42, 40, 80, 96, 6, 16, 61, 33, 7, 57, 34, 12, 67, 10, 98, 56, 88, 29, 25, 91, 38, 19, 92, 43, 84, 65, 72, 81, 75, 2, 55, 62, 89, 94, 0]|[2, 1, 1, 2, 1, 2, 1, 1, 1, 1, 1, 0, 2, 2, 1, 2, 0, 0, 0, 2, 2, 1, 0, 2, 0, 2, 2, 1, 0, 1, 1, 1, 0, 0, 1, 0, 2, 1, 2, 2, 0, 0, 1, 1, 0, 2, 0, 2, 1, 0, 0, 2, 0, 0, 2, 0, 1, 1, 0, 0, 2, 1, 1, 2, 2, 0, 2, 2, 0, 1, 2, 1, 1, 2, 0, 1, 2, 1, 1, 2, 2, 1, 1, 1, 1, 0, 1, 0, 1, 0, 1, 1, 1, 0, 2, 0, 1, 1, 2, 0]|[1, 3, 2, 0, 4, 1, 4, 4, 2, 4, 3, 2, 1, 0, 2, 1, 1, 1, 2, 1, 1, 3, 0, 1, 0, 1, 1, 4, 1, 4, 3, 2, 2, 0, 4, 1, 1, 4, 0, 1, 2, 1, 4, 4, 1, 1, 0, 2, 3, 1, 2, 1, 2, 1, 1, 2, 4, 3, 0, 2, 2, 3, 3, 0, 1, 2, 0, 1, 2, 4, 1, 3, 4, 1, 2, 4, 1, 3, 3, 1, 1, 4, 3, 4, 3, 2, 4, 2, 4, 2, 3, 4, 1, 2, 1, 2, 3, 4, 1, 2]|[1, 2, 1, 0, 3, 0, 1, 3, 0, 0, 2, 0, 1, 0, 1, 0, 0, 0, 1, 0, 0, 2, 0, 0, 1, 0, 0, 3, 0, 1, 0, 2, 0, 1, 3, 0, 1, 3, 1, 0, 0, 0, 1, 3, 0, 0, 1, 0, 2, 0, 0, 0, 0, 0, 1, 0, 1, 0, 1, 1, 0, 2, 2, 0, 0, 0, 1, 0, 0, 2, 0, 0, 1, 0, 0, 1, 0, 0, 3, 0, 0, 1, 0, 3, 0, 0, 1, 0, 2, 0, 0, 2, 1, 0, 0, 0, 0, 1, 0, 0],850.9632869082183,52431.02217786142,105346.60403335126,false
51,G2_TEC,G2_TEC,[31, 94, 82, 15, 26, 9, 95, 42, 77, 68, 47, 5, 93, 78, 86, 54, 85, 63, 18, 44, 20, 49, 36, 14, 74, 50, 53, 17, 21, 28, 11, 64, 3, 23, 30, 83, 24, 41, 40, 52, 65, 27, 90, 70, 39, 87, 48, 69, 99, 4, 46, 1, 13, 56, 97, 59, 45, 8, 73, 37, 35, 79, 71, 66, 76, 32, 60, 80, 58, 6, 67, 61, 33, 7, 57, 34, 12, 16, 10, 98, 96, 88, 43, 81, 91, 2, 84, 29, 92, 19, 51, 55, 89, 75, 25, 72, 22, 38, 62, 0]|[2, 1, 2, 1, 1, 2, 1, 1, 1, 1, 1, 0, 2, 2, 1, 2, 0, 0, 0, 2, 2, 1, 0, 2, 0, 2, 2, 1, 0, 1, 1, 1, 0, 0, 1, 0, 2, 1, 2, 2, 0, 0, 1, 1, 0, 2, 0, 2, 1, 0, 0, 2, 0, 2, 2, 0, 1, 1, 0, 0, 2, 1, 1, 2, 2, 0, 2, 2, 2, 1, 2, 1, 1, 2, 0, 1, 1, 2, 1, 2, 0, 1, 1, 1, 1, 0, 0, 1, 0, 1, 1, 0, 1, 0, 1, 1, 2, 0, 1, 0]|[0, 3, 0, 3, 4, 1, 4, 4, 4, 4, 3, 2, 1, 0, 2, 1, 1, 1, 2, 1, 1, 3, 0, 1, 0, 1, 1, 4, 1, 4, 3, 2, 2, 0, 4, 1, 1, 4, 1, 1, 2, 1, 4, 4, 1, 1, 0, 1, 3, 2, 2, 1, 2, 1, 1, 2, 4, 3, 0, 2, 1, 3, 3, 1, 1, 2, 1, 1, 1, 4, 1, 3, 4, 1, 2, 4, 3, 1, 3, 1, 2, 4, 4, 4, 3, 2, 2, 3, 2, 4, 3, 2, 4, 2, 4, 4, 1, 2, 3, 2]|[0, 2, 0, 0, 3, 0, 1, 3, 1, 0, 2, 0, 1, 0, 1, 0, 0, 0, 1, 0, 0, 2, 0, 0, 1, 0, 0, 3, 0, 1, 0, 2, 0, 0, 3, 0, 1, 1, 0, 0, 0, 0, 1, 3, 0, 0, 1, 0, 2, 0, 0, 0, 0, 0, 1, 0, 1, 0, 1, 1, 0, 2, 0, 0, 0, 0, 0, 0, 0, 2, 0, 0, 1, 0, 0, 1, 0, 0, 3, 0, 0, 1, 2, 2, 0, 0, 0, 3, 0, 1, 0, 0, 1, 0, 3, 1, 0, 0, 0, 0],910.6016522559228,48453.76930145325,107095.52069553157,false
51,G3_TWC,G3_TWC,[31, 22, 42, 15, 26, 58, 95, 82, 77, 12, 47, 5, 93, 78, 98, 54, 85, 63, 18, 44, 20, 35, 43, 97, 91, 76, 10, 30, 21, 45, 71, 64, 1, 23, 17, 83, 24, 61, 60, 36, 6, 57, 94, 88, 65, 56, 79, 40, 67, 68, 46, 75, 38, 9, 19, 32, 81, 41, 27, 62, 87, 90, 99, 59, 11, 16, 72, 73, 70, 39, 37, 84, 3, 92, 25, 74, 28, 29, 51, 7, 53, 14, 86, 48, 89, 50, 66, 96, 33, 80, 4, 8, 55, 49, 0, 52, 69, 2, 13, 34]|[1, 1, 0, 1, 1, 1, 2, 1, 2, 1, 2, 2, 2, 1, 1, 0, 0, 1, 0, 2, 2, 0, 1, 2, 0, 1, 2, 2, 0, 0, 1, 2, 1, 2, 1, 0, 2, 0, 1, 1, 0, 1, 1, 1, 0, 2, 1, 1, 0, 0, 0, 0, 1, 1, 2, 1, 2, 0, 0, 0, 2, 1, 0, 1, 2, 1, 2, 1, 1, 1, 1, 1, 2, 0, 1, 2, 0, 0, 0, 1, 0, 1, 0, 0, 1, 0, 0, 0, 2, 0, 0, 1, 1, 0, 0, 1, 1, 0, 0, 2]|[4, 3, 2, 2, 0, 0, 2, 2, 2, 4, 1, 1, 2, 4, 4, 1, 1, 4, 2, 1, 1, 1, 1, 2, 1, 2, 1, 1, 1, 1, 3, 2, 3, 0, 4, 0, 1, 1, 0, 3, 2, 2, 4, 0, 1, 1, 3, 2, 0, 1, 2, 2, 1, 4, 0, 3, 2, 1, 1, 2, 1, 3, 1, 1, 1, 3, 0, 4, 3, 1, 4, 1, 1, 2, 4, 1, 2, 1, 1, 3, 2, 3, 1, 1, 1, 1, 1, 1, 1, 1, 2, 3, 4, 1, 2, 1, 3, 2, 2, 1]|[0, 2, 1, 1, 3, 3, 0, 1, 0, 0, 0, 0, 1, 0, 1, 0, 0, 3, 1, 0, 0, 0, 3, 1, 0, 2, 0, 0, 0, 1, 0, 0, 0, 0, 3, 0, 1, 0, 0, 2, 1, 1, 2, 0, 0, 0, 0, 1, 1, 0, 0, 0, 1, 3, 0, 0, 1, 0, 0, 1, 0, 2, 0, 1, 0, 2, 1, 0, 0, 1, 1, 3, 0, 1, 3, 0, 1, 0, 0, 2, 1, 0, 0, 0, 1, 0, 0, 0, 0, 0, 1, 2, 3, 1, 0, 1, 0, 0, 0, 0],802.5281847645216,57652.86795409501,87938.17744329936,false
51,G1_CMAX,G4_BALANCED,[31, 22, 42, 15, 26, 58, 95, 82, 77, 12, 47, 5, 93, 78, 98, 54, 85, 63, 18, 44, 20, 35, 43, 97, 91, 76, 10, 30, 21, 61, 71, 64, 1, 23, 17, 83, 24, 45, 60, 36, 6, 57, 94, 88, 65, 56, 79, 40, 67, 68, 46, 75, 38, 9, 19, 32, 81, 41, 27, 62, 87, 90, 99, 59, 11, 16, 72, 73, 70, 39, 37, 84, 3, 92, 25, 74, 28, 29, 51, 50, 33, 14, 86, 66, 89, 7, 4, 96, 53, 80, 69, 8, 48, 49, 52, 0, 13, 2, 34, 55]|[1, 1, 1, 1, 1, 1, 2, 1, 2, 1, 2, 2, 2, 1, 1, 0, 0, 1, 0, 2, 2, 0, 1, 2, 0, 1, 2, 2, 0, 0, 1, 2, 1, 2, 1, 0, 2, 0, 1, 1, 0, 1, 1, 1, 0, 2, 1, 1, 0, 0, 0, 0, 1, 1, 2, 1, 2, 2, 0, 0, 2, 1, 0, 1, 2, 1, 2, 1, 1, 1, 1, 1, 2, 1, 1, 2, 0, 0, 0, 1, 2, 1, 2, 2, 1, 0, 0, 0, 0, 0, 2, 1, 0, 0, 1, 0, 0, 0, 2, 1]|[4, 3, 2, 2, 0, 0, 2, 2, 2, 4, 1, 1, 2, 4, 4, 1, 1, 4, 2, 1, 1, 1, 1, 2, 1, 2, 1, 1, 1, 1, 3, 2, 3, 0, 4, 0, 1, 1, 0, 3, 2, 2, 4, 0, 1, 1, 0, 2, 0, 1, 2, 2, 1, 4, 0, 3, 2, 1, 1, 2, 1, 3, 1, 1, 1, 3, 0, 4, 3, 1, 4, 1, 1, 4, 4, 1, 2, 1, 1, 3, 1, 3, 1, 1, 1, 1, 2, 1, 2, 1, 1, 3, 1, 1, 1, 2, 2, 2, 1, 4]|[0, 2, 1, 1, 3, 3, 0, 1, 0, 0, 0, 0, 1, 0, 1, 0, 0, 3, 1, 0, 0, 0, 3, 1, 0, 2, 0, 0, 0, 1, 0, 0, 0, 0, 3, 0, 1, 0, 0, 2, 1, 1, 2, 0, 0, 0, 0, 1, 1, 0, 0, 0, 1, 3, 0, 0, 1, 0, 0, 1, 0, 2, 0, 1, 0, 2, 1, 0, 0, 1, 1, 3, 0, 0, 3, 0, 1, 0, 0, 2, 0, 0, 0, 0, 1, 0, 1, 0, 1, 0, 0, 2, 0, 1, 1, 0, 0, 0, 0, 3],726.4647195477412,56848.092206771835,94069.90285494676,true
51,G4_BALANCED,G4_BALANCED,[31, 11, 15, 82, 26, 9, 95, 32, 77, 68, 47, 5, 93, 78, 86, 54, 85, 63, 18, 44, 20, 49, 36, 14, 74, 50, 53, 17, 21, 45, 71, 64, 3, 23, 30, 83, 24, 41, 60, 52, 51, 27, 90, 70, 39, 87, 48, 69, 99, 4, 46, 1, 13, 58, 97, 59, 28, 8, 73, 37, 35, 79, 22, 66, 76, 42, 40, 80, 96, 6, 16, 61, 33, 7, 57, 34, 12, 67, 10, 98, 56, 88, 29, 25, 91, 38, 19, 92, 43, 84, 65, 72, 81, 75, 2, 55, 62, 89, 94, 0]|[2, 1, 1, 2, 1, 2, 1, 1, 1, 1, 1, 0, 2, 2, 1, 2, 0, 0, 0, 2, 2, 1, 0, 2, 0, 2, 2, 1, 0, 1, 1, 1, 0, 0, 1, 0, 2, 1, 2, 2, 0, 0, 1, 1, 0, 2, 0, 2, 1, 0, 0, 2, 0, 0, 2, 0, 1, 1, 0, 0, 2, 1, 1, 2, 2, 0, 2, 2, 0, 1, 2, 1, 1, 2, 0, 1, 2, 1, 1, 2, 2, 1, 1, 1, 1, 0, 1, 0, 1, 0, 1, 1, 1, 0, 2, 0, 1, 1, 2, 0]|[1, 3, 2, 0, 4, 1, 4, 4, 2, 4, 3, 2, 1, 0, 2, 1, 1, 1, 2, 1, 1, 3, 0, 1, 0, 1, 1, 4, 1, 4, 3, 2, 2, 0, 4, 1, 1, 4, 0, 1, 2, 1, 4, 4, 1, 1, 0, 2, 3, 1, 2, 1, 2, 1, 1, 2, 4, 3, 0, 2, 2, 3, 3, 0, 1, 2, 0, 1, 2, 4, 1, 3, 4, 1, 2, 4, 1, 3, 3, 1, 1, 4, 3, 4, 3, 2, 4, 2, 4, 2, 3, 4, 1, 2, 1, 2, 3, 4, 1, 2]|[1, 2, 1, 0, 3, 0, 1, 3, 0, 0, 2, 0, 1, 0, 1, 0, 0, 0, 1, 0, 0, 2, 0, 0, 1, 0, 0, 3, 0, 1, 0, 2, 0, 1, 3, 0, 1, 3, 1, 0, 0, 0, 1, 3, 0, 0, 1, 0, 2, 0, 0, 0, 0, 0, 1, 0, 1, 0, 1, 1, 0, 2, 2, 0, 0, 0, 1, 0, 0, 2, 0, 0, 1, 0, 0, 1, 0, 0, 3, 0, 0, 1, 0, 3, 0, 0, 1, 0, 2, 0, 0, 2, 1, 0, 0, 0, 0, 1, 0, 0],850.9632869082183,52431.02217786142,105346.60403335126,false
51,G2_TEC,G2_TEC,[31, 94, 82, 15, 26, 9, 95, 42, 77, 68, 47, 5, 93, 78, 86, 54, 85, 63, 18, 44, 20, 49, 36, 14, 74, 50, 53, 17, 21, 28, 11, 64, 3, 23, 30, 83, 24, 41, 40, 52, 65, 27, 90, 70, 39, 87, 48, 69, 99, 4, 46, 1, 13, 56, 97, 59, 45, 8, 73, 37, 35, 79, 71, 66, 76, 32, 60, 80, 58, 6, 67, 61, 33, 7, 57, 34, 12, 16, 10, 98, 96, 88, 43, 81, 91, 2, 84, 29, 92, 19, 51, 55, 89, 75, 25, 72, 22, 38, 62, 0]|[2, 1, 2, 1, 1, 2, 1, 1, 1, 1, 1, 0, 2, 2, 1, 2, 0, 0, 0, 2, 2, 1, 0, 2, 0, 2, 2, 1, 0, 1, 1, 1, 0, 0, 1, 0, 2, 1, 2, 2, 0, 0, 1, 1, 0, 2, 0, 2, 1, 0, 0, 2, 0, 2, 2, 0, 1, 1, 0, 0, 2, 1, 1, 2, 2, 0, 2, 2, 2, 1, 2, 1, 1, 2, 0, 1, 1, 2, 1, 2, 0, 1, 1, 1, 1, 0, 0, 1, 0, 1, 1, 0, 1, 0, 1, 1, 2, 0, 1, 0]|[0, 3, 0, 3, 4, 1, 4, 4, 4, 4, 3, 2, 1, 0, 2, 1, 1, 1, 2, 1, 1, 3, 0, 1, 0, 1, 1, 4, 1, 4, 3, 2, 2, 0, 4, 1, 1, 4, 1, 1, 2, 1, 4, 4, 1, 1, 0, 1, 3, 2, 2, 1, 2, 1, 1, 2, 4, 3, 0, 2, 1, 3, 3, 1, 1, 2, 1, 1, 1, 4, 1, 3, 4, 1, 2, 4, 3, 1, 3, 1, 2, 4, 4, 4, 3, 2, 2, 3, 2, 4, 3, 2, 4, 2, 4, 4, 1, 2, 3, 2]|[0, 2, 0, 0, 3, 0, 1, 3, 1, 0, 2, 0, 1, 0, 1, 0, 0, 0, 1, 0, 0, 2, 0, 0, 1, 0, 0, 3, 0, 1, 0, 2, 0, 0, 3, 0, 1, 1, 0, 0, 0, 0, 1, 3, 0, 0, 1, 0, 2, 0, 0, 0, 0, 0, 1, 0, 1, 0, 1, 1, 0, 2, 0, 0, 0, 0, 0, 0, 0, 2, 0, 0, 1, 0, 0, 1, 0, 0, 3, 0, 0, 1, 2, 2, 0, 0, 0, 3, 0, 1, 0, 0, 1, 0, 3, 1, 0, 0, 0, 0],910.6016522559228,48453.76930145325,107095.52069553157,false
51,G3_TWC,G3_TWC,[31, 22, 42, 15, 26, 58, 95, 82, 77, 12, 47, 5, 93, 78, 98, 54, 85, 63, 18, 44, 20, 35, 43, 97, 91, 76, 10, 30, 21, 45, 71, 64, 1, 23, 17, 83, 24, 61, 60, 36, 6, 57, 94, 88, 65, 56, 79, 40, 67, 68, 46, 75, 38, 9, 19, 32, 81, 41, 27, 62, 87, 90, 99, 59, 11, 16, 72, 73, 70, 39, 37, 84, 3, 92, 25, 74, 28, 29, 51, 7, 53, 14, 86, 48, 89, 50, 66, 96, 33, 80, 4, 8, 55, 49, 0, 52, 69, 2, 13, 34]|[1, 1, 0, 1, 1, 1, 2, 1, 2, 1, 2, 2, 2, 1, 1, 0, 0, 1, 0, 2, 2, 0, 1, 2, 0, 1, 2, 2, 0, 0, 1, 2, 1, 2, 1, 0, 2, 0, 1, 1, 0, 1, 1, 1, 0, 2, 1, 1, 0, 0, 0, 0, 1, 1, 2, 1, 2, 0, 0, 0, 2, 1, 0, 1, 2, 1, 2, 1, 1, 1, 1, 1, 2, 0, 1, 2, 0, 0, 0, 1, 0, 1, 0, 0, 1, 0, 0, 0, 2, 0, 0, 1, 1, 0, 0, 1, 1, 0, 0, 2]|[4, 3, 2, 2, 0, 0, 2, 2, 2, 4, 1, 1, 2, 4, 4, 1, 1, 4, 2, 1, 1, 1, 1, 2, 1, 2, 1, 1, 1, 1, 3, 2, 3, 0, 4, 0, 1, 1, 0, 3, 2, 2, 4, 0, 1, 1, 3, 2, 0, 1, 2, 2, 1, 4, 0, 3, 2, 1, 1, 2, 1, 3, 1, 1, 1, 3, 0, 4, 3, 1, 4, 1, 1, 2, 4, 1, 2, 1, 1, 3, 2, 3, 1, 1, 1, 1, 1, 1, 1, 1, 2, 3, 4, 1, 2, 1, 3, 2, 2, 1]|[0, 2, 1, 1, 3, 3, 0, 1, 0, 0, 0, 0, 1, 0, 1, 0, 0, 3, 1, 0, 0, 0, 3, 1, 0, 2, 0, 0, 0, 1, 0, 0, 0, 0, 3, 0, 1, 0, 0, 2, 1, 1, 2, 0, 0, 0, 0, 1, 1, 0, 0, 0, 1, 3, 0, 0, 1, 0, 0, 1, 0, 2, 0, 1, 0, 2, 1, 0, 0, 1, 1, 3, 0, 1, 3, 0, 1, 0, 0, 2, 1, 0, 0, 0, 1, 0, 0, 0, 0, 0, 1, 2, 3, 1, 0, 1, 0, 0, 0, 0],802.5281847645216,57652.86795409501,87938.17744329936,false
52,G1_CMAX,G1_CMAX,[31, 22, 90, 26, 58, 95, 42, 12, 93, 5, 78, 86, 98, 18, 20, 35, 3, 97, 91, 76, 10, 85, 54, 45, 63, 71, 66, 1, 23, 17, 24, 60, 36, 6, 57, 15, 65, 56, 47, 79, 94, 67, 50, 46, 14, 75, 38, 9, 30, 19, 32, 81, 27, 92, 83, 87, 40, 99, 59, 11, 53, 16, 72, 77, 73, 70, 39, 37, 84, 43, 62, 25, 55, 28, 29, 51, 68, 82, 74, 61, 88, 21, 80, 89, 7, 69, 96, 41, 48, 4, 8, 34, 49, 52, 0, 44, 13, 2, 64, 33]|[1, 1, 1, 1, 0, 2, 1, 1, 2, 2, 2, 1, 0, 1, 2, 2, 1, 2, 0, 1, 2, 2, 2, 0, 0, 1, 2, 1, 2, 1, 2, 1, 1, 0, 1, 1, 0, 2, 2, 1, 1, 0, 0, 0, 0, 1, 1, 1, 1, 2, 1, 2, 2, 0, 0, 2, 1, 0, 0, 2, 0, 1, 2, 2, 1, 1, 1, 1, 1, 1, 0, 1, 1, 0, 0, 0, 0, 0, 2, 1, 1, 0, 0, 1, 1, 1, 2, 2, 0, 1, 1, 2, 0, 1, 0, 0, 0, 0, 2, 2]|[0, 4, 3, 0, 1, 1, 2, 4, 1, 1, 2, 4, 1, 4, 1, 1, 1, 2, 2, 2, 2, 1, 1, 1, 2, 3, 2, 3, 0, 4, 1, 0, 3, 2, 2, 2, 1, 1, 1, 0, 2, 0, 1, 2, 1, 3, 1, 4, 2, 0, 3, 2, 1, 2, 1, 1, 4, 1, 1, 1, 2, 3, 0, 2, 4, 3, 1, 4, 1, 1, 1, 4, 4, 2, 1, 1, 1, 2, 1, 3, 0, 1, 1, 1, 1, 3, 1, 1, 1, 4, 3, 1, 1, 1, 2, 2, 2, 2, 1, 1]|[3, 0, 2, 3, 0, 0, 1, 0, 0, 0, 1, 0, 0, 3, 0, 0, 1, 1, 1, 2, 1, 0, 0, 0, 0, 0, 0, 0, 0, 3, 1, 0, 2, 1, 1, 1, 0, 0, 0, 0, 1, 1, 0, 0, 0, 0, 1, 3, 2, 0, 0, 1, 0, 1, 0, 0, 2, 0, 0, 0, 1, 2, 1, 1, 0, 0, 1, 1, 3, 3, 0, 3, 3, 1, 0, 0, 0, 1, 0, 0, 0, 0, 0, 1, 2, 2, 0, 0, 0, 0, 2, 0, 1, 1, 0, 0, 0, 0, 0, 0],705.0470749739228,58445.79123614564,95781.2895945797,false
52,G4_BALANCED,G4_BALANCED,[31, 11, 15, 82, 26, 9, 95, 32, 77, 68, 47, 5, 93, 78, 86, 54, 85, 63, 18, 44, 20, 49, 36, 14, 74, 50, 53, 17, 21, 45, 71, 64, 3, 23, 30, 83, 24, 41, 60, 52, 51, 27, 90, 70, 39, 87, 48, 69, 99, 4, 46, 1, 13, 58, 97, 59, 28, 8, 73, 37, 35, 79, 22, 66, 76, 42, 40, 80, 96, 6, 16, 61, 33, 7, 57, 34, 12, 67, 10, 98, 56, 88, 29, 25, 91, 38, 19, 92, 43, 84, 65, 72, 81, 75, 2, 55, 62, 89, 94, 0]|[2, 1, 1, 2, 1, 2, 1, 1, 1, 1, 1, 0, 2, 2, 1, 2, 0, 0, 0, 2, 2, 1, 0, 2, 0, 2, 2, 1, 0, 1, 1, 1, 0, 0, 1, 0, 2, 1, 2, 2, 0, 0, 1, 1, 0, 2, 0, 2, 1, 0, 0, 2, 0, 0, 2, 0, 1, 1, 0, 0, 2, 1, 1, 2, 2, 0, 2, 2, 0, 1, 2, 1, 1, 2, 0, 1, 2, 1, 1, 2, 2, 1, 1, 1, 1, 0, 1, 0, 1, 0, 1, 1, 1, 0, 2, 0, 1, 1, 2, 0]|[1, 3, 2, 0, 4, 1, 4, 4, 2, 4, 3, 2, 1, 0, 2, 1, 1, 1, 2, 1, 1, 3, 0, 1, 0, 1, 1, 4, 1, 4, 3, 2, 2, 0, 4, 1, 1, 4, 0, 1, 2, 1, 4, 4, 1, 1, 0, 2, 3, 1, 2, 1, 2, 1, 1, 2, 4, 3, 0, 2, 2, 3, 3, 0, 1, 2, 0, 1, 2, 4, 1, 3, 4, 1, 2, 4, 1, 3, 3, 1, 1, 4, 3, 4, 3, 2, 4, 2, 4, 2, 3, 4, 1, 2, 1, 2, 3, 4, 1, 2]|[1, 2, 1, 0, 3, 0, 1, 3, 0, 0, 2, 0, 1, 0, 1, 0, 0, 0, 1, 0, 0, 2, 0, 0, 1, 0, 0, 3, 0, 1, 0, 2, 0, 1, 3, 0, 1, 3, 1, 0, 0, 0, 1, 3, 0, 0, 1, 0, 2, 0, 0, 0, 0, 0, 1, 0, 1, 0, 1, 1, 0, 2, 2, 0, 0, 0, 1, 0, 0, 2, 0, 0, 1, 0, 0, 1, 0, 0, 3, 0, 0, 1, 0, 3, 0, 0, 1, 0, 2, 0, 0, 2, 1, 0, 0, 0, 0, 1, 0, 0],850.9632869082183,52431.02217786142,105346.60403335126,false
52,G2_TEC,G2_TEC,[31, 94, 82, 15, 26, 9, 95, 42, 77, 68, 47, 5, 93, 78, 86, 54, 85, 63, 18, 44, 20, 49, 36, 14, 74, 50, 53, 17, 21, 28, 11, 64, 3, 23, 30, 83, 24, 41, 40, 52, 65, 27, 90, 70, 39, 87, 48, 69, 99, 4, 46, 1, 13, 56, 97, 59, 45, 8, 73, 37, 35, 79, 71, 66, 76, 32, 60, 80, 58, 6, 67, 61, 33, 7, 57, 34, 12, 16, 10, 98, 96, 88, 43, 81, 91, 2, 84, 29, 92, 19, 51, 55, 89, 75, 25, 72, 22, 38, 62, 0]|[2, 1, 2, 1, 1, 2, 1, 1, 1, 1, 1, 0, 2, 2, 1, 2, 0, 0, 0, 2, 2, 1, 0, 2, 0, 2, 2, 1, 0, 1, 1, 1, 0, 0, 1, 0, 2, 1, 2, 2, 0, 0, 1, 1, 0, 2, 0, 2, 1, 0, 0, 2, 0, 2, 2, 0, 1, 1, 0, 0, 2, 1, 1, 2, 2, 0, 2, 2, 2, 1, 2, 1, 1, 2, 0, 1, 1, 2, 1, 2, 0, 1, 1, 1, 1, 0, 0, 1, 0, 1, 1, 0, 1, 0, 1, 1, 2, 0, 1, 0]|[0, 3, 0, 3, 4, 1, 4, 4, 4, 4, 3, 2, 1, 0, 2, 1, 1, 1, 2, 1, 1, 3, 0, 1, 0, 1, 1, 4, 1, 4, 3, 2, 2, 0, 4, 1, 1, 4, 1, 1, 2, 1, 4, 4, 1, 1, 0, 1, 3, 2, 2, 1, 2, 1, 1, 2, 4, 3, 0, 2, 1, 3, 3, 1, 1, 2, 1, 1, 1, 4, 1, 3, 4, 1, 2, 4, 3, 1, 3, 1, 2, 4, 4, 4, 3, 2, 2, 3, 2, 4, 3, 2, 4, 2, 4, 4, 1, 2, 3, 2]|[0, 2, 0, 0, 3, 0, 1, 3, 1, 0, 2, 0, 1, 0, 1, 0, 0, 0, 1, 0, 0, 2, 0, 0, 1, 0, 0, 3, 0, 1, 0, 2, 0, 0, 3, 0, 1, 1, 0, 0, 0, 0, 1, 3, 0, 0, 1, 0, 2, 0, 0, 0, 0, 0, 1, 0, 1, 0, 1, 1, 0, 2, 0, 0, 0, 0, 0, 0, 0, 2, 0, 0, 1, 0, 0, 1, 0, 0, 3, 0, 0, 1, 2, 2, 0, 0, 0, 3, 0, 1, 0, 0, 1, 0, 3, 1, 0, 0, 0, 0],910.6016522559228,48453.76930145325,107095.52069553157,false
52,G3_TWC,G3_TWC,[31, 22, 42, 15, 26, 58, 95, 82, 77, 12, 47, 5, 93, 78, 98, 54, 85, 63, 18, 44, 20, 35, 43, 97, 91, 76, 10, 30, 21, 45, 71, 64, 1, 23, 17, 83, 24, 61, 60, 36, 6, 57, 94, 88, 65, 56, 79, 40, 67, 68, 46, 75, 38, 9, 19, 32, 81, 41, 27, 62, 87, 90, 99, 59, 11, 16, 72, 73, 70, 39, 37, 84, 3, 92, 25, 74, 28, 29, 51, 7, 53, 14, 86, 48, 89, 50, 66, 96, 33, 80, 4, 8, 55, 49, 0, 52, 69, 2, 13, 34]|[1, 1, 0, 1, 1, 1, 2, 1, 2, 1, 2, 2, 2, 1, 1, 0, 0, 1, 0, 2, 2, 0, 1, 2, 0, 1, 2, 2, 0, 0, 1, 2, 1, 2, 1, 0, 2, 0, 1, 1, 0, 1, 1, 1, 0, 2, 1, 1, 0, 0, 0, 0, 1, 1, 2, 1, 2, 0, 0, 0, 2, 1, 0, 1, 2, 1, 2, 1, 1, 1, 1, 1, 2, 0, 1, 2, 0, 0, 0, 1, 0, 1, 0, 0, 1, 0, 0, 0, 2, 0, 0, 1, 1, 0, 0, 1, 1, 0, 0, 2]|[4, 3, 2, 2, 0, 0, 2, 2, 2, 4, 1, 1, 2, 4, 4, 1, 1, 4, 2, 1, 1, 1, 1, 2, 1, 2, 1, 1, 1, 1, 3, 2, 3, 0, 4, 0, 1, 1, 0, 3, 2, 2, 4, 0, 1, 1, 3, 2, 0, 1, 2, 2, 1, 4, 0, 3, 2, 1, 1, 2, 1, 3, 1, 1, 1, 3, 0, 4, 3, 1, 4, 1, 1, 2, 4, 1, 2, 1, 1, 3, 2, 3, 1, 1, 1, 1, 1, 1, 1, 1, 2, 3, 4, 1, 2, 1, 3, 2, 2, 1]|[0, 2, 1, 1, 3, 3, 0, 1, 0, 0, 0, 0, 1, 0, 1, 0, 0, 3, 1, 0, 0, 0, 3, 1, 0, 2, 0, 0, 0, 1, 0, 0, 0, 0, 3, 0, 1, 0, 0, 2, 1, 1, 2, 0, 0, 0, 0, 1, 1, 0, 0, 0, 1, 3, 0, 0, 1, 0, 0, 1, 0, 2, 0, 1, 0, 2, 1, 0, 0, 1, 1, 3, 0, 1, 3, 0, 1, 0, 0, 2, 1, 0, 0, 0, 1, 0, 0, 0, 0, 0, 1, 2, 3, 1, 0, 1, 0, 0, 0, 0],802.5281847645216,57652.86795409501,87938.17744329936,false
52,G1_CMAX,G3_TWC,[31, 22, 42, 15, 26, 58, 95, 82, 77, 12, 47, 5, 93, 78, 98, 54, 85, 63, 18, 44, 20, 35, 43, 97, 91, 76, 10, 30, 21, 45, 71, 64, 1, 23, 17, 83, 24, 61, 60, 36, 6, 57, 94, 88, 65, 56, 79, 40, 67, 68, 46, 75, 38, 9, 19, 32, 81, 41, 27, 62, 87, 90, 99, 59, 11, 16, 72, 73, 70, 39, 37, 84, 3, 92, 25, 74, 28, 29, 51, 7, 33, 14, 86, 48, 89, 50, 4, 96, 53, 80, 66, 8, 55, 49, 0, 52, 13, 2, 69, 34]|[1, 1, 0, 1, 1, 1, 2, 1, 2, 1, 2, 2, 2, 1, 1, 0, 0, 1, 0, 2, 2, 0, 1, 2, 0, 1, 2, 2, 0, 0, 1, 2, 1, 2, 1, 0, 2, 0, 1, 1, 0, 1, 1, 1, 0, 2, 1, 1, 0, 0, 0, 0, 1, 1, 2, 1, 2, 0, 0, 0, 2, 1, 0, 1, 2, 1, 2, 1, 1, 1, 1, 1, 2, 0, 1, 2, 0, 0, 0, 1, 2, 1, 0, 0, 1, 0, 1, 2, 0, 0, 2, 1, 2, 0, 0, 1, 0, 0, 1, 2]|[4, 3, 2, 2, 0, 0, 2, 2, 2, 4, 1, 1, 2, 4, 4, 1, 1, 4, 2, 1, 1, 1, 1, 2, 1, 2, 1, 1, 1, 1, 3, 2, 3, 0, 4, 0, 1, 1, 0, 3, 2, 2, 4, 0, 1, 1, 3, 2, 0, 1, 2, 2, 1, 4, 0, 3, 2, 1, 1, 2, 1, 3, 1, 1, 1, 3, 0, 4, 3, 1, 4, 1, 1, 2, 4, 1, 2, 1, 1, 1, 1, 3, 1, 1, 1, 1, 4, 1, 2, 1, 1, 3, 1, 1, 2, 1, 2, 2, 4, 1]|[0, 2, 1, 1, 3, 3, 0, 1, 0, 0, 0, 0, 1, 0, 1, 0, 0, 3, 1, 0, 0, 0, 3, 1, 0, 2, 0, 0, 0, 1, 0, 0, 0, 0, 3, 0, 1, 0, 0, 2, 1, 1, 2, 0, 0, 0, 0, 1, 1, 0, 0, 0, 1, 3, 0, 0, 1, 0, 0, 1, 0, 2, 0, 1, 0, 2, 1, 0, 0, 1, 1, 3, 0, 1, 3, 0, 1, 0, 0, 2, 0, 0, 0, 0, 1, 0, 0, 0, 1, 0, 0, 2, 0, 1, 0, 1, 0, 0, 2, 0],747.3116888068486,57146.32467161413,89824.70103908019,true
52,G4_BALANCED,G4_BALANCED,[31, 11, 15, 82, 26, 9, 95, 32, 77, 68, 47, 5, 93, 78, 86, 54, 85, 63, 18, 44, 20, 49, 36, 14, 74, 50, 53, 17, 21, 45, 71, 64, 3, 23, 30, 83, 24, 41, 60, 52, 51, 27, 90, 70, 39, 87, 48, 69, 99, 4, 46, 1, 13, 58, 97, 59, 28, 8, 73, 37, 35, 79, 22, 66, 76, 42, 40, 80, 96, 6, 16, 61, 33, 7, 57, 34, 12, 67, 10, 98, 56, 88, 29, 25, 91, 38, 19, 92, 43, 84, 65, 72, 81, 75, 2, 55, 62, 89, 94, 0]|[2, 1, 1, 2, 1, 2, 1, 1, 1, 1, 1, 0, 2, 2, 1, 2, 0, 0, 0, 2, 2, 1, 0, 2, 0, 2, 2, 1, 0, 1, 1, 1, 0, 0, 1, 0, 2, 1, 2, 2, 0, 0, 1, 1, 0, 2, 0, 2, 1, 0, 0, 2, 0, 0, 2, 0, 1, 1, 0, 0, 2, 1, 1, 2, 2, 0, 2, 2, 0, 1, 2, 1, 1, 2, 0, 1, 2, 1, 1, 2, 2, 1, 1, 1, 1, 0, 1, 0, 1, 0, 1, 1, 1, 0, 2, 0, 1, 1, 2, 0]|[1, 3, 2, 0, 4, 1, 4, 4, 2, 4, 3, 2, 1, 0, 2, 1, 1, 1, 2, 1, 1, 3, 0, 1, 0, 1, 1, 4, 1, 4, 3, 2, 2, 0, 4, 1, 1, 4, 0, 1, 2, 1, 4, 4, 1, 1, 0, 2, 3, 1, 2, 1, 2, 1, 1, 2, 4, 3, 0, 2, 2, 3, 3, 0, 1, 2, 0, 1, 2, 4, 1, 3, 4, 1, 2, 4, 1, 3, 3, 1, 1, 4, 3, 4, 3, 2, 4, 2, 4, 2, 3, 4, 1, 2, 1, 2, 3, 4, 1, 2]|[1, 2, 1, 0, 3, 0, 1, 3, 0, 0, 2, 0, 1, 0, 1, 0, 0, 0, 1, 0, 0, 2, 0, 0, 1, 0, 0, 3, 0, 1, 0, 2, 0, 1, 3, 0, 1, 3, 1, 0, 0, 0, 1, 3, 0, 0, 1, 0, 2, 0, 0, 0, 0, 0, 1, 0, 1, 0, 1, 1, 0, 2, 2, 0, 0, 0, 1, 0, 0, 2, 0, 0, 1, 0, 0, 1, 0, 0, 3, 0, 0, 1, 0, 3, 0, 0, 1, 0, 2, 0, 0, 2, 1, 0, 0, 0, 0, 1, 0, 0],850.9632869082183,52431.02217786142,105346.60403335126,false
52,G2_TEC,G2_TEC,[31, 94, 82, 15, 26, 9, 95, 42, 77, 68, 47, 5, 93, 78, 86, 54, 85, 63, 18, 44, 20, 49, 36, 14, 74, 50, 53, 17, 21, 28, 11, 64, 3, 23, 30, 83, 24, 41, 40, 52, 65, 27, 90, 70, 39, 87, 48, 69, 99, 4, 46, 1, 13, 56, 97, 59, 45, 8, 73, 37, 35, 79, 71, 66, 76, 32, 60, 80, 58, 6, 67, 61, 33, 7, 57, 34, 12, 16, 10, 98, 96, 88, 43, 81, 91, 2, 84, 29, 92, 19, 51, 55, 89, 75, 25, 72, 22, 38, 62, 0]|[2, 1, 2, 1, 1, 2, 1, 1, 1, 1, 1, 0, 2, 2, 1, 2, 0, 0, 0, 2, 2, 1, 0, 2, 0, 2, 2, 1, 0, 1, 1, 1, 0, 0, 1, 0, 2, 1, 2, 2, 0, 0, 1, 1, 0, 2, 0, 2, 1, 0, 0, 2, 0, 2, 2, 0, 1, 1, 0, 0, 2, 1, 1, 2, 2, 0, 2, 2, 2, 1, 2, 1, 1, 2, 0, 1, 1, 2, 1, 2, 0, 1, 1, 1, 1, 0, 0, 1, 0, 1, 1, 0, 1, 0, 1, 1, 2, 0, 1, 0]|[0, 3, 0, 3, 4, 1, 4, 4, 4, 4, 3, 2, 1, 0, 2, 1, 1, 1, 2, 1, 1, 3, 0, 1, 0, 1, 1, 4, 1, 4, 3, 2, 2, 0, 4, 1, 1, 4, 1, 1, 2, 1, 4, 4, 1, 1, 0, 1, 3, 2, 2, 1, 2, 1, 1, 2, 4, 3, 0, 2, 1, 3, 3, 1, 1, 2, 1, 1, 1, 4, 1, 3, 4, 1, 2, 4, 3, 1, 3, 1, 2, 4, 4, 4, 3, 2, 2, 3, 2, 4, 3, 2, 4, 2, 4, 4, 1, 2, 3, 2]|[0, 2, 0, 0, 3, 0, 1, 3, 1, 0, 2, 0, 1, 0, 1, 0, 0, 0, 1, 0, 0, 2, 0, 0, 1, 0, 0, 3, 0, 1, 0, 2, 0, 0, 3, 0, 1, 1, 0, 0, 0, 0, 1, 3, 0, 0, 1, 0, 2, 0, 0, 0, 0, 0, 1, 0, 1, 0, 1, 1, 0, 2, 0, 0, 0, 0, 0, 0, 0, 2, 0, 0, 1, 0, 0, 1, 0, 0, 3, 0, 0, 1, 2, 2, 0, 0, 0, 3, 0, 1, 0, 0, 1, 0, 3, 1, 0, 0, 0, 0],910.6016522559228,48453.76930145325,107095.52069553157,false
52,G3_TWC,G3_TWC,[31, 22, 42, 15, 26, 58, 95, 82, 77, 12, 47, 5, 93, 78, 98, 54, 85, 63, 18, 44, 20, 35, 43, 97, 91, 76, 10, 30, 21, 45, 71, 64, 1, 23, 17, 83, 24, 61, 60, 36, 6, 57, 94, 88, 65, 56, 79, 40, 67, 68, 46, 75, 38, 9, 19, 32, 81, 41, 27, 62, 87, 90, 99, 59, 11, 16, 72, 73, 70, 39, 37, 84, 3, 92, 25, 74, 28, 29, 51, 7, 53, 14, 86, 48, 89, 50, 66, 96, 33, 80, 4, 8, 55, 49, 0, 52, 69, 2, 13, 34]|[1, 1, 0, 1, 1, 1, 2, 1, 2, 1, 2, 2, 2, 1, 1, 0, 0, 1, 0, 2, 2, 0, 1, 2, 0, 1, 2, 2, 0, 0, 1, 2, 1, 2, 1, 0, 2, 0, 1, 1, 0, 1, 1, 1, 0, 2, 1, 1, 0, 0, 0, 0, 1, 1, 2, 1, 2, 0, 0, 0, 2, 1, 0, 1, 2, 1, 2, 1, 1, 1, 1, 1, 2, 0, 1, 2, 0, 0, 0, 1, 0, 1, 0, 0, 1, 0, 0, 0, 2, 0, 0, 1, 1, 0, 0, 1, 1, 0, 0, 2]|[4, 3, 2, 2, 0, 0, 2, 2, 2, 4, 1, 1, 2, 4, 4, 1, 1, 4, 2, 1, 1, 1, 1, 2, 1, 2, 1, 1, 1, 1, 3, 2, 3, 0, 4, 0, 1, 1, 0, 3, 2, 2, 4, 0, 1, 1, 3, 2, 0, 1, 2, 2, 1, 4, 0, 3, 2, 1, 1, 2, 1, 3, 1, 1, 1, 3, 0, 4, 3, 1, 4, 1, 1, 2, 4, 1, 2, 1, 1, 3, 2, 3, 1, 1, 1, 1, 1, 1, 1, 1, 2, 3, 4, 1, 2, 1, 3, 2, 2, 1]|[0, 2, 1, 1, 3, 3, 0, 1, 0, 0, 0, 0, 1, 0, 1, 0, 0, 3, 1, 0, 0, 0, 3, 1, 0, 2, 0, 0, 0, 1, 0, 0, 0, 0, 3, 0, 1, 0, 0, 2, 1, 1, 2, 0, 0, 0, 0, 1, 1, 0, 0, 0, 1, 3, 0, 0, 1, 0, 0, 1, 0, 2, 0, 1, 0, 2, 1, 0, 0, 1, 1, 3, 0, 1, 3, 0, 1, 0, 0, 2, 1, 0, 0, 0, 1, 0, 0, 0, 0, 0, 1, 2, 3, 1, 0, 1, 0, 0, 0, 0],802.5281847645216,57652.86795409501,87938.17744329936,false
52,G1_CMAX,G3_TWC,[31, 22, 42, 15, 26, 58, 95, 82, 77, 12, 47, 5, 93, 78, 98, 54, 85, 63, 18, 44, 20, 35, 43, 97, 91, 76, 10, 30, 21, 45, 71, 64, 1, 23, 17, 83, 24, 61, 60, 36, 6, 57, 94, 88, 65, 56, 79, 40, 67, 68, 46, 75, 38, 9, 19, 32, 81, 41, 27, 62, 87, 90, 99, 59, 53, 16, 72, 73, 70, 39, 37, 84, 3, 92, 25, 74, 28, 29, 51, 7, 11, 14, 86, 48, 89, 50, 66, 96, 33, 80, 8, 4, 0, 49, 55, 52, 13, 2, 69, 34]|[1, 1, 0, 1, 1, 1, 2, 1, 2, 1, 2, 2, 2, 1, 1, 0, 0, 1, 0, 2, 2, 0, 1, 2, 0, 1, 2, 2, 0, 0, 0, 2, 1, 2, 1, 0, 2, 0, 1, 1, 0, 1, 1, 1, 0, 2, 1, 1, 0, 0, 0, 0, 1, 1, 2, 1, 2, 0, 0, 0, 2, 1, 0, 1, 0, 1, 2, 1, 1, 1, 1, 1, 2, 0, 1, 2, 0, 0, 0, 1, 2, 1, 0, 0, 1, 0, 0, 0, 2, 0, 1, 0, 0, 0, 1, 1, 0, 0, 1, 2]|[4, 3, 2, 2, 0, 0, 2, 2, 2, 4, 1, 1, 2, 4, 4, 1, 1, 4, 2, 1, 1, 1, 1, 2, 1, 2, 1, 1, 1, 1, 2, 2, 3, 0, 4, 0, 1, 1, 0, 3, 2, 2, 4, 0, 1, 1, 3, 2, 0, 1, 2, 2, 1, 4, 0, 3, 2, 1, 1, 2, 1, 3, 1, 1, 2, 3, 0, 4, 3, 1, 4, 1, 1, 2, 4, 1, 2, 1, 1, 3, 1, 3, 1, 1, 1, 1, 1, 1, 1, 1, 3, 2, 2, 1, 4, 1, 2, 2, 3, 1]|[0, 2, 1, 1, 3, 3, 0, 1, 0, 0, 0, 0, 1, 0, 1, 0, 0, 3, 1, 0, 0, 0, 3, 1, 0, 2, 0, 0, 0, 1, 0, 0, 0, 0, 3, 0, 1, 0, 0, 2, 1, 1, 2, 0, 0, 0, 0, 1, 1, 0, 0, 0, 1, 3, 0, 0, 1, 0, 0, 1, 0, 2, 0, 1, 1, 2, 1, 0, 0, 1, 1, 3, 0, 1, 3, 0, 1, 0, 0, 2, 0, 0, 0, 0, 1, 0, 0, 0, 0, 0, 2, 1, 0, 1, 3, 1, 0, 0, 0, 0],821.5879963442427,57733.87896869745,87571.61678556036,true
52,G4_BALANCED,G4_BALANCED,[31, 11, 15, 82, 26, 9, 95, 32, 77, 68, 47, 5, 93, 78, 86, 54, 85, 63, 18, 44, 20, 49, 36, 14, 74, 50, 53, 17, 21, 45, 71, 64, 3, 23, 30, 83, 24, 41, 60, 52, 51, 27, 90, 70, 39, 87, 48, 69, 99, 4, 46, 1, 13, 58, 97, 59, 28, 8, 73, 37, 35, 79, 22, 66, 76, 42, 40, 80, 96, 6, 16, 61, 33, 7, 57, 34, 12, 67, 10, 98, 56, 88, 29, 25, 91, 38, 19, 92, 43, 84, 65, 72, 81, 75, 2, 55, 62, 89, 94, 0]|[2, 1, 1, 2, 1, 2, 1, 1, 1, 1, 1, 0, 2, 2, 1, 2, 0, 0, 0, 2, 2, 1, 0, 2, 0, 2, 2, 1, 0, 1, 1, 1, 0, 0, 1, 0, 2, 1, 2, 2, 0, 0, 1, 1, 0, 2, 0, 2, 1, 0, 0, 2, 0, 0, 2, 0, 1, 1, 0, 0, 2, 1, 1, 2, 2, 0, 2, 2, 0, 1, 2, 1, 1, 2, 0, 1, 2, 1, 1, 2, 2, 1, 1, 1, 1, 0, 1, 0, 1, 0, 1, 1, 1, 0, 2, 0, 1, 1, 2, 0]|[1, 3, 2, 0, 4, 1, 4, 4, 2, 4, 3, 2, 1, 0, 2, 1, 1, 1, 2, 1, 1, 3, 0, 1, 0, 1, 1, 4, 1, 4, 3, 2, 2, 0, 4, 1, 1, 4, 0, 1, 2, 1, 4, 4, 1, 1, 0, 2, 3, 1, 2, 1, 2, 1, 1, 2, 4, 3, 0, 2, 2, 3, 3, 0, 1, 2, 0, 1, 2, 4, 1, 3, 4, 1, 2, 4, 1, 3, 3, 1, 1, 4, 3, 4, 3, 2, 4, 2, 4, 2, 3, 4, 1, 2, 1, 2, 3, 4, 1, 2]|[1, 2, 1, 0, 3, 0, 1, 3, 0, 0, 2, 0, 1, 0, 1, 0, 0, 0, 1, 0, 0, 2, 0, 0, 1, 0, 0, 3, 0, 1, 0, 2, 0, 1, 3, 0, 1, 3, 1, 0, 0, 0, 1, 3, 0, 0, 1, 0, 2, 0, 0, 0, 0, 0, 1, 0, 1, 0, 1, 1, 0, 2, 2, 0, 0, 0, 1, 0, 0, 2, 0, 0, 1, 0, 0, 1, 0, 0, 3, 0, 0, 1, 0, 3, 0, 0, 1, 0, 2, 0, 0, 2, 1, 0, 0, 0, 0, 1, 0, 0],850.9632869082183,52431.02217786142,105346.60403335126,false
52,G2_TEC,G2_TEC,[31, 94, 82, 15, 26, 9, 95, 42, 77, 68, 47, 5, 93, 78, 86, 54, 85, 63, 18, 44, 20, 49, 36, 14, 74, 50, 53, 17, 21, 28, 11, 64, 3, 23, 30, 83, 24, 41, 40, 52, 65, 27, 90, 70, 39, 87, 48, 69, 99, 4, 46, 1, 13, 56, 97, 59, 45, 8, 73, 37, 35, 79, 71, 66, 76, 32, 60, 80, 58, 6, 67, 61, 33, 7, 57, 34, 12, 16, 10, 98, 96, 88, 43, 81, 91, 2, 84, 29, 92, 19, 51, 55, 89, 75, 25, 72, 22, 38, 62, 0]|[2, 1, 2, 1, 1, 2, 1, 1, 1, 1, 1, 0, 2, 2, 1, 2, 0, 0, 0, 2, 2, 1, 0, 2, 0, 2, 2, 1, 0, 1, 1, 1, 0, 0, 1, 0, 2, 1, 2, 2, 0, 0, 1, 1, 0, 2, 0, 2, 1, 0, 0, 2, 0, 2, 2, 0, 1, 1, 0, 0, 2, 1, 1, 2, 2, 0, 2, 2, 2, 1, 2, 1, 1, 2, 0, 1, 1, 2, 1, 2, 0, 1, 1, 1, 1, 0, 0, 1, 0, 1, 1, 0, 1, 0, 1, 1, 2, 0, 1, 0]|[0, 3, 0, 3, 4, 1, 4, 4, 4, 4, 3, 2, 1, 0, 2, 1, 1, 1, 2, 1, 1, 3, 0, 1, 0, 1, 1, 4, 1, 4, 3, 2, 2, 0, 4, 1, 1, 4, 1, 1, 2, 1, 4, 4, 1, 1, 0, 1, 3, 2, 2, 1, 2, 1, 1, 2, 4, 3, 0, 2, 1, 3, 3, 1, 1, 2, 1, 1, 1, 4, 1, 3, 4, 1, 2, 4, 3, 1, 3, 1, 2, 4, 4, 4, 3, 2, 2, 3, 2, 4, 3, 2, 4, 2, 4, 4, 1, 2, 3, 2]|[0, 2, 0, 0, 3, 0, 1, 3, 1, 0, 2, 0, 1, 0, 1, 0, 0, 0, 1, 0, 0, 2, 0, 0, 1, 0, 0, 3, 0, 1, 0, 2, 0, 0, 3, 0, 1, 1, 0, 0, 0, 0, 1, 3, 0, 0, 1, 0, 2, 0, 0, 0, 0, 0, 1, 0, 1, 0, 1, 1, 0, 2, 0, 0, 0, 0, 0, 0, 0, 2, 0, 0, 1, 0, 0, 1, 0, 0, 3, 0, 0, 1, 2, 2, 0, 0, 0, 3, 0, 1, 0, 0, 1, 0, 3, 1, 0, 0, 0, 0],910.6016522559228,48453.76930145325,107095.52069553157,false
52,G3_TWC,G3_TWC,[31, 22, 42, 15, 26, 58, 95, 82, 77, 12, 47, 5, 93, 78, 98, 54, 85, 63, 18, 44, 20, 35, 43, 97, 91, 76, 10, 30, 21, 45, 71, 64, 1, 23, 17, 83, 24, 61, 60, 36, 6, 57, 94, 88, 65, 56, 79, 40, 67, 68, 46, 75, 38, 9, 19, 32, 81, 41, 27, 62, 87, 90, 99, 59, 11, 16, 72, 73, 70, 39, 37, 84, 3, 92, 25, 74, 28, 29, 51, 7, 53, 14, 86, 48, 89, 50, 66, 96, 33, 80, 4, 8, 55, 49, 0, 52, 69, 2, 13, 34]|[1, 1, 0, 1, 1, 1, 2, 1, 2, 1, 2, 2, 2, 1, 1, 0, 0, 1, 0, 2, 2, 0, 1, 2, 0, 1, 2, 2, 0, 0, 1, 2, 1, 2, 1, 0, 2, 0, 1, 1, 0, 1, 1, 1, 0, 2, 1, 1, 0, 0, 0, 0, 1, 1, 2, 1, 2, 0, 0, 0, 2, 1, 0, 1, 2, 1, 2, 1, 1, 1, 1, 1, 2, 0, 1, 2, 0, 0, 0, 1, 0, 1, 0, 0, 1, 0, 0, 0, 2, 0, 0, 1, 1, 0, 0, 1, 1, 0, 0, 2]|[4, 3, 2, 2, 0, 0, 2, 2, 2, 4, 1, 1, 2, 4, 4, 1, 1, 4, 2, 1, 1, 1, 1, 2, 1, 2, 1, 1, 1, 1, 3, 2, 3, 0, 4, 0, 1, 1, 0, 3, 2, 2, 4, 0, 1, 1, 3, 2, 0, 1, 2, 2, 1, 4, 0, 3, 2, 1, 1, 2, 1, 3, 1, 1, 1, 3, 0, 4, 3, 1, 4, 1, 1, 2, 4, 1, 2, 1, 1, 3, 2, 3, 1, 1, 1, 1, 1, 1, 1, 1, 2, 3, 4, 1, 2, 1, 3, 2, 2, 1]|[0, 2, 1, 1, 3, 3, 0, 1, 0, 0, 0, 0, 1, 0, 1, 0, 0, 3, 1, 0, 0, 0, 3, 1, 0, 2, 0, 0, 0, 1, 0, 0, 0, 0, 3, 0, 1, 0, 0, 2, 1, 1, 2, 0, 0, 0, 0, 1, 1, 0, 0, 0, 1, 3, 0, 0, 1, 0, 0, 1, 0, 2, 0, 1, 0, 2, 1, 0, 0, 1, 1, 3, 0, 1, 3, 0, 1, 0, 0, 2, 1, 0, 0, 0, 1, 0, 0, 0, 0, 0, 1, 2, 3, 1, 0, 1, 0, 0, 0, 0],802.5281847645216,57652.86795409501,87938.17744329936,false
52,G1_CMAX,G1_CMAX,[31, 22, 42, 15, 26, 58, 95, 82, 77, 12, 47, 5, 93, 78, 98, 54, 85, 63, 18, 44, 20, 35, 43, 97, 91, 76, 10, 30, 21, 45, 71, 64, 1, 23, 17, 83, 24, 61, 60, 36, 6, 57, 94, 88, 65, 56, 79, 40, 67, 68, 46, 75, 38, 9, 19, 32, 81, 41, 27, 62, 87, 90, 99, 59, 53, 16, 72, 73, 70, 39, 37, 84, 3, 92, 25, 55, 28, 29, 51, 7, 33, 14, 86, 48, 89, 50, 4, 96, 11, 80, 8, 2, 0, 49, 74, 52, 13, 66, 69, 34]|[1, 1, 0, 1, 1, 1, 2, 1, 2, 1, 2, 2, 2, 1, 1, 0, 0, 1, 0, 2, 2, 0, 1, 2, 0, 1, 2, 2, 0, 0, 1, 2, 1, 2, 1, 0, 2, 1, 1, 1, 0, 1, 1, 1, 0, 2, 1, 1, 0, 0, 0, 0, 1, 1, 2, 1, 2, 2, 0, 0, 2, 1, 0, 1, 2, 1, 2, 1, 1, 1, 1, 1, 2, 0, 1, 1, 0, 0, 0, 1, 2, 1, 0, 0, 1, 0, 1, 2, 0, 0, 1, 0, 0, 0, 2, 1, 0, 2, 1, 2]|[4, 3, 2, 2, 0, 0, 2, 2, 2, 4, 1, 1, 2, 4, 4, 1, 1, 4, 2, 1, 1, 1, 1, 2, 1, 2, 1, 1, 1, 1, 3, 2, 3, 1, 4, 0, 1, 3, 0, 3, 2, 2, 4, 0, 1, 1, 0, 2, 0, 1, 2, 2, 1, 4, 0, 3, 2, 1, 1, 2, 1, 3, 1, 1, 1, 3, 0, 4, 3, 1, 4, 1, 1, 2, 4, 4, 2, 1, 1, 3, 1, 3, 1, 1, 1, 1, 4, 1, 2, 1, 3, 2, 2, 1, 1, 1, 2, 1, 4, 1]|[0, 2, 1, 1, 3, 3, 0, 1, 0, 0, 0, 0, 1, 0, 1, 0, 0, 3, 1, 0, 0, 0, 3, 1, 0, 2, 0, 0, 0, 1, 0, 0, 0, 0, 3, 0, 1, 0, 0, 2, 1, 1, 2, 0, 0, 0, 0, 1, 1, 0, 0, 0, 1, 3, 0, 0, 1, 0, 0, 1, 0, 2, 0, 1, 0, 2, 1, 0, 0, 1, 1, 3, 0, 1, 3, 3, 1, 0, 0, 2, 0, 0, 0, 0, 1, 0, 0, 0, 1, 0, 2, 0, 0, 1, 0, 1, 0, 0, 2, 0],730.5756340398165,56776.75809121033,92370.82500878497,false
52,G4_BALANCED,G4_BALANCED,[31, 11, 15, 82, 26, 9, 95, 32, 77, 68, 47, 5, 93, 78, 86, 54, 85, 63, 18, 44, 20, 49, 36, 14, 74, 50, 53, 17, 21, 45, 71, 64, 3, 23, 30, 83, 24, 41, 60, 52, 51, 27, 90, 70, 39, 87, 48, 69, 99, 4, 46, 1, 13, 58, 97, 59, 28, 8, 73, 37, 35, 79, 22, 66, 76, 42, 40, 80, 96, 6, 16, 61, 33, 7, 57, 34, 12, 67, 10, 98, 56, 88, 29, 25, 91, 38, 19, 92, 43, 84, 65, 72, 81, 75, 2, 55, 62, 89, 94, 0]|[2, 1, 1, 2, 1, 2, 1, 1, 1, 1, 1, 0, 2, 2, 1, 2, 0, 0, 0, 2, 2, 1, 0, 2, 0, 2, 2, 1, 0, 1, 1, 1, 0, 0, 1, 0, 2, 1, 2, 2, 0, 0, 1, 1, 0, 2, 0, 2, 1, 0, 0, 2, 0, 0, 2, 0, 1, 1, 0, 0, 2, 1, 1, 2, 2, 0, 2, 2, 0, 1, 2, 1, 1, 2, 0, 1, 2, 1, 1, 2, 2, 1, 1, 1, 1, 0, 1, 0, 1, 0, 1, 1, 1, 0, 2, 0, 1, 1, 2, 0]|[1, 3, 2, 0, 4, 1, 4, 4, 2, 4, 3, 2, 1, 0, 2, 1, 1, 1, 2, 1, 1, 3, 0, 1, 0, 1, 1, 4, 1, 4, 3, 2, 2, 0, 4, 1, 1, 4, 0, 1, 2, 1, 4, 4, 1, 1, 0, 2, 3, 1, 2, 1, 2, 1, 1, 2, 4, 3, 0, 2, 2, 3, 3, 0, 1, 2, 0, 1, 2, 4, 1, 3, 4, 1, 2, 4, 1, 3, 3, 1, 1, 4, 3, 4, 3, 2, 4, 2, 4, 2, 3, 4, 1, 2, 1, 2, 3, 4, 1, 2]|[1, 2, 1, 0, 3, 0, 1, 3, 0, 0, 2, 0, 1, 0, 1, 0, 0, 0, 1, 0, 0, 2, 0, 0, 1, 0, 0, 3, 0, 1, 0, 2, 0, 1, 3, 0, 1, 3, 1, 0, 0, 0, 1, 3, 0, 0, 1, 0, 2, 0, 0, 0, 0, 0, 1, 0, 1, 0, 1, 1, 0, 2, 2, 0, 0, 0, 1, 0, 0, 2, 0, 0, 1, 0, 0, 1, 0, 0, 3, 0, 0, 1, 0, 3, 0, 0, 1, 0, 2, 0, 0, 2, 1, 0, 0, 0, 0, 1, 0, 0],850.9632869082183,52431.02217786142,105346.60403335126,false
52,G2_TEC,G2_TEC,[31, 94, 82, 15, 26, 9, 95, 42, 77, 68, 47, 5, 93, 78, 86, 54, 85, 63, 18, 44, 20, 49, 36, 14, 74, 50, 53, 17, 21, 28, 11, 64, 3, 23, 30, 83, 24, 41, 40, 52, 65, 27, 90, 70, 39, 87, 48, 69, 99, 4, 46, 1, 13, 56, 97, 59, 45, 8, 73, 37, 35, 79, 71, 66, 76, 32, 60, 80, 58, 6, 67, 61, 33, 7, 57, 34, 12, 16, 10, 98, 96, 88, 43, 81, 91, 2, 84, 29, 92, 19, 51, 55, 89, 75, 25, 72, 22, 38, 62, 0]|[2, 1, 2, 1, 1, 2, 1, 1, 1, 1, 1, 0, 2, 2, 1, 2, 0, 0, 0, 2, 2, 1, 0, 2, 0, 2, 2, 1, 0, 1, 1, 1, 0, 0, 1, 0, 2, 1, 2, 2, 0, 0, 1, 1, 0, 2, 0, 2, 1, 0, 0, 2, 0, 2, 2, 0, 1, 1, 0, 0, 2, 1, 1, 2, 2, 0, 2, 2, 2, 1, 2, 1, 1, 2, 0, 1, 1, 2, 1, 2, 0, 1, 1, 1, 1, 0, 0, 1, 0, 1, 1, 0, 1, 0, 1, 1, 2, 0, 1, 0]|[0, 3, 0, 3, 4, 1, 4, 4, 4, 4, 3, 2, 1, 0, 2, 1, 1, 1, 2, 1, 1, 3, 0, 1, 0, 1, 1, 4, 1, 4, 3, 2, 2, 0, 4, 1, 1, 4, 1, 1, 2, 1, 4, 4, 1, 1, 0, 1, 3, 2, 2, 1, 2, 1, 1, 2, 4, 3, 0, 2, 1, 3, 3, 1, 1, 2, 1, 1, 1, 4, 1, 3, 4, 1, 2, 4, 3, 1, 3, 1, 2, 4, 4, 4, 3, 2, 2, 3, 2, 4, 3, 2, 4, 2, 4, 4, 1, 2, 3, 2]|[0, 2, 0, 0, 3, 0, 1, 3, 1, 0, 2, 0, 1, 0, 1, 0, 0, 0, 1, 0, 0, 2, 0, 0, 1, 0, 0, 3, 0, 1, 0, 2, 0, 0, 3, 0, 1, 1, 0, 0, 0, 0, 1, 3, 0, 0, 1, 0, 2, 0, 0, 0, 0, 0, 1, 0, 1, 0, 1, 1, 0, 2, 0, 0, 0, 0, 0, 0, 0, 2, 0, 0, 1, 0, 0, 1, 0, 0, 3, 0, 0, 1, 2, 2, 0, 0, 0, 3, 0, 1, 0, 0, 1, 0, 3, 1, 0, 0, 0, 0],910.6016522559228,48453.76930145325,107095.52069553157,false
52,G3_TWC,G3_TWC,[31, 22, 42, 15, 26, 58, 95, 82, 77, 12, 47, 5, 93, 78, 98, 54, 85, 63, 18, 44, 20, 35, 43, 97, 91, 76, 10, 30, 21, 45, 71, 64, 1, 23, 17, 83, 24, 61, 60, 36, 6, 57, 94, 88, 65, 56, 79, 40, 67, 68, 46, 75, 38, 9, 19, 32, 81, 41, 27, 62, 87, 90, 99, 59, 11, 16, 72, 73, 70, 39, 37, 84, 3, 92, 25, 74, 28, 29, 51, 7, 53, 14, 86, 48, 89, 50, 66, 96, 33, 80, 4, 8, 55, 49, 0, 52, 69, 2, 13, 34]|[1, 1, 0, 1, 1, 1, 2, 1, 2, 1, 2, 2, 2, 1, 1, 0, 0, 1, 0, 2, 2, 0, 1, 2, 0, 1, 2, 2, 0, 0, 1, 2, 1, 2, 1, 0, 2, 0, 1, 1, 0, 1, 1, 1, 0, 2, 1, 1, 0, 0, 0, 0, 1, 1, 2, 1, 2, 0, 0, 0, 2, 1, 0, 1, 2, 1, 2, 1, 1, 1, 1, 1, 2, 0, 1, 2, 0, 0, 0, 1, 0, 1, 0, 0, 1, 0, 0, 0, 2, 0, 0, 1, 1, 0, 0, 1, 1, 0, 0, 2]|[4, 3, 2, 2, 0, 0, 2, 2, 2, 4, 1, 1, 2, 4, 4, 1, 1, 4, 2, 1, 1, 1, 1, 2, 1, 2, 1, 1, 1, 1, 3, 2, 3, 0, 4, 0, 1, 1, 0, 3, 2, 2, 4, 0, 1, 1, 3, 2, 0, 1, 2, 2, 1, 4, 0, 3, 2, 1, 1, 2, 1, 3, 1, 1, 1, 3, 0, 4, 3, 1, 4, 1, 1, 2, 4, 1, 2, 1, 1, 3, 2, 3, 1, 1, 1, 1, 1, 1, 1, 1, 2, 3, 4, 1, 2, 1, 3, 2, 2, 1]|[0, 2, 1, 1, 3, 3, 0, 1, 0, 0, 0, 0, 1, 0, 1, 0, 0, 3, 1, 0, 0, 0, 3, 1, 0, 2, 0, 0, 0, 1, 0, 0, 0, 0, 3, 0, 1, 0, 0, 2, 1, 1, 2, 0, 0, 0, 0, 1, 1, 0, 0, 0, 1, 3, 0, 0, 1, 0, 0, 1, 0, 2, 0, 1, 0, 2, 1, 0, 0, 1, 1, 3, 0, 1, 3, 0, 1, 0, 0, 2, 1, 0, 0, 0, 1, 0, 0, 0, 0, 0, 1, 2, 3, 1, 0, 1, 0, 0, 0, 0],802.5281847645216,57652.86795409501,87938.17744329936,false
52,G1_CMAX,G4_BALANCED,[31, 11, 15, 82, 26, 9, 95, 32, 77, 68, 47, 5, 93, 78, 86, 54, 85, 63, 18, 44, 20, 49, 36, 14, 74, 50, 53, 17, 21, 45, 71, 64, 3, 23, 30, 83, 24, 41, 60, 52, 65, 27, 90, 70, 39, 87, 48, 69, 99, 4, 46, 1, 13, 58, 97, 59, 28, 8, 73, 37, 35, 79, 22, 66, 76, 42, 40, 80, 96, 6, 16, 61, 33, 7, 57, 34, 12, 67, 10, 98, 56, 88, 29, 75, 91, 38, 19, 92, 43, 84, 51, 72, 81, 0, 2, 55, 94, 89, 62, 25]|[2, 1, 1, 2, 1, 2, 1, 1, 1, 1, 1, 0, 2, 2, 1, 2, 0, 0, 0, 2, 2, 1, 0, 2, 0, 2, 2, 1, 0, 1, 1, 1, 0, 0, 1, 0, 2, 1, 2, 2, 0, 0, 1, 1, 0, 2, 0, 2, 1, 0, 0, 2, 0, 0, 2, 0, 1, 1, 0, 0, 2, 1, 0, 2, 2, 0, 2, 2, 0, 1, 2, 1, 1, 2, 0, 1, 1, 1, 1, 2, 2, 1, 1, 0, 1, 0, 1, 0, 1, 0, 1, 1, 1, 0, 2, 0, 2, 1, 1, 1]|[1, 3, 2, 0, 4, 1, 4, 4, 2, 4, 3, 2, 1, 0, 2, 1, 1, 1, 2, 1, 1, 3, 0, 1, 0, 1, 1, 4, 1, 4, 3, 2, 2, 0, 4, 1, 1, 4, 0, 1, 2, 1, 4, 4, 1, 1, 0, 2, 3, 2, 2, 1, 2, 1, 1, 2, 4, 3, 0, 2, 2, 3, 1, 0, 1, 2, 0, 1, 2, 4, 1, 3, 4, 1, 2, 4, 3, 3, 3, 1, 1, 4, 3, 2, 3, 2, 4, 2, 4, 2, 3, 4, 1, 2, 1, 2, 1, 4, 3, 4]|[1, 2, 1, 0, 3, 0, 1, 3, 0, 0, 2, 0, 1, 0, 1, 0, 0, 0, 1, 0, 0, 2, 0, 0, 1, 0, 0, 3, 0, 1, 0, 2, 0, 1, 3, 0, 1, 3, 1, 0, 0, 0, 1, 3, 0, 0, 1, 0, 2, 0, 0, 0, 0, 0, 1, 0, 1, 0, 1, 1, 0, 2, 0, 0, 0, 0, 0, 0, 0, 2, 0, 0, 1, 0, 0, 1, 0, 0, 3, 0, 0, 1, 0, 0, 0, 0, 3, 0, 2, 0, 0, 2, 1, 0, 0, 0, 0, 1, 0, 3],846.6109372053031,52128.769557101376,106800.59864073119,true
52,G4_BALANCED,G4_BALANCED,[31, 11, 15, 82, 26, 9, 95, 32, 77, 68, 47, 5, 93, 78, 86, 54, 85, 63, 18, 44, 20, 49, 36, 14, 74, 50, 53, 17, 21, 45, 71, 64, 3, 23, 30, 83, 24, 41, 60, 52, 51, 27, 90, 70, 39, 87, 48, 69, 99, 4, 46, 1, 13, 58, 97, 59, 28, 8, 73, 37, 35, 79, 22, 66, 76, 42, 40, 80, 96, 6, 16, 61, 33, 7, 57, 34, 12, 67, 10, 98, 56, 88, 29, 25, 91, 38, 19, 92, 43, 84, 65, 72, 81, 75, 2, 55, 62, 89, 94, 0]|[2, 1, 1, 2, 1, 2, 1, 1, 1, 1, 1, 0, 2, 2, 1, 2, 0, 0, 0, 2, 2, 1, 0, 2, 0, 2, 2, 1, 0, 1, 1, 1, 0, 0, 1, 0, 2, 1, 2, 2, 0, 0, 1, 1, 0, 2, 0, 2, 1, 0, 0, 2, 0, 0, 2, 0, 1, 1, 0, 0, 2, 1, 1, 2, 2, 0, 2, 2, 0, 1, 2, 1, 1, 2, 0, 1, 2, 1, 1, 2, 2, 1, 1, 1, 1, 0, 1, 0, 1, 0, 1, 1, 1, 0, 2, 0, 1, 1, 2, 0]|[1, 3, 2, 0, 4, 1, 4, 4, 2, 4, 3, 2, 1, 0, 2, 1, 1, 1, 2, 1, 1, 3, 0, 1, 0, 1, 1, 4, 1, 4, 3, 2, 2, 0, 4, 1, 1, 4, 0, 1, 2, 1, 4, 4, 1, 1, 0, 2, 3, 1, 2, 1, 2, 1, 1, 2, 4, 3, 0, 2, 2, 3, 3, 0, 1, 2, 0, 1, 2, 4, 1, 3, 4, 1, 2, 4, 1, 3, 3, 1, 1, 4, 3, 4, 3, 2, 4, 2, 4, 2, 3, 4, 1, 2, 1, 2, 3, 4, 1, 2]|[1, 2, 1, 0, 3, 0, 1, 3, 0, 0, 2, 0, 1, 0, 1, 0, 0, 0, 1, 0, 0, 2, 0, 0, 1, 0, 0, 3, 0, 1, 0, 2, 0, 1, 3, 0, 1, 3, 1, 0, 0, 0, 1, 3, 0, 0, 1, 0, 2, 0, 0, 0, 0, 0, 1, 0, 1, 0, 1, 1, 0, 2, 2, 0, 0, 0, 1, 0, 0, 2, 0, 0, 1, 0, 0, 1, 0, 0, 3, 0, 0, 1, 0, 3, 0, 0, 1, 0, 2, 0, 0, 2, 1, 0, 0, 0, 0, 1, 0, 0],850.9632869082183,52431.02217786142,105346.60403335126,false
52,G2_TEC,G2_TEC,[31, 94, 82, 15, 26, 9, 95, 42, 77, 68, 47, 5, 93, 78, 86, 54, 85, 63, 18, 44, 20, 49, 36, 14, 74, 50, 53, 17, 21, 28, 11, 64, 3, 23, 30, 83, 24, 41, 40, 52, 65, 27, 90, 70, 39, 87, 48, 69, 99, 4, 46, 1, 13, 56, 97, 59, 45, 8, 73, 37, 35, 79, 71, 66, 76, 32, 60, 80, 58, 6, 67, 61, 33, 7, 57, 34, 12, 16, 10, 98, 96, 88, 43, 81, 91, 2, 84, 29, 92, 19, 51, 55, 89, 75, 25, 72, 22, 38, 62, 0]|[2, 1, 2, 1, 1, 2, 1, 1, 1, 1, 1, 0, 2, 2, 1, 2, 0, 0, 0, 2, 2, 1, 0, 2, 0, 2, 2, 1, 0, 1, 1, 1, 0, 0, 1, 0, 2, 1, 2, 2, 0, 0, 1, 1, 0, 2, 0, 2, 1, 0, 0, 2, 0, 2, 2, 0, 1, 1, 0, 0, 2, 1, 1, 2, 2, 0, 2, 2, 2, 1, 2, 1, 1, 2, 0, 1, 1, 2, 1, 2, 0, 1, 1, 1, 1, 0, 0, 1, 0, 1, 1, 0, 1, 0, 1, 1, 2, 0, 1, 0]|[0, 3, 0, 3, 4, 1, 4, 4, 4, 4, 3, 2, 1, 0, 2, 1, 1, 1, 2, 1, 1, 3, 0, 1, 0, 1, 1, 4, 1, 4, 3, 2, 2, 0, 4, 1, 1, 4, 1, 1, 2, 1, 4, 4, 1, 1, 0, 1, 3, 2, 2, 1, 2, 1, 1, 2, 4, 3, 0, 2, 1, 3, 3, 1, 1, 2, 1, 1, 1, 4, 1, 3, 4, 1, 2, 4, 3, 1, 3, 1, 2, 4, 4, 4, 3, 2, 2, 3, 2, 4, 3, 2, 4, 2, 4, 4, 1, 2, 3, 2]|[0, 2, 0, 0, 3, 0, 1, 3, 1, 0, 2, 0, 1, 0, 1, 0, 0, 0, 1, 0, 0, 2, 0, 0, 1, 0, 0, 3, 0, 1, 0, 2, 0, 0, 3, 0, 1, 1, 0, 0, 0, 0, 1, 3, 0, 0, 1, 0, 2, 0, 0, 0, 0, 0, 1, 0, 1, 0, 1, 1, 0, 2, 0, 0, 0, 0, 0, 0, 0, 2, 0, 0, 1, 0, 0, 1, 0, 0, 3, 0, 0, 1, 2, 2, 0, 0, 0, 3, 0, 1, 0, 0, 1, 0, 3, 1, 0, 0, 0, 0],910.6016522559228,48453.76930145325,107095.52069553157,false
52,G3_TWC,G3_TWC,[31, 22, 42, 15, 26, 58, 95, 82, 77, 12, 47, 5, 93, 78, 98, 54, 85, 63, 18, 44, 20, 35, 43, 97, 91, 76, 10, 30, 21, 45, 71, 64, 1, 23, 17, 83, 24, 61, 60, 36, 6, 57, 94, 88, 65, 56, 79, 40, 67, 68, 46, 75, 38, 9, 19, 32, 81, 41, 27, 62, 87, 90, 99, 59, 11, 16, 72, 73, 70, 39, 37, 84, 3, 92, 25, 74, 28, 29, 51, 7, 53, 14, 86, 48, 89, 50, 66, 96, 33, 80, 4, 8, 55, 49, 0, 52, 69, 2, 13, 34]|[1, 1, 0, 1, 1, 1, 2, 1, 2, 1, 2, 2, 2, 1, 1, 0, 0, 1, 0, 2, 2, 0, 1, 2, 0, 1, 2, 2, 0, 0, 1, 2, 1, 2, 1, 0, 2, 0, 1, 1, 0, 1, 1, 1, 0, 2, 1, 1, 0, 0, 0, 0, 1, 1, 2, 1, 2, 0, 0, 0, 2, 1, 0, 1, 2, 1, 2, 1, 1, 1, 1, 1, 2, 0, 1, 2, 0, 0, 0, 1, 0, 1, 0, 0, 1, 0, 0, 0, 2, 0, 0, 1, 1, 0, 0, 1, 1, 0, 0, 2]|[4, 3, 2, 2, 0, 0, 2, 2, 2, 4, 1, 1, 2, 4, 4, 1, 1, 4, 2, 1, 1, 1, 1, 2, 1, 2, 1, 1, 1, 1, 3, 2, 3, 0, 4, 0, 1, 1, 0, 3, 2, 2, 4, 0, 1, 1, 3, 2, 0, 1, 2, 2, 1, 4, 0, 3, 2, 1, 1, 2, 1, 3, 1, 1, 1, 3, 0, 4, 3, 1, 4, 1, 1, 2, 4, 1, 2, 1, 1, 3, 2, 3, 1, 1, 1, 1, 1, 1, 1, 1, 2, 3, 4, 1, 2, 1, 3, 2, 2, 1]|[0, 2, 1, 1, 3, 3, 0, 1, 0, 0, 0, 0, 1, 0, 1, 0, 0, 3, 1, 0, 0, 0, 3, 1, 0, 2, 0, 0, 0, 1, 0, 0, 0, 0, 3, 0, 1, 0, 0, 2, 1, 1, 2, 0, 0, 0, 0, 1, 1, 0, 0, 0, 1, 3, 0, 0, 1, 0, 0, 1, 0, 2, 0, 1, 0, 2, 1, 0, 0, 1, 1, 3, 0, 1, 3, 0, 1, 0, 0, 2, 1, 0, 0, 0, 1, 0, 0, 0, 0, 0, 1, 2, 3, 1, 0, 1, 0, 0, 0, 0],802.5281847645216,57652.86795409501,87938.17744329936,false
52,G1_CMAX,G3_TWC,[31, 22, 42, 15, 26, 58, 95, 82, 77, 12, 47, 5, 93, 78, 98, 54, 85, 63, 18, 44, 20, 35, 43, 97, 91, 76, 10, 30, 21, 45, 71, 64, 1, 23, 17, 83, 24, 61, 60, 36, 6, 57, 94, 88, 65, 56, 79, 40, 67, 68, 46, 75, 38, 9, 19, 32, 81, 41, 27, 62, 87, 90, 99, 59, 11, 16, 72, 73, 70, 39, 37, 84, 3, 92, 25, 74, 28, 29, 51, 50, 53, 14, 86, 66, 89, 7, 4, 96, 33, 80, 48, 8, 55, 49, 0, 52, 13, 2, 69, 34]|[1, 1, 0, 1, 1, 1, 2, 1, 2, 1, 2, 2, 2, 1, 1, 0, 0, 1, 0, 2, 2, 0, 1, 2, 0, 1, 2, 2, 0, 0, 1, 2, 1, 2, 1, 0, 2, 0, 1, 1, 0, 1, 1, 1, 0, 2, 1, 1, 0, 0, 0, 0, 1, 1, 2, 1, 2, 0, 0, 0, 2, 1, 0, 1, 2, 1, 2, 1, 1, 1, 1, 1, 2, 0, 1, 2, 0, 0, 0, 1, 0, 1, 0, 2, 1, 1, 1, 2, 2, 0, 0, 1, 2, 0, 0, 1, 0, 0, 1, 2]|[4, 3, 2, 2, 0, 0, 2, 2, 2, 4, 1, 1, 2, 4, 4, 1, 1, 4, 2, 1, 1, 1, 1, 2, 1, 2, 1, 1, 1, 1, 3, 2, 3, 0, 4, 0, 1, 1, 0, 3, 2, 2, 4, 0, 1, 1, 3, 2, 0, 1, 2, 2, 1, 4, 0, 3, 2, 1, 1, 2, 1, 3, 1, 1, 1, 3, 0, 4, 3, 1, 4, 1, 1, 2, 4, 1, 2, 1, 1, 3, 2, 3, 1, 1, 1, 3, 4, 1, 1, 1, 1, 3, 1, 1, 2, 1, 2, 2, 4, 1]|[0, 2, 1, 1, 3, 3, 0, 1, 0, 0, 0, 0, 1, 0, 1, 0, 0, 3, 1, 0, 0, 0, 3, 1, 0, 2, 0, 0, 0, 1, 0, 0, 0, 0, 3, 0, 1, 0, 0, 2, 1, 1, 2, 0, 0, 0, 0, 1, 1, 0, 0, 0, 1, 3, 0, 0, 1, 0, 0, 1, 0, 2, 0, 1, 0, 2, 1, 0, 0, 1, 1, 3, 0, 1, 3, 0, 1, 0, 0, 2, 1, 0, 0, 0, 1, 2, 0, 0, 0, 0, 0, 2, 0, 1, 0, 1, 0, 0, 2, 0],728.4869286192202,57157.53540402781,90893.16299755374,true
52,G4_BALANCED,G4_BALANCED,[31, 11, 15, 82, 26, 9, 95, 32, 77, 68, 47, 5, 93, 78, 86, 54, 85, 63, 18, 44, 20, 49, 36, 14, 74, 50, 53, 17, 21, 45, 71, 64, 3, 23, 30, 83, 24, 41, 60, 52, 51, 27, 90, 70, 39, 87, 48, 69, 99, 4, 46, 1, 13, 58, 97, 59, 28, 8, 73, 37, 35, 79, 22, 66, 76, 42, 40, 80, 96, 6, 16, 61, 33, 7, 57, 34, 12, 67, 10, 98, 56, 88, 29, 25, 91, 38, 19, 92, 43, 84, 65, 72, 81, 75, 2, 55, 62, 89, 94, 0]|[2, 1, 1, 2, 1, 2, 1, 1, 1, 1, 1, 0, 2, 2, 1, 2, 0, 0, 0, 2, 2, 1, 0, 2, 0, 2, 2, 1, 0, 1, 1, 1, 0, 0, 1, 0, 2, 1, 2, 2, 0, 0, 1, 1, 0, 2, 0, 2, 1, 0, 0, 2, 0, 0, 2, 0, 1, 1, 0, 0, 2, 1, 1, 2, 2, 0, 2, 2, 0, 1, 2, 1, 1, 2, 0, 1, 2, 1, 1, 2, 2, 1, 1, 1, 1, 0, 1, 0, 1, 0, 1, 1, 1, 0, 2, 0, 1, 1, 2, 0]|[1, 3, 2, 0, 4, 1, 4, 4, 2, 4, 3, 2, 1, 0, 2, 1, 1, 1, 2, 1, 1, 3, 0, 1, 0, 1, 1, 4, 1, 4, 3, 2, 2, 0, 4, 1, 1, 4, 0, 1, 2, 1, 4, 4, 1, 1, 0, 2, 3, 1, 2, 1, 2, 1, 1, 2, 4, 3, 0, 2, 2, 3, 3, 0, 1, 2, 0, 1, 2, 4, 1, 3, 4, 1, 2, 4, 1, 3, 3, 1, 1, 4, 3, 4, 3, 2, 4, 2, 4, 2, 3, 4, 1, 2, 1, 2, 3, 4, 1, 2]|[1, 2, 1, 0, 3, 0, 1, 3, 0, 0, 2, 0, 1, 0, 1, 0, 0, 0, 1, 0, 0, 2, 0, 0, 1, 0, 0, 3, 0, 1, 0, 2, 0, 1, 3, 0, 1, 3, 1, 0, 0, 0, 1, 3, 0, 0, 1, 0, 2, 0, 0, 0, 0, 0, 1, 0, 1, 0, 1, 1, 0, 2, 2, 0, 0, 0, 1, 0, 0, 2, 0, 0, 1, 0, 0, 1, 0, 0, 3, 0, 0, 1, 0, 3, 0, 0, 1, 0, 2, 0, 0, 2, 1, 0, 0, 0, 0, 1, 0, 0],850.9632869082183,52431.02217786142,105346.60403335126,false
52,G2_TEC,G2_TEC,[31, 94, 82, 15, 26, 9, 95, 42, 77, 68, 47, 5, 93, 78, 86, 54, 85, 63, 18, 44, 20, 49, 36, 14, 74, 50, 53, 17, 21, 28, 11, 64, 3, 23, 30, 83, 24, 41, 40, 52, 65, 27, 90, 70, 39, 87, 48, 69, 99, 4, 46, 1, 13, 56, 97, 59, 45, 8, 73, 37, 35, 79, 71, 66, 76, 32, 60, 80, 58, 6, 67, 61, 33, 7, 57, 34, 12, 16, 10, 98, 96, 88, 43, 81, 91, 2, 84, 29, 92, 19, 51, 55, 89, 75, 25, 72, 22, 38, 62, 0]|[2, 1, 2, 1, 1, 2, 1, 1, 1, 1, 1, 0, 2, 2, 1, 2, 0, 0, 0, 2, 2, 1, 0, 2, 0, 2, 2, 1, 0, 1, 1, 1, 0, 0, 1, 0, 2, 1, 2, 2, 0, 0, 1, 1, 0, 2, 0, 2, 1, 0, 0, 2, 0, 2, 2, 0, 1, 1, 0, 0, 2, 1, 1, 2, 2, 0, 2, 2, 2, 1, 2, 1, 1, 2, 0, 1, 1, 2, 1, 2, 0, 1, 1, 1, 1, 0, 0, 1, 0, 1, 1, 0, 1, 0, 1, 1, 2, 0, 1, 0]|[0, 3, 0, 3, 4, 1, 4, 4, 4, 4, 3, 2, 1, 0, 2, 1, 1, 1, 2, 1, 1, 3, 0, 1, 0, 1, 1, 4, 1, 4, 3, 2, 2, 0, 4, 1, 1, 4, 1, 1, 2, 1, 4, 4, 1, 1, 0, 1, 3, 2, 2, 1, 2, 1, 1, 2, 4, 3, 0, 2, 1, 3, 3, 1, 1, 2, 1, 1, 1, 4, 1, 3, 4, 1, 2, 4, 3, 1, 3, 1, 2, 4, 4, 4, 3, 2, 2, 3, 2, 4, 3, 2, 4, 2, 4, 4, 1, 2, 3, 2]|[0, 2, 0, 0, 3, 0, 1, 3, 1, 0, 2, 0, 1, 0, 1, 0, 0, 0, 1, 0, 0, 2, 0, 0, 1, 0, 0, 3, 0, 1, 0, 2, 0, 0, 3, 0, 1, 1, 0, 0, 0, 0, 1, 3, 0, 0, 1, 0, 2, 0, 0, 0, 0, 0, 1, 0, 1, 0, 1, 1, 0, 2, 0, 0, 0, 0, 0, 0, 0, 2, 0, 0, 1, 0, 0, 1, 0, 0, 3, 0, 0, 1, 2, 2, 0, 0, 0, 3, 0, 1, 0, 0, 1, 0, 3, 1, 0, 0, 0, 0],910.6016522559228,48453.76930145325,107095.52069553157,false
52,G3_TWC,G3_TWC,[31, 22, 42, 15, 26, 58, 95, 82, 77, 12, 47, 5, 93, 78, 98, 54, 85, 63, 18, 44, 20, 35, 43, 97, 91, 76, 10, 30, 21, 45, 71, 64, 1, 23, 17, 83, 24, 61, 60, 36, 6, 57, 94, 88, 65, 56, 79, 40, 67, 68, 46, 75, 38, 9, 19, 32, 81, 41, 27, 62, 87, 90, 99, 59, 11, 16, 72, 73, 70, 39, 37, 84, 3, 92, 25, 74, 28, 29, 51, 7, 53, 14, 86, 48, 89, 50, 66, 96, 33, 80, 4, 8, 55, 49, 0, 52, 69, 2, 13, 34]|[1, 1, 0, 1, 1, 1, 2, 1, 2, 1, 2, 2, 2, 1, 1, 0, 0, 1, 0, 2, 2, 0, 1, 2, 0, 1, 2, 2, 0, 0, 1, 2, 1, 2, 1, 0, 2, 0, 1, 1, 0, 1, 1, 1, 0, 2, 1, 1, 0, 0, 0, 0, 1, 1, 2, 1, 2, 0, 0, 0, 2, 1, 0, 1, 2, 1, 2, 1, 1, 1, 1, 1, 2, 0, 1, 2, 0, 0, 0, 1, 0, 1, 0, 0, 1, 0, 0, 0, 2, 0, 0, 1, 1, 0, 0, 1, 1, 0, 0, 2]|[4, 3, 2, 2, 0, 0, 2, 2, 2, 4, 1, 1, 2, 4, 4, 1, 1, 4, 2, 1, 1, 1, 1, 2, 1, 2, 1, 1, 1, 1, 3, 2, 3, 0, 4, 0, 1, 1, 0, 3, 2, 2, 4, 0, 1, 1, 3, 2, 0, 1, 2, 2, 1, 4, 0, 3, 2, 1, 1, 2, 1, 3, 1, 1, 1, 3, 0, 4, 3, 1, 4, 1, 1, 2, 4, 1, 2, 1, 1, 3, 2, 3, 1, 1, 1, 1, 1, 1, 1, 1, 2, 3, 4, 1, 2, 1, 3, 2, 2, 1]|[0, 2, 1, 1, 3, 3, 0, 1, 0, 0, 0, 0, 1, 0, 1, 0, 0, 3, 1, 0, 0, 0, 3, 1, 0, 2, 0, 0, 0, 1, 0, 0, 0, 0, 3, 0, 1, 0, 0, 2, 1, 1, 2, 0, 0, 0, 0, 1, 1, 0, 0, 0, 1, 3, 0, 0, 1, 0, 0, 1, 0, 2, 0, 1, 0, 2, 1, 0, 0, 1, 1, 3, 0, 1, 3, 0, 1, 0, 0, 2, 1, 0, 0, 0, 1, 0, 0, 0, 0, 0, 1, 2, 3, 1, 0, 1, 0, 0, 0, 0],802.5281847645216,57652.86795409501,87938.17744329936,false
52,G1_CMAX,G3_TWC,[31, 22, 42, 15, 26, 58, 95, 82, 77, 12, 47, 5, 93, 78, 98, 54, 85, 63, 18, 44, 20, 35, 43, 97, 91, 76, 10, 30, 21, 45, 71, 64, 1, 23, 17, 83, 24, 61, 60, 36, 6, 57, 94, 88, 65, 56, 79, 40, 67, 68, 46, 75, 38, 9, 19, 32, 81, 41, 27, 62, 87, 90, 99, 59, 11, 16, 72, 73, 70, 39, 37, 84, 3, 92, 25, 74, 28, 29, 51, 50, 53, 14, 86, 66, 89, 7, 4, 96, 33, 80, 48, 8, 55, 49, 0, 52, 13, 2, 69, 34]|[1, 1, 0, 1, 1, 1, 2, 1, 2, 1, 2, 2, 2, 1, 1, 0, 0, 1, 0, 2, 2, 0, 1, 2, 0, 1, 2, 2, 0, 0, 1, 2, 1, 2, 1, 0, 2, 0, 1, 1, 0, 1, 1, 1, 0, 2, 1, 1, 0, 0, 0, 0, 1, 1, 2, 1, 2, 0, 0, 0, 2, 1, 0, 1, 2, 1, 2, 1, 1, 1, 1, 1, 2, 0, 1, 2, 0, 0, 0, 1, 0, 1, 0, 2, 1, 1, 1, 2, 2, 0, 0, 1, 2, 0, 0, 1, 0, 0, 1, 2]|[4, 3, 2, 2, 0, 0, 2, 2, 2, 4, 1, 1, 2, 4, 4, 1, 1, 4, 2, 1, 1, 1, 1, 2, 1, 2, 1, 1, 1, 1, 3, 2, 3, 0, 4, 0, 1, 1, 0, 3, 2, 2, 4, 0, 1, 1, 3, 2, 0, 1, 2, 2, 1, 4, 0, 3, 2, 1, 1, 2, 1, 3, 1, 1, 1, 3, 0, 4, 3, 1, 4, 1, 1, 2, 4, 1, 2, 1, 1, 3, 2, 3, 1, 1, 1, 3, 4, 1, 1, 1, 1, 3, 1, 1, 2, 1, 2, 2, 4, 1]|[0, 2, 1, 1, 3, 3, 0, 1, 0, 0, 0, 0, 1, 0, 1, 0, 0, 3, 1, 0, 0, 0, 3, 1, 0, 2, 0, 0, 0, 1, 0, 0, 0, 0, 3, 0, 1, 0, 0, 2, 1, 1, 2, 0, 0, 0, 0, 1, 1, 0, 0, 0, 1, 3, 0, 0, 1, 0, 0, 1, 0, 2, 0, 1, 0, 2, 1, 0, 0, 1, 1, 3, 0, 1, 3, 0, 1, 0, 0, 2, 1, 0, 0, 0, 1, 2, 0, 0, 0, 0, 0, 2, 0, 1, 0, 1, 0, 0, 2, 0],728.4869286192202,57157.53540402781,90893.16299755374,true
52,G4_BALANCED,G4_BALANCED,[31, 11, 15, 82, 26, 9, 95, 32, 77, 68, 47, 5, 93, 78, 86, 54, 85, 63, 18, 44, 20, 49, 36, 14, 74, 50, 53, 17, 21, 45, 71, 64, 3, 23, 30, 83, 24, 41, 60, 52, 51, 27, 90, 70, 39, 87, 48, 69, 99, 4, 46, 1, 13, 58, 97, 59, 28, 8, 73, 37, 35, 79, 22, 66, 76, 42, 40, 80, 96, 6, 16, 61, 33, 7, 57, 34, 12, 67, 10, 98, 56, 88, 29, 25, 91, 38, 19, 92, 43, 84, 65, 72, 81, 75, 2, 55, 62, 89, 94, 0]|[2, 1, 1, 2, 1, 2, 1, 1, 1, 1, 1, 0, 2, 2, 1, 2, 0, 0, 0, 2, 2, 1, 0, 2, 0, 2, 2, 1, 0, 1, 1, 1, 0, 0, 1, 0, 2, 1, 2, 2, 0, 0, 1, 1, 0, 2, 0, 2, 1, 0, 0, 2, 0, 0, 2, 0, 1, 1, 0, 0, 2, 1, 1, 2, 2, 0, 2, 2, 0, 1, 2, 1, 1, 2, 0, 1, 2, 1, 1, 2, 2, 1, 1, 1, 1, 0, 1, 0, 1, 0, 1, 1, 1, 0, 2, 0, 1, 1, 2, 0]|[1, 3, 2, 0, 4, 1, 4, 4, 2, 4, 3, 2, 1, 0, 2, 1, 1, 1, 2, 1, 1, 3, 0, 1, 0, 1, 1, 4, 1, 4, 3, 2, 2, 0, 4, 1, 1, 4, 0, 1, 2, 1, 4, 4, 1, 1, 0, 2, 3, 1, 2, 1, 2, 1, 1, 2, 4, 3, 0, 2, 2, 3, 3, 0, 1, 2, 0, 1, 2, 4, 1, 3, 4, 1, 2, 4, 1, 3, 3, 1, 1, 4, 3, 4, 3, 2, 4, 2, 4, 2, 3, 4, 1, 2, 1, 2, 3, 4, 1, 2]|[1, 2, 1, 0, 3, 0, 1, 3, 0, 0, 2, 0, 1, 0, 1, 0, 0, 0, 1, 0, 0, 2, 0, 0, 1, 0, 0, 3, 0, 1, 0, 2, 0, 1, 3, 0, 1, 3, 1, 0, 0, 0, 1, 3, 0, 0, 1, 0, 2, 0, 0, 0, 0, 0, 1, 0, 1, 0, 1, 1, 0, 2, 2, 0, 0, 0, 1, 0, 0, 2, 0, 0, 1, 0, 0, 1, 0, 0, 3, 0, 0, 1, 0, 3, 0, 0, 1, 0, 2, 0, 0, 2, 1, 0, 0, 0, 0, 1, 0, 0],850.9632869082183,52431.02217786142,105346.60403335126,false
52,G2_TEC,G2_TEC,[31, 94, 82, 15, 26, 9, 95, 42, 77, 68, 47, 5, 93, 78, 86, 54, 85, 63, 18, 44, 20, 49, 36, 14, 74, 50, 53, 17, 21, 28, 11, 64, 3, 23, 30, 83, 24, 41, 40, 52, 65, 27, 90, 70, 39, 87, 48, 69, 99, 4, 46, 1, 13, 56, 97, 59, 45, 8, 73, 37, 35, 79, 71, 66, 76, 32, 60, 80, 58, 6, 67, 61, 33, 7, 57, 34, 12, 16, 10, 98, 96, 88, 43, 81, 91, 2, 84, 29, 92, 19, 51, 55, 89, 75, 25, 72, 22, 38, 62, 0]|[2, 1, 2, 1, 1, 2, 1, 1, 1, 1, 1, 0, 2, 2, 1, 2, 0, 0, 0, 2, 2, 1, 0, 2, 0, 2, 2, 1, 0, 1, 1, 1, 0, 0, 1, 0, 2, 1, 2, 2, 0, 0, 1, 1, 0, 2, 0, 2, 1, 0, 0, 2, 0, 2, 2, 0, 1, 1, 0, 0, 2, 1, 1, 2, 2, 0, 2, 2, 2, 1, 2, 1, 1, 2, 0, 1, 1, 2, 1, 2, 0, 1, 1, 1, 1, 0, 0, 1, 0, 1, 1, 0, 1, 0, 1, 1, 2, 0, 1, 0]|[0, 3, 0, 3, 4, 1, 4, 4, 4, 4, 3, 2, 1, 0, 2, 1, 1, 1, 2, 1, 1, 3, 0, 1, 0, 1, 1, 4, 1, 4, 3, 2, 2, 0, 4, 1, 1, 4, 1, 1, 2, 1, 4, 4, 1, 1, 0, 1, 3, 2, 2, 1, 2, 1, 1, 2, 4, 3, 0, 2, 1, 3, 3, 1, 1, 2, 1, 1, 1, 4, 1, 3, 4, 1, 2, 4, 3, 1, 3, 1, 2, 4, 4, 4, 3, 2, 2, 3, 2, 4, 3, 2, 4, 2, 4, 4, 1, 2, 3, 2]|[0, 2, 0, 0, 3, 0, 1, 3, 1, 0, 2, 0, 1, 0, 1, 0, 0, 0, 1, 0, 0, 2, 0, 0, 1, 0, 0, 3, 0, 1, 0, 2, 0, 0, 3, 0, 1, 1, 0, 0, 0, 0, 1, 3, 0, 0, 1, 0, 2, 0, 0, 0, 0, 0, 1, 0, 1, 0, 1, 1, 0, 2, 0, 0, 0, 0, 0, 0, 0, 2, 0, 0, 1, 0, 0, 1, 0, 0, 3, 0, 0, 1, 2, 2, 0, 0, 0, 3, 0, 1, 0, 0, 1, 0, 3, 1, 0, 0, 0, 0],910.6016522559228,48453.76930145325,107095.52069553157,false
52,G3_TWC,G3_TWC,[31, 22, 42, 15, 26, 58, 95, 82, 77, 12, 47, 5, 93, 78, 98, 54, 85, 63, 18, 44, 20, 35, 43, 97, 91, 76, 10, 30, 21, 45, 71, 64, 1, 23, 17, 83, 24, 61, 60, 36, 6, 57, 94, 88, 65, 56, 79, 40, 67, 68, 46, 75, 38, 9, 19, 32, 81, 41, 27, 62, 87, 90, 99, 59, 11, 16, 72, 73, 70, 39, 37, 84, 3, 92, 25, 74, 28, 29, 51, 7, 53, 14, 86, 48, 89, 50, 66, 96, 33, 80, 4, 8, 55, 49, 0, 52, 69, 2, 13, 34]|[1, 1, 0, 1, 1, 1, 2, 1, 2, 1, 2, 2, 2, 1, 1, 0, 0, 1, 0, 2, 2, 0, 1, 2, 0, 1, 2, 2, 0, 0, 1, 2, 1, 2, 1, 0, 2, 0, 1, 1, 0, 1, 1, 1, 0, 2, 1, 1, 0, 0, 0, 0, 1, 1, 2, 1, 2, 0, 0, 0, 2, 1, 0, 1, 2, 1, 2, 1, 1, 1, 1, 1, 2, 0, 1, 2, 0, 0, 0, 1, 0, 1, 0, 0, 1, 0, 0, 0, 2, 0, 0, 1, 1, 0, 0, 1, 1, 0, 0, 2]|[4, 3, 2, 2, 0, 0, 2, 2, 2, 4, 1, 1, 2, 4, 4, 1, 1, 4, 2, 1, 1, 1, 1, 2, 1, 2, 1, 1, 1, 1, 3, 2, 3, 0, 4, 0, 1, 1, 0, 3, 2, 2, 4, 0, 1, 1, 3, 2, 0, 1, 2, 2, 1, 4, 0, 3, 2, 1, 1, 2, 1, 3, 1, 1, 1, 3, 0, 4, 3, 1, 4, 1, 1, 2, 4, 1, 2, 1, 1, 3, 2, 3, 1, 1, 1, 1, 1, 1, 1, 1, 2, 3, 4, 1, 2, 1, 3, 2, 2, 1]|[0, 2, 1, 1, 3, 3, 0, 1, 0, 0, 0, 0, 1, 0, 1, 0, 0, 3, 1, 0, 0, 0, 3, 1, 0, 2, 0, 0, 0, 1, 0, 0, 0, 0, 3, 0, 1, 0, 0, 2, 1, 1, 2, 0, 0, 0, 0, 1, 1, 0, 0, 0, 1, 3, 0, 0, 1, 0, 0, 1, 0, 2, 0, 1, 0, 2, 1, 0, 0, 1, 1, 3, 0, 1, 3, 0, 1, 0, 0, 2, 1, 0, 0, 0, 1, 0, 0, 0, 0, 0, 1, 2, 3, 1, 0, 1, 0, 0, 0, 0],802.5281847645216,57652.86795409501,87938.17744329936,false
52,G1_CMAX,G4_BALANCED,[31, 22, 82, 15, 26, 58, 95, 42, 77, 12, 47, 5, 93, 78, 86, 54, 85, 63, 18, 44, 20, 35, 43, 97, 66, 76, 79, 30, 21, 45, 71, 64, 1, 23, 17, 83, 24, 14, 60, 36, 6, 57, 40, 88, 65, 56, 10, 94, 67, 68, 46, 75, 38, 9, 19, 32, 41, 81, 27, 62, 87, 90, 99, 59, 11, 16, 72, 73, 69, 39, 37, 84, 3, 92, 25, 55, 29, 28, 51, 7, 33, 61, 48, 98, 89, 50, 4, 96, 53, 80, 91, 8, 34, 2, 52, 70, 13, 0, 49, 74]|[1, 1, 0, 1, 1, 0, 1, 2, 2, 1, 2, 2, 2, 1, 1, 0, 0, 1, 0, 2, 2, 0, 1, 2, 2, 1, 2, 2, 0, 0, 1, 2, 1, 2, 1, 0, 2, 0, 1, 1, 0, 1, 1, 1, 0, 2, 2, 1, 0, 0, 0, 0, 1, 1, 2, 1, 0, 2, 0, 0, 2, 1, 0, 1, 2, 1, 2, 1, 1, 1, 1, 1, 1, 0, 1, 2, 0, 0, 0, 1, 2, 1, 0, 2, 1, 0, 1, 2, 0, 0, 0, 1, 2, 0, 1, 1, 0, 0, 0, 2]|[4, 3, 2, 2, 4, 1, 2, 2, 2, 4, 1, 1, 2, 4, 4, 1, 2, 4, 2, 1, 1, 1, 1, 2, 1, 2, 1, 1, 1, 1, 3, 1, 3, 1, 4, 0, 1, 1, 0, 3, 2, 2, 2, 0, 1, 1, 1, 4, 0, 1, 2, 2, 1, 4, 0, 3, 1, 1, 1, 2, 1, 3, 1, 1, 1, 3, 0, 4, 4, 1, 4, 1, 1, 0, 4, 1, 1, 2, 1, 1, 1, 3, 1, 1, 1, 1, 4, 1, 2, 1, 1, 3, 1, 2, 1, 3, 2, 2, 1, 1]|[0, 2, 1, 1, 3, 0, 1, 0, 0, 0, 0, 0, 1, 0, 1, 0, 0, 3, 1, 0, 0, 0, 3, 1, 0, 2, 0, 0, 0, 0, 0, 0, 0, 0, 3, 0, 1, 0, 0, 2, 1, 1, 1, 0, 0, 0, 0, 2, 1, 0, 0, 0, 1, 3, 0, 0, 0, 0, 0, 1, 0, 2, 0, 1, 0, 2, 1, 0, 2, 1, 1, 3, 1, 1, 3, 0, 0, 1, 0, 2, 0, 0, 0, 0, 1, 0, 0, 0, 1, 0, 0, 2, 0, 0, 1, 0, 0, 0, 1, 0],777.436160111927,55362.22348255077,98760.25566819475,true
52,G4_BALANCED,G4_BALANCED,[31, 11, 15, 82, 26, 9, 95, 32, 77, 68, 47, 5, 93, 78, 86, 54, 85, 63, 18, 44, 20, 49, 36, 14, 74, 50, 53, 17, 21, 45, 71, 64, 3, 23, 30, 83, 24, 41, 60, 52, 51, 27, 90, 70, 39, 87, 48, 69, 99, 4, 46, 1, 13, 58, 97, 59, 28, 8, 73, 37, 35, 79, 22, 66, 76, 42, 40, 80, 96, 6, 16, 61, 33, 7, 57, 34, 12, 67, 10, 98, 56, 88, 29, 25, 91, 38, 19, 92, 43, 84, 65, 72, 81, 75, 2, 55, 62, 89, 94, 0]|[2, 1, 1, 2, 1, 2, 1, 1, 1, 1, 1, 0, 2, 2, 1, 2, 0, 0, 0, 2, 2, 1, 0, 2, 0, 2, 2, 1, 0, 1, 1, 1, 0, 0, 1, 0, 2, 1, 2, 2, 0, 0, 1, 1, 0, 2, 0, 2, 1, 0, 0, 2, 0, 0, 2, 0, 1, 1, 0, 0, 2, 1, 1, 2, 2, 0, 2, 2, 0, 1, 2, 1, 1, 2, 0, 1, 2, 1, 1, 2, 2, 1, 1, 1, 1, 0, 1, 0, 1, 0, 1, 1, 1, 0, 2, 0, 1, 1, 2, 0]|[1, 3, 2, 0, 4, 1, 4, 4, 2, 4, 3, 2, 1, 0, 2, 1, 1, 1, 2, 1, 1, 3, 0, 1, 0, 1, 1, 4, 1, 4, 3, 2, 2, 0, 4, 1, 1, 4, 0, 1, 2, 1, 4, 4, 1, 1, 0, 2, 3, 1, 2, 1, 2, 1, 1, 2, 4, 3, 0, 2, 2, 3, 3, 0, 1, 2, 0, 1, 2, 4, 1, 3, 4, 1, 2, 4, 1, 3, 3, 1, 1, 4, 3, 4, 3, 2, 4, 2, 4, 2, 3, 4, 1, 2, 1, 2, 3, 4, 1, 2]|[1, 2, 1, 0, 3, 0, 1, 3, 0, 0, 2, 0, 1, 0, 1, 0, 0, 0, 1, 0, 0, 2, 0, 0, 1, 0, 0, 3, 0, 1, 0, 2, 0, 1, 3, 0, 1, 3, 1, 0, 0, 0, 1, 3, 0, 0, 1, 0, 2, 0, 0, 0, 0, 0, 1, 0, 1, 0, 1, 1, 0, 2, 2, 0, 0, 0, 1, 0, 0, 2, 0, 0, 1, 0, 0, 1, 0, 0, 3, 0, 0, 1, 0, 3, 0, 0, 1, 0, 2, 0, 0, 2, 1, 0, 0, 0, 0, 1, 0, 0],850.9632869082183,52431.02217786142,105346.60403335126,false
52,G2_TEC,G2_TEC,[31, 94, 82, 15, 26, 9, 95, 42, 77, 68, 47, 5, 93, 78, 86, 54, 85, 63, 18, 44, 20, 49, 36, 14, 74, 50, 53, 17, 21, 28, 11, 64, 3, 23, 30, 83, 24, 41, 40, 52, 65, 27, 90, 70, 39, 87, 48, 69, 99, 4, 46, 1, 13, 56, 97, 59, 45, 8, 73, 37, 35, 79, 71, 66, 76, 32, 60, 80, 58, 6, 67, 61, 33, 7, 57, 34, 12, 16, 10, 98, 96, 88, 43, 81, 91, 2, 84, 29, 92, 19, 51, 55, 89, 75, 25, 72, 22, 38, 62, 0]|[2, 1, 2, 1, 1, 2, 1, 1, 1, 1, 1, 0, 2, 2, 1, 2, 0, 0, 0, 2, 2, 1, 0, 2, 0, 2, 2, 1, 0, 1, 1, 1, 0, 0, 1, 0, 2, 1, 2, 2, 0, 0, 1, 1, 0, 2, 0, 2, 1, 0, 0, 2, 0, 2, 2, 0, 1, 1, 0, 0, 2, 1, 1, 2, 2, 0, 2, 2, 2, 1, 2, 1, 1, 2, 0, 1, 1, 2, 1, 2, 0, 1, 1, 1, 1, 0, 0, 1, 0, 1, 1, 0, 1, 0, 1, 1, 2, 0, 1, 0]|[0, 3, 0, 3, 4, 1, 4, 4, 4, 4, 3, 2, 1, 0, 2, 1, 1, 1, 2, 1, 1, 3, 0, 1, 0, 1, 1, 4, 1, 4, 3, 2, 2, 0, 4, 1, 1, 4, 1, 1, 2, 1, 4, 4, 1, 1, 0, 1, 3, 2, 2, 1, 2, 1, 1, 2, 4, 3, 0, 2, 1, 3, 3, 1, 1, 2, 1, 1, 1, 4, 1, 3, 4, 1, 2, 4, 3, 1, 3, 1, 2, 4, 4, 4, 3, 2, 2, 3, 2, 4, 3, 2, 4, 2, 4, 4, 1, 2, 3, 2]|[0, 2, 0, 0, 3, 0, 1, 3, 1, 0, 2, 0, 1, 0, 1, 0, 0, 0, 1, 0, 0, 2, 0, 0, 1, 0, 0, 3, 0, 1, 0, 2, 0, 0, 3, 0, 1, 1, 0, 0, 0, 0, 1, 3, 0, 0, 1, 0, 2, 0, 0, 0, 0, 0, 1, 0, 1, 0, 1, 1, 0, 2, 0, 0, 0, 0, 0, 0, 0, 2, 0, 0, 1, 0, 0, 1, 0, 0, 3, 0, 0, 1, 2, 2, 0, 0, 0, 3, 0, 1, 0, 0, 1, 0, 3, 1, 0, 0, 0, 0],910.6016522559228,48453.76930145325,107095.52069553157,false
52,G3_TWC,G3_TWC,[31, 22, 42, 15, 26, 58, 95, 82, 77, 12, 47, 5, 93, 78, 98, 54, 85, 63, 18, 44, 20, 35, 43, 97, 91, 76, 10, 30, 21, 45, 71, 64, 1, 23, 17, 83, 24, 61, 60, 36, 6, 57, 94, 88, 65, 56, 79, 40, 67, 68, 46, 75, 38, 9, 19, 32, 81, 41, 27, 62, 87, 90, 99, 59, 11, 16, 72, 73, 70, 39, 37, 84, 3, 92, 25, 74, 28, 29, 51, 7, 53, 14, 86, 48, 89, 50, 66, 96, 33, 80, 4, 8, 55, 49, 0, 52, 69, 2, 13, 34]|[1, 1, 0, 1, 1, 1, 2, 1, 2, 1, 2, 2, 2, 1, 1, 0, 0, 1, 0, 2, 2, 0, 1, 2, 0, 1, 2, 2, 0, 0, 1, 2, 1, 2, 1, 0, 2, 0, 1, 1, 0, 1, 1, 1, 0, 2, 1, 1, 0, 0, 0, 0, 1, 1, 2, 1, 2, 0, 0, 0, 2, 1, 0, 1, 2, 1, 2, 1, 1, 1, 1, 1, 2, 0, 1, 2, 0, 0, 0, 1, 0, 1, 0, 0, 1, 0, 0, 0, 2, 0, 0, 1, 1, 0, 0, 1, 1, 0, 0, 2]|[4, 3, 2, 2, 0, 0, 2, 2, 2, 4, 1, 1, 2, 4, 4, 1, 1, 4, 2, 1, 1, 1, 1, 2, 1, 2, 1, 1, 1, 1, 3, 2, 3, 0, 4, 0, 1, 1, 0, 3, 2, 2, 4, 0, 1, 1, 3, 2, 0, 1, 2, 2, 1, 4, 0, 3, 2, 1, 1, 2, 1, 3, 1, 1, 1, 3, 0, 4, 3, 1, 4, 1, 1, 2, 4, 1, 2, 1, 1, 3, 2, 3, 1, 1, 1, 1, 1, 1, 1, 1, 2, 3, 4, 1, 2, 1, 3, 2, 2, 1]|[0, 2, 1, 1, 3, 3, 0, 1, 0, 0, 0, 0, 1, 0, 1, 0, 0, 3, 1, 0, 0, 0, 3, 1, 0, 2, 0, 0, 0, 1, 0, 0, 0, 0, 3, 0, 1, 0, 0, 2, 1, 1, 2, 0, 0, 0, 0, 1, 1, 0, 0, 0, 1, 3, 0, 0, 1, 0, 0, 1, 0, 2, 0, 1, 0, 2, 1, 0, 0, 1, 1, 3, 0, 1, 3, 0, 1, 0, 0, 2, 1, 0, 0, 0, 1, 0, 0, 0, 0, 0, 1, 2, 3, 1, 0, 1, 0, 0, 0, 0],802.5281847645216,57652.86795409501,87938.17744329936,false
52,G1_CMAX,G4_BALANCED,[31, 22, 82, 15, 26, 58, 95, 42, 77, 12, 47, 5, 93, 78, 86, 54, 85, 63, 18, 44, 20, 35, 43, 97, 66, 76, 79, 30, 21, 45, 71, 64, 1, 23, 17, 83, 24, 14, 60, 36, 6, 57, 40, 88, 65, 56, 10, 94, 67, 68, 46, 75, 38, 9, 19, 32, 41, 81, 27, 62, 87, 90, 99, 59, 11, 16, 72, 73, 69, 39, 37, 84, 3, 92, 25, 55, 29, 28, 51, 7, 33, 61, 48, 98, 89, 50, 4, 96, 53, 80, 91, 8, 34, 2, 52, 70, 13, 0, 49, 74]|[1, 1, 0, 1, 1, 0, 1, 2, 2, 1, 2, 2, 2, 1, 1, 0, 0, 1, 0, 2, 2, 0, 1, 2, 2, 1, 2, 2, 0, 0, 1, 2, 1, 2, 1, 0, 2, 0, 1, 1, 0, 1, 1, 1, 0, 2, 2, 1, 0, 0, 0, 0, 1, 1, 2, 1, 0, 2, 0, 0, 2, 1, 0, 1, 2, 1, 2, 1, 1, 1, 1, 1, 1, 0, 1, 2, 0, 0, 0, 1, 2, 1, 0, 2, 1, 0, 1, 2, 0, 0, 0, 1, 2, 0, 1, 1, 0, 0, 0, 2]|[4, 3, 2, 2, 4, 1, 2, 2, 2, 4, 1, 1, 2, 4, 4, 1, 2, 4, 2, 1, 1, 1, 1, 2, 1, 2, 1, 1, 1, 1, 3, 1, 3, 1, 4, 0, 1, 1, 0, 3, 2, 2, 2, 0, 1, 1, 1, 4, 0, 1, 2, 2, 1, 4, 0, 3, 1, 1, 1, 2, 1, 3, 1, 1, 1, 3, 0, 4, 4, 1, 4, 1, 1, 0, 4, 1, 1, 2, 1, 1, 1, 3, 1, 1, 1, 1, 4, 1, 2, 1, 1, 3, 1, 2, 1, 3, 2, 2, 1, 1]|[0, 2, 1, 1, 3, 0, 1, 0, 0, 0, 0, 0, 1, 0, 1, 0, 0, 3, 1, 0, 0, 0, 3, 1, 0, 2, 0, 0, 0, 0, 0, 0, 0, 0, 3, 0, 1, 0, 0, 2, 1, 1, 1, 0, 0, 0, 0, 2, 1, 0, 0, 0, 1, 3, 0, 0, 0, 0, 0, 1, 0, 2, 0, 1, 0, 2, 1, 0, 2, 1, 1, 3, 1, 1, 3, 0, 0, 1, 0, 2, 0, 0, 0, 0, 1, 0, 0, 0, 1, 0, 0, 2, 0, 0, 1, 0, 0, 0, 1, 0],777.436160111927,55362.22348255077,98760.25566819475,true
52,G4_BALANCED,G4_BALANCED,[31, 11, 15, 82, 26, 9, 95, 32, 77, 68, 47, 5, 93, 78, 86, 54, 85, 63, 18, 44, 20, 49, 36, 14, 74, 50, 53, 17, 21, 45, 71, 64, 3, 23, 30, 83, 24, 41, 60, 52, 51, 27, 90, 70, 39, 87, 48, 69, 99, 4, 46, 1, 13, 58, 97, 59, 28, 8, 73, 37, 35, 79, 22, 66, 76, 42, 40, 80, 96, 6, 16, 61, 33, 7, 57, 34, 12, 67, 10, 98, 56, 88, 29, 25, 91, 38, 19, 92, 43, 84, 65, 72, 81, 75, 2, 55, 62, 89, 94, 0]|[2, 1, 1, 2, 1, 2, 1, 1, 1, 1, 1, 0, 2, 2, 1, 2, 0, 0, 0, 2, 2, 1, 0, 2, 0, 2, 2, 1, 0, 1, 1, 1, 0, 0, 1, 0, 2, 1, 2, 2, 0, 0, 1, 1, 0, 2, 0, 2, 1, 0, 0, 2, 0, 0, 2, 0, 1, 1, 0, 0, 2, 1, 1, 2, 2, 0, 2, 2, 0, 1, 2, 1, 1, 2, 0, 1, 2, 1, 1, 2, 2, 1, 1, 1, 1, 0, 1, 0, 1, 0, 1, 1, 1, 0, 2, 0, 1, 1, 2, 0]|[1, 3, 2, 0, 4, 1, 4, 4, 2, 4, 3, 2, 1, 0, 2, 1, 1, 1, 2, 1, 1, 3, 0, 1, 0, 1, 1, 4, 1, 4, 3, 2, 2, 0, 4, 1, 1, 4, 0, 1, 2, 1, 4, 4, 1, 1, 0, 2, 3, 1, 2, 1, 2, 1, 1, 2, 4, 3, 0, 2, 2, 3, 3, 0, 1, 2, 0, 1, 2, 4, 1, 3, 4, 1, 2, 4, 1, 3, 3, 1, 1, 4, 3, 4, 3, 2, 4, 2, 4, 2, 3, 4, 1, 2, 1, 2, 3, 4, 1, 2]|[1, 2, 1, 0, 3, 0, 1, 3, 0, 0, 2, 0, 1, 0, 1, 0, 0, 0, 1, 0, 0, 2, 0, 0, 1, 0, 0, 3, 0, 1, 0, 2, 0, 1, 3, 0, 1, 3, 1, 0, 0, 0, 1, 3, 0, 0, 1, 0, 2, 0, 0, 0, 0, 0, 1, 0, 1, 0, 1, 1, 0, 2, 2, 0, 0, 0, 1, 0, 0, 2, 0, 0, 1, 0, 0, 1, 0, 0, 3, 0, 0, 1, 0, 3, 0, 0, 1, 0, 2, 0, 0, 2, 1, 0, 0, 0, 0, 1, 0, 0],850.9632869082183,52431.02217786142,105346.60403335126,false
52,G2_TEC,G2_TEC,[31, 94, 82, 15, 26, 9, 95, 42, 77, 68, 47, 5, 93, 78, 86, 54, 85, 63, 18, 44, 20, 49, 36, 14, 74, 50, 53, 17, 21, 28, 11, 64, 3, 23, 30, 83, 24, 41, 40, 52, 65, 27, 90, 70, 39, 87, 48, 69, 99, 4, 98, 1, 13, 56, 97, 59, 45, 8, 73, 37, 35, 79, 71, 66, 76, 32, 60, 80, 58, 6, 67, 61, 33, 7, 57, 34, 12, 16, 10, 46, 96, 88, 43, 81, 91, 2, 84, 29, 92, 19, 51, 55, 89, 75, 25, 22, 38, 72, 62, 0]|[2, 1, 2, 1, 1, 2, 1, 1, 1, 1, 1, 0, 2, 2, 1, 2, 0, 0, 0, 2, 2, 1, 0, 2, 0, 2, 2, 1, 0, 1, 1, 1, 0, 0, 1, 0, 2, 1, 2, 2, 0, 0, 1, 1, 0, 2, 0, 2, 1, 0, 2, 2, 0, 2, 2, 0, 1, 1, 0, 0, 2, 1, 1, 2, 2, 0, 2, 2, 2, 1, 2, 1, 1, 2, 0, 1, 1, 2, 1, 0, 0, 1, 1, 1, 1, 0, 0, 1, 0, 1, 1, 0, 1, 0, 1, 2, 0, 1, 1, 0]|[0, 3, 0, 3, 4, 1, 4, 4, 4, 4, 3, 2, 1, 0, 2, 1, 1, 1, 2, 1, 1, 3, 0, 1, 0, 1, 1, 4, 1, 4, 3, 2, 2, 0, 4, 1, 1, 4, 1, 1, 2, 1, 4, 4, 1, 1, 0, 1, 3, 2, 1, 1, 2, 1, 1, 2, 4, 3, 0, 2, 1, 3, 3, 1, 1, 2, 1, 1, 1, 4, 1, 3, 4, 1, 2, 4, 3, 1, 3, 2, 2, 4, 4, 4, 3, 2, 2, 3, 2, 4, 3, 2, 4, 2, 4, 1, 2, 4, 3, 2]|[0, 2, 0, 0, 3, 0, 1, 3, 1, 0, 2, 0, 1, 0, 1, 0, 0, 0, 1, 0, 0, 2, 0, 0, 1, 0, 0, 3, 0, 1, 0, 2, 0, 0, 3, 0, 1, 1, 0, 0, 0, 0, 1, 3, 0, 0, 1, 0, 2, 0, 0, 0, 0, 0, 1, 0, 1, 0, 1, 1, 0, 2, 0, 0, 0, 0, 0, 0, 0, 2, 0, 0, 1, 0, 0, 1, 0, 0, 3, 0, 0, 1, 2, 2, 0, 0, 0, 3, 0, 1, 0, 0, 1, 0, 3, 0, 0, 1, 0, 0],910.6016522559228,48449.301094637194,107046.1135137847,false
52,G3_TWC,G3_TWC,[31, 22, 42, 15, 26, 58, 95, 82, 77, 12, 47, 5, 93, 78, 98, 54, 85, 63, 18, 44, 20, 35, 43, 97, 91, 76, 10, 30, 21, 45, 71, 64, 1, 23, 17, 83, 24, 61, 60, 36, 6, 57, 94, 88, 65, 56, 79, 40, 67, 68, 46, 75, 38, 9, 19, 32, 81, 41, 27, 62, 87, 90, 99, 59, 11, 16, 72, 73, 70, 39, 37, 84, 3, 92, 25, 74, 28, 29, 51, 7, 53, 14, 86, 48, 89, 50, 66, 96, 33, 80, 4, 8, 55, 49, 0, 52, 69, 2, 13, 34]|[1, 1, 0, 1, 1, 1, 2, 1, 2, 1, 2, 2, 2, 1, 1, 0, 0, 1, 0, 2, 2, 0, 1, 2, 0, 1, 2, 2, 0, 0, 1, 2, 1, 2, 1, 0, 2, 0, 1, 1, 0, 1, 1, 1, 0, 2, 1, 1, 0, 0, 0, 0, 1, 1, 2, 1, 2, 0, 0, 0, 2, 1, 0, 1, 2, 1, 2, 1, 1, 1, 1, 1, 2, 0, 1, 2, 0, 0, 0, 1, 0, 1, 0, 0, 1, 0, 0, 0, 2, 0, 0, 1, 1, 0, 0, 1, 1, 0, 0, 2]|[4, 3, 2, 2, 0, 0, 2, 2, 2, 4, 1, 1, 2, 4, 4, 1, 1, 4, 2, 1, 1, 1, 1, 2, 1, 2, 1, 1, 1, 1, 3, 2, 3, 0, 4, 0, 1, 1, 0, 3, 2, 2, 4, 0, 1, 1, 3, 2, 0, 1, 2, 2, 1, 4, 0, 3, 2, 1, 1, 2, 1, 3, 1, 1, 1, 3, 0, 4, 3, 1, 4, 1, 1, 2, 4, 1, 2, 1, 1, 3, 2, 3, 1, 1, 1, 1, 1, 1, 1, 1, 2, 3, 4, 1, 2, 1, 3, 2, 2, 1]|[0, 2, 1, 1, 3, 3, 0, 1, 0, 0, 0, 0, 1, 0, 1, 0, 0, 3, 1, 0, 0, 0, 3, 1, 0, 2, 0, 0, 0, 1, 0, 0, 0, 0, 3, 0, 1, 0, 0, 2, 1, 1, 2, 0, 0, 0, 0, 1, 1, 0, 0, 0, 1, 3, 0, 0, 1, 0, 0, 1, 0, 2, 0, 1, 0, 2, 1, 0, 0, 1, 1, 3, 0, 1, 3, 0, 1, 0, 0, 2, 1, 0, 0, 0, 1, 0, 0, 0, 0, 0, 1, 2, 3, 1, 0, 1, 0, 0, 0, 0],802.5281847645216,57652.86795409501,87938.17744329936,false
52,G1_CMAX,G3_TWC,[42, 31, 22, 82, 15, 26, 58, 95, 77, 12, 47, 5, 93, 78, 98, 54, 85, 63, 18, 44, 20, 35, 43, 97, 91, 76, 10, 30, 21, 45, 71, 64, 1, 23, 17, 83, 24, 14, 60, 36, 6, 57, 94, 88, 65, 56, 79, 40, 67, 68, 46, 75, 38, 9, 19, 32, 81, 41, 27, 62, 87, 90, 99, 59, 11, 16, 72, 73, 70, 39, 37, 84, 3, 92, 25, 55, 28, 29, 51, 7, 33, 61, 86, 66, 89, 50, 48, 96, 53, 80, 8, 69, 34, 4, 52, 2, 13, 0, 49, 74]|[1, 1, 1, 0, 1, 1, 1, 2, 2, 1, 2, 2, 2, 1, 1, 0, 0, 1, 0, 2, 2, 0, 1, 2, 0, 1, 2, 2, 0, 0, 1, 2, 1, 2, 1, 0, 2, 0, 1, 1, 0, 1, 1, 1, 0, 2, 1, 1, 0, 0, 0, 0, 1, 1, 2, 1, 2, 0, 0, 0, 2, 1, 0, 1, 2, 1, 2, 1, 1, 1, 1, 1, 2, 0, 1, 1, 0, 0, 0, 1, 2, 1, 2, 2, 1, 0, 0, 0, 0, 0, 1, 1, 2, 0, 1, 0, 0, 0, 0, 2]|[2, 4, 3, 2, 2, 0, 0, 2, 2, 4, 1, 1, 2, 4, 4, 1, 1, 4, 2, 1, 1, 1, 1, 2, 1, 2, 1, 1, 1, 1, 3, 2, 3, 0, 4, 0, 1, 1, 0, 3, 2, 2, 4, 0, 1, 1, 0, 2, 0, 1, 2, 2, 1, 4, 0, 3, 2, 1, 1, 2, 1, 3, 1, 1, 1, 3, 0, 4, 3, 1, 4, 1, 1, 2, 4, 4, 2, 1, 1, 3, 1, 3, 1, 1, 1, 1, 1, 1, 2, 1, 3, 3, 1, 2, 1, 2, 2, 2, 1, 1]|[1, 0, 2, 1, 1, 3, 3, 0, 0, 0, 0, 0, 1, 0, 1, 0, 0, 3, 1, 0, 0, 0, 3, 1, 0, 2, 0, 0, 0, 1, 0, 0, 0, 0, 3, 0, 1, 0, 0, 2, 1, 1, 2, 0, 0, 0, 0, 1, 1, 0, 0, 0, 1, 3, 0, 0, 1, 0, 0, 1, 0, 2, 0, 1, 0, 2, 1, 0, 0, 1, 1, 3, 0, 1, 3, 3, 1, 0, 0, 2, 0, 0, 0, 0, 1, 0, 0, 0, 1, 0, 2, 0, 0, 1, 1, 0, 0, 0, 1, 0],769.3675528023551,58237.51662886489,89099.17271498567,true
52,G4_BALANCED,G4_BALANCED,[31, 11, 15, 82, 26, 9, 95, 32, 77, 68, 47, 5, 93, 78, 86, 54, 85, 63, 18, 44, 20, 49, 36, 14, 74, 50, 53, 17, 21, 45, 71, 64, 3, 23, 30, 83, 24, 41, 60, 52, 51, 27, 90, 70, 39, 87, 48, 69, 99, 4, 46, 1, 13, 58, 97, 59, 28, 8, 73, 37, 35, 79, 22, 66, 76, 42, 40, 80, 96, 6, 16, 61, 33, 7, 57, 34, 12, 67, 10, 98, 56, 88, 29, 25, 91, 38, 19, 92, 43, 84, 65, 72, 81, 75, 2, 55, 62, 89, 94, 0]|[2, 1, 1, 2, 1, 2, 1, 1, 1, 1, 1, 0, 2, 2, 1, 2, 0, 0, 0, 2, 2, 1, 0, 2, 0, 2, 2, 1, 0, 1, 1, 1, 0, 0, 1, 0, 2, 1, 2, 2, 0, 0, 1, 1, 0, 2, 0, 2, 1, 0, 0, 2, 0, 0, 2, 0, 1, 1, 0, 0, 2, 1, 1, 2, 2, 0, 2, 2, 0, 1, 2, 1, 1, 2, 0, 1, 2, 1, 1, 2, 2, 1, 1, 1, 1, 0, 1, 0, 1, 0, 1, 1, 1, 0, 2, 0, 1, 1, 2, 0]|[1, 3, 2, 0, 4, 1, 4, 4, 2, 4, 3, 2, 1, 0, 2, 1, 1, 1, 2, 1, 1, 3, 0, 1, 0, 1, 1, 4, 1, 4, 3, 2, 2, 0, 4, 1, 1, 4, 0, 1, 2, 1, 4, 4, 1, 1, 0, 2, 3, 1, 2, 1, 2, 1, 1, 2, 4, 3, 0, 2, 2, 3, 3, 0, 1, 2, 0, 1, 2, 4, 1, 3, 4, 1, 2, 4, 1, 3, 3, 1, 1, 4, 3, 4, 3, 2, 4, 2, 4, 2, 3, 4, 1, 2, 1, 2, 3, 4, 1, 2]|[1, 2, 1, 0, 3, 0, 1, 3, 0, 0, 2, 0, 1, 0, 1, 0, 0, 0, 1, 0, 0, 2, 0, 0, 1, 0, 0, 3, 0, 1, 0, 2, 0, 1, 3, 0, 1, 3, 1, 0, 0, 0, 1, 3, 0, 0, 1, 0, 2, 0, 0, 0, 0, 0, 1, 0, 1, 0, 1, 1, 0, 2, 2, 0, 0, 0, 1, 0, 0, 2, 0, 0, 1, 0, 0, 1, 0, 0, 3, 0, 0, 1, 0, 3, 0, 0, 1, 0, 2, 0, 0, 2, 1, 0, 0, 0, 0, 1, 0, 0],850.9632869082183,52431.02217786142,105346.60403335126,false
52,G2_TEC,G2_TEC,[31, 94, 82, 15, 26, 9, 95, 42, 77, 68, 47, 5, 93, 78, 86, 54, 85, 63, 18, 44, 20, 49, 36, 14, 74, 50, 53, 17, 21, 28, 11, 64, 3, 23, 30, 83, 24, 41, 40, 52, 65, 27, 90, 70, 39, 87, 48, 69, 99, 4, 98, 1, 13, 56, 97, 59, 45, 8, 73, 37, 35, 79, 71, 66, 76, 32, 60, 80, 58, 6, 67, 61, 33, 7, 57, 34, 12, 16, 10, 46, 96, 88, 43, 81, 91, 2, 84, 29, 92, 19, 51, 55, 89, 75, 25, 22, 38, 72, 62, 0]|[2, 1, 2, 1, 1, 2, 1, 1, 1, 1, 1, 0, 2, 2, 1, 2, 0, 0, 0, 2, 2, 1, 0, 2, 0, 2, 2, 1, 0, 1, 1, 1, 0, 0, 1, 0, 2, 1, 2, 2, 0, 0, 1, 1, 0, 2, 0, 2, 1, 0, 2, 2, 0, 2, 2, 0, 1, 1, 0, 0, 2, 1, 1, 2, 2, 0, 2, 2, 2, 1, 2, 1, 1, 2, 0, 1, 1, 2, 1, 0, 0, 1, 1, 1, 1, 0, 0, 1, 0, 1, 1, 0, 1, 0, 1, 2, 0, 1, 1, 0]|[0, 3, 0, 3, 4, 1, 4, 4, 4, 4, 3, 2, 1, 0, 2, 1, 1, 1, 2, 1, 1, 3, 0, 1, 0, 1, 1, 4, 1, 4, 3, 2, 2, 0, 4, 1, 1, 4, 1, 1, 2, 1, 4, 4, 1, 1, 0, 1, 3, 2, 1, 1, 2, 1, 1, 2, 4, 3, 0, 2, 1, 3, 3, 1, 1, 2, 1, 1, 1, 4, 1, 3, 4, 1, 2, 4, 3, 1, 3, 2, 2, 4, 4, 4, 3, 2, 2, 3, 2, 4, 3, 2, 4, 2, 4, 1, 2, 4, 3, 2]|[0, 2, 0, 0, 3, 0, 1, 3, 1, 0, 2, 0, 1, 0, 1, 0, 0, 0, 1, 0, 0, 2, 0, 0, 1, 0, 0, 3, 0, 1, 0, 2, 0, 0, 3, 0, 1, 1, 0, 0, 0, 0, 1, 3, 0, 0, 1, 0, 2, 0, 0, 0, 0, 0, 1, 0, 1, 0, 1, 1, 0, 2, 0, 0, 0, 0, 0, 0, 0, 2, 0, 0, 1, 0, 0, 1, 0, 0, 3, 0, 0, 1, 2, 2, 0, 0, 0, 3, 0, 1, 0, 0, 1, 0, 3, 0, 0, 1, 0, 0],910.6016522559228,48449.301094637194,107046.1135137847,false
52,G3_TWC,G3_TWC,[31, 22, 42, 15, 26, 58, 95, 82, 77, 12, 47, 5, 93, 78, 98, 54, 85, 63, 18, 44, 20, 35, 43, 97, 91, 76, 10, 30, 21, 45, 71, 64, 1, 23, 17, 83, 24, 61, 60, 36, 6, 57, 94, 88, 65, 56, 79, 40, 67, 68, 46, 75, 38, 9, 19, 32, 81, 41, 27, 62, 87, 90, 99, 59, 11, 16, 72, 73, 70, 39, 37, 84, 3, 92, 25, 74, 28, 29, 51, 7, 53, 14, 86, 48, 89, 50, 66, 96, 33, 80, 4, 8, 55, 49, 0, 52, 69, 2, 13, 34]|[1, 1, 0, 1, 1, 1, 2, 1, 2, 1, 2, 2, 2, 1, 1, 0, 0, 1, 0, 2, 2, 0, 1, 2, 0, 1, 2, 2, 0, 0, 1, 2, 1, 2, 1, 0, 2, 0, 1, 1, 0, 1, 1, 1, 0, 2, 1, 1, 0, 0, 0, 0, 1, 1, 2, 1, 2, 0, 0, 0, 2, 1, 0, 1, 2, 1, 2, 1, 1, 1, 1, 1, 2, 0, 1, 2, 0, 0, 0, 1, 0, 1, 0, 0, 1, 0, 0, 0, 2, 0, 0, 1, 1, 0, 0, 1, 1, 0, 0, 2]|[4, 3, 2, 2, 0, 0, 2, 2, 2, 4, 1, 1, 2, 4, 4, 1, 1, 4, 2, 1, 1, 1, 1, 2, 1, 2, 1, 1, 1, 1, 3, 2, 3, 0, 4, 0, 1, 1, 0, 3, 2, 2, 4, 0, 1, 1, 3, 2, 0, 1, 2, 2, 1, 4, 0, 3, 2, 1, 1, 2, 1, 3, 1, 1, 1, 3, 0, 4, 3, 1, 4, 1, 1, 2, 4, 1, 2, 1, 1, 3, 2, 3, 1, 1, 1, 1, 1, 1, 1, 1, 2, 3, 4, 1, 2, 1, 3, 2, 2, 1]|[0, 2, 1, 1, 3, 3, 0, 1, 0, 0, 0, 0, 1, 0, 1, 0, 0, 3, 1, 0, 0, 0, 3, 1, 0, 2, 0, 0, 0, 1, 0, 0, 0, 0, 3, 0, 1, 0, 0, 2, 1, 1, 2, 0, 0, 0, 0, 1, 1, 0, 0, 0, 1, 3, 0, 0, 1, 0, 0, 1, 0, 2, 0, 1, 0, 2, 1, 0, 0, 1, 1, 3, 0, 1, 3, 0, 1, 0, 0, 2, 1, 0, 0, 0, 1, 0, 0, 0, 0, 0, 1, 2, 3, 1, 0, 1, 0, 0, 0, 0],802.5281847645216,57652.86795409501,87938.17744329936,false
52,G1_CMAX,G1_CMAX,[31, 22, 42, 15, 26, 58, 95, 82, 77, 12, 47, 5, 93, 78, 98, 54, 85, 63, 18, 44, 20, 35, 43, 97, 91, 76, 10, 30, 21, 45, 75, 64, 1, 23, 17, 83, 24, 61, 60, 36, 6, 57, 94, 88, 65, 56, 79, 40, 67, 68, 46, 71, 38, 9, 19, 32, 81, 41, 27, 62, 87, 90, 99, 59, 11, 16, 72, 73, 70, 39, 37, 84, 3, 92, 25, 74, 28, 29, 51, 7, 53, 96, 86, 66, 89, 50, 48, 14, 4, 80, 33, 8, 55, 49, 0, 52, 13, 2, 69, 34]|[1, 1, 0, 1, 1, 1, 2, 1, 2, 1, 2, 2, 2, 1, 1, 0, 0, 1, 0, 2, 2, 0, 1, 2, 0, 1, 2, 2, 0, 0, 0, 2, 1, 2, 1, 0, 2, 0, 1, 1, 0, 1, 1, 1, 0, 2, 1, 1, 0, 0, 0, 1, 1, 1, 2, 1, 2, 0, 0, 0, 2, 1, 0, 1, 2, 1, 2, 1, 1, 1, 1, 1, 2, 0, 1, 2, 0, 0, 0, 1, 0, 0, 0, 2, 1, 0, 0, 1, 0, 0, 2, 1, 1, 0, 0, 1, 0, 0, 1, 2]|[4, 3, 2, 2, 0, 0, 2, 2, 2, 4, 1, 1, 2, 4, 4, 1, 1, 4, 2, 1, 1, 1, 1, 2, 1, 2, 1, 1, 1, 1, 2, 2, 3, 0, 4, 0, 1, 1, 0, 3, 2, 2, 4, 0, 1, 1, 0, 2, 0, 1, 2, 3, 1, 4, 0, 3, 2, 1, 1, 2, 1, 3, 1, 1, 1, 3, 0, 4, 3, 1, 4, 1, 1, 2, 4, 1, 2, 1, 1, 3, 2, 1, 1, 1, 1, 1, 1, 3, 2, 1, 1, 3, 4, 1, 2, 1, 2, 2, 3, 1]|[0, 2, 1, 1, 3, 3, 0, 1, 0, 0, 0, 0, 1, 0, 1, 0, 0, 3, 1, 0, 0, 0, 3, 1, 0, 2, 0, 0, 0, 1, 0, 0, 0, 0, 3, 0, 1, 0, 0, 2, 1, 1, 2, 0, 0, 0, 0, 1, 1, 0, 0, 0, 1, 3, 0, 0, 1, 0, 0, 1, 0, 2, 0, 1, 0, 2, 1, 0, 0, 1, 1, 3, 0, 1, 3, 0, 1, 0, 0, 2, 1, 0, 0, 0, 1, 0, 0, 0, 1, 0, 0, 2, 3, 1, 0, 1, 0, 0, 0, 0],795.3271127489196,58084.62492221497,87797.18714662519,false
52,G4_BALANCED,G4_BALANCED,[31, 11, 15, 82, 26, 9, 95, 32, 77, 68, 47, 5, 93, 78, 86, 54, 85, 63, 18, 44, 20, 49, 36, 14, 74, 50, 53, 17, 21, 45, 71, 64, 3, 23, 30, 83, 24, 41, 60, 52, 51, 27, 90, 70, 39, 87, 48, 69, 99, 4, 46, 1, 13, 58, 97, 59, 28, 8, 73, 37, 35, 79, 22, 66, 76, 42, 40, 80, 96, 6, 16, 61, 33, 7, 57, 34, 12, 67, 10, 98, 56, 88, 29, 25, 91, 38, 19, 92, 43, 84, 65, 72, 81, 75, 2, 55, 62, 89, 94, 0]|[2, 1, 1, 2, 1, 2, 1, 1, 1, 1, 1, 0, 2, 2, 1, 2, 0, 0, 0, 2, 2, 1, 0, 2, 0, 2, 2, 1, 0, 1, 1, 1, 0, 0, 1, 0, 2, 1, 2, 2, 0, 0, 1, 1, 0, 2, 0, 2, 1, 0, 0, 2, 0, 0, 2, 0, 1, 1, 0, 0, 2, 1, 1, 2, 2, 0, 2, 2, 0, 1, 2, 1, 1, 2, 0, 1, 2, 1, 1, 2, 2, 1, 1, 1, 1, 0, 1, 0, 1, 0, 1, 1, 1, 0, 2, 0, 1, 1, 2, 0]|[1, 3, 2, 0, 4, 1, 4, 4, 2, 4, 3, 2, 1, 0, 2, 1, 1, 1, 2, 1, 1, 3, 0, 1, 0, 1, 1, 4, 1, 4, 3, 2, 2, 0, 4, 1, 1, 4, 0, 1, 2, 1, 4, 4, 1, 1, 0, 2, 3, 1, 2, 1, 2, 1, 1, 2, 4, 3, 0, 2, 2, 3, 3, 0, 1, 2, 0, 1, 2, 4, 1, 3, 4, 1, 2, 4, 1, 3, 3, 1, 1, 4, 3, 4, 3, 2, 4, 2, 4, 2, 3, 4, 1, 2, 1, 2, 3, 4, 1, 2]|[1, 2, 1, 0, 3, 0, 1, 3, 0, 0, 2, 0, 1, 0, 1, 0, 0, 0, 1, 0, 0, 2, 0, 0, 1, 0, 0, 3, 0, 1, 0, 2, 0, 1, 3, 0, 1, 3, 1, 0, 0, 0, 1, 3, 0, 0, 1, 0, 2, 0, 0, 0, 0, 0, 1, 0, 1, 0, 1, 1, 0, 2, 2, 0, 0, 0, 1, 0, 0, 2, 0, 0, 1, 0, 0, 1, 0, 0, 3, 0, 0, 1, 0, 3, 0, 0, 1, 0, 2, 0, 0, 2, 1, 0, 0, 0, 0, 1, 0, 0],850.9632869082183,52431.02217786142,105346.60403335126,false
52,G2_TEC,G2_TEC,[31, 94, 82, 15, 26, 9, 95, 42, 77, 68, 47, 5, 93, 78, 86, 54, 85, 63, 18, 44, 20, 49, 36, 14, 74, 50, 53, 17, 21, 28, 11, 64, 3, 23, 30, 83, 24, 41, 40, 52, 65, 27, 90, 70, 39, 87, 48, 69, 99, 4, 98, 1, 13, 56, 97, 59, 45, 8, 73, 37, 35, 79, 71, 66, 76, 32, 60, 80, 58, 6, 67, 61, 33, 7, 57, 34, 12, 16, 10, 46, 96, 88, 43, 81, 91, 2, 84, 29, 92, 19, 51, 55, 89, 75, 25, 22, 38, 72, 62, 0]|[2, 1, 2, 1, 1, 2, 1, 1, 1, 1, 1, 0, 2, 2, 1, 2, 0, 0, 0, 2, 2, 1, 0, 2, 0, 2, 2, 1, 0, 1, 1, 1, 0, 0, 1, 0, 2, 1, 2, 2, 0, 0, 1, 1, 0, 2, 0, 2, 1, 0, 2, 2, 0, 2, 2, 0, 1, 1, 0, 0, 2, 1, 1, 2, 2, 0, 2, 2, 2, 1, 2, 1, 1, 2, 0, 1, 1, 2, 1, 0, 0, 1, 1, 1, 1, 0, 0, 1, 0, 1, 1, 0, 1, 0, 1, 2, 0, 1, 1, 0]|[0, 3, 0, 3, 4, 1, 4, 4, 4, 4, 3, 2, 1, 0, 2, 1, 1, 1, 2, 1, 1, 3, 0, 1, 0, 1, 1, 4, 1, 4, 3, 2, 2, 0, 4, 1, 1, 4, 1, 1, 2, 1, 4, 4, 1, 1, 0, 1, 3, 2, 1, 1, 2, 1, 1, 2, 4, 3, 0, 2, 1, 3, 3, 1, 1, 2, 1, 1, 1, 4, 1, 3, 4, 1, 2, 4, 3, 1, 3, 2, 2, 4, 4, 4, 3, 2, 2, 3, 2, 4, 3, 2, 4, 2, 4, 1, 2, 4, 3, 2]|[0, 2, 0, 0, 3, 0, 1, 3, 1, 0, 2, 0, 1, 0, 1, 0, 0, 0, 1, 0, 0, 2, 0, 0, 1, 0, 0, 3, 0, 1, 0, 2, 0, 0, 3, 0, 1, 1, 0, 0, 0, 0, 1, 3, 0, 0, 1, 0, 2, 0, 0, 0, 0, 0, 1, 0, 1, 0, 1, 1, 0, 2, 0, 0, 0, 0, 0, 0, 0, 2, 0, 0, 1, 0, 0, 1, 0, 0, 3, 0, 0, 1, 2, 2, 0, 0, 0, 3, 0, 1, 0, 0, 1, 0, 3, 0, 0, 1, 0, 0],910.6016522559228,48449.301094637194,107046.1135137847,false
52,G3_TWC,G3_TWC,[31, 22, 42, 15, 26, 58, 95, 82, 77, 12, 47, 5, 93, 78, 98, 54, 85, 63, 18, 44, 20, 35, 43, 97, 91, 76, 10, 30, 21, 45, 71, 64, 1, 23, 17, 83, 24, 61, 60, 36, 6, 57, 94, 88, 65, 56, 79, 40, 67, 68, 46, 75, 38, 9, 19, 32, 81, 41, 27, 62, 87, 90, 99, 59, 11, 16, 72, 73, 70, 39, 37, 84, 3, 92, 25, 74, 28, 29, 51, 7, 53, 14, 86, 48, 89, 50, 66, 96, 33, 80, 4, 8, 55, 49, 0, 52, 69, 2, 13, 34]|[1, 1, 0, 1, 1, 1, 2, 1, 2, 1, 2, 2, 2, 1, 1, 0, 0, 1, 0, 2, 2, 0, 1, 2, 0, 1, 2, 2, 0, 0, 1, 2, 1, 2, 1, 0, 2, 0, 1, 1, 0, 1, 1, 1, 0, 2, 1, 1, 0, 0, 0, 0, 1, 1, 2, 1, 2, 0, 0, 0, 2, 1, 0, 1, 2, 1, 2, 1, 1, 1, 1, 1, 2, 0, 1, 2, 0, 0, 0, 1, 0, 1, 0, 0, 1, 0, 0, 0, 2, 0, 0, 1, 1, 0, 0, 1, 1, 0, 0, 2]|[4, 3, 2, 2, 0, 0, 2, 2, 2, 4, 1, 1, 2, 4, 4, 1, 1, 4, 2, 1, 1, 1, 1, 2, 1, 2, 1, 1, 1, 1, 3, 2, 3, 0, 4, 0, 1, 1, 0, 3, 2, 2, 4, 0, 1, 1, 3, 2, 0, 1, 2, 2, 1, 4, 0, 3, 2, 1, 1, 2, 1, 3, 1, 1, 1, 3, 0, 4, 3, 1, 4, 1, 1, 2, 4, 1, 2, 1, 1, 3, 2, 3, 1, 1, 1, 1, 1, 1, 1, 1, 2, 3, 4, 1, 2, 1, 3, 2, 2, 1]|[0, 2, 1, 1, 3, 3, 0, 1, 0, 0, 0, 0, 1, 0, 1, 0, 0, 3, 1, 0, 0, 0, 3, 1, 0, 2, 0, 0, 0, 1, 0, 0, 0, 0, 3, 0, 1, 0, 0, 2, 1, 1, 2, 0, 0, 0, 0, 1, 1, 0, 0, 0, 1, 3, 0, 0, 1, 0, 0, 1, 0, 2, 0, 1, 0, 2, 1, 0, 0, 1, 1, 3, 0, 1, 3, 0, 1, 0, 0, 2, 1, 0, 0, 0, 1, 0, 0, 0, 0, 0, 1, 2, 3, 1, 0, 1, 0, 0, 0, 0],802.5281847645216,57652.86795409501,87938.17744329936,false
52,G1_CMAX,G4_BALANCED,[31, 11, 15, 82, 26, 9, 95, 32, 77, 68, 47, 5, 93, 78, 86, 54, 85, 63, 18, 44, 20, 49, 36, 14, 74, 50, 53, 17, 21, 45, 71, 64, 3, 23, 30, 83, 24, 41, 60, 52, 65, 27, 90, 70, 39, 87, 48, 69, 99, 4, 46, 1, 13, 58, 97, 59, 28, 75, 73, 37, 35, 79, 22, 66, 76, 42, 40, 80, 96, 6, 16, 61, 33, 7, 57, 34, 12, 67, 10, 98, 56, 88, 29, 94, 91, 51, 19, 92, 43, 84, 38, 72, 81, 8, 2, 55, 62, 89, 25, 0]|[2, 1, 1, 2, 1, 2, 1, 1, 1, 1, 1, 0, 2, 2, 1, 2, 0, 0, 0, 2, 2, 1, 0, 2, 0, 2, 2, 1, 0, 1, 1, 1, 0, 0, 1, 0, 2, 1, 2, 2, 0, 0, 1, 1, 0, 2, 0, 2, 1, 0, 0, 2, 0, 0, 2, 0, 1, 0, 0, 0, 2, 1, 0, 2, 2, 0, 2, 2, 0, 1, 2, 1, 1, 2, 0, 1, 1, 1, 1, 2, 2, 1, 1, 2, 1, 1, 1, 0, 1, 0, 0, 1, 1, 1, 2, 0, 1, 1, 1, 0]|[1, 3, 2, 0, 4, 1, 4, 4, 2, 4, 3, 2, 1, 0, 2, 1, 1, 1, 2, 1, 1, 3, 0, 1, 0, 1, 1, 4, 1, 4, 3, 2, 2, 0, 4, 1, 1, 4, 0, 1, 2, 1, 4, 4, 1, 1, 0, 2, 3, 1, 2, 1, 2, 1, 1, 2, 4, 2, 0, 2, 2, 3, 1, 0, 1, 2, 0, 1, 2, 4, 1, 3, 4, 1, 2, 4, 3, 3, 3, 1, 1, 4, 3, 1, 3, 3, 4, 2, 4, 2, 2, 4, 1, 3, 1, 2, 3, 4, 4, 2]|[1, 2, 1, 0, 3, 0, 1, 3, 0, 0, 2, 0, 1, 0, 1, 0, 0, 0, 1, 0, 0, 2, 0, 0, 1, 0, 0, 3, 0, 1, 0, 2, 0, 1, 3, 0, 1, 3, 1, 0, 0, 0, 1, 3, 0, 0, 1, 0, 2, 0, 0, 0, 0, 0, 1, 0, 1, 0, 1, 1, 0, 2, 0, 0, 0, 0, 0, 0, 0, 2, 0, 0, 1, 0, 0, 1, 0, 0, 3, 0, 0, 1, 0, 0, 0, 0, 3, 0, 2, 0, 0, 2, 1, 0, 0, 0, 0, 1, 3, 0],836.569815134707,52504.092339752446,107095.57005228325,true
52,G4_BALANCED,G3_TWC,[31, 22, 42, 15, 26, 58, 95, 82, 77, 12, 47, 5, 93, 78, 98, 54, 85, 63, 18, 44, 20, 35, 43, 97, 91, 76, 10, 30, 21, 45, 71, 64, 1, 23, 17, 83, 24, 61, 60, 36, 6, 57, 94, 88, 65, 56, 79, 40, 67, 68, 46, 75, 38, 9, 19, 32, 81, 41, 27, 62, 87, 90, 99, 59, 53, 16, 72, 73, 70, 39, 37, 84, 3, 92, 25, 74, 28, 29, 51, 7, 11, 14, 86, 48, 89, 50, 66, 96, 33, 80, 8, 4, 0, 49, 55, 52, 13, 2, 69, 34]|[1, 1, 0, 1, 1, 1, 2, 1, 2, 1, 2, 2, 2, 1, 1, 0, 0, 1, 0, 2, 2, 0, 1, 2, 0, 1, 2, 2, 0, 0, 0, 2, 1, 2, 1, 0, 2, 0, 1, 1, 0, 1, 1, 1, 0, 2, 1, 1, 0, 0, 0, 0, 1, 1, 2, 1, 2, 0, 0, 0, 2, 1, 0, 1, 0, 1, 2, 1, 1, 1, 1, 1, 2, 0, 1, 2, 0, 0, 0, 1, 2, 1, 0, 0, 1, 0, 0, 0, 2, 0, 1, 0, 0, 0, 1, 1, 0, 0, 1, 2]|[4, 3, 2, 2, 0, 0, 2, 2, 2, 4, 1, 1, 2, 4, 4, 1, 1, 4, 2, 1, 1, 1, 1, 2, 1, 2, 1, 1, 1, 1, 2, 2, 3, 0, 4, 0, 1, 1, 0, 3, 2, 2, 4, 0, 1, 1, 3, 2, 0, 1, 2, 2, 1, 4, 0, 3, 2, 1, 1, 2, 1, 3, 1, 1, 2, 3, 0, 4, 3, 1, 4, 1, 1, 2, 4, 1, 2, 1, 1, 3, 1, 3, 1, 1, 1, 1, 1, 1, 1, 1, 3, 2, 2, 1, 4, 1, 2, 2, 3, 1]|[0, 2, 1, 1, 3, 3, 0, 1, 0, 0, 0, 0, 1, 0, 1, 0, 0, 3, 1, 0, 0, 0, 3, 1, 0, 2, 0, 0, 0, 1, 0, 0, 0, 0, 3, 0, 1, 0, 0, 2, 1, 1, 2, 0, 0, 0, 0, 1, 1, 0, 0, 0, 1, 3, 0, 0, 1, 0, 0, 1, 0, 2, 0, 1, 1, 2, 1, 0, 0, 1, 1, 3, 0, 1, 3, 0, 1, 0, 0, 2, 0, 0, 0, 0, 1, 0, 0, 0, 0, 0, 2, 1, 0, 1, 3, 1, 0, 0, 0, 0],821.5879963442427,57733.87896869745,87571.61678556036,true
52,G2_TEC,G2_TEC,[31, 94, 82, 15, 26, 9, 95, 42, 77, 68, 47, 5, 93, 78, 86, 54, 85, 63, 18, 44, 20, 49, 36, 14, 74, 50, 53, 17, 21, 28, 11, 64, 3, 23, 30, 83, 24, 41, 40, 52, 65, 27, 90, 70, 39, 87, 48, 69, 99, 4, 98, 1, 13, 56, 97, 59, 45, 8, 73, 37, 35, 79, 71, 66, 76, 32, 60, 80, 58, 6, 67, 61, 33, 7, 57, 34, 12, 16, 10, 46, 96, 88, 43, 81, 91, 2, 84, 29, 92, 19, 51, 55, 89, 75, 25, 22, 38, 72, 62, 0]|[2, 1, 2, 1, 1, 2, 1, 1, 1, 1, 1, 0, 2, 2, 1, 2, 0, 0, 0, 2, 2, 1, 0, 2, 0, 2, 2, 1, 0, 1, 1, 1, 0, 0, 1, 0, 2, 1, 2, 2, 0, 0, 1, 1, 0, 2, 0, 2, 1, 0, 2, 2, 0, 2, 2, 0, 1, 1, 0, 0, 2, 1, 1, 2, 2, 0, 2, 2, 2, 1, 2, 1, 1, 2, 0, 1, 1, 2, 1, 0, 0, 1, 1, 1, 1, 0, 0, 1, 0, 1, 1, 0, 1, 0, 1, 2, 0, 1, 1, 0]|[0, 3, 0, 3, 4, 1, 4, 4, 4, 4, 3, 2, 1, 0, 2, 1, 1, 1, 2, 1, 1, 3, 0, 1, 0, 1, 1, 4, 1, 4, 3, 2, 2, 0, 4, 1, 1, 4, 1, 1, 2, 1, 4, 4, 1, 1, 0, 1, 3, 2, 1, 1, 2, 1, 1, 2, 4, 3, 0, 2, 1, 3, 3, 1, 1, 2, 1, 1, 1, 4, 1, 3, 4, 1, 2, 4, 3, 1, 3, 2, 2, 4, 4, 4, 3, 2, 2, 3, 2, 4, 3, 2, 4, 2, 4, 1, 2, 4, 3, 2]|[0, 2, 0, 0, 3, 0, 1, 3, 1, 0, 2, 0, 1, 0, 1, 0, 0, 0, 1, 0, 0, 2, 0, 0, 1, 0, 0, 3, 0, 1, 0, 2, 0, 0, 3, 0, 1, 1, 0, 0, 0, 0, 1, 3, 0, 0, 1, 0, 2, 0, 0, 0, 0, 0, 1, 0, 1, 0, 1, 1, 0, 2, 0, 0, 0, 0, 0, 0, 0, 2, 0, 0, 1, 0, 0, 1, 0, 0, 3, 0, 0, 1, 2, 2, 0, 0, 0, 3, 0, 1, 0, 0, 1, 0, 3, 0, 0, 1, 0, 0],910.6016522559228,48449.301094637194,107046.1135137847,false
52,G3_TWC,G3_TWC,[31, 22, 42, 15, 26, 58, 95, 82, 77, 12, 47, 5, 93, 78, 98, 54, 85, 63, 18, 44, 20, 35, 43, 97, 91, 76, 10, 30, 21, 45, 71, 64, 1, 23, 17, 83, 24, 61, 60, 36, 6, 57, 94, 88, 65, 56, 79, 40, 67, 68, 46, 75, 38, 9, 19, 32, 81, 41, 27, 62, 87, 90, 99, 59, 11, 16, 72, 73, 70, 39, 37, 84, 3, 92, 25, 74, 28, 29, 51, 7, 53, 14, 86, 48, 89, 50, 66, 96, 33, 80, 4, 8, 55, 49, 0, 52, 69, 2, 13, 34]|[1, 1, 0, 1, 1, 1, 2, 1, 2, 1, 2, 2, 2, 1, 1, 0, 0, 1, 0, 2, 2, 0, 1, 2, 0, 1, 2, 2, 0, 0, 1, 2, 1, 2, 1, 0, 2, 0, 1, 1, 0, 1, 1, 1, 0, 2, 1, 1, 0, 0, 0, 0, 1, 1, 2, 1, 2, 0, 0, 0, 2, 1, 0, 1, 2, 1, 2, 1, 1, 1, 1, 1, 2, 0, 1, 2, 0, 0, 0, 1, 0, 1, 0, 0, 1, 0, 0, 0, 2, 0, 0, 1, 1, 0, 0, 1, 1, 0, 0, 2]|[4, 3, 2, 2, 0, 0, 2, 2, 2, 4, 1, 1, 2, 4, 4, 1, 1, 4, 2, 1, 1, 1, 1, 2, 1, 2, 1, 1, 1, 1, 3, 2, 3, 0, 4, 0, 1, 1, 0, 3, 2, 2, 4, 0, 1, 1, 3, 2, 0, 1, 2, 2, 1, 4, 0, 3, 2, 1, 1, 2, 1, 3, 1, 1, 1, 3, 0, 4, 3, 1, 4, 1, 1, 2, 4, 1, 2, 1, 1, 3, 2, 3, 1, 1, 1, 1, 1, 1, 1, 1, 2, 3, 4, 1, 2, 1, 3, 2, 2, 1]|[0, 2, 1, 1, 3, 3, 0, 1, 0, 0, 0, 0, 1, 0, 1, 0, 0, 3, 1, 0, 0, 0, 3, 1, 0, 2, 0, 0, 0, 1, 0, 0, 0, 0, 3, 0, 1, 0, 0, 2, 1, 1, 2, 0, 0, 0, 0, 1, 1, 0, 0, 0, 1, 3, 0, 0, 1, 0, 0, 1, 0, 2, 0, 1, 0, 2, 1, 0, 0, 1, 1, 3, 0, 1, 3, 0, 1, 0, 0, 2, 1, 0, 0, 0, 1, 0, 0, 0, 0, 0, 1, 2, 3, 1, 0, 1, 0, 0, 0, 0],802.5281847645216,57652.86795409501,87938.17744329936,false
52,G1_CMAX,G4_BALANCED,[31, 11, 15, 82, 26, 9, 95, 32, 77, 68, 47, 5, 93, 78, 86, 54, 85, 63, 18, 44, 20, 49, 36, 14, 74, 50, 53, 17, 21, 45, 71, 64, 3, 23, 30, 83, 24, 41, 60, 52, 65, 27, 90, 70, 39, 87, 48, 69, 99, 4, 46, 1, 13, 58, 97, 59, 28, 75, 73, 37, 35, 79, 22, 66, 76, 42, 40, 80, 96, 6, 16, 61, 33, 7, 57, 34, 12, 67, 10, 98, 56, 88, 29, 94, 91, 51, 19, 92, 43, 84, 38, 72, 81, 8, 2, 55, 62, 89, 25, 0]|[2, 1, 1, 2, 1, 2, 1, 1, 1, 1, 1, 0, 2, 2, 1, 2, 0, 0, 0, 2, 2, 1, 0, 2, 0, 2, 2, 1, 0, 1, 1, 1, 0, 0, 1, 0, 2, 1, 2, 2, 0, 0, 1, 1, 0, 2, 0, 2, 1, 0, 0, 2, 0, 0, 2, 0, 1, 0, 0, 0, 2, 1, 0, 2, 2, 0, 2, 2, 0, 1, 2, 1, 1, 2, 0, 1, 1, 1, 1, 2, 2, 1, 1, 2, 1, 1, 1, 0, 1, 0, 0, 1, 1, 1, 2, 0, 1, 1, 1, 0]|[1, 3, 2, 0, 4, 1, 4, 4, 2, 4, 3, 2, 1, 0, 2, 1, 1, 1, 2, 1, 1, 3, 0, 1, 0, 1, 1, 4, 1, 4, 3, 2, 2, 0, 4, 1, 1, 4, 0, 1, 2, 1, 4, 4, 1, 1, 0, 2, 3, 1, 2, 1, 2, 1, 1, 2, 4, 2, 0, 2, 2, 3, 1, 0, 1, 2, 0, 1, 2, 4, 1, 3, 4, 1, 2, 4, 3, 3, 3, 1, 1, 4, 3, 1, 3, 3, 4, 2, 4, 2, 2, 4, 1, 3, 1, 2, 3, 4, 4, 2]|[1, 2, 1, 0, 3, 0, 1, 3, 0, 0, 2, 0, 1, 0, 1, 0, 0, 0, 1, 0, 0, 2, 0, 0, 1, 0, 0, 3, 0, 1, 0, 2, 0, 1, 3, 0, 1, 3, 1, 0, 0, 0, 1, 3, 0, 0, 1, 0, 2, 0, 0, 0, 0, 0, 1, 0, 1, 0, 1, 1, 0, 2, 0, 0, 0, 0, 0, 0, 0, 2, 0, 0, 1, 0, 0, 1, 0, 0, 3, 0, 0, 1, 0, 0, 0, 0, 3, 0, 2, 0, 0, 2, 1, 0, 0, 0, 0, 1, 3, 0],836.569815134707,52504.092339752446,107095.57005228325,true
52,G4_BALANCED,G1_CMAX,[31, 22, 42, 15, 26, 58, 95, 82, 77, 12, 47, 5, 93, 78, 98, 54, 85, 63, 18, 44, 20, 35, 43, 97, 91, 76, 10, 30, 21, 45, 71, 64, 1, 23, 17, 83, 24, 14, 60, 36, 6, 57, 94, 88, 65, 56, 79, 40, 67, 68, 46, 75, 38, 9, 19, 32, 81, 41, 27, 62, 87, 90, 99, 59, 11, 16, 72, 73, 70, 39, 37, 84, 3, 92, 25, 74, 28, 29, 51, 7, 53, 61, 86, 66, 89, 50, 48, 96, 33, 80, 4, 8, 55, 49, 0, 52, 13, 2, 69, 34]|[1, 1, 0, 1, 1, 1, 2, 1, 2, 1, 2, 2, 2, 1, 1, 0, 0, 1, 0, 2, 2, 0, 1, 2, 0, 1, 2, 2, 0, 0, 1, 2, 1, 2, 1, 0, 2, 0, 1, 1, 0, 1, 1, 1, 0, 2, 1, 1, 0, 0, 0, 0, 1, 1, 2, 1, 2, 0, 0, 0, 2, 1, 0, 1, 2, 1, 2, 1, 1, 1, 1, 1, 2, 0, 1, 2, 0, 0, 0, 1, 0, 1, 0, 2, 1, 1, 0, 2, 2, 0, 1, 1, 2, 0, 0, 1, 0, 0, 1, 2]|[4, 3, 2, 2, 0, 0, 2, 2, 2, 4, 1, 1, 2, 4, 4, 1, 1, 4, 2, 1, 1, 1, 1, 2, 1, 2, 1, 1, 1, 1, 3, 2, 3, 0, 4, 0, 1, 1, 0, 3, 2, 2, 4, 0, 1, 1, 3, 2, 0, 1, 2, 2, 1, 4, 0, 3, 2, 1, 1, 2, 1, 3, 1, 1, 1, 3, 0, 4, 3, 1, 4, 1, 1, 2, 4, 1, 2, 1, 1, 3, 2, 3, 1, 1, 1, 3, 1, 1, 1, 1, 4, 3, 1, 1, 2, 1, 2, 2, 3, 1]|[0, 2, 1, 1, 3, 3, 0, 1, 0, 0, 0, 0, 1, 0, 1, 0, 0, 3, 1, 0, 0, 0, 3, 1, 0, 2, 0, 0, 0, 1, 0, 0, 0, 0, 3, 0, 1, 0, 0, 2, 1, 1, 2, 0, 0, 0, 0, 1, 1, 0, 0, 0, 1, 3, 0, 0, 1, 0, 0, 1, 0, 2, 0, 1, 0, 2, 1, 0, 0, 1, 1, 3, 0, 1, 3, 0, 1, 0, 0, 2, 1, 0, 0, 0, 1, 2, 0, 0, 0, 0, 0, 2, 0, 1, 0, 1, 0, 0, 0, 0],733.7492682466853,57073.058369997794,90363.82694997969,true
52,G2_TEC,G2_TEC,[31, 94, 82, 15, 26, 9, 95, 42, 77, 68, 47, 5, 93, 78, 86, 54, 85, 63, 18, 44, 20, 49, 36, 14, 74, 50, 53, 17, 21, 28, 11, 64, 3, 23, 30, 83, 24, 41, 40, 52, 65, 27, 90, 70, 39, 87, 48, 69, 99, 4, 98, 1, 13, 56, 97, 59, 45, 8, 73, 37, 35, 79, 71, 66, 76, 32, 60, 80, 58, 6, 67, 61, 33, 7, 57, 34, 12, 16, 10, 46, 96, 88, 43, 81, 91, 2, 84, 29, 92, 19, 51, 55, 89, 75, 25, 22, 38, 72, 62, 0]|[2, 1, 2, 1, 1, 2, 1, 1, 1, 1, 1, 0, 2, 2, 1, 2, 0, 0, 0, 2, 2, 1, 0, 2, 0, 2, 2, 1, 0, 1, 1, 1, 0, 0, 1, 0, 2, 1, 2, 2, 0, 0, 1, 1, 0, 2, 0, 2, 1, 0, 2, 2, 0, 2, 2, 0, 1, 1, 0, 0, 2, 1, 1, 2, 2, 0, 2, 2, 2, 1, 2, 1, 1, 2, 0, 1, 1, 2, 1, 0, 0, 1, 1, 1, 1, 0, 0, 1, 0, 1, 1, 0, 1, 0, 1, 2, 0, 1, 1, 0]|[0, 3, 0, 3, 4, 1, 4, 4, 4, 4, 3, 2, 1, 0, 2, 1, 1, 1, 2, 1, 1, 3, 0, 1, 0, 1, 1, 4, 1, 4, 3, 2, 2, 0, 4, 1, 1, 4, 1, 1, 2, 1, 4, 4, 1, 1, 0, 1, 3, 2, 1, 1, 2, 1, 1, 2, 4, 3, 0, 2, 1, 3, 3, 1, 1, 2, 1, 1, 1, 4, 1, 3, 4, 1, 2, 4, 3, 1, 3, 2, 2, 4, 4, 4, 3, 2, 2, 3, 2, 4, 3, 2, 4, 2, 4, 1, 2, 4, 3, 2]|[0, 2, 0, 0, 3, 0, 1, 3, 1, 0, 2, 0, 1, 0, 1, 0, 0, 0, 1, 0, 0, 2, 0, 0, 1, 0, 0, 3, 0, 1, 0, 2, 0, 0, 3, 0, 1, 1, 0, 0, 0, 0, 1, 3, 0, 0, 1, 0, 2, 0, 0, 0, 0, 0, 1, 0, 1, 0, 1, 1, 0, 2, 0, 0, 0, 0, 0, 0, 0, 2, 0, 0, 1, 0, 0, 1, 0, 0, 3, 0, 0, 1, 2, 2, 0, 0, 0, 3, 0, 1, 0, 0, 1, 0, 3, 0, 0, 1, 0, 0],910.6016522559228,48449.301094637194,107046.1135137847,false
52,G3_TWC,G3_TWC,[31, 22, 42, 15, 26, 58, 95, 82, 77, 12, 47, 5, 93, 78, 98, 54, 85, 63, 18, 44, 20, 35, 43, 97, 91, 76, 10, 30, 21, 45, 71, 64, 1, 23, 17, 83, 24, 61, 60, 36, 6, 57, 94, 88, 65, 56, 79, 40, 67, 68, 46, 75, 38, 9, 19, 32, 81, 41, 27, 62, 87, 90, 99, 59, 11, 16, 72, 73, 70, 39, 37, 84, 3, 92, 25, 74, 28, 29, 51, 7, 53, 14, 86, 48, 89, 50, 66, 96, 33, 80, 4, 8, 55, 49, 0, 52, 69, 2, 13, 34]|[1, 1, 0, 1, 1, 1, 2, 1, 2, 1, 2, 2, 2, 1, 1, 0, 0, 1, 0, 2, 2, 0, 1, 2, 0, 1, 2, 2, 0, 0, 1, 2, 1, 2, 1, 0, 2, 0, 1, 1, 0, 1, 1, 1, 0, 2, 1, 1, 0, 0, 0, 0, 1, 1, 2, 1, 2, 0, 0, 0, 2, 1, 0, 1, 2, 1, 2, 1, 1, 1, 1, 1, 2, 0, 1, 2, 0, 0, 0, 1, 0, 1, 0, 0, 1, 0, 0, 0, 2, 0, 0, 1, 1, 0, 0, 1, 1, 0, 0, 2]|[4, 3, 2, 2, 0, 0, 2, 2, 2, 4, 1, 1, 2, 4, 4, 1, 1, 4, 2, 1, 1, 1, 1, 2, 1, 2, 1, 1, 1, 1, 3, 2, 3, 0, 4, 0, 1, 1, 0, 3, 2, 2, 4, 0, 1, 1, 3, 2, 0, 1, 2, 2, 1, 4, 0, 3, 2, 1, 1, 2, 1, 3, 1, 1, 1, 3, 0, 4, 3, 1, 4, 1, 1, 2, 4, 1, 2, 1, 1, 3, 2, 3, 1, 1, 1, 1, 1, 1, 1, 1, 2, 3, 4, 1, 2, 1, 3, 2, 2, 1]|[0, 2, 1, 1, 3, 3, 0, 1, 0, 0, 0, 0, 1, 0, 1, 0, 0, 3, 1, 0, 0, 0, 3, 1, 0, 2, 0, 0, 0, 1, 0, 0, 0, 0, 3, 0, 1, 0, 0, 2, 1, 1, 2, 0, 0, 0, 0, 1, 1, 0, 0, 0, 1, 3, 0, 0, 1, 0, 0, 1, 0, 2, 0, 1, 0, 2, 1, 0, 0, 1, 1, 3, 0, 1, 3, 0, 1, 0, 0, 2, 1, 0, 0, 0, 1, 0, 0, 0, 0, 0, 1, 2, 3, 1, 0, 1, 0, 0, 0, 0],802.5281847645216,57652.86795409501,87938.17744329936,false
52,G1_CMAX,G4_BALANCED,[31, 11, 15, 82, 26, 9, 95, 32, 77, 68, 47, 5, 93, 78, 86, 54, 85, 63, 18, 44, 20, 49, 36, 14, 74, 50, 53, 17, 21, 45, 71, 64, 3, 23, 30, 83, 24, 41, 60, 52, 65, 27, 90, 70, 39, 87, 48, 69, 99, 4, 46, 1, 13, 58, 97, 59, 28, 75, 73, 37, 35, 79, 22, 66, 76, 42, 40, 80, 96, 6, 16, 61, 33, 7, 57, 34, 12, 67, 10, 98, 56, 88, 29, 94, 91, 51, 19, 92, 43, 84, 38, 72, 81, 8, 2, 55, 62, 89, 25, 0]|[2, 1, 1, 2, 1, 2, 1, 1, 1, 1, 1, 0, 2, 2, 1, 2, 0, 0, 0, 2, 2, 1, 0, 2, 0, 2, 2, 1, 0, 1, 1, 1, 0, 0, 1, 0, 2, 1, 2, 2, 0, 0, 1, 1, 0, 2, 0, 2, 1, 0, 0, 2, 0, 0, 2, 0, 1, 0, 0, 0, 2, 1, 0, 2, 2, 0, 2, 2, 0, 1, 2, 1, 1, 2, 0, 1, 1, 1, 1, 2, 2, 1, 1, 2, 1, 1, 1, 0, 1, 0, 0, 1, 1, 1, 2, 0, 1, 1, 1, 0]|[1, 3, 2, 0, 4, 1, 4, 4, 2, 4, 3, 2, 1, 0, 2, 1, 1, 1, 2, 1, 1, 3, 0, 1, 0, 1, 1, 4, 1, 4, 3, 2, 2, 0, 4, 1, 1, 4, 0, 1, 2, 1, 4, 4, 1, 1, 0, 2, 3, 1, 2, 1, 2, 1, 1, 2, 4, 2, 0, 2, 2, 3, 1, 0, 1, 2, 0, 1, 2, 4, 1, 3, 4, 1, 2, 4, 3, 3, 3, 1, 1, 4, 3, 1, 3, 3, 4, 2, 4, 2, 2, 4, 1, 3, 1, 2, 3, 4, 4, 2]|[1, 2, 1, 0, 3, 0, 1, 3, 0, 0, 2, 0, 1, 0, 1, 0, 0, 0, 1, 0, 0, 2, 0, 0, 1, 0, 0, 3, 0, 1, 0, 2, 0, 1, 3, 0, 1, 3, 1, 0, 0, 0, 1, 3, 0, 0, 1, 0, 2, 0, 0, 0, 0, 0, 1, 0, 1, 0, 1, 1, 0, 2, 0, 0, 0, 0, 0, 0, 0, 2, 0, 0, 1, 0, 0, 1, 0, 0, 3, 0, 0, 1, 0, 0, 0, 0, 3, 0, 2, 0, 0, 2, 1, 0, 0, 0, 0, 1, 3, 0],836.569815134707,52504.092339752446,107095.57005228325,true
52,G4_BALANCED,G4_BALANCED,[31, 11, 15, 82, 26, 9, 95, 32, 77, 68, 47, 5, 93, 78, 86, 54, 85, 63, 18, 44, 20, 49, 36, 14, 74, 50, 53, 17, 21, 45, 71, 64, 3, 23, 30, 83, 24, 41, 60, 52, 65, 27, 90, 70, 39, 87, 48, 69, 99, 4, 46, 1, 13, 58, 97, 59, 28, 8, 73, 37, 35, 79, 22, 66, 76, 42, 40, 80, 96, 6, 16, 61, 33, 7, 57, 34, 12, 67, 10, 98, 56, 88, 29, 75, 91, 38, 19, 92, 43, 84, 51, 72, 81, 0, 2, 55, 94, 89, 62, 25]|[2, 1, 1, 2, 1, 2, 1, 1, 1, 1, 1, 0, 2, 2, 1, 2, 0, 0, 0, 2, 2, 1, 0, 2, 0, 2, 2, 1, 0, 1, 1, 1, 0, 0, 1, 0, 2, 1, 2, 2, 0, 0, 1, 1, 0, 2, 0, 2, 1, 0, 0, 2, 0, 0, 2, 0, 1, 1, 0, 0, 2, 1, 0, 2, 2, 0, 2, 2, 0, 1, 2, 1, 1, 2, 0, 1, 1, 1, 1, 2, 2, 1, 1, 0, 1, 0, 1, 0, 1, 0, 1, 1, 1, 0, 2, 0, 2, 1, 1, 1]|[1, 3, 2, 0, 4, 1, 4, 4, 2, 4, 3, 2, 1, 0, 2, 1, 1, 1, 2, 1, 1, 3, 0, 1, 0, 1, 1, 4, 1, 4, 3, 2, 2, 0, 4, 1, 1, 4, 0, 1, 2, 1, 4, 4, 1, 1, 0, 2, 3, 2, 2, 1, 2, 1, 1, 2, 4, 3, 0, 2, 2, 3, 1, 0, 1, 2, 0, 1, 2, 4, 1, 3, 4, 1, 2, 4, 3, 3, 3, 1, 1, 4, 3, 2, 3, 2, 4, 2, 4, 2, 3, 4, 1, 2, 1, 2, 1, 4, 3, 4]|[1, 2, 1, 0, 3, 0, 1, 3, 0, 0, 2, 0, 1, 0, 1, 0, 0, 0, 1, 0, 0, 2, 0, 0, 1, 0, 0, 3, 0, 1, 0, 2, 0, 1, 3, 0, 1, 3, 1, 0, 0, 0, 1, 3, 0, 0, 1, 0, 2, 0, 0, 0, 0, 0, 1, 0, 1, 0, 1, 1, 0, 2, 0, 0, 0, 0, 0, 0, 0, 2, 0, 0, 1, 0, 0, 1, 0, 0, 3, 0, 0, 1, 0, 0, 0, 0, 3, 0, 2, 0, 0, 2, 1, 0, 0, 0, 0, 1, 0, 3],846.6109372053031,52128.769557101376,106800.59864073119,false
52,G2_TEC,G2_TEC,[31, 94, 82, 15, 26, 9, 95, 42, 77, 68, 47, 5, 93, 78, 86, 54, 85, 63, 18, 44, 20, 49, 36, 14, 74, 50, 53, 17, 21, 28, 11, 64, 3, 23, 30, 83, 24, 41, 40, 52, 65, 27, 90, 70, 39, 87, 48, 69, 99, 4, 98, 1, 13, 56, 97, 59, 45, 8, 73, 37, 35, 79, 71, 66, 76, 32, 60, 80, 58, 6, 67, 61, 33, 7, 57, 34, 12, 16, 10, 46, 96, 88, 43, 81, 91, 2, 84, 29, 92, 19, 51, 55, 89, 75, 25, 22, 38, 72, 62, 0]|[2, 1, 2, 1, 1, 2, 1, 1, 1, 1, 1, 0, 2, 2, 1, 2, 0, 0, 0, 2, 2, 1, 0, 2, 0, 2, 2, 1, 0, 1, 1, 1, 0, 0, 1, 0, 2, 1, 2, 2, 0, 0, 1, 1, 0, 2, 0, 2, 1, 0, 2, 2, 0, 2, 2, 0, 1, 1, 0, 0, 2, 1, 1, 2, 2, 0, 2, 2, 2, 1, 2, 1, 1, 2, 0, 1, 1, 2, 1, 0, 0, 1, 1, 1, 1, 0, 0, 1, 0, 1, 1, 0, 1, 0, 1, 2, 0, 1, 1, 0]|[0, 3, 0, 3, 4, 1, 4, 4, 4, 4, 3, 2, 1, 0, 2, 1, 1, 1, 2, 1, 1, 3, 0, 1, 0, 1, 1, 4, 1, 4, 3, 2, 2, 0, 4, 1, 1, 4, 1, 1, 2, 1, 4, 4, 1, 1, 0, 1, 3, 2, 1, 1, 2, 1, 1, 2, 4, 3, 0, 2, 1, 3, 3, 1, 1, 2, 1, 1, 1, 4, 1, 3, 4, 1, 2, 4, 3, 1, 3, 2, 2, 4, 4, 4, 3, 2, 2, 3, 2, 4, 3, 2, 4, 2, 4, 1, 2, 4, 3, 2]|[0, 2, 0, 0, 3, 0, 1, 3, 1, 0, 2, 0, 1, 0, 1, 0, 0, 0, 1, 0, 0, 2, 0, 0, 1, 0, 0, 3, 0, 1, 0, 2, 0, 0, 3, 0, 1, 1, 0, 0, 0, 0, 1, 3, 0, 0, 1, 0, 2, 0, 0, 0, 0, 0, 1, 0, 1, 0, 1, 1, 0, 2, 0, 0, 0, 0, 0, 0, 0, 2, 0, 0, 1, 0, 0, 1, 0, 0, 3, 0, 0, 1, 2, 2, 0, 0, 0, 3, 0, 1, 0, 0, 1, 0, 3, 0, 0, 1, 0, 0],910.6016522559228,48449.301094637194,107046.1135137847,false
52,G3_TWC,G3_TWC,[31, 22, 42, 15, 26, 58, 95, 82, 77, 12, 47, 5, 93, 78, 98, 54, 85, 63, 18, 44, 20, 35, 43, 97, 91, 76, 10, 30, 21, 45, 71, 64, 1, 23, 17, 83, 24, 61, 60, 36, 6, 57, 94, 88, 65, 56, 79, 40, 67, 68, 46, 75, 38, 9, 19, 32, 81, 41, 27, 62, 87, 90, 99, 59, 11, 16, 72, 73, 70, 39, 37, 84, 3, 92, 25, 74, 28, 29, 51, 7, 53, 14, 86, 48, 89, 50, 66, 96, 33, 80, 4, 8, 55, 49, 0, 52, 69, 2, 13, 34]|[1, 1, 0, 1, 1, 1, 2, 1, 2, 1, 2, 2, 2, 1, 1, 0, 0, 1, 0, 2, 2, 0, 1, 2, 0, 1, 2, 2, 0, 0, 1, 2, 1, 2, 1, 0, 2, 0, 1, 1, 0, 1, 1, 1, 0, 2, 1, 1, 0, 0, 0, 0, 1, 1, 2, 1, 2, 0, 0, 0, 2, 1, 0, 1, 2, 1, 2, 1, 1, 1, 1, 1, 2, 0, 1, 2, 0, 0, 0, 1, 0, 1, 0, 0, 1, 0, 0, 0, 2, 0, 0, 1, 1, 0, 0, 1, 1, 0, 0, 2]|[4, 3, 2, 2, 0, 0, 2, 2, 2, 4, 1, 1, 2, 4, 4, 1, 1, 4, 2, 1, 1, 1, 1, 2, 1, 2, 1, 1, 1, 1, 3, 2, 3, 0, 4, 0, 1, 1, 0, 3, 2, 2, 4, 0, 1, 1, 3, 2, 0, 1, 2, 2, 1, 4, 0, 3, 2, 1, 1, 2, 1, 3, 1, 1, 1, 3, 0, 4, 3, 1, 4, 1, 1, 2, 4, 1, 2, 1, 1, 3, 2, 3, 1, 1, 1, 1, 1, 1, 1, 1, 2, 3, 4, 1, 2, 1, 3, 2, 2, 1]|[0, 2, 1, 1, 3, 3, 0, 1, 0, 0, 0, 0, 1, 0, 1, 0, 0, 3, 1, 0, 0, 0, 3, 1, 0, 2, 0, 0, 0, 1, 0, 0, 0, 0, 3, 0, 1, 0, 0, 2, 1, 1, 2, 0, 0, 0, 0, 1, 1, 0, 0, 0, 1, 3, 0, 0, 1, 0, 0, 1, 0, 2, 0, 1, 0, 2, 1, 0, 0, 1, 1, 3, 0, 1, 3, 0, 1, 0, 0, 2, 1, 0, 0, 0, 1, 0, 0, 0, 0, 0, 1, 2, 3, 1, 0, 1, 0, 0, 0, 0],802.5281847645216,57652.86795409501,87938.17744329936,false
52,G1_CMAX,G4_BALANCED,[31, 11, 15, 82, 26, 9, 95, 32, 77, 68, 47, 5, 93, 78, 86, 54, 85, 63, 18, 44, 20, 49, 36, 14, 74, 50, 53, 17, 21, 45, 71, 64, 3, 23, 30, 83, 24, 41, 60, 52, 65, 27, 90, 70, 39, 87, 48, 69, 99, 4, 46, 1, 13, 58, 97, 59, 28, 75, 73, 37, 35, 79, 22, 66, 76, 42, 40, 80, 96, 6, 16, 61, 33, 7, 57, 34, 12, 67, 10, 98, 56, 88, 29, 94, 91, 51, 19, 92, 43, 84, 38, 72, 81, 8, 2, 55, 62, 89, 25, 0]|[2, 1, 1, 2, 1, 2, 1, 1, 1, 1, 1, 0, 2, 2, 1, 2, 0, 0, 0, 2, 2, 1, 0, 2, 0, 2, 2, 1, 0, 1, 1, 1, 0, 0, 1, 0, 2, 1, 2, 2, 0, 0, 1, 1, 0, 2, 0, 2, 1, 0, 0, 2, 0, 0, 2, 0, 1, 0, 0, 0, 2, 1, 0, 2, 2, 0, 2, 2, 0, 1, 2, 1, 1, 2, 0, 1, 1, 1, 1, 2, 2, 1, 1, 2, 1, 1, 1, 0, 1, 0, 0, 1, 1, 1, 2, 0, 1, 1, 1, 0]|[1, 3, 2, 0, 4, 1, 4, 4, 2, 4, 3, 2, 1, 0, 2, 1, 1, 1, 2, 1, 1, 3, 0, 1, 0, 1, 1, 4, 1, 4, 3, 2, 2, 0, 4, 1, 1, 4, 0, 1, 2, 1, 4, 4, 1, 1, 0, 2, 3, 1, 2, 1, 2, 1, 1, 2, 4, 2, 0, 2, 2, 3, 1, 0, 1, 2, 0, 1, 2, 4, 1, 3, 4, 1, 2, 4, 3, 3, 3, 1, 1, 4, 3, 1, 3, 3, 4, 2, 4, 2, 2, 4, 1, 3, 1, 2, 3, 4, 4, 2]|[1, 2, 1, 0, 3, 0, 1, 3, 0, 0, 2, 0, 1, 0, 1, 0, 0, 0, 1, 0, 0, 2, 0, 0, 1, 0, 0, 3, 0, 1, 0, 2, 0, 1, 3, 0, 1, 3, 1, 0, 0, 0, 1, 3, 0, 0, 1, 0, 2, 0, 0, 0, 0, 0, 1, 0, 1, 0, 1, 1, 0, 2, 0, 0, 0, 0, 0, 0, 0, 2, 0, 0, 1, 0, 0, 1, 0, 0, 3, 0, 0, 1, 0, 0, 0, 0, 3, 0, 2, 0, 0, 2, 1, 0, 0, 0, 0, 1, 3, 0],836.569815134707,52504.092339752446,107095.57005228325,true
52,G4_BALANCED,G4_BALANCED,[31, 11, 82, 15, 26, 9, 95, 42, 77, 68, 47, 5, 93, 78, 86, 54, 85, 63, 18, 44, 20, 49, 36, 14, 74, 50, 53, 17, 21, 45, 71, 64, 3, 23, 30, 83, 24, 41, 60, 52, 65, 27, 90, 70, 39, 87, 48, 69, 99, 4, 46, 1, 13, 58, 97, 59, 28, 8, 73, 37, 35, 79, 22, 66, 76, 32, 40, 80, 96, 6, 16, 61, 33, 7, 57, 34, 12, 67, 10, 98, 56, 88, 51, 75, 91, 38, 19, 92, 43, 84, 29, 72, 81, 25, 2, 55, 0, 94, 89, 62]|[2, 1, 2, 1, 1, 2, 1, 1, 1, 1, 1, 0, 2, 2, 1, 2, 0, 0, 0, 2, 2, 1, 0, 2, 0, 2, 2, 1, 0, 1, 1, 1, 0, 0, 1, 0, 2, 1, 2, 2, 0, 0, 1, 1, 0, 2, 0, 2, 1, 0, 0, 2, 0, 0, 2, 0, 1, 1, 0, 0, 2, 1, 0, 2, 2, 0, 2, 2, 0, 1, 2, 1, 1, 2, 0, 1, 1, 1, 1, 2, 2, 1, 1, 0, 1, 0, 1, 0, 1, 0, 1, 1, 1, 1, 2, 0, 0, 2, 1, 1]|[0, 3, 0, 2, 4, 1, 4, 4, 2, 4, 3, 2, 1, 0, 2, 1, 1, 1, 2, 1, 1, 3, 0, 1, 0, 1, 1, 4, 1, 4, 3, 2, 2, 0, 4, 1, 1, 4, 0, 1, 2, 1, 4, 4, 1, 1, 0, 2, 3, 1, 2, 1, 2, 1, 1, 2, 4, 3, 0, 2, 2, 3, 1, 0, 1, 2, 0, 1, 2, 4, 1, 3, 4, 1, 2, 4, 3, 3, 3, 1, 1, 4, 3, 2, 3, 2, 4, 2, 4, 2, 3, 4, 1, 4, 1, 2, 2, 1, 4, 3]|[0, 2, 0, 1, 3, 0, 1, 3, 0, 0, 2, 0, 1, 0, 1, 0, 0, 0, 1, 0, 0, 2, 0, 0, 1, 0, 0, 3, 0, 1, 0, 2, 0, 1, 3, 0, 1, 3, 1, 0, 0, 0, 1, 3, 0, 0, 1, 0, 2, 0, 0, 0, 0, 0, 1, 0, 1, 0, 1, 1, 0, 2, 0, 0, 0, 0, 0, 0, 0, 2, 0, 0, 1, 0, 0, 1, 0, 0, 3, 0, 0, 1, 0, 0, 0, 0, 3, 0, 2, 0, 0, 2, 1, 3, 0, 0, 0, 0, 1, 0],847.5774112780123,52007.329839342645,107494.62989686072,false
52,G2_TEC,G2_TEC,[31, 94, 82, 15, 26, 9, 95, 42, 77, 68, 47, 5, 93, 78, 86, 54, 85, 63, 18, 44, 20, 49, 36, 14, 74, 50, 53, 17, 21, 28, 11, 64, 3, 23, 30, 83, 24, 41, 40, 52, 65, 27, 90, 70, 39, 87, 48, 69, 99, 4, 98, 1, 13, 56, 97, 59, 45, 8, 73, 37, 35, 79, 71, 66, 76, 32, 60, 80, 58, 6, 67, 61, 33, 7, 57, 34, 12, 16, 10, 46, 96, 88, 43, 81, 91, 2, 84, 29, 92, 19, 51, 55, 89, 75, 25, 22, 38, 72, 62, 0]|[2, 1, 2, 1, 1, 2, 1, 1, 1, 1, 1, 0, 2, 2, 1, 2, 0, 0, 0, 2, 2, 1, 0, 2, 0, 2, 2, 1, 0, 1, 1, 1, 0, 0, 1, 0, 2, 1, 2, 2, 0, 0, 1, 1, 0, 2, 0, 2, 1, 0, 2, 2, 0, 2, 2, 0, 1, 1, 0, 0, 2, 1, 1, 2, 2, 0, 2, 2, 2, 1, 2, 1, 1, 2, 0, 1, 1, 2, 1, 0, 0, 1, 1, 1, 1, 0, 0, 1, 0, 1, 1, 0, 1, 0, 1, 2, 0, 1, 1, 0]|[0, 3, 0, 3, 4, 1, 4, 4, 4, 4, 3, 2, 1, 0, 2, 1, 1, 1, 2, 1, 1, 3, 0, 1, 0, 1, 1, 4, 1, 4, 3, 2, 2, 0, 4, 1, 1, 4, 1, 1, 2, 1, 4, 4, 1, 1, 0, 1, 3, 2, 1, 1, 2, 1, 1, 2, 4, 3, 0, 2, 1, 3, 3, 1, 1, 2, 1, 1, 1, 4, 1, 3, 4, 1, 2, 4, 3, 1, 3, 2, 2, 4, 4, 4, 3, 2, 2, 3, 2, 4, 3, 2, 4, 2, 4, 1, 2, 4, 3, 2]|[0, 2, 0, 0, 3, 0, 1, 3, 1, 0, 2, 0, 1, 0, 1, 0, 0, 0, 1, 0, 0, 2, 0, 0, 1, 0, 0, 3, 0, 1, 0, 2, 0, 0, 3, 0, 1, 1, 0, 0, 0, 0, 1, 3, 0, 0, 1, 0, 2, 0, 0, 0, 0, 0, 1, 0, 1, 0, 1, 1, 0, 2, 0, 0, 0, 0, 0, 0, 0, 2, 0, 0, 1, 0, 0, 1, 0, 0, 3, 0, 0, 1, 2, 2, 0, 0, 0, 3, 0, 1, 0, 0, 1, 0, 3, 0, 0, 1, 0, 0],910.6016522559228,48449.301094637194,107046.1135137847,false
52,G3_TWC,G3_TWC,[31, 22, 42, 15, 26, 58, 95, 82, 77, 12, 47, 5, 93, 78, 98, 54, 85, 63, 18, 44, 20, 35, 43, 97, 91, 76, 10, 30, 21, 45, 71, 64, 1, 23, 17, 83, 24, 61, 60, 36, 6, 57, 94, 88, 65, 56, 79, 40, 67, 68, 46, 75, 38, 9, 19, 32, 81, 41, 27, 62, 87, 90, 99, 59, 11, 16, 72, 73, 70, 39, 37, 84, 3, 92, 25, 74, 28, 29, 51, 7, 53, 14, 86, 48, 89, 50, 66, 96, 33, 80, 4, 8, 55, 49, 0, 52, 69, 2, 13, 34]|[1, 1, 0, 1, 1, 1, 2, 1, 2, 1, 2, 2, 2, 1, 1, 0, 0, 1, 0, 2, 2, 0, 1, 2, 0, 1, 2, 2, 0, 0, 1, 2, 1, 2, 1, 0, 2, 0, 1, 1, 0, 1, 1, 1, 0, 2, 1, 1, 0, 0, 0, 0, 1, 1, 2, 1, 2, 0, 0, 0, 2, 1, 0, 1, 2, 1, 2, 1, 1, 1, 1, 1, 2, 0, 1, 2, 0, 0, 0, 1, 0, 1, 0, 0, 1, 0, 0, 0, 2, 0, 0, 1, 1, 0, 0, 1, 1, 0, 0, 2]|[4, 3, 2, 2, 0, 0, 2, 2, 2, 4, 1, 1, 2, 4, 4, 1, 1, 4, 2, 1, 1, 1, 1, 2, 1, 2, 1, 1, 1, 1, 3, 2, 3, 0, 4, 0, 1, 1, 0, 3, 2, 2, 4, 0, 1, 1, 3, 2, 0, 1, 2, 2, 1, 4, 0, 3, 2, 1, 1, 2, 1, 3, 1, 1, 1, 3, 0, 4, 3, 1, 4, 1, 1, 2, 4, 1, 2, 1, 1, 3, 2, 3, 1, 1, 1, 1, 1, 1, 1, 1, 2, 3, 4, 1, 2, 1, 3, 2, 2, 1]|[0, 2, 1, 1, 3, 3, 0, 1, 0, 0, 0, 0, 1, 0, 1, 0, 0, 3, 1, 0, 0, 0, 3, 1, 0, 2, 0, 0, 0, 1, 0, 0, 0, 0, 3, 0, 1, 0, 0, 2, 1, 1, 2, 0, 0, 0, 0, 1, 1, 0, 0, 0, 1, 3, 0, 0, 1, 0, 0, 1, 0, 2, 0, 1, 0, 2, 1, 0, 0, 1, 1, 3, 0, 1, 3, 0, 1, 0, 0, 2, 1, 0, 0, 0, 1, 0, 0, 0, 0, 0, 1, 2, 3, 1, 0, 1, 0, 0, 0, 0],802.5281847645216,57652.86795409501,87938.17744329936,false
52,G1_CMAX,G4_BALANCED,[31, 11, 15, 82, 26, 9, 95, 32, 77, 68, 47, 5, 93, 78, 86, 54, 85, 63, 18, 44, 20, 49, 36, 14, 74, 50, 53, 17, 21, 45, 71, 64, 3, 23, 30, 83, 24, 41, 60, 52, 65, 27, 90, 70, 39, 87, 48, 69, 99, 4, 46, 1, 13, 58, 97, 59, 28, 75, 73, 37, 35, 79, 22, 66, 76, 42, 40, 80, 96, 6, 16, 61, 33, 7, 57, 34, 12, 67, 10, 98, 56, 88, 29, 94, 91, 51, 19, 92, 43, 84, 38, 72, 81, 8, 2, 55, 62, 89, 25, 0]|[2, 1, 1, 2, 1, 2, 1, 1, 1, 1, 1, 0, 2, 2, 1, 2, 0, 0, 0, 2, 2, 1, 0, 2, 0, 2, 2, 1, 0, 1, 1, 1, 0, 0, 1, 0, 2, 1, 2, 2, 0, 0, 1, 1, 0, 2, 0, 2, 1, 0, 0, 2, 0, 0, 2, 0, 1, 0, 0, 0, 2, 1, 0, 2, 2, 0, 2, 2, 0, 1, 2, 1, 1, 2, 0, 1, 1, 1, 1, 2, 2, 1, 1, 2, 1, 1, 1, 0, 1, 0, 0, 1, 1, 1, 2, 0, 1, 1, 1, 0]|[1, 3, 2, 0, 4, 1, 4, 4, 2, 4, 3, 2, 1, 0, 2, 1, 1, 1, 2, 1, 1, 3, 0, 1, 0, 1, 1, 4, 1, 4, 3, 2, 2, 0, 4, 1, 1, 4, 0, 1, 2, 1, 4, 4, 1, 1, 0, 2, 3, 1, 2, 1, 2, 1, 1, 2, 4, 2, 0, 2, 2, 3, 1, 0, 1, 2, 0, 1, 2, 4, 1, 3, 4, 1, 2, 4, 3, 3, 3, 1, 1, 4, 3, 1, 3, 3, 4, 2, 4, 2, 2, 4, 1, 3, 1, 2, 3, 4, 4, 2]|[1, 2, 1, 0, 3, 0, 1, 3, 0, 0, 2, 0, 1, 0, 1, 0, 0, 0, 1, 0, 0, 2, 0, 0, 1, 0, 0, 3, 0, 1, 0, 2, 0, 1, 3, 0, 1, 3, 1, 0, 0, 0, 1, 3, 0, 0, 1, 0, 2, 0, 0, 0, 0, 0, 1, 0, 1, 0, 1, 1, 0, 2, 0, 0, 0, 0, 0, 0, 0, 2, 0, 0, 1, 0, 0, 1, 0, 0, 3, 0, 0, 1, 0, 0, 0, 0, 3, 0, 2, 0, 0, 2, 1, 0, 0, 0, 0, 1, 3, 0],836.569815134707,52504.092339752446,107095.57005228325,true
52,G4_BALANCED,G3_TWC,[31, 22, 42, 15, 26, 58, 95, 82, 77, 12, 47, 5, 93, 78, 98, 54, 85, 63, 18, 44, 20, 35, 43, 97, 91, 76, 10, 30, 21, 45, 71, 64, 1, 23, 17, 83, 24, 61, 60, 36, 6, 57, 94, 88, 65, 56, 79, 40, 67, 68, 46, 75, 38, 9, 19, 32, 81, 41, 27, 62, 87, 90, 99, 59, 11, 16, 72, 73, 70, 39, 37, 84, 3, 92, 25, 74, 28, 29, 51, 7, 53, 14, 86, 48, 89, 50, 66, 96, 33, 80, 4, 2, 0, 49, 55, 52, 13, 8, 69, 34]|[1, 1, 0, 1, 1, 1, 2, 1, 2, 1, 2, 2, 2, 1, 1, 0, 0, 1, 0, 2, 2, 0, 1, 2, 0, 1, 2, 2, 0, 0, 1, 2, 1, 2, 1, 0, 2, 0, 1, 1, 0, 1, 1, 2, 0, 2, 1, 1, 0, 0, 0, 0, 1, 1, 2, 1, 2, 0, 0, 0, 2, 1, 0, 1, 0, 1, 2, 1, 1, 1, 1, 1, 2, 0, 1, 2, 0, 0, 0, 1, 2, 1, 0, 0, 1, 0, 0, 0, 2, 0, 0, 0, 0, 0, 1, 1, 0, 1, 1, 2]|[4, 3, 2, 2, 0, 0, 2, 2, 2, 4, 1, 1, 2, 4, 4, 1, 1, 4, 2, 1, 1, 1, 1, 2, 1, 2, 1, 1, 1, 1, 3, 2, 3, 0, 4, 0, 1, 1, 0, 3, 2, 2, 4, 1, 1, 1, 3, 2, 0, 1, 2, 2, 1, 4, 0, 3, 2, 1, 1, 2, 1, 3, 1, 1, 2, 3, 0, 4, 3, 1, 4, 1, 1, 2, 4, 1, 2, 1, 1, 3, 1, 3, 1, 1, 1, 1, 1, 1, 1, 1, 2, 2, 2, 1, 4, 1, 2, 3, 3, 1]|[0, 2, 1, 1, 3, 3, 0, 1, 0, 0, 0, 0, 1, 0, 1, 0, 0, 3, 1, 0, 0, 0, 3, 1, 0, 2, 0, 0, 0, 1, 0, 0, 0, 0, 3, 0, 1, 0, 0, 2, 1, 1, 2, 0, 0, 0, 0, 1, 1, 0, 0, 0, 1, 3, 0, 0, 1, 0, 0, 1, 0, 2, 0, 1, 1, 2, 1, 0, 0, 1, 1, 3, 0, 1, 3, 0, 1, 0, 0, 2, 0, 0, 0, 0, 1, 0, 0, 0, 0, 0, 1, 0, 0, 1, 3, 1, 0, 2, 0, 0],809.019636750505,57235.09371474286,88994.8663197956,true
52,G2_TEC,G2_TEC,[31, 94, 82, 15, 26, 9, 95, 42, 77, 68, 47, 5, 93, 78, 86, 54, 85, 63, 18, 44, 20, 49, 36, 14, 74, 50, 53, 17, 21, 28, 11, 64, 3, 23, 30, 83, 24, 41, 40, 52, 65, 27, 90, 70, 39, 87, 48, 69, 99, 4, 98, 1, 13, 56, 97, 59, 45, 8, 73, 37, 35, 79, 71, 66, 76, 32, 60, 80, 58, 6, 67, 61, 33, 7, 57, 34, 12, 16, 10, 46, 96, 88, 43, 81, 91, 2, 84, 29, 92, 19, 51, 55, 89, 75, 25, 22, 38, 72, 62, 0]|[2, 1, 2, 1, 1, 2, 1, 1, 1, 1, 1, 0, 2, 2, 1, 2, 0, 0, 0, 2, 2, 1, 0, 2, 0, 2, 2, 1, 0, 1, 1, 1, 0, 0, 1, 0, 2, 1, 2, 2, 0, 0, 1, 1, 0, 2, 0, 2, 1, 0, 2, 2, 0, 2, 2, 0, 1, 1, 0, 0, 2, 1, 1, 2, 2, 0, 2, 2, 2, 1, 2, 1, 1, 2, 0, 1, 1, 2, 1, 0, 0, 1, 1, 1, 1, 0, 0, 1, 0, 1, 1, 0, 1, 0, 1, 2, 0, 1, 1, 0]|[0, 3, 0, 3, 4, 1, 4, 4, 4, 4, 3, 2, 1, 0, 2, 1, 1, 1, 2, 1, 1, 3, 0, 1, 0, 1, 1, 4, 1, 4, 3, 2, 2, 0, 4, 1, 1, 4, 1, 1, 2, 1, 4, 4, 1, 1, 0, 1, 3, 2, 1, 1, 2, 1, 1, 2, 4, 3, 0, 2, 1, 3, 3, 1, 1, 2, 1, 1, 1, 4, 1, 3, 4, 1, 2, 4, 3, 1, 3, 2, 2, 4, 4, 4, 3, 2, 2, 3, 2, 4, 3, 2, 4, 2, 4, 1, 2, 4, 3, 2]|[0, 2, 0, 0, 3, 0, 1, 3, 1, 0, 2, 0, 1, 0, 1, 0, 0, 0, 1, 0, 0, 2, 0, 0, 1, 0, 0, 3, 0, 1, 0, 2, 0, 0, 3, 0, 1, 1, 0, 0, 0, 0, 1, 3, 0, 0, 1, 0, 2, 0, 0, 0, 0, 0, 1, 0, 1, 0, 1, 1, 0, 2, 0, 0, 0, 0, 0, 0, 0, 2, 0, 0, 1, 0, 0, 1, 0, 0, 3, 0, 0, 1, 2, 2, 0, 0, 0, 3, 0, 1, 0, 0, 1, 0, 3, 0, 0, 1, 0, 0],910.6016522559228,48449.301094637194,107046.1135137847,false
52,G3_TWC,G3_TWC,[31, 22, 42, 15, 26, 58, 95, 82, 77, 12, 47, 5, 93, 78, 98, 54, 85, 63, 18, 44, 20, 35, 43, 97, 91, 76, 10, 30, 21, 45, 71, 64, 1, 23, 17, 83, 24, 61, 60, 36, 6, 57, 94, 88, 65, 56, 79, 40, 67, 68, 46, 75, 38, 9, 19, 32, 81, 41, 27, 62, 87, 90, 99, 59, 11, 16, 72, 73, 70, 39, 37, 84, 3, 92, 25, 74, 28, 29, 51, 7, 53, 14, 86, 48, 89, 50, 66, 96, 33, 80, 4, 8, 55, 49, 69, 52, 13, 2, 0, 34]|[1, 1, 0, 1, 1, 1, 2, 1, 2, 1, 2, 2, 2, 1, 1, 0, 0, 1, 0, 2, 2, 0, 1, 2, 0, 1, 2, 2, 0, 0, 1, 2, 1, 2, 1, 0, 2, 0, 1, 1, 0, 1, 1, 1, 0, 2, 1, 1, 0, 0, 0, 0, 1, 1, 2, 1, 2, 0, 0, 0, 2, 1, 0, 1, 2, 1, 2, 1, 1, 1, 1, 1, 2, 0, 1, 2, 0, 0, 0, 1, 0, 1, 0, 0, 1, 0, 0, 0, 2, 0, 0, 1, 1, 0, 1, 1, 0, 0, 0, 2]|[4, 3, 2, 2, 0, 0, 2, 2, 2, 4, 1, 1, 2, 4, 4, 1, 1, 4, 2, 1, 1, 1, 1, 2, 1, 2, 1, 1, 1, 1, 3, 2, 3, 0, 4, 0, 1, 1, 0, 3, 2, 2, 4, 0, 1, 1, 3, 2, 0, 1, 2, 2, 1, 4, 0, 3, 2, 1, 1, 2, 1, 3, 1, 1, 1, 3, 0, 4, 3, 1, 4, 1, 1, 2, 4, 1, 2, 1, 1, 3, 2, 3, 1, 1, 1, 1, 1, 1, 1, 1, 2, 3, 4, 1, 3, 1, 2, 2, 2, 1]|[0, 2, 1, 1, 3, 3, 0, 1, 0, 0, 0, 0, 1, 0, 1, 0, 0, 3, 1, 0, 0, 0, 3, 1, 0, 2, 0, 0, 0, 1, 0, 0, 0, 0, 3, 0, 1, 0, 0, 2, 1, 1, 2, 0, 0, 0, 0, 1, 1, 0, 0, 0, 1, 3, 0, 0, 1, 0, 0, 1, 0, 2, 0, 1, 0, 2, 1, 0, 0, 1, 1, 3, 0, 1, 3, 0, 1, 0, 0, 2, 1, 0, 0, 0, 1, 0, 0, 0, 0, 0, 1, 2, 3, 1, 0, 1, 0, 0, 0, 0],802.3365233122864,57645.69355534202,87924.08548932627,false
52,G1_CMAX,G4_BALANCED,[31, 11, 15, 82, 26, 9, 95, 32, 77, 68, 47, 5, 93, 78, 86, 54, 85, 63, 18, 44, 20, 49, 36, 14, 74, 50, 53, 17, 21, 45, 71, 64, 3, 23, 30, 83, 24, 41, 60, 52, 65, 27, 90, 70, 39, 87, 48, 69, 99, 4, 46, 1, 13, 58, 97, 59, 28, 75, 73, 37, 35, 79, 22, 66, 76, 42, 40, 80, 96, 6, 16, 61, 33, 7, 57, 34, 12, 67, 10, 98, 56, 88, 29, 94, 91, 51, 19, 92, 43, 84, 38, 72, 81, 8, 2, 55, 62, 89, 25, 0]|[2, 1, 1, 2, 1, 2, 1, 1, 1, 1, 1, 0, 2, 2, 1, 2, 0, 0, 0, 2, 2, 1, 0, 2, 0, 2, 2, 1, 0, 1, 1, 1, 0, 0, 1, 0, 2, 1, 2, 2, 0, 0, 1, 1, 0, 2, 0, 2, 1, 0, 0, 2, 0, 0, 2, 0, 1, 0, 0, 0, 2, 1, 0, 2, 2, 0, 2, 2, 0, 1, 2, 1, 1, 2, 0, 1, 1, 1, 1, 2, 2, 1, 1, 2, 1, 1, 1, 0, 1, 0, 0, 1, 1, 1, 2, 0, 1, 1, 1, 0]|[1, 3, 2, 0, 4, 1, 4, 4, 2, 4, 3, 2, 1, 0, 2, 1, 1, 1, 2, 1, 1, 3, 0, 1, 0, 1, 1, 4, 1, 4, 3, 2, 2, 0, 4, 1, 1, 4, 0, 1, 2, 1, 4, 4, 1, 1, 0, 2, 3, 1, 2, 1, 2, 1, 1, 2, 4, 2, 0, 2, 2, 3, 1, 0, 1, 2, 0, 1, 2, 4, 1, 3, 4, 1, 2, 4, 3, 3, 3, 1, 1, 4, 3, 1, 3, 3, 4, 2, 4, 2, 2, 4, 1, 3, 1, 2, 3, 4, 4, 2]|[1, 2, 1, 0, 3, 0, 1, 3, 0, 0, 2, 0, 1, 0, 1, 0, 0, 0, 1, 0, 0, 2, 0, 0, 1, 0, 0, 3, 0, 1, 0, 2, 0, 1, 3, 0, 1, 3, 1, 0, 0, 0, 1, 3, 0, 0, 1, 0, 2, 0, 0, 0, 0, 0, 1, 0, 1, 0, 1, 1, 0, 2, 0, 0, 0, 0, 0, 0, 0, 2, 0, 0, 1, 0, 0, 1, 0, 0, 3, 0, 0, 1, 0, 0, 0, 0, 3, 0, 2, 0, 0, 2, 1, 0, 0, 0, 0, 1, 3, 0],836.569815134707,52504.092339752446,107095.57005228325,true
52,G4_BALANCED,G3_TWC,[31, 22, 42, 15, 26, 58, 95, 82, 77, 12, 47, 5, 93, 78, 98, 54, 85, 63, 18, 44, 20, 35, 43, 97, 91, 76, 10, 30, 21, 45, 71, 64, 1, 23, 17, 83, 24, 61, 60, 36, 6, 57, 94, 88, 65, 56, 79, 40, 67, 68, 46, 75, 38, 9, 19, 32, 81, 41, 27, 62, 87, 90, 99, 59, 11, 16, 72, 73, 70, 39, 37, 84, 3, 92, 25, 74, 28, 29, 51, 7, 53, 14, 86, 48, 89, 50, 66, 96, 33, 80, 4, 8, 0, 49, 52, 55, 13, 2, 69, 34]|[1, 1, 0, 1, 1, 1, 2, 1, 2, 1, 2, 2, 2, 1, 1, 0, 0, 1, 0, 2, 2, 0, 1, 2, 0, 1, 2, 2, 0, 0, 1, 2, 1, 2, 1, 0, 2, 0, 1, 1, 0, 1, 1, 1, 0, 2, 1, 1, 0, 0, 0, 0, 1, 1, 2, 1, 2, 0, 0, 0, 2, 1, 0, 1, 2, 1, 2, 1, 1, 1, 1, 1, 2, 0, 1, 2, 0, 0, 0, 1, 0, 0, 0, 0, 1, 0, 2, 2, 2, 0, 0, 1, 0, 0, 1, 2, 0, 0, 1, 2]|[4, 3, 2, 2, 0, 0, 2, 2, 2, 4, 1, 1, 2, 4, 4, 1, 1, 4, 2, 1, 1, 1, 1, 2, 1, 2, 1, 1, 1, 1, 3, 2, 3, 0, 4, 0, 1, 1, 0, 3, 2, 2, 4, 0, 1, 1, 3, 2, 0, 1, 2, 2, 1, 4, 0, 3, 2, 1, 1, 2, 1, 3, 1, 1, 1, 3, 0, 4, 3, 1, 4, 1, 1, 2, 4, 1, 2, 1, 1, 3, 2, 1, 1, 1, 1, 1, 1, 1, 1, 1, 2, 3, 2, 1, 1, 1, 2, 2, 3, 1]|[0, 2, 1, 1, 3, 3, 0, 1, 0, 0, 0, 0, 1, 0, 1, 0, 0, 3, 1, 0, 0, 0, 3, 1, 0, 2, 0, 0, 0, 1, 0, 0, 0, 0, 3, 0, 1, 0, 0, 2, 1, 1, 2, 0, 0, 0, 0, 1, 1, 0, 0, 0, 1, 3, 0, 0, 1, 0, 0, 1, 0, 2, 0, 1, 0, 2, 1, 0, 0, 1, 1, 3, 0, 1, 3, 0, 1, 0, 0, 2, 1, 0, 0, 0, 1, 0, 0, 0, 0, 0, 1, 2, 0, 1, 1, 0, 0, 0, 0, 0],782.4541794493351,57700.8624787888,88635.85915849467,true
52,G2_TEC,G2_TEC,[31, 94, 82, 15, 26, 9, 95, 42, 77, 68, 47, 5, 93, 78, 86, 54, 85, 63, 18, 44, 20, 49, 36, 14, 74, 50, 53, 17, 21, 28, 11, 64, 3, 23, 30, 83, 24, 41, 40, 52, 65, 27, 90, 70, 39, 87, 48, 69, 99, 4, 98, 1, 13, 56, 97, 59, 45, 8, 73, 37, 35, 79, 71, 66, 76, 32, 60, 80, 58, 6, 67, 61, 33, 7, 57, 34, 12, 16, 10, 46, 96, 88, 43, 81, 91, 2, 84, 29, 92, 19, 51, 55, 89, 75, 25, 22, 38, 72, 62, 0]|[2, 1, 2, 1, 1, 2, 1, 1, 1, 1, 1, 0, 2, 2, 1, 2, 0, 0, 0, 2, 2, 1, 0, 2, 0, 2, 2, 1, 0, 1, 1, 1, 0, 0, 1, 0, 2, 1, 2, 2, 0, 0, 1, 1, 0, 2, 0, 2, 1, 0, 2, 2, 0, 2, 2, 0, 1, 1, 0, 0, 2, 1, 1, 2, 2, 0, 2, 2, 2, 1, 2, 1, 1, 2, 0, 1, 1, 2, 1, 0, 0, 1, 1, 1, 1, 0, 0, 1, 0, 1, 1, 0, 1, 0, 1, 2, 0, 1, 1, 0]|[0, 3, 0, 3, 4, 1, 4, 4, 4, 4, 3, 2, 1, 0, 2, 1, 1, 1, 2, 1, 1, 3, 0, 1, 0, 1, 1, 4, 1, 4, 3, 2, 2, 0, 4, 1, 1, 4, 1, 1, 2, 1, 4, 4, 1, 1, 0, 1, 3, 2, 1, 1, 2, 1, 1, 2, 4, 3, 0, 2, 1, 3, 3, 1, 1, 2, 1, 1, 1, 4, 1, 3, 4, 1, 2, 4, 3, 1, 3, 2, 2, 4, 4, 4, 3, 2, 2, 3, 2, 4, 3, 2, 4, 2, 4, 1, 2, 4, 3, 2]|[0, 2, 0, 0, 3, 0, 1, 3, 1, 0, 2, 0, 1, 0, 1, 0, 0, 0, 1, 0, 0, 2, 0, 0, 1, 0, 0, 3, 0, 1, 0, 2, 0, 0, 3, 0, 1, 1, 0, 0, 0, 0, 1, 3, 0, 0, 1, 0, 2, 0, 0, 0, 0, 0, 1, 0, 1, 0, 1, 1, 0, 2, 0, 0, 0, 0, 0, 0, 0, 2, 0, 0, 1, 0, 0, 1, 0, 0, 3, 0, 0, 1, 2, 2, 0, 0, 0, 3, 0, 1, 0, 0, 1, 0, 3, 0, 0, 1, 0, 0],910.6016522559228,48449.301094637194,107046.1135137847,false
52,G3_TWC,G3_TWC,[31, 22, 42, 15, 26, 58, 95, 82, 77, 12, 47, 5, 93, 78, 98, 54, 85, 63, 18, 44, 20, 35, 43, 97, 91, 76, 10, 30, 21, 45, 71, 64, 1, 23, 17, 83, 24, 61, 60, 36, 6, 57, 94, 88, 65, 56, 79, 40, 67, 68, 46, 75, 38, 9, 19, 32, 81, 41, 27, 62, 87, 90, 99, 59, 11, 16, 72, 73, 70, 39, 37, 84, 3, 92, 25, 74, 28, 29, 51, 7, 53, 14, 86, 48, 89, 50, 66, 96, 33, 80, 4, 8, 55, 49, 69, 52, 13, 2, 0, 34]|[1, 1, 0, 1, 1, 1, 2, 1, 2, 1, 2, 2, 2, 1, 1, 0, 0, 1, 0, 2, 2, 0, 1, 2, 0, 1, 2, 2, 0, 0, 1, 2, 1, 2, 1, 0, 2, 0, 1, 1, 0, 1, 1, 1, 0, 2, 1, 1, 0, 0, 0, 0, 1, 1, 2, 1, 2, 0, 0, 0, 2, 1, 0, 1, 2, 1, 2, 1, 1, 1, 1, 1, 2, 0, 1, 2, 0, 0, 0, 1, 0, 1, 0, 0, 1, 0, 0, 0, 2, 0, 0, 1, 1, 0, 1, 1, 0, 0, 0, 2]|[4, 3, 2, 2, 0, 0, 2, 2, 2, 4, 1, 1, 2, 4, 4, 1, 1, 4, 2, 1, 1, 1, 1, 2, 1, 2, 1, 1, 1, 1, 3, 2, 3, 0, 4, 0, 1, 1, 0, 3, 2, 2, 4, 0, 1, 1, 3, 2, 0, 1, 2, 2, 1, 4, 0, 3, 2, 1, 1, 2, 1, 3, 1, 1, 1, 3, 0, 4, 3, 1, 4, 1, 1, 2, 4, 1, 2, 1, 1, 3, 2, 3, 1, 1, 1, 1, 1, 1, 1, 1, 2, 3, 4, 1, 3, 1, 2, 2, 2, 1]|[0, 2, 1, 1, 3, 3, 0, 1, 0, 0, 0, 0, 1, 0, 1, 0, 0, 3, 1, 0, 0, 0, 3, 1, 0, 2, 0, 0, 0, 1, 0, 0, 0, 0, 3, 0, 1, 0, 0, 2, 1, 1, 2, 0, 0, 0, 0, 1, 1, 0, 0, 0, 1, 3, 0, 0, 1, 0, 0, 1, 0, 2, 0, 1, 0, 2, 1, 0, 0, 1, 1, 3, 0, 1, 3, 0, 1, 0, 0, 2, 1, 0, 0, 0, 1, 0, 0, 0, 0, 0, 1, 2, 3, 1, 0, 1, 0, 0, 0, 0],802.3365233122864,57645.69355534202,87924.08548932627,false
52,G1_CMAX,G4_BALANCED,[31, 11, 15, 82, 26, 9, 95, 32, 77, 68, 47, 5, 93, 78, 86, 54, 85, 63, 18, 44, 20, 49, 36, 14, 74, 50, 53, 17, 21, 45, 71, 64, 3, 23, 30, 83, 24, 41, 60, 52, 65, 27, 90, 70, 39, 87, 48, 69, 99, 4, 46, 1, 13, 58, 97, 59, 28, 75, 73, 37, 35, 79, 22, 66, 76, 42, 40, 80, 96, 6, 16, 61, 33, 7, 57, 34, 12, 67, 10, 98, 56, 88, 29, 94, 91, 51, 19, 92, 43, 84, 38, 72, 81, 8, 2, 55, 62, 89, 25, 0]|[2, 1, 1, 2, 1, 2, 1, 1, 1, 1, 1, 0, 2, 2, 1, 2, 0, 0, 0, 2, 2, 1, 0, 2, 0, 2, 2, 1, 0, 1, 1, 1, 0, 0, 1, 0, 2, 1, 2, 2, 0, 0, 1, 1, 0, 2, 0, 2, 1, 0, 0, 2, 0, 0, 2, 0, 1, 0, 0, 0, 2, 1, 0, 2, 2, 0, 2, 2, 0, 1, 2, 1, 1, 2, 0, 1, 1, 1, 1, 2, 2, 1, 1, 2, 1, 1, 1, 0, 1, 0, 0, 1, 1, 1, 2, 0, 1, 1, 1, 0]|[1, 3, 2, 0, 4, 1, 4, 4, 2, 4, 3, 2, 1, 0, 2, 1, 1, 1, 2, 1, 1, 3, 0, 1, 0, 1, 1, 4, 1, 4, 3, 2, 2, 0, 4, 1, 1, 4, 0, 1, 2, 1, 4, 4, 1, 1, 0, 2, 3, 1, 2, 1, 2, 1, 1, 2, 4, 2, 0, 2, 2, 3, 1, 0, 1, 2, 0, 1, 2, 4, 1, 3, 4, 1, 2, 4, 3, 3, 3, 1, 1, 4, 3, 1, 3, 3, 4, 2, 4, 2, 2, 4, 1, 3, 1, 2, 3, 4, 4, 2]|[1, 2, 1, 0, 3, 0, 1, 3, 0, 0, 2, 0, 1, 0, 1, 0, 0, 0, 1, 0, 0, 2, 0, 0, 1, 0, 0, 3, 0, 1, 0, 2, 0, 1, 3, 0, 1, 3, 1, 0, 0, 0, 1, 3, 0, 0, 1, 0, 2, 0, 0, 0, 0, 0, 1, 0, 1, 0, 1, 1, 0, 2, 0, 0, 0, 0, 0, 0, 0, 2, 0, 0, 1, 0, 0, 1, 0, 0, 3, 0, 0, 1, 0, 0, 0, 0, 3, 0, 2, 0, 0, 2, 1, 0, 0, 0, 0, 1, 3, 0],836.569815134707,52504.092339752446,107095.57005228325,true
52,G4_BALANCED,G4_BALANCED,[31, 11, 15, 82, 26, 9, 95, 32, 77, 68, 47, 5, 93, 78, 86, 54, 85, 63, 18, 44, 20, 49, 36, 14, 74, 50, 53, 17, 21, 45, 71, 64, 3, 23, 30, 83, 24, 41, 60, 52, 65, 27, 90, 70, 39, 87, 48, 69, 99, 4, 46, 1, 13, 58, 97, 59, 28, 75, 73, 37, 35, 79, 22, 66, 76, 42, 40, 80, 96, 6, 16, 61, 33, 7, 57, 34, 12, 67, 10, 98, 8, 88, 29, 56, 91, 38, 19, 92, 43, 84, 2, 72, 81, 25, 51, 55, 62, 89, 94, 0]|[2, 1, 1, 2, 1, 2, 1, 1, 1, 1, 1, 0, 2, 2, 1, 2, 0, 0, 0, 2, 2, 1, 0, 2, 0, 2, 2, 1, 0, 1, 1, 1, 0, 0, 1, 0, 2, 1, 2, 2, 0, 0, 1, 1, 0, 2, 0, 2, 1, 0, 0, 2, 0, 0, 2, 0, 1, 0, 0, 0, 2, 1, 1, 2, 2, 0, 2, 2, 0, 1, 2, 1, 1, 2, 0, 1, 1, 1, 1, 2, 2, 1, 1, 2, 1, 0, 1, 0, 1, 0, 2, 1, 1, 1, 1, 0, 1, 1, 2, 0]|[1, 3, 2, 0, 4, 1, 4, 4, 2, 4, 3, 2, 1, 0, 2, 1, 1, 1, 2, 1, 1, 3, 0, 1, 0, 1, 1, 4, 1, 4, 3, 2, 2, 0, 4, 1, 1, 4, 0, 1, 2, 1, 4, 4, 1, 1, 0, 2, 3, 2, 2, 1, 2, 1, 1, 2, 4, 2, 0, 2, 2, 3, 3, 0, 1, 2, 1, 1, 2, 4, 1, 3, 4, 1, 2, 4, 3, 3, 3, 1, 1, 4, 3, 1, 3, 2, 4, 2, 4, 2, 1, 4, 1, 4, 3, 2, 3, 4, 1, 2]|[1, 2, 1, 0, 3, 0, 1, 3, 0, 0, 2, 0, 1, 0, 1, 0, 0, 0, 1, 0, 0, 2, 0, 0, 1, 0, 0, 3, 0, 1, 0, 2, 0, 1, 3, 0, 1, 3, 1, 0, 0, 0, 1, 3, 0, 0, 1, 0, 2, 0, 0, 0, 0, 0, 1, 0, 1, 0, 1, 1, 0, 2, 0, 0, 0, 0, 0, 0, 0, 2, 0, 0, 1, 0, 0, 1, 0, 0, 3, 0, 0, 1, 0, 0, 0, 0, 3, 0, 2, 0, 0, 2, 1, 3, 0, 0, 0, 1, 0, 0],853.9586631816869,51686.521742419325,106121.17870986674,false
52,G2_TEC,G2_TEC,[31, 94, 82, 15, 26, 9, 95, 42, 77, 68, 47, 5, 93, 78, 86, 54, 85, 63, 18, 44, 20, 49, 36, 14, 74, 50, 53, 17, 21, 28, 11, 64, 3, 23, 30, 83, 24, 41, 40, 52, 65, 27, 90, 70, 39, 87, 48, 69, 99, 4, 98, 1, 13, 56, 97, 59, 45, 8, 73, 37, 35, 79, 71, 66, 76, 32, 60, 80, 58, 6, 67, 61, 33, 7, 57, 34, 12, 16, 10, 46, 96, 88, 43, 81, 91, 2, 84, 29, 92, 19, 51, 55, 89, 75, 25, 22, 38, 72, 62, 0]|[2, 1, 2, 1, 1, 2, 1, 1, 1, 1, 1, 0, 2, 2, 1, 2, 0, 0, 0, 2, 2, 1, 0, 2, 0, 2, 2, 1, 0, 1, 1, 1, 0, 0, 1, 0, 2, 1, 2, 2, 0, 0, 1, 1, 0, 2, 0, 2, 1, 0, 2, 2, 0, 2, 2, 0, 1, 1, 0, 0, 2, 1, 1, 2, 2, 0, 2, 2, 2, 1, 2, 1, 1, 2, 0, 1, 1, 2, 1, 0, 0, 1, 1, 1, 1, 0, 0, 1, 0, 1, 1, 0, 1, 0, 1, 2, 0, 1, 1, 0]|[0, 3, 0, 3, 4, 1, 4, 4, 4, 4, 3, 2, 1, 0, 2, 1, 1, 1, 2, 1, 1, 3, 0, 1, 0, 1, 1, 4, 1, 4, 3, 2, 2, 0, 4, 1, 1, 4, 1, 1, 2, 1, 4, 4, 1, 1, 0, 1, 3, 2, 1, 1, 2, 1, 1, 2, 4, 3, 0, 2, 1, 3, 3, 1, 1, 2, 1, 1, 1, 4, 1, 3, 4, 1, 2, 4, 3, 1, 3, 2, 2, 4, 4, 4, 3, 2, 2, 3, 2, 4, 3, 2, 4, 2, 4, 1, 2, 4, 3, 2]|[0, 2, 0, 0, 3, 0, 1, 3, 1, 0, 2, 0, 1, 0, 1, 0, 0, 0, 1, 0, 0, 2, 0, 0, 1, 0, 0, 3, 0, 1, 0, 2, 0, 0, 3, 0, 1, 1, 0, 0, 0, 0, 1, 3, 0, 0, 1, 0, 2, 0, 0, 0, 0, 0, 1, 0, 1, 0, 1, 1, 0, 2, 0, 0, 0, 0, 0, 0, 0, 2, 0, 0, 1, 0, 0, 1, 0, 0, 3, 0, 0, 1, 2, 2, 0, 0, 0, 3, 0, 1, 0, 0, 1, 0, 3, 0, 0, 1, 0, 0],910.6016522559228,48449.301094637194,107046.1135137847,false
52,G3_TWC,G3_TWC,[31, 22, 42, 15, 26, 58, 95, 82, 77, 12, 47, 5, 93, 78, 98, 54, 85, 63, 18, 44, 20, 35, 43, 97, 91, 76, 10, 30, 21, 45, 71, 64, 1, 23, 17, 83, 24, 61, 60, 36, 6, 57, 94, 88, 65, 56, 79, 40, 67, 68, 46, 75, 38, 9, 19, 32, 81, 41, 27, 62, 87, 90, 99, 59, 11, 16, 72, 73, 70, 39, 37, 84, 3, 92, 25, 74, 28, 29, 51, 7, 53, 14, 86, 48, 89, 50, 66, 96, 33, 80, 4, 8, 55, 49, 69, 52, 13, 2, 0, 34]|[1, 1, 0, 1, 1, 1, 2, 1, 2, 1, 2, 2, 2, 1, 1, 0, 0, 1, 0, 2, 2, 0, 1, 2, 0, 1, 2, 2, 0, 0, 1, 2, 1, 2, 1, 0, 2, 0, 1, 1, 0, 1, 1, 1, 0, 2, 1, 1, 0, 0, 0, 0, 1, 1, 2, 1, 2, 0, 0, 0, 2, 1, 0, 1, 2, 1, 2, 1, 1, 1, 1, 1, 2, 0, 1, 2, 0, 0, 0, 1, 0, 1, 0, 0, 1, 0, 0, 0, 2, 0, 0, 1, 1, 0, 1, 1, 0, 0, 0, 2]|[4, 3, 2, 2, 0, 0, 2, 2, 2, 4, 1, 1, 2, 4, 4, 1, 1, 4, 2, 1, 1, 1, 1, 2, 1, 2, 1, 1, 1, 1, 3, 2, 3, 0, 4, 0, 1, 1, 0, 3, 2, 2, 4, 0, 1, 1, 3, 2, 0, 1, 2, 2, 1, 4, 0, 3, 2, 1, 1, 2, 1, 3, 1, 1, 1, 3, 0, 4, 3, 1, 4, 1, 1, 2, 4, 1, 2, 1, 1, 3, 2, 3, 1, 1, 1, 1, 1, 1, 1, 1, 2, 3, 4, 1, 3, 1, 2, 2, 2, 1]|[0, 2, 1, 1, 3, 3, 0, 1, 0, 0, 0, 0, 1, 0, 1, 0, 0, 3, 1, 0, 0, 0, 3, 1, 0, 2, 0, 0, 0, 1, 0, 0, 0, 0, 3, 0, 1, 0, 0, 2, 1, 1, 2, 0, 0, 0, 0, 1, 1, 0, 0, 0, 1, 3, 0, 0, 1, 0, 0, 1, 0, 2, 0, 1, 0, 2, 1, 0, 0, 1, 1, 3, 0, 1, 3, 0, 1, 0, 0, 2, 1, 0, 0, 0, 1, 0, 0, 0, 0, 0, 1, 2, 3, 1, 0, 1, 0, 0, 0, 0],802.3365233122864,57645.69355534202,87924.08548932627,false
52,G1_CMAX,G1_CMAX,[31, 22, 90, 26, 58, 95, 42, 12, 93, 5, 78, 86, 98, 18, 20, 35, 3, 97, 91, 76, 10, 85, 54, 45, 63, 71, 66, 1, 23, 17, 24, 60, 36, 6, 57, 15, 65, 56, 47, 79, 94, 67, 50, 46, 14, 75, 38, 9, 30, 19, 32, 81, 27, 92, 83, 87, 40, 99, 59, 11, 53, 16, 72, 77, 73, 70, 39, 37, 84, 43, 62, 25, 55, 28, 29, 51, 68, 82, 74, 61, 88, 21, 80, 89, 7, 69, 96, 41, 48, 4, 8, 34, 49, 52, 0, 44, 13, 2, 64, 33]|[1, 1, 1, 1, 0, 2, 1, 1, 2, 2, 2, 1, 0, 1, 2, 2, 1, 2, 0, 1, 2, 2, 2, 0, 0, 1, 2, 1, 2, 1, 2, 1, 1, 0, 1, 1, 0, 2, 2, 1, 1, 0, 0, 0, 0, 1, 1, 1, 1, 2, 1, 2, 2, 0, 0, 2, 1, 0, 0, 2, 0, 1, 2, 2, 1, 1, 1, 1, 1, 1, 0, 1, 1, 0, 0, 0, 0, 0, 2, 1, 1, 0, 0, 1, 1, 1, 2, 2, 0, 1, 1, 2, 0, 1, 0, 0, 0, 0, 2, 2]|[0, 4, 3, 0, 1, 1, 2, 4, 1, 1, 2, 4, 1, 4, 1, 1, 1, 2, 2, 2, 2, 1, 1, 1, 2, 3, 2, 3, 0, 4, 1, 0, 3, 2, 2, 2, 1, 1, 1, 0, 2, 0, 1, 2, 1, 3, 1, 4, 2, 0, 3, 2, 1, 2, 1, 1, 4, 1, 1, 1, 2, 3, 0, 2, 4, 3, 1, 4, 1, 1, 1, 4, 4, 2, 1, 1, 1, 2, 1, 3, 0, 1, 1, 1, 1, 3, 1, 1, 1, 4, 3, 1, 1, 1, 2, 2, 2, 2, 1, 1]|[3, 0, 2, 3, 0, 0, 1, 0, 0, 0, 1, 0, 0, 3, 0, 0, 1, 1, 1, 2, 1, 0, 0, 0, 0, 0, 0, 0, 0, 3, 1, 0, 2, 1, 1, 1, 0, 0, 0, 0, 1, 1, 0, 0, 0, 0, 1, 3, 2, 0, 0, 1, 0, 1, 0, 0, 2, 0, 0, 0, 1, 2, 1, 1, 0, 0, 1, 1, 3, 3, 0, 3, 3, 1, 0, 0, 0, 1, 0, 0, 0, 0, 0, 1, 2, 2, 0, 0, 0, 0, 2, 0, 1, 1, 0, 0, 0, 0, 0, 0],705.0470749739228,58445.79123614564,95781.2895945797,false
52,G4_BALANCED,G3_TWC,[31, 22, 42, 15, 26, 58, 95, 82, 77, 12, 47, 5, 93, 78, 98, 54, 85, 63, 18, 44, 20, 35, 43, 97, 91, 76, 10, 30, 21, 45, 71, 64, 1, 23, 17, 83, 24, 61, 60, 36, 6, 57, 94, 88, 65, 56, 79, 40, 67, 68, 46, 75, 38, 9, 19, 32, 81, 41, 27, 62, 87, 90, 99, 59, 11, 16, 72, 73, 70, 39, 37, 84, 3, 92, 25, 29, 28, 74, 51, 7, 33, 14, 86, 48, 89, 50, 66, 96, 53, 80, 4, 8, 0, 49, 52, 55, 13, 2, 69, 34]|[1, 1, 0, 1, 1, 1, 2, 1, 2, 1, 2, 2, 2, 1, 1, 0, 0, 1, 0, 2, 2, 0, 1, 2, 0, 1, 2, 2, 0, 0, 1, 2, 1, 2, 1, 0, 2, 0, 1, 1, 0, 1, 1, 1, 0, 2, 1, 1, 0, 0, 0, 0, 1, 1, 2, 1, 2, 0, 0, 0, 2, 1, 0, 1, 2, 1, 2, 1, 1, 1, 1, 1, 2, 0, 1, 0, 0, 2, 0, 1, 2, 1, 0, 0, 1, 0, 2, 0, 0, 0, 0, 1, 0, 0, 1, 1, 0, 0, 1, 2]|[4, 3, 2, 2, 0, 0, 2, 2, 2, 4, 1, 1, 2, 4, 4, 1, 1, 4, 2, 1, 1, 1, 1, 2, 1, 2, 1, 1, 1, 1, 3, 2, 3, 0, 4, 0, 1, 1, 0, 3, 2, 2, 4, 0, 1, 1, 3, 2, 0, 1, 2, 2, 1, 4, 0, 3, 2, 1, 1, 2, 1, 3, 1, 1, 1, 3, 0, 4, 3, 1, 4, 1, 1, 2, 4, 1, 2, 1, 1, 3, 1, 3, 1, 1, 1, 1, 1, 1, 2, 1, 2, 3, 2, 1, 1, 4, 2, 2, 3, 1]|[0, 2, 1, 1, 3, 3, 0, 1, 0, 0, 0, 0, 1, 0, 1, 0, 0, 3, 1, 0, 0, 0, 3, 1, 0, 2, 0, 0, 0, 1, 0, 0, 0, 0, 3, 0, 1, 0, 0, 2, 1, 1, 2, 0, 0, 0, 0, 1, 1, 0, 0, 0, 1, 3, 0, 0, 1, 0, 0, 1, 0, 2, 0, 1, 0, 2, 1, 0, 0, 1, 1, 3, 0, 1, 3, 0, 1, 0, 0, 2, 0, 0, 0, 0, 1, 0, 0, 0, 1, 0, 1, 2, 0, 1, 1, 3, 0, 0, 0, 0],800.1376376443088,57501.532794822444,88332.48336143667,true
52,G2_TEC,G2_TEC,[31, 94, 82, 15, 26, 9, 95, 42, 77, 68, 47, 5, 93, 78, 86, 54, 85, 63, 18, 44, 20, 49, 36, 14, 74, 50, 53, 17, 21, 28, 11, 64, 3, 23, 30, 83, 24, 41, 40, 52, 65, 27, 90, 70, 39, 87, 48, 69, 99, 4, 98, 1, 13, 56, 97, 59, 45, 8, 73, 37, 35, 79, 71, 66, 76, 32, 60, 80, 58, 6, 67, 61, 33, 7, 57, 34, 12, 16, 10, 46, 96, 88, 43, 81, 91, 2, 84, 29, 92, 19, 51, 55, 89, 75, 25, 22, 38, 72, 62, 0]|[2, 1, 2, 1, 1, 2, 1, 1, 1, 1, 1, 0, 2, 2, 1, 2, 0, 0, 0, 2, 2, 1, 0, 2, 0, 2, 2, 1, 0, 1, 1, 1, 0, 0, 1, 0, 2, 1, 2, 2, 0, 0, 1, 1, 0, 2, 0, 2, 1, 0, 2, 2, 0, 2, 2, 0, 1, 1, 0, 0, 2, 1, 1, 2, 2, 0, 2, 2, 2, 1, 2, 1, 1, 2, 0, 1, 1, 2, 1, 0, 0, 1, 1, 1, 1, 0, 0, 1, 0, 1, 1, 0, 1, 0, 1, 2, 0, 1, 1, 0]|[0, 3, 0, 3, 4, 1, 4, 4, 4, 4, 3, 2, 1, 0, 2, 1, 1, 1, 2, 1, 1, 3, 0, 1, 0, 1, 1, 4, 1, 4, 3, 2, 2, 0, 4, 1, 1, 4, 1, 1, 2, 1, 4, 4, 1, 1, 0, 1, 3, 2, 1, 1, 2, 1, 1, 2, 4, 3, 0, 2, 1, 3, 3, 1, 1, 2, 1, 1, 1, 4, 1, 3, 4, 1, 2, 4, 3, 1, 3, 2, 2, 4, 4, 4, 3, 2, 2, 3, 2, 4, 3, 2, 4, 2, 4, 1, 2, 4, 3, 2]|[0, 2, 0, 0, 3, 0, 1, 3, 1, 0, 2, 0, 1, 0, 1, 0, 0, 0, 1, 0, 0, 2, 0, 0, 1, 0, 0, 3, 0, 1, 0, 2, 0, 0, 3, 0, 1, 1, 0, 0, 0, 0, 1, 3, 0, 0, 1, 0, 2, 0, 0, 0, 0, 0, 1, 0, 1, 0, 1, 1, 0, 2, 0, 0, 0, 0, 0, 0, 0, 2, 0, 0, 1, 0, 0, 1, 0, 0, 3, 0, 0, 1, 2, 2, 0, 0, 0, 3, 0, 1, 0, 0, 1, 0, 3, 0, 0, 1, 0, 0],910.6016522559228,48449.301094637194,107046.1135137847,false
52,G3_TWC,G3_TWC,[31, 22, 42, 15, 26, 58, 95, 82, 77, 12, 47, 5, 93, 78, 98, 54, 85, 63, 18, 44, 20, 35, 43, 97, 91, 76, 10, 30, 21, 45, 71, 64, 1, 23, 17, 83, 24, 61, 60, 36, 6, 57, 94, 88, 65, 56, 79, 40, 67, 68, 46, 75, 38, 9, 19, 32, 81, 41, 27, 62, 87, 90, 99, 59, 11, 16, 72, 73, 70, 39, 37, 84, 3, 92, 25, 74, 28, 29, 51, 7, 53, 14, 86, 48, 89, 50, 66, 96, 33, 80, 4, 8, 55, 49, 69, 52, 13, 2, 0, 34]|[1, 1, 0, 1, 1, 1, 2, 1, 2, 1, 2, 2, 2, 1, 1, 0, 0, 1, 0, 2, 2, 0, 1, 2, 0, 1, 2, 2, 0, 0, 1, 2, 1, 2, 1, 0, 2, 0, 1, 1, 0, 1, 1, 1, 0, 2, 1, 1, 0, 0, 0, 0, 1, 1, 2, 1, 2, 0, 0, 0, 2, 1, 0, 1, 2, 1, 2, 1, 1, 1, 1, 1, 2, 0, 1, 2, 0, 0, 0, 1, 0, 1, 0, 0, 1, 0, 0, 0, 2, 0, 0, 1, 1, 0, 1, 1, 0, 0, 0, 2]|[4, 3, 2, 2, 0, 0, 2, 2, 2, 4, 1, 1, 2, 4, 4, 1, 1, 4, 2, 1, 1, 1, 1, 2, 1, 2, 1, 1, 1, 1, 3, 2, 3, 0, 4, 0, 1, 1, 0, 3, 2, 2, 4, 0, 1, 1, 3, 2, 0, 1, 2, 2, 1, 4, 0, 3, 2, 1, 1, 2, 1, 3, 1, 1, 1, 3, 0, 4, 3, 1, 4, 1, 1, 2, 4, 1, 2, 1, 1, 3, 2, 3, 1, 1, 1, 1, 1, 1, 1, 1, 2, 3, 4, 1, 3, 1, 2, 2, 2, 1]|[0, 2, 1, 1, 3, 3, 0, 1, 0, 0, 0, 0, 1, 0, 1, 0, 0, 3, 1, 0, 0, 0, 3, 1, 0, 2, 0, 0, 0, 1, 0, 0, 0, 0, 3, 0, 1, 0, 0, 2, 1, 1, 2, 0, 0, 0, 0, 1, 1, 0, 0, 0, 1, 3, 0, 0, 1, 0, 0, 1, 0, 2, 0, 1, 0, 2, 1, 0, 0, 1, 1, 3, 0, 1, 3, 0, 1, 0, 0, 2, 1, 0, 0, 0, 1, 0, 0, 0, 0, 0, 1, 2, 3, 1, 0, 1, 0, 0, 0, 0],802.3365233122864,57645.69355534202,87924.08548932627,false
52,G1_CMAX,G1_CMAX,[31, 22, 90, 26, 58, 95, 42, 12, 93, 5, 78, 86, 98, 18, 20, 35, 3, 97, 91, 76, 10, 85, 54, 45, 63, 71, 66, 1, 23, 17, 24, 60, 36, 6, 57, 15, 65, 56, 47, 79, 94, 67, 50, 46, 14, 75, 38, 9, 30, 19, 32, 81, 27, 92, 83, 87, 40, 99, 59, 11, 53, 16, 72, 77, 73, 70, 39, 37, 84, 43, 62, 25, 55, 28, 29, 51, 68, 82, 74, 61, 88, 21, 80, 89, 7, 69, 96, 41, 48, 4, 8, 34, 49, 52, 0, 44, 13, 2, 64, 33]|[1, 1, 1, 1, 0, 2, 1, 1, 2, 2, 2, 1, 0, 1, 2, 2, 1, 2, 0, 1, 2, 2, 2, 0, 0, 1, 2, 1, 2, 1, 2, 1, 1, 0, 1, 1, 0, 2, 2, 1, 1, 0, 0, 0, 0, 1, 1, 1, 1, 2, 1, 2, 2, 0, 0, 2, 1, 0, 0, 2, 0, 1, 2, 2, 1, 1, 1, 1, 1, 1, 0, 1, 1, 0, 0, 0, 0, 0, 2, 1, 1, 0, 0, 1, 1, 1, 2, 2, 0, 1, 1, 2, 0, 1, 0, 0, 0, 0, 2, 2]|[0, 4, 3, 0, 1, 1, 2, 4, 1, 1, 2, 4, 1, 4, 1, 1, 1, 2, 2, 2, 2, 1, 1, 1, 2, 3, 2, 3, 0, 4, 1, 0, 3, 2, 2, 2, 1, 1, 1, 0, 2, 0, 1, 2, 1, 3, 1, 4, 2, 0, 3, 2, 1, 2, 1, 1, 4, 1, 1, 1, 2, 3, 0, 2, 4, 3, 1, 4, 1, 1, 1, 4, 4, 2, 1, 1, 1, 2, 1, 3, 0, 1, 1, 1, 1, 3, 1, 1, 1, 4, 3, 1, 1, 1, 2, 2, 2, 2, 1, 1]|[3, 0, 2, 3, 0, 0, 1, 0, 0, 0, 1, 0, 0, 3, 0, 0, 1, 1, 1, 2, 1, 0, 0, 0, 0, 0, 0, 0, 0, 3, 1, 0, 2, 1, 1, 1, 0, 0, 0, 0, 1, 1, 0, 0, 0, 0, 1, 3, 2, 0, 0, 1, 0, 1, 0, 0, 2, 0, 0, 0, 1, 2, 1, 1, 0, 0, 1, 1, 3, 3, 0, 3, 3, 1, 0, 0, 0, 1, 0, 0, 0, 0, 0, 1, 2, 2, 0, 0, 0, 0, 2, 0, 1, 1, 0, 0, 0, 0, 0, 0],705.0470749739228,58445.79123614564,95781.2895945797,false
52,G4_BALANCED,G4_BALANCED,[31, 22, 42, 15, 26, 58, 95, 82, 77, 12, 47, 5, 93, 78, 98, 54, 85, 63, 18, 44, 20, 35, 43, 97, 91, 76, 10, 30, 21, 45, 71, 64, 1, 23, 17, 83, 24, 61, 60, 36, 6, 57, 94, 88, 65, 56, 79, 40, 67, 68, 46, 75, 38, 9, 19, 32, 81, 41, 27, 62, 87, 90, 99, 59, 53, 16, 72, 73, 70, 39, 37, 84, 3, 92, 25, 74, 28, 29, 51, 7, 11, 14, 86, 48, 89, 50, 66, 96, 33, 80, 4, 2, 55, 49, 0, 52, 13, 8, 69, 34]|[1, 1, 0, 1, 1, 1, 2, 1, 2, 1, 2, 2, 2, 1, 1, 0, 0, 1, 0, 2, 2, 0, 1, 2, 0, 1, 2, 2, 0, 0, 1, 2, 1, 2, 1, 0, 2, 0, 1, 1, 0, 1, 1, 1, 0, 2, 1, 1, 0, 0, 0, 0, 1, 1, 2, 1, 2, 0, 0, 0, 2, 1, 0, 1, 0, 1, 2, 1, 1, 1, 1, 1, 2, 0, 1, 2, 0, 0, 0, 1, 2, 1, 0, 0, 1, 0, 2, 0, 2, 0, 0, 0, 1, 0, 0, 1, 0, 1, 1, 2]|[4, 3, 2, 2, 0, 0, 2, 2, 2, 4, 1, 1, 2, 4, 4, 1, 1, 4, 2, 1, 1, 1, 1, 2, 1, 2, 1, 1, 1, 1, 3, 2, 3, 0, 4, 0, 1, 1, 0, 3, 2, 2, 4, 0, 1, 1, 3, 2, 0, 1, 2, 2, 1, 4, 0, 3, 2, 1, 1, 2, 1, 3, 1, 1, 2, 3, 0, 4, 3, 1, 4, 1, 1, 2, 4, 1, 2, 1, 1, 3, 1, 3, 1, 1, 1, 1, 1, 1, 1, 1, 2, 2, 4, 1, 2, 1, 2, 3, 4, 1]|[0, 2, 1, 1, 3, 3, 0, 1, 0, 0, 0, 0, 1, 0, 1, 0, 0, 3, 1, 0, 0, 0, 3, 1, 0, 2, 0, 0, 0, 0, 0, 0, 0, 0, 3, 0, 1, 0, 0, 2, 1, 1, 2, 0, 0, 0, 0, 1, 1, 0, 0, 0, 1, 3, 0, 0, 1, 0, 0, 1, 0, 2, 0, 1, 1, 2, 1, 0, 0, 1, 1, 3, 0, 1, 3, 0, 1, 0, 0, 2, 0, 0, 0, 0, 1, 0, 0, 0, 0, 0, 1, 0, 3, 1, 0, 1, 0, 2, 2, 0],804.8195518810277,56908.775786314945,89595.55184543924,false
52,G2_TEC,G2_TEC,[31, 94, 82, 15, 26, 9, 95, 42, 77, 68, 47, 5, 93, 78, 86, 54, 85, 63, 18, 44, 20, 49, 36, 14, 74, 50, 53, 17, 21, 28, 11, 64, 3, 23, 30, 83, 24, 41, 40, 52, 65, 27, 90, 70, 39, 87, 48, 69, 99, 4, 98, 1, 13, 56, 97, 59, 45, 8, 73, 37, 35, 79, 71, 66, 76, 32, 60, 80, 58, 6, 67, 61, 33, 7, 57, 34, 12, 16, 10, 46, 96, 88, 43, 81, 91, 2, 84, 29, 92, 19, 51, 55, 89, 75, 25, 22, 38, 72, 62, 0]|[2, 1, 2, 1, 1, 2, 1, 1, 1, 1, 1, 0, 2, 2, 1, 2, 0, 0, 0, 2, 2, 1, 0, 2, 0, 2, 2, 1, 0, 1, 1, 1, 0, 0, 1, 0, 2, 1, 2, 2, 0, 0, 1, 1, 0, 2, 0, 2, 1, 0, 2, 2, 0, 2, 2, 0, 1, 1, 0, 0, 2, 1, 1, 2, 2, 0, 2, 2, 2, 1, 2, 1, 1, 2, 0, 1, 1, 2, 1, 0, 0, 1, 1, 1, 1, 0, 0, 1, 0, 1, 1, 0, 1, 0, 1, 2, 0, 1, 1, 0]|[0, 3, 0, 3, 4, 1, 4, 4, 4, 4, 3, 2, 1, 0, 2, 1, 1, 1, 2, 1, 1, 3, 0, 1, 0, 1, 1, 4, 1, 4, 3, 2, 2, 0, 4, 1, 1, 4, 1, 1, 2, 1, 4, 4, 1, 1, 0, 1, 3, 2, 1, 1, 2, 1, 1, 2, 4, 3, 0, 2, 1, 3, 3, 1, 1, 2, 1, 1, 1, 4, 1, 3, 4, 1, 2, 4, 3, 1, 3, 2, 2, 4, 4, 4, 3, 2, 2, 3, 2, 4, 3, 2, 4, 2, 4, 1, 2, 4, 3, 2]|[0, 2, 0, 0, 3, 0, 1, 3, 1, 0, 2, 0, 1, 0, 1, 0, 0, 0, 1, 0, 0, 2, 0, 0, 1, 0, 0, 3, 0, 1, 0, 2, 0, 0, 3, 0, 1, 1, 0, 0, 0, 0, 1, 3, 0, 0, 1, 0, 2, 0, 0, 0, 0, 0, 1, 0, 1, 0, 1, 1, 0, 2, 0, 0, 0, 0, 0, 0, 0, 2, 0, 0, 1, 0, 0, 1, 0, 0, 3, 0, 0, 1, 2, 2, 0, 0, 0, 3, 0, 1, 0, 0, 1, 0, 3, 0, 0, 1, 0, 0],910.6016522559228,48449.301094637194,107046.1135137847,false
52,G3_TWC,G3_TWC,[31, 22, 42, 15, 26, 58, 95, 82, 77, 12, 47, 5, 93, 78, 98, 54, 85, 63, 18, 44, 20, 35, 43, 97, 91, 76, 10, 30, 21, 45, 71, 64, 1, 23, 17, 83, 24, 61, 60, 36, 6, 57, 94, 88, 65, 56, 79, 40, 67, 68, 46, 75, 38, 9, 19, 32, 81, 41, 27, 62, 87, 90, 99, 59, 11, 16, 72, 73, 70, 39, 37, 84, 3, 92, 25, 74, 28, 29, 51, 7, 53, 14, 86, 48, 89, 66, 50, 96, 33, 80, 4, 8, 55, 49, 0, 52, 13, 2, 69, 34]|[1, 1, 0, 1, 1, 1, 2, 1, 2, 1, 2, 2, 2, 1, 1, 0, 0, 1, 0, 2, 2, 0, 1, 2, 0, 1, 2, 2, 0, 0, 1, 2, 1, 2, 1, 0, 2, 0, 1, 1, 0, 1, 1, 1, 0, 2, 1, 1, 0, 0, 0, 0, 1, 1, 2, 1, 2, 0, 0, 0, 2, 1, 0, 1, 2, 1, 2, 1, 1, 1, 1, 1, 2, 0, 1, 2, 0, 0, 0, 1, 0, 1, 0, 0, 1, 2, 0, 0, 2, 0, 0, 1, 1, 0, 0, 1, 0, 0, 1, 2]|[4, 3, 2, 2, 0, 0, 2, 2, 2, 4, 1, 1, 2, 4, 4, 1, 1, 4, 2, 1, 1, 1, 1, 2, 1, 2, 1, 1, 1, 1, 3, 2, 3, 0, 4, 0, 1, 1, 0, 3, 2, 2, 4, 0, 1, 1, 3, 2, 0, 1, 2, 2, 1, 4, 0, 3, 2, 1, 1, 2, 1, 3, 1, 1, 1, 3, 0, 4, 3, 1, 4, 1, 1, 2, 4, 1, 2, 1, 1, 3, 2, 3, 1, 1, 1, 1, 1, 1, 1, 1, 2, 3, 4, 1, 2, 1, 2, 2, 3, 1]|[0, 2, 1, 1, 3, 3, 0, 1, 0, 0, 0, 0, 1, 0, 1, 0, 0, 3, 1, 0, 0, 0, 3, 1, 0, 2, 0, 0, 0, 1, 0, 0, 0, 0, 3, 0, 1, 0, 0, 2, 1, 1, 2, 0, 0, 0, 0, 1, 1, 0, 0, 0, 1, 3, 0, 0, 1, 0, 0, 1, 0, 2, 0, 1, 0, 2, 1, 0, 0, 1, 1, 3, 0, 1, 3, 0, 1, 0, 0, 2, 1, 0, 0, 0, 1, 0, 0, 0, 0, 0, 1, 2, 3, 1, 0, 1, 0, 0, 0, 0],800.1376376443088,57475.99007559101,88573.49998345424,false
52,G1_CMAX,G1_CMAX,[31, 22, 90, 26, 58, 95, 42, 12, 93, 5, 78, 86, 98, 18, 20, 35, 3, 97, 91, 76, 10, 85, 54, 45, 63, 71, 66, 1, 23, 17, 24, 60, 36, 6, 57, 15, 65, 56, 47, 79, 94, 67, 50, 46, 14, 75, 38, 9, 30, 19, 32, 81, 27, 92, 83, 87, 40, 99, 59, 11, 53, 16, 72, 77, 73, 70, 39, 37, 84, 43, 62, 25, 55, 28, 29, 51, 68, 82, 74, 61, 88, 21, 80, 89, 7, 69, 96, 41, 48, 4, 8, 34, 49, 52, 0, 44, 13, 2, 64, 33]|[1, 1, 1, 1, 0, 2, 1, 1, 2, 2, 2, 1, 0, 1, 2, 2, 1, 2, 0, 1, 2, 2, 2, 0, 0, 1, 2, 1, 2, 1, 2, 1, 1, 0, 1, 1, 0, 2, 2, 1, 1, 0, 0, 0, 0, 1, 1, 1, 1, 2, 1, 2, 2, 0, 0, 2, 1, 0, 0, 2, 0, 1, 2, 2, 1, 1, 1, 1, 1, 1, 0, 1, 1, 0, 0, 0, 0, 0, 2, 1, 1, 0, 0, 1, 1, 1, 2, 2, 0, 1, 1, 2, 0, 1, 0, 0, 0, 0, 2, 2]|[0, 4, 3, 0, 1, 1, 2, 4, 1, 1, 2, 4, 1, 4, 1, 1, 1, 2, 2, 2, 2, 1, 1, 1, 2, 3, 2, 3, 0, 4, 1, 0, 3, 2, 2, 2, 1, 1, 1, 0, 2, 0, 1, 2, 1, 3, 1, 4, 2, 0, 3, 2, 1, 2, 1, 1, 4, 1, 1, 1, 2, 3, 0, 2, 4, 3, 1, 4, 1, 1, 1, 4, 4, 2, 1, 1, 1, 2, 1, 3, 0, 1, 1, 1, 1, 3, 1, 1, 1, 4, 3, 1, 1, 1, 2, 2, 2, 2, 1, 1]|[3, 0, 2, 3, 0, 0, 1, 0, 0, 0, 1, 0, 0, 3, 0, 0, 1, 1, 1, 2, 1, 0, 0, 0, 0, 0, 0, 0, 0, 3, 1, 0, 2, 1, 1, 1, 0, 0, 0, 0, 1, 1, 0, 0, 0, 0, 1, 3, 2, 0, 0, 1, 0, 1, 0, 0, 2, 0, 0, 0, 1, 2, 1, 1, 0, 0, 1, 1, 3, 3, 0, 3, 3, 1, 0, 0, 0, 1, 0, 0, 0, 0, 0, 1, 2, 2, 0, 0, 0, 0, 2, 0, 1, 1, 0, 0, 0, 0, 0, 0],705.0470749739228,58445.79123614564,95781.2895945797,false
52,G4_BALANCED,G1_CMAX,[31, 22, 82, 15, 26, 99, 95, 42, 77, 12, 47, 5, 93, 78, 86, 54, 21, 63, 18, 44, 20, 35, 43, 97, 91, 76, 10, 30, 85, 45, 71, 64, 1, 23, 17, 83, 24, 14, 60, 36, 6, 57, 40, 88, 65, 56, 79, 94, 67, 68, 46, 75, 38, 9, 19, 32, 41, 81, 27, 87, 90, 62, 59, 11, 16, 58, 73, 70, 39, 37, 84, 3, 92, 25, 72, 55, 28, 29, 51, 7, 33, 61, 98, 48, 89, 50, 4, 96, 53, 80, 8, 66, 34, 49, 52, 2, 13, 0, 69, 74]|[1, 1, 0, 1, 1, 0, 1, 1, 2, 1, 2, 2, 2, 1, 1, 0, 0, 1, 0, 2, 2, 0, 1, 2, 0, 1, 2, 2, 0, 0, 1, 2, 1, 2, 1, 0, 2, 0, 1, 1, 0, 1, 1, 1, 0, 2, 1, 1, 0, 0, 0, 0, 1, 1, 2, 1, 0, 2, 0, 2, 1, 0, 1, 2, 1, 0, 1, 1, 1, 1, 1, 1, 0, 1, 2, 2, 0, 0, 0, 2, 2, 1, 2, 0, 1, 0, 1, 2, 0, 0, 1, 2, 2, 0, 1, 0, 0, 0, 1, 2]|[4, 3, 2, 2, 4, 1, 2, 3, 2, 4, 1, 1, 2, 4, 4, 1, 1, 4, 2, 1, 1, 1, 1, 2, 1, 2, 1, 1, 2, 1, 3, 2, 3, 1, 4, 0, 1, 1, 0, 3, 2, 2, 2, 0, 1, 1, 0, 4, 0, 1, 2, 2, 1, 4, 0, 3, 1, 1, 1, 1, 3, 2, 1, 1, 3, 1, 4, 3, 1, 4, 1, 1, 0, 4, 0, 1, 2, 1, 2, 1, 1, 3, 1, 1, 1, 1, 4, 1, 2, 1, 3, 1, 1, 1, 1, 2, 2, 2, 4, 1]|[0, 2, 1, 1, 3, 0, 1, 3, 0, 0, 0, 0, 1, 0, 1, 0, 0, 3, 1, 0, 0, 0, 3, 1, 0, 2, 0, 0, 0, 1, 0, 0, 0, 0, 3, 0, 1, 0, 0, 2, 1, 1, 1, 0, 0, 0, 0, 2, 1, 0, 0, 0, 1, 3, 0, 0, 0, 0, 0, 0, 2, 1, 1, 0, 2, 0, 0, 0, 1, 1, 3, 1, 1, 3, 1, 0, 1, 0, 0, 0, 0, 0, 0, 0, 1, 0, 0, 0, 1, 0, 2, 0, 0, 1, 1, 0, 0, 0, 2, 0],753.3061428726776,55645.560049378095,93952.45260809874,true
52,G2_TEC,G2_TEC,[31, 94, 82, 15, 26, 9, 95, 42, 77, 68, 47, 5, 93, 78, 86, 54, 85, 63, 18, 44, 20, 49, 36, 14, 74, 50, 53, 17, 21, 28, 11, 64, 3, 23, 30, 83, 24, 41, 40, 52, 65, 27, 90, 70, 39, 87, 48, 69, 99, 4, 98, 1, 13, 56, 97, 59, 45, 8, 73, 37, 35, 79, 71, 66, 76, 32, 60, 80, 58, 6, 67, 61, 33, 7, 57, 34, 12, 16, 10, 46, 96, 88, 43, 81, 91, 2, 84, 29, 92, 19, 51, 55, 89, 75, 25, 22, 38, 72, 62, 0]|[2, 1, 2, 1, 1, 2, 1, 1, 1, 1, 1, 0, 2, 2, 1, 2, 0, 0, 0, 2, 2, 1, 0, 2, 0, 2, 2, 1, 0, 1, 1, 1, 0, 0, 1, 0, 2, 1, 2, 2, 0, 0, 1, 1, 0, 2, 0, 2, 1, 0, 2, 2, 0, 2, 2, 0, 1, 1, 0, 0, 2, 1, 1, 2, 2, 0, 2, 2, 2, 1, 2, 1, 1, 2, 0, 1, 1, 2, 1, 0, 0, 1, 1, 1, 1, 0, 0, 1, 0, 1, 1, 0, 1, 0, 1, 2, 0, 1, 1, 0]|[0, 3, 0, 3, 4, 1, 4, 4, 4, 4, 3, 2, 1, 0, 2, 1, 1, 1, 2, 1, 1, 3, 0, 1, 0, 1, 1, 4, 1, 4, 3, 2, 2, 0, 4, 1, 1, 4, 1, 1, 2, 1, 4, 4, 1, 1, 0, 1, 3, 2, 1, 1, 2, 1, 1, 2, 4, 3, 0, 2, 1, 3, 3, 1, 1, 2, 1, 1, 1, 4, 1, 3, 4, 1, 2, 4, 3, 1, 3, 2, 2, 4, 4, 4, 3, 2, 2, 3, 2, 4, 3, 2, 4, 2, 4, 1, 2, 4, 3, 2]|[0, 2, 0, 0, 3, 0, 1, 3, 1, 0, 2, 0, 1, 0, 1, 0, 0, 0, 1, 0, 0, 2, 0, 0, 1, 0, 0, 3, 0, 1, 0, 2, 0, 0, 3, 0, 1, 1, 0, 0, 0, 0, 1, 3, 0, 0, 1, 0, 2, 0, 0, 0, 0, 0, 1, 0, 1, 0, 1, 1, 0, 2, 0, 0, 0, 0, 0, 0, 0, 2, 0, 0, 1, 0, 0, 1, 0, 0, 3, 0, 0, 1, 2, 2, 0, 0, 0, 3, 0, 1, 0, 0, 1, 0, 3, 0, 0, 1, 0, 0],910.6016522559228,48449.301094637194,107046.1135137847,false
52,G3_TWC,G3_TWC,[31, 22, 42, 15, 26, 58, 95, 82, 77, 12, 47, 5, 93, 78, 98, 54, 85, 63, 18, 44, 20, 35, 43, 97, 91, 76, 10, 30, 21, 45, 71, 64, 1, 23, 17, 83, 24, 61, 60, 36, 6, 57, 94, 88, 65, 56, 79, 40, 67, 68, 46, 75, 38, 9, 19, 32, 81, 41, 27, 62, 87, 90, 99, 59, 11, 16, 72, 73, 70, 39, 37, 84, 3, 92, 25, 74, 28, 29, 51, 7, 53, 14, 86, 48, 89, 50, 66, 96, 33, 80, 4, 2, 55, 49, 0, 52, 13, 8, 69, 34]|[1, 1, 0, 1, 1, 1, 2, 1, 2, 1, 2, 2, 2, 1, 1, 0, 0, 1, 0, 2, 2, 0, 1, 2, 0, 1, 2, 2, 0, 0, 1, 2, 1, 2, 1, 0, 2, 0, 1, 1, 0, 1, 1, 1, 0, 2, 1, 1, 0, 0, 0, 0, 1, 1, 2, 1, 2, 0, 0, 0, 2, 1, 0, 1, 2, 1, 2, 1, 1, 1, 1, 1, 2, 0, 1, 2, 0, 0, 0, 1, 0, 1, 0, 0, 1, 0, 2, 0, 2, 0, 0, 0, 1, 0, 0, 1, 0, 1, 1, 2]|[4, 3, 2, 2, 0, 0, 2, 2, 2, 4, 1, 1, 2, 4, 4, 1, 1, 4, 2, 1, 1, 1, 1, 2, 1, 2, 1, 1, 1, 1, 3, 2, 3, 0, 4, 0, 1, 1, 0, 3, 2, 2, 4, 0, 1, 1, 3, 2, 0, 1, 2, 2, 1, 4, 0, 3, 2, 1, 1, 2, 1, 3, 1, 1, 1, 3, 0, 4, 3, 1, 4, 1, 1, 2, 4, 1, 2, 1, 1, 3, 2, 3, 1, 1, 1, 1, 1, 1, 1, 1, 2, 2, 4, 1, 2, 1, 2, 3, 3, 1]|[0, 2, 1, 1, 3, 3, 0, 1, 0, 0, 0, 0, 1, 0, 1, 0, 0, 3, 1, 0, 0, 0, 3, 1, 0, 2, 0, 0, 0, 1, 0, 0, 0, 0, 3, 0, 1, 0, 0, 2, 1, 1, 2, 0, 0, 0, 0, 1, 1, 0, 0, 0, 1, 3, 0, 0, 1, 0, 0, 1, 0, 2, 0, 1, 0, 2, 1, 0, 0, 1, 1, 3, 0, 1, 3, 0, 1, 0, 0, 2, 1, 0, 0, 0, 1, 0, 0, 0, 0, 0, 1, 0, 3, 1, 0, 1, 0, 2, 0, 0],790.1288712756236,57469.923529589716,88389.24653766045,false
52,G1_CMAX,G1_CMAX,[31, 22, 90, 26, 58, 95, 42, 12, 93, 5, 78, 86, 98, 18, 20, 35, 3, 97, 91, 76, 10, 85, 54, 45, 63, 71, 66, 1, 23, 17, 24, 60, 36, 6, 57, 15, 65, 56, 47, 79, 94, 67, 50, 46, 14, 75, 38, 9, 30, 19, 32, 81, 27, 92, 83, 87, 40, 99, 59, 11, 53, 16, 72, 77, 73, 70, 39, 37, 84, 43, 62, 25, 55, 28, 29, 51, 68, 82, 74, 61, 88, 21, 80, 89, 7, 69, 96, 41, 48, 4, 8, 34, 49, 52, 0, 44, 13, 2, 64, 33]|[1, 1, 1, 1, 0, 2, 1, 1, 2, 2, 2, 1, 0, 1, 2, 2, 1, 2, 0, 1, 2, 2, 2, 0, 0, 1, 2, 1, 2, 1, 2, 1, 1, 0, 1, 1, 0, 2, 2, 1, 1, 0, 0, 0, 0, 1, 1, 1, 1, 2, 1, 2, 2, 0, 0, 2, 1, 0, 0, 2, 0, 1, 2, 2, 1, 1, 1, 1, 1, 1, 0, 1, 1, 0, 0, 0, 0, 0, 2, 1, 1, 0, 0, 1, 1, 1, 2, 2, 0, 1, 1, 2, 0, 1, 0, 0, 0, 0, 2, 2]|[0, 4, 3, 0, 1, 1, 2, 4, 1, 1, 2, 4, 1, 4, 1, 1, 1, 2, 2, 2, 2, 1, 1, 1, 2, 3, 2, 3, 0, 4, 1, 0, 3, 2, 2, 2, 1, 1, 1, 0, 2, 0, 1, 2, 1, 3, 1, 4, 2, 0, 3, 2, 1, 2, 1, 1, 4, 1, 1, 1, 2, 3, 0, 2, 4, 3, 1, 4, 1, 1, 1, 4, 4, 2, 1, 1, 1, 2, 1, 3, 0, 1, 1, 1, 1, 3, 1, 1, 1, 4, 3, 1, 1, 1, 2, 2, 2, 2, 1, 1]|[3, 0, 2, 3, 0, 0, 1, 0, 0, 0, 1, 0, 0, 3, 0, 0, 1, 1, 1, 2, 1, 0, 0, 0, 0, 0, 0, 0, 0, 3, 1, 0, 2, 1, 1, 1, 0, 0, 0, 0, 1, 1, 0, 0, 0, 0, 1, 3, 2, 0, 0, 1, 0, 1, 0, 0, 2, 0, 0, 0, 1, 2, 1, 1, 0, 0, 1, 1, 3, 3, 0, 3, 3, 1, 0, 0, 0, 1, 0, 0, 0, 0, 0, 1, 2, 2, 0, 0, 0, 0, 2, 0, 1, 1, 0, 0, 0, 0, 0, 0],705.0470749739228,58445.79123614564,95781.2895945797,false
52,G4_BALANCED,G2_TEC,[31, 22, 82, 15, 26, 9, 95, 42, 77, 68, 47, 5, 93, 78, 86, 54, 85, 63, 18, 44, 20, 49, 36, 14, 74, 50, 53, 17, 21, 28, 11, 64, 3, 23, 30, 83, 24, 41, 40, 52, 65, 27, 90, 70, 39, 87, 48, 69, 99, 4, 46, 1, 13, 56, 97, 59, 45, 8, 73, 37, 35, 79, 71, 66, 76, 32, 60, 80, 58, 6, 67, 61, 33, 7, 57, 34, 12, 16, 10, 98, 96, 88, 43, 81, 91, 38, 84, 29, 92, 19, 51, 89, 55, 25, 72, 94, 2, 75, 62, 0]|[2, 1, 2, 1, 1, 2, 1, 1, 1, 1, 1, 0, 2, 2, 1, 2, 0, 0, 0, 2, 2, 1, 0, 2, 0, 2, 2, 1, 0, 1, 1, 1, 0, 0, 1, 0, 2, 1, 2, 2, 0, 0, 1, 1, 0, 2, 0, 2, 1, 0, 0, 2, 0, 2, 2, 0, 1, 1, 0, 0, 2, 1, 1, 2, 2, 0, 2, 2, 2, 1, 2, 1, 1, 2, 0, 1, 1, 2, 1, 2, 0, 1, 1, 1, 1, 0, 0, 1, 0, 1, 1, 1, 0, 1, 1, 1, 2, 0, 1, 0]|[0, 3, 0, 3, 4, 1, 4, 4, 2, 4, 3, 2, 1, 0, 2, 1, 1, 1, 2, 1, 1, 3, 0, 1, 0, 1, 1, 4, 1, 4, 3, 2, 2, 0, 4, 1, 1, 4, 1, 1, 2, 1, 4, 4, 1, 1, 0, 1, 3, 2, 2, 1, 2, 1, 1, 2, 4, 3, 0, 2, 2, 3, 3, 1, 1, 2, 1, 1, 1, 4, 1, 3, 4, 1, 2, 4, 3, 1, 3, 1, 2, 4, 4, 4, 3, 2, 2, 3, 2, 4, 3, 4, 2, 4, 4, 3, 1, 2, 3, 2]|[0, 2, 0, 0, 3, 0, 1, 3, 0, 0, 2, 0, 1, 0, 1, 0, 0, 0, 1, 0, 0, 2, 0, 0, 1, 0, 0, 3, 0, 1, 0, 2, 0, 0, 3, 0, 1, 1, 0, 0, 0, 0, 1, 3, 0, 0, 1, 0, 2, 0, 0, 0, 0, 0, 1, 0, 1, 0, 1, 1, 0, 2, 0, 0, 0, 0, 0, 0, 0, 2, 0, 0, 1, 0, 0, 1, 0, 0, 3, 0, 0, 1, 2, 2, 0, 0, 0, 3, 0, 1, 0, 1, 0, 3, 1, 2, 0, 0, 0, 0],900.287431514208,49210.294889023935,104998.36313542735,true
52,G2_TEC,G2_TEC,[31, 94, 82, 15, 26, 9, 95, 42, 77, 68, 47, 5, 93, 78, 86, 54, 85, 63, 18, 44, 20, 49, 36, 14, 74, 50, 53, 17, 21, 28, 11, 64, 3, 23, 30, 83, 24, 41, 40, 52, 65, 27, 90, 70, 39, 87, 48, 69, 99, 4, 98, 1, 13, 56, 97, 59, 45, 8, 73, 37, 35, 79, 71, 66, 76, 32, 60, 80, 58, 6, 67, 61, 33, 7, 57, 34, 12, 16, 10, 46, 96, 88, 43, 81, 91, 2, 84, 29, 92, 19, 51, 55, 89, 75, 25, 22, 38, 72, 62, 0]|[2, 1, 2, 1, 1, 2, 1, 1, 1, 1, 1, 0, 2, 2, 1, 2, 0, 0, 0, 2, 2, 1, 0, 2, 0, 2, 2, 1, 0, 1, 1, 1, 0, 0, 1, 0, 2, 1, 2, 2, 0, 0, 1, 1, 0, 2, 0, 2, 1, 0, 2, 2, 0, 2, 2, 0, 1, 1, 0, 0, 2, 1, 1, 2, 2, 0, 2, 2, 2, 1, 2, 1, 1, 2, 0, 1, 1, 2, 1, 0, 0, 1, 1, 1, 1, 0, 0, 1, 0, 1, 1, 0, 1, 0, 1, 2, 0, 1, 1, 0]|[0, 3, 0, 3, 4, 1, 4, 4, 4, 4, 3, 2, 1, 0, 2, 1, 1, 1, 2, 1, 1, 3, 0, 1, 0, 1, 1, 4, 1, 4, 3, 2, 2, 0, 4, 1, 1, 4, 1, 1, 2, 1, 4, 4, 1, 1, 0, 1, 3, 2, 1, 1, 2, 1, 1, 2, 4, 3, 0, 2, 1, 3, 3, 1, 1, 2, 1, 1, 1, 4, 1, 3, 4, 1, 2, 4, 3, 1, 3, 2, 2, 4, 4, 4, 3, 2, 2, 3, 2, 4, 3, 2, 4, 2, 4, 1, 2, 4, 3, 2]|[0, 2, 0, 0, 3, 0, 1, 3, 1, 0, 2, 0, 1, 0, 1, 0, 0, 0, 1, 0, 0, 2, 0, 0, 1, 0, 0, 3, 0, 1, 0, 2, 0, 0, 3, 0, 1, 1, 0, 0, 0, 0, 1, 3, 0, 0, 1, 0, 2, 0, 0, 0, 0, 0, 1, 0, 1, 0, 1, 1, 0, 2, 0, 0, 0, 0, 0, 0, 0, 2, 0, 0, 1, 0, 0, 1, 0, 0, 3, 0, 0, 1, 2, 2, 0, 0, 0, 3, 0, 1, 0, 0, 1, 0, 3, 0, 0, 1, 0, 0],910.6016522559228,48449.301094637194,107046.1135137847,false
52,G3_TWC,G3_TWC,[31, 22, 42, 15, 26, 58, 95, 82, 77, 12, 47, 5, 93, 78, 98, 54, 85, 63, 18, 44, 20, 35, 43, 97, 91, 76, 10, 30, 21, 45, 71, 64, 1, 23, 17, 83, 24, 61, 60, 36, 6, 57, 94, 88, 65, 56, 79, 40, 67, 68, 46, 75, 38, 9, 19, 32, 81, 41, 27, 62, 87, 90, 99, 59, 11, 16, 72, 73, 70, 39, 37, 84, 3, 92, 25, 74, 28, 29, 51, 7, 53, 14, 86, 48, 89, 50, 66, 96, 33, 80, 4, 2, 55, 49, 0, 52, 13, 8, 69, 34]|[1, 1, 0, 1, 1, 1, 2, 1, 2, 1, 2, 2, 2, 1, 1, 0, 0, 1, 0, 2, 2, 0, 1, 2, 0, 1, 2, 2, 0, 0, 1, 2, 1, 2, 1, 0, 2, 0, 1, 1, 0, 1, 1, 1, 0, 2, 1, 1, 0, 0, 0, 0, 1, 1, 2, 1, 2, 0, 0, 0, 2, 1, 0, 1, 2, 1, 2, 1, 1, 1, 1, 1, 2, 0, 1, 2, 0, 0, 0, 1, 0, 1, 0, 0, 1, 0, 2, 0, 2, 0, 0, 0, 1, 0, 0, 1, 0, 1, 1, 2]|[4, 3, 2, 2, 0, 0, 2, 2, 2, 4, 1, 1, 2, 4, 4, 1, 1, 4, 2, 1, 1, 1, 1, 2, 1, 2, 1, 1, 1, 1, 3, 2, 3, 0, 4, 0, 1, 1, 0, 3, 2, 2, 4, 0, 1, 1, 3, 2, 0, 1, 2, 2, 1, 4, 0, 3, 2, 1, 1, 2, 1, 3, 1, 1, 1, 3, 0, 4, 3, 1, 4, 1, 1, 2, 4, 1, 2, 1, 1, 3, 2, 3, 1, 1, 1, 1, 1, 1, 1, 1, 2, 2, 4, 1, 2, 1, 2, 3, 3, 1]|[0, 2, 1, 1, 3, 3, 0, 1, 0, 0, 0, 0, 1, 0, 1, 0, 0, 3, 1, 0, 0, 0, 3, 1, 0, 2, 0, 0, 0, 1, 0, 0, 0, 0, 3, 0, 1, 0, 0, 2, 1, 1, 2, 0, 0, 0, 0, 1, 1, 0, 0, 0, 1, 3, 0, 0, 1, 0, 0, 1, 0, 2, 0, 1, 0, 2, 1, 0, 0, 1, 1, 3, 0, 1, 3, 0, 1, 0, 0, 2, 1, 0, 0, 0, 1, 0, 0, 0, 0, 0, 1, 0, 3, 1, 0, 1, 0, 2, 0, 0],790.1288712756236,57469.923529589716,88389.24653766045,false
52,G1_CMAX,G1_CMAX,[31, 22, 90, 26, 58, 95, 42, 12, 93, 5, 78, 86, 98, 18, 20, 35, 3, 97, 91, 76, 10, 85, 54, 45, 63, 71, 66, 1, 23, 17, 24, 60, 36, 6, 57, 15, 65, 56, 47, 79, 94, 67, 50, 46, 14, 75, 38, 9, 30, 19, 32, 81, 27, 92, 83, 87, 40, 99, 59, 11, 53, 16, 72, 77, 73, 70, 39, 37, 84, 43, 62, 25, 55, 28, 29, 51, 68, 82, 74, 61, 88, 21, 80, 89, 7, 69, 96, 41, 48, 4, 8, 34, 49, 52, 0, 44, 13, 2, 64, 33]|[1, 1, 1, 1, 0, 2, 1, 1, 2, 2, 2, 1, 0, 1, 2, 2, 1, 2, 0, 1, 2, 2, 2, 0, 0, 1, 2, 1, 2, 1, 2, 1, 1, 0, 1, 1, 0, 2, 2, 1, 1, 0, 0, 0, 0, 1, 1, 1, 1, 2, 1, 2, 2, 0, 0, 2, 1, 0, 0, 2, 0, 1, 2, 2, 1, 1, 1, 1, 1, 1, 0, 1, 1, 0, 0, 0, 0, 0, 2, 1, 1, 0, 0, 1, 1, 1, 2, 2, 0, 1, 1, 2, 0, 1, 0, 0, 0, 0, 2, 2]|[0, 4, 3, 0, 1, 1, 2, 4, 1, 1, 2, 4, 1, 4, 1, 1, 1, 2, 2, 2, 2, 1, 1, 1, 2, 3, 2, 3, 0, 4, 1, 0, 3, 2, 2, 2, 1, 1, 1, 0, 2, 0, 1, 2, 1, 3, 1, 4, 2, 0, 3, 2, 1, 2, 1, 1, 4, 1, 1, 1, 2, 3, 0, 2, 4, 3, 1, 4, 1, 1, 1, 4, 4, 2, 1, 1, 1, 2, 1, 3, 0, 1, 1, 1, 1, 3, 1, 1, 1, 4, 3, 1, 1, 1, 2, 2, 2, 2, 1, 1]|[3, 0, 2, 3, 0, 0, 1, 0, 0, 0, 1, 0, 0, 3, 0, 0, 1, 1, 1, 2, 1, 0, 0, 0, 0, 0, 0, 0, 0, 3, 1, 0, 2, 1, 1, 1, 0, 0, 0, 0, 1, 1, 0, 0, 0, 0, 1, 3, 2, 0, 0, 1, 0, 1, 0, 0, 2, 0, 0, 0, 1, 2, 1, 1, 0, 0, 1, 1, 3, 3, 0, 3, 3, 1, 0, 0, 0, 1, 0, 0, 0, 0, 0, 1, 2, 2, 0, 0, 0, 0, 2, 0, 1, 1, 0, 0, 0, 0, 0, 0],705.0470749739228,58445.79123614564,95781.2895945797,false
52,G4_BALANCED,G1_CMAX,[31, 22, 42, 15, 26, 58, 95, 82, 77, 12, 47, 5, 93, 78, 98, 54, 85, 63, 18, 96, 20, 35, 43, 97, 91, 76, 10, 30, 21, 45, 71, 64, 1, 23, 17, 83, 24, 14, 60, 36, 6, 57, 94, 88, 65, 56, 79, 40, 67, 68, 46, 75, 38, 9, 19, 32, 81, 41, 27, 62, 87, 90, 99, 59, 11, 16, 72, 73, 70, 39, 37, 84, 3, 92, 25, 74, 28, 29, 51, 7, 53, 61, 86, 48, 89, 50, 66, 44, 33, 80, 4, 2, 55, 49, 0, 52, 13, 8, 69, 34]|[1, 1, 0, 1, 1, 1, 2, 1, 2, 1, 2, 2, 2, 1, 1, 0, 0, 1, 0, 2, 2, 0, 1, 2, 0, 1, 2, 2, 0, 0, 1, 2, 1, 2, 1, 0, 2, 0, 1, 1, 0, 1, 1, 1, 0, 2, 1, 1, 0, 0, 0, 0, 1, 1, 2, 1, 2, 0, 0, 0, 2, 1, 0, 1, 2, 1, 2, 1, 1, 1, 1, 1, 2, 0, 1, 2, 2, 0, 0, 1, 0, 1, 0, 0, 1, 0, 2, 2, 2, 0, 0, 0, 1, 0, 0, 1, 0, 1, 1, 2]|[4, 3, 2, 2, 0, 0, 2, 2, 2, 4, 1, 1, 2, 4, 4, 1, 1, 4, 2, 1, 1, 1, 1, 2, 1, 2, 1, 1, 1, 1, 3, 2, 3, 0, 4, 0, 1, 1, 0, 3, 2, 2, 4, 0, 1, 1, 3, 2, 0, 1, 2, 2, 1, 4, 0, 3, 2, 1, 1, 2, 1, 3, 1, 1, 1, 3, 0, 4, 3, 1, 4, 1, 1, 2, 4, 1, 1, 1, 1, 3, 2, 3, 1, 1, 1, 1, 1, 1, 1, 1, 2, 2, 4, 1, 2, 1, 2, 3, 4, 1]|[0, 2, 1, 1, 3, 3, 0, 1, 0, 0, 0, 0, 1, 0, 1, 0, 0, 3, 1, 0, 0, 0, 3, 1, 0, 2, 0, 0, 0, 1, 0, 0, 0, 0, 3, 0, 1, 0, 0, 2, 1, 1, 2, 0, 0, 0, 0, 1, 1, 0, 0, 0, 1, 3, 0, 0, 1, 0, 0, 1, 0, 2, 0, 1, 0, 2, 1, 0, 0, 1, 1, 3, 0, 1, 3, 0, 0, 0, 0, 2, 1, 0, 0, 0, 1, 0, 0, 0, 0, 0, 1, 0, 3, 1, 0, 1, 0, 2, 2, 0],759.9613521850492,57083.19960056535,89794.17356421678,true
52,G2_TEC,G2_TEC,[31, 94, 82, 15, 26, 9, 95, 42, 77, 68, 47, 5, 93, 78, 86, 54, 85, 63, 18, 44, 20, 49, 36, 14, 74, 50, 53, 17, 21, 28, 11, 64, 3, 23, 30, 83, 24, 41, 40, 52, 65, 27, 90, 70, 39, 87, 48, 69, 99, 4, 98, 1, 13, 56, 97, 59, 45, 8, 73, 37, 35, 79, 71, 66, 76, 32, 60, 80, 58, 6, 67, 61, 33, 7, 57, 34, 12, 16, 10, 46, 96, 88, 43, 81, 91, 2, 84, 29, 92, 19, 51, 55, 89, 75, 25, 22, 38, 72, 62, 0]|[2, 1, 2, 1, 1, 2, 1, 1, 1, 1, 1, 0, 2, 2, 1, 2, 0, 0, 0, 2, 2, 1, 0, 2, 0, 2, 2, 1, 0, 1, 1, 1, 0, 0, 1, 0, 2, 1, 2, 2, 0, 0, 1, 1, 0, 2, 0, 2, 1, 0, 2, 2, 0, 2, 2, 0, 1, 1, 0, 0, 2, 1, 1, 2, 2, 0, 2, 2, 2, 1, 2, 1, 1, 2, 0, 1, 1, 2, 1, 0, 0, 1, 1, 1, 1, 0, 0, 1, 0, 1, 1, 0, 1, 0, 1, 2, 0, 1, 1, 0]|[0, 3, 0, 3, 4, 1, 4, 4, 4, 4, 3, 2, 1, 0, 2, 1, 1, 1, 2, 1, 1, 3, 0, 1, 0, 1, 1, 4, 1, 4, 3, 2, 2, 0, 4, 1, 1, 4, 1, 1, 2, 1, 4, 4, 1, 1, 0, 1, 3, 2, 1, 1, 2, 1, 1, 2, 4, 3, 0, 2, 1, 3, 3, 1, 1, 2, 1, 1, 1, 4, 1, 3, 4, 1, 2, 4, 3, 1, 3, 2, 2, 4, 4, 4, 3, 2, 2, 3, 2, 4, 3, 2, 4, 2, 4, 1, 2, 4, 3, 2]|[0, 2, 0, 0, 3, 0, 1, 3, 1, 0, 2, 0, 1, 0, 1, 0, 0, 0, 1, 0, 0, 2, 0, 0, 1, 0, 0, 3, 0, 1, 0, 2, 0, 0, 3, 0, 1, 1, 0, 0, 0, 0, 1, 3, 0, 0, 1, 0, 2, 0, 0, 0, 0, 0, 1, 0, 1, 0, 1, 1, 0, 2, 0, 0, 0, 0, 0, 0, 0, 2, 0, 0, 1, 0, 0, 1, 0, 0, 3, 0, 0, 1, 2, 2, 0, 0, 0, 3, 0, 1, 0, 0, 1, 0, 3, 0, 0, 1, 0, 0],910.6016522559228,48449.301094637194,107046.1135137847,false
52,G3_TWC,G3_TWC,[31, 22, 42, 15, 26, 58, 95, 82, 77, 12, 47, 5, 93, 78, 98, 54, 85, 63, 18, 44, 20, 35, 43, 97, 91, 76, 10, 30, 21, 45, 71, 64, 1, 23, 17, 83, 24, 61, 60, 36, 6, 57, 94, 88, 65, 56, 79, 40, 67, 68, 46, 75, 38, 9, 19, 32, 81, 41, 27, 62, 87, 90, 99, 59, 11, 16, 72, 73, 70, 39, 37, 84, 3, 92, 25, 74, 28, 29, 51, 7, 53, 14, 86, 48, 89, 50, 66, 96, 33, 80, 4, 2, 55, 49, 0, 52, 13, 8, 69, 34]|[1, 1, 0, 1, 1, 1, 2, 1, 2, 1, 2, 2, 2, 1, 1, 0, 0, 1, 0, 2, 2, 0, 1, 2, 0, 1, 2, 2, 0, 0, 1, 2, 1, 2, 1, 0, 2, 0, 1, 1, 0, 1, 1, 1, 0, 2, 1, 1, 0, 0, 0, 0, 1, 1, 2, 1, 2, 0, 0, 0, 2, 1, 0, 1, 2, 1, 2, 1, 1, 1, 1, 1, 2, 0, 1, 2, 0, 0, 0, 1, 0, 1, 0, 0, 1, 0, 2, 0, 2, 0, 0, 0, 1, 0, 0, 1, 0, 1, 1, 2]|[4, 3, 2, 2, 0, 0, 2, 2, 2, 4, 1, 1, 2, 4, 4, 1, 1, 4, 2, 1, 1, 1, 1, 2, 1, 2, 1, 1, 1, 1, 3, 2, 3, 0, 4, 0, 1, 1, 0, 3, 2, 2, 4, 0, 1, 1, 3, 2, 0, 1, 2, 2, 1, 4, 0, 3, 2, 1, 1, 2, 1, 3, 1, 1, 1, 3, 0, 4, 3, 1, 4, 1, 1, 2, 4, 1, 2, 1, 1, 3, 2, 3, 1, 1, 1, 1, 1, 1, 1, 1, 2, 2, 4, 1, 2, 1, 2, 3, 3, 1]|[0, 2, 1, 1, 3, 3, 0, 1, 0, 0, 0, 0, 1, 0, 1, 0, 0, 3, 1, 0, 0, 0, 3, 1, 0, 2, 0, 0, 0, 1, 0, 0, 0, 0, 3, 0, 1, 0, 0, 2, 1, 1, 2, 0, 0, 0, 0, 1, 1, 0, 0, 0, 1, 3, 0, 0, 1, 0, 0, 1, 0, 2, 0, 1, 0, 2, 1, 0, 0, 1, 1, 3, 0, 1, 3, 0, 1, 0, 0, 2, 1, 0, 0, 0, 1, 0, 0, 0, 0, 0, 1, 0, 3, 1, 0, 1, 0, 2, 0, 0],790.1288712756236,57469.923529589716,88389.24653766045,false
52,G1_CMAX,G1_CMAX,[31, 22, 90, 26, 58, 95, 42, 12, 93, 5, 78, 86, 98, 18, 20, 35, 3, 97, 91, 76, 10, 85, 54, 45, 63, 71, 66, 1, 23, 17, 24, 60, 36, 6, 57, 15, 65, 56, 47, 79, 94, 67, 50, 46, 14, 75, 38, 9, 30, 19, 32, 81, 27, 92, 83, 87, 40, 99, 59, 11, 53, 16, 72, 77, 73, 70, 39, 37, 84, 43, 62, 25, 55, 28, 29, 51, 68, 82, 74, 61, 88, 21, 80, 89, 7, 69, 96, 41, 48, 4, 8, 34, 49, 52, 0, 44, 13, 2, 64, 33]|[1, 1, 1, 1, 0, 2, 1, 1, 2, 2, 2, 1, 0, 1, 2, 2, 1, 2, 0, 1, 2, 2, 2, 0, 0, 1, 2, 1, 2, 1, 2, 1, 1, 0, 1, 1, 0, 2, 2, 1, 1, 0, 0, 0, 0, 1, 1, 1, 1, 2, 1, 2, 2, 0, 0, 2, 1, 0, 0, 2, 0, 1, 2, 2, 1, 1, 1, 1, 1, 1, 0, 1, 1, 0, 0, 0, 0, 0, 2, 1, 1, 0, 0, 1, 1, 1, 2, 2, 0, 1, 1, 2, 0, 1, 0, 0, 0, 0, 2, 2]|[0, 4, 3, 0, 1, 1, 2, 4, 1, 1, 2, 4, 1, 4, 1, 1, 1, 2, 2, 2, 2, 1, 1, 1, 2, 3, 2, 3, 0, 4, 1, 0, 3, 2, 2, 2, 1, 1, 1, 0, 2, 0, 1, 2, 1, 3, 1, 4, 2, 0, 3, 2, 1, 2, 1, 1, 4, 1, 1, 1, 2, 3, 0, 2, 4, 3, 1, 4, 1, 1, 1, 4, 4, 2, 1, 1, 1, 2, 1, 3, 0, 1, 1, 1, 1, 3, 1, 1, 1, 4, 3, 1, 1, 1, 2, 2, 2, 2, 1, 1]|[3, 0, 2, 3, 0, 0, 1, 0, 0, 0, 1, 0, 0, 3, 0, 0, 1, 1, 1, 2, 1, 0, 0, 0, 0, 0, 0, 0, 0, 3, 1, 0, 2, 1, 1, 1, 0, 0, 0, 0, 1, 1, 0, 0, 0, 0, 1, 3, 2, 0, 0, 1, 0, 1, 0, 0, 2, 0, 0, 0, 1, 2, 1, 1, 0, 0, 1, 1, 3, 3, 0, 3, 3, 1, 0, 0, 0, 1, 0, 0, 0, 0, 0, 1, 2, 2, 0, 0, 0, 0, 2, 0, 1, 1, 0, 0, 0, 0, 0, 0],705.0470749739228,58445.79123614564,95781.2895945797,false
52,G4_BALANCED,G3_TWC,[31, 22, 82, 15, 26, 58, 95, 42, 77, 12, 47, 5, 93, 78, 86, 54, 85, 63, 18, 44, 20, 35, 43, 97, 91, 76, 10, 30, 21, 45, 71, 64, 1, 23, 17, 83, 24, 14, 60, 36, 6, 57, 40, 88, 65, 56, 79, 94, 67, 68, 46, 29, 38, 9, 19, 32, 81, 41, 27, 87, 90, 99, 59, 62, 11, 66, 72, 73, 39, 37, 70, 84, 3, 92, 25, 55, 28, 75, 51, 7, 33, 61, 50, 48, 89, 98, 16, 96, 53, 80, 4, 8, 34, 49, 52, 0, 13, 2, 69, 74]|[1, 1, 0, 1, 1, 0, 1, 2, 2, 1, 2, 2, 2, 1, 1, 0, 0, 1, 0, 2, 2, 0, 1, 2, 0, 1, 2, 2, 0, 0, 1, 2, 1, 2, 1, 0, 2, 0, 1, 1, 0, 1, 1, 1, 0, 2, 1, 1, 0, 0, 0, 0, 1, 1, 2, 1, 2, 0, 0, 2, 1, 0, 0, 1, 2, 1, 2, 1, 1, 1, 1, 1, 1, 0, 1, 2, 0, 0, 0, 1, 2, 1, 0, 0, 1, 2, 1, 2, 0, 0, 1, 1, 2, 0, 1, 0, 0, 0, 1, 2]|[4, 3, 2, 2, 4, 1, 2, 2, 2, 4, 1, 1, 2, 4, 4, 1, 2, 4, 2, 1, 1, 1, 1, 2, 1, 2, 1, 1, 2, 1, 3, 2, 3, 1, 4, 0, 1, 1, 0, 3, 2, 2, 2, 0, 1, 1, 0, 4, 0, 1, 2, 2, 1, 4, 0, 3, 1, 1, 1, 1, 3, 1, 1, 1, 1, 3, 1, 4, 3, 4, 4, 1, 1, 0, 4, 1, 2, 2, 1, 1, 1, 3, 1, 1, 1, 1, 3, 1, 2, 1, 4, 3, 1, 1, 1, 2, 2, 2, 4, 1]|[0, 2, 1, 1, 3, 0, 1, 0, 0, 0, 0, 0, 1, 0, 1, 0, 0, 3, 1, 0, 0, 0, 3, 1, 0, 2, 0, 0, 0, 1, 0, 0, 0, 0, 3, 0, 1, 0, 0, 2, 1, 1, 1, 0, 0, 0, 0, 2, 1, 0, 0, 0, 1, 3, 0, 0, 0, 0, 0, 0, 2, 0, 0, 1, 0, 2, 0, 0, 0, 1, 1, 3, 1, 1, 3, 0, 1, 0, 0, 2, 0, 0, 0, 0, 1, 0, 2, 0, 1, 0, 0, 2, 0, 1, 1, 0, 0, 0, 2, 0],790.1065585729232,55182.91733167286,99877.78113148188,true
52,G2_TEC,G2_TEC,[31, 94, 82, 15, 26, 9, 95, 42, 77, 68, 47, 5, 93, 78, 86, 54, 85, 63, 18, 44, 20, 49, 36, 14, 74, 50, 53, 17, 21, 28, 11, 64, 3, 23, 30, 83, 24, 41, 40, 52, 65, 27, 90, 70, 39, 87, 48, 69, 99, 4, 98, 1, 13, 56, 97, 59, 45, 8, 73, 37, 35, 79, 71, 66, 76, 32, 60, 80, 58, 6, 67, 61, 33, 7, 57, 34, 12, 16, 10, 46, 96, 88, 43, 81, 91, 2, 84, 29, 92, 19, 51, 55, 89, 75, 25, 22, 38, 72, 62, 0]|[2, 1, 2, 1, 1, 2, 1, 1, 1, 1, 1, 0, 2, 2, 1, 2, 0, 0, 0, 2, 2, 1, 0, 2, 0, 2, 2, 1, 0, 1, 1, 1, 0, 0, 1, 0, 2, 1, 2, 2, 0, 0, 1, 1, 0, 2, 0, 2, 1, 0, 2, 2, 0, 2, 2, 0, 1, 1, 0, 0, 2, 1, 1, 2, 2, 0, 2, 2, 2, 1, 2, 1, 1, 2, 0, 1, 1, 2, 1, 0, 0, 1, 1, 1, 1, 0, 0, 1, 0, 1, 1, 0, 1, 0, 1, 2, 0, 1, 1, 0]|[0, 3, 0, 3, 4, 1, 4, 4, 4, 4, 3, 2, 1, 0, 2, 1, 1, 1, 2, 1, 1, 3, 0, 1, 0, 1, 1, 4, 1, 4, 3, 2, 2, 0, 4, 1, 1, 4, 1, 1, 2, 1, 4, 4, 1, 1, 0, 1, 3, 2, 1, 1, 2, 1, 1, 2, 4, 3, 0, 2, 1, 3, 3, 1, 1, 2, 1, 1, 1, 4, 1, 3, 4, 1, 2, 4, 3, 1, 3, 2, 2, 4, 4, 4, 3, 2, 2, 3, 2, 4, 3, 2, 4, 2, 4, 1, 2, 4, 3, 2]|[0, 2, 0, 0, 3, 0, 1, 3, 1, 0, 2, 0, 1, 0, 1, 0, 0, 0, 1, 0, 0, 2, 0, 0, 1, 0, 0, 3, 0, 1, 0, 2, 0, 0, 3, 0, 1, 1, 0, 0, 0, 0, 1, 3, 0, 0, 1, 0, 2, 0, 0, 0, 0, 0, 1, 0, 1, 0, 1, 1, 0, 2, 0, 0, 0, 0, 0, 0, 0, 2, 0, 0, 1, 0, 0, 1, 0, 0, 3, 0, 0, 1, 2, 2, 0, 0, 0, 3, 0, 1, 0, 0, 1, 0, 3, 0, 0, 1, 0, 0],910.6016522559228,48449.301094637194,107046.1135137847,false
52,G3_TWC,G3_TWC,[31, 22, 42, 15, 26, 58, 95, 82, 77, 12, 47, 5, 93, 78, 98, 54, 85, 63, 18, 44, 20, 35, 43, 97, 91, 76, 10, 30, 21, 45, 71, 64, 1, 23, 17, 83, 24, 61, 60, 36, 6, 57, 94, 88, 65, 56, 79, 40, 67, 68, 46, 75, 38, 9, 19, 32, 81, 41, 27, 62, 87, 90, 99, 59, 11, 16, 72, 73, 70, 39, 37, 84, 3, 92, 25, 74, 28, 29, 51, 7, 53, 14, 86, 48, 89, 50, 66, 96, 33, 80, 4, 2, 55, 49, 0, 52, 13, 8, 69, 34]|[1, 1, 0, 1, 1, 1, 2, 1, 2, 1, 2, 2, 2, 1, 1, 0, 0, 1, 0, 2, 2, 0, 1, 2, 0, 1, 2, 2, 0, 0, 1, 2, 1, 2, 1, 0, 2, 0, 1, 1, 0, 1, 1, 1, 0, 2, 1, 1, 0, 0, 0, 0, 1, 1, 2, 1, 2, 0, 0, 0, 2, 1, 0, 1, 2, 1, 2, 1, 1, 1, 1, 1, 2, 0, 1, 2, 0, 0, 0, 1, 0, 1, 0, 0, 1, 0, 2, 0, 2, 0, 0, 0, 1, 0, 0, 1, 0, 1, 1, 2]|[4, 3, 2, 2, 0, 0, 2, 2, 2, 4, 1, 1, 2, 4, 4, 1, 1, 4, 2, 1, 1, 1, 1, 2, 1, 2, 1, 1, 1, 1, 3, 2, 3, 0, 4, 0, 1, 1, 0, 3, 2, 2, 4, 0, 1, 1, 3, 2, 0, 1, 2, 2, 1, 4, 0, 3, 2, 1, 1, 2, 1, 3, 1, 1, 1, 3, 0, 4, 3, 1, 4, 1, 1, 2, 4, 1, 2, 1, 1, 3, 2, 3, 1, 1, 1, 1, 1, 1, 1, 1, 2, 2, 4, 1, 2, 1, 2, 3, 3, 1]|[0, 2, 1, 1, 3, 3, 0, 1, 0, 0, 0, 0, 1, 0, 1, 0, 0, 3, 1, 0, 0, 0, 3, 1, 0, 2, 0, 0, 0, 1, 0, 0, 0, 0, 3, 0, 1, 0, 0, 2, 1, 1, 2, 0, 0, 0, 0, 1, 1, 0, 0, 0, 1, 3, 0, 0, 1, 0, 0, 1, 0, 2, 0, 1, 0, 2, 1, 0, 0, 1, 1, 3, 0, 1, 3, 0, 1, 0, 0, 2, 1, 0, 0, 0, 1, 0, 0, 0, 0, 0, 1, 0, 3, 1, 0, 1, 0, 2, 0, 0],790.1288712756236,57469.923529589716,88389.24653766045,false
52,G1_CMAX,G1_CMAX,[31, 22, 90, 26, 58, 95, 42, 12, 93, 5, 78, 86, 98, 18, 20, 35, 3, 97, 91, 76, 10, 85, 54, 45, 63, 71, 66, 1, 23, 17, 24, 60, 36, 6, 57, 15, 65, 56, 47, 79, 94, 67, 50, 46, 14, 75, 38, 9, 30, 19, 32, 81, 27, 92, 83, 87, 40, 99, 59, 11, 53, 16, 72, 77, 73, 70, 39, 37, 84, 43, 62, 25, 55, 28, 29, 51, 68, 82, 74, 61, 88, 21, 80, 89, 7, 69, 96, 41, 48, 4, 8, 34, 49, 52, 0, 44, 13, 2, 64, 33]|[1, 1, 1, 1, 0, 2, 1, 1, 2, 2, 2, 1, 0, 1, 2, 2, 1, 2, 0, 1, 2, 2, 2, 0, 0, 1, 2, 1, 2, 1, 2, 1, 1, 0, 1, 1, 0, 2, 2, 1, 1, 0, 0, 0, 0, 1, 1, 1, 1, 2, 1, 2, 2, 0, 0, 2, 1, 0, 0, 2, 0, 1, 2, 2, 1, 1, 1, 1, 1, 1, 0, 1, 1, 0, 0, 0, 0, 0, 2, 1, 1, 0, 0, 1, 1, 1, 2, 2, 0, 1, 1, 2, 0, 1, 0, 0, 0, 0, 2, 2]|[0, 4, 3, 0, 1, 1, 2, 4, 1, 1, 2, 4, 1, 4, 1, 1, 1, 2, 2, 2, 2, 1, 1, 1, 2, 3, 2, 3, 0, 4, 1, 0, 3, 2, 2, 2, 1, 1, 1, 0, 2, 0, 1, 2, 1, 3, 1, 4, 2, 0, 3, 2, 1, 2, 1, 1, 4, 1, 1, 1, 2, 3, 0, 2, 4, 3, 1, 4, 1, 1, 1, 4, 4, 2, 1, 1, 1, 2, 1, 3, 0, 1, 1, 1, 1, 3, 1, 1, 1, 4, 3, 1, 1, 1, 2, 2, 2, 2, 1, 1]|[3, 0, 2, 3, 0, 0, 1, 0, 0, 0, 1, 0, 0, 3, 0, 0, 1, 1, 1, 2, 1, 0, 0, 0, 0, 0, 0, 0, 0, 3, 1, 0, 2, 1, 1, 1, 0, 0, 0, 0, 1, 1, 0, 0, 0, 0, 1, 3, 2, 0, 0, 1, 0, 1, 0, 0, 2, 0, 0, 0, 1, 2, 1, 1, 0, 0, 1, 1, 3, 3, 0, 3, 3, 1, 0, 0, 0, 1, 0, 0, 0, 0, 0, 1, 2, 2, 0, 0, 0, 0, 2, 0, 1, 1, 0, 0, 0, 0, 0, 0],705.0470749739228,58445.79123614564,95781.2895945797,false
52,G4_BALANCED,G2_TEC,[31, 94, 82, 15, 26, 9, 95, 42, 77, 68, 47, 5, 93, 78, 86, 54, 85, 63, 18, 44, 20, 49, 36, 14, 74, 50, 53, 17, 21, 28, 11, 64, 3, 23, 30, 83, 24, 41, 40, 52, 65, 27, 90, 70, 39, 87, 48, 69, 99, 4, 75, 1, 13, 56, 97, 59, 45, 8, 73, 37, 35, 79, 71, 66, 76, 32, 60, 80, 58, 6, 67, 61, 33, 7, 57, 34, 12, 16, 10, 98, 96, 88, 43, 81, 91, 2, 84, 29, 92, 19, 51, 89, 55, 0, 72, 25, 38, 22, 62, 46]|[2, 1, 2, 1, 1, 2, 1, 1, 1, 1, 1, 0, 2, 2, 1, 2, 0, 0, 0, 2, 2, 1, 0, 2, 0, 2, 2, 1, 0, 1, 1, 1, 0, 0, 1, 0, 2, 1, 2, 2, 0, 0, 1, 1, 0, 2, 0, 2, 1, 0, 0, 2, 0, 2, 2, 0, 1, 1, 0, 0, 2, 1, 1, 2, 2, 0, 2, 2, 2, 1, 2, 1, 1, 2, 0, 1, 1, 2, 1, 2, 0, 1, 1, 1, 1, 0, 0, 1, 0, 1, 1, 1, 0, 0, 1, 1, 0, 2, 1, 0]|[0, 3, 0, 3, 4, 1, 4, 4, 4, 4, 3, 2, 1, 0, 2, 1, 1, 1, 2, 1, 1, 3, 0, 1, 0, 1, 1, 4, 1, 4, 3, 2, 2, 0, 4, 1, 1, 4, 1, 1, 2, 1, 4, 4, 1, 1, 0, 1, 3, 2, 2, 1, 2, 1, 1, 2, 4, 3, 0, 2, 1, 3, 3, 1, 1, 2, 1, 1, 1, 4, 1, 3, 4, 1, 2, 4, 3, 1, 3, 1, 2, 4, 4, 4, 3, 2, 2, 3, 2, 4, 3, 4, 2, 2, 4, 4, 2, 1, 3, 2]|[0, 2, 0, 0, 3, 0, 1, 3, 1, 0, 2, 0, 1, 0, 1, 0, 0, 0, 1, 0, 0, 2, 0, 0, 1, 0, 0, 3, 0, 1, 0, 2, 0, 0, 3, 0, 1, 1, 0, 0, 0, 0, 1, 3, 0, 0, 1, 0, 2, 0, 0, 0, 0, 0, 1, 0, 1, 0, 1, 1, 0, 2, 0, 0, 0, 0, 0, 0, 0, 2, 0, 0, 1, 0, 0, 1, 0, 0, 3, 0, 0, 1, 2, 2, 0, 0, 0, 3, 0, 1, 0, 1, 0, 0, 1, 3, 0, 0, 0, 0],899.4114083538459,48620.25103924833,106936.1734177069,true
52,G2_TEC,G2_TEC,[31, 94, 82, 15, 26, 9, 95, 42, 77, 68, 47, 5, 93, 78, 86, 54, 85, 63, 18, 44, 20, 49, 36, 14, 74, 50, 53, 17, 21, 28, 11, 64, 3, 23, 30, 83, 24, 41, 40, 52, 65, 27, 90, 70, 39, 87, 48, 69, 99, 4, 98, 1, 13, 56, 97, 59, 45, 8, 73, 37, 35, 79, 71, 66, 76, 32, 60, 80, 58, 6, 67, 61, 33, 7, 57, 34, 12, 16, 10, 46, 96, 88, 43, 81, 91, 2, 84, 29, 92, 19, 51, 55, 89, 75, 25, 22, 38, 72, 62, 0]|[2, 1, 2, 1, 1, 2, 1, 1, 1, 1, 1, 0, 2, 2, 1, 2, 0, 0, 0, 2, 2, 1, 0, 2, 0, 2, 2, 1, 0, 1, 1, 1, 0, 0, 1, 0, 2, 1, 2, 2, 0, 0, 1, 1, 0, 2, 0, 2, 1, 0, 2, 2, 0, 2, 2, 0, 1, 1, 0, 0, 2, 1, 1, 2, 2, 0, 2, 2, 2, 1, 2, 1, 1, 2, 0, 1, 1, 2, 1, 0, 0, 1, 1, 1, 1, 0, 0, 1, 0, 1, 1, 0, 1, 0, 1, 2, 0, 1, 1, 0]|[0, 3, 0, 3, 4, 1, 4, 4, 4, 4, 3, 2, 1, 0, 2, 1, 1, 1, 2, 1, 1, 3, 0, 1, 0, 1, 1, 4, 1, 4, 3, 2, 2, 0, 4, 1, 1, 4, 1, 1, 2, 1, 4, 4, 1, 1, 0, 1, 3, 2, 1, 1, 2, 1, 1, 2, 4, 3, 0, 2, 1, 3, 3, 1, 1, 2, 1, 1, 1, 4, 1, 3, 4, 1, 2, 4, 3, 1, 3, 2, 2, 4, 4, 4, 3, 2, 2, 3, 2, 4, 3, 2, 4, 2, 4, 1, 2, 4, 3, 2]|[0, 2, 0, 0, 3, 0, 1, 3, 1, 0, 2, 0, 1, 0, 1, 0, 0, 0, 1, 0, 0, 2, 0, 0, 1, 0, 0, 3, 0, 1, 0, 2, 0, 0, 3, 0, 1, 1, 0, 0, 0, 0, 1, 3, 0, 0, 1, 0, 2, 0, 0, 0, 0, 0, 1, 0, 1, 0, 1, 1, 0, 2, 0, 0, 0, 0, 0, 0, 0, 2, 0, 0, 1, 0, 0, 1, 0, 0, 3, 0, 0, 1, 2, 2, 0, 0, 0, 3, 0, 1, 0, 0, 1, 0, 3, 0, 0, 1, 0, 0],910.6016522559228,48449.301094637194,107046.1135137847,false
52,G3_TWC,G3_TWC,[31, 22, 42, 15, 26, 58, 95, 82, 77, 12, 47, 5, 93, 78, 98, 54, 85, 63, 18, 44, 20, 35, 43, 97, 91, 76, 10, 30, 21, 45, 71, 64, 1, 23, 17, 83, 24, 61, 60, 36, 6, 57, 94, 88, 65, 56, 79, 40, 67, 68, 46, 75, 38, 9, 19, 32, 81, 41, 27, 62, 87, 90, 99, 59, 11, 16, 72, 73, 70, 39, 37, 84, 3, 92, 25, 74, 28, 29, 51, 7, 53, 14, 86, 48, 89, 50, 66, 96, 33, 80, 4, 2, 55, 49, 0, 52, 13, 8, 69, 34]|[1, 1, 0, 1, 1, 1, 2, 1, 2, 1, 2, 2, 2, 1, 1, 0, 0, 1, 0, 2, 2, 0, 1, 2, 0, 1, 2, 2, 0, 0, 1, 2, 1, 2, 1, 0, 2, 0, 1, 1, 0, 1, 1, 1, 0, 2, 1, 1, 0, 0, 0, 0, 1, 1, 2, 1, 2, 0, 0, 0, 2, 1, 0, 1, 2, 1, 2, 1, 1, 1, 1, 1, 2, 0, 1, 2, 0, 0, 0, 1, 0, 1, 0, 0, 1, 0, 2, 0, 2, 0, 0, 0, 1, 0, 0, 1, 0, 1, 1, 2]|[4, 3, 2, 2, 0, 0, 2, 2, 2, 4, 1, 1, 2, 4, 4, 1, 1, 4, 2, 1, 1, 1, 1, 2, 1, 2, 1, 1, 1, 1, 3, 2, 3, 0, 4, 0, 1, 1, 0, 3, 2, 2, 4, 0, 1, 1, 3, 2, 0, 1, 2, 2, 1, 4, 0, 3, 2, 1, 1, 2, 1, 3, 1, 1, 1, 3, 0, 4, 3, 1, 4, 1, 1, 2, 4, 1, 2, 1, 1, 3, 2, 3, 1, 1, 1, 1, 1, 1, 1, 1, 2, 2, 4, 1, 2, 1, 2, 3, 3, 1]|[0, 2, 1, 1, 3, 3, 0, 1, 0, 0, 0, 0, 1, 0, 1, 0, 0, 3, 1, 0, 0, 0, 3, 1, 0, 2, 0, 0, 0, 1, 0, 0, 0, 0, 3, 0, 1, 0, 0, 2, 1, 1, 2, 0, 0, 0, 0, 1, 1, 0, 0, 0, 1, 3, 0, 0, 1, 0, 0, 1, 0, 2, 0, 1, 0, 2, 1, 0, 0, 1, 1, 3, 0, 1, 3, 0, 1, 0, 0, 2, 1, 0, 0, 0, 1, 0, 0, 0, 0, 0, 1, 0, 3, 1, 0, 1, 0, 2, 0, 0],790.1288712756236,57469.923529589716,88389.24653766045,false
52,G1_CMAX,G1_CMAX,[31, 22, 90, 26, 58, 95, 42, 12, 93, 5, 78, 86, 98, 18, 20, 35, 3, 97, 91, 76, 10, 85, 54, 45, 63, 71, 66, 1, 23, 17, 24, 60, 36, 6, 57, 15, 65, 56, 47, 79, 94, 67, 50, 46, 14, 75, 38, 9, 30, 19, 32, 81, 27, 92, 83, 87, 40, 99, 59, 11, 53, 16, 72, 77, 73, 70, 39, 37, 84, 43, 62, 25, 55, 28, 29, 51, 68, 82, 74, 61, 88, 21, 80, 89, 7, 69, 96, 41, 48, 4, 8, 34, 49, 52, 0, 44, 13, 2, 64, 33]|[1, 1, 1, 1, 0, 2, 1, 1, 2, 2, 2, 1, 0, 1, 2, 2, 1, 2, 0, 1, 2, 2, 2, 0, 0, 1, 2, 1, 2, 1, 2, 1, 1, 0, 1, 1, 0, 2, 2, 1, 1, 0, 0, 0, 0, 1, 1, 1, 1, 2, 1, 2, 2, 0, 0, 2, 1, 0, 0, 2, 0, 1, 2, 2, 1, 1, 1, 1, 1, 1, 0, 1, 1, 0, 0, 0, 0, 0, 2, 1, 1, 0, 0, 1, 1, 1, 2, 2, 0, 1, 1, 2, 0, 1, 0, 0, 0, 0, 2, 2]|[0, 4, 3, 0, 1, 1, 2, 4, 1, 1, 2, 4, 1, 4, 1, 1, 1, 2, 2, 2, 2, 1, 1, 1, 2, 3, 2, 3, 0, 4, 1, 0, 3, 2, 2, 2, 1, 1, 1, 0, 2, 0, 1, 2, 1, 3, 1, 4, 2, 0, 3, 2, 1, 2, 1, 1, 4, 1, 1, 1, 2, 3, 0, 2, 4, 3, 1, 4, 1, 1, 1, 4, 4, 2, 1, 1, 1, 2, 1, 3, 0, 1, 1, 1, 1, 3, 1, 1, 1, 4, 3, 1, 1, 1, 2, 2, 2, 2, 1, 1]|[3, 0, 2, 3, 0, 0, 1, 0, 0, 0, 1, 0, 0, 3, 0, 0, 1, 1, 1, 2, 1, 0, 0, 0, 0, 0, 0, 0, 0, 3, 1, 0, 2, 1, 1, 1, 0, 0, 0, 0, 1, 1, 0, 0, 0, 0, 1, 3, 2, 0, 0, 1, 0, 1, 0, 0, 2, 0, 0, 0, 1, 2, 1, 1, 0, 0, 1, 1, 3, 3, 0, 3, 3, 1, 0, 0, 0, 1, 0, 0, 0, 0, 0, 1, 2, 2, 0, 0, 0, 0, 2, 0, 1, 1, 0, 0, 0, 0, 0, 0],705.0470749739228,58445.79123614564,95781.2895945797,false
52,G4_BALANCED,G4_BALANCED,[31, 22, 42, 15, 26, 58, 95, 82, 77, 12, 47, 5, 93, 78, 98, 54, 85, 63, 18, 44, 20, 35, 43, 97, 91, 76, 10, 30, 21, 61, 71, 64, 1, 23, 17, 83, 24, 45, 60, 36, 6, 57, 94, 88, 65, 56, 79, 40, 67, 68, 46, 75, 38, 9, 19, 32, 81, 41, 27, 62, 87, 90, 99, 59, 11, 16, 72, 73, 70, 39, 37, 84, 3, 92, 25, 74, 28, 29, 51, 50, 33, 14, 86, 66, 89, 7, 4, 96, 53, 80, 69, 8, 48, 49, 52, 0, 13, 2, 34, 55]|[1, 1, 1, 1, 1, 1, 2, 1, 2, 1, 2, 2, 2, 1, 1, 0, 0, 1, 0, 2, 2, 0, 1, 2, 0, 1, 2, 2, 0, 0, 1, 2, 1, 2, 1, 0, 2, 0, 1, 1, 0, 1, 1, 1, 0, 2, 1, 1, 0, 0, 0, 0, 1, 1, 2, 1, 2, 2, 0, 0, 2, 1, 0, 1, 2, 1, 2, 1, 1, 1, 1, 1, 2, 1, 1, 2, 0, 0, 0, 1, 2, 1, 2, 2, 1, 0, 0, 0, 0, 0, 2, 1, 0, 0, 1, 0, 0, 0, 2, 1]|[4, 3, 2, 2, 0, 0, 2, 2, 2, 4, 1, 1, 2, 4, 4, 1, 1, 4, 2, 1, 1, 1, 1, 2, 1, 2, 1, 1, 1, 1, 3, 2, 3, 0, 4, 0, 1, 1, 0, 3, 2, 2, 4, 0, 1, 1, 0, 2, 0, 1, 2, 2, 1, 4, 0, 3, 2, 1, 1, 2, 1, 3, 1, 1, 1, 3, 0, 4, 3, 1, 4, 1, 1, 4, 4, 1, 2, 1, 1, 3, 1, 3, 1, 1, 1, 1, 2, 1, 2, 1, 1, 3, 1, 1, 1, 2, 2, 2, 1, 4]|[0, 2, 1, 1, 3, 3, 0, 1, 0, 0, 0, 0, 1, 0, 1, 0, 0, 3, 1, 0, 0, 0, 3, 1, 0, 2, 0, 0, 0, 1, 0, 0, 0, 0, 3, 0, 1, 0, 0, 2, 1, 1, 2, 0, 0, 0, 0, 1, 1, 0, 0, 0, 1, 3, 0, 0, 1, 0, 0, 1, 0, 2, 0, 1, 0, 2, 1, 0, 0, 1, 1, 3, 0, 0, 3, 0, 1, 0, 0, 2, 0, 0, 0, 0, 1, 0, 1, 0, 1, 0, 0, 2, 0, 1, 1, 0, 0, 0, 0, 3],726.4647195477412,56848.092206771835,94069.90285494676,false
52,G2_TEC,G2_TEC,[31, 94, 82, 15, 26, 9, 95, 42, 77, 68, 47, 5, 93, 78, 86, 54, 85, 63, 18, 44, 20, 49, 36, 14, 74, 50, 53, 17, 21, 28, 11, 64, 3, 23, 30, 83, 24, 41, 40, 52, 65, 27, 90, 70, 39, 87, 48, 69, 99, 4, 98, 1, 13, 56, 97, 59, 45, 8, 73, 37, 35, 79, 71, 66, 76, 32, 60, 80, 58, 6, 67, 61, 33, 7, 57, 34, 12, 16, 10, 46, 96, 88, 43, 81, 91, 2, 84, 29, 92, 19, 51, 55, 89, 75, 25, 22, 38, 72, 62, 0]|[2, 1, 2, 1, 1, 2, 1, 1, 1, 1, 1, 0, 2, 2, 1, 2, 0, 0, 0, 2, 2, 1, 0, 2, 0, 2, 2, 1, 0, 1, 1, 1, 0, 0, 1, 0, 2, 1, 2, 2, 0, 0, 1, 1, 0, 2, 0, 2, 1, 0, 2, 2, 0, 2, 2, 0, 1, 1, 0, 0, 2, 1, 1, 2, 2, 0, 2, 2, 2, 1, 2, 1, 1, 2, 0, 1, 1, 2, 1, 0, 0, 1, 1, 1, 1, 0, 0, 1, 0, 1, 1, 0, 1, 0, 1, 2, 0, 1, 1, 0]|[0, 3, 0, 3, 4, 1, 4, 4, 4, 4, 3, 2, 1, 0, 2, 1, 1, 1, 2, 1, 1, 3, 0, 1, 0, 1, 1, 4, 1, 4, 3, 2, 2, 0, 4, 1, 1, 4, 1, 1, 2, 1, 4, 4, 1, 1, 0, 1, 3, 2, 1, 1, 2, 1, 1, 2, 4, 3, 0, 2, 1, 3, 3, 1, 1, 2, 1, 1, 1, 4, 1, 3, 4, 1, 2, 4, 3, 1, 3, 2, 2, 4, 4, 4, 3, 2, 2, 3, 2, 4, 3, 2, 4, 2, 4, 1, 2, 4, 3, 2]|[0, 2, 0, 0, 3, 0, 1, 3, 1, 0, 2, 0, 1, 0, 1, 0, 0, 0, 1, 0, 0, 2, 0, 0, 1, 0, 0, 3, 0, 1, 0, 2, 0, 0, 3, 0, 1, 1, 0, 0, 0, 0, 1, 3, 0, 0, 1, 0, 2, 0, 0, 0, 0, 0, 1, 0, 1, 0, 1, 1, 0, 2, 0, 0, 0, 0, 0, 0, 0, 2, 0, 0, 1, 0, 0, 1, 0, 0, 3, 0, 0, 1, 2, 2, 0, 0, 0, 3, 0, 1, 0, 0, 1, 0, 3, 0, 0, 1, 0, 0],910.6016522559228,48449.301094637194,107046.1135137847,false
52,G3_TWC,G3_TWC,[31, 22, 42, 15, 26, 58, 95, 82, 77, 12, 47, 5, 93, 78, 98, 54, 85, 63, 18, 44, 20, 35, 43, 97, 91, 76, 10, 30, 21, 45, 71, 64, 1, 23, 17, 83, 24, 61, 60, 36, 6, 57, 94, 88, 65, 56, 79, 40, 67, 68, 46, 75, 38, 9, 19, 32, 81, 41, 27, 62, 87, 90, 99, 59, 11, 16, 72, 73, 70, 39, 37, 84, 3, 92, 25, 74, 28, 29, 51, 7, 53, 14, 86, 48, 89, 50, 66, 96, 33, 80, 4, 2, 55, 49, 0, 52, 13, 8, 69, 34]|[1, 1, 0, 1, 1, 1, 2, 1, 2, 1, 2, 2, 2, 1, 1, 0, 0, 1, 0, 2, 2, 0, 1, 2, 0, 1, 2, 2, 0, 0, 1, 2, 1, 2, 1, 0, 2, 0, 1, 1, 0, 1, 1, 1, 0, 2, 1, 1, 0, 0, 0, 0, 1, 1, 2, 1, 2, 0, 0, 0, 2, 1, 0, 1, 2, 1, 2, 1, 1, 1, 1, 1, 2, 0, 1, 2, 0, 0, 0, 1, 0, 1, 0, 0, 1, 0, 2, 0, 2, 0, 0, 0, 1, 0, 0, 1, 0, 1, 1, 2]|[4, 3, 2, 2, 0, 0, 2, 2, 2, 4, 1, 1, 2, 4, 4, 1, 1, 4, 2, 1, 1, 1, 1, 2, 1, 2, 1, 1, 1, 1, 3, 2, 3, 0, 4, 0, 1, 1, 0, 3, 2, 2, 4, 0, 1, 1, 3, 2, 0, 1, 2, 2, 1, 4, 0, 3, 2, 1, 1, 2, 1, 3, 1, 1, 1, 3, 0, 4, 3, 1, 4, 1, 1, 2, 4, 1, 2, 1, 1, 3, 2, 3, 1, 1, 1, 1, 1, 1, 1, 1, 2, 2, 4, 1, 2, 1, 2, 3, 3, 1]|[0, 2, 1, 1, 3, 3, 0, 1, 0, 0, 0, 0, 1, 0, 1, 0, 0, 3, 1, 0, 0, 0, 3, 1, 0, 2, 0, 0, 0, 1, 0, 0, 0, 0, 3, 0, 1, 0, 0, 2, 1, 1, 2, 0, 0, 0, 0, 1, 1, 0, 0, 0, 1, 3, 0, 0, 1, 0, 0, 1, 0, 2, 0, 1, 0, 2, 1, 0, 0, 1, 1, 3, 0, 1, 3, 0, 1, 0, 0, 2, 1, 0, 0, 0, 1, 0, 0, 0, 0, 0, 1, 0, 3, 1, 0, 1, 0, 2, 0, 0],790.1288712756236,57469.923529589716,88389.24653766045,false
52,G1_CMAX,G1_CMAX,[31, 22, 90, 26, 58, 95, 42, 12, 93, 5, 78, 86, 98, 18, 20, 35, 3, 97, 91, 76, 10, 85, 54, 45, 63, 71, 66, 1, 23, 17, 24, 60, 36, 6, 57, 15, 65, 56, 47, 79, 94, 67, 50, 46, 14, 75, 38, 9, 30, 19, 32, 81, 27, 92, 83, 87, 40, 99, 59, 11, 53, 16, 72, 77, 73, 70, 39, 37, 84, 43, 62, 25, 55, 28, 29, 51, 68, 82, 74, 61, 88, 21, 80, 89, 7, 69, 96, 41, 48, 4, 8, 34, 49, 52, 0, 44, 13, 2, 64, 33]|[1, 1, 1, 1, 0, 2, 1, 1, 2, 2, 2, 1, 0, 1, 2, 2, 1, 2, 0, 1, 2, 2, 2, 0, 0, 1, 2, 1, 2, 1, 2, 1, 1, 0, 1, 1, 0, 2, 2, 1, 1, 0, 0, 0, 0, 1, 1, 1, 1, 2, 1, 2, 2, 0, 0, 2, 1, 0, 0, 2, 0, 1, 2, 2, 1, 1, 1, 1, 1, 1, 0, 1, 1, 0, 0, 0, 0, 0, 2, 1, 1, 0, 0, 1, 1, 1, 2, 2, 0, 1, 1, 2, 0, 1, 0, 0, 0, 0, 2, 2]|[0, 4, 3, 0, 1, 1, 2, 4, 1, 1, 2, 4, 1, 4, 1, 1, 1, 2, 2, 2, 2, 1, 1, 1, 2, 3, 2, 3, 0, 4, 1, 0, 3, 2, 2, 2, 1, 1, 1, 0, 2, 0, 1, 2, 1, 3, 1, 4, 2, 0, 3, 2, 1, 2, 1, 1, 4, 1, 1, 1, 2, 3, 0, 2, 4, 3, 1, 4, 1, 1, 1, 4, 4, 2, 1, 1, 1, 2, 1, 3, 0, 1, 1, 1, 1, 3, 1, 1, 1, 4, 3, 1, 1, 1, 2, 2, 2, 2, 1, 1]|[3, 0, 2, 3, 0, 0, 1, 0, 0, 0, 1, 0, 0, 3, 0, 0, 1, 1, 1, 2, 1, 0, 0, 0, 0, 0, 0, 0, 0, 3, 1, 0, 2, 1, 1, 1, 0, 0, 0, 0, 1, 1, 0, 0, 0, 0, 1, 3, 2, 0, 0, 1, 0, 1, 0, 0, 2, 0, 0, 0, 1, 2, 1, 1, 0, 0, 1, 1, 3, 3, 0, 3, 3, 1, 0, 0, 0, 1, 0, 0, 0, 0, 0, 1, 2, 2, 0, 0, 0, 0, 2, 0, 1, 1, 0, 0, 0, 0, 0, 0],705.0470749739228,58445.79123614564,95781.2895945797,false
52,G4_BALANCED,G4_BALANCED,[31, 22, 82, 15, 26, 58, 95, 42, 77, 12, 47, 5, 93, 78, 86, 54, 85, 63, 18, 72, 20, 35, 43, 97, 91, 76, 10, 30, 21, 45, 71, 64, 1, 23, 17, 83, 24, 14, 60, 36, 6, 57, 40, 88, 65, 56, 79, 94, 67, 41, 68, 75, 38, 9, 19, 32, 81, 46, 27, 62, 87, 90, 99, 59, 11, 16, 44, 73, 70, 39, 37, 84, 3, 92, 25, 55, 28, 29, 51, 7, 66, 61, 98, 48, 89, 50, 4, 96, 53, 80, 8, 33, 34, 2, 52, 13, 0, 69, 74, 49]|[1, 1, 0, 1, 1, 0, 1, 1, 2, 1, 2, 2, 2, 1, 1, 0, 0, 1, 0, 2, 2, 0, 0, 2, 0, 1, 2, 2, 0, 0, 1, 2, 1, 2, 1, 0, 2, 0, 1, 1, 0, 1, 1, 1, 0, 2, 1, 1, 0, 0, 0, 0, 1, 1, 2, 1, 2, 0, 0, 2, 2, 1, 1, 2, 2, 1, 2, 1, 1, 1, 1, 1, 1, 0, 1, 2, 0, 0, 0, 1, 2, 1, 2, 0, 1, 0, 1, 2, 0, 0, 1, 2, 2, 0, 1, 0, 0, 1, 2, 0]|[4, 3, 2, 2, 4, 1, 2, 3, 2, 4, 1, 1, 2, 4, 4, 1, 2, 4, 2, 1, 1, 1, 1, 2, 1, 2, 1, 1, 2, 1, 3, 2, 3, 1, 4, 0, 1, 1, 0, 3, 2, 2, 2, 0, 1, 1, 0, 4, 0, 1, 2, 2, 1, 4, 0, 3, 2, 1, 1, 1, 1, 3, 1, 1, 1, 3, 1, 4, 3, 1, 4, 1, 1, 0, 4, 1, 2, 1, 1, 1, 1, 3, 1, 1, 1, 1, 4, 1, 2, 1, 3, 1, 1, 2, 1, 2, 2, 4, 1, 1]|[0, 2, 1, 1, 3, 0, 1, 3, 0, 0, 0, 0, 1, 0, 1, 0, 0, 3, 1, 0, 0, 0, 0, 1, 0, 2, 0, 0, 0, 1, 0, 0, 0, 0, 3, 0, 1, 0, 0, 2, 1, 1, 1, 0, 0, 0, 0, 2, 1, 0, 0, 0, 1, 3, 0, 0, 1, 0, 0, 0, 0, 2, 1, 0, 0, 2, 0, 0, 0, 1, 1, 3, 1, 1, 3, 0, 1, 0, 0, 2, 0, 0, 0, 0, 1, 0, 0, 0, 1, 0, 2, 0, 0, 0, 1, 0, 0, 2, 0, 1],768.4240206329376,55583.744981747914,94915.74988971672,false
52,G2_TEC,G2_TEC,[31, 94, 82, 15, 26, 9, 95, 42, 77, 68, 47, 5, 93, 78, 86, 54, 85, 63, 18, 44, 20, 49, 36, 14, 74, 50, 53, 17, 21, 28, 11, 64, 3, 23, 30, 83, 24, 41, 40, 52, 65, 27, 90, 70, 39, 87, 48, 69, 99, 4, 98, 1, 13, 56, 97, 59, 45, 8, 73, 37, 35, 79, 71, 66, 76, 32, 60, 80, 58, 6, 67, 61, 33, 7, 57, 34, 12, 16, 10, 46, 96, 88, 43, 81, 91, 2, 84, 29, 92, 19, 51, 55, 89, 75, 25, 22, 38, 72, 62, 0]|[2, 1, 2, 1, 1, 2, 1, 1, 1, 1, 1, 0, 2, 2, 1, 2, 0, 0, 0, 2, 2, 1, 0, 2, 0, 2, 2, 1, 0, 1, 1, 1, 0, 0, 1, 0, 2, 1, 2, 2, 0, 0, 1, 1, 0, 2, 0, 2, 1, 0, 2, 2, 0, 2, 2, 0, 1, 1, 0, 0, 2, 1, 1, 2, 2, 0, 2, 2, 2, 1, 2, 1, 1, 2, 0, 1, 1, 2, 1, 0, 0, 1, 1, 1, 1, 0, 0, 1, 0, 1, 1, 0, 1, 0, 1, 2, 0, 1, 1, 0]|[0, 3, 0, 3, 4, 1, 4, 4, 4, 4, 3, 2, 1, 0, 2, 1, 1, 1, 2, 1, 1, 3, 0, 1, 0, 1, 1, 4, 1, 4, 3, 2, 2, 0, 4, 1, 1, 4, 1, 1, 2, 1, 4, 4, 1, 1, 0, 1, 3, 2, 1, 1, 2, 1, 1, 2, 4, 3, 0, 2, 1, 3, 3, 1, 1, 2, 1, 1, 1, 4, 1, 3, 4, 1, 2, 4, 3, 1, 3, 2, 2, 4, 4, 4, 3, 2, 2, 3, 2, 4, 3, 2, 4, 2, 4, 1, 2, 4, 3, 2]|[0, 2, 0, 0, 3, 0, 1, 3, 1, 0, 2, 0, 1, 0, 1, 0, 0, 0, 1, 0, 0, 2, 0, 0, 1, 0, 0, 3, 0, 1, 0, 2, 0, 0, 3, 0, 1, 1, 0, 0, 0, 0, 1, 3, 0, 0, 1, 0, 2, 0, 0, 0, 0, 0, 1, 0, 1, 0, 1, 1, 0, 2, 0, 0, 0, 0, 0, 0, 0, 2, 0, 0, 1, 0, 0, 1, 0, 0, 3, 0, 0, 1, 2, 2, 0, 0, 0, 3, 0, 1, 0, 0, 1, 0, 3, 0, 0, 1, 0, 0],910.6016522559228,48449.301094637194,107046.1135137847,false
52,G3_TWC,G3_TWC,[31, 22, 42, 15, 26, 58, 95, 82, 77, 12, 47, 5, 93, 78, 98, 54, 85, 63, 18, 44, 20, 35, 43, 97, 91, 76, 10, 30, 21, 45, 71, 64, 1, 23, 17, 83, 24, 61, 60, 49, 6, 57, 94, 88, 65, 56, 79, 40, 67, 68, 46, 75, 38, 9, 19, 32, 81, 41, 27, 62, 87, 90, 99, 59, 11, 16, 72, 73, 70, 39, 37, 84, 3, 92, 25, 74, 28, 29, 51, 7, 53, 14, 86, 48, 89, 50, 66, 96, 33, 80, 4, 8, 0, 36, 55, 52, 13, 2, 69, 34]|[1, 1, 0, 1, 1, 1, 2, 1, 2, 1, 2, 2, 2, 1, 1, 0, 0, 1, 0, 2, 2, 0, 1, 2, 0, 1, 2, 2, 0, 0, 1, 2, 1, 2, 1, 0, 2, 0, 1, 1, 0, 1, 1, 1, 0, 2, 1, 1, 0, 0, 0, 0, 1, 1, 2, 1, 2, 0, 0, 0, 2, 1, 0, 1, 2, 1, 2, 1, 1, 1, 1, 1, 2, 0, 1, 2, 0, 0, 0, 1, 0, 1, 0, 0, 1, 0, 0, 0, 2, 0, 0, 1, 0, 0, 1, 1, 0, 0, 1, 2]|[4, 3, 2, 2, 0, 0, 2, 2, 2, 4, 1, 1, 2, 4, 4, 1, 1, 4, 2, 1, 1, 1, 1, 2, 1, 2, 1, 1, 1, 1, 3, 2, 3, 0, 4, 0, 1, 1, 0, 3, 2, 2, 4, 0, 1, 1, 3, 2, 0, 1, 2, 2, 1, 4, 0, 3, 2, 1, 1, 2, 1, 3, 1, 1, 1, 3, 0, 4, 3, 1, 4, 1, 1, 2, 4, 1, 2, 1, 1, 3, 2, 3, 1, 1, 1, 1, 1, 1, 1, 1, 2, 3, 2, 1, 4, 1, 2, 2, 3, 1]|[0, 2, 1, 1, 3, 3, 0, 1, 0, 0, 0, 0, 1, 0, 1, 0, 0, 3, 1, 0, 0, 0, 3, 1, 0, 2, 0, 0, 0, 1, 0, 0, 0, 0, 3, 0, 1, 0, 0, 2, 1, 1, 2, 0, 0, 0, 0, 1, 1, 0, 0, 0, 1, 3, 0, 0, 1, 0, 0, 1, 0, 2, 0, 1, 0, 2, 1, 0, 0, 1, 1, 3, 0, 1, 3, 0, 1, 0, 0, 2, 1, 0, 0, 0, 1, 0, 0, 0, 0, 0, 1, 2, 0, 1, 3, 1, 0, 0, 0, 0],800.9906219655827,57627.59269545303,87853.25113417773,false
52,G1_CMAX,G1_CMAX,[31, 22, 90, 26, 58, 95, 42, 12, 93, 5, 78, 86, 98, 18, 20, 35, 3, 97, 91, 76, 10, 85, 54, 45, 63, 71, 66, 1, 23, 17, 24, 60, 36, 6, 57, 15, 65, 56, 47, 79, 94, 67, 50, 46, 14, 75, 38, 9, 30, 19, 32, 81, 27, 92, 83, 87, 40, 99, 59, 11, 53, 16, 72, 77, 73, 70, 39, 37, 84, 43, 62, 25, 55, 28, 29, 51, 68, 82, 74, 61, 88, 21, 80, 89, 7, 69, 96, 41, 48, 4, 8, 34, 49, 52, 0, 44, 13, 2, 64, 33]|[1, 1, 1, 1, 0, 2, 1, 1, 2, 2, 2, 1, 0, 1, 2, 2, 1, 2, 0, 1, 2, 2, 2, 0, 0, 1, 2, 1, 2, 1, 2, 1, 1, 0, 1, 1, 0, 2, 2, 1, 1, 0, 0, 0, 0, 1, 1, 1, 1, 2, 1, 2, 2, 0, 0, 2, 1, 0, 0, 2, 0, 1, 2, 2, 1, 1, 1, 1, 1, 1, 0, 1, 1, 0, 0, 0, 0, 0, 2, 1, 1, 0, 0, 1, 1, 1, 2, 2, 0, 1, 1, 2, 0, 1, 0, 0, 0, 0, 2, 2]|[0, 4, 3, 0, 1, 1, 2, 4, 1, 1, 2, 4, 1, 4, 1, 1, 1, 2, 2, 2, 2, 1, 1, 1, 2, 3, 2, 3, 0, 4, 1, 0, 3, 2, 2, 2, 1, 1, 1, 0, 2, 0, 1, 2, 1, 3, 1, 4, 2, 0, 3, 2, 1, 2, 1, 1, 4, 1, 1, 1, 2, 3, 0, 2, 4, 3, 1, 4, 1, 1, 1, 4, 4, 2, 1, 1, 1, 2, 1, 3, 0, 1, 1, 1, 1, 3, 1, 1, 1, 4, 3, 1, 1, 1, 2, 2, 2, 2, 1, 1]|[3, 0, 2, 3, 0, 0, 1, 0, 0, 0, 1, 0, 0, 3, 0, 0, 1, 1, 1, 2, 1, 0, 0, 0, 0, 0, 0, 0, 0, 3, 1, 0, 2, 1, 1, 1, 0, 0, 0, 0, 1, 1, 0, 0, 0, 0, 1, 3, 2, 0, 0, 1, 0, 1, 0, 0, 2, 0, 0, 0, 1, 2, 1, 1, 0, 0, 1, 1, 3, 3, 0, 3, 3, 1, 0, 0, 0, 1, 0, 0, 0, 0, 0, 1, 2, 2, 0, 0, 0, 0, 2, 0, 1, 1, 0, 0, 0, 0, 0, 0],705.0470749739228,58445.79123614564,95781.2895945797,false
52,G4_BALANCED,G4_BALANCED,[31, 22, 82, 15, 26, 99, 95, 42, 77, 12, 47, 5, 93, 78, 86, 54, 21, 63, 18, 44, 20, 23, 43, 97, 91, 76, 10, 30, 85, 45, 71, 64, 1, 35, 17, 83, 24, 14, 60, 36, 6, 57, 40, 88, 65, 56, 79, 94, 67, 68, 46, 75, 38, 9, 19, 32, 41, 81, 27, 87, 90, 58, 59, 62, 11, 16, 72, 73, 39, 37, 84, 3, 92, 25, 55, 48, 70, 29, 51, 96, 33, 61, 98, 66, 89, 50, 4, 7, 53, 80, 8, 28, 34, 49, 52, 0, 74, 69, 2, 13]|[2, 1, 0, 1, 1, 0, 1, 1, 2, 1, 2, 2, 2, 1, 1, 0, 0, 1, 0, 2, 2, 0, 1, 2, 0, 1, 2, 2, 0, 0, 1, 2, 1, 2, 1, 0, 2, 0, 1, 1, 0, 1, 1, 1, 0, 2, 1, 1, 0, 0, 0, 0, 1, 1, 2, 1, 0, 2, 0, 2, 1, 0, 1, 0, 2, 1, 2, 1, 1, 1, 1, 1, 0, 1, 2, 0, 1, 0, 0, 2, 2, 1, 2, 2, 1, 0, 1, 1, 0, 0, 1, 0, 2, 0, 1, 0, 2, 1, 0, 0]|[1, 3, 2, 2, 4, 1, 2, 3, 2, 4, 1, 1, 2, 4, 4, 1, 1, 4, 2, 1, 1, 1, 1, 2, 1, 2, 1, 1, 2, 1, 3, 1, 3, 1, 4, 0, 1, 1, 0, 3, 2, 2, 2, 0, 1, 1, 0, 4, 0, 1, 2, 2, 1, 4, 0, 3, 1, 1, 1, 1, 3, 1, 1, 2, 1, 3, 0, 4, 1, 4, 1, 1, 2, 4, 1, 1, 3, 1, 1, 1, 1, 3, 1, 1, 1, 1, 4, 3, 2, 1, 3, 2, 1, 1, 1, 2, 1, 4, 2, 2]|[0, 2, 1, 1, 3, 0, 1, 3, 0, 0, 0, 0, 1, 0, 1, 0, 0, 3, 1, 0, 0, 0, 3, 1, 0, 2, 0, 0, 0, 1, 0, 0, 0, 0, 3, 0, 1, 0, 0, 2, 1, 1, 1, 0, 0, 0, 0, 2, 1, 0, 0, 0, 1, 3, 0, 0, 0, 0, 0, 0, 2, 0, 1, 1, 0, 2, 1, 0, 1, 1, 3, 1, 1, 3, 0, 0, 0, 0, 0, 0, 0, 0, 0, 0, 1, 0, 0, 2, 1, 0, 2, 1, 0, 1, 1, 0, 0, 2, 0, 0],757.0396004785916,56129.652691911746,91492.16283940467,false
52,G2_TEC,G2_TEC,[31, 94, 82, 15, 26, 9, 95, 42, 77, 68, 47, 5, 93, 78, 86, 54, 85, 63, 18, 44, 20, 49, 36, 14, 74, 50, 53, 17, 21, 28, 11, 64, 3, 23, 30, 83, 24, 41, 40, 52, 65, 27, 90, 70, 39, 87, 48, 69, 99, 4, 98, 1, 13, 56, 97, 59, 45, 8, 73, 37, 35, 79, 71, 66, 76, 32, 60, 80, 58, 6, 67, 61, 33, 7, 57, 34, 12, 16, 10, 46, 96, 88, 43, 81, 91, 2, 84, 29, 92, 19, 51, 55, 89, 75, 25, 22, 38, 72, 62, 0]|[2, 1, 2, 1, 1, 2, 1, 1, 1, 1, 1, 0, 2, 2, 1, 2, 0, 0, 0, 2, 2, 1, 0, 2, 0, 2, 2, 1, 0, 1, 1, 1, 0, 0, 1, 0, 2, 1, 2, 2, 0, 0, 1, 1, 0, 2, 0, 2, 1, 0, 2, 2, 0, 2, 2, 0, 1, 1, 0, 0, 2, 1, 1, 2, 2, 0, 2, 2, 2, 1, 2, 1, 1, 2, 0, 1, 1, 2, 1, 0, 0, 1, 1, 1, 1, 0, 0, 1, 0, 1, 1, 0, 1, 0, 1, 2, 0, 1, 1, 0]|[0, 3, 0, 3, 4, 1, 4, 4, 4, 4, 3, 2, 1, 0, 2, 1, 1, 1, 2, 1, 1, 3, 0, 1, 0, 1, 1, 4, 1, 4, 3, 2, 2, 0, 4, 1, 1, 4, 1, 1, 2, 1, 4, 4, 1, 1, 0, 1, 3, 2, 1, 1, 2, 1, 1, 2, 4, 3, 0, 2, 1, 3, 3, 1, 1, 2, 1, 1, 1, 4, 1, 3, 4, 1, 2, 4, 3, 1, 3, 2, 2, 4, 4, 4, 3, 2, 2, 3, 2, 4, 3, 2, 4, 2, 4, 1, 2, 4, 3, 2]|[0, 2, 0, 0, 3, 0, 1, 3, 1, 0, 2, 0, 1, 0, 1, 0, 0, 0, 1, 0, 0, 2, 0, 0, 1, 0, 0, 3, 0, 1, 0, 2, 0, 0, 3, 0, 1, 1, 0, 0, 0, 0, 1, 3, 0, 0, 1, 0, 2, 0, 0, 0, 0, 0, 1, 0, 1, 0, 1, 1, 0, 2, 0, 0, 0, 0, 0, 0, 0, 2, 0, 0, 1, 0, 0, 1, 0, 0, 3, 0, 0, 1, 2, 2, 0, 0, 0, 3, 0, 1, 0, 0, 1, 0, 3, 0, 0, 1, 0, 0],910.6016522559228,48449.301094637194,107046.1135137847,false
52,G3_TWC,G3_TWC,[31, 22, 42, 15, 26, 58, 95, 82, 77, 12, 47, 5, 93, 78, 98, 54, 85, 63, 18, 44, 20, 35, 43, 97, 91, 76, 10, 30, 21, 45, 71, 64, 1, 23, 17, 83, 24, 61, 60, 49, 6, 57, 94, 88, 65, 56, 79, 40, 67, 68, 46, 75, 38, 9, 19, 32, 81, 41, 27, 62, 87, 90, 99, 59, 11, 16, 72, 73, 70, 39, 37, 84, 3, 92, 25, 74, 28, 29, 51, 7, 53, 14, 86, 48, 89, 50, 66, 96, 33, 80, 4, 8, 0, 36, 55, 52, 13, 2, 69, 34]|[1, 1, 0, 1, 1, 1, 2, 1, 2, 1, 2, 2, 2, 1, 1, 0, 0, 1, 0, 2, 2, 0, 1, 2, 0, 1, 2, 2, 0, 0, 1, 2, 1, 2, 1, 0, 2, 0, 1, 1, 0, 1, 1, 1, 0, 2, 1, 1, 0, 0, 0, 0, 1, 1, 2, 1, 2, 0, 0, 0, 2, 1, 0, 1, 2, 1, 2, 1, 1, 1, 1, 1, 2, 0, 1, 2, 0, 0, 0, 1, 0, 1, 0, 0, 1, 0, 0, 0, 2, 0, 0, 1, 0, 0, 1, 1, 0, 0, 1, 2]|[4, 3, 2, 2, 0, 0, 2, 2, 2, 4, 1, 1, 2, 4, 4, 1, 1, 4, 2, 1, 1, 1, 1, 2, 1, 2, 1, 1, 1, 1, 3, 2, 3, 0, 4, 0, 1, 1, 0, 3, 2, 2, 4, 0, 1, 1, 3, 2, 0, 1, 2, 2, 1, 4, 0, 3, 2, 1, 1, 2, 1, 3, 1, 1, 1, 3, 0, 4, 3, 1, 4, 1, 1, 2, 4, 1, 2, 1, 1, 3, 2, 3, 1, 1, 1, 1, 1, 1, 1, 1, 2, 3, 2, 1, 4, 1, 2, 2, 3, 1]|[0, 2, 1, 1, 3, 3, 0, 1, 0, 0, 0, 0, 1, 0, 1, 0, 0, 3, 1, 0, 0, 0, 3, 1, 0, 2, 0, 0, 0, 1, 0, 0, 0, 0, 3, 0, 1, 0, 0, 2, 1, 1, 2, 0, 0, 0, 0, 1, 1, 0, 0, 0, 1, 3, 0, 0, 1, 0, 0, 1, 0, 2, 0, 1, 0, 2, 1, 0, 0, 1, 1, 3, 0, 1, 3, 0, 1, 0, 0, 2, 1, 0, 0, 0, 1, 0, 0, 0, 0, 0, 1, 2, 0, 1, 3, 1, 0, 0, 0, 0],800.9906219655827,57627.59269545303,87853.25113417773,false
52,G1_CMAX,G1_CMAX,[31, 22, 90, 26, 58, 95, 42, 12, 93, 5, 78, 86, 98, 18, 20, 35, 3, 97, 91, 76, 10, 85, 54, 45, 63, 71, 66, 1, 23, 17, 24, 60, 36, 6, 57, 15, 65, 56, 47, 79, 94, 67, 50, 46, 14, 75, 38, 9, 30, 19, 32, 81, 27, 92, 83, 87, 40, 99, 59, 11, 53, 16, 72, 77, 73, 70, 39, 37, 84, 43, 62, 25, 55, 28, 29, 51, 68, 82, 74, 61, 88, 21, 80, 89, 7, 69, 96, 41, 48, 4, 8, 34, 49, 52, 0, 44, 13, 2, 64, 33]|[1, 1, 1, 1, 0, 2, 1, 1, 2, 2, 2, 1, 0, 1, 2, 2, 1, 2, 0, 1, 2, 2, 2, 0, 0, 1, 2, 1, 2, 1, 2, 1, 1, 0, 1, 1, 0, 2, 2, 1, 1, 0, 0, 0, 0, 1, 1, 1, 1, 2, 1, 2, 2, 0, 0, 2, 1, 0, 0, 2, 0, 1, 2, 2, 1, 1, 1, 1, 1, 1, 0, 1, 1, 0, 0, 0, 0, 0, 2, 1, 1, 0, 0, 1, 1, 1, 2, 2, 0, 1, 1, 2, 0, 1, 0, 0, 0, 0, 2, 2]|[0, 4, 3, 0, 1, 1, 2, 4, 1, 1, 2, 4, 1, 4, 1, 1, 1, 2, 2, 2, 2, 1, 1, 1, 2, 3, 2, 3, 0, 4, 1, 0, 3, 2, 2, 2, 1, 1, 1, 0, 2, 0, 1, 2, 1, 3, 1, 4, 2, 0, 3, 2, 1, 2, 1, 1, 4, 1, 1, 1, 2, 3, 0, 2, 4, 3, 1, 4, 1, 1, 1, 4, 4, 2, 1, 1, 1, 2, 1, 3, 0, 1, 1, 1, 1, 3, 1, 1, 1, 4, 3, 1, 1, 1, 2, 2, 2, 2, 1, 1]|[3, 0, 2, 3, 0, 0, 1, 0, 0, 0, 1, 0, 0, 3, 0, 0, 1, 1, 1, 2, 1, 0, 0, 0, 0, 0, 0, 0, 0, 3, 1, 0, 2, 1, 1, 1, 0, 0, 0, 0, 1, 1, 0, 0, 0, 0, 1, 3, 2, 0, 0, 1, 0, 1, 0, 0, 2, 0, 0, 0, 1, 2, 1, 1, 0, 0, 1, 1, 3, 3, 0, 3, 3, 1, 0, 0, 0, 1, 0, 0, 0, 0, 0, 1, 2, 2, 0, 0, 0, 0, 2, 0, 1, 1, 0, 0, 0, 0, 0, 0],705.0470749739228,58445.79123614564,95781.2895945797,false
52,G4_BALANCED,G3_TWC,[31, 22, 42, 15, 26, 58, 95, 82, 77, 12, 47, 5, 93, 78, 98, 54, 85, 63, 18, 44, 20, 35, 43, 97, 91, 76, 10, 30, 21, 45, 71, 64, 1, 23, 17, 83, 24, 61, 60, 36, 6, 57, 94, 88, 65, 56, 79, 40, 67, 68, 46, 75, 38, 9, 19, 32, 81, 41, 27, 62, 87, 90, 99, 59, 11, 16, 72, 73, 70, 39, 37, 84, 3, 92, 25, 55, 28, 29, 51, 7, 53, 14, 86, 66, 89, 50, 48, 96, 33, 80, 4, 8, 74, 49, 0, 52, 13, 2, 69, 34]|[1, 1, 0, 1, 1, 1, 2, 1, 2, 1, 2, 2, 2, 1, 1, 0, 0, 1, 0, 2, 2, 0, 1, 2, 0, 1, 2, 2, 0, 0, 1, 2, 1, 2, 1, 0, 2, 0, 1, 1, 0, 1, 1, 1, 0, 2, 1, 1, 0, 0, 0, 0, 1, 1, 2, 1, 2, 0, 0, 0, 2, 1, 0, 1, 2, 1, 2, 1, 1, 1, 1, 1, 2, 0, 1, 1, 0, 0, 0, 1, 0, 1, 0, 2, 1, 0, 0, 2, 2, 0, 0, 1, 2, 0, 0, 1, 0, 0, 1, 2]|[4, 3, 2, 2, 0, 0, 2, 2, 2, 4, 1, 1, 2, 4, 4, 1, 1, 4, 2, 1, 1, 1, 1, 2, 1, 2, 1, 1, 1, 1, 3, 2, 3, 0, 4, 0, 1, 1, 0, 3, 2, 2, 4, 0, 1, 1, 3, 2, 0, 1, 2, 2, 1, 4, 0, 3, 2, 1, 1, 2, 1, 3, 1, 1, 1, 3, 0, 4, 3, 1, 4, 1, 1, 2, 4, 4, 2, 1, 1, 3, 2, 3, 1, 1, 1, 1, 1, 1, 1, 1, 2, 3, 1, 1, 2, 1, 2, 2, 3, 1]|[0, 2, 1, 1, 3, 3, 0, 1, 0, 0, 0, 0, 1, 0, 1, 0, 0, 3, 1, 0, 0, 0, 3, 1, 0, 2, 0, 0, 0, 1, 0, 0, 0, 0, 3, 0, 1, 0, 0, 2, 1, 1, 2, 0, 0, 0, 0, 1, 1, 0, 0, 0, 1, 3, 0, 0, 1, 0, 0, 1, 0, 2, 0, 1, 0, 2, 1, 0, 0, 1, 1, 3, 0, 1, 3, 3, 1, 0, 0, 2, 1, 0, 0, 0, 1, 0, 0, 0, 0, 0, 1, 2, 0, 1, 0, 1, 0, 0, 0, 0],772.5006570758799,57377.06005258893,89166.24863525451,true
52,G2_TEC,G2_TEC,[31, 94, 82, 15, 26, 9, 95, 42, 77, 68, 47, 5, 93, 78, 86, 54, 85, 63, 18, 44, 20, 49, 36, 14, 74, 50, 53, 17, 21, 28, 11, 64, 3, 23, 30, 83, 24, 41, 40, 52, 65, 27, 90, 70, 39, 87, 48, 69, 99, 4, 98, 1, 13, 56, 97, 59, 45, 8, 73, 37, 35, 79, 71, 66, 76, 32, 60, 80, 58, 6, 67, 61, 33, 7, 57, 34, 12, 16, 10, 46, 96, 88, 43, 81, 91, 2, 84, 29, 92, 19, 51, 55, 89, 75, 25, 22, 38, 72, 62, 0]|[2, 1, 2, 1, 1, 2, 1, 1, 1, 1, 1, 0, 2, 2, 1, 2, 0, 0, 0, 2, 2, 1, 0, 2, 0, 2, 2, 1, 0, 1, 1, 1, 0, 0, 1, 0, 2, 1, 2, 2, 0, 0, 1, 1, 0, 2, 0, 2, 1, 0, 2, 2, 0, 2, 2, 0, 1, 1, 0, 0, 2, 1, 1, 2, 2, 0, 2, 2, 2, 1, 2, 1, 1, 2, 0, 1, 1, 2, 1, 0, 0, 1, 1, 1, 1, 0, 0, 1, 0, 1, 1, 0, 1, 0, 1, 2, 0, 1, 1, 0]|[0, 3, 0, 3, 4, 1, 4, 4, 4, 4, 3, 2, 1, 0, 2, 1, 1, 1, 2, 1, 1, 3, 0, 1, 0, 1, 1, 4, 1, 4, 3, 2, 2, 0, 4, 1, 1, 4, 1, 1, 2, 1, 4, 4, 1, 1, 0, 1, 3, 2, 1, 1, 2, 1, 1, 2, 4, 3, 0, 2, 1, 3, 3, 1, 1, 2, 1, 1, 1, 4, 1, 3, 4, 1, 2, 4, 3, 1, 3, 2, 2, 4, 4, 4, 3, 2, 2, 3, 2, 4, 3, 2, 4, 2, 4, 1, 2, 4, 3, 2]|[0, 2, 0, 0, 3, 0, 1, 3, 1, 0, 2, 0, 1, 0, 1, 0, 0, 0, 1, 0, 0, 2, 0, 0, 1, 0, 0, 3, 0, 1, 0, 2, 0, 0, 3, 0, 1, 1, 0, 0, 0, 0, 1, 3, 0, 0, 1, 0, 2, 0, 0, 0, 0, 0, 1, 0, 1, 0, 1, 1, 0, 2, 0, 0, 0, 0, 0, 0, 0, 2, 0, 0, 1, 0, 0, 1, 0, 0, 3, 0, 0, 1, 2, 2, 0, 0, 0, 3, 0, 1, 0, 0, 1, 0, 3, 0, 0, 1, 0, 0],910.6016522559228,48449.301094637194,107046.1135137847,false
52,G3_TWC,G3_TWC,[31, 22, 42, 15, 26, 58, 95, 82, 77, 12, 47, 5, 93, 78, 98, 54, 85, 63, 18, 44, 20, 35, 43, 97, 91, 76, 10, 30, 21, 45, 71, 64, 1, 23, 17, 83, 24, 61, 60, 49, 6, 57, 94, 88, 65, 56, 79, 40, 67, 68, 46, 75, 38, 9, 19, 32, 81, 41, 27, 62, 87, 90, 99, 59, 11, 16, 72, 73, 70, 39, 37, 84, 3, 92, 25, 74, 28, 29, 51, 7, 53, 14, 86, 48, 89, 50, 66, 96, 33, 80, 4, 8, 0, 36, 55, 52, 13, 2, 69, 34]|[1, 1, 0, 1, 1, 1, 2, 1, 2, 1, 2, 2, 2, 1, 1, 0, 0, 1, 0, 2, 2, 0, 1, 2, 0, 1, 2, 2, 0, 0, 1, 2, 1, 2, 1, 0, 2, 0, 1, 1, 0, 1, 1, 1, 0, 2, 1, 1, 0, 0, 0, 0, 1, 1, 2, 1, 2, 0, 0, 0, 2, 1, 0, 1, 2, 1, 2, 1, 1, 1, 1, 1, 2, 0, 1, 2, 0, 0, 0, 1, 0, 1, 0, 0, 1, 0, 0, 0, 2, 0, 0, 1, 0, 0, 1, 1, 0, 0, 1, 2]|[4, 3, 2, 2, 0, 0, 2, 2, 2, 4, 1, 1, 2, 4, 4, 1, 1, 4, 2, 1, 1, 1, 1, 2, 1, 2, 1, 1, 1, 1, 3, 2, 3, 0, 4, 0, 1, 1, 0, 3, 2, 2, 4, 0, 1, 1, 3, 2, 0, 1, 2, 2, 1, 4, 0, 3, 2, 1, 1, 2, 1, 3, 1, 1, 1, 3, 0, 4, 3, 1, 4, 1, 1, 2, 4, 1, 2, 1, 1, 3, 2, 3, 1, 1, 1, 1, 1, 1, 1, 1, 2, 3, 2, 1, 4, 1, 2, 2, 3, 1]|[0, 2, 1, 1, 3, 3, 0, 1, 0, 0, 0, 0, 1, 0, 1, 0, 0, 3, 1, 0, 0, 0, 3, 1, 0, 2, 0, 0, 0, 1, 0, 0, 0, 0, 3, 0, 1, 0, 0, 2, 1, 1, 2, 0, 0, 0, 0, 1, 1, 0, 0, 0, 1, 3, 0, 0, 1, 0, 0, 1, 0, 2, 0, 1, 0, 2, 1, 0, 0, 1, 1, 3, 0, 1, 3, 0, 1, 0, 0, 2, 1, 0, 0, 0, 1, 0, 0, 0, 0, 0, 1, 2, 0, 1, 3, 1, 0, 0, 0, 0],800.9906219655827,57627.59269545303,87853.25113417773,false
52,G1_CMAX,G1_CMAX,[31, 22, 90, 26, 58, 95, 42, 12, 93, 5, 78, 86, 98, 18, 20, 35, 3, 97, 91, 76, 10, 85, 54, 45, 63, 71, 66, 1, 23, 17, 24, 60, 36, 6, 57, 15, 65, 56, 47, 79, 94, 67, 50, 46, 14, 75, 38, 9, 30, 19, 32, 81, 27, 92, 83, 87, 40, 99, 59, 11, 53, 16, 72, 77, 73, 70, 39, 37, 84, 43, 62, 25, 55, 28, 29, 51, 68, 82, 74, 61, 88, 21, 80, 89, 7, 69, 96, 41, 48, 4, 8, 34, 49, 52, 0, 44, 13, 2, 64, 33]|[1, 1, 1, 1, 0, 2, 1, 1, 2, 2, 2, 1, 0, 1, 2, 2, 1, 2, 0, 1, 2, 2, 2, 0, 0, 1, 2, 1, 2, 1, 2, 1, 1, 0, 1, 1, 0, 2, 2, 1, 1, 0, 0, 0, 0, 1, 1, 1, 1, 2, 1, 2, 2, 0, 0, 2, 1, 0, 0, 2, 0, 1, 2, 2, 1, 1, 1, 1, 1, 1, 0, 1, 1, 0, 0, 0, 0, 0, 2, 1, 1, 0, 0, 1, 1, 1, 2, 2, 0, 1, 1, 2, 0, 1, 0, 0, 0, 0, 2, 2]|[0, 4, 3, 0, 1, 1, 2, 4, 1, 1, 2, 4, 1, 4, 1, 1, 1, 2, 2, 2, 2, 1, 1, 1, 2, 3, 2, 3, 0, 4, 1, 0, 3, 2, 2, 2, 1, 1, 1, 0, 2, 0, 1, 2, 1, 3, 1, 4, 2, 0, 3, 2, 1, 2, 1, 1, 4, 1, 1, 1, 2, 3, 0, 2, 4, 3, 1, 4, 1, 1, 1, 4, 4, 2, 1, 1, 1, 2, 1, 3, 0, 1, 1, 1, 1, 3, 1, 1, 1, 4, 3, 1, 1, 1, 2, 2, 2, 2, 1, 1]|[3, 0, 2, 3, 0, 0, 1, 0, 0, 0, 1, 0, 0, 3, 0, 0, 1, 1, 1, 2, 1, 0, 0, 0, 0, 0, 0, 0, 0, 3, 1, 0, 2, 1, 1, 1, 0, 0, 0, 0, 1, 1, 0, 0, 0, 0, 1, 3, 2, 0, 0, 1, 0, 1, 0, 0, 2, 0, 0, 0, 1, 2, 1, 1, 0, 0, 1, 1, 3, 3, 0, 3, 3, 1, 0, 0, 0, 1, 0, 0, 0, 0, 0, 1, 2, 2, 0, 0, 0, 0, 2, 0, 1, 1, 0, 0, 0, 0, 0, 0],705.0470749739228,58445.79123614564,95781.2895945797,false
52,G4_BALANCED,G4_BALANCED,[31, 11, 82, 15, 26, 9, 95, 42, 77, 68, 47, 5, 93, 78, 86, 54, 85, 63, 18, 44, 20, 35, 43, 97, 91, 76, 10, 30, 21, 45, 71, 64, 1, 23, 17, 83, 24, 14, 60, 36, 6, 57, 40, 88, 65, 56, 79, 94, 67, 12, 46, 75, 38, 99, 19, 32, 41, 81, 27, 87, 90, 58, 59, 22, 16, 72, 73, 70, 39, 37, 84, 3, 92, 62, 25, 96, 28, 29, 51, 7, 33, 61, 98, 66, 89, 50, 48, 80, 53, 55, 4, 8, 34, 2, 52, 49, 13, 0, 69, 74]|[1, 1, 0, 1, 1, 0, 1, 2, 2, 0, 2, 2, 2, 1, 1, 0, 0, 1, 0, 2, 2, 0, 1, 2, 0, 1, 2, 2, 0, 0, 1, 2, 1, 2, 1, 0, 2, 0, 1, 1, 0, 1, 1, 1, 0, 2, 1, 1, 0, 0, 0, 0, 1, 1, 2, 1, 0, 2, 0, 2, 1, 0, 1, 2, 1, 2, 1, 1, 1, 1, 0, 1, 1, 0, 1, 2, 1, 0, 0, 2, 2, 1, 2, 2, 1, 0, 0, 0, 0, 2, 1, 1, 2, 0, 1, 0, 0, 0, 1, 2]|[4, 3, 2, 2, 4, 1, 2, 2, 2, 1, 1, 1, 2, 4, 4, 1, 1, 4, 2, 1, 1, 1, 1, 1, 1, 2, 1, 1, 2, 1, 3, 2, 3, 1, 4, 0, 1, 1, 0, 3, 2, 2, 2, 0, 1, 1, 0, 4, 0, 1, 2, 2, 1, 4, 0, 3, 1, 1, 1, 1, 3, 1, 1, 1, 3, 0, 4, 4, 1, 4, 2, 3, 1, 2, 4, 1, 4, 1, 1, 1, 1, 3, 1, 1, 1, 1, 1, 1, 2, 1, 4, 3, 1, 2, 1, 1, 2, 2, 4, 1]|[0, 2, 1, 1, 3, 0, 1, 0, 0, 0, 0, 0, 1, 0, 1, 0, 0, 3, 1, 0, 0, 0, 3, 1, 0, 2, 0, 0, 0, 1, 0, 0, 0, 0, 3, 0, 1, 0, 0, 2, 1, 1, 1, 0, 0, 0, 0, 2, 1, 0, 0, 0, 1, 3, 0, 0, 0, 0, 0, 0, 2, 0, 1, 0, 2, 1, 0, 0, 1, 1, 0, 0, 1, 1, 3, 0, 1, 0, 0, 0, 0, 0, 0, 0, 1, 0, 0, 0, 1, 0, 0, 2, 0, 0, 1, 1, 0, 0, 2, 0],802.7683906830428,54918.424968562234,100102.9253477918,false
52,G2_TEC,G2_TEC,[31, 22, 82, 15, 26, 9, 95, 42, 77, 68, 47, 5, 93, 78, 86, 54, 85, 63, 18, 44, 20, 49, 36, 14, 74, 50, 53, 17, 21, 28, 11, 64, 3, 23, 30, 83, 24, 41, 40, 52, 65, 27, 90, 70, 39, 87, 48, 69, 99, 4, 75, 1, 13, 58, 97, 59, 45, 8, 73, 37, 35, 79, 71, 66, 76, 32, 60, 80, 56, 6, 67, 61, 33, 7, 57, 34, 12, 16, 10, 98, 96, 88, 43, 81, 91, 2, 84, 29, 92, 19, 51, 55, 89, 46, 72, 94, 25, 38, 62, 0]|[2, 1, 1, 1, 1, 2, 1, 1, 1, 1, 1, 0, 2, 2, 1, 2, 0, 0, 0, 2, 2, 1, 0, 2, 0, 2, 2, 1, 0, 1, 1, 1, 0, 0, 1, 0, 2, 1, 2, 2, 0, 0, 1, 1, 1, 2, 0, 2, 1, 0, 0, 2, 0, 2, 2, 0, 1, 1, 0, 0, 2, 1, 1, 2, 2, 0, 2, 2, 2, 1, 2, 1, 1, 2, 0, 1, 1, 2, 1, 2, 0, 1, 1, 1, 1, 0, 0, 1, 0, 1, 1, 0, 0, 0, 1, 2, 1, 0, 1, 0]|[0, 3, 3, 3, 4, 1, 4, 4, 4, 4, 3, 2, 1, 0, 2, 1, 1, 1, 2, 1, 1, 3, 0, 1, 0, 1, 1, 4, 1, 4, 3, 2, 2, 0, 4, 1, 1, 4, 1, 1, 2, 1, 4, 4, 3, 1, 0, 1, 3, 2, 2, 1, 2, 1, 1, 2, 4, 3, 0, 2, 1, 3, 3, 1, 1, 2, 1, 1, 1, 4, 1, 3, 4, 1, 2, 4, 3, 1, 3, 1, 2, 4, 4, 4, 3, 2, 2, 3, 2, 4, 3, 2, 2, 2, 4, 1, 4, 2, 3, 2]|[0, 2, 0, 0, 3, 0, 1, 3, 1, 0, 2, 0, 1, 0, 1, 0, 0, 0, 1, 0, 0, 2, 0, 0, 1, 0, 0, 3, 0, 1, 0, 2, 0, 0, 3, 0, 1, 1, 0, 0, 0, 0, 1, 3, 0, 0, 1, 0, 2, 0, 0, 0, 0, 0, 1, 0, 1, 0, 1, 1, 0, 2, 0, 0, 0, 0, 0, 0, 0, 2, 0, 0, 1, 0, 0, 1, 0, 0, 3, 0, 0, 1, 2, 2, 0, 0, 0, 3, 0, 1, 0, 0, 0, 0, 1, 0, 3, 0, 0, 0],897.942352521518,49021.439331035835,105486.42725713672,false
52,G3_TWC,G3_TWC,[31, 22, 42, 15, 26, 58, 95, 82, 77, 12, 47, 5, 93, 78, 98, 54, 85, 63, 18, 44, 20, 35, 43, 97, 91, 76, 10, 30, 21, 45, 71, 64, 1, 23, 17, 83, 24, 61, 60, 49, 6, 57, 94, 88, 65, 56, 79, 40, 67, 68, 46, 75, 38, 9, 19, 32, 81, 41, 27, 62, 87, 90, 99, 59, 11, 16, 72, 73, 70, 39, 37, 84, 3, 92, 25, 74, 28, 29, 51, 7, 53, 14, 86, 48, 89, 50, 66, 96, 33, 80, 4, 8, 0, 36, 55, 52, 13, 2, 69, 34]|[1, 1, 0, 1, 1, 1, 2, 1, 2, 1, 2, 2, 2, 1, 1, 0, 0, 1, 0, 2, 2, 0, 1, 2, 0, 1, 2, 2, 0, 0, 1, 2, 1, 2, 1, 0, 2, 0, 1, 1, 0, 1, 1, 1, 0, 2, 1, 1, 0, 0, 0, 0, 1, 1, 2, 1, 2, 0, 0, 0, 2, 1, 0, 1, 2, 1, 2, 1, 1, 1, 1, 1, 2, 0, 1, 2, 0, 0, 0, 1, 0, 1, 0, 0, 1, 0, 0, 0, 2, 0, 0, 1, 0, 0, 1, 1, 0, 0, 1, 2]|[4, 3, 2, 2, 0, 0, 2, 2, 2, 4, 1, 1, 2, 4, 4, 1, 1, 4, 2, 1, 1, 1, 1, 2, 1, 2, 1, 1, 1, 1, 3, 2, 3, 0, 4, 0, 1, 1, 0, 3, 2, 2, 4, 0, 1, 1, 3, 2, 0, 1, 2, 2, 1, 4, 0, 3, 2, 1, 1, 2, 1, 3, 1, 1, 1, 3, 0, 4, 3, 1, 4, 1, 1, 2, 4, 1, 2, 1, 1, 3, 2, 3, 1, 1, 1, 1, 1, 1, 1, 1, 2, 3, 2, 1, 4, 1, 2, 2, 3, 1]|[0, 2, 1, 1, 3, 3, 0, 1, 0, 0, 0, 0, 1, 0, 1, 0, 0, 3, 1, 0, 0, 0, 3, 1, 0, 2, 0, 0, 0, 1, 0, 0, 0, 0, 3, 0, 1, 0, 0, 2, 1, 1, 2, 0, 0, 0, 0, 1, 1, 0, 0, 0, 1, 3, 0, 0, 1, 0, 0, 1, 0, 2, 0, 1, 0, 2, 1, 0, 0, 1, 1, 3, 0, 1, 3, 0, 1, 0, 0, 2, 1, 0, 0, 0, 1, 0, 0, 0, 0, 0, 1, 2, 0, 1, 3, 1, 0, 0, 0, 0],800.9906219655827,57627.59269545303,87853.25113417773,false
52,G1_CMAX,G4_BALANCED,[31, 22, 42, 15, 26, 58, 95, 82, 77, 12, 47, 5, 93, 78, 98, 54, 85, 63, 18, 44, 20, 35, 43, 97, 91, 76, 10, 30, 21, 45, 71, 64, 1, 23, 17, 83, 24, 61, 60, 36, 6, 57, 94, 88, 65, 56, 79, 40, 67, 68, 46, 75, 38, 9, 19, 32, 81, 41, 27, 62, 87, 90, 99, 59, 11, 16, 72, 73, 70, 39, 37, 84, 3, 92, 25, 74, 28, 29, 51, 7, 53, 14, 86, 48, 89, 50, 66, 96, 33, 80, 4, 8, 55, 49, 69, 52, 13, 2, 0, 34]|[1, 1, 0, 1, 1, 1, 2, 1, 2, 1, 2, 2, 2, 1, 1, 0, 0, 1, 0, 2, 2, 0, 1, 2, 0, 1, 2, 2, 0, 0, 1, 2, 1, 2, 1, 0, 2, 0, 1, 1, 0, 1, 1, 2, 0, 2, 1, 1, 0, 0, 0, 0, 1, 1, 2, 1, 2, 0, 0, 0, 2, 1, 0, 1, 2, 1, 2, 1, 1, 1, 1, 1, 2, 0, 1, 2, 0, 0, 0, 1, 0, 1, 0, 0, 1, 0, 0, 0, 2, 0, 0, 1, 1, 0, 1, 1, 0, 0, 0, 2]|[4, 3, 2, 2, 0, 0, 2, 2, 2, 4, 1, 1, 2, 4, 4, 1, 1, 4, 2, 1, 1, 1, 1, 2, 1, 2, 1, 1, 1, 1, 3, 2, 3, 0, 4, 0, 1, 1, 0, 3, 2, 2, 4, 1, 1, 1, 3, 2, 0, 1, 2, 2, 1, 4, 0, 3, 2, 1, 1, 2, 1, 3, 1, 1, 1, 3, 0, 4, 3, 1, 4, 1, 1, 2, 4, 1, 2, 1, 1, 3, 2, 3, 1, 1, 1, 1, 1, 1, 1, 1, 2, 3, 4, 1, 3, 1, 2, 2, 2, 1]|[0, 2, 1, 1, 3, 3, 0, 1, 0, 0, 0, 0, 1, 0, 1, 0, 0, 3, 1, 0, 0, 0, 3, 1, 0, 2, 0, 0, 0, 1, 0, 0, 0, 0, 3, 0, 1, 0, 0, 2, 1, 1, 2, 0, 0, 0, 0, 1, 1, 0, 0, 0, 1, 3, 0, 0, 1, 0, 0, 1, 0, 2, 0, 1, 0, 2, 1, 0, 0, 1, 1, 3, 0, 1, 3, 0, 1, 0, 0, 2, 1, 0, 0, 0, 1, 0, 0, 0, 0, 0, 1, 2, 3, 1, 0, 1, 0, 0, 0, 0],802.3365233122864,57307.77335074926,88842.95055024613,true
52,G4_BALANCED,G3_TWC,[31, 22, 42, 15, 26, 58, 95, 82, 77, 12, 47, 5, 93, 78, 98, 54, 85, 63, 18, 44, 20, 35, 43, 97, 91, 76, 10, 30, 21, 45, 71, 64, 1, 23, 17, 83, 24, 61, 60, 36, 6, 57, 94, 88, 65, 56, 79, 40, 67, 68, 46, 75, 38, 9, 19, 32, 81, 41, 27, 62, 87, 90, 99, 59, 11, 16, 72, 73, 70, 39, 37, 84, 3, 92, 25, 74, 28, 29, 51, 7, 53, 14, 86, 48, 89, 50, 66, 96, 33, 80, 8, 4, 0, 49, 55, 52, 13, 2, 69, 34]|[1, 1, 0, 1, 1, 1, 2, 1, 2, 1, 2, 2, 2, 1, 1, 0, 0, 1, 0, 2, 2, 0, 1, 2, 0, 1, 2, 2, 0, 0, 1, 2, 1, 2, 1, 0, 2, 0, 1, 1, 0, 1, 1, 1, 0, 2, 1, 1, 0, 0, 0, 0, 1, 1, 2, 1, 2, 0, 0, 0, 2, 1, 0, 1, 2, 1, 2, 1, 1, 1, 1, 1, 2, 0, 1, 2, 0, 0, 0, 1, 2, 1, 0, 0, 1, 0, 2, 0, 0, 0, 1, 0, 0, 0, 1, 1, 0, 0, 1, 2]|[4, 3, 2, 2, 0, 0, 2, 2, 2, 4, 1, 1, 2, 4, 4, 1, 1, 4, 2, 1, 1, 1, 1, 2, 1, 2, 1, 1, 1, 1, 3, 2, 3, 0, 4, 0, 1, 1, 0, 3, 2, 2, 4, 0, 1, 1, 3, 2, 0, 1, 2, 2, 1, 4, 0, 3, 2, 1, 1, 2, 1, 3, 1, 1, 1, 3, 0, 4, 3, 1, 4, 1, 1, 2, 4, 1, 2, 1, 1, 3, 1, 3, 1, 1, 1, 1, 1, 1, 2, 1, 3, 2, 2, 1, 4, 1, 2, 2, 3, 1]|[0, 2, 1, 1, 3, 3, 0, 1, 0, 0, 0, 0, 1, 0, 1, 0, 0, 3, 1, 0, 0, 0, 3, 1, 0, 2, 0, 0, 0, 1, 0, 0, 0, 0, 3, 0, 1, 0, 0, 2, 1, 1, 2, 0, 0, 0, 0, 1, 1, 0, 0, 0, 1, 3, 0, 0, 1, 0, 0, 1, 0, 2, 0, 1, 0, 2, 1, 0, 0, 1, 1, 3, 0, 1, 3, 0, 1, 0, 0, 2, 0, 0, 0, 0, 1, 0, 0, 0, 1, 0, 2, 1, 0, 1, 3, 1, 0, 0, 0, 0],788.4950890301735,57213.3259799927,89289.80476567603,true
52,G2_TEC,G2_TEC,[31, 22, 82, 15, 26, 9, 95, 42, 77, 68, 47, 5, 93, 78, 86, 54, 85, 63, 18, 44, 20, 49, 36, 14, 74, 50, 53, 17, 21, 28, 11, 64, 3, 23, 30, 83, 24, 41, 40, 52, 65, 27, 90, 70, 39, 87, 48, 69, 99, 4, 75, 1, 13, 58, 97, 59, 45, 8, 73, 37, 35, 79, 71, 66, 76, 32, 60, 80, 56, 6, 67, 61, 33, 7, 57, 34, 12, 16, 10, 98, 96, 88, 43, 81, 91, 2, 84, 29, 92, 19, 51, 55, 89, 46, 72, 94, 25, 38, 62, 0]|[2, 1, 1, 1, 1, 2, 1, 1, 1, 1, 1, 0, 2, 2, 1, 2, 0, 0, 0, 2, 2, 1, 0, 2, 0, 2, 2, 1, 0, 1, 1, 1, 0, 0, 1, 0, 2, 1, 2, 2, 0, 0, 1, 1, 1, 2, 0, 2, 1, 0, 0, 2, 0, 2, 2, 0, 1, 1, 0, 0, 2, 1, 1, 2, 2, 0, 2, 2, 2, 1, 2, 1, 1, 2, 0, 1, 1, 2, 1, 2, 0, 1, 1, 1, 1, 0, 0, 1, 0, 1, 1, 0, 0, 0, 1, 2, 1, 0, 1, 0]|[0, 3, 3, 3, 4, 1, 4, 4, 4, 4, 3, 2, 1, 0, 2, 1, 1, 1, 2, 1, 1, 3, 0, 1, 0, 1, 1, 4, 1, 4, 3, 2, 2, 0, 4, 1, 1, 4, 1, 1, 2, 1, 4, 4, 3, 1, 0, 1, 3, 2, 2, 1, 2, 1, 1, 2, 4, 3, 0, 2, 1, 3, 3, 1, 1, 2, 1, 1, 1, 4, 1, 3, 4, 1, 2, 4, 3, 1, 3, 1, 2, 4, 4, 4, 3, 2, 2, 3, 2, 4, 3, 2, 2, 2, 4, 1, 4, 2, 3, 2]|[0, 2, 0, 0, 3, 0, 1, 3, 1, 0, 2, 0, 1, 0, 1, 0, 0, 0, 1, 0, 0, 2, 0, 0, 1, 0, 0, 3, 0, 1, 0, 2, 0, 0, 3, 0, 1, 1, 0, 0, 0, 0, 1, 3, 0, 0, 1, 0, 2, 0, 0, 0, 0, 0, 1, 0, 1, 0, 1, 1, 0, 2, 0, 0, 0, 0, 0, 0, 0, 2, 0, 0, 1, 0, 0, 1, 0, 0, 3, 0, 0, 1, 2, 2, 0, 0, 0, 3, 0, 1, 0, 0, 0, 0, 1, 0, 3, 0, 0, 0],897.942352521518,49021.439331035835,105486.42725713672,false
52,G3_TWC,G3_TWC,[31, 22, 42, 15, 26, 58, 95, 82, 77, 12, 47, 5, 93, 78, 98, 54, 85, 63, 18, 44, 20, 35, 43, 97, 91, 76, 10, 30, 21, 45, 71, 64, 1, 23, 17, 83, 24, 61, 60, 49, 6, 57, 94, 88, 65, 56, 79, 40, 67, 68, 46, 75, 38, 9, 19, 32, 81, 41, 27, 62, 87, 90, 99, 59, 11, 16, 72, 73, 70, 39, 37, 84, 3, 92, 25, 74, 28, 29, 51, 7, 53, 14, 86, 48, 89, 50, 66, 96, 33, 80, 4, 8, 0, 36, 55, 52, 13, 2, 69, 34]|[1, 1, 0, 1, 1, 1, 2, 1, 2, 1, 2, 2, 2, 1, 1, 0, 0, 1, 0, 2, 2, 0, 1, 2, 0, 1, 2, 2, 0, 0, 1, 2, 1, 2, 1, 0, 2, 0, 1, 1, 0, 1, 1, 1, 0, 2, 1, 1, 0, 0, 0, 0, 1, 1, 2, 1, 2, 0, 0, 0, 2, 1, 0, 1, 2, 1, 2, 1, 1, 1, 1, 1, 2, 0, 1, 2, 0, 0, 0, 1, 0, 1, 0, 0, 1, 0, 0, 0, 2, 0, 0, 1, 0, 0, 1, 1, 0, 0, 1, 2]|[4, 3, 2, 2, 0, 0, 2, 2, 2, 4, 1, 1, 2, 4, 4, 1, 1, 4, 2, 1, 1, 1, 1, 2, 1, 2, 1, 1, 1, 1, 3, 2, 3, 0, 4, 0, 1, 1, 0, 3, 2, 2, 4, 0, 1, 1, 3, 2, 0, 1, 2, 2, 1, 4, 0, 3, 2, 1, 1, 2, 1, 3, 1, 1, 1, 3, 0, 4, 3, 1, 4, 1, 1, 2, 4, 1, 2, 1, 1, 3, 2, 3, 1, 1, 1, 1, 1, 1, 1, 1, 2, 3, 2, 1, 4, 1, 2, 2, 3, 1]|[0, 2, 1, 1, 3, 3, 0, 1, 0, 0, 0, 0, 1, 0, 1, 0, 0, 3, 1, 0, 0, 0, 3, 1, 0, 2, 0, 0, 0, 1, 0, 0, 0, 0, 3, 0, 1, 0, 0, 2, 1, 1, 2, 0, 0, 0, 0, 1, 1, 0, 0, 0, 1, 3, 0, 0, 1, 0, 0, 1, 0, 2, 0, 1, 0, 2, 1, 0, 0, 1, 1, 3, 0, 1, 3, 0, 1, 0, 0, 2, 1, 0, 0, 0, 1, 0, 0, 0, 0, 0, 1, 2, 0, 1, 3, 1, 0, 0, 0, 0],800.9906219655827,57627.59269545303,87853.25113417773,false
52,G1_CMAX,G1_CMAX,[31, 11, 82, 15, 26, 9, 95, 42, 77, 68, 47, 5, 93, 78, 86, 54, 85, 63, 18, 44, 20, 49, 36, 14, 74, 50, 53, 17, 21, 45, 71, 64, 3, 23, 30, 83, 24, 41, 60, 52, 65, 27, 90, 70, 39, 87, 48, 69, 99, 4, 46, 1, 13, 58, 97, 59, 28, 75, 73, 37, 35, 79, 22, 66, 76, 32, 40, 80, 96, 6, 62, 84, 81, 92, 25, 94, 19, 29, 51, 7, 91, 61, 98, 33, 89, 67, 12, 55, 72, 57, 8, 10, 34, 56, 43, 0, 2, 88, 38, 16]|[2, 1, 2, 1, 1, 1, 1, 2, 1, 1, 1, 0, 2, 2, 1, 0, 0, 1, 0, 2, 2, 0, 0, 2, 0, 1, 2, 2, 0, 1, 1, 1, 1, 0, 1, 0, 2, 1, 2, 2, 0, 0, 1, 1, 0, 2, 2, 2, 1, 0, 0, 2, 0, 1, 0, 0, 1, 1, 0, 0, 2, 1, 0, 2, 2, 1, 2, 2, 1, 1, 1, 0, 2, 0, 1, 2, 1, 0, 1, 2, 1, 1, 2, 1, 1, 0, 0, 0, 1, 0, 1, 0, 1, 2, 1, 0, 2, 1, 0, 2]|[0, 3, 0, 2, 4, 0, 4, 2, 2, 4, 3, 2, 1, 0, 2, 1, 2, 4, 2, 1, 1, 1, 0, 1, 0, 2, 1, 1, 1, 4, 3, 2, 3, 0, 4, 1, 1, 4, 0, 1, 2, 1, 3, 0, 1, 1, 1, 2, 3, 1, 2, 1, 2, 4, 1, 2, 4, 3, 0, 2, 2, 0, 1, 0, 1, 3, 0, 1, 3, 1, 4, 2, 2, 2, 4, 1, 4, 1, 3, 1, 3, 3, 1, 4, 4, 1, 2, 2, 4, 2, 3, 1, 4, 1, 4, 2, 1, 3, 2, 1]|[0, 2, 0, 1, 3, 3, 1, 0, 0, 0, 2, 0, 1, 0, 1, 0, 0, 3, 1, 0, 0, 0, 0, 0, 1, 2, 0, 0, 0, 1, 0, 2, 0, 1, 3, 0, 1, 3, 0, 0, 0, 0, 2, 0, 0, 0, 0, 0, 2, 0, 0, 0, 0, 3, 0, 0, 1, 0, 1, 1, 0, 0, 0, 0, 0, 2, 1, 0, 0, 1, 1, 0, 1, 0, 3, 0, 3, 0, 0, 0, 0, 0, 0, 1, 1, 0, 1, 0, 2, 0, 2, 0, 1, 0, 2, 0, 0, 0, 0, 0],836.0442072634031,54729.0834847965,121676.84165182203,false
52,G4_BALANCED,G4_BALANCED,[31, 11, 82, 15, 26, 9, 95, 42, 77, 68, 47, 5, 93, 78, 86, 54, 85, 63, 76, 44, 20, 49, 36, 14, 74, 50, 53, 25, 21, 28, 71, 64, 3, 23, 30, 83, 24, 41, 60, 52, 65, 27, 90, 70, 39, 87, 48, 69, 99, 4, 46, 1, 13, 58, 97, 59, 33, 8, 73, 37, 35, 79, 22, 66, 18, 32, 40, 80, 96, 6, 16, 61, 45, 7, 57, 34, 12, 67, 10, 98, 56, 88, 29, 75, 91, 38, 19, 92, 43, 84, 2, 72, 81, 17, 51, 55, 0, 89, 94, 62]|[2, 1, 2, 1, 1, 2, 1, 1, 1, 1, 1, 0, 2, 2, 1, 2, 0, 0, 0, 2, 2, 1, 0, 2, 0, 2, 2, 1, 0, 1, 1, 1, 0, 0, 1, 0, 2, 1, 2, 2, 0, 0, 1, 1, 0, 2, 0, 2, 1, 0, 0, 2, 0, 0, 2, 0, 1, 1, 0, 0, 2, 1, 0, 2, 2, 0, 2, 2, 0, 1, 2, 1, 1, 2, 0, 1, 1, 1, 1, 2, 2, 1, 1, 0, 1, 0, 1, 0, 1, 0, 2, 1, 1, 1, 1, 0, 0, 1, 2, 1]|[0, 3, 0, 2, 4, 1, 4, 4, 2, 4, 3, 2, 1, 0, 2, 1, 1, 1, 2, 1, 1, 3, 0, 1, 0, 1, 1, 4, 1, 4, 3, 2, 2, 0, 4, 1, 1, 4, 0, 1, 2, 1, 4, 4, 1, 1, 0, 2, 3, 1, 2, 1, 2, 1, 1, 2, 4, 3, 0, 2, 2, 3, 1, 0, 1, 2, 0, 1, 2, 4, 1, 3, 4, 1, 2, 4, 3, 3, 3, 1, 1, 4, 3, 2, 3, 2, 4, 2, 4, 2, 1, 4, 1, 4, 3, 2, 2, 4, 1, 3]|[0, 2, 0, 1, 3, 0, 1, 3, 0, 0, 2, 0, 1, 0, 1, 0, 0, 0, 1, 0, 0, 2, 0, 0, 1, 0, 0, 3, 0, 1, 0, 2, 0, 1, 3, 0, 1, 3, 1, 0, 0, 0, 1, 3, 0, 0, 1, 0, 2, 0, 0, 0, 0, 0, 1, 0, 1, 0, 1, 1, 0, 2, 0, 0, 0, 0, 0, 0, 0, 2, 0, 0, 1, 0, 0, 1, 0, 0, 3, 0, 0, 1, 0, 0, 0, 0, 3, 0, 2, 0, 0, 2, 1, 3, 0, 0, 0, 1, 0, 0],848.1161249092097,51934.83458349109,107480.51805341724,false
52,G2_TEC,G3_TWC,[31, 22, 42, 15, 26, 58, 95, 82, 77, 12, 47, 5, 93, 78, 98, 54, 85, 63, 18, 44, 20, 35, 43, 97, 91, 76, 10, 30, 21, 45, 71, 64, 1, 23, 17, 83, 24, 61, 60, 36, 6, 57, 94, 88, 65, 56, 79, 40, 67, 68, 46, 75, 38, 9, 19, 32, 81, 41, 27, 62, 87, 90, 99, 59, 11, 16, 72, 73, 70, 39, 37, 84, 3, 96, 25, 55, 28, 29, 51, 7, 33, 14, 86, 48, 89, 50, 66, 92, 53, 80, 4, 8, 34, 49, 52, 0, 13, 2, 69, 74]|[1, 1, 0, 1, 1, 1, 2, 1, 2, 1, 2, 2, 2, 1, 1, 0, 0, 1, 0, 2, 2, 0, 1, 2, 0, 1, 2, 2, 0, 0, 1, 2, 1, 2, 1, 0, 2, 0, 1, 1, 0, 1, 1, 1, 0, 2, 1, 1, 0, 0, 0, 0, 1, 1, 2, 1, 2, 0, 0, 0, 2, 1, 0, 1, 2, 1, 2, 1, 1, 1, 1, 1, 2, 0, 1, 1, 0, 0, 0, 1, 2, 1, 0, 0, 1, 0, 2, 0, 0, 0, 0, 1, 2, 0, 1, 0, 0, 0, 1, 2]|[4, 3, 2, 2, 0, 0, 2, 2, 2, 4, 1, 1, 2, 4, 4, 1, 1, 4, 2, 1, 1, 1, 1, 2, 1, 2, 1, 1, 1, 1, 3, 2, 3, 1, 4, 0, 1, 1, 0, 3, 2, 2, 4, 0, 1, 1, 3, 2, 0, 1, 2, 2, 1, 4, 0, 3, 2, 1, 1, 2, 1, 3, 1, 1, 1, 3, 0, 4, 3, 1, 4, 1, 1, 1, 4, 4, 2, 1, 1, 3, 1, 3, 1, 1, 1, 1, 1, 2, 2, 1, 2, 3, 1, 1, 1, 2, 2, 2, 3, 1]|[0, 2, 1, 1, 3, 3, 0, 1, 0, 0, 0, 0, 1, 0, 1, 0, 0, 3, 1, 0, 0, 0, 3, 1, 0, 2, 0, 0, 0, 1, 0, 0, 0, 0, 3, 0, 1, 0, 0, 2, 1, 1, 2, 0, 0, 0, 0, 1, 1, 0, 0, 0, 1, 3, 0, 0, 1, 0, 0, 1, 0, 2, 0, 1, 0, 2, 1, 0, 0, 1, 1, 3, 0, 0, 3, 3, 1, 0, 0, 2, 0, 0, 0, 0, 1, 0, 0, 1, 1, 0, 1, 2, 0, 1, 1, 0, 0, 0, 0, 0],800.5408541574557,57344.080524674486,88497.17003796503,true
52,G3_TWC,G3_TWC,[31, 22, 42, 15, 26, 58, 95, 82, 77, 12, 47, 5, 93, 78, 98, 54, 85, 63, 18, 44, 20, 35, 43, 97, 91, 76, 10, 30, 21, 45, 71, 64, 1, 23, 17, 83, 24, 61, 60, 49, 6, 57, 94, 88, 65, 56, 79, 40, 67, 68, 46, 75, 38, 9, 19, 32, 81, 41, 27, 62, 87, 90, 99, 59, 11, 16, 72, 73, 70, 39, 37, 84, 3, 92, 25, 74, 28, 29, 51, 7, 53, 14, 86, 48, 89, 50, 66, 96, 33, 80, 4, 8, 0, 36, 55, 52, 13, 2, 69, 34]|[1, 1, 0, 1, 1, 1, 2, 1, 2, 1, 2, 2, 2, 1, 1, 0, 0, 1, 0, 2, 2, 0, 1, 2, 0, 1, 2, 2, 0, 0, 1, 2, 1, 2, 1, 0, 2, 0, 1, 1, 0, 1, 1, 1, 0, 2, 1, 1, 0, 0, 0, 0, 1, 1, 2, 1, 2, 0, 0, 0, 2, 1, 0, 1, 2, 1, 2, 1, 1, 1, 1, 1, 2, 0, 1, 2, 0, 0, 0, 1, 0, 1, 0, 0, 1, 0, 0, 0, 2, 0, 0, 1, 0, 0, 1, 1, 0, 0, 1, 2]|[4, 3, 2, 2, 0, 0, 2, 2, 2, 4, 1, 1, 2, 4, 4, 1, 1, 4, 2, 1, 1, 1, 1, 2, 1, 2, 1, 1, 1, 1, 3, 2, 3, 0, 4, 0, 1, 1, 0, 3, 2, 2, 4, 0, 1, 1, 3, 2, 0, 1, 2, 2, 1, 4, 0, 3, 2, 1, 1, 2, 1, 3, 1, 1, 1, 3, 0, 4, 3, 1, 4, 1, 1, 2, 4, 1, 2, 1, 1, 3, 2, 3, 1, 1, 1, 1, 1, 1, 1, 1, 2, 3, 2, 1, 4, 1, 2, 2, 3, 1]|[0, 2, 1, 1, 3, 3, 0, 1, 0, 0, 0, 0, 1, 0, 1, 0, 0, 3, 1, 0, 0, 0, 3, 1, 0, 2, 0, 0, 0, 1, 0, 0, 0, 0, 3, 0, 1, 0, 0, 2, 1, 1, 2, 0, 0, 0, 0, 1, 1, 0, 0, 0, 1, 3, 0, 0, 1, 0, 0, 1, 0, 2, 0, 1, 0, 2, 1, 0, 0, 1, 1, 3, 0, 1, 3, 0, 1, 0, 0, 2, 1, 0, 0, 0, 1, 0, 0, 0, 0, 0, 1, 2, 0, 1, 3, 1, 0, 0, 0, 0],800.9906219655827,57627.59269545303,87853.25113417773,false
52,G1_CMAX,G1_CMAX,[31, 22, 90, 26, 58, 95, 42, 12, 93, 5, 78, 86, 98, 18, 20, 35, 3, 97, 91, 76, 10, 85, 54, 45, 63, 71, 66, 1, 23, 17, 24, 60, 36, 6, 57, 15, 65, 56, 47, 79, 94, 67, 50, 46, 14, 75, 38, 9, 30, 19, 32, 81, 27, 92, 83, 87, 40, 99, 59, 11, 53, 16, 72, 77, 73, 70, 39, 37, 84, 43, 62, 25, 55, 28, 29, 51, 68, 82, 74, 61, 88, 21, 80, 89, 7, 69, 96, 41, 48, 4, 8, 34, 49, 52, 0, 44, 13, 2, 64, 33]|[1, 1, 1, 1, 0, 2, 1, 1, 2, 2, 2, 1, 0, 1, 2, 2, 1, 2, 0, 1, 2, 2, 2, 0, 0, 1, 2, 1, 2, 1, 2, 1, 1, 0, 1, 1, 0, 2, 2, 1, 1, 0, 0, 0, 0, 1, 1, 1, 1, 2, 1, 2, 2, 0, 0, 2, 1, 0, 0, 2, 0, 1, 2, 2, 1, 1, 1, 1, 1, 1, 0, 1, 1, 0, 0, 0, 0, 0, 2, 1, 1, 0, 0, 1, 1, 1, 2, 2, 0, 1, 1, 2, 0, 1, 0, 0, 0, 0, 2, 2]|[0, 4, 3, 0, 1, 1, 2, 4, 1, 1, 2, 4, 1, 4, 1, 1, 1, 2, 2, 2, 2, 1, 1, 1, 2, 3, 2, 3, 0, 4, 1, 0, 3, 2, 2, 2, 1, 1, 1, 0, 2, 0, 1, 2, 1, 3, 1, 4, 2, 0, 3, 2, 1, 2, 1, 1, 4, 1, 1, 1, 2, 3, 0, 2, 4, 3, 1, 4, 1, 1, 1, 4, 4, 2, 1, 1, 1, 2, 1, 3, 0, 1, 1, 1, 1, 3, 1, 1, 1, 4, 3, 1, 1, 1, 2, 2, 2, 2, 1, 1]|[3, 0, 2, 3, 0, 0, 1, 0, 0, 0, 1, 0, 0, 3, 0, 0, 1, 1, 1, 2, 1, 0, 0, 0, 0, 0, 0, 0, 0, 3, 1, 0, 2, 1, 1, 1, 0, 0, 0, 0, 1, 1, 0, 0, 0, 0, 1, 3, 2, 0, 0, 1, 0, 1, 0, 0, 2, 0, 0, 0, 1, 2, 1, 1, 0, 0, 1, 1, 3, 3, 0, 3, 3, 1, 0, 0, 0, 1, 0, 0, 0, 0, 0, 1, 2, 2, 0, 0, 0, 0, 2, 0, 1, 1, 0, 0, 0, 0, 0, 0],705.0470749739228,58445.79123614564,95781.2895945797,false
52,G4_BALANCED,G4_BALANCED,[31, 22, 82, 15, 26, 58, 95, 42, 77, 12, 47, 5, 93, 78, 86, 54, 85, 63, 18, 72, 20, 35, 43, 97, 91, 76, 10, 30, 21, 45, 71, 64, 1, 23, 17, 83, 24, 14, 60, 36, 6, 57, 40, 88, 65, 56, 79, 94, 67, 41, 68, 75, 38, 9, 19, 32, 81, 46, 27, 62, 87, 90, 99, 59, 11, 16, 44, 73, 70, 39, 37, 84, 3, 92, 25, 55, 28, 29, 51, 7, 66, 61, 98, 48, 89, 50, 4, 96, 53, 80, 8, 33, 34, 2, 52, 13, 0, 69, 74, 49]|[1, 1, 0, 1, 1, 0, 1, 1, 2, 1, 2, 2, 2, 1, 1, 0, 0, 1, 0, 2, 2, 0, 0, 2, 0, 1, 2, 2, 0, 0, 1, 2, 1, 2, 1, 0, 2, 0, 1, 1, 0, 1, 1, 1, 0, 2, 1, 1, 0, 0, 0, 0, 1, 1, 2, 1, 2, 0, 0, 2, 2, 1, 1, 2, 2, 1, 2, 1, 1, 1, 1, 1, 1, 0, 1, 2, 0, 0, 0, 1, 2, 1, 2, 0, 1, 0, 1, 2, 0, 0, 1, 2, 2, 0, 1, 0, 0, 1, 2, 0]|[4, 3, 2, 2, 4, 1, 2, 3, 2, 4, 1, 1, 2, 4, 4, 1, 2, 4, 2, 1, 1, 1, 1, 2, 1, 2, 1, 1, 2, 1, 3, 2, 3, 1, 4, 0, 1, 1, 0, 3, 2, 2, 2, 0, 1, 1, 0, 4, 0, 1, 2, 2, 1, 4, 0, 3, 2, 1, 1, 1, 1, 3, 1, 1, 1, 3, 1, 4, 3, 1, 4, 1, 1, 0, 4, 1, 2, 1, 1, 1, 1, 3, 1, 1, 1, 1, 4, 1, 2, 1, 3, 1, 1, 2, 1, 2, 2, 4, 1, 1]|[0, 2, 1, 1, 3, 0, 1, 3, 0, 0, 0, 0, 1, 0, 1, 0, 0, 3, 1, 0, 0, 0, 0, 1, 0, 2, 0, 0, 0, 1, 0, 0, 0, 0, 3, 0, 1, 0, 0, 2, 1, 1, 1, 0, 0, 0, 0, 2, 1, 0, 0, 0, 1, 3, 0, 0, 1, 0, 0, 0, 0, 2, 1, 0, 0, 2, 0, 0, 0, 1, 1, 3, 1, 1, 3, 0, 1, 0, 0, 2, 0, 0, 0, 0, 1, 0, 0, 0, 1, 0, 2, 0, 0, 0, 1, 0, 0, 2, 0, 1],768.4240206329376,55583.744981747914,94915.74988971672,false
52,G2_TEC,G2_TEC,[31, 94, 82, 15, 26, 9, 95, 42, 77, 68, 47, 5, 93, 78, 86, 54, 85, 63, 18, 44, 20, 49, 36, 14, 74, 50, 53, 17, 21, 28, 11, 64, 3, 23, 30, 83, 24, 41, 40, 52, 65, 27, 90, 70, 39, 87, 48, 69, 99, 4, 98, 1, 13, 56, 97, 59, 45, 8, 73, 37, 35, 79, 71, 66, 76, 32, 60, 80, 58, 6, 67, 61, 33, 7, 57, 34, 12, 16, 10, 46, 96, 88, 43, 81, 91, 2, 84, 29, 92, 19, 51, 55, 89, 75, 25, 22, 38, 72, 62, 0]|[2, 1, 2, 1, 1, 2, 1, 1, 1, 1, 1, 0, 2, 2, 1, 2, 0, 0, 0, 2, 2, 1, 0, 2, 0, 2, 2, 1, 0, 1, 1, 1, 0, 0, 1, 0, 2, 1, 2, 2, 0, 0, 1, 1, 0, 2, 0, 2, 1, 0, 2, 2, 0, 2, 2, 0, 1, 1, 0, 0, 2, 1, 1, 2, 2, 0, 2, 2, 2, 1, 2, 1, 1, 2, 0, 1, 1, 2, 1, 0, 0, 1, 1, 1, 1, 0, 0, 1, 0, 1, 1, 0, 1, 0, 1, 2, 0, 1, 1, 0]|[0, 3, 0, 3, 4, 1, 4, 4, 4, 4, 3, 2, 1, 0, 2, 1, 1, 1, 2, 1, 1, 3, 0, 1, 0, 1, 1, 4, 1, 4, 3, 2, 2, 0, 4, 1, 1, 4, 1, 1, 2, 1, 4, 4, 1, 1, 0, 1, 3, 2, 1, 1, 2, 1, 1, 2, 4, 3, 0, 2, 1, 3, 3, 1, 1, 2, 1, 1, 1, 4, 1, 3, 4, 1, 2, 4, 3, 1, 3, 2, 2, 4, 4, 4, 3, 2, 2, 3, 2, 4, 3, 2, 4, 2, 4, 1, 2, 4, 3, 2]|[0, 2, 0, 0, 3, 0, 1, 3, 1, 0, 2, 0, 1, 0, 1, 0, 0, 0, 1, 0, 0, 2, 0, 0, 1, 0, 0, 3, 0, 1, 0, 2, 0, 0, 3, 0, 1, 1, 0, 0, 0, 0, 1, 3, 0, 0, 1, 0, 2, 0, 0, 0, 0, 0, 1, 0, 1, 0, 1, 1, 0, 2, 0, 0, 0, 0, 0, 0, 0, 2, 0, 0, 1, 0, 0, 1, 0, 0, 3, 0, 0, 1, 2, 2, 0, 0, 0, 3, 0, 1, 0, 0, 1, 0, 3, 0, 0, 1, 0, 0],910.6016522559228,48449.301094637194,107046.1135137847,false
52,G3_TWC,G3_TWC,[31, 22, 42, 15, 26, 58, 95, 82, 77, 12, 47, 5, 93, 78, 98, 54, 85, 63, 18, 44, 20, 35, 43, 97, 91, 76, 10, 30, 21, 45, 71, 64, 1, 23, 17, 83, 24, 61, 60, 49, 6, 57, 94, 88, 65, 56, 79, 40, 67, 68, 46, 75, 38, 9, 19, 32, 81, 41, 27, 62, 87, 90, 99, 59, 11, 16, 72, 73, 70, 39, 37, 84, 3, 92, 25, 74, 28, 29, 51, 7, 53, 14, 86, 48, 89, 50, 66, 96, 33, 80, 4, 8, 0, 36, 55, 52, 13, 2, 69, 34]|[1, 1, 0, 1, 1, 1, 2, 1, 2, 1, 2, 2, 2, 1, 1, 0, 0, 1, 0, 2, 2, 0, 1, 2, 0, 1, 2, 2, 0, 0, 1, 2, 1, 2, 1, 0, 2, 0, 1, 1, 0, 1, 1, 1, 0, 2, 1, 1, 0, 0, 0, 0, 1, 1, 2, 1, 2, 0, 0, 0, 2, 1, 0, 1, 2, 1, 2, 1, 1, 1, 1, 1, 2, 0, 1, 2, 0, 0, 0, 1, 0, 1, 0, 0, 1, 0, 0, 0, 2, 0, 0, 1, 0, 0, 1, 1, 0, 0, 1, 2]|[4, 3, 2, 2, 0, 0, 2, 2, 2, 4, 1, 1, 2, 4, 4, 1, 1, 4, 2, 1, 1, 1, 1, 2, 1, 2, 1, 1, 1, 1, 3, 2, 3, 0, 4, 0, 1, 1, 0, 3, 2, 2, 4, 0, 1, 1, 3, 2, 0, 1, 2, 2, 1, 4, 0, 3, 2, 1, 1, 2, 1, 3, 1, 1, 1, 3, 0, 4, 3, 1, 4, 1, 1, 2, 4, 1, 2, 1, 1, 3, 2, 3, 1, 1, 1, 1, 1, 1, 1, 1, 2, 3, 2, 1, 4, 1, 2, 2, 3, 1]|[0, 2, 1, 1, 3, 3, 0, 1, 0, 0, 0, 0, 1, 0, 1, 0, 0, 3, 1, 0, 0, 0, 3, 1, 0, 2, 0, 0, 0, 1, 0, 0, 0, 0, 3, 0, 1, 0, 0, 2, 1, 1, 2, 0, 0, 0, 0, 1, 1, 0, 0, 0, 1, 3, 0, 0, 1, 0, 0, 1, 0, 2, 0, 1, 0, 2, 1, 0, 0, 1, 1, 3, 0, 1, 3, 0, 1, 0, 0, 2, 1, 0, 0, 0, 1, 0, 0, 0, 0, 0, 1, 2, 0, 1, 3, 1, 0, 0, 0, 0],800.9906219655827,57627.59269545303,87853.25113417773,false
52,G1_CMAX,G1_CMAX,[31, 22, 90, 26, 58, 95, 42, 12, 93, 5, 78, 86, 98, 18, 20, 35, 3, 97, 91, 76, 10, 85, 54, 45, 63, 71, 66, 1, 23, 17, 24, 60, 36, 6, 57, 15, 65, 56, 47, 79, 94, 67, 50, 46, 14, 75, 38, 9, 30, 19, 32, 81, 27, 92, 83, 87, 40, 99, 59, 11, 53, 16, 72, 77, 73, 70, 39, 37, 84, 43, 62, 25, 55, 28, 29, 51, 68, 82, 74, 61, 88, 21, 80, 89, 7, 69, 96, 41, 48, 4, 8, 34, 49, 52, 0, 44, 13, 2, 64, 33]|[1, 1, 1, 1, 0, 2, 1, 1, 2, 2, 2, 1, 0, 1, 2, 2, 1, 2, 0, 1, 2, 2, 2, 0, 0, 1, 2, 1, 2, 1, 2, 1, 1, 0, 1, 1, 0, 2, 2, 1, 1, 0, 0, 0, 0, 1, 1, 1, 1, 2, 1, 2, 2, 0, 0, 2, 1, 0, 0, 2, 0, 1, 2, 2, 1, 1, 1, 1, 1, 1, 0, 1, 1, 0, 0, 0, 0, 0, 2, 1, 1, 0, 0, 1, 1, 1, 2, 2, 0, 1, 1, 2, 0, 1, 0, 0, 0, 0, 2, 2]|[0, 4, 3, 0, 1, 1, 2, 4, 1, 1, 2, 4, 1, 4, 1, 1, 1, 2, 2, 2, 2, 1, 1, 1, 2, 3, 2, 3, 0, 4, 1, 0, 3, 2, 2, 2, 1, 1, 1, 0, 2, 0, 1, 2, 1, 3, 1, 4, 2, 0, 3, 2, 1, 2, 1, 1, 4, 1, 1, 1, 2, 3, 0, 2, 4, 3, 1, 4, 1, 1, 1, 4, 4, 2, 1, 1, 1, 2, 1, 3, 0, 1, 1, 1, 1, 3, 1, 1, 1, 4, 3, 1, 1, 1, 2, 2, 2, 2, 1, 1]|[3, 0, 2, 3, 0, 0, 1, 0, 0, 0, 1, 0, 0, 3, 0, 0, 1, 1, 1, 2, 1, 0, 0, 0, 0, 0, 0, 0, 0, 3, 1, 0, 2, 1, 1, 1, 0, 0, 0, 0, 1, 1, 0, 0, 0, 0, 1, 3, 2, 0, 0, 1, 0, 1, 0, 0, 2, 0, 0, 0, 1, 2, 1, 1, 0, 0, 1, 1, 3, 3, 0, 3, 3, 1, 0, 0, 0, 1, 0, 0, 0, 0, 0, 1, 2, 2, 0, 0, 0, 0, 2, 0, 1, 1, 0, 0, 0, 0, 0, 0],705.0470749739228,58445.79123614564,95781.2895945797,false
52,G4_BALANCED,G1_CMAX,[31, 22, 42, 15, 26, 58, 95, 82, 77, 12, 47, 5, 93, 78, 98, 54, 85, 63, 18, 44, 20, 35, 43, 97, 91, 76, 10, 30, 21, 45, 71, 64, 1, 23, 17, 83, 24, 14, 60, 36, 6, 57, 94, 88, 65, 56, 79, 40, 67, 68, 46, 75, 38, 9, 19, 32, 81, 41, 27, 62, 87, 90, 99, 59, 11, 16, 72, 73, 70, 39, 37, 84, 3, 92, 25, 74, 28, 29, 51, 7, 53, 61, 86, 66, 89, 50, 48, 96, 33, 80, 4, 8, 55, 49, 0, 52, 13, 2, 69, 34]|[1, 1, 0, 1, 1, 1, 2, 1, 2, 1, 2, 2, 2, 1, 1, 0, 0, 1, 0, 2, 2, 0, 1, 2, 0, 1, 2, 2, 0, 0, 1, 2, 1, 2, 1, 0, 2, 0, 1, 1, 0, 1, 1, 1, 0, 2, 1, 1, 0, 0, 0, 0, 1, 1, 2, 1, 2, 0, 0, 0, 2, 1, 0, 1, 2, 1, 2, 1, 1, 1, 1, 1, 2, 0, 1, 2, 0, 0, 0, 1, 0, 1, 0, 2, 1, 1, 0, 2, 2, 0, 1, 1, 2, 0, 0, 1, 0, 0, 1, 2]|[4, 3, 2, 2, 0, 0, 2, 2, 2, 4, 1, 1, 2, 4, 4, 1, 1, 4, 2, 1, 1, 1, 1, 2, 1, 2, 1, 1, 1, 1, 3, 2, 3, 0, 4, 0, 1, 1, 0, 3, 2, 2, 4, 0, 1, 1, 3, 2, 0, 1, 2, 2, 1, 4, 0, 3, 2, 1, 1, 2, 1, 3, 1, 1, 1, 3, 0, 4, 3, 1, 4, 1, 1, 2, 4, 1, 2, 1, 1, 3, 2, 3, 1, 1, 1, 3, 1, 1, 1, 1, 4, 3, 1, 1, 2, 1, 2, 2, 3, 1]|[0, 2, 1, 1, 3, 3, 0, 1, 0, 0, 0, 0, 1, 0, 1, 0, 0, 3, 1, 0, 0, 0, 3, 1, 0, 2, 0, 0, 0, 1, 0, 0, 0, 0, 3, 0, 1, 0, 0, 2, 1, 1, 2, 0, 0, 0, 0, 1, 1, 0, 0, 0, 1, 3, 0, 0, 1, 0, 0, 1, 0, 2, 0, 1, 0, 2, 1, 0, 0, 1, 1, 3, 0, 1, 3, 0, 1, 0, 0, 2, 1, 0, 0, 0, 1, 2, 0, 0, 0, 0, 0, 2, 0, 1, 0, 1, 0, 0, 0, 0],733.7492682466853,57073.058369997794,90363.82694997969,true
52,G2_TEC,G2_TEC,[31, 94, 82, 15, 26, 9, 95, 42, 77, 68, 47, 5, 93, 78, 86, 54, 85, 63, 18, 44, 20, 49, 36, 14, 74, 50, 53, 17, 21, 28, 11, 64, 3, 23, 30, 83, 24, 41, 40, 52, 65, 27, 90, 70, 39, 87, 48, 69, 99, 4, 98, 1, 13, 56, 97, 59, 45, 8, 73, 37, 35, 79, 71, 66, 76, 32, 60, 80, 58, 6, 67, 61, 33, 7, 57, 34, 12, 16, 10, 46, 96, 88, 43, 81, 91, 2, 84, 29, 92, 19, 51, 55, 89, 75, 25, 22, 38, 72, 62, 0]|[2, 1, 2, 1, 1, 2, 1, 1, 1, 1, 1, 0, 2, 2, 1, 2, 0, 0, 0, 2, 2, 1, 0, 2, 0, 2, 2, 1, 0, 1, 1, 1, 0, 0, 1, 0, 2, 1, 2, 2, 0, 0, 1, 1, 0, 2, 0, 2, 1, 0, 2, 2, 0, 2, 2, 0, 1, 1, 0, 0, 2, 1, 1, 2, 2, 0, 2, 2, 2, 1, 2, 1, 1, 2, 0, 1, 1, 2, 1, 0, 0, 1, 1, 1, 1, 0, 0, 1, 0, 1, 1, 0, 1, 0, 1, 2, 0, 1, 1, 0]|[0, 3, 0, 3, 4, 1, 4, 4, 4, 4, 3, 2, 1, 0, 2, 1, 1, 1, 2, 1, 1, 3, 0, 1, 0, 1, 1, 4, 1, 4, 3, 2, 2, 0, 4, 1, 1, 4, 1, 1, 2, 1, 4, 4, 1, 1, 0, 1, 3, 2, 1, 1, 2, 1, 1, 2, 4, 3, 0, 2, 1, 3, 3, 1, 1, 2, 1, 1, 1, 4, 1, 3, 4, 1, 2, 4, 3, 1, 3, 2, 2, 4, 4, 4, 3, 2, 2, 3, 2, 4, 3, 2, 4, 2, 4, 1, 2, 4, 3, 2]|[0, 2, 0, 0, 3, 0, 1, 3, 1, 0, 2, 0, 1, 0, 1, 0, 0, 0, 1, 0, 0, 2, 0, 0, 1, 0, 0, 3, 0, 1, 0, 2, 0, 0, 3, 0, 1, 1, 0, 0, 0, 0, 1, 3, 0, 0, 1, 0, 2, 0, 0, 0, 0, 0, 1, 0, 1, 0, 1, 1, 0, 2, 0, 0, 0, 0, 0, 0, 0, 2, 0, 0, 1, 0, 0, 1, 0, 0, 3, 0, 0, 1, 2, 2, 0, 0, 0, 3, 0, 1, 0, 0, 1, 0, 3, 0, 0, 1, 0, 0],910.6016522559228,48449.301094637194,107046.1135137847,false
52,G3_TWC,G3_TWC,[31, 22, 42, 15, 26, 58, 95, 82, 77, 12, 47, 5, 93, 78, 98, 54, 85, 63, 18, 44, 20, 35, 43, 97, 91, 76, 10, 30, 21, 45, 71, 64, 1, 23, 17, 83, 24, 61, 60, 49, 6, 57, 94, 88, 65, 56, 79, 40, 67, 68, 46, 75, 38, 9, 19, 32, 81, 41, 27, 62, 87, 90, 99, 59, 11, 16, 72, 73, 70, 39, 37, 84, 3, 92, 25, 74, 28, 29, 51, 7, 53, 14, 86, 48, 89, 50, 66, 96, 33, 80, 4, 8, 0, 36, 55, 52, 13, 2, 69, 34]|[1, 1, 0, 1, 1, 1, 2, 1, 2, 1, 2, 2, 2, 1, 1, 0, 0, 1, 0, 2, 2, 0, 1, 2, 0, 1, 2, 2, 0, 0, 1, 2, 1, 2, 1, 0, 2, 0, 1, 1, 0, 1, 1, 1, 0, 2, 1, 1, 0, 0, 0, 0, 1, 1, 2, 1, 2, 0, 0, 0, 2, 1, 0, 1, 2, 1, 2, 1, 1, 1, 1, 1, 2, 0, 1, 2, 0, 0, 0, 1, 0, 1, 0, 0, 1, 0, 0, 0, 2, 0, 0, 1, 0, 0, 1, 1, 0, 0, 1, 2]|[4, 3, 2, 2, 0, 0, 2, 2, 2, 4, 1, 1, 2, 4, 4, 1, 1, 4, 2, 1, 1, 1, 1, 2, 1, 2, 1, 1, 1, 1, 3, 2, 3, 0, 4, 0, 1, 1, 0, 3, 2, 2, 4, 0, 1, 1, 3, 2, 0, 1, 2, 2, 1, 4, 0, 3, 2, 1, 1, 2, 1, 3, 1, 1, 1, 3, 0, 4, 3, 1, 4, 1, 1, 2, 4, 1, 2, 1, 1, 3, 2, 3, 1, 1, 1, 1, 1, 1, 1, 1, 2, 3, 2, 1, 4, 1, 2, 2, 3, 1]|[0, 2, 1, 1, 3, 3, 0, 1, 0, 0, 0, 0, 1, 0, 1, 0, 0, 3, 1, 0, 0, 0, 3, 1, 0, 2, 0, 0, 0, 1, 0, 0, 0, 0, 3, 0, 1, 0, 0, 2, 1, 1, 2, 0, 0, 0, 0, 1, 1, 0, 0, 0, 1, 3, 0, 0, 1, 0, 0, 1, 0, 2, 0, 1, 0, 2, 1, 0, 0, 1, 1, 3, 0, 1, 3, 0, 1, 0, 0, 2, 1, 0, 0, 0, 1, 0, 0, 0, 0, 0, 1, 2, 0, 1, 3, 1, 0, 0, 0, 0],800.9906219655827,57627.59269545303,87853.25113417773,false
52,G1_CMAX,G1_CMAX,[31, 22, 90, 26, 58, 95, 42, 12, 93, 5, 78, 86, 98, 18, 20, 35, 3, 97, 91, 76, 10, 85, 54, 45, 63, 71, 66, 1, 23, 17, 24, 60, 36, 6, 57, 15, 65, 56, 47, 79, 94, 67, 50, 46, 14, 75, 38, 9, 30, 19, 32, 81, 27, 92, 83, 87, 40, 99, 59, 11, 53, 16, 72, 77, 73, 70, 39, 37, 84, 43, 62, 25, 55, 28, 29, 51, 68, 82, 74, 61, 88, 21, 80, 89, 7, 69, 96, 41, 48, 4, 8, 34, 49, 52, 0, 44, 13, 2, 64, 33]|[1, 1, 1, 1, 0, 2, 1, 1, 2, 2, 2, 1, 0, 1, 2, 2, 1, 2, 0, 1, 2, 2, 2, 0, 0, 1, 2, 1, 2, 1, 2, 1, 1, 0, 1, 1, 0, 2, 2, 1, 1, 0, 0, 0, 0, 1, 1, 1, 1, 2, 1, 2, 2, 0, 0, 2, 1, 0, 0, 2, 0, 1, 2, 2, 1, 1, 1, 1, 1, 1, 0, 1, 1, 0, 0, 0, 0, 0, 2, 1, 1, 0, 0, 1, 1, 1, 2, 2, 0, 1, 1, 2, 0, 1, 0, 0, 0, 0, 2, 2]|[0, 4, 3, 0, 1, 1, 2, 4, 1, 1, 2, 4, 1, 4, 1, 1, 1, 2, 2, 2, 2, 1, 1, 1, 2, 3, 2, 3, 0, 4, 1, 0, 3, 2, 2, 2, 1, 1, 1, 0, 2, 0, 1, 2, 1, 3, 1, 4, 2, 0, 3, 2, 1, 2, 1, 1, 4, 1, 1, 1, 2, 3, 0, 2, 4, 3, 1, 4, 1, 1, 1, 4, 4, 2, 1, 1, 1, 2, 1, 3, 0, 1, 1, 1, 1, 3, 1, 1, 1, 4, 3, 1, 1, 1, 2, 2, 2, 2, 1, 1]|[3, 0, 2, 3, 0, 0, 1, 0, 0, 0, 1, 0, 0, 3, 0, 0, 1, 1, 1, 2, 1, 0, 0, 0, 0, 0, 0, 0, 0, 3, 1, 0, 2, 1, 1, 1, 0, 0, 0, 0, 1, 1, 0, 0, 0, 0, 1, 3, 2, 0, 0, 1, 0, 1, 0, 0, 2, 0, 0, 0, 1, 2, 1, 1, 0, 0, 1, 1, 3, 3, 0, 3, 3, 1, 0, 0, 0, 1, 0, 0, 0, 0, 0, 1, 2, 2, 0, 0, 0, 0, 2, 0, 1, 1, 0, 0, 0, 0, 0, 0],705.0470749739228,58445.79123614564,95781.2895945797,false
52,G4_BALANCED,G4_BALANCED,[31, 22, 82, 15, 26, 58, 95, 42, 77, 12, 47, 5, 93, 78, 98, 54, 85, 63, 18, 44, 20, 35, 43, 97, 91, 76, 10, 30, 21, 45, 71, 64, 1, 23, 17, 83, 24, 14, 60, 36, 6, 57, 94, 88, 65, 56, 79, 40, 67, 68, 46, 75, 39, 9, 19, 32, 81, 96, 27, 62, 87, 90, 99, 59, 11, 16, 72, 73, 70, 38, 37, 84, 3, 51, 25, 55, 28, 29, 92, 7, 33, 61, 86, 48, 89, 50, 69, 41, 53, 80, 4, 8, 34, 66, 52, 2, 13, 0, 49, 74]|[1, 1, 0, 1, 1, 1, 2, 1, 2, 1, 2, 2, 2, 1, 1, 0, 0, 1, 0, 2, 2, 0, 1, 2, 0, 1, 2, 2, 0, 0, 1, 2, 1, 2, 1, 0, 2, 0, 1, 1, 0, 1, 1, 1, 0, 2, 1, 1, 0, 0, 0, 0, 1, 1, 2, 1, 2, 0, 0, 0, 2, 1, 0, 1, 2, 1, 2, 1, 1, 1, 1, 1, 2, 0, 1, 1, 0, 0, 0, 1, 2, 1, 0, 0, 1, 1, 1, 0, 0, 0, 0, 1, 2, 2, 1, 0, 0, 0, 0, 2]|[4, 3, 2, 2, 0, 0, 2, 2, 2, 4, 1, 1, 2, 4, 4, 1, 1, 4, 2, 1, 1, 1, 1, 2, 1, 2, 1, 1, 1, 1, 3, 2, 3, 0, 4, 0, 1, 1, 0, 3, 2, 2, 4, 0, 1, 1, 0, 2, 0, 1, 2, 2, 1, 4, 0, 3, 2, 1, 1, 2, 1, 3, 1, 1, 1, 3, 0, 4, 3, 1, 4, 1, 1, 1, 4, 4, 2, 1, 2, 3, 1, 3, 1, 1, 1, 1, 3, 1, 2, 1, 2, 3, 1, 1, 1, 2, 2, 2, 1, 1]|[0, 2, 1, 1, 3, 3, 0, 1, 0, 0, 0, 0, 1, 0, 1, 0, 0, 3, 1, 0, 0, 0, 3, 1, 0, 2, 0, 0, 0, 1, 0, 0, 0, 0, 3, 0, 1, 0, 0, 2, 1, 1, 2, 0, 0, 0, 0, 1, 1, 0, 0, 0, 1, 3, 0, 0, 1, 0, 0, 1, 0, 2, 0, 1, 0, 2, 1, 0, 0, 1, 1, 3, 0, 0, 3, 3, 1, 0, 1, 2, 0, 0, 0, 0, 1, 1, 0, 0, 1, 0, 1, 2, 0, 0, 1, 0, 0, 0, 1, 0],769.069296370082,57992.37617132364,89174.76995794529,false
52,G2_TEC,G2_TEC,[31, 94, 82, 15, 26, 9, 95, 42, 77, 68, 47, 5, 93, 78, 86, 54, 85, 63, 18, 44, 20, 49, 36, 14, 74, 50, 53, 17, 21, 28, 11, 64, 3, 23, 30, 83, 24, 41, 40, 52, 65, 27, 90, 70, 39, 87, 48, 69, 99, 4, 98, 1, 13, 56, 97, 59, 45, 8, 73, 37, 35, 79, 71, 66, 76, 32, 60, 80, 58, 6, 67, 61, 33, 7, 57, 34, 12, 16, 10, 46, 96, 88, 43, 81, 91, 2, 84, 29, 92, 19, 51, 55, 89, 75, 25, 22, 38, 72, 62, 0]|[2, 1, 2, 1, 1, 2, 1, 1, 1, 1, 1, 0, 2, 2, 1, 2, 0, 0, 0, 2, 2, 1, 0, 2, 0, 2, 2, 1, 0, 1, 1, 1, 0, 0, 1, 0, 2, 1, 2, 2, 0, 0, 1, 1, 0, 2, 0, 2, 1, 0, 2, 2, 0, 2, 2, 0, 1, 1, 0, 0, 2, 1, 1, 2, 2, 0, 2, 2, 2, 1, 2, 1, 1, 2, 0, 1, 1, 2, 1, 0, 0, 1, 1, 1, 1, 0, 0, 1, 0, 1, 1, 0, 1, 0, 1, 2, 0, 1, 1, 0]|[0, 3, 0, 3, 4, 1, 4, 4, 4, 4, 3, 2, 1, 0, 2, 1, 1, 1, 2, 1, 1, 3, 0, 1, 0, 1, 1, 4, 1, 4, 3, 2, 2, 0, 4, 1, 1, 4, 1, 1, 2, 1, 4, 4, 1, 1, 0, 1, 3, 2, 1, 1, 2, 1, 1, 2, 4, 3, 0, 2, 1, 3, 3, 1, 1, 2, 1, 1, 1, 4, 1, 3, 4, 1, 2, 4, 3, 1, 3, 2, 2, 4, 4, 4, 3, 2, 2, 3, 2, 4, 3, 2, 4, 2, 4, 1, 2, 4, 3, 2]|[0, 2, 0, 0, 3, 0, 1, 3, 1, 0, 2, 0, 1, 0, 1, 0, 0, 0, 1, 0, 0, 2, 0, 0, 1, 0, 0, 3, 0, 1, 0, 2, 0, 0, 3, 0, 1, 1, 0, 0, 0, 0, 1, 3, 0, 0, 1, 0, 2, 0, 0, 0, 0, 0, 1, 0, 1, 0, 1, 1, 0, 2, 0, 0, 0, 0, 0, 0, 0, 2, 0, 0, 1, 0, 0, 1, 0, 0, 3, 0, 0, 1, 2, 2, 0, 0, 0, 3, 0, 1, 0, 0, 1, 0, 3, 0, 0, 1, 0, 0],910.6016522559228,48449.301094637194,107046.1135137847,false
52,G3_TWC,G3_TWC,[31, 22, 42, 15, 26, 58, 95, 82, 77, 12, 47, 5, 93, 78, 98, 54, 85, 63, 18, 44, 20, 35, 43, 97, 91, 76, 10, 30, 21, 45, 71, 64, 1, 23, 17, 83, 24, 61, 60, 49, 6, 57, 94, 88, 65, 56, 79, 40, 67, 68, 46, 75, 38, 9, 19, 32, 81, 41, 27, 62, 87, 90, 99, 59, 11, 16, 72, 73, 70, 39, 37, 84, 3, 92, 25, 74, 28, 29, 51, 7, 53, 14, 86, 48, 89, 50, 66, 96, 33, 80, 4, 8, 0, 36, 55, 52, 13, 2, 69, 34]|[1, 1, 0, 1, 1, 1, 2, 1, 2, 1, 2, 2, 2, 1, 1, 0, 0, 1, 0, 2, 2, 0, 1, 2, 0, 1, 2, 2, 0, 0, 1, 2, 1, 2, 1, 0, 2, 0, 1, 1, 0, 1, 1, 1, 0, 2, 1, 1, 0, 0, 0, 0, 1, 1, 2, 1, 2, 0, 0, 0, 2, 1, 0, 1, 2, 1, 2, 1, 1, 1, 1, 1, 2, 0, 1, 2, 0, 0, 0, 1, 0, 1, 0, 0, 1, 0, 0, 0, 2, 0, 0, 1, 0, 0, 1, 1, 0, 0, 1, 2]|[4, 3, 2, 2, 0, 0, 2, 2, 2, 4, 1, 1, 2, 4, 4, 1, 1, 4, 2, 1, 1, 1, 1, 2, 1, 2, 1, 1, 1, 1, 3, 2, 3, 0, 4, 0, 1, 1, 0, 3, 2, 2, 4, 0, 1, 1, 3, 2, 0, 1, 2, 2, 1, 4, 0, 3, 2, 1, 1, 2, 1, 3, 1, 1, 1, 3, 0, 4, 3, 1, 4, 1, 1, 2, 4, 1, 2, 1, 1, 3, 2, 3, 1, 1, 1, 1, 1, 1, 1, 1, 2, 3, 2, 1, 4, 1, 2, 2, 3, 1]|[0, 2, 1, 1, 3, 3, 0, 1, 0, 0, 0, 0, 1, 0, 1, 0, 0, 3, 1, 0, 0, 0, 3, 1, 0, 2, 0, 0, 0, 1, 0, 0, 0, 0, 3, 0, 1, 0, 0, 2, 1, 1, 2, 0, 0, 0, 0, 1, 1, 0, 0, 0, 1, 3, 0, 0, 1, 0, 0, 1, 0, 2, 0, 1, 0, 2, 1, 0, 0, 1, 1, 3, 0, 1, 3, 0, 1, 0, 0, 2, 1, 0, 0, 0, 1, 0, 0, 0, 0, 0, 1, 2, 0, 1, 3, 1, 0, 0, 0, 0],800.9906219655827,57627.59269545303,87853.25113417773,false
52,G1_CMAX,G1_CMAX,[31, 22, 90, 26, 58, 95, 42, 12, 93, 5, 78, 86, 98, 18, 20, 35, 3, 97, 91, 76, 10, 85, 54, 45, 63, 71, 66, 1, 23, 17, 24, 60, 36, 6, 57, 15, 65, 56, 47, 79, 94, 67, 50, 46, 14, 75, 38, 9, 30, 19, 32, 81, 27, 92, 83, 87, 40, 99, 59, 11, 53, 16, 72, 77, 73, 70, 39, 37, 84, 43, 62, 25, 55, 28, 29, 51, 68, 82, 74, 61, 88, 21, 80, 89, 7, 69, 96, 41, 48, 4, 8, 34, 49, 52, 0, 44, 13, 2, 64, 33]|[1, 1, 1, 1, 0, 2, 1, 1, 2, 2, 2, 1, 0, 1, 2, 2, 1, 2, 0, 1, 2, 2, 2, 0, 0, 1, 2, 1, 2, 1, 2, 1, 1, 0, 1, 1, 0, 2, 2, 1, 1, 0, 0, 0, 0, 1, 1, 1, 1, 2, 1, 2, 2, 0, 0, 2, 1, 0, 0, 2, 0, 1, 2, 2, 1, 1, 1, 1, 1, 1, 0, 1, 1, 0, 0, 0, 0, 0, 2, 1, 1, 0, 0, 1, 1, 1, 2, 2, 0, 1, 1, 2, 0, 1, 0, 0, 0, 0, 2, 2]|[0, 4, 3, 0, 1, 1, 2, 4, 1, 1, 2, 4, 1, 4, 1, 1, 1, 2, 2, 2, 2, 1, 1, 1, 2, 3, 2, 3, 0, 4, 1, 0, 3, 2, 2, 2, 1, 1, 1, 0, 2, 0, 1, 2, 1, 3, 1, 4, 2, 0, 3, 2, 1, 2, 1, 1, 4, 1, 1, 1, 2, 3, 0, 2, 4, 3, 1, 4, 1, 1, 1, 4, 4, 2, 1, 1, 1, 2, 1, 3, 0, 1, 1, 1, 1, 3, 1, 1, 1, 4, 3, 1, 1, 1, 2, 2, 2, 2, 1, 1]|[3, 0, 2, 3, 0, 0, 1, 0, 0, 0, 1, 0, 0, 3, 0, 0, 1, 1, 1, 2, 1, 0, 0, 0, 0, 0, 0, 0, 0, 3, 1, 0, 2, 1, 1, 1, 0, 0, 0, 0, 1, 1, 0, 0, 0, 0, 1, 3, 2, 0, 0, 1, 0, 1, 0, 0, 2, 0, 0, 0, 1, 2, 1, 1, 0, 0, 1, 1, 3, 3, 0, 3, 3, 1, 0, 0, 0, 1, 0, 0, 0, 0, 0, 1, 2, 2, 0, 0, 0, 0, 2, 0, 1, 1, 0, 0, 0, 0, 0, 0],705.0470749739228,58445.79123614564,95781.2895945797,false
52,G4_BALANCED,G4_BALANCED,[31, 11, 15, 82, 26, 9, 95, 32, 77, 68, 47, 5, 93, 78, 86, 54, 85, 63, 18, 44, 20, 49, 36, 14, 74, 50, 53, 17, 21, 45, 71, 64, 3, 23, 30, 83, 24, 41, 60, 52, 65, 27, 90, 70, 39, 87, 48, 69, 99, 4, 46, 1, 13, 58, 97, 59, 28, 75, 73, 37, 35, 79, 22, 66, 76, 42, 40, 80, 96, 6, 16, 61, 33, 7, 57, 34, 12, 67, 10, 98, 56, 88, 43, 8, 91, 38, 84, 92, 29, 19, 51, 72, 89, 25, 2, 81, 94, 55, 62, 0]|[2, 1, 1, 2, 1, 2, 1, 1, 1, 1, 1, 0, 2, 2, 1, 2, 0, 0, 0, 2, 2, 1, 0, 2, 0, 2, 2, 1, 0, 1, 1, 1, 0, 0, 1, 0, 2, 1, 2, 2, 0, 0, 1, 1, 0, 2, 0, 2, 1, 0, 0, 2, 0, 0, 1, 0, 1, 0, 0, 0, 1, 1, 0, 2, 2, 0, 2, 2, 0, 1, 2, 1, 1, 2, 0, 1, 1, 1, 1, 2, 2, 1, 1, 1, 1, 0, 0, 0, 1, 2, 1, 1, 1, 1, 2, 1, 2, 0, 1, 0]|[0, 3, 2, 0, 4, 1, 4, 4, 2, 4, 3, 2, 1, 0, 2, 1, 1, 1, 2, 1, 1, 3, 0, 1, 0, 1, 1, 4, 1, 4, 3, 2, 2, 0, 4, 1, 1, 4, 0, 1, 2, 1, 4, 4, 1, 1, 0, 2, 3, 2, 2, 1, 2, 1, 4, 2, 4, 2, 0, 2, 3, 3, 1, 0, 1, 2, 0, 1, 2, 4, 1, 3, 4, 1, 2, 4, 3, 3, 3, 1, 1, 4, 4, 3, 3, 2, 2, 2, 3, 1, 3, 4, 4, 4, 1, 1, 1, 2, 3, 2]|[0, 2, 1, 0, 3, 0, 1, 3, 0, 0, 2, 0, 1, 0, 1, 0, 0, 0, 1, 0, 0, 2, 0, 0, 1, 0, 0, 3, 0, 1, 0, 2, 0, 1, 3, 0, 1, 3, 1, 0, 0, 0, 1, 3, 0, 0, 1, 0, 2, 0, 0, 0, 0, 0, 1, 0, 1, 0, 1, 1, 0, 2, 0, 0, 0, 0, 0, 0, 0, 2, 0, 0, 1, 0, 0, 1, 0, 0, 3, 0, 0, 1, 2, 0, 0, 0, 0, 0, 3, 1, 0, 1, 1, 3, 0, 1, 0, 0, 0, 0],846.5351127246619,51659.69094396193,107891.35183337331,false
52,G2_TEC,G2_TEC,[31, 94, 82, 15, 26, 9, 95, 42, 77, 68, 47, 5, 93, 78, 86, 54, 85, 63, 18, 44, 20, 49, 36, 14, 74, 50, 53, 17, 21, 28, 11, 64, 3, 23, 30, 83, 24, 41, 40, 52, 65, 27, 90, 70, 39, 87, 48, 69, 99, 4, 98, 1, 13, 56, 97, 59, 45, 8, 73, 37, 35, 79, 71, 66, 76, 32, 60, 80, 58, 6, 67, 61, 33, 7, 57, 34, 12, 16, 10, 46, 96, 88, 43, 81, 91, 2, 84, 29, 92, 19, 51, 55, 89, 75, 25, 22, 38, 72, 62, 0]|[2, 1, 2, 1, 1, 2, 1, 1, 1, 1, 1, 0, 2, 2, 1, 2, 0, 0, 0, 2, 2, 1, 0, 2, 0, 2, 2, 1, 0, 1, 1, 1, 0, 0, 1, 0, 2, 1, 2, 2, 0, 0, 1, 1, 0, 2, 0, 2, 1, 0, 2, 2, 0, 2, 2, 0, 1, 1, 0, 0, 2, 1, 1, 2, 2, 0, 2, 2, 2, 1, 2, 1, 1, 2, 0, 1, 1, 2, 1, 0, 0, 1, 1, 1, 1, 0, 0, 1, 0, 1, 1, 0, 1, 0, 1, 2, 0, 1, 1, 0]|[0, 3, 0, 3, 4, 1, 4, 4, 4, 4, 3, 2, 1, 0, 2, 1, 1, 1, 2, 1, 1, 3, 0, 1, 0, 1, 1, 4, 1, 4, 3, 2, 2, 0, 4, 1, 1, 4, 1, 1, 2, 1, 4, 4, 1, 1, 0, 1, 3, 2, 1, 1, 2, 1, 1, 2, 4, 3, 0, 2, 1, 3, 3, 1, 1, 2, 1, 1, 1, 4, 1, 3, 4, 1, 2, 4, 3, 1, 3, 2, 2, 4, 4, 4, 3, 2, 2, 3, 2, 4, 3, 2, 4, 2, 4, 1, 2, 4, 3, 2]|[0, 2, 0, 0, 3, 0, 1, 3, 1, 0, 2, 0, 1, 0, 1, 0, 0, 0, 1, 0, 0, 2, 0, 0, 1, 0, 0, 3, 0, 1, 0, 2, 0, 0, 3, 0, 1, 1, 0, 0, 0, 0, 1, 3, 0, 0, 1, 0, 2, 0, 0, 0, 0, 0, 1, 0, 1, 0, 1, 1, 0, 2, 0, 0, 0, 0, 0, 0, 0, 2, 0, 0, 1, 0, 0, 1, 0, 0, 3, 0, 0, 1, 2, 2, 0, 0, 0, 3, 0, 1, 0, 0, 1, 0, 3, 0, 0, 1, 0, 0],910.6016522559228,48449.301094637194,107046.1135137847,false
52,G3_TWC,G3_TWC,[31, 22, 42, 15, 26, 58, 95, 82, 77, 12, 47, 5, 93, 78, 98, 54, 85, 63, 18, 44, 20, 35, 43, 97, 91, 76, 10, 30, 21, 45, 71, 64, 1, 23, 17, 83, 24, 61, 60, 49, 6, 57, 94, 88, 65, 56, 79, 40, 67, 68, 46, 75, 38, 9, 19, 32, 81, 41, 27, 62, 87, 90, 99, 59, 11, 16, 72, 73, 70, 39, 37, 84, 3, 92, 25, 74, 28, 29, 51, 7, 53, 14, 86, 48, 89, 50, 66, 96, 33, 80, 4, 8, 0, 36, 55, 52, 13, 2, 69, 34]|[1, 1, 0, 1, 1, 1, 2, 1, 2, 1, 2, 2, 2, 1, 1, 0, 0, 1, 0, 2, 2, 0, 1, 2, 0, 1, 2, 2, 0, 0, 1, 2, 1, 2, 1, 0, 2, 0, 1, 1, 0, 1, 1, 1, 0, 2, 1, 1, 0, 0, 0, 0, 1, 1, 2, 1, 2, 0, 0, 0, 2, 1, 0, 1, 2, 1, 2, 1, 1, 1, 1, 1, 2, 0, 1, 2, 0, 0, 0, 1, 0, 1, 0, 0, 1, 0, 0, 0, 2, 0, 0, 1, 0, 0, 1, 1, 0, 0, 1, 2]|[4, 3, 2, 2, 0, 0, 2, 2, 2, 4, 1, 1, 2, 4, 4, 1, 1, 4, 2, 1, 1, 1, 1, 2, 1, 2, 1, 1, 1, 1, 3, 2, 3, 0, 4, 0, 1, 1, 0, 3, 2, 2, 4, 0, 1, 1, 3, 2, 0, 1, 2, 2, 1, 4, 0, 3, 2, 1, 1, 2, 1, 3, 1, 1, 1, 3, 0, 4, 3, 1, 4, 1, 1, 2, 4, 1, 2, 1, 1, 3, 2, 3, 1, 1, 1, 1, 1, 1, 1, 1, 2, 3, 2, 1, 4, 1, 2, 2, 3, 1]|[0, 2, 1, 1, 3, 3, 0, 1, 0, 0, 0, 0, 1, 0, 1, 0, 0, 3, 1, 0, 0, 0, 3, 1, 0, 2, 0, 0, 0, 1, 0, 0, 0, 0, 3, 0, 1, 0, 0, 2, 1, 1, 2, 0, 0, 0, 0, 1, 1, 0, 0, 0, 1, 3, 0, 0, 1, 0, 0, 1, 0, 2, 0, 1, 0, 2, 1, 0, 0, 1, 1, 3, 0, 1, 3, 0, 1, 0, 0, 2, 1, 0, 0, 0, 1, 0, 0, 0, 0, 0, 1, 2, 0, 1, 3, 1, 0, 0, 0, 0],800.9906219655827,57627.59269545303,87853.25113417773,false
52,G1_CMAX,G1_CMAX,[31, 22, 90, 26, 58, 95, 42, 12, 93, 5, 78, 86, 98, 18, 20, 35, 3, 97, 91, 76, 10, 85, 54, 45, 63, 71, 66, 1, 23, 17, 24, 60, 36, 6, 57, 15, 65, 56, 47, 79, 94, 67, 50, 46, 14, 75, 38, 9, 30, 19, 32, 81, 27, 92, 83, 87, 40, 99, 59, 11, 53, 16, 72, 77, 73, 70, 39, 37, 84, 43, 62, 25, 55, 28, 29, 51, 68, 82, 74, 61, 88, 21, 80, 89, 7, 69, 96, 41, 48, 4, 8, 34, 49, 52, 0, 44, 13, 2, 64, 33]|[1, 1, 1, 1, 0, 2, 1, 1, 2, 2, 2, 1, 0, 1, 2, 2, 1, 2, 0, 1, 2, 2, 2, 0, 0, 1, 2, 1, 2, 1, 2, 1, 1, 0, 1, 1, 0, 2, 2, 1, 1, 0, 0, 0, 0, 1, 1, 1, 1, 2, 1, 2, 2, 0, 0, 2, 1, 0, 0, 2, 0, 1, 2, 2, 1, 1, 1, 1, 1, 1, 0, 1, 1, 0, 0, 0, 0, 0, 2, 1, 1, 0, 0, 1, 1, 1, 2, 2, 0, 1, 1, 2, 0, 1, 0, 0, 0, 0, 2, 2]|[0, 4, 3, 0, 1, 1, 2, 4, 1, 1, 2, 4, 1, 4, 1, 1, 1, 2, 2, 2, 2, 1, 1, 1, 2, 3, 2, 3, 0, 4, 1, 0, 3, 2, 2, 2, 1, 1, 1, 0, 2, 0, 1, 2, 1, 3, 1, 4, 2, 0, 3, 2, 1, 2, 1, 1, 4, 1, 1, 1, 2, 3, 0, 2, 4, 3, 1, 4, 1, 1, 1, 4, 4, 2, 1, 1, 1, 2, 1, 3, 0, 1, 1, 1, 1, 3, 1, 1, 1, 4, 3, 1, 1, 1, 2, 2, 2, 2, 1, 1]|[3, 0, 2, 3, 0, 0, 1, 0, 0, 0, 1, 0, 0, 3, 0, 0, 1, 1, 1, 2, 1, 0, 0, 0, 0, 0, 0, 0, 0, 3, 1, 0, 2, 1, 1, 1, 0, 0, 0, 0, 1, 1, 0, 0, 0, 0, 1, 3, 2, 0, 0, 1, 0, 1, 0, 0, 2, 0, 0, 0, 1, 2, 1, 1, 0, 0, 1, 1, 3, 3, 0, 3, 3, 1, 0, 0, 0, 1, 0, 0, 0, 0, 0, 1, 2, 2, 0, 0, 0, 0, 2, 0, 1, 1, 0, 0, 0, 0, 0, 0],705.0470749739228,58445.79123614564,95781.2895945797,false
52,G4_BALANCED,G4_BALANCED,[31, 11, 82, 15, 26, 9, 95, 42, 77, 68, 47, 5, 93, 78, 86, 54, 85, 63, 18, 44, 20, 49, 36, 14, 74, 50, 53, 17, 21, 45, 71, 64, 3, 23, 30, 83, 24, 41, 60, 52, 65, 27, 90, 70, 39, 87, 48, 69, 99, 4, 46, 1, 13, 58, 97, 59, 28, 8, 73, 37, 35, 79, 22, 66, 76, 32, 40, 80, 96, 6, 16, 61, 33, 7, 57, 34, 12, 67, 10, 98, 56, 88, 51, 75, 91, 38, 19, 92, 43, 84, 29, 72, 81, 25, 2, 55, 0, 94, 89, 62]|[2, 1, 2, 1, 1, 2, 1, 1, 1, 1, 1, 0, 2, 2, 1, 2, 0, 0, 0, 2, 2, 1, 0, 2, 0, 2, 2, 1, 0, 1, 1, 1, 0, 0, 1, 0, 2, 1, 2, 2, 0, 0, 1, 1, 0, 2, 0, 2, 1, 0, 0, 2, 0, 0, 2, 0, 1, 1, 0, 0, 2, 1, 0, 2, 2, 0, 2, 2, 0, 1, 2, 1, 1, 2, 0, 1, 1, 1, 1, 2, 2, 1, 1, 0, 1, 0, 1, 0, 1, 0, 1, 1, 1, 1, 2, 0, 0, 2, 1, 1]|[0, 3, 0, 2, 4, 1, 4, 4, 2, 4, 3, 2, 1, 0, 2, 1, 1, 1, 2, 1, 1, 3, 0, 1, 0, 1, 1, 4, 1, 4, 3, 2, 2, 0, 4, 1, 1, 4, 0, 1, 2, 1, 4, 4, 1, 1, 0, 2, 3, 1, 2, 1, 2, 1, 1, 2, 4, 3, 0, 2, 2, 3, 1, 0, 1, 2, 0, 1, 2, 4, 1, 3, 4, 1, 2, 4, 3, 3, 3, 1, 1, 4, 3, 2, 3, 2, 4, 2, 4, 2, 3, 4, 1, 4, 1, 2, 2, 1, 4, 3]|[0, 2, 0, 1, 3, 0, 1, 3, 0, 0, 2, 0, 1, 0, 1, 0, 0, 0, 1, 0, 0, 2, 0, 0, 1, 0, 0, 3, 0, 1, 0, 2, 0, 1, 3, 0, 1, 3, 1, 0, 0, 0, 1, 3, 0, 0, 1, 0, 2, 0, 0, 0, 0, 0, 1, 0, 1, 0, 1, 1, 0, 2, 0, 0, 0, 0, 0, 0, 0, 2, 0, 0, 1, 0, 0, 1, 0, 0, 3, 0, 0, 1, 0, 0, 0, 0, 3, 0, 2, 0, 0, 2, 1, 3, 0, 0, 0, 0, 1, 0],847.5774112780123,52007.329839342645,107494.62989686072,false
52,G2_TEC,G2_TEC,[31, 94, 82, 15, 26, 9, 95, 42, 77, 68, 47, 5, 93, 78, 86, 54, 85, 63, 18, 44, 20, 49, 36, 14, 74, 50, 53, 17, 21, 28, 11, 64, 3, 23, 30, 83, 24, 41, 40, 52, 65, 27, 90, 70, 39, 87, 48, 69, 99, 4, 98, 1, 13, 56, 97, 59, 45, 8, 73, 37, 35, 79, 71, 66, 76, 32, 60, 80, 58, 6, 67, 61, 33, 7, 57, 34, 12, 16, 10, 46, 96, 88, 43, 81, 91, 2, 84, 29, 92, 19, 51, 55, 89, 75, 25, 22, 38, 72, 62, 0]|[2, 1, 2, 1, 1, 2, 1, 1, 1, 1, 1, 0, 2, 2, 1, 2, 0, 0, 0, 2, 2, 1, 0, 2, 0, 2, 2, 1, 0, 1, 1, 1, 0, 0, 1, 0, 2, 1, 2, 2, 0, 0, 1, 1, 0, 2, 0, 2, 1, 0, 2, 2, 0, 2, 2, 0, 1, 1, 0, 0, 2, 1, 1, 2, 2, 0, 2, 2, 2, 1, 2, 1, 1, 2, 0, 1, 1, 2, 1, 0, 0, 1, 1, 1, 1, 0, 0, 1, 0, 1, 1, 0, 1, 0, 1, 2, 0, 1, 1, 0]|[0, 3, 0, 3, 4, 1, 4, 4, 4, 4, 3, 2, 1, 0, 2, 1, 1, 1, 2, 1, 1, 3, 0, 1, 0, 1, 1, 4, 1, 4, 3, 2, 2, 0, 4, 1, 1, 4, 1, 1, 2, 1, 4, 4, 1, 1, 0, 1, 3, 2, 1, 1, 2, 1, 1, 2, 4, 3, 0, 2, 1, 3, 3, 1, 1, 2, 1, 1, 1, 4, 1, 3, 4, 1, 2, 4, 3, 1, 3, 2, 2, 4, 4, 4, 3, 2, 2, 3, 2, 4, 3, 2, 4, 2, 4, 1, 2, 4, 3, 2]|[0, 2, 0, 0, 3, 0, 1, 3, 1, 0, 2, 0, 1, 0, 1, 0, 0, 0, 1, 0, 0, 2, 0, 0, 1, 0, 0, 3, 0, 1, 0, 2, 0, 0, 3, 0, 1, 1, 0, 0, 0, 0, 1, 3, 0, 0, 1, 0, 2, 0, 0, 0, 0, 0, 1, 0, 1, 0, 1, 1, 0, 2, 0, 0, 0, 0, 0, 0, 0, 2, 0, 0, 1, 0, 0, 1, 0, 0, 3, 0, 0, 1, 2, 2, 0, 0, 0, 3, 0, 1, 0, 0, 1, 0, 3, 0, 0, 1, 0, 0],910.6016522559228,48449.301094637194,107046.1135137847,false
52,G3_TWC,G3_TWC,[31, 22, 42, 15, 26, 58, 95, 82, 77, 12, 47, 5, 93, 78, 98, 54, 85, 63, 18, 44, 20, 35, 43, 97, 91, 76, 10, 30, 21, 45, 71, 64, 1, 23, 17, 83, 24, 61, 60, 49, 6, 57, 94, 88, 65, 56, 79, 40, 67, 68, 46, 75, 38, 9, 19, 32, 81, 41, 27, 62, 87, 90, 99, 59, 11, 16, 72, 73, 70, 39, 37, 84, 3, 92, 25, 74, 28, 29, 51, 7, 53, 14, 86, 48, 89, 50, 66, 96, 33, 80, 4, 8, 0, 36, 55, 52, 13, 2, 69, 34]|[1, 1, 0, 1, 1, 1, 2, 1, 2, 1, 2, 2, 2, 1, 1, 0, 0, 1, 0, 2, 2, 0, 1, 2, 0, 1, 2, 2, 0, 0, 1, 2, 1, 2, 1, 0, 2, 0, 1, 1, 0, 1, 1, 1, 0, 2, 1, 1, 0, 0, 0, 0, 1, 1, 2, 1, 2, 0, 0, 0, 2, 1, 0, 1, 2, 1, 2, 1, 1, 1, 1, 1, 2, 0, 1, 2, 0, 0, 0, 1, 0, 1, 0, 0, 1, 0, 0, 0, 2, 0, 0, 1, 0, 0, 1, 1, 0, 0, 1, 2]|[4, 3, 2, 2, 0, 0, 2, 2, 2, 4, 1, 1, 2, 4, 4, 1, 1, 4, 2, 1, 1, 1, 1, 2, 1, 2, 1, 1, 1, 1, 3, 2, 3, 0, 4, 0, 1, 1, 0, 3, 2, 2, 4, 0, 1, 1, 3, 2, 0, 1, 2, 2, 1, 4, 0, 3, 2, 1, 1, 2, 1, 3, 1, 1, 1, 3, 0, 4, 3, 1, 4, 1, 1, 2, 4, 1, 2, 1, 1, 3, 2, 3, 1, 1, 1, 1, 1, 1, 1, 1, 2, 3, 2, 1, 4, 1, 2, 2, 3, 1]|[0, 2, 1, 1, 3, 3, 0, 1, 0, 0, 0, 0, 1, 0, 1, 0, 0, 3, 1, 0, 0, 0, 3, 1, 0, 2, 0, 0, 0, 1, 0, 0, 0, 0, 3, 0, 1, 0, 0, 2, 1, 1, 2, 0, 0, 0, 0, 1, 1, 0, 0, 0, 1, 3, 0, 0, 1, 0, 0, 1, 0, 2, 0, 1, 0, 2, 1, 0, 0, 1, 1, 3, 0, 1, 3, 0, 1, 0, 0, 2, 1, 0, 0, 0, 1, 0, 0, 0, 0, 0, 1, 2, 0, 1, 3, 1, 0, 0, 0, 0],800.9906219655827,57627.59269545303,87853.25113417773,false
52,G1_CMAX,G1_CMAX,[31, 22, 90, 26, 58, 95, 42, 12, 93, 5, 78, 86, 98, 18, 20, 35, 3, 97, 91, 76, 10, 85, 54, 45, 63, 71, 66, 1, 23, 17, 24, 60, 36, 6, 57, 15, 65, 56, 47, 79, 94, 67, 50, 46, 14, 75, 38, 9, 30, 19, 32, 81, 27, 92, 83, 87, 40, 99, 59, 11, 53, 16, 72, 77, 73, 70, 39, 37, 84, 43, 62, 25, 55, 28, 29, 51, 68, 82, 74, 61, 88, 21, 80, 89, 7, 69, 96, 41, 48, 4, 8, 34, 49, 52, 0, 44, 13, 2, 64, 33]|[1, 1, 1, 1, 0, 2, 1, 1, 2, 2, 2, 1, 0, 1, 2, 2, 1, 2, 0, 1, 2, 2, 2, 0, 0, 1, 2, 1, 2, 1, 2, 1, 1, 0, 1, 1, 0, 2, 2, 1, 1, 0, 0, 0, 0, 1, 1, 1, 1, 2, 1, 2, 2, 0, 0, 2, 1, 0, 0, 2, 0, 1, 2, 2, 1, 1, 1, 1, 1, 1, 0, 1, 1, 0, 0, 0, 0, 0, 2, 1, 1, 0, 0, 1, 1, 1, 2, 2, 0, 1, 1, 2, 0, 1, 0, 0, 0, 0, 2, 2]|[0, 4, 3, 0, 1, 1, 2, 4, 1, 1, 2, 4, 1, 4, 1, 1, 1, 2, 2, 2, 2, 1, 1, 1, 2, 3, 2, 3, 0, 4, 1, 0, 3, 2, 2, 2, 1, 1, 1, 0, 2, 0, 1, 2, 1, 3, 1, 4, 2, 0, 3, 2, 1, 2, 1, 1, 4, 1, 1, 1, 2, 3, 0, 2, 4, 3, 1, 4, 1, 1, 1, 4, 4, 2, 1, 1, 1, 2, 1, 3, 0, 1, 1, 1, 1, 3, 1, 1, 1, 4, 3, 1, 1, 1, 2, 2, 2, 2, 1, 1]|[3, 0, 2, 3, 0, 0, 1, 0, 0, 0, 1, 0, 0, 3, 0, 0, 1, 1, 1, 2, 1, 0, 0, 0, 0, 0, 0, 0, 0, 3, 1, 0, 2, 1, 1, 1, 0, 0, 0, 0, 1, 1, 0, 0, 0, 0, 1, 3, 2, 0, 0, 1, 0, 1, 0, 0, 2, 0, 0, 0, 1, 2, 1, 1, 0, 0, 1, 1, 3, 3, 0, 3, 3, 1, 0, 0, 0, 1, 0, 0, 0, 0, 0, 1, 2, 2, 0, 0, 0, 0, 2, 0, 1, 1, 0, 0, 0, 0, 0, 0],705.0470749739228,58445.79123614564,95781.2895945797,false
52,G4_BALANCED,G4_BALANCED,[31, 22, 82, 15, 26, 58, 95, 42, 77, 12, 47, 5, 93, 78, 86, 54, 85, 63, 18, 44, 20, 35, 43, 97, 91, 76, 10, 30, 21, 45, 71, 64, 1, 23, 17, 83, 24, 14, 60, 36, 6, 57, 40, 88, 65, 56, 79, 94, 67, 68, 46, 29, 38, 9, 19, 32, 81, 41, 27, 87, 90, 99, 59, 62, 11, 66, 73, 70, 39, 37, 84, 3, 72, 25, 55, 48, 16, 75, 51, 7, 33, 61, 98, 92, 89, 50, 4, 96, 53, 80, 8, 28, 34, 49, 52, 0, 74, 69, 2, 13]|[1, 1, 0, 1, 1, 0, 1, 2, 2, 1, 2, 2, 2, 1, 1, 0, 0, 1, 0, 2, 2, 0, 0, 2, 0, 1, 2, 2, 0, 0, 1, 2, 1, 2, 1, 0, 2, 0, 1, 1, 0, 1, 1, 1, 0, 2, 1, 1, 0, 0, 0, 0, 1, 1, 2, 1, 2, 0, 0, 2, 1, 0, 1, 2, 2, 2, 1, 1, 1, 1, 1, 1, 2, 1, 2, 0, 1, 0, 0, 1, 2, 1, 2, 0, 1, 0, 1, 2, 0, 0, 0, 0, 2, 0, 1, 0, 2, 1, 0, 0]|[4, 3, 2, 2, 4, 1, 2, 2, 2, 4, 1, 1, 2, 4, 4, 1, 2, 4, 2, 1, 1, 1, 1, 2, 1, 2, 1, 1, 2, 1, 3, 2, 3, 1, 4, 0, 1, 1, 0, 3, 2, 2, 2, 0, 1, 1, 0, 4, 0, 1, 2, 2, 1, 4, 0, 3, 2, 1, 1, 1, 3, 1, 1, 1, 1, 1, 4, 3, 1, 4, 1, 1, 1, 4, 1, 1, 3, 1, 1, 1, 1, 3, 1, 0, 1, 1, 4, 1, 2, 1, 1, 2, 1, 1, 1, 2, 1, 4, 2, 2]|[0, 2, 1, 1, 3, 0, 1, 0, 0, 0, 0, 0, 1, 0, 1, 0, 0, 3, 1, 0, 0, 0, 0, 1, 0, 2, 0, 0, 0, 1, 0, 0, 0, 0, 3, 0, 1, 0, 0, 2, 1, 1, 1, 0, 0, 0, 0, 2, 1, 0, 0, 0, 1, 3, 0, 0, 1, 0, 0, 0, 2, 0, 1, 0, 0, 0, 0, 0, 1, 1, 3, 1, 0, 3, 0, 0, 2, 0, 0, 2, 0, 0, 0, 1, 1, 0, 0, 0, 1, 0, 0, 1, 0, 1, 1, 0, 0, 2, 0, 0],780.6740718852884,55452.862853508894,96219.06701757858,false
52,G2_TEC,G2_TEC,[31, 94, 82, 15, 26, 9, 95, 42, 77, 68, 47, 5, 93, 78, 86, 54, 85, 63, 18, 44, 20, 49, 36, 14, 74, 50, 53, 17, 21, 28, 11, 64, 3, 23, 30, 83, 24, 41, 40, 52, 65, 27, 90, 70, 39, 87, 48, 69, 99, 4, 98, 1, 13, 56, 97, 59, 45, 8, 73, 37, 35, 79, 71, 66, 76, 32, 60, 80, 58, 6, 67, 61, 33, 7, 57, 34, 12, 16, 10, 46, 96, 88, 43, 81, 91, 2, 84, 29, 92, 19, 51, 55, 89, 75, 25, 22, 38, 72, 62, 0]|[2, 1, 2, 1, 1, 2, 1, 1, 1, 1, 1, 0, 2, 2, 1, 2, 0, 0, 0, 2, 2, 1, 0, 2, 0, 2, 2, 1, 0, 1, 1, 1, 0, 0, 1, 0, 2, 1, 2, 2, 0, 0, 1, 1, 0, 2, 0, 2, 1, 0, 2, 2, 0, 2, 2, 0, 1, 1, 0, 0, 2, 1, 1, 2, 2, 0, 2, 2, 2, 1, 2, 1, 1, 2, 0, 1, 1, 2, 1, 0, 0, 1, 1, 1, 1, 0, 0, 1, 0, 1, 1, 0, 1, 0, 1, 2, 0, 1, 1, 0]|[0, 3, 0, 3, 4, 1, 4, 4, 4, 4, 3, 2, 1, 0, 2, 1, 1, 1, 2, 1, 1, 3, 0, 1, 0, 1, 1, 4, 1, 4, 3, 2, 2, 0, 4, 1, 1, 4, 1, 1, 2, 1, 4, 4, 1, 1, 0, 1, 3, 2, 1, 1, 2, 1, 1, 2, 4, 3, 0, 2, 1, 3, 3, 1, 1, 2, 1, 1, 1, 4, 1, 3, 4, 1, 2, 4, 3, 1, 3, 2, 2, 4, 4, 4, 3, 2, 2, 3, 2, 4, 3, 2, 4, 2, 4, 1, 2, 4, 3, 2]|[0, 2, 0, 0, 3, 0, 1, 3, 1, 0, 2, 0, 1, 0, 1, 0, 0, 0, 1, 0, 0, 2, 0, 0, 1, 0, 0, 3, 0, 1, 0, 2, 0, 0, 3, 0, 1, 1, 0, 0, 0, 0, 1, 3, 0, 0, 1, 0, 2, 0, 0, 0, 0, 0, 1, 0, 1, 0, 1, 1, 0, 2, 0, 0, 0, 0, 0, 0, 0, 2, 0, 0, 1, 0, 0, 1, 0, 0, 3, 0, 0, 1, 2, 2, 0, 0, 0, 3, 0, 1, 0, 0, 1, 0, 3, 0, 0, 1, 0, 0],910.6016522559228,48449.301094637194,107046.1135137847,false
52,G3_TWC,G3_TWC,[31, 22, 42, 15, 26, 58, 95, 82, 77, 12, 47, 5, 93, 78, 98, 54, 85, 63, 18, 44, 20, 35, 43, 97, 91, 76, 10, 30, 21, 45, 71, 64, 1, 23, 17, 83, 24, 61, 60, 49, 6, 57, 94, 88, 65, 56, 79, 40, 67, 68, 46, 75, 38, 9, 19, 32, 81, 41, 27, 62, 87, 90, 99, 59, 11, 16, 72, 73, 70, 39, 37, 84, 3, 92, 25, 74, 28, 29, 51, 7, 53, 14, 86, 48, 89, 50, 66, 96, 33, 80, 4, 8, 0, 36, 55, 52, 13, 2, 69, 34]|[1, 1, 0, 1, 1, 1, 2, 1, 2, 1, 2, 2, 2, 1, 1, 0, 0, 1, 0, 2, 2, 0, 1, 2, 0, 1, 2, 2, 0, 0, 1, 2, 1, 2, 1, 0, 2, 0, 1, 1, 0, 1, 1, 1, 0, 2, 1, 1, 0, 0, 0, 0, 1, 1, 2, 1, 2, 0, 0, 0, 2, 1, 0, 1, 2, 1, 2, 1, 1, 1, 1, 1, 2, 0, 1, 2, 0, 0, 0, 1, 0, 1, 0, 0, 1, 0, 0, 0, 2, 0, 0, 1, 0, 0, 1, 1, 0, 0, 1, 2]|[4, 3, 2, 2, 0, 0, 2, 2, 2, 4, 1, 1, 2, 4, 4, 1, 1, 4, 2, 1, 1, 1, 1, 2, 1, 2, 1, 1, 1, 1, 3, 2, 3, 0, 4, 0, 1, 1, 0, 3, 2, 2, 4, 0, 1, 1, 3, 2, 0, 1, 2, 2, 1, 4, 0, 3, 2, 1, 1, 2, 1, 3, 1, 1, 1, 3, 0, 4, 3, 1, 4, 1, 1, 2, 4, 1, 2, 1, 1, 3, 2, 3, 1, 1, 1, 1, 1, 1, 1, 1, 2, 3, 2, 1, 4, 1, 2, 2, 3, 1]|[0, 2, 1, 1, 3, 3, 0, 1, 0, 0, 0, 0, 1, 0, 1, 0, 0, 3, 1, 0, 0, 0, 3, 1, 0, 2, 0, 0, 0, 1, 0, 0, 0, 0, 3, 0, 1, 0, 0, 2, 1, 1, 2, 0, 0, 0, 0, 1, 1, 0, 0, 0, 1, 3, 0, 0, 1, 0, 0, 1, 0, 2, 0, 1, 0, 2, 1, 0, 0, 1, 1, 3, 0, 1, 3, 0, 1, 0, 0, 2, 1, 0, 0, 0, 1, 0, 0, 0, 0, 0, 1, 2, 0, 1, 3, 1, 0, 0, 0, 0],800.9906219655827,57627.59269545303,87853.25113417773,false
52,G1_CMAX,G1_CMAX,[31, 22, 90, 26, 58, 95, 42, 12, 93, 5, 78, 86, 98, 18, 20, 35, 3, 97, 91, 76, 10, 85, 54, 45, 63, 71, 66, 1, 23, 17, 24, 60, 36, 6, 57, 15, 65, 56, 47, 79, 94, 67, 50, 46, 14, 75, 38, 9, 30, 19, 32, 81, 27, 92, 83, 87, 40, 99, 59, 11, 53, 16, 72, 77, 73, 70, 39, 37, 84, 43, 62, 25, 55, 28, 29, 51, 68, 82, 74, 61, 88, 21, 80, 89, 7, 69, 96, 41, 48, 4, 8, 34, 49, 52, 0, 44, 13, 2, 64, 33]|[1, 1, 1, 1, 0, 2, 1, 1, 2, 2, 2, 1, 0, 1, 2, 2, 1, 2, 0, 1, 2, 2, 2, 0, 0, 1, 2, 1, 2, 1, 2, 1, 1, 0, 1, 1, 0, 2, 2, 1, 1, 0, 0, 0, 0, 1, 1, 1, 1, 2, 1, 2, 2, 0, 0, 2, 1, 0, 0, 2, 0, 1, 2, 2, 1, 1, 1, 1, 1, 1, 0, 1, 1, 0, 0, 0, 0, 0, 2, 1, 1, 0, 0, 1, 1, 1, 2, 2, 0, 1, 1, 2, 0, 1, 0, 0, 0, 0, 2, 2]|[0, 4, 3, 0, 1, 1, 2, 4, 1, 1, 2, 4, 1, 4, 1, 1, 1, 2, 2, 2, 2, 1, 1, 1, 2, 3, 2, 3, 0, 4, 1, 0, 3, 2, 2, 2, 1, 1, 1, 0, 2, 0, 1, 2, 1, 3, 1, 4, 2, 0, 3, 2, 1, 2, 1, 1, 4, 1, 1, 1, 2, 3, 0, 2, 4, 3, 1, 4, 1, 1, 1, 4, 4, 2, 1, 1, 1, 2, 1, 3, 0, 1, 1, 1, 1, 3, 1, 1, 1, 4, 3, 1, 1, 1, 2, 2, 2, 2, 1, 1]|[3, 0, 2, 3, 0, 0, 1, 0, 0, 0, 1, 0, 0, 3, 0, 0, 1, 1, 1, 2, 1, 0, 0, 0, 0, 0, 0, 0, 0, 3, 1, 0, 2, 1, 1, 1, 0, 0, 0, 0, 1, 1, 0, 0, 0, 0, 1, 3, 2, 0, 0, 1, 0, 1, 0, 0, 2, 0, 0, 0, 1, 2, 1, 1, 0, 0, 1, 1, 3, 3, 0, 3, 3, 1, 0, 0, 0, 1, 0, 0, 0, 0, 0, 1, 2, 2, 0, 0, 0, 0, 2, 0, 1, 1, 0, 0, 0, 0, 0, 0],705.0470749739228,58445.79123614564,95781.2895945797,false
52,G4_BALANCED,G2_TEC,[31, 22, 82, 15, 26, 9, 95, 42, 77, 68, 47, 5, 93, 78, 86, 54, 85, 63, 18, 44, 20, 49, 36, 14, 74, 50, 53, 65, 21, 28, 11, 64, 3, 23, 30, 83, 24, 41, 40, 52, 17, 27, 90, 70, 39, 87, 48, 69, 99, 4, 75, 1, 13, 58, 97, 59, 45, 8, 73, 37, 35, 79, 71, 66, 76, 32, 60, 80, 56, 6, 67, 61, 33, 7, 57, 34, 12, 16, 10, 94, 96, 88, 43, 46, 91, 2, 84, 29, 92, 19, 51, 55, 81, 89, 25, 62, 98, 38, 0, 72]|[2, 1, 2, 1, 1, 2, 1, 1, 1, 1, 1, 0, 2, 2, 1, 2, 0, 0, 0, 2, 2, 1, 0, 2, 0, 2, 2, 0, 0, 1, 1, 1, 0, 0, 1, 0, 2, 1, 2, 2, 1, 0, 1, 1, 0, 2, 0, 2, 1, 0, 0, 2, 0, 0, 2, 0, 1, 1, 0, 0, 2, 1, 1, 2, 2, 0, 2, 2, 2, 1, 2, 1, 1, 2, 0, 1, 1, 2, 1, 2, 0, 1, 1, 0, 1, 0, 0, 1, 0, 1, 1, 0, 1, 1, 1, 1, 2, 0, 2, 1]|[0, 3, 0, 3, 4, 1, 4, 4, 2, 4, 3, 2, 1, 0, 2, 1, 1, 1, 2, 1, 1, 3, 0, 1, 0, 1, 1, 2, 1, 4, 3, 2, 2, 0, 4, 1, 1, 4, 1, 1, 4, 1, 4, 4, 1, 1, 0, 1, 3, 2, 2, 1, 2, 1, 1, 2, 4, 3, 0, 2, 2, 3, 3, 1, 1, 2, 1, 1, 1, 4, 1, 3, 4, 1, 2, 4, 3, 1, 3, 1, 2, 4, 4, 2, 3, 2, 2, 3, 2, 4, 3, 2, 4, 4, 4, 3, 1, 2, 1, 4]|[0, 2, 0, 0, 3, 0, 1, 3, 0, 0, 2, 0, 1, 0, 1, 0, 0, 0, 1, 0, 0, 2, 0, 0, 1, 0, 0, 0, 0, 1, 0, 2, 0, 0, 3, 0, 1, 1, 0, 0, 3, 0, 1, 3, 0, 0, 1, 0, 2, 0, 0, 0, 0, 0, 1, 0, 1, 0, 1, 1, 0, 2, 0, 0, 0, 0, 0, 0, 0, 2, 0, 0, 1, 0, 0, 1, 0, 0, 3, 0, 0, 1, 2, 0, 0, 0, 0, 3, 0, 1, 0, 0, 2, 1, 3, 0, 0, 0, 0, 1],892.2720545200965,49147.272066261,106205.81635256432,true
52,G2_TEC,G2_TEC,[31, 94, 82, 15, 26, 9, 95, 42, 77, 68, 47, 5, 93, 78, 86, 54, 85, 63, 18, 44, 20, 49, 36, 14, 74, 50, 53, 17, 21, 28, 11, 64, 3, 23, 30, 83, 24, 41, 40, 52, 65, 27, 90, 70, 39, 87, 48, 69, 99, 4, 98, 1, 13, 56, 97, 59, 45, 8, 73, 37, 35, 79, 71, 66, 76, 32, 60, 80, 58, 6, 67, 61, 33, 7, 57, 34, 12, 16, 10, 46, 96, 88, 43, 81, 91, 2, 84, 29, 92, 19, 51, 55, 89, 75, 25, 22, 38, 72, 62, 0]|[2, 1, 2, 1, 1, 2, 1, 1, 1, 1, 1, 0, 2, 2, 1, 2, 0, 0, 0, 2, 2, 1, 0, 2, 0, 2, 2, 1, 0, 1, 1, 1, 0, 0, 1, 0, 2, 1, 2, 2, 0, 0, 1, 1, 0, 2, 0, 2, 1, 0, 2, 2, 0, 2, 2, 0, 1, 1, 0, 0, 2, 1, 1, 2, 2, 0, 2, 2, 2, 1, 2, 1, 1, 2, 0, 1, 1, 2, 1, 0, 0, 1, 1, 1, 1, 0, 0, 1, 0, 1, 1, 0, 1, 0, 1, 2, 0, 1, 1, 0]|[0, 3, 0, 3, 4, 1, 4, 4, 4, 4, 3, 2, 1, 0, 2, 1, 1, 1, 2, 1, 1, 3, 0, 1, 0, 1, 1, 4, 1, 4, 3, 2, 2, 0, 4, 1, 1, 4, 1, 1, 2, 1, 4, 4, 1, 1, 0, 1, 3, 2, 1, 1, 2, 1, 1, 2, 4, 3, 0, 2, 1, 3, 3, 1, 1, 2, 1, 1, 1, 4, 1, 3, 4, 1, 2, 4, 3, 1, 3, 2, 2, 4, 4, 4, 3, 2, 2, 3, 2, 4, 3, 2, 4, 2, 4, 1, 2, 4, 3, 2]|[0, 2, 0, 0, 3, 0, 1, 3, 1, 0, 2, 0, 1, 0, 1, 0, 0, 0, 1, 0, 0, 2, 0, 0, 1, 0, 0, 3, 0, 1, 0, 2, 0, 0, 3, 0, 1, 1, 0, 0, 0, 0, 1, 3, 0, 0, 1, 0, 2, 0, 0, 0, 0, 0, 1, 0, 1, 0, 1, 1, 0, 2, 0, 0, 0, 0, 0, 0, 0, 2, 0, 0, 1, 0, 0, 1, 0, 0, 3, 0, 0, 1, 2, 2, 0, 0, 0, 3, 0, 1, 0, 0, 1, 0, 3, 0, 0, 1, 0, 0],910.6016522559228,48449.301094637194,107046.1135137847,false
52,G3_TWC,G3_TWC,[31, 22, 42, 15, 26, 58, 95, 82, 77, 12, 47, 5, 93, 78, 98, 54, 85, 63, 18, 44, 20, 35, 43, 97, 91, 76, 10, 30, 21, 45, 71, 64, 1, 23, 17, 83, 24, 61, 60, 49, 6, 57, 94, 88, 65, 56, 79, 40, 67, 68, 46, 75, 38, 9, 19, 32, 81, 41, 27, 62, 87, 90, 99, 59, 11, 16, 72, 73, 70, 39, 37, 84, 3, 92, 25, 74, 28, 29, 51, 7, 53, 14, 86, 48, 89, 50, 66, 96, 33, 80, 4, 8, 0, 36, 55, 52, 13, 2, 69, 34]|[1, 1, 0, 1, 1, 1, 2, 1, 2, 1, 2, 2, 2, 1, 1, 0, 0, 1, 0, 2, 2, 0, 1, 2, 0, 1, 2, 2, 0, 0, 1, 2, 1, 2, 1, 0, 2, 0, 1, 1, 0, 1, 1, 1, 0, 2, 1, 1, 0, 0, 0, 0, 1, 1, 2, 1, 2, 0, 0, 0, 2, 1, 0, 1, 2, 1, 2, 1, 1, 1, 1, 1, 2, 0, 1, 2, 0, 0, 0, 1, 0, 1, 0, 0, 1, 0, 0, 0, 2, 0, 0, 1, 0, 0, 1, 1, 0, 0, 1, 2]|[4, 3, 2, 2, 0, 0, 2, 2, 2, 4, 1, 1, 2, 4, 4, 1, 1, 4, 2, 1, 1, 1, 1, 2, 1, 2, 1, 1, 1, 1, 3, 2, 3, 0, 4, 0, 1, 1, 0, 3, 2, 2, 4, 0, 1, 1, 3, 2, 0, 1, 2, 2, 1, 4, 0, 3, 2, 1, 1, 2, 1, 3, 1, 1, 1, 3, 0, 4, 3, 1, 4, 1, 1, 2, 4, 1, 2, 1, 1, 3, 2, 3, 1, 1, 1, 1, 1, 1, 1, 1, 2, 3, 2, 1, 4, 1, 2, 2, 3, 1]|[0, 2, 1, 1, 3, 3, 0, 1, 0, 0, 0, 0, 1, 0, 1, 0, 0, 3, 1, 0, 0, 0, 3, 1, 0, 2, 0, 0, 0, 1, 0, 0, 0, 0, 3, 0, 1, 0, 0, 2, 1, 1, 2, 0, 0, 0, 0, 1, 1, 0, 0, 0, 1, 3, 0, 0, 1, 0, 0, 1, 0, 2, 0, 1, 0, 2, 1, 0, 0, 1, 1, 3, 0, 1, 3, 0, 1, 0, 0, 2, 1, 0, 0, 0, 1, 0, 0, 0, 0, 0, 1, 2, 0, 1, 3, 1, 0, 0, 0, 0],800.9906219655827,57627.59269545303,87853.25113417773,false
52,G1_CMAX,G1_CMAX,[31, 22, 90, 26, 58, 95, 42, 12, 93, 5, 78, 86, 98, 18, 20, 35, 3, 97, 91, 76, 10, 85, 54, 45, 63, 71, 66, 1, 23, 17, 24, 60, 36, 6, 57, 15, 65, 56, 47, 79, 94, 67, 50, 46, 14, 75, 38, 9, 30, 19, 32, 81, 27, 92, 83, 87, 40, 99, 59, 11, 53, 16, 72, 77, 73, 70, 39, 37, 84, 43, 62, 25, 55, 28, 29, 51, 68, 82, 74, 61, 88, 21, 80, 89, 7, 69, 96, 41, 48, 4, 8, 34, 49, 52, 0, 44, 13, 2, 64, 33]|[1, 1, 1, 1, 0, 2, 1, 1, 2, 2, 2, 1, 0, 1, 2, 2, 1, 2, 0, 1, 2, 2, 2, 0, 0, 1, 2, 1, 2, 1, 2, 1, 1, 0, 1, 1, 0, 2, 2, 1, 1, 0, 0, 0, 0, 1, 1, 1, 1, 2, 1, 2, 2, 0, 0, 2, 1, 0, 0, 2, 0, 1, 2, 2, 1, 1, 1, 1, 1, 1, 0, 1, 1, 0, 0, 0, 0, 0, 2, 1, 1, 0, 0, 1, 1, 1, 2, 2, 0, 1, 1, 2, 0, 1, 0, 0, 0, 0, 2, 2]|[0, 4, 3, 0, 1, 1, 2, 4, 1, 1, 2, 4, 1, 4, 1, 1, 1, 2, 2, 2, 2, 1, 1, 1, 2, 3, 2, 3, 0, 4, 1, 0, 3, 2, 2, 2, 1, 1, 1, 0, 2, 0, 1, 2, 1, 3, 1, 4, 2, 0, 3, 2, 1, 2, 1, 1, 4, 1, 1, 1, 2, 3, 0, 2, 4, 3, 1, 4, 1, 1, 1, 4, 4, 2, 1, 1, 1, 2, 1, 3, 0, 1, 1, 1, 1, 3, 1, 1, 1, 4, 3, 1, 1, 1, 2, 2, 2, 2, 1, 1]|[3, 0, 2, 3, 0, 0, 1, 0, 0, 0, 1, 0, 0, 3, 0, 0, 1, 1, 1, 2, 1, 0, 0, 0, 0, 0, 0, 0, 0, 3, 1, 0, 2, 1, 1, 1, 0, 0, 0, 0, 1, 1, 0, 0, 0, 0, 1, 3, 2, 0, 0, 1, 0, 1, 0, 0, 2, 0, 0, 0, 1, 2, 1, 1, 0, 0, 1, 1, 3, 3, 0, 3, 3, 1, 0, 0, 0, 1, 0, 0, 0, 0, 0, 1, 2, 2, 0, 0, 0, 0, 2, 0, 1, 1, 0, 0, 0, 0, 0, 0],705.0470749739228,58445.79123614564,95781.2895945797,false
52,G4_BALANCED,G4_BALANCED,[31, 11, 15, 82, 26, 9, 95, 32, 77, 68, 47, 5, 93, 78, 86, 54, 85, 63, 18, 44, 20, 49, 36, 14, 74, 50, 53, 17, 21, 45, 71, 64, 3, 23, 30, 83, 24, 41, 60, 52, 51, 27, 90, 70, 39, 87, 48, 69, 99, 4, 46, 1, 13, 58, 97, 59, 28, 8, 73, 37, 35, 79, 22, 66, 76, 42, 40, 80, 96, 6, 16, 61, 33, 7, 57, 34, 12, 67, 10, 98, 56, 88, 43, 75, 91, 38, 84, 92, 29, 19, 65, 55, 72, 89, 25, 81, 94, 2, 62, 0]|[2, 1, 2, 1, 1, 2, 1, 1, 1, 1, 1, 0, 2, 2, 1, 2, 0, 0, 0, 2, 2, 1, 0, 2, 0, 2, 2, 1, 0, 1, 1, 1, 0, 0, 1, 0, 2, 1, 2, 2, 0, 0, 1, 1, 0, 2, 0, 2, 1, 0, 0, 2, 0, 0, 2, 0, 1, 1, 0, 0, 2, 1, 1, 2, 2, 0, 2, 2, 0, 1, 2, 1, 1, 2, 0, 1, 1, 1, 1, 2, 2, 1, 1, 0, 1, 0, 0, 0, 1, 1, 1, 0, 1, 1, 1, 1, 2, 2, 1, 0]|[1, 3, 0, 3, 4, 1, 4, 4, 2, 4, 3, 2, 1, 0, 2, 1, 1, 1, 2, 1, 1, 3, 0, 1, 0, 1, 1, 4, 1, 4, 3, 2, 2, 0, 4, 1, 1, 4, 1, 1, 2, 1, 4, 4, 1, 1, 0, 2, 3, 1, 2, 1, 2, 1, 1, 2, 4, 3, 0, 2, 2, 3, 3, 1, 1, 2, 1, 1, 2, 4, 1, 3, 4, 1, 2, 4, 3, 3, 3, 1, 1, 4, 4, 2, 3, 2, 2, 2, 3, 4, 3, 2, 4, 4, 4, 1, 1, 1, 3, 2]|[1, 2, 0, 0, 3, 0, 1, 3, 0, 0, 2, 0, 1, 0, 1, 0, 0, 0, 1, 0, 0, 2, 0, 0, 1, 0, 0, 3, 0, 1, 0, 2, 0, 1, 3, 0, 1, 1, 0, 0, 0, 0, 1, 3, 0, 0, 1, 0, 2, 0, 0, 0, 0, 0, 1, 0, 1, 0, 1, 1, 0, 2, 2, 0, 0, 0, 0, 0, 0, 2, 0, 0, 1, 0, 0, 1, 0, 0, 3, 0, 0, 1, 2, 0, 0, 0, 0, 0, 3, 1, 0, 0, 2, 1, 3, 1, 0, 0, 0, 0],863.1287736981566,50462.27750314327,104436.85600586075,false
52,G2_TEC,G2_TEC,[31, 94, 82, 15, 26, 9, 95, 42, 77, 68, 47, 5, 93, 78, 86, 54, 85, 63, 18, 44, 20, 49, 36, 14, 74, 50, 53, 17, 21, 28, 11, 64, 3, 23, 30, 83, 24, 41, 40, 52, 65, 27, 90, 70, 39, 87, 48, 69, 99, 4, 98, 1, 13, 56, 97, 59, 45, 8, 73, 37, 35, 79, 71, 66, 76, 32, 60, 80, 58, 6, 67, 61, 33, 7, 57, 34, 12, 16, 10, 46, 96, 88, 43, 81, 91, 2, 84, 29, 92, 19, 51, 55, 89, 75, 25, 22, 38, 72, 62, 0]|[2, 1, 2, 1, 1, 2, 1, 1, 1, 1, 1, 0, 2, 2, 1, 2, 0, 0, 0, 2, 2, 1, 0, 2, 0, 2, 2, 1, 0, 1, 1, 1, 0, 0, 1, 0, 2, 1, 2, 2, 0, 0, 1, 1, 0, 2, 0, 2, 1, 0, 2, 2, 0, 2, 2, 0, 1, 1, 0, 0, 2, 1, 1, 2, 2, 0, 2, 2, 2, 1, 2, 1, 1, 2, 0, 1, 1, 2, 1, 0, 0, 1, 1, 1, 1, 0, 0, 1, 0, 1, 1, 0, 1, 0, 1, 2, 0, 1, 1, 0]|[0, 3, 0, 3, 4, 1, 4, 4, 4, 4, 3, 2, 1, 0, 2, 1, 1, 1, 2, 1, 1, 3, 0, 1, 0, 1, 1, 4, 1, 4, 3, 2, 2, 0, 4, 1, 1, 4, 1, 1, 2, 1, 4, 4, 1, 1, 0, 1, 3, 2, 1, 1, 2, 1, 1, 2, 4, 3, 0, 2, 1, 3, 3, 1, 1, 2, 1, 1, 1, 4, 1, 3, 4, 1, 2, 4, 3, 1, 3, 2, 2, 4, 4, 4, 3, 2, 2, 3, 2, 4, 3, 2, 4, 2, 4, 1, 2, 4, 3, 2]|[0, 2, 0, 0, 3, 0, 1, 3, 1, 0, 2, 0, 1, 0, 1, 0, 0, 0, 1, 0, 0, 2, 0, 0, 1, 0, 0, 3, 0, 1, 0, 2, 0, 0, 3, 0, 1, 1, 0, 0, 0, 0, 1, 3, 0, 0, 1, 0, 2, 0, 0, 0, 0, 0, 1, 0, 1, 0, 1, 1, 0, 2, 0, 0, 0, 0, 0, 0, 0, 2, 0, 0, 1, 0, 0, 1, 0, 0, 3, 0, 0, 1, 2, 2, 0, 0, 0, 3, 0, 1, 0, 0, 1, 0, 3, 0, 0, 1, 0, 0],910.6016522559228,48449.301094637194,107046.1135137847,false
52,G3_TWC,G1_CMAX,[31, 22, 42, 15, 26, 24, 95, 82, 77, 12, 47, 5, 93, 78, 98, 54, 63, 18, 44, 20, 43, 97, 91, 76, 10, 30, 21, 45, 71, 64, 1, 23, 17, 83, 58, 61, 60, 36, 6, 57, 94, 88, 65, 56, 79, 40, 67, 68, 46, 75, 38, 9, 19, 32, 81, 41, 27, 35, 62, 85, 87, 90, 99, 59, 11, 16, 72, 73, 70, 39, 37, 84, 3, 92, 25, 74, 28, 29, 51, 7, 53, 14, 86, 66, 89, 50, 48, 96, 33, 80, 4, 8, 55, 49, 0, 52, 13, 2, 69, 34]|[1, 1, 2, 1, 1, 1, 2, 1, 2, 1, 2, 2, 2, 1, 1, 0, 1, 0, 2, 2, 1, 2, 0, 1, 2, 2, 0, 0, 1, 2, 1, 2, 1, 0, 2, 0, 1, 1, 0, 1, 1, 1, 0, 2, 1, 1, 0, 0, 0, 0, 1, 1, 2, 1, 2, 0, 0, 0, 0, 0, 2, 1, 0, 1, 2, 1, 2, 1, 1, 1, 1, 1, 2, 0, 1, 2, 0, 0, 0, 1, 0, 1, 1, 0, 1, 0, 0, 2, 2, 0, 1, 1, 2, 0, 0, 1, 0, 0, 1, 2]|[4, 3, 1, 2, 0, 0, 2, 2, 2, 4, 1, 1, 2, 4, 4, 1, 4, 2, 1, 1, 1, 2, 1, 2, 1, 1, 1, 1, 3, 2, 3, 0, 4, 0, 1, 1, 0, 3, 2, 2, 4, 0, 1, 1, 0, 2, 0, 1, 2, 2, 1, 4, 0, 3, 2, 1, 1, 1, 2, 1, 1, 3, 1, 1, 1, 3, 0, 4, 3, 1, 4, 1, 1, 2, 4, 1, 2, 1, 1, 3, 2, 3, 4, 1, 1, 1, 1, 1, 1, 1, 4, 3, 1, 1, 2, 1, 2, 2, 4, 1]|[0, 2, 1, 1, 3, 3, 0, 1, 0, 0, 0, 0, 1, 0, 1, 0, 3, 1, 0, 0, 3, 1, 0, 2, 0, 0, 0, 1, 0, 0, 0, 0, 3, 0, 1, 0, 0, 2, 1, 1, 2, 0, 0, 0, 0, 1, 1, 0, 0, 0, 1, 3, 0, 0, 1, 0, 0, 0, 1, 0, 0, 2, 0, 1, 0, 2, 1, 0, 0, 1, 1, 3, 0, 1, 3, 0, 1, 0, 0, 2, 1, 0, 1, 0, 1, 0, 0, 0, 0, 0, 0, 2, 0, 1, 0, 1, 0, 0, 2, 0],725.378901546286,57621.85216148156,92116.76426698791,true
52,G1_CMAX,G2_TEC,[31, 94, 82, 15, 26, 9, 95, 42, 77, 68, 47, 5, 93, 78, 86, 54, 85, 63, 18, 44, 20, 49, 36, 14, 74, 50, 35, 17, 21, 28, 11, 64, 3, 23, 30, 83, 24, 41, 40, 52, 65, 27, 90, 70, 39, 87, 48, 69, 99, 4, 46, 1, 13, 58, 97, 59, 45, 8, 73, 37, 53, 79, 71, 66, 76, 32, 60, 80, 56, 6, 67, 61, 33, 7, 57, 34, 12, 16, 10, 98, 96, 88, 43, 81, 91, 2, 84, 29, 92, 19, 51, 55, 89, 25, 75, 22, 72, 38, 62, 0]|[2, 1, 2, 1, 1, 2, 1, 1, 1, 1, 1, 0, 2, 2, 1, 2, 0, 0, 0, 2, 2, 1, 0, 2, 0, 2, 2, 1, 0, 1, 1, 1, 0, 0, 1, 0, 2, 1, 2, 2, 0, 0, 1, 1, 0, 2, 0, 2, 1, 0, 0, 2, 0, 2, 2, 0, 1, 1, 0, 0, 2, 1, 1, 2, 2, 0, 2, 2, 2, 1, 2, 1, 1, 2, 0, 1, 1, 2, 1, 2, 0, 1, 1, 1, 1, 0, 0, 1, 0, 1, 1, 0, 1, 1, 0, 2, 1, 0, 1, 0]|[0, 3, 0, 3, 4, 1, 4, 4, 4, 4, 3, 2, 1, 0, 2, 1, 1, 1, 2, 1, 1, 3, 0, 1, 0, 1, 1, 4, 1, 4, 3, 2, 2, 0, 4, 1, 1, 4, 1, 1, 2, 1, 4, 4, 1, 1, 0, 1, 3, 2, 2, 1, 2, 1, 1, 2, 4, 3, 0, 2, 1, 3, 3, 1, 1, 2, 1, 1, 1, 4, 1, 3, 4, 1, 2, 4, 3, 1, 3, 1, 2, 4, 4, 4, 3, 2, 2, 3, 2, 4, 3, 2, 4, 4, 2, 1, 4, 2, 3, 2]|[0, 2, 0, 0, 3, 0, 1, 3, 1, 0, 2, 0, 1, 0, 1, 0, 0, 0, 1, 0, 0, 2, 0, 0, 1, 0, 0, 3, 0, 1, 0, 2, 0, 0, 3, 0, 1, 1, 0, 0, 0, 0, 1, 3, 0, 0, 1, 0, 2, 0, 0, 0, 0, 0, 1, 0, 1, 0, 1, 1, 0, 2, 0, 0, 0, 0, 0, 0, 0, 2, 0, 0, 1, 0, 0, 1, 0, 0, 3, 0, 0, 1, 2, 2, 0, 0, 0, 3, 0, 1, 0, 0, 1, 3, 0, 0, 1, 0, 0, 0],910.6016522559228,48393.09540738622,107270.05403426125,true
52,G4_BALANCED,G3_TWC,[31, 22, 42, 15, 26, 58, 95, 82, 77, 12, 47, 5, 93, 78, 98, 54, 85, 63, 18, 44, 20, 35, 43, 97, 91, 76, 10, 30, 21, 45, 71, 64, 1, 23, 17, 83, 24, 61, 60, 49, 6, 57, 94, 88, 65, 56, 79, 40, 67, 68, 46, 75, 38, 9, 19, 32, 81, 41, 27, 62, 87, 90, 99, 59, 11, 16, 72, 73, 70, 39, 37, 84, 3, 92, 25, 74, 28, 29, 51, 7, 53, 14, 86, 48, 89, 50, 66, 96, 33, 80, 4, 2, 55, 36, 0, 52, 13, 8, 69, 34]|[1, 1, 0, 1, 1, 1, 2, 1, 2, 1, 2, 2, 2, 1, 1, 0, 0, 1, 0, 2, 2, 0, 1, 2, 0, 1, 2, 2, 0, 0, 1, 2, 1, 2, 1, 0, 2, 0, 1, 1, 0, 1, 1, 1, 0, 2, 1, 1, 0, 0, 0, 0, 1, 1, 2, 1, 2, 0, 0, 0, 2, 1, 0, 1, 2, 1, 2, 1, 1, 1, 1, 1, 2, 0, 1, 2, 0, 0, 0, 1, 0, 1, 0, 0, 1, 0, 0, 0, 2, 0, 0, 0, 1, 0, 0, 1, 0, 1, 1, 2]|[4, 3, 2, 2, 0, 0, 2, 2, 2, 4, 1, 1, 2, 4, 4, 1, 1, 4, 2, 1, 1, 1, 1, 2, 1, 2, 1, 1, 1, 1, 3, 2, 3, 0, 4, 0, 1, 1, 0, 3, 2, 2, 4, 0, 1, 1, 3, 2, 0, 1, 2, 2, 1, 4, 0, 3, 2, 1, 1, 2, 1, 3, 1, 1, 1, 3, 0, 4, 3, 1, 4, 1, 1, 2, 4, 1, 2, 1, 1, 3, 2, 3, 1, 1, 1, 1, 1, 1, 1, 1, 2, 2, 4, 1, 2, 1, 2, 3, 3, 1]|[0, 2, 1, 1, 3, 3, 0, 1, 0, 0, 0, 0, 1, 0, 1, 0, 0, 3, 1, 0, 0, 0, 3, 1, 0, 2, 0, 0, 0, 1, 0, 0, 0, 0, 3, 0, 1, 0, 0, 2, 1, 1, 2, 0, 0, 0, 0, 1, 1, 0, 0, 0, 1, 3, 0, 0, 1, 0, 0, 1, 0, 2, 0, 1, 0, 2, 1, 0, 0, 1, 1, 3, 0, 1, 3, 0, 1, 0, 0, 2, 1, 0, 0, 0, 1, 0, 0, 0, 0, 0, 1, 0, 3, 1, 0, 1, 0, 2, 0, 0],799.2639216676041,57660.290313270074,87991.60686779596,true
52,G2_TEC,G2_TEC,[31, 94, 82, 15, 26, 9, 95, 42, 77, 68, 47, 5, 93, 78, 86, 54, 85, 63, 18, 44, 20, 49, 36, 14, 74, 50, 53, 17, 21, 28, 11, 64, 3, 23, 30, 83, 24, 41, 40, 52, 65, 27, 90, 70, 39, 87, 48, 69, 99, 4, 98, 1, 13, 56, 97, 59, 45, 8, 73, 37, 35, 79, 71, 66, 76, 32, 60, 80, 58, 6, 67, 61, 33, 7, 57, 34, 12, 16, 10, 46, 96, 88, 43, 81, 91, 2, 84, 29, 92, 19, 51, 55, 89, 75, 25, 22, 38, 72, 62, 0]|[2, 1, 2, 1, 1, 2, 1, 1, 1, 1, 1, 0, 2, 2, 1, 2, 0, 0, 0, 2, 2, 1, 0, 2, 0, 2, 2, 1, 0, 1, 1, 1, 0, 0, 1, 0, 2, 1, 2, 2, 0, 0, 1, 1, 0, 2, 0, 2, 1, 0, 2, 2, 0, 2, 2, 0, 1, 1, 0, 0, 2, 1, 1, 2, 2, 0, 2, 2, 2, 1, 2, 1, 1, 2, 0, 1, 1, 2, 1, 0, 0, 1, 1, 1, 1, 0, 0, 1, 0, 1, 1, 0, 1, 0, 1, 2, 0, 1, 1, 0]|[0, 3, 0, 3, 4, 1, 4, 4, 4, 4, 3, 2, 1, 0, 2, 1, 1, 1, 2, 1, 1, 3, 0, 1, 0, 1, 1, 4, 1, 4, 3, 2, 2, 0, 4, 1, 1, 4, 1, 1, 2, 1, 4, 4, 1, 1, 0, 1, 3, 2, 1, 1, 2, 1, 1, 2, 4, 3, 0, 2, 1, 3, 3, 1, 1, 2, 1, 1, 1, 4, 1, 3, 4, 1, 2, 4, 3, 1, 3, 2, 2, 4, 4, 4, 3, 2, 2, 3, 2, 4, 3, 2, 4, 2, 4, 1, 2, 4, 3, 2]|[0, 2, 0, 0, 3, 0, 1, 3, 1, 0, 2, 0, 1, 0, 1, 0, 0, 0, 1, 0, 0, 2, 0, 0, 1, 0, 0, 3, 0, 1, 0, 2, 0, 0, 3, 0, 1, 1, 0, 0, 0, 0, 1, 3, 0, 0, 1, 0, 2, 0, 0, 0, 0, 0, 1, 0, 1, 0, 1, 1, 0, 2, 0, 0, 0, 0, 0, 0, 0, 2, 0, 0, 1, 0, 0, 1, 0, 0, 3, 0, 0, 1, 2, 2, 0, 0, 0, 3, 0, 1, 0, 0, 1, 0, 3, 0, 0, 1, 0, 0],910.6016522559228,48449.301094637194,107046.1135137847,false
52,G3_TWC,G1_CMAX,[31, 22, 42, 15, 26, 24, 95, 82, 77, 12, 47, 5, 93, 78, 98, 54, 63, 18, 44, 20, 43, 97, 91, 76, 10, 30, 21, 45, 71, 64, 1, 23, 17, 83, 58, 61, 60, 36, 6, 57, 94, 88, 65, 56, 79, 40, 67, 68, 46, 75, 38, 9, 19, 32, 81, 41, 27, 35, 62, 85, 87, 90, 99, 59, 11, 16, 72, 73, 70, 39, 37, 84, 3, 92, 25, 74, 28, 29, 51, 7, 53, 14, 86, 66, 89, 50, 48, 96, 33, 80, 4, 8, 55, 49, 0, 52, 13, 2, 69, 34]|[1, 1, 2, 1, 1, 1, 2, 1, 2, 1, 2, 2, 2, 1, 1, 0, 1, 0, 2, 2, 1, 2, 0, 1, 2, 2, 0, 0, 1, 2, 1, 2, 1, 0, 2, 0, 1, 1, 0, 1, 1, 1, 0, 2, 1, 1, 0, 0, 0, 0, 1, 1, 2, 1, 2, 0, 0, 0, 0, 0, 2, 1, 0, 1, 2, 1, 2, 1, 1, 1, 1, 1, 2, 0, 1, 2, 0, 0, 0, 1, 0, 1, 1, 0, 1, 0, 0, 2, 2, 0, 1, 1, 2, 0, 0, 1, 0, 0, 1, 2]|[4, 3, 1, 2, 0, 0, 2, 2, 2, 4, 1, 1, 2, 4, 4, 1, 4, 2, 1, 1, 1, 2, 1, 2, 1, 1, 1, 1, 3, 2, 3, 0, 4, 0, 1, 1, 0, 3, 2, 2, 4, 0, 1, 1, 0, 2, 0, 1, 2, 2, 1, 4, 0, 3, 2, 1, 1, 1, 2, 1, 1, 3, 1, 1, 1, 3, 0, 4, 3, 1, 4, 1, 1, 2, 4, 1, 2, 1, 1, 3, 2, 3, 4, 1, 1, 1, 1, 1, 1, 1, 4, 3, 1, 1, 2, 1, 2, 2, 4, 1]|[0, 2, 1, 1, 3, 3, 0, 1, 0, 0, 0, 0, 1, 0, 1, 0, 3, 1, 0, 0, 3, 1, 0, 2, 0, 0, 0, 1, 0, 0, 0, 0, 3, 0, 1, 0, 0, 2, 1, 1, 2, 0, 0, 0, 0, 1, 1, 0, 0, 0, 1, 3, 0, 0, 1, 0, 0, 0, 1, 0, 0, 2, 0, 1, 0, 2, 1, 0, 0, 1, 1, 3, 0, 1, 3, 0, 1, 0, 0, 2, 1, 0, 1, 0, 1, 0, 0, 0, 0, 0, 0, 2, 0, 1, 0, 1, 0, 0, 2, 0],725.378901546286,57621.85216148156,92116.76426698791,true
52,G1_CMAX,G1_CMAX,[31, 22, 90, 26, 58, 95, 42, 12, 93, 5, 78, 86, 98, 18, 20, 35, 3, 97, 91, 76, 10, 85, 54, 45, 63, 71, 66, 1, 23, 17, 24, 60, 36, 6, 57, 15, 65, 56, 47, 79, 94, 67, 50, 46, 14, 75, 38, 9, 30, 19, 32, 81, 27, 92, 83, 87, 40, 99, 59, 11, 53, 16, 72, 77, 73, 70, 39, 37, 84, 43, 62, 25, 55, 28, 29, 51, 68, 82, 74, 61, 88, 21, 80, 89, 7, 69, 96, 41, 48, 4, 8, 34, 49, 52, 0, 44, 13, 2, 64, 33]|[1, 1, 1, 1, 0, 2, 1, 1, 2, 2, 2, 1, 0, 1, 2, 2, 1, 2, 0, 1, 2, 2, 2, 0, 0, 1, 2, 1, 2, 1, 2, 1, 1, 0, 1, 1, 0, 2, 2, 1, 1, 0, 0, 0, 0, 1, 1, 1, 1, 2, 1, 2, 2, 0, 0, 2, 1, 0, 0, 2, 0, 1, 2, 2, 1, 1, 1, 1, 1, 1, 0, 1, 1, 0, 0, 0, 0, 0, 2, 1, 1, 0, 0, 1, 1, 1, 2, 2, 0, 1, 1, 2, 0, 1, 0, 0, 0, 0, 2, 2]|[0, 4, 3, 0, 1, 1, 2, 4, 1, 1, 2, 4, 1, 4, 1, 1, 1, 2, 2, 2, 2, 1, 1, 1, 2, 3, 2, 3, 0, 4, 1, 0, 3, 2, 2, 2, 1, 1, 1, 0, 2, 0, 1, 2, 1, 3, 1, 4, 2, 0, 3, 2, 1, 2, 1, 1, 4, 1, 1, 1, 2, 3, 0, 2, 4, 3, 1, 4, 1, 1, 1, 4, 4, 2, 1, 1, 1, 2, 1, 3, 0, 1, 1, 1, 1, 3, 1, 1, 1, 4, 3, 1, 1, 1, 2, 2, 2, 2, 1, 1]|[3, 0, 2, 3, 0, 0, 1, 0, 0, 0, 1, 0, 0, 3, 0, 0, 1, 1, 1, 2, 1, 0, 0, 0, 0, 0, 0, 0, 0, 3, 1, 0, 2, 1, 1, 1, 0, 0, 0, 0, 1, 1, 0, 0, 0, 0, 1, 3, 2, 0, 0, 1, 0, 1, 0, 0, 2, 0, 0, 0, 1, 2, 1, 1, 0, 0, 1, 1, 3, 3, 0, 3, 3, 1, 0, 0, 0, 1, 0, 0, 0, 0, 0, 1, 2, 2, 0, 0, 0, 0, 2, 0, 1, 1, 0, 0, 0, 0, 0, 0],705.0470749739228,58445.79123614564,95781.2895945797,false
52,G4_BALANCED,G3_TWC,[31, 22, 42, 15, 26, 58, 95, 82, 77, 12, 47, 5, 93, 78, 98, 54, 85, 63, 18, 44, 20, 35, 43, 97, 91, 76, 10, 30, 21, 45, 71, 64, 1, 23, 17, 83, 24, 61, 60, 36, 6, 57, 94, 88, 65, 56, 79, 40, 67, 68, 46, 75, 38, 9, 19, 32, 81, 41, 27, 62, 87, 90, 99, 59, 11, 16, 72, 73, 70, 39, 37, 84, 3, 92, 25, 74, 28, 29, 51, 7, 53, 14, 86, 48, 89, 50, 66, 96, 33, 80, 4, 8, 55, 49, 0, 2, 13, 52, 34, 69]|[1, 1, 0, 1, 1, 1, 2, 1, 2, 1, 2, 2, 2, 1, 1, 0, 0, 1, 0, 2, 2, 0, 1, 2, 0, 1, 2, 2, 0, 0, 1, 2, 1, 2, 1, 0, 2, 0, 1, 1, 0, 1, 1, 1, 0, 2, 1, 1, 0, 0, 0, 0, 1, 1, 2, 1, 2, 0, 0, 0, 2, 1, 0, 1, 2, 1, 2, 1, 1, 1, 1, 1, 2, 0, 1, 2, 0, 0, 0, 1, 0, 1, 0, 0, 1, 0, 0, 0, 2, 0, 0, 1, 1, 0, 0, 0, 0, 0, 2, 1]|[4, 3, 2, 2, 0, 0, 2, 2, 2, 4, 1, 1, 2, 4, 4, 1, 1, 4, 2, 1, 1, 1, 1, 2, 1, 2, 1, 1, 1, 1, 3, 2, 3, 1, 4, 0, 1, 1, 0, 3, 2, 2, 4, 0, 1, 1, 3, 2, 0, 1, 2, 2, 1, 4, 0, 3, 2, 1, 1, 2, 1, 3, 1, 1, 1, 3, 0, 4, 3, 1, 4, 1, 1, 2, 4, 1, 2, 1, 1, 3, 2, 3, 1, 1, 1, 1, 1, 1, 1, 1, 2, 3, 4, 1, 2, 2, 2, 2, 1, 3]|[0, 2, 1, 1, 3, 3, 0, 1, 0, 0, 0, 0, 1, 0, 1, 0, 0, 3, 1, 0, 0, 0, 3, 1, 0, 2, 0, 0, 0, 1, 0, 0, 0, 0, 3, 0, 1, 0, 0, 2, 1, 1, 2, 0, 0, 0, 0, 1, 1, 0, 0, 0, 1, 3, 0, 0, 1, 0, 0, 1, 0, 2, 0, 1, 0, 2, 1, 0, 0, 1, 1, 3, 0, 1, 3, 0, 1, 0, 0, 2, 1, 0, 0, 0, 1, 0, 0, 0, 0, 0, 1, 2, 3, 1, 0, 0, 0, 0, 0, 0],862.6401325569188,56944.731213433966,88856.32265904099,true
52,G2_TEC,G2_TEC,[31, 94, 82, 15, 26, 9, 95, 42, 77, 68, 47, 5, 93, 78, 86, 54, 85, 63, 18, 44, 20, 49, 36, 14, 74, 50, 53, 17, 21, 28, 11, 64, 3, 23, 30, 83, 24, 41, 40, 52, 65, 27, 90, 70, 39, 87, 48, 69, 99, 4, 98, 1, 13, 56, 97, 59, 45, 8, 73, 37, 35, 79, 71, 66, 76, 32, 60, 80, 58, 6, 67, 61, 33, 7, 57, 34, 12, 16, 10, 46, 96, 88, 43, 81, 91, 2, 84, 29, 92, 19, 51, 55, 89, 75, 25, 22, 38, 72, 62, 0]|[2, 1, 2, 1, 1, 2, 1, 1, 1, 1, 1, 0, 2, 2, 1, 2, 0, 0, 0, 2, 2, 1, 0, 2, 0, 2, 2, 1, 0, 1, 1, 1, 0, 0, 1, 0, 2, 1, 2, 2, 0, 0, 1, 1, 0, 2, 0, 2, 1, 0, 2, 2, 0, 2, 2, 0, 1, 1, 0, 0, 2, 1, 1, 2, 2, 0, 2, 2, 2, 1, 2, 1, 1, 2, 0, 1, 1, 2, 1, 0, 0, 1, 1, 1, 1, 0, 0, 1, 0, 1, 1, 0, 1, 0, 1, 2, 0, 1, 1, 0]|[0, 3, 0, 3, 4, 1, 4, 4, 4, 4, 3, 2, 1, 0, 2, 1, 1, 1, 2, 1, 1, 3, 0, 1, 0, 1, 1, 4, 1, 4, 3, 2, 2, 0, 4, 1, 1, 4, 1, 1, 2, 1, 4, 4, 1, 1, 0, 1, 3, 2, 1, 1, 2, 1, 1, 2, 4, 3, 0, 2, 1, 3, 3, 1, 1, 2, 1, 1, 1, 4, 1, 3, 4, 1, 2, 4, 3, 1, 3, 2, 2, 4, 4, 4, 3, 2, 2, 3, 2, 4, 3, 2, 4, 2, 4, 1, 2, 4, 3, 2]|[0, 2, 0, 0, 3, 0, 1, 3, 1, 0, 2, 0, 1, 0, 1, 0, 0, 0, 1, 0, 0, 2, 0, 0, 1, 0, 0, 3, 0, 1, 0, 2, 0, 0, 3, 0, 1, 1, 0, 0, 0, 0, 1, 3, 0, 0, 1, 0, 2, 0, 0, 0, 0, 0, 1, 0, 1, 0, 1, 1, 0, 2, 0, 0, 0, 0, 0, 0, 0, 2, 0, 0, 1, 0, 0, 1, 0, 0, 3, 0, 0, 1, 2, 2, 0, 0, 0, 3, 0, 1, 0, 0, 1, 0, 3, 0, 0, 1, 0, 0],910.6016522559228,48449.301094637194,107046.1135137847,false
52,G3_TWC,G3_TWC,[31, 22, 42, 15, 26, 58, 95, 82, 77, 12, 47, 5, 93, 78, 98, 54, 85, 63, 18, 44, 20, 35, 43, 97, 91, 76, 10, 30, 21, 45, 71, 64, 1, 23, 17, 83, 24, 61, 60, 49, 6, 57, 94, 88, 65, 56, 79, 40, 67, 68, 46, 75, 38, 9, 19, 32, 81, 41, 27, 62, 87, 90, 99, 59, 11, 16, 72, 73, 70, 39, 37, 84, 3, 92, 25, 74, 28, 29, 51, 7, 53, 14, 86, 48, 89, 50, 66, 96, 33, 80, 4, 8, 0, 36, 55, 52, 13, 2, 69, 34]|[1, 1, 0, 1, 1, 1, 2, 1, 2, 1, 2, 2, 2, 1, 1, 0, 0, 1, 0, 2, 2, 0, 1, 2, 0, 1, 2, 2, 0, 0, 1, 2, 1, 2, 1, 0, 2, 0, 1, 1, 0, 1, 1, 1, 0, 2, 1, 1, 0, 0, 0, 0, 1, 1, 2, 1, 2, 0, 0, 0, 2, 1, 0, 1, 2, 1, 2, 1, 1, 1, 1, 1, 2, 0, 1, 2, 0, 0, 0, 1, 0, 1, 0, 0, 1, 0, 0, 0, 2, 0, 0, 1, 0, 0, 1, 1, 0, 0, 1, 2]|[4, 3, 2, 2, 0, 0, 2, 2, 2, 4, 1, 1, 2, 4, 4, 1, 1, 4, 2, 1, 1, 1, 1, 2, 1, 2, 1, 1, 1, 1, 3, 2, 3, 0, 4, 0, 1, 1, 0, 3, 2, 2, 4, 0, 1, 1, 3, 2, 0, 1, 2, 2, 1, 4, 0, 3, 2, 1, 1, 2, 1, 3, 1, 1, 1, 3, 0, 4, 3, 1, 4, 1, 1, 2, 4, 1, 2, 1, 1, 3, 2, 3, 1, 1, 1, 1, 1, 1, 1, 1, 2, 3, 2, 1, 4, 1, 2, 2, 3, 1]|[0, 2, 1, 1, 3, 3, 0, 1, 0, 0, 0, 0, 1, 0, 1, 0, 0, 3, 1, 0, 0, 0, 3, 1, 0, 2, 0, 0, 0, 1, 0, 0, 0, 0, 3, 0, 1, 0, 0, 2, 1, 1, 2, 0, 0, 0, 0, 1, 1, 0, 0, 0, 1, 3, 0, 0, 1, 0, 0, 1, 0, 2, 0, 1, 0, 2, 1, 0, 0, 1, 1, 3, 0, 1, 3, 0, 1, 0, 0, 2, 1, 0, 0, 0, 1, 0, 0, 0, 0, 0, 1, 2, 0, 1, 3, 1, 0, 0, 0, 0],800.9906219655827,57627.59269545303,87853.25113417773,false
52,G1_CMAX,G1_CMAX,[31, 22, 90, 26, 58, 95, 42, 12, 93, 5, 78, 86, 98, 18, 20, 35, 3, 97, 91, 76, 10, 85, 54, 45, 63, 71, 66, 1, 23, 17, 24, 60, 36, 6, 57, 15, 65, 56, 47, 79, 94, 67, 50, 46, 14, 75, 38, 9, 30, 19, 32, 81, 27, 92, 83, 87, 40, 99, 59, 11, 53, 16, 72, 77, 73, 70, 39, 37, 84, 43, 62, 25, 55, 28, 29, 51, 68, 82, 74, 61, 88, 21, 80, 89, 7, 69, 96, 41, 48, 4, 8, 34, 49, 52, 0, 44, 13, 2, 64, 33]|[1, 1, 1, 1, 0, 2, 1, 1, 2, 2, 2, 1, 0, 1, 2, 2, 1, 2, 0, 1, 2, 2, 2, 0, 0, 1, 2, 1, 2, 1, 2, 1, 1, 0, 1, 1, 0, 2, 2, 1, 1, 0, 0, 0, 0, 1, 1, 1, 1, 2, 1, 2, 2, 0, 0, 2, 1, 0, 0, 2, 0, 1, 2, 2, 1, 1, 1, 1, 1, 1, 0, 1, 1, 0, 0, 0, 0, 0, 2, 1, 1, 0, 0, 1, 1, 1, 2, 2, 0, 1, 1, 2, 0, 1, 0, 0, 0, 0, 2, 2]|[0, 4, 3, 0, 1, 1, 2, 4, 1, 1, 2, 4, 1, 4, 1, 1, 1, 2, 2, 2, 2, 1, 1, 1, 2, 3, 2, 3, 0, 4, 1, 0, 3, 2, 2, 2, 1, 1, 1, 0, 2, 0, 1, 2, 1, 3, 1, 4, 2, 0, 3, 2, 1, 2, 1, 1, 4, 1, 1, 1, 2, 3, 0, 2, 4, 3, 1, 4, 1, 1, 1, 4, 4, 2, 1, 1, 1, 2, 1, 3, 0, 1, 1, 1, 1, 3, 1, 1, 1, 4, 3, 1, 1, 1, 2, 2, 2, 2, 1, 1]|[3, 0, 2, 3, 0, 0, 1, 0, 0, 0, 1, 0, 0, 3, 0, 0, 1, 1, 1, 2, 1, 0, 0, 0, 0, 0, 0, 0, 0, 3, 1, 0, 2, 1, 1, 1, 0, 0, 0, 0, 1, 1, 0, 0, 0, 0, 1, 3, 2, 0, 0, 1, 0, 1, 0, 0, 2, 0, 0, 0, 1, 2, 1, 1, 0, 0, 1, 1, 3, 3, 0, 3, 3, 1, 0, 0, 0, 1, 0, 0, 0, 0, 0, 1, 2, 2, 0, 0, 0, 0, 2, 0, 1, 1, 0, 0, 0, 0, 0, 0],705.0470749739228,58445.79123614564,95781.2895945797,false
52,G4_BALANCED,G4_BALANCED,[31, 22, 82, 15, 26, 58, 95, 42, 77, 12, 47, 5, 93, 78, 86, 54, 85, 63, 18, 44, 20, 35, 43, 97, 66, 76, 10, 30, 21, 45, 71, 64, 1, 23, 17, 83, 24, 14, 60, 36, 6, 57, 40, 88, 65, 56, 79, 94, 67, 68, 46, 75, 38, 9, 19, 32, 41, 81, 27, 62, 87, 90, 99, 59, 11, 16, 72, 73, 69, 39, 37, 84, 3, 92, 25, 55, 29, 28, 51, 7, 33, 61, 98, 48, 89, 50, 4, 96, 53, 8, 80, 91, 52, 49, 34, 0, 74, 70, 2, 13]|[1, 1, 0, 1, 1, 0, 1, 2, 2, 1, 2, 2, 2, 1, 1, 0, 0, 1, 0, 2, 2, 0, 1, 2, 2, 1, 2, 2, 0, 0, 1, 2, 1, 2, 1, 0, 2, 0, 1, 1, 0, 1, 1, 1, 0, 2, 2, 1, 0, 0, 0, 0, 1, 1, 2, 1, 0, 2, 0, 0, 2, 1, 0, 1, 2, 1, 2, 1, 1, 1, 1, 1, 1, 0, 1, 1, 0, 0, 0, 1, 2, 1, 2, 0, 1, 0, 1, 2, 0, 1, 0, 0, 1, 0, 2, 0, 2, 1, 0, 0]|[4, 3, 2, 2, 4, 1, 2, 2, 2, 4, 1, 1, 2, 4, 4, 1, 2, 4, 2, 1, 1, 1, 1, 2, 1, 2, 1, 1, 1, 1, 3, 2, 3, 1, 4, 0, 1, 1, 0, 3, 2, 2, 2, 0, 1, 1, 1, 4, 0, 1, 2, 2, 1, 4, 0, 3, 1, 1, 1, 2, 1, 3, 1, 1, 1, 3, 0, 4, 3, 1, 4, 1, 1, 2, 4, 4, 1, 1, 1, 1, 1, 3, 1, 1, 1, 1, 4, 1, 2, 3, 1, 1, 1, 1, 1, 2, 1, 4, 2, 2]|[0, 2, 1, 1, 3, 0, 1, 0, 0, 0, 0, 0, 1, 0, 1, 0, 0, 3, 1, 0, 0, 0, 3, 1, 0, 2, 0, 0, 0, 0, 0, 0, 0, 0, 3, 0, 1, 0, 0, 2, 1, 1, 1, 0, 0, 0, 0, 2, 1, 0, 0, 0, 1, 3, 0, 0, 0, 0, 0, 1, 0, 2, 0, 1, 0, 2, 1, 0, 0, 1, 1, 3, 1, 1, 3, 3, 0, 0, 0, 2, 0, 0, 0, 0, 1, 0, 0, 0, 1, 2, 0, 0, 1, 1, 0, 0, 0, 2, 0, 0],798.3530402857136,55227.74749962417,97608.17100854636,false
52,G2_TEC,G2_TEC,[31, 94, 82, 15, 26, 9, 95, 42, 77, 68, 47, 5, 93, 78, 86, 54, 85, 63, 18, 44, 20, 49, 36, 14, 74, 50, 53, 17, 21, 28, 11, 64, 3, 23, 30, 83, 24, 41, 40, 52, 65, 27, 90, 70, 39, 87, 48, 69, 99, 4, 98, 1, 13, 56, 97, 59, 45, 8, 73, 37, 35, 79, 71, 66, 76, 32, 60, 80, 58, 6, 67, 61, 33, 7, 57, 34, 12, 16, 10, 46, 96, 88, 43, 81, 91, 2, 84, 29, 92, 19, 51, 55, 89, 75, 25, 22, 38, 72, 62, 0]|[2, 1, 2, 1, 1, 2, 1, 1, 1, 1, 1, 0, 2, 2, 1, 2, 0, 0, 0, 2, 2, 1, 0, 2, 0, 2, 2, 1, 0, 1, 1, 1, 0, 0, 1, 0, 2, 1, 2, 2, 0, 0, 1, 1, 0, 2, 0, 2, 1, 0, 2, 2, 0, 2, 2, 0, 1, 1, 0, 0, 2, 1, 1, 2, 2, 0, 2, 2, 2, 1, 2, 1, 1, 2, 0, 1, 1, 2, 1, 0, 0, 1, 1, 1, 1, 0, 0, 1, 0, 1, 1, 0, 1, 0, 1, 2, 0, 1, 1, 0]|[0, 3, 0, 3, 4, 1, 4, 4, 4, 4, 3, 2, 1, 0, 2, 1, 1, 1, 2, 1, 1, 3, 0, 1, 0, 1, 1, 4, 1, 4, 3, 2, 2, 0, 4, 1, 1, 4, 1, 1, 2, 1, 4, 4, 1, 1, 0, 1, 3, 2, 1, 1, 2, 1, 1, 2, 4, 3, 0, 2, 1, 3, 3, 1, 1, 2, 1, 1, 1, 4, 1, 3, 4, 1, 2, 4, 3, 1, 3, 2, 2, 4, 4, 4, 3, 2, 2, 3, 2, 4, 3, 2, 4, 2, 4, 1, 2, 4, 3, 2]|[0, 2, 0, 0, 3, 0, 1, 3, 1, 0, 2, 0, 1, 0, 1, 0, 0, 0, 1, 0, 0, 2, 0, 0, 1, 0, 0, 3, 0, 1, 0, 2, 0, 0, 3, 0, 1, 1, 0, 0, 0, 0, 1, 3, 0, 0, 1, 0, 2, 0, 0, 0, 0, 0, 1, 0, 1, 0, 1, 1, 0, 2, 0, 0, 0, 0, 0, 0, 0, 2, 0, 0, 1, 0, 0, 1, 0, 0, 3, 0, 0, 1, 2, 2, 0, 0, 0, 3, 0, 1, 0, 0, 1, 0, 3, 0, 0, 1, 0, 0],910.6016522559228,48449.301094637194,107046.1135137847,false
52,G3_TWC,G3_TWC,[31, 22, 42, 15, 26, 58, 95, 82, 77, 12, 47, 5, 93, 78, 98, 54, 85, 63, 18, 44, 20, 35, 43, 97, 91, 76, 10, 30, 21, 45, 71, 64, 1, 23, 17, 83, 24, 61, 60, 49, 6, 57, 94, 88, 65, 56, 79, 40, 67, 68, 46, 75, 38, 9, 19, 32, 81, 41, 27, 62, 87, 90, 99, 59, 11, 16, 72, 73, 70, 39, 37, 84, 3, 92, 25, 74, 28, 29, 51, 7, 53, 14, 86, 48, 89, 50, 66, 96, 33, 80, 4, 8, 0, 36, 55, 52, 13, 2, 69, 34]|[1, 1, 0, 1, 1, 1, 2, 1, 2, 1, 2, 2, 2, 1, 1, 0, 0, 1, 0, 2, 2, 0, 1, 2, 0, 1, 2, 2, 0, 0, 1, 2, 1, 2, 1, 0, 2, 0, 1, 1, 0, 1, 1, 1, 0, 2, 1, 1, 0, 0, 0, 0, 1, 1, 2, 1, 2, 0, 0, 0, 2, 1, 0, 1, 2, 1, 2, 1, 1, 1, 1, 1, 2, 0, 1, 2, 0, 0, 0, 1, 0, 1, 0, 0, 1, 0, 0, 0, 2, 0, 0, 1, 0, 0, 1, 1, 0, 0, 1, 2]|[4, 3, 2, 2, 0, 0, 2, 2, 2, 4, 1, 1, 2, 4, 4, 1, 1, 4, 2, 1, 1, 1, 1, 2, 1, 2, 1, 1, 1, 1, 3, 2, 3, 0, 4, 0, 1, 1, 0, 3, 2, 2, 4, 0, 1, 1, 3, 2, 0, 1, 2, 2, 1, 4, 0, 3, 2, 1, 1, 2, 1, 3, 1, 1, 1, 3, 0, 4, 3, 1, 4, 1, 1, 2, 4, 1, 2, 1, 1, 3, 2, 3, 1, 1, 1, 1, 1, 1, 1, 1, 2, 3, 2, 1, 4, 1, 2, 2, 3, 1]|[0, 2, 1, 1, 3, 3, 0, 1, 0, 0, 0, 0, 1, 0, 1, 0, 0, 3, 1, 0, 0, 0, 3, 1, 0, 2, 0, 0, 0, 1, 0, 0, 0, 0, 3, 0, 1, 0, 0, 2, 1, 1, 2, 0, 0, 0, 0, 1, 1, 0, 0, 0, 1, 3, 0, 0, 1, 0, 0, 1, 0, 2, 0, 1, 0, 2, 1, 0, 0, 1, 1, 3, 0, 1, 3, 0, 1, 0, 0, 2, 1, 0, 0, 0, 1, 0, 0, 0, 0, 0, 1, 2, 0, 1, 3, 1, 0, 0, 0, 0],800.9906219655827,57627.59269545303,87853.25113417773,false
52,G1_CMAX,G1_CMAX,[31, 22, 90, 26, 58, 95, 42, 12, 93, 5, 78, 86, 98, 18, 20, 35, 3, 97, 91, 76, 10, 85, 54, 45, 63, 71, 66, 1, 23, 17, 24, 60, 36, 6, 57, 15, 65, 56, 47, 79, 94, 67, 50, 46, 14, 75, 38, 9, 30, 19, 32, 81, 27, 92, 83, 87, 40, 99, 59, 11, 53, 16, 72, 77, 73, 70, 39, 37, 84, 43, 62, 25, 55, 28, 29, 51, 68, 82, 74, 61, 88, 21, 80, 89, 7, 69, 96, 41, 48, 4, 8, 34, 49, 52, 0, 44, 13, 2, 64, 33]|[1, 1, 1, 1, 0, 2, 1, 1, 2, 2, 2, 1, 0, 1, 2, 2, 1, 2, 0, 1, 2, 2, 2, 0, 0, 1, 2, 1, 2, 1, 2, 1, 1, 0, 1, 1, 0, 2, 2, 1, 1, 0, 0, 0, 0, 1, 1, 1, 1, 2, 1, 2, 2, 0, 0, 2, 1, 0, 0, 2, 0, 1, 2, 2, 1, 1, 1, 1, 1, 1, 0, 1, 1, 0, 0, 0, 0, 0, 2, 1, 1, 0, 0, 1, 1, 1, 2, 2, 0, 1, 1, 2, 0, 1, 0, 0, 0, 0, 2, 2]|[0, 4, 3, 0, 1, 1, 2, 4, 1, 1, 2, 4, 1, 4, 1, 1, 1, 2, 2, 2, 2, 1, 1, 1, 2, 3, 2, 3, 0, 4, 1, 0, 3, 2, 2, 2, 1, 1, 1, 0, 2, 0, 1, 2, 1, 3, 1, 4, 2, 0, 3, 2, 1, 2, 1, 1, 4, 1, 1, 1, 2, 3, 0, 2, 4, 3, 1, 4, 1, 1, 1, 4, 4, 2, 1, 1, 1, 2, 1, 3, 0, 1, 1, 1, 1, 3, 1, 1, 1, 4, 3, 1, 1, 1, 2, 2, 2, 2, 1, 1]|[3, 0, 2, 3, 0, 0, 1, 0, 0, 0, 1, 0, 0, 3, 0, 0, 1, 1, 1, 2, 1, 0, 0, 0, 0, 0, 0, 0, 0, 3, 1, 0, 2, 1, 1, 1, 0, 0, 0, 0, 1, 1, 0, 0, 0, 0, 1, 3, 2, 0, 0, 1, 0, 1, 0, 0, 2, 0, 0, 0, 1, 2, 1, 1, 0, 0, 1, 1, 3, 3, 0, 3, 3, 1, 0, 0, 0, 1, 0, 0, 0, 0, 0, 1, 2, 2, 0, 0, 0, 0, 2, 0, 1, 1, 0, 0, 0, 0, 0, 0],705.0470749739228,58445.79123614564,95781.2895945797,false
52,G4_BALANCED,G3_TWC,[31, 22, 42, 15, 26, 58, 95, 82, 77, 12, 47, 5, 93, 78, 98, 54, 85, 63, 18, 44, 20, 35, 43, 97, 91, 76, 10, 30, 21, 45, 71, 64, 1, 23, 17, 83, 24, 61, 60, 49, 6, 57, 94, 88, 65, 56, 79, 40, 67, 68, 46, 75, 38, 9, 19, 32, 81, 41, 27, 62, 87, 90, 99, 59, 11, 16, 72, 73, 70, 39, 37, 84, 3, 92, 25, 74, 28, 29, 51, 7, 53, 14, 86, 48, 89, 50, 66, 96, 33, 80, 4, 8, 0, 36, 55, 52, 13, 2, 69, 34]|[1, 1, 0, 1, 1, 1, 2, 1, 2, 1, 2, 2, 2, 1, 1, 0, 0, 1, 0, 2, 2, 0, 1, 2, 0, 1, 2, 2, 0, 0, 1, 2, 1, 2, 1, 0, 2, 0, 1, 1, 0, 1, 1, 1, 0, 2, 1, 1, 0, 0, 0, 0, 1, 1, 2, 1, 2, 0, 0, 0, 2, 1, 0, 1, 2, 1, 2, 1, 1, 1, 1, 1, 2, 0, 1, 2, 0, 0, 0, 1, 0, 1, 0, 0, 1, 0, 0, 0, 2, 0, 0, 1, 0, 0, 1, 1, 0, 0, 1, 2]|[4, 3, 2, 2, 0, 0, 2, 2, 2, 4, 1, 1, 2, 4, 4, 1, 1, 4, 2, 1, 1, 1, 1, 2, 1, 2, 1, 1, 1, 1, 3, 2, 3, 0, 4, 0, 1, 1, 0, 3, 2, 2, 4, 0, 1, 1, 3, 2, 0, 1, 2, 2, 1, 4, 0, 3, 2, 1, 1, 2, 1, 3, 1, 1, 1, 3, 0, 4, 3, 1, 4, 1, 1, 2, 4, 1, 2, 1, 1, 3, 2, 3, 1, 1, 1, 1, 1, 1, 1, 1, 2, 3, 2, 1, 4, 1, 2, 2, 3, 1]|[0, 2, 1, 1, 3, 3, 0, 1, 0, 0, 0, 0, 1, 0, 1, 0, 0, 3, 1, 0, 0, 0, 3, 1, 0, 2, 0, 0, 0, 1, 0, 0, 0, 0, 3, 0, 1, 0, 0, 2, 1, 1, 2, 0, 0, 0, 0, 1, 1, 0, 0, 0, 1, 3, 0, 0, 1, 0, 0, 1, 0, 2, 0, 1, 0, 2, 1, 0, 0, 1, 1, 3, 0, 1, 3, 0, 1, 0, 0, 2, 1, 0, 0, 0, 1, 0, 0, 0, 0, 0, 1, 2, 0, 1, 3, 1, 0, 0, 0, 0],800.9906219655827,57627.59269545303,87853.25113417773,true
52,G2_TEC,G2_TEC,[31, 94, 82, 15, 26, 9, 95, 42, 77, 68, 47, 5, 93, 78, 86, 54, 85, 63, 18, 44, 20, 49, 36, 14, 74, 50, 53, 17, 21, 28, 11, 64, 3, 23, 30, 83, 24, 41, 40, 52, 65, 27, 90, 70, 39, 87, 48, 69, 99, 4, 98, 1, 13, 56, 97, 59, 45, 8, 73, 37, 35, 79, 71, 66, 76, 32, 60, 80, 58, 6, 67, 61, 33, 7, 57, 34, 12, 16, 10, 46, 96, 88, 43, 81, 91, 2, 84, 29, 92, 19, 51, 55, 89, 75, 25, 22, 38, 72, 62, 0]|[2, 1, 2, 1, 1, 2, 1, 1, 1, 1, 1, 0, 2, 2, 1, 2, 0, 0, 0, 2, 2, 1, 0, 2, 0, 2, 2, 1, 0, 1, 1, 1, 0, 0, 1, 0, 2, 1, 2, 2, 0, 0, 1, 1, 0, 2, 0, 2, 1, 0, 2, 2, 0, 2, 2, 0, 1, 1, 0, 0, 2, 1, 1, 2, 2, 0, 2, 2, 2, 1, 2, 1, 1, 2, 0, 1, 1, 2, 1, 0, 0, 1, 1, 1, 1, 0, 0, 1, 0, 1, 1, 0, 1, 0, 1, 2, 0, 1, 1, 0]|[0, 3, 0, 3, 4, 1, 4, 4, 4, 4, 3, 2, 1, 0, 2, 1, 1, 1, 2, 1, 1, 3, 0, 1, 0, 1, 1, 4, 1, 4, 3, 2, 2, 0, 4, 1, 1, 4, 1, 1, 2, 1, 4, 4, 1, 1, 0, 1, 3, 2, 1, 1, 2, 1, 1, 2, 4, 3, 0, 2, 1, 3, 3, 1, 1, 2, 1, 1, 1, 4, 1, 3, 4, 1, 2, 4, 3, 1, 3, 2, 2, 4, 4, 4, 3, 2, 2, 3, 2, 4, 3, 2, 4, 2, 4, 1, 2, 4, 3, 2]|[0, 2, 0, 0, 3, 0, 1, 3, 1, 0, 2, 0, 1, 0, 1, 0, 0, 0, 1, 0, 0, 2, 0, 0, 1, 0, 0, 3, 0, 1, 0, 2, 0, 0, 3, 0, 1, 1, 0, 0, 0, 0, 1, 3, 0, 0, 1, 0, 2, 0, 0, 0, 0, 0, 1, 0, 1, 0, 1, 1, 0, 2, 0, 0, 0, 0, 0, 0, 0, 2, 0, 0, 1, 0, 0, 1, 0, 0, 3, 0, 0, 1, 2, 2, 0, 0, 0, 3, 0, 1, 0, 0, 1, 0, 3, 0, 0, 1, 0, 0],910.6016522559228,48449.301094637194,107046.1135137847,false
52,G3_TWC,G3_TWC,[31, 22, 42, 15, 26, 58, 95, 82, 77, 12, 47, 5, 93, 78, 98, 54, 85, 63, 18, 44, 20, 35, 43, 97, 91, 76, 10, 30, 21, 45, 71, 64, 1, 23, 17, 83, 24, 61, 60, 49, 6, 57, 94, 88, 65, 56, 79, 40, 67, 68, 46, 75, 38, 9, 19, 32, 81, 41, 27, 62, 87, 90, 99, 59, 11, 16, 72, 73, 70, 39, 37, 84, 3, 92, 25, 74, 28, 29, 51, 7, 53, 14, 86, 48, 89, 50, 66, 96, 33, 80, 4, 8, 0, 36, 55, 52, 13, 2, 69, 34]|[1, 1, 0, 1, 1, 1, 2, 1, 2, 1, 2, 2, 2, 1, 1, 0, 0, 1, 0, 2, 2, 0, 1, 2, 0, 1, 2, 2, 0, 0, 1, 2, 1, 2, 1, 0, 2, 0, 1, 1, 0, 1, 1, 1, 0, 2, 1, 1, 0, 0, 0, 0, 1, 1, 2, 1, 2, 0, 0, 0, 2, 1, 0, 1, 2, 1, 2, 1, 1, 1, 1, 1, 2, 0, 1, 2, 0, 0, 0, 1, 0, 1, 0, 0, 1, 0, 0, 0, 2, 0, 0, 1, 0, 0, 1, 1, 0, 0, 1, 2]|[4, 3, 2, 2, 0, 0, 2, 2, 2, 4, 1, 1, 2, 4, 4, 1, 1, 4, 2, 1, 1, 1, 1, 2, 1, 2, 1, 1, 1, 1, 3, 2, 3, 0, 4, 0, 1, 1, 0, 3, 2, 2, 4, 0, 1, 1, 3, 2, 0, 1, 2, 2, 1, 4, 0, 3, 2, 1, 1, 2, 1, 3, 1, 1, 1, 3, 0, 4, 3, 1, 4, 1, 1, 2, 4, 1, 2, 1, 1, 3, 2, 3, 1, 1, 1, 1, 1, 1, 1, 1, 2, 3, 2, 1, 4, 1, 2, 2, 3, 1]|[0, 2, 1, 1, 3, 3, 0, 1, 0, 0, 0, 0, 1, 0, 1, 0, 0, 3, 1, 0, 0, 0, 3, 1, 0, 2, 0, 0, 0, 1, 0, 0, 0, 0, 3, 0, 1, 0, 0, 2, 1, 1, 2, 0, 0, 0, 0, 1, 1, 0, 0, 0, 1, 3, 0, 0, 1, 0, 0, 1, 0, 2, 0, 1, 0, 2, 1, 0, 0, 1, 1, 3, 0, 1, 3, 0, 1, 0, 0, 2, 1, 0, 0, 0, 1, 0, 0, 0, 0, 0, 1, 2, 0, 1, 3, 1, 0, 0, 0, 0],800.9906219655827,57627.59269545303,87853.25113417773,false
52,G1_CMAX,G1_CMAX,[31, 22, 90, 26, 58, 95, 42, 12, 93, 5, 78, 86, 98, 18, 20, 35, 3, 97, 91, 76, 10, 85, 54, 45, 63, 71, 66, 1, 23, 17, 24, 60, 36, 6, 57, 15, 65, 56, 47, 79, 94, 67, 50, 46, 14, 75, 38, 9, 30, 19, 32, 81, 27, 92, 83, 87, 40, 99, 59, 11, 53, 16, 72, 77, 73, 70, 39, 37, 84, 43, 62, 25, 55, 28, 29, 51, 68, 82, 74, 61, 88, 21, 80, 89, 7, 69, 96, 41, 48, 4, 8, 34, 49, 52, 0, 44, 13, 2, 64, 33]|[1, 1, 1, 1, 0, 2, 1, 1, 2, 2, 2, 1, 0, 1, 2, 2, 1, 2, 0, 1, 2, 2, 2, 0, 0, 1, 2, 1, 2, 1, 2, 1, 1, 0, 1, 1, 0, 2, 2, 1, 1, 0, 0, 0, 0, 1, 1, 1, 1, 2, 1, 2, 2, 0, 0, 2, 1, 0, 0, 2, 0, 1, 2, 2, 1, 1, 1, 1, 1, 1, 0, 1, 1, 0, 0, 0, 0, 0, 2, 1, 1, 0, 0, 1, 1, 1, 2, 2, 0, 1, 1, 2, 0, 1, 0, 0, 0, 0, 2, 2]|[0, 4, 3, 0, 1, 1, 2, 4, 1, 1, 2, 4, 1, 4, 1, 1, 1, 2, 2, 2, 2, 1, 1, 1, 2, 3, 2, 3, 0, 4, 1, 0, 3, 2, 2, 2, 1, 1, 1, 0, 2, 0, 1, 2, 1, 3, 1, 4, 2, 0, 3, 2, 1, 2, 1, 1, 4, 1, 1, 1, 2, 3, 0, 2, 4, 3, 1, 4, 1, 1, 1, 4, 4, 2, 1, 1, 1, 2, 1, 3, 0, 1, 1, 1, 1, 3, 1, 1, 1, 4, 3, 1, 1, 1, 2, 2, 2, 2, 1, 1]|[3, 0, 2, 3, 0, 0, 1, 0, 0, 0, 1, 0, 0, 3, 0, 0, 1, 1, 1, 2, 1, 0, 0, 0, 0, 0, 0, 0, 0, 3, 1, 0, 2, 1, 1, 1, 0, 0, 0, 0, 1, 1, 0, 0, 0, 0, 1, 3, 2, 0, 0, 1, 0, 1, 0, 0, 2, 0, 0, 0, 1, 2, 1, 1, 0, 0, 1, 1, 3, 3, 0, 3, 3, 1, 0, 0, 0, 1, 0, 0, 0, 0, 0, 1, 2, 2, 0, 0, 0, 0, 2, 0, 1, 1, 0, 0, 0, 0, 0, 0],705.0470749739228,58445.79123614564,95781.2895945797,false
52,G4_BALANCED,G1_CMAX,[31, 22, 82, 15, 26, 99, 95, 42, 77, 12, 47, 5, 93, 78, 86, 54, 21, 63, 18, 44, 20, 35, 43, 97, 91, 76, 10, 30, 85, 45, 71, 64, 1, 23, 17, 83, 24, 14, 60, 36, 6, 57, 40, 88, 65, 56, 79, 94, 67, 68, 46, 75, 38, 9, 19, 32, 41, 81, 27, 87, 90, 62, 59, 11, 16, 72, 73, 70, 39, 37, 84, 3, 7, 25, 55, 48, 28, 29, 51, 92, 33, 61, 98, 58, 89, 50, 66, 96, 53, 80, 4, 8, 34, 2, 52, 49, 13, 0, 69, 74]|[1, 1, 0, 1, 1, 0, 1, 1, 2, 1, 2, 2, 2, 1, 1, 0, 0, 1, 0, 2, 2, 0, 1, 2, 0, 1, 2, 2, 0, 0, 1, 2, 1, 2, 1, 0, 2, 0, 1, 1, 0, 1, 1, 1, 0, 2, 1, 1, 0, 0, 0, 0, 1, 1, 2, 1, 0, 2, 0, 2, 1, 0, 1, 2, 1, 2, 1, 1, 1, 1, 1, 1, 2, 1, 2, 0, 0, 0, 0, 0, 2, 1, 2, 0, 1, 0, 2, 2, 0, 0, 1, 1, 2, 0, 1, 0, 0, 0, 1, 2]|[4, 3, 2, 2, 4, 1, 2, 3, 2, 4, 1, 1, 2, 4, 4, 1, 1, 4, 2, 1, 1, 1, 1, 2, 1, 2, 1, 1, 2, 1, 3, 2, 3, 1, 4, 0, 1, 1, 0, 3, 2, 2, 2, 0, 1, 1, 0, 4, 0, 1, 2, 2, 1, 4, 0, 3, 1, 1, 1, 1, 3, 2, 1, 1, 3, 0, 4, 3, 1, 4, 1, 1, 1, 4, 1, 1, 2, 1, 1, 0, 1, 3, 1, 1, 1, 1, 1, 1, 2, 1, 4, 3, 1, 2, 1, 1, 2, 2, 4, 1]|[0, 2, 1, 1, 3, 0, 1, 3, 0, 0, 0, 0, 1, 0, 1, 0, 0, 3, 1, 0, 0, 0, 3, 1, 0, 2, 0, 0, 0, 1, 0, 0, 0, 0, 3, 0, 1, 0, 0, 2, 1, 1, 1, 0, 0, 0, 0, 2, 1, 0, 0, 0, 1, 3, 0, 0, 0, 0, 0, 0, 2, 1, 1, 0, 2, 1, 0, 0, 1, 1, 3, 1, 0, 3, 0, 0, 1, 0, 0, 1, 0, 0, 0, 0, 1, 0, 0, 0, 1, 0, 0, 2, 0, 0, 1, 1, 0, 0, 2, 0],733.6437548344954,55990.52367369108,93177.64910863033,true
52,G2_TEC,G2_TEC,[31, 94, 82, 15, 26, 9, 95, 42, 77, 68, 47, 5, 93, 78, 86, 54, 85, 63, 18, 44, 20, 49, 36, 14, 74, 50, 53, 17, 21, 28, 11, 64, 3, 23, 30, 83, 24, 41, 40, 52, 65, 27, 90, 70, 39, 87, 48, 69, 99, 4, 98, 1, 13, 56, 97, 59, 45, 8, 73, 37, 35, 79, 71, 66, 76, 32, 60, 80, 58, 6, 67, 61, 33, 7, 57, 34, 12, 16, 10, 46, 96, 88, 43, 81, 91, 2, 84, 29, 92, 19, 51, 55, 89, 75, 25, 22, 38, 72, 62, 0]|[2, 1, 2, 1, 1, 2, 1, 1, 1, 1, 1, 0, 2, 2, 1, 2, 0, 0, 0, 2, 2, 1, 0, 2, 0, 2, 2, 1, 0, 1, 1, 1, 0, 0, 1, 0, 2, 1, 2, 2, 0, 0, 1, 1, 0, 2, 0, 2, 1, 0, 2, 2, 0, 2, 2, 0, 1, 1, 0, 0, 2, 1, 1, 2, 2, 0, 2, 2, 2, 1, 2, 1, 1, 2, 0, 1, 1, 2, 1, 0, 0, 1, 1, 1, 1, 0, 0, 1, 0, 1, 1, 0, 1, 0, 1, 2, 0, 1, 1, 0]|[0, 3, 0, 3, 4, 1, 4, 4, 4, 4, 3, 2, 1, 0, 2, 1, 1, 1, 2, 1, 1, 3, 0, 1, 0, 1, 1, 4, 1, 4, 3, 2, 2, 0, 4, 1, 1, 4, 1, 1, 2, 1, 4, 4, 1, 1, 0, 1, 3, 2, 1, 1, 2, 1, 1, 2, 4, 3, 0, 2, 1, 3, 3, 1, 1, 2, 1, 1, 1, 4, 1, 3, 4, 1, 2, 4, 3, 1, 3, 2, 2, 4, 4, 4, 3, 2, 2, 3, 2, 4, 3, 2, 4, 2, 4, 1, 2, 4, 3, 2]|[0, 2, 0, 0, 3, 0, 1, 3, 1, 0, 2, 0, 1, 0, 1, 0, 0, 0, 1, 0, 0, 2, 0, 0, 1, 0, 0, 3, 0, 1, 0, 2, 0, 0, 3, 0, 1, 1, 0, 0, 0, 0, 1, 3, 0, 0, 1, 0, 2, 0, 0, 0, 0, 0, 1, 0, 1, 0, 1, 1, 0, 2, 0, 0, 0, 0, 0, 0, 0, 2, 0, 0, 1, 0, 0, 1, 0, 0, 3, 0, 0, 1, 2, 2, 0, 0, 0, 3, 0, 1, 0, 0, 1, 0, 3, 0, 0, 1, 0, 0],910.6016522559228,48449.301094637194,107046.1135137847,false
52,G3_TWC,G3_TWC,[31, 22, 42, 15, 26, 58, 95, 82, 77, 12, 47, 5, 93, 78, 98, 54, 85, 63, 18, 44, 20, 35, 43, 97, 91, 76, 10, 30, 21, 45, 71, 64, 1, 23, 17, 83, 24, 61, 60, 49, 6, 57, 94, 88, 65, 56, 79, 40, 67, 68, 46, 75, 38, 9, 19, 32, 81, 41, 27, 62, 87, 90, 99, 59, 11, 16, 72, 73, 70, 39, 37, 84, 3, 92, 25, 74, 28, 29, 51, 7, 53, 14, 86, 48, 89, 50, 66, 96, 33, 80, 4, 8, 0, 36, 55, 52, 13, 2, 69, 34]|[1, 1, 0, 1, 1, 1, 2, 1, 2, 1, 2, 2, 2, 1, 1, 0, 0, 1, 0, 2, 2, 0, 1, 2, 0, 1, 2, 2, 0, 0, 1, 2, 1, 2, 1, 0, 2, 0, 1, 1, 0, 1, 1, 1, 0, 2, 1, 1, 0, 0, 0, 0, 1, 1, 2, 1, 2, 0, 0, 0, 2, 1, 0, 1, 2, 1, 2, 1, 1, 1, 1, 1, 2, 0, 1, 2, 0, 0, 0, 1, 0, 1, 0, 0, 1, 0, 0, 0, 2, 0, 0, 1, 0, 0, 1, 1, 0, 0, 1, 2]|[4, 3, 2, 2, 0, 0, 2, 2, 2, 4, 1, 1, 2, 4, 4, 1, 1, 4, 2, 1, 1, 1, 1, 2, 1, 2, 1, 1, 1, 1, 3, 2, 3, 0, 4, 0, 1, 1, 0, 3, 2, 2, 4, 0, 1, 1, 3, 2, 0, 1, 2, 2, 1, 4, 0, 3, 2, 1, 1, 2, 1, 3, 1, 1, 1, 3, 0, 4, 3, 1, 4, 1, 1, 2, 4, 1, 2, 1, 1, 3, 2, 3, 1, 1, 1, 1, 1, 1, 1, 1, 2, 3, 2, 1, 4, 1, 2, 2, 3, 1]|[0, 2, 1, 1, 3, 3, 0, 1, 0, 0, 0, 0, 1, 0, 1, 0, 0, 3, 1, 0, 0, 0, 3, 1, 0, 2, 0, 0, 0, 1, 0, 0, 0, 0, 3, 0, 1, 0, 0, 2, 1, 1, 2, 0, 0, 0, 0, 1, 1, 0, 0, 0, 1, 3, 0, 0, 1, 0, 0, 1, 0, 2, 0, 1, 0, 2, 1, 0, 0, 1, 1, 3, 0, 1, 3, 0, 1, 0, 0, 2, 1, 0, 0, 0, 1, 0, 0, 0, 0, 0, 1, 2, 0, 1, 3, 1, 0, 0, 0, 0],800.9906219655827,57627.59269545303,87853.25113417773,false
52,G1_CMAX,G1_CMAX,[31, 22, 90, 26, 58, 95, 42, 12, 93, 5, 78, 86, 98, 18, 20, 35, 3, 97, 91, 76, 10, 85, 54, 45, 63, 71, 66, 1, 23, 17, 24, 60, 36, 6, 57, 15, 65, 56, 47, 79, 94, 67, 50, 46, 14, 75, 38, 9, 30, 19, 32, 81, 27, 92, 83, 87, 40, 99, 59, 11, 53, 16, 72, 77, 73, 70, 39, 37, 84, 43, 62, 25, 55, 28, 29, 51, 68, 82, 74, 61, 88, 21, 80, 89, 7, 69, 96, 41, 48, 4, 8, 34, 49, 52, 0, 44, 13, 2, 64, 33]|[1, 1, 1, 1, 0, 2, 1, 1, 2, 2, 2, 1, 0, 1, 2, 2, 1, 2, 0, 1, 2, 2, 2, 0, 0, 1, 2, 1, 2, 1, 2, 1, 1, 0, 1, 1, 0, 2, 2, 1, 1, 0, 0, 0, 0, 1, 1, 1, 1, 2, 1, 2, 2, 0, 0, 2, 1, 0, 0, 2, 0, 1, 2, 2, 1, 1, 1, 1, 1, 1, 0, 1, 1, 0, 0, 0, 0, 0, 2, 1, 1, 0, 0, 1, 1, 1, 2, 2, 0, 1, 1, 2, 0, 1, 0, 0, 0, 0, 2, 2]|[0, 4, 3, 0, 1, 1, 2, 4, 1, 1, 2, 4, 1, 4, 1, 1, 1, 2, 2, 2, 2, 1, 1, 1, 2, 3, 2, 3, 0, 4, 1, 0, 3, 2, 2, 2, 1, 1, 1, 0, 2, 0, 1, 2, 1, 3, 1, 4, 2, 0, 3, 2, 1, 2, 1, 1, 4, 1, 1, 1, 2, 3, 0, 2, 4, 3, 1, 4, 1, 1, 1, 4, 4, 2, 1, 1, 1, 2, 1, 3, 0, 1, 1, 1, 1, 3, 1, 1, 1, 4, 3, 1, 1, 1, 2, 2, 2, 2, 1, 1]|[3, 0, 2, 3, 0, 0, 1, 0, 0, 0, 1, 0, 0, 3, 0, 0, 1, 1, 1, 2, 1, 0, 0, 0, 0, 0, 0, 0, 0, 3, 1, 0, 2, 1, 1, 1, 0, 0, 0, 0, 1, 1, 0, 0, 0, 0, 1, 3, 2, 0, 0, 1, 0, 1, 0, 0, 2, 0, 0, 0, 1, 2, 1, 1, 0, 0, 1, 1, 3, 3, 0, 3, 3, 1, 0, 0, 0, 1, 0, 0, 0, 0, 0, 1, 2, 2, 0, 0, 0, 0, 2, 0, 1, 1, 0, 0, 0, 0, 0, 0],705.0470749739228,58445.79123614564,95781.2895945797,false
52,G4_BALANCED,G2_TEC,[31, 22, 82, 15, 26, 9, 95, 42, 77, 68, 47, 5, 93, 78, 86, 54, 85, 63, 18, 44, 20, 49, 36, 14, 74, 50, 53, 17, 21, 28, 11, 64, 3, 23, 30, 83, 24, 41, 40, 52, 65, 27, 90, 70, 39, 87, 48, 69, 99, 4, 75, 1, 13, 58, 97, 59, 45, 8, 73, 37, 35, 79, 71, 66, 76, 32, 60, 80, 56, 6, 67, 61, 33, 98, 57, 34, 12, 16, 10, 7, 96, 88, 43, 81, 91, 38, 84, 29, 92, 19, 51, 89, 46, 55, 25, 72, 94, 2, 62, 0]|[2, 1, 2, 1, 1, 2, 1, 1, 1, 1, 1, 0, 2, 2, 1, 2, 0, 0, 0, 2, 2, 1, 0, 2, 0, 2, 2, 1, 0, 1, 1, 1, 0, 0, 1, 0, 2, 1, 2, 2, 0, 0, 1, 1, 0, 2, 0, 2, 1, 0, 0, 2, 0, 0, 2, 0, 1, 1, 0, 0, 2, 1, 1, 0, 2, 0, 2, 2, 2, 1, 2, 1, 1, 2, 0, 1, 1, 2, 1, 2, 0, 1, 1, 1, 1, 0, 0, 1, 0, 1, 1, 1, 0, 0, 1, 1, 2, 2, 1, 0]|[0, 3, 0, 3, 4, 1, 4, 4, 2, 4, 3, 2, 1, 0, 2, 1, 1, 1, 2, 1, 1, 3, 0, 1, 0, 1, 1, 4, 1, 4, 3, 2, 2, 0, 4, 1, 1, 4, 1, 1, 2, 1, 4, 4, 1, 1, 0, 1, 3, 2, 2, 1, 2, 1, 1, 2, 4, 3, 0, 2, 2, 3, 3, 1, 1, 2, 1, 1, 1, 4, 1, 3, 4, 1, 2, 4, 3, 1, 3, 1, 2, 4, 4, 4, 3, 2, 2, 3, 2, 4, 3, 4, 2, 2, 4, 4, 1, 1, 3, 2]|[0, 2, 0, 0, 3, 0, 1, 3, 0, 0, 2, 0, 1, 0, 1, 0, 0, 0, 1, 0, 0, 2, 0, 0, 1, 0, 0, 3, 0, 1, 0, 2, 0, 0, 3, 0, 1, 1, 0, 0, 0, 0, 1, 3, 0, 0, 1, 0, 2, 0, 0, 0, 0, 0, 1, 0, 1, 0, 1, 1, 0, 2, 0, 0, 0, 0, 0, 0, 0, 2, 0, 0, 1, 0, 0, 1, 0, 0, 3, 0, 0, 1, 2, 2, 0, 0, 0, 3, 0, 1, 0, 1, 0, 0, 3, 1, 0, 0, 0, 0],887.510150842492,49357.762631077734,106286.23738336269,true
52,G2_TEC,G2_TEC,[31, 94, 82, 15, 26, 9, 95, 42, 77, 68, 47, 5, 93, 78, 86, 54, 85, 63, 18, 44, 20, 49, 36, 14, 74, 50, 53, 17, 21, 28, 11, 64, 3, 23, 30, 83, 24, 41, 40, 52, 65, 27, 90, 70, 39, 87, 48, 69, 99, 4, 98, 1, 13, 56, 97, 59, 45, 8, 73, 37, 35, 79, 71, 66, 76, 32, 60, 80, 58, 6, 67, 61, 33, 7, 57, 34, 12, 16, 10, 46, 96, 88, 43, 81, 91, 2, 84, 29, 92, 19, 51, 55, 89, 75, 25, 22, 38, 72, 62, 0]|[2, 1, 2, 1, 1, 2, 1, 1, 1, 1, 1, 0, 2, 2, 1, 2, 0, 0, 0, 2, 2, 1, 0, 2, 0, 2, 2, 1, 0, 1, 1, 1, 0, 0, 1, 0, 2, 1, 2, 2, 0, 0, 1, 1, 0, 2, 0, 2, 1, 0, 2, 2, 0, 2, 2, 0, 1, 1, 0, 0, 2, 1, 1, 2, 2, 0, 2, 2, 2, 1, 2, 1, 1, 2, 0, 1, 1, 2, 1, 0, 0, 1, 1, 1, 1, 0, 0, 1, 0, 1, 1, 0, 1, 0, 1, 2, 0, 1, 1, 0]|[0, 3, 0, 3, 4, 1, 4, 4, 4, 4, 3, 2, 1, 0, 2, 1, 1, 1, 2, 1, 1, 3, 0, 1, 0, 1, 1, 4, 1, 4, 3, 2, 2, 0, 4, 1, 1, 4, 1, 1, 2, 1, 4, 4, 1, 1, 0, 1, 3, 2, 1, 1, 2, 1, 1, 2, 4, 3, 0, 2, 1, 3, 3, 1, 1, 2, 1, 1, 1, 4, 1, 3, 4, 1, 2, 4, 3, 1, 3, 2, 2, 4, 4, 4, 3, 2, 2, 3, 2, 4, 3, 2, 4, 2, 4, 1, 2, 4, 3, 2]|[0, 2, 0, 0, 3, 0, 1, 3, 1, 0, 2, 0, 1, 0, 1, 0, 0, 0, 1, 0, 0, 2, 0, 0, 1, 0, 0, 3, 0, 1, 0, 2, 0, 0, 3, 0, 1, 1, 0, 0, 0, 0, 1, 3, 0, 0, 1, 0, 2, 0, 0, 0, 0, 0, 1, 0, 1, 0, 1, 1, 0, 2, 0, 0, 0, 0, 0, 0, 0, 2, 0, 0, 1, 0, 0, 1, 0, 0, 3, 0, 0, 1, 2, 2, 0, 0, 0, 3, 0, 1, 0, 0, 1, 0, 3, 0, 0, 1, 0, 0],910.6016522559228,48449.301094637194,107046.1135137847,false
52,G3_TWC,G3_TWC,[31, 22, 42, 15, 26, 58, 95, 82, 77, 12, 47, 5, 93, 78, 98, 54, 85, 63, 18, 44, 20, 35, 43, 97, 91, 76, 10, 30, 21, 45, 71, 64, 1, 23, 17, 83, 24, 61, 60, 49, 6, 57, 94, 88, 65, 56, 79, 40, 67, 68, 46, 75, 38, 9, 19, 32, 81, 41, 27, 62, 87, 90, 99, 59, 11, 16, 72, 73, 70, 39, 37, 84, 3, 92, 25, 74, 28, 29, 51, 7, 53, 14, 86, 48, 89, 50, 66, 96, 33, 80, 4, 8, 0, 36, 55, 52, 13, 2, 69, 34]|[1, 1, 0, 1, 1, 1, 2, 1, 2, 1, 2, 2, 2, 1, 1, 0, 0, 1, 0, 2, 2, 0, 1, 2, 0, 1, 2, 2, 0, 0, 1, 2, 1, 2, 1, 0, 2, 0, 1, 1, 0, 1, 1, 1, 0, 2, 1, 1, 0, 0, 0, 0, 1, 1, 2, 1, 2, 0, 0, 0, 2, 1, 0, 1, 2, 1, 2, 1, 1, 1, 1, 1, 2, 0, 1, 2, 0, 0, 0, 1, 0, 1, 0, 0, 1, 0, 0, 0, 2, 0, 0, 1, 0, 0, 1, 1, 0, 0, 1, 2]|[4, 3, 2, 2, 0, 0, 2, 2, 2, 4, 1, 1, 2, 4, 4, 1, 1, 4, 2, 1, 1, 1, 1, 2, 1, 2, 1, 1, 1, 1, 3, 2, 3, 0, 4, 0, 1, 1, 0, 3, 2, 2, 4, 0, 1, 1, 3, 2, 0, 1, 2, 2, 1, 4, 0, 3, 2, 1, 1, 2, 1, 3, 1, 1, 1, 3, 0, 4, 3, 1, 4, 1, 1, 2, 4, 1, 2, 1, 1, 3, 2, 3, 1, 1, 1, 1, 1, 1, 1, 1, 2, 3, 2, 1, 4, 1, 2, 2, 3, 1]|[0, 2, 1, 1, 3, 3, 0, 1, 0, 0, 0, 0, 1, 0, 1, 0, 0, 3, 1, 0, 0, 0, 3, 1, 0, 2, 0, 0, 0, 1, 0, 0, 0, 0, 3, 0, 1, 0, 0, 2, 1, 1, 2, 0, 0, 0, 0, 1, 1, 0, 0, 0, 1, 3, 0, 0, 1, 0, 0, 1, 0, 2, 0, 1, 0, 2, 1, 0, 0, 1, 1, 3, 0, 1, 3, 0, 1, 0, 0, 2, 1, 0, 0, 0, 1, 0, 0, 0, 0, 0, 1, 2, 0, 1, 3, 1, 0, 0, 0, 0],800.9906219655827,57627.59269545303,87853.25113417773,false
52,G1_CMAX,G1_CMAX,[31, 22, 90, 26, 58, 95, 42, 12, 93, 5, 78, 86, 98, 18, 20, 35, 3, 97, 91, 76, 10, 85, 54, 45, 63, 71, 66, 1, 23, 17, 24, 60, 36, 6, 57, 15, 65, 56, 47, 79, 94, 67, 50, 46, 14, 75, 38, 9, 30, 19, 32, 81, 27, 92, 83, 87, 40, 99, 59, 11, 53, 16, 72, 77, 73, 70, 39, 37, 84, 43, 62, 25, 55, 28, 29, 51, 68, 82, 74, 61, 88, 21, 80, 89, 7, 69, 96, 41, 48, 4, 8, 34, 49, 52, 0, 44, 13, 2, 64, 33]|[1, 1, 1, 1, 0, 2, 1, 1, 2, 2, 2, 1, 0, 1, 2, 2, 1, 2, 0, 1, 2, 2, 2, 0, 0, 1, 2, 1, 2, 1, 2, 1, 1, 0, 1, 1, 0, 2, 2, 1, 1, 0, 0, 0, 0, 1, 1, 1, 1, 2, 1, 2, 2, 0, 0, 2, 1, 0, 0, 2, 0, 1, 2, 2, 1, 1, 1, 1, 1, 1, 0, 1, 1, 0, 0, 0, 0, 0, 2, 1, 1, 0, 0, 1, 1, 1, 2, 2, 0, 1, 1, 2, 0, 1, 0, 0, 0, 0, 2, 2]|[0, 4, 3, 0, 1, 1, 2, 4, 1, 1, 2, 4, 1, 4, 1, 1, 1, 2, 2, 2, 2, 1, 1, 1, 2, 3, 2, 3, 0, 4, 1, 0, 3, 2, 2, 2, 1, 1, 1, 0, 2, 0, 1, 2, 1, 3, 1, 4, 2, 0, 3, 2, 1, 2, 1, 1, 4, 1, 1, 1, 2, 3, 0, 2, 4, 3, 1, 4, 1, 1, 1, 4, 4, 2, 1, 1, 1, 2, 1, 3, 0, 1, 1, 1, 1, 3, 1, 1, 1, 4, 3, 1, 1, 1, 2, 2, 2, 2, 1, 1]|[3, 0, 2, 3, 0, 0, 1, 0, 0, 0, 1, 0, 0, 3, 0, 0, 1, 1, 1, 2, 1, 0, 0, 0, 0, 0, 0, 0, 0, 3, 1, 0, 2, 1, 1, 1, 0, 0, 0, 0, 1, 1, 0, 0, 0, 0, 1, 3, 2, 0, 0, 1, 0, 1, 0, 0, 2, 0, 0, 0, 1, 2, 1, 1, 0, 0, 1, 1, 3, 3, 0, 3, 3, 1, 0, 0, 0, 1, 0, 0, 0, 0, 0, 1, 2, 2, 0, 0, 0, 0, 2, 0, 1, 1, 0, 0, 0, 0, 0, 0],705.0470749739228,58445.79123614564,95781.2895945797,false
52,G4_BALANCED,G2_TEC,[31, 22, 82, 15, 26, 9, 95, 42, 77, 68, 47, 5, 93, 78, 86, 54, 85, 63, 18, 44, 20, 49, 36, 14, 74, 50, 53, 17, 21, 28, 11, 64, 3, 23, 30, 83, 24, 41, 40, 52, 65, 27, 90, 70, 39, 87, 48, 69, 99, 4, 46, 1, 13, 56, 97, 59, 45, 8, 73, 37, 35, 79, 71, 66, 76, 32, 60, 80, 58, 6, 67, 61, 33, 7, 57, 34, 12, 16, 10, 98, 96, 88, 43, 81, 91, 38, 84, 29, 92, 19, 51, 89, 55, 25, 72, 94, 2, 75, 62, 0]|[2, 1, 2, 1, 1, 2, 1, 1, 1, 1, 1, 0, 2, 2, 1, 2, 0, 0, 0, 2, 2, 1, 0, 2, 0, 2, 2, 1, 0, 1, 1, 1, 0, 0, 1, 0, 2, 1, 2, 2, 0, 0, 1, 1, 0, 2, 0, 2, 1, 0, 0, 2, 0, 2, 2, 0, 1, 1, 0, 0, 2, 1, 1, 2, 2, 0, 2, 2, 2, 1, 2, 1, 1, 2, 0, 1, 1, 2, 1, 2, 0, 1, 1, 1, 1, 0, 0, 1, 0, 1, 1, 1, 0, 1, 1, 1, 2, 0, 1, 0]|[0, 3, 0, 3, 4, 1, 4, 4, 2, 4, 3, 2, 1, 0, 2, 1, 1, 1, 2, 1, 1, 3, 0, 1, 0, 1, 1, 4, 1, 4, 3, 2, 2, 0, 4, 1, 1, 4, 1, 1, 2, 1, 4, 4, 1, 1, 0, 1, 3, 2, 2, 1, 2, 1, 1, 2, 4, 3, 0, 2, 2, 3, 3, 1, 1, 2, 1, 1, 1, 4, 1, 3, 4, 1, 2, 4, 3, 1, 3, 1, 2, 4, 4, 4, 3, 2, 2, 3, 2, 4, 3, 4, 2, 4, 4, 3, 1, 2, 3, 2]|[0, 2, 0, 0, 3, 0, 1, 3, 0, 0, 2, 0, 1, 0, 1, 0, 0, 0, 1, 0, 0, 2, 0, 0, 1, 0, 0, 3, 0, 1, 0, 2, 0, 0, 3, 0, 1, 1, 0, 0, 0, 0, 1, 3, 0, 0, 1, 0, 2, 0, 0, 0, 0, 0, 1, 0, 1, 0, 1, 1, 0, 2, 0, 0, 0, 0, 0, 0, 0, 2, 0, 0, 1, 0, 0, 1, 0, 0, 3, 0, 0, 1, 2, 2, 0, 0, 0, 3, 0, 1, 0, 1, 0, 3, 1, 2, 0, 0, 0, 0],900.287431514208,49210.294889023935,104998.36313542735,true
52,G2_TEC,G2_TEC,[31, 94, 82, 15, 26, 9, 95, 42, 77, 68, 47, 5, 93, 78, 86, 54, 85, 63, 18, 44, 20, 49, 36, 14, 74, 50, 53, 17, 21, 28, 11, 64, 3, 23, 30, 83, 24, 41, 40, 52, 65, 27, 90, 70, 39, 87, 48, 69, 99, 4, 98, 1, 13, 56, 97, 59, 45, 8, 73, 37, 35, 79, 71, 66, 76, 32, 60, 80, 58, 6, 67, 61, 33, 7, 57, 34, 12, 16, 10, 46, 96, 88, 43, 81, 91, 2, 84, 29, 92, 19, 51, 55, 89, 75, 25, 22, 38, 72, 62, 0]|[2, 1, 2, 1, 1, 2, 1, 1, 1, 1, 1, 0, 2, 2, 1, 2, 0, 0, 0, 2, 2, 1, 0, 2, 0, 2, 2, 1, 0, 1, 1, 1, 0, 0, 1, 0, 2, 1, 2, 2, 0, 0, 1, 1, 0, 2, 0, 2, 1, 0, 2, 2, 0, 2, 2, 0, 1, 1, 0, 0, 2, 1, 1, 2, 2, 0, 2, 2, 2, 1, 2, 1, 1, 2, 0, 1, 1, 2, 1, 0, 0, 1, 1, 1, 1, 0, 0, 1, 0, 1, 1, 0, 1, 0, 1, 2, 0, 1, 1, 0]|[0, 3, 0, 3, 4, 1, 4, 4, 4, 4, 3, 2, 1, 0, 2, 1, 1, 1, 2, 1, 1, 3, 0, 1, 0, 1, 1, 4, 1, 4, 3, 2, 2, 0, 4, 1, 1, 4, 1, 1, 2, 1, 4, 4, 1, 1, 0, 1, 3, 2, 1, 1, 2, 1, 1, 2, 4, 3, 0, 2, 1, 3, 3, 1, 1, 2, 1, 1, 1, 4, 1, 3, 4, 1, 2, 4, 3, 1, 3, 2, 2, 4, 4, 4, 3, 2, 2, 3, 2, 4, 3, 2, 4, 2, 4, 1, 2, 4, 3, 2]|[0, 2, 0, 0, 3, 0, 1, 3, 1, 0, 2, 0, 1, 0, 1, 0, 0, 0, 1, 0, 0, 2, 0, 0, 1, 0, 0, 3, 0, 1, 0, 2, 0, 0, 3, 0, 1, 1, 0, 0, 0, 0, 1, 3, 0, 0, 1, 0, 2, 0, 0, 0, 0, 0, 1, 0, 1, 0, 1, 1, 0, 2, 0, 0, 0, 0, 0, 0, 0, 2, 0, 0, 1, 0, 0, 1, 0, 0, 3, 0, 0, 1, 2, 2, 0, 0, 0, 3, 0, 1, 0, 0, 1, 0, 3, 0, 0, 1, 0, 0],910.6016522559228,48449.301094637194,107046.1135137847,false
52,G3_TWC,G3_TWC,[31, 22, 42, 15, 26, 58, 95, 82, 77, 12, 47, 5, 93, 78, 98, 54, 85, 63, 18, 44, 20, 35, 43, 97, 91, 76, 10, 30, 21, 45, 71, 64, 1, 23, 17, 83, 24, 61, 60, 49, 6, 57, 94, 88, 65, 56, 79, 40, 67, 68, 46, 75, 38, 9, 19, 32, 81, 41, 27, 62, 87, 90, 99, 59, 11, 16, 72, 73, 70, 39, 37, 84, 3, 92, 25, 74, 28, 29, 51, 7, 53, 14, 86, 48, 89, 50, 66, 96, 33, 80, 4, 8, 0, 36, 55, 52, 13, 2, 69, 34]|[1, 1, 0, 1, 1, 1, 2, 1, 2, 1, 2, 2, 2, 1, 1, 0, 0, 1, 0, 2, 2, 0, 1, 2, 0, 1, 2, 2, 0, 0, 1, 2, 1, 2, 1, 0, 2, 0, 1, 1, 0, 1, 1, 1, 0, 2, 1, 1, 0, 0, 0, 0, 1, 1, 2, 1, 2, 0, 0, 0, 2, 1, 0, 1, 2, 1, 2, 1, 1, 1, 1, 1, 2, 0, 1, 2, 0, 0, 0, 1, 0, 1, 0, 0, 1, 0, 0, 0, 2, 0, 0, 1, 0, 0, 1, 1, 0, 0, 1, 2]|[4, 3, 2, 2, 0, 0, 2, 2, 2, 4, 1, 1, 2, 4, 4, 1, 1, 4, 2, 1, 1, 1, 1, 2, 1, 2, 1, 1, 1, 1, 3, 2, 3, 0, 4, 0, 1, 1, 0, 3, 2, 2, 4, 0, 1, 1, 3, 2, 0, 1, 2, 2, 1, 4, 0, 3, 2, 1, 1, 2, 1, 3, 1, 1, 1, 3, 0, 4, 3, 1, 4, 1, 1, 2, 4, 1, 2, 1, 1, 3, 2, 3, 1, 1, 1, 1, 1, 1, 1, 1, 2, 3, 2, 1, 4, 1, 2, 2, 3, 1]|[0, 2, 1, 1, 3, 3, 0, 1, 0, 0, 0, 0, 1, 0, 1, 0, 0, 3, 1, 0, 0, 0, 3, 1, 0, 2, 0, 0, 0, 1, 0, 0, 0, 0, 3, 0, 1, 0, 0, 2, 1, 1, 2, 0, 0, 0, 0, 1, 1, 0, 0, 0, 1, 3, 0, 0, 1, 0, 0, 1, 0, 2, 0, 1, 0, 2, 1, 0, 0, 1, 1, 3, 0, 1, 3, 0, 1, 0, 0, 2, 1, 0, 0, 0, 1, 0, 0, 0, 0, 0, 1, 2, 0, 1, 3, 1, 0, 0, 0, 0],800.9906219655827,57627.59269545303,87853.25113417773,false
52,G1_CMAX,G1_CMAX,[31, 22, 90, 26, 58, 95, 42, 12, 93, 5, 78, 86, 98, 18, 20, 35, 3, 97, 91, 76, 10, 85, 54, 45, 63, 71, 66, 1, 23, 17, 24, 60, 36, 6, 57, 15, 65, 56, 47, 79, 94, 67, 50, 46, 14, 75, 38, 9, 30, 19, 32, 81, 27, 92, 83, 87, 40, 99, 59, 11, 53, 16, 72, 77, 73, 70, 39, 37, 84, 43, 62, 25, 55, 28, 29, 51, 68, 82, 74, 61, 88, 21, 80, 89, 7, 69, 96, 41, 48, 4, 8, 34, 49, 52, 0, 44, 13, 2, 64, 33]|[1, 1, 1, 1, 0, 2, 1, 1, 2, 2, 2, 1, 0, 1, 2, 2, 1, 2, 0, 1, 2, 2, 2, 0, 0, 1, 2, 1, 2, 1, 2, 1, 1, 0, 1, 1, 0, 2, 2, 1, 1, 0, 0, 0, 0, 1, 1, 1, 1, 2, 1, 2, 2, 0, 0, 2, 1, 0, 0, 2, 0, 1, 2, 2, 1, 1, 1, 1, 1, 1, 0, 1, 1, 0, 0, 0, 0, 0, 2, 1, 1, 0, 0, 1, 1, 1, 2, 2, 0, 1, 1, 2, 0, 1, 0, 0, 0, 0, 2, 2]|[0, 4, 3, 0, 1, 1, 2, 4, 1, 1, 2, 4, 1, 4, 1, 1, 1, 2, 2, 2, 2, 1, 1, 1, 2, 3, 2, 3, 0, 4, 1, 0, 3, 2, 2, 2, 1, 1, 1, 0, 2, 0, 1, 2, 1, 3, 1, 4, 2, 0, 3, 2, 1, 2, 1, 1, 4, 1, 1, 1, 2, 3, 0, 2, 4, 3, 1, 4, 1, 1, 1, 4, 4, 2, 1, 1, 1, 2, 1, 3, 0, 1, 1, 1, 1, 3, 1, 1, 1, 4, 3, 1, 1, 1, 2, 2, 2, 2, 1, 1]|[3, 0, 2, 3, 0, 0, 1, 0, 0, 0, 1, 0, 0, 3, 0, 0, 1, 1, 1, 2, 1, 0, 0, 0, 0, 0, 0, 0, 0, 3, 1, 0, 2, 1, 1, 1, 0, 0, 0, 0, 1, 1, 0, 0, 0, 0, 1, 3, 2, 0, 0, 1, 0, 1, 0, 0, 2, 0, 0, 0, 1, 2, 1, 1, 0, 0, 1, 1, 3, 3, 0, 3, 3, 1, 0, 0, 0, 1, 0, 0, 0, 0, 0, 1, 2, 2, 0, 0, 0, 0, 2, 0, 1, 1, 0, 0, 0, 0, 0, 0],705.0470749739228,58445.79123614564,95781.2895945797,false
52,G4_BALANCED,G2_TEC,[31, 22, 82, 15, 26, 9, 95, 42, 77, 68, 47, 5, 93, 78, 86, 54, 85, 63, 18, 44, 20, 49, 36, 14, 74, 50, 53, 17, 21, 28, 11, 64, 3, 23, 30, 83, 24, 41, 40, 52, 65, 27, 90, 70, 39, 87, 48, 69, 99, 4, 46, 1, 13, 56, 97, 59, 45, 8, 73, 37, 35, 79, 71, 66, 76, 32, 60, 80, 58, 6, 67, 61, 33, 7, 57, 34, 12, 16, 10, 98, 96, 88, 43, 81, 91, 38, 84, 29, 92, 19, 51, 89, 55, 25, 72, 94, 2, 75, 62, 0]|[2, 1, 2, 1, 1, 2, 1, 1, 1, 1, 1, 0, 2, 2, 1, 2, 0, 0, 0, 2, 2, 1, 0, 2, 0, 2, 2, 1, 0, 1, 1, 1, 0, 0, 1, 0, 2, 1, 2, 2, 0, 0, 1, 1, 0, 2, 0, 2, 1, 0, 0, 2, 0, 2, 2, 0, 1, 1, 0, 0, 2, 1, 1, 2, 2, 0, 2, 2, 2, 1, 2, 1, 1, 2, 0, 1, 1, 2, 1, 2, 0, 1, 1, 1, 1, 0, 0, 1, 0, 1, 1, 1, 0, 1, 1, 1, 2, 0, 1, 0]|[0, 3, 0, 3, 4, 1, 4, 4, 2, 4, 3, 2, 1, 0, 2, 1, 1, 1, 2, 1, 1, 3, 0, 1, 0, 1, 1, 4, 1, 4, 3, 2, 2, 0, 4, 1, 1, 4, 1, 1, 2, 1, 4, 4, 1, 1, 0, 1, 3, 2, 2, 1, 2, 1, 1, 2, 4, 3, 0, 2, 2, 3, 3, 1, 1, 2, 1, 1, 1, 4, 1, 3, 4, 1, 2, 4, 3, 1, 3, 1, 2, 4, 4, 4, 3, 2, 2, 3, 2, 4, 3, 4, 2, 4, 4, 3, 1, 2, 3, 2]|[0, 2, 0, 0, 3, 0, 1, 3, 0, 0, 2, 0, 1, 0, 1, 0, 0, 0, 1, 0, 0, 2, 0, 0, 1, 0, 0, 3, 0, 1, 0, 2, 0, 0, 3, 0, 1, 1, 0, 0, 0, 0, 1, 3, 0, 0, 1, 0, 2, 0, 0, 0, 0, 0, 1, 0, 1, 0, 1, 1, 0, 2, 0, 0, 0, 0, 0, 0, 0, 2, 0, 0, 1, 0, 0, 1, 0, 0, 3, 0, 0, 1, 2, 2, 0, 0, 0, 3, 0, 1, 0, 1, 0, 3, 1, 2, 0, 0, 0, 0],900.287431514208,49210.294889023935,104998.36313542735,true
52,G2_TEC,G2_TEC,[31, 94, 82, 15, 26, 9, 95, 42, 77, 68, 47, 5, 93, 78, 86, 54, 85, 63, 18, 44, 20, 49, 36, 14, 74, 50, 53, 17, 21, 28, 11, 64, 3, 23, 30, 83, 24, 41, 40, 52, 65, 27, 90, 70, 39, 87, 48, 69, 99, 4, 46, 1, 13, 56, 97, 59, 45, 8, 73, 37, 35, 79, 71, 66, 76, 32, 60, 80, 58, 6, 67, 61, 33, 7, 57, 34, 12, 16, 10, 98, 96, 88, 43, 81, 91, 38, 84, 92, 29, 19, 51, 89, 55, 75, 72, 25, 62, 2, 22, 0]|[2, 1, 2, 1, 1, 2, 1, 1, 1, 1, 1, 0, 2, 2, 1, 2, 0, 0, 0, 2, 2, 1, 0, 2, 0, 2, 2, 1, 0, 1, 1, 1, 0, 0, 1, 0, 2, 1, 2, 2, 0, 0, 1, 1, 0, 2, 0, 2, 1, 0, 0, 2, 0, 2, 1, 0, 1, 1, 0, 0, 2, 1, 1, 2, 2, 0, 2, 2, 2, 1, 2, 1, 1, 2, 0, 1, 1, 2, 1, 2, 0, 1, 1, 1, 1, 0, 0, 0, 1, 1, 1, 1, 0, 0, 1, 1, 1, 2, 0, 0]|[0, 3, 0, 3, 4, 1, 4, 4, 2, 4, 3, 2, 1, 0, 2, 1, 1, 1, 2, 1, 1, 3, 0, 1, 0, 1, 1, 4, 1, 4, 3, 2, 2, 0, 4, 1, 1, 4, 1, 1, 2, 1, 4, 4, 1, 1, 0, 1, 3, 2, 2, 1, 2, 1, 4, 2, 4, 3, 0, 2, 1, 3, 3, 1, 1, 2, 1, 1, 1, 4, 1, 3, 4, 1, 2, 4, 3, 1, 3, 1, 2, 4, 4, 4, 3, 2, 2, 2, 3, 4, 3, 4, 2, 2, 4, 4, 3, 1, 2, 2]|[0, 2, 0, 0, 3, 0, 1, 3, 0, 0, 2, 0, 1, 0, 1, 0, 0, 0, 1, 0, 0, 2, 0, 0, 1, 0, 0, 3, 0, 1, 0, 2, 0, 0, 3, 0, 1, 1, 0, 0, 0, 0, 1, 3, 0, 0, 1, 0, 2, 0, 0, 0, 0, 0, 1, 0, 1, 0, 1, 1, 0, 2, 0, 0, 0, 0, 0, 0, 0, 2, 0, 0, 1, 0, 0, 1, 0, 0, 3, 0, 0, 1, 2, 2, 0, 0, 0, 0, 3, 1, 0, 1, 0, 0, 1, 3, 0, 0, 0, 0],888.5809169083496,49266.83268896413,105672.10030936089,false
52,G3_TWC,G3_TWC,[31, 22, 42, 15, 26, 58, 95, 82, 77, 12, 47, 5, 93, 78, 98, 54, 85, 63, 18, 44, 20, 35, 43, 97, 91, 76, 10, 30, 21, 45, 71, 64, 1, 23, 17, 83, 24, 61, 60, 49, 6, 57, 94, 88, 65, 56, 79, 40, 67, 68, 46, 75, 38, 9, 19, 32, 81, 41, 27, 62, 87, 90, 99, 59, 11, 16, 72, 73, 70, 39, 37, 84, 3, 92, 25, 74, 28, 29, 51, 7, 53, 14, 86, 48, 89, 50, 66, 96, 33, 80, 4, 8, 0, 36, 55, 52, 13, 2, 69, 34]|[1, 1, 0, 1, 1, 1, 2, 1, 2, 1, 2, 2, 2, 1, 1, 0, 0, 1, 0, 2, 2, 0, 1, 2, 0, 1, 2, 2, 0, 0, 1, 2, 1, 2, 1, 0, 2, 0, 1, 1, 0, 1, 1, 1, 0, 2, 1, 1, 0, 0, 0, 0, 1, 1, 2, 1, 2, 0, 0, 0, 2, 1, 0, 1, 2, 1, 2, 1, 1, 1, 1, 1, 2, 0, 1, 2, 0, 0, 0, 1, 0, 1, 0, 0, 1, 0, 0, 0, 2, 0, 0, 1, 0, 0, 1, 1, 0, 0, 1, 2]|[4, 3, 2, 2, 0, 0, 2, 2, 2, 4, 1, 1, 2, 4, 4, 1, 1, 4, 2, 1, 1, 1, 1, 2, 1, 2, 1, 1, 1, 1, 3, 2, 3, 0, 4, 0, 1, 1, 0, 3, 2, 2, 4, 0, 1, 1, 3, 2, 0, 1, 2, 2, 1, 4, 0, 3, 2, 1, 1, 2, 1, 3, 1, 1, 1, 3, 0, 4, 3, 1, 4, 1, 1, 2, 4, 1, 2, 1, 1, 3, 2, 3, 1, 1, 1, 1, 1, 1, 1, 1, 2, 3, 2, 1, 4, 1, 2, 2, 3, 1]|[0, 2, 1, 1, 3, 3, 0, 1, 0, 0, 0, 0, 1, 0, 1, 0, 0, 3, 1, 0, 0, 0, 3, 1, 0, 2, 0, 0, 0, 1, 0, 0, 0, 0, 3, 0, 1, 0, 0, 2, 1, 1, 2, 0, 0, 0, 0, 1, 1, 0, 0, 0, 1, 3, 0, 0, 1, 0, 0, 1, 0, 2, 0, 1, 0, 2, 1, 0, 0, 1, 1, 3, 0, 1, 3, 0, 1, 0, 0, 2, 1, 0, 0, 0, 1, 0, 0, 0, 0, 0, 1, 2, 0, 1, 3, 1, 0, 0, 0, 0],800.9906219655827,57627.59269545303,87853.25113417773,false
52,G1_CMAX,G1_CMAX,[31, 22, 90, 26, 58, 95, 42, 12, 93, 5, 78, 86, 98, 18, 20, 35, 3, 97, 91, 76, 10, 85, 54, 45, 63, 71, 66, 1, 23, 17, 24, 60, 36, 6, 57, 15, 65, 56, 47, 79, 94, 67, 50, 46, 14, 75, 38, 9, 30, 19, 32, 81, 27, 92, 83, 87, 40, 99, 59, 11, 53, 16, 72, 77, 73, 70, 39, 37, 84, 43, 62, 25, 55, 28, 29, 51, 68, 82, 74, 61, 88, 21, 80, 89, 7, 69, 96, 41, 48, 4, 8, 34, 49, 52, 0, 44, 13, 2, 64, 33]|[1, 1, 1, 1, 0, 2, 1, 1, 2, 2, 2, 1, 0, 1, 2, 2, 1, 2, 0, 1, 2, 2, 2, 0, 0, 1, 2, 1, 2, 1, 2, 1, 1, 0, 1, 1, 0, 2, 2, 1, 1, 0, 0, 0, 0, 1, 1, 1, 1, 2, 1, 2, 2, 0, 0, 2, 1, 0, 0, 2, 0, 1, 2, 2, 1, 1, 1, 1, 1, 1, 0, 1, 1, 0, 0, 0, 0, 0, 2, 1, 1, 0, 0, 1, 1, 1, 2, 2, 0, 1, 1, 2, 0, 1, 0, 0, 0, 0, 2, 2]|[0, 4, 3, 0, 1, 1, 2, 4, 1, 1, 2, 4, 1, 4, 1, 1, 1, 2, 2, 2, 2, 1, 1, 1, 2, 3, 2, 3, 0, 4, 1, 0, 3, 2, 2, 2, 1, 1, 1, 0, 2, 0, 1, 2, 1, 3, 1, 4, 2, 0, 3, 2, 1, 2, 1, 1, 4, 1, 1, 1, 2, 3, 0, 2, 4, 3, 1, 4, 1, 1, 1, 4, 4, 2, 1, 1, 1, 2, 1, 3, 0, 1, 1, 1, 1, 3, 1, 1, 1, 4, 3, 1, 1, 1, 2, 2, 2, 2, 1, 1]|[3, 0, 2, 3, 0, 0, 1, 0, 0, 0, 1, 0, 0, 3, 0, 0, 1, 1, 1, 2, 1, 0, 0, 0, 0, 0, 0, 0, 0, 3, 1, 0, 2, 1, 1, 1, 0, 0, 0, 0, 1, 1, 0, 0, 0, 0, 1, 3, 2, 0, 0, 1, 0, 1, 0, 0, 2, 0, 0, 0, 1, 2, 1, 1, 0, 0, 1, 1, 3, 3, 0, 3, 3, 1, 0, 0, 0, 1, 0, 0, 0, 0, 0, 1, 2, 2, 0, 0, 0, 0, 2, 0, 1, 1, 0, 0, 0, 0, 0, 0],705.0470749739228,58445.79123614564,95781.2895945797,false
52,G4_BALANCED,G4_BALANCED,[31, 22, 42, 15, 26, 58, 95, 82, 77, 12, 47, 5, 93, 78, 98, 54, 85, 63, 18, 44, 20, 35, 43, 97, 91, 76, 10, 30, 21, 45, 71, 64, 1, 23, 17, 83, 24, 61, 60, 36, 6, 57, 94, 88, 65, 56, 79, 40, 67, 68, 46, 75, 38, 9, 19, 32, 81, 41, 27, 62, 87, 90, 99, 59, 53, 16, 72, 73, 70, 39, 37, 84, 3, 92, 25, 74, 28, 29, 51, 7, 33, 14, 86, 48, 89, 50, 66, 96, 11, 80, 4, 2, 55, 49, 0, 52, 13, 8, 69, 34]|[1, 1, 0, 1, 1, 1, 2, 1, 2, 1, 2, 2, 2, 1, 1, 0, 0, 1, 0, 2, 2, 0, 1, 2, 0, 1, 2, 2, 0, 0, 1, 2, 1, 2, 1, 0, 2, 0, 1, 1, 0, 1, 1, 1, 0, 2, 1, 1, 0, 0, 0, 0, 1, 1, 2, 1, 2, 0, 0, 0, 2, 1, 0, 1, 0, 1, 2, 1, 1, 1, 1, 1, 2, 0, 1, 2, 0, 0, 0, 1, 2, 1, 0, 0, 1, 0, 0, 0, 0, 0, 0, 0, 1, 0, 0, 1, 0, 1, 1, 2]|[4, 3, 2, 2, 0, 0, 2, 2, 2, 4, 1, 1, 2, 4, 4, 1, 1, 4, 2, 1, 1, 1, 1, 2, 1, 2, 1, 1, 1, 1, 3, 2, 3, 0, 4, 0, 1, 1, 0, 3, 2, 2, 4, 0, 1, 1, 3, 2, 0, 1, 2, 2, 1, 4, 0, 3, 2, 1, 1, 2, 1, 3, 1, 1, 2, 3, 0, 4, 3, 1, 4, 1, 1, 2, 4, 1, 2, 1, 1, 3, 1, 3, 1, 1, 1, 1, 1, 1, 2, 1, 2, 2, 4, 1, 2, 1, 2, 3, 3, 1]|[0, 2, 1, 1, 3, 3, 0, 1, 0, 0, 0, 0, 1, 0, 1, 0, 0, 3, 1, 0, 0, 0, 3, 1, 0, 2, 0, 0, 0, 0, 0, 0, 0, 0, 3, 0, 1, 0, 0, 2, 1, 1, 2, 0, 0, 0, 0, 1, 1, 0, 0, 0, 1, 3, 0, 0, 1, 0, 0, 1, 0, 2, 0, 1, 1, 2, 1, 0, 0, 1, 1, 3, 0, 1, 3, 0, 1, 0, 0, 2, 0, 0, 0, 0, 1, 0, 0, 0, 1, 0, 1, 0, 3, 1, 0, 1, 0, 2, 0, 0],822.7934904489988,57397.29584807855,87995.00477593805,false
52,G2_TEC,G2_TEC,[31, 94, 82, 15, 26, 9, 95, 42, 77, 68, 47, 5, 93, 78, 86, 54, 85, 63, 18, 44, 20, 49, 36, 14, 74, 50, 53, 17, 21, 28, 11, 64, 3, 23, 30, 83, 24, 41, 40, 52, 65, 27, 90, 70, 39, 87, 48, 69, 99, 4, 98, 1, 13, 56, 97, 59, 45, 8, 73, 37, 35, 79, 71, 66, 76, 32, 60, 80, 58, 6, 67, 61, 33, 7, 57, 34, 12, 16, 10, 46, 96, 88, 43, 81, 91, 2, 84, 29, 92, 19, 51, 55, 89, 75, 25, 22, 38, 72, 62, 0]|[2, 1, 2, 1, 1, 2, 1, 1, 1, 1, 1, 0, 2, 2, 1, 2, 0, 0, 0, 2, 2, 1, 0, 2, 0, 2, 2, 1, 0, 1, 1, 1, 0, 0, 1, 0, 2, 1, 2, 2, 0, 0, 1, 1, 0, 2, 0, 2, 1, 0, 2, 2, 0, 2, 2, 0, 1, 1, 0, 0, 2, 1, 1, 2, 2, 0, 2, 2, 2, 1, 2, 1, 1, 2, 0, 1, 1, 2, 1, 0, 0, 1, 1, 1, 1, 0, 0, 1, 0, 1, 1, 0, 1, 0, 1, 2, 0, 1, 1, 0]|[0, 3, 0, 3, 4, 1, 4, 4, 4, 4, 3, 2, 1, 0, 2, 1, 1, 1, 2, 1, 1, 3, 0, 1, 0, 1, 1, 4, 1, 4, 3, 2, 2, 0, 4, 1, 1, 4, 1, 1, 2, 1, 4, 4, 1, 1, 0, 1, 3, 2, 1, 1, 2, 1, 1, 2, 4, 3, 0, 2, 1, 3, 3, 1, 1, 2, 1, 1, 1, 4, 1, 3, 4, 1, 2, 4, 3, 1, 3, 2, 2, 4, 4, 4, 3, 2, 2, 3, 2, 4, 3, 2, 4, 2, 4, 1, 2, 4, 3, 2]|[0, 2, 0, 0, 3, 0, 1, 3, 1, 0, 2, 0, 1, 0, 1, 0, 0, 0, 1, 0, 0, 2, 0, 0, 1, 0, 0, 3, 0, 1, 0, 2, 0, 0, 3, 0, 1, 1, 0, 0, 0, 0, 1, 3, 0, 0, 1, 0, 2, 0, 0, 0, 0, 0, 1, 0, 1, 0, 1, 1, 0, 2, 0, 0, 0, 0, 0, 0, 0, 2, 0, 0, 1, 0, 0, 1, 0, 0, 3, 0, 0, 1, 2, 2, 0, 0, 0, 3, 0, 1, 0, 0, 1, 0, 3, 0, 0, 1, 0, 0],910.6016522559228,48449.301094637194,107046.1135137847,false
52,G3_TWC,G3_TWC,[31, 22, 42, 15, 26, 58, 95, 82, 77, 12, 47, 5, 93, 78, 98, 54, 85, 63, 18, 44, 20, 35, 43, 97, 91, 76, 10, 30, 21, 45, 71, 64, 1, 23, 17, 83, 24, 61, 60, 49, 6, 57, 94, 88, 65, 56, 79, 40, 67, 68, 46, 75, 38, 9, 19, 32, 81, 41, 27, 62, 87, 90, 99, 59, 11, 16, 72, 73, 70, 39, 37, 84, 3, 92, 25, 74, 28, 29, 51, 7, 53, 14, 86, 48, 89, 50, 66, 96, 33, 80, 4, 8, 0, 36, 55, 52, 13, 2, 69, 34]|[1, 1, 0, 1, 1, 1, 2, 1, 2, 1, 2, 2, 2, 1, 1, 0, 0, 1, 0, 2, 2, 0, 1, 2, 0, 1, 2, 2, 0, 0, 1, 2, 1, 2, 1, 0, 2, 0, 1, 1, 0, 1, 1, 1, 0, 2, 1, 1, 0, 0, 0, 0, 1, 1, 2, 1, 2, 0, 0, 0, 2, 1, 0, 1, 2, 1, 2, 1, 1, 1, 1, 1, 2, 0, 1, 2, 0, 0, 0, 1, 0, 1, 0, 0, 1, 0, 0, 0, 2, 0, 0, 1, 0, 0, 1, 1, 0, 0, 1, 2]|[4, 3, 2, 2, 0, 0, 2, 2, 2, 4, 1, 1, 2, 4, 4, 1, 1, 4, 2, 1, 1, 1, 1, 2, 1, 2, 1, 1, 1, 1, 3, 2, 3, 0, 4, 0, 1, 1, 0, 3, 2, 2, 4, 0, 1, 1, 3, 2, 0, 1, 2, 2, 1, 4, 0, 3, 2, 1, 1, 2, 1, 3, 1, 1, 1, 3, 0, 4, 3, 1, 4, 1, 1, 2, 4, 1, 2, 1, 1, 3, 2, 3, 1, 1, 1, 1, 1, 1, 1, 1, 2, 3, 2, 1, 4, 1, 2, 2, 3, 1]|[0, 2, 1, 1, 3, 3, 0, 1, 0, 0, 0, 0, 1, 0, 1, 0, 0, 3, 1, 0, 0, 0, 3, 1, 0, 2, 0, 0, 0, 1, 0, 0, 0, 0, 3, 0, 1, 0, 0, 2, 1, 1, 2, 0, 0, 0, 0, 1, 1, 0, 0, 0, 1, 3, 0, 0, 1, 0, 0, 1, 0, 2, 0, 1, 0, 2, 1, 0, 0, 1, 1, 3, 0, 1, 3, 0, 1, 0, 0, 2, 1, 0, 0, 0, 1, 0, 0, 0, 0, 0, 1, 2, 0, 1, 3, 1, 0, 0, 0, 0],800.9906219655827,57627.59269545303,87853.25113417773,false
52,G1_CMAX,G1_CMAX,[31, 22, 90, 26, 58, 95, 42, 12, 93, 5, 78, 86, 98, 18, 20, 35, 3, 97, 91, 76, 10, 85, 54, 45, 63, 71, 66, 1, 23, 17, 24, 60, 36, 6, 57, 15, 65, 56, 47, 79, 94, 67, 50, 46, 14, 75, 38, 9, 30, 19, 32, 81, 27, 92, 83, 87, 40, 99, 59, 11, 53, 16, 72, 77, 73, 70, 39, 37, 84, 43, 62, 25, 55, 28, 29, 51, 68, 82, 74, 61, 88, 21, 80, 89, 7, 69, 96, 41, 48, 4, 8, 34, 49, 52, 0, 44, 13, 2, 64, 33]|[1, 1, 1, 1, 0, 2, 1, 1, 2, 2, 2, 1, 0, 1, 2, 2, 1, 2, 0, 1, 2, 2, 2, 0, 0, 1, 2, 1, 2, 1, 2, 1, 1, 0, 1, 1, 0, 2, 2, 1, 1, 0, 0, 0, 0, 1, 1, 1, 1, 2, 1, 2, 2, 0, 0, 2, 1, 0, 0, 2, 0, 1, 2, 2, 1, 1, 1, 1, 1, 1, 0, 1, 1, 0, 0, 0, 0, 0, 2, 1, 1, 0, 0, 1, 1, 1, 2, 2, 0, 1, 1, 2, 0, 1, 0, 0, 0, 0, 2, 2]|[0, 4, 3, 0, 1, 1, 2, 4, 1, 1, 2, 4, 1, 4, 1, 1, 1, 2, 2, 2, 2, 1, 1, 1, 2, 3, 2, 3, 0, 4, 1, 0, 3, 2, 2, 2, 1, 1, 1, 0, 2, 0, 1, 2, 1, 3, 1, 4, 2, 0, 3, 2, 1, 2, 1, 1, 4, 1, 1, 1, 2, 3, 0, 2, 4, 3, 1, 4, 1, 1, 1, 4, 4, 2, 1, 1, 1, 2, 1, 3, 0, 1, 1, 1, 1, 3, 1, 1, 1, 4, 3, 1, 1, 1, 2, 2, 2, 2, 1, 1]|[3, 0, 2, 3, 0, 0, 1, 0, 0, 0, 1, 0, 0, 3, 0, 0, 1, 1, 1, 2, 1, 0, 0, 0, 0, 0, 0, 0, 0, 3, 1, 0, 2, 1, 1, 1, 0, 0, 0, 0, 1, 1, 0, 0, 0, 0, 1, 3, 2, 0, 0, 1, 0, 1, 0, 0, 2, 0, 0, 0, 1, 2, 1, 1, 0, 0, 1, 1, 3, 3, 0, 3, 3, 1, 0, 0, 0, 1, 0, 0, 0, 0, 0, 1, 2, 2, 0, 0, 0, 0, 2, 0, 1, 1, 0, 0, 0, 0, 0, 0],705.0470749739228,58445.79123614564,95781.2895945797,false
52,G4_BALANCED,G3_TWC,[31, 22, 42, 15, 26, 58, 95, 82, 77, 12, 47, 5, 93, 78, 98, 54, 85, 63, 18, 44, 20, 35, 43, 97, 91, 76, 10, 30, 21, 45, 71, 64, 1, 23, 17, 83, 24, 61, 60, 36, 6, 57, 94, 88, 65, 56, 79, 40, 67, 68, 46, 75, 38, 9, 19, 32, 81, 41, 27, 62, 87, 90, 99, 59, 11, 16, 72, 73, 70, 39, 37, 84, 3, 92, 25, 74, 28, 29, 51, 7, 53, 14, 86, 48, 89, 50, 66, 96, 33, 80, 8, 4, 0, 49, 55, 52, 13, 2, 69, 34]|[1, 1, 0, 1, 1, 1, 2, 1, 2, 1, 2, 2, 2, 1, 1, 0, 0, 1, 0, 2, 2, 0, 1, 2, 0, 1, 2, 2, 0, 0, 1, 2, 1, 2, 1, 0, 2, 0, 1, 1, 0, 1, 1, 1, 0, 2, 1, 1, 0, 0, 0, 0, 1, 1, 2, 1, 2, 0, 0, 0, 2, 1, 0, 1, 2, 1, 2, 1, 1, 1, 1, 1, 2, 0, 1, 2, 0, 0, 0, 1, 0, 1, 0, 0, 1, 2, 2, 0, 2, 0, 1, 0, 0, 0, 1, 1, 0, 0, 1, 2]|[4, 3, 2, 2, 0, 0, 2, 2, 2, 4, 1, 1, 2, 4, 4, 1, 1, 4, 2, 1, 1, 1, 1, 2, 1, 2, 1, 1, 1, 1, 3, 2, 3, 0, 4, 0, 1, 1, 0, 3, 2, 2, 4, 0, 1, 1, 3, 2, 0, 1, 2, 2, 1, 4, 0, 3, 2, 1, 1, 2, 1, 3, 1, 1, 1, 3, 0, 4, 3, 1, 4, 1, 1, 2, 4, 1, 2, 1, 1, 3, 2, 3, 1, 1, 1, 1, 1, 1, 1, 1, 3, 2, 2, 1, 4, 1, 2, 2, 3, 1]|[0, 2, 1, 1, 3, 3, 0, 1, 0, 0, 0, 0, 1, 0, 1, 0, 0, 3, 1, 0, 0, 0, 3, 1, 0, 2, 0, 0, 0, 1, 0, 0, 0, 0, 3, 0, 1, 0, 0, 2, 1, 1, 2, 0, 0, 0, 0, 1, 1, 0, 0, 0, 1, 3, 0, 0, 1, 0, 0, 1, 0, 2, 0, 1, 0, 2, 1, 0, 0, 1, 1, 3, 0, 1, 3, 0, 1, 0, 0, 2, 1, 0, 0, 0, 1, 0, 0, 0, 0, 0, 2, 1, 0, 1, 3, 1, 0, 0, 0, 0],775.5479210880828,57408.72101035289,88664.5416664196,true
52,G2_TEC,G2_TEC,[31, 94, 82, 15, 26, 9, 95, 42, 77, 68, 47, 5, 93, 78, 86, 54, 85, 63, 18, 44, 20, 49, 36, 14, 74, 50, 53, 17, 21, 28, 11, 64, 3, 23, 30, 83, 24, 41, 40, 52, 65, 27, 90, 70, 39, 87, 48, 69, 99, 4, 98, 1, 13, 56, 97, 59, 45, 8, 73, 37, 35, 79, 71, 66, 76, 32, 60, 80, 58, 6, 67, 61, 33, 7, 57, 34, 12, 16, 10, 46, 96, 88, 43, 81, 91, 2, 84, 29, 92, 19, 51, 55, 89, 75, 25, 22, 38, 72, 62, 0]|[2, 1, 2, 1, 1, 2, 1, 1, 1, 1, 1, 0, 2, 2, 1, 2, 0, 0, 0, 2, 2, 1, 0, 2, 0, 2, 2, 1, 0, 1, 1, 1, 0, 0, 1, 0, 2, 1, 2, 2, 0, 0, 1, 1, 0, 2, 0, 2, 1, 0, 2, 2, 0, 2, 2, 0, 1, 1, 0, 0, 2, 1, 1, 2, 2, 0, 2, 2, 2, 1, 2, 1, 1, 2, 0, 1, 1, 2, 1, 0, 0, 1, 1, 1, 1, 0, 0, 1, 0, 1, 1, 0, 1, 0, 1, 2, 0, 1, 1, 0]|[0, 3, 0, 3, 4, 1, 4, 4, 4, 4, 3, 2, 1, 0, 2, 1, 1, 1, 2, 1, 1, 3, 0, 1, 0, 1, 1, 4, 1, 4, 3, 2, 2, 0, 4, 1, 1, 4, 1, 1, 2, 1, 4, 4, 1, 1, 0, 1, 3, 2, 1, 1, 2, 1, 1, 2, 4, 3, 0, 2, 1, 3, 3, 1, 1, 2, 1, 1, 1, 4, 1, 3, 4, 1, 2, 4, 3, 1, 3, 2, 2, 4, 4, 4, 3, 2, 2, 3, 2, 4, 3, 2, 4, 2, 4, 1, 2, 4, 3, 2]|[0, 2, 0, 0, 3, 0, 1, 3, 1, 0, 2, 0, 1, 0, 1, 0, 0, 0, 1, 0, 0, 2, 0, 0, 1, 0, 0, 3, 0, 1, 0, 2, 0, 0, 3, 0, 1, 1, 0, 0, 0, 0, 1, 3, 0, 0, 1, 0, 2, 0, 0, 0, 0, 0, 1, 0, 1, 0, 1, 1, 0, 2, 0, 0, 0, 0, 0, 0, 0, 2, 0, 0, 1, 0, 0, 1, 0, 0, 3, 0, 0, 1, 2, 2, 0, 0, 0, 3, 0, 1, 0, 0, 1, 0, 3, 0, 0, 1, 0, 0],910.6016522559228,48449.301094637194,107046.1135137847,false
52,G3_TWC,G3_TWC,[31, 22, 42, 15, 26, 58, 95, 82, 77, 12, 47, 5, 93, 78, 98, 54, 85, 63, 18, 44, 20, 35, 43, 97, 91, 76, 10, 30, 21, 45, 71, 64, 1, 23, 17, 83, 24, 61, 60, 49, 6, 57, 94, 88, 65, 56, 79, 40, 67, 68, 46, 75, 38, 9, 19, 32, 81, 41, 27, 62, 87, 90, 99, 59, 11, 16, 72, 73, 70, 39, 37, 84, 3, 92, 25, 74, 28, 29, 51, 7, 53, 14, 86, 48, 89, 50, 66, 96, 33, 80, 4, 8, 0, 36, 55, 52, 13, 2, 69, 34]|[1, 1, 0, 1, 1, 1, 2, 1, 2, 1, 2, 2, 2, 1, 1, 0, 0, 1, 0, 2, 2, 0, 1, 2, 0, 1, 2, 2, 0, 0, 1, 2, 1, 2, 1, 0, 2, 0, 1, 1, 0, 1, 1, 1, 0, 2, 1, 1, 0, 0, 0, 0, 1, 1, 2, 1, 2, 0, 0, 0, 2, 1, 0, 1, 2, 1, 2, 1, 1, 1, 1, 1, 2, 0, 1, 2, 0, 0, 0, 1, 0, 1, 0, 0, 1, 0, 0, 0, 2, 0, 0, 1, 0, 0, 1, 1, 0, 0, 1, 2]|[4, 3, 2, 2, 0, 0, 2, 2, 2, 4, 1, 1, 2, 4, 4, 1, 1, 4, 2, 1, 1, 1, 1, 2, 1, 2, 1, 1, 1, 1, 3, 2, 3, 0, 4, 0, 1, 1, 0, 3, 2, 2, 4, 0, 1, 1, 3, 2, 0, 1, 2, 2, 1, 4, 0, 3, 2, 1, 1, 2, 1, 3, 1, 1, 1, 3, 0, 4, 3, 1, 4, 1, 1, 2, 4, 1, 2, 1, 1, 3, 2, 3, 1, 1, 1, 1, 1, 1, 1, 1, 2, 3, 2, 1, 4, 1, 2, 2, 3, 1]|[0, 2, 1, 1, 3, 3, 0, 1, 0, 0, 0, 0, 1, 0, 1, 0, 0, 3, 1, 0, 0, 0, 3, 1, 0, 2, 0, 0, 0, 1, 0, 0, 0, 0, 3, 0, 1, 0, 0, 2, 1, 1, 2, 0, 0, 0, 0, 1, 1, 0, 0, 0, 1, 3, 0, 0, 1, 0, 0, 1, 0, 2, 0, 1, 0, 2, 1, 0, 0, 1, 1, 3, 0, 1, 3, 0, 1, 0, 0, 2, 1, 0, 0, 0, 1, 0, 0, 0, 0, 0, 1, 2, 0, 1, 3, 1, 0, 0, 0, 0],800.9906219655827,57627.59269545303,87853.25113417773,false
53,G1_CMAX,G1_CMAX,[31, 22, 90, 26, 58, 95, 42, 12, 93, 5, 78, 86, 98, 18, 20, 35, 3, 97, 91, 76, 10, 85, 54, 45, 63, 71, 66, 1, 23, 17, 24, 60, 36, 6, 57, 15, 65, 56, 47, 79, 94, 67, 50, 46, 14, 75, 38, 9, 30, 19, 32, 81, 27, 92, 83, 87, 40, 99, 59, 11, 53, 16, 72, 77, 73, 70, 39, 37, 84, 43, 62, 25, 55, 28, 29, 51, 68, 82, 74, 61, 88, 21, 80, 89, 7, 69, 96, 41, 48, 4, 8, 34, 49, 52, 0, 44, 13, 2, 64, 33]|[1, 1, 1, 1, 0, 2, 1, 1, 2, 2, 2, 1, 0, 1, 2, 2, 1, 2, 0, 1, 2, 2, 2, 0, 0, 1, 2, 1, 2, 1, 2, 1, 1, 0, 1, 1, 0, 2, 2, 1, 1, 0, 0, 0, 0, 1, 1, 1, 1, 2, 1, 2, 2, 0, 0, 2, 1, 0, 0, 2, 0, 1, 2, 2, 1, 1, 1, 1, 1, 1, 0, 1, 1, 0, 0, 0, 0, 0, 2, 1, 1, 0, 0, 1, 1, 1, 2, 2, 0, 1, 1, 2, 0, 1, 0, 0, 0, 0, 2, 2]|[0, 4, 3, 0, 1, 1, 2, 4, 1, 1, 2, 4, 1, 4, 1, 1, 1, 2, 2, 2, 2, 1, 1, 1, 2, 3, 2, 3, 0, 4, 1, 0, 3, 2, 2, 2, 1, 1, 1, 0, 2, 0, 1, 2, 1, 3, 1, 4, 2, 0, 3, 2, 1, 2, 1, 1, 4, 1, 1, 1, 2, 3, 0, 2, 4, 3, 1, 4, 1, 1, 1, 4, 4, 2, 1, 1, 1, 2, 1, 3, 0, 1, 1, 1, 1, 3, 1, 1, 1, 4, 3, 1, 1, 1, 2, 2, 2, 2, 1, 1]|[3, 0, 2, 3, 0, 0, 1, 0, 0, 0, 1, 0, 0, 3, 0, 0, 1, 1, 1, 2, 1, 0, 0, 0, 0, 0, 0, 0, 0, 3, 1, 0, 2, 1, 1, 1, 0, 0, 0, 0, 1, 1, 0, 0, 0, 0, 1, 3, 2, 0, 0, 1, 0, 1, 0, 0, 2, 0, 0, 0, 1, 2, 1, 1, 0, 0, 1, 1, 3, 3, 0, 3, 3, 1, 0, 0, 0, 1, 0, 0, 0, 0, 0, 1, 2, 2, 0, 0, 0, 0, 2, 0, 1, 1, 0, 0, 0, 0, 0, 0],705.0470749739228,58445.79123614564,95781.2895945797,false
53,G4_BALANCED,G4_BALANCED,[31, 22, 42, 15, 26, 58, 95, 82, 77, 12, 47, 5, 93, 78, 98, 54, 85, 63, 18, 44, 20, 35, 43, 97, 91, 76, 10, 30, 21, 45, 71, 64, 1, 23, 17, 83, 24, 61, 60, 49, 6, 57, 94, 88, 65, 56, 79, 40, 67, 68, 46, 75, 38, 9, 19, 32, 81, 41, 27, 62, 87, 90, 99, 59, 11, 16, 72, 73, 70, 39, 37, 84, 3, 92, 25, 74, 28, 29, 51, 7, 53, 14, 86, 48, 89, 66, 50, 96, 4, 80, 33, 2, 55, 36, 0, 52, 13, 8, 69, 34]|[1, 1, 0, 1, 1, 1, 2, 1, 2, 1, 2, 2, 2, 1, 1, 0, 0, 1, 0, 2, 2, 0, 1, 2, 0, 1, 2, 2, 0, 0, 1, 2, 1, 0, 1, 0, 2, 0, 1, 1, 0, 1, 1, 1, 0, 2, 1, 1, 0, 0, 0, 0, 1, 1, 2, 1, 2, 0, 0, 0, 2, 1, 0, 1, 2, 1, 2, 1, 1, 1, 1, 1, 2, 0, 1, 2, 0, 0, 0, 1, 0, 0, 0, 0, 1, 0, 0, 0, 0, 0, 2, 0, 1, 0, 0, 1, 0, 1, 1, 2]|[4, 3, 2, 2, 0, 0, 2, 2, 2, 4, 1, 1, 2, 4, 4, 1, 1, 4, 2, 1, 1, 1, 1, 2, 1, 2, 1, 1, 1, 1, 3, 2, 3, 0, 4, 0, 1, 1, 0, 3, 2, 2, 4, 0, 1, 1, 3, 2, 0, 1, 2, 2, 1, 4, 0, 3, 2, 1, 1, 2, 1, 3, 1, 1, 1, 3, 0, 4, 3, 1, 4, 1, 1, 2, 4, 1, 2, 1, 1, 3, 2, 1, 1, 1, 1, 1, 1, 1, 2, 1, 1, 2, 4, 1, 2, 1, 2, 3, 3, 1]|[0, 2, 1, 1, 3, 3, 0, 1, 0, 0, 0, 0, 1, 0, 1, 0, 0, 3, 1, 0, 0, 0, 3, 1, 0, 2, 0, 0, 0, 1, 0, 0, 0, 0, 3, 0, 1, 0, 0, 2, 1, 1, 2, 0, 0, 0, 0, 1, 1, 0, 0, 0, 1, 3, 0, 0, 1, 0, 0, 1, 0, 2, 0, 1, 0, 2, 1, 0, 0, 1, 1, 3, 0, 1, 3, 0, 1, 0, 0, 2, 1, 0, 0, 0, 1, 0, 0, 0, 1, 0, 0, 0, 3, 1, 0, 1, 0, 2, 0, 0],853.789535363496,57766.93591679638,87526.49416743385,false
53,G2_TEC,G2_TEC,[31, 94, 82, 15, 26, 9, 95, 42, 77, 68, 47, 5, 93, 78, 86, 54, 85, 63, 18, 44, 20, 49, 36, 14, 74, 50, 53, 17, 21, 28, 11, 64, 3, 23, 30, 83, 24, 41, 40, 52, 65, 27, 90, 70, 39, 87, 48, 69, 99, 4, 98, 1, 13, 56, 97, 59, 45, 8, 73, 37, 35, 79, 71, 66, 76, 32, 60, 80, 58, 6, 67, 61, 33, 7, 57, 34, 12, 16, 10, 46, 96, 88, 43, 81, 91, 2, 84, 29, 92, 19, 51, 55, 89, 75, 25, 22, 38, 72, 62, 0]|[2, 1, 2, 1, 1, 2, 1, 1, 1, 1, 1, 0, 2, 2, 1, 2, 0, 0, 0, 2, 2, 1, 0, 2, 0, 2, 2, 1, 0, 1, 1, 1, 0, 0, 1, 0, 2, 1, 2, 2, 0, 0, 1, 1, 0, 2, 0, 2, 1, 0, 2, 2, 0, 2, 2, 0, 1, 1, 0, 0, 2, 1, 1, 2, 2, 0, 2, 2, 2, 1, 2, 1, 1, 2, 0, 1, 1, 2, 1, 0, 0, 1, 1, 1, 1, 0, 0, 1, 0, 1, 1, 0, 1, 0, 1, 2, 0, 1, 1, 0]|[0, 3, 0, 3, 4, 1, 4, 4, 4, 4, 3, 2, 1, 0, 2, 1, 1, 1, 2, 1, 1, 3, 0, 1, 0, 1, 1, 4, 1, 4, 3, 2, 2, 0, 4, 1, 1, 4, 1, 1, 2, 1, 4, 4, 1, 1, 0, 1, 3, 2, 1, 1, 2, 1, 1, 2, 4, 3, 0, 2, 1, 3, 3, 1, 1, 2, 1, 1, 1, 4, 1, 3, 4, 1, 2, 4, 3, 1, 3, 2, 2, 4, 4, 4, 3, 2, 2, 3, 2, 4, 3, 2, 4, 2, 4, 1, 2, 4, 3, 2]|[0, 2, 0, 0, 3, 0, 1, 3, 1, 0, 2, 0, 1, 0, 1, 0, 0, 0, 1, 0, 0, 2, 0, 0, 1, 0, 0, 3, 0, 1, 0, 2, 0, 0, 3, 0, 1, 1, 0, 0, 0, 0, 1, 3, 0, 0, 1, 0, 2, 0, 0, 0, 0, 0, 1, 0, 1, 0, 1, 1, 0, 2, 0, 0, 0, 0, 0, 0, 0, 2, 0, 0, 1, 0, 0, 1, 0, 0, 3, 0, 0, 1, 2, 2, 0, 0, 0, 3, 0, 1, 0, 0, 1, 0, 3, 0, 0, 1, 0, 0],910.6016522559228,48449.301094637194,107046.1135137847,false
53,G3_TWC,G3_TWC,[31, 22, 42, 15, 26, 58, 95, 82, 77, 12, 47, 5, 93, 78, 98, 54, 85, 63, 18, 44, 20, 35, 43, 97, 91, 76, 10, 30, 21, 45, 71, 64, 1, 23, 17, 83, 24, 61, 60, 49, 6, 57, 94, 88, 65, 56, 79, 40, 67, 68, 46, 75, 38, 9, 19, 32, 81, 41, 27, 62, 87, 90, 99, 59, 11, 16, 72, 73, 70, 39, 37, 84, 3, 92, 25, 74, 28, 29, 51, 7, 53, 14, 86, 48, 89, 50, 66, 96, 33, 80, 4, 8, 0, 36, 55, 52, 13, 2, 69, 34]|[1, 1, 0, 1, 1, 1, 2, 1, 2, 1, 2, 2, 2, 1, 1, 0, 0, 1, 0, 2, 2, 0, 1, 2, 0, 1, 2, 2, 0, 0, 1, 2, 1, 2, 1, 0, 2, 0, 1, 1, 0, 1, 1, 1, 0, 2, 1, 1, 0, 0, 0, 0, 1, 1, 2, 1, 2, 0, 0, 0, 2, 1, 0, 1, 2, 1, 2, 1, 1, 1, 1, 1, 2, 0, 1, 2, 0, 0, 0, 1, 0, 1, 0, 0, 1, 0, 0, 0, 2, 0, 0, 1, 0, 0, 1, 1, 0, 0, 1, 2]|[4, 3, 2, 2, 0, 0, 2, 2, 2, 4, 1, 1, 2, 4, 4, 1, 1, 4, 2, 1, 1, 1, 1, 2, 1, 2, 1, 1, 1, 1, 3, 2, 3, 0, 4, 0, 1, 1, 0, 3, 2, 2, 4, 0, 1, 1, 3, 2, 0, 1, 2, 2, 1, 4, 0, 3, 2, 1, 1, 2, 1, 3, 1, 1, 1, 3, 0, 4, 3, 1, 4, 1, 1, 2, 4, 1, 2, 1, 1, 3, 2, 3, 1, 1, 1, 1, 1, 1, 1, 1, 2, 3, 2, 1, 4, 1, 2, 2, 3, 1]|[0, 2, 1, 1, 3, 3, 0, 1, 0, 0, 0, 0, 1, 0, 1, 0, 0, 3, 1, 0, 0, 0, 3, 1, 0, 2, 0, 0, 0, 1, 0, 0, 0, 0, 3, 0, 1, 0, 0, 2, 1, 1, 2, 0, 0, 0, 0, 1, 1, 0, 0, 0, 1, 3, 0, 0, 1, 0, 0, 1, 0, 2, 0, 1, 0, 2, 1, 0, 0, 1, 1, 3, 0, 1, 3, 0, 1, 0, 0, 2, 1, 0, 0, 0, 1, 0, 0, 0, 0, 0, 1, 2, 0, 1, 3, 1, 0, 0, 0, 0],800.9906219655827,57627.59269545303,87853.25113417773,false
53,G1_CMAX,G1_CMAX,[31, 22, 90, 26, 58, 95, 42, 12, 93, 5, 78, 86, 98, 18, 20, 35, 3, 97, 91, 76, 10, 85, 54, 45, 63, 71, 66, 1, 23, 17, 24, 60, 36, 6, 57, 15, 65, 56, 47, 79, 94, 67, 50, 46, 14, 75, 38, 9, 30, 19, 32, 81, 27, 92, 83, 87, 40, 99, 59, 11, 53, 16, 72, 77, 73, 70, 39, 37, 84, 43, 62, 25, 55, 28, 29, 51, 68, 82, 74, 61, 88, 21, 80, 89, 7, 69, 96, 41, 48, 4, 8, 34, 49, 52, 0, 44, 13, 2, 64, 33]|[1, 1, 1, 1, 0, 2, 1, 1, 2, 2, 2, 1, 0, 1, 2, 2, 1, 2, 0, 1, 2, 2, 2, 0, 0, 1, 2, 1, 2, 1, 2, 1, 1, 0, 1, 1, 0, 2, 2, 1, 1, 0, 0, 0, 0, 1, 1, 1, 1, 2, 1, 2, 2, 0, 0, 2, 1, 0, 0, 2, 0, 1, 2, 2, 1, 1, 1, 1, 1, 1, 0, 1, 1, 0, 0, 0, 0, 0, 2, 1, 1, 0, 0, 1, 1, 1, 2, 2, 0, 1, 1, 2, 0, 1, 0, 0, 0, 0, 2, 2]|[0, 4, 3, 0, 1, 1, 2, 4, 1, 1, 2, 4, 1, 4, 1, 1, 1, 2, 2, 2, 2, 1, 1, 1, 2, 3, 2, 3, 0, 4, 1, 0, 3, 2, 2, 2, 1, 1, 1, 0, 2, 0, 1, 2, 1, 3, 1, 4, 2, 0, 3, 2, 1, 2, 1, 1, 4, 1, 1, 1, 2, 3, 0, 2, 4, 3, 1, 4, 1, 1, 1, 4, 4, 2, 1, 1, 1, 2, 1, 3, 0, 1, 1, 1, 1, 3, 1, 1, 1, 4, 3, 1, 1, 1, 2, 2, 2, 2, 1, 1]|[3, 0, 2, 3, 0, 0, 1, 0, 0, 0, 1, 0, 0, 3, 0, 0, 1, 1, 1, 2, 1, 0, 0, 0, 0, 0, 0, 0, 0, 3, 1, 0, 2, 1, 1, 1, 0, 0, 0, 0, 1, 1, 0, 0, 0, 0, 1, 3, 2, 0, 0, 1, 0, 1, 0, 0, 2, 0, 0, 0, 1, 2, 1, 1, 0, 0, 1, 1, 3, 3, 0, 3, 3, 1, 0, 0, 0, 1, 0, 0, 0, 0, 0, 1, 2, 2, 0, 0, 0, 0, 2, 0, 1, 1, 0, 0, 0, 0, 0, 0],705.0470749739228,58445.79123614564,95781.2895945797,false
53,G4_BALANCED,G4_BALANCED,[31, 11, 82, 15, 26, 9, 95, 42, 77, 68, 47, 5, 93, 78, 86, 54, 85, 63, 18, 44, 20, 49, 36, 14, 74, 50, 53, 17, 21, 45, 71, 64, 3, 23, 30, 83, 24, 41, 60, 52, 65, 27, 90, 70, 39, 87, 48, 69, 99, 4, 46, 1, 13, 58, 97, 59, 28, 75, 73, 37, 35, 79, 22, 66, 76, 32, 40, 80, 96, 6, 61, 16, 7, 33, 57, 34, 12, 67, 10, 98, 56, 88, 29, 8, 91, 38, 19, 92, 43, 84, 51, 72, 81, 25, 94, 55, 0, 89, 2, 62]|[2, 1, 2, 1, 1, 2, 1, 1, 1, 1, 1, 0, 2, 2, 1, 2, 0, 0, 0, 2, 2, 1, 0, 2, 0, 2, 2, 1, 0, 1, 1, 1, 0, 0, 1, 0, 2, 1, 2, 2, 0, 0, 1, 1, 0, 2, 0, 2, 1, 0, 0, 2, 0, 0, 2, 0, 1, 1, 0, 0, 2, 1, 0, 2, 2, 0, 2, 2, 0, 1, 2, 2, 2, 1, 0, 1, 1, 1, 1, 2, 2, 1, 1, 0, 1, 0, 1, 0, 1, 0, 1, 1, 1, 1, 2, 0, 0, 1, 2, 1]|[0, 3, 0, 2, 4, 1, 4, 4, 2, 4, 3, 2, 1, 0, 2, 1, 1, 1, 2, 1, 1, 3, 0, 1, 0, 1, 1, 4, 1, 4, 3, 2, 2, 0, 4, 1, 1, 4, 0, 1, 2, 1, 4, 4, 1, 1, 0, 2, 3, 1, 2, 1, 2, 1, 1, 2, 4, 3, 0, 2, 2, 3, 1, 0, 1, 2, 0, 1, 2, 4, 1, 1, 1, 4, 2, 4, 3, 3, 3, 1, 1, 4, 3, 2, 3, 2, 4, 2, 4, 2, 3, 4, 1, 4, 1, 2, 2, 4, 1, 3]|[0, 2, 0, 1, 3, 0, 1, 3, 0, 0, 2, 0, 1, 0, 1, 0, 0, 0, 1, 0, 0, 2, 0, 0, 1, 0, 0, 3, 0, 1, 0, 2, 0, 1, 3, 0, 1, 3, 1, 0, 0, 0, 1, 3, 0, 0, 1, 0, 2, 0, 0, 0, 0, 0, 1, 0, 1, 0, 1, 1, 0, 2, 0, 0, 0, 0, 1, 0, 0, 2, 0, 0, 0, 1, 0, 1, 0, 0, 3, 0, 0, 1, 0, 0, 0, 0, 3, 0, 2, 0, 0, 2, 1, 3, 0, 0, 0, 1, 0, 0],843.8855010804491,52510.30755899072,105664.6447807653,false
53,G2_TEC,G4_BALANCED,[31, 22, 82, 15, 26, 58, 95, 42, 77, 12, 47, 5, 93, 78, 86, 54, 85, 63, 18, 44, 20, 35, 43, 97, 91, 76, 10, 30, 21, 45, 71, 64, 1, 23, 17, 83, 24, 14, 60, 36, 6, 57, 40, 88, 65, 56, 79, 94, 67, 68, 46, 29, 38, 9, 19, 32, 81, 41, 27, 87, 62, 90, 99, 59, 11, 66, 72, 73, 39, 70, 37, 84, 3, 92, 25, 74, 28, 75, 51, 7, 55, 61, 98, 48, 89, 16, 50, 96, 33, 80, 4, 8, 53, 49, 0, 52, 13, 2, 69, 34]|[1, 1, 0, 1, 1, 0, 1, 2, 2, 1, 2, 2, 2, 1, 1, 0, 0, 1, 0, 2, 2, 0, 1, 2, 0, 1, 2, 2, 0, 0, 1, 2, 1, 2, 1, 0, 2, 0, 1, 1, 0, 1, 1, 1, 0, 2, 1, 1, 0, 0, 0, 0, 1, 1, 2, 1, 2, 0, 0, 2, 2, 1, 0, 1, 2, 2, 2, 1, 1, 1, 1, 1, 1, 0, 1, 2, 0, 0, 0, 1, 2, 1, 2, 0, 1, 1, 0, 2, 2, 0, 1, 1, 0, 0, 0, 1, 0, 0, 1, 2]|[4, 3, 2, 2, 4, 1, 2, 2, 2, 4, 1, 1, 2, 4, 4, 1, 2, 4, 2, 1, 1, 1, 1, 2, 1, 2, 1, 1, 1, 1, 3, 2, 3, 1, 4, 0, 1, 1, 0, 3, 2, 2, 2, 0, 1, 1, 0, 4, 0, 1, 2, 2, 1, 4, 0, 3, 1, 1, 1, 1, 1, 3, 1, 1, 1, 1, 1, 4, 3, 3, 4, 1, 1, 2, 4, 1, 2, 2, 1, 1, 1, 3, 1, 1, 1, 3, 1, 1, 1, 1, 4, 3, 2, 1, 2, 1, 2, 2, 4, 1]|[0, 2, 1, 1, 3, 0, 1, 0, 0, 0, 0, 0, 1, 0, 1, 0, 0, 3, 1, 0, 0, 0, 3, 1, 0, 2, 0, 0, 0, 1, 0, 0, 0, 0, 3, 0, 1, 0, 0, 2, 1, 1, 1, 0, 0, 0, 0, 2, 1, 0, 0, 0, 1, 3, 0, 0, 0, 0, 0, 0, 0, 2, 0, 1, 0, 0, 0, 0, 0, 0, 1, 3, 1, 1, 3, 0, 1, 0, 0, 2, 0, 0, 0, 0, 1, 2, 0, 0, 0, 0, 0, 2, 1, 1, 0, 1, 0, 0, 2, 0],798.0294042478927,55202.006513415756,98789.04139124315,true
53,G3_TWC,G4_BALANCED,[31, 22, 42, 15, 26, 58, 95, 82, 77, 12, 47, 5, 93, 78, 98, 54, 85, 63, 18, 44, 20, 35, 43, 97, 91, 76, 10, 30, 21, 45, 71, 64, 1, 23, 17, 83, 24, 61, 60, 49, 6, 57, 94, 88, 65, 56, 79, 40, 67, 68, 46, 75, 38, 9, 19, 32, 81, 41, 27, 62, 87, 90, 99, 59, 53, 16, 72, 73, 70, 39, 37, 84, 3, 92, 25, 74, 28, 0, 51, 7, 11, 14, 86, 48, 89, 50, 66, 96, 33, 80, 4, 8, 55, 36, 29, 52, 13, 2, 69, 34]|[1, 1, 0, 1, 1, 1, 2, 1, 2, 1, 2, 2, 2, 1, 1, 0, 0, 1, 0, 2, 2, 0, 1, 2, 0, 1, 2, 2, 0, 0, 1, 2, 1, 0, 1, 0, 2, 0, 1, 1, 0, 1, 1, 1, 0, 2, 1, 1, 0, 0, 0, 0, 1, 1, 2, 1, 2, 0, 0, 0, 2, 1, 0, 1, 0, 1, 2, 1, 1, 1, 1, 1, 2, 0, 1, 2, 0, 0, 0, 1, 2, 1, 0, 0, 1, 0, 0, 2, 2, 0, 0, 1, 2, 0, 0, 1, 0, 0, 1, 2]|[4, 3, 2, 2, 0, 0, 2, 2, 2, 4, 1, 1, 2, 4, 4, 1, 1, 4, 2, 1, 1, 1, 1, 2, 1, 2, 1, 1, 1, 1, 3, 2, 3, 0, 4, 0, 1, 1, 0, 3, 2, 2, 4, 0, 1, 1, 3, 2, 0, 1, 2, 2, 1, 4, 0, 3, 2, 1, 1, 2, 1, 3, 1, 1, 2, 3, 0, 4, 3, 1, 4, 1, 1, 2, 4, 1, 2, 1, 1, 3, 1, 3, 1, 1, 1, 1, 1, 1, 1, 1, 2, 3, 1, 1, 2, 1, 2, 2, 3, 1]|[0, 2, 1, 1, 3, 3, 0, 1, 0, 0, 0, 0, 1, 0, 1, 0, 0, 3, 1, 0, 0, 0, 3, 1, 0, 2, 0, 0, 0, 1, 0, 0, 0, 0, 3, 0, 1, 0, 0, 2, 1, 1, 2, 0, 0, 0, 0, 1, 1, 0, 0, 0, 1, 3, 0, 0, 1, 0, 0, 1, 0, 2, 0, 1, 1, 2, 1, 0, 0, 1, 1, 3, 0, 1, 3, 0, 1, 0, 0, 2, 0, 0, 0, 0, 1, 0, 0, 0, 0, 0, 1, 2, 0, 1, 0, 1, 0, 0, 0, 0],787.7354273239397,57319.98389756265,87481.7179896983,true
53,G1_CMAX,G1_CMAX,[31, 22, 90, 26, 58, 95, 42, 12, 93, 5, 78, 86, 98, 18, 20, 35, 3, 97, 91, 76, 10, 85, 54, 45, 63, 71, 66, 1, 23, 17, 24, 60, 36, 6, 57, 15, 65, 56, 47, 79, 94, 67, 50, 46, 14, 75, 38, 9, 30, 19, 32, 81, 27, 92, 83, 87, 40, 99, 59, 11, 53, 16, 72, 77, 73, 70, 39, 37, 84, 43, 62, 25, 55, 28, 29, 51, 68, 82, 74, 61, 88, 21, 80, 89, 7, 69, 96, 41, 48, 4, 8, 34, 49, 52, 0, 44, 13, 2, 64, 33]|[1, 1, 1, 1, 0, 2, 1, 1, 2, 2, 2, 1, 0, 1, 2, 2, 1, 2, 0, 1, 2, 2, 2, 0, 0, 1, 2, 1, 2, 1, 2, 1, 1, 0, 1, 1, 0, 2, 2, 1, 1, 0, 0, 0, 0, 1, 1, 1, 1, 2, 1, 2, 2, 0, 0, 2, 1, 0, 0, 2, 0, 1, 2, 2, 1, 1, 1, 1, 1, 1, 0, 1, 1, 0, 0, 0, 0, 0, 2, 1, 1, 0, 0, 1, 1, 1, 2, 2, 0, 1, 1, 2, 0, 1, 0, 0, 0, 0, 2, 2]|[0, 4, 3, 0, 1, 1, 2, 4, 1, 1, 2, 4, 1, 4, 1, 1, 1, 2, 2, 2, 2, 1, 1, 1, 2, 3, 2, 3, 0, 4, 1, 0, 3, 2, 2, 2, 1, 1, 1, 0, 2, 0, 1, 2, 1, 3, 1, 4, 2, 0, 3, 2, 1, 2, 1, 1, 4, 1, 1, 1, 2, 3, 0, 2, 4, 3, 1, 4, 1, 1, 1, 4, 4, 2, 1, 1, 1, 2, 1, 3, 0, 1, 1, 1, 1, 3, 1, 1, 1, 4, 3, 1, 1, 1, 2, 2, 2, 2, 1, 1]|[3, 0, 2, 3, 0, 0, 1, 0, 0, 0, 1, 0, 0, 3, 0, 0, 1, 1, 1, 2, 1, 0, 0, 0, 0, 0, 0, 0, 0, 3, 1, 0, 2, 1, 1, 1, 0, 0, 0, 0, 1, 1, 0, 0, 0, 0, 1, 3, 2, 0, 0, 1, 0, 1, 0, 0, 2, 0, 0, 0, 1, 2, 1, 1, 0, 0, 1, 1, 3, 3, 0, 3, 3, 1, 0, 0, 0, 1, 0, 0, 0, 0, 0, 1, 2, 2, 0, 0, 0, 0, 2, 0, 1, 1, 0, 0, 0, 0, 0, 0],705.0470749739228,58445.79123614564,95781.2895945797,false
53,G4_BALANCED,G4_BALANCED,[31, 11, 82, 15, 26, 9, 95, 42, 77, 68, 47, 5, 93, 78, 86, 54, 85, 63, 18, 44, 20, 49, 36, 14, 74, 50, 53, 17, 21, 45, 71, 64, 3, 23, 30, 83, 24, 41, 60, 52, 65, 27, 90, 70, 39, 87, 48, 69, 99, 4, 46, 1, 13, 58, 97, 59, 28, 75, 73, 37, 35, 79, 22, 66, 76, 32, 40, 80, 96, 6, 61, 16, 7, 33, 57, 34, 12, 67, 10, 98, 56, 88, 29, 8, 91, 38, 19, 92, 43, 84, 51, 72, 81, 25, 94, 55, 0, 89, 2, 62]|[2, 1, 2, 1, 1, 2, 1, 1, 1, 1, 1, 0, 2, 2, 1, 2, 0, 0, 0, 2, 2, 1, 0, 2, 0, 2, 2, 1, 0, 1, 1, 1, 0, 0, 1, 0, 2, 1, 2, 2, 0, 0, 1, 1, 0, 2, 0, 2, 1, 0, 0, 2, 0, 0, 2, 0, 1, 1, 0, 0, 2, 1, 0, 2, 2, 0, 2, 2, 0, 1, 2, 2, 2, 1, 0, 1, 1, 1, 1, 2, 2, 1, 1, 0, 1, 0, 1, 0, 1, 0, 1, 1, 1, 1, 2, 0, 0, 1, 2, 1]|[0, 3, 0, 2, 4, 1, 4, 4, 2, 4, 3, 2, 1, 0, 2, 1, 1, 1, 2, 1, 1, 3, 0, 1, 0, 1, 1, 4, 1, 4, 3, 2, 2, 0, 4, 1, 1, 4, 0, 1, 2, 1, 4, 4, 1, 1, 0, 2, 3, 1, 2, 1, 2, 1, 1, 2, 4, 3, 0, 2, 2, 3, 1, 0, 1, 2, 0, 1, 2, 4, 1, 1, 1, 4, 2, 4, 3, 3, 3, 1, 1, 4, 3, 2, 3, 2, 4, 2, 4, 2, 3, 4, 1, 4, 1, 2, 2, 4, 1, 3]|[0, 2, 0, 1, 3, 0, 1, 3, 0, 0, 2, 0, 1, 0, 1, 0, 0, 0, 1, 0, 0, 2, 0, 0, 1, 0, 0, 3, 0, 1, 0, 2, 0, 1, 3, 0, 1, 3, 1, 0, 0, 0, 1, 3, 0, 0, 1, 0, 2, 0, 0, 0, 0, 0, 1, 0, 1, 0, 1, 1, 0, 2, 0, 0, 0, 0, 1, 0, 0, 2, 0, 0, 0, 1, 0, 1, 0, 0, 3, 0, 0, 1, 0, 0, 0, 0, 3, 0, 2, 0, 0, 2, 1, 3, 0, 0, 0, 1, 0, 0],843.8855010804491,52510.30755899072,105664.6447807653,false
53,G2_TEC,G2_TEC,[31, 94, 82, 15, 26, 9, 95, 42, 77, 68, 47, 5, 93, 78, 86, 54, 85, 63, 18, 44, 20, 49, 36, 14, 74, 50, 53, 17, 21, 28, 11, 64, 3, 23, 30, 83, 24, 41, 40, 52, 65, 27, 90, 70, 39, 87, 48, 69, 99, 4, 98, 1, 13, 56, 97, 59, 45, 8, 73, 37, 35, 79, 71, 66, 76, 32, 60, 80, 58, 6, 67, 61, 33, 7, 57, 34, 12, 16, 10, 46, 96, 88, 43, 81, 91, 2, 84, 29, 92, 19, 51, 55, 89, 75, 25, 22, 38, 72, 62, 0]|[2, 1, 2, 1, 1, 2, 1, 1, 1, 1, 1, 0, 2, 2, 1, 2, 0, 0, 0, 2, 2, 1, 0, 2, 0, 2, 2, 1, 0, 1, 1, 1, 0, 0, 1, 0, 2, 1, 2, 2, 0, 0, 1, 1, 0, 2, 0, 2, 1, 0, 2, 2, 0, 2, 2, 0, 1, 1, 0, 0, 2, 1, 1, 2, 2, 0, 2, 2, 2, 1, 2, 1, 1, 2, 0, 1, 1, 2, 1, 0, 0, 1, 1, 1, 1, 0, 0, 1, 0, 1, 1, 0, 1, 0, 1, 2, 0, 1, 1, 0]|[0, 3, 0, 3, 4, 1, 4, 4, 4, 4, 3, 2, 1, 0, 2, 1, 1, 1, 2, 1, 1, 3, 0, 1, 0, 1, 1, 4, 1, 4, 3, 2, 2, 0, 4, 1, 1, 4, 1, 1, 2, 1, 4, 4, 1, 1, 0, 1, 3, 2, 1, 1, 2, 1, 1, 2, 4, 3, 0, 2, 1, 3, 3, 1, 1, 2, 1, 1, 1, 4, 1, 3, 4, 1, 2, 4, 3, 1, 3, 2, 2, 4, 4, 4, 3, 2, 2, 3, 2, 4, 3, 2, 4, 2, 4, 1, 2, 4, 3, 2]|[0, 2, 0, 0, 3, 0, 1, 3, 1, 0, 2, 0, 1, 0, 1, 0, 0, 0, 1, 0, 0, 2, 0, 0, 1, 0, 0, 3, 0, 1, 0, 2, 0, 0, 3, 0, 1, 1, 0, 0, 0, 0, 1, 3, 0, 0, 1, 0, 2, 0, 0, 0, 0, 0, 1, 0, 1, 0, 1, 1, 0, 2, 0, 0, 0, 0, 0, 0, 0, 2, 0, 0, 1, 0, 0, 1, 0, 0, 3, 0, 0, 1, 2, 2, 0, 0, 0, 3, 0, 1, 0, 0, 1, 0, 3, 0, 0, 1, 0, 0],910.6016522559228,48449.301094637194,107046.1135137847,false
53,G3_TWC,G4_BALANCED,[31, 22, 42, 15, 26, 58, 95, 82, 77, 12, 47, 5, 93, 78, 98, 54, 85, 63, 18, 44, 20, 35, 43, 97, 91, 76, 10, 30, 21, 45, 71, 64, 1, 23, 17, 83, 24, 61, 60, 49, 6, 57, 94, 88, 65, 56, 79, 40, 67, 68, 46, 75, 38, 9, 19, 32, 81, 41, 27, 62, 87, 90, 99, 59, 53, 16, 72, 73, 70, 39, 37, 84, 3, 92, 25, 74, 28, 0, 51, 7, 11, 14, 86, 48, 89, 50, 66, 96, 33, 80, 4, 8, 55, 36, 29, 52, 13, 2, 69, 34]|[1, 1, 0, 1, 1, 1, 2, 1, 2, 1, 2, 2, 2, 1, 1, 0, 0, 1, 0, 2, 2, 0, 1, 2, 0, 1, 2, 2, 0, 0, 1, 2, 1, 0, 1, 0, 2, 0, 1, 1, 0, 1, 1, 1, 0, 2, 1, 1, 0, 0, 0, 0, 1, 1, 2, 1, 2, 0, 0, 0, 2, 1, 0, 1, 0, 1, 2, 1, 1, 1, 1, 1, 2, 0, 1, 2, 0, 0, 0, 1, 2, 1, 0, 0, 1, 0, 0, 2, 2, 0, 0, 1, 2, 0, 0, 1, 0, 0, 1, 2]|[4, 3, 2, 2, 0, 0, 2, 2, 2, 4, 1, 1, 2, 4, 4, 1, 1, 4, 2, 1, 1, 1, 1, 2, 1, 2, 1, 1, 1, 1, 3, 2, 3, 0, 4, 0, 1, 1, 0, 3, 2, 2, 4, 0, 1, 1, 3, 2, 0, 1, 2, 2, 1, 4, 0, 3, 2, 1, 1, 2, 1, 3, 1, 1, 2, 3, 0, 4, 3, 1, 4, 1, 1, 2, 4, 1, 2, 1, 1, 3, 1, 3, 1, 1, 1, 1, 1, 1, 1, 1, 2, 3, 1, 1, 2, 1, 2, 2, 3, 1]|[0, 2, 1, 1, 3, 3, 0, 1, 0, 0, 0, 0, 1, 0, 1, 0, 0, 3, 1, 0, 0, 0, 3, 1, 0, 2, 0, 0, 0, 1, 0, 0, 0, 0, 3, 0, 1, 0, 0, 2, 1, 1, 2, 0, 0, 0, 0, 1, 1, 0, 0, 0, 1, 3, 0, 0, 1, 0, 0, 1, 0, 2, 0, 1, 1, 2, 1, 0, 0, 1, 1, 3, 0, 1, 3, 0, 1, 0, 0, 2, 0, 0, 0, 0, 1, 0, 0, 0, 0, 0, 1, 2, 0, 1, 0, 1, 0, 0, 0, 0],787.7354273239397,57319.98389756265,87481.7179896983,true
53,G1_CMAX,G1_CMAX,[31, 22, 90, 26, 58, 95, 42, 12, 93, 5, 78, 86, 98, 18, 20, 35, 3, 97, 91, 76, 10, 85, 54, 45, 63, 71, 66, 1, 23, 17, 24, 60, 36, 6, 57, 15, 65, 56, 47, 79, 94, 67, 50, 46, 14, 75, 38, 9, 30, 19, 32, 81, 27, 92, 83, 87, 40, 99, 59, 11, 53, 16, 72, 77, 73, 70, 39, 37, 84, 43, 62, 25, 55, 28, 29, 51, 68, 82, 74, 61, 88, 21, 80, 89, 7, 69, 96, 41, 48, 4, 8, 34, 49, 52, 0, 44, 13, 2, 64, 33]|[1, 1, 1, 1, 0, 2, 1, 1, 2, 2, 2, 1, 0, 1, 2, 2, 1, 2, 0, 1, 2, 2, 2, 0, 0, 1, 2, 1, 2, 1, 2, 1, 1, 0, 1, 1, 0, 2, 2, 1, 1, 0, 0, 0, 0, 1, 1, 1, 1, 2, 1, 2, 2, 0, 0, 2, 1, 0, 0, 2, 0, 1, 2, 2, 1, 1, 1, 1, 1, 1, 0, 1, 1, 0, 0, 0, 0, 0, 2, 1, 1, 0, 0, 1, 1, 1, 2, 2, 0, 1, 1, 2, 0, 1, 0, 0, 0, 0, 2, 2]|[0, 4, 3, 0, 1, 1, 2, 4, 1, 1, 2, 4, 1, 4, 1, 1, 1, 2, 2, 2, 2, 1, 1, 1, 2, 3, 2, 3, 0, 4, 1, 0, 3, 2, 2, 2, 1, 1, 1, 0, 2, 0, 1, 2, 1, 3, 1, 4, 2, 0, 3, 2, 1, 2, 1, 1, 4, 1, 1, 1, 2, 3, 0, 2, 4, 3, 1, 4, 1, 1, 1, 4, 4, 2, 1, 1, 1, 2, 1, 3, 0, 1, 1, 1, 1, 3, 1, 1, 1, 4, 3, 1, 1, 1, 2, 2, 2, 2, 1, 1]|[3, 0, 2, 3, 0, 0, 1, 0, 0, 0, 1, 0, 0, 3, 0, 0, 1, 1, 1, 2, 1, 0, 0, 0, 0, 0, 0, 0, 0, 3, 1, 0, 2, 1, 1, 1, 0, 0, 0, 0, 1, 1, 0, 0, 0, 0, 1, 3, 2, 0, 0, 1, 0, 1, 0, 0, 2, 0, 0, 0, 1, 2, 1, 1, 0, 0, 1, 1, 3, 3, 0, 3, 3, 1, 0, 0, 0, 1, 0, 0, 0, 0, 0, 1, 2, 2, 0, 0, 0, 0, 2, 0, 1, 1, 0, 0, 0, 0, 0, 0],705.0470749739228,58445.79123614564,95781.2895945797,false
53,G4_BALANCED,G4_BALANCED,[31, 11, 82, 15, 26, 9, 95, 42, 77, 68, 47, 5, 93, 78, 86, 54, 85, 63, 18, 44, 20, 49, 36, 14, 74, 50, 53, 17, 21, 45, 71, 64, 3, 23, 30, 83, 24, 41, 60, 52, 65, 27, 90, 70, 39, 87, 48, 69, 99, 4, 46, 1, 13, 58, 97, 59, 28, 75, 73, 37, 35, 79, 22, 66, 76, 32, 40, 80, 96, 6, 61, 16, 7, 33, 57, 34, 12, 67, 10, 98, 56, 88, 29, 8, 91, 38, 19, 92, 43, 84, 51, 72, 81, 25, 94, 55, 0, 89, 2, 62]|[2, 1, 2, 1, 1, 2, 1, 1, 1, 1, 1, 0, 2, 2, 1, 2, 0, 0, 0, 2, 2, 1, 0, 2, 0, 2, 2, 1, 0, 1, 1, 1, 0, 0, 1, 0, 2, 1, 2, 2, 0, 0, 1, 1, 0, 2, 0, 2, 1, 0, 0, 2, 0, 0, 2, 0, 1, 1, 0, 0, 2, 1, 0, 2, 2, 0, 2, 2, 0, 1, 2, 2, 2, 1, 0, 1, 1, 1, 1, 2, 2, 1, 1, 0, 1, 0, 1, 0, 1, 0, 1, 1, 1, 1, 2, 0, 0, 1, 2, 1]|[0, 3, 0, 2, 4, 1, 4, 4, 2, 4, 3, 2, 1, 0, 2, 1, 1, 1, 2, 1, 1, 3, 0, 1, 0, 1, 1, 4, 1, 4, 3, 2, 2, 0, 4, 1, 1, 4, 0, 1, 2, 1, 4, 4, 1, 1, 0, 2, 3, 1, 2, 1, 2, 1, 1, 2, 4, 3, 0, 2, 2, 3, 1, 0, 1, 2, 0, 1, 2, 4, 1, 1, 1, 4, 2, 4, 3, 3, 3, 1, 1, 4, 3, 2, 3, 2, 4, 2, 4, 2, 3, 4, 1, 4, 1, 2, 2, 4, 1, 3]|[0, 2, 0, 1, 3, 0, 1, 3, 0, 0, 2, 0, 1, 0, 1, 0, 0, 0, 1, 0, 0, 2, 0, 0, 1, 0, 0, 3, 0, 1, 0, 2, 0, 1, 3, 0, 1, 3, 1, 0, 0, 0, 1, 3, 0, 0, 1, 0, 2, 0, 0, 0, 0, 0, 1, 0, 1, 0, 1, 1, 0, 2, 0, 0, 0, 0, 1, 0, 0, 2, 0, 0, 0, 1, 0, 1, 0, 0, 3, 0, 0, 1, 0, 0, 0, 0, 3, 0, 2, 0, 0, 2, 1, 3, 0, 0, 0, 1, 0, 0],843.8855010804491,52510.30755899072,105664.6447807653,false
53,G2_TEC,G2_TEC,[31, 94, 82, 15, 26, 9, 95, 42, 77, 68, 47, 5, 93, 78, 86, 54, 85, 63, 18, 44, 20, 49, 36, 14, 74, 50, 53, 17, 21, 28, 11, 64, 3, 23, 30, 83, 24, 41, 40, 52, 65, 27, 90, 70, 39, 87, 48, 69, 99, 4, 98, 1, 13, 56, 97, 59, 45, 8, 73, 37, 35, 79, 71, 66, 76, 32, 60, 80, 58, 6, 67, 61, 33, 7, 57, 34, 12, 16, 10, 46, 96, 88, 43, 81, 91, 2, 84, 29, 92, 19, 51, 55, 89, 75, 25, 22, 38, 72, 62, 0]|[2, 1, 2, 1, 1, 2, 1, 1, 1, 1, 1, 0, 2, 2, 1, 2, 0, 0, 0, 2, 2, 1, 0, 2, 0, 2, 2, 1, 0, 1, 1, 1, 0, 0, 1, 0, 2, 1, 2, 2, 0, 0, 1, 1, 0, 2, 0, 2, 1, 0, 2, 2, 0, 2, 2, 0, 1, 1, 0, 0, 2, 1, 1, 2, 2, 0, 2, 2, 2, 1, 2, 1, 1, 2, 0, 1, 1, 2, 1, 0, 0, 1, 1, 1, 1, 0, 0, 1, 0, 1, 1, 0, 1, 0, 1, 2, 0, 1, 1, 0]|[0, 3, 0, 3, 4, 1, 4, 4, 4, 4, 3, 2, 1, 0, 2, 1, 1, 1, 2, 1, 1, 3, 0, 1, 0, 1, 1, 4, 1, 4, 3, 2, 2, 0, 4, 1, 1, 4, 1, 1, 2, 1, 4, 4, 1, 1, 0, 1, 3, 2, 1, 1, 2, 1, 1, 2, 4, 3, 0, 2, 1, 3, 3, 1, 1, 2, 1, 1, 1, 4, 1, 3, 4, 1, 2, 4, 3, 1, 3, 2, 2, 4, 4, 4, 3, 2, 2, 3, 2, 4, 3, 2, 4, 2, 4, 1, 2, 4, 3, 2]|[0, 2, 0, 0, 3, 0, 1, 3, 1, 0, 2, 0, 1, 0, 1, 0, 0, 0, 1, 0, 0, 2, 0, 0, 1, 0, 0, 3, 0, 1, 0, 2, 0, 0, 3, 0, 1, 1, 0, 0, 0, 0, 1, 3, 0, 0, 1, 0, 2, 0, 0, 0, 0, 0, 1, 0, 1, 0, 1, 1, 0, 2, 0, 0, 0, 0, 0, 0, 0, 2, 0, 0, 1, 0, 0, 1, 0, 0, 3, 0, 0, 1, 2, 2, 0, 0, 0, 3, 0, 1, 0, 0, 1, 0, 3, 0, 0, 1, 0, 0],910.6016522559228,48449.301094637194,107046.1135137847,false
53,G3_TWC,G4_BALANCED,[31, 22, 42, 15, 26, 58, 95, 82, 77, 12, 47, 5, 93, 78, 98, 54, 85, 63, 18, 44, 20, 35, 43, 97, 91, 76, 10, 30, 21, 45, 71, 64, 1, 23, 17, 83, 24, 61, 60, 49, 6, 57, 94, 88, 65, 56, 79, 40, 67, 68, 46, 75, 38, 9, 19, 32, 81, 41, 27, 62, 87, 90, 99, 59, 53, 16, 72, 73, 70, 39, 37, 84, 3, 92, 25, 74, 28, 0, 51, 7, 11, 14, 86, 48, 89, 50, 66, 96, 33, 80, 4, 8, 55, 36, 29, 52, 13, 2, 69, 34]|[1, 1, 0, 1, 1, 1, 2, 1, 2, 1, 2, 2, 2, 1, 1, 0, 0, 1, 0, 2, 2, 0, 1, 2, 0, 1, 2, 2, 0, 0, 1, 2, 1, 0, 1, 0, 2, 0, 1, 1, 0, 1, 1, 1, 0, 2, 1, 1, 0, 0, 0, 0, 1, 1, 2, 1, 2, 0, 0, 0, 2, 1, 0, 1, 0, 1, 2, 1, 1, 1, 1, 1, 2, 0, 1, 2, 0, 0, 0, 1, 2, 1, 0, 0, 1, 0, 0, 2, 2, 0, 0, 1, 2, 0, 0, 1, 0, 0, 1, 2]|[4, 3, 2, 2, 0, 0, 2, 2, 2, 4, 1, 1, 2, 4, 4, 1, 1, 4, 2, 1, 1, 1, 1, 2, 1, 2, 1, 1, 1, 1, 3, 2, 3, 0, 4, 0, 1, 1, 0, 3, 2, 2, 4, 0, 1, 1, 3, 2, 0, 1, 2, 2, 1, 4, 0, 3, 2, 1, 1, 2, 1, 3, 1, 1, 2, 3, 0, 4, 3, 1, 4, 1, 1, 2, 4, 1, 2, 1, 1, 3, 1, 3, 1, 1, 1, 1, 1, 1, 1, 1, 2, 3, 1, 1, 2, 1, 2, 2, 3, 1]|[0, 2, 1, 1, 3, 3, 0, 1, 0, 0, 0, 0, 1, 0, 1, 0, 0, 3, 1, 0, 0, 0, 3, 1, 0, 2, 0, 0, 0, 1, 0, 0, 0, 0, 3, 0, 1, 0, 0, 2, 1, 1, 2, 0, 0, 0, 0, 1, 1, 0, 0, 0, 1, 3, 0, 0, 1, 0, 0, 1, 0, 2, 0, 1, 1, 2, 1, 0, 0, 1, 1, 3, 0, 1, 3, 0, 1, 0, 0, 2, 0, 0, 0, 0, 1, 0, 0, 0, 0, 0, 1, 2, 0, 1, 0, 1, 0, 0, 0, 0],787.7354273239397,57319.98389756265,87481.7179896983,true
53,G1_CMAX,G1_CMAX,[31, 22, 90, 26, 58, 95, 42, 12, 93, 5, 78, 86, 98, 18, 20, 35, 3, 97, 91, 76, 10, 85, 54, 45, 63, 71, 66, 1, 23, 17, 24, 60, 36, 6, 57, 15, 65, 56, 47, 79, 94, 67, 50, 46, 14, 75, 38, 9, 30, 19, 32, 81, 27, 92, 83, 87, 40, 99, 59, 11, 53, 16, 72, 77, 73, 70, 39, 37, 84, 43, 62, 25, 55, 28, 29, 51, 68, 82, 74, 61, 88, 21, 80, 89, 7, 69, 96, 41, 48, 4, 8, 34, 49, 52, 0, 44, 13, 2, 64, 33]|[1, 1, 1, 1, 0, 2, 1, 1, 2, 2, 2, 1, 0, 1, 2, 2, 1, 2, 0, 1, 2, 2, 2, 0, 0, 1, 2, 1, 2, 1, 2, 1, 1, 0, 1, 1, 0, 2, 2, 1, 1, 0, 0, 0, 0, 1, 1, 1, 1, 2, 1, 2, 2, 0, 0, 2, 1, 0, 0, 2, 0, 1, 2, 2, 1, 1, 1, 1, 1, 1, 0, 1, 1, 0, 0, 0, 0, 0, 2, 1, 1, 0, 0, 1, 1, 1, 2, 2, 0, 1, 1, 2, 0, 1, 0, 0, 0, 0, 2, 2]|[0, 4, 3, 0, 1, 1, 2, 4, 1, 1, 2, 4, 1, 4, 1, 1, 1, 2, 2, 2, 2, 1, 1, 1, 2, 3, 2, 3, 0, 4, 1, 0, 3, 2, 2, 2, 1, 1, 1, 0, 2, 0, 1, 2, 1, 3, 1, 4, 2, 0, 3, 2, 1, 2, 1, 1, 4, 1, 1, 1, 2, 3, 0, 2, 4, 3, 1, 4, 1, 1, 1, 4, 4, 2, 1, 1, 1, 2, 1, 3, 0, 1, 1, 1, 1, 3, 1, 1, 1, 4, 3, 1, 1, 1, 2, 2, 2, 2, 1, 1]|[3, 0, 2, 3, 0, 0, 1, 0, 0, 0, 1, 0, 0, 3, 0, 0, 1, 1, 1, 2, 1, 0, 0, 0, 0, 0, 0, 0, 0, 3, 1, 0, 2, 1, 1, 1, 0, 0, 0, 0, 1, 1, 0, 0, 0, 0, 1, 3, 2, 0, 0, 1, 0, 1, 0, 0, 2, 0, 0, 0, 1, 2, 1, 1, 0, 0, 1, 1, 3, 3, 0, 3, 3, 1, 0, 0, 0, 1, 0, 0, 0, 0, 0, 1, 2, 2, 0, 0, 0, 0, 2, 0, 1, 1, 0, 0, 0, 0, 0, 0],705.0470749739228,58445.79123614564,95781.2895945797,false
53,G4_BALANCED,G4_BALANCED,[31, 11, 82, 15, 26, 9, 95, 42, 77, 68, 47, 5, 93, 78, 86, 54, 85, 63, 18, 44, 20, 49, 36, 14, 74, 50, 53, 17, 21, 45, 71, 64, 3, 23, 30, 83, 24, 41, 60, 52, 65, 27, 90, 70, 39, 87, 48, 69, 99, 4, 46, 1, 13, 58, 97, 59, 28, 75, 73, 37, 35, 79, 22, 66, 76, 32, 40, 80, 96, 6, 61, 16, 7, 33, 57, 34, 12, 67, 10, 98, 56, 88, 29, 8, 91, 38, 19, 92, 43, 84, 51, 72, 81, 25, 94, 55, 0, 89, 2, 62]|[2, 1, 2, 1, 1, 2, 1, 1, 1, 1, 1, 0, 2, 2, 1, 2, 0, 0, 0, 2, 2, 1, 0, 2, 0, 2, 2, 1, 0, 1, 1, 1, 0, 0, 1, 0, 2, 1, 2, 2, 0, 0, 1, 1, 0, 2, 0, 2, 1, 0, 0, 2, 0, 0, 2, 0, 1, 1, 0, 0, 2, 1, 0, 2, 2, 0, 2, 2, 0, 1, 2, 2, 2, 1, 0, 1, 1, 1, 1, 2, 2, 1, 1, 0, 1, 0, 1, 0, 1, 0, 1, 1, 1, 1, 2, 0, 0, 1, 2, 1]|[0, 3, 0, 2, 4, 1, 4, 4, 2, 4, 3, 2, 1, 0, 2, 1, 1, 1, 2, 1, 1, 3, 0, 1, 0, 1, 1, 4, 1, 4, 3, 2, 2, 0, 4, 1, 1, 4, 0, 1, 2, 1, 4, 4, 1, 1, 0, 2, 3, 1, 2, 1, 2, 1, 1, 2, 4, 3, 0, 2, 2, 3, 1, 0, 1, 2, 0, 1, 2, 4, 1, 1, 1, 4, 2, 4, 3, 3, 3, 1, 1, 4, 3, 2, 3, 2, 4, 2, 4, 2, 3, 4, 1, 4, 1, 2, 2, 4, 1, 3]|[0, 2, 0, 1, 3, 0, 1, 3, 0, 0, 2, 0, 1, 0, 1, 0, 0, 0, 1, 0, 0, 2, 0, 0, 1, 0, 0, 3, 0, 1, 0, 2, 0, 1, 3, 0, 1, 3, 1, 0, 0, 0, 1, 3, 0, 0, 1, 0, 2, 0, 0, 0, 0, 0, 1, 0, 1, 0, 1, 1, 0, 2, 0, 0, 0, 0, 1, 0, 0, 2, 0, 0, 0, 1, 0, 1, 0, 0, 3, 0, 0, 1, 0, 0, 0, 0, 3, 0, 2, 0, 0, 2, 1, 3, 0, 0, 0, 1, 0, 0],843.8855010804491,52510.30755899072,105664.6447807653,false
53,G2_TEC,G2_TEC,[31, 94, 82, 15, 26, 9, 95, 42, 77, 68, 47, 5, 93, 78, 86, 54, 85, 63, 18, 44, 20, 49, 36, 14, 74, 50, 53, 17, 21, 28, 11, 64, 3, 23, 30, 83, 24, 41, 40, 52, 65, 27, 90, 70, 39, 87, 48, 69, 99, 4, 98, 1, 13, 56, 97, 59, 45, 8, 73, 37, 35, 79, 71, 66, 76, 32, 60, 80, 58, 6, 67, 61, 33, 7, 57, 34, 12, 16, 10, 46, 96, 88, 43, 81, 91, 2, 84, 29, 92, 19, 51, 55, 89, 75, 25, 22, 38, 72, 62, 0]|[2, 1, 2, 1, 1, 2, 1, 1, 1, 1, 1, 0, 2, 2, 1, 2, 0, 0, 0, 2, 2, 1, 0, 2, 0, 2, 2, 1, 0, 1, 1, 1, 0, 0, 1, 0, 2, 1, 2, 2, 0, 0, 1, 1, 0, 2, 0, 2, 1, 0, 2, 2, 0, 2, 2, 0, 1, 1, 0, 0, 2, 1, 1, 2, 2, 0, 2, 2, 2, 1, 2, 1, 1, 2, 0, 1, 1, 2, 1, 0, 0, 1, 1, 1, 1, 0, 0, 1, 0, 1, 1, 0, 1, 0, 1, 2, 0, 1, 1, 0]|[0, 3, 0, 3, 4, 1, 4, 4, 4, 4, 3, 2, 1, 0, 2, 1, 1, 1, 2, 1, 1, 3, 0, 1, 0, 1, 1, 4, 1, 4, 3, 2, 2, 0, 4, 1, 1, 4, 1, 1, 2, 1, 4, 4, 1, 1, 0, 1, 3, 2, 1, 1, 2, 1, 1, 2, 4, 3, 0, 2, 1, 3, 3, 1, 1, 2, 1, 1, 1, 4, 1, 3, 4, 1, 2, 4, 3, 1, 3, 2, 2, 4, 4, 4, 3, 2, 2, 3, 2, 4, 3, 2, 4, 2, 4, 1, 2, 4, 3, 2]|[0, 2, 0, 0, 3, 0, 1, 3, 1, 0, 2, 0, 1, 0, 1, 0, 0, 0, 1, 0, 0, 2, 0, 0, 1, 0, 0, 3, 0, 1, 0, 2, 0, 0, 3, 0, 1, 1, 0, 0, 0, 0, 1, 3, 0, 0, 1, 0, 2, 0, 0, 0, 0, 0, 1, 0, 1, 0, 1, 1, 0, 2, 0, 0, 0, 0, 0, 0, 0, 2, 0, 0, 1, 0, 0, 1, 0, 0, 3, 0, 0, 1, 2, 2, 0, 0, 0, 3, 0, 1, 0, 0, 1, 0, 3, 0, 0, 1, 0, 0],910.6016522559228,48449.301094637194,107046.1135137847,false
53,G3_TWC,G4_BALANCED,[31, 22, 42, 15, 26, 58, 95, 82, 77, 12, 47, 5, 93, 78, 98, 54, 85, 63, 18, 44, 20, 35, 43, 97, 91, 76, 10, 30, 21, 45, 71, 64, 1, 23, 17, 83, 24, 61, 60, 49, 6, 57, 94, 88, 65, 56, 79, 40, 67, 68, 46, 75, 38, 9, 19, 32, 81, 41, 27, 62, 87, 90, 99, 59, 53, 16, 72, 73, 70, 39, 37, 84, 3, 92, 25, 74, 28, 0, 51, 7, 11, 14, 86, 48, 89, 50, 66, 96, 33, 80, 4, 8, 55, 36, 29, 52, 13, 2, 69, 34]|[1, 1, 0, 1, 1, 1, 2, 1, 2, 1, 2, 2, 2, 1, 1, 0, 0, 1, 0, 2, 2, 0, 1, 2, 0, 1, 2, 2, 0, 0, 1, 2, 1, 0, 1, 0, 2, 0, 1, 1, 0, 1, 1, 1, 0, 2, 1, 1, 0, 0, 0, 0, 1, 1, 2, 1, 2, 0, 0, 0, 2, 1, 0, 1, 0, 1, 2, 1, 1, 1, 1, 1, 2, 0, 1, 2, 0, 0, 0, 1, 2, 1, 0, 0, 1, 0, 0, 2, 2, 0, 0, 1, 2, 0, 0, 1, 0, 0, 1, 2]|[4, 3, 2, 2, 0, 0, 2, 2, 2, 4, 1, 1, 2, 4, 4, 1, 1, 4, 2, 1, 1, 1, 1, 2, 1, 2, 1, 1, 1, 1, 3, 2, 3, 0, 4, 0, 1, 1, 0, 3, 2, 2, 4, 0, 1, 1, 3, 2, 0, 1, 2, 2, 1, 4, 0, 3, 2, 1, 1, 2, 1, 3, 1, 1, 2, 3, 0, 4, 3, 1, 4, 1, 1, 2, 4, 1, 2, 1, 1, 3, 1, 3, 1, 1, 1, 1, 1, 1, 1, 1, 2, 3, 1, 1, 2, 1, 2, 2, 3, 1]|[0, 2, 1, 1, 3, 3, 0, 1, 0, 0, 0, 0, 1, 0, 1, 0, 0, 3, 1, 0, 0, 0, 3, 1, 0, 2, 0, 0, 0, 1, 0, 0, 0, 0, 3, 0, 1, 0, 0, 2, 1, 1, 2, 0, 0, 0, 0, 1, 1, 0, 0, 0, 1, 3, 0, 0, 1, 0, 0, 1, 0, 2, 0, 1, 1, 2, 1, 0, 0, 1, 1, 3, 0, 1, 3, 0, 1, 0, 0, 2, 0, 0, 0, 0, 1, 0, 0, 0, 0, 0, 1, 2, 0, 1, 0, 1, 0, 0, 0, 0],787.7354273239397,57319.98389756265,87481.7179896983,true
53,G1_CMAX,G1_CMAX,[31, 22, 90, 26, 58, 95, 42, 12, 93, 5, 78, 86, 98, 18, 20, 35, 3, 97, 91, 76, 10, 85, 54, 45, 63, 71, 66, 1, 23, 17, 24, 60, 36, 6, 57, 15, 65, 56, 47, 79, 94, 67, 50, 46, 14, 75, 38, 9, 30, 19, 32, 81, 27, 92, 83, 87, 40, 99, 59, 11, 53, 16, 72, 77, 73, 70, 39, 37, 84, 43, 62, 25, 55, 28, 29, 51, 68, 82, 74, 61, 88, 21, 80, 89, 7, 69, 96, 41, 48, 4, 8, 34, 49, 52, 0, 44, 13, 2, 64, 33]|[1, 1, 1, 1, 0, 2, 1, 1, 2, 2, 2, 1, 0, 1, 2, 2, 1, 2, 0, 1, 2, 2, 2, 0, 0, 1, 2, 1, 2, 1, 2, 1, 1, 0, 1, 1, 0, 2, 2, 1, 1, 0, 0, 0, 0, 1, 1, 1, 1, 2, 1, 2, 2, 0, 0, 2, 1, 0, 0, 2, 0, 1, 2, 2, 1, 1, 1, 1, 1, 1, 0, 1, 1, 0, 0, 0, 0, 0, 2, 1, 1, 0, 0, 1, 1, 1, 2, 2, 0, 1, 1, 2, 0, 1, 0, 0, 0, 0, 2, 2]|[0, 4, 3, 0, 1, 1, 2, 4, 1, 1, 2, 4, 1, 4, 1, 1, 1, 2, 2, 2, 2, 1, 1, 1, 2, 3, 2, 3, 0, 4, 1, 0, 3, 2, 2, 2, 1, 1, 1, 0, 2, 0, 1, 2, 1, 3, 1, 4, 2, 0, 3, 2, 1, 2, 1, 1, 4, 1, 1, 1, 2, 3, 0, 2, 4, 3, 1, 4, 1, 1, 1, 4, 4, 2, 1, 1, 1, 2, 1, 3, 0, 1, 1, 1, 1, 3, 1, 1, 1, 4, 3, 1, 1, 1, 2, 2, 2, 2, 1, 1]|[3, 0, 2, 3, 0, 0, 1, 0, 0, 0, 1, 0, 0, 3, 0, 0, 1, 1, 1, 2, 1, 0, 0, 0, 0, 0, 0, 0, 0, 3, 1, 0, 2, 1, 1, 1, 0, 0, 0, 0, 1, 1, 0, 0, 0, 0, 1, 3, 2, 0, 0, 1, 0, 1, 0, 0, 2, 0, 0, 0, 1, 2, 1, 1, 0, 0, 1, 1, 3, 3, 0, 3, 3, 1, 0, 0, 0, 1, 0, 0, 0, 0, 0, 1, 2, 2, 0, 0, 0, 0, 2, 0, 1, 1, 0, 0, 0, 0, 0, 0],705.0470749739228,58445.79123614564,95781.2895945797,false
53,G4_BALANCED,G4_BALANCED,[31, 11, 82, 15, 26, 9, 95, 42, 77, 68, 47, 5, 93, 78, 86, 54, 85, 63, 18, 44, 20, 49, 36, 14, 74, 50, 53, 17, 21, 45, 71, 64, 3, 23, 30, 83, 24, 41, 60, 52, 65, 27, 90, 70, 39, 87, 48, 69, 99, 4, 46, 1, 13, 58, 97, 59, 28, 75, 73, 37, 35, 79, 22, 66, 76, 32, 40, 80, 96, 6, 61, 16, 7, 33, 57, 34, 12, 67, 10, 98, 56, 88, 29, 8, 91, 38, 19, 92, 43, 84, 51, 72, 81, 25, 94, 55, 0, 89, 2, 62]|[2, 1, 2, 1, 1, 2, 1, 1, 1, 1, 1, 0, 2, 2, 1, 2, 0, 0, 0, 2, 2, 1, 0, 2, 0, 2, 2, 1, 0, 1, 1, 1, 0, 0, 1, 0, 2, 1, 2, 2, 0, 0, 1, 1, 0, 2, 0, 2, 1, 0, 0, 2, 0, 0, 2, 0, 1, 1, 0, 0, 2, 1, 0, 2, 2, 0, 2, 2, 0, 1, 2, 2, 2, 1, 0, 1, 1, 1, 1, 2, 2, 1, 1, 0, 1, 0, 1, 0, 1, 0, 1, 1, 1, 1, 2, 0, 0, 1, 2, 1]|[0, 3, 0, 2, 4, 1, 4, 4, 2, 4, 3, 2, 1, 0, 2, 1, 1, 1, 2, 1, 1, 3, 0, 1, 0, 1, 1, 4, 1, 4, 3, 2, 2, 0, 4, 1, 1, 4, 0, 1, 2, 1, 4, 4, 1, 1, 0, 2, 3, 1, 2, 1, 2, 1, 1, 2, 4, 3, 0, 2, 2, 3, 1, 0, 1, 2, 0, 1, 2, 4, 1, 1, 1, 4, 2, 4, 3, 3, 3, 1, 1, 4, 3, 2, 3, 2, 4, 2, 4, 2, 3, 4, 1, 4, 1, 2, 2, 4, 1, 3]|[0, 2, 0, 1, 3, 0, 1, 3, 0, 0, 2, 0, 1, 0, 1, 0, 0, 0, 1, 0, 0, 2, 0, 0, 1, 0, 0, 3, 0, 1, 0, 2, 0, 1, 3, 0, 1, 3, 1, 0, 0, 0, 1, 3, 0, 0, 1, 0, 2, 0, 0, 0, 0, 0, 1, 0, 1, 0, 1, 1, 0, 2, 0, 0, 0, 0, 1, 0, 0, 2, 0, 0, 0, 1, 0, 1, 0, 0, 3, 0, 0, 1, 0, 0, 0, 0, 3, 0, 2, 0, 0, 2, 1, 3, 0, 0, 0, 1, 0, 0],843.8855010804491,52510.30755899072,105664.6447807653,false
53,G2_TEC,G2_TEC,[31, 94, 82, 15, 26, 9, 95, 42, 77, 68, 47, 5, 93, 78, 86, 54, 85, 63, 18, 44, 20, 49, 36, 14, 74, 50, 53, 17, 21, 28, 11, 64, 3, 23, 30, 83, 24, 41, 40, 52, 65, 27, 90, 70, 39, 87, 48, 69, 99, 4, 98, 1, 13, 56, 97, 59, 45, 8, 73, 37, 35, 79, 71, 66, 76, 32, 60, 80, 58, 6, 67, 61, 33, 7, 57, 34, 12, 16, 10, 46, 96, 88, 43, 81, 91, 2, 84, 29, 92, 19, 51, 55, 89, 75, 25, 22, 38, 72, 62, 0]|[2, 1, 2, 1, 1, 2, 1, 1, 1, 1, 1, 0, 2, 2, 1, 2, 0, 0, 0, 2, 2, 1, 0, 2, 0, 2, 2, 1, 0, 1, 1, 1, 0, 0, 1, 0, 2, 1, 2, 2, 0, 0, 1, 1, 0, 2, 0, 2, 1, 0, 2, 2, 0, 2, 2, 0, 1, 1, 0, 0, 2, 1, 1, 2, 2, 0, 2, 2, 2, 1, 2, 1, 1, 2, 0, 1, 1, 2, 1, 0, 0, 1, 1, 1, 1, 0, 0, 1, 0, 1, 1, 0, 1, 0, 1, 2, 0, 1, 1, 0]|[0, 3, 0, 3, 4, 1, 4, 4, 4, 4, 3, 2, 1, 0, 2, 1, 1, 1, 2, 1, 1, 3, 0, 1, 0, 1, 1, 4, 1, 4, 3, 2, 2, 0, 4, 1, 1, 4, 1, 1, 2, 1, 4, 4, 1, 1, 0, 1, 3, 2, 1, 1, 2, 1, 1, 2, 4, 3, 0, 2, 1, 3, 3, 1, 1, 2, 1, 1, 1, 4, 1, 3, 4, 1, 2, 4, 3, 1, 3, 2, 2, 4, 4, 4, 3, 2, 2, 3, 2, 4, 3, 2, 4, 2, 4, 1, 2, 4, 3, 2]|[0, 2, 0, 0, 3, 0, 1, 3, 1, 0, 2, 0, 1, 0, 1, 0, 0, 0, 1, 0, 0, 2, 0, 0, 1, 0, 0, 3, 0, 1, 0, 2, 0, 0, 3, 0, 1, 1, 0, 0, 0, 0, 1, 3, 0, 0, 1, 0, 2, 0, 0, 0, 0, 0, 1, 0, 1, 0, 1, 1, 0, 2, 0, 0, 0, 0, 0, 0, 0, 2, 0, 0, 1, 0, 0, 1, 0, 0, 3, 0, 0, 1, 2, 2, 0, 0, 0, 3, 0, 1, 0, 0, 1, 0, 3, 0, 0, 1, 0, 0],910.6016522559228,48449.301094637194,107046.1135137847,false
53,G3_TWC,G4_BALANCED,[31, 22, 42, 15, 26, 58, 95, 82, 77, 12, 47, 5, 93, 78, 98, 54, 85, 63, 18, 44, 20, 35, 43, 97, 91, 76, 10, 30, 21, 45, 71, 64, 1, 23, 17, 83, 24, 61, 60, 49, 6, 57, 94, 88, 65, 56, 79, 40, 67, 68, 46, 75, 38, 9, 19, 32, 81, 41, 27, 62, 87, 90, 99, 59, 53, 16, 72, 73, 70, 39, 37, 84, 3, 92, 25, 74, 28, 0, 51, 7, 11, 14, 86, 48, 89, 50, 66, 96, 33, 80, 4, 8, 55, 36, 29, 52, 13, 2, 69, 34]|[1, 1, 0, 1, 1, 1, 2, 1, 2, 1, 2, 2, 2, 1, 1, 0, 0, 1, 0, 2, 2, 0, 1, 2, 0, 1, 2, 2, 0, 0, 1, 2, 1, 0, 1, 0, 2, 0, 1, 1, 0, 1, 1, 1, 0, 2, 1, 1, 0, 0, 0, 0, 1, 1, 2, 1, 2, 0, 0, 0, 2, 1, 0, 1, 0, 1, 2, 1, 1, 1, 1, 1, 2, 0, 1, 2, 0, 0, 0, 1, 2, 1, 0, 0, 1, 0, 0, 2, 2, 0, 0, 1, 2, 0, 0, 1, 0, 0, 1, 2]|[4, 3, 2, 2, 0, 0, 2, 2, 2, 4, 1, 1, 2, 4, 4, 1, 1, 4, 2, 1, 1, 1, 1, 2, 1, 2, 1, 1, 1, 1, 3, 2, 3, 0, 4, 0, 1, 1, 0, 3, 2, 2, 4, 0, 1, 1, 3, 2, 0, 1, 2, 2, 1, 4, 0, 3, 2, 1, 1, 2, 1, 3, 1, 1, 2, 3, 0, 4, 3, 1, 4, 1, 1, 2, 4, 1, 2, 1, 1, 3, 1, 3, 1, 1, 1, 1, 1, 1, 1, 1, 2, 3, 1, 1, 2, 1, 2, 2, 3, 1]|[0, 2, 1, 1, 3, 3, 0, 1, 0, 0, 0, 0, 1, 0, 1, 0, 0, 3, 1, 0, 0, 0, 3, 1, 0, 2, 0, 0, 0, 1, 0, 0, 0, 0, 3, 0, 1, 0, 0, 2, 1, 1, 2, 0, 0, 0, 0, 1, 1, 0, 0, 0, 1, 3, 0, 0, 1, 0, 0, 1, 0, 2, 0, 1, 1, 2, 1, 0, 0, 1, 1, 3, 0, 1, 3, 0, 1, 0, 0, 2, 0, 0, 0, 0, 1, 0, 0, 0, 0, 0, 1, 2, 0, 1, 0, 1, 0, 0, 0, 0],787.7354273239397,57319.98389756265,87481.7179896983,true
53,G1_CMAX,G1_CMAX,[31, 22, 90, 26, 58, 95, 42, 12, 93, 5, 78, 86, 98, 18, 20, 35, 3, 97, 91, 76, 10, 85, 54, 45, 63, 71, 66, 1, 23, 17, 24, 60, 36, 6, 57, 15, 65, 56, 47, 79, 94, 67, 50, 46, 14, 75, 38, 9, 30, 19, 32, 81, 27, 92, 83, 87, 40, 99, 59, 11, 53, 16, 72, 77, 73, 70, 39, 37, 84, 43, 62, 25, 55, 28, 29, 51, 68, 82, 74, 61, 88, 21, 80, 89, 7, 69, 96, 41, 48, 4, 8, 34, 49, 52, 0, 44, 13, 2, 64, 33]|[1, 1, 1, 1, 0, 2, 1, 1, 2, 2, 2, 1, 0, 1, 2, 2, 1, 2, 0, 1, 2, 2, 2, 0, 0, 1, 2, 1, 2, 1, 2, 1, 1, 0, 1, 1, 0, 2, 2, 1, 1, 0, 0, 0, 0, 1, 1, 1, 1, 2, 1, 2, 2, 0, 0, 2, 1, 0, 0, 2, 0, 1, 2, 2, 1, 1, 1, 1, 1, 1, 0, 1, 1, 0, 0, 0, 0, 0, 2, 1, 1, 0, 0, 1, 1, 1, 2, 2, 0, 1, 1, 2, 0, 1, 0, 0, 0, 0, 2, 2]|[0, 4, 3, 0, 1, 1, 2, 4, 1, 1, 2, 4, 1, 4, 1, 1, 1, 2, 2, 2, 2, 1, 1, 1, 2, 3, 2, 3, 0, 4, 1, 0, 3, 2, 2, 2, 1, 1, 1, 0, 2, 0, 1, 2, 1, 3, 1, 4, 2, 0, 3, 2, 1, 2, 1, 1, 4, 1, 1, 1, 2, 3, 0, 2, 4, 3, 1, 4, 1, 1, 1, 4, 4, 2, 1, 1, 1, 2, 1, 3, 0, 1, 1, 1, 1, 3, 1, 1, 1, 4, 3, 1, 1, 1, 2, 2, 2, 2, 1, 1]|[3, 0, 2, 3, 0, 0, 1, 0, 0, 0, 1, 0, 0, 3, 0, 0, 1, 1, 1, 2, 1, 0, 0, 0, 0, 0, 0, 0, 0, 3, 1, 0, 2, 1, 1, 1, 0, 0, 0, 0, 1, 1, 0, 0, 0, 0, 1, 3, 2, 0, 0, 1, 0, 1, 0, 0, 2, 0, 0, 0, 1, 2, 1, 1, 0, 0, 1, 1, 3, 3, 0, 3, 3, 1, 0, 0, 0, 1, 0, 0, 0, 0, 0, 1, 2, 2, 0, 0, 0, 0, 2, 0, 1, 1, 0, 0, 0, 0, 0, 0],705.0470749739228,58445.79123614564,95781.2895945797,false
53,G4_BALANCED,G4_BALANCED,[31, 11, 82, 15, 26, 9, 95, 42, 77, 68, 47, 5, 93, 78, 86, 54, 85, 63, 18, 44, 20, 49, 36, 14, 74, 50, 53, 17, 21, 45, 71, 64, 3, 23, 30, 83, 24, 41, 60, 52, 65, 27, 90, 70, 39, 87, 48, 69, 99, 4, 46, 1, 13, 58, 97, 59, 28, 75, 73, 37, 35, 79, 22, 66, 76, 32, 40, 80, 96, 6, 61, 16, 7, 33, 57, 34, 12, 67, 10, 98, 56, 88, 29, 8, 91, 38, 19, 92, 43, 84, 51, 72, 81, 25, 94, 55, 0, 89, 2, 62]|[2, 1, 2, 1, 1, 2, 1, 1, 1, 1, 1, 0, 2, 2, 1, 2, 0, 0, 0, 2, 2, 1, 0, 2, 0, 2, 2, 1, 0, 1, 1, 1, 0, 0, 1, 0, 2, 1, 2, 2, 0, 0, 1, 1, 0, 2, 0, 2, 1, 0, 0, 2, 0, 0, 2, 0, 1, 1, 0, 0, 2, 1, 0, 2, 2, 0, 2, 2, 0, 1, 2, 2, 2, 1, 0, 1, 1, 1, 1, 2, 2, 1, 1, 0, 1, 0, 1, 0, 1, 0, 1, 1, 1, 1, 2, 0, 0, 1, 2, 1]|[0, 3, 0, 2, 4, 1, 4, 4, 2, 4, 3, 2, 1, 0, 2, 1, 1, 1, 2, 1, 1, 3, 0, 1, 0, 1, 1, 4, 1, 4, 3, 2, 2, 0, 4, 1, 1, 4, 0, 1, 2, 1, 4, 4, 1, 1, 0, 2, 3, 1, 2, 1, 2, 1, 1, 2, 4, 3, 0, 2, 2, 3, 1, 0, 1, 2, 0, 1, 2, 4, 1, 1, 1, 4, 2, 4, 3, 3, 3, 1, 1, 4, 3, 2, 3, 2, 4, 2, 4, 2, 3, 4, 1, 4, 1, 2, 2, 4, 1, 3]|[0, 2, 0, 1, 3, 0, 1, 3, 0, 0, 2, 0, 1, 0, 1, 0, 0, 0, 1, 0, 0, 2, 0, 0, 1, 0, 0, 3, 0, 1, 0, 2, 0, 1, 3, 0, 1, 3, 1, 0, 0, 0, 1, 3, 0, 0, 1, 0, 2, 0, 0, 0, 0, 0, 1, 0, 1, 0, 1, 1, 0, 2, 0, 0, 0, 0, 1, 0, 0, 2, 0, 0, 0, 1, 0, 1, 0, 0, 3, 0, 0, 1, 0, 0, 0, 0, 3, 0, 2, 0, 0, 2, 1, 3, 0, 0, 0, 1, 0, 0],843.8855010804491,52510.30755899072,105664.6447807653,false
53,G2_TEC,G2_TEC,[31, 94, 82, 15, 26, 9, 95, 42, 77, 68, 47, 5, 93, 78, 86, 54, 85, 63, 18, 44, 20, 49, 36, 14, 74, 50, 53, 17, 21, 28, 11, 64, 3, 23, 30, 83, 24, 41, 40, 52, 65, 27, 90, 70, 39, 87, 48, 69, 99, 4, 98, 1, 13, 56, 97, 59, 45, 8, 73, 37, 35, 79, 71, 66, 76, 32, 60, 80, 58, 6, 67, 61, 33, 7, 57, 34, 12, 16, 10, 46, 96, 88, 43, 81, 91, 2, 84, 29, 92, 19, 51, 55, 89, 75, 25, 22, 38, 72, 62, 0]|[2, 1, 2, 1, 1, 2, 1, 1, 1, 1, 1, 0, 2, 2, 1, 2, 0, 0, 0, 2, 2, 1, 0, 2, 0, 2, 2, 1, 0, 1, 1, 1, 0, 0, 1, 0, 2, 1, 2, 2, 0, 0, 1, 1, 0, 2, 0, 2, 1, 0, 2, 2, 0, 2, 2, 0, 1, 1, 0, 0, 2, 1, 1, 2, 2, 0, 2, 2, 2, 1, 2, 1, 1, 2, 0, 1, 1, 2, 1, 0, 0, 1, 1, 1, 1, 0, 0, 1, 0, 1, 1, 0, 1, 0, 1, 2, 0, 1, 1, 0]|[0, 3, 0, 3, 4, 1, 4, 4, 4, 4, 3, 2, 1, 0, 2, 1, 1, 1, 2, 1, 1, 3, 0, 1, 0, 1, 1, 4, 1, 4, 3, 2, 2, 0, 4, 1, 1, 4, 1, 1, 2, 1, 4, 4, 1, 1, 0, 1, 3, 2, 1, 1, 2, 1, 1, 2, 4, 3, 0, 2, 1, 3, 3, 1, 1, 2, 1, 1, 1, 4, 1, 3, 4, 1, 2, 4, 3, 1, 3, 2, 2, 4, 4, 4, 3, 2, 2, 3, 2, 4, 3, 2, 4, 2, 4, 1, 2, 4, 3, 2]|[0, 2, 0, 0, 3, 0, 1, 3, 1, 0, 2, 0, 1, 0, 1, 0, 0, 0, 1, 0, 0, 2, 0, 0, 1, 0, 0, 3, 0, 1, 0, 2, 0, 0, 3, 0, 1, 1, 0, 0, 0, 0, 1, 3, 0, 0, 1, 0, 2, 0, 0, 0, 0, 0, 1, 0, 1, 0, 1, 1, 0, 2, 0, 0, 0, 0, 0, 0, 0, 2, 0, 0, 1, 0, 0, 1, 0, 0, 3, 0, 0, 1, 2, 2, 0, 0, 0, 3, 0, 1, 0, 0, 1, 0, 3, 0, 0, 1, 0, 0],910.6016522559228,48449.301094637194,107046.1135137847,false
53,G3_TWC,G4_BALANCED,[31, 22, 42, 15, 26, 58, 95, 82, 77, 12, 47, 5, 93, 78, 98, 54, 85, 63, 18, 44, 20, 35, 43, 97, 91, 76, 10, 30, 21, 45, 71, 64, 1, 23, 17, 83, 24, 61, 60, 49, 6, 57, 94, 88, 65, 56, 79, 40, 67, 68, 46, 75, 38, 9, 19, 32, 81, 41, 27, 62, 87, 90, 99, 59, 53, 16, 72, 73, 70, 39, 37, 84, 3, 92, 25, 74, 28, 0, 51, 7, 11, 14, 86, 48, 89, 50, 66, 96, 33, 80, 4, 8, 55, 36, 29, 52, 13, 2, 69, 34]|[1, 1, 0, 1, 1, 1, 2, 1, 2, 1, 2, 2, 2, 1, 1, 0, 0, 1, 0, 2, 2, 0, 1, 2, 0, 1, 2, 2, 0, 0, 1, 2, 1, 0, 1, 0, 2, 0, 1, 1, 0, 1, 1, 1, 0, 2, 1, 1, 0, 0, 0, 0, 1, 1, 2, 1, 2, 0, 0, 0, 2, 1, 0, 1, 0, 1, 2, 1, 1, 1, 1, 1, 2, 0, 1, 2, 0, 0, 0, 1, 2, 1, 0, 0, 1, 0, 0, 2, 2, 0, 0, 1, 2, 0, 0, 1, 0, 0, 1, 2]|[4, 3, 2, 2, 0, 0, 2, 2, 2, 4, 1, 1, 2, 4, 4, 1, 1, 4, 2, 1, 1, 1, 1, 2, 1, 2, 1, 1, 1, 1, 3, 2, 3, 0, 4, 0, 1, 1, 0, 3, 2, 2, 4, 0, 1, 1, 3, 2, 0, 1, 2, 2, 1, 4, 0, 3, 2, 1, 1, 2, 1, 3, 1, 1, 2, 3, 0, 4, 3, 1, 4, 1, 1, 2, 4, 1, 2, 1, 1, 3, 1, 3, 1, 1, 1, 1, 1, 1, 1, 1, 2, 3, 1, 1, 2, 1, 2, 2, 3, 1]|[0, 2, 1, 1, 3, 3, 0, 1, 0, 0, 0, 0, 1, 0, 1, 0, 0, 3, 1, 0, 0, 0, 3, 1, 0, 2, 0, 0, 0, 1, 0, 0, 0, 0, 3, 0, 1, 0, 0, 2, 1, 1, 2, 0, 0, 0, 0, 1, 1, 0, 0, 0, 1, 3, 0, 0, 1, 0, 0, 1, 0, 2, 0, 1, 1, 2, 1, 0, 0, 1, 1, 3, 0, 1, 3, 0, 1, 0, 0, 2, 0, 0, 0, 0, 1, 0, 0, 0, 0, 0, 1, 2, 0, 1, 0, 1, 0, 0, 0, 0],787.7354273239397,57319.98389756265,87481.7179896983,true
53,G1_CMAX,G1_CMAX,[31, 22, 90, 26, 58, 95, 42, 12, 93, 5, 78, 86, 98, 18, 20, 35, 3, 97, 91, 76, 10, 85, 54, 45, 63, 71, 66, 1, 23, 17, 24, 60, 36, 6, 57, 15, 65, 56, 47, 79, 94, 67, 50, 46, 14, 75, 38, 9, 30, 19, 32, 81, 27, 92, 83, 87, 40, 99, 59, 11, 53, 16, 72, 77, 73, 70, 39, 37, 84, 43, 62, 25, 55, 28, 29, 51, 68, 82, 74, 61, 88, 21, 80, 89, 7, 69, 96, 41, 48, 4, 8, 34, 49, 52, 0, 44, 13, 2, 64, 33]|[1, 1, 1, 1, 0, 2, 1, 1, 2, 2, 2, 1, 0, 1, 2, 2, 1, 2, 0, 1, 2, 2, 2, 0, 0, 1, 2, 1, 2, 1, 2, 1, 1, 0, 1, 1, 0, 2, 2, 1, 1, 0, 0, 0, 0, 1, 1, 1, 1, 2, 1, 2, 2, 0, 0, 2, 1, 0, 0, 2, 0, 1, 2, 2, 1, 1, 1, 1, 1, 1, 0, 1, 1, 0, 0, 0, 0, 0, 2, 1, 1, 0, 0, 1, 1, 1, 2, 2, 0, 1, 1, 2, 0, 1, 0, 0, 0, 0, 2, 2]|[0, 4, 3, 0, 1, 1, 2, 4, 1, 1, 2, 4, 1, 4, 1, 1, 1, 2, 2, 2, 2, 1, 1, 1, 2, 3, 2, 3, 0, 4, 1, 0, 3, 2, 2, 2, 1, 1, 1, 0, 2, 0, 1, 2, 1, 3, 1, 4, 2, 0, 3, 2, 1, 2, 1, 1, 4, 1, 1, 1, 2, 3, 0, 2, 4, 3, 1, 4, 1, 1, 1, 4, 4, 2, 1, 1, 1, 2, 1, 3, 0, 1, 1, 1, 1, 3, 1, 1, 1, 4, 3, 1, 1, 1, 2, 2, 2, 2, 1, 1]|[3, 0, 2, 3, 0, 0, 1, 0, 0, 0, 1, 0, 0, 3, 0, 0, 1, 1, 1, 2, 1, 0, 0, 0, 0, 0, 0, 0, 0, 3, 1, 0, 2, 1, 1, 1, 0, 0, 0, 0, 1, 1, 0, 0, 0, 0, 1, 3, 2, 0, 0, 1, 0, 1, 0, 0, 2, 0, 0, 0, 1, 2, 1, 1, 0, 0, 1, 1, 3, 3, 0, 3, 3, 1, 0, 0, 0, 1, 0, 0, 0, 0, 0, 1, 2, 2, 0, 0, 0, 0, 2, 0, 1, 1, 0, 0, 0, 0, 0, 0],705.0470749739228,58445.79123614564,95781.2895945797,false
53,G4_BALANCED,G4_BALANCED,[31, 11, 82, 15, 26, 9, 95, 42, 77, 68, 47, 5, 93, 78, 86, 54, 85, 63, 18, 44, 20, 49, 36, 14, 74, 50, 53, 17, 21, 45, 71, 64, 3, 23, 30, 83, 24, 41, 60, 52, 65, 27, 90, 70, 39, 87, 48, 69, 99, 4, 46, 1, 13, 58, 97, 59, 28, 75, 73, 37, 35, 79, 22, 66, 76, 32, 40, 80, 96, 6, 61, 16, 7, 33, 57, 34, 12, 67, 10, 98, 56, 88, 29, 8, 91, 38, 19, 92, 43, 84, 51, 72, 81, 25, 94, 55, 0, 89, 2, 62]|[2, 1, 2, 1, 1, 2, 1, 1, 1, 1, 1, 0, 2, 2, 1, 2, 0, 0, 0, 2, 2, 1, 0, 2, 0, 2, 2, 1, 0, 1, 1, 1, 0, 0, 1, 0, 2, 1, 2, 2, 0, 0, 1, 1, 0, 2, 0, 2, 1, 0, 0, 2, 0, 0, 2, 0, 1, 1, 0, 0, 2, 1, 0, 2, 2, 0, 2, 2, 0, 1, 2, 2, 2, 1, 0, 1, 1, 1, 1, 2, 2, 1, 1, 0, 1, 0, 1, 0, 1, 0, 1, 1, 1, 1, 2, 0, 0, 1, 2, 1]|[0, 3, 0, 2, 4, 1, 4, 4, 2, 4, 3, 2, 1, 0, 2, 1, 1, 1, 2, 1, 1, 3, 0, 1, 0, 1, 1, 4, 1, 4, 3, 2, 2, 0, 4, 1, 1, 4, 0, 1, 2, 1, 4, 4, 1, 1, 0, 2, 3, 1, 2, 1, 2, 1, 1, 2, 4, 3, 0, 2, 2, 3, 1, 0, 1, 2, 0, 1, 2, 4, 1, 1, 1, 4, 2, 4, 3, 3, 3, 1, 1, 4, 3, 2, 3, 2, 4, 2, 4, 2, 3, 4, 1, 4, 1, 2, 2, 4, 1, 3]|[0, 2, 0, 1, 3, 0, 1, 3, 0, 0, 2, 0, 1, 0, 1, 0, 0, 0, 1, 0, 0, 2, 0, 0, 1, 0, 0, 3, 0, 1, 0, 2, 0, 1, 3, 0, 1, 3, 1, 0, 0, 0, 1, 3, 0, 0, 1, 0, 2, 0, 0, 0, 0, 0, 1, 0, 1, 0, 1, 1, 0, 2, 0, 0, 0, 0, 1, 0, 0, 2, 0, 0, 0, 1, 0, 1, 0, 0, 3, 0, 0, 1, 0, 0, 0, 0, 3, 0, 2, 0, 0, 2, 1, 3, 0, 0, 0, 1, 0, 0],843.8855010804491,52510.30755899072,105664.6447807653,false
53,G2_TEC,G2_TEC,[31, 94, 82, 15, 26, 9, 95, 42, 77, 68, 47, 5, 93, 78, 86, 54, 85, 63, 18, 44, 20, 49, 36, 14, 74, 50, 53, 17, 21, 28, 11, 64, 3, 23, 30, 83, 24, 41, 40, 52, 65, 27, 90, 70, 39, 87, 48, 69, 99, 4, 98, 1, 13, 56, 97, 59, 45, 8, 73, 37, 35, 79, 71, 66, 76, 32, 60, 80, 58, 6, 67, 61, 33, 7, 57, 34, 12, 16, 10, 46, 96, 88, 43, 81, 91, 2, 84, 29, 92, 19, 51, 55, 89, 75, 25, 22, 38, 72, 62, 0]|[2, 1, 2, 1, 1, 2, 1, 1, 1, 1, 1, 0, 2, 2, 1, 2, 0, 0, 0, 2, 2, 1, 0, 2, 0, 2, 2, 1, 0, 1, 1, 1, 0, 0, 1, 0, 2, 1, 2, 2, 0, 0, 1, 1, 0, 2, 0, 2, 1, 0, 2, 2, 0, 2, 2, 0, 1, 1, 0, 0, 2, 1, 1, 2, 2, 0, 2, 2, 2, 1, 2, 1, 1, 2, 0, 1, 1, 2, 1, 0, 0, 1, 1, 1, 1, 0, 0, 1, 0, 1, 1, 0, 1, 0, 1, 2, 0, 1, 1, 0]|[0, 3, 0, 3, 4, 1, 4, 4, 4, 4, 3, 2, 1, 0, 2, 1, 1, 1, 2, 1, 1, 3, 0, 1, 0, 1, 1, 4, 1, 4, 3, 2, 2, 0, 4, 1, 1, 4, 1, 1, 2, 1, 4, 4, 1, 1, 0, 1, 3, 2, 1, 1, 2, 1, 1, 2, 4, 3, 0, 2, 1, 3, 3, 1, 1, 2, 1, 1, 1, 4, 1, 3, 4, 1, 2, 4, 3, 1, 3, 2, 2, 4, 4, 4, 3, 2, 2, 3, 2, 4, 3, 2, 4, 2, 4, 1, 2, 4, 3, 2]|[0, 2, 0, 0, 3, 0, 1, 3, 1, 0, 2, 0, 1, 0, 1, 0, 0, 0, 1, 0, 0, 2, 0, 0, 1, 0, 0, 3, 0, 1, 0, 2, 0, 0, 3, 0, 1, 1, 0, 0, 0, 0, 1, 3, 0, 0, 1, 0, 2, 0, 0, 0, 0, 0, 1, 0, 1, 0, 1, 1, 0, 2, 0, 0, 0, 0, 0, 0, 0, 2, 0, 0, 1, 0, 0, 1, 0, 0, 3, 0, 0, 1, 2, 2, 0, 0, 0, 3, 0, 1, 0, 0, 1, 0, 3, 0, 0, 1, 0, 0],910.6016522559228,48449.301094637194,107046.1135137847,false
53,G3_TWC,G4_BALANCED,[31, 22, 42, 15, 26, 58, 95, 82, 77, 12, 47, 5, 93, 78, 98, 54, 85, 63, 18, 44, 20, 35, 43, 97, 91, 76, 10, 30, 21, 45, 71, 64, 1, 23, 17, 83, 24, 61, 60, 49, 6, 57, 94, 88, 65, 56, 79, 40, 67, 68, 46, 75, 38, 9, 19, 32, 81, 41, 27, 62, 87, 90, 99, 59, 53, 16, 72, 73, 70, 39, 37, 84, 3, 92, 25, 74, 28, 0, 51, 7, 11, 14, 86, 48, 89, 50, 66, 96, 33, 80, 4, 8, 55, 36, 29, 52, 13, 2, 69, 34]|[1, 1, 0, 1, 1, 1, 2, 1, 2, 1, 2, 2, 2, 1, 1, 0, 0, 1, 0, 2, 2, 0, 1, 2, 0, 1, 2, 2, 0, 0, 1, 2, 1, 0, 1, 0, 2, 0, 1, 1, 0, 1, 1, 1, 0, 2, 1, 1, 0, 0, 0, 0, 1, 1, 2, 1, 2, 0, 0, 0, 2, 1, 0, 1, 0, 1, 2, 1, 1, 1, 1, 1, 2, 0, 1, 2, 0, 0, 0, 1, 2, 1, 0, 0, 1, 0, 0, 2, 2, 0, 0, 1, 2, 0, 0, 1, 0, 0, 1, 2]|[4, 3, 2, 2, 0, 0, 2, 2, 2, 4, 1, 1, 2, 4, 4, 1, 1, 4, 2, 1, 1, 1, 1, 2, 1, 2, 1, 1, 1, 1, 3, 2, 3, 0, 4, 0, 1, 1, 0, 3, 2, 2, 4, 0, 1, 1, 3, 2, 0, 1, 2, 2, 1, 4, 0, 3, 2, 1, 1, 2, 1, 3, 1, 1, 2, 3, 0, 4, 3, 1, 4, 1, 1, 2, 4, 1, 2, 1, 1, 3, 1, 3, 1, 1, 1, 1, 1, 1, 1, 1, 2, 3, 1, 1, 2, 1, 2, 2, 3, 1]|[0, 2, 1, 1, 3, 3, 0, 1, 0, 0, 0, 0, 1, 0, 1, 0, 0, 3, 1, 0, 0, 0, 3, 1, 0, 2, 0, 0, 0, 1, 0, 0, 0, 0, 3, 0, 1, 0, 0, 2, 1, 1, 2, 0, 0, 0, 0, 1, 1, 0, 0, 0, 1, 3, 0, 0, 1, 0, 0, 1, 0, 2, 0, 1, 1, 2, 1, 0, 0, 1, 1, 3, 0, 1, 3, 0, 1, 0, 0, 2, 0, 0, 0, 0, 1, 0, 0, 0, 0, 0, 1, 2, 0, 1, 0, 1, 0, 0, 0, 0],787.7354273239397,57319.98389756265,87481.7179896983,true
53,G1_CMAX,G1_CMAX,[31, 22, 90, 26, 58, 95, 42, 12, 93, 5, 78, 86, 98, 18, 20, 35, 3, 97, 91, 76, 10, 85, 54, 45, 63, 71, 66, 1, 23, 17, 24, 60, 36, 6, 57, 15, 65, 56, 47, 79, 94, 67, 50, 46, 14, 75, 38, 9, 30, 19, 32, 81, 27, 92, 83, 87, 40, 99, 59, 11, 53, 16, 72, 77, 73, 70, 39, 37, 84, 43, 62, 25, 55, 28, 29, 51, 68, 82, 74, 61, 88, 21, 80, 89, 7, 69, 96, 41, 48, 4, 8, 34, 49, 52, 0, 44, 13, 2, 64, 33]|[1, 1, 1, 1, 0, 2, 1, 1, 2, 2, 2, 1, 0, 1, 2, 2, 1, 2, 0, 1, 2, 2, 2, 0, 0, 1, 2, 1, 2, 1, 2, 1, 1, 0, 1, 1, 0, 2, 2, 1, 1, 0, 0, 0, 0, 1, 1, 1, 1, 2, 1, 2, 2, 0, 0, 2, 1, 0, 0, 2, 0, 1, 2, 2, 1, 1, 1, 1, 1, 1, 0, 1, 1, 0, 0, 0, 0, 0, 2, 1, 1, 0, 0, 1, 1, 1, 2, 2, 0, 1, 1, 2, 0, 1, 0, 0, 0, 0, 2, 2]|[0, 4, 3, 0, 1, 1, 2, 4, 1, 1, 2, 4, 1, 4, 1, 1, 1, 2, 2, 2, 2, 1, 1, 1, 2, 3, 2, 3, 0, 4, 1, 0, 3, 2, 2, 2, 1, 1, 1, 0, 2, 0, 1, 2, 1, 3, 1, 4, 2, 0, 3, 2, 1, 2, 1, 1, 4, 1, 1, 1, 2, 3, 0, 2, 4, 3, 1, 4, 1, 1, 1, 4, 4, 2, 1, 1, 1, 2, 1, 3, 0, 1, 1, 1, 1, 3, 1, 1, 1, 4, 3, 1, 1, 1, 2, 2, 2, 2, 1, 1]|[3, 0, 2, 3, 0, 0, 1, 0, 0, 0, 1, 0, 0, 3, 0, 0, 1, 1, 1, 2, 1, 0, 0, 0, 0, 0, 0, 0, 0, 3, 1, 0, 2, 1, 1, 1, 0, 0, 0, 0, 1, 1, 0, 0, 0, 0, 1, 3, 2, 0, 0, 1, 0, 1, 0, 0, 2, 0, 0, 0, 1, 2, 1, 1, 0, 0, 1, 1, 3, 3, 0, 3, 3, 1, 0, 0, 0, 1, 0, 0, 0, 0, 0, 1, 2, 2, 0, 0, 0, 0, 2, 0, 1, 1, 0, 0, 0, 0, 0, 0],705.0470749739228,58445.79123614564,95781.2895945797,false
53,G4_BALANCED,G4_BALANCED,[31, 11, 82, 15, 26, 9, 95, 42, 77, 68, 47, 5, 93, 78, 86, 54, 85, 63, 18, 44, 20, 49, 36, 14, 74, 50, 53, 17, 21, 45, 71, 64, 3, 23, 30, 83, 24, 41, 60, 52, 65, 27, 90, 70, 39, 87, 48, 69, 99, 4, 46, 1, 13, 58, 97, 59, 28, 75, 73, 37, 35, 79, 22, 66, 76, 32, 40, 80, 96, 6, 61, 16, 7, 33, 57, 34, 12, 67, 10, 98, 56, 88, 29, 8, 91, 38, 19, 92, 43, 84, 51, 72, 81, 25, 94, 55, 0, 89, 2, 62]|[2, 1, 2, 1, 1, 2, 1, 1, 1, 1, 1, 0, 2, 2, 1, 2, 0, 0, 0, 2, 2, 1, 0, 2, 0, 2, 2, 1, 0, 1, 1, 1, 0, 0, 1, 0, 2, 1, 2, 2, 0, 0, 1, 1, 0, 2, 0, 2, 1, 0, 0, 2, 0, 0, 2, 0, 1, 1, 0, 0, 2, 1, 0, 2, 2, 0, 2, 2, 0, 1, 2, 2, 2, 1, 0, 1, 1, 1, 1, 2, 2, 1, 1, 0, 1, 0, 1, 0, 1, 0, 1, 1, 1, 1, 2, 0, 0, 1, 2, 1]|[0, 3, 0, 2, 4, 1, 4, 4, 2, 4, 3, 2, 1, 0, 2, 1, 1, 1, 2, 1, 1, 3, 0, 1, 0, 1, 1, 4, 1, 4, 3, 2, 2, 0, 4, 1, 1, 4, 0, 1, 2, 1, 4, 4, 1, 1, 0, 2, 3, 1, 2, 1, 2, 1, 1, 2, 4, 3, 0, 2, 2, 3, 1, 0, 1, 2, 0, 1, 2, 4, 1, 1, 1, 4, 2, 4, 3, 3, 3, 1, 1, 4, 3, 2, 3, 2, 4, 2, 4, 2, 3, 4, 1, 4, 1, 2, 2, 4, 1, 3]|[0, 2, 0, 1, 3, 0, 1, 3, 0, 0, 2, 0, 1, 0, 1, 0, 0, 0, 1, 0, 0, 2, 0, 0, 1, 0, 0, 3, 0, 1, 0, 2, 0, 1, 3, 0, 1, 3, 1, 0, 0, 0, 1, 3, 0, 0, 1, 0, 2, 0, 0, 0, 0, 0, 1, 0, 1, 0, 1, 1, 0, 2, 0, 0, 0, 0, 1, 0, 0, 2, 0, 0, 0, 1, 0, 1, 0, 0, 3, 0, 0, 1, 0, 0, 0, 0, 3, 0, 2, 0, 0, 2, 1, 3, 0, 0, 0, 1, 0, 0],843.8855010804491,52510.30755899072,105664.6447807653,false
53,G2_TEC,G2_TEC,[31, 94, 82, 15, 26, 9, 95, 42, 77, 68, 47, 5, 93, 78, 86, 54, 85, 63, 18, 44, 20, 49, 36, 14, 74, 50, 53, 17, 21, 28, 11, 64, 3, 23, 30, 83, 24, 41, 40, 52, 65, 27, 90, 70, 39, 87, 48, 69, 99, 4, 98, 1, 13, 56, 97, 59, 45, 8, 73, 37, 35, 79, 71, 66, 76, 32, 60, 80, 58, 6, 67, 61, 33, 7, 57, 34, 12, 16, 10, 46, 96, 88, 43, 81, 91, 2, 84, 29, 92, 19, 51, 55, 89, 75, 25, 22, 38, 72, 62, 0]|[2, 1, 2, 1, 1, 2, 1, 1, 1, 1, 1, 0, 2, 2, 1, 2, 0, 0, 0, 2, 2, 1, 0, 2, 0, 2, 2, 1, 0, 1, 1, 1, 0, 0, 1, 0, 2, 1, 2, 2, 0, 0, 1, 1, 0, 2, 0, 2, 1, 0, 2, 2, 0, 2, 2, 0, 1, 1, 0, 0, 2, 1, 1, 2, 2, 0, 2, 2, 2, 1, 2, 1, 1, 2, 0, 1, 1, 2, 1, 0, 0, 1, 1, 1, 1, 0, 0, 1, 0, 1, 1, 0, 1, 0, 1, 2, 0, 1, 1, 0]|[0, 3, 0, 3, 4, 1, 4, 4, 4, 4, 3, 2, 1, 0, 2, 1, 1, 1, 2, 1, 1, 3, 0, 1, 0, 1, 1, 4, 1, 4, 3, 2, 2, 0, 4, 1, 1, 4, 1, 1, 2, 1, 4, 4, 1, 1, 0, 1, 3, 2, 1, 1, 2, 1, 1, 2, 4, 3, 0, 2, 1, 3, 3, 1, 1, 2, 1, 1, 1, 4, 1, 3, 4, 1, 2, 4, 3, 1, 3, 2, 2, 4, 4, 4, 3, 2, 2, 3, 2, 4, 3, 2, 4, 2, 4, 1, 2, 4, 3, 2]|[0, 2, 0, 0, 3, 0, 1, 3, 1, 0, 2, 0, 1, 0, 1, 0, 0, 0, 1, 0, 0, 2, 0, 0, 1, 0, 0, 3, 0, 1, 0, 2, 0, 0, 3, 0, 1, 1, 0, 0, 0, 0, 1, 3, 0, 0, 1, 0, 2, 0, 0, 0, 0, 0, 1, 0, 1, 0, 1, 1, 0, 2, 0, 0, 0, 0, 0, 0, 0, 2, 0, 0, 1, 0, 0, 1, 0, 0, 3, 0, 0, 1, 2, 2, 0, 0, 0, 3, 0, 1, 0, 0, 1, 0, 3, 0, 0, 1, 0, 0],910.6016522559228,48449.301094637194,107046.1135137847,false
53,G3_TWC,G4_BALANCED,[31, 22, 82, 15, 26, 58, 95, 42, 77, 12, 47, 5, 93, 78, 86, 54, 85, 63, 18, 72, 20, 35, 43, 97, 91, 76, 10, 30, 21, 45, 71, 64, 1, 23, 17, 83, 24, 14, 60, 36, 6, 57, 40, 88, 65, 56, 79, 94, 67, 41, 68, 75, 38, 9, 19, 32, 81, 55, 27, 62, 87, 90, 99, 59, 11, 16, 44, 73, 70, 39, 37, 84, 3, 92, 25, 46, 28, 29, 51, 7, 66, 61, 98, 48, 89, 50, 4, 96, 53, 80, 8, 33, 34, 2, 52, 13, 0, 69, 74, 49]|[1, 1, 0, 1, 1, 0, 1, 1, 2, 1, 2, 2, 2, 1, 1, 0, 0, 1, 0, 2, 2, 0, 1, 2, 0, 1, 2, 2, 0, 0, 1, 2, 1, 2, 1, 0, 2, 0, 1, 1, 0, 1, 1, 1, 0, 2, 1, 1, 0, 0, 0, 0, 1, 1, 2, 1, 2, 0, 0, 2, 2, 1, 1, 2, 2, 1, 2, 1, 1, 1, 1, 1, 1, 0, 1, 0, 0, 0, 0, 1, 2, 1, 2, 0, 1, 0, 1, 2, 0, 0, 1, 2, 2, 0, 1, 0, 0, 1, 2, 0]|[4, 3, 2, 2, 4, 1, 2, 3, 2, 4, 1, 1, 2, 4, 4, 1, 2, 4, 2, 1, 1, 1, 1, 2, 1, 2, 1, 1, 2, 1, 3, 2, 3, 1, 4, 0, 1, 1, 0, 3, 2, 2, 2, 0, 1, 1, 0, 4, 0, 1, 2, 2, 1, 4, 0, 3, 2, 1, 1, 1, 1, 3, 1, 1, 1, 3, 1, 4, 3, 1, 4, 1, 1, 0, 4, 2, 2, 1, 1, 1, 1, 3, 1, 1, 1, 1, 4, 1, 2, 1, 3, 1, 1, 2, 1, 2, 2, 4, 1, 1]|[0, 2, 1, 1, 3, 0, 1, 3, 0, 0, 0, 0, 1, 0, 1, 0, 0, 3, 1, 0, 0, 0, 3, 1, 0, 2, 0, 0, 0, 1, 0, 0, 0, 0, 3, 0, 1, 0, 0, 2, 1, 1, 1, 0, 0, 0, 0, 2, 1, 0, 0, 0, 1, 3, 0, 0, 1, 0, 0, 0, 0, 2, 1, 0, 0, 2, 0, 0, 0, 1, 1, 3, 1, 1, 3, 0, 1, 0, 0, 2, 0, 0, 0, 0, 1, 0, 0, 0, 1, 0, 2, 0, 0, 0, 1, 0, 0, 2, 0, 1],747.1438989226004,55733.55354576636,94625.20584372425,true
53,G1_CMAX,G1_CMAX,[31, 22, 90, 26, 58, 95, 42, 12, 93, 5, 78, 86, 98, 18, 20, 35, 3, 97, 91, 76, 10, 85, 54, 45, 63, 71, 66, 1, 23, 17, 24, 60, 36, 6, 57, 15, 65, 56, 47, 79, 94, 67, 50, 46, 14, 75, 38, 9, 30, 19, 32, 81, 27, 92, 83, 87, 40, 99, 59, 11, 53, 16, 72, 77, 73, 70, 39, 37, 84, 43, 62, 25, 55, 28, 29, 51, 68, 82, 74, 61, 88, 21, 80, 89, 7, 69, 96, 41, 48, 4, 8, 34, 49, 52, 0, 44, 13, 2, 64, 33]|[1, 1, 1, 1, 0, 2, 1, 1, 2, 2, 2, 1, 0, 1, 2, 2, 1, 2, 0, 1, 2, 2, 2, 0, 0, 1, 2, 1, 2, 1, 2, 1, 1, 0, 1, 1, 0, 2, 2, 1, 1, 0, 0, 0, 0, 1, 1, 1, 1, 2, 1, 2, 2, 0, 0, 2, 1, 0, 0, 2, 0, 1, 2, 2, 1, 1, 1, 1, 1, 1, 0, 1, 1, 0, 0, 0, 0, 0, 2, 1, 1, 0, 0, 1, 1, 1, 2, 2, 0, 1, 1, 2, 0, 1, 0, 0, 0, 0, 2, 2]|[0, 4, 3, 0, 1, 1, 2, 4, 1, 1, 2, 4, 1, 4, 1, 1, 1, 2, 2, 2, 2, 1, 1, 1, 2, 3, 2, 3, 0, 4, 1, 0, 3, 2, 2, 2, 1, 1, 1, 0, 2, 0, 1, 2, 1, 3, 1, 4, 2, 0, 3, 2, 1, 2, 1, 1, 4, 1, 1, 1, 2, 3, 0, 2, 4, 3, 1, 4, 1, 1, 1, 4, 4, 2, 1, 1, 1, 2, 1, 3, 0, 1, 1, 1, 1, 3, 1, 1, 1, 4, 3, 1, 1, 1, 2, 2, 2, 2, 1, 1]|[3, 0, 2, 3, 0, 0, 1, 0, 0, 0, 1, 0, 0, 3, 0, 0, 1, 1, 1, 2, 1, 0, 0, 0, 0, 0, 0, 0, 0, 3, 1, 0, 2, 1, 1, 1, 0, 0, 0, 0, 1, 1, 0, 0, 0, 0, 1, 3, 2, 0, 0, 1, 0, 1, 0, 0, 2, 0, 0, 0, 1, 2, 1, 1, 0, 0, 1, 1, 3, 3, 0, 3, 3, 1, 0, 0, 0, 1, 0, 0, 0, 0, 0, 1, 2, 2, 0, 0, 0, 0, 2, 0, 1, 1, 0, 0, 0, 0, 0, 0],705.0470749739228,58445.79123614564,95781.2895945797,false
53,G4_BALANCED,G4_BALANCED,[31, 11, 82, 15, 26, 9, 95, 42, 77, 68, 47, 5, 93, 78, 86, 54, 85, 63, 18, 44, 20, 49, 36, 14, 74, 50, 53, 17, 21, 45, 71, 64, 3, 23, 30, 83, 24, 41, 60, 52, 65, 27, 90, 70, 39, 87, 48, 69, 99, 4, 46, 1, 13, 58, 97, 59, 28, 75, 73, 37, 35, 79, 22, 66, 76, 32, 40, 80, 96, 6, 61, 16, 7, 33, 57, 34, 12, 67, 10, 98, 56, 88, 29, 8, 91, 38, 19, 92, 43, 84, 51, 72, 81, 25, 94, 55, 0, 89, 2, 62]|[2, 1, 2, 1, 1, 2, 1, 1, 1, 1, 1, 0, 2, 2, 1, 2, 0, 0, 0, 2, 2, 1, 0, 2, 0, 2, 2, 1, 0, 1, 1, 1, 0, 0, 1, 0, 2, 1, 2, 2, 0, 0, 1, 1, 0, 2, 0, 2, 1, 0, 0, 2, 0, 0, 2, 0, 1, 1, 0, 0, 2, 1, 0, 2, 2, 0, 2, 2, 0, 1, 2, 2, 2, 1, 0, 1, 1, 1, 1, 2, 2, 1, 1, 0, 1, 0, 1, 0, 1, 0, 1, 1, 1, 1, 2, 0, 0, 1, 2, 1]|[0, 3, 0, 2, 4, 1, 4, 4, 2, 4, 3, 2, 1, 0, 2, 1, 1, 1, 2, 1, 1, 3, 0, 1, 0, 1, 1, 4, 1, 4, 3, 2, 2, 0, 4, 1, 1, 4, 0, 1, 2, 1, 4, 4, 1, 1, 0, 2, 3, 1, 2, 1, 2, 1, 1, 2, 4, 3, 0, 2, 2, 3, 1, 0, 1, 2, 0, 1, 2, 4, 1, 1, 1, 4, 2, 4, 3, 3, 3, 1, 1, 4, 3, 2, 3, 2, 4, 2, 4, 2, 3, 4, 1, 4, 1, 2, 2, 4, 1, 3]|[0, 2, 0, 1, 3, 0, 1, 3, 0, 0, 2, 0, 1, 0, 1, 0, 0, 0, 1, 0, 0, 2, 0, 0, 1, 0, 0, 3, 0, 1, 0, 2, 0, 1, 3, 0, 1, 3, 1, 0, 0, 0, 1, 3, 0, 0, 1, 0, 2, 0, 0, 0, 0, 0, 1, 0, 1, 0, 1, 1, 0, 2, 0, 0, 0, 0, 1, 0, 0, 2, 0, 0, 0, 1, 0, 1, 0, 0, 3, 0, 0, 1, 0, 0, 0, 0, 3, 0, 2, 0, 0, 2, 1, 3, 0, 0, 0, 1, 0, 0],843.8855010804491,52510.30755899072,105664.6447807653,false
53,G2_TEC,G2_TEC,[31, 94, 82, 15, 26, 9, 95, 42, 77, 68, 47, 5, 93, 78, 86, 54, 85, 63, 18, 44, 20, 49, 36, 14, 74, 50, 53, 17, 21, 28, 11, 64, 3, 23, 30, 83, 24, 41, 40, 52, 65, 27, 90, 70, 39, 87, 48, 69, 99, 4, 98, 1, 13, 56, 97, 59, 45, 8, 73, 37, 35, 79, 71, 66, 76, 32, 60, 80, 58, 6, 67, 61, 33, 7, 57, 34, 12, 16, 10, 46, 96, 88, 43, 81, 91, 2, 84, 29, 92, 19, 51, 55, 89, 75, 25, 22, 38, 72, 62, 0]|[2, 1, 2, 1, 1, 2, 1, 1, 1, 1, 1, 0, 2, 2, 1, 2, 0, 0, 0, 2, 2, 1, 0, 2, 0, 2, 2, 1, 0, 1, 1, 1, 0, 0, 1, 0, 2, 1, 2, 2, 0, 0, 1, 1, 0, 2, 0, 2, 1, 0, 2, 2, 0, 2, 2, 0, 1, 1, 0, 0, 2, 1, 1, 2, 2, 0, 2, 2, 2, 1, 2, 1, 1, 2, 0, 1, 1, 2, 1, 0, 0, 1, 1, 1, 1, 0, 0, 1, 0, 1, 1, 0, 1, 0, 1, 2, 0, 1, 1, 0]|[0, 3, 0, 3, 4, 1, 4, 4, 4, 4, 3, 2, 1, 0, 2, 1, 1, 1, 2, 1, 1, 3, 0, 1, 0, 1, 1, 4, 1, 4, 3, 2, 2, 0, 4, 1, 1, 4, 1, 1, 2, 1, 4, 4, 1, 1, 0, 1, 3, 2, 1, 1, 2, 1, 1, 2, 4, 3, 0, 2, 1, 3, 3, 1, 1, 2, 1, 1, 1, 4, 1, 3, 4, 1, 2, 4, 3, 1, 3, 2, 2, 4, 4, 4, 3, 2, 2, 3, 2, 4, 3, 2, 4, 2, 4, 1, 2, 4, 3, 2]|[0, 2, 0, 0, 3, 0, 1, 3, 1, 0, 2, 0, 1, 0, 1, 0, 0, 0, 1, 0, 0, 2, 0, 0, 1, 0, 0, 3, 0, 1, 0, 2, 0, 0, 3, 0, 1, 1, 0, 0, 0, 0, 1, 3, 0, 0, 1, 0, 2, 0, 0, 0, 0, 0, 1, 0, 1, 0, 1, 1, 0, 2, 0, 0, 0, 0, 0, 0, 0, 2, 0, 0, 1, 0, 0, 1, 0, 0, 3, 0, 0, 1, 2, 2, 0, 0, 0, 3, 0, 1, 0, 0, 1, 0, 3, 0, 0, 1, 0, 0],910.6016522559228,48449.301094637194,107046.1135137847,false
53,G3_TWC,G4_BALANCED,[31, 22, 42, 15, 26, 58, 95, 82, 77, 12, 47, 5, 93, 78, 98, 54, 85, 63, 18, 44, 20, 35, 43, 97, 91, 76, 10, 30, 21, 45, 71, 64, 1, 23, 17, 83, 24, 61, 60, 49, 6, 57, 94, 88, 65, 56, 79, 40, 67, 68, 46, 75, 38, 9, 19, 32, 81, 41, 27, 62, 87, 90, 99, 59, 53, 16, 72, 73, 70, 39, 37, 84, 3, 92, 25, 74, 28, 0, 51, 7, 11, 14, 86, 48, 89, 50, 66, 96, 33, 80, 4, 8, 55, 36, 29, 52, 13, 2, 69, 34]|[1, 1, 0, 1, 1, 1, 2, 1, 2, 1, 2, 2, 2, 1, 1, 0, 0, 1, 0, 2, 2, 0, 1, 2, 0, 1, 2, 2, 0, 0, 1, 2, 1, 0, 1, 0, 2, 0, 1, 1, 0, 1, 1, 1, 0, 2, 1, 1, 0, 0, 0, 0, 1, 1, 2, 1, 2, 0, 0, 0, 2, 1, 0, 1, 0, 1, 2, 1, 1, 1, 1, 1, 2, 0, 1, 2, 0, 0, 0, 1, 2, 1, 0, 0, 1, 0, 0, 2, 2, 0, 0, 1, 2, 0, 0, 1, 0, 0, 1, 2]|[4, 3, 2, 2, 0, 0, 2, 2, 2, 4, 1, 1, 2, 4, 4, 1, 1, 4, 2, 1, 1, 1, 1, 2, 1, 2, 1, 1, 1, 1, 3, 2, 3, 0, 4, 0, 1, 1, 0, 3, 2, 2, 4, 0, 1, 1, 3, 2, 0, 1, 2, 2, 1, 4, 0, 3, 2, 1, 1, 2, 1, 3, 1, 1, 2, 3, 0, 4, 3, 1, 4, 1, 1, 2, 4, 1, 2, 1, 1, 3, 1, 3, 1, 1, 1, 1, 1, 1, 1, 1, 2, 3, 1, 1, 2, 1, 2, 2, 3, 1]|[0, 2, 1, 1, 3, 3, 0, 1, 0, 0, 0, 0, 1, 0, 1, 0, 0, 3, 1, 0, 0, 0, 3, 1, 0, 2, 0, 0, 0, 1, 0, 0, 0, 0, 3, 0, 1, 0, 0, 2, 1, 1, 2, 0, 0, 0, 0, 1, 1, 0, 0, 0, 1, 3, 0, 0, 1, 0, 0, 1, 0, 2, 0, 1, 1, 2, 1, 0, 0, 1, 1, 3, 0, 1, 3, 0, 1, 0, 0, 2, 0, 0, 0, 0, 1, 0, 0, 0, 0, 0, 1, 2, 0, 1, 0, 1, 0, 0, 0, 0],787.7354273239397,57319.98389756265,87481.7179896983,true
53,G1_CMAX,G1_CMAX,[31, 22, 90, 26, 58, 95, 42, 12, 93, 5, 78, 86, 98, 18, 20, 35, 3, 97, 91, 76, 10, 85, 54, 45, 63, 71, 66, 1, 23, 17, 24, 60, 36, 6, 57, 15, 65, 56, 47, 79, 94, 67, 50, 46, 14, 75, 38, 9, 30, 19, 32, 81, 27, 92, 83, 87, 40, 99, 59, 11, 53, 16, 72, 77, 73, 70, 39, 37, 84, 43, 62, 25, 55, 28, 29, 51, 68, 82, 74, 61, 88, 21, 80, 89, 7, 69, 96, 41, 48, 4, 8, 34, 49, 52, 0, 44, 13, 2, 64, 33]|[1, 1, 1, 1, 0, 2, 1, 1, 2, 2, 2, 1, 0, 1, 2, 2, 1, 2, 0, 1, 2, 2, 2, 0, 0, 1, 2, 1, 2, 1, 2, 1, 1, 0, 1, 1, 0, 2, 2, 1, 1, 0, 0, 0, 0, 1, 1, 1, 1, 2, 1, 2, 2, 0, 0, 2, 1, 0, 0, 2, 0, 1, 2, 2, 1, 1, 1, 1, 1, 1, 0, 1, 1, 0, 0, 0, 0, 0, 2, 1, 1, 0, 0, 1, 1, 1, 2, 2, 0, 1, 1, 2, 0, 1, 0, 0, 0, 0, 2, 2]|[0, 4, 3, 0, 1, 1, 2, 4, 1, 1, 2, 4, 1, 4, 1, 1, 1, 2, 2, 2, 2, 1, 1, 1, 2, 3, 2, 3, 0, 4, 1, 0, 3, 2, 2, 2, 1, 1, 1, 0, 2, 0, 1, 2, 1, 3, 1, 4, 2, 0, 3, 2, 1, 2, 1, 1, 4, 1, 1, 1, 2, 3, 0, 2, 4, 3, 1, 4, 1, 1, 1, 4, 4, 2, 1, 1, 1, 2, 1, 3, 0, 1, 1, 1, 1, 3, 1, 1, 1, 4, 3, 1, 1, 1, 2, 2, 2, 2, 1, 1]|[3, 0, 2, 3, 0, 0, 1, 0, 0, 0, 1, 0, 0, 3, 0, 0, 1, 1, 1, 2, 1, 0, 0, 0, 0, 0, 0, 0, 0, 3, 1, 0, 2, 1, 1, 1, 0, 0, 0, 0, 1, 1, 0, 0, 0, 0, 1, 3, 2, 0, 0, 1, 0, 1, 0, 0, 2, 0, 0, 0, 1, 2, 1, 1, 0, 0, 1, 1, 3, 3, 0, 3, 3, 1, 0, 0, 0, 1, 0, 0, 0, 0, 0, 1, 2, 2, 0, 0, 0, 0, 2, 0, 1, 1, 0, 0, 0, 0, 0, 0],705.0470749739228,58445.79123614564,95781.2895945797,false
53,G4_BALANCED,G4_BALANCED,[31, 11, 82, 15, 26, 9, 95, 42, 77, 68, 47, 5, 93, 78, 86, 54, 85, 63, 18, 44, 20, 49, 36, 14, 74, 50, 53, 17, 21, 45, 71, 64, 3, 23, 30, 83, 24, 41, 60, 52, 65, 27, 90, 70, 39, 87, 48, 69, 99, 4, 46, 1, 13, 58, 97, 59, 28, 75, 73, 37, 35, 79, 22, 66, 76, 32, 40, 80, 96, 6, 61, 16, 7, 33, 57, 34, 12, 67, 10, 98, 56, 88, 29, 8, 91, 38, 19, 92, 43, 84, 51, 72, 81, 25, 94, 55, 0, 89, 2, 62]|[2, 1, 2, 1, 1, 2, 1, 1, 1, 1, 1, 0, 2, 2, 1, 2, 0, 0, 0, 2, 2, 1, 0, 2, 0, 2, 2, 1, 0, 1, 1, 1, 0, 0, 1, 0, 2, 1, 2, 2, 0, 0, 1, 1, 0, 2, 0, 2, 1, 0, 0, 2, 0, 0, 2, 0, 1, 1, 0, 0, 2, 1, 0, 2, 2, 0, 2, 2, 0, 1, 2, 2, 2, 1, 0, 1, 1, 1, 1, 2, 2, 1, 1, 0, 1, 0, 1, 0, 1, 0, 1, 1, 1, 1, 2, 0, 0, 1, 2, 1]|[0, 3, 0, 2, 4, 1, 4, 4, 2, 4, 3, 2, 1, 0, 2, 1, 1, 1, 2, 1, 1, 3, 0, 1, 0, 1, 1, 4, 1, 4, 3, 2, 2, 0, 4, 1, 1, 4, 0, 1, 2, 1, 4, 4, 1, 1, 0, 2, 3, 1, 2, 1, 2, 1, 1, 2, 4, 3, 0, 2, 2, 3, 1, 0, 1, 2, 0, 1, 2, 4, 1, 1, 1, 4, 2, 4, 3, 3, 3, 1, 1, 4, 3, 2, 3, 2, 4, 2, 4, 2, 3, 4, 1, 4, 1, 2, 2, 4, 1, 3]|[0, 2, 0, 1, 3, 0, 1, 3, 0, 0, 2, 0, 1, 0, 1, 0, 0, 0, 1, 0, 0, 2, 0, 0, 1, 0, 0, 3, 0, 1, 0, 2, 0, 1, 3, 0, 1, 3, 1, 0, 0, 0, 1, 3, 0, 0, 1, 0, 2, 0, 0, 0, 0, 0, 1, 0, 1, 0, 1, 1, 0, 2, 0, 0, 0, 0, 1, 0, 0, 2, 0, 0, 0, 1, 0, 1, 0, 0, 3, 0, 0, 1, 0, 0, 0, 0, 3, 0, 2, 0, 0, 2, 1, 3, 0, 0, 0, 1, 0, 0],843.8855010804491,52510.30755899072,105664.6447807653,false
53,G2_TEC,G2_TEC,[31, 94, 82, 15, 26, 9, 95, 42, 77, 68, 47, 5, 93, 78, 86, 54, 85, 63, 18, 44, 20, 49, 36, 14, 74, 50, 53, 17, 21, 28, 11, 64, 3, 23, 30, 83, 24, 41, 40, 52, 65, 27, 90, 70, 39, 87, 48, 69, 99, 4, 98, 1, 13, 56, 97, 59, 45, 8, 73, 37, 35, 79, 71, 66, 76, 32, 60, 80, 58, 6, 67, 61, 33, 7, 57, 34, 12, 16, 10, 46, 96, 88, 43, 81, 91, 2, 84, 29, 92, 19, 51, 55, 89, 75, 25, 22, 38, 72, 62, 0]|[2, 1, 2, 1, 1, 2, 1, 1, 1, 1, 1, 0, 2, 2, 1, 2, 0, 0, 0, 2, 2, 1, 0, 2, 0, 2, 2, 1, 0, 1, 1, 1, 0, 0, 1, 0, 2, 1, 2, 2, 0, 0, 1, 1, 0, 2, 0, 2, 1, 0, 2, 2, 0, 2, 2, 0, 1, 1, 0, 0, 2, 1, 1, 2, 2, 0, 2, 2, 2, 1, 2, 1, 1, 2, 0, 1, 1, 2, 1, 0, 0, 1, 1, 1, 1, 0, 0, 1, 0, 1, 1, 0, 1, 0, 1, 2, 0, 1, 1, 0]|[0, 3, 0, 3, 4, 1, 4, 4, 4, 4, 3, 2, 1, 0, 2, 1, 1, 1, 2, 1, 1, 3, 0, 1, 0, 1, 1, 4, 1, 4, 3, 2, 2, 0, 4, 1, 1, 4, 1, 1, 2, 1, 4, 4, 1, 1, 0, 1, 3, 2, 1, 1, 2, 1, 1, 2, 4, 3, 0, 2, 1, 3, 3, 1, 1, 2, 1, 1, 1, 4, 1, 3, 4, 1, 2, 4, 3, 1, 3, 2, 2, 4, 4, 4, 3, 2, 2, 3, 2, 4, 3, 2, 4, 2, 4, 1, 2, 4, 3, 2]|[0, 2, 0, 0, 3, 0, 1, 3, 1, 0, 2, 0, 1, 0, 1, 0, 0, 0, 1, 0, 0, 2, 0, 0, 1, 0, 0, 3, 0, 1, 0, 2, 0, 0, 3, 0, 1, 1, 0, 0, 0, 0, 1, 3, 0, 0, 1, 0, 2, 0, 0, 0, 0, 0, 1, 0, 1, 0, 1, 1, 0, 2, 0, 0, 0, 0, 0, 0, 0, 2, 0, 0, 1, 0, 0, 1, 0, 0, 3, 0, 0, 1, 2, 2, 0, 0, 0, 3, 0, 1, 0, 0, 1, 0, 3, 0, 0, 1, 0, 0],910.6016522559228,48449.301094637194,107046.1135137847,false
53,G3_TWC,G4_BALANCED,[31, 22, 42, 15, 26, 58, 95, 82, 77, 12, 47, 5, 93, 78, 98, 54, 85, 63, 18, 44, 20, 35, 43, 97, 91, 76, 10, 30, 21, 45, 71, 64, 1, 23, 17, 83, 24, 61, 60, 49, 6, 57, 94, 88, 65, 56, 79, 40, 67, 68, 46, 75, 38, 9, 19, 32, 81, 41, 27, 62, 87, 90, 99, 59, 53, 16, 72, 73, 70, 39, 37, 84, 3, 92, 25, 74, 28, 0, 51, 7, 11, 14, 86, 48, 89, 50, 66, 96, 33, 80, 4, 8, 55, 36, 29, 52, 13, 2, 69, 34]|[1, 1, 0, 1, 1, 1, 2, 1, 2, 1, 2, 2, 2, 1, 1, 0, 0, 1, 0, 2, 2, 0, 1, 2, 0, 1, 2, 2, 0, 0, 1, 2, 1, 0, 1, 0, 2, 0, 1, 1, 0, 1, 1, 1, 0, 2, 1, 1, 0, 0, 0, 0, 1, 1, 2, 1, 2, 0, 0, 0, 2, 1, 0, 1, 0, 1, 2, 1, 1, 1, 1, 1, 2, 0, 1, 2, 0, 0, 0, 1, 2, 1, 0, 0, 1, 0, 0, 2, 2, 0, 0, 1, 2, 0, 0, 1, 0, 0, 1, 2]|[4, 3, 2, 2, 0, 0, 2, 2, 2, 4, 1, 1, 2, 4, 4, 1, 1, 4, 2, 1, 1, 1, 1, 2, 1, 2, 1, 1, 1, 1, 3, 2, 3, 0, 4, 0, 1, 1, 0, 3, 2, 2, 4, 0, 1, 1, 3, 2, 0, 1, 2, 2, 1, 4, 0, 3, 2, 1, 1, 2, 1, 3, 1, 1, 2, 3, 0, 4, 3, 1, 4, 1, 1, 2, 4, 1, 2, 1, 1, 3, 1, 3, 1, 1, 1, 1, 1, 1, 1, 1, 2, 3, 1, 1, 2, 1, 2, 2, 3, 1]|[0, 2, 1, 1, 3, 3, 0, 1, 0, 0, 0, 0, 1, 0, 1, 0, 0, 3, 1, 0, 0, 0, 3, 1, 0, 2, 0, 0, 0, 1, 0, 0, 0, 0, 3, 0, 1, 0, 0, 2, 1, 1, 2, 0, 0, 0, 0, 1, 1, 0, 0, 0, 1, 3, 0, 0, 1, 0, 0, 1, 0, 2, 0, 1, 1, 2, 1, 0, 0, 1, 1, 3, 0, 1, 3, 0, 1, 0, 0, 2, 0, 0, 0, 0, 1, 0, 0, 0, 0, 0, 1, 2, 0, 1, 0, 1, 0, 0, 0, 0],787.7354273239397,57319.98389756265,87481.7179896983,true
53,G1_CMAX,G1_CMAX,[31, 22, 90, 26, 58, 95, 42, 12, 93, 5, 78, 86, 98, 18, 20, 35, 3, 97, 91, 76, 10, 85, 54, 45, 63, 71, 66, 1, 23, 17, 24, 60, 36, 6, 57, 15, 65, 56, 47, 79, 94, 67, 50, 46, 14, 75, 38, 9, 30, 19, 32, 81, 27, 92, 83, 87, 40, 99, 59, 11, 53, 16, 72, 77, 73, 70, 39, 37, 84, 43, 62, 25, 55, 28, 29, 51, 68, 82, 74, 61, 88, 21, 80, 89, 7, 69, 96, 41, 48, 4, 8, 34, 49, 52, 0, 44, 13, 2, 64, 33]|[1, 1, 1, 1, 0, 2, 1, 1, 2, 2, 2, 1, 0, 1, 2, 2, 1, 2, 0, 1, 2, 2, 2, 0, 0, 1, 2, 1, 2, 1, 2, 1, 1, 0, 1, 1, 0, 2, 2, 1, 1, 0, 0, 0, 0, 1, 1, 1, 1, 2, 1, 2, 2, 0, 0, 2, 1, 0, 0, 2, 0, 1, 2, 2, 1, 1, 1, 1, 1, 1, 0, 1, 1, 0, 0, 0, 0, 0, 2, 1, 1, 0, 0, 1, 1, 1, 2, 2, 0, 1, 1, 2, 0, 1, 0, 0, 0, 0, 2, 2]|[0, 4, 3, 0, 1, 1, 2, 4, 1, 1, 2, 4, 1, 4, 1, 1, 1, 2, 2, 2, 2, 1, 1, 1, 2, 3, 2, 3, 0, 4, 1, 0, 3, 2, 2, 2, 1, 1, 1, 0, 2, 0, 1, 2, 1, 3, 1, 4, 2, 0, 3, 2, 1, 2, 1, 1, 4, 1, 1, 1, 2, 3, 0, 2, 4, 3, 1, 4, 1, 1, 1, 4, 4, 2, 1, 1, 1, 2, 1, 3, 0, 1, 1, 1, 1, 3, 1, 1, 1, 4, 3, 1, 1, 1, 2, 2, 2, 2, 1, 1]|[3, 0, 2, 3, 0, 0, 1, 0, 0, 0, 1, 0, 0, 3, 0, 0, 1, 1, 1, 2, 1, 0, 0, 0, 0, 0, 0, 0, 0, 3, 1, 0, 2, 1, 1, 1, 0, 0, 0, 0, 1, 1, 0, 0, 0, 0, 1, 3, 2, 0, 0, 1, 0, 1, 0, 0, 2, 0, 0, 0, 1, 2, 1, 1, 0, 0, 1, 1, 3, 3, 0, 3, 3, 1, 0, 0, 0, 1, 0, 0, 0, 0, 0, 1, 2, 2, 0, 0, 0, 0, 2, 0, 1, 1, 0, 0, 0, 0, 0, 0],705.0470749739228,58445.79123614564,95781.2895945797,false
53,G4_BALANCED,G4_BALANCED,[31, 11, 82, 15, 26, 9, 95, 42, 77, 68, 47, 5, 93, 78, 86, 54, 85, 63, 18, 44, 20, 49, 36, 14, 74, 50, 53, 17, 21, 45, 71, 64, 3, 23, 30, 83, 24, 41, 60, 52, 65, 27, 90, 70, 39, 87, 48, 69, 99, 4, 46, 1, 13, 58, 97, 59, 28, 75, 73, 37, 35, 79, 22, 66, 76, 32, 40, 80, 96, 6, 61, 16, 7, 33, 57, 34, 12, 67, 10, 98, 56, 88, 29, 8, 91, 38, 19, 92, 43, 84, 51, 72, 81, 25, 94, 55, 0, 89, 2, 62]|[2, 1, 2, 1, 1, 2, 1, 1, 1, 1, 1, 0, 2, 2, 1, 2, 0, 0, 0, 2, 2, 1, 0, 2, 0, 2, 2, 1, 0, 1, 1, 1, 0, 0, 1, 0, 2, 1, 2, 2, 0, 0, 1, 1, 0, 2, 0, 2, 1, 0, 0, 2, 0, 0, 2, 0, 1, 1, 0, 0, 2, 1, 0, 2, 2, 0, 2, 2, 0, 1, 2, 2, 2, 1, 0, 1, 1, 1, 1, 2, 2, 1, 1, 0, 1, 0, 1, 0, 1, 0, 1, 1, 1, 1, 2, 0, 0, 1, 2, 1]|[0, 3, 0, 2, 4, 1, 4, 4, 2, 4, 3, 2, 1, 0, 2, 1, 1, 1, 2, 1, 1, 3, 0, 1, 0, 1, 1, 4, 1, 4, 3, 2, 2, 0, 4, 1, 1, 4, 0, 1, 2, 1, 4, 4, 1, 1, 0, 2, 3, 1, 2, 1, 2, 1, 1, 2, 4, 3, 0, 2, 2, 3, 1, 0, 1, 2, 0, 1, 2, 4, 1, 1, 1, 4, 2, 4, 3, 3, 3, 1, 1, 4, 3, 2, 3, 2, 4, 2, 4, 2, 3, 4, 1, 4, 1, 2, 2, 4, 1, 3]|[0, 2, 0, 1, 3, 0, 1, 3, 0, 0, 2, 0, 1, 0, 1, 0, 0, 0, 1, 0, 0, 2, 0, 0, 1, 0, 0, 3, 0, 1, 0, 2, 0, 1, 3, 0, 1, 3, 1, 0, 0, 0, 1, 3, 0, 0, 1, 0, 2, 0, 0, 0, 0, 0, 1, 0, 1, 0, 1, 1, 0, 2, 0, 0, 0, 0, 1, 0, 0, 2, 0, 0, 0, 1, 0, 1, 0, 0, 3, 0, 0, 1, 0, 0, 0, 0, 3, 0, 2, 0, 0, 2, 1, 3, 0, 0, 0, 1, 0, 0],843.8855010804491,52510.30755899072,105664.6447807653,false
53,G2_TEC,G2_TEC,[31, 94, 82, 15, 26, 9, 95, 42, 77, 68, 47, 5, 93, 78, 86, 54, 85, 63, 18, 44, 20, 49, 36, 14, 74, 50, 53, 17, 21, 28, 11, 64, 3, 23, 30, 83, 24, 41, 40, 52, 65, 27, 90, 70, 39, 87, 48, 69, 99, 4, 98, 1, 13, 56, 97, 59, 45, 8, 73, 37, 35, 79, 71, 66, 76, 32, 60, 80, 58, 6, 67, 61, 33, 7, 57, 34, 12, 16, 10, 46, 96, 88, 43, 81, 91, 2, 84, 29, 92, 19, 51, 55, 89, 75, 25, 22, 38, 72, 62, 0]|[2, 1, 2, 1, 1, 2, 1, 1, 1, 1, 1, 0, 2, 2, 1, 2, 0, 0, 0, 2, 2, 1, 0, 2, 0, 2, 2, 1, 0, 1, 1, 1, 0, 0, 1, 0, 2, 1, 2, 2, 0, 0, 1, 1, 0, 2, 0, 2, 1, 0, 2, 2, 0, 2, 2, 0, 1, 1, 0, 0, 2, 1, 1, 2, 2, 0, 2, 2, 2, 1, 2, 1, 1, 2, 0, 1, 1, 2, 1, 0, 0, 1, 1, 1, 1, 0, 0, 1, 0, 1, 1, 0, 1, 0, 1, 2, 0, 1, 1, 0]|[0, 3, 0, 3, 4, 1, 4, 4, 4, 4, 3, 2, 1, 0, 2, 1, 1, 1, 2, 1, 1, 3, 0, 1, 0, 1, 1, 4, 1, 4, 3, 2, 2, 0, 4, 1, 1, 4, 1, 1, 2, 1, 4, 4, 1, 1, 0, 1, 3, 2, 1, 1, 2, 1, 1, 2, 4, 3, 0, 2, 1, 3, 3, 1, 1, 2, 1, 1, 1, 4, 1, 3, 4, 1, 2, 4, 3, 1, 3, 2, 2, 4, 4, 4, 3, 2, 2, 3, 2, 4, 3, 2, 4, 2, 4, 1, 2, 4, 3, 2]|[0, 2, 0, 0, 3, 0, 1, 3, 1, 0, 2, 0, 1, 0, 1, 0, 0, 0, 1, 0, 0, 2, 0, 0, 1, 0, 0, 3, 0, 1, 0, 2, 0, 0, 3, 0, 1, 1, 0, 0, 0, 0, 1, 3, 0, 0, 1, 0, 2, 0, 0, 0, 0, 0, 1, 0, 1, 0, 1, 1, 0, 2, 0, 0, 0, 0, 0, 0, 0, 2, 0, 0, 1, 0, 0, 1, 0, 0, 3, 0, 0, 1, 2, 2, 0, 0, 0, 3, 0, 1, 0, 0, 1, 0, 3, 0, 0, 1, 0, 0],910.6016522559228,48449.301094637194,107046.1135137847,false
53,G3_TWC,G4_BALANCED,[31, 22, 42, 15, 26, 58, 95, 82, 77, 12, 47, 5, 93, 78, 98, 54, 85, 63, 18, 44, 20, 35, 43, 97, 91, 76, 10, 30, 21, 45, 71, 64, 1, 23, 17, 83, 24, 61, 60, 49, 6, 57, 94, 88, 65, 56, 79, 40, 67, 68, 46, 75, 38, 9, 19, 32, 81, 41, 27, 62, 87, 90, 99, 59, 53, 16, 72, 73, 70, 39, 37, 84, 3, 92, 25, 74, 28, 0, 51, 7, 11, 14, 86, 48, 89, 50, 66, 96, 33, 80, 4, 8, 55, 36, 29, 52, 13, 2, 69, 34]|[1, 1, 0, 1, 1, 1, 2, 1, 2, 1, 2, 2, 2, 1, 1, 0, 0, 1, 0, 2, 2, 0, 1, 2, 0, 1, 2, 2, 0, 0, 1, 2, 1, 0, 1, 0, 2, 0, 1, 1, 0, 1, 1, 1, 0, 2, 1, 1, 0, 0, 0, 0, 1, 1, 2, 1, 2, 0, 0, 0, 2, 1, 0, 1, 0, 1, 2, 1, 1, 1, 1, 1, 2, 0, 1, 2, 0, 0, 0, 1, 2, 1, 0, 0, 1, 0, 0, 2, 2, 0, 0, 1, 2, 0, 0, 1, 0, 0, 1, 2]|[4, 3, 2, 2, 0, 0, 2, 2, 2, 4, 1, 1, 2, 4, 4, 1, 1, 4, 2, 1, 1, 1, 1, 2, 1, 2, 1, 1, 1, 1, 3, 2, 3, 0, 4, 0, 1, 1, 0, 3, 2, 2, 4, 0, 1, 1, 3, 2, 0, 1, 2, 2, 1, 4, 0, 3, 2, 1, 1, 2, 1, 3, 1, 1, 2, 3, 0, 4, 3, 1, 4, 1, 1, 2, 4, 1, 2, 1, 1, 3, 1, 3, 1, 1, 1, 1, 1, 1, 1, 1, 2, 3, 1, 1, 2, 1, 2, 2, 3, 1]|[0, 2, 1, 1, 3, 3, 0, 1, 0, 0, 0, 0, 1, 0, 1, 0, 0, 3, 1, 0, 0, 0, 3, 1, 0, 2, 0, 0, 0, 1, 0, 0, 0, 0, 3, 0, 1, 0, 0, 2, 1, 1, 2, 0, 0, 0, 0, 1, 1, 0, 0, 0, 1, 3, 0, 0, 1, 0, 0, 1, 0, 2, 0, 1, 1, 2, 1, 0, 0, 1, 1, 3, 0, 1, 3, 0, 1, 0, 0, 2, 0, 0, 0, 0, 1, 0, 0, 0, 0, 0, 1, 2, 0, 1, 0, 1, 0, 0, 0, 0],787.7354273239397,57319.98389756265,87481.7179896983,true
53,G1_CMAX,G1_CMAX,[31, 22, 90, 26, 58, 95, 42, 12, 93, 5, 78, 86, 98, 18, 20, 35, 3, 97, 91, 76, 10, 85, 54, 45, 63, 71, 66, 1, 23, 17, 24, 60, 36, 6, 57, 15, 65, 56, 47, 79, 94, 67, 50, 46, 14, 75, 38, 9, 30, 19, 32, 81, 27, 92, 83, 87, 40, 99, 59, 11, 53, 16, 72, 77, 73, 70, 39, 37, 84, 43, 62, 25, 55, 28, 29, 51, 68, 82, 74, 61, 88, 21, 80, 89, 7, 69, 96, 41, 48, 4, 8, 34, 49, 52, 0, 44, 13, 2, 64, 33]|[1, 1, 1, 1, 0, 2, 1, 1, 2, 2, 2, 1, 0, 1, 2, 2, 1, 2, 0, 1, 2, 2, 2, 0, 0, 1, 2, 1, 2, 1, 2, 1, 1, 0, 1, 1, 0, 2, 2, 1, 1, 0, 0, 0, 0, 1, 1, 1, 1, 2, 1, 2, 2, 0, 0, 2, 1, 0, 0, 2, 0, 1, 2, 2, 1, 1, 1, 1, 1, 1, 0, 1, 1, 0, 0, 0, 0, 0, 2, 1, 1, 0, 0, 1, 1, 1, 2, 2, 0, 1, 1, 2, 0, 1, 0, 0, 0, 0, 2, 2]|[0, 4, 3, 0, 1, 1, 2, 4, 1, 1, 2, 4, 1, 4, 1, 1, 1, 2, 2, 2, 2, 1, 1, 1, 2, 3, 2, 3, 0, 4, 1, 0, 3, 2, 2, 2, 1, 1, 1, 0, 2, 0, 1, 2, 1, 3, 1, 4, 2, 0, 3, 2, 1, 2, 1, 1, 4, 1, 1, 1, 2, 3, 0, 2, 4, 3, 1, 4, 1, 1, 1, 4, 4, 2, 1, 1, 1, 2, 1, 3, 0, 1, 1, 1, 1, 3, 1, 1, 1, 4, 3, 1, 1, 1, 2, 2, 2, 2, 1, 1]|[3, 0, 2, 3, 0, 0, 1, 0, 0, 0, 1, 0, 0, 3, 0, 0, 1, 1, 1, 2, 1, 0, 0, 0, 0, 0, 0, 0, 0, 3, 1, 0, 2, 1, 1, 1, 0, 0, 0, 0, 1, 1, 0, 0, 0, 0, 1, 3, 2, 0, 0, 1, 0, 1, 0, 0, 2, 0, 0, 0, 1, 2, 1, 1, 0, 0, 1, 1, 3, 3, 0, 3, 3, 1, 0, 0, 0, 1, 0, 0, 0, 0, 0, 1, 2, 2, 0, 0, 0, 0, 2, 0, 1, 1, 0, 0, 0, 0, 0, 0],705.0470749739228,58445.79123614564,95781.2895945797,false
53,G4_BALANCED,G4_BALANCED,[31, 11, 82, 15, 26, 9, 95, 42, 77, 68, 47, 5, 93, 78, 86, 54, 85, 63, 18, 44, 20, 49, 36, 14, 74, 50, 53, 17, 21, 45, 71, 64, 3, 23, 30, 83, 24, 41, 60, 52, 65, 27, 90, 70, 39, 87, 48, 69, 99, 4, 46, 1, 13, 58, 97, 59, 28, 75, 73, 37, 35, 79, 22, 66, 76, 32, 40, 80, 96, 6, 61, 16, 7, 33, 57, 34, 12, 67, 10, 98, 56, 88, 29, 8, 91, 38, 19, 92, 43, 84, 51, 72, 81, 25, 94, 55, 0, 89, 2, 62]|[2, 1, 2, 1, 1, 2, 1, 1, 1, 1, 1, 0, 2, 2, 1, 2, 0, 0, 0, 2, 2, 1, 0, 2, 0, 2, 2, 1, 0, 1, 1, 1, 0, 0, 1, 0, 2, 1, 2, 2, 0, 0, 1, 1, 0, 2, 0, 2, 1, 0, 0, 2, 0, 0, 2, 0, 1, 1, 0, 0, 2, 1, 0, 2, 2, 0, 2, 2, 0, 1, 2, 2, 2, 1, 0, 1, 1, 1, 1, 2, 2, 1, 1, 0, 1, 0, 1, 0, 1, 0, 1, 1, 1, 1, 2, 0, 0, 1, 2, 1]|[0, 3, 0, 2, 4, 1, 4, 4, 2, 4, 3, 2, 1, 0, 2, 1, 1, 1, 2, 1, 1, 3, 0, 1, 0, 1, 1, 4, 1, 4, 3, 2, 2, 0, 4, 1, 1, 4, 0, 1, 2, 1, 4, 4, 1, 1, 0, 2, 3, 1, 2, 1, 2, 1, 1, 2, 4, 3, 0, 2, 2, 3, 1, 0, 1, 2, 0, 1, 2, 4, 1, 1, 1, 4, 2, 4, 3, 3, 3, 1, 1, 4, 3, 2, 3, 2, 4, 2, 4, 2, 3, 4, 1, 4, 1, 2, 2, 4, 1, 3]|[0, 2, 0, 1, 3, 0, 1, 3, 0, 0, 2, 0, 1, 0, 1, 0, 0, 0, 1, 0, 0, 2, 0, 0, 1, 0, 0, 3, 0, 1, 0, 2, 0, 1, 3, 0, 1, 3, 1, 0, 0, 0, 1, 3, 0, 0, 1, 0, 2, 0, 0, 0, 0, 0, 1, 0, 1, 0, 1, 1, 0, 2, 0, 0, 0, 0, 1, 0, 0, 2, 0, 0, 0, 1, 0, 1, 0, 0, 3, 0, 0, 1, 0, 0, 0, 0, 3, 0, 2, 0, 0, 2, 1, 3, 0, 0, 0, 1, 0, 0],843.8855010804491,52510.30755899072,105664.6447807653,false
53,G2_TEC,G2_TEC,[31, 94, 82, 15, 26, 9, 95, 42, 77, 68, 47, 5, 93, 78, 86, 54, 85, 63, 18, 44, 20, 49, 36, 14, 74, 50, 53, 17, 21, 28, 11, 64, 3, 23, 30, 83, 24, 41, 40, 52, 65, 27, 90, 70, 39, 87, 48, 69, 99, 4, 98, 1, 13, 56, 97, 59, 45, 8, 73, 37, 35, 79, 71, 66, 76, 32, 60, 80, 58, 6, 67, 61, 33, 7, 57, 34, 12, 16, 10, 46, 96, 88, 43, 81, 91, 2, 84, 29, 92, 19, 51, 55, 89, 75, 25, 22, 38, 72, 62, 0]|[2, 1, 2, 1, 1, 2, 1, 1, 1, 1, 1, 0, 2, 2, 1, 2, 0, 0, 0, 2, 2, 1, 0, 2, 0, 2, 2, 1, 0, 1, 1, 1, 0, 0, 1, 0, 2, 1, 2, 2, 0, 0, 1, 1, 0, 2, 0, 2, 1, 0, 2, 2, 0, 2, 2, 0, 1, 1, 0, 0, 2, 1, 1, 2, 2, 0, 2, 2, 2, 1, 2, 1, 1, 2, 0, 1, 1, 2, 1, 0, 0, 1, 1, 1, 1, 0, 0, 1, 0, 1, 1, 0, 1, 0, 1, 2, 0, 1, 1, 0]|[0, 3, 0, 3, 4, 1, 4, 4, 4, 4, 3, 2, 1, 0, 2, 1, 1, 1, 2, 1, 1, 3, 0, 1, 0, 1, 1, 4, 1, 4, 3, 2, 2, 0, 4, 1, 1, 4, 1, 1, 2, 1, 4, 4, 1, 1, 0, 1, 3, 2, 1, 1, 2, 1, 1, 2, 4, 3, 0, 2, 1, 3, 3, 1, 1, 2, 1, 1, 1, 4, 1, 3, 4, 1, 2, 4, 3, 1, 3, 2, 2, 4, 4, 4, 3, 2, 2, 3, 2, 4, 3, 2, 4, 2, 4, 1, 2, 4, 3, 2]|[0, 2, 0, 0, 3, 0, 1, 3, 1, 0, 2, 0, 1, 0, 1, 0, 0, 0, 1, 0, 0, 2, 0, 0, 1, 0, 0, 3, 0, 1, 0, 2, 0, 0, 3, 0, 1, 1, 0, 0, 0, 0, 1, 3, 0, 0, 1, 0, 2, 0, 0, 0, 0, 0, 1, 0, 1, 0, 1, 1, 0, 2, 0, 0, 0, 0, 0, 0, 0, 2, 0, 0, 1, 0, 0, 1, 0, 0, 3, 0, 0, 1, 2, 2, 0, 0, 0, 3, 0, 1, 0, 0, 1, 0, 3, 0, 0, 1, 0, 0],910.6016522559228,48449.301094637194,107046.1135137847,false
53,G3_TWC,G4_BALANCED,[31, 22, 42, 15, 26, 58, 95, 82, 77, 12, 47, 5, 93, 78, 98, 54, 85, 63, 18, 44, 20, 35, 43, 97, 91, 76, 10, 30, 21, 45, 71, 64, 1, 23, 17, 83, 24, 61, 60, 49, 6, 57, 94, 88, 65, 56, 79, 40, 67, 68, 46, 75, 38, 9, 19, 32, 81, 41, 27, 62, 87, 90, 99, 59, 53, 16, 72, 73, 70, 39, 37, 84, 3, 92, 25, 74, 28, 0, 51, 7, 11, 14, 86, 48, 89, 50, 66, 96, 33, 80, 4, 8, 55, 36, 29, 52, 13, 2, 69, 34]|[1, 1, 0, 1, 1, 1, 2, 1, 2, 1, 2, 2, 2, 1, 1, 0, 0, 1, 0, 2, 2, 0, 1, 2, 0, 1, 2, 2, 0, 0, 1, 2, 1, 0, 1, 0, 2, 0, 1, 1, 0, 1, 1, 1, 0, 2, 1, 1, 0, 0, 0, 0, 1, 1, 2, 1, 2, 0, 0, 0, 2, 1, 0, 1, 0, 1, 2, 1, 1, 1, 1, 1, 2, 0, 1, 2, 0, 0, 0, 1, 2, 1, 0, 0, 1, 0, 0, 2, 2, 0, 0, 1, 2, 0, 0, 1, 0, 0, 1, 2]|[4, 3, 2, 2, 0, 0, 2, 2, 2, 4, 1, 1, 2, 4, 4, 1, 1, 4, 2, 1, 1, 1, 1, 2, 1, 2, 1, 1, 1, 1, 3, 2, 3, 0, 4, 0, 1, 1, 0, 3, 2, 2, 4, 0, 1, 1, 3, 2, 0, 1, 2, 2, 1, 4, 0, 3, 2, 1, 1, 2, 1, 3, 1, 1, 2, 3, 0, 4, 3, 1, 4, 1, 1, 2, 4, 1, 2, 1, 1, 3, 1, 3, 1, 1, 1, 1, 1, 1, 1, 1, 2, 3, 1, 1, 2, 1, 2, 2, 3, 1]|[0, 2, 1, 1, 3, 3, 0, 1, 0, 0, 0, 0, 1, 0, 1, 0, 0, 3, 1, 0, 0, 0, 3, 1, 0, 2, 0, 0, 0, 1, 0, 0, 0, 0, 3, 0, 1, 0, 0, 2, 1, 1, 2, 0, 0, 0, 0, 1, 1, 0, 0, 0, 1, 3, 0, 0, 1, 0, 0, 1, 0, 2, 0, 1, 1, 2, 1, 0, 0, 1, 1, 3, 0, 1, 3, 0, 1, 0, 0, 2, 0, 0, 0, 0, 1, 0, 0, 0, 0, 0, 1, 2, 0, 1, 0, 1, 0, 0, 0, 0],787.7354273239397,57319.98389756265,87481.7179896983,true
53,G1_CMAX,G1_CMAX,[31, 22, 90, 26, 58, 95, 42, 12, 93, 5, 78, 86, 98, 18, 20, 35, 3, 97, 91, 76, 10, 85, 54, 45, 63, 71, 66, 1, 23, 17, 24, 60, 36, 6, 57, 15, 65, 56, 47, 79, 94, 67, 50, 46, 14, 75, 38, 9, 30, 19, 32, 81, 27, 92, 83, 87, 40, 99, 59, 11, 53, 16, 72, 77, 73, 70, 39, 37, 84, 43, 62, 25, 55, 28, 29, 51, 68, 82, 74, 61, 88, 21, 80, 89, 7, 69, 96, 41, 48, 4, 8, 34, 49, 52, 0, 44, 13, 2, 64, 33]|[1, 1, 1, 1, 0, 2, 1, 1, 2, 2, 2, 1, 0, 1, 2, 2, 1, 2, 0, 1, 2, 2, 2, 0, 0, 1, 2, 1, 2, 1, 2, 1, 1, 0, 1, 1, 0, 2, 2, 1, 1, 0, 0, 0, 0, 1, 1, 1, 1, 2, 1, 2, 2, 0, 0, 2, 1, 0, 0, 2, 0, 1, 2, 2, 1, 1, 1, 1, 1, 1, 0, 1, 1, 0, 0, 0, 0, 0, 2, 1, 1, 0, 0, 1, 1, 1, 2, 2, 0, 1, 1, 2, 0, 1, 0, 0, 0, 0, 2, 2]|[0, 4, 3, 0, 1, 1, 2, 4, 1, 1, 2, 4, 1, 4, 1, 1, 1, 2, 2, 2, 2, 1, 1, 1, 2, 3, 2, 3, 0, 4, 1, 0, 3, 2, 2, 2, 1, 1, 1, 0, 2, 0, 1, 2, 1, 3, 1, 4, 2, 0, 3, 2, 1, 2, 1, 1, 4, 1, 1, 1, 2, 3, 0, 2, 4, 3, 1, 4, 1, 1, 1, 4, 4, 2, 1, 1, 1, 2, 1, 3, 0, 1, 1, 1, 1, 3, 1, 1, 1, 4, 3, 1, 1, 1, 2, 2, 2, 2, 1, 1]|[3, 0, 2, 3, 0, 0, 1, 0, 0, 0, 1, 0, 0, 3, 0, 0, 1, 1, 1, 2, 1, 0, 0, 0, 0, 0, 0, 0, 0, 3, 1, 0, 2, 1, 1, 1, 0, 0, 0, 0, 1, 1, 0, 0, 0, 0, 1, 3, 2, 0, 0, 1, 0, 1, 0, 0, 2, 0, 0, 0, 1, 2, 1, 1, 0, 0, 1, 1, 3, 3, 0, 3, 3, 1, 0, 0, 0, 1, 0, 0, 0, 0, 0, 1, 2, 2, 0, 0, 0, 0, 2, 0, 1, 1, 0, 0, 0, 0, 0, 0],705.0470749739228,58445.79123614564,95781.2895945797,false
53,G4_BALANCED,G4_BALANCED,[31, 11, 82, 15, 26, 9, 95, 42, 77, 68, 47, 5, 93, 78, 86, 54, 85, 63, 18, 44, 20, 49, 36, 14, 74, 50, 53, 17, 21, 45, 71, 64, 3, 23, 30, 83, 24, 41, 60, 52, 65, 27, 90, 70, 39, 87, 48, 69, 99, 4, 46, 1, 13, 58, 97, 59, 28, 75, 73, 37, 35, 79, 22, 66, 76, 32, 40, 80, 96, 6, 61, 16, 7, 33, 57, 34, 12, 67, 10, 98, 56, 88, 29, 8, 91, 38, 19, 92, 43, 84, 51, 72, 81, 25, 94, 55, 0, 89, 2, 62]|[2, 1, 2, 1, 1, 2, 1, 1, 1, 1, 1, 0, 2, 2, 1, 2, 0, 0, 0, 2, 2, 1, 0, 2, 0, 2, 2, 1, 0, 1, 1, 1, 0, 0, 1, 0, 2, 1, 2, 2, 0, 0, 1, 1, 0, 2, 0, 2, 1, 0, 0, 2, 0, 0, 2, 0, 1, 1, 0, 0, 2, 1, 0, 2, 2, 0, 2, 2, 0, 1, 2, 2, 2, 1, 0, 1, 1, 1, 1, 2, 2, 1, 1, 0, 1, 0, 1, 0, 1, 0, 1, 1, 1, 1, 2, 0, 0, 1, 2, 1]|[0, 3, 0, 2, 4, 1, 4, 4, 2, 4, 3, 2, 1, 0, 2, 1, 1, 1, 2, 1, 1, 3, 0, 1, 0, 1, 1, 4, 1, 4, 3, 2, 2, 0, 4, 1, 1, 4, 0, 1, 2, 1, 4, 4, 1, 1, 0, 2, 3, 1, 2, 1, 2, 1, 1, 2, 4, 3, 0, 2, 2, 3, 1, 0, 1, 2, 0, 1, 2, 4, 1, 1, 1, 4, 2, 4, 3, 3, 3, 1, 1, 4, 3, 2, 3, 2, 4, 2, 4, 2, 3, 4, 1, 4, 1, 2, 2, 4, 1, 3]|[0, 2, 0, 1, 3, 0, 1, 3, 0, 0, 2, 0, 1, 0, 1, 0, 0, 0, 1, 0, 0, 2, 0, 0, 1, 0, 0, 3, 0, 1, 0, 2, 0, 1, 3, 0, 1, 3, 1, 0, 0, 0, 1, 3, 0, 0, 1, 0, 2, 0, 0, 0, 0, 0, 1, 0, 1, 0, 1, 1, 0, 2, 0, 0, 0, 0, 1, 0, 0, 2, 0, 0, 0, 1, 0, 1, 0, 0, 3, 0, 0, 1, 0, 0, 0, 0, 3, 0, 2, 0, 0, 2, 1, 3, 0, 0, 0, 1, 0, 0],843.8855010804491,52510.30755899072,105664.6447807653,false
53,G2_TEC,G2_TEC,[31, 94, 82, 15, 26, 9, 95, 42, 77, 68, 47, 5, 93, 78, 86, 54, 85, 63, 18, 44, 20, 49, 36, 14, 74, 50, 53, 17, 21, 28, 11, 64, 3, 23, 30, 83, 24, 41, 40, 52, 65, 27, 90, 70, 39, 87, 48, 69, 99, 4, 98, 1, 13, 56, 97, 59, 45, 8, 73, 37, 35, 79, 71, 66, 76, 32, 60, 80, 58, 6, 67, 61, 33, 7, 57, 34, 12, 16, 10, 46, 96, 88, 43, 81, 91, 2, 84, 29, 92, 19, 51, 55, 89, 75, 25, 22, 38, 72, 62, 0]|[2, 1, 2, 1, 1, 2, 1, 1, 1, 1, 1, 0, 2, 2, 1, 2, 0, 0, 0, 2, 2, 1, 0, 2, 0, 2, 2, 1, 0, 1, 1, 1, 0, 0, 1, 0, 2, 1, 2, 2, 0, 0, 1, 1, 0, 2, 0, 2, 1, 0, 2, 2, 0, 2, 2, 0, 1, 1, 0, 0, 2, 1, 1, 2, 2, 0, 2, 2, 2, 1, 2, 1, 1, 2, 0, 1, 1, 2, 1, 0, 0, 1, 1, 1, 1, 0, 0, 1, 0, 1, 1, 0, 1, 0, 1, 2, 0, 1, 1, 0]|[0, 3, 0, 3, 4, 1, 4, 4, 4, 4, 3, 2, 1, 0, 2, 1, 1, 1, 2, 1, 1, 3, 0, 1, 0, 1, 1, 4, 1, 4, 3, 2, 2, 0, 4, 1, 1, 4, 1, 1, 2, 1, 4, 4, 1, 1, 0, 1, 3, 2, 1, 1, 2, 1, 1, 2, 4, 3, 0, 2, 1, 3, 3, 1, 1, 2, 1, 1, 1, 4, 1, 3, 4, 1, 2, 4, 3, 1, 3, 2, 2, 4, 4, 4, 3, 2, 2, 3, 2, 4, 3, 2, 4, 2, 4, 1, 2, 4, 3, 2]|[0, 2, 0, 0, 3, 0, 1, 3, 1, 0, 2, 0, 1, 0, 1, 0, 0, 0, 1, 0, 0, 2, 0, 0, 1, 0, 0, 3, 0, 1, 0, 2, 0, 0, 3, 0, 1, 1, 0, 0, 0, 0, 1, 3, 0, 0, 1, 0, 2, 0, 0, 0, 0, 0, 1, 0, 1, 0, 1, 1, 0, 2, 0, 0, 0, 0, 0, 0, 0, 2, 0, 0, 1, 0, 0, 1, 0, 0, 3, 0, 0, 1, 2, 2, 0, 0, 0, 3, 0, 1, 0, 0, 1, 0, 3, 0, 0, 1, 0, 0],910.6016522559228,48449.301094637194,107046.1135137847,false
53,G3_TWC,G4_BALANCED,[31, 22, 42, 15, 26, 58, 95, 82, 77, 12, 47, 5, 93, 78, 98, 54, 85, 63, 18, 44, 20, 35, 43, 97, 91, 76, 10, 30, 21, 45, 71, 64, 1, 23, 17, 83, 24, 61, 60, 49, 6, 57, 94, 88, 65, 56, 79, 40, 67, 68, 46, 75, 38, 9, 19, 32, 81, 41, 27, 62, 87, 90, 99, 59, 53, 16, 72, 73, 70, 39, 37, 84, 3, 92, 25, 74, 28, 0, 51, 7, 11, 14, 86, 48, 89, 50, 66, 96, 33, 80, 4, 8, 55, 36, 29, 52, 13, 2, 69, 34]|[1, 1, 0, 1, 1, 1, 2, 1, 2, 1, 2, 2, 2, 1, 1, 0, 0, 1, 0, 2, 2, 0, 1, 2, 0, 1, 2, 2, 0, 0, 1, 2, 1, 0, 1, 0, 2, 0, 1, 1, 0, 1, 1, 1, 0, 2, 1, 1, 0, 0, 0, 0, 1, 1, 2, 1, 2, 0, 0, 0, 2, 1, 0, 1, 0, 1, 2, 1, 1, 1, 1, 1, 2, 0, 1, 2, 0, 0, 0, 1, 2, 1, 0, 0, 1, 0, 0, 2, 2, 0, 0, 1, 2, 0, 0, 1, 0, 0, 1, 2]|[4, 3, 2, 2, 0, 0, 2, 2, 2, 4, 1, 1, 2, 4, 4, 1, 1, 4, 2, 1, 1, 1, 1, 2, 1, 2, 1, 1, 1, 1, 3, 2, 3, 0, 4, 0, 1, 1, 0, 3, 2, 2, 4, 0, 1, 1, 3, 2, 0, 1, 2, 2, 1, 4, 0, 3, 2, 1, 1, 2, 1, 3, 1, 1, 2, 3, 0, 4, 3, 1, 4, 1, 1, 2, 4, 1, 2, 1, 1, 3, 1, 3, 1, 1, 1, 1, 1, 1, 1, 1, 2, 3, 1, 1, 2, 1, 2, 2, 3, 1]|[0, 2, 1, 1, 3, 3, 0, 1, 0, 0, 0, 0, 1, 0, 1, 0, 0, 3, 1, 0, 0, 0, 3, 1, 0, 2, 0, 0, 0, 1, 0, 0, 0, 0, 3, 0, 1, 0, 0, 2, 1, 1, 2, 0, 0, 0, 0, 1, 1, 0, 0, 0, 1, 3, 0, 0, 1, 0, 0, 1, 0, 2, 0, 1, 1, 2, 1, 0, 0, 1, 1, 3, 0, 1, 3, 0, 1, 0, 0, 2, 0, 0, 0, 0, 1, 0, 0, 0, 0, 0, 1, 2, 0, 1, 0, 1, 0, 0, 0, 0],787.7354273239397,57319.98389756265,87481.7179896983,true
53,G1_CMAX,G1_CMAX,[31, 22, 90, 26, 58, 95, 42, 12, 93, 5, 78, 86, 98, 18, 20, 35, 3, 97, 91, 76, 10, 85, 54, 45, 63, 71, 66, 1, 23, 17, 24, 60, 36, 6, 57, 15, 65, 56, 47, 79, 94, 67, 50, 46, 14, 75, 38, 9, 30, 19, 32, 81, 27, 92, 83, 87, 40, 99, 59, 11, 53, 16, 72, 77, 73, 70, 39, 37, 84, 43, 62, 25, 55, 28, 29, 51, 68, 82, 74, 61, 88, 21, 80, 89, 7, 69, 96, 41, 48, 4, 8, 34, 49, 52, 0, 44, 13, 2, 64, 33]|[1, 1, 1, 1, 0, 2, 1, 1, 2, 2, 2, 1, 0, 1, 2, 2, 1, 2, 0, 1, 2, 2, 2, 0, 0, 1, 2, 1, 2, 1, 2, 1, 1, 0, 1, 1, 0, 2, 2, 1, 1, 0, 0, 0, 0, 1, 1, 1, 1, 2, 1, 2, 2, 0, 0, 2, 1, 0, 0, 2, 0, 1, 2, 2, 1, 1, 1, 1, 1, 1, 0, 1, 1, 0, 0, 0, 0, 0, 2, 1, 1, 0, 0, 1, 1, 1, 2, 2, 0, 1, 1, 2, 0, 1, 0, 0, 0, 0, 2, 2]|[0, 4, 3, 0, 1, 1, 2, 4, 1, 1, 2, 4, 1, 4, 1, 1, 1, 2, 2, 2, 2, 1, 1, 1, 2, 3, 2, 3, 0, 4, 1, 0, 3, 2, 2, 2, 1, 1, 1, 0, 2, 0, 1, 2, 1, 3, 1, 4, 2, 0, 3, 2, 1, 2, 1, 1, 4, 1, 1, 1, 2, 3, 0, 2, 4, 3, 1, 4, 1, 1, 1, 4, 4, 2, 1, 1, 1, 2, 1, 3, 0, 1, 1, 1, 1, 3, 1, 1, 1, 4, 3, 1, 1, 1, 2, 2, 2, 2, 1, 1]|[3, 0, 2, 3, 0, 0, 1, 0, 0, 0, 1, 0, 0, 3, 0, 0, 1, 1, 1, 2, 1, 0, 0, 0, 0, 0, 0, 0, 0, 3, 1, 0, 2, 1, 1, 1, 0, 0, 0, 0, 1, 1, 0, 0, 0, 0, 1, 3, 2, 0, 0, 1, 0, 1, 0, 0, 2, 0, 0, 0, 1, 2, 1, 1, 0, 0, 1, 1, 3, 3, 0, 3, 3, 1, 0, 0, 0, 1, 0, 0, 0, 0, 0, 1, 2, 2, 0, 0, 0, 0, 2, 0, 1, 1, 0, 0, 0, 0, 0, 0],705.0470749739228,58445.79123614564,95781.2895945797,false
53,G4_BALANCED,G4_BALANCED,[31, 11, 82, 15, 26, 9, 95, 42, 77, 68, 47, 5, 93, 78, 86, 54, 85, 63, 18, 44, 20, 49, 36, 14, 74, 50, 53, 17, 21, 45, 71, 64, 3, 23, 30, 83, 24, 41, 60, 52, 65, 27, 90, 70, 39, 87, 48, 69, 99, 4, 46, 1, 13, 58, 97, 59, 28, 75, 73, 37, 35, 79, 22, 66, 76, 32, 40, 80, 96, 6, 61, 16, 7, 33, 57, 34, 12, 67, 10, 98, 56, 88, 29, 8, 91, 38, 19, 92, 43, 84, 51, 72, 81, 25, 94, 55, 0, 89, 2, 62]|[2, 1, 2, 1, 1, 2, 1, 1, 1, 1, 1, 0, 2, 2, 1, 2, 0, 0, 0, 2, 2, 1, 0, 2, 0, 2, 2, 1, 0, 1, 1, 1, 0, 0, 1, 0, 2, 1, 2, 2, 0, 0, 1, 1, 0, 2, 0, 2, 1, 0, 0, 2, 0, 0, 2, 0, 1, 1, 0, 0, 2, 1, 0, 2, 2, 0, 2, 2, 0, 1, 2, 2, 2, 1, 0, 1, 1, 1, 1, 2, 2, 1, 1, 0, 1, 0, 1, 0, 1, 0, 1, 1, 1, 1, 2, 0, 0, 1, 2, 1]|[0, 3, 0, 2, 4, 1, 4, 4, 2, 4, 3, 2, 1, 0, 2, 1, 1, 1, 2, 1, 1, 3, 0, 1, 0, 1, 1, 4, 1, 4, 3, 2, 2, 0, 4, 1, 1, 4, 0, 1, 2, 1, 4, 4, 1, 1, 0, 2, 3, 1, 2, 1, 2, 1, 1, 2, 4, 3, 0, 2, 2, 3, 1, 0, 1, 2, 0, 1, 2, 4, 1, 1, 1, 4, 2, 4, 3, 3, 3, 1, 1, 4, 3, 2, 3, 2, 4, 2, 4, 2, 3, 4, 1, 4, 1, 2, 2, 4, 1, 3]|[0, 2, 0, 1, 3, 0, 1, 3, 0, 0, 2, 0, 1, 0, 1, 0, 0, 0, 1, 0, 0, 2, 0, 0, 1, 0, 0, 3, 0, 1, 0, 2, 0, 1, 3, 0, 1, 3, 1, 0, 0, 0, 1, 3, 0, 0, 1, 0, 2, 0, 0, 0, 0, 0, 1, 0, 1, 0, 1, 1, 0, 2, 0, 0, 0, 0, 1, 0, 0, 2, 0, 0, 0, 1, 0, 1, 0, 0, 3, 0, 0, 1, 0, 0, 0, 0, 3, 0, 2, 0, 0, 2, 1, 3, 0, 0, 0, 1, 0, 0],843.8855010804491,52510.30755899072,105664.6447807653,false
53,G2_TEC,G2_TEC,[31, 94, 82, 15, 26, 9, 95, 42, 77, 68, 47, 5, 93, 78, 86, 54, 85, 63, 18, 44, 20, 49, 36, 14, 74, 50, 53, 17, 21, 28, 11, 64, 3, 23, 30, 83, 24, 41, 40, 52, 65, 27, 90, 70, 39, 87, 48, 69, 99, 4, 98, 1, 13, 56, 97, 59, 45, 8, 73, 37, 35, 79, 71, 66, 76, 32, 60, 80, 58, 6, 67, 61, 33, 7, 57, 34, 12, 16, 10, 46, 96, 88, 43, 81, 91, 2, 84, 29, 92, 19, 51, 55, 89, 75, 25, 22, 38, 72, 62, 0]|[2, 1, 2, 1, 1, 2, 1, 1, 1, 1, 1, 0, 2, 2, 1, 2, 0, 0, 0, 2, 2, 1, 0, 2, 0, 2, 2, 1, 0, 1, 1, 1, 0, 0, 1, 0, 2, 1, 2, 2, 0, 0, 1, 1, 0, 2, 0, 2, 1, 0, 2, 2, 0, 2, 2, 0, 1, 1, 0, 0, 2, 1, 1, 2, 2, 0, 2, 2, 2, 1, 2, 1, 1, 2, 0, 1, 1, 2, 1, 0, 0, 1, 1, 1, 1, 0, 0, 1, 0, 1, 1, 0, 1, 0, 1, 2, 0, 1, 1, 0]|[0, 3, 0, 3, 4, 1, 4, 4, 4, 4, 3, 2, 1, 0, 2, 1, 1, 1, 2, 1, 1, 3, 0, 1, 0, 1, 1, 4, 1, 4, 3, 2, 2, 0, 4, 1, 1, 4, 1, 1, 2, 1, 4, 4, 1, 1, 0, 1, 3, 2, 1, 1, 2, 1, 1, 2, 4, 3, 0, 2, 1, 3, 3, 1, 1, 2, 1, 1, 1, 4, 1, 3, 4, 1, 2, 4, 3, 1, 3, 2, 2, 4, 4, 4, 3, 2, 2, 3, 2, 4, 3, 2, 4, 2, 4, 1, 2, 4, 3, 2]|[0, 2, 0, 0, 3, 0, 1, 3, 1, 0, 2, 0, 1, 0, 1, 0, 0, 0, 1, 0, 0, 2, 0, 0, 1, 0, 0, 3, 0, 1, 0, 2, 0, 0, 3, 0, 1, 1, 0, 0, 0, 0, 1, 3, 0, 0, 1, 0, 2, 0, 0, 0, 0, 0, 1, 0, 1, 0, 1, 1, 0, 2, 0, 0, 0, 0, 0, 0, 0, 2, 0, 0, 1, 0, 0, 1, 0, 0, 3, 0, 0, 1, 2, 2, 0, 0, 0, 3, 0, 1, 0, 0, 1, 0, 3, 0, 0, 1, 0, 0],910.6016522559228,48449.301094637194,107046.1135137847,false
53,G3_TWC,G4_BALANCED,[31, 22, 42, 15, 26, 58, 95, 82, 77, 12, 47, 5, 93, 78, 98, 54, 85, 63, 18, 44, 20, 35, 43, 97, 91, 76, 10, 30, 21, 45, 71, 64, 1, 23, 17, 83, 24, 61, 60, 49, 6, 57, 94, 88, 65, 56, 79, 40, 67, 68, 46, 75, 38, 9, 19, 32, 81, 41, 27, 62, 87, 90, 99, 59, 53, 16, 72, 73, 70, 39, 37, 84, 3, 92, 25, 74, 28, 0, 51, 7, 11, 14, 86, 48, 89, 50, 66, 96, 33, 80, 4, 8, 55, 36, 29, 52, 13, 2, 69, 34]|[1, 1, 0, 1, 1, 1, 2, 1, 2, 1, 2, 2, 2, 1, 1, 0, 0, 1, 0, 2, 2, 0, 1, 2, 0, 1, 2, 2, 0, 0, 1, 2, 1, 0, 1, 0, 2, 0, 1, 1, 0, 1, 1, 1, 0, 2, 1, 1, 0, 0, 0, 0, 1, 1, 2, 1, 2, 0, 0, 0, 2, 1, 0, 1, 0, 1, 2, 1, 1, 1, 1, 1, 2, 0, 1, 2, 0, 0, 0, 1, 2, 1, 0, 0, 1, 0, 0, 2, 2, 0, 0, 1, 2, 0, 0, 1, 0, 0, 1, 2]|[4, 3, 2, 2, 0, 0, 2, 2, 2, 4, 1, 1, 2, 4, 4, 1, 1, 4, 2, 1, 1, 1, 1, 2, 1, 2, 1, 1, 1, 1, 3, 2, 3, 0, 4, 0, 1, 1, 0, 3, 2, 2, 4, 0, 1, 1, 3, 2, 0, 1, 2, 2, 1, 4, 0, 3, 2, 1, 1, 2, 1, 3, 1, 1, 2, 3, 0, 4, 3, 1, 4, 1, 1, 2, 4, 1, 2, 1, 1, 3, 1, 3, 1, 1, 1, 1, 1, 1, 1, 1, 2, 3, 1, 1, 2, 1, 2, 2, 3, 1]|[0, 2, 1, 1, 3, 3, 0, 1, 0, 0, 0, 0, 1, 0, 1, 0, 0, 3, 1, 0, 0, 0, 3, 1, 0, 2, 0, 0, 0, 1, 0, 0, 0, 0, 3, 0, 1, 0, 0, 2, 1, 1, 2, 0, 0, 0, 0, 1, 1, 0, 0, 0, 1, 3, 0, 0, 1, 0, 0, 1, 0, 2, 0, 1, 1, 2, 1, 0, 0, 1, 1, 3, 0, 1, 3, 0, 1, 0, 0, 2, 0, 0, 0, 0, 1, 0, 0, 0, 0, 0, 1, 2, 0, 1, 0, 1, 0, 0, 0, 0],787.7354273239397,57319.98389756265,87481.7179896983,true
53,G1_CMAX,G1_CMAX,[31, 22, 90, 26, 58, 95, 42, 12, 93, 5, 78, 86, 98, 18, 20, 35, 3, 97, 91, 76, 10, 85, 54, 45, 63, 71, 66, 1, 23, 17, 24, 60, 36, 6, 57, 15, 65, 56, 47, 79, 94, 67, 50, 46, 14, 75, 38, 9, 30, 19, 32, 81, 27, 92, 83, 87, 40, 99, 59, 11, 53, 16, 72, 77, 73, 70, 39, 37, 84, 43, 62, 25, 55, 28, 29, 51, 68, 82, 74, 61, 88, 21, 80, 89, 7, 69, 96, 41, 48, 4, 8, 34, 49, 52, 0, 44, 13, 2, 64, 33]|[1, 1, 1, 1, 0, 2, 1, 1, 2, 2, 2, 1, 0, 1, 2, 2, 1, 2, 0, 1, 2, 2, 2, 0, 0, 1, 2, 1, 2, 1, 2, 1, 1, 0, 1, 1, 0, 2, 2, 1, 1, 0, 0, 0, 0, 1, 1, 1, 1, 2, 1, 2, 2, 0, 0, 2, 1, 0, 0, 2, 0, 1, 2, 2, 1, 1, 1, 1, 1, 1, 0, 1, 1, 0, 0, 0, 0, 0, 2, 1, 1, 0, 0, 1, 1, 1, 2, 2, 0, 1, 1, 2, 0, 1, 0, 0, 0, 0, 2, 2]|[0, 4, 3, 0, 1, 1, 2, 4, 1, 1, 2, 4, 1, 4, 1, 1, 1, 2, 2, 2, 2, 1, 1, 1, 2, 3, 2, 3, 0, 4, 1, 0, 3, 2, 2, 2, 1, 1, 1, 0, 2, 0, 1, 2, 1, 3, 1, 4, 2, 0, 3, 2, 1, 2, 1, 1, 4, 1, 1, 1, 2, 3, 0, 2, 4, 3, 1, 4, 1, 1, 1, 4, 4, 2, 1, 1, 1, 2, 1, 3, 0, 1, 1, 1, 1, 3, 1, 1, 1, 4, 3, 1, 1, 1, 2, 2, 2, 2, 1, 1]|[3, 0, 2, 3, 0, 0, 1, 0, 0, 0, 1, 0, 0, 3, 0, 0, 1, 1, 1, 2, 1, 0, 0, 0, 0, 0, 0, 0, 0, 3, 1, 0, 2, 1, 1, 1, 0, 0, 0, 0, 1, 1, 0, 0, 0, 0, 1, 3, 2, 0, 0, 1, 0, 1, 0, 0, 2, 0, 0, 0, 1, 2, 1, 1, 0, 0, 1, 1, 3, 3, 0, 3, 3, 1, 0, 0, 0, 1, 0, 0, 0, 0, 0, 1, 2, 2, 0, 0, 0, 0, 2, 0, 1, 1, 0, 0, 0, 0, 0, 0],705.0470749739228,58445.79123614564,95781.2895945797,false
53,G4_BALANCED,G4_BALANCED,[31, 11, 82, 15, 26, 9, 95, 42, 77, 68, 47, 5, 93, 78, 86, 54, 85, 63, 18, 44, 20, 49, 36, 14, 74, 50, 53, 17, 21, 45, 71, 64, 3, 23, 30, 83, 24, 41, 60, 52, 65, 27, 90, 70, 39, 87, 48, 69, 99, 4, 46, 1, 13, 58, 97, 59, 28, 75, 73, 37, 35, 79, 22, 66, 76, 32, 40, 80, 96, 6, 61, 16, 7, 33, 57, 34, 12, 67, 10, 98, 56, 88, 29, 8, 91, 38, 19, 92, 43, 84, 51, 72, 81, 25, 94, 55, 0, 89, 2, 62]|[2, 1, 2, 1, 1, 2, 1, 1, 1, 1, 1, 0, 2, 2, 1, 2, 0, 0, 0, 2, 2, 1, 0, 2, 0, 2, 2, 1, 0, 1, 1, 1, 0, 0, 1, 0, 2, 1, 2, 2, 0, 0, 1, 1, 0, 2, 0, 2, 1, 0, 0, 2, 0, 0, 2, 0, 1, 1, 0, 0, 2, 1, 0, 2, 2, 0, 2, 2, 0, 1, 2, 2, 2, 1, 0, 1, 1, 1, 1, 2, 2, 1, 1, 0, 1, 0, 1, 0, 1, 0, 1, 1, 1, 1, 2, 0, 0, 1, 2, 1]|[0, 3, 0, 2, 4, 1, 4, 4, 2, 4, 3, 2, 1, 0, 2, 1, 1, 1, 2, 1, 1, 3, 0, 1, 0, 1, 1, 4, 1, 4, 3, 2, 2, 0, 4, 1, 1, 4, 0, 1, 2, 1, 4, 4, 1, 1, 0, 2, 3, 1, 2, 1, 2, 1, 1, 2, 4, 3, 0, 2, 2, 3, 1, 0, 1, 2, 0, 1, 2, 4, 1, 1, 1, 4, 2, 4, 3, 3, 3, 1, 1, 4, 3, 2, 3, 2, 4, 2, 4, 2, 3, 4, 1, 4, 1, 2, 2, 4, 1, 3]|[0, 2, 0, 1, 3, 0, 1, 3, 0, 0, 2, 0, 1, 0, 1, 0, 0, 0, 1, 0, 0, 2, 0, 0, 1, 0, 0, 3, 0, 1, 0, 2, 0, 1, 3, 0, 1, 3, 1, 0, 0, 0, 1, 3, 0, 0, 1, 0, 2, 0, 0, 0, 0, 0, 1, 0, 1, 0, 1, 1, 0, 2, 0, 0, 0, 0, 1, 0, 0, 2, 0, 0, 0, 1, 0, 1, 0, 0, 3, 0, 0, 1, 0, 0, 0, 0, 3, 0, 2, 0, 0, 2, 1, 3, 0, 0, 0, 1, 0, 0],843.8855010804491,52510.30755899072,105664.6447807653,false
53,G2_TEC,G2_TEC,[31, 94, 82, 15, 26, 9, 95, 42, 77, 68, 47, 5, 93, 78, 86, 54, 85, 63, 18, 44, 20, 49, 36, 14, 74, 50, 53, 17, 21, 28, 11, 64, 3, 23, 30, 83, 24, 41, 40, 52, 65, 27, 90, 70, 39, 87, 48, 69, 99, 4, 98, 1, 13, 56, 97, 59, 45, 8, 73, 37, 35, 79, 71, 66, 76, 32, 60, 80, 58, 6, 67, 61, 33, 7, 57, 34, 12, 16, 10, 22, 96, 88, 43, 81, 91, 2, 84, 29, 92, 19, 89, 55, 51, 46, 25, 75, 38, 72, 62, 0]|[2, 1, 2, 1, 1, 2, 1, 1, 1, 1, 1, 0, 2, 2, 1, 2, 0, 0, 0, 2, 2, 1, 0, 2, 0, 2, 2, 1, 0, 1, 1, 1, 0, 0, 1, 0, 2, 1, 2, 2, 0, 0, 1, 1, 0, 2, 0, 2, 1, 0, 2, 2, 0, 2, 2, 0, 1, 1, 0, 0, 2, 1, 1, 2, 2, 0, 2, 2, 2, 1, 2, 1, 1, 2, 0, 1, 1, 2, 1, 2, 0, 1, 1, 1, 1, 0, 0, 1, 0, 1, 1, 0, 1, 0, 1, 0, 0, 1, 1, 0]|[0, 3, 0, 3, 4, 1, 4, 4, 4, 4, 3, 2, 1, 0, 2, 1, 1, 1, 2, 1, 1, 3, 0, 1, 0, 1, 1, 4, 1, 4, 3, 2, 2, 0, 4, 1, 1, 4, 1, 1, 2, 1, 4, 4, 1, 1, 0, 1, 3, 2, 1, 1, 2, 1, 1, 2, 4, 3, 0, 2, 1, 3, 3, 1, 1, 2, 1, 1, 1, 4, 1, 3, 4, 1, 2, 4, 3, 1, 3, 1, 2, 4, 4, 4, 3, 2, 2, 3, 2, 4, 4, 2, 3, 2, 4, 2, 2, 4, 3, 2]|[0, 2, 0, 0, 3, 0, 1, 3, 1, 0, 2, 0, 1, 0, 1, 0, 0, 0, 1, 0, 0, 2, 0, 0, 1, 0, 0, 3, 0, 1, 0, 2, 0, 0, 3, 0, 1, 1, 0, 0, 0, 0, 1, 3, 0, 0, 1, 0, 2, 0, 0, 0, 0, 0, 1, 0, 1, 0, 1, 1, 0, 2, 0, 0, 0, 0, 0, 0, 0, 2, 0, 0, 1, 0, 0, 1, 0, 0, 3, 0, 0, 1, 2, 2, 0, 0, 0, 3, 0, 1, 1, 0, 0, 0, 3, 0, 0, 1, 0, 0],910.6016522559228,48441.78517559203,107030.90942221809,false
53,G3_TWC,G4_BALANCED,[31, 22, 42, 15, 26, 58, 95, 82, 77, 12, 47, 5, 93, 78, 98, 54, 85, 63, 18, 44, 20, 35, 43, 97, 91, 76, 10, 30, 21, 45, 71, 64, 1, 23, 17, 83, 24, 61, 60, 49, 6, 57, 94, 88, 65, 56, 79, 40, 67, 68, 46, 75, 38, 9, 19, 32, 81, 41, 27, 62, 87, 90, 99, 59, 53, 16, 72, 73, 70, 39, 37, 84, 3, 92, 25, 74, 28, 0, 51, 7, 11, 14, 86, 48, 89, 50, 66, 96, 33, 80, 4, 8, 55, 36, 29, 52, 13, 2, 69, 34]|[1, 1, 0, 1, 1, 1, 2, 1, 2, 1, 2, 2, 2, 1, 1, 0, 0, 1, 0, 2, 2, 0, 1, 2, 0, 1, 2, 2, 0, 0, 1, 2, 1, 0, 1, 0, 2, 0, 1, 1, 0, 1, 1, 1, 0, 2, 1, 1, 0, 0, 0, 0, 1, 1, 2, 1, 2, 0, 0, 0, 2, 1, 0, 1, 0, 1, 2, 1, 1, 1, 1, 1, 2, 0, 1, 2, 0, 0, 0, 1, 2, 1, 0, 0, 1, 0, 0, 2, 2, 0, 0, 1, 2, 0, 0, 1, 0, 0, 1, 2]|[4, 3, 2, 2, 0, 0, 2, 2, 2, 4, 1, 1, 2, 4, 4, 1, 1, 4, 2, 1, 1, 1, 1, 2, 1, 2, 1, 1, 1, 1, 3, 2, 3, 0, 4, 0, 1, 1, 0, 3, 2, 2, 4, 0, 1, 1, 3, 2, 0, 1, 2, 2, 1, 4, 0, 3, 2, 1, 1, 2, 1, 3, 1, 1, 2, 3, 0, 4, 3, 1, 4, 1, 1, 2, 4, 1, 2, 1, 1, 3, 1, 3, 1, 1, 1, 1, 1, 1, 1, 1, 2, 3, 1, 1, 2, 1, 2, 2, 3, 1]|[0, 2, 1, 1, 3, 3, 0, 1, 0, 0, 0, 0, 1, 0, 1, 0, 0, 3, 1, 0, 0, 0, 3, 1, 0, 2, 0, 0, 0, 1, 0, 0, 0, 0, 3, 0, 1, 0, 0, 2, 1, 1, 2, 0, 0, 0, 0, 1, 1, 0, 0, 0, 1, 3, 0, 0, 1, 0, 0, 1, 0, 2, 0, 1, 1, 2, 1, 0, 0, 1, 1, 3, 0, 1, 3, 0, 1, 0, 0, 2, 0, 0, 0, 0, 1, 0, 0, 0, 0, 0, 1, 2, 0, 1, 0, 1, 0, 0, 0, 0],787.7354273239397,57319.98389756265,87481.7179896983,true
53,G1_CMAX,G1_CMAX,[31, 22, 90, 26, 58, 95, 42, 12, 93, 5, 78, 86, 98, 18, 20, 35, 3, 97, 91, 76, 10, 85, 54, 45, 63, 71, 66, 1, 23, 17, 24, 60, 36, 6, 57, 15, 65, 56, 47, 79, 94, 67, 50, 46, 14, 75, 38, 9, 30, 19, 32, 81, 27, 92, 83, 87, 40, 99, 59, 11, 53, 16, 72, 77, 73, 70, 39, 37, 84, 43, 62, 25, 55, 28, 29, 51, 68, 82, 74, 61, 88, 21, 80, 89, 7, 69, 96, 41, 48, 4, 8, 34, 49, 52, 0, 44, 13, 2, 64, 33]|[1, 1, 1, 1, 0, 2, 1, 1, 2, 2, 2, 1, 0, 1, 2, 2, 1, 2, 0, 1, 2, 2, 2, 0, 0, 1, 2, 1, 2, 1, 2, 1, 1, 0, 1, 1, 0, 2, 2, 1, 1, 0, 0, 0, 0, 1, 1, 1, 1, 2, 1, 2, 2, 0, 0, 2, 1, 0, 0, 2, 0, 1, 2, 2, 1, 1, 1, 1, 1, 1, 0, 1, 1, 0, 0, 0, 0, 0, 2, 1, 1, 0, 0, 1, 1, 1, 2, 2, 0, 1, 1, 2, 0, 1, 0, 0, 0, 0, 2, 2]|[0, 4, 3, 0, 1, 1, 2, 4, 1, 1, 2, 4, 1, 4, 1, 1, 1, 2, 2, 2, 2, 1, 1, 1, 2, 3, 2, 3, 0, 4, 1, 0, 3, 2, 2, 2, 1, 1, 1, 0, 2, 0, 1, 2, 1, 3, 1, 4, 2, 0, 3, 2, 1, 2, 1, 1, 4, 1, 1, 1, 2, 3, 0, 2, 4, 3, 1, 4, 1, 1, 1, 4, 4, 2, 1, 1, 1, 2, 1, 3, 0, 1, 1, 1, 1, 3, 1, 1, 1, 4, 3, 1, 1, 1, 2, 2, 2, 2, 1, 1]|[3, 0, 2, 3, 0, 0, 1, 0, 0, 0, 1, 0, 0, 3, 0, 0, 1, 1, 1, 2, 1, 0, 0, 0, 0, 0, 0, 0, 0, 3, 1, 0, 2, 1, 1, 1, 0, 0, 0, 0, 1, 1, 0, 0, 0, 0, 1, 3, 2, 0, 0, 1, 0, 1, 0, 0, 2, 0, 0, 0, 1, 2, 1, 1, 0, 0, 1, 1, 3, 3, 0, 3, 3, 1, 0, 0, 0, 1, 0, 0, 0, 0, 0, 1, 2, 2, 0, 0, 0, 0, 2, 0, 1, 1, 0, 0, 0, 0, 0, 0],705.0470749739228,58445.79123614564,95781.2895945797,false
53,G4_BALANCED,G4_BALANCED,[31, 11, 82, 15, 26, 9, 95, 42, 77, 68, 47, 5, 93, 78, 86, 54, 85, 63, 18, 44, 20, 49, 36, 14, 74, 50, 53, 17, 21, 45, 71, 64, 3, 23, 30, 83, 24, 41, 60, 52, 65, 27, 90, 70, 39, 87, 48, 69, 99, 4, 46, 1, 13, 58, 97, 59, 28, 75, 73, 37, 35, 79, 22, 66, 76, 32, 40, 80, 96, 6, 61, 16, 7, 33, 57, 34, 12, 67, 10, 98, 56, 88, 29, 8, 91, 38, 19, 92, 43, 84, 51, 72, 81, 25, 94, 55, 0, 89, 2, 62]|[2, 1, 2, 1, 1, 2, 1, 1, 1, 1, 1, 0, 2, 2, 1, 2, 0, 0, 0, 2, 2, 1, 0, 2, 0, 2, 2, 1, 0, 1, 1, 1, 0, 0, 1, 0, 2, 1, 2, 2, 0, 0, 1, 1, 0, 2, 0, 2, 1, 0, 0, 2, 0, 0, 2, 0, 1, 1, 0, 0, 2, 1, 0, 2, 2, 0, 2, 2, 0, 1, 2, 2, 2, 1, 0, 1, 1, 1, 1, 2, 2, 1, 1, 0, 1, 0, 1, 0, 1, 0, 1, 1, 1, 1, 2, 0, 0, 1, 2, 1]|[0, 3, 0, 2, 4, 1, 4, 4, 2, 4, 3, 2, 1, 0, 2, 1, 1, 1, 2, 1, 1, 3, 0, 1, 0, 1, 1, 4, 1, 4, 3, 2, 2, 0, 4, 1, 1, 4, 0, 1, 2, 1, 4, 4, 1, 1, 0, 2, 3, 1, 2, 1, 2, 1, 1, 2, 4, 3, 0, 2, 2, 3, 1, 0, 1, 2, 0, 1, 2, 4, 1, 1, 1, 4, 2, 4, 3, 3, 3, 1, 1, 4, 3, 2, 3, 2, 4, 2, 4, 2, 3, 4, 1, 4, 1, 2, 2, 4, 1, 3]|[0, 2, 0, 1, 3, 0, 1, 3, 0, 0, 2, 0, 1, 0, 1, 0, 0, 0, 1, 0, 0, 2, 0, 0, 1, 0, 0, 3, 0, 1, 0, 2, 0, 1, 3, 0, 1, 3, 1, 0, 0, 0, 1, 3, 0, 0, 1, 0, 2, 0, 0, 0, 0, 0, 1, 0, 1, 0, 1, 1, 0, 2, 0, 0, 0, 0, 1, 0, 0, 2, 0, 0, 0, 1, 0, 1, 0, 0, 3, 0, 0, 1, 0, 0, 0, 0, 3, 0, 2, 0, 0, 2, 1, 3, 0, 0, 0, 1, 0, 0],843.8855010804491,52510.30755899072,105664.6447807653,false
53,G2_TEC,G2_TEC,[31, 94, 82, 15, 26, 9, 95, 42, 77, 68, 47, 5, 93, 78, 86, 54, 85, 63, 18, 44, 20, 49, 36, 14, 74, 50, 53, 17, 21, 28, 11, 64, 3, 23, 30, 83, 24, 41, 40, 52, 65, 27, 90, 70, 39, 87, 48, 69, 99, 4, 98, 1, 13, 56, 97, 59, 45, 8, 73, 37, 35, 79, 71, 66, 76, 32, 60, 80, 58, 6, 67, 61, 33, 7, 57, 34, 12, 16, 10, 22, 96, 88, 43, 81, 91, 2, 84, 29, 92, 19, 89, 55, 51, 46, 25, 75, 38, 72, 62, 0]|[2, 1, 2, 1, 1, 2, 1, 1, 1, 1, 1, 0, 2, 2, 1, 2, 0, 0, 0, 2, 2, 1, 0, 2, 0, 2, 2, 1, 0, 1, 1, 1, 0, 0, 1, 0, 2, 1, 2, 2, 0, 0, 1, 1, 0, 2, 0, 2, 1, 0, 2, 2, 0, 2, 2, 0, 1, 1, 0, 0, 2, 1, 1, 2, 2, 0, 2, 2, 2, 1, 2, 1, 1, 2, 0, 1, 1, 2, 1, 2, 0, 1, 1, 1, 1, 0, 0, 1, 0, 1, 1, 0, 1, 0, 1, 0, 0, 1, 1, 0]|[0, 3, 0, 3, 4, 1, 4, 4, 4, 4, 3, 2, 1, 0, 2, 1, 1, 1, 2, 1, 1, 3, 0, 1, 0, 1, 1, 4, 1, 4, 3, 2, 2, 0, 4, 1, 1, 4, 1, 1, 2, 1, 4, 4, 1, 1, 0, 1, 3, 2, 1, 1, 2, 1, 1, 2, 4, 3, 0, 2, 1, 3, 3, 1, 1, 2, 1, 1, 1, 4, 1, 3, 4, 1, 2, 4, 3, 1, 3, 1, 2, 4, 4, 4, 3, 2, 2, 3, 2, 4, 4, 2, 3, 2, 4, 2, 2, 4, 3, 2]|[0, 2, 0, 0, 3, 0, 1, 3, 1, 0, 2, 0, 1, 0, 1, 0, 0, 0, 1, 0, 0, 2, 0, 0, 1, 0, 0, 3, 0, 1, 0, 2, 0, 0, 3, 0, 1, 1, 0, 0, 0, 0, 1, 3, 0, 0, 1, 0, 2, 0, 0, 0, 0, 0, 1, 0, 1, 0, 1, 1, 0, 2, 0, 0, 0, 0, 0, 0, 0, 2, 0, 0, 1, 0, 0, 1, 0, 0, 3, 0, 0, 1, 2, 2, 0, 0, 0, 3, 0, 1, 1, 0, 0, 0, 3, 0, 0, 1, 0, 0],910.6016522559228,48441.78517559203,107030.90942221809,false
53,G3_TWC,G4_BALANCED,[31, 22, 42, 15, 26, 58, 95, 82, 77, 12, 47, 5, 93, 78, 98, 54, 85, 63, 18, 44, 20, 35, 43, 97, 91, 76, 10, 30, 21, 45, 71, 64, 1, 23, 17, 83, 24, 61, 60, 49, 6, 57, 94, 88, 65, 56, 79, 40, 67, 68, 46, 75, 38, 9, 19, 32, 81, 41, 27, 62, 87, 90, 99, 59, 53, 16, 72, 73, 70, 39, 37, 84, 3, 92, 25, 74, 28, 0, 51, 7, 11, 14, 86, 48, 89, 50, 66, 96, 33, 80, 4, 8, 55, 36, 29, 52, 13, 2, 69, 34]|[1, 1, 0, 1, 1, 1, 2, 1, 2, 1, 2, 2, 2, 1, 1, 0, 0, 1, 0, 2, 2, 0, 1, 2, 0, 1, 2, 2, 0, 0, 1, 2, 1, 0, 1, 0, 2, 0, 1, 1, 0, 1, 1, 1, 0, 2, 1, 1, 0, 0, 0, 0, 1, 1, 2, 1, 2, 0, 0, 0, 2, 1, 0, 1, 0, 1, 2, 1, 1, 1, 1, 1, 2, 0, 1, 2, 0, 0, 0, 1, 2, 1, 0, 0, 1, 0, 0, 2, 2, 0, 0, 1, 2, 0, 0, 1, 0, 0, 1, 2]|[4, 3, 2, 2, 0, 0, 2, 2, 2, 4, 1, 1, 2, 4, 4, 1, 1, 4, 2, 1, 1, 1, 1, 2, 1, 2, 1, 1, 1, 1, 3, 2, 3, 0, 4, 0, 1, 1, 0, 3, 2, 2, 4, 0, 1, 1, 3, 2, 0, 1, 2, 2, 1, 4, 0, 3, 2, 1, 1, 2, 1, 3, 1, 1, 2, 3, 0, 4, 3, 1, 4, 1, 1, 2, 4, 1, 2, 1, 1, 3, 1, 3, 1, 1, 1, 1, 1, 1, 1, 1, 2, 3, 1, 1, 2, 1, 2, 2, 3, 1]|[0, 2, 1, 1, 3, 3, 0, 1, 0, 0, 0, 0, 1, 0, 1, 0, 0, 3, 1, 0, 0, 0, 3, 1, 0, 2, 0, 0, 0, 1, 0, 0, 0, 0, 3, 0, 1, 0, 0, 2, 1, 1, 2, 0, 0, 0, 0, 1, 1, 0, 0, 0, 1, 3, 0, 0, 1, 0, 0, 1, 0, 2, 0, 1, 1, 2, 1, 0, 0, 1, 1, 3, 0, 1, 3, 0, 1, 0, 0, 2, 0, 0, 0, 0, 1, 0, 0, 0, 0, 0, 1, 2, 0, 1, 0, 1, 0, 0, 0, 0],787.7354273239397,57319.98389756265,87481.7179896983,true
53,G1_CMAX,G1_CMAX,[31, 22, 90, 26, 58, 95, 42, 12, 93, 5, 78, 86, 98, 18, 20, 35, 3, 97, 91, 76, 10, 85, 54, 45, 63, 71, 66, 1, 23, 17, 24, 60, 36, 6, 57, 15, 65, 56, 47, 79, 94, 67, 50, 46, 14, 75, 38, 9, 30, 19, 32, 81, 27, 92, 83, 87, 40, 99, 59, 11, 53, 16, 72, 77, 73, 70, 39, 37, 84, 43, 62, 25, 55, 28, 29, 51, 68, 82, 74, 61, 88, 21, 80, 89, 7, 69, 96, 41, 48, 4, 8, 34, 49, 52, 0, 44, 13, 2, 64, 33]|[1, 1, 1, 1, 0, 2, 1, 1, 2, 2, 2, 1, 0, 1, 2, 2, 1, 2, 0, 1, 2, 2, 2, 0, 0, 1, 2, 1, 2, 1, 2, 1, 1, 0, 1, 1, 0, 2, 2, 1, 1, 0, 0, 0, 0, 1, 1, 1, 1, 2, 1, 2, 2, 0, 0, 2, 1, 0, 0, 2, 0, 1, 2, 2, 1, 1, 1, 1, 1, 1, 0, 1, 1, 0, 0, 0, 0, 0, 2, 1, 1, 0, 0, 1, 1, 1, 2, 2, 0, 1, 1, 2, 0, 1, 0, 0, 0, 0, 2, 2]|[0, 4, 3, 0, 1, 1, 2, 4, 1, 1, 2, 4, 1, 4, 1, 1, 1, 2, 2, 2, 2, 1, 1, 1, 2, 3, 2, 3, 0, 4, 1, 0, 3, 2, 2, 2, 1, 1, 1, 0, 2, 0, 1, 2, 1, 3, 1, 4, 2, 0, 3, 2, 1, 2, 1, 1, 4, 1, 1, 1, 2, 3, 0, 2, 4, 3, 1, 4, 1, 1, 1, 4, 4, 2, 1, 1, 1, 2, 1, 3, 0, 1, 1, 1, 1, 3, 1, 1, 1, 4, 3, 1, 1, 1, 2, 2, 2, 2, 1, 1]|[3, 0, 2, 3, 0, 0, 1, 0, 0, 0, 1, 0, 0, 3, 0, 0, 1, 1, 1, 2, 1, 0, 0, 0, 0, 0, 0, 0, 0, 3, 1, 0, 2, 1, 1, 1, 0, 0, 0, 0, 1, 1, 0, 0, 0, 0, 1, 3, 2, 0, 0, 1, 0, 1, 0, 0, 2, 0, 0, 0, 1, 2, 1, 1, 0, 0, 1, 1, 3, 3, 0, 3, 3, 1, 0, 0, 0, 1, 0, 0, 0, 0, 0, 1, 2, 2, 0, 0, 0, 0, 2, 0, 1, 1, 0, 0, 0, 0, 0, 0],705.0470749739228,58445.79123614564,95781.2895945797,false
53,G4_BALANCED,G4_BALANCED,[31, 11, 82, 15, 26, 9, 95, 42, 77, 68, 47, 5, 93, 78, 86, 54, 85, 63, 18, 44, 20, 49, 36, 14, 74, 50, 53, 17, 21, 45, 71, 64, 3, 23, 30, 83, 24, 41, 60, 52, 65, 27, 90, 70, 39, 87, 48, 69, 99, 4, 46, 1, 13, 58, 97, 59, 28, 75, 73, 37, 35, 79, 22, 66, 76, 32, 40, 80, 96, 6, 61, 16, 7, 33, 57, 34, 12, 67, 10, 98, 56, 88, 29, 8, 91, 38, 19, 92, 43, 84, 51, 72, 81, 25, 94, 55, 0, 89, 2, 62]|[2, 1, 2, 1, 1, 2, 1, 1, 1, 1, 1, 0, 2, 2, 1, 2, 0, 0, 0, 2, 2, 1, 0, 2, 0, 2, 2, 1, 0, 1, 1, 1, 0, 0, 1, 0, 2, 1, 2, 2, 0, 0, 1, 1, 0, 2, 0, 2, 1, 0, 0, 2, 0, 0, 2, 0, 1, 1, 0, 0, 2, 1, 0, 2, 2, 0, 2, 2, 0, 1, 2, 2, 2, 1, 0, 1, 1, 1, 1, 2, 2, 1, 1, 0, 1, 0, 1, 0, 1, 0, 1, 1, 1, 1, 2, 0, 0, 1, 2, 1]|[0, 3, 0, 2, 4, 1, 4, 4, 2, 4, 3, 2, 1, 0, 2, 1, 1, 1, 2, 1, 1, 3, 0, 1, 0, 1, 1, 4, 1, 4, 3, 2, 2, 0, 4, 1, 1, 4, 0, 1, 2, 1, 4, 4, 1, 1, 0, 2, 3, 1, 2, 1, 2, 1, 1, 2, 4, 3, 0, 2, 2, 3, 1, 0, 1, 2, 0, 1, 2, 4, 1, 1, 1, 4, 2, 4, 3, 3, 3, 1, 1, 4, 3, 2, 3, 2, 4, 2, 4, 2, 3, 4, 1, 4, 1, 2, 2, 4, 1, 3]|[0, 2, 0, 1, 3, 0, 1, 3, 0, 0, 2, 0, 1, 0, 1, 0, 0, 0, 1, 0, 0, 2, 0, 0, 1, 0, 0, 3, 0, 1, 0, 2, 0, 1, 3, 0, 1, 3, 1, 0, 0, 0, 1, 3, 0, 0, 1, 0, 2, 0, 0, 0, 0, 0, 1, 0, 1, 0, 1, 1, 0, 2, 0, 0, 0, 0, 1, 0, 0, 2, 0, 0, 0, 1, 0, 1, 0, 0, 3, 0, 0, 1, 0, 0, 0, 0, 3, 0, 2, 0, 0, 2, 1, 3, 0, 0, 0, 1, 0, 0],843.8855010804491,52510.30755899072,105664.6447807653,false
53,G2_TEC,G2_TEC,[31, 94, 82, 15, 26, 9, 95, 42, 77, 68, 47, 5, 93, 78, 86, 54, 85, 63, 18, 44, 20, 49, 36, 14, 74, 50, 53, 17, 21, 28, 11, 64, 3, 23, 30, 83, 24, 41, 40, 52, 65, 27, 90, 70, 39, 87, 48, 69, 99, 4, 98, 1, 13, 56, 97, 59, 45, 8, 73, 37, 35, 79, 71, 66, 76, 32, 60, 80, 58, 6, 67, 61, 33, 7, 57, 34, 12, 16, 10, 22, 96, 88, 43, 81, 91, 2, 84, 29, 92, 19, 89, 55, 51, 46, 25, 75, 38, 72, 62, 0]|[2, 1, 2, 1, 1, 2, 1, 1, 1, 1, 1, 0, 2, 2, 1, 2, 0, 0, 0, 2, 2, 1, 0, 2, 0, 2, 2, 1, 0, 1, 1, 1, 0, 0, 1, 0, 2, 1, 2, 2, 0, 0, 1, 1, 0, 2, 0, 2, 1, 0, 2, 2, 0, 2, 2, 0, 1, 1, 0, 0, 2, 1, 1, 2, 2, 0, 2, 2, 2, 1, 2, 1, 1, 2, 0, 1, 1, 2, 1, 2, 0, 1, 1, 1, 1, 0, 0, 1, 0, 1, 1, 0, 1, 0, 1, 0, 0, 1, 1, 0]|[0, 3, 0, 3, 4, 1, 4, 4, 4, 4, 3, 2, 1, 0, 2, 1, 1, 1, 2, 1, 1, 3, 0, 1, 0, 1, 1, 4, 1, 4, 3, 2, 2, 0, 4, 1, 1, 4, 1, 1, 2, 1, 4, 4, 1, 1, 0, 1, 3, 2, 1, 1, 2, 1, 1, 2, 4, 3, 0, 2, 1, 3, 3, 1, 1, 2, 1, 1, 1, 4, 1, 3, 4, 1, 2, 4, 3, 1, 3, 1, 2, 4, 4, 4, 3, 2, 2, 3, 2, 4, 4, 2, 3, 2, 4, 2, 2, 4, 3, 2]|[0, 2, 0, 0, 3, 0, 1, 3, 1, 0, 2, 0, 1, 0, 1, 0, 0, 0, 1, 0, 0, 2, 0, 0, 1, 0, 0, 3, 0, 1, 0, 2, 0, 0, 3, 0, 1, 1, 0, 0, 0, 0, 1, 3, 0, 0, 1, 0, 2, 0, 0, 0, 0, 0, 1, 0, 1, 0, 1, 1, 0, 2, 0, 0, 0, 0, 0, 0, 0, 2, 0, 0, 1, 0, 0, 1, 0, 0, 3, 0, 0, 1, 2, 2, 0, 0, 0, 3, 0, 1, 1, 0, 0, 0, 3, 0, 0, 1, 0, 0],910.6016522559228,48441.78517559203,107030.90942221809,false
53,G3_TWC,G4_BALANCED,[31, 22, 42, 15, 26, 58, 95, 82, 77, 12, 47, 5, 93, 78, 98, 54, 85, 63, 18, 44, 20, 35, 43, 97, 91, 76, 10, 30, 21, 45, 71, 64, 1, 23, 17, 83, 24, 61, 60, 49, 6, 57, 94, 88, 65, 56, 79, 40, 67, 68, 46, 75, 38, 9, 19, 32, 81, 41, 27, 62, 87, 90, 99, 59, 53, 16, 72, 73, 70, 39, 37, 84, 3, 92, 25, 74, 28, 0, 51, 7, 11, 14, 86, 48, 89, 50, 66, 96, 33, 80, 4, 8, 55, 36, 29, 52, 13, 2, 69, 34]|[1, 1, 0, 1, 1, 1, 2, 1, 2, 1, 2, 2, 2, 1, 1, 0, 0, 1, 0, 2, 2, 0, 1, 2, 0, 1, 2, 2, 0, 0, 1, 2, 1, 0, 1, 0, 2, 0, 1, 1, 0, 1, 1, 1, 0, 2, 1, 1, 0, 0, 0, 0, 1, 1, 2, 1, 2, 0, 0, 0, 2, 1, 0, 1, 0, 1, 2, 1, 1, 1, 1, 1, 2, 0, 1, 2, 0, 0, 0, 1, 2, 1, 0, 0, 1, 0, 0, 2, 2, 0, 0, 1, 2, 0, 0, 1, 0, 0, 1, 2]|[4, 3, 2, 2, 0, 0, 2, 2, 2, 4, 1, 1, 2, 4, 4, 1, 1, 4, 2, 1, 1, 1, 1, 2, 1, 2, 1, 1, 1, 1, 3, 2, 3, 0, 4, 0, 1, 1, 0, 3, 2, 2, 4, 0, 1, 1, 3, 2, 0, 1, 2, 2, 1, 4, 0, 3, 2, 1, 1, 2, 1, 3, 1, 1, 2, 3, 0, 4, 3, 1, 4, 1, 1, 2, 4, 1, 2, 1, 1, 3, 1, 3, 1, 1, 1, 1, 1, 1, 1, 1, 2, 3, 1, 1, 2, 1, 2, 2, 3, 1]|[0, 2, 1, 1, 3, 3, 0, 1, 0, 0, 0, 0, 1, 0, 1, 0, 0, 3, 1, 0, 0, 0, 3, 1, 0, 2, 0, 0, 0, 1, 0, 0, 0, 0, 3, 0, 1, 0, 0, 2, 1, 1, 2, 0, 0, 0, 0, 1, 1, 0, 0, 0, 1, 3, 0, 0, 1, 0, 0, 1, 0, 2, 0, 1, 1, 2, 1, 0, 0, 1, 1, 3, 0, 1, 3, 0, 1, 0, 0, 2, 0, 0, 0, 0, 1, 0, 0, 0, 0, 0, 1, 2, 0, 1, 0, 1, 0, 0, 0, 0],787.7354273239397,57319.98389756265,87481.7179896983,true
53,G1_CMAX,G4_BALANCED,[31, 22, 82, 15, 26, 58, 95, 42, 77, 12, 47, 5, 93, 78, 86, 54, 85, 63, 18, 44, 20, 35, 43, 97, 66, 76, 10, 30, 21, 45, 71, 64, 1, 23, 17, 83, 24, 14, 60, 36, 6, 57, 40, 88, 65, 56, 79, 94, 67, 68, 46, 29, 38, 9, 19, 32, 81, 41, 27, 87, 90, 62, 99, 59, 11, 16, 72, 73, 70, 39, 37, 84, 3, 92, 25, 55, 28, 75, 51, 7, 91, 61, 98, 8, 89, 50, 33, 96, 49, 48, 80, 4, 34, 53, 52, 0, 13, 2, 69, 74]|[1, 1, 0, 1, 1, 0, 1, 2, 2, 1, 2, 2, 2, 1, 1, 0, 0, 1, 0, 2, 2, 0, 1, 2, 0, 1, 2, 2, 0, 0, 1, 2, 1, 2, 1, 0, 2, 0, 1, 1, 0, 1, 1, 1, 0, 2, 1, 1, 0, 0, 0, 0, 1, 1, 2, 1, 2, 0, 0, 2, 1, 0, 0, 2, 2, 1, 2, 1, 1, 1, 1, 1, 1, 0, 1, 2, 0, 0, 0, 1, 2, 1, 1, 1, 1, 0, 2, 2, 0, 0, 0, 1, 2, 0, 1, 0, 0, 0, 1, 2]|[4, 3, 2, 2, 4, 1, 2, 2, 2, 4, 1, 1, 2, 4, 4, 1, 1, 4, 2, 1, 1, 1, 1, 2, 1, 2, 1, 1, 1, 1, 3, 1, 3, 1, 4, 0, 1, 1, 0, 3, 2, 2, 2, 0, 1, 1, 0, 4, 0, 1, 2, 1, 1, 4, 0, 3, 2, 1, 1, 1, 3, 2, 1, 1, 1, 3, 1, 4, 3, 1, 4, 1, 1, 0, 4, 1, 2, 2, 1, 1, 1, 3, 4, 3, 1, 1, 1, 1, 1, 1, 1, 4, 1, 2, 1, 2, 2, 2, 4, 1]|[0, 2, 1, 1, 3, 0, 1, 0, 0, 0, 0, 0, 1, 0, 1, 0, 0, 3, 1, 0, 0, 0, 3, 1, 0, 2, 0, 0, 0, 0, 0, 0, 0, 0, 3, 0, 1, 0, 0, 2, 1, 1, 1, 0, 0, 0, 0, 2, 1, 0, 0, 0, 1, 3, 0, 0, 1, 0, 0, 0, 2, 1, 0, 0, 0, 2, 0, 0, 0, 1, 1, 3, 1, 1, 3, 0, 1, 0, 0, 2, 0, 0, 1, 2, 1, 0, 0, 0, 1, 0, 0, 0, 0, 1, 1, 0, 0, 0, 2, 0],820.9533813903317,55075.289204387875,98896.49816512917,true
53,G4_BALANCED,G4_BALANCED,[31, 11, 82, 15, 26, 9, 95, 42, 77, 68, 47, 5, 93, 78, 86, 54, 85, 63, 18, 44, 20, 49, 36, 14, 74, 50, 53, 17, 21, 45, 71, 64, 3, 23, 30, 83, 24, 41, 60, 52, 65, 27, 90, 70, 39, 87, 48, 69, 99, 4, 46, 1, 13, 58, 97, 59, 28, 75, 73, 37, 35, 79, 22, 66, 76, 32, 40, 80, 96, 6, 61, 16, 7, 33, 57, 34, 12, 67, 10, 98, 56, 88, 29, 8, 91, 38, 19, 92, 43, 84, 51, 72, 81, 25, 94, 55, 0, 89, 2, 62]|[2, 1, 2, 1, 1, 2, 1, 1, 1, 1, 1, 0, 2, 2, 1, 2, 0, 0, 0, 2, 2, 1, 0, 2, 0, 2, 2, 1, 0, 1, 1, 1, 0, 0, 1, 0, 2, 1, 2, 2, 0, 0, 1, 1, 0, 2, 0, 2, 1, 0, 0, 2, 0, 0, 2, 0, 1, 1, 0, 0, 2, 1, 0, 2, 2, 0, 2, 2, 0, 1, 2, 2, 2, 1, 0, 1, 1, 1, 1, 2, 2, 1, 1, 0, 1, 0, 1, 0, 1, 0, 1, 1, 1, 1, 2, 0, 0, 1, 2, 1]|[0, 3, 0, 2, 4, 1, 4, 4, 2, 4, 3, 2, 1, 0, 2, 1, 1, 1, 2, 1, 1, 3, 0, 1, 0, 1, 1, 4, 1, 4, 3, 2, 2, 0, 4, 1, 1, 4, 0, 1, 2, 1, 4, 4, 1, 1, 0, 2, 3, 1, 2, 1, 2, 1, 1, 2, 4, 3, 0, 2, 2, 3, 1, 0, 1, 2, 0, 1, 2, 4, 1, 1, 1, 4, 2, 4, 3, 3, 3, 1, 1, 4, 3, 2, 3, 2, 4, 2, 4, 2, 3, 4, 1, 4, 1, 2, 2, 4, 1, 3]|[0, 2, 0, 1, 3, 0, 1, 3, 0, 0, 2, 0, 1, 0, 1, 0, 0, 0, 1, 0, 0, 2, 0, 0, 1, 0, 0, 3, 0, 1, 0, 2, 0, 1, 3, 0, 1, 3, 1, 0, 0, 0, 1, 3, 0, 0, 1, 0, 2, 0, 0, 0, 0, 0, 1, 0, 1, 0, 1, 1, 0, 2, 0, 0, 0, 0, 1, 0, 0, 2, 0, 0, 0, 1, 0, 1, 0, 0, 3, 0, 0, 1, 0, 0, 0, 0, 3, 0, 2, 0, 0, 2, 1, 3, 0, 0, 0, 1, 0, 0],843.8855010804491,52510.30755899072,105664.6447807653,false
53,G2_TEC,G2_TEC,[31, 94, 82, 15, 26, 9, 95, 42, 77, 68, 47, 5, 93, 78, 86, 54, 85, 63, 18, 44, 20, 49, 36, 14, 74, 50, 53, 17, 21, 28, 11, 64, 3, 23, 30, 83, 24, 41, 40, 52, 65, 27, 90, 70, 39, 87, 48, 69, 99, 4, 98, 1, 13, 56, 97, 59, 45, 8, 73, 37, 35, 79, 71, 66, 76, 32, 60, 80, 58, 6, 67, 61, 33, 7, 57, 34, 12, 16, 10, 22, 96, 88, 43, 81, 91, 2, 84, 29, 92, 19, 89, 55, 51, 46, 25, 75, 38, 72, 62, 0]|[2, 1, 2, 1, 1, 2, 1, 1, 1, 1, 1, 0, 2, 2, 1, 2, 0, 0, 0, 2, 2, 1, 0, 2, 0, 2, 2, 1, 0, 1, 1, 1, 0, 0, 1, 0, 2, 1, 2, 2, 0, 0, 1, 1, 0, 2, 0, 2, 1, 0, 2, 2, 0, 2, 2, 0, 1, 1, 0, 0, 2, 1, 1, 2, 2, 0, 2, 2, 2, 1, 2, 1, 1, 2, 0, 1, 1, 2, 1, 2, 0, 1, 1, 1, 1, 0, 0, 1, 0, 1, 1, 0, 1, 0, 1, 0, 0, 1, 1, 0]|[0, 3, 0, 3, 4, 1, 4, 4, 4, 4, 3, 2, 1, 0, 2, 1, 1, 1, 2, 1, 1, 3, 0, 1, 0, 1, 1, 4, 1, 4, 3, 2, 2, 0, 4, 1, 1, 4, 1, 1, 2, 1, 4, 4, 1, 1, 0, 1, 3, 2, 1, 1, 2, 1, 1, 2, 4, 3, 0, 2, 1, 3, 3, 1, 1, 2, 1, 1, 1, 4, 1, 3, 4, 1, 2, 4, 3, 1, 3, 1, 2, 4, 4, 4, 3, 2, 2, 3, 2, 4, 4, 2, 3, 2, 4, 2, 2, 4, 3, 2]|[0, 2, 0, 0, 3, 0, 1, 3, 1, 0, 2, 0, 1, 0, 1, 0, 0, 0, 1, 0, 0, 2, 0, 0, 1, 0, 0, 3, 0, 1, 0, 2, 0, 0, 3, 0, 1, 1, 0, 0, 0, 0, 1, 3, 0, 0, 1, 0, 2, 0, 0, 0, 0, 0, 1, 0, 1, 0, 1, 1, 0, 2, 0, 0, 0, 0, 0, 0, 0, 2, 0, 0, 1, 0, 0, 1, 0, 0, 3, 0, 0, 1, 2, 2, 0, 0, 0, 3, 0, 1, 1, 0, 0, 0, 3, 0, 0, 1, 0, 0],910.6016522559228,48441.78517559203,107030.90942221809,false
53,G3_TWC,G4_BALANCED,[31, 22, 42, 15, 26, 58, 95, 82, 77, 12, 47, 5, 93, 78, 98, 54, 85, 63, 18, 44, 20, 35, 43, 97, 91, 76, 10, 30, 21, 45, 71, 64, 1, 23, 17, 83, 24, 61, 60, 49, 6, 57, 94, 88, 65, 56, 79, 40, 67, 68, 46, 75, 38, 9, 19, 32, 81, 41, 27, 62, 87, 90, 99, 59, 53, 16, 72, 73, 70, 39, 37, 84, 3, 92, 25, 74, 28, 0, 51, 7, 11, 14, 86, 48, 89, 50, 66, 96, 33, 80, 4, 8, 55, 36, 29, 52, 13, 2, 69, 34]|[1, 1, 0, 1, 1, 1, 2, 1, 2, 1, 2, 2, 2, 1, 1, 0, 0, 1, 0, 2, 2, 0, 1, 2, 0, 1, 2, 2, 0, 0, 1, 2, 1, 0, 1, 0, 2, 0, 1, 1, 0, 1, 1, 1, 0, 2, 1, 1, 0, 0, 0, 0, 1, 1, 2, 1, 2, 0, 0, 0, 2, 1, 0, 1, 0, 1, 2, 1, 1, 1, 1, 1, 2, 0, 1, 2, 0, 0, 0, 1, 2, 1, 0, 0, 1, 0, 0, 2, 2, 0, 0, 1, 2, 0, 0, 1, 0, 0, 1, 2]|[4, 3, 2, 2, 0, 0, 2, 2, 2, 4, 1, 1, 2, 4, 4, 1, 1, 4, 2, 1, 1, 1, 1, 2, 1, 2, 1, 1, 1, 1, 3, 2, 3, 0, 4, 0, 1, 1, 0, 3, 2, 2, 4, 0, 1, 1, 3, 2, 0, 1, 2, 2, 1, 4, 0, 3, 2, 1, 1, 2, 1, 3, 1, 1, 2, 3, 0, 4, 3, 1, 4, 1, 1, 2, 4, 1, 2, 1, 1, 3, 1, 3, 1, 1, 1, 1, 1, 1, 1, 1, 2, 3, 1, 1, 2, 1, 2, 2, 3, 1]|[0, 2, 1, 1, 3, 3, 0, 1, 0, 0, 0, 0, 1, 0, 1, 0, 0, 3, 1, 0, 0, 0, 3, 1, 0, 2, 0, 0, 0, 1, 0, 0, 0, 0, 3, 0, 1, 0, 0, 2, 1, 1, 2, 0, 0, 0, 0, 1, 1, 0, 0, 0, 1, 3, 0, 0, 1, 0, 0, 1, 0, 2, 0, 1, 1, 2, 1, 0, 0, 1, 1, 3, 0, 1, 3, 0, 1, 0, 0, 2, 0, 0, 0, 0, 1, 0, 0, 0, 0, 0, 1, 2, 0, 1, 0, 1, 0, 0, 0, 0],787.7354273239397,57319.98389756265,87481.7179896983,true
53,G1_CMAX,G4_BALANCED,[31, 22, 42, 15, 26, 58, 95, 82, 77, 12, 47, 5, 93, 78, 98, 54, 85, 63, 18, 44, 20, 35, 43, 97, 91, 76, 10, 30, 21, 45, 71, 64, 1, 23, 17, 83, 24, 61, 60, 49, 6, 57, 94, 88, 65, 56, 79, 40, 67, 68, 46, 75, 38, 9, 19, 32, 81, 41, 27, 62, 87, 90, 99, 59, 11, 16, 72, 73, 70, 39, 37, 84, 3, 92, 25, 74, 28, 29, 51, 7, 53, 14, 86, 66, 89, 50, 48, 96, 33, 80, 4, 8, 0, 36, 55, 52, 13, 2, 69, 34]|[1, 1, 0, 1, 1, 1, 2, 1, 2, 1, 2, 2, 2, 1, 1, 0, 0, 1, 0, 2, 2, 0, 1, 2, 0, 1, 2, 2, 0, 0, 1, 2, 1, 0, 1, 0, 2, 0, 1, 1, 0, 1, 1, 1, 0, 2, 1, 1, 0, 0, 0, 0, 1, 1, 2, 1, 2, 0, 0, 0, 2, 1, 0, 1, 0, 1, 2, 1, 1, 1, 1, 1, 2, 0, 1, 2, 0, 0, 0, 1, 0, 1, 0, 2, 1, 0, 0, 2, 2, 0, 1, 1, 0, 0, 1, 1, 0, 0, 1, 2]|[4, 3, 2, 2, 0, 0, 2, 2, 2, 4, 1, 1, 2, 4, 4, 1, 1, 4, 2, 1, 1, 1, 1, 2, 1, 2, 1, 1, 1, 1, 3, 2, 3, 0, 4, 0, 1, 1, 0, 3, 2, 2, 4, 0, 1, 1, 0, 2, 0, 1, 2, 2, 1, 4, 0, 3, 2, 1, 1, 2, 1, 3, 1, 1, 2, 3, 0, 4, 3, 1, 4, 1, 1, 2, 4, 1, 2, 1, 1, 3, 2, 3, 1, 1, 1, 1, 1, 1, 1, 1, 4, 3, 2, 1, 4, 1, 2, 2, 4, 1]|[0, 2, 1, 1, 3, 3, 0, 1, 0, 0, 0, 0, 1, 0, 1, 0, 0, 3, 1, 0, 0, 0, 3, 1, 0, 2, 0, 0, 0, 1, 0, 0, 0, 0, 3, 0, 1, 0, 0, 2, 1, 1, 2, 0, 0, 0, 0, 1, 1, 0, 0, 0, 1, 3, 0, 0, 1, 0, 0, 1, 0, 2, 0, 1, 1, 2, 1, 0, 0, 1, 1, 3, 0, 1, 3, 0, 1, 0, 0, 2, 1, 0, 0, 0, 1, 0, 0, 0, 0, 0, 0, 2, 0, 1, 3, 1, 0, 0, 2, 0],776.3138648866588,57422.85622440017,88598.29089731022,true
53,G4_BALANCED,G4_BALANCED,[31, 11, 82, 15, 26, 9, 95, 42, 77, 68, 47, 5, 93, 78, 86, 54, 85, 63, 18, 44, 20, 49, 36, 14, 74, 50, 53, 17, 21, 45, 71, 64, 3, 23, 30, 83, 24, 41, 60, 52, 65, 27, 90, 70, 39, 87, 48, 69, 99, 4, 46, 1, 13, 58, 97, 59, 28, 75, 73, 37, 35, 79, 22, 66, 76, 32, 40, 80, 96, 6, 61, 16, 7, 33, 57, 34, 12, 67, 10, 98, 56, 88, 29, 8, 91, 38, 19, 92, 43, 84, 51, 72, 81, 25, 94, 55, 0, 89, 2, 62]|[2, 1, 2, 1, 1, 2, 1, 1, 1, 1, 1, 0, 2, 2, 1, 2, 0, 0, 0, 2, 2, 1, 0, 2, 0, 2, 2, 1, 0, 1, 1, 1, 0, 0, 1, 0, 2, 1, 2, 2, 0, 0, 1, 1, 0, 2, 0, 2, 1, 0, 0, 2, 0, 0, 2, 0, 1, 1, 0, 0, 2, 1, 0, 2, 2, 0, 2, 2, 0, 1, 2, 2, 2, 1, 0, 1, 1, 1, 1, 2, 2, 1, 1, 0, 1, 0, 1, 0, 1, 0, 1, 1, 1, 1, 2, 0, 0, 1, 2, 1]|[0, 3, 0, 2, 4, 1, 4, 4, 2, 4, 3, 2, 1, 0, 2, 1, 1, 1, 2, 1, 1, 3, 0, 1, 0, 1, 1, 4, 1, 4, 3, 2, 2, 0, 4, 1, 1, 4, 0, 1, 2, 1, 4, 4, 1, 1, 0, 2, 3, 1, 2, 1, 2, 1, 1, 2, 4, 3, 0, 2, 2, 3, 1, 0, 1, 2, 0, 1, 2, 4, 1, 1, 1, 4, 2, 4, 3, 3, 3, 1, 1, 4, 3, 2, 3, 2, 4, 2, 4, 2, 3, 4, 1, 4, 1, 2, 2, 4, 1, 3]|[0, 2, 0, 1, 3, 0, 1, 3, 0, 0, 2, 0, 1, 0, 1, 0, 0, 0, 1, 0, 0, 2, 0, 0, 1, 0, 0, 3, 0, 1, 0, 2, 0, 1, 3, 0, 1, 3, 1, 0, 0, 0, 1, 3, 0, 0, 1, 0, 2, 0, 0, 0, 0, 0, 1, 0, 1, 0, 1, 1, 0, 2, 0, 0, 0, 0, 1, 0, 0, 2, 0, 0, 0, 1, 0, 1, 0, 0, 3, 0, 0, 1, 0, 0, 0, 0, 3, 0, 2, 0, 0, 2, 1, 3, 0, 0, 0, 1, 0, 0],843.8855010804491,52510.30755899072,105664.6447807653,false
53,G2_TEC,G2_TEC,[31, 94, 82, 15, 26, 9, 95, 42, 77, 68, 47, 5, 93, 78, 86, 54, 85, 63, 18, 44, 20, 49, 36, 14, 74, 50, 53, 17, 21, 28, 11, 64, 3, 23, 30, 83, 24, 41, 40, 52, 65, 27, 90, 70, 39, 87, 48, 69, 99, 4, 98, 1, 13, 56, 97, 59, 45, 8, 73, 37, 35, 79, 71, 66, 76, 32, 60, 80, 58, 6, 67, 61, 33, 7, 57, 34, 12, 16, 10, 22, 96, 88, 43, 81, 91, 2, 84, 29, 92, 19, 89, 55, 51, 46, 25, 75, 38, 72, 62, 0]|[2, 1, 2, 1, 1, 2, 1, 1, 1, 1, 1, 0, 2, 2, 1, 2, 0, 0, 0, 2, 2, 1, 0, 2, 0, 2, 2, 1, 0, 1, 1, 1, 0, 0, 1, 0, 2, 1, 2, 2, 0, 0, 1, 1, 0, 2, 0, 2, 1, 0, 2, 2, 0, 2, 2, 0, 1, 1, 0, 0, 2, 1, 1, 2, 2, 0, 2, 2, 2, 1, 2, 1, 1, 2, 0, 1, 1, 2, 1, 2, 0, 1, 1, 1, 1, 0, 0, 1, 0, 1, 1, 0, 1, 0, 1, 0, 0, 1, 1, 0]|[0, 3, 0, 3, 4, 1, 4, 4, 4, 4, 3, 2, 1, 0, 2, 1, 1, 1, 2, 1, 1, 3, 0, 1, 0, 1, 1, 4, 1, 4, 3, 2, 2, 0, 4, 1, 1, 4, 1, 1, 2, 1, 4, 4, 1, 1, 0, 1, 3, 2, 1, 1, 2, 1, 1, 2, 4, 3, 0, 2, 1, 3, 3, 1, 1, 2, 1, 1, 1, 4, 1, 3, 4, 1, 2, 4, 3, 1, 3, 1, 2, 4, 4, 4, 3, 2, 2, 3, 2, 4, 4, 2, 3, 2, 4, 2, 2, 4, 3, 2]|[0, 2, 0, 0, 3, 0, 1, 3, 1, 0, 2, 0, 1, 0, 1, 0, 0, 0, 1, 0, 0, 2, 0, 0, 1, 0, 0, 3, 0, 1, 0, 2, 0, 0, 3, 0, 1, 1, 0, 0, 0, 0, 1, 3, 0, 0, 1, 0, 2, 0, 0, 0, 0, 0, 1, 0, 1, 0, 1, 1, 0, 2, 0, 0, 0, 0, 0, 0, 0, 2, 0, 0, 1, 0, 0, 1, 0, 0, 3, 0, 0, 1, 2, 2, 0, 0, 0, 3, 0, 1, 1, 0, 0, 0, 3, 0, 0, 1, 0, 0],910.6016522559228,48441.78517559203,107030.90942221809,false
53,G3_TWC,G4_BALANCED,[31, 22, 42, 15, 26, 58, 95, 82, 77, 12, 47, 5, 93, 78, 98, 54, 85, 63, 18, 44, 20, 35, 43, 97, 91, 76, 10, 30, 21, 45, 71, 64, 1, 23, 17, 83, 24, 61, 60, 49, 6, 57, 94, 88, 65, 56, 79, 40, 67, 68, 46, 75, 38, 9, 19, 32, 81, 41, 27, 62, 87, 90, 99, 59, 53, 16, 72, 73, 70, 39, 37, 84, 3, 92, 25, 74, 28, 0, 51, 7, 11, 14, 86, 48, 89, 50, 66, 96, 33, 80, 4, 8, 55, 36, 29, 52, 13, 2, 69, 34]|[1, 1, 0, 1, 1, 1, 2, 1, 2, 1, 2, 2, 2, 1, 1, 0, 0, 1, 0, 2, 2, 0, 1, 2, 0, 1, 2, 2, 0, 0, 1, 2, 1, 0, 1, 0, 2, 0, 1, 1, 0, 1, 1, 1, 0, 2, 1, 1, 0, 0, 0, 0, 1, 1, 2, 1, 2, 0, 0, 0, 2, 1, 0, 1, 0, 1, 2, 1, 1, 1, 1, 1, 2, 0, 1, 2, 0, 0, 0, 1, 2, 1, 0, 0, 1, 0, 0, 2, 2, 0, 0, 1, 2, 0, 0, 1, 0, 0, 1, 2]|[4, 3, 2, 2, 0, 0, 2, 2, 2, 4, 1, 1, 2, 4, 4, 1, 1, 4, 2, 1, 1, 1, 1, 2, 1, 2, 1, 1, 1, 1, 3, 2, 3, 0, 4, 0, 1, 1, 0, 3, 2, 2, 4, 0, 1, 1, 3, 2, 0, 1, 2, 2, 1, 4, 0, 3, 2, 1, 1, 2, 1, 3, 1, 1, 2, 3, 0, 4, 3, 1, 4, 1, 1, 2, 4, 1, 2, 1, 1, 3, 1, 3, 1, 1, 1, 1, 1, 1, 1, 1, 2, 3, 1, 1, 2, 1, 2, 2, 3, 1]|[0, 2, 1, 1, 3, 3, 0, 1, 0, 0, 0, 0, 1, 0, 1, 0, 0, 3, 1, 0, 0, 0, 3, 1, 0, 2, 0, 0, 0, 1, 0, 0, 0, 0, 3, 0, 1, 0, 0, 2, 1, 1, 2, 0, 0, 0, 0, 1, 1, 0, 0, 0, 1, 3, 0, 0, 1, 0, 0, 1, 0, 2, 0, 1, 1, 2, 1, 0, 0, 1, 1, 3, 0, 1, 3, 0, 1, 0, 0, 2, 0, 0, 0, 0, 1, 0, 0, 0, 0, 0, 1, 2, 0, 1, 0, 1, 0, 0, 0, 0],787.7354273239397,57319.98389756265,87481.7179896983,true
53,G1_CMAX,G4_BALANCED,[31, 22, 82, 15, 26, 58, 95, 42, 77, 12, 47, 5, 93, 78, 86, 54, 85, 63, 18, 72, 20, 35, 43, 97, 91, 76, 10, 30, 21, 45, 71, 64, 1, 23, 17, 83, 24, 14, 60, 36, 6, 57, 40, 88, 65, 56, 79, 94, 67, 41, 68, 75, 38, 9, 19, 32, 81, 55, 27, 62, 87, 90, 99, 59, 11, 16, 44, 73, 70, 39, 37, 84, 3, 92, 25, 46, 28, 29, 51, 7, 66, 61, 98, 48, 89, 50, 4, 96, 53, 80, 8, 33, 34, 2, 52, 13, 0, 69, 74, 49]|[1, 1, 0, 1, 1, 0, 1, 1, 2, 1, 2, 2, 2, 1, 1, 0, 0, 1, 0, 2, 2, 0, 1, 2, 0, 1, 2, 2, 0, 0, 1, 2, 1, 2, 1, 0, 2, 0, 1, 1, 0, 1, 1, 1, 0, 2, 1, 1, 0, 0, 0, 0, 1, 1, 2, 1, 2, 0, 0, 2, 2, 1, 1, 2, 2, 1, 2, 1, 1, 1, 1, 1, 1, 0, 1, 0, 0, 0, 0, 1, 2, 1, 2, 0, 1, 0, 1, 2, 0, 0, 1, 2, 2, 0, 1, 0, 0, 1, 2, 0]|[4, 3, 2, 2, 4, 1, 2, 3, 2, 4, 1, 1, 2, 4, 4, 1, 2, 4, 2, 1, 1, 1, 1, 2, 1, 2, 1, 1, 2, 1, 3, 2, 3, 1, 4, 0, 1, 1, 0, 3, 2, 2, 2, 0, 1, 1, 0, 4, 0, 1, 2, 2, 1, 4, 0, 3, 2, 1, 1, 1, 1, 3, 1, 1, 1, 3, 1, 4, 3, 1, 4, 1, 1, 0, 4, 2, 2, 1, 1, 1, 1, 3, 1, 1, 1, 1, 4, 1, 2, 1, 3, 1, 1, 2, 1, 2, 2, 4, 1, 1]|[0, 2, 1, 1, 3, 0, 1, 3, 0, 0, 0, 0, 1, 0, 1, 0, 0, 3, 1, 0, 0, 0, 3, 1, 0, 2, 0, 0, 0, 1, 0, 0, 0, 0, 3, 0, 1, 0, 0, 2, 1, 1, 1, 0, 0, 0, 0, 2, 1, 0, 0, 0, 1, 3, 0, 0, 1, 0, 0, 0, 0, 2, 1, 0, 0, 2, 0, 0, 0, 1, 1, 3, 1, 1, 3, 0, 1, 0, 0, 2, 0, 0, 0, 0, 1, 0, 0, 0, 1, 0, 2, 0, 0, 0, 1, 0, 0, 2, 0, 1],747.1438989226004,55733.55354576636,94625.20584372425,true
53,G4_BALANCED,G4_BALANCED,[31, 11, 82, 15, 26, 9, 95, 42, 77, 68, 47, 5, 93, 78, 86, 54, 85, 63, 18, 44, 20, 49, 36, 14, 74, 50, 53, 17, 21, 45, 71, 64, 3, 23, 30, 83, 24, 41, 60, 52, 65, 27, 90, 70, 39, 87, 48, 69, 99, 4, 46, 1, 13, 58, 97, 59, 28, 75, 73, 37, 35, 79, 22, 66, 76, 32, 40, 80, 96, 6, 61, 16, 7, 33, 57, 34, 12, 67, 10, 98, 56, 88, 29, 8, 91, 38, 19, 92, 43, 84, 51, 72, 81, 25, 94, 55, 0, 89, 2, 62]|[2, 1, 2, 1, 1, 2, 1, 1, 1, 1, 1, 0, 2, 2, 1, 2, 0, 0, 0, 2, 2, 1, 0, 2, 0, 2, 2, 1, 0, 1, 1, 1, 0, 0, 1, 0, 2, 1, 2, 2, 0, 0, 1, 1, 0, 2, 0, 2, 1, 0, 0, 2, 0, 0, 2, 0, 1, 1, 0, 0, 2, 1, 0, 2, 2, 0, 2, 2, 0, 1, 2, 2, 2, 1, 0, 1, 1, 1, 1, 2, 2, 1, 1, 0, 1, 0, 1, 0, 1, 0, 1, 1, 1, 1, 2, 0, 0, 1, 2, 1]|[0, 3, 0, 2, 4, 1, 4, 4, 2, 4, 3, 2, 1, 0, 2, 1, 1, 1, 2, 1, 1, 3, 0, 1, 0, 1, 1, 4, 1, 4, 3, 2, 2, 0, 4, 1, 1, 4, 0, 1, 2, 1, 4, 4, 1, 1, 0, 2, 3, 1, 2, 1, 2, 1, 1, 2, 4, 3, 0, 2, 2, 3, 1, 0, 1, 2, 0, 1, 2, 4, 1, 1, 1, 4, 2, 4, 3, 3, 3, 1, 1, 4, 3, 2, 3, 2, 4, 2, 4, 2, 3, 4, 1, 4, 1, 2, 2, 4, 1, 3]|[0, 2, 0, 1, 3, 0, 1, 3, 0, 0, 2, 0, 1, 0, 1, 0, 0, 0, 1, 0, 0, 2, 0, 0, 1, 0, 0, 3, 0, 1, 0, 2, 0, 1, 3, 0, 1, 3, 1, 0, 0, 0, 1, 3, 0, 0, 1, 0, 2, 0, 0, 0, 0, 0, 1, 0, 1, 0, 1, 1, 0, 2, 0, 0, 0, 0, 1, 0, 0, 2, 0, 0, 0, 1, 0, 1, 0, 0, 3, 0, 0, 1, 0, 0, 0, 0, 3, 0, 2, 0, 0, 2, 1, 3, 0, 0, 0, 1, 0, 0],843.8855010804491,52510.30755899072,105664.6447807653,false
53,G2_TEC,G2_TEC,[31, 94, 82, 15, 26, 9, 95, 42, 77, 68, 47, 5, 93, 78, 86, 54, 85, 63, 18, 44, 20, 49, 36, 14, 74, 50, 53, 17, 21, 28, 11, 64, 3, 23, 30, 83, 24, 41, 40, 52, 65, 27, 90, 70, 39, 87, 48, 69, 99, 4, 98, 1, 13, 56, 97, 59, 45, 8, 73, 37, 35, 79, 71, 66, 76, 32, 60, 80, 58, 6, 67, 61, 33, 7, 57, 34, 12, 16, 10, 22, 96, 88, 43, 81, 91, 2, 84, 29, 92, 19, 89, 55, 51, 46, 25, 75, 38, 72, 62, 0]|[2, 1, 2, 1, 1, 2, 1, 1, 1, 1, 1, 0, 2, 2, 1, 2, 0, 0, 0, 2, 2, 1, 0, 2, 0, 2, 2, 1, 0, 1, 1, 1, 0, 0, 1, 0, 2, 1, 2, 2, 0, 0, 1, 1, 0, 2, 0, 2, 1, 0, 2, 2, 0, 2, 2, 0, 1, 1, 0, 0, 2, 1, 1, 2, 2, 0, 2, 2, 2, 1, 2, 1, 1, 2, 0, 1, 1, 2, 1, 2, 0, 1, 1, 1, 1, 0, 0, 1, 0, 1, 1, 0, 1, 0, 1, 0, 0, 1, 1, 0]|[0, 3, 0, 3, 4, 1, 4, 4, 4, 4, 3, 2, 1, 0, 2, 1, 1, 1, 2, 1, 1, 3, 0, 1, 0, 1, 1, 4, 1, 4, 3, 2, 2, 0, 4, 1, 1, 4, 1, 1, 2, 1, 4, 4, 1, 1, 0, 1, 3, 2, 1, 1, 2, 1, 1, 2, 4, 3, 0, 2, 1, 3, 3, 1, 1, 2, 1, 1, 1, 4, 1, 3, 4, 1, 2, 4, 3, 1, 3, 1, 2, 4, 4, 4, 3, 2, 2, 3, 2, 4, 4, 2, 3, 2, 4, 2, 2, 4, 3, 2]|[0, 2, 0, 0, 3, 0, 1, 3, 1, 0, 2, 0, 1, 0, 1, 0, 0, 0, 1, 0, 0, 2, 0, 0, 1, 0, 0, 3, 0, 1, 0, 2, 0, 0, 3, 0, 1, 1, 0, 0, 0, 0, 1, 3, 0, 0, 1, 0, 2, 0, 0, 0, 0, 0, 1, 0, 1, 0, 1, 1, 0, 2, 0, 0, 0, 0, 0, 0, 0, 2, 0, 0, 1, 0, 0, 1, 0, 0, 3, 0, 0, 1, 2, 2, 0, 0, 0, 3, 0, 1, 1, 0, 0, 0, 3, 0, 0, 1, 0, 0],910.6016522559228,48441.78517559203,107030.90942221809,false
53,G3_TWC,G4_BALANCED,[31, 22, 42, 15, 26, 58, 95, 82, 77, 12, 47, 5, 93, 78, 98, 54, 85, 63, 18, 44, 20, 35, 43, 97, 91, 76, 10, 30, 21, 45, 71, 64, 1, 23, 17, 83, 24, 61, 60, 49, 6, 57, 94, 88, 65, 56, 79, 40, 67, 68, 46, 75, 38, 9, 19, 32, 81, 41, 27, 62, 87, 90, 99, 59, 53, 16, 72, 73, 70, 39, 37, 84, 3, 92, 25, 74, 28, 0, 51, 7, 11, 14, 86, 48, 89, 50, 66, 96, 33, 80, 4, 8, 55, 36, 29, 52, 13, 2, 69, 34]|[1, 1, 0, 1, 1, 1, 2, 1, 2, 1, 2, 2, 2, 1, 1, 0, 0, 1, 0, 2, 2, 0, 1, 2, 0, 1, 2, 2, 0, 0, 1, 2, 1, 0, 1, 0, 2, 0, 1, 1, 0, 1, 1, 1, 0, 2, 1, 1, 0, 0, 0, 0, 1, 1, 2, 1, 2, 0, 0, 0, 2, 1, 0, 1, 0, 1, 2, 1, 1, 1, 1, 1, 2, 0, 1, 2, 0, 0, 0, 1, 2, 1, 0, 0, 1, 0, 0, 2, 2, 0, 0, 1, 2, 0, 0, 1, 0, 0, 1, 2]|[4, 3, 2, 2, 0, 0, 2, 2, 2, 4, 1, 1, 2, 4, 4, 1, 1, 4, 2, 1, 1, 1, 1, 2, 1, 2, 1, 1, 1, 1, 3, 2, 3, 0, 4, 0, 1, 1, 0, 3, 2, 2, 4, 0, 1, 1, 3, 2, 0, 1, 2, 2, 1, 4, 0, 3, 2, 1, 1, 2, 1, 3, 1, 1, 2, 3, 0, 4, 3, 1, 4, 1, 1, 2, 4, 1, 2, 1, 1, 3, 1, 3, 1, 1, 1, 1, 1, 1, 1, 1, 2, 3, 1, 1, 2, 1, 2, 2, 3, 1]|[0, 2, 1, 1, 3, 3, 0, 1, 0, 0, 0, 0, 1, 0, 1, 0, 0, 3, 1, 0, 0, 0, 3, 1, 0, 2, 0, 0, 0, 1, 0, 0, 0, 0, 3, 0, 1, 0, 0, 2, 1, 1, 2, 0, 0, 0, 0, 1, 1, 0, 0, 0, 1, 3, 0, 0, 1, 0, 0, 1, 0, 2, 0, 1, 1, 2, 1, 0, 0, 1, 1, 3, 0, 1, 3, 0, 1, 0, 0, 2, 0, 0, 0, 0, 1, 0, 0, 0, 0, 0, 1, 2, 0, 1, 0, 1, 0, 0, 0, 0],787.7354273239397,57319.98389756265,87481.7179896983,true
53,G1_CMAX,G3_TWC,[31, 22, 42, 15, 26, 58, 95, 82, 77, 12, 47, 5, 93, 78, 98, 54, 85, 63, 18, 44, 20, 35, 43, 97, 91, 76, 10, 30, 21, 45, 71, 64, 1, 23, 17, 83, 24, 61, 60, 36, 6, 57, 40, 88, 65, 56, 79, 94, 67, 68, 46, 75, 38, 9, 19, 32, 81, 41, 27, 62, 87, 90, 99, 59, 11, 16, 72, 73, 70, 39, 37, 84, 3, 92, 25, 55, 28, 29, 51, 7, 33, 14, 86, 48, 89, 50, 4, 96, 53, 80, 66, 8, 34, 49, 52, 0, 13, 2, 69, 74]|[1, 1, 0, 1, 1, 1, 2, 1, 2, 1, 2, 2, 2, 1, 1, 0, 0, 1, 0, 2, 2, 0, 1, 2, 0, 1, 2, 2, 0, 0, 1, 2, 1, 2, 1, 0, 2, 0, 1, 1, 0, 1, 1, 1, 0, 2, 1, 1, 0, 0, 0, 0, 1, 1, 2, 1, 2, 0, 0, 0, 2, 1, 0, 1, 2, 1, 2, 1, 1, 1, 1, 1, 2, 0, 1, 1, 0, 0, 0, 1, 2, 1, 0, 0, 1, 0, 0, 0, 0, 0, 0, 1, 2, 0, 1, 0, 0, 0, 1, 2]|[4, 3, 2, 2, 0, 0, 2, 2, 2, 4, 1, 1, 2, 4, 4, 1, 1, 4, 2, 1, 1, 1, 1, 2, 1, 2, 1, 1, 1, 1, 3, 2, 3, 1, 4, 0, 1, 1, 0, 3, 2, 2, 2, 0, 1, 1, 0, 4, 0, 1, 2, 2, 1, 4, 0, 3, 2, 1, 1, 2, 1, 3, 1, 1, 1, 3, 0, 4, 3, 1, 4, 1, 1, 2, 4, 4, 2, 1, 1, 3, 1, 3, 1, 1, 1, 1, 2, 1, 2, 1, 1, 3, 1, 2, 1, 2, 2, 2, 3, 1]|[0, 2, 1, 1, 3, 3, 0, 1, 0, 0, 0, 0, 1, 0, 1, 0, 0, 3, 1, 0, 0, 0, 3, 1, 0, 2, 0, 0, 0, 1, 0, 0, 0, 0, 3, 0, 1, 0, 0, 2, 1, 1, 1, 0, 0, 0, 0, 2, 1, 0, 0, 0, 1, 3, 0, 0, 1, 0, 0, 1, 0, 2, 0, 1, 0, 2, 1, 0, 0, 1, 1, 3, 0, 1, 3, 3, 1, 0, 0, 2, 0, 0, 0, 0, 1, 0, 1, 0, 1, 0, 0, 2, 0, 1, 1, 0, 0, 0, 0, 0],839.3651923470007,57169.55283175843,88844.94793354647,true
53,G4_BALANCED,G4_BALANCED,[31, 11, 82, 15, 26, 9, 95, 42, 77, 68, 47, 5, 93, 78, 86, 54, 85, 63, 18, 44, 20, 49, 36, 14, 74, 50, 53, 17, 21, 45, 71, 64, 3, 23, 30, 83, 24, 41, 60, 52, 65, 27, 90, 70, 39, 87, 48, 69, 99, 4, 46, 1, 13, 58, 97, 59, 28, 75, 73, 37, 35, 79, 22, 66, 76, 32, 40, 80, 96, 6, 61, 16, 7, 33, 57, 34, 12, 67, 10, 98, 56, 88, 29, 8, 91, 38, 19, 92, 43, 84, 51, 72, 81, 25, 94, 55, 0, 89, 2, 62]|[2, 1, 2, 1, 1, 2, 1, 1, 1, 1, 1, 0, 2, 2, 1, 2, 0, 0, 0, 2, 2, 1, 0, 2, 0, 2, 2, 1, 0, 1, 1, 1, 0, 0, 1, 0, 2, 1, 2, 2, 0, 0, 1, 1, 0, 2, 0, 2, 1, 0, 0, 2, 0, 0, 2, 0, 1, 1, 0, 0, 2, 1, 0, 2, 2, 0, 2, 2, 0, 1, 2, 2, 2, 1, 0, 1, 1, 1, 1, 2, 2, 1, 1, 0, 1, 0, 1, 0, 1, 0, 1, 1, 1, 1, 2, 0, 0, 1, 2, 1]|[0, 3, 0, 2, 4, 1, 4, 4, 2, 4, 3, 2, 1, 0, 2, 1, 1, 1, 2, 1, 1, 3, 0, 1, 0, 1, 1, 4, 1, 4, 3, 2, 2, 0, 4, 1, 1, 4, 0, 1, 2, 1, 4, 4, 1, 1, 0, 2, 3, 1, 2, 1, 2, 1, 1, 2, 4, 3, 0, 2, 2, 3, 1, 0, 1, 2, 0, 1, 2, 4, 1, 1, 1, 4, 2, 4, 3, 3, 3, 1, 1, 4, 3, 2, 3, 2, 4, 2, 4, 2, 3, 4, 1, 4, 1, 2, 2, 4, 1, 3]|[0, 2, 0, 1, 3, 0, 1, 3, 0, 0, 2, 0, 1, 0, 1, 0, 0, 0, 1, 0, 0, 2, 0, 0, 1, 0, 0, 3, 0, 1, 0, 2, 0, 1, 3, 0, 1, 3, 1, 0, 0, 0, 1, 3, 0, 0, 1, 0, 2, 0, 0, 0, 0, 0, 1, 0, 1, 0, 1, 1, 0, 2, 0, 0, 0, 0, 1, 0, 0, 2, 0, 0, 0, 1, 0, 1, 0, 0, 3, 0, 0, 1, 0, 0, 0, 0, 3, 0, 2, 0, 0, 2, 1, 3, 0, 0, 0, 1, 0, 0],843.8855010804491,52510.30755899072,105664.6447807653,false
53,G2_TEC,G2_TEC,[31, 94, 82, 15, 26, 9, 95, 42, 77, 68, 47, 5, 93, 78, 86, 54, 85, 63, 18, 44, 20, 49, 36, 14, 74, 50, 53, 17, 21, 28, 11, 64, 3, 23, 30, 83, 24, 41, 40, 52, 65, 27, 90, 70, 39, 87, 48, 69, 99, 4, 98, 1, 13, 56, 97, 59, 45, 8, 73, 37, 35, 79, 71, 66, 76, 32, 60, 80, 58, 6, 67, 61, 33, 7, 57, 34, 12, 16, 10, 22, 96, 88, 43, 81, 91, 2, 84, 29, 92, 19, 89, 55, 51, 46, 25, 75, 38, 72, 62, 0]|[2, 1, 2, 1, 1, 2, 1, 1, 1, 1, 1, 0, 2, 2, 1, 2, 0, 0, 0, 2, 2, 1, 0, 2, 0, 2, 2, 1, 0, 1, 1, 1, 0, 0, 1, 0, 2, 1, 2, 2, 0, 0, 1, 1, 0, 2, 0, 2, 1, 0, 2, 2, 0, 2, 2, 0, 1, 1, 0, 0, 2, 1, 1, 2, 2, 0, 2, 2, 2, 1, 2, 1, 1, 2, 0, 1, 1, 2, 1, 2, 0, 1, 1, 1, 1, 0, 0, 1, 0, 1, 1, 0, 1, 0, 1, 0, 0, 1, 1, 0]|[0, 3, 0, 3, 4, 1, 4, 4, 4, 4, 3, 2, 1, 0, 2, 1, 1, 1, 2, 1, 1, 3, 0, 1, 0, 1, 1, 4, 1, 4, 3, 2, 2, 0, 4, 1, 1, 4, 1, 1, 2, 1, 4, 4, 1, 1, 0, 1, 3, 2, 1, 1, 2, 1, 1, 2, 4, 3, 0, 2, 1, 3, 3, 1, 1, 2, 1, 1, 1, 4, 1, 3, 4, 1, 2, 4, 3, 1, 3, 1, 2, 4, 4, 4, 3, 2, 2, 3, 2, 4, 4, 2, 3, 2, 4, 2, 2, 4, 3, 2]|[0, 2, 0, 0, 3, 0, 1, 3, 1, 0, 2, 0, 1, 0, 1, 0, 0, 0, 1, 0, 0, 2, 0, 0, 1, 0, 0, 3, 0, 1, 0, 2, 0, 0, 3, 0, 1, 1, 0, 0, 0, 0, 1, 3, 0, 0, 1, 0, 2, 0, 0, 0, 0, 0, 1, 0, 1, 0, 1, 1, 0, 2, 0, 0, 0, 0, 0, 0, 0, 2, 0, 0, 1, 0, 0, 1, 0, 0, 3, 0, 0, 1, 2, 2, 0, 0, 0, 3, 0, 1, 1, 0, 0, 0, 3, 0, 0, 1, 0, 0],910.6016522559228,48441.78517559203,107030.90942221809,false
53,G3_TWC,G4_BALANCED,[31, 22, 42, 15, 26, 58, 95, 82, 77, 12, 47, 5, 93, 78, 98, 54, 85, 63, 18, 44, 20, 35, 43, 97, 91, 76, 10, 30, 21, 45, 71, 64, 1, 23, 17, 83, 24, 61, 60, 49, 6, 57, 94, 88, 65, 56, 79, 40, 67, 68, 46, 75, 38, 9, 19, 32, 81, 41, 27, 62, 87, 90, 99, 59, 53, 16, 72, 73, 70, 39, 37, 84, 3, 92, 25, 74, 28, 0, 51, 7, 11, 14, 86, 48, 89, 50, 66, 96, 33, 80, 4, 8, 55, 36, 29, 52, 13, 2, 69, 34]|[1, 1, 0, 1, 1, 1, 2, 1, 2, 1, 2, 2, 2, 1, 1, 0, 0, 1, 0, 2, 2, 0, 1, 2, 0, 1, 2, 2, 0, 0, 1, 2, 1, 0, 1, 0, 2, 0, 1, 1, 0, 1, 1, 1, 0, 2, 1, 1, 0, 0, 0, 0, 1, 1, 2, 1, 2, 0, 0, 0, 2, 1, 0, 1, 0, 1, 2, 1, 1, 1, 1, 1, 2, 0, 1, 2, 0, 0, 0, 1, 2, 1, 0, 0, 1, 0, 0, 2, 2, 0, 0, 1, 2, 0, 0, 1, 0, 0, 1, 2]|[4, 3, 2, 2, 0, 0, 2, 2, 2, 4, 1, 1, 2, 4, 4, 1, 1, 4, 2, 1, 1, 1, 1, 2, 1, 2, 1, 1, 1, 1, 3, 2, 3, 0, 4, 0, 1, 1, 0, 3, 2, 2, 4, 0, 1, 1, 3, 2, 0, 1, 2, 2, 1, 4, 0, 3, 2, 1, 1, 2, 1, 3, 1, 1, 2, 3, 0, 4, 3, 1, 4, 1, 1, 2, 4, 1, 2, 1, 1, 3, 1, 3, 1, 1, 1, 1, 1, 1, 1, 1, 2, 3, 1, 1, 2, 1, 2, 2, 3, 1]|[0, 2, 1, 1, 3, 3, 0, 1, 0, 0, 0, 0, 1, 0, 1, 0, 0, 3, 1, 0, 0, 0, 3, 1, 0, 2, 0, 0, 0, 1, 0, 0, 0, 0, 3, 0, 1, 0, 0, 2, 1, 1, 2, 0, 0, 0, 0, 1, 1, 0, 0, 0, 1, 3, 0, 0, 1, 0, 0, 1, 0, 2, 0, 1, 1, 2, 1, 0, 0, 1, 1, 3, 0, 1, 3, 0, 1, 0, 0, 2, 0, 0, 0, 0, 1, 0, 0, 0, 0, 0, 1, 2, 0, 1, 0, 1, 0, 0, 0, 0],787.7354273239397,57319.98389756265,87481.7179896983,true
53,G1_CMAX,G4_BALANCED,[31, 22, 82, 15, 26, 58, 95, 42, 77, 12, 47, 5, 93, 78, 86, 54, 85, 63, 18, 44, 20, 35, 43, 97, 66, 76, 79, 30, 21, 45, 71, 64, 1, 23, 17, 83, 24, 14, 60, 36, 6, 57, 40, 88, 65, 56, 10, 94, 67, 68, 46, 75, 38, 9, 19, 32, 41, 81, 27, 62, 87, 90, 99, 59, 11, 16, 72, 73, 69, 39, 37, 84, 3, 92, 25, 55, 29, 28, 51, 7, 33, 61, 48, 98, 89, 8, 4, 96, 53, 80, 50, 91, 34, 2, 52, 0, 49, 70, 13, 74]|[1, 1, 0, 1, 1, 0, 1, 2, 2, 1, 2, 2, 2, 1, 1, 0, 0, 1, 0, 2, 2, 0, 1, 2, 2, 1, 2, 2, 0, 0, 1, 2, 1, 2, 1, 0, 2, 0, 1, 1, 0, 1, 1, 1, 0, 2, 2, 1, 0, 0, 0, 0, 1, 1, 2, 1, 0, 2, 0, 0, 2, 1, 0, 1, 2, 1, 2, 1, 1, 1, 1, 1, 1, 0, 1, 2, 0, 0, 0, 1, 2, 1, 0, 2, 1, 1, 1, 2, 0, 0, 0, 0, 2, 0, 1, 0, 0, 1, 0, 2]|[4, 3, 2, 2, 4, 1, 2, 2, 2, 4, 1, 1, 2, 4, 4, 1, 2, 4, 2, 1, 1, 1, 1, 2, 1, 2, 1, 1, 1, 1, 3, 1, 3, 1, 4, 0, 1, 1, 0, 3, 2, 2, 2, 0, 1, 1, 1, 4, 0, 1, 2, 2, 1, 4, 0, 3, 1, 1, 1, 2, 1, 3, 1, 1, 1, 3, 0, 4, 4, 1, 4, 1, 1, 0, 4, 1, 1, 2, 1, 1, 1, 3, 1, 1, 1, 3, 4, 1, 2, 1, 1, 1, 1, 2, 1, 2, 1, 3, 2, 1]|[0, 2, 1, 1, 3, 0, 1, 0, 0, 0, 0, 0, 1, 0, 1, 0, 0, 3, 1, 0, 0, 0, 3, 1, 0, 2, 0, 0, 0, 0, 0, 0, 0, 0, 3, 0, 1, 0, 0, 2, 1, 1, 1, 0, 0, 0, 0, 2, 1, 0, 0, 0, 1, 3, 0, 0, 0, 0, 0, 1, 0, 2, 0, 1, 0, 2, 1, 0, 2, 1, 1, 3, 1, 1, 3, 0, 0, 1, 0, 2, 0, 0, 0, 0, 1, 2, 0, 0, 1, 0, 0, 0, 0, 0, 1, 0, 1, 0, 0, 0],777.436160111927,55378.96358309585,98756.68483674081,true
53,G4_BALANCED,G4_BALANCED,[31, 11, 82, 15, 26, 9, 95, 42, 77, 68, 47, 5, 93, 78, 86, 54, 85, 63, 18, 44, 20, 49, 36, 14, 74, 50, 53, 17, 21, 45, 71, 64, 3, 23, 30, 83, 24, 41, 60, 52, 65, 27, 90, 70, 39, 87, 48, 69, 99, 4, 46, 1, 13, 58, 97, 59, 28, 75, 73, 37, 35, 79, 22, 66, 76, 32, 40, 80, 96, 6, 61, 16, 7, 33, 57, 34, 12, 67, 10, 98, 56, 88, 29, 8, 91, 38, 19, 92, 43, 84, 51, 72, 81, 25, 94, 55, 0, 89, 2, 62]|[2, 1, 2, 1, 1, 2, 1, 1, 1, 1, 1, 0, 2, 2, 1, 2, 0, 0, 0, 2, 2, 1, 0, 2, 0, 2, 2, 1, 0, 1, 1, 1, 0, 0, 1, 0, 2, 1, 2, 2, 0, 0, 1, 1, 0, 2, 0, 2, 1, 0, 0, 2, 0, 0, 2, 0, 1, 1, 0, 0, 2, 1, 0, 2, 2, 0, 2, 2, 0, 1, 2, 2, 2, 1, 0, 1, 1, 1, 1, 2, 2, 1, 1, 0, 1, 0, 1, 0, 1, 0, 1, 1, 1, 1, 2, 0, 0, 1, 2, 1]|[0, 3, 0, 2, 4, 1, 4, 4, 2, 4, 3, 2, 1, 0, 2, 1, 1, 1, 2, 1, 1, 3, 0, 1, 0, 1, 1, 4, 1, 4, 3, 2, 2, 0, 4, 1, 1, 4, 0, 1, 2, 1, 4, 4, 1, 1, 0, 2, 3, 1, 2, 1, 2, 1, 1, 2, 4, 3, 0, 2, 2, 3, 1, 0, 1, 2, 0, 1, 2, 4, 1, 1, 1, 4, 2, 4, 3, 3, 3, 1, 1, 4, 3, 2, 3, 2, 4, 2, 4, 2, 3, 4, 1, 4, 1, 2, 2, 4, 1, 3]|[0, 2, 0, 1, 3, 0, 1, 3, 0, 0, 2, 0, 1, 0, 1, 0, 0, 0, 1, 0, 0, 2, 0, 0, 1, 0, 0, 3, 0, 1, 0, 2, 0, 1, 3, 0, 1, 3, 1, 0, 0, 0, 1, 3, 0, 0, 1, 0, 2, 0, 0, 0, 0, 0, 1, 0, 1, 0, 1, 1, 0, 2, 0, 0, 0, 0, 1, 0, 0, 2, 0, 0, 0, 1, 0, 1, 0, 0, 3, 0, 0, 1, 0, 0, 0, 0, 3, 0, 2, 0, 0, 2, 1, 3, 0, 0, 0, 1, 0, 0],843.8855010804491,52510.30755899072,105664.6447807653,false
53,G2_TEC,G2_TEC,[31, 94, 82, 15, 26, 9, 95, 42, 77, 68, 47, 5, 93, 78, 86, 54, 85, 63, 18, 44, 20, 49, 36, 14, 74, 50, 53, 17, 21, 28, 11, 64, 3, 23, 30, 83, 24, 41, 40, 52, 65, 27, 90, 70, 39, 87, 48, 69, 99, 4, 98, 1, 13, 56, 97, 59, 45, 8, 73, 37, 35, 79, 71, 66, 76, 32, 60, 80, 58, 6, 67, 61, 33, 7, 57, 34, 12, 16, 10, 22, 96, 88, 43, 81, 91, 2, 84, 29, 92, 19, 89, 55, 51, 46, 25, 75, 38, 72, 62, 0]|[2, 1, 2, 1, 1, 2, 1, 1, 1, 1, 1, 0, 2, 2, 1, 2, 0, 0, 0, 2, 2, 1, 0, 2, 0, 2, 2, 1, 0, 1, 1, 1, 0, 0, 1, 0, 2, 1, 2, 2, 0, 0, 1, 1, 0, 2, 0, 2, 1, 0, 2, 2, 0, 2, 2, 0, 1, 1, 0, 0, 2, 1, 1, 2, 2, 0, 2, 2, 2, 1, 2, 1, 1, 2, 0, 1, 1, 2, 1, 2, 0, 1, 1, 1, 1, 0, 0, 1, 0, 1, 1, 0, 1, 0, 1, 0, 0, 1, 1, 0]|[0, 3, 0, 3, 4, 1, 4, 4, 4, 4, 3, 2, 1, 0, 2, 1, 1, 1, 2, 1, 1, 3, 0, 1, 0, 1, 1, 4, 1, 4, 3, 2, 2, 0, 4, 1, 1, 4, 1, 1, 2, 1, 4, 4, 1, 1, 0, 1, 3, 2, 1, 1, 2, 1, 1, 2, 4, 3, 0, 2, 1, 3, 3, 1, 1, 2, 1, 1, 1, 4, 1, 3, 4, 1, 2, 4, 3, 1, 3, 1, 2, 4, 4, 4, 3, 2, 2, 3, 2, 4, 4, 2, 3, 2, 4, 2, 2, 4, 3, 2]|[0, 2, 0, 0, 3, 0, 1, 3, 1, 0, 2, 0, 1, 0, 1, 0, 0, 0, 1, 0, 0, 2, 0, 0, 1, 0, 0, 3, 0, 1, 0, 2, 0, 0, 3, 0, 1, 1, 0, 0, 0, 0, 1, 3, 0, 0, 1, 0, 2, 0, 0, 0, 0, 0, 1, 0, 1, 0, 1, 1, 0, 2, 0, 0, 0, 0, 0, 0, 0, 2, 0, 0, 1, 0, 0, 1, 0, 0, 3, 0, 0, 1, 2, 2, 0, 0, 0, 3, 0, 1, 1, 0, 0, 0, 3, 0, 0, 1, 0, 0],910.6016522559228,48441.78517559203,107030.90942221809,false
53,G3_TWC,G4_BALANCED,[31, 22, 42, 15, 26, 58, 95, 82, 77, 12, 47, 5, 93, 78, 98, 54, 85, 63, 18, 44, 20, 35, 43, 97, 91, 76, 10, 30, 21, 45, 71, 64, 1, 23, 17, 83, 24, 61, 60, 49, 6, 57, 94, 88, 65, 56, 79, 40, 67, 68, 46, 75, 38, 9, 19, 32, 81, 41, 27, 62, 87, 90, 99, 59, 53, 16, 72, 73, 70, 39, 37, 84, 3, 92, 25, 74, 28, 0, 51, 7, 11, 14, 86, 48, 89, 50, 66, 96, 33, 80, 4, 8, 55, 36, 29, 52, 13, 2, 69, 34]|[1, 1, 0, 1, 1, 1, 2, 1, 2, 1, 2, 2, 2, 1, 1, 0, 0, 1, 0, 2, 2, 0, 1, 2, 0, 1, 2, 2, 0, 0, 1, 2, 1, 0, 1, 0, 2, 0, 1, 1, 0, 1, 1, 1, 0, 2, 1, 1, 0, 0, 0, 0, 1, 1, 2, 1, 2, 0, 0, 0, 2, 1, 0, 1, 0, 1, 2, 1, 1, 1, 1, 1, 2, 0, 1, 2, 0, 0, 0, 1, 2, 1, 0, 0, 1, 0, 0, 2, 2, 0, 0, 1, 2, 0, 0, 1, 0, 0, 1, 2]|[4, 3, 2, 2, 0, 0, 2, 2, 2, 4, 1, 1, 2, 4, 4, 1, 1, 4, 2, 1, 1, 1, 1, 2, 1, 2, 1, 1, 1, 1, 3, 2, 3, 0, 4, 0, 1, 1, 0, 3, 2, 2, 4, 0, 1, 1, 3, 2, 0, 1, 2, 2, 1, 4, 0, 3, 2, 1, 1, 2, 1, 3, 1, 1, 2, 3, 0, 4, 3, 1, 4, 1, 1, 2, 4, 1, 2, 1, 1, 3, 1, 3, 1, 1, 1, 1, 1, 1, 1, 1, 2, 3, 1, 1, 2, 1, 2, 2, 3, 1]|[0, 2, 1, 1, 3, 3, 0, 1, 0, 0, 0, 0, 1, 0, 1, 0, 0, 3, 1, 0, 0, 0, 3, 1, 0, 2, 0, 0, 0, 1, 0, 0, 0, 0, 3, 0, 1, 0, 0, 2, 1, 1, 2, 0, 0, 0, 0, 1, 1, 0, 0, 0, 1, 3, 0, 0, 1, 0, 0, 1, 0, 2, 0, 1, 1, 2, 1, 0, 0, 1, 1, 3, 0, 1, 3, 0, 1, 0, 0, 2, 0, 0, 0, 0, 1, 0, 0, 0, 0, 0, 1, 2, 0, 1, 0, 1, 0, 0, 0, 0],787.7354273239397,57319.98389756265,87481.7179896983,true
53,G1_CMAX,G4_BALANCED,[31, 22, 82, 15, 26, 58, 95, 42, 77, 12, 47, 5, 30, 78, 86, 54, 85, 63, 18, 44, 20, 35, 43, 97, 91, 76, 10, 93, 21, 45, 71, 64, 1, 23, 17, 83, 24, 14, 60, 36, 6, 57, 40, 88, 65, 56, 79, 94, 67, 68, 46, 75, 38, 9, 19, 32, 81, 41, 27, 62, 90, 99, 59, 87, 11, 66, 73, 70, 39, 37, 84, 3, 72, 92, 25, 55, 28, 29, 51, 7, 16, 61, 98, 48, 89, 50, 4, 96, 53, 80, 8, 33, 34, 49, 52, 0, 13, 2, 69, 74]|[1, 1, 0, 1, 1, 0, 1, 2, 2, 1, 2, 2, 2, 1, 1, 0, 0, 1, 0, 2, 2, 0, 0, 2, 0, 1, 2, 2, 0, 0, 1, 2, 1, 2, 1, 0, 2, 0, 1, 1, 0, 1, 1, 1, 0, 2, 1, 1, 0, 0, 0, 0, 1, 1, 2, 1, 2, 0, 0, 2, 1, 0, 1, 2, 2, 2, 1, 1, 1, 1, 1, 1, 2, 0, 1, 1, 0, 0, 0, 1, 2, 1, 2, 0, 1, 0, 1, 2, 0, 0, 0, 2, 2, 0, 1, 0, 0, 0, 1, 2]|[4, 3, 2, 2, 4, 1, 2, 2, 2, 4, 1, 1, 2, 4, 4, 1, 2, 4, 2, 1, 1, 1, 1, 2, 1, 2, 1, 1, 2, 1, 3, 2, 3, 1, 4, 0, 1, 1, 0, 3, 2, 2, 2, 0, 1, 1, 0, 4, 0, 1, 2, 2, 1, 4, 0, 3, 2, 1, 1, 1, 3, 1, 1, 1, 1, 1, 4, 3, 1, 4, 1, 1, 1, 0, 4, 4, 2, 2, 1, 1, 1, 3, 1, 1, 1, 1, 4, 1, 2, 1, 1, 1, 1, 1, 1, 2, 2, 2, 4, 1]|[0, 2, 1, 1, 3, 0, 1, 0, 0, 0, 0, 0, 1, 0, 1, 0, 0, 3, 1, 0, 0, 0, 0, 1, 0, 2, 0, 0, 0, 1, 0, 0, 0, 0, 3, 0, 1, 0, 0, 2, 1, 1, 1, 0, 0, 0, 0, 2, 1, 0, 0, 0, 1, 3, 0, 0, 1, 0, 0, 0, 2, 0, 1, 0, 0, 0, 0, 0, 1, 1, 3, 1, 0, 1, 3, 3, 1, 0, 0, 2, 0, 0, 0, 0, 1, 0, 0, 0, 1, 0, 0, 0, 0, 1, 1, 0, 0, 0, 2, 0],780.1204793587376,55381.14930119356,97957.80477469892,true
53,G4_BALANCED,G4_BALANCED,[31, 11, 82, 15, 26, 9, 95, 42, 77, 68, 47, 5, 93, 78, 86, 54, 85, 63, 18, 44, 20, 49, 36, 14, 74, 50, 53, 17, 21, 45, 71, 64, 3, 23, 30, 83, 24, 41, 60, 52, 65, 27, 90, 70, 39, 87, 48, 69, 99, 4, 46, 1, 13, 58, 97, 59, 28, 75, 73, 37, 35, 79, 22, 66, 76, 32, 40, 80, 96, 6, 61, 16, 7, 33, 57, 34, 12, 67, 10, 98, 56, 88, 29, 8, 91, 38, 19, 92, 43, 84, 51, 72, 81, 25, 94, 55, 0, 89, 2, 62]|[2, 1, 2, 1, 1, 2, 1, 1, 1, 1, 1, 0, 2, 2, 1, 2, 0, 0, 0, 2, 2, 1, 0, 2, 0, 2, 2, 1, 0, 1, 1, 1, 0, 0, 1, 0, 2, 1, 2, 2, 0, 0, 1, 1, 0, 2, 0, 2, 1, 0, 0, 2, 0, 0, 2, 0, 1, 1, 0, 0, 2, 1, 0, 2, 2, 0, 2, 2, 0, 1, 2, 2, 2, 1, 0, 1, 1, 1, 1, 2, 2, 1, 1, 0, 1, 0, 1, 0, 1, 0, 1, 1, 1, 1, 2, 0, 0, 1, 2, 1]|[0, 3, 0, 2, 4, 1, 4, 4, 2, 4, 3, 2, 1, 0, 2, 1, 1, 1, 2, 1, 1, 3, 0, 1, 0, 1, 1, 4, 1, 4, 3, 2, 2, 0, 4, 1, 1, 4, 0, 1, 2, 1, 4, 4, 1, 1, 0, 2, 3, 1, 2, 1, 2, 1, 1, 2, 4, 3, 0, 2, 2, 3, 1, 0, 1, 2, 0, 1, 2, 4, 1, 1, 1, 4, 2, 4, 3, 3, 3, 1, 1, 4, 3, 2, 3, 2, 4, 2, 4, 2, 3, 4, 1, 4, 1, 2, 2, 4, 1, 3]|[0, 2, 0, 1, 3, 0, 1, 3, 0, 0, 2, 0, 1, 0, 1, 0, 0, 0, 1, 0, 0, 2, 0, 0, 1, 0, 0, 3, 0, 1, 0, 2, 0, 1, 3, 0, 1, 3, 1, 0, 0, 0, 1, 3, 0, 0, 1, 0, 2, 0, 0, 0, 0, 0, 1, 0, 1, 0, 1, 1, 0, 2, 0, 0, 0, 0, 1, 0, 0, 2, 0, 0, 0, 1, 0, 1, 0, 0, 3, 0, 0, 1, 0, 0, 0, 0, 3, 0, 2, 0, 0, 2, 1, 3, 0, 0, 0, 1, 0, 0],843.8855010804491,52510.30755899072,105664.6447807653,false
53,G2_TEC,G2_TEC,[31, 94, 82, 15, 26, 9, 95, 42, 77, 68, 47, 5, 93, 78, 86, 54, 85, 63, 18, 44, 20, 49, 36, 14, 74, 50, 53, 17, 21, 28, 11, 64, 3, 23, 30, 83, 24, 41, 40, 52, 65, 27, 90, 70, 39, 87, 48, 69, 99, 4, 98, 1, 13, 56, 97, 59, 45, 8, 73, 37, 35, 79, 71, 66, 76, 32, 60, 80, 58, 6, 67, 61, 33, 7, 57, 34, 12, 16, 10, 22, 96, 88, 43, 81, 91, 2, 84, 29, 92, 19, 89, 55, 51, 46, 25, 75, 38, 72, 62, 0]|[2, 1, 2, 1, 1, 2, 1, 1, 1, 1, 1, 0, 2, 2, 1, 2, 0, 0, 0, 2, 2, 1, 0, 2, 0, 2, 2, 1, 0, 1, 1, 1, 0, 0, 1, 0, 2, 1, 2, 2, 0, 0, 1, 1, 0, 2, 0, 2, 1, 0, 2, 2, 0, 2, 2, 0, 1, 1, 0, 0, 2, 1, 1, 2, 2, 0, 2, 2, 2, 1, 2, 1, 1, 2, 0, 1, 1, 2, 1, 2, 0, 1, 1, 1, 1, 0, 0, 1, 0, 1, 1, 0, 1, 0, 1, 0, 0, 1, 1, 0]|[0, 3, 0, 3, 4, 1, 4, 4, 4, 4, 3, 2, 1, 0, 2, 1, 1, 1, 2, 1, 1, 3, 0, 1, 0, 1, 1, 4, 1, 4, 3, 2, 2, 0, 4, 1, 1, 4, 1, 1, 2, 1, 4, 4, 1, 1, 0, 1, 3, 2, 1, 1, 2, 1, 1, 2, 4, 3, 0, 2, 1, 3, 3, 1, 1, 2, 1, 1, 1, 4, 1, 3, 4, 1, 2, 4, 3, 1, 3, 1, 2, 4, 4, 4, 3, 2, 2, 3, 2, 4, 4, 2, 3, 2, 4, 2, 2, 4, 3, 2]|[0, 2, 0, 0, 3, 0, 1, 3, 1, 0, 2, 0, 1, 0, 1, 0, 0, 0, 1, 0, 0, 2, 0, 0, 1, 0, 0, 3, 0, 1, 0, 2, 0, 0, 3, 0, 1, 1, 0, 0, 0, 0, 1, 3, 0, 0, 1, 0, 2, 0, 0, 0, 0, 0, 1, 0, 1, 0, 1, 1, 0, 2, 0, 0, 0, 0, 0, 0, 0, 2, 0, 0, 1, 0, 0, 1, 0, 0, 3, 0, 0, 1, 2, 2, 0, 0, 0, 3, 0, 1, 1, 0, 0, 0, 3, 0, 0, 1, 0, 0],910.6016522559228,48441.78517559203,107030.90942221809,false
53,G3_TWC,G4_BALANCED,[31, 22, 42, 15, 26, 58, 95, 82, 77, 12, 47, 5, 93, 78, 98, 54, 85, 63, 18, 44, 20, 35, 43, 97, 91, 76, 10, 30, 21, 45, 71, 64, 1, 23, 17, 83, 24, 61, 60, 49, 6, 57, 94, 88, 65, 56, 79, 40, 67, 68, 46, 75, 38, 9, 19, 32, 81, 41, 27, 62, 87, 90, 99, 59, 53, 16, 72, 73, 70, 39, 37, 84, 3, 92, 25, 74, 28, 0, 51, 7, 11, 14, 86, 48, 89, 50, 66, 96, 33, 80, 4, 8, 55, 36, 29, 52, 13, 2, 69, 34]|[1, 1, 0, 1, 1, 1, 2, 1, 2, 1, 2, 2, 2, 1, 1, 0, 0, 1, 0, 2, 2, 0, 1, 2, 0, 1, 2, 2, 0, 0, 1, 2, 1, 0, 1, 0, 2, 0, 1, 1, 0, 1, 1, 1, 0, 2, 1, 1, 0, 0, 0, 0, 1, 1, 2, 1, 2, 0, 0, 0, 2, 1, 0, 1, 0, 1, 2, 1, 1, 1, 1, 1, 2, 0, 1, 2, 0, 0, 0, 1, 2, 1, 0, 0, 1, 0, 0, 2, 2, 0, 0, 1, 2, 0, 0, 1, 0, 0, 1, 2]|[4, 3, 2, 2, 0, 0, 2, 2, 2, 4, 1, 1, 2, 4, 4, 1, 1, 4, 2, 1, 1, 1, 1, 2, 1, 2, 1, 1, 1, 1, 3, 2, 3, 0, 4, 0, 1, 1, 0, 3, 2, 2, 4, 0, 1, 1, 3, 2, 0, 1, 2, 2, 1, 4, 0, 3, 2, 1, 1, 2, 1, 3, 1, 1, 2, 3, 0, 4, 3, 1, 4, 1, 1, 2, 4, 1, 2, 1, 1, 3, 1, 3, 1, 1, 1, 1, 1, 1, 1, 1, 2, 3, 1, 1, 2, 1, 2, 2, 3, 1]|[0, 2, 1, 1, 3, 3, 0, 1, 0, 0, 0, 0, 1, 0, 1, 0, 0, 3, 1, 0, 0, 0, 3, 1, 0, 2, 0, 0, 0, 1, 0, 0, 0, 0, 3, 0, 1, 0, 0, 2, 1, 1, 2, 0, 0, 0, 0, 1, 1, 0, 0, 0, 1, 3, 0, 0, 1, 0, 0, 1, 0, 2, 0, 1, 1, 2, 1, 0, 0, 1, 1, 3, 0, 1, 3, 0, 1, 0, 0, 2, 0, 0, 0, 0, 1, 0, 0, 0, 0, 0, 1, 2, 0, 1, 0, 1, 0, 0, 0, 0],787.7354273239397,57319.98389756265,87481.7179896983,true
53,G1_CMAX,G1_CMAX,[31, 22, 90, 26, 58, 95, 42, 12, 93, 5, 78, 86, 77, 47, 98, 54, 85, 63, 18, 44, 20, 35, 43, 97, 91, 76, 10, 30, 15, 45, 71, 64, 1, 23, 17, 83, 24, 14, 60, 36, 6, 57, 94, 88, 65, 56, 79, 40, 67, 68, 46, 75, 38, 9, 19, 32, 81, 41, 27, 62, 87, 82, 99, 59, 11, 16, 72, 73, 70, 39, 37, 84, 3, 92, 25, 55, 28, 29, 51, 7, 33, 61, 21, 48, 89, 50, 66, 96, 53, 80, 4, 8, 34, 49, 52, 0, 13, 2, 69, 74]|[1, 1, 1, 1, 1, 2, 1, 1, 2, 1, 1, 2, 2, 2, 1, 0, 0, 1, 0, 2, 2, 0, 1, 2, 0, 1, 2, 2, 0, 0, 1, 2, 1, 2, 1, 0, 2, 0, 1, 1, 0, 1, 1, 1, 0, 2, 1, 1, 0, 0, 0, 0, 1, 1, 2, 1, 2, 2, 0, 0, 2, 1, 0, 1, 2, 1, 2, 1, 1, 1, 1, 1, 2, 0, 1, 1, 0, 0, 0, 1, 2, 1, 0, 0, 1, 0, 2, 2, 0, 0, 1, 1, 2, 0, 1, 0, 0, 0, 1, 2]|[4, 3, 3, 2, 0, 2, 2, 4, 2, 4, 4, 1, 2, 1, 4, 1, 2, 4, 2, 1, 1, 1, 1, 2, 1, 2, 1, 1, 1, 1, 3, 2, 3, 0, 4, 0, 1, 1, 0, 3, 2, 2, 4, 0, 1, 1, 0, 2, 0, 1, 2, 2, 1, 4, 0, 3, 2, 1, 1, 2, 1, 3, 1, 1, 1, 3, 0, 4, 3, 1, 4, 1, 1, 2, 4, 4, 2, 1, 1, 3, 1, 3, 1, 1, 1, 1, 1, 1, 2, 1, 4, 3, 1, 1, 1, 2, 2, 2, 3, 1]|[0, 2, 2, 1, 3, 0, 1, 0, 0, 0, 0, 0, 1, 0, 1, 0, 0, 3, 1, 0, 0, 0, 3, 1, 0, 2, 0, 0, 0, 1, 0, 0, 0, 0, 3, 0, 1, 0, 0, 2, 1, 1, 2, 0, 0, 0, 0, 1, 1, 0, 0, 0, 1, 3, 0, 0, 1, 0, 0, 1, 0, 2, 0, 1, 0, 2, 1, 0, 0, 1, 1, 3, 0, 1, 3, 3, 1, 0, 0, 2, 0, 0, 0, 0, 1, 0, 0, 0, 1, 0, 0, 2, 0, 1, 1, 0, 0, 0, 2, 0],725.9082553899324,57283.10150346701,93448.88065470588,false
53,G4_BALANCED,G4_BALANCED,[31, 11, 82, 15, 26, 9, 95, 42, 77, 68, 47, 5, 93, 78, 86, 54, 85, 63, 18, 44, 20, 49, 36, 14, 74, 50, 53, 17, 21, 45, 71, 64, 3, 23, 30, 83, 24, 41, 60, 52, 65, 27, 90, 70, 39, 87, 48, 69, 99, 4, 46, 1, 13, 58, 97, 59, 28, 75, 73, 37, 35, 79, 22, 66, 76, 32, 40, 80, 96, 6, 61, 16, 7, 33, 57, 34, 12, 67, 10, 98, 56, 88, 29, 8, 91, 38, 19, 92, 43, 84, 51, 72, 81, 25, 94, 55, 0, 89, 2, 62]|[2, 1, 2, 1, 1, 2, 1, 1, 1, 1, 1, 0, 2, 2, 1, 2, 0, 0, 0, 2, 2, 1, 0, 2, 0, 2, 2, 1, 0, 1, 1, 1, 0, 0, 1, 0, 2, 1, 2, 2, 0, 0, 1, 1, 0, 2, 0, 2, 1, 0, 0, 2, 0, 0, 2, 0, 1, 1, 0, 0, 2, 1, 0, 2, 2, 0, 2, 2, 0, 1, 2, 2, 2, 1, 0, 1, 1, 1, 1, 2, 2, 1, 1, 0, 1, 0, 1, 0, 1, 0, 1, 1, 1, 1, 2, 0, 0, 1, 2, 1]|[0, 3, 0, 2, 4, 1, 4, 4, 2, 4, 3, 2, 1, 0, 2, 1, 1, 1, 2, 1, 1, 3, 0, 1, 0, 1, 1, 4, 1, 4, 3, 2, 2, 0, 4, 1, 1, 4, 0, 1, 2, 1, 4, 4, 1, 1, 0, 2, 3, 1, 2, 1, 2, 1, 1, 2, 4, 3, 0, 2, 2, 3, 1, 0, 1, 2, 0, 1, 2, 4, 1, 1, 1, 4, 2, 4, 3, 3, 3, 1, 1, 4, 3, 2, 3, 2, 4, 2, 4, 2, 3, 4, 1, 4, 1, 2, 2, 4, 1, 3]|[0, 2, 0, 1, 3, 0, 1, 3, 0, 0, 2, 0, 1, 0, 1, 0, 0, 0, 1, 0, 0, 2, 0, 0, 1, 0, 0, 3, 0, 1, 0, 2, 0, 1, 3, 0, 1, 3, 1, 0, 0, 0, 1, 3, 0, 0, 1, 0, 2, 0, 0, 0, 0, 0, 1, 0, 1, 0, 1, 1, 0, 2, 0, 0, 0, 0, 1, 0, 0, 2, 0, 0, 0, 1, 0, 1, 0, 0, 3, 0, 0, 1, 0, 0, 0, 0, 3, 0, 2, 0, 0, 2, 1, 3, 0, 0, 0, 1, 0, 0],843.8855010804491,52510.30755899072,105664.6447807653,false
53,G2_TEC,G2_TEC,[31, 94, 82, 15, 26, 9, 95, 42, 77, 68, 47, 5, 93, 78, 86, 54, 85, 63, 18, 44, 20, 49, 36, 14, 74, 50, 53, 17, 21, 28, 11, 64, 3, 23, 30, 83, 24, 41, 40, 52, 65, 27, 90, 70, 39, 87, 48, 69, 99, 4, 98, 1, 13, 56, 97, 59, 45, 8, 73, 37, 35, 79, 71, 66, 76, 32, 60, 80, 58, 6, 67, 61, 33, 7, 57, 34, 12, 16, 10, 22, 96, 88, 43, 81, 91, 2, 84, 29, 92, 19, 89, 55, 51, 46, 25, 75, 38, 72, 62, 0]|[2, 1, 2, 1, 1, 2, 1, 1, 1, 1, 1, 0, 2, 2, 1, 2, 0, 0, 0, 2, 2, 1, 0, 2, 0, 2, 2, 1, 0, 1, 1, 1, 0, 0, 1, 0, 2, 1, 2, 2, 0, 0, 1, 1, 0, 2, 0, 2, 1, 0, 2, 2, 0, 2, 2, 0, 1, 1, 0, 0, 2, 1, 1, 2, 2, 0, 2, 2, 2, 1, 2, 1, 1, 2, 0, 1, 1, 2, 1, 2, 0, 1, 1, 1, 1, 0, 0, 1, 0, 1, 1, 0, 1, 0, 1, 0, 0, 1, 1, 0]|[0, 3, 0, 3, 4, 1, 4, 4, 4, 4, 3, 2, 1, 0, 2, 1, 1, 1, 2, 1, 1, 3, 0, 1, 0, 1, 1, 4, 1, 4, 3, 2, 2, 0, 4, 1, 1, 4, 1, 1, 2, 1, 4, 4, 1, 1, 0, 1, 3, 2, 1, 1, 2, 1, 1, 2, 4, 3, 0, 2, 1, 3, 3, 1, 1, 2, 1, 1, 1, 4, 1, 3, 4, 1, 2, 4, 3, 1, 3, 1, 2, 4, 4, 4, 3, 2, 2, 3, 2, 4, 4, 2, 3, 2, 4, 2, 2, 4, 3, 2]|[0, 2, 0, 0, 3, 0, 1, 3, 1, 0, 2, 0, 1, 0, 1, 0, 0, 0, 1, 0, 0, 2, 0, 0, 1, 0, 0, 3, 0, 1, 0, 2, 0, 0, 3, 0, 1, 1, 0, 0, 0, 0, 1, 3, 0, 0, 1, 0, 2, 0, 0, 0, 0, 0, 1, 0, 1, 0, 1, 1, 0, 2, 0, 0, 0, 0, 0, 0, 0, 2, 0, 0, 1, 0, 0, 1, 0, 0, 3, 0, 0, 1, 2, 2, 0, 0, 0, 3, 0, 1, 1, 0, 0, 0, 3, 0, 0, 1, 0, 0],910.6016522559228,48441.78517559203,107030.90942221809,false
53,G3_TWC,G4_BALANCED,[31, 22, 42, 15, 26, 58, 95, 82, 77, 12, 47, 5, 93, 78, 98, 54, 85, 63, 18, 44, 20, 35, 43, 97, 91, 76, 10, 30, 21, 45, 71, 64, 1, 23, 17, 83, 24, 61, 60, 49, 6, 57, 94, 88, 65, 56, 79, 40, 67, 68, 46, 75, 38, 9, 19, 32, 81, 41, 27, 62, 87, 90, 99, 59, 53, 16, 72, 73, 70, 39, 37, 84, 3, 92, 25, 74, 28, 0, 51, 7, 11, 14, 86, 48, 89, 50, 66, 96, 33, 80, 4, 8, 55, 36, 29, 52, 13, 2, 69, 34]|[1, 1, 0, 1, 1, 1, 2, 1, 2, 1, 2, 2, 2, 1, 1, 0, 0, 1, 0, 2, 2, 0, 1, 2, 0, 1, 2, 2, 0, 0, 1, 2, 1, 0, 1, 0, 2, 0, 1, 1, 0, 1, 1, 1, 0, 2, 1, 1, 0, 0, 0, 0, 1, 1, 2, 1, 2, 0, 0, 0, 2, 1, 0, 1, 0, 1, 2, 1, 1, 1, 1, 1, 2, 0, 1, 2, 0, 0, 0, 1, 2, 1, 0, 0, 1, 0, 0, 2, 2, 0, 0, 1, 2, 0, 0, 1, 0, 0, 1, 2]|[4, 3, 2, 2, 0, 0, 2, 2, 2, 4, 1, 1, 2, 4, 4, 1, 1, 4, 2, 1, 1, 1, 1, 2, 1, 2, 1, 1, 1, 1, 3, 2, 3, 0, 4, 0, 1, 1, 0, 3, 2, 2, 4, 0, 1, 1, 3, 2, 0, 1, 2, 2, 1, 4, 0, 3, 2, 1, 1, 2, 1, 3, 1, 1, 2, 3, 0, 4, 3, 1, 4, 1, 1, 2, 4, 1, 2, 1, 1, 3, 1, 3, 1, 1, 1, 1, 1, 1, 1, 1, 2, 3, 1, 1, 2, 1, 2, 2, 3, 1]|[0, 2, 1, 1, 3, 3, 0, 1, 0, 0, 0, 0, 1, 0, 1, 0, 0, 3, 1, 0, 0, 0, 3, 1, 0, 2, 0, 0, 0, 1, 0, 0, 0, 0, 3, 0, 1, 0, 0, 2, 1, 1, 2, 0, 0, 0, 0, 1, 1, 0, 0, 0, 1, 3, 0, 0, 1, 0, 0, 1, 0, 2, 0, 1, 1, 2, 1, 0, 0, 1, 1, 3, 0, 1, 3, 0, 1, 0, 0, 2, 0, 0, 0, 0, 1, 0, 0, 0, 0, 0, 1, 2, 0, 1, 0, 1, 0, 0, 0, 0],787.7354273239397,57319.98389756265,87481.7179896983,true
53,G1_CMAX,G1_CMAX,[31, 22, 82, 15, 26, 99, 95, 42, 77, 12, 47, 5, 93, 78, 86, 54, 21, 63, 18, 44, 20, 35, 43, 97, 91, 76, 10, 30, 85, 45, 71, 64, 1, 23, 57, 83, 24, 14, 60, 36, 6, 17, 40, 88, 65, 56, 79, 94, 67, 68, 46, 75, 38, 9, 19, 32, 41, 81, 27, 87, 90, 58, 59, 11, 16, 72, 73, 70, 39, 37, 84, 3, 92, 25, 55, 48, 62, 29, 51, 96, 33, 61, 98, 66, 89, 50, 4, 7, 53, 80, 8, 28, 34, 49, 52, 0, 74, 69, 2, 13]|[1, 1, 0, 1, 1, 0, 1, 1, 2, 1, 2, 2, 2, 1, 1, 0, 0, 1, 0, 2, 2, 0, 1, 2, 0, 1, 2, 2, 0, 0, 1, 2, 1, 2, 1, 0, 2, 0, 1, 1, 0, 1, 1, 1, 0, 2, 1, 1, 0, 0, 0, 0, 1, 1, 2, 1, 0, 2, 0, 2, 1, 0, 1, 2, 1, 2, 1, 1, 1, 1, 1, 1, 0, 1, 2, 0, 0, 0, 2, 2, 2, 1, 2, 2, 1, 0, 1, 2, 0, 0, 1, 0, 2, 0, 1, 0, 2, 1, 0, 0]|[0, 3, 2, 2, 4, 1, 2, 3, 2, 4, 1, 1, 2, 4, 4, 1, 1, 4, 2, 1, 1, 1, 1, 2, 1, 2, 1, 1, 2, 1, 3, 2, 3, 1, 4, 0, 1, 1, 0, 3, 2, 2, 2, 0, 1, 1, 0, 4, 0, 1, 2, 2, 1, 4, 0, 3, 1, 1, 1, 1, 3, 1, 1, 1, 3, 0, 4, 3, 1, 4, 1, 1, 2, 4, 1, 1, 2, 1, 2, 1, 1, 3, 1, 1, 1, 1, 4, 1, 2, 1, 3, 2, 1, 1, 1, 2, 1, 4, 2, 2]|[0, 2, 1, 1, 3, 0, 1, 3, 0, 0, 0, 0, 1, 0, 1, 0, 0, 3, 1, 0, 0, 0, 3, 1, 0, 2, 0, 0, 0, 1, 0, 0, 0, 0, 3, 0, 1, 0, 0, 2, 1, 1, 1, 0, 0, 0, 0, 2, 1, 0, 0, 0, 1, 3, 0, 0, 0, 0, 0, 0, 2, 0, 1, 0, 2, 1, 0, 0, 1, 1, 3, 1, 1, 3, 0, 0, 1, 0, 1, 0, 0, 0, 0, 0, 1, 0, 0, 0, 1, 0, 2, 1, 0, 1, 1, 0, 0, 2, 0, 0],726.9061273463456,57092.60052686413,92996.29751897219,false
53,G4_BALANCED,G4_BALANCED,[31, 11, 82, 15, 26, 9, 95, 42, 77, 68, 47, 5, 93, 78, 86, 54, 85, 63, 18, 44, 20, 49, 36, 14, 74, 50, 53, 17, 21, 45, 71, 64, 3, 23, 30, 83, 24, 41, 60, 52, 65, 27, 90, 70, 39, 87, 48, 69, 99, 4, 46, 1, 13, 58, 97, 59, 28, 75, 73, 37, 35, 79, 22, 66, 76, 32, 40, 80, 96, 6, 61, 16, 7, 33, 57, 34, 12, 67, 10, 98, 56, 88, 29, 8, 91, 38, 19, 92, 43, 84, 51, 72, 81, 25, 94, 55, 0, 89, 2, 62]|[2, 1, 2, 1, 1, 2, 1, 1, 1, 1, 1, 0, 2, 2, 1, 2, 0, 0, 0, 2, 2, 1, 0, 2, 0, 2, 2, 1, 0, 1, 1, 1, 0, 0, 1, 0, 2, 1, 2, 2, 0, 0, 1, 1, 0, 2, 0, 2, 1, 0, 0, 2, 0, 0, 2, 0, 1, 1, 0, 0, 2, 1, 0, 2, 2, 0, 2, 2, 0, 1, 2, 2, 2, 1, 0, 1, 1, 1, 1, 2, 2, 1, 1, 0, 1, 0, 1, 0, 1, 0, 1, 1, 1, 1, 2, 0, 0, 1, 2, 1]|[0, 3, 0, 2, 4, 1, 4, 4, 2, 4, 3, 2, 1, 0, 2, 1, 1, 1, 2, 1, 1, 3, 0, 1, 0, 1, 1, 4, 1, 4, 3, 2, 2, 0, 4, 1, 1, 4, 0, 1, 2, 1, 4, 4, 1, 1, 0, 2, 3, 1, 2, 1, 2, 1, 1, 2, 4, 3, 0, 2, 2, 3, 1, 0, 1, 2, 0, 1, 2, 4, 1, 1, 1, 4, 2, 4, 3, 3, 3, 1, 1, 4, 3, 2, 3, 2, 4, 2, 4, 2, 3, 4, 1, 4, 1, 2, 2, 4, 1, 3]|[0, 2, 0, 1, 3, 0, 1, 3, 0, 0, 2, 0, 1, 0, 1, 0, 0, 0, 1, 0, 0, 2, 0, 0, 1, 0, 0, 3, 0, 1, 0, 2, 0, 1, 3, 0, 1, 3, 1, 0, 0, 0, 1, 3, 0, 0, 1, 0, 2, 0, 0, 0, 0, 0, 1, 0, 1, 0, 1, 1, 0, 2, 0, 0, 0, 0, 1, 0, 0, 2, 0, 0, 0, 1, 0, 1, 0, 0, 3, 0, 0, 1, 0, 0, 0, 0, 3, 0, 2, 0, 0, 2, 1, 3, 0, 0, 0, 1, 0, 0],843.8855010804491,52510.30755899072,105664.6447807653,false
53,G2_TEC,G2_TEC,[31, 94, 82, 15, 26, 9, 95, 42, 77, 68, 47, 5, 93, 78, 86, 54, 85, 63, 18, 44, 20, 49, 36, 14, 74, 50, 53, 17, 21, 28, 11, 64, 3, 23, 30, 83, 24, 41, 40, 52, 65, 27, 90, 70, 39, 87, 48, 69, 99, 4, 98, 1, 13, 56, 97, 59, 45, 8, 73, 37, 35, 79, 71, 66, 76, 32, 60, 80, 58, 6, 67, 61, 33, 7, 57, 34, 12, 16, 10, 22, 96, 88, 43, 81, 91, 2, 84, 29, 92, 19, 89, 55, 51, 46, 25, 75, 38, 72, 62, 0]|[2, 1, 2, 1, 1, 2, 1, 1, 1, 1, 1, 0, 2, 2, 1, 2, 0, 0, 0, 2, 2, 1, 0, 2, 0, 2, 2, 1, 0, 1, 1, 1, 0, 0, 1, 0, 2, 1, 2, 2, 0, 0, 1, 1, 0, 2, 0, 2, 1, 0, 2, 2, 0, 2, 2, 0, 1, 1, 0, 0, 2, 1, 1, 2, 2, 0, 2, 2, 2, 1, 2, 1, 1, 2, 0, 1, 1, 2, 1, 2, 0, 1, 1, 1, 1, 0, 0, 1, 0, 1, 1, 0, 1, 0, 1, 0, 0, 1, 1, 0]|[0, 3, 0, 3, 4, 1, 4, 4, 4, 4, 3, 2, 1, 0, 2, 1, 1, 1, 2, 1, 1, 3, 0, 1, 0, 1, 1, 4, 1, 4, 3, 2, 2, 0, 4, 1, 1, 4, 1, 1, 2, 1, 4, 4, 1, 1, 0, 1, 3, 2, 1, 1, 2, 1, 1, 2, 4, 3, 0, 2, 1, 3, 3, 1, 1, 2, 1, 1, 1, 4, 1, 3, 4, 1, 2, 4, 3, 1, 3, 1, 2, 4, 4, 4, 3, 2, 2, 3, 2, 4, 4, 2, 3, 2, 4, 2, 2, 4, 3, 2]|[0, 2, 0, 0, 3, 0, 1, 3, 1, 0, 2, 0, 1, 0, 1, 0, 0, 0, 1, 0, 0, 2, 0, 0, 1, 0, 0, 3, 0, 1, 0, 2, 0, 0, 3, 0, 1, 1, 0, 0, 0, 0, 1, 3, 0, 0, 1, 0, 2, 0, 0, 0, 0, 0, 1, 0, 1, 0, 1, 1, 0, 2, 0, 0, 0, 0, 0, 0, 0, 2, 0, 0, 1, 0, 0, 1, 0, 0, 3, 0, 0, 1, 2, 2, 0, 0, 0, 3, 0, 1, 1, 0, 0, 0, 3, 0, 0, 1, 0, 0],910.6016522559228,48441.78517559203,107030.90942221809,false
53,G3_TWC,G4_BALANCED,[31, 22, 42, 15, 26, 58, 95, 82, 77, 12, 47, 5, 93, 78, 98, 54, 85, 63, 18, 44, 20, 35, 43, 97, 91, 76, 10, 30, 21, 45, 71, 64, 1, 23, 17, 83, 24, 61, 60, 49, 6, 57, 94, 88, 65, 56, 79, 40, 67, 68, 46, 75, 38, 9, 19, 32, 81, 41, 27, 62, 87, 90, 99, 59, 53, 16, 72, 73, 70, 39, 37, 84, 3, 92, 25, 74, 28, 0, 51, 7, 11, 14, 86, 48, 89, 50, 66, 96, 33, 80, 4, 8, 55, 36, 29, 52, 13, 2, 69, 34]|[1, 1, 0, 1, 1, 1, 2, 1, 2, 1, 2, 2, 2, 1, 1, 0, 0, 1, 0, 2, 2, 0, 1, 2, 0, 1, 2, 2, 0, 0, 1, 2, 1, 0, 1, 0, 2, 0, 1, 1, 0, 1, 1, 1, 0, 2, 1, 1, 0, 0, 0, 0, 1, 1, 2, 1, 2, 0, 0, 0, 2, 1, 0, 1, 0, 1, 2, 1, 1, 1, 1, 1, 2, 0, 1, 2, 0, 0, 0, 1, 2, 1, 0, 0, 1, 0, 0, 2, 2, 0, 0, 1, 2, 0, 0, 1, 0, 0, 1, 2]|[4, 3, 2, 2, 0, 0, 2, 2, 2, 4, 1, 1, 2, 4, 4, 1, 1, 4, 2, 1, 1, 1, 1, 2, 1, 2, 1, 1, 1, 1, 3, 2, 3, 0, 4, 0, 1, 1, 0, 3, 2, 2, 4, 0, 1, 1, 3, 2, 0, 1, 2, 2, 1, 4, 0, 3, 2, 1, 1, 2, 1, 3, 1, 1, 2, 3, 0, 4, 3, 1, 4, 1, 1, 2, 4, 1, 2, 1, 1, 3, 1, 3, 1, 1, 1, 1, 1, 1, 1, 1, 2, 3, 1, 1, 2, 1, 2, 2, 3, 1]|[0, 2, 1, 1, 3, 3, 0, 1, 0, 0, 0, 0, 1, 0, 1, 0, 0, 3, 1, 0, 0, 0, 3, 1, 0, 2, 0, 0, 0, 1, 0, 0, 0, 0, 3, 0, 1, 0, 0, 2, 1, 1, 2, 0, 0, 0, 0, 1, 1, 0, 0, 0, 1, 3, 0, 0, 1, 0, 0, 1, 0, 2, 0, 1, 1, 2, 1, 0, 0, 1, 1, 3, 0, 1, 3, 0, 1, 0, 0, 2, 0, 0, 0, 0, 1, 0, 0, 0, 0, 0, 1, 2, 0, 1, 0, 1, 0, 0, 0, 0],787.7354273239397,57319.98389756265,87481.7179896983,true
53,G1_CMAX,G4_BALANCED,[31, 11, 15, 82, 26, 9, 95, 32, 77, 68, 47, 5, 93, 78, 86, 54, 85, 63, 18, 44, 20, 49, 36, 14, 74, 50, 53, 17, 21, 45, 71, 64, 3, 23, 30, 83, 24, 41, 60, 52, 51, 27, 90, 70, 39, 87, 48, 69, 99, 4, 46, 1, 13, 58, 97, 59, 28, 8, 73, 37, 35, 79, 22, 66, 76, 42, 40, 80, 96, 6, 16, 61, 33, 7, 57, 34, 12, 67, 10, 98, 56, 88, 29, 25, 91, 38, 19, 92, 43, 84, 65, 72, 81, 75, 2, 55, 62, 89, 94, 0]|[2, 1, 1, 2, 1, 2, 1, 1, 1, 1, 1, 0, 2, 2, 1, 2, 0, 0, 0, 2, 2, 1, 0, 2, 0, 2, 2, 1, 0, 1, 1, 1, 0, 0, 1, 0, 2, 1, 2, 2, 0, 0, 1, 1, 0, 2, 0, 2, 1, 0, 0, 2, 0, 0, 2, 0, 1, 1, 0, 0, 2, 1, 1, 2, 2, 0, 2, 2, 0, 1, 2, 1, 1, 2, 0, 1, 2, 1, 1, 2, 2, 1, 1, 1, 1, 0, 1, 0, 1, 0, 1, 1, 1, 0, 2, 0, 1, 1, 2, 0]|[1, 3, 2, 0, 4, 1, 4, 4, 2, 4, 3, 2, 1, 0, 2, 1, 1, 1, 2, 1, 1, 3, 0, 1, 0, 1, 1, 4, 1, 4, 3, 2, 2, 0, 4, 1, 1, 4, 0, 1, 2, 1, 4, 4, 1, 1, 0, 2, 3, 1, 2, 1, 2, 1, 1, 2, 4, 3, 0, 2, 2, 3, 3, 0, 1, 2, 0, 1, 2, 4, 1, 3, 4, 1, 2, 4, 1, 3, 3, 1, 1, 4, 3, 4, 3, 2, 4, 2, 4, 2, 3, 4, 1, 2, 1, 2, 3, 4, 1, 2]|[1, 2, 1, 0, 3, 0, 1, 3, 0, 0, 2, 0, 1, 0, 1, 0, 0, 0, 1, 0, 0, 2, 0, 0, 1, 0, 0, 3, 0, 1, 0, 2, 0, 1, 3, 0, 1, 3, 1, 0, 0, 0, 1, 3, 0, 0, 1, 0, 2, 0, 0, 0, 0, 0, 1, 0, 1, 0, 1, 1, 0, 2, 2, 0, 0, 0, 1, 0, 0, 2, 0, 0, 1, 0, 0, 1, 0, 0, 3, 0, 0, 1, 0, 3, 0, 0, 1, 0, 2, 0, 0, 2, 1, 0, 0, 0, 0, 1, 0, 0],850.9632869082183,52431.02217786142,105346.60403335126,true
53,G4_BALANCED,G4_BALANCED,[31, 11, 82, 15, 26, 9, 95, 42, 77, 68, 47, 5, 93, 78, 86, 54, 85, 63, 18, 44, 20, 49, 36, 14, 74, 50, 53, 17, 21, 45, 71, 64, 3, 23, 30, 83, 24, 41, 60, 52, 65, 27, 90, 70, 39, 87, 48, 69, 99, 4, 46, 1, 13, 58, 97, 59, 28, 75, 73, 37, 35, 79, 22, 66, 76, 32, 40, 80, 96, 6, 61, 16, 7, 33, 57, 34, 12, 67, 10, 98, 56, 88, 29, 8, 91, 38, 19, 92, 43, 84, 51, 72, 81, 25, 94, 55, 0, 89, 2, 62]|[2, 1, 2, 1, 1, 2, 1, 1, 1, 1, 1, 0, 2, 2, 1, 2, 0, 0, 0, 2, 2, 1, 0, 2, 0, 2, 2, 1, 0, 1, 1, 1, 0, 0, 1, 0, 2, 1, 2, 2, 0, 0, 1, 1, 0, 2, 0, 2, 1, 0, 0, 2, 0, 0, 2, 0, 1, 1, 0, 0, 2, 1, 0, 2, 2, 0, 2, 2, 0, 1, 2, 2, 2, 1, 0, 1, 1, 1, 1, 2, 2, 1, 1, 0, 1, 0, 1, 0, 1, 0, 1, 1, 1, 1, 2, 0, 0, 1, 2, 1]|[0, 3, 0, 2, 4, 1, 4, 4, 2, 4, 3, 2, 1, 0, 2, 1, 1, 1, 2, 1, 1, 3, 0, 1, 0, 1, 1, 4, 1, 4, 3, 2, 2, 0, 4, 1, 1, 4, 0, 1, 2, 1, 4, 4, 1, 1, 0, 2, 3, 1, 2, 1, 2, 1, 1, 2, 4, 3, 0, 2, 2, 3, 1, 0, 1, 2, 0, 1, 2, 4, 1, 1, 1, 4, 2, 4, 3, 3, 3, 1, 1, 4, 3, 2, 3, 2, 4, 2, 4, 2, 3, 4, 1, 4, 1, 2, 2, 4, 1, 3]|[0, 2, 0, 1, 3, 0, 1, 3, 0, 0, 2, 0, 1, 0, 1, 0, 0, 0, 1, 0, 0, 2, 0, 0, 1, 0, 0, 3, 0, 1, 0, 2, 0, 1, 3, 0, 1, 3, 1, 0, 0, 0, 1, 3, 0, 0, 1, 0, 2, 0, 0, 0, 0, 0, 1, 0, 1, 0, 1, 1, 0, 2, 0, 0, 0, 0, 1, 0, 0, 2, 0, 0, 0, 1, 0, 1, 0, 0, 3, 0, 0, 1, 0, 0, 0, 0, 3, 0, 2, 0, 0, 2, 1, 3, 0, 0, 0, 1, 0, 0],843.8855010804491,52510.30755899072,105664.6447807653,false
53,G2_TEC,G2_TEC,[31, 94, 82, 15, 26, 9, 95, 42, 77, 68, 47, 5, 93, 78, 86, 54, 85, 63, 18, 44, 20, 49, 36, 14, 74, 50, 53, 17, 21, 28, 11, 64, 3, 23, 30, 83, 24, 41, 40, 52, 65, 27, 90, 70, 39, 87, 48, 69, 99, 4, 98, 1, 13, 56, 97, 59, 45, 8, 73, 37, 35, 79, 71, 66, 76, 32, 60, 80, 58, 6, 67, 61, 33, 7, 57, 34, 12, 16, 10, 22, 96, 88, 43, 81, 91, 2, 84, 29, 92, 19, 89, 55, 51, 46, 25, 75, 38, 72, 62, 0]|[2, 1, 2, 1, 1, 2, 1, 1, 1, 1, 1, 0, 2, 2, 1, 2, 0, 0, 0, 2, 2, 1, 0, 2, 0, 2, 2, 1, 0, 1, 1, 1, 0, 0, 1, 0, 2, 1, 2, 2, 0, 0, 1, 1, 0, 2, 0, 2, 1, 0, 2, 2, 0, 2, 2, 0, 1, 1, 0, 0, 2, 1, 1, 2, 2, 0, 2, 2, 2, 1, 2, 1, 1, 2, 0, 1, 1, 2, 1, 2, 0, 1, 1, 1, 1, 0, 0, 1, 0, 1, 1, 0, 1, 0, 1, 0, 0, 1, 1, 0]|[0, 3, 0, 3, 4, 1, 4, 4, 4, 4, 3, 2, 1, 0, 2, 1, 1, 1, 2, 1, 1, 3, 0, 1, 0, 1, 1, 4, 1, 4, 3, 2, 2, 0, 4, 1, 1, 4, 1, 1, 2, 1, 4, 4, 1, 1, 0, 1, 3, 2, 1, 1, 2, 1, 1, 2, 4, 3, 0, 2, 1, 3, 3, 1, 1, 2, 1, 1, 1, 4, 1, 3, 4, 1, 2, 4, 3, 1, 3, 1, 2, 4, 4, 4, 3, 2, 2, 3, 2, 4, 4, 2, 3, 2, 4, 2, 2, 4, 3, 2]|[0, 2, 0, 0, 3, 0, 1, 3, 1, 0, 2, 0, 1, 0, 1, 0, 0, 0, 1, 0, 0, 2, 0, 0, 1, 0, 0, 3, 0, 1, 0, 2, 0, 0, 3, 0, 1, 1, 0, 0, 0, 0, 1, 3, 0, 0, 1, 0, 2, 0, 0, 0, 0, 0, 1, 0, 1, 0, 1, 1, 0, 2, 0, 0, 0, 0, 0, 0, 0, 2, 0, 0, 1, 0, 0, 1, 0, 0, 3, 0, 0, 1, 2, 2, 0, 0, 0, 3, 0, 1, 1, 0, 0, 0, 3, 0, 0, 1, 0, 0],910.6016522559228,48441.78517559203,107030.90942221809,false
53,G3_TWC,G4_BALANCED,[31, 22, 42, 15, 26, 58, 95, 82, 77, 12, 47, 5, 93, 78, 98, 54, 85, 63, 18, 44, 20, 35, 43, 97, 91, 76, 10, 30, 21, 45, 71, 64, 1, 23, 17, 83, 24, 61, 60, 49, 6, 57, 94, 88, 65, 56, 79, 40, 67, 68, 46, 75, 38, 9, 19, 32, 81, 41, 27, 62, 87, 90, 99, 59, 53, 16, 72, 73, 70, 39, 37, 84, 3, 92, 25, 74, 28, 0, 51, 7, 11, 14, 86, 48, 89, 50, 66, 96, 33, 80, 4, 8, 55, 36, 29, 52, 13, 2, 69, 34]|[1, 1, 0, 1, 1, 1, 2, 1, 2, 1, 2, 2, 2, 1, 1, 0, 0, 1, 0, 2, 2, 0, 1, 2, 0, 1, 2, 2, 0, 0, 1, 2, 1, 0, 1, 0, 2, 0, 1, 1, 0, 1, 1, 1, 0, 2, 1, 1, 0, 0, 0, 0, 1, 1, 2, 1, 2, 0, 0, 0, 2, 1, 0, 1, 0, 1, 2, 1, 1, 1, 1, 1, 2, 0, 1, 2, 0, 0, 0, 1, 2, 1, 0, 0, 1, 0, 0, 2, 2, 0, 0, 1, 2, 0, 0, 1, 0, 0, 1, 2]|[4, 3, 2, 2, 0, 0, 2, 2, 2, 4, 1, 1, 2, 4, 4, 1, 1, 4, 2, 1, 1, 1, 1, 2, 1, 2, 1, 1, 1, 1, 3, 2, 3, 0, 4, 0, 1, 1, 0, 3, 2, 2, 4, 0, 1, 1, 3, 2, 0, 1, 2, 2, 1, 4, 0, 3, 2, 1, 1, 2, 1, 3, 1, 1, 2, 3, 0, 4, 3, 1, 4, 1, 1, 2, 4, 1, 2, 1, 1, 3, 1, 3, 1, 1, 1, 1, 1, 1, 1, 1, 2, 3, 1, 1, 2, 1, 2, 2, 3, 1]|[0, 2, 1, 1, 3, 3, 0, 1, 0, 0, 0, 0, 1, 0, 1, 0, 0, 3, 1, 0, 0, 0, 3, 1, 0, 2, 0, 0, 0, 1, 0, 0, 0, 0, 3, 0, 1, 0, 0, 2, 1, 1, 2, 0, 0, 0, 0, 1, 1, 0, 0, 0, 1, 3, 0, 0, 1, 0, 0, 1, 0, 2, 0, 1, 1, 2, 1, 0, 0, 1, 1, 3, 0, 1, 3, 0, 1, 0, 0, 2, 0, 0, 0, 0, 1, 0, 0, 0, 0, 0, 1, 2, 0, 1, 0, 1, 0, 0, 0, 0],787.7354273239397,57319.98389756265,87481.7179896983,true
53,G1_CMAX,G3_TWC,[31, 22, 42, 15, 26, 58, 95, 82, 77, 12, 47, 5, 93, 78, 98, 54, 85, 63, 18, 44, 20, 35, 43, 97, 91, 76, 10, 30, 21, 45, 71, 64, 1, 23, 17, 83, 24, 61, 60, 36, 6, 57, 94, 88, 65, 56, 79, 40, 67, 68, 46, 75, 38, 9, 19, 32, 81, 41, 27, 62, 87, 90, 99, 59, 11, 16, 72, 73, 70, 39, 37, 84, 3, 92, 25, 74, 28, 29, 51, 7, 33, 14, 86, 96, 89, 50, 66, 48, 53, 80, 4, 8, 55, 49, 0, 52, 13, 2, 69, 34]|[1, 1, 0, 1, 1, 1, 2, 1, 2, 1, 2, 2, 2, 1, 1, 0, 0, 1, 0, 2, 2, 0, 1, 2, 0, 1, 2, 2, 0, 0, 1, 2, 1, 2, 1, 0, 2, 0, 1, 1, 0, 1, 1, 1, 0, 2, 1, 1, 0, 0, 0, 0, 1, 1, 2, 1, 2, 0, 0, 0, 2, 1, 0, 1, 2, 1, 2, 1, 1, 1, 1, 1, 2, 0, 1, 2, 0, 0, 0, 1, 2, 1, 0, 2, 1, 0, 0, 0, 0, 0, 1, 1, 2, 0, 0, 1, 0, 0, 1, 2]|[4, 3, 2, 2, 0, 0, 2, 2, 2, 4, 1, 1, 2, 4, 4, 1, 2, 4, 2, 1, 1, 1, 1, 2, 1, 2, 1, 1, 1, 1, 3, 2, 3, 2, 4, 0, 1, 1, 0, 3, 2, 2, 4, 0, 1, 1, 3, 2, 0, 1, 2, 2, 1, 4, 0, 3, 2, 1, 1, 2, 1, 3, 1, 1, 1, 3, 0, 4, 3, 1, 4, 1, 1, 2, 4, 1, 2, 1, 1, 3, 1, 3, 1, 1, 1, 1, 1, 1, 2, 1, 4, 3, 1, 1, 2, 1, 2, 2, 4, 1]|[0, 2, 1, 1, 3, 3, 0, 1, 0, 0, 0, 0, 1, 0, 1, 0, 0, 3, 1, 0, 0, 0, 3, 1, 0, 2, 0, 0, 0, 1, 0, 0, 0, 0, 3, 0, 1, 0, 0, 2, 1, 1, 2, 0, 0, 0, 0, 1, 1, 0, 0, 0, 1, 3, 0, 0, 1, 0, 0, 1, 0, 2, 0, 1, 0, 2, 1, 0, 0, 1, 1, 3, 0, 1, 3, 0, 1, 0, 0, 2, 0, 0, 0, 0, 1, 0, 0, 0, 1, 0, 0, 2, 0, 1, 0, 1, 0, 0, 2, 0],798.6762197834705,56756.23318201701,91031.1439609302,true
53,G4_BALANCED,G4_BALANCED,[31, 11, 82, 15, 26, 9, 95, 42, 77, 68, 47, 5, 93, 78, 86, 54, 85, 63, 18, 44, 20, 49, 36, 14, 74, 50, 53, 17, 21, 45, 71, 64, 3, 23, 30, 83, 24, 41, 60, 52, 65, 27, 90, 70, 39, 87, 48, 69, 99, 4, 46, 1, 13, 58, 97, 59, 28, 75, 73, 37, 35, 79, 22, 66, 76, 32, 40, 80, 96, 6, 61, 16, 7, 33, 57, 34, 12, 67, 10, 98, 56, 88, 29, 8, 91, 38, 19, 92, 43, 84, 51, 72, 81, 25, 94, 55, 0, 89, 2, 62]|[2, 1, 2, 1, 1, 2, 1, 1, 1, 1, 1, 0, 2, 2, 1, 2, 0, 0, 0, 2, 2, 1, 0, 2, 0, 2, 2, 1, 0, 1, 1, 1, 0, 0, 1, 0, 2, 1, 2, 2, 0, 0, 1, 1, 0, 2, 0, 2, 1, 0, 0, 2, 0, 0, 2, 0, 1, 1, 0, 0, 2, 1, 0, 2, 2, 0, 2, 2, 0, 1, 2, 2, 2, 1, 0, 1, 1, 1, 1, 2, 2, 1, 1, 0, 1, 0, 1, 0, 1, 0, 1, 1, 1, 1, 2, 0, 0, 1, 2, 1]|[0, 3, 0, 2, 4, 1, 4, 4, 2, 4, 3, 2, 1, 0, 2, 1, 1, 1, 2, 1, 1, 3, 0, 1, 0, 1, 1, 4, 1, 4, 3, 2, 2, 0, 4, 1, 1, 4, 0, 1, 2, 1, 4, 4, 1, 1, 0, 2, 3, 1, 2, 1, 2, 1, 1, 2, 4, 3, 0, 2, 2, 3, 1, 0, 1, 2, 0, 1, 2, 4, 1, 1, 1, 4, 2, 4, 3, 3, 3, 1, 1, 4, 3, 2, 3, 2, 4, 2, 4, 2, 3, 4, 1, 4, 1, 2, 2, 4, 1, 3]|[0, 2, 0, 1, 3, 0, 1, 3, 0, 0, 2, 0, 1, 0, 1, 0, 0, 0, 1, 0, 0, 2, 0, 0, 1, 0, 0, 3, 0, 1, 0, 2, 0, 1, 3, 0, 1, 3, 1, 0, 0, 0, 1, 3, 0, 0, 1, 0, 2, 0, 0, 0, 0, 0, 1, 0, 1, 0, 1, 1, 0, 2, 0, 0, 0, 0, 1, 0, 0, 2, 0, 0, 0, 1, 0, 1, 0, 0, 3, 0, 0, 1, 0, 0, 0, 0, 3, 0, 2, 0, 0, 2, 1, 3, 0, 0, 0, 1, 0, 0],843.8855010804491,52510.30755899072,105664.6447807653,false
53,G2_TEC,G2_TEC,[31, 94, 82, 15, 26, 9, 95, 42, 77, 68, 47, 5, 93, 78, 86, 54, 85, 63, 18, 44, 20, 49, 36, 14, 74, 50, 53, 17, 21, 28, 11, 64, 3, 23, 30, 83, 24, 41, 40, 52, 65, 27, 90, 70, 39, 87, 48, 69, 99, 4, 98, 1, 13, 56, 97, 59, 45, 8, 73, 37, 35, 79, 71, 66, 76, 32, 60, 80, 58, 6, 67, 61, 33, 7, 57, 34, 12, 16, 10, 22, 96, 88, 43, 81, 91, 2, 84, 29, 92, 19, 89, 55, 51, 46, 25, 75, 38, 72, 62, 0]|[2, 1, 2, 1, 1, 2, 1, 1, 1, 1, 1, 0, 2, 2, 1, 2, 0, 0, 0, 2, 2, 1, 0, 2, 0, 2, 2, 1, 0, 1, 1, 1, 0, 0, 1, 0, 2, 1, 2, 2, 0, 0, 1, 1, 0, 2, 0, 2, 1, 0, 2, 2, 0, 2, 2, 0, 1, 1, 0, 0, 2, 1, 1, 2, 2, 0, 2, 2, 2, 1, 2, 1, 1, 2, 0, 1, 1, 2, 1, 2, 0, 1, 1, 1, 1, 0, 0, 1, 0, 1, 1, 0, 1, 0, 1, 0, 0, 1, 1, 0]|[0, 3, 0, 3, 4, 1, 4, 4, 4, 4, 3, 2, 1, 0, 2, 1, 1, 1, 2, 1, 1, 3, 0, 1, 0, 1, 1, 4, 1, 4, 3, 2, 2, 0, 4, 1, 1, 4, 1, 1, 2, 1, 4, 4, 1, 1, 0, 1, 3, 2, 1, 1, 2, 1, 1, 2, 4, 3, 0, 2, 1, 3, 3, 1, 1, 2, 1, 1, 1, 4, 1, 3, 4, 1, 2, 4, 3, 1, 3, 1, 2, 4, 4, 4, 3, 2, 2, 3, 2, 4, 4, 2, 3, 2, 4, 2, 2, 4, 3, 2]|[0, 2, 0, 0, 3, 0, 1, 3, 1, 0, 2, 0, 1, 0, 1, 0, 0, 0, 1, 0, 0, 2, 0, 0, 1, 0, 0, 3, 0, 1, 0, 2, 0, 0, 3, 0, 1, 1, 0, 0, 0, 0, 1, 3, 0, 0, 1, 0, 2, 0, 0, 0, 0, 0, 1, 0, 1, 0, 1, 1, 0, 2, 0, 0, 0, 0, 0, 0, 0, 2, 0, 0, 1, 0, 0, 1, 0, 0, 3, 0, 0, 1, 2, 2, 0, 0, 0, 3, 0, 1, 1, 0, 0, 0, 3, 0, 0, 1, 0, 0],910.6016522559228,48441.78517559203,107030.90942221809,false
53,G3_TWC,G4_BALANCED,[31, 22, 42, 15, 26, 58, 95, 82, 77, 12, 47, 5, 93, 78, 98, 54, 85, 63, 18, 44, 20, 35, 43, 97, 91, 76, 10, 30, 21, 45, 71, 64, 1, 23, 17, 83, 24, 61, 60, 49, 6, 57, 94, 88, 65, 56, 79, 40, 67, 68, 46, 75, 38, 9, 19, 32, 81, 41, 27, 62, 87, 90, 99, 59, 53, 16, 72, 73, 70, 39, 37, 84, 3, 92, 25, 74, 28, 0, 51, 7, 11, 14, 86, 48, 89, 50, 66, 96, 33, 80, 4, 8, 55, 36, 29, 52, 13, 2, 69, 34]|[1, 1, 0, 1, 1, 1, 2, 1, 2, 1, 2, 2, 2, 1, 1, 0, 0, 1, 0, 2, 2, 0, 1, 2, 0, 1, 2, 2, 0, 0, 1, 2, 1, 0, 1, 0, 2, 0, 1, 1, 0, 1, 1, 1, 0, 2, 1, 1, 0, 0, 0, 0, 1, 1, 2, 1, 2, 0, 0, 0, 2, 1, 0, 1, 0, 1, 2, 1, 1, 1, 1, 1, 2, 0, 1, 2, 0, 0, 0, 1, 2, 1, 0, 0, 1, 0, 0, 2, 2, 0, 0, 1, 2, 0, 0, 1, 0, 0, 1, 2]|[4, 3, 2, 2, 0, 0, 2, 2, 2, 4, 1, 1, 2, 4, 4, 1, 1, 4, 2, 1, 1, 1, 1, 2, 1, 2, 1, 1, 1, 1, 3, 2, 3, 0, 4, 0, 1, 1, 0, 3, 2, 2, 4, 0, 1, 1, 3, 2, 0, 1, 2, 2, 1, 4, 0, 3, 2, 1, 1, 2, 1, 3, 1, 1, 2, 3, 0, 4, 3, 1, 4, 1, 1, 2, 4, 1, 2, 1, 1, 3, 1, 3, 1, 1, 1, 1, 1, 1, 1, 1, 2, 3, 1, 1, 2, 1, 2, 2, 3, 1]|[0, 2, 1, 1, 3, 3, 0, 1, 0, 0, 0, 0, 1, 0, 1, 0, 0, 3, 1, 0, 0, 0, 3, 1, 0, 2, 0, 0, 0, 1, 0, 0, 0, 0, 3, 0, 1, 0, 0, 2, 1, 1, 2, 0, 0, 0, 0, 1, 1, 0, 0, 0, 1, 3, 0, 0, 1, 0, 0, 1, 0, 2, 0, 1, 1, 2, 1, 0, 0, 1, 1, 3, 0, 1, 3, 0, 1, 0, 0, 2, 0, 0, 0, 0, 1, 0, 0, 0, 0, 0, 1, 2, 0, 1, 0, 1, 0, 0, 0, 0],787.7354273239397,57319.98389756265,87481.7179896983,true
53,G1_CMAX,G3_TWC,[31, 22, 42, 15, 26, 58, 95, 82, 77, 12, 47, 5, 93, 78, 98, 54, 85, 63, 18, 44, 20, 35, 43, 97, 91, 76, 10, 30, 21, 45, 71, 64, 1, 23, 17, 83, 24, 14, 60, 36, 6, 57, 94, 88, 65, 56, 79, 40, 67, 68, 46, 75, 38, 9, 19, 32, 81, 41, 27, 62, 87, 90, 99, 59, 53, 16, 72, 73, 70, 39, 37, 84, 3, 92, 25, 55, 28, 29, 51, 7, 33, 61, 86, 48, 89, 50, 66, 96, 8, 80, 4, 11, 34, 49, 52, 0, 13, 2, 69, 74]|[1, 1, 0, 1, 1, 1, 2, 1, 2, 1, 2, 2, 2, 1, 1, 0, 0, 1, 0, 2, 2, 0, 1, 2, 0, 1, 2, 2, 0, 0, 1, 2, 1, 2, 1, 0, 2, 0, 1, 1, 0, 1, 1, 1, 0, 2, 1, 1, 0, 0, 0, 0, 1, 1, 2, 1, 2, 2, 0, 0, 2, 1, 0, 1, 0, 1, 2, 1, 1, 1, 1, 1, 2, 0, 1, 1, 0, 0, 0, 1, 2, 1, 0, 0, 1, 0, 2, 2, 1, 0, 1, 2, 2, 0, 1, 0, 0, 0, 1, 2]|[4, 3, 2, 2, 0, 0, 2, 2, 2, 4, 1, 1, 2, 4, 4, 1, 1, 4, 2, 1, 1, 1, 1, 2, 1, 2, 1, 1, 1, 1, 3, 2, 3, 0, 4, 0, 1, 1, 0, 3, 2, 2, 4, 0, 1, 1, 0, 2, 0, 1, 2, 2, 1, 4, 0, 3, 2, 1, 1, 2, 1, 3, 1, 1, 2, 3, 0, 4, 3, 1, 4, 1, 1, 2, 4, 4, 2, 1, 1, 3, 1, 3, 1, 1, 1, 1, 1, 1, 3, 1, 4, 1, 1, 1, 1, 2, 2, 2, 3, 1]|[0, 2, 1, 1, 3, 3, 0, 1, 0, 0, 0, 0, 1, 0, 1, 0, 0, 3, 1, 0, 0, 0, 3, 1, 0, 2, 0, 0, 0, 1, 0, 0, 0, 0, 3, 0, 1, 0, 0, 2, 1, 1, 2, 0, 0, 0, 0, 1, 1, 0, 0, 0, 1, 3, 0, 0, 1, 0, 0, 1, 0, 2, 0, 1, 1, 2, 1, 0, 0, 1, 1, 3, 0, 1, 3, 3, 1, 0, 0, 2, 0, 0, 0, 0, 1, 0, 0, 0, 2, 0, 0, 0, 0, 1, 1, 0, 0, 0, 0, 0],726.5166666990641,57135.20388380303,91654.14664699574,true
53,G4_BALANCED,G4_BALANCED,[31, 11, 82, 15, 26, 9, 95, 42, 77, 68, 47, 5, 93, 78, 86, 54, 85, 63, 18, 44, 20, 49, 36, 14, 74, 50, 53, 17, 21, 45, 71, 64, 3, 23, 30, 83, 24, 41, 60, 52, 65, 27, 90, 70, 39, 87, 48, 69, 99, 4, 46, 1, 13, 58, 97, 59, 28, 75, 73, 37, 35, 79, 22, 66, 76, 32, 40, 80, 96, 6, 61, 16, 7, 33, 57, 34, 12, 67, 10, 98, 56, 88, 29, 8, 91, 38, 19, 92, 43, 84, 51, 72, 81, 25, 94, 55, 0, 89, 2, 62]|[2, 1, 2, 1, 1, 2, 1, 1, 1, 1, 1, 0, 2, 2, 1, 2, 0, 0, 0, 2, 2, 1, 0, 2, 0, 2, 2, 1, 0, 1, 1, 1, 0, 0, 1, 0, 2, 1, 2, 2, 0, 0, 1, 1, 0, 2, 0, 2, 1, 0, 0, 2, 0, 0, 2, 0, 1, 1, 0, 0, 2, 1, 0, 2, 2, 0, 2, 2, 0, 1, 2, 2, 2, 1, 0, 1, 1, 1, 1, 2, 2, 1, 1, 0, 1, 0, 1, 0, 1, 0, 1, 1, 1, 1, 2, 0, 0, 1, 2, 1]|[0, 3, 0, 2, 4, 1, 4, 4, 2, 4, 3, 2, 1, 0, 2, 1, 1, 1, 2, 1, 1, 3, 0, 1, 0, 1, 1, 4, 1, 4, 3, 2, 2, 0, 4, 1, 1, 4, 0, 1, 2, 1, 4, 4, 1, 1, 0, 2, 3, 1, 2, 1, 2, 1, 1, 2, 4, 3, 0, 2, 2, 3, 1, 0, 1, 2, 0, 1, 2, 4, 1, 1, 1, 4, 2, 4, 3, 3, 3, 1, 1, 4, 3, 2, 3, 2, 4, 2, 4, 2, 3, 4, 1, 4, 1, 2, 2, 4, 1, 3]|[0, 2, 0, 1, 3, 0, 1, 3, 0, 0, 2, 0, 1, 0, 1, 0, 0, 0, 1, 0, 0, 2, 0, 0, 1, 0, 0, 3, 0, 1, 0, 2, 0, 1, 3, 0, 1, 3, 1, 0, 0, 0, 1, 3, 0, 0, 1, 0, 2, 0, 0, 0, 0, 0, 1, 0, 1, 0, 1, 1, 0, 2, 0, 0, 0, 0, 1, 0, 0, 2, 0, 0, 0, 1, 0, 1, 0, 0, 3, 0, 0, 1, 0, 0, 0, 0, 3, 0, 2, 0, 0, 2, 1, 3, 0, 0, 0, 1, 0, 0],843.8855010804491,52510.30755899072,105664.6447807653,false
53,G2_TEC,G2_TEC,[31, 94, 82, 15, 26, 9, 95, 42, 77, 68, 47, 5, 93, 78, 86, 54, 85, 63, 18, 44, 20, 49, 36, 14, 74, 50, 53, 17, 21, 28, 11, 64, 3, 23, 30, 83, 24, 41, 40, 52, 65, 27, 90, 70, 39, 87, 48, 69, 99, 4, 98, 1, 13, 56, 97, 59, 45, 8, 73, 37, 35, 79, 71, 66, 76, 32, 60, 80, 58, 6, 67, 61, 33, 7, 57, 34, 12, 16, 10, 22, 96, 88, 43, 81, 91, 2, 84, 29, 92, 19, 89, 55, 51, 46, 25, 75, 38, 72, 62, 0]|[2, 1, 2, 1, 1, 2, 1, 1, 1, 1, 1, 0, 2, 2, 1, 2, 0, 0, 0, 2, 2, 1, 0, 2, 0, 2, 2, 1, 0, 1, 1, 1, 0, 0, 1, 0, 2, 1, 2, 2, 0, 0, 1, 1, 0, 2, 0, 2, 1, 0, 2, 2, 0, 2, 2, 0, 1, 1, 0, 0, 2, 1, 1, 2, 2, 0, 2, 2, 2, 1, 2, 1, 1, 2, 0, 1, 1, 2, 1, 2, 0, 1, 1, 1, 1, 0, 0, 1, 0, 1, 1, 0, 1, 0, 1, 0, 0, 1, 1, 0]|[0, 3, 0, 3, 4, 1, 4, 4, 4, 4, 3, 2, 1, 0, 2, 1, 1, 1, 2, 1, 1, 3, 0, 1, 0, 1, 1, 4, 1, 4, 3, 2, 2, 0, 4, 1, 1, 4, 1, 1, 2, 1, 4, 4, 1, 1, 0, 1, 3, 2, 1, 1, 2, 1, 1, 2, 4, 3, 0, 2, 1, 3, 3, 1, 1, 2, 1, 1, 1, 4, 1, 3, 4, 1, 2, 4, 3, 1, 3, 1, 2, 4, 4, 4, 3, 2, 2, 3, 2, 4, 4, 2, 3, 2, 4, 2, 2, 4, 3, 2]|[0, 2, 0, 0, 3, 0, 1, 3, 1, 0, 2, 0, 1, 0, 1, 0, 0, 0, 1, 0, 0, 2, 0, 0, 1, 0, 0, 3, 0, 1, 0, 2, 0, 0, 3, 0, 1, 1, 0, 0, 0, 0, 1, 3, 0, 0, 1, 0, 2, 0, 0, 0, 0, 0, 1, 0, 1, 0, 1, 1, 0, 2, 0, 0, 0, 0, 0, 0, 0, 2, 0, 0, 1, 0, 0, 1, 0, 0, 3, 0, 0, 1, 2, 2, 0, 0, 0, 3, 0, 1, 1, 0, 0, 0, 3, 0, 0, 1, 0, 0],910.6016522559228,48441.78517559203,107030.90942221809,false
53,G3_TWC,G4_BALANCED,[31, 22, 42, 15, 26, 58, 95, 82, 77, 12, 47, 5, 93, 78, 98, 54, 85, 63, 18, 44, 20, 35, 43, 97, 91, 76, 10, 30, 21, 45, 71, 64, 1, 23, 17, 83, 24, 61, 60, 49, 6, 57, 94, 88, 65, 56, 79, 40, 67, 68, 46, 75, 38, 9, 19, 32, 81, 41, 27, 62, 87, 90, 99, 59, 53, 16, 72, 73, 70, 39, 37, 84, 3, 92, 25, 74, 28, 0, 51, 7, 11, 14, 86, 48, 89, 50, 66, 96, 33, 80, 4, 8, 55, 36, 29, 52, 13, 2, 69, 34]|[1, 1, 0, 1, 1, 1, 2, 1, 2, 1, 2, 2, 2, 1, 1, 0, 0, 1, 0, 2, 2, 0, 1, 2, 0, 1, 2, 2, 0, 0, 1, 2, 1, 0, 1, 0, 2, 0, 1, 1, 0, 1, 1, 1, 0, 2, 1, 1, 0, 0, 0, 0, 1, 1, 2, 1, 2, 0, 0, 0, 2, 1, 0, 1, 0, 1, 2, 1, 1, 1, 1, 1, 2, 0, 1, 2, 0, 0, 0, 1, 2, 1, 0, 0, 1, 0, 0, 2, 2, 0, 0, 1, 2, 0, 0, 1, 0, 0, 1, 2]|[4, 3, 2, 2, 0, 0, 2, 2, 2, 4, 1, 1, 2, 4, 4, 1, 1, 4, 2, 1, 1, 1, 1, 2, 1, 2, 1, 1, 1, 1, 3, 2, 3, 0, 4, 0, 1, 1, 0, 3, 2, 2, 4, 0, 1, 1, 3, 2, 0, 1, 2, 2, 1, 4, 0, 3, 2, 1, 1, 2, 1, 3, 1, 1, 2, 3, 0, 4, 3, 1, 4, 1, 1, 2, 4, 1, 2, 1, 1, 3, 1, 3, 1, 1, 1, 1, 1, 1, 1, 1, 2, 3, 1, 1, 2, 1, 2, 2, 3, 1]|[0, 2, 1, 1, 3, 3, 0, 1, 0, 0, 0, 0, 1, 0, 1, 0, 0, 3, 1, 0, 0, 0, 3, 1, 0, 2, 0, 0, 0, 1, 0, 0, 0, 0, 3, 0, 1, 0, 0, 2, 1, 1, 2, 0, 0, 0, 0, 1, 1, 0, 0, 0, 1, 3, 0, 0, 1, 0, 0, 1, 0, 2, 0, 1, 1, 2, 1, 0, 0, 1, 1, 3, 0, 1, 3, 0, 1, 0, 0, 2, 0, 0, 0, 0, 1, 0, 0, 0, 0, 0, 1, 2, 0, 1, 0, 1, 0, 0, 0, 0],787.7354273239397,57319.98389756265,87481.7179896983,true
53,G1_CMAX,G4_BALANCED,[31, 22, 82, 15, 26, 58, 95, 42, 77, 12, 47, 5, 93, 78, 86, 54, 85, 63, 18, 44, 20, 35, 43, 97, 66, 76, 79, 30, 21, 45, 71, 64, 1, 23, 17, 83, 24, 14, 60, 36, 6, 57, 40, 88, 65, 56, 10, 94, 67, 68, 46, 75, 38, 9, 19, 32, 41, 81, 27, 62, 87, 90, 99, 59, 16, 72, 73, 70, 39, 37, 84, 3, 92, 25, 55, 48, 11, 29, 51, 96, 33, 61, 98, 28, 89, 50, 4, 34, 53, 80, 8, 91, 7, 49, 52, 0, 74, 69, 2, 13]|[1, 1, 0, 1, 1, 0, 1, 2, 2, 1, 2, 2, 2, 1, 1, 0, 0, 1, 0, 2, 2, 0, 2, 2, 0, 1, 2, 2, 0, 0, 1, 2, 1, 2, 1, 0, 2, 0, 1, 1, 0, 1, 1, 1, 0, 2, 2, 1, 0, 0, 0, 0, 1, 1, 2, 1, 0, 2, 0, 2, 2, 1, 0, 1, 1, 2, 1, 1, 1, 1, 1, 1, 0, 1, 2, 0, 2, 0, 0, 2, 2, 1, 2, 0, 1, 0, 1, 2, 0, 0, 1, 0, 1, 0, 1, 0, 2, 1, 0, 0]|[4, 3, 2, 2, 4, 1, 2, 2, 2, 4, 2, 1, 2, 4, 4, 1, 2, 4, 2, 1, 1, 1, 2, 2, 1, 2, 1, 1, 1, 1, 3, 2, 3, 1, 4, 0, 1, 1, 0, 3, 2, 2, 2, 0, 1, 1, 1, 4, 0, 1, 2, 2, 1, 4, 0, 3, 1, 1, 1, 1, 1, 3, 1, 1, 3, 0, 4, 3, 1, 4, 1, 1, 2, 4, 1, 1, 1, 1, 1, 1, 1, 3, 1, 2, 1, 1, 4, 1, 2, 1, 3, 1, 1, 1, 1, 2, 1, 4, 2, 2]|[0, 2, 1, 1, 3, 0, 1, 0, 0, 0, 0, 0, 0, 0, 1, 0, 0, 3, 1, 0, 0, 0, 1, 1, 0, 2, 0, 0, 0, 0, 0, 0, 0, 0, 3, 0, 1, 0, 0, 2, 1, 1, 1, 0, 0, 0, 0, 2, 1, 0, 0, 0, 1, 3, 0, 0, 0, 0, 0, 0, 0, 2, 0, 1, 2, 1, 0, 0, 1, 1, 3, 1, 1, 3, 0, 0, 0, 0, 0, 0, 0, 0, 0, 1, 1, 0, 0, 0, 1, 0, 2, 0, 2, 1, 1, 0, 0, 2, 0, 0],833.102820254495,54845.058524332984,98518.43558293639,true
53,G4_BALANCED,G4_BALANCED,[31, 11, 82, 15, 26, 9, 95, 42, 77, 68, 47, 5, 93, 78, 86, 54, 85, 63, 18, 44, 20, 49, 36, 14, 74, 50, 53, 17, 21, 45, 71, 64, 3, 23, 30, 83, 24, 41, 60, 52, 65, 27, 90, 70, 39, 87, 48, 69, 99, 4, 46, 1, 13, 58, 97, 59, 28, 75, 73, 37, 35, 79, 22, 66, 76, 32, 40, 80, 96, 6, 61, 16, 7, 33, 57, 34, 12, 67, 10, 98, 56, 88, 29, 8, 91, 38, 19, 92, 43, 84, 51, 72, 81, 25, 94, 55, 0, 89, 2, 62]|[2, 1, 2, 1, 1, 2, 1, 1, 1, 1, 1, 0, 2, 2, 1, 2, 0, 0, 0, 2, 2, 1, 0, 2, 0, 2, 2, 1, 0, 1, 1, 1, 0, 0, 1, 0, 2, 1, 2, 2, 0, 0, 1, 1, 0, 2, 0, 2, 1, 0, 0, 2, 0, 0, 2, 0, 1, 1, 0, 0, 2, 1, 0, 2, 2, 0, 2, 2, 0, 1, 2, 2, 2, 1, 0, 1, 1, 1, 1, 2, 2, 1, 1, 0, 1, 0, 1, 0, 1, 0, 1, 1, 1, 1, 2, 0, 0, 1, 2, 1]|[0, 3, 0, 2, 4, 1, 4, 4, 2, 4, 3, 2, 1, 0, 2, 1, 1, 1, 2, 1, 1, 3, 0, 1, 0, 1, 1, 4, 1, 4, 3, 2, 2, 0, 4, 1, 1, 4, 0, 1, 2, 1, 4, 4, 1, 1, 0, 2, 3, 1, 2, 1, 2, 1, 1, 2, 4, 3, 0, 2, 2, 3, 1, 0, 1, 2, 0, 1, 2, 4, 1, 1, 1, 4, 2, 4, 3, 3, 3, 1, 1, 4, 3, 2, 3, 2, 4, 2, 4, 2, 3, 4, 1, 4, 1, 2, 2, 4, 1, 3]|[0, 2, 0, 1, 3, 0, 1, 3, 0, 0, 2, 0, 1, 0, 1, 0, 0, 0, 1, 0, 0, 2, 0, 0, 1, 0, 0, 3, 0, 1, 0, 2, 0, 1, 3, 0, 1, 3, 1, 0, 0, 0, 1, 3, 0, 0, 1, 0, 2, 0, 0, 0, 0, 0, 1, 0, 1, 0, 1, 1, 0, 2, 0, 0, 0, 0, 1, 0, 0, 2, 0, 0, 0, 1, 0, 1, 0, 0, 3, 0, 0, 1, 0, 0, 0, 0, 3, 0, 2, 0, 0, 2, 1, 3, 0, 0, 0, 1, 0, 0],843.8855010804491,52510.30755899072,105664.6447807653,false
53,G2_TEC,G2_TEC,[31, 94, 82, 15, 26, 9, 95, 42, 77, 68, 47, 5, 93, 78, 86, 54, 85, 63, 18, 44, 20, 49, 36, 14, 74, 50, 53, 17, 21, 28, 11, 64, 3, 23, 30, 83, 24, 41, 40, 52, 65, 27, 90, 70, 39, 87, 48, 69, 99, 4, 98, 1, 13, 56, 97, 59, 45, 8, 73, 37, 35, 79, 71, 66, 76, 32, 60, 80, 58, 6, 67, 61, 33, 7, 57, 34, 12, 16, 10, 22, 96, 88, 43, 81, 91, 2, 84, 29, 92, 19, 89, 55, 51, 46, 25, 75, 38, 72, 62, 0]|[2, 1, 2, 1, 1, 2, 1, 1, 1, 1, 1, 0, 2, 2, 1, 2, 0, 0, 0, 2, 2, 1, 0, 2, 0, 2, 2, 1, 0, 1, 1, 1, 0, 0, 1, 0, 2, 1, 2, 2, 0, 0, 1, 1, 0, 2, 0, 2, 1, 0, 2, 2, 0, 2, 2, 0, 1, 1, 0, 0, 2, 1, 1, 2, 2, 0, 2, 2, 2, 1, 2, 1, 1, 2, 0, 1, 1, 2, 1, 2, 0, 1, 1, 1, 1, 0, 0, 1, 0, 1, 1, 0, 1, 0, 1, 0, 0, 1, 1, 0]|[0, 3, 0, 3, 4, 1, 4, 4, 4, 4, 3, 2, 1, 0, 2, 1, 1, 1, 2, 1, 1, 3, 0, 1, 0, 1, 1, 4, 1, 4, 3, 2, 2, 0, 4, 1, 1, 4, 1, 1, 2, 1, 4, 4, 1, 1, 0, 1, 3, 2, 1, 1, 2, 1, 1, 2, 4, 3, 0, 2, 1, 3, 3, 1, 1, 2, 1, 1, 1, 4, 1, 3, 4, 1, 2, 4, 3, 1, 3, 1, 2, 4, 4, 4, 3, 2, 2, 3, 2, 4, 4, 2, 3, 2, 4, 2, 2, 4, 3, 2]|[0, 2, 0, 0, 3, 0, 1, 3, 1, 0, 2, 0, 1, 0, 1, 0, 0, 0, 1, 0, 0, 2, 0, 0, 1, 0, 0, 3, 0, 1, 0, 2, 0, 0, 3, 0, 1, 1, 0, 0, 0, 0, 1, 3, 0, 0, 1, 0, 2, 0, 0, 0, 0, 0, 1, 0, 1, 0, 1, 1, 0, 2, 0, 0, 0, 0, 0, 0, 0, 2, 0, 0, 1, 0, 0, 1, 0, 0, 3, 0, 0, 1, 2, 2, 0, 0, 0, 3, 0, 1, 1, 0, 0, 0, 3, 0, 0, 1, 0, 0],910.6016522559228,48441.78517559203,107030.90942221809,false
53,G3_TWC,G4_BALANCED,[31, 22, 42, 15, 26, 58, 95, 82, 77, 12, 47, 5, 93, 78, 98, 54, 85, 63, 18, 44, 20, 35, 43, 97, 91, 76, 10, 30, 21, 45, 71, 64, 1, 23, 17, 83, 24, 61, 60, 49, 6, 57, 94, 88, 65, 56, 79, 40, 67, 68, 46, 75, 38, 9, 19, 32, 81, 41, 27, 62, 87, 90, 99, 59, 53, 16, 72, 73, 70, 39, 37, 84, 3, 92, 25, 74, 28, 0, 51, 7, 11, 14, 86, 48, 89, 50, 66, 96, 33, 80, 4, 8, 55, 36, 29, 52, 13, 2, 69, 34]|[1, 1, 0, 1, 1, 1, 2, 1, 2, 1, 2, 2, 2, 1, 1, 0, 0, 1, 0, 2, 2, 0, 1, 2, 0, 1, 2, 2, 0, 0, 1, 2, 1, 0, 1, 0, 2, 0, 1, 1, 0, 1, 1, 1, 0, 2, 1, 1, 0, 0, 0, 0, 1, 1, 2, 1, 2, 0, 0, 0, 2, 1, 0, 1, 0, 1, 2, 1, 1, 1, 1, 1, 2, 0, 1, 2, 0, 0, 0, 1, 2, 1, 0, 0, 1, 0, 0, 2, 2, 0, 0, 1, 2, 0, 0, 1, 0, 0, 1, 2]|[4, 3, 2, 2, 0, 0, 2, 2, 2, 4, 1, 1, 2, 4, 4, 1, 1, 4, 2, 1, 1, 1, 1, 2, 1, 2, 1, 1, 1, 1, 3, 2, 3, 0, 4, 0, 1, 1, 0, 3, 2, 2, 4, 0, 1, 1, 3, 2, 0, 1, 2, 2, 1, 4, 0, 3, 2, 1, 1, 2, 1, 3, 1, 1, 2, 3, 0, 4, 3, 1, 4, 1, 1, 2, 4, 1, 2, 1, 1, 3, 1, 3, 1, 1, 1, 1, 1, 1, 1, 1, 2, 3, 1, 1, 2, 1, 2, 2, 3, 1]|[0, 2, 1, 1, 3, 3, 0, 1, 0, 0, 0, 0, 1, 0, 1, 0, 0, 3, 1, 0, 0, 0, 3, 1, 0, 2, 0, 0, 0, 1, 0, 0, 0, 0, 3, 0, 1, 0, 0, 2, 1, 1, 2, 0, 0, 0, 0, 1, 1, 0, 0, 0, 1, 3, 0, 0, 1, 0, 0, 1, 0, 2, 0, 1, 1, 2, 1, 0, 0, 1, 1, 3, 0, 1, 3, 0, 1, 0, 0, 2, 0, 0, 0, 0, 1, 0, 0, 0, 0, 0, 1, 2, 0, 1, 0, 1, 0, 0, 0, 0],787.7354273239397,57319.98389756265,87481.7179896983,true
53,G1_CMAX,G4_BALANCED,[31, 22, 82, 15, 26, 58, 95, 42, 77, 12, 47, 5, 93, 78, 86, 54, 85, 63, 18, 44, 20, 35, 43, 97, 66, 76, 10, 30, 21, 45, 71, 64, 1, 23, 17, 83, 24, 14, 60, 36, 6, 57, 40, 88, 65, 56, 79, 94, 67, 68, 46, 29, 38, 9, 19, 32, 81, 41, 27, 87, 90, 62, 99, 59, 11, 16, 72, 73, 70, 39, 37, 84, 3, 92, 25, 55, 28, 75, 51, 7, 91, 61, 98, 8, 89, 50, 33, 96, 49, 48, 80, 4, 34, 53, 52, 0, 13, 2, 69, 74]|[1, 1, 0, 1, 1, 0, 1, 2, 2, 1, 2, 2, 2, 1, 1, 0, 0, 1, 0, 2, 2, 0, 1, 2, 0, 1, 2, 2, 0, 0, 1, 2, 1, 2, 1, 0, 2, 0, 1, 1, 0, 1, 1, 1, 0, 2, 1, 1, 0, 0, 0, 0, 1, 1, 2, 1, 2, 0, 0, 2, 1, 0, 0, 2, 2, 1, 2, 1, 1, 1, 1, 1, 1, 0, 1, 2, 0, 0, 0, 1, 2, 1, 1, 1, 1, 0, 2, 2, 0, 0, 0, 1, 2, 0, 1, 0, 0, 0, 1, 2]|[4, 3, 2, 2, 4, 1, 2, 2, 2, 4, 1, 1, 2, 4, 4, 1, 1, 4, 2, 1, 1, 1, 1, 2, 1, 2, 1, 1, 1, 1, 3, 1, 3, 1, 4, 0, 1, 1, 0, 3, 2, 2, 2, 0, 1, 1, 0, 4, 0, 1, 2, 1, 1, 4, 0, 3, 2, 1, 1, 1, 3, 2, 1, 1, 1, 3, 1, 4, 3, 1, 4, 1, 1, 0, 4, 1, 2, 2, 1, 1, 1, 3, 4, 3, 1, 1, 1, 1, 1, 1, 1, 4, 1, 2, 1, 2, 2, 2, 4, 1]|[0, 2, 1, 1, 3, 0, 1, 0, 0, 0, 0, 0, 1, 0, 1, 0, 0, 3, 1, 0, 0, 0, 3, 1, 0, 2, 0, 0, 0, 0, 0, 0, 0, 0, 3, 0, 1, 0, 0, 2, 1, 1, 1, 0, 0, 0, 0, 2, 1, 0, 0, 0, 1, 3, 0, 0, 1, 0, 0, 0, 2, 1, 0, 0, 0, 2, 0, 0, 0, 1, 1, 3, 1, 1, 3, 0, 1, 0, 0, 2, 0, 0, 1, 2, 1, 0, 0, 0, 1, 0, 0, 0, 0, 1, 1, 0, 0, 0, 2, 0],820.9533813903317,55075.289204387875,98896.49816512917,true
53,G4_BALANCED,G4_BALANCED,[31, 11, 15, 82, 26, 9, 95, 32, 77, 68, 47, 5, 93, 78, 86, 54, 85, 63, 18, 44, 20, 49, 36, 14, 74, 50, 53, 17, 21, 45, 71, 64, 3, 23, 30, 83, 24, 41, 60, 52, 51, 27, 90, 70, 39, 87, 48, 69, 99, 4, 46, 1, 13, 58, 97, 59, 28, 8, 73, 37, 35, 79, 22, 66, 76, 42, 40, 80, 96, 6, 16, 61, 33, 7, 57, 34, 12, 67, 10, 98, 56, 88, 29, 25, 91, 38, 19, 92, 43, 84, 65, 72, 81, 75, 2, 55, 62, 89, 94, 0]|[2, 1, 1, 2, 1, 2, 1, 1, 1, 1, 1, 0, 2, 2, 1, 2, 0, 0, 0, 2, 2, 1, 0, 2, 0, 2, 2, 1, 0, 1, 1, 1, 0, 0, 1, 0, 2, 1, 2, 2, 0, 0, 1, 1, 0, 2, 0, 2, 1, 0, 0, 2, 0, 0, 2, 0, 1, 1, 0, 0, 2, 1, 1, 2, 2, 0, 2, 2, 0, 1, 2, 1, 1, 2, 0, 1, 2, 1, 1, 2, 2, 1, 1, 1, 1, 0, 1, 0, 1, 0, 1, 1, 1, 0, 2, 0, 1, 1, 2, 0]|[1, 3, 2, 0, 4, 1, 4, 4, 2, 4, 3, 2, 1, 0, 2, 1, 1, 1, 2, 1, 1, 3, 0, 1, 0, 1, 1, 4, 1, 4, 3, 2, 2, 0, 4, 1, 1, 4, 0, 1, 2, 1, 4, 4, 1, 1, 0, 2, 3, 1, 2, 1, 2, 1, 1, 2, 4, 3, 0, 2, 2, 3, 3, 0, 1, 2, 0, 1, 2, 4, 1, 3, 4, 1, 2, 4, 1, 3, 3, 1, 1, 4, 3, 4, 3, 2, 4, 2, 4, 2, 3, 4, 1, 2, 1, 2, 3, 4, 1, 2]|[1, 2, 1, 0, 3, 0, 1, 3, 0, 0, 2, 0, 1, 0, 1, 0, 0, 0, 1, 0, 0, 2, 0, 0, 1, 0, 0, 3, 0, 1, 0, 2, 0, 1, 3, 0, 1, 3, 1, 0, 0, 0, 1, 3, 0, 0, 1, 0, 2, 0, 0, 0, 0, 0, 1, 0, 1, 0, 1, 1, 0, 2, 2, 0, 0, 0, 1, 0, 0, 2, 0, 0, 1, 0, 0, 1, 0, 0, 3, 0, 0, 1, 0, 3, 0, 0, 1, 0, 2, 0, 0, 2, 1, 0, 0, 0, 0, 1, 0, 0],850.9632869082183,52431.02217786142,105346.60403335126,false
53,G2_TEC,G2_TEC,[31, 94, 82, 15, 26, 9, 95, 42, 77, 68, 47, 5, 93, 78, 86, 54, 85, 63, 18, 44, 20, 49, 36, 14, 74, 50, 53, 17, 21, 28, 11, 64, 3, 23, 30, 83, 24, 41, 40, 52, 65, 27, 90, 70, 39, 87, 48, 69, 99, 4, 98, 1, 13, 56, 97, 59, 45, 8, 73, 37, 35, 79, 71, 66, 76, 32, 60, 80, 58, 6, 67, 61, 33, 7, 57, 34, 12, 16, 10, 22, 96, 88, 43, 81, 91, 2, 84, 29, 92, 19, 89, 55, 51, 46, 25, 75, 38, 72, 62, 0]|[2, 1, 2, 1, 1, 2, 1, 1, 1, 1, 1, 0, 2, 2, 1, 2, 0, 0, 0, 2, 2, 1, 0, 2, 0, 2, 2, 1, 0, 1, 1, 1, 0, 0, 1, 0, 2, 1, 2, 2, 0, 0, 1, 1, 0, 2, 0, 2, 1, 0, 2, 2, 0, 2, 2, 0, 1, 1, 0, 0, 2, 1, 1, 2, 2, 0, 2, 2, 2, 1, 2, 1, 1, 2, 0, 1, 1, 2, 1, 2, 0, 1, 1, 1, 1, 0, 0, 1, 0, 1, 1, 0, 1, 0, 1, 0, 0, 1, 1, 0]|[0, 3, 0, 3, 4, 1, 4, 4, 4, 4, 3, 2, 1, 0, 2, 1, 1, 1, 2, 1, 1, 3, 0, 1, 0, 1, 1, 4, 1, 4, 3, 2, 2, 0, 4, 1, 1, 4, 1, 1, 2, 1, 4, 4, 1, 1, 0, 1, 3, 2, 1, 1, 2, 1, 1, 2, 4, 3, 0, 2, 1, 3, 3, 1, 1, 2, 1, 1, 1, 4, 1, 3, 4, 1, 2, 4, 3, 1, 3, 1, 2, 4, 4, 4, 3, 2, 2, 3, 2, 4, 4, 2, 3, 2, 4, 2, 2, 4, 3, 2]|[0, 2, 0, 0, 3, 0, 1, 3, 1, 0, 2, 0, 1, 0, 1, 0, 0, 0, 1, 0, 0, 2, 0, 0, 1, 0, 0, 3, 0, 1, 0, 2, 0, 0, 3, 0, 1, 1, 0, 0, 0, 0, 1, 3, 0, 0, 1, 0, 2, 0, 0, 0, 0, 0, 1, 0, 1, 0, 1, 1, 0, 2, 0, 0, 0, 0, 0, 0, 0, 2, 0, 0, 1, 0, 0, 1, 0, 0, 3, 0, 0, 1, 2, 2, 0, 0, 0, 3, 0, 1, 1, 0, 0, 0, 3, 0, 0, 1, 0, 0],910.6016522559228,48441.78517559203,107030.90942221809,false
53,G3_TWC,G4_BALANCED,[31, 22, 42, 15, 26, 58, 95, 82, 77, 12, 47, 5, 93, 78, 98, 54, 85, 63, 18, 44, 20, 35, 43, 97, 91, 76, 10, 30, 21, 45, 71, 64, 1, 23, 17, 83, 24, 61, 60, 49, 6, 57, 94, 88, 65, 56, 79, 40, 67, 68, 46, 75, 38, 9, 19, 32, 81, 41, 27, 62, 87, 90, 99, 59, 53, 16, 72, 73, 70, 39, 37, 84, 3, 92, 25, 74, 28, 0, 51, 7, 11, 14, 86, 48, 89, 50, 66, 96, 33, 80, 4, 8, 55, 36, 29, 52, 13, 2, 69, 34]|[1, 1, 0, 1, 1, 1, 2, 1, 2, 1, 2, 2, 2, 1, 1, 0, 0, 1, 0, 2, 2, 0, 1, 2, 0, 1, 2, 2, 0, 0, 1, 2, 1, 0, 1, 0, 2, 0, 1, 1, 0, 1, 1, 1, 0, 2, 1, 1, 0, 0, 0, 0, 1, 1, 2, 1, 2, 0, 0, 0, 2, 1, 0, 1, 0, 1, 2, 1, 1, 1, 1, 1, 2, 0, 1, 2, 0, 0, 0, 1, 2, 1, 0, 0, 1, 0, 0, 2, 2, 0, 0, 1, 2, 0, 0, 1, 0, 0, 1, 2]|[4, 3, 2, 2, 0, 0, 2, 2, 2, 4, 1, 1, 2, 4, 4, 1, 1, 4, 2, 1, 1, 1, 1, 2, 1, 2, 1, 1, 1, 1, 3, 2, 3, 0, 4, 0, 1, 1, 0, 3, 2, 2, 4, 0, 1, 1, 3, 2, 0, 1, 2, 2, 1, 4, 0, 3, 2, 1, 1, 2, 1, 3, 1, 1, 2, 3, 0, 4, 3, 1, 4, 1, 1, 2, 4, 1, 2, 1, 1, 3, 1, 3, 1, 1, 1, 1, 1, 1, 1, 1, 2, 3, 1, 1, 2, 1, 2, 2, 3, 1]|[0, 2, 1, 1, 3, 3, 0, 1, 0, 0, 0, 0, 1, 0, 1, 0, 0, 3, 1, 0, 0, 0, 3, 1, 0, 2, 0, 0, 0, 1, 0, 0, 0, 0, 3, 0, 1, 0, 0, 2, 1, 1, 2, 0, 0, 0, 0, 1, 1, 0, 0, 0, 1, 3, 0, 0, 1, 0, 0, 1, 0, 2, 0, 1, 1, 2, 1, 0, 0, 1, 1, 3, 0, 1, 3, 0, 1, 0, 0, 2, 0, 0, 0, 0, 1, 0, 0, 0, 0, 0, 1, 2, 0, 1, 0, 1, 0, 0, 0, 0],787.7354273239397,57319.98389756265,87481.7179896983,true
53,G1_CMAX,G2_TEC,[31, 94, 82, 15, 26, 9, 95, 42, 77, 68, 47, 5, 93, 78, 86, 54, 85, 63, 18, 44, 20, 49, 36, 14, 74, 50, 53, 17, 21, 28, 11, 64, 3, 23, 30, 83, 24, 41, 40, 52, 65, 27, 90, 70, 39, 87, 48, 69, 99, 4, 98, 1, 13, 56, 97, 59, 45, 8, 73, 37, 35, 79, 71, 66, 76, 32, 60, 80, 58, 6, 67, 61, 33, 7, 57, 34, 12, 16, 10, 46, 96, 88, 43, 81, 91, 2, 84, 29, 92, 19, 51, 55, 89, 75, 72, 25, 38, 22, 62, 0]|[2, 1, 2, 1, 1, 2, 1, 1, 1, 1, 1, 0, 2, 2, 1, 2, 0, 0, 0, 2, 2, 1, 0, 2, 0, 2, 2, 1, 0, 1, 1, 1, 0, 0, 1, 0, 2, 1, 2, 2, 0, 0, 1, 1, 0, 2, 0, 2, 1, 0, 2, 2, 0, 2, 2, 0, 1, 1, 0, 0, 2, 1, 1, 2, 2, 0, 2, 2, 2, 1, 2, 1, 1, 2, 0, 1, 1, 2, 1, 0, 0, 1, 1, 1, 1, 0, 0, 1, 0, 1, 1, 0, 1, 1, 1, 1, 0, 2, 1, 0]|[0, 3, 0, 3, 4, 1, 4, 4, 4, 4, 3, 2, 1, 0, 2, 1, 1, 2, 2, 1, 1, 3, 0, 1, 0, 1, 1, 4, 1, 4, 3, 2, 2, 0, 4, 1, 1, 4, 1, 1, 2, 1, 4, 4, 1, 1, 0, 1, 3, 2, 1, 1, 2, 1, 1, 2, 4, 3, 0, 2, 1, 3, 3, 1, 1, 2, 1, 1, 1, 4, 1, 3, 4, 1, 2, 4, 3, 1, 3, 2, 2, 4, 4, 4, 3, 2, 2, 3, 2, 4, 3, 2, 4, 3, 4, 4, 2, 1, 3, 2]|[0, 2, 0, 0, 3, 0, 1, 3, 1, 0, 2, 0, 1, 0, 1, 0, 0, 0, 1, 0, 0, 2, 0, 0, 1, 0, 0, 3, 0, 1, 0, 2, 0, 0, 3, 0, 1, 1, 0, 0, 0, 0, 1, 3, 0, 0, 1, 0, 2, 0, 0, 0, 0, 0, 1, 0, 1, 0, 1, 1, 0, 2, 0, 0, 0, 0, 0, 0, 0, 2, 0, 0, 1, 0, 0, 1, 0, 0, 3, 0, 0, 1, 2, 2, 0, 0, 0, 3, 0, 1, 0, 0, 1, 2, 1, 3, 0, 0, 0, 0],897.1759158437911,48690.825586270475,107195.9604402051,true
53,G4_BALANCED,G4_BALANCED,[31, 11, 15, 82, 26, 9, 95, 32, 77, 68, 47, 5, 93, 78, 86, 54, 85, 63, 18, 44, 20, 49, 36, 14, 74, 50, 53, 17, 21, 45, 71, 64, 3, 23, 30, 83, 24, 41, 60, 52, 51, 27, 90, 70, 39, 87, 48, 69, 99, 4, 46, 1, 13, 58, 97, 59, 28, 8, 73, 37, 35, 79, 22, 66, 76, 42, 40, 80, 96, 6, 16, 61, 33, 7, 57, 34, 12, 67, 10, 98, 56, 88, 29, 25, 91, 38, 19, 92, 43, 84, 65, 72, 81, 75, 2, 55, 62, 89, 94, 0]|[2, 1, 1, 2, 1, 2, 1, 1, 1, 1, 1, 0, 2, 2, 1, 2, 0, 0, 0, 2, 2, 1, 0, 2, 0, 2, 2, 1, 0, 1, 1, 1, 0, 0, 1, 0, 2, 1, 2, 2, 0, 0, 1, 1, 0, 2, 0, 2, 1, 0, 0, 2, 0, 0, 2, 0, 1, 1, 0, 0, 2, 1, 1, 2, 2, 0, 2, 2, 0, 1, 2, 1, 1, 2, 0, 1, 2, 1, 1, 2, 2, 1, 1, 1, 1, 0, 1, 0, 1, 0, 1, 1, 1, 0, 2, 0, 1, 1, 2, 0]|[1, 3, 2, 0, 4, 1, 4, 4, 2, 4, 3, 2, 1, 0, 2, 1, 1, 1, 2, 1, 1, 3, 0, 1, 0, 1, 1, 4, 1, 4, 3, 2, 2, 0, 4, 1, 1, 4, 0, 1, 2, 1, 4, 4, 1, 1, 0, 2, 3, 1, 2, 1, 2, 1, 1, 2, 4, 3, 0, 2, 2, 3, 3, 0, 1, 2, 0, 1, 2, 4, 1, 3, 4, 1, 2, 4, 1, 3, 3, 1, 1, 4, 3, 4, 3, 2, 4, 2, 4, 2, 3, 4, 1, 2, 1, 2, 3, 4, 1, 2]|[1, 2, 1, 0, 3, 0, 1, 3, 0, 0, 2, 0, 1, 0, 1, 0, 0, 0, 1, 0, 0, 2, 0, 0, 1, 0, 0, 3, 0, 1, 0, 2, 0, 1, 3, 0, 1, 3, 1, 0, 0, 0, 1, 3, 0, 0, 1, 0, 2, 0, 0, 0, 0, 0, 1, 0, 1, 0, 1, 1, 0, 2, 2, 0, 0, 0, 1, 0, 0, 2, 0, 0, 1, 0, 0, 1, 0, 0, 3, 0, 0, 1, 0, 3, 0, 0, 1, 0, 2, 0, 0, 2, 1, 0, 0, 0, 0, 1, 0, 0],850.9632869082183,52431.02217786142,105346.60403335126,false
53,G2_TEC,G2_TEC,[31, 94, 82, 15, 26, 9, 95, 42, 77, 68, 47, 5, 93, 78, 86, 54, 85, 63, 18, 44, 20, 49, 36, 14, 74, 50, 53, 17, 21, 28, 11, 64, 3, 23, 30, 83, 24, 41, 40, 52, 65, 27, 90, 70, 39, 87, 48, 69, 99, 4, 98, 1, 13, 56, 97, 59, 45, 8, 73, 37, 35, 79, 71, 66, 76, 32, 60, 80, 58, 6, 67, 61, 33, 7, 57, 34, 12, 16, 10, 46, 96, 88, 43, 81, 91, 2, 84, 29, 92, 19, 51, 55, 89, 22, 72, 25, 38, 75, 62, 0]|[2, 1, 2, 1, 1, 2, 1, 1, 1, 1, 1, 0, 2, 2, 1, 2, 0, 2, 0, 2, 2, 1, 0, 2, 0, 2, 2, 1, 0, 1, 1, 1, 0, 0, 1, 0, 2, 1, 2, 2, 0, 0, 1, 1, 0, 2, 0, 2, 1, 0, 2, 2, 0, 2, 2, 0, 1, 1, 0, 0, 2, 1, 1, 2, 2, 0, 2, 2, 2, 1, 2, 1, 1, 2, 0, 1, 1, 2, 1, 0, 0, 1, 1, 0, 1, 0, 0, 1, 0, 1, 1, 0, 1, 2, 1, 1, 0, 0, 1, 0]|[0, 3, 0, 3, 4, 1, 4, 4, 4, 4, 3, 2, 1, 0, 2, 1, 1, 1, 2, 1, 1, 3, 0, 1, 0, 1, 1, 4, 1, 4, 3, 2, 2, 0, 4, 1, 1, 4, 1, 1, 2, 1, 4, 4, 1, 1, 0, 1, 3, 2, 1, 1, 2, 1, 1, 2, 4, 3, 0, 2, 1, 3, 3, 1, 1, 2, 1, 1, 1, 4, 1, 3, 4, 1, 2, 4, 3, 1, 3, 2, 2, 4, 4, 2, 3, 2, 2, 3, 2, 4, 3, 2, 4, 1, 4, 4, 2, 2, 3, 2]|[0, 2, 0, 0, 3, 0, 1, 3, 1, 0, 2, 0, 1, 0, 1, 0, 0, 0, 1, 0, 0, 2, 0, 0, 1, 0, 0, 3, 0, 1, 0, 2, 0, 0, 3, 0, 1, 1, 0, 0, 0, 0, 1, 3, 0, 0, 1, 0, 2, 0, 0, 0, 0, 0, 1, 0, 1, 0, 1, 1, 0, 2, 0, 0, 0, 0, 0, 0, 0, 2, 0, 0, 1, 0, 0, 1, 0, 0, 3, 0, 0, 1, 2, 0, 0, 0, 0, 3, 0, 1, 0, 0, 1, 0, 1, 3, 0, 0, 0, 0],935.9080787875477,48590.492504885435,106294.00165142007,false
53,G3_TWC,G4_BALANCED,[31, 22, 42, 15, 26, 58, 95, 82, 77, 12, 47, 5, 93, 78, 98, 54, 85, 63, 18, 44, 20, 35, 43, 97, 91, 76, 10, 30, 21, 45, 71, 64, 1, 23, 17, 83, 24, 61, 60, 49, 6, 57, 94, 88, 65, 56, 79, 40, 67, 68, 46, 75, 38, 9, 19, 32, 81, 41, 27, 62, 87, 90, 99, 59, 53, 16, 72, 73, 70, 39, 37, 84, 3, 92, 25, 74, 28, 0, 51, 7, 11, 14, 86, 48, 89, 50, 66, 96, 33, 80, 4, 8, 55, 36, 29, 52, 13, 2, 69, 34]|[1, 1, 0, 1, 1, 1, 2, 1, 2, 1, 2, 2, 2, 1, 1, 0, 0, 1, 0, 2, 2, 0, 1, 2, 0, 1, 2, 2, 0, 0, 1, 2, 1, 0, 1, 0, 2, 0, 1, 1, 0, 1, 1, 1, 0, 2, 1, 1, 0, 0, 0, 0, 1, 1, 2, 1, 2, 0, 0, 0, 2, 1, 0, 1, 0, 1, 2, 1, 1, 1, 1, 1, 2, 0, 1, 2, 0, 0, 0, 1, 2, 1, 0, 0, 1, 0, 0, 2, 2, 0, 0, 1, 2, 0, 0, 1, 0, 0, 1, 2]|[4, 3, 2, 2, 0, 0, 2, 2, 2, 4, 1, 1, 2, 4, 4, 1, 1, 4, 2, 1, 1, 1, 1, 2, 1, 2, 1, 1, 1, 1, 3, 2, 3, 0, 4, 0, 1, 1, 0, 3, 2, 2, 4, 0, 1, 1, 3, 2, 0, 1, 2, 2, 1, 4, 0, 3, 2, 1, 1, 2, 1, 3, 1, 1, 2, 3, 0, 4, 3, 1, 4, 1, 1, 2, 4, 1, 2, 1, 1, 3, 1, 3, 1, 1, 1, 1, 1, 1, 1, 1, 2, 3, 1, 1, 2, 1, 2, 2, 3, 1]|[0, 2, 1, 1, 3, 3, 0, 1, 0, 0, 0, 0, 1, 0, 1, 0, 0, 3, 1, 0, 0, 0, 3, 1, 0, 2, 0, 0, 0, 1, 0, 0, 0, 0, 3, 0, 1, 0, 0, 2, 1, 1, 2, 0, 0, 0, 0, 1, 1, 0, 0, 0, 1, 3, 0, 0, 1, 0, 0, 1, 0, 2, 0, 1, 1, 2, 1, 0, 0, 1, 1, 3, 0, 1, 3, 0, 1, 0, 0, 2, 0, 0, 0, 0, 1, 0, 0, 0, 0, 0, 1, 2, 0, 1, 0, 1, 0, 0, 0, 0],787.7354273239397,57319.98389756265,87481.7179896983,true
53,G1_CMAX,G1_CMAX,[31, 22, 90, 26, 58, 95, 42, 12, 93, 5, 78, 86, 98, 18, 20, 35, 3, 97, 91, 76, 10, 85, 54, 45, 63, 71, 66, 1, 23, 17, 24, 60, 36, 6, 57, 15, 65, 56, 47, 79, 94, 67, 50, 46, 14, 75, 38, 9, 30, 19, 32, 81, 27, 92, 83, 87, 40, 99, 59, 11, 53, 16, 72, 77, 73, 70, 39, 37, 84, 43, 62, 25, 55, 28, 29, 51, 68, 82, 74, 61, 88, 21, 80, 89, 7, 69, 96, 41, 48, 4, 8, 34, 49, 52, 0, 44, 13, 2, 64, 33]|[1, 1, 1, 1, 0, 2, 1, 1, 2, 2, 2, 1, 0, 1, 2, 2, 1, 2, 0, 1, 2, 2, 2, 0, 0, 1, 2, 1, 2, 1, 2, 1, 1, 0, 1, 1, 0, 2, 2, 1, 1, 0, 0, 0, 0, 1, 1, 1, 1, 2, 1, 2, 2, 0, 0, 2, 1, 0, 0, 2, 0, 1, 2, 2, 1, 1, 1, 1, 1, 1, 0, 1, 1, 0, 0, 0, 0, 0, 2, 1, 1, 0, 0, 1, 1, 1, 2, 2, 0, 1, 1, 2, 0, 1, 0, 0, 0, 0, 2, 2]|[0, 4, 3, 0, 1, 1, 2, 4, 1, 1, 2, 4, 1, 4, 1, 1, 1, 2, 2, 2, 2, 1, 1, 1, 2, 3, 2, 3, 0, 4, 1, 0, 3, 2, 2, 2, 1, 1, 1, 0, 2, 0, 1, 2, 1, 3, 1, 4, 2, 0, 3, 2, 1, 2, 1, 1, 4, 1, 1, 1, 2, 3, 0, 2, 4, 3, 1, 4, 1, 1, 1, 4, 4, 2, 1, 1, 1, 2, 1, 3, 0, 1, 1, 1, 1, 3, 1, 1, 1, 4, 3, 1, 1, 1, 2, 2, 2, 2, 1, 1]|[3, 0, 2, 3, 0, 0, 1, 0, 0, 0, 1, 0, 0, 3, 0, 0, 1, 1, 1, 2, 1, 0, 0, 0, 0, 0, 0, 0, 0, 3, 1, 0, 2, 1, 1, 1, 0, 0, 0, 0, 1, 1, 0, 0, 0, 0, 1, 3, 2, 0, 0, 1, 0, 1, 0, 0, 2, 0, 0, 0, 1, 2, 1, 1, 0, 0, 1, 1, 3, 3, 0, 3, 3, 1, 0, 0, 0, 1, 0, 0, 0, 0, 0, 1, 2, 2, 0, 0, 0, 0, 2, 0, 1, 1, 0, 0, 0, 0, 0, 0],705.0470749739228,58445.79123614564,95781.2895945797,false
53,G4_BALANCED,G4_BALANCED,[31, 11, 15, 82, 26, 9, 95, 32, 77, 68, 47, 5, 93, 78, 86, 54, 85, 63, 18, 44, 20, 49, 36, 14, 74, 50, 53, 17, 21, 45, 71, 64, 3, 23, 30, 83, 24, 41, 60, 52, 51, 27, 90, 70, 39, 87, 48, 69, 99, 4, 46, 1, 13, 58, 97, 59, 28, 8, 73, 37, 35, 79, 22, 66, 76, 42, 40, 80, 96, 6, 16, 61, 33, 7, 57, 34, 12, 67, 10, 98, 56, 88, 29, 25, 91, 38, 19, 92, 43, 84, 65, 72, 81, 75, 2, 55, 62, 89, 94, 0]|[2, 1, 1, 2, 1, 2, 1, 1, 1, 1, 1, 0, 2, 2, 1, 2, 0, 0, 0, 2, 2, 1, 0, 2, 0, 2, 2, 1, 0, 1, 1, 1, 0, 0, 1, 0, 2, 1, 2, 2, 0, 0, 1, 1, 0, 2, 0, 2, 1, 0, 0, 2, 0, 0, 2, 0, 1, 1, 0, 0, 2, 1, 1, 2, 2, 0, 2, 2, 0, 1, 2, 1, 1, 2, 0, 1, 2, 1, 1, 2, 2, 1, 1, 1, 1, 0, 1, 0, 1, 0, 1, 1, 1, 0, 2, 0, 1, 1, 2, 0]|[1, 3, 2, 0, 4, 1, 4, 4, 2, 4, 3, 2, 1, 0, 2, 1, 1, 1, 2, 1, 1, 3, 0, 1, 0, 1, 1, 4, 1, 4, 3, 2, 2, 0, 4, 1, 1, 4, 0, 1, 2, 1, 4, 4, 1, 1, 0, 2, 3, 1, 2, 1, 2, 1, 1, 2, 4, 3, 0, 2, 2, 3, 3, 0, 1, 2, 0, 1, 2, 4, 1, 3, 4, 1, 2, 4, 1, 3, 3, 1, 1, 4, 3, 4, 3, 2, 4, 2, 4, 2, 3, 4, 1, 2, 1, 2, 3, 4, 1, 2]|[1, 2, 1, 0, 3, 0, 1, 3, 0, 0, 2, 0, 1, 0, 1, 0, 0, 0, 1, 0, 0, 2, 0, 0, 1, 0, 0, 3, 0, 1, 0, 2, 0, 1, 3, 0, 1, 3, 1, 0, 0, 0, 1, 3, 0, 0, 1, 0, 2, 0, 0, 0, 0, 0, 1, 0, 1, 0, 1, 1, 0, 2, 2, 0, 0, 0, 1, 0, 0, 2, 0, 0, 1, 0, 0, 1, 0, 0, 3, 0, 0, 1, 0, 3, 0, 0, 1, 0, 2, 0, 0, 2, 1, 0, 0, 0, 0, 1, 0, 0],850.9632869082183,52431.02217786142,105346.60403335126,false
53,G2_TEC,G4_BALANCED,[31, 22, 82, 15, 26, 9, 95, 42, 77, 68, 47, 5, 93, 78, 86, 54, 85, 63, 18, 44, 20, 49, 36, 14, 74, 50, 53, 17, 21, 28, 11, 64, 3, 23, 30, 83, 24, 41, 40, 52, 65, 27, 90, 70, 39, 87, 48, 69, 99, 4, 75, 1, 13, 58, 97, 59, 45, 8, 73, 37, 35, 79, 71, 66, 76, 32, 60, 80, 56, 6, 67, 61, 33, 7, 57, 34, 12, 16, 10, 98, 96, 88, 43, 46, 91, 38, 84, 29, 92, 19, 51, 89, 81, 55, 25, 72, 94, 2, 62, 0]|[2, 1, 2, 1, 1, 2, 1, 1, 1, 1, 1, 0, 2, 2, 1, 2, 0, 0, 0, 2, 2, 1, 0, 2, 0, 2, 2, 1, 0, 1, 1, 1, 0, 0, 1, 0, 2, 1, 2, 2, 0, 0, 1, 1, 0, 2, 0, 2, 1, 0, 0, 2, 0, 0, 2, 0, 1, 1, 0, 0, 2, 1, 1, 2, 2, 0, 2, 2, 0, 1, 2, 1, 1, 2, 0, 1, 1, 2, 1, 2, 0, 1, 1, 0, 1, 0, 0, 1, 0, 1, 1, 1, 1, 0, 1, 1, 2, 2, 1, 0]|[0, 3, 0, 3, 4, 1, 4, 4, 2, 4, 3, 2, 1, 0, 2, 1, 1, 1, 2, 1, 1, 3, 0, 1, 0, 1, 1, 4, 1, 4, 3, 2, 2, 0, 4, 1, 1, 4, 1, 1, 2, 1, 4, 4, 1, 1, 0, 1, 3, 2, 2, 1, 2, 1, 1, 2, 4, 3, 0, 2, 2, 3, 3, 1, 1, 2, 1, 1, 2, 4, 1, 3, 4, 1, 2, 4, 3, 1, 3, 1, 2, 4, 4, 2, 3, 2, 2, 3, 2, 4, 3, 4, 4, 2, 4, 4, 1, 1, 3, 2]|[0, 2, 0, 0, 3, 0, 1, 3, 0, 0, 2, 0, 1, 0, 1, 0, 0, 0, 1, 0, 0, 2, 0, 0, 1, 0, 0, 3, 0, 1, 0, 2, 0, 0, 3, 0, 1, 1, 0, 0, 0, 0, 1, 3, 0, 0, 1, 0, 2, 0, 0, 0, 0, 1, 1, 0, 1, 0, 1, 1, 0, 2, 0, 0, 0, 0, 0, 0, 0, 2, 0, 0, 1, 0, 0, 1, 0, 0, 3, 0, 0, 1, 2, 0, 0, 0, 0, 3, 0, 1, 0, 1, 2, 0, 3, 1, 0, 0, 0, 0],885.6123526659268,49473.83911408333,104522.58233476865,true
53,G3_TWC,G4_BALANCED,[31, 22, 42, 15, 26, 58, 95, 82, 77, 12, 47, 5, 93, 78, 98, 54, 85, 63, 18, 44, 20, 35, 43, 97, 91, 76, 10, 30, 21, 45, 71, 64, 1, 23, 17, 83, 24, 61, 60, 49, 6, 57, 94, 88, 65, 56, 79, 40, 67, 68, 46, 75, 38, 9, 19, 32, 81, 41, 27, 62, 87, 90, 99, 59, 53, 16, 72, 73, 70, 39, 37, 84, 3, 92, 25, 74, 28, 0, 51, 7, 11, 14, 86, 48, 89, 50, 66, 96, 33, 80, 4, 8, 55, 36, 29, 52, 13, 2, 69, 34]|[1, 1, 0, 1, 1, 1, 2, 1, 2, 1, 2, 2, 2, 1, 1, 0, 0, 1, 0, 2, 2, 0, 1, 2, 0, 1, 2, 2, 0, 0, 1, 2, 1, 0, 1, 0, 2, 0, 1, 1, 0, 1, 1, 1, 0, 2, 1, 1, 0, 0, 0, 0, 1, 1, 2, 1, 2, 0, 0, 0, 2, 1, 0, 1, 0, 1, 2, 1, 1, 1, 1, 1, 2, 0, 1, 2, 0, 0, 0, 1, 2, 1, 0, 0, 1, 0, 0, 2, 2, 0, 0, 1, 2, 0, 0, 1, 0, 0, 1, 2]|[4, 3, 2, 2, 0, 0, 2, 2, 2, 4, 1, 1, 2, 4, 4, 1, 1, 4, 2, 1, 1, 1, 1, 2, 1, 2, 1, 1, 1, 1, 3, 2, 3, 0, 4, 0, 1, 1, 0, 3, 2, 2, 4, 0, 1, 1, 3, 2, 0, 1, 2, 2, 1, 4, 0, 3, 2, 1, 1, 2, 1, 3, 1, 1, 2, 3, 0, 4, 3, 1, 4, 1, 1, 2, 4, 1, 2, 1, 1, 3, 1, 3, 1, 1, 1, 1, 1, 1, 1, 1, 2, 3, 1, 1, 2, 1, 2, 2, 3, 1]|[0, 2, 1, 1, 3, 3, 0, 1, 0, 0, 0, 0, 1, 0, 1, 0, 0, 3, 1, 0, 0, 0, 3, 1, 0, 2, 0, 0, 0, 1, 0, 0, 0, 0, 3, 0, 1, 0, 0, 2, 1, 1, 2, 0, 0, 0, 0, 1, 1, 0, 0, 0, 1, 3, 0, 0, 1, 0, 0, 1, 0, 2, 0, 1, 1, 2, 1, 0, 0, 1, 1, 3, 0, 1, 3, 0, 1, 0, 0, 2, 0, 0, 0, 0, 1, 0, 0, 0, 0, 0, 1, 2, 0, 1, 0, 1, 0, 0, 0, 0],787.7354273239397,57319.98389756265,87481.7179896983,true
53,G1_CMAX,G1_CMAX,[31, 22, 90, 26, 58, 95, 42, 12, 93, 5, 78, 86, 98, 18, 20, 35, 3, 97, 91, 76, 10, 85, 54, 45, 63, 71, 66, 1, 23, 17, 24, 60, 36, 6, 57, 15, 65, 56, 47, 79, 94, 67, 50, 46, 14, 75, 38, 9, 30, 19, 32, 81, 27, 92, 83, 87, 40, 99, 59, 11, 53, 16, 72, 77, 73, 70, 39, 37, 84, 43, 62, 25, 55, 28, 29, 51, 68, 82, 74, 61, 88, 21, 80, 89, 7, 69, 96, 41, 48, 4, 8, 34, 49, 52, 0, 44, 13, 2, 64, 33]|[1, 1, 1, 1, 0, 2, 1, 1, 2, 2, 2, 1, 0, 1, 2, 2, 1, 2, 0, 1, 2, 2, 2, 0, 0, 1, 2, 1, 2, 1, 2, 1, 1, 0, 1, 1, 0, 2, 2, 1, 1, 0, 0, 0, 0, 1, 1, 1, 1, 2, 1, 2, 2, 0, 0, 2, 1, 0, 0, 2, 0, 1, 2, 2, 1, 1, 1, 1, 1, 1, 0, 1, 1, 0, 0, 0, 0, 0, 2, 1, 1, 0, 0, 1, 1, 1, 2, 2, 0, 1, 1, 2, 0, 1, 0, 0, 0, 0, 2, 2]|[0, 4, 3, 0, 1, 1, 2, 4, 1, 1, 2, 4, 1, 4, 1, 1, 1, 2, 2, 2, 2, 1, 1, 1, 2, 3, 2, 3, 0, 4, 1, 0, 3, 2, 2, 2, 1, 1, 1, 0, 2, 0, 1, 2, 1, 3, 1, 4, 2, 0, 3, 2, 1, 2, 1, 1, 4, 1, 1, 1, 2, 3, 0, 2, 4, 3, 1, 4, 1, 1, 1, 4, 4, 2, 1, 1, 1, 2, 1, 3, 0, 1, 1, 1, 1, 3, 1, 1, 1, 4, 3, 1, 1, 1, 2, 2, 2, 2, 1, 1]|[3, 0, 2, 3, 0, 0, 1, 0, 0, 0, 1, 0, 0, 3, 0, 0, 1, 1, 1, 2, 1, 0, 0, 0, 0, 0, 0, 0, 0, 3, 1, 0, 2, 1, 1, 1, 0, 0, 0, 0, 1, 1, 0, 0, 0, 0, 1, 3, 2, 0, 0, 1, 0, 1, 0, 0, 2, 0, 0, 0, 1, 2, 1, 1, 0, 0, 1, 1, 3, 3, 0, 3, 3, 1, 0, 0, 0, 1, 0, 0, 0, 0, 0, 1, 2, 2, 0, 0, 0, 0, 2, 0, 1, 1, 0, 0, 0, 0, 0, 0],705.0470749739228,58445.79123614564,95781.2895945797,false
53,G4_BALANCED,G4_BALANCED,[31, 11, 15, 82, 26, 9, 95, 32, 77, 68, 47, 5, 93, 78, 86, 54, 85, 63, 18, 44, 20, 49, 36, 14, 74, 50, 53, 17, 21, 45, 71, 64, 3, 23, 30, 83, 24, 41, 60, 52, 51, 27, 90, 70, 39, 87, 48, 69, 99, 4, 46, 1, 13, 58, 97, 59, 28, 8, 73, 37, 35, 79, 22, 66, 76, 42, 40, 80, 96, 6, 16, 61, 33, 7, 57, 34, 12, 67, 10, 98, 56, 88, 29, 25, 91, 38, 19, 92, 43, 84, 65, 72, 81, 75, 2, 55, 62, 89, 94, 0]|[2, 1, 1, 2, 1, 2, 1, 1, 1, 1, 1, 0, 2, 2, 1, 2, 0, 0, 0, 2, 2, 1, 0, 2, 0, 2, 2, 1, 0, 1, 1, 1, 0, 0, 1, 0, 2, 1, 2, 2, 0, 0, 1, 1, 0, 2, 0, 2, 1, 0, 0, 2, 0, 0, 2, 0, 1, 1, 0, 0, 2, 1, 1, 2, 2, 0, 2, 2, 0, 1, 2, 1, 1, 2, 0, 1, 2, 1, 1, 2, 2, 1, 1, 1, 1, 0, 1, 0, 1, 0, 1, 1, 1, 0, 2, 0, 1, 1, 2, 0]|[1, 3, 2, 0, 4, 1, 4, 4, 2, 4, 3, 2, 1, 0, 2, 1, 1, 1, 2, 1, 1, 3, 0, 1, 0, 1, 1, 4, 1, 4, 3, 2, 2, 0, 4, 1, 1, 4, 0, 1, 2, 1, 4, 4, 1, 1, 0, 2, 3, 1, 2, 1, 2, 1, 1, 2, 4, 3, 0, 2, 2, 3, 3, 0, 1, 2, 0, 1, 2, 4, 1, 3, 4, 1, 2, 4, 1, 3, 3, 1, 1, 4, 3, 4, 3, 2, 4, 2, 4, 2, 3, 4, 1, 2, 1, 2, 3, 4, 1, 2]|[1, 2, 1, 0, 3, 0, 1, 3, 0, 0, 2, 0, 1, 0, 1, 0, 0, 0, 1, 0, 0, 2, 0, 0, 1, 0, 0, 3, 0, 1, 0, 2, 0, 1, 3, 0, 1, 3, 1, 0, 0, 0, 1, 3, 0, 0, 1, 0, 2, 0, 0, 0, 0, 0, 1, 0, 1, 0, 1, 1, 0, 2, 2, 0, 0, 0, 1, 0, 0, 2, 0, 0, 1, 0, 0, 1, 0, 0, 3, 0, 0, 1, 0, 3, 0, 0, 1, 0, 2, 0, 0, 2, 1, 0, 0, 0, 0, 1, 0, 0],850.9632869082183,52431.02217786142,105346.60403335126,false
53,G2_TEC,G2_TEC,[31, 94, 82, 15, 26, 9, 95, 42, 77, 68, 47, 5, 93, 78, 86, 54, 85, 63, 18, 44, 20, 49, 36, 14, 74, 50, 53, 17, 21, 28, 11, 64, 3, 23, 30, 83, 24, 41, 40, 52, 65, 27, 90, 70, 39, 87, 48, 69, 99, 4, 75, 1, 13, 58, 97, 59, 45, 8, 73, 37, 35, 79, 71, 66, 76, 32, 60, 80, 56, 6, 67, 61, 33, 7, 57, 34, 12, 16, 10, 98, 96, 88, 43, 81, 91, 2, 84, 29, 92, 19, 51, 55, 89, 22, 72, 25, 38, 46, 62, 0]|[2, 1, 2, 1, 1, 2, 1, 1, 1, 1, 1, 0, 2, 2, 1, 2, 0, 0, 0, 2, 2, 1, 0, 2, 0, 2, 2, 1, 0, 1, 1, 1, 0, 0, 1, 0, 2, 1, 2, 2, 0, 0, 1, 1, 0, 2, 0, 2, 1, 0, 0, 2, 0, 2, 2, 0, 1, 1, 0, 0, 2, 1, 1, 2, 2, 0, 2, 2, 2, 1, 2, 1, 1, 2, 0, 1, 1, 2, 1, 2, 0, 1, 1, 1, 1, 0, 0, 1, 0, 1, 1, 0, 1, 1, 1, 1, 0, 0, 1, 0]|[0, 3, 0, 3, 4, 1, 4, 4, 4, 4, 3, 2, 1, 0, 2, 1, 1, 1, 2, 1, 1, 3, 0, 1, 0, 1, 1, 4, 1, 4, 3, 2, 2, 0, 4, 1, 1, 4, 1, 1, 2, 1, 4, 4, 1, 1, 0, 1, 3, 2, 2, 1, 2, 1, 1, 2, 4, 3, 0, 2, 1, 3, 3, 1, 1, 2, 1, 1, 1, 4, 1, 3, 4, 1, 2, 4, 3, 1, 3, 1, 2, 4, 4, 4, 3, 2, 2, 3, 2, 4, 3, 2, 4, 3, 4, 4, 2, 2, 3, 2]|[0, 2, 0, 0, 3, 0, 1, 3, 1, 0, 2, 0, 1, 0, 1, 0, 0, 0, 1, 0, 0, 2, 0, 0, 1, 0, 0, 3, 0, 1, 0, 2, 0, 0, 3, 0, 1, 1, 0, 0, 0, 0, 1, 3, 0, 0, 1, 0, 2, 0, 0, 0, 0, 0, 1, 0, 1, 0, 1, 1, 0, 2, 0, 0, 0, 0, 0, 0, 0, 2, 0, 0, 1, 0, 0, 1, 0, 0, 3, 0, 0, 1, 2, 2, 0, 0, 0, 3, 0, 1, 0, 0, 1, 2, 1, 3, 0, 0, 0, 0],901.4508031949495,48701.932801511204,106809.28958396646,false
53,G3_TWC,G4_BALANCED,[31, 22, 42, 15, 26, 58, 95, 82, 77, 12, 47, 5, 93, 78, 98, 54, 85, 63, 18, 44, 20, 35, 43, 97, 91, 76, 10, 30, 21, 45, 71, 64, 1, 23, 17, 83, 24, 61, 60, 49, 6, 57, 94, 88, 65, 56, 79, 40, 67, 68, 46, 75, 38, 9, 19, 32, 81, 41, 27, 62, 87, 90, 99, 59, 53, 16, 72, 73, 70, 39, 37, 84, 3, 92, 25, 74, 28, 0, 51, 7, 11, 14, 86, 48, 89, 50, 66, 96, 33, 80, 4, 8, 55, 36, 29, 52, 13, 2, 69, 34]|[1, 1, 0, 1, 1, 1, 2, 1, 2, 1, 2, 2, 2, 1, 1, 0, 0, 1, 0, 2, 2, 0, 1, 2, 0, 1, 2, 2, 0, 0, 1, 2, 1, 0, 1, 0, 2, 0, 1, 1, 0, 1, 1, 1, 0, 2, 1, 1, 0, 0, 0, 0, 1, 1, 2, 1, 2, 0, 0, 0, 2, 1, 0, 1, 0, 1, 2, 1, 1, 1, 1, 1, 2, 0, 1, 2, 0, 0, 0, 1, 2, 1, 0, 0, 1, 0, 0, 2, 2, 0, 0, 1, 2, 0, 0, 1, 0, 0, 1, 2]|[4, 3, 2, 2, 0, 0, 2, 2, 2, 4, 1, 1, 2, 4, 4, 1, 1, 4, 2, 1, 1, 1, 1, 2, 1, 2, 1, 1, 1, 1, 3, 2, 3, 0, 4, 0, 1, 1, 0, 3, 2, 2, 4, 0, 1, 1, 3, 2, 0, 1, 2, 2, 1, 4, 0, 3, 2, 1, 1, 2, 1, 3, 1, 1, 2, 3, 0, 4, 3, 1, 4, 1, 1, 2, 4, 1, 2, 1, 1, 3, 1, 3, 1, 1, 1, 1, 1, 1, 1, 1, 2, 3, 1, 1, 2, 1, 2, 2, 3, 1]|[0, 2, 1, 1, 3, 3, 0, 1, 0, 0, 0, 0, 1, 0, 1, 0, 0, 3, 1, 0, 0, 0, 3, 1, 0, 2, 0, 0, 0, 1, 0, 0, 0, 0, 3, 0, 1, 0, 0, 2, 1, 1, 2, 0, 0, 0, 0, 1, 1, 0, 0, 0, 1, 3, 0, 0, 1, 0, 0, 1, 0, 2, 0, 1, 1, 2, 1, 0, 0, 1, 1, 3, 0, 1, 3, 0, 1, 0, 0, 2, 0, 0, 0, 0, 1, 0, 0, 0, 0, 0, 1, 2, 0, 1, 0, 1, 0, 0, 0, 0],787.7354273239397,57319.98389756265,87481.7179896983,true
53,G1_CMAX,G1_CMAX,[31, 22, 90, 26, 58, 95, 42, 12, 93, 5, 78, 86, 98, 18, 20, 35, 3, 97, 91, 76, 10, 85, 54, 45, 63, 71, 66, 1, 23, 17, 24, 60, 36, 6, 57, 15, 65, 56, 47, 79, 94, 67, 50, 46, 14, 75, 38, 9, 30, 19, 32, 81, 27, 92, 83, 87, 40, 99, 59, 11, 53, 16, 72, 77, 73, 70, 39, 37, 84, 43, 62, 25, 55, 28, 29, 51, 68, 82, 74, 61, 88, 21, 80, 89, 7, 69, 96, 41, 48, 4, 8, 34, 49, 52, 0, 44, 13, 2, 64, 33]|[1, 1, 1, 1, 0, 2, 1, 1, 2, 2, 2, 1, 0, 1, 2, 2, 1, 2, 0, 1, 2, 2, 2, 0, 0, 1, 2, 1, 2, 1, 2, 1, 1, 0, 1, 1, 0, 2, 2, 1, 1, 0, 0, 0, 0, 1, 1, 1, 1, 2, 1, 2, 2, 0, 0, 2, 1, 0, 0, 2, 0, 1, 2, 2, 1, 1, 1, 1, 1, 1, 0, 1, 1, 0, 0, 0, 0, 0, 2, 1, 1, 0, 0, 1, 1, 1, 2, 2, 0, 1, 1, 2, 0, 1, 0, 0, 0, 0, 2, 2]|[0, 4, 3, 0, 1, 1, 2, 4, 1, 1, 2, 4, 1, 4, 1, 1, 1, 2, 2, 2, 2, 1, 1, 1, 2, 3, 2, 3, 0, 4, 1, 0, 3, 2, 2, 2, 1, 1, 1, 0, 2, 0, 1, 2, 1, 3, 1, 4, 2, 0, 3, 2, 1, 2, 1, 1, 4, 1, 1, 1, 2, 3, 0, 2, 4, 3, 1, 4, 1, 1, 1, 4, 4, 2, 1, 1, 1, 2, 1, 3, 0, 1, 1, 1, 1, 3, 1, 1, 1, 4, 3, 1, 1, 1, 2, 2, 2, 2, 1, 1]|[3, 0, 2, 3, 0, 0, 1, 0, 0, 0, 1, 0, 0, 3, 0, 0, 1, 1, 1, 2, 1, 0, 0, 0, 0, 0, 0, 0, 0, 3, 1, 0, 2, 1, 1, 1, 0, 0, 0, 0, 1, 1, 0, 0, 0, 0, 1, 3, 2, 0, 0, 1, 0, 1, 0, 0, 2, 0, 0, 0, 1, 2, 1, 1, 0, 0, 1, 1, 3, 3, 0, 3, 3, 1, 0, 0, 0, 1, 0, 0, 0, 0, 0, 1, 2, 2, 0, 0, 0, 0, 2, 0, 1, 1, 0, 0, 0, 0, 0, 0],705.0470749739228,58445.79123614564,95781.2895945797,false
53,G4_BALANCED,G4_BALANCED,[31, 11, 15, 82, 26, 9, 95, 32, 77, 68, 47, 5, 93, 78, 86, 54, 85, 63, 18, 44, 20, 49, 36, 14, 74, 50, 53, 17, 21, 45, 71, 64, 3, 23, 30, 83, 24, 41, 60, 52, 51, 27, 90, 70, 39, 87, 48, 69, 99, 4, 46, 1, 13, 58, 97, 59, 28, 8, 73, 37, 35, 79, 22, 66, 76, 42, 40, 80, 96, 6, 16, 61, 33, 7, 57, 34, 12, 67, 10, 98, 56, 88, 29, 25, 91, 38, 19, 92, 43, 84, 65, 72, 81, 75, 2, 55, 62, 89, 94, 0]|[2, 1, 1, 2, 1, 2, 1, 1, 1, 1, 1, 0, 2, 2, 1, 2, 0, 0, 0, 2, 2, 1, 0, 2, 0, 2, 2, 1, 0, 1, 1, 1, 0, 0, 1, 0, 2, 1, 2, 2, 0, 0, 1, 1, 0, 2, 0, 2, 1, 0, 0, 2, 0, 0, 2, 0, 1, 1, 0, 0, 2, 1, 1, 2, 2, 0, 2, 2, 0, 1, 2, 1, 1, 2, 0, 1, 2, 1, 1, 2, 2, 1, 1, 1, 1, 0, 1, 0, 1, 0, 1, 1, 1, 0, 2, 0, 1, 1, 2, 0]|[1, 3, 2, 0, 4, 1, 4, 4, 2, 4, 3, 2, 1, 0, 2, 1, 1, 1, 2, 1, 1, 3, 0, 1, 0, 1, 1, 4, 1, 4, 3, 2, 2, 0, 4, 1, 1, 4, 0, 1, 2, 1, 4, 4, 1, 1, 0, 2, 3, 1, 2, 1, 2, 1, 1, 2, 4, 3, 0, 2, 2, 3, 3, 0, 1, 2, 0, 1, 2, 4, 1, 3, 4, 1, 2, 4, 1, 3, 3, 1, 1, 4, 3, 4, 3, 2, 4, 2, 4, 2, 3, 4, 1, 2, 1, 2, 3, 4, 1, 2]|[1, 2, 1, 0, 3, 0, 1, 3, 0, 0, 2, 0, 1, 0, 1, 0, 0, 0, 1, 0, 0, 2, 0, 0, 1, 0, 0, 3, 0, 1, 0, 2, 0, 1, 3, 0, 1, 3, 1, 0, 0, 0, 1, 3, 0, 0, 1, 0, 2, 0, 0, 0, 0, 0, 1, 0, 1, 0, 1, 1, 0, 2, 2, 0, 0, 0, 1, 0, 0, 2, 0, 0, 1, 0, 0, 1, 0, 0, 3, 0, 0, 1, 0, 3, 0, 0, 1, 0, 2, 0, 0, 2, 1, 0, 0, 0, 0, 1, 0, 0],850.9632869082183,52431.02217786142,105346.60403335126,false
53,G2_TEC,G2_TEC,[31, 94, 82, 15, 26, 9, 95, 42, 77, 68, 47, 5, 93, 78, 86, 54, 85, 63, 18, 44, 20, 49, 36, 14, 74, 50, 53, 17, 21, 28, 11, 64, 3, 23, 30, 83, 24, 41, 40, 52, 65, 27, 90, 70, 39, 87, 48, 69, 99, 4, 75, 1, 13, 58, 97, 59, 45, 8, 73, 37, 35, 79, 71, 66, 76, 32, 60, 80, 56, 6, 67, 61, 33, 7, 57, 34, 12, 16, 10, 98, 96, 88, 43, 81, 91, 2, 84, 29, 92, 19, 51, 55, 89, 22, 72, 25, 38, 46, 62, 0]|[2, 1, 2, 1, 1, 2, 1, 1, 1, 1, 1, 0, 2, 2, 1, 2, 0, 0, 0, 2, 2, 1, 0, 2, 0, 2, 2, 1, 0, 1, 1, 1, 0, 0, 1, 0, 2, 1, 2, 2, 0, 0, 1, 1, 0, 2, 0, 2, 1, 0, 0, 2, 0, 2, 2, 0, 1, 1, 0, 0, 2, 1, 1, 2, 2, 0, 2, 2, 2, 1, 2, 1, 1, 2, 0, 1, 1, 2, 1, 2, 0, 1, 1, 1, 1, 0, 0, 1, 0, 1, 1, 0, 1, 1, 1, 1, 0, 0, 1, 0]|[0, 3, 0, 3, 4, 1, 4, 4, 4, 4, 3, 2, 1, 0, 2, 1, 1, 1, 2, 1, 1, 3, 0, 1, 0, 1, 1, 4, 1, 4, 3, 2, 2, 0, 4, 1, 1, 4, 1, 1, 2, 1, 4, 4, 1, 1, 0, 1, 3, 2, 2, 1, 2, 1, 1, 2, 4, 3, 0, 2, 1, 3, 3, 1, 1, 2, 1, 1, 1, 4, 1, 3, 4, 1, 2, 4, 3, 1, 3, 1, 2, 4, 4, 4, 3, 2, 2, 3, 2, 4, 3, 2, 4, 3, 4, 4, 2, 2, 3, 2]|[0, 2, 0, 0, 3, 0, 1, 3, 1, 0, 2, 0, 1, 0, 1, 0, 0, 0, 1, 0, 0, 2, 0, 0, 1, 0, 0, 3, 0, 1, 0, 2, 0, 0, 3, 0, 1, 1, 0, 0, 0, 0, 1, 3, 0, 0, 1, 0, 2, 0, 0, 0, 0, 0, 1, 0, 1, 0, 1, 1, 0, 2, 0, 0, 0, 0, 0, 0, 0, 2, 0, 0, 1, 0, 0, 1, 0, 0, 3, 0, 0, 1, 2, 2, 0, 0, 0, 3, 0, 1, 0, 0, 1, 2, 1, 3, 0, 0, 0, 0],901.4508031949495,48701.932801511204,106809.28958396646,false
53,G3_TWC,G4_BALANCED,[31, 22, 42, 15, 26, 58, 95, 82, 77, 12, 47, 5, 93, 78, 98, 54, 85, 63, 18, 44, 20, 35, 43, 97, 91, 76, 10, 30, 21, 45, 71, 64, 1, 23, 17, 83, 24, 61, 60, 49, 6, 57, 94, 88, 65, 56, 79, 40, 67, 68, 46, 75, 38, 9, 19, 32, 81, 41, 27, 62, 87, 90, 99, 59, 53, 16, 72, 73, 70, 39, 37, 84, 3, 92, 25, 74, 28, 0, 51, 7, 11, 14, 86, 48, 89, 50, 66, 96, 33, 80, 4, 8, 55, 36, 29, 52, 13, 2, 69, 34]|[1, 1, 0, 1, 1, 1, 2, 1, 2, 1, 2, 2, 2, 1, 1, 0, 0, 1, 0, 2, 2, 0, 1, 2, 0, 1, 2, 2, 0, 0, 1, 2, 1, 0, 1, 0, 2, 0, 1, 1, 0, 1, 1, 1, 0, 2, 1, 1, 0, 0, 0, 0, 1, 1, 2, 1, 2, 0, 0, 0, 2, 1, 0, 1, 0, 1, 2, 1, 1, 1, 1, 1, 2, 0, 1, 2, 0, 0, 0, 1, 2, 1, 0, 0, 1, 0, 0, 2, 2, 0, 0, 1, 2, 0, 0, 1, 0, 0, 1, 2]|[4, 3, 2, 2, 0, 0, 2, 2, 2, 4, 1, 1, 2, 4, 4, 1, 1, 4, 2, 1, 1, 1, 1, 2, 1, 2, 1, 1, 1, 1, 3, 2, 3, 0, 4, 0, 1, 1, 0, 3, 2, 2, 4, 0, 1, 1, 3, 2, 0, 1, 2, 2, 1, 4, 0, 3, 2, 1, 1, 2, 1, 3, 1, 1, 2, 3, 0, 4, 3, 1, 4, 1, 1, 2, 4, 1, 2, 1, 1, 3, 1, 3, 1, 1, 1, 1, 1, 1, 1, 1, 2, 3, 1, 1, 2, 1, 2, 2, 3, 1]|[0, 2, 1, 1, 3, 3, 0, 1, 0, 0, 0, 0, 1, 0, 1, 0, 0, 3, 1, 0, 0, 0, 3, 1, 0, 2, 0, 0, 0, 1, 0, 0, 0, 0, 3, 0, 1, 0, 0, 2, 1, 1, 2, 0, 0, 0, 0, 1, 1, 0, 0, 0, 1, 3, 0, 0, 1, 0, 0, 1, 0, 2, 0, 1, 1, 2, 1, 0, 0, 1, 1, 3, 0, 1, 3, 0, 1, 0, 0, 2, 0, 0, 0, 0, 1, 0, 0, 0, 0, 0, 1, 2, 0, 1, 0, 1, 0, 0, 0, 0],787.7354273239397,57319.98389756265,87481.7179896983,true
53,G1_CMAX,G1_CMAX,[31, 22, 90, 26, 58, 95, 42, 12, 93, 5, 78, 86, 98, 18, 20, 35, 3, 97, 91, 76, 10, 85, 54, 45, 63, 71, 66, 1, 23, 17, 24, 60, 36, 6, 57, 15, 65, 56, 47, 79, 94, 67, 50, 46, 14, 75, 38, 9, 30, 19, 32, 81, 27, 92, 83, 87, 40, 99, 59, 11, 53, 16, 72, 77, 73, 70, 39, 37, 84, 43, 62, 25, 55, 28, 29, 51, 68, 82, 74, 61, 88, 21, 80, 89, 7, 69, 96, 41, 48, 4, 8, 34, 49, 52, 0, 44, 13, 2, 64, 33]|[1, 1, 1, 1, 0, 2, 1, 1, 2, 2, 2, 1, 0, 1, 2, 2, 1, 2, 0, 1, 2, 2, 2, 0, 0, 1, 2, 1, 2, 1, 2, 1, 1, 0, 1, 1, 0, 2, 2, 1, 1, 0, 0, 0, 0, 1, 1, 1, 1, 2, 1, 2, 2, 0, 0, 2, 1, 0, 0, 2, 0, 1, 2, 2, 1, 1, 1, 1, 1, 1, 0, 1, 1, 0, 0, 0, 0, 0, 2, 1, 1, 0, 0, 1, 1, 1, 2, 2, 0, 1, 1, 2, 0, 1, 0, 0, 0, 0, 2, 2]|[0, 4, 3, 0, 1, 1, 2, 4, 1, 1, 2, 4, 1, 4, 1, 1, 1, 2, 2, 2, 2, 1, 1, 1, 2, 3, 2, 3, 0, 4, 1, 0, 3, 2, 2, 2, 1, 1, 1, 0, 2, 0, 1, 2, 1, 3, 1, 4, 2, 0, 3, 2, 1, 2, 1, 1, 4, 1, 1, 1, 2, 3, 0, 2, 4, 3, 1, 4, 1, 1, 1, 4, 4, 2, 1, 1, 1, 2, 1, 3, 0, 1, 1, 1, 1, 3, 1, 1, 1, 4, 3, 1, 1, 1, 2, 2, 2, 2, 1, 1]|[3, 0, 2, 3, 0, 0, 1, 0, 0, 0, 1, 0, 0, 3, 0, 0, 1, 1, 1, 2, 1, 0, 0, 0, 0, 0, 0, 0, 0, 3, 1, 0, 2, 1, 1, 1, 0, 0, 0, 0, 1, 1, 0, 0, 0, 0, 1, 3, 2, 0, 0, 1, 0, 1, 0, 0, 2, 0, 0, 0, 1, 2, 1, 1, 0, 0, 1, 1, 3, 3, 0, 3, 3, 1, 0, 0, 0, 1, 0, 0, 0, 0, 0, 1, 2, 2, 0, 0, 0, 0, 2, 0, 1, 1, 0, 0, 0, 0, 0, 0],705.0470749739228,58445.79123614564,95781.2895945797,false
53,G4_BALANCED,G4_BALANCED,[31, 11, 15, 82, 26, 9, 95, 32, 77, 68, 47, 5, 93, 78, 86, 54, 85, 63, 18, 44, 20, 49, 36, 14, 74, 50, 53, 17, 21, 45, 71, 64, 3, 23, 30, 83, 24, 41, 60, 52, 51, 27, 90, 70, 39, 87, 48, 69, 99, 4, 46, 1, 13, 58, 97, 59, 28, 8, 73, 37, 35, 79, 22, 66, 76, 42, 40, 80, 96, 6, 16, 61, 33, 7, 57, 34, 12, 67, 10, 98, 56, 88, 29, 25, 91, 38, 19, 92, 43, 84, 65, 72, 81, 75, 2, 55, 62, 89, 94, 0]|[2, 1, 1, 2, 1, 2, 1, 1, 1, 1, 1, 0, 2, 2, 1, 2, 0, 0, 0, 2, 2, 1, 0, 2, 0, 2, 2, 1, 0, 1, 1, 1, 0, 0, 1, 0, 2, 1, 2, 2, 0, 0, 1, 1, 0, 2, 0, 2, 1, 0, 0, 2, 0, 0, 2, 0, 1, 1, 0, 0, 2, 1, 1, 2, 2, 0, 2, 2, 0, 1, 2, 1, 1, 2, 0, 1, 2, 1, 1, 2, 2, 1, 1, 1, 1, 0, 1, 0, 1, 0, 1, 1, 1, 0, 2, 0, 1, 1, 2, 0]|[1, 3, 2, 0, 4, 1, 4, 4, 2, 4, 3, 2, 1, 0, 2, 1, 1, 1, 2, 1, 1, 3, 0, 1, 0, 1, 1, 4, 1, 4, 3, 2, 2, 0, 4, 1, 1, 4, 0, 1, 2, 1, 4, 4, 1, 1, 0, 2, 3, 1, 2, 1, 2, 1, 1, 2, 4, 3, 0, 2, 2, 3, 3, 0, 1, 2, 0, 1, 2, 4, 1, 3, 4, 1, 2, 4, 1, 3, 3, 1, 1, 4, 3, 4, 3, 2, 4, 2, 4, 2, 3, 4, 1, 2, 1, 2, 3, 4, 1, 2]|[1, 2, 1, 0, 3, 0, 1, 3, 0, 0, 2, 0, 1, 0, 1, 0, 0, 0, 1, 0, 0, 2, 0, 0, 1, 0, 0, 3, 0, 1, 0, 2, 0, 1, 3, 0, 1, 3, 1, 0, 0, 0, 1, 3, 0, 0, 1, 0, 2, 0, 0, 0, 0, 0, 1, 0, 1, 0, 1, 1, 0, 2, 2, 0, 0, 0, 1, 0, 0, 2, 0, 0, 1, 0, 0, 1, 0, 0, 3, 0, 0, 1, 0, 3, 0, 0, 1, 0, 2, 0, 0, 2, 1, 0, 0, 0, 0, 1, 0, 0],850.9632869082183,52431.02217786142,105346.60403335126,false
53,G2_TEC,G2_TEC,[31, 94, 82, 15, 26, 9, 95, 42, 77, 68, 47, 5, 93, 78, 86, 54, 85, 63, 18, 44, 20, 49, 36, 14, 74, 50, 53, 17, 21, 28, 11, 64, 3, 23, 30, 83, 24, 41, 40, 52, 65, 27, 90, 70, 39, 87, 48, 69, 99, 4, 75, 1, 13, 58, 97, 59, 45, 8, 73, 37, 35, 79, 71, 66, 76, 32, 60, 80, 56, 6, 67, 61, 33, 7, 57, 34, 12, 16, 10, 98, 96, 88, 43, 81, 91, 2, 84, 29, 92, 19, 51, 55, 89, 22, 72, 25, 38, 46, 62, 0]|[2, 1, 2, 1, 1, 2, 1, 1, 1, 1, 1, 0, 2, 2, 1, 2, 0, 0, 0, 2, 2, 1, 0, 2, 0, 2, 2, 1, 0, 1, 1, 1, 0, 0, 1, 0, 2, 1, 2, 2, 0, 0, 1, 1, 0, 2, 0, 2, 1, 0, 0, 2, 0, 2, 2, 0, 1, 1, 0, 0, 2, 1, 1, 2, 2, 0, 2, 2, 2, 1, 2, 1, 1, 2, 0, 1, 1, 2, 1, 2, 0, 1, 1, 1, 1, 0, 0, 1, 0, 1, 1, 0, 1, 1, 1, 1, 0, 0, 1, 0]|[0, 3, 0, 3, 4, 1, 4, 4, 4, 4, 3, 2, 1, 0, 2, 1, 1, 1, 2, 1, 1, 3, 0, 1, 0, 1, 1, 4, 1, 4, 3, 2, 2, 0, 4, 1, 1, 4, 1, 1, 2, 1, 4, 4, 1, 1, 0, 1, 3, 2, 2, 1, 2, 1, 1, 2, 4, 3, 0, 2, 1, 3, 3, 1, 1, 2, 1, 1, 1, 4, 1, 3, 4, 1, 2, 4, 3, 1, 3, 1, 2, 4, 4, 4, 3, 2, 2, 3, 2, 4, 3, 2, 4, 3, 4, 4, 2, 2, 3, 2]|[0, 2, 0, 0, 3, 0, 1, 3, 1, 0, 2, 0, 1, 0, 1, 0, 0, 0, 1, 0, 0, 2, 0, 0, 1, 0, 0, 3, 0, 1, 0, 2, 0, 0, 3, 0, 1, 1, 0, 0, 0, 0, 1, 3, 0, 0, 1, 0, 2, 0, 0, 0, 0, 0, 1, 0, 1, 0, 1, 1, 0, 2, 0, 0, 0, 0, 0, 0, 0, 2, 0, 0, 1, 0, 0, 1, 0, 0, 3, 0, 0, 1, 2, 2, 0, 0, 0, 3, 0, 1, 0, 0, 1, 2, 1, 3, 0, 0, 0, 0],901.4508031949495,48701.932801511204,106809.28958396646,false
53,G3_TWC,G4_BALANCED,[31, 22, 42, 15, 26, 58, 95, 82, 77, 12, 47, 5, 93, 78, 98, 54, 85, 63, 18, 44, 20, 35, 43, 97, 91, 76, 10, 30, 21, 45, 71, 64, 1, 23, 17, 83, 24, 61, 60, 49, 6, 57, 94, 88, 65, 56, 79, 40, 67, 68, 46, 75, 38, 9, 19, 32, 81, 41, 27, 62, 87, 90, 99, 59, 53, 16, 72, 73, 70, 39, 37, 84, 3, 92, 25, 74, 28, 0, 51, 7, 11, 14, 86, 48, 89, 50, 66, 96, 33, 80, 4, 8, 55, 36, 29, 52, 13, 2, 69, 34]|[1, 1, 0, 1, 1, 1, 2, 1, 2, 1, 2, 2, 2, 1, 1, 0, 0, 1, 0, 2, 2, 0, 1, 2, 0, 1, 2, 2, 0, 0, 1, 2, 1, 0, 1, 0, 2, 0, 1, 1, 0, 1, 1, 1, 0, 2, 1, 1, 0, 0, 0, 0, 1, 1, 2, 1, 2, 0, 0, 0, 2, 1, 0, 1, 0, 1, 2, 1, 1, 1, 1, 1, 2, 0, 1, 2, 0, 0, 0, 1, 2, 1, 0, 0, 1, 0, 0, 2, 2, 0, 0, 1, 2, 0, 0, 1, 0, 0, 1, 2]|[4, 3, 2, 2, 0, 0, 2, 2, 2, 4, 1, 1, 2, 4, 4, 1, 1, 4, 2, 1, 1, 1, 1, 2, 1, 2, 1, 1, 1, 1, 3, 2, 3, 0, 4, 0, 1, 1, 0, 3, 2, 2, 4, 0, 1, 1, 3, 2, 0, 1, 2, 2, 1, 4, 0, 3, 2, 1, 1, 2, 1, 3, 1, 1, 2, 3, 0, 4, 3, 1, 4, 1, 1, 2, 4, 1, 2, 1, 1, 3, 1, 3, 1, 1, 1, 1, 1, 1, 1, 1, 2, 3, 1, 1, 2, 1, 2, 2, 3, 1]|[0, 2, 1, 1, 3, 3, 0, 1, 0, 0, 0, 0, 1, 0, 1, 0, 0, 3, 1, 0, 0, 0, 3, 1, 0, 2, 0, 0, 0, 1, 0, 0, 0, 0, 3, 0, 1, 0, 0, 2, 1, 1, 2, 0, 0, 0, 0, 1, 1, 0, 0, 0, 1, 3, 0, 0, 1, 0, 0, 1, 0, 2, 0, 1, 1, 2, 1, 0, 0, 1, 1, 3, 0, 1, 3, 0, 1, 0, 0, 2, 0, 0, 0, 0, 1, 0, 0, 0, 0, 0, 1, 2, 0, 1, 0, 1, 0, 0, 0, 0],787.7354273239397,57319.98389756265,87481.7179896983,true
53,G1_CMAX,G1_CMAX,[31, 22, 90, 26, 58, 95, 42, 12, 93, 5, 78, 86, 98, 18, 20, 35, 3, 97, 91, 76, 10, 85, 54, 45, 63, 71, 66, 1, 23, 17, 24, 60, 36, 6, 57, 15, 65, 56, 47, 79, 94, 67, 50, 46, 14, 75, 38, 9, 30, 19, 32, 81, 27, 92, 83, 87, 40, 99, 59, 11, 53, 16, 72, 77, 73, 70, 39, 37, 84, 43, 62, 25, 55, 28, 29, 51, 68, 82, 74, 61, 88, 21, 80, 89, 7, 69, 96, 41, 48, 4, 8, 34, 49, 52, 0, 44, 13, 2, 64, 33]|[1, 1, 1, 1, 0, 2, 1, 1, 2, 2, 2, 1, 0, 1, 2, 2, 1, 2, 0, 1, 2, 2, 2, 0, 0, 1, 2, 1, 2, 1, 2, 1, 1, 0, 1, 1, 0, 2, 2, 1, 1, 0, 0, 0, 0, 1, 1, 1, 1, 2, 1, 2, 2, 0, 0, 2, 1, 0, 0, 2, 0, 1, 2, 2, 1, 1, 1, 1, 1, 1, 0, 1, 1, 0, 0, 0, 0, 0, 2, 1, 1, 0, 0, 1, 1, 1, 2, 2, 0, 1, 1, 2, 0, 1, 0, 0, 0, 0, 2, 2]|[0, 4, 3, 0, 1, 1, 2, 4, 1, 1, 2, 4, 1, 4, 1, 1, 1, 2, 2, 2, 2, 1, 1, 1, 2, 3, 2, 3, 0, 4, 1, 0, 3, 2, 2, 2, 1, 1, 1, 0, 2, 0, 1, 2, 1, 3, 1, 4, 2, 0, 3, 2, 1, 2, 1, 1, 4, 1, 1, 1, 2, 3, 0, 2, 4, 3, 1, 4, 1, 1, 1, 4, 4, 2, 1, 1, 1, 2, 1, 3, 0, 1, 1, 1, 1, 3, 1, 1, 1, 4, 3, 1, 1, 1, 2, 2, 2, 2, 1, 1]|[3, 0, 2, 3, 0, 0, 1, 0, 0, 0, 1, 0, 0, 3, 0, 0, 1, 1, 1, 2, 1, 0, 0, 0, 0, 0, 0, 0, 0, 3, 1, 0, 2, 1, 1, 1, 0, 0, 0, 0, 1, 1, 0, 0, 0, 0, 1, 3, 2, 0, 0, 1, 0, 1, 0, 0, 2, 0, 0, 0, 1, 2, 1, 1, 0, 0, 1, 1, 3, 3, 0, 3, 3, 1, 0, 0, 0, 1, 0, 0, 0, 0, 0, 1, 2, 2, 0, 0, 0, 0, 2, 0, 1, 1, 0, 0, 0, 0, 0, 0],705.0470749739228,58445.79123614564,95781.2895945797,false
53,G4_BALANCED,G4_BALANCED,[31, 11, 15, 82, 26, 9, 95, 32, 77, 68, 47, 5, 93, 78, 86, 54, 85, 63, 18, 44, 20, 49, 36, 14, 74, 50, 53, 17, 21, 45, 71, 64, 3, 23, 30, 83, 24, 41, 60, 52, 51, 27, 90, 70, 39, 87, 48, 69, 99, 4, 46, 1, 13, 58, 97, 59, 28, 8, 73, 37, 35, 79, 22, 66, 76, 42, 40, 80, 96, 6, 16, 61, 33, 7, 57, 34, 12, 67, 10, 98, 56, 88, 29, 25, 91, 38, 19, 92, 43, 84, 65, 72, 81, 75, 2, 55, 62, 89, 94, 0]|[2, 1, 1, 2, 1, 2, 1, 1, 1, 1, 1, 0, 2, 2, 1, 2, 0, 0, 0, 2, 2, 1, 0, 2, 0, 2, 2, 1, 0, 1, 1, 1, 0, 0, 1, 0, 2, 1, 2, 2, 0, 0, 1, 1, 0, 2, 0, 2, 1, 0, 0, 2, 0, 0, 2, 0, 1, 1, 0, 0, 2, 1, 1, 2, 2, 0, 2, 2, 0, 1, 2, 1, 1, 2, 0, 1, 2, 1, 1, 2, 2, 1, 1, 1, 1, 0, 1, 0, 1, 0, 1, 1, 1, 0, 2, 0, 1, 1, 2, 0]|[1, 3, 2, 0, 4, 1, 4, 4, 2, 4, 3, 2, 1, 0, 2, 1, 1, 1, 2, 1, 1, 3, 0, 1, 0, 1, 1, 4, 1, 4, 3, 2, 2, 0, 4, 1, 1, 4, 0, 1, 2, 1, 4, 4, 1, 1, 0, 2, 3, 1, 2, 1, 2, 1, 1, 2, 4, 3, 0, 2, 2, 3, 3, 0, 1, 2, 0, 1, 2, 4, 1, 3, 4, 1, 2, 4, 1, 3, 3, 1, 1, 4, 3, 4, 3, 2, 4, 2, 4, 2, 3, 4, 1, 2, 1, 2, 3, 4, 1, 2]|[1, 2, 1, 0, 3, 0, 1, 3, 0, 0, 2, 0, 1, 0, 1, 0, 0, 0, 1, 0, 0, 2, 0, 0, 1, 0, 0, 3, 0, 1, 0, 2, 0, 1, 3, 0, 1, 3, 1, 0, 0, 0, 1, 3, 0, 0, 1, 0, 2, 0, 0, 0, 0, 0, 1, 0, 1, 0, 1, 1, 0, 2, 2, 0, 0, 0, 1, 0, 0, 2, 0, 0, 1, 0, 0, 1, 0, 0, 3, 0, 0, 1, 0, 3, 0, 0, 1, 0, 2, 0, 0, 2, 1, 0, 0, 0, 0, 1, 0, 0],850.9632869082183,52431.02217786142,105346.60403335126,false
53,G2_TEC,G2_TEC,[31, 94, 82, 15, 26, 9, 95, 42, 77, 68, 47, 5, 93, 78, 86, 54, 85, 63, 18, 44, 20, 49, 36, 14, 74, 50, 53, 17, 21, 28, 11, 64, 3, 23, 30, 83, 24, 41, 40, 52, 65, 27, 90, 70, 39, 87, 48, 69, 99, 4, 46, 1, 13, 56, 97, 59, 45, 8, 73, 37, 35, 79, 71, 66, 76, 32, 60, 80, 58, 6, 67, 61, 33, 7, 57, 34, 12, 16, 10, 22, 96, 88, 43, 81, 91, 2, 84, 29, 92, 19, 51, 55, 89, 75, 72, 25, 38, 98, 62, 0]|[2, 1, 2, 1, 1, 2, 1, 1, 1, 1, 1, 0, 2, 2, 1, 2, 0, 0, 0, 2, 2, 1, 0, 2, 0, 2, 2, 1, 0, 1, 1, 1, 0, 0, 1, 0, 2, 1, 2, 2, 0, 0, 1, 1, 0, 2, 0, 2, 1, 0, 0, 2, 0, 2, 2, 0, 1, 1, 0, 0, 2, 1, 1, 2, 2, 0, 2, 2, 2, 1, 2, 1, 1, 2, 0, 1, 1, 2, 1, 2, 0, 1, 1, 1, 1, 0, 0, 1, 0, 1, 1, 0, 1, 0, 1, 1, 0, 2, 1, 0]|[0, 3, 0, 3, 4, 1, 4, 4, 4, 4, 3, 2, 1, 0, 2, 1, 1, 1, 2, 1, 1, 3, 0, 1, 0, 1, 1, 4, 1, 4, 3, 2, 2, 0, 4, 1, 1, 4, 1, 1, 2, 1, 4, 4, 1, 1, 0, 1, 3, 2, 2, 1, 2, 1, 1, 2, 4, 3, 0, 2, 1, 3, 3, 1, 1, 2, 1, 1, 1, 4, 1, 3, 4, 1, 2, 4, 3, 1, 3, 1, 2, 4, 4, 4, 3, 2, 2, 3, 2, 4, 3, 2, 4, 2, 4, 4, 2, 1, 3, 2]|[0, 2, 0, 0, 3, 0, 1, 3, 1, 0, 2, 0, 1, 0, 1, 0, 0, 0, 1, 0, 0, 2, 0, 0, 1, 0, 0, 3, 0, 1, 0, 2, 0, 0, 3, 0, 1, 1, 0, 0, 0, 0, 1, 3, 0, 0, 1, 0, 2, 0, 0, 0, 0, 0, 1, 0, 1, 0, 1, 1, 0, 2, 0, 0, 0, 0, 0, 0, 0, 2, 0, 0, 1, 0, 0, 1, 0, 0, 3, 0, 0, 1, 2, 2, 0, 0, 0, 3, 0, 1, 0, 0, 1, 0, 1, 3, 0, 0, 0, 0],906.5008130244884,48578.509153914616,107068.46842582648,false
53,G3_TWC,G4_BALANCED,[31, 22, 42, 15, 26, 58, 95, 82, 77, 12, 47, 5, 93, 78, 98, 54, 85, 63, 18, 44, 20, 35, 43, 97, 91, 76, 10, 30, 21, 45, 71, 64, 1, 23, 17, 83, 24, 61, 60, 49, 6, 57, 94, 88, 65, 56, 79, 40, 67, 68, 46, 75, 38, 9, 19, 32, 81, 41, 27, 62, 87, 90, 99, 59, 53, 16, 72, 73, 70, 39, 37, 84, 3, 92, 25, 74, 28, 0, 51, 7, 11, 14, 86, 48, 89, 50, 66, 96, 33, 80, 4, 8, 55, 36, 29, 52, 13, 2, 69, 34]|[1, 1, 0, 1, 1, 1, 2, 1, 2, 1, 2, 2, 2, 1, 1, 0, 0, 1, 0, 2, 2, 0, 1, 2, 0, 1, 2, 2, 0, 0, 1, 2, 1, 0, 1, 0, 2, 0, 1, 1, 0, 1, 1, 1, 0, 2, 1, 1, 0, 0, 0, 0, 1, 1, 2, 1, 2, 0, 0, 0, 2, 1, 0, 1, 0, 1, 2, 1, 1, 1, 1, 1, 2, 0, 1, 2, 0, 0, 0, 1, 2, 1, 0, 0, 1, 0, 0, 2, 2, 0, 0, 1, 2, 0, 0, 1, 0, 0, 1, 2]|[4, 3, 2, 2, 0, 0, 2, 2, 2, 4, 1, 1, 2, 4, 4, 1, 1, 4, 2, 1, 1, 1, 1, 2, 1, 2, 1, 1, 1, 1, 3, 2, 3, 0, 4, 0, 1, 1, 0, 3, 2, 2, 4, 0, 1, 1, 3, 2, 0, 1, 2, 2, 1, 4, 0, 3, 2, 1, 1, 2, 1, 3, 1, 1, 2, 3, 0, 4, 3, 1, 4, 1, 1, 2, 4, 1, 2, 1, 1, 3, 1, 3, 1, 1, 1, 1, 1, 1, 1, 1, 2, 3, 1, 1, 2, 1, 2, 2, 3, 1]|[0, 2, 1, 1, 3, 3, 0, 1, 0, 0, 0, 0, 1, 0, 1, 0, 0, 3, 1, 0, 0, 0, 3, 1, 0, 2, 0, 0, 0, 1, 0, 0, 0, 0, 3, 0, 1, 0, 0, 2, 1, 1, 2, 0, 0, 0, 0, 1, 1, 0, 0, 0, 1, 3, 0, 0, 1, 0, 0, 1, 0, 2, 0, 1, 1, 2, 1, 0, 0, 1, 1, 3, 0, 1, 3, 0, 1, 0, 0, 2, 0, 0, 0, 0, 1, 0, 0, 0, 0, 0, 1, 2, 0, 1, 0, 1, 0, 0, 0, 0],787.7354273239397,57319.98389756265,87481.7179896983,true
53,G1_CMAX,G1_CMAX,[31, 22, 90, 26, 58, 95, 42, 12, 93, 5, 78, 86, 98, 18, 20, 35, 3, 97, 91, 76, 10, 85, 54, 45, 63, 71, 66, 1, 23, 17, 24, 60, 36, 6, 57, 15, 65, 56, 47, 79, 94, 67, 50, 46, 14, 75, 38, 9, 30, 19, 32, 81, 27, 92, 83, 87, 40, 99, 59, 11, 53, 16, 72, 77, 73, 70, 39, 37, 84, 43, 62, 25, 55, 28, 29, 51, 68, 82, 74, 61, 88, 21, 80, 89, 7, 69, 96, 41, 48, 4, 8, 34, 49, 52, 0, 44, 13, 2, 64, 33]|[1, 1, 1, 1, 0, 2, 1, 1, 2, 2, 2, 1, 0, 1, 2, 2, 1, 2, 0, 1, 2, 2, 2, 0, 0, 1, 2, 1, 2, 1, 2, 1, 1, 0, 1, 1, 0, 2, 2, 1, 1, 0, 0, 0, 0, 1, 1, 1, 1, 2, 1, 2, 2, 0, 0, 2, 1, 0, 0, 2, 0, 1, 2, 2, 1, 1, 1, 1, 1, 1, 0, 1, 1, 0, 0, 0, 0, 0, 2, 1, 1, 0, 0, 1, 1, 1, 2, 2, 0, 1, 1, 2, 0, 1, 0, 0, 0, 0, 2, 2]|[0, 4, 3, 0, 1, 1, 2, 4, 1, 1, 2, 4, 1, 4, 1, 1, 1, 2, 2, 2, 2, 1, 1, 1, 2, 3, 2, 3, 0, 4, 1, 0, 3, 2, 2, 2, 1, 1, 1, 0, 2, 0, 1, 2, 1, 3, 1, 4, 2, 0, 3, 2, 1, 2, 1, 1, 4, 1, 1, 1, 2, 3, 0, 2, 4, 3, 1, 4, 1, 1, 1, 4, 4, 2, 1, 1, 1, 2, 1, 3, 0, 1, 1, 1, 1, 3, 1, 1, 1, 4, 3, 1, 1, 1, 2, 2, 2, 2, 1, 1]|[3, 0, 2, 3, 0, 0, 1, 0, 0, 0, 1, 0, 0, 3, 0, 0, 1, 1, 1, 2, 1, 0, 0, 0, 0, 0, 0, 0, 0, 3, 1, 0, 2, 1, 1, 1, 0, 0, 0, 0, 1, 1, 0, 0, 0, 0, 1, 3, 2, 0, 0, 1, 0, 1, 0, 0, 2, 0, 0, 0, 1, 2, 1, 1, 0, 0, 1, 1, 3, 3, 0, 3, 3, 1, 0, 0, 0, 1, 0, 0, 0, 0, 0, 1, 2, 2, 0, 0, 0, 0, 2, 0, 1, 1, 0, 0, 0, 0, 0, 0],705.0470749739228,58445.79123614564,95781.2895945797,false
53,G4_BALANCED,G1_CMAX,[31, 11, 82, 15, 26, 9, 95, 42, 77, 68, 47, 5, 93, 78, 86, 54, 85, 63, 18, 44, 20, 49, 36, 14, 74, 50, 53, 17, 21, 45, 71, 64, 3, 23, 30, 83, 24, 41, 60, 52, 65, 27, 90, 70, 39, 87, 48, 69, 99, 4, 46, 1, 13, 58, 97, 59, 28, 75, 73, 37, 35, 79, 22, 66, 76, 32, 40, 80, 96, 6, 62, 84, 81, 92, 25, 94, 19, 29, 51, 7, 91, 61, 98, 33, 89, 67, 12, 55, 72, 57, 8, 10, 34, 56, 43, 0, 2, 88, 38, 16]|[2, 1, 2, 1, 1, 1, 1, 2, 1, 1, 1, 0, 2, 2, 1, 0, 0, 1, 0, 2, 2, 0, 0, 2, 0, 1, 2, 2, 0, 1, 1, 1, 1, 0, 1, 0, 2, 1, 2, 2, 0, 0, 1, 1, 0, 2, 2, 2, 1, 0, 0, 2, 0, 1, 0, 0, 1, 1, 0, 0, 2, 1, 0, 2, 2, 1, 2, 2, 1, 1, 1, 0, 2, 0, 1, 2, 1, 0, 1, 2, 1, 1, 2, 1, 1, 0, 0, 0, 1, 0, 1, 0, 1, 2, 1, 0, 2, 1, 0, 2]|[0, 3, 0, 2, 4, 0, 4, 2, 2, 4, 3, 2, 1, 0, 2, 1, 2, 4, 2, 1, 1, 1, 0, 1, 0, 2, 1, 1, 1, 4, 3, 2, 3, 0, 4, 1, 1, 4, 0, 1, 2, 1, 3, 0, 1, 1, 1, 2, 3, 1, 2, 1, 2, 4, 1, 2, 4, 3, 0, 2, 2, 0, 1, 0, 1, 3, 0, 1, 3, 1, 4, 2, 2, 2, 4, 1, 4, 1, 3, 1, 3, 3, 1, 4, 4, 1, 2, 2, 4, 2, 3, 1, 4, 1, 4, 2, 1, 3, 2, 1]|[0, 2, 0, 1, 3, 3, 1, 0, 0, 0, 2, 0, 1, 0, 1, 0, 0, 3, 1, 0, 0, 0, 0, 0, 1, 2, 0, 0, 0, 1, 0, 2, 0, 1, 3, 0, 1, 3, 0, 0, 0, 0, 2, 0, 0, 0, 0, 0, 2, 0, 0, 0, 0, 3, 0, 0, 1, 0, 1, 1, 0, 0, 0, 0, 0, 2, 1, 0, 0, 1, 1, 0, 1, 0, 3, 0, 3, 0, 0, 0, 0, 0, 0, 1, 1, 0, 1, 0, 2, 0, 2, 0, 1, 0, 2, 0, 0, 0, 0, 0],836.0442072634031,54729.0834847965,121676.84165182203,true
53,G2_TEC,G2_TEC,[31, 94, 82, 15, 26, 9, 95, 42, 77, 68, 47, 5, 93, 78, 86, 54, 85, 63, 18, 44, 20, 49, 36, 14, 74, 50, 53, 17, 21, 28, 11, 64, 3, 23, 30, 83, 24, 41, 40, 52, 65, 27, 90, 70, 39, 87, 48, 69, 99, 4, 46, 1, 13, 56, 97, 59, 45, 8, 73, 37, 35, 79, 71, 66, 76, 32, 60, 80, 58, 6, 67, 61, 33, 7, 57, 34, 12, 16, 10, 22, 96, 88, 43, 81, 91, 2, 84, 29, 92, 19, 51, 55, 89, 75, 72, 25, 38, 98, 62, 0]|[2, 1, 2, 1, 1, 2, 1, 1, 1, 1, 1, 0, 2, 2, 1, 2, 0, 0, 0, 2, 2, 1, 0, 2, 0, 2, 2, 1, 0, 1, 1, 1, 0, 0, 1, 0, 2, 1, 2, 2, 0, 0, 1, 1, 0, 2, 0, 2, 1, 0, 0, 2, 0, 2, 2, 0, 1, 1, 0, 0, 2, 1, 1, 2, 2, 0, 2, 2, 2, 1, 2, 1, 1, 2, 0, 1, 1, 2, 1, 2, 0, 1, 1, 1, 1, 0, 0, 1, 0, 1, 1, 0, 1, 0, 1, 1, 0, 2, 1, 0]|[0, 3, 0, 3, 4, 1, 4, 4, 4, 4, 3, 2, 1, 0, 2, 1, 1, 1, 2, 1, 1, 3, 0, 1, 0, 1, 1, 4, 1, 4, 3, 2, 2, 0, 4, 1, 1, 4, 1, 1, 2, 1, 4, 4, 1, 1, 0, 1, 3, 2, 2, 1, 2, 1, 1, 2, 4, 3, 0, 2, 1, 3, 3, 1, 1, 2, 1, 1, 1, 4, 1, 3, 4, 1, 2, 4, 3, 1, 3, 1, 2, 4, 4, 4, 3, 2, 2, 3, 2, 4, 3, 2, 4, 2, 4, 4, 2, 1, 3, 2]|[0, 2, 0, 0, 3, 0, 1, 3, 1, 0, 2, 0, 1, 0, 1, 0, 0, 0, 1, 0, 0, 2, 0, 0, 1, 0, 0, 3, 0, 1, 0, 2, 0, 0, 3, 0, 1, 1, 0, 0, 0, 0, 1, 3, 0, 0, 1, 0, 2, 0, 0, 0, 0, 0, 1, 0, 1, 0, 1, 1, 0, 2, 0, 0, 0, 0, 0, 0, 0, 2, 0, 0, 1, 0, 0, 1, 0, 0, 3, 0, 0, 1, 2, 2, 0, 0, 0, 3, 0, 1, 0, 0, 1, 0, 1, 3, 0, 0, 0, 0],906.5008130244884,48578.509153914616,107068.46842582648,false
53,G3_TWC,G4_BALANCED,[31, 22, 42, 15, 26, 58, 95, 82, 77, 12, 47, 5, 93, 78, 98, 54, 85, 63, 18, 44, 20, 35, 43, 97, 91, 76, 10, 30, 21, 45, 71, 64, 1, 23, 17, 83, 24, 61, 60, 49, 6, 57, 94, 88, 65, 56, 79, 40, 67, 68, 46, 75, 38, 9, 19, 32, 81, 41, 27, 62, 87, 90, 99, 59, 53, 16, 72, 73, 70, 39, 37, 84, 3, 92, 25, 74, 28, 0, 51, 7, 11, 14, 86, 48, 89, 50, 66, 96, 33, 80, 4, 8, 55, 36, 29, 52, 13, 2, 69, 34]|[1, 1, 0, 1, 1, 1, 2, 1, 2, 1, 2, 2, 2, 1, 1, 0, 0, 1, 0, 2, 2, 0, 1, 2, 0, 1, 2, 2, 0, 0, 1, 2, 1, 0, 1, 0, 2, 0, 1, 1, 0, 1, 1, 1, 0, 2, 1, 1, 0, 0, 0, 0, 1, 1, 2, 1, 2, 0, 0, 0, 2, 1, 0, 1, 0, 1, 2, 1, 1, 1, 1, 1, 2, 0, 1, 2, 0, 0, 0, 1, 2, 1, 0, 0, 1, 0, 0, 2, 2, 0, 0, 1, 2, 0, 0, 1, 0, 0, 1, 2]|[4, 3, 2, 2, 0, 0, 2, 2, 2, 4, 1, 1, 2, 4, 4, 1, 1, 4, 2, 1, 1, 1, 1, 2, 1, 2, 1, 1, 1, 1, 3, 2, 3, 0, 4, 0, 1, 1, 0, 3, 2, 2, 4, 0, 1, 1, 3, 2, 0, 1, 2, 2, 1, 4, 0, 3, 2, 1, 1, 2, 1, 3, 1, 1, 2, 3, 0, 4, 3, 1, 4, 1, 1, 2, 4, 1, 2, 1, 1, 3, 1, 3, 1, 1, 1, 1, 1, 1, 1, 1, 2, 3, 1, 1, 2, 1, 2, 2, 3, 1]|[0, 2, 1, 1, 3, 3, 0, 1, 0, 0, 0, 0, 1, 0, 1, 0, 0, 3, 1, 0, 0, 0, 3, 1, 0, 2, 0, 0, 0, 1, 0, 0, 0, 0, 3, 0, 1, 0, 0, 2, 1, 1, 2, 0, 0, 0, 0, 1, 1, 0, 0, 0, 1, 3, 0, 0, 1, 0, 0, 1, 0, 2, 0, 1, 1, 2, 1, 0, 0, 1, 1, 3, 0, 1, 3, 0, 1, 0, 0, 2, 0, 0, 0, 0, 1, 0, 0, 0, 0, 0, 1, 2, 0, 1, 0, 1, 0, 0, 0, 0],787.7354273239397,57319.98389756265,87481.7179896983,true
53,G1_CMAX,G1_CMAX,[31, 22, 90, 26, 58, 95, 42, 12, 93, 5, 78, 86, 98, 18, 20, 35, 3, 97, 91, 76, 10, 85, 54, 45, 63, 71, 66, 1, 23, 17, 24, 60, 36, 6, 57, 15, 65, 56, 47, 79, 94, 67, 50, 46, 14, 75, 38, 9, 30, 19, 32, 81, 27, 92, 83, 87, 40, 99, 59, 11, 53, 16, 72, 77, 73, 70, 39, 37, 84, 43, 62, 25, 55, 28, 29, 51, 68, 82, 74, 61, 88, 21, 80, 89, 7, 69, 96, 41, 48, 4, 8, 34, 49, 52, 0, 44, 13, 2, 64, 33]|[1, 1, 1, 1, 0, 2, 1, 1, 2, 2, 2, 1, 0, 1, 2, 2, 1, 2, 0, 1, 2, 2, 2, 0, 0, 1, 2, 1, 2, 1, 2, 1, 1, 0, 1, 1, 0, 2, 2, 1, 1, 0, 0, 0, 0, 1, 1, 1, 1, 2, 1, 2, 2, 0, 0, 2, 1, 0, 0, 2, 0, 1, 2, 2, 1, 1, 1, 1, 1, 1, 0, 1, 1, 0, 0, 0, 0, 0, 2, 1, 1, 0, 0, 1, 1, 1, 2, 2, 0, 1, 1, 2, 0, 1, 0, 0, 0, 0, 2, 2]|[0, 4, 3, 0, 1, 1, 2, 4, 1, 1, 2, 4, 1, 4, 1, 1, 1, 2, 2, 2, 2, 1, 1, 1, 2, 3, 2, 3, 0, 4, 1, 0, 3, 2, 2, 2, 1, 1, 1, 0, 2, 0, 1, 2, 1, 3, 1, 4, 2, 0, 3, 2, 1, 2, 1, 1, 4, 1, 1, 1, 2, 3, 0, 2, 4, 3, 1, 4, 1, 1, 1, 4, 4, 2, 1, 1, 1, 2, 1, 3, 0, 1, 1, 1, 1, 3, 1, 1, 1, 4, 3, 1, 1, 1, 2, 2, 2, 2, 1, 1]|[3, 0, 2, 3, 0, 0, 1, 0, 0, 0, 1, 0, 0, 3, 0, 0, 1, 1, 1, 2, 1, 0, 0, 0, 0, 0, 0, 0, 0, 3, 1, 0, 2, 1, 1, 1, 0, 0, 0, 0, 1, 1, 0, 0, 0, 0, 1, 3, 2, 0, 0, 1, 0, 1, 0, 0, 2, 0, 0, 0, 1, 2, 1, 1, 0, 0, 1, 1, 3, 3, 0, 3, 3, 1, 0, 0, 0, 1, 0, 0, 0, 0, 0, 1, 2, 2, 0, 0, 0, 0, 2, 0, 1, 1, 0, 0, 0, 0, 0, 0],705.0470749739228,58445.79123614564,95781.2895945797,false
53,G4_BALANCED,G1_CMAX,[31, 22, 42, 15, 26, 58, 95, 82, 77, 12, 47, 5, 93, 78, 98, 54, 85, 63, 18, 44, 20, 35, 43, 97, 91, 76, 10, 30, 21, 45, 71, 64, 1, 23, 17, 83, 24, 61, 60, 36, 6, 57, 94, 88, 65, 56, 79, 40, 67, 68, 46, 75, 38, 9, 19, 32, 81, 41, 27, 62, 87, 90, 99, 59, 11, 16, 72, 73, 70, 39, 37, 84, 3, 96, 25, 74, 28, 29, 51, 7, 53, 14, 86, 48, 89, 50, 66, 92, 33, 80, 4, 2, 0, 49, 55, 52, 13, 8, 69, 34]|[1, 1, 0, 1, 1, 1, 2, 1, 2, 1, 2, 2, 2, 1, 1, 0, 0, 1, 0, 2, 2, 0, 1, 2, 0, 1, 2, 2, 0, 0, 1, 2, 1, 2, 1, 0, 2, 1, 1, 1, 0, 1, 1, 2, 0, 2, 1, 1, 0, 0, 0, 0, 1, 1, 2, 1, 2, 0, 0, 0, 2, 1, 0, 1, 2, 1, 2, 1, 1, 1, 1, 1, 2, 2, 1, 2, 0, 0, 0, 1, 2, 1, 0, 0, 1, 0, 2, 0, 2, 0, 0, 0, 0, 0, 1, 1, 0, 1, 1, 2]|[4, 3, 2, 2, 0, 0, 2, 2, 2, 4, 1, 1, 2, 4, 4, 1, 1, 4, 2, 1, 1, 1, 1, 2, 1, 2, 1, 1, 1, 1, 3, 2, 3, 0, 4, 0, 1, 3, 0, 3, 2, 2, 4, 1, 1, 1, 3, 2, 0, 1, 2, 2, 1, 4, 0, 3, 2, 1, 1, 2, 1, 3, 1, 1, 1, 3, 0, 4, 3, 1, 4, 1, 1, 1, 4, 1, 2, 1, 1, 3, 1, 3, 1, 1, 1, 1, 1, 2, 1, 1, 2, 2, 2, 1, 4, 1, 2, 3, 4, 1]|[0, 2, 1, 1, 3, 3, 0, 1, 0, 0, 0, 0, 1, 0, 1, 0, 0, 3, 1, 0, 0, 0, 3, 1, 0, 2, 0, 0, 0, 1, 0, 0, 0, 0, 3, 0, 1, 0, 0, 2, 1, 1, 2, 0, 0, 0, 0, 1, 1, 0, 0, 0, 1, 3, 0, 0, 1, 0, 0, 1, 0, 2, 0, 1, 0, 2, 1, 0, 0, 1, 1, 3, 0, 0, 3, 0, 1, 0, 0, 2, 0, 0, 0, 0, 1, 0, 0, 1, 0, 0, 1, 0, 0, 1, 3, 1, 0, 2, 2, 0],744.5383723180835,56557.35868613691,91662.16948783089,true
53,G2_TEC,G2_TEC,[31, 94, 82, 15, 26, 9, 95, 42, 77, 68, 47, 5, 93, 78, 86, 54, 85, 63, 18, 44, 20, 49, 36, 14, 74, 50, 53, 17, 21, 28, 11, 64, 3, 23, 30, 83, 24, 41, 40, 52, 65, 27, 90, 70, 39, 87, 48, 69, 99, 4, 98, 1, 13, 56, 97, 59, 45, 8, 73, 37, 35, 79, 71, 66, 76, 32, 60, 80, 58, 6, 67, 61, 33, 7, 57, 34, 12, 16, 10, 22, 96, 88, 43, 81, 91, 2, 84, 29, 92, 19, 89, 55, 51, 46, 25, 75, 38, 72, 62, 0]|[2, 1, 2, 1, 1, 2, 1, 1, 1, 1, 1, 0, 2, 2, 1, 2, 0, 0, 0, 2, 2, 1, 0, 2, 0, 2, 2, 1, 0, 1, 1, 1, 0, 0, 1, 0, 2, 1, 2, 2, 0, 0, 1, 1, 0, 2, 0, 2, 1, 0, 2, 2, 0, 2, 2, 0, 1, 1, 0, 0, 2, 1, 1, 2, 2, 0, 2, 2, 2, 1, 2, 1, 1, 2, 0, 1, 1, 2, 1, 2, 0, 1, 1, 1, 1, 0, 0, 1, 0, 1, 1, 0, 1, 0, 1, 0, 0, 1, 1, 0]|[0, 3, 0, 3, 4, 1, 4, 4, 4, 4, 3, 2, 1, 0, 2, 1, 1, 1, 2, 1, 1, 3, 0, 1, 0, 1, 1, 4, 1, 4, 3, 2, 2, 0, 4, 1, 1, 4, 1, 1, 2, 1, 4, 4, 1, 1, 0, 1, 3, 2, 1, 1, 2, 1, 1, 2, 4, 3, 0, 2, 1, 3, 3, 1, 1, 2, 1, 1, 1, 4, 1, 3, 4, 1, 2, 4, 3, 1, 3, 1, 2, 4, 4, 4, 3, 2, 2, 3, 2, 4, 4, 2, 3, 2, 4, 2, 2, 4, 3, 2]|[0, 2, 0, 0, 3, 0, 1, 3, 1, 0, 2, 0, 1, 0, 1, 0, 0, 0, 1, 0, 0, 2, 0, 0, 1, 0, 0, 3, 0, 1, 0, 2, 0, 0, 3, 0, 1, 1, 0, 0, 0, 0, 1, 3, 0, 0, 1, 0, 2, 0, 0, 0, 0, 0, 1, 0, 1, 0, 1, 1, 0, 2, 0, 0, 0, 0, 0, 0, 0, 2, 0, 0, 1, 0, 0, 1, 0, 0, 3, 0, 0, 1, 2, 2, 0, 0, 0, 3, 0, 1, 1, 0, 0, 0, 3, 0, 0, 1, 0, 0],910.6016522559228,48441.78517559203,107030.90942221809,false
53,G3_TWC,G4_BALANCED,[31, 22, 42, 15, 26, 58, 95, 82, 77, 12, 47, 5, 93, 78, 98, 54, 85, 63, 18, 44, 20, 35, 43, 97, 91, 76, 10, 30, 21, 45, 71, 64, 1, 23, 17, 83, 24, 61, 60, 49, 6, 57, 94, 88, 65, 56, 79, 40, 67, 68, 46, 75, 38, 9, 19, 32, 81, 41, 27, 62, 87, 90, 99, 59, 53, 16, 72, 73, 70, 39, 37, 84, 3, 92, 25, 74, 28, 0, 51, 7, 11, 14, 86, 48, 89, 50, 66, 96, 33, 80, 4, 8, 55, 36, 29, 52, 13, 2, 69, 34]|[1, 1, 0, 1, 1, 1, 2, 1, 2, 1, 2, 2, 2, 1, 1, 0, 0, 1, 0, 2, 2, 0, 1, 2, 0, 1, 2, 2, 0, 0, 1, 2, 1, 0, 1, 0, 2, 0, 1, 1, 0, 1, 1, 1, 0, 2, 1, 1, 0, 0, 0, 0, 1, 1, 2, 1, 2, 0, 0, 0, 2, 1, 0, 1, 0, 1, 2, 1, 1, 1, 1, 1, 2, 0, 1, 2, 0, 0, 0, 1, 2, 1, 0, 0, 1, 0, 0, 2, 2, 0, 0, 1, 2, 0, 0, 1, 0, 0, 1, 2]|[4, 3, 2, 2, 0, 0, 2, 2, 2, 4, 1, 1, 2, 4, 4, 1, 1, 4, 2, 1, 1, 1, 1, 2, 1, 2, 1, 1, 1, 1, 3, 2, 3, 0, 4, 0, 1, 1, 0, 3, 2, 2, 4, 0, 1, 1, 3, 2, 0, 1, 2, 2, 1, 4, 0, 3, 2, 1, 1, 2, 1, 3, 1, 1, 2, 3, 0, 4, 3, 1, 4, 1, 1, 2, 4, 1, 2, 1, 1, 3, 1, 3, 1, 1, 1, 1, 1, 1, 1, 1, 2, 3, 1, 1, 2, 1, 2, 2, 3, 1]|[0, 2, 1, 1, 3, 3, 0, 1, 0, 0, 0, 0, 1, 0, 1, 0, 0, 3, 1, 0, 0, 0, 3, 1, 0, 2, 0, 0, 0, 1, 0, 0, 0, 0, 3, 0, 1, 0, 0, 2, 1, 1, 2, 0, 0, 0, 0, 1, 1, 0, 0, 0, 1, 3, 0, 0, 1, 0, 0, 1, 0, 2, 0, 1, 1, 2, 1, 0, 0, 1, 1, 3, 0, 1, 3, 0, 1, 0, 0, 2, 0, 0, 0, 0, 1, 0, 0, 0, 0, 0, 1, 2, 0, 1, 0, 1, 0, 0, 0, 0],787.7354273239397,57319.98389756265,87481.7179896983,true
53,G1_CMAX,G1_CMAX,[31, 22, 90, 26, 58, 95, 42, 12, 93, 5, 78, 86, 98, 18, 20, 35, 3, 97, 91, 76, 10, 85, 54, 45, 63, 71, 66, 1, 23, 17, 24, 60, 36, 6, 57, 15, 65, 56, 47, 79, 94, 67, 50, 46, 14, 75, 38, 9, 30, 19, 32, 81, 27, 92, 83, 87, 40, 99, 59, 11, 53, 16, 72, 77, 73, 70, 39, 37, 84, 43, 62, 25, 55, 28, 29, 51, 68, 82, 74, 61, 88, 21, 80, 89, 7, 69, 96, 41, 48, 4, 8, 34, 49, 52, 0, 44, 13, 2, 64, 33]|[1, 1, 1, 1, 0, 2, 1, 1, 2, 2, 2, 1, 0, 1, 2, 2, 1, 2, 0, 1, 2, 2, 2, 0, 0, 1, 2, 1, 2, 1, 2, 1, 1, 0, 1, 1, 0, 2, 2, 1, 1, 0, 0, 0, 0, 1, 1, 1, 1, 2, 1, 2, 2, 0, 0, 2, 1, 0, 0, 2, 0, 1, 2, 2, 1, 1, 1, 1, 1, 1, 0, 1, 1, 0, 0, 0, 0, 0, 2, 1, 1, 0, 0, 1, 1, 1, 2, 2, 0, 1, 1, 2, 0, 1, 0, 0, 0, 0, 2, 2]|[0, 4, 3, 0, 1, 1, 2, 4, 1, 1, 2, 4, 1, 4, 1, 1, 1, 2, 2, 2, 2, 1, 1, 1, 2, 3, 2, 3, 0, 4, 1, 0, 3, 2, 2, 2, 1, 1, 1, 0, 2, 0, 1, 2, 1, 3, 1, 4, 2, 0, 3, 2, 1, 2, 1, 1, 4, 1, 1, 1, 2, 3, 0, 2, 4, 3, 1, 4, 1, 1, 1, 4, 4, 2, 1, 1, 1, 2, 1, 3, 0, 1, 1, 1, 1, 3, 1, 1, 1, 4, 3, 1, 1, 1, 2, 2, 2, 2, 1, 1]|[3, 0, 2, 3, 0, 0, 1, 0, 0, 0, 1, 0, 0, 3, 0, 0, 1, 1, 1, 2, 1, 0, 0, 0, 0, 0, 0, 0, 0, 3, 1, 0, 2, 1, 1, 1, 0, 0, 0, 0, 1, 1, 0, 0, 0, 0, 1, 3, 2, 0, 0, 1, 0, 1, 0, 0, 2, 0, 0, 0, 1, 2, 1, 1, 0, 0, 1, 1, 3, 3, 0, 3, 3, 1, 0, 0, 0, 1, 0, 0, 0, 0, 0, 1, 2, 2, 0, 0, 0, 0, 2, 0, 1, 1, 0, 0, 0, 0, 0, 0],705.0470749739228,58445.79123614564,95781.2895945797,false
53,G4_BALANCED,G4_BALANCED,[31, 22, 82, 15, 26, 58, 95, 42, 77, 12, 47, 5, 93, 78, 86, 54, 85, 63, 18, 44, 20, 35, 43, 97, 91, 76, 10, 30, 21, 45, 71, 64, 1, 23, 17, 83, 24, 14, 60, 36, 6, 57, 40, 88, 65, 56, 79, 94, 67, 68, 46, 29, 38, 9, 19, 32, 81, 41, 27, 87, 90, 62, 99, 59, 11, 16, 72, 73, 70, 39, 37, 84, 3, 92, 25, 55, 28, 75, 51, 7, 66, 61, 98, 8, 89, 50, 33, 96, 49, 48, 80, 4, 34, 53, 52, 0, 13, 2, 69, 74]|[1, 1, 0, 1, 1, 0, 2, 2, 2, 1, 2, 2, 2, 1, 1, 0, 0, 1, 0, 2, 2, 0, 1, 2, 0, 1, 2, 2, 0, 0, 1, 2, 1, 2, 1, 0, 2, 0, 1, 1, 0, 1, 1, 1, 0, 2, 1, 1, 0, 0, 0, 0, 1, 1, 2, 1, 2, 0, 0, 2, 1, 2, 0, 2, 2, 1, 2, 1, 1, 1, 1, 1, 1, 0, 1, 2, 0, 0, 0, 1, 2, 1, 1, 0, 1, 0, 2, 2, 0, 0, 0, 1, 2, 0, 1, 0, 0, 0, 1, 2]|[4, 3, 2, 2, 4, 1, 2, 2, 2, 4, 1, 1, 2, 4, 4, 1, 1, 4, 2, 1, 1, 1, 1, 2, 1, 2, 1, 1, 1, 1, 3, 1, 3, 1, 4, 0, 1, 1, 0, 3, 2, 2, 2, 0, 1, 1, 0, 4, 0, 1, 2, 2, 1, 4, 0, 3, 1, 1, 1, 1, 3, 1, 1, 1, 1, 3, 1, 4, 3, 1, 4, 1, 1, 0, 4, 1, 2, 2, 1, 1, 1, 3, 4, 1, 1, 1, 1, 1, 1, 1, 1, 4, 1, 2, 1, 2, 2, 2, 4, 1]|[0, 2, 1, 1, 3, 0, 0, 0, 0, 0, 0, 0, 1, 0, 1, 0, 0, 3, 1, 0, 0, 0, 3, 1, 0, 2, 0, 0, 0, 0, 0, 0, 0, 0, 3, 0, 1, 0, 0, 2, 1, 1, 1, 0, 0, 0, 0, 2, 1, 0, 0, 0, 1, 3, 0, 0, 0, 0, 0, 0, 2, 0, 0, 0, 0, 2, 0, 0, 0, 1, 1, 3, 1, 1, 3, 0, 1, 0, 0, 2, 0, 0, 1, 0, 1, 0, 0, 0, 1, 0, 0, 0, 0, 1, 1, 0, 0, 0, 2, 0],864.9405069285402,54571.10517607824,102506.09960255667,false
53,G2_TEC,G2_TEC,[31, 22, 82, 15, 26, 9, 95, 42, 77, 68, 47, 5, 93, 78, 86, 54, 85, 63, 18, 44, 20, 49, 36, 14, 74, 50, 53, 17, 21, 28, 11, 64, 3, 23, 30, 83, 24, 41, 40, 52, 65, 27, 90, 70, 39, 87, 48, 69, 99, 4, 75, 1, 13, 58, 0, 59, 45, 8, 73, 37, 35, 79, 71, 66, 76, 32, 60, 80, 56, 6, 67, 61, 33, 7, 57, 34, 12, 16, 10, 94, 96, 88, 43, 81, 91, 38, 84, 29, 92, 19, 51, 89, 46, 55, 25, 72, 98, 2, 62, 97]|[2, 1, 2, 1, 1, 2, 1, 1, 1, 1, 1, 0, 2, 2, 1, 2, 0, 0, 0, 2, 2, 1, 0, 2, 0, 2, 2, 1, 0, 1, 1, 1, 0, 0, 1, 0, 2, 1, 2, 2, 0, 0, 1, 1, 0, 2, 0, 2, 1, 0, 0, 2, 0, 0, 2, 0, 1, 1, 0, 0, 2, 1, 1, 2, 2, 0, 2, 2, 2, 1, 2, 1, 1, 2, 0, 1, 1, 2, 1, 2, 0, 1, 1, 1, 1, 0, 0, 1, 0, 1, 1, 1, 0, 0, 1, 1, 2, 0, 1, 1]|[0, 3, 0, 3, 4, 1, 4, 4, 2, 4, 3, 2, 1, 0, 2, 1, 1, 1, 2, 1, 1, 3, 0, 1, 0, 1, 1, 4, 1, 4, 3, 2, 2, 0, 4, 1, 1, 4, 1, 1, 2, 1, 4, 4, 1, 1, 0, 2, 3, 2, 2, 1, 2, 1, 1, 2, 4, 3, 0, 2, 1, 3, 3, 1, 1, 2, 1, 1, 1, 4, 1, 3, 4, 1, 2, 4, 3, 1, 3, 1, 2, 4, 4, 4, 3, 2, 2, 3, 2, 4, 3, 4, 2, 2, 4, 4, 1, 2, 3, 4]|[0, 2, 0, 0, 3, 0, 1, 3, 0, 0, 2, 0, 1, 0, 1, 0, 0, 0, 1, 0, 0, 2, 0, 0, 1, 0, 0, 3, 0, 1, 0, 2, 0, 0, 3, 0, 1, 1, 0, 0, 0, 0, 1, 3, 0, 0, 1, 0, 2, 0, 0, 0, 0, 0, 0, 0, 1, 0, 1, 1, 0, 2, 0, 0, 0, 0, 0, 0, 0, 2, 0, 0, 1, 0, 0, 1, 0, 0, 3, 0, 0, 1, 2, 2, 0, 0, 0, 3, 0, 1, 0, 1, 0, 0, 3, 1, 0, 0, 0, 1],892.8625725395128,49091.842281837875,108230.54557362283,false
53,G3_TWC,G4_BALANCED,[31, 22, 42, 15, 26, 58, 95, 82, 77, 12, 47, 5, 93, 78, 98, 54, 85, 63, 18, 44, 20, 35, 43, 97, 91, 76, 10, 30, 21, 45, 71, 64, 1, 23, 17, 83, 24, 61, 60, 49, 6, 57, 94, 88, 65, 56, 79, 40, 67, 68, 46, 75, 38, 9, 19, 32, 81, 41, 27, 62, 87, 90, 99, 59, 53, 16, 72, 73, 70, 39, 37, 84, 3, 92, 25, 74, 28, 0, 51, 7, 11, 14, 86, 48, 89, 50, 66, 96, 33, 80, 4, 8, 55, 36, 29, 52, 13, 2, 69, 34]|[1, 1, 0, 1, 1, 1, 2, 1, 2, 1, 2, 2, 2, 1, 1, 0, 0, 1, 0, 2, 2, 0, 1, 2, 0, 1, 2, 2, 0, 0, 1, 2, 1, 0, 1, 0, 2, 0, 1, 1, 0, 1, 1, 1, 0, 2, 1, 1, 0, 0, 0, 0, 1, 1, 2, 1, 2, 0, 0, 0, 2, 1, 0, 1, 0, 1, 2, 1, 1, 1, 1, 1, 2, 0, 1, 2, 0, 0, 0, 1, 2, 1, 0, 0, 1, 0, 0, 2, 2, 0, 0, 1, 2, 0, 0, 1, 0, 0, 1, 2]|[4, 3, 2, 2, 0, 0, 2, 2, 2, 4, 1, 1, 2, 4, 4, 1, 1, 4, 2, 1, 1, 1, 1, 2, 1, 2, 1, 1, 1, 1, 3, 2, 3, 0, 4, 0, 1, 1, 0, 3, 2, 2, 4, 0, 1, 1, 3, 2, 0, 1, 2, 2, 1, 4, 0, 3, 2, 1, 1, 2, 1, 3, 1, 1, 2, 3, 0, 4, 3, 1, 4, 1, 1, 2, 4, 1, 2, 1, 1, 3, 1, 3, 1, 1, 1, 1, 1, 1, 1, 1, 2, 3, 1, 1, 2, 1, 2, 2, 3, 1]|[0, 2, 1, 1, 3, 3, 0, 1, 0, 0, 0, 0, 1, 0, 1, 0, 0, 3, 1, 0, 0, 0, 3, 1, 0, 2, 0, 0, 0, 1, 0, 0, 0, 0, 3, 0, 1, 0, 0, 2, 1, 1, 2, 0, 0, 0, 0, 1, 1, 0, 0, 0, 1, 3, 0, 0, 1, 0, 0, 1, 0, 2, 0, 1, 1, 2, 1, 0, 0, 1, 1, 3, 0, 1, 3, 0, 1, 0, 0, 2, 0, 0, 0, 0, 1, 0, 0, 0, 0, 0, 1, 2, 0, 1, 0, 1, 0, 0, 0, 0],787.7354273239397,57319.98389756265,87481.7179896983,true
53,G1_CMAX,G1_CMAX,[31, 22, 90, 26, 58, 95, 42, 12, 93, 5, 78, 86, 98, 18, 20, 35, 3, 97, 91, 76, 10, 85, 54, 45, 63, 71, 66, 1, 23, 17, 24, 60, 36, 6, 57, 15, 65, 56, 47, 79, 94, 67, 50, 46, 14, 75, 38, 9, 30, 19, 32, 81, 27, 92, 83, 87, 40, 99, 59, 11, 53, 16, 72, 77, 73, 70, 39, 37, 84, 43, 62, 25, 55, 28, 29, 51, 68, 82, 74, 61, 88, 21, 80, 89, 7, 69, 96, 41, 48, 4, 8, 34, 49, 52, 0, 44, 13, 2, 64, 33]|[1, 1, 1, 1, 0, 2, 1, 1, 2, 2, 2, 1, 0, 1, 2, 2, 1, 2, 0, 1, 2, 2, 2, 0, 0, 1, 2, 1, 2, 1, 2, 1, 1, 0, 1, 1, 0, 2, 2, 1, 1, 0, 0, 0, 0, 1, 1, 1, 1, 2, 1, 2, 2, 0, 0, 2, 1, 0, 0, 2, 0, 1, 2, 2, 1, 1, 1, 1, 1, 1, 0, 1, 1, 0, 0, 0, 0, 0, 2, 1, 1, 0, 0, 1, 1, 1, 2, 2, 0, 1, 1, 2, 0, 1, 0, 0, 0, 0, 2, 2]|[0, 4, 3, 0, 1, 1, 2, 4, 1, 1, 2, 4, 1, 4, 1, 1, 1, 2, 2, 2, 2, 1, 1, 1, 2, 3, 2, 3, 0, 4, 1, 0, 3, 2, 2, 2, 1, 1, 1, 0, 2, 0, 1, 2, 1, 3, 1, 4, 2, 0, 3, 2, 1, 2, 1, 1, 4, 1, 1, 1, 2, 3, 0, 2, 4, 3, 1, 4, 1, 1, 1, 4, 4, 2, 1, 1, 1, 2, 1, 3, 0, 1, 1, 1, 1, 3, 1, 1, 1, 4, 3, 1, 1, 1, 2, 2, 2, 2, 1, 1]|[3, 0, 2, 3, 0, 0, 1, 0, 0, 0, 1, 0, 0, 3, 0, 0, 1, 1, 1, 2, 1, 0, 0, 0, 0, 0, 0, 0, 0, 3, 1, 0, 2, 1, 1, 1, 0, 0, 0, 0, 1, 1, 0, 0, 0, 0, 1, 3, 2, 0, 0, 1, 0, 1, 0, 0, 2, 0, 0, 0, 1, 2, 1, 1, 0, 0, 1, 1, 3, 3, 0, 3, 3, 1, 0, 0, 0, 1, 0, 0, 0, 0, 0, 1, 2, 2, 0, 0, 0, 0, 2, 0, 1, 1, 0, 0, 0, 0, 0, 0],705.0470749739228,58445.79123614564,95781.2895945797,false
53,G4_BALANCED,G1_CMAX,[31, 22, 42, 15, 26, 58, 95, 82, 77, 12, 47, 5, 93, 78, 98, 54, 85, 63, 18, 96, 20, 35, 43, 97, 91, 76, 10, 30, 21, 45, 71, 64, 1, 23, 17, 83, 24, 14, 60, 36, 6, 57, 94, 88, 65, 56, 79, 40, 67, 68, 46, 75, 38, 9, 19, 32, 81, 41, 27, 62, 87, 90, 99, 59, 11, 16, 72, 73, 70, 39, 37, 84, 3, 92, 25, 74, 28, 29, 51, 7, 53, 61, 86, 48, 89, 50, 66, 44, 33, 80, 4, 2, 55, 49, 0, 52, 13, 8, 69, 34]|[1, 1, 0, 1, 1, 1, 2, 1, 2, 1, 2, 2, 2, 1, 1, 0, 0, 1, 0, 2, 2, 0, 1, 2, 0, 1, 2, 2, 0, 0, 1, 2, 1, 2, 1, 0, 2, 0, 1, 1, 0, 1, 1, 1, 0, 2, 1, 1, 0, 0, 0, 0, 1, 1, 2, 1, 2, 0, 0, 0, 2, 1, 0, 1, 2, 1, 2, 1, 1, 1, 1, 1, 2, 0, 1, 2, 2, 0, 0, 1, 0, 1, 0, 0, 1, 0, 2, 2, 2, 0, 0, 0, 1, 0, 0, 1, 0, 1, 1, 2]|[4, 3, 2, 2, 0, 0, 2, 2, 2, 4, 1, 1, 2, 4, 4, 1, 1, 4, 2, 1, 1, 1, 1, 2, 1, 2, 1, 1, 1, 1, 3, 2, 3, 0, 4, 0, 1, 1, 0, 3, 2, 2, 4, 0, 1, 1, 3, 2, 0, 1, 2, 2, 1, 4, 0, 3, 2, 1, 1, 2, 1, 3, 1, 1, 1, 3, 0, 4, 3, 1, 4, 1, 1, 2, 4, 1, 1, 1, 1, 3, 2, 3, 1, 1, 1, 1, 1, 1, 1, 1, 2, 2, 4, 1, 2, 1, 2, 3, 4, 1]|[0, 2, 1, 1, 3, 3, 0, 1, 0, 0, 0, 0, 1, 0, 1, 0, 0, 3, 1, 0, 0, 0, 3, 1, 0, 2, 0, 0, 0, 1, 0, 0, 0, 0, 3, 0, 1, 0, 0, 2, 1, 1, 2, 0, 0, 0, 0, 1, 1, 0, 0, 0, 1, 3, 0, 0, 1, 0, 0, 1, 0, 2, 0, 1, 0, 2, 1, 0, 0, 1, 1, 3, 0, 1, 3, 0, 0, 0, 0, 2, 1, 0, 0, 0, 1, 0, 0, 0, 0, 0, 1, 0, 3, 1, 0, 1, 0, 2, 2, 0],759.9613521850492,57083.19960056535,89794.17356421678,true
53,G2_TEC,G2_TEC,[31, 94, 82, 15, 26, 9, 95, 42, 77, 68, 47, 5, 93, 78, 86, 54, 85, 63, 18, 44, 20, 49, 36, 14, 74, 50, 53, 17, 21, 28, 11, 64, 3, 23, 30, 83, 24, 41, 40, 52, 65, 27, 90, 70, 39, 87, 48, 69, 99, 4, 98, 1, 13, 56, 97, 59, 45, 8, 73, 37, 35, 79, 71, 66, 76, 32, 60, 80, 58, 6, 67, 61, 33, 7, 57, 34, 12, 16, 10, 22, 96, 88, 43, 81, 91, 2, 84, 29, 92, 19, 89, 55, 51, 46, 25, 75, 38, 72, 62, 0]|[2, 1, 2, 1, 1, 2, 1, 1, 1, 1, 1, 0, 2, 2, 1, 2, 0, 0, 0, 2, 2, 1, 0, 2, 0, 2, 2, 1, 0, 1, 1, 1, 0, 0, 1, 0, 2, 1, 2, 2, 0, 0, 1, 1, 0, 2, 0, 2, 1, 0, 2, 2, 0, 2, 2, 0, 1, 1, 0, 0, 2, 1, 1, 2, 2, 0, 2, 2, 2, 1, 2, 1, 1, 2, 0, 1, 1, 2, 1, 2, 0, 1, 1, 1, 1, 0, 0, 1, 0, 1, 1, 0, 1, 0, 1, 0, 0, 1, 1, 0]|[0, 3, 0, 3, 4, 1, 4, 4, 4, 4, 3, 2, 1, 0, 2, 1, 1, 1, 2, 1, 1, 3, 0, 1, 0, 1, 1, 4, 1, 4, 3, 2, 2, 0, 4, 1, 1, 4, 1, 1, 2, 1, 4, 4, 1, 1, 0, 1, 3, 2, 1, 1, 2, 1, 1, 2, 4, 3, 0, 2, 1, 3, 3, 1, 1, 2, 1, 1, 1, 4, 1, 3, 4, 1, 2, 4, 3, 1, 3, 1, 2, 4, 4, 4, 3, 2, 2, 3, 2, 4, 4, 2, 3, 2, 4, 2, 2, 4, 3, 2]|[0, 2, 0, 0, 3, 0, 1, 3, 1, 0, 2, 0, 1, 0, 1, 0, 0, 0, 1, 0, 0, 2, 0, 0, 1, 0, 0, 3, 0, 1, 0, 2, 0, 0, 3, 0, 1, 1, 0, 0, 0, 0, 1, 3, 0, 0, 1, 0, 2, 0, 0, 0, 0, 0, 1, 0, 1, 0, 1, 1, 0, 2, 0, 0, 0, 0, 0, 0, 0, 2, 0, 0, 1, 0, 0, 1, 0, 0, 3, 0, 0, 1, 2, 2, 0, 0, 0, 3, 0, 1, 1, 0, 0, 0, 3, 0, 0, 1, 0, 0],910.6016522559228,48441.78517559203,107030.90942221809,false
53,G3_TWC,G4_BALANCED,[31, 22, 42, 15, 26, 58, 95, 82, 77, 12, 47, 5, 93, 78, 98, 54, 85, 63, 18, 44, 20, 35, 43, 97, 91, 76, 10, 30, 21, 45, 71, 64, 1, 23, 17, 83, 24, 61, 60, 49, 6, 57, 94, 88, 65, 56, 79, 40, 67, 68, 46, 75, 38, 9, 19, 32, 81, 41, 27, 62, 87, 90, 99, 59, 53, 16, 72, 73, 70, 39, 37, 84, 3, 92, 25, 74, 28, 0, 51, 7, 11, 14, 86, 48, 89, 50, 66, 96, 33, 80, 4, 8, 55, 36, 29, 52, 13, 2, 69, 34]|[1, 1, 0, 1, 1, 1, 2, 1, 2, 1, 2, 2, 2, 1, 1, 0, 0, 1, 0, 2, 2, 0, 1, 2, 0, 1, 2, 2, 0, 0, 1, 2, 1, 0, 1, 0, 2, 0, 1, 1, 0, 1, 1, 1, 0, 2, 1, 1, 0, 0, 0, 0, 1, 1, 2, 1, 2, 0, 0, 0, 2, 1, 0, 1, 0, 1, 2, 1, 1, 1, 1, 1, 2, 0, 1, 2, 0, 0, 0, 1, 2, 1, 0, 0, 1, 0, 0, 2, 2, 0, 0, 1, 2, 0, 0, 1, 0, 0, 1, 2]|[4, 3, 2, 2, 0, 0, 2, 2, 2, 4, 1, 1, 2, 4, 4, 1, 1, 4, 2, 1, 1, 1, 1, 2, 1, 2, 1, 1, 1, 1, 3, 2, 3, 0, 4, 0, 1, 1, 0, 3, 2, 2, 4, 0, 1, 1, 3, 2, 0, 1, 2, 2, 1, 4, 0, 3, 2, 1, 1, 2, 1, 3, 1, 1, 2, 3, 0, 4, 3, 1, 4, 1, 1, 2, 4, 1, 2, 1, 1, 3, 1, 3, 1, 1, 1, 1, 1, 1, 1, 1, 2, 3, 1, 1, 2, 1, 2, 2, 3, 1]|[0, 2, 1, 1, 3, 3, 0, 1, 0, 0, 0, 0, 1, 0, 1, 0, 0, 3, 1, 0, 0, 0, 3, 1, 0, 2, 0, 0, 0, 1, 0, 0, 0, 0, 3, 0, 1, 0, 0, 2, 1, 1, 2, 0, 0, 0, 0, 1, 1, 0, 0, 0, 1, 3, 0, 0, 1, 0, 0, 1, 0, 2, 0, 1, 1, 2, 1, 0, 0, 1, 1, 3, 0, 1, 3, 0, 1, 0, 0, 2, 0, 0, 0, 0, 1, 0, 0, 0, 0, 0, 1, 2, 0, 1, 0, 1, 0, 0, 0, 0],787.7354273239397,57319.98389756265,87481.7179896983,true
53,G1_CMAX,G1_CMAX,[31, 22, 90, 26, 58, 95, 42, 12, 93, 5, 78, 86, 98, 18, 20, 35, 3, 97, 91, 76, 10, 85, 54, 45, 63, 71, 66, 1, 23, 17, 24, 60, 36, 6, 57, 15, 65, 56, 47, 79, 94, 67, 50, 46, 14, 75, 38, 9, 30, 19, 32, 81, 27, 92, 83, 87, 40, 99, 59, 11, 53, 16, 72, 77, 73, 70, 39, 37, 84, 43, 62, 25, 55, 28, 29, 51, 68, 82, 74, 61, 88, 21, 80, 89, 7, 69, 96, 41, 48, 4, 8, 34, 49, 52, 0, 44, 13, 2, 64, 33]|[1, 1, 1, 1, 0, 2, 1, 1, 2, 2, 2, 1, 0, 1, 2, 2, 1, 2, 0, 1, 2, 2, 2, 0, 0, 1, 2, 1, 2, 1, 2, 1, 1, 0, 1, 1, 0, 2, 2, 1, 1, 0, 0, 0, 0, 1, 1, 1, 1, 2, 1, 2, 2, 0, 0, 2, 1, 0, 0, 2, 0, 1, 2, 2, 1, 1, 1, 1, 1, 1, 0, 1, 1, 0, 0, 0, 0, 0, 2, 1, 1, 0, 0, 1, 1, 1, 2, 2, 0, 1, 1, 2, 0, 1, 0, 0, 0, 0, 2, 2]|[0, 4, 3, 0, 1, 1, 2, 4, 1, 1, 2, 4, 1, 4, 1, 1, 1, 2, 2, 2, 2, 1, 1, 1, 2, 3, 2, 3, 0, 4, 1, 0, 3, 2, 2, 2, 1, 1, 1, 0, 2, 0, 1, 2, 1, 3, 1, 4, 2, 0, 3, 2, 1, 2, 1, 1, 4, 1, 1, 1, 2, 3, 0, 2, 4, 3, 1, 4, 1, 1, 1, 4, 4, 2, 1, 1, 1, 2, 1, 3, 0, 1, 1, 1, 1, 3, 1, 1, 1, 4, 3, 1, 1, 1, 2, 2, 2, 2, 1, 1]|[3, 0, 2, 3, 0, 0, 1, 0, 0, 0, 1, 0, 0, 3, 0, 0, 1, 1, 1, 2, 1, 0, 0, 0, 0, 0, 0, 0, 0, 3, 1, 0, 2, 1, 1, 1, 0, 0, 0, 0, 1, 1, 0, 0, 0, 0, 1, 3, 2, 0, 0, 1, 0, 1, 0, 0, 2, 0, 0, 0, 1, 2, 1, 1, 0, 0, 1, 1, 3, 3, 0, 3, 3, 1, 0, 0, 0, 1, 0, 0, 0, 0, 0, 1, 2, 2, 0, 0, 0, 0, 2, 0, 1, 1, 0, 0, 0, 0, 0, 0],705.0470749739228,58445.79123614564,95781.2895945797,false
53,G4_BALANCED,G4_BALANCED,[31, 11, 15, 82, 26, 9, 95, 32, 77, 68, 47, 5, 93, 78, 86, 54, 85, 63, 18, 44, 20, 49, 36, 14, 74, 50, 53, 17, 21, 45, 71, 64, 3, 23, 30, 83, 24, 41, 60, 52, 65, 27, 90, 70, 39, 87, 48, 69, 99, 4, 46, 1, 13, 58, 97, 59, 28, 8, 73, 37, 35, 79, 22, 66, 76, 42, 40, 80, 96, 6, 16, 61, 33, 7, 57, 34, 12, 67, 10, 98, 56, 88, 29, 75, 91, 38, 19, 92, 43, 84, 51, 72, 81, 0, 2, 55, 94, 89, 62, 25]|[2, 1, 1, 2, 1, 2, 1, 1, 1, 1, 1, 0, 2, 2, 1, 2, 0, 0, 0, 2, 2, 1, 0, 2, 0, 2, 2, 1, 0, 1, 1, 1, 0, 0, 1, 0, 2, 1, 2, 2, 0, 0, 1, 1, 0, 2, 0, 2, 1, 0, 0, 2, 0, 0, 2, 0, 1, 1, 0, 0, 2, 1, 0, 2, 2, 0, 2, 2, 0, 1, 2, 1, 1, 2, 0, 1, 1, 1, 1, 2, 2, 1, 1, 0, 1, 0, 1, 0, 1, 0, 1, 1, 1, 0, 2, 0, 2, 1, 1, 1]|[1, 3, 2, 0, 4, 1, 4, 4, 2, 4, 3, 2, 1, 0, 2, 1, 1, 1, 2, 1, 1, 3, 0, 1, 0, 1, 1, 4, 1, 4, 3, 2, 2, 0, 4, 1, 1, 4, 0, 1, 2, 1, 4, 4, 1, 1, 0, 2, 3, 2, 2, 1, 2, 1, 1, 2, 4, 3, 0, 2, 2, 3, 1, 0, 1, 2, 0, 1, 2, 4, 1, 3, 4, 1, 2, 4, 3, 3, 3, 1, 1, 4, 3, 2, 3, 2, 4, 2, 4, 2, 3, 4, 1, 2, 1, 2, 1, 4, 3, 4]|[1, 2, 1, 0, 3, 0, 1, 3, 0, 0, 2, 0, 1, 0, 1, 0, 0, 0, 1, 0, 0, 2, 0, 0, 1, 0, 0, 3, 0, 1, 0, 2, 0, 1, 3, 0, 1, 3, 1, 0, 0, 0, 1, 3, 0, 0, 1, 0, 2, 0, 0, 0, 0, 0, 1, 0, 1, 0, 1, 1, 0, 2, 0, 0, 0, 0, 0, 0, 0, 2, 0, 0, 1, 0, 0, 1, 0, 0, 3, 0, 0, 1, 0, 0, 0, 0, 3, 0, 2, 0, 0, 2, 1, 0, 0, 0, 0, 1, 0, 3],846.6109372053031,52128.769557101376,106800.59864073119,false
53,G2_TEC,G2_TEC,[31, 94, 82, 15, 26, 9, 95, 42, 77, 68, 47, 5, 93, 78, 86, 54, 85, 63, 18, 44, 20, 49, 36, 14, 74, 50, 53, 17, 21, 28, 11, 64, 3, 23, 30, 83, 24, 41, 40, 52, 65, 27, 90, 70, 39, 87, 48, 69, 99, 4, 98, 1, 13, 56, 97, 59, 45, 8, 73, 37, 35, 79, 71, 66, 76, 32, 60, 80, 58, 6, 67, 61, 33, 7, 57, 34, 12, 16, 10, 22, 96, 88, 43, 81, 91, 2, 84, 29, 92, 19, 89, 55, 51, 46, 25, 75, 38, 72, 62, 0]|[2, 1, 2, 1, 1, 2, 1, 1, 1, 1, 1, 0, 2, 2, 1, 2, 0, 0, 0, 2, 2, 1, 0, 2, 0, 2, 2, 1, 0, 1, 1, 1, 0, 0, 1, 0, 2, 1, 2, 2, 0, 0, 1, 1, 0, 2, 0, 2, 1, 0, 2, 2, 0, 2, 2, 0, 1, 1, 0, 0, 2, 1, 1, 2, 2, 0, 2, 2, 2, 1, 2, 1, 1, 2, 0, 1, 1, 2, 1, 2, 0, 1, 1, 1, 1, 0, 0, 1, 0, 1, 1, 0, 1, 0, 1, 0, 0, 1, 1, 0]|[0, 3, 0, 3, 4, 1, 4, 4, 4, 4, 3, 2, 1, 0, 2, 1, 1, 1, 2, 1, 1, 3, 0, 1, 0, 1, 1, 4, 1, 4, 3, 2, 2, 0, 4, 1, 1, 4, 1, 1, 2, 1, 4, 4, 1, 1, 0, 1, 3, 2, 1, 1, 2, 1, 1, 2, 4, 3, 0, 2, 1, 3, 3, 1, 1, 2, 1, 1, 1, 4, 1, 3, 4, 1, 2, 4, 3, 1, 3, 1, 2, 4, 4, 4, 3, 2, 2, 3, 2, 4, 4, 2, 3, 2, 4, 2, 2, 4, 3, 2]|[0, 2, 0, 0, 3, 0, 1, 3, 1, 0, 2, 0, 1, 0, 1, 0, 0, 0, 1, 0, 0, 2, 0, 0, 1, 0, 0, 3, 0, 1, 0, 2, 0, 0, 3, 0, 1, 1, 0, 0, 0, 0, 1, 3, 0, 0, 1, 0, 2, 0, 0, 0, 0, 0, 1, 0, 1, 0, 1, 1, 0, 2, 0, 0, 0, 0, 0, 0, 0, 2, 0, 0, 1, 0, 0, 1, 0, 0, 3, 0, 0, 1, 2, 2, 0, 0, 0, 3, 0, 1, 1, 0, 0, 0, 3, 0, 0, 1, 0, 0],910.6016522559228,48441.78517559203,107030.90942221809,false
53,G3_TWC,G4_BALANCED,[31, 22, 42, 15, 26, 58, 95, 82, 77, 12, 47, 5, 93, 78, 98, 54, 85, 63, 18, 44, 20, 35, 43, 97, 91, 76, 10, 30, 21, 45, 71, 64, 1, 23, 17, 83, 24, 61, 60, 49, 6, 57, 94, 88, 65, 56, 79, 40, 67, 68, 46, 75, 38, 9, 19, 32, 81, 41, 27, 62, 87, 90, 99, 59, 53, 16, 72, 73, 70, 39, 37, 84, 3, 92, 25, 74, 28, 0, 51, 7, 11, 14, 86, 48, 89, 50, 66, 96, 33, 80, 4, 8, 55, 36, 29, 52, 13, 2, 69, 34]|[1, 1, 0, 1, 1, 1, 2, 1, 2, 1, 2, 2, 2, 1, 1, 0, 0, 1, 0, 2, 2, 0, 1, 2, 0, 1, 2, 2, 0, 0, 1, 2, 1, 0, 1, 0, 2, 0, 1, 1, 0, 1, 1, 1, 0, 2, 1, 1, 0, 0, 0, 0, 1, 1, 2, 1, 2, 0, 0, 0, 2, 1, 0, 1, 0, 1, 2, 1, 1, 1, 1, 1, 2, 0, 1, 2, 0, 0, 0, 1, 2, 1, 0, 0, 1, 0, 0, 2, 2, 0, 0, 1, 2, 0, 0, 1, 0, 0, 1, 2]|[4, 3, 2, 2, 0, 0, 2, 2, 2, 4, 1, 1, 2, 4, 4, 1, 1, 4, 2, 1, 1, 1, 1, 2, 1, 2, 1, 1, 1, 1, 3, 2, 3, 0, 4, 0, 1, 1, 0, 3, 2, 2, 4, 0, 1, 1, 3, 2, 0, 1, 2, 2, 1, 4, 0, 3, 2, 1, 1, 2, 1, 3, 1, 1, 2, 3, 0, 4, 3, 1, 4, 1, 1, 2, 4, 1, 2, 1, 1, 3, 1, 3, 1, 1, 1, 1, 1, 1, 1, 1, 2, 3, 1, 1, 2, 1, 2, 2, 3, 1]|[0, 2, 1, 1, 3, 3, 0, 1, 0, 0, 0, 0, 1, 0, 1, 0, 0, 3, 1, 0, 0, 0, 3, 1, 0, 2, 0, 0, 0, 1, 0, 0, 0, 0, 3, 0, 1, 0, 0, 2, 1, 1, 2, 0, 0, 0, 0, 1, 1, 0, 0, 0, 1, 3, 0, 0, 1, 0, 0, 1, 0, 2, 0, 1, 1, 2, 1, 0, 0, 1, 1, 3, 0, 1, 3, 0, 1, 0, 0, 2, 0, 0, 0, 0, 1, 0, 0, 0, 0, 0, 1, 2, 0, 1, 0, 1, 0, 0, 0, 0],787.7354273239397,57319.98389756265,87481.7179896983,true
53,G1_CMAX,G1_CMAX,[31, 22, 90, 26, 58, 95, 42, 12, 93, 5, 78, 86, 98, 18, 20, 35, 3, 97, 91, 76, 10, 85, 54, 45, 63, 71, 66, 1, 23, 17, 24, 60, 36, 6, 57, 15, 65, 56, 47, 79, 94, 67, 50, 46, 14, 75, 38, 9, 30, 19, 32, 81, 27, 92, 83, 87, 40, 99, 59, 11, 53, 16, 72, 77, 73, 70, 39, 37, 84, 43, 62, 25, 55, 28, 29, 51, 68, 82, 74, 61, 88, 21, 80, 89, 7, 69, 96, 41, 48, 4, 8, 34, 49, 52, 0, 44, 13, 2, 64, 33]|[1, 1, 1, 1, 0, 2, 1, 1, 2, 2, 2, 1, 0, 1, 2, 2, 1, 2, 0, 1, 2, 2, 2, 0, 0, 1, 2, 1, 2, 1, 2, 1, 1, 0, 1, 1, 0, 2, 2, 1, 1, 0, 0, 0, 0, 1, 1, 1, 1, 2, 1, 2, 2, 0, 0, 2, 1, 0, 0, 2, 0, 1, 2, 2, 1, 1, 1, 1, 1, 1, 0, 1, 1, 0, 0, 0, 0, 0, 2, 1, 1, 0, 0, 1, 1, 1, 2, 2, 0, 1, 1, 2, 0, 1, 0, 0, 0, 0, 2, 2]|[0, 4, 3, 0, 1, 1, 2, 4, 1, 1, 2, 4, 1, 4, 1, 1, 1, 2, 2, 2, 2, 1, 1, 1, 2, 3, 2, 3, 0, 4, 1, 0, 3, 2, 2, 2, 1, 1, 1, 0, 2, 0, 1, 2, 1, 3, 1, 4, 2, 0, 3, 2, 1, 2, 1, 1, 4, 1, 1, 1, 2, 3, 0, 2, 4, 3, 1, 4, 1, 1, 1, 4, 4, 2, 1, 1, 1, 2, 1, 3, 0, 1, 1, 1, 1, 3, 1, 1, 1, 4, 3, 1, 1, 1, 2, 2, 2, 2, 1, 1]|[3, 0, 2, 3, 0, 0, 1, 0, 0, 0, 1, 0, 0, 3, 0, 0, 1, 1, 1, 2, 1, 0, 0, 0, 0, 0, 0, 0, 0, 3, 1, 0, 2, 1, 1, 1, 0, 0, 0, 0, 1, 1, 0, 0, 0, 0, 1, 3, 2, 0, 0, 1, 0, 1, 0, 0, 2, 0, 0, 0, 1, 2, 1, 1, 0, 0, 1, 1, 3, 3, 0, 3, 3, 1, 0, 0, 0, 1, 0, 0, 0, 0, 0, 1, 2, 2, 0, 0, 0, 0, 2, 0, 1, 1, 0, 0, 0, 0, 0, 0],705.0470749739228,58445.79123614564,95781.2895945797,false
53,G4_BALANCED,G1_CMAX,[31, 22, 82, 15, 26, 99, 95, 42, 77, 12, 47, 5, 93, 78, 86, 54, 21, 63, 18, 44, 20, 35, 43, 97, 91, 76, 10, 30, 85, 45, 71, 64, 1, 23, 17, 83, 24, 14, 60, 36, 6, 57, 40, 88, 65, 56, 79, 94, 67, 68, 46, 75, 38, 9, 19, 32, 41, 81, 27, 87, 90, 62, 59, 11, 16, 72, 73, 70, 39, 37, 84, 3, 7, 25, 55, 48, 28, 29, 51, 92, 33, 61, 98, 58, 89, 50, 66, 96, 53, 80, 4, 8, 34, 2, 52, 49, 13, 0, 69, 74]|[1, 1, 0, 1, 1, 0, 1, 1, 2, 1, 2, 2, 2, 1, 1, 0, 0, 1, 0, 2, 2, 0, 1, 2, 0, 1, 2, 2, 0, 0, 1, 2, 1, 2, 1, 0, 2, 0, 1, 1, 0, 1, 1, 1, 0, 2, 1, 1, 0, 0, 0, 0, 1, 1, 2, 1, 0, 2, 0, 2, 1, 0, 1, 2, 1, 2, 1, 1, 1, 1, 1, 1, 2, 1, 2, 0, 0, 0, 0, 0, 2, 1, 2, 0, 1, 0, 2, 2, 0, 0, 1, 1, 2, 0, 1, 0, 0, 0, 1, 2]|[4, 3, 2, 2, 4, 1, 2, 3, 2, 4, 1, 1, 2, 4, 4, 1, 1, 4, 2, 1, 1, 1, 1, 2, 1, 2, 1, 1, 2, 1, 3, 2, 3, 1, 4, 0, 1, 1, 0, 3, 2, 2, 2, 0, 1, 1, 0, 4, 0, 1, 2, 2, 1, 4, 0, 3, 1, 1, 1, 1, 3, 2, 1, 1, 3, 0, 4, 3, 1, 4, 1, 1, 1, 4, 1, 1, 2, 1, 1, 0, 1, 3, 1, 1, 1, 1, 1, 1, 2, 1, 4, 3, 1, 2, 1, 1, 2, 2, 4, 1]|[0, 2, 1, 1, 3, 0, 1, 3, 0, 0, 0, 0, 1, 0, 1, 0, 0, 3, 1, 0, 0, 0, 3, 1, 0, 2, 0, 0, 0, 1, 0, 0, 0, 0, 3, 0, 1, 0, 0, 2, 1, 1, 1, 0, 0, 0, 0, 2, 1, 0, 0, 0, 1, 3, 0, 0, 0, 0, 0, 0, 2, 1, 1, 0, 2, 1, 0, 0, 1, 1, 3, 1, 0, 3, 0, 0, 1, 0, 0, 1, 0, 0, 0, 0, 1, 0, 0, 0, 1, 0, 0, 2, 0, 0, 1, 1, 0, 0, 2, 0],733.6437548344954,55990.52367369108,93177.64910863033,true
53,G2_TEC,G2_TEC,[31, 94, 82, 15, 26, 9, 95, 42, 77, 68, 47, 5, 93, 78, 86, 54, 85, 63, 18, 44, 20, 49, 36, 14, 74, 50, 53, 17, 21, 28, 11, 64, 3, 23, 30, 83, 24, 41, 40, 52, 65, 27, 90, 70, 39, 87, 48, 69, 99, 4, 98, 1, 13, 56, 97, 59, 45, 8, 73, 37, 35, 79, 71, 66, 76, 32, 60, 80, 58, 6, 67, 61, 33, 7, 57, 34, 12, 16, 10, 22, 96, 88, 43, 81, 91, 2, 84, 29, 92, 19, 89, 55, 51, 46, 25, 75, 38, 72, 62, 0]|[2, 1, 2, 1, 1, 2, 1, 1, 1, 1, 1, 0, 2, 2, 1, 2, 0, 0, 0, 2, 2, 1, 0, 2, 0, 2, 2, 1, 0, 1, 1, 1, 0, 0, 1, 0, 2, 1, 2, 2, 0, 0, 1, 1, 0, 2, 0, 2, 1, 0, 2, 2, 0, 2, 2, 0, 1, 1, 0, 0, 2, 1, 1, 2, 2, 0, 2, 2, 2, 1, 2, 1, 1, 2, 0, 1, 1, 2, 1, 2, 0, 1, 1, 1, 1, 0, 0, 1, 0, 1, 1, 0, 1, 0, 1, 0, 0, 1, 1, 0]|[0, 3, 0, 3, 4, 1, 4, 4, 4, 4, 3, 2, 1, 0, 2, 1, 1, 1, 2, 1, 1, 3, 0, 1, 0, 1, 1, 4, 1, 4, 3, 2, 2, 0, 4, 1, 1, 4, 1, 1, 2, 1, 4, 4, 1, 1, 0, 1, 3, 2, 1, 1, 2, 1, 1, 2, 4, 3, 0, 2, 1, 3, 3, 1, 1, 2, 1, 1, 1, 4, 1, 3, 4, 1, 2, 4, 3, 1, 3, 1, 2, 4, 4, 4, 3, 2, 2, 3, 2, 4, 4, 2, 3, 2, 4, 2, 2, 4, 3, 2]|[0, 2, 0, 0, 3, 0, 1, 3, 1, 0, 2, 0, 1, 0, 1, 0, 0, 0, 1, 0, 0, 2, 0, 0, 1, 0, 0, 3, 0, 1, 0, 2, 0, 0, 3, 0, 1, 1, 0, 0, 0, 0, 1, 3, 0, 0, 1, 0, 2, 0, 0, 0, 0, 0, 1, 0, 1, 0, 1, 1, 0, 2, 0, 0, 0, 0, 0, 0, 0, 2, 0, 0, 1, 0, 0, 1, 0, 0, 3, 0, 0, 1, 2, 2, 0, 0, 0, 3, 0, 1, 1, 0, 0, 0, 3, 0, 0, 1, 0, 0],910.6016522559228,48441.78517559203,107030.90942221809,false
53,G3_TWC,G4_BALANCED,[31, 22, 42, 15, 26, 58, 95, 82, 77, 12, 47, 5, 93, 78, 98, 54, 85, 63, 18, 44, 20, 35, 43, 97, 91, 76, 10, 30, 21, 45, 71, 64, 1, 23, 17, 83, 24, 61, 60, 49, 6, 57, 94, 88, 65, 56, 79, 40, 67, 68, 46, 75, 38, 9, 19, 32, 81, 41, 27, 62, 87, 90, 99, 59, 53, 16, 72, 73, 70, 39, 37, 84, 3, 92, 25, 74, 28, 0, 51, 7, 11, 14, 86, 48, 89, 50, 66, 96, 33, 80, 4, 8, 55, 36, 29, 52, 13, 2, 69, 34]|[1, 1, 0, 1, 1, 1, 2, 1, 2, 1, 2, 2, 2, 1, 1, 0, 0, 1, 0, 2, 2, 0, 1, 2, 0, 1, 2, 2, 0, 0, 1, 2, 1, 0, 1, 0, 2, 0, 1, 1, 0, 1, 1, 1, 0, 2, 1, 1, 0, 0, 0, 0, 1, 1, 2, 1, 2, 0, 0, 0, 2, 1, 0, 1, 0, 1, 2, 1, 1, 1, 1, 1, 2, 0, 1, 2, 0, 0, 0, 1, 2, 1, 0, 0, 1, 0, 0, 2, 2, 0, 0, 1, 2, 0, 0, 1, 0, 0, 1, 2]|[4, 3, 2, 2, 0, 0, 2, 2, 2, 4, 1, 1, 2, 4, 4, 1, 1, 4, 2, 1, 1, 1, 1, 2, 1, 2, 1, 1, 1, 1, 3, 2, 3, 0, 4, 0, 1, 1, 0, 3, 2, 2, 4, 0, 1, 1, 3, 2, 0, 1, 2, 2, 1, 4, 0, 3, 2, 1, 1, 2, 1, 3, 1, 1, 2, 3, 0, 4, 3, 1, 4, 1, 1, 2, 4, 1, 2, 1, 1, 3, 1, 3, 1, 1, 1, 1, 1, 1, 1, 1, 2, 3, 1, 1, 2, 1, 2, 2, 3, 1]|[0, 2, 1, 1, 3, 3, 0, 1, 0, 0, 0, 0, 1, 0, 1, 0, 0, 3, 1, 0, 0, 0, 3, 1, 0, 2, 0, 0, 0, 1, 0, 0, 0, 0, 3, 0, 1, 0, 0, 2, 1, 1, 2, 0, 0, 0, 0, 1, 1, 0, 0, 0, 1, 3, 0, 0, 1, 0, 0, 1, 0, 2, 0, 1, 1, 2, 1, 0, 0, 1, 1, 3, 0, 1, 3, 0, 1, 0, 0, 2, 0, 0, 0, 0, 1, 0, 0, 0, 0, 0, 1, 2, 0, 1, 0, 1, 0, 0, 0, 0],787.7354273239397,57319.98389756265,87481.7179896983,true
53,G1_CMAX,G1_CMAX,[31, 22, 90, 26, 58, 95, 42, 12, 93, 5, 78, 86, 98, 18, 20, 35, 3, 97, 91, 76, 10, 85, 54, 45, 63, 71, 66, 1, 23, 17, 24, 60, 36, 6, 57, 15, 65, 56, 47, 79, 94, 67, 50, 46, 14, 75, 38, 9, 30, 19, 32, 81, 27, 92, 83, 87, 40, 99, 59, 11, 53, 16, 72, 77, 73, 70, 39, 37, 84, 43, 62, 25, 55, 28, 29, 51, 68, 82, 74, 61, 88, 21, 80, 89, 7, 69, 96, 41, 48, 4, 8, 34, 49, 52, 0, 44, 13, 2, 64, 33]|[1, 1, 1, 1, 0, 2, 1, 1, 2, 2, 2, 1, 0, 1, 2, 2, 1, 2, 0, 1, 2, 2, 2, 0, 0, 1, 2, 1, 2, 1, 2, 1, 1, 0, 1, 1, 0, 2, 2, 1, 1, 0, 0, 0, 0, 1, 1, 1, 1, 2, 1, 2, 2, 0, 0, 2, 1, 0, 0, 2, 0, 1, 2, 2, 1, 1, 1, 1, 1, 1, 0, 1, 1, 0, 0, 0, 0, 0, 2, 1, 1, 0, 0, 1, 1, 1, 2, 2, 0, 1, 1, 2, 0, 1, 0, 0, 0, 0, 2, 2]|[0, 4, 3, 0, 1, 1, 2, 4, 1, 1, 2, 4, 1, 4, 1, 1, 1, 2, 2, 2, 2, 1, 1, 1, 2, 3, 2, 3, 0, 4, 1, 0, 3, 2, 2, 2, 1, 1, 1, 0, 2, 0, 1, 2, 1, 3, 1, 4, 2, 0, 3, 2, 1, 2, 1, 1, 4, 1, 1, 1, 2, 3, 0, 2, 4, 3, 1, 4, 1, 1, 1, 4, 4, 2, 1, 1, 1, 2, 1, 3, 0, 1, 1, 1, 1, 3, 1, 1, 1, 4, 3, 1, 1, 1, 2, 2, 2, 2, 1, 1]|[3, 0, 2, 3, 0, 0, 1, 0, 0, 0, 1, 0, 0, 3, 0, 0, 1, 1, 1, 2, 1, 0, 0, 0, 0, 0, 0, 0, 0, 3, 1, 0, 2, 1, 1, 1, 0, 0, 0, 0, 1, 1, 0, 0, 0, 0, 1, 3, 2, 0, 0, 1, 0, 1, 0, 0, 2, 0, 0, 0, 1, 2, 1, 1, 0, 0, 1, 1, 3, 3, 0, 3, 3, 1, 0, 0, 0, 1, 0, 0, 0, 0, 0, 1, 2, 2, 0, 0, 0, 0, 2, 0, 1, 1, 0, 0, 0, 0, 0, 0],705.0470749739228,58445.79123614564,95781.2895945797,false
53,G4_BALANCED,G3_TWC,[31, 22, 42, 15, 26, 58, 95, 82, 77, 12, 47, 5, 93, 78, 98, 54, 85, 63, 18, 44, 20, 35, 43, 97, 91, 76, 10, 30, 21, 45, 71, 64, 1, 23, 17, 83, 24, 61, 60, 36, 6, 57, 94, 88, 65, 56, 79, 40, 67, 68, 46, 75, 38, 9, 19, 32, 81, 41, 27, 62, 87, 90, 99, 59, 53, 16, 72, 73, 70, 39, 37, 84, 3, 92, 25, 74, 28, 29, 51, 50, 11, 14, 86, 55, 89, 7, 4, 96, 33, 80, 48, 8, 66, 49, 0, 52, 13, 2, 69, 34]|[1, 1, 0, 1, 1, 1, 2, 1, 2, 1, 2, 2, 2, 1, 1, 0, 0, 1, 0, 2, 2, 0, 1, 2, 0, 1, 2, 2, 0, 0, 1, 2, 1, 2, 1, 0, 2, 0, 1, 1, 0, 1, 1, 1, 0, 2, 1, 1, 0, 0, 0, 0, 1, 1, 2, 1, 2, 2, 0, 0, 2, 1, 0, 1, 0, 1, 2, 1, 1, 1, 1, 1, 2, 0, 1, 2, 0, 0, 0, 1, 2, 1, 0, 1, 1, 1, 1, 2, 2, 0, 0, 1, 0, 0, 0, 1, 0, 0, 1, 2]|[4, 3, 2, 2, 0, 0, 2, 2, 2, 4, 1, 1, 2, 4, 4, 1, 1, 4, 2, 1, 1, 1, 1, 2, 1, 2, 1, 1, 1, 1, 3, 2, 3, 0, 4, 0, 1, 1, 0, 3, 2, 2, 4, 0, 1, 1, 0, 2, 0, 1, 2, 2, 1, 4, 0, 3, 2, 1, 1, 2, 1, 3, 1, 1, 2, 3, 0, 4, 3, 1, 4, 1, 1, 2, 4, 1, 2, 1, 1, 3, 1, 3, 1, 4, 1, 3, 4, 1, 1, 1, 1, 3, 1, 1, 2, 1, 2, 2, 4, 1]|[0, 2, 1, 1, 3, 3, 0, 1, 0, 0, 0, 0, 1, 0, 1, 0, 0, 3, 1, 0, 0, 0, 3, 1, 0, 2, 0, 0, 0, 1, 0, 0, 0, 0, 3, 0, 1, 0, 0, 2, 1, 1, 2, 0, 0, 0, 0, 1, 1, 0, 0, 0, 1, 3, 0, 0, 1, 0, 0, 1, 0, 2, 0, 1, 1, 2, 1, 0, 0, 1, 1, 3, 0, 1, 3, 0, 1, 0, 0, 2, 0, 0, 0, 3, 1, 2, 0, 0, 0, 0, 0, 2, 0, 1, 0, 1, 0, 0, 2, 0],729.4150576429289,57064.29642405906,91111.48657496076,true
53,G2_TEC,G2_TEC,[31, 94, 82, 15, 26, 9, 95, 42, 77, 68, 47, 5, 93, 78, 86, 54, 85, 63, 18, 44, 20, 49, 36, 14, 74, 50, 53, 17, 21, 28, 11, 64, 3, 23, 30, 83, 24, 41, 40, 52, 65, 27, 90, 70, 39, 87, 48, 69, 99, 4, 98, 1, 13, 56, 97, 59, 45, 8, 73, 37, 35, 79, 71, 66, 76, 32, 60, 80, 58, 6, 67, 61, 33, 7, 57, 34, 12, 16, 10, 22, 96, 88, 43, 81, 91, 2, 84, 29, 92, 19, 89, 55, 51, 46, 25, 75, 38, 72, 62, 0]|[2, 1, 2, 1, 1, 2, 1, 1, 1, 1, 1, 0, 2, 2, 1, 2, 0, 0, 0, 2, 2, 1, 0, 2, 0, 2, 2, 1, 0, 1, 1, 1, 0, 0, 1, 0, 2, 1, 2, 2, 0, 0, 1, 1, 0, 2, 0, 2, 1, 0, 2, 2, 0, 2, 2, 0, 1, 1, 0, 0, 2, 1, 1, 2, 2, 0, 2, 2, 2, 1, 2, 1, 1, 2, 0, 1, 1, 2, 1, 2, 0, 1, 1, 1, 1, 0, 0, 1, 0, 1, 1, 0, 1, 0, 1, 0, 0, 1, 1, 0]|[0, 3, 0, 3, 4, 1, 4, 4, 4, 4, 3, 2, 1, 0, 2, 1, 1, 1, 2, 1, 1, 3, 0, 1, 0, 1, 1, 4, 1, 4, 3, 2, 2, 0, 4, 1, 1, 4, 1, 1, 2, 1, 4, 4, 1, 1, 0, 1, 3, 2, 1, 1, 2, 1, 1, 2, 4, 3, 0, 2, 1, 3, 3, 1, 1, 2, 1, 1, 1, 4, 1, 3, 4, 1, 2, 4, 3, 1, 3, 1, 2, 4, 4, 4, 3, 2, 2, 3, 2, 4, 4, 2, 3, 2, 4, 2, 2, 4, 3, 2]|[0, 2, 0, 0, 3, 0, 1, 3, 1, 0, 2, 0, 1, 0, 1, 0, 0, 0, 1, 0, 0, 2, 0, 0, 1, 0, 0, 3, 0, 1, 0, 2, 0, 0, 3, 0, 1, 1, 0, 0, 0, 0, 1, 3, 0, 0, 1, 0, 2, 0, 0, 0, 0, 0, 1, 0, 1, 0, 1, 1, 0, 2, 0, 0, 0, 0, 0, 0, 0, 2, 0, 0, 1, 0, 0, 1, 0, 0, 3, 0, 0, 1, 2, 2, 0, 0, 0, 3, 0, 1, 1, 0, 0, 0, 3, 0, 0, 1, 0, 0],910.6016522559228,48441.78517559203,107030.90942221809,false
53,G3_TWC,G4_BALANCED,[31, 22, 42, 15, 26, 58, 95, 82, 77, 12, 47, 5, 93, 78, 98, 54, 85, 63, 18, 44, 20, 35, 43, 97, 91, 76, 10, 30, 21, 45, 71, 64, 1, 23, 17, 83, 24, 61, 60, 49, 6, 57, 94, 88, 65, 56, 79, 40, 67, 68, 46, 75, 38, 9, 19, 32, 81, 41, 27, 62, 87, 90, 99, 59, 53, 16, 72, 73, 70, 39, 37, 84, 3, 92, 25, 74, 28, 0, 51, 7, 11, 14, 86, 48, 89, 50, 66, 96, 33, 80, 4, 8, 55, 36, 29, 52, 13, 2, 69, 34]|[1, 1, 0, 1, 1, 1, 2, 1, 2, 1, 2, 2, 2, 1, 1, 0, 0, 1, 0, 2, 2, 0, 1, 2, 0, 1, 2, 2, 0, 0, 1, 2, 1, 0, 1, 0, 2, 0, 1, 1, 0, 1, 1, 1, 0, 2, 1, 1, 0, 0, 0, 0, 1, 1, 2, 1, 2, 0, 0, 0, 2, 1, 0, 1, 0, 1, 2, 1, 1, 1, 1, 1, 2, 0, 1, 2, 0, 0, 0, 1, 2, 1, 0, 0, 1, 0, 0, 2, 2, 0, 0, 1, 2, 0, 0, 1, 0, 0, 1, 2]|[4, 3, 2, 2, 0, 0, 2, 2, 2, 4, 1, 1, 2, 4, 4, 1, 1, 4, 2, 1, 1, 1, 1, 2, 1, 2, 1, 1, 1, 1, 3, 2, 3, 0, 4, 0, 1, 1, 0, 3, 2, 2, 4, 0, 1, 1, 3, 2, 0, 1, 2, 2, 1, 4, 0, 3, 2, 1, 1, 2, 1, 3, 1, 1, 2, 3, 0, 4, 3, 1, 4, 1, 1, 2, 4, 1, 2, 1, 1, 3, 1, 3, 1, 1, 1, 1, 1, 1, 1, 1, 2, 3, 1, 1, 2, 1, 2, 2, 3, 1]|[0, 2, 1, 1, 3, 3, 0, 1, 0, 0, 0, 0, 1, 0, 1, 0, 0, 3, 1, 0, 0, 0, 3, 1, 0, 2, 0, 0, 0, 1, 0, 0, 0, 0, 3, 0, 1, 0, 0, 2, 1, 1, 2, 0, 0, 0, 0, 1, 1, 0, 0, 0, 1, 3, 0, 0, 1, 0, 0, 1, 0, 2, 0, 1, 1, 2, 1, 0, 0, 1, 1, 3, 0, 1, 3, 0, 1, 0, 0, 2, 0, 0, 0, 0, 1, 0, 0, 0, 0, 0, 1, 2, 0, 1, 0, 1, 0, 0, 0, 0],787.7354273239397,57319.98389756265,87481.7179896983,true
53,G1_CMAX,G1_CMAX,[31, 22, 90, 26, 58, 95, 42, 12, 93, 5, 78, 86, 98, 18, 20, 35, 3, 97, 91, 76, 10, 85, 54, 45, 63, 71, 66, 1, 23, 17, 24, 60, 36, 6, 57, 15, 65, 56, 47, 79, 94, 67, 50, 46, 14, 75, 38, 9, 30, 19, 32, 81, 27, 92, 83, 87, 40, 99, 59, 11, 53, 16, 72, 77, 73, 70, 39, 37, 84, 43, 62, 25, 55, 28, 29, 51, 68, 82, 74, 61, 88, 21, 80, 89, 7, 69, 96, 41, 48, 4, 8, 34, 49, 52, 0, 44, 13, 2, 64, 33]|[1, 1, 1, 1, 0, 2, 1, 1, 2, 2, 2, 1, 0, 1, 2, 2, 1, 2, 0, 1, 2, 2, 2, 0, 0, 1, 2, 1, 2, 1, 2, 1, 1, 0, 1, 1, 0, 2, 2, 1, 1, 0, 0, 0, 0, 1, 1, 1, 1, 2, 1, 2, 2, 0, 0, 2, 1, 0, 0, 2, 0, 1, 2, 2, 1, 1, 1, 1, 1, 1, 0, 1, 1, 0, 0, 0, 0, 0, 2, 1, 1, 0, 0, 1, 1, 1, 2, 2, 0, 1, 1, 2, 0, 1, 0, 0, 0, 0, 2, 2]|[0, 4, 3, 0, 1, 1, 2, 4, 1, 1, 2, 4, 1, 4, 1, 1, 1, 2, 2, 2, 2, 1, 1, 1, 2, 3, 2, 3, 0, 4, 1, 0, 3, 2, 2, 2, 1, 1, 1, 0, 2, 0, 1, 2, 1, 3, 1, 4, 2, 0, 3, 2, 1, 2, 1, 1, 4, 1, 1, 1, 2, 3, 0, 2, 4, 3, 1, 4, 1, 1, 1, 4, 4, 2, 1, 1, 1, 2, 1, 3, 0, 1, 1, 1, 1, 3, 1, 1, 1, 4, 3, 1, 1, 1, 2, 2, 2, 2, 1, 1]|[3, 0, 2, 3, 0, 0, 1, 0, 0, 0, 1, 0, 0, 3, 0, 0, 1, 1, 1, 2, 1, 0, 0, 0, 0, 0, 0, 0, 0, 3, 1, 0, 2, 1, 1, 1, 0, 0, 0, 0, 1, 1, 0, 0, 0, 0, 1, 3, 2, 0, 0, 1, 0, 1, 0, 0, 2, 0, 0, 0, 1, 2, 1, 1, 0, 0, 1, 1, 3, 3, 0, 3, 3, 1, 0, 0, 0, 1, 0, 0, 0, 0, 0, 1, 2, 2, 0, 0, 0, 0, 2, 0, 1, 1, 0, 0, 0, 0, 0, 0],705.0470749739228,58445.79123614564,95781.2895945797,false
53,G4_BALANCED,G4_BALANCED,[31, 22, 82, 15, 26, 58, 95, 42, 77, 12, 47, 5, 93, 78, 86, 54, 85, 63, 18, 44, 20, 35, 43, 97, 91, 76, 10, 30, 21, 45, 71, 64, 1, 23, 17, 83, 24, 14, 60, 36, 6, 57, 40, 88, 65, 56, 79, 94, 67, 68, 46, 29, 38, 9, 19, 32, 81, 41, 27, 87, 62, 90, 99, 59, 11, 66, 72, 73, 39, 70, 37, 84, 3, 92, 25, 74, 28, 75, 51, 7, 55, 61, 98, 48, 89, 16, 50, 96, 33, 80, 4, 8, 53, 49, 0, 52, 13, 2, 69, 34]|[1, 1, 0, 1, 1, 0, 1, 2, 2, 1, 2, 2, 2, 1, 1, 0, 0, 1, 0, 2, 2, 0, 1, 2, 0, 1, 2, 2, 0, 0, 1, 2, 1, 2, 1, 0, 2, 0, 1, 1, 0, 1, 1, 1, 0, 2, 1, 1, 0, 0, 0, 0, 1, 1, 2, 1, 2, 0, 0, 2, 2, 1, 0, 1, 2, 2, 2, 1, 1, 1, 1, 1, 1, 0, 1, 2, 0, 0, 0, 1, 2, 1, 2, 0, 1, 1, 0, 2, 2, 0, 1, 1, 0, 0, 0, 1, 0, 0, 1, 2]|[4, 3, 2, 2, 4, 1, 2, 2, 2, 4, 1, 1, 2, 4, 4, 1, 2, 4, 2, 1, 1, 1, 1, 2, 1, 2, 1, 1, 1, 1, 3, 2, 3, 1, 4, 0, 1, 1, 0, 3, 2, 2, 2, 0, 1, 1, 0, 4, 0, 1, 2, 2, 1, 4, 0, 3, 1, 1, 1, 1, 1, 3, 1, 1, 1, 1, 1, 4, 3, 3, 4, 1, 1, 2, 4, 1, 2, 2, 1, 1, 1, 3, 1, 1, 1, 3, 1, 1, 1, 1, 4, 3, 2, 1, 2, 1, 2, 2, 4, 1]|[0, 2, 1, 1, 3, 0, 1, 0, 0, 0, 0, 0, 1, 0, 1, 0, 0, 3, 1, 0, 0, 0, 3, 1, 0, 2, 0, 0, 0, 1, 0, 0, 0, 0, 3, 0, 1, 0, 0, 2, 1, 1, 1, 0, 0, 0, 0, 2, 1, 0, 0, 0, 1, 3, 0, 0, 0, 0, 0, 0, 0, 2, 0, 1, 0, 0, 0, 0, 0, 0, 1, 3, 1, 1, 3, 0, 1, 0, 0, 2, 0, 0, 0, 0, 1, 2, 0, 0, 0, 0, 0, 2, 1, 1, 0, 1, 0, 0, 2, 0],798.0294042478927,55202.006513415756,98789.04139124315,false
53,G2_TEC,G2_TEC,[31, 94, 82, 15, 26, 9, 95, 42, 77, 68, 47, 5, 93, 78, 86, 54, 85, 63, 18, 44, 20, 49, 36, 14, 74, 50, 53, 17, 21, 28, 11, 64, 3, 23, 30, 83, 24, 41, 40, 52, 65, 27, 90, 70, 39, 87, 48, 69, 99, 4, 98, 1, 13, 56, 97, 59, 45, 8, 73, 37, 35, 79, 71, 66, 76, 32, 60, 80, 58, 6, 67, 61, 33, 7, 57, 34, 12, 16, 10, 22, 96, 88, 43, 81, 91, 2, 84, 29, 92, 19, 89, 55, 51, 46, 25, 75, 38, 72, 62, 0]|[2, 1, 2, 1, 1, 2, 1, 1, 1, 1, 1, 0, 2, 2, 1, 2, 0, 0, 0, 2, 2, 1, 0, 2, 0, 2, 2, 1, 0, 1, 1, 1, 0, 0, 1, 0, 2, 1, 2, 2, 0, 0, 1, 1, 0, 2, 0, 2, 1, 0, 2, 2, 0, 2, 2, 0, 1, 1, 0, 0, 2, 1, 1, 2, 2, 0, 2, 2, 2, 1, 2, 1, 1, 2, 0, 1, 1, 2, 1, 2, 0, 1, 1, 1, 1, 0, 0, 1, 0, 1, 1, 0, 1, 0, 1, 0, 0, 1, 1, 0]|[0, 3, 0, 3, 4, 1, 4, 4, 4, 4, 3, 2, 1, 0, 2, 1, 1, 1, 2, 1, 1, 3, 0, 1, 0, 1, 1, 4, 1, 4, 3, 2, 2, 0, 4, 1, 1, 4, 1, 1, 2, 1, 4, 4, 1, 1, 0, 1, 3, 2, 1, 1, 2, 1, 1, 2, 4, 3, 0, 2, 1, 3, 3, 1, 1, 2, 1, 1, 1, 4, 1, 3, 4, 1, 2, 4, 3, 1, 3, 1, 2, 4, 4, 4, 3, 2, 2, 3, 2, 4, 4, 2, 3, 2, 4, 2, 2, 4, 3, 2]|[0, 2, 0, 0, 3, 0, 1, 3, 1, 0, 2, 0, 1, 0, 1, 0, 0, 0, 1, 0, 0, 2, 0, 0, 1, 0, 0, 3, 0, 1, 0, 2, 0, 0, 3, 0, 1, 1, 0, 0, 0, 0, 1, 3, 0, 0, 1, 0, 2, 0, 0, 0, 0, 0, 1, 0, 1, 0, 1, 1, 0, 2, 0, 0, 0, 0, 0, 0, 0, 2, 0, 0, 1, 0, 0, 1, 0, 0, 3, 0, 0, 1, 2, 2, 0, 0, 0, 3, 0, 1, 1, 0, 0, 0, 3, 0, 0, 1, 0, 0],910.6016522559228,48441.78517559203,107030.90942221809,false
53,G3_TWC,G4_BALANCED,[31, 22, 42, 15, 26, 58, 95, 82, 77, 12, 47, 5, 93, 78, 98, 54, 85, 63, 18, 44, 20, 35, 43, 97, 91, 76, 10, 30, 21, 45, 71, 64, 1, 23, 17, 83, 24, 61, 60, 49, 6, 57, 94, 88, 65, 56, 79, 40, 67, 68, 46, 75, 38, 9, 19, 32, 81, 41, 27, 62, 87, 90, 99, 59, 53, 16, 72, 73, 70, 39, 37, 84, 3, 92, 25, 74, 28, 0, 51, 7, 11, 14, 86, 48, 89, 50, 66, 96, 33, 80, 4, 8, 55, 36, 29, 52, 13, 2, 69, 34]|[1, 1, 0, 1, 1, 1, 2, 1, 2, 1, 2, 2, 2, 1, 1, 0, 0, 1, 0, 2, 2, 0, 1, 2, 0, 1, 2, 2, 0, 0, 1, 2, 1, 0, 1, 0, 2, 0, 1, 1, 0, 1, 1, 1, 0, 2, 1, 1, 0, 0, 0, 0, 1, 1, 2, 1, 2, 0, 0, 0, 2, 1, 0, 1, 0, 1, 2, 1, 1, 1, 1, 1, 2, 0, 1, 2, 0, 0, 0, 1, 2, 1, 0, 0, 1, 0, 0, 2, 2, 0, 0, 1, 2, 0, 0, 1, 0, 0, 1, 2]|[4, 3, 2, 2, 0, 0, 2, 2, 2, 4, 1, 1, 2, 4, 4, 1, 1, 4, 2, 1, 1, 1, 1, 2, 1, 2, 1, 1, 1, 1, 3, 2, 3, 0, 4, 0, 1, 1, 0, 3, 2, 2, 4, 0, 1, 1, 3, 2, 0, 1, 2, 2, 1, 4, 0, 3, 2, 1, 1, 2, 1, 3, 1, 1, 2, 3, 0, 4, 3, 1, 4, 1, 1, 2, 4, 1, 2, 1, 1, 3, 1, 3, 1, 1, 1, 1, 1, 1, 1, 1, 2, 3, 1, 1, 2, 1, 2, 2, 3, 1]|[0, 2, 1, 1, 3, 3, 0, 1, 0, 0, 0, 0, 1, 0, 1, 0, 0, 3, 1, 0, 0, 0, 3, 1, 0, 2, 0, 0, 0, 1, 0, 0, 0, 0, 3, 0, 1, 0, 0, 2, 1, 1, 2, 0, 0, 0, 0, 1, 1, 0, 0, 0, 1, 3, 0, 0, 1, 0, 0, 1, 0, 2, 0, 1, 1, 2, 1, 0, 0, 1, 1, 3, 0, 1, 3, 0, 1, 0, 0, 2, 0, 0, 0, 0, 1, 0, 0, 0, 0, 0, 1, 2, 0, 1, 0, 1, 0, 0, 0, 0],787.7354273239397,57319.98389756265,87481.7179896983,true
53,G1_CMAX,G1_CMAX,[31, 22, 90, 26, 58, 95, 42, 12, 93, 5, 78, 86, 98, 18, 20, 35, 3, 97, 91, 76, 10, 85, 54, 45, 63, 71, 66, 1, 23, 17, 24, 60, 36, 6, 57, 15, 65, 56, 47, 79, 94, 67, 50, 46, 14, 75, 38, 9, 30, 19, 32, 81, 27, 92, 83, 87, 40, 99, 59, 11, 53, 16, 72, 77, 73, 70, 39, 37, 84, 43, 62, 25, 55, 28, 29, 51, 68, 82, 74, 61, 88, 21, 80, 89, 7, 69, 96, 41, 48, 4, 8, 34, 49, 52, 0, 44, 13, 2, 64, 33]|[1, 1, 1, 1, 0, 2, 1, 1, 2, 2, 2, 1, 0, 1, 2, 2, 1, 2, 0, 1, 2, 2, 2, 0, 0, 1, 2, 1, 2, 1, 2, 1, 1, 0, 1, 1, 0, 2, 2, 1, 1, 0, 0, 0, 0, 1, 1, 1, 1, 2, 1, 2, 2, 0, 0, 2, 1, 0, 0, 2, 0, 1, 2, 2, 1, 1, 1, 1, 1, 1, 0, 1, 1, 0, 0, 0, 0, 0, 2, 1, 1, 0, 0, 1, 1, 1, 2, 2, 0, 1, 1, 2, 0, 1, 0, 0, 0, 0, 2, 2]|[0, 4, 3, 0, 1, 1, 2, 4, 1, 1, 2, 4, 1, 4, 1, 1, 1, 2, 2, 2, 2, 1, 1, 1, 2, 3, 2, 3, 0, 4, 1, 0, 3, 2, 2, 2, 1, 1, 1, 0, 2, 0, 1, 2, 1, 3, 1, 4, 2, 0, 3, 2, 1, 2, 1, 1, 4, 1, 1, 1, 2, 3, 0, 2, 4, 3, 1, 4, 1, 1, 1, 4, 4, 2, 1, 1, 1, 2, 1, 3, 0, 1, 1, 1, 1, 3, 1, 1, 1, 4, 3, 1, 1, 1, 2, 2, 2, 2, 1, 1]|[3, 0, 2, 3, 0, 0, 1, 0, 0, 0, 1, 0, 0, 3, 0, 0, 1, 1, 1, 2, 1, 0, 0, 0, 0, 0, 0, 0, 0, 3, 1, 0, 2, 1, 1, 1, 0, 0, 0, 0, 1, 1, 0, 0, 0, 0, 1, 3, 2, 0, 0, 1, 0, 1, 0, 0, 2, 0, 0, 0, 1, 2, 1, 1, 0, 0, 1, 1, 3, 3, 0, 3, 3, 1, 0, 0, 0, 1, 0, 0, 0, 0, 0, 1, 2, 2, 0, 0, 0, 0, 2, 0, 1, 1, 0, 0, 0, 0, 0, 0],705.0470749739228,58445.79123614564,95781.2895945797,false
53,G4_BALANCED,G4_BALANCED,[31, 22, 82, 15, 26, 9, 95, 42, 77, 68, 47, 5, 93, 78, 86, 54, 85, 63, 18, 44, 20, 49, 36, 14, 74, 50, 53, 17, 21, 28, 11, 64, 3, 23, 30, 83, 24, 41, 40, 52, 65, 27, 90, 70, 39, 87, 48, 69, 99, 4, 46, 1, 13, 58, 97, 59, 45, 8, 73, 37, 35, 79, 71, 66, 76, 32, 60, 80, 56, 6, 67, 61, 33, 7, 57, 34, 12, 16, 10, 98, 96, 88, 2, 81, 91, 43, 84, 29, 92, 19, 51, 89, 75, 25, 55, 72, 94, 38, 62, 0]|[2, 1, 2, 1, 1, 2, 1, 1, 1, 1, 1, 0, 2, 2, 1, 2, 0, 0, 0, 2, 2, 1, 0, 2, 0, 2, 2, 1, 0, 1, 1, 1, 0, 0, 1, 0, 2, 1, 2, 2, 0, 0, 1, 1, 0, 2, 0, 2, 1, 0, 0, 2, 0, 0, 2, 0, 1, 1, 0, 0, 2, 1, 1, 2, 2, 0, 2, 2, 2, 1, 2, 1, 1, 2, 0, 1, 1, 2, 1, 2, 0, 1, 0, 1, 1, 0, 0, 1, 0, 1, 1, 1, 0, 1, 0, 1, 2, 0, 1, 2]|[0, 3, 0, 3, 4, 1, 4, 4, 2, 4, 3, 2, 1, 0, 2, 1, 1, 1, 2, 1, 1, 3, 2, 1, 0, 1, 1, 4, 1, 4, 3, 2, 2, 0, 4, 1, 1, 4, 1, 1, 2, 1, 4, 4, 1, 1, 0, 1, 3, 2, 2, 1, 2, 1, 1, 2, 4, 3, 0, 2, 2, 3, 3, 1, 1, 2, 1, 1, 1, 4, 1, 3, 4, 1, 2, 4, 3, 1, 3, 1, 2, 4, 2, 4, 3, 2, 2, 3, 2, 4, 3, 4, 2, 4, 2, 4, 1, 2, 3, 1]|[0, 2, 0, 0, 3, 0, 1, 3, 0, 0, 2, 0, 1, 0, 1, 0, 0, 0, 1, 0, 0, 2, 0, 0, 1, 0, 0, 3, 0, 1, 0, 2, 0, 0, 3, 0, 1, 1, 0, 0, 0, 0, 1, 3, 0, 0, 1, 0, 2, 0, 0, 0, 0, 0, 1, 0, 1, 0, 1, 1, 0, 2, 0, 0, 0, 0, 0, 0, 0, 2, 0, 0, 1, 0, 0, 1, 0, 0, 3, 0, 0, 1, 0, 2, 0, 0, 0, 3, 0, 1, 0, 1, 0, 3, 0, 1, 0, 0, 0, 0],892.6961163063846,49472.491076832564,104659.1040653929,false
53,G2_TEC,G2_TEC,[31, 94, 82, 15, 26, 9, 95, 42, 77, 68, 47, 5, 93, 78, 86, 54, 85, 63, 18, 44, 20, 49, 36, 14, 74, 50, 53, 17, 21, 28, 11, 64, 3, 23, 30, 83, 24, 41, 40, 52, 65, 27, 90, 70, 39, 87, 48, 69, 99, 4, 98, 1, 13, 56, 97, 59, 45, 8, 73, 37, 35, 79, 71, 66, 76, 32, 60, 80, 58, 6, 67, 61, 33, 7, 57, 34, 12, 16, 10, 22, 96, 88, 43, 81, 91, 2, 84, 29, 92, 19, 89, 55, 51, 46, 25, 75, 38, 72, 62, 0]|[2, 1, 2, 1, 1, 2, 1, 1, 1, 1, 1, 0, 2, 2, 1, 2, 0, 0, 0, 2, 2, 1, 0, 2, 0, 2, 2, 1, 0, 1, 1, 1, 0, 0, 1, 0, 2, 1, 2, 2, 0, 0, 1, 1, 0, 2, 0, 2, 1, 0, 2, 2, 0, 2, 2, 0, 1, 1, 0, 0, 2, 1, 1, 2, 2, 0, 2, 2, 2, 1, 2, 1, 1, 2, 0, 1, 1, 2, 1, 2, 0, 1, 1, 1, 1, 0, 0, 1, 0, 1, 1, 0, 1, 0, 1, 0, 0, 1, 1, 0]|[0, 3, 0, 3, 4, 1, 4, 4, 4, 4, 3, 2, 1, 0, 2, 1, 1, 1, 2, 1, 1, 3, 0, 1, 0, 1, 1, 4, 1, 4, 3, 2, 2, 0, 4, 1, 1, 4, 1, 1, 2, 1, 4, 4, 1, 1, 0, 1, 3, 2, 1, 1, 2, 1, 1, 2, 4, 3, 0, 2, 1, 3, 3, 1, 1, 2, 1, 1, 1, 4, 1, 3, 4, 1, 2, 4, 3, 1, 3, 1, 2, 4, 4, 4, 3, 2, 2, 3, 2, 4, 4, 2, 3, 2, 4, 2, 2, 4, 3, 2]|[0, 2, 0, 0, 3, 0, 1, 3, 1, 0, 2, 0, 1, 0, 1, 0, 0, 0, 1, 0, 0, 2, 0, 0, 1, 0, 0, 3, 0, 1, 0, 2, 0, 0, 3, 0, 1, 1, 0, 0, 0, 0, 1, 3, 0, 0, 1, 0, 2, 0, 0, 0, 0, 0, 1, 0, 1, 0, 1, 1, 0, 2, 0, 0, 0, 0, 0, 0, 0, 2, 0, 0, 1, 0, 0, 1, 0, 0, 3, 0, 0, 1, 2, 2, 0, 0, 0, 3, 0, 1, 1, 0, 0, 0, 3, 0, 0, 1, 0, 0],910.6016522559228,48441.78517559203,107030.90942221809,false
53,G3_TWC,G4_BALANCED,[31, 22, 42, 15, 26, 58, 95, 82, 77, 12, 47, 5, 93, 78, 98, 54, 85, 63, 18, 44, 20, 35, 43, 97, 91, 76, 10, 30, 21, 45, 71, 64, 1, 23, 17, 83, 24, 61, 60, 49, 6, 57, 94, 88, 65, 56, 79, 40, 67, 68, 46, 75, 38, 9, 19, 32, 81, 41, 27, 62, 87, 90, 99, 59, 53, 16, 72, 73, 70, 39, 37, 84, 3, 92, 25, 74, 28, 0, 51, 7, 11, 14, 86, 48, 89, 50, 66, 96, 33, 80, 4, 8, 55, 36, 29, 52, 13, 2, 69, 34]|[1, 1, 0, 1, 1, 1, 2, 1, 2, 1, 2, 2, 2, 1, 1, 0, 0, 1, 0, 2, 2, 0, 1, 2, 0, 1, 2, 2, 0, 0, 1, 2, 1, 0, 1, 0, 2, 0, 1, 1, 0, 1, 1, 1, 0, 2, 1, 1, 0, 0, 0, 0, 1, 1, 2, 1, 2, 0, 0, 0, 2, 1, 0, 1, 0, 1, 2, 1, 1, 1, 1, 1, 2, 0, 1, 2, 0, 0, 0, 1, 2, 1, 0, 0, 1, 0, 0, 2, 2, 0, 0, 1, 2, 0, 0, 1, 0, 0, 1, 2]|[4, 3, 2, 2, 0, 0, 2, 2, 2, 4, 1, 1, 2, 4, 4, 1, 1, 4, 2, 1, 1, 1, 1, 2, 1, 2, 1, 1, 1, 1, 3, 2, 3, 0, 4, 0, 1, 1, 0, 3, 2, 2, 4, 0, 1, 1, 3, 2, 0, 1, 2, 2, 1, 4, 0, 3, 2, 1, 1, 2, 1, 3, 1, 1, 2, 3, 0, 4, 3, 1, 4, 1, 1, 2, 4, 1, 2, 1, 1, 3, 1, 3, 1, 1, 1, 1, 1, 1, 1, 1, 2, 3, 1, 1, 2, 1, 2, 2, 3, 1]|[0, 2, 1, 1, 3, 3, 0, 1, 0, 0, 0, 0, 1, 0, 1, 0, 0, 3, 1, 0, 0, 0, 3, 1, 0, 2, 0, 0, 0, 1, 0, 0, 0, 0, 3, 0, 1, 0, 0, 2, 1, 1, 2, 0, 0, 0, 0, 1, 1, 0, 0, 0, 1, 3, 0, 0, 1, 0, 0, 1, 0, 2, 0, 1, 1, 2, 1, 0, 0, 1, 1, 3, 0, 1, 3, 0, 1, 0, 0, 2, 0, 0, 0, 0, 1, 0, 0, 0, 0, 0, 1, 2, 0, 1, 0, 1, 0, 0, 0, 0],787.7354273239397,57319.98389756265,87481.7179896983,true
53,G1_CMAX,G1_CMAX,[31, 22, 90, 26, 58, 95, 42, 12, 93, 5, 78, 86, 98, 18, 20, 35, 3, 97, 91, 76, 10, 85, 54, 45, 63, 71, 66, 1, 23, 17, 24, 60, 36, 6, 57, 15, 65, 56, 47, 79, 94, 67, 50, 46, 14, 75, 38, 9, 30, 19, 32, 81, 27, 92, 83, 87, 40, 99, 59, 11, 53, 16, 72, 77, 73, 70, 39, 37, 84, 43, 62, 25, 55, 28, 29, 51, 68, 82, 74, 61, 88, 21, 80, 89, 7, 69, 96, 41, 48, 4, 8, 34, 49, 52, 0, 44, 13, 2, 64, 33]|[1, 1, 1, 1, 0, 2, 1, 1, 2, 2, 2, 1, 0, 1, 2, 2, 1, 2, 0, 1, 2, 2, 2, 0, 0, 1, 2, 1, 2, 1, 2, 1, 1, 0, 1, 1, 0, 2, 2, 1, 1, 0, 0, 0, 0, 1, 1, 1, 1, 2, 1, 2, 2, 0, 0, 2, 1, 0, 0, 2, 0, 1, 2, 2, 1, 1, 1, 1, 1, 1, 0, 1, 1, 0, 0, 0, 0, 0, 2, 1, 1, 0, 0, 1, 1, 1, 2, 2, 0, 1, 1, 2, 0, 1, 0, 0, 0, 0, 2, 2]|[0, 4, 3, 0, 1, 1, 2, 4, 1, 1, 2, 4, 1, 4, 1, 1, 1, 2, 2, 2, 2, 1, 1, 1, 2, 3, 2, 3, 0, 4, 1, 0, 3, 2, 2, 2, 1, 1, 1, 0, 2, 0, 1, 2, 1, 3, 1, 4, 2, 0, 3, 2, 1, 2, 1, 1, 4, 1, 1, 1, 2, 3, 0, 2, 4, 3, 1, 4, 1, 1, 1, 4, 4, 2, 1, 1, 1, 2, 1, 3, 0, 1, 1, 1, 1, 3, 1, 1, 1, 4, 3, 1, 1, 1, 2, 2, 2, 2, 1, 1]|[3, 0, 2, 3, 0, 0, 1, 0, 0, 0, 1, 0, 0, 3, 0, 0, 1, 1, 1, 2, 1, 0, 0, 0, 0, 0, 0, 0, 0, 3, 1, 0, 2, 1, 1, 1, 0, 0, 0, 0, 1, 1, 0, 0, 0, 0, 1, 3, 2, 0, 0, 1, 0, 1, 0, 0, 2, 0, 0, 0, 1, 2, 1, 1, 0, 0, 1, 1, 3, 3, 0, 3, 3, 1, 0, 0, 0, 1, 0, 0, 0, 0, 0, 1, 2, 2, 0, 0, 0, 0, 2, 0, 1, 1, 0, 0, 0, 0, 0, 0],705.0470749739228,58445.79123614564,95781.2895945797,false
53,G4_BALANCED,G1_CMAX,[31, 22, 82, 15, 26, 99, 95, 42, 77, 12, 47, 5, 93, 78, 86, 54, 21, 63, 18, 44, 20, 35, 43, 97, 91, 76, 10, 30, 85, 45, 71, 64, 1, 23, 17, 83, 24, 14, 60, 36, 6, 57, 40, 88, 65, 56, 79, 94, 67, 68, 46, 75, 38, 9, 19, 32, 41, 81, 27, 87, 90, 58, 59, 11, 16, 72, 73, 70, 39, 37, 84, 3, 92, 25, 55, 48, 62, 29, 51, 96, 66, 61, 98, 28, 89, 50, 4, 7, 53, 80, 8, 33, 34, 2, 52, 13, 0, 69, 74, 49]|[1, 1, 0, 1, 1, 0, 1, 1, 2, 1, 2, 2, 2, 1, 1, 0, 0, 1, 0, 2, 2, 0, 1, 2, 0, 1, 2, 2, 0, 0, 1, 2, 1, 2, 1, 0, 2, 0, 1, 1, 0, 1, 1, 1, 0, 2, 1, 1, 0, 0, 0, 0, 1, 1, 2, 1, 0, 2, 0, 2, 1, 0, 1, 2, 2, 2, 1, 1, 1, 1, 1, 1, 0, 1, 2, 0, 0, 0, 0, 2, 2, 1, 2, 0, 1, 0, 1, 2, 0, 0, 1, 2, 2, 0, 1, 0, 0, 1, 2, 0]|[4, 3, 2, 2, 4, 1, 2, 3, 2, 4, 1, 1, 2, 4, 4, 1, 1, 4, 2, 1, 1, 1, 1, 2, 1, 2, 1, 1, 2, 1, 3, 2, 3, 1, 4, 0, 1, 1, 0, 3, 2, 2, 2, 0, 1, 1, 0, 4, 0, 1, 2, 2, 1, 4, 0, 3, 1, 2, 1, 1, 3, 1, 1, 1, 1, 0, 4, 3, 1, 4, 1, 1, 0, 4, 1, 1, 2, 1, 1, 1, 1, 3, 1, 2, 1, 1, 4, 1, 2, 1, 3, 1, 1, 2, 1, 2, 2, 4, 1, 1]|[0, 2, 1, 1, 3, 0, 1, 3, 0, 0, 0, 0, 1, 0, 1, 0, 0, 3, 1, 0, 0, 0, 3, 1, 0, 2, 0, 0, 0, 1, 0, 0, 0, 0, 3, 0, 1, 0, 0, 2, 1, 1, 1, 0, 0, 0, 0, 2, 1, 0, 0, 0, 1, 3, 0, 0, 0, 1, 0, 0, 2, 0, 1, 0, 0, 1, 0, 0, 1, 1, 3, 1, 1, 3, 0, 0, 1, 0, 0, 0, 0, 0, 0, 1, 1, 0, 0, 0, 1, 0, 2, 0, 0, 0, 1, 0, 0, 2, 0, 1],733.3399856600582,56417.14285963406,92647.11944046791,true
53,G2_TEC,G2_TEC,[31, 94, 82, 15, 26, 9, 95, 42, 77, 68, 47, 5, 93, 78, 86, 54, 85, 63, 18, 44, 20, 49, 36, 14, 74, 50, 53, 17, 21, 28, 11, 64, 3, 23, 30, 83, 24, 41, 40, 52, 65, 27, 90, 70, 39, 87, 48, 69, 99, 4, 98, 1, 13, 56, 97, 59, 45, 8, 73, 37, 35, 79, 71, 66, 76, 32, 60, 80, 58, 6, 67, 61, 33, 7, 57, 34, 12, 16, 10, 22, 96, 88, 43, 81, 91, 2, 84, 29, 92, 19, 89, 55, 51, 46, 25, 75, 38, 72, 62, 0]|[2, 1, 2, 1, 1, 2, 1, 1, 1, 1, 1, 0, 2, 2, 1, 2, 0, 0, 0, 2, 2, 1, 0, 2, 0, 2, 2, 1, 0, 1, 1, 1, 0, 0, 1, 0, 2, 1, 2, 2, 0, 0, 1, 1, 0, 2, 0, 2, 1, 0, 2, 2, 0, 2, 2, 0, 1, 1, 0, 0, 2, 1, 1, 2, 2, 0, 2, 2, 2, 1, 2, 1, 1, 2, 0, 1, 1, 2, 1, 2, 0, 1, 1, 1, 1, 0, 0, 1, 0, 1, 1, 0, 1, 0, 1, 0, 0, 1, 1, 0]|[0, 3, 0, 3, 4, 1, 4, 4, 4, 4, 3, 2, 1, 0, 2, 1, 1, 1, 2, 1, 1, 3, 0, 1, 0, 1, 1, 4, 1, 4, 3, 2, 2, 0, 4, 1, 1, 4, 1, 1, 2, 1, 4, 4, 1, 1, 0, 1, 3, 2, 1, 1, 2, 1, 1, 2, 4, 3, 0, 2, 1, 3, 3, 1, 1, 2, 1, 1, 1, 4, 1, 3, 4, 1, 2, 4, 3, 1, 3, 1, 2, 4, 4, 4, 3, 2, 2, 3, 2, 4, 4, 2, 3, 2, 4, 2, 2, 4, 3, 2]|[0, 2, 0, 0, 3, 0, 1, 3, 1, 0, 2, 0, 1, 0, 1, 0, 0, 0, 1, 0, 0, 2, 0, 0, 1, 0, 0, 3, 0, 1, 0, 2, 0, 0, 3, 0, 1, 1, 0, 0, 0, 0, 1, 3, 0, 0, 1, 0, 2, 0, 0, 0, 0, 0, 1, 0, 1, 0, 1, 1, 0, 2, 0, 0, 0, 0, 0, 0, 0, 2, 0, 0, 1, 0, 0, 1, 0, 0, 3, 0, 0, 1, 2, 2, 0, 0, 0, 3, 0, 1, 1, 0, 0, 0, 3, 0, 0, 1, 0, 0],910.6016522559228,48441.78517559203,107030.90942221809,false
53,G3_TWC,G4_BALANCED,[31, 22, 42, 15, 26, 58, 95, 82, 77, 12, 47, 5, 93, 78, 98, 54, 85, 63, 18, 44, 20, 35, 43, 97, 91, 76, 10, 30, 21, 45, 71, 64, 1, 23, 17, 83, 24, 61, 60, 49, 6, 57, 94, 88, 65, 56, 79, 40, 67, 68, 46, 75, 38, 9, 19, 32, 81, 41, 27, 62, 87, 90, 99, 59, 53, 16, 72, 73, 70, 39, 37, 84, 3, 92, 25, 74, 28, 0, 51, 7, 11, 14, 86, 48, 89, 50, 66, 96, 33, 80, 4, 8, 55, 36, 29, 52, 13, 2, 69, 34]|[1, 1, 0, 1, 1, 1, 2, 1, 2, 1, 2, 2, 2, 1, 1, 0, 0, 1, 0, 2, 2, 0, 1, 2, 0, 1, 2, 2, 0, 0, 1, 2, 1, 0, 1, 0, 2, 0, 1, 1, 0, 1, 1, 1, 0, 2, 1, 1, 0, 0, 0, 0, 1, 1, 2, 1, 2, 0, 0, 0, 2, 1, 0, 1, 0, 1, 2, 1, 1, 1, 1, 1, 2, 0, 1, 2, 0, 0, 0, 1, 2, 1, 0, 0, 1, 0, 0, 2, 2, 0, 0, 1, 2, 0, 0, 1, 0, 0, 1, 2]|[4, 3, 2, 2, 0, 0, 2, 2, 2, 4, 1, 1, 2, 4, 4, 1, 1, 4, 2, 1, 1, 1, 1, 2, 1, 2, 1, 1, 1, 1, 3, 2, 3, 0, 4, 0, 1, 1, 0, 3, 2, 2, 4, 0, 1, 1, 3, 2, 0, 1, 2, 2, 1, 4, 0, 3, 2, 1, 1, 2, 1, 3, 1, 1, 2, 3, 0, 4, 3, 1, 4, 1, 1, 2, 4, 1, 2, 1, 1, 3, 1, 3, 1, 1, 1, 1, 1, 1, 1, 1, 2, 3, 1, 1, 2, 1, 2, 2, 3, 1]|[0, 2, 1, 1, 3, 3, 0, 1, 0, 0, 0, 0, 1, 0, 1, 0, 0, 3, 1, 0, 0, 0, 3, 1, 0, 2, 0, 0, 0, 1, 0, 0, 0, 0, 3, 0, 1, 0, 0, 2, 1, 1, 2, 0, 0, 0, 0, 1, 1, 0, 0, 0, 1, 3, 0, 0, 1, 0, 0, 1, 0, 2, 0, 1, 1, 2, 1, 0, 0, 1, 1, 3, 0, 1, 3, 0, 1, 0, 0, 2, 0, 0, 0, 0, 1, 0, 0, 0, 0, 0, 1, 2, 0, 1, 0, 1, 0, 0, 0, 0],787.7354273239397,57319.98389756265,87481.7179896983,true
53,G1_CMAX,G1_CMAX,[31, 22, 90, 26, 58, 95, 42, 12, 93, 5, 78, 86, 98, 18, 20, 35, 3, 97, 91, 76, 10, 85, 54, 45, 63, 71, 66, 1, 23, 17, 24, 60, 36, 6, 57, 15, 65, 56, 47, 79, 94, 67, 50, 46, 14, 75, 38, 9, 30, 19, 32, 81, 27, 92, 83, 87, 40, 99, 59, 11, 53, 16, 72, 77, 73, 70, 39, 37, 84, 43, 62, 25, 55, 28, 29, 51, 68, 82, 74, 61, 88, 21, 80, 89, 7, 69, 96, 41, 48, 4, 8, 34, 49, 52, 0, 44, 13, 2, 64, 33]|[1, 1, 1, 1, 0, 2, 1, 1, 2, 2, 2, 1, 0, 1, 2, 2, 1, 2, 0, 1, 2, 2, 2, 0, 0, 1, 2, 1, 2, 1, 2, 1, 1, 0, 1, 1, 0, 2, 2, 1, 1, 0, 0, 0, 0, 1, 1, 1, 1, 2, 1, 2, 2, 0, 0, 2, 1, 0, 0, 2, 0, 1, 2, 2, 1, 1, 1, 1, 1, 1, 0, 1, 1, 0, 0, 0, 0, 0, 2, 1, 1, 0, 0, 1, 1, 1, 2, 2, 0, 1, 1, 2, 0, 1, 0, 0, 0, 0, 2, 2]|[0, 4, 3, 0, 1, 1, 2, 4, 1, 1, 2, 4, 1, 4, 1, 1, 1, 2, 2, 2, 2, 1, 1, 1, 2, 3, 2, 3, 0, 4, 1, 0, 3, 2, 2, 2, 1, 1, 1, 0, 2, 0, 1, 2, 1, 3, 1, 4, 2, 0, 3, 2, 1, 2, 1, 1, 4, 1, 1, 1, 2, 3, 0, 2, 4, 3, 1, 4, 1, 1, 1, 4, 4, 2, 1, 1, 1, 2, 1, 3, 0, 1, 1, 1, 1, 3, 1, 1, 1, 4, 3, 1, 1, 1, 2, 2, 2, 2, 1, 1]|[3, 0, 2, 3, 0, 0, 1, 0, 0, 0, 1, 0, 0, 3, 0, 0, 1, 1, 1, 2, 1, 0, 0, 0, 0, 0, 0, 0, 0, 3, 1, 0, 2, 1, 1, 1, 0, 0, 0, 0, 1, 1, 0, 0, 0, 0, 1, 3, 2, 0, 0, 1, 0, 1, 0, 0, 2, 0, 0, 0, 1, 2, 1, 1, 0, 0, 1, 1, 3, 3, 0, 3, 3, 1, 0, 0, 0, 1, 0, 0, 0, 0, 0, 1, 2, 2, 0, 0, 0, 0, 2, 0, 1, 1, 0, 0, 0, 0, 0, 0],705.0470749739228,58445.79123614564,95781.2895945797,false
53,G4_BALANCED,G1_CMAX,[31, 22, 82, 15, 26, 99, 95, 42, 77, 12, 47, 5, 93, 78, 86, 54, 21, 63, 18, 44, 20, 35, 43, 97, 91, 76, 10, 30, 85, 45, 71, 64, 1, 23, 17, 83, 24, 14, 60, 36, 6, 57, 40, 88, 65, 56, 79, 94, 67, 68, 46, 75, 38, 9, 19, 32, 41, 81, 27, 87, 90, 58, 59, 11, 16, 72, 73, 70, 39, 37, 84, 3, 92, 25, 55, 48, 62, 29, 51, 96, 66, 61, 98, 28, 89, 50, 4, 7, 53, 80, 8, 33, 34, 2, 52, 13, 0, 69, 74, 49]|[1, 1, 0, 1, 1, 0, 1, 1, 2, 1, 2, 2, 2, 1, 1, 0, 0, 1, 0, 2, 2, 0, 1, 2, 0, 1, 2, 2, 0, 0, 1, 2, 1, 2, 1, 0, 2, 0, 1, 1, 0, 1, 1, 1, 0, 2, 1, 1, 0, 0, 0, 0, 1, 1, 2, 1, 0, 2, 0, 2, 1, 0, 1, 2, 2, 2, 1, 1, 1, 1, 1, 1, 0, 1, 2, 0, 0, 0, 0, 2, 2, 1, 2, 0, 1, 0, 1, 2, 0, 0, 1, 2, 2, 0, 1, 0, 0, 1, 2, 0]|[4, 3, 2, 2, 4, 1, 2, 3, 2, 4, 1, 1, 2, 4, 4, 1, 1, 4, 2, 1, 1, 1, 1, 2, 1, 2, 1, 1, 2, 1, 3, 2, 3, 1, 4, 0, 1, 1, 0, 3, 2, 2, 2, 0, 1, 1, 0, 4, 0, 1, 2, 2, 1, 4, 0, 3, 1, 2, 1, 1, 3, 1, 1, 1, 1, 0, 4, 3, 1, 4, 1, 1, 0, 4, 1, 1, 2, 1, 1, 1, 1, 3, 1, 2, 1, 1, 4, 1, 2, 1, 3, 1, 1, 2, 1, 2, 2, 4, 1, 1]|[0, 2, 1, 1, 3, 0, 1, 3, 0, 0, 0, 0, 1, 0, 1, 0, 0, 3, 1, 0, 0, 0, 3, 1, 0, 2, 0, 0, 0, 1, 0, 0, 0, 0, 3, 0, 1, 0, 0, 2, 1, 1, 1, 0, 0, 0, 0, 2, 1, 0, 0, 0, 1, 3, 0, 0, 0, 1, 0, 0, 2, 0, 1, 0, 0, 1, 0, 0, 1, 1, 3, 1, 1, 3, 0, 0, 1, 0, 0, 0, 0, 0, 0, 1, 1, 0, 0, 0, 1, 0, 2, 0, 0, 0, 1, 0, 0, 2, 0, 1],733.3399856600582,56417.14285963406,92647.11944046791,true
53,G2_TEC,G2_TEC,[31, 94, 82, 15, 26, 9, 95, 42, 77, 68, 47, 5, 93, 78, 86, 54, 85, 63, 18, 44, 20, 49, 36, 14, 74, 50, 53, 17, 21, 28, 11, 64, 3, 23, 30, 83, 24, 41, 40, 52, 65, 27, 90, 70, 39, 87, 48, 69, 99, 4, 98, 1, 13, 56, 97, 59, 45, 8, 73, 37, 35, 79, 71, 66, 76, 32, 60, 80, 58, 6, 67, 61, 33, 7, 57, 34, 12, 16, 10, 22, 96, 88, 43, 81, 91, 2, 84, 29, 92, 19, 89, 55, 51, 46, 25, 75, 38, 72, 62, 0]|[2, 1, 2, 1, 1, 2, 1, 1, 1, 1, 1, 0, 2, 2, 1, 2, 0, 0, 0, 2, 2, 1, 0, 2, 0, 2, 2, 1, 0, 1, 1, 1, 0, 0, 1, 0, 2, 1, 2, 2, 0, 0, 1, 1, 0, 2, 0, 2, 1, 0, 2, 2, 0, 2, 2, 0, 1, 1, 0, 0, 2, 1, 1, 2, 2, 0, 2, 2, 2, 1, 2, 1, 1, 2, 0, 1, 1, 2, 1, 2, 0, 1, 1, 1, 1, 0, 0, 1, 0, 1, 1, 0, 1, 0, 1, 0, 0, 1, 1, 0]|[0, 3, 0, 3, 4, 1, 4, 4, 4, 4, 3, 2, 1, 0, 2, 1, 1, 1, 2, 1, 1, 3, 0, 1, 0, 1, 1, 4, 1, 4, 3, 2, 2, 0, 4, 1, 1, 4, 1, 1, 2, 1, 4, 4, 1, 1, 0, 1, 3, 2, 1, 1, 2, 1, 1, 2, 4, 3, 0, 2, 1, 3, 3, 1, 1, 2, 1, 1, 1, 4, 1, 3, 4, 1, 2, 4, 3, 1, 3, 1, 2, 4, 4, 4, 3, 2, 2, 3, 2, 4, 4, 2, 3, 2, 4, 2, 2, 4, 3, 2]|[0, 2, 0, 0, 3, 0, 1, 3, 1, 0, 2, 0, 1, 0, 1, 0, 0, 0, 1, 0, 0, 2, 0, 0, 1, 0, 0, 3, 0, 1, 0, 2, 0, 0, 3, 0, 1, 1, 0, 0, 0, 0, 1, 3, 0, 0, 1, 0, 2, 0, 0, 0, 0, 0, 1, 0, 1, 0, 1, 1, 0, 2, 0, 0, 0, 0, 0, 0, 0, 2, 0, 0, 1, 0, 0, 1, 0, 0, 3, 0, 0, 1, 2, 2, 0, 0, 0, 3, 0, 1, 1, 0, 0, 0, 3, 0, 0, 1, 0, 0],910.6016522559228,48441.78517559203,107030.90942221809,false
53,G3_TWC,G4_BALANCED,[31, 22, 42, 15, 26, 58, 95, 82, 77, 12, 47, 5, 93, 78, 98, 54, 85, 63, 18, 44, 20, 35, 43, 97, 91, 76, 10, 30, 21, 45, 71, 64, 1, 23, 17, 83, 24, 61, 60, 49, 6, 57, 94, 88, 65, 56, 79, 40, 67, 68, 46, 75, 38, 9, 19, 32, 81, 41, 27, 62, 87, 90, 99, 59, 53, 16, 72, 73, 70, 39, 37, 84, 3, 92, 25, 74, 28, 0, 51, 7, 11, 14, 86, 48, 89, 50, 66, 96, 33, 80, 4, 8, 55, 36, 29, 52, 13, 2, 69, 34]|[1, 1, 0, 1, 1, 1, 2, 1, 2, 1, 2, 2, 2, 1, 1, 0, 0, 1, 0, 2, 2, 0, 1, 2, 0, 1, 2, 2, 0, 0, 1, 2, 1, 0, 1, 0, 2, 0, 1, 1, 0, 1, 1, 1, 0, 2, 1, 1, 0, 0, 0, 0, 1, 1, 2, 1, 2, 0, 0, 0, 2, 1, 0, 1, 0, 1, 2, 1, 1, 1, 1, 1, 2, 0, 1, 2, 0, 0, 0, 1, 2, 1, 0, 0, 1, 0, 0, 2, 2, 0, 0, 1, 2, 0, 0, 1, 0, 0, 1, 2]|[4, 3, 2, 2, 0, 0, 2, 2, 2, 4, 1, 1, 2, 4, 4, 1, 1, 4, 2, 1, 1, 1, 1, 2, 1, 2, 1, 1, 1, 1, 3, 2, 3, 0, 4, 0, 1, 1, 0, 3, 2, 2, 4, 0, 1, 1, 3, 2, 0, 1, 2, 2, 1, 4, 0, 3, 2, 1, 1, 2, 1, 3, 1, 1, 2, 3, 0, 4, 3, 1, 4, 1, 1, 2, 4, 1, 2, 1, 1, 3, 1, 3, 1, 1, 1, 1, 1, 1, 1, 1, 2, 3, 1, 1, 2, 1, 2, 2, 3, 1]|[0, 2, 1, 1, 3, 3, 0, 1, 0, 0, 0, 0, 1, 0, 1, 0, 0, 3, 1, 0, 0, 0, 3, 1, 0, 2, 0, 0, 0, 1, 0, 0, 0, 0, 3, 0, 1, 0, 0, 2, 1, 1, 2, 0, 0, 0, 0, 1, 1, 0, 0, 0, 1, 3, 0, 0, 1, 0, 0, 1, 0, 2, 0, 1, 1, 2, 1, 0, 0, 1, 1, 3, 0, 1, 3, 0, 1, 0, 0, 2, 0, 0, 0, 0, 1, 0, 0, 0, 0, 0, 1, 2, 0, 1, 0, 1, 0, 0, 0, 0],787.7354273239397,57319.98389756265,87481.7179896983,true
53,G1_CMAX,G1_CMAX,[31, 22, 90, 26, 58, 95, 42, 12, 93, 5, 78, 86, 98, 18, 20, 35, 3, 97, 91, 76, 10, 85, 54, 45, 63, 71, 66, 1, 23, 17, 24, 60, 36, 6, 57, 15, 65, 56, 47, 79, 94, 67, 50, 46, 14, 75, 38, 9, 30, 19, 32, 81, 27, 92, 83, 87, 40, 99, 59, 11, 53, 16, 72, 77, 73, 70, 39, 37, 84, 43, 62, 25, 55, 28, 29, 51, 68, 82, 74, 61, 88, 21, 80, 89, 7, 69, 96, 41, 48, 4, 8, 34, 49, 52, 0, 44, 13, 2, 64, 33]|[1, 1, 1, 1, 0, 2, 1, 1, 2, 2, 2, 1, 0, 1, 2, 2, 1, 2, 0, 1, 2, 2, 2, 0, 0, 1, 2, 1, 2, 1, 2, 1, 1, 0, 1, 1, 0, 2, 2, 1, 1, 0, 0, 0, 0, 1, 1, 1, 1, 2, 1, 2, 2, 0, 0, 2, 1, 0, 0, 2, 0, 1, 2, 2, 1, 1, 1, 1, 1, 1, 0, 1, 1, 0, 0, 0, 0, 0, 2, 1, 1, 0, 0, 1, 1, 1, 2, 2, 0, 1, 1, 2, 0, 1, 0, 0, 0, 0, 2, 2]|[0, 4, 3, 0, 1, 1, 2, 4, 1, 1, 2, 4, 1, 4, 1, 1, 1, 2, 2, 2, 2, 1, 1, 1, 2, 3, 2, 3, 0, 4, 1, 0, 3, 2, 2, 2, 1, 1, 1, 0, 2, 0, 1, 2, 1, 3, 1, 4, 2, 0, 3, 2, 1, 2, 1, 1, 4, 1, 1, 1, 2, 3, 0, 2, 4, 3, 1, 4, 1, 1, 1, 4, 4, 2, 1, 1, 1, 2, 1, 3, 0, 1, 1, 1, 1, 3, 1, 1, 1, 4, 3, 1, 1, 1, 2, 2, 2, 2, 1, 1]|[3, 0, 2, 3, 0, 0, 1, 0, 0, 0, 1, 0, 0, 3, 0, 0, 1, 1, 1, 2, 1, 0, 0, 0, 0, 0, 0, 0, 0, 3, 1, 0, 2, 1, 1, 1, 0, 0, 0, 0, 1, 1, 0, 0, 0, 0, 1, 3, 2, 0, 0, 1, 0, 1, 0, 0, 2, 0, 0, 0, 1, 2, 1, 1, 0, 0, 1, 1, 3, 3, 0, 3, 3, 1, 0, 0, 0, 1, 0, 0, 0, 0, 0, 1, 2, 2, 0, 0, 0, 0, 2, 0, 1, 1, 0, 0, 0, 0, 0, 0],705.0470749739228,58445.79123614564,95781.2895945797,false
53,G4_BALANCED,G4_BALANCED,[31, 11, 15, 82, 26, 9, 95, 32, 77, 68, 47, 5, 93, 78, 86, 54, 85, 63, 18, 44, 20, 49, 36, 14, 74, 50, 53, 17, 21, 45, 71, 64, 3, 23, 30, 83, 24, 41, 60, 52, 51, 27, 90, 70, 39, 87, 48, 69, 99, 4, 46, 1, 13, 58, 97, 59, 28, 8, 73, 37, 35, 79, 22, 66, 76, 42, 40, 80, 96, 6, 16, 61, 33, 7, 57, 34, 12, 67, 10, 98, 56, 88, 29, 25, 91, 38, 19, 92, 43, 84, 65, 72, 81, 75, 2, 55, 62, 89, 94, 0]|[2, 1, 1, 2, 1, 2, 1, 1, 1, 1, 1, 0, 2, 2, 1, 2, 0, 0, 0, 2, 2, 1, 0, 2, 0, 2, 2, 1, 0, 1, 1, 1, 0, 0, 1, 0, 2, 1, 2, 2, 0, 0, 1, 1, 0, 2, 0, 2, 1, 0, 0, 2, 0, 0, 2, 0, 1, 1, 0, 0, 2, 1, 1, 2, 2, 0, 2, 2, 0, 1, 2, 1, 1, 2, 0, 1, 2, 1, 1, 2, 2, 1, 1, 1, 1, 0, 1, 0, 1, 0, 1, 1, 1, 0, 2, 0, 1, 1, 2, 0]|[1, 3, 2, 0, 4, 1, 4, 4, 2, 4, 3, 2, 1, 0, 2, 1, 1, 1, 2, 1, 1, 3, 0, 1, 0, 1, 1, 4, 1, 4, 3, 2, 2, 0, 4, 1, 1, 4, 0, 1, 2, 1, 4, 4, 1, 1, 0, 2, 3, 1, 2, 1, 2, 1, 1, 2, 4, 3, 0, 2, 2, 3, 3, 0, 1, 2, 0, 1, 2, 4, 1, 3, 4, 1, 2, 4, 1, 3, 3, 1, 1, 4, 3, 4, 3, 2, 4, 2, 4, 2, 3, 4, 1, 2, 1, 2, 3, 4, 1, 2]|[1, 2, 1, 0, 3, 0, 1, 3, 0, 0, 2, 0, 1, 0, 1, 0, 0, 0, 1, 0, 0, 2, 0, 0, 1, 0, 0, 3, 0, 1, 0, 2, 0, 1, 3, 0, 1, 3, 1, 0, 0, 0, 1, 3, 0, 0, 1, 0, 2, 0, 0, 0, 0, 0, 1, 0, 1, 0, 1, 1, 0, 2, 2, 0, 0, 0, 1, 0, 0, 2, 0, 0, 1, 0, 0, 1, 0, 0, 3, 0, 0, 1, 0, 3, 0, 0, 1, 0, 2, 0, 0, 2, 1, 0, 0, 0, 0, 1, 0, 0],850.9632869082183,52431.02217786142,105346.60403335126,false
53,G2_TEC,G2_TEC,[31, 94, 82, 15, 26, 9, 95, 42, 77, 68, 47, 5, 93, 78, 86, 54, 85, 63, 18, 44, 20, 49, 36, 14, 74, 50, 53, 17, 21, 28, 11, 64, 3, 23, 30, 83, 24, 41, 40, 52, 65, 27, 90, 70, 39, 87, 48, 69, 99, 4, 98, 1, 13, 56, 97, 59, 45, 8, 73, 37, 35, 79, 71, 66, 76, 32, 60, 80, 58, 6, 67, 61, 33, 7, 57, 34, 12, 16, 10, 22, 96, 88, 43, 81, 91, 2, 84, 29, 92, 19, 89, 55, 51, 46, 25, 75, 38, 72, 62, 0]|[2, 1, 2, 1, 1, 2, 1, 1, 1, 1, 1, 0, 2, 2, 1, 2, 0, 0, 0, 2, 2, 1, 0, 2, 0, 2, 2, 1, 0, 1, 1, 1, 0, 0, 1, 0, 2, 1, 2, 2, 0, 0, 1, 1, 0, 2, 0, 2, 1, 0, 2, 2, 0, 2, 2, 0, 1, 1, 0, 0, 2, 1, 1, 2, 2, 0, 2, 2, 2, 1, 2, 1, 1, 2, 0, 1, 1, 2, 1, 2, 0, 1, 1, 1, 1, 0, 0, 1, 0, 1, 1, 0, 1, 0, 1, 0, 0, 1, 1, 0]|[0, 3, 0, 3, 4, 1, 4, 4, 4, 4, 3, 2, 1, 0, 2, 1, 1, 1, 2, 1, 1, 3, 0, 1, 0, 1, 1, 4, 1, 4, 3, 2, 2, 0, 4, 1, 1, 4, 1, 1, 2, 1, 4, 4, 1, 1, 0, 1, 3, 2, 1, 1, 2, 1, 1, 2, 4, 3, 0, 2, 1, 3, 3, 1, 1, 2, 1, 1, 1, 4, 1, 3, 4, 1, 2, 4, 3, 1, 3, 1, 2, 4, 4, 4, 3, 2, 2, 3, 2, 4, 4, 2, 3, 2, 4, 2, 2, 4, 3, 2]|[0, 2, 0, 0, 3, 0, 1, 3, 1, 0, 2, 0, 1, 0, 1, 0, 0, 0, 1, 0, 0, 2, 0, 0, 1, 0, 0, 3, 0, 1, 0, 2, 0, 0, 3, 0, 1, 1, 0, 0, 0, 0, 1, 3, 0, 0, 1, 0, 2, 0, 0, 0, 0, 0, 1, 0, 1, 0, 1, 1, 0, 2, 0, 0, 0, 0, 0, 0, 0, 2, 0, 0, 1, 0, 0, 1, 0, 0, 3, 0, 0, 1, 2, 2, 0, 0, 0, 3, 0, 1, 1, 0, 0, 0, 3, 0, 0, 1, 0, 0],910.6016522559228,48441.78517559203,107030.90942221809,false
53,G3_TWC,G4_BALANCED,[31, 22, 42, 15, 26, 58, 95, 82, 77, 12, 47, 5, 93, 78, 98, 54, 85, 63, 18, 44, 20, 35, 43, 97, 91, 76, 10, 30, 21, 45, 71, 64, 1, 23, 17, 83, 24, 61, 60, 49, 6, 57, 94, 88, 65, 56, 79, 40, 67, 68, 46, 75, 38, 9, 19, 32, 81, 41, 27, 62, 87, 90, 99, 59, 53, 16, 72, 73, 70, 39, 37, 84, 3, 92, 25, 74, 28, 0, 51, 7, 11, 14, 86, 48, 89, 50, 66, 96, 33, 80, 4, 8, 55, 36, 29, 52, 13, 2, 69, 34]|[1, 1, 0, 1, 1, 1, 2, 1, 2, 1, 2, 2, 2, 1, 1, 0, 0, 1, 0, 2, 2, 0, 1, 2, 0, 1, 2, 2, 0, 0, 1, 2, 1, 0, 1, 0, 2, 0, 1, 1, 0, 1, 1, 1, 0, 2, 1, 1, 0, 0, 0, 0, 1, 1, 2, 1, 2, 0, 0, 0, 2, 1, 0, 1, 0, 1, 2, 1, 1, 1, 1, 1, 2, 0, 1, 2, 0, 0, 0, 1, 2, 1, 0, 0, 1, 0, 0, 2, 2, 0, 0, 1, 2, 0, 0, 1, 0, 0, 1, 2]|[4, 3, 2, 2, 0, 0, 2, 2, 2, 4, 1, 1, 2, 4, 4, 1, 1, 4, 2, 1, 1, 1, 1, 2, 1, 2, 1, 1, 1, 1, 3, 2, 3, 0, 4, 0, 1, 1, 0, 3, 2, 2, 4, 0, 1, 1, 3, 2, 0, 1, 2, 2, 1, 4, 0, 3, 2, 1, 1, 2, 1, 3, 1, 1, 2, 3, 0, 4, 3, 1, 4, 1, 1, 2, 4, 1, 2, 1, 1, 3, 1, 3, 1, 1, 1, 1, 1, 1, 1, 1, 2, 3, 1, 1, 2, 1, 2, 2, 3, 1]|[0, 2, 1, 1, 3, 3, 0, 1, 0, 0, 0, 0, 1, 0, 1, 0, 0, 3, 1, 0, 0, 0, 3, 1, 0, 2, 0, 0, 0, 1, 0, 0, 0, 0, 3, 0, 1, 0, 0, 2, 1, 1, 2, 0, 0, 0, 0, 1, 1, 0, 0, 0, 1, 3, 0, 0, 1, 0, 0, 1, 0, 2, 0, 1, 1, 2, 1, 0, 0, 1, 1, 3, 0, 1, 3, 0, 1, 0, 0, 2, 0, 0, 0, 0, 1, 0, 0, 0, 0, 0, 1, 2, 0, 1, 0, 1, 0, 0, 0, 0],787.7354273239397,57319.98389756265,87481.7179896983,true
53,G1_CMAX,G1_CMAX,[31, 22, 90, 26, 58, 95, 42, 12, 93, 5, 78, 86, 98, 18, 20, 35, 3, 97, 91, 76, 10, 85, 54, 45, 63, 71, 66, 1, 23, 17, 24, 60, 36, 6, 57, 15, 65, 56, 47, 79, 94, 67, 50, 46, 14, 75, 38, 9, 30, 19, 32, 81, 27, 92, 83, 87, 40, 99, 59, 11, 53, 16, 72, 77, 73, 70, 39, 37, 84, 43, 62, 25, 55, 28, 29, 51, 68, 82, 74, 61, 88, 21, 80, 89, 7, 69, 96, 41, 48, 4, 8, 34, 49, 52, 0, 44, 13, 2, 64, 33]|[1, 1, 1, 1, 0, 2, 1, 1, 2, 2, 2, 1, 0, 1, 2, 2, 1, 2, 0, 1, 2, 2, 2, 0, 0, 1, 2, 1, 2, 1, 2, 1, 1, 0, 1, 1, 0, 2, 2, 1, 1, 0, 0, 0, 0, 1, 1, 1, 1, 2, 1, 2, 2, 0, 0, 2, 1, 0, 0, 2, 0, 1, 2, 2, 1, 1, 1, 1, 1, 1, 0, 1, 1, 0, 0, 0, 0, 0, 2, 1, 1, 0, 0, 1, 1, 1, 2, 2, 0, 1, 1, 2, 0, 1, 0, 0, 0, 0, 2, 2]|[0, 4, 3, 0, 1, 1, 2, 4, 1, 1, 2, 4, 1, 4, 1, 1, 1, 2, 2, 2, 2, 1, 1, 1, 2, 3, 2, 3, 0, 4, 1, 0, 3, 2, 2, 2, 1, 1, 1, 0, 2, 0, 1, 2, 1, 3, 1, 4, 2, 0, 3, 2, 1, 2, 1, 1, 4, 1, 1, 1, 2, 3, 0, 2, 4, 3, 1, 4, 1, 1, 1, 4, 4, 2, 1, 1, 1, 2, 1, 3, 0, 1, 1, 1, 1, 3, 1, 1, 1, 4, 3, 1, 1, 1, 2, 2, 2, 2, 1, 1]|[3, 0, 2, 3, 0, 0, 1, 0, 0, 0, 1, 0, 0, 3, 0, 0, 1, 1, 1, 2, 1, 0, 0, 0, 0, 0, 0, 0, 0, 3, 1, 0, 2, 1, 1, 1, 0, 0, 0, 0, 1, 1, 0, 0, 0, 0, 1, 3, 2, 0, 0, 1, 0, 1, 0, 0, 2, 0, 0, 0, 1, 2, 1, 1, 0, 0, 1, 1, 3, 3, 0, 3, 3, 1, 0, 0, 0, 1, 0, 0, 0, 0, 0, 1, 2, 2, 0, 0, 0, 0, 2, 0, 1, 1, 0, 0, 0, 0, 0, 0],705.0470749739228,58445.79123614564,95781.2895945797,false
53,G4_BALANCED,G4_BALANCED,[31, 11, 15, 82, 26, 9, 95, 32, 77, 68, 47, 5, 93, 78, 86, 54, 85, 63, 18, 44, 20, 49, 36, 14, 74, 50, 53, 17, 21, 45, 71, 64, 3, 23, 30, 83, 24, 41, 60, 52, 51, 27, 90, 70, 39, 87, 48, 69, 99, 4, 46, 1, 13, 58, 97, 59, 28, 8, 73, 37, 35, 79, 22, 66, 76, 42, 40, 80, 96, 6, 16, 61, 33, 7, 57, 34, 12, 67, 10, 98, 56, 88, 29, 25, 91, 38, 19, 92, 43, 84, 65, 72, 81, 75, 2, 55, 62, 89, 94, 0]|[2, 1, 1, 2, 1, 2, 1, 1, 1, 1, 1, 0, 2, 2, 1, 2, 0, 0, 0, 2, 2, 1, 0, 2, 0, 2, 2, 1, 0, 1, 1, 1, 0, 0, 1, 0, 2, 1, 2, 2, 0, 0, 1, 1, 0, 2, 0, 2, 1, 0, 0, 2, 0, 0, 2, 0, 1, 1, 0, 0, 2, 1, 1, 2, 2, 0, 2, 2, 0, 1, 2, 1, 1, 2, 0, 1, 2, 1, 1, 2, 2, 1, 1, 1, 1, 0, 1, 0, 1, 0, 1, 1, 1, 0, 2, 0, 1, 1, 2, 0]|[1, 3, 2, 0, 4, 1, 4, 4, 2, 4, 3, 2, 1, 0, 2, 1, 1, 1, 2, 1, 1, 3, 0, 1, 0, 1, 1, 4, 1, 4, 3, 2, 2, 0, 4, 1, 1, 4, 0, 1, 2, 1, 4, 4, 1, 1, 0, 2, 3, 1, 2, 1, 2, 1, 1, 2, 4, 3, 0, 2, 2, 3, 3, 0, 1, 2, 0, 1, 2, 4, 1, 3, 4, 1, 2, 4, 1, 3, 3, 1, 1, 4, 3, 4, 3, 2, 4, 2, 4, 2, 3, 4, 1, 2, 1, 2, 3, 4, 1, 2]|[1, 2, 1, 0, 3, 0, 1, 3, 0, 0, 2, 0, 1, 0, 1, 0, 0, 0, 1, 0, 0, 2, 0, 0, 1, 0, 0, 3, 0, 1, 0, 2, 0, 1, 3, 0, 1, 3, 1, 0, 0, 0, 1, 3, 0, 0, 1, 0, 2, 0, 0, 0, 0, 0, 1, 0, 1, 0, 1, 1, 0, 2, 2, 0, 0, 0, 1, 0, 0, 2, 0, 0, 1, 0, 0, 1, 0, 0, 3, 0, 0, 1, 0, 3, 0, 0, 1, 0, 2, 0, 0, 2, 1, 0, 0, 0, 0, 1, 0, 0],850.9632869082183,52431.02217786142,105346.60403335126,false
53,G2_TEC,G2_TEC,[31, 94, 82, 15, 26, 9, 95, 42, 77, 68, 47, 5, 93, 78, 86, 54, 85, 63, 18, 44, 20, 49, 36, 14, 74, 50, 53, 17, 21, 28, 11, 64, 3, 23, 30, 83, 24, 41, 40, 52, 65, 27, 90, 70, 39, 87, 48, 69, 99, 4, 98, 1, 13, 56, 97, 59, 45, 8, 73, 37, 35, 79, 71, 66, 76, 32, 60, 80, 58, 6, 67, 61, 33, 7, 57, 34, 12, 16, 10, 22, 96, 88, 43, 81, 91, 2, 84, 29, 92, 19, 89, 55, 51, 46, 25, 75, 38, 72, 62, 0]|[2, 1, 2, 1, 1, 2, 1, 1, 1, 1, 1, 0, 2, 2, 1, 2, 0, 0, 0, 2, 2, 1, 0, 2, 0, 2, 2, 1, 0, 1, 1, 1, 0, 0, 1, 0, 2, 1, 2, 2, 0, 0, 1, 1, 0, 2, 0, 2, 1, 0, 2, 2, 0, 2, 2, 0, 1, 1, 0, 0, 2, 1, 1, 2, 2, 0, 2, 2, 2, 1, 2, 1, 1, 2, 0, 1, 1, 2, 1, 2, 0, 1, 1, 1, 1, 0, 0, 1, 0, 1, 1, 0, 1, 0, 1, 0, 0, 1, 1, 0]|[0, 3, 0, 3, 4, 1, 4, 4, 4, 4, 3, 2, 1, 0, 2, 1, 1, 1, 2, 1, 1, 3, 0, 1, 0, 1, 1, 4, 1, 4, 3, 2, 2, 0, 4, 1, 1, 4, 1, 1, 2, 1, 4, 4, 1, 1, 0, 1, 3, 2, 1, 1, 2, 1, 1, 2, 4, 3, 0, 2, 1, 3, 3, 1, 1, 2, 1, 1, 1, 4, 1, 3, 4, 1, 2, 4, 3, 1, 3, 1, 2, 4, 4, 4, 3, 2, 2, 3, 2, 4, 4, 2, 3, 2, 4, 2, 2, 4, 3, 2]|[0, 2, 0, 0, 3, 0, 1, 3, 1, 0, 2, 0, 1, 0, 1, 0, 0, 0, 1, 0, 0, 2, 0, 0, 1, 0, 0, 3, 0, 1, 0, 2, 0, 0, 3, 0, 1, 1, 0, 0, 0, 0, 1, 3, 0, 0, 1, 0, 2, 0, 0, 0, 0, 0, 1, 0, 1, 0, 1, 1, 0, 2, 0, 0, 0, 0, 0, 0, 0, 2, 0, 0, 1, 0, 0, 1, 0, 0, 3, 0, 0, 1, 2, 2, 0, 0, 0, 3, 0, 1, 1, 0, 0, 0, 3, 0, 0, 1, 0, 0],910.6016522559228,48441.78517559203,107030.90942221809,false
53,G3_TWC,G4_BALANCED,[31, 22, 42, 15, 26, 58, 95, 82, 77, 12, 47, 5, 93, 78, 98, 54, 85, 63, 18, 44, 20, 35, 43, 97, 91, 76, 10, 30, 21, 45, 71, 64, 1, 23, 17, 83, 24, 61, 60, 49, 6, 57, 94, 88, 65, 56, 79, 40, 67, 68, 46, 75, 38, 9, 19, 32, 81, 41, 27, 62, 87, 90, 99, 59, 53, 16, 72, 73, 70, 39, 37, 84, 3, 92, 25, 74, 28, 0, 51, 7, 11, 14, 86, 48, 89, 50, 66, 96, 33, 80, 4, 8, 55, 36, 29, 52, 13, 2, 69, 34]|[1, 1, 0, 1, 1, 1, 2, 1, 2, 1, 2, 2, 2, 1, 1, 0, 0, 1, 0, 2, 2, 0, 1, 2, 0, 1, 2, 2, 0, 0, 1, 2, 1, 0, 1, 0, 2, 0, 1, 1, 0, 1, 1, 1, 0, 2, 1, 1, 0, 0, 0, 0, 1, 1, 2, 1, 2, 0, 0, 0, 2, 1, 0, 1, 0, 1, 2, 1, 1, 1, 1, 1, 2, 0, 1, 2, 0, 0, 0, 1, 2, 1, 0, 0, 1, 0, 0, 2, 2, 0, 0, 1, 2, 0, 0, 1, 0, 0, 1, 2]|[4, 3, 2, 2, 0, 0, 2, 2, 2, 4, 1, 1, 2, 4, 4, 1, 1, 4, 2, 1, 1, 1, 1, 2, 1, 2, 1, 1, 1, 1, 3, 2, 3, 0, 4, 0, 1, 1, 0, 3, 2, 2, 4, 0, 1, 1, 3, 2, 0, 1, 2, 2, 1, 4, 0, 3, 2, 1, 1, 2, 1, 3, 1, 1, 2, 3, 0, 4, 3, 1, 4, 1, 1, 2, 4, 1, 2, 1, 1, 3, 1, 3, 1, 1, 1, 1, 1, 1, 1, 1, 2, 3, 1, 1, 2, 1, 2, 2, 3, 1]|[0, 2, 1, 1, 3, 3, 0, 1, 0, 0, 0, 0, 1, 0, 1, 0, 0, 3, 1, 0, 0, 0, 3, 1, 0, 2, 0, 0, 0, 1, 0, 0, 0, 0, 3, 0, 1, 0, 0, 2, 1, 1, 2, 0, 0, 0, 0, 1, 1, 0, 0, 0, 1, 3, 0, 0, 1, 0, 0, 1, 0, 2, 0, 1, 1, 2, 1, 0, 0, 1, 1, 3, 0, 1, 3, 0, 1, 0, 0, 2, 0, 0, 0, 0, 1, 0, 0, 0, 0, 0, 1, 2, 0, 1, 0, 1, 0, 0, 0, 0],787.7354273239397,57319.98389756265,87481.7179896983,true
54,G1_CMAX,G1_CMAX,[31, 22, 90, 26, 58, 95, 42, 12, 93, 5, 78, 86, 98, 18, 20, 35, 3, 97, 91, 76, 10, 85, 54, 45, 63, 71, 66, 1, 23, 17, 24, 60, 36, 6, 57, 15, 65, 56, 47, 79, 94, 67, 50, 46, 14, 75, 38, 9, 30, 19, 32, 81, 27, 92, 83, 87, 40, 99, 59, 11, 53, 16, 72, 77, 73, 70, 39, 37, 84, 43, 62, 25, 55, 28, 29, 51, 68, 82, 74, 61, 88, 21, 80, 89, 7, 69, 96, 41, 48, 4, 8, 34, 49, 52, 0, 44, 13, 2, 64, 33]|[1, 1, 1, 1, 0, 2, 1, 1, 2, 2, 2, 1, 0, 1, 2, 2, 1, 2, 0, 1, 2, 2, 2, 0, 0, 1, 2, 1, 2, 1, 2, 1, 1, 0, 1, 1, 0, 2, 2, 1, 1, 0, 0, 0, 0, 1, 1, 1, 1, 2, 1, 2, 2, 0, 0, 2, 1, 0, 0, 2, 0, 1, 2, 2, 1, 1, 1, 1, 1, 1, 0, 1, 1, 0, 0, 0, 0, 0, 2, 1, 1, 0, 0, 1, 1, 1, 2, 2, 0, 1, 1, 2, 0, 1, 0, 0, 0, 0, 2, 2]|[0, 4, 3, 0, 1, 1, 2, 4, 1, 1, 2, 4, 1, 4, 1, 1, 1, 2, 2, 2, 2, 1, 1, 1, 2, 3, 2, 3, 0, 4, 1, 0, 3, 2, 2, 2, 1, 1, 1, 0, 2, 0, 1, 2, 1, 3, 1, 4, 2, 0, 3, 2, 1, 2, 1, 1, 4, 1, 1, 1, 2, 3, 0, 2, 4, 3, 1, 4, 1, 1, 1, 4, 4, 2, 1, 1, 1, 2, 1, 3, 0, 1, 1, 1, 1, 3, 1, 1, 1, 4, 3, 1, 1, 1, 2, 2, 2, 2, 1, 1]|[3, 0, 2, 3, 0, 0, 1, 0, 0, 0, 1, 0, 0, 3, 0, 0, 1, 1, 1, 2, 1, 0, 0, 0, 0, 0, 0, 0, 0, 3, 1, 0, 2, 1, 1, 1, 0, 0, 0, 0, 1, 1, 0, 0, 0, 0, 1, 3, 2, 0, 0, 1, 0, 1, 0, 0, 2, 0, 0, 0, 1, 2, 1, 1, 0, 0, 1, 1, 3, 3, 0, 3, 3, 1, 0, 0, 0, 1, 0, 0, 0, 0, 0, 1, 2, 2, 0, 0, 0, 0, 2, 0, 1, 1, 0, 0, 0, 0, 0, 0],705.0470749739228,58445.79123614564,95781.2895945797,false
54,G4_BALANCED,G4_BALANCED,[31, 11, 15, 82, 26, 9, 95, 32, 77, 68, 47, 5, 93, 78, 86, 54, 85, 63, 18, 44, 20, 49, 36, 14, 74, 50, 53, 17, 21, 45, 71, 64, 3, 23, 30, 83, 24, 41, 60, 52, 51, 27, 90, 70, 39, 87, 48, 69, 99, 4, 46, 1, 13, 58, 97, 59, 28, 8, 73, 37, 35, 79, 22, 66, 76, 42, 40, 80, 96, 6, 16, 61, 33, 7, 57, 34, 12, 67, 10, 98, 56, 88, 29, 25, 91, 38, 19, 92, 43, 84, 65, 72, 81, 75, 2, 55, 62, 89, 94, 0]|[2, 1, 1, 2, 1, 2, 1, 1, 1, 1, 1, 0, 2, 2, 1, 2, 0, 0, 0, 2, 2, 1, 0, 2, 0, 2, 2, 1, 0, 1, 1, 1, 0, 0, 1, 0, 2, 1, 2, 2, 0, 0, 1, 1, 0, 2, 0, 2, 1, 0, 0, 2, 0, 0, 2, 0, 1, 1, 0, 0, 2, 1, 1, 2, 2, 0, 2, 2, 0, 1, 2, 1, 1, 2, 0, 1, 2, 1, 1, 2, 2, 1, 1, 1, 1, 0, 1, 0, 1, 0, 1, 1, 1, 0, 2, 0, 1, 1, 2, 0]|[1, 3, 2, 0, 4, 1, 4, 4, 2, 4, 3, 2, 1, 0, 2, 1, 1, 1, 2, 1, 1, 3, 0, 1, 0, 1, 1, 4, 1, 4, 3, 2, 2, 0, 4, 1, 1, 4, 0, 1, 2, 1, 4, 4, 1, 1, 0, 2, 3, 1, 2, 1, 2, 1, 1, 2, 4, 3, 0, 2, 2, 3, 3, 0, 1, 2, 0, 1, 2, 4, 1, 3, 4, 1, 2, 4, 1, 3, 3, 1, 1, 4, 3, 4, 3, 2, 4, 2, 4, 2, 3, 4, 1, 2, 1, 2, 3, 4, 1, 2]|[1, 2, 1, 0, 3, 0, 1, 3, 0, 0, 2, 0, 1, 0, 1, 0, 0, 0, 1, 0, 0, 2, 0, 0, 1, 0, 0, 3, 0, 1, 0, 2, 0, 1, 3, 0, 1, 3, 1, 0, 0, 0, 1, 3, 0, 0, 1, 0, 2, 0, 0, 0, 0, 0, 1, 0, 1, 0, 1, 1, 0, 2, 2, 0, 0, 0, 1, 0, 0, 2, 0, 0, 1, 0, 0, 1, 0, 0, 3, 0, 0, 1, 0, 3, 0, 0, 1, 0, 2, 0, 0, 2, 1, 0, 0, 0, 0, 1, 0, 0],850.9632869082183,52431.02217786142,105346.60403335126,false
54,G2_TEC,G2_TEC,[31, 94, 82, 15, 26, 9, 95, 42, 77, 68, 47, 5, 93, 78, 86, 54, 85, 63, 18, 44, 20, 49, 36, 14, 74, 50, 53, 17, 21, 28, 11, 64, 3, 23, 30, 83, 24, 41, 40, 52, 65, 27, 90, 70, 39, 87, 48, 69, 99, 4, 98, 1, 13, 56, 97, 59, 45, 8, 73, 37, 35, 79, 71, 66, 76, 32, 60, 80, 58, 6, 67, 61, 33, 7, 57, 34, 12, 16, 10, 22, 96, 88, 43, 81, 91, 2, 84, 29, 92, 19, 89, 55, 51, 46, 25, 75, 38, 72, 62, 0]|[2, 1, 2, 1, 1, 2, 1, 1, 1, 1, 1, 0, 2, 2, 1, 2, 0, 0, 0, 2, 2, 1, 0, 2, 0, 2, 2, 1, 0, 1, 1, 1, 0, 0, 1, 0, 2, 1, 2, 2, 0, 0, 1, 1, 0, 2, 0, 2, 1, 0, 2, 2, 0, 2, 2, 0, 1, 1, 0, 0, 2, 1, 1, 2, 2, 0, 2, 2, 2, 1, 2, 1, 1, 2, 0, 1, 1, 2, 1, 2, 0, 1, 1, 1, 1, 0, 0, 1, 0, 1, 1, 0, 1, 0, 1, 0, 0, 1, 1, 0]|[0, 3, 0, 3, 4, 1, 4, 4, 4, 4, 3, 2, 1, 0, 2, 1, 1, 1, 2, 1, 1, 3, 0, 1, 0, 1, 1, 4, 1, 4, 3, 2, 2, 0, 4, 1, 1, 4, 1, 1, 2, 1, 4, 4, 1, 1, 0, 1, 3, 2, 1, 1, 2, 1, 1, 2, 4, 3, 0, 2, 1, 3, 3, 1, 1, 2, 1, 1, 1, 4, 1, 3, 4, 1, 2, 4, 3, 1, 3, 1, 2, 4, 4, 4, 3, 2, 2, 3, 2, 4, 4, 2, 3, 2, 4, 2, 2, 4, 3, 2]|[0, 2, 0, 0, 3, 0, 1, 3, 1, 0, 2, 0, 1, 0, 1, 0, 0, 0, 1, 0, 0, 2, 0, 0, 1, 0, 0, 3, 0, 1, 0, 2, 0, 0, 3, 0, 1, 1, 0, 0, 0, 0, 1, 3, 0, 0, 1, 0, 2, 0, 0, 0, 0, 0, 1, 0, 1, 0, 1, 1, 0, 2, 0, 0, 0, 0, 0, 0, 0, 2, 0, 0, 1, 0, 0, 1, 0, 0, 3, 0, 0, 1, 2, 2, 0, 0, 0, 3, 0, 1, 1, 0, 0, 0, 3, 0, 0, 1, 0, 0],910.6016522559228,48441.78517559203,107030.90942221809,false
54,G3_TWC,G4_BALANCED,[31, 22, 42, 15, 26, 58, 95, 82, 77, 12, 47, 5, 93, 78, 98, 54, 85, 63, 18, 44, 20, 35, 43, 97, 91, 76, 10, 30, 21, 45, 71, 64, 1, 23, 17, 83, 24, 61, 60, 49, 6, 57, 94, 88, 65, 56, 79, 40, 67, 68, 46, 75, 38, 9, 19, 32, 81, 41, 27, 62, 87, 90, 99, 59, 53, 16, 72, 73, 70, 39, 37, 84, 3, 92, 25, 74, 28, 0, 51, 7, 11, 14, 86, 48, 89, 50, 66, 96, 33, 80, 4, 8, 55, 36, 29, 52, 13, 2, 69, 34]|[1, 1, 0, 1, 1, 1, 2, 1, 2, 1, 2, 2, 2, 1, 1, 0, 0, 1, 0, 2, 2, 0, 1, 2, 0, 1, 2, 2, 0, 0, 1, 2, 1, 0, 1, 0, 2, 0, 1, 1, 0, 1, 1, 1, 0, 2, 1, 1, 0, 0, 0, 0, 1, 1, 2, 1, 2, 0, 0, 0, 2, 1, 0, 1, 0, 1, 2, 1, 1, 1, 1, 1, 2, 0, 1, 2, 0, 0, 0, 1, 2, 1, 0, 0, 1, 0, 0, 2, 2, 0, 0, 1, 2, 0, 0, 1, 0, 0, 1, 2]|[4, 3, 2, 2, 0, 0, 2, 2, 2, 4, 1, 1, 2, 4, 4, 1, 1, 4, 2, 1, 1, 1, 1, 2, 1, 2, 1, 1, 1, 1, 3, 2, 3, 0, 4, 0, 1, 1, 0, 3, 2, 2, 4, 0, 1, 1, 3, 2, 0, 1, 2, 2, 1, 4, 0, 3, 2, 1, 1, 2, 1, 3, 1, 1, 2, 3, 0, 4, 3, 1, 4, 1, 1, 2, 4, 1, 2, 1, 1, 3, 1, 3, 1, 1, 1, 1, 1, 1, 1, 1, 2, 3, 1, 1, 2, 1, 2, 2, 3, 1]|[0, 2, 1, 1, 3, 3, 0, 1, 0, 0, 0, 0, 1, 0, 1, 0, 0, 3, 1, 0, 0, 0, 3, 1, 0, 2, 0, 0, 0, 1, 0, 0, 0, 0, 3, 0, 1, 0, 0, 2, 1, 1, 2, 0, 0, 0, 0, 1, 1, 0, 0, 0, 1, 3, 0, 0, 1, 0, 0, 1, 0, 2, 0, 1, 1, 2, 1, 0, 0, 1, 1, 3, 0, 1, 3, 0, 1, 0, 0, 2, 0, 0, 0, 0, 1, 0, 0, 0, 0, 0, 1, 2, 0, 1, 0, 1, 0, 0, 0, 0],787.7354273239397,57319.98389756265,87481.7179896983,true
54,G1_CMAX,G1_CMAX,[31, 22, 90, 26, 58, 95, 42, 12, 93, 5, 78, 86, 98, 18, 20, 35, 3, 97, 91, 76, 10, 85, 54, 45, 63, 71, 66, 1, 23, 17, 24, 60, 36, 6, 57, 15, 65, 56, 47, 79, 94, 67, 50, 46, 14, 75, 38, 9, 30, 19, 32, 81, 27, 92, 83, 87, 40, 99, 59, 11, 53, 16, 72, 77, 73, 70, 39, 37, 84, 43, 62, 25, 55, 28, 29, 51, 68, 82, 74, 61, 88, 21, 80, 89, 7, 69, 96, 41, 48, 4, 8, 34, 49, 52, 0, 44, 13, 2, 64, 33]|[1, 1, 1, 1, 0, 2, 1, 1, 2, 2, 2, 1, 0, 1, 2, 2, 1, 2, 0, 1, 2, 2, 2, 0, 0, 1, 2, 1, 2, 1, 2, 1, 1, 0, 1, 1, 0, 2, 2, 1, 1, 0, 0, 0, 0, 1, 1, 1, 1, 2, 1, 2, 2, 0, 0, 2, 1, 0, 0, 2, 0, 1, 2, 2, 1, 1, 1, 1, 1, 1, 0, 1, 1, 0, 0, 0, 0, 0, 2, 1, 1, 0, 0, 1, 1, 1, 2, 2, 0, 1, 1, 2, 0, 1, 0, 0, 0, 0, 2, 2]|[0, 4, 3, 0, 1, 1, 2, 4, 1, 1, 2, 4, 1, 4, 1, 1, 1, 2, 2, 2, 2, 1, 1, 1, 2, 3, 2, 3, 0, 4, 1, 0, 3, 2, 2, 2, 1, 1, 1, 0, 2, 0, 1, 2, 1, 3, 1, 4, 2, 0, 3, 2, 1, 2, 1, 1, 4, 1, 1, 1, 2, 3, 0, 2, 4, 3, 1, 4, 1, 1, 1, 4, 4, 2, 1, 1, 1, 2, 1, 3, 0, 1, 1, 1, 1, 3, 1, 1, 1, 4, 3, 1, 1, 1, 2, 2, 2, 2, 1, 1]|[3, 0, 2, 3, 0, 0, 1, 0, 0, 0, 1, 0, 0, 3, 0, 0, 1, 1, 1, 2, 1, 0, 0, 0, 0, 0, 0, 0, 0, 3, 1, 0, 2, 1, 1, 1, 0, 0, 0, 0, 1, 1, 0, 0, 0, 0, 1, 3, 2, 0, 0, 1, 0, 1, 0, 0, 2, 0, 0, 0, 1, 2, 1, 1, 0, 0, 1, 1, 3, 3, 0, 3, 3, 1, 0, 0, 0, 1, 0, 0, 0, 0, 0, 1, 2, 2, 0, 0, 0, 0, 2, 0, 1, 1, 0, 0, 0, 0, 0, 0],705.0470749739228,58445.79123614564,95781.2895945797,false
54,G4_BALANCED,G1_CMAX,[31, 22, 42, 15, 26, 58, 95, 82, 77, 12, 47, 5, 93, 78, 98, 54, 85, 63, 18, 44, 20, 35, 43, 97, 91, 76, 10, 30, 21, 45, 71, 64, 1, 23, 17, 83, 24, 61, 60, 36, 6, 57, 94, 88, 65, 56, 79, 40, 67, 68, 46, 75, 38, 9, 19, 32, 81, 41, 27, 62, 87, 90, 99, 59, 11, 16, 72, 73, 70, 39, 37, 84, 3, 96, 25, 55, 28, 29, 51, 7, 53, 14, 86, 48, 89, 50, 66, 92, 33, 80, 4, 8, 74, 49, 0, 52, 13, 2, 69, 34]|[1, 1, 0, 1, 1, 1, 2, 1, 2, 1, 2, 2, 2, 1, 1, 0, 0, 1, 0, 2, 2, 0, 1, 2, 0, 1, 2, 2, 0, 0, 1, 2, 1, 2, 1, 0, 2, 0, 1, 1, 0, 1, 1, 1, 0, 2, 1, 1, 0, 0, 0, 0, 1, 1, 2, 1, 2, 0, 0, 0, 2, 1, 0, 1, 2, 1, 2, 1, 1, 1, 1, 1, 2, 2, 1, 1, 0, 0, 0, 1, 0, 1, 0, 0, 1, 0, 2, 0, 2, 0, 1, 1, 2, 0, 0, 1, 0, 0, 1, 2]|[4, 3, 2, 2, 0, 0, 2, 2, 2, 4, 1, 1, 2, 4, 4, 1, 1, 4, 2, 1, 1, 1, 1, 2, 1, 2, 1, 1, 1, 1, 3, 2, 3, 1, 4, 0, 1, 1, 0, 3, 2, 2, 4, 0, 1, 1, 3, 2, 0, 1, 2, 2, 1, 4, 0, 3, 2, 1, 1, 2, 1, 3, 1, 1, 1, 3, 0, 4, 3, 1, 4, 1, 1, 1, 4, 4, 2, 1, 1, 3, 2, 3, 1, 1, 1, 1, 1, 2, 1, 1, 4, 3, 1, 1, 2, 1, 2, 2, 3, 1]|[0, 2, 1, 1, 3, 3, 0, 1, 0, 0, 0, 0, 1, 0, 1, 0, 0, 3, 1, 0, 0, 0, 3, 1, 0, 2, 0, 0, 0, 1, 0, 0, 0, 0, 3, 0, 1, 0, 0, 2, 1, 1, 2, 0, 0, 0, 0, 1, 1, 0, 0, 0, 1, 3, 0, 0, 1, 0, 0, 1, 0, 2, 0, 1, 0, 2, 1, 0, 0, 1, 1, 3, 0, 0, 3, 3, 1, 0, 0, 2, 1, 0, 0, 0, 1, 0, 0, 1, 0, 0, 0, 2, 0, 1, 0, 1, 0, 0, 0, 0],753.6896090727217,56974.34042003284,90946.94102860041,true
54,G2_TEC,G2_TEC,[31, 94, 82, 15, 26, 9, 95, 42, 77, 68, 47, 5, 93, 78, 86, 54, 85, 63, 18, 44, 20, 49, 36, 14, 74, 50, 53, 17, 21, 28, 11, 64, 3, 23, 30, 83, 24, 41, 40, 52, 65, 27, 90, 70, 39, 87, 48, 69, 99, 4, 98, 1, 13, 56, 97, 59, 45, 8, 73, 37, 35, 79, 71, 66, 76, 32, 60, 80, 58, 6, 67, 61, 33, 7, 57, 34, 12, 16, 10, 22, 96, 88, 43, 81, 91, 2, 84, 29, 92, 19, 89, 55, 51, 46, 25, 75, 38, 72, 62, 0]|[2, 1, 2, 1, 1, 2, 1, 1, 1, 1, 1, 0, 2, 2, 1, 2, 0, 0, 0, 2, 2, 1, 0, 2, 0, 2, 2, 1, 0, 1, 1, 1, 0, 0, 1, 0, 2, 1, 2, 2, 0, 0, 1, 1, 0, 2, 0, 2, 1, 0, 2, 2, 0, 2, 2, 0, 1, 1, 0, 0, 2, 1, 1, 2, 2, 0, 2, 2, 2, 1, 2, 1, 1, 2, 0, 1, 1, 2, 1, 2, 0, 1, 1, 1, 1, 0, 0, 1, 0, 1, 1, 0, 1, 0, 1, 0, 0, 1, 1, 0]|[0, 3, 0, 3, 4, 1, 4, 4, 4, 4, 3, 2, 1, 0, 2, 1, 1, 1, 2, 1, 1, 3, 0, 1, 0, 1, 1, 4, 1, 4, 3, 2, 2, 0, 4, 1, 1, 4, 1, 1, 2, 1, 4, 4, 1, 1, 0, 1, 3, 2, 1, 1, 2, 1, 1, 2, 4, 3, 0, 2, 1, 3, 3, 1, 1, 2, 1, 1, 1, 4, 1, 3, 4, 1, 2, 4, 3, 1, 3, 1, 2, 4, 4, 4, 3, 2, 2, 3, 2, 4, 4, 2, 3, 2, 4, 2, 2, 4, 3, 2]|[0, 2, 0, 0, 3, 0, 1, 3, 1, 0, 2, 0, 1, 0, 1, 0, 0, 0, 1, 0, 0, 2, 0, 0, 1, 0, 0, 3, 0, 1, 0, 2, 0, 0, 3, 0, 1, 1, 0, 0, 0, 0, 1, 3, 0, 0, 1, 0, 2, 0, 0, 0, 0, 0, 1, 0, 1, 0, 1, 1, 0, 2, 0, 0, 0, 0, 0, 0, 0, 2, 0, 0, 1, 0, 0, 1, 0, 0, 3, 0, 0, 1, 2, 2, 0, 0, 0, 3, 0, 1, 1, 0, 0, 0, 3, 0, 0, 1, 0, 0],910.6016522559228,48441.78517559203,107030.90942221809,false
54,G3_TWC,G4_BALANCED,[31, 22, 42, 15, 26, 58, 95, 82, 77, 12, 47, 5, 93, 78, 98, 54, 85, 63, 18, 44, 20, 35, 43, 97, 91, 76, 10, 30, 21, 45, 71, 64, 1, 23, 17, 83, 24, 61, 60, 49, 6, 57, 94, 88, 65, 56, 79, 40, 67, 68, 46, 75, 38, 9, 19, 32, 81, 41, 27, 62, 87, 90, 99, 59, 53, 16, 72, 73, 70, 39, 37, 84, 3, 92, 25, 74, 28, 0, 51, 7, 11, 14, 86, 48, 89, 50, 66, 96, 33, 80, 4, 8, 55, 36, 29, 52, 13, 2, 69, 34]|[1, 1, 0, 1, 1, 1, 2, 1, 2, 1, 2, 2, 2, 1, 1, 0, 0, 1, 0, 2, 2, 0, 1, 2, 0, 1, 2, 2, 0, 0, 1, 2, 1, 0, 1, 0, 2, 0, 1, 1, 0, 1, 1, 1, 0, 2, 1, 1, 0, 0, 0, 0, 1, 1, 2, 1, 2, 0, 0, 0, 2, 1, 0, 1, 0, 1, 2, 1, 1, 1, 1, 1, 2, 0, 1, 2, 0, 0, 0, 1, 2, 1, 0, 0, 1, 0, 0, 2, 2, 0, 0, 1, 2, 0, 0, 1, 0, 0, 1, 2]|[4, 3, 2, 2, 0, 0, 2, 2, 2, 4, 1, 1, 2, 4, 4, 1, 1, 4, 2, 1, 1, 1, 1, 2, 1, 2, 1, 1, 1, 1, 3, 2, 3, 0, 4, 0, 1, 1, 0, 3, 2, 2, 4, 0, 1, 1, 3, 2, 0, 1, 2, 2, 1, 4, 0, 3, 2, 1, 1, 2, 1, 3, 1, 1, 2, 3, 0, 4, 3, 1, 4, 1, 1, 2, 4, 1, 2, 1, 1, 3, 1, 3, 1, 1, 1, 1, 1, 1, 1, 1, 2, 3, 1, 1, 2, 1, 2, 2, 3, 1]|[0, 2, 1, 1, 3, 3, 0, 1, 0, 0, 0, 0, 1, 0, 1, 0, 0, 3, 1, 0, 0, 0, 3, 1, 0, 2, 0, 0, 0, 1, 0, 0, 0, 0, 3, 0, 1, 0, 0, 2, 1, 1, 2, 0, 0, 0, 0, 1, 1, 0, 0, 0, 1, 3, 0, 0, 1, 0, 0, 1, 0, 2, 0, 1, 1, 2, 1, 0, 0, 1, 1, 3, 0, 1, 3, 0, 1, 0, 0, 2, 0, 0, 0, 0, 1, 0, 0, 0, 0, 0, 1, 2, 0, 1, 0, 1, 0, 0, 0, 0],787.7354273239397,57319.98389756265,87481.7179896983,true
54,G1_CMAX,G1_CMAX,[31, 22, 90, 26, 58, 95, 42, 12, 93, 5, 78, 86, 98, 18, 20, 35, 3, 97, 91, 76, 10, 85, 54, 45, 63, 71, 66, 1, 23, 17, 24, 60, 36, 6, 57, 15, 65, 56, 47, 79, 94, 67, 50, 46, 14, 75, 38, 9, 30, 19, 32, 81, 27, 92, 83, 87, 40, 99, 59, 11, 53, 16, 72, 77, 73, 70, 39, 37, 84, 43, 62, 25, 55, 28, 29, 51, 68, 82, 74, 61, 88, 21, 80, 89, 7, 69, 96, 41, 48, 4, 8, 34, 49, 52, 0, 44, 13, 2, 64, 33]|[1, 1, 1, 1, 0, 2, 1, 1, 2, 2, 2, 1, 0, 1, 2, 2, 1, 2, 0, 1, 2, 2, 2, 0, 0, 1, 2, 1, 2, 1, 2, 1, 1, 0, 1, 1, 0, 2, 2, 1, 1, 0, 0, 0, 0, 1, 1, 1, 1, 2, 1, 2, 2, 0, 0, 2, 1, 0, 0, 2, 0, 1, 2, 2, 1, 1, 1, 1, 1, 1, 0, 1, 1, 0, 0, 0, 0, 0, 2, 1, 1, 0, 0, 1, 1, 1, 2, 2, 0, 1, 1, 2, 0, 1, 0, 0, 0, 0, 2, 2]|[0, 4, 3, 0, 1, 1, 2, 4, 1, 1, 2, 4, 1, 4, 1, 1, 1, 2, 2, 2, 2, 1, 1, 1, 2, 3, 2, 3, 0, 4, 1, 0, 3, 2, 2, 2, 1, 1, 1, 0, 2, 0, 1, 2, 1, 3, 1, 4, 2, 0, 3, 2, 1, 2, 1, 1, 4, 1, 1, 1, 2, 3, 0, 2, 4, 3, 1, 4, 1, 1, 1, 4, 4, 2, 1, 1, 1, 2, 1, 3, 0, 1, 1, 1, 1, 3, 1, 1, 1, 4, 3, 1, 1, 1, 2, 2, 2, 2, 1, 1]|[3, 0, 2, 3, 0, 0, 1, 0, 0, 0, 1, 0, 0, 3, 0, 0, 1, 1, 1, 2, 1, 0, 0, 0, 0, 0, 0, 0, 0, 3, 1, 0, 2, 1, 1, 1, 0, 0, 0, 0, 1, 1, 0, 0, 0, 0, 1, 3, 2, 0, 0, 1, 0, 1, 0, 0, 2, 0, 0, 0, 1, 2, 1, 1, 0, 0, 1, 1, 3, 3, 0, 3, 3, 1, 0, 0, 0, 1, 0, 0, 0, 0, 0, 1, 2, 2, 0, 0, 0, 0, 2, 0, 1, 1, 0, 0, 0, 0, 0, 0],705.0470749739228,58445.79123614564,95781.2895945797,false
54,G4_BALANCED,G1_CMAX,[31, 22, 82, 15, 26, 99, 95, 42, 77, 12, 47, 5, 93, 78, 86, 54, 21, 63, 18, 44, 20, 35, 43, 97, 91, 76, 10, 30, 85, 45, 71, 64, 1, 23, 17, 83, 24, 14, 60, 36, 6, 57, 40, 88, 65, 56, 59, 94, 67, 68, 46, 75, 38, 9, 19, 32, 41, 81, 27, 87, 90, 58, 79, 11, 16, 72, 73, 70, 39, 37, 84, 3, 92, 25, 55, 48, 62, 29, 51, 7, 33, 61, 98, 28, 89, 50, 4, 96, 53, 80, 8, 66, 34, 49, 52, 0, 74, 69, 2, 13]|[1, 1, 0, 1, 1, 0, 1, 1, 2, 1, 2, 2, 2, 1, 1, 0, 0, 1, 0, 2, 2, 0, 1, 2, 0, 1, 2, 2, 0, 0, 1, 2, 1, 2, 1, 0, 2, 0, 1, 1, 0, 1, 1, 1, 0, 2, 1, 1, 0, 0, 0, 0, 1, 1, 2, 1, 0, 2, 0, 2, 1, 0, 1, 2, 1, 2, 1, 1, 1, 1, 1, 1, 0, 1, 2, 0, 0, 0, 0, 1, 2, 1, 2, 0, 1, 0, 1, 2, 0, 0, 1, 2, 2, 0, 1, 0, 2, 1, 0, 0]|[0, 3, 2, 2, 4, 1, 2, 3, 2, 4, 1, 1, 2, 4, 4, 1, 1, 4, 2, 1, 1, 1, 1, 2, 1, 2, 1, 1, 2, 1, 3, 2, 3, 1, 4, 0, 1, 1, 0, 3, 2, 2, 2, 0, 1, 1, 1, 4, 0, 1, 2, 2, 1, 4, 0, 3, 1, 1, 1, 1, 3, 1, 1, 1, 3, 0, 4, 3, 1, 4, 1, 1, 0, 4, 1, 1, 2, 1, 1, 1, 1, 3, 1, 2, 1, 1, 4, 1, 2, 1, 3, 1, 1, 1, 1, 2, 1, 4, 2, 2]|[0, 2, 1, 1, 3, 0, 1, 3, 0, 0, 0, 0, 1, 0, 1, 0, 0, 3, 1, 0, 0, 0, 3, 1, 0, 2, 0, 0, 0, 1, 0, 0, 0, 0, 3, 0, 1, 0, 0, 2, 1, 1, 1, 0, 0, 0, 1, 2, 1, 0, 0, 0, 1, 3, 0, 0, 0, 0, 0, 0, 2, 0, 1, 0, 2, 1, 0, 0, 1, 1, 3, 1, 1, 3, 0, 0, 1, 0, 0, 2, 0, 0, 0, 1, 1, 0, 0, 0, 1, 0, 2, 0, 0, 1, 1, 0, 0, 2, 0, 0],731.2476204416437,56471.05293543117,93231.64460992858,true
54,G2_TEC,G2_TEC,[31, 94, 82, 15, 26, 9, 95, 42, 77, 68, 47, 5, 93, 78, 86, 54, 85, 63, 18, 44, 20, 49, 36, 14, 74, 50, 53, 17, 21, 28, 11, 64, 3, 23, 30, 83, 24, 41, 40, 52, 65, 27, 90, 70, 39, 87, 48, 69, 99, 4, 98, 1, 13, 56, 97, 59, 45, 8, 73, 37, 35, 79, 71, 66, 76, 32, 60, 80, 58, 6, 67, 61, 33, 7, 57, 34, 12, 16, 10, 22, 96, 88, 43, 81, 91, 2, 84, 29, 92, 19, 89, 55, 51, 46, 25, 75, 38, 72, 62, 0]|[2, 1, 2, 1, 1, 2, 1, 1, 1, 1, 1, 0, 2, 2, 1, 2, 0, 0, 0, 2, 2, 1, 0, 2, 0, 2, 2, 1, 0, 1, 1, 1, 0, 0, 1, 0, 2, 1, 2, 2, 0, 0, 1, 1, 0, 2, 0, 2, 1, 0, 2, 2, 0, 2, 2, 0, 1, 1, 0, 0, 2, 1, 1, 2, 2, 0, 2, 2, 2, 1, 2, 1, 1, 2, 0, 1, 1, 2, 1, 2, 0, 1, 1, 1, 1, 0, 0, 1, 0, 1, 1, 0, 1, 0, 1, 0, 0, 1, 1, 0]|[0, 3, 0, 3, 4, 1, 4, 4, 4, 4, 3, 2, 1, 0, 2, 1, 1, 1, 2, 1, 1, 3, 0, 1, 0, 1, 1, 4, 1, 4, 3, 2, 2, 0, 4, 1, 1, 4, 1, 1, 2, 1, 4, 4, 1, 1, 0, 1, 3, 2, 1, 1, 2, 1, 1, 2, 4, 3, 0, 2, 1, 3, 3, 1, 1, 2, 1, 1, 1, 4, 1, 3, 4, 1, 2, 4, 3, 1, 3, 1, 2, 4, 4, 4, 3, 2, 2, 3, 2, 4, 4, 2, 3, 2, 4, 2, 2, 4, 3, 2]|[0, 2, 0, 0, 3, 0, 1, 3, 1, 0, 2, 0, 1, 0, 1, 0, 0, 0, 1, 0, 0, 2, 0, 0, 1, 0, 0, 3, 0, 1, 0, 2, 0, 0, 3, 0, 1, 1, 0, 0, 0, 0, 1, 3, 0, 0, 1, 0, 2, 0, 0, 0, 0, 0, 1, 0, 1, 0, 1, 1, 0, 2, 0, 0, 0, 0, 0, 0, 0, 2, 0, 0, 1, 0, 0, 1, 0, 0, 3, 0, 0, 1, 2, 2, 0, 0, 0, 3, 0, 1, 1, 0, 0, 0, 3, 0, 0, 1, 0, 0],910.6016522559228,48441.78517559203,107030.90942221809,false
54,G3_TWC,G4_BALANCED,[31, 22, 42, 15, 26, 58, 95, 82, 77, 12, 47, 5, 93, 78, 98, 54, 85, 63, 18, 44, 20, 35, 43, 97, 91, 76, 10, 30, 21, 45, 71, 64, 1, 23, 17, 83, 24, 61, 60, 49, 6, 57, 94, 88, 65, 56, 79, 40, 67, 68, 46, 75, 38, 9, 19, 32, 81, 41, 27, 62, 87, 90, 99, 59, 53, 16, 72, 73, 70, 39, 37, 84, 3, 92, 25, 74, 28, 0, 51, 7, 11, 14, 86, 48, 89, 50, 66, 96, 33, 80, 4, 8, 55, 36, 29, 52, 13, 2, 69, 34]|[1, 1, 0, 1, 1, 1, 2, 1, 2, 1, 2, 2, 2, 1, 1, 0, 0, 1, 0, 2, 2, 0, 1, 2, 0, 1, 2, 2, 0, 0, 1, 2, 1, 0, 1, 0, 2, 0, 1, 1, 0, 1, 1, 1, 0, 2, 1, 1, 0, 0, 0, 0, 1, 1, 2, 1, 2, 0, 0, 0, 2, 1, 0, 1, 0, 1, 2, 1, 1, 1, 1, 1, 2, 0, 1, 2, 0, 0, 0, 1, 2, 1, 0, 0, 1, 0, 0, 2, 2, 0, 0, 1, 2, 0, 0, 1, 0, 0, 1, 2]|[4, 3, 2, 2, 0, 0, 2, 2, 2, 4, 1, 1, 2, 4, 4, 1, 1, 4, 2, 1, 1, 1, 1, 2, 1, 2, 1, 1, 1, 1, 3, 2, 3, 0, 4, 0, 1, 1, 0, 3, 2, 2, 4, 0, 1, 1, 3, 2, 0, 1, 2, 2, 1, 4, 0, 3, 2, 1, 1, 2, 1, 3, 1, 1, 2, 3, 0, 4, 3, 1, 4, 1, 1, 2, 4, 1, 2, 1, 1, 3, 1, 3, 1, 1, 1, 1, 1, 1, 1, 1, 2, 3, 1, 1, 2, 1, 2, 2, 3, 1]|[0, 2, 1, 1, 3, 3, 0, 1, 0, 0, 0, 0, 1, 0, 1, 0, 0, 3, 1, 0, 0, 0, 3, 1, 0, 2, 0, 0, 0, 1, 0, 0, 0, 0, 3, 0, 1, 0, 0, 2, 1, 1, 2, 0, 0, 0, 0, 1, 1, 0, 0, 0, 1, 3, 0, 0, 1, 0, 0, 1, 0, 2, 0, 1, 1, 2, 1, 0, 0, 1, 1, 3, 0, 1, 3, 0, 1, 0, 0, 2, 0, 0, 0, 0, 1, 0, 0, 0, 0, 0, 1, 2, 0, 1, 0, 1, 0, 0, 0, 0],787.7354273239397,57319.98389756265,87481.7179896983,true
54,G1_CMAX,G1_CMAX,[31, 22, 90, 26, 58, 95, 42, 12, 93, 5, 78, 86, 98, 18, 20, 35, 3, 97, 91, 76, 10, 85, 54, 45, 63, 71, 66, 1, 23, 17, 24, 60, 36, 6, 57, 15, 65, 56, 47, 79, 94, 67, 50, 46, 14, 75, 38, 9, 30, 19, 32, 81, 27, 92, 83, 87, 40, 99, 59, 11, 53, 16, 72, 77, 73, 70, 39, 37, 84, 43, 62, 25, 55, 28, 29, 51, 68, 82, 74, 61, 88, 21, 80, 89, 7, 69, 96, 41, 48, 4, 8, 34, 49, 52, 0, 44, 13, 2, 64, 33]|[1, 1, 1, 1, 0, 2, 1, 1, 2, 2, 2, 1, 0, 1, 2, 2, 1, 2, 0, 1, 2, 2, 2, 0, 0, 1, 2, 1, 2, 1, 2, 1, 1, 0, 1, 1, 0, 2, 2, 1, 1, 0, 0, 0, 0, 1, 1, 1, 1, 2, 1, 2, 2, 0, 0, 2, 1, 0, 0, 2, 0, 1, 2, 2, 1, 1, 1, 1, 1, 1, 0, 1, 1, 0, 0, 0, 0, 0, 2, 1, 1, 0, 0, 1, 1, 1, 2, 2, 0, 1, 1, 2, 0, 1, 0, 0, 0, 0, 2, 2]|[0, 4, 3, 0, 1, 1, 2, 4, 1, 1, 2, 4, 1, 4, 1, 1, 1, 2, 2, 2, 2, 1, 1, 1, 2, 3, 2, 3, 0, 4, 1, 0, 3, 2, 2, 2, 1, 1, 1, 0, 2, 0, 1, 2, 1, 3, 1, 4, 2, 0, 3, 2, 1, 2, 1, 1, 4, 1, 1, 1, 2, 3, 0, 2, 4, 3, 1, 4, 1, 1, 1, 4, 4, 2, 1, 1, 1, 2, 1, 3, 0, 1, 1, 1, 1, 3, 1, 1, 1, 4, 3, 1, 1, 1, 2, 2, 2, 2, 1, 1]|[3, 0, 2, 3, 0, 0, 1, 0, 0, 0, 1, 0, 0, 3, 0, 0, 1, 1, 1, 2, 1, 0, 0, 0, 0, 0, 0, 0, 0, 3, 1, 0, 2, 1, 1, 1, 0, 0, 0, 0, 1, 1, 0, 0, 0, 0, 1, 3, 2, 0, 0, 1, 0, 1, 0, 0, 2, 0, 0, 0, 1, 2, 1, 1, 0, 0, 1, 1, 3, 3, 0, 3, 3, 1, 0, 0, 0, 1, 0, 0, 0, 0, 0, 1, 2, 2, 0, 0, 0, 0, 2, 0, 1, 1, 0, 0, 0, 0, 0, 0],705.0470749739228,58445.79123614564,95781.2895945797,false
54,G4_BALANCED,G3_TWC,[31, 22, 42, 15, 26, 58, 95, 82, 77, 12, 47, 5, 93, 78, 98, 54, 85, 63, 18, 44, 20, 35, 43, 97, 91, 76, 10, 30, 21, 45, 71, 64, 1, 23, 17, 83, 24, 61, 60, 49, 6, 57, 94, 88, 65, 56, 79, 40, 67, 68, 46, 75, 38, 9, 19, 32, 81, 41, 27, 62, 87, 90, 99, 59, 53, 16, 72, 73, 70, 39, 37, 84, 3, 92, 25, 74, 28, 29, 51, 7, 11, 14, 86, 66, 89, 50, 48, 96, 33, 80, 4, 8, 34, 0, 55, 52, 13, 2, 69, 36]|[1, 1, 0, 1, 1, 1, 2, 1, 2, 1, 2, 2, 2, 1, 1, 0, 0, 1, 0, 2, 2, 0, 1, 2, 0, 1, 2, 2, 0, 0, 1, 2, 1, 0, 1, 0, 2, 0, 1, 1, 0, 1, 1, 1, 0, 2, 1, 1, 0, 0, 0, 0, 1, 1, 2, 1, 2, 0, 0, 0, 2, 1, 0, 1, 0, 1, 2, 1, 1, 1, 1, 1, 2, 0, 1, 2, 0, 0, 0, 1, 2, 1, 0, 2, 1, 0, 0, 2, 2, 0, 0, 1, 2, 0, 1, 1, 0, 0, 1, 0]|[4, 3, 2, 2, 0, 0, 2, 2, 2, 4, 1, 1, 2, 4, 4, 1, 1, 4, 2, 1, 1, 1, 1, 2, 1, 2, 1, 1, 1, 1, 3, 2, 3, 0, 4, 0, 1, 1, 0, 3, 2, 2, 4, 0, 1, 1, 3, 2, 0, 1, 2, 2, 1, 4, 0, 3, 2, 1, 1, 2, 1, 3, 1, 1, 2, 3, 0, 4, 3, 1, 4, 1, 1, 2, 4, 1, 2, 1, 1, 3, 1, 3, 1, 1, 1, 1, 1, 1, 1, 1, 2, 3, 1, 2, 4, 1, 2, 2, 3, 1]|[0, 2, 1, 1, 3, 3, 0, 1, 0, 0, 0, 0, 1, 0, 1, 0, 0, 3, 1, 0, 0, 0, 3, 1, 0, 2, 0, 0, 0, 1, 0, 0, 0, 0, 3, 0, 1, 0, 0, 2, 1, 1, 2, 0, 0, 0, 0, 1, 1, 0, 0, 0, 1, 3, 0, 0, 1, 0, 0, 1, 0, 2, 0, 1, 1, 2, 1, 0, 0, 1, 1, 3, 0, 1, 3, 0, 1, 0, 0, 2, 0, 0, 0, 0, 1, 0, 0, 0, 0, 0, 1, 2, 0, 0, 3, 1, 0, 0, 0, 1],776.8014574687213,57337.89426688731,87368.31945374951,true
54,G2_TEC,G2_TEC,[31, 94, 82, 15, 26, 9, 95, 42, 77, 68, 47, 5, 93, 78, 86, 54, 85, 63, 18, 44, 20, 49, 36, 14, 74, 50, 53, 17, 21, 28, 11, 64, 3, 23, 30, 83, 24, 41, 40, 52, 65, 27, 90, 70, 39, 87, 48, 69, 99, 4, 98, 1, 13, 56, 97, 59, 45, 8, 73, 37, 35, 79, 71, 66, 76, 32, 60, 80, 58, 6, 67, 61, 33, 7, 57, 34, 12, 16, 10, 22, 96, 88, 43, 81, 91, 2, 84, 29, 92, 19, 89, 55, 51, 46, 25, 75, 38, 72, 62, 0]|[2, 1, 2, 1, 1, 2, 1, 1, 1, 1, 1, 0, 2, 2, 1, 2, 0, 0, 0, 2, 2, 1, 0, 2, 0, 2, 2, 1, 0, 1, 1, 1, 0, 0, 1, 0, 2, 1, 2, 2, 0, 0, 1, 1, 0, 2, 0, 2, 1, 0, 2, 2, 0, 2, 2, 0, 1, 1, 0, 0, 2, 1, 1, 2, 2, 0, 2, 2, 2, 1, 2, 1, 1, 2, 0, 1, 1, 2, 1, 2, 0, 1, 1, 1, 1, 0, 0, 1, 0, 1, 1, 0, 1, 0, 1, 0, 0, 1, 1, 0]|[0, 3, 0, 3, 4, 1, 4, 4, 4, 4, 3, 2, 1, 0, 2, 1, 1, 1, 2, 1, 1, 3, 0, 1, 0, 1, 1, 4, 1, 4, 3, 2, 2, 0, 4, 1, 1, 4, 1, 1, 2, 1, 4, 4, 1, 1, 0, 1, 3, 2, 1, 1, 2, 1, 1, 2, 4, 3, 0, 2, 1, 3, 3, 1, 1, 2, 1, 1, 1, 4, 1, 3, 4, 1, 2, 4, 3, 1, 3, 1, 2, 4, 4, 4, 3, 2, 2, 3, 2, 4, 4, 2, 3, 2, 4, 2, 2, 4, 3, 2]|[0, 2, 0, 0, 3, 0, 1, 3, 1, 0, 2, 0, 1, 0, 1, 0, 0, 0, 1, 0, 0, 2, 0, 0, 1, 0, 0, 3, 0, 1, 0, 2, 0, 0, 3, 0, 1, 1, 0, 0, 0, 0, 1, 3, 0, 0, 1, 0, 2, 0, 0, 0, 0, 0, 1, 0, 1, 0, 1, 1, 0, 2, 0, 0, 0, 0, 0, 0, 0, 2, 0, 0, 1, 0, 0, 1, 0, 0, 3, 0, 0, 1, 2, 2, 0, 0, 0, 3, 0, 1, 1, 0, 0, 0, 3, 0, 0, 1, 0, 0],910.6016522559228,48441.78517559203,107030.90942221809,false
54,G3_TWC,G4_BALANCED,[31, 22, 42, 15, 26, 58, 95, 82, 77, 12, 47, 5, 93, 78, 98, 54, 85, 63, 18, 44, 20, 35, 43, 97, 91, 76, 10, 30, 21, 45, 71, 64, 1, 23, 17, 83, 24, 61, 60, 49, 6, 57, 94, 88, 65, 56, 79, 40, 67, 68, 46, 75, 38, 9, 19, 32, 81, 41, 27, 62, 87, 90, 99, 59, 53, 16, 72, 73, 70, 39, 37, 84, 3, 92, 25, 74, 28, 0, 51, 7, 11, 14, 86, 48, 89, 50, 66, 96, 33, 80, 4, 8, 55, 36, 29, 52, 13, 2, 69, 34]|[1, 1, 0, 1, 1, 1, 2, 1, 2, 1, 2, 2, 2, 1, 1, 0, 0, 1, 0, 2, 2, 0, 1, 2, 0, 1, 2, 2, 0, 0, 1, 2, 1, 0, 1, 0, 2, 0, 1, 1, 0, 1, 1, 1, 0, 2, 1, 1, 0, 0, 0, 0, 1, 1, 2, 1, 2, 0, 0, 0, 2, 1, 0, 1, 0, 1, 2, 1, 1, 1, 1, 1, 2, 0, 1, 2, 0, 0, 0, 1, 2, 1, 0, 0, 1, 0, 0, 2, 2, 0, 0, 1, 2, 0, 0, 1, 0, 0, 1, 2]|[4, 3, 2, 2, 0, 0, 2, 2, 2, 4, 1, 1, 2, 4, 4, 1, 1, 4, 2, 1, 1, 1, 1, 2, 1, 2, 1, 1, 1, 1, 3, 2, 3, 0, 4, 0, 1, 1, 0, 3, 2, 2, 4, 0, 1, 1, 3, 2, 0, 1, 2, 2, 1, 4, 0, 3, 2, 1, 1, 2, 1, 3, 1, 1, 2, 3, 0, 4, 3, 1, 4, 1, 1, 2, 4, 1, 2, 1, 1, 3, 1, 3, 1, 1, 1, 1, 1, 1, 1, 1, 2, 3, 1, 1, 2, 1, 2, 2, 3, 1]|[0, 2, 1, 1, 3, 3, 0, 1, 0, 0, 0, 0, 1, 0, 1, 0, 0, 3, 1, 0, 0, 0, 3, 1, 0, 2, 0, 0, 0, 1, 0, 0, 0, 0, 3, 0, 1, 0, 0, 2, 1, 1, 2, 0, 0, 0, 0, 1, 1, 0, 0, 0, 1, 3, 0, 0, 1, 0, 0, 1, 0, 2, 0, 1, 1, 2, 1, 0, 0, 1, 1, 3, 0, 1, 3, 0, 1, 0, 0, 2, 0, 0, 0, 0, 1, 0, 0, 0, 0, 0, 1, 2, 0, 1, 0, 1, 0, 0, 0, 0],787.7354273239397,57319.98389756265,87481.7179896983,true
54,G1_CMAX,G1_CMAX,[31, 22, 90, 26, 58, 95, 42, 12, 93, 5, 78, 86, 98, 18, 20, 35, 3, 97, 91, 76, 10, 85, 54, 45, 63, 71, 66, 1, 23, 17, 24, 60, 36, 6, 57, 15, 65, 56, 47, 79, 94, 67, 50, 46, 14, 75, 38, 9, 30, 19, 32, 81, 27, 92, 83, 87, 40, 99, 59, 11, 53, 16, 72, 77, 73, 70, 39, 37, 84, 43, 62, 25, 55, 28, 29, 51, 68, 82, 74, 61, 88, 21, 80, 89, 7, 69, 96, 41, 48, 4, 8, 34, 49, 52, 0, 44, 13, 2, 64, 33]|[1, 1, 1, 1, 0, 2, 1, 1, 2, 2, 2, 1, 0, 1, 2, 2, 1, 2, 0, 1, 2, 2, 2, 0, 0, 1, 2, 1, 2, 1, 2, 1, 1, 0, 1, 1, 0, 2, 2, 1, 1, 0, 0, 0, 0, 1, 1, 1, 1, 2, 1, 2, 2, 0, 0, 2, 1, 0, 0, 2, 0, 1, 2, 2, 1, 1, 1, 1, 1, 1, 0, 1, 1, 0, 0, 0, 0, 0, 2, 1, 1, 0, 0, 1, 1, 1, 2, 2, 0, 1, 1, 2, 0, 1, 0, 0, 0, 0, 2, 2]|[0, 4, 3, 0, 1, 1, 2, 4, 1, 1, 2, 4, 1, 4, 1, 1, 1, 2, 2, 2, 2, 1, 1, 1, 2, 3, 2, 3, 0, 4, 1, 0, 3, 2, 2, 2, 1, 1, 1, 0, 2, 0, 1, 2, 1, 3, 1, 4, 2, 0, 3, 2, 1, 2, 1, 1, 4, 1, 1, 1, 2, 3, 0, 2, 4, 3, 1, 4, 1, 1, 1, 4, 4, 2, 1, 1, 1, 2, 1, 3, 0, 1, 1, 1, 1, 3, 1, 1, 1, 4, 3, 1, 1, 1, 2, 2, 2, 2, 1, 1]|[3, 0, 2, 3, 0, 0, 1, 0, 0, 0, 1, 0, 0, 3, 0, 0, 1, 1, 1, 2, 1, 0, 0, 0, 0, 0, 0, 0, 0, 3, 1, 0, 2, 1, 1, 1, 0, 0, 0, 0, 1, 1, 0, 0, 0, 0, 1, 3, 2, 0, 0, 1, 0, 1, 0, 0, 2, 0, 0, 0, 1, 2, 1, 1, 0, 0, 1, 1, 3, 3, 0, 3, 3, 1, 0, 0, 0, 1, 0, 0, 0, 0, 0, 1, 2, 2, 0, 0, 0, 0, 2, 0, 1, 1, 0, 0, 0, 0, 0, 0],705.0470749739228,58445.79123614564,95781.2895945797,false
54,G4_BALANCED,G2_TEC,[31, 22, 82, 15, 26, 9, 95, 42, 77, 68, 47, 5, 93, 78, 86, 54, 85, 63, 18, 44, 20, 49, 36, 14, 74, 50, 53, 17, 21, 28, 11, 64, 3, 23, 30, 83, 24, 41, 40, 52, 65, 27, 90, 70, 39, 87, 48, 69, 99, 4, 75, 1, 13, 58, 97, 59, 45, 8, 73, 37, 35, 79, 71, 66, 76, 32, 60, 80, 56, 6, 67, 61, 33, 7, 57, 34, 12, 16, 10, 98, 96, 88, 43, 81, 91, 38, 84, 92, 29, 19, 51, 55, 46, 89, 2, 72, 94, 25, 62, 0]|[2, 1, 2, 1, 1, 0, 1, 1, 1, 1, 1, 0, 2, 2, 1, 2, 0, 0, 0, 2, 2, 1, 0, 2, 0, 2, 2, 1, 0, 1, 1, 1, 0, 0, 1, 0, 2, 1, 2, 2, 0, 0, 1, 1, 0, 2, 0, 2, 1, 0, 0, 2, 0, 2, 2, 0, 1, 1, 0, 0, 2, 1, 1, 2, 2, 0, 2, 2, 2, 1, 2, 1, 1, 2, 2, 1, 1, 2, 1, 2, 0, 1, 1, 1, 1, 0, 0, 0, 1, 1, 1, 0, 0, 1, 2, 1, 2, 1, 1, 0]|[0, 3, 0, 3, 4, 2, 4, 4, 2, 4, 3, 2, 1, 0, 2, 1, 1, 1, 2, 1, 1, 3, 0, 1, 0, 1, 1, 4, 1, 4, 3, 2, 2, 0, 4, 1, 1, 4, 1, 1, 2, 1, 4, 4, 1, 1, 0, 1, 3, 2, 2, 1, 2, 1, 1, 2, 4, 3, 0, 2, 2, 3, 3, 1, 1, 2, 1, 1, 1, 4, 1, 3, 4, 1, 2, 4, 3, 1, 3, 1, 2, 4, 4, 4, 3, 2, 2, 2, 3, 4, 3, 2, 2, 4, 1, 4, 1, 4, 3, 2]|[0, 2, 0, 0, 3, 0, 1, 3, 0, 0, 2, 0, 1, 0, 1, 0, 0, 0, 1, 0, 0, 2, 0, 0, 1, 0, 0, 3, 0, 1, 0, 2, 0, 0, 3, 0, 1, 1, 0, 0, 0, 0, 1, 3, 0, 0, 1, 0, 2, 0, 0, 0, 0, 0, 1, 0, 1, 0, 1, 1, 0, 2, 0, 0, 0, 0, 0, 0, 0, 2, 0, 0, 1, 0, 1, 1, 0, 0, 3, 0, 0, 1, 2, 2, 0, 0, 0, 0, 3, 1, 0, 0, 0, 1, 0, 1, 0, 3, 0, 0],870.0304869789887,49655.40903195209,102458.94298080857,true
54,G2_TEC,G2_TEC,[31, 94, 82, 15, 26, 9, 95, 42, 77, 68, 47, 5, 93, 78, 86, 54, 85, 63, 18, 44, 20, 49, 36, 14, 74, 50, 53, 17, 21, 28, 11, 64, 3, 23, 30, 83, 24, 41, 40, 52, 65, 27, 90, 70, 39, 87, 48, 69, 99, 4, 98, 1, 13, 56, 97, 59, 45, 8, 73, 37, 35, 79, 71, 66, 76, 32, 60, 80, 58, 6, 67, 61, 33, 7, 57, 34, 12, 16, 10, 22, 96, 88, 43, 81, 91, 2, 84, 29, 92, 19, 89, 55, 51, 46, 25, 75, 38, 72, 62, 0]|[2, 1, 2, 1, 1, 2, 1, 1, 1, 1, 1, 0, 2, 2, 1, 2, 0, 0, 0, 2, 2, 1, 0, 2, 0, 2, 2, 1, 0, 1, 1, 1, 0, 0, 1, 0, 2, 1, 2, 2, 0, 0, 1, 1, 0, 2, 0, 2, 1, 0, 2, 2, 0, 2, 2, 0, 1, 1, 0, 0, 2, 1, 1, 2, 2, 0, 2, 2, 2, 1, 2, 1, 1, 2, 0, 1, 1, 2, 1, 2, 0, 1, 1, 1, 1, 0, 0, 1, 0, 1, 1, 0, 1, 0, 1, 0, 0, 1, 1, 0]|[0, 3, 0, 3, 4, 1, 4, 4, 4, 4, 3, 2, 1, 0, 2, 1, 1, 1, 2, 1, 1, 3, 0, 1, 0, 1, 1, 4, 1, 4, 3, 2, 2, 0, 4, 1, 1, 4, 1, 1, 2, 1, 4, 4, 1, 1, 0, 1, 3, 2, 1, 1, 2, 1, 1, 2, 4, 3, 0, 2, 1, 3, 3, 1, 1, 2, 1, 1, 1, 4, 1, 3, 4, 1, 2, 4, 3, 1, 3, 1, 2, 4, 4, 4, 3, 2, 2, 3, 2, 4, 4, 2, 3, 2, 4, 2, 2, 4, 3, 2]|[0, 2, 0, 0, 3, 0, 1, 3, 1, 0, 2, 0, 1, 0, 1, 0, 0, 0, 1, 0, 0, 2, 0, 0, 1, 0, 0, 3, 0, 1, 0, 2, 0, 0, 3, 0, 1, 1, 0, 0, 0, 0, 1, 3, 0, 0, 1, 0, 2, 0, 0, 0, 0, 0, 1, 0, 1, 0, 1, 1, 0, 2, 0, 0, 0, 0, 0, 0, 0, 2, 0, 0, 1, 0, 0, 1, 0, 0, 3, 0, 0, 1, 2, 2, 0, 0, 0, 3, 0, 1, 1, 0, 0, 0, 3, 0, 0, 1, 0, 0],910.6016522559228,48441.78517559203,107030.90942221809,false
54,G3_TWC,G4_BALANCED,[31, 22, 42, 15, 26, 58, 95, 82, 77, 12, 47, 5, 93, 78, 98, 54, 85, 63, 18, 44, 20, 35, 43, 97, 91, 76, 10, 30, 21, 45, 71, 64, 1, 23, 17, 83, 24, 61, 60, 49, 6, 57, 94, 88, 65, 56, 79, 40, 67, 68, 46, 75, 38, 9, 19, 32, 81, 41, 27, 62, 87, 90, 99, 59, 53, 16, 72, 73, 70, 39, 37, 84, 3, 92, 25, 74, 28, 0, 51, 7, 11, 14, 86, 48, 89, 50, 66, 96, 33, 80, 4, 8, 55, 36, 29, 52, 13, 2, 69, 34]|[1, 1, 0, 1, 1, 1, 2, 1, 2, 1, 2, 2, 2, 1, 1, 0, 0, 1, 0, 2, 2, 0, 1, 2, 0, 1, 2, 2, 0, 0, 1, 2, 1, 0, 1, 0, 2, 0, 1, 1, 0, 1, 1, 1, 0, 2, 1, 1, 0, 0, 0, 0, 1, 1, 2, 1, 2, 0, 0, 0, 2, 1, 0, 1, 0, 1, 2, 1, 1, 1, 1, 1, 2, 0, 1, 2, 0, 0, 0, 1, 2, 1, 0, 0, 1, 0, 0, 2, 2, 0, 0, 1, 2, 0, 0, 1, 0, 0, 1, 2]|[4, 3, 2, 2, 0, 0, 2, 2, 2, 4, 1, 1, 2, 4, 4, 1, 1, 4, 2, 1, 1, 1, 1, 2, 1, 2, 1, 1, 1, 1, 3, 2, 3, 0, 4, 0, 1, 1, 0, 3, 2, 2, 4, 0, 1, 1, 3, 2, 0, 1, 2, 2, 1, 4, 0, 3, 2, 1, 1, 2, 1, 3, 1, 1, 2, 3, 0, 4, 3, 1, 4, 1, 1, 2, 4, 1, 2, 1, 1, 3, 1, 3, 1, 1, 1, 1, 1, 1, 1, 1, 2, 3, 1, 1, 2, 1, 2, 2, 3, 1]|[0, 2, 1, 1, 3, 3, 0, 1, 0, 0, 0, 0, 1, 0, 1, 0, 0, 3, 1, 0, 0, 0, 3, 1, 0, 2, 0, 0, 0, 1, 0, 0, 0, 0, 3, 0, 1, 0, 0, 2, 1, 1, 2, 0, 0, 0, 0, 1, 1, 0, 0, 0, 1, 3, 0, 0, 1, 0, 0, 1, 0, 2, 0, 1, 1, 2, 1, 0, 0, 1, 1, 3, 0, 1, 3, 0, 1, 0, 0, 2, 0, 0, 0, 0, 1, 0, 0, 0, 0, 0, 1, 2, 0, 1, 0, 1, 0, 0, 0, 0],787.7354273239397,57319.98389756265,87481.7179896983,true
54,G1_CMAX,G1_CMAX,[31, 22, 90, 26, 58, 95, 42, 12, 93, 5, 78, 86, 98, 18, 20, 35, 3, 97, 91, 76, 10, 85, 54, 45, 63, 71, 66, 1, 23, 17, 24, 60, 36, 6, 57, 15, 65, 56, 47, 79, 94, 67, 50, 46, 14, 75, 38, 9, 30, 19, 32, 81, 27, 92, 83, 87, 40, 99, 59, 11, 53, 16, 72, 77, 73, 70, 39, 37, 84, 43, 62, 25, 55, 28, 29, 51, 68, 82, 74, 61, 88, 21, 80, 89, 7, 69, 96, 41, 48, 4, 8, 34, 49, 52, 0, 44, 13, 2, 64, 33]|[1, 1, 1, 1, 0, 2, 1, 1, 2, 2, 2, 1, 0, 1, 2, 2, 1, 2, 0, 1, 2, 2, 2, 0, 0, 1, 2, 1, 2, 1, 2, 1, 1, 0, 1, 1, 0, 2, 2, 1, 1, 0, 0, 0, 0, 1, 1, 1, 1, 2, 1, 2, 2, 0, 0, 2, 1, 0, 0, 2, 0, 1, 2, 2, 1, 1, 1, 1, 1, 1, 0, 1, 1, 0, 0, 0, 0, 0, 2, 1, 1, 0, 0, 1, 1, 1, 2, 2, 0, 1, 1, 2, 0, 1, 0, 0, 0, 0, 2, 2]|[0, 4, 3, 0, 1, 1, 2, 4, 1, 1, 2, 4, 1, 4, 1, 1, 1, 2, 2, 2, 2, 1, 1, 1, 2, 3, 2, 3, 0, 4, 1, 0, 3, 2, 2, 2, 1, 1, 1, 0, 2, 0, 1, 2, 1, 3, 1, 4, 2, 0, 3, 2, 1, 2, 1, 1, 4, 1, 1, 1, 2, 3, 0, 2, 4, 3, 1, 4, 1, 1, 1, 4, 4, 2, 1, 1, 1, 2, 1, 3, 0, 1, 1, 1, 1, 3, 1, 1, 1, 4, 3, 1, 1, 1, 2, 2, 2, 2, 1, 1]|[3, 0, 2, 3, 0, 0, 1, 0, 0, 0, 1, 0, 0, 3, 0, 0, 1, 1, 1, 2, 1, 0, 0, 0, 0, 0, 0, 0, 0, 3, 1, 0, 2, 1, 1, 1, 0, 0, 0, 0, 1, 1, 0, 0, 0, 0, 1, 3, 2, 0, 0, 1, 0, 1, 0, 0, 2, 0, 0, 0, 1, 2, 1, 1, 0, 0, 1, 1, 3, 3, 0, 3, 3, 1, 0, 0, 0, 1, 0, 0, 0, 0, 0, 1, 2, 2, 0, 0, 0, 0, 2, 0, 1, 1, 0, 0, 0, 0, 0, 0],705.0470749739228,58445.79123614564,95781.2895945797,false
54,G4_BALANCED,G2_TEC,[31, 94, 82, 15, 26, 9, 95, 42, 77, 68, 47, 5, 93, 78, 86, 54, 85, 63, 18, 44, 20, 49, 36, 14, 74, 50, 35, 17, 21, 28, 11, 64, 3, 23, 30, 83, 24, 41, 40, 52, 65, 27, 90, 70, 39, 87, 48, 69, 99, 4, 46, 1, 13, 58, 97, 59, 45, 8, 73, 37, 53, 79, 71, 66, 76, 32, 60, 80, 56, 6, 67, 61, 33, 7, 57, 34, 12, 16, 10, 98, 96, 88, 43, 81, 91, 2, 84, 29, 92, 19, 51, 55, 89, 25, 75, 22, 72, 38, 62, 0]|[2, 1, 2, 1, 1, 2, 1, 1, 1, 1, 1, 0, 2, 2, 1, 2, 0, 0, 0, 2, 2, 1, 0, 2, 0, 2, 2, 1, 0, 1, 1, 1, 0, 0, 1, 0, 2, 1, 2, 2, 0, 0, 1, 1, 0, 2, 0, 2, 1, 0, 0, 2, 0, 2, 2, 0, 1, 1, 0, 0, 2, 1, 1, 2, 2, 0, 2, 2, 2, 1, 2, 1, 1, 2, 0, 1, 1, 2, 1, 2, 0, 1, 1, 1, 1, 0, 0, 1, 0, 1, 1, 0, 1, 1, 0, 2, 1, 0, 1, 0]|[0, 3, 0, 3, 4, 1, 4, 4, 4, 4, 3, 2, 1, 0, 2, 1, 1, 1, 2, 1, 1, 3, 0, 1, 0, 1, 1, 4, 1, 4, 3, 2, 2, 0, 4, 1, 1, 4, 1, 1, 2, 1, 4, 4, 1, 1, 0, 1, 3, 2, 2, 1, 2, 1, 1, 2, 4, 3, 0, 2, 1, 3, 3, 1, 1, 2, 1, 1, 1, 4, 1, 3, 4, 1, 2, 4, 3, 1, 3, 1, 2, 4, 4, 4, 3, 2, 2, 3, 2, 4, 3, 2, 4, 4, 2, 1, 4, 2, 3, 2]|[0, 2, 0, 0, 3, 0, 1, 3, 1, 0, 2, 0, 1, 0, 1, 0, 0, 0, 1, 0, 0, 2, 0, 0, 1, 0, 0, 3, 0, 1, 0, 2, 0, 0, 3, 0, 1, 1, 0, 0, 0, 0, 1, 3, 0, 0, 1, 0, 2, 0, 0, 0, 0, 0, 1, 0, 1, 0, 1, 1, 0, 2, 0, 0, 0, 0, 0, 0, 0, 2, 0, 0, 1, 0, 0, 1, 0, 0, 3, 0, 0, 1, 2, 2, 0, 0, 0, 3, 0, 1, 0, 0, 1, 3, 0, 0, 1, 0, 0, 0],910.6016522559228,48393.09540738622,107270.05403426125,true
54,G2_TEC,G2_TEC,[31, 94, 82, 15, 26, 9, 95, 42, 77, 68, 47, 5, 93, 78, 86, 54, 85, 63, 18, 44, 20, 49, 36, 14, 74, 50, 53, 17, 21, 28, 11, 64, 3, 23, 30, 83, 24, 41, 40, 52, 65, 27, 90, 70, 39, 87, 48, 69, 99, 4, 98, 1, 13, 56, 97, 59, 45, 8, 73, 37, 35, 79, 71, 66, 76, 32, 60, 80, 58, 6, 67, 61, 33, 7, 57, 34, 12, 16, 10, 22, 96, 88, 43, 81, 91, 2, 84, 29, 92, 19, 89, 55, 51, 46, 25, 75, 38, 72, 62, 0]|[2, 1, 2, 1, 1, 2, 1, 1, 1, 1, 1, 0, 2, 2, 1, 2, 0, 0, 0, 2, 2, 1, 0, 2, 0, 2, 2, 1, 0, 1, 1, 1, 0, 0, 1, 0, 2, 1, 2, 2, 0, 0, 1, 1, 0, 2, 0, 2, 1, 0, 2, 2, 0, 2, 2, 0, 1, 1, 0, 0, 2, 1, 1, 2, 2, 0, 2, 2, 2, 1, 2, 1, 1, 2, 0, 1, 1, 2, 1, 2, 0, 1, 1, 1, 1, 0, 0, 1, 0, 1, 1, 0, 1, 0, 1, 0, 0, 1, 1, 0]|[0, 3, 0, 3, 4, 1, 4, 4, 4, 4, 3, 2, 1, 0, 2, 1, 1, 1, 2, 1, 1, 3, 0, 1, 0, 1, 1, 4, 1, 4, 3, 2, 2, 0, 4, 1, 1, 4, 1, 1, 2, 1, 4, 4, 1, 1, 0, 1, 3, 2, 1, 1, 2, 1, 1, 2, 4, 3, 0, 2, 1, 3, 3, 1, 1, 2, 1, 1, 1, 4, 1, 3, 4, 1, 2, 4, 3, 1, 3, 1, 2, 4, 4, 4, 3, 2, 2, 3, 2, 4, 4, 2, 3, 2, 4, 2, 2, 4, 3, 2]|[0, 2, 0, 0, 3, 0, 1, 3, 1, 0, 2, 0, 1, 0, 1, 0, 0, 0, 1, 0, 0, 2, 0, 0, 1, 0, 0, 3, 0, 1, 0, 2, 0, 0, 3, 0, 1, 1, 0, 0, 0, 0, 1, 3, 0, 0, 1, 0, 2, 0, 0, 0, 0, 0, 1, 0, 1, 0, 1, 1, 0, 2, 0, 0, 0, 0, 0, 0, 0, 2, 0, 0, 1, 0, 0, 1, 0, 0, 3, 0, 0, 1, 2, 2, 0, 0, 0, 3, 0, 1, 1, 0, 0, 0, 3, 0, 0, 1, 0, 0],910.6016522559228,48441.78517559203,107030.90942221809,false
54,G3_TWC,G4_BALANCED,[31, 22, 42, 15, 26, 58, 95, 82, 77, 12, 47, 5, 93, 78, 98, 54, 85, 63, 18, 44, 20, 35, 43, 97, 91, 76, 10, 30, 21, 45, 71, 64, 1, 23, 17, 83, 24, 61, 60, 49, 6, 57, 94, 88, 65, 56, 79, 40, 67, 68, 46, 75, 38, 9, 19, 32, 81, 41, 27, 62, 87, 90, 99, 59, 53, 16, 72, 73, 70, 39, 37, 84, 3, 92, 25, 74, 28, 0, 51, 7, 11, 14, 86, 48, 89, 50, 66, 96, 33, 80, 4, 8, 55, 36, 29, 52, 13, 2, 69, 34]|[1, 1, 0, 1, 1, 1, 2, 1, 2, 1, 2, 2, 2, 1, 1, 0, 0, 1, 0, 2, 2, 0, 1, 2, 0, 1, 2, 2, 0, 0, 1, 2, 1, 0, 1, 0, 2, 0, 1, 1, 0, 1, 1, 1, 0, 2, 1, 1, 0, 0, 0, 0, 1, 1, 2, 1, 2, 0, 0, 0, 2, 1, 0, 1, 0, 1, 2, 1, 1, 1, 1, 1, 2, 0, 1, 2, 0, 0, 0, 1, 2, 1, 0, 0, 1, 0, 0, 2, 2, 0, 0, 1, 2, 0, 0, 1, 0, 0, 1, 2]|[4, 3, 2, 2, 0, 0, 2, 2, 2, 4, 1, 1, 2, 4, 4, 1, 1, 4, 2, 1, 1, 1, 1, 2, 1, 2, 1, 1, 1, 1, 3, 2, 3, 0, 4, 0, 1, 1, 0, 3, 2, 2, 4, 0, 1, 1, 3, 2, 0, 1, 2, 2, 1, 4, 0, 3, 2, 1, 1, 2, 1, 3, 1, 1, 2, 3, 0, 4, 3, 1, 4, 1, 1, 2, 4, 1, 2, 1, 1, 3, 1, 3, 1, 1, 1, 1, 1, 1, 1, 1, 2, 3, 1, 1, 2, 1, 2, 2, 3, 1]|[0, 2, 1, 1, 3, 3, 0, 1, 0, 0, 0, 0, 1, 0, 1, 0, 0, 3, 1, 0, 0, 0, 3, 1, 0, 2, 0, 0, 0, 1, 0, 0, 0, 0, 3, 0, 1, 0, 0, 2, 1, 1, 2, 0, 0, 0, 0, 1, 1, 0, 0, 0, 1, 3, 0, 0, 1, 0, 0, 1, 0, 2, 0, 1, 1, 2, 1, 0, 0, 1, 1, 3, 0, 1, 3, 0, 1, 0, 0, 2, 0, 0, 0, 0, 1, 0, 0, 0, 0, 0, 1, 2, 0, 1, 0, 1, 0, 0, 0, 0],787.7354273239397,57319.98389756265,87481.7179896983,true
54,G1_CMAX,G1_CMAX,[31, 22, 90, 26, 58, 95, 42, 12, 93, 5, 78, 86, 98, 18, 20, 35, 3, 97, 91, 76, 10, 85, 54, 45, 63, 71, 66, 1, 23, 17, 24, 60, 36, 6, 57, 15, 65, 56, 47, 79, 94, 67, 50, 46, 14, 75, 38, 9, 30, 19, 32, 81, 27, 92, 83, 87, 40, 99, 59, 11, 53, 16, 72, 77, 73, 70, 39, 37, 84, 43, 62, 25, 55, 28, 29, 51, 68, 82, 74, 61, 88, 21, 80, 89, 7, 69, 96, 41, 48, 4, 8, 34, 49, 52, 0, 44, 13, 2, 64, 33]|[1, 1, 1, 1, 0, 2, 1, 1, 2, 2, 2, 1, 0, 1, 2, 2, 1, 2, 0, 1, 2, 2, 2, 0, 0, 1, 2, 1, 2, 1, 2, 1, 1, 0, 1, 1, 0, 2, 2, 1, 1, 0, 0, 0, 0, 1, 1, 1, 1, 2, 1, 2, 2, 0, 0, 2, 1, 0, 0, 2, 0, 1, 2, 2, 1, 1, 1, 1, 1, 1, 0, 1, 1, 0, 0, 0, 0, 0, 2, 1, 1, 0, 0, 1, 1, 1, 2, 2, 0, 1, 1, 2, 0, 1, 0, 0, 0, 0, 2, 2]|[0, 4, 3, 0, 1, 1, 2, 4, 1, 1, 2, 4, 1, 4, 1, 1, 1, 2, 2, 2, 2, 1, 1, 1, 2, 3, 2, 3, 0, 4, 1, 0, 3, 2, 2, 2, 1, 1, 1, 0, 2, 0, 1, 2, 1, 3, 1, 4, 2, 0, 3, 2, 1, 2, 1, 1, 4, 1, 1, 1, 2, 3, 0, 2, 4, 3, 1, 4, 1, 1, 1, 4, 4, 2, 1, 1, 1, 2, 1, 3, 0, 1, 1, 1, 1, 3, 1, 1, 1, 4, 3, 1, 1, 1, 2, 2, 2, 2, 1, 1]|[3, 0, 2, 3, 0, 0, 1, 0, 0, 0, 1, 0, 0, 3, 0, 0, 1, 1, 1, 2, 1, 0, 0, 0, 0, 0, 0, 0, 0, 3, 1, 0, 2, 1, 1, 1, 0, 0, 0, 0, 1, 1, 0, 0, 0, 0, 1, 3, 2, 0, 0, 1, 0, 1, 0, 0, 2, 0, 0, 0, 1, 2, 1, 1, 0, 0, 1, 1, 3, 3, 0, 3, 3, 1, 0, 0, 0, 1, 0, 0, 0, 0, 0, 1, 2, 2, 0, 0, 0, 0, 2, 0, 1, 1, 0, 0, 0, 0, 0, 0],705.0470749739228,58445.79123614564,95781.2895945797,false
54,G4_BALANCED,G3_TWC,[31, 22, 42, 15, 26, 58, 95, 82, 77, 12, 47, 5, 93, 78, 98, 54, 85, 63, 18, 44, 20, 35, 43, 97, 91, 76, 10, 30, 21, 45, 71, 64, 1, 23, 17, 83, 24, 61, 60, 36, 6, 57, 94, 88, 65, 56, 79, 40, 67, 68, 46, 75, 38, 9, 19, 32, 81, 41, 27, 62, 87, 90, 99, 59, 11, 16, 72, 73, 70, 39, 37, 84, 3, 92, 25, 74, 28, 29, 51, 7, 80, 14, 86, 48, 89, 50, 66, 96, 53, 33, 8, 4, 55, 49, 0, 52, 13, 2, 69, 34]|[1, 1, 0, 1, 1, 1, 2, 1, 2, 1, 2, 2, 2, 1, 1, 0, 0, 1, 0, 2, 2, 0, 1, 2, 0, 1, 2, 2, 0, 0, 1, 2, 1, 2, 1, 0, 2, 0, 1, 1, 0, 1, 1, 1, 0, 2, 1, 1, 0, 0, 0, 0, 1, 1, 2, 1, 2, 2, 0, 0, 2, 1, 0, 1, 2, 1, 2, 1, 1, 1, 1, 1, 2, 0, 1, 2, 0, 0, 0, 1, 2, 1, 0, 0, 1, 0, 2, 0, 2, 0, 1, 0, 2, 0, 0, 1, 0, 0, 1, 2]|[4, 3, 2, 2, 0, 0, 2, 2, 2, 4, 1, 1, 2, 4, 4, 1, 1, 4, 2, 1, 1, 1, 1, 2, 1, 2, 1, 1, 1, 1, 3, 2, 3, 0, 4, 0, 1, 1, 0, 3, 2, 2, 4, 0, 1, 1, 0, 2, 0, 1, 2, 2, 1, 4, 0, 3, 2, 1, 1, 2, 1, 3, 1, 1, 1, 3, 0, 4, 3, 1, 4, 1, 1, 2, 4, 1, 2, 1, 1, 3, 1, 3, 1, 1, 1, 1, 1, 1, 1, 1, 3, 2, 1, 1, 2, 1, 2, 2, 3, 1]|[0, 2, 1, 1, 3, 3, 0, 1, 0, 0, 0, 0, 1, 0, 1, 0, 0, 3, 1, 0, 0, 0, 3, 1, 0, 2, 0, 0, 0, 1, 0, 0, 0, 0, 3, 0, 1, 0, 0, 2, 1, 1, 2, 0, 0, 0, 0, 1, 1, 0, 0, 0, 1, 3, 0, 0, 1, 0, 0, 1, 0, 2, 0, 1, 0, 2, 1, 0, 0, 1, 1, 3, 0, 1, 3, 0, 1, 0, 0, 2, 0, 0, 0, 0, 1, 0, 0, 0, 0, 0, 2, 1, 0, 1, 0, 1, 0, 0, 0, 0],756.0111644261104,56858.12558468148,91083.60794261533,true
54,G2_TEC,G2_TEC,[31, 94, 82, 15, 26, 9, 95, 42, 77, 68, 47, 5, 93, 78, 86, 54, 85, 63, 18, 44, 20, 49, 36, 14, 74, 50, 53, 17, 21, 28, 11, 64, 3, 23, 30, 83, 24, 41, 40, 52, 65, 27, 90, 70, 39, 87, 48, 69, 99, 4, 98, 1, 13, 56, 97, 59, 45, 8, 73, 37, 35, 79, 71, 66, 76, 32, 60, 80, 58, 6, 67, 61, 33, 7, 57, 34, 12, 16, 10, 22, 96, 88, 43, 81, 91, 2, 84, 29, 92, 19, 89, 55, 51, 46, 25, 75, 38, 72, 62, 0]|[2, 1, 2, 1, 1, 2, 1, 1, 1, 1, 1, 0, 2, 2, 1, 2, 0, 0, 0, 2, 2, 1, 0, 2, 0, 2, 2, 1, 0, 1, 1, 1, 0, 0, 1, 0, 2, 1, 2, 2, 0, 0, 1, 1, 0, 2, 0, 2, 1, 0, 2, 2, 0, 2, 2, 0, 1, 1, 0, 0, 2, 1, 1, 2, 2, 0, 2, 2, 2, 1, 2, 1, 1, 2, 0, 1, 1, 2, 1, 2, 0, 1, 1, 1, 1, 0, 0, 1, 0, 1, 1, 0, 1, 0, 1, 0, 0, 1, 1, 0]|[0, 3, 0, 3, 4, 1, 4, 4, 4, 4, 3, 2, 1, 0, 2, 1, 1, 1, 2, 1, 1, 3, 0, 1, 0, 1, 1, 4, 1, 4, 3, 2, 2, 0, 4, 1, 1, 4, 1, 1, 2, 1, 4, 4, 1, 1, 0, 1, 3, 2, 1, 1, 2, 1, 1, 2, 4, 3, 0, 2, 1, 3, 3, 1, 1, 2, 1, 1, 1, 4, 1, 3, 4, 1, 2, 4, 3, 1, 3, 1, 2, 4, 4, 4, 3, 2, 2, 3, 2, 4, 4, 2, 3, 2, 4, 2, 2, 4, 3, 2]|[0, 2, 0, 0, 3, 0, 1, 3, 1, 0, 2, 0, 1, 0, 1, 0, 0, 0, 1, 0, 0, 2, 0, 0, 1, 0, 0, 3, 0, 1, 0, 2, 0, 0, 3, 0, 1, 1, 0, 0, 0, 0, 1, 3, 0, 0, 1, 0, 2, 0, 0, 0, 0, 0, 1, 0, 1, 0, 1, 1, 0, 2, 0, 0, 0, 0, 0, 0, 0, 2, 0, 0, 1, 0, 0, 1, 0, 0, 3, 0, 0, 1, 2, 2, 0, 0, 0, 3, 0, 1, 1, 0, 0, 0, 3, 0, 0, 1, 0, 0],910.6016522559228,48441.78517559203,107030.90942221809,false
54,G3_TWC,G4_BALANCED,[31, 22, 42, 15, 26, 58, 95, 82, 77, 12, 47, 5, 93, 78, 98, 54, 85, 63, 18, 44, 20, 35, 43, 97, 91, 76, 10, 30, 21, 45, 71, 64, 1, 23, 17, 83, 24, 61, 60, 49, 6, 57, 94, 88, 65, 56, 79, 40, 67, 68, 46, 75, 38, 9, 19, 32, 81, 41, 27, 62, 87, 90, 99, 59, 53, 16, 72, 73, 70, 39, 37, 84, 3, 92, 25, 74, 28, 0, 51, 7, 11, 14, 86, 48, 89, 50, 66, 96, 33, 80, 4, 8, 55, 36, 29, 52, 13, 2, 69, 34]|[1, 1, 0, 1, 1, 1, 2, 1, 2, 1, 2, 2, 2, 1, 1, 0, 0, 1, 0, 2, 2, 0, 1, 2, 0, 1, 2, 2, 0, 0, 1, 2, 1, 0, 1, 0, 2, 0, 1, 1, 0, 1, 1, 1, 0, 2, 1, 1, 0, 0, 0, 0, 1, 1, 2, 1, 2, 0, 0, 0, 2, 1, 0, 1, 0, 1, 2, 1, 1, 1, 1, 1, 2, 0, 1, 2, 0, 0, 0, 1, 2, 1, 0, 0, 1, 0, 0, 2, 2, 0, 0, 1, 2, 0, 0, 1, 0, 0, 1, 2]|[4, 3, 2, 2, 0, 0, 2, 2, 2, 4, 1, 1, 2, 4, 4, 1, 1, 4, 2, 1, 1, 1, 1, 2, 1, 2, 1, 1, 1, 1, 3, 2, 3, 0, 4, 0, 1, 1, 0, 3, 2, 2, 4, 0, 1, 1, 3, 2, 0, 1, 2, 2, 1, 4, 0, 3, 2, 1, 1, 2, 1, 3, 1, 1, 2, 3, 0, 4, 3, 1, 4, 1, 1, 2, 4, 1, 2, 1, 1, 3, 1, 3, 1, 1, 1, 1, 1, 1, 1, 1, 2, 3, 1, 1, 2, 1, 2, 2, 3, 1]|[0, 2, 1, 1, 3, 3, 0, 1, 0, 0, 0, 0, 1, 0, 1, 0, 0, 3, 1, 0, 0, 0, 3, 1, 0, 2, 0, 0, 0, 1, 0, 0, 0, 0, 3, 0, 1, 0, 0, 2, 1, 1, 2, 0, 0, 0, 0, 1, 1, 0, 0, 0, 1, 3, 0, 0, 1, 0, 0, 1, 0, 2, 0, 1, 1, 2, 1, 0, 0, 1, 1, 3, 0, 1, 3, 0, 1, 0, 0, 2, 0, 0, 0, 0, 1, 0, 0, 0, 0, 0, 1, 2, 0, 1, 0, 1, 0, 0, 0, 0],787.7354273239397,57319.98389756265,87481.7179896983,true
54,G1_CMAX,G1_CMAX,[31, 22, 90, 26, 58, 95, 42, 12, 93, 5, 78, 86, 98, 18, 20, 35, 3, 97, 91, 76, 10, 85, 54, 45, 63, 71, 66, 1, 23, 17, 24, 60, 36, 6, 57, 15, 65, 56, 47, 79, 94, 67, 50, 46, 14, 75, 38, 9, 30, 19, 32, 81, 27, 92, 83, 87, 40, 99, 59, 11, 53, 16, 72, 77, 73, 70, 39, 37, 84, 43, 62, 25, 55, 28, 29, 51, 68, 82, 74, 61, 88, 21, 80, 89, 7, 69, 96, 41, 48, 4, 8, 34, 49, 52, 0, 44, 13, 2, 64, 33]|[1, 1, 1, 1, 0, 2, 1, 1, 2, 2, 2, 1, 0, 1, 2, 2, 1, 2, 0, 1, 2, 2, 2, 0, 0, 1, 2, 1, 2, 1, 2, 1, 1, 0, 1, 1, 0, 2, 2, 1, 1, 0, 0, 0, 0, 1, 1, 1, 1, 2, 1, 2, 2, 0, 0, 2, 1, 0, 0, 2, 0, 1, 2, 2, 1, 1, 1, 1, 1, 1, 0, 1, 1, 0, 0, 0, 0, 0, 2, 1, 1, 0, 0, 1, 1, 1, 2, 2, 0, 1, 1, 2, 0, 1, 0, 0, 0, 0, 2, 2]|[0, 4, 3, 0, 1, 1, 2, 4, 1, 1, 2, 4, 1, 4, 1, 1, 1, 2, 2, 2, 2, 1, 1, 1, 2, 3, 2, 3, 0, 4, 1, 0, 3, 2, 2, 2, 1, 1, 1, 0, 2, 0, 1, 2, 1, 3, 1, 4, 2, 0, 3, 2, 1, 2, 1, 1, 4, 1, 1, 1, 2, 3, 0, 2, 4, 3, 1, 4, 1, 1, 1, 4, 4, 2, 1, 1, 1, 2, 1, 3, 0, 1, 1, 1, 1, 3, 1, 1, 1, 4, 3, 1, 1, 1, 2, 2, 2, 2, 1, 1]|[3, 0, 2, 3, 0, 0, 1, 0, 0, 0, 1, 0, 0, 3, 0, 0, 1, 1, 1, 2, 1, 0, 0, 0, 0, 0, 0, 0, 0, 3, 1, 0, 2, 1, 1, 1, 0, 0, 0, 0, 1, 1, 0, 0, 0, 0, 1, 3, 2, 0, 0, 1, 0, 1, 0, 0, 2, 0, 0, 0, 1, 2, 1, 1, 0, 0, 1, 1, 3, 3, 0, 3, 3, 1, 0, 0, 0, 1, 0, 0, 0, 0, 0, 1, 2, 2, 0, 0, 0, 0, 2, 0, 1, 1, 0, 0, 0, 0, 0, 0],705.0470749739228,58445.79123614564,95781.2895945797,false
54,G4_BALANCED,G4_BALANCED,[31, 11, 15, 82, 26, 9, 95, 32, 77, 68, 47, 5, 93, 78, 86, 54, 85, 63, 18, 44, 20, 49, 36, 14, 74, 50, 53, 17, 21, 45, 71, 64, 3, 23, 30, 83, 24, 41, 60, 52, 65, 27, 90, 70, 39, 87, 48, 69, 99, 4, 46, 1, 13, 58, 97, 59, 28, 75, 73, 37, 35, 79, 22, 66, 76, 42, 40, 80, 96, 6, 16, 61, 33, 7, 57, 34, 12, 67, 10, 98, 56, 88, 29, 94, 91, 38, 51, 92, 43, 84, 19, 72, 81, 25, 0, 55, 62, 89, 8, 2]|[2, 1, 1, 2, 1, 2, 1, 1, 1, 1, 1, 0, 2, 2, 1, 2, 0, 0, 0, 2, 2, 1, 0, 2, 0, 2, 2, 1, 0, 1, 1, 1, 0, 0, 1, 0, 2, 1, 2, 2, 0, 0, 1, 1, 0, 2, 0, 2, 1, 0, 0, 2, 0, 0, 2, 0, 1, 0, 0, 0, 2, 1, 0, 2, 2, 0, 2, 2, 0, 1, 2, 1, 1, 2, 0, 1, 1, 1, 1, 2, 2, 1, 1, 2, 1, 0, 1, 0, 1, 0, 1, 1, 1, 1, 0, 0, 1, 1, 1, 2]|[0, 3, 2, 0, 4, 1, 4, 4, 2, 4, 3, 2, 1, 0, 2, 1, 1, 1, 2, 1, 1, 3, 0, 1, 0, 1, 1, 4, 1, 4, 3, 2, 2, 0, 4, 1, 1, 4, 0, 1, 2, 1, 4, 4, 1, 1, 0, 2, 3, 1, 2, 1, 2, 1, 1, 2, 4, 2, 0, 2, 2, 3, 1, 0, 1, 2, 0, 1, 2, 4, 1, 3, 4, 1, 2, 4, 3, 3, 3, 1, 1, 4, 3, 1, 3, 2, 3, 2, 4, 2, 4, 4, 1, 4, 2, 2, 3, 4, 3, 1]|[0, 2, 1, 0, 3, 0, 1, 3, 0, 0, 2, 0, 1, 0, 1, 0, 0, 0, 1, 0, 0, 2, 0, 0, 1, 0, 0, 3, 0, 1, 0, 2, 0, 1, 3, 0, 1, 3, 1, 0, 0, 0, 1, 3, 0, 0, 1, 0, 2, 0, 0, 0, 0, 0, 1, 0, 1, 0, 1, 1, 0, 2, 0, 0, 0, 0, 0, 0, 0, 2, 0, 0, 1, 0, 0, 1, 0, 0, 3, 0, 0, 1, 0, 0, 0, 0, 0, 0, 2, 0, 3, 2, 1, 3, 0, 0, 0, 1, 0, 0],838.0858887121581,52145.01293281826,108083.60693758915,false
54,G2_TEC,G2_TEC,[31, 94, 82, 15, 26, 9, 95, 42, 77, 68, 47, 5, 93, 78, 86, 54, 85, 63, 18, 44, 20, 49, 36, 14, 74, 50, 53, 17, 21, 28, 11, 64, 3, 23, 30, 83, 24, 41, 40, 52, 65, 27, 90, 70, 39, 87, 48, 69, 99, 4, 98, 1, 13, 56, 97, 59, 45, 8, 73, 37, 35, 79, 71, 66, 76, 32, 60, 80, 58, 6, 67, 61, 33, 7, 57, 34, 12, 16, 10, 22, 96, 88, 43, 81, 91, 2, 84, 29, 92, 19, 89, 55, 51, 46, 25, 75, 38, 72, 62, 0]|[2, 1, 2, 1, 1, 2, 1, 1, 1, 1, 1, 0, 2, 2, 1, 2, 0, 0, 0, 2, 2, 1, 0, 2, 0, 2, 2, 1, 0, 1, 1, 1, 0, 0, 1, 0, 2, 1, 2, 2, 0, 0, 1, 1, 0, 2, 0, 2, 1, 0, 2, 2, 0, 2, 2, 0, 1, 1, 0, 0, 2, 1, 1, 2, 2, 0, 2, 2, 2, 1, 2, 1, 1, 2, 0, 1, 1, 2, 1, 2, 0, 1, 1, 1, 1, 0, 0, 1, 0, 1, 1, 0, 1, 0, 1, 0, 0, 1, 1, 0]|[0, 3, 0, 3, 4, 1, 4, 4, 4, 4, 3, 2, 1, 0, 2, 1, 1, 1, 2, 1, 1, 3, 0, 1, 0, 1, 1, 4, 1, 4, 3, 2, 2, 0, 4, 1, 1, 4, 1, 1, 2, 1, 4, 4, 1, 1, 0, 1, 3, 2, 1, 1, 2, 1, 1, 2, 4, 3, 0, 2, 1, 3, 3, 1, 1, 2, 1, 1, 1, 4, 1, 3, 4, 1, 2, 4, 3, 1, 3, 1, 2, 4, 4, 4, 3, 2, 2, 3, 2, 4, 4, 2, 3, 2, 4, 2, 2, 4, 3, 2]|[0, 2, 0, 0, 3, 0, 1, 3, 1, 0, 2, 0, 1, 0, 1, 0, 0, 0, 1, 0, 0, 2, 0, 0, 1, 0, 0, 3, 0, 1, 0, 2, 0, 0, 3, 0, 1, 1, 0, 0, 0, 0, 1, 3, 0, 0, 1, 0, 2, 0, 0, 0, 0, 0, 1, 0, 1, 0, 1, 1, 0, 2, 0, 0, 0, 0, 0, 0, 0, 2, 0, 0, 1, 0, 0, 1, 0, 0, 3, 0, 0, 1, 2, 2, 0, 0, 0, 3, 0, 1, 1, 0, 0, 0, 3, 0, 0, 1, 0, 0],910.6016522559228,48441.78517559203,107030.90942221809,false
54,G3_TWC,G4_BALANCED,[31, 22, 42, 15, 26, 58, 95, 82, 77, 12, 47, 5, 93, 78, 98, 54, 85, 63, 18, 44, 20, 35, 43, 97, 91, 76, 10, 30, 21, 45, 71, 64, 1, 23, 17, 83, 24, 61, 60, 49, 6, 57, 94, 88, 65, 56, 79, 40, 67, 68, 46, 75, 38, 9, 19, 32, 81, 41, 27, 62, 87, 90, 99, 59, 53, 16, 72, 73, 70, 39, 37, 84, 3, 92, 25, 74, 28, 0, 51, 7, 11, 14, 86, 48, 89, 50, 66, 96, 33, 80, 4, 8, 55, 36, 29, 52, 13, 2, 69, 34]|[1, 1, 0, 1, 1, 1, 2, 1, 2, 1, 2, 2, 2, 1, 1, 0, 0, 1, 0, 2, 2, 0, 1, 2, 0, 1, 2, 2, 0, 0, 1, 2, 1, 0, 1, 0, 2, 0, 1, 1, 0, 1, 1, 1, 0, 2, 1, 1, 0, 0, 0, 0, 1, 1, 2, 1, 2, 0, 0, 0, 2, 1, 0, 1, 0, 1, 2, 1, 1, 1, 1, 1, 2, 0, 1, 2, 0, 0, 0, 1, 2, 1, 0, 0, 1, 0, 0, 2, 2, 0, 0, 1, 2, 0, 0, 1, 0, 0, 1, 2]|[4, 3, 2, 2, 0, 0, 2, 2, 2, 4, 1, 1, 2, 4, 4, 1, 1, 4, 2, 1, 1, 1, 1, 2, 1, 2, 1, 1, 1, 1, 3, 2, 3, 0, 4, 0, 1, 1, 0, 3, 2, 2, 4, 0, 1, 1, 3, 2, 0, 1, 2, 2, 1, 4, 0, 3, 2, 1, 1, 2, 1, 3, 1, 1, 2, 3, 0, 4, 3, 1, 4, 1, 1, 2, 4, 1, 2, 1, 1, 3, 1, 3, 1, 1, 1, 1, 1, 1, 1, 1, 2, 3, 1, 1, 2, 1, 2, 2, 3, 1]|[0, 2, 1, 1, 3, 3, 0, 1, 0, 0, 0, 0, 1, 0, 1, 0, 0, 3, 1, 0, 0, 0, 3, 1, 0, 2, 0, 0, 0, 1, 0, 0, 0, 0, 3, 0, 1, 0, 0, 2, 1, 1, 2, 0, 0, 0, 0, 1, 1, 0, 0, 0, 1, 3, 0, 0, 1, 0, 0, 1, 0, 2, 0, 1, 1, 2, 1, 0, 0, 1, 1, 3, 0, 1, 3, 0, 1, 0, 0, 2, 0, 0, 0, 0, 1, 0, 0, 0, 0, 0, 1, 2, 0, 1, 0, 1, 0, 0, 0, 0],787.7354273239397,57319.98389756265,87481.7179896983,true
54,G1_CMAX,G1_CMAX,[31, 22, 90, 26, 58, 95, 42, 12, 93, 5, 78, 86, 98, 18, 20, 35, 3, 97, 91, 76, 10, 85, 54, 45, 63, 71, 66, 1, 23, 17, 24, 60, 36, 6, 57, 15, 65, 56, 47, 79, 94, 67, 50, 46, 14, 75, 38, 9, 30, 19, 32, 81, 27, 92, 83, 87, 40, 99, 59, 11, 53, 16, 72, 77, 73, 70, 39, 37, 84, 43, 62, 25, 55, 28, 29, 51, 68, 82, 74, 61, 88, 21, 80, 89, 7, 69, 96, 41, 48, 4, 8, 34, 49, 52, 0, 44, 13, 2, 64, 33]|[1, 1, 1, 1, 0, 2, 1, 1, 2, 2, 2, 1, 0, 1, 2, 2, 1, 2, 0, 1, 2, 2, 2, 0, 0, 1, 2, 1, 2, 1, 2, 1, 1, 0, 1, 1, 0, 2, 2, 1, 1, 0, 0, 0, 0, 1, 1, 1, 1, 2, 1, 2, 2, 0, 0, 2, 1, 0, 0, 2, 0, 1, 2, 2, 1, 1, 1, 1, 1, 1, 0, 1, 1, 0, 0, 0, 0, 0, 2, 1, 1, 0, 0, 1, 1, 1, 2, 2, 0, 1, 1, 2, 0, 1, 0, 0, 0, 0, 2, 2]|[0, 4, 3, 0, 1, 1, 2, 4, 1, 1, 2, 4, 1, 4, 1, 1, 1, 2, 2, 2, 2, 1, 1, 1, 2, 3, 2, 3, 0, 4, 1, 0, 3, 2, 2, 2, 1, 1, 1, 0, 2, 0, 1, 2, 1, 3, 1, 4, 2, 0, 3, 2, 1, 2, 1, 1, 4, 1, 1, 1, 2, 3, 0, 2, 4, 3, 1, 4, 1, 1, 1, 4, 4, 2, 1, 1, 1, 2, 1, 3, 0, 1, 1, 1, 1, 3, 1, 1, 1, 4, 3, 1, 1, 1, 2, 2, 2, 2, 1, 1]|[3, 0, 2, 3, 0, 0, 1, 0, 0, 0, 1, 0, 0, 3, 0, 0, 1, 1, 1, 2, 1, 0, 0, 0, 0, 0, 0, 0, 0, 3, 1, 0, 2, 1, 1, 1, 0, 0, 0, 0, 1, 1, 0, 0, 0, 0, 1, 3, 2, 0, 0, 1, 0, 1, 0, 0, 2, 0, 0, 0, 1, 2, 1, 1, 0, 0, 1, 1, 3, 3, 0, 3, 3, 1, 0, 0, 0, 1, 0, 0, 0, 0, 0, 1, 2, 2, 0, 0, 0, 0, 2, 0, 1, 1, 0, 0, 0, 0, 0, 0],705.0470749739228,58445.79123614564,95781.2895945797,false
54,G4_BALANCED,G4_BALANCED,[31, 11, 15, 82, 26, 9, 95, 32, 77, 68, 47, 5, 93, 78, 86, 54, 85, 63, 18, 44, 20, 49, 36, 14, 74, 50, 53, 17, 21, 45, 71, 64, 3, 23, 30, 83, 24, 41, 60, 52, 51, 27, 90, 70, 39, 87, 48, 69, 99, 4, 46, 1, 13, 58, 97, 59, 28, 8, 73, 37, 35, 79, 22, 66, 76, 42, 40, 80, 96, 6, 16, 61, 33, 7, 57, 34, 12, 67, 10, 98, 56, 88, 29, 25, 91, 38, 19, 92, 43, 84, 65, 72, 81, 75, 2, 55, 62, 89, 94, 0]|[2, 1, 1, 2, 1, 2, 1, 1, 1, 1, 1, 0, 2, 2, 1, 2, 0, 0, 0, 2, 2, 1, 0, 2, 0, 2, 2, 1, 0, 1, 1, 1, 0, 0, 1, 0, 2, 1, 2, 2, 0, 0, 1, 1, 0, 2, 0, 2, 1, 0, 0, 2, 0, 0, 2, 0, 1, 1, 0, 0, 2, 1, 1, 2, 2, 0, 2, 2, 0, 1, 2, 1, 1, 2, 0, 1, 2, 1, 1, 2, 2, 1, 1, 1, 1, 0, 1, 0, 1, 0, 1, 1, 1, 0, 2, 0, 1, 1, 2, 0]|[1, 3, 2, 0, 4, 1, 4, 4, 2, 4, 3, 2, 1, 0, 2, 1, 1, 1, 2, 1, 1, 3, 0, 1, 0, 1, 1, 4, 1, 4, 3, 2, 2, 0, 4, 1, 1, 4, 0, 1, 2, 1, 4, 4, 1, 1, 0, 2, 3, 1, 2, 1, 2, 1, 1, 2, 4, 3, 0, 2, 2, 3, 3, 0, 1, 2, 0, 1, 2, 4, 1, 3, 4, 1, 2, 4, 1, 3, 3, 1, 1, 4, 3, 4, 3, 2, 4, 2, 4, 2, 3, 4, 1, 2, 1, 2, 3, 4, 1, 2]|[1, 2, 1, 0, 3, 0, 1, 3, 0, 0, 2, 0, 1, 0, 1, 0, 0, 0, 1, 0, 0, 2, 0, 0, 1, 0, 0, 3, 0, 1, 0, 2, 0, 1, 3, 0, 1, 3, 1, 0, 0, 0, 1, 3, 0, 0, 1, 0, 2, 0, 0, 0, 0, 0, 1, 0, 1, 0, 1, 1, 0, 2, 2, 0, 0, 0, 1, 0, 0, 2, 0, 0, 1, 0, 0, 1, 0, 0, 3, 0, 0, 1, 0, 3, 0, 0, 1, 0, 2, 0, 0, 2, 1, 0, 0, 0, 0, 1, 0, 0],850.9632869082183,52431.02217786142,105346.60403335126,false
54,G2_TEC,G1_CMAX,[31, 22, 42, 15, 26, 58, 95, 82, 77, 12, 47, 5, 93, 78, 98, 54, 85, 63, 18, 96, 20, 35, 43, 97, 91, 76, 10, 30, 21, 45, 71, 64, 1, 23, 17, 83, 24, 14, 60, 36, 6, 57, 94, 88, 65, 56, 79, 40, 67, 68, 46, 75, 38, 9, 19, 32, 81, 41, 27, 62, 87, 90, 99, 59, 11, 16, 72, 73, 70, 39, 37, 84, 3, 92, 25, 74, 28, 29, 51, 7, 53, 61, 86, 48, 89, 50, 66, 44, 33, 80, 4, 2, 55, 49, 0, 52, 13, 8, 69, 34]|[1, 1, 0, 1, 1, 1, 2, 1, 2, 1, 2, 2, 2, 1, 1, 0, 0, 1, 0, 2, 2, 0, 1, 2, 0, 1, 2, 2, 0, 0, 1, 2, 1, 2, 1, 0, 2, 0, 1, 1, 0, 1, 1, 1, 0, 2, 1, 1, 0, 0, 0, 0, 1, 1, 2, 1, 2, 0, 0, 0, 2, 1, 0, 1, 2, 1, 2, 1, 1, 1, 1, 1, 2, 0, 1, 2, 2, 0, 0, 1, 0, 1, 0, 0, 1, 0, 2, 2, 2, 0, 0, 0, 1, 0, 0, 1, 0, 1, 1, 2]|[4, 3, 2, 2, 0, 0, 2, 2, 2, 4, 1, 1, 2, 4, 4, 1, 1, 4, 2, 1, 1, 1, 1, 2, 1, 2, 1, 1, 1, 1, 3, 2, 3, 0, 4, 0, 1, 1, 0, 3, 2, 2, 4, 0, 1, 1, 3, 2, 0, 1, 2, 2, 1, 4, 0, 3, 2, 1, 1, 2, 1, 3, 1, 1, 1, 3, 0, 4, 3, 1, 4, 1, 1, 2, 4, 1, 1, 1, 1, 3, 2, 3, 1, 1, 1, 1, 1, 1, 1, 1, 2, 2, 4, 1, 2, 1, 2, 3, 4, 1]|[0, 2, 1, 1, 3, 3, 0, 1, 0, 0, 0, 0, 1, 0, 1, 0, 0, 3, 1, 0, 0, 0, 3, 1, 0, 2, 0, 0, 0, 1, 0, 0, 0, 0, 3, 0, 1, 0, 0, 2, 1, 1, 2, 0, 0, 0, 0, 1, 1, 0, 0, 0, 1, 3, 0, 0, 1, 0, 0, 1, 0, 2, 0, 1, 0, 2, 1, 0, 0, 1, 1, 3, 0, 1, 3, 0, 0, 0, 0, 2, 1, 0, 0, 0, 1, 0, 0, 0, 0, 0, 1, 0, 3, 1, 0, 1, 0, 2, 2, 0],759.9613521850492,57083.19960056535,89794.17356421678,true
54,G3_TWC,G4_BALANCED,[31, 22, 42, 15, 26, 58, 95, 82, 77, 12, 47, 5, 93, 78, 98, 54, 85, 63, 18, 44, 20, 35, 43, 97, 91, 76, 10, 30, 21, 45, 71, 64, 1, 23, 17, 83, 24, 61, 60, 49, 6, 57, 94, 88, 65, 56, 79, 40, 67, 68, 46, 75, 38, 9, 19, 32, 81, 41, 27, 62, 87, 90, 99, 59, 53, 16, 72, 73, 70, 39, 37, 84, 3, 92, 25, 74, 28, 0, 51, 7, 11, 14, 86, 48, 89, 50, 66, 96, 33, 80, 4, 8, 55, 36, 29, 52, 13, 2, 69, 34]|[1, 1, 0, 1, 1, 1, 2, 1, 2, 1, 2, 2, 2, 1, 1, 0, 0, 1, 0, 2, 2, 0, 1, 2, 0, 1, 2, 2, 0, 0, 1, 2, 1, 0, 1, 0, 2, 0, 1, 1, 0, 1, 1, 1, 0, 2, 1, 1, 0, 0, 0, 0, 1, 1, 2, 1, 2, 0, 0, 0, 2, 1, 0, 1, 0, 1, 2, 1, 1, 1, 1, 1, 2, 0, 1, 2, 0, 0, 0, 1, 2, 1, 0, 0, 1, 0, 0, 2, 2, 0, 0, 1, 2, 0, 0, 1, 0, 0, 1, 2]|[4, 3, 2, 2, 0, 0, 2, 2, 2, 4, 1, 1, 2, 4, 4, 1, 1, 4, 2, 1, 1, 1, 1, 2, 1, 2, 1, 1, 1, 1, 3, 2, 3, 0, 4, 0, 1, 1, 0, 3, 2, 2, 4, 0, 1, 1, 3, 2, 0, 1, 2, 2, 1, 4, 0, 3, 2, 1, 1, 2, 1, 3, 1, 1, 2, 3, 0, 4, 3, 1, 4, 1, 1, 2, 4, 1, 2, 1, 1, 3, 1, 3, 1, 1, 1, 1, 1, 1, 1, 1, 2, 3, 1, 1, 2, 1, 2, 2, 3, 1]|[0, 2, 1, 1, 3, 3, 0, 1, 0, 0, 0, 0, 1, 0, 1, 0, 0, 3, 1, 0, 0, 0, 3, 1, 0, 2, 0, 0, 0, 1, 0, 0, 0, 0, 3, 0, 1, 0, 0, 2, 1, 1, 2, 0, 0, 0, 0, 1, 1, 0, 0, 0, 1, 3, 0, 0, 1, 0, 0, 1, 0, 2, 0, 1, 1, 2, 1, 0, 0, 1, 1, 3, 0, 1, 3, 0, 1, 0, 0, 2, 0, 0, 0, 0, 1, 0, 0, 0, 0, 0, 1, 2, 0, 1, 0, 1, 0, 0, 0, 0],787.7354273239397,57319.98389756265,87481.7179896983,true
54,G1_CMAX,G1_CMAX,[31, 22, 90, 26, 58, 95, 42, 12, 93, 5, 78, 86, 98, 18, 20, 35, 3, 97, 91, 76, 10, 85, 54, 45, 63, 71, 66, 1, 23, 17, 24, 60, 36, 6, 57, 15, 65, 56, 47, 79, 94, 67, 50, 46, 14, 75, 38, 9, 30, 19, 32, 81, 27, 92, 83, 87, 40, 99, 59, 11, 53, 16, 72, 77, 73, 70, 39, 37, 84, 43, 62, 25, 55, 28, 29, 51, 68, 82, 74, 61, 88, 21, 80, 89, 7, 69, 96, 41, 48, 4, 8, 34, 49, 52, 0, 44, 13, 2, 64, 33]|[1, 1, 1, 1, 0, 2, 1, 1, 2, 2, 2, 1, 0, 1, 2, 2, 1, 2, 0, 1, 2, 2, 2, 0, 0, 1, 2, 1, 2, 1, 2, 1, 1, 0, 1, 1, 0, 2, 2, 1, 1, 0, 0, 0, 0, 1, 1, 1, 1, 2, 1, 2, 2, 0, 0, 2, 1, 0, 0, 2, 0, 1, 2, 2, 1, 1, 1, 1, 1, 1, 0, 1, 1, 0, 0, 0, 0, 0, 2, 1, 1, 0, 0, 1, 1, 1, 2, 2, 0, 1, 1, 2, 0, 1, 0, 0, 0, 0, 2, 2]|[0, 4, 3, 0, 1, 1, 2, 4, 1, 1, 2, 4, 1, 4, 1, 1, 1, 2, 2, 2, 2, 1, 1, 1, 2, 3, 2, 3, 0, 4, 1, 0, 3, 2, 2, 2, 1, 1, 1, 0, 2, 0, 1, 2, 1, 3, 1, 4, 2, 0, 3, 2, 1, 2, 1, 1, 4, 1, 1, 1, 2, 3, 0, 2, 4, 3, 1, 4, 1, 1, 1, 4, 4, 2, 1, 1, 1, 2, 1, 3, 0, 1, 1, 1, 1, 3, 1, 1, 1, 4, 3, 1, 1, 1, 2, 2, 2, 2, 1, 1]|[3, 0, 2, 3, 0, 0, 1, 0, 0, 0, 1, 0, 0, 3, 0, 0, 1, 1, 1, 2, 1, 0, 0, 0, 0, 0, 0, 0, 0, 3, 1, 0, 2, 1, 1, 1, 0, 0, 0, 0, 1, 1, 0, 0, 0, 0, 1, 3, 2, 0, 0, 1, 0, 1, 0, 0, 2, 0, 0, 0, 1, 2, 1, 1, 0, 0, 1, 1, 3, 3, 0, 3, 3, 1, 0, 0, 0, 1, 0, 0, 0, 0, 0, 1, 2, 2, 0, 0, 0, 0, 2, 0, 1, 1, 0, 0, 0, 0, 0, 0],705.0470749739228,58445.79123614564,95781.2895945797,false
54,G4_BALANCED,G4_BALANCED,[31, 11, 15, 82, 26, 9, 95, 32, 77, 68, 47, 5, 93, 78, 86, 54, 85, 63, 18, 44, 20, 49, 36, 14, 74, 50, 53, 17, 21, 45, 71, 64, 3, 23, 30, 83, 24, 41, 60, 52, 51, 27, 90, 70, 39, 87, 48, 69, 99, 4, 46, 1, 13, 58, 97, 59, 28, 8, 73, 37, 35, 79, 22, 66, 76, 42, 40, 80, 96, 6, 16, 61, 33, 7, 57, 34, 12, 67, 10, 98, 56, 88, 29, 25, 91, 38, 19, 92, 43, 84, 65, 72, 81, 75, 2, 55, 62, 89, 94, 0]|[2, 1, 1, 2, 1, 2, 1, 1, 1, 1, 1, 0, 2, 2, 1, 2, 0, 0, 0, 2, 2, 1, 0, 2, 0, 2, 2, 1, 0, 1, 1, 1, 0, 0, 1, 0, 2, 1, 2, 2, 0, 0, 1, 1, 0, 2, 0, 2, 1, 0, 0, 2, 0, 0, 2, 0, 1, 1, 0, 0, 2, 1, 1, 2, 2, 0, 2, 2, 0, 1, 2, 1, 1, 2, 0, 1, 2, 1, 1, 2, 2, 1, 1, 1, 1, 0, 1, 0, 1, 0, 1, 1, 1, 0, 2, 0, 1, 1, 2, 0]|[1, 3, 2, 0, 4, 1, 4, 4, 2, 4, 3, 2, 1, 0, 2, 1, 1, 1, 2, 1, 1, 3, 0, 1, 0, 1, 1, 4, 1, 4, 3, 2, 2, 0, 4, 1, 1, 4, 0, 1, 2, 1, 4, 4, 1, 1, 0, 2, 3, 1, 2, 1, 2, 1, 1, 2, 4, 3, 0, 2, 2, 3, 3, 0, 1, 2, 0, 1, 2, 4, 1, 3, 4, 1, 2, 4, 1, 3, 3, 1, 1, 4, 3, 4, 3, 2, 4, 2, 4, 2, 3, 4, 1, 2, 1, 2, 3, 4, 1, 2]|[1, 2, 1, 0, 3, 0, 1, 3, 0, 0, 2, 0, 1, 0, 1, 0, 0, 0, 1, 0, 0, 2, 0, 0, 1, 0, 0, 3, 0, 1, 0, 2, 0, 1, 3, 0, 1, 3, 1, 0, 0, 0, 1, 3, 0, 0, 1, 0, 2, 0, 0, 0, 0, 0, 1, 0, 1, 0, 1, 1, 0, 2, 2, 0, 0, 0, 1, 0, 0, 2, 0, 0, 1, 0, 0, 1, 0, 0, 3, 0, 0, 1, 0, 3, 0, 0, 1, 0, 2, 0, 0, 2, 1, 0, 0, 0, 0, 1, 0, 0],850.9632869082183,52431.02217786142,105346.60403335126,false
54,G2_TEC,G1_CMAX,[31, 22, 82, 15, 26, 99, 95, 42, 77, 12, 47, 5, 93, 78, 86, 54, 21, 63, 18, 44, 20, 35, 43, 97, 91, 76, 10, 30, 85, 45, 71, 64, 1, 23, 17, 83, 24, 14, 60, 36, 6, 57, 40, 88, 65, 56, 79, 94, 67, 68, 46, 75, 38, 9, 19, 32, 41, 81, 27, 87, 90, 58, 59, 11, 16, 72, 73, 70, 39, 37, 84, 3, 92, 25, 55, 48, 62, 29, 51, 96, 98, 61, 66, 28, 89, 50, 4, 7, 53, 80, 8, 33, 34, 2, 52, 13, 0, 69, 74, 49]|[1, 1, 0, 1, 1, 0, 1, 1, 2, 1, 2, 2, 2, 1, 1, 0, 0, 1, 0, 2, 2, 0, 1, 2, 0, 1, 2, 2, 0, 0, 1, 2, 1, 2, 1, 0, 2, 0, 1, 1, 0, 1, 1, 1, 0, 2, 1, 1, 0, 0, 0, 0, 1, 1, 2, 1, 0, 2, 0, 2, 1, 0, 1, 2, 1, 2, 1, 1, 1, 1, 1, 1, 0, 1, 2, 0, 0, 0, 0, 2, 2, 1, 2, 0, 1, 0, 1, 2, 0, 0, 1, 2, 2, 0, 1, 0, 0, 1, 2, 0]|[4, 3, 2, 2, 4, 1, 2, 3, 2, 4, 1, 1, 2, 4, 4, 1, 1, 4, 2, 1, 1, 1, 1, 2, 1, 2, 1, 1, 2, 1, 3, 2, 3, 1, 4, 0, 1, 1, 0, 3, 2, 2, 2, 0, 1, 1, 0, 4, 0, 1, 2, 2, 1, 4, 0, 3, 1, 2, 1, 1, 3, 1, 1, 1, 3, 0, 4, 3, 1, 4, 1, 1, 0, 4, 1, 1, 2, 1, 1, 1, 1, 3, 1, 2, 1, 1, 4, 1, 2, 1, 3, 1, 1, 2, 1, 2, 2, 4, 1, 1]|[0, 2, 1, 1, 3, 0, 1, 3, 0, 0, 0, 0, 1, 0, 1, 0, 0, 3, 1, 0, 0, 0, 3, 1, 0, 2, 0, 0, 0, 1, 0, 0, 0, 0, 3, 0, 1, 0, 0, 2, 1, 1, 1, 0, 0, 0, 0, 2, 1, 0, 0, 0, 1, 3, 0, 0, 0, 1, 0, 0, 2, 0, 1, 0, 2, 1, 0, 0, 1, 1, 3, 1, 1, 3, 0, 0, 1, 0, 0, 0, 0, 0, 0, 1, 1, 0, 0, 0, 1, 0, 2, 0, 0, 0, 1, 0, 0, 2, 0, 1],733.6437548344954,56435.96944926724,92290.19097821631,true
54,G3_TWC,G4_BALANCED,[31, 22, 42, 15, 26, 58, 95, 82, 77, 12, 47, 5, 93, 78, 98, 54, 85, 63, 18, 44, 20, 35, 43, 97, 91, 76, 10, 30, 21, 45, 71, 64, 1, 23, 17, 83, 24, 61, 60, 49, 6, 57, 94, 88, 65, 56, 79, 40, 67, 68, 46, 75, 38, 9, 19, 32, 81, 41, 27, 62, 87, 90, 99, 59, 53, 16, 72, 73, 70, 39, 37, 84, 3, 92, 25, 74, 28, 0, 51, 7, 11, 14, 86, 48, 89, 50, 66, 96, 33, 80, 4, 8, 55, 36, 29, 52, 13, 2, 69, 34]|[1, 1, 0, 1, 1, 1, 2, 1, 2, 1, 2, 2, 2, 1, 1, 0, 0, 1, 0, 2, 2, 0, 1, 2, 0, 1, 2, 2, 0, 0, 1, 2, 1, 0, 1, 0, 2, 0, 1, 1, 0, 1, 1, 1, 0, 2, 1, 1, 0, 0, 0, 0, 1, 1, 2, 1, 2, 0, 0, 0, 2, 1, 0, 1, 0, 1, 2, 1, 1, 1, 1, 1, 2, 0, 1, 2, 0, 0, 0, 1, 2, 1, 0, 0, 1, 0, 0, 2, 2, 0, 0, 1, 2, 0, 0, 1, 0, 0, 1, 2]|[4, 3, 2, 2, 0, 0, 2, 2, 2, 4, 1, 1, 2, 4, 4, 1, 1, 4, 2, 1, 1, 1, 1, 2, 1, 2, 1, 1, 1, 1, 3, 2, 3, 0, 4, 0, 1, 1, 0, 3, 2, 2, 4, 0, 1, 1, 3, 2, 0, 1, 2, 2, 1, 4, 0, 3, 2, 1, 1, 2, 1, 3, 1, 1, 2, 3, 0, 4, 3, 1, 4, 1, 1, 2, 4, 1, 2, 1, 1, 3, 1, 3, 1, 1, 1, 1, 1, 1, 1, 1, 2, 3, 1, 1, 2, 1, 2, 2, 3, 1]|[0, 2, 1, 1, 3, 3, 0, 1, 0, 0, 0, 0, 1, 0, 1, 0, 0, 3, 1, 0, 0, 0, 3, 1, 0, 2, 0, 0, 0, 1, 0, 0, 0, 0, 3, 0, 1, 0, 0, 2, 1, 1, 2, 0, 0, 0, 0, 1, 1, 0, 0, 0, 1, 3, 0, 0, 1, 0, 0, 1, 0, 2, 0, 1, 1, 2, 1, 0, 0, 1, 1, 3, 0, 1, 3, 0, 1, 0, 0, 2, 0, 0, 0, 0, 1, 0, 0, 0, 0, 0, 1, 2, 0, 1, 0, 1, 0, 0, 0, 0],787.7354273239397,57319.98389756265,87481.7179896983,true
54,G1_CMAX,G1_CMAX,[31, 22, 90, 26, 58, 95, 42, 12, 93, 5, 78, 86, 98, 18, 20, 35, 3, 97, 91, 76, 10, 85, 54, 45, 63, 71, 66, 1, 23, 17, 24, 60, 36, 6, 57, 15, 65, 56, 47, 79, 94, 67, 50, 46, 14, 75, 38, 9, 30, 19, 32, 81, 27, 92, 83, 87, 40, 99, 59, 11, 53, 16, 72, 77, 73, 70, 39, 37, 84, 43, 62, 25, 55, 28, 29, 51, 68, 82, 74, 61, 88, 21, 80, 89, 7, 69, 96, 41, 48, 4, 8, 34, 49, 52, 0, 44, 13, 2, 64, 33]|[1, 1, 1, 1, 0, 2, 1, 1, 2, 2, 2, 1, 0, 1, 2, 2, 1, 2, 0, 1, 2, 2, 2, 0, 0, 1, 2, 1, 2, 1, 2, 1, 1, 0, 1, 1, 0, 2, 2, 1, 1, 0, 0, 0, 0, 1, 1, 1, 1, 2, 1, 2, 2, 0, 0, 2, 1, 0, 0, 2, 0, 1, 2, 2, 1, 1, 1, 1, 1, 1, 0, 1, 1, 0, 0, 0, 0, 0, 2, 1, 1, 0, 0, 1, 1, 1, 2, 2, 0, 1, 1, 2, 0, 1, 0, 0, 0, 0, 2, 2]|[0, 4, 3, 0, 1, 1, 2, 4, 1, 1, 2, 4, 1, 4, 1, 1, 1, 2, 2, 2, 2, 1, 1, 1, 2, 3, 2, 3, 0, 4, 1, 0, 3, 2, 2, 2, 1, 1, 1, 0, 2, 0, 1, 2, 1, 3, 1, 4, 2, 0, 3, 2, 1, 2, 1, 1, 4, 1, 1, 1, 2, 3, 0, 2, 4, 3, 1, 4, 1, 1, 1, 4, 4, 2, 1, 1, 1, 2, 1, 3, 0, 1, 1, 1, 1, 3, 1, 1, 1, 4, 3, 1, 1, 1, 2, 2, 2, 2, 1, 1]|[3, 0, 2, 3, 0, 0, 1, 0, 0, 0, 1, 0, 0, 3, 0, 0, 1, 1, 1, 2, 1, 0, 0, 0, 0, 0, 0, 0, 0, 3, 1, 0, 2, 1, 1, 1, 0, 0, 0, 0, 1, 1, 0, 0, 0, 0, 1, 3, 2, 0, 0, 1, 0, 1, 0, 0, 2, 0, 0, 0, 1, 2, 1, 1, 0, 0, 1, 1, 3, 3, 0, 3, 3, 1, 0, 0, 0, 1, 0, 0, 0, 0, 0, 1, 2, 2, 0, 0, 0, 0, 2, 0, 1, 1, 0, 0, 0, 0, 0, 0],705.0470749739228,58445.79123614564,95781.2895945797,false
54,G4_BALANCED,G4_BALANCED,[31, 11, 15, 82, 26, 9, 95, 32, 77, 68, 47, 5, 93, 78, 86, 54, 85, 63, 18, 44, 20, 49, 36, 14, 74, 50, 53, 17, 21, 45, 71, 64, 3, 23, 30, 83, 24, 41, 60, 52, 51, 27, 90, 70, 39, 87, 48, 69, 99, 4, 46, 1, 13, 58, 97, 59, 28, 8, 73, 37, 35, 79, 22, 66, 76, 42, 40, 80, 96, 6, 16, 61, 33, 7, 57, 34, 12, 67, 10, 98, 56, 88, 29, 25, 91, 38, 19, 92, 43, 84, 65, 72, 81, 75, 2, 55, 62, 89, 94, 0]|[2, 1, 1, 2, 1, 2, 1, 1, 1, 1, 1, 0, 2, 2, 1, 2, 0, 0, 0, 2, 2, 1, 0, 2, 0, 2, 2, 1, 0, 1, 1, 1, 0, 0, 1, 0, 2, 1, 2, 2, 0, 0, 1, 1, 0, 2, 0, 2, 1, 0, 0, 2, 0, 0, 2, 0, 1, 1, 0, 0, 2, 1, 1, 2, 2, 0, 2, 2, 0, 1, 2, 1, 1, 2, 0, 1, 2, 1, 1, 2, 2, 1, 1, 1, 1, 0, 1, 0, 1, 0, 1, 1, 1, 0, 2, 0, 1, 1, 2, 0]|[1, 3, 2, 0, 4, 1, 4, 4, 2, 4, 3, 2, 1, 0, 2, 1, 1, 1, 2, 1, 1, 3, 0, 1, 0, 1, 1, 4, 1, 4, 3, 2, 2, 0, 4, 1, 1, 4, 0, 1, 2, 1, 4, 4, 1, 1, 0, 2, 3, 1, 2, 1, 2, 1, 1, 2, 4, 3, 0, 2, 2, 3, 3, 0, 1, 2, 0, 1, 2, 4, 1, 3, 4, 1, 2, 4, 1, 3, 3, 1, 1, 4, 3, 4, 3, 2, 4, 2, 4, 2, 3, 4, 1, 2, 1, 2, 3, 4, 1, 2]|[1, 2, 1, 0, 3, 0, 1, 3, 0, 0, 2, 0, 1, 0, 1, 0, 0, 0, 1, 0, 0, 2, 0, 0, 1, 0, 0, 3, 0, 1, 0, 2, 0, 1, 3, 0, 1, 3, 1, 0, 0, 0, 1, 3, 0, 0, 1, 0, 2, 0, 0, 0, 0, 0, 1, 0, 1, 0, 1, 1, 0, 2, 2, 0, 0, 0, 1, 0, 0, 2, 0, 0, 1, 0, 0, 1, 0, 0, 3, 0, 0, 1, 0, 3, 0, 0, 1, 0, 2, 0, 0, 2, 1, 0, 0, 0, 0, 1, 0, 0],850.9632869082183,52431.02217786142,105346.60403335126,false
54,G2_TEC,G2_TEC,[31, 94, 82, 15, 26, 9, 95, 42, 77, 68, 47, 5, 93, 78, 86, 54, 85, 63, 18, 44, 20, 49, 36, 14, 74, 50, 53, 17, 21, 28, 11, 64, 3, 23, 30, 83, 24, 41, 40, 52, 65, 27, 90, 70, 39, 87, 48, 69, 99, 4, 98, 1, 13, 56, 97, 59, 45, 8, 73, 37, 35, 79, 71, 66, 76, 32, 60, 80, 58, 6, 67, 61, 33, 7, 57, 34, 12, 16, 10, 22, 96, 88, 43, 81, 91, 2, 84, 29, 92, 19, 89, 55, 51, 46, 25, 75, 38, 72, 62, 0]|[2, 1, 2, 1, 1, 2, 1, 1, 1, 1, 1, 0, 2, 2, 1, 2, 0, 0, 0, 2, 2, 1, 0, 2, 0, 2, 2, 1, 0, 1, 1, 1, 0, 0, 1, 0, 2, 1, 2, 2, 0, 0, 1, 1, 0, 2, 0, 2, 1, 0, 2, 2, 0, 2, 2, 0, 1, 1, 0, 0, 2, 1, 1, 2, 2, 0, 2, 2, 2, 1, 2, 1, 1, 2, 0, 1, 1, 2, 1, 2, 0, 1, 1, 1, 1, 0, 0, 1, 0, 1, 1, 0, 1, 0, 1, 0, 0, 1, 1, 0]|[0, 3, 0, 3, 4, 1, 4, 4, 4, 4, 3, 2, 1, 0, 2, 1, 1, 1, 2, 1, 1, 3, 0, 1, 0, 1, 1, 4, 1, 4, 3, 2, 2, 0, 4, 1, 1, 4, 1, 1, 2, 1, 4, 4, 1, 1, 0, 1, 3, 2, 1, 1, 2, 1, 1, 2, 4, 3, 0, 2, 1, 3, 3, 1, 1, 2, 1, 1, 1, 4, 1, 3, 4, 1, 2, 4, 3, 1, 3, 1, 2, 4, 4, 4, 3, 2, 2, 3, 2, 4, 4, 2, 3, 2, 4, 2, 2, 4, 3, 2]|[0, 2, 0, 0, 3, 0, 1, 3, 1, 0, 2, 0, 1, 0, 1, 0, 0, 0, 1, 0, 0, 2, 0, 0, 1, 0, 0, 3, 0, 1, 0, 2, 0, 0, 3, 0, 1, 1, 0, 0, 0, 0, 1, 3, 0, 0, 1, 0, 2, 0, 0, 0, 0, 0, 1, 0, 1, 0, 1, 1, 0, 2, 0, 0, 0, 0, 0, 0, 0, 2, 0, 0, 1, 0, 0, 1, 0, 0, 3, 0, 0, 1, 2, 2, 0, 0, 0, 3, 0, 1, 1, 0, 0, 0, 3, 0, 0, 1, 0, 0],910.6016522559228,48441.78517559203,107030.90942221809,false
54,G3_TWC,G4_BALANCED,[31, 22, 42, 15, 26, 58, 95, 82, 77, 12, 47, 5, 93, 78, 98, 54, 85, 63, 18, 44, 20, 35, 43, 97, 91, 76, 10, 30, 21, 45, 71, 64, 1, 23, 17, 83, 24, 61, 60, 49, 6, 57, 94, 88, 65, 56, 79, 40, 67, 68, 46, 75, 38, 9, 19, 32, 81, 41, 27, 62, 87, 90, 99, 59, 53, 16, 72, 73, 70, 39, 37, 84, 3, 92, 25, 74, 28, 0, 51, 7, 11, 14, 86, 48, 89, 50, 66, 96, 33, 80, 4, 8, 55, 36, 29, 52, 13, 2, 69, 34]|[1, 1, 0, 1, 1, 1, 2, 1, 2, 1, 2, 2, 2, 1, 1, 0, 0, 1, 0, 2, 2, 0, 1, 2, 0, 1, 2, 2, 0, 0, 1, 2, 1, 0, 1, 0, 2, 0, 1, 1, 0, 1, 1, 1, 0, 2, 1, 1, 0, 0, 0, 0, 1, 1, 2, 1, 2, 0, 0, 0, 2, 1, 0, 1, 0, 1, 2, 1, 1, 1, 1, 1, 2, 0, 1, 2, 0, 0, 0, 1, 2, 1, 0, 0, 1, 0, 0, 2, 2, 0, 0, 1, 2, 0, 0, 1, 0, 0, 1, 2]|[4, 3, 2, 2, 0, 0, 2, 2, 2, 4, 1, 1, 2, 4, 4, 1, 1, 4, 2, 1, 1, 1, 1, 2, 1, 2, 1, 1, 1, 1, 3, 2, 3, 0, 4, 0, 1, 1, 0, 3, 2, 2, 4, 0, 1, 1, 3, 2, 0, 1, 2, 2, 1, 4, 0, 3, 2, 1, 1, 2, 1, 3, 1, 1, 2, 3, 0, 4, 3, 1, 4, 1, 1, 2, 4, 1, 2, 1, 1, 3, 1, 3, 1, 1, 1, 1, 1, 1, 1, 1, 2, 3, 1, 1, 2, 1, 2, 2, 3, 1]|[0, 2, 1, 1, 3, 3, 0, 1, 0, 0, 0, 0, 1, 0, 1, 0, 0, 3, 1, 0, 0, 0, 3, 1, 0, 2, 0, 0, 0, 1, 0, 0, 0, 0, 3, 0, 1, 0, 0, 2, 1, 1, 2, 0, 0, 0, 0, 1, 1, 0, 0, 0, 1, 3, 0, 0, 1, 0, 0, 1, 0, 2, 0, 1, 1, 2, 1, 0, 0, 1, 1, 3, 0, 1, 3, 0, 1, 0, 0, 2, 0, 0, 0, 0, 1, 0, 0, 0, 0, 0, 1, 2, 0, 1, 0, 1, 0, 0, 0, 0],787.7354273239397,57319.98389756265,87481.7179896983,true
54,G1_CMAX,G3_TWC,[31, 22, 42, 15, 26, 58, 95, 82, 77, 12, 47, 5, 93, 78, 98, 54, 85, 63, 18, 44, 20, 35, 43, 97, 91, 76, 10, 30, 21, 45, 71, 64, 1, 23, 17, 83, 24, 61, 60, 49, 6, 57, 94, 88, 65, 56, 79, 40, 67, 68, 46, 75, 38, 9, 19, 32, 81, 41, 27, 62, 87, 90, 99, 59, 53, 16, 72, 73, 70, 39, 37, 84, 3, 92, 25, 74, 28, 29, 51, 50, 33, 14, 86, 48, 89, 66, 7, 96, 11, 80, 4, 8, 55, 36, 0, 52, 13, 2, 69, 34]|[1, 1, 0, 1, 1, 1, 2, 1, 2, 1, 2, 2, 2, 1, 1, 0, 0, 1, 0, 2, 2, 0, 1, 2, 0, 1, 2, 2, 0, 0, 1, 2, 1, 0, 1, 0, 2, 0, 1, 1, 0, 1, 1, 1, 0, 2, 1, 1, 0, 0, 0, 0, 1, 1, 2, 1, 2, 2, 0, 0, 2, 1, 0, 1, 0, 1, 2, 1, 1, 1, 1, 1, 2, 0, 1, 2, 0, 0, 0, 0, 2, 1, 0, 0, 1, 2, 1, 2, 2, 0, 0, 1, 2, 0, 0, 1, 0, 0, 1, 2]|[4, 3, 2, 2, 0, 0, 2, 2, 2, 4, 1, 1, 2, 4, 4, 1, 1, 4, 2, 1, 1, 1, 1, 2, 1, 2, 1, 1, 1, 1, 3, 2, 3, 0, 4, 0, 1, 1, 0, 3, 2, 2, 4, 0, 1, 1, 3, 2, 0, 1, 2, 2, 1, 4, 0, 3, 2, 1, 1, 2, 1, 3, 1, 1, 2, 3, 0, 4, 3, 1, 4, 1, 1, 2, 4, 1, 2, 1, 1, 1, 1, 3, 1, 1, 1, 1, 3, 1, 1, 1, 2, 3, 1, 1, 2, 1, 2, 2, 3, 1]|[0, 2, 1, 1, 3, 3, 0, 1, 0, 0, 0, 0, 1, 0, 1, 0, 0, 3, 1, 0, 0, 0, 3, 1, 0, 2, 0, 0, 0, 1, 0, 0, 0, 0, 3, 0, 1, 0, 0, 2, 1, 1, 2, 0, 0, 0, 0, 1, 1, 0, 0, 0, 1, 3, 0, 0, 1, 0, 0, 1, 0, 2, 0, 1, 1, 2, 1, 0, 0, 1, 1, 3, 0, 1, 3, 0, 1, 0, 0, 0, 0, 0, 0, 0, 1, 0, 2, 0, 0, 0, 1, 2, 0, 1, 0, 1, 0, 0, 0, 0],768.8550719417324,57287.206864529886,89473.06206049769,true
54,G4_BALANCED,G4_BALANCED,[31, 11, 82, 15, 26, 9, 95, 42, 77, 68, 47, 5, 93, 78, 86, 54, 85, 63, 18, 44, 20, 35, 43, 97, 91, 76, 10, 30, 21, 45, 71, 64, 1, 23, 17, 83, 24, 14, 60, 36, 6, 57, 40, 88, 65, 56, 79, 94, 67, 12, 46, 75, 38, 99, 19, 32, 41, 81, 27, 87, 90, 58, 59, 22, 16, 72, 73, 70, 39, 37, 84, 3, 92, 62, 25, 96, 28, 29, 51, 7, 33, 61, 98, 66, 89, 50, 48, 80, 53, 55, 4, 8, 34, 2, 52, 49, 13, 0, 69, 74]|[1, 1, 0, 1, 1, 0, 1, 2, 2, 0, 2, 2, 2, 1, 1, 0, 0, 1, 0, 2, 2, 0, 1, 2, 0, 1, 2, 2, 0, 0, 1, 2, 1, 2, 1, 0, 2, 0, 1, 1, 0, 1, 1, 1, 0, 2, 1, 1, 0, 0, 0, 0, 1, 1, 2, 1, 0, 2, 0, 2, 1, 0, 1, 2, 1, 2, 1, 1, 1, 1, 0, 1, 1, 0, 1, 2, 1, 0, 0, 2, 2, 1, 2, 2, 1, 0, 0, 0, 0, 2, 1, 1, 2, 0, 1, 0, 0, 0, 1, 2]|[4, 3, 2, 2, 4, 1, 2, 2, 2, 1, 1, 1, 2, 4, 4, 1, 1, 4, 2, 1, 1, 1, 1, 1, 1, 2, 1, 1, 2, 1, 3, 2, 3, 1, 4, 0, 1, 1, 0, 3, 2, 2, 2, 0, 1, 1, 0, 4, 0, 1, 2, 2, 1, 4, 0, 3, 1, 1, 1, 1, 3, 1, 1, 1, 3, 0, 4, 4, 1, 4, 2, 3, 1, 2, 4, 1, 4, 1, 1, 1, 1, 3, 1, 1, 1, 1, 1, 1, 2, 1, 4, 3, 1, 2, 1, 1, 2, 2, 4, 1]|[0, 2, 1, 1, 3, 0, 1, 0, 0, 0, 0, 0, 1, 0, 1, 0, 0, 3, 1, 0, 0, 0, 3, 1, 0, 2, 0, 0, 0, 1, 0, 0, 0, 0, 3, 0, 1, 0, 0, 2, 1, 1, 1, 0, 0, 0, 0, 2, 1, 0, 0, 0, 1, 3, 0, 0, 0, 0, 0, 0, 2, 0, 1, 0, 2, 1, 0, 0, 1, 1, 0, 0, 1, 1, 3, 0, 1, 0, 0, 0, 0, 0, 0, 0, 1, 0, 0, 0, 1, 0, 0, 2, 0, 0, 1, 1, 0, 0, 2, 0],802.7683906830428,54918.424968562234,100102.9253477918,false
54,G2_TEC,G2_TEC,[31, 94, 82, 15, 26, 9, 95, 42, 77, 68, 47, 5, 93, 78, 86, 54, 85, 63, 18, 44, 20, 49, 36, 14, 74, 50, 53, 17, 21, 28, 11, 64, 3, 23, 30, 83, 24, 41, 40, 52, 65, 27, 90, 70, 39, 87, 48, 69, 99, 4, 98, 1, 13, 56, 97, 59, 45, 8, 73, 37, 35, 79, 71, 66, 76, 32, 60, 80, 58, 6, 67, 61, 33, 7, 57, 34, 12, 16, 10, 22, 96, 88, 43, 81, 91, 2, 84, 29, 92, 19, 89, 55, 51, 46, 25, 75, 38, 72, 62, 0]|[2, 1, 2, 1, 1, 2, 1, 1, 1, 1, 1, 0, 2, 2, 1, 2, 0, 0, 0, 2, 2, 1, 0, 2, 0, 2, 2, 1, 0, 1, 1, 1, 0, 0, 1, 0, 2, 1, 2, 2, 0, 0, 1, 1, 0, 2, 0, 2, 1, 0, 2, 2, 0, 2, 2, 0, 1, 1, 0, 0, 2, 1, 1, 2, 2, 0, 2, 2, 2, 1, 2, 1, 1, 2, 0, 1, 1, 2, 1, 2, 0, 1, 1, 1, 1, 0, 0, 1, 0, 1, 1, 0, 1, 0, 1, 0, 0, 1, 1, 0]|[0, 3, 0, 3, 4, 1, 4, 4, 4, 4, 3, 2, 1, 0, 2, 1, 1, 1, 2, 1, 1, 3, 0, 1, 0, 1, 1, 4, 1, 4, 3, 2, 2, 0, 4, 1, 1, 4, 1, 1, 2, 1, 4, 4, 1, 1, 0, 1, 3, 2, 1, 1, 2, 1, 1, 2, 4, 3, 0, 2, 1, 3, 3, 1, 1, 2, 1, 1, 1, 4, 1, 3, 4, 1, 2, 4, 3, 1, 3, 1, 2, 4, 4, 4, 3, 2, 2, 3, 2, 4, 4, 2, 3, 2, 4, 2, 2, 4, 3, 2]|[0, 2, 0, 0, 3, 0, 1, 3, 1, 0, 2, 0, 1, 0, 1, 0, 0, 0, 1, 0, 0, 2, 0, 0, 1, 0, 0, 3, 0, 1, 0, 2, 0, 0, 3, 0, 1, 1, 0, 0, 0, 0, 1, 3, 0, 0, 1, 0, 2, 0, 0, 0, 0, 0, 1, 0, 1, 0, 1, 1, 0, 2, 0, 0, 0, 0, 0, 0, 0, 2, 0, 0, 1, 0, 0, 1, 0, 0, 3, 0, 0, 1, 2, 2, 0, 0, 0, 3, 0, 1, 1, 0, 0, 0, 3, 0, 0, 1, 0, 0],910.6016522559228,48441.78517559203,107030.90942221809,false
54,G3_TWC,G4_BALANCED,[31, 22, 42, 15, 26, 58, 95, 82, 77, 12, 47, 5, 93, 78, 98, 54, 85, 63, 18, 44, 20, 35, 43, 97, 91, 76, 10, 30, 21, 45, 71, 64, 1, 23, 17, 83, 24, 61, 60, 49, 6, 57, 94, 88, 65, 56, 79, 40, 67, 68, 46, 75, 38, 9, 19, 32, 81, 41, 27, 62, 87, 90, 99, 59, 53, 16, 72, 73, 70, 39, 37, 84, 3, 92, 25, 74, 28, 0, 51, 7, 11, 14, 86, 48, 89, 50, 66, 96, 33, 80, 4, 8, 55, 36, 29, 52, 13, 2, 69, 34]|[1, 1, 0, 1, 1, 1, 2, 1, 2, 1, 2, 2, 2, 1, 1, 0, 0, 1, 0, 2, 2, 0, 1, 2, 0, 1, 2, 2, 0, 0, 1, 2, 1, 0, 1, 0, 2, 0, 1, 1, 0, 1, 1, 1, 0, 2, 1, 1, 0, 0, 0, 0, 1, 1, 2, 1, 2, 0, 0, 0, 2, 1, 0, 1, 0, 1, 2, 1, 1, 1, 1, 1, 2, 0, 1, 2, 0, 0, 0, 1, 2, 1, 0, 0, 1, 0, 0, 2, 2, 0, 0, 1, 2, 0, 0, 1, 0, 0, 1, 2]|[4, 3, 2, 2, 0, 0, 2, 2, 2, 4, 1, 1, 2, 4, 4, 1, 1, 4, 2, 1, 1, 1, 1, 2, 1, 2, 1, 1, 1, 1, 3, 2, 3, 0, 4, 0, 1, 1, 0, 3, 2, 2, 4, 0, 1, 1, 3, 2, 0, 1, 2, 2, 1, 4, 0, 3, 2, 1, 1, 2, 1, 3, 1, 1, 2, 3, 0, 4, 3, 1, 4, 1, 1, 2, 4, 1, 2, 1, 1, 3, 1, 3, 1, 1, 1, 1, 1, 1, 1, 1, 2, 3, 1, 1, 2, 1, 2, 2, 3, 1]|[0, 2, 1, 1, 3, 3, 0, 1, 0, 0, 0, 0, 1, 0, 1, 0, 0, 3, 1, 0, 0, 0, 3, 1, 0, 2, 0, 0, 0, 1, 0, 0, 0, 0, 3, 0, 1, 0, 0, 2, 1, 1, 2, 0, 0, 0, 0, 1, 1, 0, 0, 0, 1, 3, 0, 0, 1, 0, 0, 1, 0, 2, 0, 1, 1, 2, 1, 0, 0, 1, 1, 3, 0, 1, 3, 0, 1, 0, 0, 2, 0, 0, 0, 0, 1, 0, 0, 0, 0, 0, 1, 2, 0, 1, 0, 1, 0, 0, 0, 0],787.7354273239397,57319.98389756265,87481.7179896983,true
54,G1_CMAX,G4_BALANCED,[31, 22, 26, 15, 82, 99, 95, 42, 77, 12, 47, 5, 93, 78, 86, 54, 21, 63, 18, 44, 20, 35, 43, 97, 91, 76, 10, 30, 85, 45, 71, 64, 1, 23, 57, 83, 24, 14, 60, 36, 6, 17, 40, 88, 65, 56, 79, 94, 67, 68, 46, 75, 38, 9, 19, 32, 41, 81, 27, 87, 90, 58, 59, 11, 16, 72, 73, 70, 39, 37, 84, 3, 92, 25, 62, 55, 28, 29, 51, 7, 33, 61, 98, 48, 89, 50, 4, 34, 53, 80, 8, 66, 96, 49, 52, 0, 74, 69, 2, 13]|[1, 1, 0, 1, 1, 0, 1, 1, 2, 1, 2, 2, 2, 1, 1, 0, 0, 1, 0, 2, 2, 0, 1, 2, 0, 1, 2, 2, 0, 0, 1, 2, 1, 2, 1, 0, 2, 0, 1, 1, 0, 1, 1, 1, 0, 2, 1, 1, 0, 0, 0, 0, 1, 1, 2, 1, 0, 2, 0, 2, 1, 0, 1, 2, 1, 2, 1, 1, 1, 1, 1, 1, 0, 1, 0, 2, 0, 0, 2, 1, 2, 1, 2, 0, 1, 0, 1, 2, 0, 0, 1, 2, 2, 0, 1, 0, 2, 1, 0, 0]|[0, 3, 2, 2, 4, 1, 2, 3, 2, 4, 1, 1, 2, 4, 4, 1, 1, 4, 2, 1, 1, 1, 1, 2, 1, 2, 1, 1, 2, 1, 3, 2, 3, 1, 2, 0, 1, 1, 0, 3, 2, 4, 2, 0, 1, 1, 0, 4, 0, 1, 2, 2, 1, 4, 0, 3, 1, 1, 1, 1, 3, 1, 1, 1, 3, 0, 4, 3, 1, 4, 1, 1, 0, 4, 2, 1, 2, 1, 2, 1, 1, 3, 1, 1, 1, 1, 4, 1, 2, 1, 3, 1, 1, 1, 1, 2, 1, 4, 2, 2]|[0, 2, 1, 1, 3, 0, 1, 3, 0, 0, 0, 0, 1, 0, 1, 0, 0, 3, 1, 0, 0, 0, 3, 1, 0, 2, 0, 0, 0, 1, 0, 0, 0, 0, 1, 0, 1, 0, 0, 2, 1, 3, 1, 0, 0, 0, 0, 2, 1, 0, 0, 0, 1, 3, 0, 0, 0, 0, 0, 0, 2, 0, 1, 0, 2, 1, 0, 0, 1, 1, 3, 1, 1, 3, 1, 0, 1, 0, 1, 2, 0, 0, 0, 0, 1, 0, 0, 0, 1, 0, 2, 0, 0, 1, 1, 0, 0, 2, 0, 0],719.9713831019282,57349.30822281929,93068.63967491605,true
54,G4_BALANCED,G4_BALANCED,[31, 22, 82, 15, 26, 9, 95, 42, 77, 68, 47, 5, 93, 78, 86, 54, 85, 63, 18, 44, 20, 49, 36, 14, 74, 50, 53, 17, 21, 28, 11, 64, 3, 23, 30, 83, 24, 41, 40, 52, 65, 27, 90, 70, 39, 87, 48, 69, 99, 4, 75, 1, 13, 58, 97, 59, 45, 8, 73, 37, 35, 79, 71, 66, 76, 32, 60, 80, 56, 6, 67, 61, 33, 7, 57, 34, 12, 16, 10, 98, 96, 88, 43, 46, 91, 38, 84, 29, 92, 19, 51, 89, 81, 55, 25, 72, 94, 2, 62, 0]|[2, 1, 2, 1, 1, 2, 1, 1, 1, 1, 1, 0, 2, 2, 1, 2, 0, 0, 0, 2, 2, 1, 0, 2, 0, 2, 2, 1, 0, 1, 1, 1, 0, 0, 1, 0, 2, 1, 2, 2, 0, 0, 1, 1, 0, 2, 0, 2, 1, 0, 0, 2, 0, 0, 2, 0, 1, 1, 0, 0, 2, 1, 1, 2, 2, 0, 2, 2, 0, 1, 2, 1, 1, 2, 0, 1, 1, 2, 1, 2, 0, 1, 1, 0, 1, 0, 0, 1, 0, 1, 1, 1, 1, 0, 1, 1, 2, 2, 1, 0]|[0, 3, 0, 3, 4, 1, 4, 4, 2, 4, 3, 2, 1, 0, 2, 1, 1, 1, 2, 1, 1, 3, 0, 1, 0, 1, 1, 4, 1, 4, 3, 2, 2, 0, 4, 1, 1, 4, 1, 1, 2, 1, 4, 4, 1, 1, 0, 1, 3, 2, 2, 1, 2, 1, 1, 2, 4, 3, 0, 2, 2, 3, 3, 1, 1, 2, 1, 1, 2, 4, 1, 3, 4, 1, 2, 4, 3, 1, 3, 1, 2, 4, 4, 2, 3, 2, 2, 3, 2, 4, 3, 4, 4, 2, 4, 4, 1, 1, 3, 2]|[0, 2, 0, 0, 3, 0, 1, 3, 0, 0, 2, 0, 1, 0, 1, 0, 0, 0, 1, 0, 0, 2, 0, 0, 1, 0, 0, 3, 0, 1, 0, 2, 0, 0, 3, 0, 1, 1, 0, 0, 0, 0, 1, 3, 0, 0, 1, 0, 2, 0, 0, 0, 0, 1, 1, 0, 1, 0, 1, 1, 0, 2, 0, 0, 0, 0, 0, 0, 0, 2, 0, 0, 1, 0, 0, 1, 0, 0, 3, 0, 0, 1, 2, 0, 0, 0, 0, 3, 0, 1, 0, 1, 2, 0, 3, 1, 0, 0, 0, 0],885.6123526659268,49473.83911408333,104522.58233476865,false
54,G2_TEC,G2_TEC,[31, 94, 82, 15, 26, 9, 95, 42, 77, 68, 47, 5, 93, 78, 86, 54, 85, 63, 18, 44, 20, 49, 36, 14, 74, 50, 53, 17, 21, 28, 11, 64, 3, 23, 30, 83, 24, 41, 40, 52, 65, 27, 90, 70, 39, 87, 48, 69, 99, 4, 98, 1, 13, 56, 97, 59, 45, 8, 73, 37, 35, 79, 71, 66, 76, 32, 60, 80, 58, 6, 67, 61, 33, 7, 57, 34, 12, 16, 10, 22, 96, 88, 43, 81, 91, 2, 84, 29, 92, 19, 89, 55, 51, 46, 25, 75, 38, 72, 62, 0]|[2, 1, 2, 1, 1, 2, 1, 1, 1, 1, 1, 0, 2, 2, 1, 2, 0, 0, 0, 2, 2, 1, 0, 2, 0, 2, 2, 1, 0, 1, 1, 1, 0, 0, 1, 0, 2, 1, 2, 2, 0, 0, 1, 1, 0, 2, 0, 2, 1, 0, 2, 2, 0, 2, 2, 0, 1, 1, 0, 0, 2, 1, 1, 2, 2, 0, 2, 2, 2, 1, 2, 1, 1, 2, 0, 1, 1, 2, 1, 2, 0, 1, 1, 1, 1, 0, 0, 1, 0, 1, 1, 0, 1, 0, 1, 0, 0, 1, 1, 0]|[0, 3, 0, 3, 4, 1, 4, 4, 4, 4, 3, 2, 1, 0, 2, 1, 1, 1, 2, 1, 1, 3, 0, 1, 0, 1, 1, 4, 1, 4, 3, 2, 2, 0, 4, 1, 1, 4, 1, 1, 2, 1, 4, 4, 1, 1, 0, 1, 3, 2, 1, 1, 2, 1, 1, 2, 4, 3, 0, 2, 1, 3, 3, 1, 1, 2, 1, 1, 1, 4, 1, 3, 4, 1, 2, 4, 3, 1, 3, 1, 2, 4, 4, 4, 3, 2, 2, 3, 2, 4, 4, 2, 3, 2, 4, 2, 2, 4, 3, 2]|[0, 2, 0, 0, 3, 0, 1, 3, 1, 0, 2, 0, 1, 0, 1, 0, 0, 0, 1, 0, 0, 2, 0, 0, 1, 0, 0, 3, 0, 1, 0, 2, 0, 0, 3, 0, 1, 1, 0, 0, 0, 0, 1, 3, 0, 0, 1, 0, 2, 0, 0, 0, 0, 0, 1, 0, 1, 0, 1, 1, 0, 2, 0, 0, 0, 0, 0, 0, 0, 2, 0, 0, 1, 0, 0, 1, 0, 0, 3, 0, 0, 1, 2, 2, 0, 0, 0, 3, 0, 1, 1, 0, 0, 0, 3, 0, 0, 1, 0, 0],910.6016522559228,48441.78517559203,107030.90942221809,false
54,G3_TWC,G4_BALANCED,[31, 22, 42, 15, 26, 58, 95, 82, 77, 12, 47, 5, 93, 78, 98, 54, 85, 63, 18, 44, 20, 35, 43, 97, 91, 76, 10, 30, 21, 45, 71, 64, 1, 23, 17, 83, 24, 61, 60, 49, 6, 57, 94, 88, 65, 56, 79, 40, 67, 68, 46, 75, 38, 9, 19, 32, 81, 41, 27, 62, 87, 90, 99, 59, 53, 16, 72, 73, 70, 39, 37, 84, 3, 92, 25, 74, 28, 0, 51, 7, 11, 14, 86, 48, 89, 50, 66, 96, 33, 80, 4, 8, 55, 36, 29, 52, 13, 2, 69, 34]|[1, 1, 0, 1, 1, 1, 2, 1, 2, 1, 2, 2, 2, 1, 1, 0, 0, 1, 0, 2, 2, 0, 1, 2, 0, 1, 2, 2, 0, 0, 1, 2, 1, 0, 1, 0, 2, 0, 1, 1, 0, 1, 1, 1, 0, 2, 1, 1, 0, 0, 0, 0, 1, 1, 2, 1, 2, 0, 0, 0, 2, 1, 0, 1, 0, 1, 2, 1, 1, 1, 1, 1, 2, 0, 1, 2, 0, 0, 0, 1, 2, 1, 0, 0, 1, 0, 0, 2, 2, 0, 0, 1, 2, 0, 0, 1, 0, 0, 1, 2]|[4, 3, 2, 2, 0, 0, 2, 2, 2, 4, 1, 1, 2, 4, 4, 1, 1, 4, 2, 1, 1, 1, 1, 2, 1, 2, 1, 1, 1, 1, 3, 2, 3, 0, 4, 0, 1, 1, 0, 3, 2, 2, 4, 0, 1, 1, 3, 2, 0, 1, 2, 2, 1, 4, 0, 3, 2, 1, 1, 2, 1, 3, 1, 1, 2, 3, 0, 4, 3, 1, 4, 1, 1, 2, 4, 1, 2, 1, 1, 3, 1, 3, 1, 1, 1, 1, 1, 1, 1, 1, 2, 3, 1, 1, 2, 1, 2, 2, 3, 1]|[0, 2, 1, 1, 3, 3, 0, 1, 0, 0, 0, 0, 1, 0, 1, 0, 0, 3, 1, 0, 0, 0, 3, 1, 0, 2, 0, 0, 0, 1, 0, 0, 0, 0, 3, 0, 1, 0, 0, 2, 1, 1, 2, 0, 0, 0, 0, 1, 1, 0, 0, 0, 1, 3, 0, 0, 1, 0, 0, 1, 0, 2, 0, 1, 1, 2, 1, 0, 0, 1, 1, 3, 0, 1, 3, 0, 1, 0, 0, 2, 0, 0, 0, 0, 1, 0, 0, 0, 0, 0, 1, 2, 0, 1, 0, 1, 0, 0, 0, 0],787.7354273239397,57319.98389756265,87481.7179896983,true
54,G1_CMAX,G2_TEC,[31, 22, 82, 15, 26, 9, 95, 42, 77, 68, 47, 5, 93, 78, 86, 54, 85, 63, 18, 44, 20, 49, 36, 14, 74, 50, 53, 17, 21, 28, 11, 64, 3, 23, 30, 83, 24, 41, 40, 52, 65, 27, 90, 70, 39, 87, 48, 69, 99, 4, 75, 1, 13, 58, 97, 59, 45, 8, 73, 37, 35, 79, 71, 66, 76, 32, 60, 80, 56, 6, 67, 61, 33, 7, 57, 34, 12, 16, 10, 98, 43, 46, 96, 81, 91, 2, 84, 29, 92, 19, 51, 55, 89, 88, 72, 25, 38, 94, 62, 0]|[2, 1, 1, 1, 1, 2, 1, 1, 1, 1, 1, 0, 2, 2, 1, 2, 0, 0, 0, 2, 2, 1, 0, 2, 0, 2, 2, 1, 0, 1, 1, 1, 0, 0, 1, 0, 2, 1, 2, 2, 0, 0, 1, 1, 1, 0, 0, 2, 1, 0, 0, 2, 0, 2, 2, 0, 1, 1, 0, 0, 2, 1, 1, 2, 2, 0, 2, 2, 2, 1, 2, 1, 1, 2, 0, 1, 1, 2, 1, 2, 1, 2, 0, 1, 1, 0, 0, 1, 0, 1, 1, 0, 1, 1, 1, 1, 0, 2, 1, 0]|[0, 3, 3, 3, 4, 1, 4, 4, 4, 4, 3, 2, 1, 0, 2, 1, 1, 1, 2, 1, 1, 3, 0, 1, 0, 1, 1, 4, 1, 4, 3, 2, 2, 0, 4, 1, 1, 4, 1, 1, 2, 1, 4, 4, 3, 2, 0, 1, 3, 2, 2, 1, 2, 1, 1, 2, 4, 3, 0, 2, 1, 3, 3, 1, 1, 2, 1, 1, 1, 4, 1, 3, 4, 1, 2, 4, 3, 1, 3, 1, 4, 1, 2, 4, 3, 2, 2, 3, 2, 4, 3, 2, 4, 4, 4, 4, 2, 1, 3, 2]|[0, 2, 0, 0, 3, 0, 1, 3, 1, 0, 2, 0, 1, 0, 1, 0, 0, 0, 1, 0, 0, 2, 0, 0, 1, 0, 0, 3, 0, 1, 0, 2, 0, 0, 3, 0, 1, 1, 0, 0, 0, 0, 1, 3, 0, 0, 1, 0, 2, 0, 0, 0, 0, 0, 1, 0, 1, 0, 1, 1, 0, 2, 0, 0, 0, 0, 0, 0, 0, 2, 0, 0, 1, 0, 0, 1, 0, 0, 3, 0, 2, 0, 0, 2, 0, 0, 0, 3, 0, 1, 0, 0, 1, 1, 1, 3, 0, 0, 0, 0],899.6471731898462,48812.572950896196,105341.01212131971,true
54,G4_BALANCED,G4_BALANCED,[31, 22, 42, 15, 26, 58, 95, 82, 77, 12, 47, 5, 93, 78, 98, 54, 85, 63, 18, 44, 20, 35, 43, 97, 91, 76, 10, 30, 21, 61, 71, 64, 1, 23, 17, 83, 24, 45, 60, 36, 6, 57, 94, 88, 65, 56, 79, 40, 67, 68, 46, 75, 38, 9, 19, 32, 81, 41, 27, 62, 87, 90, 99, 59, 11, 16, 4, 73, 70, 39, 37, 84, 3, 96, 25, 55, 28, 29, 51, 7, 33, 14, 86, 48, 89, 50, 66, 92, 53, 80, 72, 8, 34, 49, 52, 0, 13, 2, 69, 74]|[1, 1, 0, 1, 1, 0, 2, 1, 2, 1, 2, 2, 2, 1, 1, 0, 0, 1, 0, 2, 2, 0, 1, 2, 0, 1, 2, 2, 0, 0, 1, 2, 1, 2, 1, 0, 2, 0, 1, 1, 0, 1, 1, 1, 0, 2, 1, 1, 0, 0, 0, 0, 1, 1, 2, 1, 2, 0, 0, 0, 2, 1, 0, 1, 2, 1, 0, 1, 1, 1, 1, 1, 2, 2, 1, 2, 0, 0, 0, 1, 2, 1, 0, 0, 1, 0, 2, 0, 0, 0, 2, 1, 2, 0, 1, 0, 0, 0, 1, 2]|[4, 3, 2, 2, 0, 1, 2, 2, 2, 4, 1, 1, 2, 4, 4, 1, 1, 4, 2, 1, 1, 1, 1, 2, 1, 2, 1, 1, 1, 1, 3, 2, 3, 1, 4, 0, 1, 1, 0, 3, 2, 2, 4, 0, 1, 1, 3, 2, 0, 1, 2, 2, 1, 4, 0, 3, 2, 1, 1, 2, 1, 3, 1, 1, 1, 3, 2, 4, 3, 1, 4, 1, 1, 1, 4, 1, 2, 1, 1, 3, 1, 3, 1, 1, 1, 1, 1, 2, 2, 1, 0, 3, 1, 1, 1, 2, 2, 2, 3, 1]|[0, 2, 1, 1, 3, 0, 0, 1, 0, 0, 0, 0, 1, 0, 1, 0, 0, 3, 1, 0, 0, 0, 3, 1, 0, 2, 0, 0, 0, 1, 0, 0, 0, 0, 3, 0, 1, 0, 0, 2, 1, 1, 2, 0, 0, 0, 0, 1, 1, 0, 0, 0, 1, 3, 0, 0, 1, 0, 0, 1, 0, 2, 0, 1, 0, 2, 1, 0, 0, 1, 1, 3, 0, 0, 3, 0, 1, 0, 0, 2, 0, 0, 0, 0, 1, 0, 0, 1, 1, 0, 1, 2, 0, 1, 1, 0, 0, 0, 0, 0],782.8059516669962,56787.8284952517,90895.83109930129,false
54,G2_TEC,G2_TEC,[31, 94, 82, 15, 26, 9, 95, 42, 77, 68, 47, 5, 93, 78, 86, 54, 85, 63, 18, 44, 20, 49, 36, 14, 74, 50, 53, 17, 21, 28, 11, 64, 3, 23, 30, 83, 24, 41, 40, 52, 65, 27, 90, 70, 39, 87, 48, 69, 99, 4, 98, 1, 13, 56, 97, 59, 45, 8, 73, 37, 35, 79, 71, 66, 76, 32, 60, 80, 58, 6, 67, 61, 33, 7, 57, 34, 12, 16, 10, 22, 96, 88, 43, 81, 91, 2, 84, 29, 92, 19, 89, 55, 51, 46, 25, 75, 38, 72, 62, 0]|[2, 1, 2, 1, 1, 2, 1, 1, 1, 1, 1, 0, 2, 2, 1, 2, 0, 0, 0, 2, 2, 1, 0, 2, 0, 2, 2, 1, 0, 1, 1, 1, 0, 0, 1, 0, 2, 1, 2, 2, 0, 0, 1, 1, 0, 2, 0, 2, 1, 0, 2, 2, 0, 2, 2, 0, 1, 1, 0, 0, 2, 1, 1, 2, 2, 0, 2, 2, 2, 1, 2, 1, 1, 2, 0, 1, 1, 2, 1, 2, 0, 1, 1, 1, 1, 0, 0, 1, 0, 1, 1, 0, 1, 0, 1, 0, 0, 1, 1, 0]|[0, 3, 0, 3, 4, 1, 4, 4, 4, 4, 3, 2, 1, 0, 2, 1, 1, 1, 2, 1, 1, 3, 0, 1, 0, 1, 1, 4, 1, 4, 3, 2, 2, 0, 4, 1, 1, 4, 1, 1, 2, 1, 4, 4, 1, 1, 0, 1, 3, 2, 1, 1, 2, 1, 1, 2, 4, 3, 0, 2, 1, 3, 3, 1, 1, 2, 1, 1, 1, 4, 1, 3, 4, 1, 2, 4, 3, 1, 3, 1, 2, 4, 4, 4, 3, 2, 2, 3, 2, 4, 4, 2, 3, 2, 4, 2, 2, 4, 3, 2]|[0, 2, 0, 0, 3, 0, 1, 3, 1, 0, 2, 0, 1, 0, 1, 0, 0, 0, 1, 0, 0, 2, 0, 0, 1, 0, 0, 3, 0, 1, 0, 2, 0, 0, 3, 0, 1, 1, 0, 0, 0, 0, 1, 3, 0, 0, 1, 0, 2, 0, 0, 0, 0, 0, 1, 0, 1, 0, 1, 1, 0, 2, 0, 0, 0, 0, 0, 0, 0, 2, 0, 0, 1, 0, 0, 1, 0, 0, 3, 0, 0, 1, 2, 2, 0, 0, 0, 3, 0, 1, 1, 0, 0, 0, 3, 0, 0, 1, 0, 0],910.6016522559228,48441.78517559203,107030.90942221809,false
54,G3_TWC,G4_BALANCED,[31, 22, 42, 15, 26, 58, 95, 82, 77, 12, 47, 5, 93, 78, 98, 54, 85, 63, 18, 44, 20, 35, 43, 97, 91, 76, 10, 30, 21, 45, 71, 64, 1, 23, 17, 83, 24, 61, 60, 49, 6, 57, 94, 88, 65, 56, 79, 40, 67, 68, 46, 75, 38, 9, 19, 32, 81, 41, 27, 62, 87, 90, 99, 59, 53, 16, 72, 73, 70, 39, 37, 84, 3, 92, 25, 74, 28, 0, 51, 7, 11, 14, 86, 48, 89, 50, 66, 96, 33, 80, 4, 8, 55, 36, 29, 52, 13, 2, 69, 34]|[1, 1, 0, 1, 1, 1, 2, 1, 2, 1, 2, 2, 2, 1, 1, 0, 0, 1, 0, 2, 2, 0, 1, 2, 0, 1, 2, 2, 0, 0, 1, 2, 1, 0, 1, 0, 2, 0, 1, 1, 0, 1, 1, 1, 0, 2, 1, 1, 0, 0, 0, 0, 1, 1, 2, 1, 2, 0, 0, 0, 2, 1, 0, 1, 0, 1, 2, 1, 1, 1, 1, 1, 2, 0, 1, 2, 0, 0, 0, 1, 2, 1, 0, 0, 1, 0, 0, 2, 2, 0, 0, 1, 2, 0, 0, 1, 0, 0, 1, 2]|[4, 3, 2, 2, 0, 0, 2, 2, 2, 4, 1, 1, 2, 4, 4, 1, 1, 4, 2, 1, 1, 1, 1, 2, 1, 2, 1, 1, 1, 1, 3, 2, 3, 0, 4, 0, 1, 1, 0, 3, 2, 2, 4, 0, 1, 1, 3, 2, 0, 1, 2, 2, 1, 4, 0, 3, 2, 1, 1, 2, 1, 3, 1, 1, 2, 3, 0, 4, 3, 1, 4, 1, 1, 2, 4, 1, 2, 1, 1, 3, 1, 3, 1, 1, 1, 1, 1, 1, 1, 1, 2, 3, 1, 1, 2, 1, 2, 2, 3, 1]|[0, 2, 1, 1, 3, 3, 0, 1, 0, 0, 0, 0, 1, 0, 1, 0, 0, 3, 1, 0, 0, 0, 3, 1, 0, 2, 0, 0, 0, 1, 0, 0, 0, 0, 3, 0, 1, 0, 0, 2, 1, 1, 2, 0, 0, 0, 0, 1, 1, 0, 0, 0, 1, 3, 0, 0, 1, 0, 0, 1, 0, 2, 0, 1, 1, 2, 1, 0, 0, 1, 1, 3, 0, 1, 3, 0, 1, 0, 0, 2, 0, 0, 0, 0, 1, 0, 0, 0, 0, 0, 1, 2, 0, 1, 0, 1, 0, 0, 0, 0],787.7354273239397,57319.98389756265,87481.7179896983,true
54,G1_CMAX,G4_BALANCED,[31, 22, 82, 15, 26, 58, 95, 42, 77, 12, 47, 5, 93, 78, 86, 54, 85, 63, 18, 44, 20, 35, 43, 97, 91, 76, 10, 30, 21, 45, 71, 64, 1, 23, 17, 83, 24, 14, 60, 36, 6, 57, 40, 88, 65, 56, 79, 94, 67, 68, 46, 29, 38, 9, 19, 32, 81, 41, 27, 87, 62, 90, 99, 59, 11, 66, 72, 73, 39, 70, 37, 84, 3, 92, 25, 74, 28, 75, 51, 7, 55, 61, 98, 48, 89, 16, 50, 96, 33, 80, 4, 8, 53, 49, 0, 52, 13, 2, 69, 34]|[1, 1, 0, 1, 1, 0, 1, 2, 2, 1, 2, 2, 2, 1, 1, 0, 0, 1, 0, 2, 2, 0, 1, 2, 0, 1, 2, 2, 0, 0, 1, 2, 1, 2, 1, 0, 2, 0, 1, 1, 0, 1, 1, 1, 0, 2, 1, 1, 0, 0, 0, 0, 1, 1, 2, 1, 2, 0, 0, 2, 2, 1, 0, 1, 2, 2, 2, 1, 1, 1, 1, 1, 1, 0, 1, 2, 0, 0, 0, 1, 2, 1, 2, 0, 1, 1, 0, 2, 2, 0, 1, 1, 0, 0, 0, 1, 0, 0, 1, 2]|[4, 3, 2, 2, 4, 1, 2, 2, 2, 4, 1, 1, 2, 4, 4, 1, 2, 4, 2, 1, 1, 1, 1, 2, 1, 2, 1, 1, 1, 1, 3, 2, 3, 1, 4, 0, 1, 1, 0, 3, 2, 2, 2, 0, 1, 1, 0, 4, 0, 1, 2, 2, 1, 4, 0, 3, 1, 1, 1, 1, 1, 3, 1, 1, 1, 1, 1, 4, 3, 3, 4, 1, 1, 2, 4, 1, 2, 2, 1, 1, 1, 3, 1, 1, 1, 3, 1, 1, 1, 1, 4, 3, 2, 1, 2, 1, 2, 2, 4, 1]|[0, 2, 1, 1, 3, 0, 1, 0, 0, 0, 0, 0, 1, 0, 1, 0, 0, 3, 1, 0, 0, 0, 3, 1, 0, 2, 0, 0, 0, 1, 0, 0, 0, 0, 3, 0, 1, 0, 0, 2, 1, 1, 1, 0, 0, 0, 0, 2, 1, 0, 0, 0, 1, 3, 0, 0, 0, 0, 0, 0, 0, 2, 0, 1, 0, 0, 0, 0, 0, 0, 1, 3, 1, 1, 3, 0, 1, 0, 0, 2, 0, 0, 0, 0, 1, 2, 0, 0, 0, 0, 0, 2, 1, 1, 0, 1, 0, 0, 2, 0],798.0294042478927,55202.006513415756,98789.04139124315,true
54,G4_BALANCED,G4_BALANCED,[31, 11, 15, 82, 26, 9, 95, 32, 77, 68, 47, 5, 93, 78, 86, 54, 85, 63, 18, 44, 20, 49, 36, 14, 74, 50, 53, 17, 21, 45, 71, 64, 3, 23, 30, 83, 24, 41, 60, 52, 65, 27, 90, 70, 39, 87, 48, 69, 99, 4, 46, 1, 13, 58, 97, 59, 28, 75, 73, 37, 35, 79, 22, 66, 76, 42, 40, 80, 96, 6, 16, 61, 33, 7, 57, 34, 12, 67, 10, 98, 56, 88, 29, 94, 91, 51, 19, 92, 43, 84, 38, 72, 81, 8, 2, 55, 62, 89, 25, 0]|[2, 1, 1, 2, 1, 2, 1, 1, 1, 1, 1, 0, 2, 2, 1, 2, 0, 0, 0, 2, 2, 1, 0, 2, 0, 2, 2, 1, 0, 1, 1, 1, 0, 0, 1, 0, 2, 1, 2, 2, 0, 0, 1, 1, 0, 2, 0, 2, 1, 0, 0, 2, 0, 0, 2, 0, 1, 0, 0, 0, 2, 1, 0, 2, 2, 0, 2, 2, 0, 1, 2, 1, 1, 2, 0, 1, 1, 1, 1, 2, 2, 1, 1, 2, 1, 1, 1, 0, 1, 0, 0, 1, 1, 1, 2, 0, 1, 1, 1, 0]|[1, 3, 2, 0, 4, 1, 4, 4, 2, 4, 3, 2, 1, 0, 2, 1, 1, 1, 2, 1, 1, 3, 0, 1, 0, 1, 1, 4, 1, 4, 3, 2, 2, 0, 4, 1, 1, 4, 0, 1, 2, 1, 4, 4, 1, 1, 0, 2, 3, 1, 2, 1, 2, 1, 1, 2, 4, 2, 0, 2, 2, 3, 1, 0, 1, 2, 0, 1, 2, 4, 1, 3, 4, 1, 2, 4, 3, 3, 3, 1, 1, 4, 3, 1, 3, 3, 4, 2, 4, 2, 2, 4, 1, 3, 1, 2, 3, 4, 4, 2]|[1, 2, 1, 0, 3, 0, 1, 3, 0, 0, 2, 0, 1, 0, 1, 0, 0, 0, 1, 0, 0, 2, 0, 0, 1, 0, 0, 3, 0, 1, 0, 2, 0, 1, 3, 0, 1, 3, 1, 0, 0, 0, 1, 3, 0, 0, 1, 0, 2, 0, 0, 0, 0, 0, 1, 0, 1, 0, 1, 1, 0, 2, 0, 0, 0, 0, 0, 0, 0, 2, 0, 0, 1, 0, 0, 1, 0, 0, 3, 0, 0, 1, 0, 0, 0, 0, 3, 0, 2, 0, 0, 2, 1, 0, 0, 0, 0, 1, 3, 0],836.569815134707,52504.092339752446,107095.57005228325,false
54,G2_TEC,G2_TEC,[31, 94, 82, 15, 26, 9, 95, 42, 77, 68, 47, 5, 93, 78, 86, 54, 85, 63, 18, 44, 20, 49, 36, 14, 74, 50, 53, 17, 21, 28, 11, 64, 3, 23, 30, 83, 24, 41, 40, 52, 65, 27, 90, 70, 39, 87, 48, 69, 99, 4, 98, 1, 13, 56, 97, 59, 45, 8, 73, 37, 35, 79, 71, 66, 76, 32, 60, 80, 58, 6, 67, 61, 33, 7, 57, 34, 12, 16, 10, 22, 96, 88, 43, 81, 91, 2, 84, 29, 92, 19, 89, 55, 51, 46, 25, 75, 38, 72, 62, 0]|[2, 1, 2, 1, 1, 2, 1, 1, 1, 1, 1, 0, 2, 2, 1, 2, 0, 0, 0, 2, 2, 1, 0, 2, 0, 2, 2, 1, 0, 1, 1, 1, 0, 0, 1, 0, 2, 1, 2, 2, 0, 0, 1, 1, 0, 2, 0, 2, 1, 0, 2, 2, 0, 2, 2, 0, 1, 1, 0, 0, 2, 1, 1, 2, 2, 0, 2, 2, 2, 1, 2, 1, 1, 2, 0, 1, 1, 2, 1, 2, 0, 1, 1, 1, 1, 0, 0, 1, 0, 1, 1, 0, 1, 0, 1, 0, 0, 1, 1, 0]|[0, 3, 0, 3, 4, 1, 4, 4, 4, 4, 3, 2, 1, 0, 2, 1, 1, 1, 2, 1, 1, 3, 0, 1, 0, 1, 1, 4, 1, 4, 3, 2, 2, 0, 4, 1, 1, 4, 1, 1, 2, 1, 4, 4, 1, 1, 0, 1, 3, 2, 1, 1, 2, 1, 1, 2, 4, 3, 0, 2, 1, 3, 3, 1, 1, 2, 1, 1, 1, 4, 1, 3, 4, 1, 2, 4, 3, 1, 3, 1, 2, 4, 4, 4, 3, 2, 2, 3, 2, 4, 4, 2, 3, 2, 4, 2, 2, 4, 3, 2]|[0, 2, 0, 0, 3, 0, 1, 3, 1, 0, 2, 0, 1, 0, 1, 0, 0, 0, 1, 0, 0, 2, 0, 0, 1, 0, 0, 3, 0, 1, 0, 2, 0, 0, 3, 0, 1, 1, 0, 0, 0, 0, 1, 3, 0, 0, 1, 0, 2, 0, 0, 0, 0, 0, 1, 0, 1, 0, 1, 1, 0, 2, 0, 0, 0, 0, 0, 0, 0, 2, 0, 0, 1, 0, 0, 1, 0, 0, 3, 0, 0, 1, 2, 2, 0, 0, 0, 3, 0, 1, 1, 0, 0, 0, 3, 0, 0, 1, 0, 0],910.6016522559228,48441.78517559203,107030.90942221809,false
54,G3_TWC,G4_BALANCED,[31, 22, 42, 15, 26, 58, 95, 82, 77, 12, 47, 5, 93, 78, 98, 54, 85, 63, 18, 44, 20, 35, 43, 97, 91, 76, 10, 30, 21, 45, 71, 64, 1, 23, 17, 83, 24, 61, 60, 49, 6, 57, 94, 88, 65, 56, 79, 40, 67, 68, 46, 75, 38, 9, 19, 32, 81, 41, 27, 62, 87, 90, 99, 59, 53, 16, 72, 73, 70, 39, 37, 84, 3, 92, 25, 74, 28, 0, 51, 7, 11, 14, 86, 48, 89, 50, 66, 96, 33, 80, 4, 8, 55, 36, 29, 52, 13, 2, 69, 34]|[1, 1, 0, 1, 1, 1, 2, 1, 2, 1, 2, 2, 2, 1, 1, 0, 0, 1, 0, 2, 2, 0, 1, 2, 0, 1, 2, 2, 0, 0, 1, 2, 1, 0, 1, 0, 2, 0, 1, 1, 0, 1, 1, 1, 0, 2, 1, 1, 0, 0, 0, 0, 1, 1, 2, 1, 2, 0, 0, 0, 2, 1, 0, 1, 0, 1, 2, 1, 1, 1, 1, 1, 2, 0, 1, 2, 0, 0, 0, 1, 2, 1, 0, 0, 1, 0, 0, 2, 2, 0, 0, 1, 2, 0, 0, 1, 0, 0, 1, 2]|[4, 3, 2, 2, 0, 0, 2, 2, 2, 4, 1, 1, 2, 4, 4, 1, 1, 4, 2, 1, 1, 1, 1, 2, 1, 2, 1, 1, 1, 1, 3, 2, 3, 0, 4, 0, 1, 1, 0, 3, 2, 2, 4, 0, 1, 1, 3, 2, 0, 1, 2, 2, 1, 4, 0, 3, 2, 1, 1, 2, 1, 3, 1, 1, 2, 3, 0, 4, 3, 1, 4, 1, 1, 2, 4, 1, 2, 1, 1, 3, 1, 3, 1, 1, 1, 1, 1, 1, 1, 1, 2, 3, 1, 1, 2, 1, 2, 2, 3, 1]|[0, 2, 1, 1, 3, 3, 0, 1, 0, 0, 0, 0, 1, 0, 1, 0, 0, 3, 1, 0, 0, 0, 3, 1, 0, 2, 0, 0, 0, 1, 0, 0, 0, 0, 3, 0, 1, 0, 0, 2, 1, 1, 2, 0, 0, 0, 0, 1, 1, 0, 0, 0, 1, 3, 0, 0, 1, 0, 0, 1, 0, 2, 0, 1, 1, 2, 1, 0, 0, 1, 1, 3, 0, 1, 3, 0, 1, 0, 0, 2, 0, 0, 0, 0, 1, 0, 0, 0, 0, 0, 1, 2, 0, 1, 0, 1, 0, 0, 0, 0],787.7354273239397,57319.98389756265,87481.7179896983,true
54,G1_CMAX,G1_CMAX,[31, 22, 42, 15, 26, 58, 95, 82, 77, 12, 47, 5, 93, 78, 98, 54, 85, 63, 18, 44, 20, 35, 43, 97, 91, 76, 10, 30, 21, 61, 71, 64, 1, 23, 17, 83, 24, 45, 60, 36, 6, 57, 94, 88, 65, 56, 79, 40, 67, 68, 46, 75, 38, 9, 19, 32, 81, 41, 27, 62, 87, 90, 99, 59, 11, 16, 72, 73, 70, 39, 37, 84, 3, 92, 25, 74, 28, 69, 51, 7, 53, 14, 86, 48, 89, 50, 66, 96, 33, 80, 4, 8, 0, 49, 55, 52, 13, 2, 29, 34]|[1, 1, 0, 1, 1, 1, 2, 1, 2, 1, 2, 2, 2, 1, 1, 0, 0, 1, 0, 2, 2, 0, 1, 2, 0, 1, 2, 2, 0, 0, 1, 0, 1, 2, 1, 2, 2, 0, 1, 1, 0, 1, 1, 1, 0, 2, 1, 1, 0, 0, 0, 0, 1, 1, 2, 1, 2, 0, 0, 0, 2, 1, 0, 1, 2, 1, 2, 1, 1, 1, 1, 1, 2, 0, 1, 2, 0, 1, 0, 0, 0, 1, 0, 0, 1, 1, 2, 0, 2, 0, 1, 1, 0, 0, 1, 1, 0, 0, 2, 2]|[4, 3, 2, 2, 0, 0, 2, 2, 2, 4, 1, 1, 2, 4, 4, 1, 1, 4, 2, 1, 1, 1, 1, 2, 1, 2, 1, 1, 1, 1, 3, 2, 3, 0, 4, 1, 1, 1, 0, 3, 2, 2, 4, 0, 1, 1, 0, 2, 0, 1, 2, 2, 1, 4, 0, 3, 2, 1, 1, 2, 1, 3, 1, 1, 1, 3, 0, 4, 3, 1, 4, 1, 1, 2, 4, 1, 2, 4, 1, 1, 2, 3, 1, 1, 1, 3, 1, 1, 1, 1, 4, 3, 2, 1, 4, 1, 2, 2, 0, 1]|[0, 2, 1, 1, 3, 3, 0, 1, 0, 0, 0, 0, 1, 0, 1, 0, 0, 3, 1, 0, 0, 0, 3, 1, 0, 2, 0, 0, 0, 0, 0, 1, 0, 0, 3, 0, 1, 0, 0, 2, 1, 1, 2, 0, 0, 0, 0, 1, 1, 0, 0, 0, 1, 3, 0, 0, 1, 0, 0, 1, 0, 2, 0, 1, 0, 2, 1, 0, 0, 1, 1, 3, 0, 1, 3, 0, 1, 2, 0, 0, 1, 0, 0, 0, 1, 2, 0, 0, 0, 0, 0, 2, 0, 1, 3, 1, 0, 0, 1, 0],715.0586507219446,58119.59430645537,91441.9850121357,false
54,G4_BALANCED,G2_TEC,[31, 22, 82, 15, 26, 9, 95, 42, 77, 68, 47, 5, 93, 78, 86, 54, 85, 63, 18, 44, 20, 49, 36, 14, 74, 50, 53, 17, 21, 28, 11, 64, 3, 23, 30, 83, 24, 41, 40, 52, 65, 27, 90, 70, 39, 87, 48, 69, 99, 4, 75, 1, 13, 58, 97, 59, 45, 8, 73, 37, 66, 79, 71, 35, 76, 32, 60, 80, 56, 6, 67, 61, 33, 7, 57, 34, 12, 16, 10, 98, 96, 88, 43, 81, 91, 2, 84, 29, 92, 19, 51, 89, 55, 25, 72, 0, 46, 38, 62, 94]|[2, 1, 2, 1, 1, 2, 1, 1, 1, 1, 1, 0, 2, 0, 1, 2, 0, 0, 0, 2, 2, 1, 0, 2, 0, 2, 2, 1, 0, 1, 1, 1, 0, 0, 1, 0, 2, 1, 2, 2, 0, 0, 1, 1, 0, 2, 0, 2, 1, 0, 0, 2, 0, 2, 2, 0, 1, 1, 0, 0, 2, 1, 1, 2, 2, 0, 2, 2, 2, 1, 2, 1, 1, 2, 0, 1, 1, 2, 1, 2, 0, 1, 1, 1, 1, 0, 0, 1, 0, 1, 1, 1, 0, 1, 1, 0, 0, 0, 1, 2]|[0, 3, 0, 3, 4, 1, 4, 4, 4, 4, 3, 2, 1, 2, 2, 1, 1, 1, 2, 1, 1, 3, 0, 1, 0, 1, 1, 4, 1, 4, 3, 2, 2, 0, 4, 1, 1, 4, 1, 1, 2, 1, 4, 4, 1, 1, 0, 1, 3, 2, 2, 1, 2, 1, 1, 2, 4, 3, 0, 2, 1, 3, 3, 1, 1, 2, 1, 1, 1, 4, 1, 3, 4, 1, 2, 4, 3, 1, 3, 1, 2, 4, 4, 4, 3, 2, 2, 3, 2, 4, 3, 4, 2, 4, 4, 2, 2, 2, 3, 1]|[0, 2, 0, 0, 3, 0, 1, 3, 1, 0, 2, 0, 1, 0, 1, 0, 0, 0, 1, 0, 0, 2, 0, 0, 1, 0, 0, 3, 0, 1, 0, 2, 0, 0, 3, 0, 1, 1, 0, 0, 0, 0, 1, 3, 0, 0, 1, 0, 2, 0, 0, 0, 0, 0, 1, 0, 1, 0, 1, 1, 0, 2, 0, 0, 0, 0, 0, 0, 0, 2, 0, 0, 1, 0, 0, 1, 0, 0, 3, 0, 0, 1, 2, 2, 0, 0, 0, 3, 0, 1, 0, 1, 0, 3, 1, 0, 0, 0, 0, 0],936.375529944275,48320.73208833109,107058.6522869202,true
54,G2_TEC,G2_TEC,[31, 94, 82, 15, 26, 9, 95, 42, 77, 68, 47, 5, 93, 78, 86, 54, 85, 63, 18, 44, 20, 49, 36, 14, 74, 50, 53, 17, 21, 28, 11, 64, 3, 23, 30, 83, 24, 41, 40, 52, 65, 27, 90, 70, 39, 87, 48, 69, 99, 4, 98, 1, 13, 56, 97, 59, 45, 8, 73, 37, 35, 79, 71, 66, 76, 32, 60, 80, 58, 6, 67, 61, 33, 7, 57, 34, 12, 16, 10, 22, 96, 88, 43, 81, 91, 2, 84, 29, 92, 19, 89, 55, 51, 46, 25, 75, 38, 72, 62, 0]|[2, 1, 2, 1, 1, 2, 1, 1, 1, 1, 1, 0, 2, 2, 1, 2, 0, 0, 0, 2, 2, 1, 0, 2, 0, 2, 2, 1, 0, 1, 1, 1, 0, 0, 1, 0, 2, 1, 2, 2, 0, 0, 1, 1, 0, 2, 0, 2, 1, 0, 2, 2, 0, 2, 2, 0, 1, 1, 0, 0, 2, 1, 1, 2, 2, 0, 2, 2, 2, 1, 2, 1, 1, 2, 0, 1, 1, 2, 1, 2, 0, 1, 1, 1, 1, 0, 0, 1, 0, 1, 1, 0, 1, 0, 1, 0, 0, 1, 1, 0]|[0, 3, 0, 3, 4, 1, 4, 4, 4, 4, 3, 2, 1, 0, 2, 1, 1, 1, 2, 1, 1, 3, 0, 1, 0, 1, 1, 4, 1, 4, 3, 2, 2, 0, 4, 1, 1, 4, 1, 1, 2, 1, 4, 4, 1, 1, 0, 1, 3, 2, 1, 1, 2, 1, 1, 2, 4, 3, 0, 2, 1, 3, 3, 1, 1, 2, 1, 1, 1, 4, 1, 3, 4, 1, 2, 4, 3, 1, 3, 1, 2, 4, 4, 4, 3, 2, 2, 3, 2, 4, 4, 2, 3, 2, 4, 2, 2, 4, 3, 2]|[0, 2, 0, 0, 3, 0, 1, 3, 1, 0, 2, 0, 1, 0, 1, 0, 0, 0, 1, 0, 0, 2, 0, 0, 1, 0, 0, 3, 0, 1, 0, 2, 0, 0, 3, 0, 1, 1, 0, 0, 0, 0, 1, 3, 0, 0, 1, 0, 2, 0, 0, 0, 0, 0, 1, 0, 1, 0, 1, 1, 0, 2, 0, 0, 0, 0, 0, 0, 0, 2, 0, 0, 1, 0, 0, 1, 0, 0, 3, 0, 0, 1, 2, 2, 0, 0, 0, 3, 0, 1, 1, 0, 0, 0, 3, 0, 0, 1, 0, 0],910.6016522559228,48441.78517559203,107030.90942221809,false
54,G3_TWC,G4_BALANCED,[31, 22, 42, 15, 26, 58, 95, 82, 77, 12, 47, 5, 93, 78, 98, 54, 85, 63, 18, 44, 20, 35, 43, 97, 91, 76, 10, 30, 21, 45, 71, 64, 1, 23, 17, 83, 24, 61, 60, 49, 6, 57, 94, 88, 65, 56, 79, 40, 67, 68, 46, 75, 38, 9, 19, 32, 81, 41, 27, 62, 87, 90, 99, 59, 53, 16, 72, 73, 70, 39, 37, 84, 3, 92, 25, 74, 28, 0, 51, 7, 11, 14, 86, 48, 89, 50, 66, 96, 33, 80, 4, 8, 55, 36, 29, 52, 13, 2, 69, 34]|[1, 1, 0, 1, 1, 1, 2, 1, 2, 1, 2, 2, 2, 1, 1, 0, 0, 1, 0, 2, 2, 0, 1, 2, 0, 1, 2, 2, 0, 0, 1, 2, 1, 0, 1, 0, 2, 0, 1, 1, 0, 1, 1, 1, 0, 2, 1, 1, 0, 0, 0, 0, 1, 1, 2, 1, 2, 0, 0, 0, 2, 1, 0, 1, 0, 1, 2, 1, 1, 1, 1, 1, 2, 0, 1, 2, 0, 0, 0, 1, 2, 1, 0, 0, 1, 0, 0, 2, 2, 0, 0, 1, 2, 0, 0, 1, 0, 0, 1, 2]|[4, 3, 2, 2, 0, 0, 2, 2, 2, 4, 1, 1, 2, 4, 4, 1, 1, 4, 2, 1, 1, 1, 1, 2, 1, 2, 1, 1, 1, 1, 3, 2, 3, 0, 4, 0, 1, 1, 0, 3, 2, 2, 4, 0, 1, 1, 3, 2, 0, 1, 2, 2, 1, 4, 0, 3, 2, 1, 1, 2, 1, 3, 1, 1, 2, 3, 0, 4, 3, 1, 4, 1, 1, 2, 4, 1, 2, 1, 1, 3, 1, 3, 1, 1, 1, 1, 1, 1, 1, 1, 2, 3, 1, 1, 2, 1, 2, 2, 3, 1]|[0, 2, 1, 1, 3, 3, 0, 1, 0, 0, 0, 0, 1, 0, 1, 0, 0, 3, 1, 0, 0, 0, 3, 1, 0, 2, 0, 0, 0, 1, 0, 0, 0, 0, 3, 0, 1, 0, 0, 2, 1, 1, 2, 0, 0, 0, 0, 1, 1, 0, 0, 0, 1, 3, 0, 0, 1, 0, 0, 1, 0, 2, 0, 1, 1, 2, 1, 0, 0, 1, 1, 3, 0, 1, 3, 0, 1, 0, 0, 2, 0, 0, 0, 0, 1, 0, 0, 0, 0, 0, 1, 2, 0, 1, 0, 1, 0, 0, 0, 0],787.7354273239397,57319.98389756265,87481.7179896983,true
54,G1_CMAX,G4_BALANCED,[31, 22, 42, 15, 26, 58, 95, 82, 77, 12, 47, 5, 93, 78, 98, 54, 85, 63, 18, 44, 20, 35, 43, 97, 91, 76, 10, 30, 21, 45, 71, 64, 1, 23, 17, 83, 24, 61, 60, 36, 6, 57, 94, 88, 65, 56, 79, 40, 67, 68, 46, 75, 38, 9, 19, 32, 81, 41, 27, 62, 87, 90, 99, 59, 11, 16, 72, 73, 70, 39, 37, 84, 3, 92, 25, 55, 28, 29, 51, 7, 33, 14, 86, 48, 89, 50, 66, 96, 53, 80, 4, 8, 74, 49, 0, 52, 13, 2, 69, 34]|[1, 1, 0, 1, 1, 1, 2, 1, 2, 1, 2, 2, 2, 1, 1, 0, 0, 1, 0, 2, 2, 0, 1, 2, 0, 1, 2, 2, 0, 0, 1, 2, 1, 2, 1, 0, 2, 0, 1, 1, 0, 1, 1, 1, 0, 2, 1, 1, 0, 0, 0, 0, 1, 1, 2, 1, 2, 2, 0, 0, 2, 1, 0, 1, 2, 1, 2, 1, 1, 1, 1, 1, 2, 0, 1, 1, 0, 0, 0, 1, 2, 1, 0, 0, 1, 0, 0, 2, 2, 0, 0, 1, 2, 0, 0, 1, 0, 0, 1, 2]|[4, 3, 2, 2, 0, 0, 2, 2, 2, 4, 1, 1, 2, 4, 4, 1, 1, 4, 2, 1, 1, 1, 1, 2, 1, 2, 1, 1, 1, 1, 3, 2, 3, 0, 4, 0, 1, 1, 0, 3, 2, 2, 4, 0, 1, 1, 0, 2, 0, 1, 2, 2, 1, 4, 0, 3, 2, 1, 1, 2, 1, 3, 1, 1, 1, 3, 0, 4, 3, 1, 4, 1, 1, 2, 4, 4, 2, 1, 1, 3, 1, 3, 1, 1, 1, 1, 1, 1, 1, 1, 2, 3, 1, 1, 2, 1, 2, 2, 3, 1]|[0, 2, 1, 1, 3, 3, 0, 1, 0, 0, 0, 0, 1, 0, 1, 0, 0, 3, 1, 0, 0, 0, 3, 1, 0, 2, 0, 0, 0, 1, 0, 0, 0, 0, 3, 0, 1, 0, 0, 2, 1, 1, 2, 0, 0, 0, 0, 1, 1, 0, 0, 0, 1, 3, 0, 0, 1, 0, 0, 1, 0, 2, 0, 1, 0, 2, 1, 0, 0, 1, 1, 3, 0, 1, 3, 3, 1, 0, 0, 2, 0, 0, 0, 0, 1, 0, 0, 0, 0, 0, 1, 2, 0, 1, 0, 1, 0, 0, 0, 0],738.2392969995859,57027.556593516965,90839.38194557294,true
54,G4_BALANCED,G2_TEC,[31, 94, 82, 15, 26, 9, 95, 42, 77, 68, 47, 5, 93, 78, 86, 54, 85, 63, 18, 44, 20, 49, 36, 14, 74, 50, 53, 17, 21, 28, 11, 64, 3, 23, 30, 83, 24, 41, 40, 52, 65, 27, 90, 70, 39, 87, 48, 69, 99, 4, 98, 1, 13, 56, 97, 59, 45, 8, 73, 37, 35, 79, 71, 66, 76, 32, 60, 80, 58, 6, 67, 61, 33, 7, 57, 34, 12, 16, 10, 22, 96, 88, 43, 81, 91, 2, 84, 29, 92, 19, 89, 55, 51, 46, 25, 75, 38, 72, 62, 0]|[2, 1, 2, 1, 1, 2, 1, 1, 1, 1, 1, 0, 2, 2, 1, 2, 0, 0, 0, 2, 2, 1, 0, 2, 0, 2, 2, 1, 0, 1, 1, 1, 0, 0, 1, 0, 2, 1, 2, 2, 0, 0, 1, 1, 0, 2, 0, 2, 1, 0, 2, 2, 0, 2, 2, 0, 1, 1, 0, 0, 2, 1, 1, 2, 2, 0, 2, 2, 2, 1, 2, 1, 1, 2, 0, 1, 1, 2, 1, 2, 0, 1, 1, 1, 1, 0, 0, 1, 0, 1, 1, 0, 1, 0, 1, 0, 0, 1, 1, 0]|[0, 3, 0, 3, 4, 1, 4, 4, 4, 4, 3, 2, 1, 0, 2, 1, 1, 1, 2, 1, 1, 3, 0, 1, 0, 1, 1, 4, 1, 4, 3, 2, 2, 0, 4, 1, 1, 4, 1, 1, 2, 1, 4, 4, 1, 1, 0, 1, 3, 2, 1, 1, 2, 1, 1, 2, 4, 3, 0, 2, 1, 3, 3, 1, 1, 2, 1, 1, 1, 4, 1, 3, 4, 1, 2, 4, 3, 1, 3, 1, 2, 4, 4, 4, 3, 2, 2, 3, 2, 4, 4, 2, 3, 2, 4, 2, 2, 4, 3, 2]|[0, 2, 0, 0, 3, 0, 1, 3, 1, 0, 2, 0, 1, 0, 1, 0, 0, 0, 1, 0, 0, 2, 0, 0, 1, 0, 0, 3, 0, 1, 0, 2, 0, 0, 3, 0, 1, 1, 0, 0, 0, 0, 1, 3, 0, 0, 1, 0, 2, 0, 0, 0, 0, 0, 1, 0, 1, 0, 1, 1, 0, 2, 0, 0, 0, 0, 0, 0, 0, 2, 0, 0, 1, 0, 0, 1, 0, 0, 3, 0, 0, 1, 2, 2, 0, 0, 0, 3, 0, 1, 1, 0, 0, 0, 3, 0, 0, 1, 0, 0],910.6016522559228,48441.78517559203,107030.90942221809,true
54,G2_TEC,G2_TEC,[31, 94, 82, 15, 26, 9, 95, 42, 77, 68, 47, 5, 93, 78, 86, 54, 85, 63, 18, 44, 20, 49, 36, 14, 74, 50, 53, 17, 21, 28, 11, 64, 3, 23, 30, 83, 24, 41, 40, 52, 65, 27, 90, 70, 39, 87, 48, 69, 99, 4, 98, 1, 13, 56, 97, 59, 45, 8, 73, 37, 35, 79, 71, 66, 76, 32, 60, 80, 58, 6, 67, 61, 33, 7, 57, 34, 12, 16, 10, 22, 96, 88, 43, 81, 91, 2, 84, 29, 92, 19, 89, 55, 51, 46, 25, 75, 38, 72, 62, 0]|[2, 1, 2, 1, 1, 2, 1, 1, 1, 1, 1, 0, 2, 2, 1, 2, 0, 0, 0, 2, 2, 1, 0, 2, 0, 2, 2, 1, 0, 1, 1, 1, 0, 0, 1, 0, 2, 1, 2, 2, 0, 0, 1, 1, 0, 2, 0, 2, 1, 0, 2, 2, 0, 2, 2, 0, 1, 1, 0, 0, 2, 1, 1, 2, 2, 0, 2, 2, 2, 1, 2, 1, 1, 2, 0, 1, 1, 2, 1, 2, 0, 1, 1, 1, 1, 0, 0, 1, 0, 1, 1, 0, 1, 0, 1, 0, 0, 1, 1, 0]|[0, 3, 0, 3, 4, 1, 4, 4, 4, 4, 3, 2, 1, 0, 2, 1, 1, 1, 2, 1, 1, 3, 0, 1, 0, 1, 1, 4, 1, 4, 3, 2, 2, 0, 4, 1, 1, 4, 1, 1, 2, 1, 4, 4, 1, 1, 0, 1, 3, 2, 1, 1, 2, 1, 1, 2, 4, 3, 0, 2, 1, 3, 3, 1, 1, 2, 1, 1, 1, 4, 1, 3, 4, 1, 2, 4, 3, 1, 3, 1, 2, 4, 4, 4, 3, 2, 2, 3, 2, 4, 4, 2, 3, 2, 4, 2, 2, 4, 3, 2]|[0, 2, 0, 0, 3, 0, 1, 3, 1, 0, 2, 0, 1, 0, 1, 0, 0, 0, 1, 0, 0, 2, 0, 0, 1, 0, 0, 3, 0, 1, 0, 2, 0, 0, 3, 0, 1, 1, 0, 0, 0, 0, 1, 3, 0, 0, 1, 0, 2, 0, 0, 0, 0, 0, 1, 0, 1, 0, 1, 1, 0, 2, 0, 0, 0, 0, 0, 0, 0, 2, 0, 0, 1, 0, 0, 1, 0, 0, 3, 0, 0, 1, 2, 2, 0, 0, 0, 3, 0, 1, 1, 0, 0, 0, 3, 0, 0, 1, 0, 0],910.6016522559228,48441.78517559203,107030.90942221809,false
54,G3_TWC,G4_BALANCED,[31, 22, 42, 15, 26, 58, 95, 82, 77, 12, 47, 5, 93, 78, 98, 54, 85, 63, 18, 44, 20, 35, 43, 97, 91, 76, 10, 30, 21, 45, 71, 64, 1, 23, 17, 83, 24, 61, 60, 49, 6, 57, 94, 88, 65, 56, 79, 40, 67, 68, 46, 75, 38, 9, 19, 32, 81, 41, 27, 62, 87, 90, 99, 59, 53, 16, 72, 73, 70, 39, 37, 84, 3, 92, 25, 74, 28, 0, 51, 7, 11, 14, 86, 48, 89, 50, 66, 96, 33, 80, 4, 8, 55, 36, 29, 52, 13, 2, 69, 34]|[1, 1, 0, 1, 1, 1, 2, 1, 2, 1, 2, 2, 2, 1, 1, 0, 0, 1, 0, 2, 2, 0, 1, 2, 0, 1, 2, 2, 0, 0, 1, 2, 1, 0, 1, 0, 2, 0, 1, 1, 0, 1, 1, 1, 0, 2, 1, 1, 0, 0, 0, 0, 1, 1, 2, 1, 2, 0, 0, 0, 2, 1, 0, 1, 0, 1, 2, 1, 1, 1, 1, 1, 2, 0, 1, 2, 0, 0, 0, 1, 2, 1, 0, 0, 1, 0, 0, 2, 2, 0, 0, 1, 2, 0, 0, 1, 0, 0, 1, 2]|[4, 3, 2, 2, 0, 0, 2, 2, 2, 4, 1, 1, 2, 4, 4, 1, 1, 4, 2, 1, 1, 1, 1, 2, 1, 2, 1, 1, 1, 1, 3, 2, 3, 0, 4, 0, 1, 1, 0, 3, 2, 2, 4, 0, 1, 1, 3, 2, 0, 1, 2, 2, 1, 4, 0, 3, 2, 1, 1, 2, 1, 3, 1, 1, 2, 3, 0, 4, 3, 1, 4, 1, 1, 2, 4, 1, 2, 1, 1, 3, 1, 3, 1, 1, 1, 1, 1, 1, 1, 1, 2, 3, 1, 1, 2, 1, 2, 2, 3, 1]|[0, 2, 1, 1, 3, 3, 0, 1, 0, 0, 0, 0, 1, 0, 1, 0, 0, 3, 1, 0, 0, 0, 3, 1, 0, 2, 0, 0, 0, 1, 0, 0, 0, 0, 3, 0, 1, 0, 0, 2, 1, 1, 2, 0, 0, 0, 0, 1, 1, 0, 0, 0, 1, 3, 0, 0, 1, 0, 0, 1, 0, 2, 0, 1, 1, 2, 1, 0, 0, 1, 1, 3, 0, 1, 3, 0, 1, 0, 0, 2, 0, 0, 0, 0, 1, 0, 0, 0, 0, 0, 1, 2, 0, 1, 0, 1, 0, 0, 0, 0],787.7354273239397,57319.98389756265,87481.7179896983,true
54,G1_CMAX,G1_CMAX,[31, 22, 90, 26, 58, 95, 42, 12, 93, 5, 78, 86, 98, 18, 20, 35, 3, 97, 91, 76, 10, 85, 54, 45, 63, 71, 66, 1, 23, 17, 24, 60, 36, 6, 57, 15, 65, 56, 47, 79, 94, 67, 50, 46, 14, 75, 38, 9, 30, 19, 32, 81, 27, 92, 83, 87, 40, 99, 59, 11, 53, 16, 72, 77, 73, 70, 39, 37, 84, 43, 62, 25, 55, 28, 29, 51, 68, 82, 74, 61, 88, 21, 80, 89, 7, 69, 96, 41, 48, 4, 8, 34, 49, 52, 0, 44, 13, 2, 64, 33]|[1, 1, 1, 1, 0, 2, 1, 1, 2, 2, 2, 1, 0, 1, 2, 2, 1, 2, 0, 1, 2, 2, 2, 0, 0, 1, 2, 1, 2, 1, 2, 1, 1, 0, 1, 1, 0, 2, 2, 1, 1, 0, 0, 0, 0, 1, 1, 1, 1, 2, 1, 2, 2, 0, 0, 2, 1, 0, 0, 2, 0, 1, 2, 2, 1, 1, 1, 1, 1, 1, 0, 1, 1, 0, 0, 0, 0, 0, 2, 1, 1, 0, 0, 1, 1, 1, 2, 2, 0, 1, 1, 2, 0, 1, 0, 0, 0, 0, 2, 2]|[0, 4, 3, 0, 1, 1, 2, 4, 1, 1, 2, 4, 1, 4, 1, 1, 1, 2, 2, 2, 2, 1, 1, 1, 2, 3, 2, 3, 0, 4, 1, 0, 3, 2, 2, 2, 1, 1, 1, 0, 2, 0, 1, 2, 1, 3, 1, 4, 2, 0, 3, 2, 1, 2, 1, 1, 4, 1, 1, 1, 2, 3, 0, 2, 4, 3, 1, 4, 1, 1, 1, 4, 4, 2, 1, 1, 1, 2, 1, 3, 0, 1, 1, 1, 1, 3, 1, 1, 1, 4, 3, 1, 1, 1, 2, 2, 2, 2, 1, 1]|[3, 0, 2, 3, 0, 0, 1, 0, 0, 0, 1, 0, 0, 3, 0, 0, 1, 1, 1, 2, 1, 0, 0, 0, 0, 0, 0, 0, 0, 3, 1, 0, 2, 1, 1, 1, 0, 0, 0, 0, 1, 1, 0, 0, 0, 0, 1, 3, 2, 0, 0, 1, 0, 1, 0, 0, 2, 0, 0, 0, 1, 2, 1, 1, 0, 0, 1, 1, 3, 3, 0, 3, 3, 1, 0, 0, 0, 1, 0, 0, 0, 0, 0, 1, 2, 2, 0, 0, 0, 0, 2, 0, 1, 1, 0, 0, 0, 0, 0, 0],705.0470749739228,58445.79123614564,95781.2895945797,false
54,G4_BALANCED,G4_BALANCED,[31, 11, 82, 15, 26, 9, 95, 42, 77, 68, 47, 5, 93, 78, 86, 54, 85, 63, 18, 44, 20, 49, 36, 14, 74, 50, 53, 17, 21, 45, 71, 64, 3, 23, 30, 83, 24, 41, 60, 52, 65, 27, 90, 70, 39, 87, 48, 69, 99, 4, 46, 1, 13, 58, 97, 59, 28, 75, 73, 37, 35, 79, 22, 66, 76, 32, 40, 80, 96, 6, 16, 61, 33, 7, 57, 34, 12, 67, 10, 98, 56, 88, 29, 8, 91, 38, 19, 92, 43, 2, 89, 72, 51, 25, 84, 55, 62, 81, 94, 0]|[2, 1, 2, 1, 1, 2, 1, 1, 1, 1, 1, 0, 2, 2, 1, 2, 0, 0, 0, 2, 2, 1, 0, 2, 0, 2, 2, 1, 0, 1, 1, 1, 0, 0, 2, 0, 2, 1, 2, 2, 0, 0, 1, 1, 0, 2, 0, 2, 1, 0, 0, 2, 0, 0, 2, 0, 1, 1, 0, 0, 2, 1, 0, 2, 2, 0, 2, 2, 0, 1, 2, 1, 2, 2, 0, 1, 1, 1, 1, 2, 2, 1, 1, 0, 1, 0, 1, 0, 1, 2, 1, 1, 1, 1, 0, 0, 1, 1, 2, 0]|[0, 3, 0, 2, 4, 1, 4, 4, 2, 4, 3, 2, 1, 0, 2, 1, 1, 1, 2, 1, 1, 3, 0, 1, 0, 1, 1, 4, 1, 4, 3, 2, 2, 0, 1, 1, 1, 4, 0, 1, 2, 1, 4, 4, 1, 1, 0, 2, 3, 2, 2, 1, 2, 1, 1, 2, 4, 3, 0, 2, 2, 3, 1, 0, 1, 2, 0, 1, 2, 4, 1, 3, 1, 1, 2, 4, 3, 3, 3, 1, 1, 4, 3, 2, 3, 2, 4, 2, 4, 1, 4, 4, 3, 4, 2, 2, 3, 4, 1, 2]|[0, 2, 0, 1, 3, 0, 1, 3, 0, 0, 2, 0, 1, 0, 1, 0, 0, 0, 1, 0, 0, 2, 0, 0, 1, 0, 0, 3, 0, 1, 0, 2, 0, 1, 0, 0, 1, 3, 1, 0, 0, 0, 1, 3, 0, 0, 1, 0, 2, 0, 0, 0, 0, 0, 1, 0, 1, 0, 1, 1, 0, 2, 0, 0, 0, 0, 1, 0, 0, 2, 0, 0, 0, 0, 0, 1, 0, 0, 3, 0, 0, 1, 3, 0, 0, 0, 1, 0, 2, 0, 1, 2, 0, 3, 0, 0, 0, 1, 0, 0],852.5184451675896,52077.87777408223,105904.01879381535,false
54,G2_TEC,G2_TEC,[31, 94, 82, 15, 26, 9, 95, 42, 77, 68, 47, 5, 93, 78, 86, 54, 85, 63, 18, 44, 20, 49, 36, 14, 74, 50, 53, 17, 21, 28, 11, 64, 3, 23, 30, 83, 24, 41, 40, 52, 65, 27, 90, 70, 39, 87, 48, 69, 99, 4, 98, 1, 13, 56, 97, 59, 45, 8, 73, 37, 35, 79, 71, 66, 76, 32, 60, 80, 58, 6, 67, 61, 33, 7, 57, 34, 12, 16, 10, 22, 96, 88, 43, 81, 91, 2, 84, 29, 92, 19, 89, 55, 51, 46, 25, 75, 38, 72, 62, 0]|[2, 1, 2, 1, 1, 2, 1, 1, 1, 1, 1, 0, 2, 2, 1, 2, 0, 0, 0, 2, 2, 1, 0, 2, 0, 2, 2, 1, 0, 1, 1, 1, 0, 0, 1, 0, 2, 1, 2, 2, 0, 0, 1, 1, 0, 2, 0, 2, 1, 0, 2, 2, 0, 2, 2, 0, 1, 1, 0, 0, 2, 1, 1, 2, 2, 0, 2, 2, 2, 1, 2, 1, 1, 2, 0, 1, 1, 2, 1, 2, 0, 1, 1, 1, 1, 0, 0, 1, 0, 1, 1, 0, 1, 0, 1, 0, 0, 1, 1, 0]|[0, 3, 0, 3, 4, 1, 4, 4, 4, 4, 3, 2, 1, 0, 2, 1, 1, 1, 2, 1, 1, 3, 0, 1, 0, 1, 1, 4, 1, 4, 3, 2, 2, 0, 4, 1, 1, 4, 1, 1, 2, 1, 4, 4, 1, 1, 0, 1, 3, 2, 1, 1, 2, 1, 1, 2, 4, 3, 0, 2, 1, 3, 3, 1, 1, 2, 1, 1, 1, 4, 1, 3, 4, 1, 2, 4, 3, 1, 3, 1, 2, 4, 4, 4, 3, 2, 2, 3, 2, 4, 4, 2, 3, 2, 4, 2, 2, 4, 3, 2]|[0, 2, 0, 0, 3, 0, 1, 3, 1, 0, 2, 0, 1, 0, 1, 0, 0, 0, 1, 0, 0, 2, 0, 0, 1, 0, 0, 3, 0, 1, 0, 2, 0, 0, 3, 0, 1, 1, 0, 0, 0, 0, 1, 3, 0, 0, 1, 0, 2, 0, 0, 0, 0, 0, 1, 0, 1, 0, 1, 1, 0, 2, 0, 0, 0, 0, 0, 0, 0, 2, 0, 0, 1, 0, 0, 1, 0, 0, 3, 0, 0, 1, 2, 2, 0, 0, 0, 3, 0, 1, 1, 0, 0, 0, 3, 0, 0, 1, 0, 0],910.6016522559228,48441.78517559203,107030.90942221809,false
54,G3_TWC,G4_BALANCED,[31, 22, 82, 15, 26, 58, 95, 42, 77, 12, 47, 5, 30, 78, 86, 54, 85, 63, 18, 44, 20, 35, 43, 97, 91, 76, 10, 93, 21, 45, 71, 64, 1, 23, 17, 83, 24, 14, 60, 36, 6, 57, 40, 88, 65, 56, 79, 94, 67, 68, 46, 75, 38, 9, 19, 32, 81, 41, 27, 62, 90, 99, 59, 87, 11, 66, 73, 70, 39, 37, 84, 3, 72, 92, 25, 55, 28, 29, 51, 7, 16, 61, 98, 48, 89, 50, 4, 96, 53, 80, 8, 33, 34, 49, 52, 0, 13, 2, 69, 74]|[1, 1, 0, 1, 1, 0, 1, 2, 2, 1, 2, 2, 2, 1, 1, 0, 0, 1, 0, 2, 2, 0, 0, 2, 0, 1, 2, 2, 0, 0, 1, 2, 1, 2, 1, 0, 2, 0, 1, 1, 0, 1, 1, 1, 0, 2, 1, 1, 0, 0, 0, 0, 1, 1, 2, 1, 2, 0, 0, 2, 1, 0, 1, 2, 2, 2, 1, 1, 1, 1, 1, 1, 2, 0, 1, 1, 0, 0, 0, 1, 2, 1, 2, 0, 1, 0, 1, 2, 0, 0, 0, 2, 2, 0, 1, 0, 0, 0, 1, 2]|[4, 3, 2, 2, 4, 1, 2, 2, 2, 4, 1, 1, 2, 4, 4, 1, 2, 4, 2, 1, 1, 1, 1, 2, 1, 2, 1, 1, 2, 1, 3, 2, 3, 1, 4, 0, 1, 1, 0, 3, 2, 2, 2, 0, 1, 1, 0, 4, 0, 1, 2, 2, 1, 4, 0, 3, 2, 1, 1, 1, 3, 1, 1, 1, 1, 1, 4, 3, 1, 4, 1, 1, 1, 0, 4, 4, 2, 2, 1, 1, 1, 3, 1, 1, 1, 1, 4, 1, 2, 1, 1, 1, 1, 1, 1, 2, 2, 2, 4, 1]|[0, 2, 1, 1, 3, 0, 1, 0, 0, 0, 0, 0, 1, 0, 1, 0, 0, 3, 1, 0, 0, 0, 0, 1, 0, 2, 0, 0, 0, 1, 0, 0, 0, 0, 3, 0, 1, 0, 0, 2, 1, 1, 1, 0, 0, 0, 0, 2, 1, 0, 0, 0, 1, 3, 0, 0, 1, 0, 0, 0, 2, 0, 1, 0, 0, 0, 0, 0, 1, 1, 3, 1, 0, 1, 3, 3, 1, 0, 0, 2, 0, 0, 0, 0, 1, 0, 0, 0, 1, 0, 0, 0, 0, 1, 1, 0, 0, 0, 2, 0],780.1204793587376,55381.14930119356,97957.80477469892,true
54,G1_CMAX,G3_TWC,[31, 22, 42, 15, 26, 58, 95, 82, 77, 12, 47, 5, 93, 78, 98, 54, 85, 63, 18, 44, 20, 35, 43, 97, 91, 76, 10, 30, 21, 45, 71, 64, 1, 23, 17, 83, 24, 61, 60, 36, 6, 57, 94, 88, 65, 56, 79, 40, 67, 68, 46, 75, 38, 9, 19, 32, 81, 41, 27, 62, 87, 90, 99, 59, 53, 16, 72, 73, 70, 39, 37, 84, 3, 92, 25, 55, 28, 29, 51, 50, 33, 14, 86, 66, 89, 7, 48, 96, 11, 80, 4, 8, 34, 49, 74, 52, 13, 2, 69, 0]|[1, 1, 0, 1, 1, 1, 2, 1, 2, 1, 2, 2, 2, 1, 1, 0, 0, 1, 0, 2, 2, 0, 1, 2, 0, 1, 2, 2, 0, 0, 1, 2, 1, 0, 1, 0, 2, 1, 1, 1, 0, 1, 1, 1, 0, 2, 1, 1, 0, 0, 0, 0, 1, 1, 2, 1, 2, 0, 0, 0, 2, 1, 0, 1, 0, 1, 2, 1, 1, 1, 1, 1, 2, 0, 1, 1, 0, 0, 0, 0, 2, 1, 0, 2, 1, 1, 0, 2, 2, 0, 1, 1, 2, 0, 2, 1, 0, 0, 1, 0]|[4, 3, 2, 2, 0, 0, 2, 2, 2, 4, 1, 1, 2, 4, 4, 1, 1, 4, 2, 1, 1, 1, 1, 2, 1, 2, 1, 1, 1, 1, 3, 2, 3, 0, 4, 0, 1, 3, 0, 3, 2, 2, 4, 0, 1, 1, 3, 2, 0, 1, 2, 2, 1, 4, 0, 3, 2, 1, 1, 2, 1, 3, 1, 1, 2, 3, 0, 4, 3, 1, 4, 1, 1, 2, 4, 4, 2, 1, 1, 1, 1, 3, 1, 1, 1, 3, 1, 1, 1, 1, 4, 3, 1, 1, 1, 1, 2, 2, 4, 2]|[0, 2, 1, 1, 3, 3, 0, 1, 0, 0, 0, 0, 1, 0, 1, 0, 0, 3, 1, 0, 0, 0, 3, 1, 0, 2, 0, 0, 0, 1, 0, 0, 0, 0, 3, 0, 1, 0, 0, 2, 1, 1, 2, 0, 0, 0, 0, 1, 1, 0, 0, 0, 1, 3, 0, 0, 1, 0, 0, 1, 0, 2, 0, 1, 1, 2, 1, 0, 0, 1, 1, 3, 0, 1, 3, 3, 1, 0, 0, 0, 0, 0, 0, 0, 1, 2, 0, 0, 0, 0, 0, 2, 0, 1, 0, 1, 0, 0, 2, 0],764.4741443273887,57191.32044742371,89643.90689546696,true
54,G4_BALANCED,G4_BALANCED,[31, 11, 82, 15, 26, 9, 95, 42, 77, 68, 47, 5, 93, 78, 86, 54, 85, 63, 18, 44, 20, 49, 36, 14, 74, 50, 53, 17, 21, 45, 71, 64, 3, 23, 30, 83, 24, 41, 60, 52, 65, 27, 90, 70, 39, 87, 48, 69, 99, 4, 46, 1, 13, 58, 97, 59, 28, 75, 73, 37, 35, 79, 22, 66, 76, 32, 40, 80, 96, 6, 16, 61, 33, 7, 57, 34, 12, 67, 10, 98, 56, 88, 29, 8, 91, 38, 19, 92, 43, 2, 89, 72, 51, 25, 84, 55, 62, 81, 94, 0]|[2, 1, 2, 1, 1, 2, 1, 1, 1, 1, 1, 0, 2, 2, 1, 2, 0, 0, 0, 2, 2, 1, 0, 2, 0, 2, 2, 1, 0, 1, 1, 1, 0, 0, 2, 0, 2, 1, 2, 2, 0, 0, 1, 1, 0, 2, 0, 2, 1, 0, 0, 2, 0, 0, 2, 0, 1, 1, 0, 0, 2, 1, 0, 2, 2, 0, 2, 2, 0, 1, 2, 1, 2, 2, 0, 1, 1, 1, 1, 2, 2, 1, 1, 0, 1, 0, 1, 0, 1, 2, 1, 1, 1, 1, 0, 0, 1, 1, 2, 0]|[0, 3, 0, 2, 4, 1, 4, 4, 2, 4, 3, 2, 1, 0, 2, 1, 1, 1, 2, 1, 1, 3, 0, 1, 0, 1, 1, 4, 1, 4, 3, 2, 2, 0, 1, 1, 1, 4, 0, 1, 2, 1, 4, 4, 1, 1, 0, 2, 3, 2, 2, 1, 2, 1, 1, 2, 4, 3, 0, 2, 2, 3, 1, 0, 1, 2, 0, 1, 2, 4, 1, 3, 1, 1, 2, 4, 3, 3, 3, 1, 1, 4, 3, 2, 3, 2, 4, 2, 4, 1, 4, 4, 3, 4, 2, 2, 3, 4, 1, 2]|[0, 2, 0, 1, 3, 0, 1, 3, 0, 0, 2, 0, 1, 0, 1, 0, 0, 0, 1, 0, 0, 2, 0, 0, 1, 0, 0, 3, 0, 1, 0, 2, 0, 1, 0, 0, 1, 3, 1, 0, 0, 0, 1, 3, 0, 0, 1, 0, 2, 0, 0, 0, 0, 0, 1, 0, 1, 0, 1, 1, 0, 2, 0, 0, 0, 0, 1, 0, 0, 2, 0, 0, 0, 0, 0, 1, 0, 0, 3, 0, 0, 1, 3, 0, 0, 0, 1, 0, 2, 0, 1, 2, 0, 3, 0, 0, 0, 1, 0, 0],852.5184451675896,52077.87777408223,105904.01879381535,false
54,G2_TEC,G2_TEC,[31, 94, 82, 15, 26, 9, 95, 42, 77, 68, 47, 5, 93, 78, 86, 54, 85, 63, 18, 44, 20, 49, 36, 14, 74, 50, 53, 17, 21, 28, 11, 64, 3, 23, 30, 83, 24, 41, 40, 52, 65, 27, 90, 70, 39, 87, 48, 69, 99, 4, 98, 1, 13, 56, 97, 59, 45, 8, 73, 37, 35, 79, 71, 66, 76, 32, 60, 80, 58, 6, 67, 61, 33, 7, 57, 34, 12, 16, 10, 22, 96, 88, 43, 81, 91, 2, 84, 29, 92, 19, 89, 55, 51, 46, 25, 75, 38, 72, 62, 0]|[2, 1, 2, 1, 1, 2, 1, 1, 1, 1, 1, 0, 2, 2, 1, 2, 0, 0, 0, 2, 2, 1, 0, 2, 0, 2, 2, 1, 0, 1, 1, 1, 0, 0, 1, 0, 2, 1, 2, 2, 0, 0, 1, 1, 0, 2, 0, 2, 1, 0, 2, 2, 0, 2, 2, 0, 1, 1, 0, 0, 2, 1, 1, 2, 2, 0, 2, 2, 2, 1, 2, 1, 1, 2, 0, 1, 1, 2, 1, 2, 0, 1, 1, 1, 1, 0, 0, 1, 0, 1, 1, 0, 1, 0, 1, 0, 0, 1, 1, 0]|[0, 3, 0, 3, 4, 1, 4, 4, 4, 4, 3, 2, 1, 0, 2, 1, 1, 1, 2, 1, 1, 3, 0, 1, 0, 1, 1, 4, 1, 4, 3, 2, 2, 0, 4, 1, 1, 4, 1, 1, 2, 1, 4, 4, 1, 1, 0, 1, 3, 2, 1, 1, 2, 1, 1, 2, 4, 3, 0, 2, 1, 3, 3, 1, 1, 2, 1, 1, 1, 4, 1, 3, 4, 1, 2, 4, 3, 1, 3, 1, 2, 4, 4, 4, 3, 2, 2, 3, 2, 4, 4, 2, 3, 2, 4, 2, 2, 4, 3, 2]|[0, 2, 0, 0, 3, 0, 1, 3, 1, 0, 2, 0, 1, 0, 1, 0, 0, 0, 1, 0, 0, 2, 0, 0, 1, 0, 0, 3, 0, 1, 0, 2, 0, 0, 3, 0, 1, 1, 0, 0, 0, 0, 1, 3, 0, 0, 1, 0, 2, 0, 0, 0, 0, 0, 1, 0, 1, 0, 1, 1, 0, 2, 0, 0, 0, 0, 0, 0, 0, 2, 0, 0, 1, 0, 0, 1, 0, 0, 3, 0, 0, 1, 2, 2, 0, 0, 0, 3, 0, 1, 1, 0, 0, 0, 3, 0, 0, 1, 0, 0],910.6016522559228,48441.78517559203,107030.90942221809,false
54,G3_TWC,G4_BALANCED,[31, 22, 82, 15, 26, 58, 95, 42, 77, 12, 47, 5, 30, 78, 86, 54, 85, 63, 18, 44, 20, 35, 43, 97, 91, 76, 10, 93, 21, 45, 71, 64, 1, 23, 17, 83, 24, 14, 60, 36, 6, 57, 40, 88, 65, 56, 79, 94, 67, 68, 46, 75, 38, 9, 19, 32, 81, 41, 27, 62, 90, 99, 59, 87, 11, 66, 73, 70, 39, 37, 84, 3, 72, 92, 25, 55, 28, 29, 51, 7, 16, 61, 98, 48, 89, 50, 4, 96, 53, 80, 8, 33, 34, 49, 52, 0, 13, 2, 69, 74]|[1, 1, 0, 1, 1, 0, 1, 2, 2, 1, 2, 2, 2, 1, 1, 0, 0, 1, 0, 2, 2, 0, 0, 2, 0, 1, 2, 2, 0, 0, 1, 2, 1, 2, 1, 0, 2, 0, 1, 1, 0, 1, 1, 1, 0, 2, 1, 1, 0, 0, 0, 0, 1, 1, 2, 1, 2, 0, 0, 2, 1, 0, 1, 2, 2, 2, 1, 1, 1, 1, 1, 1, 2, 0, 1, 1, 0, 0, 0, 1, 2, 1, 2, 0, 1, 0, 1, 2, 0, 0, 0, 2, 2, 0, 1, 0, 0, 0, 1, 2]|[4, 3, 2, 2, 4, 1, 2, 2, 2, 4, 1, 1, 2, 4, 4, 1, 2, 4, 2, 1, 1, 1, 1, 2, 1, 2, 1, 1, 2, 1, 3, 2, 3, 1, 4, 0, 1, 1, 0, 3, 2, 2, 2, 0, 1, 1, 0, 4, 0, 1, 2, 2, 1, 4, 0, 3, 2, 1, 1, 1, 3, 1, 1, 1, 1, 1, 4, 3, 1, 4, 1, 1, 1, 0, 4, 4, 2, 2, 1, 1, 1, 3, 1, 1, 1, 1, 4, 1, 2, 1, 1, 1, 1, 1, 1, 2, 2, 2, 4, 1]|[0, 2, 1, 1, 3, 0, 1, 0, 0, 0, 0, 0, 1, 0, 1, 0, 0, 3, 1, 0, 0, 0, 0, 1, 0, 2, 0, 0, 0, 1, 0, 0, 0, 0, 3, 0, 1, 0, 0, 2, 1, 1, 1, 0, 0, 0, 0, 2, 1, 0, 0, 0, 1, 3, 0, 0, 1, 0, 0, 0, 2, 0, 1, 0, 0, 0, 0, 0, 1, 1, 3, 1, 0, 1, 3, 3, 1, 0, 0, 2, 0, 0, 0, 0, 1, 0, 0, 0, 1, 0, 0, 0, 0, 1, 1, 0, 0, 0, 2, 0],780.1204793587376,55381.14930119356,97957.80477469892,true
54,G1_CMAX,G1_CMAX,[31, 22, 82, 15, 26, 99, 95, 42, 77, 12, 47, 5, 93, 78, 86, 54, 21, 63, 18, 44, 20, 35, 43, 97, 91, 76, 10, 30, 85, 45, 71, 64, 1, 23, 17, 83, 24, 14, 60, 36, 6, 57, 40, 88, 65, 56, 79, 94, 67, 68, 46, 75, 38, 9, 19, 32, 41, 81, 27, 87, 90, 58, 59, 11, 16, 72, 73, 70, 39, 37, 84, 3, 92, 25, 55, 48, 62, 29, 51, 96, 66, 61, 98, 28, 89, 50, 4, 7, 53, 80, 8, 33, 34, 2, 52, 13, 0, 69, 74, 49]|[1, 1, 0, 1, 1, 0, 1, 1, 2, 1, 2, 2, 2, 1, 1, 0, 0, 1, 0, 2, 2, 0, 1, 2, 0, 1, 2, 2, 0, 0, 1, 2, 1, 2, 1, 0, 2, 0, 1, 1, 0, 1, 1, 1, 0, 2, 1, 1, 0, 0, 0, 0, 1, 1, 2, 1, 0, 2, 0, 2, 1, 0, 1, 2, 2, 2, 1, 1, 1, 1, 1, 1, 0, 1, 2, 0, 0, 0, 0, 2, 2, 1, 2, 0, 1, 0, 1, 2, 0, 0, 1, 2, 2, 0, 1, 0, 0, 1, 2, 0]|[4, 3, 2, 2, 4, 1, 2, 3, 2, 4, 1, 1, 2, 4, 4, 1, 1, 4, 2, 1, 1, 1, 1, 2, 1, 2, 1, 1, 2, 1, 3, 2, 3, 1, 4, 0, 1, 1, 0, 3, 2, 2, 2, 0, 1, 1, 0, 4, 0, 1, 2, 2, 1, 4, 0, 3, 1, 2, 1, 1, 3, 1, 1, 1, 1, 0, 4, 3, 1, 4, 1, 1, 0, 4, 1, 1, 2, 1, 1, 1, 1, 3, 1, 2, 1, 1, 4, 1, 2, 1, 3, 1, 1, 2, 1, 2, 2, 4, 1, 1]|[0, 2, 1, 1, 3, 0, 1, 3, 0, 0, 0, 0, 1, 0, 1, 0, 0, 3, 1, 0, 0, 0, 3, 1, 0, 2, 0, 0, 0, 1, 0, 0, 0, 0, 3, 0, 1, 0, 0, 2, 1, 1, 1, 0, 0, 0, 0, 2, 1, 0, 0, 0, 1, 3, 0, 0, 0, 1, 0, 0, 2, 0, 1, 0, 0, 1, 0, 0, 1, 1, 3, 1, 1, 3, 0, 0, 1, 0, 0, 0, 0, 0, 0, 1, 1, 0, 0, 0, 1, 0, 2, 0, 0, 0, 1, 0, 0, 2, 0, 1],733.3399856600582,56417.14285963406,92647.11944046791,false
54,G4_BALANCED,G4_BALANCED,[31, 11, 82, 15, 26, 9, 95, 42, 77, 68, 47, 5, 93, 78, 86, 54, 85, 63, 18, 44, 20, 49, 36, 14, 74, 50, 53, 17, 21, 45, 71, 64, 3, 23, 30, 83, 24, 41, 60, 52, 65, 27, 90, 70, 39, 87, 48, 69, 99, 4, 46, 1, 13, 58, 97, 59, 28, 75, 73, 37, 35, 79, 22, 66, 76, 32, 40, 80, 96, 6, 16, 61, 33, 7, 57, 34, 12, 67, 10, 98, 56, 88, 29, 8, 91, 38, 19, 92, 43, 2, 89, 72, 51, 25, 84, 55, 62, 81, 94, 0]|[2, 1, 2, 1, 1, 2, 1, 1, 1, 1, 1, 0, 2, 2, 1, 2, 0, 0, 0, 2, 2, 1, 0, 2, 0, 2, 2, 1, 0, 1, 1, 1, 0, 0, 2, 0, 2, 1, 2, 2, 0, 0, 1, 1, 0, 2, 0, 2, 1, 0, 0, 2, 0, 0, 2, 0, 1, 1, 0, 0, 2, 1, 0, 2, 2, 0, 2, 2, 0, 1, 2, 1, 2, 2, 0, 1, 1, 1, 1, 2, 2, 1, 1, 0, 1, 0, 1, 0, 1, 2, 1, 1, 1, 1, 0, 0, 1, 1, 2, 0]|[0, 3, 0, 2, 4, 1, 4, 4, 2, 4, 3, 2, 1, 0, 2, 1, 1, 1, 2, 1, 1, 3, 0, 1, 0, 1, 1, 4, 1, 4, 3, 2, 2, 0, 1, 1, 1, 4, 0, 1, 2, 1, 4, 4, 1, 1, 0, 2, 3, 2, 2, 1, 2, 1, 1, 2, 4, 3, 0, 2, 2, 3, 1, 0, 1, 2, 0, 1, 2, 4, 1, 3, 1, 1, 2, 4, 3, 3, 3, 1, 1, 4, 3, 2, 3, 2, 4, 2, 4, 1, 4, 4, 3, 4, 2, 2, 3, 4, 1, 2]|[0, 2, 0, 1, 3, 0, 1, 3, 0, 0, 2, 0, 1, 0, 1, 0, 0, 0, 1, 0, 0, 2, 0, 0, 1, 0, 0, 3, 0, 1, 0, 2, 0, 1, 0, 0, 1, 3, 1, 0, 0, 0, 1, 3, 0, 0, 1, 0, 2, 0, 0, 0, 0, 0, 1, 0, 1, 0, 1, 1, 0, 2, 0, 0, 0, 0, 1, 0, 0, 2, 0, 0, 0, 0, 0, 1, 0, 0, 3, 0, 0, 1, 3, 0, 0, 0, 1, 0, 2, 0, 1, 2, 0, 3, 0, 0, 0, 1, 0, 0],852.5184451675896,52077.87777408223,105904.01879381535,false
54,G2_TEC,G4_BALANCED,[31, 22, 82, 15, 26, 58, 95, 42, 77, 12, 47, 5, 93, 78, 86, 54, 85, 63, 18, 44, 20, 35, 43, 97, 91, 76, 10, 30, 21, 45, 71, 64, 1, 23, 17, 83, 24, 14, 60, 36, 6, 57, 40, 88, 65, 56, 79, 94, 67, 68, 46, 29, 38, 9, 19, 32, 81, 41, 27, 87, 90, 99, 59, 62, 11, 66, 73, 70, 39, 37, 84, 3, 72, 25, 55, 48, 16, 75, 51, 7, 33, 61, 98, 92, 89, 50, 4, 96, 53, 80, 8, 28, 34, 49, 52, 0, 74, 69, 2, 13]|[1, 1, 0, 1, 1, 0, 1, 2, 2, 1, 2, 2, 2, 1, 1, 0, 0, 1, 0, 2, 2, 0, 0, 2, 0, 1, 2, 2, 0, 0, 1, 2, 1, 2, 1, 0, 2, 0, 1, 1, 0, 1, 1, 1, 0, 2, 1, 1, 0, 0, 0, 0, 1, 1, 2, 1, 2, 0, 0, 2, 1, 0, 1, 2, 2, 2, 1, 1, 1, 1, 1, 1, 2, 1, 2, 0, 1, 0, 0, 1, 2, 1, 2, 0, 1, 0, 1, 2, 0, 0, 0, 0, 2, 0, 1, 0, 2, 1, 0, 0]|[4, 3, 2, 2, 4, 1, 2, 2, 2, 4, 1, 1, 2, 4, 4, 1, 2, 4, 2, 1, 1, 1, 1, 2, 1, 2, 1, 1, 2, 1, 3, 2, 3, 1, 4, 0, 1, 1, 0, 3, 2, 2, 2, 0, 1, 1, 0, 4, 0, 1, 2, 2, 1, 4, 0, 3, 2, 1, 1, 1, 3, 1, 1, 1, 1, 1, 4, 3, 1, 4, 1, 1, 1, 4, 1, 1, 3, 1, 1, 1, 1, 3, 1, 0, 1, 1, 4, 1, 2, 1, 1, 2, 1, 1, 1, 2, 1, 4, 2, 2]|[0, 2, 1, 1, 3, 0, 1, 0, 0, 0, 0, 0, 1, 0, 1, 0, 0, 3, 1, 0, 0, 0, 0, 1, 0, 2, 0, 0, 0, 1, 0, 0, 0, 0, 3, 0, 1, 0, 0, 2, 1, 1, 1, 0, 0, 0, 0, 2, 1, 0, 0, 0, 1, 3, 0, 0, 1, 0, 0, 0, 2, 0, 1, 0, 0, 0, 0, 0, 1, 1, 3, 1, 0, 3, 0, 0, 2, 0, 0, 2, 0, 0, 0, 1, 1, 0, 0, 0, 1, 0, 0, 1, 0, 1, 1, 0, 0, 2, 0, 0],780.6740718852884,55452.862853508894,96219.06701757858,true
54,G3_TWC,G4_BALANCED,[31, 22, 42, 15, 26, 58, 95, 82, 77, 12, 47, 5, 93, 78, 98, 54, 85, 63, 18, 44, 20, 35, 43, 97, 91, 76, 10, 30, 21, 45, 71, 64, 1, 23, 17, 83, 24, 61, 60, 49, 6, 57, 94, 88, 65, 56, 79, 40, 67, 68, 46, 75, 38, 9, 19, 32, 81, 41, 27, 62, 87, 90, 99, 59, 53, 16, 72, 73, 70, 39, 37, 84, 3, 92, 25, 74, 28, 0, 51, 7, 11, 14, 86, 48, 89, 50, 66, 96, 33, 80, 4, 8, 55, 36, 29, 52, 13, 2, 69, 34]|[1, 1, 0, 1, 1, 1, 2, 1, 2, 1, 2, 2, 2, 1, 1, 0, 0, 1, 0, 2, 2, 0, 1, 2, 0, 1, 2, 2, 0, 0, 1, 2, 1, 0, 1, 0, 2, 0, 1, 1, 0, 1, 1, 1, 0, 2, 1, 1, 0, 0, 0, 0, 1, 1, 2, 1, 2, 0, 0, 0, 2, 1, 0, 1, 0, 1, 2, 1, 1, 1, 1, 1, 2, 0, 1, 2, 0, 0, 0, 1, 2, 1, 0, 0, 1, 0, 0, 2, 2, 0, 0, 1, 2, 0, 0, 1, 0, 0, 1, 2]|[4, 3, 2, 2, 0, 0, 2, 2, 2, 4, 1, 1, 2, 4, 4, 1, 1, 4, 2, 1, 1, 1, 1, 2, 1, 2, 1, 1, 1, 1, 3, 2, 3, 0, 4, 0, 1, 1, 0, 3, 2, 2, 4, 0, 1, 1, 3, 2, 0, 1, 2, 2, 1, 4, 0, 3, 2, 1, 1, 2, 1, 3, 1, 1, 2, 3, 0, 4, 3, 1, 4, 1, 1, 2, 4, 1, 2, 1, 1, 3, 1, 3, 1, 1, 1, 1, 1, 1, 1, 1, 2, 3, 1, 1, 2, 1, 2, 2, 3, 1]|[0, 2, 1, 1, 3, 3, 0, 1, 0, 0, 0, 0, 1, 0, 1, 0, 0, 3, 1, 0, 0, 0, 3, 1, 0, 2, 0, 0, 0, 1, 0, 0, 0, 0, 3, 0, 1, 0, 0, 2, 1, 1, 2, 0, 0, 0, 0, 1, 1, 0, 0, 0, 1, 3, 0, 0, 1, 0, 0, 1, 0, 2, 0, 1, 1, 2, 1, 0, 0, 1, 1, 3, 0, 1, 3, 0, 1, 0, 0, 2, 0, 0, 0, 0, 1, 0, 0, 0, 0, 0, 1, 2, 0, 1, 0, 1, 0, 0, 0, 0],787.7354273239397,57319.98389756265,87481.7179896983,true
54,G1_CMAX,G3_TWC,[31, 22, 42, 15, 26, 58, 95, 82, 77, 12, 47, 5, 93, 78, 98, 54, 85, 63, 18, 44, 20, 35, 43, 97, 91, 76, 10, 30, 21, 45, 71, 64, 1, 23, 17, 83, 24, 61, 60, 49, 6, 57, 94, 88, 65, 56, 79, 40, 67, 68, 46, 75, 38, 9, 19, 32, 81, 41, 27, 62, 87, 90, 99, 59, 11, 16, 72, 73, 70, 39, 37, 84, 3, 92, 25, 74, 28, 29, 51, 7, 53, 14, 86, 48, 89, 50, 66, 96, 33, 80, 4, 2, 55, 36, 0, 52, 13, 8, 69, 34]|[1, 1, 0, 1, 1, 1, 2, 1, 2, 1, 2, 2, 2, 1, 1, 0, 0, 1, 0, 2, 2, 0, 1, 2, 0, 1, 2, 2, 0, 0, 1, 2, 1, 2, 1, 0, 2, 0, 1, 1, 0, 1, 1, 1, 0, 2, 1, 1, 0, 0, 0, 0, 1, 1, 2, 1, 2, 0, 0, 0, 2, 1, 0, 1, 2, 1, 2, 1, 1, 1, 1, 1, 2, 0, 1, 2, 0, 0, 0, 1, 0, 1, 0, 0, 1, 0, 0, 2, 2, 0, 0, 0, 1, 0, 0, 1, 0, 1, 1, 2]|[4, 3, 2, 2, 0, 0, 2, 2, 2, 4, 1, 1, 2, 4, 4, 1, 1, 4, 2, 1, 1, 1, 1, 2, 1, 2, 1, 1, 1, 1, 3, 2, 3, 0, 4, 0, 1, 1, 0, 3, 2, 2, 4, 0, 1, 1, 3, 2, 0, 1, 2, 2, 1, 4, 0, 3, 2, 1, 1, 2, 1, 3, 1, 1, 1, 3, 0, 4, 3, 1, 4, 1, 1, 2, 4, 1, 2, 1, 1, 3, 2, 3, 1, 1, 1, 1, 1, 1, 1, 1, 2, 2, 4, 1, 2, 1, 2, 3, 3, 1]|[0, 2, 1, 1, 3, 3, 0, 1, 0, 0, 0, 0, 1, 0, 1, 0, 0, 3, 1, 0, 0, 0, 3, 1, 0, 2, 0, 0, 0, 1, 0, 0, 0, 0, 3, 0, 1, 0, 0, 2, 1, 1, 2, 0, 0, 0, 0, 1, 1, 0, 0, 0, 1, 3, 0, 0, 1, 0, 0, 1, 0, 2, 0, 1, 0, 2, 1, 0, 0, 1, 1, 3, 0, 1, 3, 0, 1, 0, 0, 2, 1, 0, 0, 0, 1, 0, 0, 0, 0, 0, 1, 0, 3, 1, 0, 1, 0, 2, 0, 0],771.2967761691084,57471.62940655892,88748.23924440621,true
54,G4_BALANCED,G4_BALANCED,[31, 11, 15, 82, 26, 9, 95, 32, 77, 68, 47, 5, 93, 78, 86, 54, 85, 63, 18, 44, 20, 49, 36, 14, 74, 50, 53, 17, 21, 45, 71, 64, 3, 23, 30, 83, 24, 41, 60, 52, 51, 27, 90, 70, 39, 87, 48, 69, 99, 4, 46, 1, 13, 58, 97, 59, 28, 8, 73, 37, 35, 79, 22, 66, 76, 42, 40, 80, 96, 6, 16, 61, 33, 7, 57, 34, 12, 67, 10, 98, 56, 88, 29, 25, 91, 38, 19, 92, 43, 84, 65, 72, 81, 75, 2, 55, 62, 89, 94, 0]|[2, 1, 1, 2, 1, 2, 1, 1, 1, 1, 1, 0, 2, 2, 1, 2, 0, 0, 0, 2, 2, 1, 0, 2, 0, 2, 2, 1, 0, 1, 1, 1, 0, 0, 1, 0, 2, 1, 2, 2, 0, 0, 1, 1, 0, 2, 0, 2, 1, 0, 0, 2, 0, 0, 2, 0, 1, 1, 0, 0, 2, 1, 1, 2, 2, 0, 2, 2, 0, 1, 2, 1, 1, 2, 0, 1, 2, 1, 1, 2, 2, 1, 1, 1, 1, 0, 1, 0, 1, 0, 1, 1, 1, 0, 2, 0, 1, 1, 2, 0]|[1, 3, 2, 0, 4, 1, 4, 4, 2, 4, 3, 2, 1, 0, 2, 1, 1, 1, 2, 1, 1, 3, 0, 1, 0, 1, 1, 4, 1, 4, 3, 2, 2, 0, 4, 1, 1, 4, 0, 1, 2, 1, 4, 4, 1, 1, 0, 2, 3, 1, 2, 1, 2, 1, 1, 2, 4, 3, 0, 2, 2, 3, 3, 0, 1, 2, 0, 1, 2, 4, 1, 3, 4, 1, 2, 4, 1, 3, 3, 1, 1, 4, 3, 4, 3, 2, 4, 2, 4, 2, 3, 4, 1, 2, 1, 2, 3, 4, 1, 2]|[1, 2, 1, 0, 3, 0, 1, 3, 0, 0, 2, 0, 1, 0, 1, 0, 0, 0, 1, 0, 0, 2, 0, 0, 1, 0, 0, 3, 0, 1, 0, 2, 0, 1, 3, 0, 1, 3, 1, 0, 0, 0, 1, 3, 0, 0, 1, 0, 2, 0, 0, 0, 0, 0, 1, 0, 1, 0, 1, 1, 0, 2, 2, 0, 0, 0, 1, 0, 0, 2, 0, 0, 1, 0, 0, 1, 0, 0, 3, 0, 0, 1, 0, 3, 0, 0, 1, 0, 2, 0, 0, 2, 1, 0, 0, 0, 0, 1, 0, 0],850.9632869082183,52431.02217786142,105346.60403335126,false
54,G2_TEC,G2_TEC,[31, 94, 82, 15, 26, 9, 95, 42, 77, 68, 47, 5, 93, 78, 86, 54, 85, 63, 18, 44, 20, 49, 36, 14, 74, 50, 53, 17, 21, 28, 11, 64, 3, 23, 30, 83, 24, 41, 40, 52, 65, 27, 90, 70, 39, 87, 48, 69, 99, 4, 98, 1, 13, 56, 97, 59, 45, 8, 73, 37, 35, 79, 71, 66, 76, 32, 60, 80, 58, 6, 67, 61, 33, 7, 57, 34, 12, 16, 10, 22, 96, 88, 43, 81, 91, 2, 84, 29, 92, 19, 89, 55, 51, 46, 25, 75, 38, 72, 62, 0]|[2, 1, 2, 1, 1, 2, 1, 1, 1, 1, 1, 0, 2, 2, 1, 2, 0, 0, 0, 2, 2, 1, 0, 2, 0, 2, 2, 1, 0, 1, 1, 1, 0, 0, 1, 0, 2, 1, 2, 2, 0, 0, 1, 1, 0, 2, 0, 2, 1, 0, 2, 2, 0, 2, 2, 0, 1, 1, 0, 0, 2, 1, 1, 2, 2, 0, 2, 2, 2, 1, 2, 1, 1, 2, 0, 1, 1, 2, 1, 2, 0, 1, 1, 1, 1, 0, 0, 1, 0, 1, 1, 0, 1, 0, 1, 0, 0, 1, 1, 0]|[0, 3, 0, 3, 4, 1, 4, 4, 4, 4, 3, 2, 1, 0, 2, 1, 1, 1, 2, 1, 1, 3, 0, 1, 0, 1, 1, 4, 1, 4, 3, 2, 2, 0, 4, 1, 1, 4, 1, 1, 2, 1, 4, 4, 1, 1, 0, 1, 3, 2, 1, 1, 2, 1, 1, 2, 4, 3, 0, 2, 1, 3, 3, 1, 1, 2, 1, 1, 1, 4, 1, 3, 4, 1, 2, 4, 3, 1, 3, 1, 2, 4, 4, 4, 3, 2, 2, 3, 2, 4, 4, 2, 3, 2, 4, 2, 2, 4, 3, 2]|[0, 2, 0, 0, 3, 0, 1, 3, 1, 0, 2, 0, 1, 0, 1, 0, 0, 0, 1, 0, 0, 2, 0, 0, 1, 0, 0, 3, 0, 1, 0, 2, 0, 0, 3, 0, 1, 1, 0, 0, 0, 0, 1, 3, 0, 0, 1, 0, 2, 0, 0, 0, 0, 0, 1, 0, 1, 0, 1, 1, 0, 2, 0, 0, 0, 0, 0, 0, 0, 2, 0, 0, 1, 0, 0, 1, 0, 0, 3, 0, 0, 1, 2, 2, 0, 0, 0, 3, 0, 1, 1, 0, 0, 0, 3, 0, 0, 1, 0, 0],910.6016522559228,48441.78517559203,107030.90942221809,false
54,G3_TWC,G4_BALANCED,[31, 22, 42, 15, 26, 58, 95, 82, 77, 12, 47, 5, 93, 78, 98, 54, 85, 63, 18, 44, 20, 35, 43, 97, 91, 76, 10, 30, 21, 45, 71, 64, 1, 23, 17, 83, 24, 61, 60, 49, 6, 57, 94, 88, 65, 56, 79, 40, 67, 68, 46, 75, 38, 9, 19, 32, 81, 41, 27, 62, 87, 90, 99, 59, 53, 16, 72, 73, 70, 39, 37, 84, 3, 92, 25, 74, 28, 0, 51, 7, 11, 14, 86, 48, 89, 50, 66, 96, 33, 80, 4, 8, 55, 36, 29, 52, 13, 2, 69, 34]|[1, 1, 0, 1, 1, 1, 2, 1, 2, 1, 2, 2, 2, 1, 1, 0, 0, 1, 0, 2, 2, 0, 1, 2, 0, 1, 2, 2, 0, 0, 1, 2, 1, 0, 1, 0, 2, 0, 1, 1, 0, 1, 1, 1, 0, 2, 1, 1, 0, 0, 0, 0, 1, 1, 2, 1, 2, 0, 0, 0, 2, 1, 0, 1, 0, 1, 2, 1, 1, 1, 1, 1, 2, 0, 1, 2, 0, 0, 0, 1, 2, 1, 0, 0, 1, 0, 0, 2, 2, 0, 0, 1, 2, 0, 0, 1, 0, 0, 1, 2]|[4, 3, 2, 2, 0, 0, 2, 2, 2, 4, 1, 1, 2, 4, 4, 1, 1, 4, 2, 1, 1, 1, 1, 2, 1, 2, 1, 1, 1, 1, 3, 2, 3, 0, 4, 0, 1, 1, 0, 3, 2, 2, 4, 0, 1, 1, 3, 2, 0, 1, 2, 2, 1, 4, 0, 3, 2, 1, 1, 2, 1, 3, 1, 1, 2, 3, 0, 4, 3, 1, 4, 1, 1, 2, 4, 1, 2, 1, 1, 3, 1, 3, 1, 1, 1, 1, 1, 1, 1, 1, 2, 3, 1, 1, 2, 1, 2, 2, 3, 1]|[0, 2, 1, 1, 3, 3, 0, 1, 0, 0, 0, 0, 1, 0, 1, 0, 0, 3, 1, 0, 0, 0, 3, 1, 0, 2, 0, 0, 0, 1, 0, 0, 0, 0, 3, 0, 1, 0, 0, 2, 1, 1, 2, 0, 0, 0, 0, 1, 1, 0, 0, 0, 1, 3, 0, 0, 1, 0, 0, 1, 0, 2, 0, 1, 1, 2, 1, 0, 0, 1, 1, 3, 0, 1, 3, 0, 1, 0, 0, 2, 0, 0, 0, 0, 1, 0, 0, 0, 0, 0, 1, 2, 0, 1, 0, 1, 0, 0, 0, 0],787.7354273239397,57319.98389756265,87481.7179896983,true
54,G1_CMAX,G4_BALANCED,[31, 22, 82, 15, 26, 58, 95, 42, 77, 12, 47, 5, 93, 78, 44, 54, 85, 63, 18, 98, 20, 35, 43, 97, 91, 76, 10, 30, 21, 61, 71, 64, 1, 23, 17, 83, 24, 14, 60, 36, 6, 57, 94, 88, 65, 56, 79, 40, 67, 68, 46, 75, 38, 9, 19, 32, 81, 41, 27, 62, 87, 90, 99, 59, 11, 16, 72, 73, 70, 37, 84, 3, 39, 25, 28, 55, 66, 29, 51, 7, 33, 45, 86, 92, 89, 50, 69, 96, 53, 80, 4, 8, 48, 49, 52, 2, 13, 0, 34, 74]|[1, 1, 0, 1, 1, 0, 1, 2, 2, 1, 2, 2, 2, 1, 1, 0, 0, 1, 0, 2, 2, 0, 1, 2, 0, 1, 2, 2, 0, 0, 1, 2, 1, 2, 1, 0, 2, 0, 1, 1, 0, 1, 1, 1, 0, 2, 1, 1, 0, 0, 0, 0, 1, 1, 2, 1, 0, 0, 0, 0, 2, 1, 1, 2, 2, 1, 2, 1, 2, 1, 1, 2, 1, 1, 0, 1, 2, 0, 0, 1, 2, 1, 2, 0, 1, 0, 1, 2, 0, 0, 1, 0, 0, 0, 1, 0, 0, 0, 2, 2]|[4, 3, 2, 2, 4, 1, 2, 2, 2, 4, 1, 1, 2, 4, 4, 1, 2, 4, 2, 1, 1, 1, 1, 2, 1, 2, 1, 1, 1, 1, 3, 2, 3, 1, 4, 0, 1, 1, 0, 3, 2, 2, 2, 0, 1, 1, 0, 4, 0, 1, 2, 2, 1, 4, 0, 3, 1, 1, 1, 2, 1, 3, 1, 1, 1, 3, 1, 4, 1, 4, 1, 1, 1, 4, 2, 4, 1, 1, 1, 1, 1, 3, 1, 2, 1, 1, 4, 1, 2, 1, 4, 1, 1, 1, 1, 2, 2, 2, 1, 1]|[0, 2, 1, 1, 3, 0, 1, 0, 0, 0, 0, 0, 1, 0, 1, 0, 0, 3, 1, 0, 0, 0, 3, 1, 0, 2, 0, 0, 0, 1, 0, 0, 0, 0, 3, 0, 1, 0, 0, 2, 1, 1, 1, 0, 0, 0, 0, 2, 1, 0, 0, 0, 1, 3, 0, 0, 0, 0, 0, 1, 0, 2, 1, 0, 0, 2, 0, 0, 0, 1, 3, 0, 1, 3, 1, 3, 0, 0, 0, 2, 0, 0, 0, 1, 1, 0, 2, 0, 1, 0, 0, 0, 0, 1, 1, 0, 0, 0, 0, 0],823.5567668680732,55202.257254498894,96651.41535653878,true
54,G4_BALANCED,G4_BALANCED,[31, 11, 15, 82, 26, 9, 95, 32, 77, 68, 47, 5, 93, 78, 86, 54, 85, 63, 18, 44, 20, 49, 36, 14, 74, 50, 53, 17, 21, 45, 71, 64, 3, 23, 30, 83, 24, 41, 60, 52, 51, 27, 90, 70, 39, 87, 48, 69, 99, 4, 46, 1, 13, 58, 97, 59, 28, 8, 73, 37, 35, 79, 22, 66, 76, 42, 40, 80, 96, 6, 16, 61, 33, 7, 57, 34, 12, 67, 10, 98, 56, 88, 29, 25, 91, 38, 19, 92, 43, 84, 65, 72, 81, 75, 2, 55, 62, 89, 94, 0]|[2, 1, 1, 2, 1, 2, 1, 1, 1, 1, 1, 0, 2, 2, 1, 2, 0, 0, 0, 2, 2, 1, 0, 2, 0, 2, 2, 1, 0, 1, 1, 1, 0, 0, 1, 0, 2, 1, 2, 2, 0, 0, 1, 1, 0, 2, 0, 2, 1, 0, 0, 2, 0, 0, 2, 0, 1, 1, 0, 0, 2, 1, 1, 2, 2, 0, 2, 2, 0, 1, 2, 1, 1, 2, 0, 1, 2, 1, 1, 2, 2, 1, 1, 1, 1, 0, 1, 0, 1, 0, 1, 1, 1, 0, 2, 0, 1, 1, 2, 0]|[1, 3, 2, 0, 4, 1, 4, 4, 2, 4, 3, 2, 1, 0, 2, 1, 1, 1, 2, 1, 1, 3, 0, 1, 0, 1, 1, 4, 1, 4, 3, 2, 2, 0, 4, 1, 1, 4, 0, 1, 2, 1, 4, 4, 1, 1, 0, 2, 3, 1, 2, 1, 2, 1, 1, 2, 4, 3, 0, 2, 2, 3, 3, 0, 1, 2, 0, 1, 2, 4, 1, 3, 4, 1, 2, 4, 1, 3, 3, 1, 1, 4, 3, 4, 3, 2, 4, 2, 4, 2, 3, 4, 1, 2, 1, 2, 3, 4, 1, 2]|[1, 2, 1, 0, 3, 0, 1, 3, 0, 0, 2, 0, 1, 0, 1, 0, 0, 0, 1, 0, 0, 2, 0, 0, 1, 0, 0, 3, 0, 1, 0, 2, 0, 1, 3, 0, 1, 3, 1, 0, 0, 0, 1, 3, 0, 0, 1, 0, 2, 0, 0, 0, 0, 0, 1, 0, 1, 0, 1, 1, 0, 2, 2, 0, 0, 0, 1, 0, 0, 2, 0, 0, 1, 0, 0, 1, 0, 0, 3, 0, 0, 1, 0, 3, 0, 0, 1, 0, 2, 0, 0, 2, 1, 0, 0, 0, 0, 1, 0, 0],850.9632869082183,52431.02217786142,105346.60403335126,false
54,G2_TEC,G2_TEC,[31, 94, 82, 15, 26, 9, 95, 42, 77, 68, 47, 5, 93, 78, 86, 54, 85, 63, 18, 44, 20, 49, 36, 14, 74, 50, 53, 17, 21, 28, 11, 64, 3, 23, 30, 83, 24, 41, 40, 52, 65, 27, 90, 70, 39, 87, 48, 69, 99, 4, 98, 1, 13, 56, 97, 59, 45, 8, 73, 37, 35, 79, 71, 66, 76, 32, 60, 80, 58, 6, 67, 61, 33, 7, 57, 34, 12, 16, 10, 22, 96, 88, 43, 81, 91, 2, 84, 29, 92, 19, 89, 55, 51, 46, 25, 75, 38, 72, 62, 0]|[2, 1, 2, 1, 1, 2, 1, 1, 1, 1, 1, 0, 2, 2, 1, 2, 0, 0, 0, 2, 2, 1, 0, 2, 0, 2, 2, 1, 0, 1, 1, 1, 0, 0, 1, 0, 2, 1, 2, 2, 0, 0, 1, 1, 0, 2, 0, 2, 1, 0, 2, 2, 0, 2, 2, 0, 1, 1, 0, 0, 2, 1, 1, 2, 2, 0, 2, 2, 2, 1, 2, 1, 1, 2, 0, 1, 1, 2, 1, 2, 0, 1, 1, 1, 1, 0, 0, 1, 0, 1, 1, 0, 1, 0, 1, 0, 0, 1, 1, 0]|[0, 3, 0, 3, 4, 1, 4, 4, 4, 4, 3, 2, 1, 0, 2, 1, 1, 1, 2, 1, 1, 3, 0, 1, 0, 1, 1, 4, 1, 4, 3, 2, 2, 0, 4, 1, 1, 4, 1, 1, 2, 1, 4, 4, 1, 1, 0, 1, 3, 2, 1, 1, 2, 1, 1, 2, 4, 3, 0, 2, 1, 3, 3, 1, 1, 2, 1, 1, 1, 4, 1, 3, 4, 1, 2, 4, 3, 1, 3, 1, 2, 4, 4, 4, 3, 2, 2, 3, 2, 4, 4, 2, 3, 2, 4, 2, 2, 4, 3, 2]|[0, 2, 0, 0, 3, 0, 1, 3, 1, 0, 2, 0, 1, 0, 1, 0, 0, 0, 1, 0, 0, 2, 0, 0, 1, 0, 0, 3, 0, 1, 0, 2, 0, 0, 3, 0, 1, 1, 0, 0, 0, 0, 1, 3, 0, 0, 1, 0, 2, 0, 0, 0, 0, 0, 1, 0, 1, 0, 1, 1, 0, 2, 0, 0, 0, 0, 0, 0, 0, 2, 0, 0, 1, 0, 0, 1, 0, 0, 3, 0, 0, 1, 2, 2, 0, 0, 0, 3, 0, 1, 1, 0, 0, 0, 3, 0, 0, 1, 0, 0],910.6016522559228,48441.78517559203,107030.90942221809,false
54,G3_TWC,G1_CMAX,[31, 22, 42, 15, 26, 58, 95, 82, 77, 12, 47, 5, 93, 78, 98, 54, 85, 63, 18, 44, 20, 35, 43, 97, 91, 76, 10, 30, 21, 45, 71, 64, 1, 23, 17, 83, 24, 61, 60, 36, 6, 57, 94, 88, 65, 56, 79, 40, 67, 68, 46, 75, 38, 9, 19, 32, 81, 41, 27, 62, 87, 90, 99, 59, 53, 16, 72, 73, 70, 39, 37, 84, 3, 92, 25, 55, 28, 29, 51, 7, 33, 14, 86, 48, 89, 50, 4, 96, 11, 80, 8, 2, 0, 49, 74, 52, 13, 66, 69, 34]|[1, 1, 0, 1, 1, 1, 2, 1, 2, 1, 2, 2, 2, 1, 1, 0, 0, 1, 0, 2, 2, 0, 1, 2, 0, 1, 2, 2, 0, 0, 1, 2, 1, 2, 1, 0, 2, 1, 1, 1, 0, 1, 1, 1, 0, 2, 1, 1, 0, 0, 0, 0, 1, 1, 2, 1, 2, 2, 0, 0, 2, 1, 0, 1, 2, 1, 2, 1, 1, 1, 1, 1, 2, 0, 1, 1, 0, 0, 0, 1, 2, 1, 0, 0, 1, 0, 1, 2, 0, 0, 1, 0, 0, 0, 2, 1, 0, 2, 1, 2]|[4, 3, 2, 2, 0, 0, 2, 2, 2, 4, 1, 1, 2, 4, 4, 1, 1, 4, 2, 1, 1, 1, 1, 2, 1, 2, 1, 1, 1, 1, 3, 2, 3, 1, 4, 0, 1, 3, 0, 3, 2, 2, 4, 0, 1, 1, 0, 2, 0, 1, 2, 2, 1, 4, 0, 3, 2, 1, 1, 2, 1, 3, 1, 1, 1, 3, 0, 4, 3, 1, 4, 1, 1, 2, 4, 4, 2, 1, 1, 3, 1, 3, 1, 1, 1, 1, 4, 1, 2, 1, 3, 2, 2, 1, 1, 1, 2, 1, 4, 1]|[0, 2, 1, 1, 3, 3, 0, 1, 0, 0, 0, 0, 1, 0, 1, 0, 0, 3, 1, 0, 0, 0, 3, 1, 0, 2, 0, 0, 0, 1, 0, 0, 0, 0, 3, 0, 1, 0, 0, 2, 1, 1, 2, 0, 0, 0, 0, 1, 1, 0, 0, 0, 1, 3, 0, 0, 1, 0, 0, 1, 0, 2, 0, 1, 0, 2, 1, 0, 0, 1, 1, 3, 0, 1, 3, 3, 1, 0, 0, 2, 0, 0, 0, 0, 1, 0, 0, 0, 1, 0, 2, 0, 0, 1, 0, 1, 0, 0, 2, 0],730.5756340398165,56776.75809121033,92370.82500878497,true
54,G1_CMAX,G1_CMAX,[31, 22, 82, 15, 26, 99, 95, 42, 77, 12, 47, 5, 93, 78, 86, 54, 21, 63, 18, 44, 20, 35, 43, 97, 91, 76, 10, 30, 85, 45, 71, 64, 1, 23, 17, 83, 24, 14, 60, 36, 6, 57, 40, 88, 65, 56, 79, 94, 67, 68, 46, 75, 38, 9, 19, 32, 41, 81, 27, 87, 90, 58, 59, 11, 16, 72, 73, 70, 39, 37, 84, 3, 92, 25, 55, 48, 62, 29, 51, 7, 33, 61, 66, 28, 89, 50, 4, 96, 53, 80, 8, 98, 34, 49, 52, 0, 74, 69, 2, 13]|[1, 1, 0, 1, 1, 0, 1, 1, 2, 1, 2, 2, 2, 1, 1, 0, 0, 1, 0, 2, 2, 0, 1, 2, 0, 1, 2, 2, 0, 0, 1, 2, 1, 2, 1, 0, 2, 0, 1, 1, 0, 1, 1, 1, 0, 2, 2, 1, 0, 0, 0, 0, 1, 1, 2, 1, 0, 2, 0, 2, 1, 0, 1, 2, 1, 2, 1, 1, 1, 1, 1, 1, 0, 1, 2, 0, 0, 0, 0, 2, 2, 1, 2, 0, 1, 0, 1, 2, 0, 0, 1, 2, 2, 0, 1, 0, 2, 1, 0, 0]|[0, 3, 2, 2, 4, 1, 2, 3, 2, 4, 1, 1, 2, 4, 4, 1, 1, 4, 2, 1, 1, 1, 1, 2, 1, 2, 1, 1, 2, 1, 3, 2, 3, 1, 4, 0, 1, 1, 0, 3, 2, 2, 2, 0, 1, 1, 1, 4, 0, 1, 2, 2, 1, 4, 0, 3, 1, 1, 1, 1, 3, 1, 1, 1, 3, 0, 4, 3, 1, 4, 1, 1, 0, 4, 1, 1, 2, 1, 1, 1, 1, 3, 1, 2, 1, 1, 4, 1, 2, 1, 3, 1, 1, 1, 1, 2, 1, 4, 2, 2]|[0, 2, 1, 1, 3, 0, 1, 3, 0, 0, 0, 0, 1, 0, 1, 0, 0, 3, 1, 0, 0, 0, 3, 1, 0, 2, 0, 0, 0, 1, 0, 0, 0, 0, 3, 0, 1, 0, 0, 2, 1, 1, 1, 0, 0, 0, 0, 2, 1, 0, 0, 0, 1, 3, 0, 0, 0, 0, 0, 0, 2, 0, 1, 0, 2, 1, 0, 0, 1, 1, 3, 1, 1, 3, 0, 0, 1, 0, 0, 0, 0, 0, 0, 1, 1, 0, 0, 0, 1, 0, 2, 0, 0, 1, 1, 0, 0, 2, 0, 0],734.7379753826443,56212.42260301796,92506.7406905272,false
54,G4_BALANCED,G4_BALANCED,[31, 11, 15, 82, 26, 9, 95, 32, 77, 68, 47, 5, 93, 78, 86, 54, 85, 63, 18, 44, 20, 49, 36, 14, 74, 50, 53, 17, 21, 45, 71, 64, 3, 23, 30, 83, 24, 41, 60, 52, 51, 27, 90, 70, 39, 87, 48, 69, 99, 4, 46, 1, 13, 58, 97, 59, 28, 8, 73, 37, 35, 79, 22, 66, 76, 42, 40, 80, 96, 6, 16, 61, 33, 7, 57, 34, 12, 67, 10, 98, 56, 88, 29, 25, 91, 38, 19, 92, 43, 84, 65, 72, 81, 75, 2, 55, 62, 89, 94, 0]|[2, 1, 1, 2, 1, 2, 1, 1, 1, 1, 1, 0, 2, 2, 1, 2, 0, 0, 0, 2, 2, 1, 0, 2, 0, 2, 2, 1, 0, 1, 1, 1, 0, 0, 1, 0, 2, 1, 2, 2, 0, 0, 1, 1, 0, 2, 0, 2, 1, 0, 0, 2, 0, 0, 2, 0, 1, 1, 0, 0, 2, 1, 1, 2, 2, 0, 2, 2, 0, 1, 2, 1, 1, 2, 0, 1, 2, 1, 1, 2, 2, 1, 1, 1, 1, 0, 1, 0, 1, 0, 1, 1, 1, 0, 2, 0, 1, 1, 2, 0]|[1, 3, 2, 0, 4, 1, 4, 4, 2, 4, 3, 2, 1, 0, 2, 1, 1, 1, 2, 1, 1, 3, 0, 1, 0, 1, 1, 4, 1, 4, 3, 2, 2, 0, 4, 1, 1, 4, 0, 1, 2, 1, 4, 4, 1, 1, 0, 2, 3, 1, 2, 1, 2, 1, 1, 2, 4, 3, 0, 2, 2, 3, 3, 0, 1, 2, 0, 1, 2, 4, 1, 3, 4, 1, 2, 4, 1, 3, 3, 1, 1, 4, 3, 4, 3, 2, 4, 2, 4, 2, 3, 4, 1, 2, 1, 2, 3, 4, 1, 2]|[1, 2, 1, 0, 3, 0, 1, 3, 0, 0, 2, 0, 1, 0, 1, 0, 0, 0, 1, 0, 0, 2, 0, 0, 1, 0, 0, 3, 0, 1, 0, 2, 0, 1, 3, 0, 1, 3, 1, 0, 0, 0, 1, 3, 0, 0, 1, 0, 2, 0, 0, 0, 0, 0, 1, 0, 1, 0, 1, 1, 0, 2, 2, 0, 0, 0, 1, 0, 0, 2, 0, 0, 1, 0, 0, 1, 0, 0, 3, 0, 0, 1, 0, 3, 0, 0, 1, 0, 2, 0, 0, 2, 1, 0, 0, 0, 0, 1, 0, 0],850.9632869082183,52431.02217786142,105346.60403335126,false
54,G2_TEC,G2_TEC,[31, 94, 82, 15, 26, 9, 95, 42, 77, 68, 47, 5, 93, 78, 86, 54, 85, 63, 18, 44, 20, 49, 36, 14, 74, 50, 53, 17, 21, 28, 11, 64, 3, 23, 30, 83, 24, 41, 40, 52, 65, 27, 90, 70, 39, 87, 48, 69, 99, 4, 98, 1, 13, 56, 97, 59, 45, 8, 73, 37, 35, 79, 71, 66, 76, 32, 60, 80, 58, 6, 67, 61, 33, 7, 57, 34, 12, 16, 10, 22, 96, 88, 43, 81, 91, 2, 84, 29, 92, 19, 89, 55, 51, 46, 25, 75, 38, 72, 62, 0]|[2, 1, 2, 1, 1, 2, 1, 1, 1, 1, 1, 0, 2, 2, 1, 2, 0, 0, 0, 2, 2, 1, 0, 2, 0, 2, 2, 1, 0, 1, 1, 1, 0, 0, 1, 0, 2, 1, 2, 2, 0, 0, 1, 1, 0, 2, 0, 2, 1, 0, 2, 2, 0, 2, 2, 0, 1, 1, 0, 0, 2, 1, 1, 2, 2, 0, 2, 2, 2, 1, 2, 1, 1, 2, 0, 1, 1, 2, 1, 2, 0, 1, 1, 1, 1, 0, 0, 1, 0, 1, 1, 0, 1, 0, 1, 0, 0, 1, 1, 0]|[0, 3, 0, 3, 4, 1, 4, 4, 4, 4, 3, 2, 1, 0, 2, 1, 1, 1, 2, 1, 1, 3, 0, 1, 0, 1, 1, 4, 1, 4, 3, 2, 2, 0, 4, 1, 1, 4, 1, 1, 2, 1, 4, 4, 1, 1, 0, 1, 3, 2, 1, 1, 2, 1, 1, 2, 4, 3, 0, 2, 1, 3, 3, 1, 1, 2, 1, 1, 1, 4, 1, 3, 4, 1, 2, 4, 3, 1, 3, 1, 2, 4, 4, 4, 3, 2, 2, 3, 2, 4, 4, 2, 3, 2, 4, 2, 2, 4, 3, 2]|[0, 2, 0, 0, 3, 0, 1, 3, 1, 0, 2, 0, 1, 0, 1, 0, 0, 0, 1, 0, 0, 2, 0, 0, 1, 0, 0, 3, 0, 1, 0, 2, 0, 0, 3, 0, 1, 1, 0, 0, 0, 0, 1, 3, 0, 0, 1, 0, 2, 0, 0, 0, 0, 0, 1, 0, 1, 0, 1, 1, 0, 2, 0, 0, 0, 0, 0, 0, 0, 2, 0, 0, 1, 0, 0, 1, 0, 0, 3, 0, 0, 1, 2, 2, 0, 0, 0, 3, 0, 1, 1, 0, 0, 0, 3, 0, 0, 1, 0, 0],910.6016522559228,48441.78517559203,107030.90942221809,false
54,G3_TWC,G4_BALANCED,[31, 22, 42, 15, 26, 58, 95, 82, 77, 12, 47, 5, 93, 78, 98, 54, 85, 63, 18, 44, 20, 35, 43, 97, 91, 76, 10, 30, 21, 45, 71, 64, 1, 23, 17, 83, 24, 61, 60, 49, 6, 57, 94, 88, 65, 56, 79, 40, 67, 68, 46, 75, 38, 9, 19, 32, 81, 41, 27, 62, 87, 90, 99, 59, 53, 16, 72, 73, 70, 39, 37, 84, 3, 92, 25, 74, 28, 0, 51, 7, 11, 14, 86, 48, 89, 50, 66, 96, 33, 80, 4, 8, 55, 36, 29, 52, 13, 2, 69, 34]|[1, 1, 0, 1, 1, 1, 2, 1, 2, 1, 2, 2, 2, 1, 1, 0, 0, 1, 0, 2, 2, 0, 1, 2, 0, 1, 2, 2, 0, 0, 1, 2, 1, 0, 1, 0, 2, 0, 1, 1, 0, 1, 1, 1, 0, 2, 1, 1, 0, 0, 0, 0, 1, 1, 2, 1, 2, 0, 0, 0, 2, 1, 0, 1, 0, 1, 2, 1, 1, 1, 1, 1, 2, 0, 1, 2, 0, 0, 0, 1, 2, 1, 0, 0, 1, 0, 0, 2, 2, 0, 0, 1, 2, 0, 0, 1, 0, 0, 1, 2]|[4, 3, 2, 2, 0, 0, 2, 2, 2, 4, 1, 1, 2, 4, 4, 1, 1, 4, 2, 1, 1, 1, 1, 2, 1, 2, 1, 1, 1, 1, 3, 2, 3, 0, 4, 0, 1, 1, 0, 3, 2, 2, 4, 0, 1, 1, 3, 2, 0, 1, 2, 2, 1, 4, 0, 3, 2, 1, 1, 2, 1, 3, 1, 1, 2, 3, 0, 4, 3, 1, 4, 1, 1, 2, 4, 1, 2, 1, 1, 3, 1, 3, 1, 1, 1, 1, 1, 1, 1, 1, 2, 3, 1, 1, 2, 1, 2, 2, 3, 1]|[0, 2, 1, 1, 3, 3, 0, 1, 0, 0, 0, 0, 1, 0, 1, 0, 0, 3, 1, 0, 0, 0, 3, 1, 0, 2, 0, 0, 0, 1, 0, 0, 0, 0, 3, 0, 1, 0, 0, 2, 1, 1, 2, 0, 0, 0, 0, 1, 1, 0, 0, 0, 1, 3, 0, 0, 1, 0, 0, 1, 0, 2, 0, 1, 1, 2, 1, 0, 0, 1, 1, 3, 0, 1, 3, 0, 1, 0, 0, 2, 0, 0, 0, 0, 1, 0, 0, 0, 0, 0, 1, 2, 0, 1, 0, 1, 0, 0, 0, 0],787.7354273239397,57319.98389756265,87481.7179896983,true
54,G1_CMAX,G4_BALANCED,[31, 22, 82, 15, 26, 58, 95, 42, 77, 12, 47, 5, 93, 78, 86, 54, 85, 63, 18, 44, 20, 35, 43, 97, 66, 76, 10, 30, 21, 45, 71, 64, 1, 23, 17, 83, 24, 14, 60, 36, 6, 57, 40, 88, 65, 56, 79, 94, 67, 68, 46, 75, 38, 9, 19, 32, 41, 81, 27, 62, 87, 90, 99, 59, 11, 16, 72, 73, 69, 39, 37, 84, 3, 92, 25, 55, 29, 28, 51, 7, 33, 61, 98, 48, 89, 50, 4, 96, 53, 8, 80, 91, 52, 49, 34, 0, 74, 70, 2, 13]|[1, 1, 0, 1, 1, 0, 1, 2, 2, 1, 2, 2, 2, 1, 1, 0, 0, 1, 0, 2, 2, 0, 1, 2, 2, 1, 2, 2, 0, 0, 1, 2, 1, 2, 1, 0, 2, 0, 1, 1, 0, 1, 1, 1, 0, 2, 2, 1, 0, 0, 0, 0, 1, 1, 2, 1, 0, 2, 0, 0, 2, 1, 0, 1, 2, 1, 2, 1, 1, 1, 1, 1, 1, 0, 1, 1, 0, 0, 0, 1, 2, 1, 2, 0, 1, 0, 1, 2, 0, 1, 0, 0, 1, 0, 2, 0, 2, 1, 0, 0]|[4, 3, 2, 2, 4, 1, 2, 2, 2, 4, 1, 1, 2, 4, 4, 1, 2, 4, 2, 1, 1, 1, 1, 2, 1, 2, 1, 1, 1, 1, 3, 2, 3, 1, 4, 0, 1, 1, 0, 3, 2, 2, 2, 0, 1, 1, 1, 4, 0, 1, 2, 2, 1, 4, 0, 3, 1, 1, 1, 2, 1, 3, 1, 1, 1, 3, 0, 4, 3, 1, 4, 1, 1, 2, 4, 4, 1, 1, 1, 1, 1, 3, 1, 1, 1, 1, 4, 1, 2, 3, 1, 1, 1, 1, 1, 2, 1, 4, 2, 2]|[0, 2, 1, 1, 3, 0, 1, 0, 0, 0, 0, 0, 1, 0, 1, 0, 0, 3, 1, 0, 0, 0, 3, 1, 0, 2, 0, 0, 0, 0, 0, 0, 0, 0, 3, 0, 1, 0, 0, 2, 1, 1, 1, 0, 0, 0, 0, 2, 1, 0, 0, 0, 1, 3, 0, 0, 0, 0, 0, 1, 0, 2, 0, 1, 0, 2, 1, 0, 0, 1, 1, 3, 1, 1, 3, 3, 0, 0, 0, 2, 0, 0, 0, 0, 1, 0, 0, 0, 1, 2, 0, 0, 1, 1, 0, 0, 0, 2, 0, 0],798.3530402857136,55227.74749962417,97608.17100854636,true
54,G4_BALANCED,G4_BALANCED,[31, 11, 15, 82, 26, 9, 95, 32, 77, 68, 47, 5, 93, 78, 86, 54, 85, 63, 18, 44, 20, 49, 36, 14, 74, 50, 53, 17, 21, 45, 71, 64, 3, 23, 30, 83, 24, 41, 60, 52, 51, 27, 90, 70, 39, 87, 48, 69, 99, 4, 46, 1, 13, 58, 97, 59, 28, 8, 73, 37, 35, 79, 22, 66, 76, 42, 40, 80, 96, 6, 16, 61, 33, 7, 57, 34, 12, 67, 10, 98, 56, 88, 29, 25, 91, 38, 19, 92, 43, 84, 65, 72, 81, 75, 2, 55, 62, 89, 94, 0]|[2, 1, 1, 2, 1, 2, 1, 1, 1, 1, 1, 0, 2, 2, 1, 2, 0, 0, 0, 2, 2, 1, 0, 2, 0, 2, 2, 1, 0, 1, 1, 1, 0, 0, 1, 0, 2, 1, 2, 2, 0, 0, 1, 1, 0, 2, 0, 2, 1, 0, 0, 2, 0, 0, 2, 0, 1, 1, 0, 0, 2, 1, 1, 2, 2, 0, 2, 2, 0, 1, 2, 1, 1, 2, 0, 1, 2, 1, 1, 2, 2, 1, 1, 1, 1, 0, 1, 0, 1, 0, 1, 1, 1, 0, 2, 0, 1, 1, 2, 0]|[1, 3, 2, 0, 4, 1, 4, 4, 2, 4, 3, 2, 1, 0, 2, 1, 1, 1, 2, 1, 1, 3, 0, 1, 0, 1, 1, 4, 1, 4, 3, 2, 2, 0, 4, 1, 1, 4, 0, 1, 2, 1, 4, 4, 1, 1, 0, 2, 3, 1, 2, 1, 2, 1, 1, 2, 4, 3, 0, 2, 2, 3, 3, 0, 1, 2, 0, 1, 2, 4, 1, 3, 4, 1, 2, 4, 1, 3, 3, 1, 1, 4, 3, 4, 3, 2, 4, 2, 4, 2, 3, 4, 1, 2, 1, 2, 3, 4, 1, 2]|[1, 2, 1, 0, 3, 0, 1, 3, 0, 0, 2, 0, 1, 0, 1, 0, 0, 0, 1, 0, 0, 2, 0, 0, 1, 0, 0, 3, 0, 1, 0, 2, 0, 1, 3, 0, 1, 3, 1, 0, 0, 0, 1, 3, 0, 0, 1, 0, 2, 0, 0, 0, 0, 0, 1, 0, 1, 0, 1, 1, 0, 2, 2, 0, 0, 0, 1, 0, 0, 2, 0, 0, 1, 0, 0, 1, 0, 0, 3, 0, 0, 1, 0, 3, 0, 0, 1, 0, 2, 0, 0, 2, 1, 0, 0, 0, 0, 1, 0, 0],850.9632869082183,52431.02217786142,105346.60403335126,false
54,G2_TEC,G2_TEC,[31, 94, 82, 15, 26, 9, 95, 42, 77, 68, 47, 5, 93, 78, 86, 54, 85, 63, 18, 44, 20, 49, 36, 14, 74, 50, 53, 17, 21, 28, 11, 64, 3, 23, 30, 83, 24, 41, 40, 52, 65, 27, 90, 70, 39, 87, 48, 69, 99, 4, 98, 1, 13, 56, 97, 59, 45, 8, 73, 37, 35, 79, 71, 66, 76, 32, 60, 80, 58, 6, 67, 61, 33, 7, 57, 34, 12, 16, 10, 22, 96, 88, 43, 81, 91, 2, 84, 29, 92, 19, 89, 55, 51, 46, 25, 75, 38, 72, 62, 0]|[2, 1, 2, 1, 1, 2, 1, 1, 1, 1, 1, 0, 2, 2, 1, 2, 0, 0, 0, 2, 2, 1, 0, 2, 0, 2, 2, 1, 0, 1, 1, 1, 0, 0, 1, 0, 2, 1, 2, 2, 0, 0, 1, 1, 0, 2, 0, 2, 1, 0, 2, 2, 0, 2, 2, 0, 1, 1, 0, 0, 2, 1, 1, 2, 2, 0, 2, 2, 2, 1, 2, 1, 1, 2, 0, 1, 1, 2, 1, 2, 0, 1, 1, 1, 1, 0, 0, 1, 0, 1, 1, 0, 1, 0, 1, 0, 0, 1, 1, 0]|[0, 3, 0, 3, 4, 1, 4, 4, 4, 4, 3, 2, 1, 0, 2, 1, 1, 1, 2, 1, 1, 3, 0, 1, 0, 1, 1, 4, 1, 4, 3, 2, 2, 0, 4, 1, 1, 4, 1, 1, 2, 1, 4, 4, 1, 1, 0, 1, 3, 2, 1, 1, 2, 1, 1, 2, 4, 3, 0, 2, 1, 3, 3, 1, 1, 2, 1, 1, 1, 4, 1, 3, 4, 1, 2, 4, 3, 1, 3, 1, 2, 4, 4, 4, 3, 2, 2, 3, 2, 4, 4, 2, 3, 2, 4, 2, 2, 4, 3, 2]|[0, 2, 0, 0, 3, 0, 1, 3, 1, 0, 2, 0, 1, 0, 1, 0, 0, 0, 1, 0, 0, 2, 0, 0, 1, 0, 0, 3, 0, 1, 0, 2, 0, 0, 3, 0, 1, 1, 0, 0, 0, 0, 1, 3, 0, 0, 1, 0, 2, 0, 0, 0, 0, 0, 1, 0, 1, 0, 1, 1, 0, 2, 0, 0, 0, 0, 0, 0, 0, 2, 0, 0, 1, 0, 0, 1, 0, 0, 3, 0, 0, 1, 2, 2, 0, 0, 0, 3, 0, 1, 1, 0, 0, 0, 3, 0, 0, 1, 0, 0],910.6016522559228,48441.78517559203,107030.90942221809,false
54,G3_TWC,G1_CMAX,[31, 22, 82, 15, 26, 9, 95, 42, 77, 68, 47, 5, 93, 78, 86, 54, 85, 63, 18, 44, 20, 49, 36, 14, 74, 50, 53, 17, 21, 28, 71, 64, 3, 23, 30, 83, 24, 41, 60, 52, 65, 27, 90, 70, 39, 87, 48, 69, 99, 4, 46, 1, 13, 58, 97, 59, 45, 8, 73, 37, 35, 79, 11, 66, 76, 32, 40, 80, 96, 6, 16, 61, 33, 7, 57, 34, 12, 67, 10, 98, 56, 88, 29, 75, 91, 38, 19, 92, 43, 84, 51, 89, 81, 25, 55, 62, 94, 2, 0, 72]|[2, 1, 2, 1, 1, 2, 1, 1, 1, 1, 1, 0, 2, 2, 1, 2, 0, 0, 0, 2, 2, 1, 0, 2, 0, 2, 2, 1, 0, 1, 1, 1, 0, 0, 1, 0, 2, 1, 2, 2, 0, 0, 1, 1, 0, 2, 0, 2, 1, 0, 0, 2, 0, 0, 2, 0, 1, 1, 0, 0, 2, 1, 0, 2, 2, 0, 2, 2, 0, 1, 2, 1, 1, 2, 0, 1, 1, 2, 1, 2, 2, 1, 1, 0, 1, 0, 1, 0, 1, 0, 1, 1, 1, 1, 0, 1, 2, 2, 0, 1]|[1, 3, 0, 3, 4, 1, 4, 4, 2, 4, 3, 2, 1, 0, 2, 1, 1, 1, 2, 1, 1, 3, 0, 1, 0, 1, 1, 4, 1, 4, 3, 2, 2, 0, 4, 1, 1, 4, 0, 1, 2, 1, 4, 4, 1, 1, 0, 1, 3, 1, 2, 1, 2, 1, 1, 2, 4, 3, 0, 2, 2, 3, 1, 0, 1, 2, 1, 1, 2, 4, 1, 3, 4, 1, 2, 4, 3, 1, 3, 1, 1, 4, 3, 2, 3, 2, 4, 2, 4, 2, 3, 4, 3, 4, 2, 3, 1, 1, 2, 4]|[1, 2, 0, 0, 3, 0, 1, 3, 0, 0, 2, 0, 1, 0, 1, 0, 0, 0, 1, 0, 0, 2, 0, 0, 1, 0, 0, 3, 0, 1, 0, 2, 0, 1, 3, 0, 1, 1, 1, 0, 0, 0, 1, 3, 0, 0, 1, 0, 2, 0, 0, 0, 0, 0, 1, 0, 1, 0, 1, 1, 0, 2, 0, 0, 0, 0, 0, 0, 0, 2, 0, 0, 1, 0, 0, 1, 0, 0, 3, 0, 0, 1, 0, 0, 0, 0, 3, 0, 2, 0, 0, 1, 0, 3, 0, 0, 0, 0, 0, 2],858.5435261145767,51509.30708478212,104962.95305747358,true
54,G1_CMAX,G1_CMAX,[31, 11, 82, 15, 26, 58, 95, 42, 77, 12, 47, 5, 93, 78, 86, 54, 85, 63, 18, 44, 20, 35, 43, 97, 91, 76, 10, 30, 21, 45, 71, 64, 1, 23, 17, 83, 24, 14, 60, 36, 6, 57, 40, 88, 65, 56, 79, 94, 67, 68, 46, 75, 38, 9, 19, 32, 22, 81, 27, 87, 90, 99, 59, 62, 41, 16, 73, 70, 39, 37, 84, 3, 72, 92, 25, 34, 29, 55, 51, 7, 33, 61, 96, 48, 89, 50, 8, 98, 53, 80, 4, 66, 28, 49, 52, 0, 13, 2, 69, 74]|[1, 1, 0, 1, 1, 0, 1, 2, 2, 1, 2, 2, 2, 1, 1, 0, 0, 1, 0, 2, 2, 0, 1, 2, 0, 1, 2, 2, 0, 0, 1, 2, 1, 2, 1, 0, 2, 0, 1, 1, 0, 1, 1, 1, 0, 2, 1, 1, 0, 0, 0, 0, 1, 1, 2, 1, 0, 2, 0, 2, 1, 0, 1, 2, 2, 1, 1, 1, 1, 1, 1, 1, 2, 0, 1, 2, 0, 1, 0, 1, 2, 1, 2, 0, 1, 0, 1, 2, 0, 0, 1, 2, 0, 0, 1, 0, 0, 0, 1, 2]|[4, 3, 2, 2, 4, 1, 2, 2, 2, 4, 1, 1, 2, 4, 4, 1, 2, 4, 2, 1, 1, 1, 1, 2, 1, 2, 1, 1, 2, 1, 3, 2, 3, 1, 4, 0, 1, 1, 1, 3, 2, 2, 2, 0, 1, 1, 0, 4, 0, 1, 2, 2, 1, 4, 0, 3, 1, 2, 1, 1, 3, 1, 1, 1, 1, 3, 4, 3, 1, 4, 1, 1, 1, 0, 4, 1, 1, 4, 1, 1, 1, 3, 1, 1, 1, 1, 3, 1, 2, 1, 4, 1, 2, 1, 1, 2, 2, 2, 4, 1]|[0, 2, 1, 1, 3, 0, 1, 0, 0, 0, 0, 0, 1, 0, 1, 0, 0, 3, 1, 0, 0, 0, 3, 1, 0, 2, 0, 0, 0, 1, 0, 0, 0, 0, 3, 0, 1, 0, 0, 2, 1, 1, 1, 0, 0, 0, 0, 2, 1, 0, 0, 0, 1, 3, 0, 0, 0, 1, 0, 0, 2, 0, 1, 0, 0, 2, 0, 0, 1, 1, 3, 1, 0, 1, 3, 0, 0, 3, 0, 2, 0, 0, 0, 0, 1, 0, 2, 0, 1, 0, 0, 0, 1, 1, 1, 0, 0, 0, 2, 0],781.468167390965,55385.91204651697,96181.17954732271,false
54,G4_BALANCED,G4_BALANCED,[31, 11, 15, 82, 26, 9, 95, 32, 77, 68, 47, 5, 93, 78, 86, 54, 85, 63, 18, 44, 20, 49, 36, 14, 74, 50, 53, 17, 21, 45, 71, 64, 3, 23, 30, 83, 24, 41, 60, 52, 51, 27, 90, 70, 39, 87, 48, 69, 99, 4, 46, 1, 13, 58, 97, 59, 28, 8, 73, 37, 35, 79, 22, 66, 76, 42, 40, 80, 96, 6, 16, 61, 33, 7, 57, 34, 12, 67, 10, 98, 56, 88, 29, 25, 91, 38, 19, 92, 43, 84, 65, 72, 81, 75, 2, 55, 62, 89, 94, 0]|[2, 1, 1, 2, 1, 2, 1, 1, 1, 1, 1, 0, 2, 2, 1, 2, 0, 0, 0, 2, 2, 1, 0, 2, 0, 2, 2, 1, 0, 1, 1, 1, 0, 0, 1, 0, 2, 1, 2, 2, 0, 0, 1, 1, 0, 2, 0, 2, 1, 0, 0, 2, 0, 0, 2, 0, 1, 1, 0, 0, 2, 1, 1, 2, 2, 0, 2, 2, 0, 1, 2, 1, 1, 2, 0, 1, 2, 1, 1, 2, 2, 1, 1, 1, 1, 0, 1, 0, 1, 0, 1, 1, 1, 0, 2, 0, 1, 1, 2, 0]|[1, 3, 2, 0, 4, 1, 4, 4, 2, 4, 3, 2, 1, 0, 2, 1, 1, 1, 2, 1, 1, 3, 0, 1, 0, 1, 1, 4, 1, 4, 3, 2, 2, 0, 4, 1, 1, 4, 0, 1, 2, 1, 4, 4, 1, 1, 0, 2, 3, 1, 2, 1, 2, 1, 1, 2, 4, 3, 0, 2, 2, 3, 3, 0, 1, 2, 0, 1, 2, 4, 1, 3, 4, 1, 2, 4, 1, 3, 3, 1, 1, 4, 3, 4, 3, 2, 4, 2, 4, 2, 3, 4, 1, 2, 1, 2, 3, 4, 1, 2]|[1, 2, 1, 0, 3, 0, 1, 3, 0, 0, 2, 0, 1, 0, 1, 0, 0, 0, 1, 0, 0, 2, 0, 0, 1, 0, 0, 3, 0, 1, 0, 2, 0, 1, 3, 0, 1, 3, 1, 0, 0, 0, 1, 3, 0, 0, 1, 0, 2, 0, 0, 0, 0, 0, 1, 0, 1, 0, 1, 1, 0, 2, 2, 0, 0, 0, 1, 0, 0, 2, 0, 0, 1, 0, 0, 1, 0, 0, 3, 0, 0, 1, 0, 3, 0, 0, 1, 0, 2, 0, 0, 2, 1, 0, 0, 0, 0, 1, 0, 0],850.9632869082183,52431.02217786142,105346.60403335126,false
54,G2_TEC,G2_TEC,[31, 94, 82, 15, 26, 9, 95, 42, 77, 68, 47, 5, 93, 78, 86, 54, 85, 63, 18, 44, 20, 49, 36, 14, 74, 50, 53, 17, 21, 28, 11, 64, 3, 23, 30, 83, 24, 41, 40, 52, 65, 27, 90, 70, 39, 87, 48, 69, 99, 4, 98, 1, 13, 56, 97, 59, 45, 8, 73, 37, 35, 79, 71, 66, 76, 32, 60, 80, 58, 6, 67, 61, 33, 7, 57, 34, 12, 16, 10, 22, 96, 88, 43, 81, 91, 2, 84, 29, 92, 19, 89, 55, 51, 46, 25, 75, 38, 72, 62, 0]|[2, 1, 2, 1, 1, 2, 1, 1, 1, 1, 1, 0, 2, 2, 1, 2, 0, 0, 0, 2, 2, 1, 0, 2, 0, 2, 2, 1, 0, 1, 1, 1, 0, 0, 1, 0, 2, 1, 2, 2, 0, 0, 1, 1, 0, 2, 0, 2, 1, 0, 2, 2, 0, 2, 2, 0, 1, 1, 0, 0, 2, 1, 1, 2, 2, 0, 2, 2, 2, 1, 2, 1, 1, 2, 0, 1, 1, 2, 1, 2, 0, 1, 1, 1, 1, 0, 0, 1, 0, 1, 1, 0, 1, 0, 1, 0, 0, 1, 1, 0]|[0, 3, 0, 3, 4, 1, 4, 4, 4, 4, 3, 2, 1, 0, 2, 1, 1, 1, 2, 1, 1, 3, 0, 1, 0, 1, 1, 4, 1, 4, 3, 2, 2, 0, 4, 1, 1, 4, 1, 1, 2, 1, 4, 4, 1, 1, 0, 1, 3, 2, 1, 1, 2, 1, 1, 2, 4, 3, 0, 2, 1, 3, 3, 1, 1, 2, 1, 1, 1, 4, 1, 3, 4, 1, 2, 4, 3, 1, 3, 1, 2, 4, 4, 4, 3, 2, 2, 3, 2, 4, 4, 2, 3, 2, 4, 2, 2, 4, 3, 2]|[0, 2, 0, 0, 3, 0, 1, 3, 1, 0, 2, 0, 1, 0, 1, 0, 0, 0, 1, 0, 0, 2, 0, 0, 1, 0, 0, 3, 0, 1, 0, 2, 0, 0, 3, 0, 1, 1, 0, 0, 0, 0, 1, 3, 0, 0, 1, 0, 2, 0, 0, 0, 0, 0, 1, 0, 1, 0, 1, 1, 0, 2, 0, 0, 0, 0, 0, 0, 0, 2, 0, 0, 1, 0, 0, 1, 0, 0, 3, 0, 0, 1, 2, 2, 0, 0, 0, 3, 0, 1, 1, 0, 0, 0, 3, 0, 0, 1, 0, 0],910.6016522559228,48441.78517559203,107030.90942221809,false
54,G3_TWC,G3_TWC,[31, 22, 42, 15, 26, 58, 95, 82, 77, 12, 47, 5, 93, 78, 98, 54, 85, 63, 18, 44, 20, 35, 43, 97, 91, 76, 10, 30, 21, 45, 71, 64, 1, 23, 17, 83, 24, 61, 60, 49, 6, 57, 94, 88, 65, 56, 79, 40, 67, 68, 46, 75, 38, 9, 19, 32, 81, 41, 27, 62, 87, 90, 99, 59, 53, 16, 72, 73, 70, 39, 37, 84, 3, 92, 25, 74, 28, 0, 51, 7, 11, 14, 86, 66, 89, 50, 48, 96, 33, 80, 4, 8, 34, 36, 55, 52, 13, 2, 69, 29]|[1, 1, 0, 1, 1, 1, 2, 1, 2, 1, 2, 2, 2, 1, 1, 0, 0, 1, 0, 2, 2, 0, 1, 2, 0, 1, 2, 2, 0, 0, 1, 2, 1, 0, 1, 0, 2, 0, 1, 1, 0, 1, 1, 1, 0, 2, 1, 1, 0, 0, 0, 0, 1, 1, 2, 1, 2, 0, 0, 0, 2, 1, 0, 1, 0, 1, 2, 1, 1, 1, 1, 1, 2, 0, 1, 2, 0, 0, 0, 1, 2, 1, 0, 2, 1, 0, 0, 2, 2, 0, 0, 1, 2, 0, 2, 1, 0, 0, 1, 0]|[4, 3, 2, 2, 0, 0, 2, 2, 2, 4, 1, 1, 2, 4, 4, 1, 1, 4, 2, 1, 1, 1, 1, 2, 1, 2, 1, 1, 1, 1, 3, 2, 3, 0, 4, 0, 1, 1, 0, 3, 2, 2, 4, 0, 1, 1, 3, 2, 0, 1, 2, 2, 1, 4, 0, 3, 2, 1, 1, 2, 1, 3, 1, 1, 2, 3, 0, 4, 3, 1, 4, 1, 1, 2, 4, 1, 2, 1, 1, 3, 1, 3, 1, 1, 1, 1, 1, 1, 1, 1, 2, 3, 1, 1, 1, 1, 2, 2, 3, 1]|[0, 2, 1, 1, 3, 3, 0, 1, 0, 0, 0, 0, 1, 0, 1, 0, 0, 3, 1, 0, 0, 0, 3, 1, 0, 2, 0, 0, 0, 1, 0, 0, 0, 0, 3, 0, 1, 0, 0, 2, 1, 1, 2, 0, 0, 0, 0, 1, 1, 0, 0, 0, 1, 3, 0, 0, 1, 0, 0, 1, 0, 2, 0, 1, 1, 2, 1, 0, 0, 1, 1, 3, 0, 1, 3, 0, 1, 0, 0, 2, 0, 0, 0, 0, 1, 0, 0, 0, 0, 0, 1, 2, 0, 1, 0, 1, 0, 0, 0, 0],773.7329326544065,57276.25537916782,87754.88758889219,false
54,G1_CMAX,G3_TWC,[31, 22, 82, 15, 26, 99, 95, 42, 77, 12, 47, 5, 93, 78, 86, 54, 21, 63, 18, 44, 20, 35, 43, 97, 91, 76, 10, 30, 85, 45, 71, 64, 1, 23, 17, 83, 24, 14, 60, 36, 6, 57, 40, 88, 65, 56, 79, 94, 67, 68, 46, 75, 38, 9, 19, 32, 41, 81, 27, 87, 90, 58, 59, 11, 16, 72, 73, 70, 39, 37, 84, 3, 92, 62, 25, 55, 28, 29, 51, 7, 33, 61, 98, 66, 89, 50, 48, 96, 53, 80, 4, 8, 34, 49, 52, 0, 13, 2, 69, 74]|[1, 1, 0, 1, 1, 0, 1, 1, 2, 1, 2, 2, 2, 1, 1, 0, 0, 1, 0, 2, 2, 0, 1, 2, 0, 1, 2, 2, 0, 0, 1, 2, 1, 2, 1, 0, 2, 0, 1, 1, 0, 1, 1, 1, 0, 2, 1, 1, 0, 0, 0, 0, 1, 1, 2, 1, 0, 2, 0, 2, 1, 0, 1, 2, 1, 2, 1, 1, 1, 1, 1, 1, 0, 0, 1, 2, 0, 0, 0, 2, 2, 1, 2, 2, 1, 0, 0, 2, 0, 0, 1, 1, 2, 0, 1, 0, 0, 0, 1, 2]|[4, 3, 2, 2, 4, 1, 2, 3, 2, 4, 1, 1, 2, 4, 4, 1, 1, 4, 2, 1, 1, 1, 1, 2, 1, 2, 1, 1, 2, 1, 3, 2, 3, 0, 4, 0, 1, 1, 0, 3, 2, 2, 2, 0, 1, 1, 0, 4, 0, 1, 2, 2, 1, 4, 0, 3, 1, 2, 1, 1, 3, 1, 1, 1, 3, 0, 4, 3, 1, 4, 1, 1, 2, 2, 4, 1, 2, 1, 1, 1, 1, 3, 1, 1, 1, 1, 1, 1, 2, 1, 4, 3, 1, 1, 1, 2, 2, 2, 4, 1]|[0, 2, 1, 1, 3, 0, 1, 3, 0, 0, 0, 0, 1, 0, 1, 0, 0, 3, 1, 0, 0, 0, 3, 1, 0, 2, 0, 0, 0, 1, 0, 0, 0, 0, 3, 0, 1, 0, 0, 2, 1, 1, 1, 0, 0, 0, 0, 2, 1, 0, 0, 0, 1, 3, 0, 0, 0, 1, 0, 0, 2, 0, 1, 0, 2, 1, 0, 0, 1, 1, 3, 1, 1, 1, 3, 0, 1, 0, 0, 0, 0, 0, 0, 0, 1, 0, 0, 0, 1, 0, 0, 2, 0, 1, 1, 0, 0, 0, 2, 0],738.4078437685978,56794.782228086115,91517.5691530927,true
54,G4_BALANCED,G4_BALANCED,[31, 11, 15, 82, 26, 9, 95, 32, 77, 68, 47, 5, 93, 78, 86, 54, 85, 63, 18, 44, 20, 49, 36, 14, 74, 50, 53, 17, 21, 45, 71, 64, 3, 23, 30, 83, 24, 41, 60, 52, 51, 27, 90, 70, 39, 87, 48, 69, 99, 4, 46, 1, 13, 58, 97, 59, 28, 8, 73, 37, 35, 79, 22, 66, 76, 42, 40, 80, 96, 6, 16, 61, 33, 7, 57, 34, 12, 67, 10, 98, 56, 88, 29, 25, 91, 38, 19, 92, 43, 84, 65, 72, 81, 75, 2, 55, 62, 89, 94, 0]|[2, 1, 1, 2, 1, 2, 1, 1, 1, 1, 1, 0, 2, 2, 1, 2, 0, 0, 0, 2, 2, 1, 0, 2, 0, 2, 2, 1, 0, 1, 1, 1, 0, 0, 1, 0, 2, 1, 2, 2, 0, 0, 1, 1, 0, 2, 0, 2, 1, 0, 0, 2, 0, 0, 2, 0, 1, 1, 0, 0, 2, 1, 1, 2, 2, 0, 2, 2, 0, 1, 2, 1, 1, 2, 0, 1, 2, 1, 1, 2, 2, 1, 1, 1, 1, 0, 1, 0, 1, 0, 1, 1, 1, 0, 2, 0, 1, 1, 2, 0]|[1, 3, 2, 0, 4, 1, 4, 4, 2, 4, 3, 2, 1, 0, 2, 1, 1, 1, 2, 1, 1, 3, 0, 1, 0, 1, 1, 4, 1, 4, 3, 2, 2, 0, 4, 1, 1, 4, 0, 1, 2, 1, 4, 4, 1, 1, 0, 2, 3, 1, 2, 1, 2, 1, 1, 2, 4, 3, 0, 2, 2, 3, 3, 0, 1, 2, 0, 1, 2, 4, 1, 3, 4, 1, 2, 4, 1, 3, 3, 1, 1, 4, 3, 4, 3, 2, 4, 2, 4, 2, 3, 4, 1, 2, 1, 2, 3, 4, 1, 2]|[1, 2, 1, 0, 3, 0, 1, 3, 0, 0, 2, 0, 1, 0, 1, 0, 0, 0, 1, 0, 0, 2, 0, 0, 1, 0, 0, 3, 0, 1, 0, 2, 0, 1, 3, 0, 1, 3, 1, 0, 0, 0, 1, 3, 0, 0, 1, 0, 2, 0, 0, 0, 0, 0, 1, 0, 1, 0, 1, 1, 0, 2, 2, 0, 0, 0, 1, 0, 0, 2, 0, 0, 1, 0, 0, 1, 0, 0, 3, 0, 0, 1, 0, 3, 0, 0, 1, 0, 2, 0, 0, 2, 1, 0, 0, 0, 0, 1, 0, 0],850.9632869082183,52431.02217786142,105346.60403335126,false
54,G2_TEC,G2_TEC,[31, 94, 82, 15, 26, 9, 95, 42, 77, 68, 47, 5, 93, 78, 86, 54, 85, 63, 18, 44, 20, 49, 36, 14, 74, 50, 53, 17, 21, 28, 11, 64, 3, 23, 30, 83, 24, 41, 40, 52, 65, 27, 90, 70, 39, 87, 48, 69, 99, 4, 98, 1, 13, 56, 97, 59, 45, 8, 73, 37, 35, 79, 71, 66, 76, 32, 60, 80, 58, 6, 67, 61, 33, 7, 57, 34, 12, 16, 10, 22, 96, 88, 43, 81, 91, 2, 84, 29, 92, 19, 89, 55, 51, 46, 25, 75, 38, 72, 62, 0]|[2, 1, 2, 1, 1, 2, 1, 1, 1, 1, 1, 0, 2, 2, 1, 2, 0, 0, 0, 2, 2, 1, 0, 2, 0, 2, 2, 1, 0, 1, 1, 1, 0, 0, 1, 0, 2, 1, 2, 2, 0, 0, 1, 1, 0, 2, 0, 2, 1, 0, 2, 2, 0, 2, 2, 0, 1, 1, 0, 0, 2, 1, 1, 2, 2, 0, 2, 2, 2, 1, 2, 1, 1, 2, 0, 1, 1, 2, 1, 2, 0, 1, 1, 1, 1, 0, 0, 1, 0, 1, 1, 0, 1, 0, 1, 0, 0, 1, 1, 0]|[0, 3, 0, 3, 4, 1, 4, 4, 4, 4, 3, 2, 1, 0, 2, 1, 1, 1, 2, 1, 1, 3, 0, 1, 0, 1, 1, 4, 1, 4, 3, 2, 2, 0, 4, 1, 1, 4, 1, 1, 2, 1, 4, 4, 1, 1, 0, 1, 3, 2, 1, 1, 2, 1, 1, 2, 4, 3, 0, 2, 1, 3, 3, 1, 1, 2, 1, 1, 1, 4, 1, 3, 4, 1, 2, 4, 3, 1, 3, 1, 2, 4, 4, 4, 3, 2, 2, 3, 2, 4, 4, 2, 3, 2, 4, 2, 2, 4, 3, 2]|[0, 2, 0, 0, 3, 0, 1, 3, 1, 0, 2, 0, 1, 0, 1, 0, 0, 0, 1, 0, 0, 2, 0, 0, 1, 0, 0, 3, 0, 1, 0, 2, 0, 0, 3, 0, 1, 1, 0, 0, 0, 0, 1, 3, 0, 0, 1, 0, 2, 0, 0, 0, 0, 0, 1, 0, 1, 0, 1, 1, 0, 2, 0, 0, 0, 0, 0, 0, 0, 2, 0, 0, 1, 0, 0, 1, 0, 0, 3, 0, 0, 1, 2, 2, 0, 0, 0, 3, 0, 1, 1, 0, 0, 0, 3, 0, 0, 1, 0, 0],910.6016522559228,48441.78517559203,107030.90942221809,false
54,G3_TWC,G4_BALANCED,[31, 22, 42, 15, 26, 58, 95, 82, 77, 12, 47, 5, 93, 78, 98, 54, 85, 63, 18, 44, 20, 35, 43, 97, 91, 76, 10, 30, 21, 45, 71, 64, 1, 23, 17, 83, 24, 61, 60, 49, 6, 57, 94, 88, 65, 56, 79, 40, 67, 68, 46, 75, 38, 9, 19, 32, 81, 41, 27, 62, 87, 90, 99, 59, 53, 16, 72, 73, 70, 39, 37, 84, 3, 92, 25, 74, 28, 0, 51, 7, 11, 14, 86, 48, 89, 50, 66, 96, 33, 80, 4, 8, 55, 36, 29, 52, 13, 2, 69, 34]|[1, 1, 0, 1, 1, 1, 2, 1, 2, 1, 2, 2, 2, 1, 1, 0, 0, 1, 0, 2, 2, 0, 1, 2, 0, 1, 2, 2, 0, 0, 1, 2, 1, 0, 1, 0, 2, 0, 1, 1, 0, 1, 1, 1, 0, 2, 1, 1, 0, 0, 0, 0, 1, 1, 2, 1, 2, 0, 0, 0, 2, 1, 0, 1, 0, 1, 2, 1, 1, 1, 1, 1, 2, 0, 1, 2, 0, 0, 0, 1, 2, 1, 0, 0, 1, 0, 0, 2, 2, 0, 0, 1, 2, 0, 0, 1, 0, 0, 1, 2]|[4, 3, 2, 2, 0, 0, 2, 2, 2, 4, 1, 1, 2, 4, 4, 1, 1, 4, 2, 1, 1, 1, 1, 2, 1, 2, 1, 1, 1, 1, 3, 2, 3, 0, 4, 0, 1, 1, 0, 3, 2, 2, 4, 0, 1, 1, 3, 2, 0, 1, 2, 2, 1, 4, 0, 3, 2, 1, 1, 2, 1, 3, 1, 1, 2, 3, 0, 4, 3, 1, 4, 1, 1, 2, 4, 1, 2, 1, 1, 3, 1, 3, 1, 1, 1, 1, 1, 1, 1, 1, 2, 3, 1, 1, 2, 1, 2, 2, 3, 1]|[0, 2, 1, 1, 3, 3, 0, 1, 0, 0, 0, 0, 1, 0, 1, 0, 0, 3, 1, 0, 0, 0, 3, 1, 0, 2, 0, 0, 0, 1, 0, 0, 0, 0, 3, 0, 1, 0, 0, 2, 1, 1, 2, 0, 0, 0, 0, 1, 1, 0, 0, 0, 1, 3, 0, 0, 1, 0, 0, 1, 0, 2, 0, 1, 1, 2, 1, 0, 0, 1, 1, 3, 0, 1, 3, 0, 1, 0, 0, 2, 0, 0, 0, 0, 1, 0, 0, 0, 0, 0, 1, 2, 0, 1, 0, 1, 0, 0, 0, 0],787.7354273239397,57319.98389756265,87481.7179896983,true
54,G1_CMAX,G4_BALANCED,[31, 22, 82, 15, 26, 99, 95, 42, 77, 12, 47, 5, 93, 78, 86, 54, 21, 63, 18, 44, 20, 23, 43, 97, 91, 76, 10, 30, 85, 45, 71, 64, 1, 35, 17, 83, 24, 14, 60, 36, 6, 57, 40, 88, 65, 56, 79, 94, 67, 68, 46, 75, 38, 9, 19, 32, 41, 81, 27, 87, 90, 58, 59, 11, 16, 72, 73, 70, 39, 37, 84, 3, 92, 25, 55, 48, 62, 29, 51, 96, 33, 61, 98, 28, 89, 50, 4, 7, 53, 80, 8, 66, 34, 49, 52, 0, 74, 69, 2, 13]|[2, 1, 0, 1, 1, 0, 1, 1, 2, 1, 2, 2, 2, 1, 1, 0, 0, 1, 0, 2, 2, 0, 1, 2, 0, 1, 2, 2, 0, 0, 1, 2, 1, 2, 1, 0, 2, 0, 1, 1, 0, 1, 1, 1, 0, 2, 1, 1, 0, 0, 0, 0, 1, 1, 2, 1, 0, 2, 0, 2, 1, 0, 1, 2, 1, 2, 1, 1, 1, 1, 1, 1, 0, 1, 2, 0, 0, 0, 0, 2, 2, 1, 2, 0, 1, 0, 1, 2, 0, 0, 1, 2, 2, 0, 1, 0, 2, 1, 0, 0]|[1, 3, 2, 2, 4, 1, 2, 3, 2, 4, 1, 1, 2, 4, 4, 1, 1, 4, 2, 1, 1, 1, 1, 2, 1, 2, 1, 1, 2, 1, 3, 2, 3, 1, 4, 0, 1, 1, 0, 3, 2, 2, 2, 0, 1, 1, 0, 4, 0, 1, 2, 2, 1, 4, 0, 3, 1, 1, 1, 1, 3, 1, 1, 1, 3, 0, 4, 3, 1, 4, 1, 1, 0, 4, 1, 1, 2, 1, 1, 1, 1, 3, 1, 2, 1, 1, 4, 1, 2, 1, 3, 1, 1, 1, 1, 2, 1, 4, 2, 2]|[0, 2, 1, 1, 3, 0, 1, 3, 0, 0, 0, 0, 1, 0, 1, 0, 0, 3, 1, 0, 0, 0, 3, 1, 0, 2, 0, 0, 0, 1, 0, 0, 0, 0, 3, 0, 1, 0, 0, 2, 1, 1, 1, 0, 0, 0, 0, 2, 1, 0, 0, 0, 1, 3, 0, 0, 0, 0, 0, 0, 2, 0, 1, 0, 2, 1, 0, 0, 1, 1, 3, 1, 1, 3, 0, 0, 1, 0, 0, 0, 0, 0, 0, 1, 1, 0, 0, 0, 1, 0, 2, 0, 0, 1, 1, 0, 0, 2, 0, 0],747.0447039953423,56009.8738606192,91689.36854044648,true
54,G4_BALANCED,G4_BALANCED,[31, 11, 15, 82, 26, 9, 95, 32, 77, 68, 47, 5, 93, 78, 86, 54, 85, 63, 18, 44, 20, 49, 36, 14, 74, 50, 53, 17, 21, 45, 71, 64, 3, 23, 30, 83, 24, 41, 60, 52, 51, 27, 90, 70, 39, 87, 48, 69, 99, 4, 46, 1, 13, 58, 97, 59, 28, 8, 73, 37, 35, 79, 22, 66, 76, 42, 40, 80, 96, 6, 16, 61, 33, 7, 57, 34, 12, 67, 10, 98, 56, 88, 29, 25, 91, 38, 19, 92, 43, 84, 65, 72, 81, 75, 2, 55, 62, 89, 94, 0]|[2, 1, 1, 2, 1, 2, 1, 1, 1, 1, 1, 0, 2, 2, 1, 2, 0, 0, 0, 2, 2, 1, 0, 2, 0, 2, 2, 1, 0, 1, 1, 1, 0, 0, 1, 0, 2, 1, 2, 2, 0, 0, 1, 1, 0, 2, 0, 2, 1, 0, 0, 2, 0, 0, 2, 0, 1, 1, 0, 0, 2, 1, 1, 2, 2, 0, 2, 2, 0, 1, 2, 1, 1, 2, 0, 1, 2, 1, 1, 2, 2, 1, 1, 1, 1, 0, 1, 0, 1, 0, 1, 1, 1, 0, 2, 0, 1, 1, 2, 0]|[1, 3, 2, 0, 4, 1, 4, 4, 2, 4, 3, 2, 1, 0, 2, 1, 1, 1, 2, 1, 1, 3, 0, 1, 0, 1, 1, 4, 1, 4, 3, 2, 2, 0, 4, 1, 1, 4, 0, 1, 2, 1, 4, 4, 1, 1, 0, 2, 3, 1, 2, 1, 2, 1, 1, 2, 4, 3, 0, 2, 2, 3, 3, 0, 1, 2, 0, 1, 2, 4, 1, 3, 4, 1, 2, 4, 1, 3, 3, 1, 1, 4, 3, 4, 3, 2, 4, 2, 4, 2, 3, 4, 1, 2, 1, 2, 3, 4, 1, 2]|[1, 2, 1, 0, 3, 0, 1, 3, 0, 0, 2, 0, 1, 0, 1, 0, 0, 0, 1, 0, 0, 2, 0, 0, 1, 0, 0, 3, 0, 1, 0, 2, 0, 1, 3, 0, 1, 3, 1, 0, 0, 0, 1, 3, 0, 0, 1, 0, 2, 0, 0, 0, 0, 0, 1, 0, 1, 0, 1, 1, 0, 2, 2, 0, 0, 0, 1, 0, 0, 2, 0, 0, 1, 0, 0, 1, 0, 0, 3, 0, 0, 1, 0, 3, 0, 0, 1, 0, 2, 0, 0, 2, 1, 0, 0, 0, 0, 1, 0, 0],850.9632869082183,52431.02217786142,105346.60403335126,false
54,G2_TEC,G2_TEC,[31, 94, 82, 15, 26, 9, 95, 42, 77, 68, 47, 5, 93, 78, 86, 54, 85, 63, 18, 44, 20, 49, 36, 14, 74, 50, 53, 17, 21, 28, 11, 64, 3, 23, 30, 83, 24, 41, 40, 52, 65, 27, 90, 70, 39, 87, 48, 69, 99, 4, 98, 1, 13, 56, 97, 59, 45, 8, 73, 37, 35, 79, 71, 66, 76, 32, 60, 80, 58, 6, 67, 61, 33, 7, 57, 34, 12, 16, 10, 22, 96, 88, 43, 81, 91, 2, 84, 29, 92, 19, 89, 55, 51, 46, 25, 75, 38, 72, 62, 0]|[2, 1, 2, 1, 1, 2, 1, 1, 1, 1, 1, 0, 2, 2, 1, 2, 0, 0, 0, 2, 2, 1, 0, 2, 0, 2, 2, 1, 0, 1, 1, 1, 0, 0, 1, 0, 2, 1, 2, 2, 0, 0, 1, 1, 0, 2, 0, 2, 1, 0, 2, 2, 0, 2, 2, 0, 1, 1, 0, 0, 2, 1, 1, 2, 2, 0, 2, 2, 2, 1, 2, 1, 1, 2, 0, 1, 1, 2, 1, 2, 0, 1, 1, 1, 1, 0, 0, 1, 0, 1, 1, 0, 1, 0, 1, 0, 0, 1, 1, 0]|[0, 3, 0, 3, 4, 1, 4, 4, 4, 4, 3, 2, 1, 0, 2, 1, 1, 1, 2, 1, 1, 3, 0, 1, 0, 1, 1, 4, 1, 4, 3, 2, 2, 0, 4, 1, 1, 4, 1, 1, 2, 1, 4, 4, 1, 1, 0, 1, 3, 2, 1, 1, 2, 1, 1, 2, 4, 3, 0, 2, 1, 3, 3, 1, 1, 2, 1, 1, 1, 4, 1, 3, 4, 1, 2, 4, 3, 1, 3, 1, 2, 4, 4, 4, 3, 2, 2, 3, 2, 4, 4, 2, 3, 2, 4, 2, 2, 4, 3, 2]|[0, 2, 0, 0, 3, 0, 1, 3, 1, 0, 2, 0, 1, 0, 1, 0, 0, 0, 1, 0, 0, 2, 0, 0, 1, 0, 0, 3, 0, 1, 0, 2, 0, 0, 3, 0, 1, 1, 0, 0, 0, 0, 1, 3, 0, 0, 1, 0, 2, 0, 0, 0, 0, 0, 1, 0, 1, 0, 1, 1, 0, 2, 0, 0, 0, 0, 0, 0, 0, 2, 0, 0, 1, 0, 0, 1, 0, 0, 3, 0, 0, 1, 2, 2, 0, 0, 0, 3, 0, 1, 1, 0, 0, 0, 3, 0, 0, 1, 0, 0],910.6016522559228,48441.78517559203,107030.90942221809,false
54,G3_TWC,G4_BALANCED,[31, 22, 42, 15, 26, 58, 95, 82, 77, 12, 47, 5, 93, 78, 98, 54, 85, 63, 18, 44, 20, 35, 43, 97, 91, 76, 10, 30, 21, 45, 71, 64, 1, 23, 17, 83, 24, 61, 60, 49, 6, 57, 94, 88, 65, 56, 79, 40, 67, 68, 46, 75, 38, 9, 19, 32, 81, 41, 27, 62, 87, 90, 99, 59, 53, 16, 72, 73, 70, 39, 37, 84, 3, 92, 25, 74, 28, 0, 51, 7, 11, 14, 86, 48, 89, 50, 66, 96, 33, 80, 4, 8, 55, 36, 29, 52, 13, 2, 69, 34]|[1, 1, 0, 1, 1, 1, 2, 1, 2, 1, 2, 2, 2, 1, 1, 0, 0, 1, 0, 2, 2, 0, 1, 2, 0, 1, 2, 2, 0, 0, 1, 2, 1, 0, 1, 0, 2, 0, 1, 1, 0, 1, 1, 1, 0, 2, 1, 1, 0, 0, 0, 0, 1, 1, 2, 1, 2, 0, 0, 0, 2, 1, 0, 1, 0, 1, 2, 1, 1, 1, 1, 1, 2, 0, 1, 2, 0, 0, 0, 1, 2, 1, 0, 0, 1, 0, 0, 2, 2, 0, 0, 1, 2, 0, 0, 1, 0, 0, 1, 2]|[4, 3, 2, 2, 0, 0, 2, 2, 2, 4, 1, 1, 2, 4, 4, 1, 1, 4, 2, 1, 1, 1, 1, 2, 1, 2, 1, 1, 1, 1, 3, 2, 3, 0, 4, 0, 1, 1, 0, 3, 2, 2, 4, 0, 1, 1, 3, 2, 0, 1, 2, 2, 1, 4, 0, 3, 2, 1, 1, 2, 1, 3, 1, 1, 2, 3, 0, 4, 3, 1, 4, 1, 1, 2, 4, 1, 2, 1, 1, 3, 1, 3, 1, 1, 1, 1, 1, 1, 1, 1, 2, 3, 1, 1, 2, 1, 2, 2, 3, 1]|[0, 2, 1, 1, 3, 3, 0, 1, 0, 0, 0, 0, 1, 0, 1, 0, 0, 3, 1, 0, 0, 0, 3, 1, 0, 2, 0, 0, 0, 1, 0, 0, 0, 0, 3, 0, 1, 0, 0, 2, 1, 1, 2, 0, 0, 0, 0, 1, 1, 0, 0, 0, 1, 3, 0, 0, 1, 0, 0, 1, 0, 2, 0, 1, 1, 2, 1, 0, 0, 1, 1, 3, 0, 1, 3, 0, 1, 0, 0, 2, 0, 0, 0, 0, 1, 0, 0, 0, 0, 0, 1, 2, 0, 1, 0, 1, 0, 0, 0, 0],787.7354273239397,57319.98389756265,87481.7179896983,true
54,G1_CMAX,G4_BALANCED,[31, 11, 82, 15, 26, 9, 95, 42, 77, 68, 47, 5, 93, 78, 86, 54, 85, 63, 76, 44, 20, 49, 36, 14, 74, 50, 53, 25, 21, 28, 71, 64, 3, 23, 30, 83, 24, 41, 60, 52, 65, 27, 90, 70, 39, 87, 48, 69, 99, 4, 46, 1, 13, 58, 97, 59, 33, 8, 73, 37, 35, 79, 22, 66, 18, 32, 40, 80, 96, 6, 16, 61, 45, 7, 57, 34, 12, 67, 10, 98, 56, 88, 29, 75, 91, 38, 19, 92, 43, 84, 2, 72, 81, 17, 51, 55, 0, 89, 94, 62]|[2, 1, 2, 1, 1, 2, 1, 1, 1, 1, 1, 0, 2, 2, 1, 2, 0, 0, 0, 2, 2, 1, 0, 2, 0, 2, 2, 1, 0, 1, 1, 1, 0, 0, 1, 0, 2, 1, 2, 2, 0, 0, 1, 1, 0, 2, 0, 2, 1, 0, 0, 2, 0, 0, 2, 0, 1, 1, 0, 0, 2, 1, 0, 2, 2, 0, 2, 2, 0, 1, 2, 1, 1, 2, 0, 1, 1, 1, 1, 2, 2, 1, 1, 0, 1, 0, 1, 0, 1, 0, 2, 1, 1, 1, 1, 0, 0, 1, 2, 1]|[0, 3, 0, 2, 4, 1, 4, 4, 2, 4, 3, 2, 1, 0, 2, 1, 1, 1, 2, 1, 1, 3, 0, 1, 0, 1, 1, 4, 1, 4, 3, 2, 2, 0, 4, 1, 1, 4, 0, 1, 2, 1, 4, 4, 1, 1, 0, 2, 3, 1, 2, 1, 2, 1, 1, 2, 4, 3, 0, 2, 2, 3, 1, 0, 1, 2, 0, 1, 2, 4, 1, 3, 4, 1, 2, 4, 3, 3, 3, 1, 1, 4, 3, 2, 3, 2, 4, 2, 4, 2, 1, 4, 1, 4, 3, 2, 2, 4, 1, 3]|[0, 2, 0, 1, 3, 0, 1, 3, 0, 0, 2, 0, 1, 0, 1, 0, 0, 0, 1, 0, 0, 2, 0, 0, 1, 0, 0, 3, 0, 1, 0, 2, 0, 1, 3, 0, 1, 3, 1, 0, 0, 0, 1, 3, 0, 0, 1, 0, 2, 0, 0, 0, 0, 0, 1, 0, 1, 0, 1, 1, 0, 2, 0, 0, 0, 0, 0, 0, 0, 2, 0, 0, 1, 0, 0, 1, 0, 0, 3, 0, 0, 1, 0, 0, 0, 0, 3, 0, 2, 0, 0, 2, 1, 3, 0, 0, 0, 1, 0, 0],848.1161249092097,51934.83458349109,107480.51805341724,true
54,G4_BALANCED,G4_BALANCED,[31, 11, 15, 82, 26, 9, 95, 32, 77, 68, 47, 5, 93, 78, 86, 54, 85, 63, 18, 44, 20, 49, 36, 14, 74, 50, 53, 17, 21, 45, 71, 64, 3, 23, 30, 83, 24, 41, 60, 52, 51, 27, 90, 70, 39, 87, 48, 69, 99, 4, 46, 1, 13, 58, 97, 59, 28, 8, 73, 37, 35, 79, 22, 66, 76, 42, 40, 80, 96, 6, 16, 61, 33, 7, 57, 34, 12, 67, 10, 98, 56, 88, 29, 25, 91, 38, 19, 92, 43, 84, 65, 72, 81, 75, 2, 55, 62, 89, 94, 0]|[2, 1, 1, 2, 1, 2, 1, 1, 1, 1, 1, 0, 2, 2, 1, 2, 0, 0, 0, 2, 2, 1, 0, 2, 0, 2, 2, 1, 0, 1, 1, 1, 0, 0, 1, 0, 2, 1, 2, 2, 0, 0, 1, 1, 0, 2, 0, 2, 1, 0, 0, 2, 0, 0, 2, 0, 1, 1, 0, 0, 2, 1, 1, 2, 2, 0, 2, 2, 0, 1, 2, 1, 1, 2, 0, 1, 2, 1, 1, 2, 2, 1, 1, 1, 1, 0, 1, 0, 1, 0, 1, 1, 1, 0, 2, 0, 1, 1, 2, 0]|[1, 3, 2, 0, 4, 1, 4, 4, 2, 4, 3, 2, 1, 0, 2, 1, 1, 1, 2, 1, 1, 3, 0, 1, 0, 1, 1, 4, 1, 4, 3, 2, 2, 0, 4, 1, 1, 4, 0, 1, 2, 1, 4, 4, 1, 1, 0, 2, 3, 1, 2, 1, 2, 1, 1, 2, 4, 3, 0, 2, 2, 3, 3, 0, 1, 2, 0, 1, 2, 4, 1, 3, 4, 1, 2, 4, 1, 3, 3, 1, 1, 4, 3, 4, 3, 2, 4, 2, 4, 2, 3, 4, 1, 2, 1, 2, 3, 4, 1, 2]|[1, 2, 1, 0, 3, 0, 1, 3, 0, 0, 2, 0, 1, 0, 1, 0, 0, 0, 1, 0, 0, 2, 0, 0, 1, 0, 0, 3, 0, 1, 0, 2, 0, 1, 3, 0, 1, 3, 1, 0, 0, 0, 1, 3, 0, 0, 1, 0, 2, 0, 0, 0, 0, 0, 1, 0, 1, 0, 1, 1, 0, 2, 2, 0, 0, 0, 1, 0, 0, 2, 0, 0, 1, 0, 0, 1, 0, 0, 3, 0, 0, 1, 0, 3, 0, 0, 1, 0, 2, 0, 0, 2, 1, 0, 0, 0, 0, 1, 0, 0],850.9632869082183,52431.02217786142,105346.60403335126,false
54,G2_TEC,G2_TEC,[31, 94, 82, 15, 26, 9, 95, 42, 77, 68, 47, 5, 93, 78, 86, 54, 85, 63, 18, 44, 20, 49, 36, 14, 74, 50, 53, 17, 21, 28, 11, 64, 3, 23, 30, 83, 24, 41, 40, 52, 65, 27, 90, 70, 39, 87, 48, 69, 99, 4, 98, 1, 13, 56, 97, 59, 45, 8, 73, 37, 35, 79, 71, 66, 76, 32, 60, 80, 58, 6, 67, 61, 33, 7, 57, 34, 12, 16, 10, 22, 96, 88, 43, 81, 91, 2, 84, 29, 92, 19, 89, 55, 51, 46, 25, 75, 38, 72, 62, 0]|[2, 1, 2, 1, 1, 2, 1, 1, 1, 1, 1, 0, 2, 2, 1, 2, 0, 0, 0, 2, 2, 1, 0, 2, 0, 2, 2, 1, 0, 1, 1, 1, 0, 0, 1, 0, 2, 1, 2, 2, 0, 0, 1, 1, 0, 2, 0, 2, 1, 0, 2, 2, 0, 2, 2, 0, 1, 1, 0, 0, 2, 1, 1, 2, 2, 0, 2, 2, 2, 1, 2, 1, 1, 2, 0, 1, 1, 2, 1, 2, 0, 1, 1, 1, 1, 0, 0, 1, 0, 1, 1, 0, 1, 0, 1, 0, 0, 1, 1, 0]|[0, 3, 0, 3, 4, 1, 4, 4, 4, 4, 3, 2, 1, 0, 2, 1, 1, 1, 2, 1, 1, 3, 0, 1, 0, 1, 1, 4, 1, 4, 3, 2, 2, 0, 4, 1, 1, 4, 1, 1, 2, 1, 4, 4, 1, 1, 0, 1, 3, 2, 1, 1, 2, 1, 1, 2, 4, 3, 0, 2, 1, 3, 3, 1, 1, 2, 1, 1, 1, 4, 1, 3, 4, 1, 2, 4, 3, 1, 3, 1, 2, 4, 4, 4, 3, 2, 2, 3, 2, 4, 4, 2, 3, 2, 4, 2, 2, 4, 3, 2]|[0, 2, 0, 0, 3, 0, 1, 3, 1, 0, 2, 0, 1, 0, 1, 0, 0, 0, 1, 0, 0, 2, 0, 0, 1, 0, 0, 3, 0, 1, 0, 2, 0, 0, 3, 0, 1, 1, 0, 0, 0, 0, 1, 3, 0, 0, 1, 0, 2, 0, 0, 0, 0, 0, 1, 0, 1, 0, 1, 1, 0, 2, 0, 0, 0, 0, 0, 0, 0, 2, 0, 0, 1, 0, 0, 1, 0, 0, 3, 0, 0, 1, 2, 2, 0, 0, 0, 3, 0, 1, 1, 0, 0, 0, 3, 0, 0, 1, 0, 0],910.6016522559228,48441.78517559203,107030.90942221809,false
54,G3_TWC,G3_TWC,[31, 22, 42, 15, 26, 58, 95, 82, 77, 12, 47, 5, 93, 78, 98, 54, 85, 63, 18, 44, 20, 35, 43, 97, 91, 76, 10, 30, 21, 45, 71, 64, 1, 23, 17, 83, 24, 61, 60, 36, 6, 57, 94, 88, 65, 56, 79, 40, 67, 68, 46, 75, 38, 9, 19, 32, 81, 41, 27, 62, 87, 90, 99, 59, 53, 16, 72, 73, 70, 39, 37, 84, 3, 92, 25, 74, 28, 29, 51, 50, 11, 14, 86, 55, 89, 7, 4, 96, 33, 80, 48, 8, 66, 49, 0, 52, 13, 2, 69, 34]|[1, 1, 0, 1, 1, 1, 2, 1, 2, 1, 2, 2, 2, 1, 1, 0, 0, 1, 0, 2, 2, 0, 1, 2, 0, 1, 2, 2, 0, 0, 1, 2, 1, 2, 1, 0, 2, 0, 1, 1, 0, 1, 1, 1, 0, 2, 1, 1, 0, 0, 0, 0, 1, 1, 2, 1, 2, 2, 0, 0, 2, 1, 0, 1, 0, 1, 2, 1, 1, 1, 1, 1, 2, 0, 1, 2, 0, 0, 0, 1, 2, 1, 0, 1, 1, 1, 1, 2, 2, 0, 0, 1, 0, 0, 0, 1, 0, 0, 1, 2]|[4, 3, 2, 2, 0, 0, 2, 2, 2, 4, 1, 1, 2, 4, 4, 1, 1, 4, 2, 1, 1, 1, 1, 2, 1, 2, 1, 1, 1, 1, 3, 2, 3, 0, 4, 0, 1, 1, 0, 3, 2, 2, 4, 0, 1, 1, 0, 2, 0, 1, 2, 2, 1, 4, 0, 3, 2, 1, 1, 2, 1, 3, 1, 1, 2, 3, 0, 4, 3, 1, 4, 1, 1, 2, 4, 1, 2, 1, 1, 3, 1, 3, 1, 4, 1, 3, 4, 1, 1, 1, 1, 3, 1, 1, 2, 1, 2, 2, 4, 1]|[0, 2, 1, 1, 3, 3, 0, 1, 0, 0, 0, 0, 1, 0, 1, 0, 0, 3, 1, 0, 0, 0, 3, 1, 0, 2, 0, 0, 0, 1, 0, 0, 0, 0, 3, 0, 1, 0, 0, 2, 1, 1, 2, 0, 0, 0, 0, 1, 1, 0, 0, 0, 1, 3, 0, 0, 1, 0, 0, 1, 0, 2, 0, 1, 1, 2, 1, 0, 0, 1, 1, 3, 0, 1, 3, 0, 1, 0, 0, 2, 0, 0, 0, 3, 1, 2, 0, 0, 0, 0, 0, 2, 0, 1, 0, 1, 0, 0, 2, 0],729.4150576429289,57064.29642405906,91111.48657496076,false
54,G1_CMAX,G1_CMAX,[31, 22, 90, 26, 58, 95, 42, 12, 93, 5, 78, 86, 98, 18, 20, 35, 3, 97, 91, 76, 10, 85, 54, 45, 63, 71, 66, 1, 23, 17, 24, 60, 36, 6, 57, 15, 65, 56, 47, 79, 94, 67, 50, 46, 14, 75, 38, 9, 30, 19, 32, 81, 27, 92, 83, 87, 40, 99, 59, 11, 53, 16, 72, 77, 73, 70, 39, 37, 84, 43, 62, 25, 55, 28, 29, 51, 68, 82, 74, 61, 88, 21, 80, 89, 7, 69, 96, 41, 48, 4, 8, 34, 49, 52, 0, 44, 13, 2, 64, 33]|[1, 1, 1, 1, 0, 2, 1, 1, 2, 2, 2, 1, 0, 1, 2, 2, 1, 2, 0, 1, 2, 2, 2, 0, 0, 1, 2, 1, 2, 1, 2, 1, 1, 0, 1, 1, 0, 2, 2, 1, 1, 0, 0, 0, 0, 1, 1, 1, 1, 2, 1, 2, 2, 0, 0, 2, 1, 0, 0, 2, 0, 1, 2, 2, 1, 1, 1, 1, 1, 1, 0, 1, 1, 0, 0, 0, 0, 0, 2, 1, 1, 0, 0, 1, 1, 1, 2, 2, 0, 1, 1, 2, 0, 1, 0, 0, 0, 0, 2, 2]|[0, 4, 3, 0, 1, 1, 2, 4, 1, 1, 2, 4, 1, 4, 1, 1, 1, 2, 2, 2, 2, 1, 1, 1, 2, 3, 2, 3, 0, 4, 1, 0, 3, 2, 2, 2, 1, 1, 1, 0, 2, 0, 1, 2, 1, 3, 1, 4, 2, 0, 3, 2, 1, 2, 1, 1, 4, 1, 1, 1, 2, 3, 0, 2, 4, 3, 1, 4, 1, 1, 1, 4, 4, 2, 1, 1, 1, 2, 1, 3, 0, 1, 1, 1, 1, 3, 1, 1, 1, 4, 3, 1, 1, 1, 2, 2, 2, 2, 1, 1]|[3, 0, 2, 3, 0, 0, 1, 0, 0, 0, 1, 0, 0, 3, 0, 0, 1, 1, 1, 2, 1, 0, 0, 0, 0, 0, 0, 0, 0, 3, 1, 0, 2, 1, 1, 1, 0, 0, 0, 0, 1, 1, 0, 0, 0, 0, 1, 3, 2, 0, 0, 1, 0, 1, 0, 0, 2, 0, 0, 0, 1, 2, 1, 1, 0, 0, 1, 1, 3, 3, 0, 3, 3, 1, 0, 0, 0, 1, 0, 0, 0, 0, 0, 1, 2, 2, 0, 0, 0, 0, 2, 0, 1, 1, 0, 0, 0, 0, 0, 0],705.0470749739228,58445.79123614564,95781.2895945797,false
54,G4_BALANCED,G4_BALANCED,[31, 11, 15, 82, 26, 9, 95, 32, 77, 68, 47, 5, 93, 78, 86, 54, 85, 63, 18, 44, 20, 49, 36, 14, 74, 50, 53, 17, 21, 45, 71, 64, 3, 23, 30, 83, 24, 41, 60, 52, 51, 27, 90, 70, 39, 87, 48, 69, 99, 4, 46, 1, 13, 58, 97, 59, 28, 8, 73, 37, 35, 79, 22, 66, 76, 42, 40, 80, 96, 6, 16, 61, 33, 7, 57, 34, 12, 67, 10, 98, 56, 88, 29, 25, 91, 38, 19, 92, 43, 84, 65, 72, 81, 75, 2, 55, 62, 89, 94, 0]|[2, 1, 1, 2, 1, 2, 1, 1, 1, 1, 1, 0, 2, 2, 1, 2, 0, 0, 0, 2, 2, 1, 0, 2, 0, 2, 2, 1, 0, 1, 1, 1, 0, 0, 1, 0, 2, 1, 2, 2, 0, 0, 1, 1, 0, 2, 0, 2, 1, 0, 0, 2, 0, 0, 2, 0, 1, 1, 0, 0, 2, 1, 1, 2, 2, 0, 2, 2, 0, 1, 2, 1, 1, 2, 0, 1, 2, 1, 1, 2, 2, 1, 1, 1, 1, 0, 1, 0, 1, 0, 1, 1, 1, 0, 2, 0, 1, 1, 2, 0]|[1, 3, 2, 0, 4, 1, 4, 4, 2, 4, 3, 2, 1, 0, 2, 1, 1, 1, 2, 1, 1, 3, 0, 1, 0, 1, 1, 4, 1, 4, 3, 2, 2, 0, 4, 1, 1, 4, 0, 1, 2, 1, 4, 4, 1, 1, 0, 2, 3, 1, 2, 1, 2, 1, 1, 2, 4, 3, 0, 2, 2, 3, 3, 0, 1, 2, 0, 1, 2, 4, 1, 3, 4, 1, 2, 4, 1, 3, 3, 1, 1, 4, 3, 4, 3, 2, 4, 2, 4, 2, 3, 4, 1, 2, 1, 2, 3, 4, 1, 2]|[1, 2, 1, 0, 3, 0, 1, 3, 0, 0, 2, 0, 1, 0, 1, 0, 0, 0, 1, 0, 0, 2, 0, 0, 1, 0, 0, 3, 0, 1, 0, 2, 0, 1, 3, 0, 1, 3, 1, 0, 0, 0, 1, 3, 0, 0, 1, 0, 2, 0, 0, 0, 0, 0, 1, 0, 1, 0, 1, 1, 0, 2, 2, 0, 0, 0, 1, 0, 0, 2, 0, 0, 1, 0, 0, 1, 0, 0, 3, 0, 0, 1, 0, 3, 0, 0, 1, 0, 2, 0, 0, 2, 1, 0, 0, 0, 0, 1, 0, 0],850.9632869082183,52431.02217786142,105346.60403335126,false
54,G2_TEC,G2_TEC,[31, 94, 82, 15, 26, 9, 95, 42, 77, 68, 47, 5, 93, 78, 86, 54, 85, 63, 18, 44, 20, 49, 36, 14, 74, 50, 53, 17, 21, 28, 11, 64, 3, 23, 30, 83, 24, 41, 40, 52, 65, 27, 90, 70, 39, 87, 48, 69, 99, 4, 98, 1, 13, 56, 97, 59, 45, 8, 73, 37, 35, 79, 71, 66, 76, 32, 60, 80, 58, 6, 67, 61, 33, 7, 57, 34, 12, 16, 10, 22, 96, 88, 43, 81, 91, 2, 84, 29, 92, 19, 89, 55, 51, 46, 25, 75, 38, 72, 62, 0]|[2, 1, 2, 1, 1, 2, 1, 1, 1, 1, 1, 0, 2, 2, 1, 2, 0, 0, 0, 2, 2, 1, 0, 2, 0, 2, 2, 1, 0, 1, 1, 1, 0, 0, 1, 0, 2, 1, 2, 2, 0, 0, 1, 1, 0, 2, 0, 2, 1, 0, 2, 2, 0, 2, 2, 0, 1, 1, 0, 0, 2, 1, 1, 2, 2, 0, 2, 2, 2, 1, 2, 1, 1, 2, 0, 1, 1, 2, 1, 2, 0, 1, 1, 1, 1, 0, 0, 1, 0, 1, 1, 0, 1, 0, 1, 0, 0, 1, 1, 0]|[0, 3, 0, 3, 4, 1, 4, 4, 4, 4, 3, 2, 1, 0, 2, 1, 1, 1, 2, 1, 1, 3, 0, 1, 0, 1, 1, 4, 1, 4, 3, 2, 2, 0, 4, 1, 1, 4, 1, 1, 2, 1, 4, 4, 1, 1, 0, 1, 3, 2, 1, 1, 2, 1, 1, 2, 4, 3, 0, 2, 1, 3, 3, 1, 1, 2, 1, 1, 1, 4, 1, 3, 4, 1, 2, 4, 3, 1, 3, 1, 2, 4, 4, 4, 3, 2, 2, 3, 2, 4, 4, 2, 3, 2, 4, 2, 2, 4, 3, 2]|[0, 2, 0, 0, 3, 0, 1, 3, 1, 0, 2, 0, 1, 0, 1, 0, 0, 0, 1, 0, 0, 2, 0, 0, 1, 0, 0, 3, 0, 1, 0, 2, 0, 0, 3, 0, 1, 1, 0, 0, 0, 0, 1, 3, 0, 0, 1, 0, 2, 0, 0, 0, 0, 0, 1, 0, 1, 0, 1, 1, 0, 2, 0, 0, 0, 0, 0, 0, 0, 2, 0, 0, 1, 0, 0, 1, 0, 0, 3, 0, 0, 1, 2, 2, 0, 0, 0, 3, 0, 1, 1, 0, 0, 0, 3, 0, 0, 1, 0, 0],910.6016522559228,48441.78517559203,107030.90942221809,false
54,G3_TWC,G4_BALANCED,[31, 22, 42, 15, 26, 58, 95, 82, 77, 12, 47, 5, 93, 78, 98, 54, 85, 63, 18, 44, 20, 35, 43, 97, 91, 76, 10, 30, 21, 45, 71, 64, 1, 23, 17, 83, 24, 61, 60, 36, 6, 57, 94, 88, 65, 56, 79, 40, 67, 68, 46, 75, 38, 9, 19, 32, 81, 41, 27, 62, 87, 90, 99, 59, 53, 16, 72, 73, 70, 39, 37, 84, 3, 92, 25, 74, 28, 29, 51, 7, 49, 14, 86, 48, 89, 50, 66, 96, 11, 80, 4, 2, 55, 33, 0, 52, 13, 8, 69, 34]|[1, 1, 0, 1, 1, 1, 2, 1, 2, 1, 2, 2, 2, 1, 1, 0, 0, 1, 0, 2, 2, 0, 1, 2, 0, 1, 2, 2, 0, 0, 1, 2, 1, 2, 1, 0, 2, 0, 1, 1, 0, 1, 1, 1, 0, 2, 1, 1, 0, 0, 0, 0, 1, 1, 2, 1, 2, 0, 0, 0, 2, 1, 0, 1, 2, 1, 2, 1, 1, 1, 1, 1, 2, 0, 1, 2, 0, 0, 0, 1, 2, 1, 0, 0, 1, 0, 2, 0, 0, 0, 0, 0, 1, 2, 0, 1, 0, 1, 1, 2]|[4, 3, 2, 2, 0, 0, 2, 2, 2, 4, 1, 1, 2, 4, 4, 1, 1, 4, 2, 1, 1, 1, 1, 2, 1, 2, 1, 1, 1, 1, 3, 2, 3, 0, 4, 0, 1, 1, 0, 3, 2, 2, 4, 0, 1, 1, 3, 2, 0, 1, 2, 2, 1, 4, 0, 3, 2, 1, 1, 2, 1, 3, 1, 1, 1, 3, 0, 4, 3, 1, 4, 1, 1, 2, 4, 1, 2, 1, 1, 3, 1, 3, 1, 1, 1, 1, 1, 1, 2, 1, 2, 2, 4, 1, 2, 1, 2, 3, 4, 1]|[0, 2, 1, 1, 3, 3, 0, 1, 0, 0, 0, 0, 1, 0, 1, 0, 0, 3, 1, 0, 0, 0, 3, 1, 0, 2, 0, 0, 0, 1, 0, 0, 0, 0, 3, 0, 1, 0, 0, 2, 1, 1, 2, 0, 0, 0, 0, 1, 1, 0, 0, 0, 1, 3, 0, 0, 1, 0, 0, 1, 0, 2, 0, 1, 0, 2, 1, 0, 0, 1, 1, 3, 0, 1, 3, 0, 1, 0, 0, 2, 0, 0, 0, 0, 1, 0, 0, 0, 1, 0, 1, 0, 3, 0, 0, 1, 0, 2, 2, 0],786.4589110950276,56999.27996490126,89368.98034345492,true
54,G1_CMAX,G1_CMAX,[31, 22, 90, 26, 58, 95, 42, 12, 93, 5, 78, 86, 98, 18, 20, 35, 3, 97, 91, 76, 10, 85, 54, 45, 63, 71, 66, 1, 23, 17, 24, 60, 36, 6, 57, 15, 65, 56, 47, 79, 94, 67, 50, 46, 14, 75, 38, 9, 30, 19, 32, 81, 27, 92, 83, 87, 40, 99, 59, 11, 53, 16, 72, 77, 73, 70, 39, 37, 84, 43, 62, 25, 55, 28, 29, 51, 68, 82, 74, 61, 88, 21, 80, 89, 7, 69, 96, 41, 48, 4, 8, 34, 49, 52, 0, 44, 13, 2, 64, 33]|[1, 1, 1, 1, 0, 2, 1, 1, 2, 2, 2, 1, 0, 1, 2, 2, 1, 2, 0, 1, 2, 2, 2, 0, 0, 1, 2, 1, 2, 1, 2, 1, 1, 0, 1, 1, 0, 2, 2, 1, 1, 0, 0, 0, 0, 1, 1, 1, 1, 2, 1, 2, 2, 0, 0, 2, 1, 0, 0, 2, 0, 1, 2, 2, 1, 1, 1, 1, 1, 1, 0, 1, 1, 0, 0, 0, 0, 0, 2, 1, 1, 0, 0, 1, 1, 1, 2, 2, 0, 1, 1, 2, 0, 1, 0, 0, 0, 0, 2, 2]|[0, 4, 3, 0, 1, 1, 2, 4, 1, 1, 2, 4, 1, 4, 1, 1, 1, 2, 2, 2, 2, 1, 1, 1, 2, 3, 2, 3, 0, 4, 1, 0, 3, 2, 2, 2, 1, 1, 1, 0, 2, 0, 1, 2, 1, 3, 1, 4, 2, 0, 3, 2, 1, 2, 1, 1, 4, 1, 1, 1, 2, 3, 0, 2, 4, 3, 1, 4, 1, 1, 1, 4, 4, 2, 1, 1, 1, 2, 1, 3, 0, 1, 1, 1, 1, 3, 1, 1, 1, 4, 3, 1, 1, 1, 2, 2, 2, 2, 1, 1]|[3, 0, 2, 3, 0, 0, 1, 0, 0, 0, 1, 0, 0, 3, 0, 0, 1, 1, 1, 2, 1, 0, 0, 0, 0, 0, 0, 0, 0, 3, 1, 0, 2, 1, 1, 1, 0, 0, 0, 0, 1, 1, 0, 0, 0, 0, 1, 3, 2, 0, 0, 1, 0, 1, 0, 0, 2, 0, 0, 0, 1, 2, 1, 1, 0, 0, 1, 1, 3, 3, 0, 3, 3, 1, 0, 0, 0, 1, 0, 0, 0, 0, 0, 1, 2, 2, 0, 0, 0, 0, 2, 0, 1, 1, 0, 0, 0, 0, 0, 0],705.0470749739228,58445.79123614564,95781.2895945797,false
54,G4_BALANCED,G2_TEC,[31, 94, 82, 15, 26, 9, 95, 42, 77, 68, 47, 5, 93, 78, 86, 54, 85, 63, 18, 44, 20, 49, 36, 14, 74, 50, 53, 17, 21, 28, 11, 64, 3, 23, 30, 83, 24, 41, 40, 52, 65, 27, 90, 70, 39, 87, 48, 69, 99, 4, 46, 1, 13, 56, 97, 59, 45, 8, 73, 37, 35, 79, 71, 66, 76, 32, 60, 80, 58, 6, 67, 61, 33, 7, 57, 34, 12, 16, 10, 98, 96, 88, 43, 81, 91, 2, 84, 29, 92, 19, 51, 89, 55, 75, 25, 22, 38, 72, 62, 0]|[2, 1, 2, 1, 1, 2, 1, 1, 1, 1, 1, 0, 2, 2, 1, 2, 0, 0, 0, 2, 2, 1, 0, 2, 0, 2, 2, 1, 0, 1, 1, 1, 0, 0, 1, 0, 2, 1, 2, 2, 0, 0, 1, 1, 0, 2, 0, 2, 1, 0, 0, 2, 0, 2, 2, 0, 1, 1, 0, 0, 2, 1, 1, 2, 2, 0, 2, 2, 2, 1, 2, 1, 1, 2, 0, 1, 1, 2, 1, 2, 0, 1, 1, 0, 1, 0, 0, 1, 0, 1, 1, 1, 0, 0, 0, 2, 0, 1, 1, 0]|[0, 3, 0, 3, 4, 1, 4, 4, 4, 4, 3, 2, 1, 0, 2, 1, 1, 1, 2, 1, 1, 3, 0, 1, 0, 1, 1, 4, 1, 4, 3, 2, 2, 0, 4, 1, 1, 4, 1, 1, 2, 1, 4, 4, 1, 1, 0, 1, 3, 2, 2, 1, 2, 1, 1, 2, 4, 3, 0, 2, 1, 3, 3, 1, 1, 2, 1, 1, 1, 4, 1, 3, 4, 1, 2, 4, 3, 1, 3, 1, 2, 4, 4, 2, 3, 2, 2, 3, 2, 4, 3, 4, 2, 2, 2, 1, 2, 4, 3, 2]|[0, 2, 0, 0, 3, 0, 1, 3, 1, 0, 2, 0, 1, 0, 1, 0, 0, 0, 1, 0, 0, 2, 0, 0, 1, 0, 0, 3, 0, 1, 0, 2, 0, 0, 3, 0, 1, 1, 0, 0, 0, 0, 1, 3, 0, 0, 1, 0, 2, 0, 0, 0, 0, 0, 1, 0, 1, 0, 1, 1, 0, 2, 0, 0, 0, 0, 0, 0, 0, 2, 0, 0, 1, 0, 0, 1, 0, 0, 3, 0, 0, 1, 2, 0, 0, 0, 0, 3, 0, 1, 0, 1, 0, 0, 0, 0, 0, 1, 0, 0],950.3888423429757,48649.58441752743,106292.71920195644,true
54,G2_TEC,G2_TEC,[31, 94, 82, 15, 26, 9, 95, 42, 77, 68, 47, 5, 93, 78, 86, 54, 85, 63, 18, 44, 20, 49, 36, 14, 74, 50, 53, 17, 21, 28, 11, 64, 3, 23, 30, 83, 24, 41, 40, 52, 65, 27, 90, 70, 39, 87, 48, 69, 99, 4, 98, 1, 13, 56, 97, 59, 45, 8, 73, 37, 35, 79, 71, 66, 76, 32, 60, 80, 58, 6, 67, 61, 33, 7, 57, 34, 12, 16, 10, 22, 96, 88, 43, 81, 91, 2, 84, 29, 92, 19, 89, 55, 51, 46, 25, 75, 38, 72, 62, 0]|[2, 1, 2, 1, 1, 2, 1, 1, 1, 1, 1, 0, 2, 2, 1, 2, 0, 0, 0, 2, 2, 1, 0, 2, 0, 2, 2, 1, 0, 1, 1, 1, 0, 0, 1, 0, 2, 1, 2, 2, 0, 0, 1, 1, 0, 2, 0, 2, 1, 0, 2, 2, 0, 2, 2, 0, 1, 1, 0, 0, 2, 1, 1, 2, 2, 0, 2, 2, 2, 1, 2, 1, 1, 2, 0, 1, 1, 2, 1, 2, 0, 1, 1, 1, 1, 0, 0, 1, 0, 1, 1, 0, 1, 0, 1, 0, 0, 1, 1, 0]|[0, 3, 0, 3, 4, 1, 4, 4, 4, 4, 3, 2, 1, 0, 2, 1, 1, 1, 2, 1, 1, 3, 0, 1, 0, 1, 1, 4, 1, 4, 3, 2, 2, 0, 4, 1, 1, 4, 1, 1, 2, 1, 4, 4, 1, 1, 0, 1, 3, 2, 1, 1, 2, 1, 1, 2, 4, 3, 0, 2, 1, 3, 3, 1, 1, 2, 1, 1, 1, 4, 1, 3, 4, 1, 2, 4, 3, 1, 3, 1, 2, 4, 4, 4, 3, 2, 2, 3, 2, 4, 4, 2, 3, 2, 4, 2, 2, 4, 3, 2]|[0, 2, 0, 0, 3, 0, 1, 3, 1, 0, 2, 0, 1, 0, 1, 0, 0, 0, 1, 0, 0, 2, 0, 0, 1, 0, 0, 3, 0, 1, 0, 2, 0, 0, 3, 0, 1, 1, 0, 0, 0, 0, 1, 3, 0, 0, 1, 0, 2, 0, 0, 0, 0, 0, 1, 0, 1, 0, 1, 1, 0, 2, 0, 0, 0, 0, 0, 0, 0, 2, 0, 0, 1, 0, 0, 1, 0, 0, 3, 0, 0, 1, 2, 2, 0, 0, 0, 3, 0, 1, 1, 0, 0, 0, 3, 0, 0, 1, 0, 0],910.6016522559228,48441.78517559203,107030.90942221809,false
54,G3_TWC,G4_BALANCED,[31, 22, 42, 15, 26, 58, 95, 82, 77, 12, 47, 5, 93, 78, 98, 54, 85, 63, 18, 44, 20, 35, 43, 97, 91, 76, 10, 30, 21, 45, 71, 64, 1, 23, 17, 83, 24, 61, 60, 49, 6, 57, 94, 88, 65, 56, 79, 40, 67, 68, 46, 75, 38, 9, 19, 32, 81, 41, 27, 62, 87, 90, 99, 59, 53, 16, 72, 73, 70, 39, 37, 84, 3, 92, 25, 74, 28, 0, 51, 7, 11, 14, 86, 48, 89, 50, 66, 96, 33, 80, 4, 8, 55, 36, 29, 52, 13, 2, 69, 34]|[1, 1, 0, 1, 1, 1, 2, 1, 2, 1, 2, 2, 2, 1, 1, 0, 0, 1, 0, 2, 2, 0, 1, 2, 0, 1, 2, 2, 0, 0, 1, 2, 1, 0, 1, 0, 2, 0, 1, 1, 0, 1, 1, 1, 0, 2, 1, 1, 0, 0, 0, 0, 1, 1, 2, 1, 2, 0, 0, 0, 2, 1, 0, 1, 0, 1, 2, 1, 1, 1, 1, 1, 2, 0, 1, 2, 0, 0, 0, 1, 2, 1, 0, 0, 1, 0, 0, 2, 2, 0, 0, 1, 2, 0, 0, 1, 0, 0, 1, 2]|[4, 3, 2, 2, 0, 0, 2, 2, 2, 4, 1, 1, 2, 4, 4, 1, 1, 4, 2, 1, 1, 1, 1, 2, 1, 2, 1, 1, 1, 1, 3, 2, 3, 0, 4, 0, 1, 1, 0, 3, 2, 2, 4, 0, 1, 1, 3, 2, 0, 1, 2, 2, 1, 4, 0, 3, 2, 1, 1, 2, 1, 3, 1, 1, 2, 3, 0, 4, 3, 1, 4, 1, 1, 2, 4, 1, 2, 1, 1, 3, 1, 3, 1, 1, 1, 1, 1, 1, 1, 1, 2, 3, 1, 1, 2, 1, 2, 2, 3, 1]|[0, 2, 1, 1, 3, 3, 0, 1, 0, 0, 0, 0, 1, 0, 1, 0, 0, 3, 1, 0, 0, 0, 3, 1, 0, 2, 0, 0, 0, 1, 0, 0, 0, 0, 3, 0, 1, 0, 0, 2, 1, 1, 2, 0, 0, 0, 0, 1, 1, 0, 0, 0, 1, 3, 0, 0, 1, 0, 0, 1, 0, 2, 0, 1, 1, 2, 1, 0, 0, 1, 1, 3, 0, 1, 3, 0, 1, 0, 0, 2, 0, 0, 0, 0, 1, 0, 0, 0, 0, 0, 1, 2, 0, 1, 0, 1, 0, 0, 0, 0],787.7354273239397,57319.98389756265,87481.7179896983,true
54,G1_CMAX,G1_CMAX,[31, 22, 90, 26, 58, 95, 42, 12, 93, 5, 78, 86, 98, 18, 20, 35, 3, 97, 91, 76, 10, 85, 54, 45, 63, 71, 66, 1, 23, 17, 24, 60, 36, 6, 57, 15, 65, 56, 47, 79, 94, 67, 50, 46, 14, 75, 38, 9, 30, 19, 32, 81, 27, 92, 83, 87, 40, 99, 59, 11, 53, 16, 72, 77, 73, 70, 39, 37, 84, 43, 62, 25, 55, 28, 29, 51, 68, 82, 74, 61, 88, 21, 80, 89, 7, 69, 96, 41, 48, 4, 8, 34, 49, 52, 0, 44, 13, 2, 64, 33]|[1, 1, 1, 1, 0, 2, 1, 1, 2, 2, 2, 1, 0, 1, 2, 2, 1, 2, 0, 1, 2, 2, 2, 0, 0, 1, 2, 1, 2, 1, 2, 1, 1, 0, 1, 1, 0, 2, 2, 1, 1, 0, 0, 0, 0, 1, 1, 1, 1, 2, 1, 2, 2, 0, 0, 2, 1, 0, 0, 2, 0, 1, 2, 2, 1, 1, 1, 1, 1, 1, 0, 1, 1, 0, 0, 0, 0, 0, 2, 1, 1, 0, 0, 1, 1, 1, 2, 2, 0, 1, 1, 2, 0, 1, 0, 0, 0, 0, 2, 2]|[0, 4, 3, 0, 1, 1, 2, 4, 1, 1, 2, 4, 1, 4, 1, 1, 1, 2, 2, 2, 2, 1, 1, 1, 2, 3, 2, 3, 0, 4, 1, 0, 3, 2, 2, 2, 1, 1, 1, 0, 2, 0, 1, 2, 1, 3, 1, 4, 2, 0, 3, 2, 1, 2, 1, 1, 4, 1, 1, 1, 2, 3, 0, 2, 4, 3, 1, 4, 1, 1, 1, 4, 4, 2, 1, 1, 1, 2, 1, 3, 0, 1, 1, 1, 1, 3, 1, 1, 1, 4, 3, 1, 1, 1, 2, 2, 2, 2, 1, 1]|[3, 0, 2, 3, 0, 0, 1, 0, 0, 0, 1, 0, 0, 3, 0, 0, 1, 1, 1, 2, 1, 0, 0, 0, 0, 0, 0, 0, 0, 3, 1, 0, 2, 1, 1, 1, 0, 0, 0, 0, 1, 1, 0, 0, 0, 0, 1, 3, 2, 0, 0, 1, 0, 1, 0, 0, 2, 0, 0, 0, 1, 2, 1, 1, 0, 0, 1, 1, 3, 3, 0, 3, 3, 1, 0, 0, 0, 1, 0, 0, 0, 0, 0, 1, 2, 2, 0, 0, 0, 0, 2, 0, 1, 1, 0, 0, 0, 0, 0, 0],705.0470749739228,58445.79123614564,95781.2895945797,false
54,G4_BALANCED,G3_TWC,[31, 22, 42, 15, 26, 58, 95, 82, 77, 12, 47, 5, 93, 78, 98, 54, 85, 63, 18, 44, 20, 35, 43, 97, 91, 76, 10, 30, 21, 45, 71, 64, 1, 23, 17, 83, 24, 61, 60, 49, 6, 57, 94, 88, 65, 56, 79, 40, 67, 68, 46, 75, 38, 9, 19, 32, 81, 41, 27, 62, 87, 90, 99, 59, 11, 16, 72, 73, 70, 39, 37, 84, 3, 92, 25, 74, 28, 29, 51, 7, 53, 14, 86, 48, 89, 50, 66, 96, 33, 80, 4, 2, 55, 36, 0, 52, 13, 8, 69, 34]|[1, 1, 0, 1, 1, 1, 2, 1, 2, 1, 2, 2, 2, 1, 1, 0, 0, 1, 0, 2, 2, 0, 1, 2, 0, 1, 2, 2, 0, 0, 1, 2, 1, 2, 1, 0, 2, 0, 1, 1, 0, 1, 1, 1, 0, 2, 1, 1, 0, 0, 0, 0, 1, 1, 2, 1, 2, 0, 0, 0, 2, 1, 0, 1, 2, 1, 2, 1, 1, 1, 1, 1, 2, 0, 1, 2, 0, 0, 0, 1, 0, 1, 0, 0, 1, 0, 0, 2, 2, 0, 0, 0, 1, 0, 0, 1, 0, 1, 1, 2]|[4, 3, 2, 2, 0, 0, 2, 2, 2, 4, 1, 1, 2, 4, 4, 1, 1, 4, 2, 1, 1, 1, 1, 2, 1, 2, 1, 1, 1, 1, 3, 2, 3, 0, 4, 0, 1, 1, 0, 3, 2, 2, 4, 0, 1, 1, 3, 2, 0, 1, 2, 2, 1, 4, 0, 3, 2, 1, 1, 2, 1, 3, 1, 1, 1, 3, 0, 4, 3, 1, 4, 1, 1, 2, 4, 1, 2, 1, 1, 3, 2, 3, 1, 1, 1, 1, 1, 1, 1, 1, 2, 2, 4, 1, 2, 1, 2, 3, 3, 1]|[0, 2, 1, 1, 3, 3, 0, 1, 0, 0, 0, 0, 1, 0, 1, 0, 0, 3, 1, 0, 0, 0, 3, 1, 0, 2, 0, 0, 0, 1, 0, 0, 0, 0, 3, 0, 1, 0, 0, 2, 1, 1, 2, 0, 0, 0, 0, 1, 1, 0, 0, 0, 1, 3, 0, 0, 1, 0, 0, 1, 0, 2, 0, 1, 0, 2, 1, 0, 0, 1, 1, 3, 0, 1, 3, 0, 1, 0, 0, 2, 1, 0, 0, 0, 1, 0, 0, 0, 0, 0, 1, 0, 3, 1, 0, 1, 0, 2, 0, 0],771.2967761691084,57471.62940655892,88748.23924440621,true
54,G2_TEC,G2_TEC,[31, 94, 82, 15, 26, 9, 95, 42, 77, 68, 47, 5, 93, 78, 86, 54, 85, 63, 18, 44, 20, 49, 36, 14, 74, 50, 53, 17, 21, 28, 11, 64, 3, 23, 30, 83, 24, 41, 40, 52, 65, 27, 90, 70, 39, 87, 48, 69, 99, 4, 98, 1, 13, 56, 97, 59, 45, 8, 73, 37, 35, 79, 71, 66, 76, 32, 60, 80, 58, 6, 67, 61, 33, 7, 57, 34, 12, 16, 10, 22, 96, 88, 43, 81, 91, 2, 84, 29, 92, 19, 89, 55, 51, 46, 25, 75, 38, 72, 62, 0]|[2, 1, 2, 1, 1, 2, 1, 1, 1, 1, 1, 0, 2, 2, 1, 2, 0, 0, 0, 2, 2, 1, 0, 2, 0, 2, 2, 1, 0, 1, 1, 1, 0, 0, 1, 0, 2, 1, 2, 2, 0, 0, 1, 1, 0, 2, 0, 2, 1, 0, 2, 2, 0, 2, 2, 0, 1, 1, 0, 0, 2, 1, 1, 2, 2, 0, 2, 2, 2, 1, 2, 1, 1, 2, 0, 1, 1, 2, 1, 2, 0, 1, 1, 1, 1, 0, 0, 1, 0, 1, 1, 0, 1, 0, 1, 0, 0, 1, 1, 0]|[0, 3, 0, 3, 4, 1, 4, 4, 4, 4, 3, 2, 1, 0, 2, 1, 1, 1, 2, 1, 1, 3, 0, 1, 0, 1, 1, 4, 1, 4, 3, 2, 2, 0, 4, 1, 1, 4, 1, 1, 2, 1, 4, 4, 1, 1, 0, 1, 3, 2, 1, 1, 2, 1, 1, 2, 4, 3, 0, 2, 1, 3, 3, 1, 1, 2, 1, 1, 1, 4, 1, 3, 4, 1, 2, 4, 3, 1, 3, 1, 2, 4, 4, 4, 3, 2, 2, 3, 2, 4, 4, 2, 3, 2, 4, 2, 2, 4, 3, 2]|[0, 2, 0, 0, 3, 0, 1, 3, 1, 0, 2, 0, 1, 0, 1, 0, 0, 0, 1, 0, 0, 2, 0, 0, 1, 0, 0, 3, 0, 1, 0, 2, 0, 0, 3, 0, 1, 1, 0, 0, 0, 0, 1, 3, 0, 0, 1, 0, 2, 0, 0, 0, 0, 0, 1, 0, 1, 0, 1, 1, 0, 2, 0, 0, 0, 0, 0, 0, 0, 2, 0, 0, 1, 0, 0, 1, 0, 0, 3, 0, 0, 1, 2, 2, 0, 0, 0, 3, 0, 1, 1, 0, 0, 0, 3, 0, 0, 1, 0, 0],910.6016522559228,48441.78517559203,107030.90942221809,false
54,G3_TWC,G4_BALANCED,[31, 22, 42, 15, 26, 58, 95, 82, 77, 12, 47, 5, 93, 78, 98, 54, 85, 63, 18, 44, 20, 35, 43, 97, 91, 76, 10, 30, 21, 61, 71, 64, 1, 23, 17, 83, 24, 45, 60, 36, 6, 57, 94, 88, 65, 56, 79, 40, 67, 68, 46, 75, 38, 9, 19, 32, 81, 41, 27, 62, 87, 90, 99, 59, 11, 16, 72, 73, 70, 39, 37, 84, 3, 92, 25, 74, 28, 29, 51, 50, 53, 14, 86, 48, 89, 7, 66, 96, 33, 80, 4, 8, 0, 49, 55, 52, 13, 2, 69, 34]|[1, 1, 0, 1, 1, 1, 2, 1, 2, 1, 2, 2, 2, 1, 1, 0, 0, 1, 0, 2, 2, 0, 1, 2, 0, 1, 2, 2, 0, 0, 1, 2, 1, 2, 1, 0, 2, 0, 1, 1, 0, 1, 1, 1, 0, 2, 1, 1, 0, 0, 0, 0, 1, 1, 2, 1, 2, 0, 0, 0, 2, 1, 0, 1, 2, 1, 2, 1, 1, 1, 1, 1, 2, 0, 1, 2, 0, 0, 0, 1, 0, 1, 2, 0, 1, 1, 0, 0, 2, 0, 0, 1, 0, 0, 1, 1, 0, 0, 2, 2]|[4, 3, 2, 2, 0, 0, 2, 2, 2, 4, 1, 1, 2, 4, 4, 1, 1, 4, 2, 1, 1, 1, 1, 2, 1, 2, 1, 1, 1, 1, 3, 2, 3, 0, 4, 0, 1, 1, 0, 3, 2, 2, 4, 0, 1, 1, 3, 2, 0, 1, 2, 2, 1, 4, 0, 3, 2, 1, 1, 2, 1, 3, 1, 1, 1, 3, 0, 4, 3, 1, 4, 1, 1, 2, 4, 1, 2, 1, 1, 3, 2, 3, 1, 1, 1, 3, 1, 1, 1, 1, 2, 3, 2, 1, 4, 1, 2, 2, 1, 1]|[0, 2, 1, 1, 3, 3, 0, 1, 0, 0, 0, 0, 1, 0, 1, 0, 0, 3, 1, 0, 0, 0, 3, 1, 0, 2, 0, 0, 0, 0, 0, 0, 0, 0, 3, 0, 1, 0, 0, 2, 1, 1, 2, 0, 0, 0, 0, 1, 1, 0, 0, 0, 1, 3, 0, 0, 1, 0, 0, 1, 0, 2, 0, 1, 0, 2, 1, 0, 0, 1, 1, 3, 0, 1, 3, 0, 1, 0, 0, 2, 1, 0, 0, 0, 1, 2, 0, 0, 0, 0, 1, 2, 0, 1, 3, 1, 0, 0, 0, 0],778.6925052814565,56864.64863978349,90258.85181233479,true
54,G1_CMAX,G1_CMAX,[31, 22, 90, 26, 58, 95, 42, 12, 93, 5, 78, 86, 98, 18, 20, 35, 3, 97, 91, 76, 10, 85, 54, 45, 63, 71, 66, 1, 23, 17, 24, 60, 36, 6, 57, 15, 65, 56, 47, 79, 94, 67, 50, 46, 14, 75, 38, 9, 30, 19, 32, 81, 27, 92, 83, 87, 40, 99, 59, 11, 53, 16, 72, 77, 73, 70, 39, 37, 84, 43, 62, 25, 55, 28, 29, 51, 68, 82, 74, 61, 88, 21, 80, 89, 7, 69, 96, 41, 48, 4, 8, 34, 49, 52, 0, 44, 13, 2, 64, 33]|[1, 1, 1, 1, 0, 2, 1, 1, 2, 2, 2, 1, 0, 1, 2, 2, 1, 2, 0, 1, 2, 2, 2, 0, 0, 1, 2, 1, 2, 1, 2, 1, 1, 0, 1, 1, 0, 2, 2, 1, 1, 0, 0, 0, 0, 1, 1, 1, 1, 2, 1, 2, 2, 0, 0, 2, 1, 0, 0, 2, 0, 1, 2, 2, 1, 1, 1, 1, 1, 1, 0, 1, 1, 0, 0, 0, 0, 0, 2, 1, 1, 0, 0, 1, 1, 1, 2, 2, 0, 1, 1, 2, 0, 1, 0, 0, 0, 0, 2, 2]|[0, 4, 3, 0, 1, 1, 2, 4, 1, 1, 2, 4, 1, 4, 1, 1, 1, 2, 2, 2, 2, 1, 1, 1, 2, 3, 2, 3, 0, 4, 1, 0, 3, 2, 2, 2, 1, 1, 1, 0, 2, 0, 1, 2, 1, 3, 1, 4, 2, 0, 3, 2, 1, 2, 1, 1, 4, 1, 1, 1, 2, 3, 0, 2, 4, 3, 1, 4, 1, 1, 1, 4, 4, 2, 1, 1, 1, 2, 1, 3, 0, 1, 1, 1, 1, 3, 1, 1, 1, 4, 3, 1, 1, 1, 2, 2, 2, 2, 1, 1]|[3, 0, 2, 3, 0, 0, 1, 0, 0, 0, 1, 0, 0, 3, 0, 0, 1, 1, 1, 2, 1, 0, 0, 0, 0, 0, 0, 0, 0, 3, 1, 0, 2, 1, 1, 1, 0, 0, 0, 0, 1, 1, 0, 0, 0, 0, 1, 3, 2, 0, 0, 1, 0, 1, 0, 0, 2, 0, 0, 0, 1, 2, 1, 1, 0, 0, 1, 1, 3, 3, 0, 3, 3, 1, 0, 0, 0, 1, 0, 0, 0, 0, 0, 1, 2, 2, 0, 0, 0, 0, 2, 0, 1, 1, 0, 0, 0, 0, 0, 0],705.0470749739228,58445.79123614564,95781.2895945797,false
54,G4_BALANCED,G4_BALANCED,[31, 22, 82, 15, 26, 9, 95, 42, 77, 68, 47, 5, 93, 78, 86, 54, 85, 63, 18, 44, 20, 49, 36, 14, 74, 50, 53, 17, 21, 28, 11, 64, 3, 23, 30, 83, 24, 41, 40, 52, 65, 27, 90, 70, 39, 87, 48, 69, 99, 4, 46, 1, 13, 58, 19, 59, 45, 8, 73, 37, 35, 79, 71, 66, 76, 32, 60, 80, 96, 6, 16, 61, 33, 7, 57, 34, 12, 0, 10, 98, 56, 88, 43, 84, 91, 38, 75, 92, 29, 97, 51, 55, 72, 89, 25, 81, 94, 2, 62, 67]|[2, 1, 2, 1, 1, 0, 1, 1, 1, 1, 1, 0, 2, 2, 1, 2, 0, 0, 0, 2, 2, 1, 0, 2, 0, 2, 2, 1, 0, 1, 1, 1, 0, 0, 1, 0, 2, 1, 2, 2, 0, 0, 1, 1, 0, 2, 0, 2, 1, 0, 0, 2, 0, 0, 2, 0, 1, 1, 0, 0, 2, 1, 1, 1, 2, 0, 2, 2, 0, 1, 2, 1, 1, 2, 0, 1, 1, 2, 1, 2, 2, 1, 1, 0, 1, 0, 0, 0, 1, 1, 1, 0, 1, 1, 1, 1, 2, 2, 1, 2]|[0, 3, 0, 3, 4, 1, 4, 4, 2, 4, 3, 2, 1, 0, 2, 1, 1, 1, 2, 1, 1, 3, 0, 1, 0, 1, 1, 4, 1, 4, 3, 2, 2, 0, 4, 1, 1, 4, 1, 1, 2, 1, 4, 4, 1, 1, 0, 2, 3, 2, 2, 1, 2, 1, 1, 2, 4, 3, 0, 2, 2, 3, 3, 1, 1, 2, 1, 1, 2, 4, 1, 3, 4, 1, 2, 4, 3, 1, 3, 1, 1, 4, 4, 2, 3, 2, 2, 2, 3, 4, 3, 2, 4, 4, 4, 4, 1, 1, 3, 1]|[0, 2, 0, 0, 3, 0, 1, 3, 0, 0, 2, 0, 1, 0, 1, 0, 0, 0, 1, 0, 0, 2, 0, 0, 1, 0, 0, 3, 0, 1, 0, 2, 0, 0, 3, 0, 1, 1, 0, 0, 0, 0, 1, 3, 0, 0, 1, 0, 2, 0, 0, 0, 0, 1, 1, 0, 1, 0, 1, 1, 0, 2, 0, 2, 0, 0, 0, 0, 0, 2, 0, 0, 1, 0, 0, 1, 0, 0, 3, 0, 0, 1, 2, 0, 0, 0, 0, 0, 3, 1, 0, 0, 1, 1, 3, 2, 0, 0, 0, 0],868.7994921460532,50068.77001334401,103601.68288749359,false
54,G2_TEC,G2_TEC,[31, 94, 82, 15, 26, 9, 95, 42, 77, 68, 47, 5, 93, 78, 86, 54, 85, 63, 18, 44, 20, 49, 36, 14, 74, 50, 53, 17, 21, 28, 11, 64, 3, 23, 30, 83, 24, 41, 40, 52, 65, 27, 90, 70, 39, 87, 48, 69, 99, 4, 98, 1, 13, 56, 97, 59, 45, 8, 73, 37, 35, 79, 71, 66, 76, 32, 60, 80, 58, 6, 67, 61, 33, 7, 57, 34, 12, 16, 10, 22, 96, 88, 43, 81, 91, 2, 84, 29, 92, 19, 89, 55, 51, 46, 25, 75, 38, 72, 62, 0]|[2, 1, 2, 1, 1, 2, 1, 1, 1, 1, 1, 0, 2, 2, 1, 2, 0, 0, 0, 2, 2, 1, 0, 2, 0, 2, 2, 1, 0, 1, 1, 1, 0, 0, 1, 0, 2, 1, 2, 2, 0, 0, 1, 1, 0, 2, 0, 2, 1, 0, 2, 2, 0, 2, 2, 0, 1, 1, 0, 0, 2, 1, 1, 2, 2, 0, 2, 2, 2, 1, 2, 1, 1, 2, 0, 1, 1, 2, 1, 2, 0, 1, 1, 1, 1, 0, 0, 1, 0, 1, 1, 0, 1, 0, 1, 0, 0, 1, 1, 0]|[0, 3, 0, 3, 4, 1, 4, 4, 4, 4, 3, 2, 1, 0, 2, 1, 1, 1, 2, 1, 1, 3, 0, 1, 0, 1, 1, 4, 1, 4, 3, 2, 2, 0, 4, 1, 1, 4, 1, 1, 2, 1, 4, 4, 1, 1, 0, 1, 3, 2, 1, 1, 2, 1, 1, 2, 4, 3, 0, 2, 1, 3, 3, 1, 1, 2, 1, 1, 1, 4, 1, 3, 4, 1, 2, 4, 3, 1, 3, 1, 2, 4, 4, 4, 3, 2, 2, 3, 2, 4, 4, 2, 3, 2, 4, 2, 2, 4, 3, 2]|[0, 2, 0, 0, 3, 0, 1, 3, 1, 0, 2, 0, 1, 0, 1, 0, 0, 0, 1, 0, 0, 2, 0, 0, 1, 0, 0, 3, 0, 1, 0, 2, 0, 0, 3, 0, 1, 1, 0, 0, 0, 0, 1, 3, 0, 0, 1, 0, 2, 0, 0, 0, 0, 0, 1, 0, 1, 0, 1, 1, 0, 2, 0, 0, 0, 0, 0, 0, 0, 2, 0, 0, 1, 0, 0, 1, 0, 0, 3, 0, 0, 1, 2, 2, 0, 0, 0, 3, 0, 1, 1, 0, 0, 0, 3, 0, 0, 1, 0, 0],910.6016522559228,48441.78517559203,107030.90942221809,false
54,G3_TWC,G4_BALANCED,[31, 22, 42, 15, 26, 58, 95, 82, 77, 12, 47, 5, 93, 78, 98, 54, 85, 63, 18, 44, 20, 35, 43, 97, 91, 76, 10, 30, 21, 45, 71, 64, 1, 23, 17, 83, 24, 61, 60, 49, 6, 57, 94, 88, 65, 56, 79, 40, 67, 68, 46, 75, 38, 9, 19, 32, 81, 41, 27, 62, 87, 90, 99, 59, 53, 16, 72, 73, 70, 39, 37, 84, 3, 92, 25, 74, 28, 0, 51, 7, 11, 14, 86, 48, 89, 50, 66, 96, 33, 80, 4, 8, 55, 36, 29, 52, 13, 2, 69, 34]|[1, 1, 0, 1, 1, 1, 2, 1, 2, 1, 2, 2, 2, 1, 1, 0, 0, 1, 0, 2, 2, 0, 1, 2, 0, 1, 2, 2, 0, 0, 1, 2, 1, 0, 1, 0, 2, 0, 1, 1, 0, 1, 1, 1, 0, 2, 1, 1, 0, 0, 0, 0, 1, 1, 2, 1, 2, 0, 0, 0, 2, 1, 0, 1, 0, 1, 2, 1, 1, 1, 1, 1, 2, 0, 1, 2, 0, 0, 0, 1, 2, 1, 0, 0, 1, 0, 0, 2, 2, 0, 0, 1, 2, 0, 0, 1, 0, 0, 1, 2]|[4, 3, 2, 2, 0, 0, 2, 2, 2, 4, 1, 1, 2, 4, 4, 1, 1, 4, 2, 1, 1, 1, 1, 2, 1, 2, 1, 1, 1, 1, 3, 2, 3, 0, 4, 0, 1, 1, 0, 3, 2, 2, 4, 0, 1, 1, 3, 2, 0, 1, 2, 2, 1, 4, 0, 3, 2, 1, 1, 2, 1, 3, 1, 1, 2, 3, 0, 4, 3, 1, 4, 1, 1, 2, 4, 1, 2, 1, 1, 3, 1, 3, 1, 1, 1, 1, 1, 1, 1, 1, 2, 3, 1, 1, 2, 1, 2, 2, 3, 1]|[0, 2, 1, 1, 3, 3, 0, 1, 0, 0, 0, 0, 1, 0, 1, 0, 0, 3, 1, 0, 0, 0, 3, 1, 0, 2, 0, 0, 0, 1, 0, 0, 0, 0, 3, 0, 1, 0, 0, 2, 1, 1, 2, 0, 0, 0, 0, 1, 1, 0, 0, 0, 1, 3, 0, 0, 1, 0, 0, 1, 0, 2, 0, 1, 1, 2, 1, 0, 0, 1, 1, 3, 0, 1, 3, 0, 1, 0, 0, 2, 0, 0, 0, 0, 1, 0, 0, 0, 0, 0, 1, 2, 0, 1, 0, 1, 0, 0, 0, 0],787.7354273239397,57319.98389756265,87481.7179896983,true
54,G1_CMAX,G1_CMAX,[31, 22, 90, 26, 58, 95, 42, 12, 93, 5, 78, 86, 98, 18, 20, 35, 3, 97, 91, 76, 10, 85, 54, 45, 63, 71, 66, 1, 23, 17, 24, 60, 36, 6, 57, 15, 65, 56, 47, 79, 94, 67, 50, 46, 14, 75, 38, 9, 30, 19, 32, 81, 27, 92, 83, 87, 40, 99, 59, 11, 53, 16, 72, 77, 73, 70, 39, 37, 84, 43, 62, 25, 55, 28, 29, 51, 68, 82, 74, 61, 88, 21, 80, 89, 7, 69, 96, 41, 48, 4, 8, 34, 49, 52, 0, 44, 13, 2, 64, 33]|[1, 1, 1, 1, 0, 2, 1, 1, 2, 2, 2, 1, 0, 1, 2, 2, 1, 2, 0, 1, 2, 2, 2, 0, 0, 1, 2, 1, 2, 1, 2, 1, 1, 0, 1, 1, 0, 2, 2, 1, 1, 0, 0, 0, 0, 1, 1, 1, 1, 2, 1, 2, 2, 0, 0, 2, 1, 0, 0, 2, 0, 1, 2, 2, 1, 1, 1, 1, 1, 1, 0, 1, 1, 0, 0, 0, 0, 0, 2, 1, 1, 0, 0, 1, 1, 1, 2, 2, 0, 1, 1, 2, 0, 1, 0, 0, 0, 0, 2, 2]|[0, 4, 3, 0, 1, 1, 2, 4, 1, 1, 2, 4, 1, 4, 1, 1, 1, 2, 2, 2, 2, 1, 1, 1, 2, 3, 2, 3, 0, 4, 1, 0, 3, 2, 2, 2, 1, 1, 1, 0, 2, 0, 1, 2, 1, 3, 1, 4, 2, 0, 3, 2, 1, 2, 1, 1, 4, 1, 1, 1, 2, 3, 0, 2, 4, 3, 1, 4, 1, 1, 1, 4, 4, 2, 1, 1, 1, 2, 1, 3, 0, 1, 1, 1, 1, 3, 1, 1, 1, 4, 3, 1, 1, 1, 2, 2, 2, 2, 1, 1]|[3, 0, 2, 3, 0, 0, 1, 0, 0, 0, 1, 0, 0, 3, 0, 0, 1, 1, 1, 2, 1, 0, 0, 0, 0, 0, 0, 0, 0, 3, 1, 0, 2, 1, 1, 1, 0, 0, 0, 0, 1, 1, 0, 0, 0, 0, 1, 3, 2, 0, 0, 1, 0, 1, 0, 0, 2, 0, 0, 0, 1, 2, 1, 1, 0, 0, 1, 1, 3, 3, 0, 3, 3, 1, 0, 0, 0, 1, 0, 0, 0, 0, 0, 1, 2, 2, 0, 0, 0, 0, 2, 0, 1, 1, 0, 0, 0, 0, 0, 0],705.0470749739228,58445.79123614564,95781.2895945797,false
54,G4_BALANCED,G4_BALANCED,[31, 11, 15, 82, 26, 9, 95, 32, 77, 68, 47, 5, 93, 78, 86, 54, 85, 63, 18, 44, 20, 49, 36, 14, 74, 50, 53, 17, 21, 45, 71, 64, 3, 23, 30, 83, 24, 41, 60, 52, 65, 27, 90, 70, 39, 87, 48, 69, 99, 4, 46, 1, 13, 58, 97, 59, 28, 8, 73, 37, 35, 79, 22, 66, 76, 42, 40, 80, 96, 6, 16, 61, 33, 7, 57, 34, 12, 67, 10, 98, 56, 88, 29, 75, 91, 38, 19, 92, 43, 84, 51, 72, 81, 0, 2, 55, 94, 89, 62, 25]|[2, 1, 1, 2, 1, 2, 1, 1, 1, 1, 1, 0, 2, 2, 1, 2, 0, 0, 0, 2, 2, 1, 0, 2, 0, 2, 2, 1, 0, 1, 1, 1, 0, 0, 1, 0, 2, 1, 2, 2, 0, 0, 1, 1, 0, 2, 0, 2, 1, 0, 0, 2, 0, 0, 2, 0, 1, 1, 0, 0, 2, 1, 0, 2, 2, 0, 2, 2, 0, 1, 2, 1, 1, 2, 0, 1, 1, 1, 1, 2, 2, 1, 1, 0, 1, 0, 1, 0, 1, 0, 1, 1, 1, 0, 2, 0, 2, 1, 1, 1]|[1, 3, 2, 0, 4, 1, 4, 4, 2, 4, 3, 2, 1, 0, 2, 1, 1, 1, 2, 1, 1, 3, 0, 1, 0, 1, 1, 4, 1, 4, 3, 2, 2, 0, 4, 1, 1, 4, 0, 1, 2, 1, 4, 4, 1, 1, 0, 2, 3, 2, 2, 1, 2, 1, 1, 2, 4, 3, 0, 2, 2, 3, 1, 0, 1, 2, 0, 1, 2, 4, 1, 3, 4, 1, 2, 4, 3, 3, 3, 1, 1, 4, 3, 2, 3, 2, 4, 2, 4, 2, 3, 4, 1, 2, 1, 2, 1, 4, 3, 4]|[1, 2, 1, 0, 3, 0, 1, 3, 0, 0, 2, 0, 1, 0, 1, 0, 0, 0, 1, 0, 0, 2, 0, 0, 1, 0, 0, 3, 0, 1, 0, 2, 0, 1, 3, 0, 1, 3, 1, 0, 0, 0, 1, 3, 0, 0, 1, 0, 2, 0, 0, 0, 0, 0, 1, 0, 1, 0, 1, 1, 0, 2, 0, 0, 0, 0, 0, 0, 0, 2, 0, 0, 1, 0, 0, 1, 0, 0, 3, 0, 0, 1, 0, 0, 0, 0, 3, 0, 2, 0, 0, 2, 1, 0, 0, 0, 0, 1, 0, 3],846.6109372053031,52128.769557101376,106800.59864073119,false
54,G2_TEC,G2_TEC,[31, 94, 82, 15, 26, 9, 95, 42, 77, 68, 47, 5, 93, 78, 86, 54, 85, 63, 18, 44, 20, 49, 36, 14, 74, 50, 53, 17, 21, 28, 11, 64, 3, 23, 30, 83, 24, 41, 40, 52, 65, 27, 90, 70, 39, 87, 48, 69, 99, 4, 98, 1, 13, 56, 97, 59, 45, 8, 73, 37, 35, 79, 71, 66, 76, 32, 60, 80, 58, 6, 67, 61, 33, 7, 57, 34, 12, 16, 10, 22, 96, 88, 43, 81, 91, 2, 84, 29, 92, 19, 89, 55, 51, 46, 25, 75, 38, 72, 62, 0]|[2, 1, 2, 1, 1, 2, 1, 1, 1, 1, 1, 0, 2, 2, 1, 2, 0, 0, 0, 2, 2, 1, 0, 2, 0, 2, 2, 1, 0, 1, 1, 1, 0, 0, 1, 0, 2, 1, 2, 2, 0, 0, 1, 1, 0, 2, 0, 2, 1, 0, 2, 2, 0, 2, 2, 0, 1, 1, 0, 0, 2, 1, 1, 2, 2, 0, 2, 2, 2, 1, 2, 1, 1, 2, 0, 1, 1, 2, 1, 2, 0, 1, 1, 1, 1, 0, 0, 1, 0, 1, 1, 0, 1, 0, 1, 0, 0, 1, 1, 0]|[0, 3, 0, 3, 4, 1, 4, 4, 4, 4, 3, 2, 1, 0, 2, 1, 1, 1, 2, 1, 1, 3, 0, 1, 0, 1, 1, 4, 1, 4, 3, 2, 2, 0, 4, 1, 1, 4, 1, 1, 2, 1, 4, 4, 1, 1, 0, 1, 3, 2, 1, 1, 2, 1, 1, 2, 4, 3, 0, 2, 1, 3, 3, 1, 1, 2, 1, 1, 1, 4, 1, 3, 4, 1, 2, 4, 3, 1, 3, 1, 2, 4, 4, 4, 3, 2, 2, 3, 2, 4, 4, 2, 3, 2, 4, 2, 2, 4, 3, 2]|[0, 2, 0, 0, 3, 0, 1, 3, 1, 0, 2, 0, 1, 0, 1, 0, 0, 0, 1, 0, 0, 2, 0, 0, 1, 0, 0, 3, 0, 1, 0, 2, 0, 0, 3, 0, 1, 1, 0, 0, 0, 0, 1, 3, 0, 0, 1, 0, 2, 0, 0, 0, 0, 0, 1, 0, 1, 0, 1, 1, 0, 2, 0, 0, 0, 0, 0, 0, 0, 2, 0, 0, 1, 0, 0, 1, 0, 0, 3, 0, 0, 1, 2, 2, 0, 0, 0, 3, 0, 1, 1, 0, 0, 0, 3, 0, 0, 1, 0, 0],910.6016522559228,48441.78517559203,107030.90942221809,false
54,G3_TWC,G2_TEC,[31, 22, 82, 15, 26, 9, 95, 42, 77, 68, 47, 5, 93, 78, 86, 54, 85, 63, 18, 44, 20, 49, 36, 14, 74, 50, 53, 17, 21, 28, 11, 64, 3, 23, 30, 83, 24, 41, 40, 52, 65, 27, 90, 70, 39, 87, 48, 69, 99, 4, 75, 1, 13, 58, 97, 59, 45, 8, 73, 37, 35, 79, 71, 66, 76, 32, 60, 80, 56, 6, 67, 61, 33, 7, 57, 34, 12, 16, 10, 98, 43, 46, 96, 81, 91, 2, 84, 29, 92, 19, 51, 55, 89, 88, 72, 25, 38, 94, 62, 0]|[2, 1, 1, 1, 1, 2, 1, 1, 1, 1, 1, 0, 2, 2, 1, 2, 0, 0, 0, 2, 2, 1, 0, 2, 0, 2, 2, 1, 0, 1, 1, 1, 0, 0, 1, 0, 2, 1, 2, 2, 0, 0, 1, 1, 1, 0, 0, 2, 1, 0, 0, 2, 0, 2, 2, 0, 1, 1, 0, 0, 2, 1, 1, 2, 2, 0, 2, 2, 2, 1, 2, 1, 1, 2, 0, 1, 1, 2, 1, 2, 1, 2, 0, 1, 1, 0, 0, 1, 0, 1, 1, 0, 1, 1, 1, 1, 0, 2, 1, 0]|[0, 3, 3, 3, 4, 1, 4, 4, 4, 4, 3, 2, 1, 0, 2, 1, 1, 1, 2, 1, 1, 3, 0, 1, 0, 1, 1, 4, 1, 4, 3, 2, 2, 0, 4, 1, 1, 4, 1, 1, 2, 1, 4, 4, 3, 2, 0, 1, 3, 2, 2, 1, 2, 1, 1, 2, 4, 3, 0, 2, 1, 3, 3, 1, 1, 2, 1, 1, 1, 4, 1, 3, 4, 1, 2, 4, 3, 1, 3, 1, 4, 1, 2, 4, 3, 2, 2, 3, 2, 4, 3, 2, 4, 4, 4, 4, 2, 1, 3, 2]|[0, 2, 0, 0, 3, 0, 1, 3, 1, 0, 2, 0, 1, 0, 1, 0, 0, 0, 1, 0, 0, 2, 0, 0, 1, 0, 0, 3, 0, 1, 0, 2, 0, 0, 3, 0, 1, 1, 0, 0, 0, 0, 1, 3, 0, 0, 1, 0, 2, 0, 0, 0, 0, 0, 1, 0, 1, 0, 1, 1, 0, 2, 0, 0, 0, 0, 0, 0, 0, 2, 0, 0, 1, 0, 0, 1, 0, 0, 3, 0, 2, 0, 0, 2, 0, 0, 0, 3, 0, 1, 0, 0, 1, 1, 1, 3, 0, 0, 0, 0],899.6471731898462,48812.572950896196,105341.01212131971,true
54,G1_CMAX,G1_CMAX,[31, 22, 90, 26, 58, 95, 42, 12, 93, 5, 78, 86, 98, 18, 20, 35, 3, 97, 91, 76, 10, 85, 54, 45, 63, 71, 66, 1, 23, 17, 24, 60, 36, 6, 57, 15, 65, 56, 47, 79, 94, 67, 50, 46, 14, 75, 38, 9, 30, 19, 32, 81, 27, 92, 83, 87, 40, 99, 59, 11, 53, 16, 72, 77, 73, 70, 39, 37, 84, 43, 62, 25, 55, 28, 29, 51, 68, 82, 74, 61, 88, 21, 80, 89, 7, 69, 96, 41, 48, 4, 8, 34, 49, 52, 0, 44, 13, 2, 64, 33]|[1, 1, 1, 1, 0, 2, 1, 1, 2, 2, 2, 1, 0, 1, 2, 2, 1, 2, 0, 1, 2, 2, 2, 0, 0, 1, 2, 1, 2, 1, 2, 1, 1, 0, 1, 1, 0, 2, 2, 1, 1, 0, 0, 0, 0, 1, 1, 1, 1, 2, 1, 2, 2, 0, 0, 2, 1, 0, 0, 2, 0, 1, 2, 2, 1, 1, 1, 1, 1, 1, 0, 1, 1, 0, 0, 0, 0, 0, 2, 1, 1, 0, 0, 1, 1, 1, 2, 2, 0, 1, 1, 2, 0, 1, 0, 0, 0, 0, 2, 2]|[0, 4, 3, 0, 1, 1, 2, 4, 1, 1, 2, 4, 1, 4, 1, 1, 1, 2, 2, 2, 2, 1, 1, 1, 2, 3, 2, 3, 0, 4, 1, 0, 3, 2, 2, 2, 1, 1, 1, 0, 2, 0, 1, 2, 1, 3, 1, 4, 2, 0, 3, 2, 1, 2, 1, 1, 4, 1, 1, 1, 2, 3, 0, 2, 4, 3, 1, 4, 1, 1, 1, 4, 4, 2, 1, 1, 1, 2, 1, 3, 0, 1, 1, 1, 1, 3, 1, 1, 1, 4, 3, 1, 1, 1, 2, 2, 2, 2, 1, 1]|[3, 0, 2, 3, 0, 0, 1, 0, 0, 0, 1, 0, 0, 3, 0, 0, 1, 1, 1, 2, 1, 0, 0, 0, 0, 0, 0, 0, 0, 3, 1, 0, 2, 1, 1, 1, 0, 0, 0, 0, 1, 1, 0, 0, 0, 0, 1, 3, 2, 0, 0, 1, 0, 1, 0, 0, 2, 0, 0, 0, 1, 2, 1, 1, 0, 0, 1, 1, 3, 3, 0, 3, 3, 1, 0, 0, 0, 1, 0, 0, 0, 0, 0, 1, 2, 2, 0, 0, 0, 0, 2, 0, 1, 1, 0, 0, 0, 0, 0, 0],705.0470749739228,58445.79123614564,95781.2895945797,false
54,G4_BALANCED,G3_TWC,[31, 22, 42, 15, 26, 58, 95, 82, 77, 12, 47, 5, 93, 78, 98, 54, 85, 63, 18, 44, 20, 35, 43, 97, 91, 76, 10, 30, 21, 45, 71, 64, 1, 23, 17, 83, 24, 14, 60, 36, 6, 57, 94, 88, 65, 56, 79, 40, 67, 68, 46, 75, 38, 9, 19, 32, 81, 41, 27, 62, 87, 90, 99, 59, 53, 16, 72, 73, 70, 39, 37, 84, 3, 92, 25, 55, 28, 29, 51, 7, 33, 61, 86, 48, 89, 50, 66, 96, 8, 80, 4, 11, 34, 49, 52, 0, 13, 2, 69, 74]|[1, 1, 0, 1, 1, 1, 2, 1, 2, 1, 2, 2, 2, 1, 1, 0, 0, 1, 0, 2, 2, 0, 1, 2, 0, 1, 2, 2, 0, 0, 1, 2, 1, 2, 1, 0, 2, 0, 1, 1, 0, 1, 1, 1, 0, 2, 1, 1, 0, 0, 0, 0, 1, 1, 2, 1, 2, 2, 0, 0, 2, 1, 0, 1, 0, 1, 2, 1, 1, 1, 1, 1, 2, 0, 1, 1, 0, 0, 0, 1, 2, 1, 0, 0, 1, 0, 2, 2, 1, 0, 1, 2, 2, 0, 1, 0, 0, 0, 1, 2]|[4, 3, 2, 2, 0, 0, 2, 2, 2, 4, 1, 1, 2, 4, 4, 1, 1, 4, 2, 1, 1, 1, 1, 2, 1, 2, 1, 1, 1, 1, 3, 2, 3, 0, 4, 0, 1, 1, 0, 3, 2, 2, 4, 0, 1, 1, 0, 2, 0, 1, 2, 2, 1, 4, 0, 3, 2, 1, 1, 2, 1, 3, 1, 1, 2, 3, 0, 4, 3, 1, 4, 1, 1, 2, 4, 4, 2, 1, 1, 3, 1, 3, 1, 1, 1, 1, 1, 1, 3, 1, 4, 1, 1, 1, 1, 2, 2, 2, 3, 1]|[0, 2, 1, 1, 3, 3, 0, 1, 0, 0, 0, 0, 1, 0, 1, 0, 0, 3, 1, 0, 0, 0, 3, 1, 0, 2, 0, 0, 0, 1, 0, 0, 0, 0, 3, 0, 1, 0, 0, 2, 1, 1, 2, 0, 0, 0, 0, 1, 1, 0, 0, 0, 1, 3, 0, 0, 1, 0, 0, 1, 0, 2, 0, 1, 1, 2, 1, 0, 0, 1, 1, 3, 0, 1, 3, 3, 1, 0, 0, 2, 0, 0, 0, 0, 1, 0, 0, 0, 2, 0, 0, 0, 0, 1, 1, 0, 0, 0, 0, 0],726.5166666990641,57135.20388380303,91654.14664699574,true
54,G2_TEC,G2_TEC,[31, 94, 82, 15, 26, 9, 95, 42, 77, 68, 47, 5, 93, 78, 86, 54, 85, 63, 18, 44, 20, 49, 36, 14, 74, 50, 53, 17, 21, 28, 11, 64, 3, 23, 30, 83, 24, 41, 40, 52, 65, 27, 90, 70, 39, 87, 48, 69, 99, 4, 98, 1, 13, 56, 97, 59, 45, 8, 73, 37, 35, 79, 71, 66, 76, 32, 60, 80, 58, 6, 67, 61, 33, 7, 57, 34, 12, 16, 10, 22, 96, 88, 43, 81, 91, 2, 84, 29, 92, 19, 89, 55, 51, 46, 25, 75, 38, 72, 62, 0]|[2, 1, 2, 1, 1, 2, 1, 1, 1, 1, 1, 0, 2, 2, 1, 2, 0, 0, 0, 2, 2, 1, 0, 2, 0, 2, 2, 1, 0, 1, 1, 1, 0, 0, 1, 0, 2, 1, 2, 2, 0, 0, 1, 1, 0, 2, 0, 2, 1, 0, 2, 2, 0, 2, 2, 0, 1, 1, 0, 0, 2, 1, 1, 2, 2, 0, 2, 2, 2, 1, 2, 1, 1, 2, 0, 1, 1, 2, 1, 2, 0, 1, 1, 1, 1, 0, 0, 1, 0, 1, 1, 0, 1, 0, 1, 0, 0, 1, 1, 0]|[0, 3, 0, 3, 4, 1, 4, 4, 4, 4, 3, 2, 1, 0, 2, 1, 1, 1, 2, 1, 1, 3, 0, 1, 0, 1, 1, 4, 1, 4, 3, 2, 2, 0, 4, 1, 1, 4, 1, 1, 2, 1, 4, 4, 1, 1, 0, 1, 3, 2, 1, 1, 2, 1, 1, 2, 4, 3, 0, 2, 1, 3, 3, 1, 1, 2, 1, 1, 1, 4, 1, 3, 4, 1, 2, 4, 3, 1, 3, 1, 2, 4, 4, 4, 3, 2, 2, 3, 2, 4, 4, 2, 3, 2, 4, 2, 2, 4, 3, 2]|[0, 2, 0, 0, 3, 0, 1, 3, 1, 0, 2, 0, 1, 0, 1, 0, 0, 0, 1, 0, 0, 2, 0, 0, 1, 0, 0, 3, 0, 1, 0, 2, 0, 0, 3, 0, 1, 1, 0, 0, 0, 0, 1, 3, 0, 0, 1, 0, 2, 0, 0, 0, 0, 0, 1, 0, 1, 0, 1, 1, 0, 2, 0, 0, 0, 0, 0, 0, 0, 2, 0, 0, 1, 0, 0, 1, 0, 0, 3, 0, 0, 1, 2, 2, 0, 0, 0, 3, 0, 1, 1, 0, 0, 0, 3, 0, 0, 1, 0, 0],910.6016522559228,48441.78517559203,107030.90942221809,false
54,G3_TWC,G1_CMAX,[31, 22, 82, 15, 26, 99, 95, 42, 77, 12, 47, 5, 93, 78, 86, 54, 21, 63, 18, 44, 20, 35, 43, 97, 91, 76, 10, 30, 85, 45, 71, 64, 1, 23, 17, 83, 24, 14, 60, 36, 6, 57, 40, 88, 65, 56, 79, 94, 67, 68, 46, 75, 38, 9, 19, 32, 41, 81, 27, 87, 90, 58, 59, 11, 16, 72, 62, 73, 70, 39, 37, 84, 3, 92, 25, 55, 28, 29, 51, 7, 33, 61, 98, 48, 89, 50, 4, 96, 53, 80, 0, 66, 34, 2, 52, 49, 13, 8, 69, 74]|[1, 1, 0, 1, 1, 0, 1, 1, 2, 1, 2, 2, 2, 1, 1, 0, 0, 1, 0, 2, 2, 0, 1, 2, 0, 1, 2, 2, 0, 0, 1, 2, 1, 2, 1, 0, 2, 0, 1, 1, 0, 1, 1, 1, 0, 2, 1, 1, 0, 0, 0, 0, 1, 1, 2, 1, 0, 2, 0, 2, 2, 0, 1, 2, 1, 1, 0, 1, 1, 1, 1, 1, 1, 0, 1, 2, 0, 0, 0, 1, 2, 1, 2, 0, 1, 0, 1, 2, 0, 0, 0, 2, 2, 0, 1, 0, 0, 1, 1, 2]|[4, 3, 2, 2, 4, 1, 2, 3, 2, 4, 1, 1, 2, 4, 4, 1, 1, 4, 2, 1, 1, 1, 1, 2, 1, 2, 1, 1, 2, 1, 3, 2, 3, 1, 4, 0, 1, 1, 0, 3, 2, 2, 2, 0, 1, 1, 0, 4, 0, 1, 2, 2, 1, 4, 0, 3, 1, 1, 1, 1, 1, 1, 1, 1, 3, 3, 2, 4, 3, 1, 4, 1, 1, 0, 4, 1, 2, 1, 1, 1, 1, 3, 1, 1, 1, 1, 4, 1, 2, 1, 2, 1, 1, 2, 1, 1, 2, 3, 4, 1]|[0, 2, 1, 1, 3, 0, 1, 3, 0, 0, 0, 0, 1, 0, 1, 0, 0, 3, 1, 0, 0, 0, 3, 1, 0, 2, 0, 0, 0, 1, 0, 0, 0, 0, 3, 0, 1, 0, 0, 2, 1, 1, 1, 0, 0, 0, 0, 2, 1, 0, 0, 0, 1, 3, 0, 0, 0, 0, 0, 0, 0, 0, 1, 0, 2, 2, 1, 0, 0, 1, 1, 3, 1, 1, 3, 0, 1, 0, 0, 2, 0, 0, 0, 0, 1, 0, 0, 0, 1, 0, 0, 0, 0, 0, 1, 1, 0, 2, 2, 0],745.4530508388755,55831.07335483037,94414.79506220327,true
54,G1_CMAX,G1_CMAX,[31, 22, 90, 26, 58, 95, 42, 12, 93, 5, 78, 86, 98, 18, 20, 35, 3, 97, 91, 76, 10, 85, 54, 45, 63, 71, 66, 1, 23, 17, 24, 60, 36, 6, 57, 15, 65, 56, 47, 79, 94, 67, 50, 46, 14, 75, 38, 9, 30, 19, 32, 81, 27, 92, 83, 87, 40, 99, 59, 11, 53, 16, 72, 77, 73, 70, 39, 37, 84, 43, 62, 25, 55, 28, 29, 51, 68, 82, 74, 61, 88, 21, 80, 89, 7, 69, 96, 41, 48, 4, 8, 34, 49, 52, 0, 44, 13, 2, 64, 33]|[1, 1, 1, 1, 0, 2, 1, 1, 2, 2, 2, 1, 0, 1, 2, 2, 1, 2, 0, 1, 2, 2, 2, 0, 0, 1, 2, 1, 2, 1, 2, 1, 1, 0, 1, 1, 0, 2, 2, 1, 1, 0, 0, 0, 0, 1, 1, 1, 1, 2, 1, 2, 2, 0, 0, 2, 1, 0, 0, 2, 0, 1, 2, 2, 1, 1, 1, 1, 1, 1, 0, 1, 1, 0, 0, 0, 0, 0, 2, 1, 1, 0, 0, 1, 1, 1, 2, 2, 0, 1, 1, 2, 0, 1, 0, 0, 0, 0, 2, 2]|[0, 4, 3, 0, 1, 1, 2, 4, 1, 1, 2, 4, 1, 4, 1, 1, 1, 2, 2, 2, 2, 1, 1, 1, 2, 3, 2, 3, 0, 4, 1, 0, 3, 2, 2, 2, 1, 1, 1, 0, 2, 0, 1, 2, 1, 3, 1, 4, 2, 0, 3, 2, 1, 2, 1, 1, 4, 1, 1, 1, 2, 3, 0, 2, 4, 3, 1, 4, 1, 1, 1, 4, 4, 2, 1, 1, 1, 2, 1, 3, 0, 1, 1, 1, 1, 3, 1, 1, 1, 4, 3, 1, 1, 1, 2, 2, 2, 2, 1, 1]|[3, 0, 2, 3, 0, 0, 1, 0, 0, 0, 1, 0, 0, 3, 0, 0, 1, 1, 1, 2, 1, 0, 0, 0, 0, 0, 0, 0, 0, 3, 1, 0, 2, 1, 1, 1, 0, 0, 0, 0, 1, 1, 0, 0, 0, 0, 1, 3, 2, 0, 0, 1, 0, 1, 0, 0, 2, 0, 0, 0, 1, 2, 1, 1, 0, 0, 1, 1, 3, 3, 0, 3, 3, 1, 0, 0, 0, 1, 0, 0, 0, 0, 0, 1, 2, 2, 0, 0, 0, 0, 2, 0, 1, 1, 0, 0, 0, 0, 0, 0],705.0470749739228,58445.79123614564,95781.2895945797,false
54,G4_BALANCED,G3_TWC,[31, 22, 42, 15, 26, 58, 95, 82, 77, 12, 47, 5, 93, 78, 98, 54, 85, 63, 18, 44, 20, 35, 43, 97, 91, 76, 10, 30, 21, 45, 71, 64, 1, 23, 17, 83, 24, 61, 60, 36, 6, 57, 94, 88, 65, 56, 79, 40, 67, 68, 46, 75, 38, 9, 19, 32, 81, 41, 27, 62, 87, 90, 99, 59, 11, 16, 72, 73, 70, 39, 37, 84, 3, 92, 25, 55, 28, 29, 51, 7, 53, 14, 86, 66, 89, 50, 48, 96, 33, 80, 4, 8, 74, 49, 0, 52, 13, 2, 69, 34]|[1, 1, 0, 1, 1, 1, 2, 1, 2, 1, 2, 2, 2, 1, 1, 0, 0, 1, 0, 2, 2, 0, 1, 2, 0, 1, 2, 2, 0, 0, 1, 2, 1, 2, 1, 0, 2, 0, 1, 1, 0, 1, 1, 1, 0, 2, 1, 1, 0, 0, 0, 0, 1, 1, 2, 1, 2, 0, 0, 0, 2, 1, 0, 1, 2, 1, 2, 1, 1, 1, 1, 1, 2, 0, 1, 1, 0, 0, 0, 1, 0, 1, 0, 2, 1, 0, 0, 2, 2, 0, 0, 1, 2, 0, 0, 1, 0, 0, 1, 2]|[4, 3, 2, 2, 0, 0, 2, 2, 2, 4, 1, 1, 2, 4, 4, 1, 1, 4, 2, 1, 1, 1, 1, 2, 1, 2, 1, 1, 1, 1, 3, 2, 3, 0, 4, 0, 1, 1, 0, 3, 2, 2, 4, 0, 1, 1, 3, 2, 0, 1, 2, 2, 1, 4, 0, 3, 2, 1, 1, 2, 1, 3, 1, 1, 1, 3, 0, 4, 3, 1, 4, 1, 1, 2, 4, 4, 2, 1, 1, 3, 2, 3, 1, 1, 1, 1, 1, 1, 1, 1, 2, 3, 1, 1, 2, 1, 2, 2, 3, 1]|[0, 2, 1, 1, 3, 3, 0, 1, 0, 0, 0, 0, 1, 0, 1, 0, 0, 3, 1, 0, 0, 0, 3, 1, 0, 2, 0, 0, 0, 1, 0, 0, 0, 0, 3, 0, 1, 0, 0, 2, 1, 1, 2, 0, 0, 0, 0, 1, 1, 0, 0, 0, 1, 3, 0, 0, 1, 0, 0, 1, 0, 2, 0, 1, 0, 2, 1, 0, 0, 1, 1, 3, 0, 1, 3, 3, 1, 0, 0, 2, 1, 0, 0, 0, 1, 0, 0, 0, 0, 0, 1, 2, 0, 1, 0, 1, 0, 0, 0, 0],772.5006570758799,57377.06005258893,89166.24863525451,true
54,G2_TEC,G2_TEC,[31, 94, 82, 15, 26, 9, 95, 42, 77, 68, 47, 5, 93, 78, 86, 54, 85, 63, 18, 44, 20, 49, 36, 14, 74, 50, 53, 17, 21, 28, 11, 64, 3, 23, 30, 83, 24, 41, 40, 52, 65, 27, 90, 70, 39, 87, 48, 69, 99, 4, 98, 1, 13, 56, 97, 59, 45, 8, 73, 37, 35, 79, 71, 66, 76, 32, 60, 80, 58, 6, 67, 61, 33, 7, 57, 34, 12, 16, 10, 22, 96, 88, 43, 81, 91, 2, 84, 29, 92, 19, 89, 55, 51, 46, 25, 75, 38, 72, 62, 0]|[2, 1, 2, 1, 1, 2, 1, 1, 1, 1, 1, 0, 2, 2, 1, 2, 0, 0, 0, 2, 2, 1, 0, 2, 0, 2, 2, 1, 0, 1, 1, 1, 0, 0, 1, 0, 2, 1, 2, 2, 0, 0, 1, 1, 0, 2, 0, 2, 1, 0, 2, 2, 0, 2, 2, 0, 1, 1, 0, 0, 2, 1, 1, 2, 2, 0, 2, 2, 2, 1, 2, 1, 1, 2, 0, 1, 1, 2, 1, 2, 0, 1, 1, 1, 1, 0, 0, 1, 0, 1, 1, 0, 1, 0, 1, 0, 0, 1, 1, 0]|[0, 3, 0, 3, 4, 1, 4, 4, 4, 4, 3, 2, 1, 0, 2, 1, 1, 1, 2, 1, 1, 3, 0, 1, 0, 1, 1, 4, 1, 4, 3, 2, 2, 0, 4, 1, 1, 4, 1, 1, 2, 1, 4, 4, 1, 1, 0, 1, 3, 2, 1, 1, 2, 1, 1, 2, 4, 3, 0, 2, 1, 3, 3, 1, 1, 2, 1, 1, 1, 4, 1, 3, 4, 1, 2, 4, 3, 1, 3, 1, 2, 4, 4, 4, 3, 2, 2, 3, 2, 4, 4, 2, 3, 2, 4, 2, 2, 4, 3, 2]|[0, 2, 0, 0, 3, 0, 1, 3, 1, 0, 2, 0, 1, 0, 1, 0, 0, 0, 1, 0, 0, 2, 0, 0, 1, 0, 0, 3, 0, 1, 0, 2, 0, 0, 3, 0, 1, 1, 0, 0, 0, 0, 1, 3, 0, 0, 1, 0, 2, 0, 0, 0, 0, 0, 1, 0, 1, 0, 1, 1, 0, 2, 0, 0, 0, 0, 0, 0, 0, 2, 0, 0, 1, 0, 0, 1, 0, 0, 3, 0, 0, 1, 2, 2, 0, 0, 0, 3, 0, 1, 1, 0, 0, 0, 3, 0, 0, 1, 0, 0],910.6016522559228,48441.78517559203,107030.90942221809,false
54,G3_TWC,G4_BALANCED,[31, 22, 82, 15, 26, 58, 95, 42, 77, 12, 47, 5, 93, 78, 86, 54, 85, 63, 18, 44, 20, 35, 43, 97, 66, 76, 79, 30, 21, 45, 71, 64, 1, 23, 17, 83, 24, 14, 60, 36, 6, 57, 40, 88, 65, 56, 10, 94, 67, 68, 46, 75, 38, 9, 19, 32, 41, 81, 27, 62, 87, 90, 99, 59, 16, 72, 73, 70, 39, 37, 84, 3, 92, 25, 55, 48, 11, 29, 51, 96, 33, 61, 98, 28, 89, 50, 4, 34, 53, 80, 8, 91, 7, 49, 52, 0, 74, 69, 2, 13]|[1, 1, 0, 1, 1, 0, 1, 2, 2, 1, 2, 2, 2, 1, 1, 0, 0, 1, 0, 2, 2, 0, 2, 2, 0, 1, 2, 2, 0, 0, 1, 2, 1, 2, 1, 0, 2, 0, 1, 1, 0, 1, 1, 1, 0, 2, 2, 1, 0, 0, 0, 0, 1, 1, 2, 1, 0, 2, 0, 2, 2, 1, 0, 1, 1, 2, 1, 1, 1, 1, 1, 1, 0, 1, 2, 0, 2, 0, 0, 2, 2, 1, 2, 0, 1, 0, 1, 2, 0, 0, 1, 0, 1, 0, 1, 0, 2, 1, 0, 0]|[4, 3, 2, 2, 4, 1, 2, 2, 2, 4, 2, 1, 2, 4, 4, 1, 2, 4, 2, 1, 1, 1, 2, 2, 1, 2, 1, 1, 1, 1, 3, 2, 3, 1, 4, 0, 1, 1, 0, 3, 2, 2, 2, 0, 1, 1, 1, 4, 0, 1, 2, 2, 1, 4, 0, 3, 1, 1, 1, 1, 1, 3, 1, 1, 3, 0, 4, 3, 1, 4, 1, 1, 2, 4, 1, 1, 1, 1, 1, 1, 1, 3, 1, 2, 1, 1, 4, 1, 2, 1, 3, 1, 1, 1, 1, 2, 1, 4, 2, 2]|[0, 2, 1, 1, 3, 0, 1, 0, 0, 0, 0, 0, 0, 0, 1, 0, 0, 3, 1, 0, 0, 0, 1, 1, 0, 2, 0, 0, 0, 0, 0, 0, 0, 0, 3, 0, 1, 0, 0, 2, 1, 1, 1, 0, 0, 0, 0, 2, 1, 0, 0, 0, 1, 3, 0, 0, 0, 0, 0, 0, 0, 2, 0, 1, 2, 1, 0, 0, 1, 1, 3, 1, 1, 3, 0, 0, 0, 0, 0, 0, 0, 0, 0, 1, 1, 0, 0, 0, 1, 0, 2, 0, 2, 1, 1, 0, 0, 2, 0, 0],833.102820254495,54845.058524332984,98518.43558293639,true
54,G1_CMAX,G1_CMAX,[31, 22, 90, 26, 58, 95, 42, 12, 93, 5, 78, 86, 98, 18, 20, 35, 3, 97, 91, 76, 10, 85, 54, 45, 63, 71, 66, 1, 23, 17, 24, 60, 36, 6, 57, 15, 65, 56, 47, 79, 94, 67, 50, 46, 14, 75, 38, 9, 30, 19, 32, 81, 27, 92, 83, 87, 40, 99, 59, 11, 53, 16, 72, 77, 73, 70, 39, 37, 84, 43, 62, 25, 55, 28, 29, 51, 68, 82, 74, 61, 88, 21, 80, 89, 7, 69, 96, 41, 48, 4, 8, 34, 49, 52, 0, 44, 13, 2, 64, 33]|[1, 1, 1, 1, 0, 2, 1, 1, 2, 2, 2, 1, 0, 1, 2, 2, 1, 2, 0, 1, 2, 2, 2, 0, 0, 1, 2, 1, 2, 1, 2, 1, 1, 0, 1, 1, 0, 2, 2, 1, 1, 0, 0, 0, 0, 1, 1, 1, 1, 2, 1, 2, 2, 0, 0, 2, 1, 0, 0, 2, 0, 1, 2, 2, 1, 1, 1, 1, 1, 1, 0, 1, 1, 0, 0, 0, 0, 0, 2, 1, 1, 0, 0, 1, 1, 1, 2, 2, 0, 1, 1, 2, 0, 1, 0, 0, 0, 0, 2, 2]|[0, 4, 3, 0, 1, 1, 2, 4, 1, 1, 2, 4, 1, 4, 1, 1, 1, 2, 2, 2, 2, 1, 1, 1, 2, 3, 2, 3, 0, 4, 1, 0, 3, 2, 2, 2, 1, 1, 1, 0, 2, 0, 1, 2, 1, 3, 1, 4, 2, 0, 3, 2, 1, 2, 1, 1, 4, 1, 1, 1, 2, 3, 0, 2, 4, 3, 1, 4, 1, 1, 1, 4, 4, 2, 1, 1, 1, 2, 1, 3, 0, 1, 1, 1, 1, 3, 1, 1, 1, 4, 3, 1, 1, 1, 2, 2, 2, 2, 1, 1]|[3, 0, 2, 3, 0, 0, 1, 0, 0, 0, 1, 0, 0, 3, 0, 0, 1, 1, 1, 2, 1, 0, 0, 0, 0, 0, 0, 0, 0, 3, 1, 0, 2, 1, 1, 1, 0, 0, 0, 0, 1, 1, 0, 0, 0, 0, 1, 3, 2, 0, 0, 1, 0, 1, 0, 0, 2, 0, 0, 0, 1, 2, 1, 1, 0, 0, 1, 1, 3, 3, 0, 3, 3, 1, 0, 0, 0, 1, 0, 0, 0, 0, 0, 1, 2, 2, 0, 0, 0, 0, 2, 0, 1, 1, 0, 0, 0, 0, 0, 0],705.0470749739228,58445.79123614564,95781.2895945797,false
54,G4_BALANCED,G3_TWC,[31, 22, 42, 15, 26, 58, 95, 82, 77, 12, 47, 5, 93, 78, 98, 54, 85, 63, 18, 44, 20, 35, 43, 97, 91, 76, 10, 30, 21, 45, 71, 64, 1, 23, 17, 83, 24, 61, 60, 36, 6, 57, 94, 88, 65, 56, 79, 40, 67, 68, 46, 75, 38, 9, 19, 32, 81, 41, 27, 62, 87, 90, 99, 59, 53, 16, 72, 73, 70, 39, 37, 84, 3, 92, 25, 74, 28, 0, 51, 7, 11, 14, 86, 48, 89, 66, 50, 96, 4, 80, 33, 8, 34, 49, 55, 52, 13, 2, 69, 29]|[1, 1, 0, 1, 1, 1, 2, 1, 2, 1, 2, 2, 2, 1, 1, 0, 0, 1, 0, 2, 2, 0, 1, 2, 0, 1, 2, 2, 0, 0, 1, 2, 1, 0, 1, 0, 2, 0, 1, 1, 0, 1, 1, 1, 0, 2, 1, 1, 0, 0, 0, 0, 1, 1, 2, 1, 2, 0, 0, 0, 2, 1, 0, 1, 0, 1, 2, 1, 1, 1, 1, 1, 2, 0, 1, 2, 0, 0, 0, 1, 2, 1, 0, 0, 1, 2, 0, 2, 0, 0, 2, 1, 2, 0, 2, 1, 0, 0, 1, 0]|[4, 3, 2, 2, 0, 0, 2, 2, 2, 4, 1, 1, 2, 4, 4, 1, 1, 4, 2, 1, 1, 1, 1, 2, 1, 2, 1, 1, 1, 1, 3, 2, 3, 0, 4, 0, 1, 1, 0, 3, 2, 2, 4, 0, 1, 1, 3, 2, 0, 1, 2, 2, 1, 4, 0, 3, 2, 1, 1, 2, 1, 3, 1, 1, 2, 3, 0, 4, 3, 1, 4, 1, 1, 2, 4, 1, 2, 1, 1, 3, 1, 3, 1, 1, 1, 1, 1, 1, 2, 1, 1, 3, 1, 1, 1, 1, 2, 2, 3, 2]|[0, 2, 1, 1, 3, 3, 0, 1, 0, 0, 0, 0, 1, 0, 1, 0, 0, 3, 1, 0, 0, 0, 3, 1, 0, 2, 0, 0, 0, 1, 0, 0, 0, 0, 3, 0, 1, 0, 0, 2, 1, 1, 2, 0, 0, 0, 0, 1, 1, 0, 0, 0, 1, 3, 0, 0, 1, 0, 0, 1, 0, 2, 0, 1, 1, 2, 1, 0, 0, 1, 1, 3, 0, 1, 3, 0, 1, 0, 0, 2, 0, 0, 0, 0, 1, 0, 0, 0, 1, 0, 0, 2, 0, 1, 0, 1, 0, 0, 0, 0],783.8487552545888,57139.41374157495,88171.96431486766,true
54,G2_TEC,G2_TEC,[31, 94, 82, 15, 26, 9, 95, 42, 77, 68, 47, 5, 93, 78, 86, 54, 85, 63, 18, 44, 20, 49, 36, 14, 74, 50, 53, 17, 21, 28, 11, 64, 3, 23, 30, 83, 24, 41, 40, 52, 65, 27, 90, 70, 39, 87, 48, 69, 99, 4, 98, 1, 13, 56, 97, 59, 45, 8, 73, 37, 35, 79, 71, 66, 76, 32, 60, 80, 58, 6, 67, 61, 33, 7, 57, 34, 12, 16, 10, 22, 96, 88, 43, 81, 91, 2, 84, 29, 92, 19, 89, 55, 51, 46, 25, 75, 38, 72, 62, 0]|[2, 1, 2, 1, 1, 2, 1, 1, 1, 1, 1, 0, 2, 2, 1, 2, 0, 0, 0, 2, 2, 1, 0, 2, 0, 2, 2, 1, 0, 1, 1, 1, 0, 0, 1, 0, 2, 1, 2, 2, 0, 0, 1, 1, 0, 2, 0, 2, 1, 0, 2, 2, 0, 2, 2, 0, 1, 1, 0, 0, 2, 1, 1, 2, 2, 0, 2, 2, 2, 1, 2, 1, 1, 2, 0, 1, 1, 2, 1, 2, 0, 1, 1, 1, 1, 0, 0, 1, 0, 1, 1, 0, 1, 0, 1, 0, 0, 1, 1, 0]|[0, 3, 0, 3, 4, 1, 4, 4, 4, 4, 3, 2, 1, 0, 2, 1, 1, 1, 2, 1, 1, 3, 0, 1, 0, 1, 1, 4, 1, 4, 3, 2, 2, 0, 4, 1, 1, 4, 1, 1, 2, 1, 4, 4, 1, 1, 0, 1, 3, 2, 1, 1, 2, 1, 1, 2, 4, 3, 0, 2, 1, 3, 3, 1, 1, 2, 1, 1, 1, 4, 1, 3, 4, 1, 2, 4, 3, 1, 3, 1, 2, 4, 4, 4, 3, 2, 2, 3, 2, 4, 4, 2, 3, 2, 4, 2, 2, 4, 3, 2]|[0, 2, 0, 0, 3, 0, 1, 3, 1, 0, 2, 0, 1, 0, 1, 0, 0, 0, 1, 0, 0, 2, 0, 0, 1, 0, 0, 3, 0, 1, 0, 2, 0, 0, 3, 0, 1, 1, 0, 0, 0, 0, 1, 3, 0, 0, 1, 0, 2, 0, 0, 0, 0, 0, 1, 0, 1, 0, 1, 1, 0, 2, 0, 0, 0, 0, 0, 0, 0, 2, 0, 0, 1, 0, 0, 1, 0, 0, 3, 0, 0, 1, 2, 2, 0, 0, 0, 3, 0, 1, 1, 0, 0, 0, 3, 0, 0, 1, 0, 0],910.6016522559228,48441.78517559203,107030.90942221809,false
54,G3_TWC,G2_TEC,[31, 22, 82, 15, 26, 9, 95, 42, 77, 68, 47, 5, 93, 78, 86, 54, 85, 63, 18, 44, 20, 49, 36, 14, 74, 50, 53, 17, 21, 28, 11, 64, 3, 23, 30, 83, 24, 41, 40, 52, 65, 27, 90, 70, 39, 87, 48, 69, 99, 4, 75, 1, 13, 58, 97, 59, 45, 8, 73, 37, 35, 79, 71, 66, 76, 32, 60, 80, 56, 6, 67, 61, 33, 7, 57, 34, 12, 16, 10, 46, 96, 88, 43, 81, 91, 38, 84, 29, 92, 19, 51, 55, 89, 25, 98, 94, 72, 2, 62, 0]|[2, 1, 1, 1, 1, 2, 1, 1, 1, 1, 1, 0, 2, 2, 1, 2, 0, 0, 0, 2, 2, 1, 0, 2, 0, 2, 2, 1, 0, 1, 1, 1, 0, 0, 1, 0, 2, 1, 2, 2, 0, 0, 1, 1, 0, 2, 0, 2, 1, 0, 2, 2, 0, 2, 2, 0, 0, 1, 0, 0, 2, 1, 1, 2, 2, 0, 2, 2, 2, 1, 2, 1, 1, 2, 0, 1, 1, 2, 1, 0, 0, 1, 1, 1, 1, 0, 0, 1, 0, 1, 1, 0, 1, 1, 2, 2, 1, 0, 1, 1]|[0, 3, 3, 3, 4, 1, 4, 4, 4, 4, 3, 2, 1, 0, 2, 1, 1, 1, 2, 1, 1, 3, 0, 1, 0, 1, 1, 4, 1, 4, 3, 2, 2, 0, 4, 1, 1, 4, 1, 1, 2, 1, 4, 4, 1, 1, 0, 1, 3, 2, 1, 1, 2, 1, 1, 2, 2, 3, 0, 2, 1, 3, 3, 1, 1, 2, 1, 1, 1, 4, 1, 3, 4, 1, 2, 4, 3, 1, 3, 2, 2, 4, 4, 4, 3, 2, 2, 3, 2, 4, 3, 2, 4, 4, 1, 1, 4, 2, 3, 4]|[0, 2, 0, 0, 3, 0, 1, 3, 1, 0, 2, 0, 1, 0, 1, 0, 0, 0, 1, 0, 0, 2, 0, 0, 1, 0, 0, 3, 0, 1, 0, 2, 0, 0, 3, 0, 1, 1, 0, 0, 0, 0, 1, 3, 0, 0, 1, 0, 2, 0, 0, 0, 0, 0, 1, 0, 0, 0, 1, 1, 0, 2, 0, 0, 0, 0, 0, 0, 0, 2, 0, 0, 1, 0, 0, 1, 0, 0, 3, 0, 0, 1, 2, 2, 0, 0, 0, 3, 0, 1, 0, 0, 1, 3, 0, 0, 1, 0, 0, 1],907.6869081819394,48749.87122586313,105870.0004494765,true
54,G1_CMAX,G1_CMAX,[31, 22, 90, 26, 58, 95, 42, 12, 93, 5, 78, 86, 98, 18, 20, 35, 3, 97, 91, 76, 10, 85, 54, 45, 63, 71, 66, 1, 23, 17, 24, 60, 36, 6, 57, 15, 65, 56, 47, 79, 94, 67, 50, 46, 14, 75, 38, 9, 30, 19, 32, 81, 27, 92, 83, 87, 40, 99, 59, 11, 53, 16, 72, 77, 73, 70, 39, 37, 84, 43, 62, 25, 55, 28, 29, 51, 68, 82, 74, 61, 88, 21, 80, 89, 7, 69, 96, 41, 48, 4, 8, 34, 49, 52, 0, 44, 13, 2, 64, 33]|[1, 1, 1, 1, 0, 2, 1, 1, 2, 2, 2, 1, 0, 1, 2, 2, 1, 2, 0, 1, 2, 2, 2, 0, 0, 1, 2, 1, 2, 1, 2, 1, 1, 0, 1, 1, 0, 2, 2, 1, 1, 0, 0, 0, 0, 1, 1, 1, 1, 2, 1, 2, 2, 0, 0, 2, 1, 0, 0, 2, 0, 1, 2, 2, 1, 1, 1, 1, 1, 1, 0, 1, 1, 0, 0, 0, 0, 0, 2, 1, 1, 0, 0, 1, 1, 1, 2, 2, 0, 1, 1, 2, 0, 1, 0, 0, 0, 0, 2, 2]|[0, 4, 3, 0, 1, 1, 2, 4, 1, 1, 2, 4, 1, 4, 1, 1, 1, 2, 2, 2, 2, 1, 1, 1, 2, 3, 2, 3, 0, 4, 1, 0, 3, 2, 2, 2, 1, 1, 1, 0, 2, 0, 1, 2, 1, 3, 1, 4, 2, 0, 3, 2, 1, 2, 1, 1, 4, 1, 1, 1, 2, 3, 0, 2, 4, 3, 1, 4, 1, 1, 1, 4, 4, 2, 1, 1, 1, 2, 1, 3, 0, 1, 1, 1, 1, 3, 1, 1, 1, 4, 3, 1, 1, 1, 2, 2, 2, 2, 1, 1]|[3, 0, 2, 3, 0, 0, 1, 0, 0, 0, 1, 0, 0, 3, 0, 0, 1, 1, 1, 2, 1, 0, 0, 0, 0, 0, 0, 0, 0, 3, 1, 0, 2, 1, 1, 1, 0, 0, 0, 0, 1, 1, 0, 0, 0, 0, 1, 3, 2, 0, 0, 1, 0, 1, 0, 0, 2, 0, 0, 0, 1, 2, 1, 1, 0, 0, 1, 1, 3, 3, 0, 3, 3, 1, 0, 0, 0, 1, 0, 0, 0, 0, 0, 1, 2, 2, 0, 0, 0, 0, 2, 0, 1, 1, 0, 0, 0, 0, 0, 0],705.0470749739228,58445.79123614564,95781.2895945797,false
54,G4_BALANCED,G4_BALANCED,[31, 11, 15, 82, 26, 9, 95, 32, 77, 68, 47, 5, 93, 78, 86, 54, 85, 63, 18, 44, 20, 49, 36, 14, 74, 50, 53, 17, 21, 45, 71, 64, 3, 23, 30, 83, 24, 41, 60, 52, 65, 27, 90, 70, 39, 87, 48, 69, 99, 4, 46, 1, 13, 58, 97, 59, 28, 75, 73, 37, 35, 79, 22, 66, 76, 42, 40, 80, 96, 6, 16, 61, 33, 7, 57, 34, 12, 67, 10, 98, 56, 88, 29, 94, 91, 38, 19, 92, 43, 84, 62, 72, 81, 25, 2, 55, 8, 89, 51, 0]|[2, 1, 1, 2, 1, 2, 1, 1, 1, 1, 1, 0, 2, 2, 1, 2, 0, 0, 0, 2, 2, 1, 0, 2, 0, 2, 2, 1, 0, 1, 1, 1, 0, 0, 1, 0, 2, 1, 2, 2, 0, 0, 1, 1, 0, 2, 0, 2, 1, 0, 0, 2, 0, 0, 2, 0, 1, 0, 0, 0, 2, 1, 0, 2, 2, 0, 2, 2, 0, 1, 2, 1, 1, 2, 0, 1, 1, 1, 1, 2, 2, 1, 1, 2, 1, 0, 1, 0, 1, 0, 1, 1, 1, 1, 2, 0, 1, 1, 1, 0]|[1, 3, 2, 0, 4, 1, 4, 4, 2, 4, 3, 2, 1, 0, 2, 1, 1, 1, 2, 1, 1, 3, 0, 1, 0, 1, 1, 4, 1, 4, 3, 2, 2, 0, 4, 1, 1, 4, 0, 1, 2, 1, 4, 4, 1, 1, 0, 2, 3, 2, 2, 1, 2, 1, 1, 2, 4, 2, 0, 2, 2, 3, 1, 0, 1, 2, 0, 1, 2, 4, 1, 3, 4, 1, 2, 4, 3, 3, 3, 1, 1, 4, 3, 1, 3, 2, 4, 2, 4, 2, 3, 4, 1, 4, 1, 2, 3, 4, 3, 2]|[1, 2, 1, 0, 3, 0, 1, 3, 0, 0, 2, 0, 1, 0, 1, 0, 0, 0, 1, 0, 0, 2, 0, 0, 1, 0, 0, 3, 0, 1, 0, 2, 0, 1, 3, 0, 1, 3, 1, 0, 0, 0, 1, 3, 0, 0, 1, 0, 2, 0, 0, 0, 0, 0, 1, 0, 1, 0, 1, 1, 0, 2, 0, 0, 0, 0, 0, 0, 0, 2, 0, 0, 1, 0, 0, 1, 0, 0, 3, 0, 0, 1, 0, 0, 0, 0, 3, 0, 2, 0, 0, 2, 1, 3, 0, 0, 0, 1, 0, 0],842.584363225019,52352.15155925938,107294.36147715819,false
54,G2_TEC,G2_TEC,[31, 94, 82, 15, 26, 9, 95, 42, 77, 68, 47, 5, 93, 78, 86, 54, 85, 63, 18, 44, 20, 49, 36, 14, 74, 50, 53, 17, 21, 28, 11, 64, 3, 23, 30, 83, 24, 41, 40, 52, 65, 27, 90, 70, 39, 87, 48, 69, 99, 4, 98, 1, 13, 56, 97, 59, 45, 8, 73, 37, 35, 79, 71, 66, 76, 32, 60, 80, 58, 6, 67, 61, 33, 7, 57, 34, 12, 16, 10, 22, 96, 88, 43, 81, 91, 2, 84, 29, 92, 19, 89, 55, 51, 46, 25, 75, 38, 72, 62, 0]|[2, 1, 2, 1, 1, 2, 1, 1, 1, 1, 1, 0, 2, 2, 1, 2, 0, 0, 0, 2, 2, 1, 0, 2, 0, 2, 2, 1, 0, 1, 1, 1, 0, 0, 1, 0, 2, 1, 2, 2, 0, 0, 1, 1, 0, 2, 0, 2, 1, 0, 2, 2, 0, 2, 2, 0, 1, 1, 0, 0, 2, 1, 1, 2, 2, 0, 2, 2, 2, 1, 2, 1, 1, 2, 0, 1, 1, 2, 1, 2, 0, 1, 1, 1, 1, 0, 0, 1, 0, 1, 1, 0, 1, 0, 1, 0, 0, 1, 1, 0]|[0, 3, 0, 3, 4, 1, 4, 4, 4, 4, 3, 2, 1, 0, 2, 1, 1, 1, 2, 1, 1, 3, 0, 1, 0, 1, 1, 4, 1, 4, 3, 2, 2, 0, 4, 1, 1, 4, 1, 1, 2, 1, 4, 4, 1, 1, 0, 1, 3, 2, 1, 1, 2, 1, 1, 2, 4, 3, 0, 2, 1, 3, 3, 1, 1, 2, 1, 1, 1, 4, 1, 3, 4, 1, 2, 4, 3, 1, 3, 1, 2, 4, 4, 4, 3, 2, 2, 3, 2, 4, 4, 2, 3, 2, 4, 2, 2, 4, 3, 2]|[0, 2, 0, 0, 3, 0, 1, 3, 1, 0, 2, 0, 1, 0, 1, 0, 0, 0, 1, 0, 0, 2, 0, 0, 1, 0, 0, 3, 0, 1, 0, 2, 0, 0, 3, 0, 1, 1, 0, 0, 0, 0, 1, 3, 0, 0, 1, 0, 2, 0, 0, 0, 0, 0, 1, 0, 1, 0, 1, 1, 0, 2, 0, 0, 0, 0, 0, 0, 0, 2, 0, 0, 1, 0, 0, 1, 0, 0, 3, 0, 0, 1, 2, 2, 0, 0, 0, 3, 0, 1, 1, 0, 0, 0, 3, 0, 0, 1, 0, 0],910.6016522559228,48441.78517559203,107030.90942221809,false
54,G3_TWC,G4_BALANCED,[31, 22, 82, 15, 26, 58, 95, 42, 77, 12, 47, 5, 30, 78, 86, 54, 85, 63, 18, 44, 20, 35, 43, 97, 91, 76, 10, 93, 21, 45, 71, 64, 1, 23, 17, 83, 24, 14, 60, 36, 6, 57, 40, 88, 65, 56, 79, 94, 67, 68, 46, 75, 38, 9, 19, 32, 81, 41, 27, 62, 90, 99, 59, 87, 11, 66, 73, 70, 39, 37, 84, 3, 72, 92, 25, 55, 28, 29, 51, 7, 16, 61, 98, 48, 89, 50, 4, 96, 53, 80, 8, 33, 34, 49, 52, 0, 13, 2, 69, 74]|[1, 1, 0, 1, 1, 0, 1, 2, 2, 1, 2, 2, 2, 1, 1, 0, 0, 1, 0, 2, 2, 0, 0, 2, 0, 1, 2, 2, 0, 0, 1, 2, 1, 2, 1, 0, 2, 0, 1, 1, 0, 1, 1, 1, 0, 2, 1, 1, 0, 0, 0, 0, 1, 1, 2, 1, 2, 0, 0, 2, 1, 0, 1, 2, 2, 2, 1, 1, 1, 1, 1, 1, 2, 0, 1, 1, 0, 0, 0, 1, 2, 1, 2, 0, 1, 0, 1, 2, 0, 0, 0, 2, 2, 0, 1, 0, 0, 0, 1, 2]|[4, 3, 2, 2, 4, 1, 2, 2, 2, 4, 1, 1, 2, 4, 4, 1, 2, 4, 2, 1, 1, 1, 1, 2, 1, 2, 1, 1, 2, 1, 3, 2, 3, 1, 4, 0, 1, 1, 0, 3, 2, 2, 2, 0, 1, 1, 0, 4, 0, 1, 2, 2, 1, 4, 0, 3, 2, 1, 1, 1, 3, 1, 1, 1, 1, 1, 4, 3, 1, 4, 1, 1, 1, 0, 4, 4, 2, 2, 1, 1, 1, 3, 1, 1, 1, 1, 4, 1, 2, 1, 1, 1, 1, 1, 1, 2, 2, 2, 4, 1]|[0, 2, 1, 1, 3, 0, 1, 0, 0, 0, 0, 0, 1, 0, 1, 0, 0, 3, 1, 0, 0, 0, 0, 1, 0, 2, 0, 0, 0, 1, 0, 0, 0, 0, 3, 0, 1, 0, 0, 2, 1, 1, 1, 0, 0, 0, 0, 2, 1, 0, 0, 0, 1, 3, 0, 0, 1, 0, 0, 0, 2, 0, 1, 0, 0, 0, 0, 0, 1, 1, 3, 1, 0, 1, 3, 3, 1, 0, 0, 2, 0, 0, 0, 0, 1, 0, 0, 0, 1, 0, 0, 0, 0, 1, 1, 0, 0, 0, 2, 0],780.1204793587376,55381.14930119356,97957.80477469892,true
54,G1_CMAX,G1_CMAX,[31, 22, 90, 26, 58, 95, 42, 12, 93, 5, 78, 86, 98, 18, 20, 35, 3, 97, 91, 76, 10, 85, 54, 45, 63, 71, 66, 1, 23, 17, 24, 60, 36, 6, 57, 15, 65, 56, 47, 79, 94, 67, 50, 46, 14, 75, 38, 9, 30, 19, 32, 81, 27, 92, 83, 87, 40, 99, 59, 11, 53, 16, 72, 77, 73, 70, 39, 37, 84, 43, 62, 25, 55, 28, 29, 51, 68, 82, 74, 61, 88, 21, 80, 89, 7, 69, 96, 41, 48, 4, 8, 34, 49, 52, 0, 44, 13, 2, 64, 33]|[1, 1, 1, 1, 0, 2, 1, 1, 2, 2, 2, 1, 0, 1, 2, 2, 1, 2, 0, 1, 2, 2, 2, 0, 0, 1, 2, 1, 2, 1, 2, 1, 1, 0, 1, 1, 0, 2, 2, 1, 1, 0, 0, 0, 0, 1, 1, 1, 1, 2, 1, 2, 2, 0, 0, 2, 1, 0, 0, 2, 0, 1, 2, 2, 1, 1, 1, 1, 1, 1, 0, 1, 1, 0, 0, 0, 0, 0, 2, 1, 1, 0, 0, 1, 1, 1, 2, 2, 0, 1, 1, 2, 0, 1, 0, 0, 0, 0, 2, 2]|[0, 4, 3, 0, 1, 1, 2, 4, 1, 1, 2, 4, 1, 4, 1, 1, 1, 2, 2, 2, 2, 1, 1, 1, 2, 3, 2, 3, 0, 4, 1, 0, 3, 2, 2, 2, 1, 1, 1, 0, 2, 0, 1, 2, 1, 3, 1, 4, 2, 0, 3, 2, 1, 2, 1, 1, 4, 1, 1, 1, 2, 3, 0, 2, 4, 3, 1, 4, 1, 1, 1, 4, 4, 2, 1, 1, 1, 2, 1, 3, 0, 1, 1, 1, 1, 3, 1, 1, 1, 4, 3, 1, 1, 1, 2, 2, 2, 2, 1, 1]|[3, 0, 2, 3, 0, 0, 1, 0, 0, 0, 1, 0, 0, 3, 0, 0, 1, 1, 1, 2, 1, 0, 0, 0, 0, 0, 0, 0, 0, 3, 1, 0, 2, 1, 1, 1, 0, 0, 0, 0, 1, 1, 0, 0, 0, 0, 1, 3, 2, 0, 0, 1, 0, 1, 0, 0, 2, 0, 0, 0, 1, 2, 1, 1, 0, 0, 1, 1, 3, 3, 0, 3, 3, 1, 0, 0, 0, 1, 0, 0, 0, 0, 0, 1, 2, 2, 0, 0, 0, 0, 2, 0, 1, 1, 0, 0, 0, 0, 0, 0],705.0470749739228,58445.79123614564,95781.2895945797,false
54,G4_BALANCED,G3_TWC,[31, 22, 42, 15, 26, 58, 95, 82, 77, 12, 47, 5, 93, 78, 98, 54, 85, 63, 18, 44, 20, 35, 43, 97, 91, 76, 10, 30, 21, 45, 71, 64, 1, 23, 17, 83, 24, 61, 60, 49, 6, 57, 94, 88, 65, 56, 79, 40, 67, 68, 46, 75, 38, 9, 19, 32, 81, 41, 27, 62, 87, 90, 99, 59, 53, 16, 72, 73, 70, 39, 37, 84, 3, 92, 25, 74, 28, 0, 51, 7, 11, 14, 86, 48, 89, 66, 50, 96, 33, 80, 4, 8, 34, 36, 55, 2, 13, 52, 69, 29]|[1, 1, 0, 1, 1, 1, 2, 1, 2, 1, 2, 2, 2, 1, 1, 0, 0, 1, 0, 2, 2, 0, 1, 2, 0, 1, 2, 2, 0, 0, 1, 2, 1, 0, 1, 0, 2, 0, 1, 1, 0, 1, 1, 1, 0, 2, 1, 1, 0, 0, 0, 0, 1, 1, 2, 1, 2, 0, 0, 0, 2, 1, 0, 1, 0, 1, 2, 1, 1, 1, 1, 1, 2, 0, 1, 2, 0, 0, 0, 1, 0, 1, 0, 0, 1, 0, 0, 0, 2, 0, 0, 1, 2, 0, 1, 0, 0, 1, 1, 0]|[4, 3, 2, 2, 0, 0, 2, 2, 2, 4, 1, 1, 2, 4, 4, 1, 1, 4, 2, 1, 1, 1, 1, 2, 1, 2, 1, 1, 1, 1, 3, 2, 3, 0, 4, 0, 1, 1, 0, 3, 2, 2, 4, 0, 1, 1, 3, 2, 0, 1, 2, 2, 1, 4, 0, 3, 2, 1, 1, 2, 1, 3, 1, 1, 2, 3, 0, 4, 3, 1, 4, 1, 1, 2, 4, 1, 2, 1, 1, 3, 2, 3, 1, 1, 1, 1, 1, 1, 1, 1, 2, 3, 1, 1, 4, 2, 2, 1, 3, 2]|[0, 2, 1, 1, 3, 3, 0, 1, 0, 0, 0, 0, 1, 0, 1, 0, 0, 3, 1, 0, 0, 0, 3, 1, 0, 2, 0, 0, 0, 1, 0, 0, 0, 0, 3, 0, 1, 0, 0, 2, 1, 1, 2, 0, 0, 0, 0, 1, 1, 0, 0, 0, 1, 3, 0, 0, 1, 0, 0, 1, 0, 2, 0, 1, 1, 2, 1, 0, 0, 1, 1, 3, 0, 1, 3, 0, 1, 0, 0, 2, 1, 0, 0, 0, 1, 0, 0, 0, 0, 0, 1, 2, 0, 1, 3, 0, 0, 1, 0, 0],842.0405509519181,57743.753197883285,86651.46015334385,true
54,G2_TEC,G2_TEC,[31, 94, 82, 15, 26, 9, 95, 42, 77, 68, 47, 5, 93, 78, 86, 54, 85, 63, 18, 44, 20, 49, 36, 14, 74, 50, 53, 17, 21, 28, 11, 64, 3, 23, 30, 83, 24, 41, 40, 52, 65, 27, 90, 70, 39, 87, 48, 69, 99, 4, 98, 1, 13, 56, 97, 59, 45, 8, 73, 37, 35, 79, 71, 66, 76, 32, 60, 80, 58, 6, 67, 61, 33, 7, 57, 34, 12, 16, 10, 22, 96, 88, 43, 81, 91, 2, 84, 29, 92, 19, 89, 55, 51, 46, 25, 75, 38, 72, 62, 0]|[2, 1, 2, 1, 1, 2, 1, 1, 1, 1, 1, 0, 2, 2, 1, 2, 0, 0, 0, 2, 2, 1, 0, 2, 0, 2, 2, 1, 0, 1, 1, 1, 0, 0, 1, 0, 2, 1, 2, 2, 0, 0, 1, 1, 0, 2, 0, 2, 1, 0, 2, 2, 0, 2, 2, 0, 1, 1, 0, 0, 2, 1, 1, 2, 2, 0, 2, 2, 2, 1, 2, 1, 1, 2, 0, 1, 1, 2, 1, 2, 0, 1, 1, 1, 1, 0, 0, 1, 0, 1, 1, 0, 1, 0, 1, 0, 0, 1, 1, 0]|[0, 3, 0, 3, 4, 1, 4, 4, 4, 4, 3, 2, 1, 0, 2, 1, 1, 1, 2, 1, 1, 3, 0, 1, 0, 1, 1, 4, 1, 4, 3, 2, 2, 0, 4, 1, 1, 4, 1, 1, 2, 1, 4, 4, 1, 1, 0, 1, 3, 2, 1, 1, 2, 1, 1, 2, 4, 3, 0, 2, 1, 3, 3, 1, 1, 2, 1, 1, 1, 4, 1, 3, 4, 1, 2, 4, 3, 1, 3, 1, 2, 4, 4, 4, 3, 2, 2, 3, 2, 4, 4, 2, 3, 2, 4, 2, 2, 4, 3, 2]|[0, 2, 0, 0, 3, 0, 1, 3, 1, 0, 2, 0, 1, 0, 1, 0, 0, 0, 1, 0, 0, 2, 0, 0, 1, 0, 0, 3, 0, 1, 0, 2, 0, 0, 3, 0, 1, 1, 0, 0, 0, 0, 1, 3, 0, 0, 1, 0, 2, 0, 0, 0, 0, 0, 1, 0, 1, 0, 1, 1, 0, 2, 0, 0, 0, 0, 0, 0, 0, 2, 0, 0, 1, 0, 0, 1, 0, 0, 3, 0, 0, 1, 2, 2, 0, 0, 0, 3, 0, 1, 1, 0, 0, 0, 3, 0, 0, 1, 0, 0],910.6016522559228,48441.78517559203,107030.90942221809,false
54,G3_TWC,G4_BALANCED,[31, 22, 42, 15, 26, 58, 95, 82, 77, 12, 47, 5, 93, 78, 98, 54, 85, 63, 18, 44, 20, 35, 43, 97, 91, 76, 10, 30, 21, 45, 71, 64, 1, 23, 17, 83, 24, 61, 60, 36, 6, 57, 94, 88, 65, 56, 79, 40, 67, 68, 46, 75, 38, 9, 19, 32, 81, 41, 27, 62, 87, 90, 99, 59, 11, 16, 72, 73, 70, 39, 37, 84, 3, 92, 25, 74, 28, 29, 51, 7, 33, 14, 86, 48, 89, 50, 66, 96, 53, 80, 8, 4, 55, 49, 0, 52, 13, 2, 69, 34]|[1, 1, 0, 1, 1, 1, 2, 1, 2, 1, 2, 2, 2, 1, 1, 0, 0, 1, 0, 2, 2, 0, 1, 2, 0, 1, 2, 2, 0, 0, 1, 2, 1, 2, 1, 0, 2, 0, 1, 1, 0, 1, 1, 1, 0, 2, 1, 1, 0, 0, 0, 0, 1, 1, 2, 1, 2, 2, 0, 0, 2, 1, 0, 1, 2, 1, 2, 1, 1, 1, 1, 1, 2, 1, 1, 2, 0, 0, 0, 1, 2, 1, 0, 0, 1, 0, 2, 0, 0, 0, 1, 0, 1, 0, 0, 1, 0, 0, 1, 2]|[4, 3, 2, 2, 0, 0, 2, 2, 2, 4, 1, 1, 2, 4, 4, 1, 1, 4, 2, 1, 1, 1, 1, 2, 1, 2, 1, 1, 1, 1, 3, 2, 3, 0, 4, 0, 1, 1, 0, 3, 2, 2, 4, 0, 1, 1, 3, 2, 0, 1, 2, 2, 1, 4, 0, 3, 2, 1, 1, 2, 1, 3, 1, 1, 1, 3, 0, 4, 3, 1, 4, 1, 1, 4, 4, 1, 2, 1, 1, 3, 1, 3, 1, 1, 1, 1, 1, 1, 2, 1, 3, 2, 4, 1, 2, 1, 2, 2, 3, 1]|[0, 2, 1, 1, 3, 3, 0, 1, 0, 0, 0, 0, 1, 0, 1, 0, 0, 3, 1, 0, 0, 0, 3, 1, 0, 2, 0, 0, 0, 0, 0, 0, 0, 0, 3, 0, 1, 0, 0, 2, 1, 1, 2, 0, 0, 0, 0, 1, 1, 0, 0, 0, 1, 3, 0, 0, 1, 0, 0, 1, 0, 2, 0, 1, 0, 2, 1, 0, 0, 1, 1, 3, 0, 0, 3, 0, 1, 0, 0, 2, 0, 0, 0, 0, 1, 0, 0, 0, 1, 0, 2, 1, 3, 1, 0, 1, 0, 0, 0, 0],766.0703642986091,56522.79788734501,91299.3196586175,true
54,G1_CMAX,G1_CMAX,[31, 22, 90, 26, 58, 95, 42, 12, 93, 5, 78, 86, 98, 18, 20, 35, 3, 97, 91, 76, 10, 85, 54, 45, 63, 71, 66, 1, 23, 17, 24, 60, 36, 6, 57, 15, 65, 56, 47, 79, 94, 67, 50, 46, 14, 75, 38, 9, 30, 19, 32, 81, 27, 92, 83, 87, 40, 99, 59, 11, 53, 16, 72, 77, 73, 70, 39, 37, 84, 43, 62, 25, 55, 28, 29, 51, 68, 82, 74, 61, 88, 21, 80, 89, 7, 69, 96, 41, 48, 4, 8, 34, 49, 52, 0, 44, 13, 2, 64, 33]|[1, 1, 1, 1, 0, 2, 1, 1, 2, 2, 2, 1, 0, 1, 2, 2, 1, 2, 0, 1, 2, 2, 2, 0, 0, 1, 2, 1, 2, 1, 2, 1, 1, 0, 1, 1, 0, 2, 2, 1, 1, 0, 0, 0, 0, 1, 1, 1, 1, 2, 1, 2, 2, 0, 0, 2, 1, 0, 0, 2, 0, 1, 2, 2, 1, 1, 1, 1, 1, 1, 0, 1, 1, 0, 0, 0, 0, 0, 2, 1, 1, 0, 0, 1, 1, 1, 2, 2, 0, 1, 1, 2, 0, 1, 0, 0, 0, 0, 2, 2]|[0, 4, 3, 0, 1, 1, 2, 4, 1, 1, 2, 4, 1, 4, 1, 1, 1, 2, 2, 2, 2, 1, 1, 1, 2, 3, 2, 3, 0, 4, 1, 0, 3, 2, 2, 2, 1, 1, 1, 0, 2, 0, 1, 2, 1, 3, 1, 4, 2, 0, 3, 2, 1, 2, 1, 1, 4, 1, 1, 1, 2, 3, 0, 2, 4, 3, 1, 4, 1, 1, 1, 4, 4, 2, 1, 1, 1, 2, 1, 3, 0, 1, 1, 1, 1, 3, 1, 1, 1, 4, 3, 1, 1, 1, 2, 2, 2, 2, 1, 1]|[3, 0, 2, 3, 0, 0, 1, 0, 0, 0, 1, 0, 0, 3, 0, 0, 1, 1, 1, 2, 1, 0, 0, 0, 0, 0, 0, 0, 0, 3, 1, 0, 2, 1, 1, 1, 0, 0, 0, 0, 1, 1, 0, 0, 0, 0, 1, 3, 2, 0, 0, 1, 0, 1, 0, 0, 2, 0, 0, 0, 1, 2, 1, 1, 0, 0, 1, 1, 3, 3, 0, 3, 3, 1, 0, 0, 0, 1, 0, 0, 0, 0, 0, 1, 2, 2, 0, 0, 0, 0, 2, 0, 1, 1, 0, 0, 0, 0, 0, 0],705.0470749739228,58445.79123614564,95781.2895945797,false
54,G4_BALANCED,G3_TWC,[31, 22, 42, 15, 26, 58, 95, 82, 77, 12, 47, 5, 93, 78, 98, 54, 85, 63, 18, 44, 20, 35, 43, 97, 91, 76, 10, 30, 21, 45, 71, 64, 1, 23, 17, 83, 24, 14, 60, 36, 6, 57, 94, 88, 65, 56, 79, 40, 67, 68, 46, 75, 38, 9, 19, 32, 81, 41, 27, 62, 87, 90, 99, 59, 53, 16, 72, 73, 70, 39, 37, 84, 3, 92, 25, 55, 28, 29, 51, 7, 33, 61, 86, 48, 89, 50, 66, 96, 8, 80, 4, 11, 34, 49, 52, 0, 13, 2, 69, 74]|[1, 1, 0, 1, 1, 1, 2, 1, 2, 1, 2, 2, 2, 1, 1, 0, 0, 1, 0, 2, 2, 0, 1, 2, 0, 1, 2, 2, 0, 0, 1, 2, 1, 2, 1, 0, 2, 0, 1, 1, 0, 1, 1, 1, 0, 2, 1, 1, 0, 0, 0, 0, 1, 1, 2, 1, 2, 2, 0, 0, 2, 1, 0, 1, 0, 1, 2, 1, 1, 1, 1, 1, 2, 0, 1, 1, 0, 0, 0, 1, 2, 1, 0, 0, 1, 0, 2, 2, 1, 0, 1, 2, 2, 0, 1, 0, 0, 0, 1, 2]|[4, 3, 2, 2, 0, 0, 2, 2, 2, 4, 1, 1, 2, 4, 4, 1, 1, 4, 2, 1, 1, 1, 1, 2, 1, 2, 1, 1, 1, 1, 3, 2, 3, 0, 4, 0, 1, 1, 0, 3, 2, 2, 4, 0, 1, 1, 0, 2, 0, 1, 2, 2, 1, 4, 0, 3, 2, 1, 1, 2, 1, 3, 1, 1, 2, 3, 0, 4, 3, 1, 4, 1, 1, 2, 4, 4, 2, 1, 1, 3, 1, 3, 1, 1, 1, 1, 1, 1, 3, 1, 4, 1, 1, 1, 1, 2, 2, 2, 3, 1]|[0, 2, 1, 1, 3, 3, 0, 1, 0, 0, 0, 0, 1, 0, 1, 0, 0, 3, 1, 0, 0, 0, 3, 1, 0, 2, 0, 0, 0, 1, 0, 0, 0, 0, 3, 0, 1, 0, 0, 2, 1, 1, 2, 0, 0, 0, 0, 1, 1, 0, 0, 0, 1, 3, 0, 0, 1, 0, 0, 1, 0, 2, 0, 1, 1, 2, 1, 0, 0, 1, 1, 3, 0, 1, 3, 3, 1, 0, 0, 2, 0, 0, 0, 0, 1, 0, 0, 0, 2, 0, 0, 0, 0, 1, 1, 0, 0, 0, 0, 0],726.5166666990641,57135.20388380303,91654.14664699574,true
54,G2_TEC,G2_TEC,[31, 94, 82, 15, 26, 9, 95, 42, 77, 68, 47, 5, 93, 78, 86, 54, 85, 63, 18, 44, 20, 49, 36, 14, 74, 50, 53, 17, 21, 28, 11, 64, 3, 23, 30, 83, 24, 41, 40, 52, 65, 27, 90, 70, 39, 87, 48, 69, 99, 4, 98, 1, 13, 56, 97, 59, 45, 8, 73, 37, 35, 79, 71, 66, 76, 32, 60, 80, 58, 6, 67, 61, 33, 7, 57, 34, 12, 16, 10, 22, 96, 88, 43, 81, 91, 2, 84, 29, 92, 19, 89, 55, 51, 46, 25, 75, 38, 72, 62, 0]|[2, 1, 2, 1, 1, 2, 1, 1, 1, 1, 1, 0, 2, 2, 1, 2, 0, 0, 0, 2, 2, 1, 0, 2, 0, 2, 2, 1, 0, 1, 1, 1, 0, 0, 1, 0, 2, 1, 2, 2, 0, 0, 1, 1, 0, 2, 0, 2, 1, 0, 2, 2, 0, 2, 2, 0, 1, 1, 0, 0, 2, 1, 1, 2, 2, 0, 2, 2, 2, 1, 2, 1, 1, 2, 0, 1, 1, 2, 1, 2, 0, 1, 1, 1, 1, 0, 0, 1, 0, 1, 1, 0, 1, 0, 1, 0, 0, 1, 1, 0]|[0, 3, 0, 3, 4, 1, 4, 4, 4, 4, 3, 2, 1, 0, 2, 1, 1, 1, 2, 1, 1, 3, 0, 1, 0, 1, 1, 4, 1, 4, 3, 2, 2, 0, 4, 1, 1, 4, 1, 1, 2, 1, 4, 4, 1, 1, 0, 1, 3, 2, 1, 1, 2, 1, 1, 2, 4, 3, 0, 2, 1, 3, 3, 1, 1, 2, 1, 1, 1, 4, 1, 3, 4, 1, 2, 4, 3, 1, 3, 1, 2, 4, 4, 4, 3, 2, 2, 3, 2, 4, 4, 2, 3, 2, 4, 2, 2, 4, 3, 2]|[0, 2, 0, 0, 3, 0, 1, 3, 1, 0, 2, 0, 1, 0, 1, 0, 0, 0, 1, 0, 0, 2, 0, 0, 1, 0, 0, 3, 0, 1, 0, 2, 0, 0, 3, 0, 1, 1, 0, 0, 0, 0, 1, 3, 0, 0, 1, 0, 2, 0, 0, 0, 0, 0, 1, 0, 1, 0, 1, 1, 0, 2, 0, 0, 0, 0, 0, 0, 0, 2, 0, 0, 1, 0, 0, 1, 0, 0, 3, 0, 0, 1, 2, 2, 0, 0, 0, 3, 0, 1, 1, 0, 0, 0, 3, 0, 0, 1, 0, 0],910.6016522559228,48441.78517559203,107030.90942221809,false
54,G3_TWC,G4_BALANCED,[31, 22, 42, 15, 26, 58, 95, 82, 77, 12, 47, 5, 93, 78, 98, 54, 85, 63, 18, 44, 20, 35, 43, 97, 91, 76, 10, 30, 21, 45, 71, 64, 1, 23, 17, 83, 24, 61, 60, 49, 6, 57, 94, 88, 65, 56, 79, 40, 67, 68, 46, 75, 38, 9, 19, 32, 81, 41, 27, 62, 87, 90, 99, 59, 53, 16, 72, 73, 70, 39, 37, 84, 3, 92, 25, 74, 28, 0, 51, 7, 11, 14, 86, 48, 89, 50, 66, 96, 33, 80, 4, 8, 55, 36, 29, 52, 13, 2, 69, 34]|[1, 1, 0, 1, 1, 1, 2, 1, 2, 1, 2, 2, 2, 1, 1, 0, 0, 1, 0, 2, 2, 0, 1, 2, 0, 1, 2, 2, 0, 0, 1, 2, 1, 0, 1, 0, 2, 0, 1, 1, 0, 1, 1, 1, 0, 2, 1, 1, 0, 0, 0, 0, 1, 1, 2, 1, 2, 0, 0, 0, 2, 1, 0, 1, 0, 1, 2, 1, 1, 1, 1, 1, 2, 0, 1, 2, 0, 0, 0, 1, 2, 1, 0, 0, 1, 0, 0, 2, 2, 0, 0, 1, 2, 0, 0, 1, 0, 0, 1, 2]|[4, 3, 2, 2, 0, 0, 2, 2, 2, 4, 1, 1, 2, 4, 4, 1, 1, 4, 2, 1, 1, 1, 1, 2, 1, 2, 1, 1, 1, 1, 3, 2, 3, 0, 4, 0, 1, 1, 0, 3, 2, 2, 4, 0, 1, 1, 3, 2, 0, 1, 2, 2, 1, 4, 0, 3, 2, 1, 1, 2, 1, 3, 1, 1, 2, 3, 0, 4, 3, 1, 4, 1, 1, 2, 4, 1, 2, 1, 1, 3, 1, 3, 1, 1, 1, 1, 1, 1, 1, 1, 2, 3, 1, 1, 2, 1, 2, 2, 3, 1]|[0, 2, 1, 1, 3, 3, 0, 1, 0, 0, 0, 0, 1, 0, 1, 0, 0, 3, 1, 0, 0, 0, 3, 1, 0, 2, 0, 0, 0, 1, 0, 0, 0, 0, 3, 0, 1, 0, 0, 2, 1, 1, 2, 0, 0, 0, 0, 1, 1, 0, 0, 0, 1, 3, 0, 0, 1, 0, 0, 1, 0, 2, 0, 1, 1, 2, 1, 0, 0, 1, 1, 3, 0, 1, 3, 0, 1, 0, 0, 2, 0, 0, 0, 0, 1, 0, 0, 0, 0, 0, 1, 2, 0, 1, 0, 1, 0, 0, 0, 0],787.7354273239397,57319.98389756265,87481.7179896983,true
54,G1_CMAX,G1_CMAX,[31, 22, 90, 26, 58, 95, 42, 12, 93, 5, 78, 86, 98, 18, 20, 35, 3, 97, 91, 76, 10, 85, 54, 45, 63, 71, 66, 1, 23, 17, 24, 60, 36, 6, 57, 15, 65, 56, 47, 79, 94, 67, 50, 46, 14, 75, 38, 9, 30, 19, 32, 81, 27, 92, 83, 87, 40, 99, 59, 11, 53, 16, 72, 77, 73, 70, 39, 37, 84, 43, 62, 25, 55, 28, 29, 51, 68, 82, 74, 61, 88, 21, 80, 89, 7, 69, 96, 41, 48, 4, 8, 34, 49, 52, 0, 44, 13, 2, 64, 33]|[1, 1, 1, 1, 0, 2, 1, 1, 2, 2, 2, 1, 0, 1, 2, 2, 1, 2, 0, 1, 2, 2, 2, 0, 0, 1, 2, 1, 2, 1, 2, 1, 1, 0, 1, 1, 0, 2, 2, 1, 1, 0, 0, 0, 0, 1, 1, 1, 1, 2, 1, 2, 2, 0, 0, 2, 1, 0, 0, 2, 0, 1, 2, 2, 1, 1, 1, 1, 1, 1, 0, 1, 1, 0, 0, 0, 0, 0, 2, 1, 1, 0, 0, 1, 1, 1, 2, 2, 0, 1, 1, 2, 0, 1, 0, 0, 0, 0, 2, 2]|[0, 4, 3, 0, 1, 1, 2, 4, 1, 1, 2, 4, 1, 4, 1, 1, 1, 2, 2, 2, 2, 1, 1, 1, 2, 3, 2, 3, 0, 4, 1, 0, 3, 2, 2, 2, 1, 1, 1, 0, 2, 0, 1, 2, 1, 3, 1, 4, 2, 0, 3, 2, 1, 2, 1, 1, 4, 1, 1, 1, 2, 3, 0, 2, 4, 3, 1, 4, 1, 1, 1, 4, 4, 2, 1, 1, 1, 2, 1, 3, 0, 1, 1, 1, 1, 3, 1, 1, 1, 4, 3, 1, 1, 1, 2, 2, 2, 2, 1, 1]|[3, 0, 2, 3, 0, 0, 1, 0, 0, 0, 1, 0, 0, 3, 0, 0, 1, 1, 1, 2, 1, 0, 0, 0, 0, 0, 0, 0, 0, 3, 1, 0, 2, 1, 1, 1, 0, 0, 0, 0, 1, 1, 0, 0, 0, 0, 1, 3, 2, 0, 0, 1, 0, 1, 0, 0, 2, 0, 0, 0, 1, 2, 1, 1, 0, 0, 1, 1, 3, 3, 0, 3, 3, 1, 0, 0, 0, 1, 0, 0, 0, 0, 0, 1, 2, 2, 0, 0, 0, 0, 2, 0, 1, 1, 0, 0, 0, 0, 0, 0],705.0470749739228,58445.79123614564,95781.2895945797,false
54,G4_BALANCED,G2_TEC,[31, 94, 82, 15, 26, 9, 95, 42, 77, 68, 47, 5, 52, 78, 86, 54, 85, 63, 18, 44, 20, 49, 36, 14, 74, 50, 53, 17, 21, 28, 11, 64, 3, 23, 30, 83, 24, 41, 40, 93, 65, 27, 90, 70, 39, 87, 48, 69, 99, 4, 98, 1, 13, 56, 97, 59, 45, 8, 73, 37, 35, 79, 71, 66, 76, 32, 60, 80, 58, 6, 67, 61, 33, 7, 57, 34, 12, 16, 10, 22, 96, 88, 43, 81, 91, 38, 84, 92, 29, 19, 51, 89, 75, 46, 25, 55, 2, 72, 62, 0]|[2, 1, 2, 1, 1, 2, 1, 1, 1, 1, 1, 0, 2, 2, 1, 2, 0, 0, 0, 2, 2, 1, 0, 2, 0, 2, 2, 1, 0, 1, 1, 1, 0, 0, 1, 0, 2, 1, 2, 2, 0, 0, 1, 1, 0, 2, 0, 2, 1, 0, 2, 2, 0, 2, 2, 0, 1, 1, 0, 0, 2, 1, 1, 2, 2, 0, 2, 2, 2, 1, 2, 1, 1, 2, 0, 1, 1, 2, 1, 2, 0, 1, 1, 1, 1, 0, 0, 0, 1, 1, 1, 1, 0, 0, 1, 0, 2, 1, 1, 0]|[0, 3, 0, 3, 4, 1, 4, 4, 4, 4, 3, 2, 1, 0, 2, 1, 1, 1, 2, 1, 1, 3, 0, 1, 0, 1, 1, 4, 1, 4, 3, 2, 2, 0, 4, 1, 1, 4, 1, 1, 2, 1, 4, 4, 1, 1, 0, 1, 3, 2, 1, 1, 2, 1, 1, 2, 4, 3, 0, 2, 1, 3, 3, 1, 1, 2, 1, 1, 1, 4, 1, 3, 4, 1, 2, 4, 3, 1, 3, 1, 2, 4, 4, 4, 3, 2, 2, 2, 3, 4, 3, 4, 2, 2, 4, 2, 1, 4, 3, 2]|[0, 2, 0, 0, 3, 0, 1, 3, 1, 0, 2, 0, 0, 0, 1, 0, 0, 0, 1, 0, 0, 2, 0, 0, 1, 0, 0, 3, 0, 1, 0, 2, 0, 0, 3, 0, 1, 1, 0, 0, 0, 0, 1, 3, 0, 0, 1, 0, 2, 0, 0, 0, 0, 0, 1, 0, 1, 0, 1, 1, 0, 2, 0, 0, 0, 0, 0, 0, 0, 2, 0, 0, 1, 0, 0, 1, 0, 0, 3, 0, 0, 1, 2, 2, 0, 0, 0, 0, 3, 1, 0, 1, 0, 0, 3, 0, 0, 1, 0, 0],955.3954513636344,48277.51791599792,109049.78593435894,true
54,G2_TEC,G2_TEC,[31, 94, 82, 15, 26, 9, 95, 42, 77, 68, 47, 5, 93, 78, 86, 54, 85, 63, 18, 44, 20, 49, 36, 14, 74, 50, 53, 17, 21, 28, 11, 64, 3, 23, 30, 83, 24, 41, 40, 52, 65, 27, 90, 70, 39, 87, 48, 69, 99, 4, 98, 1, 13, 56, 97, 59, 45, 8, 73, 37, 35, 79, 71, 66, 76, 32, 60, 80, 58, 6, 67, 61, 33, 7, 57, 34, 12, 16, 10, 22, 96, 88, 43, 81, 91, 2, 84, 29, 92, 19, 89, 55, 51, 46, 25, 75, 38, 72, 62, 0]|[2, 1, 2, 1, 1, 2, 1, 1, 1, 1, 1, 0, 2, 2, 1, 2, 0, 0, 0, 2, 2, 1, 0, 2, 0, 2, 2, 1, 0, 1, 1, 1, 0, 0, 1, 0, 2, 1, 2, 2, 0, 0, 1, 1, 0, 2, 0, 2, 1, 0, 2, 2, 0, 2, 2, 0, 1, 1, 0, 0, 2, 1, 1, 2, 2, 0, 2, 2, 2, 1, 2, 1, 1, 2, 0, 1, 1, 2, 1, 2, 0, 1, 1, 1, 1, 0, 0, 1, 0, 1, 1, 0, 1, 0, 1, 0, 0, 1, 1, 0]|[0, 3, 0, 3, 4, 1, 4, 4, 4, 4, 3, 2, 1, 0, 2, 1, 1, 1, 2, 1, 1, 3, 0, 1, 0, 1, 1, 4, 1, 4, 3, 2, 2, 0, 4, 1, 1, 4, 1, 1, 2, 1, 4, 4, 1, 1, 0, 1, 3, 2, 1, 1, 2, 1, 1, 2, 4, 3, 0, 2, 1, 3, 3, 1, 1, 2, 1, 1, 1, 4, 1, 3, 4, 1, 2, 4, 3, 1, 3, 1, 2, 4, 4, 4, 3, 2, 2, 3, 2, 4, 4, 2, 3, 2, 4, 2, 2, 4, 3, 2]|[0, 2, 0, 0, 3, 0, 1, 3, 1, 0, 2, 0, 1, 0, 1, 0, 0, 0, 1, 0, 0, 2, 0, 0, 1, 0, 0, 3, 0, 1, 0, 2, 0, 0, 3, 0, 1, 1, 0, 0, 0, 0, 1, 3, 0, 0, 1, 0, 2, 0, 0, 0, 0, 0, 1, 0, 1, 0, 1, 1, 0, 2, 0, 0, 0, 0, 0, 0, 0, 2, 0, 0, 1, 0, 0, 1, 0, 0, 3, 0, 0, 1, 2, 2, 0, 0, 0, 3, 0, 1, 1, 0, 0, 0, 3, 0, 0, 1, 0, 0],910.6016522559228,48441.78517559203,107030.90942221809,false
54,G3_TWC,G4_BALANCED,[31, 94, 82, 15, 26, 9, 95, 42, 77, 68, 47, 5, 93, 78, 86, 54, 85, 63, 18, 44, 20, 49, 36, 14, 74, 50, 53, 17, 21, 28, 11, 64, 3, 23, 30, 83, 24, 41, 40, 52, 65, 27, 90, 70, 39, 87, 48, 69, 99, 4, 46, 1, 37, 58, 97, 59, 45, 8, 73, 13, 35, 79, 71, 66, 76, 32, 60, 80, 56, 6, 67, 61, 33, 7, 57, 34, 12, 16, 10, 98, 96, 88, 43, 81, 91, 38, 84, 92, 29, 19, 51, 89, 55, 75, 72, 22, 2, 25, 62, 0]|[2, 1, 2, 1, 1, 2, 1, 1, 1, 1, 1, 0, 2, 2, 1, 2, 0, 0, 0, 2, 2, 1, 0, 2, 0, 2, 2, 1, 0, 1, 1, 1, 0, 0, 1, 0, 2, 1, 2, 2, 0, 0, 1, 1, 0, 2, 0, 2, 1, 0, 0, 2, 0, 2, 2, 0, 1, 1, 0, 0, 2, 1, 1, 2, 2, 0, 2, 2, 2, 1, 2, 1, 1, 2, 0, 1, 1, 2, 1, 2, 0, 1, 1, 1, 1, 0, 0, 1, 1, 1, 1, 1, 0, 0, 1, 2, 0, 1, 1, 0]|[0, 3, 0, 3, 4, 1, 4, 4, 2, 4, 3, 2, 1, 0, 2, 1, 1, 1, 2, 1, 1, 3, 0, 1, 0, 1, 1, 4, 1, 4, 3, 2, 2, 0, 4, 1, 1, 4, 1, 1, 2, 1, 4, 4, 1, 1, 0, 1, 3, 2, 2, 1, 2, 1, 1, 2, 4, 3, 0, 2, 2, 3, 3, 1, 1, 2, 1, 1, 1, 4, 1, 3, 4, 1, 2, 4, 3, 1, 3, 1, 2, 4, 4, 4, 3, 2, 2, 3, 3, 4, 3, 4, 2, 2, 4, 1, 2, 4, 3, 2]|[0, 2, 0, 0, 3, 0, 1, 3, 0, 0, 2, 0, 1, 0, 1, 0, 0, 0, 1, 0, 0, 2, 0, 0, 1, 0, 0, 3, 0, 1, 0, 2, 0, 0, 3, 0, 1, 1, 0, 0, 0, 0, 1, 3, 0, 0, 1, 0, 2, 0, 0, 0, 0, 0, 1, 0, 1, 0, 1, 0, 0, 2, 0, 0, 0, 0, 0, 0, 0, 2, 0, 0, 1, 0, 0, 1, 0, 0, 3, 0, 0, 1, 2, 2, 0, 0, 0, 3, 3, 1, 0, 1, 0, 0, 1, 0, 0, 3, 0, 0],883.8363348460268,49255.29723257985,105440.05890471018,true
54,G1_CMAX,G1_CMAX,[31, 22, 90, 26, 58, 95, 42, 12, 93, 5, 78, 86, 98, 18, 20, 35, 3, 97, 91, 76, 10, 85, 54, 45, 63, 71, 66, 1, 23, 17, 24, 60, 36, 6, 57, 15, 65, 56, 47, 79, 94, 67, 50, 46, 14, 75, 38, 9, 30, 19, 32, 81, 27, 92, 83, 87, 40, 99, 59, 11, 53, 16, 72, 77, 73, 70, 39, 37, 84, 43, 62, 25, 55, 28, 29, 51, 68, 82, 74, 61, 88, 21, 80, 89, 7, 69, 96, 41, 48, 4, 8, 34, 49, 52, 0, 44, 13, 2, 64, 33]|[1, 1, 1, 1, 0, 2, 1, 1, 2, 2, 2, 1, 0, 1, 2, 2, 1, 2, 0, 1, 2, 2, 2, 0, 0, 1, 2, 1, 2, 1, 2, 1, 1, 0, 1, 1, 0, 2, 2, 1, 1, 0, 0, 0, 0, 1, 1, 1, 1, 2, 1, 2, 2, 0, 0, 2, 1, 0, 0, 2, 0, 1, 2, 2, 1, 1, 1, 1, 1, 1, 0, 1, 1, 0, 0, 0, 0, 0, 2, 1, 1, 0, 0, 1, 1, 1, 2, 2, 0, 1, 1, 2, 0, 1, 0, 0, 0, 0, 2, 2]|[0, 4, 3, 0, 1, 1, 2, 4, 1, 1, 2, 4, 1, 4, 1, 1, 1, 2, 2, 2, 2, 1, 1, 1, 2, 3, 2, 3, 0, 4, 1, 0, 3, 2, 2, 2, 1, 1, 1, 0, 2, 0, 1, 2, 1, 3, 1, 4, 2, 0, 3, 2, 1, 2, 1, 1, 4, 1, 1, 1, 2, 3, 0, 2, 4, 3, 1, 4, 1, 1, 1, 4, 4, 2, 1, 1, 1, 2, 1, 3, 0, 1, 1, 1, 1, 3, 1, 1, 1, 4, 3, 1, 1, 1, 2, 2, 2, 2, 1, 1]|[3, 0, 2, 3, 0, 0, 1, 0, 0, 0, 1, 0, 0, 3, 0, 0, 1, 1, 1, 2, 1, 0, 0, 0, 0, 0, 0, 0, 0, 3, 1, 0, 2, 1, 1, 1, 0, 0, 0, 0, 1, 1, 0, 0, 0, 0, 1, 3, 2, 0, 0, 1, 0, 1, 0, 0, 2, 0, 0, 0, 1, 2, 1, 1, 0, 0, 1, 1, 3, 3, 0, 3, 3, 1, 0, 0, 0, 1, 0, 0, 0, 0, 0, 1, 2, 2, 0, 0, 0, 0, 2, 0, 1, 1, 0, 0, 0, 0, 0, 0],705.0470749739228,58445.79123614564,95781.2895945797,false
54,G4_BALANCED,G4_BALANCED,[31, 22, 82, 15, 26, 58, 95, 42, 77, 12, 47, 5, 93, 78, 86, 54, 85, 63, 18, 72, 20, 35, 43, 97, 91, 76, 10, 30, 21, 45, 71, 64, 1, 23, 17, 83, 24, 14, 60, 36, 6, 57, 40, 88, 65, 56, 79, 94, 67, 41, 68, 75, 38, 9, 19, 32, 81, 55, 27, 62, 87, 90, 99, 59, 11, 16, 44, 73, 70, 39, 37, 84, 3, 92, 25, 46, 28, 29, 51, 7, 66, 61, 98, 48, 89, 50, 4, 96, 53, 80, 8, 33, 34, 2, 52, 13, 0, 69, 74, 49]|[1, 1, 0, 1, 1, 0, 1, 1, 2, 1, 2, 2, 2, 1, 1, 0, 0, 1, 0, 2, 2, 0, 1, 2, 0, 1, 2, 2, 0, 0, 1, 2, 1, 2, 1, 0, 2, 0, 1, 1, 0, 1, 1, 1, 0, 2, 1, 1, 0, 0, 0, 0, 1, 1, 2, 1, 2, 0, 0, 2, 2, 1, 1, 2, 2, 1, 2, 1, 1, 1, 1, 1, 1, 0, 1, 0, 0, 0, 0, 1, 2, 1, 2, 0, 1, 0, 1, 2, 0, 0, 1, 2, 2, 0, 1, 0, 0, 1, 2, 0]|[4, 3, 2, 2, 4, 1, 2, 3, 2, 4, 1, 1, 2, 4, 4, 1, 2, 4, 2, 1, 1, 1, 1, 2, 1, 2, 1, 1, 2, 1, 3, 2, 3, 1, 4, 0, 1, 1, 0, 3, 2, 2, 2, 0, 1, 1, 0, 4, 0, 1, 2, 2, 1, 4, 0, 3, 2, 1, 1, 1, 1, 3, 1, 1, 1, 3, 1, 4, 3, 1, 4, 1, 1, 0, 4, 2, 2, 1, 1, 1, 1, 3, 1, 1, 1, 1, 4, 1, 2, 1, 3, 1, 1, 2, 1, 2, 2, 4, 1, 1]|[0, 2, 1, 1, 3, 0, 1, 3, 0, 0, 0, 0, 1, 0, 1, 0, 0, 3, 1, 0, 0, 0, 3, 1, 0, 2, 0, 0, 0, 1, 0, 0, 0, 0, 3, 0, 1, 0, 0, 2, 1, 1, 1, 0, 0, 0, 0, 2, 1, 0, 0, 0, 1, 3, 0, 0, 1, 0, 0, 0, 0, 2, 1, 0, 0, 2, 0, 0, 0, 1, 1, 3, 1, 1, 3, 0, 1, 0, 0, 2, 0, 0, 0, 0, 1, 0, 0, 0, 1, 0, 2, 0, 0, 0, 1, 0, 0, 2, 0, 1],747.1438989226004,55733.55354576636,94625.20584372425,false
54,G2_TEC,G2_TEC,[31, 94, 82, 15, 26, 9, 95, 42, 77, 68, 47, 5, 93, 78, 86, 54, 85, 63, 18, 44, 20, 49, 36, 14, 74, 50, 53, 17, 21, 28, 11, 64, 3, 23, 30, 83, 24, 41, 40, 52, 65, 27, 90, 70, 39, 87, 48, 69, 99, 4, 98, 1, 13, 56, 97, 59, 45, 8, 73, 37, 35, 79, 71, 66, 76, 32, 60, 80, 58, 6, 67, 61, 33, 7, 57, 34, 12, 16, 10, 22, 96, 88, 43, 81, 91, 2, 84, 29, 92, 19, 89, 55, 51, 46, 25, 75, 38, 72, 62, 0]|[2, 1, 2, 1, 1, 2, 1, 1, 1, 1, 1, 0, 2, 2, 1, 2, 0, 0, 0, 2, 2, 1, 0, 2, 0, 2, 2, 1, 0, 1, 1, 1, 0, 0, 1, 0, 2, 1, 2, 2, 0, 0, 1, 1, 0, 2, 0, 2, 1, 0, 2, 2, 0, 2, 2, 0, 1, 1, 0, 0, 2, 1, 1, 2, 2, 0, 2, 2, 2, 1, 2, 1, 1, 2, 0, 1, 1, 2, 1, 2, 0, 1, 1, 1, 1, 0, 0, 1, 0, 1, 1, 0, 1, 0, 1, 0, 0, 1, 1, 0]|[0, 3, 0, 3, 4, 1, 4, 4, 4, 4, 3, 2, 1, 0, 2, 1, 1, 1, 2, 1, 1, 3, 0, 1, 0, 1, 1, 4, 1, 4, 3, 2, 2, 0, 4, 1, 1, 4, 1, 1, 2, 1, 4, 4, 1, 1, 0, 1, 3, 2, 1, 1, 2, 1, 1, 2, 4, 3, 0, 2, 1, 3, 3, 1, 1, 2, 1, 1, 1, 4, 1, 3, 4, 1, 2, 4, 3, 1, 3, 1, 2, 4, 4, 4, 3, 2, 2, 3, 2, 4, 4, 2, 3, 2, 4, 2, 2, 4, 3, 2]|[0, 2, 0, 0, 3, 0, 1, 3, 1, 0, 2, 0, 1, 0, 1, 0, 0, 0, 1, 0, 0, 2, 0, 0, 1, 0, 0, 3, 0, 1, 0, 2, 0, 0, 3, 0, 1, 1, 0, 0, 0, 0, 1, 3, 0, 0, 1, 0, 2, 0, 0, 0, 0, 0, 1, 0, 1, 0, 1, 1, 0, 2, 0, 0, 0, 0, 0, 0, 0, 2, 0, 0, 1, 0, 0, 1, 0, 0, 3, 0, 0, 1, 2, 2, 0, 0, 0, 3, 0, 1, 1, 0, 0, 0, 3, 0, 0, 1, 0, 0],910.6016522559228,48441.78517559203,107030.90942221809,false
54,G3_TWC,G4_BALANCED,[31, 94, 82, 15, 26, 9, 95, 42, 77, 68, 47, 5, 93, 78, 86, 54, 85, 63, 18, 44, 20, 49, 36, 14, 74, 50, 53, 17, 21, 28, 11, 64, 3, 23, 30, 83, 24, 41, 40, 52, 65, 27, 90, 70, 39, 87, 48, 69, 99, 4, 46, 1, 37, 58, 97, 59, 45, 8, 73, 13, 35, 79, 71, 66, 76, 32, 60, 80, 56, 6, 67, 61, 33, 7, 57, 34, 12, 16, 10, 98, 96, 88, 43, 81, 91, 38, 84, 92, 29, 19, 51, 89, 55, 75, 72, 22, 2, 25, 62, 0]|[2, 1, 2, 1, 1, 2, 1, 1, 1, 1, 1, 0, 2, 2, 1, 2, 0, 0, 0, 2, 2, 1, 0, 2, 0, 2, 2, 1, 0, 1, 1, 1, 0, 0, 1, 0, 2, 1, 2, 2, 0, 0, 1, 1, 0, 2, 0, 2, 1, 0, 0, 2, 0, 2, 2, 0, 1, 1, 0, 0, 2, 1, 1, 2, 2, 0, 2, 2, 2, 1, 2, 1, 1, 2, 0, 1, 1, 2, 1, 2, 0, 1, 1, 1, 1, 0, 0, 1, 1, 1, 1, 1, 0, 0, 1, 2, 0, 1, 1, 0]|[0, 3, 0, 3, 4, 1, 4, 4, 2, 4, 3, 2, 1, 0, 2, 1, 1, 1, 2, 1, 1, 3, 0, 1, 0, 1, 1, 4, 1, 4, 3, 2, 2, 0, 4, 1, 1, 4, 1, 1, 2, 1, 4, 4, 1, 1, 0, 1, 3, 2, 2, 1, 2, 1, 1, 2, 4, 3, 0, 2, 2, 3, 3, 1, 1, 2, 1, 1, 1, 4, 1, 3, 4, 1, 2, 4, 3, 1, 3, 1, 2, 4, 4, 4, 3, 2, 2, 3, 3, 4, 3, 4, 2, 2, 4, 1, 2, 4, 3, 2]|[0, 2, 0, 0, 3, 0, 1, 3, 0, 0, 2, 0, 1, 0, 1, 0, 0, 0, 1, 0, 0, 2, 0, 0, 1, 0, 0, 3, 0, 1, 0, 2, 0, 0, 3, 0, 1, 1, 0, 0, 0, 0, 1, 3, 0, 0, 1, 0, 2, 0, 0, 0, 0, 0, 1, 0, 1, 0, 1, 0, 0, 2, 0, 0, 0, 0, 0, 0, 0, 2, 0, 0, 1, 0, 0, 1, 0, 0, 3, 0, 0, 1, 2, 2, 0, 0, 0, 3, 3, 1, 0, 1, 0, 0, 1, 0, 0, 3, 0, 0],883.8363348460268,49255.29723257985,105440.05890471018,true
54,G1_CMAX,G1_CMAX,[31, 22, 90, 26, 58, 95, 42, 12, 93, 5, 78, 86, 98, 18, 20, 35, 3, 97, 91, 76, 10, 85, 54, 45, 63, 71, 66, 1, 23, 17, 24, 60, 36, 6, 57, 15, 65, 56, 47, 79, 94, 67, 50, 46, 14, 75, 38, 9, 30, 19, 32, 81, 27, 92, 83, 87, 40, 99, 59, 11, 53, 16, 72, 77, 73, 70, 39, 37, 84, 43, 62, 25, 55, 28, 29, 51, 68, 82, 74, 61, 88, 21, 80, 89, 7, 69, 96, 41, 48, 4, 8, 34, 49, 52, 0, 44, 13, 2, 64, 33]|[1, 1, 1, 1, 0, 2, 1, 1, 2, 2, 2, 1, 0, 1, 2, 2, 1, 2, 0, 1, 2, 2, 2, 0, 0, 1, 2, 1, 2, 1, 2, 1, 1, 0, 1, 1, 0, 2, 2, 1, 1, 0, 0, 0, 0, 1, 1, 1, 1, 2, 1, 2, 2, 0, 0, 2, 1, 0, 0, 2, 0, 1, 2, 2, 1, 1, 1, 1, 1, 1, 0, 1, 1, 0, 0, 0, 0, 0, 2, 1, 1, 0, 0, 1, 1, 1, 2, 2, 0, 1, 1, 2, 0, 1, 0, 0, 0, 0, 2, 2]|[0, 4, 3, 0, 1, 1, 2, 4, 1, 1, 2, 4, 1, 4, 1, 1, 1, 2, 2, 2, 2, 1, 1, 1, 2, 3, 2, 3, 0, 4, 1, 0, 3, 2, 2, 2, 1, 1, 1, 0, 2, 0, 1, 2, 1, 3, 1, 4, 2, 0, 3, 2, 1, 2, 1, 1, 4, 1, 1, 1, 2, 3, 0, 2, 4, 3, 1, 4, 1, 1, 1, 4, 4, 2, 1, 1, 1, 2, 1, 3, 0, 1, 1, 1, 1, 3, 1, 1, 1, 4, 3, 1, 1, 1, 2, 2, 2, 2, 1, 1]|[3, 0, 2, 3, 0, 0, 1, 0, 0, 0, 1, 0, 0, 3, 0, 0, 1, 1, 1, 2, 1, 0, 0, 0, 0, 0, 0, 0, 0, 3, 1, 0, 2, 1, 1, 1, 0, 0, 0, 0, 1, 1, 0, 0, 0, 0, 1, 3, 2, 0, 0, 1, 0, 1, 0, 0, 2, 0, 0, 0, 1, 2, 1, 1, 0, 0, 1, 1, 3, 3, 0, 3, 3, 1, 0, 0, 0, 1, 0, 0, 0, 0, 0, 1, 2, 2, 0, 0, 0, 0, 2, 0, 1, 1, 0, 0, 0, 0, 0, 0],705.0470749739228,58445.79123614564,95781.2895945797,false
54,G4_BALANCED,G1_CMAX,[31, 22, 42, 15, 26, 58, 95, 82, 77, 12, 47, 5, 93, 78, 98, 54, 85, 63, 18, 44, 20, 35, 43, 97, 91, 76, 10, 30, 21, 45, 71, 64, 1, 23, 17, 83, 24, 61, 60, 36, 6, 57, 94, 88, 65, 56, 79, 40, 67, 68, 46, 75, 38, 9, 19, 32, 81, 41, 27, 62, 87, 90, 99, 59, 53, 16, 72, 73, 70, 39, 37, 84, 3, 92, 25, 55, 28, 29, 51, 7, 33, 14, 86, 48, 89, 50, 4, 96, 11, 80, 8, 2, 0, 49, 74, 52, 13, 66, 69, 34]|[1, 1, 0, 1, 1, 1, 2, 1, 2, 1, 2, 2, 2, 1, 1, 0, 0, 1, 0, 2, 2, 0, 1, 2, 0, 1, 2, 2, 0, 0, 1, 2, 1, 2, 1, 0, 2, 1, 1, 1, 0, 1, 1, 1, 0, 2, 1, 1, 0, 0, 0, 0, 1, 1, 2, 1, 2, 2, 0, 0, 2, 1, 0, 1, 2, 1, 2, 1, 1, 1, 1, 1, 2, 0, 1, 1, 0, 0, 0, 1, 2, 1, 0, 0, 1, 0, 1, 2, 0, 0, 1, 0, 0, 0, 2, 1, 0, 2, 1, 2]|[4, 3, 2, 2, 0, 0, 2, 2, 2, 4, 1, 1, 2, 4, 4, 1, 1, 4, 2, 1, 1, 1, 1, 2, 1, 2, 1, 1, 1, 1, 3, 2, 3, 1, 4, 0, 1, 3, 0, 3, 2, 2, 4, 0, 1, 1, 0, 2, 0, 1, 2, 2, 1, 4, 0, 3, 2, 1, 1, 2, 1, 3, 1, 1, 1, 3, 0, 4, 3, 1, 4, 1, 1, 2, 4, 4, 2, 1, 1, 3, 1, 3, 1, 1, 1, 1, 4, 1, 2, 1, 3, 2, 2, 1, 1, 1, 2, 1, 4, 1]|[0, 2, 1, 1, 3, 3, 0, 1, 0, 0, 0, 0, 1, 0, 1, 0, 0, 3, 1, 0, 0, 0, 3, 1, 0, 2, 0, 0, 0, 1, 0, 0, 0, 0, 3, 0, 1, 0, 0, 2, 1, 1, 2, 0, 0, 0, 0, 1, 1, 0, 0, 0, 1, 3, 0, 0, 1, 0, 0, 1, 0, 2, 0, 1, 0, 2, 1, 0, 0, 1, 1, 3, 0, 1, 3, 3, 1, 0, 0, 2, 0, 0, 0, 0, 1, 0, 0, 0, 1, 0, 2, 0, 0, 1, 0, 1, 0, 0, 2, 0],730.5756340398165,56776.75809121033,92370.82500878497,true
54,G2_TEC,G2_TEC,[31, 94, 82, 15, 26, 9, 95, 42, 77, 68, 47, 5, 93, 78, 86, 54, 85, 63, 18, 44, 20, 49, 36, 14, 74, 50, 53, 17, 21, 28, 11, 64, 3, 23, 30, 83, 24, 41, 40, 52, 65, 27, 90, 70, 39, 87, 48, 69, 99, 4, 98, 1, 13, 56, 97, 59, 45, 8, 73, 37, 35, 79, 71, 66, 76, 32, 60, 80, 58, 6, 67, 61, 33, 7, 57, 34, 12, 16, 10, 22, 96, 88, 43, 81, 91, 2, 84, 29, 92, 19, 89, 55, 51, 46, 25, 75, 38, 72, 62, 0]|[2, 1, 2, 1, 1, 2, 1, 1, 1, 1, 1, 0, 2, 2, 1, 2, 0, 0, 0, 2, 2, 1, 0, 2, 0, 2, 2, 1, 0, 1, 1, 1, 0, 0, 1, 0, 2, 1, 2, 2, 0, 0, 1, 1, 0, 2, 0, 2, 1, 0, 2, 2, 0, 2, 2, 0, 1, 1, 0, 0, 2, 1, 1, 2, 2, 0, 2, 2, 2, 1, 2, 1, 1, 2, 0, 1, 1, 2, 1, 2, 0, 1, 1, 1, 1, 0, 0, 1, 0, 1, 1, 0, 1, 0, 1, 0, 0, 1, 1, 0]|[0, 3, 0, 3, 4, 1, 4, 4, 4, 4, 3, 2, 1, 0, 2, 1, 1, 1, 2, 1, 1, 3, 0, 1, 0, 1, 1, 4, 1, 4, 3, 2, 2, 0, 4, 1, 1, 4, 1, 1, 2, 1, 4, 4, 1, 1, 0, 1, 3, 2, 1, 1, 2, 1, 1, 2, 4, 3, 0, 2, 1, 3, 3, 1, 1, 2, 1, 1, 1, 4, 1, 3, 4, 1, 2, 4, 3, 1, 3, 1, 2, 4, 4, 4, 3, 2, 2, 3, 2, 4, 4, 2, 3, 2, 4, 2, 2, 4, 3, 2]|[0, 2, 0, 0, 3, 0, 1, 3, 1, 0, 2, 0, 1, 0, 1, 0, 0, 0, 1, 0, 0, 2, 0, 0, 1, 0, 0, 3, 0, 1, 0, 2, 0, 0, 3, 0, 1, 1, 0, 0, 0, 0, 1, 3, 0, 0, 1, 0, 2, 0, 0, 0, 0, 0, 1, 0, 1, 0, 1, 1, 0, 2, 0, 0, 0, 0, 0, 0, 0, 2, 0, 0, 1, 0, 0, 1, 0, 0, 3, 0, 0, 1, 2, 2, 0, 0, 0, 3, 0, 1, 1, 0, 0, 0, 3, 0, 0, 1, 0, 0],910.6016522559228,48441.78517559203,107030.90942221809,false
54,G3_TWC,G4_BALANCED,[31, 22, 42, 15, 26, 58, 95, 82, 77, 12, 47, 5, 93, 78, 98, 54, 85, 63, 18, 44, 20, 35, 43, 97, 91, 76, 10, 30, 21, 45, 71, 64, 1, 23, 17, 83, 24, 61, 60, 49, 6, 57, 94, 88, 65, 56, 79, 40, 67, 68, 46, 75, 38, 9, 19, 32, 81, 41, 27, 62, 87, 90, 99, 59, 53, 16, 72, 73, 70, 39, 37, 84, 3, 92, 25, 74, 28, 0, 51, 7, 11, 14, 86, 48, 89, 50, 66, 96, 33, 80, 4, 8, 55, 36, 29, 52, 13, 2, 69, 34]|[1, 1, 0, 1, 1, 1, 2, 1, 2, 1, 2, 2, 2, 1, 1, 0, 0, 1, 0, 2, 2, 0, 1, 2, 0, 1, 2, 2, 0, 0, 1, 2, 1, 0, 1, 0, 2, 0, 1, 1, 0, 1, 1, 1, 0, 2, 1, 1, 0, 0, 0, 0, 1, 1, 2, 1, 2, 0, 0, 0, 2, 1, 0, 1, 0, 1, 2, 1, 1, 1, 1, 1, 2, 0, 1, 2, 0, 0, 0, 1, 2, 1, 0, 0, 1, 0, 0, 2, 2, 0, 0, 1, 2, 0, 0, 1, 0, 0, 1, 2]|[4, 3, 2, 2, 0, 0, 2, 2, 2, 4, 1, 1, 2, 4, 4, 1, 1, 4, 2, 1, 1, 1, 1, 2, 1, 2, 1, 1, 1, 1, 3, 2, 3, 0, 4, 0, 1, 1, 0, 3, 2, 2, 4, 0, 1, 1, 3, 2, 0, 1, 2, 2, 1, 4, 0, 3, 2, 1, 1, 2, 1, 3, 1, 1, 2, 3, 0, 4, 3, 1, 4, 1, 1, 2, 4, 1, 2, 1, 1, 3, 1, 3, 1, 1, 1, 1, 1, 1, 1, 1, 2, 3, 1, 1, 2, 1, 2, 2, 3, 1]|[0, 2, 1, 1, 3, 3, 0, 1, 0, 0, 0, 0, 1, 0, 1, 0, 0, 3, 1, 0, 0, 0, 3, 1, 0, 2, 0, 0, 0, 1, 0, 0, 0, 0, 3, 0, 1, 0, 0, 2, 1, 1, 2, 0, 0, 0, 0, 1, 1, 0, 0, 0, 1, 3, 0, 0, 1, 0, 0, 1, 0, 2, 0, 1, 1, 2, 1, 0, 0, 1, 1, 3, 0, 1, 3, 0, 1, 0, 0, 2, 0, 0, 0, 0, 1, 0, 0, 0, 0, 0, 1, 2, 0, 1, 0, 1, 0, 0, 0, 0],787.7354273239397,57319.98389756265,87481.7179896983,true
54,G1_CMAX,G1_CMAX,[31, 22, 90, 26, 58, 95, 42, 12, 93, 5, 78, 86, 98, 18, 20, 35, 3, 97, 91, 76, 10, 85, 54, 45, 63, 71, 66, 1, 23, 17, 24, 60, 36, 6, 57, 15, 65, 56, 47, 79, 94, 67, 50, 46, 14, 75, 38, 9, 30, 19, 32, 81, 27, 92, 83, 87, 40, 99, 59, 11, 53, 16, 72, 77, 73, 70, 39, 37, 84, 43, 62, 25, 55, 28, 29, 51, 68, 82, 74, 61, 88, 21, 80, 89, 7, 69, 96, 41, 48, 4, 8, 34, 49, 52, 0, 44, 13, 2, 64, 33]|[1, 1, 1, 1, 0, 2, 1, 1, 2, 2, 2, 1, 0, 1, 2, 2, 1, 2, 0, 1, 2, 2, 2, 0, 0, 1, 2, 1, 2, 1, 2, 1, 1, 0, 1, 1, 0, 2, 2, 1, 1, 0, 0, 0, 0, 1, 1, 1, 1, 2, 1, 2, 2, 0, 0, 2, 1, 0, 0, 2, 0, 1, 2, 2, 1, 1, 1, 1, 1, 1, 0, 1, 1, 0, 0, 0, 0, 0, 2, 1, 1, 0, 0, 1, 1, 1, 2, 2, 0, 1, 1, 2, 0, 1, 0, 0, 0, 0, 2, 2]|[0, 4, 3, 0, 1, 1, 2, 4, 1, 1, 2, 4, 1, 4, 1, 1, 1, 2, 2, 2, 2, 1, 1, 1, 2, 3, 2, 3, 0, 4, 1, 0, 3, 2, 2, 2, 1, 1, 1, 0, 2, 0, 1, 2, 1, 3, 1, 4, 2, 0, 3, 2, 1, 2, 1, 1, 4, 1, 1, 1, 2, 3, 0, 2, 4, 3, 1, 4, 1, 1, 1, 4, 4, 2, 1, 1, 1, 2, 1, 3, 0, 1, 1, 1, 1, 3, 1, 1, 1, 4, 3, 1, 1, 1, 2, 2, 2, 2, 1, 1]|[3, 0, 2, 3, 0, 0, 1, 0, 0, 0, 1, 0, 0, 3, 0, 0, 1, 1, 1, 2, 1, 0, 0, 0, 0, 0, 0, 0, 0, 3, 1, 0, 2, 1, 1, 1, 0, 0, 0, 0, 1, 1, 0, 0, 0, 0, 1, 3, 2, 0, 0, 1, 0, 1, 0, 0, 2, 0, 0, 0, 1, 2, 1, 1, 0, 0, 1, 1, 3, 3, 0, 3, 3, 1, 0, 0, 0, 1, 0, 0, 0, 0, 0, 1, 2, 2, 0, 0, 0, 0, 2, 0, 1, 1, 0, 0, 0, 0, 0, 0],705.0470749739228,58445.79123614564,95781.2895945797,false
54,G4_BALANCED,G4_BALANCED,[31, 22, 82, 15, 26, 58, 95, 42, 77, 12, 47, 5, 93, 78, 86, 54, 85, 63, 18, 44, 20, 35, 43, 97, 66, 76, 10, 30, 21, 45, 71, 64, 1, 23, 17, 83, 24, 14, 60, 36, 6, 57, 40, 88, 65, 56, 79, 94, 67, 68, 46, 29, 38, 9, 19, 32, 81, 41, 27, 87, 90, 62, 99, 59, 11, 16, 72, 73, 70, 39, 37, 84, 3, 92, 25, 55, 28, 75, 51, 7, 91, 61, 98, 8, 89, 50, 33, 96, 49, 48, 80, 4, 34, 53, 52, 0, 13, 2, 69, 74]|[1, 1, 0, 1, 1, 0, 1, 2, 2, 1, 2, 2, 2, 1, 1, 0, 0, 1, 0, 2, 2, 0, 1, 2, 0, 1, 2, 2, 0, 0, 1, 2, 1, 2, 1, 0, 2, 0, 1, 1, 0, 1, 1, 1, 0, 2, 1, 1, 0, 0, 0, 0, 1, 1, 2, 1, 2, 0, 0, 2, 1, 0, 0, 2, 2, 1, 2, 1, 1, 1, 1, 1, 1, 0, 1, 2, 0, 0, 0, 1, 2, 1, 1, 1, 1, 0, 2, 2, 0, 0, 0, 1, 2, 0, 1, 0, 0, 0, 1, 2]|[4, 3, 2, 2, 4, 1, 2, 2, 2, 4, 1, 1, 2, 4, 4, 1, 1, 4, 2, 1, 1, 1, 1, 2, 1, 2, 1, 1, 1, 1, 3, 1, 3, 1, 4, 0, 1, 1, 0, 3, 2, 2, 2, 0, 1, 1, 0, 4, 0, 1, 2, 1, 1, 4, 0, 3, 2, 1, 1, 1, 3, 2, 1, 1, 1, 3, 1, 4, 3, 1, 4, 1, 1, 0, 4, 1, 2, 2, 1, 1, 1, 3, 4, 3, 1, 1, 1, 1, 1, 1, 1, 4, 1, 2, 1, 2, 2, 2, 4, 1]|[0, 2, 1, 1, 3, 0, 1, 0, 0, 0, 0, 0, 1, 0, 1, 0, 0, 3, 1, 0, 0, 0, 3, 1, 0, 2, 0, 0, 0, 0, 0, 0, 0, 0, 3, 0, 1, 0, 0, 2, 1, 1, 1, 0, 0, 0, 0, 2, 1, 0, 0, 0, 1, 3, 0, 0, 1, 0, 0, 0, 2, 1, 0, 0, 0, 2, 0, 0, 0, 1, 1, 3, 1, 1, 3, 0, 1, 0, 0, 2, 0, 0, 1, 2, 1, 0, 0, 0, 1, 0, 0, 0, 0, 1, 1, 0, 0, 0, 2, 0],820.9533813903317,55075.289204387875,98896.49816512917,false
54,G2_TEC,G2_TEC,[31, 94, 82, 15, 26, 9, 95, 42, 77, 68, 47, 5, 93, 78, 86, 54, 85, 63, 18, 44, 20, 49, 36, 14, 74, 50, 53, 17, 21, 28, 11, 64, 3, 23, 30, 83, 24, 41, 40, 52, 65, 27, 90, 70, 39, 87, 48, 69, 99, 4, 98, 1, 13, 56, 97, 59, 45, 8, 73, 37, 35, 79, 71, 66, 76, 32, 60, 80, 58, 6, 67, 61, 33, 7, 57, 34, 12, 16, 10, 22, 96, 88, 43, 81, 91, 2, 84, 29, 92, 19, 89, 55, 51, 46, 25, 75, 38, 72, 62, 0]|[2, 1, 2, 1, 1, 2, 1, 1, 1, 1, 1, 0, 2, 2, 1, 2, 0, 0, 0, 2, 2, 1, 0, 2, 0, 2, 2, 1, 0, 1, 1, 1, 0, 0, 1, 0, 2, 1, 2, 2, 0, 0, 1, 1, 0, 2, 0, 2, 1, 0, 2, 2, 0, 2, 2, 0, 1, 1, 0, 0, 2, 1, 1, 2, 2, 0, 2, 2, 2, 1, 2, 1, 1, 2, 0, 1, 1, 2, 1, 2, 0, 1, 1, 1, 1, 0, 0, 1, 0, 1, 1, 0, 1, 0, 1, 0, 0, 1, 1, 0]|[0, 3, 0, 3, 4, 1, 4, 4, 4, 4, 3, 2, 1, 0, 2, 1, 1, 1, 2, 1, 1, 3, 0, 1, 0, 1, 1, 4, 1, 4, 3, 2, 2, 0, 4, 1, 1, 4, 1, 1, 2, 1, 4, 4, 1, 1, 0, 1, 3, 2, 1, 1, 2, 1, 1, 2, 4, 3, 0, 2, 1, 3, 3, 1, 1, 2, 1, 1, 1, 4, 1, 3, 4, 1, 2, 4, 3, 1, 3, 1, 2, 4, 4, 4, 3, 2, 2, 3, 2, 4, 4, 2, 3, 2, 4, 2, 2, 4, 3, 2]|[0, 2, 0, 0, 3, 0, 1, 3, 1, 0, 2, 0, 1, 0, 1, 0, 0, 0, 1, 0, 0, 2, 0, 0, 1, 0, 0, 3, 0, 1, 0, 2, 0, 0, 3, 0, 1, 1, 0, 0, 0, 0, 1, 3, 0, 0, 1, 0, 2, 0, 0, 0, 0, 0, 1, 0, 1, 0, 1, 1, 0, 2, 0, 0, 0, 0, 0, 0, 0, 2, 0, 0, 1, 0, 0, 1, 0, 0, 3, 0, 0, 1, 2, 2, 0, 0, 0, 3, 0, 1, 1, 0, 0, 0, 3, 0, 0, 1, 0, 0],910.6016522559228,48441.78517559203,107030.90942221809,false
54,G3_TWC,G4_BALANCED,[31, 22, 42, 15, 26, 58, 95, 82, 77, 12, 47, 5, 93, 78, 98, 54, 85, 63, 18, 44, 20, 35, 43, 97, 91, 76, 10, 30, 21, 45, 71, 64, 1, 23, 17, 83, 24, 61, 60, 49, 6, 57, 94, 88, 65, 56, 79, 40, 67, 68, 46, 75, 38, 9, 19, 32, 81, 41, 27, 62, 87, 90, 99, 59, 53, 16, 72, 73, 70, 39, 37, 84, 3, 92, 25, 74, 28, 0, 51, 7, 11, 14, 86, 48, 89, 50, 66, 96, 33, 80, 4, 8, 55, 36, 29, 52, 13, 2, 69, 34]|[1, 1, 0, 1, 1, 1, 2, 1, 2, 1, 2, 2, 2, 1, 1, 0, 0, 1, 0, 2, 2, 0, 1, 2, 0, 1, 2, 2, 0, 0, 1, 2, 1, 0, 1, 0, 2, 0, 1, 1, 0, 1, 1, 1, 0, 2, 1, 1, 0, 0, 0, 0, 1, 1, 2, 1, 2, 0, 0, 0, 2, 1, 0, 1, 0, 1, 2, 1, 1, 1, 1, 1, 2, 0, 1, 2, 0, 0, 0, 1, 2, 1, 0, 0, 1, 0, 0, 2, 2, 0, 0, 1, 2, 0, 0, 1, 0, 0, 1, 2]|[4, 3, 2, 2, 0, 0, 2, 2, 2, 4, 1, 1, 2, 4, 4, 1, 1, 4, 2, 1, 1, 1, 1, 2, 1, 2, 1, 1, 1, 1, 3, 2, 3, 0, 4, 0, 1, 1, 0, 3, 2, 2, 4, 0, 1, 1, 3, 2, 0, 1, 2, 2, 1, 4, 0, 3, 2, 1, 1, 2, 1, 3, 1, 1, 2, 3, 0, 4, 3, 1, 4, 1, 1, 2, 4, 1, 2, 1, 1, 3, 1, 3, 1, 1, 1, 1, 1, 1, 1, 1, 2, 3, 1, 1, 2, 1, 2, 2, 3, 1]|[0, 2, 1, 1, 3, 3, 0, 1, 0, 0, 0, 0, 1, 0, 1, 0, 0, 3, 1, 0, 0, 0, 3, 1, 0, 2, 0, 0, 0, 1, 0, 0, 0, 0, 3, 0, 1, 0, 0, 2, 1, 1, 2, 0, 0, 0, 0, 1, 1, 0, 0, 0, 1, 3, 0, 0, 1, 0, 0, 1, 0, 2, 0, 1, 1, 2, 1, 0, 0, 1, 1, 3, 0, 1, 3, 0, 1, 0, 0, 2, 0, 0, 0, 0, 1, 0, 0, 0, 0, 0, 1, 2, 0, 1, 0, 1, 0, 0, 0, 0],787.7354273239397,57319.98389756265,87481.7179896983,true
54,G1_CMAX,G1_CMAX,[31, 22, 90, 26, 58, 95, 42, 12, 93, 5, 78, 86, 98, 18, 20, 35, 3, 97, 91, 76, 10, 85, 54, 45, 63, 71, 66, 1, 23, 17, 24, 60, 36, 6, 57, 15, 65, 56, 47, 79, 94, 67, 50, 46, 14, 75, 38, 9, 30, 19, 32, 81, 27, 92, 83, 87, 40, 99, 59, 11, 53, 16, 72, 77, 73, 70, 39, 37, 84, 43, 62, 25, 55, 28, 29, 51, 68, 82, 74, 61, 88, 21, 80, 89, 7, 69, 96, 41, 48, 4, 8, 34, 49, 52, 0, 44, 13, 2, 64, 33]|[1, 1, 1, 1, 0, 2, 1, 1, 2, 2, 2, 1, 0, 1, 2, 2, 1, 2, 0, 1, 2, 2, 2, 0, 0, 1, 2, 1, 2, 1, 2, 1, 1, 0, 1, 1, 0, 2, 2, 1, 1, 0, 0, 0, 0, 1, 1, 1, 1, 2, 1, 2, 2, 0, 0, 2, 1, 0, 0, 2, 0, 1, 2, 2, 1, 1, 1, 1, 1, 1, 0, 1, 1, 0, 0, 0, 0, 0, 2, 1, 1, 0, 0, 1, 1, 1, 2, 2, 0, 1, 1, 2, 0, 1, 0, 0, 0, 0, 2, 2]|[0, 4, 3, 0, 1, 1, 2, 4, 1, 1, 2, 4, 1, 4, 1, 1, 1, 2, 2, 2, 2, 1, 1, 1, 2, 3, 2, 3, 0, 4, 1, 0, 3, 2, 2, 2, 1, 1, 1, 0, 2, 0, 1, 2, 1, 3, 1, 4, 2, 0, 3, 2, 1, 2, 1, 1, 4, 1, 1, 1, 2, 3, 0, 2, 4, 3, 1, 4, 1, 1, 1, 4, 4, 2, 1, 1, 1, 2, 1, 3, 0, 1, 1, 1, 1, 3, 1, 1, 1, 4, 3, 1, 1, 1, 2, 2, 2, 2, 1, 1]|[3, 0, 2, 3, 0, 0, 1, 0, 0, 0, 1, 0, 0, 3, 0, 0, 1, 1, 1, 2, 1, 0, 0, 0, 0, 0, 0, 0, 0, 3, 1, 0, 2, 1, 1, 1, 0, 0, 0, 0, 1, 1, 0, 0, 0, 0, 1, 3, 2, 0, 0, 1, 0, 1, 0, 0, 2, 0, 0, 0, 1, 2, 1, 1, 0, 0, 1, 1, 3, 3, 0, 3, 3, 1, 0, 0, 0, 1, 0, 0, 0, 0, 0, 1, 2, 2, 0, 0, 0, 0, 2, 0, 1, 1, 0, 0, 0, 0, 0, 0],705.0470749739228,58445.79123614564,95781.2895945797,false
54,G4_BALANCED,G4_BALANCED,[31, 22, 82, 15, 26, 58, 95, 42, 77, 12, 47, 5, 30, 78, 86, 54, 85, 63, 18, 44, 20, 35, 43, 97, 91, 76, 10, 93, 21, 45, 71, 64, 1, 23, 17, 83, 24, 14, 60, 36, 6, 57, 40, 88, 65, 56, 79, 94, 67, 68, 46, 75, 38, 9, 19, 32, 81, 41, 27, 62, 90, 99, 59, 87, 11, 66, 73, 70, 39, 37, 84, 3, 72, 92, 25, 55, 28, 29, 51, 7, 16, 61, 98, 48, 89, 50, 4, 96, 53, 80, 8, 33, 34, 49, 52, 0, 13, 2, 69, 74]|[1, 1, 0, 1, 1, 0, 1, 2, 2, 1, 2, 2, 2, 1, 1, 0, 0, 1, 0, 2, 2, 0, 0, 2, 0, 1, 2, 2, 0, 0, 1, 2, 1, 2, 1, 0, 2, 0, 1, 1, 0, 1, 1, 1, 0, 2, 1, 1, 0, 0, 0, 0, 1, 1, 2, 1, 2, 0, 0, 2, 1, 0, 1, 2, 2, 2, 1, 1, 1, 1, 1, 1, 2, 0, 1, 1, 0, 0, 0, 1, 2, 1, 2, 0, 1, 0, 1, 2, 0, 0, 0, 2, 2, 0, 1, 0, 0, 0, 1, 2]|[4, 3, 2, 2, 4, 1, 2, 2, 2, 4, 1, 1, 2, 4, 4, 1, 2, 4, 2, 1, 1, 1, 1, 2, 1, 2, 1, 1, 2, 1, 3, 2, 3, 1, 4, 0, 1, 1, 0, 3, 2, 2, 2, 0, 1, 1, 0, 4, 0, 1, 2, 2, 1, 4, 0, 3, 2, 1, 1, 1, 3, 1, 1, 1, 1, 1, 4, 3, 1, 4, 1, 1, 1, 0, 4, 4, 2, 2, 1, 1, 1, 3, 1, 1, 1, 1, 4, 1, 2, 1, 1, 1, 1, 1, 1, 2, 2, 2, 4, 1]|[0, 2, 1, 1, 3, 0, 1, 0, 0, 0, 0, 0, 1, 0, 1, 0, 0, 3, 1, 0, 0, 0, 0, 1, 0, 2, 0, 0, 0, 1, 0, 0, 0, 0, 3, 0, 1, 0, 0, 2, 1, 1, 1, 0, 0, 0, 0, 2, 1, 0, 0, 0, 1, 3, 0, 0, 1, 0, 0, 0, 2, 0, 1, 0, 0, 0, 0, 0, 1, 1, 3, 1, 0, 1, 3, 3, 1, 0, 0, 2, 0, 0, 0, 0, 1, 0, 0, 0, 1, 0, 0, 0, 0, 1, 1, 0, 0, 0, 2, 0],780.1204793587376,55381.14930119356,97957.80477469892,false
54,G2_TEC,G2_TEC,[31, 94, 82, 15, 26, 9, 95, 42, 77, 68, 47, 5, 93, 78, 86, 54, 85, 63, 18, 44, 20, 49, 36, 14, 74, 50, 53, 17, 21, 28, 11, 64, 3, 23, 30, 83, 24, 41, 40, 52, 65, 27, 90, 70, 39, 87, 48, 69, 99, 4, 98, 1, 13, 56, 97, 59, 45, 8, 73, 37, 35, 79, 71, 66, 76, 32, 60, 80, 58, 6, 67, 61, 33, 7, 57, 34, 12, 16, 10, 22, 96, 88, 43, 81, 91, 2, 84, 29, 92, 19, 89, 55, 51, 46, 25, 75, 38, 72, 62, 0]|[2, 1, 2, 1, 1, 2, 1, 1, 1, 1, 1, 0, 2, 2, 1, 2, 0, 0, 0, 2, 2, 1, 0, 2, 0, 2, 2, 1, 0, 1, 1, 1, 0, 0, 1, 0, 2, 1, 2, 2, 0, 0, 1, 1, 0, 2, 0, 2, 1, 0, 2, 2, 0, 2, 2, 0, 1, 1, 0, 0, 2, 1, 1, 2, 2, 0, 2, 2, 2, 1, 2, 1, 1, 2, 0, 1, 1, 2, 1, 2, 0, 1, 1, 1, 1, 0, 0, 1, 0, 1, 1, 0, 1, 0, 1, 0, 0, 1, 1, 0]|[0, 3, 0, 3, 4, 1, 4, 4, 4, 4, 3, 2, 1, 0, 2, 1, 1, 1, 2, 1, 1, 3, 0, 1, 0, 1, 1, 4, 1, 4, 3, 2, 2, 0, 4, 1, 1, 4, 1, 1, 2, 1, 4, 4, 1, 1, 0, 1, 3, 2, 1, 1, 2, 1, 1, 2, 4, 3, 0, 2, 1, 3, 3, 1, 1, 2, 1, 1, 1, 4, 1, 3, 4, 1, 2, 4, 3, 1, 3, 1, 2, 4, 4, 4, 3, 2, 2, 3, 2, 4, 4, 2, 3, 2, 4, 2, 2, 4, 3, 2]|[0, 2, 0, 0, 3, 0, 1, 3, 1, 0, 2, 0, 1, 0, 1, 0, 0, 0, 1, 0, 0, 2, 0, 0, 1, 0, 0, 3, 0, 1, 0, 2, 0, 0, 3, 0, 1, 1, 0, 0, 0, 0, 1, 3, 0, 0, 1, 0, 2, 0, 0, 0, 0, 0, 1, 0, 1, 0, 1, 1, 0, 2, 0, 0, 0, 0, 0, 0, 0, 2, 0, 0, 1, 0, 0, 1, 0, 0, 3, 0, 0, 1, 2, 2, 0, 0, 0, 3, 0, 1, 1, 0, 0, 0, 3, 0, 0, 1, 0, 0],910.6016522559228,48441.78517559203,107030.90942221809,false
54,G3_TWC,G4_BALANCED,[31, 22, 42, 15, 26, 58, 95, 82, 77, 12, 47, 5, 93, 78, 98, 54, 85, 63, 18, 44, 20, 35, 43, 97, 91, 76, 10, 30, 21, 45, 71, 64, 1, 23, 17, 83, 24, 61, 60, 49, 6, 57, 94, 88, 65, 56, 79, 40, 67, 68, 46, 75, 38, 9, 19, 32, 81, 41, 27, 62, 87, 90, 99, 59, 53, 16, 72, 73, 70, 39, 37, 84, 3, 92, 25, 74, 28, 0, 51, 7, 11, 14, 86, 48, 89, 50, 66, 96, 33, 80, 4, 8, 55, 36, 29, 52, 13, 2, 69, 34]|[1, 1, 0, 1, 1, 1, 2, 1, 2, 1, 2, 2, 2, 1, 1, 0, 0, 1, 0, 2, 2, 0, 1, 2, 0, 1, 2, 2, 0, 0, 1, 2, 1, 0, 1, 0, 2, 0, 1, 1, 0, 1, 1, 1, 0, 2, 1, 1, 0, 0, 0, 0, 1, 1, 2, 1, 2, 0, 0, 0, 2, 1, 0, 1, 0, 1, 2, 1, 1, 1, 1, 1, 2, 0, 1, 2, 0, 0, 0, 1, 2, 1, 0, 0, 1, 0, 0, 2, 2, 0, 0, 1, 2, 0, 0, 1, 0, 0, 1, 2]|[4, 3, 2, 2, 0, 0, 2, 2, 2, 4, 1, 1, 2, 4, 4, 1, 1, 4, 2, 1, 1, 1, 1, 2, 1, 2, 1, 1, 1, 1, 3, 2, 3, 0, 4, 0, 1, 1, 0, 3, 2, 2, 4, 0, 1, 1, 3, 2, 0, 1, 2, 2, 1, 4, 0, 3, 2, 1, 1, 2, 1, 3, 1, 1, 2, 3, 0, 4, 3, 1, 4, 1, 1, 2, 4, 1, 2, 1, 1, 3, 1, 3, 1, 1, 1, 1, 1, 1, 1, 1, 2, 3, 1, 1, 2, 1, 2, 2, 3, 1]|[0, 2, 1, 1, 3, 3, 0, 1, 0, 0, 0, 0, 1, 0, 1, 0, 0, 3, 1, 0, 0, 0, 3, 1, 0, 2, 0, 0, 0, 1, 0, 0, 0, 0, 3, 0, 1, 0, 0, 2, 1, 1, 2, 0, 0, 0, 0, 1, 1, 0, 0, 0, 1, 3, 0, 0, 1, 0, 0, 1, 0, 2, 0, 1, 1, 2, 1, 0, 0, 1, 1, 3, 0, 1, 3, 0, 1, 0, 0, 2, 0, 0, 0, 0, 1, 0, 0, 0, 0, 0, 1, 2, 0, 1, 0, 1, 0, 0, 0, 0],787.7354273239397,57319.98389756265,87481.7179896983,true
54,G1_CMAX,G1_CMAX,[31, 22, 90, 26, 58, 95, 42, 12, 93, 5, 78, 86, 98, 18, 20, 35, 3, 97, 91, 76, 10, 85, 54, 45, 63, 71, 66, 1, 23, 17, 24, 60, 36, 6, 57, 15, 65, 56, 47, 79, 94, 67, 50, 46, 14, 75, 38, 9, 30, 19, 32, 81, 27, 92, 83, 87, 40, 99, 59, 11, 53, 16, 72, 77, 73, 70, 39, 37, 84, 43, 62, 25, 55, 28, 29, 51, 68, 82, 74, 61, 88, 21, 80, 89, 7, 69, 96, 41, 48, 4, 8, 34, 49, 52, 0, 44, 13, 2, 64, 33]|[1, 1, 1, 1, 0, 2, 1, 1, 2, 2, 2, 1, 0, 1, 2, 2, 1, 2, 0, 1, 2, 2, 2, 0, 0, 1, 2, 1, 2, 1, 2, 1, 1, 0, 1, 1, 0, 2, 2, 1, 1, 0, 0, 0, 0, 1, 1, 1, 1, 2, 1, 2, 2, 0, 0, 2, 1, 0, 0, 2, 0, 1, 2, 2, 1, 1, 1, 1, 1, 1, 0, 1, 1, 0, 0, 0, 0, 0, 2, 1, 1, 0, 0, 1, 1, 1, 2, 2, 0, 1, 1, 2, 0, 1, 0, 0, 0, 0, 2, 2]|[0, 4, 3, 0, 1, 1, 2, 4, 1, 1, 2, 4, 1, 4, 1, 1, 1, 2, 2, 2, 2, 1, 1, 1, 2, 3, 2, 3, 0, 4, 1, 0, 3, 2, 2, 2, 1, 1, 1, 0, 2, 0, 1, 2, 1, 3, 1, 4, 2, 0, 3, 2, 1, 2, 1, 1, 4, 1, 1, 1, 2, 3, 0, 2, 4, 3, 1, 4, 1, 1, 1, 4, 4, 2, 1, 1, 1, 2, 1, 3, 0, 1, 1, 1, 1, 3, 1, 1, 1, 4, 3, 1, 1, 1, 2, 2, 2, 2, 1, 1]|[3, 0, 2, 3, 0, 0, 1, 0, 0, 0, 1, 0, 0, 3, 0, 0, 1, 1, 1, 2, 1, 0, 0, 0, 0, 0, 0, 0, 0, 3, 1, 0, 2, 1, 1, 1, 0, 0, 0, 0, 1, 1, 0, 0, 0, 0, 1, 3, 2, 0, 0, 1, 0, 1, 0, 0, 2, 0, 0, 0, 1, 2, 1, 1, 0, 0, 1, 1, 3, 3, 0, 3, 3, 1, 0, 0, 0, 1, 0, 0, 0, 0, 0, 1, 2, 2, 0, 0, 0, 0, 2, 0, 1, 1, 0, 0, 0, 0, 0, 0],705.0470749739228,58445.79123614564,95781.2895945797,false
54,G4_BALANCED,G4_BALANCED,[31, 22, 82, 15, 26, 58, 95, 42, 77, 12, 47, 5, 30, 78, 86, 54, 85, 63, 18, 44, 20, 35, 43, 97, 91, 76, 10, 93, 21, 45, 71, 64, 1, 23, 17, 83, 24, 14, 60, 36, 6, 57, 40, 88, 65, 56, 79, 94, 67, 68, 46, 75, 38, 9, 19, 32, 81, 41, 27, 62, 90, 99, 59, 87, 11, 66, 72, 73, 70, 39, 37, 84, 3, 92, 25, 55, 28, 29, 51, 7, 33, 61, 98, 16, 89, 50, 48, 96, 53, 80, 4, 8, 34, 49, 52, 0, 13, 2, 69, 74]|[1, 1, 0, 1, 1, 0, 1, 2, 2, 1, 2, 2, 2, 1, 1, 0, 0, 1, 0, 2, 2, 0, 0, 2, 0, 1, 2, 2, 0, 0, 1, 2, 1, 2, 1, 0, 2, 0, 1, 1, 2, 1, 1, 1, 0, 2, 1, 1, 0, 0, 0, 0, 1, 1, 2, 1, 0, 0, 0, 2, 1, 0, 0, 1, 2, 1, 2, 1, 1, 1, 1, 1, 1, 0, 1, 1, 2, 0, 0, 2, 2, 1, 2, 2, 1, 0, 1, 2, 0, 0, 1, 1, 2, 0, 1, 0, 0, 0, 1, 2]|[4, 3, 2, 2, 4, 1, 2, 2, 2, 4, 1, 1, 2, 4, 4, 1, 2, 4, 2, 1, 1, 1, 1, 2, 1, 2, 1, 1, 2, 1, 3, 2, 3, 1, 4, 0, 1, 1, 0, 3, 2, 2, 2, 0, 1, 1, 0, 4, 0, 1, 2, 2, 1, 4, 0, 3, 1, 1, 1, 1, 3, 1, 1, 1, 1, 3, 1, 4, 3, 1, 4, 1, 1, 2, 4, 4, 1, 1, 1, 1, 1, 3, 1, 1, 1, 1, 3, 1, 2, 1, 4, 3, 1, 1, 1, 2, 2, 2, 4, 1]|[0, 2, 1, 1, 3, 0, 1, 0, 0, 0, 0, 0, 1, 0, 1, 0, 0, 3, 1, 0, 0, 0, 0, 1, 0, 2, 0, 0, 0, 1, 0, 0, 0, 0, 3, 0, 1, 0, 0, 2, 1, 1, 1, 0, 0, 0, 0, 2, 1, 0, 0, 0, 1, 3, 0, 0, 0, 0, 0, 0, 2, 0, 0, 1, 0, 2, 0, 0, 0, 1, 1, 3, 1, 1, 3, 3, 0, 0, 0, 0, 0, 0, 0, 0, 1, 0, 0, 0, 1, 0, 0, 2, 0, 1, 1, 0, 0, 0, 2, 0],789.2633648838897,55267.56724064511,98962.05901394336,false
54,G2_TEC,G2_TEC,[31, 94, 82, 15, 26, 9, 95, 42, 77, 68, 47, 5, 93, 78, 86, 54, 85, 63, 18, 44, 20, 49, 36, 14, 74, 50, 53, 17, 21, 28, 11, 64, 3, 23, 30, 83, 24, 41, 40, 52, 65, 27, 90, 70, 39, 87, 48, 69, 99, 4, 98, 1, 13, 56, 97, 59, 45, 8, 73, 37, 35, 79, 71, 66, 76, 32, 60, 80, 58, 6, 67, 61, 33, 7, 57, 34, 12, 16, 10, 22, 96, 88, 43, 81, 91, 2, 84, 29, 92, 19, 89, 55, 51, 46, 25, 75, 38, 72, 62, 0]|[2, 1, 2, 1, 1, 2, 1, 1, 1, 1, 1, 0, 2, 2, 1, 2, 0, 0, 0, 2, 2, 1, 0, 2, 0, 2, 2, 1, 0, 1, 1, 1, 0, 0, 1, 0, 2, 1, 2, 2, 0, 0, 1, 1, 0, 2, 0, 2, 1, 0, 2, 2, 0, 2, 2, 0, 1, 1, 0, 0, 2, 1, 1, 2, 2, 0, 2, 2, 2, 1, 2, 1, 1, 2, 0, 1, 1, 2, 1, 2, 0, 1, 1, 1, 1, 0, 0, 1, 0, 1, 1, 0, 1, 0, 1, 0, 0, 1, 1, 0]|[0, 3, 0, 3, 4, 1, 4, 4, 4, 4, 3, 2, 1, 0, 2, 1, 1, 1, 2, 1, 1, 3, 0, 1, 0, 1, 1, 4, 1, 4, 3, 2, 2, 0, 4, 1, 1, 4, 1, 1, 2, 1, 4, 4, 1, 1, 0, 1, 3, 2, 1, 1, 2, 1, 1, 2, 4, 3, 0, 2, 1, 3, 3, 1, 1, 2, 1, 1, 1, 4, 1, 3, 4, 1, 2, 4, 3, 1, 3, 1, 2, 4, 4, 4, 3, 2, 2, 3, 2, 4, 4, 2, 3, 2, 4, 2, 2, 4, 3, 2]|[0, 2, 0, 0, 3, 0, 1, 3, 1, 0, 2, 0, 1, 0, 1, 0, 0, 0, 1, 0, 0, 2, 0, 0, 1, 0, 0, 3, 0, 1, 0, 2, 0, 0, 3, 0, 1, 1, 0, 0, 0, 0, 1, 3, 0, 0, 1, 0, 2, 0, 0, 0, 0, 0, 1, 0, 1, 0, 1, 1, 0, 2, 0, 0, 0, 0, 0, 0, 0, 2, 0, 0, 1, 0, 0, 1, 0, 0, 3, 0, 0, 1, 2, 2, 0, 0, 0, 3, 0, 1, 1, 0, 0, 0, 3, 0, 0, 1, 0, 0],910.6016522559228,48441.78517559203,107030.90942221809,false
54,G3_TWC,G4_BALANCED,[31, 22, 42, 15, 26, 58, 95, 82, 77, 12, 47, 5, 93, 78, 98, 54, 85, 63, 18, 44, 20, 35, 43, 97, 91, 76, 10, 30, 21, 45, 71, 64, 1, 23, 17, 83, 24, 61, 60, 49, 6, 57, 94, 88, 65, 56, 79, 40, 67, 68, 46, 75, 38, 9, 19, 32, 81, 41, 27, 62, 87, 90, 99, 59, 53, 16, 72, 73, 70, 39, 37, 84, 3, 92, 25, 74, 28, 0, 51, 7, 11, 14, 86, 48, 89, 50, 66, 96, 33, 80, 4, 8, 55, 36, 29, 52, 13, 2, 69, 34]|[1, 1, 0, 1, 1, 1, 2, 1, 2, 1, 2, 2, 2, 1, 1, 0, 0, 1, 0, 2, 2, 0, 1, 2, 0, 1, 2, 2, 0, 0, 1, 2, 1, 0, 1, 0, 2, 0, 1, 1, 0, 1, 1, 1, 0, 2, 1, 1, 0, 0, 0, 0, 1, 1, 2, 1, 2, 0, 0, 0, 2, 1, 0, 1, 0, 1, 2, 1, 1, 1, 1, 1, 2, 0, 1, 2, 0, 0, 0, 1, 2, 1, 0, 0, 1, 0, 0, 2, 2, 0, 0, 1, 2, 0, 0, 1, 0, 0, 1, 2]|[4, 3, 2, 2, 0, 0, 2, 2, 2, 4, 1, 1, 2, 4, 4, 1, 1, 4, 2, 1, 1, 1, 1, 2, 1, 2, 1, 1, 1, 1, 3, 2, 3, 0, 4, 0, 1, 1, 0, 3, 2, 2, 4, 0, 1, 1, 3, 2, 0, 1, 2, 2, 1, 4, 0, 3, 2, 1, 1, 2, 1, 3, 1, 1, 2, 3, 0, 4, 3, 1, 4, 1, 1, 2, 4, 1, 2, 1, 1, 3, 1, 3, 1, 1, 1, 1, 1, 1, 1, 1, 2, 3, 1, 1, 2, 1, 2, 2, 3, 1]|[0, 2, 1, 1, 3, 3, 0, 1, 0, 0, 0, 0, 1, 0, 1, 0, 0, 3, 1, 0, 0, 0, 3, 1, 0, 2, 0, 0, 0, 1, 0, 0, 0, 0, 3, 0, 1, 0, 0, 2, 1, 1, 2, 0, 0, 0, 0, 1, 1, 0, 0, 0, 1, 3, 0, 0, 1, 0, 0, 1, 0, 2, 0, 1, 1, 2, 1, 0, 0, 1, 1, 3, 0, 1, 3, 0, 1, 0, 0, 2, 0, 0, 0, 0, 1, 0, 0, 0, 0, 0, 1, 2, 0, 1, 0, 1, 0, 0, 0, 0],787.7354273239397,57319.98389756265,87481.7179896983,true
54,G1_CMAX,G1_CMAX,[31, 22, 90, 26, 58, 95, 42, 12, 93, 5, 78, 86, 98, 18, 20, 35, 3, 97, 91, 76, 10, 85, 54, 45, 63, 71, 66, 1, 23, 17, 24, 60, 36, 6, 57, 15, 65, 56, 47, 79, 94, 67, 50, 46, 14, 75, 38, 9, 30, 19, 32, 81, 27, 92, 83, 87, 40, 99, 59, 11, 53, 16, 72, 77, 73, 70, 39, 37, 84, 43, 62, 25, 55, 28, 29, 51, 68, 82, 74, 61, 88, 21, 80, 89, 7, 69, 96, 41, 48, 4, 8, 34, 49, 52, 0, 44, 13, 2, 64, 33]|[1, 1, 1, 1, 0, 2, 1, 1, 2, 2, 2, 1, 0, 1, 2, 2, 1, 2, 0, 1, 2, 2, 2, 0, 0, 1, 2, 1, 2, 1, 2, 1, 1, 0, 1, 1, 0, 2, 2, 1, 1, 0, 0, 0, 0, 1, 1, 1, 1, 2, 1, 2, 2, 0, 0, 2, 1, 0, 0, 2, 0, 1, 2, 2, 1, 1, 1, 1, 1, 1, 0, 1, 1, 0, 0, 0, 0, 0, 2, 1, 1, 0, 0, 1, 1, 1, 2, 2, 0, 1, 1, 2, 0, 1, 0, 0, 0, 0, 2, 2]|[0, 4, 3, 0, 1, 1, 2, 4, 1, 1, 2, 4, 1, 4, 1, 1, 1, 2, 2, 2, 2, 1, 1, 1, 2, 3, 2, 3, 0, 4, 1, 0, 3, 2, 2, 2, 1, 1, 1, 0, 2, 0, 1, 2, 1, 3, 1, 4, 2, 0, 3, 2, 1, 2, 1, 1, 4, 1, 1, 1, 2, 3, 0, 2, 4, 3, 1, 4, 1, 1, 1, 4, 4, 2, 1, 1, 1, 2, 1, 3, 0, 1, 1, 1, 1, 3, 1, 1, 1, 4, 3, 1, 1, 1, 2, 2, 2, 2, 1, 1]|[3, 0, 2, 3, 0, 0, 1, 0, 0, 0, 1, 0, 0, 3, 0, 0, 1, 1, 1, 2, 1, 0, 0, 0, 0, 0, 0, 0, 0, 3, 1, 0, 2, 1, 1, 1, 0, 0, 0, 0, 1, 1, 0, 0, 0, 0, 1, 3, 2, 0, 0, 1, 0, 1, 0, 0, 2, 0, 0, 0, 1, 2, 1, 1, 0, 0, 1, 1, 3, 3, 0, 3, 3, 1, 0, 0, 0, 1, 0, 0, 0, 0, 0, 1, 2, 2, 0, 0, 0, 0, 2, 0, 1, 1, 0, 0, 0, 0, 0, 0],705.0470749739228,58445.79123614564,95781.2895945797,false
54,G4_BALANCED,G4_BALANCED,[31, 22, 82, 15, 26, 9, 95, 42, 77, 68, 47, 5, 93, 78, 86, 54, 85, 63, 18, 44, 20, 49, 36, 14, 74, 50, 53, 17, 21, 28, 11, 64, 3, 23, 30, 83, 24, 41, 40, 52, 65, 27, 90, 70, 39, 58, 48, 69, 99, 4, 46, 1, 13, 87, 97, 59, 45, 8, 73, 37, 35, 79, 71, 66, 76, 32, 60, 80, 56, 6, 67, 61, 33, 7, 57, 34, 12, 16, 10, 98, 96, 88, 43, 81, 91, 2, 84, 29, 92, 19, 51, 89, 25, 55, 72, 94, 75, 38, 62, 0]|[2, 1, 2, 1, 1, 2, 1, 1, 1, 1, 1, 0, 2, 2, 1, 2, 0, 0, 0, 2, 2, 1, 0, 2, 0, 2, 2, 1, 0, 1, 1, 1, 0, 0, 1, 0, 2, 1, 2, 2, 0, 0, 1, 1, 0, 2, 0, 2, 1, 0, 0, 2, 0, 2, 2, 0, 1, 1, 0, 0, 2, 1, 1, 2, 2, 0, 2, 2, 2, 1, 2, 1, 1, 2, 0, 1, 1, 2, 1, 2, 0, 1, 1, 1, 1, 0, 0, 1, 0, 1, 1, 1, 1, 0, 1, 2, 0, 0, 1, 0]|[0, 3, 0, 3, 4, 1, 4, 4, 4, 4, 3, 2, 1, 0, 2, 1, 1, 1, 2, 1, 1, 3, 0, 1, 0, 1, 1, 4, 1, 4, 3, 2, 2, 0, 4, 1, 1, 4, 1, 1, 2, 1, 4, 4, 1, 1, 0, 1, 3, 2, 2, 1, 2, 1, 1, 2, 4, 3, 0, 2, 2, 3, 3, 1, 1, 2, 1, 1, 1, 4, 1, 3, 4, 1, 2, 4, 3, 1, 3, 1, 2, 4, 4, 4, 3, 2, 2, 3, 2, 4, 3, 4, 4, 2, 4, 1, 2, 2, 3, 2]|[0, 2, 0, 0, 3, 0, 1, 3, 1, 0, 2, 0, 0, 0, 1, 0, 0, 0, 1, 0, 0, 2, 0, 0, 1, 0, 0, 3, 0, 1, 0, 2, 0, 0, 3, 0, 1, 1, 0, 0, 0, 0, 1, 3, 0, 0, 1, 0, 2, 0, 0, 0, 0, 0, 1, 0, 1, 0, 1, 1, 0, 2, 0, 0, 0, 0, 0, 0, 0, 2, 0, 0, 1, 0, 0, 1, 0, 0, 3, 0, 0, 1, 2, 1, 0, 0, 0, 3, 0, 1, 0, 1, 3, 0, 1, 0, 0, 0, 0, 0],908.000918671041,48296.18215425681,108897.69022964485,false
54,G2_TEC,G2_TEC,[31, 94, 82, 15, 26, 9, 95, 42, 77, 68, 47, 5, 93, 78, 86, 54, 85, 63, 18, 44, 20, 49, 36, 14, 74, 50, 53, 17, 21, 28, 11, 64, 3, 23, 30, 83, 24, 41, 40, 52, 65, 27, 90, 70, 39, 87, 48, 69, 99, 4, 98, 1, 13, 56, 97, 59, 45, 8, 73, 37, 35, 79, 71, 66, 76, 32, 60, 80, 58, 6, 67, 61, 33, 7, 57, 34, 12, 16, 10, 22, 96, 88, 43, 81, 91, 2, 84, 29, 92, 19, 89, 55, 51, 46, 25, 75, 38, 72, 62, 0]|[2, 1, 2, 1, 1, 2, 1, 1, 1, 1, 1, 0, 2, 2, 1, 2, 0, 0, 0, 2, 2, 1, 0, 2, 0, 2, 2, 1, 0, 1, 1, 1, 0, 0, 1, 0, 2, 1, 2, 2, 0, 0, 1, 1, 0, 2, 0, 2, 1, 0, 2, 2, 0, 2, 2, 0, 1, 1, 0, 0, 2, 1, 1, 2, 2, 0, 2, 2, 2, 1, 2, 1, 1, 2, 0, 1, 1, 2, 1, 2, 0, 1, 1, 1, 1, 0, 0, 1, 0, 1, 1, 0, 1, 0, 1, 0, 0, 1, 1, 0]|[0, 3, 0, 3, 4, 1, 4, 4, 4, 4, 3, 2, 1, 0, 2, 1, 1, 1, 2, 1, 1, 3, 0, 1, 0, 1, 1, 4, 1, 4, 3, 2, 2, 0, 4, 1, 1, 4, 1, 1, 2, 1, 4, 4, 1, 1, 0, 1, 3, 2, 1, 1, 2, 1, 1, 2, 4, 3, 0, 2, 1, 3, 3, 1, 1, 2, 1, 1, 1, 4, 1, 3, 4, 1, 2, 4, 3, 1, 3, 1, 2, 4, 4, 4, 3, 2, 2, 3, 2, 4, 4, 2, 3, 2, 4, 2, 2, 4, 3, 2]|[0, 2, 0, 0, 3, 0, 1, 3, 1, 0, 2, 0, 1, 0, 1, 0, 0, 0, 1, 0, 0, 2, 0, 0, 1, 0, 0, 3, 0, 1, 0, 2, 0, 0, 3, 0, 1, 1, 0, 0, 0, 0, 1, 3, 0, 0, 1, 0, 2, 0, 0, 0, 0, 0, 1, 0, 1, 0, 1, 1, 0, 2, 0, 0, 0, 0, 0, 0, 0, 2, 0, 0, 1, 0, 0, 1, 0, 0, 3, 0, 0, 1, 2, 2, 0, 0, 0, 3, 0, 1, 1, 0, 0, 0, 3, 0, 0, 1, 0, 0],910.6016522559228,48441.78517559203,107030.90942221809,false
54,G3_TWC,G4_BALANCED,[31, 22, 42, 15, 26, 58, 95, 82, 77, 12, 47, 5, 93, 78, 98, 54, 85, 63, 18, 44, 20, 35, 43, 97, 91, 76, 10, 30, 21, 45, 71, 64, 1, 23, 17, 83, 24, 61, 60, 49, 6, 57, 94, 88, 65, 56, 79, 40, 67, 68, 46, 75, 38, 9, 19, 32, 81, 41, 27, 62, 87, 90, 99, 59, 53, 16, 72, 73, 70, 39, 37, 84, 3, 92, 25, 74, 28, 0, 51, 7, 11, 14, 86, 48, 89, 50, 66, 96, 33, 80, 4, 8, 55, 36, 29, 52, 13, 2, 69, 34]|[1, 1, 0, 1, 1, 1, 2, 1, 2, 1, 2, 2, 2, 1, 1, 0, 0, 1, 0, 2, 2, 0, 1, 2, 0, 1, 2, 2, 0, 0, 1, 2, 1, 0, 1, 0, 2, 0, 1, 1, 0, 1, 1, 1, 0, 2, 1, 1, 0, 0, 0, 0, 1, 1, 2, 1, 2, 0, 0, 0, 2, 1, 0, 1, 0, 1, 2, 1, 1, 1, 1, 1, 2, 0, 1, 2, 0, 0, 0, 1, 2, 1, 0, 0, 1, 0, 0, 2, 2, 0, 0, 1, 2, 0, 0, 1, 0, 0, 1, 2]|[4, 3, 2, 2, 0, 0, 2, 2, 2, 4, 1, 1, 2, 4, 4, 1, 1, 4, 2, 1, 1, 1, 1, 2, 1, 2, 1, 1, 1, 1, 3, 2, 3, 0, 4, 0, 1, 1, 0, 3, 2, 2, 4, 0, 1, 1, 3, 2, 0, 1, 2, 2, 1, 4, 0, 3, 2, 1, 1, 2, 1, 3, 1, 1, 2, 3, 0, 4, 3, 1, 4, 1, 1, 2, 4, 1, 2, 1, 1, 3, 1, 3, 1, 1, 1, 1, 1, 1, 1, 1, 2, 3, 1, 1, 2, 1, 2, 2, 3, 1]|[0, 2, 1, 1, 3, 3, 0, 1, 0, 0, 0, 0, 1, 0, 1, 0, 0, 3, 1, 0, 0, 0, 3, 1, 0, 2, 0, 0, 0, 1, 0, 0, 0, 0, 3, 0, 1, 0, 0, 2, 1, 1, 2, 0, 0, 0, 0, 1, 1, 0, 0, 0, 1, 3, 0, 0, 1, 0, 0, 1, 0, 2, 0, 1, 1, 2, 1, 0, 0, 1, 1, 3, 0, 1, 3, 0, 1, 0, 0, 2, 0, 0, 0, 0, 1, 0, 0, 0, 0, 0, 1, 2, 0, 1, 0, 1, 0, 0, 0, 0],787.7354273239397,57319.98389756265,87481.7179896983,true
54,G1_CMAX,G1_CMAX,[31, 22, 90, 26, 58, 95, 42, 12, 93, 5, 78, 86, 98, 18, 20, 35, 3, 97, 91, 76, 10, 85, 54, 45, 63, 71, 66, 1, 23, 17, 24, 60, 36, 6, 57, 15, 65, 56, 47, 79, 94, 67, 50, 46, 14, 75, 38, 9, 30, 19, 32, 81, 27, 92, 83, 87, 40, 99, 59, 11, 53, 16, 72, 77, 73, 70, 39, 37, 84, 43, 62, 25, 55, 28, 29, 51, 68, 82, 74, 61, 88, 21, 80, 89, 7, 69, 96, 41, 48, 4, 8, 34, 49, 52, 0, 44, 13, 2, 64, 33]|[1, 1, 1, 1, 0, 2, 1, 1, 2, 2, 2, 1, 0, 1, 2, 2, 1, 2, 0, 1, 2, 2, 2, 0, 0, 1, 2, 1, 2, 1, 2, 1, 1, 0, 1, 1, 0, 2, 2, 1, 1, 0, 0, 0, 0, 1, 1, 1, 1, 2, 1, 2, 2, 0, 0, 2, 1, 0, 0, 2, 0, 1, 2, 2, 1, 1, 1, 1, 1, 1, 0, 1, 1, 0, 0, 0, 0, 0, 2, 1, 1, 0, 0, 1, 1, 1, 2, 2, 0, 1, 1, 2, 0, 1, 0, 0, 0, 0, 2, 2]|[0, 4, 3, 0, 1, 1, 2, 4, 1, 1, 2, 4, 1, 4, 1, 1, 1, 2, 2, 2, 2, 1, 1, 1, 2, 3, 2, 3, 0, 4, 1, 0, 3, 2, 2, 2, 1, 1, 1, 0, 2, 0, 1, 2, 1, 3, 1, 4, 2, 0, 3, 2, 1, 2, 1, 1, 4, 1, 1, 1, 2, 3, 0, 2, 4, 3, 1, 4, 1, 1, 1, 4, 4, 2, 1, 1, 1, 2, 1, 3, 0, 1, 1, 1, 1, 3, 1, 1, 1, 4, 3, 1, 1, 1, 2, 2, 2, 2, 1, 1]|[3, 0, 2, 3, 0, 0, 1, 0, 0, 0, 1, 0, 0, 3, 0, 0, 1, 1, 1, 2, 1, 0, 0, 0, 0, 0, 0, 0, 0, 3, 1, 0, 2, 1, 1, 1, 0, 0, 0, 0, 1, 1, 0, 0, 0, 0, 1, 3, 2, 0, 0, 1, 0, 1, 0, 0, 2, 0, 0, 0, 1, 2, 1, 1, 0, 0, 1, 1, 3, 3, 0, 3, 3, 1, 0, 0, 0, 1, 0, 0, 0, 0, 0, 1, 2, 2, 0, 0, 0, 0, 2, 0, 1, 1, 0, 0, 0, 0, 0, 0],705.0470749739228,58445.79123614564,95781.2895945797,false
54,G4_BALANCED,G4_BALANCED,[31, 22, 42, 15, 26, 58, 95, 82, 77, 12, 47, 5, 93, 78, 98, 54, 85, 63, 18, 44, 20, 35, 43, 97, 91, 76, 10, 30, 21, 45, 71, 64, 1, 23, 17, 83, 24, 61, 60, 36, 6, 57, 94, 88, 65, 56, 79, 40, 67, 68, 46, 75, 38, 9, 19, 32, 81, 41, 27, 62, 87, 90, 99, 59, 53, 16, 72, 73, 70, 39, 37, 84, 3, 92, 25, 74, 28, 29, 51, 7, 49, 14, 86, 48, 89, 50, 66, 96, 11, 80, 4, 2, 55, 33, 0, 52, 13, 8, 69, 34]|[1, 1, 0, 1, 1, 1, 2, 1, 2, 1, 2, 2, 2, 1, 1, 0, 0, 1, 0, 2, 2, 0, 1, 2, 0, 1, 2, 2, 0, 0, 1, 2, 1, 2, 1, 0, 2, 0, 1, 1, 0, 1, 1, 1, 0, 2, 1, 1, 0, 0, 0, 0, 1, 1, 2, 1, 2, 0, 0, 0, 2, 1, 0, 1, 2, 1, 2, 1, 1, 1, 1, 1, 2, 0, 1, 2, 0, 0, 0, 1, 2, 1, 0, 0, 1, 0, 2, 0, 0, 0, 0, 0, 1, 2, 0, 1, 0, 1, 1, 2]|[4, 3, 2, 2, 0, 0, 2, 2, 2, 4, 1, 1, 2, 4, 4, 1, 1, 4, 2, 1, 1, 1, 1, 2, 1, 2, 1, 1, 1, 1, 3, 2, 3, 0, 4, 0, 1, 1, 0, 3, 2, 2, 4, 0, 1, 1, 3, 2, 0, 1, 2, 2, 1, 4, 0, 3, 2, 1, 1, 2, 1, 3, 1, 1, 1, 3, 0, 4, 3, 1, 4, 1, 1, 2, 4, 1, 2, 1, 1, 3, 1, 3, 1, 1, 1, 1, 1, 1, 2, 1, 2, 2, 4, 1, 2, 1, 2, 3, 4, 1]|[0, 2, 1, 1, 3, 3, 0, 1, 0, 0, 0, 0, 1, 0, 1, 0, 0, 3, 1, 0, 0, 0, 3, 1, 0, 2, 0, 0, 0, 1, 0, 0, 0, 0, 3, 0, 1, 0, 0, 2, 1, 1, 2, 0, 0, 0, 0, 1, 1, 0, 0, 0, 1, 3, 0, 0, 1, 0, 0, 1, 0, 2, 0, 1, 0, 2, 1, 0, 0, 1, 1, 3, 0, 1, 3, 0, 1, 0, 0, 2, 0, 0, 0, 0, 1, 0, 0, 0, 1, 0, 1, 0, 3, 0, 0, 1, 0, 2, 2, 0],786.4589110950276,56999.27996490126,89368.98034345492,false
54,G2_TEC,G2_TEC,[31, 94, 82, 15, 26, 9, 95, 42, 77, 68, 47, 5, 93, 78, 86, 54, 85, 63, 18, 44, 20, 49, 36, 14, 74, 50, 53, 17, 21, 28, 11, 64, 3, 23, 30, 83, 24, 41, 40, 52, 65, 27, 90, 70, 39, 87, 48, 69, 99, 4, 98, 1, 13, 56, 97, 59, 45, 8, 73, 37, 35, 79, 71, 66, 76, 32, 60, 80, 58, 6, 67, 61, 33, 7, 57, 34, 12, 16, 10, 22, 96, 88, 43, 81, 91, 2, 84, 29, 92, 19, 89, 55, 51, 46, 25, 75, 38, 72, 62, 0]|[2, 1, 2, 1, 1, 2, 1, 1, 1, 1, 1, 0, 2, 2, 1, 2, 0, 0, 0, 2, 2, 1, 0, 2, 0, 2, 2, 1, 0, 1, 1, 1, 0, 0, 1, 0, 2, 1, 2, 2, 0, 0, 1, 1, 0, 2, 0, 2, 1, 0, 2, 2, 0, 2, 2, 0, 1, 1, 0, 0, 2, 1, 1, 2, 2, 0, 2, 2, 2, 1, 2, 1, 1, 2, 0, 1, 1, 2, 1, 2, 0, 1, 1, 1, 1, 0, 0, 1, 0, 1, 1, 0, 1, 0, 1, 0, 0, 1, 1, 0]|[0, 3, 0, 3, 4, 1, 4, 4, 4, 4, 3, 2, 1, 0, 2, 1, 1, 1, 2, 1, 1, 3, 0, 1, 0, 1, 1, 4, 1, 4, 3, 2, 2, 0, 4, 1, 1, 4, 1, 1, 2, 1, 4, 4, 1, 1, 0, 1, 3, 2, 1, 1, 2, 1, 1, 2, 4, 3, 0, 2, 1, 3, 3, 1, 1, 2, 1, 1, 1, 4, 1, 3, 4, 1, 2, 4, 3, 1, 3, 1, 2, 4, 4, 4, 3, 2, 2, 3, 2, 4, 4, 2, 3, 2, 4, 2, 2, 4, 3, 2]|[0, 2, 0, 0, 3, 0, 1, 3, 1, 0, 2, 0, 1, 0, 1, 0, 0, 0, 1, 0, 0, 2, 0, 0, 1, 0, 0, 3, 0, 1, 0, 2, 0, 0, 3, 0, 1, 1, 0, 0, 0, 0, 1, 3, 0, 0, 1, 0, 2, 0, 0, 0, 0, 0, 1, 0, 1, 0, 1, 1, 0, 2, 0, 0, 0, 0, 0, 0, 0, 2, 0, 0, 1, 0, 0, 1, 0, 0, 3, 0, 0, 1, 2, 2, 0, 0, 0, 3, 0, 1, 1, 0, 0, 0, 3, 0, 0, 1, 0, 0],910.6016522559228,48441.78517559203,107030.90942221809,false
54,G3_TWC,G4_BALANCED,[31, 22, 42, 15, 26, 58, 95, 82, 77, 12, 47, 5, 93, 78, 98, 54, 85, 63, 18, 44, 20, 35, 43, 97, 91, 76, 10, 30, 21, 45, 71, 64, 1, 23, 17, 83, 24, 61, 60, 49, 6, 57, 94, 88, 65, 56, 79, 40, 67, 68, 46, 75, 38, 9, 19, 32, 81, 41, 27, 62, 87, 90, 99, 59, 53, 16, 72, 73, 70, 39, 37, 84, 3, 92, 25, 74, 28, 0, 51, 7, 11, 14, 86, 48, 89, 50, 66, 96, 33, 80, 4, 8, 55, 36, 29, 52, 13, 2, 69, 34]|[1, 1, 0, 1, 1, 1, 2, 1, 2, 1, 2, 2, 2, 1, 1, 0, 0, 1, 0, 2, 2, 0, 1, 2, 0, 1, 2, 2, 0, 0, 1, 2, 1, 0, 1, 0, 2, 0, 1, 1, 0, 1, 1, 1, 0, 2, 1, 1, 0, 0, 0, 0, 1, 1, 2, 1, 2, 0, 0, 0, 2, 1, 0, 1, 0, 1, 2, 1, 1, 1, 1, 1, 2, 0, 1, 2, 0, 0, 0, 1, 2, 1, 0, 0, 1, 0, 0, 2, 2, 0, 0, 1, 2, 0, 0, 1, 0, 0, 1, 2]|[4, 3, 2, 2, 0, 0, 2, 2, 2, 4, 1, 1, 2, 4, 4, 1, 1, 4, 2, 1, 1, 1, 1, 2, 1, 2, 1, 1, 1, 1, 3, 2, 3, 0, 4, 0, 1, 1, 0, 3, 2, 2, 4, 0, 1, 1, 3, 2, 0, 1, 2, 2, 1, 4, 0, 3, 2, 1, 1, 2, 1, 3, 1, 1, 2, 3, 0, 4, 3, 1, 4, 1, 1, 2, 4, 1, 2, 1, 1, 3, 1, 3, 1, 1, 1, 1, 1, 1, 1, 1, 2, 3, 1, 1, 2, 1, 2, 2, 3, 1]|[0, 2, 1, 1, 3, 3, 0, 1, 0, 0, 0, 0, 1, 0, 1, 0, 0, 3, 1, 0, 0, 0, 3, 1, 0, 2, 0, 0, 0, 1, 0, 0, 0, 0, 3, 0, 1, 0, 0, 2, 1, 1, 2, 0, 0, 0, 0, 1, 1, 0, 0, 0, 1, 3, 0, 0, 1, 0, 0, 1, 0, 2, 0, 1, 1, 2, 1, 0, 0, 1, 1, 3, 0, 1, 3, 0, 1, 0, 0, 2, 0, 0, 0, 0, 1, 0, 0, 0, 0, 0, 1, 2, 0, 1, 0, 1, 0, 0, 0, 0],787.7354273239397,57319.98389756265,87481.7179896983,true
54,G1_CMAX,G1_CMAX,[31, 22, 90, 26, 58, 95, 42, 12, 93, 5, 78, 86, 98, 18, 20, 35, 3, 97, 91, 76, 10, 85, 54, 45, 63, 71, 66, 1, 23, 17, 24, 60, 36, 6, 57, 15, 65, 56, 47, 79, 94, 67, 50, 46, 14, 75, 38, 9, 30, 19, 32, 81, 27, 92, 83, 87, 40, 99, 59, 11, 53, 16, 72, 77, 73, 70, 39, 37, 84, 43, 62, 25, 55, 28, 29, 51, 68, 82, 74, 61, 88, 21, 80, 89, 7, 69, 96, 41, 48, 4, 8, 34, 49, 52, 0, 44, 13, 2, 64, 33]|[1, 1, 1, 1, 0, 2, 1, 1, 2, 2, 2, 1, 0, 1, 2, 2, 1, 2, 0, 1, 2, 2, 2, 0, 0, 1, 2, 1, 2, 1, 2, 1, 1, 0, 1, 1, 0, 2, 2, 1, 1, 0, 0, 0, 0, 1, 1, 1, 1, 2, 1, 2, 2, 0, 0, 2, 1, 0, 0, 2, 0, 1, 2, 2, 1, 1, 1, 1, 1, 1, 0, 1, 1, 0, 0, 0, 0, 0, 2, 1, 1, 0, 0, 1, 1, 1, 2, 2, 0, 1, 1, 2, 0, 1, 0, 0, 0, 0, 2, 2]|[0, 4, 3, 0, 1, 1, 2, 4, 1, 1, 2, 4, 1, 4, 1, 1, 1, 2, 2, 2, 2, 1, 1, 1, 2, 3, 2, 3, 0, 4, 1, 0, 3, 2, 2, 2, 1, 1, 1, 0, 2, 0, 1, 2, 1, 3, 1, 4, 2, 0, 3, 2, 1, 2, 1, 1, 4, 1, 1, 1, 2, 3, 0, 2, 4, 3, 1, 4, 1, 1, 1, 4, 4, 2, 1, 1, 1, 2, 1, 3, 0, 1, 1, 1, 1, 3, 1, 1, 1, 4, 3, 1, 1, 1, 2, 2, 2, 2, 1, 1]|[3, 0, 2, 3, 0, 0, 1, 0, 0, 0, 1, 0, 0, 3, 0, 0, 1, 1, 1, 2, 1, 0, 0, 0, 0, 0, 0, 0, 0, 3, 1, 0, 2, 1, 1, 1, 0, 0, 0, 0, 1, 1, 0, 0, 0, 0, 1, 3, 2, 0, 0, 1, 0, 1, 0, 0, 2, 0, 0, 0, 1, 2, 1, 1, 0, 0, 1, 1, 3, 3, 0, 3, 3, 1, 0, 0, 0, 1, 0, 0, 0, 0, 0, 1, 2, 2, 0, 0, 0, 0, 2, 0, 1, 1, 0, 0, 0, 0, 0, 0],705.0470749739228,58445.79123614564,95781.2895945797,false
54,G4_BALANCED,G3_TWC,[31, 22, 42, 15, 26, 58, 95, 82, 77, 12, 47, 5, 93, 78, 98, 54, 85, 63, 18, 44, 20, 35, 43, 97, 91, 76, 10, 30, 21, 45, 71, 64, 1, 23, 17, 83, 24, 61, 60, 49, 6, 57, 94, 88, 65, 56, 79, 40, 67, 68, 46, 75, 38, 9, 19, 32, 81, 41, 27, 62, 87, 90, 99, 59, 53, 16, 72, 73, 70, 39, 37, 84, 3, 92, 25, 74, 28, 0, 51, 7, 11, 14, 86, 66, 89, 50, 48, 96, 33, 80, 4, 8, 34, 36, 55, 52, 13, 2, 69, 29]|[1, 1, 0, 1, 1, 1, 2, 1, 2, 1, 2, 2, 2, 1, 1, 0, 0, 1, 0, 2, 2, 0, 1, 2, 0, 1, 2, 2, 0, 0, 1, 2, 1, 0, 1, 0, 2, 0, 1, 1, 0, 1, 1, 1, 0, 2, 1, 1, 0, 0, 0, 0, 1, 1, 2, 1, 2, 0, 0, 0, 2, 1, 0, 1, 0, 1, 2, 1, 1, 1, 1, 1, 2, 0, 1, 2, 0, 0, 0, 1, 2, 1, 0, 2, 1, 0, 0, 2, 2, 0, 0, 1, 2, 0, 2, 1, 0, 0, 1, 0]|[4, 3, 2, 2, 0, 0, 2, 2, 2, 4, 1, 1, 2, 4, 4, 1, 1, 4, 2, 1, 1, 1, 1, 2, 1, 2, 1, 1, 1, 1, 3, 2, 3, 0, 4, 0, 1, 1, 0, 3, 2, 2, 4, 0, 1, 1, 3, 2, 0, 1, 2, 2, 1, 4, 0, 3, 2, 1, 1, 2, 1, 3, 1, 1, 2, 3, 0, 4, 3, 1, 4, 1, 1, 2, 4, 1, 2, 1, 1, 3, 1, 3, 1, 1, 1, 1, 1, 1, 1, 1, 2, 3, 1, 1, 1, 1, 2, 2, 3, 1]|[0, 2, 1, 1, 3, 3, 0, 1, 0, 0, 0, 0, 1, 0, 1, 0, 0, 3, 1, 0, 0, 0, 3, 1, 0, 2, 0, 0, 0, 1, 0, 0, 0, 0, 3, 0, 1, 0, 0, 2, 1, 1, 2, 0, 0, 0, 0, 1, 1, 0, 0, 0, 1, 3, 0, 0, 1, 0, 0, 1, 0, 2, 0, 1, 1, 2, 1, 0, 0, 1, 1, 3, 0, 1, 3, 0, 1, 0, 0, 2, 0, 0, 0, 0, 1, 0, 0, 0, 0, 0, 1, 2, 0, 1, 0, 1, 0, 0, 0, 0],773.7329326544065,57276.25537916782,87754.88758889219,true
54,G2_TEC,G2_TEC,[31, 94, 82, 15, 26, 9, 95, 42, 77, 68, 47, 5, 93, 78, 86, 54, 85, 63, 18, 44, 20, 49, 36, 14, 74, 50, 53, 17, 21, 28, 11, 64, 3, 23, 30, 83, 24, 41, 40, 52, 65, 27, 90, 70, 39, 87, 48, 69, 99, 4, 98, 1, 13, 56, 97, 59, 45, 8, 73, 37, 35, 79, 71, 66, 76, 32, 60, 80, 58, 6, 67, 61, 33, 7, 57, 34, 12, 16, 10, 22, 96, 88, 43, 81, 91, 2, 84, 29, 92, 19, 89, 55, 51, 46, 25, 75, 38, 72, 62, 0]|[2, 1, 2, 1, 1, 2, 1, 1, 1, 1, 1, 0, 2, 2, 1, 2, 0, 0, 0, 2, 2, 1, 0, 2, 0, 2, 2, 1, 0, 1, 1, 1, 0, 0, 1, 0, 2, 1, 2, 2, 0, 0, 1, 1, 0, 2, 0, 2, 1, 0, 2, 2, 0, 2, 2, 0, 1, 1, 0, 0, 2, 1, 1, 2, 2, 0, 2, 2, 2, 1, 2, 1, 1, 2, 0, 1, 1, 2, 1, 2, 0, 1, 1, 1, 1, 0, 0, 1, 0, 1, 1, 0, 1, 0, 1, 0, 0, 1, 1, 0]|[0, 3, 0, 3, 4, 1, 4, 4, 4, 4, 3, 2, 1, 0, 2, 1, 1, 1, 2, 1, 1, 3, 0, 1, 0, 1, 1, 4, 1, 4, 3, 2, 2, 0, 4, 1, 1, 4, 1, 1, 2, 1, 4, 4, 1, 1, 0, 1, 3, 2, 1, 1, 2, 1, 1, 2, 4, 3, 0, 2, 1, 3, 3, 1, 1, 2, 1, 1, 1, 4, 1, 3, 4, 1, 2, 4, 3, 1, 3, 1, 2, 4, 4, 4, 3, 2, 2, 3, 2, 4, 4, 2, 3, 2, 4, 2, 2, 4, 3, 2]|[0, 2, 0, 0, 3, 0, 1, 3, 1, 0, 2, 0, 1, 0, 1, 0, 0, 0, 1, 0, 0, 2, 0, 0, 1, 0, 0, 3, 0, 1, 0, 2, 0, 0, 3, 0, 1, 1, 0, 0, 0, 0, 1, 3, 0, 0, 1, 0, 2, 0, 0, 0, 0, 0, 1, 0, 1, 0, 1, 1, 0, 2, 0, 0, 0, 0, 0, 0, 0, 2, 0, 0, 1, 0, 0, 1, 0, 0, 3, 0, 0, 1, 2, 2, 0, 0, 0, 3, 0, 1, 1, 0, 0, 0, 3, 0, 0, 1, 0, 0],910.6016522559228,48441.78517559203,107030.90942221809,false
54,G3_TWC,G1_CMAX,[31, 22, 28, 15, 26, 58, 95, 82, 77, 12, 47, 5, 93, 78, 98, 54, 85, 63, 18, 44, 20, 14, 43, 97, 76, 10, 30, 21, 45, 71, 64, 1, 23, 17, 83, 24, 35, 60, 36, 6, 57, 94, 88, 65, 56, 79, 40, 67, 68, 46, 75, 38, 9, 19, 32, 81, 41, 27, 62, 87, 90, 99, 59, 11, 16, 72, 73, 70, 39, 37, 84, 3, 92, 25, 74, 29, 91, 42, 51, 7, 53, 61, 86, 66, 89, 50, 48, 96, 33, 80, 4, 8, 55, 49, 0, 52, 2, 13, 69, 34]|[1, 1, 0, 1, 1, 1, 2, 1, 2, 1, 2, 2, 2, 1, 1, 0, 0, 1, 0, 2, 2, 0, 1, 2, 1, 2, 2, 0, 0, 1, 2, 1, 2, 1, 0, 2, 0, 1, 1, 0, 1, 1, 1, 0, 2, 1, 1, 0, 0, 0, 0, 1, 1, 2, 1, 2, 0, 0, 0, 2, 1, 0, 1, 2, 1, 2, 1, 1, 1, 1, 1, 2, 0, 1, 2, 0, 0, 0, 0, 1, 0, 1, 0, 2, 1, 1, 0, 2, 2, 0, 1, 1, 2, 0, 0, 1, 0, 0, 1, 2]|[4, 3, 2, 2, 0, 0, 2, 2, 2, 4, 1, 1, 2, 4, 4, 1, 1, 4, 2, 1, 1, 1, 1, 2, 2, 1, 1, 1, 1, 3, 2, 3, 0, 4, 0, 1, 1, 0, 3, 2, 2, 4, 0, 1, 1, 3, 2, 0, 1, 2, 2, 1, 4, 0, 3, 2, 1, 1, 2, 1, 3, 1, 1, 1, 3, 0, 4, 3, 1, 4, 1, 1, 2, 4, 1, 1, 1, 2, 1, 3, 2, 3, 1, 1, 1, 3, 1, 1, 1, 1, 4, 3, 1, 1, 2, 1, 2, 2, 3, 1]|[0, 2, 1, 1, 3, 3, 0, 1, 0, 0, 0, 0, 1, 0, 1, 0, 0, 3, 1, 0, 0, 0, 3, 1, 2, 0, 0, 0, 1, 0, 0, 0, 0, 3, 0, 1, 0, 0, 2, 1, 1, 2, 0, 0, 0, 0, 1, 1, 0, 0, 0, 1, 3, 0, 0, 1, 0, 0, 1, 0, 2, 0, 1, 0, 2, 1, 0, 0, 1, 1, 3, 0, 1, 3, 0, 0, 0, 1, 0, 2, 1, 0, 0, 0, 1, 2, 0, 0, 0, 0, 0, 2, 0, 1, 0, 1, 0, 0, 0, 0],728.3465648255482,57191.86946964996,90218.85387989215,true
54,G1_CMAX,G1_CMAX,[31, 22, 90, 26, 58, 95, 42, 12, 93, 5, 78, 86, 98, 18, 20, 35, 3, 97, 91, 76, 10, 85, 54, 45, 63, 71, 66, 1, 23, 17, 24, 60, 36, 6, 57, 15, 65, 56, 47, 79, 94, 67, 50, 46, 14, 75, 38, 9, 30, 19, 32, 81, 27, 92, 83, 87, 40, 99, 59, 11, 53, 16, 72, 77, 73, 70, 39, 37, 84, 43, 62, 25, 55, 28, 29, 51, 68, 82, 74, 61, 88, 21, 80, 89, 7, 69, 96, 41, 48, 4, 8, 34, 49, 52, 0, 44, 13, 2, 64, 33]|[1, 1, 1, 1, 0, 2, 1, 1, 2, 2, 2, 1, 0, 1, 2, 2, 1, 2, 0, 1, 2, 2, 2, 0, 0, 1, 2, 1, 2, 1, 2, 1, 1, 0, 1, 1, 0, 2, 2, 1, 1, 0, 0, 0, 0, 1, 1, 1, 1, 2, 1, 2, 2, 0, 0, 2, 1, 0, 0, 2, 0, 1, 2, 2, 1, 1, 1, 1, 1, 1, 0, 1, 1, 0, 0, 0, 0, 0, 2, 1, 1, 0, 0, 1, 1, 1, 2, 2, 0, 1, 1, 2, 0, 1, 0, 0, 0, 0, 2, 2]|[0, 4, 3, 0, 1, 1, 2, 4, 1, 1, 2, 4, 1, 4, 1, 1, 1, 2, 2, 2, 2, 1, 1, 1, 2, 3, 2, 3, 0, 4, 1, 0, 3, 2, 2, 2, 1, 1, 1, 0, 2, 0, 1, 2, 1, 3, 1, 4, 2, 0, 3, 2, 1, 2, 1, 1, 4, 1, 1, 1, 2, 3, 0, 2, 4, 3, 1, 4, 1, 1, 1, 4, 4, 2, 1, 1, 1, 2, 1, 3, 0, 1, 1, 1, 1, 3, 1, 1, 1, 4, 3, 1, 1, 1, 2, 2, 2, 2, 1, 1]|[3, 0, 2, 3, 0, 0, 1, 0, 0, 0, 1, 0, 0, 3, 0, 0, 1, 1, 1, 2, 1, 0, 0, 0, 0, 0, 0, 0, 0, 3, 1, 0, 2, 1, 1, 1, 0, 0, 0, 0, 1, 1, 0, 0, 0, 0, 1, 3, 2, 0, 0, 1, 0, 1, 0, 0, 2, 0, 0, 0, 1, 2, 1, 1, 0, 0, 1, 1, 3, 3, 0, 3, 3, 1, 0, 0, 0, 1, 0, 0, 0, 0, 0, 1, 2, 2, 0, 0, 0, 0, 2, 0, 1, 1, 0, 0, 0, 0, 0, 0],705.0470749739228,58445.79123614564,95781.2895945797,false
54,G4_BALANCED,G4_BALANCED,[31, 11, 15, 82, 26, 9, 95, 32, 77, 68, 47, 5, 93, 78, 86, 54, 85, 63, 18, 44, 20, 49, 36, 14, 74, 50, 53, 17, 21, 45, 71, 64, 3, 23, 30, 83, 24, 41, 60, 52, 51, 27, 90, 70, 39, 87, 48, 69, 99, 4, 46, 1, 13, 58, 97, 59, 28, 8, 73, 37, 35, 79, 22, 66, 76, 42, 40, 80, 96, 6, 16, 61, 33, 7, 57, 34, 12, 67, 10, 98, 56, 88, 29, 25, 91, 38, 19, 92, 43, 84, 65, 72, 81, 75, 2, 55, 62, 89, 94, 0]|[2, 1, 1, 2, 1, 2, 1, 1, 1, 1, 1, 0, 2, 2, 1, 2, 0, 0, 0, 2, 2, 1, 0, 2, 0, 2, 2, 1, 0, 1, 1, 1, 0, 0, 1, 0, 2, 1, 2, 2, 0, 0, 1, 1, 0, 2, 0, 2, 1, 0, 0, 2, 0, 0, 2, 0, 1, 1, 0, 0, 2, 1, 1, 2, 2, 0, 2, 2, 0, 1, 2, 1, 1, 2, 0, 1, 2, 1, 1, 2, 2, 1, 1, 1, 1, 0, 1, 0, 1, 0, 1, 1, 1, 0, 2, 0, 1, 1, 2, 0]|[1, 3, 2, 0, 4, 1, 4, 4, 2, 4, 3, 2, 1, 0, 2, 1, 1, 1, 2, 1, 1, 3, 0, 1, 0, 1, 1, 4, 1, 4, 3, 2, 2, 0, 4, 1, 1, 4, 0, 1, 2, 1, 4, 4, 1, 1, 0, 2, 3, 1, 2, 1, 2, 1, 1, 2, 4, 3, 0, 2, 2, 3, 3, 0, 1, 2, 0, 1, 2, 4, 1, 3, 4, 1, 2, 4, 1, 3, 3, 1, 1, 4, 3, 4, 3, 2, 4, 2, 4, 2, 3, 4, 1, 2, 1, 2, 3, 4, 1, 2]|[1, 2, 1, 0, 3, 0, 1, 3, 0, 0, 2, 0, 1, 0, 1, 0, 0, 0, 1, 0, 0, 2, 0, 0, 1, 0, 0, 3, 0, 1, 0, 2, 0, 1, 3, 0, 1, 3, 1, 0, 0, 0, 1, 3, 0, 0, 1, 0, 2, 0, 0, 0, 0, 0, 1, 0, 1, 0, 1, 1, 0, 2, 2, 0, 0, 0, 1, 0, 0, 2, 0, 0, 1, 0, 0, 1, 0, 0, 3, 0, 0, 1, 0, 3, 0, 0, 1, 0, 2, 0, 0, 2, 1, 0, 0, 0, 0, 1, 0, 0],850.9632869082183,52431.02217786142,105346.60403335126,false
54,G2_TEC,G2_TEC,[31, 94, 82, 15, 26, 9, 95, 42, 77, 68, 47, 5, 93, 78, 86, 54, 85, 63, 18, 44, 20, 49, 36, 14, 74, 50, 53, 17, 21, 28, 11, 64, 3, 23, 30, 83, 24, 41, 40, 52, 65, 27, 90, 70, 39, 87, 48, 69, 99, 4, 98, 1, 13, 56, 97, 59, 45, 8, 73, 37, 35, 79, 71, 66, 76, 32, 60, 80, 58, 6, 67, 61, 33, 7, 57, 34, 12, 16, 10, 22, 96, 88, 43, 81, 91, 2, 84, 29, 92, 19, 89, 55, 51, 46, 25, 75, 38, 72, 62, 0]|[2, 1, 2, 1, 1, 2, 1, 1, 1, 1, 1, 0, 2, 2, 1, 2, 0, 0, 0, 2, 2, 1, 0, 2, 0, 2, 2, 1, 0, 1, 1, 1, 0, 0, 1, 0, 2, 1, 2, 2, 0, 0, 1, 1, 0, 2, 0, 2, 1, 0, 2, 2, 0, 2, 2, 0, 1, 1, 0, 0, 2, 1, 1, 2, 2, 0, 2, 2, 2, 1, 2, 1, 1, 2, 0, 1, 1, 2, 1, 2, 0, 1, 1, 1, 1, 0, 0, 1, 0, 1, 1, 0, 1, 0, 1, 0, 0, 1, 1, 0]|[0, 3, 0, 3, 4, 1, 4, 4, 4, 4, 3, 2, 1, 0, 2, 1, 1, 1, 2, 1, 1, 3, 0, 1, 0, 1, 1, 4, 1, 4, 3, 2, 2, 0, 4, 1, 1, 4, 1, 1, 2, 1, 4, 4, 1, 1, 0, 1, 3, 2, 1, 1, 2, 1, 1, 2, 4, 3, 0, 2, 1, 3, 3, 1, 1, 2, 1, 1, 1, 4, 1, 3, 4, 1, 2, 4, 3, 1, 3, 1, 2, 4, 4, 4, 3, 2, 2, 3, 2, 4, 4, 2, 3, 2, 4, 2, 2, 4, 3, 2]|[0, 2, 0, 0, 3, 0, 1, 3, 1, 0, 2, 0, 1, 0, 1, 0, 0, 0, 1, 0, 0, 2, 0, 0, 1, 0, 0, 3, 0, 1, 0, 2, 0, 0, 3, 0, 1, 1, 0, 0, 0, 0, 1, 3, 0, 0, 1, 0, 2, 0, 0, 0, 0, 0, 1, 0, 1, 0, 1, 1, 0, 2, 0, 0, 0, 0, 0, 0, 0, 2, 0, 0, 1, 0, 0, 1, 0, 0, 3, 0, 0, 1, 2, 2, 0, 0, 0, 3, 0, 1, 1, 0, 0, 0, 3, 0, 0, 1, 0, 0],910.6016522559228,48441.78517559203,107030.90942221809,false
54,G3_TWC,G3_TWC,[31, 22, 42, 15, 26, 58, 95, 82, 77, 12, 47, 5, 93, 78, 98, 54, 85, 63, 18, 44, 20, 35, 43, 97, 91, 76, 10, 30, 21, 45, 71, 64, 1, 23, 17, 83, 24, 61, 60, 36, 6, 57, 94, 88, 65, 56, 79, 40, 67, 68, 46, 75, 38, 9, 19, 32, 81, 41, 27, 62, 87, 90, 99, 59, 11, 16, 72, 73, 70, 39, 37, 84, 3, 92, 25, 74, 28, 29, 51, 7, 53, 14, 86, 48, 89, 50, 66, 96, 33, 80, 4, 8, 55, 49, 0, 2, 13, 52, 34, 69]|[1, 1, 0, 1, 1, 1, 2, 1, 2, 1, 2, 2, 2, 1, 1, 0, 0, 1, 0, 2, 2, 0, 1, 2, 0, 1, 2, 2, 0, 0, 1, 2, 1, 2, 1, 0, 2, 0, 1, 1, 0, 1, 1, 1, 0, 2, 1, 1, 0, 0, 0, 0, 1, 1, 2, 1, 2, 0, 0, 0, 2, 1, 0, 1, 2, 1, 2, 1, 1, 1, 1, 1, 2, 0, 1, 2, 0, 0, 0, 1, 0, 1, 0, 0, 1, 0, 0, 0, 2, 0, 0, 1, 1, 0, 0, 0, 0, 0, 2, 1]|[4, 3, 2, 2, 0, 0, 2, 2, 2, 4, 1, 1, 2, 4, 4, 1, 1, 4, 2, 1, 1, 1, 1, 2, 1, 2, 1, 1, 1, 1, 3, 2, 3, 1, 4, 0, 1, 1, 0, 3, 2, 2, 4, 0, 1, 1, 3, 2, 0, 1, 2, 2, 1, 4, 0, 3, 2, 1, 1, 2, 1, 3, 1, 1, 1, 3, 0, 4, 3, 1, 4, 1, 1, 2, 4, 1, 2, 1, 1, 3, 2, 3, 1, 1, 1, 1, 1, 1, 1, 1, 2, 3, 4, 1, 2, 2, 2, 2, 1, 3]|[0, 2, 1, 1, 3, 3, 0, 1, 0, 0, 0, 0, 1, 0, 1, 0, 0, 3, 1, 0, 0, 0, 3, 1, 0, 2, 0, 0, 0, 1, 0, 0, 0, 0, 3, 0, 1, 0, 0, 2, 1, 1, 2, 0, 0, 0, 0, 1, 1, 0, 0, 0, 1, 3, 0, 0, 1, 0, 0, 1, 0, 2, 0, 1, 0, 2, 1, 0, 0, 1, 1, 3, 0, 1, 3, 0, 1, 0, 0, 2, 1, 0, 0, 0, 1, 0, 0, 0, 0, 0, 1, 2, 3, 1, 0, 0, 0, 0, 0, 0],862.6401325569188,56944.731213433966,88856.32265904099,false
54,G1_CMAX,G1_CMAX,[31, 22, 90, 26, 58, 95, 42, 12, 93, 5, 78, 86, 98, 18, 20, 35, 3, 97, 91, 76, 10, 85, 54, 45, 63, 71, 66, 1, 23, 17, 24, 60, 36, 6, 57, 15, 65, 56, 47, 79, 94, 67, 50, 46, 14, 75, 38, 9, 30, 19, 32, 81, 27, 92, 83, 87, 40, 99, 59, 11, 53, 16, 72, 77, 73, 70, 39, 37, 84, 43, 62, 25, 55, 28, 29, 51, 68, 82, 74, 61, 88, 21, 80, 89, 7, 69, 96, 41, 48, 4, 8, 34, 49, 52, 0, 44, 13, 2, 64, 33]|[1, 1, 1, 1, 0, 2, 1, 1, 2, 2, 2, 1, 0, 1, 2, 2, 1, 2, 0, 1, 2, 2, 2, 0, 0, 1, 2, 1, 2, 1, 2, 1, 1, 0, 1, 1, 0, 2, 2, 1, 1, 0, 0, 0, 0, 1, 1, 1, 1, 2, 1, 2, 2, 0, 0, 2, 1, 0, 0, 2, 0, 1, 2, 2, 1, 1, 1, 1, 1, 1, 0, 1, 1, 0, 0, 0, 0, 0, 2, 1, 1, 0, 0, 1, 1, 1, 2, 2, 0, 1, 1, 2, 0, 1, 0, 0, 0, 0, 2, 2]|[0, 4, 3, 0, 1, 1, 2, 4, 1, 1, 2, 4, 1, 4, 1, 1, 1, 2, 2, 2, 2, 1, 1, 1, 2, 3, 2, 3, 0, 4, 1, 0, 3, 2, 2, 2, 1, 1, 1, 0, 2, 0, 1, 2, 1, 3, 1, 4, 2, 0, 3, 2, 1, 2, 1, 1, 4, 1, 1, 1, 2, 3, 0, 2, 4, 3, 1, 4, 1, 1, 1, 4, 4, 2, 1, 1, 1, 2, 1, 3, 0, 1, 1, 1, 1, 3, 1, 1, 1, 4, 3, 1, 1, 1, 2, 2, 2, 2, 1, 1]|[3, 0, 2, 3, 0, 0, 1, 0, 0, 0, 1, 0, 0, 3, 0, 0, 1, 1, 1, 2, 1, 0, 0, 0, 0, 0, 0, 0, 0, 3, 1, 0, 2, 1, 1, 1, 0, 0, 0, 0, 1, 1, 0, 0, 0, 0, 1, 3, 2, 0, 0, 1, 0, 1, 0, 0, 2, 0, 0, 0, 1, 2, 1, 1, 0, 0, 1, 1, 3, 3, 0, 3, 3, 1, 0, 0, 0, 1, 0, 0, 0, 0, 0, 1, 2, 2, 0, 0, 0, 0, 2, 0, 1, 1, 0, 0, 0, 0, 0, 0],705.0470749739228,58445.79123614564,95781.2895945797,false
54,G4_BALANCED,G3_TWC,[31, 22, 42, 15, 26, 58, 95, 82, 77, 12, 47, 5, 93, 78, 98, 54, 85, 63, 18, 44, 20, 35, 43, 97, 91, 76, 10, 30, 21, 45, 71, 64, 1, 23, 17, 83, 24, 61, 60, 49, 6, 57, 94, 88, 65, 56, 79, 40, 67, 68, 46, 75, 38, 9, 19, 32, 81, 41, 27, 62, 87, 90, 99, 59, 53, 16, 72, 73, 70, 39, 37, 84, 3, 92, 25, 74, 28, 0, 51, 7, 33, 14, 86, 66, 89, 50, 4, 96, 11, 80, 48, 8, 29, 36, 55, 52, 13, 2, 69, 34]|[1, 1, 0, 1, 1, 1, 2, 1, 2, 1, 2, 2, 2, 1, 1, 0, 0, 1, 0, 2, 2, 0, 1, 2, 0, 1, 2, 2, 0, 0, 1, 2, 1, 0, 1, 0, 2, 0, 1, 1, 0, 1, 1, 1, 0, 2, 1, 1, 0, 0, 0, 0, 1, 1, 2, 1, 2, 0, 0, 0, 2, 1, 0, 1, 0, 1, 2, 1, 1, 1, 1, 1, 2, 0, 1, 2, 0, 0, 0, 1, 2, 1, 0, 0, 1, 0, 0, 2, 2, 0, 0, 1, 0, 0, 2, 1, 0, 0, 1, 2]|[4, 3, 2, 2, 0, 0, 2, 2, 2, 4, 1, 1, 2, 4, 4, 1, 1, 4, 2, 1, 1, 1, 1, 2, 1, 2, 1, 1, 1, 1, 3, 2, 3, 0, 4, 0, 1, 1, 0, 3, 2, 2, 4, 0, 1, 1, 3, 2, 0, 1, 2, 2, 1, 4, 0, 3, 2, 1, 1, 2, 1, 3, 1, 1, 2, 3, 0, 4, 3, 1, 4, 1, 1, 2, 4, 1, 2, 1, 1, 3, 1, 3, 1, 1, 1, 1, 2, 1, 1, 1, 1, 3, 2, 1, 1, 1, 2, 2, 3, 1]|[0, 2, 1, 1, 3, 3, 0, 1, 0, 0, 0, 0, 1, 0, 1, 0, 0, 3, 1, 0, 0, 0, 3, 1, 0, 2, 0, 0, 0, 1, 0, 0, 0, 0, 3, 0, 1, 0, 0, 2, 1, 1, 2, 0, 0, 0, 0, 1, 1, 0, 0, 0, 1, 3, 0, 0, 1, 0, 0, 1, 0, 2, 0, 1, 1, 2, 1, 0, 0, 1, 1, 3, 0, 1, 3, 0, 1, 0, 0, 2, 0, 0, 0, 0, 1, 0, 1, 0, 0, 0, 0, 2, 0, 1, 0, 1, 0, 0, 0, 0],788.4361698953168,57276.08877688596,87706.2058214173,true
54,G2_TEC,G2_TEC,[31, 94, 82, 15, 26, 9, 95, 42, 77, 68, 47, 5, 93, 78, 86, 54, 85, 63, 18, 44, 20, 49, 36, 14, 74, 50, 53, 17, 21, 28, 11, 64, 3, 23, 30, 83, 24, 41, 40, 52, 65, 27, 90, 70, 39, 87, 48, 69, 99, 4, 98, 1, 13, 56, 97, 59, 45, 8, 73, 37, 35, 79, 71, 66, 76, 32, 60, 80, 58, 6, 67, 61, 33, 7, 57, 34, 12, 16, 10, 22, 96, 88, 43, 81, 91, 2, 84, 29, 92, 19, 89, 55, 51, 46, 25, 75, 38, 72, 62, 0]|[2, 1, 2, 1, 1, 2, 1, 1, 1, 1, 1, 0, 2, 2, 1, 2, 0, 0, 0, 2, 2, 1, 0, 2, 0, 2, 2, 1, 0, 1, 1, 1, 0, 0, 1, 0, 2, 1, 2, 2, 0, 0, 1, 1, 0, 2, 0, 2, 1, 0, 2, 2, 0, 2, 2, 0, 1, 1, 0, 0, 2, 1, 1, 2, 2, 0, 2, 2, 2, 1, 2, 1, 1, 2, 0, 1, 1, 2, 1, 2, 0, 1, 1, 1, 1, 0, 0, 1, 0, 1, 1, 0, 1, 0, 1, 0, 0, 1, 1, 0]|[0, 3, 0, 3, 4, 1, 4, 4, 4, 4, 3, 2, 1, 0, 2, 1, 1, 1, 2, 1, 1, 3, 0, 1, 0, 1, 1, 4, 1, 4, 3, 2, 2, 0, 4, 1, 1, 4, 1, 1, 2, 1, 4, 4, 1, 1, 0, 1, 3, 2, 1, 1, 2, 1, 1, 2, 4, 3, 0, 2, 1, 3, 3, 1, 1, 2, 1, 1, 1, 4, 1, 3, 4, 1, 2, 4, 3, 1, 3, 1, 2, 4, 4, 4, 3, 2, 2, 3, 2, 4, 4, 2, 3, 2, 4, 2, 2, 4, 3, 2]|[0, 2, 0, 0, 3, 0, 1, 3, 1, 0, 2, 0, 1, 0, 1, 0, 0, 0, 1, 0, 0, 2, 0, 0, 1, 0, 0, 3, 0, 1, 0, 2, 0, 0, 3, 0, 1, 1, 0, 0, 0, 0, 1, 3, 0, 0, 1, 0, 2, 0, 0, 0, 0, 0, 1, 0, 1, 0, 1, 1, 0, 2, 0, 0, 0, 0, 0, 0, 0, 2, 0, 0, 1, 0, 0, 1, 0, 0, 3, 0, 0, 1, 2, 2, 0, 0, 0, 3, 0, 1, 1, 0, 0, 0, 3, 0, 0, 1, 0, 0],910.6016522559228,48441.78517559203,107030.90942221809,false
54,G3_TWC,G3_TWC,[31, 22, 42, 15, 26, 58, 95, 82, 77, 12, 47, 5, 93, 78, 98, 54, 85, 63, 18, 44, 20, 35, 43, 97, 91, 76, 10, 30, 21, 45, 71, 64, 1, 23, 17, 83, 24, 61, 60, 49, 6, 57, 94, 88, 65, 56, 79, 40, 67, 68, 46, 75, 0, 9, 19, 32, 81, 41, 27, 62, 87, 90, 99, 59, 53, 16, 72, 73, 70, 39, 37, 84, 3, 92, 25, 74, 28, 38, 51, 7, 11, 14, 86, 48, 89, 66, 50, 96, 33, 80, 4, 8, 34, 36, 55, 2, 13, 52, 69, 29]|[1, 1, 0, 1, 1, 1, 2, 1, 2, 1, 2, 2, 2, 1, 1, 0, 0, 1, 0, 2, 2, 0, 1, 2, 0, 1, 2, 2, 0, 0, 1, 2, 1, 0, 1, 0, 2, 0, 1, 1, 0, 1, 1, 1, 0, 2, 1, 1, 0, 0, 0, 0, 1, 1, 2, 1, 2, 0, 0, 0, 2, 1, 0, 1, 0, 1, 2, 1, 1, 1, 1, 1, 2, 0, 1, 2, 0, 0, 0, 1, 0, 1, 0, 0, 1, 0, 0, 0, 2, 0, 0, 1, 2, 0, 1, 0, 0, 1, 1, 0]|[4, 3, 2, 2, 0, 0, 2, 2, 2, 4, 1, 1, 2, 4, 4, 1, 1, 4, 2, 1, 1, 1, 1, 2, 1, 2, 1, 1, 1, 1, 3, 2, 3, 0, 4, 0, 1, 1, 0, 3, 2, 2, 4, 0, 1, 1, 3, 2, 0, 1, 2, 2, 1, 4, 0, 3, 2, 1, 1, 2, 1, 3, 1, 1, 2, 3, 0, 4, 3, 1, 4, 1, 1, 2, 4, 1, 2, 1, 1, 3, 2, 3, 1, 1, 1, 1, 1, 1, 1, 1, 2, 3, 1, 1, 4, 2, 2, 1, 3, 2]|[0, 2, 1, 1, 3, 3, 0, 1, 0, 0, 0, 0, 1, 0, 1, 0, 0, 3, 1, 0, 0, 0, 3, 1, 0, 2, 0, 0, 0, 1, 0, 0, 0, 0, 3, 0, 1, 0, 0, 2, 1, 1, 2, 0, 0, 0, 0, 1, 1, 0, 0, 0, 1, 3, 0, 0, 1, 0, 0, 1, 0, 2, 0, 1, 1, 2, 1, 0, 0, 1, 1, 3, 0, 1, 3, 0, 1, 0, 0, 2, 1, 0, 0, 0, 1, 0, 0, 0, 0, 0, 1, 2, 0, 1, 3, 0, 0, 1, 0, 0],846.5931657707905,57781.432218873764,86599.3836876579,false
55,G1_CMAX,G1_CMAX,[31, 22, 90, 26, 58, 95, 42, 12, 93, 5, 78, 86, 98, 18, 20, 35, 3, 97, 91, 76, 10, 85, 54, 45, 63, 71, 66, 1, 23, 17, 24, 60, 36, 6, 57, 15, 65, 56, 47, 79, 94, 67, 50, 46, 14, 75, 38, 9, 30, 19, 32, 81, 27, 92, 83, 87, 40, 99, 59, 11, 53, 16, 72, 77, 73, 70, 39, 37, 84, 43, 62, 25, 55, 28, 29, 51, 68, 82, 74, 61, 88, 21, 80, 89, 7, 69, 96, 41, 48, 4, 8, 34, 49, 52, 0, 44, 13, 2, 64, 33]|[1, 1, 1, 1, 0, 2, 1, 1, 2, 2, 2, 1, 0, 1, 2, 2, 1, 2, 0, 1, 2, 2, 2, 0, 0, 1, 2, 1, 2, 1, 2, 1, 1, 0, 1, 1, 0, 2, 2, 1, 1, 0, 0, 0, 0, 1, 1, 1, 1, 2, 1, 2, 2, 0, 0, 2, 1, 0, 0, 2, 0, 1, 2, 2, 1, 1, 1, 1, 1, 1, 0, 1, 1, 0, 0, 0, 0, 0, 2, 1, 1, 0, 0, 1, 1, 1, 2, 2, 0, 1, 1, 2, 0, 1, 0, 0, 0, 0, 2, 2]|[0, 4, 3, 0, 1, 1, 2, 4, 1, 1, 2, 4, 1, 4, 1, 1, 1, 2, 2, 2, 2, 1, 1, 1, 2, 3, 2, 3, 0, 4, 1, 0, 3, 2, 2, 2, 1, 1, 1, 0, 2, 0, 1, 2, 1, 3, 1, 4, 2, 0, 3, 2, 1, 2, 1, 1, 4, 1, 1, 1, 2, 3, 0, 2, 4, 3, 1, 4, 1, 1, 1, 4, 4, 2, 1, 1, 1, 2, 1, 3, 0, 1, 1, 1, 1, 3, 1, 1, 1, 4, 3, 1, 1, 1, 2, 2, 2, 2, 1, 1]|[3, 0, 2, 3, 0, 0, 1, 0, 0, 0, 1, 0, 0, 3, 0, 0, 1, 1, 1, 2, 1, 0, 0, 0, 0, 0, 0, 0, 0, 3, 1, 0, 2, 1, 1, 1, 0, 0, 0, 0, 1, 1, 0, 0, 0, 0, 1, 3, 2, 0, 0, 1, 0, 1, 0, 0, 2, 0, 0, 0, 1, 2, 1, 1, 0, 0, 1, 1, 3, 3, 0, 3, 3, 1, 0, 0, 0, 1, 0, 0, 0, 0, 0, 1, 2, 2, 0, 0, 0, 0, 2, 0, 1, 1, 0, 0, 0, 0, 0, 0],705.0470749739228,58445.79123614564,95781.2895945797,false
55,G4_BALANCED,G4_BALANCED,[31, 22, 42, 15, 26, 58, 95, 82, 77, 12, 47, 5, 93, 78, 98, 54, 85, 63, 18, 44, 20, 35, 43, 97, 91, 76, 10, 30, 21, 61, 71, 64, 1, 23, 17, 83, 24, 45, 60, 36, 6, 57, 94, 88, 65, 56, 79, 40, 67, 68, 46, 75, 38, 9, 19, 32, 81, 41, 27, 62, 87, 90, 99, 59, 11, 16, 72, 73, 70, 39, 37, 84, 3, 92, 25, 74, 28, 29, 51, 50, 53, 14, 86, 48, 89, 7, 66, 96, 33, 80, 4, 8, 0, 49, 55, 52, 13, 2, 69, 34]|[1, 1, 0, 1, 1, 1, 2, 1, 2, 1, 2, 2, 2, 1, 1, 0, 0, 1, 0, 2, 2, 0, 1, 2, 0, 1, 2, 2, 0, 0, 1, 2, 1, 2, 1, 0, 2, 0, 1, 1, 0, 1, 1, 1, 0, 2, 1, 1, 0, 0, 0, 0, 1, 1, 2, 1, 2, 0, 0, 0, 2, 1, 0, 1, 2, 1, 2, 1, 1, 1, 1, 1, 2, 0, 1, 2, 0, 0, 0, 1, 0, 1, 2, 0, 1, 1, 0, 0, 2, 0, 0, 1, 0, 0, 1, 1, 0, 0, 2, 2]|[4, 3, 2, 2, 0, 0, 2, 2, 2, 4, 1, 1, 2, 4, 4, 1, 1, 4, 2, 1, 1, 1, 1, 2, 1, 2, 1, 1, 1, 1, 3, 2, 3, 0, 4, 0, 1, 1, 0, 3, 2, 2, 4, 0, 1, 1, 3, 2, 0, 1, 2, 2, 1, 4, 0, 3, 2, 1, 1, 2, 1, 3, 1, 1, 1, 3, 0, 4, 3, 1, 4, 1, 1, 2, 4, 1, 2, 1, 1, 3, 2, 3, 1, 1, 1, 3, 1, 1, 1, 1, 2, 3, 2, 1, 4, 1, 2, 2, 1, 1]|[0, 2, 1, 1, 3, 3, 0, 1, 0, 0, 0, 0, 1, 0, 1, 0, 0, 3, 1, 0, 0, 0, 3, 1, 0, 2, 0, 0, 0, 0, 0, 0, 0, 0, 3, 0, 1, 0, 0, 2, 1, 1, 2, 0, 0, 0, 0, 1, 1, 0, 0, 0, 1, 3, 0, 0, 1, 0, 0, 1, 0, 2, 0, 1, 0, 2, 1, 0, 0, 1, 1, 3, 0, 1, 3, 0, 1, 0, 0, 2, 1, 0, 0, 0, 1, 2, 0, 0, 0, 0, 1, 2, 0, 1, 3, 1, 0, 0, 0, 0],778.6925052814565,56864.64863978349,90258.85181233479,false
55,G2_TEC,G2_TEC,[31, 94, 82, 15, 26, 9, 95, 42, 77, 68, 47, 5, 93, 78, 86, 54, 85, 63, 18, 44, 20, 49, 36, 14, 74, 50, 53, 17, 21, 28, 11, 64, 3, 23, 30, 83, 24, 41, 40, 52, 65, 27, 90, 70, 39, 87, 48, 69, 99, 4, 98, 1, 13, 56, 97, 59, 45, 8, 73, 37, 35, 79, 71, 66, 76, 32, 60, 80, 58, 6, 67, 61, 33, 7, 57, 34, 12, 16, 10, 22, 96, 88, 43, 81, 91, 2, 84, 29, 92, 19, 89, 55, 51, 46, 25, 75, 38, 72, 62, 0]|[2, 1, 2, 1, 1, 2, 1, 1, 1, 1, 1, 0, 2, 2, 1, 2, 0, 0, 0, 2, 2, 1, 0, 2, 0, 2, 2, 1, 0, 1, 1, 1, 0, 0, 1, 0, 2, 1, 2, 2, 0, 0, 1, 1, 0, 2, 0, 2, 1, 0, 2, 2, 0, 2, 2, 0, 1, 1, 0, 0, 2, 1, 1, 2, 2, 0, 2, 2, 2, 1, 2, 1, 1, 2, 0, 1, 1, 2, 1, 2, 0, 1, 1, 1, 1, 0, 0, 1, 0, 1, 1, 0, 1, 0, 1, 0, 0, 1, 1, 0]|[0, 3, 0, 3, 4, 1, 4, 4, 4, 4, 3, 2, 1, 0, 2, 1, 1, 1, 2, 1, 1, 3, 0, 1, 0, 1, 1, 4, 1, 4, 3, 2, 2, 0, 4, 1, 1, 4, 1, 1, 2, 1, 4, 4, 1, 1, 0, 1, 3, 2, 1, 1, 2, 1, 1, 2, 4, 3, 0, 2, 1, 3, 3, 1, 1, 2, 1, 1, 1, 4, 1, 3, 4, 1, 2, 4, 3, 1, 3, 1, 2, 4, 4, 4, 3, 2, 2, 3, 2, 4, 4, 2, 3, 2, 4, 2, 2, 4, 3, 2]|[0, 2, 0, 0, 3, 0, 1, 3, 1, 0, 2, 0, 1, 0, 1, 0, 0, 0, 1, 0, 0, 2, 0, 0, 1, 0, 0, 3, 0, 1, 0, 2, 0, 0, 3, 0, 1, 1, 0, 0, 0, 0, 1, 3, 0, 0, 1, 0, 2, 0, 0, 0, 0, 0, 1, 0, 1, 0, 1, 1, 0, 2, 0, 0, 0, 0, 0, 0, 0, 2, 0, 0, 1, 0, 0, 1, 0, 0, 3, 0, 0, 1, 2, 2, 0, 0, 0, 3, 0, 1, 1, 0, 0, 0, 3, 0, 0, 1, 0, 0],910.6016522559228,48441.78517559203,107030.90942221809,false
55,G3_TWC,G3_TWC,[31, 22, 42, 15, 26, 58, 95, 82, 77, 12, 47, 5, 93, 78, 98, 54, 85, 63, 18, 44, 20, 35, 43, 97, 91, 76, 10, 30, 21, 45, 71, 64, 1, 23, 17, 83, 24, 61, 60, 49, 6, 57, 94, 88, 65, 56, 79, 40, 67, 68, 46, 75, 0, 9, 19, 32, 81, 41, 27, 62, 87, 90, 99, 59, 53, 16, 72, 73, 70, 39, 37, 84, 3, 92, 25, 74, 28, 38, 51, 7, 11, 14, 86, 48, 89, 66, 50, 96, 33, 80, 4, 8, 34, 36, 55, 2, 13, 52, 69, 29]|[1, 1, 0, 1, 1, 1, 2, 1, 2, 1, 2, 2, 2, 1, 1, 0, 0, 1, 0, 2, 2, 0, 1, 2, 0, 1, 2, 2, 0, 0, 1, 2, 1, 0, 1, 0, 2, 0, 1, 1, 0, 1, 1, 1, 0, 2, 1, 1, 0, 0, 0, 0, 1, 1, 2, 1, 2, 0, 0, 0, 2, 1, 0, 1, 0, 1, 2, 1, 1, 1, 1, 1, 2, 0, 1, 2, 0, 0, 0, 1, 0, 1, 0, 0, 1, 0, 0, 0, 2, 0, 0, 1, 2, 0, 1, 0, 0, 1, 1, 0]|[4, 3, 2, 2, 0, 0, 2, 2, 2, 4, 1, 1, 2, 4, 4, 1, 1, 4, 2, 1, 1, 1, 1, 2, 1, 2, 1, 1, 1, 1, 3, 2, 3, 0, 4, 0, 1, 1, 0, 3, 2, 2, 4, 0, 1, 1, 3, 2, 0, 1, 2, 2, 1, 4, 0, 3, 2, 1, 1, 2, 1, 3, 1, 1, 2, 3, 0, 4, 3, 1, 4, 1, 1, 2, 4, 1, 2, 1, 1, 3, 2, 3, 1, 1, 1, 1, 1, 1, 1, 1, 2, 3, 1, 1, 4, 2, 2, 1, 3, 2]|[0, 2, 1, 1, 3, 3, 0, 1, 0, 0, 0, 0, 1, 0, 1, 0, 0, 3, 1, 0, 0, 0, 3, 1, 0, 2, 0, 0, 0, 1, 0, 0, 0, 0, 3, 0, 1, 0, 0, 2, 1, 1, 2, 0, 0, 0, 0, 1, 1, 0, 0, 0, 1, 3, 0, 0, 1, 0, 0, 1, 0, 2, 0, 1, 1, 2, 1, 0, 0, 1, 1, 3, 0, 1, 3, 0, 1, 0, 0, 2, 1, 0, 0, 0, 1, 0, 0, 0, 0, 0, 1, 2, 0, 1, 3, 0, 0, 1, 0, 0],846.5931657707905,57781.432218873764,86599.3836876579,false
55,G1_CMAX,G1_CMAX,[31, 22, 90, 26, 58, 95, 42, 12, 93, 5, 78, 86, 98, 18, 20, 35, 3, 97, 91, 76, 10, 85, 54, 45, 63, 71, 66, 1, 23, 17, 24, 60, 36, 6, 57, 15, 65, 56, 47, 79, 94, 67, 50, 46, 14, 75, 38, 9, 30, 19, 32, 81, 27, 92, 83, 87, 40, 99, 59, 11, 53, 16, 72, 77, 73, 70, 39, 37, 84, 43, 62, 25, 55, 28, 29, 51, 68, 82, 74, 61, 88, 21, 80, 89, 7, 69, 96, 41, 48, 4, 8, 34, 49, 52, 0, 44, 13, 2, 64, 33]|[1, 1, 1, 1, 0, 2, 1, 1, 2, 2, 2, 1, 0, 1, 2, 2, 1, 2, 0, 1, 2, 2, 2, 0, 0, 1, 2, 1, 2, 1, 2, 1, 1, 0, 1, 1, 0, 2, 2, 1, 1, 0, 0, 0, 0, 1, 1, 1, 1, 2, 1, 2, 2, 0, 0, 2, 1, 0, 0, 2, 0, 1, 2, 2, 1, 1, 1, 1, 1, 1, 0, 1, 1, 0, 0, 0, 0, 0, 2, 1, 1, 0, 0, 1, 1, 1, 2, 2, 0, 1, 1, 2, 0, 1, 0, 0, 0, 0, 2, 2]|[0, 4, 3, 0, 1, 1, 2, 4, 1, 1, 2, 4, 1, 4, 1, 1, 1, 2, 2, 2, 2, 1, 1, 1, 2, 3, 2, 3, 0, 4, 1, 0, 3, 2, 2, 2, 1, 1, 1, 0, 2, 0, 1, 2, 1, 3, 1, 4, 2, 0, 3, 2, 1, 2, 1, 1, 4, 1, 1, 1, 2, 3, 0, 2, 4, 3, 1, 4, 1, 1, 1, 4, 4, 2, 1, 1, 1, 2, 1, 3, 0, 1, 1, 1, 1, 3, 1, 1, 1, 4, 3, 1, 1, 1, 2, 2, 2, 2, 1, 1]|[3, 0, 2, 3, 0, 0, 1, 0, 0, 0, 1, 0, 0, 3, 0, 0, 1, 1, 1, 2, 1, 0, 0, 0, 0, 0, 0, 0, 0, 3, 1, 0, 2, 1, 1, 1, 0, 0, 0, 0, 1, 1, 0, 0, 0, 0, 1, 3, 2, 0, 0, 1, 0, 1, 0, 0, 2, 0, 0, 0, 1, 2, 1, 1, 0, 0, 1, 1, 3, 3, 0, 3, 3, 1, 0, 0, 0, 1, 0, 0, 0, 0, 0, 1, 2, 2, 0, 0, 0, 0, 2, 0, 1, 1, 0, 0, 0, 0, 0, 0],705.0470749739228,58445.79123614564,95781.2895945797,false
55,G4_BALANCED,G4_BALANCED,[31, 22, 82, 15, 26, 58, 95, 42, 77, 12, 47, 5, 93, 78, 86, 54, 85, 63, 18, 44, 20, 35, 43, 97, 66, 76, 79, 30, 21, 45, 71, 64, 1, 23, 17, 83, 24, 14, 60, 36, 6, 57, 40, 88, 65, 56, 10, 94, 67, 68, 46, 75, 38, 9, 19, 32, 41, 81, 27, 62, 87, 90, 99, 59, 16, 72, 73, 70, 39, 37, 84, 3, 92, 25, 55, 48, 11, 29, 51, 96, 33, 61, 98, 28, 89, 50, 4, 34, 53, 80, 8, 91, 7, 49, 52, 0, 74, 69, 2, 13]|[1, 1, 0, 1, 1, 0, 1, 2, 2, 1, 2, 2, 2, 1, 1, 0, 0, 1, 0, 2, 2, 0, 2, 2, 0, 1, 2, 2, 0, 0, 1, 2, 1, 2, 1, 0, 2, 0, 1, 1, 0, 1, 1, 1, 0, 2, 2, 1, 0, 0, 0, 0, 1, 1, 2, 1, 0, 2, 0, 2, 2, 1, 0, 1, 1, 2, 1, 1, 1, 1, 1, 1, 0, 1, 2, 0, 2, 0, 0, 2, 2, 1, 2, 0, 1, 0, 1, 2, 0, 0, 1, 0, 1, 0, 1, 0, 2, 1, 0, 0]|[4, 3, 2, 2, 4, 1, 2, 2, 2, 4, 2, 1, 2, 4, 4, 1, 2, 4, 2, 1, 1, 1, 2, 2, 1, 2, 1, 1, 1, 1, 3, 2, 3, 1, 4, 0, 1, 1, 0, 3, 2, 2, 2, 0, 1, 1, 1, 4, 0, 1, 2, 2, 1, 4, 0, 3, 1, 1, 1, 1, 1, 3, 1, 1, 3, 0, 4, 3, 1, 4, 1, 1, 2, 4, 1, 1, 1, 1, 1, 1, 1, 3, 1, 2, 1, 1, 4, 1, 2, 1, 3, 1, 1, 1, 1, 2, 1, 4, 2, 2]|[0, 2, 1, 1, 3, 0, 1, 0, 0, 0, 0, 0, 0, 0, 1, 0, 0, 3, 1, 0, 0, 0, 1, 1, 0, 2, 0, 0, 0, 0, 0, 0, 0, 0, 3, 0, 1, 0, 0, 2, 1, 1, 1, 0, 0, 0, 0, 2, 1, 0, 0, 0, 1, 3, 0, 0, 0, 0, 0, 0, 0, 2, 0, 1, 2, 1, 0, 0, 1, 1, 3, 1, 1, 3, 0, 0, 0, 0, 0, 0, 0, 0, 0, 1, 1, 0, 0, 0, 1, 0, 2, 0, 2, 1, 1, 0, 0, 2, 0, 0],833.102820254495,54845.058524332984,98518.43558293639,false
55,G2_TEC,G2_TEC,[31, 94, 82, 15, 26, 9, 95, 42, 77, 68, 47, 5, 93, 78, 86, 54, 85, 63, 18, 44, 20, 49, 36, 14, 74, 50, 53, 17, 21, 28, 11, 64, 3, 23, 30, 83, 24, 41, 40, 52, 65, 27, 90, 70, 39, 87, 48, 69, 99, 4, 98, 1, 13, 56, 97, 59, 45, 8, 73, 37, 35, 79, 71, 66, 76, 32, 60, 80, 58, 6, 67, 61, 33, 7, 57, 34, 12, 16, 10, 22, 96, 88, 43, 81, 91, 2, 84, 29, 92, 19, 89, 55, 51, 46, 25, 75, 38, 72, 62, 0]|[2, 1, 2, 1, 1, 2, 1, 1, 1, 1, 1, 0, 2, 2, 1, 2, 0, 0, 0, 2, 2, 1, 0, 2, 0, 2, 2, 1, 0, 1, 1, 1, 0, 0, 1, 0, 2, 1, 2, 2, 0, 0, 1, 1, 0, 2, 0, 2, 1, 0, 2, 2, 0, 2, 2, 0, 1, 1, 0, 0, 2, 1, 1, 2, 2, 0, 2, 2, 2, 1, 2, 1, 1, 2, 0, 1, 1, 2, 1, 2, 0, 1, 1, 1, 1, 0, 0, 1, 0, 1, 1, 0, 1, 0, 1, 0, 0, 1, 1, 0]|[0, 3, 0, 3, 4, 1, 4, 4, 4, 4, 3, 2, 1, 0, 2, 1, 1, 1, 2, 1, 1, 3, 0, 1, 0, 1, 1, 4, 1, 4, 3, 2, 2, 0, 4, 1, 1, 4, 1, 1, 2, 1, 4, 4, 1, 1, 0, 1, 3, 2, 1, 1, 2, 1, 1, 2, 4, 3, 0, 2, 1, 3, 3, 1, 1, 2, 1, 1, 1, 4, 1, 3, 4, 1, 2, 4, 3, 1, 3, 1, 2, 4, 4, 4, 3, 2, 2, 3, 2, 4, 4, 2, 3, 2, 4, 2, 2, 4, 3, 2]|[0, 2, 0, 0, 3, 0, 1, 3, 1, 0, 2, 0, 1, 0, 1, 0, 0, 0, 1, 0, 0, 2, 0, 0, 1, 0, 0, 3, 0, 1, 0, 2, 0, 0, 3, 0, 1, 1, 0, 0, 0, 0, 1, 3, 0, 0, 1, 0, 2, 0, 0, 0, 0, 0, 1, 0, 1, 0, 1, 1, 0, 2, 0, 0, 0, 0, 0, 0, 0, 2, 0, 0, 1, 0, 0, 1, 0, 0, 3, 0, 0, 1, 2, 2, 0, 0, 0, 3, 0, 1, 1, 0, 0, 0, 3, 0, 0, 1, 0, 0],910.6016522559228,48441.78517559203,107030.90942221809,false
55,G3_TWC,G1_CMAX,[31, 22, 42, 15, 26, 58, 95, 82, 41, 12, 47, 3, 78, 98, 54, 85, 63, 18, 44, 20, 35, 43, 97, 5, 91, 76, 10, 83, 17, 23, 1, 64, 71, 61, 30, 24, 45, 60, 36, 6, 57, 94, 88, 65, 19, 79, 40, 67, 68, 21, 46, 75, 38, 9, 56, 32, 81, 72, 27, 62, 87, 90, 99, 59, 11, 16, 77, 73, 70, 39, 37, 84, 93, 92, 25, 74, 29, 7, 89, 80, 33, 86, 14, 50, 51, 48, 28, 96, 53, 66, 4, 8, 55, 49, 0, 52, 13, 2, 69, 34]|[1, 1, 0, 1, 1, 1, 2, 1, 2, 1, 2, 2, 1, 1, 0, 0, 1, 0, 2, 2, 0, 1, 2, 2, 0, 1, 2, 2, 1, 2, 1, 2, 1, 0, 2, 2, 0, 1, 1, 0, 1, 1, 1, 0, 2, 1, 1, 0, 0, 0, 0, 0, 1, 1, 2, 1, 2, 2, 0, 0, 2, 1, 0, 1, 2, 1, 2, 1, 1, 1, 1, 1, 2, 1, 1, 2, 0, 1, 1, 0, 2, 2, 1, 0, 0, 0, 0, 2, 0, 0, 0, 1, 1, 0, 0, 1, 0, 0, 2, 2]|[4, 3, 2, 2, 0, 0, 2, 2, 1, 4, 1, 1, 4, 4, 1, 1, 4, 2, 1, 1, 1, 1, 2, 1, 1, 2, 1, 1, 4, 0, 3, 2, 3, 1, 1, 1, 1, 0, 3, 2, 2, 4, 0, 1, 0, 0, 2, 0, 1, 1, 2, 2, 1, 4, 1, 3, 2, 0, 1, 2, 1, 3, 1, 1, 1, 3, 1, 4, 3, 1, 4, 1, 2, 4, 4, 1, 1, 3, 1, 1, 1, 1, 3, 1, 1, 1, 2, 1, 2, 1, 2, 3, 4, 1, 2, 1, 2, 2, 1, 1]|[0, 2, 0, 1, 3, 3, 1, 1, 0, 0, 0, 0, 0, 1, 1, 0, 3, 1, 0, 0, 0, 3, 1, 0, 0, 2, 0, 1, 3, 0, 0, 0, 0, 1, 0, 1, 0, 0, 2, 1, 1, 2, 0, 0, 0, 0, 1, 1, 0, 0, 0, 0, 1, 3, 0, 0, 1, 1, 0, 1, 0, 2, 0, 1, 0, 2, 0, 0, 0, 1, 1, 3, 1, 0, 3, 0, 0, 2, 1, 0, 0, 0, 0, 0, 0, 0, 1, 0, 1, 0, 1, 2, 3, 1, 0, 1, 0, 0, 0, 0],705.4712346728571,58108.739276613436,91469.75104712523,true
55,G1_CMAX,G1_CMAX,[31, 22, 90, 26, 58, 95, 42, 12, 93, 5, 78, 86, 98, 18, 20, 35, 3, 97, 91, 76, 10, 85, 54, 45, 63, 71, 66, 1, 23, 17, 24, 60, 36, 6, 57, 15, 65, 56, 47, 79, 94, 67, 50, 46, 14, 75, 38, 9, 30, 19, 32, 81, 27, 92, 83, 87, 40, 99, 59, 11, 53, 16, 72, 77, 73, 70, 39, 37, 84, 43, 62, 25, 55, 28, 29, 51, 68, 82, 74, 61, 88, 21, 80, 89, 7, 69, 96, 41, 48, 4, 8, 34, 49, 52, 0, 44, 13, 2, 64, 33]|[1, 1, 1, 1, 0, 2, 1, 1, 2, 2, 2, 1, 0, 1, 2, 2, 1, 2, 0, 1, 2, 2, 2, 0, 0, 1, 2, 1, 2, 1, 2, 1, 1, 0, 1, 1, 0, 2, 2, 1, 1, 0, 0, 0, 0, 1, 1, 1, 1, 2, 1, 2, 2, 0, 0, 2, 1, 0, 0, 2, 0, 1, 2, 2, 1, 1, 1, 1, 1, 1, 0, 1, 1, 0, 0, 0, 0, 0, 2, 1, 1, 0, 0, 1, 1, 1, 2, 2, 0, 1, 1, 2, 0, 1, 0, 0, 0, 0, 2, 2]|[0, 4, 3, 0, 1, 1, 2, 4, 1, 1, 2, 4, 1, 4, 1, 1, 1, 2, 2, 2, 2, 1, 1, 1, 2, 3, 2, 3, 0, 4, 1, 0, 3, 2, 2, 2, 1, 1, 1, 0, 2, 0, 1, 2, 1, 3, 1, 4, 2, 0, 3, 2, 1, 2, 1, 1, 4, 1, 1, 1, 2, 3, 0, 2, 4, 3, 1, 4, 1, 1, 1, 4, 4, 2, 1, 1, 1, 2, 1, 3, 0, 1, 1, 1, 1, 3, 1, 1, 1, 4, 3, 1, 1, 1, 2, 2, 2, 2, 1, 1]|[3, 0, 2, 3, 0, 0, 1, 0, 0, 0, 1, 0, 0, 3, 0, 0, 1, 1, 1, 2, 1, 0, 0, 0, 0, 0, 0, 0, 0, 3, 1, 0, 2, 1, 1, 1, 0, 0, 0, 0, 1, 1, 0, 0, 0, 0, 1, 3, 2, 0, 0, 1, 0, 1, 0, 0, 2, 0, 0, 0, 1, 2, 1, 1, 0, 0, 1, 1, 3, 3, 0, 3, 3, 1, 0, 0, 0, 1, 0, 0, 0, 0, 0, 1, 2, 2, 0, 0, 0, 0, 2, 0, 1, 1, 0, 0, 0, 0, 0, 0],705.0470749739228,58445.79123614564,95781.2895945797,false
55,G4_BALANCED,G4_BALANCED,[31, 11, 82, 15, 26, 9, 95, 42, 77, 68, 47, 5, 93, 78, 86, 54, 85, 63, 18, 44, 20, 49, 36, 14, 74, 50, 53, 17, 21, 45, 71, 64, 3, 23, 30, 83, 24, 41, 60, 52, 65, 27, 90, 70, 39, 87, 48, 69, 99, 4, 46, 1, 13, 58, 97, 59, 28, 75, 73, 37, 35, 79, 22, 66, 76, 32, 40, 80, 96, 6, 61, 16, 7, 33, 57, 34, 12, 67, 10, 98, 56, 88, 29, 8, 91, 38, 19, 92, 43, 84, 51, 72, 81, 25, 94, 55, 0, 89, 2, 62]|[2, 1, 2, 1, 1, 2, 1, 1, 1, 1, 1, 0, 2, 2, 1, 2, 0, 0, 0, 2, 2, 1, 0, 2, 0, 2, 2, 1, 0, 1, 1, 1, 0, 0, 1, 0, 2, 1, 2, 2, 0, 0, 1, 1, 0, 2, 0, 2, 1, 0, 0, 2, 0, 0, 2, 0, 1, 1, 0, 0, 2, 1, 0, 2, 2, 0, 2, 2, 0, 1, 2, 2, 2, 1, 0, 1, 1, 1, 1, 2, 2, 1, 1, 0, 1, 0, 1, 0, 1, 0, 1, 1, 1, 1, 2, 0, 0, 1, 2, 1]|[0, 3, 0, 2, 4, 1, 4, 4, 2, 4, 3, 2, 1, 0, 2, 1, 1, 1, 2, 1, 1, 3, 0, 1, 0, 1, 1, 4, 1, 4, 3, 2, 2, 0, 4, 1, 1, 4, 0, 1, 2, 1, 4, 4, 1, 1, 0, 2, 3, 1, 2, 1, 2, 1, 1, 2, 4, 3, 0, 2, 2, 3, 1, 0, 1, 2, 0, 1, 2, 4, 1, 1, 1, 4, 2, 4, 3, 3, 3, 1, 1, 4, 3, 2, 3, 2, 4, 2, 4, 2, 3, 4, 1, 4, 1, 2, 2, 4, 1, 3]|[0, 2, 0, 1, 3, 0, 1, 3, 0, 0, 2, 0, 1, 0, 1, 0, 0, 0, 1, 0, 0, 2, 0, 0, 1, 0, 0, 3, 0, 1, 0, 2, 0, 1, 3, 0, 1, 3, 1, 0, 0, 0, 1, 3, 0, 0, 1, 0, 2, 0, 0, 0, 0, 0, 1, 0, 1, 0, 1, 1, 0, 2, 0, 0, 0, 0, 1, 0, 0, 2, 0, 0, 0, 1, 0, 1, 0, 0, 3, 0, 0, 1, 0, 0, 0, 0, 3, 0, 2, 0, 0, 2, 1, 3, 0, 0, 0, 1, 0, 0],843.8855010804491,52510.30755899072,105664.6447807653,false
55,G2_TEC,G2_TEC,[31, 94, 82, 15, 26, 9, 95, 42, 77, 68, 47, 5, 93, 78, 86, 54, 85, 63, 18, 44, 20, 49, 36, 14, 74, 50, 53, 17, 21, 28, 11, 64, 3, 23, 30, 83, 24, 41, 40, 52, 65, 27, 90, 70, 39, 87, 48, 69, 99, 4, 98, 1, 13, 56, 97, 59, 45, 8, 73, 37, 35, 79, 71, 66, 76, 32, 60, 80, 58, 6, 67, 61, 33, 7, 57, 34, 12, 16, 10, 22, 96, 88, 43, 81, 91, 2, 84, 29, 92, 19, 89, 55, 51, 46, 25, 75, 38, 72, 62, 0]|[2, 1, 2, 1, 1, 2, 1, 1, 1, 1, 1, 0, 2, 2, 1, 2, 0, 0, 0, 2, 2, 1, 0, 2, 0, 2, 2, 1, 0, 1, 1, 1, 0, 0, 1, 0, 2, 1, 2, 2, 0, 0, 1, 1, 0, 2, 0, 2, 1, 0, 2, 2, 0, 2, 2, 0, 1, 1, 0, 0, 2, 1, 1, 2, 2, 0, 2, 2, 2, 1, 2, 1, 1, 2, 0, 1, 1, 2, 1, 2, 0, 1, 1, 1, 1, 0, 0, 1, 0, 1, 1, 0, 1, 0, 1, 0, 0, 1, 1, 0]|[0, 3, 0, 3, 4, 1, 4, 4, 4, 4, 3, 2, 1, 0, 2, 1, 1, 1, 2, 1, 1, 3, 0, 1, 0, 1, 1, 4, 1, 4, 3, 2, 2, 0, 4, 1, 1, 4, 1, 1, 2, 1, 4, 4, 1, 1, 0, 1, 3, 2, 1, 1, 2, 1, 1, 2, 4, 3, 0, 2, 1, 3, 3, 1, 1, 2, 1, 1, 1, 4, 1, 3, 4, 1, 2, 4, 3, 1, 3, 1, 2, 4, 4, 4, 3, 2, 2, 3, 2, 4, 4, 2, 3, 2, 4, 2, 2, 4, 3, 2]|[0, 2, 0, 0, 3, 0, 1, 3, 1, 0, 2, 0, 1, 0, 1, 0, 0, 0, 1, 0, 0, 2, 0, 0, 1, 0, 0, 3, 0, 1, 0, 2, 0, 0, 3, 0, 1, 1, 0, 0, 0, 0, 1, 3, 0, 0, 1, 0, 2, 0, 0, 0, 0, 0, 1, 0, 1, 0, 1, 1, 0, 2, 0, 0, 0, 0, 0, 0, 0, 2, 0, 0, 1, 0, 0, 1, 0, 0, 3, 0, 0, 1, 2, 2, 0, 0, 0, 3, 0, 1, 1, 0, 0, 0, 3, 0, 0, 1, 0, 0],910.6016522559228,48441.78517559203,107030.90942221809,false
55,G3_TWC,G3_TWC,[31, 22, 42, 15, 26, 58, 95, 82, 77, 12, 47, 5, 93, 78, 98, 54, 85, 63, 18, 44, 20, 35, 43, 97, 91, 76, 10, 30, 21, 45, 71, 64, 1, 23, 17, 83, 24, 61, 60, 49, 6, 57, 94, 88, 65, 56, 79, 40, 67, 68, 46, 75, 0, 9, 19, 32, 81, 41, 27, 62, 87, 90, 99, 59, 53, 16, 72, 73, 70, 39, 37, 84, 3, 92, 25, 74, 28, 38, 51, 7, 11, 14, 86, 48, 89, 66, 50, 96, 33, 80, 4, 8, 34, 36, 55, 2, 13, 52, 69, 29]|[1, 1, 0, 1, 1, 1, 2, 1, 2, 1, 2, 2, 2, 1, 1, 0, 0, 1, 0, 2, 2, 0, 1, 2, 0, 1, 2, 2, 0, 0, 1, 2, 1, 0, 1, 0, 2, 0, 1, 1, 0, 1, 1, 1, 0, 2, 1, 1, 0, 0, 0, 0, 1, 1, 2, 1, 2, 0, 0, 0, 2, 1, 0, 1, 0, 1, 2, 1, 1, 1, 1, 1, 2, 0, 1, 2, 0, 0, 0, 1, 0, 1, 0, 0, 1, 0, 0, 0, 2, 0, 0, 1, 2, 0, 1, 0, 0, 1, 1, 0]|[4, 3, 2, 2, 0, 0, 2, 2, 2, 4, 1, 1, 2, 4, 4, 1, 1, 4, 2, 1, 1, 1, 1, 2, 1, 2, 1, 1, 1, 1, 3, 2, 3, 0, 4, 0, 1, 1, 0, 3, 2, 2, 4, 0, 1, 1, 3, 2, 0, 1, 2, 2, 1, 4, 0, 3, 2, 1, 1, 2, 1, 3, 1, 1, 2, 3, 0, 4, 3, 1, 4, 1, 1, 2, 4, 1, 2, 1, 1, 3, 2, 3, 1, 1, 1, 1, 1, 1, 1, 1, 2, 3, 1, 1, 4, 2, 2, 1, 3, 2]|[0, 2, 1, 1, 3, 3, 0, 1, 0, 0, 0, 0, 1, 0, 1, 0, 0, 3, 1, 0, 0, 0, 3, 1, 0, 2, 0, 0, 0, 1, 0, 0, 0, 0, 3, 0, 1, 0, 0, 2, 1, 1, 2, 0, 0, 0, 0, 1, 1, 0, 0, 0, 1, 3, 0, 0, 1, 0, 0, 1, 0, 2, 0, 1, 1, 2, 1, 0, 0, 1, 1, 3, 0, 1, 3, 0, 1, 0, 0, 2, 1, 0, 0, 0, 1, 0, 0, 0, 0, 0, 1, 2, 0, 1, 3, 0, 0, 1, 0, 0],846.5931657707905,57781.432218873764,86599.3836876579,false
55,G1_CMAX,G1_CMAX,[31, 22, 90, 26, 58, 95, 42, 12, 93, 5, 78, 86, 98, 18, 20, 35, 3, 97, 91, 76, 10, 85, 54, 45, 63, 71, 66, 1, 23, 17, 24, 60, 36, 6, 57, 15, 65, 56, 47, 79, 94, 67, 50, 46, 14, 75, 38, 9, 30, 19, 32, 81, 27, 92, 83, 87, 40, 99, 59, 11, 53, 16, 72, 77, 73, 70, 39, 37, 84, 43, 62, 25, 55, 28, 29, 51, 68, 82, 74, 61, 88, 21, 80, 89, 7, 69, 96, 41, 48, 4, 8, 34, 49, 52, 0, 44, 13, 2, 64, 33]|[1, 1, 1, 1, 0, 2, 1, 1, 2, 2, 2, 1, 0, 1, 2, 2, 1, 2, 0, 1, 2, 2, 2, 0, 0, 1, 2, 1, 2, 1, 2, 1, 1, 0, 1, 1, 0, 2, 2, 1, 1, 0, 0, 0, 0, 1, 1, 1, 1, 2, 1, 2, 2, 0, 0, 2, 1, 0, 0, 2, 0, 1, 2, 2, 1, 1, 1, 1, 1, 1, 0, 1, 1, 0, 0, 0, 0, 0, 2, 1, 1, 0, 0, 1, 1, 1, 2, 2, 0, 1, 1, 2, 0, 1, 0, 0, 0, 0, 2, 2]|[0, 4, 3, 0, 1, 1, 2, 4, 1, 1, 2, 4, 1, 4, 1, 1, 1, 2, 2, 2, 2, 1, 1, 1, 2, 3, 2, 3, 0, 4, 1, 0, 3, 2, 2, 2, 1, 1, 1, 0, 2, 0, 1, 2, 1, 3, 1, 4, 2, 0, 3, 2, 1, 2, 1, 1, 4, 1, 1, 1, 2, 3, 0, 2, 4, 3, 1, 4, 1, 1, 1, 4, 4, 2, 1, 1, 1, 2, 1, 3, 0, 1, 1, 1, 1, 3, 1, 1, 1, 4, 3, 1, 1, 1, 2, 2, 2, 2, 1, 1]|[3, 0, 2, 3, 0, 0, 1, 0, 0, 0, 1, 0, 0, 3, 0, 0, 1, 1, 1, 2, 1, 0, 0, 0, 0, 0, 0, 0, 0, 3, 1, 0, 2, 1, 1, 1, 0, 0, 0, 0, 1, 1, 0, 0, 0, 0, 1, 3, 2, 0, 0, 1, 0, 1, 0, 0, 2, 0, 0, 0, 1, 2, 1, 1, 0, 0, 1, 1, 3, 3, 0, 3, 3, 1, 0, 0, 0, 1, 0, 0, 0, 0, 0, 1, 2, 2, 0, 0, 0, 0, 2, 0, 1, 1, 0, 0, 0, 0, 0, 0],705.0470749739228,58445.79123614564,95781.2895945797,false
55,G4_BALANCED,G4_BALANCED,[31, 22, 82, 15, 26, 58, 95, 42, 77, 12, 47, 5, 93, 78, 86, 54, 85, 63, 18, 44, 20, 35, 43, 97, 66, 76, 10, 30, 21, 45, 71, 64, 1, 23, 17, 83, 24, 14, 60, 36, 6, 57, 40, 88, 65, 56, 79, 94, 67, 68, 46, 29, 38, 9, 19, 32, 41, 81, 27, 62, 87, 90, 99, 59, 11, 16, 72, 73, 69, 39, 84, 70, 3, 92, 25, 55, 75, 28, 51, 7, 33, 61, 48, 98, 89, 50, 4, 96, 53, 8, 91, 80, 34, 49, 52, 0, 13, 2, 37, 74]|[1, 1, 0, 1, 1, 0, 1, 2, 2, 1, 2, 2, 2, 1, 1, 0, 0, 1, 0, 2, 2, 0, 0, 2, 2, 1, 2, 2, 0, 0, 1, 2, 1, 2, 1, 0, 2, 0, 1, 1, 0, 1, 1, 1, 0, 2, 2, 1, 0, 0, 0, 0, 1, 1, 2, 1, 0, 2, 0, 2, 2, 1, 0, 1, 2, 1, 2, 1, 1, 1, 1, 1, 1, 0, 1, 2, 0, 0, 0, 1, 2, 1, 0, 2, 1, 0, 1, 2, 0, 1, 0, 0, 2, 0, 1, 0, 0, 0, 1, 2]|[4, 3, 2, 2, 4, 1, 2, 2, 2, 4, 1, 1, 2, 4, 4, 1, 2, 4, 2, 1, 1, 1, 1, 2, 1, 2, 1, 1, 1, 1, 3, 2, 3, 1, 4, 0, 1, 1, 0, 3, 2, 2, 2, 0, 1, 1, 1, 4, 0, 1, 2, 1, 1, 4, 0, 3, 1, 1, 1, 1, 1, 3, 1, 1, 1, 3, 1, 4, 4, 4, 1, 3, 1, 0, 4, 1, 1, 2, 1, 1, 1, 3, 1, 1, 1, 1, 4, 1, 2, 3, 1, 1, 1, 1, 1, 2, 2, 2, 4, 1]|[0, 2, 1, 1, 3, 0, 1, 0, 0, 0, 0, 0, 1, 0, 1, 0, 0, 3, 1, 0, 0, 0, 0, 1, 0, 2, 0, 0, 0, 0, 0, 0, 0, 0, 3, 0, 1, 0, 0, 2, 1, 1, 1, 0, 0, 0, 0, 2, 1, 0, 0, 0, 1, 3, 0, 0, 0, 0, 0, 0, 0, 2, 0, 1, 0, 2, 0, 0, 2, 1, 3, 0, 1, 1, 3, 0, 0, 1, 0, 2, 0, 0, 0, 0, 1, 0, 0, 0, 1, 2, 0, 0, 0, 1, 1, 0, 0, 0, 1, 0],821.9358107439288,54885.39358643736,102427.86673951944,false
55,G2_TEC,G2_TEC,[31, 94, 82, 15, 26, 9, 95, 42, 77, 68, 47, 5, 93, 78, 86, 54, 85, 63, 18, 44, 20, 49, 36, 14, 74, 50, 53, 17, 21, 28, 11, 64, 3, 23, 30, 83, 24, 41, 40, 52, 65, 27, 90, 70, 39, 87, 48, 69, 99, 4, 98, 1, 13, 56, 97, 59, 45, 8, 73, 37, 35, 79, 71, 66, 76, 32, 60, 80, 58, 6, 67, 61, 33, 7, 57, 34, 12, 16, 10, 22, 96, 88, 43, 81, 91, 2, 84, 29, 92, 19, 89, 55, 51, 46, 25, 75, 38, 72, 62, 0]|[2, 1, 2, 1, 1, 2, 1, 1, 1, 1, 1, 0, 2, 2, 1, 2, 0, 0, 0, 2, 2, 1, 0, 2, 0, 2, 2, 1, 0, 1, 1, 1, 0, 0, 1, 0, 2, 1, 2, 2, 0, 0, 1, 1, 0, 2, 0, 2, 1, 0, 2, 2, 0, 2, 2, 0, 1, 1, 0, 0, 2, 1, 1, 2, 2, 0, 2, 2, 2, 1, 2, 1, 1, 2, 0, 1, 1, 2, 1, 2, 0, 1, 1, 1, 1, 0, 0, 1, 0, 1, 1, 0, 1, 0, 1, 0, 0, 1, 1, 0]|[0, 3, 0, 3, 4, 1, 4, 4, 4, 4, 3, 2, 1, 0, 2, 1, 1, 1, 2, 1, 1, 3, 0, 1, 0, 1, 1, 4, 1, 4, 3, 2, 2, 0, 4, 1, 1, 4, 1, 1, 2, 1, 4, 4, 1, 1, 0, 1, 3, 2, 1, 1, 2, 1, 1, 2, 4, 3, 0, 2, 1, 3, 3, 1, 1, 2, 1, 1, 1, 4, 1, 3, 4, 1, 2, 4, 3, 1, 3, 1, 2, 4, 4, 4, 3, 2, 2, 3, 2, 4, 4, 2, 3, 2, 4, 2, 2, 4, 3, 2]|[0, 2, 0, 0, 3, 0, 1, 3, 1, 0, 2, 0, 1, 0, 1, 0, 0, 0, 1, 0, 0, 2, 0, 0, 1, 0, 0, 3, 0, 1, 0, 2, 0, 0, 3, 0, 1, 1, 0, 0, 0, 0, 1, 3, 0, 0, 1, 0, 2, 0, 0, 0, 0, 0, 1, 0, 1, 0, 1, 1, 0, 2, 0, 0, 0, 0, 0, 0, 0, 2, 0, 0, 1, 0, 0, 1, 0, 0, 3, 0, 0, 1, 2, 2, 0, 0, 0, 3, 0, 1, 1, 0, 0, 0, 3, 0, 0, 1, 0, 0],910.6016522559228,48441.78517559203,107030.90942221809,false
55,G3_TWC,G3_TWC,[31, 22, 42, 15, 26, 58, 95, 82, 77, 12, 47, 5, 93, 78, 98, 54, 85, 63, 18, 44, 20, 35, 43, 97, 91, 76, 10, 30, 21, 45, 71, 64, 1, 23, 17, 83, 24, 61, 60, 49, 6, 57, 94, 88, 65, 56, 79, 40, 67, 68, 46, 75, 0, 9, 19, 32, 81, 41, 27, 62, 87, 90, 99, 59, 53, 16, 72, 73, 70, 39, 37, 84, 3, 92, 25, 74, 28, 38, 51, 7, 11, 14, 86, 48, 89, 66, 50, 96, 33, 80, 4, 8, 34, 36, 55, 2, 13, 52, 69, 29]|[1, 1, 0, 1, 1, 1, 2, 1, 2, 1, 2, 2, 2, 1, 1, 0, 0, 1, 0, 2, 2, 0, 1, 2, 0, 1, 2, 2, 0, 0, 1, 2, 1, 0, 1, 0, 2, 0, 1, 1, 0, 1, 1, 1, 0, 2, 1, 1, 0, 0, 0, 0, 1, 1, 2, 1, 2, 0, 0, 0, 2, 1, 0, 1, 0, 1, 2, 1, 1, 1, 1, 1, 2, 0, 1, 2, 0, 0, 0, 1, 0, 1, 0, 0, 1, 0, 0, 0, 2, 0, 0, 1, 2, 0, 1, 0, 0, 1, 1, 0]|[4, 3, 2, 2, 0, 0, 2, 2, 2, 4, 1, 1, 2, 4, 4, 1, 1, 4, 2, 1, 1, 1, 1, 2, 1, 2, 1, 1, 1, 1, 3, 2, 3, 0, 4, 0, 1, 1, 0, 3, 2, 2, 4, 0, 1, 1, 3, 2, 0, 1, 2, 2, 1, 4, 0, 3, 2, 1, 1, 2, 1, 3, 1, 1, 2, 3, 0, 4, 3, 1, 4, 1, 1, 2, 4, 1, 2, 1, 1, 3, 2, 3, 1, 1, 1, 1, 1, 1, 1, 1, 2, 3, 1, 1, 4, 2, 2, 1, 3, 2]|[0, 2, 1, 1, 3, 3, 0, 1, 0, 0, 0, 0, 1, 0, 1, 0, 0, 3, 1, 0, 0, 0, 3, 1, 0, 2, 0, 0, 0, 1, 0, 0, 0, 0, 3, 0, 1, 0, 0, 2, 1, 1, 2, 0, 0, 0, 0, 1, 1, 0, 0, 0, 1, 3, 0, 0, 1, 0, 0, 1, 0, 2, 0, 1, 1, 2, 1, 0, 0, 1, 1, 3, 0, 1, 3, 0, 1, 0, 0, 2, 1, 0, 0, 0, 1, 0, 0, 0, 0, 0, 1, 2, 0, 1, 3, 0, 0, 1, 0, 0],846.5931657707905,57781.432218873764,86599.3836876579,false
55,G1_CMAX,G1_CMAX,[31, 22, 90, 26, 58, 95, 42, 12, 93, 5, 78, 86, 98, 18, 20, 35, 3, 97, 91, 76, 10, 85, 54, 45, 63, 71, 66, 1, 23, 17, 24, 60, 36, 6, 57, 15, 65, 56, 47, 79, 94, 67, 50, 46, 14, 75, 38, 9, 30, 19, 32, 81, 27, 92, 83, 87, 40, 99, 59, 11, 53, 16, 72, 77, 73, 70, 39, 37, 84, 43, 62, 25, 55, 28, 29, 51, 68, 82, 74, 61, 88, 21, 80, 89, 7, 69, 96, 41, 48, 4, 8, 34, 49, 52, 0, 44, 13, 2, 64, 33]|[1, 1, 1, 1, 0, 2, 1, 1, 2, 2, 2, 1, 0, 1, 2, 2, 1, 2, 0, 1, 2, 2, 2, 0, 0, 1, 2, 1, 2, 1, 2, 1, 1, 0, 1, 1, 0, 2, 2, 1, 1, 0, 0, 0, 0, 1, 1, 1, 1, 2, 1, 2, 2, 0, 0, 2, 1, 0, 0, 2, 0, 1, 2, 2, 1, 1, 1, 1, 1, 1, 0, 1, 1, 0, 0, 0, 0, 0, 2, 1, 1, 0, 0, 1, 1, 1, 2, 2, 0, 1, 1, 2, 0, 1, 0, 0, 0, 0, 2, 2]|[0, 4, 3, 0, 1, 1, 2, 4, 1, 1, 2, 4, 1, 4, 1, 1, 1, 2, 2, 2, 2, 1, 1, 1, 2, 3, 2, 3, 0, 4, 1, 0, 3, 2, 2, 2, 1, 1, 1, 0, 2, 0, 1, 2, 1, 3, 1, 4, 2, 0, 3, 2, 1, 2, 1, 1, 4, 1, 1, 1, 2, 3, 0, 2, 4, 3, 1, 4, 1, 1, 1, 4, 4, 2, 1, 1, 1, 2, 1, 3, 0, 1, 1, 1, 1, 3, 1, 1, 1, 4, 3, 1, 1, 1, 2, 2, 2, 2, 1, 1]|[3, 0, 2, 3, 0, 0, 1, 0, 0, 0, 1, 0, 0, 3, 0, 0, 1, 1, 1, 2, 1, 0, 0, 0, 0, 0, 0, 0, 0, 3, 1, 0, 2, 1, 1, 1, 0, 0, 0, 0, 1, 1, 0, 0, 0, 0, 1, 3, 2, 0, 0, 1, 0, 1, 0, 0, 2, 0, 0, 0, 1, 2, 1, 1, 0, 0, 1, 1, 3, 3, 0, 3, 3, 1, 0, 0, 0, 1, 0, 0, 0, 0, 0, 1, 2, 2, 0, 0, 0, 0, 2, 0, 1, 1, 0, 0, 0, 0, 0, 0],705.0470749739228,58445.79123614564,95781.2895945797,false
55,G4_BALANCED,G4_BALANCED,[31, 22, 42, 15, 26, 58, 95, 82, 77, 12, 47, 5, 93, 78, 98, 54, 85, 63, 18, 44, 20, 35, 43, 97, 91, 76, 10, 30, 21, 45, 71, 64, 1, 23, 17, 83, 24, 61, 60, 49, 6, 57, 94, 88, 65, 56, 79, 40, 67, 68, 46, 75, 38, 9, 19, 32, 81, 41, 27, 62, 87, 90, 99, 59, 11, 16, 72, 73, 70, 39, 37, 84, 3, 92, 25, 55, 28, 29, 51, 7, 53, 14, 86, 48, 89, 50, 80, 96, 33, 66, 4, 8, 0, 36, 74, 52, 13, 2, 69, 34]|[1, 1, 0, 1, 1, 1, 2, 1, 2, 1, 2, 2, 2, 1, 1, 0, 0, 1, 0, 2, 2, 0, 1, 2, 0, 1, 2, 2, 0, 0, 1, 2, 1, 2, 1, 0, 2, 0, 1, 1, 0, 1, 1, 1, 0, 2, 1, 1, 0, 0, 0, 0, 1, 1, 2, 1, 2, 0, 0, 0, 2, 1, 0, 1, 2, 1, 2, 1, 1, 1, 1, 2, 2, 0, 1, 1, 0, 0, 0, 1, 0, 1, 0, 0, 1, 0, 0, 2, 2, 0, 0, 1, 0, 0, 2, 1, 0, 0, 1, 2]|[4, 3, 2, 2, 0, 0, 2, 2, 2, 4, 1, 1, 2, 4, 4, 1, 1, 4, 2, 1, 1, 1, 1, 2, 1, 2, 1, 1, 1, 1, 3, 2, 3, 0, 4, 0, 1, 1, 0, 3, 2, 2, 4, 0, 1, 1, 3, 2, 0, 1, 2, 2, 1, 4, 0, 3, 2, 1, 1, 2, 1, 3, 1, 1, 1, 3, 0, 4, 3, 1, 4, 1, 1, 2, 4, 4, 2, 1, 1, 3, 2, 3, 1, 1, 1, 1, 1, 1, 1, 1, 2, 3, 2, 1, 1, 1, 2, 2, 3, 1]|[0, 2, 1, 1, 3, 3, 0, 1, 0, 0, 0, 0, 1, 0, 1, 0, 0, 3, 1, 0, 0, 0, 3, 1, 0, 2, 0, 0, 0, 1, 0, 0, 0, 0, 3, 0, 1, 0, 0, 2, 1, 1, 2, 0, 0, 0, 0, 1, 1, 0, 0, 0, 1, 3, 0, 0, 1, 0, 0, 1, 0, 2, 0, 1, 0, 2, 1, 0, 0, 1, 1, 0, 0, 1, 3, 3, 1, 0, 0, 2, 1, 0, 0, 0, 1, 0, 0, 0, 0, 0, 1, 2, 0, 1, 0, 1, 0, 0, 0, 0],774.3124913758709,56982.594735328545,89805.02571753971,false
55,G2_TEC,G2_TEC,[31, 94, 82, 15, 26, 9, 95, 42, 77, 68, 47, 5, 93, 78, 86, 54, 85, 63, 18, 44, 20, 49, 36, 14, 74, 50, 53, 17, 21, 28, 11, 64, 3, 23, 30, 83, 24, 41, 40, 52, 65, 27, 90, 70, 39, 87, 48, 69, 99, 4, 98, 1, 13, 56, 97, 59, 45, 8, 73, 37, 35, 79, 71, 66, 76, 32, 60, 80, 58, 6, 67, 61, 33, 7, 57, 34, 12, 16, 10, 22, 96, 88, 43, 81, 91, 2, 84, 29, 92, 19, 89, 55, 51, 46, 25, 75, 38, 72, 62, 0]|[2, 1, 2, 1, 1, 2, 1, 1, 1, 1, 1, 0, 2, 2, 1, 2, 0, 0, 0, 2, 2, 1, 0, 2, 0, 2, 2, 1, 0, 1, 1, 1, 0, 0, 1, 0, 2, 1, 2, 2, 0, 0, 1, 1, 0, 2, 0, 2, 1, 0, 2, 2, 0, 2, 2, 0, 1, 1, 0, 0, 2, 1, 1, 2, 2, 0, 2, 2, 2, 1, 2, 1, 1, 2, 0, 1, 1, 2, 1, 2, 0, 1, 1, 1, 1, 0, 0, 1, 0, 1, 1, 0, 1, 0, 1, 0, 0, 1, 1, 0]|[0, 3, 0, 3, 4, 1, 4, 4, 4, 4, 3, 2, 1, 0, 2, 1, 1, 1, 2, 1, 1, 3, 0, 1, 0, 1, 1, 4, 1, 4, 3, 2, 2, 0, 4, 1, 1, 4, 1, 1, 2, 1, 4, 4, 1, 1, 0, 1, 3, 2, 1, 1, 2, 1, 1, 2, 4, 3, 0, 2, 1, 3, 3, 1, 1, 2, 1, 1, 1, 4, 1, 3, 4, 1, 2, 4, 3, 1, 3, 1, 2, 4, 4, 4, 3, 2, 2, 3, 2, 4, 4, 2, 3, 2, 4, 2, 2, 4, 3, 2]|[0, 2, 0, 0, 3, 0, 1, 3, 1, 0, 2, 0, 1, 0, 1, 0, 0, 0, 1, 0, 0, 2, 0, 0, 1, 0, 0, 3, 0, 1, 0, 2, 0, 0, 3, 0, 1, 1, 0, 0, 0, 0, 1, 3, 0, 0, 1, 0, 2, 0, 0, 0, 0, 0, 1, 0, 1, 0, 1, 1, 0, 2, 0, 0, 0, 0, 0, 0, 0, 2, 0, 0, 1, 0, 0, 1, 0, 0, 3, 0, 0, 1, 2, 2, 0, 0, 0, 3, 0, 1, 1, 0, 0, 0, 3, 0, 0, 1, 0, 0],910.6016522559228,48441.78517559203,107030.90942221809,false
55,G3_TWC,G3_TWC,[31, 22, 42, 15, 26, 58, 95, 82, 77, 12, 47, 5, 93, 78, 98, 54, 85, 63, 18, 44, 20, 35, 43, 97, 91, 76, 10, 30, 21, 45, 71, 64, 1, 23, 17, 83, 24, 61, 60, 49, 6, 57, 94, 88, 65, 56, 79, 40, 67, 68, 46, 75, 0, 9, 19, 32, 81, 41, 27, 62, 87, 90, 99, 59, 53, 16, 72, 73, 70, 39, 37, 84, 3, 92, 25, 74, 28, 38, 51, 7, 11, 14, 86, 48, 89, 66, 50, 96, 33, 80, 4, 8, 34, 36, 55, 2, 13, 52, 69, 29]|[1, 1, 0, 1, 1, 1, 2, 1, 2, 1, 2, 2, 2, 1, 1, 0, 0, 1, 0, 2, 2, 0, 1, 2, 0, 1, 2, 2, 0, 0, 1, 2, 1, 0, 1, 0, 2, 0, 1, 1, 0, 1, 1, 1, 0, 2, 1, 1, 0, 0, 0, 0, 1, 1, 2, 1, 2, 0, 0, 0, 2, 1, 0, 1, 0, 1, 2, 1, 1, 1, 1, 1, 2, 0, 1, 2, 0, 0, 0, 1, 0, 1, 0, 0, 1, 0, 0, 0, 2, 0, 0, 1, 2, 0, 1, 0, 0, 1, 1, 0]|[4, 3, 2, 2, 0, 0, 2, 2, 2, 4, 1, 1, 2, 4, 4, 1, 1, 4, 2, 1, 1, 1, 1, 2, 1, 2, 1, 1, 1, 1, 3, 2, 3, 0, 4, 0, 1, 1, 0, 3, 2, 2, 4, 0, 1, 1, 3, 2, 0, 1, 2, 2, 1, 4, 0, 3, 2, 1, 1, 2, 1, 3, 1, 1, 2, 3, 0, 4, 3, 1, 4, 1, 1, 2, 4, 1, 2, 1, 1, 3, 2, 3, 1, 1, 1, 1, 1, 1, 1, 1, 2, 3, 1, 1, 4, 2, 2, 1, 3, 2]|[0, 2, 1, 1, 3, 3, 0, 1, 0, 0, 0, 0, 1, 0, 1, 0, 0, 3, 1, 0, 0, 0, 3, 1, 0, 2, 0, 0, 0, 1, 0, 0, 0, 0, 3, 0, 1, 0, 0, 2, 1, 1, 2, 0, 0, 0, 0, 1, 1, 0, 0, 0, 1, 3, 0, 0, 1, 0, 0, 1, 0, 2, 0, 1, 1, 2, 1, 0, 0, 1, 1, 3, 0, 1, 3, 0, 1, 0, 0, 2, 1, 0, 0, 0, 1, 0, 0, 0, 0, 0, 1, 2, 0, 1, 3, 0, 0, 1, 0, 0],846.5931657707905,57781.432218873764,86599.3836876579,false
55,G1_CMAX,G1_CMAX,[31, 22, 90, 26, 58, 95, 42, 12, 93, 5, 78, 86, 98, 18, 20, 35, 3, 97, 91, 76, 10, 85, 54, 45, 63, 71, 66, 1, 23, 17, 24, 60, 36, 6, 57, 15, 65, 56, 47, 79, 94, 67, 50, 46, 14, 75, 38, 9, 30, 19, 32, 81, 27, 92, 83, 87, 40, 99, 59, 11, 53, 16, 72, 77, 73, 70, 39, 37, 84, 43, 62, 25, 55, 28, 29, 51, 68, 82, 74, 61, 88, 21, 80, 89, 7, 69, 96, 41, 48, 4, 8, 34, 49, 52, 0, 44, 13, 2, 64, 33]|[1, 1, 1, 1, 0, 2, 1, 1, 2, 2, 2, 1, 0, 1, 2, 2, 1, 2, 0, 1, 2, 2, 2, 0, 0, 1, 2, 1, 2, 1, 2, 1, 1, 0, 1, 1, 0, 2, 2, 1, 1, 0, 0, 0, 0, 1, 1, 1, 1, 2, 1, 2, 2, 0, 0, 2, 1, 0, 0, 2, 0, 1, 2, 2, 1, 1, 1, 1, 1, 1, 0, 1, 1, 0, 0, 0, 0, 0, 2, 1, 1, 0, 0, 1, 1, 1, 2, 2, 0, 1, 1, 2, 0, 1, 0, 0, 0, 0, 2, 2]|[0, 4, 3, 0, 1, 1, 2, 4, 1, 1, 2, 4, 1, 4, 1, 1, 1, 2, 2, 2, 2, 1, 1, 1, 2, 3, 2, 3, 0, 4, 1, 0, 3, 2, 2, 2, 1, 1, 1, 0, 2, 0, 1, 2, 1, 3, 1, 4, 2, 0, 3, 2, 1, 2, 1, 1, 4, 1, 1, 1, 2, 3, 0, 2, 4, 3, 1, 4, 1, 1, 1, 4, 4, 2, 1, 1, 1, 2, 1, 3, 0, 1, 1, 1, 1, 3, 1, 1, 1, 4, 3, 1, 1, 1, 2, 2, 2, 2, 1, 1]|[3, 0, 2, 3, 0, 0, 1, 0, 0, 0, 1, 0, 0, 3, 0, 0, 1, 1, 1, 2, 1, 0, 0, 0, 0, 0, 0, 0, 0, 3, 1, 0, 2, 1, 1, 1, 0, 0, 0, 0, 1, 1, 0, 0, 0, 0, 1, 3, 2, 0, 0, 1, 0, 1, 0, 0, 2, 0, 0, 0, 1, 2, 1, 1, 0, 0, 1, 1, 3, 3, 0, 3, 3, 1, 0, 0, 0, 1, 0, 0, 0, 0, 0, 1, 2, 2, 0, 0, 0, 0, 2, 0, 1, 1, 0, 0, 0, 0, 0, 0],705.0470749739228,58445.79123614564,95781.2895945797,false
55,G4_BALANCED,G3_TWC,[31, 22, 42, 15, 26, 58, 95, 82, 77, 12, 47, 5, 93, 78, 98, 54, 85, 63, 18, 44, 20, 35, 43, 97, 91, 76, 10, 30, 21, 45, 71, 64, 1, 23, 17, 83, 24, 61, 60, 49, 6, 57, 94, 88, 65, 56, 79, 40, 67, 68, 46, 75, 38, 9, 19, 32, 81, 41, 27, 62, 87, 90, 99, 59, 53, 16, 72, 73, 70, 39, 37, 84, 3, 92, 25, 74, 28, 0, 51, 50, 11, 14, 86, 48, 89, 7, 66, 96, 33, 80, 4, 8, 55, 36, 34, 2, 13, 52, 69, 29]|[1, 1, 0, 1, 1, 1, 2, 1, 2, 1, 2, 2, 2, 1, 1, 0, 0, 1, 0, 2, 2, 0, 1, 2, 0, 1, 2, 2, 0, 0, 1, 2, 1, 0, 1, 0, 2, 0, 1, 1, 0, 1, 1, 1, 0, 2, 1, 1, 0, 0, 0, 0, 1, 1, 2, 1, 2, 0, 0, 0, 2, 1, 0, 1, 0, 1, 2, 1, 1, 1, 1, 1, 2, 0, 1, 1, 0, 0, 0, 1, 2, 1, 0, 0, 1, 1, 0, 2, 2, 0, 0, 1, 1, 0, 2, 0, 0, 1, 1, 0]|[4, 3, 2, 2, 0, 0, 2, 2, 2, 4, 1, 1, 2, 4, 4, 1, 1, 4, 2, 1, 1, 1, 1, 2, 1, 2, 1, 1, 1, 1, 3, 2, 3, 0, 4, 0, 1, 1, 0, 3, 2, 2, 4, 0, 1, 1, 3, 2, 0, 1, 2, 2, 1, 4, 0, 3, 2, 1, 1, 2, 1, 3, 1, 1, 2, 3, 0, 4, 3, 1, 4, 1, 1, 2, 4, 4, 2, 1, 1, 3, 1, 3, 1, 1, 1, 3, 1, 1, 1, 1, 2, 3, 4, 1, 1, 2, 2, 1, 3, 2]|[0, 2, 1, 1, 3, 3, 0, 1, 0, 0, 0, 0, 1, 0, 1, 0, 0, 3, 1, 0, 0, 0, 3, 1, 0, 2, 0, 0, 0, 1, 0, 0, 0, 0, 3, 0, 1, 0, 0, 2, 1, 1, 2, 0, 0, 0, 0, 1, 1, 0, 0, 0, 1, 3, 0, 0, 1, 0, 0, 1, 0, 2, 0, 1, 1, 2, 1, 0, 0, 1, 1, 3, 0, 1, 3, 3, 1, 0, 0, 2, 0, 0, 0, 0, 1, 2, 0, 0, 0, 0, 1, 2, 3, 1, 0, 0, 0, 1, 0, 0],771.623330458573,57490.61701591934,87894.930479588,true
55,G2_TEC,G2_TEC,[31, 94, 82, 15, 26, 9, 95, 42, 77, 68, 47, 5, 93, 78, 86, 54, 85, 63, 18, 44, 20, 49, 36, 14, 74, 50, 53, 17, 21, 28, 11, 64, 3, 23, 30, 83, 24, 41, 40, 52, 65, 27, 90, 70, 39, 87, 48, 69, 99, 4, 98, 1, 13, 56, 97, 59, 45, 8, 73, 37, 35, 79, 71, 66, 76, 32, 60, 80, 58, 6, 67, 61, 33, 7, 57, 34, 12, 16, 10, 22, 96, 88, 43, 81, 91, 2, 84, 29, 92, 19, 89, 55, 51, 46, 25, 75, 38, 72, 62, 0]|[2, 1, 2, 1, 1, 2, 1, 1, 1, 1, 1, 0, 2, 2, 1, 2, 0, 0, 0, 2, 2, 1, 0, 2, 0, 2, 2, 1, 0, 1, 1, 1, 0, 0, 1, 0, 2, 1, 2, 2, 0, 0, 1, 1, 0, 2, 0, 2, 1, 0, 2, 2, 0, 2, 2, 0, 1, 1, 0, 0, 2, 1, 1, 2, 2, 0, 2, 2, 2, 1, 2, 1, 1, 2, 0, 1, 1, 2, 1, 2, 0, 1, 1, 1, 1, 0, 0, 1, 0, 1, 1, 0, 1, 0, 1, 0, 0, 1, 1, 0]|[0, 3, 0, 3, 4, 1, 4, 4, 4, 4, 3, 2, 1, 0, 2, 1, 1, 1, 2, 1, 1, 3, 0, 1, 0, 1, 1, 4, 1, 4, 3, 2, 2, 0, 4, 1, 1, 4, 1, 1, 2, 1, 4, 4, 1, 1, 0, 1, 3, 2, 1, 1, 2, 1, 1, 2, 4, 3, 0, 2, 1, 3, 3, 1, 1, 2, 1, 1, 1, 4, 1, 3, 4, 1, 2, 4, 3, 1, 3, 1, 2, 4, 4, 4, 3, 2, 2, 3, 2, 4, 4, 2, 3, 2, 4, 2, 2, 4, 3, 2]|[0, 2, 0, 0, 3, 0, 1, 3, 1, 0, 2, 0, 1, 0, 1, 0, 0, 0, 1, 0, 0, 2, 0, 0, 1, 0, 0, 3, 0, 1, 0, 2, 0, 0, 3, 0, 1, 1, 0, 0, 0, 0, 1, 3, 0, 0, 1, 0, 2, 0, 0, 0, 0, 0, 1, 0, 1, 0, 1, 1, 0, 2, 0, 0, 0, 0, 0, 0, 0, 2, 0, 0, 1, 0, 0, 1, 0, 0, 3, 0, 0, 1, 2, 2, 0, 0, 0, 3, 0, 1, 1, 0, 0, 0, 3, 0, 0, 1, 0, 0],910.6016522559228,48441.78517559203,107030.90942221809,false
55,G3_TWC,G3_TWC,[31, 22, 42, 15, 26, 58, 95, 82, 77, 12, 47, 5, 93, 78, 98, 54, 85, 63, 18, 44, 20, 35, 43, 97, 91, 76, 10, 30, 21, 45, 71, 64, 1, 23, 17, 83, 24, 61, 60, 49, 6, 57, 94, 88, 65, 56, 79, 40, 67, 68, 46, 75, 0, 9, 19, 32, 81, 41, 27, 62, 87, 90, 99, 59, 53, 16, 72, 73, 70, 39, 37, 84, 3, 92, 25, 74, 28, 38, 51, 7, 11, 14, 86, 48, 89, 66, 50, 96, 33, 80, 4, 8, 34, 36, 55, 2, 13, 52, 69, 29]|[1, 1, 0, 1, 1, 1, 2, 1, 2, 1, 2, 2, 2, 1, 1, 0, 0, 1, 0, 2, 2, 0, 1, 2, 0, 1, 2, 2, 0, 0, 1, 2, 1, 0, 1, 0, 2, 0, 1, 1, 0, 1, 1, 1, 0, 2, 1, 1, 0, 0, 0, 0, 1, 1, 2, 1, 2, 0, 0, 0, 2, 1, 0, 1, 0, 1, 2, 1, 1, 1, 1, 1, 2, 0, 1, 2, 0, 0, 0, 1, 0, 1, 0, 0, 1, 0, 0, 0, 2, 0, 0, 1, 2, 0, 1, 0, 0, 1, 1, 0]|[4, 3, 2, 2, 0, 0, 2, 2, 2, 4, 1, 1, 2, 4, 4, 1, 1, 4, 2, 1, 1, 1, 1, 2, 1, 2, 1, 1, 1, 1, 3, 2, 3, 0, 4, 0, 1, 1, 0, 3, 2, 2, 4, 0, 1, 1, 3, 2, 0, 1, 2, 2, 1, 4, 0, 3, 2, 1, 1, 2, 1, 3, 1, 1, 2, 3, 0, 4, 3, 1, 4, 1, 1, 2, 4, 1, 2, 1, 1, 3, 2, 3, 1, 1, 1, 1, 1, 1, 1, 1, 2, 3, 1, 1, 4, 2, 2, 1, 3, 2]|[0, 2, 1, 1, 3, 3, 0, 1, 0, 0, 0, 0, 1, 0, 1, 0, 0, 3, 1, 0, 0, 0, 3, 1, 0, 2, 0, 0, 0, 1, 0, 0, 0, 0, 3, 0, 1, 0, 0, 2, 1, 1, 2, 0, 0, 0, 0, 1, 1, 0, 0, 0, 1, 3, 0, 0, 1, 0, 0, 1, 0, 2, 0, 1, 1, 2, 1, 0, 0, 1, 1, 3, 0, 1, 3, 0, 1, 0, 0, 2, 1, 0, 0, 0, 1, 0, 0, 0, 0, 0, 1, 2, 0, 1, 3, 0, 0, 1, 0, 0],846.5931657707905,57781.432218873764,86599.3836876579,false
55,G1_CMAX,G1_CMAX,[31, 22, 90, 26, 58, 95, 42, 12, 93, 5, 78, 86, 98, 18, 20, 35, 3, 97, 91, 76, 10, 85, 54, 45, 63, 71, 66, 1, 23, 17, 24, 60, 36, 6, 57, 15, 65, 56, 47, 79, 94, 67, 50, 46, 14, 75, 38, 9, 30, 19, 32, 81, 27, 92, 83, 87, 40, 99, 59, 11, 53, 16, 72, 77, 73, 70, 39, 37, 84, 43, 62, 25, 55, 28, 29, 51, 68, 82, 74, 61, 88, 21, 80, 89, 7, 69, 96, 41, 48, 4, 8, 34, 49, 52, 0, 44, 13, 2, 64, 33]|[1, 1, 1, 1, 0, 2, 1, 1, 2, 2, 2, 1, 0, 1, 2, 2, 1, 2, 0, 1, 2, 2, 2, 0, 0, 1, 2, 1, 2, 1, 2, 1, 1, 0, 1, 1, 0, 2, 2, 1, 1, 0, 0, 0, 0, 1, 1, 1, 1, 2, 1, 2, 2, 0, 0, 2, 1, 0, 0, 2, 0, 1, 2, 2, 1, 1, 1, 1, 1, 1, 0, 1, 1, 0, 0, 0, 0, 0, 2, 1, 1, 0, 0, 1, 1, 1, 2, 2, 0, 1, 1, 2, 0, 1, 0, 0, 0, 0, 2, 2]|[0, 4, 3, 0, 1, 1, 2, 4, 1, 1, 2, 4, 1, 4, 1, 1, 1, 2, 2, 2, 2, 1, 1, 1, 2, 3, 2, 3, 0, 4, 1, 0, 3, 2, 2, 2, 1, 1, 1, 0, 2, 0, 1, 2, 1, 3, 1, 4, 2, 0, 3, 2, 1, 2, 1, 1, 4, 1, 1, 1, 2, 3, 0, 2, 4, 3, 1, 4, 1, 1, 1, 4, 4, 2, 1, 1, 1, 2, 1, 3, 0, 1, 1, 1, 1, 3, 1, 1, 1, 4, 3, 1, 1, 1, 2, 2, 2, 2, 1, 1]|[3, 0, 2, 3, 0, 0, 1, 0, 0, 0, 1, 0, 0, 3, 0, 0, 1, 1, 1, 2, 1, 0, 0, 0, 0, 0, 0, 0, 0, 3, 1, 0, 2, 1, 1, 1, 0, 0, 0, 0, 1, 1, 0, 0, 0, 0, 1, 3, 2, 0, 0, 1, 0, 1, 0, 0, 2, 0, 0, 0, 1, 2, 1, 1, 0, 0, 1, 1, 3, 3, 0, 3, 3, 1, 0, 0, 0, 1, 0, 0, 0, 0, 0, 1, 2, 2, 0, 0, 0, 0, 2, 0, 1, 1, 0, 0, 0, 0, 0, 0],705.0470749739228,58445.79123614564,95781.2895945797,false
55,G4_BALANCED,G4_BALANCED,[31, 11, 15, 82, 26, 9, 95, 32, 77, 68, 47, 5, 93, 78, 86, 54, 85, 63, 18, 44, 20, 49, 36, 14, 74, 50, 53, 17, 21, 45, 71, 64, 3, 23, 30, 83, 24, 41, 60, 52, 65, 27, 90, 70, 39, 87, 48, 69, 99, 4, 46, 1, 13, 58, 97, 59, 28, 8, 73, 37, 35, 79, 22, 66, 76, 42, 40, 80, 96, 6, 16, 61, 33, 7, 57, 34, 12, 67, 10, 98, 56, 88, 29, 75, 91, 38, 19, 92, 43, 84, 51, 72, 81, 0, 2, 55, 94, 89, 62, 25]|[2, 1, 1, 2, 1, 2, 1, 1, 1, 1, 1, 0, 2, 2, 1, 2, 0, 0, 0, 2, 2, 1, 0, 2, 0, 2, 2, 1, 0, 1, 1, 1, 0, 0, 1, 0, 2, 1, 2, 2, 0, 0, 1, 1, 0, 2, 0, 2, 1, 0, 0, 2, 0, 0, 2, 0, 1, 1, 0, 0, 2, 1, 0, 2, 2, 0, 2, 2, 0, 1, 2, 1, 1, 2, 0, 1, 1, 1, 1, 2, 2, 1, 1, 0, 1, 0, 1, 0, 1, 0, 1, 1, 1, 0, 2, 0, 2, 1, 1, 1]|[1, 3, 2, 0, 4, 1, 4, 4, 2, 4, 3, 2, 1, 0, 2, 1, 1, 1, 2, 1, 1, 3, 0, 1, 0, 1, 1, 4, 1, 4, 3, 2, 2, 0, 4, 1, 1, 4, 0, 1, 2, 1, 4, 4, 1, 1, 0, 2, 3, 2, 2, 1, 2, 1, 1, 2, 4, 3, 0, 2, 2, 3, 1, 0, 1, 2, 0, 1, 2, 4, 1, 3, 4, 1, 2, 4, 3, 3, 3, 1, 1, 4, 3, 2, 3, 2, 4, 2, 4, 2, 3, 4, 1, 2, 1, 2, 1, 4, 3, 4]|[1, 2, 1, 0, 3, 0, 1, 3, 0, 0, 2, 0, 1, 0, 1, 0, 0, 0, 1, 0, 0, 2, 0, 0, 1, 0, 0, 3, 0, 1, 0, 2, 0, 1, 3, 0, 1, 3, 1, 0, 0, 0, 1, 3, 0, 0, 1, 0, 2, 0, 0, 0, 0, 0, 1, 0, 1, 0, 1, 1, 0, 2, 0, 0, 0, 0, 0, 0, 0, 2, 0, 0, 1, 0, 0, 1, 0, 0, 3, 0, 0, 1, 0, 0, 0, 0, 3, 0, 2, 0, 0, 2, 1, 0, 0, 0, 0, 1, 0, 3],846.6109372053031,52128.769557101376,106800.59864073119,false
55,G2_TEC,G2_TEC,[31, 94, 82, 15, 26, 9, 95, 42, 77, 68, 47, 5, 93, 78, 86, 54, 85, 63, 18, 44, 20, 49, 36, 14, 74, 50, 53, 17, 21, 28, 11, 64, 3, 23, 30, 83, 24, 41, 40, 52, 65, 27, 90, 70, 39, 87, 48, 69, 99, 4, 98, 1, 13, 56, 97, 59, 45, 8, 73, 37, 35, 79, 71, 66, 76, 32, 60, 80, 58, 6, 67, 61, 33, 7, 57, 34, 12, 16, 10, 22, 96, 88, 43, 81, 91, 2, 84, 29, 92, 19, 89, 55, 51, 46, 25, 75, 38, 72, 62, 0]|[2, 1, 2, 1, 1, 2, 1, 1, 1, 1, 1, 0, 2, 2, 1, 2, 0, 0, 0, 2, 2, 1, 0, 2, 0, 2, 2, 1, 0, 1, 1, 1, 0, 0, 1, 0, 2, 1, 2, 2, 0, 0, 1, 1, 0, 2, 0, 2, 1, 0, 2, 2, 0, 2, 2, 0, 1, 1, 0, 0, 2, 1, 1, 2, 2, 0, 2, 2, 2, 1, 2, 1, 1, 2, 0, 1, 1, 2, 1, 2, 0, 1, 1, 1, 1, 0, 0, 1, 0, 1, 1, 0, 1, 0, 1, 0, 0, 1, 1, 0]|[0, 3, 0, 3, 4, 1, 4, 4, 4, 4, 3, 2, 1, 0, 2, 1, 1, 1, 2, 1, 1, 3, 0, 1, 0, 1, 1, 4, 1, 4, 3, 2, 2, 0, 4, 1, 1, 4, 1, 1, 2, 1, 4, 4, 1, 1, 0, 1, 3, 2, 1, 1, 2, 1, 1, 2, 4, 3, 0, 2, 1, 3, 3, 1, 1, 2, 1, 1, 1, 4, 1, 3, 4, 1, 2, 4, 3, 1, 3, 1, 2, 4, 4, 4, 3, 2, 2, 3, 2, 4, 4, 2, 3, 2, 4, 2, 2, 4, 3, 2]|[0, 2, 0, 0, 3, 0, 1, 3, 1, 0, 2, 0, 1, 0, 1, 0, 0, 0, 1, 0, 0, 2, 0, 0, 1, 0, 0, 3, 0, 1, 0, 2, 0, 0, 3, 0, 1, 1, 0, 0, 0, 0, 1, 3, 0, 0, 1, 0, 2, 0, 0, 0, 0, 0, 1, 0, 1, 0, 1, 1, 0, 2, 0, 0, 0, 0, 0, 0, 0, 2, 0, 0, 1, 0, 0, 1, 0, 0, 3, 0, 0, 1, 2, 2, 0, 0, 0, 3, 0, 1, 1, 0, 0, 0, 3, 0, 0, 1, 0, 0],910.6016522559228,48441.78517559203,107030.90942221809,false
55,G3_TWC,G3_TWC,[31, 22, 42, 15, 26, 58, 95, 82, 77, 12, 47, 5, 93, 78, 98, 54, 85, 63, 18, 44, 20, 35, 43, 97, 91, 76, 10, 30, 21, 45, 71, 64, 1, 23, 17, 83, 24, 61, 60, 49, 6, 57, 94, 88, 65, 56, 79, 40, 67, 68, 46, 75, 0, 9, 19, 32, 81, 41, 27, 62, 87, 90, 99, 59, 53, 16, 72, 73, 70, 39, 37, 84, 3, 92, 25, 74, 28, 38, 51, 7, 11, 14, 86, 48, 89, 66, 50, 96, 33, 80, 4, 8, 34, 36, 55, 2, 13, 52, 69, 29]|[1, 1, 0, 1, 1, 1, 2, 1, 2, 1, 2, 2, 2, 1, 1, 0, 0, 1, 0, 2, 2, 0, 1, 2, 0, 1, 2, 2, 0, 0, 1, 2, 1, 0, 1, 0, 2, 0, 1, 1, 0, 1, 1, 1, 0, 2, 1, 1, 0, 0, 0, 0, 1, 1, 2, 1, 2, 0, 0, 0, 2, 1, 0, 1, 0, 1, 2, 1, 1, 1, 1, 1, 2, 0, 1, 2, 0, 0, 0, 1, 0, 1, 0, 0, 1, 0, 0, 0, 2, 0, 0, 1, 2, 0, 1, 0, 0, 1, 1, 0]|[4, 3, 2, 2, 0, 0, 2, 2, 2, 4, 1, 1, 2, 4, 4, 1, 1, 4, 2, 1, 1, 1, 1, 2, 1, 2, 1, 1, 1, 1, 3, 2, 3, 0, 4, 0, 1, 1, 0, 3, 2, 2, 4, 0, 1, 1, 3, 2, 0, 1, 2, 2, 1, 4, 0, 3, 2, 1, 1, 2, 1, 3, 1, 1, 2, 3, 0, 4, 3, 1, 4, 1, 1, 2, 4, 1, 2, 1, 1, 3, 2, 3, 1, 1, 1, 1, 1, 1, 1, 1, 2, 3, 1, 1, 4, 2, 2, 1, 3, 2]|[0, 2, 1, 1, 3, 3, 0, 1, 0, 0, 0, 0, 1, 0, 1, 0, 0, 3, 1, 0, 0, 0, 3, 1, 0, 2, 0, 0, 0, 1, 0, 0, 0, 0, 3, 0, 1, 0, 0, 2, 1, 1, 2, 0, 0, 0, 0, 1, 1, 0, 0, 0, 1, 3, 0, 0, 1, 0, 0, 1, 0, 2, 0, 1, 1, 2, 1, 0, 0, 1, 1, 3, 0, 1, 3, 0, 1, 0, 0, 2, 1, 0, 0, 0, 1, 0, 0, 0, 0, 0, 1, 2, 0, 1, 3, 0, 0, 1, 0, 0],846.5931657707905,57781.432218873764,86599.3836876579,false
55,G1_CMAX,G1_CMAX,[31, 22, 90, 26, 58, 95, 42, 12, 93, 5, 78, 86, 98, 18, 20, 35, 3, 97, 91, 76, 10, 85, 54, 45, 63, 71, 66, 1, 23, 17, 24, 60, 36, 6, 57, 15, 65, 56, 47, 79, 94, 67, 50, 46, 14, 75, 38, 9, 30, 19, 32, 81, 27, 92, 83, 87, 40, 99, 59, 11, 53, 16, 72, 77, 73, 70, 39, 37, 84, 43, 62, 25, 55, 28, 29, 51, 68, 82, 74, 61, 88, 21, 80, 89, 7, 69, 96, 41, 48, 4, 8, 34, 49, 52, 0, 44, 13, 2, 64, 33]|[1, 1, 1, 1, 0, 2, 1, 1, 2, 2, 2, 1, 0, 1, 2, 2, 1, 2, 0, 1, 2, 2, 2, 0, 0, 1, 2, 1, 2, 1, 2, 1, 1, 0, 1, 1, 0, 2, 2, 1, 1, 0, 0, 0, 0, 1, 1, 1, 1, 2, 1, 2, 2, 0, 0, 2, 1, 0, 0, 2, 0, 1, 2, 2, 1, 1, 1, 1, 1, 1, 0, 1, 1, 0, 0, 0, 0, 0, 2, 1, 1, 0, 0, 1, 1, 1, 2, 2, 0, 1, 1, 2, 0, 1, 0, 0, 0, 0, 2, 2]|[0, 4, 3, 0, 1, 1, 2, 4, 1, 1, 2, 4, 1, 4, 1, 1, 1, 2, 2, 2, 2, 1, 1, 1, 2, 3, 2, 3, 0, 4, 1, 0, 3, 2, 2, 2, 1, 1, 1, 0, 2, 0, 1, 2, 1, 3, 1, 4, 2, 0, 3, 2, 1, 2, 1, 1, 4, 1, 1, 1, 2, 3, 0, 2, 4, 3, 1, 4, 1, 1, 1, 4, 4, 2, 1, 1, 1, 2, 1, 3, 0, 1, 1, 1, 1, 3, 1, 1, 1, 4, 3, 1, 1, 1, 2, 2, 2, 2, 1, 1]|[3, 0, 2, 3, 0, 0, 1, 0, 0, 0, 1, 0, 0, 3, 0, 0, 1, 1, 1, 2, 1, 0, 0, 0, 0, 0, 0, 0, 0, 3, 1, 0, 2, 1, 1, 1, 0, 0, 0, 0, 1, 1, 0, 0, 0, 0, 1, 3, 2, 0, 0, 1, 0, 1, 0, 0, 2, 0, 0, 0, 1, 2, 1, 1, 0, 0, 1, 1, 3, 3, 0, 3, 3, 1, 0, 0, 0, 1, 0, 0, 0, 0, 0, 1, 2, 2, 0, 0, 0, 0, 2, 0, 1, 1, 0, 0, 0, 0, 0, 0],705.0470749739228,58445.79123614564,95781.2895945797,false
55,G4_BALANCED,G4_BALANCED,[31, 11, 15, 82, 26, 9, 95, 32, 77, 68, 47, 5, 93, 78, 86, 54, 85, 63, 18, 44, 20, 49, 36, 14, 74, 50, 53, 17, 21, 45, 71, 64, 3, 23, 30, 83, 24, 41, 60, 52, 65, 27, 90, 70, 39, 87, 48, 69, 99, 4, 46, 1, 13, 58, 97, 59, 28, 8, 73, 37, 35, 79, 22, 66, 76, 42, 40, 80, 96, 6, 16, 61, 33, 7, 57, 34, 12, 67, 10, 98, 56, 88, 29, 75, 91, 38, 19, 92, 43, 84, 51, 72, 81, 0, 2, 55, 94, 89, 62, 25]|[2, 1, 1, 2, 1, 2, 1, 1, 1, 1, 1, 0, 2, 2, 1, 2, 0, 0, 0, 2, 2, 1, 0, 2, 0, 2, 2, 1, 0, 1, 1, 1, 0, 0, 1, 0, 2, 1, 2, 2, 0, 0, 1, 1, 0, 2, 0, 2, 1, 0, 0, 2, 0, 0, 2, 0, 1, 1, 0, 0, 2, 1, 0, 2, 2, 0, 2, 2, 0, 1, 2, 1, 1, 2, 0, 1, 1, 1, 1, 2, 2, 1, 1, 0, 1, 0, 1, 0, 1, 0, 1, 1, 1, 0, 2, 0, 2, 1, 1, 1]|[1, 3, 2, 0, 4, 1, 4, 4, 2, 4, 3, 2, 1, 0, 2, 1, 1, 1, 2, 1, 1, 3, 0, 1, 0, 1, 1, 4, 1, 4, 3, 2, 2, 0, 4, 1, 1, 4, 0, 1, 2, 1, 4, 4, 1, 1, 0, 2, 3, 2, 2, 1, 2, 1, 1, 2, 4, 3, 0, 2, 2, 3, 1, 0, 1, 2, 0, 1, 2, 4, 1, 3, 4, 1, 2, 4, 3, 3, 3, 1, 1, 4, 3, 2, 3, 2, 4, 2, 4, 2, 3, 4, 1, 2, 1, 2, 1, 4, 3, 4]|[1, 2, 1, 0, 3, 0, 1, 3, 0, 0, 2, 0, 1, 0, 1, 0, 0, 0, 1, 0, 0, 2, 0, 0, 1, 0, 0, 3, 0, 1, 0, 2, 0, 1, 3, 0, 1, 3, 1, 0, 0, 0, 1, 3, 0, 0, 1, 0, 2, 0, 0, 0, 0, 0, 1, 0, 1, 0, 1, 1, 0, 2, 0, 0, 0, 0, 0, 0, 0, 2, 0, 0, 1, 0, 0, 1, 0, 0, 3, 0, 0, 1, 0, 0, 0, 0, 3, 0, 2, 0, 0, 2, 1, 0, 0, 0, 0, 1, 0, 3],846.6109372053031,52128.769557101376,106800.59864073119,false
55,G2_TEC,G2_TEC,[31, 94, 82, 15, 26, 9, 95, 42, 77, 68, 47, 5, 93, 78, 86, 54, 85, 63, 18, 44, 20, 49, 36, 14, 74, 50, 53, 17, 21, 28, 11, 64, 3, 23, 30, 83, 24, 41, 40, 52, 65, 27, 90, 70, 39, 87, 48, 69, 99, 4, 98, 1, 13, 56, 97, 59, 45, 8, 73, 37, 35, 79, 71, 66, 76, 32, 60, 80, 58, 6, 67, 61, 33, 7, 57, 34, 12, 16, 10, 22, 96, 88, 43, 81, 91, 2, 84, 29, 92, 19, 89, 55, 51, 46, 25, 75, 38, 72, 62, 0]|[2, 1, 2, 1, 1, 2, 1, 1, 1, 1, 1, 0, 2, 2, 1, 2, 0, 0, 0, 2, 2, 1, 0, 2, 0, 2, 2, 1, 0, 1, 1, 1, 0, 0, 1, 0, 2, 1, 2, 2, 0, 0, 1, 1, 0, 2, 0, 2, 1, 0, 2, 2, 0, 2, 2, 0, 1, 1, 0, 0, 2, 1, 1, 2, 2, 0, 2, 2, 2, 1, 2, 1, 1, 2, 0, 1, 1, 2, 1, 2, 0, 1, 1, 1, 1, 0, 0, 1, 0, 1, 1, 0, 1, 0, 1, 0, 0, 1, 1, 0]|[0, 3, 0, 3, 4, 1, 4, 4, 4, 4, 3, 2, 1, 0, 2, 1, 1, 1, 2, 1, 1, 3, 0, 1, 0, 1, 1, 4, 1, 4, 3, 2, 2, 0, 4, 1, 1, 4, 1, 1, 2, 1, 4, 4, 1, 1, 0, 1, 3, 2, 1, 1, 2, 1, 1, 2, 4, 3, 0, 2, 1, 3, 3, 1, 1, 2, 1, 1, 1, 4, 1, 3, 4, 1, 2, 4, 3, 1, 3, 1, 2, 4, 4, 4, 3, 2, 2, 3, 2, 4, 4, 2, 3, 2, 4, 2, 2, 4, 3, 2]|[0, 2, 0, 0, 3, 0, 1, 3, 1, 0, 2, 0, 1, 0, 1, 0, 0, 0, 1, 0, 0, 2, 0, 0, 1, 0, 0, 3, 0, 1, 0, 2, 0, 0, 3, 0, 1, 1, 0, 0, 0, 0, 1, 3, 0, 0, 1, 0, 2, 0, 0, 0, 0, 0, 1, 0, 1, 0, 1, 1, 0, 2, 0, 0, 0, 0, 0, 0, 0, 2, 0, 0, 1, 0, 0, 1, 0, 0, 3, 0, 0, 1, 2, 2, 0, 0, 0, 3, 0, 1, 1, 0, 0, 0, 3, 0, 0, 1, 0, 0],910.6016522559228,48441.78517559203,107030.90942221809,false
55,G3_TWC,G4_BALANCED,[31, 22, 82, 15, 26, 99, 95, 42, 77, 12, 47, 5, 93, 78, 2, 54, 85, 63, 18, 44, 20, 49, 36, 14, 74, 50, 53, 17, 21, 28, 11, 64, 3, 23, 30, 83, 24, 41, 40, 52, 65, 27, 90, 70, 39, 87, 48, 69, 9, 4, 46, 1, 13, 58, 97, 59, 45, 8, 73, 37, 35, 79, 71, 66, 76, 32, 60, 80, 56, 6, 67, 61, 33, 7, 57, 34, 68, 16, 10, 98, 96, 88, 43, 75, 91, 38, 84, 92, 29, 19, 86, 72, 55, 89, 25, 81, 94, 51, 0, 62]|[2, 1, 2, 1, 1, 2, 1, 1, 1, 1, 1, 0, 2, 2, 1, 2, 0, 0, 0, 2, 2, 1, 0, 2, 0, 2, 2, 1, 0, 1, 1, 1, 0, 0, 1, 0, 2, 2, 2, 2, 0, 0, 1, 1, 0, 2, 0, 2, 1, 0, 0, 2, 0, 0, 2, 0, 1, 1, 0, 1, 2, 1, 1, 2, 2, 0, 2, 2, 2, 1, 0, 1, 1, 2, 0, 1, 1, 2, 1, 2, 0, 1, 1, 0, 1, 0, 0, 0, 1, 1, 2, 1, 0, 1, 1, 1, 2, 1, 0, 1]|[0, 3, 0, 3, 4, 1, 4, 4, 2, 4, 3, 2, 1, 0, 2, 1, 1, 1, 2, 1, 1, 3, 0, 1, 0, 1, 1, 4, 1, 4, 3, 2, 2, 0, 4, 1, 1, 2, 1, 1, 2, 1, 4, 4, 1, 1, 0, 2, 3, 2, 2, 1, 2, 1, 1, 2, 4, 3, 0, 4, 2, 3, 3, 1, 1, 2, 1, 1, 1, 4, 0, 3, 4, 1, 2, 4, 3, 1, 3, 1, 2, 4, 4, 2, 3, 2, 2, 2, 3, 4, 1, 4, 2, 1, 4, 4, 1, 3, 2, 3]|[0, 2, 0, 0, 3, 0, 1, 3, 0, 0, 2, 0, 1, 0, 1, 0, 0, 0, 1, 0, 0, 2, 0, 0, 1, 0, 0, 3, 0, 1, 0, 2, 0, 0, 3, 0, 1, 1, 0, 0, 0, 0, 1, 3, 0, 0, 1, 0, 2, 0, 0, 0, 0, 0, 1, 0, 1, 0, 1, 1, 0, 2, 0, 0, 0, 0, 0, 0, 0, 2, 1, 0, 1, 0, 0, 1, 0, 0, 3, 0, 0, 1, 2, 0, 0, 0, 0, 0, 3, 1, 0, 1, 0, 1, 3, 2, 0, 0, 0, 0],855.5047544975414,50752.6672950672,105370.64270886855,true
55,G1_CMAX,G1_CMAX,[31, 22, 90, 26, 58, 95, 42, 12, 93, 5, 78, 86, 98, 18, 20, 35, 3, 97, 91, 76, 10, 85, 54, 45, 63, 71, 66, 1, 23, 17, 24, 60, 36, 6, 57, 15, 65, 56, 47, 79, 94, 67, 50, 46, 14, 75, 38, 9, 30, 19, 32, 81, 27, 92, 83, 87, 40, 99, 59, 11, 53, 16, 72, 77, 73, 70, 39, 37, 84, 43, 62, 25, 55, 28, 29, 51, 68, 82, 74, 61, 88, 21, 80, 89, 7, 69, 96, 41, 48, 4, 8, 34, 49, 52, 0, 44, 13, 2, 64, 33]|[1, 1, 1, 1, 0, 2, 1, 1, 2, 2, 2, 1, 0, 1, 2, 2, 1, 2, 0, 1, 2, 2, 2, 0, 0, 1, 2, 1, 2, 1, 2, 1, 1, 0, 1, 1, 0, 2, 2, 1, 1, 0, 0, 0, 0, 1, 1, 1, 1, 2, 1, 2, 2, 0, 0, 2, 1, 0, 0, 2, 0, 1, 2, 2, 1, 1, 1, 1, 1, 1, 0, 1, 1, 0, 0, 0, 0, 0, 2, 1, 1, 0, 0, 1, 1, 1, 2, 2, 0, 1, 1, 2, 0, 1, 0, 0, 0, 0, 2, 2]|[0, 4, 3, 0, 1, 1, 2, 4, 1, 1, 2, 4, 1, 4, 1, 1, 1, 2, 2, 2, 2, 1, 1, 1, 2, 3, 2, 3, 0, 4, 1, 0, 3, 2, 2, 2, 1, 1, 1, 0, 2, 0, 1, 2, 1, 3, 1, 4, 2, 0, 3, 2, 1, 2, 1, 1, 4, 1, 1, 1, 2, 3, 0, 2, 4, 3, 1, 4, 1, 1, 1, 4, 4, 2, 1, 1, 1, 2, 1, 3, 0, 1, 1, 1, 1, 3, 1, 1, 1, 4, 3, 1, 1, 1, 2, 2, 2, 2, 1, 1]|[3, 0, 2, 3, 0, 0, 1, 0, 0, 0, 1, 0, 0, 3, 0, 0, 1, 1, 1, 2, 1, 0, 0, 0, 0, 0, 0, 0, 0, 3, 1, 0, 2, 1, 1, 1, 0, 0, 0, 0, 1, 1, 0, 0, 0, 0, 1, 3, 2, 0, 0, 1, 0, 1, 0, 0, 2, 0, 0, 0, 1, 2, 1, 1, 0, 0, 1, 1, 3, 3, 0, 3, 3, 1, 0, 0, 0, 1, 0, 0, 0, 0, 0, 1, 2, 2, 0, 0, 0, 0, 2, 0, 1, 1, 0, 0, 0, 0, 0, 0],705.0470749739228,58445.79123614564,95781.2895945797,false
55,G4_BALANCED,G4_BALANCED,[31, 22, 82, 15, 26, 9, 95, 42, 77, 68, 47, 5, 93, 78, 86, 54, 85, 63, 18, 44, 20, 49, 36, 14, 74, 50, 53, 17, 21, 28, 11, 64, 3, 23, 30, 83, 24, 41, 40, 52, 65, 27, 90, 70, 39, 87, 48, 69, 99, 4, 75, 1, 13, 58, 97, 59, 45, 8, 73, 37, 35, 79, 71, 66, 76, 32, 60, 80, 56, 6, 67, 61, 33, 7, 57, 34, 12, 16, 10, 98, 96, 88, 43, 46, 91, 38, 84, 29, 92, 19, 51, 89, 81, 55, 25, 72, 94, 2, 62, 0]|[2, 1, 2, 1, 1, 2, 1, 1, 1, 1, 1, 0, 2, 2, 1, 2, 0, 0, 0, 2, 2, 1, 0, 2, 0, 2, 2, 1, 0, 1, 1, 1, 0, 0, 1, 0, 2, 1, 2, 2, 0, 0, 1, 1, 0, 2, 0, 2, 1, 0, 0, 2, 0, 0, 2, 0, 1, 1, 0, 0, 2, 1, 1, 2, 2, 0, 2, 2, 0, 1, 2, 1, 1, 2, 0, 1, 1, 2, 1, 2, 0, 1, 1, 0, 1, 0, 0, 1, 0, 1, 1, 1, 1, 0, 1, 1, 2, 2, 1, 0]|[0, 3, 0, 3, 4, 1, 4, 4, 2, 4, 3, 2, 1, 0, 2, 1, 1, 1, 2, 1, 1, 3, 0, 1, 0, 1, 1, 4, 1, 4, 3, 2, 2, 0, 4, 1, 1, 4, 1, 1, 2, 1, 4, 4, 1, 1, 0, 1, 3, 2, 2, 1, 2, 1, 1, 2, 4, 3, 0, 2, 2, 3, 3, 1, 1, 2, 1, 1, 2, 4, 1, 3, 4, 1, 2, 4, 3, 1, 3, 1, 2, 4, 4, 2, 3, 2, 2, 3, 2, 4, 3, 4, 4, 2, 4, 4, 1, 1, 3, 2]|[0, 2, 0, 0, 3, 0, 1, 3, 0, 0, 2, 0, 1, 0, 1, 0, 0, 0, 1, 0, 0, 2, 0, 0, 1, 0, 0, 3, 0, 1, 0, 2, 0, 0, 3, 0, 1, 1, 0, 0, 0, 0, 1, 3, 0, 0, 1, 0, 2, 0, 0, 0, 0, 1, 1, 0, 1, 0, 1, 1, 0, 2, 0, 0, 0, 0, 0, 0, 0, 2, 0, 0, 1, 0, 0, 1, 0, 0, 3, 0, 0, 1, 2, 0, 0, 0, 0, 3, 0, 1, 0, 1, 2, 0, 3, 1, 0, 0, 0, 0],885.6123526659268,49473.83911408333,104522.58233476865,false
55,G2_TEC,G2_TEC,[31, 94, 82, 15, 26, 9, 95, 42, 77, 68, 47, 5, 93, 78, 86, 54, 85, 63, 18, 44, 20, 49, 36, 14, 74, 50, 53, 17, 21, 28, 11, 64, 3, 23, 30, 83, 24, 41, 40, 52, 65, 27, 90, 70, 39, 87, 48, 69, 99, 4, 98, 1, 13, 56, 97, 59, 45, 8, 73, 37, 35, 79, 71, 66, 76, 32, 60, 80, 58, 6, 67, 61, 33, 7, 57, 34, 12, 16, 10, 22, 96, 88, 43, 81, 91, 2, 84, 29, 92, 19, 89, 55, 51, 46, 25, 75, 38, 72, 62, 0]|[2, 1, 2, 1, 1, 2, 1, 1, 1, 1, 1, 0, 2, 2, 1, 2, 0, 0, 0, 2, 2, 1, 0, 2, 0, 2, 2, 1, 0, 1, 1, 1, 0, 0, 1, 0, 2, 1, 2, 2, 0, 0, 1, 1, 0, 2, 0, 2, 1, 0, 2, 2, 0, 2, 2, 0, 1, 1, 0, 0, 2, 1, 1, 2, 2, 0, 2, 2, 2, 1, 2, 1, 1, 2, 0, 1, 1, 2, 1, 2, 0, 1, 1, 1, 1, 0, 0, 1, 0, 1, 1, 0, 1, 0, 1, 0, 0, 1, 1, 0]|[0, 3, 0, 3, 4, 1, 4, 4, 4, 4, 3, 2, 1, 0, 2, 1, 1, 1, 2, 1, 1, 3, 0, 1, 0, 1, 1, 4, 1, 4, 3, 2, 2, 0, 4, 1, 1, 4, 1, 1, 2, 1, 4, 4, 1, 1, 0, 1, 3, 2, 1, 1, 2, 1, 1, 2, 4, 3, 0, 2, 1, 3, 3, 1, 1, 2, 1, 1, 1, 4, 1, 3, 4, 1, 2, 4, 3, 1, 3, 1, 2, 4, 4, 4, 3, 2, 2, 3, 2, 4, 4, 2, 3, 2, 4, 2, 2, 4, 3, 2]|[0, 2, 0, 0, 3, 0, 1, 3, 1, 0, 2, 0, 1, 0, 1, 0, 0, 0, 1, 0, 0, 2, 0, 0, 1, 0, 0, 3, 0, 1, 0, 2, 0, 0, 3, 0, 1, 1, 0, 0, 0, 0, 1, 3, 0, 0, 1, 0, 2, 0, 0, 0, 0, 0, 1, 0, 1, 0, 1, 1, 0, 2, 0, 0, 0, 0, 0, 0, 0, 2, 0, 0, 1, 0, 0, 1, 0, 0, 3, 0, 0, 1, 2, 2, 0, 0, 0, 3, 0, 1, 1, 0, 0, 0, 3, 0, 0, 1, 0, 0],910.6016522559228,48441.78517559203,107030.90942221809,false
55,G3_TWC,G1_CMAX,[31, 22, 82, 15, 26, 99, 95, 42, 77, 12, 47, 5, 93, 78, 86, 54, 21, 63, 18, 44, 20, 35, 43, 97, 91, 76, 10, 30, 85, 45, 71, 64, 1, 23, 17, 83, 24, 14, 60, 36, 6, 57, 40, 88, 65, 56, 79, 94, 67, 68, 46, 75, 38, 9, 19, 32, 41, 81, 27, 87, 90, 62, 59, 11, 16, 58, 73, 70, 39, 37, 84, 3, 92, 25, 72, 55, 28, 29, 51, 7, 33, 61, 98, 48, 89, 50, 4, 96, 53, 80, 8, 66, 34, 49, 52, 2, 13, 0, 69, 74]|[1, 1, 0, 1, 1, 0, 1, 1, 2, 1, 2, 2, 2, 1, 1, 0, 0, 1, 0, 2, 2, 0, 1, 2, 0, 1, 2, 2, 0, 0, 1, 2, 1, 2, 1, 0, 2, 0, 1, 1, 0, 1, 1, 1, 0, 2, 1, 1, 0, 0, 0, 0, 1, 1, 2, 1, 0, 2, 0, 2, 1, 0, 1, 2, 1, 0, 1, 1, 1, 1, 1, 1, 0, 1, 2, 2, 0, 0, 0, 2, 2, 1, 2, 0, 1, 0, 1, 2, 0, 0, 1, 2, 2, 0, 1, 0, 0, 0, 1, 2]|[4, 3, 2, 2, 4, 1, 2, 3, 2, 4, 1, 1, 2, 4, 4, 1, 1, 4, 2, 1, 1, 1, 1, 2, 1, 2, 1, 1, 2, 1, 3, 2, 3, 1, 4, 0, 1, 1, 0, 3, 2, 2, 2, 0, 1, 1, 0, 4, 0, 1, 2, 2, 1, 4, 0, 3, 1, 1, 1, 1, 3, 2, 1, 1, 3, 1, 4, 3, 1, 4, 1, 1, 0, 4, 0, 1, 2, 1, 2, 1, 1, 3, 1, 1, 1, 1, 4, 1, 2, 1, 3, 1, 1, 1, 1, 2, 2, 2, 4, 1]|[0, 2, 1, 1, 3, 0, 1, 3, 0, 0, 0, 0, 1, 0, 1, 0, 0, 3, 1, 0, 0, 0, 3, 1, 0, 2, 0, 0, 0, 1, 0, 0, 0, 0, 3, 0, 1, 0, 0, 2, 1, 1, 1, 0, 0, 0, 0, 2, 1, 0, 0, 0, 1, 3, 0, 0, 0, 0, 0, 0, 2, 1, 1, 0, 2, 0, 0, 0, 1, 1, 3, 1, 1, 3, 1, 0, 1, 0, 0, 0, 0, 0, 0, 0, 1, 0, 0, 0, 1, 0, 2, 0, 0, 1, 1, 0, 0, 0, 2, 0],753.3061428726776,55645.560049378095,93952.45260809874,true
55,G1_CMAX,G1_CMAX,[31, 22, 90, 26, 58, 95, 42, 12, 93, 5, 78, 86, 98, 18, 20, 35, 3, 97, 91, 76, 10, 85, 54, 45, 63, 71, 66, 1, 23, 17, 24, 60, 36, 6, 57, 15, 65, 56, 47, 79, 94, 67, 50, 46, 14, 75, 38, 9, 30, 19, 32, 81, 27, 92, 83, 87, 40, 99, 59, 11, 53, 16, 72, 77, 73, 70, 39, 37, 84, 43, 62, 25, 55, 28, 29, 51, 68, 82, 74, 61, 88, 21, 80, 89, 7, 69, 96, 41, 48, 4, 8, 34, 49, 52, 0, 44, 13, 2, 64, 33]|[1, 1, 1, 1, 0, 2, 1, 1, 2, 2, 2, 1, 0, 1, 2, 2, 1, 2, 0, 1, 2, 2, 2, 0, 0, 1, 2, 1, 2, 1, 2, 1, 1, 0, 1, 1, 0, 2, 2, 1, 1, 0, 0, 0, 0, 1, 1, 1, 1, 2, 1, 2, 2, 0, 0, 2, 1, 0, 0, 2, 0, 1, 2, 2, 1, 1, 1, 1, 1, 1, 0, 1, 1, 0, 0, 0, 0, 0, 2, 1, 1, 0, 0, 1, 1, 1, 2, 2, 0, 1, 1, 2, 0, 1, 0, 0, 0, 0, 2, 2]|[0, 4, 3, 0, 1, 1, 2, 4, 1, 1, 2, 4, 1, 4, 1, 1, 1, 2, 2, 2, 2, 1, 1, 1, 2, 3, 2, 3, 0, 4, 1, 0, 3, 2, 2, 2, 1, 1, 1, 0, 2, 0, 1, 2, 1, 3, 1, 4, 2, 0, 3, 2, 1, 2, 1, 1, 4, 1, 1, 1, 2, 3, 0, 2, 4, 3, 1, 4, 1, 1, 1, 4, 4, 2, 1, 1, 1, 2, 1, 3, 0, 1, 1, 1, 1, 3, 1, 1, 1, 4, 3, 1, 1, 1, 2, 2, 2, 2, 1, 1]|[3, 0, 2, 3, 0, 0, 1, 0, 0, 0, 1, 0, 0, 3, 0, 0, 1, 1, 1, 2, 1, 0, 0, 0, 0, 0, 0, 0, 0, 3, 1, 0, 2, 1, 1, 1, 0, 0, 0, 0, 1, 1, 0, 0, 0, 0, 1, 3, 2, 0, 0, 1, 0, 1, 0, 0, 2, 0, 0, 0, 1, 2, 1, 1, 0, 0, 1, 1, 3, 3, 0, 3, 3, 1, 0, 0, 0, 1, 0, 0, 0, 0, 0, 1, 2, 2, 0, 0, 0, 0, 2, 0, 1, 1, 0, 0, 0, 0, 0, 0],705.0470749739228,58445.79123614564,95781.2895945797,false
55,G4_BALANCED,G3_TWC,[31, 22, 42, 15, 26, 58, 95, 82, 77, 12, 47, 5, 93, 78, 98, 54, 85, 63, 18, 44, 20, 35, 43, 97, 91, 76, 10, 30, 21, 45, 71, 64, 1, 23, 17, 83, 24, 14, 60, 36, 6, 57, 94, 88, 65, 56, 79, 40, 67, 68, 46, 75, 38, 9, 19, 32, 81, 41, 27, 62, 87, 90, 99, 59, 53, 16, 72, 73, 70, 39, 37, 84, 3, 92, 25, 55, 28, 29, 51, 7, 33, 61, 86, 48, 89, 50, 66, 96, 8, 80, 4, 11, 34, 49, 52, 0, 13, 2, 69, 74]|[1, 1, 0, 1, 1, 1, 2, 1, 2, 1, 2, 2, 2, 1, 1, 0, 0, 1, 0, 2, 2, 0, 1, 2, 0, 1, 2, 2, 0, 0, 1, 2, 1, 2, 1, 0, 2, 0, 1, 1, 0, 1, 1, 1, 0, 2, 1, 1, 0, 0, 0, 0, 1, 1, 2, 1, 2, 2, 0, 0, 2, 1, 0, 1, 0, 1, 2, 1, 1, 1, 1, 1, 2, 0, 1, 1, 0, 0, 0, 1, 2, 1, 0, 0, 1, 0, 2, 2, 1, 0, 1, 2, 2, 0, 1, 0, 0, 0, 1, 2]|[4, 3, 2, 2, 0, 0, 2, 2, 2, 4, 1, 1, 2, 4, 4, 1, 1, 4, 2, 1, 1, 1, 1, 2, 1, 2, 1, 1, 1, 1, 3, 2, 3, 0, 4, 0, 1, 1, 0, 3, 2, 2, 4, 0, 1, 1, 0, 2, 0, 1, 2, 2, 1, 4, 0, 3, 2, 1, 1, 2, 1, 3, 1, 1, 2, 3, 0, 4, 3, 1, 4, 1, 1, 2, 4, 4, 2, 1, 1, 3, 1, 3, 1, 1, 1, 1, 1, 1, 3, 1, 4, 1, 1, 1, 1, 2, 2, 2, 3, 1]|[0, 2, 1, 1, 3, 3, 0, 1, 0, 0, 0, 0, 1, 0, 1, 0, 0, 3, 1, 0, 0, 0, 3, 1, 0, 2, 0, 0, 0, 1, 0, 0, 0, 0, 3, 0, 1, 0, 0, 2, 1, 1, 2, 0, 0, 0, 0, 1, 1, 0, 0, 0, 1, 3, 0, 0, 1, 0, 0, 1, 0, 2, 0, 1, 1, 2, 1, 0, 0, 1, 1, 3, 0, 1, 3, 3, 1, 0, 0, 2, 0, 0, 0, 0, 1, 0, 0, 0, 2, 0, 0, 0, 0, 1, 1, 0, 0, 0, 0, 0],726.5166666990641,57135.20388380303,91654.14664699574,true
55,G2_TEC,G2_TEC,[31, 94, 82, 15, 26, 9, 95, 42, 77, 68, 47, 5, 93, 78, 86, 54, 85, 63, 18, 44, 20, 49, 36, 14, 74, 50, 53, 17, 21, 28, 11, 64, 3, 23, 30, 83, 24, 41, 40, 52, 65, 27, 90, 70, 39, 87, 48, 69, 99, 4, 98, 1, 13, 56, 97, 59, 45, 8, 73, 37, 35, 79, 71, 66, 76, 32, 60, 80, 58, 6, 67, 61, 33, 7, 57, 34, 12, 16, 10, 22, 96, 88, 43, 81, 91, 2, 84, 29, 92, 19, 89, 55, 51, 46, 25, 75, 38, 72, 62, 0]|[2, 1, 2, 1, 1, 2, 1, 1, 1, 1, 1, 0, 2, 2, 1, 2, 0, 0, 0, 2, 2, 1, 0, 2, 0, 2, 2, 1, 0, 1, 1, 1, 0, 0, 1, 0, 2, 1, 2, 2, 0, 0, 1, 1, 0, 2, 0, 2, 1, 0, 2, 2, 0, 2, 2, 0, 1, 1, 0, 0, 2, 1, 1, 2, 2, 0, 2, 2, 2, 1, 2, 1, 1, 2, 0, 1, 1, 2, 1, 2, 0, 1, 1, 1, 1, 0, 0, 1, 0, 1, 1, 0, 1, 0, 1, 0, 0, 1, 1, 0]|[0, 3, 0, 3, 4, 1, 4, 4, 4, 4, 3, 2, 1, 0, 2, 1, 1, 1, 2, 1, 1, 3, 0, 1, 0, 1, 1, 4, 1, 4, 3, 2, 2, 0, 4, 1, 1, 4, 1, 1, 2, 1, 4, 4, 1, 1, 0, 1, 3, 2, 1, 1, 2, 1, 1, 2, 4, 3, 0, 2, 1, 3, 3, 1, 1, 2, 1, 1, 1, 4, 1, 3, 4, 1, 2, 4, 3, 1, 3, 1, 2, 4, 4, 4, 3, 2, 2, 3, 2, 4, 4, 2, 3, 2, 4, 2, 2, 4, 3, 2]|[0, 2, 0, 0, 3, 0, 1, 3, 1, 0, 2, 0, 1, 0, 1, 0, 0, 0, 1, 0, 0, 2, 0, 0, 1, 0, 0, 3, 0, 1, 0, 2, 0, 0, 3, 0, 1, 1, 0, 0, 0, 0, 1, 3, 0, 0, 1, 0, 2, 0, 0, 0, 0, 0, 1, 0, 1, 0, 1, 1, 0, 2, 0, 0, 0, 0, 0, 0, 0, 2, 0, 0, 1, 0, 0, 1, 0, 0, 3, 0, 0, 1, 2, 2, 0, 0, 0, 3, 0, 1, 1, 0, 0, 0, 3, 0, 0, 1, 0, 0],910.6016522559228,48441.78517559203,107030.90942221809,false
55,G3_TWC,G1_CMAX,[31, 22, 82, 15, 26, 99, 95, 42, 77, 12, 47, 5, 93, 78, 86, 54, 21, 63, 18, 44, 20, 35, 43, 97, 91, 76, 10, 30, 85, 45, 71, 64, 1, 23, 17, 83, 24, 14, 60, 36, 6, 57, 40, 88, 65, 56, 79, 94, 67, 68, 46, 75, 38, 9, 19, 32, 41, 81, 27, 87, 90, 62, 59, 11, 16, 58, 73, 70, 39, 37, 84, 3, 92, 25, 72, 55, 28, 29, 51, 7, 33, 61, 98, 48, 89, 50, 4, 96, 53, 80, 8, 66, 34, 49, 52, 2, 13, 0, 69, 74]|[1, 1, 0, 1, 1, 0, 1, 1, 2, 1, 2, 2, 2, 1, 1, 0, 0, 1, 0, 2, 2, 0, 1, 2, 0, 1, 2, 2, 0, 0, 1, 2, 1, 2, 1, 0, 2, 0, 1, 1, 0, 1, 1, 1, 0, 2, 1, 1, 0, 0, 0, 0, 1, 1, 2, 1, 0, 2, 0, 2, 1, 0, 1, 2, 1, 0, 1, 1, 1, 1, 1, 1, 0, 1, 2, 2, 0, 0, 0, 2, 2, 1, 2, 0, 1, 0, 1, 2, 0, 0, 1, 2, 2, 0, 1, 0, 0, 0, 1, 2]|[4, 3, 2, 2, 4, 1, 2, 3, 2, 4, 1, 1, 2, 4, 4, 1, 1, 4, 2, 1, 1, 1, 1, 2, 1, 2, 1, 1, 2, 1, 3, 2, 3, 1, 4, 0, 1, 1, 0, 3, 2, 2, 2, 0, 1, 1, 0, 4, 0, 1, 2, 2, 1, 4, 0, 3, 1, 1, 1, 1, 3, 2, 1, 1, 3, 1, 4, 3, 1, 4, 1, 1, 0, 4, 0, 1, 2, 1, 2, 1, 1, 3, 1, 1, 1, 1, 4, 1, 2, 1, 3, 1, 1, 1, 1, 2, 2, 2, 4, 1]|[0, 2, 1, 1, 3, 0, 1, 3, 0, 0, 0, 0, 1, 0, 1, 0, 0, 3, 1, 0, 0, 0, 3, 1, 0, 2, 0, 0, 0, 1, 0, 0, 0, 0, 3, 0, 1, 0, 0, 2, 1, 1, 1, 0, 0, 0, 0, 2, 1, 0, 0, 0, 1, 3, 0, 0, 0, 0, 0, 0, 2, 1, 1, 0, 2, 0, 0, 0, 1, 1, 3, 1, 1, 3, 1, 0, 1, 0, 0, 0, 0, 0, 0, 0, 1, 0, 0, 0, 1, 0, 2, 0, 0, 1, 1, 0, 0, 0, 2, 0],753.3061428726776,55645.560049378095,93952.45260809874,true
55,G1_CMAX,G1_CMAX,[31, 22, 90, 26, 58, 95, 42, 12, 93, 5, 78, 86, 98, 18, 20, 35, 3, 97, 91, 76, 10, 85, 54, 45, 63, 71, 66, 1, 23, 17, 24, 60, 36, 6, 57, 15, 65, 56, 47, 79, 94, 67, 50, 46, 14, 75, 38, 9, 30, 19, 32, 81, 27, 92, 83, 87, 40, 99, 59, 11, 53, 16, 72, 77, 73, 70, 39, 37, 84, 43, 62, 25, 55, 28, 29, 51, 68, 82, 74, 61, 88, 21, 80, 89, 7, 69, 96, 41, 48, 4, 8, 34, 49, 52, 0, 44, 13, 2, 64, 33]|[1, 1, 1, 1, 0, 2, 1, 1, 2, 2, 2, 1, 0, 1, 2, 2, 1, 2, 0, 1, 2, 2, 2, 0, 0, 1, 2, 1, 2, 1, 2, 1, 1, 0, 1, 1, 0, 2, 2, 1, 1, 0, 0, 0, 0, 1, 1, 1, 1, 2, 1, 2, 2, 0, 0, 2, 1, 0, 0, 2, 0, 1, 2, 2, 1, 1, 1, 1, 1, 1, 0, 1, 1, 0, 0, 0, 0, 0, 2, 1, 1, 0, 0, 1, 1, 1, 2, 2, 0, 1, 1, 2, 0, 1, 0, 0, 0, 0, 2, 2]|[0, 4, 3, 0, 1, 1, 2, 4, 1, 1, 2, 4, 1, 4, 1, 1, 1, 2, 2, 2, 2, 1, 1, 1, 2, 3, 2, 3, 0, 4, 1, 0, 3, 2, 2, 2, 1, 1, 1, 0, 2, 0, 1, 2, 1, 3, 1, 4, 2, 0, 3, 2, 1, 2, 1, 1, 4, 1, 1, 1, 2, 3, 0, 2, 4, 3, 1, 4, 1, 1, 1, 4, 4, 2, 1, 1, 1, 2, 1, 3, 0, 1, 1, 1, 1, 3, 1, 1, 1, 4, 3, 1, 1, 1, 2, 2, 2, 2, 1, 1]|[3, 0, 2, 3, 0, 0, 1, 0, 0, 0, 1, 0, 0, 3, 0, 0, 1, 1, 1, 2, 1, 0, 0, 0, 0, 0, 0, 0, 0, 3, 1, 0, 2, 1, 1, 1, 0, 0, 0, 0, 1, 1, 0, 0, 0, 0, 1, 3, 2, 0, 0, 1, 0, 1, 0, 0, 2, 0, 0, 0, 1, 2, 1, 1, 0, 0, 1, 1, 3, 3, 0, 3, 3, 1, 0, 0, 0, 1, 0, 0, 0, 0, 0, 1, 2, 2, 0, 0, 0, 0, 2, 0, 1, 1, 0, 0, 0, 0, 0, 0],705.0470749739228,58445.79123614564,95781.2895945797,false
55,G4_BALANCED,G2_TEC,[31, 22, 82, 15, 26, 9, 95, 42, 77, 68, 47, 5, 93, 78, 86, 54, 85, 63, 18, 44, 20, 49, 36, 14, 74, 50, 53, 17, 21, 28, 11, 64, 3, 23, 30, 58, 24, 41, 40, 52, 65, 27, 90, 70, 39, 87, 48, 69, 99, 4, 75, 1, 13, 83, 97, 59, 45, 8, 73, 37, 35, 79, 71, 66, 76, 32, 60, 80, 56, 6, 67, 61, 33, 7, 57, 34, 12, 16, 10, 98, 96, 88, 43, 81, 91, 2, 84, 29, 92, 19, 51, 89, 46, 25, 72, 55, 38, 94, 62, 0]|[2, 1, 2, 1, 1, 2, 1, 1, 1, 1, 1, 0, 2, 2, 1, 2, 0, 0, 0, 2, 2, 1, 0, 2, 0, 2, 2, 1, 0, 1, 1, 1, 0, 0, 1, 0, 2, 1, 2, 2, 0, 0, 1, 1, 0, 2, 0, 2, 1, 0, 0, 2, 0, 2, 2, 0, 1, 1, 0, 0, 2, 1, 1, 2, 2, 0, 2, 2, 2, 1, 2, 1, 1, 2, 0, 1, 1, 2, 1, 2, 0, 1, 1, 1, 1, 0, 0, 1, 0, 1, 1, 1, 0, 1, 1, 0, 0, 2, 1, 0]|[0, 3, 0, 3, 4, 1, 4, 4, 2, 4, 3, 2, 1, 0, 2, 1, 1, 1, 2, 1, 1, 3, 0, 1, 0, 1, 1, 4, 1, 4, 3, 2, 2, 0, 4, 1, 1, 4, 1, 1, 2, 1, 4, 4, 1, 1, 0, 1, 3, 2, 2, 1, 2, 1, 1, 2, 4, 3, 0, 2, 2, 3, 3, 1, 1, 2, 1, 1, 1, 4, 1, 3, 4, 1, 2, 4, 3, 1, 3, 1, 2, 4, 4, 4, 3, 2, 2, 3, 2, 4, 3, 4, 2, 4, 4, 2, 2, 1, 3, 2]|[0, 2, 0, 0, 3, 0, 1, 3, 0, 0, 2, 0, 1, 0, 1, 0, 0, 0, 1, 0, 0, 2, 0, 0, 1, 0, 0, 3, 0, 1, 0, 2, 0, 0, 3, 0, 1, 1, 0, 0, 0, 0, 1, 3, 0, 0, 1, 0, 2, 0, 0, 0, 0, 0, 1, 0, 1, 0, 1, 1, 0, 2, 0, 0, 0, 0, 0, 0, 0, 2, 0, 0, 1, 0, 0, 1, 0, 0, 3, 0, 0, 1, 2, 2, 0, 0, 0, 3, 0, 1, 0, 1, 0, 3, 1, 0, 0, 0, 0, 0],899.0861296378544,49002.74718837592,105497.31571465736,true
55,G2_TEC,G2_TEC,[31, 94, 82, 15, 26, 9, 95, 42, 77, 68, 47, 5, 93, 78, 86, 54, 85, 63, 18, 44, 20, 49, 36, 14, 74, 50, 53, 17, 21, 28, 11, 64, 3, 23, 30, 83, 24, 41, 40, 52, 65, 27, 90, 70, 39, 87, 48, 69, 99, 4, 98, 1, 13, 56, 97, 59, 45, 8, 73, 37, 35, 79, 71, 66, 76, 32, 60, 80, 58, 6, 67, 61, 33, 7, 57, 34, 12, 16, 10, 22, 96, 88, 43, 81, 91, 2, 84, 29, 92, 19, 89, 55, 51, 46, 25, 75, 38, 72, 62, 0]|[2, 1, 2, 1, 1, 2, 1, 1, 1, 1, 1, 0, 2, 2, 1, 2, 0, 0, 0, 2, 2, 1, 0, 2, 0, 2, 2, 1, 0, 1, 1, 1, 0, 0, 1, 0, 2, 1, 2, 2, 0, 0, 1, 1, 0, 2, 0, 2, 1, 0, 2, 2, 0, 2, 2, 0, 1, 1, 0, 0, 2, 1, 1, 2, 2, 0, 2, 2, 2, 1, 2, 1, 1, 2, 0, 1, 1, 2, 1, 2, 0, 1, 1, 1, 1, 0, 0, 1, 0, 1, 1, 0, 1, 0, 1, 0, 0, 1, 1, 0]|[0, 3, 0, 3, 4, 1, 4, 4, 4, 4, 3, 2, 1, 0, 2, 1, 1, 1, 2, 1, 1, 3, 0, 1, 0, 1, 1, 4, 1, 4, 3, 2, 2, 0, 4, 1, 1, 4, 1, 1, 2, 1, 4, 4, 1, 1, 0, 1, 3, 2, 1, 1, 2, 1, 1, 2, 4, 3, 0, 2, 1, 3, 3, 1, 1, 2, 1, 1, 1, 4, 1, 3, 4, 1, 2, 4, 3, 1, 3, 1, 2, 4, 4, 4, 3, 2, 2, 3, 2, 4, 4, 2, 3, 2, 4, 2, 2, 4, 3, 2]|[0, 2, 0, 0, 3, 0, 1, 3, 1, 0, 2, 0, 1, 0, 1, 0, 0, 0, 1, 0, 0, 2, 0, 0, 1, 0, 0, 3, 0, 1, 0, 2, 0, 0, 3, 0, 1, 1, 0, 0, 0, 0, 1, 3, 0, 0, 1, 0, 2, 0, 0, 0, 0, 0, 1, 0, 1, 0, 1, 1, 0, 2, 0, 0, 0, 0, 0, 0, 0, 2, 0, 0, 1, 0, 0, 1, 0, 0, 3, 0, 0, 1, 2, 2, 0, 0, 0, 3, 0, 1, 1, 0, 0, 0, 3, 0, 0, 1, 0, 0],910.6016522559228,48441.78517559203,107030.90942221809,false
55,G3_TWC,G3_TWC,[31, 22, 42, 15, 26, 58, 95, 82, 77, 12, 47, 5, 93, 78, 98, 54, 85, 63, 18, 44, 20, 35, 43, 97, 91, 76, 10, 30, 21, 45, 71, 64, 1, 23, 17, 83, 24, 61, 60, 49, 6, 57, 94, 88, 65, 56, 79, 40, 67, 68, 46, 75, 0, 9, 19, 32, 81, 41, 27, 62, 87, 90, 99, 59, 53, 16, 72, 73, 70, 39, 37, 84, 3, 92, 25, 74, 28, 38, 51, 7, 11, 14, 86, 48, 89, 66, 50, 96, 33, 80, 4, 8, 34, 36, 55, 2, 13, 52, 69, 29]|[1, 1, 0, 1, 1, 1, 2, 1, 2, 1, 2, 2, 2, 1, 1, 0, 0, 1, 0, 2, 2, 0, 1, 2, 0, 1, 2, 2, 0, 0, 1, 2, 1, 0, 1, 0, 2, 0, 1, 1, 0, 1, 1, 1, 0, 2, 1, 1, 0, 0, 0, 0, 1, 1, 2, 1, 2, 0, 0, 0, 2, 1, 0, 1, 0, 1, 2, 1, 1, 1, 1, 1, 2, 0, 1, 2, 0, 0, 0, 1, 0, 1, 0, 0, 1, 0, 0, 0, 2, 0, 0, 1, 2, 0, 1, 0, 0, 1, 1, 0]|[4, 3, 2, 2, 0, 0, 2, 2, 2, 4, 1, 1, 2, 4, 4, 1, 1, 4, 2, 1, 1, 1, 1, 2, 1, 2, 1, 1, 1, 1, 3, 2, 3, 0, 4, 0, 1, 1, 0, 3, 2, 2, 4, 0, 1, 1, 3, 2, 0, 1, 2, 2, 1, 4, 0, 3, 2, 1, 1, 2, 1, 3, 1, 1, 2, 3, 0, 4, 3, 1, 4, 1, 1, 2, 4, 1, 2, 1, 1, 3, 2, 3, 1, 1, 1, 1, 1, 1, 1, 1, 2, 3, 1, 1, 4, 2, 2, 1, 3, 2]|[0, 2, 1, 1, 3, 3, 0, 1, 0, 0, 0, 0, 1, 0, 1, 0, 0, 3, 1, 0, 0, 0, 3, 1, 0, 2, 0, 0, 0, 1, 0, 0, 0, 0, 3, 0, 1, 0, 0, 2, 1, 1, 2, 0, 0, 0, 0, 1, 1, 0, 0, 0, 1, 3, 0, 0, 1, 0, 0, 1, 0, 2, 0, 1, 1, 2, 1, 0, 0, 1, 1, 3, 0, 1, 3, 0, 1, 0, 0, 2, 1, 0, 0, 0, 1, 0, 0, 0, 0, 0, 1, 2, 0, 1, 3, 0, 0, 1, 0, 0],846.5931657707905,57781.432218873764,86599.3836876579,false
55,G1_CMAX,G1_CMAX,[31, 22, 90, 26, 58, 95, 42, 12, 93, 5, 78, 86, 98, 18, 20, 35, 3, 97, 91, 76, 10, 85, 54, 45, 63, 71, 66, 1, 23, 17, 24, 60, 36, 6, 57, 15, 65, 56, 47, 79, 94, 67, 50, 46, 14, 75, 38, 9, 30, 19, 32, 81, 27, 92, 83, 87, 40, 99, 59, 11, 53, 16, 72, 77, 73, 70, 39, 37, 84, 43, 62, 25, 55, 28, 29, 51, 68, 82, 74, 61, 88, 21, 80, 89, 7, 69, 96, 41, 48, 4, 8, 34, 49, 52, 0, 44, 13, 2, 64, 33]|[1, 1, 1, 1, 0, 2, 1, 1, 2, 2, 2, 1, 0, 1, 2, 2, 1, 2, 0, 1, 2, 2, 2, 0, 0, 1, 2, 1, 2, 1, 2, 1, 1, 0, 1, 1, 0, 2, 2, 1, 1, 0, 0, 0, 0, 1, 1, 1, 1, 2, 1, 2, 2, 0, 0, 2, 1, 0, 0, 2, 0, 1, 2, 2, 1, 1, 1, 1, 1, 1, 0, 1, 1, 0, 0, 0, 0, 0, 2, 1, 1, 0, 0, 1, 1, 1, 2, 2, 0, 1, 1, 2, 0, 1, 0, 0, 0, 0, 2, 2]|[0, 4, 3, 0, 1, 1, 2, 4, 1, 1, 2, 4, 1, 4, 1, 1, 1, 2, 2, 2, 2, 1, 1, 1, 2, 3, 2, 3, 0, 4, 1, 0, 3, 2, 2, 2, 1, 1, 1, 0, 2, 0, 1, 2, 1, 3, 1, 4, 2, 0, 3, 2, 1, 2, 1, 1, 4, 1, 1, 1, 2, 3, 0, 2, 4, 3, 1, 4, 1, 1, 1, 4, 4, 2, 1, 1, 1, 2, 1, 3, 0, 1, 1, 1, 1, 3, 1, 1, 1, 4, 3, 1, 1, 1, 2, 2, 2, 2, 1, 1]|[3, 0, 2, 3, 0, 0, 1, 0, 0, 0, 1, 0, 0, 3, 0, 0, 1, 1, 1, 2, 1, 0, 0, 0, 0, 0, 0, 0, 0, 3, 1, 0, 2, 1, 1, 1, 0, 0, 0, 0, 1, 1, 0, 0, 0, 0, 1, 3, 2, 0, 0, 1, 0, 1, 0, 0, 2, 0, 0, 0, 1, 2, 1, 1, 0, 0, 1, 1, 3, 3, 0, 3, 3, 1, 0, 0, 0, 1, 0, 0, 0, 0, 0, 1, 2, 2, 0, 0, 0, 0, 2, 0, 1, 1, 0, 0, 0, 0, 0, 0],705.0470749739228,58445.79123614564,95781.2895945797,false
55,G4_BALANCED,G2_TEC,[31, 22, 82, 15, 26, 9, 95, 42, 77, 68, 47, 5, 93, 78, 86, 54, 85, 63, 18, 44, 20, 49, 36, 14, 74, 50, 53, 17, 21, 28, 11, 64, 3, 23, 30, 58, 24, 41, 40, 52, 65, 27, 90, 70, 39, 87, 48, 69, 99, 4, 75, 1, 13, 83, 97, 59, 45, 8, 73, 37, 35, 79, 71, 66, 76, 32, 60, 80, 56, 6, 67, 61, 33, 7, 57, 34, 12, 16, 10, 98, 96, 88, 43, 81, 91, 2, 84, 29, 92, 19, 51, 89, 46, 25, 72, 55, 38, 94, 62, 0]|[2, 1, 2, 1, 1, 2, 1, 1, 1, 1, 1, 0, 2, 2, 1, 2, 0, 0, 0, 2, 2, 1, 0, 2, 0, 2, 2, 1, 0, 1, 1, 1, 0, 0, 1, 0, 2, 1, 2, 2, 0, 0, 1, 1, 0, 2, 0, 2, 1, 0, 0, 2, 0, 2, 2, 0, 1, 1, 0, 0, 2, 1, 1, 2, 2, 0, 2, 2, 2, 1, 2, 1, 1, 2, 0, 1, 1, 2, 1, 2, 0, 1, 1, 1, 1, 0, 0, 1, 0, 1, 1, 1, 0, 1, 1, 0, 0, 2, 1, 0]|[0, 3, 0, 3, 4, 1, 4, 4, 2, 4, 3, 2, 1, 0, 2, 1, 1, 1, 2, 1, 1, 3, 0, 1, 0, 1, 1, 4, 1, 4, 3, 2, 2, 0, 4, 1, 1, 4, 1, 1, 2, 1, 4, 4, 1, 1, 0, 1, 3, 2, 2, 1, 2, 1, 1, 2, 4, 3, 0, 2, 2, 3, 3, 1, 1, 2, 1, 1, 1, 4, 1, 3, 4, 1, 2, 4, 3, 1, 3, 1, 2, 4, 4, 4, 3, 2, 2, 3, 2, 4, 3, 4, 2, 4, 4, 2, 2, 1, 3, 2]|[0, 2, 0, 0, 3, 0, 1, 3, 0, 0, 2, 0, 1, 0, 1, 0, 0, 0, 1, 0, 0, 2, 0, 0, 1, 0, 0, 3, 0, 1, 0, 2, 0, 0, 3, 0, 1, 1, 0, 0, 0, 0, 1, 3, 0, 0, 1, 0, 2, 0, 0, 0, 0, 0, 1, 0, 1, 0, 1, 1, 0, 2, 0, 0, 0, 0, 0, 0, 0, 2, 0, 0, 1, 0, 0, 1, 0, 0, 3, 0, 0, 1, 2, 2, 0, 0, 0, 3, 0, 1, 0, 1, 0, 3, 1, 0, 0, 0, 0, 0],899.0861296378544,49002.74718837592,105497.31571465736,true
55,G2_TEC,G2_TEC,[31, 94, 82, 15, 26, 9, 95, 42, 77, 68, 47, 5, 93, 78, 86, 54, 85, 63, 18, 44, 20, 49, 36, 14, 74, 50, 53, 17, 21, 28, 11, 64, 3, 23, 30, 83, 24, 41, 40, 52, 65, 27, 90, 70, 39, 87, 48, 69, 99, 4, 98, 1, 13, 56, 97, 59, 45, 8, 73, 37, 35, 79, 71, 66, 76, 32, 60, 80, 58, 6, 67, 61, 33, 7, 57, 34, 12, 16, 10, 22, 96, 88, 43, 81, 91, 2, 84, 29, 92, 19, 89, 55, 51, 46, 25, 75, 38, 72, 62, 0]|[2, 1, 2, 1, 1, 2, 1, 1, 1, 1, 1, 0, 2, 2, 1, 2, 0, 0, 0, 2, 2, 1, 0, 2, 0, 2, 2, 1, 0, 1, 1, 1, 0, 0, 1, 0, 2, 1, 2, 2, 0, 0, 1, 1, 0, 2, 0, 2, 1, 0, 2, 2, 0, 2, 2, 0, 1, 1, 0, 0, 2, 1, 1, 2, 2, 0, 2, 2, 2, 1, 2, 1, 1, 2, 0, 1, 1, 2, 1, 2, 0, 1, 1, 1, 1, 0, 0, 1, 0, 1, 1, 0, 1, 0, 1, 0, 0, 1, 1, 0]|[0, 3, 0, 3, 4, 1, 4, 4, 4, 4, 3, 2, 1, 0, 2, 1, 1, 1, 2, 1, 1, 3, 0, 1, 0, 1, 1, 4, 1, 4, 3, 2, 2, 0, 4, 1, 1, 4, 1, 1, 2, 1, 4, 4, 1, 1, 0, 1, 3, 2, 1, 1, 2, 1, 1, 2, 4, 3, 0, 2, 1, 3, 3, 1, 1, 2, 1, 1, 1, 4, 1, 3, 4, 1, 2, 4, 3, 1, 3, 1, 2, 4, 4, 4, 3, 2, 2, 3, 2, 4, 4, 2, 3, 2, 4, 2, 2, 4, 3, 2]|[0, 2, 0, 0, 3, 0, 1, 3, 1, 0, 2, 0, 1, 0, 1, 0, 0, 0, 1, 0, 0, 2, 0, 0, 1, 0, 0, 3, 0, 1, 0, 2, 0, 0, 3, 0, 1, 1, 0, 0, 0, 0, 1, 3, 0, 0, 1, 0, 2, 0, 0, 0, 0, 0, 1, 0, 1, 0, 1, 1, 0, 2, 0, 0, 0, 0, 0, 0, 0, 2, 0, 0, 1, 0, 0, 1, 0, 0, 3, 0, 0, 1, 2, 2, 0, 0, 0, 3, 0, 1, 1, 0, 0, 0, 3, 0, 0, 1, 0, 0],910.6016522559228,48441.78517559203,107030.90942221809,false
55,G3_TWC,G3_TWC,[31, 22, 42, 15, 26, 58, 95, 82, 77, 12, 47, 5, 93, 78, 98, 54, 85, 63, 18, 44, 20, 35, 43, 97, 91, 76, 10, 30, 21, 45, 71, 64, 1, 23, 17, 83, 24, 61, 60, 49, 6, 57, 94, 88, 65, 56, 79, 40, 67, 68, 46, 75, 0, 9, 19, 32, 81, 41, 27, 62, 87, 90, 99, 59, 53, 16, 72, 73, 70, 39, 37, 84, 3, 92, 25, 74, 28, 38, 51, 7, 11, 14, 86, 48, 89, 66, 50, 96, 33, 80, 4, 8, 34, 36, 55, 2, 13, 52, 69, 29]|[1, 1, 0, 1, 1, 1, 2, 1, 2, 1, 2, 2, 2, 1, 1, 0, 0, 1, 0, 2, 2, 0, 1, 2, 0, 1, 2, 2, 0, 0, 1, 2, 1, 0, 1, 0, 2, 0, 1, 1, 0, 1, 1, 1, 0, 2, 1, 1, 0, 0, 0, 0, 1, 1, 2, 1, 2, 0, 0, 0, 2, 1, 0, 1, 0, 1, 2, 1, 1, 1, 1, 1, 2, 0, 1, 2, 0, 0, 0, 1, 0, 1, 0, 0, 1, 0, 0, 0, 2, 0, 0, 1, 2, 0, 1, 0, 0, 1, 1, 0]|[4, 3, 2, 2, 0, 0, 2, 2, 2, 4, 1, 1, 2, 4, 4, 1, 1, 4, 2, 1, 1, 1, 1, 2, 1, 2, 1, 1, 1, 1, 3, 2, 3, 0, 4, 0, 1, 1, 0, 3, 2, 2, 4, 0, 1, 1, 3, 2, 0, 1, 2, 2, 1, 4, 0, 3, 2, 1, 1, 2, 1, 3, 1, 1, 2, 3, 0, 4, 3, 1, 4, 1, 1, 2, 4, 1, 2, 1, 1, 3, 2, 3, 1, 1, 1, 1, 1, 1, 1, 1, 2, 3, 1, 1, 4, 2, 2, 1, 3, 2]|[0, 2, 1, 1, 3, 3, 0, 1, 0, 0, 0, 0, 1, 0, 1, 0, 0, 3, 1, 0, 0, 0, 3, 1, 0, 2, 0, 0, 0, 1, 0, 0, 0, 0, 3, 0, 1, 0, 0, 2, 1, 1, 2, 0, 0, 0, 0, 1, 1, 0, 0, 0, 1, 3, 0, 0, 1, 0, 0, 1, 0, 2, 0, 1, 1, 2, 1, 0, 0, 1, 1, 3, 0, 1, 3, 0, 1, 0, 0, 2, 1, 0, 0, 0, 1, 0, 0, 0, 0, 0, 1, 2, 0, 1, 3, 0, 0, 1, 0, 0],846.5931657707905,57781.432218873764,86599.3836876579,false
55,G1_CMAX,G1_CMAX,[31, 22, 90, 26, 58, 95, 42, 12, 93, 5, 78, 86, 98, 18, 20, 35, 3, 97, 91, 76, 10, 85, 54, 45, 63, 71, 66, 1, 23, 17, 24, 60, 36, 6, 57, 15, 65, 56, 47, 79, 94, 67, 50, 46, 14, 75, 38, 9, 30, 19, 32, 81, 27, 92, 83, 87, 40, 99, 59, 11, 53, 16, 72, 77, 73, 70, 39, 37, 84, 43, 62, 25, 55, 28, 29, 51, 68, 82, 74, 61, 88, 21, 80, 89, 7, 69, 96, 41, 48, 4, 8, 34, 49, 52, 0, 44, 13, 2, 64, 33]|[1, 1, 1, 1, 0, 2, 1, 1, 2, 2, 2, 1, 0, 1, 2, 2, 1, 2, 0, 1, 2, 2, 2, 0, 0, 1, 2, 1, 2, 1, 2, 1, 1, 0, 1, 1, 0, 2, 2, 1, 1, 0, 0, 0, 0, 1, 1, 1, 1, 2, 1, 2, 2, 0, 0, 2, 1, 0, 0, 2, 0, 1, 2, 2, 1, 1, 1, 1, 1, 1, 0, 1, 1, 0, 0, 0, 0, 0, 2, 1, 1, 0, 0, 1, 1, 1, 2, 2, 0, 1, 1, 2, 0, 1, 0, 0, 0, 0, 2, 2]|[0, 4, 3, 0, 1, 1, 2, 4, 1, 1, 2, 4, 1, 4, 1, 1, 1, 2, 2, 2, 2, 1, 1, 1, 2, 3, 2, 3, 0, 4, 1, 0, 3, 2, 2, 2, 1, 1, 1, 0, 2, 0, 1, 2, 1, 3, 1, 4, 2, 0, 3, 2, 1, 2, 1, 1, 4, 1, 1, 1, 2, 3, 0, 2, 4, 3, 1, 4, 1, 1, 1, 4, 4, 2, 1, 1, 1, 2, 1, 3, 0, 1, 1, 1, 1, 3, 1, 1, 1, 4, 3, 1, 1, 1, 2, 2, 2, 2, 1, 1]|[3, 0, 2, 3, 0, 0, 1, 0, 0, 0, 1, 0, 0, 3, 0, 0, 1, 1, 1, 2, 1, 0, 0, 0, 0, 0, 0, 0, 0, 3, 1, 0, 2, 1, 1, 1, 0, 0, 0, 0, 1, 1, 0, 0, 0, 0, 1, 3, 2, 0, 0, 1, 0, 1, 0, 0, 2, 0, 0, 0, 1, 2, 1, 1, 0, 0, 1, 1, 3, 3, 0, 3, 3, 1, 0, 0, 0, 1, 0, 0, 0, 0, 0, 1, 2, 2, 0, 0, 0, 0, 2, 0, 1, 1, 0, 0, 0, 0, 0, 0],705.0470749739228,58445.79123614564,95781.2895945797,false
55,G4_BALANCED,G2_TEC,[31, 22, 82, 15, 26, 9, 95, 42, 77, 68, 47, 5, 93, 78, 86, 54, 85, 63, 18, 44, 20, 49, 36, 14, 74, 50, 53, 17, 21, 28, 11, 64, 3, 23, 30, 58, 24, 41, 40, 52, 65, 27, 90, 70, 39, 87, 48, 69, 99, 4, 75, 1, 13, 83, 97, 59, 45, 8, 73, 37, 35, 79, 71, 66, 76, 32, 60, 80, 56, 6, 67, 61, 33, 7, 57, 34, 12, 16, 10, 98, 96, 88, 43, 81, 91, 2, 84, 29, 92, 19, 51, 89, 46, 25, 72, 55, 38, 94, 62, 0]|[2, 1, 2, 1, 1, 2, 1, 1, 1, 1, 1, 0, 2, 2, 1, 2, 0, 0, 0, 2, 2, 1, 0, 2, 0, 2, 2, 1, 0, 1, 1, 1, 0, 0, 1, 0, 2, 1, 2, 2, 0, 0, 1, 1, 0, 2, 0, 2, 1, 0, 0, 2, 0, 2, 2, 0, 1, 1, 0, 0, 2, 1, 1, 2, 2, 0, 2, 2, 2, 1, 2, 1, 1, 2, 0, 1, 1, 2, 1, 2, 0, 1, 1, 1, 1, 0, 0, 1, 0, 1, 1, 1, 0, 1, 1, 0, 0, 2, 1, 0]|[0, 3, 0, 3, 4, 1, 4, 4, 2, 4, 3, 2, 1, 0, 2, 1, 1, 1, 2, 1, 1, 3, 0, 1, 0, 1, 1, 4, 1, 4, 3, 2, 2, 0, 4, 1, 1, 4, 1, 1, 2, 1, 4, 4, 1, 1, 0, 1, 3, 2, 2, 1, 2, 1, 1, 2, 4, 3, 0, 2, 2, 3, 3, 1, 1, 2, 1, 1, 1, 4, 1, 3, 4, 1, 2, 4, 3, 1, 3, 1, 2, 4, 4, 4, 3, 2, 2, 3, 2, 4, 3, 4, 2, 4, 4, 2, 2, 1, 3, 2]|[0, 2, 0, 0, 3, 0, 1, 3, 0, 0, 2, 0, 1, 0, 1, 0, 0, 0, 1, 0, 0, 2, 0, 0, 1, 0, 0, 3, 0, 1, 0, 2, 0, 0, 3, 0, 1, 1, 0, 0, 0, 0, 1, 3, 0, 0, 1, 0, 2, 0, 0, 0, 0, 0, 1, 0, 1, 0, 1, 1, 0, 2, 0, 0, 0, 0, 0, 0, 0, 2, 0, 0, 1, 0, 0, 1, 0, 0, 3, 0, 0, 1, 2, 2, 0, 0, 0, 3, 0, 1, 0, 1, 0, 3, 1, 0, 0, 0, 0, 0],899.0861296378544,49002.74718837592,105497.31571465736,true
55,G2_TEC,G2_TEC,[31, 94, 82, 15, 26, 9, 95, 42, 77, 68, 47, 5, 93, 78, 86, 54, 85, 63, 18, 44, 20, 49, 36, 14, 74, 50, 53, 17, 21, 28, 11, 64, 3, 23, 30, 83, 24, 41, 40, 52, 65, 27, 90, 70, 39, 87, 48, 69, 99, 4, 98, 1, 13, 56, 97, 59, 45, 8, 73, 37, 35, 79, 71, 66, 76, 32, 60, 80, 58, 6, 67, 61, 33, 7, 57, 34, 12, 16, 10, 22, 96, 88, 43, 81, 91, 2, 84, 29, 92, 19, 89, 55, 51, 46, 25, 75, 38, 72, 62, 0]|[2, 1, 2, 1, 1, 2, 1, 1, 1, 1, 1, 0, 2, 2, 1, 2, 0, 0, 0, 2, 2, 1, 0, 2, 0, 2, 2, 1, 0, 1, 1, 1, 0, 0, 1, 0, 2, 1, 2, 2, 0, 0, 1, 1, 0, 2, 0, 2, 1, 0, 2, 2, 0, 2, 2, 0, 1, 1, 0, 0, 2, 1, 1, 2, 2, 0, 2, 2, 2, 1, 2, 1, 1, 2, 0, 1, 1, 2, 1, 2, 0, 1, 1, 1, 1, 0, 0, 1, 0, 1, 1, 0, 1, 0, 1, 0, 0, 1, 1, 0]|[0, 3, 0, 3, 4, 1, 4, 4, 4, 4, 3, 2, 1, 0, 2, 1, 1, 1, 2, 1, 1, 3, 0, 1, 0, 1, 1, 4, 1, 4, 3, 2, 2, 0, 4, 1, 1, 4, 1, 1, 2, 1, 4, 4, 1, 1, 0, 1, 3, 2, 1, 1, 2, 1, 1, 2, 4, 3, 0, 2, 1, 3, 3, 1, 1, 2, 1, 1, 1, 4, 1, 3, 4, 1, 2, 4, 3, 1, 3, 1, 2, 4, 4, 4, 3, 2, 2, 3, 2, 4, 4, 2, 3, 2, 4, 2, 2, 4, 3, 2]|[0, 2, 0, 0, 3, 0, 1, 3, 1, 0, 2, 0, 1, 0, 1, 0, 0, 0, 1, 0, 0, 2, 0, 0, 1, 0, 0, 3, 0, 1, 0, 2, 0, 0, 3, 0, 1, 1, 0, 0, 0, 0, 1, 3, 0, 0, 1, 0, 2, 0, 0, 0, 0, 0, 1, 0, 1, 0, 1, 1, 0, 2, 0, 0, 0, 0, 0, 0, 0, 2, 0, 0, 1, 0, 0, 1, 0, 0, 3, 0, 0, 1, 2, 2, 0, 0, 0, 3, 0, 1, 1, 0, 0, 0, 3, 0, 0, 1, 0, 0],910.6016522559228,48441.78517559203,107030.90942221809,false
55,G3_TWC,G3_TWC,[31, 22, 42, 15, 26, 58, 95, 82, 77, 12, 47, 5, 93, 78, 98, 54, 85, 63, 18, 44, 20, 35, 43, 97, 91, 76, 10, 30, 21, 45, 71, 64, 1, 23, 17, 83, 24, 61, 60, 49, 6, 57, 94, 88, 65, 56, 79, 40, 67, 68, 46, 75, 0, 9, 19, 32, 81, 41, 27, 62, 87, 90, 99, 59, 53, 16, 72, 73, 70, 39, 37, 84, 3, 92, 25, 74, 28, 38, 51, 7, 11, 14, 86, 48, 89, 66, 50, 96, 33, 80, 4, 8, 34, 36, 55, 2, 13, 52, 69, 29]|[1, 1, 0, 1, 1, 1, 2, 1, 2, 1, 2, 2, 2, 1, 1, 0, 0, 1, 0, 2, 2, 0, 1, 2, 0, 1, 2, 2, 0, 0, 1, 2, 1, 0, 1, 0, 2, 0, 1, 1, 0, 1, 1, 1, 0, 2, 1, 1, 0, 0, 0, 0, 1, 1, 2, 1, 2, 0, 0, 0, 2, 1, 0, 1, 0, 1, 2, 1, 1, 1, 1, 1, 2, 0, 1, 2, 0, 0, 0, 1, 0, 1, 0, 0, 1, 0, 0, 0, 2, 0, 0, 1, 2, 0, 1, 0, 0, 1, 1, 0]|[4, 3, 2, 2, 0, 0, 2, 2, 2, 4, 1, 1, 2, 4, 4, 1, 1, 4, 2, 1, 1, 1, 1, 2, 1, 2, 1, 1, 1, 1, 3, 2, 3, 0, 4, 0, 1, 1, 0, 3, 2, 2, 4, 0, 1, 1, 3, 2, 0, 1, 2, 2, 1, 4, 0, 3, 2, 1, 1, 2, 1, 3, 1, 1, 2, 3, 0, 4, 3, 1, 4, 1, 1, 2, 4, 1, 2, 1, 1, 3, 2, 3, 1, 1, 1, 1, 1, 1, 1, 1, 2, 3, 1, 1, 4, 2, 2, 1, 3, 2]|[0, 2, 1, 1, 3, 3, 0, 1, 0, 0, 0, 0, 1, 0, 1, 0, 0, 3, 1, 0, 0, 0, 3, 1, 0, 2, 0, 0, 0, 1, 0, 0, 0, 0, 3, 0, 1, 0, 0, 2, 1, 1, 2, 0, 0, 0, 0, 1, 1, 0, 0, 0, 1, 3, 0, 0, 1, 0, 0, 1, 0, 2, 0, 1, 1, 2, 1, 0, 0, 1, 1, 3, 0, 1, 3, 0, 1, 0, 0, 2, 1, 0, 0, 0, 1, 0, 0, 0, 0, 0, 1, 2, 0, 1, 3, 0, 0, 1, 0, 0],846.5931657707905,57781.432218873764,86599.3836876579,false
55,G1_CMAX,G1_CMAX,[31, 22, 90, 26, 58, 95, 42, 12, 93, 5, 78, 86, 98, 18, 20, 35, 3, 97, 91, 76, 10, 85, 54, 45, 63, 71, 66, 1, 23, 17, 24, 60, 36, 6, 57, 15, 65, 56, 47, 79, 94, 67, 50, 46, 14, 75, 38, 9, 30, 19, 32, 81, 27, 92, 83, 87, 40, 99, 59, 11, 53, 16, 72, 77, 73, 70, 39, 37, 84, 43, 62, 25, 55, 28, 29, 51, 68, 82, 74, 61, 88, 21, 80, 89, 7, 69, 96, 41, 48, 4, 8, 34, 49, 52, 0, 44, 13, 2, 64, 33]|[1, 1, 1, 1, 0, 2, 1, 1, 2, 2, 2, 1, 0, 1, 2, 2, 1, 2, 0, 1, 2, 2, 2, 0, 0, 1, 2, 1, 2, 1, 2, 1, 1, 0, 1, 1, 0, 2, 2, 1, 1, 0, 0, 0, 0, 1, 1, 1, 1, 2, 1, 2, 2, 0, 0, 2, 1, 0, 0, 2, 0, 1, 2, 2, 1, 1, 1, 1, 1, 1, 0, 1, 1, 0, 0, 0, 0, 0, 2, 1, 1, 0, 0, 1, 1, 1, 2, 2, 0, 1, 1, 2, 0, 1, 0, 0, 0, 0, 2, 2]|[0, 4, 3, 0, 1, 1, 2, 4, 1, 1, 2, 4, 1, 4, 1, 1, 1, 2, 2, 2, 2, 1, 1, 1, 2, 3, 2, 3, 0, 4, 1, 0, 3, 2, 2, 2, 1, 1, 1, 0, 2, 0, 1, 2, 1, 3, 1, 4, 2, 0, 3, 2, 1, 2, 1, 1, 4, 1, 1, 1, 2, 3, 0, 2, 4, 3, 1, 4, 1, 1, 1, 4, 4, 2, 1, 1, 1, 2, 1, 3, 0, 1, 1, 1, 1, 3, 1, 1, 1, 4, 3, 1, 1, 1, 2, 2, 2, 2, 1, 1]|[3, 0, 2, 3, 0, 0, 1, 0, 0, 0, 1, 0, 0, 3, 0, 0, 1, 1, 1, 2, 1, 0, 0, 0, 0, 0, 0, 0, 0, 3, 1, 0, 2, 1, 1, 1, 0, 0, 0, 0, 1, 1, 0, 0, 0, 0, 1, 3, 2, 0, 0, 1, 0, 1, 0, 0, 2, 0, 0, 0, 1, 2, 1, 1, 0, 0, 1, 1, 3, 3, 0, 3, 3, 1, 0, 0, 0, 1, 0, 0, 0, 0, 0, 1, 2, 2, 0, 0, 0, 0, 2, 0, 1, 1, 0, 0, 0, 0, 0, 0],705.0470749739228,58445.79123614564,95781.2895945797,false
55,G4_BALANCED,G2_TEC,[31, 22, 82, 15, 26, 9, 95, 42, 77, 68, 47, 5, 93, 78, 86, 54, 85, 63, 18, 44, 20, 49, 36, 14, 74, 50, 53, 17, 21, 28, 11, 64, 3, 23, 30, 58, 24, 41, 40, 52, 65, 27, 90, 70, 39, 87, 48, 69, 99, 4, 75, 1, 13, 83, 97, 59, 45, 8, 73, 37, 35, 79, 71, 66, 76, 32, 60, 80, 56, 6, 67, 61, 33, 7, 57, 34, 12, 16, 10, 98, 96, 88, 43, 81, 91, 2, 84, 29, 92, 19, 51, 89, 46, 25, 72, 55, 38, 94, 62, 0]|[2, 1, 2, 1, 1, 2, 1, 1, 1, 1, 1, 0, 2, 2, 1, 2, 0, 0, 0, 2, 2, 1, 0, 2, 0, 2, 2, 1, 0, 1, 1, 1, 0, 0, 1, 0, 2, 1, 2, 2, 0, 0, 1, 1, 0, 2, 0, 2, 1, 0, 0, 2, 0, 2, 2, 0, 1, 1, 0, 0, 2, 1, 1, 2, 2, 0, 2, 2, 2, 1, 2, 1, 1, 2, 0, 1, 1, 2, 1, 2, 0, 1, 1, 1, 1, 0, 0, 1, 0, 1, 1, 1, 0, 1, 1, 0, 0, 2, 1, 0]|[0, 3, 0, 3, 4, 1, 4, 4, 2, 4, 3, 2, 1, 0, 2, 1, 1, 1, 2, 1, 1, 3, 0, 1, 0, 1, 1, 4, 1, 4, 3, 2, 2, 0, 4, 1, 1, 4, 1, 1, 2, 1, 4, 4, 1, 1, 0, 1, 3, 2, 2, 1, 2, 1, 1, 2, 4, 3, 0, 2, 2, 3, 3, 1, 1, 2, 1, 1, 1, 4, 1, 3, 4, 1, 2, 4, 3, 1, 3, 1, 2, 4, 4, 4, 3, 2, 2, 3, 2, 4, 3, 4, 2, 4, 4, 2, 2, 1, 3, 2]|[0, 2, 0, 0, 3, 0, 1, 3, 0, 0, 2, 0, 1, 0, 1, 0, 0, 0, 1, 0, 0, 2, 0, 0, 1, 0, 0, 3, 0, 1, 0, 2, 0, 0, 3, 0, 1, 1, 0, 0, 0, 0, 1, 3, 0, 0, 1, 0, 2, 0, 0, 0, 0, 0, 1, 0, 1, 0, 1, 1, 0, 2, 0, 0, 0, 0, 0, 0, 0, 2, 0, 0, 1, 0, 0, 1, 0, 0, 3, 0, 0, 1, 2, 2, 0, 0, 0, 3, 0, 1, 0, 1, 0, 3, 1, 0, 0, 0, 0, 0],899.0861296378544,49002.74718837592,105497.31571465736,true
55,G2_TEC,G2_TEC,[31, 94, 82, 15, 26, 9, 95, 42, 77, 68, 47, 5, 93, 78, 86, 54, 85, 63, 18, 44, 20, 49, 36, 14, 74, 50, 53, 17, 21, 28, 11, 64, 3, 23, 30, 83, 24, 41, 40, 52, 65, 27, 90, 70, 39, 87, 48, 69, 99, 4, 98, 1, 13, 56, 97, 59, 45, 8, 73, 37, 35, 79, 71, 66, 76, 32, 60, 80, 58, 6, 67, 61, 33, 7, 57, 34, 12, 16, 10, 22, 96, 88, 43, 81, 91, 2, 84, 29, 92, 19, 89, 55, 51, 46, 25, 75, 38, 72, 62, 0]|[2, 1, 2, 1, 1, 2, 1, 1, 1, 1, 1, 0, 2, 2, 1, 2, 0, 0, 0, 2, 2, 1, 0, 2, 0, 2, 2, 1, 0, 1, 1, 1, 0, 0, 1, 0, 2, 1, 2, 2, 0, 0, 1, 1, 0, 2, 0, 2, 1, 0, 2, 2, 0, 2, 2, 0, 1, 1, 0, 0, 2, 1, 1, 2, 2, 0, 2, 2, 2, 1, 2, 1, 1, 2, 0, 1, 1, 2, 1, 2, 0, 1, 1, 1, 1, 0, 0, 1, 0, 1, 1, 0, 1, 0, 1, 0, 0, 1, 1, 0]|[0, 3, 0, 3, 4, 1, 4, 4, 4, 4, 3, 2, 1, 0, 2, 1, 1, 1, 2, 1, 1, 3, 0, 1, 0, 1, 1, 4, 1, 4, 3, 2, 2, 0, 4, 1, 1, 4, 1, 1, 2, 1, 4, 4, 1, 1, 0, 1, 3, 2, 1, 1, 2, 1, 1, 2, 4, 3, 0, 2, 1, 3, 3, 1, 1, 2, 1, 1, 1, 4, 1, 3, 4, 1, 2, 4, 3, 1, 3, 1, 2, 4, 4, 4, 3, 2, 2, 3, 2, 4, 4, 2, 3, 2, 4, 2, 2, 4, 3, 2]|[0, 2, 0, 0, 3, 0, 1, 3, 1, 0, 2, 0, 1, 0, 1, 0, 0, 0, 1, 0, 0, 2, 0, 0, 1, 0, 0, 3, 0, 1, 0, 2, 0, 0, 3, 0, 1, 1, 0, 0, 0, 0, 1, 3, 0, 0, 1, 0, 2, 0, 0, 0, 0, 0, 1, 0, 1, 0, 1, 1, 0, 2, 0, 0, 0, 0, 0, 0, 0, 2, 0, 0, 1, 0, 0, 1, 0, 0, 3, 0, 0, 1, 2, 2, 0, 0, 0, 3, 0, 1, 1, 0, 0, 0, 3, 0, 0, 1, 0, 0],910.6016522559228,48441.78517559203,107030.90942221809,false
55,G3_TWC,G3_TWC,[31, 22, 42, 15, 26, 58, 95, 82, 77, 12, 47, 5, 93, 78, 98, 54, 85, 63, 18, 44, 20, 35, 43, 97, 91, 76, 10, 30, 21, 45, 71, 64, 1, 23, 17, 83, 24, 61, 60, 49, 6, 57, 94, 88, 65, 56, 79, 40, 67, 68, 46, 75, 0, 9, 19, 32, 81, 41, 27, 62, 87, 90, 99, 59, 53, 16, 72, 73, 70, 39, 37, 84, 3, 92, 25, 74, 28, 38, 51, 7, 11, 14, 86, 48, 89, 66, 50, 96, 33, 80, 4, 8, 34, 36, 55, 2, 13, 52, 69, 29]|[1, 1, 0, 1, 1, 1, 2, 1, 2, 1, 2, 2, 2, 1, 1, 0, 0, 1, 0, 2, 2, 0, 1, 2, 0, 1, 2, 2, 0, 0, 1, 2, 1, 0, 1, 0, 2, 0, 1, 1, 0, 1, 1, 1, 0, 2, 1, 1, 0, 0, 0, 0, 1, 1, 2, 1, 2, 0, 0, 0, 2, 1, 0, 1, 0, 1, 2, 1, 1, 1, 1, 1, 2, 0, 1, 2, 0, 0, 0, 1, 0, 1, 0, 0, 1, 0, 0, 0, 2, 0, 0, 1, 2, 0, 1, 0, 0, 1, 1, 0]|[4, 3, 2, 2, 0, 0, 2, 2, 2, 4, 1, 1, 2, 4, 4, 1, 1, 4, 2, 1, 1, 1, 1, 2, 1, 2, 1, 1, 1, 1, 3, 2, 3, 0, 4, 0, 1, 1, 0, 3, 2, 2, 4, 0, 1, 1, 3, 2, 0, 1, 2, 2, 1, 4, 0, 3, 2, 1, 1, 2, 1, 3, 1, 1, 2, 3, 0, 4, 3, 1, 4, 1, 1, 2, 4, 1, 2, 1, 1, 3, 2, 3, 1, 1, 1, 1, 1, 1, 1, 1, 2, 3, 1, 1, 4, 2, 2, 1, 3, 2]|[0, 2, 1, 1, 3, 3, 0, 1, 0, 0, 0, 0, 1, 0, 1, 0, 0, 3, 1, 0, 0, 0, 3, 1, 0, 2, 0, 0, 0, 1, 0, 0, 0, 0, 3, 0, 1, 0, 0, 2, 1, 1, 2, 0, 0, 0, 0, 1, 1, 0, 0, 0, 1, 3, 0, 0, 1, 0, 0, 1, 0, 2, 0, 1, 1, 2, 1, 0, 0, 1, 1, 3, 0, 1, 3, 0, 1, 0, 0, 2, 1, 0, 0, 0, 1, 0, 0, 0, 0, 0, 1, 2, 0, 1, 3, 0, 0, 1, 0, 0],846.5931657707905,57781.432218873764,86599.3836876579,false
55,G1_CMAX,G1_CMAX,[31, 22, 90, 26, 58, 95, 42, 12, 93, 5, 78, 86, 98, 18, 20, 35, 3, 97, 91, 76, 10, 85, 54, 45, 63, 71, 66, 1, 23, 17, 24, 60, 36, 6, 57, 15, 65, 56, 47, 79, 94, 67, 50, 46, 14, 75, 38, 9, 30, 19, 32, 81, 27, 92, 83, 87, 40, 99, 59, 11, 53, 16, 72, 77, 73, 70, 39, 37, 84, 43, 62, 25, 55, 28, 29, 51, 68, 82, 74, 61, 88, 21, 80, 89, 7, 69, 96, 41, 48, 4, 8, 34, 49, 52, 0, 44, 13, 2, 64, 33]|[1, 1, 1, 1, 0, 2, 1, 1, 2, 2, 2, 1, 0, 1, 2, 2, 1, 2, 0, 1, 2, 2, 2, 0, 0, 1, 2, 1, 2, 1, 2, 1, 1, 0, 1, 1, 0, 2, 2, 1, 1, 0, 0, 0, 0, 1, 1, 1, 1, 2, 1, 2, 2, 0, 0, 2, 1, 0, 0, 2, 0, 1, 2, 2, 1, 1, 1, 1, 1, 1, 0, 1, 1, 0, 0, 0, 0, 0, 2, 1, 1, 0, 0, 1, 1, 1, 2, 2, 0, 1, 1, 2, 0, 1, 0, 0, 0, 0, 2, 2]|[0, 4, 3, 0, 1, 1, 2, 4, 1, 1, 2, 4, 1, 4, 1, 1, 1, 2, 2, 2, 2, 1, 1, 1, 2, 3, 2, 3, 0, 4, 1, 0, 3, 2, 2, 2, 1, 1, 1, 0, 2, 0, 1, 2, 1, 3, 1, 4, 2, 0, 3, 2, 1, 2, 1, 1, 4, 1, 1, 1, 2, 3, 0, 2, 4, 3, 1, 4, 1, 1, 1, 4, 4, 2, 1, 1, 1, 2, 1, 3, 0, 1, 1, 1, 1, 3, 1, 1, 1, 4, 3, 1, 1, 1, 2, 2, 2, 2, 1, 1]|[3, 0, 2, 3, 0, 0, 1, 0, 0, 0, 1, 0, 0, 3, 0, 0, 1, 1, 1, 2, 1, 0, 0, 0, 0, 0, 0, 0, 0, 3, 1, 0, 2, 1, 1, 1, 0, 0, 0, 0, 1, 1, 0, 0, 0, 0, 1, 3, 2, 0, 0, 1, 0, 1, 0, 0, 2, 0, 0, 0, 1, 2, 1, 1, 0, 0, 1, 1, 3, 3, 0, 3, 3, 1, 0, 0, 0, 1, 0, 0, 0, 0, 0, 1, 2, 2, 0, 0, 0, 0, 2, 0, 1, 1, 0, 0, 0, 0, 0, 0],705.0470749739228,58445.79123614564,95781.2895945797,false
55,G4_BALANCED,G4_BALANCED,[31, 22, 82, 15, 26, 9, 95, 42, 77, 68, 47, 5, 93, 78, 86, 54, 85, 63, 18, 44, 20, 49, 36, 14, 74, 50, 53, 17, 21, 28, 11, 64, 3, 23, 30, 58, 24, 41, 40, 52, 65, 27, 90, 70, 39, 87, 48, 69, 99, 4, 75, 1, 13, 83, 97, 59, 45, 8, 73, 37, 35, 79, 71, 66, 76, 32, 60, 80, 56, 6, 67, 61, 33, 7, 57, 34, 12, 16, 10, 98, 96, 88, 43, 81, 91, 2, 84, 29, 92, 19, 89, 51, 55, 94, 72, 25, 38, 46, 62, 0]|[2, 1, 2, 1, 1, 2, 1, 1, 1, 1, 1, 0, 2, 2, 1, 2, 0, 0, 0, 2, 2, 1, 0, 2, 0, 2, 2, 1, 0, 1, 1, 1, 0, 0, 1, 0, 2, 1, 2, 2, 0, 0, 1, 1, 0, 2, 0, 2, 1, 0, 2, 2, 0, 2, 2, 0, 1, 1, 0, 0, 2, 1, 1, 2, 2, 0, 2, 2, 2, 1, 2, 1, 1, 2, 0, 1, 1, 2, 1, 2, 0, 1, 1, 1, 1, 0, 0, 1, 0, 1, 1, 1, 0, 0, 1, 1, 0, 0, 1, 0]|[0, 3, 0, 3, 4, 1, 4, 4, 2, 4, 3, 2, 1, 0, 2, 1, 1, 1, 2, 1, 1, 3, 0, 1, 0, 1, 1, 4, 1, 4, 3, 2, 2, 0, 4, 1, 1, 4, 1, 1, 2, 1, 4, 4, 1, 1, 0, 1, 3, 2, 1, 1, 2, 1, 1, 2, 4, 3, 0, 2, 2, 3, 3, 1, 1, 2, 1, 1, 1, 4, 1, 3, 4, 1, 2, 4, 3, 1, 3, 1, 2, 4, 4, 4, 3, 2, 2, 3, 2, 4, 4, 3, 2, 2, 4, 4, 2, 2, 3, 2]|[0, 2, 0, 0, 3, 0, 1, 3, 0, 0, 2, 0, 1, 0, 1, 0, 0, 0, 1, 0, 0, 2, 0, 0, 1, 0, 0, 3, 0, 1, 0, 2, 0, 0, 3, 0, 1, 1, 0, 0, 0, 0, 1, 3, 0, 0, 1, 0, 2, 0, 0, 0, 0, 0, 1, 0, 1, 0, 1, 1, 0, 2, 0, 0, 0, 0, 0, 0, 0, 2, 0, 0, 1, 0, 0, 1, 0, 0, 3, 0, 0, 1, 2, 2, 0, 0, 0, 3, 0, 1, 1, 0, 0, 0, 1, 3, 0, 0, 0, 0],897.7951288250631,48998.903725923374,105306.6469027604,false
55,G2_TEC,G2_TEC,[31, 94, 82, 15, 26, 9, 95, 42, 77, 68, 47, 5, 93, 78, 86, 54, 85, 63, 18, 44, 20, 49, 36, 14, 74, 50, 53, 17, 21, 28, 11, 64, 3, 23, 30, 83, 24, 41, 40, 52, 65, 27, 90, 70, 39, 87, 48, 69, 99, 4, 98, 1, 13, 56, 97, 59, 45, 8, 73, 37, 35, 79, 71, 66, 76, 32, 60, 80, 58, 6, 67, 61, 33, 7, 57, 34, 12, 16, 10, 22, 96, 88, 43, 81, 91, 2, 84, 29, 92, 19, 89, 55, 51, 46, 25, 75, 38, 72, 62, 0]|[2, 1, 2, 1, 1, 2, 1, 1, 1, 1, 1, 0, 2, 2, 1, 2, 0, 0, 0, 2, 2, 1, 0, 2, 0, 2, 2, 1, 0, 1, 1, 1, 0, 0, 1, 0, 2, 1, 2, 2, 0, 0, 1, 1, 0, 2, 0, 2, 1, 0, 2, 2, 0, 2, 2, 0, 1, 1, 0, 0, 2, 1, 1, 2, 2, 0, 2, 2, 2, 1, 2, 1, 1, 2, 0, 1, 1, 2, 1, 2, 0, 1, 1, 1, 1, 0, 0, 1, 0, 1, 1, 0, 1, 0, 1, 0, 0, 1, 1, 0]|[0, 3, 0, 3, 4, 1, 4, 4, 4, 4, 3, 2, 1, 0, 2, 1, 1, 1, 2, 1, 1, 3, 0, 1, 0, 1, 1, 4, 1, 4, 3, 2, 2, 0, 4, 1, 1, 4, 1, 1, 2, 1, 4, 4, 1, 1, 0, 1, 3, 2, 1, 1, 2, 1, 1, 2, 4, 3, 0, 2, 1, 3, 3, 1, 1, 2, 1, 1, 1, 4, 1, 3, 4, 1, 2, 4, 3, 1, 3, 1, 2, 4, 4, 4, 3, 2, 2, 3, 2, 4, 4, 2, 3, 2, 4, 2, 2, 4, 3, 2]|[0, 2, 0, 0, 3, 0, 1, 3, 1, 0, 2, 0, 1, 0, 1, 0, 0, 0, 1, 0, 0, 2, 0, 0, 1, 0, 0, 3, 0, 1, 0, 2, 0, 0, 3, 0, 1, 1, 0, 0, 0, 0, 1, 3, 0, 0, 1, 0, 2, 0, 0, 0, 0, 0, 1, 0, 1, 0, 1, 1, 0, 2, 0, 0, 0, 0, 0, 0, 0, 2, 0, 0, 1, 0, 0, 1, 0, 0, 3, 0, 0, 1, 2, 2, 0, 0, 0, 3, 0, 1, 1, 0, 0, 0, 3, 0, 0, 1, 0, 0],910.6016522559228,48441.78517559203,107030.90942221809,false
55,G3_TWC,G3_TWC,[31, 22, 42, 15, 26, 58, 95, 82, 77, 12, 47, 5, 93, 78, 98, 54, 85, 63, 18, 44, 20, 35, 43, 97, 91, 76, 10, 30, 21, 45, 71, 64, 1, 23, 17, 83, 24, 61, 60, 49, 6, 57, 94, 88, 65, 56, 79, 40, 67, 68, 46, 75, 0, 9, 19, 32, 81, 41, 27, 62, 87, 90, 99, 59, 53, 16, 72, 73, 70, 39, 37, 84, 3, 92, 25, 74, 28, 38, 51, 7, 11, 14, 86, 48, 89, 66, 50, 96, 33, 80, 4, 8, 34, 36, 55, 2, 13, 52, 69, 29]|[1, 1, 0, 1, 1, 1, 2, 1, 2, 1, 2, 2, 2, 1, 1, 0, 0, 1, 0, 2, 2, 0, 1, 2, 0, 1, 2, 2, 0, 0, 1, 2, 1, 0, 1, 0, 2, 0, 1, 1, 0, 1, 1, 1, 0, 2, 1, 1, 0, 0, 0, 0, 1, 1, 2, 1, 2, 0, 0, 0, 2, 1, 0, 1, 0, 1, 2, 1, 1, 1, 1, 1, 2, 0, 1, 2, 0, 0, 0, 1, 0, 1, 0, 0, 1, 0, 0, 0, 2, 0, 0, 1, 2, 0, 1, 0, 0, 1, 1, 0]|[4, 3, 2, 2, 0, 0, 2, 2, 2, 4, 1, 1, 2, 4, 4, 1, 1, 4, 2, 1, 1, 1, 1, 2, 1, 2, 1, 1, 1, 1, 3, 2, 3, 0, 4, 0, 1, 1, 0, 3, 2, 2, 4, 0, 1, 1, 3, 2, 0, 1, 2, 2, 1, 4, 0, 3, 2, 1, 1, 2, 1, 3, 1, 1, 2, 3, 0, 4, 3, 1, 4, 1, 1, 2, 4, 1, 2, 1, 1, 3, 2, 3, 1, 1, 1, 1, 1, 1, 1, 1, 2, 3, 1, 1, 4, 2, 2, 1, 3, 2]|[0, 2, 1, 1, 3, 3, 0, 1, 0, 0, 0, 0, 1, 0, 1, 0, 0, 3, 1, 0, 0, 0, 3, 1, 0, 2, 0, 0, 0, 1, 0, 0, 0, 0, 3, 0, 1, 0, 0, 2, 1, 1, 2, 0, 0, 0, 0, 1, 1, 0, 0, 0, 1, 3, 0, 0, 1, 0, 0, 1, 0, 2, 0, 1, 1, 2, 1, 0, 0, 1, 1, 3, 0, 1, 3, 0, 1, 0, 0, 2, 1, 0, 0, 0, 1, 0, 0, 0, 0, 0, 1, 2, 0, 1, 3, 0, 0, 1, 0, 0],846.5931657707905,57781.432218873764,86599.3836876579,false
55,G1_CMAX,G1_CMAX,[31, 22, 90, 26, 58, 95, 42, 12, 93, 5, 78, 86, 98, 18, 20, 35, 3, 97, 91, 76, 10, 85, 54, 45, 63, 71, 66, 1, 23, 17, 24, 60, 36, 6, 57, 15, 65, 56, 47, 79, 94, 67, 50, 46, 14, 75, 38, 9, 30, 19, 32, 81, 27, 92, 83, 87, 40, 99, 59, 11, 53, 16, 72, 77, 73, 70, 39, 37, 84, 43, 62, 25, 55, 28, 29, 51, 68, 82, 74, 61, 88, 21, 80, 89, 7, 69, 96, 41, 48, 4, 8, 34, 49, 52, 0, 44, 13, 2, 64, 33]|[1, 1, 1, 1, 0, 2, 1, 1, 2, 2, 2, 1, 0, 1, 2, 2, 1, 2, 0, 1, 2, 2, 2, 0, 0, 1, 2, 1, 2, 1, 2, 1, 1, 0, 1, 1, 0, 2, 2, 1, 1, 0, 0, 0, 0, 1, 1, 1, 1, 2, 1, 2, 2, 0, 0, 2, 1, 0, 0, 2, 0, 1, 2, 2, 1, 1, 1, 1, 1, 1, 0, 1, 1, 0, 0, 0, 0, 0, 2, 1, 1, 0, 0, 1, 1, 1, 2, 2, 0, 1, 1, 2, 0, 1, 0, 0, 0, 0, 2, 2]|[0, 4, 3, 0, 1, 1, 2, 4, 1, 1, 2, 4, 1, 4, 1, 1, 1, 2, 2, 2, 2, 1, 1, 1, 2, 3, 2, 3, 0, 4, 1, 0, 3, 2, 2, 2, 1, 1, 1, 0, 2, 0, 1, 2, 1, 3, 1, 4, 2, 0, 3, 2, 1, 2, 1, 1, 4, 1, 1, 1, 2, 3, 0, 2, 4, 3, 1, 4, 1, 1, 1, 4, 4, 2, 1, 1, 1, 2, 1, 3, 0, 1, 1, 1, 1, 3, 1, 1, 1, 4, 3, 1, 1, 1, 2, 2, 2, 2, 1, 1]|[3, 0, 2, 3, 0, 0, 1, 0, 0, 0, 1, 0, 0, 3, 0, 0, 1, 1, 1, 2, 1, 0, 0, 0, 0, 0, 0, 0, 0, 3, 1, 0, 2, 1, 1, 1, 0, 0, 0, 0, 1, 1, 0, 0, 0, 0, 1, 3, 2, 0, 0, 1, 0, 1, 0, 0, 2, 0, 0, 0, 1, 2, 1, 1, 0, 0, 1, 1, 3, 3, 0, 3, 3, 1, 0, 0, 0, 1, 0, 0, 0, 0, 0, 1, 2, 2, 0, 0, 0, 0, 2, 0, 1, 1, 0, 0, 0, 0, 0, 0],705.0470749739228,58445.79123614564,95781.2895945797,false
55,G4_BALANCED,G4_BALANCED,[31, 22, 82, 15, 26, 9, 95, 42, 77, 68, 47, 5, 93, 78, 86, 54, 85, 63, 18, 44, 20, 49, 36, 14, 74, 50, 53, 17, 21, 28, 11, 64, 3, 23, 30, 58, 24, 41, 40, 52, 65, 27, 90, 70, 39, 87, 48, 69, 99, 4, 75, 1, 13, 83, 97, 59, 45, 8, 73, 37, 35, 79, 71, 66, 76, 32, 60, 80, 56, 6, 67, 61, 33, 7, 57, 34, 12, 16, 10, 98, 96, 88, 43, 81, 91, 2, 84, 29, 92, 19, 89, 51, 55, 94, 72, 25, 38, 46, 62, 0]|[2, 1, 2, 1, 1, 2, 1, 1, 1, 1, 1, 0, 2, 2, 1, 2, 0, 0, 0, 2, 2, 1, 0, 2, 0, 2, 2, 1, 0, 1, 1, 1, 0, 0, 1, 0, 2, 1, 2, 2, 0, 0, 1, 1, 0, 2, 0, 2, 1, 0, 2, 2, 0, 2, 2, 0, 1, 1, 0, 0, 2, 1, 1, 2, 2, 0, 2, 2, 2, 1, 2, 1, 1, 2, 0, 1, 1, 2, 1, 2, 0, 1, 1, 1, 1, 0, 0, 1, 0, 1, 1, 1, 0, 0, 1, 1, 0, 0, 1, 0]|[0, 3, 0, 3, 4, 1, 4, 4, 2, 4, 3, 2, 1, 0, 2, 1, 1, 1, 2, 1, 1, 3, 0, 1, 0, 1, 1, 4, 1, 4, 3, 2, 2, 0, 4, 1, 1, 4, 1, 1, 2, 1, 4, 4, 1, 1, 0, 1, 3, 2, 1, 1, 2, 1, 1, 2, 4, 3, 0, 2, 2, 3, 3, 1, 1, 2, 1, 1, 1, 4, 1, 3, 4, 1, 2, 4, 3, 1, 3, 1, 2, 4, 4, 4, 3, 2, 2, 3, 2, 4, 4, 3, 2, 2, 4, 4, 2, 2, 3, 2]|[0, 2, 0, 0, 3, 0, 1, 3, 0, 0, 2, 0, 1, 0, 1, 0, 0, 0, 1, 0, 0, 2, 0, 0, 1, 0, 0, 3, 0, 1, 0, 2, 0, 0, 3, 0, 1, 1, 0, 0, 0, 0, 1, 3, 0, 0, 1, 0, 2, 0, 0, 0, 0, 0, 1, 0, 1, 0, 1, 1, 0, 2, 0, 0, 0, 0, 0, 0, 0, 2, 0, 0, 1, 0, 0, 1, 0, 0, 3, 0, 0, 1, 2, 2, 0, 0, 0, 3, 0, 1, 1, 0, 0, 0, 1, 3, 0, 0, 0, 0],897.7951288250631,48998.903725923374,105306.6469027604,false
55,G2_TEC,G2_TEC,[31, 94, 82, 15, 26, 9, 95, 42, 77, 68, 47, 5, 93, 78, 86, 54, 85, 63, 18, 44, 20, 49, 36, 14, 74, 50, 53, 17, 21, 28, 11, 64, 3, 23, 30, 83, 24, 41, 40, 52, 65, 27, 90, 70, 39, 87, 48, 69, 99, 4, 98, 1, 13, 56, 97, 59, 45, 8, 73, 37, 35, 79, 71, 66, 76, 32, 60, 80, 58, 6, 67, 61, 33, 7, 57, 34, 12, 16, 10, 22, 96, 88, 43, 81, 91, 2, 84, 29, 92, 19, 89, 55, 51, 46, 25, 75, 38, 72, 62, 0]|[2, 1, 2, 1, 1, 2, 1, 1, 1, 1, 1, 0, 2, 2, 1, 2, 0, 0, 0, 2, 2, 1, 0, 2, 0, 2, 2, 1, 0, 1, 1, 1, 0, 0, 1, 0, 2, 1, 2, 2, 0, 0, 1, 1, 0, 2, 0, 2, 1, 0, 2, 2, 0, 2, 2, 0, 1, 1, 0, 0, 2, 1, 1, 2, 2, 0, 2, 2, 2, 1, 2, 1, 1, 2, 0, 1, 1, 2, 1, 2, 0, 1, 1, 1, 1, 0, 0, 1, 0, 1, 1, 0, 1, 0, 1, 0, 0, 1, 1, 0]|[0, 3, 0, 3, 4, 1, 4, 4, 4, 4, 3, 2, 1, 0, 2, 1, 1, 1, 2, 1, 1, 3, 0, 1, 0, 1, 1, 4, 1, 4, 3, 2, 2, 0, 4, 1, 1, 4, 1, 1, 2, 1, 4, 4, 1, 1, 0, 1, 3, 2, 1, 1, 2, 1, 1, 2, 4, 3, 0, 2, 1, 3, 3, 1, 1, 2, 1, 1, 1, 4, 1, 3, 4, 1, 2, 4, 3, 1, 3, 1, 2, 4, 4, 4, 3, 2, 2, 3, 2, 4, 4, 2, 3, 2, 4, 2, 2, 4, 3, 2]|[0, 2, 0, 0, 3, 0, 1, 3, 1, 0, 2, 0, 1, 0, 1, 0, 0, 0, 1, 0, 0, 2, 0, 0, 1, 0, 0, 3, 0, 1, 0, 2, 0, 0, 3, 0, 1, 1, 0, 0, 0, 0, 1, 3, 0, 0, 1, 0, 2, 0, 0, 0, 0, 0, 1, 0, 1, 0, 1, 1, 0, 2, 0, 0, 0, 0, 0, 0, 0, 2, 0, 0, 1, 0, 0, 1, 0, 0, 3, 0, 0, 1, 2, 2, 0, 0, 0, 3, 0, 1, 1, 0, 0, 0, 3, 0, 0, 1, 0, 0],910.6016522559228,48441.78517559203,107030.90942221809,false
55,G3_TWC,G3_TWC,[31, 22, 42, 15, 26, 58, 95, 82, 77, 12, 47, 5, 93, 78, 98, 54, 85, 63, 18, 44, 20, 35, 43, 97, 91, 76, 10, 30, 21, 45, 71, 64, 1, 23, 17, 83, 24, 61, 60, 49, 6, 57, 94, 88, 65, 56, 79, 40, 67, 68, 46, 75, 0, 9, 19, 32, 81, 41, 27, 62, 87, 90, 99, 59, 53, 16, 72, 73, 70, 39, 37, 84, 3, 92, 25, 74, 28, 38, 51, 7, 11, 14, 86, 48, 89, 66, 50, 96, 33, 80, 4, 8, 34, 36, 55, 2, 13, 52, 69, 29]|[1, 1, 0, 1, 1, 1, 2, 1, 2, 1, 2, 2, 2, 1, 1, 0, 0, 1, 0, 2, 2, 0, 1, 2, 0, 1, 2, 2, 0, 0, 1, 2, 1, 0, 1, 0, 2, 0, 1, 1, 0, 1, 1, 1, 0, 2, 1, 1, 0, 0, 0, 0, 1, 1, 2, 1, 2, 0, 0, 0, 2, 1, 0, 1, 0, 1, 2, 1, 1, 1, 1, 1, 2, 0, 1, 2, 0, 0, 0, 1, 0, 1, 0, 0, 1, 0, 0, 0, 2, 0, 0, 1, 2, 0, 1, 0, 0, 1, 1, 0]|[4, 3, 2, 2, 0, 0, 2, 2, 2, 4, 1, 1, 2, 4, 4, 1, 1, 4, 2, 1, 1, 1, 1, 2, 1, 2, 1, 1, 1, 1, 3, 2, 3, 0, 4, 0, 1, 1, 0, 3, 2, 2, 4, 0, 1, 1, 3, 2, 0, 1, 2, 2, 1, 4, 0, 3, 2, 1, 1, 2, 1, 3, 1, 1, 2, 3, 0, 4, 3, 1, 4, 1, 1, 2, 4, 1, 2, 1, 1, 3, 2, 3, 1, 1, 1, 1, 1, 1, 1, 1, 2, 3, 1, 1, 4, 2, 2, 1, 3, 2]|[0, 2, 1, 1, 3, 3, 0, 1, 0, 0, 0, 0, 1, 0, 1, 0, 0, 3, 1, 0, 0, 0, 3, 1, 0, 2, 0, 0, 0, 1, 0, 0, 0, 0, 3, 0, 1, 0, 0, 2, 1, 1, 2, 0, 0, 0, 0, 1, 1, 0, 0, 0, 1, 3, 0, 0, 1, 0, 0, 1, 0, 2, 0, 1, 1, 2, 1, 0, 0, 1, 1, 3, 0, 1, 3, 0, 1, 0, 0, 2, 1, 0, 0, 0, 1, 0, 0, 0, 0, 0, 1, 2, 0, 1, 3, 0, 0, 1, 0, 0],846.5931657707905,57781.432218873764,86599.3836876579,false
55,G1_CMAX,G1_CMAX,[31, 22, 90, 26, 58, 95, 42, 12, 93, 5, 78, 86, 98, 18, 20, 35, 3, 97, 91, 76, 10, 85, 54, 45, 63, 71, 66, 1, 23, 17, 24, 60, 36, 6, 57, 15, 65, 56, 47, 79, 94, 67, 50, 46, 14, 75, 38, 9, 30, 19, 32, 81, 27, 92, 83, 87, 40, 99, 59, 11, 53, 16, 72, 77, 73, 70, 39, 37, 84, 43, 62, 25, 55, 28, 29, 51, 68, 82, 74, 61, 88, 21, 80, 89, 7, 69, 96, 41, 48, 4, 8, 34, 49, 52, 0, 44, 13, 2, 64, 33]|[1, 1, 1, 1, 0, 2, 1, 1, 2, 2, 2, 1, 0, 1, 2, 2, 1, 2, 0, 1, 2, 2, 2, 0, 0, 1, 2, 1, 2, 1, 2, 1, 1, 0, 1, 1, 0, 2, 2, 1, 1, 0, 0, 0, 0, 1, 1, 1, 1, 2, 1, 2, 2, 0, 0, 2, 1, 0, 0, 2, 0, 1, 2, 2, 1, 1, 1, 1, 1, 1, 0, 1, 1, 0, 0, 0, 0, 0, 2, 1, 1, 0, 0, 1, 1, 1, 2, 2, 0, 1, 1, 2, 0, 1, 0, 0, 0, 0, 2, 2]|[0, 4, 3, 0, 1, 1, 2, 4, 1, 1, 2, 4, 1, 4, 1, 1, 1, 2, 2, 2, 2, 1, 1, 1, 2, 3, 2, 3, 0, 4, 1, 0, 3, 2, 2, 2, 1, 1, 1, 0, 2, 0, 1, 2, 1, 3, 1, 4, 2, 0, 3, 2, 1, 2, 1, 1, 4, 1, 1, 1, 2, 3, 0, 2, 4, 3, 1, 4, 1, 1, 1, 4, 4, 2, 1, 1, 1, 2, 1, 3, 0, 1, 1, 1, 1, 3, 1, 1, 1, 4, 3, 1, 1, 1, 2, 2, 2, 2, 1, 1]|[3, 0, 2, 3, 0, 0, 1, 0, 0, 0, 1, 0, 0, 3, 0, 0, 1, 1, 1, 2, 1, 0, 0, 0, 0, 0, 0, 0, 0, 3, 1, 0, 2, 1, 1, 1, 0, 0, 0, 0, 1, 1, 0, 0, 0, 0, 1, 3, 2, 0, 0, 1, 0, 1, 0, 0, 2, 0, 0, 0, 1, 2, 1, 1, 0, 0, 1, 1, 3, 3, 0, 3, 3, 1, 0, 0, 0, 1, 0, 0, 0, 0, 0, 1, 2, 2, 0, 0, 0, 0, 2, 0, 1, 1, 0, 0, 0, 0, 0, 0],705.0470749739228,58445.79123614564,95781.2895945797,false
55,G4_BALANCED,G4_BALANCED,[31, 22, 82, 15, 26, 9, 95, 42, 77, 68, 47, 5, 93, 78, 86, 54, 85, 63, 18, 44, 20, 49, 36, 14, 74, 50, 53, 17, 21, 28, 11, 64, 3, 23, 30, 58, 24, 41, 40, 52, 65, 27, 90, 70, 39, 87, 48, 69, 99, 4, 75, 1, 13, 83, 97, 59, 45, 8, 73, 37, 35, 79, 71, 66, 76, 32, 60, 80, 56, 6, 67, 61, 33, 7, 57, 34, 12, 16, 10, 98, 96, 88, 43, 81, 91, 2, 84, 29, 92, 19, 89, 51, 55, 94, 72, 25, 38, 46, 62, 0]|[2, 1, 2, 1, 1, 2, 1, 1, 1, 1, 1, 0, 2, 2, 1, 2, 0, 0, 0, 2, 2, 1, 0, 2, 0, 2, 2, 1, 0, 1, 1, 1, 0, 0, 1, 0, 2, 1, 2, 2, 0, 0, 1, 1, 0, 2, 0, 2, 1, 0, 2, 2, 0, 2, 2, 0, 1, 1, 0, 0, 2, 1, 1, 2, 2, 0, 2, 2, 2, 1, 2, 1, 1, 2, 0, 1, 1, 2, 1, 2, 0, 1, 1, 1, 1, 0, 0, 1, 0, 1, 1, 1, 0, 0, 1, 1, 0, 0, 1, 0]|[0, 3, 0, 3, 4, 1, 4, 4, 2, 4, 3, 2, 1, 0, 2, 1, 1, 1, 2, 1, 1, 3, 0, 1, 0, 1, 1, 4, 1, 4, 3, 2, 2, 0, 4, 1, 1, 4, 1, 1, 2, 1, 4, 4, 1, 1, 0, 1, 3, 2, 1, 1, 2, 1, 1, 2, 4, 3, 0, 2, 2, 3, 3, 1, 1, 2, 1, 1, 1, 4, 1, 3, 4, 1, 2, 4, 3, 1, 3, 1, 2, 4, 4, 4, 3, 2, 2, 3, 2, 4, 4, 3, 2, 2, 4, 4, 2, 2, 3, 2]|[0, 2, 0, 0, 3, 0, 1, 3, 0, 0, 2, 0, 1, 0, 1, 0, 0, 0, 1, 0, 0, 2, 0, 0, 1, 0, 0, 3, 0, 1, 0, 2, 0, 0, 3, 0, 1, 1, 0, 0, 0, 0, 1, 3, 0, 0, 1, 0, 2, 0, 0, 0, 0, 0, 1, 0, 1, 0, 1, 1, 0, 2, 0, 0, 0, 0, 0, 0, 0, 2, 0, 0, 1, 0, 0, 1, 0, 0, 3, 0, 0, 1, 2, 2, 0, 0, 0, 3, 0, 1, 1, 0, 0, 0, 1, 3, 0, 0, 0, 0],897.7951288250631,48998.903725923374,105306.6469027604,false
55,G2_TEC,G2_TEC,[31, 94, 82, 15, 26, 9, 95, 42, 77, 68, 47, 5, 93, 78, 86, 54, 85, 63, 18, 44, 20, 49, 36, 14, 74, 50, 53, 17, 21, 28, 11, 64, 3, 23, 30, 83, 24, 41, 40, 52, 65, 27, 90, 70, 39, 87, 48, 69, 99, 4, 98, 1, 13, 56, 97, 59, 45, 8, 73, 37, 35, 79, 71, 66, 76, 32, 60, 80, 58, 6, 67, 61, 33, 7, 57, 34, 12, 16, 10, 22, 96, 88, 43, 81, 91, 2, 84, 29, 92, 19, 89, 55, 51, 46, 25, 75, 38, 72, 62, 0]|[2, 1, 2, 1, 1, 2, 1, 1, 1, 1, 1, 0, 2, 2, 1, 2, 0, 0, 0, 2, 2, 1, 0, 2, 0, 2, 2, 1, 0, 1, 1, 1, 0, 0, 1, 0, 2, 1, 2, 2, 0, 0, 1, 1, 0, 2, 0, 2, 1, 0, 2, 2, 0, 2, 2, 0, 1, 1, 0, 0, 2, 1, 1, 2, 2, 0, 2, 2, 2, 1, 2, 1, 1, 2, 0, 1, 1, 2, 1, 2, 0, 1, 1, 1, 1, 0, 0, 1, 0, 1, 1, 0, 1, 0, 1, 0, 0, 1, 1, 0]|[0, 3, 0, 3, 4, 1, 4, 4, 4, 4, 3, 2, 1, 0, 2, 1, 1, 1, 2, 1, 1, 3, 0, 1, 0, 1, 1, 4, 1, 4, 3, 2, 2, 0, 4, 1, 1, 4, 1, 1, 2, 1, 4, 4, 1, 1, 0, 1, 3, 2, 1, 1, 2, 1, 1, 2, 4, 3, 0, 2, 1, 3, 3, 1, 1, 2, 1, 1, 1, 4, 1, 3, 4, 1, 2, 4, 3, 1, 3, 1, 2, 4, 4, 4, 3, 2, 2, 3, 2, 4, 4, 2, 3, 2, 4, 2, 2, 4, 3, 2]|[0, 2, 0, 0, 3, 0, 1, 3, 1, 0, 2, 0, 1, 0, 1, 0, 0, 0, 1, 0, 0, 2, 0, 0, 1, 0, 0, 3, 0, 1, 0, 2, 0, 0, 3, 0, 1, 1, 0, 0, 0, 0, 1, 3, 0, 0, 1, 0, 2, 0, 0, 0, 0, 0, 1, 0, 1, 0, 1, 1, 0, 2, 0, 0, 0, 0, 0, 0, 0, 2, 0, 0, 1, 0, 0, 1, 0, 0, 3, 0, 0, 1, 2, 2, 0, 0, 0, 3, 0, 1, 1, 0, 0, 0, 3, 0, 0, 1, 0, 0],910.6016522559228,48441.78517559203,107030.90942221809,false
55,G3_TWC,G3_TWC,[31, 22, 42, 15, 26, 58, 95, 82, 77, 12, 47, 5, 93, 78, 98, 54, 85, 63, 18, 44, 20, 35, 43, 97, 91, 76, 10, 30, 21, 45, 71, 64, 1, 23, 17, 83, 24, 61, 60, 49, 6, 57, 94, 88, 65, 56, 79, 40, 67, 68, 46, 75, 0, 9, 19, 32, 81, 41, 27, 62, 87, 90, 99, 59, 53, 16, 72, 73, 70, 39, 37, 84, 3, 92, 25, 74, 28, 38, 51, 7, 11, 14, 86, 48, 89, 66, 50, 96, 33, 80, 4, 8, 34, 36, 55, 2, 13, 52, 69, 29]|[1, 1, 0, 1, 1, 1, 2, 1, 2, 1, 2, 2, 2, 1, 1, 0, 0, 1, 0, 2, 2, 0, 1, 2, 0, 1, 2, 2, 0, 0, 1, 2, 1, 0, 1, 0, 2, 0, 1, 1, 0, 1, 1, 1, 0, 2, 1, 1, 0, 0, 0, 0, 1, 1, 2, 1, 2, 0, 0, 0, 2, 1, 0, 1, 0, 1, 2, 1, 1, 1, 1, 1, 2, 0, 1, 2, 0, 0, 0, 1, 0, 1, 0, 0, 1, 0, 0, 0, 2, 0, 0, 1, 2, 0, 1, 0, 0, 1, 1, 0]|[4, 3, 2, 2, 0, 0, 2, 2, 2, 4, 1, 1, 2, 4, 4, 1, 1, 4, 2, 1, 1, 1, 1, 2, 1, 2, 1, 1, 1, 1, 3, 2, 3, 0, 4, 0, 1, 1, 0, 3, 2, 2, 4, 0, 1, 1, 3, 2, 0, 1, 2, 2, 1, 4, 0, 3, 2, 1, 1, 2, 1, 3, 1, 1, 2, 3, 0, 4, 3, 1, 4, 1, 1, 2, 4, 1, 2, 1, 1, 3, 2, 3, 1, 1, 1, 1, 1, 1, 1, 1, 2, 3, 1, 1, 4, 2, 2, 1, 3, 2]|[0, 2, 1, 1, 3, 3, 0, 1, 0, 0, 0, 0, 1, 0, 1, 0, 0, 3, 1, 0, 0, 0, 3, 1, 0, 2, 0, 0, 0, 1, 0, 0, 0, 0, 3, 0, 1, 0, 0, 2, 1, 1, 2, 0, 0, 0, 0, 1, 1, 0, 0, 0, 1, 3, 0, 0, 1, 0, 0, 1, 0, 2, 0, 1, 1, 2, 1, 0, 0, 1, 1, 3, 0, 1, 3, 0, 1, 0, 0, 2, 1, 0, 0, 0, 1, 0, 0, 0, 0, 0, 1, 2, 0, 1, 3, 0, 0, 1, 0, 0],846.5931657707905,57781.432218873764,86599.3836876579,false
55,G1_CMAX,G4_BALANCED,[31, 22, 82, 15, 26, 9, 95, 42, 77, 68, 47, 5, 93, 78, 86, 54, 85, 63, 18, 44, 20, 49, 36, 14, 74, 50, 53, 17, 21, 28, 11, 64, 3, 23, 30, 83, 24, 41, 40, 52, 65, 27, 90, 70, 39, 87, 48, 69, 99, 4, 75, 1, 13, 58, 97, 59, 45, 8, 73, 37, 35, 79, 71, 66, 76, 32, 60, 80, 56, 6, 67, 61, 33, 7, 57, 34, 12, 16, 10, 98, 96, 88, 43, 46, 91, 38, 84, 29, 92, 19, 51, 89, 81, 94, 72, 2, 25, 55, 62, 0]|[2, 1, 2, 1, 1, 2, 1, 1, 1, 1, 1, 0, 2, 2, 1, 2, 0, 0, 0, 2, 2, 1, 0, 2, 0, 2, 2, 1, 0, 1, 1, 1, 0, 0, 1, 0, 2, 1, 2, 2, 0, 0, 1, 1, 0, 2, 0, 2, 1, 0, 2, 2, 0, 2, 2, 0, 1, 1, 0, 0, 2, 1, 1, 2, 2, 0, 2, 2, 2, 1, 2, 1, 1, 2, 0, 1, 1, 2, 1, 2, 0, 1, 1, 0, 1, 0, 0, 1, 0, 1, 1, 1, 1, 0, 1, 0, 1, 0, 1, 0]|[0, 3, 0, 3, 4, 1, 4, 4, 4, 4, 3, 2, 1, 0, 2, 1, 1, 1, 2, 1, 1, 3, 0, 1, 0, 1, 1, 4, 1, 4, 3, 2, 2, 0, 4, 1, 1, 4, 1, 1, 2, 1, 4, 4, 1, 1, 0, 1, 3, 2, 1, 1, 2, 1, 1, 2, 4, 3, 0, 2, 2, 3, 3, 1, 1, 2, 1, 1, 1, 4, 1, 3, 4, 1, 2, 4, 3, 1, 3, 1, 2, 4, 4, 2, 3, 2, 2, 3, 2, 4, 3, 4, 4, 2, 4, 2, 4, 2, 3, 2]|[0, 2, 0, 0, 3, 0, 1, 3, 1, 0, 2, 0, 1, 0, 1, 0, 0, 0, 1, 0, 0, 2, 0, 0, 1, 0, 0, 3, 0, 1, 0, 2, 0, 0, 3, 0, 1, 1, 0, 0, 0, 0, 1, 3, 0, 0, 1, 0, 2, 0, 0, 0, 0, 0, 1, 0, 1, 0, 1, 1, 0, 2, 0, 0, 0, 0, 0, 0, 0, 2, 0, 0, 1, 0, 0, 1, 0, 0, 3, 0, 0, 1, 2, 0, 0, 0, 0, 3, 0, 1, 0, 1, 2, 0, 1, 0, 3, 0, 0, 0],903.924669198394,48551.34773213051,106885.56202425799,true
55,G4_BALANCED,G4_BALANCED,[31, 11, 15, 82, 26, 9, 95, 32, 77, 68, 47, 5, 93, 78, 86, 54, 85, 63, 18, 44, 20, 49, 36, 14, 74, 50, 53, 17, 21, 45, 71, 64, 3, 23, 30, 83, 24, 41, 60, 52, 51, 27, 90, 70, 39, 87, 48, 69, 99, 4, 46, 1, 13, 58, 97, 59, 28, 8, 73, 37, 35, 79, 22, 66, 76, 42, 40, 80, 96, 6, 16, 61, 33, 7, 57, 34, 12, 67, 10, 98, 56, 88, 29, 25, 91, 38, 19, 92, 43, 84, 65, 72, 81, 75, 2, 55, 62, 89, 94, 0]|[2, 1, 1, 2, 1, 2, 1, 1, 1, 1, 1, 0, 2, 2, 1, 2, 0, 0, 0, 2, 2, 1, 0, 2, 0, 2, 2, 1, 0, 1, 1, 1, 0, 0, 1, 0, 2, 1, 2, 2, 0, 0, 1, 1, 0, 2, 0, 2, 1, 0, 0, 2, 0, 0, 2, 0, 1, 1, 0, 0, 2, 1, 1, 2, 2, 0, 2, 2, 0, 1, 2, 1, 1, 2, 0, 1, 2, 1, 1, 2, 2, 1, 1, 1, 1, 0, 1, 0, 1, 0, 1, 1, 1, 0, 2, 0, 1, 1, 2, 0]|[1, 3, 2, 0, 4, 1, 4, 4, 2, 4, 3, 2, 1, 0, 2, 1, 1, 1, 2, 1, 1, 3, 0, 1, 0, 1, 1, 4, 1, 4, 3, 2, 2, 0, 4, 1, 1, 4, 0, 1, 2, 1, 4, 4, 1, 1, 0, 2, 3, 1, 2, 1, 2, 1, 1, 2, 4, 3, 0, 2, 2, 3, 3, 0, 1, 2, 0, 1, 2, 4, 1, 3, 4, 1, 2, 4, 1, 3, 3, 1, 1, 4, 3, 4, 3, 2, 4, 2, 4, 2, 3, 4, 1, 2, 1, 2, 3, 4, 1, 2]|[1, 2, 1, 0, 3, 0, 1, 3, 0, 0, 2, 0, 1, 0, 1, 0, 0, 0, 1, 0, 0, 2, 0, 0, 1, 0, 0, 3, 0, 1, 0, 2, 0, 1, 3, 0, 1, 3, 1, 0, 0, 0, 1, 3, 0, 0, 1, 0, 2, 0, 0, 0, 0, 0, 1, 0, 1, 0, 1, 1, 0, 2, 2, 0, 0, 0, 1, 0, 0, 2, 0, 0, 1, 0, 0, 1, 0, 0, 3, 0, 0, 1, 0, 3, 0, 0, 1, 0, 2, 0, 0, 2, 1, 0, 0, 0, 0, 1, 0, 0],850.9632869082183,52431.02217786142,105346.60403335126,false
55,G2_TEC,G2_TEC,[31, 94, 82, 15, 26, 9, 95, 42, 77, 68, 47, 5, 93, 78, 86, 54, 85, 63, 18, 44, 20, 49, 36, 14, 74, 50, 53, 17, 21, 28, 11, 64, 3, 23, 30, 83, 24, 41, 40, 52, 65, 27, 90, 70, 39, 87, 48, 69, 99, 4, 98, 1, 13, 56, 97, 59, 45, 8, 73, 37, 35, 79, 71, 66, 76, 32, 60, 80, 58, 6, 67, 61, 33, 7, 57, 34, 12, 16, 10, 22, 96, 88, 43, 81, 91, 2, 84, 29, 92, 19, 89, 55, 51, 46, 25, 75, 38, 72, 62, 0]|[2, 1, 2, 1, 1, 2, 1, 1, 1, 1, 1, 0, 2, 2, 1, 2, 0, 0, 0, 2, 2, 1, 0, 2, 0, 2, 2, 1, 0, 1, 1, 1, 0, 0, 1, 0, 2, 1, 2, 2, 0, 0, 1, 1, 0, 2, 0, 2, 1, 0, 2, 2, 0, 2, 2, 0, 1, 1, 0, 0, 2, 1, 1, 2, 2, 0, 2, 2, 2, 1, 2, 1, 1, 2, 0, 1, 1, 2, 1, 2, 0, 1, 1, 1, 1, 0, 0, 1, 0, 1, 1, 0, 1, 0, 1, 0, 0, 1, 1, 0]|[0, 3, 0, 3, 4, 1, 4, 4, 4, 4, 3, 2, 1, 0, 2, 1, 1, 1, 2, 1, 1, 3, 0, 1, 0, 1, 1, 4, 1, 4, 3, 2, 2, 0, 4, 1, 1, 4, 1, 1, 2, 1, 4, 4, 1, 1, 0, 1, 3, 2, 1, 1, 2, 1, 1, 2, 4, 3, 0, 2, 1, 3, 3, 1, 1, 2, 1, 1, 1, 4, 1, 3, 4, 1, 2, 4, 3, 1, 3, 1, 2, 4, 4, 4, 3, 2, 2, 3, 2, 4, 4, 2, 3, 2, 4, 2, 2, 4, 3, 2]|[0, 2, 0, 0, 3, 0, 1, 3, 1, 0, 2, 0, 1, 0, 1, 0, 0, 0, 1, 0, 0, 2, 0, 0, 1, 0, 0, 3, 0, 1, 0, 2, 0, 0, 3, 0, 1, 1, 0, 0, 0, 0, 1, 3, 0, 0, 1, 0, 2, 0, 0, 0, 0, 0, 1, 0, 1, 0, 1, 1, 0, 2, 0, 0, 0, 0, 0, 0, 0, 2, 0, 0, 1, 0, 0, 1, 0, 0, 3, 0, 0, 1, 2, 2, 0, 0, 0, 3, 0, 1, 1, 0, 0, 0, 3, 0, 0, 1, 0, 0],910.6016522559228,48441.78517559203,107030.90942221809,false
55,G3_TWC,G3_TWC,[31, 22, 42, 15, 26, 58, 95, 82, 77, 12, 47, 5, 93, 78, 98, 54, 85, 63, 18, 44, 20, 35, 43, 97, 91, 76, 10, 30, 21, 45, 71, 64, 1, 23, 17, 83, 24, 61, 60, 49, 6, 57, 94, 88, 65, 56, 79, 40, 67, 68, 46, 75, 0, 9, 19, 32, 81, 41, 27, 62, 87, 90, 99, 59, 53, 16, 72, 73, 70, 39, 37, 84, 3, 92, 25, 74, 28, 38, 51, 7, 11, 14, 86, 48, 89, 66, 50, 96, 33, 80, 4, 8, 34, 36, 55, 2, 13, 52, 69, 29]|[1, 1, 0, 1, 1, 1, 2, 1, 2, 1, 2, 2, 2, 1, 1, 0, 0, 1, 0, 2, 2, 0, 1, 2, 0, 1, 2, 2, 0, 0, 1, 2, 1, 0, 1, 0, 2, 0, 1, 1, 0, 1, 1, 1, 0, 2, 1, 1, 0, 0, 0, 0, 1, 1, 2, 1, 2, 0, 0, 0, 2, 1, 0, 1, 0, 1, 2, 1, 1, 1, 1, 1, 2, 0, 1, 2, 0, 0, 0, 1, 0, 1, 0, 0, 1, 0, 0, 0, 2, 0, 0, 1, 2, 0, 1, 0, 0, 1, 1, 0]|[4, 3, 2, 2, 0, 0, 2, 2, 2, 4, 1, 1, 2, 4, 4, 1, 1, 4, 2, 1, 1, 1, 1, 2, 1, 2, 1, 1, 1, 1, 3, 2, 3, 0, 4, 0, 1, 1, 0, 3, 2, 2, 4, 0, 1, 1, 3, 2, 0, 1, 2, 2, 1, 4, 0, 3, 2, 1, 1, 2, 1, 3, 1, 1, 2, 3, 0, 4, 3, 1, 4, 1, 1, 2, 4, 1, 2, 1, 1, 3, 2, 3, 1, 1, 1, 1, 1, 1, 1, 1, 2, 3, 1, 1, 4, 2, 2, 1, 3, 2]|[0, 2, 1, 1, 3, 3, 0, 1, 0, 0, 0, 0, 1, 0, 1, 0, 0, 3, 1, 0, 0, 0, 3, 1, 0, 2, 0, 0, 0, 1, 0, 0, 0, 0, 3, 0, 1, 0, 0, 2, 1, 1, 2, 0, 0, 0, 0, 1, 1, 0, 0, 0, 1, 3, 0, 0, 1, 0, 0, 1, 0, 2, 0, 1, 1, 2, 1, 0, 0, 1, 1, 3, 0, 1, 3, 0, 1, 0, 0, 2, 1, 0, 0, 0, 1, 0, 0, 0, 0, 0, 1, 2, 0, 1, 3, 0, 0, 1, 0, 0],846.5931657707905,57781.432218873764,86599.3836876579,false
55,G1_CMAX,G1_CMAX,[31, 22, 90, 26, 58, 95, 42, 12, 93, 5, 78, 86, 98, 18, 20, 35, 3, 97, 91, 76, 10, 85, 54, 45, 63, 71, 66, 1, 23, 17, 24, 60, 36, 6, 57, 15, 65, 56, 47, 79, 94, 67, 50, 46, 14, 75, 38, 9, 30, 19, 32, 81, 27, 92, 83, 87, 40, 99, 59, 11, 53, 16, 72, 77, 73, 70, 39, 37, 84, 43, 62, 25, 55, 28, 29, 51, 68, 82, 74, 61, 88, 21, 80, 89, 7, 69, 96, 41, 48, 4, 8, 34, 49, 52, 0, 44, 13, 2, 64, 33]|[1, 1, 1, 1, 0, 2, 1, 1, 2, 2, 2, 1, 0, 1, 2, 2, 1, 2, 0, 1, 2, 2, 2, 0, 0, 1, 2, 1, 2, 1, 2, 1, 1, 0, 1, 1, 0, 2, 2, 1, 1, 0, 0, 0, 0, 1, 1, 1, 1, 2, 1, 2, 2, 0, 0, 2, 1, 0, 0, 2, 0, 1, 2, 2, 1, 1, 1, 1, 1, 1, 0, 1, 1, 0, 0, 0, 0, 0, 2, 1, 1, 0, 0, 1, 1, 1, 2, 2, 0, 1, 1, 2, 0, 1, 0, 0, 0, 0, 2, 2]|[0, 4, 3, 0, 1, 1, 2, 4, 1, 1, 2, 4, 1, 4, 1, 1, 1, 2, 2, 2, 2, 1, 1, 1, 2, 3, 2, 3, 0, 4, 1, 0, 3, 2, 2, 2, 1, 1, 1, 0, 2, 0, 1, 2, 1, 3, 1, 4, 2, 0, 3, 2, 1, 2, 1, 1, 4, 1, 1, 1, 2, 3, 0, 2, 4, 3, 1, 4, 1, 1, 1, 4, 4, 2, 1, 1, 1, 2, 1, 3, 0, 1, 1, 1, 1, 3, 1, 1, 1, 4, 3, 1, 1, 1, 2, 2, 2, 2, 1, 1]|[3, 0, 2, 3, 0, 0, 1, 0, 0, 0, 1, 0, 0, 3, 0, 0, 1, 1, 1, 2, 1, 0, 0, 0, 0, 0, 0, 0, 0, 3, 1, 0, 2, 1, 1, 1, 0, 0, 0, 0, 1, 1, 0, 0, 0, 0, 1, 3, 2, 0, 0, 1, 0, 1, 0, 0, 2, 0, 0, 0, 1, 2, 1, 1, 0, 0, 1, 1, 3, 3, 0, 3, 3, 1, 0, 0, 0, 1, 0, 0, 0, 0, 0, 1, 2, 2, 0, 0, 0, 0, 2, 0, 1, 1, 0, 0, 0, 0, 0, 0],705.0470749739228,58445.79123614564,95781.2895945797,false
55,G4_BALANCED,G4_BALANCED,[31, 11, 15, 82, 26, 9, 95, 32, 77, 68, 47, 5, 93, 78, 86, 54, 85, 63, 18, 44, 20, 49, 36, 14, 74, 50, 53, 17, 21, 45, 71, 64, 3, 23, 30, 83, 24, 41, 60, 52, 51, 27, 90, 70, 39, 87, 48, 69, 99, 4, 46, 1, 13, 58, 97, 59, 28, 8, 73, 37, 35, 79, 22, 66, 76, 42, 40, 80, 96, 6, 16, 61, 33, 7, 57, 34, 12, 67, 10, 98, 56, 88, 29, 25, 91, 38, 19, 92, 43, 84, 65, 72, 81, 75, 2, 55, 62, 89, 94, 0]|[2, 1, 1, 2, 1, 2, 1, 1, 1, 1, 1, 0, 2, 2, 1, 2, 0, 0, 0, 2, 2, 1, 0, 2, 0, 2, 2, 1, 0, 1, 1, 1, 0, 0, 1, 0, 2, 1, 2, 2, 0, 0, 1, 1, 0, 2, 0, 2, 1, 0, 0, 2, 0, 0, 2, 0, 1, 1, 0, 0, 2, 1, 1, 2, 2, 0, 2, 2, 0, 1, 2, 1, 1, 2, 0, 1, 2, 1, 1, 2, 2, 1, 1, 1, 1, 0, 1, 0, 1, 0, 1, 1, 1, 0, 2, 0, 1, 1, 2, 0]|[1, 3, 2, 0, 4, 1, 4, 4, 2, 4, 3, 2, 1, 0, 2, 1, 1, 1, 2, 1, 1, 3, 0, 1, 0, 1, 1, 4, 1, 4, 3, 2, 2, 0, 4, 1, 1, 4, 0, 1, 2, 1, 4, 4, 1, 1, 0, 2, 3, 1, 2, 1, 2, 1, 1, 2, 4, 3, 0, 2, 2, 3, 3, 0, 1, 2, 0, 1, 2, 4, 1, 3, 4, 1, 2, 4, 1, 3, 3, 1, 1, 4, 3, 4, 3, 2, 4, 2, 4, 2, 3, 4, 1, 2, 1, 2, 3, 4, 1, 2]|[1, 2, 1, 0, 3, 0, 1, 3, 0, 0, 2, 0, 1, 0, 1, 0, 0, 0, 1, 0, 0, 2, 0, 0, 1, 0, 0, 3, 0, 1, 0, 2, 0, 1, 3, 0, 1, 3, 1, 0, 0, 0, 1, 3, 0, 0, 1, 0, 2, 0, 0, 0, 0, 0, 1, 0, 1, 0, 1, 1, 0, 2, 2, 0, 0, 0, 1, 0, 0, 2, 0, 0, 1, 0, 0, 1, 0, 0, 3, 0, 0, 1, 0, 3, 0, 0, 1, 0, 2, 0, 0, 2, 1, 0, 0, 0, 0, 1, 0, 0],850.9632869082183,52431.02217786142,105346.60403335126,false
55,G2_TEC,G2_TEC,[31, 94, 82, 15, 26, 9, 95, 42, 77, 68, 47, 5, 93, 78, 86, 54, 85, 63, 18, 44, 20, 49, 36, 14, 74, 50, 53, 17, 21, 28, 11, 64, 3, 23, 30, 83, 24, 41, 40, 52, 65, 27, 90, 70, 39, 87, 48, 69, 99, 4, 98, 1, 13, 56, 97, 59, 45, 8, 73, 37, 35, 79, 71, 66, 76, 32, 60, 80, 58, 6, 67, 61, 33, 7, 57, 34, 12, 16, 10, 22, 96, 88, 43, 81, 91, 2, 84, 29, 92, 19, 89, 55, 51, 46, 25, 75, 38, 72, 62, 0]|[2, 1, 2, 1, 1, 2, 1, 1, 1, 1, 1, 0, 2, 2, 1, 2, 0, 0, 0, 2, 2, 1, 0, 2, 0, 2, 2, 1, 0, 1, 1, 1, 0, 0, 1, 0, 2, 1, 2, 2, 0, 0, 1, 1, 0, 2, 0, 2, 1, 0, 2, 2, 0, 2, 2, 0, 1, 1, 0, 0, 2, 1, 1, 2, 2, 0, 2, 2, 2, 1, 2, 1, 1, 2, 0, 1, 1, 2, 1, 2, 0, 1, 1, 1, 1, 0, 0, 1, 0, 1, 1, 0, 1, 0, 1, 0, 0, 1, 1, 0]|[0, 3, 0, 3, 4, 1, 4, 4, 4, 4, 3, 2, 1, 0, 2, 1, 1, 1, 2, 1, 1, 3, 0, 1, 0, 1, 1, 4, 1, 4, 3, 2, 2, 0, 4, 1, 1, 4, 1, 1, 2, 1, 4, 4, 1, 1, 0, 1, 3, 2, 1, 1, 2, 1, 1, 2, 4, 3, 0, 2, 1, 3, 3, 1, 1, 2, 1, 1, 1, 4, 1, 3, 4, 1, 2, 4, 3, 1, 3, 1, 2, 4, 4, 4, 3, 2, 2, 3, 2, 4, 4, 2, 3, 2, 4, 2, 2, 4, 3, 2]|[0, 2, 0, 0, 3, 0, 1, 3, 1, 0, 2, 0, 1, 0, 1, 0, 0, 0, 1, 0, 0, 2, 0, 0, 1, 0, 0, 3, 0, 1, 0, 2, 0, 0, 3, 0, 1, 1, 0, 0, 0, 0, 1, 3, 0, 0, 1, 0, 2, 0, 0, 0, 0, 0, 1, 0, 1, 0, 1, 1, 0, 2, 0, 0, 0, 0, 0, 0, 0, 2, 0, 0, 1, 0, 0, 1, 0, 0, 3, 0, 0, 1, 2, 2, 0, 0, 0, 3, 0, 1, 1, 0, 0, 0, 3, 0, 0, 1, 0, 0],910.6016522559228,48441.78517559203,107030.90942221809,false
55,G3_TWC,G3_TWC,[31, 22, 42, 15, 26, 58, 95, 82, 77, 12, 47, 5, 93, 78, 98, 54, 85, 63, 18, 44, 20, 35, 43, 97, 91, 76, 10, 30, 21, 45, 71, 64, 1, 23, 17, 83, 24, 61, 60, 49, 6, 57, 94, 88, 65, 56, 79, 40, 67, 68, 46, 75, 0, 9, 19, 32, 81, 41, 27, 62, 87, 90, 99, 59, 53, 16, 72, 73, 70, 39, 37, 84, 3, 92, 25, 74, 28, 38, 51, 7, 11, 14, 86, 48, 89, 66, 50, 96, 33, 80, 4, 8, 34, 36, 55, 2, 13, 52, 69, 29]|[1, 1, 0, 1, 1, 1, 2, 1, 2, 1, 2, 2, 2, 1, 1, 0, 0, 1, 0, 2, 2, 0, 1, 2, 0, 1, 2, 2, 0, 0, 1, 2, 1, 0, 1, 0, 2, 0, 1, 1, 0, 1, 1, 1, 0, 2, 1, 1, 0, 0, 0, 0, 1, 1, 2, 1, 2, 0, 0, 0, 2, 1, 0, 1, 0, 1, 2, 1, 1, 1, 1, 1, 2, 0, 1, 2, 0, 0, 0, 1, 0, 1, 0, 0, 1, 0, 0, 0, 2, 0, 0, 1, 2, 0, 1, 0, 0, 1, 1, 0]|[4, 3, 2, 2, 0, 0, 2, 2, 2, 4, 1, 1, 2, 4, 4, 1, 1, 4, 2, 1, 1, 1, 1, 2, 1, 2, 1, 1, 1, 1, 3, 2, 3, 0, 4, 0, 1, 1, 0, 3, 2, 2, 4, 0, 1, 1, 3, 2, 0, 1, 2, 2, 1, 4, 0, 3, 2, 1, 1, 2, 1, 3, 1, 1, 2, 3, 0, 4, 3, 1, 4, 1, 1, 2, 4, 1, 2, 1, 1, 3, 2, 3, 1, 1, 1, 1, 1, 1, 1, 1, 2, 3, 1, 1, 4, 2, 2, 1, 3, 2]|[0, 2, 1, 1, 3, 3, 0, 1, 0, 0, 0, 0, 1, 0, 1, 0, 0, 3, 1, 0, 0, 0, 3, 1, 0, 2, 0, 0, 0, 1, 0, 0, 0, 0, 3, 0, 1, 0, 0, 2, 1, 1, 2, 0, 0, 0, 0, 1, 1, 0, 0, 0, 1, 3, 0, 0, 1, 0, 0, 1, 0, 2, 0, 1, 1, 2, 1, 0, 0, 1, 1, 3, 0, 1, 3, 0, 1, 0, 0, 2, 1, 0, 0, 0, 1, 0, 0, 0, 0, 0, 1, 2, 0, 1, 3, 0, 0, 1, 0, 0],846.5931657707905,57781.432218873764,86599.3836876579,false
55,G1_CMAX,G1_CMAX,[31, 22, 90, 26, 58, 95, 42, 12, 93, 5, 78, 86, 98, 18, 20, 35, 3, 97, 91, 76, 10, 85, 54, 45, 63, 71, 66, 1, 23, 17, 24, 60, 36, 6, 57, 15, 65, 56, 47, 79, 94, 67, 50, 46, 14, 75, 38, 9, 30, 19, 32, 81, 27, 92, 83, 87, 40, 99, 59, 11, 53, 16, 72, 77, 73, 70, 39, 37, 84, 43, 62, 25, 55, 28, 29, 51, 68, 82, 74, 61, 88, 21, 80, 89, 7, 69, 96, 41, 48, 4, 8, 34, 49, 52, 0, 44, 13, 2, 64, 33]|[1, 1, 1, 1, 0, 2, 1, 1, 2, 2, 2, 1, 0, 1, 2, 2, 1, 2, 0, 1, 2, 2, 2, 0, 0, 1, 2, 1, 2, 1, 2, 1, 1, 0, 1, 1, 0, 2, 2, 1, 1, 0, 0, 0, 0, 1, 1, 1, 1, 2, 1, 2, 2, 0, 0, 2, 1, 0, 0, 2, 0, 1, 2, 2, 1, 1, 1, 1, 1, 1, 0, 1, 1, 0, 0, 0, 0, 0, 2, 1, 1, 0, 0, 1, 1, 1, 2, 2, 0, 1, 1, 2, 0, 1, 0, 0, 0, 0, 2, 2]|[0, 4, 3, 0, 1, 1, 2, 4, 1, 1, 2, 4, 1, 4, 1, 1, 1, 2, 2, 2, 2, 1, 1, 1, 2, 3, 2, 3, 0, 4, 1, 0, 3, 2, 2, 2, 1, 1, 1, 0, 2, 0, 1, 2, 1, 3, 1, 4, 2, 0, 3, 2, 1, 2, 1, 1, 4, 1, 1, 1, 2, 3, 0, 2, 4, 3, 1, 4, 1, 1, 1, 4, 4, 2, 1, 1, 1, 2, 1, 3, 0, 1, 1, 1, 1, 3, 1, 1, 1, 4, 3, 1, 1, 1, 2, 2, 2, 2, 1, 1]|[3, 0, 2, 3, 0, 0, 1, 0, 0, 0, 1, 0, 0, 3, 0, 0, 1, 1, 1, 2, 1, 0, 0, 0, 0, 0, 0, 0, 0, 3, 1, 0, 2, 1, 1, 1, 0, 0, 0, 0, 1, 1, 0, 0, 0, 0, 1, 3, 2, 0, 0, 1, 0, 1, 0, 0, 2, 0, 0, 0, 1, 2, 1, 1, 0, 0, 1, 1, 3, 3, 0, 3, 3, 1, 0, 0, 0, 1, 0, 0, 0, 0, 0, 1, 2, 2, 0, 0, 0, 0, 2, 0, 1, 1, 0, 0, 0, 0, 0, 0],705.0470749739228,58445.79123614564,95781.2895945797,false
55,G4_BALANCED,G4_BALANCED,[31, 11, 15, 82, 26, 9, 95, 32, 77, 68, 47, 5, 93, 78, 86, 54, 85, 63, 18, 44, 20, 49, 36, 14, 74, 50, 53, 17, 21, 45, 71, 64, 3, 23, 30, 83, 24, 41, 60, 52, 51, 27, 90, 70, 39, 87, 48, 69, 99, 4, 46, 1, 13, 58, 97, 59, 28, 8, 73, 37, 35, 79, 22, 66, 76, 42, 40, 80, 96, 6, 16, 61, 33, 7, 57, 34, 12, 67, 10, 98, 56, 88, 29, 25, 91, 38, 19, 92, 43, 84, 65, 72, 81, 75, 2, 55, 62, 89, 94, 0]|[2, 1, 1, 2, 1, 2, 1, 1, 1, 1, 1, 0, 2, 2, 1, 2, 0, 0, 0, 2, 2, 1, 0, 2, 0, 2, 2, 1, 0, 1, 1, 1, 0, 0, 1, 0, 2, 1, 2, 2, 0, 0, 1, 1, 0, 2, 0, 2, 1, 0, 0, 2, 0, 0, 2, 0, 1, 1, 0, 0, 2, 1, 1, 2, 2, 0, 2, 2, 0, 1, 2, 1, 1, 2, 0, 1, 2, 1, 1, 2, 2, 1, 1, 1, 1, 0, 1, 0, 1, 0, 1, 1, 1, 0, 2, 0, 1, 1, 2, 0]|[1, 3, 2, 0, 4, 1, 4, 4, 2, 4, 3, 2, 1, 0, 2, 1, 1, 1, 2, 1, 1, 3, 0, 1, 0, 1, 1, 4, 1, 4, 3, 2, 2, 0, 4, 1, 1, 4, 0, 1, 2, 1, 4, 4, 1, 1, 0, 2, 3, 1, 2, 1, 2, 1, 1, 2, 4, 3, 0, 2, 2, 3, 3, 0, 1, 2, 0, 1, 2, 4, 1, 3, 4, 1, 2, 4, 1, 3, 3, 1, 1, 4, 3, 4, 3, 2, 4, 2, 4, 2, 3, 4, 1, 2, 1, 2, 3, 4, 1, 2]|[1, 2, 1, 0, 3, 0, 1, 3, 0, 0, 2, 0, 1, 0, 1, 0, 0, 0, 1, 0, 0, 2, 0, 0, 1, 0, 0, 3, 0, 1, 0, 2, 0, 1, 3, 0, 1, 3, 1, 0, 0, 0, 1, 3, 0, 0, 1, 0, 2, 0, 0, 0, 0, 0, 1, 0, 1, 0, 1, 1, 0, 2, 2, 0, 0, 0, 1, 0, 0, 2, 0, 0, 1, 0, 0, 1, 0, 0, 3, 0, 0, 1, 0, 3, 0, 0, 1, 0, 2, 0, 0, 2, 1, 0, 0, 0, 0, 1, 0, 0],850.9632869082183,52431.02217786142,105346.60403335126,false
55,G2_TEC,G2_TEC,[31, 94, 82, 15, 26, 9, 95, 42, 77, 68, 47, 5, 93, 78, 86, 54, 85, 63, 18, 44, 20, 49, 36, 14, 74, 50, 53, 17, 21, 28, 11, 64, 3, 23, 30, 83, 24, 41, 40, 52, 65, 27, 90, 70, 39, 87, 48, 69, 99, 4, 98, 1, 13, 56, 97, 59, 45, 8, 73, 37, 35, 79, 71, 66, 76, 32, 60, 80, 58, 6, 67, 61, 33, 7, 57, 34, 12, 16, 10, 22, 96, 88, 43, 81, 91, 2, 84, 29, 92, 19, 89, 55, 51, 46, 25, 75, 38, 72, 62, 0]|[2, 1, 2, 1, 1, 2, 1, 1, 1, 1, 1, 0, 2, 2, 1, 2, 0, 0, 0, 2, 2, 1, 0, 2, 0, 2, 2, 1, 0, 1, 1, 1, 0, 0, 1, 0, 2, 1, 2, 2, 0, 0, 1, 1, 0, 2, 0, 2, 1, 0, 2, 2, 0, 2, 2, 0, 1, 1, 0, 0, 2, 1, 1, 2, 2, 0, 2, 2, 2, 1, 2, 1, 1, 2, 0, 1, 1, 2, 1, 2, 0, 1, 1, 1, 1, 0, 0, 1, 0, 1, 1, 0, 1, 0, 1, 0, 0, 1, 1, 0]|[0, 3, 0, 3, 4, 1, 4, 4, 4, 4, 3, 2, 1, 0, 2, 1, 1, 1, 2, 1, 1, 3, 0, 1, 0, 1, 1, 4, 1, 4, 3, 2, 2, 0, 4, 1, 1, 4, 1, 1, 2, 1, 4, 4, 1, 1, 0, 1, 3, 2, 1, 1, 2, 1, 1, 2, 4, 3, 0, 2, 1, 3, 3, 1, 1, 2, 1, 1, 1, 4, 1, 3, 4, 1, 2, 4, 3, 1, 3, 1, 2, 4, 4, 4, 3, 2, 2, 3, 2, 4, 4, 2, 3, 2, 4, 2, 2, 4, 3, 2]|[0, 2, 0, 0, 3, 0, 1, 3, 1, 0, 2, 0, 1, 0, 1, 0, 0, 0, 1, 0, 0, 2, 0, 0, 1, 0, 0, 3, 0, 1, 0, 2, 0, 0, 3, 0, 1, 1, 0, 0, 0, 0, 1, 3, 0, 0, 1, 0, 2, 0, 0, 0, 0, 0, 1, 0, 1, 0, 1, 1, 0, 2, 0, 0, 0, 0, 0, 0, 0, 2, 0, 0, 1, 0, 0, 1, 0, 0, 3, 0, 0, 1, 2, 2, 0, 0, 0, 3, 0, 1, 1, 0, 0, 0, 3, 0, 0, 1, 0, 0],910.6016522559228,48441.78517559203,107030.90942221809,false
55,G3_TWC,G3_TWC,[31, 22, 42, 15, 26, 58, 95, 82, 77, 12, 47, 5, 93, 78, 98, 54, 85, 63, 18, 44, 20, 35, 43, 97, 91, 76, 10, 30, 21, 45, 71, 64, 1, 23, 17, 83, 24, 61, 60, 49, 6, 57, 94, 88, 65, 56, 79, 40, 67, 68, 46, 75, 0, 9, 19, 32, 81, 41, 27, 62, 87, 90, 99, 59, 53, 16, 72, 73, 70, 39, 37, 84, 3, 92, 25, 74, 28, 38, 51, 7, 11, 14, 86, 48, 89, 66, 50, 96, 33, 80, 4, 8, 34, 36, 55, 2, 13, 52, 69, 29]|[1, 1, 0, 1, 1, 1, 2, 1, 2, 1, 2, 2, 2, 1, 1, 0, 0, 1, 0, 2, 2, 0, 1, 2, 0, 1, 2, 2, 0, 0, 1, 2, 1, 0, 1, 0, 2, 0, 1, 1, 0, 1, 1, 1, 0, 2, 1, 1, 0, 0, 0, 0, 1, 1, 2, 1, 2, 0, 0, 0, 2, 1, 0, 1, 0, 1, 2, 1, 1, 1, 1, 1, 2, 0, 1, 2, 0, 0, 0, 1, 0, 1, 0, 0, 1, 0, 0, 0, 2, 0, 0, 1, 2, 0, 1, 0, 0, 1, 1, 0]|[4, 3, 2, 2, 0, 0, 2, 2, 2, 4, 1, 1, 2, 4, 4, 1, 1, 4, 2, 1, 1, 1, 1, 2, 1, 2, 1, 1, 1, 1, 3, 2, 3, 0, 4, 0, 1, 1, 0, 3, 2, 2, 4, 0, 1, 1, 3, 2, 0, 1, 2, 2, 1, 4, 0, 3, 2, 1, 1, 2, 1, 3, 1, 1, 2, 3, 0, 4, 3, 1, 4, 1, 1, 2, 4, 1, 2, 1, 1, 3, 2, 3, 1, 1, 1, 1, 1, 1, 1, 1, 2, 3, 1, 1, 4, 2, 2, 1, 3, 2]|[0, 2, 1, 1, 3, 3, 0, 1, 0, 0, 0, 0, 1, 0, 1, 0, 0, 3, 1, 0, 0, 0, 3, 1, 0, 2, 0, 0, 0, 1, 0, 0, 0, 0, 3, 0, 1, 0, 0, 2, 1, 1, 2, 0, 0, 0, 0, 1, 1, 0, 0, 0, 1, 3, 0, 0, 1, 0, 0, 1, 0, 2, 0, 1, 1, 2, 1, 0, 0, 1, 1, 3, 0, 1, 3, 0, 1, 0, 0, 2, 1, 0, 0, 0, 1, 0, 0, 0, 0, 0, 1, 2, 0, 1, 3, 0, 0, 1, 0, 0],846.5931657707905,57781.432218873764,86599.3836876579,false
55,G1_CMAX,G1_CMAX,[31, 22, 90, 26, 58, 95, 42, 12, 93, 5, 78, 86, 98, 18, 20, 35, 3, 97, 91, 76, 10, 85, 54, 45, 63, 71, 66, 1, 23, 17, 24, 60, 36, 6, 57, 15, 65, 56, 47, 79, 94, 67, 50, 46, 14, 75, 38, 9, 30, 19, 32, 81, 27, 92, 83, 87, 40, 99, 59, 11, 53, 16, 72, 77, 73, 70, 39, 37, 84, 43, 62, 25, 55, 28, 29, 51, 68, 82, 74, 61, 88, 21, 80, 89, 7, 69, 96, 41, 48, 4, 8, 34, 49, 52, 0, 44, 13, 2, 64, 33]|[1, 1, 1, 1, 0, 2, 1, 1, 2, 2, 2, 1, 0, 1, 2, 2, 1, 2, 0, 1, 2, 2, 2, 0, 0, 1, 2, 1, 2, 1, 2, 1, 1, 0, 1, 1, 0, 2, 2, 1, 1, 0, 0, 0, 0, 1, 1, 1, 1, 2, 1, 2, 2, 0, 0, 2, 1, 0, 0, 2, 0, 1, 2, 2, 1, 1, 1, 1, 1, 1, 0, 1, 1, 0, 0, 0, 0, 0, 2, 1, 1, 0, 0, 1, 1, 1, 2, 2, 0, 1, 1, 2, 0, 1, 0, 0, 0, 0, 2, 2]|[0, 4, 3, 0, 1, 1, 2, 4, 1, 1, 2, 4, 1, 4, 1, 1, 1, 2, 2, 2, 2, 1, 1, 1, 2, 3, 2, 3, 0, 4, 1, 0, 3, 2, 2, 2, 1, 1, 1, 0, 2, 0, 1, 2, 1, 3, 1, 4, 2, 0, 3, 2, 1, 2, 1, 1, 4, 1, 1, 1, 2, 3, 0, 2, 4, 3, 1, 4, 1, 1, 1, 4, 4, 2, 1, 1, 1, 2, 1, 3, 0, 1, 1, 1, 1, 3, 1, 1, 1, 4, 3, 1, 1, 1, 2, 2, 2, 2, 1, 1]|[3, 0, 2, 3, 0, 0, 1, 0, 0, 0, 1, 0, 0, 3, 0, 0, 1, 1, 1, 2, 1, 0, 0, 0, 0, 0, 0, 0, 0, 3, 1, 0, 2, 1, 1, 1, 0, 0, 0, 0, 1, 1, 0, 0, 0, 0, 1, 3, 2, 0, 0, 1, 0, 1, 0, 0, 2, 0, 0, 0, 1, 2, 1, 1, 0, 0, 1, 1, 3, 3, 0, 3, 3, 1, 0, 0, 0, 1, 0, 0, 0, 0, 0, 1, 2, 2, 0, 0, 0, 0, 2, 0, 1, 1, 0, 0, 0, 0, 0, 0],705.0470749739228,58445.79123614564,95781.2895945797,false
55,G4_BALANCED,G4_BALANCED,[31, 11, 15, 82, 26, 9, 95, 32, 77, 68, 47, 5, 93, 78, 86, 54, 85, 63, 18, 44, 20, 49, 36, 14, 74, 50, 53, 17, 21, 45, 71, 64, 3, 23, 30, 83, 24, 41, 60, 52, 51, 27, 90, 70, 39, 87, 48, 69, 99, 4, 46, 1, 13, 58, 97, 59, 28, 8, 73, 37, 35, 79, 22, 66, 76, 42, 40, 80, 96, 6, 16, 61, 33, 7, 57, 34, 12, 67, 10, 98, 56, 88, 29, 25, 91, 38, 19, 92, 43, 84, 65, 72, 81, 75, 2, 55, 62, 89, 94, 0]|[2, 1, 1, 2, 1, 2, 1, 1, 1, 1, 1, 0, 2, 2, 1, 2, 0, 0, 0, 2, 2, 1, 0, 2, 0, 2, 2, 1, 0, 1, 1, 1, 0, 0, 1, 0, 2, 1, 2, 2, 0, 0, 1, 1, 0, 2, 0, 2, 1, 0, 0, 2, 0, 0, 2, 0, 1, 1, 0, 0, 2, 1, 1, 2, 2, 0, 2, 2, 0, 1, 2, 1, 1, 2, 0, 1, 2, 1, 1, 2, 2, 1, 1, 1, 1, 0, 1, 0, 1, 0, 1, 1, 1, 0, 2, 0, 1, 1, 2, 0]|[1, 3, 2, 0, 4, 1, 4, 4, 2, 4, 3, 2, 1, 0, 2, 1, 1, 1, 2, 1, 1, 3, 0, 1, 0, 1, 1, 4, 1, 4, 3, 2, 2, 0, 4, 1, 1, 4, 0, 1, 2, 1, 4, 4, 1, 1, 0, 2, 3, 1, 2, 1, 2, 1, 1, 2, 4, 3, 0, 2, 2, 3, 3, 0, 1, 2, 0, 1, 2, 4, 1, 3, 4, 1, 2, 4, 1, 3, 3, 1, 1, 4, 3, 4, 3, 2, 4, 2, 4, 2, 3, 4, 1, 2, 1, 2, 3, 4, 1, 2]|[1, 2, 1, 0, 3, 0, 1, 3, 0, 0, 2, 0, 1, 0, 1, 0, 0, 0, 1, 0, 0, 2, 0, 0, 1, 0, 0, 3, 0, 1, 0, 2, 0, 1, 3, 0, 1, 3, 1, 0, 0, 0, 1, 3, 0, 0, 1, 0, 2, 0, 0, 0, 0, 0, 1, 0, 1, 0, 1, 1, 0, 2, 2, 0, 0, 0, 1, 0, 0, 2, 0, 0, 1, 0, 0, 1, 0, 0, 3, 0, 0, 1, 0, 3, 0, 0, 1, 0, 2, 0, 0, 2, 1, 0, 0, 0, 0, 1, 0, 0],850.9632869082183,52431.02217786142,105346.60403335126,false
55,G2_TEC,G2_TEC,[31, 94, 82, 15, 26, 9, 95, 42, 77, 68, 47, 5, 93, 78, 86, 54, 85, 63, 18, 44, 20, 49, 36, 14, 74, 50, 53, 17, 21, 28, 11, 64, 3, 23, 30, 83, 24, 41, 40, 52, 65, 27, 90, 70, 39, 87, 48, 69, 99, 4, 98, 1, 13, 56, 97, 59, 45, 8, 73, 37, 35, 79, 71, 66, 76, 32, 60, 80, 58, 6, 67, 61, 33, 7, 57, 34, 12, 16, 10, 22, 96, 88, 43, 81, 91, 2, 84, 29, 92, 19, 89, 55, 51, 46, 25, 75, 38, 72, 62, 0]|[2, 1, 2, 1, 1, 2, 1, 1, 1, 1, 1, 0, 2, 2, 1, 2, 0, 0, 0, 2, 2, 1, 0, 2, 0, 2, 2, 1, 0, 1, 1, 1, 0, 0, 1, 0, 2, 1, 2, 2, 0, 0, 1, 1, 0, 2, 0, 2, 1, 0, 2, 2, 0, 2, 2, 0, 1, 1, 0, 0, 2, 1, 1, 2, 2, 0, 2, 2, 2, 1, 2, 1, 1, 2, 0, 1, 1, 2, 1, 2, 0, 1, 1, 1, 1, 0, 0, 1, 0, 1, 1, 0, 1, 0, 1, 0, 0, 1, 1, 0]|[0, 3, 0, 3, 4, 1, 4, 4, 4, 4, 3, 2, 1, 0, 2, 1, 1, 1, 2, 1, 1, 3, 0, 1, 0, 1, 1, 4, 1, 4, 3, 2, 2, 0, 4, 1, 1, 4, 1, 1, 2, 1, 4, 4, 1, 1, 0, 1, 3, 2, 1, 1, 2, 1, 1, 2, 4, 3, 0, 2, 1, 3, 3, 1, 1, 2, 1, 1, 1, 4, 1, 3, 4, 1, 2, 4, 3, 1, 3, 1, 2, 4, 4, 4, 3, 2, 2, 3, 2, 4, 4, 2, 3, 2, 4, 2, 2, 4, 3, 2]|[0, 2, 0, 0, 3, 0, 1, 3, 1, 0, 2, 0, 1, 0, 1, 0, 0, 0, 1, 0, 0, 2, 0, 0, 1, 0, 0, 3, 0, 1, 0, 2, 0, 0, 3, 0, 1, 1, 0, 0, 0, 0, 1, 3, 0, 0, 1, 0, 2, 0, 0, 0, 0, 0, 1, 0, 1, 0, 1, 1, 0, 2, 0, 0, 0, 0, 0, 0, 0, 2, 0, 0, 1, 0, 0, 1, 0, 0, 3, 0, 0, 1, 2, 2, 0, 0, 0, 3, 0, 1, 1, 0, 0, 0, 3, 0, 0, 1, 0, 0],910.6016522559228,48441.78517559203,107030.90942221809,false
55,G3_TWC,G3_TWC,[31, 22, 42, 15, 26, 58, 95, 82, 77, 12, 47, 5, 93, 78, 98, 54, 85, 63, 18, 44, 20, 35, 43, 97, 91, 76, 10, 30, 21, 45, 71, 64, 1, 23, 17, 83, 24, 61, 60, 49, 6, 57, 94, 88, 65, 56, 79, 40, 67, 68, 46, 75, 0, 9, 19, 32, 81, 41, 27, 62, 87, 90, 99, 59, 53, 16, 72, 73, 70, 39, 37, 84, 3, 92, 25, 74, 28, 38, 51, 7, 11, 14, 86, 48, 89, 66, 50, 96, 33, 80, 4, 8, 34, 36, 55, 2, 13, 52, 69, 29]|[1, 1, 0, 1, 1, 1, 2, 1, 2, 1, 2, 2, 2, 1, 1, 0, 0, 1, 0, 2, 2, 0, 1, 2, 0, 1, 2, 2, 0, 0, 1, 2, 1, 0, 1, 0, 2, 0, 1, 1, 0, 1, 1, 1, 0, 2, 1, 1, 0, 0, 0, 0, 1, 1, 2, 1, 2, 0, 0, 0, 2, 1, 0, 1, 0, 1, 2, 1, 1, 1, 1, 1, 2, 0, 1, 2, 0, 0, 0, 1, 0, 1, 0, 0, 1, 0, 0, 0, 2, 0, 0, 1, 2, 0, 1, 0, 0, 1, 1, 0]|[4, 3, 2, 2, 0, 0, 2, 2, 2, 4, 1, 1, 2, 4, 4, 1, 1, 4, 2, 1, 1, 1, 1, 2, 1, 2, 1, 1, 1, 1, 3, 2, 3, 0, 4, 0, 1, 1, 0, 3, 2, 2, 4, 0, 1, 1, 3, 2, 0, 1, 2, 2, 1, 4, 0, 3, 2, 1, 1, 2, 1, 3, 1, 1, 2, 3, 0, 4, 3, 1, 4, 1, 1, 2, 4, 1, 2, 1, 1, 3, 2, 3, 1, 1, 1, 1, 1, 1, 1, 1, 2, 3, 1, 1, 4, 2, 2, 1, 3, 2]|[0, 2, 1, 1, 3, 3, 0, 1, 0, 0, 0, 0, 1, 0, 1, 0, 0, 3, 1, 0, 0, 0, 3, 1, 0, 2, 0, 0, 0, 1, 0, 0, 0, 0, 3, 0, 1, 0, 0, 2, 1, 1, 2, 0, 0, 0, 0, 1, 1, 0, 0, 0, 1, 3, 0, 0, 1, 0, 0, 1, 0, 2, 0, 1, 1, 2, 1, 0, 0, 1, 1, 3, 0, 1, 3, 0, 1, 0, 0, 2, 1, 0, 0, 0, 1, 0, 0, 0, 0, 0, 1, 2, 0, 1, 3, 0, 0, 1, 0, 0],846.5931657707905,57781.432218873764,86599.3836876579,false
55,G1_CMAX,G1_CMAX,[31, 22, 90, 26, 58, 95, 42, 12, 93, 5, 78, 86, 98, 18, 20, 35, 3, 97, 91, 76, 10, 85, 54, 45, 63, 71, 66, 1, 23, 17, 24, 60, 36, 6, 57, 15, 65, 56, 47, 79, 94, 67, 50, 46, 14, 75, 38, 9, 30, 19, 32, 81, 27, 92, 83, 87, 40, 99, 59, 11, 53, 16, 72, 77, 73, 70, 39, 37, 84, 43, 62, 25, 55, 28, 29, 51, 68, 82, 74, 61, 88, 21, 80, 89, 7, 69, 96, 41, 48, 4, 8, 34, 49, 52, 0, 44, 13, 2, 64, 33]|[1, 1, 1, 1, 0, 2, 1, 1, 2, 2, 2, 1, 0, 1, 2, 2, 1, 2, 0, 1, 2, 2, 2, 0, 0, 1, 2, 1, 2, 1, 2, 1, 1, 0, 1, 1, 0, 2, 2, 1, 1, 0, 0, 0, 0, 1, 1, 1, 1, 2, 1, 2, 2, 0, 0, 2, 1, 0, 0, 2, 0, 1, 2, 2, 1, 1, 1, 1, 1, 1, 0, 1, 1, 0, 0, 0, 0, 0, 2, 1, 1, 0, 0, 1, 1, 1, 2, 2, 0, 1, 1, 2, 0, 1, 0, 0, 0, 0, 2, 2]|[0, 4, 3, 0, 1, 1, 2, 4, 1, 1, 2, 4, 1, 4, 1, 1, 1, 2, 2, 2, 2, 1, 1, 1, 2, 3, 2, 3, 0, 4, 1, 0, 3, 2, 2, 2, 1, 1, 1, 0, 2, 0, 1, 2, 1, 3, 1, 4, 2, 0, 3, 2, 1, 2, 1, 1, 4, 1, 1, 1, 2, 3, 0, 2, 4, 3, 1, 4, 1, 1, 1, 4, 4, 2, 1, 1, 1, 2, 1, 3, 0, 1, 1, 1, 1, 3, 1, 1, 1, 4, 3, 1, 1, 1, 2, 2, 2, 2, 1, 1]|[3, 0, 2, 3, 0, 0, 1, 0, 0, 0, 1, 0, 0, 3, 0, 0, 1, 1, 1, 2, 1, 0, 0, 0, 0, 0, 0, 0, 0, 3, 1, 0, 2, 1, 1, 1, 0, 0, 0, 0, 1, 1, 0, 0, 0, 0, 1, 3, 2, 0, 0, 1, 0, 1, 0, 0, 2, 0, 0, 0, 1, 2, 1, 1, 0, 0, 1, 1, 3, 3, 0, 3, 3, 1, 0, 0, 0, 1, 0, 0, 0, 0, 0, 1, 2, 2, 0, 0, 0, 0, 2, 0, 1, 1, 0, 0, 0, 0, 0, 0],705.0470749739228,58445.79123614564,95781.2895945797,false
55,G4_BALANCED,G4_BALANCED,[31, 11, 15, 82, 26, 9, 95, 32, 77, 68, 47, 5, 93, 78, 86, 54, 85, 63, 18, 44, 20, 49, 36, 14, 74, 50, 53, 17, 21, 45, 71, 64, 3, 23, 30, 83, 24, 41, 60, 52, 51, 27, 90, 70, 39, 87, 48, 69, 99, 4, 46, 1, 13, 58, 97, 59, 28, 8, 73, 37, 35, 79, 22, 66, 76, 42, 40, 80, 96, 6, 16, 61, 33, 7, 57, 34, 12, 67, 10, 98, 56, 88, 29, 25, 91, 38, 19, 92, 43, 84, 65, 72, 81, 75, 2, 55, 62, 89, 94, 0]|[2, 1, 1, 2, 1, 2, 1, 1, 1, 1, 1, 0, 2, 2, 1, 2, 0, 0, 0, 2, 2, 1, 0, 2, 0, 2, 2, 1, 0, 1, 1, 1, 0, 0, 1, 0, 2, 1, 2, 2, 0, 0, 1, 1, 0, 2, 0, 2, 1, 0, 0, 2, 0, 0, 2, 0, 1, 1, 0, 0, 2, 1, 1, 2, 2, 0, 2, 2, 0, 1, 2, 1, 1, 2, 0, 1, 2, 1, 1, 2, 2, 1, 1, 1, 1, 0, 1, 0, 1, 0, 1, 1, 1, 0, 2, 0, 1, 1, 2, 0]|[1, 3, 2, 0, 4, 1, 4, 4, 2, 4, 3, 2, 1, 0, 2, 1, 1, 1, 2, 1, 1, 3, 0, 1, 0, 1, 1, 4, 1, 4, 3, 2, 2, 0, 4, 1, 1, 4, 0, 1, 2, 1, 4, 4, 1, 1, 0, 2, 3, 1, 2, 1, 2, 1, 1, 2, 4, 3, 0, 2, 2, 3, 3, 0, 1, 2, 0, 1, 2, 4, 1, 3, 4, 1, 2, 4, 1, 3, 3, 1, 1, 4, 3, 4, 3, 2, 4, 2, 4, 2, 3, 4, 1, 2, 1, 2, 3, 4, 1, 2]|[1, 2, 1, 0, 3, 0, 1, 3, 0, 0, 2, 0, 1, 0, 1, 0, 0, 0, 1, 0, 0, 2, 0, 0, 1, 0, 0, 3, 0, 1, 0, 2, 0, 1, 3, 0, 1, 3, 1, 0, 0, 0, 1, 3, 0, 0, 1, 0, 2, 0, 0, 0, 0, 0, 1, 0, 1, 0, 1, 1, 0, 2, 2, 0, 0, 0, 1, 0, 0, 2, 0, 0, 1, 0, 0, 1, 0, 0, 3, 0, 0, 1, 0, 3, 0, 0, 1, 0, 2, 0, 0, 2, 1, 0, 0, 0, 0, 1, 0, 0],850.9632869082183,52431.02217786142,105346.60403335126,false
55,G2_TEC,G2_TEC,[31, 94, 82, 15, 26, 9, 95, 42, 77, 68, 47, 5, 93, 78, 86, 54, 85, 63, 18, 44, 20, 49, 36, 14, 74, 50, 53, 17, 21, 28, 11, 64, 3, 23, 30, 83, 24, 41, 40, 52, 65, 27, 90, 70, 39, 87, 48, 69, 99, 4, 98, 1, 13, 56, 97, 59, 45, 8, 73, 37, 35, 79, 71, 66, 76, 32, 60, 80, 58, 6, 67, 61, 33, 7, 57, 34, 12, 16, 10, 22, 96, 88, 43, 81, 91, 2, 84, 29, 92, 19, 89, 55, 51, 46, 25, 75, 38, 72, 62, 0]|[2, 1, 2, 1, 1, 2, 1, 1, 1, 1, 1, 0, 2, 2, 1, 2, 0, 0, 0, 2, 2, 1, 0, 2, 0, 2, 2, 1, 0, 1, 1, 1, 0, 0, 1, 0, 2, 1, 2, 2, 0, 0, 1, 1, 0, 2, 0, 2, 1, 0, 2, 2, 0, 2, 2, 0, 1, 1, 0, 0, 2, 1, 1, 2, 2, 0, 2, 2, 2, 1, 2, 1, 1, 2, 0, 1, 1, 2, 1, 2, 0, 1, 1, 1, 1, 0, 0, 1, 0, 1, 1, 0, 1, 0, 1, 0, 0, 1, 1, 0]|[0, 3, 0, 3, 4, 1, 4, 4, 4, 4, 3, 2, 1, 0, 2, 1, 1, 1, 2, 1, 1, 3, 0, 1, 0, 1, 1, 4, 1, 4, 3, 2, 2, 0, 4, 1, 1, 4, 1, 1, 2, 1, 4, 4, 1, 1, 0, 1, 3, 2, 1, 1, 2, 1, 1, 2, 4, 3, 0, 2, 1, 3, 3, 1, 1, 2, 1, 1, 1, 4, 1, 3, 4, 1, 2, 4, 3, 1, 3, 1, 2, 4, 4, 4, 3, 2, 2, 3, 2, 4, 4, 2, 3, 2, 4, 2, 2, 4, 3, 2]|[0, 2, 0, 0, 3, 0, 1, 3, 1, 0, 2, 0, 1, 0, 1, 0, 0, 0, 1, 0, 0, 2, 0, 0, 1, 0, 0, 3, 0, 1, 0, 2, 0, 0, 3, 0, 1, 1, 0, 0, 0, 0, 1, 3, 0, 0, 1, 0, 2, 0, 0, 0, 0, 0, 1, 0, 1, 0, 1, 1, 0, 2, 0, 0, 0, 0, 0, 0, 0, 2, 0, 0, 1, 0, 0, 1, 0, 0, 3, 0, 0, 1, 2, 2, 0, 0, 0, 3, 0, 1, 1, 0, 0, 0, 3, 0, 0, 1, 0, 0],910.6016522559228,48441.78517559203,107030.90942221809,false
55,G3_TWC,G3_TWC,[31, 22, 42, 15, 26, 58, 95, 82, 77, 12, 47, 5, 93, 78, 98, 54, 85, 63, 18, 44, 20, 35, 43, 97, 91, 76, 10, 30, 21, 45, 71, 64, 1, 23, 17, 83, 24, 61, 60, 49, 6, 57, 94, 88, 65, 56, 79, 40, 67, 68, 46, 75, 0, 9, 19, 32, 81, 41, 27, 62, 87, 90, 99, 59, 53, 16, 72, 73, 70, 39, 37, 84, 3, 92, 25, 74, 28, 38, 51, 7, 11, 14, 86, 48, 89, 66, 50, 96, 33, 80, 4, 8, 34, 36, 55, 2, 13, 52, 69, 29]|[1, 1, 0, 1, 1, 1, 2, 1, 2, 1, 2, 2, 2, 1, 1, 0, 0, 1, 0, 2, 2, 0, 1, 2, 0, 1, 2, 2, 0, 0, 1, 2, 1, 0, 1, 0, 2, 0, 1, 1, 0, 1, 1, 1, 0, 2, 1, 1, 0, 0, 0, 0, 1, 1, 2, 1, 2, 0, 0, 0, 2, 1, 0, 1, 0, 1, 2, 1, 1, 1, 1, 1, 2, 0, 1, 2, 0, 0, 0, 1, 0, 1, 0, 0, 1, 0, 0, 0, 2, 0, 0, 1, 2, 0, 1, 0, 0, 1, 1, 0]|[4, 3, 2, 2, 0, 0, 2, 2, 2, 4, 1, 1, 2, 4, 4, 1, 1, 4, 2, 1, 1, 1, 1, 2, 1, 2, 1, 1, 1, 1, 3, 2, 3, 0, 4, 0, 1, 1, 0, 3, 2, 2, 4, 0, 1, 1, 3, 2, 0, 1, 2, 2, 1, 4, 0, 3, 2, 1, 1, 2, 1, 3, 1, 1, 2, 3, 0, 4, 3, 1, 4, 1, 1, 2, 4, 1, 2, 1, 1, 3, 2, 3, 1, 1, 1, 1, 1, 1, 1, 1, 2, 3, 1, 1, 4, 2, 2, 1, 3, 2]|[0, 2, 1, 1, 3, 3, 0, 1, 0, 0, 0, 0, 1, 0, 1, 0, 0, 3, 1, 0, 0, 0, 3, 1, 0, 2, 0, 0, 0, 1, 0, 0, 0, 0, 3, 0, 1, 0, 0, 2, 1, 1, 2, 0, 0, 0, 0, 1, 1, 0, 0, 0, 1, 3, 0, 0, 1, 0, 0, 1, 0, 2, 0, 1, 1, 2, 1, 0, 0, 1, 1, 3, 0, 1, 3, 0, 1, 0, 0, 2, 1, 0, 0, 0, 1, 0, 0, 0, 0, 0, 1, 2, 0, 1, 3, 0, 0, 1, 0, 0],846.5931657707905,57781.432218873764,86599.3836876579,false
55,G1_CMAX,G1_CMAX,[31, 22, 90, 26, 58, 95, 42, 12, 93, 5, 78, 86, 98, 18, 20, 35, 3, 97, 91, 76, 10, 85, 54, 45, 63, 71, 66, 1, 23, 17, 24, 60, 36, 6, 57, 15, 65, 56, 47, 79, 94, 67, 50, 46, 14, 75, 38, 9, 30, 19, 32, 81, 27, 92, 83, 87, 40, 99, 59, 11, 53, 16, 72, 77, 73, 70, 39, 37, 84, 43, 62, 25, 55, 28, 29, 51, 68, 82, 74, 61, 88, 21, 80, 89, 7, 69, 96, 41, 48, 4, 8, 34, 49, 52, 0, 44, 13, 2, 64, 33]|[1, 1, 1, 1, 0, 2, 1, 1, 2, 2, 2, 1, 0, 1, 2, 2, 1, 2, 0, 1, 2, 2, 2, 0, 0, 1, 2, 1, 2, 1, 2, 1, 1, 0, 1, 1, 0, 2, 2, 1, 1, 0, 0, 0, 0, 1, 1, 1, 1, 2, 1, 2, 2, 0, 0, 2, 1, 0, 0, 2, 0, 1, 2, 2, 1, 1, 1, 1, 1, 1, 0, 1, 1, 0, 0, 0, 0, 0, 2, 1, 1, 0, 0, 1, 1, 1, 2, 2, 0, 1, 1, 2, 0, 1, 0, 0, 0, 0, 2, 2]|[0, 4, 3, 0, 1, 1, 2, 4, 1, 1, 2, 4, 1, 4, 1, 1, 1, 2, 2, 2, 2, 1, 1, 1, 2, 3, 2, 3, 0, 4, 1, 0, 3, 2, 2, 2, 1, 1, 1, 0, 2, 0, 1, 2, 1, 3, 1, 4, 2, 0, 3, 2, 1, 2, 1, 1, 4, 1, 1, 1, 2, 3, 0, 2, 4, 3, 1, 4, 1, 1, 1, 4, 4, 2, 1, 1, 1, 2, 1, 3, 0, 1, 1, 1, 1, 3, 1, 1, 1, 4, 3, 1, 1, 1, 2, 2, 2, 2, 1, 1]|[3, 0, 2, 3, 0, 0, 1, 0, 0, 0, 1, 0, 0, 3, 0, 0, 1, 1, 1, 2, 1, 0, 0, 0, 0, 0, 0, 0, 0, 3, 1, 0, 2, 1, 1, 1, 0, 0, 0, 0, 1, 1, 0, 0, 0, 0, 1, 3, 2, 0, 0, 1, 0, 1, 0, 0, 2, 0, 0, 0, 1, 2, 1, 1, 0, 0, 1, 1, 3, 3, 0, 3, 3, 1, 0, 0, 0, 1, 0, 0, 0, 0, 0, 1, 2, 2, 0, 0, 0, 0, 2, 0, 1, 1, 0, 0, 0, 0, 0, 0],705.0470749739228,58445.79123614564,95781.2895945797,false
55,G4_BALANCED,G4_BALANCED,[31, 22, 42, 15, 26, 58, 95, 82, 77, 12, 47, 5, 93, 78, 98, 54, 85, 63, 18, 44, 20, 35, 43, 97, 91, 76, 10, 30, 21, 45, 71, 64, 1, 23, 17, 83, 24, 61, 60, 36, 6, 57, 94, 88, 65, 56, 79, 40, 67, 68, 46, 75, 38, 9, 19, 32, 81, 41, 27, 62, 87, 90, 99, 59, 11, 16, 72, 73, 70, 39, 37, 84, 3, 92, 25, 74, 28, 29, 51, 7, 53, 14, 86, 48, 89, 50, 66, 96, 33, 80, 4, 8, 0, 49, 55, 52, 13, 2, 69, 34]|[1, 1, 0, 1, 1, 1, 2, 1, 2, 1, 2, 2, 2, 1, 1, 0, 0, 1, 0, 2, 2, 0, 1, 2, 0, 1, 2, 2, 0, 0, 1, 2, 1, 2, 1, 0, 2, 0, 1, 1, 0, 1, 1, 1, 0, 2, 1, 1, 0, 0, 0, 0, 1, 1, 2, 1, 2, 0, 0, 0, 2, 1, 0, 1, 2, 1, 2, 1, 1, 1, 1, 1, 2, 0, 1, 2, 0, 0, 0, 1, 0, 1, 0, 0, 1, 0, 2, 0, 2, 0, 0, 1, 0, 0, 2, 1, 0, 0, 1, 2]|[4, 3, 2, 2, 0, 0, 2, 2, 2, 4, 1, 1, 2, 4, 4, 1, 1, 4, 2, 1, 1, 1, 1, 2, 1, 2, 1, 1, 1, 1, 3, 2, 3, 0, 4, 0, 1, 1, 0, 3, 2, 2, 4, 0, 1, 1, 0, 2, 0, 1, 2, 2, 1, 4, 0, 3, 2, 1, 1, 2, 1, 3, 1, 1, 1, 3, 0, 4, 3, 1, 4, 1, 1, 2, 4, 1, 2, 1, 1, 3, 2, 3, 1, 1, 1, 1, 1, 1, 1, 1, 2, 3, 2, 1, 1, 1, 2, 2, 3, 1]|[0, 2, 1, 1, 3, 3, 0, 1, 0, 0, 0, 0, 1, 0, 1, 0, 0, 3, 1, 0, 0, 0, 3, 1, 0, 2, 0, 0, 0, 0, 0, 0, 0, 0, 3, 0, 1, 0, 0, 2, 1, 1, 2, 0, 0, 0, 0, 1, 1, 0, 0, 0, 1, 3, 0, 0, 1, 0, 0, 1, 0, 2, 0, 1, 0, 2, 1, 0, 0, 1, 1, 3, 0, 1, 3, 0, 1, 0, 0, 2, 1, 0, 0, 0, 1, 0, 0, 0, 0, 0, 1, 2, 0, 1, 0, 1, 0, 0, 0, 0],801.801344730411,56902.57456360797,89795.26582689231,false
55,G2_TEC,G2_TEC,[31, 94, 82, 15, 26, 9, 95, 42, 77, 68, 47, 5, 93, 78, 86, 54, 85, 63, 18, 44, 20, 49, 36, 14, 74, 50, 53, 17, 21, 28, 11, 64, 3, 23, 30, 83, 24, 41, 40, 52, 65, 27, 90, 70, 39, 87, 48, 69, 99, 4, 98, 1, 13, 56, 97, 59, 45, 8, 73, 37, 35, 79, 71, 66, 76, 32, 60, 80, 58, 6, 67, 61, 33, 7, 57, 34, 12, 16, 10, 22, 96, 88, 43, 81, 91, 2, 84, 29, 92, 19, 89, 55, 51, 46, 25, 75, 38, 72, 62, 0]|[2, 1, 2, 1, 1, 2, 1, 1, 1, 1, 1, 0, 2, 2, 1, 2, 0, 0, 0, 2, 2, 1, 0, 2, 0, 2, 2, 1, 0, 1, 1, 1, 0, 0, 1, 0, 2, 1, 2, 2, 0, 0, 1, 1, 0, 2, 0, 2, 1, 0, 2, 2, 0, 2, 2, 0, 1, 1, 0, 0, 2, 1, 1, 2, 2, 0, 2, 2, 2, 1, 2, 1, 1, 2, 0, 1, 1, 2, 1, 2, 0, 1, 1, 1, 1, 0, 0, 1, 0, 1, 1, 0, 1, 0, 1, 0, 0, 1, 1, 0]|[0, 3, 0, 3, 4, 1, 4, 4, 4, 4, 3, 2, 1, 0, 2, 1, 1, 1, 2, 1, 1, 3, 0, 1, 0, 1, 1, 4, 1, 4, 3, 2, 2, 0, 4, 1, 1, 4, 1, 1, 2, 1, 4, 4, 1, 1, 0, 1, 3, 2, 1, 1, 2, 1, 1, 2, 4, 3, 0, 2, 1, 3, 3, 1, 1, 2, 1, 1, 1, 4, 1, 3, 4, 1, 2, 4, 3, 1, 3, 1, 2, 4, 4, 4, 3, 2, 2, 3, 2, 4, 4, 2, 3, 2, 4, 2, 2, 4, 3, 2]|[0, 2, 0, 0, 3, 0, 1, 3, 1, 0, 2, 0, 1, 0, 1, 0, 0, 0, 1, 0, 0, 2, 0, 0, 1, 0, 0, 3, 0, 1, 0, 2, 0, 0, 3, 0, 1, 1, 0, 0, 0, 0, 1, 3, 0, 0, 1, 0, 2, 0, 0, 0, 0, 0, 1, 0, 1, 0, 1, 1, 0, 2, 0, 0, 0, 0, 0, 0, 0, 2, 0, 0, 1, 0, 0, 1, 0, 0, 3, 0, 0, 1, 2, 2, 0, 0, 0, 3, 0, 1, 1, 0, 0, 0, 3, 0, 0, 1, 0, 0],910.6016522559228,48441.78517559203,107030.90942221809,false
55,G3_TWC,G3_TWC,[31, 22, 42, 15, 26, 58, 95, 82, 77, 12, 47, 5, 93, 78, 98, 54, 85, 63, 18, 44, 20, 35, 43, 97, 91, 76, 10, 30, 21, 45, 71, 64, 1, 23, 17, 83, 24, 61, 60, 49, 6, 57, 94, 88, 65, 56, 79, 40, 67, 68, 46, 75, 0, 9, 19, 32, 81, 41, 27, 62, 87, 90, 99, 59, 53, 16, 72, 73, 70, 39, 37, 84, 3, 92, 25, 74, 28, 38, 51, 7, 11, 14, 86, 48, 89, 66, 50, 96, 33, 80, 4, 8, 34, 36, 55, 2, 13, 52, 69, 29]|[1, 1, 0, 1, 1, 1, 2, 1, 2, 1, 2, 2, 2, 1, 1, 0, 0, 1, 0, 2, 2, 0, 1, 2, 0, 1, 2, 2, 0, 0, 1, 2, 1, 0, 1, 0, 2, 0, 1, 1, 0, 1, 1, 1, 0, 2, 1, 1, 0, 0, 0, 0, 1, 1, 2, 1, 2, 0, 0, 0, 2, 1, 0, 1, 0, 1, 2, 1, 1, 1, 1, 1, 2, 0, 1, 2, 0, 0, 0, 1, 0, 1, 0, 0, 1, 0, 0, 0, 2, 0, 0, 1, 2, 0, 1, 0, 0, 1, 1, 0]|[4, 3, 2, 2, 0, 0, 2, 2, 2, 4, 1, 1, 2, 4, 4, 1, 1, 4, 2, 1, 1, 1, 1, 2, 1, 2, 1, 1, 1, 1, 3, 2, 3, 0, 4, 0, 1, 1, 0, 3, 2, 2, 4, 0, 1, 1, 3, 2, 0, 1, 2, 2, 1, 4, 0, 3, 2, 1, 1, 2, 1, 3, 1, 1, 2, 3, 0, 4, 3, 1, 4, 1, 1, 2, 4, 1, 2, 1, 1, 3, 2, 3, 1, 1, 1, 1, 1, 1, 1, 1, 2, 3, 1, 1, 4, 2, 2, 1, 3, 2]|[0, 2, 1, 1, 3, 3, 0, 1, 0, 0, 0, 0, 1, 0, 1, 0, 0, 3, 1, 0, 0, 0, 3, 1, 0, 2, 0, 0, 0, 1, 0, 0, 0, 0, 3, 0, 1, 0, 0, 2, 1, 1, 2, 0, 0, 0, 0, 1, 1, 0, 0, 0, 1, 3, 0, 0, 1, 0, 0, 1, 0, 2, 0, 1, 1, 2, 1, 0, 0, 1, 1, 3, 0, 1, 3, 0, 1, 0, 0, 2, 1, 0, 0, 0, 1, 0, 0, 0, 0, 0, 1, 2, 0, 1, 3, 0, 0, 1, 0, 0],846.5931657707905,57781.432218873764,86599.3836876579,false
55,G1_CMAX,G1_CMAX,[31, 22, 90, 26, 58, 95, 42, 12, 93, 5, 78, 86, 98, 18, 20, 35, 3, 97, 91, 76, 10, 85, 54, 45, 63, 71, 66, 1, 23, 17, 24, 60, 36, 6, 57, 15, 65, 56, 47, 79, 94, 67, 50, 46, 14, 75, 38, 9, 30, 19, 32, 81, 27, 92, 83, 87, 40, 99, 59, 11, 53, 16, 72, 77, 73, 70, 39, 37, 84, 43, 62, 25, 55, 28, 29, 51, 68, 82, 74, 61, 88, 21, 80, 89, 7, 69, 96, 41, 48, 4, 8, 34, 49, 52, 0, 44, 13, 2, 64, 33]|[1, 1, 1, 1, 0, 2, 1, 1, 2, 2, 2, 1, 0, 1, 2, 2, 1, 2, 0, 1, 2, 2, 2, 0, 0, 1, 2, 1, 2, 1, 2, 1, 1, 0, 1, 1, 0, 2, 2, 1, 1, 0, 0, 0, 0, 1, 1, 1, 1, 2, 1, 2, 2, 0, 0, 2, 1, 0, 0, 2, 0, 1, 2, 2, 1, 1, 1, 1, 1, 1, 0, 1, 1, 0, 0, 0, 0, 0, 2, 1, 1, 0, 0, 1, 1, 1, 2, 2, 0, 1, 1, 2, 0, 1, 0, 0, 0, 0, 2, 2]|[0, 4, 3, 0, 1, 1, 2, 4, 1, 1, 2, 4, 1, 4, 1, 1, 1, 2, 2, 2, 2, 1, 1, 1, 2, 3, 2, 3, 0, 4, 1, 0, 3, 2, 2, 2, 1, 1, 1, 0, 2, 0, 1, 2, 1, 3, 1, 4, 2, 0, 3, 2, 1, 2, 1, 1, 4, 1, 1, 1, 2, 3, 0, 2, 4, 3, 1, 4, 1, 1, 1, 4, 4, 2, 1, 1, 1, 2, 1, 3, 0, 1, 1, 1, 1, 3, 1, 1, 1, 4, 3, 1, 1, 1, 2, 2, 2, 2, 1, 1]|[3, 0, 2, 3, 0, 0, 1, 0, 0, 0, 1, 0, 0, 3, 0, 0, 1, 1, 1, 2, 1, 0, 0, 0, 0, 0, 0, 0, 0, 3, 1, 0, 2, 1, 1, 1, 0, 0, 0, 0, 1, 1, 0, 0, 0, 0, 1, 3, 2, 0, 0, 1, 0, 1, 0, 0, 2, 0, 0, 0, 1, 2, 1, 1, 0, 0, 1, 1, 3, 3, 0, 3, 3, 1, 0, 0, 0, 1, 0, 0, 0, 0, 0, 1, 2, 2, 0, 0, 0, 0, 2, 0, 1, 1, 0, 0, 0, 0, 0, 0],705.0470749739228,58445.79123614564,95781.2895945797,false
55,G4_BALANCED,G4_BALANCED,[31, 11, 82, 15, 26, 9, 95, 42, 77, 68, 47, 5, 93, 78, 86, 54, 85, 63, 18, 44, 20, 35, 43, 97, 91, 76, 10, 30, 21, 45, 71, 64, 1, 23, 17, 83, 24, 14, 60, 36, 6, 57, 40, 88, 65, 56, 79, 94, 67, 12, 46, 75, 38, 99, 19, 32, 41, 81, 27, 87, 90, 58, 59, 22, 16, 72, 73, 70, 39, 37, 84, 3, 92, 62, 25, 96, 28, 29, 51, 7, 33, 61, 98, 66, 89, 50, 48, 80, 53, 55, 4, 8, 34, 2, 52, 49, 13, 0, 69, 74]|[1, 1, 0, 1, 1, 0, 1, 2, 2, 0, 2, 2, 2, 1, 1, 0, 0, 1, 0, 2, 2, 0, 1, 2, 0, 1, 2, 2, 0, 0, 1, 2, 1, 2, 1, 0, 2, 0, 1, 1, 0, 1, 1, 1, 0, 2, 1, 1, 0, 0, 0, 0, 1, 1, 2, 1, 0, 2, 0, 2, 1, 0, 1, 2, 1, 2, 1, 1, 1, 1, 0, 1, 1, 0, 1, 2, 1, 0, 0, 2, 2, 1, 2, 2, 1, 0, 0, 0, 0, 2, 1, 1, 2, 0, 1, 0, 0, 0, 1, 2]|[4, 3, 2, 2, 4, 1, 2, 2, 2, 1, 1, 1, 2, 4, 4, 1, 1, 4, 2, 1, 1, 1, 1, 1, 1, 2, 1, 1, 2, 1, 3, 2, 3, 1, 4, 0, 1, 1, 0, 3, 2, 2, 2, 0, 1, 1, 0, 4, 0, 1, 2, 2, 1, 4, 0, 3, 1, 1, 1, 1, 3, 1, 1, 1, 3, 0, 4, 4, 1, 4, 2, 3, 1, 2, 4, 1, 4, 1, 1, 1, 1, 3, 1, 1, 1, 1, 1, 1, 2, 1, 4, 3, 1, 2, 1, 1, 2, 2, 4, 1]|[0, 2, 1, 1, 3, 0, 1, 0, 0, 0, 0, 0, 1, 0, 1, 0, 0, 3, 1, 0, 0, 0, 3, 1, 0, 2, 0, 0, 0, 1, 0, 0, 0, 0, 3, 0, 1, 0, 0, 2, 1, 1, 1, 0, 0, 0, 0, 2, 1, 0, 0, 0, 1, 3, 0, 0, 0, 0, 0, 0, 2, 0, 1, 0, 2, 1, 0, 0, 1, 1, 0, 0, 1, 1, 3, 0, 1, 0, 0, 0, 0, 0, 0, 0, 1, 0, 0, 0, 1, 0, 0, 2, 0, 0, 1, 1, 0, 0, 2, 0],802.7683906830428,54918.424968562234,100102.9253477918,false
55,G2_TEC,G2_TEC,[31, 94, 82, 15, 26, 9, 95, 42, 77, 68, 47, 5, 93, 78, 86, 54, 85, 63, 18, 44, 20, 49, 36, 14, 74, 50, 53, 17, 21, 28, 11, 64, 3, 23, 30, 83, 24, 41, 40, 52, 65, 27, 90, 70, 39, 87, 48, 69, 99, 4, 98, 1, 13, 56, 97, 59, 45, 8, 73, 37, 35, 79, 71, 66, 76, 32, 60, 80, 58, 6, 67, 61, 33, 7, 57, 34, 12, 16, 10, 22, 96, 88, 43, 81, 91, 2, 84, 29, 92, 19, 89, 55, 51, 46, 25, 75, 38, 72, 62, 0]|[2, 1, 2, 1, 1, 2, 1, 1, 1, 1, 1, 0, 2, 2, 1, 2, 0, 0, 0, 2, 2, 1, 0, 2, 0, 2, 2, 1, 0, 1, 1, 1, 0, 0, 1, 0, 2, 1, 2, 2, 0, 0, 1, 1, 0, 2, 0, 2, 1, 0, 2, 2, 0, 2, 2, 0, 1, 1, 0, 0, 2, 1, 1, 2, 2, 0, 2, 2, 2, 1, 2, 1, 1, 2, 0, 1, 1, 2, 1, 2, 0, 1, 1, 1, 1, 0, 0, 1, 0, 1, 1, 0, 1, 0, 1, 0, 0, 1, 1, 0]|[0, 3, 0, 3, 4, 1, 4, 4, 4, 4, 3, 2, 1, 0, 2, 1, 1, 1, 2, 1, 1, 3, 0, 1, 0, 1, 1, 4, 1, 4, 3, 2, 2, 0, 4, 1, 1, 4, 1, 1, 2, 1, 4, 4, 1, 1, 0, 1, 3, 2, 1, 1, 2, 1, 1, 2, 4, 3, 0, 2, 1, 3, 3, 1, 1, 2, 1, 1, 1, 4, 1, 3, 4, 1, 2, 4, 3, 1, 3, 1, 2, 4, 4, 4, 3, 2, 2, 3, 2, 4, 4, 2, 3, 2, 4, 2, 2, 4, 3, 2]|[0, 2, 0, 0, 3, 0, 1, 3, 1, 0, 2, 0, 1, 0, 1, 0, 0, 0, 1, 0, 0, 2, 0, 0, 1, 0, 0, 3, 0, 1, 0, 2, 0, 0, 3, 0, 1, 1, 0, 0, 0, 0, 1, 3, 0, 0, 1, 0, 2, 0, 0, 0, 0, 0, 1, 0, 1, 0, 1, 1, 0, 2, 0, 0, 0, 0, 0, 0, 0, 2, 0, 0, 1, 0, 0, 1, 0, 0, 3, 0, 0, 1, 2, 2, 0, 0, 0, 3, 0, 1, 1, 0, 0, 0, 3, 0, 0, 1, 0, 0],910.6016522559228,48441.78517559203,107030.90942221809,false
55,G3_TWC,G3_TWC,[31, 22, 42, 15, 26, 58, 95, 82, 77, 12, 47, 5, 93, 78, 98, 54, 85, 63, 18, 44, 20, 35, 43, 97, 91, 76, 10, 30, 21, 45, 71, 64, 1, 23, 17, 83, 24, 61, 60, 49, 6, 57, 94, 88, 65, 56, 79, 40, 67, 68, 46, 75, 0, 9, 19, 32, 81, 41, 27, 62, 87, 90, 99, 59, 53, 16, 72, 73, 70, 39, 37, 84, 3, 92, 25, 74, 28, 38, 51, 7, 11, 14, 86, 48, 89, 66, 50, 96, 33, 80, 4, 8, 34, 36, 55, 2, 13, 52, 69, 29]|[1, 1, 0, 1, 1, 1, 2, 1, 2, 1, 2, 2, 2, 1, 1, 0, 0, 1, 0, 2, 2, 0, 1, 2, 0, 1, 2, 2, 0, 0, 1, 2, 1, 0, 1, 0, 2, 0, 1, 1, 0, 1, 1, 1, 0, 2, 1, 1, 0, 0, 0, 0, 1, 1, 2, 1, 2, 0, 0, 0, 2, 1, 0, 1, 0, 1, 2, 1, 1, 1, 1, 1, 2, 0, 1, 2, 0, 0, 0, 1, 0, 1, 0, 0, 1, 0, 0, 0, 2, 0, 0, 1, 2, 0, 1, 0, 0, 1, 1, 0]|[4, 3, 2, 2, 0, 0, 2, 2, 2, 4, 1, 1, 2, 4, 4, 1, 1, 4, 2, 1, 1, 1, 1, 2, 1, 2, 1, 1, 1, 1, 3, 2, 3, 0, 4, 0, 1, 1, 0, 3, 2, 2, 4, 0, 1, 1, 3, 2, 0, 1, 2, 2, 1, 4, 0, 3, 2, 1, 1, 2, 1, 3, 1, 1, 2, 3, 0, 4, 3, 1, 4, 1, 1, 2, 4, 1, 2, 1, 1, 3, 2, 3, 1, 1, 1, 1, 1, 1, 1, 1, 2, 3, 1, 1, 4, 2, 2, 1, 3, 2]|[0, 2, 1, 1, 3, 3, 0, 1, 0, 0, 0, 0, 1, 0, 1, 0, 0, 3, 1, 0, 0, 0, 3, 1, 0, 2, 0, 0, 0, 1, 0, 0, 0, 0, 3, 0, 1, 0, 0, 2, 1, 1, 2, 0, 0, 0, 0, 1, 1, 0, 0, 0, 1, 3, 0, 0, 1, 0, 0, 1, 0, 2, 0, 1, 1, 2, 1, 0, 0, 1, 1, 3, 0, 1, 3, 0, 1, 0, 0, 2, 1, 0, 0, 0, 1, 0, 0, 0, 0, 0, 1, 2, 0, 1, 3, 0, 0, 1, 0, 0],846.5931657707905,57781.432218873764,86599.3836876579,false
55,G1_CMAX,G1_CMAX,[31, 22, 90, 26, 58, 95, 42, 12, 93, 5, 78, 86, 98, 18, 20, 35, 3, 97, 91, 76, 10, 85, 54, 45, 63, 71, 66, 1, 23, 17, 24, 60, 36, 6, 57, 15, 65, 56, 47, 79, 94, 67, 50, 46, 14, 75, 38, 9, 30, 19, 32, 81, 27, 92, 83, 87, 40, 99, 59, 11, 53, 16, 72, 77, 73, 70, 39, 37, 84, 43, 62, 25, 55, 28, 29, 51, 68, 82, 74, 61, 88, 21, 80, 89, 7, 69, 96, 41, 48, 4, 8, 34, 49, 52, 0, 44, 13, 2, 64, 33]|[1, 1, 1, 1, 0, 2, 1, 1, 2, 2, 2, 1, 0, 1, 2, 2, 1, 2, 0, 1, 2, 2, 2, 0, 0, 1, 2, 1, 2, 1, 2, 1, 1, 0, 1, 1, 0, 2, 2, 1, 1, 0, 0, 0, 0, 1, 1, 1, 1, 2, 1, 2, 2, 0, 0, 2, 1, 0, 0, 2, 0, 1, 2, 2, 1, 1, 1, 1, 1, 1, 0, 1, 1, 0, 0, 0, 0, 0, 2, 1, 1, 0, 0, 1, 1, 1, 2, 2, 0, 1, 1, 2, 0, 1, 0, 0, 0, 0, 2, 2]|[0, 4, 3, 0, 1, 1, 2, 4, 1, 1, 2, 4, 1, 4, 1, 1, 1, 2, 2, 2, 2, 1, 1, 1, 2, 3, 2, 3, 0, 4, 1, 0, 3, 2, 2, 2, 1, 1, 1, 0, 2, 0, 1, 2, 1, 3, 1, 4, 2, 0, 3, 2, 1, 2, 1, 1, 4, 1, 1, 1, 2, 3, 0, 2, 4, 3, 1, 4, 1, 1, 1, 4, 4, 2, 1, 1, 1, 2, 1, 3, 0, 1, 1, 1, 1, 3, 1, 1, 1, 4, 3, 1, 1, 1, 2, 2, 2, 2, 1, 1]|[3, 0, 2, 3, 0, 0, 1, 0, 0, 0, 1, 0, 0, 3, 0, 0, 1, 1, 1, 2, 1, 0, 0, 0, 0, 0, 0, 0, 0, 3, 1, 0, 2, 1, 1, 1, 0, 0, 0, 0, 1, 1, 0, 0, 0, 0, 1, 3, 2, 0, 0, 1, 0, 1, 0, 0, 2, 0, 0, 0, 1, 2, 1, 1, 0, 0, 1, 1, 3, 3, 0, 3, 3, 1, 0, 0, 0, 1, 0, 0, 0, 0, 0, 1, 2, 2, 0, 0, 0, 0, 2, 0, 1, 1, 0, 0, 0, 0, 0, 0],705.0470749739228,58445.79123614564,95781.2895945797,false
55,G4_BALANCED,G4_BALANCED,[31, 22, 42, 15, 26, 58, 95, 82, 77, 12, 47, 5, 93, 78, 98, 54, 85, 63, 18, 44, 20, 35, 43, 97, 91, 76, 10, 30, 21, 45, 71, 64, 1, 23, 17, 83, 24, 61, 60, 36, 6, 57, 94, 88, 65, 56, 79, 40, 67, 68, 46, 75, 38, 9, 19, 32, 81, 41, 27, 62, 87, 90, 99, 59, 11, 16, 72, 73, 70, 39, 37, 84, 3, 92, 25, 74, 28, 29, 51, 7, 53, 14, 86, 48, 89, 50, 66, 96, 33, 80, 4, 8, 0, 49, 55, 52, 13, 2, 69, 34]|[1, 1, 0, 1, 1, 1, 2, 1, 2, 1, 2, 2, 2, 1, 1, 0, 0, 1, 0, 2, 2, 0, 1, 2, 0, 1, 2, 2, 0, 0, 1, 2, 1, 2, 1, 0, 2, 0, 1, 1, 0, 1, 1, 1, 0, 2, 1, 1, 0, 0, 0, 0, 1, 1, 2, 1, 2, 0, 0, 0, 2, 1, 0, 1, 2, 1, 2, 1, 1, 1, 1, 1, 2, 0, 1, 2, 0, 0, 0, 1, 0, 1, 0, 0, 1, 0, 2, 0, 2, 0, 0, 1, 0, 0, 2, 1, 0, 0, 1, 2]|[4, 3, 2, 2, 0, 0, 2, 2, 2, 4, 1, 1, 2, 4, 4, 1, 1, 4, 2, 1, 1, 1, 1, 2, 1, 2, 1, 1, 1, 1, 3, 2, 3, 0, 4, 0, 1, 1, 0, 3, 2, 2, 4, 0, 1, 1, 0, 2, 0, 1, 2, 2, 1, 4, 0, 3, 2, 1, 1, 2, 1, 3, 1, 1, 1, 3, 0, 4, 3, 1, 4, 1, 1, 2, 4, 1, 2, 1, 1, 3, 2, 3, 1, 1, 1, 1, 1, 1, 1, 1, 2, 3, 2, 1, 1, 1, 2, 2, 3, 1]|[0, 2, 1, 1, 3, 3, 0, 1, 0, 0, 0, 0, 1, 0, 1, 0, 0, 3, 1, 0, 0, 0, 3, 1, 0, 2, 0, 0, 0, 0, 0, 0, 0, 0, 3, 0, 1, 0, 0, 2, 1, 1, 2, 0, 0, 0, 0, 1, 1, 0, 0, 0, 1, 3, 0, 0, 1, 0, 0, 1, 0, 2, 0, 1, 0, 2, 1, 0, 0, 1, 1, 3, 0, 1, 3, 0, 1, 0, 0, 2, 1, 0, 0, 0, 1, 0, 0, 0, 0, 0, 1, 2, 0, 1, 0, 1, 0, 0, 0, 0],801.801344730411,56902.57456360797,89795.26582689231,false
55,G2_TEC,G2_TEC,[31, 94, 82, 15, 26, 9, 95, 42, 77, 68, 47, 5, 93, 78, 86, 54, 85, 63, 18, 44, 20, 49, 36, 14, 74, 50, 53, 17, 21, 28, 11, 64, 3, 23, 30, 83, 24, 41, 40, 52, 65, 27, 90, 70, 39, 87, 48, 69, 99, 4, 98, 1, 13, 56, 97, 59, 45, 8, 73, 37, 35, 79, 71, 66, 76, 32, 60, 80, 58, 6, 67, 61, 33, 7, 57, 34, 12, 16, 10, 22, 96, 88, 43, 81, 91, 2, 84, 29, 92, 19, 89, 55, 51, 46, 25, 75, 38, 72, 62, 0]|[2, 1, 2, 1, 1, 2, 1, 1, 1, 1, 1, 0, 2, 2, 1, 2, 0, 0, 0, 2, 2, 1, 0, 2, 0, 2, 2, 1, 0, 1, 1, 1, 0, 0, 1, 0, 2, 1, 2, 2, 0, 0, 1, 1, 0, 2, 0, 2, 1, 0, 2, 2, 0, 2, 2, 0, 1, 1, 0, 0, 2, 1, 1, 2, 2, 0, 2, 2, 2, 1, 2, 1, 1, 2, 0, 1, 1, 2, 1, 2, 0, 1, 1, 1, 1, 0, 0, 1, 0, 1, 1, 0, 1, 0, 1, 0, 0, 1, 1, 0]|[0, 3, 0, 3, 4, 1, 4, 4, 4, 4, 3, 2, 1, 0, 2, 1, 1, 1, 2, 1, 1, 3, 0, 1, 0, 1, 1, 4, 1, 4, 3, 2, 2, 0, 4, 1, 1, 4, 1, 1, 2, 1, 4, 4, 1, 1, 0, 1, 3, 2, 1, 1, 2, 1, 1, 2, 4, 3, 0, 2, 1, 3, 3, 1, 1, 2, 1, 1, 1, 4, 1, 3, 4, 1, 2, 4, 3, 1, 3, 1, 2, 4, 4, 4, 3, 2, 2, 3, 2, 4, 4, 2, 3, 2, 4, 2, 2, 4, 3, 2]|[0, 2, 0, 0, 3, 0, 1, 3, 1, 0, 2, 0, 1, 0, 1, 0, 0, 0, 1, 0, 0, 2, 0, 0, 1, 0, 0, 3, 0, 1, 0, 2, 0, 0, 3, 0, 1, 1, 0, 0, 0, 0, 1, 3, 0, 0, 1, 0, 2, 0, 0, 0, 0, 0, 1, 0, 1, 0, 1, 1, 0, 2, 0, 0, 0, 0, 0, 0, 0, 2, 0, 0, 1, 0, 0, 1, 0, 0, 3, 0, 0, 1, 2, 2, 0, 0, 0, 3, 0, 1, 1, 0, 0, 0, 3, 0, 0, 1, 0, 0],910.6016522559228,48441.78517559203,107030.90942221809,false
55,G3_TWC,G3_TWC,[31, 22, 42, 15, 26, 58, 95, 82, 77, 12, 47, 5, 93, 78, 98, 54, 85, 63, 18, 44, 20, 35, 43, 97, 91, 76, 10, 30, 21, 45, 71, 64, 1, 23, 17, 83, 24, 61, 60, 49, 6, 57, 94, 88, 65, 56, 79, 40, 67, 68, 46, 75, 0, 9, 19, 32, 81, 41, 27, 62, 87, 90, 99, 59, 53, 16, 72, 73, 70, 39, 37, 84, 3, 92, 25, 74, 28, 38, 51, 7, 11, 14, 86, 48, 89, 66, 50, 96, 33, 80, 4, 8, 34, 36, 55, 2, 13, 52, 69, 29]|[1, 1, 0, 1, 1, 1, 2, 1, 2, 1, 2, 2, 2, 1, 1, 0, 0, 1, 0, 2, 2, 0, 1, 2, 0, 1, 2, 2, 0, 0, 1, 2, 1, 0, 1, 0, 2, 0, 1, 1, 0, 1, 1, 1, 0, 2, 1, 1, 0, 0, 0, 0, 1, 1, 2, 1, 2, 0, 0, 0, 2, 1, 0, 1, 0, 1, 2, 1, 1, 1, 1, 1, 2, 0, 1, 2, 0, 0, 0, 1, 0, 1, 0, 0, 1, 0, 0, 0, 2, 0, 0, 1, 2, 0, 1, 0, 0, 1, 1, 0]|[4, 3, 2, 2, 0, 0, 2, 2, 2, 4, 1, 1, 2, 4, 4, 1, 1, 4, 2, 1, 1, 1, 1, 2, 1, 2, 1, 1, 1, 1, 3, 2, 3, 0, 4, 0, 1, 1, 0, 3, 2, 2, 4, 0, 1, 1, 3, 2, 0, 1, 2, 2, 1, 4, 0, 3, 2, 1, 1, 2, 1, 3, 1, 1, 2, 3, 0, 4, 3, 1, 4, 1, 1, 2, 4, 1, 2, 1, 1, 3, 2, 3, 1, 1, 1, 1, 1, 1, 1, 1, 2, 3, 1, 1, 4, 2, 2, 1, 3, 2]|[0, 2, 1, 1, 3, 3, 0, 1, 0, 0, 0, 0, 1, 0, 1, 0, 0, 3, 1, 0, 0, 0, 3, 1, 0, 2, 0, 0, 0, 1, 0, 0, 0, 0, 3, 0, 1, 0, 0, 2, 1, 1, 2, 0, 0, 0, 0, 1, 1, 0, 0, 0, 1, 3, 0, 0, 1, 0, 0, 1, 0, 2, 0, 1, 1, 2, 1, 0, 0, 1, 1, 3, 0, 1, 3, 0, 1, 0, 0, 2, 1, 0, 0, 0, 1, 0, 0, 0, 0, 0, 1, 2, 0, 1, 3, 0, 0, 1, 0, 0],846.5931657707905,57781.432218873764,86599.3836876579,false
55,G1_CMAX,G1_CMAX,[31, 22, 90, 26, 58, 95, 42, 12, 93, 5, 78, 86, 98, 18, 20, 35, 3, 97, 91, 76, 10, 85, 54, 45, 63, 71, 66, 1, 23, 17, 24, 60, 36, 6, 57, 15, 65, 56, 47, 79, 94, 67, 50, 46, 14, 75, 38, 9, 30, 19, 32, 81, 27, 92, 83, 87, 40, 99, 59, 11, 53, 16, 72, 77, 73, 70, 39, 37, 84, 43, 62, 25, 55, 28, 29, 51, 68, 82, 74, 61, 88, 21, 80, 89, 7, 69, 96, 41, 48, 4, 8, 34, 49, 52, 0, 44, 13, 2, 64, 33]|[1, 1, 1, 1, 0, 2, 1, 1, 2, 2, 2, 1, 0, 1, 2, 2, 1, 2, 0, 1, 2, 2, 2, 0, 0, 1, 2, 1, 2, 1, 2, 1, 1, 0, 1, 1, 0, 2, 2, 1, 1, 0, 0, 0, 0, 1, 1, 1, 1, 2, 1, 2, 2, 0, 0, 2, 1, 0, 0, 2, 0, 1, 2, 2, 1, 1, 1, 1, 1, 1, 0, 1, 1, 0, 0, 0, 0, 0, 2, 1, 1, 0, 0, 1, 1, 1, 2, 2, 0, 1, 1, 2, 0, 1, 0, 0, 0, 0, 2, 2]|[0, 4, 3, 0, 1, 1, 2, 4, 1, 1, 2, 4, 1, 4, 1, 1, 1, 2, 2, 2, 2, 1, 1, 1, 2, 3, 2, 3, 0, 4, 1, 0, 3, 2, 2, 2, 1, 1, 1, 0, 2, 0, 1, 2, 1, 3, 1, 4, 2, 0, 3, 2, 1, 2, 1, 1, 4, 1, 1, 1, 2, 3, 0, 2, 4, 3, 1, 4, 1, 1, 1, 4, 4, 2, 1, 1, 1, 2, 1, 3, 0, 1, 1, 1, 1, 3, 1, 1, 1, 4, 3, 1, 1, 1, 2, 2, 2, 2, 1, 1]|[3, 0, 2, 3, 0, 0, 1, 0, 0, 0, 1, 0, 0, 3, 0, 0, 1, 1, 1, 2, 1, 0, 0, 0, 0, 0, 0, 0, 0, 3, 1, 0, 2, 1, 1, 1, 0, 0, 0, 0, 1, 1, 0, 0, 0, 0, 1, 3, 2, 0, 0, 1, 0, 1, 0, 0, 2, 0, 0, 0, 1, 2, 1, 1, 0, 0, 1, 1, 3, 3, 0, 3, 3, 1, 0, 0, 0, 1, 0, 0, 0, 0, 0, 1, 2, 2, 0, 0, 0, 0, 2, 0, 1, 1, 0, 0, 0, 0, 0, 0],705.0470749739228,58445.79123614564,95781.2895945797,false
55,G4_BALANCED,G1_CMAX,[31, 22, 42, 15, 26, 58, 95, 82, 77, 12, 47, 5, 93, 78, 98, 54, 85, 63, 18, 44, 20, 35, 43, 97, 91, 76, 10, 30, 21, 45, 71, 64, 1, 23, 17, 83, 24, 61, 60, 36, 6, 57, 94, 88, 65, 56, 79, 40, 67, 68, 46, 75, 38, 9, 19, 32, 81, 41, 27, 74, 87, 90, 99, 59, 11, 16, 72, 73, 70, 39, 37, 84, 3, 92, 25, 55, 28, 29, 51, 7, 33, 14, 86, 48, 89, 50, 66, 96, 53, 80, 4, 8, 34, 49, 0, 52, 13, 2, 69, 62]|[1, 1, 0, 1, 1, 1, 2, 1, 2, 1, 2, 2, 2, 1, 1, 0, 0, 1, 0, 2, 2, 0, 1, 2, 0, 1, 2, 2, 0, 0, 1, 2, 1, 2, 1, 0, 2, 0, 1, 1, 0, 1, 1, 1, 0, 2, 1, 1, 0, 0, 0, 0, 1, 1, 2, 1, 2, 2, 0, 2, 2, 1, 0, 1, 2, 1, 2, 1, 1, 1, 1, 1, 2, 1, 1, 1, 0, 0, 0, 1, 2, 1, 0, 0, 1, 0, 0, 2, 0, 0, 0, 1, 2, 0, 0, 1, 0, 0, 1, 2]|[4, 3, 2, 2, 0, 0, 2, 2, 2, 4, 1, 1, 2, 4, 4, 1, 1, 4, 2, 1, 1, 1, 1, 2, 1, 2, 1, 1, 1, 1, 3, 2, 3, 0, 4, 0, 1, 1, 0, 3, 2, 2, 4, 0, 1, 1, 0, 2, 0, 1, 2, 2, 1, 4, 0, 3, 2, 1, 1, 1, 1, 3, 1, 1, 1, 3, 0, 4, 3, 1, 4, 1, 1, 4, 4, 4, 2, 1, 1, 3, 1, 3, 1, 1, 1, 1, 1, 1, 2, 1, 2, 3, 1, 1, 2, 1, 2, 2, 3, 1]|[0, 2, 1, 1, 3, 3, 0, 1, 0, 0, 0, 0, 1, 0, 1, 0, 0, 3, 1, 0, 0, 0, 3, 1, 0, 2, 0, 0, 0, 1, 0, 0, 0, 0, 3, 0, 1, 0, 0, 2, 1, 1, 2, 0, 0, 0, 0, 1, 1, 0, 0, 0, 1, 3, 0, 0, 1, 0, 0, 0, 0, 2, 0, 1, 0, 2, 1, 0, 0, 1, 1, 3, 0, 0, 3, 3, 1, 0, 0, 2, 0, 0, 0, 0, 1, 0, 0, 0, 1, 0, 1, 2, 0, 1, 0, 1, 0, 0, 0, 0],727.2377346938687,57188.65988484567,91043.00195129713,true
55,G2_TEC,G2_TEC,[31, 94, 82, 15, 26, 9, 95, 42, 77, 68, 47, 5, 93, 78, 86, 54, 85, 63, 18, 44, 20, 49, 36, 14, 74, 50, 53, 17, 21, 28, 11, 64, 3, 23, 30, 83, 24, 41, 40, 52, 65, 27, 90, 70, 39, 87, 48, 69, 99, 4, 98, 1, 13, 56, 97, 59, 45, 8, 73, 37, 35, 79, 71, 66, 76, 32, 60, 80, 58, 6, 67, 61, 33, 7, 57, 34, 12, 16, 10, 22, 96, 88, 43, 81, 91, 2, 84, 29, 92, 19, 89, 55, 51, 46, 25, 75, 38, 72, 62, 0]|[2, 1, 2, 1, 1, 2, 1, 1, 1, 1, 1, 0, 2, 2, 1, 2, 0, 0, 0, 2, 2, 1, 0, 2, 0, 2, 2, 1, 0, 1, 1, 1, 0, 0, 1, 0, 2, 1, 2, 2, 0, 0, 1, 1, 0, 2, 0, 2, 1, 0, 2, 2, 0, 2, 2, 0, 1, 1, 0, 0, 2, 1, 1, 2, 2, 0, 2, 2, 2, 1, 2, 1, 1, 2, 0, 1, 1, 2, 1, 2, 0, 1, 1, 1, 1, 0, 0, 1, 0, 1, 1, 0, 1, 0, 1, 0, 0, 1, 1, 0]|[0, 3, 0, 3, 4, 1, 4, 4, 4, 4, 3, 2, 1, 0, 2, 1, 1, 1, 2, 1, 1, 3, 0, 1, 0, 1, 1, 4, 1, 4, 3, 2, 2, 0, 4, 1, 1, 4, 1, 1, 2, 1, 4, 4, 1, 1, 0, 1, 3, 2, 1, 1, 2, 1, 1, 2, 4, 3, 0, 2, 1, 3, 3, 1, 1, 2, 1, 1, 1, 4, 1, 3, 4, 1, 2, 4, 3, 1, 3, 1, 2, 4, 4, 4, 3, 2, 2, 3, 2, 4, 4, 2, 3, 2, 4, 2, 2, 4, 3, 2]|[0, 2, 0, 0, 3, 0, 1, 3, 1, 0, 2, 0, 1, 0, 1, 0, 0, 0, 1, 0, 0, 2, 0, 0, 1, 0, 0, 3, 0, 1, 0, 2, 0, 0, 3, 0, 1, 1, 0, 0, 0, 0, 1, 3, 0, 0, 1, 0, 2, 0, 0, 0, 0, 0, 1, 0, 1, 0, 1, 1, 0, 2, 0, 0, 0, 0, 0, 0, 0, 2, 0, 0, 1, 0, 0, 1, 0, 0, 3, 0, 0, 1, 2, 2, 0, 0, 0, 3, 0, 1, 1, 0, 0, 0, 3, 0, 0, 1, 0, 0],910.6016522559228,48441.78517559203,107030.90942221809,false
55,G3_TWC,G3_TWC,[31, 22, 42, 15, 26, 58, 95, 82, 77, 12, 47, 5, 93, 78, 98, 54, 85, 63, 18, 44, 20, 35, 43, 97, 91, 76, 10, 30, 21, 45, 71, 64, 1, 23, 17, 83, 24, 61, 60, 49, 6, 57, 94, 88, 65, 56, 79, 40, 67, 68, 46, 75, 0, 9, 19, 32, 81, 41, 27, 62, 87, 90, 99, 59, 53, 16, 72, 73, 70, 39, 37, 84, 3, 92, 25, 74, 28, 38, 51, 7, 11, 14, 86, 48, 89, 66, 50, 96, 33, 80, 4, 8, 34, 36, 55, 2, 13, 52, 69, 29]|[1, 1, 0, 1, 1, 1, 2, 1, 2, 1, 2, 2, 2, 1, 1, 0, 0, 1, 0, 2, 2, 0, 1, 2, 0, 1, 2, 2, 0, 0, 1, 2, 1, 0, 1, 0, 2, 0, 1, 1, 0, 1, 1, 1, 0, 2, 1, 1, 0, 0, 0, 0, 1, 1, 2, 1, 2, 0, 0, 0, 2, 1, 0, 1, 0, 1, 2, 1, 1, 1, 1, 1, 2, 0, 1, 2, 0, 0, 0, 1, 0, 1, 0, 0, 1, 0, 0, 0, 2, 0, 0, 1, 2, 0, 1, 0, 0, 1, 1, 0]|[4, 3, 2, 2, 0, 0, 2, 2, 2, 4, 1, 1, 2, 4, 4, 1, 1, 4, 2, 1, 1, 1, 1, 2, 1, 2, 1, 1, 1, 1, 3, 2, 3, 0, 4, 0, 1, 1, 0, 3, 2, 2, 4, 0, 1, 1, 3, 2, 0, 1, 2, 2, 1, 4, 0, 3, 2, 1, 1, 2, 1, 3, 1, 1, 2, 3, 0, 4, 3, 1, 4, 1, 1, 2, 4, 1, 2, 1, 1, 3, 2, 3, 1, 1, 1, 1, 1, 1, 1, 1, 2, 3, 1, 1, 4, 2, 2, 1, 3, 2]|[0, 2, 1, 1, 3, 3, 0, 1, 0, 0, 0, 0, 1, 0, 1, 0, 0, 3, 1, 0, 0, 0, 3, 1, 0, 2, 0, 0, 0, 1, 0, 0, 0, 0, 3, 0, 1, 0, 0, 2, 1, 1, 2, 0, 0, 0, 0, 1, 1, 0, 0, 0, 1, 3, 0, 0, 1, 0, 0, 1, 0, 2, 0, 1, 1, 2, 1, 0, 0, 1, 1, 3, 0, 1, 3, 0, 1, 0, 0, 2, 1, 0, 0, 0, 1, 0, 0, 0, 0, 0, 1, 2, 0, 1, 3, 0, 0, 1, 0, 0],846.5931657707905,57781.432218873764,86599.3836876579,false
55,G1_CMAX,G1_CMAX,[31, 22, 90, 26, 58, 95, 42, 12, 93, 5, 78, 86, 98, 18, 20, 35, 3, 97, 91, 76, 10, 85, 54, 45, 63, 71, 66, 1, 23, 17, 24, 60, 36, 6, 57, 15, 65, 56, 47, 79, 94, 67, 50, 46, 14, 75, 38, 9, 30, 19, 32, 81, 27, 92, 83, 87, 40, 99, 59, 11, 53, 16, 72, 77, 73, 70, 39, 37, 84, 43, 62, 25, 55, 28, 29, 51, 68, 82, 74, 61, 88, 21, 80, 89, 7, 69, 96, 41, 48, 4, 8, 34, 49, 52, 0, 44, 13, 2, 64, 33]|[1, 1, 1, 1, 0, 2, 1, 1, 2, 2, 2, 1, 0, 1, 2, 2, 1, 2, 0, 1, 2, 2, 2, 0, 0, 1, 2, 1, 2, 1, 2, 1, 1, 0, 1, 1, 0, 2, 2, 1, 1, 0, 0, 0, 0, 1, 1, 1, 1, 2, 1, 2, 2, 0, 0, 2, 1, 0, 0, 2, 0, 1, 2, 2, 1, 1, 1, 1, 1, 1, 0, 1, 1, 0, 0, 0, 0, 0, 2, 1, 1, 0, 0, 1, 1, 1, 2, 2, 0, 1, 1, 2, 0, 1, 0, 0, 0, 0, 2, 2]|[0, 4, 3, 0, 1, 1, 2, 4, 1, 1, 2, 4, 1, 4, 1, 1, 1, 2, 2, 2, 2, 1, 1, 1, 2, 3, 2, 3, 0, 4, 1, 0, 3, 2, 2, 2, 1, 1, 1, 0, 2, 0, 1, 2, 1, 3, 1, 4, 2, 0, 3, 2, 1, 2, 1, 1, 4, 1, 1, 1, 2, 3, 0, 2, 4, 3, 1, 4, 1, 1, 1, 4, 4, 2, 1, 1, 1, 2, 1, 3, 0, 1, 1, 1, 1, 3, 1, 1, 1, 4, 3, 1, 1, 1, 2, 2, 2, 2, 1, 1]|[3, 0, 2, 3, 0, 0, 1, 0, 0, 0, 1, 0, 0, 3, 0, 0, 1, 1, 1, 2, 1, 0, 0, 0, 0, 0, 0, 0, 0, 3, 1, 0, 2, 1, 1, 1, 0, 0, 0, 0, 1, 1, 0, 0, 0, 0, 1, 3, 2, 0, 0, 1, 0, 1, 0, 0, 2, 0, 0, 0, 1, 2, 1, 1, 0, 0, 1, 1, 3, 3, 0, 3, 3, 1, 0, 0, 0, 1, 0, 0, 0, 0, 0, 1, 2, 2, 0, 0, 0, 0, 2, 0, 1, 1, 0, 0, 0, 0, 0, 0],705.0470749739228,58445.79123614564,95781.2895945797,false
55,G4_BALANCED,G4_BALANCED,[31, 22, 42, 15, 26, 58, 95, 82, 77, 12, 47, 5, 93, 78, 98, 54, 85, 63, 18, 44, 20, 35, 43, 97, 91, 76, 10, 19, 21, 45, 71, 64, 1, 23, 17, 83, 24, 61, 60, 36, 6, 57, 94, 88, 65, 56, 79, 40, 67, 68, 46, 75, 38, 9, 30, 32, 81, 41, 27, 62, 87, 90, 99, 59, 11, 16, 72, 73, 70, 39, 37, 84, 3, 92, 25, 55, 28, 29, 51, 7, 33, 14, 86, 48, 89, 50, 66, 96, 53, 80, 4, 8, 34, 49, 0, 52, 13, 2, 69, 74]|[1, 1, 0, 1, 1, 1, 2, 1, 2, 1, 2, 2, 2, 1, 1, 0, 0, 1, 0, 2, 2, 0, 1, 2, 0, 1, 2, 2, 0, 0, 1, 2, 1, 2, 1, 0, 2, 0, 1, 1, 0, 1, 1, 1, 0, 2, 1, 1, 0, 0, 0, 0, 1, 1, 2, 1, 2, 2, 0, 0, 2, 1, 0, 1, 2, 1, 2, 1, 1, 1, 1, 1, 2, 1, 1, 1, 0, 0, 0, 1, 2, 1, 0, 0, 1, 0, 0, 2, 0, 0, 0, 1, 2, 0, 0, 1, 0, 0, 1, 2]|[4, 3, 2, 2, 0, 0, 2, 2, 2, 4, 1, 1, 2, 4, 4, 1, 1, 4, 2, 1, 1, 1, 1, 2, 1, 2, 1, 0, 1, 1, 3, 2, 3, 0, 4, 0, 1, 1, 0, 3, 2, 2, 4, 0, 1, 1, 0, 2, 0, 1, 2, 2, 1, 4, 1, 3, 2, 1, 1, 2, 1, 3, 1, 1, 1, 3, 0, 4, 3, 1, 4, 1, 1, 4, 4, 4, 2, 1, 1, 3, 1, 3, 1, 1, 1, 1, 1, 1, 2, 1, 2, 3, 1, 1, 2, 1, 2, 2, 3, 1]|[0, 2, 1, 1, 3, 3, 0, 1, 0, 0, 0, 0, 1, 0, 1, 0, 0, 3, 1, 0, 0, 0, 3, 1, 0, 2, 0, 0, 0, 1, 0, 0, 0, 0, 3, 0, 1, 0, 0, 2, 1, 1, 2, 0, 0, 0, 0, 1, 1, 0, 0, 0, 1, 3, 0, 0, 1, 0, 0, 1, 0, 2, 0, 1, 0, 2, 1, 0, 0, 1, 1, 3, 0, 0, 3, 3, 1, 0, 0, 2, 0, 0, 0, 0, 1, 0, 0, 0, 1, 0, 1, 2, 0, 1, 0, 1, 0, 0, 0, 0],736.2670012451629,57630.52540083121,89970.27722989232,false
55,G2_TEC,G2_TEC,[31, 94, 82, 15, 26, 9, 95, 42, 77, 68, 47, 5, 93, 78, 86, 54, 85, 63, 18, 44, 20, 49, 36, 14, 74, 50, 53, 17, 21, 28, 11, 64, 3, 23, 30, 83, 24, 41, 40, 52, 65, 27, 90, 70, 39, 87, 48, 69, 99, 4, 98, 1, 13, 56, 97, 59, 45, 8, 73, 37, 35, 79, 71, 66, 76, 32, 60, 80, 58, 6, 67, 61, 33, 7, 57, 34, 12, 16, 10, 22, 96, 88, 43, 81, 91, 2, 84, 29, 92, 19, 89, 55, 51, 46, 25, 75, 38, 72, 62, 0]|[2, 1, 2, 1, 1, 2, 1, 1, 1, 1, 1, 0, 2, 2, 1, 2, 0, 0, 0, 2, 2, 1, 0, 2, 0, 2, 2, 1, 0, 1, 1, 1, 0, 0, 1, 0, 2, 1, 2, 2, 0, 0, 1, 1, 0, 2, 0, 2, 1, 0, 2, 2, 0, 2, 2, 0, 1, 1, 0, 0, 2, 1, 1, 2, 2, 0, 2, 2, 2, 1, 2, 1, 1, 2, 0, 1, 1, 2, 1, 2, 0, 1, 1, 1, 1, 0, 0, 1, 0, 1, 1, 0, 1, 0, 1, 0, 0, 1, 1, 0]|[0, 3, 0, 3, 4, 1, 4, 4, 4, 4, 3, 2, 1, 0, 2, 1, 1, 1, 2, 1, 1, 3, 0, 1, 0, 1, 1, 4, 1, 4, 3, 2, 2, 0, 4, 1, 1, 4, 1, 1, 2, 1, 4, 4, 1, 1, 0, 1, 3, 2, 1, 1, 2, 1, 1, 2, 4, 3, 0, 2, 1, 3, 3, 1, 1, 2, 1, 1, 1, 4, 1, 3, 4, 1, 2, 4, 3, 1, 3, 1, 2, 4, 4, 4, 3, 2, 2, 3, 2, 4, 4, 2, 3, 2, 4, 2, 2, 4, 3, 2]|[0, 2, 0, 0, 3, 0, 1, 3, 1, 0, 2, 0, 1, 0, 1, 0, 0, 0, 1, 0, 0, 2, 0, 0, 1, 0, 0, 3, 0, 1, 0, 2, 0, 0, 3, 0, 1, 1, 0, 0, 0, 0, 1, 3, 0, 0, 1, 0, 2, 0, 0, 0, 0, 0, 1, 0, 1, 0, 1, 1, 0, 2, 0, 0, 0, 0, 0, 0, 0, 2, 0, 0, 1, 0, 0, 1, 0, 0, 3, 0, 0, 1, 2, 2, 0, 0, 0, 3, 0, 1, 1, 0, 0, 0, 3, 0, 0, 1, 0, 0],910.6016522559228,48441.78517559203,107030.90942221809,false
55,G3_TWC,G3_TWC,[31, 22, 42, 15, 26, 58, 95, 82, 77, 12, 47, 5, 93, 78, 98, 54, 85, 63, 18, 44, 20, 35, 43, 97, 91, 76, 10, 30, 21, 45, 71, 64, 1, 23, 17, 83, 24, 61, 60, 49, 6, 57, 94, 88, 65, 56, 79, 40, 67, 68, 46, 75, 0, 9, 19, 32, 81, 41, 27, 62, 87, 90, 99, 59, 53, 16, 72, 73, 70, 39, 37, 84, 3, 92, 25, 74, 28, 38, 51, 7, 11, 14, 86, 48, 89, 66, 50, 96, 33, 80, 4, 8, 34, 36, 55, 2, 13, 52, 69, 29]|[1, 1, 0, 1, 1, 1, 2, 1, 2, 1, 2, 2, 2, 1, 1, 0, 0, 1, 0, 2, 2, 0, 1, 2, 0, 1, 2, 2, 0, 0, 1, 2, 1, 0, 1, 0, 2, 0, 1, 1, 0, 1, 1, 1, 0, 2, 1, 1, 0, 0, 0, 0, 1, 1, 2, 1, 2, 0, 0, 0, 2, 1, 0, 1, 0, 1, 2, 1, 1, 1, 1, 1, 2, 0, 1, 2, 0, 0, 0, 1, 0, 1, 0, 0, 1, 0, 0, 0, 2, 0, 0, 1, 2, 0, 1, 0, 0, 1, 1, 0]|[4, 3, 2, 2, 0, 0, 2, 2, 2, 4, 1, 1, 2, 4, 4, 1, 1, 4, 2, 1, 1, 1, 1, 2, 1, 2, 1, 1, 1, 1, 3, 2, 3, 0, 4, 0, 1, 1, 0, 3, 2, 2, 4, 0, 1, 1, 3, 2, 0, 1, 2, 2, 1, 4, 0, 3, 2, 1, 1, 2, 1, 3, 1, 1, 2, 3, 0, 4, 3, 1, 4, 1, 1, 2, 4, 1, 2, 1, 1, 3, 2, 3, 1, 1, 1, 1, 1, 1, 1, 1, 2, 3, 1, 1, 4, 2, 2, 1, 3, 2]|[0, 2, 1, 1, 3, 3, 0, 1, 0, 0, 0, 0, 1, 0, 1, 0, 0, 3, 1, 0, 0, 0, 3, 1, 0, 2, 0, 0, 0, 1, 0, 0, 0, 0, 3, 0, 1, 0, 0, 2, 1, 1, 2, 0, 0, 0, 0, 1, 1, 0, 0, 0, 1, 3, 0, 0, 1, 0, 0, 1, 0, 2, 0, 1, 1, 2, 1, 0, 0, 1, 1, 3, 0, 1, 3, 0, 1, 0, 0, 2, 1, 0, 0, 0, 1, 0, 0, 0, 0, 0, 1, 2, 0, 1, 3, 0, 0, 1, 0, 0],846.5931657707905,57781.432218873764,86599.3836876579,false
55,G1_CMAX,G4_BALANCED,[31, 22, 42, 15, 26, 58, 95, 82, 77, 12, 47, 5, 93, 78, 98, 54, 85, 63, 18, 44, 20, 35, 43, 97, 91, 76, 10, 30, 21, 45, 71, 64, 1, 23, 17, 83, 24, 61, 60, 36, 6, 57, 94, 88, 65, 56, 79, 40, 67, 68, 46, 75, 38, 9, 19, 32, 81, 41, 27, 62, 87, 90, 99, 59, 11, 16, 72, 73, 70, 39, 37, 84, 3, 92, 25, 74, 28, 29, 51, 7, 33, 14, 86, 48, 89, 50, 66, 96, 53, 80, 8, 4, 55, 49, 0, 52, 13, 2, 69, 34]|[1, 1, 0, 1, 1, 1, 2, 1, 2, 1, 2, 2, 2, 1, 1, 0, 0, 1, 0, 2, 2, 0, 1, 2, 0, 1, 2, 2, 0, 0, 1, 2, 1, 2, 1, 0, 2, 0, 1, 1, 0, 1, 1, 1, 0, 2, 1, 1, 0, 0, 0, 0, 1, 1, 2, 1, 2, 2, 0, 0, 2, 1, 0, 1, 2, 1, 2, 1, 1, 1, 1, 1, 2, 1, 1, 2, 0, 0, 0, 1, 2, 1, 0, 0, 1, 0, 2, 0, 0, 0, 1, 0, 1, 0, 0, 1, 0, 0, 1, 2]|[4, 3, 2, 2, 0, 0, 2, 2, 2, 4, 1, 1, 2, 4, 4, 1, 1, 4, 2, 1, 1, 1, 1, 2, 1, 2, 1, 1, 1, 1, 3, 2, 3, 0, 4, 0, 1, 1, 0, 3, 2, 2, 4, 0, 1, 1, 3, 2, 0, 1, 2, 2, 1, 4, 0, 3, 2, 1, 1, 2, 1, 3, 1, 1, 1, 3, 0, 4, 3, 1, 4, 1, 1, 4, 4, 1, 2, 1, 1, 3, 1, 3, 1, 1, 1, 1, 1, 1, 2, 1, 3, 2, 4, 1, 2, 1, 2, 2, 3, 1]|[0, 2, 1, 1, 3, 3, 0, 1, 0, 0, 0, 0, 1, 0, 1, 0, 0, 3, 1, 0, 0, 0, 3, 1, 0, 2, 0, 0, 0, 0, 0, 0, 0, 0, 3, 0, 1, 0, 0, 2, 1, 1, 2, 0, 0, 0, 0, 1, 1, 0, 0, 0, 1, 3, 0, 0, 1, 0, 0, 1, 0, 2, 0, 1, 0, 2, 1, 0, 0, 1, 1, 3, 0, 0, 3, 0, 1, 0, 0, 2, 0, 0, 0, 0, 1, 0, 0, 0, 1, 0, 2, 1, 3, 1, 0, 1, 0, 0, 0, 0],766.0703642986091,56522.79788734501,91299.3196586175,true
55,G4_BALANCED,G2_TEC,[31, 94, 82, 15, 26, 9, 95, 42, 77, 68, 47, 5, 93, 78, 86, 54, 85, 63, 18, 44, 20, 49, 36, 14, 74, 50, 53, 17, 21, 28, 11, 64, 3, 23, 30, 83, 24, 41, 40, 52, 65, 27, 90, 70, 39, 87, 48, 69, 99, 4, 75, 1, 13, 58, 97, 59, 45, 8, 73, 37, 35, 79, 71, 66, 76, 32, 60, 80, 56, 6, 84, 61, 33, 7, 57, 34, 12, 16, 10, 98, 96, 88, 43, 46, 91, 38, 67, 29, 92, 19, 51, 55, 89, 81, 25, 72, 22, 2, 62, 0]|[2, 1, 2, 1, 1, 2, 1, 1, 1, 1, 1, 0, 2, 2, 1, 2, 0, 0, 0, 2, 2, 1, 0, 2, 0, 2, 2, 1, 0, 1, 1, 1, 0, 0, 1, 0, 2, 1, 2, 2, 0, 0, 1, 1, 0, 2, 0, 2, 1, 0, 0, 2, 0, 0, 2, 0, 1, 1, 0, 0, 2, 1, 1, 2, 2, 0, 2, 2, 2, 1, 2, 1, 1, 2, 0, 1, 1, 2, 1, 2, 0, 1, 1, 0, 1, 0, 0, 1, 0, 1, 1, 0, 1, 1, 1, 1, 1, 2, 1, 0]|[0, 3, 0, 3, 4, 1, 4, 4, 2, 4, 3, 2, 1, 0, 2, 1, 1, 1, 2, 1, 1, 3, 0, 1, 0, 1, 1, 4, 1, 4, 3, 2, 2, 0, 4, 1, 1, 4, 1, 1, 2, 1, 4, 4, 1, 1, 0, 1, 3, 2, 2, 1, 2, 1, 1, 2, 4, 3, 0, 2, 2, 3, 3, 1, 1, 2, 1, 1, 1, 4, 1, 3, 4, 1, 2, 4, 3, 1, 3, 1, 2, 4, 4, 2, 3, 2, 2, 3, 2, 4, 3, 2, 4, 4, 4, 4, 3, 1, 3, 2]|[0, 2, 0, 0, 3, 0, 1, 3, 0, 0, 2, 0, 1, 0, 1, 0, 0, 0, 1, 0, 0, 2, 0, 0, 1, 0, 0, 3, 0, 1, 0, 2, 0, 0, 3, 0, 1, 1, 0, 0, 0, 0, 1, 3, 0, 0, 1, 0, 2, 0, 0, 0, 0, 0, 1, 0, 1, 0, 1, 1, 0, 2, 0, 0, 0, 0, 0, 0, 0, 2, 0, 0, 1, 0, 0, 1, 0, 0, 3, 0, 0, 1, 2, 0, 0, 0, 0, 3, 0, 1, 0, 0, 1, 2, 3, 1, 2, 0, 0, 0],882.8755314663011,49299.84965371651,106719.69020646108,true
55,G2_TEC,G2_TEC,[31, 94, 82, 15, 26, 9, 95, 42, 77, 68, 47, 5, 93, 78, 86, 54, 85, 63, 18, 44, 20, 49, 36, 14, 74, 50, 53, 17, 21, 28, 11, 64, 3, 23, 30, 83, 24, 41, 40, 52, 65, 27, 90, 70, 39, 87, 48, 69, 99, 4, 98, 1, 13, 56, 97, 59, 45, 8, 73, 37, 35, 79, 71, 66, 76, 32, 60, 80, 58, 6, 67, 61, 33, 7, 57, 34, 12, 16, 10, 22, 96, 88, 43, 81, 91, 2, 84, 29, 92, 19, 89, 55, 51, 46, 25, 75, 38, 72, 62, 0]|[2, 1, 2, 1, 1, 2, 1, 1, 1, 1, 1, 0, 2, 2, 1, 2, 0, 0, 0, 2, 2, 1, 0, 2, 0, 2, 2, 1, 0, 1, 1, 1, 0, 0, 1, 0, 2, 1, 2, 2, 0, 0, 1, 1, 0, 2, 0, 2, 1, 0, 2, 2, 0, 2, 2, 0, 1, 1, 0, 0, 2, 1, 1, 2, 2, 0, 2, 2, 2, 1, 2, 1, 1, 2, 0, 1, 1, 2, 1, 2, 0, 1, 1, 1, 1, 0, 0, 1, 0, 1, 1, 0, 1, 0, 1, 0, 0, 1, 1, 0]|[0, 3, 0, 3, 4, 1, 4, 4, 4, 4, 3, 2, 1, 0, 2, 1, 1, 1, 2, 1, 1, 3, 0, 1, 0, 1, 1, 4, 1, 4, 3, 2, 2, 0, 4, 1, 1, 4, 1, 1, 2, 1, 4, 4, 1, 1, 0, 1, 3, 2, 1, 1, 2, 1, 1, 2, 4, 3, 0, 2, 1, 3, 3, 1, 1, 2, 1, 1, 1, 4, 1, 3, 4, 1, 2, 4, 3, 1, 3, 1, 2, 4, 4, 4, 3, 2, 2, 3, 2, 4, 4, 2, 3, 2, 4, 2, 2, 4, 3, 2]|[0, 2, 0, 0, 3, 0, 1, 3, 1, 0, 2, 0, 1, 0, 1, 0, 0, 0, 1, 0, 0, 2, 0, 0, 1, 0, 0, 3, 0, 1, 0, 2, 0, 0, 3, 0, 1, 1, 0, 0, 0, 0, 1, 3, 0, 0, 1, 0, 2, 0, 0, 0, 0, 0, 1, 0, 1, 0, 1, 1, 0, 2, 0, 0, 0, 0, 0, 0, 0, 2, 0, 0, 1, 0, 0, 1, 0, 0, 3, 0, 0, 1, 2, 2, 0, 0, 0, 3, 0, 1, 1, 0, 0, 0, 3, 0, 0, 1, 0, 0],910.6016522559228,48441.78517559203,107030.90942221809,false
55,G3_TWC,G3_TWC,[31, 22, 42, 15, 26, 58, 95, 82, 77, 12, 47, 5, 93, 78, 98, 54, 85, 63, 18, 44, 20, 35, 43, 97, 91, 76, 10, 30, 21, 45, 71, 64, 1, 23, 17, 83, 24, 61, 60, 49, 6, 57, 94, 88, 65, 56, 79, 40, 67, 68, 46, 75, 0, 9, 19, 32, 81, 41, 27, 62, 87, 90, 99, 59, 53, 16, 72, 73, 70, 39, 37, 84, 3, 92, 25, 74, 28, 38, 51, 7, 11, 14, 86, 48, 89, 66, 50, 96, 33, 80, 4, 8, 34, 36, 55, 2, 13, 52, 69, 29]|[1, 1, 0, 1, 1, 1, 2, 1, 2, 1, 2, 2, 2, 1, 1, 0, 0, 1, 0, 2, 2, 0, 1, 2, 0, 1, 2, 2, 0, 0, 1, 2, 1, 0, 1, 0, 2, 0, 1, 1, 0, 1, 1, 1, 0, 2, 1, 1, 0, 0, 0, 0, 1, 1, 2, 1, 2, 0, 0, 0, 2, 1, 0, 1, 0, 1, 2, 1, 1, 1, 1, 1, 2, 0, 1, 2, 0, 0, 0, 1, 0, 1, 0, 0, 1, 0, 0, 0, 2, 0, 0, 1, 2, 0, 1, 0, 0, 1, 1, 0]|[4, 3, 2, 2, 0, 0, 2, 2, 2, 4, 1, 1, 2, 4, 4, 1, 1, 4, 2, 1, 1, 1, 1, 2, 1, 2, 1, 1, 1, 1, 3, 2, 3, 0, 4, 0, 1, 1, 0, 3, 2, 2, 4, 0, 1, 1, 3, 2, 0, 1, 2, 2, 1, 4, 0, 3, 2, 1, 1, 2, 1, 3, 1, 1, 2, 3, 0, 4, 3, 1, 4, 1, 1, 2, 4, 1, 2, 1, 1, 3, 2, 3, 1, 1, 1, 1, 1, 1, 1, 1, 2, 3, 1, 1, 4, 2, 2, 1, 3, 2]|[0, 2, 1, 1, 3, 3, 0, 1, 0, 0, 0, 0, 1, 0, 1, 0, 0, 3, 1, 0, 0, 0, 3, 1, 0, 2, 0, 0, 0, 1, 0, 0, 0, 0, 3, 0, 1, 0, 0, 2, 1, 1, 2, 0, 0, 0, 0, 1, 1, 0, 0, 0, 1, 3, 0, 0, 1, 0, 0, 1, 0, 2, 0, 1, 1, 2, 1, 0, 0, 1, 1, 3, 0, 1, 3, 0, 1, 0, 0, 2, 1, 0, 0, 0, 1, 0, 0, 0, 0, 0, 1, 2, 0, 1, 3, 0, 0, 1, 0, 0],846.5931657707905,57781.432218873764,86599.3836876579,false
55,G1_CMAX,G4_BALANCED,[31, 22, 82, 15, 26, 58, 95, 42, 77, 12, 47, 5, 93, 78, 86, 54, 85, 63, 18, 44, 20, 35, 43, 97, 66, 76, 79, 30, 21, 45, 71, 64, 1, 23, 17, 83, 24, 14, 60, 36, 6, 57, 40, 88, 65, 56, 10, 94, 67, 68, 46, 75, 38, 9, 19, 32, 41, 81, 27, 62, 87, 90, 99, 59, 11, 16, 72, 73, 69, 39, 37, 84, 3, 92, 25, 55, 29, 28, 51, 7, 33, 61, 48, 98, 89, 8, 4, 96, 53, 80, 50, 91, 34, 2, 52, 0, 49, 70, 13, 74]|[1, 1, 0, 1, 1, 0, 1, 2, 2, 1, 2, 2, 2, 1, 1, 0, 0, 1, 0, 2, 2, 0, 1, 2, 2, 1, 2, 2, 0, 0, 1, 2, 1, 2, 1, 0, 2, 0, 1, 1, 0, 1, 1, 1, 0, 2, 2, 1, 0, 0, 0, 0, 1, 1, 2, 1, 0, 2, 0, 0, 2, 1, 0, 1, 2, 1, 2, 1, 1, 1, 1, 1, 1, 0, 1, 2, 0, 0, 0, 1, 2, 1, 0, 2, 1, 1, 1, 2, 0, 0, 0, 0, 2, 0, 1, 0, 0, 1, 0, 2]|[4, 3, 2, 2, 4, 1, 2, 2, 2, 4, 1, 1, 2, 4, 4, 1, 2, 4, 2, 1, 1, 1, 1, 2, 1, 2, 1, 1, 1, 1, 3, 1, 3, 1, 4, 0, 1, 1, 0, 3, 2, 2, 2, 0, 1, 1, 1, 4, 0, 1, 2, 2, 1, 4, 0, 3, 1, 1, 1, 2, 1, 3, 1, 1, 1, 3, 0, 4, 4, 1, 4, 1, 1, 0, 4, 1, 1, 2, 1, 1, 1, 3, 1, 1, 1, 3, 4, 1, 2, 1, 1, 1, 1, 2, 1, 2, 1, 3, 2, 1]|[0, 2, 1, 1, 3, 0, 1, 0, 0, 0, 0, 0, 1, 0, 1, 0, 0, 3, 1, 0, 0, 0, 3, 1, 0, 2, 0, 0, 0, 0, 0, 0, 0, 0, 3, 0, 1, 0, 0, 2, 1, 1, 1, 0, 0, 0, 0, 2, 1, 0, 0, 0, 1, 3, 0, 0, 0, 0, 0, 1, 0, 2, 0, 1, 0, 2, 1, 0, 2, 1, 1, 3, 1, 1, 3, 0, 0, 1, 0, 2, 0, 0, 0, 0, 1, 2, 0, 0, 1, 0, 0, 0, 0, 0, 1, 0, 1, 0, 0, 0],777.436160111927,55378.96358309585,98756.68483674081,true
55,G4_BALANCED,G2_TEC,[31, 94, 82, 15, 26, 9, 95, 42, 77, 68, 47, 5, 93, 78, 86, 54, 85, 63, 18, 44, 20, 49, 36, 14, 74, 50, 53, 17, 21, 28, 11, 64, 3, 23, 30, 83, 24, 41, 40, 52, 65, 27, 90, 70, 39, 87, 48, 69, 99, 4, 75, 1, 13, 58, 97, 59, 45, 8, 73, 37, 35, 79, 71, 66, 76, 32, 60, 80, 56, 6, 84, 61, 33, 7, 57, 34, 12, 16, 10, 98, 96, 88, 43, 46, 91, 38, 67, 29, 92, 19, 51, 55, 89, 81, 25, 72, 22, 2, 62, 0]|[2, 1, 2, 1, 1, 2, 1, 1, 1, 1, 1, 0, 2, 2, 1, 2, 0, 0, 0, 2, 2, 1, 0, 2, 0, 2, 2, 1, 0, 1, 1, 1, 0, 0, 1, 0, 2, 1, 2, 2, 0, 0, 1, 1, 0, 2, 0, 2, 1, 0, 0, 2, 0, 0, 2, 0, 1, 1, 0, 0, 2, 1, 1, 2, 2, 0, 2, 2, 2, 1, 2, 1, 1, 2, 0, 1, 1, 2, 1, 2, 0, 1, 1, 0, 1, 0, 0, 1, 0, 1, 1, 0, 1, 1, 1, 1, 1, 2, 1, 0]|[0, 3, 0, 3, 4, 1, 4, 4, 2, 4, 3, 2, 1, 0, 2, 1, 1, 1, 2, 1, 1, 3, 0, 1, 0, 1, 1, 4, 1, 4, 3, 2, 2, 0, 4, 1, 1, 4, 1, 1, 2, 1, 4, 4, 1, 1, 0, 1, 3, 2, 2, 1, 2, 1, 1, 2, 4, 3, 0, 2, 2, 3, 3, 1, 1, 2, 1, 1, 1, 4, 1, 3, 4, 1, 2, 4, 3, 1, 3, 1, 2, 4, 4, 2, 3, 2, 2, 3, 2, 4, 3, 2, 4, 4, 4, 4, 3, 1, 3, 2]|[0, 2, 0, 0, 3, 0, 1, 3, 0, 0, 2, 0, 1, 0, 1, 0, 0, 0, 1, 0, 0, 2, 0, 0, 1, 0, 0, 3, 0, 1, 0, 2, 0, 0, 3, 0, 1, 1, 0, 0, 0, 0, 1, 3, 0, 0, 1, 0, 2, 0, 0, 0, 0, 0, 1, 0, 1, 0, 1, 1, 0, 2, 0, 0, 0, 0, 0, 0, 0, 2, 0, 0, 1, 0, 0, 1, 0, 0, 3, 0, 0, 1, 2, 0, 0, 0, 0, 3, 0, 1, 0, 0, 1, 2, 3, 1, 2, 0, 0, 0],882.8755314663011,49299.84965371651,106719.69020646108,true
55,G2_TEC,G2_TEC,[31, 94, 82, 15, 26, 9, 95, 42, 77, 68, 47, 5, 93, 78, 86, 54, 85, 63, 18, 44, 20, 49, 36, 14, 74, 50, 53, 17, 21, 28, 11, 64, 3, 23, 30, 83, 24, 41, 40, 52, 65, 27, 90, 70, 39, 87, 48, 69, 99, 4, 98, 1, 13, 56, 97, 59, 45, 8, 73, 37, 35, 79, 71, 66, 76, 32, 60, 80, 58, 6, 67, 61, 33, 7, 57, 34, 12, 16, 10, 22, 96, 88, 43, 81, 91, 2, 84, 29, 92, 19, 89, 55, 51, 46, 25, 75, 38, 72, 62, 0]|[2, 1, 2, 1, 1, 2, 1, 1, 1, 1, 1, 0, 2, 2, 1, 2, 0, 0, 0, 2, 2, 1, 0, 2, 0, 2, 2, 1, 0, 1, 1, 1, 0, 0, 1, 0, 2, 1, 2, 2, 0, 0, 1, 1, 0, 2, 0, 2, 1, 0, 2, 2, 0, 2, 2, 0, 1, 1, 0, 0, 2, 1, 1, 2, 2, 0, 2, 2, 2, 1, 2, 1, 1, 2, 0, 1, 1, 2, 1, 2, 0, 1, 1, 1, 1, 0, 0, 1, 0, 1, 1, 0, 1, 0, 1, 0, 0, 1, 1, 0]|[0, 3, 0, 3, 4, 1, 4, 4, 4, 4, 3, 2, 1, 0, 2, 1, 1, 1, 2, 1, 1, 3, 0, 1, 0, 1, 1, 4, 1, 4, 3, 2, 2, 0, 4, 1, 1, 4, 1, 1, 2, 1, 4, 4, 1, 1, 0, 1, 3, 2, 1, 1, 2, 1, 1, 2, 4, 3, 0, 2, 1, 3, 3, 1, 1, 2, 1, 1, 1, 4, 1, 3, 4, 1, 2, 4, 3, 1, 3, 1, 2, 4, 4, 4, 3, 2, 2, 3, 2, 4, 4, 2, 3, 2, 4, 2, 2, 4, 3, 2]|[0, 2, 0, 0, 3, 0, 1, 3, 1, 0, 2, 0, 1, 0, 1, 0, 0, 0, 1, 0, 0, 2, 0, 0, 1, 0, 0, 3, 0, 1, 0, 2, 0, 0, 3, 0, 1, 1, 0, 0, 0, 0, 1, 3, 0, 0, 1, 0, 2, 0, 0, 0, 0, 0, 1, 0, 1, 0, 1, 1, 0, 2, 0, 0, 0, 0, 0, 0, 0, 2, 0, 0, 1, 0, 0, 1, 0, 0, 3, 0, 0, 1, 2, 2, 0, 0, 0, 3, 0, 1, 1, 0, 0, 0, 3, 0, 0, 1, 0, 0],910.6016522559228,48441.78517559203,107030.90942221809,false
55,G3_TWC,G3_TWC,[31, 22, 42, 15, 26, 58, 95, 82, 77, 12, 47, 5, 93, 78, 98, 54, 85, 63, 18, 44, 20, 35, 43, 97, 91, 76, 10, 30, 21, 45, 71, 64, 1, 23, 17, 83, 24, 61, 60, 49, 6, 57, 94, 88, 65, 56, 79, 40, 67, 68, 46, 75, 0, 9, 19, 32, 81, 41, 27, 62, 87, 90, 99, 59, 53, 16, 72, 73, 70, 39, 37, 84, 3, 92, 25, 74, 28, 38, 51, 7, 11, 14, 86, 48, 89, 66, 50, 96, 33, 80, 4, 8, 34, 36, 55, 2, 13, 52, 69, 29]|[1, 1, 0, 1, 1, 1, 2, 1, 2, 1, 2, 2, 2, 1, 1, 0, 0, 1, 0, 2, 2, 0, 1, 2, 0, 1, 2, 2, 0, 0, 1, 2, 1, 0, 1, 0, 2, 0, 1, 1, 0, 1, 1, 1, 0, 2, 1, 1, 0, 0, 0, 0, 1, 1, 2, 1, 2, 0, 0, 0, 2, 1, 0, 1, 0, 1, 2, 1, 1, 1, 1, 1, 2, 0, 1, 2, 0, 0, 0, 1, 0, 1, 0, 0, 1, 0, 0, 0, 2, 0, 0, 1, 2, 0, 1, 0, 0, 1, 1, 0]|[4, 3, 2, 2, 0, 0, 2, 2, 2, 4, 1, 1, 2, 4, 4, 1, 1, 4, 2, 1, 1, 1, 1, 2, 1, 2, 1, 1, 1, 1, 3, 2, 3, 0, 4, 0, 1, 1, 0, 3, 2, 2, 4, 0, 1, 1, 3, 2, 0, 1, 2, 2, 1, 4, 0, 3, 2, 1, 1, 2, 1, 3, 1, 1, 2, 3, 0, 4, 3, 1, 4, 1, 1, 2, 4, 1, 2, 1, 1, 3, 2, 3, 1, 1, 1, 1, 1, 1, 1, 1, 2, 3, 1, 1, 4, 2, 2, 1, 3, 2]|[0, 2, 1, 1, 3, 3, 0, 1, 0, 0, 0, 0, 1, 0, 1, 0, 0, 3, 1, 0, 0, 0, 3, 1, 0, 2, 0, 0, 0, 1, 0, 0, 0, 0, 3, 0, 1, 0, 0, 2, 1, 1, 2, 0, 0, 0, 0, 1, 1, 0, 0, 0, 1, 3, 0, 0, 1, 0, 0, 1, 0, 2, 0, 1, 1, 2, 1, 0, 0, 1, 1, 3, 0, 1, 3, 0, 1, 0, 0, 2, 1, 0, 0, 0, 1, 0, 0, 0, 0, 0, 1, 2, 0, 1, 3, 0, 0, 1, 0, 0],846.5931657707905,57781.432218873764,86599.3836876579,false
55,G1_CMAX,G4_BALANCED,[31, 22, 82, 15, 26, 99, 95, 42, 77, 12, 47, 5, 93, 78, 86, 54, 21, 63, 18, 44, 20, 23, 43, 97, 91, 76, 10, 30, 85, 45, 71, 64, 1, 35, 17, 83, 24, 14, 60, 36, 6, 57, 40, 88, 65, 56, 79, 94, 67, 68, 46, 75, 38, 9, 19, 32, 41, 81, 27, 87, 90, 58, 59, 11, 16, 72, 73, 70, 39, 37, 84, 3, 92, 25, 55, 48, 62, 29, 51, 96, 33, 61, 98, 28, 89, 50, 4, 7, 53, 80, 8, 66, 34, 49, 52, 0, 74, 69, 2, 13]|[2, 1, 0, 1, 1, 0, 1, 1, 2, 1, 2, 2, 2, 1, 1, 0, 0, 1, 0, 2, 2, 0, 1, 2, 0, 1, 2, 2, 0, 0, 1, 2, 1, 2, 1, 0, 2, 0, 1, 1, 0, 1, 1, 1, 0, 2, 1, 1, 0, 0, 0, 0, 1, 1, 2, 1, 0, 2, 0, 2, 1, 0, 1, 2, 1, 2, 1, 1, 1, 1, 1, 1, 0, 1, 2, 0, 0, 0, 0, 2, 2, 1, 2, 0, 1, 0, 1, 2, 0, 0, 1, 2, 2, 0, 1, 0, 2, 1, 0, 0]|[1, 3, 2, 2, 4, 1, 2, 3, 2, 4, 1, 1, 2, 4, 4, 1, 1, 4, 2, 1, 1, 1, 1, 2, 1, 2, 1, 1, 2, 1, 3, 2, 3, 1, 4, 0, 1, 1, 0, 3, 2, 2, 2, 0, 1, 1, 0, 4, 0, 1, 2, 2, 1, 4, 0, 3, 1, 1, 1, 1, 3, 1, 1, 1, 3, 0, 4, 3, 1, 4, 1, 1, 0, 4, 1, 1, 2, 1, 1, 1, 1, 3, 1, 2, 1, 1, 4, 1, 2, 1, 3, 1, 1, 1, 1, 2, 1, 4, 2, 2]|[0, 2, 1, 1, 3, 0, 1, 3, 0, 0, 0, 0, 1, 0, 1, 0, 0, 3, 1, 0, 0, 0, 3, 1, 0, 2, 0, 0, 0, 1, 0, 0, 0, 0, 3, 0, 1, 0, 0, 2, 1, 1, 1, 0, 0, 0, 0, 2, 1, 0, 0, 0, 1, 3, 0, 0, 0, 0, 0, 0, 2, 0, 1, 0, 2, 1, 0, 0, 1, 1, 3, 1, 1, 3, 0, 0, 1, 0, 0, 0, 0, 0, 0, 1, 1, 0, 0, 0, 1, 0, 2, 0, 0, 1, 1, 0, 0, 2, 0, 0],747.0447039953423,56009.8738606192,91689.36854044648,true
55,G4_BALANCED,G4_BALANCED,[31, 11, 15, 82, 26, 9, 95, 32, 77, 68, 47, 5, 93, 78, 86, 54, 85, 63, 18, 44, 20, 49, 36, 14, 74, 50, 53, 17, 21, 45, 71, 64, 3, 23, 30, 83, 24, 41, 60, 52, 51, 27, 90, 70, 39, 87, 48, 69, 99, 4, 46, 1, 13, 58, 97, 59, 28, 8, 73, 37, 35, 79, 22, 66, 76, 42, 40, 80, 96, 6, 16, 61, 33, 7, 57, 34, 12, 67, 10, 98, 56, 88, 29, 25, 91, 38, 19, 92, 43, 84, 65, 72, 81, 75, 2, 55, 62, 89, 94, 0]|[2, 1, 1, 2, 1, 2, 1, 1, 1, 1, 1, 0, 2, 2, 1, 2, 0, 0, 0, 2, 2, 1, 0, 2, 0, 2, 2, 1, 0, 1, 1, 1, 0, 0, 1, 0, 2, 1, 2, 2, 0, 0, 1, 1, 0, 2, 0, 2, 1, 0, 0, 2, 0, 0, 2, 0, 1, 1, 0, 0, 2, 1, 1, 2, 2, 0, 2, 2, 0, 1, 2, 1, 1, 2, 0, 1, 2, 1, 1, 2, 2, 1, 1, 1, 1, 0, 1, 0, 1, 0, 1, 1, 1, 0, 2, 0, 1, 1, 2, 0]|[1, 3, 2, 0, 4, 1, 4, 4, 2, 4, 3, 2, 1, 0, 2, 1, 1, 1, 2, 1, 1, 3, 0, 1, 0, 1, 1, 4, 1, 4, 3, 2, 2, 0, 4, 1, 1, 4, 0, 1, 2, 1, 4, 4, 1, 1, 0, 2, 3, 1, 2, 1, 2, 1, 1, 2, 4, 3, 0, 2, 2, 3, 3, 0, 1, 2, 0, 1, 2, 4, 1, 3, 4, 1, 2, 4, 1, 3, 3, 1, 1, 4, 3, 4, 3, 2, 4, 2, 4, 2, 3, 4, 1, 2, 1, 2, 3, 4, 1, 2]|[1, 2, 1, 0, 3, 0, 1, 3, 0, 0, 2, 0, 1, 0, 1, 0, 0, 0, 1, 0, 0, 2, 0, 0, 1, 0, 0, 3, 0, 1, 0, 2, 0, 1, 3, 0, 1, 3, 1, 0, 0, 0, 1, 3, 0, 0, 1, 0, 2, 0, 0, 0, 0, 0, 1, 0, 1, 0, 1, 1, 0, 2, 2, 0, 0, 0, 1, 0, 0, 2, 0, 0, 1, 0, 0, 1, 0, 0, 3, 0, 0, 1, 0, 3, 0, 0, 1, 0, 2, 0, 0, 2, 1, 0, 0, 0, 0, 1, 0, 0],850.9632869082183,52431.02217786142,105346.60403335126,false
55,G2_TEC,G2_TEC,[31, 94, 82, 15, 26, 9, 95, 42, 77, 68, 47, 5, 93, 78, 86, 54, 85, 63, 18, 44, 20, 49, 36, 14, 74, 50, 53, 17, 21, 28, 11, 64, 3, 23, 30, 83, 24, 41, 40, 52, 65, 27, 90, 70, 39, 87, 48, 69, 99, 4, 98, 1, 13, 56, 97, 59, 45, 8, 73, 37, 35, 79, 71, 66, 76, 32, 60, 80, 58, 6, 67, 61, 33, 7, 57, 34, 12, 16, 10, 22, 96, 88, 43, 81, 91, 2, 84, 29, 92, 19, 89, 55, 51, 46, 25, 75, 38, 72, 62, 0]|[2, 1, 2, 1, 1, 2, 1, 1, 1, 1, 1, 0, 2, 2, 1, 2, 0, 0, 0, 2, 2, 1, 0, 2, 0, 2, 2, 1, 0, 1, 1, 1, 0, 0, 1, 0, 2, 1, 2, 2, 0, 0, 1, 1, 0, 2, 0, 2, 1, 0, 2, 2, 0, 2, 2, 0, 1, 1, 0, 0, 2, 1, 1, 2, 2, 0, 2, 2, 2, 1, 2, 1, 1, 2, 0, 1, 1, 2, 1, 2, 0, 1, 1, 1, 1, 0, 0, 1, 0, 1, 1, 0, 1, 0, 1, 0, 0, 1, 1, 0]|[0, 3, 0, 3, 4, 1, 4, 4, 4, 4, 3, 2, 1, 0, 2, 1, 1, 1, 2, 1, 1, 3, 0, 1, 0, 1, 1, 4, 1, 4, 3, 2, 2, 0, 4, 1, 1, 4, 1, 1, 2, 1, 4, 4, 1, 1, 0, 1, 3, 2, 1, 1, 2, 1, 1, 2, 4, 3, 0, 2, 1, 3, 3, 1, 1, 2, 1, 1, 1, 4, 1, 3, 4, 1, 2, 4, 3, 1, 3, 1, 2, 4, 4, 4, 3, 2, 2, 3, 2, 4, 4, 2, 3, 2, 4, 2, 2, 4, 3, 2]|[0, 2, 0, 0, 3, 0, 1, 3, 1, 0, 2, 0, 1, 0, 1, 0, 0, 0, 1, 0, 0, 2, 0, 0, 1, 0, 0, 3, 0, 1, 0, 2, 0, 0, 3, 0, 1, 1, 0, 0, 0, 0, 1, 3, 0, 0, 1, 0, 2, 0, 0, 0, 0, 0, 1, 0, 1, 0, 1, 1, 0, 2, 0, 0, 0, 0, 0, 0, 0, 2, 0, 0, 1, 0, 0, 1, 0, 0, 3, 0, 0, 1, 2, 2, 0, 0, 0, 3, 0, 1, 1, 0, 0, 0, 3, 0, 0, 1, 0, 0],910.6016522559228,48441.78517559203,107030.90942221809,false
55,G3_TWC,G3_TWC,[31, 22, 42, 15, 26, 58, 95, 82, 77, 12, 47, 5, 93, 78, 98, 54, 85, 63, 18, 44, 20, 35, 43, 97, 91, 76, 10, 30, 21, 45, 71, 64, 1, 23, 17, 83, 24, 61, 60, 49, 6, 57, 94, 88, 65, 56, 79, 40, 67, 68, 46, 75, 0, 9, 19, 32, 81, 41, 27, 62, 87, 90, 99, 59, 53, 16, 72, 73, 70, 39, 37, 84, 3, 92, 25, 74, 28, 38, 51, 7, 11, 14, 86, 48, 89, 66, 50, 96, 33, 80, 4, 8, 34, 36, 55, 2, 13, 52, 69, 29]|[1, 1, 0, 1, 1, 1, 2, 1, 2, 1, 2, 2, 2, 1, 1, 0, 0, 1, 0, 2, 2, 0, 1, 2, 0, 1, 2, 2, 0, 0, 1, 2, 1, 0, 1, 0, 2, 0, 1, 1, 0, 1, 1, 1, 0, 2, 1, 1, 0, 0, 0, 0, 1, 1, 2, 1, 2, 0, 0, 0, 2, 1, 0, 1, 0, 1, 2, 1, 1, 1, 1, 1, 2, 0, 1, 2, 0, 0, 0, 1, 0, 1, 0, 0, 1, 0, 0, 0, 2, 0, 0, 1, 2, 0, 1, 0, 0, 1, 1, 0]|[4, 3, 2, 2, 0, 0, 2, 2, 2, 4, 1, 1, 2, 4, 4, 1, 1, 4, 2, 1, 1, 1, 1, 2, 1, 2, 1, 1, 1, 1, 3, 2, 3, 0, 4, 0, 1, 1, 0, 3, 2, 2, 4, 0, 1, 1, 3, 2, 0, 1, 2, 2, 1, 4, 0, 3, 2, 1, 1, 2, 1, 3, 1, 1, 2, 3, 0, 4, 3, 1, 4, 1, 1, 2, 4, 1, 2, 1, 1, 3, 2, 3, 1, 1, 1, 1, 1, 1, 1, 1, 2, 3, 1, 1, 4, 2, 2, 1, 3, 2]|[0, 2, 1, 1, 3, 3, 0, 1, 0, 0, 0, 0, 1, 0, 1, 0, 0, 3, 1, 0, 0, 0, 3, 1, 0, 2, 0, 0, 0, 1, 0, 0, 0, 0, 3, 0, 1, 0, 0, 2, 1, 1, 2, 0, 0, 0, 0, 1, 1, 0, 0, 0, 1, 3, 0, 0, 1, 0, 0, 1, 0, 2, 0, 1, 1, 2, 1, 0, 0, 1, 1, 3, 0, 1, 3, 0, 1, 0, 0, 2, 1, 0, 0, 0, 1, 0, 0, 0, 0, 0, 1, 2, 0, 1, 3, 0, 0, 1, 0, 0],846.5931657707905,57781.432218873764,86599.3836876579,false
55,G1_CMAX,G4_BALANCED,[31, 22, 82, 15, 26, 9, 42, 95, 77, 12, 47, 5, 93, 78, 86, 54, 85, 63, 18, 44, 20, 35, 43, 97, 91, 76, 10, 30, 21, 45, 71, 64, 1, 23, 17, 83, 24, 14, 60, 36, 6, 57, 94, 88, 65, 56, 79, 40, 67, 68, 46, 75, 38, 58, 19, 32, 41, 81, 27, 62, 87, 90, 99, 11, 16, 72, 73, 70, 39, 37, 84, 3, 92, 25, 55, 59, 28, 29, 51, 7, 33, 61, 98, 48, 89, 50, 4, 34, 53, 80, 8, 66, 96, 49, 52, 0, 74, 69, 2, 13]|[1, 1, 0, 1, 1, 0, 1, 2, 2, 1, 2, 2, 2, 1, 1, 0, 0, 1, 0, 2, 2, 0, 1, 2, 0, 1, 2, 2, 0, 0, 1, 2, 1, 2, 1, 0, 2, 0, 1, 1, 0, 1, 1, 1, 0, 2, 2, 1, 0, 0, 0, 0, 1, 1, 2, 1, 0, 2, 0, 0, 2, 1, 1, 2, 1, 2, 1, 1, 1, 1, 1, 1, 0, 1, 2, 0, 0, 0, 0, 1, 2, 1, 2, 0, 1, 0, 1, 2, 0, 0, 0, 2, 2, 0, 1, 0, 2, 1, 0, 0]|[4, 3, 2, 2, 4, 1, 2, 2, 2, 4, 1, 1, 2, 4, 4, 1, 1, 4, 2, 1, 1, 1, 1, 2, 1, 2, 1, 1, 2, 1, 3, 2, 3, 1, 4, 0, 1, 1, 0, 3, 2, 2, 2, 0, 1, 1, 1, 4, 0, 1, 2, 2, 1, 4, 0, 3, 1, 1, 1, 2, 1, 3, 1, 1, 3, 0, 4, 3, 1, 4, 1, 1, 2, 4, 1, 2, 2, 1, 1, 3, 1, 3, 1, 1, 1, 1, 4, 1, 2, 1, 1, 1, 1, 1, 1, 2, 1, 4, 2, 2]|[0, 2, 1, 1, 3, 0, 1, 0, 0, 0, 0, 0, 1, 0, 1, 0, 0, 3, 1, 0, 0, 0, 3, 1, 0, 2, 0, 0, 0, 1, 0, 0, 0, 0, 3, 0, 1, 0, 0, 2, 1, 1, 1, 0, 0, 0, 0, 2, 1, 0, 0, 0, 1, 3, 0, 0, 0, 0, 0, 1, 0, 2, 1, 0, 2, 1, 0, 0, 1, 1, 3, 1, 0, 3, 0, 1, 1, 0, 0, 2, 0, 0, 0, 0, 1, 0, 0, 0, 1, 0, 0, 0, 0, 1, 1, 0, 0, 2, 0, 0],784.3406839325794,55395.73375701614,93775.6464611301,true
55,G4_BALANCED,G4_BALANCED,[31, 11, 15, 82, 26, 9, 95, 32, 77, 68, 47, 5, 93, 78, 86, 54, 85, 63, 18, 44, 20, 49, 36, 14, 74, 50, 53, 17, 21, 45, 71, 64, 3, 23, 30, 83, 24, 41, 60, 52, 51, 27, 90, 70, 39, 87, 48, 69, 99, 4, 46, 1, 13, 58, 97, 59, 28, 8, 73, 37, 35, 79, 22, 66, 76, 42, 40, 80, 96, 6, 16, 61, 33, 7, 57, 34, 12, 67, 10, 98, 56, 88, 29, 25, 91, 38, 19, 92, 43, 84, 65, 72, 81, 75, 2, 55, 62, 89, 94, 0]|[2, 1, 1, 2, 1, 2, 1, 1, 1, 1, 1, 0, 2, 2, 1, 2, 0, 0, 0, 2, 2, 1, 0, 2, 0, 2, 2, 1, 0, 1, 1, 1, 0, 0, 1, 0, 2, 1, 2, 2, 0, 0, 1, 1, 0, 2, 0, 2, 1, 0, 0, 2, 0, 0, 2, 0, 1, 1, 0, 0, 2, 1, 1, 2, 2, 0, 2, 2, 0, 1, 2, 1, 1, 2, 0, 1, 2, 1, 1, 2, 2, 1, 1, 1, 1, 0, 1, 0, 1, 0, 1, 1, 1, 0, 2, 0, 1, 1, 2, 0]|[1, 3, 2, 0, 4, 1, 4, 4, 2, 4, 3, 2, 1, 0, 2, 1, 1, 1, 2, 1, 1, 3, 0, 1, 0, 1, 1, 4, 1, 4, 3, 2, 2, 0, 4, 1, 1, 4, 0, 1, 2, 1, 4, 4, 1, 1, 0, 2, 3, 1, 2, 1, 2, 1, 1, 2, 4, 3, 0, 2, 2, 3, 3, 0, 1, 2, 0, 1, 2, 4, 1, 3, 4, 1, 2, 4, 1, 3, 3, 1, 1, 4, 3, 4, 3, 2, 4, 2, 4, 2, 3, 4, 1, 2, 1, 2, 3, 4, 1, 2]|[1, 2, 1, 0, 3, 0, 1, 3, 0, 0, 2, 0, 1, 0, 1, 0, 0, 0, 1, 0, 0, 2, 0, 0, 1, 0, 0, 3, 0, 1, 0, 2, 0, 1, 3, 0, 1, 3, 1, 0, 0, 0, 1, 3, 0, 0, 1, 0, 2, 0, 0, 0, 0, 0, 1, 0, 1, 0, 1, 1, 0, 2, 2, 0, 0, 0, 1, 0, 0, 2, 0, 0, 1, 0, 0, 1, 0, 0, 3, 0, 0, 1, 0, 3, 0, 0, 1, 0, 2, 0, 0, 2, 1, 0, 0, 0, 0, 1, 0, 0],850.9632869082183,52431.02217786142,105346.60403335126,false
55,G2_TEC,G2_TEC,[31, 94, 82, 15, 26, 9, 95, 42, 77, 68, 47, 5, 93, 78, 86, 54, 85, 63, 18, 44, 20, 49, 36, 14, 74, 50, 53, 17, 21, 28, 11, 64, 3, 23, 30, 83, 24, 41, 40, 52, 65, 27, 90, 70, 39, 87, 48, 69, 99, 4, 98, 1, 13, 56, 97, 59, 45, 8, 73, 37, 35, 79, 71, 66, 76, 32, 60, 80, 58, 6, 67, 61, 33, 7, 57, 34, 12, 16, 10, 22, 96, 88, 43, 81, 91, 2, 84, 29, 92, 19, 89, 55, 51, 46, 25, 75, 38, 72, 62, 0]|[2, 1, 2, 1, 1, 2, 1, 1, 1, 1, 1, 0, 2, 2, 1, 2, 0, 0, 0, 2, 2, 1, 0, 2, 0, 2, 2, 1, 0, 1, 1, 1, 0, 0, 1, 0, 2, 1, 2, 2, 0, 0, 1, 1, 0, 2, 0, 2, 1, 0, 2, 2, 0, 2, 2, 0, 1, 1, 0, 0, 2, 1, 1, 2, 2, 0, 2, 2, 2, 1, 2, 1, 1, 2, 0, 1, 1, 2, 1, 2, 0, 1, 1, 1, 1, 0, 0, 1, 0, 1, 1, 0, 1, 0, 1, 0, 0, 1, 1, 0]|[0, 3, 0, 3, 4, 1, 4, 4, 4, 4, 3, 2, 1, 0, 2, 1, 1, 1, 2, 1, 1, 3, 0, 1, 0, 1, 1, 4, 1, 4, 3, 2, 2, 0, 4, 1, 1, 4, 1, 1, 2, 1, 4, 4, 1, 1, 0, 1, 3, 2, 1, 1, 2, 1, 1, 2, 4, 3, 0, 2, 1, 3, 3, 1, 1, 2, 1, 1, 1, 4, 1, 3, 4, 1, 2, 4, 3, 1, 3, 1, 2, 4, 4, 4, 3, 2, 2, 3, 2, 4, 4, 2, 3, 2, 4, 2, 2, 4, 3, 2]|[0, 2, 0, 0, 3, 0, 1, 3, 1, 0, 2, 0, 1, 0, 1, 0, 0, 0, 1, 0, 0, 2, 0, 0, 1, 0, 0, 3, 0, 1, 0, 2, 0, 0, 3, 0, 1, 1, 0, 0, 0, 0, 1, 3, 0, 0, 1, 0, 2, 0, 0, 0, 0, 0, 1, 0, 1, 0, 1, 1, 0, 2, 0, 0, 0, 0, 0, 0, 0, 2, 0, 0, 1, 0, 0, 1, 0, 0, 3, 0, 0, 1, 2, 2, 0, 0, 0, 3, 0, 1, 1, 0, 0, 0, 3, 0, 0, 1, 0, 0],910.6016522559228,48441.78517559203,107030.90942221809,false
55,G3_TWC,G3_TWC,[31, 22, 42, 15, 26, 58, 95, 82, 77, 12, 47, 5, 93, 78, 98, 54, 85, 63, 18, 44, 20, 35, 43, 97, 91, 76, 10, 30, 21, 45, 71, 64, 1, 23, 17, 83, 24, 61, 60, 49, 6, 57, 94, 88, 65, 56, 79, 40, 67, 68, 46, 75, 0, 9, 19, 32, 81, 41, 27, 62, 87, 90, 99, 59, 53, 16, 72, 73, 70, 39, 37, 84, 3, 92, 25, 74, 28, 38, 51, 7, 11, 14, 86, 48, 89, 66, 50, 96, 33, 80, 4, 8, 34, 36, 55, 2, 13, 52, 69, 29]|[1, 1, 0, 1, 1, 1, 2, 1, 2, 1, 2, 2, 2, 1, 1, 0, 0, 1, 0, 2, 2, 0, 1, 2, 0, 1, 2, 2, 0, 0, 1, 2, 1, 0, 1, 0, 2, 0, 1, 1, 0, 1, 1, 1, 0, 2, 1, 1, 0, 0, 0, 0, 1, 1, 2, 1, 2, 0, 0, 0, 2, 1, 0, 1, 0, 1, 2, 1, 1, 1, 1, 1, 2, 0, 1, 2, 0, 0, 0, 1, 0, 1, 0, 0, 1, 0, 0, 0, 2, 0, 0, 1, 2, 0, 1, 0, 0, 1, 1, 0]|[4, 3, 2, 2, 0, 0, 2, 2, 2, 4, 1, 1, 2, 4, 4, 1, 1, 4, 2, 1, 1, 1, 1, 2, 1, 2, 1, 1, 1, 1, 3, 2, 3, 0, 4, 0, 1, 1, 0, 3, 2, 2, 4, 0, 1, 1, 3, 2, 0, 1, 2, 2, 1, 4, 0, 3, 2, 1, 1, 2, 1, 3, 1, 1, 2, 3, 0, 4, 3, 1, 4, 1, 1, 2, 4, 1, 2, 1, 1, 3, 2, 3, 1, 1, 1, 1, 1, 1, 1, 1, 2, 3, 1, 1, 4, 2, 2, 1, 3, 2]|[0, 2, 1, 1, 3, 3, 0, 1, 0, 0, 0, 0, 1, 0, 1, 0, 0, 3, 1, 0, 0, 0, 3, 1, 0, 2, 0, 0, 0, 1, 0, 0, 0, 0, 3, 0, 1, 0, 0, 2, 1, 1, 2, 0, 0, 0, 0, 1, 1, 0, 0, 0, 1, 3, 0, 0, 1, 0, 0, 1, 0, 2, 0, 1, 1, 2, 1, 0, 0, 1, 1, 3, 0, 1, 3, 0, 1, 0, 0, 2, 1, 0, 0, 0, 1, 0, 0, 0, 0, 0, 1, 2, 0, 1, 3, 0, 0, 1, 0, 0],846.5931657707905,57781.432218873764,86599.3836876579,false
55,G1_CMAX,G1_CMAX,[31, 22, 82, 15, 26, 99, 95, 42, 77, 12, 47, 5, 93, 78, 86, 54, 21, 63, 18, 44, 20, 35, 43, 97, 91, 76, 10, 30, 85, 45, 71, 64, 1, 23, 57, 83, 24, 14, 60, 36, 6, 17, 40, 88, 65, 56, 79, 94, 67, 68, 46, 75, 38, 9, 19, 32, 41, 81, 27, 87, 90, 58, 59, 11, 16, 72, 73, 70, 39, 37, 84, 3, 92, 25, 55, 48, 62, 29, 51, 96, 33, 61, 98, 66, 89, 50, 4, 7, 53, 80, 8, 28, 34, 49, 52, 0, 74, 69, 2, 13]|[1, 1, 0, 1, 1, 0, 1, 1, 2, 1, 2, 2, 2, 1, 1, 0, 0, 1, 0, 2, 2, 0, 1, 2, 0, 1, 2, 2, 0, 0, 1, 2, 1, 2, 1, 0, 2, 0, 1, 1, 0, 1, 1, 1, 0, 2, 1, 1, 0, 0, 0, 0, 1, 1, 2, 1, 0, 2, 0, 2, 1, 0, 1, 2, 1, 2, 1, 1, 1, 1, 1, 1, 0, 1, 2, 0, 0, 0, 2, 2, 2, 1, 2, 2, 1, 0, 1, 2, 0, 0, 1, 0, 2, 0, 1, 0, 2, 1, 0, 0]|[0, 3, 2, 2, 4, 1, 2, 3, 2, 4, 1, 1, 2, 4, 4, 1, 1, 4, 2, 1, 1, 1, 1, 2, 1, 2, 1, 1, 2, 1, 3, 2, 3, 1, 4, 0, 1, 1, 0, 3, 2, 2, 2, 0, 1, 1, 0, 4, 0, 1, 2, 2, 1, 4, 0, 3, 1, 1, 1, 1, 3, 1, 1, 1, 3, 0, 4, 3, 1, 4, 1, 1, 2, 4, 1, 1, 2, 1, 2, 1, 1, 3, 1, 1, 1, 1, 4, 1, 2, 1, 3, 2, 1, 1, 1, 2, 1, 4, 2, 2]|[0, 2, 1, 1, 3, 0, 1, 3, 0, 0, 0, 0, 1, 0, 1, 0, 0, 3, 1, 0, 0, 0, 3, 1, 0, 2, 0, 0, 0, 1, 0, 0, 0, 0, 3, 0, 1, 0, 0, 2, 1, 1, 1, 0, 0, 0, 0, 2, 1, 0, 0, 0, 1, 3, 0, 0, 0, 0, 0, 0, 2, 0, 1, 0, 2, 1, 0, 0, 1, 1, 3, 1, 1, 3, 0, 0, 1, 0, 1, 0, 0, 0, 0, 0, 1, 0, 0, 0, 1, 0, 2, 1, 0, 1, 1, 0, 0, 2, 0, 0],726.9061273463456,57092.60052686413,92996.29751897219,false
55,G4_BALANCED,G3_TWC,[31, 22, 42, 15, 26, 58, 95, 82, 77, 12, 47, 5, 93, 78, 98, 54, 85, 63, 18, 44, 20, 35, 43, 97, 91, 76, 10, 30, 21, 45, 71, 64, 1, 23, 17, 83, 24, 14, 60, 36, 6, 57, 94, 88, 65, 56, 79, 40, 67, 68, 46, 75, 38, 9, 19, 32, 81, 41, 27, 62, 87, 90, 99, 59, 53, 16, 72, 73, 70, 39, 37, 84, 3, 92, 25, 55, 28, 29, 51, 7, 33, 61, 86, 48, 89, 50, 66, 96, 8, 80, 4, 11, 34, 49, 52, 0, 13, 2, 69, 74]|[1, 1, 0, 1, 1, 1, 2, 1, 2, 1, 2, 2, 2, 1, 1, 0, 0, 1, 0, 2, 2, 0, 1, 2, 0, 1, 2, 2, 0, 0, 1, 2, 1, 2, 1, 0, 2, 0, 1, 1, 0, 1, 1, 1, 0, 2, 1, 1, 0, 0, 0, 0, 1, 1, 2, 1, 2, 2, 0, 0, 2, 1, 0, 1, 0, 1, 2, 1, 1, 1, 1, 1, 2, 0, 1, 1, 0, 0, 0, 1, 2, 1, 0, 0, 1, 0, 2, 2, 1, 0, 1, 2, 2, 0, 1, 0, 0, 0, 1, 2]|[4, 3, 2, 2, 0, 0, 2, 2, 2, 4, 1, 1, 2, 4, 4, 1, 1, 4, 2, 1, 1, 1, 1, 2, 1, 2, 1, 1, 1, 1, 3, 2, 3, 0, 4, 0, 1, 1, 0, 3, 2, 2, 4, 0, 1, 1, 0, 2, 0, 1, 2, 2, 1, 4, 0, 3, 2, 1, 1, 2, 1, 3, 1, 1, 2, 3, 0, 4, 3, 1, 4, 1, 1, 2, 4, 4, 2, 1, 1, 3, 1, 3, 1, 1, 1, 1, 1, 1, 3, 1, 4, 1, 1, 1, 1, 2, 2, 2, 3, 1]|[0, 2, 1, 1, 3, 3, 0, 1, 0, 0, 0, 0, 1, 0, 1, 0, 0, 3, 1, 0, 0, 0, 3, 1, 0, 2, 0, 0, 0, 1, 0, 0, 0, 0, 3, 0, 1, 0, 0, 2, 1, 1, 2, 0, 0, 0, 0, 1, 1, 0, 0, 0, 1, 3, 0, 0, 1, 0, 0, 1, 0, 2, 0, 1, 1, 2, 1, 0, 0, 1, 1, 3, 0, 1, 3, 3, 1, 0, 0, 2, 0, 0, 0, 0, 1, 0, 0, 0, 2, 0, 0, 0, 0, 1, 1, 0, 0, 0, 0, 0],726.5166666990641,57135.20388380303,91654.14664699574,true
55,G2_TEC,G2_TEC,[31, 94, 82, 15, 26, 9, 95, 42, 77, 68, 47, 5, 93, 78, 86, 54, 85, 63, 18, 44, 20, 49, 36, 14, 74, 50, 53, 17, 21, 28, 11, 64, 3, 23, 30, 83, 24, 41, 40, 52, 65, 27, 90, 70, 39, 87, 48, 69, 99, 4, 98, 1, 13, 56, 97, 59, 45, 8, 73, 37, 35, 79, 71, 66, 76, 32, 60, 80, 58, 6, 67, 61, 33, 7, 57, 34, 12, 16, 10, 22, 96, 88, 43, 81, 91, 2, 84, 29, 92, 19, 89, 55, 51, 46, 25, 75, 38, 72, 62, 0]|[2, 1, 2, 1, 1, 2, 1, 1, 1, 1, 1, 0, 2, 2, 1, 2, 0, 0, 0, 2, 2, 1, 0, 2, 0, 2, 2, 1, 0, 1, 1, 1, 0, 0, 1, 0, 2, 1, 2, 2, 0, 0, 1, 1, 0, 2, 0, 2, 1, 0, 2, 2, 0, 2, 2, 0, 1, 1, 0, 0, 2, 1, 1, 2, 2, 0, 2, 2, 2, 1, 2, 1, 1, 2, 0, 1, 1, 2, 1, 2, 0, 1, 1, 1, 1, 0, 0, 1, 0, 1, 1, 0, 1, 0, 1, 0, 0, 1, 1, 0]|[0, 3, 0, 3, 4, 1, 4, 4, 4, 4, 3, 2, 1, 0, 2, 1, 1, 1, 2, 1, 1, 3, 0, 1, 0, 1, 1, 4, 1, 4, 3, 2, 2, 0, 4, 1, 1, 4, 1, 1, 2, 1, 4, 4, 1, 1, 0, 1, 3, 2, 1, 1, 2, 1, 1, 2, 4, 3, 0, 2, 1, 3, 3, 1, 1, 2, 1, 1, 1, 4, 1, 3, 4, 1, 2, 4, 3, 1, 3, 1, 2, 4, 4, 4, 3, 2, 2, 3, 2, 4, 4, 2, 3, 2, 4, 2, 2, 4, 3, 2]|[0, 2, 0, 0, 3, 0, 1, 3, 1, 0, 2, 0, 1, 0, 1, 0, 0, 0, 1, 0, 0, 2, 0, 0, 1, 0, 0, 3, 0, 1, 0, 2, 0, 0, 3, 0, 1, 1, 0, 0, 0, 0, 1, 3, 0, 0, 1, 0, 2, 0, 0, 0, 0, 0, 1, 0, 1, 0, 1, 1, 0, 2, 0, 0, 0, 0, 0, 0, 0, 2, 0, 0, 1, 0, 0, 1, 0, 0, 3, 0, 0, 1, 2, 2, 0, 0, 0, 3, 0, 1, 1, 0, 0, 0, 3, 0, 0, 1, 0, 0],910.6016522559228,48441.78517559203,107030.90942221809,false
55,G3_TWC,G3_TWC,[31, 22, 42, 15, 26, 58, 95, 82, 77, 12, 47, 5, 93, 78, 98, 54, 85, 63, 18, 44, 20, 35, 43, 97, 91, 76, 10, 30, 21, 45, 71, 64, 1, 23, 17, 83, 24, 61, 60, 49, 6, 57, 94, 88, 65, 56, 79, 40, 67, 68, 46, 75, 0, 9, 19, 32, 81, 41, 27, 62, 87, 90, 99, 59, 53, 16, 72, 73, 70, 39, 37, 84, 3, 92, 25, 74, 28, 38, 51, 7, 11, 14, 86, 48, 89, 66, 50, 96, 33, 80, 4, 8, 34, 36, 55, 2, 13, 52, 69, 29]|[1, 1, 0, 1, 1, 1, 2, 1, 2, 1, 2, 2, 2, 1, 1, 0, 0, 1, 0, 2, 2, 0, 1, 2, 0, 1, 2, 2, 0, 0, 1, 2, 1, 0, 1, 0, 2, 0, 1, 1, 0, 1, 1, 1, 0, 2, 1, 1, 0, 0, 0, 0, 1, 1, 2, 1, 2, 0, 0, 0, 2, 1, 0, 1, 0, 1, 2, 1, 1, 1, 1, 1, 2, 0, 1, 2, 0, 0, 0, 1, 0, 1, 0, 0, 1, 0, 0, 0, 2, 0, 0, 1, 2, 0, 1, 0, 0, 1, 1, 0]|[4, 3, 2, 2, 0, 0, 2, 2, 2, 4, 1, 1, 2, 4, 4, 1, 1, 4, 2, 1, 1, 1, 1, 2, 1, 2, 1, 1, 1, 1, 3, 2, 3, 0, 4, 0, 1, 1, 0, 3, 2, 2, 4, 0, 1, 1, 3, 2, 0, 1, 2, 2, 1, 4, 0, 3, 2, 1, 1, 2, 1, 3, 1, 1, 2, 3, 0, 4, 3, 1, 4, 1, 1, 2, 4, 1, 2, 1, 1, 3, 2, 3, 1, 1, 1, 1, 1, 1, 1, 1, 2, 3, 1, 1, 4, 2, 2, 1, 3, 2]|[0, 2, 1, 1, 3, 3, 0, 1, 0, 0, 0, 0, 1, 0, 1, 0, 0, 3, 1, 0, 0, 0, 3, 1, 0, 2, 0, 0, 0, 1, 0, 0, 0, 0, 3, 0, 1, 0, 0, 2, 1, 1, 2, 0, 0, 0, 0, 1, 1, 0, 0, 0, 1, 3, 0, 0, 1, 0, 0, 1, 0, 2, 0, 1, 1, 2, 1, 0, 0, 1, 1, 3, 0, 1, 3, 0, 1, 0, 0, 2, 1, 0, 0, 0, 1, 0, 0, 0, 0, 0, 1, 2, 0, 1, 3, 0, 0, 1, 0, 0],846.5931657707905,57781.432218873764,86599.3836876579,false
55,G1_CMAX,G4_BALANCED,[31, 22, 42, 15, 26, 58, 95, 82, 77, 12, 47, 5, 93, 78, 98, 54, 85, 63, 18, 44, 20, 35, 43, 97, 91, 76, 10, 30, 21, 45, 71, 64, 1, 23, 17, 83, 24, 61, 60, 36, 6, 57, 94, 88, 65, 56, 79, 40, 67, 68, 46, 75, 38, 9, 19, 32, 81, 41, 27, 62, 87, 90, 99, 59, 11, 16, 72, 73, 70, 39, 37, 84, 3, 92, 25, 74, 28, 29, 51, 7, 53, 14, 86, 48, 89, 66, 50, 96, 33, 80, 4, 2, 55, 49, 0, 52, 13, 8, 69, 34]|[1, 1, 0, 1, 1, 1, 2, 1, 2, 1, 2, 2, 2, 1, 1, 0, 0, 1, 0, 2, 2, 0, 1, 2, 0, 1, 2, 2, 0, 0, 1, 2, 1, 0, 1, 0, 2, 0, 1, 1, 0, 1, 1, 1, 0, 2, 1, 1, 0, 0, 0, 0, 1, 1, 2, 1, 2, 0, 0, 0, 2, 1, 0, 1, 2, 1, 2, 1, 1, 1, 1, 1, 2, 0, 1, 2, 0, 0, 0, 1, 0, 1, 0, 0, 1, 2, 0, 0, 2, 0, 0, 0, 2, 0, 0, 1, 0, 1, 1, 2]|[4, 3, 2, 2, 0, 0, 2, 2, 2, 4, 1, 1, 2, 4, 4, 1, 1, 4, 2, 1, 1, 1, 1, 2, 1, 2, 1, 1, 1, 1, 3, 2, 3, 0, 4, 0, 1, 1, 0, 3, 2, 2, 4, 0, 1, 1, 3, 2, 0, 1, 2, 2, 1, 4, 0, 3, 2, 1, 1, 2, 1, 3, 1, 1, 1, 3, 0, 4, 3, 1, 4, 1, 1, 2, 4, 1, 2, 1, 1, 3, 2, 3, 1, 1, 1, 1, 1, 1, 1, 1, 2, 2, 1, 1, 2, 1, 2, 3, 3, 1]|[0, 2, 1, 1, 3, 3, 0, 1, 0, 0, 0, 0, 1, 0, 1, 0, 0, 3, 1, 0, 0, 0, 3, 1, 0, 2, 0, 0, 0, 1, 0, 0, 0, 0, 3, 0, 1, 0, 0, 2, 1, 1, 2, 0, 0, 0, 0, 1, 1, 0, 0, 0, 1, 3, 0, 0, 1, 0, 0, 1, 0, 2, 0, 1, 0, 2, 1, 0, 0, 1, 1, 3, 0, 1, 3, 0, 1, 0, 0, 2, 1, 0, 0, 0, 1, 0, 0, 0, 0, 0, 1, 0, 0, 1, 0, 1, 0, 2, 0, 0],820.241341245642,57293.50693193117,87700.24580016639,true
55,G4_BALANCED,G1_CMAX,[31, 22, 42, 15, 26, 58, 95, 82, 77, 12, 47, 5, 93, 78, 98, 54, 85, 63, 18, 44, 20, 35, 43, 97, 91, 76, 10, 30, 21, 45, 71, 64, 1, 23, 17, 83, 24, 61, 60, 36, 6, 57, 94, 88, 65, 56, 79, 40, 67, 68, 46, 75, 38, 9, 19, 32, 81, 41, 27, 62, 87, 90, 99, 59, 11, 16, 72, 73, 70, 39, 37, 84, 3, 96, 25, 74, 28, 29, 51, 7, 53, 14, 86, 48, 89, 50, 66, 92, 33, 80, 4, 2, 0, 49, 55, 52, 13, 8, 69, 34]|[1, 1, 0, 1, 1, 1, 2, 1, 2, 1, 2, 2, 2, 1, 1, 0, 0, 1, 0, 2, 2, 0, 1, 2, 0, 1, 2, 2, 0, 0, 1, 2, 1, 2, 1, 0, 2, 1, 1, 1, 0, 1, 1, 2, 0, 2, 1, 1, 0, 0, 0, 0, 1, 1, 2, 1, 2, 0, 0, 0, 2, 1, 0, 1, 2, 1, 2, 1, 1, 1, 1, 1, 2, 2, 1, 2, 0, 0, 0, 1, 2, 1, 0, 0, 1, 0, 2, 0, 2, 0, 0, 0, 0, 0, 1, 1, 0, 1, 1, 2]|[4, 3, 2, 2, 0, 0, 2, 2, 2, 4, 1, 1, 2, 4, 4, 1, 1, 4, 2, 1, 1, 1, 1, 2, 1, 2, 1, 1, 1, 1, 3, 2, 3, 0, 4, 0, 1, 3, 0, 3, 2, 2, 4, 1, 1, 1, 3, 2, 0, 1, 2, 2, 1, 4, 0, 3, 2, 1, 1, 2, 1, 3, 1, 1, 1, 3, 0, 4, 3, 1, 4, 1, 1, 1, 4, 1, 2, 1, 1, 3, 1, 3, 1, 1, 1, 1, 1, 2, 1, 1, 2, 2, 2, 1, 4, 1, 2, 3, 4, 1]|[0, 2, 1, 1, 3, 3, 0, 1, 0, 0, 0, 0, 1, 0, 1, 0, 0, 3, 1, 0, 0, 0, 3, 1, 0, 2, 0, 0, 0, 1, 0, 0, 0, 0, 3, 0, 1, 0, 0, 2, 1, 1, 2, 0, 0, 0, 0, 1, 1, 0, 0, 0, 1, 3, 0, 0, 1, 0, 0, 1, 0, 2, 0, 1, 0, 2, 1, 0, 0, 1, 1, 3, 0, 0, 3, 0, 1, 0, 0, 2, 0, 0, 0, 0, 1, 0, 0, 1, 0, 0, 1, 0, 0, 1, 3, 1, 0, 2, 2, 0],744.5383723180835,56557.35868613691,91662.16948783089,true
55,G2_TEC,G2_TEC,[31, 94, 82, 15, 26, 9, 95, 42, 77, 68, 47, 5, 93, 78, 86, 54, 85, 63, 18, 44, 20, 49, 36, 14, 74, 50, 53, 17, 21, 28, 11, 64, 3, 23, 30, 83, 24, 41, 40, 52, 65, 27, 90, 70, 39, 87, 48, 69, 99, 4, 98, 1, 13, 56, 97, 59, 45, 8, 73, 37, 35, 79, 71, 66, 76, 32, 60, 80, 58, 6, 67, 61, 33, 7, 57, 34, 12, 16, 10, 22, 96, 88, 43, 81, 91, 2, 84, 29, 92, 19, 89, 55, 51, 46, 25, 75, 38, 72, 62, 0]|[2, 1, 2, 1, 1, 2, 1, 1, 1, 1, 1, 0, 2, 2, 1, 2, 0, 0, 0, 2, 2, 1, 0, 2, 0, 2, 2, 1, 0, 1, 1, 1, 0, 0, 1, 0, 2, 1, 2, 2, 0, 0, 1, 1, 0, 2, 0, 2, 1, 0, 2, 2, 0, 2, 2, 0, 1, 1, 0, 0, 2, 1, 1, 2, 2, 0, 2, 2, 2, 1, 2, 1, 1, 2, 0, 1, 1, 2, 1, 2, 0, 1, 1, 1, 1, 0, 0, 1, 0, 1, 1, 0, 1, 0, 1, 0, 0, 1, 1, 0]|[0, 3, 0, 3, 4, 1, 4, 4, 4, 4, 3, 2, 1, 0, 2, 1, 1, 1, 2, 1, 1, 3, 0, 1, 0, 1, 1, 4, 1, 4, 3, 2, 2, 0, 4, 1, 1, 4, 1, 1, 2, 1, 4, 4, 1, 1, 0, 1, 3, 2, 1, 1, 2, 1, 1, 2, 4, 3, 0, 2, 1, 3, 3, 1, 1, 2, 1, 1, 1, 4, 1, 3, 4, 1, 2, 4, 3, 1, 3, 1, 2, 4, 4, 4, 3, 2, 2, 3, 2, 4, 4, 2, 3, 2, 4, 2, 2, 4, 3, 2]|[0, 2, 0, 0, 3, 0, 1, 3, 1, 0, 2, 0, 1, 0, 1, 0, 0, 0, 1, 0, 0, 2, 0, 0, 1, 0, 0, 3, 0, 1, 0, 2, 0, 0, 3, 0, 1, 1, 0, 0, 0, 0, 1, 3, 0, 0, 1, 0, 2, 0, 0, 0, 0, 0, 1, 0, 1, 0, 1, 1, 0, 2, 0, 0, 0, 0, 0, 0, 0, 2, 0, 0, 1, 0, 0, 1, 0, 0, 3, 0, 0, 1, 2, 2, 0, 0, 0, 3, 0, 1, 1, 0, 0, 0, 3, 0, 0, 1, 0, 0],910.6016522559228,48441.78517559203,107030.90942221809,false
55,G3_TWC,G3_TWC,[31, 22, 42, 15, 26, 58, 95, 82, 77, 12, 47, 5, 93, 78, 98, 54, 85, 63, 18, 44, 20, 35, 43, 97, 91, 76, 10, 30, 21, 45, 71, 64, 1, 23, 17, 83, 24, 61, 60, 49, 6, 57, 94, 88, 65, 56, 79, 40, 67, 68, 46, 75, 0, 9, 19, 32, 81, 41, 27, 62, 87, 90, 99, 59, 53, 16, 72, 73, 70, 39, 37, 84, 3, 92, 25, 74, 28, 38, 51, 7, 11, 14, 86, 48, 89, 66, 50, 96, 33, 80, 4, 8, 34, 36, 55, 2, 13, 52, 69, 29]|[1, 1, 0, 1, 1, 1, 2, 1, 2, 1, 2, 2, 2, 1, 1, 0, 0, 1, 0, 2, 2, 0, 1, 2, 0, 1, 2, 2, 0, 0, 1, 2, 1, 0, 1, 0, 2, 0, 1, 1, 0, 1, 1, 1, 0, 2, 1, 1, 0, 0, 0, 0, 1, 1, 2, 1, 2, 0, 0, 0, 2, 1, 0, 1, 0, 1, 2, 1, 1, 1, 1, 1, 2, 0, 1, 2, 0, 0, 0, 1, 0, 1, 0, 0, 1, 0, 0, 0, 2, 0, 0, 1, 2, 0, 1, 0, 0, 1, 1, 0]|[4, 3, 2, 2, 0, 0, 2, 2, 2, 4, 1, 1, 2, 4, 4, 1, 1, 4, 2, 1, 1, 1, 1, 2, 1, 2, 1, 1, 1, 1, 3, 2, 3, 0, 4, 0, 1, 1, 0, 3, 2, 2, 4, 0, 1, 1, 3, 2, 0, 1, 2, 2, 1, 4, 0, 3, 2, 1, 1, 2, 1, 3, 1, 1, 2, 3, 0, 4, 3, 1, 4, 1, 1, 2, 4, 1, 2, 1, 1, 3, 2, 3, 1, 1, 1, 1, 1, 1, 1, 1, 2, 3, 1, 1, 4, 2, 2, 1, 3, 2]|[0, 2, 1, 1, 3, 3, 0, 1, 0, 0, 0, 0, 1, 0, 1, 0, 0, 3, 1, 0, 0, 0, 3, 1, 0, 2, 0, 0, 0, 1, 0, 0, 0, 0, 3, 0, 1, 0, 0, 2, 1, 1, 2, 0, 0, 0, 0, 1, 1, 0, 0, 0, 1, 3, 0, 0, 1, 0, 0, 1, 0, 2, 0, 1, 1, 2, 1, 0, 0, 1, 1, 3, 0, 1, 3, 0, 1, 0, 0, 2, 1, 0, 0, 0, 1, 0, 0, 0, 0, 0, 1, 2, 0, 1, 3, 0, 0, 1, 0, 0],846.5931657707905,57781.432218873764,86599.3836876579,false
55,G1_CMAX,G1_CMAX,[31, 22, 90, 26, 58, 95, 42, 12, 93, 5, 78, 86, 77, 47, 98, 54, 85, 63, 18, 44, 20, 35, 43, 97, 91, 76, 10, 30, 15, 45, 71, 64, 1, 23, 17, 83, 24, 14, 60, 36, 6, 57, 94, 88, 65, 56, 79, 40, 67, 68, 46, 75, 38, 9, 19, 32, 81, 41, 27, 62, 87, 82, 99, 59, 11, 16, 72, 73, 70, 39, 37, 84, 3, 92, 25, 55, 28, 29, 51, 7, 33, 61, 21, 48, 89, 50, 66, 96, 53, 80, 4, 8, 34, 49, 52, 0, 13, 2, 69, 74]|[1, 1, 1, 1, 1, 2, 1, 1, 2, 1, 1, 2, 2, 2, 1, 0, 0, 1, 0, 2, 2, 0, 1, 2, 0, 1, 2, 2, 0, 0, 1, 2, 1, 2, 1, 0, 2, 0, 1, 1, 0, 1, 1, 1, 0, 2, 1, 1, 0, 0, 0, 0, 1, 1, 2, 1, 2, 2, 0, 0, 2, 1, 0, 1, 2, 1, 2, 1, 1, 1, 1, 1, 2, 0, 1, 1, 0, 0, 0, 1, 2, 1, 0, 0, 1, 0, 2, 2, 0, 0, 1, 1, 2, 0, 1, 0, 0, 0, 1, 2]|[4, 3, 3, 2, 0, 2, 2, 4, 2, 4, 4, 1, 2, 1, 4, 1, 2, 4, 2, 1, 1, 1, 1, 2, 1, 2, 1, 1, 1, 1, 3, 2, 3, 0, 4, 0, 1, 1, 0, 3, 2, 2, 4, 0, 1, 1, 0, 2, 0, 1, 2, 2, 1, 4, 0, 3, 2, 1, 1, 2, 1, 3, 1, 1, 1, 3, 0, 4, 3, 1, 4, 1, 1, 2, 4, 4, 2, 1, 1, 3, 1, 3, 1, 1, 1, 1, 1, 1, 2, 1, 4, 3, 1, 1, 1, 2, 2, 2, 3, 1]|[0, 2, 2, 1, 3, 0, 1, 0, 0, 0, 0, 0, 1, 0, 1, 0, 0, 3, 1, 0, 0, 0, 3, 1, 0, 2, 0, 0, 0, 1, 0, 0, 0, 0, 3, 0, 1, 0, 0, 2, 1, 1, 2, 0, 0, 0, 0, 1, 1, 0, 0, 0, 1, 3, 0, 0, 1, 0, 0, 1, 0, 2, 0, 1, 0, 2, 1, 0, 0, 1, 1, 3, 0, 1, 3, 3, 1, 0, 0, 2, 0, 0, 0, 0, 1, 0, 0, 0, 1, 0, 0, 2, 0, 1, 1, 0, 0, 0, 2, 0],725.9082553899324,57283.10150346701,93448.88065470588,false
55,G4_BALANCED,G4_BALANCED,[31, 11, 82, 15, 26, 9, 95, 42, 77, 68, 47, 5, 93, 78, 86, 54, 85, 63, 76, 44, 20, 49, 36, 14, 74, 50, 53, 25, 21, 28, 71, 64, 3, 23, 30, 83, 24, 41, 60, 52, 65, 27, 90, 70, 39, 87, 48, 69, 99, 4, 46, 1, 13, 58, 97, 59, 33, 8, 73, 37, 35, 79, 22, 66, 18, 32, 40, 80, 96, 6, 16, 61, 45, 7, 57, 34, 12, 67, 10, 98, 56, 88, 29, 75, 91, 38, 19, 92, 43, 84, 2, 72, 81, 17, 51, 55, 0, 89, 94, 62]|[2, 1, 2, 1, 1, 2, 1, 1, 1, 1, 1, 0, 2, 2, 1, 2, 0, 0, 0, 2, 2, 1, 0, 2, 0, 2, 2, 1, 0, 1, 1, 1, 0, 0, 1, 0, 2, 1, 2, 2, 0, 0, 1, 1, 0, 2, 0, 2, 1, 0, 0, 2, 0, 0, 2, 0, 1, 1, 0, 0, 2, 1, 0, 2, 2, 0, 2, 2, 0, 1, 2, 1, 1, 2, 0, 1, 1, 1, 1, 2, 2, 1, 1, 0, 1, 0, 1, 0, 1, 0, 2, 1, 1, 1, 1, 0, 0, 1, 2, 1]|[0, 3, 0, 2, 4, 1, 4, 4, 2, 4, 3, 2, 1, 0, 2, 1, 1, 1, 2, 1, 1, 3, 0, 1, 0, 1, 1, 4, 1, 4, 3, 2, 2, 0, 4, 1, 1, 4, 0, 1, 2, 1, 4, 4, 1, 1, 0, 2, 3, 1, 2, 1, 2, 1, 1, 2, 4, 3, 0, 2, 2, 3, 1, 0, 1, 2, 0, 1, 2, 4, 1, 3, 4, 1, 2, 4, 3, 3, 3, 1, 1, 4, 3, 2, 3, 2, 4, 2, 4, 2, 1, 4, 1, 4, 3, 2, 2, 4, 1, 3]|[0, 2, 0, 1, 3, 0, 1, 3, 0, 0, 2, 0, 1, 0, 1, 0, 0, 0, 1, 0, 0, 2, 0, 0, 1, 0, 0, 3, 0, 1, 0, 2, 0, 1, 3, 0, 1, 3, 1, 0, 0, 0, 1, 3, 0, 0, 1, 0, 2, 0, 0, 0, 0, 0, 1, 0, 1, 0, 1, 1, 0, 2, 0, 0, 0, 0, 0, 0, 0, 2, 0, 0, 1, 0, 0, 1, 0, 0, 3, 0, 0, 1, 0, 0, 0, 0, 3, 0, 2, 0, 0, 2, 1, 3, 0, 0, 0, 1, 0, 0],848.1161249092097,51934.83458349109,107480.51805341724,false
55,G2_TEC,G2_TEC,[31, 94, 82, 15, 26, 9, 95, 42, 77, 68, 47, 5, 93, 78, 86, 54, 85, 63, 18, 44, 20, 49, 36, 14, 74, 50, 53, 17, 21, 28, 11, 64, 3, 23, 30, 83, 24, 41, 40, 52, 65, 27, 90, 70, 39, 87, 48, 69, 99, 4, 98, 1, 13, 56, 97, 59, 45, 8, 73, 37, 35, 79, 71, 66, 76, 32, 60, 80, 58, 6, 67, 61, 33, 7, 57, 34, 12, 16, 10, 22, 96, 88, 43, 81, 91, 2, 84, 29, 92, 19, 89, 55, 51, 46, 25, 75, 38, 72, 62, 0]|[2, 1, 2, 1, 1, 2, 1, 1, 1, 1, 1, 0, 2, 2, 1, 2, 0, 0, 0, 2, 2, 1, 0, 2, 0, 2, 2, 1, 0, 1, 1, 1, 0, 0, 1, 0, 2, 1, 2, 2, 0, 0, 1, 1, 0, 2, 0, 2, 1, 0, 2, 2, 0, 2, 2, 0, 1, 1, 0, 0, 2, 1, 1, 2, 2, 0, 2, 2, 2, 1, 2, 1, 1, 2, 0, 1, 1, 2, 1, 2, 0, 1, 1, 1, 1, 0, 0, 1, 0, 1, 1, 0, 1, 0, 1, 0, 0, 1, 1, 0]|[0, 3, 0, 3, 4, 1, 4, 4, 4, 4, 3, 2, 1, 0, 2, 1, 1, 1, 2, 1, 1, 3, 0, 1, 0, 1, 1, 4, 1, 4, 3, 2, 2, 0, 4, 1, 1, 4, 1, 1, 2, 1, 4, 4, 1, 1, 0, 1, 3, 2, 1, 1, 2, 1, 1, 2, 4, 3, 0, 2, 1, 3, 3, 1, 1, 2, 1, 1, 1, 4, 1, 3, 4, 1, 2, 4, 3, 1, 3, 1, 2, 4, 4, 4, 3, 2, 2, 3, 2, 4, 4, 2, 3, 2, 4, 2, 2, 4, 3, 2]|[0, 2, 0, 0, 3, 0, 1, 3, 1, 0, 2, 0, 1, 0, 1, 0, 0, 0, 1, 0, 0, 2, 0, 0, 1, 0, 0, 3, 0, 1, 0, 2, 0, 0, 3, 0, 1, 1, 0, 0, 0, 0, 1, 3, 0, 0, 1, 0, 2, 0, 0, 0, 0, 0, 1, 0, 1, 0, 1, 1, 0, 2, 0, 0, 0, 0, 0, 0, 0, 2, 0, 0, 1, 0, 0, 1, 0, 0, 3, 0, 0, 1, 2, 2, 0, 0, 0, 3, 0, 1, 1, 0, 0, 0, 3, 0, 0, 1, 0, 0],910.6016522559228,48441.78517559203,107030.90942221809,false
55,G3_TWC,G3_TWC,[31, 22, 42, 15, 26, 58, 95, 82, 77, 12, 47, 5, 93, 78, 98, 54, 85, 63, 18, 44, 20, 35, 43, 97, 91, 76, 10, 30, 21, 45, 71, 64, 1, 23, 17, 83, 24, 61, 60, 49, 6, 57, 94, 88, 65, 56, 79, 40, 67, 68, 46, 75, 0, 9, 19, 32, 81, 41, 27, 62, 87, 90, 99, 59, 53, 16, 72, 73, 70, 39, 37, 84, 3, 92, 25, 74, 28, 38, 51, 7, 11, 14, 86, 48, 89, 66, 50, 96, 33, 80, 4, 8, 34, 36, 55, 2, 13, 52, 69, 29]|[1, 1, 0, 1, 1, 1, 2, 1, 2, 1, 2, 2, 2, 1, 1, 0, 0, 1, 0, 2, 2, 0, 1, 2, 0, 1, 2, 2, 0, 0, 1, 2, 1, 0, 1, 0, 2, 0, 1, 1, 0, 1, 1, 1, 0, 2, 1, 1, 0, 0, 0, 0, 1, 1, 2, 1, 2, 0, 0, 0, 2, 1, 0, 1, 0, 1, 2, 1, 1, 1, 1, 1, 2, 0, 1, 2, 0, 0, 0, 1, 0, 1, 0, 0, 1, 0, 0, 0, 2, 0, 0, 1, 2, 0, 1, 0, 0, 1, 1, 0]|[4, 3, 2, 2, 0, 0, 2, 2, 2, 4, 1, 1, 2, 4, 4, 1, 1, 4, 2, 1, 1, 1, 1, 2, 1, 2, 1, 1, 1, 1, 3, 2, 3, 0, 4, 0, 1, 1, 0, 3, 2, 2, 4, 0, 1, 1, 3, 2, 0, 1, 2, 2, 1, 4, 0, 3, 2, 1, 1, 2, 1, 3, 1, 1, 2, 3, 0, 4, 3, 1, 4, 1, 1, 2, 4, 1, 2, 1, 1, 3, 2, 3, 1, 1, 1, 1, 1, 1, 1, 1, 2, 3, 1, 1, 4, 2, 2, 1, 3, 2]|[0, 2, 1, 1, 3, 3, 0, 1, 0, 0, 0, 0, 1, 0, 1, 0, 0, 3, 1, 0, 0, 0, 3, 1, 0, 2, 0, 0, 0, 1, 0, 0, 0, 0, 3, 0, 1, 0, 0, 2, 1, 1, 2, 0, 0, 0, 0, 1, 1, 0, 0, 0, 1, 3, 0, 0, 1, 0, 0, 1, 0, 2, 0, 1, 1, 2, 1, 0, 0, 1, 1, 3, 0, 1, 3, 0, 1, 0, 0, 2, 1, 0, 0, 0, 1, 0, 0, 0, 0, 0, 1, 2, 0, 1, 3, 0, 0, 1, 0, 0],846.5931657707905,57781.432218873764,86599.3836876579,false
55,G1_CMAX,G3_TWC,[31, 22, 42, 15, 26, 58, 95, 82, 77, 12, 47, 5, 93, 78, 98, 54, 85, 63, 18, 44, 20, 35, 43, 97, 91, 76, 10, 30, 21, 45, 71, 64, 1, 23, 17, 83, 24, 61, 60, 36, 6, 57, 94, 88, 65, 56, 79, 40, 67, 68, 46, 75, 38, 9, 19, 32, 81, 41, 27, 62, 87, 90, 99, 59, 53, 16, 72, 73, 70, 39, 37, 84, 3, 96, 25, 74, 28, 29, 51, 7, 11, 14, 86, 48, 89, 50, 66, 92, 33, 80, 4, 8, 0, 49, 55, 52, 13, 2, 69, 34]|[1, 1, 0, 1, 1, 1, 2, 1, 2, 1, 2, 2, 2, 1, 1, 0, 0, 1, 0, 2, 2, 0, 1, 2, 0, 1, 2, 2, 0, 0, 1, 2, 1, 2, 1, 0, 2, 0, 1, 1, 0, 1, 1, 1, 0, 2, 1, 1, 0, 0, 0, 0, 1, 1, 2, 1, 2, 0, 0, 0, 2, 1, 0, 1, 2, 1, 2, 1, 1, 1, 1, 1, 2, 2, 1, 2, 0, 0, 0, 1, 2, 1, 0, 0, 1, 0, 2, 0, 2, 0, 0, 1, 0, 0, 1, 1, 0, 0, 1, 2]|[4, 3, 2, 2, 0, 0, 2, 2, 2, 4, 1, 1, 2, 4, 4, 1, 1, 4, 2, 1, 1, 1, 1, 2, 1, 2, 1, 1, 1, 1, 3, 2, 3, 0, 4, 0, 1, 1, 0, 3, 2, 2, 4, 0, 1, 1, 3, 2, 0, 1, 2, 2, 1, 4, 0, 3, 2, 1, 1, 2, 1, 3, 1, 1, 1, 3, 0, 4, 3, 1, 4, 1, 1, 1, 4, 1, 2, 1, 1, 3, 1, 3, 1, 1, 1, 1, 1, 2, 1, 1, 2, 3, 2, 1, 4, 1, 2, 2, 4, 1]|[0, 2, 1, 1, 3, 3, 0, 1, 0, 0, 0, 0, 1, 0, 1, 0, 0, 3, 1, 0, 0, 0, 3, 1, 0, 2, 0, 0, 0, 1, 0, 0, 0, 0, 3, 0, 1, 0, 0, 2, 1, 1, 2, 0, 0, 0, 0, 1, 1, 0, 0, 0, 1, 3, 0, 0, 1, 0, 0, 1, 0, 2, 0, 1, 0, 2, 1, 0, 0, 1, 1, 3, 0, 0, 3, 0, 1, 0, 0, 2, 0, 0, 0, 0, 1, 0, 0, 1, 0, 0, 1, 2, 0, 1, 3, 1, 0, 0, 2, 0],746.829828306103,56957.88041236938,89950.96432966624,true
55,G4_BALANCED,G3_TWC,[31, 22, 42, 15, 26, 58, 95, 82, 77, 12, 47, 5, 93, 78, 98, 54, 85, 63, 18, 44, 20, 35, 43, 97, 91, 76, 10, 30, 21, 45, 71, 64, 1, 23, 17, 83, 24, 14, 60, 36, 6, 57, 94, 88, 65, 56, 79, 40, 67, 68, 46, 75, 38, 9, 19, 32, 81, 41, 27, 62, 87, 90, 99, 59, 28, 16, 72, 73, 70, 39, 37, 84, 3, 92, 25, 74, 11, 29, 51, 7, 53, 61, 86, 48, 89, 50, 66, 96, 33, 80, 4, 8, 55, 49, 0, 2, 13, 52, 34, 69]|[1, 1, 0, 1, 1, 1, 2, 1, 2, 1, 2, 2, 2, 1, 1, 0, 0, 1, 0, 2, 2, 0, 1, 2, 0, 1, 2, 2, 0, 0, 1, 2, 1, 2, 1, 0, 2, 0, 1, 1, 0, 1, 1, 1, 0, 2, 1, 1, 0, 0, 0, 0, 1, 1, 2, 1, 2, 0, 0, 0, 2, 1, 0, 1, 2, 1, 2, 1, 1, 1, 1, 1, 2, 0, 1, 2, 2, 0, 0, 1, 0, 1, 0, 0, 1, 0, 2, 2, 2, 0, 0, 1, 1, 0, 0, 0, 0, 1, 2, 1]|[4, 3, 2, 2, 0, 0, 2, 2, 2, 4, 1, 1, 2, 4, 4, 1, 1, 4, 2, 1, 1, 1, 1, 2, 1, 2, 1, 1, 1, 1, 3, 2, 3, 1, 4, 0, 1, 1, 0, 3, 2, 2, 4, 0, 1, 1, 0, 2, 0, 1, 2, 2, 1, 4, 0, 3, 2, 1, 1, 2, 1, 3, 1, 1, 1, 3, 0, 4, 3, 1, 4, 1, 1, 2, 4, 1, 1, 1, 1, 3, 2, 3, 1, 1, 1, 1, 1, 1, 1, 1, 2, 3, 4, 1, 2, 2, 2, 1, 1, 3]|[0, 2, 1, 1, 3, 3, 0, 1, 0, 0, 0, 0, 1, 0, 1, 0, 0, 3, 1, 0, 0, 0, 3, 1, 0, 2, 0, 0, 0, 1, 0, 0, 0, 0, 3, 0, 1, 0, 0, 2, 1, 1, 2, 0, 0, 0, 0, 1, 1, 0, 0, 0, 1, 3, 0, 0, 1, 0, 0, 1, 0, 2, 0, 1, 0, 2, 1, 0, 0, 1, 1, 3, 0, 1, 3, 0, 0, 0, 0, 2, 1, 0, 0, 0, 1, 0, 0, 0, 0, 0, 1, 2, 3, 1, 0, 0, 0, 1, 0, 0],754.6836073108706,57104.06500530405,89788.92770163306,true
55,G2_TEC,G2_TEC,[31, 94, 82, 15, 26, 9, 95, 42, 77, 68, 47, 5, 93, 78, 86, 54, 85, 63, 18, 44, 20, 49, 36, 14, 74, 50, 53, 17, 21, 28, 11, 64, 3, 23, 30, 83, 24, 41, 40, 52, 65, 27, 90, 70, 39, 87, 48, 69, 99, 4, 98, 1, 13, 56, 97, 59, 45, 8, 73, 37, 35, 79, 71, 66, 76, 32, 60, 80, 58, 6, 67, 61, 33, 7, 57, 34, 12, 16, 10, 22, 96, 88, 43, 81, 91, 2, 84, 29, 92, 19, 89, 51, 46, 25, 72, 75, 38, 55, 62, 0]|[2, 1, 2, 1, 1, 2, 1, 1, 1, 1, 1, 0, 2, 2, 1, 2, 0, 0, 0, 2, 2, 1, 0, 2, 0, 2, 2, 1, 0, 1, 1, 1, 0, 0, 1, 0, 2, 1, 2, 2, 0, 0, 1, 1, 0, 2, 0, 2, 1, 0, 2, 2, 0, 2, 2, 0, 1, 1, 0, 0, 2, 1, 1, 2, 2, 0, 2, 2, 2, 1, 2, 1, 1, 2, 0, 1, 1, 2, 1, 2, 0, 1, 1, 1, 1, 0, 0, 1, 0, 1, 1, 1, 0, 1, 1, 0, 0, 0, 1, 0]|[0, 3, 0, 3, 4, 1, 4, 4, 4, 4, 3, 2, 1, 0, 2, 1, 1, 1, 2, 1, 1, 3, 0, 1, 0, 1, 1, 4, 1, 4, 3, 2, 2, 0, 4, 1, 1, 4, 1, 1, 2, 1, 4, 4, 1, 1, 0, 1, 3, 2, 1, 1, 2, 1, 1, 2, 4, 3, 0, 2, 1, 3, 3, 1, 1, 2, 1, 1, 1, 4, 1, 3, 4, 1, 2, 4, 3, 1, 3, 1, 2, 4, 4, 4, 3, 2, 2, 3, 2, 4, 4, 3, 2, 4, 4, 2, 2, 2, 3, 2]|[0, 2, 0, 0, 3, 0, 1, 3, 1, 0, 2, 0, 1, 0, 1, 0, 0, 0, 1, 0, 0, 2, 0, 0, 1, 0, 0, 3, 0, 1, 0, 2, 0, 0, 3, 0, 1, 1, 0, 0, 0, 0, 1, 3, 0, 0, 1, 0, 2, 0, 0, 0, 0, 0, 1, 0, 1, 0, 1, 1, 0, 2, 0, 0, 0, 0, 0, 0, 0, 2, 0, 0, 1, 0, 0, 1, 0, 0, 3, 0, 0, 1, 2, 2, 0, 0, 0, 3, 0, 1, 1, 0, 0, 3, 1, 0, 0, 0, 0, 0],910.6016522559228,48440.78220299909,106927.37456845613,false
55,G3_TWC,G3_TWC,[31, 22, 42, 15, 26, 58, 95, 82, 77, 12, 47, 5, 93, 78, 98, 54, 85, 63, 18, 44, 20, 35, 43, 97, 91, 76, 10, 30, 21, 45, 71, 64, 1, 23, 17, 83, 24, 61, 60, 49, 6, 57, 94, 88, 65, 56, 79, 40, 67, 68, 46, 75, 0, 9, 19, 32, 81, 41, 27, 62, 87, 90, 99, 59, 53, 16, 72, 73, 70, 39, 37, 84, 3, 92, 25, 74, 28, 38, 51, 7, 11, 14, 86, 48, 89, 66, 50, 96, 33, 80, 8, 4, 34, 36, 55, 52, 13, 2, 69, 29]|[1, 1, 0, 1, 1, 1, 2, 1, 2, 1, 2, 2, 2, 1, 1, 0, 0, 1, 0, 2, 2, 0, 1, 2, 0, 1, 2, 2, 0, 0, 1, 2, 1, 0, 1, 0, 2, 0, 1, 1, 0, 1, 1, 1, 0, 2, 1, 1, 0, 0, 0, 0, 1, 1, 2, 1, 2, 0, 0, 0, 2, 1, 0, 1, 0, 1, 2, 1, 1, 1, 1, 1, 2, 0, 1, 2, 0, 0, 0, 1, 0, 1, 0, 0, 1, 0, 0, 0, 2, 0, 1, 0, 2, 0, 1, 1, 0, 0, 1, 0]|[4, 3, 2, 2, 0, 0, 2, 2, 2, 4, 1, 1, 2, 4, 4, 1, 1, 4, 2, 1, 1, 1, 1, 2, 1, 2, 1, 1, 1, 1, 3, 2, 3, 0, 4, 0, 1, 1, 0, 3, 2, 2, 4, 0, 1, 1, 3, 2, 0, 1, 2, 2, 1, 4, 0, 3, 2, 1, 1, 2, 1, 3, 1, 1, 2, 3, 0, 4, 3, 1, 4, 1, 1, 2, 4, 1, 2, 1, 1, 3, 2, 3, 1, 1, 1, 1, 1, 1, 1, 1, 3, 2, 1, 1, 4, 1, 2, 2, 3, 2]|[0, 2, 1, 1, 3, 3, 0, 1, 0, 0, 0, 0, 1, 0, 1, 0, 0, 3, 1, 0, 0, 0, 3, 1, 0, 2, 0, 0, 0, 1, 0, 0, 0, 0, 3, 0, 1, 0, 0, 2, 1, 1, 2, 0, 0, 0, 0, 1, 1, 0, 0, 0, 1, 3, 0, 0, 1, 0, 0, 1, 0, 2, 0, 1, 1, 2, 1, 0, 0, 1, 1, 3, 0, 1, 3, 0, 1, 0, 0, 2, 1, 0, 0, 0, 1, 0, 0, 0, 0, 0, 2, 1, 0, 1, 3, 1, 0, 0, 0, 0],845.7931659427186,57778.757532044474,86593.12219517957,false
55,G1_CMAX,G3_TWC,[31, 22, 42, 15, 26, 58, 95, 82, 77, 12, 47, 5, 93, 78, 98, 54, 85, 63, 18, 44, 20, 35, 43, 97, 91, 76, 10, 30, 21, 45, 71, 64, 1, 23, 17, 83, 24, 61, 60, 36, 6, 57, 94, 88, 65, 56, 79, 40, 67, 68, 46, 75, 38, 9, 19, 32, 81, 41, 27, 62, 87, 90, 73, 59, 11, 16, 72, 99, 70, 39, 37, 84, 3, 92, 25, 74, 28, 29, 51, 7, 33, 14, 86, 96, 89, 50, 66, 48, 53, 80, 4, 8, 55, 49, 0, 52, 13, 2, 69, 34]|[1, 1, 0, 1, 1, 1, 2, 1, 2, 1, 2, 2, 2, 1, 1, 0, 0, 1, 0, 2, 2, 0, 1, 2, 0, 1, 2, 2, 0, 0, 1, 2, 1, 2, 1, 0, 2, 0, 1, 1, 0, 1, 1, 1, 0, 2, 1, 1, 0, 0, 0, 0, 1, 1, 2, 1, 2, 0, 0, 0, 2, 1, 0, 1, 2, 1, 2, 1, 1, 1, 1, 1, 2, 0, 1, 2, 0, 0, 0, 1, 2, 1, 0, 2, 1, 0, 2, 0, 0, 0, 1, 1, 2, 0, 0, 1, 0, 0, 1, 2]|[4, 3, 2, 2, 0, 0, 2, 2, 2, 4, 1, 1, 2, 4, 4, 1, 1, 4, 2, 1, 1, 1, 1, 2, 1, 2, 1, 1, 1, 1, 3, 2, 3, 0, 4, 0, 1, 1, 0, 3, 2, 2, 4, 0, 1, 1, 3, 2, 0, 1, 2, 2, 1, 4, 0, 3, 2, 1, 1, 2, 1, 3, 1, 1, 1, 3, 0, 4, 3, 1, 4, 1, 1, 2, 4, 1, 2, 1, 1, 3, 1, 3, 1, 1, 1, 1, 1, 1, 2, 1, 4, 3, 1, 1, 2, 1, 2, 2, 4, 1]|[0, 2, 1, 1, 3, 3, 0, 1, 0, 0, 0, 0, 1, 0, 1, 0, 0, 3, 1, 0, 0, 0, 3, 1, 0, 2, 0, 0, 0, 1, 0, 0, 0, 0, 3, 0, 1, 0, 0, 2, 1, 1, 2, 0, 0, 0, 0, 1, 1, 0, 0, 0, 1, 3, 0, 0, 1, 0, 0, 1, 0, 2, 0, 1, 0, 2, 1, 0, 0, 1, 1, 3, 0, 1, 3, 0, 1, 0, 0, 2, 0, 0, 0, 0, 1, 0, 0, 0, 1, 0, 0, 2, 0, 1, 0, 1, 0, 0, 2, 0],741.6896087775958,56981.18535725215,90106.67813077962,true
55,G4_BALANCED,G4_BALANCED,[31, 22, 82, 15, 26, 99, 95, 42, 77, 12, 47, 5, 93, 78, 86, 54, 85, 63, 18, 44, 20, 23, 43, 97, 91, 76, 10, 30, 21, 45, 71, 64, 1, 35, 17, 83, 24, 14, 60, 36, 6, 57, 40, 88, 65, 56, 79, 94, 67, 68, 46, 75, 38, 9, 19, 32, 41, 81, 27, 87, 90, 58, 59, 11, 16, 72, 73, 70, 39, 37, 84, 3, 92, 25, 55, 48, 62, 29, 51, 96, 33, 61, 98, 28, 89, 50, 4, 7, 53, 80, 8, 66, 34, 49, 0, 74, 69, 52, 2, 13]|[2, 1, 0, 1, 1, 0, 1, 1, 2, 1, 2, 2, 2, 1, 1, 0, 0, 1, 0, 2, 2, 0, 1, 2, 0, 1, 2, 2, 0, 0, 1, 2, 1, 2, 1, 0, 2, 0, 1, 1, 0, 1, 1, 1, 0, 2, 1, 1, 0, 0, 0, 0, 1, 1, 2, 1, 0, 2, 0, 2, 1, 0, 1, 2, 1, 2, 1, 1, 1, 1, 1, 1, 0, 1, 2, 0, 0, 0, 0, 2, 2, 1, 2, 0, 1, 0, 1, 2, 0, 0, 2, 2, 2, 0, 0, 2, 1, 1, 0, 0]|[1, 3, 2, 2, 4, 1, 2, 3, 2, 4, 1, 1, 2, 4, 4, 1, 1, 4, 2, 1, 1, 1, 1, 2, 1, 2, 1, 1, 2, 1, 3, 2, 3, 1, 4, 0, 1, 1, 0, 3, 2, 2, 2, 0, 1, 1, 0, 4, 0, 1, 2, 2, 1, 4, 0, 3, 1, 1, 1, 1, 3, 1, 1, 1, 3, 0, 4, 3, 1, 4, 1, 1, 0, 4, 1, 1, 2, 1, 1, 1, 1, 3, 1, 2, 1, 1, 4, 1, 2, 1, 1, 1, 1, 1, 2, 1, 4, 1, 2, 2]|[0, 2, 1, 1, 3, 0, 1, 3, 0, 0, 0, 0, 1, 0, 1, 0, 0, 3, 1, 0, 0, 0, 3, 1, 0, 2, 0, 0, 0, 1, 0, 0, 0, 0, 3, 0, 1, 0, 0, 2, 1, 1, 1, 0, 0, 0, 0, 2, 1, 0, 0, 0, 1, 3, 0, 0, 0, 0, 0, 0, 2, 0, 1, 0, 2, 1, 0, 0, 1, 1, 3, 1, 1, 3, 0, 0, 1, 0, 0, 0, 0, 0, 0, 1, 1, 0, 0, 0, 1, 0, 0, 0, 0, 1, 0, 0, 2, 1, 0, 0],749.6397059729857,55848.851094536025,92598.57070354128,false
55,G2_TEC,G2_TEC,[31, 94, 82, 15, 26, 9, 95, 42, 77, 68, 47, 5, 93, 78, 86, 54, 85, 63, 18, 44, 20, 49, 36, 14, 74, 50, 53, 17, 21, 28, 11, 64, 3, 23, 30, 83, 24, 41, 40, 52, 65, 27, 90, 70, 39, 87, 48, 69, 99, 4, 98, 1, 13, 56, 97, 59, 45, 8, 73, 37, 35, 79, 71, 66, 76, 32, 60, 80, 58, 6, 67, 61, 33, 7, 57, 34, 12, 16, 10, 22, 96, 88, 43, 81, 91, 2, 84, 29, 92, 19, 89, 51, 46, 25, 72, 75, 38, 55, 62, 0]|[2, 1, 2, 1, 1, 2, 1, 1, 1, 1, 1, 0, 2, 2, 1, 2, 0, 0, 0, 2, 2, 1, 0, 2, 0, 2, 2, 1, 0, 1, 1, 1, 0, 0, 1, 0, 2, 1, 2, 2, 0, 0, 1, 1, 0, 2, 0, 2, 1, 0, 2, 2, 0, 2, 2, 0, 1, 1, 0, 0, 2, 1, 1, 2, 2, 0, 2, 2, 2, 1, 2, 1, 1, 2, 0, 1, 1, 2, 1, 2, 0, 1, 1, 1, 1, 0, 0, 1, 0, 1, 1, 1, 0, 1, 1, 0, 0, 0, 1, 0]|[0, 3, 0, 3, 4, 1, 4, 4, 4, 4, 3, 2, 1, 0, 2, 1, 1, 1, 2, 1, 1, 3, 0, 1, 0, 1, 1, 4, 1, 4, 3, 2, 2, 0, 4, 1, 1, 4, 1, 1, 2, 1, 4, 4, 1, 1, 0, 1, 3, 2, 1, 1, 2, 1, 1, 2, 4, 3, 0, 2, 1, 3, 3, 1, 1, 2, 1, 1, 1, 4, 1, 3, 4, 1, 2, 4, 3, 1, 3, 1, 2, 4, 4, 4, 3, 2, 2, 3, 2, 4, 4, 3, 2, 4, 4, 2, 2, 2, 3, 2]|[0, 2, 0, 0, 3, 0, 1, 3, 1, 0, 2, 0, 1, 0, 1, 0, 0, 0, 1, 0, 0, 2, 0, 0, 1, 0, 0, 3, 0, 1, 0, 2, 0, 0, 3, 0, 1, 1, 0, 0, 0, 0, 1, 3, 0, 0, 1, 0, 2, 0, 0, 0, 0, 0, 1, 0, 1, 0, 1, 1, 0, 2, 0, 0, 0, 0, 0, 0, 0, 2, 0, 0, 1, 0, 0, 1, 0, 0, 3, 0, 0, 1, 2, 2, 0, 0, 0, 3, 0, 1, 1, 0, 0, 3, 1, 0, 0, 0, 0, 0],910.6016522559228,48440.78220299909,106927.37456845613,false
55,G3_TWC,G3_TWC,[31, 22, 42, 15, 26, 58, 95, 82, 77, 12, 47, 5, 93, 78, 98, 54, 85, 63, 18, 44, 20, 35, 43, 97, 91, 76, 10, 30, 21, 45, 71, 64, 1, 23, 17, 83, 24, 61, 60, 49, 6, 57, 94, 88, 65, 56, 79, 40, 67, 68, 46, 75, 0, 9, 19, 32, 81, 41, 27, 62, 87, 90, 99, 59, 53, 16, 72, 73, 70, 39, 37, 84, 3, 92, 25, 74, 28, 38, 51, 7, 11, 14, 86, 48, 89, 66, 50, 96, 33, 80, 8, 4, 34, 36, 55, 52, 13, 2, 69, 29]|[1, 1, 0, 1, 1, 1, 2, 1, 2, 1, 2, 2, 2, 1, 1, 0, 0, 1, 0, 2, 2, 0, 1, 2, 0, 1, 2, 2, 0, 0, 1, 2, 1, 0, 1, 0, 2, 0, 1, 1, 0, 1, 1, 1, 0, 2, 1, 1, 0, 0, 0, 0, 1, 1, 2, 1, 2, 0, 0, 0, 2, 1, 0, 1, 0, 1, 2, 1, 1, 1, 1, 1, 2, 0, 1, 2, 0, 0, 0, 1, 0, 1, 0, 0, 1, 0, 0, 0, 2, 0, 1, 0, 2, 0, 1, 1, 0, 0, 1, 0]|[4, 3, 2, 2, 0, 0, 2, 2, 2, 4, 1, 1, 2, 4, 4, 1, 1, 4, 2, 1, 1, 1, 1, 2, 1, 2, 1, 1, 1, 1, 3, 2, 3, 0, 4, 0, 1, 1, 0, 3, 2, 2, 4, 0, 1, 1, 3, 2, 0, 1, 2, 2, 1, 4, 0, 3, 2, 1, 1, 2, 1, 3, 1, 1, 2, 3, 0, 4, 3, 1, 4, 1, 1, 2, 4, 1, 2, 1, 1, 3, 2, 3, 1, 1, 1, 1, 1, 1, 1, 1, 3, 2, 1, 1, 4, 1, 2, 2, 3, 2]|[0, 2, 1, 1, 3, 3, 0, 1, 0, 0, 0, 0, 1, 0, 1, 0, 0, 3, 1, 0, 0, 0, 3, 1, 0, 2, 0, 0, 0, 1, 0, 0, 0, 0, 3, 0, 1, 0, 0, 2, 1, 1, 2, 0, 0, 0, 0, 1, 1, 0, 0, 0, 1, 3, 0, 0, 1, 0, 0, 1, 0, 2, 0, 1, 1, 2, 1, 0, 0, 1, 1, 3, 0, 1, 3, 0, 1, 0, 0, 2, 1, 0, 0, 0, 1, 0, 0, 0, 0, 0, 2, 1, 0, 1, 3, 1, 0, 0, 0, 0],845.7931659427186,57778.757532044474,86593.12219517957,false
55,G1_CMAX,G4_BALANCED,[31, 22, 82, 15, 26, 58, 95, 42, 77, 12, 47, 5, 30, 78, 86, 54, 85, 63, 18, 44, 20, 35, 43, 97, 91, 76, 10, 93, 21, 45, 71, 64, 1, 23, 17, 83, 24, 14, 60, 36, 6, 57, 40, 88, 65, 56, 79, 94, 67, 68, 46, 75, 38, 9, 19, 32, 81, 41, 27, 62, 90, 99, 59, 87, 11, 66, 72, 73, 70, 39, 37, 84, 3, 92, 25, 55, 28, 29, 51, 7, 33, 61, 98, 16, 89, 50, 48, 96, 53, 80, 4, 8, 34, 49, 52, 0, 13, 2, 69, 74]|[1, 1, 0, 1, 1, 0, 1, 2, 2, 1, 2, 2, 2, 1, 1, 0, 0, 1, 0, 2, 2, 0, 0, 2, 0, 1, 2, 2, 0, 0, 1, 2, 1, 2, 1, 0, 2, 0, 1, 1, 2, 1, 1, 1, 0, 2, 1, 1, 0, 0, 0, 0, 1, 1, 2, 1, 0, 0, 0, 2, 1, 0, 0, 1, 2, 1, 2, 1, 1, 1, 1, 1, 1, 0, 1, 1, 2, 0, 0, 2, 2, 1, 2, 2, 1, 0, 1, 2, 0, 0, 1, 1, 2, 0, 1, 0, 0, 0, 1, 2]|[4, 3, 2, 2, 4, 1, 2, 2, 2, 4, 1, 1, 2, 4, 4, 1, 2, 4, 2, 1, 1, 1, 1, 2, 1, 2, 1, 1, 2, 1, 3, 2, 3, 1, 4, 0, 1, 1, 0, 3, 2, 2, 2, 0, 1, 1, 0, 4, 0, 1, 2, 2, 1, 4, 0, 3, 1, 1, 1, 1, 3, 1, 1, 1, 1, 3, 1, 4, 3, 1, 4, 1, 1, 2, 4, 4, 1, 1, 1, 1, 1, 3, 1, 1, 1, 1, 3, 1, 2, 1, 4, 3, 1, 1, 1, 2, 2, 2, 4, 1]|[0, 2, 1, 1, 3, 0, 1, 0, 0, 0, 0, 0, 1, 0, 1, 0, 0, 3, 1, 0, 0, 0, 0, 1, 0, 2, 0, 0, 0, 1, 0, 0, 0, 0, 3, 0, 1, 0, 0, 2, 1, 1, 1, 0, 0, 0, 0, 2, 1, 0, 0, 0, 1, 3, 0, 0, 0, 0, 0, 0, 2, 0, 0, 1, 0, 2, 0, 0, 0, 1, 1, 3, 1, 1, 3, 3, 0, 0, 0, 0, 0, 0, 0, 0, 1, 0, 0, 0, 1, 0, 0, 2, 0, 1, 1, 0, 0, 0, 2, 0],789.2633648838897,55267.56724064511,98962.05901394336,true
55,G4_BALANCED,G4_BALANCED,[31, 22, 42, 15, 26, 58, 95, 82, 77, 12, 47, 5, 93, 78, 98, 54, 85, 63, 18, 44, 20, 35, 43, 97, 91, 76, 10, 30, 21, 45, 71, 64, 1, 23, 17, 83, 24, 61, 60, 36, 6, 57, 94, 88, 65, 56, 79, 40, 67, 68, 46, 29, 38, 9, 19, 32, 81, 41, 27, 87, 90, 62, 99, 59, 11, 16, 72, 73, 70, 39, 37, 84, 3, 92, 25, 74, 28, 75, 51, 50, 33, 14, 86, 48, 7, 89, 66, 96, 53, 80, 4, 8, 55, 49, 0, 52, 13, 2, 69, 34]|[1, 1, 0, 1, 1, 1, 2, 1, 2, 1, 2, 2, 2, 1, 1, 0, 0, 1, 0, 2, 2, 0, 1, 2, 0, 1, 2, 2, 0, 0, 1, 2, 1, 2, 1, 0, 2, 0, 1, 1, 0, 1, 1, 1, 0, 2, 1, 1, 0, 0, 0, 0, 1, 1, 2, 1, 2, 0, 0, 2, 1, 2, 0, 1, 2, 1, 2, 1, 1, 1, 1, 1, 2, 0, 1, 2, 0, 0, 0, 0, 2, 1, 0, 0, 1, 1, 2, 2, 0, 0, 0, 1, 1, 2, 0, 1, 0, 0, 1, 2]|[4, 3, 2, 2, 0, 0, 2, 2, 2, 4, 1, 1, 2, 4, 4, 1, 1, 4, 2, 1, 1, 1, 1, 2, 1, 2, 1, 1, 2, 1, 3, 2, 3, 1, 4, 0, 1, 1, 0, 3, 2, 2, 4, 0, 1, 1, 3, 2, 0, 1, 2, 2, 1, 4, 0, 3, 2, 1, 1, 1, 3, 1, 1, 1, 1, 3, 1, 4, 3, 1, 4, 1, 1, 2, 4, 1, 2, 2, 1, 1, 1, 3, 1, 1, 3, 1, 1, 1, 2, 1, 2, 3, 4, 1, 2, 1, 2, 2, 4, 1]|[0, 2, 1, 1, 3, 3, 0, 1, 0, 0, 0, 0, 1, 0, 1, 0, 0, 3, 1, 0, 0, 0, 3, 1, 0, 2, 0, 0, 0, 1, 0, 0, 0, 0, 3, 0, 1, 0, 0, 2, 1, 1, 2, 0, 0, 0, 0, 1, 1, 0, 0, 0, 1, 3, 0, 0, 1, 0, 0, 0, 2, 0, 0, 1, 0, 2, 0, 0, 0, 1, 1, 3, 0, 1, 3, 0, 1, 0, 0, 0, 0, 0, 0, 0, 2, 1, 0, 0, 1, 0, 1, 2, 3, 0, 0, 1, 0, 0, 2, 0],771.8540185458395,55549.87092772101,92365.27634175272,false
55,G2_TEC,G2_TEC,[31, 94, 82, 15, 26, 9, 95, 42, 77, 68, 47, 5, 93, 78, 86, 54, 85, 63, 18, 44, 20, 49, 36, 14, 74, 50, 53, 17, 21, 28, 11, 64, 3, 23, 30, 83, 24, 41, 40, 52, 65, 27, 90, 70, 39, 87, 48, 69, 99, 4, 98, 1, 13, 56, 97, 59, 45, 8, 73, 37, 35, 79, 71, 66, 76, 32, 60, 80, 58, 6, 67, 61, 33, 7, 57, 34, 12, 16, 10, 22, 96, 88, 43, 81, 91, 2, 84, 29, 92, 19, 89, 51, 46, 25, 72, 75, 38, 55, 62, 0]|[2, 1, 2, 1, 1, 2, 1, 1, 1, 1, 1, 0, 2, 2, 1, 2, 0, 0, 0, 2, 2, 1, 0, 2, 0, 2, 2, 1, 0, 1, 1, 1, 0, 0, 1, 0, 2, 1, 2, 2, 0, 0, 1, 1, 0, 2, 0, 2, 1, 0, 2, 2, 0, 2, 2, 0, 1, 1, 0, 0, 2, 1, 1, 2, 2, 0, 2, 2, 2, 1, 2, 1, 1, 2, 0, 1, 1, 2, 1, 2, 0, 1, 1, 1, 1, 0, 0, 1, 0, 1, 1, 1, 0, 1, 1, 0, 0, 0, 1, 0]|[0, 3, 0, 3, 4, 1, 4, 4, 4, 4, 3, 2, 1, 0, 2, 1, 1, 1, 2, 1, 1, 3, 0, 1, 0, 1, 1, 4, 1, 4, 3, 2, 2, 0, 4, 1, 1, 4, 1, 1, 2, 1, 4, 4, 1, 1, 0, 1, 3, 2, 1, 1, 2, 1, 1, 2, 4, 3, 0, 2, 1, 3, 3, 1, 1, 2, 1, 1, 1, 4, 1, 3, 4, 1, 2, 4, 3, 1, 3, 1, 2, 4, 4, 4, 3, 2, 2, 3, 2, 4, 4, 3, 2, 4, 4, 2, 2, 2, 3, 2]|[0, 2, 0, 0, 3, 0, 1, 3, 1, 0, 2, 0, 1, 0, 1, 0, 0, 0, 1, 0, 0, 2, 0, 0, 1, 0, 0, 3, 0, 1, 0, 2, 0, 0, 3, 0, 1, 1, 0, 0, 0, 0, 1, 3, 0, 0, 1, 0, 2, 0, 0, 0, 0, 0, 1, 0, 1, 0, 1, 1, 0, 2, 0, 0, 0, 0, 0, 0, 0, 2, 0, 0, 1, 0, 0, 1, 0, 0, 3, 0, 0, 1, 2, 2, 0, 0, 0, 3, 0, 1, 1, 0, 0, 3, 1, 0, 0, 0, 0, 0],910.6016522559228,48440.78220299909,106927.37456845613,false
55,G3_TWC,G3_TWC,[31, 22, 42, 15, 26, 58, 95, 82, 77, 12, 47, 5, 93, 78, 98, 54, 85, 63, 18, 44, 20, 35, 43, 97, 91, 76, 10, 30, 21, 45, 71, 64, 1, 23, 17, 83, 24, 61, 60, 49, 6, 57, 94, 88, 65, 56, 79, 40, 67, 68, 46, 75, 0, 9, 19, 32, 81, 41, 27, 62, 87, 90, 99, 59, 53, 16, 72, 73, 70, 39, 37, 84, 3, 92, 25, 74, 28, 38, 51, 7, 11, 14, 86, 48, 89, 66, 50, 96, 33, 80, 8, 4, 34, 36, 55, 52, 13, 2, 69, 29]|[1, 1, 0, 1, 1, 1, 2, 1, 2, 1, 2, 2, 2, 1, 1, 0, 0, 1, 0, 2, 2, 0, 1, 2, 0, 1, 2, 2, 0, 0, 1, 2, 1, 0, 1, 0, 2, 0, 1, 1, 0, 1, 1, 1, 0, 2, 1, 1, 0, 0, 0, 0, 1, 1, 2, 1, 2, 0, 0, 0, 2, 1, 0, 1, 0, 1, 2, 1, 1, 1, 1, 1, 2, 0, 1, 2, 0, 0, 0, 1, 0, 1, 0, 0, 1, 0, 0, 0, 2, 0, 1, 0, 2, 0, 1, 1, 0, 0, 1, 0]|[4, 3, 2, 2, 0, 0, 2, 2, 2, 4, 1, 1, 2, 4, 4, 1, 1, 4, 2, 1, 1, 1, 1, 2, 1, 2, 1, 1, 1, 1, 3, 2, 3, 0, 4, 0, 1, 1, 0, 3, 2, 2, 4, 0, 1, 1, 3, 2, 0, 1, 2, 2, 1, 4, 0, 3, 2, 1, 1, 2, 1, 3, 1, 1, 2, 3, 0, 4, 3, 1, 4, 1, 1, 2, 4, 1, 2, 1, 1, 3, 2, 3, 1, 1, 1, 1, 1, 1, 1, 1, 3, 2, 1, 1, 4, 1, 2, 2, 3, 2]|[0, 2, 1, 1, 3, 3, 0, 1, 0, 0, 0, 0, 1, 0, 1, 0, 0, 3, 1, 0, 0, 0, 3, 1, 0, 2, 0, 0, 0, 1, 0, 0, 0, 0, 3, 0, 1, 0, 0, 2, 1, 1, 2, 0, 0, 0, 0, 1, 1, 0, 0, 0, 1, 3, 0, 0, 1, 0, 0, 1, 0, 2, 0, 1, 1, 2, 1, 0, 0, 1, 1, 3, 0, 1, 3, 0, 1, 0, 0, 2, 1, 0, 0, 0, 1, 0, 0, 0, 0, 0, 2, 1, 0, 1, 3, 1, 0, 0, 0, 0],845.7931659427186,57778.757532044474,86593.12219517957,false
55,G1_CMAX,G4_BALANCED,[31, 22, 42, 15, 26, 58, 95, 82, 77, 12, 47, 5, 93, 78, 98, 54, 85, 63, 18, 44, 20, 35, 43, 97, 91, 76, 10, 30, 21, 45, 71, 64, 1, 23, 17, 83, 24, 61, 60, 36, 6, 57, 94, 88, 65, 56, 79, 40, 67, 68, 46, 75, 38, 9, 19, 32, 81, 41, 27, 62, 87, 90, 99, 59, 11, 16, 72, 73, 70, 39, 37, 84, 3, 92, 25, 74, 28, 29, 51, 7, 33, 14, 86, 48, 89, 50, 66, 96, 53, 80, 8, 4, 55, 49, 0, 52, 13, 2, 69, 34]|[1, 1, 0, 1, 1, 1, 2, 1, 2, 1, 2, 2, 2, 1, 1, 0, 0, 1, 0, 2, 2, 0, 1, 2, 0, 1, 2, 2, 0, 0, 1, 2, 1, 2, 1, 0, 2, 0, 1, 1, 0, 1, 1, 1, 0, 2, 1, 1, 0, 0, 0, 0, 1, 1, 2, 1, 2, 2, 0, 0, 2, 1, 0, 1, 2, 1, 2, 1, 1, 1, 1, 1, 2, 1, 1, 2, 0, 0, 0, 1, 2, 1, 0, 0, 1, 0, 2, 0, 0, 0, 1, 0, 1, 0, 0, 1, 0, 0, 1, 2]|[4, 3, 2, 2, 0, 0, 2, 2, 2, 4, 1, 1, 2, 4, 4, 1, 1, 4, 2, 1, 1, 1, 1, 2, 1, 2, 1, 1, 1, 1, 3, 2, 3, 0, 4, 0, 1, 1, 0, 3, 2, 2, 4, 0, 1, 1, 3, 2, 0, 1, 2, 2, 1, 4, 0, 3, 2, 1, 1, 2, 1, 3, 1, 1, 1, 3, 0, 4, 3, 1, 4, 1, 1, 4, 4, 1, 2, 1, 1, 3, 1, 3, 1, 1, 1, 1, 1, 1, 2, 1, 3, 2, 4, 1, 2, 1, 2, 2, 3, 1]|[0, 2, 1, 1, 3, 3, 0, 1, 0, 0, 0, 0, 1, 0, 1, 0, 0, 3, 1, 0, 0, 0, 3, 1, 0, 2, 0, 0, 0, 0, 0, 0, 0, 0, 3, 0, 1, 0, 0, 2, 1, 1, 2, 0, 0, 0, 0, 1, 1, 0, 0, 0, 1, 3, 0, 0, 1, 0, 0, 1, 0, 2, 0, 1, 0, 2, 1, 0, 0, 1, 1, 3, 0, 0, 3, 0, 1, 0, 0, 2, 0, 0, 0, 0, 1, 0, 0, 0, 1, 0, 2, 1, 3, 1, 0, 1, 0, 0, 0, 0],766.0703642986091,56522.79788734501,91299.3196586175,true
55,G4_BALANCED,G4_BALANCED,[31, 22, 42, 15, 26, 58, 95, 82, 77, 12, 47, 5, 93, 78, 98, 54, 85, 63, 18, 44, 20, 35, 43, 97, 91, 76, 10, 30, 21, 45, 71, 64, 1, 23, 17, 83, 24, 61, 60, 36, 6, 57, 94, 88, 65, 56, 79, 40, 67, 68, 46, 29, 38, 9, 19, 32, 81, 41, 27, 87, 90, 62, 99, 59, 11, 16, 72, 73, 70, 39, 37, 84, 3, 92, 25, 74, 28, 75, 51, 50, 33, 14, 86, 48, 7, 89, 66, 96, 53, 80, 4, 8, 55, 49, 0, 52, 13, 2, 69, 34]|[1, 1, 0, 1, 1, 1, 2, 1, 2, 1, 2, 2, 2, 1, 1, 0, 0, 1, 0, 2, 2, 0, 1, 2, 0, 1, 2, 2, 0, 0, 1, 2, 1, 2, 1, 0, 2, 0, 1, 1, 0, 1, 1, 1, 0, 2, 1, 1, 0, 0, 0, 0, 1, 1, 2, 1, 2, 0, 0, 2, 1, 2, 0, 1, 2, 1, 2, 1, 1, 1, 1, 1, 2, 0, 1, 2, 0, 0, 0, 0, 2, 1, 0, 0, 1, 1, 2, 2, 0, 0, 0, 1, 1, 2, 0, 1, 0, 0, 1, 2]|[4, 3, 2, 2, 0, 0, 2, 2, 2, 4, 1, 1, 2, 4, 4, 1, 1, 4, 2, 1, 1, 1, 1, 2, 1, 2, 1, 1, 2, 1, 3, 2, 3, 1, 4, 0, 1, 1, 0, 3, 2, 2, 4, 0, 1, 1, 3, 2, 0, 1, 2, 2, 1, 4, 0, 3, 2, 1, 1, 1, 3, 1, 1, 1, 1, 3, 1, 4, 3, 1, 4, 1, 1, 2, 4, 1, 2, 2, 1, 1, 1, 3, 1, 1, 3, 1, 1, 1, 2, 1, 2, 3, 4, 1, 2, 1, 2, 2, 4, 1]|[0, 2, 1, 1, 3, 3, 0, 1, 0, 0, 0, 0, 1, 0, 1, 0, 0, 3, 1, 0, 0, 0, 3, 1, 0, 2, 0, 0, 0, 1, 0, 0, 0, 0, 3, 0, 1, 0, 0, 2, 1, 1, 2, 0, 0, 0, 0, 1, 1, 0, 0, 0, 1, 3, 0, 0, 1, 0, 0, 0, 2, 0, 0, 1, 0, 2, 0, 0, 0, 1, 1, 3, 0, 1, 3, 0, 1, 0, 0, 0, 0, 0, 0, 0, 2, 1, 0, 0, 1, 0, 1, 2, 3, 0, 0, 1, 0, 0, 2, 0],771.8540185458395,55549.87092772101,92365.27634175272,false
55,G2_TEC,G2_TEC,[31, 94, 82, 15, 26, 9, 95, 42, 77, 68, 47, 5, 93, 78, 86, 54, 85, 63, 18, 44, 20, 49, 36, 14, 74, 50, 53, 17, 21, 28, 11, 64, 3, 23, 30, 83, 24, 41, 40, 52, 65, 27, 90, 70, 39, 87, 48, 69, 99, 4, 98, 1, 13, 56, 97, 59, 45, 8, 73, 37, 35, 79, 71, 66, 76, 32, 60, 80, 58, 6, 67, 61, 33, 7, 57, 34, 12, 16, 10, 22, 96, 88, 43, 81, 91, 2, 84, 29, 92, 19, 89, 51, 46, 25, 72, 75, 38, 55, 62, 0]|[2, 1, 2, 1, 1, 2, 1, 1, 1, 1, 1, 0, 2, 2, 1, 2, 0, 0, 0, 2, 2, 1, 0, 2, 0, 2, 2, 1, 0, 1, 1, 1, 0, 0, 1, 0, 2, 1, 2, 2, 0, 0, 1, 1, 0, 2, 0, 2, 1, 0, 2, 2, 0, 2, 2, 0, 1, 1, 0, 0, 2, 1, 1, 2, 2, 0, 2, 2, 2, 1, 2, 1, 1, 2, 0, 1, 1, 2, 1, 2, 0, 1, 1, 1, 1, 0, 0, 1, 0, 1, 1, 1, 0, 1, 1, 0, 0, 0, 1, 0]|[0, 3, 0, 3, 4, 1, 4, 4, 4, 4, 3, 2, 1, 0, 2, 1, 1, 1, 2, 1, 1, 3, 0, 1, 0, 1, 1, 4, 1, 4, 3, 2, 2, 0, 4, 1, 1, 4, 1, 1, 2, 1, 4, 4, 1, 1, 0, 1, 3, 2, 1, 1, 2, 1, 1, 2, 4, 3, 0, 2, 1, 3, 3, 1, 1, 2, 1, 1, 1, 4, 1, 3, 4, 1, 2, 4, 3, 1, 3, 1, 2, 4, 4, 4, 3, 2, 2, 3, 2, 4, 4, 3, 2, 4, 4, 2, 2, 2, 3, 2]|[0, 2, 0, 0, 3, 0, 1, 3, 1, 0, 2, 0, 1, 0, 1, 0, 0, 0, 1, 0, 0, 2, 0, 0, 1, 0, 0, 3, 0, 1, 0, 2, 0, 0, 3, 0, 1, 1, 0, 0, 0, 0, 1, 3, 0, 0, 1, 0, 2, 0, 0, 0, 0, 0, 1, 0, 1, 0, 1, 1, 0, 2, 0, 0, 0, 0, 0, 0, 0, 2, 0, 0, 1, 0, 0, 1, 0, 0, 3, 0, 0, 1, 2, 2, 0, 0, 0, 3, 0, 1, 1, 0, 0, 3, 1, 0, 0, 0, 0, 0],910.6016522559228,48440.78220299909,106927.37456845613,false
55,G3_TWC,G3_TWC,[31, 22, 42, 15, 26, 58, 95, 82, 77, 12, 47, 5, 93, 78, 98, 54, 85, 63, 18, 44, 20, 35, 43, 97, 91, 76, 10, 30, 21, 45, 71, 64, 1, 23, 17, 83, 24, 61, 60, 49, 6, 57, 94, 88, 65, 56, 79, 40, 67, 68, 46, 75, 0, 9, 19, 32, 81, 41, 27, 62, 87, 90, 99, 59, 53, 16, 72, 73, 70, 39, 37, 84, 3, 92, 25, 74, 28, 38, 51, 7, 11, 14, 86, 48, 89, 66, 50, 96, 33, 80, 8, 4, 34, 36, 55, 52, 13, 2, 69, 29]|[1, 1, 0, 1, 1, 1, 2, 1, 2, 1, 2, 2, 2, 1, 1, 0, 0, 1, 0, 2, 2, 0, 1, 2, 0, 1, 2, 2, 0, 0, 1, 2, 1, 0, 1, 0, 2, 0, 1, 1, 0, 1, 1, 1, 0, 2, 1, 1, 0, 0, 0, 0, 1, 1, 2, 1, 2, 0, 0, 0, 2, 1, 0, 1, 0, 1, 2, 1, 1, 1, 1, 1, 2, 0, 1, 2, 0, 0, 0, 1, 0, 1, 0, 0, 1, 0, 0, 0, 2, 0, 1, 0, 2, 0, 1, 1, 0, 0, 1, 0]|[4, 3, 2, 2, 0, 0, 2, 2, 2, 4, 1, 1, 2, 4, 4, 1, 1, 4, 2, 1, 1, 1, 1, 2, 1, 2, 1, 1, 1, 1, 3, 2, 3, 0, 4, 0, 1, 1, 0, 3, 2, 2, 4, 0, 1, 1, 3, 2, 0, 1, 2, 2, 1, 4, 0, 3, 2, 1, 1, 2, 1, 3, 1, 1, 2, 3, 0, 4, 3, 1, 4, 1, 1, 2, 4, 1, 2, 1, 1, 3, 2, 3, 1, 1, 1, 1, 1, 1, 1, 1, 3, 2, 1, 1, 4, 1, 2, 2, 3, 2]|[0, 2, 1, 1, 3, 3, 0, 1, 0, 0, 0, 0, 1, 0, 1, 0, 0, 3, 1, 0, 0, 0, 3, 1, 0, 2, 0, 0, 0, 1, 0, 0, 0, 0, 3, 0, 1, 0, 0, 2, 1, 1, 2, 0, 0, 0, 0, 1, 1, 0, 0, 0, 1, 3, 0, 0, 1, 0, 0, 1, 0, 2, 0, 1, 1, 2, 1, 0, 0, 1, 1, 3, 0, 1, 3, 0, 1, 0, 0, 2, 1, 0, 0, 0, 1, 0, 0, 0, 0, 0, 2, 1, 0, 1, 3, 1, 0, 0, 0, 0],845.7931659427186,57778.757532044474,86593.12219517957,false
55,G1_CMAX,G1_CMAX,[31, 22, 90, 26, 58, 95, 42, 12, 93, 5, 78, 86, 98, 18, 20, 35, 3, 97, 91, 76, 10, 85, 54, 45, 63, 71, 66, 1, 23, 17, 24, 60, 36, 6, 57, 15, 65, 56, 47, 79, 94, 67, 50, 46, 14, 75, 38, 9, 30, 19, 32, 81, 27, 92, 83, 87, 40, 99, 59, 11, 53, 16, 72, 77, 73, 70, 39, 37, 84, 43, 62, 25, 55, 28, 29, 51, 68, 82, 74, 61, 88, 21, 80, 89, 7, 69, 96, 41, 48, 4, 8, 34, 49, 52, 0, 44, 13, 2, 64, 33]|[1, 1, 1, 1, 0, 2, 1, 1, 2, 2, 2, 1, 0, 1, 2, 2, 1, 2, 0, 1, 2, 2, 2, 0, 0, 1, 2, 1, 2, 1, 2, 1, 1, 0, 1, 1, 0, 2, 2, 1, 1, 0, 0, 0, 0, 1, 1, 1, 1, 2, 1, 2, 2, 0, 0, 2, 1, 0, 0, 2, 0, 1, 2, 2, 1, 1, 1, 1, 1, 1, 0, 1, 1, 0, 0, 0, 0, 0, 2, 1, 1, 0, 0, 1, 1, 1, 2, 2, 0, 1, 1, 2, 0, 1, 0, 0, 0, 0, 2, 2]|[0, 4, 3, 0, 1, 1, 2, 4, 1, 1, 2, 4, 1, 4, 1, 1, 1, 2, 2, 2, 2, 1, 1, 1, 2, 3, 2, 3, 0, 4, 1, 0, 3, 2, 2, 2, 1, 1, 1, 0, 2, 0, 1, 2, 1, 3, 1, 4, 2, 0, 3, 2, 1, 2, 1, 1, 4, 1, 1, 1, 2, 3, 0, 2, 4, 3, 1, 4, 1, 1, 1, 4, 4, 2, 1, 1, 1, 2, 1, 3, 0, 1, 1, 1, 1, 3, 1, 1, 1, 4, 3, 1, 1, 1, 2, 2, 2, 2, 1, 1]|[3, 0, 2, 3, 0, 0, 1, 0, 0, 0, 1, 0, 0, 3, 0, 0, 1, 1, 1, 2, 1, 0, 0, 0, 0, 0, 0, 0, 0, 3, 1, 0, 2, 1, 1, 1, 0, 0, 0, 0, 1, 1, 0, 0, 0, 0, 1, 3, 2, 0, 0, 1, 0, 1, 0, 0, 2, 0, 0, 0, 1, 2, 1, 1, 0, 0, 1, 1, 3, 3, 0, 3, 3, 1, 0, 0, 0, 1, 0, 0, 0, 0, 0, 1, 2, 2, 0, 0, 0, 0, 2, 0, 1, 1, 0, 0, 0, 0, 0, 0],705.0470749739228,58445.79123614564,95781.2895945797,false
55,G4_BALANCED,G4_BALANCED,[31, 11, 82, 15, 26, 9, 95, 42, 77, 68, 47, 5, 93, 78, 86, 54, 85, 63, 18, 44, 20, 49, 36, 14, 74, 50, 53, 17, 21, 45, 71, 64, 3, 23, 30, 83, 24, 41, 60, 52, 65, 27, 90, 70, 39, 87, 48, 69, 99, 4, 46, 1, 13, 58, 97, 59, 28, 75, 73, 37, 35, 79, 22, 66, 76, 32, 40, 80, 96, 6, 16, 61, 33, 7, 57, 34, 12, 67, 10, 98, 56, 88, 29, 8, 91, 38, 19, 92, 43, 84, 51, 72, 81, 62, 2, 55, 0, 89, 94, 25]|[2, 1, 2, 1, 1, 2, 1, 1, 1, 1, 1, 0, 2, 2, 1, 2, 0, 0, 0, 2, 2, 1, 0, 2, 0, 2, 2, 1, 0, 1, 1, 1, 0, 0, 1, 0, 2, 1, 2, 2, 0, 0, 1, 1, 0, 2, 0, 2, 1, 0, 0, 2, 0, 0, 2, 0, 1, 1, 0, 0, 2, 1, 0, 2, 2, 0, 2, 2, 0, 1, 2, 1, 1, 2, 0, 1, 1, 1, 1, 2, 2, 1, 1, 0, 1, 0, 1, 0, 1, 0, 1, 1, 1, 1, 2, 0, 0, 1, 2, 1]|[0, 3, 0, 2, 4, 1, 4, 4, 2, 4, 3, 2, 1, 0, 2, 1, 1, 1, 2, 1, 1, 3, 0, 1, 0, 1, 1, 4, 1, 4, 3, 2, 2, 0, 4, 1, 1, 4, 0, 1, 2, 1, 4, 4, 1, 1, 0, 2, 3, 1, 2, 1, 2, 1, 1, 2, 4, 3, 0, 2, 2, 3, 1, 0, 1, 2, 0, 1, 2, 4, 1, 3, 4, 1, 2, 4, 3, 3, 3, 1, 1, 4, 3, 2, 3, 2, 4, 2, 4, 2, 3, 4, 1, 3, 1, 2, 2, 4, 1, 4]|[0, 2, 0, 1, 3, 0, 1, 3, 0, 0, 2, 0, 1, 0, 1, 0, 0, 0, 1, 0, 0, 2, 0, 0, 1, 0, 0, 3, 0, 1, 0, 2, 0, 1, 3, 0, 1, 3, 1, 0, 0, 0, 1, 3, 0, 0, 1, 0, 2, 0, 0, 0, 0, 0, 1, 0, 1, 0, 1, 1, 0, 2, 0, 0, 0, 0, 0, 0, 0, 2, 0, 0, 1, 0, 0, 1, 0, 0, 3, 0, 0, 1, 0, 0, 0, 0, 3, 0, 2, 0, 0, 2, 1, 0, 0, 0, 0, 1, 0, 3],843.8855010804491,52038.22615277176,107575.91746051938,false
55,G2_TEC,G2_TEC,[31, 94, 82, 15, 26, 9, 95, 42, 77, 68, 47, 5, 93, 78, 86, 54, 85, 63, 18, 44, 20, 49, 36, 14, 74, 50, 53, 17, 21, 28, 11, 64, 3, 23, 30, 83, 24, 41, 40, 52, 65, 27, 90, 70, 39, 87, 48, 69, 99, 4, 98, 1, 13, 56, 97, 59, 45, 8, 73, 37, 35, 79, 71, 66, 76, 32, 60, 80, 58, 6, 67, 61, 33, 7, 57, 34, 12, 16, 10, 22, 96, 88, 43, 81, 91, 2, 84, 29, 92, 19, 89, 51, 46, 25, 72, 75, 38, 55, 62, 0]|[2, 1, 2, 1, 1, 2, 1, 1, 1, 1, 1, 0, 2, 2, 1, 2, 0, 0, 0, 2, 2, 1, 0, 2, 0, 2, 2, 1, 0, 1, 1, 1, 0, 0, 1, 0, 2, 1, 2, 2, 0, 0, 1, 1, 0, 2, 0, 2, 1, 0, 2, 2, 0, 2, 2, 0, 1, 1, 0, 0, 2, 1, 1, 2, 2, 0, 2, 2, 2, 1, 2, 1, 1, 2, 0, 1, 1, 2, 1, 2, 0, 1, 1, 1, 1, 0, 0, 1, 0, 1, 1, 1, 0, 1, 1, 0, 0, 0, 1, 0]|[0, 3, 0, 3, 4, 1, 4, 4, 4, 4, 3, 2, 1, 0, 2, 1, 1, 1, 2, 1, 1, 3, 0, 1, 0, 1, 1, 4, 1, 4, 3, 2, 2, 0, 4, 1, 1, 4, 1, 1, 2, 1, 4, 4, 1, 1, 0, 1, 3, 2, 1, 1, 2, 1, 1, 2, 4, 3, 0, 2, 1, 3, 3, 1, 1, 2, 1, 1, 1, 4, 1, 3, 4, 1, 2, 4, 3, 1, 3, 1, 2, 4, 4, 4, 3, 2, 2, 3, 2, 4, 4, 3, 2, 4, 4, 2, 2, 2, 3, 2]|[0, 2, 0, 0, 3, 0, 1, 3, 1, 0, 2, 0, 1, 0, 1, 0, 0, 0, 1, 0, 0, 2, 0, 0, 1, 0, 0, 3, 0, 1, 0, 2, 0, 0, 3, 0, 1, 1, 0, 0, 0, 0, 1, 3, 0, 0, 1, 0, 2, 0, 0, 0, 0, 0, 1, 0, 1, 0, 1, 1, 0, 2, 0, 0, 0, 0, 0, 0, 0, 2, 0, 0, 1, 0, 0, 1, 0, 0, 3, 0, 0, 1, 2, 2, 0, 0, 0, 3, 0, 1, 1, 0, 0, 3, 1, 0, 0, 0, 0, 0],910.6016522559228,48440.78220299909,106927.37456845613,false
55,G3_TWC,G3_TWC,[31, 22, 42, 15, 26, 58, 95, 82, 77, 12, 47, 5, 93, 78, 98, 54, 85, 63, 18, 44, 20, 35, 43, 97, 91, 76, 10, 30, 21, 45, 71, 64, 1, 23, 17, 83, 24, 61, 60, 49, 6, 57, 94, 88, 65, 56, 79, 40, 67, 68, 46, 75, 0, 9, 19, 32, 81, 41, 27, 62, 87, 90, 99, 59, 53, 16, 72, 73, 70, 39, 37, 84, 3, 92, 25, 74, 28, 38, 51, 7, 11, 14, 86, 48, 89, 66, 50, 96, 33, 80, 8, 4, 34, 36, 55, 52, 13, 2, 69, 29]|[1, 1, 0, 1, 1, 1, 2, 1, 2, 1, 2, 2, 2, 1, 1, 0, 0, 1, 0, 2, 2, 0, 1, 2, 0, 1, 2, 2, 0, 0, 1, 2, 1, 0, 1, 0, 2, 0, 1, 1, 0, 1, 1, 1, 0, 2, 1, 1, 0, 0, 0, 0, 1, 1, 2, 1, 2, 0, 0, 0, 2, 1, 0, 1, 0, 1, 2, 1, 1, 1, 1, 1, 2, 0, 1, 2, 0, 0, 0, 1, 0, 1, 0, 0, 1, 0, 0, 0, 2, 0, 1, 0, 2, 0, 1, 1, 0, 0, 1, 0]|[4, 3, 2, 2, 0, 0, 2, 2, 2, 4, 1, 1, 2, 4, 4, 1, 1, 4, 2, 1, 1, 1, 1, 2, 1, 2, 1, 1, 1, 1, 3, 2, 3, 0, 4, 0, 1, 1, 0, 3, 2, 2, 4, 0, 1, 1, 3, 2, 0, 1, 2, 2, 1, 4, 0, 3, 2, 1, 1, 2, 1, 3, 1, 1, 2, 3, 0, 4, 3, 1, 4, 1, 1, 2, 4, 1, 2, 1, 1, 3, 2, 3, 1, 1, 1, 1, 1, 1, 1, 1, 3, 2, 1, 1, 4, 1, 2, 2, 3, 2]|[0, 2, 1, 1, 3, 3, 0, 1, 0, 0, 0, 0, 1, 0, 1, 0, 0, 3, 1, 0, 0, 0, 3, 1, 0, 2, 0, 0, 0, 1, 0, 0, 0, 0, 3, 0, 1, 0, 0, 2, 1, 1, 2, 0, 0, 0, 0, 1, 1, 0, 0, 0, 1, 3, 0, 0, 1, 0, 0, 1, 0, 2, 0, 1, 1, 2, 1, 0, 0, 1, 1, 3, 0, 1, 3, 0, 1, 0, 0, 2, 1, 0, 0, 0, 1, 0, 0, 0, 0, 0, 2, 1, 0, 1, 3, 1, 0, 0, 0, 0],845.7931659427186,57778.757532044474,86593.12219517957,false
55,G1_CMAX,G4_BALANCED,[31, 22, 82, 15, 26, 58, 95, 42, 77, 12, 47, 5, 93, 78, 86, 54, 85, 63, 18, 44, 20, 35, 43, 97, 66, 76, 10, 30, 21, 45, 71, 64, 1, 23, 17, 83, 24, 14, 60, 36, 6, 57, 40, 88, 65, 56, 79, 94, 67, 68, 46, 29, 38, 9, 19, 32, 81, 41, 27, 87, 90, 62, 99, 59, 11, 16, 72, 73, 70, 39, 37, 84, 3, 92, 25, 55, 28, 75, 51, 7, 91, 61, 98, 8, 89, 50, 33, 96, 49, 48, 80, 4, 34, 53, 52, 0, 13, 2, 69, 74]|[1, 1, 0, 1, 1, 0, 1, 2, 2, 1, 2, 2, 2, 1, 1, 0, 0, 1, 0, 2, 2, 0, 1, 2, 0, 1, 2, 2, 0, 0, 1, 2, 1, 2, 1, 0, 2, 0, 1, 1, 0, 1, 1, 1, 0, 2, 1, 1, 0, 0, 0, 0, 1, 1, 2, 1, 2, 0, 0, 2, 1, 0, 0, 2, 2, 1, 2, 1, 1, 1, 1, 1, 1, 0, 1, 2, 0, 0, 0, 1, 2, 1, 1, 1, 1, 0, 2, 2, 0, 0, 0, 1, 2, 0, 1, 0, 0, 0, 1, 2]|[4, 3, 2, 2, 4, 1, 2, 2, 2, 4, 1, 1, 2, 4, 4, 1, 1, 4, 2, 1, 1, 1, 1, 2, 1, 2, 1, 1, 1, 1, 3, 1, 3, 1, 4, 0, 1, 1, 0, 3, 2, 2, 2, 0, 1, 1, 0, 4, 0, 1, 2, 1, 1, 4, 0, 3, 2, 1, 1, 1, 3, 2, 1, 1, 1, 3, 1, 4, 3, 1, 4, 1, 1, 0, 4, 1, 2, 2, 1, 1, 1, 3, 4, 3, 1, 1, 1, 1, 1, 1, 1, 4, 1, 2, 1, 2, 2, 2, 4, 1]|[0, 2, 1, 1, 3, 0, 1, 0, 0, 0, 0, 0, 1, 0, 1, 0, 0, 3, 1, 0, 0, 0, 3, 1, 0, 2, 0, 0, 0, 0, 0, 0, 0, 0, 3, 0, 1, 0, 0, 2, 1, 1, 1, 0, 0, 0, 0, 2, 1, 0, 0, 0, 1, 3, 0, 0, 1, 0, 0, 0, 2, 1, 0, 0, 0, 2, 0, 0, 0, 1, 1, 3, 1, 1, 3, 0, 1, 0, 0, 2, 0, 0, 1, 2, 1, 0, 0, 0, 1, 0, 0, 0, 0, 1, 1, 0, 0, 0, 2, 0],820.9533813903317,55075.289204387875,98896.49816512917,true
55,G4_BALANCED,G4_BALANCED,[31, 11, 82, 15, 26, 9, 95, 42, 77, 68, 47, 5, 93, 78, 86, 54, 85, 63, 18, 44, 20, 49, 36, 14, 74, 50, 53, 17, 21, 45, 71, 64, 3, 23, 30, 83, 24, 41, 60, 52, 65, 27, 90, 70, 39, 87, 48, 69, 99, 4, 46, 1, 13, 58, 97, 59, 28, 75, 73, 37, 35, 79, 22, 66, 76, 32, 40, 80, 96, 6, 16, 61, 33, 7, 57, 34, 12, 67, 10, 98, 56, 88, 29, 8, 91, 38, 19, 92, 43, 84, 51, 72, 81, 62, 2, 55, 0, 89, 94, 25]|[2, 1, 2, 1, 1, 2, 1, 1, 1, 1, 1, 0, 2, 2, 1, 2, 0, 0, 0, 2, 2, 1, 0, 2, 0, 2, 2, 1, 0, 1, 1, 1, 0, 0, 1, 0, 2, 1, 2, 2, 0, 0, 1, 1, 0, 2, 0, 2, 1, 0, 0, 2, 0, 0, 2, 0, 1, 1, 0, 0, 2, 1, 0, 2, 2, 0, 2, 2, 0, 1, 2, 1, 1, 2, 0, 1, 1, 1, 1, 2, 2, 1, 1, 0, 1, 0, 1, 0, 1, 0, 1, 1, 1, 1, 2, 0, 0, 1, 2, 1]|[0, 3, 0, 2, 4, 1, 4, 4, 2, 4, 3, 2, 1, 0, 2, 1, 1, 1, 2, 1, 1, 3, 0, 1, 0, 1, 1, 4, 1, 4, 3, 2, 2, 0, 4, 1, 1, 4, 0, 1, 2, 1, 4, 4, 1, 1, 0, 2, 3, 1, 2, 1, 2, 1, 1, 2, 4, 3, 0, 2, 2, 3, 1, 0, 1, 2, 0, 1, 2, 4, 1, 3, 4, 1, 2, 4, 3, 3, 3, 1, 1, 4, 3, 2, 3, 2, 4, 2, 4, 2, 3, 4, 1, 3, 1, 2, 2, 4, 1, 4]|[0, 2, 0, 1, 3, 0, 1, 3, 0, 0, 2, 0, 1, 0, 1, 0, 0, 0, 1, 0, 0, 2, 0, 0, 1, 0, 0, 3, 0, 1, 0, 2, 0, 1, 3, 0, 1, 3, 1, 0, 0, 0, 1, 3, 0, 0, 1, 0, 2, 0, 0, 0, 0, 0, 1, 0, 1, 0, 1, 1, 0, 2, 0, 0, 0, 0, 0, 0, 0, 2, 0, 0, 1, 0, 0, 1, 0, 0, 3, 0, 0, 1, 0, 0, 0, 0, 3, 0, 2, 0, 0, 2, 1, 0, 0, 0, 0, 1, 0, 3],843.8855010804491,52038.22615277176,107575.91746051938,false
55,G2_TEC,G2_TEC,[31, 94, 82, 15, 26, 9, 95, 42, 77, 68, 47, 5, 93, 78, 86, 54, 85, 63, 18, 44, 20, 49, 36, 14, 74, 50, 53, 17, 21, 28, 11, 64, 3, 23, 30, 83, 24, 41, 40, 52, 65, 27, 90, 70, 39, 87, 48, 69, 99, 4, 98, 1, 13, 56, 97, 59, 45, 8, 73, 37, 35, 79, 71, 66, 76, 32, 60, 80, 58, 6, 67, 61, 33, 7, 57, 34, 12, 16, 10, 75, 96, 88, 43, 81, 91, 2, 84, 29, 92, 19, 51, 89, 25, 46, 72, 62, 38, 55, 22, 0]|[2, 1, 2, 1, 1, 2, 1, 1, 1, 1, 1, 0, 2, 2, 1, 2, 0, 0, 0, 2, 2, 1, 0, 2, 0, 2, 2, 1, 0, 1, 1, 1, 0, 0, 1, 0, 2, 1, 2, 2, 0, 0, 1, 1, 0, 2, 0, 2, 1, 0, 0, 2, 0, 2, 2, 0, 1, 1, 0, 0, 2, 1, 1, 2, 2, 0, 2, 2, 2, 1, 2, 1, 1, 2, 0, 1, 1, 2, 1, 2, 0, 1, 1, 1, 1, 0, 0, 1, 0, 1, 1, 1, 1, 0, 1, 1, 0, 0, 2, 0]|[0, 3, 0, 3, 4, 1, 4, 4, 4, 4, 3, 2, 1, 0, 2, 1, 1, 1, 2, 1, 1, 3, 0, 1, 0, 1, 1, 4, 1, 4, 3, 2, 2, 0, 4, 1, 1, 4, 1, 1, 2, 1, 4, 4, 1, 1, 0, 1, 3, 2, 2, 1, 2, 1, 1, 2, 4, 3, 0, 2, 1, 3, 3, 1, 1, 2, 1, 1, 1, 4, 1, 3, 4, 1, 2, 4, 3, 1, 3, 1, 2, 4, 4, 4, 3, 2, 2, 3, 2, 4, 3, 4, 4, 2, 4, 3, 2, 2, 1, 2]|[0, 2, 0, 0, 3, 0, 1, 3, 1, 0, 2, 0, 1, 0, 1, 0, 0, 0, 1, 0, 0, 2, 0, 0, 1, 0, 0, 3, 0, 1, 0, 2, 0, 0, 3, 0, 1, 1, 0, 0, 0, 0, 1, 3, 0, 0, 1, 0, 2, 0, 0, 0, 0, 0, 1, 0, 1, 0, 1, 1, 0, 2, 0, 0, 0, 0, 0, 0, 0, 2, 0, 0, 1, 0, 0, 1, 0, 0, 3, 0, 0, 1, 2, 2, 0, 0, 0, 3, 0, 1, 0, 1, 3, 0, 1, 0, 0, 0, 0, 0],910.6016522559228,48461.383380801824,106820.73936281234,false
55,G3_TWC,G3_TWC,[31, 22, 42, 15, 26, 58, 95, 82, 77, 12, 47, 5, 93, 78, 98, 54, 85, 63, 18, 44, 20, 35, 43, 97, 91, 76, 10, 30, 21, 45, 71, 64, 1, 23, 17, 83, 24, 61, 60, 49, 6, 57, 94, 88, 65, 56, 79, 40, 67, 68, 46, 75, 0, 9, 19, 32, 81, 41, 27, 62, 87, 90, 99, 59, 53, 16, 72, 73, 70, 39, 37, 84, 3, 92, 25, 74, 28, 38, 51, 7, 11, 14, 86, 48, 89, 66, 50, 96, 33, 80, 8, 4, 34, 36, 55, 52, 13, 2, 69, 29]|[1, 1, 0, 1, 1, 1, 2, 1, 2, 1, 2, 2, 2, 1, 1, 0, 0, 1, 0, 2, 2, 0, 1, 2, 0, 1, 2, 2, 0, 0, 1, 2, 1, 0, 1, 0, 2, 0, 1, 1, 0, 1, 1, 1, 0, 2, 1, 1, 0, 0, 0, 0, 1, 1, 2, 1, 2, 0, 0, 0, 2, 1, 0, 1, 0, 1, 2, 1, 1, 1, 1, 1, 2, 0, 1, 2, 0, 0, 0, 1, 0, 1, 0, 0, 1, 0, 0, 0, 2, 0, 1, 0, 2, 0, 1, 1, 0, 0, 1, 0]|[4, 3, 2, 2, 0, 0, 2, 2, 2, 4, 1, 1, 2, 4, 4, 1, 1, 4, 2, 1, 1, 1, 1, 2, 1, 2, 1, 1, 1, 1, 3, 2, 3, 0, 4, 0, 1, 1, 0, 3, 2, 2, 4, 0, 1, 1, 3, 2, 0, 1, 2, 2, 1, 4, 0, 3, 2, 1, 1, 2, 1, 3, 1, 1, 2, 3, 0, 4, 3, 1, 4, 1, 1, 2, 4, 1, 2, 1, 1, 3, 2, 3, 1, 1, 1, 1, 1, 1, 1, 1, 3, 2, 1, 1, 4, 1, 2, 2, 3, 2]|[0, 2, 1, 1, 3, 3, 0, 1, 0, 0, 0, 0, 1, 0, 1, 0, 0, 3, 1, 0, 0, 0, 3, 1, 0, 2, 0, 0, 0, 1, 0, 0, 0, 0, 3, 0, 1, 0, 0, 2, 1, 1, 2, 0, 0, 0, 0, 1, 1, 0, 0, 0, 1, 3, 0, 0, 1, 0, 0, 1, 0, 2, 0, 1, 1, 2, 1, 0, 0, 1, 1, 3, 0, 1, 3, 0, 1, 0, 0, 2, 1, 0, 0, 0, 1, 0, 0, 0, 0, 0, 2, 1, 0, 1, 3, 1, 0, 0, 0, 0],845.7931659427186,57778.757532044474,86593.12219517957,false
55,G1_CMAX,G3_TWC,[31, 22, 42, 15, 26, 58, 95, 82, 77, 12, 47, 5, 93, 78, 98, 54, 85, 63, 18, 44, 20, 35, 43, 97, 91, 76, 10, 30, 21, 45, 71, 64, 1, 23, 17, 83, 24, 61, 60, 36, 6, 57, 94, 88, 65, 56, 79, 40, 67, 68, 46, 75, 38, 9, 19, 32, 81, 41, 27, 62, 87, 90, 99, 59, 11, 16, 72, 73, 70, 39, 37, 84, 3, 92, 25, 74, 28, 29, 51, 7, 33, 14, 86, 48, 89, 50, 4, 96, 53, 80, 66, 8, 55, 49, 0, 52, 13, 2, 69, 34]|[1, 1, 0, 1, 1, 1, 2, 1, 2, 1, 2, 2, 2, 1, 1, 0, 0, 1, 0, 2, 2, 0, 1, 2, 0, 1, 2, 2, 0, 0, 1, 2, 1, 2, 1, 0, 2, 0, 1, 1, 0, 1, 1, 1, 0, 2, 1, 1, 0, 0, 0, 0, 1, 1, 2, 1, 2, 0, 0, 0, 2, 1, 0, 1, 2, 1, 2, 1, 1, 1, 1, 1, 2, 0, 1, 2, 0, 0, 0, 1, 2, 1, 0, 0, 1, 0, 1, 2, 0, 0, 2, 1, 2, 0, 0, 1, 0, 0, 1, 2]|[4, 3, 2, 2, 0, 0, 2, 2, 2, 4, 1, 1, 2, 4, 4, 1, 1, 4, 2, 1, 1, 1, 1, 2, 1, 2, 1, 1, 1, 1, 3, 2, 3, 0, 4, 0, 1, 1, 0, 3, 2, 2, 4, 0, 1, 1, 3, 2, 0, 1, 2, 2, 1, 4, 0, 3, 2, 1, 1, 2, 1, 3, 1, 1, 1, 3, 0, 4, 3, 1, 4, 1, 1, 2, 4, 1, 2, 1, 1, 1, 1, 3, 1, 1, 1, 1, 4, 1, 2, 1, 1, 3, 1, 1, 2, 1, 2, 2, 4, 1]|[0, 2, 1, 1, 3, 3, 0, 1, 0, 0, 0, 0, 1, 0, 1, 0, 0, 3, 1, 0, 0, 0, 3, 1, 0, 2, 0, 0, 0, 1, 0, 0, 0, 0, 3, 0, 1, 0, 0, 2, 1, 1, 2, 0, 0, 0, 0, 1, 1, 0, 0, 0, 1, 3, 0, 0, 1, 0, 0, 1, 0, 2, 0, 1, 0, 2, 1, 0, 0, 1, 1, 3, 0, 1, 3, 0, 1, 0, 0, 2, 0, 0, 0, 0, 1, 0, 0, 0, 1, 0, 0, 2, 0, 1, 0, 1, 0, 0, 2, 0],747.3116888068486,57146.32467161413,89824.70103908019,true
55,G4_BALANCED,G4_BALANCED,[31, 11, 82, 15, 26, 9, 95, 42, 77, 68, 47, 5, 93, 78, 86, 54, 85, 63, 18, 44, 20, 49, 36, 14, 74, 50, 53, 17, 21, 45, 71, 64, 3, 23, 30, 83, 24, 41, 60, 52, 65, 27, 90, 70, 39, 87, 48, 69, 99, 4, 46, 1, 13, 58, 97, 59, 28, 75, 73, 37, 35, 79, 22, 66, 76, 32, 40, 80, 96, 6, 16, 61, 33, 7, 57, 34, 12, 67, 10, 98, 56, 88, 29, 8, 91, 38, 19, 92, 43, 84, 51, 72, 81, 62, 2, 55, 0, 89, 94, 25]|[2, 1, 2, 1, 1, 2, 1, 1, 1, 1, 1, 0, 2, 2, 1, 2, 0, 0, 0, 2, 2, 1, 0, 2, 0, 2, 2, 1, 0, 1, 1, 1, 0, 0, 1, 0, 2, 1, 2, 2, 0, 0, 1, 1, 0, 2, 0, 2, 1, 0, 0, 2, 0, 0, 2, 0, 1, 1, 0, 0, 2, 1, 0, 2, 2, 0, 2, 2, 0, 1, 2, 1, 1, 2, 0, 1, 1, 1, 1, 2, 2, 1, 1, 0, 1, 0, 1, 0, 1, 0, 1, 1, 1, 1, 2, 0, 0, 1, 2, 1]|[0, 3, 0, 2, 4, 1, 4, 4, 2, 4, 3, 2, 1, 0, 2, 1, 1, 1, 2, 1, 1, 3, 0, 1, 0, 1, 1, 4, 1, 4, 3, 2, 2, 0, 4, 1, 1, 4, 0, 1, 2, 1, 4, 4, 1, 1, 0, 2, 3, 1, 2, 1, 2, 1, 1, 2, 4, 3, 0, 2, 2, 3, 1, 0, 1, 2, 0, 1, 2, 4, 1, 3, 4, 1, 2, 4, 3, 3, 3, 1, 1, 4, 3, 2, 3, 2, 4, 2, 4, 2, 3, 4, 1, 3, 1, 2, 2, 4, 1, 4]|[0, 2, 0, 1, 3, 0, 1, 3, 0, 0, 2, 0, 1, 0, 1, 0, 0, 0, 1, 0, 0, 2, 0, 0, 1, 0, 0, 3, 0, 1, 0, 2, 0, 1, 3, 0, 1, 3, 1, 0, 0, 0, 1, 3, 0, 0, 1, 0, 2, 0, 0, 0, 0, 0, 1, 0, 1, 0, 1, 1, 0, 2, 0, 0, 0, 0, 0, 0, 0, 2, 0, 0, 1, 0, 0, 1, 0, 0, 3, 0, 0, 1, 0, 0, 0, 0, 3, 0, 2, 0, 0, 2, 1, 0, 0, 0, 0, 1, 0, 3],843.8855010804491,52038.22615277176,107575.91746051938,false
55,G2_TEC,G2_TEC,[31, 94, 82, 15, 26, 9, 95, 42, 77, 68, 47, 5, 93, 78, 86, 54, 85, 63, 18, 44, 20, 49, 36, 14, 74, 50, 53, 17, 21, 28, 11, 64, 3, 23, 30, 83, 24, 41, 40, 52, 65, 27, 90, 70, 39, 87, 48, 69, 99, 4, 98, 1, 13, 56, 97, 59, 45, 8, 73, 37, 35, 79, 71, 66, 76, 32, 60, 80, 58, 6, 67, 61, 33, 7, 57, 34, 12, 16, 10, 75, 96, 88, 43, 81, 91, 2, 84, 29, 92, 19, 51, 89, 25, 46, 72, 62, 38, 55, 22, 0]|[2, 1, 2, 1, 1, 2, 1, 1, 1, 1, 1, 0, 2, 2, 1, 2, 0, 0, 0, 2, 2, 1, 0, 2, 0, 2, 2, 1, 0, 1, 1, 1, 0, 0, 1, 0, 2, 1, 2, 2, 0, 0, 1, 1, 0, 2, 0, 2, 1, 0, 0, 2, 0, 2, 2, 0, 1, 1, 0, 0, 2, 1, 1, 2, 2, 0, 2, 2, 2, 1, 2, 1, 1, 2, 0, 1, 1, 2, 1, 2, 0, 1, 1, 1, 1, 0, 0, 1, 0, 1, 1, 1, 1, 0, 1, 1, 0, 0, 2, 0]|[0, 3, 0, 3, 4, 1, 4, 4, 4, 4, 3, 2, 1, 0, 2, 1, 1, 1, 2, 1, 1, 3, 0, 1, 0, 1, 1, 4, 1, 4, 3, 2, 2, 0, 4, 1, 1, 4, 1, 1, 2, 1, 4, 4, 1, 1, 0, 1, 3, 2, 2, 1, 2, 1, 1, 2, 4, 3, 0, 2, 1, 3, 3, 1, 1, 2, 1, 1, 1, 4, 1, 3, 4, 1, 2, 4, 3, 1, 3, 1, 2, 4, 4, 4, 3, 2, 2, 3, 2, 4, 3, 4, 4, 2, 4, 3, 2, 2, 1, 2]|[0, 2, 0, 0, 3, 0, 1, 3, 1, 0, 2, 0, 1, 0, 1, 0, 0, 0, 1, 0, 0, 2, 0, 0, 1, 0, 0, 3, 0, 1, 0, 2, 0, 0, 3, 0, 1, 1, 0, 0, 0, 0, 1, 3, 0, 0, 1, 0, 2, 0, 0, 0, 0, 0, 1, 0, 1, 0, 1, 1, 0, 2, 0, 0, 0, 0, 0, 0, 0, 2, 0, 0, 1, 0, 0, 1, 0, 0, 3, 0, 0, 1, 2, 2, 0, 0, 0, 3, 0, 1, 0, 1, 3, 0, 1, 0, 0, 0, 0, 0],910.6016522559228,48461.383380801824,106820.73936281234,false
55,G3_TWC,G3_TWC,[31, 22, 42, 15, 26, 58, 95, 82, 77, 12, 47, 5, 93, 78, 98, 54, 85, 63, 18, 44, 20, 35, 43, 97, 91, 76, 10, 30, 21, 45, 71, 64, 1, 23, 17, 83, 24, 61, 60, 49, 6, 57, 94, 88, 65, 56, 79, 40, 67, 68, 46, 75, 0, 9, 19, 32, 81, 41, 27, 62, 87, 90, 99, 59, 53, 16, 72, 73, 70, 39, 37, 84, 3, 92, 25, 74, 28, 38, 51, 7, 11, 14, 86, 48, 89, 66, 50, 96, 33, 80, 8, 4, 34, 36, 55, 52, 13, 2, 69, 29]|[1, 1, 0, 1, 1, 1, 2, 1, 2, 1, 2, 2, 2, 1, 1, 0, 0, 1, 0, 2, 2, 0, 1, 2, 0, 1, 2, 2, 0, 0, 1, 2, 1, 0, 1, 0, 2, 0, 1, 1, 0, 1, 1, 1, 0, 2, 1, 1, 0, 0, 0, 0, 1, 1, 2, 1, 2, 0, 0, 0, 2, 1, 0, 1, 0, 1, 2, 1, 1, 1, 1, 1, 2, 0, 1, 2, 0, 0, 0, 1, 0, 1, 0, 0, 1, 0, 0, 0, 2, 0, 1, 0, 2, 0, 1, 1, 0, 0, 1, 0]|[4, 3, 2, 2, 0, 0, 2, 2, 2, 4, 1, 1, 2, 4, 4, 1, 1, 4, 2, 1, 1, 1, 1, 2, 1, 2, 1, 1, 1, 1, 3, 2, 3, 0, 4, 0, 1, 1, 0, 3, 2, 2, 4, 0, 1, 1, 3, 2, 0, 1, 2, 2, 1, 4, 0, 3, 2, 1, 1, 2, 1, 3, 1, 1, 2, 3, 0, 4, 3, 1, 4, 1, 1, 2, 4, 1, 2, 1, 1, 3, 2, 3, 1, 1, 1, 1, 1, 1, 1, 1, 3, 2, 1, 1, 4, 1, 2, 2, 3, 2]|[0, 2, 1, 1, 3, 3, 0, 1, 0, 0, 0, 0, 1, 0, 1, 0, 0, 3, 1, 0, 0, 0, 3, 1, 0, 2, 0, 0, 0, 1, 0, 0, 0, 0, 3, 0, 1, 0, 0, 2, 1, 1, 2, 0, 0, 0, 0, 1, 1, 0, 0, 0, 1, 3, 0, 0, 1, 0, 0, 1, 0, 2, 0, 1, 1, 2, 1, 0, 0, 1, 1, 3, 0, 1, 3, 0, 1, 0, 0, 2, 1, 0, 0, 0, 1, 0, 0, 0, 0, 0, 2, 1, 0, 1, 3, 1, 0, 0, 0, 0],845.7931659427186,57778.757532044474,86593.12219517957,false
55,G1_CMAX,G1_CMAX,[31, 22, 82, 15, 26, 99, 95, 42, 77, 12, 47, 5, 93, 78, 86, 54, 21, 63, 18, 44, 20, 35, 43, 97, 91, 76, 10, 30, 85, 45, 71, 64, 1, 23, 17, 83, 24, 14, 60, 36, 6, 57, 40, 88, 65, 56, 79, 94, 67, 68, 46, 75, 38, 9, 19, 32, 41, 81, 27, 87, 90, 58, 59, 11, 16, 72, 73, 70, 39, 37, 84, 3, 92, 25, 55, 48, 62, 29, 51, 96, 98, 61, 66, 28, 89, 50, 4, 7, 53, 80, 8, 33, 34, 2, 52, 13, 0, 69, 74, 49]|[1, 1, 0, 1, 1, 0, 1, 1, 2, 1, 2, 2, 2, 1, 1, 0, 0, 1, 0, 2, 2, 0, 1, 2, 0, 1, 2, 2, 0, 0, 1, 2, 1, 2, 1, 0, 2, 0, 1, 1, 0, 1, 1, 1, 0, 2, 1, 1, 0, 0, 0, 0, 1, 1, 2, 1, 0, 2, 0, 2, 1, 0, 1, 2, 1, 2, 1, 1, 1, 1, 1, 1, 0, 1, 2, 0, 0, 0, 0, 2, 2, 1, 2, 0, 1, 0, 1, 2, 0, 0, 1, 2, 2, 0, 1, 0, 0, 1, 2, 0]|[4, 3, 2, 2, 4, 1, 2, 3, 2, 4, 1, 1, 2, 4, 4, 1, 1, 4, 2, 1, 1, 1, 1, 2, 1, 2, 1, 1, 2, 1, 3, 2, 3, 1, 4, 0, 1, 1, 0, 3, 2, 2, 2, 0, 1, 1, 0, 4, 0, 1, 2, 2, 1, 4, 0, 3, 1, 2, 1, 1, 3, 1, 1, 1, 3, 0, 4, 3, 1, 4, 1, 1, 0, 4, 1, 1, 2, 1, 1, 1, 1, 3, 1, 2, 1, 1, 4, 1, 2, 1, 3, 1, 1, 2, 1, 2, 2, 4, 1, 1]|[0, 2, 1, 1, 3, 0, 1, 3, 0, 0, 0, 0, 1, 0, 1, 0, 0, 3, 1, 0, 0, 0, 3, 1, 0, 2, 0, 0, 0, 1, 0, 0, 0, 0, 3, 0, 1, 0, 0, 2, 1, 1, 1, 0, 0, 0, 0, 2, 1, 0, 0, 0, 1, 3, 0, 0, 0, 1, 0, 0, 2, 0, 1, 0, 2, 1, 0, 0, 1, 1, 3, 1, 1, 3, 0, 0, 1, 0, 0, 0, 0, 0, 0, 1, 1, 0, 0, 0, 1, 0, 2, 0, 0, 0, 1, 0, 0, 2, 0, 1],733.6437548344954,56435.96944926724,92290.19097821631,false
55,G4_BALANCED,G4_BALANCED,[31, 11, 82, 15, 26, 9, 95, 42, 77, 68, 47, 5, 93, 78, 86, 54, 85, 63, 18, 44, 20, 49, 36, 14, 74, 50, 53, 17, 21, 45, 71, 64, 3, 23, 30, 83, 24, 41, 60, 52, 65, 27, 90, 70, 39, 87, 48, 69, 99, 4, 46, 1, 13, 58, 97, 59, 28, 75, 73, 37, 35, 79, 22, 66, 76, 32, 40, 80, 96, 6, 16, 61, 33, 7, 57, 34, 12, 67, 10, 98, 56, 88, 29, 8, 91, 38, 19, 92, 43, 84, 51, 72, 81, 62, 2, 55, 0, 89, 94, 25]|[2, 1, 2, 1, 1, 2, 1, 1, 1, 1, 1, 0, 2, 2, 1, 2, 0, 0, 0, 2, 2, 1, 0, 2, 0, 2, 2, 1, 0, 1, 1, 1, 0, 0, 1, 0, 2, 1, 2, 2, 0, 0, 1, 1, 0, 2, 0, 2, 1, 0, 0, 2, 0, 0, 2, 0, 1, 1, 0, 0, 2, 1, 0, 2, 2, 0, 2, 2, 0, 1, 2, 1, 1, 2, 0, 1, 1, 1, 1, 2, 2, 1, 1, 0, 1, 0, 1, 0, 1, 0, 1, 1, 1, 1, 2, 0, 0, 1, 2, 1]|[0, 3, 0, 2, 4, 1, 4, 4, 2, 4, 3, 2, 1, 0, 2, 1, 1, 1, 2, 1, 1, 3, 0, 1, 0, 1, 1, 4, 1, 4, 3, 2, 2, 0, 4, 1, 1, 4, 0, 1, 2, 1, 4, 4, 1, 1, 0, 2, 3, 1, 2, 1, 2, 1, 1, 2, 4, 3, 0, 2, 2, 3, 1, 0, 1, 2, 0, 1, 2, 4, 1, 3, 4, 1, 2, 4, 3, 3, 3, 1, 1, 4, 3, 2, 3, 2, 4, 2, 4, 2, 3, 4, 1, 3, 1, 2, 2, 4, 1, 4]|[0, 2, 0, 1, 3, 0, 1, 3, 0, 0, 2, 0, 1, 0, 1, 0, 0, 0, 1, 0, 0, 2, 0, 0, 1, 0, 0, 3, 0, 1, 0, 2, 0, 1, 3, 0, 1, 3, 1, 0, 0, 0, 1, 3, 0, 0, 1, 0, 2, 0, 0, 0, 0, 0, 1, 0, 1, 0, 1, 1, 0, 2, 0, 0, 0, 0, 0, 0, 0, 2, 0, 0, 1, 0, 0, 1, 0, 0, 3, 0, 0, 1, 0, 0, 0, 0, 3, 0, 2, 0, 0, 2, 1, 0, 0, 0, 0, 1, 0, 3],843.8855010804491,52038.22615277176,107575.91746051938,false
55,G2_TEC,G2_TEC,[31, 94, 82, 15, 26, 9, 95, 42, 77, 68, 47, 5, 93, 78, 86, 54, 85, 63, 18, 44, 20, 49, 36, 14, 74, 50, 53, 17, 21, 28, 11, 64, 3, 23, 30, 83, 24, 41, 40, 52, 65, 27, 90, 70, 39, 87, 48, 69, 99, 4, 98, 1, 13, 56, 97, 59, 45, 8, 73, 37, 35, 79, 71, 66, 76, 32, 60, 80, 58, 6, 67, 61, 33, 7, 57, 34, 12, 16, 10, 75, 96, 88, 43, 81, 91, 2, 84, 29, 92, 19, 51, 89, 25, 46, 72, 62, 38, 55, 22, 0]|[2, 1, 2, 1, 1, 2, 1, 1, 1, 1, 1, 0, 2, 2, 1, 2, 0, 0, 0, 2, 2, 1, 0, 2, 0, 2, 2, 1, 0, 1, 1, 1, 0, 0, 1, 0, 2, 1, 2, 2, 0, 0, 1, 1, 0, 2, 0, 2, 1, 0, 0, 2, 0, 2, 2, 0, 1, 1, 0, 0, 2, 1, 1, 2, 2, 0, 2, 2, 2, 1, 2, 1, 1, 2, 0, 1, 1, 2, 1, 2, 0, 1, 1, 1, 1, 0, 0, 1, 0, 1, 1, 1, 1, 0, 1, 1, 0, 0, 2, 0]|[0, 3, 0, 3, 4, 1, 4, 4, 4, 4, 3, 2, 1, 0, 2, 1, 1, 1, 2, 1, 1, 3, 0, 1, 0, 1, 1, 4, 1, 4, 3, 2, 2, 0, 4, 1, 1, 4, 1, 1, 2, 1, 4, 4, 1, 1, 0, 1, 3, 2, 2, 1, 2, 1, 1, 2, 4, 3, 0, 2, 1, 3, 3, 1, 1, 2, 1, 1, 1, 4, 1, 3, 4, 1, 2, 4, 3, 1, 3, 1, 2, 4, 4, 4, 3, 2, 2, 3, 2, 4, 3, 4, 4, 2, 4, 3, 2, 2, 1, 2]|[0, 2, 0, 0, 3, 0, 1, 3, 1, 0, 2, 0, 1, 0, 1, 0, 0, 0, 1, 0, 0, 2, 0, 0, 1, 0, 0, 3, 0, 1, 0, 2, 0, 0, 3, 0, 1, 1, 0, 0, 0, 0, 1, 3, 0, 0, 1, 0, 2, 0, 0, 0, 0, 0, 1, 0, 1, 0, 1, 1, 0, 2, 0, 0, 0, 0, 0, 0, 0, 2, 0, 0, 1, 0, 0, 1, 0, 0, 3, 0, 0, 1, 2, 2, 0, 0, 0, 3, 0, 1, 0, 1, 3, 0, 1, 0, 0, 0, 0, 0],910.6016522559228,48461.383380801824,106820.73936281234,false
55,G3_TWC,G4_BALANCED,[31, 22, 82, 15, 26, 99, 95, 42, 77, 12, 47, 5, 93, 78, 86, 54, 21, 63, 18, 44, 20, 35, 43, 97, 91, 76, 10, 30, 85, 45, 71, 64, 1, 23, 17, 83, 24, 14, 60, 36, 6, 57, 40, 88, 65, 56, 79, 94, 67, 68, 46, 75, 38, 9, 19, 32, 41, 81, 27, 87, 90, 58, 59, 11, 16, 72, 73, 70, 39, 37, 84, 3, 92, 25, 55, 62, 28, 29, 51, 7, 33, 61, 48, 66, 89, 50, 98, 96, 53, 80, 4, 8, 34, 49, 52, 0, 13, 2, 69, 74]|[1, 1, 0, 1, 1, 0, 1, 1, 2, 1, 2, 2, 2, 1, 1, 0, 0, 1, 0, 2, 2, 0, 1, 2, 0, 1, 2, 2, 0, 0, 1, 2, 1, 2, 1, 0, 2, 0, 1, 1, 0, 1, 1, 1, 0, 2, 1, 1, 0, 0, 0, 0, 1, 1, 2, 1, 2, 2, 0, 2, 1, 0, 1, 2, 1, 2, 1, 1, 1, 1, 1, 1, 0, 1, 2, 0, 0, 0, 0, 2, 2, 1, 0, 2, 1, 0, 2, 2, 0, 0, 1, 1, 2, 0, 1, 0, 0, 0, 1, 2]|[0, 3, 2, 2, 4, 1, 2, 3, 2, 4, 1, 1, 2, 4, 4, 1, 1, 4, 2, 1, 1, 1, 1, 2, 1, 2, 1, 1, 2, 1, 3, 2, 3, 0, 4, 0, 1, 1, 0, 3, 2, 2, 2, 0, 1, 1, 0, 4, 0, 1, 2, 2, 1, 4, 0, 3, 2, 1, 1, 1, 3, 1, 1, 1, 3, 0, 4, 3, 1, 4, 1, 1, 2, 4, 1, 2, 2, 1, 1, 1, 1, 3, 1, 1, 1, 1, 1, 1, 2, 1, 4, 3, 1, 1, 1, 2, 2, 2, 4, 1]|[0, 2, 1, 1, 3, 0, 1, 3, 0, 0, 0, 0, 1, 0, 1, 0, 0, 3, 1, 0, 0, 0, 3, 1, 0, 2, 0, 0, 0, 1, 0, 0, 0, 0, 3, 0, 1, 0, 0, 2, 1, 1, 1, 0, 0, 0, 0, 2, 1, 0, 0, 0, 1, 3, 0, 0, 1, 0, 0, 0, 2, 0, 1, 0, 2, 1, 0, 0, 1, 1, 3, 1, 1, 3, 0, 1, 1, 0, 0, 0, 0, 0, 0, 0, 1, 0, 0, 0, 1, 0, 0, 2, 0, 1, 1, 0, 0, 0, 2, 0],721.5061524654766,57732.676531569545,92274.47002206098,true
55,G1_CMAX,G4_BALANCED,[31, 22, 82, 15, 26, 99, 95, 42, 77, 12, 47, 5, 93, 78, 86, 54, 21, 63, 18, 44, 20, 23, 43, 97, 91, 76, 10, 30, 85, 45, 71, 64, 1, 35, 17, 83, 24, 14, 60, 36, 6, 57, 40, 88, 65, 56, 79, 94, 67, 68, 46, 75, 38, 9, 19, 32, 41, 81, 27, 87, 62, 90, 58, 59, 16, 72, 73, 70, 39, 37, 84, 3, 92, 25, 55, 48, 11, 29, 51, 96, 33, 61, 98, 66, 89, 50, 4, 7, 53, 80, 8, 28, 34, 49, 52, 0, 74, 69, 2, 13]|[2, 1, 0, 1, 1, 0, 1, 1, 2, 1, 2, 2, 2, 1, 1, 0, 0, 1, 0, 2, 2, 0, 1, 2, 0, 1, 2, 2, 0, 0, 1, 2, 1, 2, 1, 0, 2, 0, 1, 1, 0, 1, 1, 1, 0, 2, 1, 1, 0, 0, 0, 0, 1, 1, 2, 1, 0, 2, 0, 2, 0, 1, 0, 1, 1, 2, 1, 1, 1, 1, 1, 1, 0, 1, 2, 0, 2, 0, 0, 2, 2, 1, 2, 2, 1, 0, 1, 2, 0, 0, 1, 0, 2, 0, 1, 0, 2, 1, 0, 0]|[1, 3, 2, 2, 4, 1, 2, 3, 2, 4, 1, 1, 2, 4, 4, 1, 1, 4, 2, 1, 1, 1, 1, 2, 1, 2, 1, 1, 2, 1, 3, 2, 3, 0, 4, 0, 1, 1, 0, 3, 2, 2, 2, 0, 1, 1, 0, 4, 0, 1, 2, 2, 1, 4, 0, 3, 1, 2, 1, 1, 2, 3, 1, 1, 3, 0, 4, 3, 1, 4, 1, 1, 0, 4, 1, 1, 1, 1, 1, 1, 1, 3, 1, 1, 1, 1, 4, 1, 2, 1, 3, 2, 1, 1, 1, 2, 1, 4, 2, 2]|[0, 2, 1, 1, 3, 0, 1, 3, 0, 0, 0, 0, 1, 0, 1, 0, 0, 3, 1, 0, 0, 0, 3, 1, 0, 2, 0, 0, 0, 1, 0, 0, 0, 0, 3, 0, 1, 0, 0, 2, 1, 1, 1, 0, 0, 0, 0, 2, 1, 0, 0, 0, 1, 3, 0, 0, 0, 1, 0, 0, 1, 2, 0, 1, 2, 1, 0, 0, 1, 1, 3, 1, 1, 3, 0, 0, 0, 0, 0, 0, 0, 0, 0, 0, 1, 0, 0, 0, 1, 0, 2, 1, 0, 1, 1, 0, 0, 2, 0, 0],746.998318561944,56705.00401616378,91603.00561069252,true
55,G4_BALANCED,G3_TWC,[31, 22, 42, 15, 26, 58, 95, 82, 77, 12, 47, 5, 93, 78, 98, 54, 85, 63, 18, 44, 20, 35, 43, 97, 91, 76, 10, 30, 21, 45, 71, 64, 1, 23, 17, 83, 24, 61, 60, 36, 6, 57, 94, 88, 65, 56, 79, 40, 67, 68, 46, 75, 38, 9, 19, 32, 81, 41, 27, 62, 87, 90, 99, 59, 53, 16, 72, 73, 70, 39, 37, 84, 3, 92, 25, 74, 28, 29, 51, 7, 33, 14, 86, 48, 89, 50, 66, 96, 11, 80, 8, 4, 55, 49, 0, 52, 13, 2, 69, 34]|[1, 1, 0, 1, 1, 1, 2, 1, 2, 1, 2, 2, 2, 1, 1, 0, 0, 1, 0, 2, 2, 0, 1, 2, 0, 1, 2, 2, 0, 0, 1, 2, 1, 2, 1, 0, 2, 0, 1, 1, 0, 1, 1, 1, 0, 2, 1, 1, 0, 0, 0, 0, 1, 1, 2, 1, 2, 2, 0, 0, 2, 1, 0, 1, 0, 1, 2, 1, 1, 1, 1, 1, 2, 0, 1, 2, 0, 0, 0, 1, 2, 1, 0, 0, 1, 0, 2, 0, 2, 0, 1, 0, 1, 0, 0, 1, 0, 0, 1, 2]|[4, 3, 2, 2, 0, 0, 2, 2, 2, 4, 1, 1, 2, 4, 4, 1, 1, 4, 2, 1, 1, 1, 1, 2, 1, 2, 1, 1, 1, 1, 3, 2, 3, 0, 4, 0, 1, 1, 0, 3, 2, 2, 4, 0, 1, 1, 3, 2, 0, 1, 2, 2, 1, 4, 0, 3, 2, 1, 1, 2, 1, 3, 1, 1, 2, 3, 0, 4, 3, 1, 4, 1, 1, 2, 4, 1, 2, 1, 1, 3, 1, 3, 1, 1, 1, 1, 1, 1, 1, 1, 3, 2, 4, 1, 2, 1, 2, 2, 4, 1]|[0, 2, 1, 1, 3, 3, 0, 1, 0, 0, 0, 0, 1, 0, 1, 0, 0, 3, 1, 0, 0, 0, 3, 1, 0, 2, 0, 0, 0, 0, 0, 0, 0, 0, 3, 0, 1, 0, 0, 2, 1, 1, 2, 0, 0, 0, 0, 1, 1, 0, 0, 0, 1, 3, 0, 0, 1, 0, 0, 1, 0, 2, 0, 1, 1, 2, 1, 0, 0, 1, 1, 3, 0, 1, 3, 0, 1, 0, 0, 2, 0, 0, 0, 0, 1, 0, 0, 0, 0, 0, 2, 1, 3, 1, 0, 1, 0, 0, 2, 0],784.3225812068974,56776.46788388303,90114.71688848367,true
55,G2_TEC,G2_TEC,[31, 94, 82, 15, 26, 9, 95, 42, 77, 68, 47, 5, 93, 78, 86, 54, 85, 63, 18, 44, 20, 49, 36, 14, 74, 50, 53, 17, 21, 28, 11, 64, 3, 23, 30, 83, 24, 41, 40, 52, 65, 27, 90, 70, 39, 87, 48, 69, 99, 4, 98, 1, 13, 56, 97, 59, 45, 8, 73, 37, 35, 79, 71, 66, 76, 32, 60, 80, 58, 6, 67, 61, 33, 7, 57, 34, 12, 16, 10, 75, 96, 88, 43, 81, 91, 2, 84, 29, 92, 19, 51, 89, 25, 46, 72, 62, 38, 55, 22, 0]|[2, 1, 2, 1, 1, 2, 1, 1, 1, 1, 1, 0, 2, 2, 1, 2, 0, 0, 0, 2, 2, 1, 0, 2, 0, 2, 2, 1, 0, 1, 1, 1, 0, 0, 1, 0, 2, 1, 2, 2, 0, 0, 1, 1, 0, 2, 0, 2, 1, 0, 0, 2, 0, 2, 2, 0, 1, 1, 0, 0, 2, 1, 1, 2, 2, 0, 2, 2, 2, 1, 2, 1, 1, 2, 0, 1, 1, 2, 1, 2, 0, 1, 1, 1, 1, 0, 0, 1, 0, 1, 1, 1, 1, 0, 1, 1, 0, 0, 2, 0]|[0, 3, 0, 3, 4, 1, 4, 4, 4, 4, 3, 2, 1, 0, 2, 1, 1, 1, 2, 1, 1, 3, 0, 1, 0, 1, 1, 4, 1, 4, 3, 2, 2, 0, 4, 1, 1, 4, 1, 1, 2, 1, 4, 4, 1, 1, 0, 1, 3, 2, 2, 1, 2, 1, 1, 2, 4, 3, 0, 2, 1, 3, 3, 1, 1, 2, 1, 1, 1, 4, 1, 3, 4, 1, 2, 4, 3, 1, 3, 1, 2, 4, 4, 4, 3, 2, 2, 3, 2, 4, 3, 4, 4, 2, 4, 3, 2, 2, 1, 2]|[0, 2, 0, 0, 3, 0, 1, 3, 1, 0, 2, 0, 1, 0, 1, 0, 0, 0, 1, 0, 0, 2, 0, 0, 1, 0, 0, 3, 0, 1, 0, 2, 0, 0, 3, 0, 1, 1, 0, 0, 0, 0, 1, 3, 0, 0, 1, 0, 2, 0, 0, 0, 0, 0, 1, 0, 1, 0, 1, 1, 0, 2, 0, 0, 0, 0, 0, 0, 0, 2, 0, 0, 1, 0, 0, 1, 0, 0, 3, 0, 0, 1, 2, 2, 0, 0, 0, 3, 0, 1, 0, 1, 3, 0, 1, 0, 0, 0, 0, 0],910.6016522559228,48461.383380801824,106820.73936281234,false
55,G3_TWC,G3_TWC,[31, 22, 42, 15, 26, 58, 95, 82, 77, 12, 47, 5, 93, 78, 98, 54, 85, 63, 18, 44, 20, 35, 43, 97, 91, 76, 10, 30, 21, 45, 71, 64, 1, 23, 17, 83, 24, 61, 60, 49, 6, 57, 94, 88, 65, 56, 79, 40, 67, 68, 46, 75, 0, 9, 19, 32, 81, 41, 27, 62, 87, 90, 99, 59, 53, 16, 72, 73, 70, 39, 37, 84, 3, 92, 25, 74, 28, 38, 51, 7, 11, 14, 86, 48, 89, 66, 50, 96, 33, 80, 8, 4, 34, 36, 55, 52, 13, 2, 69, 29]|[1, 1, 0, 1, 1, 1, 2, 1, 2, 1, 2, 2, 2, 1, 1, 0, 0, 1, 0, 2, 2, 0, 1, 2, 0, 1, 2, 2, 0, 0, 1, 2, 1, 0, 1, 0, 2, 0, 1, 1, 0, 1, 1, 1, 0, 2, 1, 1, 0, 0, 0, 0, 1, 1, 2, 1, 2, 0, 0, 0, 2, 1, 0, 1, 0, 1, 2, 1, 1, 1, 1, 1, 2, 0, 1, 2, 0, 0, 0, 1, 0, 1, 0, 0, 1, 0, 0, 0, 2, 0, 1, 0, 2, 0, 1, 1, 0, 0, 1, 0]|[4, 3, 2, 2, 0, 0, 2, 2, 2, 4, 1, 1, 2, 4, 4, 1, 1, 4, 2, 1, 1, 1, 1, 2, 1, 2, 1, 1, 1, 1, 3, 2, 3, 0, 4, 0, 1, 1, 0, 3, 2, 2, 4, 0, 1, 1, 3, 2, 0, 1, 2, 2, 1, 4, 0, 3, 2, 1, 1, 2, 1, 3, 1, 1, 2, 3, 0, 4, 3, 1, 4, 1, 1, 2, 4, 1, 2, 1, 1, 3, 2, 3, 1, 1, 1, 1, 1, 1, 1, 1, 3, 2, 1, 1, 4, 1, 2, 2, 3, 2]|[0, 2, 1, 1, 3, 3, 0, 1, 0, 0, 0, 0, 1, 0, 1, 0, 0, 3, 1, 0, 0, 0, 3, 1, 0, 2, 0, 0, 0, 1, 0, 0, 0, 0, 3, 0, 1, 0, 0, 2, 1, 1, 2, 0, 0, 0, 0, 1, 1, 0, 0, 0, 1, 3, 0, 0, 1, 0, 0, 1, 0, 2, 0, 1, 1, 2, 1, 0, 0, 1, 1, 3, 0, 1, 3, 0, 1, 0, 0, 2, 1, 0, 0, 0, 1, 0, 0, 0, 0, 0, 2, 1, 0, 1, 3, 1, 0, 0, 0, 0],845.7931659427186,57778.757532044474,86593.12219517957,false
55,G1_CMAX,G4_BALANCED,[31, 11, 15, 82, 26, 9, 95, 32, 77, 68, 47, 5, 93, 78, 86, 54, 85, 63, 18, 44, 20, 49, 36, 14, 74, 50, 53, 17, 21, 45, 71, 64, 3, 23, 30, 83, 24, 41, 60, 52, 65, 27, 90, 70, 39, 87, 48, 69, 99, 4, 46, 1, 13, 58, 97, 59, 28, 75, 73, 37, 35, 79, 22, 66, 76, 42, 40, 80, 96, 6, 16, 61, 33, 7, 57, 34, 12, 67, 10, 98, 56, 88, 29, 94, 91, 38, 19, 92, 43, 84, 62, 72, 81, 25, 2, 55, 8, 89, 51, 0]|[2, 1, 1, 2, 1, 2, 1, 1, 1, 1, 1, 0, 2, 2, 1, 2, 0, 0, 0, 2, 2, 1, 0, 2, 0, 2, 2, 1, 0, 1, 1, 1, 0, 0, 1, 0, 2, 1, 2, 2, 0, 0, 1, 1, 0, 2, 0, 2, 1, 0, 0, 2, 0, 0, 2, 0, 1, 0, 0, 0, 2, 1, 0, 2, 2, 0, 2, 2, 0, 1, 2, 1, 1, 2, 0, 1, 1, 1, 1, 2, 2, 1, 1, 2, 1, 0, 1, 0, 1, 0, 1, 1, 1, 1, 2, 0, 1, 1, 1, 0]|[1, 3, 2, 0, 4, 1, 4, 4, 2, 4, 3, 2, 1, 0, 2, 1, 1, 1, 2, 1, 1, 3, 0, 1, 0, 1, 1, 4, 1, 4, 3, 2, 2, 0, 4, 1, 1, 4, 0, 1, 2, 1, 4, 4, 1, 1, 0, 2, 3, 2, 2, 1, 2, 1, 1, 2, 4, 2, 0, 2, 2, 3, 1, 0, 1, 2, 0, 1, 2, 4, 1, 3, 4, 1, 2, 4, 3, 3, 3, 1, 1, 4, 3, 1, 3, 2, 4, 2, 4, 2, 3, 4, 1, 4, 1, 2, 3, 4, 3, 2]|[1, 2, 1, 0, 3, 0, 1, 3, 0, 0, 2, 0, 1, 0, 1, 0, 0, 0, 1, 0, 0, 2, 0, 0, 1, 0, 0, 3, 0, 1, 0, 2, 0, 1, 3, 0, 1, 3, 1, 0, 0, 0, 1, 3, 0, 0, 1, 0, 2, 0, 0, 0, 0, 0, 1, 0, 1, 0, 1, 1, 0, 2, 0, 0, 0, 0, 0, 0, 0, 2, 0, 0, 1, 0, 0, 1, 0, 0, 3, 0, 0, 1, 0, 0, 0, 0, 3, 0, 2, 0, 0, 2, 1, 3, 0, 0, 0, 1, 0, 0],842.584363225019,52352.15155925938,107294.36147715819,true
55,G4_BALANCED,G4_BALANCED,[31, 11, 15, 82, 26, 9, 95, 32, 77, 68, 47, 5, 93, 78, 86, 54, 85, 63, 18, 44, 20, 49, 36, 14, 74, 50, 53, 17, 21, 45, 71, 64, 3, 23, 30, 83, 24, 41, 60, 52, 51, 27, 90, 70, 39, 87, 48, 69, 99, 4, 46, 1, 13, 58, 97, 59, 28, 8, 73, 37, 35, 79, 22, 66, 76, 42, 40, 80, 96, 6, 16, 61, 33, 7, 57, 34, 12, 67, 10, 98, 56, 88, 29, 25, 91, 38, 19, 92, 43, 84, 65, 72, 81, 75, 2, 55, 62, 89, 94, 0]|[2, 1, 1, 2, 1, 2, 1, 1, 1, 1, 1, 0, 2, 2, 1, 2, 0, 0, 0, 2, 2, 1, 0, 2, 0, 2, 2, 1, 0, 1, 1, 1, 0, 0, 1, 0, 2, 1, 2, 2, 0, 0, 1, 1, 0, 2, 0, 2, 1, 0, 0, 2, 0, 0, 2, 0, 1, 1, 0, 0, 2, 1, 1, 2, 2, 0, 2, 2, 0, 1, 2, 1, 1, 2, 0, 1, 2, 1, 1, 2, 2, 1, 1, 1, 1, 0, 1, 0, 1, 0, 1, 1, 1, 0, 2, 0, 1, 1, 2, 0]|[1, 3, 2, 0, 4, 1, 4, 4, 2, 4, 3, 2, 1, 0, 2, 1, 1, 1, 2, 1, 1, 3, 0, 1, 0, 1, 1, 4, 1, 4, 3, 2, 2, 0, 4, 1, 1, 4, 0, 1, 2, 1, 4, 4, 1, 1, 0, 2, 3, 1, 2, 1, 2, 1, 1, 2, 4, 3, 0, 2, 2, 3, 3, 0, 1, 2, 0, 1, 2, 4, 1, 3, 4, 1, 2, 4, 1, 3, 3, 1, 1, 4, 3, 4, 3, 2, 4, 2, 4, 2, 3, 4, 1, 2, 1, 2, 3, 4, 1, 2]|[1, 2, 1, 0, 3, 0, 1, 3, 0, 0, 2, 0, 1, 0, 1, 0, 0, 0, 1, 0, 0, 2, 0, 0, 1, 0, 0, 3, 0, 1, 0, 2, 0, 1, 3, 0, 1, 3, 1, 0, 0, 0, 1, 3, 0, 0, 1, 0, 2, 0, 0, 0, 0, 0, 1, 0, 1, 0, 1, 1, 0, 2, 2, 0, 0, 0, 1, 0, 0, 2, 0, 0, 1, 0, 0, 1, 0, 0, 3, 0, 0, 1, 0, 3, 0, 0, 1, 0, 2, 0, 0, 2, 1, 0, 0, 0, 0, 1, 0, 0],850.9632869082183,52431.02217786142,105346.60403335126,false
55,G2_TEC,G4_BALANCED,[31, 11, 82, 15, 26, 9, 95, 42, 77, 68, 47, 5, 93, 78, 86, 54, 85, 63, 18, 44, 20, 49, 36, 14, 74, 50, 53, 17, 21, 45, 71, 64, 3, 23, 30, 83, 24, 41, 60, 52, 65, 27, 90, 70, 39, 87, 48, 69, 99, 4, 46, 1, 13, 58, 97, 59, 28, 75, 73, 37, 35, 79, 22, 66, 76, 32, 40, 80, 96, 6, 16, 61, 33, 7, 57, 34, 12, 67, 10, 98, 56, 88, 29, 8, 91, 38, 19, 92, 43, 84, 51, 72, 81, 62, 2, 55, 0, 89, 94, 25]|[2, 1, 2, 1, 1, 2, 1, 1, 1, 1, 1, 0, 2, 2, 1, 2, 0, 0, 0, 2, 2, 1, 0, 2, 0, 2, 2, 1, 0, 1, 1, 1, 0, 0, 1, 0, 2, 1, 2, 2, 0, 0, 1, 1, 0, 2, 0, 2, 1, 0, 0, 2, 0, 0, 2, 0, 1, 1, 0, 0, 2, 1, 0, 2, 2, 0, 2, 2, 0, 1, 2, 1, 1, 2, 0, 1, 1, 1, 1, 2, 2, 1, 1, 0, 1, 0, 1, 0, 1, 0, 1, 1, 1, 1, 2, 0, 0, 1, 2, 1]|[0, 3, 0, 2, 4, 1, 4, 4, 2, 4, 3, 2, 1, 0, 2, 1, 1, 1, 2, 1, 1, 3, 0, 1, 0, 1, 1, 4, 1, 4, 3, 2, 2, 0, 4, 1, 1, 4, 0, 1, 2, 1, 4, 4, 1, 1, 0, 2, 3, 1, 2, 1, 2, 1, 1, 2, 4, 3, 0, 2, 2, 3, 1, 0, 1, 2, 0, 1, 2, 4, 1, 3, 4, 1, 2, 4, 3, 3, 3, 1, 1, 4, 3, 2, 3, 2, 4, 2, 4, 2, 3, 4, 1, 3, 1, 2, 2, 4, 1, 4]|[0, 2, 0, 1, 3, 0, 1, 3, 0, 0, 2, 0, 1, 0, 1, 0, 0, 0, 1, 0, 0, 2, 0, 0, 1, 0, 0, 3, 0, 1, 0, 2, 0, 1, 3, 0, 1, 3, 1, 0, 0, 0, 1, 3, 0, 0, 1, 0, 2, 0, 0, 0, 0, 0, 1, 0, 1, 0, 1, 1, 0, 2, 0, 0, 0, 0, 0, 0, 0, 2, 0, 0, 1, 0, 0, 1, 0, 0, 3, 0, 0, 1, 0, 0, 0, 0, 3, 0, 2, 0, 0, 2, 1, 0, 0, 0, 0, 1, 0, 3],843.8855010804491,52038.22615277176,107575.91746051938,true
55,G3_TWC,G3_TWC,[31, 22, 42, 15, 26, 58, 95, 82, 77, 12, 47, 5, 93, 78, 98, 54, 85, 63, 18, 44, 20, 35, 43, 97, 91, 76, 10, 30, 21, 45, 71, 64, 1, 23, 17, 83, 24, 61, 60, 49, 6, 57, 94, 88, 65, 56, 79, 40, 67, 68, 46, 75, 0, 9, 19, 32, 81, 41, 27, 62, 87, 90, 99, 59, 53, 16, 72, 73, 70, 39, 37, 84, 3, 92, 25, 74, 28, 38, 51, 7, 11, 14, 86, 48, 89, 66, 50, 96, 33, 80, 8, 4, 34, 36, 55, 52, 13, 2, 69, 29]|[1, 1, 0, 1, 1, 1, 2, 1, 2, 1, 2, 2, 2, 1, 1, 0, 0, 1, 0, 2, 2, 0, 1, 2, 0, 1, 2, 2, 0, 0, 1, 2, 1, 0, 1, 0, 2, 0, 1, 1, 0, 1, 1, 1, 0, 2, 1, 1, 0, 0, 0, 0, 1, 1, 2, 1, 2, 0, 0, 0, 2, 1, 0, 1, 0, 1, 2, 1, 1, 1, 1, 1, 2, 0, 1, 2, 0, 0, 0, 1, 0, 1, 0, 0, 1, 0, 0, 0, 2, 0, 1, 0, 2, 0, 1, 1, 0, 0, 1, 0]|[4, 3, 2, 2, 0, 0, 2, 2, 2, 4, 1, 1, 2, 4, 4, 1, 1, 4, 2, 1, 1, 1, 1, 2, 1, 2, 1, 1, 1, 1, 3, 2, 3, 0, 4, 0, 1, 1, 0, 3, 2, 2, 4, 0, 1, 1, 3, 2, 0, 1, 2, 2, 1, 4, 0, 3, 2, 1, 1, 2, 1, 3, 1, 1, 2, 3, 0, 4, 3, 1, 4, 1, 1, 2, 4, 1, 2, 1, 1, 3, 2, 3, 1, 1, 1, 1, 1, 1, 1, 1, 3, 2, 1, 1, 4, 1, 2, 2, 3, 2]|[0, 2, 1, 1, 3, 3, 0, 1, 0, 0, 0, 0, 1, 0, 1, 0, 0, 3, 1, 0, 0, 0, 3, 1, 0, 2, 0, 0, 0, 1, 0, 0, 0, 0, 3, 0, 1, 0, 0, 2, 1, 1, 2, 0, 0, 0, 0, 1, 1, 0, 0, 0, 1, 3, 0, 0, 1, 0, 0, 1, 0, 2, 0, 1, 1, 2, 1, 0, 0, 1, 1, 3, 0, 1, 3, 0, 1, 0, 0, 2, 1, 0, 0, 0, 1, 0, 0, 0, 0, 0, 2, 1, 0, 1, 3, 1, 0, 0, 0, 0],845.7931659427186,57778.757532044474,86593.12219517957,false
55,G1_CMAX,G1_CMAX,[31, 22, 42, 15, 26, 58, 95, 82, 77, 12, 47, 5, 93, 78, 98, 54, 85, 63, 18, 44, 20, 35, 43, 97, 91, 76, 10, 30, 21, 45, 71, 64, 1, 23, 17, 83, 24, 61, 60, 36, 6, 57, 94, 88, 65, 56, 79, 40, 67, 68, 46, 75, 38, 9, 19, 32, 81, 41, 27, 62, 87, 90, 99, 59, 53, 16, 72, 73, 70, 39, 37, 84, 3, 92, 25, 55, 28, 29, 51, 7, 33, 14, 86, 48, 89, 50, 4, 96, 11, 80, 8, 2, 0, 49, 74, 52, 13, 66, 69, 34]|[1, 1, 0, 1, 1, 1, 2, 1, 2, 1, 2, 2, 2, 1, 1, 0, 0, 1, 0, 2, 2, 0, 1, 2, 0, 1, 2, 2, 0, 0, 1, 2, 1, 2, 1, 0, 2, 1, 1, 1, 0, 1, 1, 1, 0, 2, 1, 1, 0, 0, 0, 0, 1, 1, 2, 1, 2, 2, 0, 0, 2, 1, 0, 1, 2, 1, 2, 1, 1, 1, 1, 1, 2, 0, 1, 1, 0, 0, 0, 1, 2, 1, 0, 0, 1, 0, 1, 2, 0, 0, 1, 0, 0, 0, 2, 1, 0, 2, 1, 2]|[4, 3, 2, 2, 0, 0, 2, 2, 2, 4, 1, 1, 2, 4, 4, 1, 1, 4, 2, 1, 1, 1, 1, 2, 1, 2, 1, 1, 1, 1, 3, 2, 3, 1, 4, 0, 1, 3, 0, 3, 2, 2, 4, 0, 1, 1, 0, 2, 0, 1, 2, 2, 1, 4, 0, 3, 2, 1, 1, 2, 1, 3, 1, 1, 1, 3, 0, 4, 3, 1, 4, 1, 1, 2, 4, 4, 2, 1, 1, 3, 1, 3, 1, 1, 1, 1, 4, 1, 2, 1, 3, 2, 2, 1, 1, 1, 2, 1, 4, 1]|[0, 2, 1, 1, 3, 3, 0, 1, 0, 0, 0, 0, 1, 0, 1, 0, 0, 3, 1, 0, 0, 0, 3, 1, 0, 2, 0, 0, 0, 1, 0, 0, 0, 0, 3, 0, 1, 0, 0, 2, 1, 1, 2, 0, 0, 0, 0, 1, 1, 0, 0, 0, 1, 3, 0, 0, 1, 0, 0, 1, 0, 2, 0, 1, 0, 2, 1, 0, 0, 1, 1, 3, 0, 1, 3, 3, 1, 0, 0, 2, 0, 0, 0, 0, 1, 0, 0, 0, 1, 0, 2, 0, 0, 1, 0, 1, 0, 0, 2, 0],730.5756340398165,56776.75809121033,92370.82500878497,false
55,G4_BALANCED,G2_TEC,[31, 94, 82, 15, 26, 9, 95, 42, 77, 68, 47, 5, 93, 78, 86, 54, 85, 63, 18, 44, 20, 49, 36, 14, 74, 50, 53, 17, 21, 28, 11, 64, 3, 23, 30, 83, 24, 41, 40, 52, 65, 27, 90, 70, 39, 87, 48, 69, 99, 4, 98, 1, 13, 56, 97, 59, 45, 8, 73, 37, 35, 79, 71, 66, 76, 32, 60, 80, 58, 6, 67, 61, 33, 7, 57, 34, 12, 16, 10, 75, 96, 88, 43, 81, 91, 38, 84, 92, 29, 19, 51, 55, 89, 46, 25, 22, 2, 72, 62, 0]|[2, 1, 2, 1, 1, 2, 1, 1, 1, 1, 1, 0, 2, 2, 1, 2, 0, 0, 0, 2, 2, 1, 0, 2, 0, 2, 2, 1, 0, 1, 1, 1, 0, 0, 1, 0, 2, 1, 2, 2, 0, 0, 1, 1, 0, 2, 0, 2, 1, 0, 2, 2, 0, 2, 2, 0, 1, 1, 0, 0, 2, 1, 1, 2, 2, 0, 2, 2, 2, 1, 2, 1, 1, 2, 0, 1, 1, 2, 1, 0, 0, 1, 1, 1, 1, 0, 0, 0, 1, 1, 1, 0, 1, 0, 1, 2, 0, 1, 1, 0]|[0, 3, 0, 3, 4, 1, 4, 4, 4, 4, 3, 2, 1, 0, 2, 1, 1, 1, 2, 1, 1, 3, 0, 1, 0, 1, 1, 4, 1, 4, 3, 2, 2, 0, 4, 1, 1, 4, 1, 1, 2, 1, 4, 4, 1, 1, 0, 1, 3, 2, 1, 1, 2, 1, 1, 2, 4, 3, 0, 2, 2, 3, 3, 1, 1, 2, 1, 1, 1, 4, 1, 3, 4, 1, 2, 4, 3, 1, 3, 2, 2, 4, 4, 4, 3, 2, 2, 2, 3, 4, 3, 2, 4, 2, 4, 1, 2, 4, 3, 2]|[0, 2, 0, 0, 3, 0, 1, 3, 1, 0, 2, 0, 1, 0, 1, 0, 0, 0, 1, 0, 0, 2, 0, 0, 1, 0, 0, 3, 0, 1, 0, 2, 0, 0, 3, 0, 1, 1, 0, 0, 0, 0, 1, 3, 0, 0, 1, 0, 2, 0, 0, 0, 0, 0, 1, 0, 1, 0, 1, 1, 0, 2, 0, 0, 0, 0, 0, 0, 0, 2, 0, 0, 1, 0, 0, 1, 0, 0, 3, 0, 0, 1, 2, 2, 0, 0, 0, 0, 3, 1, 0, 0, 1, 0, 3, 0, 0, 1, 0, 0],910.6016522559228,48578.867165578704,106330.50658073017,true
55,G2_TEC,G1_CMAX,[31, 22, 82, 15, 26, 99, 95, 42, 77, 12, 47, 5, 93, 78, 86, 54, 21, 63, 18, 44, 20, 35, 43, 97, 91, 76, 10, 30, 85, 45, 71, 64, 1, 23, 17, 83, 24, 14, 60, 36, 6, 57, 40, 88, 65, 56, 79, 94, 67, 68, 46, 75, 38, 9, 19, 32, 41, 81, 27, 87, 90, 58, 59, 11, 16, 72, 73, 70, 39, 37, 84, 62, 3, 92, 25, 55, 28, 29, 51, 7, 33, 61, 98, 48, 89, 50, 4, 96, 53, 8, 66, 80, 34, 49, 52, 2, 13, 0, 69, 74]|[1, 1, 0, 1, 1, 0, 1, 1, 2, 1, 2, 2, 2, 1, 1, 0, 0, 1, 0, 2, 2, 0, 1, 2, 0, 1, 2, 2, 0, 0, 1, 2, 1, 2, 1, 0, 2, 0, 1, 1, 0, 1, 1, 1, 0, 2, 1, 1, 0, 0, 0, 0, 1, 1, 2, 1, 0, 2, 0, 2, 2, 0, 1, 2, 2, 1, 1, 1, 1, 1, 1, 0, 1, 0, 1, 2, 0, 0, 0, 2, 2, 1, 2, 0, 1, 0, 1, 2, 0, 1, 2, 0, 2, 0, 1, 0, 0, 0, 1, 2]|[4, 3, 2, 2, 4, 1, 2, 3, 2, 4, 1, 1, 2, 4, 4, 1, 1, 4, 2, 1, 1, 1, 1, 2, 1, 2, 1, 1, 2, 1, 3, 2, 3, 1, 4, 0, 1, 1, 0, 3, 2, 2, 2, 0, 1, 1, 0, 4, 0, 1, 2, 2, 1, 4, 0, 3, 1, 1, 1, 1, 1, 1, 1, 1, 1, 3, 4, 4, 1, 1, 4, 2, 1, 0, 4, 1, 2, 1, 1, 1, 1, 3, 1, 1, 1, 1, 4, 1, 2, 3, 1, 1, 1, 1, 1, 2, 2, 2, 4, 1]|[0, 2, 1, 1, 3, 0, 1, 3, 0, 0, 0, 0, 1, 0, 1, 0, 0, 3, 1, 0, 0, 0, 3, 1, 0, 2, 0, 0, 0, 1, 0, 0, 0, 0, 3, 0, 1, 0, 0, 2, 1, 1, 1, 0, 0, 0, 0, 2, 1, 0, 0, 0, 1, 3, 0, 0, 0, 0, 0, 0, 0, 0, 1, 0, 0, 2, 0, 0, 1, 1, 1, 1, 1, 1, 3, 0, 1, 0, 0, 0, 0, 0, 0, 0, 1, 0, 0, 0, 1, 2, 0, 0, 0, 1, 1, 0, 0, 0, 2, 0],780.7181470595841,55327.02844755024,96781.7980844454,true
55,G3_TWC,G3_TWC,[31, 22, 42, 15, 26, 58, 95, 82, 77, 12, 47, 5, 93, 78, 98, 54, 85, 63, 18, 44, 20, 35, 43, 97, 91, 76, 10, 30, 21, 45, 71, 64, 1, 23, 17, 83, 24, 61, 60, 49, 6, 57, 94, 88, 65, 56, 79, 40, 67, 68, 46, 75, 0, 9, 19, 32, 81, 41, 27, 62, 87, 90, 99, 59, 53, 16, 72, 73, 70, 39, 37, 84, 3, 92, 25, 74, 28, 38, 51, 7, 11, 14, 86, 48, 89, 66, 50, 96, 33, 80, 8, 4, 34, 36, 55, 52, 13, 2, 69, 29]|[1, 1, 0, 1, 1, 1, 2, 1, 2, 1, 2, 2, 2, 1, 1, 0, 0, 1, 0, 2, 2, 0, 1, 2, 0, 1, 2, 2, 0, 0, 1, 2, 1, 0, 1, 0, 2, 0, 1, 1, 0, 1, 1, 1, 0, 2, 1, 1, 0, 0, 0, 0, 1, 1, 2, 1, 2, 0, 0, 0, 2, 1, 0, 1, 0, 1, 2, 1, 1, 1, 1, 1, 2, 0, 1, 2, 0, 0, 0, 1, 0, 1, 0, 0, 1, 0, 0, 0, 2, 0, 1, 0, 2, 0, 1, 1, 0, 0, 1, 0]|[4, 3, 2, 2, 0, 0, 2, 2, 2, 4, 1, 1, 2, 4, 4, 1, 1, 4, 2, 1, 1, 1, 1, 2, 1, 2, 1, 1, 1, 1, 3, 2, 3, 0, 4, 0, 1, 1, 0, 3, 2, 2, 4, 0, 1, 1, 3, 2, 0, 1, 2, 2, 1, 4, 0, 3, 2, 1, 1, 2, 1, 3, 1, 1, 2, 3, 0, 4, 3, 1, 4, 1, 1, 2, 4, 1, 2, 1, 1, 3, 2, 3, 1, 1, 1, 1, 1, 1, 1, 1, 3, 2, 1, 1, 4, 1, 2, 2, 3, 2]|[0, 2, 1, 1, 3, 3, 0, 1, 0, 0, 0, 0, 1, 0, 1, 0, 0, 3, 1, 0, 0, 0, 3, 1, 0, 2, 0, 0, 0, 1, 0, 0, 0, 0, 3, 0, 1, 0, 0, 2, 1, 1, 2, 0, 0, 0, 0, 1, 1, 0, 0, 0, 1, 3, 0, 0, 1, 0, 0, 1, 0, 2, 0, 1, 1, 2, 1, 0, 0, 1, 1, 3, 0, 1, 3, 0, 1, 0, 0, 2, 1, 0, 0, 0, 1, 0, 0, 0, 0, 0, 2, 1, 0, 1, 3, 1, 0, 0, 0, 0],845.7931659427186,57778.757532044474,86593.12219517957,false
55,G1_CMAX,G4_BALANCED,[31, 22, 82, 15, 26, 58, 95, 42, 77, 12, 47, 5, 93, 78, 86, 54, 85, 63, 18, 44, 20, 35, 43, 97, 91, 76, 10, 30, 21, 45, 71, 64, 1, 23, 17, 83, 24, 14, 60, 36, 6, 57, 40, 88, 65, 56, 79, 94, 67, 68, 46, 29, 38, 9, 19, 32, 81, 41, 27, 87, 62, 90, 99, 59, 11, 66, 72, 73, 39, 70, 37, 84, 3, 92, 25, 74, 28, 75, 51, 7, 55, 61, 98, 48, 89, 16, 50, 96, 33, 80, 4, 8, 53, 49, 0, 52, 13, 2, 69, 34]|[1, 1, 0, 1, 1, 0, 1, 2, 2, 1, 2, 2, 2, 1, 1, 0, 0, 1, 0, 2, 2, 0, 1, 2, 0, 1, 2, 2, 0, 0, 1, 2, 1, 2, 1, 0, 2, 0, 1, 1, 0, 1, 1, 1, 0, 2, 1, 1, 0, 0, 0, 0, 1, 1, 2, 1, 2, 0, 0, 2, 2, 1, 0, 1, 2, 2, 2, 1, 1, 1, 1, 1, 1, 0, 1, 2, 0, 0, 0, 1, 2, 1, 2, 0, 1, 1, 0, 2, 2, 0, 1, 1, 0, 0, 0, 1, 0, 0, 1, 2]|[4, 3, 2, 2, 4, 1, 2, 2, 2, 4, 1, 1, 2, 4, 4, 1, 2, 4, 2, 1, 1, 1, 1, 2, 1, 2, 1, 1, 1, 1, 3, 2, 3, 1, 4, 0, 1, 1, 0, 3, 2, 2, 2, 0, 1, 1, 0, 4, 0, 1, 2, 2, 1, 4, 0, 3, 1, 1, 1, 1, 1, 3, 1, 1, 1, 1, 1, 4, 3, 3, 4, 1, 1, 2, 4, 1, 2, 2, 1, 1, 1, 3, 1, 1, 1, 3, 1, 1, 1, 1, 4, 3, 2, 1, 2, 1, 2, 2, 4, 1]|[0, 2, 1, 1, 3, 0, 1, 0, 0, 0, 0, 0, 1, 0, 1, 0, 0, 3, 1, 0, 0, 0, 3, 1, 0, 2, 0, 0, 0, 1, 0, 0, 0, 0, 3, 0, 1, 0, 0, 2, 1, 1, 1, 0, 0, 0, 0, 2, 1, 0, 0, 0, 1, 3, 0, 0, 0, 0, 0, 0, 0, 2, 0, 1, 0, 0, 0, 0, 0, 0, 1, 3, 1, 1, 3, 0, 1, 0, 0, 2, 0, 0, 0, 0, 1, 2, 0, 0, 0, 0, 0, 2, 1, 1, 0, 1, 0, 0, 2, 0],798.0294042478927,55202.006513415756,98789.04139124315,true
55,G4_BALANCED,G3_TWC,[31, 22, 42, 15, 26, 58, 95, 82, 77, 12, 47, 5, 93, 78, 98, 54, 85, 63, 18, 44, 20, 35, 43, 97, 91, 76, 10, 30, 21, 45, 71, 64, 1, 23, 17, 83, 24, 61, 60, 36, 6, 57, 94, 88, 65, 56, 79, 40, 67, 68, 46, 75, 38, 9, 19, 32, 81, 41, 27, 62, 87, 90, 99, 59, 53, 16, 72, 73, 70, 39, 37, 86, 3, 92, 25, 74, 28, 29, 51, 7, 11, 14, 84, 48, 89, 50, 66, 96, 33, 80, 4, 2, 55, 49, 0, 52, 13, 8, 69, 34]|[1, 1, 0, 1, 1, 1, 2, 1, 2, 1, 2, 2, 2, 1, 1, 0, 0, 1, 0, 2, 2, 0, 1, 2, 0, 1, 2, 2, 0, 0, 1, 2, 1, 2, 1, 0, 2, 0, 1, 1, 0, 1, 1, 1, 0, 2, 1, 1, 0, 0, 0, 0, 1, 1, 2, 1, 2, 0, 0, 0, 2, 1, 0, 1, 0, 1, 2, 1, 1, 1, 1, 1, 2, 0, 1, 2, 0, 0, 0, 1, 2, 1, 0, 0, 1, 0, 2, 0, 2, 0, 0, 0, 1, 0, 0, 1, 0, 1, 1, 2]|[4, 3, 2, 2, 0, 0, 2, 2, 2, 4, 1, 1, 2, 4, 4, 1, 1, 4, 2, 1, 1, 1, 1, 2, 1, 2, 1, 1, 1, 1, 3, 2, 3, 0, 4, 0, 1, 1, 0, 3, 2, 2, 4, 0, 1, 1, 3, 2, 0, 1, 2, 2, 1, 4, 0, 3, 2, 1, 1, 2, 1, 3, 1, 1, 2, 3, 0, 4, 3, 1, 4, 1, 1, 2, 4, 1, 2, 1, 1, 3, 1, 3, 1, 1, 1, 1, 1, 1, 1, 1, 2, 2, 4, 1, 2, 1, 2, 3, 4, 1]|[0, 2, 1, 1, 3, 3, 0, 1, 0, 0, 0, 0, 1, 0, 1, 0, 0, 3, 1, 0, 0, 0, 3, 1, 0, 2, 0, 0, 0, 0, 0, 0, 0, 0, 3, 0, 1, 0, 0, 2, 1, 1, 2, 0, 0, 0, 0, 1, 1, 0, 0, 0, 1, 3, 0, 0, 1, 0, 0, 1, 0, 2, 0, 1, 1, 2, 1, 0, 0, 1, 1, 3, 0, 1, 3, 0, 1, 0, 0, 2, 0, 0, 0, 0, 1, 0, 0, 0, 0, 0, 1, 0, 3, 1, 0, 1, 0, 2, 2, 0],807.6864636508712,56889.15470014722,89914.59622971277,true
55,G2_TEC,G2_TEC,[31, 22, 82, 15, 26, 9, 95, 42, 77, 68, 47, 5, 93, 78, 86, 54, 85, 63, 18, 44, 20, 49, 36, 14, 74, 50, 53, 17, 21, 28, 11, 64, 3, 23, 30, 83, 24, 41, 40, 52, 65, 27, 90, 70, 39, 87, 48, 69, 99, 4, 75, 1, 13, 58, 97, 59, 45, 8, 73, 37, 35, 79, 71, 66, 76, 32, 60, 80, 56, 6, 67, 61, 33, 7, 57, 34, 12, 16, 10, 98, 96, 88, 43, 81, 91, 38, 84, 92, 29, 19, 51, 55, 46, 89, 2, 72, 94, 25, 62, 0]|[2, 1, 2, 1, 1, 0, 1, 1, 1, 1, 1, 0, 2, 2, 1, 2, 0, 0, 0, 2, 2, 1, 0, 2, 0, 2, 2, 1, 0, 1, 1, 1, 0, 0, 1, 0, 2, 1, 2, 2, 0, 0, 1, 1, 0, 2, 0, 2, 1, 0, 0, 2, 0, 2, 2, 0, 1, 1, 0, 0, 2, 1, 1, 2, 2, 0, 2, 2, 2, 1, 2, 1, 1, 2, 2, 1, 1, 2, 1, 2, 0, 1, 1, 1, 1, 0, 0, 0, 1, 1, 1, 0, 0, 1, 2, 1, 2, 1, 1, 0]|[0, 3, 0, 3, 4, 2, 4, 4, 2, 4, 3, 2, 1, 0, 2, 1, 1, 1, 2, 1, 1, 3, 0, 1, 0, 1, 1, 4, 1, 4, 3, 2, 2, 0, 4, 1, 1, 4, 1, 1, 2, 1, 4, 4, 1, 1, 0, 1, 3, 2, 2, 1, 2, 1, 1, 2, 4, 3, 0, 2, 2, 3, 3, 1, 1, 2, 1, 1, 1, 4, 1, 3, 4, 1, 2, 4, 3, 1, 3, 1, 2, 4, 4, 4, 3, 2, 2, 2, 3, 4, 3, 2, 2, 4, 1, 4, 1, 4, 3, 2]|[0, 2, 0, 0, 3, 0, 1, 3, 0, 0, 2, 0, 1, 0, 1, 0, 0, 0, 1, 0, 0, 2, 0, 0, 1, 0, 0, 3, 0, 1, 0, 2, 0, 0, 3, 0, 1, 1, 0, 0, 0, 0, 1, 3, 0, 0, 1, 0, 2, 0, 0, 0, 0, 0, 1, 0, 1, 0, 1, 1, 0, 2, 0, 0, 0, 0, 0, 0, 0, 2, 0, 0, 1, 0, 1, 1, 0, 0, 3, 0, 0, 1, 2, 2, 0, 0, 0, 0, 3, 1, 0, 0, 0, 1, 0, 1, 0, 3, 0, 0],870.0304869789887,49655.40903195209,102458.94298080857,false
55,G3_TWC,G3_TWC,[31, 22, 42, 15, 26, 58, 95, 82, 77, 12, 47, 5, 93, 78, 98, 54, 85, 63, 18, 44, 20, 35, 43, 97, 91, 76, 10, 30, 21, 45, 71, 64, 1, 23, 17, 83, 24, 61, 60, 49, 6, 57, 94, 88, 65, 56, 79, 40, 67, 68, 46, 75, 0, 9, 19, 32, 81, 41, 27, 62, 87, 90, 99, 59, 53, 16, 72, 73, 70, 39, 37, 84, 3, 92, 25, 74, 28, 38, 51, 7, 11, 14, 86, 48, 89, 66, 50, 96, 33, 80, 8, 4, 34, 36, 55, 52, 13, 2, 69, 29]|[1, 1, 0, 1, 1, 1, 2, 1, 2, 1, 2, 2, 2, 1, 1, 0, 0, 1, 0, 2, 2, 0, 1, 2, 0, 1, 2, 2, 0, 0, 1, 2, 1, 0, 1, 0, 2, 0, 1, 1, 0, 1, 1, 1, 0, 2, 1, 1, 0, 0, 0, 0, 1, 1, 2, 1, 2, 0, 0, 0, 2, 1, 0, 1, 0, 1, 2, 1, 1, 1, 1, 1, 2, 0, 1, 2, 0, 0, 0, 1, 0, 1, 0, 0, 1, 0, 0, 0, 2, 0, 1, 0, 2, 0, 1, 1, 0, 0, 1, 0]|[4, 3, 2, 2, 0, 0, 2, 2, 2, 4, 1, 1, 2, 4, 4, 1, 1, 4, 2, 1, 1, 1, 1, 2, 1, 2, 1, 1, 1, 1, 3, 2, 3, 0, 4, 0, 1, 1, 0, 3, 2, 2, 4, 0, 1, 1, 3, 2, 0, 1, 2, 2, 1, 4, 0, 3, 2, 1, 1, 2, 1, 3, 1, 1, 2, 3, 0, 4, 3, 1, 4, 1, 1, 2, 4, 1, 2, 1, 1, 3, 2, 3, 1, 1, 1, 1, 1, 1, 1, 1, 3, 2, 1, 1, 4, 1, 2, 2, 3, 2]|[0, 2, 1, 1, 3, 3, 0, 1, 0, 0, 0, 0, 1, 0, 1, 0, 0, 3, 1, 0, 0, 0, 3, 1, 0, 2, 0, 0, 0, 1, 0, 0, 0, 0, 3, 0, 1, 0, 0, 2, 1, 1, 2, 0, 0, 0, 0, 1, 1, 0, 0, 0, 1, 3, 0, 0, 1, 0, 0, 1, 0, 2, 0, 1, 1, 2, 1, 0, 0, 1, 1, 3, 0, 1, 3, 0, 1, 0, 0, 2, 1, 0, 0, 0, 1, 0, 0, 0, 0, 0, 2, 1, 0, 1, 3, 1, 0, 0, 0, 0],845.7931659427186,57778.757532044474,86593.12219517957,false
55,G1_CMAX,G3_TWC,[31, 22, 42, 15, 26, 58, 95, 82, 77, 12, 47, 5, 93, 78, 98, 54, 85, 63, 18, 44, 20, 35, 43, 97, 91, 76, 10, 30, 21, 45, 71, 64, 1, 23, 17, 83, 24, 61, 60, 49, 6, 57, 94, 88, 65, 56, 79, 40, 67, 68, 46, 75, 38, 9, 19, 32, 81, 41, 27, 62, 87, 90, 99, 59, 53, 16, 72, 73, 70, 39, 37, 84, 3, 92, 25, 74, 28, 0, 51, 7, 33, 14, 86, 66, 89, 50, 4, 96, 11, 80, 48, 8, 29, 36, 55, 52, 13, 2, 69, 34]|[1, 1, 0, 1, 1, 1, 2, 1, 2, 1, 2, 2, 2, 1, 1, 0, 0, 1, 0, 2, 2, 0, 1, 2, 0, 1, 2, 2, 0, 0, 1, 2, 1, 0, 1, 0, 2, 0, 1, 1, 0, 1, 1, 1, 0, 2, 1, 1, 0, 0, 0, 0, 1, 1, 2, 1, 2, 0, 0, 0, 2, 1, 0, 1, 0, 1, 2, 1, 1, 1, 1, 1, 2, 0, 1, 2, 0, 0, 0, 1, 2, 1, 0, 0, 1, 0, 0, 2, 2, 0, 0, 1, 0, 0, 2, 1, 0, 0, 1, 2]|[4, 3, 2, 2, 0, 0, 2, 2, 2, 4, 1, 1, 2, 4, 4, 1, 1, 4, 2, 1, 1, 1, 1, 2, 1, 2, 1, 1, 1, 1, 3, 2, 3, 0, 4, 0, 1, 1, 0, 3, 2, 2, 4, 0, 1, 1, 3, 2, 0, 1, 2, 2, 1, 4, 0, 3, 2, 1, 1, 2, 1, 3, 1, 1, 2, 3, 0, 4, 3, 1, 4, 1, 1, 2, 4, 1, 2, 1, 1, 3, 1, 3, 1, 1, 1, 1, 2, 1, 1, 1, 1, 3, 2, 1, 1, 1, 2, 2, 3, 1]|[0, 2, 1, 1, 3, 3, 0, 1, 0, 0, 0, 0, 1, 0, 1, 0, 0, 3, 1, 0, 0, 0, 3, 1, 0, 2, 0, 0, 0, 1, 0, 0, 0, 0, 3, 0, 1, 0, 0, 2, 1, 1, 2, 0, 0, 0, 0, 1, 1, 0, 0, 0, 1, 3, 0, 0, 1, 0, 0, 1, 0, 2, 0, 1, 1, 2, 1, 0, 0, 1, 1, 3, 0, 1, 3, 0, 1, 0, 0, 2, 0, 0, 0, 0, 1, 0, 1, 0, 0, 0, 0, 2, 0, 1, 0, 1, 0, 0, 0, 0],788.4361698953168,57276.08877688596,87706.2058214173,true
55,G4_BALANCED,G3_TWC,[31, 22, 42, 15, 26, 58, 95, 82, 77, 12, 47, 5, 93, 78, 98, 54, 85, 63, 18, 44, 20, 35, 43, 97, 91, 76, 10, 30, 21, 45, 71, 64, 1, 23, 17, 83, 24, 61, 60, 49, 6, 57, 94, 88, 65, 56, 79, 40, 67, 68, 46, 75, 0, 9, 19, 32, 81, 41, 27, 62, 87, 90, 99, 59, 11, 16, 72, 73, 70, 39, 37, 84, 3, 92, 25, 74, 28, 29, 51, 7, 53, 14, 86, 48, 89, 50, 66, 96, 33, 80, 8, 4, 34, 36, 55, 52, 13, 2, 69, 38]|[1, 1, 0, 1, 1, 1, 2, 1, 2, 1, 2, 2, 2, 1, 1, 0, 0, 1, 0, 2, 2, 0, 1, 2, 0, 1, 2, 2, 0, 0, 1, 2, 1, 0, 1, 0, 2, 0, 1, 1, 0, 1, 1, 1, 0, 2, 1, 1, 0, 0, 0, 0, 1, 1, 2, 1, 2, 0, 0, 0, 2, 1, 0, 1, 0, 1, 2, 1, 1, 1, 1, 1, 2, 0, 1, 2, 0, 0, 0, 1, 0, 1, 0, 0, 1, 0, 0, 0, 2, 0, 1, 0, 2, 0, 1, 1, 0, 0, 1, 1]|[4, 3, 2, 2, 0, 0, 2, 2, 2, 4, 1, 1, 2, 4, 4, 1, 1, 4, 2, 1, 1, 1, 1, 2, 1, 2, 1, 1, 1, 1, 3, 2, 3, 0, 4, 0, 1, 1, 0, 3, 2, 2, 4, 0, 1, 1, 3, 2, 0, 1, 2, 2, 1, 4, 0, 3, 2, 1, 1, 2, 1, 3, 1, 1, 2, 3, 0, 4, 3, 1, 4, 1, 1, 2, 4, 1, 2, 1, 1, 3, 2, 3, 1, 1, 1, 1, 1, 1, 1, 1, 3, 2, 1, 1, 4, 1, 2, 2, 3, 1]|[0, 2, 1, 1, 3, 3, 0, 1, 0, 0, 0, 0, 1, 0, 1, 0, 0, 3, 1, 0, 0, 0, 3, 1, 0, 2, 0, 0, 0, 1, 0, 0, 0, 0, 3, 0, 1, 0, 0, 2, 1, 1, 2, 0, 0, 0, 0, 1, 1, 0, 0, 0, 1, 3, 0, 0, 1, 0, 0, 1, 0, 2, 0, 1, 1, 2, 1, 0, 0, 1, 1, 3, 0, 1, 3, 0, 1, 0, 0, 2, 1, 0, 0, 0, 1, 0, 0, 0, 0, 0, 2, 1, 0, 1, 3, 1, 0, 0, 0, 1],819.4512085632387,58193.116377859755,86912.561739305,true
55,G2_TEC,G2_TEC,[31, 22, 82, 15, 26, 9, 95, 42, 77, 68, 47, 5, 93, 78, 86, 54, 85, 63, 18, 44, 20, 49, 36, 14, 74, 50, 53, 17, 21, 28, 11, 64, 3, 23, 30, 83, 24, 41, 40, 52, 65, 27, 90, 70, 39, 87, 48, 69, 99, 4, 75, 1, 13, 58, 97, 59, 45, 8, 73, 37, 35, 79, 71, 66, 76, 32, 60, 80, 56, 6, 67, 61, 33, 7, 57, 34, 12, 16, 10, 98, 96, 88, 43, 81, 91, 38, 84, 92, 29, 19, 51, 55, 46, 89, 2, 72, 94, 25, 62, 0]|[2, 1, 2, 1, 1, 0, 1, 1, 1, 1, 1, 0, 2, 2, 1, 2, 0, 0, 0, 2, 2, 1, 0, 2, 0, 2, 2, 1, 0, 1, 1, 1, 0, 0, 1, 0, 2, 1, 2, 2, 0, 0, 1, 1, 0, 2, 0, 2, 1, 0, 0, 2, 0, 2, 2, 0, 1, 1, 0, 0, 2, 1, 1, 2, 2, 0, 2, 2, 2, 1, 2, 1, 1, 2, 2, 1, 1, 2, 1, 2, 0, 1, 1, 1, 1, 0, 0, 0, 1, 1, 1, 0, 0, 1, 2, 1, 2, 1, 1, 0]|[0, 3, 0, 3, 4, 2, 4, 4, 2, 4, 3, 2, 1, 0, 2, 1, 1, 1, 2, 1, 1, 3, 0, 1, 0, 1, 1, 4, 1, 4, 3, 2, 2, 0, 4, 1, 1, 4, 1, 1, 2, 1, 4, 4, 1, 1, 0, 1, 3, 2, 2, 1, 2, 1, 1, 2, 4, 3, 0, 2, 2, 3, 3, 1, 1, 2, 1, 1, 1, 4, 1, 3, 4, 1, 2, 4, 3, 1, 3, 1, 2, 4, 4, 4, 3, 2, 2, 2, 3, 4, 3, 2, 2, 4, 1, 4, 1, 4, 3, 2]|[0, 2, 0, 0, 3, 0, 1, 3, 0, 0, 2, 0, 1, 0, 1, 0, 0, 0, 1, 0, 0, 2, 0, 0, 1, 0, 0, 3, 0, 1, 0, 2, 0, 0, 3, 0, 1, 1, 0, 0, 0, 0, 1, 3, 0, 0, 1, 0, 2, 0, 0, 0, 0, 0, 1, 0, 1, 0, 1, 1, 0, 2, 0, 0, 0, 0, 0, 0, 0, 2, 0, 0, 1, 0, 1, 1, 0, 0, 3, 0, 0, 1, 2, 2, 0, 0, 0, 0, 3, 1, 0, 0, 0, 1, 0, 1, 0, 3, 0, 0],870.0304869789887,49655.40903195209,102458.94298080857,false
55,G3_TWC,G3_TWC,[31, 22, 42, 15, 26, 58, 95, 82, 77, 12, 47, 5, 93, 78, 98, 54, 85, 63, 18, 44, 20, 35, 43, 97, 91, 76, 10, 30, 21, 45, 71, 64, 1, 23, 17, 83, 24, 61, 60, 49, 6, 57, 94, 88, 65, 56, 79, 40, 67, 68, 46, 75, 0, 9, 19, 32, 81, 41, 27, 62, 87, 90, 99, 59, 53, 16, 72, 73, 70, 39, 37, 84, 3, 92, 25, 74, 28, 38, 51, 7, 11, 14, 86, 48, 89, 66, 50, 96, 33, 80, 8, 4, 34, 36, 55, 52, 13, 2, 69, 29]|[1, 1, 0, 1, 1, 1, 2, 1, 2, 1, 2, 2, 2, 1, 1, 0, 0, 1, 0, 2, 2, 0, 1, 2, 0, 1, 2, 2, 0, 0, 1, 2, 1, 0, 1, 0, 2, 0, 1, 1, 0, 1, 1, 1, 0, 2, 1, 1, 0, 0, 0, 0, 1, 1, 2, 1, 2, 0, 0, 0, 2, 1, 0, 1, 0, 1, 2, 1, 1, 1, 1, 1, 2, 0, 1, 2, 0, 0, 0, 1, 0, 1, 0, 0, 1, 0, 0, 0, 2, 0, 1, 0, 2, 0, 1, 1, 0, 0, 1, 0]|[4, 3, 2, 2, 0, 0, 2, 2, 2, 4, 1, 1, 2, 4, 4, 1, 1, 4, 2, 1, 1, 1, 1, 2, 1, 2, 1, 1, 1, 1, 3, 2, 3, 0, 4, 0, 1, 1, 0, 3, 2, 2, 4, 0, 1, 1, 3, 2, 0, 1, 2, 2, 1, 4, 0, 3, 2, 1, 1, 2, 1, 3, 1, 1, 2, 3, 0, 4, 3, 1, 4, 1, 1, 2, 4, 1, 2, 1, 1, 3, 2, 3, 1, 1, 1, 1, 1, 1, 1, 1, 3, 2, 1, 1, 4, 1, 2, 2, 3, 2]|[0, 2, 1, 1, 3, 3, 0, 1, 0, 0, 0, 0, 1, 0, 1, 0, 0, 3, 1, 0, 0, 0, 3, 1, 0, 2, 0, 0, 0, 1, 0, 0, 0, 0, 3, 0, 1, 0, 0, 2, 1, 1, 2, 0, 0, 0, 0, 1, 1, 0, 0, 0, 1, 3, 0, 0, 1, 0, 0, 1, 0, 2, 0, 1, 1, 2, 1, 0, 0, 1, 1, 3, 0, 1, 3, 0, 1, 0, 0, 2, 1, 0, 0, 0, 1, 0, 0, 0, 0, 0, 2, 1, 0, 1, 3, 1, 0, 0, 0, 0],845.7931659427186,57778.757532044474,86593.12219517957,false
55,G1_CMAX,G3_TWC,[31, 22, 42, 15, 26, 58, 95, 82, 77, 12, 47, 5, 93, 78, 98, 54, 85, 63, 18, 44, 20, 35, 43, 97, 91, 76, 10, 30, 21, 45, 71, 64, 1, 23, 17, 83, 24, 61, 60, 36, 6, 57, 94, 88, 65, 56, 79, 40, 67, 68, 46, 75, 38, 9, 19, 32, 81, 41, 27, 62, 87, 90, 99, 59, 11, 16, 72, 73, 70, 39, 37, 84, 3, 92, 25, 74, 28, 29, 51, 7, 53, 14, 86, 48, 89, 50, 66, 96, 33, 80, 4, 8, 0, 49, 55, 52, 13, 2, 69, 34]|[1, 1, 0, 1, 1, 1, 2, 1, 2, 1, 2, 2, 2, 1, 1, 0, 0, 1, 0, 2, 2, 0, 1, 2, 0, 1, 2, 2, 0, 0, 1, 2, 1, 2, 1, 0, 2, 0, 1, 1, 0, 1, 1, 1, 0, 2, 1, 1, 0, 0, 0, 0, 1, 1, 2, 1, 2, 0, 0, 0, 2, 1, 0, 1, 2, 1, 2, 1, 1, 1, 1, 1, 2, 0, 1, 2, 0, 0, 0, 1, 0, 1, 0, 0, 1, 0, 2, 0, 2, 0, 0, 1, 0, 0, 1, 1, 0, 0, 1, 2]|[4, 3, 2, 2, 0, 0, 2, 2, 2, 4, 1, 1, 2, 4, 4, 1, 1, 4, 2, 1, 1, 1, 1, 2, 1, 2, 1, 1, 1, 1, 3, 2, 3, 0, 4, 0, 1, 1, 0, 3, 2, 2, 4, 0, 1, 1, 3, 2, 0, 1, 2, 2, 1, 4, 0, 3, 2, 1, 1, 2, 1, 3, 1, 1, 1, 3, 0, 4, 3, 1, 4, 1, 1, 2, 4, 1, 2, 1, 1, 3, 2, 3, 1, 1, 1, 1, 1, 1, 1, 1, 2, 3, 2, 1, 4, 1, 2, 2, 3, 1]|[0, 2, 1, 1, 3, 3, 0, 1, 0, 0, 0, 0, 1, 0, 1, 0, 0, 3, 1, 0, 0, 0, 3, 1, 0, 2, 0, 0, 0, 0, 0, 0, 0, 0, 3, 0, 1, 0, 0, 2, 1, 1, 2, 0, 0, 0, 0, 1, 1, 0, 0, 0, 1, 3, 0, 0, 1, 0, 0, 1, 0, 2, 0, 1, 0, 2, 1, 0, 0, 1, 1, 3, 0, 1, 3, 0, 1, 0, 0, 2, 1, 0, 0, 0, 1, 0, 0, 0, 0, 0, 1, 2, 0, 1, 3, 1, 0, 0, 0, 0],801.801344730411,56919.763684157944,89305.8108995098,true
55,G4_BALANCED,G3_TWC,[31, 22, 42, 15, 26, 58, 95, 82, 77, 12, 47, 5, 93, 78, 98, 54, 85, 63, 18, 44, 20, 35, 43, 97, 91, 76, 10, 30, 21, 45, 71, 64, 1, 23, 17, 83, 24, 61, 60, 49, 6, 57, 94, 88, 65, 56, 79, 40, 67, 68, 46, 75, 0, 9, 19, 32, 81, 41, 27, 62, 87, 90, 99, 59, 53, 16, 72, 73, 70, 39, 37, 84, 3, 92, 25, 74, 28, 38, 51, 7, 11, 14, 86, 66, 89, 50, 48, 96, 33, 80, 4, 2, 55, 36, 29, 52, 13, 8, 69, 34]|[1, 1, 0, 1, 1, 1, 2, 1, 2, 1, 2, 2, 2, 1, 1, 0, 0, 1, 0, 2, 2, 0, 1, 2, 0, 1, 2, 2, 0, 0, 1, 2, 1, 0, 1, 0, 2, 1, 1, 1, 0, 1, 1, 1, 0, 2, 1, 1, 0, 0, 0, 0, 1, 1, 2, 1, 2, 0, 0, 0, 2, 1, 0, 1, 0, 1, 2, 1, 1, 1, 1, 1, 2, 0, 1, 2, 0, 0, 0, 0, 0, 1, 0, 2, 1, 1, 0, 2, 2, 0, 1, 0, 2, 0, 0, 1, 0, 1, 1, 2]|[4, 3, 2, 2, 0, 0, 2, 2, 2, 4, 1, 1, 2, 4, 4, 1, 1, 4, 2, 1, 1, 1, 1, 2, 1, 2, 1, 1, 1, 1, 3, 2, 3, 0, 4, 0, 1, 3, 0, 3, 2, 2, 4, 0, 1, 1, 3, 2, 0, 1, 2, 2, 1, 4, 0, 3, 2, 1, 1, 2, 1, 3, 1, 1, 2, 3, 0, 4, 3, 1, 4, 1, 1, 2, 4, 1, 2, 1, 1, 1, 2, 3, 1, 1, 1, 3, 1, 1, 1, 1, 4, 2, 1, 1, 2, 1, 2, 3, 3, 1]|[0, 2, 1, 1, 3, 3, 0, 1, 0, 0, 0, 0, 1, 0, 1, 0, 0, 3, 1, 0, 0, 0, 3, 1, 0, 2, 0, 0, 0, 1, 0, 0, 0, 0, 3, 0, 1, 0, 0, 2, 1, 1, 2, 0, 0, 0, 0, 1, 1, 0, 0, 0, 1, 3, 0, 0, 1, 0, 0, 1, 0, 2, 0, 1, 1, 2, 1, 0, 0, 1, 1, 3, 0, 1, 3, 0, 1, 0, 0, 0, 1, 0, 0, 0, 1, 2, 0, 0, 0, 0, 0, 0, 0, 1, 0, 1, 0, 2, 0, 0],762.6142157264659,57592.17240459837,88910.72621972683,true
55,G2_TEC,G2_TEC,[31, 22, 82, 15, 26, 9, 95, 42, 77, 68, 47, 5, 93, 78, 86, 54, 85, 63, 18, 44, 20, 49, 36, 14, 74, 50, 53, 17, 21, 28, 11, 64, 3, 23, 30, 83, 24, 41, 40, 52, 65, 27, 90, 70, 39, 87, 48, 69, 99, 4, 75, 1, 13, 58, 97, 59, 45, 8, 73, 37, 35, 79, 71, 66, 76, 32, 60, 80, 56, 6, 67, 61, 33, 7, 57, 34, 12, 16, 10, 98, 96, 88, 43, 81, 91, 38, 84, 92, 29, 19, 51, 55, 46, 89, 2, 72, 94, 25, 62, 0]|[2, 1, 2, 1, 1, 0, 1, 1, 1, 1, 1, 0, 2, 2, 1, 2, 0, 0, 0, 2, 2, 1, 0, 2, 0, 2, 2, 1, 0, 1, 1, 1, 0, 0, 1, 0, 2, 1, 2, 2, 0, 0, 1, 1, 0, 2, 0, 2, 1, 0, 0, 2, 0, 2, 2, 0, 1, 1, 0, 0, 2, 1, 1, 2, 2, 0, 2, 2, 2, 1, 2, 1, 1, 2, 2, 1, 1, 2, 1, 2, 0, 1, 1, 1, 1, 0, 0, 0, 1, 1, 1, 0, 0, 1, 2, 1, 2, 1, 1, 0]|[0, 3, 0, 3, 4, 2, 4, 4, 2, 4, 3, 2, 1, 0, 2, 1, 1, 1, 2, 1, 1, 3, 0, 1, 0, 1, 1, 4, 1, 4, 3, 2, 2, 0, 4, 1, 1, 4, 1, 1, 2, 1, 4, 4, 1, 1, 0, 1, 3, 2, 2, 1, 2, 1, 1, 2, 4, 3, 0, 2, 2, 3, 3, 1, 1, 2, 1, 1, 1, 4, 1, 3, 4, 1, 2, 4, 3, 1, 3, 1, 2, 4, 4, 4, 3, 2, 2, 2, 3, 4, 3, 2, 2, 4, 1, 4, 1, 4, 3, 2]|[0, 2, 0, 0, 3, 0, 1, 3, 0, 0, 2, 0, 1, 0, 1, 0, 0, 0, 1, 0, 0, 2, 0, 0, 1, 0, 0, 3, 0, 1, 0, 2, 0, 0, 3, 0, 1, 1, 0, 0, 0, 0, 1, 3, 0, 0, 1, 0, 2, 0, 0, 0, 0, 0, 1, 0, 1, 0, 1, 1, 0, 2, 0, 0, 0, 0, 0, 0, 0, 2, 0, 0, 1, 0, 1, 1, 0, 0, 3, 0, 0, 1, 2, 2, 0, 0, 0, 0, 3, 1, 0, 0, 0, 1, 0, 1, 0, 3, 0, 0],870.0304869789887,49655.40903195209,102458.94298080857,false
55,G3_TWC,G3_TWC,[31, 22, 42, 15, 26, 58, 95, 82, 77, 12, 47, 5, 93, 78, 98, 54, 85, 63, 18, 44, 20, 35, 43, 97, 91, 76, 10, 30, 21, 45, 71, 64, 1, 23, 17, 83, 24, 61, 60, 49, 6, 57, 94, 88, 65, 56, 79, 40, 67, 68, 46, 75, 0, 9, 19, 32, 81, 41, 27, 62, 87, 90, 99, 59, 53, 16, 72, 73, 70, 39, 37, 84, 3, 92, 25, 74, 28, 38, 51, 7, 11, 14, 86, 48, 89, 66, 50, 96, 33, 80, 8, 4, 34, 36, 55, 52, 13, 2, 69, 29]|[1, 1, 0, 1, 1, 1, 2, 1, 2, 1, 2, 2, 2, 1, 1, 0, 0, 1, 0, 2, 2, 0, 1, 2, 0, 1, 2, 2, 0, 0, 1, 2, 1, 0, 1, 0, 2, 0, 1, 1, 0, 1, 1, 1, 0, 2, 1, 1, 0, 0, 0, 0, 1, 1, 2, 1, 2, 0, 0, 0, 2, 1, 0, 1, 0, 1, 2, 1, 1, 1, 1, 1, 2, 0, 1, 2, 0, 0, 0, 1, 0, 1, 0, 0, 1, 0, 0, 0, 2, 0, 1, 0, 2, 0, 1, 1, 0, 0, 1, 0]|[4, 3, 2, 2, 0, 0, 2, 2, 2, 4, 1, 1, 2, 4, 4, 1, 1, 4, 2, 1, 1, 1, 1, 2, 1, 2, 1, 1, 1, 1, 3, 2, 3, 0, 4, 0, 1, 1, 0, 3, 2, 2, 4, 0, 1, 1, 3, 2, 0, 1, 2, 2, 1, 4, 0, 3, 2, 1, 1, 2, 1, 3, 1, 1, 2, 3, 0, 4, 3, 1, 4, 1, 1, 2, 4, 1, 2, 1, 1, 3, 2, 3, 1, 1, 1, 1, 1, 1, 1, 1, 3, 2, 1, 1, 4, 1, 2, 2, 3, 2]|[0, 2, 1, 1, 3, 3, 0, 1, 0, 0, 0, 0, 1, 0, 1, 0, 0, 3, 1, 0, 0, 0, 3, 1, 0, 2, 0, 0, 0, 1, 0, 0, 0, 0, 3, 0, 1, 0, 0, 2, 1, 1, 2, 0, 0, 0, 0, 1, 1, 0, 0, 0, 1, 3, 0, 0, 1, 0, 0, 1, 0, 2, 0, 1, 1, 2, 1, 0, 0, 1, 1, 3, 0, 1, 3, 0, 1, 0, 0, 2, 1, 0, 0, 0, 1, 0, 0, 0, 0, 0, 2, 1, 0, 1, 3, 1, 0, 0, 0, 0],845.7931659427186,57778.757532044474,86593.12219517957,false
55,G1_CMAX,G3_TWC,[31, 22, 42, 15, 26, 58, 95, 82, 77, 12, 47, 5, 93, 78, 98, 54, 85, 63, 18, 44, 20, 35, 43, 97, 91, 76, 10, 30, 21, 45, 71, 64, 1, 23, 17, 83, 24, 61, 60, 49, 6, 57, 94, 88, 65, 56, 79, 40, 67, 68, 46, 75, 0, 9, 19, 32, 81, 41, 27, 62, 87, 90, 99, 59, 53, 16, 72, 73, 70, 39, 37, 84, 3, 92, 25, 74, 28, 38, 51, 7, 11, 14, 86, 48, 89, 66, 50, 96, 33, 80, 8, 4, 34, 36, 55, 52, 13, 2, 69, 29]|[1, 1, 0, 1, 1, 1, 2, 1, 2, 1, 2, 2, 2, 1, 1, 0, 0, 1, 0, 2, 2, 0, 1, 2, 0, 1, 2, 2, 0, 0, 1, 2, 1, 0, 1, 0, 2, 0, 1, 1, 0, 1, 1, 1, 0, 2, 1, 1, 0, 0, 0, 0, 1, 1, 2, 1, 2, 0, 0, 0, 2, 1, 0, 1, 0, 1, 2, 1, 1, 1, 1, 1, 2, 0, 1, 2, 0, 0, 0, 1, 0, 1, 0, 0, 1, 0, 0, 0, 2, 0, 1, 0, 2, 0, 1, 1, 0, 0, 1, 0]|[4, 3, 2, 2, 0, 0, 2, 2, 2, 4, 1, 1, 2, 4, 4, 1, 1, 4, 2, 1, 1, 1, 1, 2, 1, 2, 1, 1, 1, 1, 3, 2, 3, 0, 4, 0, 1, 1, 0, 3, 2, 2, 4, 0, 1, 1, 3, 2, 0, 1, 2, 2, 1, 4, 0, 3, 2, 1, 1, 2, 1, 3, 1, 1, 2, 3, 0, 4, 3, 1, 4, 1, 1, 2, 4, 1, 2, 1, 1, 3, 2, 3, 1, 1, 1, 1, 1, 1, 1, 1, 3, 2, 1, 1, 4, 1, 2, 2, 3, 2]|[0, 2, 1, 1, 3, 3, 0, 1, 0, 0, 0, 0, 1, 0, 1, 0, 0, 3, 1, 0, 0, 0, 3, 1, 0, 2, 0, 0, 0, 1, 0, 0, 0, 0, 3, 0, 1, 0, 0, 2, 1, 1, 2, 0, 0, 0, 0, 1, 1, 0, 0, 0, 1, 3, 0, 0, 1, 0, 0, 1, 0, 2, 0, 1, 1, 2, 1, 0, 0, 1, 1, 3, 0, 1, 3, 0, 1, 0, 0, 2, 1, 0, 0, 0, 1, 0, 0, 0, 0, 0, 2, 1, 0, 1, 3, 1, 0, 0, 0, 0],845.7931659427186,57778.757532044474,86593.12219517957,true
55,G4_BALANCED,G4_BALANCED,[31, 22, 82, 15, 26, 58, 95, 42, 77, 12, 47, 5, 93, 78, 86, 54, 85, 63, 18, 44, 20, 35, 43, 97, 91, 76, 10, 30, 21, 45, 71, 64, 1, 23, 17, 83, 24, 14, 60, 36, 6, 57, 40, 88, 65, 56, 79, 94, 67, 68, 46, 29, 38, 9, 19, 32, 81, 41, 27, 87, 62, 90, 99, 59, 11, 66, 72, 73, 39, 70, 37, 84, 3, 92, 25, 74, 28, 75, 51, 7, 55, 61, 98, 48, 89, 16, 50, 96, 33, 80, 4, 8, 53, 49, 0, 52, 13, 2, 69, 34]|[1, 1, 0, 1, 1, 0, 1, 2, 2, 1, 2, 2, 2, 1, 1, 0, 0, 1, 0, 2, 2, 0, 1, 2, 0, 1, 2, 2, 0, 0, 1, 2, 1, 2, 1, 0, 2, 0, 1, 1, 0, 1, 1, 1, 0, 2, 1, 1, 0, 0, 0, 0, 1, 1, 2, 1, 2, 0, 0, 2, 2, 1, 0, 1, 2, 2, 2, 1, 1, 1, 1, 1, 1, 0, 1, 2, 0, 0, 0, 1, 2, 1, 2, 0, 1, 1, 0, 2, 2, 0, 1, 1, 0, 0, 0, 1, 0, 0, 1, 2]|[4, 3, 2, 2, 4, 1, 2, 2, 2, 4, 1, 1, 2, 4, 4, 1, 2, 4, 2, 1, 1, 1, 1, 2, 1, 2, 1, 1, 1, 1, 3, 2, 3, 1, 4, 0, 1, 1, 0, 3, 2, 2, 2, 0, 1, 1, 0, 4, 0, 1, 2, 2, 1, 4, 0, 3, 1, 1, 1, 1, 1, 3, 1, 1, 1, 1, 1, 4, 3, 3, 4, 1, 1, 2, 4, 1, 2, 2, 1, 1, 1, 3, 1, 1, 1, 3, 1, 1, 1, 1, 4, 3, 2, 1, 2, 1, 2, 2, 4, 1]|[0, 2, 1, 1, 3, 0, 1, 0, 0, 0, 0, 0, 1, 0, 1, 0, 0, 3, 1, 0, 0, 0, 3, 1, 0, 2, 0, 0, 0, 1, 0, 0, 0, 0, 3, 0, 1, 0, 0, 2, 1, 1, 1, 0, 0, 0, 0, 2, 1, 0, 0, 0, 1, 3, 0, 0, 0, 0, 0, 0, 0, 2, 0, 1, 0, 0, 0, 0, 0, 0, 1, 3, 1, 1, 3, 0, 1, 0, 0, 2, 0, 0, 0, 0, 1, 2, 0, 0, 0, 0, 0, 2, 1, 1, 0, 1, 0, 0, 2, 0],798.0294042478927,55202.006513415756,98789.04139124315,false
55,G2_TEC,G2_TEC,[31, 22, 82, 15, 26, 9, 95, 42, 77, 68, 47, 5, 93, 78, 86, 54, 85, 63, 18, 44, 20, 49, 36, 14, 74, 50, 53, 17, 21, 28, 11, 64, 3, 23, 30, 83, 24, 41, 40, 52, 65, 27, 90, 70, 39, 87, 48, 69, 99, 4, 75, 1, 13, 58, 97, 59, 45, 8, 73, 37, 35, 79, 71, 66, 76, 32, 60, 80, 56, 6, 67, 61, 33, 7, 57, 34, 12, 16, 10, 98, 96, 88, 43, 81, 91, 38, 84, 92, 29, 19, 51, 55, 46, 89, 2, 72, 94, 25, 62, 0]|[2, 1, 2, 1, 1, 0, 1, 1, 1, 1, 1, 0, 2, 2, 1, 2, 0, 0, 0, 2, 2, 1, 0, 2, 0, 2, 2, 1, 0, 1, 1, 1, 0, 0, 1, 0, 2, 1, 2, 2, 0, 0, 1, 1, 0, 2, 0, 2, 1, 0, 0, 2, 0, 2, 2, 0, 1, 1, 0, 0, 2, 1, 1, 2, 2, 0, 2, 2, 2, 1, 2, 1, 1, 2, 2, 1, 1, 2, 1, 2, 0, 1, 1, 1, 1, 0, 0, 0, 1, 1, 1, 0, 0, 1, 2, 1, 2, 1, 1, 0]|[0, 3, 0, 3, 4, 2, 4, 4, 2, 4, 3, 2, 1, 0, 2, 1, 1, 1, 2, 1, 1, 3, 0, 1, 0, 1, 1, 4, 1, 4, 3, 2, 2, 0, 4, 1, 1, 4, 1, 1, 2, 1, 4, 4, 1, 1, 0, 1, 3, 2, 2, 1, 2, 1, 1, 2, 4, 3, 0, 2, 2, 3, 3, 1, 1, 2, 1, 1, 1, 4, 1, 3, 4, 1, 2, 4, 3, 1, 3, 1, 2, 4, 4, 4, 3, 2, 2, 2, 3, 4, 3, 2, 2, 4, 1, 4, 1, 4, 3, 2]|[0, 2, 0, 0, 3, 0, 1, 3, 0, 0, 2, 0, 1, 0, 1, 0, 0, 0, 1, 0, 0, 2, 0, 0, 1, 0, 0, 3, 0, 1, 0, 2, 0, 0, 3, 0, 1, 1, 0, 0, 0, 0, 1, 3, 0, 0, 1, 0, 2, 0, 0, 0, 0, 0, 1, 0, 1, 0, 1, 1, 0, 2, 0, 0, 0, 0, 0, 0, 0, 2, 0, 0, 1, 0, 1, 1, 0, 0, 3, 0, 0, 1, 2, 2, 0, 0, 0, 0, 3, 1, 0, 0, 0, 1, 0, 1, 0, 3, 0, 0],870.0304869789887,49655.40903195209,102458.94298080857,false
55,G3_TWC,G3_TWC,[31, 22, 42, 15, 26, 58, 95, 82, 77, 12, 47, 5, 93, 78, 98, 54, 85, 63, 18, 44, 20, 35, 43, 97, 91, 76, 10, 30, 21, 45, 71, 64, 1, 23, 17, 83, 24, 61, 60, 49, 6, 57, 94, 88, 65, 56, 79, 40, 67, 68, 46, 75, 0, 9, 19, 32, 81, 41, 27, 62, 87, 90, 99, 59, 53, 16, 72, 73, 70, 39, 37, 84, 3, 92, 25, 74, 28, 38, 51, 7, 11, 14, 86, 48, 89, 66, 50, 96, 33, 80, 8, 4, 34, 36, 55, 52, 13, 2, 69, 29]|[1, 1, 0, 1, 1, 1, 2, 1, 2, 1, 2, 2, 2, 1, 1, 0, 0, 1, 0, 2, 2, 0, 1, 2, 0, 1, 2, 2, 0, 0, 1, 2, 1, 0, 1, 0, 2, 0, 1, 1, 0, 1, 1, 1, 0, 2, 1, 1, 0, 0, 0, 0, 1, 1, 2, 1, 2, 0, 0, 0, 2, 1, 0, 1, 0, 1, 2, 1, 1, 1, 1, 1, 2, 0, 1, 2, 0, 0, 0, 1, 0, 1, 0, 0, 1, 0, 0, 0, 2, 0, 1, 0, 2, 0, 1, 1, 0, 0, 1, 0]|[4, 3, 2, 2, 0, 0, 2, 2, 2, 4, 1, 1, 2, 4, 4, 1, 1, 4, 2, 1, 1, 1, 1, 2, 1, 2, 1, 1, 1, 1, 3, 2, 3, 0, 4, 0, 1, 1, 0, 3, 2, 2, 4, 0, 1, 1, 3, 2, 0, 1, 2, 2, 1, 4, 0, 3, 2, 1, 1, 2, 1, 3, 1, 1, 2, 3, 0, 4, 3, 1, 4, 1, 1, 2, 4, 1, 2, 1, 1, 3, 2, 3, 1, 1, 1, 1, 1, 1, 1, 1, 3, 2, 1, 1, 4, 1, 2, 2, 3, 2]|[0, 2, 1, 1, 3, 3, 0, 1, 0, 0, 0, 0, 1, 0, 1, 0, 0, 3, 1, 0, 0, 0, 3, 1, 0, 2, 0, 0, 0, 1, 0, 0, 0, 0, 3, 0, 1, 0, 0, 2, 1, 1, 2, 0, 0, 0, 0, 1, 1, 0, 0, 0, 1, 3, 0, 0, 1, 0, 0, 1, 0, 2, 0, 1, 1, 2, 1, 0, 0, 1, 1, 3, 0, 1, 3, 0, 1, 0, 0, 2, 1, 0, 0, 0, 1, 0, 0, 0, 0, 0, 2, 1, 0, 1, 3, 1, 0, 0, 0, 0],845.7931659427186,57778.757532044474,86593.12219517957,false
55,G1_CMAX,G1_CMAX,[31, 22, 90, 26, 58, 95, 42, 12, 93, 5, 78, 86, 98, 18, 20, 35, 3, 97, 91, 76, 10, 85, 54, 45, 63, 71, 66, 1, 23, 17, 24, 60, 36, 6, 57, 15, 65, 56, 47, 79, 94, 67, 50, 46, 14, 75, 38, 9, 30, 19, 32, 81, 27, 92, 83, 87, 40, 99, 59, 11, 53, 16, 72, 77, 73, 70, 39, 37, 84, 43, 62, 25, 55, 28, 29, 51, 68, 82, 74, 61, 88, 21, 80, 89, 7, 69, 96, 41, 48, 4, 8, 34, 49, 52, 0, 44, 13, 2, 64, 33]|[1, 1, 1, 1, 0, 2, 1, 1, 2, 2, 2, 1, 0, 1, 2, 2, 1, 2, 0, 1, 2, 2, 2, 0, 0, 1, 2, 1, 2, 1, 2, 1, 1, 0, 1, 1, 0, 2, 2, 1, 1, 0, 0, 0, 0, 1, 1, 1, 1, 2, 1, 2, 2, 0, 0, 2, 1, 0, 0, 2, 0, 1, 2, 2, 1, 1, 1, 1, 1, 1, 0, 1, 1, 0, 0, 0, 0, 0, 2, 1, 1, 0, 0, 1, 1, 1, 2, 2, 0, 1, 1, 2, 0, 1, 0, 0, 0, 0, 2, 2]|[0, 4, 3, 0, 1, 1, 2, 4, 1, 1, 2, 4, 1, 4, 1, 1, 1, 2, 2, 2, 2, 1, 1, 1, 2, 3, 2, 3, 0, 4, 1, 0, 3, 2, 2, 2, 1, 1, 1, 0, 2, 0, 1, 2, 1, 3, 1, 4, 2, 0, 3, 2, 1, 2, 1, 1, 4, 1, 1, 1, 2, 3, 0, 2, 4, 3, 1, 4, 1, 1, 1, 4, 4, 2, 1, 1, 1, 2, 1, 3, 0, 1, 1, 1, 1, 3, 1, 1, 1, 4, 3, 1, 1, 1, 2, 2, 2, 2, 1, 1]|[3, 0, 2, 3, 0, 0, 1, 0, 0, 0, 1, 0, 0, 3, 0, 0, 1, 1, 1, 2, 1, 0, 0, 0, 0, 0, 0, 0, 0, 3, 1, 0, 2, 1, 1, 1, 0, 0, 0, 0, 1, 1, 0, 0, 0, 0, 1, 3, 2, 0, 0, 1, 0, 1, 0, 0, 2, 0, 0, 0, 1, 2, 1, 1, 0, 0, 1, 1, 3, 3, 0, 3, 3, 1, 0, 0, 0, 1, 0, 0, 0, 0, 0, 1, 2, 2, 0, 0, 0, 0, 2, 0, 1, 1, 0, 0, 0, 0, 0, 0],705.0470749739228,58445.79123614564,95781.2895945797,false
55,G4_BALANCED,G3_TWC,[31, 22, 42, 15, 26, 58, 95, 82, 77, 12, 47, 5, 93, 78, 98, 54, 85, 63, 18, 44, 20, 35, 43, 97, 91, 76, 10, 30, 21, 45, 71, 64, 1, 23, 17, 83, 24, 61, 60, 36, 6, 57, 94, 88, 65, 56, 79, 40, 67, 68, 46, 75, 38, 9, 19, 32, 81, 41, 27, 62, 87, 90, 99, 59, 53, 16, 72, 73, 70, 39, 37, 84, 3, 92, 25, 74, 28, 29, 51, 7, 33, 14, 86, 48, 89, 50, 66, 96, 11, 80, 8, 4, 55, 49, 0, 52, 13, 2, 69, 34]|[1, 1, 0, 1, 1, 1, 2, 1, 2, 1, 2, 2, 2, 1, 1, 0, 0, 1, 0, 2, 2, 0, 1, 2, 0, 1, 2, 2, 0, 0, 1, 2, 1, 2, 1, 0, 2, 0, 1, 1, 0, 1, 1, 1, 0, 2, 1, 1, 0, 0, 0, 0, 1, 1, 2, 1, 2, 2, 0, 0, 2, 1, 0, 1, 0, 1, 2, 1, 1, 1, 1, 1, 2, 0, 1, 2, 0, 0, 0, 1, 2, 1, 0, 0, 1, 0, 2, 0, 2, 0, 1, 0, 1, 0, 0, 1, 0, 0, 1, 2]|[4, 3, 2, 2, 0, 0, 2, 2, 2, 4, 1, 1, 2, 4, 4, 1, 1, 4, 2, 1, 1, 1, 1, 2, 1, 2, 1, 1, 1, 1, 3, 2, 3, 0, 4, 0, 1, 1, 0, 3, 2, 2, 4, 0, 1, 1, 3, 2, 0, 1, 2, 2, 1, 4, 0, 3, 2, 1, 1, 2, 1, 3, 1, 1, 2, 3, 0, 4, 3, 1, 4, 1, 1, 2, 4, 1, 2, 1, 1, 3, 1, 3, 1, 1, 1, 1, 1, 1, 1, 1, 3, 2, 4, 1, 2, 1, 2, 2, 4, 1]|[0, 2, 1, 1, 3, 3, 0, 1, 0, 0, 0, 0, 1, 0, 1, 0, 0, 3, 1, 0, 0, 0, 3, 1, 0, 2, 0, 0, 0, 0, 0, 0, 0, 0, 3, 0, 1, 0, 0, 2, 1, 1, 2, 0, 0, 0, 0, 1, 1, 0, 0, 0, 1, 3, 0, 0, 1, 0, 0, 1, 0, 2, 0, 1, 1, 2, 1, 0, 0, 1, 1, 3, 0, 1, 3, 0, 1, 0, 0, 2, 0, 0, 0, 0, 1, 0, 0, 0, 0, 0, 2, 1, 3, 1, 0, 1, 0, 0, 2, 0],784.3225812068974,56776.46788388303,90114.71688848367,true
55,G2_TEC,G2_TEC,[31, 94, 82, 15, 26, 9, 95, 42, 77, 68, 47, 5, 93, 78, 86, 54, 85, 63, 18, 44, 20, 49, 36, 14, 74, 50, 53, 17, 21, 28, 11, 64, 3, 23, 30, 83, 24, 41, 40, 52, 65, 27, 90, 70, 39, 87, 48, 69, 99, 4, 98, 1, 13, 56, 97, 59, 45, 8, 73, 37, 35, 79, 71, 66, 76, 32, 60, 80, 58, 6, 67, 61, 33, 7, 57, 34, 12, 16, 10, 22, 96, 88, 43, 81, 91, 2, 84, 29, 92, 19, 51, 55, 89, 75, 72, 25, 38, 46, 62, 0]|[2, 1, 2, 1, 1, 2, 1, 1, 1, 1, 1, 0, 2, 2, 1, 2, 0, 0, 0, 2, 2, 1, 0, 2, 0, 2, 2, 1, 0, 1, 1, 1, 0, 0, 1, 0, 2, 1, 2, 2, 0, 0, 1, 1, 0, 2, 0, 2, 1, 0, 2, 2, 0, 2, 2, 0, 1, 1, 0, 0, 2, 1, 1, 2, 2, 0, 2, 2, 2, 1, 2, 1, 1, 2, 0, 1, 1, 2, 1, 2, 0, 1, 1, 1, 1, 0, 0, 1, 0, 1, 1, 0, 1, 1, 1, 1, 0, 0, 1, 0]|[0, 3, 0, 3, 4, 1, 4, 4, 4, 4, 3, 2, 1, 0, 2, 1, 1, 1, 2, 1, 1, 3, 0, 1, 0, 1, 1, 4, 1, 4, 3, 2, 2, 0, 4, 1, 1, 4, 1, 1, 2, 1, 4, 4, 1, 1, 0, 1, 3, 2, 1, 1, 2, 1, 1, 2, 4, 3, 0, 2, 1, 3, 3, 1, 1, 2, 1, 1, 1, 4, 1, 3, 4, 1, 2, 4, 3, 1, 3, 1, 2, 4, 4, 4, 3, 2, 2, 3, 2, 4, 3, 2, 4, 3, 4, 4, 2, 2, 3, 2]|[0, 2, 0, 0, 3, 0, 1, 3, 1, 0, 2, 0, 1, 0, 1, 0, 0, 0, 1, 0, 0, 2, 0, 0, 1, 0, 0, 3, 0, 1, 0, 2, 0, 0, 3, 0, 1, 1, 0, 0, 0, 0, 1, 3, 0, 0, 1, 0, 2, 0, 0, 0, 0, 0, 1, 0, 1, 0, 1, 1, 0, 2, 0, 0, 0, 0, 0, 0, 0, 2, 0, 0, 1, 0, 0, 1, 0, 0, 3, 0, 0, 1, 2, 2, 0, 0, 0, 3, 0, 1, 0, 0, 1, 2, 1, 3, 0, 0, 0, 0],897.1759158437911,48679.511186868214,106712.88289652695,false
55,G3_TWC,G3_TWC,[31, 22, 42, 15, 26, 58, 95, 82, 77, 12, 47, 5, 93, 78, 98, 54, 85, 63, 18, 44, 20, 35, 43, 97, 91, 76, 10, 30, 21, 45, 71, 64, 1, 23, 17, 83, 24, 61, 60, 49, 6, 57, 94, 88, 65, 56, 79, 40, 67, 68, 46, 75, 0, 9, 19, 32, 81, 41, 27, 62, 87, 90, 99, 59, 53, 16, 72, 73, 70, 39, 37, 84, 3, 92, 25, 74, 28, 38, 51, 7, 11, 14, 86, 48, 89, 66, 50, 96, 33, 80, 8, 4, 34, 36, 55, 52, 13, 2, 69, 29]|[1, 1, 0, 1, 1, 1, 2, 1, 2, 1, 2, 2, 2, 1, 1, 0, 0, 1, 0, 2, 2, 0, 1, 2, 0, 1, 2, 2, 0, 0, 1, 2, 1, 0, 1, 0, 2, 0, 1, 1, 0, 1, 1, 1, 0, 2, 1, 1, 0, 0, 0, 0, 1, 1, 2, 1, 2, 0, 0, 0, 2, 1, 0, 1, 0, 1, 2, 1, 1, 1, 1, 1, 2, 0, 1, 2, 0, 0, 0, 1, 0, 1, 0, 0, 1, 0, 0, 0, 2, 0, 1, 0, 2, 0, 1, 1, 0, 0, 1, 0]|[4, 3, 2, 2, 0, 0, 2, 2, 2, 4, 1, 1, 2, 4, 4, 1, 1, 4, 2, 1, 1, 1, 1, 2, 1, 2, 1, 1, 1, 1, 3, 2, 3, 0, 4, 0, 1, 1, 0, 3, 2, 2, 4, 0, 1, 1, 3, 2, 0, 1, 2, 2, 1, 4, 0, 3, 2, 1, 1, 2, 1, 3, 1, 1, 2, 3, 0, 4, 3, 1, 4, 1, 1, 2, 4, 1, 2, 1, 1, 3, 2, 3, 1, 1, 1, 1, 1, 1, 1, 1, 3, 2, 1, 1, 4, 1, 2, 2, 3, 2]|[0, 2, 1, 1, 3, 3, 0, 1, 0, 0, 0, 0, 1, 0, 1, 0, 0, 3, 1, 0, 0, 0, 3, 1, 0, 2, 0, 0, 0, 1, 0, 0, 0, 0, 3, 0, 1, 0, 0, 2, 1, 1, 2, 0, 0, 0, 0, 1, 1, 0, 0, 0, 1, 3, 0, 0, 1, 0, 0, 1, 0, 2, 0, 1, 1, 2, 1, 0, 0, 1, 1, 3, 0, 1, 3, 0, 1, 0, 0, 2, 1, 0, 0, 0, 1, 0, 0, 0, 0, 0, 2, 1, 0, 1, 3, 1, 0, 0, 0, 0],845.7931659427186,57778.757532044474,86593.12219517957,false
56,G1_CMAX,G4_BALANCED,[31, 22, 42, 15, 26, 58, 95, 82, 77, 12, 47, 5, 93, 78, 98, 54, 85, 63, 18, 44, 20, 35, 43, 97, 91, 76, 10, 30, 21, 45, 71, 64, 1, 23, 17, 83, 24, 61, 60, 49, 6, 57, 94, 88, 65, 56, 79, 40, 67, 68, 46, 75, 38, 9, 19, 32, 81, 41, 27, 62, 87, 90, 99, 59, 53, 16, 72, 73, 70, 39, 37, 84, 3, 92, 25, 74, 28, 29, 51, 7, 48, 14, 86, 11, 89, 66, 50, 96, 33, 80, 4, 8, 34, 36, 55, 52, 13, 2, 69, 0]|[1, 1, 0, 1, 1, 1, 2, 1, 2, 1, 2, 2, 2, 1, 1, 0, 0, 1, 0, 2, 2, 0, 1, 2, 0, 1, 2, 2, 0, 0, 1, 2, 1, 0, 1, 0, 2, 0, 1, 1, 0, 1, 1, 1, 0, 2, 1, 1, 0, 0, 0, 0, 1, 1, 2, 1, 2, 0, 0, 0, 2, 1, 0, 1, 0, 1, 2, 1, 1, 1, 1, 1, 2, 0, 1, 2, 0, 0, 0, 1, 0, 1, 0, 2, 1, 2, 0, 2, 2, 0, 0, 1, 2, 0, 1, 1, 0, 0, 1, 0]|[4, 3, 2, 2, 0, 0, 2, 2, 2, 4, 1, 1, 2, 4, 4, 1, 1, 4, 2, 1, 1, 1, 1, 2, 1, 2, 1, 1, 1, 1, 3, 2, 3, 0, 4, 0, 1, 1, 0, 3, 2, 2, 4, 0, 1, 1, 3, 2, 0, 1, 2, 2, 1, 4, 0, 3, 2, 1, 1, 2, 1, 3, 1, 1, 2, 3, 0, 4, 3, 1, 4, 1, 1, 2, 4, 1, 2, 1, 1, 3, 1, 3, 1, 1, 1, 1, 1, 1, 1, 1, 2, 3, 1, 1, 4, 1, 2, 2, 3, 1]|[0, 2, 1, 1, 3, 3, 0, 1, 0, 0, 0, 0, 1, 0, 1, 0, 0, 3, 1, 0, 0, 0, 3, 1, 0, 2, 0, 0, 0, 1, 0, 0, 0, 0, 3, 0, 1, 0, 0, 2, 1, 1, 2, 0, 0, 0, 0, 1, 1, 0, 0, 0, 1, 3, 0, 0, 1, 0, 0, 1, 0, 2, 0, 1, 1, 2, 1, 0, 0, 1, 1, 3, 0, 1, 3, 0, 1, 0, 0, 2, 0, 0, 0, 0, 1, 0, 0, 0, 0, 0, 1, 2, 0, 1, 3, 1, 0, 0, 0, 0],772.8200357445012,57369.776290843234,87404.11499662817,true
56,G4_BALANCED,G4_BALANCED,[31, 22, 82, 15, 26, 99, 95, 42, 77, 12, 47, 5, 93, 78, 86, 54, 21, 63, 18, 44, 20, 23, 43, 97, 91, 76, 10, 30, 85, 45, 71, 64, 1, 35, 17, 83, 24, 14, 60, 36, 6, 57, 40, 88, 65, 56, 79, 94, 67, 68, 46, 75, 38, 9, 19, 32, 41, 81, 27, 87, 90, 58, 59, 11, 16, 72, 62, 73, 70, 39, 37, 3, 92, 25, 55, 48, 84, 29, 51, 96, 33, 61, 98, 28, 89, 50, 4, 7, 53, 80, 52, 34, 66, 8, 13, 0, 74, 69, 2, 49]|[2, 1, 0, 1, 1, 0, 1, 1, 2, 1, 2, 2, 2, 1, 1, 0, 0, 1, 0, 2, 2, 2, 1, 2, 0, 1, 2, 2, 0, 0, 1, 2, 1, 2, 1, 0, 2, 0, 1, 1, 0, 1, 1, 1, 0, 2, 1, 1, 0, 0, 0, 0, 1, 1, 2, 1, 0, 2, 0, 2, 1, 0, 1, 2, 1, 2, 0, 1, 1, 1, 1, 1, 0, 1, 2, 0, 1, 0, 0, 2, 2, 1, 2, 0, 1, 0, 1, 2, 0, 0, 1, 2, 2, 1, 0, 0, 2, 1, 0, 0]|[1, 3, 2, 2, 4, 1, 2, 3, 2, 4, 1, 1, 2, 4, 4, 1, 1, 4, 2, 1, 1, 1, 1, 2, 1, 2, 1, 1, 2, 1, 3, 2, 3, 1, 4, 0, 1, 1, 0, 3, 2, 2, 2, 0, 1, 1, 0, 4, 0, 1, 2, 2, 1, 4, 0, 3, 1, 1, 1, 1, 3, 1, 1, 1, 3, 0, 2, 4, 3, 1, 4, 1, 0, 4, 1, 1, 1, 1, 1, 1, 1, 3, 1, 2, 1, 1, 4, 1, 2, 1, 1, 1, 1, 3, 2, 2, 1, 4, 2, 2]|[0, 2, 1, 1, 3, 0, 1, 3, 0, 0, 0, 0, 1, 0, 1, 0, 0, 3, 1, 0, 0, 0, 3, 1, 0, 2, 0, 0, 0, 1, 0, 0, 0, 0, 3, 0, 1, 0, 0, 2, 1, 1, 1, 0, 0, 0, 0, 2, 1, 0, 0, 0, 1, 3, 0, 0, 0, 0, 0, 0, 2, 0, 1, 0, 2, 1, 1, 0, 0, 1, 1, 1, 1, 3, 0, 0, 3, 0, 0, 0, 0, 0, 0, 1, 1, 0, 0, 0, 1, 0, 1, 0, 0, 2, 0, 0, 0, 2, 0, 0],768.4425996665918,55544.97691543313,95885.95702711058,false
56,G2_TEC,G2_TEC,[31, 94, 82, 15, 26, 9, 95, 42, 77, 68, 47, 5, 93, 78, 86, 54, 85, 63, 18, 44, 20, 49, 36, 14, 74, 50, 53, 17, 21, 28, 11, 64, 3, 23, 30, 83, 24, 41, 40, 52, 65, 27, 90, 70, 39, 87, 48, 69, 99, 4, 98, 1, 13, 56, 97, 59, 45, 8, 73, 37, 35, 79, 71, 66, 76, 32, 60, 80, 58, 6, 67, 61, 33, 7, 57, 34, 12, 16, 10, 22, 96, 88, 43, 81, 91, 2, 84, 29, 92, 19, 51, 55, 89, 75, 72, 25, 38, 46, 62, 0]|[2, 1, 2, 1, 1, 2, 1, 1, 1, 1, 1, 0, 2, 2, 1, 2, 0, 0, 0, 2, 2, 1, 0, 2, 0, 2, 2, 1, 0, 1, 1, 1, 0, 0, 1, 0, 2, 1, 2, 2, 0, 0, 1, 1, 0, 2, 0, 2, 1, 0, 2, 2, 0, 2, 2, 0, 1, 1, 0, 0, 2, 1, 1, 2, 2, 0, 2, 2, 2, 1, 2, 1, 1, 2, 0, 1, 1, 2, 1, 2, 0, 1, 1, 1, 1, 0, 0, 1, 0, 1, 1, 0, 1, 1, 1, 1, 0, 0, 1, 0]|[0, 3, 0, 3, 4, 1, 4, 4, 4, 4, 3, 2, 1, 0, 2, 1, 1, 1, 2, 1, 1, 3, 0, 1, 0, 1, 1, 4, 1, 4, 3, 2, 2, 0, 4, 1, 1, 4, 1, 1, 2, 1, 4, 4, 1, 1, 0, 1, 3, 2, 1, 1, 2, 1, 1, 2, 4, 3, 0, 2, 1, 3, 3, 1, 1, 2, 1, 1, 1, 4, 1, 3, 4, 1, 2, 4, 3, 1, 3, 1, 2, 4, 4, 4, 3, 2, 2, 3, 2, 4, 3, 2, 4, 3, 4, 4, 2, 2, 3, 2]|[0, 2, 0, 0, 3, 0, 1, 3, 1, 0, 2, 0, 1, 0, 1, 0, 0, 0, 1, 0, 0, 2, 0, 0, 1, 0, 0, 3, 0, 1, 0, 2, 0, 0, 3, 0, 1, 1, 0, 0, 0, 0, 1, 3, 0, 0, 1, 0, 2, 0, 0, 0, 0, 0, 1, 0, 1, 0, 1, 1, 0, 2, 0, 0, 0, 0, 0, 0, 0, 2, 0, 0, 1, 0, 0, 1, 0, 0, 3, 0, 0, 1, 2, 2, 0, 0, 0, 3, 0, 1, 0, 0, 1, 2, 1, 3, 0, 0, 0, 0],897.1759158437911,48679.511186868214,106712.88289652695,false
56,G3_TWC,G3_TWC,[31, 22, 42, 15, 26, 58, 95, 82, 77, 12, 47, 5, 93, 78, 98, 54, 85, 63, 18, 44, 20, 35, 43, 97, 91, 76, 10, 30, 21, 45, 71, 64, 1, 23, 17, 83, 24, 61, 60, 49, 6, 57, 94, 88, 65, 56, 79, 40, 67, 68, 46, 75, 0, 9, 19, 32, 81, 41, 27, 62, 87, 90, 99, 59, 53, 16, 72, 73, 70, 39, 37, 84, 3, 92, 25, 74, 28, 38, 51, 7, 11, 14, 86, 48, 89, 66, 50, 96, 33, 80, 8, 4, 34, 36, 55, 52, 13, 2, 69, 29]|[1, 1, 0, 1, 1, 1, 2, 1, 2, 1, 2, 2, 2, 1, 1, 0, 0, 1, 0, 2, 2, 0, 1, 2, 0, 1, 2, 2, 0, 0, 1, 2, 1, 0, 1, 0, 2, 0, 1, 1, 0, 1, 1, 1, 0, 2, 1, 1, 0, 0, 0, 0, 1, 1, 2, 1, 2, 0, 0, 0, 2, 1, 0, 1, 0, 1, 2, 1, 1, 1, 1, 1, 2, 0, 1, 2, 0, 0, 0, 1, 0, 1, 0, 0, 1, 0, 0, 0, 2, 0, 1, 0, 2, 0, 1, 1, 0, 0, 1, 0]|[4, 3, 2, 2, 0, 0, 2, 2, 2, 4, 1, 1, 2, 4, 4, 1, 1, 4, 2, 1, 1, 1, 1, 2, 1, 2, 1, 1, 1, 1, 3, 2, 3, 0, 4, 0, 1, 1, 0, 3, 2, 2, 4, 0, 1, 1, 3, 2, 0, 1, 2, 2, 1, 4, 0, 3, 2, 1, 1, 2, 1, 3, 1, 1, 2, 3, 0, 4, 3, 1, 4, 1, 1, 2, 4, 1, 2, 1, 1, 3, 2, 3, 1, 1, 1, 1, 1, 1, 1, 1, 3, 2, 1, 1, 4, 1, 2, 2, 3, 2]|[0, 2, 1, 1, 3, 3, 0, 1, 0, 0, 0, 0, 1, 0, 1, 0, 0, 3, 1, 0, 0, 0, 3, 1, 0, 2, 0, 0, 0, 1, 0, 0, 0, 0, 3, 0, 1, 0, 0, 2, 1, 1, 2, 0, 0, 0, 0, 1, 1, 0, 0, 0, 1, 3, 0, 0, 1, 0, 0, 1, 0, 2, 0, 1, 1, 2, 1, 0, 0, 1, 1, 3, 0, 1, 3, 0, 1, 0, 0, 2, 1, 0, 0, 0, 1, 0, 0, 0, 0, 0, 2, 1, 0, 1, 3, 1, 0, 0, 0, 0],845.7931659427186,57778.757532044474,86593.12219517957,false
56,G1_CMAX,G1_CMAX,[31, 22, 90, 26, 58, 95, 42, 12, 93, 5, 78, 86, 98, 18, 20, 35, 3, 97, 91, 76, 10, 85, 54, 45, 63, 71, 66, 1, 23, 17, 24, 60, 36, 6, 57, 15, 65, 56, 47, 79, 94, 67, 50, 46, 14, 75, 38, 9, 30, 19, 32, 81, 27, 92, 83, 87, 40, 99, 59, 11, 53, 16, 72, 77, 73, 70, 39, 37, 84, 43, 62, 25, 55, 28, 29, 51, 68, 82, 74, 61, 88, 21, 80, 89, 7, 69, 96, 41, 48, 4, 8, 34, 49, 52, 0, 44, 13, 2, 64, 33]|[1, 1, 1, 1, 0, 2, 1, 1, 2, 2, 2, 1, 0, 1, 2, 2, 1, 2, 0, 1, 2, 2, 2, 0, 0, 1, 2, 1, 2, 1, 2, 1, 1, 0, 1, 1, 0, 2, 2, 1, 1, 0, 0, 0, 0, 1, 1, 1, 1, 2, 1, 2, 2, 0, 0, 2, 1, 0, 0, 2, 0, 1, 2, 2, 1, 1, 1, 1, 1, 1, 0, 1, 1, 0, 0, 0, 0, 0, 2, 1, 1, 0, 0, 1, 1, 1, 2, 2, 0, 1, 1, 2, 0, 1, 0, 0, 0, 0, 2, 2]|[0, 4, 3, 0, 1, 1, 2, 4, 1, 1, 2, 4, 1, 4, 1, 1, 1, 2, 2, 2, 2, 1, 1, 1, 2, 3, 2, 3, 0, 4, 1, 0, 3, 2, 2, 2, 1, 1, 1, 0, 2, 0, 1, 2, 1, 3, 1, 4, 2, 0, 3, 2, 1, 2, 1, 1, 4, 1, 1, 1, 2, 3, 0, 2, 4, 3, 1, 4, 1, 1, 1, 4, 4, 2, 1, 1, 1, 2, 1, 3, 0, 1, 1, 1, 1, 3, 1, 1, 1, 4, 3, 1, 1, 1, 2, 2, 2, 2, 1, 1]|[3, 0, 2, 3, 0, 0, 1, 0, 0, 0, 1, 0, 0, 3, 0, 0, 1, 1, 1, 2, 1, 0, 0, 0, 0, 0, 0, 0, 0, 3, 1, 0, 2, 1, 1, 1, 0, 0, 0, 0, 1, 1, 0, 0, 0, 0, 1, 3, 2, 0, 0, 1, 0, 1, 0, 0, 2, 0, 0, 0, 1, 2, 1, 1, 0, 0, 1, 1, 3, 3, 0, 3, 3, 1, 0, 0, 0, 1, 0, 0, 0, 0, 0, 1, 2, 2, 0, 0, 0, 0, 2, 0, 1, 1, 0, 0, 0, 0, 0, 0],705.0470749739228,58445.79123614564,95781.2895945797,false
56,G4_BALANCED,G4_BALANCED,[31, 11, 15, 82, 26, 9, 95, 32, 77, 68, 47, 5, 93, 78, 86, 54, 85, 63, 18, 44, 20, 49, 36, 14, 74, 50, 53, 17, 21, 45, 71, 64, 3, 23, 30, 83, 24, 41, 60, 52, 51, 27, 90, 70, 39, 87, 48, 69, 99, 4, 46, 1, 13, 58, 97, 59, 28, 8, 73, 37, 35, 79, 22, 66, 76, 42, 40, 80, 96, 6, 16, 61, 33, 7, 57, 34, 12, 67, 10, 98, 56, 88, 29, 25, 91, 38, 19, 92, 43, 84, 65, 72, 81, 75, 2, 55, 62, 89, 94, 0]|[2, 1, 1, 2, 1, 2, 1, 1, 1, 1, 1, 0, 2, 2, 1, 2, 0, 0, 0, 2, 2, 1, 0, 2, 0, 2, 2, 1, 0, 1, 1, 1, 0, 0, 1, 0, 2, 1, 2, 2, 0, 0, 1, 1, 0, 2, 0, 2, 1, 0, 0, 2, 0, 0, 2, 0, 1, 1, 0, 0, 2, 1, 1, 2, 2, 0, 2, 2, 0, 1, 2, 1, 1, 2, 0, 1, 2, 1, 1, 2, 2, 1, 1, 1, 1, 0, 1, 0, 1, 0, 1, 1, 1, 0, 2, 0, 1, 1, 2, 0]|[1, 3, 2, 0, 4, 1, 4, 4, 2, 4, 3, 2, 1, 0, 2, 1, 1, 1, 2, 1, 1, 3, 0, 1, 0, 1, 1, 4, 1, 4, 3, 2, 2, 0, 4, 1, 1, 4, 0, 1, 2, 1, 4, 4, 1, 1, 0, 2, 3, 1, 2, 1, 2, 1, 1, 2, 4, 3, 0, 2, 2, 3, 3, 0, 1, 2, 0, 1, 2, 4, 1, 3, 4, 1, 2, 4, 1, 3, 3, 1, 1, 4, 3, 4, 3, 2, 4, 2, 4, 2, 3, 4, 1, 2, 1, 2, 3, 4, 1, 2]|[1, 2, 1, 0, 3, 0, 1, 3, 0, 0, 2, 0, 1, 0, 1, 0, 0, 0, 1, 0, 0, 2, 0, 0, 1, 0, 0, 3, 0, 1, 0, 2, 0, 1, 3, 0, 1, 3, 1, 0, 0, 0, 1, 3, 0, 0, 1, 0, 2, 0, 0, 0, 0, 0, 1, 0, 1, 0, 1, 1, 0, 2, 2, 0, 0, 0, 1, 0, 0, 2, 0, 0, 1, 0, 0, 1, 0, 0, 3, 0, 0, 1, 0, 3, 0, 0, 1, 0, 2, 0, 0, 2, 1, 0, 0, 0, 0, 1, 0, 0],850.9632869082183,52431.02217786142,105346.60403335126,false
56,G2_TEC,G2_TEC,[31, 94, 82, 15, 26, 9, 95, 42, 77, 68, 47, 5, 93, 78, 86, 54, 85, 63, 18, 44, 20, 49, 36, 14, 74, 50, 53, 17, 21, 28, 11, 64, 3, 23, 30, 83, 24, 41, 40, 52, 65, 27, 90, 70, 39, 87, 48, 69, 99, 4, 98, 1, 13, 56, 97, 59, 45, 8, 73, 37, 35, 79, 71, 75, 76, 16, 60, 80, 58, 6, 67, 61, 33, 7, 57, 34, 12, 32, 10, 46, 96, 88, 43, 81, 91, 2, 84, 29, 92, 19, 51, 55, 89, 66, 25, 22, 38, 72, 62, 0]|[2, 1, 2, 1, 1, 2, 1, 1, 1, 1, 1, 0, 2, 2, 1, 2, 0, 0, 0, 2, 2, 1, 0, 2, 0, 2, 2, 1, 0, 1, 1, 1, 0, 0, 1, 0, 2, 1, 2, 2, 0, 0, 1, 1, 0, 2, 0, 2, 1, 0, 2, 2, 0, 2, 2, 0, 1, 1, 0, 0, 2, 1, 1, 0, 2, 2, 2, 2, 2, 1, 2, 1, 1, 2, 0, 1, 1, 0, 1, 0, 0, 1, 1, 1, 1, 0, 0, 1, 0, 1, 1, 0, 1, 2, 1, 2, 0, 1, 1, 0]|[0, 3, 0, 3, 4, 1, 4, 4, 4, 4, 3, 2, 1, 0, 2, 1, 1, 1, 2, 1, 1, 3, 0, 1, 0, 1, 1, 4, 1, 4, 3, 2, 2, 0, 4, 1, 1, 4, 1, 1, 2, 1, 4, 4, 1, 1, 0, 1, 3, 2, 1, 1, 2, 1, 1, 2, 4, 3, 0, 2, 1, 3, 3, 2, 1, 1, 1, 1, 1, 4, 1, 3, 4, 1, 2, 4, 3, 2, 3, 2, 2, 4, 4, 4, 3, 2, 2, 3, 2, 4, 3, 2, 4, 1, 4, 1, 2, 4, 3, 2]|[0, 2, 0, 0, 3, 0, 1, 3, 1, 0, 2, 0, 1, 0, 1, 0, 0, 0, 1, 0, 0, 2, 0, 0, 1, 0, 0, 3, 0, 1, 0, 2, 0, 0, 3, 0, 1, 1, 0, 0, 0, 0, 1, 3, 0, 0, 1, 0, 2, 0, 0, 0, 0, 0, 1, 0, 1, 0, 1, 1, 0, 2, 0, 0, 0, 0, 0, 0, 0, 2, 0, 0, 1, 0, 0, 1, 0, 0, 3, 0, 0, 1, 2, 2, 0, 0, 0, 3, 0, 1, 0, 0, 1, 0, 3, 0, 0, 1, 0, 0],910.6016522559228,48427.915453382215,107149.35343126023,false
56,G3_TWC,G3_TWC,[31, 22, 42, 15, 26, 58, 95, 82, 77, 12, 47, 5, 93, 78, 98, 54, 85, 63, 18, 44, 20, 35, 43, 97, 91, 76, 10, 30, 21, 45, 71, 64, 1, 23, 17, 83, 24, 61, 60, 49, 6, 57, 94, 88, 65, 56, 79, 40, 67, 68, 46, 75, 0, 9, 19, 32, 81, 41, 27, 62, 87, 90, 99, 59, 53, 16, 72, 73, 70, 39, 37, 84, 3, 92, 25, 74, 28, 38, 51, 7, 11, 14, 86, 48, 89, 66, 50, 96, 33, 80, 8, 4, 34, 36, 55, 52, 13, 2, 69, 29]|[1, 1, 0, 1, 1, 1, 2, 1, 2, 1, 2, 2, 2, 1, 1, 0, 0, 1, 0, 2, 2, 0, 1, 2, 0, 1, 2, 2, 0, 0, 1, 2, 1, 0, 1, 0, 2, 0, 1, 1, 0, 1, 1, 1, 0, 2, 1, 1, 0, 0, 0, 0, 1, 1, 2, 1, 2, 0, 0, 0, 2, 1, 0, 1, 0, 1, 2, 1, 1, 1, 1, 1, 2, 0, 1, 2, 0, 0, 0, 1, 0, 1, 0, 0, 1, 0, 0, 0, 2, 0, 1, 0, 2, 0, 1, 1, 0, 0, 1, 0]|[4, 3, 2, 2, 0, 0, 2, 2, 2, 4, 1, 1, 2, 4, 4, 1, 1, 4, 2, 1, 1, 1, 1, 2, 1, 2, 1, 1, 1, 1, 3, 2, 3, 0, 4, 0, 1, 1, 0, 3, 2, 2, 4, 0, 1, 1, 3, 2, 0, 1, 2, 2, 1, 4, 0, 3, 2, 1, 1, 2, 1, 3, 1, 1, 2, 3, 0, 4, 3, 1, 4, 1, 1, 2, 4, 1, 2, 1, 1, 3, 2, 3, 1, 1, 1, 1, 1, 1, 1, 1, 3, 2, 1, 1, 4, 1, 2, 2, 3, 2]|[0, 2, 1, 1, 3, 3, 0, 1, 0, 0, 0, 0, 1, 0, 1, 0, 0, 3, 1, 0, 0, 0, 3, 1, 0, 2, 0, 0, 0, 1, 0, 0, 0, 0, 3, 0, 1, 0, 0, 2, 1, 1, 2, 0, 0, 0, 0, 1, 1, 0, 0, 0, 1, 3, 0, 0, 1, 0, 0, 1, 0, 2, 0, 1, 1, 2, 1, 0, 0, 1, 1, 3, 0, 1, 3, 0, 1, 0, 0, 2, 1, 0, 0, 0, 1, 0, 0, 0, 0, 0, 2, 1, 0, 1, 3, 1, 0, 0, 0, 0],845.7931659427186,57778.757532044474,86593.12219517957,false
56,G1_CMAX,G3_TWC,[31, 22, 42, 15, 26, 58, 95, 82, 77, 12, 47, 5, 93, 78, 98, 54, 85, 63, 18, 44, 20, 35, 43, 97, 91, 76, 10, 30, 21, 45, 71, 64, 1, 23, 17, 83, 24, 61, 60, 49, 6, 57, 94, 88, 65, 56, 79, 40, 67, 68, 46, 75, 38, 9, 19, 32, 81, 41, 27, 62, 87, 90, 99, 59, 11, 16, 72, 73, 70, 39, 37, 84, 3, 92, 25, 74, 28, 29, 51, 7, 53, 14, 86, 48, 89, 50, 66, 96, 33, 80, 4, 2, 55, 36, 0, 52, 13, 8, 69, 34]|[1, 1, 0, 1, 1, 1, 2, 1, 2, 1, 2, 2, 2, 1, 1, 0, 0, 1, 0, 2, 2, 0, 1, 2, 0, 1, 2, 2, 0, 0, 1, 2, 1, 0, 1, 0, 2, 0, 1, 1, 0, 1, 1, 1, 0, 2, 1, 1, 0, 0, 0, 0, 1, 1, 2, 1, 2, 0, 0, 0, 2, 1, 0, 1, 2, 1, 2, 1, 1, 1, 1, 1, 2, 0, 1, 2, 0, 0, 0, 1, 0, 1, 0, 0, 1, 2, 2, 0, 2, 0, 0, 0, 1, 0, 0, 1, 0, 1, 1, 2]|[4, 3, 2, 2, 0, 0, 2, 2, 2, 4, 1, 1, 2, 4, 4, 1, 1, 4, 2, 1, 1, 1, 1, 2, 1, 2, 1, 1, 1, 1, 3, 2, 3, 0, 4, 0, 1, 1, 0, 3, 2, 2, 4, 0, 1, 1, 3, 2, 0, 1, 2, 2, 1, 4, 0, 3, 2, 1, 1, 2, 1, 3, 1, 1, 1, 3, 0, 4, 3, 1, 4, 1, 1, 2, 4, 1, 2, 1, 1, 3, 2, 3, 1, 1, 1, 1, 1, 1, 1, 1, 2, 2, 4, 1, 2, 1, 2, 3, 3, 1]|[0, 2, 1, 1, 3, 3, 0, 1, 0, 0, 0, 0, 1, 0, 1, 0, 0, 3, 1, 0, 0, 0, 3, 1, 0, 2, 0, 0, 0, 1, 0, 0, 0, 0, 3, 0, 1, 0, 0, 2, 1, 1, 2, 0, 0, 0, 0, 1, 1, 0, 0, 0, 1, 3, 0, 0, 1, 0, 0, 1, 0, 2, 0, 1, 0, 2, 1, 0, 0, 1, 1, 3, 0, 1, 3, 0, 1, 0, 0, 2, 1, 0, 0, 0, 1, 0, 0, 0, 0, 0, 1, 0, 3, 1, 0, 1, 0, 2, 0, 0],791.6655479478112,57306.346972481704,87394.5576788691,true
56,G4_BALANCED,G4_BALANCED,[31, 22, 82, 15, 26, 99, 95, 42, 77, 12, 47, 5, 93, 78, 86, 54, 21, 63, 18, 44, 20, 23, 43, 97, 91, 76, 10, 30, 85, 45, 71, 64, 1, 35, 17, 83, 24, 14, 60, 36, 6, 57, 40, 88, 65, 56, 79, 94, 67, 68, 46, 75, 38, 9, 19, 32, 41, 81, 27, 87, 90, 58, 59, 11, 16, 72, 62, 73, 70, 39, 37, 3, 92, 25, 55, 48, 84, 29, 51, 96, 33, 61, 98, 28, 89, 50, 4, 7, 53, 80, 52, 34, 66, 8, 13, 0, 74, 69, 2, 49]|[2, 1, 0, 1, 1, 0, 1, 1, 2, 1, 2, 2, 2, 1, 1, 0, 0, 1, 0, 2, 2, 2, 1, 2, 0, 1, 2, 2, 0, 0, 1, 2, 1, 2, 1, 0, 2, 0, 1, 1, 0, 1, 1, 1, 0, 2, 1, 1, 0, 0, 0, 0, 1, 1, 2, 1, 0, 2, 0, 2, 1, 0, 1, 2, 1, 2, 0, 1, 1, 1, 1, 1, 0, 1, 2, 0, 1, 0, 0, 2, 2, 1, 2, 0, 1, 0, 1, 2, 0, 0, 1, 2, 2, 1, 0, 0, 2, 1, 0, 0]|[1, 3, 2, 2, 4, 1, 2, 3, 2, 4, 1, 1, 2, 4, 4, 1, 1, 4, 2, 1, 1, 1, 1, 2, 1, 2, 1, 1, 2, 1, 3, 2, 3, 1, 4, 0, 1, 1, 0, 3, 2, 2, 2, 0, 1, 1, 0, 4, 0, 1, 2, 2, 1, 4, 0, 3, 1, 1, 1, 1, 3, 1, 1, 1, 3, 0, 2, 4, 3, 1, 4, 1, 0, 4, 1, 1, 1, 1, 1, 1, 1, 3, 1, 2, 1, 1, 4, 1, 2, 1, 1, 1, 1, 3, 2, 2, 1, 4, 2, 2]|[0, 2, 1, 1, 3, 0, 1, 3, 0, 0, 0, 0, 1, 0, 1, 0, 0, 3, 1, 0, 0, 0, 3, 1, 0, 2, 0, 0, 0, 1, 0, 0, 0, 0, 3, 0, 1, 0, 0, 2, 1, 1, 1, 0, 0, 0, 0, 2, 1, 0, 0, 0, 1, 3, 0, 0, 0, 0, 0, 0, 2, 0, 1, 0, 2, 1, 1, 0, 0, 1, 1, 1, 1, 3, 0, 0, 3, 0, 0, 0, 0, 0, 0, 1, 1, 0, 0, 0, 1, 0, 1, 0, 0, 2, 0, 0, 0, 2, 0, 0],768.4425996665918,55544.97691543313,95885.95702711058,false
56,G2_TEC,G4_BALANCED,[31, 22, 82, 15, 26, 58, 95, 42, 77, 12, 47, 5, 93, 78, 86, 54, 85, 63, 18, 44, 20, 35, 43, 97, 66, 76, 79, 30, 21, 45, 71, 64, 1, 23, 17, 83, 24, 14, 60, 36, 6, 57, 40, 88, 65, 56, 10, 94, 67, 68, 46, 75, 38, 9, 19, 32, 41, 81, 27, 62, 87, 90, 99, 59, 11, 16, 72, 73, 69, 39, 37, 84, 3, 92, 25, 55, 29, 28, 51, 7, 33, 61, 48, 98, 89, 8, 4, 96, 53, 80, 50, 91, 34, 2, 52, 0, 49, 70, 13, 74]|[1, 1, 0, 1, 1, 0, 1, 2, 2, 1, 2, 2, 2, 1, 1, 0, 0, 1, 0, 2, 2, 0, 1, 2, 2, 1, 2, 2, 0, 0, 1, 2, 1, 2, 1, 0, 2, 0, 1, 1, 0, 1, 1, 1, 0, 2, 2, 1, 0, 0, 0, 0, 1, 1, 2, 1, 0, 2, 0, 0, 2, 1, 0, 1, 2, 1, 2, 1, 1, 1, 1, 1, 1, 0, 1, 2, 0, 0, 0, 1, 2, 1, 0, 2, 1, 1, 1, 2, 0, 0, 0, 0, 2, 0, 1, 0, 0, 1, 0, 2]|[4, 3, 2, 2, 4, 1, 2, 2, 2, 4, 1, 1, 2, 4, 4, 1, 2, 4, 2, 1, 1, 1, 1, 2, 1, 2, 1, 1, 1, 1, 3, 1, 3, 1, 4, 0, 1, 1, 0, 3, 2, 2, 2, 0, 1, 1, 1, 4, 0, 1, 2, 2, 1, 4, 0, 3, 1, 1, 1, 2, 1, 3, 1, 1, 1, 3, 0, 4, 4, 1, 4, 1, 1, 0, 4, 1, 1, 2, 1, 1, 1, 3, 1, 1, 1, 3, 4, 1, 2, 1, 1, 1, 1, 2, 1, 2, 1, 3, 2, 1]|[0, 2, 1, 1, 3, 0, 1, 0, 0, 0, 0, 0, 1, 0, 1, 0, 0, 3, 1, 0, 0, 0, 3, 1, 0, 2, 0, 0, 0, 0, 0, 0, 0, 0, 3, 0, 1, 0, 0, 2, 1, 1, 1, 0, 0, 0, 0, 2, 1, 0, 0, 0, 1, 3, 0, 0, 0, 0, 0, 1, 0, 2, 0, 1, 0, 2, 1, 0, 2, 1, 1, 3, 1, 1, 3, 0, 0, 1, 0, 2, 0, 0, 0, 0, 1, 2, 0, 0, 1, 0, 0, 0, 0, 0, 1, 0, 1, 0, 0, 0],777.436160111927,55378.96358309585,98756.68483674081,true
56,G3_TWC,G3_TWC,[31, 22, 42, 15, 26, 58, 95, 82, 77, 12, 47, 5, 93, 78, 98, 54, 85, 63, 18, 44, 20, 35, 43, 97, 91, 76, 10, 30, 21, 45, 71, 64, 1, 23, 17, 83, 24, 61, 60, 49, 6, 57, 94, 88, 65, 56, 79, 40, 67, 68, 46, 75, 0, 9, 19, 32, 81, 41, 27, 62, 87, 90, 99, 59, 53, 16, 72, 73, 70, 39, 37, 84, 3, 92, 25, 74, 28, 38, 51, 7, 11, 14, 86, 48, 89, 66, 50, 96, 33, 80, 8, 4, 34, 36, 55, 52, 13, 2, 69, 29]|[1, 1, 0, 1, 1, 1, 2, 1, 2, 1, 2, 2, 2, 1, 1, 0, 0, 1, 0, 2, 2, 0, 1, 2, 0, 1, 2, 2, 0, 0, 1, 2, 1, 0, 1, 0, 2, 0, 1, 1, 0, 1, 1, 1, 0, 2, 1, 1, 0, 0, 0, 0, 1, 1, 2, 1, 2, 0, 0, 0, 2, 1, 0, 1, 0, 1, 2, 1, 1, 1, 1, 1, 2, 0, 1, 2, 0, 0, 0, 1, 0, 1, 0, 0, 1, 0, 0, 0, 2, 0, 1, 0, 2, 0, 1, 1, 0, 0, 1, 0]|[4, 3, 2, 2, 0, 0, 2, 2, 2, 4, 1, 1, 2, 4, 4, 1, 1, 4, 2, 1, 1, 1, 1, 2, 1, 2, 1, 1, 1, 1, 3, 2, 3, 0, 4, 0, 1, 1, 0, 3, 2, 2, 4, 0, 1, 1, 3, 2, 0, 1, 2, 2, 1, 4, 0, 3, 2, 1, 1, 2, 1, 3, 1, 1, 2, 3, 0, 4, 3, 1, 4, 1, 1, 2, 4, 1, 2, 1, 1, 3, 2, 3, 1, 1, 1, 1, 1, 1, 1, 1, 3, 2, 1, 1, 4, 1, 2, 2, 3, 2]|[0, 2, 1, 1, 3, 3, 0, 1, 0, 0, 0, 0, 1, 0, 1, 0, 0, 3, 1, 0, 0, 0, 3, 1, 0, 2, 0, 0, 0, 1, 0, 0, 0, 0, 3, 0, 1, 0, 0, 2, 1, 1, 2, 0, 0, 0, 0, 1, 1, 0, 0, 0, 1, 3, 0, 0, 1, 0, 0, 1, 0, 2, 0, 1, 1, 2, 1, 0, 0, 1, 1, 3, 0, 1, 3, 0, 1, 0, 0, 2, 1, 0, 0, 0, 1, 0, 0, 0, 0, 0, 2, 1, 0, 1, 3, 1, 0, 0, 0, 0],845.7931659427186,57778.757532044474,86593.12219517957,false
56,G1_CMAX,G1_CMAX,[31, 22, 42, 15, 26, 58, 95, 82, 41, 12, 47, 3, 78, 98, 54, 85, 63, 18, 44, 20, 35, 43, 97, 5, 91, 76, 10, 83, 17, 23, 1, 64, 71, 61, 30, 24, 45, 60, 36, 6, 57, 94, 88, 65, 19, 79, 40, 67, 68, 21, 46, 75, 38, 9, 56, 32, 81, 72, 27, 62, 87, 90, 99, 59, 11, 16, 77, 73, 70, 39, 37, 84, 93, 92, 25, 74, 29, 7, 89, 80, 33, 86, 14, 50, 51, 48, 28, 96, 53, 66, 4, 8, 55, 49, 0, 52, 13, 2, 69, 34]|[1, 1, 0, 1, 1, 1, 2, 1, 2, 1, 2, 2, 1, 1, 0, 0, 1, 0, 2, 2, 0, 1, 2, 2, 0, 1, 2, 2, 1, 2, 1, 2, 1, 0, 2, 2, 0, 1, 1, 0, 1, 1, 1, 0, 2, 1, 1, 0, 0, 0, 0, 0, 1, 1, 2, 1, 2, 2, 0, 0, 2, 1, 0, 1, 2, 1, 2, 1, 1, 1, 1, 1, 2, 1, 1, 2, 0, 1, 1, 0, 2, 2, 1, 0, 0, 0, 0, 2, 0, 0, 0, 1, 1, 0, 0, 1, 0, 0, 2, 2]|[4, 3, 2, 2, 0, 0, 2, 2, 1, 4, 1, 1, 4, 4, 1, 1, 4, 2, 1, 1, 1, 1, 2, 1, 1, 2, 1, 1, 4, 0, 3, 2, 3, 1, 1, 1, 1, 0, 3, 2, 2, 4, 0, 1, 0, 0, 2, 0, 1, 1, 2, 2, 1, 4, 1, 3, 2, 0, 1, 2, 1, 3, 1, 1, 1, 3, 1, 4, 3, 1, 4, 1, 2, 4, 4, 1, 1, 3, 1, 1, 1, 1, 3, 1, 1, 1, 2, 1, 2, 1, 2, 3, 4, 1, 2, 1, 2, 2, 1, 1]|[0, 2, 0, 1, 3, 3, 1, 1, 0, 0, 0, 0, 0, 1, 1, 0, 3, 1, 0, 0, 0, 3, 1, 0, 0, 2, 0, 1, 3, 0, 0, 0, 0, 1, 0, 1, 0, 0, 2, 1, 1, 2, 0, 0, 0, 0, 1, 1, 0, 0, 0, 0, 1, 3, 0, 0, 1, 1, 0, 1, 0, 2, 0, 1, 0, 2, 0, 0, 0, 1, 1, 3, 1, 0, 3, 0, 0, 2, 1, 0, 0, 0, 0, 0, 0, 0, 1, 0, 1, 0, 1, 2, 3, 1, 0, 1, 0, 0, 0, 0],705.4712346728571,58108.739276613436,91469.75104712523,false
56,G4_BALANCED,G4_BALANCED,[31, 22, 42, 15, 26, 58, 95, 82, 77, 12, 47, 5, 93, 78, 98, 54, 85, 63, 18, 44, 20, 35, 43, 97, 91, 76, 10, 30, 21, 45, 71, 64, 1, 23, 17, 83, 24, 61, 60, 36, 6, 57, 94, 88, 65, 56, 79, 40, 67, 68, 46, 75, 38, 9, 19, 32, 81, 41, 27, 62, 87, 90, 99, 59, 11, 16, 72, 73, 70, 39, 37, 84, 3, 92, 25, 74, 28, 29, 51, 7, 53, 14, 86, 48, 89, 50, 66, 96, 33, 80, 4, 8, 0, 49, 55, 52, 13, 2, 69, 34]|[1, 1, 0, 1, 1, 1, 2, 1, 2, 1, 2, 2, 2, 1, 1, 0, 0, 1, 0, 2, 2, 0, 1, 2, 0, 1, 2, 2, 0, 0, 1, 2, 1, 2, 1, 0, 2, 0, 1, 1, 0, 1, 1, 1, 0, 2, 1, 1, 0, 0, 0, 0, 1, 1, 2, 1, 2, 0, 0, 0, 2, 1, 0, 1, 2, 1, 2, 1, 1, 1, 1, 1, 2, 0, 1, 2, 0, 0, 0, 1, 0, 1, 0, 0, 1, 0, 2, 0, 2, 0, 0, 1, 0, 0, 2, 1, 0, 0, 1, 2]|[4, 3, 2, 2, 0, 0, 2, 2, 2, 4, 1, 1, 2, 4, 4, 1, 1, 4, 2, 1, 1, 1, 1, 2, 1, 2, 1, 1, 1, 1, 3, 2, 3, 0, 4, 0, 1, 1, 0, 3, 2, 2, 4, 0, 1, 1, 0, 2, 0, 1, 2, 2, 1, 4, 0, 3, 2, 1, 1, 2, 1, 3, 1, 1, 1, 3, 0, 4, 3, 1, 4, 1, 1, 2, 4, 1, 2, 1, 1, 3, 2, 3, 1, 1, 1, 1, 1, 1, 1, 1, 2, 3, 2, 1, 1, 1, 2, 2, 3, 1]|[0, 2, 1, 1, 3, 3, 0, 1, 0, 0, 0, 0, 1, 0, 1, 0, 0, 3, 1, 0, 0, 0, 3, 1, 0, 2, 0, 0, 0, 0, 0, 0, 0, 0, 3, 0, 1, 0, 0, 2, 1, 1, 2, 0, 0, 0, 0, 1, 1, 0, 0, 0, 1, 3, 0, 0, 1, 0, 0, 1, 0, 2, 0, 1, 0, 2, 1, 0, 0, 1, 1, 3, 0, 1, 3, 0, 1, 0, 0, 2, 1, 0, 0, 0, 1, 0, 0, 0, 0, 0, 1, 2, 0, 1, 0, 1, 0, 0, 0, 0],801.801344730411,56902.57456360797,89795.26582689231,false
56,G2_TEC,G2_TEC,[31, 94, 82, 15, 26, 9, 95, 42, 77, 68, 47, 5, 93, 78, 86, 54, 85, 63, 18, 44, 20, 49, 36, 14, 74, 50, 53, 17, 21, 28, 11, 64, 3, 23, 30, 83, 24, 41, 40, 52, 65, 27, 90, 70, 39, 87, 48, 69, 99, 4, 98, 1, 13, 56, 97, 59, 45, 8, 73, 37, 35, 79, 71, 66, 76, 32, 60, 80, 58, 6, 67, 61, 33, 7, 57, 34, 12, 16, 10, 22, 96, 88, 43, 81, 91, 2, 84, 29, 92, 19, 89, 51, 46, 25, 72, 75, 38, 55, 62, 0]|[2, 1, 2, 1, 1, 2, 1, 1, 1, 1, 1, 0, 2, 2, 1, 2, 0, 0, 0, 2, 2, 1, 0, 2, 0, 2, 2, 1, 0, 1, 1, 1, 0, 0, 1, 0, 2, 1, 2, 2, 0, 0, 1, 1, 0, 2, 0, 2, 1, 0, 2, 2, 0, 2, 2, 0, 1, 1, 0, 0, 2, 1, 1, 2, 2, 0, 2, 2, 2, 1, 2, 1, 1, 2, 0, 1, 1, 2, 1, 2, 0, 1, 1, 1, 1, 0, 0, 1, 0, 1, 1, 1, 0, 1, 1, 0, 0, 0, 1, 0]|[0, 3, 0, 3, 4, 1, 4, 4, 4, 4, 3, 2, 1, 0, 2, 1, 1, 1, 2, 1, 1, 3, 0, 1, 0, 1, 1, 4, 1, 4, 3, 2, 2, 0, 4, 1, 1, 4, 1, 1, 2, 1, 4, 4, 1, 1, 0, 1, 3, 2, 1, 1, 2, 1, 1, 2, 4, 3, 0, 2, 1, 3, 3, 1, 1, 2, 1, 1, 1, 4, 1, 3, 4, 1, 2, 4, 3, 1, 3, 1, 2, 4, 4, 4, 3, 2, 2, 3, 2, 4, 4, 3, 2, 4, 4, 2, 2, 2, 3, 2]|[0, 2, 0, 0, 3, 0, 1, 3, 1, 0, 2, 0, 1, 0, 1, 0, 0, 0, 1, 0, 0, 2, 0, 0, 1, 0, 0, 3, 0, 1, 0, 2, 0, 0, 3, 0, 1, 1, 0, 0, 0, 0, 1, 3, 0, 0, 1, 0, 2, 0, 0, 0, 0, 0, 1, 0, 1, 0, 1, 1, 0, 2, 0, 0, 0, 0, 0, 0, 0, 2, 0, 0, 1, 0, 0, 1, 0, 0, 3, 0, 0, 1, 2, 2, 0, 0, 0, 3, 0, 1, 1, 0, 0, 3, 1, 0, 0, 0, 0, 0],910.6016522559228,48440.78220299909,106927.37456845613,false
56,G3_TWC,G3_TWC,[31, 22, 42, 15, 26, 58, 95, 82, 77, 12, 47, 5, 93, 78, 98, 54, 85, 63, 18, 44, 20, 35, 43, 97, 91, 76, 10, 30, 21, 45, 71, 64, 1, 23, 17, 83, 24, 61, 60, 49, 6, 57, 94, 88, 65, 56, 79, 40, 67, 68, 46, 75, 0, 9, 19, 32, 81, 41, 27, 62, 87, 90, 99, 59, 53, 16, 72, 73, 70, 39, 37, 84, 3, 92, 25, 74, 28, 38, 51, 7, 11, 14, 86, 48, 89, 66, 50, 96, 33, 80, 8, 4, 34, 36, 55, 52, 13, 2, 69, 29]|[1, 1, 0, 1, 1, 1, 2, 1, 2, 1, 2, 2, 2, 1, 1, 0, 0, 1, 0, 2, 2, 0, 1, 2, 0, 1, 2, 2, 0, 0, 1, 2, 1, 0, 1, 0, 2, 0, 1, 1, 0, 1, 1, 1, 0, 2, 1, 1, 0, 0, 0, 0, 1, 1, 2, 1, 2, 0, 0, 0, 2, 1, 0, 1, 0, 1, 2, 1, 1, 1, 1, 1, 2, 0, 1, 2, 0, 0, 0, 1, 0, 1, 0, 0, 1, 0, 0, 0, 2, 0, 1, 0, 2, 0, 1, 1, 0, 0, 1, 0]|[4, 3, 2, 2, 0, 0, 2, 2, 2, 4, 1, 1, 2, 4, 4, 1, 1, 4, 2, 1, 1, 1, 1, 2, 1, 2, 1, 1, 1, 1, 3, 2, 3, 0, 4, 0, 1, 1, 0, 3, 2, 2, 4, 0, 1, 1, 3, 2, 0, 1, 2, 2, 1, 4, 0, 3, 2, 1, 1, 2, 1, 3, 1, 1, 2, 3, 0, 4, 3, 1, 4, 1, 1, 2, 4, 1, 2, 1, 1, 3, 2, 3, 1, 1, 1, 1, 1, 1, 1, 1, 3, 2, 1, 1, 4, 1, 2, 2, 3, 2]|[0, 2, 1, 1, 3, 3, 0, 1, 0, 0, 0, 0, 1, 0, 1, 0, 0, 3, 1, 0, 0, 0, 3, 1, 0, 2, 0, 0, 0, 1, 0, 0, 0, 0, 3, 0, 1, 0, 0, 2, 1, 1, 2, 0, 0, 0, 0, 1, 1, 0, 0, 0, 1, 3, 0, 0, 1, 0, 0, 1, 0, 2, 0, 1, 1, 2, 1, 0, 0, 1, 1, 3, 0, 1, 3, 0, 1, 0, 0, 2, 1, 0, 0, 0, 1, 0, 0, 0, 0, 0, 2, 1, 0, 1, 3, 1, 0, 0, 0, 0],845.7931659427186,57778.757532044474,86593.12219517957,false
56,G1_CMAX,G1_CMAX,[31, 22, 90, 15, 26, 58, 95, 42, 77, 12, 47, 5, 93, 78, 98, 54, 85, 63, 18, 44, 20, 35, 43, 97, 91, 76, 10, 30, 21, 45, 71, 64, 1, 67, 17, 83, 24, 14, 60, 36, 6, 57, 94, 88, 56, 79, 40, 23, 68, 65, 46, 75, 38, 9, 19, 32, 81, 41, 62, 87, 82, 80, 27, 59, 53, 16, 72, 73, 70, 39, 37, 84, 3, 92, 25, 55, 28, 99, 11, 96, 66, 50, 89, 48, 86, 61, 33, 7, 51, 29, 4, 8, 74, 49, 0, 52, 13, 2, 69, 34]|[1, 1, 0, 1, 1, 1, 2, 1, 2, 1, 2, 2, 2, 1, 1, 0, 0, 1, 0, 2, 2, 0, 1, 2, 0, 1, 2, 2, 0, 0, 1, 2, 1, 2, 1, 0, 2, 1, 1, 1, 0, 1, 1, 1, 2, 1, 1, 0, 0, 0, 0, 0, 1, 1, 2, 1, 2, 0, 0, 2, 1, 0, 0, 1, 0, 1, 2, 1, 1, 1, 1, 1, 2, 0, 1, 1, 0, 0, 2, 2, 2, 1, 1, 0, 0, 1, 2, 1, 0, 0, 1, 1, 2, 0, 0, 1, 0, 0, 2, 2]|[4, 3, 2, 2, 0, 0, 2, 2, 2, 4, 1, 1, 2, 4, 4, 1, 2, 4, 2, 1, 1, 1, 1, 2, 1, 2, 1, 1, 1, 1, 3, 2, 3, 0, 4, 0, 1, 3, 0, 3, 0, 2, 4, 0, 1, 3, 2, 0, 1, 1, 2, 2, 1, 4, 0, 3, 2, 1, 2, 1, 3, 1, 1, 1, 2, 3, 0, 4, 3, 1, 4, 1, 1, 2, 4, 4, 2, 1, 1, 1, 1, 3, 1, 1, 1, 3, 1, 3, 1, 1, 4, 3, 1, 1, 2, 1, 2, 2, 1, 1]|[0, 2, 0, 1, 3, 3, 0, 1, 0, 0, 0, 0, 1, 0, 1, 1, 0, 3, 1, 0, 0, 0, 3, 1, 0, 2, 0, 0, 0, 1, 0, 0, 0, 0, 3, 0, 1, 0, 0, 2, 1, 1, 2, 0, 0, 0, 1, 1, 0, 0, 0, 0, 1, 3, 0, 0, 1, 0, 1, 0, 2, 0, 0, 1, 1, 2, 1, 0, 0, 1, 1, 3, 0, 1, 3, 3, 1, 0, 0, 0, 0, 2, 1, 0, 0, 0, 0, 2, 0, 0, 0, 2, 0, 1, 0, 1, 0, 0, 0, 0],722.2923256968365,57542.55310022813,92221.8949716434,false
56,G4_BALANCED,G4_BALANCED,[31, 11, 82, 15, 26, 9, 95, 42, 77, 68, 47, 5, 93, 78, 86, 54, 85, 63, 18, 44, 20, 49, 36, 14, 74, 50, 53, 17, 21, 45, 71, 64, 3, 23, 30, 83, 24, 41, 60, 52, 65, 27, 90, 70, 39, 87, 48, 69, 99, 4, 46, 1, 13, 58, 97, 59, 28, 8, 73, 37, 35, 79, 22, 66, 76, 32, 40, 80, 96, 6, 16, 61, 33, 7, 57, 34, 12, 67, 10, 98, 56, 88, 51, 75, 91, 38, 19, 92, 43, 84, 29, 72, 81, 25, 2, 55, 0, 94, 89, 62]|[2, 1, 2, 1, 1, 2, 1, 1, 1, 1, 1, 0, 2, 2, 1, 2, 0, 0, 0, 2, 2, 1, 0, 2, 0, 2, 2, 1, 0, 1, 1, 1, 0, 0, 1, 0, 2, 1, 2, 2, 0, 0, 1, 1, 0, 2, 0, 2, 1, 0, 0, 2, 0, 0, 2, 0, 1, 1, 0, 0, 2, 1, 0, 2, 2, 0, 2, 2, 0, 1, 2, 1, 1, 2, 0, 1, 1, 1, 1, 2, 2, 1, 1, 0, 1, 0, 1, 0, 1, 0, 1, 1, 1, 1, 2, 0, 0, 2, 1, 1]|[0, 3, 0, 2, 4, 1, 4, 4, 2, 4, 3, 2, 1, 0, 2, 1, 1, 1, 2, 1, 1, 3, 0, 1, 0, 1, 1, 4, 1, 4, 3, 2, 2, 0, 4, 1, 1, 4, 0, 1, 2, 1, 4, 4, 1, 1, 0, 2, 3, 1, 2, 1, 2, 1, 1, 2, 4, 3, 0, 2, 2, 3, 1, 0, 1, 2, 0, 1, 2, 4, 1, 3, 4, 1, 2, 4, 3, 3, 3, 1, 1, 4, 3, 2, 3, 2, 4, 2, 4, 2, 3, 4, 1, 4, 1, 2, 2, 1, 4, 3]|[0, 2, 0, 1, 3, 0, 1, 3, 0, 0, 2, 0, 1, 0, 1, 0, 0, 0, 1, 0, 0, 2, 0, 0, 1, 0, 0, 3, 0, 1, 0, 2, 0, 1, 3, 0, 1, 3, 1, 0, 0, 0, 1, 3, 0, 0, 1, 0, 2, 0, 0, 0, 0, 0, 1, 0, 1, 0, 1, 1, 0, 2, 0, 0, 0, 0, 0, 0, 0, 2, 0, 0, 1, 0, 0, 1, 0, 0, 3, 0, 0, 1, 0, 0, 0, 0, 3, 0, 2, 0, 0, 2, 1, 3, 0, 0, 0, 0, 1, 0],847.5774112780123,52007.329839342645,107494.62989686072,false
56,G2_TEC,G2_TEC,[31, 94, 82, 15, 26, 9, 95, 42, 77, 68, 47, 5, 93, 78, 86, 54, 85, 63, 18, 44, 20, 49, 36, 14, 74, 50, 53, 17, 21, 28, 11, 64, 3, 23, 30, 83, 24, 41, 40, 52, 65, 27, 90, 70, 39, 87, 48, 69, 99, 4, 98, 1, 13, 56, 97, 59, 45, 8, 73, 37, 35, 79, 71, 75, 76, 16, 60, 80, 58, 6, 67, 61, 33, 7, 57, 34, 12, 32, 10, 46, 96, 88, 43, 81, 91, 2, 84, 29, 92, 19, 51, 55, 89, 66, 25, 22, 38, 72, 62, 0]|[2, 1, 2, 1, 1, 2, 1, 1, 1, 1, 1, 0, 2, 2, 1, 2, 0, 0, 0, 2, 2, 1, 0, 2, 0, 2, 2, 1, 0, 1, 1, 1, 0, 0, 1, 0, 2, 1, 2, 2, 0, 0, 1, 1, 0, 2, 0, 2, 1, 0, 2, 2, 0, 2, 2, 0, 1, 1, 0, 0, 2, 1, 1, 0, 2, 2, 2, 2, 2, 1, 2, 1, 1, 2, 0, 1, 1, 0, 1, 0, 0, 1, 1, 1, 1, 0, 0, 1, 0, 1, 1, 0, 1, 2, 1, 2, 0, 1, 1, 0]|[0, 3, 0, 3, 4, 1, 4, 4, 4, 4, 3, 2, 1, 0, 2, 1, 1, 1, 2, 1, 1, 3, 0, 1, 0, 1, 1, 4, 1, 4, 3, 2, 2, 0, 4, 1, 1, 4, 1, 1, 2, 1, 4, 4, 1, 1, 0, 1, 3, 2, 1, 1, 2, 1, 1, 2, 4, 3, 0, 2, 1, 3, 3, 2, 1, 1, 1, 1, 1, 4, 1, 3, 4, 1, 2, 4, 3, 2, 3, 2, 2, 4, 4, 4, 3, 2, 2, 3, 2, 4, 3, 2, 4, 1, 4, 1, 2, 4, 3, 2]|[0, 2, 0, 0, 3, 0, 1, 3, 1, 0, 2, 0, 1, 0, 1, 0, 0, 0, 1, 0, 0, 2, 0, 0, 1, 0, 0, 3, 0, 1, 0, 2, 0, 0, 3, 0, 1, 1, 0, 0, 0, 0, 1, 3, 0, 0, 1, 0, 2, 0, 0, 0, 0, 0, 1, 0, 1, 0, 1, 1, 0, 2, 0, 0, 0, 0, 0, 0, 0, 2, 0, 0, 1, 0, 0, 1, 0, 0, 3, 0, 0, 1, 2, 2, 0, 0, 0, 3, 0, 1, 0, 0, 1, 0, 3, 0, 0, 1, 0, 0],910.6016522559228,48427.915453382215,107149.35343126023,false
56,G3_TWC,G3_TWC,[31, 22, 42, 15, 26, 58, 95, 82, 77, 12, 47, 5, 93, 78, 98, 54, 85, 63, 18, 44, 20, 35, 43, 97, 91, 76, 10, 30, 21, 45, 71, 64, 1, 23, 17, 83, 24, 61, 60, 49, 6, 57, 94, 88, 65, 56, 79, 40, 67, 68, 46, 75, 0, 9, 19, 32, 81, 41, 27, 62, 87, 90, 99, 59, 53, 16, 72, 73, 70, 39, 37, 84, 3, 92, 25, 74, 28, 38, 51, 7, 11, 14, 86, 48, 89, 66, 50, 96, 33, 80, 8, 4, 34, 36, 55, 52, 13, 2, 69, 29]|[1, 1, 0, 1, 1, 1, 2, 1, 2, 1, 2, 2, 2, 1, 1, 0, 0, 1, 0, 2, 2, 0, 1, 2, 0, 1, 2, 2, 0, 0, 1, 2, 1, 0, 1, 0, 2, 0, 1, 1, 0, 1, 1, 1, 0, 2, 1, 1, 0, 0, 0, 0, 1, 1, 2, 1, 2, 0, 0, 0, 2, 1, 0, 1, 0, 1, 2, 1, 1, 1, 1, 1, 2, 0, 1, 2, 0, 0, 0, 1, 0, 1, 0, 0, 1, 0, 0, 0, 2, 0, 1, 0, 2, 0, 1, 1, 0, 0, 1, 0]|[4, 3, 2, 2, 0, 0, 2, 2, 2, 4, 1, 1, 2, 4, 4, 1, 1, 4, 2, 1, 1, 1, 1, 2, 1, 2, 1, 1, 1, 1, 3, 2, 3, 0, 4, 0, 1, 1, 0, 3, 2, 2, 4, 0, 1, 1, 3, 2, 0, 1, 2, 2, 1, 4, 0, 3, 2, 1, 1, 2, 1, 3, 1, 1, 2, 3, 0, 4, 3, 1, 4, 1, 1, 2, 4, 1, 2, 1, 1, 3, 2, 3, 1, 1, 1, 1, 1, 1, 1, 1, 3, 2, 1, 1, 4, 1, 2, 2, 3, 2]|[0, 2, 1, 1, 3, 3, 0, 1, 0, 0, 0, 0, 1, 0, 1, 0, 0, 3, 1, 0, 0, 0, 3, 1, 0, 2, 0, 0, 0, 1, 0, 0, 0, 0, 3, 0, 1, 0, 0, 2, 1, 1, 2, 0, 0, 0, 0, 1, 1, 0, 0, 0, 1, 3, 0, 0, 1, 0, 0, 1, 0, 2, 0, 1, 1, 2, 1, 0, 0, 1, 1, 3, 0, 1, 3, 0, 1, 0, 0, 2, 1, 0, 0, 0, 1, 0, 0, 0, 0, 0, 2, 1, 0, 1, 3, 1, 0, 0, 0, 0],845.7931659427186,57778.757532044474,86593.12219517957,false
56,G1_CMAX,G3_TWC,[31, 22, 42, 15, 26, 58, 95, 82, 77, 12, 47, 5, 93, 78, 98, 54, 85, 63, 18, 44, 20, 35, 43, 97, 91, 76, 10, 30, 21, 45, 71, 64, 1, 23, 17, 83, 24, 14, 60, 36, 6, 57, 94, 88, 65, 56, 79, 40, 67, 68, 46, 75, 38, 9, 19, 32, 81, 41, 27, 62, 87, 90, 99, 59, 28, 16, 72, 73, 70, 39, 37, 84, 3, 92, 25, 74, 11, 29, 51, 7, 53, 61, 86, 48, 89, 50, 66, 96, 33, 80, 4, 8, 55, 49, 0, 2, 13, 52, 34, 69]|[1, 1, 0, 1, 1, 1, 2, 1, 2, 1, 2, 2, 2, 1, 1, 0, 0, 1, 0, 2, 2, 0, 1, 2, 0, 1, 2, 2, 0, 0, 1, 2, 1, 2, 1, 0, 2, 0, 1, 1, 0, 1, 1, 1, 0, 2, 1, 1, 0, 0, 0, 0, 1, 1, 2, 1, 2, 0, 0, 0, 2, 1, 0, 1, 2, 1, 2, 1, 1, 1, 1, 1, 2, 0, 1, 2, 2, 0, 0, 1, 0, 1, 0, 0, 1, 0, 2, 2, 2, 0, 0, 1, 1, 0, 0, 0, 0, 1, 2, 1]|[4, 3, 2, 2, 0, 0, 2, 2, 2, 4, 1, 1, 2, 4, 4, 1, 1, 4, 2, 1, 1, 1, 1, 2, 1, 2, 1, 1, 1, 1, 3, 2, 3, 1, 4, 0, 1, 1, 0, 3, 2, 2, 4, 0, 1, 1, 0, 2, 0, 1, 2, 2, 1, 4, 0, 3, 2, 1, 1, 2, 1, 3, 1, 1, 1, 3, 0, 4, 3, 1, 4, 1, 1, 2, 4, 1, 1, 1, 1, 3, 2, 3, 1, 1, 1, 1, 1, 1, 1, 1, 2, 3, 4, 1, 2, 2, 2, 1, 1, 3]|[0, 2, 1, 1, 3, 3, 0, 1, 0, 0, 0, 0, 1, 0, 1, 0, 0, 3, 1, 0, 0, 0, 3, 1, 0, 2, 0, 0, 0, 1, 0, 0, 0, 0, 3, 0, 1, 0, 0, 2, 1, 1, 2, 0, 0, 0, 0, 1, 1, 0, 0, 0, 1, 3, 0, 0, 1, 0, 0, 1, 0, 2, 0, 1, 0, 2, 1, 0, 0, 1, 1, 3, 0, 1, 3, 0, 0, 0, 0, 2, 1, 0, 0, 0, 1, 0, 0, 0, 0, 0, 1, 2, 3, 1, 0, 0, 0, 1, 0, 0],754.6836073108706,57104.06500530405,89788.92770163306,true
56,G4_BALANCED,G4_BALANCED,[31, 22, 82, 15, 26, 99, 95, 42, 77, 12, 47, 5, 93, 78, 86, 54, 21, 63, 18, 44, 20, 23, 43, 97, 91, 76, 10, 30, 85, 45, 71, 64, 1, 35, 17, 83, 24, 14, 60, 36, 6, 57, 40, 88, 65, 56, 79, 94, 67, 68, 46, 75, 38, 9, 19, 32, 41, 81, 27, 87, 90, 58, 59, 11, 16, 72, 62, 73, 70, 39, 37, 3, 92, 25, 55, 48, 84, 29, 51, 96, 33, 61, 98, 28, 89, 50, 4, 7, 53, 80, 52, 34, 66, 8, 13, 0, 74, 69, 2, 49]|[2, 1, 0, 1, 1, 0, 1, 1, 2, 1, 2, 2, 2, 1, 1, 0, 0, 1, 0, 2, 2, 2, 1, 2, 0, 1, 2, 2, 0, 0, 1, 2, 1, 2, 1, 0, 2, 0, 1, 1, 0, 1, 1, 1, 0, 2, 1, 1, 0, 0, 0, 0, 1, 1, 2, 1, 0, 2, 0, 2, 1, 0, 1, 2, 1, 2, 0, 1, 1, 1, 1, 1, 0, 1, 2, 0, 1, 0, 0, 2, 2, 1, 2, 0, 1, 0, 1, 2, 0, 0, 1, 2, 2, 1, 0, 0, 2, 1, 0, 0]|[1, 3, 2, 2, 4, 1, 2, 3, 2, 4, 1, 1, 2, 4, 4, 1, 1, 4, 2, 1, 1, 1, 1, 2, 1, 2, 1, 1, 2, 1, 3, 2, 3, 1, 4, 0, 1, 1, 0, 3, 2, 2, 2, 0, 1, 1, 0, 4, 0, 1, 2, 2, 1, 4, 0, 3, 1, 1, 1, 1, 3, 1, 1, 1, 3, 0, 2, 4, 3, 1, 4, 1, 0, 4, 1, 1, 1, 1, 1, 1, 1, 3, 1, 2, 1, 1, 4, 1, 2, 1, 1, 1, 1, 3, 2, 2, 1, 4, 2, 2]|[0, 2, 1, 1, 3, 0, 1, 3, 0, 0, 0, 0, 1, 0, 1, 0, 0, 3, 1, 0, 0, 0, 3, 1, 0, 2, 0, 0, 0, 1, 0, 0, 0, 0, 3, 0, 1, 0, 0, 2, 1, 1, 1, 0, 0, 0, 0, 2, 1, 0, 0, 0, 1, 3, 0, 0, 0, 0, 0, 0, 2, 0, 1, 0, 2, 1, 1, 0, 0, 1, 1, 1, 1, 3, 0, 0, 3, 0, 0, 0, 0, 0, 0, 1, 1, 0, 0, 0, 1, 0, 1, 0, 0, 2, 0, 0, 0, 2, 0, 0],768.4425996665918,55544.97691543313,95885.95702711058,false
56,G2_TEC,G2_TEC,[31, 94, 82, 15, 26, 9, 95, 42, 77, 68, 47, 5, 93, 78, 86, 54, 85, 63, 18, 44, 20, 49, 36, 14, 74, 50, 53, 17, 21, 28, 11, 64, 3, 23, 30, 83, 24, 41, 40, 52, 65, 27, 90, 70, 39, 87, 48, 69, 99, 4, 98, 1, 13, 56, 97, 59, 45, 8, 73, 37, 35, 79, 71, 75, 76, 16, 60, 80, 58, 6, 67, 61, 33, 7, 57, 34, 12, 32, 10, 46, 96, 88, 43, 81, 91, 2, 84, 29, 92, 19, 51, 55, 89, 66, 25, 22, 38, 72, 62, 0]|[2, 1, 2, 1, 1, 2, 1, 1, 1, 1, 1, 0, 2, 2, 1, 2, 0, 0, 0, 2, 2, 1, 0, 2, 0, 2, 2, 1, 0, 1, 1, 1, 0, 0, 1, 0, 2, 1, 2, 2, 0, 0, 1, 1, 0, 2, 0, 2, 1, 0, 2, 2, 0, 2, 2, 0, 1, 1, 0, 0, 2, 1, 1, 0, 2, 2, 2, 2, 2, 1, 2, 1, 1, 2, 0, 1, 1, 0, 1, 0, 0, 1, 1, 1, 1, 0, 0, 1, 0, 1, 1, 0, 1, 2, 1, 2, 0, 1, 1, 0]|[0, 3, 0, 3, 4, 1, 4, 4, 4, 4, 3, 2, 1, 0, 2, 1, 1, 1, 2, 1, 1, 3, 0, 1, 0, 1, 1, 4, 1, 4, 3, 2, 2, 0, 4, 1, 1, 4, 1, 1, 2, 1, 4, 4, 1, 1, 0, 1, 3, 2, 1, 1, 2, 1, 1, 2, 4, 3, 0, 2, 1, 3, 3, 2, 1, 1, 1, 1, 1, 4, 1, 3, 4, 1, 2, 4, 3, 2, 3, 2, 2, 4, 4, 4, 3, 2, 2, 3, 2, 4, 3, 2, 4, 1, 4, 1, 2, 4, 3, 2]|[0, 2, 0, 0, 3, 0, 1, 3, 1, 0, 2, 0, 1, 0, 1, 0, 0, 0, 1, 0, 0, 2, 0, 0, 1, 0, 0, 3, 0, 1, 0, 2, 0, 0, 3, 0, 1, 1, 0, 0, 0, 0, 1, 3, 0, 0, 1, 0, 2, 0, 0, 0, 0, 0, 1, 0, 1, 0, 1, 1, 0, 2, 0, 0, 0, 0, 0, 0, 0, 2, 0, 0, 1, 0, 0, 1, 0, 0, 3, 0, 0, 1, 2, 2, 0, 0, 0, 3, 0, 1, 0, 0, 1, 0, 3, 0, 0, 1, 0, 0],910.6016522559228,48427.915453382215,107149.35343126023,false
56,G3_TWC,G3_TWC,[31, 22, 42, 15, 26, 58, 95, 82, 77, 12, 47, 5, 93, 78, 98, 54, 85, 63, 18, 44, 20, 35, 43, 97, 91, 76, 10, 30, 21, 45, 71, 64, 1, 23, 17, 83, 24, 61, 60, 49, 6, 57, 94, 88, 65, 56, 79, 40, 67, 68, 46, 75, 0, 9, 19, 32, 81, 41, 27, 62, 87, 90, 99, 59, 53, 16, 72, 73, 70, 39, 37, 84, 3, 92, 25, 74, 28, 38, 51, 7, 11, 14, 86, 48, 89, 66, 50, 96, 33, 80, 8, 4, 34, 36, 55, 52, 13, 2, 69, 29]|[1, 1, 0, 1, 1, 1, 2, 1, 2, 1, 2, 2, 2, 1, 1, 0, 0, 1, 0, 2, 2, 0, 1, 2, 0, 1, 2, 2, 0, 0, 1, 2, 1, 0, 1, 0, 2, 0, 1, 1, 0, 1, 1, 1, 0, 2, 1, 1, 0, 0, 0, 0, 1, 1, 2, 1, 2, 0, 0, 0, 2, 1, 0, 1, 0, 1, 2, 1, 1, 1, 1, 1, 2, 0, 1, 2, 0, 0, 0, 1, 0, 1, 0, 0, 1, 0, 0, 0, 2, 0, 1, 0, 2, 0, 1, 1, 0, 0, 1, 0]|[4, 3, 2, 2, 0, 0, 2, 2, 2, 4, 1, 1, 2, 4, 4, 1, 1, 4, 2, 1, 1, 1, 1, 2, 1, 2, 1, 1, 1, 1, 3, 2, 3, 0, 4, 0, 1, 1, 0, 3, 2, 2, 4, 0, 1, 1, 3, 2, 0, 1, 2, 2, 1, 4, 0, 3, 2, 1, 1, 2, 1, 3, 1, 1, 2, 3, 0, 4, 3, 1, 4, 1, 1, 2, 4, 1, 2, 1, 1, 3, 2, 3, 1, 1, 1, 1, 1, 1, 1, 1, 3, 2, 1, 1, 4, 1, 2, 2, 3, 2]|[0, 2, 1, 1, 3, 3, 0, 1, 0, 0, 0, 0, 1, 0, 1, 0, 0, 3, 1, 0, 0, 0, 3, 1, 0, 2, 0, 0, 0, 1, 0, 0, 0, 0, 3, 0, 1, 0, 0, 2, 1, 1, 2, 0, 0, 0, 0, 1, 1, 0, 0, 0, 1, 3, 0, 0, 1, 0, 0, 1, 0, 2, 0, 1, 1, 2, 1, 0, 0, 1, 1, 3, 0, 1, 3, 0, 1, 0, 0, 2, 1, 0, 0, 0, 1, 0, 0, 0, 0, 0, 2, 1, 0, 1, 3, 1, 0, 0, 0, 0],845.7931659427186,57778.757532044474,86593.12219517957,false
56,G1_CMAX,G4_BALANCED,[31, 22, 42, 15, 26, 58, 95, 82, 77, 12, 47, 5, 93, 78, 98, 54, 85, 63, 18, 44, 20, 35, 43, 97, 91, 76, 10, 30, 21, 45, 71, 64, 1, 23, 17, 83, 24, 61, 60, 49, 6, 57, 94, 88, 65, 56, 79, 40, 67, 68, 46, 75, 38, 9, 19, 32, 81, 41, 27, 62, 87, 90, 99, 59, 53, 16, 72, 73, 70, 39, 37, 84, 3, 92, 25, 74, 28, 0, 51, 7, 11, 14, 86, 48, 89, 66, 50, 96, 33, 80, 4, 2, 55, 36, 29, 52, 13, 8, 69, 34]|[1, 1, 0, 1, 1, 1, 2, 1, 2, 1, 2, 2, 2, 1, 1, 0, 0, 1, 0, 2, 2, 0, 1, 2, 0, 1, 2, 2, 0, 0, 1, 2, 1, 0, 1, 0, 2, 0, 1, 1, 0, 1, 1, 1, 0, 2, 1, 1, 0, 0, 0, 0, 1, 1, 2, 1, 2, 0, 0, 2, 2, 1, 0, 1, 0, 1, 2, 1, 1, 1, 1, 1, 2, 0, 1, 2, 0, 1, 0, 1, 2, 1, 0, 0, 1, 0, 0, 2, 2, 0, 0, 0, 1, 1, 0, 1, 0, 1, 1, 2]|[4, 3, 2, 2, 0, 0, 2, 2, 2, 4, 1, 1, 2, 4, 4, 1, 1, 4, 2, 1, 1, 1, 1, 2, 1, 2, 1, 1, 1, 1, 3, 2, 3, 0, 4, 0, 1, 1, 0, 3, 2, 2, 4, 0, 1, 1, 3, 2, 0, 1, 2, 2, 1, 4, 0, 3, 2, 1, 1, 1, 1, 3, 1, 1, 2, 3, 0, 4, 3, 1, 4, 1, 1, 2, 4, 1, 2, 1, 1, 3, 1, 1, 1, 1, 1, 1, 1, 1, 1, 1, 2, 2, 4, 3, 2, 1, 2, 3, 3, 1]|[0, 2, 1, 1, 3, 3, 0, 1, 0, 0, 0, 0, 1, 0, 1, 0, 0, 3, 1, 0, 0, 0, 3, 1, 0, 2, 0, 0, 0, 1, 0, 0, 0, 0, 3, 0, 1, 0, 0, 2, 1, 1, 2, 0, 0, 0, 0, 1, 1, 0, 0, 0, 1, 3, 0, 0, 1, 0, 0, 0, 0, 2, 0, 1, 1, 2, 1, 0, 0, 1, 1, 3, 0, 1, 3, 0, 1, 1, 0, 2, 0, 1, 0, 0, 1, 0, 0, 0, 0, 0, 1, 0, 3, 2, 0, 1, 0, 2, 0, 0],753.3831353174876,57390.04141273939,89757.29000813536,true
56,G4_BALANCED,G3_TWC,[31, 22, 42, 15, 26, 58, 95, 82, 77, 12, 47, 5, 93, 78, 98, 54, 85, 63, 18, 44, 20, 35, 43, 97, 91, 76, 10, 30, 21, 45, 71, 64, 1, 23, 17, 83, 24, 61, 60, 49, 6, 57, 94, 88, 65, 56, 79, 40, 67, 68, 46, 75, 0, 9, 19, 32, 81, 41, 27, 62, 87, 90, 99, 59, 11, 16, 72, 73, 70, 39, 37, 84, 3, 92, 25, 74, 28, 29, 51, 7, 33, 14, 86, 48, 89, 66, 50, 96, 53, 80, 4, 8, 55, 36, 38, 52, 13, 2, 69, 34]|[1, 1, 0, 1, 1, 1, 2, 1, 2, 1, 2, 2, 2, 1, 1, 0, 0, 1, 0, 2, 2, 0, 1, 2, 0, 1, 2, 2, 0, 0, 1, 2, 1, 0, 1, 0, 2, 0, 1, 1, 0, 1, 1, 1, 0, 2, 1, 1, 0, 0, 0, 0, 1, 1, 2, 1, 2, 0, 0, 0, 2, 1, 0, 1, 2, 1, 2, 1, 1, 1, 1, 1, 2, 0, 1, 0, 0, 0, 0, 1, 2, 1, 0, 0, 1, 2, 0, 2, 0, 0, 1, 1, 1, 0, 1, 1, 0, 0, 1, 2]|[4, 3, 2, 2, 0, 0, 2, 2, 2, 4, 1, 1, 2, 4, 4, 1, 1, 4, 2, 1, 1, 1, 1, 2, 1, 2, 1, 1, 1, 1, 3, 2, 3, 0, 4, 0, 1, 1, 0, 3, 2, 2, 4, 0, 1, 1, 3, 2, 0, 1, 2, 2, 1, 4, 0, 3, 2, 1, 1, 2, 1, 3, 1, 1, 1, 3, 0, 4, 3, 1, 4, 1, 1, 2, 4, 2, 2, 1, 1, 3, 1, 3, 1, 1, 1, 1, 1, 1, 2, 1, 4, 3, 4, 1, 1, 1, 2, 2, 4, 1]|[0, 2, 1, 1, 3, 3, 0, 1, 0, 0, 0, 0, 1, 0, 1, 0, 0, 3, 1, 0, 0, 0, 3, 1, 0, 2, 0, 0, 0, 1, 0, 0, 0, 0, 3, 0, 1, 0, 0, 2, 1, 1, 2, 0, 0, 0, 0, 1, 1, 0, 0, 0, 1, 3, 0, 0, 1, 0, 0, 1, 0, 2, 0, 1, 0, 2, 1, 0, 0, 1, 1, 3, 0, 1, 3, 1, 1, 0, 0, 2, 0, 0, 0, 0, 1, 0, 0, 0, 1, 0, 0, 2, 3, 1, 1, 1, 0, 0, 2, 0],757.2823456288542,57721.95583388941,88927.50954063487,true
56,G2_TEC,G2_TEC,[31, 94, 82, 15, 26, 9, 95, 42, 77, 68, 47, 5, 93, 78, 86, 54, 85, 63, 18, 44, 20, 49, 36, 14, 74, 50, 53, 17, 21, 28, 11, 64, 3, 23, 30, 83, 24, 41, 40, 52, 65, 27, 90, 70, 39, 87, 48, 69, 99, 4, 98, 1, 13, 56, 97, 59, 45, 8, 73, 37, 35, 79, 71, 75, 76, 16, 60, 80, 58, 6, 67, 61, 33, 7, 57, 34, 12, 32, 10, 46, 96, 88, 43, 81, 91, 2, 84, 29, 92, 19, 51, 55, 89, 66, 25, 22, 38, 72, 62, 0]|[2, 1, 2, 1, 1, 2, 1, 1, 1, 1, 1, 0, 2, 2, 1, 2, 0, 0, 0, 2, 2, 1, 0, 2, 0, 2, 2, 1, 0, 1, 1, 1, 0, 0, 1, 0, 2, 1, 2, 2, 0, 0, 1, 1, 0, 2, 0, 2, 1, 0, 2, 2, 0, 2, 2, 0, 1, 1, 0, 0, 2, 1, 1, 0, 2, 2, 2, 2, 2, 1, 2, 1, 1, 2, 0, 1, 1, 0, 1, 0, 0, 1, 1, 1, 1, 0, 0, 1, 0, 1, 1, 0, 1, 2, 1, 2, 0, 1, 1, 0]|[0, 3, 0, 3, 4, 1, 4, 4, 4, 4, 3, 2, 1, 0, 2, 1, 1, 1, 2, 1, 1, 3, 0, 1, 0, 1, 1, 4, 1, 4, 3, 2, 2, 0, 4, 1, 1, 4, 1, 1, 2, 1, 4, 4, 1, 1, 0, 1, 3, 2, 1, 1, 2, 1, 1, 2, 4, 3, 0, 2, 1, 3, 3, 2, 1, 1, 1, 1, 1, 4, 1, 3, 4, 1, 2, 4, 3, 2, 3, 2, 2, 4, 4, 4, 3, 2, 2, 3, 2, 4, 3, 2, 4, 1, 4, 1, 2, 4, 3, 2]|[0, 2, 0, 0, 3, 0, 1, 3, 1, 0, 2, 0, 1, 0, 1, 0, 0, 0, 1, 0, 0, 2, 0, 0, 1, 0, 0, 3, 0, 1, 0, 2, 0, 0, 3, 0, 1, 1, 0, 0, 0, 0, 1, 3, 0, 0, 1, 0, 2, 0, 0, 0, 0, 0, 1, 0, 1, 0, 1, 1, 0, 2, 0, 0, 0, 0, 0, 0, 0, 2, 0, 0, 1, 0, 0, 1, 0, 0, 3, 0, 0, 1, 2, 2, 0, 0, 0, 3, 0, 1, 0, 0, 1, 0, 3, 0, 0, 1, 0, 0],910.6016522559228,48427.915453382215,107149.35343126023,false
56,G3_TWC,G3_TWC,[31, 22, 42, 15, 26, 58, 95, 82, 77, 12, 47, 5, 93, 78, 98, 54, 85, 63, 18, 44, 20, 35, 43, 97, 91, 76, 10, 30, 21, 45, 71, 64, 1, 23, 17, 83, 24, 61, 60, 49, 6, 57, 94, 88, 65, 56, 79, 40, 67, 68, 46, 75, 0, 9, 19, 32, 81, 41, 27, 62, 87, 90, 99, 59, 53, 16, 72, 73, 70, 39, 37, 84, 3, 92, 25, 74, 28, 38, 51, 7, 11, 14, 86, 48, 89, 66, 50, 96, 33, 80, 8, 4, 34, 36, 55, 52, 13, 2, 69, 29]|[1, 1, 0, 1, 1, 1, 2, 1, 2, 1, 2, 2, 2, 1, 1, 0, 0, 1, 0, 2, 2, 0, 1, 2, 0, 1, 2, 2, 0, 0, 1, 2, 1, 0, 1, 0, 2, 0, 1, 1, 0, 1, 1, 1, 0, 2, 1, 1, 0, 0, 0, 0, 1, 1, 2, 1, 2, 0, 0, 0, 2, 1, 0, 1, 0, 1, 2, 1, 1, 1, 1, 1, 2, 0, 1, 2, 0, 0, 0, 1, 0, 1, 0, 0, 1, 0, 0, 0, 2, 0, 1, 0, 2, 0, 1, 1, 0, 0, 1, 0]|[4, 3, 2, 2, 0, 0, 2, 2, 2, 4, 1, 1, 2, 4, 4, 1, 1, 4, 2, 1, 1, 1, 1, 2, 1, 2, 1, 1, 1, 1, 3, 2, 3, 0, 4, 0, 1, 1, 0, 3, 2, 2, 4, 0, 1, 1, 3, 2, 0, 1, 2, 2, 1, 4, 0, 3, 2, 1, 1, 2, 1, 3, 1, 1, 2, 3, 0, 4, 3, 1, 4, 1, 1, 2, 4, 1, 2, 1, 1, 3, 2, 3, 1, 1, 1, 1, 1, 1, 1, 1, 3, 2, 1, 1, 4, 1, 2, 2, 3, 2]|[0, 2, 1, 1, 3, 3, 0, 1, 0, 0, 0, 0, 1, 0, 1, 0, 0, 3, 1, 0, 0, 0, 3, 1, 0, 2, 0, 0, 0, 1, 0, 0, 0, 0, 3, 0, 1, 0, 0, 2, 1, 1, 2, 0, 0, 0, 0, 1, 1, 0, 0, 0, 1, 3, 0, 0, 1, 0, 0, 1, 0, 2, 0, 1, 1, 2, 1, 0, 0, 1, 1, 3, 0, 1, 3, 0, 1, 0, 0, 2, 1, 0, 0, 0, 1, 0, 0, 0, 0, 0, 2, 1, 0, 1, 3, 1, 0, 0, 0, 0],845.7931659427186,57778.757532044474,86593.12219517957,false
56,G1_CMAX,G4_BALANCED,[31, 22, 42, 15, 26, 58, 95, 82, 77, 12, 47, 5, 93, 78, 98, 54, 85, 63, 18, 44, 20, 35, 43, 97, 91, 76, 10, 30, 21, 45, 75, 64, 1, 23, 17, 83, 24, 61, 60, 36, 6, 57, 94, 88, 65, 56, 79, 40, 67, 68, 46, 71, 38, 9, 19, 32, 81, 41, 27, 62, 87, 90, 99, 59, 11, 16, 72, 73, 70, 39, 37, 84, 3, 92, 25, 74, 28, 29, 51, 7, 53, 96, 86, 48, 89, 50, 66, 14, 33, 80, 4, 2, 55, 49, 0, 52, 13, 8, 69, 34]|[1, 1, 0, 1, 1, 1, 2, 1, 2, 1, 2, 2, 2, 1, 1, 0, 0, 1, 0, 2, 2, 0, 1, 2, 0, 1, 2, 2, 0, 0, 0, 2, 1, 2, 1, 0, 2, 0, 1, 1, 0, 1, 1, 1, 0, 2, 1, 1, 0, 0, 0, 1, 1, 1, 2, 1, 2, 0, 0, 0, 2, 1, 0, 1, 2, 1, 2, 1, 1, 1, 1, 1, 2, 0, 1, 2, 0, 0, 0, 1, 0, 0, 0, 0, 1, 0, 0, 1, 2, 0, 0, 0, 1, 0, 0, 1, 0, 1, 1, 2]|[4, 3, 2, 2, 0, 0, 2, 2, 2, 4, 1, 1, 2, 4, 4, 1, 1, 4, 2, 1, 1, 1, 1, 2, 1, 2, 1, 1, 1, 1, 2, 2, 3, 0, 4, 0, 1, 1, 0, 3, 2, 2, 4, 0, 1, 1, 0, 2, 0, 1, 2, 3, 1, 4, 0, 3, 2, 1, 1, 2, 1, 3, 1, 1, 1, 3, 0, 4, 3, 1, 4, 1, 1, 2, 4, 1, 2, 1, 1, 3, 2, 1, 1, 1, 1, 1, 1, 3, 1, 1, 2, 2, 4, 1, 2, 1, 2, 3, 3, 1]|[0, 2, 1, 1, 3, 3, 0, 1, 0, 0, 0, 0, 1, 0, 1, 0, 0, 3, 1, 0, 0, 0, 3, 1, 0, 2, 0, 0, 0, 1, 0, 0, 0, 0, 3, 0, 1, 0, 0, 2, 1, 1, 2, 0, 0, 0, 0, 1, 1, 0, 0, 0, 1, 3, 0, 0, 1, 0, 0, 1, 0, 2, 0, 1, 0, 2, 1, 0, 0, 1, 1, 3, 0, 1, 3, 0, 1, 0, 0, 2, 1, 0, 0, 0, 1, 0, 0, 0, 0, 0, 1, 0, 3, 1, 0, 1, 0, 2, 0, 0],789.5861105860267,58195.545155928936,87251.1841113795,true
56,G4_BALANCED,G4_BALANCED,[31, 11, 15, 82, 26, 9, 95, 32, 77, 68, 47, 5, 93, 78, 86, 54, 85, 63, 18, 44, 20, 49, 36, 14, 74, 50, 53, 17, 21, 45, 71, 64, 3, 23, 30, 83, 24, 41, 60, 52, 51, 27, 90, 70, 39, 87, 48, 69, 99, 4, 46, 1, 13, 58, 97, 59, 28, 8, 73, 37, 35, 79, 22, 66, 76, 42, 40, 80, 96, 6, 16, 61, 33, 7, 57, 34, 12, 67, 10, 98, 56, 88, 29, 25, 91, 38, 19, 92, 43, 84, 65, 72, 81, 75, 2, 55, 62, 89, 94, 0]|[2, 1, 1, 2, 1, 2, 1, 1, 1, 1, 1, 0, 2, 2, 1, 2, 0, 0, 0, 2, 2, 1, 0, 2, 0, 2, 2, 1, 0, 1, 1, 1, 0, 0, 1, 0, 2, 1, 2, 2, 0, 0, 1, 1, 0, 2, 0, 2, 1, 0, 0, 2, 0, 0, 2, 0, 1, 1, 0, 0, 2, 1, 1, 2, 2, 0, 2, 2, 0, 1, 2, 1, 1, 2, 0, 1, 2, 1, 1, 2, 2, 1, 1, 1, 1, 0, 1, 0, 1, 0, 1, 1, 1, 0, 2, 0, 1, 1, 2, 0]|[1, 3, 2, 0, 4, 1, 4, 4, 2, 4, 3, 2, 1, 0, 2, 1, 1, 1, 2, 1, 1, 3, 0, 1, 0, 1, 1, 4, 1, 4, 3, 2, 2, 0, 4, 1, 1, 4, 0, 1, 2, 1, 4, 4, 1, 1, 0, 2, 3, 1, 2, 1, 2, 1, 1, 2, 4, 3, 0, 2, 2, 3, 3, 0, 1, 2, 0, 1, 2, 4, 1, 3, 4, 1, 2, 4, 1, 3, 3, 1, 1, 4, 3, 4, 3, 2, 4, 2, 4, 2, 3, 4, 1, 2, 1, 2, 3, 4, 1, 2]|[1, 2, 1, 0, 3, 0, 1, 3, 0, 0, 2, 0, 1, 0, 1, 0, 0, 0, 1, 0, 0, 2, 0, 0, 1, 0, 0, 3, 0, 1, 0, 2, 0, 1, 3, 0, 1, 3, 1, 0, 0, 0, 1, 3, 0, 0, 1, 0, 2, 0, 0, 0, 0, 0, 1, 0, 1, 0, 1, 1, 0, 2, 2, 0, 0, 0, 1, 0, 0, 2, 0, 0, 1, 0, 0, 1, 0, 0, 3, 0, 0, 1, 0, 3, 0, 0, 1, 0, 2, 0, 0, 2, 1, 0, 0, 0, 0, 1, 0, 0],850.9632869082183,52431.02217786142,105346.60403335126,false
56,G2_TEC,G2_TEC,[31, 94, 82, 15, 26, 9, 95, 42, 77, 68, 47, 5, 93, 78, 86, 54, 85, 63, 18, 44, 20, 49, 36, 14, 74, 50, 53, 17, 21, 28, 11, 64, 3, 23, 30, 83, 24, 41, 40, 52, 65, 27, 90, 70, 39, 87, 48, 69, 99, 4, 98, 1, 13, 56, 97, 59, 45, 8, 73, 37, 35, 79, 71, 75, 76, 16, 60, 80, 58, 6, 67, 61, 33, 7, 57, 34, 12, 32, 10, 46, 96, 88, 43, 81, 91, 2, 84, 29, 92, 19, 51, 55, 89, 66, 25, 22, 38, 72, 62, 0]|[2, 1, 2, 1, 1, 2, 1, 1, 1, 1, 1, 0, 2, 2, 1, 2, 0, 0, 0, 2, 2, 1, 0, 2, 0, 2, 2, 1, 0, 1, 1, 1, 0, 0, 1, 0, 2, 1, 2, 2, 0, 0, 1, 1, 0, 2, 0, 2, 1, 0, 2, 2, 0, 2, 2, 0, 1, 1, 0, 0, 2, 1, 1, 0, 2, 2, 2, 2, 2, 1, 2, 1, 1, 2, 0, 1, 1, 0, 1, 0, 0, 1, 1, 1, 1, 0, 0, 1, 0, 1, 1, 0, 1, 2, 1, 2, 0, 1, 1, 0]|[0, 3, 0, 3, 4, 1, 4, 4, 4, 4, 3, 2, 1, 0, 2, 1, 1, 1, 2, 1, 1, 3, 0, 1, 0, 1, 1, 4, 1, 4, 3, 2, 2, 0, 4, 1, 1, 4, 1, 1, 2, 1, 4, 4, 1, 1, 0, 1, 3, 2, 1, 1, 2, 1, 1, 2, 4, 3, 0, 2, 1, 3, 3, 2, 1, 1, 1, 1, 1, 4, 1, 3, 4, 1, 2, 4, 3, 2, 3, 2, 2, 4, 4, 4, 3, 2, 2, 3, 2, 4, 3, 2, 4, 1, 4, 1, 2, 4, 3, 2]|[0, 2, 0, 0, 3, 0, 1, 3, 1, 0, 2, 0, 1, 0, 1, 0, 0, 0, 1, 0, 0, 2, 0, 0, 1, 0, 0, 3, 0, 1, 0, 2, 0, 0, 3, 0, 1, 1, 0, 0, 0, 0, 1, 3, 0, 0, 1, 0, 2, 0, 0, 0, 0, 0, 1, 0, 1, 0, 1, 1, 0, 2, 0, 0, 0, 0, 0, 0, 0, 2, 0, 0, 1, 0, 0, 1, 0, 0, 3, 0, 0, 1, 2, 2, 0, 0, 0, 3, 0, 1, 0, 0, 1, 0, 3, 0, 0, 1, 0, 0],910.6016522559228,48427.915453382215,107149.35343126023,false
56,G3_TWC,G3_TWC,[31, 22, 42, 15, 26, 58, 95, 82, 77, 12, 47, 5, 93, 78, 98, 54, 85, 63, 18, 44, 20, 35, 43, 97, 91, 76, 10, 30, 21, 45, 71, 64, 1, 23, 17, 83, 24, 61, 60, 49, 6, 57, 94, 88, 65, 56, 79, 40, 67, 68, 46, 75, 0, 9, 19, 32, 81, 41, 27, 62, 87, 90, 99, 59, 53, 16, 72, 73, 70, 39, 37, 84, 3, 92, 25, 74, 28, 38, 51, 7, 11, 14, 86, 48, 89, 66, 50, 96, 33, 80, 8, 4, 34, 36, 55, 52, 13, 2, 69, 29]|[1, 1, 0, 1, 1, 1, 2, 1, 2, 1, 2, 2, 2, 1, 1, 0, 0, 1, 0, 2, 2, 0, 1, 2, 0, 1, 2, 2, 0, 0, 1, 2, 1, 0, 1, 0, 2, 0, 1, 1, 0, 1, 1, 1, 0, 2, 1, 1, 0, 0, 0, 0, 1, 1, 2, 1, 2, 0, 0, 0, 2, 1, 0, 1, 0, 1, 2, 1, 1, 1, 1, 1, 2, 0, 1, 2, 0, 0, 0, 1, 0, 1, 0, 0, 1, 0, 0, 0, 2, 0, 1, 0, 2, 0, 1, 1, 0, 0, 1, 0]|[4, 3, 2, 2, 0, 0, 2, 2, 2, 4, 1, 1, 2, 4, 4, 1, 1, 4, 2, 1, 1, 1, 1, 2, 1, 2, 1, 1, 1, 1, 3, 2, 3, 0, 4, 0, 1, 1, 0, 3, 2, 2, 4, 0, 1, 1, 3, 2, 0, 1, 2, 2, 1, 4, 0, 3, 2, 1, 1, 2, 1, 3, 1, 1, 2, 3, 0, 4, 3, 1, 4, 1, 1, 2, 4, 1, 2, 1, 1, 3, 2, 3, 1, 1, 1, 1, 1, 1, 1, 1, 3, 2, 1, 1, 4, 1, 2, 2, 3, 2]|[0, 2, 1, 1, 3, 3, 0, 1, 0, 0, 0, 0, 1, 0, 1, 0, 0, 3, 1, 0, 0, 0, 3, 1, 0, 2, 0, 0, 0, 1, 0, 0, 0, 0, 3, 0, 1, 0, 0, 2, 1, 1, 2, 0, 0, 0, 0, 1, 1, 0, 0, 0, 1, 3, 0, 0, 1, 0, 0, 1, 0, 2, 0, 1, 1, 2, 1, 0, 0, 1, 1, 3, 0, 1, 3, 0, 1, 0, 0, 2, 1, 0, 0, 0, 1, 0, 0, 0, 0, 0, 2, 1, 0, 1, 3, 1, 0, 0, 0, 0],845.7931659427186,57778.757532044474,86593.12219517957,false
56,G1_CMAX,G4_BALANCED,[31, 39, 15, 26, 38, 9, 95, 32, 77, 68, 47, 5, 93, 78, 86, 54, 85, 63, 18, 44, 20, 49, 36, 14, 74, 50, 53, 17, 21, 45, 71, 64, 3, 23, 30, 83, 24, 41, 60, 52, 65, 27, 90, 70, 11, 87, 48, 69, 99, 4, 46, 1, 13, 58, 97, 59, 28, 8, 73, 37, 35, 79, 22, 66, 76, 42, 40, 80, 96, 6, 16, 61, 33, 7, 57, 34, 12, 67, 10, 98, 56, 88, 29, 25, 91, 82, 19, 92, 43, 84, 51, 72, 81, 75, 2, 55, 94, 89, 62, 0]|[2, 1, 1, 1, 2, 2, 1, 1, 1, 1, 1, 0, 2, 2, 1, 2, 0, 0, 0, 2, 2, 1, 0, 2, 0, 2, 2, 1, 0, 1, 1, 1, 0, 0, 1, 0, 2, 1, 2, 2, 0, 0, 1, 1, 0, 2, 0, 2, 1, 0, 0, 2, 0, 0, 2, 0, 1, 1, 0, 0, 2, 1, 0, 2, 2, 0, 2, 2, 0, 1, 2, 1, 1, 2, 0, 1, 1, 1, 1, 2, 2, 1, 1, 1, 1, 0, 1, 0, 1, 0, 1, 1, 1, 0, 2, 0, 2, 1, 1, 0]|[1, 3, 2, 4, 0, 1, 4, 4, 2, 4, 3, 2, 1, 0, 2, 1, 1, 1, 2, 1, 1, 3, 0, 1, 0, 1, 1, 4, 1, 4, 3, 2, 2, 0, 4, 1, 1, 4, 0, 1, 2, 1, 4, 4, 1, 1, 0, 2, 3, 1, 2, 1, 2, 1, 1, 2, 4, 3, 0, 2, 2, 3, 1, 0, 1, 2, 0, 1, 2, 4, 1, 3, 4, 1, 2, 4, 3, 3, 3, 1, 1, 4, 3, 4, 3, 2, 4, 2, 4, 2, 3, 4, 1, 2, 1, 2, 1, 4, 3, 2]|[1, 2, 1, 3, 0, 0, 1, 3, 0, 0, 2, 0, 1, 0, 1, 0, 0, 0, 1, 0, 0, 2, 0, 0, 1, 0, 0, 3, 0, 1, 0, 2, 0, 1, 3, 0, 1, 3, 1, 0, 0, 0, 1, 3, 0, 0, 1, 0, 2, 0, 0, 0, 0, 0, 1, 0, 1, 0, 1, 1, 0, 2, 0, 0, 0, 0, 0, 0, 0, 2, 0, 0, 1, 0, 0, 1, 0, 0, 3, 0, 0, 1, 0, 3, 0, 0, 3, 0, 2, 0, 0, 2, 1, 0, 0, 0, 0, 1, 0, 0],848.0780139391719,52006.99200158515,106865.37488045245,true
56,G4_BALANCED,G4_BALANCED,[31, 22, 82, 15, 26, 9, 95, 42, 77, 68, 47, 5, 93, 78, 86, 54, 85, 63, 18, 44, 20, 49, 36, 14, 74, 50, 53, 17, 21, 28, 11, 64, 3, 23, 30, 83, 24, 41, 40, 52, 65, 27, 90, 70, 39, 87, 48, 69, 99, 4, 75, 1, 13, 58, 97, 59, 45, 8, 73, 37, 35, 79, 71, 66, 76, 32, 60, 80, 56, 6, 67, 61, 33, 7, 57, 34, 12, 16, 10, 98, 96, 88, 43, 46, 91, 38, 84, 29, 92, 19, 51, 89, 81, 55, 25, 72, 94, 2, 62, 0]|[2, 1, 2, 1, 1, 2, 1, 1, 1, 1, 1, 0, 2, 2, 1, 2, 0, 0, 0, 2, 2, 1, 0, 2, 0, 2, 2, 1, 0, 1, 1, 1, 0, 0, 1, 0, 2, 1, 2, 2, 0, 0, 1, 1, 0, 2, 0, 2, 1, 0, 0, 2, 0, 0, 2, 0, 1, 1, 0, 0, 2, 1, 1, 2, 2, 0, 2, 2, 0, 1, 2, 1, 1, 2, 0, 1, 1, 2, 1, 2, 0, 1, 1, 0, 1, 0, 0, 1, 0, 1, 1, 1, 1, 0, 1, 1, 2, 2, 1, 0]|[0, 3, 0, 3, 4, 1, 4, 4, 2, 4, 3, 2, 1, 0, 2, 1, 1, 1, 2, 1, 1, 3, 0, 1, 0, 1, 1, 4, 1, 4, 3, 2, 2, 0, 4, 1, 1, 4, 1, 1, 2, 1, 4, 4, 1, 1, 0, 1, 3, 2, 2, 1, 2, 1, 1, 2, 4, 3, 0, 2, 2, 3, 3, 1, 1, 2, 1, 1, 2, 4, 1, 3, 4, 1, 2, 4, 3, 1, 3, 1, 2, 4, 4, 2, 3, 2, 2, 3, 2, 4, 3, 4, 4, 2, 4, 4, 1, 1, 3, 2]|[0, 2, 0, 0, 3, 0, 1, 3, 0, 0, 2, 0, 1, 0, 1, 0, 0, 0, 1, 0, 0, 2, 0, 0, 1, 0, 0, 3, 0, 1, 0, 2, 0, 0, 3, 0, 1, 1, 0, 0, 0, 0, 1, 3, 0, 0, 1, 0, 2, 0, 0, 0, 0, 1, 1, 0, 1, 0, 1, 1, 0, 2, 0, 0, 0, 0, 0, 0, 0, 2, 0, 0, 1, 0, 0, 1, 0, 0, 3, 0, 0, 1, 2, 0, 0, 0, 0, 3, 0, 1, 0, 1, 2, 0, 3, 1, 0, 0, 0, 0],885.6123526659268,49473.83911408333,104522.58233476865,false
56,G2_TEC,G1_CMAX,[31, 22, 82, 15, 26, 99, 95, 42, 77, 12, 47, 5, 93, 78, 86, 54, 21, 63, 18, 44, 20, 35, 43, 97, 91, 76, 10, 30, 85, 45, 71, 64, 1, 23, 17, 83, 24, 14, 60, 36, 6, 57, 40, 88, 65, 56, 79, 94, 67, 68, 46, 75, 38, 9, 19, 32, 41, 81, 27, 87, 90, 58, 59, 11, 16, 72, 73, 70, 39, 37, 84, 3, 62, 92, 25, 55, 28, 29, 51, 7, 33, 61, 98, 48, 89, 50, 4, 96, 53, 80, 8, 66, 34, 2, 52, 49, 13, 0, 69, 74]|[1, 1, 0, 1, 1, 0, 1, 2, 2, 1, 2, 2, 2, 1, 1, 0, 0, 1, 0, 2, 2, 0, 1, 2, 0, 1, 2, 2, 0, 0, 1, 2, 1, 2, 1, 0, 2, 0, 1, 1, 2, 2, 1, 1, 0, 2, 1, 1, 0, 0, 0, 0, 1, 1, 2, 1, 0, 2, 0, 2, 1, 0, 1, 2, 2, 1, 1, 1, 1, 1, 1, 1, 0, 0, 1, 2, 0, 0, 0, 2, 2, 1, 2, 0, 1, 0, 1, 0, 0, 0, 1, 2, 2, 0, 1, 0, 0, 0, 1, 2]|[4, 3, 2, 2, 4, 1, 2, 2, 2, 4, 1, 1, 2, 4, 4, 1, 1, 4, 2, 1, 1, 1, 1, 2, 1, 2, 1, 1, 2, 1, 3, 2, 3, 1, 4, 0, 1, 1, 0, 3, 1, 1, 2, 0, 1, 1, 0, 4, 0, 1, 2, 2, 1, 4, 0, 3, 1, 1, 1, 1, 3, 1, 1, 1, 1, 3, 4, 3, 1, 4, 1, 1, 2, 0, 4, 1, 2, 1, 1, 1, 1, 3, 1, 1, 1, 1, 4, 1, 2, 1, 3, 1, 1, 2, 1, 1, 2, 2, 4, 1]|[0, 2, 1, 1, 3, 0, 1, 0, 0, 0, 0, 0, 1, 0, 1, 0, 0, 3, 1, 0, 0, 0, 3, 1, 0, 2, 0, 0, 0, 1, 0, 0, 0, 0, 3, 0, 1, 0, 0, 2, 0, 0, 1, 0, 0, 0, 0, 2, 1, 0, 0, 0, 1, 3, 0, 0, 0, 0, 0, 0, 2, 0, 1, 0, 0, 2, 0, 0, 1, 1, 3, 1, 1, 1, 3, 0, 1, 0, 0, 0, 0, 0, 0, 0, 1, 0, 0, 0, 1, 0, 2, 0, 0, 0, 1, 1, 0, 0, 2, 0],805.0059816013858,55124.544856705135,97158.46628874657,true
56,G3_TWC,G3_TWC,[31, 22, 42, 15, 26, 58, 95, 82, 77, 12, 47, 5, 93, 78, 98, 54, 85, 63, 18, 44, 20, 35, 43, 97, 91, 76, 10, 30, 21, 45, 71, 64, 1, 23, 17, 83, 24, 61, 60, 49, 6, 57, 94, 88, 65, 56, 79, 40, 67, 68, 46, 75, 0, 9, 19, 32, 81, 41, 27, 62, 87, 90, 99, 59, 53, 16, 72, 73, 70, 39, 37, 84, 3, 92, 25, 74, 28, 38, 51, 7, 11, 14, 86, 48, 89, 66, 50, 96, 33, 80, 8, 4, 34, 36, 55, 52, 13, 2, 69, 29]|[1, 1, 0, 1, 1, 1, 2, 1, 2, 1, 2, 2, 2, 1, 1, 0, 0, 1, 0, 2, 2, 0, 1, 2, 0, 1, 2, 2, 0, 0, 1, 2, 1, 0, 1, 0, 2, 0, 1, 1, 0, 1, 1, 1, 0, 2, 1, 1, 0, 0, 0, 0, 1, 1, 2, 1, 2, 0, 0, 0, 2, 1, 0, 1, 0, 1, 2, 1, 1, 1, 1, 1, 2, 0, 1, 2, 0, 0, 0, 1, 0, 1, 0, 0, 1, 0, 0, 0, 2, 0, 1, 0, 2, 0, 1, 1, 0, 0, 1, 0]|[4, 3, 2, 2, 0, 0, 2, 2, 2, 4, 1, 1, 2, 4, 4, 1, 1, 4, 2, 1, 1, 1, 1, 2, 1, 2, 1, 1, 1, 1, 3, 2, 3, 0, 4, 0, 1, 1, 0, 3, 2, 2, 4, 0, 1, 1, 3, 2, 0, 1, 2, 2, 1, 4, 0, 3, 2, 1, 1, 2, 1, 3, 1, 1, 2, 3, 0, 4, 3, 1, 4, 1, 1, 2, 4, 1, 2, 1, 1, 3, 2, 3, 1, 1, 1, 1, 1, 1, 1, 1, 3, 2, 1, 1, 4, 1, 2, 2, 3, 2]|[0, 2, 1, 1, 3, 3, 0, 1, 0, 0, 0, 0, 1, 0, 1, 0, 0, 3, 1, 0, 0, 0, 3, 1, 0, 2, 0, 0, 0, 1, 0, 0, 0, 0, 3, 0, 1, 0, 0, 2, 1, 1, 2, 0, 0, 0, 0, 1, 1, 0, 0, 0, 1, 3, 0, 0, 1, 0, 0, 1, 0, 2, 0, 1, 1, 2, 1, 0, 0, 1, 1, 3, 0, 1, 3, 0, 1, 0, 0, 2, 1, 0, 0, 0, 1, 0, 0, 0, 0, 0, 2, 1, 0, 1, 3, 1, 0, 0, 0, 0],845.7931659427186,57778.757532044474,86593.12219517957,false
56,G1_CMAX,G1_CMAX,[31, 22, 90, 26, 58, 95, 42, 12, 93, 5, 78, 86, 98, 18, 20, 35, 3, 97, 91, 76, 10, 85, 54, 45, 63, 71, 66, 1, 23, 17, 24, 60, 36, 6, 57, 15, 65, 56, 47, 79, 94, 67, 50, 46, 14, 75, 38, 9, 30, 19, 32, 81, 27, 92, 83, 87, 40, 99, 59, 11, 53, 16, 72, 77, 73, 70, 39, 37, 84, 43, 62, 25, 55, 28, 29, 51, 68, 82, 74, 61, 88, 21, 80, 89, 7, 69, 96, 41, 48, 4, 8, 34, 49, 52, 0, 44, 13, 2, 64, 33]|[1, 1, 1, 1, 0, 2, 1, 1, 2, 2, 2, 1, 0, 1, 2, 2, 1, 2, 0, 1, 2, 2, 2, 0, 0, 1, 2, 1, 2, 1, 2, 1, 1, 0, 1, 1, 0, 2, 2, 1, 1, 0, 0, 0, 0, 1, 1, 1, 1, 2, 1, 2, 2, 0, 0, 2, 1, 0, 0, 2, 0, 1, 2, 2, 1, 1, 1, 1, 1, 1, 0, 1, 1, 0, 0, 0, 0, 0, 2, 1, 1, 0, 0, 1, 1, 1, 2, 2, 0, 1, 1, 2, 0, 1, 0, 0, 0, 0, 2, 2]|[0, 4, 3, 0, 1, 1, 2, 4, 1, 1, 2, 4, 1, 4, 1, 1, 1, 2, 2, 2, 2, 1, 1, 1, 2, 3, 2, 3, 0, 4, 1, 0, 3, 2, 2, 2, 1, 1, 1, 0, 2, 0, 1, 2, 1, 3, 1, 4, 2, 0, 3, 2, 1, 2, 1, 1, 4, 1, 1, 1, 2, 3, 0, 2, 4, 3, 1, 4, 1, 1, 1, 4, 4, 2, 1, 1, 1, 2, 1, 3, 0, 1, 1, 1, 1, 3, 1, 1, 1, 4, 3, 1, 1, 1, 2, 2, 2, 2, 1, 1]|[3, 0, 2, 3, 0, 0, 1, 0, 0, 0, 1, 0, 0, 3, 0, 0, 1, 1, 1, 2, 1, 0, 0, 0, 0, 0, 0, 0, 0, 3, 1, 0, 2, 1, 1, 1, 0, 0, 0, 0, 1, 1, 0, 0, 0, 0, 1, 3, 2, 0, 0, 1, 0, 1, 0, 0, 2, 0, 0, 0, 1, 2, 1, 1, 0, 0, 1, 1, 3, 3, 0, 3, 3, 1, 0, 0, 0, 1, 0, 0, 0, 0, 0, 1, 2, 2, 0, 0, 0, 0, 2, 0, 1, 1, 0, 0, 0, 0, 0, 0],705.0470749739228,58445.79123614564,95781.2895945797,false
56,G4_BALANCED,G4_BALANCED,[31, 11, 15, 82, 26, 9, 95, 32, 77, 68, 47, 5, 93, 78, 86, 54, 85, 63, 18, 44, 20, 49, 36, 14, 74, 50, 53, 17, 21, 45, 71, 64, 3, 23, 30, 83, 24, 41, 60, 52, 65, 27, 90, 70, 39, 87, 48, 69, 99, 4, 46, 1, 13, 58, 97, 59, 28, 75, 73, 37, 35, 79, 22, 66, 76, 42, 40, 80, 96, 6, 16, 61, 33, 7, 57, 34, 12, 67, 10, 98, 56, 88, 29, 81, 91, 2, 84, 43, 92, 19, 51, 55, 89, 8, 72, 25, 38, 94, 62, 0]|[2, 1, 1, 2, 1, 2, 1, 1, 1, 1, 1, 0, 2, 2, 1, 2, 0, 0, 0, 2, 2, 1, 0, 2, 0, 2, 2, 1, 0, 1, 1, 1, 0, 0, 1, 0, 2, 1, 2, 2, 0, 0, 1, 1, 0, 2, 0, 2, 1, 0, 0, 2, 0, 0, 2, 0, 1, 1, 0, 0, 2, 1, 0, 2, 2, 0, 2, 2, 2, 1, 2, 1, 1, 2, 0, 1, 1, 1, 1, 2, 2, 1, 1, 1, 1, 0, 0, 1, 0, 1, 1, 0, 1, 1, 1, 0, 0, 2, 1, 0]|[1, 3, 2, 0, 4, 1, 4, 4, 2, 4, 3, 2, 1, 0, 2, 1, 1, 1, 2, 1, 1, 3, 0, 1, 0, 1, 1, 4, 1, 4, 3, 2, 2, 0, 4, 1, 1, 4, 0, 1, 2, 1, 4, 4, 1, 1, 0, 2, 3, 1, 2, 1, 2, 1, 1, 2, 4, 3, 0, 2, 2, 3, 1, 0, 1, 2, 1, 1, 1, 4, 1, 3, 4, 1, 2, 4, 3, 3, 3, 1, 1, 4, 4, 1, 3, 2, 2, 3, 2, 4, 3, 2, 4, 3, 4, 2, 2, 1, 3, 2]|[1, 0, 1, 0, 3, 0, 1, 3, 0, 0, 2, 0, 1, 0, 1, 0, 0, 0, 1, 0, 0, 2, 0, 0, 1, 0, 0, 3, 0, 1, 0, 2, 0, 1, 3, 0, 1, 1, 1, 0, 0, 0, 1, 3, 0, 0, 1, 0, 2, 0, 0, 0, 0, 0, 1, 0, 1, 0, 1, 1, 0, 2, 0, 0, 0, 0, 0, 0, 0, 2, 0, 0, 1, 0, 0, 1, 0, 0, 3, 0, 0, 1, 2, 1, 0, 0, 0, 3, 0, 3, 0, 0, 1, 0, 2, 0, 0, 0, 0, 0],852.6318006111075,51704.21571925363,106118.4002701428,false
56,G2_TEC,G1_CMAX,[31, 22, 82, 15, 26, 99, 95, 42, 77, 12, 47, 5, 93, 78, 86, 54, 21, 63, 18, 44, 20, 35, 43, 97, 91, 76, 10, 30, 85, 45, 71, 64, 1, 23, 17, 83, 24, 14, 60, 36, 6, 57, 40, 88, 65, 56, 79, 94, 67, 68, 46, 75, 38, 9, 19, 32, 41, 81, 27, 87, 90, 58, 59, 11, 16, 72, 73, 70, 39, 37, 84, 3, 62, 92, 25, 55, 28, 29, 51, 7, 33, 61, 98, 48, 89, 50, 4, 96, 53, 80, 8, 66, 34, 2, 52, 49, 13, 0, 69, 74]|[1, 1, 0, 1, 1, 0, 1, 2, 2, 1, 2, 2, 2, 1, 1, 0, 0, 1, 0, 2, 2, 0, 1, 2, 0, 1, 2, 2, 0, 0, 1, 2, 1, 2, 1, 0, 2, 0, 1, 1, 2, 2, 1, 1, 0, 2, 1, 1, 0, 0, 0, 0, 1, 1, 2, 1, 0, 2, 0, 2, 1, 0, 1, 2, 2, 1, 1, 1, 1, 1, 1, 1, 0, 0, 1, 2, 0, 0, 0, 2, 2, 1, 2, 0, 1, 0, 1, 0, 0, 0, 1, 2, 2, 0, 1, 0, 0, 0, 1, 2]|[4, 3, 2, 2, 4, 1, 2, 2, 2, 4, 1, 1, 2, 4, 4, 1, 1, 4, 2, 1, 1, 1, 1, 2, 1, 2, 1, 1, 2, 1, 3, 2, 3, 1, 4, 0, 1, 1, 0, 3, 1, 1, 2, 0, 1, 1, 0, 4, 0, 1, 2, 2, 1, 4, 0, 3, 1, 1, 1, 1, 3, 1, 1, 1, 1, 3, 4, 3, 1, 4, 1, 1, 2, 0, 4, 1, 2, 1, 1, 1, 1, 3, 1, 1, 1, 1, 4, 1, 2, 1, 3, 1, 1, 2, 1, 1, 2, 2, 4, 1]|[0, 2, 1, 1, 3, 0, 1, 0, 0, 0, 0, 0, 1, 0, 1, 0, 0, 3, 1, 0, 0, 0, 3, 1, 0, 2, 0, 0, 0, 1, 0, 0, 0, 0, 3, 0, 1, 0, 0, 2, 0, 0, 1, 0, 0, 0, 0, 2, 1, 0, 0, 0, 1, 3, 0, 0, 0, 0, 0, 0, 2, 0, 1, 0, 0, 2, 0, 0, 1, 1, 3, 1, 1, 1, 3, 0, 1, 0, 0, 0, 0, 0, 0, 0, 1, 0, 0, 0, 1, 0, 2, 0, 0, 0, 1, 1, 0, 0, 2, 0],805.0059816013858,55124.544856705135,97158.46628874657,true
56,G3_TWC,G3_TWC,[31, 22, 42, 15, 26, 58, 95, 82, 77, 12, 47, 5, 93, 78, 98, 54, 85, 63, 18, 44, 20, 35, 43, 97, 91, 76, 10, 30, 21, 45, 71, 64, 1, 23, 17, 83, 24, 61, 60, 49, 6, 57, 94, 88, 65, 56, 79, 40, 67, 68, 46, 75, 0, 9, 19, 32, 81, 41, 27, 62, 87, 90, 99, 59, 53, 16, 72, 73, 70, 39, 37, 84, 3, 92, 25, 74, 28, 38, 51, 7, 11, 14, 86, 48, 89, 66, 50, 96, 33, 80, 8, 4, 34, 36, 55, 52, 13, 2, 69, 29]|[1, 1, 0, 1, 1, 1, 2, 1, 2, 1, 2, 2, 2, 1, 1, 0, 0, 1, 0, 2, 2, 0, 1, 2, 0, 1, 2, 2, 0, 0, 1, 2, 1, 0, 1, 0, 2, 0, 1, 1, 0, 1, 1, 1, 0, 2, 1, 1, 0, 0, 0, 0, 1, 1, 2, 1, 2, 0, 0, 0, 2, 1, 0, 1, 0, 1, 2, 1, 1, 1, 1, 1, 2, 0, 1, 2, 0, 0, 0, 1, 0, 1, 0, 0, 1, 0, 0, 0, 2, 0, 1, 0, 2, 0, 1, 1, 0, 0, 1, 0]|[4, 3, 2, 2, 0, 0, 2, 2, 2, 4, 1, 1, 2, 4, 4, 1, 1, 4, 2, 1, 1, 1, 1, 2, 1, 2, 1, 1, 1, 1, 3, 2, 3, 0, 4, 0, 1, 1, 0, 3, 2, 2, 4, 0, 1, 1, 3, 2, 0, 1, 2, 2, 1, 4, 0, 3, 2, 1, 1, 2, 1, 3, 1, 1, 2, 3, 0, 4, 3, 1, 4, 1, 1, 2, 4, 1, 2, 1, 1, 3, 2, 3, 1, 1, 1, 1, 1, 1, 1, 1, 3, 2, 1, 1, 4, 1, 2, 2, 3, 2]|[0, 2, 1, 1, 3, 3, 0, 1, 0, 0, 0, 0, 1, 0, 1, 0, 0, 3, 1, 0, 0, 0, 3, 1, 0, 2, 0, 0, 0, 1, 0, 0, 0, 0, 3, 0, 1, 0, 0, 2, 1, 1, 2, 0, 0, 0, 0, 1, 1, 0, 0, 0, 1, 3, 0, 0, 1, 0, 0, 1, 0, 2, 0, 1, 1, 2, 1, 0, 0, 1, 1, 3, 0, 1, 3, 0, 1, 0, 0, 2, 1, 0, 0, 0, 1, 0, 0, 0, 0, 0, 2, 1, 0, 1, 3, 1, 0, 0, 0, 0],845.7931659427186,57778.757532044474,86593.12219517957,false
56,G1_CMAX,G4_BALANCED,[31, 22, 26, 15, 82, 99, 95, 42, 77, 12, 47, 5, 93, 78, 86, 54, 21, 63, 18, 44, 20, 35, 43, 97, 91, 76, 10, 30, 85, 45, 71, 64, 1, 23, 57, 83, 24, 14, 60, 36, 6, 17, 40, 88, 65, 56, 79, 94, 67, 68, 46, 75, 38, 9, 19, 32, 41, 81, 27, 87, 90, 58, 59, 11, 16, 72, 73, 70, 39, 37, 84, 3, 92, 25, 62, 55, 28, 29, 51, 7, 33, 61, 98, 48, 89, 50, 4, 34, 53, 80, 8, 66, 96, 49, 52, 0, 74, 69, 2, 13]|[1, 1, 0, 1, 1, 0, 1, 1, 2, 1, 2, 2, 2, 1, 1, 0, 0, 1, 0, 2, 2, 0, 1, 2, 0, 1, 2, 2, 0, 0, 1, 2, 1, 2, 1, 0, 2, 0, 1, 1, 0, 1, 1, 1, 0, 2, 1, 1, 0, 0, 0, 0, 1, 1, 2, 1, 0, 2, 0, 2, 1, 0, 1, 2, 1, 2, 1, 1, 1, 1, 1, 1, 0, 1, 0, 2, 0, 0, 2, 1, 2, 1, 2, 0, 1, 0, 1, 2, 0, 0, 1, 2, 2, 0, 1, 0, 2, 1, 0, 0]|[0, 3, 2, 2, 4, 1, 2, 3, 2, 4, 1, 1, 2, 4, 4, 1, 1, 4, 2, 1, 1, 1, 1, 2, 1, 2, 1, 1, 2, 1, 3, 2, 3, 1, 2, 0, 1, 1, 0, 3, 2, 4, 2, 0, 1, 1, 0, 4, 0, 1, 2, 2, 1, 4, 0, 3, 1, 1, 1, 1, 3, 1, 1, 1, 3, 0, 4, 3, 1, 4, 1, 1, 0, 4, 2, 1, 2, 1, 2, 1, 1, 3, 1, 1, 1, 1, 4, 1, 2, 1, 3, 1, 1, 1, 1, 2, 1, 4, 2, 2]|[0, 2, 1, 1, 3, 0, 1, 3, 0, 0, 0, 0, 1, 0, 1, 0, 0, 3, 1, 0, 0, 0, 3, 1, 0, 2, 0, 0, 0, 1, 0, 0, 0, 0, 1, 0, 1, 0, 0, 2, 1, 3, 1, 0, 0, 0, 0, 2, 1, 0, 0, 0, 1, 3, 0, 0, 0, 0, 0, 0, 2, 0, 1, 0, 2, 1, 0, 0, 1, 1, 3, 1, 1, 3, 1, 0, 1, 0, 1, 2, 0, 0, 0, 0, 1, 0, 0, 0, 1, 0, 2, 0, 0, 1, 1, 0, 0, 2, 0, 0],719.9713831019282,57349.30822281929,93068.63967491605,true
56,G4_BALANCED,G4_BALANCED,[31, 22, 42, 15, 26, 58, 95, 82, 77, 12, 47, 5, 93, 78, 98, 54, 85, 63, 18, 44, 20, 35, 43, 97, 91, 76, 10, 30, 21, 45, 71, 64, 1, 23, 17, 83, 24, 61, 60, 36, 6, 57, 94, 88, 65, 56, 79, 40, 67, 68, 46, 29, 38, 9, 19, 32, 81, 41, 27, 87, 90, 62, 99, 59, 11, 16, 72, 73, 70, 39, 37, 84, 3, 92, 25, 74, 28, 0, 51, 7, 53, 14, 86, 48, 89, 50, 66, 96, 33, 80, 8, 4, 34, 49, 55, 52, 13, 2, 69, 75]|[1, 1, 0, 1, 1, 1, 2, 1, 2, 1, 2, 2, 2, 1, 1, 0, 0, 1, 0, 2, 2, 0, 1, 2, 0, 1, 2, 2, 0, 0, 1, 2, 1, 0, 1, 0, 2, 0, 1, 1, 0, 1, 1, 1, 0, 2, 1, 1, 0, 0, 0, 0, 0, 1, 2, 1, 2, 0, 0, 0, 1, 2, 0, 1, 2, 1, 2, 1, 1, 1, 1, 1, 2, 0, 1, 2, 0, 0, 0, 1, 0, 1, 0, 0, 1, 0, 2, 2, 2, 0, 1, 0, 2, 2, 1, 1, 0, 0, 1, 0]|[4, 3, 2, 2, 0, 0, 2, 2, 2, 4, 1, 1, 2, 4, 4, 1, 1, 4, 2, 1, 1, 1, 1, 2, 1, 2, 1, 1, 1, 1, 3, 2, 3, 0, 4, 0, 1, 1, 0, 3, 2, 2, 4, 0, 1, 1, 3, 2, 0, 1, 2, 2, 2, 4, 0, 3, 2, 1, 1, 2, 3, 1, 1, 1, 1, 3, 1, 4, 3, 1, 4, 1, 1, 0, 4, 1, 2, 1, 1, 3, 2, 3, 1, 1, 1, 1, 1, 1, 1, 1, 3, 2, 1, 1, 4, 1, 2, 2, 3, 2]|[0, 2, 1, 1, 3, 3, 0, 1, 0, 0, 0, 0, 1, 0, 1, 0, 0, 3, 1, 0, 0, 0, 3, 1, 0, 2, 0, 0, 0, 1, 0, 0, 0, 0, 3, 0, 1, 0, 0, 2, 1, 1, 2, 0, 0, 0, 0, 1, 1, 0, 0, 0, 0, 3, 0, 0, 1, 0, 0, 1, 2, 0, 0, 1, 0, 2, 0, 0, 0, 1, 1, 3, 0, 1, 3, 0, 1, 0, 0, 2, 1, 0, 0, 0, 1, 0, 0, 0, 0, 0, 2, 1, 0, 0, 3, 1, 0, 0, 0, 0],849.0406779635867,55896.88628541617,91383.33683541272,false
56,G2_TEC,G2_TEC,[31, 94, 82, 15, 26, 9, 95, 42, 77, 68, 47, 5, 93, 78, 86, 54, 85, 63, 18, 44, 20, 49, 36, 14, 74, 50, 53, 17, 21, 28, 11, 64, 3, 23, 30, 83, 24, 41, 40, 52, 65, 27, 90, 70, 39, 87, 48, 69, 99, 4, 98, 1, 13, 56, 97, 59, 45, 8, 73, 37, 35, 79, 71, 75, 76, 16, 60, 80, 58, 6, 67, 61, 33, 7, 57, 34, 12, 32, 10, 46, 96, 88, 43, 81, 91, 2, 84, 29, 92, 19, 51, 55, 89, 66, 25, 22, 38, 72, 62, 0]|[2, 1, 2, 1, 1, 2, 1, 1, 1, 1, 1, 0, 2, 2, 1, 2, 0, 0, 0, 2, 2, 1, 0, 2, 0, 2, 2, 1, 0, 1, 1, 1, 0, 0, 1, 0, 2, 1, 2, 2, 0, 0, 1, 1, 0, 2, 0, 2, 1, 0, 2, 2, 0, 2, 2, 0, 1, 1, 0, 0, 2, 1, 1, 0, 2, 2, 2, 2, 2, 1, 2, 1, 1, 2, 0, 1, 1, 0, 1, 0, 0, 1, 1, 1, 1, 0, 0, 1, 0, 1, 1, 0, 1, 2, 1, 2, 0, 1, 1, 0]|[0, 3, 0, 3, 4, 1, 4, 4, 4, 4, 3, 2, 1, 0, 2, 1, 1, 1, 2, 1, 1, 3, 0, 1, 0, 1, 1, 4, 1, 4, 3, 2, 2, 0, 4, 1, 1, 4, 1, 1, 2, 1, 4, 4, 1, 1, 0, 1, 3, 2, 1, 1, 2, 1, 1, 2, 4, 3, 0, 2, 1, 3, 3, 2, 1, 1, 1, 1, 1, 4, 1, 3, 4, 1, 2, 4, 3, 2, 3, 2, 2, 4, 4, 4, 3, 2, 2, 3, 2, 4, 3, 2, 4, 1, 4, 1, 2, 4, 3, 2]|[0, 2, 0, 0, 3, 0, 1, 3, 1, 0, 2, 0, 1, 0, 1, 0, 0, 0, 1, 0, 0, 2, 0, 0, 1, 0, 0, 3, 0, 1, 0, 2, 0, 0, 3, 0, 1, 1, 0, 0, 0, 0, 1, 3, 0, 0, 1, 0, 2, 0, 0, 0, 0, 0, 1, 0, 1, 0, 1, 1, 0, 2, 0, 0, 0, 0, 0, 0, 0, 2, 0, 0, 1, 0, 0, 1, 0, 0, 3, 0, 0, 1, 2, 2, 0, 0, 0, 3, 0, 1, 0, 0, 1, 0, 3, 0, 0, 1, 0, 0],910.6016522559228,48427.915453382215,107149.35343126023,false
56,G3_TWC,G3_TWC,[31, 22, 42, 15, 26, 58, 95, 82, 77, 12, 47, 5, 93, 78, 98, 54, 85, 63, 18, 44, 20, 35, 43, 97, 91, 76, 10, 30, 21, 45, 71, 64, 1, 23, 17, 83, 24, 61, 60, 49, 6, 57, 94, 88, 65, 56, 79, 40, 67, 68, 46, 75, 0, 9, 19, 32, 81, 41, 27, 62, 87, 90, 99, 59, 53, 16, 72, 73, 70, 39, 37, 84, 3, 92, 25, 74, 28, 38, 51, 7, 11, 14, 86, 48, 89, 66, 50, 96, 33, 80, 8, 4, 34, 36, 55, 52, 13, 2, 69, 29]|[1, 1, 0, 1, 1, 1, 2, 1, 2, 1, 2, 2, 2, 1, 1, 0, 0, 1, 0, 2, 2, 0, 1, 2, 0, 1, 2, 2, 0, 0, 1, 2, 1, 0, 1, 0, 2, 0, 1, 1, 0, 1, 1, 1, 0, 2, 1, 1, 0, 0, 0, 0, 1, 1, 2, 1, 2, 0, 0, 0, 2, 1, 0, 1, 0, 1, 2, 1, 1, 1, 1, 1, 2, 0, 1, 2, 0, 0, 0, 1, 0, 1, 0, 0, 1, 0, 0, 0, 2, 0, 1, 0, 2, 0, 1, 1, 0, 0, 1, 0]|[4, 3, 2, 2, 0, 0, 2, 2, 2, 4, 1, 1, 2, 4, 4, 1, 1, 4, 2, 1, 1, 1, 1, 2, 1, 2, 1, 1, 1, 1, 3, 2, 3, 0, 4, 0, 1, 1, 0, 3, 2, 2, 4, 0, 1, 1, 3, 2, 0, 1, 2, 2, 1, 4, 0, 3, 2, 1, 1, 2, 1, 3, 1, 1, 2, 3, 0, 4, 3, 1, 4, 1, 1, 2, 4, 1, 2, 1, 1, 3, 2, 3, 1, 1, 1, 1, 1, 1, 1, 1, 3, 2, 1, 1, 4, 1, 2, 2, 3, 2]|[0, 2, 1, 1, 3, 3, 0, 1, 0, 0, 0, 0, 1, 0, 1, 0, 0, 3, 1, 0, 0, 0, 3, 1, 0, 2, 0, 0, 0, 1, 0, 0, 0, 0, 3, 0, 1, 0, 0, 2, 1, 1, 2, 0, 0, 0, 0, 1, 1, 0, 0, 0, 1, 3, 0, 0, 1, 0, 0, 1, 0, 2, 0, 1, 1, 2, 1, 0, 0, 1, 1, 3, 0, 1, 3, 0, 1, 0, 0, 2, 1, 0, 0, 0, 1, 0, 0, 0, 0, 0, 2, 1, 0, 1, 3, 1, 0, 0, 0, 0],845.7931659427186,57778.757532044474,86593.12219517957,false
56,G1_CMAX,G4_BALANCED,[31, 11, 15, 82, 26, 9, 95, 32, 77, 68, 47, 5, 93, 78, 86, 54, 85, 63, 18, 44, 20, 49, 36, 14, 74, 50, 53, 17, 21, 45, 71, 64, 3, 23, 30, 83, 24, 41, 60, 52, 51, 27, 90, 70, 39, 87, 48, 69, 99, 4, 46, 1, 13, 58, 97, 59, 28, 8, 73, 37, 35, 79, 22, 66, 76, 42, 40, 80, 96, 6, 16, 61, 33, 7, 57, 34, 12, 67, 10, 98, 56, 88, 29, 25, 91, 38, 19, 92, 43, 84, 65, 72, 81, 75, 2, 55, 62, 89, 94, 0]|[2, 1, 1, 2, 1, 2, 1, 1, 1, 1, 1, 0, 2, 2, 1, 2, 0, 0, 0, 2, 2, 1, 0, 2, 0, 2, 2, 1, 0, 1, 1, 1, 0, 0, 1, 0, 2, 1, 2, 2, 0, 0, 1, 1, 0, 2, 0, 2, 1, 0, 0, 2, 0, 0, 2, 0, 1, 1, 0, 0, 2, 1, 1, 2, 2, 0, 2, 2, 0, 1, 2, 1, 1, 2, 0, 1, 2, 1, 1, 2, 2, 1, 1, 1, 1, 0, 1, 0, 1, 0, 1, 1, 1, 0, 2, 0, 1, 1, 2, 0]|[1, 3, 2, 0, 4, 1, 4, 4, 2, 4, 3, 2, 1, 0, 2, 1, 1, 1, 2, 1, 1, 3, 0, 1, 0, 1, 1, 4, 1, 4, 3, 2, 2, 0, 4, 1, 1, 4, 0, 1, 2, 1, 4, 4, 1, 1, 0, 2, 3, 1, 2, 1, 2, 1, 1, 2, 4, 3, 0, 2, 2, 3, 3, 0, 1, 2, 0, 1, 2, 4, 1, 3, 4, 1, 2, 4, 1, 3, 3, 1, 1, 4, 3, 4, 3, 2, 4, 2, 4, 2, 3, 4, 1, 2, 1, 2, 3, 4, 1, 2]|[1, 2, 1, 0, 3, 0, 1, 3, 0, 0, 2, 0, 1, 0, 1, 0, 0, 0, 1, 0, 0, 2, 0, 0, 1, 0, 0, 3, 0, 1, 0, 2, 0, 1, 3, 0, 1, 3, 1, 0, 0, 0, 1, 3, 0, 0, 1, 0, 2, 0, 0, 0, 0, 0, 1, 0, 1, 0, 1, 1, 0, 2, 2, 0, 0, 0, 1, 0, 0, 2, 0, 0, 1, 0, 0, 1, 0, 0, 3, 0, 0, 1, 0, 3, 0, 0, 1, 0, 2, 0, 0, 2, 1, 0, 0, 0, 0, 1, 0, 0],850.9632869082183,52431.02217786142,105346.60403335126,true
56,G4_BALANCED,G4_BALANCED,[31, 11, 15, 82, 26, 9, 95, 32, 77, 68, 47, 5, 93, 78, 86, 54, 85, 63, 18, 44, 20, 49, 36, 14, 74, 50, 53, 17, 21, 45, 71, 64, 3, 23, 30, 83, 24, 41, 60, 52, 51, 27, 90, 70, 39, 87, 48, 69, 99, 4, 46, 1, 13, 58, 97, 59, 28, 8, 73, 37, 35, 79, 22, 66, 76, 42, 40, 80, 96, 6, 16, 61, 33, 7, 57, 34, 12, 67, 10, 98, 56, 88, 29, 25, 91, 38, 19, 92, 43, 84, 65, 72, 81, 75, 2, 55, 62, 89, 94, 0]|[2, 1, 1, 2, 1, 2, 1, 1, 1, 1, 1, 0, 2, 2, 1, 2, 0, 0, 0, 2, 2, 1, 0, 2, 0, 2, 2, 1, 0, 1, 1, 1, 0, 0, 1, 0, 2, 1, 2, 2, 0, 0, 1, 1, 0, 2, 0, 2, 1, 0, 0, 2, 0, 0, 2, 0, 1, 1, 0, 0, 2, 1, 1, 2, 2, 0, 2, 2, 0, 1, 2, 1, 1, 2, 0, 1, 2, 1, 1, 2, 2, 1, 1, 1, 1, 0, 1, 0, 1, 0, 1, 1, 1, 0, 2, 0, 1, 1, 2, 0]|[1, 3, 2, 0, 4, 1, 4, 4, 2, 4, 3, 2, 1, 0, 2, 1, 1, 1, 2, 1, 1, 3, 0, 1, 0, 1, 1, 4, 1, 4, 3, 2, 2, 0, 4, 1, 1, 4, 0, 1, 2, 1, 4, 4, 1, 1, 0, 2, 3, 1, 2, 1, 2, 1, 1, 2, 4, 3, 0, 2, 2, 3, 3, 0, 1, 2, 0, 1, 2, 4, 1, 3, 4, 1, 2, 4, 1, 3, 3, 1, 1, 4, 3, 4, 3, 2, 4, 2, 4, 2, 3, 4, 1, 2, 1, 2, 3, 4, 1, 2]|[1, 2, 1, 0, 3, 0, 1, 3, 0, 0, 2, 0, 1, 0, 1, 0, 0, 0, 1, 0, 0, 2, 0, 0, 1, 0, 0, 3, 0, 1, 0, 2, 0, 1, 3, 0, 1, 3, 1, 0, 0, 0, 1, 3, 0, 0, 1, 0, 2, 0, 0, 0, 0, 0, 1, 0, 1, 0, 1, 1, 0, 2, 2, 0, 0, 0, 1, 0, 0, 2, 0, 0, 1, 0, 0, 1, 0, 0, 3, 0, 0, 1, 0, 3, 0, 0, 1, 0, 2, 0, 0, 2, 1, 0, 0, 0, 0, 1, 0, 0],850.9632869082183,52431.02217786142,105346.60403335126,false
56,G2_TEC,G2_TEC,[31, 94, 82, 15, 26, 9, 95, 42, 77, 68, 47, 5, 93, 78, 86, 54, 85, 63, 18, 44, 20, 49, 36, 14, 74, 50, 53, 17, 21, 28, 11, 64, 3, 23, 30, 83, 24, 41, 40, 52, 65, 27, 90, 70, 39, 87, 48, 69, 99, 4, 98, 1, 13, 56, 97, 59, 45, 8, 73, 37, 35, 79, 71, 75, 76, 16, 60, 80, 58, 6, 67, 61, 33, 7, 57, 34, 12, 32, 10, 46, 96, 88, 43, 81, 91, 2, 84, 29, 92, 19, 51, 55, 89, 66, 25, 22, 38, 72, 62, 0]|[2, 1, 2, 1, 1, 2, 1, 1, 1, 1, 1, 0, 2, 2, 1, 2, 0, 0, 0, 2, 2, 1, 0, 2, 0, 2, 2, 1, 0, 1, 1, 1, 0, 0, 1, 0, 2, 1, 2, 2, 0, 0, 1, 1, 0, 2, 0, 2, 1, 0, 2, 2, 0, 2, 2, 0, 1, 1, 0, 0, 2, 1, 1, 0, 2, 2, 2, 2, 2, 1, 2, 1, 1, 2, 0, 1, 1, 0, 1, 0, 0, 1, 1, 1, 1, 0, 0, 1, 0, 1, 1, 0, 1, 2, 1, 2, 0, 1, 1, 0]|[0, 3, 0, 3, 4, 1, 4, 4, 4, 4, 3, 2, 1, 0, 2, 1, 1, 1, 2, 1, 1, 3, 0, 1, 0, 1, 1, 4, 1, 4, 3, 2, 2, 0, 4, 1, 1, 4, 1, 1, 2, 1, 4, 4, 1, 1, 0, 1, 3, 2, 1, 1, 2, 1, 1, 2, 4, 3, 0, 2, 1, 3, 3, 2, 1, 1, 1, 1, 1, 4, 1, 3, 4, 1, 2, 4, 3, 2, 3, 2, 2, 4, 4, 4, 3, 2, 2, 3, 2, 4, 3, 2, 4, 1, 4, 1, 2, 4, 3, 2]|[0, 2, 0, 0, 3, 0, 1, 3, 1, 0, 2, 0, 1, 0, 1, 0, 0, 0, 1, 0, 0, 2, 0, 0, 1, 0, 0, 3, 0, 1, 0, 2, 0, 0, 3, 0, 1, 1, 0, 0, 0, 0, 1, 3, 0, 0, 1, 0, 2, 0, 0, 0, 0, 0, 1, 0, 1, 0, 1, 1, 0, 2, 0, 0, 0, 0, 0, 0, 0, 2, 0, 0, 1, 0, 0, 1, 0, 0, 3, 0, 0, 1, 2, 2, 0, 0, 0, 3, 0, 1, 0, 0, 1, 0, 3, 0, 0, 1, 0, 0],910.6016522559228,48427.915453382215,107149.35343126023,false
56,G3_TWC,G3_TWC,[31, 22, 42, 15, 26, 58, 95, 82, 77, 12, 47, 5, 93, 78, 98, 54, 85, 63, 18, 44, 20, 35, 43, 97, 91, 76, 10, 30, 21, 45, 71, 64, 1, 23, 17, 83, 24, 61, 60, 49, 6, 57, 94, 88, 65, 56, 79, 40, 67, 68, 46, 75, 0, 9, 19, 32, 81, 41, 27, 62, 87, 90, 99, 59, 53, 16, 72, 73, 70, 39, 37, 84, 3, 92, 25, 74, 28, 38, 51, 7, 11, 14, 86, 48, 89, 66, 50, 96, 33, 80, 8, 4, 34, 36, 55, 52, 13, 2, 69, 29]|[1, 1, 0, 1, 1, 1, 2, 1, 2, 1, 2, 2, 2, 1, 1, 0, 0, 1, 0, 2, 2, 0, 1, 2, 0, 1, 2, 2, 0, 0, 1, 2, 1, 0, 1, 0, 2, 0, 1, 1, 0, 1, 1, 1, 0, 2, 1, 1, 0, 0, 0, 0, 1, 1, 2, 1, 2, 0, 0, 0, 2, 1, 0, 1, 0, 1, 2, 1, 1, 1, 1, 1, 2, 0, 1, 2, 0, 0, 0, 1, 0, 1, 0, 0, 1, 0, 0, 0, 2, 0, 1, 0, 2, 0, 1, 1, 0, 0, 1, 0]|[4, 3, 2, 2, 0, 0, 2, 2, 2, 4, 1, 1, 2, 4, 4, 1, 1, 4, 2, 1, 1, 1, 1, 2, 1, 2, 1, 1, 1, 1, 3, 2, 3, 0, 4, 0, 1, 1, 0, 3, 2, 2, 4, 0, 1, 1, 3, 2, 0, 1, 2, 2, 1, 4, 0, 3, 2, 1, 1, 2, 1, 3, 1, 1, 2, 3, 0, 4, 3, 1, 4, 1, 1, 2, 4, 1, 2, 1, 1, 3, 2, 3, 1, 1, 1, 1, 1, 1, 1, 1, 3, 2, 1, 1, 4, 1, 2, 2, 3, 2]|[0, 2, 1, 1, 3, 3, 0, 1, 0, 0, 0, 0, 1, 0, 1, 0, 0, 3, 1, 0, 0, 0, 3, 1, 0, 2, 0, 0, 0, 1, 0, 0, 0, 0, 3, 0, 1, 0, 0, 2, 1, 1, 2, 0, 0, 0, 0, 1, 1, 0, 0, 0, 1, 3, 0, 0, 1, 0, 0, 1, 0, 2, 0, 1, 1, 2, 1, 0, 0, 1, 1, 3, 0, 1, 3, 0, 1, 0, 0, 2, 1, 0, 0, 0, 1, 0, 0, 0, 0, 0, 2, 1, 0, 1, 3, 1, 0, 0, 0, 0],845.7931659427186,57778.757532044474,86593.12219517957,false
56,G1_CMAX,G1_CMAX,[31, 22, 90, 26, 58, 95, 42, 12, 93, 5, 78, 86, 98, 18, 20, 35, 3, 97, 91, 76, 10, 85, 54, 45, 63, 71, 66, 1, 23, 17, 24, 60, 36, 6, 57, 15, 65, 56, 47, 79, 94, 67, 50, 46, 14, 75, 38, 9, 30, 19, 32, 81, 27, 92, 83, 87, 40, 99, 59, 11, 53, 16, 72, 77, 73, 70, 39, 37, 84, 43, 62, 25, 55, 28, 29, 51, 68, 82, 74, 61, 88, 21, 80, 89, 7, 69, 96, 41, 48, 4, 8, 34, 49, 52, 0, 44, 13, 2, 64, 33]|[1, 1, 1, 1, 0, 2, 1, 1, 2, 2, 2, 1, 0, 1, 2, 2, 1, 2, 0, 1, 2, 2, 2, 0, 0, 1, 2, 1, 2, 1, 2, 1, 1, 0, 1, 1, 0, 2, 2, 1, 1, 0, 0, 0, 0, 1, 1, 1, 1, 2, 1, 2, 2, 0, 0, 2, 1, 0, 0, 2, 0, 1, 2, 2, 1, 1, 1, 1, 1, 1, 0, 1, 1, 0, 0, 0, 0, 0, 2, 1, 1, 0, 0, 1, 1, 1, 2, 2, 0, 1, 1, 2, 0, 1, 0, 0, 0, 0, 2, 2]|[0, 4, 3, 0, 1, 1, 2, 4, 1, 1, 2, 4, 1, 4, 1, 1, 1, 2, 2, 2, 2, 1, 1, 1, 2, 3, 2, 3, 0, 4, 1, 0, 3, 2, 2, 2, 1, 1, 1, 0, 2, 0, 1, 2, 1, 3, 1, 4, 2, 0, 3, 2, 1, 2, 1, 1, 4, 1, 1, 1, 2, 3, 0, 2, 4, 3, 1, 4, 1, 1, 1, 4, 4, 2, 1, 1, 1, 2, 1, 3, 0, 1, 1, 1, 1, 3, 1, 1, 1, 4, 3, 1, 1, 1, 2, 2, 2, 2, 1, 1]|[3, 0, 2, 3, 0, 0, 1, 0, 0, 0, 1, 0, 0, 3, 0, 0, 1, 1, 1, 2, 1, 0, 0, 0, 0, 0, 0, 0, 0, 3, 1, 0, 2, 1, 1, 1, 0, 0, 0, 0, 1, 1, 0, 0, 0, 0, 1, 3, 2, 0, 0, 1, 0, 1, 0, 0, 2, 0, 0, 0, 1, 2, 1, 1, 0, 0, 1, 1, 3, 3, 0, 3, 3, 1, 0, 0, 0, 1, 0, 0, 0, 0, 0, 1, 2, 2, 0, 0, 0, 0, 2, 0, 1, 1, 0, 0, 0, 0, 0, 0],705.0470749739228,58445.79123614564,95781.2895945797,false
56,G4_BALANCED,G4_BALANCED,[31, 11, 15, 82, 26, 9, 95, 32, 77, 68, 47, 5, 93, 78, 86, 54, 85, 63, 18, 44, 20, 49, 36, 14, 74, 50, 53, 17, 21, 45, 71, 64, 3, 23, 30, 83, 24, 41, 60, 52, 65, 27, 90, 70, 39, 87, 48, 69, 99, 4, 46, 1, 13, 58, 97, 59, 28, 75, 73, 37, 35, 79, 22, 66, 76, 42, 40, 80, 96, 6, 16, 61, 33, 7, 57, 34, 12, 67, 10, 98, 8, 88, 29, 56, 91, 38, 19, 92, 43, 84, 2, 72, 81, 25, 51, 55, 62, 89, 94, 0]|[2, 1, 1, 2, 1, 2, 1, 1, 1, 1, 1, 0, 2, 2, 1, 2, 0, 0, 0, 2, 2, 1, 0, 2, 0, 2, 2, 1, 0, 1, 1, 1, 0, 0, 1, 0, 2, 1, 2, 2, 0, 0, 1, 1, 0, 2, 0, 2, 1, 0, 0, 2, 0, 0, 2, 0, 1, 0, 0, 0, 2, 1, 1, 2, 2, 0, 2, 2, 0, 1, 2, 1, 1, 2, 0, 1, 1, 1, 1, 2, 2, 1, 1, 2, 1, 0, 1, 0, 1, 0, 2, 1, 1, 1, 1, 0, 1, 1, 2, 0]|[1, 3, 2, 0, 4, 1, 4, 4, 2, 4, 3, 2, 1, 0, 2, 1, 1, 1, 2, 1, 1, 3, 0, 1, 0, 1, 1, 4, 1, 4, 3, 2, 2, 0, 4, 1, 1, 4, 0, 1, 2, 1, 4, 4, 1, 1, 0, 2, 3, 2, 2, 1, 2, 1, 1, 2, 4, 2, 0, 2, 2, 3, 3, 0, 1, 2, 1, 1, 2, 4, 1, 3, 4, 1, 2, 4, 3, 3, 3, 1, 1, 4, 3, 1, 3, 2, 4, 2, 4, 2, 1, 4, 1, 4, 3, 2, 3, 4, 1, 2]|[1, 2, 1, 0, 3, 0, 1, 3, 0, 0, 2, 0, 1, 0, 1, 0, 0, 0, 1, 0, 0, 2, 0, 0, 1, 0, 0, 3, 0, 1, 0, 2, 0, 1, 3, 0, 1, 3, 1, 0, 0, 0, 1, 3, 0, 0, 1, 0, 2, 0, 0, 0, 0, 0, 1, 0, 1, 0, 1, 1, 0, 2, 0, 0, 0, 0, 0, 0, 0, 2, 0, 0, 1, 0, 0, 1, 0, 0, 3, 0, 0, 1, 0, 0, 0, 0, 3, 0, 2, 0, 0, 2, 1, 3, 0, 0, 0, 1, 0, 0],853.9586631816869,51686.521742419325,106121.17870986674,false
56,G2_TEC,G2_TEC,[31, 94, 82, 15, 26, 9, 95, 42, 77, 68, 47, 5, 93, 78, 86, 54, 85, 63, 18, 44, 20, 49, 36, 14, 74, 50, 53, 17, 21, 28, 11, 64, 3, 23, 30, 83, 24, 41, 40, 52, 65, 27, 90, 70, 39, 87, 48, 69, 99, 4, 98, 1, 13, 56, 97, 59, 45, 8, 73, 37, 35, 79, 71, 75, 76, 16, 60, 80, 58, 6, 67, 61, 33, 7, 57, 34, 12, 32, 10, 46, 96, 88, 43, 81, 91, 2, 84, 29, 92, 19, 51, 55, 89, 66, 25, 22, 38, 72, 62, 0]|[2, 1, 2, 1, 1, 2, 1, 1, 1, 1, 1, 0, 2, 2, 1, 2, 0, 0, 0, 2, 2, 1, 0, 2, 0, 2, 2, 1, 0, 1, 1, 1, 0, 0, 1, 0, 2, 1, 2, 2, 0, 0, 1, 1, 0, 2, 0, 2, 1, 0, 2, 2, 0, 2, 2, 0, 1, 1, 0, 0, 2, 1, 1, 0, 2, 2, 2, 2, 2, 1, 2, 1, 1, 2, 0, 1, 1, 0, 1, 0, 0, 1, 1, 1, 1, 0, 0, 1, 0, 1, 1, 0, 1, 2, 1, 2, 0, 1, 1, 0]|[0, 3, 0, 3, 4, 1, 4, 4, 4, 4, 3, 2, 1, 0, 2, 1, 1, 1, 2, 1, 1, 3, 0, 1, 0, 1, 1, 4, 1, 4, 3, 2, 2, 0, 4, 1, 1, 4, 1, 1, 2, 1, 4, 4, 1, 1, 0, 1, 3, 2, 1, 1, 2, 1, 1, 2, 4, 3, 0, 2, 1, 3, 3, 2, 1, 1, 1, 1, 1, 4, 1, 3, 4, 1, 2, 4, 3, 2, 3, 2, 2, 4, 4, 4, 3, 2, 2, 3, 2, 4, 3, 2, 4, 1, 4, 1, 2, 4, 3, 2]|[0, 2, 0, 0, 3, 0, 1, 3, 1, 0, 2, 0, 1, 0, 1, 0, 0, 0, 1, 0, 0, 2, 0, 0, 1, 0, 0, 3, 0, 1, 0, 2, 0, 0, 3, 0, 1, 1, 0, 0, 0, 0, 1, 3, 0, 0, 1, 0, 2, 0, 0, 0, 0, 0, 1, 0, 1, 0, 1, 1, 0, 2, 0, 0, 0, 0, 0, 0, 0, 2, 0, 0, 1, 0, 0, 1, 0, 0, 3, 0, 0, 1, 2, 2, 0, 0, 0, 3, 0, 1, 0, 0, 1, 0, 3, 0, 0, 1, 0, 0],910.6016522559228,48427.915453382215,107149.35343126023,false
56,G3_TWC,G3_TWC,[31, 22, 42, 15, 26, 58, 95, 82, 77, 12, 47, 5, 93, 78, 98, 54, 85, 63, 18, 44, 20, 35, 43, 97, 91, 76, 10, 30, 21, 45, 71, 64, 1, 23, 17, 83, 24, 61, 60, 49, 6, 57, 94, 88, 65, 56, 79, 40, 67, 68, 46, 75, 0, 9, 19, 32, 81, 41, 27, 62, 87, 90, 99, 59, 53, 16, 72, 73, 70, 39, 37, 84, 3, 92, 25, 74, 28, 38, 51, 7, 11, 14, 86, 48, 89, 66, 50, 96, 33, 80, 8, 4, 34, 36, 55, 52, 13, 2, 69, 29]|[1, 1, 0, 1, 1, 1, 2, 1, 2, 1, 2, 2, 2, 1, 1, 0, 0, 1, 0, 2, 2, 0, 1, 2, 0, 1, 2, 2, 0, 0, 1, 2, 1, 0, 1, 0, 2, 0, 1, 1, 0, 1, 1, 1, 0, 2, 1, 1, 0, 0, 0, 0, 1, 1, 2, 1, 2, 0, 0, 0, 2, 1, 0, 1, 0, 1, 2, 1, 1, 1, 1, 1, 2, 0, 1, 2, 0, 0, 0, 1, 0, 1, 0, 0, 1, 0, 0, 0, 2, 0, 1, 0, 2, 0, 1, 1, 0, 0, 1, 0]|[4, 3, 2, 2, 0, 0, 2, 2, 2, 4, 1, 1, 2, 4, 4, 1, 1, 4, 2, 1, 1, 1, 1, 2, 1, 2, 1, 1, 1, 1, 3, 2, 3, 0, 4, 0, 1, 1, 0, 3, 2, 2, 4, 0, 1, 1, 3, 2, 0, 1, 2, 2, 1, 4, 0, 3, 2, 1, 1, 2, 1, 3, 1, 1, 2, 3, 0, 4, 3, 1, 4, 1, 1, 2, 4, 1, 2, 1, 1, 3, 2, 3, 1, 1, 1, 1, 1, 1, 1, 1, 3, 2, 1, 1, 4, 1, 2, 2, 3, 2]|[0, 2, 1, 1, 3, 3, 0, 1, 0, 0, 0, 0, 1, 0, 1, 0, 0, 3, 1, 0, 0, 0, 3, 1, 0, 2, 0, 0, 0, 1, 0, 0, 0, 0, 3, 0, 1, 0, 0, 2, 1, 1, 2, 0, 0, 0, 0, 1, 1, 0, 0, 0, 1, 3, 0, 0, 1, 0, 0, 1, 0, 2, 0, 1, 1, 2, 1, 0, 0, 1, 1, 3, 0, 1, 3, 0, 1, 0, 0, 2, 1, 0, 0, 0, 1, 0, 0, 0, 0, 0, 2, 1, 0, 1, 3, 1, 0, 0, 0, 0],845.7931659427186,57778.757532044474,86593.12219517957,false
56,G1_CMAX,G1_CMAX,[31, 22, 90, 26, 58, 95, 42, 12, 93, 5, 78, 86, 98, 18, 20, 35, 3, 97, 91, 76, 10, 85, 54, 45, 63, 71, 66, 1, 23, 17, 24, 60, 36, 6, 57, 15, 65, 56, 47, 79, 94, 67, 50, 46, 14, 75, 38, 9, 30, 19, 32, 81, 27, 92, 83, 87, 40, 99, 59, 11, 53, 16, 72, 77, 73, 70, 39, 37, 84, 43, 62, 25, 55, 28, 29, 51, 68, 82, 74, 61, 88, 21, 80, 89, 7, 69, 96, 41, 48, 4, 8, 34, 49, 52, 0, 44, 13, 2, 64, 33]|[1, 1, 1, 1, 0, 2, 1, 1, 2, 2, 2, 1, 0, 1, 2, 2, 1, 2, 0, 1, 2, 2, 2, 0, 0, 1, 2, 1, 2, 1, 2, 1, 1, 0, 1, 1, 0, 2, 2, 1, 1, 0, 0, 0, 0, 1, 1, 1, 1, 2, 1, 2, 2, 0, 0, 2, 1, 0, 0, 2, 0, 1, 2, 2, 1, 1, 1, 1, 1, 1, 0, 1, 1, 0, 0, 0, 0, 0, 2, 1, 1, 0, 0, 1, 1, 1, 2, 2, 0, 1, 1, 2, 0, 1, 0, 0, 0, 0, 2, 2]|[0, 4, 3, 0, 1, 1, 2, 4, 1, 1, 2, 4, 1, 4, 1, 1, 1, 2, 2, 2, 2, 1, 1, 1, 2, 3, 2, 3, 0, 4, 1, 0, 3, 2, 2, 2, 1, 1, 1, 0, 2, 0, 1, 2, 1, 3, 1, 4, 2, 0, 3, 2, 1, 2, 1, 1, 4, 1, 1, 1, 2, 3, 0, 2, 4, 3, 1, 4, 1, 1, 1, 4, 4, 2, 1, 1, 1, 2, 1, 3, 0, 1, 1, 1, 1, 3, 1, 1, 1, 4, 3, 1, 1, 1, 2, 2, 2, 2, 1, 1]|[3, 0, 2, 3, 0, 0, 1, 0, 0, 0, 1, 0, 0, 3, 0, 0, 1, 1, 1, 2, 1, 0, 0, 0, 0, 0, 0, 0, 0, 3, 1, 0, 2, 1, 1, 1, 0, 0, 0, 0, 1, 1, 0, 0, 0, 0, 1, 3, 2, 0, 0, 1, 0, 1, 0, 0, 2, 0, 0, 0, 1, 2, 1, 1, 0, 0, 1, 1, 3, 3, 0, 3, 3, 1, 0, 0, 0, 1, 0, 0, 0, 0, 0, 1, 2, 2, 0, 0, 0, 0, 2, 0, 1, 1, 0, 0, 0, 0, 0, 0],705.0470749739228,58445.79123614564,95781.2895945797,false
56,G4_BALANCED,G4_BALANCED,[31, 22, 82, 15, 26, 9, 95, 42, 77, 68, 47, 5, 93, 78, 86, 54, 85, 63, 18, 44, 20, 49, 36, 14, 74, 50, 53, 17, 21, 28, 11, 64, 3, 23, 30, 58, 24, 41, 40, 52, 65, 27, 90, 70, 39, 87, 48, 69, 99, 4, 75, 1, 13, 83, 97, 59, 45, 8, 73, 37, 35, 79, 71, 66, 76, 32, 60, 80, 56, 6, 67, 61, 33, 7, 57, 34, 12, 16, 10, 94, 96, 88, 43, 81, 91, 2, 84, 29, 92, 19, 89, 51, 55, 98, 72, 25, 38, 46, 62, 0]|[2, 1, 2, 1, 1, 2, 1, 1, 1, 1, 1, 0, 2, 2, 1, 2, 0, 0, 0, 2, 2, 1, 0, 2, 0, 2, 2, 1, 0, 1, 1, 1, 0, 0, 1, 0, 2, 1, 2, 2, 0, 0, 1, 1, 0, 2, 0, 2, 1, 0, 2, 2, 0, 2, 2, 0, 1, 1, 0, 0, 2, 1, 1, 2, 2, 0, 2, 2, 2, 1, 2, 1, 1, 2, 0, 1, 1, 2, 1, 2, 0, 1, 1, 1, 1, 0, 0, 1, 0, 1, 1, 1, 0, 0, 1, 1, 0, 0, 1, 0]|[0, 3, 0, 3, 4, 1, 4, 4, 4, 4, 3, 2, 1, 0, 2, 1, 1, 1, 2, 1, 1, 3, 0, 1, 0, 1, 1, 4, 1, 4, 3, 2, 2, 0, 4, 1, 1, 4, 1, 1, 2, 1, 4, 4, 1, 1, 0, 1, 3, 2, 1, 1, 2, 1, 1, 2, 4, 3, 0, 2, 2, 3, 3, 1, 1, 2, 1, 1, 1, 4, 1, 3, 4, 1, 2, 4, 3, 1, 3, 1, 2, 4, 4, 4, 3, 2, 2, 3, 2, 4, 4, 3, 2, 2, 4, 4, 2, 2, 3, 2]|[0, 2, 0, 0, 3, 0, 1, 3, 1, 0, 2, 0, 1, 0, 1, 0, 0, 0, 1, 0, 0, 2, 0, 0, 1, 0, 0, 3, 0, 1, 0, 2, 0, 0, 3, 0, 1, 1, 0, 0, 0, 0, 1, 3, 0, 0, 1, 0, 2, 0, 0, 0, 0, 0, 1, 0, 1, 0, 1, 1, 0, 2, 0, 0, 0, 0, 0, 0, 0, 2, 0, 0, 1, 0, 0, 1, 0, 0, 3, 0, 0, 1, 2, 2, 0, 0, 0, 3, 0, 1, 1, 0, 0, 0, 1, 3, 0, 0, 0, 0],898.7668367695951,48526.58601875675,106929.88735055717,false
56,G2_TEC,G2_TEC,[31, 94, 82, 15, 26, 9, 95, 42, 77, 68, 47, 5, 93, 78, 86, 54, 85, 63, 18, 44, 20, 49, 36, 14, 74, 50, 53, 17, 21, 28, 11, 64, 3, 23, 30, 83, 24, 41, 40, 52, 65, 27, 90, 70, 39, 87, 48, 69, 99, 4, 98, 1, 13, 56, 97, 59, 45, 8, 73, 37, 35, 79, 71, 75, 76, 16, 60, 80, 58, 6, 67, 61, 33, 7, 57, 34, 12, 32, 10, 46, 96, 88, 43, 81, 91, 2, 84, 29, 92, 19, 51, 55, 89, 66, 25, 22, 38, 72, 62, 0]|[2, 1, 2, 1, 1, 2, 1, 1, 1, 1, 1, 0, 2, 2, 1, 2, 0, 0, 0, 2, 2, 1, 0, 2, 0, 2, 2, 1, 0, 1, 1, 1, 0, 0, 1, 0, 2, 1, 2, 2, 0, 0, 1, 1, 0, 2, 0, 2, 1, 0, 2, 2, 0, 2, 2, 0, 1, 1, 0, 0, 2, 1, 1, 0, 2, 2, 2, 2, 2, 1, 2, 1, 1, 2, 0, 1, 1, 0, 1, 0, 0, 1, 1, 1, 1, 0, 0, 1, 0, 1, 1, 0, 1, 2, 1, 2, 0, 1, 1, 0]|[0, 3, 0, 3, 4, 1, 4, 4, 4, 4, 3, 2, 1, 0, 2, 1, 1, 1, 2, 1, 1, 3, 0, 1, 0, 1, 1, 4, 1, 4, 3, 2, 2, 0, 4, 1, 1, 4, 1, 1, 2, 1, 4, 4, 1, 1, 0, 1, 3, 2, 1, 1, 2, 1, 1, 2, 4, 3, 0, 2, 1, 3, 3, 2, 1, 1, 1, 1, 1, 4, 1, 3, 4, 1, 2, 4, 3, 2, 3, 2, 2, 4, 4, 4, 3, 2, 2, 3, 2, 4, 3, 2, 4, 1, 4, 1, 2, 4, 3, 2]|[0, 2, 0, 0, 3, 0, 1, 3, 1, 0, 2, 0, 1, 0, 1, 0, 0, 0, 1, 0, 0, 2, 0, 0, 1, 0, 0, 3, 0, 1, 0, 2, 0, 0, 3, 0, 1, 1, 0, 0, 0, 0, 1, 3, 0, 0, 1, 0, 2, 0, 0, 0, 0, 0, 1, 0, 1, 0, 1, 1, 0, 2, 0, 0, 0, 0, 0, 0, 0, 2, 0, 0, 1, 0, 0, 1, 0, 0, 3, 0, 0, 1, 2, 2, 0, 0, 0, 3, 0, 1, 0, 0, 1, 0, 3, 0, 0, 1, 0, 0],910.6016522559228,48427.915453382215,107149.35343126023,false
56,G3_TWC,G3_TWC,[31, 22, 42, 15, 26, 58, 95, 82, 77, 12, 47, 5, 93, 78, 98, 54, 85, 63, 18, 44, 20, 35, 43, 97, 91, 76, 10, 30, 21, 45, 71, 64, 1, 23, 17, 83, 24, 61, 60, 49, 6, 57, 94, 88, 65, 56, 79, 40, 67, 68, 46, 75, 0, 9, 19, 32, 81, 41, 27, 62, 87, 90, 99, 59, 53, 16, 72, 73, 70, 39, 37, 84, 3, 92, 25, 74, 28, 38, 51, 7, 11, 14, 86, 48, 89, 66, 50, 96, 33, 80, 8, 4, 34, 36, 55, 52, 13, 2, 69, 29]|[1, 1, 0, 1, 1, 1, 2, 1, 2, 1, 2, 2, 2, 1, 1, 0, 0, 1, 0, 2, 2, 0, 1, 2, 0, 1, 2, 2, 0, 0, 1, 2, 1, 0, 1, 0, 2, 0, 1, 1, 0, 1, 1, 1, 0, 2, 1, 1, 0, 0, 0, 0, 1, 1, 2, 1, 2, 0, 0, 0, 2, 1, 0, 1, 0, 1, 2, 1, 1, 1, 1, 1, 2, 0, 1, 2, 0, 0, 0, 1, 0, 1, 0, 0, 1, 0, 0, 0, 2, 0, 1, 0, 2, 0, 1, 1, 0, 0, 1, 0]|[4, 3, 2, 2, 0, 0, 2, 2, 2, 4, 1, 1, 2, 4, 4, 1, 1, 4, 2, 1, 1, 1, 1, 2, 1, 2, 1, 1, 1, 1, 3, 2, 3, 0, 4, 0, 1, 1, 0, 3, 2, 2, 4, 0, 1, 1, 3, 2, 0, 1, 2, 2, 1, 4, 0, 3, 2, 1, 1, 2, 1, 3, 1, 1, 2, 3, 0, 4, 3, 1, 4, 1, 1, 2, 4, 1, 2, 1, 1, 3, 2, 3, 1, 1, 1, 1, 1, 1, 1, 1, 3, 2, 1, 1, 4, 1, 2, 2, 3, 2]|[0, 2, 1, 1, 3, 3, 0, 1, 0, 0, 0, 0, 1, 0, 1, 0, 0, 3, 1, 0, 0, 0, 3, 1, 0, 2, 0, 0, 0, 1, 0, 0, 0, 0, 3, 0, 1, 0, 0, 2, 1, 1, 2, 0, 0, 0, 0, 1, 1, 0, 0, 0, 1, 3, 0, 0, 1, 0, 0, 1, 0, 2, 0, 1, 1, 2, 1, 0, 0, 1, 1, 3, 0, 1, 3, 0, 1, 0, 0, 2, 1, 0, 0, 0, 1, 0, 0, 0, 0, 0, 2, 1, 0, 1, 3, 1, 0, 0, 0, 0],845.7931659427186,57778.757532044474,86593.12219517957,false
56,G1_CMAX,G1_CMAX,[31, 22, 90, 26, 58, 95, 42, 12, 93, 5, 78, 86, 98, 18, 20, 35, 3, 97, 91, 76, 10, 85, 54, 45, 63, 71, 66, 1, 23, 17, 24, 60, 36, 6, 57, 15, 65, 56, 47, 79, 94, 67, 50, 46, 14, 75, 38, 9, 30, 19, 32, 81, 27, 92, 83, 87, 40, 99, 59, 11, 53, 16, 72, 77, 73, 70, 39, 37, 84, 43, 62, 25, 55, 28, 29, 51, 68, 82, 74, 61, 88, 21, 80, 89, 7, 69, 96, 41, 48, 4, 8, 34, 49, 52, 0, 44, 13, 2, 64, 33]|[1, 1, 1, 1, 0, 2, 1, 1, 2, 2, 2, 1, 0, 1, 2, 2, 1, 2, 0, 1, 2, 2, 2, 0, 0, 1, 2, 1, 2, 1, 2, 1, 1, 0, 1, 1, 0, 2, 2, 1, 1, 0, 0, 0, 0, 1, 1, 1, 1, 2, 1, 2, 2, 0, 0, 2, 1, 0, 0, 2, 0, 1, 2, 2, 1, 1, 1, 1, 1, 1, 0, 1, 1, 0, 0, 0, 0, 0, 2, 1, 1, 0, 0, 1, 1, 1, 2, 2, 0, 1, 1, 2, 0, 1, 0, 0, 0, 0, 2, 2]|[0, 4, 3, 0, 1, 1, 2, 4, 1, 1, 2, 4, 1, 4, 1, 1, 1, 2, 2, 2, 2, 1, 1, 1, 2, 3, 2, 3, 0, 4, 1, 0, 3, 2, 2, 2, 1, 1, 1, 0, 2, 0, 1, 2, 1, 3, 1, 4, 2, 0, 3, 2, 1, 2, 1, 1, 4, 1, 1, 1, 2, 3, 0, 2, 4, 3, 1, 4, 1, 1, 1, 4, 4, 2, 1, 1, 1, 2, 1, 3, 0, 1, 1, 1, 1, 3, 1, 1, 1, 4, 3, 1, 1, 1, 2, 2, 2, 2, 1, 1]|[3, 0, 2, 3, 0, 0, 1, 0, 0, 0, 1, 0, 0, 3, 0, 0, 1, 1, 1, 2, 1, 0, 0, 0, 0, 0, 0, 0, 0, 3, 1, 0, 2, 1, 1, 1, 0, 0, 0, 0, 1, 1, 0, 0, 0, 0, 1, 3, 2, 0, 0, 1, 0, 1, 0, 0, 2, 0, 0, 0, 1, 2, 1, 1, 0, 0, 1, 1, 3, 3, 0, 3, 3, 1, 0, 0, 0, 1, 0, 0, 0, 0, 0, 1, 2, 2, 0, 0, 0, 0, 2, 0, 1, 1, 0, 0, 0, 0, 0, 0],705.0470749739228,58445.79123614564,95781.2895945797,false
56,G4_BALANCED,G1_CMAX,[31, 22, 42, 15, 26, 58, 95, 82, 77, 12, 47, 5, 93, 78, 98, 54, 85, 63, 18, 44, 20, 35, 43, 97, 91, 76, 10, 30, 21, 45, 71, 64, 1, 23, 17, 83, 24, 61, 60, 36, 6, 57, 94, 88, 65, 56, 79, 40, 67, 68, 46, 75, 38, 9, 19, 32, 81, 41, 27, 62, 87, 90, 99, 59, 11, 16, 72, 73, 70, 39, 37, 84, 3, 96, 25, 74, 28, 29, 51, 7, 53, 14, 86, 48, 89, 50, 66, 92, 33, 80, 4, 2, 0, 49, 55, 52, 13, 8, 69, 34]|[1, 1, 0, 1, 1, 1, 2, 1, 2, 1, 2, 2, 2, 1, 1, 0, 0, 1, 0, 2, 2, 0, 1, 2, 0, 1, 2, 2, 0, 0, 1, 2, 1, 2, 1, 0, 2, 1, 1, 1, 0, 1, 1, 2, 0, 2, 1, 1, 0, 0, 0, 0, 1, 1, 2, 1, 2, 0, 0, 0, 2, 1, 0, 1, 2, 1, 2, 1, 1, 1, 1, 1, 2, 2, 1, 2, 0, 0, 0, 1, 2, 1, 0, 0, 1, 0, 2, 0, 2, 0, 0, 0, 0, 0, 1, 1, 0, 1, 1, 2]|[4, 3, 2, 2, 0, 0, 2, 2, 2, 4, 1, 1, 2, 4, 4, 1, 1, 4, 2, 1, 1, 1, 1, 2, 1, 2, 1, 1, 1, 1, 3, 2, 3, 0, 4, 0, 1, 3, 0, 3, 2, 2, 4, 1, 1, 1, 3, 2, 0, 1, 2, 2, 1, 4, 0, 3, 2, 1, 1, 2, 1, 3, 1, 1, 1, 3, 0, 4, 3, 1, 4, 1, 1, 1, 4, 1, 2, 1, 1, 3, 1, 3, 1, 1, 1, 1, 1, 2, 1, 1, 2, 2, 2, 1, 4, 1, 2, 3, 4, 1]|[0, 2, 1, 1, 3, 3, 0, 1, 0, 0, 0, 0, 1, 0, 1, 0, 0, 3, 1, 0, 0, 0, 3, 1, 0, 2, 0, 0, 0, 1, 0, 0, 0, 0, 3, 0, 1, 0, 0, 2, 1, 1, 2, 0, 0, 0, 0, 1, 1, 0, 0, 0, 1, 3, 0, 0, 1, 0, 0, 1, 0, 2, 0, 1, 0, 2, 1, 0, 0, 1, 1, 3, 0, 0, 3, 0, 1, 0, 0, 2, 0, 0, 0, 0, 1, 0, 0, 1, 0, 0, 1, 0, 0, 1, 3, 1, 0, 2, 2, 0],744.5383723180835,56557.35868613691,91662.16948783089,true
56,G2_TEC,G2_TEC,[31, 94, 82, 15, 26, 9, 95, 42, 77, 68, 47, 5, 93, 78, 86, 54, 85, 63, 18, 44, 20, 49, 36, 14, 74, 50, 53, 17, 21, 28, 11, 64, 3, 23, 30, 83, 24, 41, 40, 52, 65, 27, 90, 70, 39, 87, 48, 69, 99, 4, 98, 1, 13, 56, 97, 59, 45, 8, 73, 37, 35, 79, 71, 75, 76, 16, 60, 80, 58, 6, 67, 61, 33, 7, 57, 34, 12, 32, 10, 46, 96, 88, 43, 81, 91, 2, 84, 29, 92, 19, 51, 55, 89, 66, 25, 22, 38, 72, 62, 0]|[2, 1, 2, 1, 1, 2, 1, 1, 1, 1, 1, 0, 2, 2, 1, 2, 0, 0, 0, 2, 2, 1, 0, 2, 0, 2, 2, 1, 0, 1, 1, 1, 0, 0, 1, 0, 2, 1, 2, 2, 0, 0, 1, 1, 0, 2, 0, 2, 1, 0, 2, 2, 0, 2, 2, 0, 1, 1, 0, 0, 2, 1, 1, 0, 2, 2, 2, 2, 2, 1, 2, 1, 1, 2, 0, 1, 1, 0, 1, 0, 0, 1, 1, 1, 1, 0, 0, 1, 0, 1, 1, 0, 1, 2, 1, 2, 0, 1, 1, 0]|[0, 3, 0, 3, 4, 1, 4, 4, 4, 4, 3, 2, 1, 0, 2, 1, 1, 1, 2, 1, 1, 3, 0, 1, 0, 1, 1, 4, 1, 4, 3, 2, 2, 0, 4, 1, 1, 4, 1, 1, 2, 1, 4, 4, 1, 1, 0, 1, 3, 2, 1, 1, 2, 1, 1, 2, 4, 3, 0, 2, 1, 3, 3, 2, 1, 1, 1, 1, 1, 4, 1, 3, 4, 1, 2, 4, 3, 2, 3, 2, 2, 4, 4, 4, 3, 2, 2, 3, 2, 4, 3, 2, 4, 1, 4, 1, 2, 4, 3, 2]|[0, 2, 0, 0, 3, 0, 1, 3, 1, 0, 2, 0, 1, 0, 1, 0, 0, 0, 1, 0, 0, 2, 0, 0, 1, 0, 0, 3, 0, 1, 0, 2, 0, 0, 3, 0, 1, 1, 0, 0, 0, 0, 1, 3, 0, 0, 1, 0, 2, 0, 0, 0, 0, 0, 1, 0, 1, 0, 1, 1, 0, 2, 0, 0, 0, 0, 0, 0, 0, 2, 0, 0, 1, 0, 0, 1, 0, 0, 3, 0, 0, 1, 2, 2, 0, 0, 0, 3, 0, 1, 0, 0, 1, 0, 3, 0, 0, 1, 0, 0],910.6016522559228,48427.915453382215,107149.35343126023,false
56,G3_TWC,G3_TWC,[31, 22, 42, 15, 26, 58, 95, 82, 77, 12, 47, 5, 93, 78, 98, 54, 85, 63, 18, 44, 20, 35, 43, 97, 91, 76, 10, 30, 21, 45, 71, 64, 1, 23, 17, 83, 24, 61, 60, 49, 6, 57, 94, 88, 65, 56, 79, 40, 67, 68, 46, 75, 0, 9, 19, 32, 81, 41, 27, 62, 87, 90, 99, 59, 53, 16, 72, 73, 70, 39, 37, 84, 3, 92, 25, 74, 28, 38, 51, 7, 11, 14, 86, 48, 89, 66, 50, 96, 33, 80, 8, 4, 34, 36, 55, 52, 13, 2, 69, 29]|[1, 1, 0, 1, 1, 1, 2, 1, 2, 1, 2, 2, 2, 1, 1, 0, 0, 1, 0, 2, 2, 0, 1, 2, 0, 1, 2, 2, 0, 0, 1, 2, 1, 0, 1, 0, 2, 0, 1, 1, 0, 1, 1, 1, 0, 2, 1, 1, 0, 0, 0, 0, 1, 1, 2, 1, 2, 0, 0, 0, 2, 1, 0, 1, 0, 1, 2, 1, 1, 1, 1, 1, 2, 0, 1, 2, 0, 0, 0, 1, 0, 1, 0, 0, 1, 0, 0, 0, 2, 0, 1, 0, 2, 0, 1, 1, 0, 0, 1, 0]|[4, 3, 2, 2, 0, 0, 2, 2, 2, 4, 1, 1, 2, 4, 4, 1, 1, 4, 2, 1, 1, 1, 1, 2, 1, 2, 1, 1, 1, 1, 3, 2, 3, 0, 4, 0, 1, 1, 0, 3, 2, 2, 4, 0, 1, 1, 3, 2, 0, 1, 2, 2, 1, 4, 0, 3, 2, 1, 1, 2, 1, 3, 1, 1, 2, 3, 0, 4, 3, 1, 4, 1, 1, 2, 4, 1, 2, 1, 1, 3, 2, 3, 1, 1, 1, 1, 1, 1, 1, 1, 3, 2, 1, 1, 4, 1, 2, 2, 3, 2]|[0, 2, 1, 1, 3, 3, 0, 1, 0, 0, 0, 0, 1, 0, 1, 0, 0, 3, 1, 0, 0, 0, 3, 1, 0, 2, 0, 0, 0, 1, 0, 0, 0, 0, 3, 0, 1, 0, 0, 2, 1, 1, 2, 0, 0, 0, 0, 1, 1, 0, 0, 0, 1, 3, 0, 0, 1, 0, 0, 1, 0, 2, 0, 1, 1, 2, 1, 0, 0, 1, 1, 3, 0, 1, 3, 0, 1, 0, 0, 2, 1, 0, 0, 0, 1, 0, 0, 0, 0, 0, 2, 1, 0, 1, 3, 1, 0, 0, 0, 0],845.7931659427186,57778.757532044474,86593.12219517957,false
56,G1_CMAX,G1_CMAX,[31, 22, 90, 26, 58, 95, 42, 12, 93, 5, 78, 86, 98, 18, 20, 35, 3, 97, 91, 76, 10, 85, 54, 45, 63, 71, 66, 1, 23, 17, 24, 60, 36, 6, 57, 15, 65, 56, 47, 79, 94, 67, 50, 46, 14, 75, 38, 9, 30, 19, 32, 81, 27, 92, 83, 87, 40, 99, 59, 11, 53, 16, 72, 77, 73, 70, 39, 37, 84, 43, 62, 25, 55, 28, 29, 51, 68, 82, 74, 61, 88, 21, 80, 89, 7, 69, 96, 41, 48, 4, 8, 34, 49, 52, 0, 44, 13, 2, 64, 33]|[1, 1, 1, 1, 0, 2, 1, 1, 2, 2, 2, 1, 0, 1, 2, 2, 1, 2, 0, 1, 2, 2, 2, 0, 0, 1, 2, 1, 2, 1, 2, 1, 1, 0, 1, 1, 0, 2, 2, 1, 1, 0, 0, 0, 0, 1, 1, 1, 1, 2, 1, 2, 2, 0, 0, 2, 1, 0, 0, 2, 0, 1, 2, 2, 1, 1, 1, 1, 1, 1, 0, 1, 1, 0, 0, 0, 0, 0, 2, 1, 1, 0, 0, 1, 1, 1, 2, 2, 0, 1, 1, 2, 0, 1, 0, 0, 0, 0, 2, 2]|[0, 4, 3, 0, 1, 1, 2, 4, 1, 1, 2, 4, 1, 4, 1, 1, 1, 2, 2, 2, 2, 1, 1, 1, 2, 3, 2, 3, 0, 4, 1, 0, 3, 2, 2, 2, 1, 1, 1, 0, 2, 0, 1, 2, 1, 3, 1, 4, 2, 0, 3, 2, 1, 2, 1, 1, 4, 1, 1, 1, 2, 3, 0, 2, 4, 3, 1, 4, 1, 1, 1, 4, 4, 2, 1, 1, 1, 2, 1, 3, 0, 1, 1, 1, 1, 3, 1, 1, 1, 4, 3, 1, 1, 1, 2, 2, 2, 2, 1, 1]|[3, 0, 2, 3, 0, 0, 1, 0, 0, 0, 1, 0, 0, 3, 0, 0, 1, 1, 1, 2, 1, 0, 0, 0, 0, 0, 0, 0, 0, 3, 1, 0, 2, 1, 1, 1, 0, 0, 0, 0, 1, 1, 0, 0, 0, 0, 1, 3, 2, 0, 0, 1, 0, 1, 0, 0, 2, 0, 0, 0, 1, 2, 1, 1, 0, 0, 1, 1, 3, 3, 0, 3, 3, 1, 0, 0, 0, 1, 0, 0, 0, 0, 0, 1, 2, 2, 0, 0, 0, 0, 2, 0, 1, 1, 0, 0, 0, 0, 0, 0],705.0470749739228,58445.79123614564,95781.2895945797,false
56,G4_BALANCED,G1_CMAX,[31, 22, 42, 15, 26, 58, 95, 82, 41, 12, 47, 3, 78, 98, 54, 85, 63, 18, 44, 20, 35, 43, 97, 5, 91, 76, 10, 83, 17, 23, 1, 64, 71, 61, 30, 24, 45, 60, 36, 6, 57, 94, 88, 65, 19, 79, 40, 67, 68, 21, 46, 75, 38, 9, 56, 32, 81, 72, 27, 62, 87, 90, 99, 59, 11, 16, 77, 73, 70, 39, 37, 84, 93, 92, 25, 74, 29, 7, 89, 80, 33, 86, 14, 50, 51, 48, 28, 96, 53, 66, 4, 8, 55, 49, 0, 52, 13, 2, 69, 34]|[1, 1, 0, 1, 1, 1, 2, 1, 2, 1, 2, 2, 1, 1, 0, 0, 1, 0, 2, 2, 0, 1, 2, 2, 0, 1, 2, 2, 1, 2, 1, 2, 1, 0, 2, 2, 0, 1, 1, 0, 1, 1, 1, 0, 2, 1, 1, 0, 0, 0, 0, 0, 1, 1, 2, 1, 2, 2, 0, 0, 2, 1, 0, 1, 2, 1, 2, 1, 1, 1, 1, 1, 2, 1, 1, 2, 0, 1, 1, 0, 2, 2, 1, 0, 0, 0, 0, 2, 0, 0, 0, 1, 1, 0, 0, 1, 0, 0, 2, 2]|[4, 3, 2, 2, 0, 0, 2, 2, 1, 4, 1, 1, 4, 4, 1, 1, 4, 2, 1, 1, 1, 1, 2, 1, 1, 2, 1, 1, 4, 0, 3, 2, 3, 1, 1, 1, 1, 0, 3, 2, 2, 4, 0, 1, 0, 0, 2, 0, 1, 1, 2, 2, 1, 4, 1, 3, 2, 0, 1, 2, 1, 3, 1, 1, 1, 3, 1, 4, 3, 1, 4, 1, 2, 4, 4, 1, 1, 3, 1, 1, 1, 1, 3, 1, 1, 1, 2, 1, 2, 1, 2, 3, 4, 1, 2, 1, 2, 2, 1, 1]|[0, 2, 0, 1, 3, 3, 1, 1, 0, 0, 0, 0, 0, 1, 1, 0, 3, 1, 0, 0, 0, 3, 1, 0, 0, 2, 0, 1, 3, 0, 0, 0, 0, 1, 0, 1, 0, 0, 2, 1, 1, 2, 0, 0, 0, 0, 1, 1, 0, 0, 0, 0, 1, 3, 0, 0, 1, 1, 0, 1, 0, 2, 0, 1, 0, 2, 0, 0, 0, 1, 1, 3, 1, 0, 3, 0, 0, 2, 1, 0, 0, 0, 0, 0, 0, 0, 1, 0, 1, 0, 1, 2, 3, 1, 0, 1, 0, 0, 0, 0],705.4712346728571,58108.739276613436,91469.75104712523,true
56,G2_TEC,G2_TEC,[31, 94, 82, 15, 26, 9, 95, 42, 77, 68, 47, 5, 93, 78, 86, 54, 85, 63, 18, 44, 20, 49, 36, 14, 74, 50, 53, 17, 21, 28, 11, 64, 3, 23, 30, 83, 24, 41, 40, 52, 65, 27, 90, 70, 39, 87, 48, 69, 99, 4, 98, 1, 13, 56, 97, 59, 45, 8, 73, 37, 35, 79, 71, 75, 76, 16, 60, 80, 58, 6, 67, 61, 33, 7, 57, 34, 12, 32, 10, 46, 96, 88, 43, 81, 91, 2, 84, 29, 92, 19, 51, 55, 89, 66, 25, 22, 38, 72, 62, 0]|[2, 1, 2, 1, 1, 2, 1, 1, 1, 1, 1, 0, 2, 2, 1, 2, 0, 0, 0, 2, 2, 1, 0, 2, 0, 2, 2, 1, 0, 1, 1, 1, 0, 0, 1, 0, 2, 1, 2, 2, 0, 0, 1, 1, 0, 2, 0, 2, 1, 0, 2, 2, 0, 2, 2, 0, 1, 1, 0, 0, 2, 1, 1, 0, 2, 2, 2, 2, 2, 1, 2, 1, 1, 2, 0, 1, 1, 0, 1, 0, 0, 1, 1, 1, 1, 0, 0, 1, 0, 1, 1, 0, 1, 2, 1, 2, 0, 1, 1, 0]|[0, 3, 0, 3, 4, 1, 4, 4, 4, 4, 3, 2, 1, 0, 2, 1, 1, 1, 2, 1, 1, 3, 0, 1, 0, 1, 1, 4, 1, 4, 3, 2, 2, 0, 4, 1, 1, 4, 1, 1, 2, 1, 4, 4, 1, 1, 0, 1, 3, 2, 1, 1, 2, 1, 1, 2, 4, 3, 0, 2, 1, 3, 3, 2, 1, 1, 1, 1, 1, 4, 1, 3, 4, 1, 2, 4, 3, 2, 3, 2, 2, 4, 4, 4, 3, 2, 2, 3, 2, 4, 3, 2, 4, 1, 4, 1, 2, 4, 3, 2]|[0, 2, 0, 0, 3, 0, 1, 3, 1, 0, 2, 0, 1, 0, 1, 0, 0, 0, 1, 0, 0, 2, 0, 0, 1, 0, 0, 3, 0, 1, 0, 2, 0, 0, 3, 0, 1, 1, 0, 0, 0, 0, 1, 3, 0, 0, 1, 0, 2, 0, 0, 0, 0, 0, 1, 0, 1, 0, 1, 1, 0, 2, 0, 0, 0, 0, 0, 0, 0, 2, 0, 0, 1, 0, 0, 1, 0, 0, 3, 0, 0, 1, 2, 2, 0, 0, 0, 3, 0, 1, 0, 0, 1, 0, 3, 0, 0, 1, 0, 0],910.6016522559228,48427.915453382215,107149.35343126023,false
56,G3_TWC,G3_TWC,[31, 22, 42, 15, 26, 58, 95, 82, 77, 12, 47, 5, 93, 78, 98, 54, 85, 63, 18, 44, 20, 35, 43, 97, 91, 76, 10, 30, 21, 45, 71, 64, 1, 23, 17, 83, 24, 61, 60, 49, 6, 57, 94, 88, 65, 56, 79, 40, 67, 68, 46, 75, 0, 9, 19, 32, 81, 41, 27, 62, 87, 90, 99, 59, 53, 16, 72, 73, 70, 39, 37, 84, 3, 92, 25, 74, 28, 38, 51, 7, 11, 14, 86, 48, 89, 66, 50, 96, 33, 80, 8, 4, 34, 36, 55, 52, 13, 2, 69, 29]|[1, 1, 0, 1, 1, 1, 2, 1, 2, 1, 2, 2, 2, 1, 1, 0, 0, 1, 0, 2, 2, 0, 1, 2, 0, 1, 2, 2, 0, 0, 1, 2, 1, 0, 1, 0, 2, 0, 1, 1, 0, 1, 1, 1, 0, 2, 1, 1, 0, 0, 0, 0, 1, 1, 2, 1, 2, 0, 0, 0, 2, 1, 0, 1, 0, 1, 2, 1, 1, 1, 1, 1, 2, 0, 1, 2, 0, 0, 0, 1, 0, 1, 0, 0, 1, 0, 0, 0, 2, 0, 1, 0, 2, 0, 1, 1, 0, 0, 1, 0]|[4, 3, 2, 2, 0, 0, 2, 2, 2, 4, 1, 1, 2, 4, 4, 1, 1, 4, 2, 1, 1, 1, 1, 2, 1, 2, 1, 1, 1, 1, 3, 2, 3, 0, 4, 0, 1, 1, 0, 3, 2, 2, 4, 0, 1, 1, 3, 2, 0, 1, 2, 2, 1, 4, 0, 3, 2, 1, 1, 2, 1, 3, 1, 1, 2, 3, 0, 4, 3, 1, 4, 1, 1, 2, 4, 1, 2, 1, 1, 3, 2, 3, 1, 1, 1, 1, 1, 1, 1, 1, 3, 2, 1, 1, 4, 1, 2, 2, 3, 2]|[0, 2, 1, 1, 3, 3, 0, 1, 0, 0, 0, 0, 1, 0, 1, 0, 0, 3, 1, 0, 0, 0, 3, 1, 0, 2, 0, 0, 0, 1, 0, 0, 0, 0, 3, 0, 1, 0, 0, 2, 1, 1, 2, 0, 0, 0, 0, 1, 1, 0, 0, 0, 1, 3, 0, 0, 1, 0, 0, 1, 0, 2, 0, 1, 1, 2, 1, 0, 0, 1, 1, 3, 0, 1, 3, 0, 1, 0, 0, 2, 1, 0, 0, 0, 1, 0, 0, 0, 0, 0, 2, 1, 0, 1, 3, 1, 0, 0, 0, 0],845.7931659427186,57778.757532044474,86593.12219517957,false
56,G1_CMAX,G1_CMAX,[31, 22, 90, 26, 58, 95, 42, 12, 93, 5, 78, 86, 98, 18, 20, 35, 3, 97, 91, 76, 10, 85, 54, 45, 63, 71, 66, 1, 23, 17, 24, 60, 36, 6, 57, 15, 65, 56, 47, 79, 94, 67, 50, 46, 14, 75, 38, 9, 30, 19, 32, 81, 27, 92, 83, 87, 40, 99, 59, 11, 53, 16, 72, 77, 73, 70, 39, 37, 84, 43, 62, 25, 55, 28, 29, 51, 68, 82, 74, 61, 88, 21, 80, 89, 7, 69, 96, 41, 48, 4, 8, 34, 49, 52, 0, 44, 13, 2, 64, 33]|[1, 1, 1, 1, 0, 2, 1, 1, 2, 2, 2, 1, 0, 1, 2, 2, 1, 2, 0, 1, 2, 2, 2, 0, 0, 1, 2, 1, 2, 1, 2, 1, 1, 0, 1, 1, 0, 2, 2, 1, 1, 0, 0, 0, 0, 1, 1, 1, 1, 2, 1, 2, 2, 0, 0, 2, 1, 0, 0, 2, 0, 1, 2, 2, 1, 1, 1, 1, 1, 1, 0, 1, 1, 0, 0, 0, 0, 0, 2, 1, 1, 0, 0, 1, 1, 1, 2, 2, 0, 1, 1, 2, 0, 1, 0, 0, 0, 0, 2, 2]|[0, 4, 3, 0, 1, 1, 2, 4, 1, 1, 2, 4, 1, 4, 1, 1, 1, 2, 2, 2, 2, 1, 1, 1, 2, 3, 2, 3, 0, 4, 1, 0, 3, 2, 2, 2, 1, 1, 1, 0, 2, 0, 1, 2, 1, 3, 1, 4, 2, 0, 3, 2, 1, 2, 1, 1, 4, 1, 1, 1, 2, 3, 0, 2, 4, 3, 1, 4, 1, 1, 1, 4, 4, 2, 1, 1, 1, 2, 1, 3, 0, 1, 1, 1, 1, 3, 1, 1, 1, 4, 3, 1, 1, 1, 2, 2, 2, 2, 1, 1]|[3, 0, 2, 3, 0, 0, 1, 0, 0, 0, 1, 0, 0, 3, 0, 0, 1, 1, 1, 2, 1, 0, 0, 0, 0, 0, 0, 0, 0, 3, 1, 0, 2, 1, 1, 1, 0, 0, 0, 0, 1, 1, 0, 0, 0, 0, 1, 3, 2, 0, 0, 1, 0, 1, 0, 0, 2, 0, 0, 0, 1, 2, 1, 1, 0, 0, 1, 1, 3, 3, 0, 3, 3, 1, 0, 0, 0, 1, 0, 0, 0, 0, 0, 1, 2, 2, 0, 0, 0, 0, 2, 0, 1, 1, 0, 0, 0, 0, 0, 0],705.0470749739228,58445.79123614564,95781.2895945797,false
56,G4_BALANCED,G4_BALANCED,[31, 22, 82, 15, 26, 9, 95, 42, 77, 68, 47, 5, 93, 78, 86, 54, 85, 63, 18, 44, 20, 49, 36, 14, 74, 50, 53, 17, 21, 28, 11, 64, 3, 23, 30, 83, 24, 41, 40, 52, 65, 27, 90, 70, 39, 87, 48, 69, 99, 4, 46, 1, 13, 58, 19, 59, 45, 8, 73, 37, 35, 79, 71, 66, 76, 32, 60, 80, 96, 6, 16, 61, 33, 7, 57, 34, 12, 0, 10, 98, 56, 88, 43, 81, 91, 38, 94, 29, 92, 97, 51, 89, 25, 55, 72, 84, 75, 2, 62, 67]|[2, 1, 2, 1, 1, 0, 1, 1, 1, 1, 1, 0, 2, 2, 1, 2, 0, 0, 0, 2, 2, 1, 0, 2, 0, 2, 2, 1, 0, 1, 1, 1, 0, 0, 1, 0, 2, 1, 2, 2, 0, 0, 1, 1, 0, 2, 0, 2, 1, 0, 0, 2, 0, 0, 2, 0, 1, 1, 0, 0, 2, 1, 1, 1, 2, 0, 2, 2, 0, 1, 2, 1, 1, 2, 0, 1, 1, 2, 1, 2, 0, 1, 1, 0, 1, 0, 2, 1, 0, 2, 1, 1, 1, 0, 1, 0, 0, 0, 1, 0]|[0, 3, 0, 3, 4, 1, 4, 4, 2, 4, 3, 2, 1, 0, 2, 1, 1, 1, 2, 1, 1, 3, 0, 1, 0, 1, 1, 4, 1, 4, 3, 2, 2, 0, 4, 1, 1, 4, 1, 1, 2, 1, 4, 4, 1, 1, 0, 1, 3, 2, 2, 1, 2, 1, 1, 2, 4, 3, 0, 2, 2, 3, 3, 1, 1, 2, 1, 1, 2, 4, 1, 3, 4, 1, 2, 4, 3, 1, 3, 1, 2, 4, 4, 2, 3, 2, 1, 3, 2, 1, 3, 4, 4, 2, 4, 2, 2, 2, 3, 2]|[0, 2, 0, 0, 3, 0, 1, 3, 0, 0, 2, 0, 1, 0, 1, 0, 0, 0, 1, 0, 0, 2, 0, 0, 1, 0, 0, 3, 0, 1, 0, 2, 0, 0, 3, 0, 1, 1, 0, 0, 0, 0, 1, 3, 0, 0, 1, 0, 2, 0, 0, 0, 0, 1, 1, 0, 1, 0, 1, 1, 0, 2, 0, 2, 0, 0, 0, 0, 0, 2, 0, 0, 1, 0, 0, 1, 0, 0, 3, 0, 0, 1, 2, 0, 0, 0, 0, 3, 0, 1, 0, 1, 3, 0, 1, 0, 0, 0, 0, 0],996.8448354931076,50292.77532559449,101685.85525123934,false
56,G2_TEC,G2_TEC,[31, 94, 82, 15, 26, 9, 95, 42, 77, 68, 47, 5, 93, 78, 86, 54, 85, 63, 18, 44, 20, 49, 36, 14, 74, 50, 53, 17, 21, 28, 11, 64, 3, 23, 30, 83, 24, 41, 40, 52, 65, 27, 90, 70, 39, 87, 48, 69, 99, 4, 98, 1, 13, 56, 97, 59, 45, 8, 73, 37, 35, 79, 71, 75, 76, 16, 60, 80, 58, 6, 67, 61, 33, 7, 57, 34, 12, 32, 10, 46, 96, 88, 43, 81, 91, 2, 84, 29, 92, 19, 51, 55, 89, 66, 25, 22, 38, 72, 62, 0]|[2, 1, 2, 1, 1, 2, 1, 1, 1, 1, 1, 0, 2, 2, 1, 2, 0, 0, 0, 2, 2, 1, 0, 2, 0, 2, 2, 1, 0, 1, 1, 1, 0, 0, 1, 0, 2, 1, 2, 2, 0, 0, 1, 1, 0, 2, 0, 2, 1, 0, 2, 2, 0, 2, 2, 0, 1, 1, 0, 0, 2, 1, 1, 0, 2, 2, 2, 2, 2, 1, 2, 1, 1, 2, 0, 1, 1, 0, 1, 0, 0, 1, 1, 1, 1, 0, 0, 1, 0, 1, 1, 0, 1, 2, 1, 2, 0, 1, 1, 0]|[0, 3, 0, 3, 4, 1, 4, 4, 4, 4, 3, 2, 1, 0, 2, 1, 1, 1, 2, 1, 1, 3, 0, 1, 0, 1, 1, 4, 1, 4, 3, 2, 2, 0, 4, 1, 1, 4, 1, 1, 2, 1, 4, 4, 1, 1, 0, 1, 3, 2, 1, 1, 2, 1, 1, 2, 4, 3, 0, 2, 1, 3, 3, 2, 1, 1, 1, 1, 1, 4, 1, 3, 4, 1, 2, 4, 3, 2, 3, 2, 2, 4, 4, 4, 3, 2, 2, 3, 2, 4, 3, 2, 4, 1, 4, 1, 2, 4, 3, 2]|[0, 2, 0, 0, 3, 0, 1, 3, 1, 0, 2, 0, 1, 0, 1, 0, 0, 0, 1, 0, 0, 2, 0, 0, 1, 0, 0, 3, 0, 1, 0, 2, 0, 0, 3, 0, 1, 1, 0, 0, 0, 0, 1, 3, 0, 0, 1, 0, 2, 0, 0, 0, 0, 0, 1, 0, 1, 0, 1, 1, 0, 2, 0, 0, 0, 0, 0, 0, 0, 2, 0, 0, 1, 0, 0, 1, 0, 0, 3, 0, 0, 1, 2, 2, 0, 0, 0, 3, 0, 1, 0, 0, 1, 0, 3, 0, 0, 1, 0, 0],910.6016522559228,48427.915453382215,107149.35343126023,false
56,G3_TWC,G3_TWC,[31, 22, 42, 15, 26, 58, 95, 82, 77, 12, 47, 5, 93, 78, 98, 54, 85, 63, 18, 44, 20, 35, 43, 97, 91, 76, 10, 30, 21, 45, 71, 64, 1, 23, 17, 83, 24, 61, 60, 49, 6, 57, 94, 88, 65, 56, 79, 40, 67, 68, 46, 75, 0, 9, 19, 32, 81, 41, 27, 62, 87, 90, 99, 59, 53, 16, 72, 73, 70, 39, 37, 84, 3, 92, 25, 74, 28, 38, 51, 7, 11, 14, 86, 48, 89, 66, 50, 96, 33, 80, 8, 4, 34, 36, 55, 52, 13, 2, 69, 29]|[1, 1, 0, 1, 1, 1, 2, 1, 2, 1, 2, 2, 2, 1, 1, 0, 0, 1, 0, 2, 2, 0, 1, 2, 0, 1, 2, 2, 0, 0, 1, 2, 1, 0, 1, 0, 2, 0, 1, 1, 0, 1, 1, 1, 0, 2, 1, 1, 0, 0, 0, 0, 1, 1, 2, 1, 2, 0, 0, 0, 2, 1, 0, 1, 0, 1, 2, 1, 1, 1, 1, 1, 2, 0, 1, 2, 0, 0, 0, 1, 0, 1, 0, 0, 1, 0, 0, 0, 2, 0, 1, 0, 2, 0, 1, 1, 0, 0, 1, 0]|[4, 3, 2, 2, 0, 0, 2, 2, 2, 4, 1, 1, 2, 4, 4, 1, 1, 4, 2, 1, 1, 1, 1, 2, 1, 2, 1, 1, 1, 1, 3, 2, 3, 0, 4, 0, 1, 1, 0, 3, 2, 2, 4, 0, 1, 1, 3, 2, 0, 1, 2, 2, 1, 4, 0, 3, 2, 1, 1, 2, 1, 3, 1, 1, 2, 3, 0, 4, 3, 1, 4, 1, 1, 2, 4, 1, 2, 1, 1, 3, 2, 3, 1, 1, 1, 1, 1, 1, 1, 1, 3, 2, 1, 1, 4, 1, 2, 2, 3, 2]|[0, 2, 1, 1, 3, 3, 0, 1, 0, 0, 0, 0, 1, 0, 1, 0, 0, 3, 1, 0, 0, 0, 3, 1, 0, 2, 0, 0, 0, 1, 0, 0, 0, 0, 3, 0, 1, 0, 0, 2, 1, 1, 2, 0, 0, 0, 0, 1, 1, 0, 0, 0, 1, 3, 0, 0, 1, 0, 0, 1, 0, 2, 0, 1, 1, 2, 1, 0, 0, 1, 1, 3, 0, 1, 3, 0, 1, 0, 0, 2, 1, 0, 0, 0, 1, 0, 0, 0, 0, 0, 2, 1, 0, 1, 3, 1, 0, 0, 0, 0],845.7931659427186,57778.757532044474,86593.12219517957,false
56,G1_CMAX,G1_CMAX,[31, 22, 90, 26, 58, 95, 42, 12, 93, 5, 78, 86, 98, 18, 20, 35, 3, 97, 91, 76, 10, 85, 54, 45, 63, 71, 66, 1, 23, 17, 24, 60, 36, 6, 57, 15, 65, 56, 47, 79, 94, 67, 50, 46, 14, 75, 38, 9, 30, 19, 32, 81, 27, 92, 83, 87, 40, 99, 59, 11, 53, 16, 72, 77, 73, 70, 39, 37, 84, 43, 62, 25, 55, 28, 29, 51, 68, 82, 74, 61, 88, 21, 80, 89, 7, 69, 96, 41, 48, 4, 8, 34, 49, 52, 0, 44, 13, 2, 64, 33]|[1, 1, 1, 1, 0, 2, 1, 1, 2, 2, 2, 1, 0, 1, 2, 2, 1, 2, 0, 1, 2, 2, 2, 0, 0, 1, 2, 1, 2, 1, 2, 1, 1, 0, 1, 1, 0, 2, 2, 1, 1, 0, 0, 0, 0, 1, 1, 1, 1, 2, 1, 2, 2, 0, 0, 2, 1, 0, 0, 2, 0, 1, 2, 2, 1, 1, 1, 1, 1, 1, 0, 1, 1, 0, 0, 0, 0, 0, 2, 1, 1, 0, 0, 1, 1, 1, 2, 2, 0, 1, 1, 2, 0, 1, 0, 0, 0, 0, 2, 2]|[0, 4, 3, 0, 1, 1, 2, 4, 1, 1, 2, 4, 1, 4, 1, 1, 1, 2, 2, 2, 2, 1, 1, 1, 2, 3, 2, 3, 0, 4, 1, 0, 3, 2, 2, 2, 1, 1, 1, 0, 2, 0, 1, 2, 1, 3, 1, 4, 2, 0, 3, 2, 1, 2, 1, 1, 4, 1, 1, 1, 2, 3, 0, 2, 4, 3, 1, 4, 1, 1, 1, 4, 4, 2, 1, 1, 1, 2, 1, 3, 0, 1, 1, 1, 1, 3, 1, 1, 1, 4, 3, 1, 1, 1, 2, 2, 2, 2, 1, 1]|[3, 0, 2, 3, 0, 0, 1, 0, 0, 0, 1, 0, 0, 3, 0, 0, 1, 1, 1, 2, 1, 0, 0, 0, 0, 0, 0, 0, 0, 3, 1, 0, 2, 1, 1, 1, 0, 0, 0, 0, 1, 1, 0, 0, 0, 0, 1, 3, 2, 0, 0, 1, 0, 1, 0, 0, 2, 0, 0, 0, 1, 2, 1, 1, 0, 0, 1, 1, 3, 3, 0, 3, 3, 1, 0, 0, 0, 1, 0, 0, 0, 0, 0, 1, 2, 2, 0, 0, 0, 0, 2, 0, 1, 1, 0, 0, 0, 0, 0, 0],705.0470749739228,58445.79123614564,95781.2895945797,false
56,G4_BALANCED,G4_BALANCED,[31, 11, 15, 82, 26, 9, 95, 32, 77, 68, 47, 5, 93, 78, 86, 54, 85, 63, 18, 44, 20, 49, 36, 14, 74, 50, 53, 17, 21, 45, 71, 64, 3, 23, 30, 83, 24, 41, 60, 52, 65, 27, 90, 70, 39, 87, 48, 69, 99, 4, 46, 1, 13, 58, 97, 59, 28, 75, 73, 37, 35, 79, 22, 66, 76, 42, 40, 80, 96, 6, 16, 61, 33, 7, 57, 34, 12, 67, 10, 98, 56, 88, 29, 94, 91, 38, 84, 92, 43, 19, 51, 55, 81, 25, 89, 72, 8, 2, 0, 62]|[2, 1, 1, 2, 1, 2, 1, 1, 1, 1, 1, 0, 2, 2, 1, 2, 0, 0, 0, 2, 2, 1, 0, 2, 0, 2, 2, 1, 0, 1, 1, 1, 0, 0, 1, 0, 2, 1, 2, 2, 0, 0, 1, 1, 0, 2, 0, 2, 1, 0, 0, 2, 0, 0, 2, 0, 1, 1, 0, 0, 2, 1, 0, 2, 2, 0, 2, 2, 0, 1, 2, 1, 1, 2, 0, 1, 1, 1, 1, 2, 2, 1, 1, 0, 2, 0, 0, 0, 1, 1, 1, 0, 1, 1, 1, 1, 2, 2, 0, 1]|[1, 3, 2, 0, 4, 1, 4, 4, 2, 4, 3, 2, 1, 0, 2, 1, 1, 1, 2, 1, 1, 3, 0, 1, 0, 1, 1, 4, 1, 4, 3, 2, 2, 0, 4, 1, 1, 4, 0, 1, 2, 1, 4, 4, 1, 1, 0, 2, 3, 2, 2, 1, 2, 1, 1, 2, 4, 3, 0, 2, 2, 3, 1, 0, 1, 2, 0, 1, 2, 4, 1, 3, 4, 1, 2, 4, 3, 3, 3, 1, 1, 4, 3, 2, 1, 2, 2, 2, 3, 4, 3, 2, 4, 4, 4, 4, 1, 1, 2, 3]|[1, 0, 1, 0, 3, 0, 1, 3, 0, 0, 2, 0, 1, 0, 1, 0, 0, 0, 1, 0, 0, 2, 0, 0, 1, 0, 0, 3, 0, 1, 0, 2, 0, 1, 3, 0, 1, 3, 1, 0, 0, 0, 1, 3, 0, 0, 1, 0, 2, 0, 0, 0, 0, 0, 1, 0, 1, 0, 1, 1, 0, 2, 0, 0, 0, 0, 0, 0, 0, 2, 0, 0, 1, 0, 0, 1, 0, 0, 3, 0, 0, 1, 0, 0, 0, 0, 0, 0, 0, 3, 0, 0, 1, 3, 1, 1, 0, 0, 0, 0],852.5133725602822,51557.5538377163,107624.36016933215,false
56,G2_TEC,G2_TEC,[31, 94, 82, 15, 26, 9, 95, 42, 77, 68, 47, 5, 93, 78, 86, 54, 85, 63, 18, 44, 20, 49, 36, 14, 74, 50, 53, 17, 21, 28, 11, 64, 3, 23, 30, 83, 24, 41, 40, 52, 65, 27, 90, 70, 39, 87, 48, 69, 99, 4, 98, 1, 13, 56, 97, 59, 45, 8, 73, 37, 35, 79, 71, 75, 76, 16, 60, 80, 58, 6, 67, 61, 33, 7, 57, 34, 12, 32, 10, 46, 96, 88, 43, 81, 91, 2, 84, 29, 92, 19, 51, 55, 89, 66, 25, 22, 38, 72, 62, 0]|[2, 1, 2, 1, 1, 2, 1, 1, 1, 1, 1, 0, 2, 2, 1, 2, 0, 0, 0, 2, 2, 1, 0, 2, 0, 2, 2, 1, 0, 1, 1, 1, 0, 0, 1, 0, 2, 1, 2, 2, 0, 0, 1, 1, 0, 2, 0, 2, 1, 0, 2, 2, 0, 2, 2, 0, 1, 1, 0, 0, 2, 1, 1, 0, 2, 2, 2, 2, 2, 1, 2, 1, 1, 2, 0, 1, 1, 0, 1, 0, 0, 1, 1, 1, 1, 0, 0, 1, 0, 1, 1, 0, 1, 2, 1, 2, 0, 1, 1, 0]|[0, 3, 0, 3, 4, 1, 4, 4, 4, 4, 3, 2, 1, 0, 2, 1, 1, 1, 2, 1, 1, 3, 0, 1, 0, 1, 1, 4, 1, 4, 3, 2, 2, 0, 4, 1, 1, 4, 1, 1, 2, 1, 4, 4, 1, 1, 0, 1, 3, 2, 1, 1, 2, 1, 1, 2, 4, 3, 0, 2, 1, 3, 3, 2, 1, 1, 1, 1, 1, 4, 1, 3, 4, 1, 2, 4, 3, 2, 3, 2, 2, 4, 4, 4, 3, 2, 2, 3, 2, 4, 3, 2, 4, 1, 4, 1, 2, 4, 3, 2]|[0, 2, 0, 0, 3, 0, 1, 3, 1, 0, 2, 0, 1, 0, 1, 0, 0, 0, 1, 0, 0, 2, 0, 0, 1, 0, 0, 3, 0, 1, 0, 2, 0, 0, 3, 0, 1, 1, 0, 0, 0, 0, 1, 3, 0, 0, 1, 0, 2, 0, 0, 0, 0, 0, 1, 0, 1, 0, 1, 1, 0, 2, 0, 0, 0, 0, 0, 0, 0, 2, 0, 0, 1, 0, 0, 1, 0, 0, 3, 0, 0, 1, 2, 2, 0, 0, 0, 3, 0, 1, 0, 0, 1, 0, 3, 0, 0, 1, 0, 0],910.6016522559228,48427.915453382215,107149.35343126023,false
56,G3_TWC,G3_TWC,[31, 22, 42, 15, 26, 58, 95, 82, 77, 12, 47, 5, 93, 78, 98, 54, 85, 63, 18, 44, 20, 35, 43, 97, 91, 76, 10, 30, 21, 45, 71, 64, 1, 23, 17, 83, 24, 61, 60, 49, 6, 57, 94, 88, 65, 56, 79, 40, 67, 68, 46, 75, 0, 9, 19, 32, 81, 41, 27, 62, 87, 90, 99, 59, 53, 16, 72, 73, 70, 39, 37, 84, 3, 92, 25, 74, 28, 38, 51, 7, 11, 14, 86, 48, 89, 66, 50, 96, 33, 80, 8, 4, 34, 36, 55, 52, 13, 2, 69, 29]|[1, 1, 0, 1, 1, 1, 2, 1, 2, 1, 2, 2, 2, 1, 1, 0, 0, 1, 0, 2, 2, 0, 1, 2, 0, 1, 2, 2, 0, 0, 1, 2, 1, 0, 1, 0, 2, 0, 1, 1, 0, 1, 1, 1, 0, 2, 1, 1, 0, 0, 0, 0, 1, 1, 2, 1, 2, 0, 0, 0, 2, 1, 0, 1, 0, 1, 2, 1, 1, 1, 1, 1, 2, 0, 1, 2, 0, 0, 0, 1, 0, 1, 0, 0, 1, 0, 0, 0, 2, 0, 1, 0, 2, 0, 1, 1, 0, 0, 1, 0]|[4, 3, 2, 2, 0, 0, 2, 2, 2, 4, 1, 1, 2, 4, 4, 1, 1, 4, 2, 1, 1, 1, 1, 2, 1, 2, 1, 1, 1, 1, 3, 2, 3, 0, 4, 0, 1, 1, 0, 3, 2, 2, 4, 0, 1, 1, 3, 2, 0, 1, 2, 2, 1, 4, 0, 3, 2, 1, 1, 2, 1, 3, 1, 1, 2, 3, 0, 4, 3, 1, 4, 1, 1, 2, 4, 1, 2, 1, 1, 3, 2, 3, 1, 1, 1, 1, 1, 1, 1, 1, 3, 2, 1, 1, 4, 1, 2, 2, 3, 2]|[0, 2, 1, 1, 3, 3, 0, 1, 0, 0, 0, 0, 1, 0, 1, 0, 0, 3, 1, 0, 0, 0, 3, 1, 0, 2, 0, 0, 0, 1, 0, 0, 0, 0, 3, 0, 1, 0, 0, 2, 1, 1, 2, 0, 0, 0, 0, 1, 1, 0, 0, 0, 1, 3, 0, 0, 1, 0, 0, 1, 0, 2, 0, 1, 1, 2, 1, 0, 0, 1, 1, 3, 0, 1, 3, 0, 1, 0, 0, 2, 1, 0, 0, 0, 1, 0, 0, 0, 0, 0, 2, 1, 0, 1, 3, 1, 0, 0, 0, 0],845.7931659427186,57778.757532044474,86593.12219517957,false
56,G1_CMAX,G1_CMAX,[31, 22, 90, 26, 58, 95, 42, 12, 93, 5, 78, 86, 98, 18, 20, 35, 3, 97, 91, 76, 10, 85, 54, 45, 63, 71, 66, 1, 23, 17, 24, 60, 36, 6, 57, 15, 65, 56, 47, 79, 94, 67, 50, 46, 14, 75, 38, 9, 30, 19, 32, 81, 27, 92, 83, 87, 40, 99, 59, 11, 53, 16, 72, 77, 73, 70, 39, 37, 84, 43, 62, 25, 55, 28, 29, 51, 68, 82, 74, 61, 88, 21, 80, 89, 7, 69, 96, 41, 48, 4, 8, 34, 49, 52, 0, 44, 13, 2, 64, 33]|[1, 1, 1, 1, 0, 2, 1, 1, 2, 2, 2, 1, 0, 1, 2, 2, 1, 2, 0, 1, 2, 2, 2, 0, 0, 1, 2, 1, 2, 1, 2, 1, 1, 0, 1, 1, 0, 2, 2, 1, 1, 0, 0, 0, 0, 1, 1, 1, 1, 2, 1, 2, 2, 0, 0, 2, 1, 0, 0, 2, 0, 1, 2, 2, 1, 1, 1, 1, 1, 1, 0, 1, 1, 0, 0, 0, 0, 0, 2, 1, 1, 0, 0, 1, 1, 1, 2, 2, 0, 1, 1, 2, 0, 1, 0, 0, 0, 0, 2, 2]|[0, 4, 3, 0, 1, 1, 2, 4, 1, 1, 2, 4, 1, 4, 1, 1, 1, 2, 2, 2, 2, 1, 1, 1, 2, 3, 2, 3, 0, 4, 1, 0, 3, 2, 2, 2, 1, 1, 1, 0, 2, 0, 1, 2, 1, 3, 1, 4, 2, 0, 3, 2, 1, 2, 1, 1, 4, 1, 1, 1, 2, 3, 0, 2, 4, 3, 1, 4, 1, 1, 1, 4, 4, 2, 1, 1, 1, 2, 1, 3, 0, 1, 1, 1, 1, 3, 1, 1, 1, 4, 3, 1, 1, 1, 2, 2, 2, 2, 1, 1]|[3, 0, 2, 3, 0, 0, 1, 0, 0, 0, 1, 0, 0, 3, 0, 0, 1, 1, 1, 2, 1, 0, 0, 0, 0, 0, 0, 0, 0, 3, 1, 0, 2, 1, 1, 1, 0, 0, 0, 0, 1, 1, 0, 0, 0, 0, 1, 3, 2, 0, 0, 1, 0, 1, 0, 0, 2, 0, 0, 0, 1, 2, 1, 1, 0, 0, 1, 1, 3, 3, 0, 3, 3, 1, 0, 0, 0, 1, 0, 0, 0, 0, 0, 1, 2, 2, 0, 0, 0, 0, 2, 0, 1, 1, 0, 0, 0, 0, 0, 0],705.0470749739228,58445.79123614564,95781.2895945797,false
56,G4_BALANCED,G4_BALANCED,[31, 22, 42, 15, 26, 58, 95, 82, 77, 12, 47, 5, 93, 78, 98, 54, 85, 63, 18, 44, 20, 35, 43, 97, 91, 76, 10, 30, 21, 45, 71, 64, 1, 23, 17, 83, 24, 61, 60, 49, 6, 57, 94, 88, 65, 56, 79, 40, 67, 68, 46, 75, 38, 9, 19, 32, 81, 41, 27, 62, 87, 90, 99, 59, 11, 16, 72, 73, 70, 39, 37, 84, 3, 92, 25, 55, 28, 29, 51, 7, 53, 14, 86, 48, 89, 50, 80, 96, 33, 66, 4, 8, 0, 36, 74, 52, 13, 2, 69, 34]|[1, 1, 0, 1, 1, 1, 2, 1, 2, 1, 2, 2, 2, 1, 1, 0, 0, 1, 0, 2, 2, 0, 1, 2, 0, 1, 2, 2, 0, 0, 1, 2, 1, 2, 1, 0, 2, 0, 1, 1, 0, 1, 1, 1, 0, 2, 1, 1, 0, 0, 0, 0, 1, 1, 2, 1, 2, 0, 0, 0, 2, 1, 0, 1, 2, 1, 2, 1, 1, 1, 1, 2, 2, 0, 1, 1, 0, 0, 0, 1, 0, 1, 0, 0, 1, 0, 0, 2, 2, 0, 0, 1, 0, 0, 2, 1, 0, 0, 1, 2]|[4, 3, 2, 2, 0, 0, 2, 2, 2, 4, 1, 1, 2, 4, 4, 1, 1, 4, 2, 1, 1, 1, 1, 2, 1, 2, 1, 1, 1, 1, 3, 2, 3, 0, 4, 0, 1, 1, 0, 3, 2, 2, 4, 0, 1, 1, 3, 2, 0, 1, 2, 2, 1, 4, 0, 3, 2, 1, 1, 2, 1, 3, 1, 1, 1, 3, 0, 4, 3, 1, 4, 1, 1, 2, 4, 4, 2, 1, 1, 3, 2, 3, 1, 1, 1, 1, 1, 1, 1, 1, 2, 3, 2, 1, 1, 1, 2, 2, 3, 1]|[0, 2, 1, 1, 3, 3, 0, 1, 0, 0, 0, 0, 1, 0, 1, 0, 0, 3, 1, 0, 0, 0, 3, 1, 0, 2, 0, 0, 0, 1, 0, 0, 0, 0, 3, 0, 1, 0, 0, 2, 1, 1, 2, 0, 0, 0, 0, 1, 1, 0, 0, 0, 1, 3, 0, 0, 1, 0, 0, 1, 0, 2, 0, 1, 0, 2, 1, 0, 0, 1, 1, 0, 0, 1, 3, 3, 1, 0, 0, 2, 1, 0, 0, 0, 1, 0, 0, 0, 0, 0, 1, 2, 0, 1, 0, 1, 0, 0, 0, 0],774.3124913758709,56982.594735328545,89805.02571753971,false
56,G2_TEC,G2_TEC,[31, 94, 82, 15, 26, 9, 95, 42, 77, 68, 47, 5, 93, 78, 86, 54, 85, 63, 18, 44, 20, 49, 36, 14, 74, 50, 53, 17, 21, 28, 11, 64, 3, 23, 30, 83, 24, 41, 40, 52, 65, 27, 90, 70, 39, 87, 48, 69, 99, 4, 98, 1, 13, 56, 97, 59, 45, 8, 73, 37, 35, 79, 71, 75, 76, 16, 60, 80, 58, 6, 67, 61, 33, 7, 57, 34, 12, 32, 10, 46, 96, 88, 43, 81, 91, 2, 84, 29, 92, 19, 51, 55, 89, 66, 25, 22, 38, 72, 62, 0]|[2, 1, 2, 1, 1, 2, 1, 1, 1, 1, 1, 0, 2, 2, 1, 2, 0, 0, 0, 2, 2, 1, 0, 2, 0, 2, 2, 1, 0, 1, 1, 1, 0, 0, 1, 0, 2, 1, 2, 2, 0, 0, 1, 1, 0, 2, 0, 2, 1, 0, 2, 2, 0, 2, 2, 0, 1, 1, 0, 0, 2, 1, 1, 0, 2, 2, 2, 2, 2, 1, 2, 1, 1, 2, 0, 1, 1, 0, 1, 0, 0, 1, 1, 1, 1, 0, 0, 1, 0, 1, 1, 0, 1, 2, 1, 2, 0, 1, 1, 0]|[0, 3, 0, 3, 4, 1, 4, 4, 4, 4, 3, 2, 1, 0, 2, 1, 1, 1, 2, 1, 1, 3, 0, 1, 0, 1, 1, 4, 1, 4, 3, 2, 2, 0, 4, 1, 1, 4, 1, 1, 2, 1, 4, 4, 1, 1, 0, 1, 3, 2, 1, 1, 2, 1, 1, 2, 4, 3, 0, 2, 1, 3, 3, 2, 1, 1, 1, 1, 1, 4, 1, 3, 4, 1, 2, 4, 3, 2, 3, 2, 2, 4, 4, 4, 3, 2, 2, 3, 2, 4, 3, 2, 4, 1, 4, 1, 2, 4, 3, 2]|[0, 2, 0, 0, 3, 0, 1, 3, 1, 0, 2, 0, 1, 0, 1, 0, 0, 0, 1, 0, 0, 2, 0, 0, 1, 0, 0, 3, 0, 1, 0, 2, 0, 0, 3, 0, 1, 1, 0, 0, 0, 0, 1, 3, 0, 0, 1, 0, 2, 0, 0, 0, 0, 0, 1, 0, 1, 0, 1, 1, 0, 2, 0, 0, 0, 0, 0, 0, 0, 2, 0, 0, 1, 0, 0, 1, 0, 0, 3, 0, 0, 1, 2, 2, 0, 0, 0, 3, 0, 1, 0, 0, 1, 0, 3, 0, 0, 1, 0, 0],910.6016522559228,48427.915453382215,107149.35343126023,false
56,G3_TWC,G3_TWC,[31, 22, 42, 15, 26, 58, 95, 82, 77, 12, 47, 5, 93, 78, 98, 54, 85, 63, 18, 44, 20, 35, 43, 97, 91, 76, 10, 30, 21, 45, 71, 64, 1, 23, 17, 83, 24, 61, 60, 49, 6, 57, 94, 88, 65, 56, 79, 40, 67, 68, 46, 75, 0, 9, 19, 32, 81, 41, 27, 62, 87, 90, 99, 59, 53, 16, 72, 73, 70, 39, 37, 84, 3, 92, 25, 74, 28, 38, 51, 7, 11, 14, 86, 48, 89, 66, 50, 96, 33, 80, 8, 4, 34, 36, 55, 52, 13, 2, 69, 29]|[1, 1, 0, 1, 1, 1, 2, 1, 2, 1, 2, 2, 2, 1, 1, 0, 0, 1, 0, 2, 2, 0, 1, 2, 0, 1, 2, 2, 0, 0, 1, 2, 1, 0, 1, 0, 2, 0, 1, 1, 0, 1, 1, 1, 0, 2, 1, 1, 0, 0, 0, 0, 1, 1, 2, 1, 2, 0, 0, 0, 2, 1, 0, 1, 0, 1, 2, 1, 1, 1, 1, 1, 2, 0, 1, 2, 0, 0, 0, 1, 0, 1, 0, 0, 1, 0, 0, 0, 2, 0, 1, 0, 2, 0, 1, 1, 0, 0, 1, 0]|[4, 3, 2, 2, 0, 0, 2, 2, 2, 4, 1, 1, 2, 4, 4, 1, 1, 4, 2, 1, 1, 1, 1, 2, 1, 2, 1, 1, 1, 1, 3, 2, 3, 0, 4, 0, 1, 1, 0, 3, 2, 2, 4, 0, 1, 1, 3, 2, 0, 1, 2, 2, 1, 4, 0, 3, 2, 1, 1, 2, 1, 3, 1, 1, 2, 3, 0, 4, 3, 1, 4, 1, 1, 2, 4, 1, 2, 1, 1, 3, 2, 3, 1, 1, 1, 1, 1, 1, 1, 1, 3, 2, 1, 1, 4, 1, 2, 2, 3, 2]|[0, 2, 1, 1, 3, 3, 0, 1, 0, 0, 0, 0, 1, 0, 1, 0, 0, 3, 1, 0, 0, 0, 3, 1, 0, 2, 0, 0, 0, 1, 0, 0, 0, 0, 3, 0, 1, 0, 0, 2, 1, 1, 2, 0, 0, 0, 0, 1, 1, 0, 0, 0, 1, 3, 0, 0, 1, 0, 0, 1, 0, 2, 0, 1, 1, 2, 1, 0, 0, 1, 1, 3, 0, 1, 3, 0, 1, 0, 0, 2, 1, 0, 0, 0, 1, 0, 0, 0, 0, 0, 2, 1, 0, 1, 3, 1, 0, 0, 0, 0],845.7931659427186,57778.757532044474,86593.12219517957,false
56,G1_CMAX,G1_CMAX,[31, 22, 90, 26, 58, 95, 42, 12, 93, 5, 78, 86, 98, 18, 20, 35, 3, 97, 91, 76, 10, 85, 54, 45, 63, 71, 66, 1, 23, 17, 24, 60, 36, 6, 57, 15, 65, 56, 47, 79, 94, 67, 50, 46, 14, 75, 38, 9, 30, 19, 32, 81, 27, 92, 83, 87, 40, 99, 59, 11, 53, 16, 72, 77, 73, 70, 39, 37, 84, 43, 62, 25, 55, 28, 29, 51, 68, 82, 74, 61, 88, 21, 80, 89, 7, 69, 96, 41, 48, 4, 8, 34, 49, 52, 0, 44, 13, 2, 64, 33]|[1, 1, 1, 1, 0, 2, 1, 1, 2, 2, 2, 1, 0, 1, 2, 2, 1, 2, 0, 1, 2, 2, 2, 0, 0, 1, 2, 1, 2, 1, 2, 1, 1, 0, 1, 1, 0, 2, 2, 1, 1, 0, 0, 0, 0, 1, 1, 1, 1, 2, 1, 2, 2, 0, 0, 2, 1, 0, 0, 2, 0, 1, 2, 2, 1, 1, 1, 1, 1, 1, 0, 1, 1, 0, 0, 0, 0, 0, 2, 1, 1, 0, 0, 1, 1, 1, 2, 2, 0, 1, 1, 2, 0, 1, 0, 0, 0, 0, 2, 2]|[0, 4, 3, 0, 1, 1, 2, 4, 1, 1, 2, 4, 1, 4, 1, 1, 1, 2, 2, 2, 2, 1, 1, 1, 2, 3, 2, 3, 0, 4, 1, 0, 3, 2, 2, 2, 1, 1, 1, 0, 2, 0, 1, 2, 1, 3, 1, 4, 2, 0, 3, 2, 1, 2, 1, 1, 4, 1, 1, 1, 2, 3, 0, 2, 4, 3, 1, 4, 1, 1, 1, 4, 4, 2, 1, 1, 1, 2, 1, 3, 0, 1, 1, 1, 1, 3, 1, 1, 1, 4, 3, 1, 1, 1, 2, 2, 2, 2, 1, 1]|[3, 0, 2, 3, 0, 0, 1, 0, 0, 0, 1, 0, 0, 3, 0, 0, 1, 1, 1, 2, 1, 0, 0, 0, 0, 0, 0, 0, 0, 3, 1, 0, 2, 1, 1, 1, 0, 0, 0, 0, 1, 1, 0, 0, 0, 0, 1, 3, 2, 0, 0, 1, 0, 1, 0, 0, 2, 0, 0, 0, 1, 2, 1, 1, 0, 0, 1, 1, 3, 3, 0, 3, 3, 1, 0, 0, 0, 1, 0, 0, 0, 0, 0, 1, 2, 2, 0, 0, 0, 0, 2, 0, 1, 1, 0, 0, 0, 0, 0, 0],705.0470749739228,58445.79123614564,95781.2895945797,false
56,G4_BALANCED,G4_BALANCED,[31, 11, 15, 82, 26, 9, 95, 32, 77, 68, 47, 5, 93, 78, 86, 54, 85, 63, 18, 44, 20, 49, 36, 14, 74, 50, 53, 17, 21, 45, 71, 64, 3, 23, 30, 83, 24, 41, 60, 52, 65, 27, 90, 70, 39, 87, 48, 69, 99, 4, 46, 1, 13, 58, 97, 59, 28, 75, 73, 37, 35, 79, 22, 66, 76, 42, 40, 80, 96, 6, 16, 61, 33, 7, 57, 34, 12, 67, 10, 98, 56, 88, 29, 94, 91, 51, 19, 92, 43, 84, 38, 72, 81, 8, 2, 55, 62, 89, 25, 0]|[2, 1, 1, 2, 1, 2, 1, 1, 1, 1, 1, 0, 2, 2, 1, 2, 0, 0, 0, 2, 2, 1, 0, 2, 0, 2, 2, 1, 0, 1, 1, 1, 0, 0, 1, 0, 2, 1, 2, 2, 0, 0, 1, 1, 0, 2, 0, 2, 1, 0, 0, 2, 0, 0, 2, 0, 1, 0, 0, 0, 2, 1, 0, 2, 2, 0, 2, 2, 0, 1, 2, 1, 1, 2, 0, 1, 1, 1, 1, 2, 2, 1, 1, 2, 1, 1, 1, 0, 1, 0, 0, 1, 1, 1, 2, 0, 1, 1, 1, 0]|[1, 3, 2, 0, 4, 1, 4, 4, 2, 4, 3, 2, 1, 0, 2, 1, 1, 1, 2, 1, 1, 3, 0, 1, 0, 1, 1, 4, 1, 4, 3, 2, 2, 0, 4, 1, 1, 4, 0, 1, 2, 1, 4, 4, 1, 1, 0, 2, 3, 1, 2, 1, 2, 1, 1, 2, 4, 2, 0, 2, 2, 3, 1, 0, 1, 2, 0, 1, 2, 4, 1, 3, 4, 1, 2, 4, 3, 3, 3, 1, 1, 4, 3, 1, 3, 3, 4, 2, 4, 2, 2, 4, 1, 3, 1, 2, 3, 4, 4, 2]|[1, 2, 1, 0, 3, 0, 1, 3, 0, 0, 2, 0, 1, 0, 1, 0, 0, 0, 1, 0, 0, 2, 0, 0, 1, 0, 0, 3, 0, 1, 0, 2, 0, 1, 3, 0, 1, 3, 1, 0, 0, 0, 1, 3, 0, 0, 1, 0, 2, 0, 0, 0, 0, 0, 1, 0, 1, 0, 1, 1, 0, 2, 0, 0, 0, 0, 0, 0, 0, 2, 0, 0, 1, 0, 0, 1, 0, 0, 3, 0, 0, 1, 0, 0, 0, 0, 3, 0, 2, 0, 0, 2, 1, 0, 0, 0, 0, 1, 3, 0],836.569815134707,52504.092339752446,107095.57005228325,false
56,G2_TEC,G2_TEC,[31, 94, 82, 15, 26, 9, 95, 42, 77, 68, 47, 5, 93, 78, 86, 54, 85, 63, 18, 44, 20, 49, 36, 14, 74, 50, 53, 17, 21, 28, 11, 64, 3, 23, 30, 83, 24, 41, 40, 52, 65, 27, 90, 70, 39, 87, 48, 69, 99, 4, 98, 1, 13, 56, 97, 59, 45, 8, 73, 37, 35, 79, 71, 75, 76, 16, 60, 80, 58, 6, 67, 61, 33, 7, 57, 34, 12, 32, 10, 46, 96, 88, 43, 81, 91, 2, 84, 29, 92, 19, 51, 55, 89, 66, 25, 22, 38, 72, 62, 0]|[2, 1, 2, 1, 1, 2, 1, 1, 1, 1, 1, 0, 2, 2, 1, 2, 0, 0, 0, 2, 2, 1, 0, 2, 0, 2, 2, 1, 0, 1, 1, 1, 0, 0, 1, 0, 2, 1, 2, 2, 0, 0, 1, 1, 0, 2, 0, 2, 1, 0, 2, 2, 0, 2, 2, 0, 1, 1, 0, 0, 2, 1, 1, 0, 2, 2, 2, 2, 2, 1, 2, 1, 1, 2, 0, 1, 1, 0, 1, 0, 0, 1, 1, 1, 1, 0, 0, 1, 0, 1, 1, 0, 1, 2, 1, 2, 0, 1, 1, 0]|[0, 3, 0, 3, 4, 1, 4, 4, 4, 4, 3, 2, 1, 0, 2, 1, 1, 1, 2, 1, 1, 3, 0, 1, 0, 1, 1, 4, 1, 4, 3, 2, 2, 0, 4, 1, 1, 4, 1, 1, 2, 1, 4, 4, 1, 1, 0, 1, 3, 2, 1, 1, 2, 1, 1, 2, 4, 3, 0, 2, 1, 3, 3, 2, 1, 1, 1, 1, 1, 4, 1, 3, 4, 1, 2, 4, 3, 2, 3, 2, 2, 4, 4, 4, 3, 2, 2, 3, 2, 4, 3, 2, 4, 1, 4, 1, 2, 4, 3, 2]|[0, 2, 0, 0, 3, 0, 1, 3, 1, 0, 2, 0, 1, 0, 1, 0, 0, 0, 1, 0, 0, 2, 0, 0, 1, 0, 0, 3, 0, 1, 0, 2, 0, 0, 3, 0, 1, 1, 0, 0, 0, 0, 1, 3, 0, 0, 1, 0, 2, 0, 0, 0, 0, 0, 1, 0, 1, 0, 1, 1, 0, 2, 0, 0, 0, 0, 0, 0, 0, 2, 0, 0, 1, 0, 0, 1, 0, 0, 3, 0, 0, 1, 2, 2, 0, 0, 0, 3, 0, 1, 0, 0, 1, 0, 3, 0, 0, 1, 0, 0],910.6016522559228,48427.915453382215,107149.35343126023,false
56,G3_TWC,G3_TWC,[31, 22, 42, 15, 26, 58, 95, 82, 77, 12, 47, 5, 93, 78, 98, 54, 85, 63, 18, 44, 20, 35, 43, 97, 91, 76, 10, 30, 21, 45, 71, 64, 1, 23, 17, 83, 24, 61, 60, 49, 6, 57, 94, 88, 65, 56, 79, 40, 67, 68, 46, 75, 0, 9, 19, 32, 81, 41, 27, 62, 87, 90, 99, 59, 53, 16, 72, 73, 70, 39, 37, 84, 3, 92, 25, 74, 28, 38, 51, 7, 11, 14, 86, 48, 89, 66, 50, 96, 33, 80, 8, 4, 34, 36, 55, 52, 13, 2, 69, 29]|[1, 1, 0, 1, 1, 1, 2, 1, 2, 1, 2, 2, 2, 1, 1, 0, 0, 1, 0, 2, 2, 0, 1, 2, 0, 1, 2, 2, 0, 0, 1, 2, 1, 0, 1, 0, 2, 0, 1, 1, 0, 1, 1, 1, 0, 2, 1, 1, 0, 0, 0, 0, 1, 1, 2, 1, 2, 0, 0, 0, 2, 1, 0, 1, 0, 1, 2, 1, 1, 1, 1, 1, 2, 0, 1, 2, 0, 0, 0, 1, 0, 1, 0, 0, 1, 0, 0, 0, 2, 0, 1, 0, 2, 0, 1, 1, 0, 0, 1, 0]|[4, 3, 2, 2, 0, 0, 2, 2, 2, 4, 1, 1, 2, 4, 4, 1, 1, 4, 2, 1, 1, 1, 1, 2, 1, 2, 1, 1, 1, 1, 3, 2, 3, 0, 4, 0, 1, 1, 0, 3, 2, 2, 4, 0, 1, 1, 3, 2, 0, 1, 2, 2, 1, 4, 0, 3, 2, 1, 1, 2, 1, 3, 1, 1, 2, 3, 0, 4, 3, 1, 4, 1, 1, 2, 4, 1, 2, 1, 1, 3, 2, 3, 1, 1, 1, 1, 1, 1, 1, 1, 3, 2, 1, 1, 4, 1, 2, 2, 3, 2]|[0, 2, 1, 1, 3, 3, 0, 1, 0, 0, 0, 0, 1, 0, 1, 0, 0, 3, 1, 0, 0, 0, 3, 1, 0, 2, 0, 0, 0, 1, 0, 0, 0, 0, 3, 0, 1, 0, 0, 2, 1, 1, 2, 0, 0, 0, 0, 1, 1, 0, 0, 0, 1, 3, 0, 0, 1, 0, 0, 1, 0, 2, 0, 1, 1, 2, 1, 0, 0, 1, 1, 3, 0, 1, 3, 0, 1, 0, 0, 2, 1, 0, 0, 0, 1, 0, 0, 0, 0, 0, 2, 1, 0, 1, 3, 1, 0, 0, 0, 0],845.7931659427186,57778.757532044474,86593.12219517957,false
56,G1_CMAX,G1_CMAX,[31, 22, 90, 26, 58, 95, 42, 12, 93, 5, 78, 86, 98, 18, 20, 35, 3, 97, 91, 76, 10, 85, 54, 45, 63, 71, 66, 1, 23, 17, 24, 60, 36, 6, 57, 15, 65, 56, 47, 79, 94, 67, 50, 46, 14, 75, 38, 9, 30, 19, 32, 81, 27, 92, 83, 87, 40, 99, 59, 11, 53, 16, 72, 77, 73, 70, 39, 37, 84, 43, 62, 25, 55, 28, 29, 51, 68, 82, 74, 61, 88, 21, 80, 89, 7, 69, 96, 41, 48, 4, 8, 34, 49, 52, 0, 44, 13, 2, 64, 33]|[1, 1, 1, 1, 0, 2, 1, 1, 2, 2, 2, 1, 0, 1, 2, 2, 1, 2, 0, 1, 2, 2, 2, 0, 0, 1, 2, 1, 2, 1, 2, 1, 1, 0, 1, 1, 0, 2, 2, 1, 1, 0, 0, 0, 0, 1, 1, 1, 1, 2, 1, 2, 2, 0, 0, 2, 1, 0, 0, 2, 0, 1, 2, 2, 1, 1, 1, 1, 1, 1, 0, 1, 1, 0, 0, 0, 0, 0, 2, 1, 1, 0, 0, 1, 1, 1, 2, 2, 0, 1, 1, 2, 0, 1, 0, 0, 0, 0, 2, 2]|[0, 4, 3, 0, 1, 1, 2, 4, 1, 1, 2, 4, 1, 4, 1, 1, 1, 2, 2, 2, 2, 1, 1, 1, 2, 3, 2, 3, 0, 4, 1, 0, 3, 2, 2, 2, 1, 1, 1, 0, 2, 0, 1, 2, 1, 3, 1, 4, 2, 0, 3, 2, 1, 2, 1, 1, 4, 1, 1, 1, 2, 3, 0, 2, 4, 3, 1, 4, 1, 1, 1, 4, 4, 2, 1, 1, 1, 2, 1, 3, 0, 1, 1, 1, 1, 3, 1, 1, 1, 4, 3, 1, 1, 1, 2, 2, 2, 2, 1, 1]|[3, 0, 2, 3, 0, 0, 1, 0, 0, 0, 1, 0, 0, 3, 0, 0, 1, 1, 1, 2, 1, 0, 0, 0, 0, 0, 0, 0, 0, 3, 1, 0, 2, 1, 1, 1, 0, 0, 0, 0, 1, 1, 0, 0, 0, 0, 1, 3, 2, 0, 0, 1, 0, 1, 0, 0, 2, 0, 0, 0, 1, 2, 1, 1, 0, 0, 1, 1, 3, 3, 0, 3, 3, 1, 0, 0, 0, 1, 0, 0, 0, 0, 0, 1, 2, 2, 0, 0, 0, 0, 2, 0, 1, 1, 0, 0, 0, 0, 0, 0],705.0470749739228,58445.79123614564,95781.2895945797,false
56,G4_BALANCED,G4_BALANCED,[31, 11, 82, 15, 26, 9, 95, 42, 77, 68, 47, 5, 93, 78, 86, 54, 85, 63, 18, 44, 20, 35, 43, 97, 91, 76, 10, 30, 21, 45, 71, 64, 1, 23, 17, 83, 24, 14, 60, 36, 6, 57, 40, 88, 65, 56, 79, 94, 67, 12, 46, 75, 38, 99, 19, 32, 41, 81, 27, 87, 90, 58, 59, 22, 16, 72, 73, 70, 39, 37, 84, 3, 92, 62, 25, 96, 28, 29, 51, 7, 33, 61, 98, 66, 89, 50, 48, 80, 53, 55, 4, 8, 34, 2, 52, 49, 13, 0, 69, 74]|[1, 1, 0, 1, 1, 0, 1, 2, 2, 0, 2, 2, 2, 1, 1, 0, 0, 1, 0, 2, 2, 0, 1, 2, 0, 1, 2, 2, 0, 0, 1, 2, 1, 2, 1, 0, 2, 0, 1, 1, 0, 1, 1, 1, 0, 2, 1, 1, 0, 0, 0, 0, 1, 1, 2, 1, 0, 2, 0, 2, 1, 0, 1, 2, 1, 2, 1, 1, 1, 1, 0, 1, 1, 0, 1, 2, 1, 0, 0, 2, 2, 1, 2, 2, 1, 0, 0, 0, 0, 2, 1, 1, 2, 0, 1, 0, 0, 0, 1, 2]|[4, 3, 2, 2, 4, 1, 2, 2, 2, 1, 1, 1, 2, 4, 4, 1, 1, 4, 2, 1, 1, 1, 1, 1, 1, 2, 1, 1, 2, 1, 3, 2, 3, 1, 4, 0, 1, 1, 0, 3, 2, 2, 2, 0, 1, 1, 0, 4, 0, 1, 2, 2, 1, 4, 0, 3, 1, 1, 1, 1, 3, 1, 1, 1, 3, 0, 4, 4, 1, 4, 2, 3, 1, 2, 4, 1, 4, 1, 1, 1, 1, 3, 1, 1, 1, 1, 1, 1, 2, 1, 4, 3, 1, 2, 1, 1, 2, 2, 4, 1]|[0, 2, 1, 1, 3, 0, 1, 0, 0, 0, 0, 0, 1, 0, 1, 0, 0, 3, 1, 0, 0, 0, 3, 1, 0, 2, 0, 0, 0, 1, 0, 0, 0, 0, 3, 0, 1, 0, 0, 2, 1, 1, 1, 0, 0, 0, 0, 2, 1, 0, 0, 0, 1, 3, 0, 0, 0, 0, 0, 0, 2, 0, 1, 0, 2, 1, 0, 0, 1, 1, 0, 0, 1, 1, 3, 0, 1, 0, 0, 0, 0, 0, 0, 0, 1, 0, 0, 0, 1, 0, 0, 2, 0, 0, 1, 1, 0, 0, 2, 0],802.7683906830428,54918.424968562234,100102.9253477918,false
56,G2_TEC,G2_TEC,[31, 94, 82, 15, 26, 9, 95, 42, 77, 68, 47, 5, 93, 78, 86, 54, 85, 63, 18, 44, 20, 49, 36, 14, 74, 50, 53, 17, 21, 28, 11, 64, 3, 23, 30, 83, 24, 41, 40, 52, 65, 27, 90, 70, 39, 87, 48, 69, 99, 4, 98, 1, 13, 56, 97, 59, 45, 8, 73, 37, 35, 79, 71, 75, 76, 16, 60, 80, 58, 6, 67, 61, 33, 7, 57, 34, 12, 32, 10, 46, 96, 88, 43, 81, 91, 2, 84, 29, 92, 19, 51, 55, 89, 66, 25, 22, 38, 72, 62, 0]|[2, 1, 2, 1, 1, 2, 1, 1, 1, 1, 1, 0, 2, 2, 1, 2, 0, 0, 0, 2, 2, 1, 0, 2, 0, 2, 2, 1, 0, 1, 1, 1, 0, 0, 1, 0, 2, 1, 2, 2, 0, 0, 1, 1, 0, 2, 0, 2, 1, 0, 2, 2, 0, 2, 2, 0, 1, 1, 0, 0, 2, 1, 1, 0, 2, 2, 2, 2, 2, 1, 2, 1, 1, 2, 0, 1, 1, 0, 1, 0, 0, 1, 1, 1, 1, 0, 0, 1, 0, 1, 1, 0, 1, 2, 1, 2, 0, 1, 1, 0]|[0, 3, 0, 3, 4, 1, 4, 4, 4, 4, 3, 2, 1, 0, 2, 1, 1, 1, 2, 1, 1, 3, 0, 1, 0, 1, 1, 4, 1, 4, 3, 2, 2, 0, 4, 1, 1, 4, 1, 1, 2, 1, 4, 4, 1, 1, 0, 1, 3, 2, 1, 1, 2, 1, 1, 2, 4, 3, 0, 2, 1, 3, 3, 2, 1, 1, 1, 1, 1, 4, 1, 3, 4, 1, 2, 4, 3, 2, 3, 2, 2, 4, 4, 4, 3, 2, 2, 3, 2, 4, 3, 2, 4, 1, 4, 1, 2, 4, 3, 2]|[0, 2, 0, 0, 3, 0, 1, 3, 1, 0, 2, 0, 1, 0, 1, 0, 0, 0, 1, 0, 0, 2, 0, 0, 1, 0, 0, 3, 0, 1, 0, 2, 0, 0, 3, 0, 1, 1, 0, 0, 0, 0, 1, 3, 0, 0, 1, 0, 2, 0, 0, 0, 0, 0, 1, 0, 1, 0, 1, 1, 0, 2, 0, 0, 0, 0, 0, 0, 0, 2, 0, 0, 1, 0, 0, 1, 0, 0, 3, 0, 0, 1, 2, 2, 0, 0, 0, 3, 0, 1, 0, 0, 1, 0, 3, 0, 0, 1, 0, 0],910.6016522559228,48427.915453382215,107149.35343126023,false
56,G3_TWC,G3_TWC,[31, 22, 42, 15, 26, 58, 95, 82, 77, 12, 47, 5, 93, 78, 98, 54, 85, 63, 18, 44, 20, 35, 43, 97, 91, 76, 10, 30, 21, 45, 71, 64, 1, 23, 17, 83, 24, 61, 60, 49, 6, 57, 94, 88, 65, 56, 79, 40, 67, 68, 46, 75, 0, 9, 19, 32, 81, 41, 27, 62, 87, 90, 99, 59, 53, 16, 72, 73, 70, 39, 37, 84, 3, 92, 25, 74, 28, 38, 51, 7, 11, 14, 86, 48, 89, 66, 50, 96, 33, 80, 8, 4, 34, 36, 55, 52, 13, 2, 69, 29]|[1, 1, 0, 1, 1, 1, 2, 1, 2, 1, 2, 2, 2, 1, 1, 0, 0, 1, 0, 2, 2, 0, 1, 2, 0, 1, 2, 2, 0, 0, 1, 2, 1, 0, 1, 0, 2, 0, 1, 1, 0, 1, 1, 1, 0, 2, 1, 1, 0, 0, 0, 0, 1, 1, 2, 1, 2, 0, 0, 0, 2, 1, 0, 1, 0, 1, 2, 1, 1, 1, 1, 1, 2, 0, 1, 2, 0, 0, 0, 1, 0, 1, 0, 0, 1, 0, 0, 0, 2, 0, 1, 0, 2, 0, 1, 1, 0, 0, 1, 0]|[4, 3, 2, 2, 0, 0, 2, 2, 2, 4, 1, 1, 2, 4, 4, 1, 1, 4, 2, 1, 1, 1, 1, 2, 1, 2, 1, 1, 1, 1, 3, 2, 3, 0, 4, 0, 1, 1, 0, 3, 2, 2, 4, 0, 1, 1, 3, 2, 0, 1, 2, 2, 1, 4, 0, 3, 2, 1, 1, 2, 1, 3, 1, 1, 2, 3, 0, 4, 3, 1, 4, 1, 1, 2, 4, 1, 2, 1, 1, 3, 2, 3, 1, 1, 1, 1, 1, 1, 1, 1, 3, 2, 1, 1, 4, 1, 2, 2, 3, 2]|[0, 2, 1, 1, 3, 3, 0, 1, 0, 0, 0, 0, 1, 0, 1, 0, 0, 3, 1, 0, 0, 0, 3, 1, 0, 2, 0, 0, 0, 1, 0, 0, 0, 0, 3, 0, 1, 0, 0, 2, 1, 1, 2, 0, 0, 0, 0, 1, 1, 0, 0, 0, 1, 3, 0, 0, 1, 0, 0, 1, 0, 2, 0, 1, 1, 2, 1, 0, 0, 1, 1, 3, 0, 1, 3, 0, 1, 0, 0, 2, 1, 0, 0, 0, 1, 0, 0, 0, 0, 0, 2, 1, 0, 1, 3, 1, 0, 0, 0, 0],845.7931659427186,57778.757532044474,86593.12219517957,false
56,G1_CMAX,G1_CMAX,[31, 22, 90, 26, 58, 95, 42, 12, 93, 5, 78, 86, 98, 18, 20, 35, 3, 97, 91, 76, 10, 85, 54, 45, 63, 71, 66, 1, 23, 17, 24, 60, 36, 6, 57, 15, 65, 56, 47, 79, 94, 67, 50, 46, 14, 75, 38, 9, 30, 19, 32, 81, 27, 92, 83, 87, 40, 99, 59, 11, 53, 16, 72, 77, 73, 70, 39, 37, 84, 43, 62, 25, 55, 28, 29, 51, 68, 82, 74, 61, 88, 21, 80, 89, 7, 69, 96, 41, 48, 4, 8, 34, 49, 52, 0, 44, 13, 2, 64, 33]|[1, 1, 1, 1, 0, 2, 1, 1, 2, 2, 2, 1, 0, 1, 2, 2, 1, 2, 0, 1, 2, 2, 2, 0, 0, 1, 2, 1, 2, 1, 2, 1, 1, 0, 1, 1, 0, 2, 2, 1, 1, 0, 0, 0, 0, 1, 1, 1, 1, 2, 1, 2, 2, 0, 0, 2, 1, 0, 0, 2, 0, 1, 2, 2, 1, 1, 1, 1, 1, 1, 0, 1, 1, 0, 0, 0, 0, 0, 2, 1, 1, 0, 0, 1, 1, 1, 2, 2, 0, 1, 1, 2, 0, 1, 0, 0, 0, 0, 2, 2]|[0, 4, 3, 0, 1, 1, 2, 4, 1, 1, 2, 4, 1, 4, 1, 1, 1, 2, 2, 2, 2, 1, 1, 1, 2, 3, 2, 3, 0, 4, 1, 0, 3, 2, 2, 2, 1, 1, 1, 0, 2, 0, 1, 2, 1, 3, 1, 4, 2, 0, 3, 2, 1, 2, 1, 1, 4, 1, 1, 1, 2, 3, 0, 2, 4, 3, 1, 4, 1, 1, 1, 4, 4, 2, 1, 1, 1, 2, 1, 3, 0, 1, 1, 1, 1, 3, 1, 1, 1, 4, 3, 1, 1, 1, 2, 2, 2, 2, 1, 1]|[3, 0, 2, 3, 0, 0, 1, 0, 0, 0, 1, 0, 0, 3, 0, 0, 1, 1, 1, 2, 1, 0, 0, 0, 0, 0, 0, 0, 0, 3, 1, 0, 2, 1, 1, 1, 0, 0, 0, 0, 1, 1, 0, 0, 0, 0, 1, 3, 2, 0, 0, 1, 0, 1, 0, 0, 2, 0, 0, 0, 1, 2, 1, 1, 0, 0, 1, 1, 3, 3, 0, 3, 3, 1, 0, 0, 0, 1, 0, 0, 0, 0, 0, 1, 2, 2, 0, 0, 0, 0, 2, 0, 1, 1, 0, 0, 0, 0, 0, 0],705.0470749739228,58445.79123614564,95781.2895945797,false
56,G4_BALANCED,G3_TWC,[31, 22, 42, 15, 26, 58, 95, 82, 77, 12, 47, 5, 93, 78, 98, 54, 85, 63, 18, 44, 20, 35, 43, 97, 91, 76, 10, 30, 21, 45, 71, 64, 1, 23, 17, 83, 24, 14, 60, 36, 6, 57, 94, 88, 65, 56, 79, 40, 67, 68, 46, 75, 38, 9, 19, 32, 81, 41, 27, 62, 87, 90, 99, 59, 28, 16, 72, 73, 70, 39, 37, 84, 3, 92, 25, 74, 11, 29, 51, 7, 53, 61, 86, 48, 89, 50, 66, 96, 33, 80, 4, 8, 55, 49, 0, 2, 13, 52, 34, 69]|[1, 1, 0, 1, 1, 1, 2, 1, 2, 1, 2, 2, 2, 1, 1, 0, 0, 1, 0, 2, 2, 0, 1, 2, 0, 1, 2, 2, 0, 0, 1, 2, 1, 2, 1, 0, 2, 0, 1, 1, 0, 1, 1, 1, 0, 2, 1, 1, 0, 0, 0, 0, 1, 1, 2, 1, 2, 0, 0, 0, 2, 1, 0, 1, 2, 1, 2, 1, 1, 1, 1, 1, 2, 0, 1, 2, 2, 0, 0, 1, 0, 1, 0, 0, 1, 0, 2, 2, 2, 0, 0, 1, 1, 0, 0, 0, 0, 1, 2, 1]|[4, 3, 2, 2, 0, 0, 2, 2, 2, 4, 1, 1, 2, 4, 4, 1, 1, 4, 2, 1, 1, 1, 1, 2, 1, 2, 1, 1, 1, 1, 3, 2, 3, 1, 4, 0, 1, 1, 0, 3, 2, 2, 4, 0, 1, 1, 0, 2, 0, 1, 2, 2, 1, 4, 0, 3, 2, 1, 1, 2, 1, 3, 1, 1, 1, 3, 0, 4, 3, 1, 4, 1, 1, 2, 4, 1, 1, 1, 1, 3, 2, 3, 1, 1, 1, 1, 1, 1, 1, 1, 2, 3, 4, 1, 2, 2, 2, 1, 1, 3]|[0, 2, 1, 1, 3, 3, 0, 1, 0, 0, 0, 0, 1, 0, 1, 0, 0, 3, 1, 0, 0, 0, 3, 1, 0, 2, 0, 0, 0, 1, 0, 0, 0, 0, 3, 0, 1, 0, 0, 2, 1, 1, 2, 0, 0, 0, 0, 1, 1, 0, 0, 0, 1, 3, 0, 0, 1, 0, 0, 1, 0, 2, 0, 1, 0, 2, 1, 0, 0, 1, 1, 3, 0, 1, 3, 0, 0, 0, 0, 2, 1, 0, 0, 0, 1, 0, 0, 0, 0, 0, 1, 2, 3, 1, 0, 0, 0, 1, 0, 0],754.6836073108706,57104.06500530405,89788.92770163306,true
56,G2_TEC,G2_TEC,[31, 94, 82, 15, 26, 9, 95, 42, 77, 68, 47, 5, 93, 78, 86, 54, 85, 63, 18, 44, 20, 49, 36, 14, 74, 50, 53, 17, 21, 28, 11, 64, 3, 23, 30, 83, 24, 41, 40, 52, 65, 27, 90, 70, 39, 87, 48, 69, 99, 4, 98, 1, 13, 56, 97, 59, 45, 8, 73, 37, 35, 79, 71, 75, 76, 16, 60, 80, 58, 6, 67, 61, 33, 7, 57, 34, 12, 32, 10, 46, 96, 88, 43, 81, 91, 2, 84, 29, 92, 19, 51, 55, 89, 66, 25, 22, 38, 72, 62, 0]|[2, 1, 2, 1, 1, 2, 1, 1, 1, 1, 1, 0, 2, 2, 1, 2, 0, 0, 0, 2, 2, 1, 0, 2, 0, 2, 2, 1, 0, 1, 1, 1, 0, 0, 1, 0, 2, 1, 2, 2, 0, 0, 1, 1, 0, 2, 0, 2, 1, 0, 2, 2, 0, 2, 2, 0, 1, 1, 0, 0, 2, 1, 1, 0, 2, 2, 2, 2, 2, 1, 2, 1, 1, 2, 0, 1, 1, 0, 1, 0, 0, 1, 1, 1, 1, 0, 0, 1, 0, 1, 1, 0, 1, 2, 1, 2, 0, 1, 1, 0]|[0, 3, 0, 3, 4, 1, 4, 4, 4, 4, 3, 2, 1, 0, 2, 1, 1, 1, 2, 1, 1, 3, 0, 1, 0, 1, 1, 4, 1, 4, 3, 2, 2, 0, 4, 1, 1, 4, 1, 1, 2, 1, 4, 4, 1, 1, 0, 1, 3, 2, 1, 1, 2, 1, 1, 2, 4, 3, 0, 2, 1, 3, 3, 2, 1, 1, 1, 1, 1, 4, 1, 3, 4, 1, 2, 4, 3, 2, 3, 2, 2, 4, 4, 4, 3, 2, 2, 3, 2, 4, 3, 2, 4, 1, 4, 1, 2, 4, 3, 2]|[0, 2, 0, 0, 3, 0, 1, 3, 1, 0, 2, 0, 1, 0, 1, 0, 0, 0, 1, 0, 0, 2, 0, 0, 1, 0, 0, 3, 0, 1, 0, 2, 0, 0, 3, 0, 1, 1, 0, 0, 0, 0, 1, 3, 0, 0, 1, 0, 2, 0, 0, 0, 0, 0, 1, 0, 1, 0, 1, 1, 0, 2, 0, 0, 0, 0, 0, 0, 0, 2, 0, 0, 1, 0, 0, 1, 0, 0, 3, 0, 0, 1, 2, 2, 0, 0, 0, 3, 0, 1, 0, 0, 1, 0, 3, 0, 0, 1, 0, 0],910.6016522559228,48427.915453382215,107149.35343126023,false
56,G3_TWC,G3_TWC,[31, 22, 42, 15, 26, 58, 95, 82, 77, 12, 47, 5, 93, 78, 98, 54, 85, 63, 18, 44, 20, 35, 43, 97, 91, 76, 10, 30, 21, 45, 71, 64, 1, 23, 17, 83, 24, 61, 60, 49, 6, 57, 94, 88, 65, 56, 79, 40, 67, 68, 46, 75, 0, 9, 19, 32, 81, 41, 27, 62, 87, 90, 99, 59, 53, 16, 72, 73, 70, 39, 37, 84, 3, 92, 25, 74, 28, 38, 51, 7, 11, 14, 86, 48, 89, 66, 50, 96, 33, 80, 8, 4, 34, 36, 55, 52, 13, 2, 69, 29]|[1, 1, 0, 1, 1, 1, 2, 1, 2, 1, 2, 2, 2, 1, 1, 0, 0, 1, 0, 2, 2, 0, 1, 2, 0, 1, 2, 2, 0, 0, 1, 2, 1, 0, 1, 0, 2, 0, 1, 1, 0, 1, 1, 1, 0, 2, 1, 1, 0, 0, 0, 0, 1, 1, 2, 1, 2, 0, 0, 0, 2, 1, 0, 1, 0, 1, 2, 1, 1, 1, 1, 1, 2, 0, 1, 2, 0, 0, 0, 1, 0, 1, 0, 0, 1, 0, 0, 0, 2, 0, 1, 0, 2, 0, 1, 1, 0, 0, 1, 0]|[4, 3, 2, 2, 0, 0, 2, 2, 2, 4, 1, 1, 2, 4, 4, 1, 1, 4, 2, 1, 1, 1, 1, 2, 1, 2, 1, 1, 1, 1, 3, 2, 3, 0, 4, 0, 1, 1, 0, 3, 2, 2, 4, 0, 1, 1, 3, 2, 0, 1, 2, 2, 1, 4, 0, 3, 2, 1, 1, 2, 1, 3, 1, 1, 2, 3, 0, 4, 3, 1, 4, 1, 1, 2, 4, 1, 2, 1, 1, 3, 2, 3, 1, 1, 1, 1, 1, 1, 1, 1, 3, 2, 1, 1, 4, 1, 2, 2, 3, 2]|[0, 2, 1, 1, 3, 3, 0, 1, 0, 0, 0, 0, 1, 0, 1, 0, 0, 3, 1, 0, 0, 0, 3, 1, 0, 2, 0, 0, 0, 1, 0, 0, 0, 0, 3, 0, 1, 0, 0, 2, 1, 1, 2, 0, 0, 0, 0, 1, 1, 0, 0, 0, 1, 3, 0, 0, 1, 0, 0, 1, 0, 2, 0, 1, 1, 2, 1, 0, 0, 1, 1, 3, 0, 1, 3, 0, 1, 0, 0, 2, 1, 0, 0, 0, 1, 0, 0, 0, 0, 0, 2, 1, 0, 1, 3, 1, 0, 0, 0, 0],845.7931659427186,57778.757532044474,86593.12219517957,false
56,G1_CMAX,G1_CMAX,[31, 22, 90, 26, 58, 95, 42, 12, 93, 5, 78, 86, 98, 18, 20, 35, 3, 97, 91, 76, 10, 85, 54, 45, 63, 71, 66, 1, 23, 17, 24, 60, 36, 6, 57, 15, 65, 56, 47, 79, 94, 67, 50, 46, 14, 75, 38, 9, 30, 19, 32, 81, 27, 92, 83, 87, 40, 99, 59, 11, 53, 16, 72, 77, 73, 70, 39, 37, 84, 43, 62, 25, 55, 28, 29, 51, 68, 82, 74, 61, 88, 21, 80, 89, 7, 69, 96, 41, 48, 4, 8, 34, 49, 52, 0, 44, 13, 2, 64, 33]|[1, 1, 1, 1, 0, 2, 1, 1, 2, 2, 2, 1, 0, 1, 2, 2, 1, 2, 0, 1, 2, 2, 2, 0, 0, 1, 2, 1, 2, 1, 2, 1, 1, 0, 1, 1, 0, 2, 2, 1, 1, 0, 0, 0, 0, 1, 1, 1, 1, 2, 1, 2, 2, 0, 0, 2, 1, 0, 0, 2, 0, 1, 2, 2, 1, 1, 1, 1, 1, 1, 0, 1, 1, 0, 0, 0, 0, 0, 2, 1, 1, 0, 0, 1, 1, 1, 2, 2, 0, 1, 1, 2, 0, 1, 0, 0, 0, 0, 2, 2]|[0, 4, 3, 0, 1, 1, 2, 4, 1, 1, 2, 4, 1, 4, 1, 1, 1, 2, 2, 2, 2, 1, 1, 1, 2, 3, 2, 3, 0, 4, 1, 0, 3, 2, 2, 2, 1, 1, 1, 0, 2, 0, 1, 2, 1, 3, 1, 4, 2, 0, 3, 2, 1, 2, 1, 1, 4, 1, 1, 1, 2, 3, 0, 2, 4, 3, 1, 4, 1, 1, 1, 4, 4, 2, 1, 1, 1, 2, 1, 3, 0, 1, 1, 1, 1, 3, 1, 1, 1, 4, 3, 1, 1, 1, 2, 2, 2, 2, 1, 1]|[3, 0, 2, 3, 0, 0, 1, 0, 0, 0, 1, 0, 0, 3, 0, 0, 1, 1, 1, 2, 1, 0, 0, 0, 0, 0, 0, 0, 0, 3, 1, 0, 2, 1, 1, 1, 0, 0, 0, 0, 1, 1, 0, 0, 0, 0, 1, 3, 2, 0, 0, 1, 0, 1, 0, 0, 2, 0, 0, 0, 1, 2, 1, 1, 0, 0, 1, 1, 3, 3, 0, 3, 3, 1, 0, 0, 0, 1, 0, 0, 0, 0, 0, 1, 2, 2, 0, 0, 0, 0, 2, 0, 1, 1, 0, 0, 0, 0, 0, 0],705.0470749739228,58445.79123614564,95781.2895945797,false
56,G4_BALANCED,G3_TWC,[31, 22, 42, 15, 26, 58, 95, 82, 77, 12, 47, 5, 93, 78, 98, 54, 85, 63, 18, 44, 20, 35, 43, 97, 91, 76, 10, 30, 21, 45, 71, 64, 1, 23, 17, 83, 24, 61, 60, 36, 6, 57, 94, 88, 65, 56, 79, 40, 67, 68, 46, 75, 38, 9, 19, 32, 81, 41, 27, 62, 87, 90, 99, 59, 53, 16, 72, 73, 70, 39, 37, 84, 3, 92, 25, 74, 28, 29, 51, 50, 11, 14, 86, 55, 89, 7, 4, 96, 33, 80, 48, 8, 66, 49, 0, 52, 13, 2, 69, 34]|[1, 1, 0, 1, 1, 1, 2, 1, 2, 1, 2, 2, 2, 1, 1, 0, 0, 1, 0, 2, 2, 0, 1, 2, 0, 1, 2, 2, 0, 0, 1, 2, 1, 2, 1, 0, 2, 0, 1, 1, 0, 1, 1, 1, 0, 2, 1, 1, 0, 0, 0, 0, 1, 1, 2, 1, 2, 2, 0, 0, 2, 1, 0, 1, 0, 1, 2, 1, 1, 1, 1, 1, 2, 0, 1, 2, 0, 0, 0, 1, 2, 1, 0, 1, 1, 1, 1, 2, 2, 0, 0, 1, 0, 0, 0, 1, 0, 0, 1, 2]|[4, 3, 2, 2, 0, 0, 2, 2, 2, 4, 1, 1, 2, 4, 4, 1, 1, 4, 2, 1, 1, 1, 1, 2, 1, 2, 1, 1, 1, 1, 3, 2, 3, 0, 4, 0, 1, 1, 0, 3, 2, 2, 4, 0, 1, 1, 0, 2, 0, 1, 2, 2, 1, 4, 0, 3, 2, 1, 1, 2, 1, 3, 1, 1, 2, 3, 0, 4, 3, 1, 4, 1, 1, 2, 4, 1, 2, 1, 1, 3, 1, 3, 1, 4, 1, 3, 4, 1, 1, 1, 1, 3, 1, 1, 2, 1, 2, 2, 4, 1]|[0, 2, 1, 1, 3, 3, 0, 1, 0, 0, 0, 0, 1, 0, 1, 0, 0, 3, 1, 0, 0, 0, 3, 1, 0, 2, 0, 0, 0, 1, 0, 0, 0, 0, 3, 0, 1, 0, 0, 2, 1, 1, 2, 0, 0, 0, 0, 1, 1, 0, 0, 0, 1, 3, 0, 0, 1, 0, 0, 1, 0, 2, 0, 1, 1, 2, 1, 0, 0, 1, 1, 3, 0, 1, 3, 0, 1, 0, 0, 2, 0, 0, 0, 3, 1, 2, 0, 0, 0, 0, 0, 2, 0, 1, 0, 1, 0, 0, 2, 0],729.4150576429289,57064.29642405906,91111.48657496076,true
56,G2_TEC,G2_TEC,[31, 94, 82, 15, 26, 9, 95, 42, 77, 68, 47, 5, 93, 78, 86, 54, 85, 63, 18, 44, 20, 49, 36, 14, 74, 50, 53, 17, 21, 28, 11, 64, 3, 23, 30, 83, 24, 41, 40, 52, 65, 27, 90, 70, 39, 87, 48, 69, 99, 4, 98, 1, 13, 56, 97, 59, 45, 8, 73, 37, 35, 79, 71, 75, 76, 16, 60, 80, 58, 6, 67, 61, 33, 7, 57, 34, 12, 32, 10, 46, 96, 88, 43, 81, 91, 2, 84, 29, 92, 19, 51, 55, 89, 66, 25, 22, 38, 72, 62, 0]|[2, 1, 2, 1, 1, 2, 1, 1, 1, 1, 1, 0, 2, 2, 1, 2, 0, 0, 0, 2, 2, 1, 0, 2, 0, 2, 2, 1, 0, 1, 1, 1, 0, 0, 1, 0, 2, 1, 2, 2, 0, 0, 1, 1, 0, 2, 0, 2, 1, 0, 2, 2, 0, 2, 2, 0, 1, 1, 0, 0, 2, 1, 1, 0, 2, 2, 2, 2, 2, 1, 2, 1, 1, 2, 0, 1, 1, 0, 1, 0, 0, 1, 1, 1, 1, 0, 0, 1, 0, 1, 1, 0, 1, 2, 1, 2, 0, 1, 1, 0]|[0, 3, 0, 3, 4, 1, 4, 4, 4, 4, 3, 2, 1, 0, 2, 1, 1, 1, 2, 1, 1, 3, 0, 1, 0, 1, 1, 4, 1, 4, 3, 2, 2, 0, 4, 1, 1, 4, 1, 1, 2, 1, 4, 4, 1, 1, 0, 1, 3, 2, 1, 1, 2, 1, 1, 2, 4, 3, 0, 2, 1, 3, 3, 2, 1, 1, 1, 1, 1, 4, 1, 3, 4, 1, 2, 4, 3, 2, 3, 2, 2, 4, 4, 4, 3, 2, 2, 3, 2, 4, 3, 2, 4, 1, 4, 1, 2, 4, 3, 2]|[0, 2, 0, 0, 3, 0, 1, 3, 1, 0, 2, 0, 1, 0, 1, 0, 0, 0, 1, 0, 0, 2, 0, 0, 1, 0, 0, 3, 0, 1, 0, 2, 0, 0, 3, 0, 1, 1, 0, 0, 0, 0, 1, 3, 0, 0, 1, 0, 2, 0, 0, 0, 0, 0, 1, 0, 1, 0, 1, 1, 0, 2, 0, 0, 0, 0, 0, 0, 0, 2, 0, 0, 1, 0, 0, 1, 0, 0, 3, 0, 0, 1, 2, 2, 0, 0, 0, 3, 0, 1, 0, 0, 1, 0, 3, 0, 0, 1, 0, 0],910.6016522559228,48427.915453382215,107149.35343126023,false
56,G3_TWC,G3_TWC,[31, 22, 42, 15, 26, 58, 95, 82, 77, 12, 47, 5, 93, 78, 98, 54, 85, 63, 18, 44, 20, 35, 43, 97, 91, 76, 10, 30, 21, 45, 71, 64, 1, 23, 17, 83, 24, 61, 60, 49, 6, 57, 94, 88, 65, 56, 79, 40, 67, 68, 46, 75, 0, 9, 19, 32, 81, 41, 27, 62, 87, 90, 99, 59, 53, 16, 72, 73, 70, 39, 37, 84, 3, 92, 25, 74, 28, 38, 51, 7, 11, 14, 86, 48, 89, 66, 50, 96, 33, 80, 8, 4, 34, 36, 55, 52, 13, 2, 69, 29]|[1, 1, 0, 1, 1, 1, 2, 1, 2, 1, 2, 2, 2, 1, 1, 0, 0, 1, 0, 2, 2, 0, 1, 2, 0, 1, 2, 2, 0, 0, 1, 2, 1, 0, 1, 0, 2, 0, 1, 1, 0, 1, 1, 1, 0, 2, 1, 1, 0, 0, 0, 0, 1, 1, 2, 1, 2, 0, 0, 0, 2, 1, 0, 1, 0, 1, 2, 1, 1, 1, 1, 1, 2, 0, 1, 2, 0, 0, 0, 1, 0, 1, 0, 0, 1, 0, 0, 0, 2, 0, 1, 0, 2, 0, 1, 1, 0, 0, 1, 0]|[4, 3, 2, 2, 0, 0, 2, 2, 2, 4, 1, 1, 2, 4, 4, 1, 1, 4, 2, 1, 1, 1, 1, 2, 1, 2, 1, 1, 1, 1, 3, 2, 3, 0, 4, 0, 1, 1, 0, 3, 2, 2, 4, 0, 1, 1, 3, 2, 0, 1, 2, 2, 1, 4, 0, 3, 2, 1, 1, 2, 1, 3, 1, 1, 2, 3, 0, 4, 3, 1, 4, 1, 1, 2, 4, 1, 2, 1, 1, 3, 2, 3, 1, 1, 1, 1, 1, 1, 1, 1, 3, 2, 1, 1, 4, 1, 2, 2, 3, 2]|[0, 2, 1, 1, 3, 3, 0, 1, 0, 0, 0, 0, 1, 0, 1, 0, 0, 3, 1, 0, 0, 0, 3, 1, 0, 2, 0, 0, 0, 1, 0, 0, 0, 0, 3, 0, 1, 0, 0, 2, 1, 1, 2, 0, 0, 0, 0, 1, 1, 0, 0, 0, 1, 3, 0, 0, 1, 0, 0, 1, 0, 2, 0, 1, 1, 2, 1, 0, 0, 1, 1, 3, 0, 1, 3, 0, 1, 0, 0, 2, 1, 0, 0, 0, 1, 0, 0, 0, 0, 0, 2, 1, 0, 1, 3, 1, 0, 0, 0, 0],845.7931659427186,57778.757532044474,86593.12219517957,false
56,G1_CMAX,G1_CMAX,[31, 22, 90, 26, 58, 95, 42, 12, 93, 5, 78, 86, 98, 18, 20, 35, 3, 97, 91, 76, 10, 85, 54, 45, 63, 71, 66, 1, 23, 17, 24, 60, 36, 6, 57, 15, 65, 56, 47, 79, 94, 67, 50, 46, 14, 75, 38, 9, 30, 19, 32, 81, 27, 92, 83, 87, 40, 99, 59, 11, 53, 16, 72, 77, 73, 70, 39, 37, 84, 43, 62, 25, 55, 28, 29, 51, 68, 82, 74, 61, 88, 21, 80, 89, 7, 69, 96, 41, 48, 4, 8, 34, 49, 52, 0, 44, 13, 2, 64, 33]|[1, 1, 1, 1, 0, 2, 1, 1, 2, 2, 2, 1, 0, 1, 2, 2, 1, 2, 0, 1, 2, 2, 2, 0, 0, 1, 2, 1, 2, 1, 2, 1, 1, 0, 1, 1, 0, 2, 2, 1, 1, 0, 0, 0, 0, 1, 1, 1, 1, 2, 1, 2, 2, 0, 0, 2, 1, 0, 0, 2, 0, 1, 2, 2, 1, 1, 1, 1, 1, 1, 0, 1, 1, 0, 0, 0, 0, 0, 2, 1, 1, 0, 0, 1, 1, 1, 2, 2, 0, 1, 1, 2, 0, 1, 0, 0, 0, 0, 2, 2]|[0, 4, 3, 0, 1, 1, 2, 4, 1, 1, 2, 4, 1, 4, 1, 1, 1, 2, 2, 2, 2, 1, 1, 1, 2, 3, 2, 3, 0, 4, 1, 0, 3, 2, 2, 2, 1, 1, 1, 0, 2, 0, 1, 2, 1, 3, 1, 4, 2, 0, 3, 2, 1, 2, 1, 1, 4, 1, 1, 1, 2, 3, 0, 2, 4, 3, 1, 4, 1, 1, 1, 4, 4, 2, 1, 1, 1, 2, 1, 3, 0, 1, 1, 1, 1, 3, 1, 1, 1, 4, 3, 1, 1, 1, 2, 2, 2, 2, 1, 1]|[3, 0, 2, 3, 0, 0, 1, 0, 0, 0, 1, 0, 0, 3, 0, 0, 1, 1, 1, 2, 1, 0, 0, 0, 0, 0, 0, 0, 0, 3, 1, 0, 2, 1, 1, 1, 0, 0, 0, 0, 1, 1, 0, 0, 0, 0, 1, 3, 2, 0, 0, 1, 0, 1, 0, 0, 2, 0, 0, 0, 1, 2, 1, 1, 0, 0, 1, 1, 3, 3, 0, 3, 3, 1, 0, 0, 0, 1, 0, 0, 0, 0, 0, 1, 2, 2, 0, 0, 0, 0, 2, 0, 1, 1, 0, 0, 0, 0, 0, 0],705.0470749739228,58445.79123614564,95781.2895945797,false
56,G4_BALANCED,G3_TWC,[31, 22, 42, 15, 26, 58, 95, 82, 77, 12, 47, 5, 93, 78, 98, 54, 85, 63, 18, 44, 20, 35, 43, 97, 91, 76, 10, 30, 21, 45, 71, 64, 1, 23, 17, 83, 24, 14, 60, 36, 6, 57, 94, 88, 65, 56, 79, 40, 67, 68, 46, 75, 38, 9, 19, 32, 81, 41, 27, 62, 87, 90, 99, 59, 53, 16, 72, 73, 70, 39, 37, 84, 3, 92, 25, 55, 28, 29, 51, 7, 33, 61, 86, 48, 89, 50, 66, 96, 8, 80, 4, 11, 34, 49, 52, 0, 13, 2, 69, 74]|[1, 1, 0, 1, 1, 1, 2, 1, 2, 1, 2, 2, 2, 1, 1, 0, 0, 1, 0, 2, 2, 0, 1, 2, 0, 1, 2, 2, 0, 0, 1, 2, 1, 2, 1, 0, 2, 0, 1, 1, 0, 1, 1, 1, 0, 2, 1, 1, 0, 0, 0, 0, 1, 1, 2, 1, 2, 2, 0, 0, 2, 1, 0, 1, 0, 1, 2, 1, 1, 1, 1, 1, 2, 0, 1, 1, 0, 0, 0, 1, 2, 1, 0, 0, 1, 0, 2, 2, 1, 0, 1, 2, 2, 0, 1, 0, 0, 0, 1, 2]|[4, 3, 2, 2, 0, 0, 2, 2, 2, 4, 1, 1, 2, 4, 4, 1, 1, 4, 2, 1, 1, 1, 1, 2, 1, 2, 1, 1, 1, 1, 3, 2, 3, 0, 4, 0, 1, 1, 0, 3, 2, 2, 4, 0, 1, 1, 0, 2, 0, 1, 2, 2, 1, 4, 0, 3, 2, 1, 1, 2, 1, 3, 1, 1, 2, 3, 0, 4, 3, 1, 4, 1, 1, 2, 4, 4, 2, 1, 1, 3, 1, 3, 1, 1, 1, 1, 1, 1, 3, 1, 4, 1, 1, 1, 1, 2, 2, 2, 3, 1]|[0, 2, 1, 1, 3, 3, 0, 1, 0, 0, 0, 0, 1, 0, 1, 0, 0, 3, 1, 0, 0, 0, 3, 1, 0, 2, 0, 0, 0, 1, 0, 0, 0, 0, 3, 0, 1, 0, 0, 2, 1, 1, 2, 0, 0, 0, 0, 1, 1, 0, 0, 0, 1, 3, 0, 0, 1, 0, 0, 1, 0, 2, 0, 1, 1, 2, 1, 0, 0, 1, 1, 3, 0, 1, 3, 3, 1, 0, 0, 2, 0, 0, 0, 0, 1, 0, 0, 0, 2, 0, 0, 0, 0, 1, 1, 0, 0, 0, 0, 0],726.5166666990641,57135.20388380303,91654.14664699574,true
56,G2_TEC,G2_TEC,[31, 94, 82, 15, 26, 9, 95, 42, 77, 68, 47, 5, 93, 78, 86, 54, 85, 63, 18, 44, 20, 49, 36, 14, 74, 50, 53, 17, 21, 28, 11, 64, 3, 23, 30, 83, 24, 41, 40, 52, 65, 27, 90, 70, 39, 87, 48, 69, 99, 4, 98, 1, 13, 56, 97, 59, 45, 8, 73, 37, 35, 79, 71, 75, 76, 16, 60, 80, 58, 6, 67, 61, 33, 7, 57, 34, 12, 32, 10, 46, 96, 88, 43, 81, 91, 2, 84, 29, 92, 19, 51, 55, 89, 66, 25, 22, 38, 72, 62, 0]|[2, 1, 2, 1, 1, 2, 1, 1, 1, 1, 1, 0, 2, 2, 1, 2, 0, 0, 0, 2, 2, 1, 0, 2, 0, 2, 2, 1, 0, 1, 1, 1, 0, 0, 1, 0, 2, 1, 2, 2, 0, 0, 1, 1, 0, 2, 0, 2, 1, 0, 2, 2, 0, 2, 2, 0, 1, 1, 0, 0, 2, 1, 1, 0, 2, 2, 2, 2, 2, 1, 2, 1, 1, 2, 0, 1, 1, 0, 1, 0, 0, 1, 1, 1, 1, 0, 0, 1, 0, 1, 1, 0, 1, 2, 1, 2, 0, 1, 1, 0]|[0, 3, 0, 3, 4, 1, 4, 4, 4, 4, 3, 2, 1, 0, 2, 1, 1, 1, 2, 1, 1, 3, 0, 1, 0, 1, 1, 4, 1, 4, 3, 2, 2, 0, 4, 1, 1, 4, 1, 1, 2, 1, 4, 4, 1, 1, 0, 1, 3, 2, 1, 1, 2, 1, 1, 2, 4, 3, 0, 2, 1, 3, 3, 2, 1, 1, 1, 1, 1, 4, 1, 3, 4, 1, 2, 4, 3, 2, 3, 2, 2, 4, 4, 4, 3, 2, 2, 3, 2, 4, 3, 2, 4, 1, 4, 1, 2, 4, 3, 2]|[0, 2, 0, 0, 3, 0, 1, 3, 1, 0, 2, 0, 1, 0, 1, 0, 0, 0, 1, 0, 0, 2, 0, 0, 1, 0, 0, 3, 0, 1, 0, 2, 0, 0, 3, 0, 1, 1, 0, 0, 0, 0, 1, 3, 0, 0, 1, 0, 2, 0, 0, 0, 0, 0, 1, 0, 1, 0, 1, 1, 0, 2, 0, 0, 0, 0, 0, 0, 0, 2, 0, 0, 1, 0, 0, 1, 0, 0, 3, 0, 0, 1, 2, 2, 0, 0, 0, 3, 0, 1, 0, 0, 1, 0, 3, 0, 0, 1, 0, 0],910.6016522559228,48427.915453382215,107149.35343126023,false
56,G3_TWC,G3_TWC,[31, 22, 42, 15, 26, 58, 95, 82, 77, 12, 47, 5, 93, 78, 98, 54, 85, 63, 18, 44, 20, 35, 43, 97, 91, 76, 10, 30, 21, 45, 71, 64, 1, 23, 17, 83, 24, 61, 60, 49, 6, 57, 94, 88, 65, 56, 79, 40, 67, 68, 46, 75, 0, 9, 19, 32, 81, 41, 27, 62, 87, 90, 99, 59, 53, 16, 72, 73, 70, 39, 37, 84, 3, 92, 25, 74, 28, 38, 51, 7, 11, 14, 86, 48, 89, 66, 50, 96, 33, 80, 8, 4, 34, 36, 55, 52, 13, 2, 69, 29]|[1, 1, 0, 1, 1, 1, 2, 1, 2, 1, 2, 2, 2, 1, 1, 0, 0, 1, 0, 2, 2, 0, 1, 2, 0, 1, 2, 2, 0, 0, 1, 2, 1, 0, 1, 0, 2, 0, 1, 1, 0, 1, 1, 1, 0, 2, 1, 1, 0, 0, 0, 0, 1, 1, 2, 1, 2, 0, 0, 0, 2, 1, 0, 1, 0, 1, 2, 1, 1, 1, 1, 1, 2, 0, 1, 2, 0, 0, 0, 1, 0, 1, 0, 0, 1, 0, 0, 0, 2, 0, 1, 0, 2, 0, 1, 1, 0, 0, 1, 0]|[4, 3, 2, 2, 0, 0, 2, 2, 2, 4, 1, 1, 2, 4, 4, 1, 1, 4, 2, 1, 1, 1, 1, 2, 1, 2, 1, 1, 1, 1, 3, 2, 3, 0, 4, 0, 1, 1, 0, 3, 2, 2, 4, 0, 1, 1, 3, 2, 0, 1, 2, 2, 1, 4, 0, 3, 2, 1, 1, 2, 1, 3, 1, 1, 2, 3, 0, 4, 3, 1, 4, 1, 1, 2, 4, 1, 2, 1, 1, 3, 2, 3, 1, 1, 1, 1, 1, 1, 1, 1, 3, 2, 1, 1, 4, 1, 2, 2, 3, 2]|[0, 2, 1, 1, 3, 3, 0, 1, 0, 0, 0, 0, 1, 0, 1, 0, 0, 3, 1, 0, 0, 0, 3, 1, 0, 2, 0, 0, 0, 1, 0, 0, 0, 0, 3, 0, 1, 0, 0, 2, 1, 1, 2, 0, 0, 0, 0, 1, 1, 0, 0, 0, 1, 3, 0, 0, 1, 0, 0, 1, 0, 2, 0, 1, 1, 2, 1, 0, 0, 1, 1, 3, 0, 1, 3, 0, 1, 0, 0, 2, 1, 0, 0, 0, 1, 0, 0, 0, 0, 0, 2, 1, 0, 1, 3, 1, 0, 0, 0, 0],845.7931659427186,57778.757532044474,86593.12219517957,false
56,G1_CMAX,G1_CMAX,[31, 22, 90, 26, 58, 95, 42, 12, 93, 5, 78, 86, 98, 18, 20, 35, 3, 97, 91, 76, 10, 85, 54, 45, 63, 71, 66, 1, 23, 17, 24, 60, 36, 6, 57, 15, 65, 56, 47, 79, 94, 67, 50, 46, 14, 75, 38, 9, 30, 19, 32, 81, 27, 92, 83, 87, 40, 99, 59, 11, 53, 16, 72, 77, 73, 70, 39, 37, 84, 43, 62, 25, 55, 28, 29, 51, 68, 82, 74, 61, 88, 21, 80, 89, 7, 69, 96, 41, 48, 4, 8, 34, 49, 52, 0, 44, 13, 2, 64, 33]|[1, 1, 1, 1, 0, 2, 1, 1, 2, 2, 2, 1, 0, 1, 2, 2, 1, 2, 0, 1, 2, 2, 2, 0, 0, 1, 2, 1, 2, 1, 2, 1, 1, 0, 1, 1, 0, 2, 2, 1, 1, 0, 0, 0, 0, 1, 1, 1, 1, 2, 1, 2, 2, 0, 0, 2, 1, 0, 0, 2, 0, 1, 2, 2, 1, 1, 1, 1, 1, 1, 0, 1, 1, 0, 0, 0, 0, 0, 2, 1, 1, 0, 0, 1, 1, 1, 2, 2, 0, 1, 1, 2, 0, 1, 0, 0, 0, 0, 2, 2]|[0, 4, 3, 0, 1, 1, 2, 4, 1, 1, 2, 4, 1, 4, 1, 1, 1, 2, 2, 2, 2, 1, 1, 1, 2, 3, 2, 3, 0, 4, 1, 0, 3, 2, 2, 2, 1, 1, 1, 0, 2, 0, 1, 2, 1, 3, 1, 4, 2, 0, 3, 2, 1, 2, 1, 1, 4, 1, 1, 1, 2, 3, 0, 2, 4, 3, 1, 4, 1, 1, 1, 4, 4, 2, 1, 1, 1, 2, 1, 3, 0, 1, 1, 1, 1, 3, 1, 1, 1, 4, 3, 1, 1, 1, 2, 2, 2, 2, 1, 1]|[3, 0, 2, 3, 0, 0, 1, 0, 0, 0, 1, 0, 0, 3, 0, 0, 1, 1, 1, 2, 1, 0, 0, 0, 0, 0, 0, 0, 0, 3, 1, 0, 2, 1, 1, 1, 0, 0, 0, 0, 1, 1, 0, 0, 0, 0, 1, 3, 2, 0, 0, 1, 0, 1, 0, 0, 2, 0, 0, 0, 1, 2, 1, 1, 0, 0, 1, 1, 3, 3, 0, 3, 3, 1, 0, 0, 0, 1, 0, 0, 0, 0, 0, 1, 2, 2, 0, 0, 0, 0, 2, 0, 1, 1, 0, 0, 0, 0, 0, 0],705.0470749739228,58445.79123614564,95781.2895945797,false
56,G4_BALANCED,G4_BALANCED,[31, 22, 82, 15, 26, 9, 95, 42, 77, 68, 47, 5, 93, 78, 86, 54, 85, 63, 18, 44, 20, 49, 36, 14, 74, 50, 53, 17, 21, 28, 11, 64, 3, 23, 30, 83, 24, 41, 40, 52, 65, 27, 90, 70, 39, 87, 48, 69, 99, 4, 75, 1, 13, 58, 97, 59, 45, 8, 73, 37, 35, 79, 71, 66, 76, 32, 60, 80, 56, 6, 67, 61, 33, 7, 57, 34, 12, 16, 10, 98, 96, 88, 43, 81, 91, 2, 84, 29, 92, 19, 51, 55, 89, 94, 72, 25, 38, 46, 62, 0]|[2, 1, 2, 1, 1, 2, 1, 1, 1, 1, 1, 0, 2, 2, 1, 2, 0, 0, 0, 2, 2, 1, 0, 2, 0, 2, 2, 1, 0, 1, 1, 1, 0, 0, 1, 0, 2, 1, 2, 2, 0, 0, 1, 1, 0, 2, 0, 2, 1, 0, 0, 2, 0, 2, 2, 0, 1, 1, 0, 0, 2, 1, 1, 0, 2, 0, 2, 2, 0, 1, 2, 1, 1, 2, 0, 1, 1, 2, 1, 2, 0, 1, 1, 1, 1, 2, 0, 1, 0, 1, 1, 0, 1, 1, 1, 1, 0, 0, 1, 0]|[0, 3, 0, 3, 4, 1, 4, 4, 4, 4, 3, 2, 1, 0, 2, 1, 1, 1, 2, 1, 1, 3, 0, 1, 0, 1, 1, 4, 1, 4, 3, 2, 2, 0, 4, 1, 1, 4, 1, 1, 2, 1, 4, 4, 1, 1, 0, 1, 3, 2, 2, 1, 2, 1, 1, 2, 4, 3, 0, 2, 2, 3, 3, 2, 1, 2, 1, 1, 2, 4, 1, 3, 4, 1, 2, 4, 3, 1, 3, 1, 2, 4, 4, 4, 3, 1, 2, 3, 2, 4, 3, 2, 4, 3, 4, 4, 2, 2, 3, 2]|[0, 2, 0, 0, 3, 0, 1, 3, 1, 0, 2, 0, 1, 0, 1, 0, 0, 0, 1, 0, 0, 2, 0, 0, 1, 0, 0, 3, 0, 1, 0, 2, 0, 0, 3, 0, 1, 1, 0, 0, 0, 0, 1, 3, 0, 0, 1, 0, 2, 0, 0, 0, 0, 0, 1, 0, 1, 0, 1, 1, 0, 2, 0, 0, 0, 0, 0, 0, 0, 2, 0, 0, 1, 0, 0, 1, 0, 0, 3, 0, 0, 1, 2, 2, 0, 0, 0, 3, 0, 1, 0, 0, 1, 2, 1, 3, 0, 0, 0, 0],898.438543230781,48873.39723375873,106020.70546884625,false
56,G2_TEC,G2_TEC,[31, 94, 82, 15, 26, 9, 95, 42, 77, 68, 47, 5, 93, 78, 86, 54, 85, 63, 18, 44, 20, 49, 36, 14, 74, 50, 53, 17, 21, 28, 11, 64, 3, 23, 30, 83, 24, 41, 40, 52, 65, 27, 90, 70, 39, 87, 48, 69, 99, 4, 98, 1, 13, 56, 97, 59, 45, 8, 73, 37, 35, 79, 71, 75, 76, 16, 60, 80, 58, 6, 67, 61, 33, 7, 57, 34, 12, 32, 10, 46, 96, 88, 43, 81, 91, 2, 84, 29, 92, 19, 51, 55, 89, 66, 25, 22, 38, 72, 62, 0]|[2, 1, 2, 1, 1, 2, 1, 1, 1, 1, 1, 0, 2, 2, 1, 2, 0, 0, 0, 2, 2, 1, 0, 2, 0, 2, 2, 1, 0, 1, 1, 1, 0, 0, 1, 0, 2, 1, 2, 2, 0, 0, 1, 1, 0, 2, 0, 2, 1, 0, 2, 2, 0, 2, 2, 0, 1, 1, 0, 0, 2, 1, 1, 0, 2, 2, 2, 2, 2, 1, 2, 1, 1, 2, 0, 1, 1, 0, 1, 0, 0, 1, 1, 1, 1, 0, 0, 1, 0, 1, 1, 0, 1, 2, 1, 2, 0, 1, 1, 0]|[0, 3, 0, 3, 4, 1, 4, 4, 4, 4, 3, 2, 1, 0, 2, 1, 1, 1, 2, 1, 1, 3, 0, 1, 0, 1, 1, 4, 1, 4, 3, 2, 2, 0, 4, 1, 1, 4, 1, 1, 2, 1, 4, 4, 1, 1, 0, 1, 3, 2, 1, 1, 2, 1, 1, 2, 4, 3, 0, 2, 1, 3, 3, 2, 1, 1, 1, 1, 1, 4, 1, 3, 4, 1, 2, 4, 3, 2, 3, 2, 2, 4, 4, 4, 3, 2, 2, 3, 2, 4, 3, 2, 4, 1, 4, 1, 2, 4, 3, 2]|[0, 2, 0, 0, 3, 0, 1, 3, 1, 0, 2, 0, 1, 0, 1, 0, 0, 0, 1, 0, 0, 2, 0, 0, 1, 0, 0, 3, 0, 1, 0, 2, 0, 0, 3, 0, 1, 1, 0, 0, 0, 0, 1, 3, 0, 0, 1, 0, 2, 0, 0, 0, 0, 0, 1, 0, 1, 0, 1, 1, 0, 2, 0, 0, 0, 0, 0, 0, 0, 2, 0, 0, 1, 0, 0, 1, 0, 0, 3, 0, 0, 1, 2, 2, 0, 0, 0, 3, 0, 1, 0, 0, 1, 0, 3, 0, 0, 1, 0, 0],910.6016522559228,48427.915453382215,107149.35343126023,false
56,G3_TWC,G3_TWC,[31, 22, 42, 15, 26, 58, 95, 82, 77, 12, 47, 5, 93, 78, 98, 54, 85, 63, 18, 44, 20, 35, 43, 97, 91, 76, 10, 30, 21, 45, 71, 64, 1, 23, 17, 83, 24, 61, 60, 49, 6, 57, 94, 88, 65, 56, 79, 40, 67, 68, 46, 75, 0, 9, 19, 32, 81, 41, 27, 62, 87, 90, 99, 59, 53, 16, 72, 73, 70, 39, 37, 84, 3, 92, 25, 74, 28, 38, 51, 7, 11, 14, 86, 48, 89, 66, 50, 96, 33, 80, 8, 4, 34, 36, 55, 52, 13, 2, 69, 29]|[1, 1, 0, 1, 1, 1, 2, 1, 2, 1, 2, 2, 2, 1, 1, 0, 0, 1, 0, 2, 2, 0, 1, 2, 0, 1, 2, 2, 0, 0, 1, 2, 1, 0, 1, 0, 2, 0, 1, 1, 0, 1, 1, 1, 0, 2, 1, 1, 0, 0, 0, 0, 1, 1, 2, 1, 2, 0, 0, 0, 2, 1, 0, 1, 0, 1, 2, 1, 1, 1, 1, 1, 2, 0, 1, 2, 0, 0, 0, 1, 0, 1, 0, 0, 1, 0, 0, 0, 2, 0, 1, 0, 2, 0, 1, 1, 0, 0, 1, 0]|[4, 3, 2, 2, 0, 0, 2, 2, 2, 4, 1, 1, 2, 4, 4, 1, 1, 4, 2, 1, 1, 1, 1, 2, 1, 2, 1, 1, 1, 1, 3, 2, 3, 0, 4, 0, 1, 1, 0, 3, 2, 2, 4, 0, 1, 1, 3, 2, 0, 1, 2, 2, 1, 4, 0, 3, 2, 1, 1, 2, 1, 3, 1, 1, 2, 3, 0, 4, 3, 1, 4, 1, 1, 2, 4, 1, 2, 1, 1, 3, 2, 3, 1, 1, 1, 1, 1, 1, 1, 1, 3, 2, 1, 1, 4, 1, 2, 2, 3, 2]|[0, 2, 1, 1, 3, 3, 0, 1, 0, 0, 0, 0, 1, 0, 1, 0, 0, 3, 1, 0, 0, 0, 3, 1, 0, 2, 0, 0, 0, 1, 0, 0, 0, 0, 3, 0, 1, 0, 0, 2, 1, 1, 2, 0, 0, 0, 0, 1, 1, 0, 0, 0, 1, 3, 0, 0, 1, 0, 0, 1, 0, 2, 0, 1, 1, 2, 1, 0, 0, 1, 1, 3, 0, 1, 3, 0, 1, 0, 0, 2, 1, 0, 0, 0, 1, 0, 0, 0, 0, 0, 2, 1, 0, 1, 3, 1, 0, 0, 0, 0],845.7931659427186,57778.757532044474,86593.12219517957,false
56,G1_CMAX,G1_CMAX,[31, 22, 90, 26, 58, 95, 42, 12, 93, 5, 78, 86, 98, 18, 20, 35, 3, 97, 91, 76, 10, 85, 54, 45, 63, 71, 66, 1, 23, 17, 24, 60, 36, 6, 57, 15, 65, 56, 47, 79, 94, 67, 50, 46, 14, 75, 38, 9, 30, 19, 32, 81, 27, 92, 83, 87, 40, 99, 59, 11, 53, 16, 72, 77, 73, 70, 39, 37, 84, 43, 62, 25, 55, 28, 29, 51, 68, 82, 74, 61, 88, 21, 80, 89, 7, 69, 96, 41, 48, 4, 8, 34, 49, 52, 0, 44, 13, 2, 64, 33]|[1, 1, 1, 1, 0, 2, 1, 1, 2, 2, 2, 1, 0, 1, 2, 2, 1, 2, 0, 1, 2, 2, 2, 0, 0, 1, 2, 1, 2, 1, 2, 1, 1, 0, 1, 1, 0, 2, 2, 1, 1, 0, 0, 0, 0, 1, 1, 1, 1, 2, 1, 2, 2, 0, 0, 2, 1, 0, 0, 2, 0, 1, 2, 2, 1, 1, 1, 1, 1, 1, 0, 1, 1, 0, 0, 0, 0, 0, 2, 1, 1, 0, 0, 1, 1, 1, 2, 2, 0, 1, 1, 2, 0, 1, 0, 0, 0, 0, 2, 2]|[0, 4, 3, 0, 1, 1, 2, 4, 1, 1, 2, 4, 1, 4, 1, 1, 1, 2, 2, 2, 2, 1, 1, 1, 2, 3, 2, 3, 0, 4, 1, 0, 3, 2, 2, 2, 1, 1, 1, 0, 2, 0, 1, 2, 1, 3, 1, 4, 2, 0, 3, 2, 1, 2, 1, 1, 4, 1, 1, 1, 2, 3, 0, 2, 4, 3, 1, 4, 1, 1, 1, 4, 4, 2, 1, 1, 1, 2, 1, 3, 0, 1, 1, 1, 1, 3, 1, 1, 1, 4, 3, 1, 1, 1, 2, 2, 2, 2, 1, 1]|[3, 0, 2, 3, 0, 0, 1, 0, 0, 0, 1, 0, 0, 3, 0, 0, 1, 1, 1, 2, 1, 0, 0, 0, 0, 0, 0, 0, 0, 3, 1, 0, 2, 1, 1, 1, 0, 0, 0, 0, 1, 1, 0, 0, 0, 0, 1, 3, 2, 0, 0, 1, 0, 1, 0, 0, 2, 0, 0, 0, 1, 2, 1, 1, 0, 0, 1, 1, 3, 3, 0, 3, 3, 1, 0, 0, 0, 1, 0, 0, 0, 0, 0, 1, 2, 2, 0, 0, 0, 0, 2, 0, 1, 1, 0, 0, 0, 0, 0, 0],705.0470749739228,58445.79123614564,95781.2895945797,false
56,G4_BALANCED,G1_CMAX,[31, 22, 42, 15, 26, 24, 95, 82, 77, 12, 47, 5, 93, 78, 98, 54, 63, 18, 44, 20, 43, 97, 91, 76, 10, 30, 21, 45, 71, 64, 1, 23, 17, 83, 58, 61, 60, 36, 6, 57, 94, 88, 65, 56, 79, 40, 67, 68, 46, 75, 38, 9, 19, 32, 81, 41, 27, 35, 62, 85, 87, 90, 99, 59, 11, 16, 72, 73, 70, 39, 37, 84, 3, 92, 25, 74, 28, 29, 51, 7, 53, 14, 86, 66, 89, 50, 48, 96, 33, 80, 4, 8, 55, 49, 0, 52, 13, 2, 69, 34]|[1, 1, 2, 1, 1, 1, 2, 1, 2, 1, 2, 2, 2, 1, 1, 0, 1, 0, 2, 2, 1, 2, 0, 1, 2, 2, 0, 0, 1, 2, 1, 2, 1, 0, 2, 0, 1, 1, 0, 1, 1, 1, 0, 2, 1, 1, 0, 0, 0, 0, 1, 1, 2, 1, 2, 0, 0, 0, 0, 0, 2, 1, 0, 1, 2, 1, 2, 1, 1, 1, 1, 1, 2, 0, 1, 2, 0, 0, 0, 1, 0, 1, 1, 0, 1, 0, 0, 2, 2, 0, 1, 1, 2, 0, 0, 1, 0, 0, 1, 2]|[4, 3, 1, 2, 0, 0, 2, 2, 2, 4, 1, 1, 2, 4, 4, 1, 4, 2, 1, 1, 1, 2, 1, 2, 1, 1, 1, 1, 3, 2, 3, 0, 4, 0, 1, 1, 0, 3, 2, 2, 4, 0, 1, 1, 0, 2, 0, 1, 2, 2, 1, 4, 0, 3, 2, 1, 1, 1, 2, 1, 1, 3, 1, 1, 1, 3, 0, 4, 3, 1, 4, 1, 1, 2, 4, 1, 2, 1, 1, 3, 2, 3, 4, 1, 1, 1, 1, 1, 1, 1, 4, 3, 1, 1, 2, 1, 2, 2, 4, 1]|[0, 2, 1, 1, 3, 3, 0, 1, 0, 0, 0, 0, 1, 0, 1, 0, 3, 1, 0, 0, 3, 1, 0, 2, 0, 0, 0, 1, 0, 0, 0, 0, 3, 0, 1, 0, 0, 2, 1, 1, 2, 0, 0, 0, 0, 1, 1, 0, 0, 0, 1, 3, 0, 0, 1, 0, 0, 0, 1, 0, 0, 2, 0, 1, 0, 2, 1, 0, 0, 1, 1, 3, 0, 1, 3, 0, 1, 0, 0, 2, 1, 0, 1, 0, 1, 0, 0, 0, 0, 0, 0, 2, 0, 1, 0, 1, 0, 0, 2, 0],725.378901546286,57621.85216148156,92116.76426698791,true
56,G2_TEC,G2_TEC,[31, 94, 82, 15, 26, 9, 95, 42, 77, 68, 47, 5, 93, 78, 86, 54, 85, 63, 18, 44, 20, 49, 36, 14, 74, 50, 53, 17, 21, 28, 11, 64, 3, 23, 30, 83, 24, 41, 40, 52, 65, 27, 90, 70, 39, 87, 48, 69, 99, 4, 98, 1, 13, 56, 97, 59, 45, 8, 73, 37, 35, 79, 71, 75, 76, 16, 60, 80, 58, 6, 67, 61, 33, 7, 57, 34, 12, 32, 10, 46, 96, 88, 43, 81, 91, 2, 84, 29, 92, 19, 51, 55, 89, 66, 25, 22, 38, 72, 62, 0]|[2, 1, 2, 1, 1, 2, 1, 1, 1, 1, 1, 0, 2, 2, 1, 2, 0, 0, 0, 2, 2, 1, 0, 2, 0, 2, 2, 1, 0, 1, 1, 1, 0, 0, 1, 0, 2, 1, 2, 2, 0, 0, 1, 1, 0, 2, 0, 2, 1, 0, 2, 2, 0, 2, 2, 0, 1, 1, 0, 0, 2, 1, 1, 0, 2, 2, 2, 2, 2, 1, 2, 1, 1, 2, 0, 1, 1, 0, 1, 0, 0, 1, 1, 1, 1, 0, 0, 1, 0, 1, 1, 0, 1, 2, 1, 2, 0, 1, 1, 0]|[0, 3, 0, 3, 4, 1, 4, 4, 4, 4, 3, 2, 1, 0, 2, 1, 1, 1, 2, 1, 1, 3, 0, 1, 0, 1, 1, 4, 1, 4, 3, 2, 2, 0, 4, 1, 1, 4, 1, 1, 2, 1, 4, 4, 1, 1, 0, 1, 3, 2, 1, 1, 2, 1, 1, 2, 4, 3, 0, 2, 1, 3, 3, 2, 1, 1, 1, 1, 1, 4, 1, 3, 4, 1, 2, 4, 3, 2, 3, 2, 2, 4, 4, 4, 3, 2, 2, 3, 2, 4, 3, 2, 4, 1, 4, 1, 2, 4, 3, 2]|[0, 2, 0, 0, 3, 0, 1, 3, 1, 0, 2, 0, 1, 0, 1, 0, 0, 0, 1, 0, 0, 2, 0, 0, 1, 0, 0, 3, 0, 1, 0, 2, 0, 0, 3, 0, 1, 1, 0, 0, 0, 0, 1, 3, 0, 0, 1, 0, 2, 0, 0, 0, 0, 0, 1, 0, 1, 0, 1, 1, 0, 2, 0, 0, 0, 0, 0, 0, 0, 2, 0, 0, 1, 0, 0, 1, 0, 0, 3, 0, 0, 1, 2, 2, 0, 0, 0, 3, 0, 1, 0, 0, 1, 0, 3, 0, 0, 1, 0, 0],910.6016522559228,48427.915453382215,107149.35343126023,false
56,G3_TWC,G3_TWC,[31, 22, 42, 15, 26, 58, 95, 82, 77, 12, 47, 5, 93, 78, 98, 54, 85, 63, 18, 44, 20, 35, 43, 97, 91, 76, 10, 30, 21, 45, 71, 64, 1, 23, 17, 83, 24, 61, 60, 49, 6, 57, 94, 88, 65, 56, 79, 40, 67, 68, 46, 75, 0, 9, 19, 32, 81, 41, 27, 62, 87, 90, 99, 59, 53, 16, 72, 73, 70, 39, 37, 84, 3, 92, 25, 74, 28, 38, 51, 7, 11, 14, 86, 48, 89, 66, 50, 96, 33, 80, 8, 4, 34, 36, 55, 52, 13, 2, 69, 29]|[1, 1, 0, 1, 1, 1, 2, 1, 2, 1, 2, 2, 2, 1, 1, 0, 0, 1, 0, 2, 2, 0, 1, 2, 0, 1, 2, 2, 0, 0, 1, 2, 1, 0, 1, 0, 2, 0, 1, 1, 0, 1, 1, 1, 0, 2, 1, 1, 0, 0, 0, 0, 1, 1, 2, 1, 2, 0, 0, 0, 2, 1, 0, 1, 0, 1, 2, 1, 1, 1, 1, 1, 2, 0, 1, 2, 0, 0, 0, 1, 0, 1, 0, 0, 1, 0, 0, 0, 2, 0, 1, 0, 2, 0, 1, 1, 0, 0, 1, 0]|[4, 3, 2, 2, 0, 0, 2, 2, 2, 4, 1, 1, 2, 4, 4, 1, 1, 4, 2, 1, 1, 1, 1, 2, 1, 2, 1, 1, 1, 1, 3, 2, 3, 0, 4, 0, 1, 1, 0, 3, 2, 2, 4, 0, 1, 1, 3, 2, 0, 1, 2, 2, 1, 4, 0, 3, 2, 1, 1, 2, 1, 3, 1, 1, 2, 3, 0, 4, 3, 1, 4, 1, 1, 2, 4, 1, 2, 1, 1, 3, 2, 3, 1, 1, 1, 1, 1, 1, 1, 1, 3, 2, 1, 1, 4, 1, 2, 2, 3, 2]|[0, 2, 1, 1, 3, 3, 0, 1, 0, 0, 0, 0, 1, 0, 1, 0, 0, 3, 1, 0, 0, 0, 3, 1, 0, 2, 0, 0, 0, 1, 0, 0, 0, 0, 3, 0, 1, 0, 0, 2, 1, 1, 2, 0, 0, 0, 0, 1, 1, 0, 0, 0, 1, 3, 0, 0, 1, 0, 0, 1, 0, 2, 0, 1, 1, 2, 1, 0, 0, 1, 1, 3, 0, 1, 3, 0, 1, 0, 0, 2, 1, 0, 0, 0, 1, 0, 0, 0, 0, 0, 2, 1, 0, 1, 3, 1, 0, 0, 0, 0],845.7931659427186,57778.757532044474,86593.12219517957,false
56,G1_CMAX,G1_CMAX,[31, 22, 90, 26, 58, 95, 42, 12, 93, 5, 78, 86, 98, 18, 20, 35, 3, 97, 91, 76, 10, 85, 54, 45, 63, 71, 66, 1, 23, 17, 24, 60, 36, 6, 57, 15, 65, 56, 47, 79, 94, 67, 50, 46, 14, 75, 38, 9, 30, 19, 32, 81, 27, 92, 83, 87, 40, 99, 59, 11, 53, 16, 72, 77, 73, 70, 39, 37, 84, 43, 62, 25, 55, 28, 29, 51, 68, 82, 74, 61, 88, 21, 80, 89, 7, 69, 96, 41, 48, 4, 8, 34, 49, 52, 0, 44, 13, 2, 64, 33]|[1, 1, 1, 1, 0, 2, 1, 1, 2, 2, 2, 1, 0, 1, 2, 2, 1, 2, 0, 1, 2, 2, 2, 0, 0, 1, 2, 1, 2, 1, 2, 1, 1, 0, 1, 1, 0, 2, 2, 1, 1, 0, 0, 0, 0, 1, 1, 1, 1, 2, 1, 2, 2, 0, 0, 2, 1, 0, 0, 2, 0, 1, 2, 2, 1, 1, 1, 1, 1, 1, 0, 1, 1, 0, 0, 0, 0, 0, 2, 1, 1, 0, 0, 1, 1, 1, 2, 2, 0, 1, 1, 2, 0, 1, 0, 0, 0, 0, 2, 2]|[0, 4, 3, 0, 1, 1, 2, 4, 1, 1, 2, 4, 1, 4, 1, 1, 1, 2, 2, 2, 2, 1, 1, 1, 2, 3, 2, 3, 0, 4, 1, 0, 3, 2, 2, 2, 1, 1, 1, 0, 2, 0, 1, 2, 1, 3, 1, 4, 2, 0, 3, 2, 1, 2, 1, 1, 4, 1, 1, 1, 2, 3, 0, 2, 4, 3, 1, 4, 1, 1, 1, 4, 4, 2, 1, 1, 1, 2, 1, 3, 0, 1, 1, 1, 1, 3, 1, 1, 1, 4, 3, 1, 1, 1, 2, 2, 2, 2, 1, 1]|[3, 0, 2, 3, 0, 0, 1, 0, 0, 0, 1, 0, 0, 3, 0, 0, 1, 1, 1, 2, 1, 0, 0, 0, 0, 0, 0, 0, 0, 3, 1, 0, 2, 1, 1, 1, 0, 0, 0, 0, 1, 1, 0, 0, 0, 0, 1, 3, 2, 0, 0, 1, 0, 1, 0, 0, 2, 0, 0, 0, 1, 2, 1, 1, 0, 0, 1, 1, 3, 3, 0, 3, 3, 1, 0, 0, 0, 1, 0, 0, 0, 0, 0, 1, 2, 2, 0, 0, 0, 0, 2, 0, 1, 1, 0, 0, 0, 0, 0, 0],705.0470749739228,58445.79123614564,95781.2895945797,false
56,G4_BALANCED,G4_BALANCED,[31, 22, 42, 15, 26, 58, 95, 82, 77, 12, 47, 5, 93, 78, 98, 54, 85, 63, 18, 44, 20, 35, 43, 97, 91, 76, 10, 30, 21, 45, 75, 64, 1, 23, 17, 83, 24, 61, 60, 36, 6, 57, 94, 88, 65, 56, 79, 40, 67, 68, 46, 71, 38, 9, 19, 32, 81, 41, 27, 62, 87, 90, 99, 59, 11, 16, 72, 73, 70, 39, 37, 84, 3, 92, 25, 74, 28, 29, 51, 7, 53, 96, 86, 48, 89, 50, 66, 14, 33, 80, 4, 2, 55, 49, 0, 52, 13, 8, 69, 34]|[1, 1, 0, 1, 1, 1, 2, 1, 2, 1, 2, 2, 2, 1, 1, 0, 0, 1, 0, 2, 2, 0, 1, 2, 0, 1, 2, 2, 0, 0, 0, 2, 1, 2, 1, 0, 2, 0, 1, 1, 0, 1, 1, 1, 0, 2, 1, 1, 0, 0, 0, 1, 1, 1, 2, 1, 2, 0, 0, 0, 2, 1, 0, 1, 2, 1, 2, 1, 1, 1, 1, 1, 2, 0, 1, 2, 0, 0, 0, 1, 0, 0, 0, 0, 1, 0, 0, 1, 2, 0, 0, 0, 1, 0, 0, 1, 0, 1, 1, 2]|[4, 3, 2, 2, 0, 0, 2, 2, 2, 4, 1, 1, 2, 4, 4, 1, 1, 4, 2, 1, 1, 1, 1, 2, 1, 2, 1, 1, 1, 1, 2, 2, 3, 0, 4, 0, 1, 1, 0, 3, 2, 2, 4, 0, 1, 1, 0, 2, 0, 1, 2, 3, 1, 4, 0, 3, 2, 1, 1, 2, 1, 3, 1, 1, 1, 3, 0, 4, 3, 1, 4, 1, 1, 2, 4, 1, 2, 1, 1, 3, 2, 1, 1, 1, 1, 1, 1, 3, 1, 1, 2, 2, 4, 1, 2, 1, 2, 3, 3, 1]|[0, 2, 1, 1, 3, 3, 0, 1, 0, 0, 0, 0, 1, 0, 1, 0, 0, 3, 1, 0, 0, 0, 3, 1, 0, 2, 0, 0, 0, 1, 0, 0, 0, 0, 3, 0, 1, 0, 0, 2, 1, 1, 2, 0, 0, 0, 0, 1, 1, 0, 0, 0, 1, 3, 0, 0, 1, 0, 0, 1, 0, 2, 0, 1, 0, 2, 1, 0, 0, 1, 1, 3, 0, 1, 3, 0, 1, 0, 0, 2, 1, 0, 0, 0, 1, 0, 0, 0, 0, 0, 1, 0, 3, 1, 0, 1, 0, 2, 0, 0],789.5861105860267,58195.545155928936,87251.1841113795,false
56,G2_TEC,G2_TEC,[31, 94, 82, 15, 26, 9, 95, 42, 77, 68, 47, 5, 93, 78, 86, 54, 85, 63, 18, 44, 20, 49, 36, 14, 74, 50, 53, 17, 21, 28, 11, 64, 3, 23, 30, 83, 24, 41, 40, 52, 65, 27, 90, 70, 39, 87, 48, 69, 99, 4, 98, 1, 13, 56, 97, 59, 45, 8, 73, 37, 35, 79, 71, 75, 76, 16, 60, 80, 58, 6, 67, 61, 33, 7, 57, 34, 12, 32, 10, 46, 96, 88, 43, 81, 91, 2, 84, 29, 92, 19, 51, 55, 89, 66, 25, 22, 38, 72, 62, 0]|[2, 1, 2, 1, 1, 2, 1, 1, 1, 1, 1, 0, 2, 2, 1, 2, 0, 0, 0, 2, 2, 1, 0, 2, 0, 2, 2, 1, 0, 1, 1, 1, 0, 0, 1, 0, 2, 1, 2, 2, 0, 0, 1, 1, 0, 2, 0, 2, 1, 0, 2, 2, 0, 2, 2, 0, 1, 1, 0, 0, 2, 1, 1, 0, 2, 2, 2, 2, 2, 1, 2, 1, 1, 2, 0, 1, 1, 0, 1, 0, 0, 1, 1, 1, 1, 0, 0, 1, 0, 1, 1, 0, 1, 2, 1, 2, 0, 1, 1, 0]|[0, 3, 0, 3, 4, 1, 4, 4, 4, 4, 3, 2, 1, 0, 2, 1, 1, 1, 2, 1, 1, 3, 0, 1, 0, 1, 1, 4, 1, 4, 3, 2, 2, 0, 4, 1, 1, 4, 1, 1, 2, 1, 4, 4, 1, 1, 0, 1, 3, 2, 1, 1, 2, 1, 1, 2, 4, 3, 0, 2, 1, 3, 3, 2, 1, 1, 1, 1, 1, 4, 1, 3, 4, 1, 2, 4, 3, 2, 3, 2, 2, 4, 4, 4, 3, 2, 2, 3, 2, 4, 3, 2, 4, 1, 4, 1, 2, 4, 3, 2]|[0, 2, 0, 0, 3, 0, 1, 3, 1, 0, 2, 0, 1, 0, 1, 0, 0, 0, 1, 0, 0, 2, 0, 0, 1, 0, 0, 3, 0, 1, 0, 2, 0, 0, 3, 0, 1, 1, 0, 0, 0, 0, 1, 3, 0, 0, 1, 0, 2, 0, 0, 0, 0, 0, 1, 0, 1, 0, 1, 1, 0, 2, 0, 0, 0, 0, 0, 0, 0, 2, 0, 0, 1, 0, 0, 1, 0, 0, 3, 0, 0, 1, 2, 2, 0, 0, 0, 3, 0, 1, 0, 0, 1, 0, 3, 0, 0, 1, 0, 0],910.6016522559228,48427.915453382215,107149.35343126023,false
56,G3_TWC,G3_TWC,[31, 22, 42, 15, 26, 58, 95, 82, 77, 12, 47, 5, 93, 78, 98, 54, 85, 63, 18, 44, 20, 35, 43, 97, 91, 76, 10, 30, 21, 45, 71, 64, 1, 23, 17, 83, 24, 61, 60, 49, 6, 57, 94, 88, 65, 56, 79, 40, 67, 68, 46, 75, 0, 9, 19, 32, 81, 41, 27, 62, 87, 90, 99, 59, 53, 16, 72, 73, 70, 39, 37, 84, 3, 92, 25, 74, 28, 38, 51, 7, 11, 14, 86, 48, 89, 66, 50, 96, 33, 80, 8, 4, 34, 36, 55, 52, 13, 2, 69, 29]|[1, 1, 0, 1, 1, 1, 2, 1, 2, 1, 2, 2, 2, 1, 1, 0, 0, 1, 0, 2, 2, 0, 1, 2, 0, 1, 2, 2, 0, 0, 1, 2, 1, 0, 1, 0, 2, 0, 1, 1, 0, 1, 1, 1, 0, 2, 1, 1, 0, 0, 0, 0, 1, 1, 2, 1, 2, 0, 0, 0, 2, 1, 0, 1, 0, 1, 2, 1, 1, 1, 1, 1, 2, 0, 1, 2, 0, 0, 0, 1, 0, 1, 0, 0, 1, 0, 0, 0, 2, 0, 1, 0, 2, 0, 1, 1, 0, 0, 1, 0]|[4, 3, 2, 2, 0, 0, 2, 2, 2, 4, 1, 1, 2, 4, 4, 1, 1, 4, 2, 1, 1, 1, 1, 2, 1, 2, 1, 1, 1, 1, 3, 2, 3, 0, 4, 0, 1, 1, 0, 3, 2, 2, 4, 0, 1, 1, 3, 2, 0, 1, 2, 2, 1, 4, 0, 3, 2, 1, 1, 2, 1, 3, 1, 1, 2, 3, 0, 4, 3, 1, 4, 1, 1, 2, 4, 1, 2, 1, 1, 3, 2, 3, 1, 1, 1, 1, 1, 1, 1, 1, 3, 2, 1, 1, 4, 1, 2, 2, 3, 2]|[0, 2, 1, 1, 3, 3, 0, 1, 0, 0, 0, 0, 1, 0, 1, 0, 0, 3, 1, 0, 0, 0, 3, 1, 0, 2, 0, 0, 0, 1, 0, 0, 0, 0, 3, 0, 1, 0, 0, 2, 1, 1, 2, 0, 0, 0, 0, 1, 1, 0, 0, 0, 1, 3, 0, 0, 1, 0, 0, 1, 0, 2, 0, 1, 1, 2, 1, 0, 0, 1, 1, 3, 0, 1, 3, 0, 1, 0, 0, 2, 1, 0, 0, 0, 1, 0, 0, 0, 0, 0, 2, 1, 0, 1, 3, 1, 0, 0, 0, 0],845.7931659427186,57778.757532044474,86593.12219517957,false
56,G1_CMAX,G1_CMAX,[31, 22, 90, 26, 58, 95, 42, 12, 93, 5, 78, 86, 98, 18, 20, 35, 3, 97, 91, 76, 10, 85, 54, 45, 63, 71, 66, 1, 23, 17, 24, 60, 36, 6, 57, 15, 65, 56, 47, 79, 94, 67, 50, 46, 14, 75, 38, 9, 30, 19, 32, 81, 27, 92, 83, 87, 40, 99, 59, 11, 53, 16, 72, 77, 73, 70, 39, 37, 84, 43, 62, 25, 55, 28, 29, 51, 68, 82, 74, 61, 88, 21, 80, 89, 7, 69, 96, 41, 48, 4, 8, 34, 49, 52, 0, 44, 13, 2, 64, 33]|[1, 1, 1, 1, 0, 2, 1, 1, 2, 2, 2, 1, 0, 1, 2, 2, 1, 2, 0, 1, 2, 2, 2, 0, 0, 1, 2, 1, 2, 1, 2, 1, 1, 0, 1, 1, 0, 2, 2, 1, 1, 0, 0, 0, 0, 1, 1, 1, 1, 2, 1, 2, 2, 0, 0, 2, 1, 0, 0, 2, 0, 1, 2, 2, 1, 1, 1, 1, 1, 1, 0, 1, 1, 0, 0, 0, 0, 0, 2, 1, 1, 0, 0, 1, 1, 1, 2, 2, 0, 1, 1, 2, 0, 1, 0, 0, 0, 0, 2, 2]|[0, 4, 3, 0, 1, 1, 2, 4, 1, 1, 2, 4, 1, 4, 1, 1, 1, 2, 2, 2, 2, 1, 1, 1, 2, 3, 2, 3, 0, 4, 1, 0, 3, 2, 2, 2, 1, 1, 1, 0, 2, 0, 1, 2, 1, 3, 1, 4, 2, 0, 3, 2, 1, 2, 1, 1, 4, 1, 1, 1, 2, 3, 0, 2, 4, 3, 1, 4, 1, 1, 1, 4, 4, 2, 1, 1, 1, 2, 1, 3, 0, 1, 1, 1, 1, 3, 1, 1, 1, 4, 3, 1, 1, 1, 2, 2, 2, 2, 1, 1]|[3, 0, 2, 3, 0, 0, 1, 0, 0, 0, 1, 0, 0, 3, 0, 0, 1, 1, 1, 2, 1, 0, 0, 0, 0, 0, 0, 0, 0, 3, 1, 0, 2, 1, 1, 1, 0, 0, 0, 0, 1, 1, 0, 0, 0, 0, 1, 3, 2, 0, 0, 1, 0, 1, 0, 0, 2, 0, 0, 0, 1, 2, 1, 1, 0, 0, 1, 1, 3, 3, 0, 3, 3, 1, 0, 0, 0, 1, 0, 0, 0, 0, 0, 1, 2, 2, 0, 0, 0, 0, 2, 0, 1, 1, 0, 0, 0, 0, 0, 0],705.0470749739228,58445.79123614564,95781.2895945797,false
56,G4_BALANCED,G1_CMAX,[31, 22, 42, 15, 26, 58, 95, 82, 41, 12, 47, 3, 78, 98, 54, 85, 63, 18, 44, 20, 35, 43, 97, 5, 91, 76, 10, 83, 17, 23, 1, 64, 71, 61, 30, 24, 45, 60, 36, 6, 57, 94, 88, 65, 19, 79, 40, 67, 68, 21, 46, 75, 38, 9, 56, 32, 81, 72, 27, 62, 87, 90, 99, 59, 11, 16, 77, 73, 70, 39, 37, 84, 93, 92, 25, 74, 29, 7, 89, 80, 33, 86, 14, 50, 51, 48, 28, 96, 53, 66, 4, 8, 55, 49, 0, 52, 13, 2, 69, 34]|[1, 1, 0, 1, 1, 1, 2, 1, 2, 1, 2, 2, 1, 1, 0, 0, 1, 0, 2, 2, 0, 1, 2, 2, 0, 1, 2, 2, 1, 2, 1, 2, 1, 0, 2, 2, 0, 1, 1, 0, 1, 1, 1, 0, 2, 1, 1, 0, 0, 0, 0, 0, 1, 1, 2, 1, 2, 2, 0, 0, 2, 1, 0, 1, 2, 1, 2, 1, 1, 1, 1, 1, 2, 1, 1, 2, 0, 1, 1, 0, 2, 2, 1, 0, 0, 0, 0, 2, 0, 0, 0, 1, 1, 0, 0, 1, 0, 0, 2, 2]|[4, 3, 2, 2, 0, 0, 2, 2, 1, 4, 1, 1, 4, 4, 1, 1, 4, 2, 1, 1, 1, 1, 2, 1, 1, 2, 1, 1, 4, 0, 3, 2, 3, 1, 1, 1, 1, 0, 3, 2, 2, 4, 0, 1, 0, 0, 2, 0, 1, 1, 2, 2, 1, 4, 1, 3, 2, 0, 1, 2, 1, 3, 1, 1, 1, 3, 1, 4, 3, 1, 4, 1, 2, 4, 4, 1, 1, 3, 1, 1, 1, 1, 3, 1, 1, 1, 2, 1, 2, 1, 2, 3, 4, 1, 2, 1, 2, 2, 1, 1]|[0, 2, 0, 1, 3, 3, 1, 1, 0, 0, 0, 0, 0, 1, 1, 0, 3, 1, 0, 0, 0, 3, 1, 0, 0, 2, 0, 1, 3, 0, 0, 0, 0, 1, 0, 1, 0, 0, 2, 1, 1, 2, 0, 0, 0, 0, 1, 1, 0, 0, 0, 0, 1, 3, 0, 0, 1, 1, 0, 1, 0, 2, 0, 1, 0, 2, 0, 0, 0, 1, 1, 3, 1, 0, 3, 0, 0, 2, 1, 0, 0, 0, 0, 0, 0, 0, 1, 0, 1, 0, 1, 2, 3, 1, 0, 1, 0, 0, 0, 0],705.4712346728571,58108.739276613436,91469.75104712523,true
56,G2_TEC,G2_TEC,[31, 94, 82, 15, 26, 9, 95, 42, 77, 68, 47, 5, 93, 78, 86, 54, 85, 63, 18, 44, 20, 49, 36, 14, 74, 50, 53, 17, 21, 28, 11, 64, 3, 23, 30, 83, 24, 41, 40, 52, 65, 27, 90, 70, 39, 87, 48, 69, 99, 4, 98, 1, 13, 56, 97, 59, 45, 8, 73, 37, 35, 79, 71, 75, 76, 16, 60, 80, 58, 6, 67, 61, 33, 7, 57, 34, 12, 32, 10, 46, 96, 88, 43, 81, 91, 2, 84, 29, 92, 19, 51, 55, 89, 66, 25, 22, 38, 72, 62, 0]|[2, 1, 2, 1, 1, 2, 1, 1, 1, 1, 1, 0, 2, 2, 1, 2, 0, 0, 0, 2, 2, 1, 0, 2, 0, 2, 2, 1, 0, 1, 1, 1, 0, 0, 1, 0, 2, 1, 2, 2, 0, 0, 1, 1, 0, 2, 0, 2, 1, 0, 2, 2, 0, 2, 2, 0, 1, 1, 0, 0, 2, 1, 1, 0, 2, 2, 2, 2, 2, 1, 2, 1, 1, 2, 0, 1, 1, 0, 1, 0, 0, 1, 1, 1, 1, 0, 0, 1, 0, 1, 1, 0, 1, 2, 1, 2, 0, 1, 1, 0]|[0, 3, 0, 3, 4, 1, 4, 4, 4, 4, 3, 2, 1, 0, 2, 1, 1, 1, 2, 1, 1, 3, 0, 1, 0, 1, 1, 4, 1, 4, 3, 2, 2, 0, 4, 1, 1, 4, 1, 1, 2, 1, 4, 4, 1, 1, 0, 1, 3, 2, 1, 1, 2, 1, 1, 2, 4, 3, 0, 2, 1, 3, 3, 2, 1, 1, 1, 1, 1, 4, 1, 3, 4, 1, 2, 4, 3, 2, 3, 2, 2, 4, 4, 4, 3, 2, 2, 3, 2, 4, 3, 2, 4, 1, 4, 1, 2, 4, 3, 2]|[0, 2, 0, 0, 3, 0, 1, 3, 1, 0, 2, 0, 1, 0, 1, 0, 0, 0, 1, 0, 0, 2, 0, 0, 1, 0, 0, 3, 0, 1, 0, 2, 0, 0, 3, 0, 1, 1, 0, 0, 0, 0, 1, 3, 0, 0, 1, 0, 2, 0, 0, 0, 0, 0, 1, 0, 1, 0, 1, 1, 0, 2, 0, 0, 0, 0, 0, 0, 0, 2, 0, 0, 1, 0, 0, 1, 0, 0, 3, 0, 0, 1, 2, 2, 0, 0, 0, 3, 0, 1, 0, 0, 1, 0, 3, 0, 0, 1, 0, 0],910.6016522559228,48427.915453382215,107149.35343126023,false
56,G3_TWC,G3_TWC,[31, 22, 42, 15, 26, 58, 95, 82, 77, 12, 47, 5, 93, 78, 98, 54, 85, 63, 18, 44, 20, 35, 43, 97, 91, 76, 10, 30, 21, 45, 71, 64, 1, 23, 17, 83, 24, 61, 60, 49, 6, 57, 94, 88, 65, 56, 79, 40, 67, 68, 46, 75, 0, 9, 19, 32, 81, 41, 27, 62, 87, 90, 99, 59, 53, 16, 72, 73, 70, 39, 37, 84, 3, 92, 25, 74, 28, 38, 51, 7, 11, 14, 86, 48, 89, 66, 50, 96, 33, 80, 8, 4, 34, 36, 55, 52, 13, 2, 69, 29]|[1, 1, 0, 1, 1, 1, 2, 1, 2, 1, 2, 2, 2, 1, 1, 0, 0, 1, 0, 2, 2, 0, 1, 2, 0, 1, 2, 2, 0, 0, 1, 2, 1, 0, 1, 0, 2, 0, 1, 1, 0, 1, 1, 1, 0, 2, 1, 1, 0, 0, 0, 0, 1, 1, 2, 1, 2, 0, 0, 0, 2, 1, 0, 1, 0, 1, 2, 1, 1, 1, 1, 1, 2, 0, 1, 2, 0, 0, 0, 1, 0, 1, 0, 0, 1, 0, 0, 0, 2, 0, 1, 0, 2, 0, 1, 1, 0, 0, 1, 0]|[4, 3, 2, 2, 0, 0, 2, 2, 2, 4, 1, 1, 2, 4, 4, 1, 1, 4, 2, 1, 1, 1, 1, 2, 1, 2, 1, 1, 1, 1, 3, 2, 3, 0, 4, 0, 1, 1, 0, 3, 2, 2, 4, 0, 1, 1, 3, 2, 0, 1, 2, 2, 1, 4, 0, 3, 2, 1, 1, 2, 1, 3, 1, 1, 2, 3, 0, 4, 3, 1, 4, 1, 1, 2, 4, 1, 2, 1, 1, 3, 2, 3, 1, 1, 1, 1, 1, 1, 1, 1, 3, 2, 1, 1, 4, 1, 2, 2, 3, 2]|[0, 2, 1, 1, 3, 3, 0, 1, 0, 0, 0, 0, 1, 0, 1, 0, 0, 3, 1, 0, 0, 0, 3, 1, 0, 2, 0, 0, 0, 1, 0, 0, 0, 0, 3, 0, 1, 0, 0, 2, 1, 1, 2, 0, 0, 0, 0, 1, 1, 0, 0, 0, 1, 3, 0, 0, 1, 0, 0, 1, 0, 2, 0, 1, 1, 2, 1, 0, 0, 1, 1, 3, 0, 1, 3, 0, 1, 0, 0, 2, 1, 0, 0, 0, 1, 0, 0, 0, 0, 0, 2, 1, 0, 1, 3, 1, 0, 0, 0, 0],845.7931659427186,57778.757532044474,86593.12219517957,false
56,G1_CMAX,G4_BALANCED,[31, 22, 42, 15, 26, 58, 95, 82, 77, 12, 47, 5, 93, 78, 98, 54, 85, 63, 18, 44, 20, 35, 43, 97, 91, 76, 10, 30, 21, 61, 71, 64, 1, 23, 17, 83, 24, 45, 60, 36, 6, 57, 94, 88, 65, 56, 79, 40, 67, 68, 46, 75, 38, 9, 19, 32, 81, 41, 27, 62, 87, 90, 99, 59, 11, 16, 72, 73, 70, 39, 37, 84, 3, 92, 25, 74, 28, 29, 51, 7, 33, 14, 48, 86, 89, 50, 66, 96, 53, 80, 4, 8, 55, 49, 52, 0, 13, 2, 69, 34]|[1, 1, 0, 1, 1, 1, 2, 1, 2, 1, 2, 2, 2, 1, 1, 0, 0, 1, 0, 2, 2, 0, 1, 2, 0, 1, 2, 2, 0, 0, 1, 2, 1, 2, 1, 0, 2, 0, 1, 1, 0, 1, 1, 1, 0, 2, 1, 1, 0, 0, 0, 0, 1, 1, 2, 1, 2, 2, 0, 0, 2, 1, 0, 1, 2, 1, 2, 1, 1, 1, 1, 1, 0, 1, 1, 2, 0, 0, 0, 1, 2, 1, 0, 2, 1, 0, 0, 2, 0, 0, 0, 1, 1, 0, 1, 0, 0, 0, 1, 2]|[4, 3, 2, 2, 0, 0, 2, 2, 2, 4, 1, 1, 2, 4, 4, 1, 1, 4, 2, 1, 1, 1, 1, 2, 1, 2, 1, 1, 1, 1, 3, 2, 3, 0, 4, 0, 1, 1, 0, 3, 2, 2, 4, 0, 1, 1, 0, 2, 0, 1, 2, 2, 1, 4, 0, 3, 2, 1, 1, 2, 1, 3, 1, 1, 1, 3, 0, 4, 3, 1, 4, 1, 1, 4, 4, 1, 2, 1, 1, 3, 1, 3, 1, 1, 1, 1, 1, 1, 2, 1, 2, 3, 4, 1, 1, 2, 2, 2, 3, 1]|[0, 2, 1, 1, 3, 3, 0, 1, 0, 0, 0, 0, 1, 0, 1, 0, 0, 3, 1, 0, 0, 0, 3, 1, 0, 2, 0, 0, 0, 1, 0, 0, 0, 0, 3, 0, 1, 0, 0, 2, 1, 1, 2, 0, 0, 0, 0, 1, 1, 0, 0, 0, 1, 3, 0, 0, 1, 0, 0, 1, 0, 2, 0, 1, 0, 2, 1, 0, 0, 1, 1, 3, 0, 0, 3, 0, 1, 0, 0, 2, 0, 0, 0, 0, 1, 0, 0, 0, 1, 0, 1, 2, 3, 1, 1, 0, 0, 0, 0, 0],730.721975091816,57045.76008190539,90638.26368525482,true
56,G4_BALANCED,G4_BALANCED,[31, 11, 15, 82, 26, 9, 95, 32, 77, 68, 47, 5, 93, 78, 86, 54, 85, 63, 18, 44, 20, 49, 36, 14, 74, 50, 53, 17, 21, 45, 71, 64, 3, 23, 30, 83, 24, 41, 60, 52, 51, 27, 90, 70, 39, 87, 48, 69, 99, 4, 46, 1, 13, 58, 97, 59, 28, 8, 73, 37, 35, 79, 22, 66, 76, 42, 40, 80, 96, 6, 16, 61, 33, 7, 57, 34, 12, 67, 10, 98, 56, 88, 29, 25, 91, 38, 19, 92, 43, 84, 65, 72, 81, 75, 2, 55, 62, 89, 94, 0]|[2, 1, 1, 2, 1, 2, 1, 1, 1, 1, 1, 0, 2, 2, 1, 2, 0, 0, 0, 2, 2, 1, 0, 2, 0, 2, 2, 1, 0, 1, 1, 1, 0, 0, 1, 0, 2, 1, 2, 2, 0, 0, 1, 1, 0, 2, 0, 2, 1, 0, 0, 2, 0, 0, 2, 0, 1, 1, 0, 0, 2, 1, 1, 2, 2, 0, 2, 2, 0, 1, 2, 1, 1, 2, 0, 1, 2, 1, 1, 2, 2, 1, 1, 1, 1, 0, 1, 0, 1, 0, 1, 1, 1, 0, 2, 0, 1, 1, 2, 0]|[1, 3, 2, 0, 4, 1, 4, 4, 2, 4, 3, 2, 1, 0, 2, 1, 1, 1, 2, 1, 1, 3, 0, 1, 0, 1, 1, 4, 1, 4, 3, 2, 2, 0, 4, 1, 1, 4, 0, 1, 2, 1, 4, 4, 1, 1, 0, 2, 3, 1, 2, 1, 2, 1, 1, 2, 4, 3, 0, 2, 2, 3, 3, 0, 1, 2, 0, 1, 2, 4, 1, 3, 4, 1, 2, 4, 1, 3, 3, 1, 1, 4, 3, 4, 3, 2, 4, 2, 4, 2, 3, 4, 1, 2, 1, 2, 3, 4, 1, 2]|[1, 2, 1, 0, 3, 0, 1, 3, 0, 0, 2, 0, 1, 0, 1, 0, 0, 0, 1, 0, 0, 2, 0, 0, 1, 0, 0, 3, 0, 1, 0, 2, 0, 1, 3, 0, 1, 3, 1, 0, 0, 0, 1, 3, 0, 0, 1, 0, 2, 0, 0, 0, 0, 0, 1, 0, 1, 0, 1, 1, 0, 2, 2, 0, 0, 0, 1, 0, 0, 2, 0, 0, 1, 0, 0, 1, 0, 0, 3, 0, 0, 1, 0, 3, 0, 0, 1, 0, 2, 0, 0, 2, 1, 0, 0, 0, 0, 1, 0, 0],850.9632869082183,52431.02217786142,105346.60403335126,false
56,G2_TEC,G2_TEC,[31, 94, 82, 15, 26, 9, 95, 42, 77, 68, 47, 5, 93, 78, 86, 54, 85, 63, 18, 44, 20, 49, 36, 14, 74, 50, 53, 17, 21, 28, 11, 64, 3, 23, 30, 83, 24, 41, 40, 52, 65, 27, 90, 70, 39, 87, 48, 69, 99, 4, 98, 1, 13, 56, 97, 59, 45, 8, 73, 37, 35, 79, 71, 75, 76, 16, 60, 80, 58, 6, 67, 61, 33, 7, 57, 34, 12, 32, 10, 46, 96, 88, 43, 81, 91, 2, 84, 29, 92, 19, 51, 55, 89, 66, 25, 22, 38, 72, 62, 0]|[2, 1, 2, 1, 1, 2, 1, 1, 1, 1, 1, 0, 2, 2, 1, 2, 0, 0, 0, 2, 2, 1, 0, 2, 0, 2, 2, 1, 0, 1, 1, 1, 0, 0, 1, 0, 2, 1, 2, 2, 0, 0, 1, 1, 0, 2, 0, 2, 1, 0, 2, 2, 0, 2, 2, 0, 1, 1, 0, 0, 2, 1, 1, 0, 2, 2, 2, 2, 2, 1, 2, 1, 1, 2, 0, 1, 1, 0, 1, 0, 0, 1, 1, 1, 1, 0, 0, 1, 0, 1, 1, 0, 1, 2, 1, 2, 0, 1, 1, 0]|[0, 3, 0, 3, 4, 1, 4, 4, 4, 4, 3, 2, 1, 0, 2, 1, 1, 1, 2, 1, 1, 3, 0, 1, 0, 1, 1, 4, 1, 4, 3, 2, 2, 0, 4, 1, 1, 4, 1, 1, 2, 1, 4, 4, 1, 1, 0, 1, 3, 2, 1, 1, 2, 1, 1, 2, 4, 3, 0, 2, 1, 3, 3, 2, 1, 1, 1, 1, 1, 4, 1, 3, 4, 1, 2, 4, 3, 2, 3, 2, 2, 4, 4, 4, 3, 2, 2, 3, 2, 4, 3, 2, 4, 1, 4, 1, 2, 4, 3, 2]|[0, 2, 0, 0, 3, 0, 1, 3, 1, 0, 2, 0, 1, 0, 1, 0, 0, 0, 1, 0, 0, 2, 0, 0, 1, 0, 0, 3, 0, 1, 0, 2, 0, 0, 3, 0, 1, 1, 0, 0, 0, 0, 1, 3, 0, 0, 1, 0, 2, 0, 0, 0, 0, 0, 1, 0, 1, 0, 1, 1, 0, 2, 0, 0, 0, 0, 0, 0, 0, 2, 0, 0, 1, 0, 0, 1, 0, 0, 3, 0, 0, 1, 2, 2, 0, 0, 0, 3, 0, 1, 0, 0, 1, 0, 3, 0, 0, 1, 0, 0],910.6016522559228,48427.915453382215,107149.35343126023,false
56,G3_TWC,G3_TWC,[31, 22, 42, 15, 26, 58, 95, 82, 77, 12, 47, 5, 93, 78, 98, 54, 85, 63, 18, 44, 20, 35, 43, 97, 91, 76, 10, 30, 21, 45, 71, 64, 1, 23, 17, 83, 24, 61, 60, 49, 6, 57, 94, 88, 65, 56, 79, 40, 67, 68, 46, 75, 0, 9, 19, 32, 81, 41, 27, 62, 87, 90, 99, 59, 53, 16, 72, 73, 70, 39, 37, 84, 3, 92, 25, 74, 28, 38, 51, 7, 11, 14, 86, 48, 89, 66, 50, 96, 33, 80, 8, 4, 34, 36, 55, 52, 13, 2, 69, 29]|[1, 1, 0, 1, 1, 1, 2, 1, 2, 1, 2, 2, 2, 1, 1, 0, 0, 1, 0, 2, 2, 0, 1, 2, 0, 1, 2, 2, 0, 0, 1, 2, 1, 0, 1, 0, 2, 0, 1, 1, 0, 1, 1, 1, 0, 2, 1, 1, 0, 0, 0, 0, 1, 1, 2, 1, 2, 0, 0, 0, 2, 1, 0, 1, 0, 1, 2, 1, 1, 1, 1, 1, 2, 0, 1, 2, 0, 0, 0, 1, 0, 1, 0, 0, 1, 0, 0, 0, 2, 0, 1, 0, 2, 0, 1, 1, 0, 0, 1, 0]|[4, 3, 2, 2, 0, 0, 2, 2, 2, 4, 1, 1, 2, 4, 4, 1, 1, 4, 2, 1, 1, 1, 1, 2, 1, 2, 1, 1, 1, 1, 3, 2, 3, 0, 4, 0, 1, 1, 0, 3, 2, 2, 4, 0, 1, 1, 3, 2, 0, 1, 2, 2, 1, 4, 0, 3, 2, 1, 1, 2, 1, 3, 1, 1, 2, 3, 0, 4, 3, 1, 4, 1, 1, 2, 4, 1, 2, 1, 1, 3, 2, 3, 1, 1, 1, 1, 1, 1, 1, 1, 3, 2, 1, 1, 4, 1, 2, 2, 3, 2]|[0, 2, 1, 1, 3, 3, 0, 1, 0, 0, 0, 0, 1, 0, 1, 0, 0, 3, 1, 0, 0, 0, 3, 1, 0, 2, 0, 0, 0, 1, 0, 0, 0, 0, 3, 0, 1, 0, 0, 2, 1, 1, 2, 0, 0, 0, 0, 1, 1, 0, 0, 0, 1, 3, 0, 0, 1, 0, 0, 1, 0, 2, 0, 1, 1, 2, 1, 0, 0, 1, 1, 3, 0, 1, 3, 0, 1, 0, 0, 2, 1, 0, 0, 0, 1, 0, 0, 0, 0, 0, 2, 1, 0, 1, 3, 1, 0, 0, 0, 0],845.7931659427186,57778.757532044474,86593.12219517957,false
56,G1_CMAX,G4_BALANCED,[31, 22, 42, 15, 26, 58, 95, 82, 77, 12, 47, 5, 93, 78, 98, 54, 85, 63, 18, 44, 20, 35, 43, 97, 91, 76, 10, 30, 21, 45, 71, 64, 1, 23, 17, 83, 24, 61, 60, 36, 6, 57, 94, 88, 65, 56, 79, 40, 67, 68, 46, 75, 38, 9, 19, 32, 81, 41, 27, 62, 87, 90, 99, 59, 11, 16, 72, 73, 70, 39, 37, 84, 3, 92, 25, 74, 28, 29, 51, 7, 53, 14, 86, 48, 89, 50, 66, 96, 33, 80, 4, 8, 0, 49, 55, 52, 13, 2, 69, 34]|[1, 1, 0, 1, 1, 1, 2, 1, 2, 1, 2, 2, 2, 1, 1, 0, 0, 1, 0, 2, 2, 0, 1, 2, 0, 1, 2, 2, 0, 0, 1, 2, 1, 2, 1, 0, 2, 0, 1, 1, 0, 1, 1, 1, 0, 2, 1, 1, 0, 0, 0, 0, 1, 1, 2, 1, 2, 0, 0, 0, 2, 1, 0, 1, 2, 1, 2, 1, 1, 1, 1, 1, 2, 0, 1, 2, 0, 0, 0, 1, 0, 1, 0, 0, 1, 0, 2, 0, 2, 0, 0, 1, 0, 0, 2, 1, 0, 0, 1, 2]|[4, 3, 2, 2, 0, 0, 2, 2, 2, 4, 1, 1, 2, 4, 4, 1, 1, 4, 2, 1, 1, 1, 1, 2, 1, 2, 1, 1, 1, 1, 3, 2, 3, 0, 4, 0, 1, 1, 0, 3, 2, 2, 4, 0, 1, 1, 0, 2, 0, 1, 2, 2, 1, 4, 0, 3, 2, 1, 1, 2, 1, 3, 1, 1, 1, 3, 0, 4, 3, 1, 4, 1, 1, 2, 4, 1, 2, 1, 1, 3, 2, 3, 1, 1, 1, 1, 1, 1, 1, 1, 2, 3, 2, 1, 1, 1, 2, 2, 3, 1]|[0, 2, 1, 1, 3, 3, 0, 1, 0, 0, 0, 0, 1, 0, 1, 0, 0, 3, 1, 0, 0, 0, 3, 1, 0, 2, 0, 0, 0, 0, 0, 0, 0, 0, 3, 0, 1, 0, 0, 2, 1, 1, 2, 0, 0, 0, 0, 1, 1, 0, 0, 0, 1, 3, 0, 0, 1, 0, 0, 1, 0, 2, 0, 1, 0, 2, 1, 0, 0, 1, 1, 3, 0, 1, 3, 0, 1, 0, 0, 2, 1, 0, 0, 0, 1, 0, 0, 0, 0, 0, 1, 2, 0, 1, 0, 1, 0, 0, 0, 0],801.801344730411,56902.57456360797,89795.26582689231,true
56,G4_BALANCED,G4_BALANCED,[31, 22, 42, 15, 26, 58, 95, 82, 77, 12, 47, 5, 93, 78, 98, 54, 85, 63, 18, 44, 20, 35, 43, 97, 91, 76, 10, 30, 21, 45, 71, 64, 1, 23, 17, 83, 24, 61, 60, 36, 6, 57, 94, 88, 65, 56, 79, 40, 67, 68, 46, 75, 38, 9, 19, 32, 81, 41, 27, 62, 87, 90, 99, 59, 53, 16, 72, 73, 70, 39, 37, 84, 3, 92, 25, 74, 28, 29, 51, 7, 11, 14, 86, 48, 89, 50, 66, 96, 33, 80, 4, 2, 55, 49, 0, 52, 13, 8, 69, 34]|[1, 1, 0, 1, 1, 1, 2, 1, 2, 1, 2, 2, 2, 1, 1, 0, 0, 1, 0, 2, 2, 0, 1, 2, 0, 1, 2, 2, 0, 0, 1, 2, 1, 2, 1, 0, 2, 0, 1, 1, 0, 1, 1, 1, 0, 2, 1, 1, 0, 0, 0, 0, 1, 1, 2, 1, 2, 0, 0, 0, 2, 1, 0, 1, 0, 1, 2, 1, 1, 1, 1, 1, 2, 0, 1, 2, 0, 0, 0, 1, 2, 1, 0, 0, 1, 0, 2, 0, 2, 0, 0, 0, 1, 0, 0, 1, 0, 1, 1, 2]|[4, 3, 2, 2, 0, 0, 2, 2, 2, 4, 1, 1, 2, 4, 4, 1, 1, 4, 2, 1, 1, 1, 1, 2, 1, 2, 1, 1, 1, 1, 3, 2, 3, 0, 4, 0, 1, 1, 0, 3, 2, 2, 4, 0, 1, 1, 3, 2, 0, 1, 2, 2, 1, 4, 0, 3, 2, 1, 1, 2, 1, 3, 1, 1, 2, 3, 0, 4, 3, 1, 4, 1, 1, 2, 4, 1, 2, 1, 1, 3, 1, 3, 1, 1, 1, 1, 1, 1, 1, 1, 2, 2, 4, 1, 2, 1, 2, 3, 4, 1]|[0, 2, 1, 1, 3, 3, 0, 1, 0, 0, 0, 0, 1, 0, 1, 0, 0, 3, 1, 0, 0, 0, 3, 1, 0, 2, 0, 0, 0, 0, 0, 0, 0, 0, 3, 0, 1, 0, 0, 2, 1, 1, 2, 0, 0, 0, 0, 1, 1, 0, 0, 0, 1, 3, 0, 0, 1, 0, 0, 1, 0, 2, 0, 1, 1, 2, 1, 0, 0, 1, 1, 3, 0, 1, 3, 0, 1, 0, 0, 2, 0, 0, 0, 0, 1, 0, 0, 0, 0, 0, 1, 0, 3, 1, 0, 1, 0, 2, 2, 0],804.8195518810277,56908.775786314945,89595.55184543924,false
56,G2_TEC,G2_TEC,[31, 94, 82, 15, 26, 9, 95, 42, 77, 68, 47, 5, 93, 78, 86, 54, 85, 63, 18, 44, 20, 49, 36, 14, 74, 50, 53, 17, 21, 28, 11, 64, 3, 23, 30, 83, 24, 41, 40, 52, 65, 27, 90, 70, 39, 87, 48, 69, 99, 4, 98, 1, 13, 56, 97, 59, 45, 8, 73, 37, 35, 79, 71, 75, 76, 16, 60, 80, 58, 6, 67, 61, 33, 7, 57, 34, 12, 32, 10, 46, 96, 88, 43, 81, 91, 2, 84, 29, 92, 19, 51, 55, 89, 66, 25, 22, 38, 72, 62, 0]|[2, 1, 2, 1, 1, 2, 1, 1, 1, 1, 1, 0, 2, 2, 1, 2, 0, 0, 0, 2, 2, 1, 0, 2, 0, 2, 2, 1, 0, 1, 1, 1, 0, 0, 1, 0, 2, 1, 2, 2, 0, 0, 1, 1, 0, 2, 0, 2, 1, 0, 2, 2, 0, 2, 2, 0, 1, 1, 0, 0, 2, 1, 1, 0, 2, 2, 2, 2, 2, 1, 2, 1, 1, 2, 0, 1, 1, 0, 1, 0, 0, 1, 1, 1, 1, 0, 0, 1, 0, 1, 1, 0, 1, 2, 1, 2, 0, 1, 1, 0]|[0, 3, 0, 3, 4, 1, 4, 4, 4, 4, 3, 2, 1, 0, 2, 1, 1, 1, 2, 1, 1, 3, 0, 1, 0, 1, 1, 4, 1, 4, 3, 2, 2, 0, 4, 1, 1, 4, 1, 1, 2, 1, 4, 4, 1, 1, 0, 1, 3, 2, 1, 1, 2, 1, 1, 2, 4, 3, 0, 2, 1, 3, 3, 2, 1, 1, 1, 1, 1, 4, 1, 3, 4, 1, 2, 4, 3, 2, 3, 2, 2, 4, 4, 4, 3, 2, 2, 3, 2, 4, 3, 2, 4, 1, 4, 1, 2, 4, 3, 2]|[0, 2, 0, 0, 3, 0, 1, 3, 1, 0, 2, 0, 1, 0, 1, 0, 0, 0, 1, 0, 0, 2, 0, 0, 1, 0, 0, 3, 0, 1, 0, 2, 0, 0, 3, 0, 1, 1, 0, 0, 0, 0, 1, 3, 0, 0, 1, 0, 2, 0, 0, 0, 0, 0, 1, 0, 1, 0, 1, 1, 0, 2, 0, 0, 0, 0, 0, 0, 0, 2, 0, 0, 1, 0, 0, 1, 0, 0, 3, 0, 0, 1, 2, 2, 0, 0, 0, 3, 0, 1, 0, 0, 1, 0, 3, 0, 0, 1, 0, 0],910.6016522559228,48427.915453382215,107149.35343126023,false
56,G3_TWC,G3_TWC,[31, 22, 42, 15, 26, 58, 95, 82, 77, 12, 47, 5, 93, 78, 98, 54, 85, 63, 18, 44, 20, 35, 43, 97, 91, 76, 10, 30, 21, 45, 71, 64, 1, 23, 17, 83, 24, 61, 60, 49, 6, 57, 94, 88, 65, 56, 79, 40, 67, 68, 46, 75, 0, 9, 19, 32, 81, 41, 27, 62, 87, 90, 99, 59, 53, 16, 72, 73, 70, 39, 37, 84, 3, 92, 25, 74, 28, 38, 51, 7, 11, 14, 86, 48, 89, 66, 50, 96, 33, 80, 8, 4, 34, 36, 55, 52, 13, 2, 69, 29]|[1, 1, 0, 1, 1, 1, 2, 1, 2, 1, 2, 2, 2, 1, 1, 0, 0, 1, 0, 2, 2, 0, 1, 2, 0, 1, 2, 2, 0, 0, 1, 2, 1, 0, 1, 0, 2, 0, 1, 1, 0, 1, 1, 1, 0, 2, 1, 1, 0, 0, 0, 0, 1, 1, 2, 1, 2, 0, 0, 0, 2, 1, 0, 1, 0, 1, 2, 1, 1, 1, 1, 1, 2, 0, 1, 2, 0, 0, 0, 1, 0, 1, 0, 0, 1, 0, 0, 0, 2, 0, 1, 0, 2, 0, 1, 1, 0, 0, 1, 0]|[4, 3, 2, 2, 0, 0, 2, 2, 2, 4, 1, 1, 2, 4, 4, 1, 1, 4, 2, 1, 1, 1, 1, 2, 1, 2, 1, 1, 1, 1, 3, 2, 3, 0, 4, 0, 1, 1, 0, 3, 2, 2, 4, 0, 1, 1, 3, 2, 0, 1, 2, 2, 1, 4, 0, 3, 2, 1, 1, 2, 1, 3, 1, 1, 2, 3, 0, 4, 3, 1, 4, 1, 1, 2, 4, 1, 2, 1, 1, 3, 2, 3, 1, 1, 1, 1, 1, 1, 1, 1, 3, 2, 1, 1, 4, 1, 2, 2, 3, 2]|[0, 2, 1, 1, 3, 3, 0, 1, 0, 0, 0, 0, 1, 0, 1, 0, 0, 3, 1, 0, 0, 0, 3, 1, 0, 2, 0, 0, 0, 1, 0, 0, 0, 0, 3, 0, 1, 0, 0, 2, 1, 1, 2, 0, 0, 0, 0, 1, 1, 0, 0, 0, 1, 3, 0, 0, 1, 0, 0, 1, 0, 2, 0, 1, 1, 2, 1, 0, 0, 1, 1, 3, 0, 1, 3, 0, 1, 0, 0, 2, 1, 0, 0, 0, 1, 0, 0, 0, 0, 0, 2, 1, 0, 1, 3, 1, 0, 0, 0, 0],845.7931659427186,57778.757532044474,86593.12219517957,false
56,G1_CMAX,G4_BALANCED,[31, 22, 82, 15, 26, 58, 95, 42, 77, 12, 47, 5, 93, 78, 86, 54, 85, 63, 18, 72, 20, 35, 43, 97, 91, 76, 10, 30, 21, 45, 71, 64, 1, 23, 17, 83, 24, 14, 60, 36, 6, 57, 40, 88, 65, 56, 79, 94, 67, 41, 68, 75, 38, 9, 19, 32, 81, 55, 27, 62, 87, 90, 99, 59, 11, 16, 44, 73, 70, 39, 37, 84, 3, 92, 25, 46, 28, 29, 51, 7, 66, 61, 98, 48, 89, 50, 4, 96, 53, 80, 8, 33, 34, 2, 52, 13, 0, 69, 74, 49]|[1, 1, 0, 1, 1, 0, 1, 1, 2, 1, 2, 2, 2, 1, 1, 0, 0, 1, 0, 2, 2, 0, 1, 2, 0, 1, 2, 2, 0, 0, 1, 2, 1, 2, 1, 0, 2, 0, 1, 1, 0, 1, 1, 1, 0, 2, 1, 1, 0, 0, 0, 0, 1, 1, 2, 1, 2, 0, 0, 2, 2, 1, 1, 2, 2, 1, 2, 1, 1, 1, 1, 1, 1, 0, 1, 0, 0, 0, 0, 1, 2, 1, 2, 0, 1, 0, 1, 2, 0, 0, 1, 2, 2, 0, 1, 0, 0, 1, 2, 0]|[4, 3, 2, 2, 4, 1, 2, 3, 2, 4, 1, 1, 2, 4, 4, 1, 2, 4, 2, 1, 1, 1, 1, 2, 1, 2, 1, 1, 2, 1, 3, 2, 3, 1, 4, 0, 1, 1, 0, 3, 2, 2, 2, 0, 1, 1, 0, 4, 0, 1, 2, 2, 1, 4, 0, 3, 2, 1, 1, 1, 1, 3, 1, 1, 1, 3, 1, 4, 3, 1, 4, 1, 1, 0, 4, 2, 2, 1, 1, 1, 1, 3, 1, 1, 1, 1, 4, 1, 2, 1, 3, 1, 1, 2, 1, 2, 2, 4, 1, 1]|[0, 2, 1, 1, 3, 0, 1, 3, 0, 0, 0, 0, 1, 0, 1, 0, 0, 3, 1, 0, 0, 0, 3, 1, 0, 2, 0, 0, 0, 1, 0, 0, 0, 0, 3, 0, 1, 0, 0, 2, 1, 1, 1, 0, 0, 0, 0, 2, 1, 0, 0, 0, 1, 3, 0, 0, 1, 0, 0, 0, 0, 2, 1, 0, 0, 2, 0, 0, 0, 1, 1, 3, 1, 1, 3, 0, 1, 0, 0, 2, 0, 0, 0, 0, 1, 0, 0, 0, 1, 0, 2, 0, 0, 0, 1, 0, 0, 2, 0, 1],747.1438989226004,55733.55354576636,94625.20584372425,true
56,G4_BALANCED,G1_CMAX,[31, 22, 42, 15, 26, 58, 95, 82, 77, 12, 47, 5, 93, 78, 98, 54, 85, 63, 18, 44, 20, 35, 43, 97, 91, 76, 10, 30, 21, 45, 71, 64, 1, 23, 17, 83, 24, 61, 60, 36, 6, 57, 94, 88, 65, 56, 79, 40, 67, 68, 46, 29, 38, 9, 19, 32, 81, 41, 27, 62, 87, 90, 99, 59, 53, 16, 72, 73, 70, 39, 37, 84, 3, 92, 25, 55, 28, 75, 51, 50, 11, 14, 86, 48, 89, 66, 7, 96, 33, 80, 8, 69, 34, 49, 74, 52, 13, 2, 4, 0]|[1, 1, 0, 1, 1, 1, 2, 1, 2, 1, 2, 2, 2, 1, 1, 0, 0, 1, 0, 2, 2, 0, 1, 2, 0, 1, 2, 2, 0, 0, 1, 2, 1, 0, 1, 0, 2, 0, 1, 1, 0, 1, 1, 1, 0, 2, 1, 1, 0, 0, 0, 0, 1, 1, 2, 1, 2, 2, 0, 0, 2, 1, 0, 1, 0, 1, 2, 1, 1, 1, 1, 1, 2, 0, 1, 2, 0, 0, 0, 1, 2, 1, 0, 0, 1, 2, 1, 2, 2, 0, 1, 0, 2, 2, 2, 1, 0, 0, 0, 1]|[4, 3, 2, 2, 0, 0, 2, 2, 2, 4, 1, 1, 2, 4, 4, 1, 1, 4, 2, 1, 1, 1, 1, 2, 1, 2, 1, 1, 1, 1, 3, 2, 3, 0, 4, 0, 1, 1, 0, 3, 2, 2, 4, 0, 1, 1, 3, 2, 0, 1, 2, 2, 1, 4, 0, 3, 2, 1, 1, 2, 1, 3, 1, 1, 2, 3, 1, 4, 3, 1, 4, 1, 1, 2, 4, 1, 2, 1, 1, 3, 1, 3, 1, 1, 1, 1, 3, 1, 1, 1, 3, 2, 1, 1, 1, 1, 2, 2, 2, 1]|[0, 2, 1, 1, 3, 3, 0, 1, 0, 0, 0, 0, 1, 0, 1, 0, 0, 3, 1, 0, 0, 0, 3, 1, 0, 2, 0, 0, 0, 1, 0, 0, 0, 0, 3, 0, 1, 0, 0, 2, 1, 1, 2, 0, 0, 0, 0, 1, 1, 0, 0, 0, 1, 3, 0, 0, 1, 0, 0, 1, 0, 2, 0, 1, 1, 2, 0, 0, 0, 1, 1, 3, 0, 1, 3, 0, 1, 0, 0, 2, 0, 0, 0, 0, 1, 0, 2, 0, 0, 0, 2, 1, 0, 0, 0, 1, 0, 0, 1, 1],778.7811978546462,56357.23198888963,91105.11058634704,true
56,G2_TEC,G2_TEC,[31, 94, 82, 15, 26, 9, 95, 42, 77, 68, 47, 5, 93, 78, 86, 54, 85, 63, 18, 44, 20, 49, 36, 14, 74, 50, 53, 17, 21, 28, 11, 64, 3, 23, 30, 83, 24, 41, 40, 52, 65, 27, 90, 70, 39, 87, 48, 69, 99, 4, 98, 1, 13, 56, 97, 59, 45, 8, 73, 37, 35, 79, 71, 75, 76, 16, 60, 80, 58, 6, 67, 61, 33, 7, 57, 34, 12, 32, 10, 46, 96, 88, 43, 81, 91, 2, 84, 29, 92, 19, 51, 55, 89, 66, 25, 22, 38, 72, 62, 0]|[2, 1, 2, 1, 1, 2, 1, 1, 1, 1, 1, 0, 2, 2, 1, 2, 0, 0, 0, 2, 2, 1, 0, 2, 0, 2, 2, 1, 0, 1, 1, 1, 0, 0, 1, 0, 2, 1, 2, 2, 0, 0, 1, 1, 0, 2, 0, 2, 1, 0, 2, 2, 0, 2, 2, 0, 1, 1, 0, 0, 2, 1, 1, 0, 2, 2, 2, 2, 2, 1, 2, 1, 1, 2, 0, 1, 1, 0, 1, 0, 0, 1, 1, 1, 1, 0, 0, 1, 0, 1, 1, 0, 1, 2, 1, 2, 0, 1, 1, 0]|[0, 3, 0, 3, 4, 1, 4, 4, 4, 4, 3, 2, 1, 0, 2, 1, 1, 1, 2, 1, 1, 3, 0, 1, 0, 1, 1, 4, 1, 4, 3, 2, 2, 0, 4, 1, 1, 4, 1, 1, 2, 1, 4, 4, 1, 1, 0, 1, 3, 2, 1, 1, 2, 1, 1, 2, 4, 3, 0, 2, 1, 3, 3, 2, 1, 1, 1, 1, 1, 4, 1, 3, 4, 1, 2, 4, 3, 2, 3, 2, 2, 4, 4, 4, 3, 2, 2, 3, 2, 4, 3, 2, 4, 1, 4, 1, 2, 4, 3, 2]|[0, 2, 0, 0, 3, 0, 1, 3, 1, 0, 2, 0, 1, 0, 1, 0, 0, 0, 1, 0, 0, 2, 0, 0, 1, 0, 0, 3, 0, 1, 0, 2, 0, 0, 3, 0, 1, 1, 0, 0, 0, 0, 1, 3, 0, 0, 1, 0, 2, 0, 0, 0, 0, 0, 1, 0, 1, 0, 1, 1, 0, 2, 0, 0, 0, 0, 0, 0, 0, 2, 0, 0, 1, 0, 0, 1, 0, 0, 3, 0, 0, 1, 2, 2, 0, 0, 0, 3, 0, 1, 0, 0, 1, 0, 3, 0, 0, 1, 0, 0],910.6016522559228,48427.915453382215,107149.35343126023,false
56,G3_TWC,G3_TWC,[31, 22, 42, 15, 26, 58, 95, 82, 77, 12, 47, 5, 93, 78, 98, 54, 85, 63, 18, 44, 20, 35, 43, 97, 91, 76, 10, 30, 21, 45, 71, 64, 1, 23, 17, 83, 24, 61, 60, 49, 6, 57, 94, 88, 65, 56, 79, 40, 67, 68, 46, 75, 0, 9, 19, 32, 81, 41, 27, 62, 87, 90, 99, 59, 53, 16, 72, 73, 70, 39, 37, 84, 3, 92, 25, 74, 28, 38, 51, 7, 11, 14, 86, 48, 89, 66, 50, 96, 33, 80, 8, 4, 34, 36, 55, 52, 13, 2, 69, 29]|[1, 1, 0, 1, 1, 1, 2, 1, 2, 1, 2, 2, 2, 1, 1, 0, 0, 1, 0, 2, 2, 0, 1, 2, 0, 1, 2, 2, 0, 0, 1, 2, 1, 0, 1, 0, 2, 0, 1, 1, 0, 1, 1, 1, 0, 2, 1, 1, 0, 0, 0, 0, 1, 1, 2, 1, 2, 0, 0, 0, 2, 1, 0, 1, 0, 1, 2, 1, 1, 1, 1, 1, 2, 0, 1, 2, 0, 0, 0, 1, 0, 1, 0, 0, 1, 0, 0, 0, 2, 0, 1, 0, 2, 0, 1, 1, 0, 0, 1, 0]|[4, 3, 2, 2, 0, 0, 2, 2, 2, 4, 1, 1, 2, 4, 4, 1, 1, 4, 2, 1, 1, 1, 1, 2, 1, 2, 1, 1, 1, 1, 3, 2, 3, 0, 4, 0, 1, 1, 0, 3, 2, 2, 4, 0, 1, 1, 3, 2, 0, 1, 2, 2, 1, 4, 0, 3, 2, 1, 1, 2, 1, 3, 1, 1, 2, 3, 0, 4, 3, 1, 4, 1, 1, 2, 4, 1, 2, 1, 1, 3, 2, 3, 1, 1, 1, 1, 1, 1, 1, 1, 3, 2, 1, 1, 4, 1, 2, 2, 3, 2]|[0, 2, 1, 1, 3, 3, 0, 1, 0, 0, 0, 0, 1, 0, 1, 0, 0, 3, 1, 0, 0, 0, 3, 1, 0, 2, 0, 0, 0, 1, 0, 0, 0, 0, 3, 0, 1, 0, 0, 2, 1, 1, 2, 0, 0, 0, 0, 1, 1, 0, 0, 0, 1, 3, 0, 0, 1, 0, 0, 1, 0, 2, 0, 1, 1, 2, 1, 0, 0, 1, 1, 3, 0, 1, 3, 0, 1, 0, 0, 2, 1, 0, 0, 0, 1, 0, 0, 0, 0, 0, 2, 1, 0, 1, 3, 1, 0, 0, 0, 0],845.7931659427186,57778.757532044474,86593.12219517957,false
56,G1_CMAX,G3_TWC,[31, 22, 42, 15, 26, 58, 95, 82, 77, 12, 47, 5, 93, 78, 98, 54, 85, 63, 18, 44, 20, 35, 43, 97, 91, 76, 10, 30, 21, 45, 71, 64, 1, 23, 17, 83, 24, 61, 60, 36, 6, 57, 94, 88, 65, 56, 79, 40, 67, 68, 46, 75, 38, 9, 19, 32, 81, 41, 27, 62, 87, 90, 73, 59, 11, 16, 72, 99, 70, 39, 37, 84, 3, 92, 25, 74, 28, 29, 51, 7, 33, 14, 86, 96, 89, 50, 66, 48, 53, 80, 4, 8, 55, 49, 0, 52, 13, 2, 69, 34]|[1, 1, 0, 1, 1, 1, 2, 1, 2, 1, 2, 2, 2, 1, 1, 0, 0, 1, 0, 2, 2, 0, 1, 2, 0, 1, 2, 2, 0, 0, 1, 2, 1, 2, 1, 0, 2, 0, 1, 1, 0, 1, 1, 1, 0, 2, 1, 1, 0, 0, 0, 0, 1, 1, 2, 1, 2, 0, 0, 0, 2, 1, 0, 1, 2, 1, 2, 1, 1, 1, 1, 1, 2, 0, 1, 2, 0, 0, 0, 1, 2, 1, 0, 2, 1, 0, 2, 0, 0, 0, 1, 1, 2, 0, 0, 1, 0, 0, 1, 2]|[4, 3, 2, 2, 0, 0, 2, 2, 2, 4, 1, 1, 2, 4, 4, 1, 1, 4, 2, 1, 1, 1, 1, 2, 1, 2, 1, 1, 1, 1, 3, 2, 3, 0, 4, 0, 1, 1, 0, 3, 2, 2, 4, 0, 1, 1, 3, 2, 0, 1, 2, 2, 1, 4, 0, 3, 2, 1, 1, 2, 1, 3, 1, 1, 1, 3, 0, 4, 3, 1, 4, 1, 1, 2, 4, 1, 2, 1, 1, 3, 1, 3, 1, 1, 1, 1, 1, 1, 2, 1, 4, 3, 1, 1, 2, 1, 2, 2, 4, 1]|[0, 2, 1, 1, 3, 3, 0, 1, 0, 0, 0, 0, 1, 0, 1, 0, 0, 3, 1, 0, 0, 0, 3, 1, 0, 2, 0, 0, 0, 1, 0, 0, 0, 0, 3, 0, 1, 0, 0, 2, 1, 1, 2, 0, 0, 0, 0, 1, 1, 0, 0, 0, 1, 3, 0, 0, 1, 0, 0, 1, 0, 2, 0, 1, 0, 2, 1, 0, 0, 1, 1, 3, 0, 1, 3, 0, 1, 0, 0, 2, 0, 0, 0, 0, 1, 0, 0, 0, 1, 0, 0, 2, 0, 1, 0, 1, 0, 0, 2, 0],741.6896087775958,56981.18535725215,90106.67813077962,true
56,G4_BALANCED,G2_TEC,[31, 94, 82, 15, 26, 9, 95, 42, 77, 68, 47, 5, 93, 78, 86, 54, 85, 63, 18, 44, 20, 49, 36, 14, 74, 50, 53, 17, 21, 28, 11, 64, 3, 23, 30, 83, 24, 41, 40, 52, 65, 27, 90, 70, 39, 87, 48, 69, 99, 4, 46, 1, 13, 56, 97, 59, 45, 8, 73, 37, 35, 79, 71, 66, 76, 32, 60, 80, 58, 6, 67, 61, 33, 7, 57, 34, 12, 16, 10, 22, 96, 88, 43, 81, 91, 2, 84, 29, 92, 19, 89, 55, 51, 98, 25, 75, 38, 72, 62, 0]|[2, 1, 2, 1, 1, 2, 1, 1, 1, 1, 1, 0, 2, 2, 1, 2, 0, 0, 0, 2, 2, 1, 0, 2, 0, 2, 2, 1, 0, 1, 1, 1, 0, 0, 1, 0, 2, 1, 2, 2, 0, 0, 1, 1, 0, 2, 0, 2, 1, 0, 0, 2, 0, 2, 2, 0, 1, 1, 0, 0, 2, 1, 1, 2, 2, 0, 2, 2, 2, 1, 2, 1, 1, 2, 0, 1, 1, 2, 1, 2, 0, 1, 1, 1, 1, 0, 0, 1, 0, 1, 1, 0, 1, 2, 1, 0, 0, 1, 1, 0]|[0, 3, 0, 3, 4, 1, 4, 4, 4, 4, 3, 2, 1, 0, 2, 1, 1, 1, 2, 1, 1, 3, 0, 1, 0, 1, 1, 4, 1, 4, 3, 2, 2, 0, 4, 1, 1, 4, 1, 1, 2, 1, 4, 4, 1, 1, 0, 1, 3, 2, 2, 1, 2, 1, 1, 2, 4, 3, 0, 2, 1, 3, 3, 1, 1, 2, 1, 1, 1, 4, 1, 3, 4, 1, 2, 4, 3, 1, 3, 1, 2, 4, 4, 4, 3, 2, 2, 3, 2, 4, 4, 2, 3, 1, 4, 2, 2, 4, 3, 2]|[0, 2, 0, 0, 3, 0, 1, 3, 1, 0, 2, 0, 1, 0, 1, 0, 0, 0, 1, 0, 0, 2, 0, 0, 1, 0, 0, 3, 0, 1, 0, 2, 0, 0, 3, 0, 1, 1, 0, 0, 0, 0, 1, 3, 0, 0, 1, 0, 2, 0, 0, 0, 0, 0, 1, 0, 1, 0, 1, 1, 0, 2, 0, 0, 0, 0, 0, 0, 0, 2, 0, 0, 1, 0, 0, 1, 0, 0, 3, 0, 0, 1, 2, 2, 0, 0, 0, 3, 0, 1, 1, 0, 0, 0, 3, 0, 0, 1, 0, 0],910.6016522559228,48434.606963655366,107086.52253369972,true
56,G2_TEC,G2_TEC,[31, 94, 82, 15, 26, 9, 95, 42, 77, 68, 47, 5, 93, 78, 86, 54, 85, 63, 18, 44, 20, 49, 36, 14, 74, 50, 53, 17, 21, 28, 11, 64, 3, 23, 30, 83, 24, 41, 40, 52, 65, 27, 90, 70, 39, 87, 48, 69, 99, 4, 98, 1, 13, 56, 97, 59, 45, 8, 73, 37, 35, 79, 71, 75, 76, 16, 60, 80, 58, 6, 67, 61, 33, 7, 57, 34, 12, 32, 10, 46, 96, 88, 43, 81, 91, 2, 84, 29, 92, 19, 51, 55, 89, 66, 25, 22, 38, 72, 62, 0]|[2, 1, 2, 1, 1, 2, 1, 1, 1, 1, 1, 0, 2, 2, 1, 2, 0, 0, 0, 2, 2, 1, 0, 2, 0, 2, 2, 1, 0, 1, 1, 1, 0, 0, 1, 0, 2, 1, 2, 2, 0, 0, 1, 1, 0, 2, 0, 2, 1, 0, 2, 2, 0, 2, 2, 0, 1, 1, 0, 0, 2, 1, 1, 0, 2, 2, 2, 2, 2, 1, 2, 1, 1, 2, 0, 1, 1, 0, 1, 0, 0, 1, 1, 1, 1, 0, 0, 1, 0, 1, 1, 0, 1, 2, 1, 2, 0, 1, 1, 0]|[0, 3, 0, 3, 4, 1, 4, 4, 4, 4, 3, 2, 1, 0, 2, 1, 1, 1, 2, 1, 1, 3, 0, 1, 0, 1, 1, 4, 1, 4, 3, 2, 2, 0, 4, 1, 1, 4, 1, 1, 2, 1, 4, 4, 1, 1, 0, 1, 3, 2, 1, 1, 2, 1, 1, 2, 4, 3, 0, 2, 1, 3, 3, 2, 1, 1, 1, 1, 1, 4, 1, 3, 4, 1, 2, 4, 3, 2, 3, 2, 2, 4, 4, 4, 3, 2, 2, 3, 2, 4, 3, 2, 4, 1, 4, 1, 2, 4, 3, 2]|[0, 2, 0, 0, 3, 0, 1, 3, 1, 0, 2, 0, 1, 0, 1, 0, 0, 0, 1, 0, 0, 2, 0, 0, 1, 0, 0, 3, 0, 1, 0, 2, 0, 0, 3, 0, 1, 1, 0, 0, 0, 0, 1, 3, 0, 0, 1, 0, 2, 0, 0, 0, 0, 0, 1, 0, 1, 0, 1, 1, 0, 2, 0, 0, 0, 0, 0, 0, 0, 2, 0, 0, 1, 0, 0, 1, 0, 0, 3, 0, 0, 1, 2, 2, 0, 0, 0, 3, 0, 1, 0, 0, 1, 0, 3, 0, 0, 1, 0, 0],910.6016522559228,48427.915453382215,107149.35343126023,false
56,G3_TWC,G3_TWC,[31, 22, 42, 15, 26, 58, 95, 82, 77, 12, 47, 5, 93, 78, 98, 54, 85, 63, 18, 44, 20, 35, 43, 97, 91, 76, 10, 30, 21, 45, 71, 64, 1, 23, 17, 83, 24, 61, 60, 49, 6, 57, 94, 88, 65, 56, 79, 40, 67, 68, 46, 75, 0, 9, 19, 32, 81, 41, 27, 62, 87, 90, 99, 59, 53, 16, 72, 73, 70, 39, 37, 84, 3, 92, 25, 74, 28, 38, 51, 7, 11, 14, 86, 48, 89, 66, 50, 96, 33, 80, 8, 4, 34, 36, 55, 52, 13, 2, 69, 29]|[1, 1, 0, 1, 1, 1, 2, 1, 2, 1, 2, 2, 2, 1, 1, 0, 0, 1, 0, 2, 2, 0, 1, 2, 0, 1, 2, 2, 0, 0, 1, 2, 1, 0, 1, 0, 2, 0, 1, 1, 0, 1, 1, 1, 0, 2, 1, 1, 0, 0, 0, 0, 1, 1, 2, 1, 2, 0, 0, 0, 2, 1, 0, 1, 0, 1, 2, 1, 1, 1, 1, 1, 2, 0, 1, 2, 0, 0, 0, 1, 0, 1, 0, 0, 1, 0, 0, 0, 2, 0, 1, 0, 2, 0, 1, 1, 0, 0, 1, 0]|[4, 3, 2, 2, 0, 0, 2, 2, 2, 4, 1, 1, 2, 4, 4, 1, 1, 4, 2, 1, 1, 1, 1, 2, 1, 2, 1, 1, 1, 1, 3, 2, 3, 0, 4, 0, 1, 1, 0, 3, 2, 2, 4, 0, 1, 1, 3, 2, 0, 1, 2, 2, 1, 4, 0, 3, 2, 1, 1, 2, 1, 3, 1, 1, 2, 3, 0, 4, 3, 1, 4, 1, 1, 2, 4, 1, 2, 1, 1, 3, 2, 3, 1, 1, 1, 1, 1, 1, 1, 1, 3, 2, 1, 1, 4, 1, 2, 2, 3, 2]|[0, 2, 1, 1, 3, 3, 0, 1, 0, 0, 0, 0, 1, 0, 1, 0, 0, 3, 1, 0, 0, 0, 3, 1, 0, 2, 0, 0, 0, 1, 0, 0, 0, 0, 3, 0, 1, 0, 0, 2, 1, 1, 2, 0, 0, 0, 0, 1, 1, 0, 0, 0, 1, 3, 0, 0, 1, 0, 0, 1, 0, 2, 0, 1, 1, 2, 1, 0, 0, 1, 1, 3, 0, 1, 3, 0, 1, 0, 0, 2, 1, 0, 0, 0, 1, 0, 0, 0, 0, 0, 2, 1, 0, 1, 3, 1, 0, 0, 0, 0],845.7931659427186,57778.757532044474,86593.12219517957,false
56,G1_CMAX,G4_BALANCED,[31, 22, 82, 15, 26, 58, 95, 42, 77, 12, 47, 5, 30, 78, 86, 54, 85, 63, 18, 44, 20, 35, 43, 97, 91, 76, 10, 93, 21, 45, 71, 64, 1, 23, 17, 83, 24, 14, 60, 36, 6, 57, 40, 88, 65, 56, 79, 94, 67, 68, 46, 75, 38, 9, 19, 32, 81, 41, 27, 62, 90, 99, 59, 87, 11, 66, 73, 70, 39, 37, 84, 3, 72, 92, 25, 55, 28, 29, 51, 7, 16, 61, 98, 48, 89, 50, 4, 96, 53, 80, 8, 33, 34, 49, 52, 0, 13, 2, 69, 74]|[1, 1, 0, 1, 1, 0, 1, 2, 2, 1, 2, 2, 2, 1, 1, 0, 0, 1, 0, 2, 2, 0, 0, 2, 0, 1, 2, 2, 0, 0, 1, 2, 1, 2, 1, 0, 2, 0, 1, 1, 0, 1, 1, 1, 0, 2, 1, 1, 0, 0, 0, 0, 1, 1, 2, 1, 2, 0, 0, 2, 1, 0, 1, 2, 2, 2, 1, 1, 1, 1, 1, 1, 2, 0, 1, 1, 0, 0, 0, 1, 2, 1, 2, 0, 1, 0, 1, 2, 0, 0, 0, 2, 2, 0, 1, 0, 0, 0, 1, 2]|[4, 3, 2, 2, 4, 1, 2, 2, 2, 4, 1, 1, 2, 4, 4, 1, 2, 4, 2, 1, 1, 1, 1, 2, 1, 2, 1, 1, 2, 1, 3, 2, 3, 1, 4, 0, 1, 1, 0, 3, 2, 2, 2, 0, 1, 1, 0, 4, 0, 1, 2, 2, 1, 4, 0, 3, 2, 1, 1, 1, 3, 1, 1, 1, 1, 1, 4, 3, 1, 4, 1, 1, 1, 0, 4, 4, 2, 2, 1, 1, 1, 3, 1, 1, 1, 1, 4, 1, 2, 1, 1, 1, 1, 1, 1, 2, 2, 2, 4, 1]|[0, 2, 1, 1, 3, 0, 1, 0, 0, 0, 0, 0, 1, 0, 1, 0, 0, 3, 1, 0, 0, 0, 0, 1, 0, 2, 0, 0, 0, 1, 0, 0, 0, 0, 3, 0, 1, 0, 0, 2, 1, 1, 1, 0, 0, 0, 0, 2, 1, 0, 0, 0, 1, 3, 0, 0, 1, 0, 0, 0, 2, 0, 1, 0, 0, 0, 0, 0, 1, 1, 3, 1, 0, 1, 3, 3, 1, 0, 0, 2, 0, 0, 0, 0, 1, 0, 0, 0, 1, 0, 0, 0, 0, 1, 1, 0, 0, 0, 2, 0],780.1204793587376,55381.14930119356,97957.80477469892,true
56,G4_BALANCED,G4_BALANCED,[31, 22, 42, 15, 26, 58, 95, 82, 77, 12, 47, 5, 93, 78, 98, 54, 85, 63, 18, 44, 20, 35, 43, 97, 91, 76, 10, 19, 21, 45, 71, 64, 1, 23, 17, 83, 24, 61, 60, 36, 6, 57, 94, 88, 65, 56, 79, 40, 67, 68, 46, 75, 38, 9, 30, 32, 81, 41, 27, 62, 87, 90, 99, 59, 11, 16, 72, 73, 70, 39, 37, 84, 3, 92, 25, 55, 28, 29, 51, 7, 33, 14, 86, 48, 89, 50, 66, 96, 53, 80, 4, 8, 34, 49, 0, 52, 13, 2, 69, 74]|[1, 1, 0, 1, 1, 1, 2, 1, 2, 1, 2, 2, 2, 1, 1, 0, 0, 1, 0, 2, 2, 0, 1, 2, 0, 1, 2, 2, 0, 0, 1, 2, 1, 2, 1, 0, 2, 0, 1, 1, 0, 1, 1, 1, 0, 2, 1, 1, 0, 0, 0, 0, 1, 1, 2, 1, 2, 2, 0, 0, 2, 1, 0, 1, 2, 1, 2, 1, 1, 1, 1, 1, 2, 1, 1, 1, 0, 0, 0, 1, 2, 1, 0, 0, 1, 0, 0, 2, 0, 0, 0, 1, 2, 0, 0, 1, 0, 0, 1, 2]|[4, 3, 2, 2, 0, 0, 2, 2, 2, 4, 1, 1, 2, 4, 4, 1, 1, 4, 2, 1, 1, 1, 1, 2, 1, 2, 1, 0, 1, 1, 3, 2, 3, 0, 4, 0, 1, 1, 0, 3, 2, 2, 4, 0, 1, 1, 0, 2, 0, 1, 2, 2, 1, 4, 1, 3, 2, 1, 1, 2, 1, 3, 1, 1, 1, 3, 0, 4, 3, 1, 4, 1, 1, 4, 4, 4, 2, 1, 1, 3, 1, 3, 1, 1, 1, 1, 1, 1, 2, 1, 2, 3, 1, 1, 2, 1, 2, 2, 3, 1]|[0, 2, 1, 1, 3, 3, 0, 1, 0, 0, 0, 0, 1, 0, 1, 0, 0, 3, 1, 0, 0, 0, 3, 1, 0, 2, 0, 0, 0, 1, 0, 0, 0, 0, 3, 0, 1, 0, 0, 2, 1, 1, 2, 0, 0, 0, 0, 1, 1, 0, 0, 0, 1, 3, 0, 0, 1, 0, 0, 1, 0, 2, 0, 1, 0, 2, 1, 0, 0, 1, 1, 3, 0, 0, 3, 3, 1, 0, 0, 2, 0, 0, 0, 0, 1, 0, 0, 0, 1, 0, 1, 2, 0, 1, 0, 1, 0, 0, 0, 0],736.2670012451629,57630.52540083121,89970.27722989232,false
56,G2_TEC,G2_TEC,[31, 94, 82, 15, 26, 9, 95, 42, 77, 68, 47, 5, 93, 78, 86, 54, 85, 63, 18, 44, 20, 49, 36, 14, 74, 50, 53, 17, 21, 28, 11, 64, 3, 23, 30, 83, 24, 41, 40, 52, 65, 27, 90, 70, 39, 87, 48, 69, 99, 4, 98, 1, 13, 56, 97, 59, 45, 8, 73, 37, 35, 79, 71, 75, 76, 16, 60, 80, 58, 6, 67, 61, 33, 7, 57, 34, 12, 32, 10, 46, 96, 88, 43, 81, 91, 2, 84, 29, 92, 19, 51, 55, 89, 66, 25, 22, 38, 72, 62, 0]|[2, 1, 2, 1, 1, 2, 1, 1, 1, 1, 1, 0, 2, 2, 1, 2, 0, 0, 0, 2, 2, 1, 0, 2, 0, 2, 2, 1, 0, 1, 1, 1, 0, 0, 1, 0, 2, 1, 2, 2, 0, 0, 1, 1, 0, 2, 0, 2, 1, 0, 2, 2, 0, 2, 2, 0, 1, 1, 0, 0, 2, 1, 1, 0, 2, 2, 2, 2, 2, 1, 2, 1, 1, 2, 0, 1, 1, 0, 1, 0, 0, 1, 1, 1, 1, 0, 0, 1, 0, 1, 1, 0, 1, 2, 1, 2, 0, 1, 1, 0]|[0, 3, 0, 3, 4, 1, 4, 4, 4, 4, 3, 2, 1, 0, 2, 1, 1, 1, 2, 1, 1, 3, 0, 1, 0, 1, 1, 4, 1, 4, 3, 2, 2, 0, 4, 1, 1, 4, 1, 1, 2, 1, 4, 4, 1, 1, 0, 1, 3, 2, 1, 1, 2, 1, 1, 2, 4, 3, 0, 2, 1, 3, 3, 2, 1, 1, 1, 1, 1, 4, 1, 3, 4, 1, 2, 4, 3, 2, 3, 2, 2, 4, 4, 4, 3, 2, 2, 3, 2, 4, 3, 2, 4, 1, 4, 1, 2, 4, 3, 2]|[0, 2, 0, 0, 3, 0, 1, 3, 1, 0, 2, 0, 1, 0, 1, 0, 0, 0, 1, 0, 0, 2, 0, 0, 1, 0, 0, 3, 0, 1, 0, 2, 0, 0, 3, 0, 1, 1, 0, 0, 0, 0, 1, 3, 0, 0, 1, 0, 2, 0, 0, 0, 0, 0, 1, 0, 1, 0, 1, 1, 0, 2, 0, 0, 0, 0, 0, 0, 0, 2, 0, 0, 1, 0, 0, 1, 0, 0, 3, 0, 0, 1, 2, 2, 0, 0, 0, 3, 0, 1, 0, 0, 1, 0, 3, 0, 0, 1, 0, 0],910.6016522559228,48427.915453382215,107149.35343126023,false
56,G3_TWC,G3_TWC,[31, 22, 42, 15, 26, 58, 95, 82, 77, 12, 47, 5, 93, 78, 98, 54, 85, 63, 18, 44, 20, 35, 43, 97, 91, 76, 10, 30, 21, 45, 71, 64, 1, 23, 17, 83, 24, 61, 60, 49, 6, 57, 94, 88, 65, 56, 79, 40, 67, 68, 46, 75, 0, 9, 19, 32, 81, 41, 27, 62, 87, 90, 99, 59, 53, 16, 72, 73, 70, 39, 37, 84, 3, 92, 25, 74, 28, 38, 51, 7, 11, 14, 86, 48, 89, 66, 50, 96, 33, 80, 8, 4, 34, 36, 55, 52, 13, 2, 69, 29]|[1, 1, 0, 1, 1, 1, 2, 1, 2, 1, 2, 2, 2, 1, 1, 0, 0, 1, 0, 2, 2, 0, 1, 2, 0, 1, 2, 2, 0, 0, 1, 2, 1, 0, 1, 0, 2, 0, 1, 1, 0, 1, 1, 1, 0, 2, 1, 1, 0, 0, 0, 0, 1, 1, 2, 1, 2, 0, 0, 0, 2, 1, 0, 1, 0, 1, 2, 1, 1, 1, 1, 1, 2, 0, 1, 2, 0, 0, 0, 1, 0, 1, 0, 0, 1, 0, 0, 0, 2, 0, 1, 0, 2, 0, 1, 1, 0, 0, 1, 0]|[4, 3, 2, 2, 0, 0, 2, 2, 2, 4, 1, 1, 2, 4, 4, 1, 1, 4, 2, 1, 1, 1, 1, 2, 1, 2, 1, 1, 1, 1, 3, 2, 3, 0, 4, 0, 1, 1, 0, 3, 2, 2, 4, 0, 1, 1, 3, 2, 0, 1, 2, 2, 1, 4, 0, 3, 2, 1, 1, 2, 1, 3, 1, 1, 2, 3, 0, 4, 3, 1, 4, 1, 1, 2, 4, 1, 2, 1, 1, 3, 2, 3, 1, 1, 1, 1, 1, 1, 1, 1, 3, 2, 1, 1, 4, 1, 2, 2, 3, 2]|[0, 2, 1, 1, 3, 3, 0, 1, 0, 0, 0, 0, 1, 0, 1, 0, 0, 3, 1, 0, 0, 0, 3, 1, 0, 2, 0, 0, 0, 1, 0, 0, 0, 0, 3, 0, 1, 0, 0, 2, 1, 1, 2, 0, 0, 0, 0, 1, 1, 0, 0, 0, 1, 3, 0, 0, 1, 0, 0, 1, 0, 2, 0, 1, 1, 2, 1, 0, 0, 1, 1, 3, 0, 1, 3, 0, 1, 0, 0, 2, 1, 0, 0, 0, 1, 0, 0, 0, 0, 0, 2, 1, 0, 1, 3, 1, 0, 0, 0, 0],845.7931659427186,57778.757532044474,86593.12219517957,false
56,G1_CMAX,G4_BALANCED,[31, 22, 82, 15, 26, 58, 95, 42, 77, 12, 47, 5, 93, 78, 86, 54, 85, 63, 18, 44, 20, 35, 43, 97, 91, 76, 10, 30, 21, 45, 71, 64, 1, 23, 17, 83, 24, 14, 60, 36, 6, 57, 40, 88, 65, 56, 79, 94, 67, 68, 46, 75, 38, 9, 19, 32, 81, 41, 27, 62, 87, 90, 99, 59, 11, 16, 72, 73, 70, 39, 37, 84, 3, 92, 25, 74, 28, 29, 51, 7, 53, 61, 98, 48, 89, 50, 66, 96, 33, 80, 4, 2, 55, 49, 0, 52, 13, 8, 69, 34]|[1, 1, 0, 1, 1, 0, 1, 2, 2, 1, 2, 2, 2, 1, 1, 0, 0, 1, 0, 2, 2, 0, 1, 2, 0, 1, 2, 2, 0, 0, 1, 2, 1, 2, 1, 0, 2, 0, 1, 1, 0, 1, 1, 1, 0, 2, 1, 1, 0, 0, 0, 0, 1, 1, 2, 1, 2, 0, 0, 0, 2, 1, 0, 1, 2, 1, 2, 1, 2, 1, 1, 1, 2, 0, 1, 2, 1, 0, 0, 1, 0, 1, 2, 0, 1, 0, 2, 2, 2, 0, 1, 0, 2, 0, 0, 1, 0, 1, 1, 2]|[4, 3, 2, 2, 4, 1, 2, 2, 2, 4, 1, 1, 2, 4, 4, 1, 2, 4, 2, 1, 1, 1, 1, 2, 1, 2, 1, 1, 1, 1, 3, 2, 3, 1, 4, 0, 1, 1, 0, 3, 2, 2, 2, 0, 1, 1, 3, 4, 0, 1, 2, 2, 1, 4, 0, 3, 1, 1, 1, 2, 1, 3, 1, 1, 1, 3, 0, 4, 1, 1, 4, 1, 1, 0, 4, 1, 4, 1, 1, 3, 2, 3, 1, 1, 1, 1, 1, 1, 1, 1, 4, 2, 1, 1, 2, 1, 2, 3, 3, 1]|[0, 2, 1, 1, 3, 0, 1, 0, 0, 0, 0, 0, 1, 0, 1, 0, 0, 3, 1, 0, 0, 0, 3, 1, 0, 2, 0, 0, 0, 0, 0, 0, 0, 0, 3, 0, 1, 0, 0, 2, 1, 1, 1, 0, 0, 0, 0, 2, 1, 0, 0, 0, 1, 3, 0, 0, 0, 0, 0, 1, 0, 2, 0, 1, 0, 2, 1, 0, 0, 1, 1, 3, 0, 1, 3, 0, 1, 0, 0, 2, 1, 0, 0, 0, 1, 0, 0, 0, 0, 0, 0, 0, 0, 1, 0, 1, 0, 2, 2, 0],802.3321713614728,55001.588468554124,99079.34928502931,true
56,G4_BALANCED,G4_BALANCED,[31, 11, 82, 15, 26, 9, 95, 42, 77, 68, 47, 5, 93, 78, 86, 54, 85, 63, 18, 44, 20, 49, 36, 14, 74, 50, 53, 17, 21, 45, 71, 64, 3, 23, 30, 83, 24, 41, 60, 52, 65, 27, 90, 70, 39, 87, 48, 69, 99, 4, 46, 1, 13, 58, 97, 59, 28, 75, 73, 37, 35, 79, 22, 66, 76, 32, 40, 80, 96, 6, 16, 61, 33, 7, 57, 34, 12, 67, 10, 98, 56, 88, 29, 8, 91, 38, 19, 92, 43, 2, 89, 72, 51, 25, 84, 55, 62, 81, 94, 0]|[2, 1, 2, 1, 1, 2, 1, 1, 1, 1, 1, 0, 2, 2, 1, 2, 0, 0, 0, 2, 2, 1, 0, 2, 0, 2, 2, 1, 0, 1, 1, 1, 0, 0, 2, 0, 2, 1, 2, 2, 0, 0, 1, 1, 0, 2, 0, 2, 1, 0, 0, 2, 0, 0, 2, 0, 1, 1, 0, 0, 2, 1, 0, 2, 2, 0, 2, 2, 0, 1, 2, 1, 2, 2, 0, 1, 1, 1, 1, 2, 2, 1, 1, 0, 1, 0, 1, 0, 1, 2, 1, 1, 1, 1, 0, 0, 1, 1, 2, 0]|[0, 3, 0, 2, 4, 1, 4, 4, 2, 4, 3, 2, 1, 0, 2, 1, 1, 1, 2, 1, 1, 3, 0, 1, 0, 1, 1, 4, 1, 4, 3, 2, 2, 0, 1, 1, 1, 4, 0, 1, 2, 1, 4, 4, 1, 1, 0, 2, 3, 2, 2, 1, 2, 1, 1, 2, 4, 3, 0, 2, 2, 3, 1, 0, 1, 2, 0, 1, 2, 4, 1, 3, 1, 1, 2, 4, 3, 3, 3, 1, 1, 4, 3, 2, 3, 2, 4, 2, 4, 1, 4, 4, 3, 4, 2, 2, 3, 4, 1, 2]|[0, 2, 0, 1, 3, 0, 1, 3, 0, 0, 2, 0, 1, 0, 1, 0, 0, 0, 1, 0, 0, 2, 0, 0, 1, 0, 0, 3, 0, 1, 0, 2, 0, 1, 0, 0, 1, 3, 1, 0, 0, 0, 1, 3, 0, 0, 1, 0, 2, 0, 0, 0, 0, 0, 1, 0, 1, 0, 1, 1, 0, 2, 0, 0, 0, 0, 1, 0, 0, 2, 0, 0, 0, 0, 0, 1, 0, 0, 3, 0, 0, 1, 3, 0, 0, 0, 1, 0, 2, 0, 1, 2, 0, 3, 0, 0, 0, 1, 0, 0],852.5184451675896,52077.87777408223,105904.01879381535,false
56,G2_TEC,G2_TEC,[31, 94, 82, 15, 26, 9, 95, 42, 77, 68, 47, 5, 93, 78, 86, 54, 85, 63, 18, 44, 20, 49, 36, 14, 74, 50, 53, 17, 21, 28, 11, 64, 3, 23, 30, 83, 24, 41, 40, 52, 65, 27, 90, 70, 39, 87, 48, 69, 99, 4, 98, 1, 13, 56, 97, 59, 45, 8, 73, 37, 35, 79, 71, 75, 76, 16, 60, 80, 58, 6, 67, 61, 33, 7, 57, 34, 12, 32, 10, 46, 96, 88, 43, 81, 91, 2, 84, 29, 92, 19, 51, 55, 89, 66, 25, 22, 38, 72, 62, 0]|[2, 1, 2, 1, 1, 2, 1, 1, 1, 1, 1, 0, 2, 2, 1, 2, 0, 0, 0, 2, 2, 1, 0, 2, 0, 2, 2, 1, 0, 1, 1, 1, 0, 0, 1, 0, 2, 1, 2, 2, 0, 0, 1, 1, 0, 2, 0, 2, 1, 0, 2, 2, 0, 2, 2, 0, 1, 1, 0, 0, 2, 1, 1, 0, 2, 2, 2, 2, 2, 1, 2, 1, 1, 2, 0, 1, 1, 0, 1, 0, 0, 1, 1, 1, 1, 0, 0, 1, 0, 1, 1, 0, 1, 2, 1, 2, 0, 1, 1, 0]|[0, 3, 0, 3, 4, 1, 4, 4, 4, 4, 3, 2, 1, 0, 2, 1, 1, 1, 2, 1, 1, 3, 0, 1, 0, 1, 1, 4, 1, 4, 3, 2, 2, 0, 4, 1, 1, 4, 1, 1, 2, 1, 4, 4, 1, 1, 0, 1, 3, 2, 1, 1, 2, 1, 1, 2, 4, 3, 0, 2, 1, 3, 3, 2, 1, 1, 1, 1, 1, 4, 1, 3, 4, 1, 2, 4, 3, 2, 3, 2, 2, 4, 4, 4, 3, 2, 2, 3, 2, 4, 3, 2, 4, 1, 4, 1, 2, 4, 3, 2]|[0, 2, 0, 0, 3, 0, 1, 3, 1, 0, 2, 0, 1, 0, 1, 0, 0, 0, 1, 0, 0, 2, 0, 0, 1, 0, 0, 3, 0, 1, 0, 2, 0, 0, 3, 0, 1, 1, 0, 0, 0, 0, 1, 3, 0, 0, 1, 0, 2, 0, 0, 0, 0, 0, 1, 0, 1, 0, 1, 1, 0, 2, 0, 0, 0, 0, 0, 0, 0, 2, 0, 0, 1, 0, 0, 1, 0, 0, 3, 0, 0, 1, 2, 2, 0, 0, 0, 3, 0, 1, 0, 0, 1, 0, 3, 0, 0, 1, 0, 0],910.6016522559228,48427.915453382215,107149.35343126023,false
56,G3_TWC,G3_TWC,[31, 22, 42, 15, 26, 58, 95, 82, 77, 12, 47, 5, 93, 78, 98, 54, 85, 63, 18, 44, 20, 35, 43, 97, 91, 76, 10, 30, 21, 45, 71, 64, 1, 23, 17, 83, 24, 61, 60, 49, 6, 57, 94, 88, 65, 56, 79, 40, 67, 68, 46, 75, 0, 9, 19, 32, 81, 41, 27, 62, 87, 90, 99, 59, 53, 16, 72, 73, 70, 39, 37, 84, 3, 92, 25, 74, 28, 38, 51, 7, 11, 14, 86, 48, 89, 66, 50, 96, 33, 80, 8, 4, 34, 36, 55, 52, 13, 2, 69, 29]|[1, 1, 0, 1, 1, 1, 2, 1, 2, 1, 2, 2, 2, 1, 1, 0, 0, 1, 0, 2, 2, 0, 1, 2, 0, 1, 2, 2, 0, 0, 1, 2, 1, 0, 1, 0, 2, 0, 1, 1, 0, 1, 1, 1, 0, 2, 1, 1, 0, 0, 0, 0, 1, 1, 2, 1, 2, 0, 0, 0, 2, 1, 0, 1, 0, 1, 2, 1, 1, 1, 1, 1, 2, 0, 1, 2, 0, 0, 0, 1, 0, 1, 0, 0, 1, 0, 0, 0, 2, 0, 1, 0, 2, 0, 1, 1, 0, 0, 1, 0]|[4, 3, 2, 2, 0, 0, 2, 2, 2, 4, 1, 1, 2, 4, 4, 1, 1, 4, 2, 1, 1, 1, 1, 2, 1, 2, 1, 1, 1, 1, 3, 2, 3, 0, 4, 0, 1, 1, 0, 3, 2, 2, 4, 0, 1, 1, 3, 2, 0, 1, 2, 2, 1, 4, 0, 3, 2, 1, 1, 2, 1, 3, 1, 1, 2, 3, 0, 4, 3, 1, 4, 1, 1, 2, 4, 1, 2, 1, 1, 3, 2, 3, 1, 1, 1, 1, 1, 1, 1, 1, 3, 2, 1, 1, 4, 1, 2, 2, 3, 2]|[0, 2, 1, 1, 3, 3, 0, 1, 0, 0, 0, 0, 1, 0, 1, 0, 0, 3, 1, 0, 0, 0, 3, 1, 0, 2, 0, 0, 0, 1, 0, 0, 0, 0, 3, 0, 1, 0, 0, 2, 1, 1, 2, 0, 0, 0, 0, 1, 1, 0, 0, 0, 1, 3, 0, 0, 1, 0, 0, 1, 0, 2, 0, 1, 1, 2, 1, 0, 0, 1, 1, 3, 0, 1, 3, 0, 1, 0, 0, 2, 1, 0, 0, 0, 1, 0, 0, 0, 0, 0, 2, 1, 0, 1, 3, 1, 0, 0, 0, 0],845.7931659427186,57778.757532044474,86593.12219517957,false
56,G1_CMAX,G4_BALANCED,[31, 22, 26, 15, 82, 99, 95, 42, 77, 12, 47, 5, 93, 78, 86, 54, 21, 63, 18, 44, 20, 35, 43, 97, 91, 76, 10, 30, 85, 45, 71, 64, 1, 23, 57, 83, 24, 14, 60, 36, 6, 17, 40, 88, 65, 56, 79, 94, 67, 68, 46, 75, 38, 9, 19, 32, 41, 81, 27, 87, 90, 58, 59, 11, 16, 72, 73, 70, 39, 37, 84, 3, 92, 25, 62, 55, 28, 29, 51, 7, 33, 61, 98, 48, 89, 50, 4, 34, 53, 80, 8, 66, 96, 49, 52, 0, 74, 69, 2, 13]|[1, 1, 0, 1, 1, 0, 1, 1, 2, 1, 2, 2, 2, 1, 1, 0, 0, 1, 0, 2, 2, 0, 1, 2, 0, 1, 2, 2, 0, 0, 1, 2, 1, 2, 1, 0, 2, 0, 1, 1, 0, 1, 1, 1, 0, 2, 1, 1, 0, 0, 0, 0, 1, 1, 2, 1, 0, 2, 0, 2, 1, 0, 1, 2, 1, 2, 1, 1, 1, 1, 1, 1, 0, 1, 0, 2, 0, 0, 2, 1, 2, 1, 2, 0, 1, 0, 1, 2, 0, 0, 1, 2, 2, 0, 1, 0, 2, 1, 0, 0]|[0, 3, 2, 2, 4, 1, 2, 3, 2, 4, 1, 1, 2, 4, 4, 1, 1, 4, 2, 1, 1, 1, 1, 2, 1, 2, 1, 1, 2, 1, 3, 2, 3, 1, 2, 0, 1, 1, 0, 3, 2, 4, 2, 0, 1, 1, 0, 4, 0, 1, 2, 2, 1, 4, 0, 3, 1, 1, 1, 1, 3, 1, 1, 1, 3, 0, 4, 3, 1, 4, 1, 1, 0, 4, 2, 1, 2, 1, 2, 1, 1, 3, 1, 1, 1, 1, 4, 1, 2, 1, 3, 1, 1, 1, 1, 2, 1, 4, 2, 2]|[0, 2, 1, 1, 3, 0, 1, 3, 0, 0, 0, 0, 1, 0, 1, 0, 0, 3, 1, 0, 0, 0, 3, 1, 0, 2, 0, 0, 0, 1, 0, 0, 0, 0, 1, 0, 1, 0, 0, 2, 1, 3, 1, 0, 0, 0, 0, 2, 1, 0, 0, 0, 1, 3, 0, 0, 0, 0, 0, 0, 2, 0, 1, 0, 2, 1, 0, 0, 1, 1, 3, 1, 1, 3, 1, 0, 1, 0, 1, 2, 0, 0, 0, 0, 1, 0, 0, 0, 1, 0, 2, 0, 0, 1, 1, 0, 0, 2, 0, 0],719.9713831019282,57349.30822281929,93068.63967491605,true
56,G4_BALANCED,G1_CMAX,[31, 22, 42, 15, 26, 58, 95, 82, 77, 12, 47, 5, 93, 78, 98, 54, 85, 63, 18, 44, 20, 35, 43, 97, 91, 76, 10, 30, 21, 45, 71, 64, 1, 23, 17, 83, 24, 61, 60, 36, 6, 57, 94, 88, 65, 56, 79, 40, 67, 68, 46, 29, 38, 9, 19, 32, 81, 41, 27, 62, 87, 90, 99, 59, 53, 16, 72, 73, 70, 39, 37, 84, 3, 92, 25, 55, 28, 75, 51, 50, 11, 14, 86, 48, 89, 66, 7, 96, 33, 80, 8, 69, 34, 49, 74, 52, 13, 2, 4, 0]|[1, 1, 0, 1, 1, 1, 2, 1, 2, 1, 2, 2, 2, 1, 1, 0, 0, 1, 0, 2, 2, 0, 1, 2, 0, 1, 2, 2, 0, 0, 1, 2, 1, 0, 1, 0, 2, 0, 1, 1, 0, 1, 1, 1, 0, 2, 1, 1, 0, 0, 0, 0, 1, 1, 2, 1, 2, 2, 0, 0, 2, 1, 0, 1, 0, 1, 2, 1, 1, 1, 1, 1, 2, 0, 1, 2, 0, 0, 0, 1, 2, 1, 0, 0, 1, 2, 1, 2, 2, 0, 1, 0, 2, 2, 2, 1, 0, 0, 0, 1]|[4, 3, 2, 2, 0, 0, 2, 2, 2, 4, 1, 1, 2, 4, 4, 1, 1, 4, 2, 1, 1, 1, 1, 2, 1, 2, 1, 1, 1, 1, 3, 2, 3, 0, 4, 0, 1, 1, 0, 3, 2, 2, 4, 0, 1, 1, 3, 2, 0, 1, 2, 2, 1, 4, 0, 3, 2, 1, 1, 2, 1, 3, 1, 1, 2, 3, 1, 4, 3, 1, 4, 1, 1, 2, 4, 1, 2, 1, 1, 3, 1, 3, 1, 1, 1, 1, 3, 1, 1, 1, 3, 2, 1, 1, 1, 1, 2, 2, 2, 1]|[0, 2, 1, 1, 3, 3, 0, 1, 0, 0, 0, 0, 1, 0, 1, 0, 0, 3, 1, 0, 0, 0, 3, 1, 0, 2, 0, 0, 0, 1, 0, 0, 0, 0, 3, 0, 1, 0, 0, 2, 1, 1, 2, 0, 0, 0, 0, 1, 1, 0, 0, 0, 1, 3, 0, 0, 1, 0, 0, 1, 0, 2, 0, 1, 1, 2, 0, 0, 0, 1, 1, 3, 0, 1, 3, 0, 1, 0, 0, 2, 0, 0, 0, 0, 1, 0, 2, 0, 0, 0, 2, 1, 0, 0, 0, 1, 0, 0, 1, 1],778.7811978546462,56357.23198888963,91105.11058634704,true
56,G2_TEC,G2_TEC,[31, 94, 82, 15, 26, 9, 95, 42, 77, 68, 47, 5, 93, 78, 86, 54, 85, 63, 18, 44, 20, 49, 36, 14, 74, 50, 53, 17, 21, 28, 11, 64, 3, 23, 30, 83, 24, 41, 40, 52, 65, 27, 90, 70, 39, 87, 48, 69, 99, 4, 98, 1, 13, 56, 97, 59, 45, 8, 73, 37, 35, 79, 71, 75, 76, 16, 60, 80, 58, 6, 67, 61, 33, 7, 57, 34, 12, 32, 10, 46, 96, 88, 43, 81, 91, 2, 84, 29, 92, 19, 51, 55, 89, 66, 25, 22, 38, 72, 62, 0]|[2, 1, 2, 1, 1, 2, 1, 1, 1, 1, 1, 0, 2, 2, 1, 2, 0, 0, 0, 2, 2, 1, 0, 2, 0, 2, 2, 1, 0, 1, 1, 1, 0, 0, 1, 0, 2, 1, 2, 2, 0, 0, 1, 1, 0, 2, 0, 2, 1, 0, 2, 2, 0, 2, 2, 0, 1, 1, 0, 0, 2, 1, 1, 0, 2, 2, 2, 2, 2, 1, 2, 1, 1, 2, 0, 1, 1, 0, 1, 0, 0, 1, 1, 1, 1, 0, 0, 1, 0, 1, 1, 0, 1, 2, 1, 2, 0, 1, 1, 0]|[0, 3, 0, 3, 4, 1, 4, 4, 4, 4, 3, 2, 1, 0, 2, 1, 1, 1, 2, 1, 1, 3, 0, 1, 0, 1, 1, 4, 1, 4, 3, 2, 2, 0, 4, 1, 1, 4, 1, 1, 2, 1, 4, 4, 1, 1, 0, 1, 3, 2, 1, 1, 2, 1, 1, 2, 4, 3, 0, 2, 1, 3, 3, 2, 1, 1, 1, 1, 1, 4, 1, 3, 4, 1, 2, 4, 3, 2, 3, 2, 2, 4, 4, 4, 3, 2, 2, 3, 2, 4, 3, 2, 4, 1, 4, 1, 2, 4, 3, 2]|[0, 2, 0, 0, 3, 0, 1, 3, 1, 0, 2, 0, 1, 0, 1, 0, 0, 0, 1, 0, 0, 2, 0, 0, 1, 0, 0, 3, 0, 1, 0, 2, 0, 0, 3, 0, 1, 1, 0, 0, 0, 0, 1, 3, 0, 0, 1, 0, 2, 0, 0, 0, 0, 0, 1, 0, 1, 0, 1, 1, 0, 2, 0, 0, 0, 0, 0, 0, 0, 2, 0, 0, 1, 0, 0, 1, 0, 0, 3, 0, 0, 1, 2, 2, 0, 0, 0, 3, 0, 1, 0, 0, 1, 0, 3, 0, 0, 1, 0, 0],910.6016522559228,48427.915453382215,107149.35343126023,false
56,G3_TWC,G3_TWC,[31, 22, 42, 15, 26, 58, 95, 82, 77, 12, 47, 5, 93, 78, 98, 54, 85, 63, 18, 44, 20, 35, 43, 97, 91, 76, 10, 30, 21, 45, 71, 64, 1, 23, 17, 83, 24, 61, 60, 49, 6, 57, 94, 88, 65, 56, 79, 40, 67, 68, 46, 75, 0, 9, 19, 32, 81, 41, 27, 62, 87, 90, 99, 59, 53, 16, 72, 73, 70, 39, 37, 84, 3, 92, 25, 74, 28, 38, 51, 7, 11, 14, 86, 48, 89, 66, 50, 96, 33, 80, 8, 4, 34, 36, 55, 52, 13, 2, 69, 29]|[1, 1, 0, 1, 1, 1, 2, 1, 2, 1, 2, 2, 2, 1, 1, 0, 0, 1, 0, 2, 2, 0, 1, 2, 0, 1, 2, 2, 0, 0, 1, 2, 1, 0, 1, 0, 2, 0, 1, 1, 0, 1, 1, 1, 0, 2, 1, 1, 0, 0, 0, 0, 1, 1, 2, 1, 2, 0, 0, 0, 2, 1, 0, 1, 0, 1, 2, 1, 1, 1, 1, 1, 2, 0, 1, 2, 0, 0, 0, 1, 0, 1, 0, 0, 1, 0, 0, 0, 2, 0, 1, 0, 2, 0, 1, 1, 0, 0, 1, 0]|[4, 3, 2, 2, 0, 0, 2, 2, 2, 4, 1, 1, 2, 4, 4, 1, 1, 4, 2, 1, 1, 1, 1, 2, 1, 2, 1, 1, 1, 1, 3, 2, 3, 0, 4, 0, 1, 1, 0, 3, 2, 2, 4, 0, 1, 1, 3, 2, 0, 1, 2, 2, 1, 4, 0, 3, 2, 1, 1, 2, 1, 3, 1, 1, 2, 3, 0, 4, 3, 1, 4, 1, 1, 2, 4, 1, 2, 1, 1, 3, 2, 3, 1, 1, 1, 1, 1, 1, 1, 1, 3, 2, 1, 1, 4, 1, 2, 2, 3, 2]|[0, 2, 1, 1, 3, 3, 0, 1, 0, 0, 0, 0, 1, 0, 1, 0, 0, 3, 1, 0, 0, 0, 3, 1, 0, 2, 0, 0, 0, 1, 0, 0, 0, 0, 3, 0, 1, 0, 0, 2, 1, 1, 2, 0, 0, 0, 0, 1, 1, 0, 0, 0, 1, 3, 0, 0, 1, 0, 0, 1, 0, 2, 0, 1, 1, 2, 1, 0, 0, 1, 1, 3, 0, 1, 3, 0, 1, 0, 0, 2, 1, 0, 0, 0, 1, 0, 0, 0, 0, 0, 2, 1, 0, 1, 3, 1, 0, 0, 0, 0],845.7931659427186,57778.757532044474,86593.12219517957,false
56,G1_CMAX,G1_CMAX,[31, 22, 42, 15, 26, 58, 95, 82, 77, 12, 47, 5, 93, 78, 98, 54, 85, 63, 18, 96, 20, 35, 43, 97, 91, 76, 10, 30, 21, 45, 71, 64, 1, 23, 17, 83, 24, 14, 60, 36, 6, 57, 94, 88, 65, 56, 79, 40, 67, 68, 46, 75, 38, 9, 19, 32, 81, 41, 27, 62, 87, 90, 99, 59, 11, 16, 72, 73, 70, 39, 37, 84, 3, 92, 25, 74, 28, 29, 51, 7, 53, 61, 86, 48, 89, 50, 66, 44, 33, 80, 4, 2, 55, 49, 0, 52, 13, 8, 69, 34]|[1, 1, 0, 1, 1, 1, 2, 1, 2, 1, 2, 2, 2, 1, 1, 0, 0, 1, 0, 2, 2, 0, 1, 2, 0, 1, 2, 2, 0, 0, 1, 2, 1, 2, 1, 0, 2, 0, 1, 1, 0, 1, 1, 1, 0, 2, 1, 1, 0, 0, 0, 0, 1, 1, 2, 1, 2, 0, 0, 0, 2, 1, 0, 1, 2, 1, 2, 1, 1, 1, 1, 1, 2, 0, 1, 2, 2, 0, 0, 1, 0, 1, 0, 0, 1, 0, 2, 2, 2, 0, 0, 0, 1, 0, 0, 1, 0, 1, 1, 2]|[4, 3, 2, 2, 0, 0, 2, 2, 2, 4, 1, 1, 2, 4, 4, 1, 1, 4, 2, 1, 1, 1, 1, 2, 1, 2, 1, 1, 1, 1, 3, 2, 3, 0, 4, 0, 1, 1, 0, 3, 2, 2, 4, 0, 1, 1, 3, 2, 0, 1, 2, 2, 1, 4, 0, 3, 2, 1, 1, 2, 1, 3, 1, 1, 1, 3, 0, 4, 3, 1, 4, 1, 1, 2, 4, 1, 1, 1, 1, 3, 2, 3, 1, 1, 1, 1, 1, 1, 1, 1, 2, 2, 4, 1, 2, 1, 2, 3, 4, 1]|[0, 2, 1, 1, 3, 3, 0, 1, 0, 0, 0, 0, 1, 0, 1, 0, 0, 3, 1, 0, 0, 0, 3, 1, 0, 2, 0, 0, 0, 1, 0, 0, 0, 0, 3, 0, 1, 0, 0, 2, 1, 1, 2, 0, 0, 0, 0, 1, 1, 0, 0, 0, 1, 3, 0, 0, 1, 0, 0, 1, 0, 2, 0, 1, 0, 2, 1, 0, 0, 1, 1, 3, 0, 1, 3, 0, 0, 0, 0, 2, 1, 0, 0, 0, 1, 0, 0, 0, 0, 0, 1, 0, 3, 1, 0, 1, 0, 2, 2, 0],759.9613521850492,57083.19960056535,89794.17356421678,false
56,G4_BALANCED,G4_BALANCED,[31, 22, 42, 15, 26, 58, 95, 82, 77, 12, 47, 5, 93, 78, 98, 54, 85, 63, 18, 44, 20, 35, 43, 97, 91, 76, 10, 30, 21, 61, 71, 64, 1, 23, 17, 83, 24, 45, 60, 36, 6, 57, 94, 88, 65, 56, 79, 40, 67, 68, 46, 75, 38, 9, 19, 32, 81, 41, 27, 62, 87, 90, 99, 59, 11, 16, 72, 73, 70, 39, 37, 84, 3, 92, 25, 74, 28, 29, 51, 50, 33, 14, 86, 66, 89, 7, 4, 96, 53, 80, 69, 8, 48, 49, 52, 0, 13, 2, 34, 55]|[1, 1, 1, 1, 1, 1, 2, 1, 2, 1, 2, 2, 2, 1, 1, 0, 0, 1, 0, 2, 2, 0, 1, 2, 0, 1, 2, 2, 0, 0, 1, 2, 1, 2, 1, 0, 2, 0, 1, 1, 0, 1, 1, 1, 0, 2, 1, 1, 0, 0, 0, 0, 1, 1, 2, 1, 2, 2, 0, 0, 2, 1, 0, 1, 2, 1, 2, 1, 1, 1, 1, 1, 2, 1, 1, 2, 0, 0, 0, 1, 2, 1, 2, 2, 1, 0, 0, 0, 0, 0, 2, 1, 0, 0, 1, 0, 0, 0, 2, 1]|[4, 3, 2, 2, 0, 0, 2, 2, 2, 4, 1, 1, 2, 4, 4, 1, 1, 4, 2, 1, 1, 1, 1, 2, 1, 2, 1, 1, 1, 1, 3, 2, 3, 0, 4, 0, 1, 1, 0, 3, 2, 2, 4, 0, 1, 1, 0, 2, 0, 1, 2, 2, 1, 4, 0, 3, 2, 1, 1, 2, 1, 3, 1, 1, 1, 3, 0, 4, 3, 1, 4, 1, 1, 4, 4, 1, 2, 1, 1, 3, 1, 3, 1, 1, 1, 1, 2, 1, 2, 1, 1, 3, 1, 1, 1, 2, 2, 2, 1, 4]|[0, 2, 1, 1, 3, 3, 0, 1, 0, 0, 0, 0, 1, 0, 1, 0, 0, 3, 1, 0, 0, 0, 3, 1, 0, 2, 0, 0, 0, 1, 0, 0, 0, 0, 3, 0, 1, 0, 0, 2, 1, 1, 2, 0, 0, 0, 0, 1, 1, 0, 0, 0, 1, 3, 0, 0, 1, 0, 0, 1, 0, 2, 0, 1, 0, 2, 1, 0, 0, 1, 1, 3, 0, 0, 3, 0, 1, 0, 0, 2, 0, 0, 0, 0, 1, 0, 1, 0, 1, 0, 0, 2, 0, 1, 1, 0, 0, 0, 0, 3],726.4647195477412,56848.092206771835,94069.90285494676,false
56,G2_TEC,G2_TEC,[31, 94, 82, 15, 26, 9, 95, 42, 77, 68, 47, 5, 93, 78, 86, 54, 85, 63, 18, 44, 20, 49, 36, 14, 74, 50, 53, 17, 21, 28, 11, 64, 3, 23, 30, 83, 24, 41, 40, 52, 65, 27, 90, 70, 39, 87, 48, 69, 99, 4, 98, 1, 13, 56, 97, 59, 45, 8, 73, 37, 35, 79, 71, 75, 76, 16, 60, 80, 58, 6, 67, 61, 33, 7, 57, 34, 12, 32, 10, 46, 96, 88, 43, 81, 91, 2, 84, 29, 92, 19, 51, 55, 89, 66, 25, 22, 38, 72, 62, 0]|[2, 1, 2, 1, 1, 2, 1, 1, 1, 1, 1, 0, 2, 2, 1, 2, 0, 0, 0, 2, 2, 1, 0, 2, 0, 2, 2, 1, 0, 1, 1, 1, 0, 0, 1, 0, 2, 1, 2, 2, 0, 0, 1, 1, 0, 2, 0, 2, 1, 0, 2, 2, 0, 2, 2, 0, 1, 1, 0, 0, 2, 1, 1, 0, 2, 2, 2, 2, 2, 1, 2, 1, 1, 2, 0, 1, 1, 0, 1, 0, 0, 1, 1, 1, 1, 0, 0, 1, 0, 1, 1, 0, 1, 2, 1, 2, 0, 1, 1, 0]|[0, 3, 0, 3, 4, 1, 4, 4, 4, 4, 3, 2, 1, 0, 2, 1, 1, 1, 2, 1, 1, 3, 0, 1, 0, 1, 1, 4, 1, 4, 3, 2, 2, 0, 4, 1, 1, 4, 1, 1, 2, 1, 4, 4, 1, 1, 0, 1, 3, 2, 1, 1, 2, 1, 1, 2, 4, 3, 0, 2, 1, 3, 3, 2, 1, 1, 1, 1, 1, 4, 1, 3, 4, 1, 2, 4, 3, 2, 3, 2, 2, 4, 4, 4, 3, 2, 2, 3, 2, 4, 3, 2, 4, 1, 4, 1, 2, 4, 3, 2]|[0, 2, 0, 0, 3, 0, 1, 3, 1, 0, 2, 0, 1, 0, 1, 0, 0, 0, 1, 0, 0, 2, 0, 0, 1, 0, 0, 3, 0, 1, 0, 2, 0, 0, 3, 0, 1, 1, 0, 0, 0, 0, 1, 3, 0, 0, 1, 0, 2, 0, 0, 0, 0, 0, 1, 0, 1, 0, 1, 1, 0, 2, 0, 0, 0, 0, 0, 0, 0, 2, 0, 0, 1, 0, 0, 1, 0, 0, 3, 0, 0, 1, 2, 2, 0, 0, 0, 3, 0, 1, 0, 0, 1, 0, 3, 0, 0, 1, 0, 0],910.6016522559228,48427.915453382215,107149.35343126023,false
56,G3_TWC,G3_TWC,[31, 22, 42, 15, 26, 58, 95, 82, 77, 12, 47, 5, 93, 78, 98, 54, 85, 63, 18, 44, 20, 35, 43, 97, 91, 76, 10, 30, 21, 45, 71, 64, 1, 23, 17, 83, 24, 61, 60, 49, 6, 57, 94, 88, 65, 56, 79, 40, 67, 68, 46, 75, 0, 9, 19, 32, 81, 41, 27, 62, 87, 90, 99, 59, 53, 16, 72, 73, 70, 39, 37, 84, 3, 92, 25, 74, 28, 38, 51, 7, 11, 14, 86, 48, 89, 66, 50, 96, 33, 80, 8, 4, 34, 36, 55, 52, 13, 2, 69, 29]|[1, 1, 0, 1, 1, 1, 2, 1, 2, 1, 2, 2, 2, 1, 1, 0, 0, 1, 0, 2, 2, 0, 1, 2, 0, 1, 2, 2, 0, 0, 1, 2, 1, 0, 1, 0, 2, 0, 1, 1, 0, 1, 1, 1, 0, 2, 1, 1, 0, 0, 0, 0, 1, 1, 2, 1, 2, 0, 0, 0, 2, 1, 0, 1, 0, 1, 2, 1, 1, 1, 1, 1, 2, 0, 1, 2, 0, 0, 0, 1, 0, 1, 0, 0, 1, 0, 0, 0, 2, 0, 1, 0, 2, 0, 1, 1, 0, 0, 1, 0]|[4, 3, 2, 2, 0, 0, 2, 2, 2, 4, 1, 1, 2, 4, 4, 1, 1, 4, 2, 1, 1, 1, 1, 2, 1, 2, 1, 1, 1, 1, 3, 2, 3, 0, 4, 0, 1, 1, 0, 3, 2, 2, 4, 0, 1, 1, 3, 2, 0, 1, 2, 2, 1, 4, 0, 3, 2, 1, 1, 2, 1, 3, 1, 1, 2, 3, 0, 4, 3, 1, 4, 1, 1, 2, 4, 1, 2, 1, 1, 3, 2, 3, 1, 1, 1, 1, 1, 1, 1, 1, 3, 2, 1, 1, 4, 1, 2, 2, 3, 2]|[0, 2, 1, 1, 3, 3, 0, 1, 0, 0, 0, 0, 1, 0, 1, 0, 0, 3, 1, 0, 0, 0, 3, 1, 0, 2, 0, 0, 0, 1, 0, 0, 0, 0, 3, 0, 1, 0, 0, 2, 1, 1, 2, 0, 0, 0, 0, 1, 1, 0, 0, 0, 1, 3, 0, 0, 1, 0, 0, 1, 0, 2, 0, 1, 1, 2, 1, 0, 0, 1, 1, 3, 0, 1, 3, 0, 1, 0, 0, 2, 1, 0, 0, 0, 1, 0, 0, 0, 0, 0, 2, 1, 0, 1, 3, 1, 0, 0, 0, 0],845.7931659427186,57778.757532044474,86593.12219517957,false
56,G1_CMAX,G3_TWC,[31, 22, 42, 15, 26, 58, 95, 82, 77, 12, 47, 5, 93, 78, 98, 54, 85, 63, 18, 44, 20, 35, 43, 97, 91, 76, 10, 30, 21, 45, 71, 64, 1, 23, 17, 83, 24, 61, 60, 36, 6, 57, 94, 88, 65, 56, 79, 40, 67, 68, 46, 75, 38, 9, 19, 32, 81, 41, 27, 62, 87, 90, 99, 59, 53, 16, 72, 73, 70, 39, 37, 84, 3, 96, 25, 74, 28, 29, 51, 7, 11, 14, 86, 48, 89, 50, 66, 92, 33, 80, 4, 8, 0, 49, 55, 52, 13, 2, 69, 34]|[1, 1, 0, 1, 1, 1, 2, 1, 2, 1, 2, 2, 2, 1, 1, 0, 0, 1, 0, 2, 2, 0, 1, 2, 0, 1, 2, 2, 0, 0, 1, 2, 1, 2, 1, 0, 2, 0, 1, 1, 0, 1, 1, 1, 0, 2, 1, 1, 0, 0, 0, 0, 1, 1, 2, 1, 2, 0, 0, 0, 2, 1, 0, 1, 2, 1, 2, 1, 1, 1, 1, 1, 2, 2, 1, 2, 0, 0, 0, 1, 2, 1, 0, 0, 1, 0, 2, 0, 2, 0, 0, 1, 0, 0, 1, 1, 0, 0, 1, 2]|[4, 3, 2, 2, 0, 0, 2, 2, 2, 4, 1, 1, 2, 4, 4, 1, 1, 4, 2, 1, 1, 1, 1, 2, 1, 2, 1, 1, 1, 1, 3, 2, 3, 0, 4, 0, 1, 1, 0, 3, 2, 2, 4, 0, 1, 1, 3, 2, 0, 1, 2, 2, 1, 4, 0, 3, 2, 1, 1, 2, 1, 3, 1, 1, 1, 3, 0, 4, 3, 1, 4, 1, 1, 1, 4, 1, 2, 1, 1, 3, 1, 3, 1, 1, 1, 1, 1, 2, 1, 1, 2, 3, 2, 1, 4, 1, 2, 2, 4, 1]|[0, 2, 1, 1, 3, 3, 0, 1, 0, 0, 0, 0, 1, 0, 1, 0, 0, 3, 1, 0, 0, 0, 3, 1, 0, 2, 0, 0, 0, 1, 0, 0, 0, 0, 3, 0, 1, 0, 0, 2, 1, 1, 2, 0, 0, 0, 0, 1, 1, 0, 0, 0, 1, 3, 0, 0, 1, 0, 0, 1, 0, 2, 0, 1, 0, 2, 1, 0, 0, 1, 1, 3, 0, 0, 3, 0, 1, 0, 0, 2, 0, 0, 0, 0, 1, 0, 0, 1, 0, 0, 1, 2, 0, 1, 3, 1, 0, 0, 2, 0],746.829828306103,56957.88041236938,89950.96432966624,true
56,G4_BALANCED,G1_CMAX,[31, 22, 42, 15, 26, 58, 95, 82, 77, 12, 47, 5, 93, 78, 98, 54, 85, 63, 18, 44, 20, 35, 43, 97, 91, 76, 10, 30, 21, 45, 71, 64, 1, 23, 17, 83, 24, 61, 60, 36, 6, 57, 94, 88, 86, 56, 79, 40, 67, 68, 46, 75, 38, 9, 19, 32, 81, 41, 27, 62, 87, 90, 99, 59, 11, 16, 72, 73, 70, 39, 37, 84, 48, 92, 25, 55, 28, 29, 51, 7, 33, 14, 65, 3, 89, 66, 74, 96, 53, 80, 4, 2, 50, 49, 0, 52, 13, 8, 69, 34]|[1, 1, 0, 1, 1, 1, 2, 1, 2, 1, 2, 2, 2, 1, 1, 0, 0, 1, 0, 2, 2, 0, 1, 2, 0, 1, 2, 2, 0, 0, 1, 2, 1, 2, 1, 0, 2, 0, 1, 1, 0, 1, 1, 1, 0, 2, 1, 1, 0, 0, 0, 0, 1, 1, 2, 1, 2, 0, 0, 0, 2, 1, 0, 1, 2, 1, 2, 1, 1, 1, 1, 1, 2, 0, 1, 1, 0, 0, 0, 1, 2, 0, 0, 2, 1, 2, 2, 0, 0, 0, 0, 0, 2, 0, 0, 1, 0, 1, 1, 2]|[4, 3, 2, 2, 0, 0, 2, 2, 2, 4, 1, 1, 2, 4, 4, 1, 1, 4, 2, 1, 1, 1, 1, 2, 1, 2, 1, 1, 1, 1, 3, 2, 3, 1, 4, 0, 1, 1, 0, 3, 2, 2, 4, 0, 1, 1, 3, 4, 0, 1, 2, 2, 1, 4, 0, 3, 2, 1, 1, 2, 1, 3, 1, 1, 1, 3, 0, 4, 3, 1, 4, 1, 1, 2, 4, 4, 2, 1, 1, 3, 1, 1, 1, 1, 1, 1, 1, 1, 2, 1, 2, 2, 1, 1, 2, 1, 2, 3, 3, 1]|[0, 2, 1, 1, 3, 3, 0, 1, 0, 0, 0, 0, 1, 0, 1, 0, 0, 3, 1, 0, 0, 0, 3, 1, 0, 2, 0, 0, 0, 0, 0, 0, 0, 0, 3, 0, 1, 0, 0, 2, 1, 1, 2, 0, 0, 0, 0, 2, 1, 0, 0, 0, 1, 3, 0, 0, 1, 0, 0, 1, 0, 2, 0, 1, 0, 2, 1, 0, 0, 1, 1, 3, 0, 1, 3, 3, 1, 0, 0, 2, 0, 0, 0, 0, 1, 0, 0, 0, 1, 0, 1, 0, 0, 1, 0, 1, 0, 2, 0, 0],762.5280412111468,56651.94589040631,91164.16324865841,true
56,G2_TEC,G2_TEC,[31, 94, 82, 15, 26, 9, 95, 42, 77, 68, 47, 5, 93, 78, 86, 54, 85, 63, 18, 44, 20, 49, 36, 14, 74, 50, 53, 17, 21, 28, 11, 64, 3, 23, 30, 83, 24, 41, 40, 52, 65, 27, 90, 70, 39, 87, 48, 69, 99, 4, 98, 1, 13, 56, 97, 59, 45, 8, 73, 37, 35, 79, 71, 75, 76, 16, 60, 80, 58, 6, 67, 61, 33, 7, 57, 34, 12, 32, 10, 46, 96, 88, 43, 81, 91, 2, 84, 29, 92, 19, 51, 55, 89, 66, 25, 22, 38, 72, 62, 0]|[2, 1, 2, 1, 1, 2, 1, 1, 1, 1, 1, 0, 2, 2, 1, 2, 0, 0, 0, 2, 2, 1, 0, 2, 0, 2, 2, 1, 0, 1, 1, 1, 0, 0, 1, 0, 2, 1, 2, 2, 0, 0, 1, 1, 0, 2, 0, 2, 1, 0, 2, 2, 0, 2, 2, 0, 1, 1, 0, 0, 2, 1, 1, 0, 2, 2, 2, 2, 2, 1, 2, 1, 1, 2, 0, 1, 1, 0, 1, 0, 0, 1, 1, 1, 1, 0, 0, 1, 0, 1, 1, 0, 1, 2, 1, 2, 0, 1, 1, 0]|[0, 3, 0, 3, 4, 1, 4, 4, 4, 4, 3, 2, 1, 0, 2, 1, 1, 1, 2, 1, 1, 3, 0, 1, 0, 1, 1, 4, 1, 4, 3, 2, 2, 0, 4, 1, 1, 4, 1, 1, 2, 1, 4, 4, 1, 1, 0, 1, 3, 2, 1, 1, 2, 1, 1, 2, 4, 3, 0, 2, 1, 3, 3, 2, 1, 1, 1, 1, 1, 4, 1, 3, 4, 1, 2, 4, 3, 2, 3, 2, 2, 4, 4, 4, 3, 2, 2, 3, 2, 4, 3, 2, 4, 1, 4, 1, 2, 4, 3, 2]|[0, 2, 0, 0, 3, 0, 1, 3, 1, 0, 2, 0, 1, 0, 1, 0, 0, 0, 1, 0, 0, 2, 0, 0, 1, 0, 0, 3, 0, 1, 0, 2, 0, 0, 3, 0, 1, 1, 0, 0, 0, 0, 1, 3, 0, 0, 1, 0, 2, 0, 0, 0, 0, 0, 1, 0, 1, 0, 1, 1, 0, 2, 0, 0, 0, 0, 0, 0, 0, 2, 0, 0, 1, 0, 0, 1, 0, 0, 3, 0, 0, 1, 2, 2, 0, 0, 0, 3, 0, 1, 0, 0, 1, 0, 3, 0, 0, 1, 0, 0],910.6016522559228,48427.915453382215,107149.35343126023,false
56,G3_TWC,G3_TWC,[31, 22, 42, 15, 26, 58, 95, 82, 77, 12, 47, 5, 93, 78, 98, 54, 85, 63, 18, 44, 20, 35, 43, 97, 91, 76, 10, 30, 21, 45, 71, 64, 1, 23, 17, 83, 24, 61, 60, 49, 6, 57, 94, 88, 65, 56, 79, 40, 67, 68, 46, 75, 0, 9, 19, 32, 81, 41, 27, 62, 87, 90, 99, 59, 53, 16, 72, 73, 70, 39, 37, 84, 3, 92, 25, 74, 28, 38, 51, 7, 11, 14, 86, 48, 89, 66, 50, 96, 33, 80, 8, 4, 34, 36, 55, 52, 13, 2, 69, 29]|[1, 1, 0, 1, 1, 1, 2, 1, 2, 1, 2, 2, 2, 1, 1, 0, 0, 1, 0, 2, 2, 0, 1, 2, 0, 1, 2, 2, 0, 0, 1, 2, 1, 0, 1, 0, 2, 0, 1, 1, 0, 1, 1, 1, 0, 2, 1, 1, 0, 0, 0, 0, 1, 1, 2, 1, 2, 0, 0, 0, 2, 1, 0, 1, 0, 1, 2, 1, 1, 1, 1, 1, 2, 0, 1, 2, 0, 0, 0, 1, 0, 1, 0, 0, 1, 0, 0, 0, 2, 0, 1, 0, 2, 0, 1, 1, 0, 0, 1, 0]|[4, 3, 2, 2, 0, 0, 2, 2, 2, 4, 1, 1, 2, 4, 4, 1, 1, 4, 2, 1, 1, 1, 1, 2, 1, 2, 1, 1, 1, 1, 3, 2, 3, 0, 4, 0, 1, 1, 0, 3, 2, 2, 4, 0, 1, 1, 3, 2, 0, 1, 2, 2, 1, 4, 0, 3, 2, 1, 1, 2, 1, 3, 1, 1, 2, 3, 0, 4, 3, 1, 4, 1, 1, 2, 4, 1, 2, 1, 1, 3, 2, 3, 1, 1, 1, 1, 1, 1, 1, 1, 3, 2, 1, 1, 4, 1, 2, 2, 3, 2]|[0, 2, 1, 1, 3, 3, 0, 1, 0, 0, 0, 0, 1, 0, 1, 0, 0, 3, 1, 0, 0, 0, 3, 1, 0, 2, 0, 0, 0, 1, 0, 0, 0, 0, 3, 0, 1, 0, 0, 2, 1, 1, 2, 0, 0, 0, 0, 1, 1, 0, 0, 0, 1, 3, 0, 0, 1, 0, 0, 1, 0, 2, 0, 1, 1, 2, 1, 0, 0, 1, 1, 3, 0, 1, 3, 0, 1, 0, 0, 2, 1, 0, 0, 0, 1, 0, 0, 0, 0, 0, 2, 1, 0, 1, 3, 1, 0, 0, 0, 0],845.7931659427186,57778.757532044474,86593.12219517957,false
56,G1_CMAX,G4_BALANCED,[31, 22, 42, 15, 26, 58, 95, 82, 77, 12, 47, 5, 93, 78, 98, 54, 85, 63, 18, 44, 20, 35, 43, 97, 91, 76, 10, 30, 21, 45, 71, 64, 1, 23, 17, 83, 24, 61, 60, 49, 6, 57, 94, 88, 65, 56, 79, 40, 67, 68, 46, 75, 38, 9, 19, 32, 81, 41, 27, 62, 87, 90, 99, 59, 11, 16, 72, 73, 70, 39, 37, 84, 3, 92, 25, 74, 28, 48, 51, 7, 53, 14, 86, 29, 89, 66, 50, 96, 33, 80, 8, 4, 34, 55, 0, 52, 13, 2, 69, 36]|[1, 1, 0, 1, 1, 1, 2, 1, 2, 1, 2, 2, 2, 1, 1, 0, 0, 1, 0, 2, 2, 0, 1, 2, 0, 1, 2, 2, 0, 0, 1, 2, 1, 0, 1, 0, 2, 0, 1, 1, 0, 1, 1, 1, 0, 2, 1, 1, 0, 0, 0, 0, 1, 1, 2, 1, 2, 0, 0, 0, 2, 1, 0, 1, 2, 1, 2, 1, 1, 1, 1, 1, 2, 0, 1, 2, 0, 0, 0, 1, 2, 1, 0, 0, 1, 0, 0, 0, 2, 0, 1, 0, 2, 1, 0, 1, 0, 0, 1, 0]|[4, 3, 2, 2, 0, 0, 2, 2, 2, 4, 1, 1, 2, 4, 4, 1, 1, 4, 2, 1, 1, 1, 1, 2, 1, 2, 1, 1, 1, 1, 3, 2, 3, 0, 4, 0, 1, 1, 0, 3, 2, 2, 4, 0, 1, 1, 3, 2, 0, 1, 2, 2, 1, 4, 1, 3, 2, 1, 1, 2, 1, 3, 1, 1, 1, 3, 1, 4, 3, 1, 4, 1, 1, 2, 4, 1, 2, 1, 1, 3, 1, 3, 1, 2, 1, 1, 1, 1, 1, 1, 3, 2, 1, 4, 2, 1, 2, 2, 3, 1]|[0, 2, 1, 1, 3, 3, 0, 1, 0, 0, 0, 0, 1, 0, 1, 0, 0, 3, 1, 0, 0, 0, 3, 1, 0, 2, 0, 0, 0, 1, 0, 0, 0, 0, 3, 0, 1, 0, 0, 2, 1, 1, 2, 0, 0, 0, 0, 1, 1, 0, 0, 0, 1, 3, 0, 0, 1, 0, 0, 1, 0, 2, 0, 1, 0, 2, 0, 0, 0, 1, 1, 3, 0, 1, 3, 0, 1, 0, 0, 2, 0, 0, 0, 0, 1, 0, 0, 0, 0, 0, 2, 1, 0, 3, 0, 1, 0, 0, 0, 1],831.3411925032382,56367.52576377035,89055.35200895615,true
56,G4_BALANCED,G4_BALANCED,[31, 22, 26, 15, 82, 99, 95, 42, 77, 12, 47, 5, 93, 78, 86, 54, 21, 63, 18, 44, 20, 35, 43, 97, 91, 76, 10, 30, 85, 45, 71, 64, 1, 23, 57, 83, 24, 14, 60, 36, 6, 17, 40, 88, 65, 56, 79, 94, 67, 68, 46, 75, 38, 9, 19, 32, 41, 81, 27, 87, 90, 58, 59, 11, 16, 72, 73, 70, 39, 37, 84, 3, 92, 25, 62, 55, 28, 29, 51, 7, 33, 61, 98, 48, 89, 50, 4, 34, 53, 80, 8, 66, 96, 49, 52, 0, 74, 69, 2, 13]|[1, 1, 0, 1, 1, 0, 1, 1, 2, 1, 2, 2, 2, 1, 1, 0, 0, 1, 0, 2, 2, 0, 1, 2, 0, 1, 2, 2, 0, 0, 1, 2, 1, 2, 1, 0, 2, 0, 1, 1, 0, 1, 1, 1, 0, 2, 1, 1, 0, 0, 0, 0, 1, 1, 2, 1, 0, 2, 0, 2, 1, 0, 1, 2, 1, 2, 1, 1, 1, 1, 1, 1, 0, 1, 0, 2, 0, 0, 2, 1, 2, 1, 2, 0, 1, 0, 1, 2, 0, 0, 1, 2, 2, 0, 1, 0, 2, 1, 0, 0]|[0, 3, 2, 2, 4, 1, 2, 3, 2, 4, 1, 1, 2, 4, 4, 1, 1, 4, 2, 1, 1, 1, 1, 2, 1, 2, 1, 1, 2, 1, 3, 2, 3, 1, 2, 0, 1, 1, 0, 3, 2, 4, 2, 0, 1, 1, 0, 4, 0, 1, 2, 2, 1, 4, 0, 3, 1, 1, 1, 1, 3, 1, 1, 1, 3, 0, 4, 3, 1, 4, 1, 1, 0, 4, 2, 1, 2, 1, 2, 1, 1, 3, 1, 1, 1, 1, 4, 1, 2, 1, 3, 1, 1, 1, 1, 2, 1, 4, 2, 2]|[0, 2, 1, 1, 3, 0, 1, 3, 0, 0, 0, 0, 1, 0, 1, 0, 0, 3, 1, 0, 0, 0, 3, 1, 0, 2, 0, 0, 0, 1, 0, 0, 0, 0, 1, 0, 1, 0, 0, 2, 1, 3, 1, 0, 0, 0, 0, 2, 1, 0, 0, 0, 1, 3, 0, 0, 0, 0, 0, 0, 2, 0, 1, 0, 2, 1, 0, 0, 1, 1, 3, 1, 1, 3, 1, 0, 1, 0, 1, 2, 0, 0, 0, 0, 1, 0, 0, 0, 1, 0, 2, 0, 0, 1, 1, 0, 0, 2, 0, 0],719.9713831019282,57349.30822281929,93068.63967491605,false
56,G2_TEC,G2_TEC,[31, 94, 82, 15, 26, 9, 95, 42, 77, 68, 47, 5, 93, 78, 86, 54, 85, 63, 18, 44, 20, 49, 36, 14, 74, 50, 53, 17, 21, 28, 11, 64, 3, 23, 30, 83, 24, 41, 40, 52, 65, 27, 90, 70, 39, 87, 48, 69, 99, 4, 98, 1, 13, 56, 97, 59, 45, 8, 73, 37, 35, 79, 71, 75, 76, 16, 60, 80, 58, 6, 67, 61, 33, 7, 57, 34, 12, 32, 10, 46, 96, 88, 43, 81, 91, 2, 84, 29, 92, 19, 51, 55, 89, 66, 25, 22, 38, 72, 62, 0]|[2, 1, 2, 1, 1, 2, 1, 1, 1, 1, 1, 0, 2, 2, 1, 2, 0, 0, 0, 2, 2, 1, 0, 2, 0, 2, 2, 1, 0, 1, 1, 1, 0, 0, 1, 0, 2, 1, 2, 2, 0, 0, 1, 1, 0, 2, 0, 2, 1, 0, 2, 2, 0, 2, 2, 0, 1, 1, 0, 0, 2, 1, 1, 0, 2, 2, 2, 2, 2, 1, 2, 1, 1, 2, 0, 1, 1, 0, 1, 0, 0, 1, 1, 1, 1, 0, 0, 1, 0, 1, 1, 0, 1, 2, 1, 2, 0, 1, 1, 0]|[0, 3, 0, 3, 4, 1, 4, 4, 4, 4, 3, 2, 1, 0, 2, 1, 1, 1, 2, 1, 1, 3, 0, 1, 0, 1, 1, 4, 1, 4, 3, 2, 2, 0, 4, 1, 1, 4, 1, 1, 2, 1, 4, 4, 1, 1, 0, 1, 3, 2, 1, 1, 2, 1, 1, 2, 4, 3, 0, 2, 1, 3, 3, 2, 1, 1, 1, 1, 1, 4, 1, 3, 4, 1, 2, 4, 3, 2, 3, 2, 2, 4, 4, 4, 3, 2, 2, 3, 2, 4, 3, 2, 4, 1, 4, 1, 2, 4, 3, 2]|[0, 2, 0, 0, 3, 0, 1, 3, 1, 0, 2, 0, 1, 0, 1, 0, 0, 0, 1, 0, 0, 2, 0, 0, 1, 0, 0, 3, 0, 1, 0, 2, 0, 0, 3, 0, 1, 1, 0, 0, 0, 0, 1, 3, 0, 0, 1, 0, 2, 0, 0, 0, 0, 0, 1, 0, 1, 0, 1, 1, 0, 2, 0, 0, 0, 0, 0, 0, 0, 2, 0, 0, 1, 0, 0, 1, 0, 0, 3, 0, 0, 1, 2, 2, 0, 0, 0, 3, 0, 1, 0, 0, 1, 0, 3, 0, 0, 1, 0, 0],910.6016522559228,48427.915453382215,107149.35343126023,false
56,G3_TWC,G3_TWC,[31, 22, 42, 15, 26, 58, 95, 82, 77, 12, 47, 5, 93, 78, 98, 54, 85, 63, 18, 44, 20, 35, 43, 97, 91, 76, 10, 30, 21, 45, 71, 64, 1, 23, 17, 83, 24, 61, 60, 49, 6, 57, 94, 88, 65, 56, 79, 40, 67, 68, 46, 75, 0, 9, 19, 32, 81, 41, 27, 62, 87, 90, 99, 59, 53, 16, 72, 73, 70, 39, 37, 84, 3, 92, 25, 74, 28, 38, 51, 7, 11, 14, 86, 48, 89, 66, 50, 96, 33, 80, 8, 4, 34, 36, 55, 52, 13, 2, 69, 29]|[1, 1, 0, 1, 1, 1, 2, 1, 2, 1, 2, 2, 2, 1, 1, 0, 0, 1, 0, 2, 2, 0, 1, 2, 0, 1, 2, 2, 0, 0, 1, 2, 1, 0, 1, 0, 2, 0, 1, 1, 0, 1, 1, 1, 0, 2, 1, 1, 0, 0, 0, 0, 1, 1, 2, 1, 2, 0, 0, 0, 2, 1, 0, 1, 0, 1, 2, 1, 1, 1, 1, 1, 2, 0, 1, 2, 0, 0, 0, 1, 0, 1, 0, 0, 1, 0, 0, 0, 2, 0, 1, 0, 2, 0, 1, 1, 0, 0, 1, 0]|[4, 3, 2, 2, 0, 0, 2, 2, 2, 4, 1, 1, 2, 4, 4, 1, 1, 4, 2, 1, 1, 1, 1, 2, 1, 2, 1, 1, 1, 1, 3, 2, 3, 0, 4, 0, 1, 1, 0, 3, 2, 2, 4, 0, 1, 1, 3, 2, 0, 1, 2, 2, 1, 4, 0, 3, 2, 1, 1, 2, 1, 3, 1, 1, 2, 3, 0, 4, 3, 1, 4, 1, 1, 2, 4, 1, 2, 1, 1, 3, 2, 3, 1, 1, 1, 1, 1, 1, 1, 1, 3, 2, 1, 1, 4, 1, 2, 2, 3, 2]|[0, 2, 1, 1, 3, 3, 0, 1, 0, 0, 0, 0, 1, 0, 1, 0, 0, 3, 1, 0, 0, 0, 3, 1, 0, 2, 0, 0, 0, 1, 0, 0, 0, 0, 3, 0, 1, 0, 0, 2, 1, 1, 2, 0, 0, 0, 0, 1, 1, 0, 0, 0, 1, 3, 0, 0, 1, 0, 0, 1, 0, 2, 0, 1, 1, 2, 1, 0, 0, 1, 1, 3, 0, 1, 3, 0, 1, 0, 0, 2, 1, 0, 0, 0, 1, 0, 0, 0, 0, 0, 2, 1, 0, 1, 3, 1, 0, 0, 0, 0],845.7931659427186,57778.757532044474,86593.12219517957,false
56,G1_CMAX,G3_TWC,[31, 22, 42, 15, 26, 58, 95, 82, 77, 12, 47, 5, 93, 78, 98, 54, 85, 63, 18, 44, 20, 35, 43, 97, 91, 76, 10, 30, 21, 45, 71, 64, 1, 23, 17, 83, 24, 61, 60, 36, 6, 57, 94, 88, 65, 56, 79, 40, 67, 68, 46, 75, 0, 9, 19, 32, 81, 41, 27, 62, 87, 90, 99, 59, 53, 16, 72, 73, 70, 39, 37, 84, 3, 92, 25, 74, 28, 38, 51, 7, 11, 14, 86, 48, 89, 66, 8, 96, 33, 80, 4, 50, 34, 49, 55, 52, 13, 2, 69, 29]|[1, 1, 0, 1, 1, 1, 2, 1, 2, 1, 2, 2, 2, 1, 1, 0, 0, 1, 0, 2, 2, 0, 1, 2, 0, 1, 2, 2, 0, 0, 1, 2, 1, 0, 1, 0, 2, 0, 1, 1, 0, 1, 1, 1, 0, 2, 1, 1, 0, 0, 0, 0, 1, 1, 2, 1, 2, 0, 0, 0, 2, 1, 0, 1, 0, 1, 2, 1, 1, 1, 1, 1, 2, 0, 1, 2, 0, 0, 0, 1, 0, 1, 0, 0, 1, 0, 1, 0, 2, 0, 0, 0, 2, 0, 1, 1, 0, 0, 1, 0]|[4, 3, 2, 2, 0, 0, 2, 2, 2, 4, 1, 1, 2, 4, 4, 1, 1, 4, 2, 1, 1, 1, 1, 2, 1, 2, 1, 1, 1, 1, 3, 2, 3, 0, 4, 0, 1, 1, 0, 3, 2, 2, 4, 0, 1, 1, 3, 2, 0, 1, 2, 2, 1, 4, 0, 3, 2, 1, 1, 2, 1, 3, 1, 1, 2, 3, 0, 4, 3, 1, 4, 1, 1, 2, 4, 1, 2, 1, 1, 3, 2, 3, 1, 1, 1, 1, 3, 1, 1, 1, 2, 1, 1, 1, 4, 1, 2, 2, 3, 2]|[0, 2, 1, 1, 3, 3, 0, 1, 0, 0, 0, 0, 1, 0, 1, 0, 0, 3, 1, 0, 0, 0, 3, 1, 0, 2, 0, 0, 0, 1, 0, 0, 0, 0, 3, 0, 1, 0, 0, 2, 1, 1, 2, 0, 0, 0, 0, 1, 1, 0, 0, 0, 1, 3, 0, 0, 1, 0, 0, 1, 0, 2, 0, 1, 1, 2, 1, 0, 0, 1, 1, 3, 0, 1, 3, 0, 1, 0, 0, 2, 1, 0, 0, 0, 1, 0, 2, 0, 0, 0, 1, 0, 0, 1, 3, 1, 0, 0, 0, 0],853.5365782041716,57728.45293056747,86709.79352999225,true
56,G4_BALANCED,G4_BALANCED,[31, 11, 82, 15, 26, 9, 95, 42, 77, 68, 47, 5, 93, 78, 86, 54, 85, 63, 18, 44, 20, 49, 36, 14, 74, 50, 53, 17, 21, 45, 71, 64, 3, 23, 30, 83, 24, 41, 60, 52, 65, 27, 90, 70, 39, 87, 48, 69, 99, 4, 46, 1, 13, 58, 97, 59, 28, 75, 73, 37, 35, 79, 22, 66, 76, 32, 40, 80, 96, 6, 61, 16, 33, 7, 57, 34, 12, 67, 10, 98, 56, 88, 29, 8, 91, 38, 19, 92, 0, 84, 51, 72, 81, 89, 25, 55, 94, 2, 43, 62]|[2, 1, 2, 1, 1, 2, 1, 1, 1, 1, 1, 0, 2, 2, 1, 2, 0, 0, 0, 2, 2, 1, 0, 2, 0, 2, 2, 1, 0, 1, 1, 1, 0, 0, 1, 0, 2, 1, 2, 2, 0, 0, 1, 1, 0, 2, 0, 2, 1, 0, 0, 2, 0, 0, 2, 0, 1, 1, 0, 0, 2, 1, 0, 1, 2, 0, 2, 2, 0, 1, 1, 2, 1, 2, 0, 1, 1, 1, 1, 2, 2, 1, 1, 0, 1, 0, 1, 0, 0, 0, 1, 1, 1, 1, 1, 0, 2, 2, 1, 1]|[0, 3, 0, 2, 4, 1, 4, 4, 2, 4, 3, 2, 1, 0, 2, 1, 1, 1, 2, 1, 1, 3, 0, 1, 0, 1, 1, 4, 1, 4, 3, 2, 2, 0, 4, 1, 1, 4, 0, 1, 2, 1, 4, 4, 1, 1, 0, 2, 3, 1, 2, 1, 2, 1, 1, 2, 4, 3, 0, 2, 2, 3, 1, 1, 1, 2, 0, 1, 2, 4, 3, 1, 4, 1, 2, 4, 3, 3, 3, 1, 1, 4, 3, 2, 3, 2, 4, 2, 2, 2, 3, 4, 4, 4, 4, 2, 1, 1, 4, 3]|[0, 2, 0, 1, 3, 0, 1, 3, 0, 0, 2, 0, 1, 0, 1, 0, 0, 0, 1, 0, 0, 2, 0, 0, 1, 0, 0, 3, 0, 1, 0, 2, 0, 1, 3, 0, 1, 3, 0, 0, 0, 0, 1, 3, 0, 0, 1, 0, 2, 0, 0, 0, 0, 0, 1, 0, 1, 0, 1, 1, 0, 2, 0, 2, 0, 0, 0, 0, 0, 2, 0, 0, 1, 0, 0, 1, 0, 0, 3, 0, 0, 1, 0, 0, 0, 0, 3, 0, 0, 0, 0, 2, 1, 1, 3, 0, 0, 0, 2, 0],851.3950062933596,51439.941474506384,111583.71672538936,false
56,G2_TEC,G2_TEC,[31, 94, 82, 15, 26, 9, 95, 42, 77, 68, 47, 5, 93, 78, 86, 54, 85, 63, 18, 44, 20, 49, 36, 14, 74, 50, 53, 17, 21, 28, 11, 64, 3, 23, 30, 83, 24, 41, 40, 52, 65, 27, 90, 70, 39, 87, 48, 69, 99, 4, 98, 1, 13, 56, 97, 59, 45, 8, 73, 37, 35, 79, 71, 75, 76, 16, 60, 80, 58, 6, 67, 61, 33, 7, 57, 34, 12, 32, 10, 46, 96, 88, 43, 81, 91, 2, 84, 29, 92, 19, 51, 55, 89, 66, 25, 22, 38, 72, 62, 0]|[2, 1, 2, 1, 1, 2, 1, 1, 1, 1, 1, 0, 2, 2, 1, 2, 0, 0, 0, 2, 2, 1, 0, 2, 0, 2, 2, 1, 0, 1, 1, 1, 0, 0, 1, 0, 2, 1, 2, 2, 0, 0, 1, 1, 0, 2, 0, 2, 1, 0, 2, 2, 0, 2, 2, 0, 1, 1, 0, 0, 2, 1, 1, 0, 2, 2, 2, 2, 2, 1, 2, 1, 1, 2, 0, 1, 1, 0, 1, 0, 0, 1, 1, 1, 1, 0, 0, 1, 0, 1, 1, 0, 1, 2, 1, 2, 0, 1, 1, 0]|[0, 3, 0, 3, 4, 1, 4, 4, 4, 4, 3, 2, 1, 0, 2, 1, 1, 1, 2, 1, 1, 3, 0, 1, 0, 1, 1, 4, 1, 4, 3, 2, 2, 0, 4, 1, 1, 4, 1, 1, 2, 1, 4, 4, 1, 1, 0, 1, 3, 2, 1, 1, 2, 1, 1, 2, 4, 3, 0, 2, 1, 3, 3, 2, 1, 1, 1, 1, 1, 4, 1, 3, 4, 1, 2, 4, 3, 2, 3, 2, 2, 4, 4, 4, 3, 2, 2, 3, 2, 4, 3, 2, 4, 1, 4, 1, 2, 4, 3, 2]|[0, 2, 0, 0, 3, 0, 1, 3, 1, 0, 2, 0, 1, 0, 1, 0, 0, 0, 1, 0, 0, 2, 0, 0, 1, 0, 0, 3, 0, 1, 0, 2, 0, 0, 3, 0, 1, 1, 0, 0, 0, 0, 1, 3, 0, 0, 1, 0, 2, 0, 0, 0, 0, 0, 1, 0, 1, 0, 1, 1, 0, 2, 0, 0, 0, 0, 0, 0, 0, 2, 0, 0, 1, 0, 0, 1, 0, 0, 3, 0, 0, 1, 2, 2, 0, 0, 0, 3, 0, 1, 0, 0, 1, 0, 3, 0, 0, 1, 0, 0],910.6016522559228,48427.915453382215,107149.35343126023,false
56,G3_TWC,G3_TWC,[31, 22, 42, 15, 26, 58, 95, 82, 77, 12, 47, 5, 93, 78, 98, 54, 85, 63, 18, 44, 20, 35, 43, 97, 91, 76, 10, 30, 21, 45, 71, 64, 1, 23, 17, 83, 24, 61, 60, 49, 6, 57, 94, 88, 65, 56, 79, 40, 67, 68, 46, 75, 0, 9, 19, 32, 81, 41, 27, 62, 87, 90, 99, 59, 53, 16, 72, 73, 70, 39, 37, 84, 3, 92, 25, 74, 28, 38, 51, 7, 11, 14, 86, 48, 89, 66, 50, 96, 33, 80, 8, 4, 34, 36, 55, 52, 13, 2, 69, 29]|[1, 1, 0, 1, 1, 1, 2, 1, 2, 1, 2, 2, 2, 1, 1, 0, 0, 1, 0, 2, 2, 0, 1, 2, 0, 1, 2, 2, 0, 0, 1, 2, 1, 0, 1, 0, 2, 0, 1, 1, 0, 1, 1, 1, 0, 2, 1, 1, 0, 0, 0, 0, 1, 1, 2, 1, 2, 0, 0, 0, 2, 1, 0, 1, 0, 1, 2, 1, 1, 1, 1, 1, 2, 0, 1, 2, 0, 0, 0, 1, 0, 1, 0, 0, 1, 0, 0, 0, 2, 0, 1, 0, 2, 0, 1, 1, 0, 0, 1, 0]|[4, 3, 2, 2, 0, 0, 2, 2, 2, 4, 1, 1, 2, 4, 4, 1, 1, 4, 2, 1, 1, 1, 1, 2, 1, 2, 1, 1, 1, 1, 3, 2, 3, 0, 4, 0, 1, 1, 0, 3, 2, 2, 4, 0, 1, 1, 3, 2, 0, 1, 2, 2, 1, 4, 0, 3, 2, 1, 1, 2, 1, 3, 1, 1, 2, 3, 0, 4, 3, 1, 4, 1, 1, 2, 4, 1, 2, 1, 1, 3, 2, 3, 1, 1, 1, 1, 1, 1, 1, 1, 3, 2, 1, 1, 4, 1, 2, 2, 3, 2]|[0, 2, 1, 1, 3, 3, 0, 1, 0, 0, 0, 0, 1, 0, 1, 0, 0, 3, 1, 0, 0, 0, 3, 1, 0, 2, 0, 0, 0, 1, 0, 0, 0, 0, 3, 0, 1, 0, 0, 2, 1, 1, 2, 0, 0, 0, 0, 1, 1, 0, 0, 0, 1, 3, 0, 0, 1, 0, 0, 1, 0, 2, 0, 1, 1, 2, 1, 0, 0, 1, 1, 3, 0, 1, 3, 0, 1, 0, 0, 2, 1, 0, 0, 0, 1, 0, 0, 0, 0, 0, 2, 1, 0, 1, 3, 1, 0, 0, 0, 0],845.7931659427186,57778.757532044474,86593.12219517957,false
56,G1_CMAX,G1_CMAX,[31, 22, 28, 15, 26, 58, 95, 82, 77, 12, 47, 5, 93, 78, 98, 54, 85, 63, 18, 44, 20, 14, 43, 97, 76, 10, 30, 21, 45, 71, 64, 1, 23, 17, 83, 24, 35, 60, 36, 6, 57, 94, 88, 65, 56, 79, 40, 67, 68, 46, 75, 38, 9, 19, 32, 81, 41, 27, 62, 87, 90, 99, 59, 11, 16, 72, 73, 70, 39, 37, 84, 3, 92, 25, 74, 29, 91, 42, 51, 7, 53, 61, 86, 66, 89, 50, 48, 96, 33, 80, 4, 8, 55, 49, 0, 52, 2, 13, 69, 34]|[1, 1, 0, 1, 1, 1, 2, 1, 2, 1, 2, 2, 2, 1, 1, 0, 0, 1, 0, 2, 2, 0, 1, 2, 1, 2, 2, 0, 0, 1, 2, 1, 2, 1, 0, 2, 0, 1, 1, 0, 1, 1, 1, 0, 2, 1, 1, 0, 0, 0, 0, 1, 1, 2, 1, 2, 0, 0, 0, 2, 1, 0, 1, 2, 1, 2, 1, 1, 1, 1, 1, 2, 0, 1, 2, 0, 0, 0, 0, 1, 0, 1, 0, 2, 1, 1, 0, 2, 2, 0, 1, 1, 2, 0, 0, 1, 0, 0, 1, 2]|[4, 3, 2, 2, 0, 0, 2, 2, 2, 4, 1, 1, 2, 4, 4, 1, 1, 4, 2, 1, 1, 1, 1, 2, 2, 1, 1, 1, 1, 3, 2, 3, 0, 4, 0, 1, 1, 0, 3, 2, 2, 4, 0, 1, 1, 3, 2, 0, 1, 2, 2, 1, 4, 0, 3, 2, 1, 1, 2, 1, 3, 1, 1, 1, 3, 0, 4, 3, 1, 4, 1, 1, 2, 4, 1, 1, 1, 2, 1, 3, 2, 3, 1, 1, 1, 3, 1, 1, 1, 1, 4, 3, 1, 1, 2, 1, 2, 2, 3, 1]|[0, 2, 1, 1, 3, 3, 0, 1, 0, 0, 0, 0, 1, 0, 1, 0, 0, 3, 1, 0, 0, 0, 3, 1, 2, 0, 0, 0, 1, 0, 0, 0, 0, 3, 0, 1, 0, 0, 2, 1, 1, 2, 0, 0, 0, 0, 1, 1, 0, 0, 0, 1, 3, 0, 0, 1, 0, 0, 1, 0, 2, 0, 1, 0, 2, 1, 0, 0, 1, 1, 3, 0, 1, 3, 0, 0, 0, 1, 0, 2, 1, 0, 0, 0, 1, 2, 0, 0, 0, 0, 0, 2, 0, 1, 0, 1, 0, 0, 0, 0],728.3465648255482,57191.86946964996,90218.85387989215,false
56,G4_BALANCED,G4_BALANCED,[31, 11, 15, 82, 26, 9, 95, 32, 77, 68, 47, 5, 93, 78, 86, 54, 85, 63, 18, 44, 20, 49, 36, 14, 74, 50, 53, 17, 21, 45, 71, 64, 3, 23, 30, 83, 24, 41, 60, 52, 51, 27, 90, 70, 39, 87, 48, 69, 99, 4, 46, 1, 13, 58, 97, 59, 28, 8, 73, 37, 35, 79, 22, 66, 76, 42, 40, 80, 96, 6, 16, 61, 33, 7, 57, 34, 12, 67, 10, 98, 56, 88, 29, 25, 91, 38, 19, 92, 43, 84, 65, 72, 81, 75, 2, 55, 62, 89, 94, 0]|[2, 1, 1, 2, 1, 2, 1, 1, 1, 1, 1, 0, 2, 2, 1, 2, 0, 0, 0, 2, 2, 1, 0, 2, 0, 2, 2, 1, 0, 1, 1, 1, 0, 0, 1, 0, 2, 1, 2, 2, 0, 0, 1, 1, 0, 2, 0, 2, 1, 0, 0, 2, 0, 0, 2, 0, 1, 1, 0, 0, 2, 1, 1, 2, 2, 0, 2, 2, 0, 1, 2, 1, 1, 2, 0, 1, 2, 1, 1, 2, 2, 1, 1, 1, 1, 0, 1, 0, 1, 0, 1, 1, 1, 0, 2, 0, 1, 1, 2, 0]|[1, 3, 2, 0, 4, 1, 4, 4, 2, 4, 3, 2, 1, 0, 2, 1, 1, 1, 2, 1, 1, 3, 0, 1, 0, 1, 1, 4, 1, 4, 3, 2, 2, 0, 4, 1, 1, 4, 0, 1, 2, 1, 4, 4, 1, 1, 0, 2, 3, 1, 2, 1, 2, 1, 1, 2, 4, 3, 0, 2, 2, 3, 3, 0, 1, 2, 0, 1, 2, 4, 1, 3, 4, 1, 2, 4, 1, 3, 3, 1, 1, 4, 3, 4, 3, 2, 4, 2, 4, 2, 3, 4, 1, 2, 1, 2, 3, 4, 1, 2]|[1, 2, 1, 0, 3, 0, 1, 3, 0, 0, 2, 0, 1, 0, 1, 0, 0, 0, 1, 0, 0, 2, 0, 0, 1, 0, 0, 3, 0, 1, 0, 2, 0, 1, 3, 0, 1, 3, 1, 0, 0, 0, 1, 3, 0, 0, 1, 0, 2, 0, 0, 0, 0, 0, 1, 0, 1, 0, 1, 1, 0, 2, 2, 0, 0, 0, 1, 0, 0, 2, 0, 0, 1, 0, 0, 1, 0, 0, 3, 0, 0, 1, 0, 3, 0, 0, 1, 0, 2, 0, 0, 2, 1, 0, 0, 0, 0, 1, 0, 0],850.9632869082183,52431.02217786142,105346.60403335126,false
56,G2_TEC,G4_BALANCED,[31, 22, 82, 15, 26, 9, 95, 42, 77, 68, 47, 5, 93, 78, 86, 54, 85, 63, 18, 44, 20, 49, 36, 14, 74, 50, 53, 17, 21, 28, 71, 64, 3, 23, 30, 83, 24, 41, 60, 52, 65, 27, 90, 70, 39, 87, 48, 69, 99, 4, 46, 1, 13, 58, 97, 59, 11, 8, 73, 37, 35, 79, 33, 66, 76, 32, 40, 80, 96, 6, 16, 61, 45, 7, 57, 34, 12, 67, 10, 98, 56, 88, 29, 75, 91, 38, 19, 92, 43, 84, 51, 72, 81, 25, 2, 55, 0, 94, 89, 62]|[2, 1, 2, 1, 1, 2, 1, 1, 1, 2, 1, 0, 2, 2, 1, 2, 0, 0, 0, 2, 2, 1, 0, 2, 0, 2, 2, 1, 0, 1, 1, 1, 0, 0, 1, 0, 2, 1, 2, 2, 0, 0, 1, 1, 0, 2, 0, 2, 1, 0, 0, 2, 0, 0, 2, 0, 0, 1, 0, 0, 2, 1, 1, 2, 2, 0, 2, 2, 0, 1, 2, 1, 1, 2, 0, 1, 1, 1, 1, 2, 2, 1, 1, 0, 1, 0, 1, 0, 1, 0, 1, 1, 1, 1, 2, 0, 0, 2, 1, 1]|[0, 3, 0, 3, 4, 1, 4, 4, 2, 0, 3, 2, 1, 0, 2, 1, 1, 1, 2, 1, 1, 3, 0, 1, 0, 1, 1, 4, 1, 4, 3, 2, 2, 0, 4, 1, 1, 4, 0, 1, 2, 1, 4, 4, 1, 1, 0, 2, 3, 1, 2, 1, 2, 1, 1, 2, 1, 3, 0, 2, 2, 3, 4, 0, 1, 2, 0, 1, 2, 4, 1, 3, 4, 1, 2, 4, 3, 3, 3, 1, 1, 4, 3, 2, 3, 2, 4, 2, 4, 2, 3, 4, 1, 4, 1, 2, 2, 1, 4, 3]|[0, 2, 0, 0, 3, 0, 1, 3, 0, 0, 2, 0, 1, 0, 1, 0, 0, 0, 1, 0, 0, 2, 0, 0, 1, 0, 0, 3, 0, 1, 0, 2, 0, 1, 3, 0, 1, 3, 1, 0, 0, 0, 1, 3, 0, 0, 1, 0, 2, 0, 0, 0, 0, 0, 1, 0, 0, 0, 1, 1, 0, 2, 1, 0, 0, 0, 0, 0, 0, 2, 0, 0, 1, 0, 0, 1, 0, 0, 3, 0, 0, 1, 0, 0, 0, 0, 3, 0, 2, 0, 0, 2, 1, 3, 0, 0, 0, 0, 1, 0],848.7210464257236,52158.68351753062,106381.76141901733,true
56,G3_TWC,G3_TWC,[31, 22, 42, 15, 26, 58, 95, 82, 77, 12, 47, 5, 93, 78, 98, 54, 85, 63, 18, 44, 20, 35, 43, 97, 91, 76, 10, 30, 21, 45, 71, 64, 1, 23, 17, 83, 24, 61, 60, 49, 6, 57, 94, 88, 65, 56, 79, 40, 67, 68, 46, 75, 0, 9, 19, 32, 81, 41, 27, 62, 87, 90, 99, 59, 53, 16, 72, 73, 70, 39, 37, 84, 3, 92, 25, 74, 28, 38, 51, 7, 11, 14, 86, 48, 89, 66, 50, 96, 33, 80, 8, 4, 34, 36, 55, 52, 13, 2, 69, 29]|[1, 1, 0, 1, 1, 1, 2, 1, 2, 1, 2, 2, 2, 1, 1, 0, 0, 1, 0, 2, 2, 0, 1, 2, 0, 1, 2, 2, 0, 0, 1, 2, 1, 0, 1, 0, 2, 0, 1, 1, 0, 1, 1, 1, 0, 2, 1, 1, 0, 0, 0, 0, 1, 1, 2, 1, 2, 0, 0, 0, 2, 1, 0, 1, 0, 1, 2, 1, 1, 1, 1, 1, 2, 0, 1, 2, 0, 0, 0, 1, 0, 1, 0, 0, 1, 0, 0, 0, 2, 0, 1, 0, 2, 0, 1, 1, 0, 0, 1, 0]|[4, 3, 2, 2, 0, 0, 2, 2, 2, 4, 1, 1, 2, 4, 4, 1, 1, 4, 2, 1, 1, 1, 1, 2, 1, 2, 1, 1, 1, 1, 3, 2, 3, 0, 4, 0, 1, 1, 0, 3, 2, 2, 4, 0, 1, 1, 3, 2, 0, 1, 2, 2, 1, 4, 0, 3, 2, 1, 1, 2, 1, 3, 1, 1, 2, 3, 0, 4, 3, 1, 4, 1, 1, 2, 4, 1, 2, 1, 1, 3, 2, 3, 1, 1, 1, 1, 1, 1, 1, 1, 3, 2, 1, 1, 4, 1, 2, 2, 3, 2]|[0, 2, 1, 1, 3, 3, 0, 1, 0, 0, 0, 0, 1, 0, 1, 0, 0, 3, 1, 0, 0, 0, 3, 1, 0, 2, 0, 0, 0, 1, 0, 0, 0, 0, 3, 0, 1, 0, 0, 2, 1, 1, 2, 0, 0, 0, 0, 1, 1, 0, 0, 0, 1, 3, 0, 0, 1, 0, 0, 1, 0, 2, 0, 1, 1, 2, 1, 0, 0, 1, 1, 3, 0, 1, 3, 0, 1, 0, 0, 2, 1, 0, 0, 0, 1, 0, 0, 0, 0, 0, 2, 1, 0, 1, 3, 1, 0, 0, 0, 0],845.7931659427186,57778.757532044474,86593.12219517957,false
56,G1_CMAX,G4_BALANCED,[31, 22, 42, 15, 26, 58, 95, 82, 77, 12, 47, 5, 93, 78, 98, 54, 85, 63, 18, 44, 20, 35, 43, 97, 91, 76, 10, 30, 21, 45, 71, 64, 1, 23, 17, 83, 24, 61, 60, 49, 6, 57, 94, 88, 65, 56, 79, 40, 67, 68, 46, 75, 38, 9, 19, 32, 81, 41, 27, 62, 87, 90, 99, 59, 53, 16, 72, 73, 70, 39, 37, 84, 3, 92, 25, 74, 28, 0, 51, 7, 11, 14, 86, 48, 89, 66, 50, 96, 33, 80, 4, 2, 55, 36, 29, 52, 13, 8, 69, 34]|[1, 1, 0, 1, 1, 1, 2, 1, 2, 1, 2, 2, 2, 1, 1, 0, 0, 1, 0, 2, 2, 0, 1, 2, 0, 1, 2, 2, 0, 0, 1, 2, 1, 0, 1, 0, 2, 0, 1, 1, 0, 1, 1, 1, 0, 2, 1, 1, 0, 0, 0, 0, 1, 1, 2, 1, 2, 0, 0, 2, 2, 1, 0, 1, 0, 1, 2, 1, 1, 1, 1, 1, 2, 0, 1, 2, 0, 1, 0, 1, 2, 1, 0, 0, 1, 0, 0, 2, 2, 0, 0, 0, 1, 1, 0, 1, 0, 1, 1, 2]|[4, 3, 2, 2, 0, 0, 2, 2, 2, 4, 1, 1, 2, 4, 4, 1, 1, 4, 2, 1, 1, 1, 1, 2, 1, 2, 1, 1, 1, 1, 3, 2, 3, 0, 4, 0, 1, 1, 0, 3, 2, 2, 4, 0, 1, 1, 3, 2, 0, 1, 2, 2, 1, 4, 0, 3, 2, 1, 1, 1, 1, 3, 1, 1, 2, 3, 0, 4, 3, 1, 4, 1, 1, 2, 4, 1, 2, 1, 1, 3, 1, 1, 1, 1, 1, 1, 1, 1, 1, 1, 2, 2, 4, 3, 2, 1, 2, 3, 3, 1]|[0, 2, 1, 1, 3, 3, 0, 1, 0, 0, 0, 0, 1, 0, 1, 0, 0, 3, 1, 0, 0, 0, 3, 1, 0, 2, 0, 0, 0, 1, 0, 0, 0, 0, 3, 0, 1, 0, 0, 2, 1, 1, 2, 0, 0, 0, 0, 1, 1, 0, 0, 0, 1, 3, 0, 0, 1, 0, 0, 0, 0, 2, 0, 1, 1, 2, 1, 0, 0, 1, 1, 3, 0, 1, 3, 0, 1, 1, 0, 2, 0, 1, 0, 0, 1, 0, 0, 0, 0, 0, 1, 0, 3, 2, 0, 1, 0, 2, 0, 0],753.3831353174876,57390.04141273939,89757.29000813536,true
56,G4_BALANCED,G4_BALANCED,[31, 11, 15, 82, 26, 9, 95, 32, 77, 68, 47, 5, 93, 78, 86, 54, 85, 63, 18, 44, 20, 49, 36, 14, 74, 50, 53, 17, 21, 45, 71, 64, 3, 23, 30, 83, 24, 41, 60, 52, 51, 27, 90, 70, 39, 87, 48, 69, 99, 4, 46, 1, 13, 58, 97, 59, 28, 8, 73, 37, 35, 79, 22, 66, 76, 42, 40, 80, 96, 6, 16, 61, 33, 7, 57, 34, 12, 67, 10, 98, 56, 88, 29, 25, 91, 38, 19, 92, 43, 84, 65, 72, 81, 75, 2, 55, 62, 89, 94, 0]|[2, 1, 1, 2, 1, 2, 1, 1, 1, 1, 1, 0, 2, 2, 1, 2, 0, 0, 0, 2, 2, 1, 0, 2, 0, 2, 2, 1, 0, 1, 1, 1, 0, 0, 1, 0, 2, 1, 2, 2, 0, 0, 1, 1, 0, 2, 0, 2, 1, 0, 0, 2, 0, 0, 2, 0, 1, 1, 0, 0, 2, 1, 1, 2, 2, 0, 2, 2, 0, 1, 2, 1, 1, 2, 0, 1, 2, 1, 1, 2, 2, 1, 1, 1, 1, 0, 1, 0, 1, 0, 1, 1, 1, 0, 2, 0, 1, 1, 2, 0]|[1, 3, 2, 0, 4, 1, 4, 4, 2, 4, 3, 2, 1, 0, 2, 1, 1, 1, 2, 1, 1, 3, 0, 1, 0, 1, 1, 4, 1, 4, 3, 2, 2, 0, 4, 1, 1, 4, 0, 1, 2, 1, 4, 4, 1, 1, 0, 2, 3, 1, 2, 1, 2, 1, 1, 2, 4, 3, 0, 2, 2, 3, 3, 0, 1, 2, 0, 1, 2, 4, 1, 3, 4, 1, 2, 4, 1, 3, 3, 1, 1, 4, 3, 4, 3, 2, 4, 2, 4, 2, 3, 4, 1, 2, 1, 2, 3, 4, 1, 2]|[1, 2, 1, 0, 3, 0, 1, 3, 0, 0, 2, 0, 1, 0, 1, 0, 0, 0, 1, 0, 0, 2, 0, 0, 1, 0, 0, 3, 0, 1, 0, 2, 0, 1, 3, 0, 1, 3, 1, 0, 0, 0, 1, 3, 0, 0, 1, 0, 2, 0, 0, 0, 0, 0, 1, 0, 1, 0, 1, 1, 0, 2, 2, 0, 0, 0, 1, 0, 0, 2, 0, 0, 1, 0, 0, 1, 0, 0, 3, 0, 0, 1, 0, 3, 0, 0, 1, 0, 2, 0, 0, 2, 1, 0, 0, 0, 0, 1, 0, 0],850.9632869082183,52431.02217786142,105346.60403335126,false
56,G2_TEC,G4_BALANCED,[31, 22, 82, 15, 26, 9, 95, 42, 77, 68, 47, 5, 93, 78, 86, 54, 85, 63, 18, 44, 20, 49, 36, 14, 74, 50, 53, 17, 21, 28, 71, 64, 3, 23, 30, 83, 24, 41, 60, 52, 65, 27, 90, 70, 39, 87, 48, 69, 99, 4, 46, 1, 13, 58, 97, 59, 11, 8, 73, 37, 35, 79, 33, 66, 76, 32, 40, 80, 96, 6, 16, 61, 45, 7, 57, 34, 12, 67, 10, 98, 56, 88, 29, 75, 91, 38, 19, 92, 43, 84, 51, 72, 81, 25, 2, 55, 0, 94, 89, 62]|[2, 1, 2, 1, 1, 2, 1, 1, 1, 2, 1, 0, 2, 2, 1, 2, 0, 0, 0, 2, 2, 1, 0, 2, 0, 2, 2, 1, 0, 1, 1, 1, 0, 0, 1, 0, 2, 1, 2, 2, 0, 0, 1, 1, 0, 2, 0, 2, 1, 0, 0, 2, 0, 0, 2, 0, 0, 1, 0, 0, 2, 1, 1, 2, 2, 0, 2, 2, 0, 1, 2, 1, 1, 2, 0, 1, 1, 1, 1, 2, 2, 1, 1, 0, 1, 0, 1, 0, 1, 0, 1, 1, 1, 1, 2, 0, 0, 2, 1, 1]|[0, 3, 0, 3, 4, 1, 4, 4, 2, 0, 3, 2, 1, 0, 2, 1, 1, 1, 2, 1, 1, 3, 0, 1, 0, 1, 1, 4, 1, 4, 3, 2, 2, 0, 4, 1, 1, 4, 0, 1, 2, 1, 4, 4, 1, 1, 0, 2, 3, 1, 2, 1, 2, 1, 1, 2, 1, 3, 0, 2, 2, 3, 4, 0, 1, 2, 0, 1, 2, 4, 1, 3, 4, 1, 2, 4, 3, 3, 3, 1, 1, 4, 3, 2, 3, 2, 4, 2, 4, 2, 3, 4, 1, 4, 1, 2, 2, 1, 4, 3]|[0, 2, 0, 0, 3, 0, 1, 3, 0, 0, 2, 0, 1, 0, 1, 0, 0, 0, 1, 0, 0, 2, 0, 0, 1, 0, 0, 3, 0, 1, 0, 2, 0, 1, 3, 0, 1, 3, 1, 0, 0, 0, 1, 3, 0, 0, 1, 0, 2, 0, 0, 0, 0, 0, 1, 0, 0, 0, 1, 1, 0, 2, 1, 0, 0, 0, 0, 0, 0, 2, 0, 0, 1, 0, 0, 1, 0, 0, 3, 0, 0, 1, 0, 0, 0, 0, 3, 0, 2, 0, 0, 2, 1, 3, 0, 0, 0, 0, 1, 0],848.7210464257236,52158.68351753062,106381.76141901733,true
56,G3_TWC,G3_TWC,[31, 22, 42, 15, 26, 58, 95, 82, 77, 12, 47, 5, 93, 78, 98, 54, 85, 63, 18, 44, 20, 35, 43, 97, 91, 76, 10, 30, 21, 45, 71, 64, 1, 23, 17, 83, 24, 61, 60, 49, 6, 57, 94, 88, 65, 56, 79, 40, 67, 68, 46, 75, 0, 9, 19, 32, 81, 41, 27, 62, 87, 90, 99, 59, 53, 16, 72, 73, 70, 39, 37, 84, 3, 92, 25, 74, 28, 38, 51, 7, 11, 14, 86, 48, 89, 66, 50, 96, 33, 80, 8, 4, 34, 36, 55, 52, 13, 2, 69, 29]|[1, 1, 0, 1, 1, 1, 2, 1, 2, 1, 2, 2, 2, 1, 1, 0, 0, 1, 0, 2, 2, 0, 1, 2, 0, 1, 2, 2, 0, 0, 1, 2, 1, 0, 1, 0, 2, 0, 1, 1, 0, 1, 1, 1, 0, 2, 1, 1, 0, 0, 0, 0, 1, 1, 2, 1, 2, 0, 0, 0, 2, 1, 0, 1, 0, 1, 2, 1, 1, 1, 1, 1, 2, 0, 1, 2, 0, 0, 0, 1, 0, 1, 0, 0, 1, 0, 0, 0, 2, 0, 1, 0, 2, 0, 1, 1, 0, 0, 1, 0]|[4, 3, 2, 2, 0, 0, 2, 2, 2, 4, 1, 1, 2, 4, 4, 1, 1, 4, 2, 1, 1, 1, 1, 2, 1, 2, 1, 1, 1, 1, 3, 2, 3, 0, 4, 0, 1, 1, 0, 3, 2, 2, 4, 0, 1, 1, 3, 2, 0, 1, 2, 2, 1, 4, 0, 3, 2, 1, 1, 2, 1, 3, 1, 1, 2, 3, 0, 4, 3, 1, 4, 1, 1, 2, 4, 1, 2, 1, 1, 3, 2, 3, 1, 1, 1, 1, 1, 1, 1, 1, 3, 2, 1, 1, 4, 1, 2, 2, 3, 2]|[0, 2, 1, 1, 3, 3, 0, 1, 0, 0, 0, 0, 1, 0, 1, 0, 0, 3, 1, 0, 0, 0, 3, 1, 0, 2, 0, 0, 0, 1, 0, 0, 0, 0, 3, 0, 1, 0, 0, 2, 1, 1, 2, 0, 0, 0, 0, 1, 1, 0, 0, 0, 1, 3, 0, 0, 1, 0, 0, 1, 0, 2, 0, 1, 1, 2, 1, 0, 0, 1, 1, 3, 0, 1, 3, 0, 1, 0, 0, 2, 1, 0, 0, 0, 1, 0, 0, 0, 0, 0, 2, 1, 0, 1, 3, 1, 0, 0, 0, 0],845.7931659427186,57778.757532044474,86593.12219517957,false
56,G1_CMAX,G1_CMAX,[31, 22, 82, 15, 26, 99, 95, 42, 77, 12, 47, 5, 93, 78, 86, 54, 21, 63, 18, 44, 20, 35, 55, 97, 91, 76, 10, 30, 85, 45, 71, 64, 1, 23, 17, 83, 24, 14, 60, 36, 6, 57, 40, 88, 65, 56, 79, 94, 67, 68, 46, 75, 38, 9, 19, 32, 41, 81, 27, 87, 90, 58, 59, 11, 16, 72, 73, 70, 39, 37, 84, 3, 92, 25, 43, 48, 62, 29, 51, 96, 33, 61, 66, 28, 89, 50, 4, 7, 53, 80, 8, 98, 34, 49, 52, 0, 74, 69, 2, 13]|[1, 1, 0, 1, 1, 0, 1, 1, 2, 1, 2, 2, 2, 1, 1, 0, 0, 1, 0, 2, 2, 0, 2, 2, 0, 1, 2, 2, 0, 0, 1, 2, 1, 2, 1, 0, 2, 0, 1, 1, 0, 1, 1, 1, 0, 2, 1, 1, 0, 0, 0, 0, 1, 1, 2, 1, 0, 2, 0, 2, 1, 0, 1, 2, 1, 2, 1, 1, 1, 1, 1, 1, 0, 1, 1, 0, 0, 0, 0, 2, 2, 1, 2, 0, 1, 0, 1, 2, 0, 0, 1, 2, 2, 0, 1, 0, 2, 1, 0, 0]|[0, 3, 2, 2, 4, 1, 2, 3, 2, 4, 1, 1, 2, 4, 4, 1, 1, 4, 2, 1, 1, 1, 1, 2, 1, 2, 1, 1, 2, 1, 3, 2, 3, 1, 4, 0, 1, 1, 0, 3, 2, 2, 2, 0, 1, 1, 0, 4, 0, 1, 2, 2, 1, 4, 0, 3, 1, 1, 1, 1, 3, 1, 1, 1, 3, 0, 4, 3, 1, 4, 1, 1, 0, 4, 1, 1, 2, 1, 1, 1, 1, 3, 1, 2, 1, 1, 4, 1, 2, 1, 3, 1, 1, 1, 1, 2, 1, 4, 2, 2]|[0, 2, 1, 1, 3, 0, 1, 3, 0, 0, 0, 0, 1, 0, 1, 0, 0, 3, 1, 0, 0, 0, 0, 1, 0, 2, 0, 0, 0, 1, 0, 0, 0, 0, 3, 0, 1, 0, 0, 2, 1, 1, 1, 0, 0, 0, 0, 2, 1, 0, 0, 0, 1, 3, 0, 0, 0, 0, 0, 0, 2, 0, 1, 0, 2, 1, 0, 0, 1, 1, 3, 1, 1, 3, 3, 0, 1, 0, 0, 0, 0, 0, 0, 1, 1, 0, 0, 0, 1, 0, 2, 0, 0, 1, 1, 0, 0, 2, 0, 0],731.2476204416437,56467.00513475512,93444.27354517547,false
56,G4_BALANCED,G1_CMAX,[31, 22, 82, 15, 26, 99, 95, 42, 77, 12, 47, 5, 93, 78, 86, 54, 21, 63, 18, 44, 20, 35, 43, 97, 91, 76, 10, 30, 85, 45, 71, 64, 1, 23, 17, 83, 24, 14, 60, 36, 6, 57, 40, 88, 65, 56, 79, 94, 67, 68, 46, 75, 38, 9, 19, 32, 41, 81, 27, 87, 90, 58, 59, 11, 16, 72, 73, 70, 39, 3, 37, 84, 62, 92, 25, 55, 28, 29, 51, 7, 33, 61, 98, 48, 89, 50, 66, 96, 53, 80, 4, 8, 34, 49, 52, 0, 13, 2, 69, 74]|[2, 1, 0, 1, 1, 0, 1, 2, 2, 1, 2, 2, 2, 1, 1, 0, 0, 1, 0, 2, 2, 0, 1, 2, 0, 1, 2, 2, 0, 0, 1, 2, 1, 2, 1, 0, 2, 0, 1, 1, 0, 2, 1, 1, 0, 2, 1, 1, 0, 0, 0, 0, 1, 1, 2, 1, 0, 2, 0, 2, 1, 0, 1, 2, 2, 1, 1, 1, 1, 1, 1, 1, 0, 0, 1, 2, 0, 0, 0, 2, 2, 1, 2, 0, 1, 0, 2, 0, 0, 0, 1, 1, 2, 0, 1, 0, 0, 0, 1, 2]|[1, 3, 2, 2, 4, 1, 2, 2, 2, 4, 1, 1, 2, 4, 4, 1, 1, 4, 2, 1, 1, 1, 1, 2, 1, 2, 1, 1, 2, 1, 3, 2, 3, 1, 4, 0, 1, 1, 0, 3, 2, 1, 4, 0, 1, 1, 0, 4, 0, 1, 2, 2, 1, 4, 0, 3, 1, 1, 1, 1, 3, 1, 1, 1, 1, 3, 4, 3, 1, 1, 4, 1, 2, 0, 4, 1, 2, 1, 1, 1, 1, 3, 1, 1, 1, 1, 1, 1, 2, 1, 4, 3, 1, 1, 1, 2, 2, 2, 4, 1]|[0, 2, 1, 1, 3, 0, 1, 0, 0, 0, 0, 0, 1, 0, 1, 0, 0, 3, 1, 0, 0, 0, 3, 1, 0, 2, 0, 0, 0, 1, 0, 0, 0, 0, 3, 0, 1, 0, 0, 2, 1, 0, 2, 0, 0, 0, 0, 2, 1, 0, 0, 0, 1, 3, 0, 0, 0, 0, 0, 0, 2, 0, 1, 0, 0, 2, 0, 0, 1, 1, 1, 3, 1, 1, 3, 0, 1, 0, 0, 0, 0, 0, 0, 0, 1, 0, 0, 0, 1, 0, 0, 2, 0, 1, 1, 0, 0, 0, 2, 0],798.6321321395579,55287.901697551715,97014.49042528482,true
56,G2_TEC,G2_TEC,[31, 94, 82, 15, 26, 9, 95, 42, 77, 68, 47, 5, 93, 78, 86, 54, 85, 63, 18, 44, 20, 49, 36, 14, 74, 50, 53, 17, 21, 28, 11, 64, 3, 23, 30, 83, 24, 41, 40, 52, 65, 27, 90, 70, 39, 87, 48, 69, 99, 4, 98, 1, 13, 56, 97, 59, 45, 8, 73, 37, 35, 79, 71, 75, 76, 16, 60, 80, 58, 6, 67, 61, 33, 7, 57, 34, 12, 32, 10, 46, 96, 88, 43, 81, 91, 2, 84, 29, 92, 19, 51, 55, 89, 66, 25, 22, 38, 72, 62, 0]|[2, 1, 2, 1, 1, 2, 1, 1, 1, 1, 1, 0, 2, 2, 1, 2, 0, 0, 0, 2, 2, 1, 0, 2, 0, 2, 2, 1, 0, 1, 1, 1, 0, 0, 1, 0, 2, 1, 2, 2, 0, 0, 1, 1, 0, 2, 0, 2, 1, 0, 2, 2, 0, 2, 2, 0, 1, 1, 0, 0, 2, 1, 1, 0, 2, 2, 2, 2, 2, 1, 2, 1, 1, 2, 0, 1, 1, 0, 1, 0, 0, 1, 1, 1, 1, 0, 0, 1, 0, 1, 1, 0, 1, 2, 1, 2, 0, 1, 1, 0]|[0, 3, 0, 3, 4, 1, 4, 4, 4, 4, 3, 2, 1, 0, 2, 1, 1, 1, 2, 1, 1, 3, 0, 1, 0, 1, 1, 4, 1, 4, 3, 2, 2, 0, 4, 1, 1, 4, 1, 1, 2, 1, 4, 4, 1, 1, 0, 1, 3, 2, 1, 1, 2, 1, 1, 2, 4, 3, 0, 2, 1, 3, 3, 2, 1, 1, 1, 1, 1, 4, 1, 3, 4, 1, 2, 4, 3, 2, 3, 2, 2, 4, 4, 4, 3, 2, 2, 3, 2, 4, 3, 2, 4, 1, 4, 1, 2, 4, 3, 2]|[0, 2, 0, 0, 3, 0, 1, 3, 1, 0, 2, 0, 1, 0, 1, 0, 0, 0, 1, 0, 0, 2, 0, 0, 1, 0, 0, 3, 0, 1, 0, 2, 0, 0, 3, 0, 1, 1, 0, 0, 0, 0, 1, 3, 0, 0, 1, 0, 2, 0, 0, 0, 0, 0, 1, 0, 1, 0, 1, 1, 0, 2, 0, 0, 0, 0, 0, 0, 0, 2, 0, 0, 1, 0, 0, 1, 0, 0, 3, 0, 0, 1, 2, 2, 0, 0, 0, 3, 0, 1, 0, 0, 1, 0, 3, 0, 0, 1, 0, 0],910.6016522559228,48427.915453382215,107149.35343126023,false
56,G3_TWC,G3_TWC,[31, 22, 42, 15, 26, 58, 95, 82, 77, 12, 47, 5, 93, 78, 98, 54, 85, 63, 18, 44, 20, 35, 43, 97, 91, 76, 10, 30, 21, 45, 71, 64, 1, 23, 17, 83, 24, 61, 60, 49, 6, 57, 94, 88, 65, 56, 79, 40, 67, 68, 46, 75, 0, 9, 19, 32, 81, 41, 27, 62, 87, 90, 99, 59, 53, 16, 72, 73, 70, 39, 37, 84, 3, 92, 25, 74, 28, 38, 51, 7, 11, 14, 86, 48, 89, 66, 50, 96, 33, 80, 8, 4, 34, 36, 55, 52, 13, 2, 69, 29]|[1, 1, 0, 1, 1, 1, 2, 1, 2, 1, 2, 2, 2, 1, 1, 0, 0, 1, 0, 2, 2, 0, 1, 2, 0, 1, 2, 2, 0, 0, 1, 2, 1, 0, 1, 0, 2, 0, 1, 1, 0, 1, 1, 1, 0, 2, 1, 1, 0, 0, 0, 0, 1, 1, 2, 1, 2, 0, 0, 0, 2, 1, 0, 1, 0, 1, 2, 1, 1, 1, 1, 1, 2, 0, 1, 2, 0, 0, 0, 1, 0, 1, 0, 0, 1, 0, 0, 0, 2, 0, 1, 0, 2, 0, 1, 1, 0, 0, 1, 0]|[4, 3, 2, 2, 0, 0, 2, 2, 2, 4, 1, 1, 2, 4, 4, 1, 1, 4, 2, 1, 1, 1, 1, 2, 1, 2, 1, 1, 1, 1, 3, 2, 3, 0, 4, 0, 1, 1, 0, 3, 2, 2, 4, 0, 1, 1, 3, 2, 0, 1, 2, 2, 1, 4, 0, 3, 2, 1, 1, 2, 1, 3, 1, 1, 2, 3, 0, 4, 3, 1, 4, 1, 1, 2, 4, 1, 2, 1, 1, 3, 2, 3, 1, 1, 1, 1, 1, 1, 1, 1, 3, 2, 1, 1, 4, 1, 2, 2, 3, 2]|[0, 2, 1, 1, 3, 3, 0, 1, 0, 0, 0, 0, 1, 0, 1, 0, 0, 3, 1, 0, 0, 0, 3, 1, 0, 2, 0, 0, 0, 1, 0, 0, 0, 0, 3, 0, 1, 0, 0, 2, 1, 1, 2, 0, 0, 0, 0, 1, 1, 0, 0, 0, 1, 3, 0, 0, 1, 0, 0, 1, 0, 2, 0, 1, 1, 2, 1, 0, 0, 1, 1, 3, 0, 1, 3, 0, 1, 0, 0, 2, 1, 0, 0, 0, 1, 0, 0, 0, 0, 0, 2, 1, 0, 1, 3, 1, 0, 0, 0, 0],845.7931659427186,57778.757532044474,86593.12219517957,false
56,G1_CMAX,G3_TWC,[31, 22, 42, 15, 26, 58, 95, 82, 77, 12, 47, 5, 93, 78, 98, 54, 85, 63, 18, 44, 20, 35, 43, 97, 91, 76, 10, 30, 21, 45, 71, 64, 1, 23, 17, 83, 24, 61, 60, 49, 6, 57, 94, 88, 65, 56, 79, 40, 67, 68, 46, 75, 38, 9, 19, 32, 81, 41, 27, 62, 87, 90, 99, 59, 53, 16, 72, 73, 70, 39, 37, 84, 3, 92, 25, 74, 28, 0, 51, 7, 11, 14, 86, 66, 89, 50, 48, 96, 33, 80, 4, 8, 34, 36, 55, 52, 13, 2, 69, 29]|[1, 1, 0, 1, 1, 1, 2, 1, 2, 1, 2, 2, 2, 1, 1, 0, 0, 1, 0, 2, 2, 0, 1, 2, 0, 1, 2, 2, 0, 0, 1, 2, 1, 0, 1, 0, 2, 0, 1, 1, 0, 1, 1, 1, 0, 2, 1, 1, 0, 0, 0, 0, 1, 1, 2, 1, 2, 0, 0, 0, 2, 1, 0, 1, 0, 1, 2, 1, 1, 1, 1, 1, 2, 0, 1, 2, 0, 0, 0, 1, 2, 1, 0, 2, 1, 0, 0, 2, 2, 0, 0, 1, 2, 0, 2, 1, 0, 0, 1, 0]|[4, 3, 2, 2, 0, 0, 2, 2, 2, 4, 1, 1, 2, 4, 4, 1, 1, 4, 2, 1, 1, 1, 1, 2, 1, 2, 1, 1, 1, 1, 3, 2, 3, 0, 4, 0, 1, 1, 0, 3, 2, 2, 4, 0, 1, 1, 3, 2, 0, 1, 2, 2, 1, 4, 0, 3, 2, 1, 1, 2, 1, 3, 1, 1, 2, 3, 0, 4, 3, 1, 4, 1, 1, 2, 4, 1, 2, 1, 1, 3, 1, 3, 1, 1, 1, 1, 1, 1, 1, 1, 2, 3, 1, 1, 1, 1, 2, 2, 3, 1]|[0, 2, 1, 1, 3, 3, 0, 1, 0, 0, 0, 0, 1, 0, 1, 0, 0, 3, 1, 0, 0, 0, 3, 1, 0, 2, 0, 0, 0, 1, 0, 0, 0, 0, 3, 0, 1, 0, 0, 2, 1, 1, 2, 0, 0, 0, 0, 1, 1, 0, 0, 0, 1, 3, 0, 0, 1, 0, 0, 1, 0, 2, 0, 1, 1, 2, 1, 0, 0, 1, 1, 3, 0, 1, 3, 0, 1, 0, 0, 2, 0, 0, 0, 0, 1, 0, 0, 0, 0, 0, 1, 2, 0, 1, 0, 1, 0, 0, 0, 0],773.7329326544065,57276.25537916782,87754.88758889219,true
56,G4_BALANCED,G3_TWC,[31, 22, 42, 15, 26, 58, 95, 82, 77, 12, 47, 5, 93, 78, 98, 54, 85, 63, 18, 44, 20, 35, 43, 97, 91, 76, 10, 30, 21, 45, 71, 64, 1, 23, 17, 83, 24, 61, 60, 36, 6, 57, 94, 88, 65, 56, 79, 40, 67, 68, 46, 75, 38, 9, 19, 32, 81, 41, 27, 62, 87, 90, 99, 59, 53, 16, 72, 73, 70, 39, 37, 84, 3, 92, 25, 74, 28, 0, 51, 7, 11, 14, 86, 48, 89, 66, 50, 96, 4, 80, 33, 8, 34, 49, 55, 52, 13, 2, 69, 29]|[1, 1, 0, 1, 1, 1, 2, 1, 2, 1, 2, 2, 2, 1, 1, 0, 0, 1, 0, 2, 2, 0, 1, 2, 0, 1, 2, 2, 0, 0, 1, 2, 1, 0, 1, 0, 2, 0, 1, 1, 0, 1, 1, 1, 0, 2, 1, 1, 0, 0, 0, 0, 1, 1, 2, 1, 2, 0, 0, 0, 2, 1, 0, 1, 0, 1, 2, 1, 1, 1, 1, 1, 2, 0, 1, 2, 0, 0, 0, 1, 2, 1, 0, 0, 1, 2, 0, 2, 0, 0, 2, 1, 2, 0, 2, 1, 0, 0, 1, 0]|[4, 3, 2, 2, 0, 0, 2, 2, 2, 4, 1, 1, 2, 4, 4, 1, 1, 4, 2, 1, 1, 1, 1, 2, 1, 2, 1, 1, 1, 1, 3, 2, 3, 0, 4, 0, 1, 1, 0, 3, 2, 2, 4, 0, 1, 1, 3, 2, 0, 1, 2, 2, 1, 4, 0, 3, 2, 1, 1, 2, 1, 3, 1, 1, 2, 3, 0, 4, 3, 1, 4, 1, 1, 2, 4, 1, 2, 1, 1, 3, 1, 3, 1, 1, 1, 1, 1, 1, 2, 1, 1, 3, 1, 1, 1, 1, 2, 2, 3, 2]|[0, 2, 1, 1, 3, 3, 0, 1, 0, 0, 0, 0, 1, 0, 1, 0, 0, 3, 1, 0, 0, 0, 3, 1, 0, 2, 0, 0, 0, 1, 0, 0, 0, 0, 3, 0, 1, 0, 0, 2, 1, 1, 2, 0, 0, 0, 0, 1, 1, 0, 0, 0, 1, 3, 0, 0, 1, 0, 0, 1, 0, 2, 0, 1, 1, 2, 1, 0, 0, 1, 1, 3, 0, 1, 3, 0, 1, 0, 0, 2, 0, 0, 0, 0, 1, 0, 0, 0, 1, 0, 0, 2, 0, 1, 0, 1, 0, 0, 0, 0],783.8487552545888,57139.41374157495,88171.96431486766,true
56,G2_TEC,G2_TEC,[31, 94, 82, 15, 26, 9, 95, 42, 77, 68, 47, 5, 93, 78, 86, 54, 85, 63, 18, 44, 20, 49, 36, 14, 74, 50, 53, 17, 21, 28, 11, 64, 3, 23, 30, 83, 24, 41, 40, 52, 65, 27, 90, 70, 39, 87, 48, 69, 99, 4, 98, 1, 13, 56, 97, 59, 45, 8, 73, 37, 35, 79, 71, 75, 76, 16, 60, 80, 58, 6, 67, 61, 33, 7, 57, 34, 12, 32, 10, 46, 96, 88, 43, 81, 91, 2, 84, 29, 92, 19, 51, 55, 89, 66, 25, 22, 38, 72, 62, 0]|[2, 1, 2, 1, 1, 2, 1, 1, 1, 1, 1, 0, 2, 2, 1, 2, 0, 0, 0, 2, 2, 1, 0, 2, 0, 2, 2, 1, 0, 1, 1, 1, 0, 0, 1, 0, 2, 1, 2, 2, 0, 0, 1, 1, 0, 2, 0, 2, 1, 0, 2, 2, 0, 2, 2, 0, 1, 1, 0, 0, 2, 1, 1, 0, 2, 2, 2, 2, 2, 1, 2, 1, 1, 2, 0, 1, 1, 0, 1, 0, 0, 1, 1, 1, 1, 0, 0, 1, 0, 1, 1, 0, 1, 2, 1, 2, 0, 1, 1, 0]|[0, 3, 0, 3, 4, 1, 4, 4, 4, 4, 3, 2, 1, 0, 2, 1, 1, 1, 2, 1, 1, 3, 0, 1, 0, 1, 1, 4, 1, 4, 3, 2, 2, 0, 4, 1, 1, 4, 1, 1, 2, 1, 4, 4, 1, 1, 0, 1, 3, 2, 1, 1, 2, 1, 1, 2, 4, 3, 0, 2, 1, 3, 3, 2, 1, 1, 1, 1, 1, 4, 1, 3, 4, 1, 2, 4, 3, 2, 3, 2, 2, 4, 4, 4, 3, 2, 2, 3, 2, 4, 3, 2, 4, 1, 4, 1, 2, 4, 3, 2]|[0, 2, 0, 0, 3, 0, 1, 3, 1, 0, 2, 0, 1, 0, 1, 0, 0, 0, 1, 0, 0, 2, 0, 0, 1, 0, 0, 3, 0, 1, 0, 2, 0, 0, 3, 0, 1, 1, 0, 0, 0, 0, 1, 3, 0, 0, 1, 0, 2, 0, 0, 0, 0, 0, 1, 0, 1, 0, 1, 1, 0, 2, 0, 0, 0, 0, 0, 0, 0, 2, 0, 0, 1, 0, 0, 1, 0, 0, 3, 0, 0, 1, 2, 2, 0, 0, 0, 3, 0, 1, 0, 0, 1, 0, 3, 0, 0, 1, 0, 0],910.6016522559228,48427.915453382215,107149.35343126023,false
56,G3_TWC,G3_TWC,[31, 22, 42, 15, 26, 58, 95, 82, 77, 12, 47, 5, 93, 78, 98, 54, 85, 63, 18, 44, 20, 35, 43, 97, 91, 76, 10, 30, 21, 45, 71, 64, 1, 23, 17, 83, 24, 61, 60, 49, 6, 57, 94, 88, 65, 56, 79, 40, 67, 68, 46, 75, 0, 9, 19, 32, 81, 41, 27, 62, 87, 90, 99, 59, 53, 16, 72, 73, 70, 39, 37, 84, 3, 92, 25, 74, 28, 38, 51, 7, 11, 14, 86, 48, 89, 66, 50, 96, 33, 80, 8, 4, 34, 36, 55, 52, 13, 2, 69, 29]|[1, 1, 0, 1, 1, 1, 2, 1, 2, 1, 2, 2, 2, 1, 1, 0, 0, 1, 0, 2, 2, 0, 1, 2, 0, 1, 2, 2, 0, 0, 1, 2, 1, 0, 1, 0, 2, 0, 1, 1, 0, 1, 1, 1, 0, 2, 1, 1, 0, 0, 0, 0, 1, 1, 2, 1, 2, 0, 0, 0, 2, 1, 0, 1, 0, 1, 2, 1, 1, 1, 1, 1, 2, 0, 1, 2, 0, 0, 0, 1, 0, 1, 0, 0, 1, 0, 0, 0, 2, 0, 1, 0, 2, 0, 1, 1, 0, 0, 1, 0]|[4, 3, 2, 2, 0, 0, 2, 2, 2, 4, 1, 1, 2, 4, 4, 1, 1, 4, 2, 1, 1, 1, 1, 2, 1, 2, 1, 1, 1, 1, 3, 2, 3, 0, 4, 0, 1, 1, 0, 3, 2, 2, 4, 0, 1, 1, 3, 2, 0, 1, 2, 2, 1, 4, 0, 3, 2, 1, 1, 2, 1, 3, 1, 1, 2, 3, 0, 4, 3, 1, 4, 1, 1, 2, 4, 1, 2, 1, 1, 3, 2, 3, 1, 1, 1, 1, 1, 1, 1, 1, 3, 2, 1, 1, 4, 1, 2, 2, 3, 2]|[0, 2, 1, 1, 3, 3, 0, 1, 0, 0, 0, 0, 1, 0, 1, 0, 0, 3, 1, 0, 0, 0, 3, 1, 0, 2, 0, 0, 0, 1, 0, 0, 0, 0, 3, 0, 1, 0, 0, 2, 1, 1, 2, 0, 0, 0, 0, 1, 1, 0, 0, 0, 1, 3, 0, 0, 1, 0, 0, 1, 0, 2, 0, 1, 1, 2, 1, 0, 0, 1, 1, 3, 0, 1, 3, 0, 1, 0, 0, 2, 1, 0, 0, 0, 1, 0, 0, 0, 0, 0, 2, 1, 0, 1, 3, 1, 0, 0, 0, 0],845.7931659427186,57778.757532044474,86593.12219517957,false
56,G1_CMAX,G4_BALANCED,[31, 22, 82, 15, 26, 58, 95, 42, 77, 12, 47, 5, 93, 78, 86, 54, 85, 63, 18, 44, 20, 35, 43, 97, 91, 76, 10, 30, 21, 45, 71, 64, 1, 23, 17, 83, 24, 14, 60, 36, 6, 57, 40, 88, 65, 56, 79, 94, 67, 68, 46, 29, 38, 9, 19, 32, 81, 41, 27, 87, 90, 62, 99, 59, 11, 16, 72, 73, 70, 39, 37, 84, 3, 92, 25, 55, 28, 75, 51, 7, 66, 61, 98, 8, 89, 50, 33, 96, 49, 48, 80, 4, 34, 53, 52, 0, 13, 2, 69, 74]|[1, 1, 0, 1, 1, 0, 2, 2, 2, 1, 2, 2, 2, 1, 1, 0, 0, 1, 0, 2, 2, 0, 1, 2, 0, 1, 2, 2, 0, 0, 1, 2, 1, 2, 1, 0, 2, 0, 1, 1, 0, 1, 1, 1, 0, 2, 1, 1, 0, 0, 0, 0, 1, 1, 2, 1, 2, 0, 0, 2, 1, 2, 0, 2, 2, 1, 2, 1, 1, 1, 1, 1, 1, 0, 1, 2, 0, 0, 0, 1, 2, 1, 1, 0, 1, 0, 2, 2, 0, 0, 0, 1, 2, 0, 1, 0, 0, 0, 1, 2]|[4, 3, 2, 2, 4, 1, 2, 2, 2, 4, 1, 1, 2, 4, 4, 1, 1, 4, 2, 1, 1, 1, 1, 2, 1, 2, 1, 1, 1, 1, 3, 1, 3, 1, 4, 0, 1, 1, 0, 3, 2, 2, 2, 0, 1, 1, 0, 4, 0, 1, 2, 2, 1, 4, 0, 3, 1, 1, 1, 1, 3, 1, 1, 1, 1, 3, 1, 4, 3, 1, 4, 1, 1, 0, 4, 1, 2, 2, 1, 1, 1, 3, 4, 1, 1, 1, 1, 1, 1, 1, 1, 4, 1, 2, 1, 2, 2, 2, 4, 1]|[0, 2, 1, 1, 3, 0, 0, 0, 0, 0, 0, 0, 1, 0, 1, 0, 0, 3, 1, 0, 0, 0, 3, 1, 0, 2, 0, 0, 0, 0, 0, 0, 0, 0, 3, 0, 1, 0, 0, 2, 1, 1, 1, 0, 0, 0, 0, 2, 1, 0, 0, 0, 1, 3, 0, 0, 0, 0, 0, 0, 2, 0, 0, 0, 0, 2, 0, 0, 0, 1, 1, 3, 1, 1, 3, 0, 1, 0, 0, 2, 0, 0, 1, 0, 1, 0, 0, 0, 1, 0, 0, 0, 0, 1, 1, 0, 0, 0, 2, 0],864.9405069285402,54571.10517607824,102506.09960255667,true
56,G4_BALANCED,G3_TWC,[31, 22, 42, 15, 26, 58, 95, 82, 77, 12, 47, 5, 93, 78, 98, 54, 85, 63, 18, 44, 20, 35, 43, 97, 91, 76, 10, 30, 21, 45, 71, 64, 1, 23, 17, 83, 24, 61, 60, 36, 6, 57, 94, 88, 65, 56, 79, 40, 67, 68, 46, 75, 38, 9, 19, 32, 81, 41, 27, 62, 87, 90, 99, 59, 11, 16, 72, 73, 70, 39, 37, 84, 3, 92, 25, 74, 28, 29, 51, 50, 53, 14, 86, 66, 89, 7, 4, 96, 33, 80, 48, 8, 55, 49, 0, 52, 13, 2, 69, 34]|[1, 1, 0, 1, 1, 1, 2, 1, 2, 1, 2, 2, 2, 1, 1, 0, 0, 1, 0, 2, 2, 0, 1, 2, 0, 1, 2, 2, 0, 0, 1, 2, 1, 2, 1, 0, 2, 0, 1, 1, 0, 1, 1, 1, 0, 2, 1, 1, 0, 0, 0, 0, 1, 1, 2, 1, 2, 0, 0, 0, 2, 1, 0, 1, 2, 1, 2, 1, 1, 1, 1, 1, 2, 0, 1, 2, 0, 0, 0, 1, 0, 1, 0, 2, 1, 1, 1, 2, 2, 0, 0, 1, 2, 0, 0, 1, 0, 0, 1, 2]|[4, 3, 2, 2, 0, 0, 2, 2, 2, 4, 1, 1, 2, 4, 4, 1, 1, 4, 2, 1, 1, 1, 1, 2, 1, 2, 1, 1, 1, 1, 3, 2, 3, 0, 4, 0, 1, 1, 0, 3, 2, 2, 4, 0, 1, 1, 3, 2, 0, 1, 2, 2, 1, 4, 0, 3, 2, 1, 1, 2, 1, 3, 1, 1, 1, 3, 0, 4, 3, 1, 4, 1, 1, 2, 4, 1, 2, 1, 1, 3, 2, 3, 1, 1, 1, 3, 4, 1, 1, 1, 1, 3, 1, 1, 2, 1, 2, 2, 4, 1]|[0, 2, 1, 1, 3, 3, 0, 1, 0, 0, 0, 0, 1, 0, 1, 0, 0, 3, 1, 0, 0, 0, 3, 1, 0, 2, 0, 0, 0, 1, 0, 0, 0, 0, 3, 0, 1, 0, 0, 2, 1, 1, 2, 0, 0, 0, 0, 1, 1, 0, 0, 0, 1, 3, 0, 0, 1, 0, 0, 1, 0, 2, 0, 1, 0, 2, 1, 0, 0, 1, 1, 3, 0, 1, 3, 0, 1, 0, 0, 2, 1, 0, 0, 0, 1, 2, 0, 0, 0, 0, 0, 2, 0, 1, 0, 1, 0, 0, 2, 0],728.4869286192202,57157.53540402781,90893.16299755374,true
56,G2_TEC,G2_TEC,[31, 94, 82, 15, 26, 9, 95, 42, 77, 68, 47, 5, 93, 78, 86, 54, 85, 63, 18, 44, 20, 49, 36, 14, 74, 50, 53, 17, 21, 28, 11, 64, 3, 23, 30, 83, 24, 41, 40, 52, 65, 27, 90, 70, 39, 87, 48, 69, 99, 4, 98, 1, 13, 56, 97, 59, 45, 8, 73, 37, 35, 79, 71, 75, 76, 16, 60, 80, 58, 6, 67, 61, 33, 7, 57, 34, 12, 32, 10, 46, 96, 88, 43, 81, 91, 2, 84, 29, 92, 19, 51, 55, 89, 66, 25, 22, 38, 72, 62, 0]|[2, 1, 2, 1, 1, 2, 1, 1, 1, 1, 1, 0, 2, 2, 1, 2, 0, 0, 0, 2, 2, 1, 0, 2, 0, 2, 2, 1, 0, 1, 1, 1, 0, 0, 1, 0, 2, 1, 2, 2, 0, 0, 1, 1, 0, 2, 0, 2, 1, 0, 2, 2, 0, 2, 2, 0, 1, 1, 0, 0, 2, 1, 1, 0, 2, 2, 2, 2, 2, 1, 2, 1, 1, 2, 0, 1, 1, 0, 1, 0, 0, 1, 1, 1, 1, 0, 0, 1, 0, 1, 1, 0, 1, 2, 1, 2, 0, 1, 1, 0]|[0, 3, 0, 3, 4, 1, 4, 4, 4, 4, 3, 2, 1, 0, 2, 1, 1, 1, 2, 1, 1, 3, 0, 1, 0, 1, 1, 4, 1, 4, 3, 2, 2, 0, 4, 1, 1, 4, 1, 1, 2, 1, 4, 4, 1, 1, 0, 1, 3, 2, 1, 1, 2, 1, 1, 2, 4, 3, 0, 2, 1, 3, 3, 2, 1, 1, 1, 1, 1, 4, 1, 3, 4, 1, 2, 4, 3, 2, 3, 2, 2, 4, 4, 4, 3, 2, 2, 3, 2, 4, 3, 2, 4, 1, 4, 1, 2, 4, 3, 2]|[0, 2, 0, 0, 3, 0, 1, 3, 1, 0, 2, 0, 1, 0, 1, 0, 0, 0, 1, 0, 0, 2, 0, 0, 1, 0, 0, 3, 0, 1, 0, 2, 0, 0, 3, 0, 1, 1, 0, 0, 0, 0, 1, 3, 0, 0, 1, 0, 2, 0, 0, 0, 0, 0, 1, 0, 1, 0, 1, 1, 0, 2, 0, 0, 0, 0, 0, 0, 0, 2, 0, 0, 1, 0, 0, 1, 0, 0, 3, 0, 0, 1, 2, 2, 0, 0, 0, 3, 0, 1, 0, 0, 1, 0, 3, 0, 0, 1, 0, 0],910.6016522559228,48427.915453382215,107149.35343126023,false
56,G3_TWC,G3_TWC,[31, 22, 42, 15, 26, 58, 95, 82, 77, 12, 47, 5, 93, 78, 98, 54, 85, 63, 18, 44, 20, 35, 43, 97, 91, 76, 10, 30, 21, 45, 71, 64, 1, 23, 17, 83, 24, 61, 60, 49, 6, 57, 94, 88, 65, 56, 79, 40, 67, 68, 46, 75, 0, 9, 19, 32, 81, 41, 27, 62, 87, 90, 99, 59, 53, 16, 72, 73, 70, 39, 37, 84, 3, 92, 25, 74, 28, 38, 51, 7, 11, 14, 86, 48, 89, 66, 50, 96, 33, 80, 8, 4, 34, 36, 55, 52, 13, 2, 69, 29]|[1, 1, 0, 1, 1, 1, 2, 1, 2, 1, 2, 2, 2, 1, 1, 0, 0, 1, 0, 2, 2, 0, 1, 2, 0, 1, 2, 2, 0, 0, 1, 2, 1, 0, 1, 0, 2, 0, 1, 1, 0, 1, 1, 1, 0, 2, 1, 1, 0, 0, 0, 0, 1, 1, 2, 1, 2, 0, 0, 0, 2, 1, 0, 1, 0, 1, 2, 1, 1, 1, 1, 1, 2, 0, 1, 2, 0, 0, 0, 1, 0, 1, 0, 0, 1, 0, 0, 0, 2, 0, 1, 0, 2, 0, 1, 1, 0, 0, 1, 0]|[4, 3, 2, 2, 0, 0, 2, 2, 2, 4, 1, 1, 2, 4, 4, 1, 1, 4, 2, 1, 1, 1, 1, 2, 1, 2, 1, 1, 1, 1, 3, 2, 3, 0, 4, 0, 1, 1, 0, 3, 2, 2, 4, 0, 1, 1, 3, 2, 0, 1, 2, 2, 1, 4, 0, 3, 2, 1, 1, 2, 1, 3, 1, 1, 2, 3, 0, 4, 3, 1, 4, 1, 1, 2, 4, 1, 2, 1, 1, 3, 2, 3, 1, 1, 1, 1, 1, 1, 1, 1, 3, 2, 1, 1, 4, 1, 2, 2, 3, 2]|[0, 2, 1, 1, 3, 3, 0, 1, 0, 0, 0, 0, 1, 0, 1, 0, 0, 3, 1, 0, 0, 0, 3, 1, 0, 2, 0, 0, 0, 1, 0, 0, 0, 0, 3, 0, 1, 0, 0, 2, 1, 1, 2, 0, 0, 0, 0, 1, 1, 0, 0, 0, 1, 3, 0, 0, 1, 0, 0, 1, 0, 2, 0, 1, 1, 2, 1, 0, 0, 1, 1, 3, 0, 1, 3, 0, 1, 0, 0, 2, 1, 0, 0, 0, 1, 0, 0, 0, 0, 0, 2, 1, 0, 1, 3, 1, 0, 0, 0, 0],845.7931659427186,57778.757532044474,86593.12219517957,false
56,G1_CMAX,G3_TWC,[31, 22, 42, 15, 26, 58, 95, 82, 77, 12, 47, 5, 93, 78, 98, 54, 85, 63, 18, 44, 20, 35, 43, 97, 91, 76, 10, 30, 21, 45, 71, 64, 1, 23, 17, 83, 24, 61, 60, 49, 6, 57, 94, 88, 65, 56, 79, 40, 67, 68, 46, 50, 38, 9, 19, 32, 81, 41, 27, 62, 87, 90, 99, 59, 11, 16, 72, 73, 70, 39, 37, 84, 3, 92, 25, 74, 28, 29, 51, 7, 33, 14, 86, 48, 89, 75, 66, 96, 53, 80, 4, 8, 0, 36, 55, 52, 13, 2, 69, 34]|[1, 1, 0, 1, 1, 1, 2, 1, 2, 1, 2, 2, 2, 1, 1, 0, 0, 1, 0, 2, 2, 0, 1, 2, 0, 1, 2, 2, 0, 0, 1, 2, 1, 2, 1, 0, 2, 0, 1, 1, 0, 1, 1, 1, 0, 2, 1, 1, 0, 0, 0, 0, 1, 1, 2, 1, 2, 2, 0, 0, 2, 1, 0, 1, 2, 1, 2, 1, 1, 1, 1, 1, 2, 0, 1, 2, 0, 0, 0, 1, 2, 1, 2, 2, 1, 0, 0, 0, 0, 0, 0, 1, 0, 0, 1, 1, 0, 0, 1, 2]|[4, 3, 2, 2, 0, 0, 2, 2, 2, 4, 1, 1, 2, 4, 4, 1, 1, 4, 2, 1, 1, 1, 1, 2, 1, 2, 1, 1, 1, 1, 3, 2, 3, 0, 4, 0, 1, 1, 0, 3, 2, 2, 4, 0, 1, 1, 3, 2, 0, 1, 2, 2, 1, 4, 0, 3, 2, 1, 1, 2, 1, 3, 1, 1, 1, 3, 0, 4, 3, 1, 4, 1, 1, 2, 4, 1, 2, 1, 1, 3, 1, 3, 1, 1, 1, 2, 1, 1, 2, 1, 2, 3, 1, 1, 4, 1, 2, 2, 3, 1]|[0, 2, 1, 1, 3, 3, 0, 1, 0, 0, 0, 0, 1, 0, 1, 0, 0, 3, 1, 0, 0, 0, 3, 1, 0, 2, 0, 0, 0, 0, 0, 0, 0, 0, 3, 0, 1, 0, 0, 2, 1, 1, 2, 0, 0, 0, 0, 1, 1, 0, 0, 0, 1, 3, 0, 0, 1, 0, 0, 1, 0, 2, 0, 1, 0, 2, 1, 0, 0, 1, 1, 3, 0, 1, 3, 0, 1, 0, 0, 2, 0, 0, 0, 0, 1, 0, 0, 0, 1, 0, 1, 2, 0, 1, 3, 1, 0, 0, 0, 0],736.2770238447348,56781.21878088509,90807.1080982333,true
56,G4_BALANCED,G4_BALANCED,[31, 22, 42, 15, 26, 58, 95, 82, 77, 12, 47, 5, 93, 78, 98, 54, 85, 63, 18, 44, 20, 35, 43, 97, 91, 76, 10, 30, 21, 45, 71, 64, 1, 23, 17, 83, 24, 61, 60, 36, 6, 57, 94, 88, 65, 56, 79, 40, 67, 68, 46, 75, 38, 9, 19, 32, 81, 41, 27, 62, 87, 90, 99, 59, 11, 16, 72, 73, 70, 39, 37, 84, 3, 92, 25, 74, 28, 29, 51, 50, 53, 14, 86, 48, 89, 66, 7, 96, 33, 80, 8, 4, 34, 49, 0, 52, 13, 2, 69, 55]|[1, 1, 0, 1, 1, 1, 2, 1, 2, 1, 2, 2, 2, 1, 1, 0, 0, 1, 0, 2, 2, 0, 1, 2, 0, 1, 2, 2, 0, 0, 1, 2, 1, 0, 1, 0, 2, 0, 1, 1, 0, 1, 1, 1, 0, 2, 1, 1, 0, 0, 0, 0, 1, 1, 2, 1, 2, 0, 0, 0, 2, 1, 0, 1, 2, 1, 2, 1, 1, 1, 1, 1, 2, 0, 1, 2, 0, 0, 0, 1, 0, 1, 0, 0, 1, 2, 0, 2, 2, 0, 1, 1, 2, 0, 0, 1, 0, 0, 1, 2]|[4, 3, 2, 2, 0, 0, 2, 2, 2, 4, 1, 1, 2, 4, 4, 1, 1, 4, 2, 1, 1, 1, 1, 2, 1, 2, 1, 1, 1, 1, 3, 2, 3, 0, 4, 0, 1, 1, 0, 3, 2, 2, 4, 0, 1, 1, 3, 2, 0, 1, 2, 2, 1, 4, 0, 3, 2, 1, 1, 2, 1, 3, 1, 1, 1, 3, 0, 4, 3, 1, 4, 1, 1, 2, 4, 1, 2, 1, 1, 3, 2, 3, 1, 1, 1, 1, 1, 1, 1, 1, 3, 4, 1, 1, 2, 1, 2, 2, 4, 1]|[0, 2, 1, 1, 3, 3, 0, 1, 0, 0, 0, 0, 1, 0, 1, 0, 0, 3, 1, 0, 0, 0, 3, 1, 0, 2, 0, 0, 0, 1, 0, 0, 0, 0, 3, 0, 1, 0, 0, 2, 1, 1, 2, 0, 0, 0, 0, 1, 1, 0, 0, 0, 1, 3, 0, 0, 1, 0, 0, 1, 0, 2, 0, 1, 0, 2, 1, 0, 0, 1, 1, 3, 0, 1, 3, 0, 1, 0, 0, 2, 1, 0, 0, 0, 1, 0, 0, 0, 0, 0, 2, 0, 0, 1, 0, 1, 0, 0, 2, 0],763.363811423958,56931.159506711716,89852.74329212775,false
56,G2_TEC,G2_TEC,[31, 94, 82, 15, 26, 9, 95, 42, 77, 68, 47, 5, 93, 78, 86, 54, 85, 63, 18, 44, 20, 49, 36, 14, 74, 50, 53, 17, 21, 28, 11, 64, 3, 23, 30, 83, 24, 41, 40, 52, 65, 27, 90, 70, 39, 87, 48, 69, 99, 4, 98, 1, 13, 56, 97, 59, 45, 8, 73, 37, 35, 79, 71, 75, 76, 16, 60, 80, 58, 6, 67, 61, 33, 7, 57, 34, 12, 32, 10, 46, 96, 88, 43, 81, 91, 2, 84, 29, 92, 19, 51, 55, 89, 66, 25, 22, 38, 72, 62, 0]|[2, 1, 2, 1, 1, 2, 1, 1, 1, 1, 1, 0, 2, 2, 1, 2, 0, 0, 0, 2, 2, 1, 0, 2, 0, 2, 2, 1, 0, 1, 1, 1, 0, 0, 1, 0, 2, 1, 2, 2, 0, 0, 1, 1, 0, 2, 0, 2, 1, 0, 2, 2, 0, 2, 2, 0, 1, 1, 0, 0, 2, 1, 1, 0, 2, 2, 2, 2, 2, 1, 2, 1, 1, 2, 0, 1, 1, 0, 1, 0, 0, 1, 1, 1, 1, 0, 0, 1, 0, 1, 1, 0, 1, 2, 1, 2, 0, 1, 1, 0]|[0, 3, 0, 3, 4, 1, 4, 4, 4, 4, 3, 2, 1, 0, 2, 1, 1, 1, 2, 1, 1, 3, 0, 1, 0, 1, 1, 4, 1, 4, 3, 2, 2, 0, 4, 1, 1, 4, 1, 1, 2, 1, 4, 4, 1, 1, 0, 1, 3, 2, 1, 1, 2, 1, 1, 2, 4, 3, 0, 2, 1, 3, 3, 2, 1, 1, 1, 1, 1, 4, 1, 3, 4, 1, 2, 4, 3, 2, 3, 2, 2, 4, 4, 4, 3, 2, 2, 3, 2, 4, 3, 2, 4, 1, 4, 1, 2, 4, 3, 2]|[0, 2, 0, 0, 3, 0, 1, 3, 1, 0, 2, 0, 1, 0, 1, 0, 0, 0, 1, 0, 0, 2, 0, 0, 1, 0, 0, 3, 0, 1, 0, 2, 0, 0, 3, 0, 1, 1, 0, 0, 0, 0, 1, 3, 0, 0, 1, 0, 2, 0, 0, 0, 0, 0, 1, 0, 1, 0, 1, 1, 0, 2, 0, 0, 0, 0, 0, 0, 0, 2, 0, 0, 1, 0, 0, 1, 0, 0, 3, 0, 0, 1, 2, 2, 0, 0, 0, 3, 0, 1, 0, 0, 1, 0, 3, 0, 0, 1, 0, 0],910.6016522559228,48427.915453382215,107149.35343126023,false
56,G3_TWC,G3_TWC,[31, 22, 42, 15, 26, 58, 95, 82, 77, 12, 47, 5, 93, 78, 98, 54, 85, 63, 18, 44, 20, 35, 43, 97, 91, 76, 10, 30, 21, 45, 71, 64, 1, 23, 17, 83, 24, 61, 60, 49, 6, 57, 94, 88, 65, 56, 79, 40, 67, 68, 46, 75, 0, 9, 19, 32, 81, 41, 27, 62, 87, 90, 99, 59, 53, 16, 72, 73, 70, 39, 37, 84, 3, 92, 25, 74, 28, 38, 51, 7, 11, 14, 86, 48, 89, 66, 50, 96, 33, 80, 8, 4, 34, 36, 55, 52, 13, 2, 69, 29]|[1, 1, 0, 1, 1, 1, 2, 1, 2, 1, 2, 2, 2, 1, 1, 0, 0, 1, 0, 2, 2, 0, 1, 2, 0, 1, 2, 2, 0, 0, 1, 2, 1, 0, 1, 0, 2, 0, 1, 1, 0, 1, 1, 1, 0, 2, 1, 1, 0, 0, 0, 0, 1, 1, 2, 1, 2, 0, 0, 0, 2, 1, 0, 1, 0, 1, 2, 1, 1, 1, 1, 1, 2, 0, 1, 2, 0, 0, 0, 1, 0, 1, 0, 0, 1, 0, 0, 0, 2, 0, 1, 0, 2, 0, 1, 1, 0, 0, 1, 0]|[4, 3, 2, 2, 0, 0, 2, 2, 2, 4, 1, 1, 2, 4, 4, 1, 1, 4, 2, 1, 1, 1, 1, 2, 1, 2, 1, 1, 1, 1, 3, 2, 3, 0, 4, 0, 1, 1, 0, 3, 2, 2, 4, 0, 1, 1, 3, 2, 0, 1, 2, 2, 1, 4, 0, 3, 2, 1, 1, 2, 1, 3, 1, 1, 2, 3, 0, 4, 3, 1, 4, 1, 1, 2, 4, 1, 2, 1, 1, 3, 2, 3, 1, 1, 1, 1, 1, 1, 1, 1, 3, 2, 1, 1, 4, 1, 2, 2, 3, 2]|[0, 2, 1, 1, 3, 3, 0, 1, 0, 0, 0, 0, 1, 0, 1, 0, 0, 3, 1, 0, 0, 0, 3, 1, 0, 2, 0, 0, 0, 1, 0, 0, 0, 0, 3, 0, 1, 0, 0, 2, 1, 1, 2, 0, 0, 0, 0, 1, 1, 0, 0, 0, 1, 3, 0, 0, 1, 0, 0, 1, 0, 2, 0, 1, 1, 2, 1, 0, 0, 1, 1, 3, 0, 1, 3, 0, 1, 0, 0, 2, 1, 0, 0, 0, 1, 0, 0, 0, 0, 0, 2, 1, 0, 1, 3, 1, 0, 0, 0, 0],845.7931659427186,57778.757532044474,86593.12219517957,false
56,G1_CMAX,G4_BALANCED,[31, 22, 82, 15, 26, 58, 95, 42, 77, 12, 47, 5, 93, 78, 86, 54, 85, 63, 18, 44, 20, 35, 43, 97, 91, 76, 10, 30, 21, 45, 71, 64, 1, 23, 17, 83, 24, 14, 60, 36, 6, 57, 40, 88, 65, 56, 79, 94, 67, 68, 46, 75, 38, 9, 19, 32, 81, 41, 27, 62, 87, 90, 99, 59, 11, 16, 72, 73, 70, 39, 37, 84, 3, 92, 25, 74, 28, 29, 51, 7, 53, 61, 98, 48, 89, 50, 66, 96, 33, 80, 4, 2, 55, 49, 0, 52, 13, 8, 69, 34]|[1, 1, 0, 1, 1, 0, 1, 2, 2, 1, 2, 2, 2, 1, 1, 0, 0, 1, 0, 2, 2, 0, 1, 2, 0, 1, 2, 2, 0, 0, 1, 2, 1, 2, 1, 0, 2, 0, 1, 1, 0, 1, 1, 1, 0, 2, 1, 1, 0, 0, 0, 0, 1, 1, 2, 1, 2, 0, 0, 0, 2, 1, 0, 1, 2, 1, 2, 1, 2, 1, 1, 1, 2, 0, 1, 2, 1, 0, 0, 1, 0, 1, 2, 0, 1, 0, 2, 2, 2, 0, 1, 0, 2, 0, 0, 1, 0, 1, 1, 2]|[4, 3, 2, 2, 4, 1, 2, 2, 2, 4, 1, 1, 2, 4, 4, 1, 2, 4, 2, 1, 1, 1, 1, 2, 1, 2, 1, 1, 1, 1, 3, 2, 3, 1, 4, 0, 1, 1, 0, 3, 2, 2, 2, 0, 1, 1, 3, 4, 0, 1, 2, 2, 1, 4, 0, 3, 1, 1, 1, 2, 1, 3, 1, 1, 1, 3, 0, 4, 1, 1, 4, 1, 1, 0, 4, 1, 4, 1, 1, 3, 2, 3, 1, 1, 1, 1, 1, 1, 1, 1, 4, 2, 1, 1, 2, 1, 2, 3, 3, 1]|[0, 2, 1, 1, 3, 0, 1, 0, 0, 0, 0, 0, 1, 0, 1, 0, 0, 3, 1, 0, 0, 0, 3, 1, 0, 2, 0, 0, 0, 0, 0, 0, 0, 0, 3, 0, 1, 0, 0, 2, 1, 1, 1, 0, 0, 0, 0, 2, 1, 0, 0, 0, 1, 3, 0, 0, 0, 0, 0, 1, 0, 2, 0, 1, 0, 2, 1, 0, 0, 1, 1, 3, 0, 1, 3, 0, 1, 0, 0, 2, 1, 0, 0, 0, 1, 0, 0, 0, 0, 0, 0, 0, 0, 1, 0, 1, 0, 2, 2, 0],802.3321713614728,55001.588468554124,99079.34928502931,true
56,G4_BALANCED,G4_BALANCED,[31, 22, 42, 15, 26, 58, 95, 82, 77, 12, 47, 5, 93, 78, 98, 54, 85, 63, 18, 44, 20, 35, 43, 97, 91, 76, 10, 30, 21, 45, 71, 64, 1, 23, 17, 83, 24, 61, 60, 49, 6, 57, 94, 88, 65, 56, 79, 40, 67, 68, 46, 75, 38, 9, 19, 32, 81, 41, 27, 62, 87, 90, 99, 59, 11, 16, 72, 73, 70, 39, 37, 84, 3, 92, 25, 74, 28, 48, 51, 7, 53, 14, 86, 29, 89, 66, 50, 96, 33, 80, 8, 4, 34, 55, 0, 52, 13, 2, 69, 36]|[1, 1, 0, 1, 1, 1, 2, 1, 2, 1, 2, 2, 2, 1, 1, 0, 0, 1, 0, 2, 2, 0, 1, 2, 0, 1, 2, 2, 0, 0, 1, 2, 1, 0, 1, 0, 2, 0, 1, 1, 0, 1, 1, 1, 0, 2, 1, 1, 0, 0, 0, 0, 1, 1, 2, 1, 2, 0, 0, 0, 2, 1, 0, 1, 2, 1, 2, 1, 1, 1, 1, 1, 2, 0, 1, 2, 0, 0, 0, 1, 2, 1, 0, 0, 1, 0, 0, 0, 2, 0, 1, 0, 2, 1, 0, 1, 0, 0, 1, 0]|[4, 3, 2, 2, 0, 0, 2, 2, 2, 4, 1, 1, 2, 4, 4, 1, 1, 4, 2, 1, 1, 1, 1, 2, 1, 2, 1, 1, 1, 1, 3, 2, 3, 0, 4, 0, 1, 1, 0, 3, 2, 2, 4, 0, 1, 1, 3, 2, 0, 1, 2, 2, 1, 4, 1, 3, 2, 1, 1, 2, 1, 3, 1, 1, 1, 3, 1, 4, 3, 1, 4, 1, 1, 2, 4, 1, 2, 1, 1, 3, 1, 3, 1, 2, 1, 1, 1, 1, 1, 1, 3, 2, 1, 4, 2, 1, 2, 2, 3, 1]|[0, 2, 1, 1, 3, 3, 0, 1, 0, 0, 0, 0, 1, 0, 1, 0, 0, 3, 1, 0, 0, 0, 3, 1, 0, 2, 0, 0, 0, 1, 0, 0, 0, 0, 3, 0, 1, 0, 0, 2, 1, 1, 2, 0, 0, 0, 0, 1, 1, 0, 0, 0, 1, 3, 0, 0, 1, 0, 0, 1, 0, 2, 0, 1, 0, 2, 0, 0, 0, 1, 1, 3, 0, 1, 3, 0, 1, 0, 0, 2, 0, 0, 0, 0, 1, 0, 0, 0, 0, 0, 2, 1, 0, 3, 0, 1, 0, 0, 0, 1],831.3411925032382,56367.52576377035,89055.35200895615,false
56,G2_TEC,G2_TEC,[31, 94, 82, 15, 26, 9, 95, 42, 77, 68, 47, 5, 93, 78, 86, 54, 85, 63, 18, 44, 20, 49, 36, 14, 74, 50, 53, 17, 21, 28, 11, 64, 3, 23, 30, 83, 24, 41, 40, 52, 65, 27, 90, 70, 39, 87, 48, 69, 99, 4, 98, 1, 13, 56, 97, 59, 45, 8, 73, 37, 35, 79, 71, 75, 76, 16, 60, 80, 58, 6, 67, 61, 33, 7, 57, 34, 12, 32, 10, 46, 96, 88, 43, 81, 91, 2, 84, 29, 92, 19, 51, 55, 89, 66, 25, 22, 38, 72, 62, 0]|[2, 1, 2, 1, 1, 2, 1, 1, 1, 1, 1, 0, 2, 2, 1, 2, 0, 0, 0, 2, 2, 1, 0, 2, 0, 2, 2, 1, 0, 1, 1, 1, 0, 0, 1, 0, 2, 1, 2, 2, 0, 0, 1, 1, 0, 2, 0, 2, 1, 0, 2, 2, 0, 2, 2, 0, 1, 1, 0, 0, 2, 1, 1, 0, 2, 2, 2, 2, 2, 1, 2, 1, 1, 2, 0, 1, 1, 0, 1, 0, 0, 1, 1, 1, 1, 0, 0, 1, 0, 1, 1, 0, 1, 2, 1, 2, 0, 1, 1, 0]|[0, 3, 0, 3, 4, 1, 4, 4, 4, 4, 3, 2, 1, 0, 2, 1, 1, 1, 2, 1, 1, 3, 0, 1, 0, 1, 1, 4, 1, 4, 3, 2, 2, 0, 4, 1, 1, 4, 1, 1, 2, 1, 4, 4, 1, 1, 0, 1, 3, 2, 1, 1, 2, 1, 1, 2, 4, 3, 0, 2, 1, 3, 3, 2, 1, 1, 1, 1, 1, 4, 1, 3, 4, 1, 2, 4, 3, 2, 3, 2, 2, 4, 4, 4, 3, 2, 2, 3, 2, 4, 3, 2, 4, 1, 4, 1, 2, 4, 3, 2]|[0, 2, 0, 0, 3, 0, 1, 3, 1, 0, 2, 0, 1, 0, 1, 0, 0, 0, 1, 0, 0, 2, 0, 0, 1, 0, 0, 3, 0, 1, 0, 2, 0, 0, 3, 0, 1, 1, 0, 0, 0, 0, 1, 3, 0, 0, 1, 0, 2, 0, 0, 0, 0, 0, 1, 0, 1, 0, 1, 1, 0, 2, 0, 0, 0, 0, 0, 0, 0, 2, 0, 0, 1, 0, 0, 1, 0, 0, 3, 0, 0, 1, 2, 2, 0, 0, 0, 3, 0, 1, 0, 0, 1, 0, 3, 0, 0, 1, 0, 0],910.6016522559228,48427.915453382215,107149.35343126023,false
56,G3_TWC,G3_TWC,[31, 22, 42, 15, 26, 58, 95, 82, 77, 12, 47, 5, 93, 78, 98, 54, 85, 63, 18, 44, 20, 35, 43, 97, 91, 76, 10, 30, 21, 45, 71, 64, 1, 23, 17, 83, 24, 61, 60, 49, 6, 57, 94, 88, 65, 56, 79, 40, 67, 68, 46, 75, 0, 9, 19, 32, 81, 41, 27, 62, 87, 90, 99, 59, 53, 16, 72, 73, 70, 39, 37, 84, 3, 92, 25, 74, 28, 38, 51, 7, 11, 14, 86, 48, 89, 66, 50, 96, 33, 80, 8, 4, 34, 36, 55, 52, 13, 2, 69, 29]|[1, 1, 0, 1, 1, 1, 2, 1, 2, 1, 2, 2, 2, 1, 1, 0, 0, 1, 0, 2, 2, 0, 1, 2, 0, 1, 2, 2, 0, 0, 1, 2, 1, 0, 1, 0, 2, 0, 1, 1, 0, 1, 1, 1, 0, 2, 1, 1, 0, 0, 0, 0, 1, 1, 2, 1, 2, 0, 0, 0, 2, 1, 0, 1, 0, 1, 2, 1, 1, 1, 1, 1, 2, 0, 1, 2, 0, 0, 0, 1, 0, 1, 0, 0, 1, 0, 0, 0, 2, 0, 1, 0, 2, 0, 1, 1, 0, 0, 1, 0]|[4, 3, 2, 2, 0, 0, 2, 2, 2, 4, 1, 1, 2, 4, 4, 1, 1, 4, 2, 1, 1, 1, 1, 2, 1, 2, 1, 1, 1, 1, 3, 2, 3, 0, 4, 0, 1, 1, 0, 3, 2, 2, 4, 0, 1, 1, 3, 2, 0, 1, 2, 2, 1, 4, 0, 3, 2, 1, 1, 2, 1, 3, 1, 1, 2, 3, 0, 4, 3, 1, 4, 1, 1, 2, 4, 1, 2, 1, 1, 3, 2, 3, 1, 1, 1, 1, 1, 1, 1, 1, 3, 2, 1, 1, 4, 1, 2, 2, 3, 2]|[0, 2, 1, 1, 3, 3, 0, 1, 0, 0, 0, 0, 1, 0, 1, 0, 0, 3, 1, 0, 0, 0, 3, 1, 0, 2, 0, 0, 0, 1, 0, 0, 0, 0, 3, 0, 1, 0, 0, 2, 1, 1, 2, 0, 0, 0, 0, 1, 1, 0, 0, 0, 1, 3, 0, 0, 1, 0, 0, 1, 0, 2, 0, 1, 1, 2, 1, 0, 0, 1, 1, 3, 0, 1, 3, 0, 1, 0, 0, 2, 1, 0, 0, 0, 1, 0, 0, 0, 0, 0, 2, 1, 0, 1, 3, 1, 0, 0, 0, 0],845.7931659427186,57778.757532044474,86593.12219517957,false
56,G1_CMAX,G4_BALANCED,[31, 22, 42, 15, 26, 58, 95, 82, 77, 12, 47, 5, 93, 78, 98, 54, 85, 63, 18, 44, 20, 35, 43, 97, 91, 76, 10, 19, 21, 45, 71, 64, 1, 23, 17, 83, 24, 61, 60, 36, 6, 57, 94, 88, 65, 56, 79, 40, 67, 68, 46, 75, 38, 9, 30, 32, 81, 41, 27, 62, 87, 90, 99, 59, 11, 16, 72, 73, 70, 39, 37, 84, 3, 92, 25, 55, 28, 29, 51, 7, 33, 14, 86, 48, 89, 50, 66, 96, 53, 80, 4, 8, 34, 49, 0, 52, 13, 2, 69, 74]|[1, 1, 0, 1, 1, 1, 2, 1, 2, 1, 2, 2, 2, 1, 1, 0, 0, 1, 0, 2, 2, 0, 1, 2, 0, 1, 2, 2, 0, 0, 1, 2, 1, 2, 1, 0, 2, 0, 1, 1, 0, 1, 1, 1, 0, 2, 1, 1, 0, 0, 0, 0, 1, 1, 2, 1, 2, 2, 0, 0, 2, 1, 0, 1, 2, 1, 2, 1, 1, 1, 1, 1, 2, 1, 1, 1, 0, 0, 0, 1, 2, 1, 0, 0, 1, 0, 0, 2, 0, 0, 0, 1, 2, 0, 0, 1, 0, 0, 1, 2]|[4, 3, 2, 2, 0, 0, 2, 2, 2, 4, 1, 1, 2, 4, 4, 1, 1, 4, 2, 1, 1, 1, 1, 2, 1, 2, 1, 0, 1, 1, 3, 2, 3, 0, 4, 0, 1, 1, 0, 3, 2, 2, 4, 0, 1, 1, 0, 2, 0, 1, 2, 2, 1, 4, 1, 3, 2, 1, 1, 2, 1, 3, 1, 1, 1, 3, 0, 4, 3, 1, 4, 1, 1, 4, 4, 4, 2, 1, 1, 3, 1, 3, 1, 1, 1, 1, 1, 1, 2, 1, 2, 3, 1, 1, 2, 1, 2, 2, 3, 1]|[0, 2, 1, 1, 3, 3, 0, 1, 0, 0, 0, 0, 1, 0, 1, 0, 0, 3, 1, 0, 0, 0, 3, 1, 0, 2, 0, 0, 0, 1, 0, 0, 0, 0, 3, 0, 1, 0, 0, 2, 1, 1, 2, 0, 0, 0, 0, 1, 1, 0, 0, 0, 1, 3, 0, 0, 1, 0, 0, 1, 0, 2, 0, 1, 0, 2, 1, 0, 0, 1, 1, 3, 0, 0, 3, 3, 1, 0, 0, 2, 0, 0, 0, 0, 1, 0, 0, 0, 1, 0, 1, 2, 0, 1, 0, 1, 0, 0, 0, 0],736.2670012451629,57630.52540083121,89970.27722989232,true
56,G4_BALANCED,G1_CMAX,[31, 22, 82, 15, 26, 99, 95, 42, 77, 12, 47, 5, 93, 78, 86, 54, 21, 63, 18, 44, 20, 35, 43, 97, 91, 76, 10, 30, 85, 45, 71, 64, 1, 23, 17, 83, 24, 14, 60, 36, 6, 57, 40, 88, 65, 56, 59, 94, 67, 68, 46, 75, 38, 9, 19, 32, 41, 81, 27, 87, 90, 58, 79, 11, 16, 72, 73, 70, 39, 37, 84, 3, 92, 25, 55, 48, 62, 29, 51, 7, 33, 61, 98, 28, 89, 50, 4, 96, 53, 80, 8, 66, 34, 49, 52, 0, 74, 69, 2, 13]|[1, 1, 0, 1, 1, 0, 1, 1, 2, 1, 2, 2, 2, 1, 1, 0, 0, 1, 0, 2, 2, 0, 1, 2, 0, 1, 2, 2, 0, 0, 1, 2, 1, 2, 1, 0, 2, 0, 1, 1, 0, 1, 1, 1, 0, 2, 1, 1, 0, 0, 0, 0, 1, 1, 2, 1, 0, 2, 0, 2, 1, 0, 1, 2, 1, 2, 1, 1, 1, 1, 1, 1, 0, 1, 2, 0, 0, 0, 0, 1, 2, 1, 2, 0, 1, 0, 1, 2, 0, 0, 1, 2, 2, 0, 1, 0, 2, 1, 0, 0]|[0, 3, 2, 2, 4, 1, 2, 3, 2, 4, 1, 1, 2, 4, 4, 1, 1, 4, 2, 1, 1, 1, 1, 2, 1, 2, 1, 1, 2, 1, 3, 2, 3, 1, 4, 0, 1, 1, 0, 3, 2, 2, 2, 0, 1, 1, 1, 4, 0, 1, 2, 2, 1, 4, 0, 3, 1, 1, 1, 1, 3, 1, 1, 1, 3, 0, 4, 3, 1, 4, 1, 1, 0, 4, 1, 1, 2, 1, 1, 1, 1, 3, 1, 2, 1, 1, 4, 1, 2, 1, 3, 1, 1, 1, 1, 2, 1, 4, 2, 2]|[0, 2, 1, 1, 3, 0, 1, 3, 0, 0, 0, 0, 1, 0, 1, 0, 0, 3, 1, 0, 0, 0, 3, 1, 0, 2, 0, 0, 0, 1, 0, 0, 0, 0, 3, 0, 1, 0, 0, 2, 1, 1, 1, 0, 0, 0, 1, 2, 1, 0, 0, 0, 1, 3, 0, 0, 0, 0, 0, 0, 2, 0, 1, 0, 2, 1, 0, 0, 1, 1, 3, 1, 1, 3, 0, 0, 1, 0, 0, 2, 0, 0, 0, 1, 1, 0, 0, 0, 1, 0, 2, 0, 0, 1, 1, 0, 0, 2, 0, 0],731.2476204416437,56471.05293543117,93231.64460992858,true
56,G2_TEC,G2_TEC,[31, 94, 82, 15, 26, 9, 95, 42, 77, 68, 47, 5, 93, 78, 86, 54, 85, 63, 18, 44, 20, 49, 36, 14, 74, 50, 53, 17, 21, 28, 11, 64, 3, 23, 30, 83, 24, 41, 40, 52, 65, 27, 90, 70, 39, 87, 48, 69, 99, 4, 98, 1, 13, 56, 97, 59, 45, 8, 73, 37, 35, 79, 71, 75, 76, 16, 60, 80, 58, 6, 67, 61, 33, 7, 57, 34, 12, 32, 10, 46, 96, 88, 43, 81, 91, 2, 84, 29, 92, 19, 51, 55, 89, 66, 25, 22, 38, 72, 62, 0]|[2, 1, 2, 1, 1, 2, 1, 1, 1, 1, 1, 0, 2, 2, 1, 2, 0, 0, 0, 2, 2, 1, 0, 2, 0, 2, 2, 1, 0, 1, 1, 1, 0, 0, 1, 0, 2, 1, 2, 2, 0, 0, 1, 1, 0, 2, 0, 2, 1, 0, 2, 2, 0, 2, 2, 0, 1, 1, 0, 0, 2, 1, 1, 0, 2, 2, 2, 2, 2, 1, 2, 1, 1, 2, 0, 1, 1, 0, 1, 0, 0, 1, 1, 1, 1, 0, 0, 1, 0, 1, 1, 0, 1, 2, 1, 2, 0, 1, 1, 0]|[0, 3, 0, 3, 4, 1, 4, 4, 4, 4, 3, 2, 1, 0, 2, 1, 1, 1, 2, 1, 1, 3, 0, 1, 0, 1, 1, 4, 1, 4, 3, 2, 2, 0, 4, 1, 1, 4, 1, 1, 2, 1, 4, 4, 1, 1, 0, 1, 3, 2, 1, 1, 2, 1, 1, 2, 4, 3, 0, 2, 1, 3, 3, 2, 1, 1, 1, 1, 1, 4, 1, 3, 4, 1, 2, 4, 3, 2, 3, 2, 2, 4, 4, 4, 3, 2, 2, 3, 2, 4, 3, 2, 4, 1, 4, 1, 2, 4, 3, 2]|[0, 2, 0, 0, 3, 0, 1, 3, 1, 0, 2, 0, 1, 0, 1, 0, 0, 0, 1, 0, 0, 2, 0, 0, 1, 0, 0, 3, 0, 1, 0, 2, 0, 0, 3, 0, 1, 1, 0, 0, 0, 0, 1, 3, 0, 0, 1, 0, 2, 0, 0, 0, 0, 0, 1, 0, 1, 0, 1, 1, 0, 2, 0, 0, 0, 0, 0, 0, 0, 2, 0, 0, 1, 0, 0, 1, 0, 0, 3, 0, 0, 1, 2, 2, 0, 0, 0, 3, 0, 1, 0, 0, 1, 0, 3, 0, 0, 1, 0, 0],910.6016522559228,48427.915453382215,107149.35343126023,false
56,G3_TWC,G3_TWC,[31, 22, 42, 15, 26, 58, 95, 82, 77, 12, 47, 5, 93, 78, 98, 54, 85, 63, 18, 44, 20, 35, 43, 97, 91, 76, 10, 30, 21, 45, 71, 64, 1, 23, 17, 83, 24, 61, 60, 49, 6, 57, 94, 88, 65, 56, 79, 40, 67, 68, 46, 75, 0, 9, 19, 32, 81, 41, 27, 62, 87, 90, 99, 59, 53, 16, 72, 73, 70, 39, 37, 84, 3, 92, 25, 74, 28, 38, 51, 7, 11, 14, 86, 48, 89, 66, 50, 96, 33, 80, 8, 4, 34, 36, 55, 52, 13, 2, 69, 29]|[1, 1, 0, 1, 1, 1, 2, 1, 2, 1, 2, 2, 2, 1, 1, 0, 0, 1, 0, 2, 2, 0, 1, 2, 0, 1, 2, 2, 0, 0, 1, 2, 1, 0, 1, 0, 2, 0, 1, 1, 0, 1, 1, 1, 0, 2, 1, 1, 0, 0, 0, 0, 1, 1, 2, 1, 2, 0, 0, 0, 2, 1, 0, 1, 0, 1, 2, 1, 1, 1, 1, 1, 2, 0, 1, 2, 0, 0, 0, 1, 0, 1, 0, 0, 1, 0, 0, 0, 2, 0, 1, 0, 2, 0, 1, 1, 0, 0, 1, 0]|[4, 3, 2, 2, 0, 0, 2, 2, 2, 4, 1, 1, 2, 4, 4, 1, 1, 4, 2, 1, 1, 1, 1, 2, 1, 2, 1, 1, 1, 1, 3, 2, 3, 0, 4, 0, 1, 1, 0, 3, 2, 2, 4, 0, 1, 1, 3, 2, 0, 1, 2, 2, 1, 4, 0, 3, 2, 1, 1, 2, 1, 3, 1, 1, 2, 3, 0, 4, 3, 1, 4, 1, 1, 2, 4, 1, 2, 1, 1, 3, 2, 3, 1, 1, 1, 1, 1, 1, 1, 1, 3, 2, 1, 1, 4, 1, 2, 2, 3, 2]|[0, 2, 1, 1, 3, 3, 0, 1, 0, 0, 0, 0, 1, 0, 1, 0, 0, 3, 1, 0, 0, 0, 3, 1, 0, 2, 0, 0, 0, 1, 0, 0, 0, 0, 3, 0, 1, 0, 0, 2, 1, 1, 2, 0, 0, 0, 0, 1, 1, 0, 0, 0, 1, 3, 0, 0, 1, 0, 0, 1, 0, 2, 0, 1, 1, 2, 1, 0, 0, 1, 1, 3, 0, 1, 3, 0, 1, 0, 0, 2, 1, 0, 0, 0, 1, 0, 0, 0, 0, 0, 2, 1, 0, 1, 3, 1, 0, 0, 0, 0],845.7931659427186,57778.757532044474,86593.12219517957,false
56,G1_CMAX,G1_CMAX,[31, 22, 42, 15, 26, 58, 95, 82, 77, 12, 47, 5, 93, 78, 98, 54, 85, 63, 18, 96, 20, 35, 43, 97, 91, 76, 10, 30, 21, 45, 71, 64, 1, 23, 17, 83, 24, 14, 60, 36, 6, 57, 94, 88, 65, 56, 79, 40, 67, 68, 46, 75, 38, 9, 19, 32, 81, 41, 27, 62, 87, 90, 99, 59, 11, 16, 72, 73, 70, 39, 37, 84, 3, 92, 25, 74, 28, 29, 51, 7, 53, 61, 86, 48, 89, 50, 66, 44, 33, 80, 4, 2, 55, 49, 0, 52, 13, 8, 69, 34]|[1, 1, 0, 1, 1, 1, 2, 1, 2, 1, 2, 2, 2, 1, 1, 0, 0, 1, 0, 2, 2, 0, 1, 2, 0, 1, 2, 2, 0, 0, 1, 2, 1, 2, 1, 0, 2, 0, 1, 1, 0, 1, 1, 1, 0, 2, 1, 1, 0, 0, 0, 0, 1, 1, 2, 1, 2, 0, 0, 0, 2, 1, 0, 1, 2, 1, 2, 1, 1, 1, 1, 1, 2, 0, 1, 2, 2, 0, 0, 1, 0, 1, 0, 0, 1, 0, 2, 2, 2, 0, 0, 0, 1, 0, 0, 1, 0, 1, 1, 2]|[4, 3, 2, 2, 0, 0, 2, 2, 2, 4, 1, 1, 2, 4, 4, 1, 1, 4, 2, 1, 1, 1, 1, 2, 1, 2, 1, 1, 1, 1, 3, 2, 3, 0, 4, 0, 1, 1, 0, 3, 2, 2, 4, 0, 1, 1, 3, 2, 0, 1, 2, 2, 1, 4, 0, 3, 2, 1, 1, 2, 1, 3, 1, 1, 1, 3, 0, 4, 3, 1, 4, 1, 1, 2, 4, 1, 1, 1, 1, 3, 2, 3, 1, 1, 1, 1, 1, 1, 1, 1, 2, 2, 4, 1, 2, 1, 2, 3, 4, 1]|[0, 2, 1, 1, 3, 3, 0, 1, 0, 0, 0, 0, 1, 0, 1, 0, 0, 3, 1, 0, 0, 0, 3, 1, 0, 2, 0, 0, 0, 1, 0, 0, 0, 0, 3, 0, 1, 0, 0, 2, 1, 1, 2, 0, 0, 0, 0, 1, 1, 0, 0, 0, 1, 3, 0, 0, 1, 0, 0, 1, 0, 2, 0, 1, 0, 2, 1, 0, 0, 1, 1, 3, 0, 1, 3, 0, 0, 0, 0, 2, 1, 0, 0, 0, 1, 0, 0, 0, 0, 0, 1, 0, 3, 1, 0, 1, 0, 2, 2, 0],759.9613521850492,57083.19960056535,89794.17356421678,false
56,G4_BALANCED,G4_BALANCED,[31, 22, 82, 15, 26, 58, 95, 42, 77, 12, 47, 5, 93, 78, 86, 54, 85, 63, 18, 44, 20, 35, 43, 97, 91, 76, 10, 30, 21, 45, 71, 64, 1, 23, 17, 83, 24, 14, 60, 36, 6, 57, 40, 88, 65, 56, 79, 94, 67, 68, 46, 29, 38, 9, 19, 32, 81, 41, 27, 87, 62, 90, 99, 59, 11, 66, 72, 73, 39, 70, 37, 84, 3, 92, 25, 74, 28, 75, 51, 7, 55, 61, 98, 48, 89, 16, 50, 96, 33, 80, 4, 8, 53, 49, 0, 52, 13, 2, 69, 34]|[1, 1, 0, 1, 1, 0, 1, 2, 2, 1, 2, 2, 2, 1, 1, 0, 0, 1, 0, 2, 2, 0, 1, 2, 0, 1, 2, 2, 0, 0, 1, 2, 1, 2, 1, 0, 2, 0, 1, 1, 0, 1, 1, 1, 0, 2, 1, 1, 0, 0, 0, 0, 1, 1, 2, 1, 2, 0, 0, 2, 2, 1, 0, 1, 2, 2, 2, 1, 1, 1, 1, 1, 1, 0, 1, 2, 0, 0, 0, 1, 2, 1, 2, 0, 1, 1, 0, 2, 2, 0, 1, 1, 0, 0, 0, 1, 0, 0, 1, 2]|[4, 3, 2, 2, 4, 1, 2, 2, 2, 4, 1, 1, 2, 4, 4, 1, 2, 4, 2, 1, 1, 1, 1, 2, 1, 2, 1, 1, 1, 1, 3, 2, 3, 1, 4, 0, 1, 1, 0, 3, 2, 2, 2, 0, 1, 1, 0, 4, 0, 1, 2, 2, 1, 4, 0, 3, 1, 1, 1, 1, 1, 3, 1, 1, 1, 1, 1, 4, 3, 3, 4, 1, 1, 2, 4, 1, 2, 2, 1, 1, 1, 3, 1, 1, 1, 3, 1, 1, 1, 1, 4, 3, 2, 1, 2, 1, 2, 2, 4, 1]|[0, 2, 1, 1, 3, 0, 1, 0, 0, 0, 0, 0, 1, 0, 1, 0, 0, 3, 1, 0, 0, 0, 3, 1, 0, 2, 0, 0, 0, 1, 0, 0, 0, 0, 3, 0, 1, 0, 0, 2, 1, 1, 1, 0, 0, 0, 0, 2, 1, 0, 0, 0, 1, 3, 0, 0, 0, 0, 0, 0, 0, 2, 0, 1, 0, 0, 0, 0, 0, 0, 1, 3, 1, 1, 3, 0, 1, 0, 0, 2, 0, 0, 0, 0, 1, 2, 0, 0, 0, 0, 0, 2, 1, 1, 0, 1, 0, 0, 2, 0],798.0294042478927,55202.006513415756,98789.04139124315,false
56,G2_TEC,G2_TEC,[31, 94, 82, 15, 26, 9, 95, 42, 77, 68, 47, 5, 93, 78, 86, 54, 85, 63, 18, 44, 20, 49, 36, 14, 74, 50, 53, 17, 21, 28, 11, 64, 3, 23, 30, 83, 24, 41, 40, 52, 65, 27, 90, 70, 39, 87, 48, 69, 99, 4, 98, 1, 13, 56, 97, 59, 45, 8, 73, 37, 35, 79, 71, 75, 76, 16, 60, 80, 58, 6, 67, 61, 33, 7, 57, 34, 12, 32, 10, 46, 96, 88, 43, 81, 91, 2, 84, 29, 92, 19, 51, 55, 89, 66, 25, 22, 38, 72, 62, 0]|[2, 1, 2, 1, 1, 2, 1, 1, 1, 1, 1, 0, 2, 2, 1, 2, 0, 0, 0, 2, 2, 1, 0, 2, 0, 2, 2, 1, 0, 1, 1, 1, 0, 0, 1, 0, 2, 1, 2, 2, 0, 0, 1, 1, 0, 2, 0, 2, 1, 0, 2, 2, 0, 2, 2, 0, 1, 1, 0, 0, 2, 1, 1, 0, 2, 2, 2, 2, 2, 1, 2, 1, 1, 2, 0, 1, 1, 0, 1, 0, 0, 1, 1, 1, 1, 0, 0, 1, 0, 1, 1, 0, 1, 2, 1, 2, 0, 1, 1, 0]|[0, 3, 0, 3, 4, 1, 4, 4, 4, 4, 3, 2, 1, 0, 2, 1, 1, 1, 2, 1, 1, 3, 0, 1, 0, 1, 1, 4, 1, 4, 3, 2, 2, 0, 4, 1, 1, 4, 1, 1, 2, 1, 4, 4, 1, 1, 0, 1, 3, 2, 1, 1, 2, 1, 1, 2, 4, 3, 0, 2, 1, 3, 3, 2, 1, 1, 1, 1, 1, 4, 1, 3, 4, 1, 2, 4, 3, 2, 3, 2, 2, 4, 4, 4, 3, 2, 2, 3, 2, 4, 3, 2, 4, 1, 4, 1, 2, 4, 3, 2]|[0, 2, 0, 0, 3, 0, 1, 3, 1, 0, 2, 0, 1, 0, 1, 0, 0, 0, 1, 0, 0, 2, 0, 0, 1, 0, 0, 3, 0, 1, 0, 2, 0, 0, 3, 0, 1, 1, 0, 0, 0, 0, 1, 3, 0, 0, 1, 0, 2, 0, 0, 0, 0, 0, 1, 0, 1, 0, 1, 1, 0, 2, 0, 0, 0, 0, 0, 0, 0, 2, 0, 0, 1, 0, 0, 1, 0, 0, 3, 0, 0, 1, 2, 2, 0, 0, 0, 3, 0, 1, 0, 0, 1, 0, 3, 0, 0, 1, 0, 0],910.6016522559228,48427.915453382215,107149.35343126023,false
56,G3_TWC,G3_TWC,[31, 22, 42, 15, 26, 58, 95, 82, 77, 12, 47, 5, 93, 78, 98, 54, 85, 63, 18, 44, 20, 35, 43, 97, 91, 76, 10, 30, 21, 45, 71, 64, 1, 23, 17, 83, 24, 61, 60, 49, 6, 57, 94, 88, 65, 56, 79, 40, 67, 68, 46, 75, 0, 9, 19, 32, 81, 41, 27, 62, 87, 90, 99, 59, 53, 16, 72, 73, 70, 39, 37, 84, 3, 92, 25, 74, 28, 38, 51, 7, 11, 14, 86, 48, 89, 66, 50, 96, 33, 80, 8, 4, 34, 36, 55, 52, 13, 2, 69, 29]|[1, 1, 0, 1, 1, 1, 2, 1, 2, 1, 2, 2, 2, 1, 1, 0, 0, 1, 0, 2, 2, 0, 1, 2, 0, 1, 2, 2, 0, 0, 1, 2, 1, 0, 1, 0, 2, 0, 1, 1, 0, 1, 1, 1, 0, 2, 1, 1, 0, 0, 0, 0, 1, 1, 2, 1, 2, 0, 0, 0, 2, 1, 0, 1, 0, 1, 2, 1, 1, 1, 1, 1, 2, 0, 1, 2, 0, 0, 0, 1, 0, 1, 0, 0, 1, 0, 0, 0, 2, 0, 1, 0, 2, 0, 1, 1, 0, 0, 1, 0]|[4, 3, 2, 2, 0, 0, 2, 2, 2, 4, 1, 1, 2, 4, 4, 1, 1, 4, 2, 1, 1, 1, 1, 2, 1, 2, 1, 1, 1, 1, 3, 2, 3, 0, 4, 0, 1, 1, 0, 3, 2, 2, 4, 0, 1, 1, 3, 2, 0, 1, 2, 2, 1, 4, 0, 3, 2, 1, 1, 2, 1, 3, 1, 1, 2, 3, 0, 4, 3, 1, 4, 1, 1, 2, 4, 1, 2, 1, 1, 3, 2, 3, 1, 1, 1, 1, 1, 1, 1, 1, 3, 2, 1, 1, 4, 1, 2, 2, 3, 2]|[0, 2, 1, 1, 3, 3, 0, 1, 0, 0, 0, 0, 1, 0, 1, 0, 0, 3, 1, 0, 0, 0, 3, 1, 0, 2, 0, 0, 0, 1, 0, 0, 0, 0, 3, 0, 1, 0, 0, 2, 1, 1, 2, 0, 0, 0, 0, 1, 1, 0, 0, 0, 1, 3, 0, 0, 1, 0, 0, 1, 0, 2, 0, 1, 1, 2, 1, 0, 0, 1, 1, 3, 0, 1, 3, 0, 1, 0, 0, 2, 1, 0, 0, 0, 1, 0, 0, 0, 0, 0, 2, 1, 0, 1, 3, 1, 0, 0, 0, 0],845.7931659427186,57778.757532044474,86593.12219517957,false
56,G1_CMAX,G4_BALANCED,[31, 11, 15, 82, 26, 9, 95, 32, 77, 68, 47, 5, 93, 78, 86, 54, 85, 63, 18, 44, 20, 49, 36, 14, 74, 50, 53, 17, 21, 45, 71, 64, 3, 73, 30, 83, 24, 41, 2, 52, 65, 27, 90, 70, 39, 87, 48, 69, 99, 4, 46, 1, 13, 58, 97, 59, 28, 75, 23, 37, 35, 79, 22, 66, 76, 42, 40, 80, 96, 6, 16, 61, 33, 7, 57, 34, 12, 67, 10, 98, 56, 88, 29, 8, 91, 38, 19, 92, 43, 84, 51, 72, 81, 25, 60, 55, 94, 89, 62, 0]|[2, 1, 1, 2, 1, 2, 1, 1, 1, 1, 1, 0, 2, 2, 1, 2, 0, 0, 0, 2, 2, 1, 0, 2, 0, 2, 2, 1, 0, 1, 1, 1, 0, 0, 1, 0, 2, 1, 2, 2, 0, 0, 1, 1, 0, 2, 0, 2, 1, 0, 0, 2, 0, 0, 2, 0, 1, 0, 0, 0, 2, 1, 0, 2, 2, 0, 2, 2, 0, 1, 2, 1, 1, 2, 0, 1, 1, 1, 1, 2, 2, 1, 1, 1, 1, 0, 1, 0, 1, 0, 1, 1, 1, 1, 2, 0, 2, 1, 1, 0]|[1, 3, 2, 0, 4, 1, 4, 4, 2, 4, 3, 2, 1, 0, 2, 1, 1, 1, 2, 1, 1, 3, 0, 1, 0, 1, 1, 4, 1, 4, 3, 2, 2, 0, 4, 1, 1, 4, 0, 1, 2, 1, 4, 4, 1, 1, 0, 2, 3, 2, 2, 1, 2, 1, 1, 2, 4, 2, 0, 2, 2, 3, 1, 0, 1, 2, 0, 1, 2, 4, 1, 3, 4, 1, 2, 4, 3, 3, 3, 1, 1, 4, 3, 3, 3, 2, 4, 2, 4, 2, 3, 4, 1, 4, 0, 2, 1, 4, 3, 2]|[1, 2, 1, 0, 3, 0, 1, 3, 0, 0, 2, 0, 1, 0, 1, 0, 0, 0, 1, 0, 0, 2, 0, 0, 1, 0, 0, 3, 0, 1, 0, 2, 0, 1, 3, 0, 1, 3, 1, 0, 0, 0, 1, 3, 0, 0, 1, 0, 2, 0, 0, 0, 0, 0, 1, 0, 1, 0, 1, 1, 0, 2, 0, 0, 0, 0, 0, 0, 0, 2, 0, 0, 1, 0, 0, 1, 0, 0, 3, 0, 0, 1, 0, 0, 0, 0, 3, 0, 2, 0, 0, 2, 1, 3, 1, 0, 0, 1, 0, 0],842.3358630601143,53281.86467765049,106164.56583665014,true
56,G4_BALANCED,G3_TWC,[31, 22, 42, 15, 26, 58, 95, 82, 77, 12, 47, 5, 93, 78, 98, 54, 85, 63, 18, 44, 20, 35, 43, 97, 91, 76, 10, 30, 21, 45, 71, 64, 1, 23, 17, 83, 24, 61, 60, 49, 6, 57, 94, 88, 65, 56, 79, 40, 67, 68, 46, 75, 0, 9, 19, 32, 81, 41, 27, 62, 87, 90, 99, 59, 11, 16, 72, 73, 70, 39, 37, 84, 3, 92, 25, 74, 28, 29, 51, 7, 33, 14, 86, 48, 89, 66, 50, 96, 53, 80, 4, 8, 55, 36, 38, 52, 13, 2, 69, 34]|[1, 1, 0, 1, 1, 1, 2, 1, 2, 1, 2, 2, 2, 1, 1, 0, 0, 1, 0, 2, 2, 0, 1, 2, 0, 1, 2, 2, 0, 0, 1, 2, 1, 0, 1, 0, 2, 0, 1, 1, 0, 1, 1, 1, 0, 2, 1, 1, 0, 0, 0, 0, 1, 1, 2, 1, 2, 0, 0, 0, 2, 1, 0, 1, 2, 1, 2, 1, 1, 1, 1, 1, 2, 0, 1, 0, 0, 0, 0, 1, 2, 1, 0, 0, 1, 2, 0, 2, 0, 0, 1, 1, 1, 0, 1, 1, 0, 0, 1, 2]|[4, 3, 2, 2, 0, 0, 2, 2, 2, 4, 1, 1, 2, 4, 4, 1, 1, 4, 2, 1, 1, 1, 1, 2, 1, 2, 1, 1, 1, 1, 3, 2, 3, 0, 4, 0, 1, 1, 0, 3, 2, 2, 4, 0, 1, 1, 3, 2, 0, 1, 2, 2, 1, 4, 0, 3, 2, 1, 1, 2, 1, 3, 1, 1, 1, 3, 0, 4, 3, 1, 4, 1, 1, 2, 4, 2, 2, 1, 1, 3, 1, 3, 1, 1, 1, 1, 1, 1, 2, 1, 4, 3, 4, 1, 1, 1, 2, 2, 4, 1]|[0, 2, 1, 1, 3, 3, 0, 1, 0, 0, 0, 0, 1, 0, 1, 0, 0, 3, 1, 0, 0, 0, 3, 1, 0, 2, 0, 0, 0, 1, 0, 0, 0, 0, 3, 0, 1, 0, 0, 2, 1, 1, 2, 0, 0, 0, 0, 1, 1, 0, 0, 0, 1, 3, 0, 0, 1, 0, 0, 1, 0, 2, 0, 1, 0, 2, 1, 0, 0, 1, 1, 3, 0, 1, 3, 1, 1, 0, 0, 2, 0, 0, 0, 0, 1, 0, 0, 0, 1, 0, 0, 2, 3, 1, 1, 1, 0, 0, 2, 0],757.2823456288542,57721.95583388941,88927.50954063487,true
56,G2_TEC,G2_TEC,[31, 94, 82, 15, 26, 9, 95, 42, 77, 68, 47, 5, 93, 78, 86, 54, 85, 63, 18, 44, 20, 49, 36, 14, 74, 50, 53, 17, 21, 28, 11, 64, 3, 23, 30, 83, 24, 41, 40, 52, 65, 27, 90, 70, 39, 87, 48, 69, 99, 4, 98, 1, 13, 56, 97, 59, 45, 8, 73, 37, 35, 79, 71, 75, 76, 16, 60, 80, 58, 6, 67, 61, 33, 7, 57, 34, 12, 32, 10, 46, 96, 88, 43, 81, 91, 2, 84, 29, 92, 19, 51, 55, 89, 66, 25, 22, 38, 72, 62, 0]|[2, 1, 2, 1, 1, 2, 1, 1, 1, 1, 1, 0, 2, 2, 1, 2, 0, 0, 0, 2, 2, 1, 0, 2, 0, 2, 2, 1, 0, 1, 1, 1, 0, 0, 1, 0, 2, 1, 2, 2, 0, 0, 1, 1, 0, 2, 0, 2, 1, 0, 2, 2, 0, 2, 2, 0, 1, 1, 0, 0, 2, 1, 1, 0, 2, 2, 2, 2, 2, 1, 2, 1, 1, 2, 0, 1, 1, 0, 1, 0, 0, 1, 1, 1, 1, 0, 0, 1, 0, 1, 1, 0, 1, 2, 1, 2, 0, 1, 1, 0]|[0, 3, 0, 3, 4, 1, 4, 4, 4, 4, 3, 2, 1, 0, 2, 1, 1, 1, 2, 1, 1, 3, 0, 1, 0, 1, 1, 4, 1, 4, 3, 2, 2, 0, 4, 1, 1, 4, 1, 1, 2, 1, 4, 4, 1, 1, 0, 1, 3, 2, 1, 1, 2, 1, 1, 2, 4, 3, 0, 2, 1, 3, 3, 2, 1, 1, 1, 1, 1, 4, 1, 3, 4, 1, 2, 4, 3, 2, 3, 2, 2, 4, 4, 4, 3, 2, 2, 3, 2, 4, 3, 2, 4, 1, 4, 1, 2, 4, 3, 2]|[0, 2, 0, 0, 3, 0, 1, 3, 1, 0, 2, 0, 1, 0, 1, 0, 0, 0, 1, 0, 0, 2, 0, 0, 1, 0, 0, 3, 0, 1, 0, 2, 0, 0, 3, 0, 1, 1, 0, 0, 0, 0, 1, 3, 0, 0, 1, 0, 2, 0, 0, 0, 0, 0, 1, 0, 1, 0, 1, 1, 0, 2, 0, 0, 0, 0, 0, 0, 0, 2, 0, 0, 1, 0, 0, 1, 0, 0, 3, 0, 0, 1, 2, 2, 0, 0, 0, 3, 0, 1, 0, 0, 1, 0, 3, 0, 0, 1, 0, 0],910.6016522559228,48427.915453382215,107149.35343126023,false
56,G3_TWC,G3_TWC,[31, 22, 42, 15, 26, 58, 95, 82, 77, 12, 47, 5, 93, 78, 98, 54, 85, 63, 18, 44, 20, 35, 43, 97, 91, 76, 10, 30, 21, 45, 71, 64, 1, 23, 17, 83, 24, 61, 60, 49, 6, 57, 94, 88, 65, 56, 79, 40, 67, 68, 46, 75, 0, 9, 19, 32, 81, 41, 27, 62, 87, 90, 99, 59, 53, 16, 72, 73, 70, 39, 37, 84, 3, 92, 25, 74, 28, 38, 51, 7, 11, 14, 86, 48, 89, 66, 50, 96, 33, 80, 8, 4, 34, 36, 55, 52, 13, 2, 69, 29]|[1, 1, 0, 1, 1, 1, 2, 1, 2, 1, 2, 2, 2, 1, 1, 0, 0, 1, 0, 2, 2, 0, 1, 2, 0, 1, 2, 2, 0, 0, 1, 2, 1, 0, 1, 0, 2, 0, 1, 1, 0, 1, 1, 1, 0, 2, 1, 1, 0, 0, 0, 0, 1, 1, 2, 1, 2, 0, 0, 0, 2, 1, 0, 1, 0, 1, 2, 1, 1, 1, 1, 1, 2, 0, 1, 2, 0, 0, 0, 1, 0, 1, 0, 0, 1, 0, 0, 0, 2, 0, 1, 0, 2, 0, 1, 1, 0, 0, 1, 0]|[4, 3, 2, 2, 0, 0, 2, 2, 2, 4, 1, 1, 2, 4, 4, 1, 1, 4, 2, 1, 1, 1, 1, 2, 1, 2, 1, 1, 1, 1, 3, 2, 3, 0, 4, 0, 1, 1, 0, 3, 2, 2, 4, 0, 1, 1, 3, 2, 0, 1, 2, 2, 1, 4, 0, 3, 2, 1, 1, 2, 1, 3, 1, 1, 2, 3, 0, 4, 3, 1, 4, 1, 1, 2, 4, 1, 2, 1, 1, 3, 2, 3, 1, 1, 1, 1, 1, 1, 1, 1, 3, 2, 1, 1, 4, 1, 2, 2, 3, 2]|[0, 2, 1, 1, 3, 3, 0, 1, 0, 0, 0, 0, 1, 0, 1, 0, 0, 3, 1, 0, 0, 0, 3, 1, 0, 2, 0, 0, 0, 1, 0, 0, 0, 0, 3, 0, 1, 0, 0, 2, 1, 1, 2, 0, 0, 0, 0, 1, 1, 0, 0, 0, 1, 3, 0, 0, 1, 0, 0, 1, 0, 2, 0, 1, 1, 2, 1, 0, 0, 1, 1, 3, 0, 1, 3, 0, 1, 0, 0, 2, 1, 0, 0, 0, 1, 0, 0, 0, 0, 0, 2, 1, 0, 1, 3, 1, 0, 0, 0, 0],845.7931659427186,57778.757532044474,86593.12219517957,false
56,G1_CMAX,G1_CMAX,[31, 22, 90, 26, 58, 95, 42, 12, 93, 5, 78, 86, 98, 18, 20, 35, 3, 97, 91, 76, 10, 85, 54, 45, 63, 71, 66, 1, 23, 17, 24, 60, 36, 6, 57, 15, 65, 56, 47, 79, 94, 67, 50, 46, 14, 75, 38, 9, 30, 19, 32, 81, 27, 92, 83, 87, 40, 99, 59, 11, 53, 16, 72, 77, 73, 70, 39, 37, 84, 43, 62, 25, 55, 28, 29, 51, 68, 82, 74, 61, 88, 21, 80, 89, 7, 69, 96, 41, 48, 4, 8, 34, 49, 52, 0, 44, 13, 2, 64, 33]|[1, 1, 1, 1, 0, 2, 1, 1, 2, 2, 2, 1, 0, 1, 2, 2, 1, 2, 0, 1, 2, 2, 2, 0, 0, 1, 2, 1, 2, 1, 2, 1, 1, 0, 1, 1, 0, 2, 2, 1, 1, 0, 0, 0, 0, 1, 1, 1, 1, 2, 1, 2, 2, 0, 0, 2, 1, 0, 0, 2, 0, 1, 2, 2, 1, 1, 1, 1, 1, 1, 0, 1, 1, 0, 0, 0, 0, 0, 2, 1, 1, 0, 0, 1, 1, 1, 2, 2, 0, 1, 1, 2, 0, 1, 0, 0, 0, 0, 2, 2]|[0, 4, 3, 0, 1, 1, 2, 4, 1, 1, 2, 4, 1, 4, 1, 1, 1, 2, 2, 2, 2, 1, 1, 1, 2, 3, 2, 3, 0, 4, 1, 0, 3, 2, 2, 2, 1, 1, 1, 0, 2, 0, 1, 2, 1, 3, 1, 4, 2, 0, 3, 2, 1, 2, 1, 1, 4, 1, 1, 1, 2, 3, 0, 2, 4, 3, 1, 4, 1, 1, 1, 4, 4, 2, 1, 1, 1, 2, 1, 3, 0, 1, 1, 1, 1, 3, 1, 1, 1, 4, 3, 1, 1, 1, 2, 2, 2, 2, 1, 1]|[3, 0, 2, 3, 0, 0, 1, 0, 0, 0, 1, 0, 0, 3, 0, 0, 1, 1, 1, 2, 1, 0, 0, 0, 0, 0, 0, 0, 0, 3, 1, 0, 2, 1, 1, 1, 0, 0, 0, 0, 1, 1, 0, 0, 0, 0, 1, 3, 2, 0, 0, 1, 0, 1, 0, 0, 2, 0, 0, 0, 1, 2, 1, 1, 0, 0, 1, 1, 3, 3, 0, 3, 3, 1, 0, 0, 0, 1, 0, 0, 0, 0, 0, 1, 2, 2, 0, 0, 0, 0, 2, 0, 1, 1, 0, 0, 0, 0, 0, 0],705.0470749739228,58445.79123614564,95781.2895945797,false
56,G4_BALANCED,G3_TWC,[31, 22, 42, 15, 26, 58, 95, 82, 77, 12, 47, 5, 93, 78, 98, 54, 85, 63, 18, 44, 20, 35, 43, 97, 91, 76, 10, 30, 21, 45, 71, 64, 1, 23, 17, 83, 24, 61, 60, 36, 6, 57, 94, 88, 65, 56, 79, 40, 67, 68, 46, 75, 38, 9, 19, 32, 81, 41, 27, 62, 87, 90, 99, 59, 11, 16, 72, 73, 70, 39, 37, 84, 3, 92, 25, 74, 28, 29, 51, 7, 53, 14, 86, 48, 89, 50, 66, 96, 33, 80, 4, 8, 0, 49, 55, 52, 13, 2, 69, 34]|[1, 1, 0, 1, 1, 1, 2, 1, 2, 1, 2, 2, 2, 1, 1, 0, 0, 1, 0, 2, 2, 0, 1, 2, 0, 1, 2, 2, 0, 0, 1, 2, 1, 2, 1, 0, 2, 0, 1, 1, 0, 1, 1, 1, 0, 2, 1, 1, 0, 0, 0, 0, 1, 1, 2, 1, 2, 0, 0, 0, 2, 1, 0, 1, 2, 1, 2, 1, 1, 1, 1, 1, 2, 0, 1, 2, 0, 0, 0, 1, 0, 1, 0, 0, 1, 0, 2, 0, 2, 0, 0, 1, 0, 0, 1, 1, 0, 0, 1, 2]|[4, 3, 2, 2, 0, 0, 2, 2, 2, 4, 1, 1, 2, 4, 4, 1, 1, 4, 2, 1, 1, 1, 1, 2, 1, 2, 1, 1, 1, 1, 3, 2, 3, 0, 4, 0, 1, 1, 0, 3, 2, 2, 4, 0, 1, 1, 3, 2, 0, 1, 2, 2, 1, 4, 0, 3, 2, 1, 1, 2, 1, 3, 1, 1, 1, 3, 0, 4, 3, 1, 4, 1, 1, 2, 4, 1, 2, 1, 1, 3, 2, 3, 1, 1, 1, 1, 1, 1, 1, 1, 2, 3, 2, 1, 4, 1, 2, 2, 3, 1]|[0, 2, 1, 1, 3, 3, 0, 1, 0, 0, 0, 0, 1, 0, 1, 0, 0, 3, 1, 0, 0, 0, 3, 1, 0, 2, 0, 0, 0, 0, 0, 0, 0, 0, 3, 0, 1, 0, 0, 2, 1, 1, 2, 0, 0, 0, 0, 1, 1, 0, 0, 0, 1, 3, 0, 0, 1, 0, 0, 1, 0, 2, 0, 1, 0, 2, 1, 0, 0, 1, 1, 3, 0, 1, 3, 0, 1, 0, 0, 2, 1, 0, 0, 0, 1, 0, 0, 0, 0, 0, 1, 2, 0, 1, 3, 1, 0, 0, 0, 0],801.801344730411,56919.763684157944,89305.8108995098,true
56,G2_TEC,G2_TEC,[31, 94, 82, 15, 26, 9, 95, 42, 77, 68, 47, 5, 93, 78, 86, 54, 85, 63, 18, 44, 20, 49, 36, 14, 74, 50, 53, 17, 21, 28, 11, 64, 3, 23, 30, 83, 24, 41, 40, 52, 65, 27, 90, 70, 39, 87, 48, 69, 99, 4, 98, 1, 13, 56, 97, 59, 45, 8, 73, 37, 35, 79, 71, 75, 76, 16, 60, 80, 58, 6, 67, 61, 33, 7, 57, 34, 12, 32, 10, 46, 96, 88, 43, 81, 91, 2, 84, 29, 92, 19, 51, 55, 89, 66, 25, 22, 38, 72, 62, 0]|[2, 1, 2, 1, 1, 2, 1, 1, 1, 1, 1, 0, 2, 2, 1, 2, 0, 0, 0, 2, 2, 1, 0, 2, 0, 2, 2, 1, 0, 1, 1, 1, 0, 0, 1, 0, 2, 1, 2, 2, 0, 0, 1, 1, 0, 2, 0, 2, 1, 0, 2, 2, 0, 2, 2, 0, 1, 1, 0, 0, 2, 1, 1, 0, 2, 2, 2, 2, 2, 1, 2, 1, 1, 2, 0, 1, 1, 0, 1, 0, 0, 1, 1, 1, 1, 0, 0, 1, 0, 1, 1, 0, 1, 2, 1, 2, 0, 1, 1, 0]|[0, 3, 0, 3, 4, 1, 4, 4, 4, 4, 3, 2, 1, 0, 2, 1, 1, 1, 2, 1, 1, 3, 0, 1, 0, 1, 1, 4, 1, 4, 3, 2, 2, 0, 4, 1, 1, 4, 1, 1, 2, 1, 4, 4, 1, 1, 0, 1, 3, 2, 1, 1, 2, 1, 1, 2, 4, 3, 0, 2, 1, 3, 3, 2, 1, 1, 1, 1, 1, 4, 1, 3, 4, 1, 2, 4, 3, 2, 3, 2, 2, 4, 4, 4, 3, 2, 2, 3, 2, 4, 3, 2, 4, 1, 4, 1, 2, 4, 3, 2]|[0, 2, 0, 0, 3, 0, 1, 3, 1, 0, 2, 0, 1, 0, 1, 0, 0, 0, 1, 0, 0, 2, 0, 0, 1, 0, 0, 3, 0, 1, 0, 2, 0, 0, 3, 0, 1, 1, 0, 0, 0, 0, 1, 3, 0, 0, 1, 0, 2, 0, 0, 0, 0, 0, 1, 0, 1, 0, 1, 1, 0, 2, 0, 0, 0, 0, 0, 0, 0, 2, 0, 0, 1, 0, 0, 1, 0, 0, 3, 0, 0, 1, 2, 2, 0, 0, 0, 3, 0, 1, 0, 0, 1, 0, 3, 0, 0, 1, 0, 0],910.6016522559228,48427.915453382215,107149.35343126023,false
56,G3_TWC,G3_TWC,[31, 22, 42, 15, 26, 58, 95, 82, 77, 12, 47, 5, 93, 78, 98, 54, 85, 63, 18, 44, 20, 35, 43, 97, 91, 76, 10, 30, 21, 45, 71, 64, 1, 23, 17, 83, 24, 61, 60, 49, 6, 57, 94, 88, 65, 56, 79, 40, 67, 68, 46, 75, 0, 9, 19, 32, 81, 41, 27, 62, 87, 90, 99, 59, 53, 16, 72, 73, 70, 39, 37, 84, 3, 92, 25, 74, 28, 38, 51, 7, 11, 14, 86, 48, 89, 66, 50, 96, 33, 80, 8, 4, 34, 36, 55, 52, 13, 2, 69, 29]|[1, 1, 0, 1, 1, 1, 2, 1, 2, 1, 2, 2, 2, 1, 1, 0, 0, 1, 0, 2, 2, 0, 1, 2, 0, 1, 2, 2, 0, 0, 1, 2, 1, 0, 1, 0, 2, 0, 1, 1, 0, 1, 1, 1, 0, 2, 1, 1, 0, 0, 0, 0, 1, 1, 2, 1, 2, 0, 0, 0, 2, 1, 0, 1, 0, 1, 2, 1, 1, 1, 1, 1, 2, 0, 1, 2, 0, 0, 0, 1, 0, 1, 0, 0, 1, 0, 0, 0, 2, 0, 1, 0, 2, 0, 1, 1, 0, 0, 1, 0]|[4, 3, 2, 2, 0, 0, 2, 2, 2, 4, 1, 1, 2, 4, 4, 1, 1, 4, 2, 1, 1, 1, 1, 2, 1, 2, 1, 1, 1, 1, 3, 2, 3, 0, 4, 0, 1, 1, 0, 3, 2, 2, 4, 0, 1, 1, 3, 2, 0, 1, 2, 2, 1, 4, 0, 3, 2, 1, 1, 2, 1, 3, 1, 1, 2, 3, 0, 4, 3, 1, 4, 1, 1, 2, 4, 1, 2, 1, 1, 3, 2, 3, 1, 1, 1, 1, 1, 1, 1, 1, 3, 2, 1, 1, 4, 1, 2, 2, 3, 2]|[0, 2, 1, 1, 3, 3, 0, 1, 0, 0, 0, 0, 1, 0, 1, 0, 0, 3, 1, 0, 0, 0, 3, 1, 0, 2, 0, 0, 0, 1, 0, 0, 0, 0, 3, 0, 1, 0, 0, 2, 1, 1, 2, 0, 0, 0, 0, 1, 1, 0, 0, 0, 1, 3, 0, 0, 1, 0, 0, 1, 0, 2, 0, 1, 1, 2, 1, 0, 0, 1, 1, 3, 0, 1, 3, 0, 1, 0, 0, 2, 1, 0, 0, 0, 1, 0, 0, 0, 0, 0, 2, 1, 0, 1, 3, 1, 0, 0, 0, 0],845.7931659427186,57778.757532044474,86593.12219517957,false
57,G1_CMAX,G1_CMAX,[31, 22, 90, 26, 58, 95, 42, 12, 93, 5, 78, 86, 98, 18, 20, 35, 3, 97, 91, 76, 10, 85, 54, 45, 63, 71, 66, 1, 23, 17, 24, 60, 36, 6, 57, 15, 65, 56, 47, 79, 94, 67, 50, 46, 14, 75, 38, 9, 30, 19, 32, 81, 27, 92, 83, 87, 40, 99, 59, 11, 53, 16, 72, 77, 73, 70, 39, 37, 84, 43, 62, 25, 55, 28, 29, 51, 68, 82, 74, 61, 88, 21, 80, 89, 7, 69, 96, 41, 48, 4, 8, 34, 49, 52, 0, 44, 13, 2, 64, 33]|[1, 1, 1, 1, 0, 2, 1, 1, 2, 2, 2, 1, 0, 1, 2, 2, 1, 2, 0, 1, 2, 2, 2, 0, 0, 1, 2, 1, 2, 1, 2, 1, 1, 0, 1, 1, 0, 2, 2, 1, 1, 0, 0, 0, 0, 1, 1, 1, 1, 2, 1, 2, 2, 0, 0, 2, 1, 0, 0, 2, 0, 1, 2, 2, 1, 1, 1, 1, 1, 1, 0, 1, 1, 0, 0, 0, 0, 0, 2, 1, 1, 0, 0, 1, 1, 1, 2, 2, 0, 1, 1, 2, 0, 1, 0, 0, 0, 0, 2, 2]|[0, 4, 3, 0, 1, 1, 2, 4, 1, 1, 2, 4, 1, 4, 1, 1, 1, 2, 2, 2, 2, 1, 1, 1, 2, 3, 2, 3, 0, 4, 1, 0, 3, 2, 2, 2, 1, 1, 1, 0, 2, 0, 1, 2, 1, 3, 1, 4, 2, 0, 3, 2, 1, 2, 1, 1, 4, 1, 1, 1, 2, 3, 0, 2, 4, 3, 1, 4, 1, 1, 1, 4, 4, 2, 1, 1, 1, 2, 1, 3, 0, 1, 1, 1, 1, 3, 1, 1, 1, 4, 3, 1, 1, 1, 2, 2, 2, 2, 1, 1]|[3, 0, 2, 3, 0, 0, 1, 0, 0, 0, 1, 0, 0, 3, 0, 0, 1, 1, 1, 2, 1, 0, 0, 0, 0, 0, 0, 0, 0, 3, 1, 0, 2, 1, 1, 1, 0, 0, 0, 0, 1, 1, 0, 0, 0, 0, 1, 3, 2, 0, 0, 1, 0, 1, 0, 0, 2, 0, 0, 0, 1, 2, 1, 1, 0, 0, 1, 1, 3, 3, 0, 3, 3, 1, 0, 0, 0, 1, 0, 0, 0, 0, 0, 1, 2, 2, 0, 0, 0, 0, 2, 0, 1, 1, 0, 0, 0, 0, 0, 0],705.0470749739228,58445.79123614564,95781.2895945797,false
57,G4_BALANCED,G4_BALANCED,[31, 11, 15, 82, 26, 9, 95, 32, 77, 68, 47, 5, 93, 78, 86, 54, 85, 63, 18, 44, 20, 49, 36, 14, 74, 50, 53, 17, 21, 45, 71, 64, 3, 23, 30, 83, 24, 41, 60, 52, 51, 27, 90, 70, 39, 87, 48, 69, 99, 4, 46, 1, 13, 58, 97, 59, 28, 8, 73, 37, 35, 79, 22, 66, 76, 42, 40, 80, 96, 6, 16, 61, 33, 7, 57, 34, 12, 67, 10, 98, 56, 88, 29, 25, 91, 38, 19, 92, 43, 84, 65, 72, 81, 75, 2, 55, 62, 89, 94, 0]|[2, 1, 1, 2, 1, 2, 1, 1, 1, 1, 1, 0, 2, 2, 1, 2, 0, 0, 0, 2, 2, 1, 0, 2, 0, 2, 2, 1, 0, 1, 1, 1, 0, 0, 1, 0, 2, 1, 2, 2, 0, 0, 1, 1, 0, 2, 0, 2, 1, 0, 0, 2, 0, 0, 2, 0, 1, 1, 0, 0, 2, 1, 1, 2, 2, 0, 2, 2, 0, 1, 2, 1, 1, 2, 0, 1, 2, 1, 1, 2, 2, 1, 1, 1, 1, 0, 1, 0, 1, 0, 1, 1, 1, 0, 2, 0, 1, 1, 2, 0]|[1, 3, 2, 0, 4, 1, 4, 4, 2, 4, 3, 2, 1, 0, 2, 1, 1, 1, 2, 1, 1, 3, 0, 1, 0, 1, 1, 4, 1, 4, 3, 2, 2, 0, 4, 1, 1, 4, 0, 1, 2, 1, 4, 4, 1, 1, 0, 2, 3, 1, 2, 1, 2, 1, 1, 2, 4, 3, 0, 2, 2, 3, 3, 0, 1, 2, 0, 1, 2, 4, 1, 3, 4, 1, 2, 4, 1, 3, 3, 1, 1, 4, 3, 4, 3, 2, 4, 2, 4, 2, 3, 4, 1, 2, 1, 2, 3, 4, 1, 2]|[1, 2, 1, 0, 3, 0, 1, 3, 0, 0, 2, 0, 1, 0, 1, 0, 0, 0, 1, 0, 0, 2, 0, 0, 1, 0, 0, 3, 0, 1, 0, 2, 0, 1, 3, 0, 1, 3, 1, 0, 0, 0, 1, 3, 0, 0, 1, 0, 2, 0, 0, 0, 0, 0, 1, 0, 1, 0, 1, 1, 0, 2, 2, 0, 0, 0, 1, 0, 0, 2, 0, 0, 1, 0, 0, 1, 0, 0, 3, 0, 0, 1, 0, 3, 0, 0, 1, 0, 2, 0, 0, 2, 1, 0, 0, 0, 0, 1, 0, 0],850.9632869082183,52431.02217786142,105346.60403335126,false
57,G2_TEC,G2_TEC,[31, 94, 82, 15, 26, 9, 95, 42, 77, 68, 47, 5, 93, 78, 86, 54, 85, 63, 18, 44, 20, 49, 36, 14, 74, 50, 53, 17, 21, 28, 11, 64, 3, 23, 30, 83, 24, 41, 40, 52, 65, 27, 90, 70, 39, 87, 48, 69, 99, 4, 98, 1, 13, 56, 97, 59, 45, 8, 73, 37, 35, 79, 71, 75, 76, 16, 60, 80, 58, 6, 67, 61, 33, 7, 57, 34, 12, 32, 10, 46, 96, 88, 43, 81, 91, 2, 84, 29, 92, 19, 51, 55, 89, 66, 25, 22, 38, 72, 62, 0]|[2, 1, 2, 1, 1, 2, 1, 1, 1, 1, 1, 0, 2, 2, 1, 2, 0, 0, 0, 2, 2, 1, 0, 2, 0, 2, 2, 1, 0, 1, 1, 1, 0, 0, 1, 0, 2, 1, 2, 2, 0, 0, 1, 1, 0, 2, 0, 2, 1, 0, 2, 2, 0, 2, 2, 0, 1, 1, 0, 0, 2, 1, 1, 0, 2, 2, 2, 2, 2, 1, 2, 1, 1, 2, 0, 1, 1, 0, 1, 0, 0, 1, 1, 1, 1, 0, 0, 1, 0, 1, 1, 0, 1, 2, 1, 2, 0, 1, 1, 0]|[0, 3, 0, 3, 4, 1, 4, 4, 4, 4, 3, 2, 1, 0, 2, 1, 1, 1, 2, 1, 1, 3, 0, 1, 0, 1, 1, 4, 1, 4, 3, 2, 2, 0, 4, 1, 1, 4, 1, 1, 2, 1, 4, 4, 1, 1, 0, 1, 3, 2, 1, 1, 2, 1, 1, 2, 4, 3, 0, 2, 1, 3, 3, 2, 1, 1, 1, 1, 1, 4, 1, 3, 4, 1, 2, 4, 3, 2, 3, 2, 2, 4, 4, 4, 3, 2, 2, 3, 2, 4, 3, 2, 4, 1, 4, 1, 2, 4, 3, 2]|[0, 2, 0, 0, 3, 0, 1, 3, 1, 0, 2, 0, 1, 0, 1, 0, 0, 0, 1, 0, 0, 2, 0, 0, 1, 0, 0, 3, 0, 1, 0, 2, 0, 0, 3, 0, 1, 1, 0, 0, 0, 0, 1, 3, 0, 0, 1, 0, 2, 0, 0, 0, 0, 0, 1, 0, 1, 0, 1, 1, 0, 2, 0, 0, 0, 0, 0, 0, 0, 2, 0, 0, 1, 0, 0, 1, 0, 0, 3, 0, 0, 1, 2, 2, 0, 0, 0, 3, 0, 1, 0, 0, 1, 0, 3, 0, 0, 1, 0, 0],910.6016522559228,48427.915453382215,107149.35343126023,false
57,G3_TWC,G3_TWC,[31, 22, 42, 15, 26, 58, 95, 82, 77, 12, 47, 5, 93, 78, 98, 54, 85, 63, 18, 44, 20, 35, 43, 97, 91, 76, 10, 30, 21, 45, 71, 64, 1, 23, 17, 83, 24, 61, 60, 49, 6, 57, 94, 88, 65, 56, 79, 40, 67, 68, 46, 75, 0, 9, 19, 32, 81, 41, 27, 62, 87, 90, 99, 59, 53, 16, 72, 73, 70, 39, 37, 84, 3, 92, 25, 74, 28, 38, 51, 7, 11, 14, 86, 48, 89, 66, 50, 96, 33, 80, 8, 4, 34, 36, 55, 52, 13, 2, 69, 29]|[1, 1, 0, 1, 1, 1, 2, 1, 2, 1, 2, 2, 2, 1, 1, 0, 0, 1, 0, 2, 2, 0, 1, 2, 0, 1, 2, 2, 0, 0, 1, 2, 1, 0, 1, 0, 2, 0, 1, 1, 0, 1, 1, 1, 0, 2, 1, 1, 0, 0, 0, 0, 1, 1, 2, 1, 2, 0, 0, 0, 2, 1, 0, 1, 0, 1, 2, 1, 1, 1, 1, 1, 2, 0, 1, 2, 0, 0, 0, 1, 0, 1, 0, 0, 1, 0, 0, 0, 2, 0, 1, 0, 2, 0, 1, 1, 0, 0, 1, 0]|[4, 3, 2, 2, 0, 0, 2, 2, 2, 4, 1, 1, 2, 4, 4, 1, 1, 4, 2, 1, 1, 1, 1, 2, 1, 2, 1, 1, 1, 1, 3, 2, 3, 0, 4, 0, 1, 1, 0, 3, 2, 2, 4, 0, 1, 1, 3, 2, 0, 1, 2, 2, 1, 4, 0, 3, 2, 1, 1, 2, 1, 3, 1, 1, 2, 3, 0, 4, 3, 1, 4, 1, 1, 2, 4, 1, 2, 1, 1, 3, 2, 3, 1, 1, 1, 1, 1, 1, 1, 1, 3, 2, 1, 1, 4, 1, 2, 2, 3, 2]|[0, 2, 1, 1, 3, 3, 0, 1, 0, 0, 0, 0, 1, 0, 1, 0, 0, 3, 1, 0, 0, 0, 3, 1, 0, 2, 0, 0, 0, 1, 0, 0, 0, 0, 3, 0, 1, 0, 0, 2, 1, 1, 2, 0, 0, 0, 0, 1, 1, 0, 0, 0, 1, 3, 0, 0, 1, 0, 0, 1, 0, 2, 0, 1, 1, 2, 1, 0, 0, 1, 1, 3, 0, 1, 3, 0, 1, 0, 0, 2, 1, 0, 0, 0, 1, 0, 0, 0, 0, 0, 2, 1, 0, 1, 3, 1, 0, 0, 0, 0],845.7931659427186,57778.757532044474,86593.12219517957,false
57,G1_CMAX,G4_BALANCED,[31, 22, 82, 15, 26, 9, 95, 42, 77, 68, 47, 5, 93, 78, 86, 54, 85, 63, 18, 44, 20, 49, 36, 14, 74, 50, 53, 17, 21, 28, 11, 64, 3, 23, 30, 83, 24, 41, 40, 52, 65, 27, 90, 70, 39, 58, 48, 69, 99, 4, 46, 1, 13, 87, 97, 59, 45, 8, 73, 37, 35, 79, 71, 66, 76, 32, 60, 80, 56, 6, 67, 61, 33, 7, 57, 34, 12, 16, 10, 98, 96, 88, 43, 81, 91, 2, 84, 29, 92, 19, 51, 89, 25, 55, 72, 94, 75, 38, 62, 0]|[2, 1, 2, 1, 1, 2, 1, 1, 1, 1, 1, 0, 2, 2, 1, 2, 0, 0, 0, 2, 2, 1, 0, 2, 0, 2, 2, 1, 0, 1, 1, 1, 0, 0, 1, 0, 2, 1, 2, 2, 0, 0, 1, 1, 0, 2, 0, 2, 1, 0, 0, 2, 0, 2, 2, 0, 1, 1, 0, 0, 2, 1, 1, 2, 2, 0, 2, 2, 2, 1, 2, 1, 1, 2, 0, 1, 1, 2, 1, 2, 0, 1, 1, 1, 1, 0, 0, 1, 0, 1, 1, 1, 1, 0, 1, 2, 0, 0, 1, 0]|[0, 3, 0, 3, 4, 1, 4, 4, 4, 4, 3, 2, 1, 0, 2, 1, 1, 1, 2, 1, 1, 3, 0, 1, 0, 1, 1, 4, 1, 4, 3, 2, 2, 0, 4, 1, 1, 4, 1, 1, 2, 1, 4, 4, 1, 1, 0, 1, 3, 2, 2, 1, 2, 1, 1, 2, 4, 3, 0, 2, 2, 3, 3, 1, 1, 2, 1, 1, 1, 4, 1, 3, 4, 1, 2, 4, 3, 1, 3, 1, 2, 4, 4, 4, 3, 2, 2, 3, 2, 4, 3, 4, 4, 2, 4, 1, 2, 2, 3, 2]|[0, 2, 0, 0, 3, 0, 1, 3, 1, 0, 2, 0, 0, 0, 1, 0, 0, 0, 1, 0, 0, 2, 0, 0, 1, 0, 0, 3, 0, 1, 0, 2, 0, 0, 3, 0, 1, 1, 0, 0, 0, 0, 1, 3, 0, 0, 1, 0, 2, 0, 0, 0, 0, 0, 1, 0, 1, 0, 1, 1, 0, 2, 0, 0, 0, 0, 0, 0, 0, 2, 0, 0, 1, 0, 0, 1, 0, 0, 3, 0, 0, 1, 2, 1, 0, 0, 0, 3, 0, 1, 0, 1, 3, 0, 1, 0, 0, 0, 0, 0],908.000918671041,48296.18215425681,108897.69022964485,true
57,G4_BALANCED,G4_BALANCED,[31, 11, 82, 15, 26, 9, 95, 42, 77, 68, 47, 5, 93, 78, 86, 54, 85, 63, 18, 44, 20, 49, 36, 14, 74, 50, 53, 17, 21, 45, 71, 64, 3, 23, 30, 83, 24, 41, 60, 52, 65, 27, 90, 70, 39, 87, 48, 69, 99, 4, 46, 1, 13, 58, 97, 59, 28, 75, 73, 37, 35, 79, 22, 66, 76, 32, 40, 80, 96, 6, 16, 61, 33, 7, 57, 34, 12, 67, 10, 98, 56, 88, 29, 8, 91, 38, 19, 92, 43, 2, 89, 72, 51, 25, 84, 55, 62, 81, 94, 0]|[2, 1, 2, 1, 1, 2, 1, 1, 1, 1, 1, 0, 2, 2, 1, 2, 0, 0, 0, 2, 2, 1, 0, 2, 0, 2, 2, 1, 0, 1, 1, 1, 0, 0, 2, 0, 2, 1, 2, 2, 0, 0, 1, 1, 0, 2, 0, 2, 1, 0, 0, 2, 0, 0, 2, 0, 1, 1, 0, 0, 2, 1, 0, 2, 2, 0, 2, 2, 0, 1, 2, 1, 2, 2, 0, 1, 1, 1, 1, 2, 2, 1, 1, 0, 1, 0, 1, 0, 1, 2, 1, 1, 1, 1, 0, 0, 1, 1, 2, 0]|[0, 3, 0, 2, 4, 1, 4, 4, 2, 4, 3, 2, 1, 0, 2, 1, 1, 1, 2, 1, 1, 3, 0, 1, 0, 1, 1, 4, 1, 4, 3, 2, 2, 0, 1, 1, 1, 4, 0, 1, 2, 1, 4, 4, 1, 1, 0, 2, 3, 2, 2, 1, 2, 1, 1, 2, 4, 3, 0, 2, 2, 3, 1, 0, 1, 2, 0, 1, 2, 4, 1, 3, 1, 1, 2, 4, 3, 3, 3, 1, 1, 4, 3, 2, 3, 2, 4, 2, 4, 1, 4, 4, 3, 4, 2, 2, 3, 4, 1, 2]|[0, 2, 0, 1, 3, 0, 1, 3, 0, 0, 2, 0, 1, 0, 1, 0, 0, 0, 1, 0, 0, 2, 0, 0, 1, 0, 0, 3, 0, 1, 0, 2, 0, 1, 0, 0, 1, 3, 1, 0, 0, 0, 1, 3, 0, 0, 1, 0, 2, 0, 0, 0, 0, 0, 1, 0, 1, 0, 1, 1, 0, 2, 0, 0, 0, 0, 1, 0, 0, 2, 0, 0, 0, 0, 0, 1, 0, 0, 3, 0, 0, 1, 3, 0, 0, 0, 1, 0, 2, 0, 1, 2, 0, 3, 0, 0, 0, 1, 0, 0],852.5184451675896,52077.87777408223,105904.01879381535,false
57,G2_TEC,G2_TEC,[31, 94, 82, 15, 26, 9, 95, 42, 77, 68, 47, 5, 93, 78, 86, 54, 85, 63, 18, 44, 20, 49, 36, 14, 74, 50, 53, 17, 21, 28, 11, 64, 3, 23, 30, 83, 24, 41, 40, 52, 65, 27, 90, 70, 39, 87, 48, 69, 99, 4, 98, 1, 13, 56, 97, 59, 45, 8, 73, 37, 35, 79, 71, 75, 76, 16, 60, 80, 58, 6, 67, 61, 33, 7, 57, 34, 12, 32, 10, 46, 96, 88, 43, 81, 91, 2, 84, 29, 92, 19, 51, 55, 89, 66, 25, 22, 38, 72, 62, 0]|[2, 1, 2, 1, 1, 2, 1, 1, 1, 1, 1, 0, 2, 2, 1, 2, 0, 0, 0, 2, 2, 1, 0, 2, 0, 2, 2, 1, 0, 1, 1, 1, 0, 0, 1, 0, 2, 1, 2, 2, 0, 0, 1, 1, 0, 2, 0, 2, 1, 0, 2, 2, 0, 2, 2, 0, 1, 1, 0, 0, 2, 1, 1, 0, 2, 2, 2, 2, 2, 1, 2, 1, 1, 2, 0, 1, 1, 0, 1, 0, 0, 1, 1, 1, 1, 0, 0, 1, 0, 1, 1, 0, 1, 2, 1, 2, 0, 1, 1, 0]|[0, 3, 0, 3, 4, 1, 4, 4, 4, 4, 3, 2, 1, 0, 2, 1, 1, 1, 2, 1, 1, 3, 0, 1, 0, 1, 1, 4, 1, 4, 3, 2, 2, 0, 4, 1, 1, 4, 1, 1, 2, 1, 4, 4, 1, 1, 0, 1, 3, 2, 1, 1, 2, 1, 1, 2, 4, 3, 0, 2, 1, 3, 3, 2, 1, 1, 1, 1, 1, 4, 1, 3, 4, 1, 2, 4, 3, 2, 3, 2, 2, 4, 4, 4, 3, 2, 2, 3, 2, 4, 3, 2, 4, 1, 4, 1, 2, 4, 3, 2]|[0, 2, 0, 0, 3, 0, 1, 3, 1, 0, 2, 0, 1, 0, 1, 0, 0, 0, 1, 0, 0, 2, 0, 0, 1, 0, 0, 3, 0, 1, 0, 2, 0, 0, 3, 0, 1, 1, 0, 0, 0, 0, 1, 3, 0, 0, 1, 0, 2, 0, 0, 0, 0, 0, 1, 0, 1, 0, 1, 1, 0, 2, 0, 0, 0, 0, 0, 0, 0, 2, 0, 0, 1, 0, 0, 1, 0, 0, 3, 0, 0, 1, 2, 2, 0, 0, 0, 3, 0, 1, 0, 0, 1, 0, 3, 0, 0, 1, 0, 0],910.6016522559228,48427.915453382215,107149.35343126023,false
57,G3_TWC,G3_TWC,[31, 22, 42, 15, 26, 58, 95, 82, 77, 12, 47, 5, 93, 78, 98, 54, 85, 63, 18, 44, 20, 35, 43, 97, 91, 76, 10, 30, 21, 45, 71, 64, 1, 23, 17, 83, 24, 61, 60, 49, 6, 57, 94, 88, 65, 56, 79, 40, 67, 68, 46, 75, 0, 9, 19, 32, 81, 41, 27, 62, 87, 90, 99, 59, 53, 16, 72, 73, 70, 39, 37, 84, 3, 92, 25, 74, 28, 38, 51, 7, 11, 14, 86, 48, 89, 66, 50, 96, 33, 80, 8, 4, 34, 36, 55, 52, 13, 2, 69, 29]|[1, 1, 0, 1, 1, 1, 2, 1, 2, 1, 2, 2, 2, 1, 1, 0, 0, 1, 0, 2, 2, 0, 1, 2, 0, 1, 2, 2, 0, 0, 1, 2, 1, 0, 1, 0, 2, 0, 1, 1, 0, 1, 1, 1, 0, 2, 1, 1, 0, 0, 0, 0, 1, 1, 2, 1, 2, 0, 0, 0, 2, 1, 0, 1, 0, 1, 2, 1, 1, 1, 1, 1, 2, 0, 1, 2, 0, 0, 0, 1, 0, 1, 0, 0, 1, 0, 0, 0, 2, 0, 1, 0, 2, 0, 1, 1, 0, 0, 1, 0]|[4, 3, 2, 2, 0, 0, 2, 2, 2, 4, 1, 1, 2, 4, 4, 1, 1, 4, 2, 1, 1, 1, 1, 2, 1, 2, 1, 1, 1, 1, 3, 2, 3, 0, 4, 0, 1, 1, 0, 3, 2, 2, 4, 0, 1, 1, 3, 2, 0, 1, 2, 2, 1, 4, 0, 3, 2, 1, 1, 2, 1, 3, 1, 1, 2, 3, 0, 4, 3, 1, 4, 1, 1, 2, 4, 1, 2, 1, 1, 3, 2, 3, 1, 1, 1, 1, 1, 1, 1, 1, 3, 2, 1, 1, 4, 1, 2, 2, 3, 2]|[0, 2, 1, 1, 3, 3, 0, 1, 0, 0, 0, 0, 1, 0, 1, 0, 0, 3, 1, 0, 0, 0, 3, 1, 0, 2, 0, 0, 0, 1, 0, 0, 0, 0, 3, 0, 1, 0, 0, 2, 1, 1, 2, 0, 0, 0, 0, 1, 1, 0, 0, 0, 1, 3, 0, 0, 1, 0, 0, 1, 0, 2, 0, 1, 1, 2, 1, 0, 0, 1, 1, 3, 0, 1, 3, 0, 1, 0, 0, 2, 1, 0, 0, 0, 1, 0, 0, 0, 0, 0, 2, 1, 0, 1, 3, 1, 0, 0, 0, 0],845.7931659427186,57778.757532044474,86593.12219517957,false
57,G1_CMAX,G1_CMAX,[31, 22, 90, 26, 58, 95, 42, 12, 93, 5, 78, 86, 98, 18, 20, 35, 3, 97, 91, 76, 10, 85, 54, 45, 63, 71, 66, 1, 23, 17, 24, 60, 36, 6, 57, 15, 65, 56, 47, 79, 94, 67, 50, 46, 14, 75, 38, 9, 30, 19, 32, 81, 27, 92, 83, 87, 40, 99, 59, 11, 53, 16, 72, 77, 73, 70, 39, 37, 84, 43, 62, 25, 55, 28, 29, 51, 68, 82, 74, 61, 88, 21, 80, 89, 7, 69, 96, 41, 48, 4, 8, 34, 49, 52, 0, 44, 13, 2, 64, 33]|[1, 1, 1, 1, 0, 2, 1, 1, 2, 2, 2, 1, 0, 1, 2, 2, 1, 2, 0, 1, 2, 2, 2, 0, 0, 1, 2, 1, 2, 1, 2, 1, 1, 0, 1, 1, 0, 2, 2, 1, 1, 0, 0, 0, 0, 1, 1, 1, 1, 2, 1, 2, 2, 0, 0, 2, 1, 0, 0, 2, 0, 1, 2, 2, 1, 1, 1, 1, 1, 1, 0, 1, 1, 0, 0, 0, 0, 0, 2, 1, 1, 0, 0, 1, 1, 1, 2, 2, 0, 1, 1, 2, 0, 1, 0, 0, 0, 0, 2, 2]|[0, 4, 3, 0, 1, 1, 2, 4, 1, 1, 2, 4, 1, 4, 1, 1, 1, 2, 2, 2, 2, 1, 1, 1, 2, 3, 2, 3, 0, 4, 1, 0, 3, 2, 2, 2, 1, 1, 1, 0, 2, 0, 1, 2, 1, 3, 1, 4, 2, 0, 3, 2, 1, 2, 1, 1, 4, 1, 1, 1, 2, 3, 0, 2, 4, 3, 1, 4, 1, 1, 1, 4, 4, 2, 1, 1, 1, 2, 1, 3, 0, 1, 1, 1, 1, 3, 1, 1, 1, 4, 3, 1, 1, 1, 2, 2, 2, 2, 1, 1]|[3, 0, 2, 3, 0, 0, 1, 0, 0, 0, 1, 0, 0, 3, 0, 0, 1, 1, 1, 2, 1, 0, 0, 0, 0, 0, 0, 0, 0, 3, 1, 0, 2, 1, 1, 1, 0, 0, 0, 0, 1, 1, 0, 0, 0, 0, 1, 3, 2, 0, 0, 1, 0, 1, 0, 0, 2, 0, 0, 0, 1, 2, 1, 1, 0, 0, 1, 1, 3, 3, 0, 3, 3, 1, 0, 0, 0, 1, 0, 0, 0, 0, 0, 1, 2, 2, 0, 0, 0, 0, 2, 0, 1, 1, 0, 0, 0, 0, 0, 0],705.0470749739228,58445.79123614564,95781.2895945797,false
57,G4_BALANCED,G2_TEC,[20, 94, 82, 15, 26, 9, 95, 42, 77, 68, 47, 5, 93, 78, 86, 54, 85, 63, 18, 44, 31, 49, 36, 14, 74, 50, 53, 17, 21, 28, 11, 64, 3, 23, 30, 83, 24, 41, 40, 52, 65, 27, 90, 70, 39, 87, 48, 69, 99, 4, 46, 1, 13, 56, 97, 59, 45, 8, 73, 37, 35, 79, 71, 66, 76, 32, 60, 80, 58, 6, 67, 61, 33, 7, 57, 34, 12, 16, 10, 98, 96, 88, 43, 81, 91, 2, 84, 29, 92, 19, 51, 55, 89, 75, 25, 22, 38, 72, 62, 0]|[2, 1, 2, 1, 1, 2, 1, 1, 1, 1, 1, 0, 2, 2, 1, 2, 0, 0, 0, 2, 2, 1, 0, 2, 0, 2, 2, 1, 0, 1, 1, 1, 0, 0, 1, 0, 2, 1, 2, 2, 0, 0, 1, 1, 0, 2, 0, 2, 1, 0, 0, 2, 0, 2, 2, 0, 1, 1, 0, 0, 2, 1, 1, 2, 2, 0, 2, 2, 2, 1, 2, 1, 1, 2, 0, 1, 1, 2, 1, 2, 0, 1, 1, 1, 1, 0, 0, 1, 0, 1, 1, 0, 1, 0, 1, 2, 0, 1, 1, 0]|[0, 3, 0, 3, 4, 1, 4, 4, 4, 4, 3, 2, 1, 0, 2, 1, 1, 1, 2, 1, 1, 3, 0, 1, 0, 1, 1, 4, 1, 4, 3, 2, 2, 0, 4, 1, 1, 4, 1, 1, 2, 1, 4, 4, 1, 1, 0, 1, 3, 2, 2, 1, 2, 1, 1, 2, 4, 3, 0, 2, 1, 3, 3, 1, 1, 2, 1, 1, 1, 4, 1, 3, 4, 1, 2, 4, 3, 1, 3, 1, 2, 4, 4, 4, 3, 2, 2, 3, 2, 4, 3, 2, 4, 2, 4, 1, 2, 4, 3, 2]|[0, 2, 0, 0, 3, 0, 1, 3, 1, 0, 2, 0, 1, 0, 1, 0, 0, 0, 1, 0, 0, 2, 0, 0, 1, 0, 0, 3, 0, 1, 0, 2, 0, 0, 3, 0, 1, 1, 0, 0, 0, 0, 1, 3, 0, 0, 1, 0, 2, 0, 0, 0, 0, 0, 1, 0, 1, 0, 1, 1, 0, 2, 0, 0, 0, 0, 0, 0, 0, 2, 0, 0, 1, 0, 0, 1, 0, 0, 3, 0, 0, 1, 2, 2, 0, 0, 0, 3, 0, 1, 0, 0, 1, 0, 3, 0, 0, 1, 0, 0],910.6016522559228,48511.994766910924,106606.82476478719,true
57,G2_TEC,G2_TEC,[31, 94, 82, 15, 26, 9, 95, 42, 77, 68, 47, 5, 93, 78, 86, 54, 85, 63, 18, 44, 20, 49, 36, 14, 74, 50, 53, 17, 21, 28, 11, 64, 3, 23, 30, 83, 24, 41, 40, 52, 65, 27, 90, 70, 39, 87, 48, 69, 99, 4, 98, 1, 13, 56, 97, 59, 45, 8, 73, 37, 35, 79, 71, 75, 76, 16, 60, 80, 58, 6, 67, 61, 33, 7, 57, 34, 12, 32, 10, 46, 96, 88, 43, 81, 91, 2, 84, 29, 92, 19, 51, 55, 89, 66, 25, 22, 38, 72, 62, 0]|[2, 1, 2, 1, 1, 2, 1, 1, 1, 1, 1, 0, 2, 2, 1, 2, 0, 0, 0, 2, 2, 1, 0, 2, 0, 2, 2, 1, 0, 1, 1, 1, 0, 0, 1, 0, 2, 1, 2, 2, 0, 0, 1, 1, 0, 2, 0, 2, 1, 0, 2, 2, 0, 2, 2, 0, 1, 1, 0, 0, 2, 1, 1, 0, 2, 2, 2, 2, 2, 1, 2, 1, 1, 2, 0, 1, 1, 0, 1, 0, 0, 1, 1, 1, 1, 0, 0, 1, 0, 1, 1, 0, 1, 2, 1, 2, 0, 1, 1, 0]|[0, 3, 0, 3, 4, 1, 4, 4, 4, 4, 3, 2, 1, 0, 2, 1, 1, 1, 2, 1, 1, 3, 0, 1, 0, 1, 1, 4, 1, 4, 3, 2, 2, 0, 4, 1, 1, 4, 1, 1, 2, 1, 4, 4, 1, 1, 0, 1, 3, 2, 1, 1, 2, 1, 1, 2, 4, 3, 0, 2, 1, 3, 3, 2, 1, 1, 1, 1, 1, 4, 1, 3, 4, 1, 2, 4, 3, 2, 3, 2, 2, 4, 4, 4, 3, 2, 2, 3, 2, 4, 3, 2, 4, 1, 4, 1, 2, 4, 3, 2]|[0, 2, 0, 0, 3, 0, 1, 3, 1, 0, 2, 0, 1, 0, 1, 0, 0, 0, 1, 0, 0, 2, 0, 0, 1, 0, 0, 3, 0, 1, 0, 2, 0, 0, 3, 0, 1, 1, 0, 0, 0, 0, 1, 3, 0, 0, 1, 0, 2, 0, 0, 0, 0, 0, 1, 0, 1, 0, 1, 1, 0, 2, 0, 0, 0, 0, 0, 0, 0, 2, 0, 0, 1, 0, 0, 1, 0, 0, 3, 0, 0, 1, 2, 2, 0, 0, 0, 3, 0, 1, 0, 0, 1, 0, 3, 0, 0, 1, 0, 0],910.6016522559228,48427.915453382215,107149.35343126023,false
57,G3_TWC,G3_TWC,[31, 22, 42, 15, 26, 58, 95, 82, 77, 12, 47, 5, 93, 78, 98, 54, 85, 63, 18, 44, 20, 35, 43, 97, 91, 76, 10, 30, 21, 45, 71, 64, 1, 23, 17, 83, 24, 61, 60, 49, 6, 57, 94, 88, 65, 56, 79, 40, 67, 68, 46, 75, 0, 9, 19, 32, 81, 41, 27, 62, 87, 90, 99, 59, 53, 16, 72, 73, 70, 39, 37, 84, 3, 92, 25, 74, 28, 38, 51, 7, 11, 14, 86, 48, 89, 66, 50, 96, 33, 80, 8, 4, 34, 36, 55, 52, 13, 2, 69, 29]|[1, 1, 0, 1, 1, 1, 2, 1, 2, 1, 2, 2, 2, 1, 1, 0, 0, 1, 0, 2, 2, 0, 1, 2, 0, 1, 2, 2, 0, 0, 1, 2, 1, 0, 1, 0, 2, 0, 1, 1, 0, 1, 1, 1, 0, 2, 1, 1, 0, 0, 0, 0, 1, 1, 2, 1, 2, 0, 0, 0, 2, 1, 0, 1, 0, 1, 2, 1, 1, 1, 1, 1, 2, 0, 1, 2, 0, 0, 0, 1, 0, 1, 0, 0, 1, 0, 0, 0, 2, 0, 1, 0, 2, 0, 1, 1, 0, 0, 1, 0]|[4, 3, 2, 2, 0, 0, 2, 2, 2, 4, 1, 1, 2, 4, 4, 1, 1, 4, 2, 1, 1, 1, 1, 2, 1, 2, 1, 1, 1, 1, 3, 2, 3, 0, 4, 0, 1, 1, 0, 3, 2, 2, 4, 0, 1, 1, 3, 2, 0, 1, 2, 2, 1, 4, 0, 3, 2, 1, 1, 2, 1, 3, 1, 1, 2, 3, 0, 4, 3, 1, 4, 1, 1, 2, 4, 1, 2, 1, 1, 3, 2, 3, 1, 1, 1, 1, 1, 1, 1, 1, 3, 2, 1, 1, 4, 1, 2, 2, 3, 2]|[0, 2, 1, 1, 3, 3, 0, 1, 0, 0, 0, 0, 1, 0, 1, 0, 0, 3, 1, 0, 0, 0, 3, 1, 0, 2, 0, 0, 0, 1, 0, 0, 0, 0, 3, 0, 1, 0, 0, 2, 1, 1, 2, 0, 0, 0, 0, 1, 1, 0, 0, 0, 1, 3, 0, 0, 1, 0, 0, 1, 0, 2, 0, 1, 1, 2, 1, 0, 0, 1, 1, 3, 0, 1, 3, 0, 1, 0, 0, 2, 1, 0, 0, 0, 1, 0, 0, 0, 0, 0, 2, 1, 0, 1, 3, 1, 0, 0, 0, 0],845.7931659427186,57778.757532044474,86593.12219517957,false
57,G1_CMAX,G1_CMAX,[31, 22, 90, 26, 58, 95, 42, 12, 93, 5, 78, 86, 98, 18, 20, 35, 3, 97, 91, 76, 10, 85, 54, 45, 63, 71, 66, 1, 23, 17, 24, 60, 36, 6, 57, 15, 65, 56, 47, 79, 94, 67, 50, 46, 14, 75, 38, 9, 30, 19, 32, 81, 27, 92, 83, 87, 40, 99, 59, 11, 53, 16, 72, 77, 73, 70, 39, 37, 84, 43, 62, 25, 55, 28, 29, 51, 68, 82, 74, 61, 88, 21, 80, 89, 7, 69, 96, 41, 48, 4, 8, 34, 49, 52, 0, 44, 13, 2, 64, 33]|[1, 1, 1, 1, 0, 2, 1, 1, 2, 2, 2, 1, 0, 1, 2, 2, 1, 2, 0, 1, 2, 2, 2, 0, 0, 1, 2, 1, 2, 1, 2, 1, 1, 0, 1, 1, 0, 2, 2, 1, 1, 0, 0, 0, 0, 1, 1, 1, 1, 2, 1, 2, 2, 0, 0, 2, 1, 0, 0, 2, 0, 1, 2, 2, 1, 1, 1, 1, 1, 1, 0, 1, 1, 0, 0, 0, 0, 0, 2, 1, 1, 0, 0, 1, 1, 1, 2, 2, 0, 1, 1, 2, 0, 1, 0, 0, 0, 0, 2, 2]|[0, 4, 3, 0, 1, 1, 2, 4, 1, 1, 2, 4, 1, 4, 1, 1, 1, 2, 2, 2, 2, 1, 1, 1, 2, 3, 2, 3, 0, 4, 1, 0, 3, 2, 2, 2, 1, 1, 1, 0, 2, 0, 1, 2, 1, 3, 1, 4, 2, 0, 3, 2, 1, 2, 1, 1, 4, 1, 1, 1, 2, 3, 0, 2, 4, 3, 1, 4, 1, 1, 1, 4, 4, 2, 1, 1, 1, 2, 1, 3, 0, 1, 1, 1, 1, 3, 1, 1, 1, 4, 3, 1, 1, 1, 2, 2, 2, 2, 1, 1]|[3, 0, 2, 3, 0, 0, 1, 0, 0, 0, 1, 0, 0, 3, 0, 0, 1, 1, 1, 2, 1, 0, 0, 0, 0, 0, 0, 0, 0, 3, 1, 0, 2, 1, 1, 1, 0, 0, 0, 0, 1, 1, 0, 0, 0, 0, 1, 3, 2, 0, 0, 1, 0, 1, 0, 0, 2, 0, 0, 0, 1, 2, 1, 1, 0, 0, 1, 1, 3, 3, 0, 3, 3, 1, 0, 0, 0, 1, 0, 0, 0, 0, 0, 1, 2, 2, 0, 0, 0, 0, 2, 0, 1, 1, 0, 0, 0, 0, 0, 0],705.0470749739228,58445.79123614564,95781.2895945797,false
57,G4_BALANCED,G1_CMAX,[31, 11, 82, 15, 26, 58, 95, 42, 77, 12, 47, 5, 93, 78, 86, 54, 85, 63, 18, 44, 20, 35, 43, 97, 91, 76, 10, 30, 21, 45, 71, 64, 1, 23, 17, 83, 24, 14, 60, 36, 6, 57, 40, 88, 65, 56, 79, 94, 67, 68, 46, 75, 38, 9, 19, 32, 22, 81, 27, 87, 90, 99, 59, 62, 41, 16, 73, 70, 39, 37, 84, 3, 72, 92, 25, 34, 29, 55, 51, 7, 33, 61, 96, 48, 89, 50, 8, 98, 53, 80, 4, 66, 28, 49, 52, 0, 13, 2, 69, 74]|[1, 1, 0, 1, 1, 0, 1, 2, 2, 1, 2, 2, 2, 1, 1, 0, 0, 1, 0, 2, 2, 0, 1, 2, 0, 1, 2, 2, 0, 0, 1, 2, 1, 2, 1, 0, 2, 0, 1, 1, 0, 1, 1, 1, 0, 2, 1, 1, 0, 0, 0, 0, 1, 1, 2, 1, 0, 2, 0, 2, 1, 0, 1, 2, 2, 1, 1, 1, 1, 1, 1, 1, 2, 0, 1, 2, 0, 1, 0, 1, 2, 1, 2, 0, 1, 0, 1, 2, 0, 0, 1, 2, 0, 0, 1, 0, 0, 0, 1, 2]|[4, 3, 2, 2, 4, 1, 2, 2, 2, 4, 1, 1, 2, 4, 4, 1, 2, 4, 2, 1, 1, 1, 1, 2, 1, 2, 1, 1, 2, 1, 3, 2, 3, 1, 4, 0, 1, 1, 1, 3, 2, 2, 2, 0, 1, 1, 0, 4, 0, 1, 2, 2, 1, 4, 0, 3, 1, 2, 1, 1, 3, 1, 1, 1, 1, 3, 4, 3, 1, 4, 1, 1, 1, 0, 4, 1, 1, 4, 1, 1, 1, 3, 1, 1, 1, 1, 3, 1, 2, 1, 4, 1, 2, 1, 1, 2, 2, 2, 4, 1]|[0, 2, 1, 1, 3, 0, 1, 0, 0, 0, 0, 0, 1, 0, 1, 0, 0, 3, 1, 0, 0, 0, 3, 1, 0, 2, 0, 0, 0, 1, 0, 0, 0, 0, 3, 0, 1, 0, 0, 2, 1, 1, 1, 0, 0, 0, 0, 2, 1, 0, 0, 0, 1, 3, 0, 0, 0, 1, 0, 0, 2, 0, 1, 0, 0, 2, 0, 0, 1, 1, 3, 1, 0, 1, 3, 0, 0, 3, 0, 2, 0, 0, 0, 0, 1, 0, 2, 0, 1, 0, 0, 0, 1, 1, 1, 0, 0, 0, 2, 0],781.468167390965,55385.91204651697,96181.17954732271,true
57,G2_TEC,G2_TEC,[31, 94, 82, 15, 26, 9, 95, 42, 77, 68, 47, 5, 93, 78, 86, 54, 85, 63, 18, 44, 20, 49, 36, 14, 74, 50, 53, 17, 21, 28, 11, 64, 3, 23, 30, 83, 24, 41, 40, 52, 65, 27, 90, 70, 39, 87, 48, 69, 99, 4, 98, 1, 13, 56, 97, 59, 45, 8, 73, 37, 35, 79, 71, 75, 76, 16, 60, 80, 58, 6, 67, 61, 33, 7, 57, 34, 12, 32, 10, 46, 96, 88, 43, 81, 91, 2, 84, 29, 92, 19, 51, 55, 89, 66, 25, 22, 38, 72, 62, 0]|[2, 1, 2, 1, 1, 2, 1, 1, 1, 1, 1, 0, 2, 2, 1, 2, 0, 0, 0, 2, 2, 1, 0, 2, 0, 2, 2, 1, 0, 1, 1, 1, 0, 0, 1, 0, 2, 1, 2, 2, 0, 0, 1, 1, 0, 2, 0, 2, 1, 0, 2, 2, 0, 2, 2, 0, 1, 1, 0, 0, 2, 1, 1, 0, 2, 2, 2, 2, 2, 1, 2, 1, 1, 2, 0, 1, 1, 0, 1, 0, 0, 1, 1, 1, 1, 0, 0, 1, 0, 1, 1, 0, 1, 2, 1, 2, 0, 1, 1, 0]|[0, 3, 0, 3, 4, 1, 4, 4, 4, 4, 3, 2, 1, 0, 2, 1, 1, 1, 2, 1, 1, 3, 0, 1, 0, 1, 1, 4, 1, 4, 3, 2, 2, 0, 4, 1, 1, 4, 1, 1, 2, 1, 4, 4, 1, 1, 0, 1, 3, 2, 1, 1, 2, 1, 1, 2, 4, 3, 0, 2, 1, 3, 3, 2, 1, 1, 1, 1, 1, 4, 1, 3, 4, 1, 2, 4, 3, 2, 3, 2, 2, 4, 4, 4, 3, 2, 2, 3, 2, 4, 3, 2, 4, 1, 4, 1, 2, 4, 3, 2]|[0, 2, 0, 0, 3, 0, 1, 3, 1, 0, 2, 0, 1, 0, 1, 0, 0, 0, 1, 0, 0, 2, 0, 0, 1, 0, 0, 3, 0, 1, 0, 2, 0, 0, 3, 0, 1, 1, 0, 0, 0, 0, 1, 3, 0, 0, 1, 0, 2, 0, 0, 0, 0, 0, 1, 0, 1, 0, 1, 1, 0, 2, 0, 0, 0, 0, 0, 0, 0, 2, 0, 0, 1, 0, 0, 1, 0, 0, 3, 0, 0, 1, 2, 2, 0, 0, 0, 3, 0, 1, 0, 0, 1, 0, 3, 0, 0, 1, 0, 0],910.6016522559228,48427.915453382215,107149.35343126023,false
57,G3_TWC,G3_TWC,[31, 22, 42, 15, 26, 58, 95, 82, 77, 12, 47, 5, 93, 78, 98, 54, 85, 63, 18, 44, 20, 35, 43, 97, 91, 76, 10, 30, 21, 45, 71, 64, 1, 23, 17, 83, 24, 61, 60, 49, 6, 57, 94, 88, 65, 56, 79, 40, 67, 68, 46, 75, 0, 9, 19, 32, 81, 41, 27, 62, 87, 90, 99, 59, 53, 16, 72, 73, 70, 39, 37, 84, 3, 92, 25, 74, 28, 38, 51, 7, 11, 14, 86, 48, 89, 66, 50, 96, 33, 80, 8, 4, 34, 36, 55, 52, 13, 2, 69, 29]|[1, 1, 0, 1, 1, 1, 2, 1, 2, 1, 2, 2, 2, 1, 1, 0, 0, 1, 0, 2, 2, 0, 1, 2, 0, 1, 2, 2, 0, 0, 1, 2, 1, 0, 1, 0, 2, 0, 1, 1, 0, 1, 1, 1, 0, 2, 1, 1, 0, 0, 0, 0, 1, 1, 2, 1, 2, 0, 0, 0, 2, 1, 0, 1, 0, 1, 2, 1, 1, 1, 1, 1, 2, 0, 1, 2, 0, 0, 0, 1, 0, 1, 0, 0, 1, 0, 0, 0, 2, 0, 1, 0, 2, 0, 1, 1, 0, 0, 1, 0]|[4, 3, 2, 2, 0, 0, 2, 2, 2, 4, 1, 1, 2, 4, 4, 1, 1, 4, 2, 1, 1, 1, 1, 2, 1, 2, 1, 1, 1, 1, 3, 2, 3, 0, 4, 0, 1, 1, 0, 3, 2, 2, 4, 0, 1, 1, 3, 2, 0, 1, 2, 2, 1, 4, 0, 3, 2, 1, 1, 2, 1, 3, 1, 1, 2, 3, 0, 4, 3, 1, 4, 1, 1, 2, 4, 1, 2, 1, 1, 3, 2, 3, 1, 1, 1, 1, 1, 1, 1, 1, 3, 2, 1, 1, 4, 1, 2, 2, 3, 2]|[0, 2, 1, 1, 3, 3, 0, 1, 0, 0, 0, 0, 1, 0, 1, 0, 0, 3, 1, 0, 0, 0, 3, 1, 0, 2, 0, 0, 0, 1, 0, 0, 0, 0, 3, 0, 1, 0, 0, 2, 1, 1, 2, 0, 0, 0, 0, 1, 1, 0, 0, 0, 1, 3, 0, 0, 1, 0, 0, 1, 0, 2, 0, 1, 1, 2, 1, 0, 0, 1, 1, 3, 0, 1, 3, 0, 1, 0, 0, 2, 1, 0, 0, 0, 1, 0, 0, 0, 0, 0, 2, 1, 0, 1, 3, 1, 0, 0, 0, 0],845.7931659427186,57778.757532044474,86593.12219517957,false
57,G1_CMAX,G1_CMAX,[31, 22, 90, 26, 58, 95, 42, 12, 93, 5, 78, 86, 98, 18, 20, 35, 3, 97, 91, 76, 10, 85, 54, 45, 63, 71, 66, 1, 23, 17, 24, 60, 36, 6, 57, 15, 65, 56, 47, 79, 94, 67, 50, 46, 14, 75, 38, 9, 30, 19, 32, 81, 27, 92, 83, 87, 40, 99, 59, 11, 53, 16, 72, 77, 73, 70, 39, 37, 84, 43, 62, 25, 55, 28, 29, 51, 68, 82, 74, 61, 88, 21, 80, 89, 7, 69, 96, 41, 48, 4, 8, 34, 49, 52, 0, 44, 13, 2, 64, 33]|[1, 1, 1, 1, 0, 2, 1, 1, 2, 2, 2, 1, 0, 1, 2, 2, 1, 2, 0, 1, 2, 2, 2, 0, 0, 1, 2, 1, 2, 1, 2, 1, 1, 0, 1, 1, 0, 2, 2, 1, 1, 0, 0, 0, 0, 1, 1, 1, 1, 2, 1, 2, 2, 0, 0, 2, 1, 0, 0, 2, 0, 1, 2, 2, 1, 1, 1, 1, 1, 1, 0, 1, 1, 0, 0, 0, 0, 0, 2, 1, 1, 0, 0, 1, 1, 1, 2, 2, 0, 1, 1, 2, 0, 1, 0, 0, 0, 0, 2, 2]|[0, 4, 3, 0, 1, 1, 2, 4, 1, 1, 2, 4, 1, 4, 1, 1, 1, 2, 2, 2, 2, 1, 1, 1, 2, 3, 2, 3, 0, 4, 1, 0, 3, 2, 2, 2, 1, 1, 1, 0, 2, 0, 1, 2, 1, 3, 1, 4, 2, 0, 3, 2, 1, 2, 1, 1, 4, 1, 1, 1, 2, 3, 0, 2, 4, 3, 1, 4, 1, 1, 1, 4, 4, 2, 1, 1, 1, 2, 1, 3, 0, 1, 1, 1, 1, 3, 1, 1, 1, 4, 3, 1, 1, 1, 2, 2, 2, 2, 1, 1]|[3, 0, 2, 3, 0, 0, 1, 0, 0, 0, 1, 0, 0, 3, 0, 0, 1, 1, 1, 2, 1, 0, 0, 0, 0, 0, 0, 0, 0, 3, 1, 0, 2, 1, 1, 1, 0, 0, 0, 0, 1, 1, 0, 0, 0, 0, 1, 3, 2, 0, 0, 1, 0, 1, 0, 0, 2, 0, 0, 0, 1, 2, 1, 1, 0, 0, 1, 1, 3, 3, 0, 3, 3, 1, 0, 0, 0, 1, 0, 0, 0, 0, 0, 1, 2, 2, 0, 0, 0, 0, 2, 0, 1, 1, 0, 0, 0, 0, 0, 0],705.0470749739228,58445.79123614564,95781.2895945797,false
57,G4_BALANCED,G4_BALANCED,[31, 22, 42, 15, 26, 58, 95, 82, 77, 12, 47, 5, 93, 78, 98, 54, 85, 63, 18, 44, 20, 35, 43, 97, 91, 76, 10, 30, 21, 45, 71, 64, 1, 23, 17, 83, 24, 61, 60, 36, 6, 57, 94, 88, 65, 56, 79, 40, 67, 68, 46, 75, 38, 9, 19, 32, 81, 41, 27, 62, 87, 90, 99, 59, 53, 16, 72, 73, 70, 39, 37, 84, 3, 92, 25, 74, 28, 29, 51, 7, 49, 14, 86, 48, 89, 50, 66, 96, 11, 80, 4, 2, 55, 33, 0, 52, 13, 8, 69, 34]|[1, 1, 0, 1, 1, 1, 2, 1, 2, 1, 2, 2, 2, 1, 1, 0, 0, 1, 0, 2, 2, 0, 1, 2, 0, 1, 2, 2, 0, 0, 1, 2, 1, 2, 1, 0, 2, 0, 1, 1, 0, 1, 1, 1, 0, 2, 1, 1, 0, 0, 0, 0, 1, 1, 2, 1, 2, 0, 0, 0, 2, 1, 0, 1, 2, 1, 2, 1, 1, 1, 1, 1, 2, 0, 1, 2, 0, 0, 0, 1, 2, 1, 0, 0, 1, 0, 2, 0, 0, 0, 0, 0, 1, 2, 0, 1, 0, 1, 1, 2]|[4, 3, 2, 2, 0, 0, 2, 2, 2, 4, 1, 1, 2, 4, 4, 1, 1, 4, 2, 1, 1, 1, 1, 2, 1, 2, 1, 1, 1, 1, 3, 2, 3, 0, 4, 0, 1, 1, 0, 3, 2, 2, 4, 0, 1, 1, 3, 2, 0, 1, 2, 2, 1, 4, 0, 3, 2, 1, 1, 2, 1, 3, 1, 1, 1, 3, 0, 4, 3, 1, 4, 1, 1, 2, 4, 1, 2, 1, 1, 3, 1, 3, 1, 1, 1, 1, 1, 1, 2, 1, 2, 2, 4, 1, 2, 1, 2, 3, 4, 1]|[0, 2, 1, 1, 3, 3, 0, 1, 0, 0, 0, 0, 1, 0, 1, 0, 0, 3, 1, 0, 0, 0, 3, 1, 0, 2, 0, 0, 0, 1, 0, 0, 0, 0, 3, 0, 1, 0, 0, 2, 1, 1, 2, 0, 0, 0, 0, 1, 1, 0, 0, 0, 1, 3, 0, 0, 1, 0, 0, 1, 0, 2, 0, 1, 0, 2, 1, 0, 0, 1, 1, 3, 0, 1, 3, 0, 1, 0, 0, 2, 0, 0, 0, 0, 1, 0, 0, 0, 1, 0, 1, 0, 3, 0, 0, 1, 0, 2, 2, 0],786.4589110950276,56999.27996490126,89368.98034345492,false
57,G2_TEC,G2_TEC,[31, 94, 82, 15, 26, 9, 95, 42, 77, 68, 47, 5, 93, 78, 86, 54, 85, 63, 18, 44, 20, 49, 36, 14, 74, 50, 53, 17, 21, 28, 11, 64, 3, 23, 30, 83, 24, 41, 40, 52, 65, 27, 90, 70, 39, 87, 48, 69, 99, 4, 98, 1, 13, 56, 97, 59, 45, 8, 73, 37, 35, 79, 71, 75, 76, 16, 60, 80, 58, 6, 67, 61, 33, 7, 57, 34, 12, 32, 10, 46, 96, 88, 43, 81, 91, 2, 84, 29, 92, 19, 51, 55, 89, 66, 25, 22, 38, 72, 62, 0]|[2, 1, 2, 1, 1, 2, 1, 1, 1, 1, 1, 0, 2, 2, 1, 2, 0, 0, 0, 2, 2, 1, 0, 2, 0, 2, 2, 1, 0, 1, 1, 1, 0, 0, 1, 0, 2, 1, 2, 2, 0, 0, 1, 1, 0, 2, 0, 2, 1, 0, 2, 2, 0, 2, 2, 0, 1, 1, 0, 0, 2, 1, 1, 0, 2, 2, 2, 2, 2, 1, 2, 1, 1, 2, 0, 1, 1, 0, 1, 0, 0, 1, 1, 1, 1, 0, 0, 1, 0, 1, 1, 0, 1, 2, 1, 2, 0, 1, 1, 0]|[0, 3, 0, 3, 4, 1, 4, 4, 4, 4, 3, 2, 1, 0, 2, 1, 1, 1, 2, 1, 1, 3, 0, 1, 0, 1, 1, 4, 1, 4, 3, 2, 2, 0, 4, 1, 1, 4, 1, 1, 2, 1, 4, 4, 1, 1, 0, 1, 3, 2, 1, 1, 2, 1, 1, 2, 4, 3, 0, 2, 1, 3, 3, 2, 1, 1, 1, 1, 1, 4, 1, 3, 4, 1, 2, 4, 3, 2, 3, 2, 2, 4, 4, 4, 3, 2, 2, 3, 2, 4, 3, 2, 4, 1, 4, 1, 2, 4, 3, 2]|[0, 2, 0, 0, 3, 0, 1, 3, 1, 0, 2, 0, 1, 0, 1, 0, 0, 0, 1, 0, 0, 2, 0, 0, 1, 0, 0, 3, 0, 1, 0, 2, 0, 0, 3, 0, 1, 1, 0, 0, 0, 0, 1, 3, 0, 0, 1, 0, 2, 0, 0, 0, 0, 0, 1, 0, 1, 0, 1, 1, 0, 2, 0, 0, 0, 0, 0, 0, 0, 2, 0, 0, 1, 0, 0, 1, 0, 0, 3, 0, 0, 1, 2, 2, 0, 0, 0, 3, 0, 1, 0, 0, 1, 0, 3, 0, 0, 1, 0, 0],910.6016522559228,48427.915453382215,107149.35343126023,false
57,G3_TWC,G3_TWC,[31, 22, 42, 15, 26, 58, 95, 82, 77, 12, 47, 5, 93, 78, 98, 54, 85, 63, 18, 44, 20, 35, 43, 97, 91, 76, 10, 30, 21, 45, 71, 64, 1, 23, 17, 83, 24, 61, 60, 49, 6, 57, 94, 88, 65, 56, 79, 40, 67, 68, 46, 75, 0, 9, 19, 32, 81, 41, 27, 62, 87, 90, 99, 59, 53, 16, 72, 73, 70, 39, 37, 84, 3, 92, 25, 74, 28, 38, 51, 7, 11, 14, 86, 48, 89, 66, 50, 96, 33, 80, 8, 4, 34, 36, 55, 52, 13, 2, 69, 29]|[1, 1, 0, 1, 1, 1, 2, 1, 2, 1, 2, 2, 2, 1, 1, 0, 0, 1, 0, 2, 2, 0, 1, 2, 0, 1, 2, 2, 0, 0, 1, 2, 1, 0, 1, 0, 2, 0, 1, 1, 0, 1, 1, 1, 0, 2, 1, 1, 0, 0, 0, 0, 1, 1, 2, 1, 2, 0, 0, 0, 2, 1, 0, 1, 0, 1, 2, 1, 1, 1, 1, 1, 2, 0, 1, 2, 0, 0, 0, 1, 0, 1, 0, 0, 1, 0, 0, 0, 2, 0, 1, 0, 2, 0, 1, 1, 0, 0, 1, 0]|[4, 3, 2, 2, 0, 0, 2, 2, 2, 4, 1, 1, 2, 4, 4, 1, 1, 4, 2, 1, 1, 1, 1, 2, 1, 2, 1, 1, 1, 1, 3, 2, 3, 0, 4, 0, 1, 1, 0, 3, 2, 2, 4, 0, 1, 1, 3, 2, 0, 1, 2, 2, 1, 4, 0, 3, 2, 1, 1, 2, 1, 3, 1, 1, 2, 3, 0, 4, 3, 1, 4, 1, 1, 2, 4, 1, 2, 1, 1, 3, 2, 3, 1, 1, 1, 1, 1, 1, 1, 1, 3, 2, 1, 1, 4, 1, 2, 2, 3, 2]|[0, 2, 1, 1, 3, 3, 0, 1, 0, 0, 0, 0, 1, 0, 1, 0, 0, 3, 1, 0, 0, 0, 3, 1, 0, 2, 0, 0, 0, 1, 0, 0, 0, 0, 3, 0, 1, 0, 0, 2, 1, 1, 2, 0, 0, 0, 0, 1, 1, 0, 0, 0, 1, 3, 0, 0, 1, 0, 0, 1, 0, 2, 0, 1, 1, 2, 1, 0, 0, 1, 1, 3, 0, 1, 3, 0, 1, 0, 0, 2, 1, 0, 0, 0, 1, 0, 0, 0, 0, 0, 2, 1, 0, 1, 3, 1, 0, 0, 0, 0],845.7931659427186,57778.757532044474,86593.12219517957,false
57,G1_CMAX,G1_CMAX,[31, 22, 90, 26, 58, 95, 42, 12, 93, 5, 78, 86, 98, 18, 20, 35, 3, 97, 91, 76, 10, 85, 54, 45, 63, 71, 66, 1, 23, 17, 24, 60, 36, 6, 57, 15, 65, 56, 47, 79, 94, 67, 50, 46, 14, 75, 38, 9, 30, 19, 32, 81, 27, 92, 83, 87, 40, 99, 59, 11, 53, 16, 72, 77, 73, 70, 39, 37, 84, 43, 62, 25, 55, 28, 29, 51, 68, 82, 74, 61, 88, 21, 80, 89, 7, 69, 96, 41, 48, 4, 8, 34, 49, 52, 0, 44, 13, 2, 64, 33]|[1, 1, 1, 1, 0, 2, 1, 1, 2, 2, 2, 1, 0, 1, 2, 2, 1, 2, 0, 1, 2, 2, 2, 0, 0, 1, 2, 1, 2, 1, 2, 1, 1, 0, 1, 1, 0, 2, 2, 1, 1, 0, 0, 0, 0, 1, 1, 1, 1, 2, 1, 2, 2, 0, 0, 2, 1, 0, 0, 2, 0, 1, 2, 2, 1, 1, 1, 1, 1, 1, 0, 1, 1, 0, 0, 0, 0, 0, 2, 1, 1, 0, 0, 1, 1, 1, 2, 2, 0, 1, 1, 2, 0, 1, 0, 0, 0, 0, 2, 2]|[0, 4, 3, 0, 1, 1, 2, 4, 1, 1, 2, 4, 1, 4, 1, 1, 1, 2, 2, 2, 2, 1, 1, 1, 2, 3, 2, 3, 0, 4, 1, 0, 3, 2, 2, 2, 1, 1, 1, 0, 2, 0, 1, 2, 1, 3, 1, 4, 2, 0, 3, 2, 1, 2, 1, 1, 4, 1, 1, 1, 2, 3, 0, 2, 4, 3, 1, 4, 1, 1, 1, 4, 4, 2, 1, 1, 1, 2, 1, 3, 0, 1, 1, 1, 1, 3, 1, 1, 1, 4, 3, 1, 1, 1, 2, 2, 2, 2, 1, 1]|[3, 0, 2, 3, 0, 0, 1, 0, 0, 0, 1, 0, 0, 3, 0, 0, 1, 1, 1, 2, 1, 0, 0, 0, 0, 0, 0, 0, 0, 3, 1, 0, 2, 1, 1, 1, 0, 0, 0, 0, 1, 1, 0, 0, 0, 0, 1, 3, 2, 0, 0, 1, 0, 1, 0, 0, 2, 0, 0, 0, 1, 2, 1, 1, 0, 0, 1, 1, 3, 3, 0, 3, 3, 1, 0, 0, 0, 1, 0, 0, 0, 0, 0, 1, 2, 2, 0, 0, 0, 0, 2, 0, 1, 1, 0, 0, 0, 0, 0, 0],705.0470749739228,58445.79123614564,95781.2895945797,false
57,G4_BALANCED,G1_CMAX,[31, 11, 82, 15, 26, 58, 95, 42, 77, 12, 47, 5, 93, 78, 86, 54, 85, 63, 18, 44, 20, 35, 43, 97, 91, 76, 10, 30, 21, 45, 71, 64, 1, 23, 17, 83, 24, 14, 60, 36, 6, 57, 40, 88, 65, 56, 79, 94, 67, 68, 46, 75, 38, 9, 19, 32, 22, 81, 27, 87, 90, 99, 59, 62, 41, 16, 73, 70, 39, 37, 84, 3, 72, 92, 25, 34, 29, 55, 51, 7, 33, 61, 96, 48, 89, 50, 8, 98, 53, 80, 4, 66, 28, 49, 52, 0, 13, 2, 69, 74]|[1, 1, 0, 1, 1, 0, 1, 2, 2, 1, 2, 2, 2, 1, 1, 0, 0, 1, 0, 2, 2, 0, 1, 2, 0, 1, 2, 2, 0, 0, 1, 2, 1, 2, 1, 0, 2, 0, 1, 1, 0, 1, 1, 1, 0, 2, 1, 1, 0, 0, 0, 0, 1, 1, 2, 1, 0, 2, 0, 2, 1, 0, 1, 2, 2, 1, 1, 1, 1, 1, 1, 1, 2, 0, 1, 2, 0, 1, 0, 1, 2, 1, 2, 0, 1, 0, 1, 2, 0, 0, 1, 2, 0, 0, 1, 0, 0, 0, 1, 2]|[4, 3, 2, 2, 4, 1, 2, 2, 2, 4, 1, 1, 2, 4, 4, 1, 2, 4, 2, 1, 1, 1, 1, 2, 1, 2, 1, 1, 2, 1, 3, 2, 3, 1, 4, 0, 1, 1, 1, 3, 2, 2, 2, 0, 1, 1, 0, 4, 0, 1, 2, 2, 1, 4, 0, 3, 1, 2, 1, 1, 3, 1, 1, 1, 1, 3, 4, 3, 1, 4, 1, 1, 1, 0, 4, 1, 1, 4, 1, 1, 1, 3, 1, 1, 1, 1, 3, 1, 2, 1, 4, 1, 2, 1, 1, 2, 2, 2, 4, 1]|[0, 2, 1, 1, 3, 0, 1, 0, 0, 0, 0, 0, 1, 0, 1, 0, 0, 3, 1, 0, 0, 0, 3, 1, 0, 2, 0, 0, 0, 1, 0, 0, 0, 0, 3, 0, 1, 0, 0, 2, 1, 1, 1, 0, 0, 0, 0, 2, 1, 0, 0, 0, 1, 3, 0, 0, 0, 1, 0, 0, 2, 0, 1, 0, 0, 2, 0, 0, 1, 1, 3, 1, 0, 1, 3, 0, 0, 3, 0, 2, 0, 0, 0, 0, 1, 0, 2, 0, 1, 0, 0, 0, 1, 1, 1, 0, 0, 0, 2, 0],781.468167390965,55385.91204651697,96181.17954732271,true
57,G2_TEC,G2_TEC,[31, 94, 82, 15, 26, 9, 95, 42, 77, 68, 47, 5, 93, 78, 86, 54, 85, 63, 18, 44, 20, 49, 36, 14, 74, 50, 53, 17, 21, 28, 11, 64, 3, 23, 30, 83, 24, 41, 40, 52, 65, 27, 90, 70, 39, 87, 48, 69, 99, 4, 98, 1, 13, 56, 97, 59, 45, 8, 73, 37, 35, 79, 71, 75, 76, 16, 60, 80, 58, 6, 67, 61, 33, 7, 57, 34, 12, 32, 10, 46, 96, 88, 43, 81, 91, 2, 84, 29, 92, 19, 51, 55, 89, 66, 25, 22, 38, 72, 62, 0]|[2, 1, 2, 1, 1, 2, 1, 1, 1, 1, 1, 0, 2, 2, 1, 2, 0, 0, 0, 2, 2, 1, 0, 2, 0, 2, 2, 1, 0, 1, 1, 1, 0, 0, 1, 0, 2, 1, 2, 2, 0, 0, 1, 1, 0, 2, 0, 2, 1, 0, 2, 2, 0, 2, 2, 0, 1, 1, 0, 0, 2, 1, 1, 0, 2, 2, 2, 2, 2, 1, 2, 1, 1, 2, 0, 1, 1, 0, 1, 0, 0, 1, 1, 1, 1, 0, 0, 1, 0, 1, 1, 0, 1, 2, 1, 2, 0, 1, 1, 0]|[0, 3, 0, 3, 4, 1, 4, 4, 4, 4, 3, 2, 1, 0, 2, 1, 1, 1, 2, 1, 1, 3, 0, 1, 0, 1, 1, 4, 1, 4, 3, 2, 2, 0, 4, 1, 1, 4, 1, 1, 2, 1, 4, 4, 1, 1, 0, 1, 3, 2, 1, 1, 2, 1, 1, 2, 4, 3, 0, 2, 1, 3, 3, 2, 1, 1, 1, 1, 1, 4, 1, 3, 4, 1, 2, 4, 3, 2, 3, 2, 2, 4, 4, 4, 3, 2, 2, 3, 2, 4, 3, 2, 4, 1, 4, 1, 2, 4, 3, 2]|[0, 2, 0, 0, 3, 0, 1, 3, 1, 0, 2, 0, 1, 0, 1, 0, 0, 0, 1, 0, 0, 2, 0, 0, 1, 0, 0, 3, 0, 1, 0, 2, 0, 0, 3, 0, 1, 1, 0, 0, 0, 0, 1, 3, 0, 0, 1, 0, 2, 0, 0, 0, 0, 0, 1, 0, 1, 0, 1, 1, 0, 2, 0, 0, 0, 0, 0, 0, 0, 2, 0, 0, 1, 0, 0, 1, 0, 0, 3, 0, 0, 1, 2, 2, 0, 0, 0, 3, 0, 1, 0, 0, 1, 0, 3, 0, 0, 1, 0, 0],910.6016522559228,48427.915453382215,107149.35343126023,false
57,G3_TWC,G3_TWC,[31, 22, 42, 15, 26, 58, 95, 82, 77, 12, 47, 5, 93, 78, 98, 54, 85, 63, 18, 44, 20, 35, 43, 97, 91, 76, 10, 30, 21, 45, 71, 64, 1, 23, 17, 83, 24, 61, 60, 49, 6, 57, 94, 88, 65, 56, 79, 40, 67, 68, 46, 75, 0, 9, 19, 32, 81, 41, 27, 62, 87, 90, 99, 59, 53, 16, 72, 73, 70, 39, 37, 84, 3, 92, 25, 74, 28, 38, 51, 7, 11, 14, 86, 48, 89, 66, 50, 96, 33, 80, 8, 4, 34, 36, 55, 52, 13, 2, 69, 29]|[1, 1, 0, 1, 1, 1, 2, 1, 2, 1, 2, 2, 2, 1, 1, 0, 0, 1, 0, 2, 2, 0, 1, 2, 0, 1, 2, 2, 0, 0, 1, 2, 1, 0, 1, 0, 2, 0, 1, 1, 0, 1, 1, 1, 0, 2, 1, 1, 0, 0, 0, 0, 1, 1, 2, 1, 2, 0, 0, 0, 2, 1, 0, 1, 0, 1, 2, 1, 1, 1, 1, 1, 2, 0, 1, 2, 0, 0, 0, 1, 0, 1, 0, 0, 1, 0, 0, 0, 2, 0, 1, 0, 2, 0, 1, 1, 0, 0, 1, 0]|[4, 3, 2, 2, 0, 0, 2, 2, 2, 4, 1, 1, 2, 4, 4, 1, 1, 4, 2, 1, 1, 1, 1, 2, 1, 2, 1, 1, 1, 1, 3, 2, 3, 0, 4, 0, 1, 1, 0, 3, 2, 2, 4, 0, 1, 1, 3, 2, 0, 1, 2, 2, 1, 4, 0, 3, 2, 1, 1, 2, 1, 3, 1, 1, 2, 3, 0, 4, 3, 1, 4, 1, 1, 2, 4, 1, 2, 1, 1, 3, 2, 3, 1, 1, 1, 1, 1, 1, 1, 1, 3, 2, 1, 1, 4, 1, 2, 2, 3, 2]|[0, 2, 1, 1, 3, 3, 0, 1, 0, 0, 0, 0, 1, 0, 1, 0, 0, 3, 1, 0, 0, 0, 3, 1, 0, 2, 0, 0, 0, 1, 0, 0, 0, 0, 3, 0, 1, 0, 0, 2, 1, 1, 2, 0, 0, 0, 0, 1, 1, 0, 0, 0, 1, 3, 0, 0, 1, 0, 0, 1, 0, 2, 0, 1, 1, 2, 1, 0, 0, 1, 1, 3, 0, 1, 3, 0, 1, 0, 0, 2, 1, 0, 0, 0, 1, 0, 0, 0, 0, 0, 2, 1, 0, 1, 3, 1, 0, 0, 0, 0],845.7931659427186,57778.757532044474,86593.12219517957,false
57,G1_CMAX,G1_CMAX,[31, 22, 90, 26, 58, 95, 42, 12, 93, 5, 78, 86, 98, 18, 20, 35, 3, 97, 91, 76, 10, 85, 54, 45, 63, 71, 66, 1, 23, 17, 24, 60, 36, 6, 57, 15, 65, 56, 47, 79, 94, 67, 50, 46, 14, 75, 38, 9, 30, 19, 32, 81, 27, 92, 83, 87, 40, 99, 59, 11, 53, 16, 72, 77, 73, 70, 39, 37, 84, 43, 62, 25, 55, 28, 29, 51, 68, 82, 74, 61, 88, 21, 80, 89, 7, 69, 96, 41, 48, 4, 8, 34, 49, 52, 0, 44, 13, 2, 64, 33]|[1, 1, 1, 1, 0, 2, 1, 1, 2, 2, 2, 1, 0, 1, 2, 2, 1, 2, 0, 1, 2, 2, 2, 0, 0, 1, 2, 1, 2, 1, 2, 1, 1, 0, 1, 1, 0, 2, 2, 1, 1, 0, 0, 0, 0, 1, 1, 1, 1, 2, 1, 2, 2, 0, 0, 2, 1, 0, 0, 2, 0, 1, 2, 2, 1, 1, 1, 1, 1, 1, 0, 1, 1, 0, 0, 0, 0, 0, 2, 1, 1, 0, 0, 1, 1, 1, 2, 2, 0, 1, 1, 2, 0, 1, 0, 0, 0, 0, 2, 2]|[0, 4, 3, 0, 1, 1, 2, 4, 1, 1, 2, 4, 1, 4, 1, 1, 1, 2, 2, 2, 2, 1, 1, 1, 2, 3, 2, 3, 0, 4, 1, 0, 3, 2, 2, 2, 1, 1, 1, 0, 2, 0, 1, 2, 1, 3, 1, 4, 2, 0, 3, 2, 1, 2, 1, 1, 4, 1, 1, 1, 2, 3, 0, 2, 4, 3, 1, 4, 1, 1, 1, 4, 4, 2, 1, 1, 1, 2, 1, 3, 0, 1, 1, 1, 1, 3, 1, 1, 1, 4, 3, 1, 1, 1, 2, 2, 2, 2, 1, 1]|[3, 0, 2, 3, 0, 0, 1, 0, 0, 0, 1, 0, 0, 3, 0, 0, 1, 1, 1, 2, 1, 0, 0, 0, 0, 0, 0, 0, 0, 3, 1, 0, 2, 1, 1, 1, 0, 0, 0, 0, 1, 1, 0, 0, 0, 0, 1, 3, 2, 0, 0, 1, 0, 1, 0, 0, 2, 0, 0, 0, 1, 2, 1, 1, 0, 0, 1, 1, 3, 3, 0, 3, 3, 1, 0, 0, 0, 1, 0, 0, 0, 0, 0, 1, 2, 2, 0, 0, 0, 0, 2, 0, 1, 1, 0, 0, 0, 0, 0, 0],705.0470749739228,58445.79123614564,95781.2895945797,false
57,G4_BALANCED,G4_BALANCED,[31, 22, 42, 15, 26, 58, 95, 82, 77, 12, 47, 5, 93, 78, 98, 54, 85, 63, 18, 44, 20, 35, 43, 97, 91, 76, 10, 30, 21, 45, 71, 64, 1, 23, 17, 83, 24, 61, 60, 36, 6, 57, 94, 88, 65, 56, 79, 40, 67, 68, 46, 29, 38, 9, 19, 32, 81, 41, 27, 87, 90, 62, 99, 59, 11, 16, 72, 73, 70, 39, 37, 84, 3, 92, 25, 74, 28, 0, 51, 7, 53, 14, 86, 48, 89, 50, 66, 96, 33, 80, 8, 4, 34, 49, 55, 52, 13, 2, 69, 75]|[1, 1, 0, 1, 1, 1, 2, 1, 2, 1, 2, 2, 2, 1, 1, 0, 0, 1, 0, 2, 2, 0, 1, 2, 0, 1, 2, 2, 0, 0, 1, 2, 1, 0, 1, 0, 2, 0, 1, 1, 0, 1, 1, 1, 0, 2, 1, 1, 0, 0, 0, 0, 0, 1, 2, 1, 2, 0, 0, 0, 1, 2, 0, 1, 2, 1, 2, 1, 1, 1, 1, 1, 2, 0, 1, 2, 0, 0, 0, 1, 0, 1, 0, 0, 1, 0, 2, 2, 2, 0, 1, 0, 2, 2, 1, 1, 0, 0, 1, 0]|[4, 3, 2, 2, 0, 0, 2, 2, 2, 4, 1, 1, 2, 4, 4, 1, 1, 4, 2, 1, 1, 1, 1, 2, 1, 2, 1, 1, 1, 1, 3, 2, 3, 0, 4, 0, 1, 1, 0, 3, 2, 2, 4, 0, 1, 1, 3, 2, 0, 1, 2, 2, 2, 4, 0, 3, 2, 1, 1, 2, 3, 1, 1, 1, 1, 3, 1, 4, 3, 1, 4, 1, 1, 0, 4, 1, 2, 1, 1, 3, 2, 3, 1, 1, 1, 1, 1, 1, 1, 1, 3, 2, 1, 1, 4, 1, 2, 2, 3, 2]|[0, 2, 1, 1, 3, 3, 0, 1, 0, 0, 0, 0, 1, 0, 1, 0, 0, 3, 1, 0, 0, 0, 3, 1, 0, 2, 0, 0, 0, 1, 0, 0, 0, 0, 3, 0, 1, 0, 0, 2, 1, 1, 2, 0, 0, 0, 0, 1, 1, 0, 0, 0, 0, 3, 0, 0, 1, 0, 0, 1, 2, 0, 0, 1, 0, 2, 0, 0, 0, 1, 1, 3, 0, 1, 3, 0, 1, 0, 0, 2, 1, 0, 0, 0, 1, 0, 0, 0, 0, 0, 2, 1, 0, 0, 3, 1, 0, 0, 0, 0],849.0406779635867,55896.88628541617,91383.33683541272,false
57,G2_TEC,G2_TEC,[31, 94, 82, 15, 26, 9, 95, 42, 77, 68, 47, 5, 93, 78, 86, 54, 85, 63, 18, 44, 20, 49, 36, 14, 74, 50, 53, 17, 21, 28, 11, 64, 3, 23, 30, 83, 24, 41, 40, 52, 65, 27, 90, 70, 39, 87, 48, 69, 99, 4, 98, 1, 13, 56, 97, 59, 45, 8, 73, 37, 35, 79, 71, 75, 76, 16, 60, 80, 58, 6, 67, 61, 33, 7, 57, 34, 12, 32, 10, 46, 96, 88, 43, 81, 91, 2, 84, 29, 92, 19, 51, 55, 89, 66, 25, 22, 38, 72, 62, 0]|[2, 1, 2, 1, 1, 2, 1, 1, 1, 1, 1, 0, 2, 2, 1, 2, 0, 0, 0, 2, 2, 1, 0, 2, 0, 2, 2, 1, 0, 1, 1, 1, 0, 0, 1, 0, 2, 1, 2, 2, 0, 0, 1, 1, 0, 2, 0, 2, 1, 0, 2, 2, 0, 2, 2, 0, 1, 1, 0, 0, 2, 1, 1, 0, 2, 2, 2, 2, 2, 1, 2, 1, 1, 2, 0, 1, 1, 0, 1, 0, 0, 1, 1, 1, 1, 0, 0, 1, 0, 1, 1, 0, 1, 2, 1, 2, 0, 1, 1, 0]|[0, 3, 0, 3, 4, 1, 4, 4, 4, 4, 3, 2, 1, 0, 2, 1, 1, 1, 2, 1, 1, 3, 0, 1, 0, 1, 1, 4, 1, 4, 3, 2, 2, 0, 4, 1, 1, 4, 1, 1, 2, 1, 4, 4, 1, 1, 0, 1, 3, 2, 1, 1, 2, 1, 1, 2, 4, 3, 0, 2, 1, 3, 3, 2, 1, 1, 1, 1, 1, 4, 1, 3, 4, 1, 2, 4, 3, 2, 3, 2, 2, 4, 4, 4, 3, 2, 2, 3, 2, 4, 3, 2, 4, 1, 4, 1, 2, 4, 3, 2]|[0, 2, 0, 0, 3, 0, 1, 3, 1, 0, 2, 0, 1, 0, 1, 0, 0, 0, 1, 0, 0, 2, 0, 0, 1, 0, 0, 3, 0, 1, 0, 2, 0, 0, 3, 0, 1, 1, 0, 0, 0, 0, 1, 3, 0, 0, 1, 0, 2, 0, 0, 0, 0, 0, 1, 0, 1, 0, 1, 1, 0, 2, 0, 0, 0, 0, 0, 0, 0, 2, 0, 0, 1, 0, 0, 1, 0, 0, 3, 0, 0, 1, 2, 2, 0, 0, 0, 3, 0, 1, 0, 0, 1, 0, 3, 0, 0, 1, 0, 0],910.6016522559228,48427.915453382215,107149.35343126023,false
57,G3_TWC,G3_TWC,[31, 22, 42, 15, 26, 58, 95, 82, 77, 12, 47, 5, 93, 78, 98, 54, 85, 63, 18, 44, 20, 35, 43, 97, 91, 76, 10, 30, 21, 45, 71, 64, 1, 23, 17, 83, 24, 61, 60, 49, 6, 57, 94, 88, 65, 56, 79, 40, 67, 68, 46, 75, 0, 9, 19, 32, 81, 41, 27, 62, 87, 90, 99, 59, 53, 16, 72, 73, 70, 39, 37, 84, 3, 92, 25, 74, 28, 38, 51, 7, 11, 14, 86, 48, 89, 66, 50, 96, 33, 80, 8, 4, 34, 36, 55, 52, 13, 2, 69, 29]|[1, 1, 0, 1, 1, 1, 2, 1, 2, 1, 2, 2, 2, 1, 1, 0, 0, 1, 0, 2, 2, 0, 1, 2, 0, 1, 2, 2, 0, 0, 1, 2, 1, 0, 1, 0, 2, 0, 1, 1, 0, 1, 1, 1, 0, 2, 1, 1, 0, 0, 0, 0, 1, 1, 2, 1, 2, 0, 0, 0, 2, 1, 0, 1, 0, 1, 2, 1, 1, 1, 1, 1, 2, 0, 1, 2, 0, 0, 0, 1, 0, 1, 0, 0, 1, 0, 0, 0, 2, 0, 1, 0, 2, 0, 1, 1, 0, 0, 1, 0]|[4, 3, 2, 2, 0, 0, 2, 2, 2, 4, 1, 1, 2, 4, 4, 1, 1, 4, 2, 1, 1, 1, 1, 2, 1, 2, 1, 1, 1, 1, 3, 2, 3, 0, 4, 0, 1, 1, 0, 3, 2, 2, 4, 0, 1, 1, 3, 2, 0, 1, 2, 2, 1, 4, 0, 3, 2, 1, 1, 2, 1, 3, 1, 1, 2, 3, 0, 4, 3, 1, 4, 1, 1, 2, 4, 1, 2, 1, 1, 3, 2, 3, 1, 1, 1, 1, 1, 1, 1, 1, 3, 2, 1, 1, 4, 1, 2, 2, 3, 2]|[0, 2, 1, 1, 3, 3, 0, 1, 0, 0, 0, 0, 1, 0, 1, 0, 0, 3, 1, 0, 0, 0, 3, 1, 0, 2, 0, 0, 0, 1, 0, 0, 0, 0, 3, 0, 1, 0, 0, 2, 1, 1, 2, 0, 0, 0, 0, 1, 1, 0, 0, 0, 1, 3, 0, 0, 1, 0, 0, 1, 0, 2, 0, 1, 1, 2, 1, 0, 0, 1, 1, 3, 0, 1, 3, 0, 1, 0, 0, 2, 1, 0, 0, 0, 1, 0, 0, 0, 0, 0, 2, 1, 0, 1, 3, 1, 0, 0, 0, 0],845.7931659427186,57778.757532044474,86593.12219517957,false
57,G1_CMAX,G1_CMAX,[31, 22, 90, 26, 58, 95, 42, 12, 93, 5, 78, 86, 98, 18, 20, 35, 3, 97, 91, 76, 10, 85, 54, 45, 63, 71, 66, 1, 23, 17, 24, 60, 36, 6, 57, 15, 65, 56, 47, 79, 94, 67, 50, 46, 14, 75, 38, 9, 30, 19, 32, 81, 27, 92, 83, 87, 40, 99, 59, 11, 53, 16, 72, 77, 73, 70, 39, 37, 84, 43, 62, 25, 55, 28, 29, 51, 68, 82, 74, 61, 88, 21, 80, 89, 7, 69, 96, 41, 48, 4, 8, 34, 49, 52, 0, 44, 13, 2, 64, 33]|[1, 1, 1, 1, 0, 2, 1, 1, 2, 2, 2, 1, 0, 1, 2, 2, 1, 2, 0, 1, 2, 2, 2, 0, 0, 1, 2, 1, 2, 1, 2, 1, 1, 0, 1, 1, 0, 2, 2, 1, 1, 0, 0, 0, 0, 1, 1, 1, 1, 2, 1, 2, 2, 0, 0, 2, 1, 0, 0, 2, 0, 1, 2, 2, 1, 1, 1, 1, 1, 1, 0, 1, 1, 0, 0, 0, 0, 0, 2, 1, 1, 0, 0, 1, 1, 1, 2, 2, 0, 1, 1, 2, 0, 1, 0, 0, 0, 0, 2, 2]|[0, 4, 3, 0, 1, 1, 2, 4, 1, 1, 2, 4, 1, 4, 1, 1, 1, 2, 2, 2, 2, 1, 1, 1, 2, 3, 2, 3, 0, 4, 1, 0, 3, 2, 2, 2, 1, 1, 1, 0, 2, 0, 1, 2, 1, 3, 1, 4, 2, 0, 3, 2, 1, 2, 1, 1, 4, 1, 1, 1, 2, 3, 0, 2, 4, 3, 1, 4, 1, 1, 1, 4, 4, 2, 1, 1, 1, 2, 1, 3, 0, 1, 1, 1, 1, 3, 1, 1, 1, 4, 3, 1, 1, 1, 2, 2, 2, 2, 1, 1]|[3, 0, 2, 3, 0, 0, 1, 0, 0, 0, 1, 0, 0, 3, 0, 0, 1, 1, 1, 2, 1, 0, 0, 0, 0, 0, 0, 0, 0, 3, 1, 0, 2, 1, 1, 1, 0, 0, 0, 0, 1, 1, 0, 0, 0, 0, 1, 3, 2, 0, 0, 1, 0, 1, 0, 0, 2, 0, 0, 0, 1, 2, 1, 1, 0, 0, 1, 1, 3, 3, 0, 3, 3, 1, 0, 0, 0, 1, 0, 0, 0, 0, 0, 1, 2, 2, 0, 0, 0, 0, 2, 0, 1, 1, 0, 0, 0, 0, 0, 0],705.0470749739228,58445.79123614564,95781.2895945797,false
57,G4_BALANCED,G4_BALANCED,[31, 22, 42, 15, 26, 58, 95, 82, 77, 12, 47, 5, 93, 78, 98, 54, 85, 63, 18, 44, 20, 35, 43, 97, 91, 76, 10, 19, 21, 45, 71, 64, 1, 23, 17, 83, 24, 61, 60, 36, 6, 57, 94, 88, 65, 56, 79, 40, 67, 68, 46, 75, 38, 9, 30, 32, 81, 41, 27, 62, 87, 90, 99, 59, 11, 16, 72, 73, 70, 39, 37, 84, 3, 92, 25, 55, 28, 29, 51, 7, 33, 14, 86, 48, 89, 50, 66, 96, 53, 80, 4, 8, 34, 49, 0, 52, 13, 2, 69, 74]|[1, 1, 0, 1, 1, 1, 2, 1, 2, 1, 2, 2, 2, 1, 1, 0, 0, 1, 0, 2, 2, 0, 1, 2, 0, 1, 2, 2, 0, 0, 1, 2, 1, 2, 1, 0, 2, 0, 1, 1, 0, 1, 1, 1, 0, 2, 1, 1, 0, 0, 0, 0, 1, 1, 2, 1, 2, 2, 0, 0, 2, 1, 0, 1, 2, 1, 2, 1, 1, 1, 1, 1, 2, 1, 1, 1, 0, 0, 0, 1, 2, 1, 0, 0, 1, 0, 0, 2, 0, 0, 0, 1, 2, 0, 0, 1, 0, 0, 1, 2]|[4, 3, 2, 2, 0, 0, 2, 2, 2, 4, 1, 1, 2, 4, 4, 1, 1, 4, 2, 1, 1, 1, 1, 2, 1, 2, 1, 0, 1, 1, 3, 2, 3, 0, 4, 0, 1, 1, 0, 3, 2, 2, 4, 0, 1, 1, 0, 2, 0, 1, 2, 2, 1, 4, 1, 3, 2, 1, 1, 2, 1, 3, 1, 1, 1, 3, 0, 4, 3, 1, 4, 1, 1, 4, 4, 4, 2, 1, 1, 3, 1, 3, 1, 1, 1, 1, 1, 1, 2, 1, 2, 3, 1, 1, 2, 1, 2, 2, 3, 1]|[0, 2, 1, 1, 3, 3, 0, 1, 0, 0, 0, 0, 1, 0, 1, 0, 0, 3, 1, 0, 0, 0, 3, 1, 0, 2, 0, 0, 0, 1, 0, 0, 0, 0, 3, 0, 1, 0, 0, 2, 1, 1, 2, 0, 0, 0, 0, 1, 1, 0, 0, 0, 1, 3, 0, 0, 1, 0, 0, 1, 0, 2, 0, 1, 0, 2, 1, 0, 0, 1, 1, 3, 0, 0, 3, 3, 1, 0, 0, 2, 0, 0, 0, 0, 1, 0, 0, 0, 1, 0, 1, 2, 0, 1, 0, 1, 0, 0, 0, 0],736.2670012451629,57630.52540083121,89970.27722989232,false
57,G2_TEC,G2_TEC,[31, 94, 82, 15, 26, 9, 95, 42, 77, 68, 47, 5, 93, 78, 86, 54, 85, 63, 18, 44, 20, 49, 36, 14, 74, 50, 53, 17, 21, 28, 11, 64, 3, 23, 30, 83, 24, 41, 40, 52, 65, 27, 90, 70, 39, 87, 48, 69, 99, 4, 98, 1, 13, 56, 97, 59, 45, 8, 73, 37, 35, 79, 71, 75, 76, 16, 60, 80, 58, 6, 67, 61, 33, 7, 57, 34, 12, 32, 10, 46, 96, 88, 43, 81, 91, 2, 84, 29, 92, 19, 51, 55, 89, 66, 25, 22, 38, 72, 62, 0]|[2, 1, 2, 1, 1, 2, 1, 1, 1, 1, 1, 0, 2, 2, 1, 2, 0, 0, 0, 2, 2, 1, 0, 2, 0, 2, 2, 1, 0, 1, 1, 1, 0, 0, 1, 0, 2, 1, 2, 2, 0, 0, 1, 1, 0, 2, 0, 2, 1, 0, 2, 2, 0, 2, 2, 0, 1, 1, 0, 0, 2, 1, 1, 0, 2, 2, 2, 2, 2, 1, 2, 1, 1, 2, 0, 1, 1, 0, 1, 0, 0, 1, 1, 1, 1, 0, 0, 1, 0, 1, 1, 0, 1, 2, 1, 2, 0, 1, 1, 0]|[0, 3, 0, 3, 4, 1, 4, 4, 4, 4, 3, 2, 1, 0, 2, 1, 1, 1, 2, 1, 1, 3, 0, 1, 0, 1, 1, 4, 1, 4, 3, 2, 2, 0, 4, 1, 1, 4, 1, 1, 2, 1, 4, 4, 1, 1, 0, 1, 3, 2, 1, 1, 2, 1, 1, 2, 4, 3, 0, 2, 1, 3, 3, 2, 1, 1, 1, 1, 1, 4, 1, 3, 4, 1, 2, 4, 3, 2, 3, 2, 2, 4, 4, 4, 3, 2, 2, 3, 2, 4, 3, 2, 4, 1, 4, 1, 2, 4, 3, 2]|[0, 2, 0, 0, 3, 0, 1, 3, 1, 0, 2, 0, 1, 0, 1, 0, 0, 0, 1, 0, 0, 2, 0, 0, 1, 0, 0, 3, 0, 1, 0, 2, 0, 0, 3, 0, 1, 1, 0, 0, 0, 0, 1, 3, 0, 0, 1, 0, 2, 0, 0, 0, 0, 0, 1, 0, 1, 0, 1, 1, 0, 2, 0, 0, 0, 0, 0, 0, 0, 2, 0, 0, 1, 0, 0, 1, 0, 0, 3, 0, 0, 1, 2, 2, 0, 0, 0, 3, 0, 1, 0, 0, 1, 0, 3, 0, 0, 1, 0, 0],910.6016522559228,48427.915453382215,107149.35343126023,false
57,G3_TWC,G3_TWC,[31, 22, 42, 15, 26, 58, 95, 82, 77, 12, 47, 5, 93, 78, 98, 54, 85, 63, 18, 44, 20, 35, 43, 97, 91, 76, 10, 30, 21, 45, 71, 64, 1, 23, 17, 83, 24, 61, 60, 49, 6, 57, 94, 88, 65, 56, 79, 40, 67, 68, 46, 75, 0, 9, 19, 32, 81, 41, 27, 62, 87, 90, 99, 59, 53, 16, 72, 73, 70, 39, 37, 84, 3, 92, 25, 74, 28, 38, 51, 7, 11, 14, 86, 48, 89, 66, 50, 96, 33, 80, 8, 4, 34, 36, 55, 52, 13, 2, 69, 29]|[1, 1, 0, 1, 1, 1, 2, 1, 2, 1, 2, 2, 2, 1, 1, 0, 0, 1, 0, 2, 2, 0, 1, 2, 0, 1, 2, 2, 0, 0, 1, 2, 1, 0, 1, 0, 2, 0, 1, 1, 0, 1, 1, 1, 0, 2, 1, 1, 0, 0, 0, 0, 1, 1, 2, 1, 2, 0, 0, 0, 2, 1, 0, 1, 0, 1, 2, 1, 1, 1, 1, 1, 2, 0, 1, 2, 0, 0, 0, 1, 0, 1, 0, 0, 1, 0, 0, 0, 2, 0, 1, 0, 2, 0, 1, 1, 0, 0, 1, 0]|[4, 3, 2, 2, 0, 0, 2, 2, 2, 4, 1, 1, 2, 4, 4, 1, 1, 4, 2, 1, 1, 1, 1, 2, 1, 2, 1, 1, 1, 1, 3, 2, 3, 0, 4, 0, 1, 1, 0, 3, 2, 2, 4, 0, 1, 1, 3, 2, 0, 1, 2, 2, 1, 4, 0, 3, 2, 1, 1, 2, 1, 3, 1, 1, 2, 3, 0, 4, 3, 1, 4, 1, 1, 2, 4, 1, 2, 1, 1, 3, 2, 3, 1, 1, 1, 1, 1, 1, 1, 1, 3, 2, 1, 1, 4, 1, 2, 2, 3, 2]|[0, 2, 1, 1, 3, 3, 0, 1, 0, 0, 0, 0, 1, 0, 1, 0, 0, 3, 1, 0, 0, 0, 3, 1, 0, 2, 0, 0, 0, 1, 0, 0, 0, 0, 3, 0, 1, 0, 0, 2, 1, 1, 2, 0, 0, 0, 0, 1, 1, 0, 0, 0, 1, 3, 0, 0, 1, 0, 0, 1, 0, 2, 0, 1, 1, 2, 1, 0, 0, 1, 1, 3, 0, 1, 3, 0, 1, 0, 0, 2, 1, 0, 0, 0, 1, 0, 0, 0, 0, 0, 2, 1, 0, 1, 3, 1, 0, 0, 0, 0],845.7931659427186,57778.757532044474,86593.12219517957,false
57,G1_CMAX,G1_CMAX,[31, 22, 90, 26, 58, 95, 42, 12, 93, 5, 78, 86, 98, 18, 20, 35, 3, 97, 91, 76, 10, 85, 54, 45, 63, 71, 66, 1, 23, 17, 24, 60, 36, 6, 57, 15, 65, 56, 47, 79, 94, 67, 50, 46, 14, 75, 38, 9, 30, 19, 32, 81, 27, 92, 83, 87, 40, 99, 59, 11, 53, 16, 72, 77, 73, 70, 39, 37, 84, 43, 62, 25, 55, 28, 29, 51, 68, 82, 74, 61, 88, 21, 80, 89, 7, 69, 96, 41, 48, 4, 8, 34, 49, 52, 0, 44, 13, 2, 64, 33]|[1, 1, 1, 1, 0, 2, 1, 1, 2, 2, 2, 1, 0, 1, 2, 2, 1, 2, 0, 1, 2, 2, 2, 0, 0, 1, 2, 1, 2, 1, 2, 1, 1, 0, 1, 1, 0, 2, 2, 1, 1, 0, 0, 0, 0, 1, 1, 1, 1, 2, 1, 2, 2, 0, 0, 2, 1, 0, 0, 2, 0, 1, 2, 2, 1, 1, 1, 1, 1, 1, 0, 1, 1, 0, 0, 0, 0, 0, 2, 1, 1, 0, 0, 1, 1, 1, 2, 2, 0, 1, 1, 2, 0, 1, 0, 0, 0, 0, 2, 2]|[0, 4, 3, 0, 1, 1, 2, 4, 1, 1, 2, 4, 1, 4, 1, 1, 1, 2, 2, 2, 2, 1, 1, 1, 2, 3, 2, 3, 0, 4, 1, 0, 3, 2, 2, 2, 1, 1, 1, 0, 2, 0, 1, 2, 1, 3, 1, 4, 2, 0, 3, 2, 1, 2, 1, 1, 4, 1, 1, 1, 2, 3, 0, 2, 4, 3, 1, 4, 1, 1, 1, 4, 4, 2, 1, 1, 1, 2, 1, 3, 0, 1, 1, 1, 1, 3, 1, 1, 1, 4, 3, 1, 1, 1, 2, 2, 2, 2, 1, 1]|[3, 0, 2, 3, 0, 0, 1, 0, 0, 0, 1, 0, 0, 3, 0, 0, 1, 1, 1, 2, 1, 0, 0, 0, 0, 0, 0, 0, 0, 3, 1, 0, 2, 1, 1, 1, 0, 0, 0, 0, 1, 1, 0, 0, 0, 0, 1, 3, 2, 0, 0, 1, 0, 1, 0, 0, 2, 0, 0, 0, 1, 2, 1, 1, 0, 0, 1, 1, 3, 3, 0, 3, 3, 1, 0, 0, 0, 1, 0, 0, 0, 0, 0, 1, 2, 2, 0, 0, 0, 0, 2, 0, 1, 1, 0, 0, 0, 0, 0, 0],705.0470749739228,58445.79123614564,95781.2895945797,false
57,G4_BALANCED,G4_BALANCED,[31, 39, 15, 26, 38, 9, 95, 32, 77, 68, 47, 5, 93, 78, 86, 54, 85, 63, 18, 44, 20, 49, 36, 14, 74, 50, 53, 17, 21, 45, 71, 64, 3, 23, 30, 83, 24, 41, 60, 52, 65, 27, 90, 70, 11, 87, 48, 69, 99, 4, 46, 1, 13, 58, 97, 59, 28, 8, 73, 37, 35, 79, 22, 66, 76, 42, 40, 80, 96, 6, 16, 61, 33, 7, 57, 34, 12, 67, 10, 98, 56, 88, 29, 25, 91, 82, 19, 92, 43, 84, 51, 72, 81, 75, 2, 55, 94, 89, 62, 0]|[2, 1, 1, 1, 2, 2, 1, 1, 1, 1, 1, 0, 2, 2, 1, 2, 0, 0, 0, 2, 2, 1, 0, 2, 0, 2, 2, 1, 0, 1, 1, 1, 0, 0, 1, 0, 2, 1, 2, 2, 0, 0, 1, 1, 0, 2, 0, 2, 1, 0, 0, 2, 0, 0, 2, 0, 1, 1, 0, 0, 2, 1, 0, 2, 2, 0, 2, 2, 0, 1, 2, 1, 1, 2, 0, 1, 1, 1, 1, 2, 2, 1, 1, 1, 1, 0, 1, 0, 1, 0, 1, 1, 1, 0, 2, 0, 2, 1, 1, 0]|[1, 3, 2, 4, 0, 1, 4, 4, 2, 4, 3, 2, 1, 0, 2, 1, 1, 1, 2, 1, 1, 3, 0, 1, 0, 1, 1, 4, 1, 4, 3, 2, 2, 0, 4, 1, 1, 4, 0, 1, 2, 1, 4, 4, 1, 1, 0, 2, 3, 1, 2, 1, 2, 1, 1, 2, 4, 3, 0, 2, 2, 3, 1, 0, 1, 2, 0, 1, 2, 4, 1, 3, 4, 1, 2, 4, 3, 3, 3, 1, 1, 4, 3, 4, 3, 2, 4, 2, 4, 2, 3, 4, 1, 2, 1, 2, 1, 4, 3, 2]|[1, 2, 1, 3, 0, 0, 1, 3, 0, 0, 2, 0, 1, 0, 1, 0, 0, 0, 1, 0, 0, 2, 0, 0, 1, 0, 0, 3, 0, 1, 0, 2, 0, 1, 3, 0, 1, 3, 1, 0, 0, 0, 1, 3, 0, 0, 1, 0, 2, 0, 0, 0, 0, 0, 1, 0, 1, 0, 1, 1, 0, 2, 0, 0, 0, 0, 0, 0, 0, 2, 0, 0, 1, 0, 0, 1, 0, 0, 3, 0, 0, 1, 0, 3, 0, 0, 3, 0, 2, 0, 0, 2, 1, 0, 0, 0, 0, 1, 0, 0],848.0780139391719,52006.99200158515,106865.37488045245,false
57,G2_TEC,G2_TEC,[31, 94, 82, 15, 26, 9, 95, 42, 77, 68, 47, 5, 93, 78, 86, 54, 85, 63, 18, 44, 20, 49, 36, 14, 74, 50, 53, 17, 21, 28, 11, 64, 3, 23, 30, 83, 24, 41, 40, 52, 65, 27, 90, 70, 39, 87, 48, 69, 99, 4, 98, 1, 13, 56, 97, 59, 45, 8, 73, 37, 35, 79, 71, 75, 76, 16, 60, 80, 58, 6, 67, 61, 33, 7, 57, 34, 12, 32, 10, 46, 96, 88, 43, 81, 91, 2, 84, 29, 92, 19, 51, 55, 89, 66, 25, 22, 38, 72, 62, 0]|[2, 1, 2, 1, 1, 2, 1, 1, 1, 1, 1, 0, 2, 2, 1, 2, 0, 0, 0, 2, 2, 1, 0, 2, 0, 2, 2, 1, 0, 1, 1, 1, 0, 0, 1, 0, 2, 1, 2, 2, 0, 0, 1, 1, 0, 2, 0, 2, 1, 0, 2, 2, 0, 2, 2, 0, 1, 1, 0, 0, 2, 1, 1, 0, 2, 2, 2, 2, 2, 1, 2, 1, 1, 2, 0, 1, 1, 0, 1, 0, 0, 1, 1, 1, 1, 0, 0, 1, 0, 1, 1, 0, 1, 2, 1, 2, 0, 1, 1, 0]|[0, 3, 0, 3, 4, 1, 4, 4, 4, 4, 3, 2, 1, 0, 2, 1, 1, 1, 2, 1, 1, 3, 0, 1, 0, 1, 1, 4, 1, 4, 3, 2, 2, 0, 4, 1, 1, 4, 1, 1, 2, 1, 4, 4, 1, 1, 0, 1, 3, 2, 1, 1, 2, 1, 1, 2, 4, 3, 0, 2, 1, 3, 3, 2, 1, 1, 1, 1, 1, 4, 1, 3, 4, 1, 2, 4, 3, 2, 3, 2, 2, 4, 4, 4, 3, 2, 2, 3, 2, 4, 3, 2, 4, 1, 4, 1, 2, 4, 3, 2]|[0, 2, 0, 0, 3, 0, 1, 3, 1, 0, 2, 0, 1, 0, 1, 0, 0, 0, 1, 0, 0, 2, 0, 0, 1, 0, 0, 3, 0, 1, 0, 2, 0, 0, 3, 0, 1, 1, 0, 0, 0, 0, 1, 3, 0, 0, 1, 0, 2, 0, 0, 0, 0, 0, 1, 0, 1, 0, 1, 1, 0, 2, 0, 0, 0, 0, 0, 0, 0, 2, 0, 0, 1, 0, 0, 1, 0, 0, 3, 0, 0, 1, 2, 2, 0, 0, 0, 3, 0, 1, 0, 0, 1, 0, 3, 0, 0, 1, 0, 0],910.6016522559228,48427.915453382215,107149.35343126023,false
57,G3_TWC,G3_TWC,[31, 22, 42, 15, 26, 58, 95, 82, 77, 12, 47, 5, 93, 78, 98, 54, 85, 63, 18, 44, 20, 35, 43, 97, 91, 76, 10, 30, 21, 45, 71, 64, 1, 23, 17, 83, 24, 61, 60, 49, 6, 57, 94, 88, 65, 56, 79, 40, 67, 68, 46, 75, 0, 9, 19, 32, 81, 41, 27, 62, 87, 90, 99, 59, 53, 16, 72, 73, 70, 39, 37, 84, 3, 92, 25, 74, 28, 38, 51, 7, 11, 14, 86, 48, 89, 66, 50, 96, 33, 80, 8, 4, 34, 36, 55, 52, 13, 2, 69, 29]|[1, 1, 0, 1, 1, 1, 2, 1, 2, 1, 2, 2, 2, 1, 1, 0, 0, 1, 0, 2, 2, 0, 1, 2, 0, 1, 2, 2, 0, 0, 1, 2, 1, 0, 1, 0, 2, 0, 1, 1, 0, 1, 1, 1, 0, 2, 1, 1, 0, 0, 0, 0, 1, 1, 2, 1, 2, 0, 0, 0, 2, 1, 0, 1, 0, 1, 2, 1, 1, 1, 1, 1, 2, 0, 1, 2, 0, 0, 0, 1, 0, 1, 0, 0, 1, 0, 0, 0, 2, 0, 1, 0, 2, 0, 1, 1, 0, 0, 1, 0]|[4, 3, 2, 2, 0, 0, 2, 2, 2, 4, 1, 1, 2, 4, 4, 1, 1, 4, 2, 1, 1, 1, 1, 2, 1, 2, 1, 1, 1, 1, 3, 2, 3, 0, 4, 0, 1, 1, 0, 3, 2, 2, 4, 0, 1, 1, 3, 2, 0, 1, 2, 2, 1, 4, 0, 3, 2, 1, 1, 2, 1, 3, 1, 1, 2, 3, 0, 4, 3, 1, 4, 1, 1, 2, 4, 1, 2, 1, 1, 3, 2, 3, 1, 1, 1, 1, 1, 1, 1, 1, 3, 2, 1, 1, 4, 1, 2, 2, 3, 2]|[0, 2, 1, 1, 3, 3, 0, 1, 0, 0, 0, 0, 1, 0, 1, 0, 0, 3, 1, 0, 0, 0, 3, 1, 0, 2, 0, 0, 0, 1, 0, 0, 0, 0, 3, 0, 1, 0, 0, 2, 1, 1, 2, 0, 0, 0, 0, 1, 1, 0, 0, 0, 1, 3, 0, 0, 1, 0, 0, 1, 0, 2, 0, 1, 1, 2, 1, 0, 0, 1, 1, 3, 0, 1, 3, 0, 1, 0, 0, 2, 1, 0, 0, 0, 1, 0, 0, 0, 0, 0, 2, 1, 0, 1, 3, 1, 0, 0, 0, 0],845.7931659427186,57778.757532044474,86593.12219517957,false
57,G1_CMAX,G1_CMAX,[31, 22, 90, 26, 58, 95, 42, 12, 93, 5, 78, 86, 98, 18, 20, 35, 3, 97, 91, 76, 10, 85, 54, 45, 63, 71, 66, 1, 23, 17, 24, 60, 36, 6, 57, 15, 65, 56, 47, 79, 94, 67, 50, 46, 14, 75, 38, 9, 30, 19, 32, 81, 27, 92, 83, 87, 40, 99, 59, 11, 53, 16, 72, 77, 73, 70, 39, 37, 84, 43, 62, 25, 55, 28, 29, 51, 68, 82, 74, 61, 88, 21, 80, 89, 7, 69, 96, 41, 48, 4, 8, 34, 49, 52, 0, 44, 13, 2, 64, 33]|[1, 1, 1, 1, 0, 2, 1, 1, 2, 2, 2, 1, 0, 1, 2, 2, 1, 2, 0, 1, 2, 2, 2, 0, 0, 1, 2, 1, 2, 1, 2, 1, 1, 0, 1, 1, 0, 2, 2, 1, 1, 0, 0, 0, 0, 1, 1, 1, 1, 2, 1, 2, 2, 0, 0, 2, 1, 0, 0, 2, 0, 1, 2, 2, 1, 1, 1, 1, 1, 1, 0, 1, 1, 0, 0, 0, 0, 0, 2, 1, 1, 0, 0, 1, 1, 1, 2, 2, 0, 1, 1, 2, 0, 1, 0, 0, 0, 0, 2, 2]|[0, 4, 3, 0, 1, 1, 2, 4, 1, 1, 2, 4, 1, 4, 1, 1, 1, 2, 2, 2, 2, 1, 1, 1, 2, 3, 2, 3, 0, 4, 1, 0, 3, 2, 2, 2, 1, 1, 1, 0, 2, 0, 1, 2, 1, 3, 1, 4, 2, 0, 3, 2, 1, 2, 1, 1, 4, 1, 1, 1, 2, 3, 0, 2, 4, 3, 1, 4, 1, 1, 1, 4, 4, 2, 1, 1, 1, 2, 1, 3, 0, 1, 1, 1, 1, 3, 1, 1, 1, 4, 3, 1, 1, 1, 2, 2, 2, 2, 1, 1]|[3, 0, 2, 3, 0, 0, 1, 0, 0, 0, 1, 0, 0, 3, 0, 0, 1, 1, 1, 2, 1, 0, 0, 0, 0, 0, 0, 0, 0, 3, 1, 0, 2, 1, 1, 1, 0, 0, 0, 0, 1, 1, 0, 0, 0, 0, 1, 3, 2, 0, 0, 1, 0, 1, 0, 0, 2, 0, 0, 0, 1, 2, 1, 1, 0, 0, 1, 1, 3, 3, 0, 3, 3, 1, 0, 0, 0, 1, 0, 0, 0, 0, 0, 1, 2, 2, 0, 0, 0, 0, 2, 0, 1, 1, 0, 0, 0, 0, 0, 0],705.0470749739228,58445.79123614564,95781.2895945797,false
57,G4_BALANCED,G4_BALANCED,[31, 22, 82, 15, 26, 9, 95, 42, 77, 68, 47, 5, 93, 78, 86, 54, 85, 63, 18, 44, 20, 49, 36, 14, 74, 50, 53, 17, 21, 28, 71, 64, 3, 23, 30, 83, 24, 41, 60, 52, 65, 27, 90, 70, 39, 87, 48, 69, 99, 4, 46, 1, 13, 58, 97, 59, 45, 8, 73, 37, 35, 79, 11, 66, 76, 32, 40, 80, 96, 6, 16, 61, 33, 7, 57, 34, 12, 67, 10, 98, 56, 88, 29, 75, 91, 38, 19, 92, 43, 84, 51, 72, 81, 62, 2, 55, 0, 89, 94, 25]|[2, 1, 2, 1, 1, 2, 1, 1, 1, 1, 1, 0, 2, 2, 1, 2, 0, 0, 0, 2, 2, 1, 0, 2, 0, 2, 2, 1, 0, 1, 1, 1, 0, 0, 1, 0, 2, 1, 2, 2, 0, 0, 1, 1, 0, 2, 0, 2, 1, 0, 0, 2, 0, 0, 2, 0, 1, 1, 0, 0, 2, 1, 0, 2, 2, 0, 2, 2, 0, 1, 2, 1, 1, 2, 0, 1, 1, 1, 1, 2, 2, 1, 1, 0, 1, 0, 1, 0, 1, 0, 1, 1, 1, 1, 2, 0, 0, 1, 2, 1]|[0, 3, 0, 3, 4, 1, 4, 4, 2, 4, 3, 2, 1, 0, 2, 1, 1, 1, 2, 1, 1, 3, 0, 1, 0, 1, 1, 4, 1, 4, 3, 2, 2, 0, 4, 1, 1, 4, 0, 1, 2, 1, 4, 4, 1, 1, 0, 2, 3, 1, 2, 1, 2, 1, 1, 2, 4, 3, 0, 2, 2, 3, 1, 0, 1, 2, 0, 1, 2, 4, 1, 3, 4, 1, 2, 4, 3, 3, 3, 1, 1, 4, 3, 2, 3, 2, 4, 2, 4, 2, 3, 4, 1, 3, 1, 2, 2, 4, 1, 4]|[0, 2, 0, 0, 3, 0, 1, 3, 0, 0, 2, 0, 1, 0, 1, 0, 0, 0, 1, 0, 0, 2, 0, 0, 1, 0, 0, 3, 0, 1, 0, 2, 0, 1, 3, 0, 1, 3, 1, 0, 0, 0, 1, 3, 0, 0, 1, 0, 2, 0, 0, 0, 0, 0, 1, 0, 1, 0, 1, 1, 0, 2, 0, 0, 0, 0, 0, 0, 0, 2, 0, 0, 1, 0, 0, 1, 0, 0, 3, 0, 0, 1, 0, 0, 0, 0, 3, 0, 2, 0, 0, 2, 1, 0, 0, 0, 0, 1, 0, 3],851.9092314412391,51705.36297778711,107381.05157087493,false
57,G2_TEC,G2_TEC,[31, 94, 82, 15, 26, 9, 95, 42, 77, 68, 47, 5, 93, 78, 86, 54, 85, 63, 18, 44, 20, 49, 36, 14, 74, 50, 53, 17, 21, 28, 11, 64, 3, 23, 30, 83, 24, 41, 40, 52, 65, 27, 90, 70, 39, 87, 48, 69, 99, 4, 98, 1, 13, 56, 97, 59, 45, 8, 73, 37, 35, 79, 71, 75, 76, 16, 60, 80, 58, 6, 67, 61, 33, 7, 57, 34, 12, 32, 10, 46, 96, 88, 43, 81, 91, 2, 84, 29, 92, 19, 51, 55, 89, 66, 25, 22, 38, 72, 62, 0]|[2, 1, 2, 1, 1, 2, 1, 1, 1, 1, 1, 0, 2, 2, 1, 2, 0, 0, 0, 2, 2, 1, 0, 2, 0, 2, 2, 1, 0, 1, 1, 1, 0, 0, 1, 0, 2, 1, 2, 2, 0, 0, 1, 1, 0, 2, 0, 2, 1, 0, 2, 2, 0, 2, 2, 0, 1, 1, 0, 0, 2, 1, 1, 0, 2, 2, 2, 2, 2, 1, 2, 1, 1, 2, 0, 1, 1, 0, 1, 0, 0, 1, 1, 1, 1, 0, 0, 1, 0, 1, 1, 0, 1, 2, 1, 2, 0, 1, 1, 0]|[0, 3, 0, 3, 4, 1, 4, 4, 4, 4, 3, 2, 1, 0, 2, 1, 1, 1, 2, 1, 1, 3, 0, 1, 0, 1, 1, 4, 1, 4, 3, 2, 2, 0, 4, 1, 1, 4, 1, 1, 2, 1, 4, 4, 1, 1, 0, 1, 3, 2, 1, 1, 2, 1, 1, 2, 4, 3, 0, 2, 1, 3, 3, 2, 1, 1, 1, 1, 1, 4, 1, 3, 4, 1, 2, 4, 3, 2, 3, 2, 2, 4, 4, 4, 3, 2, 2, 3, 2, 4, 3, 2, 4, 1, 4, 1, 2, 4, 3, 2]|[0, 2, 0, 0, 3, 0, 1, 3, 1, 0, 2, 0, 1, 0, 1, 0, 0, 0, 1, 0, 0, 2, 0, 0, 1, 0, 0, 3, 0, 1, 0, 2, 0, 0, 3, 0, 1, 1, 0, 0, 0, 0, 1, 3, 0, 0, 1, 0, 2, 0, 0, 0, 0, 0, 1, 0, 1, 0, 1, 1, 0, 2, 0, 0, 0, 0, 0, 0, 0, 2, 0, 0, 1, 0, 0, 1, 0, 0, 3, 0, 0, 1, 2, 2, 0, 0, 0, 3, 0, 1, 0, 0, 1, 0, 3, 0, 0, 1, 0, 0],910.6016522559228,48427.915453382215,107149.35343126023,false
57,G3_TWC,G3_TWC,[31, 22, 42, 15, 26, 58, 95, 82, 77, 12, 47, 5, 93, 78, 98, 54, 85, 63, 18, 44, 20, 35, 43, 97, 91, 76, 10, 30, 21, 45, 71, 64, 1, 23, 17, 83, 24, 61, 60, 49, 6, 57, 94, 88, 65, 56, 79, 40, 67, 68, 46, 75, 0, 9, 19, 32, 81, 41, 27, 62, 87, 90, 99, 59, 53, 16, 72, 73, 70, 39, 37, 84, 3, 92, 25, 74, 28, 38, 51, 7, 11, 14, 86, 48, 89, 66, 50, 96, 33, 80, 8, 4, 34, 36, 55, 52, 13, 2, 69, 29]|[1, 1, 0, 1, 1, 1, 2, 1, 2, 1, 2, 2, 2, 1, 1, 0, 0, 1, 0, 2, 2, 0, 1, 2, 0, 1, 2, 2, 0, 0, 1, 2, 1, 0, 1, 0, 2, 0, 1, 1, 0, 1, 1, 1, 0, 2, 1, 1, 0, 0, 0, 0, 1, 1, 2, 1, 2, 0, 0, 0, 2, 1, 0, 1, 0, 1, 2, 1, 1, 1, 1, 1, 2, 0, 1, 2, 0, 0, 0, 1, 0, 1, 0, 0, 1, 0, 0, 0, 2, 0, 1, 0, 2, 0, 1, 1, 0, 0, 1, 0]|[4, 3, 2, 2, 0, 0, 2, 2, 2, 4, 1, 1, 2, 4, 4, 1, 1, 4, 2, 1, 1, 1, 1, 2, 1, 2, 1, 1, 1, 1, 3, 2, 3, 0, 4, 0, 1, 1, 0, 3, 2, 2, 4, 0, 1, 1, 3, 2, 0, 1, 2, 2, 1, 4, 0, 3, 2, 1, 1, 2, 1, 3, 1, 1, 2, 3, 0, 4, 3, 1, 4, 1, 1, 2, 4, 1, 2, 1, 1, 3, 2, 3, 1, 1, 1, 1, 1, 1, 1, 1, 3, 2, 1, 1, 4, 1, 2, 2, 3, 2]|[0, 2, 1, 1, 3, 3, 0, 1, 0, 0, 0, 0, 1, 0, 1, 0, 0, 3, 1, 0, 0, 0, 3, 1, 0, 2, 0, 0, 0, 1, 0, 0, 0, 0, 3, 0, 1, 0, 0, 2, 1, 1, 2, 0, 0, 0, 0, 1, 1, 0, 0, 0, 1, 3, 0, 0, 1, 0, 0, 1, 0, 2, 0, 1, 1, 2, 1, 0, 0, 1, 1, 3, 0, 1, 3, 0, 1, 0, 0, 2, 1, 0, 0, 0, 1, 0, 0, 0, 0, 0, 2, 1, 0, 1, 3, 1, 0, 0, 0, 0],845.7931659427186,57778.757532044474,86593.12219517957,false
57,G1_CMAX,G1_CMAX,[31, 22, 90, 26, 58, 95, 42, 12, 93, 5, 78, 86, 98, 18, 20, 35, 3, 97, 91, 76, 10, 85, 54, 45, 63, 71, 66, 1, 23, 17, 24, 60, 36, 6, 57, 15, 65, 56, 47, 79, 94, 67, 50, 46, 14, 75, 38, 9, 30, 19, 32, 81, 27, 92, 83, 87, 40, 99, 59, 11, 53, 16, 72, 77, 73, 70, 39, 37, 84, 43, 62, 25, 55, 28, 29, 51, 68, 82, 74, 61, 88, 21, 80, 89, 7, 69, 96, 41, 48, 4, 8, 34, 49, 52, 0, 44, 13, 2, 64, 33]|[1, 1, 1, 1, 0, 2, 1, 1, 2, 2, 2, 1, 0, 1, 2, 2, 1, 2, 0, 1, 2, 2, 2, 0, 0, 1, 2, 1, 2, 1, 2, 1, 1, 0, 1, 1, 0, 2, 2, 1, 1, 0, 0, 0, 0, 1, 1, 1, 1, 2, 1, 2, 2, 0, 0, 2, 1, 0, 0, 2, 0, 1, 2, 2, 1, 1, 1, 1, 1, 1, 0, 1, 1, 0, 0, 0, 0, 0, 2, 1, 1, 0, 0, 1, 1, 1, 2, 2, 0, 1, 1, 2, 0, 1, 0, 0, 0, 0, 2, 2]|[0, 4, 3, 0, 1, 1, 2, 4, 1, 1, 2, 4, 1, 4, 1, 1, 1, 2, 2, 2, 2, 1, 1, 1, 2, 3, 2, 3, 0, 4, 1, 0, 3, 2, 2, 2, 1, 1, 1, 0, 2, 0, 1, 2, 1, 3, 1, 4, 2, 0, 3, 2, 1, 2, 1, 1, 4, 1, 1, 1, 2, 3, 0, 2, 4, 3, 1, 4, 1, 1, 1, 4, 4, 2, 1, 1, 1, 2, 1, 3, 0, 1, 1, 1, 1, 3, 1, 1, 1, 4, 3, 1, 1, 1, 2, 2, 2, 2, 1, 1]|[3, 0, 2, 3, 0, 0, 1, 0, 0, 0, 1, 0, 0, 3, 0, 0, 1, 1, 1, 2, 1, 0, 0, 0, 0, 0, 0, 0, 0, 3, 1, 0, 2, 1, 1, 1, 0, 0, 0, 0, 1, 1, 0, 0, 0, 0, 1, 3, 2, 0, 0, 1, 0, 1, 0, 0, 2, 0, 0, 0, 1, 2, 1, 1, 0, 0, 1, 1, 3, 3, 0, 3, 3, 1, 0, 0, 0, 1, 0, 0, 0, 0, 0, 1, 2, 2, 0, 0, 0, 0, 2, 0, 1, 1, 0, 0, 0, 0, 0, 0],705.0470749739228,58445.79123614564,95781.2895945797,false
57,G4_BALANCED,G2_TEC,[20, 94, 82, 15, 26, 9, 95, 42, 77, 68, 47, 5, 93, 78, 86, 54, 85, 63, 18, 44, 31, 49, 36, 14, 74, 50, 53, 17, 21, 28, 11, 64, 3, 23, 30, 83, 24, 41, 40, 52, 65, 27, 90, 70, 39, 87, 48, 69, 99, 4, 46, 1, 13, 56, 97, 59, 45, 8, 73, 37, 35, 79, 71, 66, 76, 32, 60, 80, 58, 6, 67, 61, 33, 7, 57, 34, 12, 16, 10, 98, 96, 88, 43, 81, 91, 2, 84, 29, 92, 19, 51, 55, 89, 75, 25, 22, 38, 72, 62, 0]|[2, 1, 2, 1, 1, 2, 1, 1, 1, 1, 1, 0, 2, 2, 1, 2, 0, 0, 0, 2, 2, 1, 0, 2, 0, 2, 2, 1, 0, 1, 1, 1, 0, 0, 1, 0, 2, 1, 2, 2, 0, 0, 1, 1, 0, 2, 0, 2, 1, 0, 0, 2, 0, 2, 2, 0, 1, 1, 0, 0, 2, 1, 1, 2, 2, 0, 2, 2, 2, 1, 2, 1, 1, 2, 0, 1, 1, 2, 1, 2, 0, 1, 1, 1, 1, 0, 0, 1, 0, 1, 1, 0, 1, 0, 1, 2, 0, 1, 1, 0]|[0, 3, 0, 3, 4, 1, 4, 4, 4, 4, 3, 2, 1, 0, 2, 1, 1, 1, 2, 1, 1, 3, 0, 1, 0, 1, 1, 4, 1, 4, 3, 2, 2, 0, 4, 1, 1, 4, 1, 1, 2, 1, 4, 4, 1, 1, 0, 1, 3, 2, 2, 1, 2, 1, 1, 2, 4, 3, 0, 2, 1, 3, 3, 1, 1, 2, 1, 1, 1, 4, 1, 3, 4, 1, 2, 4, 3, 1, 3, 1, 2, 4, 4, 4, 3, 2, 2, 3, 2, 4, 3, 2, 4, 2, 4, 1, 2, 4, 3, 2]|[0, 2, 0, 0, 3, 0, 1, 3, 1, 0, 2, 0, 1, 0, 1, 0, 0, 0, 1, 0, 0, 2, 0, 0, 1, 0, 0, 3, 0, 1, 0, 2, 0, 0, 3, 0, 1, 1, 0, 0, 0, 0, 1, 3, 0, 0, 1, 0, 2, 0, 0, 0, 0, 0, 1, 0, 1, 0, 1, 1, 0, 2, 0, 0, 0, 0, 0, 0, 0, 2, 0, 0, 1, 0, 0, 1, 0, 0, 3, 0, 0, 1, 2, 2, 0, 0, 0, 3, 0, 1, 0, 0, 1, 0, 3, 0, 0, 1, 0, 0],910.6016522559228,48511.994766910924,106606.82476478719,true
57,G2_TEC,G2_TEC,[31, 94, 82, 15, 26, 9, 95, 42, 77, 68, 47, 5, 93, 78, 86, 54, 85, 63, 18, 44, 20, 49, 36, 14, 74, 50, 53, 17, 21, 28, 11, 64, 3, 23, 30, 83, 24, 41, 40, 52, 65, 27, 90, 70, 39, 87, 48, 69, 99, 4, 98, 1, 13, 56, 97, 59, 45, 8, 73, 37, 35, 79, 71, 75, 76, 16, 60, 80, 58, 6, 67, 61, 33, 7, 57, 34, 12, 32, 10, 46, 96, 88, 43, 81, 91, 2, 84, 29, 92, 19, 51, 55, 89, 66, 25, 22, 38, 72, 62, 0]|[2, 1, 2, 1, 1, 2, 1, 1, 1, 1, 1, 0, 2, 2, 1, 2, 0, 0, 0, 2, 2, 1, 0, 2, 0, 2, 2, 1, 0, 1, 1, 1, 0, 0, 1, 0, 2, 1, 2, 2, 0, 0, 1, 1, 0, 2, 0, 2, 1, 0, 2, 2, 0, 2, 2, 0, 1, 1, 0, 0, 2, 1, 1, 0, 2, 2, 2, 2, 2, 1, 2, 1, 1, 2, 0, 1, 1, 0, 1, 0, 0, 1, 1, 1, 1, 0, 0, 1, 0, 1, 1, 0, 1, 2, 1, 2, 0, 1, 1, 0]|[0, 3, 0, 3, 4, 1, 4, 4, 4, 4, 3, 2, 1, 0, 2, 1, 1, 1, 2, 1, 1, 3, 0, 1, 0, 1, 1, 4, 1, 4, 3, 2, 2, 0, 4, 1, 1, 4, 1, 1, 2, 1, 4, 4, 1, 1, 0, 1, 3, 2, 1, 1, 2, 1, 1, 2, 4, 3, 0, 2, 1, 3, 3, 2, 1, 1, 1, 1, 1, 4, 1, 3, 4, 1, 2, 4, 3, 2, 3, 2, 2, 4, 4, 4, 3, 2, 2, 3, 2, 4, 3, 2, 4, 1, 4, 1, 2, 4, 3, 2]|[0, 2, 0, 0, 3, 0, 1, 3, 1, 0, 2, 0, 1, 0, 1, 0, 0, 0, 1, 0, 0, 2, 0, 0, 1, 0, 0, 3, 0, 1, 0, 2, 0, 0, 3, 0, 1, 1, 0, 0, 0, 0, 1, 3, 0, 0, 1, 0, 2, 0, 0, 0, 0, 0, 1, 0, 1, 0, 1, 1, 0, 2, 0, 0, 0, 0, 0, 0, 0, 2, 0, 0, 1, 0, 0, 1, 0, 0, 3, 0, 0, 1, 2, 2, 0, 0, 0, 3, 0, 1, 0, 0, 1, 0, 3, 0, 0, 1, 0, 0],910.6016522559228,48427.915453382215,107149.35343126023,false
57,G3_TWC,G3_TWC,[31, 22, 42, 15, 26, 58, 95, 82, 77, 12, 47, 5, 93, 78, 98, 54, 85, 63, 18, 44, 20, 35, 43, 97, 91, 76, 10, 30, 21, 45, 71, 64, 1, 23, 17, 83, 24, 61, 60, 49, 6, 57, 94, 88, 65, 56, 79, 40, 67, 68, 46, 75, 0, 9, 19, 32, 81, 41, 27, 62, 87, 90, 99, 59, 53, 16, 72, 73, 70, 39, 37, 84, 3, 92, 25, 74, 28, 38, 51, 7, 11, 14, 86, 48, 89, 66, 50, 96, 33, 80, 8, 4, 34, 36, 55, 52, 13, 2, 69, 29]|[1, 1, 0, 1, 1, 1, 2, 1, 2, 1, 2, 2, 2, 1, 1, 0, 0, 1, 0, 2, 2, 0, 1, 2, 0, 1, 2, 2, 0, 0, 1, 2, 1, 0, 1, 0, 2, 0, 1, 1, 0, 1, 1, 1, 0, 2, 1, 1, 0, 0, 0, 0, 1, 1, 2, 1, 2, 0, 0, 0, 2, 1, 0, 1, 0, 1, 2, 1, 1, 1, 1, 1, 2, 0, 1, 2, 0, 0, 0, 1, 0, 1, 0, 0, 1, 0, 0, 0, 2, 0, 1, 0, 2, 0, 1, 1, 0, 0, 1, 0]|[4, 3, 2, 2, 0, 0, 2, 2, 2, 4, 1, 1, 2, 4, 4, 1, 1, 4, 2, 1, 1, 1, 1, 2, 1, 2, 1, 1, 1, 1, 3, 2, 3, 0, 4, 0, 1, 1, 0, 3, 2, 2, 4, 0, 1, 1, 3, 2, 0, 1, 2, 2, 1, 4, 0, 3, 2, 1, 1, 2, 1, 3, 1, 1, 2, 3, 0, 4, 3, 1, 4, 1, 1, 2, 4, 1, 2, 1, 1, 3, 2, 3, 1, 1, 1, 1, 1, 1, 1, 1, 3, 2, 1, 1, 4, 1, 2, 2, 3, 2]|[0, 2, 1, 1, 3, 3, 0, 1, 0, 0, 0, 0, 1, 0, 1, 0, 0, 3, 1, 0, 0, 0, 3, 1, 0, 2, 0, 0, 0, 1, 0, 0, 0, 0, 3, 0, 1, 0, 0, 2, 1, 1, 2, 0, 0, 0, 0, 1, 1, 0, 0, 0, 1, 3, 0, 0, 1, 0, 0, 1, 0, 2, 0, 1, 1, 2, 1, 0, 0, 1, 1, 3, 0, 1, 3, 0, 1, 0, 0, 2, 1, 0, 0, 0, 1, 0, 0, 0, 0, 0, 2, 1, 0, 1, 3, 1, 0, 0, 0, 0],845.7931659427186,57778.757532044474,86593.12219517957,false
57,G1_CMAX,G1_CMAX,[31, 22, 90, 26, 58, 95, 42, 12, 93, 5, 78, 86, 98, 18, 20, 35, 3, 97, 91, 76, 10, 85, 54, 45, 63, 71, 66, 1, 23, 17, 24, 60, 36, 6, 57, 15, 65, 56, 47, 79, 94, 67, 50, 46, 14, 75, 38, 9, 30, 19, 32, 81, 27, 92, 83, 87, 40, 99, 59, 11, 53, 16, 72, 77, 73, 70, 39, 37, 84, 43, 62, 25, 55, 28, 29, 51, 68, 82, 74, 61, 88, 21, 80, 89, 7, 69, 96, 41, 48, 4, 8, 34, 49, 52, 0, 44, 13, 2, 64, 33]|[1, 1, 1, 1, 0, 2, 1, 1, 2, 2, 2, 1, 0, 1, 2, 2, 1, 2, 0, 1, 2, 2, 2, 0, 0, 1, 2, 1, 2, 1, 2, 1, 1, 0, 1, 1, 0, 2, 2, 1, 1, 0, 0, 0, 0, 1, 1, 1, 1, 2, 1, 2, 2, 0, 0, 2, 1, 0, 0, 2, 0, 1, 2, 2, 1, 1, 1, 1, 1, 1, 0, 1, 1, 0, 0, 0, 0, 0, 2, 1, 1, 0, 0, 1, 1, 1, 2, 2, 0, 1, 1, 2, 0, 1, 0, 0, 0, 0, 2, 2]|[0, 4, 3, 0, 1, 1, 2, 4, 1, 1, 2, 4, 1, 4, 1, 1, 1, 2, 2, 2, 2, 1, 1, 1, 2, 3, 2, 3, 0, 4, 1, 0, 3, 2, 2, 2, 1, 1, 1, 0, 2, 0, 1, 2, 1, 3, 1, 4, 2, 0, 3, 2, 1, 2, 1, 1, 4, 1, 1, 1, 2, 3, 0, 2, 4, 3, 1, 4, 1, 1, 1, 4, 4, 2, 1, 1, 1, 2, 1, 3, 0, 1, 1, 1, 1, 3, 1, 1, 1, 4, 3, 1, 1, 1, 2, 2, 2, 2, 1, 1]|[3, 0, 2, 3, 0, 0, 1, 0, 0, 0, 1, 0, 0, 3, 0, 0, 1, 1, 1, 2, 1, 0, 0, 0, 0, 0, 0, 0, 0, 3, 1, 0, 2, 1, 1, 1, 0, 0, 0, 0, 1, 1, 0, 0, 0, 0, 1, 3, 2, 0, 0, 1, 0, 1, 0, 0, 2, 0, 0, 0, 1, 2, 1, 1, 0, 0, 1, 1, 3, 3, 0, 3, 3, 1, 0, 0, 0, 1, 0, 0, 0, 0, 0, 1, 2, 2, 0, 0, 0, 0, 2, 0, 1, 1, 0, 0, 0, 0, 0, 0],705.0470749739228,58445.79123614564,95781.2895945797,false
57,G4_BALANCED,G2_TEC,[20, 94, 82, 15, 26, 9, 95, 42, 77, 68, 47, 5, 93, 78, 86, 54, 85, 63, 18, 44, 31, 49, 36, 14, 74, 50, 53, 17, 21, 28, 11, 64, 3, 23, 30, 83, 24, 41, 40, 52, 65, 27, 90, 70, 39, 87, 48, 69, 99, 4, 46, 1, 13, 56, 97, 59, 45, 8, 73, 37, 35, 79, 71, 66, 76, 32, 60, 80, 58, 6, 67, 61, 33, 7, 57, 34, 12, 16, 10, 98, 96, 88, 43, 81, 91, 2, 84, 29, 92, 19, 51, 55, 89, 75, 25, 22, 38, 72, 62, 0]|[2, 1, 2, 1, 1, 2, 1, 1, 1, 1, 1, 0, 2, 2, 1, 2, 0, 0, 0, 2, 2, 1, 0, 2, 0, 2, 2, 1, 0, 1, 1, 1, 0, 0, 1, 0, 2, 1, 2, 2, 0, 0, 1, 1, 0, 2, 0, 2, 1, 0, 0, 2, 0, 2, 2, 0, 1, 1, 0, 0, 2, 1, 1, 2, 2, 0, 2, 2, 2, 1, 2, 1, 1, 2, 0, 1, 1, 2, 1, 2, 0, 1, 1, 1, 1, 0, 0, 1, 0, 1, 1, 0, 1, 0, 1, 2, 0, 1, 1, 0]|[0, 3, 0, 3, 4, 1, 4, 4, 4, 4, 3, 2, 1, 0, 2, 1, 1, 1, 2, 1, 1, 3, 0, 1, 0, 1, 1, 4, 1, 4, 3, 2, 2, 0, 4, 1, 1, 4, 1, 1, 2, 1, 4, 4, 1, 1, 0, 1, 3, 2, 2, 1, 2, 1, 1, 2, 4, 3, 0, 2, 1, 3, 3, 1, 1, 2, 1, 1, 1, 4, 1, 3, 4, 1, 2, 4, 3, 1, 3, 1, 2, 4, 4, 4, 3, 2, 2, 3, 2, 4, 3, 2, 4, 2, 4, 1, 2, 4, 3, 2]|[0, 2, 0, 0, 3, 0, 1, 3, 1, 0, 2, 0, 1, 0, 1, 0, 0, 0, 1, 0, 0, 2, 0, 0, 1, 0, 0, 3, 0, 1, 0, 2, 0, 0, 3, 0, 1, 1, 0, 0, 0, 0, 1, 3, 0, 0, 1, 0, 2, 0, 0, 0, 0, 0, 1, 0, 1, 0, 1, 1, 0, 2, 0, 0, 0, 0, 0, 0, 0, 2, 0, 0, 1, 0, 0, 1, 0, 0, 3, 0, 0, 1, 2, 2, 0, 0, 0, 3, 0, 1, 0, 0, 1, 0, 3, 0, 0, 1, 0, 0],910.6016522559228,48511.994766910924,106606.82476478719,true
57,G2_TEC,G2_TEC,[31, 94, 82, 15, 26, 9, 95, 42, 77, 68, 47, 5, 93, 78, 86, 54, 85, 63, 18, 44, 20, 49, 36, 14, 74, 50, 53, 17, 21, 28, 11, 64, 3, 23, 30, 83, 24, 41, 40, 52, 65, 27, 90, 70, 39, 87, 48, 69, 99, 4, 98, 1, 13, 56, 97, 59, 45, 8, 73, 37, 35, 79, 71, 75, 76, 16, 60, 80, 58, 6, 67, 61, 33, 7, 57, 34, 12, 32, 10, 46, 96, 88, 43, 81, 91, 2, 84, 29, 92, 19, 51, 55, 89, 66, 25, 22, 38, 72, 62, 0]|[2, 1, 2, 1, 1, 2, 1, 1, 1, 1, 1, 0, 2, 2, 1, 2, 0, 0, 0, 2, 2, 1, 0, 2, 0, 2, 2, 1, 0, 1, 1, 1, 0, 0, 1, 0, 2, 1, 2, 2, 0, 0, 1, 1, 0, 2, 0, 2, 1, 0, 2, 2, 0, 2, 2, 0, 1, 1, 0, 0, 2, 1, 1, 0, 2, 2, 2, 2, 2, 1, 2, 1, 1, 2, 0, 1, 1, 0, 1, 0, 0, 1, 1, 1, 1, 0, 0, 1, 0, 1, 1, 0, 1, 2, 1, 2, 0, 1, 1, 0]|[0, 3, 0, 3, 4, 1, 4, 4, 4, 4, 3, 2, 1, 0, 2, 1, 1, 1, 2, 1, 1, 3, 0, 1, 0, 1, 1, 4, 1, 4, 3, 2, 2, 0, 4, 1, 1, 4, 1, 1, 2, 1, 4, 4, 1, 1, 0, 1, 3, 2, 1, 1, 2, 1, 1, 2, 4, 3, 0, 2, 1, 3, 3, 2, 1, 1, 1, 1, 1, 4, 1, 3, 4, 1, 2, 4, 3, 2, 3, 2, 2, 4, 4, 4, 3, 2, 2, 3, 2, 4, 3, 2, 4, 1, 4, 1, 2, 4, 3, 2]|[0, 2, 0, 0, 3, 0, 1, 3, 1, 0, 2, 0, 1, 0, 1, 0, 0, 0, 1, 0, 0, 2, 0, 0, 1, 0, 0, 3, 0, 1, 0, 2, 0, 0, 3, 0, 1, 1, 0, 0, 0, 0, 1, 3, 0, 0, 1, 0, 2, 0, 0, 0, 0, 0, 1, 0, 1, 0, 1, 1, 0, 2, 0, 0, 0, 0, 0, 0, 0, 2, 0, 0, 1, 0, 0, 1, 0, 0, 3, 0, 0, 1, 2, 2, 0, 0, 0, 3, 0, 1, 0, 0, 1, 0, 3, 0, 0, 1, 0, 0],910.6016522559228,48427.915453382215,107149.35343126023,false
57,G3_TWC,G3_TWC,[31, 22, 42, 15, 26, 58, 95, 82, 77, 12, 47, 5, 93, 78, 98, 54, 85, 63, 18, 44, 20, 35, 43, 97, 91, 76, 10, 30, 21, 45, 71, 64, 1, 23, 17, 83, 24, 61, 60, 49, 6, 57, 94, 88, 65, 56, 79, 40, 67, 68, 46, 75, 0, 9, 19, 32, 81, 41, 27, 62, 87, 90, 99, 59, 53, 16, 72, 73, 70, 39, 37, 84, 3, 92, 25, 74, 28, 38, 51, 7, 11, 14, 86, 48, 89, 66, 50, 96, 33, 80, 8, 4, 34, 36, 55, 52, 13, 2, 69, 29]|[1, 1, 0, 1, 1, 1, 2, 1, 2, 1, 2, 2, 2, 1, 1, 0, 0, 1, 0, 2, 2, 0, 1, 2, 0, 1, 2, 2, 0, 0, 1, 2, 1, 0, 1, 0, 2, 0, 1, 1, 0, 1, 1, 1, 0, 2, 1, 1, 0, 0, 0, 0, 1, 1, 2, 1, 2, 0, 0, 0, 2, 1, 0, 1, 0, 1, 2, 1, 1, 1, 1, 1, 2, 0, 1, 2, 0, 0, 0, 1, 0, 1, 0, 0, 1, 0, 0, 0, 2, 0, 1, 0, 2, 0, 1, 1, 0, 0, 1, 0]|[4, 3, 2, 2, 0, 0, 2, 2, 2, 4, 1, 1, 2, 4, 4, 1, 1, 4, 2, 1, 1, 1, 1, 2, 1, 2, 1, 1, 1, 1, 3, 2, 3, 0, 4, 0, 1, 1, 0, 3, 2, 2, 4, 0, 1, 1, 3, 2, 0, 1, 2, 2, 1, 4, 0, 3, 2, 1, 1, 2, 1, 3, 1, 1, 2, 3, 0, 4, 3, 1, 4, 1, 1, 2, 4, 1, 2, 1, 1, 3, 2, 3, 1, 1, 1, 1, 1, 1, 1, 1, 3, 2, 1, 1, 4, 1, 2, 2, 3, 2]|[0, 2, 1, 1, 3, 3, 0, 1, 0, 0, 0, 0, 1, 0, 1, 0, 0, 3, 1, 0, 0, 0, 3, 1, 0, 2, 0, 0, 0, 1, 0, 0, 0, 0, 3, 0, 1, 0, 0, 2, 1, 1, 2, 0, 0, 0, 0, 1, 1, 0, 0, 0, 1, 3, 0, 0, 1, 0, 0, 1, 0, 2, 0, 1, 1, 2, 1, 0, 0, 1, 1, 3, 0, 1, 3, 0, 1, 0, 0, 2, 1, 0, 0, 0, 1, 0, 0, 0, 0, 0, 2, 1, 0, 1, 3, 1, 0, 0, 0, 0],845.7931659427186,57778.757532044474,86593.12219517957,false
57,G1_CMAX,G1_CMAX,[31, 22, 90, 26, 58, 95, 42, 12, 93, 5, 78, 86, 98, 18, 20, 35, 3, 97, 91, 76, 10, 85, 54, 45, 63, 71, 66, 1, 23, 17, 24, 60, 36, 6, 57, 15, 65, 56, 47, 79, 94, 67, 50, 46, 14, 75, 38, 9, 30, 19, 32, 81, 27, 92, 83, 87, 40, 99, 59, 11, 53, 16, 72, 77, 73, 70, 39, 37, 84, 43, 62, 25, 55, 28, 29, 51, 68, 82, 74, 61, 88, 21, 80, 89, 7, 69, 96, 41, 48, 4, 8, 34, 49, 52, 0, 44, 13, 2, 64, 33]|[1, 1, 1, 1, 0, 2, 1, 1, 2, 2, 2, 1, 0, 1, 2, 2, 1, 2, 0, 1, 2, 2, 2, 0, 0, 1, 2, 1, 2, 1, 2, 1, 1, 0, 1, 1, 0, 2, 2, 1, 1, 0, 0, 0, 0, 1, 1, 1, 1, 2, 1, 2, 2, 0, 0, 2, 1, 0, 0, 2, 0, 1, 2, 2, 1, 1, 1, 1, 1, 1, 0, 1, 1, 0, 0, 0, 0, 0, 2, 1, 1, 0, 0, 1, 1, 1, 2, 2, 0, 1, 1, 2, 0, 1, 0, 0, 0, 0, 2, 2]|[0, 4, 3, 0, 1, 1, 2, 4, 1, 1, 2, 4, 1, 4, 1, 1, 1, 2, 2, 2, 2, 1, 1, 1, 2, 3, 2, 3, 0, 4, 1, 0, 3, 2, 2, 2, 1, 1, 1, 0, 2, 0, 1, 2, 1, 3, 1, 4, 2, 0, 3, 2, 1, 2, 1, 1, 4, 1, 1, 1, 2, 3, 0, 2, 4, 3, 1, 4, 1, 1, 1, 4, 4, 2, 1, 1, 1, 2, 1, 3, 0, 1, 1, 1, 1, 3, 1, 1, 1, 4, 3, 1, 1, 1, 2, 2, 2, 2, 1, 1]|[3, 0, 2, 3, 0, 0, 1, 0, 0, 0, 1, 0, 0, 3, 0, 0, 1, 1, 1, 2, 1, 0, 0, 0, 0, 0, 0, 0, 0, 3, 1, 0, 2, 1, 1, 1, 0, 0, 0, 0, 1, 1, 0, 0, 0, 0, 1, 3, 2, 0, 0, 1, 0, 1, 0, 0, 2, 0, 0, 0, 1, 2, 1, 1, 0, 0, 1, 1, 3, 3, 0, 3, 3, 1, 0, 0, 0, 1, 0, 0, 0, 0, 0, 1, 2, 2, 0, 0, 0, 0, 2, 0, 1, 1, 0, 0, 0, 0, 0, 0],705.0470749739228,58445.79123614564,95781.2895945797,false
57,G4_BALANCED,G2_TEC,[20, 94, 82, 15, 26, 9, 95, 42, 77, 68, 47, 5, 93, 78, 86, 54, 85, 63, 18, 44, 31, 49, 36, 14, 74, 50, 53, 17, 21, 28, 11, 64, 3, 23, 30, 83, 24, 41, 40, 52, 65, 27, 90, 70, 39, 87, 48, 69, 99, 4, 46, 1, 13, 56, 97, 59, 45, 8, 73, 37, 35, 79, 71, 66, 76, 32, 60, 80, 58, 6, 67, 61, 33, 7, 57, 34, 12, 16, 10, 98, 96, 88, 43, 81, 91, 2, 84, 29, 92, 19, 51, 55, 89, 75, 25, 22, 38, 72, 62, 0]|[2, 1, 2, 1, 1, 2, 1, 1, 1, 1, 1, 0, 2, 2, 1, 2, 0, 0, 0, 2, 2, 1, 0, 2, 0, 2, 2, 1, 0, 1, 1, 1, 0, 0, 1, 0, 2, 1, 2, 2, 0, 0, 1, 1, 0, 2, 0, 2, 1, 0, 0, 2, 0, 2, 2, 0, 1, 1, 0, 0, 2, 1, 1, 2, 2, 0, 2, 2, 2, 1, 2, 1, 1, 2, 0, 1, 1, 2, 1, 2, 0, 1, 1, 1, 1, 0, 0, 1, 0, 1, 1, 0, 1, 0, 1, 2, 0, 1, 1, 0]|[0, 3, 0, 3, 4, 1, 4, 4, 4, 4, 3, 2, 1, 0, 2, 1, 1, 1, 2, 1, 1, 3, 0, 1, 0, 1, 1, 4, 1, 4, 3, 2, 2, 0, 4, 1, 1, 4, 1, 1, 2, 1, 4, 4, 1, 1, 0, 1, 3, 2, 2, 1, 2, 1, 1, 2, 4, 3, 0, 2, 1, 3, 3, 1, 1, 2, 1, 1, 1, 4, 1, 3, 4, 1, 2, 4, 3, 1, 3, 1, 2, 4, 4, 4, 3, 2, 2, 3, 2, 4, 3, 2, 4, 2, 4, 1, 2, 4, 3, 2]|[0, 2, 0, 0, 3, 0, 1, 3, 1, 0, 2, 0, 1, 0, 1, 0, 0, 0, 1, 0, 0, 2, 0, 0, 1, 0, 0, 3, 0, 1, 0, 2, 0, 0, 3, 0, 1, 1, 0, 0, 0, 0, 1, 3, 0, 0, 1, 0, 2, 0, 0, 0, 0, 0, 1, 0, 1, 0, 1, 1, 0, 2, 0, 0, 0, 0, 0, 0, 0, 2, 0, 0, 1, 0, 0, 1, 0, 0, 3, 0, 0, 1, 2, 2, 0, 0, 0, 3, 0, 1, 0, 0, 1, 0, 3, 0, 0, 1, 0, 0],910.6016522559228,48511.994766910924,106606.82476478719,true
57,G2_TEC,G2_TEC,[31, 94, 82, 15, 26, 9, 95, 42, 77, 68, 47, 5, 93, 78, 86, 54, 85, 63, 18, 44, 20, 49, 36, 14, 74, 50, 53, 17, 21, 28, 11, 64, 3, 23, 30, 83, 24, 41, 40, 52, 65, 27, 90, 70, 39, 87, 48, 69, 99, 4, 98, 1, 13, 56, 97, 59, 45, 8, 73, 37, 35, 79, 71, 75, 76, 16, 60, 80, 58, 6, 67, 61, 33, 7, 57, 34, 12, 32, 10, 46, 96, 88, 43, 81, 91, 2, 84, 29, 92, 19, 51, 55, 89, 66, 25, 22, 38, 72, 62, 0]|[2, 1, 2, 1, 1, 2, 1, 1, 1, 1, 1, 0, 2, 2, 1, 2, 0, 0, 0, 2, 2, 1, 0, 2, 0, 2, 2, 1, 0, 1, 1, 1, 0, 0, 1, 0, 2, 1, 2, 2, 0, 0, 1, 1, 0, 2, 0, 2, 1, 0, 2, 2, 0, 2, 2, 0, 1, 1, 0, 0, 2, 1, 1, 0, 2, 2, 2, 2, 2, 1, 2, 1, 1, 2, 0, 1, 1, 0, 1, 0, 0, 1, 1, 1, 1, 0, 0, 1, 0, 1, 1, 0, 1, 2, 1, 2, 0, 1, 1, 0]|[0, 3, 0, 3, 4, 1, 4, 4, 4, 4, 3, 2, 1, 0, 2, 1, 1, 1, 2, 1, 1, 3, 0, 1, 0, 1, 1, 4, 1, 4, 3, 2, 2, 0, 4, 1, 1, 4, 1, 1, 2, 1, 4, 4, 1, 1, 0, 1, 3, 2, 1, 1, 2, 1, 1, 2, 4, 3, 0, 2, 1, 3, 3, 2, 1, 1, 1, 1, 1, 4, 1, 3, 4, 1, 2, 4, 3, 2, 3, 2, 2, 4, 4, 4, 3, 2, 2, 3, 2, 4, 3, 2, 4, 1, 4, 1, 2, 4, 3, 2]|[0, 2, 0, 0, 3, 0, 1, 3, 1, 0, 2, 0, 1, 0, 1, 0, 0, 0, 1, 0, 0, 2, 0, 0, 1, 0, 0, 3, 0, 1, 0, 2, 0, 0, 3, 0, 1, 1, 0, 0, 0, 0, 1, 3, 0, 0, 1, 0, 2, 0, 0, 0, 0, 0, 1, 0, 1, 0, 1, 1, 0, 2, 0, 0, 0, 0, 0, 0, 0, 2, 0, 0, 1, 0, 0, 1, 0, 0, 3, 0, 0, 1, 2, 2, 0, 0, 0, 3, 0, 1, 0, 0, 1, 0, 3, 0, 0, 1, 0, 0],910.6016522559228,48427.915453382215,107149.35343126023,false
57,G3_TWC,G3_TWC,[31, 22, 42, 15, 26, 58, 95, 82, 77, 12, 47, 5, 93, 78, 98, 54, 85, 63, 18, 44, 20, 35, 43, 97, 91, 76, 10, 30, 21, 45, 71, 64, 1, 23, 17, 83, 24, 61, 60, 49, 6, 57, 94, 88, 65, 56, 79, 40, 67, 68, 46, 75, 0, 9, 19, 32, 81, 41, 27, 62, 87, 90, 99, 59, 53, 16, 72, 73, 70, 39, 37, 84, 3, 92, 25, 74, 28, 38, 51, 7, 11, 14, 86, 48, 89, 66, 50, 96, 33, 80, 8, 4, 34, 36, 55, 52, 13, 2, 69, 29]|[1, 1, 0, 1, 1, 1, 2, 1, 2, 1, 2, 2, 2, 1, 1, 0, 0, 1, 0, 2, 2, 0, 1, 2, 0, 1, 2, 2, 0, 0, 1, 2, 1, 0, 1, 0, 2, 0, 1, 1, 0, 1, 1, 1, 0, 2, 1, 1, 0, 0, 0, 0, 1, 1, 2, 1, 2, 0, 0, 0, 2, 1, 0, 1, 0, 1, 2, 1, 1, 1, 1, 1, 2, 0, 1, 2, 0, 0, 0, 1, 0, 1, 0, 0, 1, 0, 0, 0, 2, 0, 1, 0, 2, 0, 1, 1, 0, 0, 1, 0]|[4, 3, 2, 2, 0, 0, 2, 2, 2, 4, 1, 1, 2, 4, 4, 1, 1, 4, 2, 1, 1, 1, 1, 2, 1, 2, 1, 1, 1, 1, 3, 2, 3, 0, 4, 0, 1, 1, 0, 3, 2, 2, 4, 0, 1, 1, 3, 2, 0, 1, 2, 2, 1, 4, 0, 3, 2, 1, 1, 2, 1, 3, 1, 1, 2, 3, 0, 4, 3, 1, 4, 1, 1, 2, 4, 1, 2, 1, 1, 3, 2, 3, 1, 1, 1, 1, 1, 1, 1, 1, 3, 2, 1, 1, 4, 1, 2, 2, 3, 2]|[0, 2, 1, 1, 3, 3, 0, 1, 0, 0, 0, 0, 1, 0, 1, 0, 0, 3, 1, 0, 0, 0, 3, 1, 0, 2, 0, 0, 0, 1, 0, 0, 0, 0, 3, 0, 1, 0, 0, 2, 1, 1, 2, 0, 0, 0, 0, 1, 1, 0, 0, 0, 1, 3, 0, 0, 1, 0, 0, 1, 0, 2, 0, 1, 1, 2, 1, 0, 0, 1, 1, 3, 0, 1, 3, 0, 1, 0, 0, 2, 1, 0, 0, 0, 1, 0, 0, 0, 0, 0, 2, 1, 0, 1, 3, 1, 0, 0, 0, 0],845.7931659427186,57778.757532044474,86593.12219517957,false
57,G1_CMAX,G1_CMAX,[31, 22, 90, 26, 58, 95, 42, 12, 93, 5, 78, 86, 98, 18, 20, 35, 3, 97, 91, 76, 10, 85, 54, 45, 63, 71, 66, 1, 23, 17, 24, 60, 36, 6, 57, 15, 65, 56, 47, 79, 94, 67, 50, 46, 14, 75, 38, 9, 30, 19, 32, 81, 27, 92, 83, 87, 40, 99, 59, 11, 53, 16, 72, 77, 73, 70, 39, 37, 84, 43, 62, 25, 55, 28, 29, 51, 68, 82, 74, 61, 88, 21, 80, 89, 7, 69, 96, 41, 48, 4, 8, 34, 49, 52, 0, 44, 13, 2, 64, 33]|[1, 1, 1, 1, 0, 2, 1, 1, 2, 2, 2, 1, 0, 1, 2, 2, 1, 2, 0, 1, 2, 2, 2, 0, 0, 1, 2, 1, 2, 1, 2, 1, 1, 0, 1, 1, 0, 2, 2, 1, 1, 0, 0, 0, 0, 1, 1, 1, 1, 2, 1, 2, 2, 0, 0, 2, 1, 0, 0, 2, 0, 1, 2, 2, 1, 1, 1, 1, 1, 1, 0, 1, 1, 0, 0, 0, 0, 0, 2, 1, 1, 0, 0, 1, 1, 1, 2, 2, 0, 1, 1, 2, 0, 1, 0, 0, 0, 0, 2, 2]|[0, 4, 3, 0, 1, 1, 2, 4, 1, 1, 2, 4, 1, 4, 1, 1, 1, 2, 2, 2, 2, 1, 1, 1, 2, 3, 2, 3, 0, 4, 1, 0, 3, 2, 2, 2, 1, 1, 1, 0, 2, 0, 1, 2, 1, 3, 1, 4, 2, 0, 3, 2, 1, 2, 1, 1, 4, 1, 1, 1, 2, 3, 0, 2, 4, 3, 1, 4, 1, 1, 1, 4, 4, 2, 1, 1, 1, 2, 1, 3, 0, 1, 1, 1, 1, 3, 1, 1, 1, 4, 3, 1, 1, 1, 2, 2, 2, 2, 1, 1]|[3, 0, 2, 3, 0, 0, 1, 0, 0, 0, 1, 0, 0, 3, 0, 0, 1, 1, 1, 2, 1, 0, 0, 0, 0, 0, 0, 0, 0, 3, 1, 0, 2, 1, 1, 1, 0, 0, 0, 0, 1, 1, 0, 0, 0, 0, 1, 3, 2, 0, 0, 1, 0, 1, 0, 0, 2, 0, 0, 0, 1, 2, 1, 1, 0, 0, 1, 1, 3, 3, 0, 3, 3, 1, 0, 0, 0, 1, 0, 0, 0, 0, 0, 1, 2, 2, 0, 0, 0, 0, 2, 0, 1, 1, 0, 0, 0, 0, 0, 0],705.0470749739228,58445.79123614564,95781.2895945797,false
57,G4_BALANCED,G2_TEC,[20, 94, 82, 15, 26, 9, 95, 42, 77, 68, 47, 5, 93, 78, 86, 54, 85, 63, 18, 44, 31, 49, 36, 14, 74, 50, 53, 17, 21, 28, 11, 64, 3, 23, 30, 83, 24, 41, 40, 52, 65, 27, 90, 70, 39, 87, 48, 69, 99, 4, 46, 1, 13, 56, 97, 59, 45, 8, 73, 37, 35, 79, 71, 66, 76, 32, 60, 80, 58, 6, 67, 61, 33, 7, 57, 34, 12, 16, 10, 98, 96, 88, 43, 81, 91, 2, 84, 29, 92, 19, 51, 55, 89, 75, 25, 22, 38, 72, 62, 0]|[2, 1, 2, 1, 1, 2, 1, 1, 1, 1, 1, 0, 2, 2, 1, 2, 0, 0, 0, 2, 2, 1, 0, 2, 0, 2, 2, 1, 0, 1, 1, 1, 0, 0, 1, 0, 2, 1, 2, 2, 0, 0, 1, 1, 0, 2, 0, 2, 1, 0, 0, 2, 0, 2, 2, 0, 1, 1, 0, 0, 2, 1, 1, 2, 2, 0, 2, 2, 2, 1, 2, 1, 1, 2, 0, 1, 1, 2, 1, 2, 0, 1, 1, 1, 1, 0, 0, 1, 0, 1, 1, 0, 1, 0, 1, 2, 0, 1, 1, 0]|[0, 3, 0, 3, 4, 1, 4, 4, 4, 4, 3, 2, 1, 0, 2, 1, 1, 1, 2, 1, 1, 3, 0, 1, 0, 1, 1, 4, 1, 4, 3, 2, 2, 0, 4, 1, 1, 4, 1, 1, 2, 1, 4, 4, 1, 1, 0, 1, 3, 2, 2, 1, 2, 1, 1, 2, 4, 3, 0, 2, 1, 3, 3, 1, 1, 2, 1, 1, 1, 4, 1, 3, 4, 1, 2, 4, 3, 1, 3, 1, 2, 4, 4, 4, 3, 2, 2, 3, 2, 4, 3, 2, 4, 2, 4, 1, 2, 4, 3, 2]|[0, 2, 0, 0, 3, 0, 1, 3, 1, 0, 2, 0, 1, 0, 1, 0, 0, 0, 1, 0, 0, 2, 0, 0, 1, 0, 0, 3, 0, 1, 0, 2, 0, 0, 3, 0, 1, 1, 0, 0, 0, 0, 1, 3, 0, 0, 1, 0, 2, 0, 0, 0, 0, 0, 1, 0, 1, 0, 1, 1, 0, 2, 0, 0, 0, 0, 0, 0, 0, 2, 0, 0, 1, 0, 0, 1, 0, 0, 3, 0, 0, 1, 2, 2, 0, 0, 0, 3, 0, 1, 0, 0, 1, 0, 3, 0, 0, 1, 0, 0],910.6016522559228,48511.994766910924,106606.82476478719,true
57,G2_TEC,G2_TEC,[31, 94, 82, 15, 26, 9, 95, 42, 77, 68, 47, 5, 93, 78, 86, 54, 85, 63, 18, 44, 20, 49, 36, 14, 74, 50, 53, 17, 21, 28, 11, 64, 3, 23, 30, 83, 24, 41, 40, 52, 65, 27, 90, 70, 39, 87, 48, 69, 99, 4, 98, 1, 13, 56, 97, 59, 45, 8, 73, 37, 35, 79, 71, 75, 76, 16, 60, 80, 58, 6, 67, 61, 33, 7, 57, 34, 12, 32, 10, 46, 96, 88, 43, 81, 91, 2, 84, 29, 92, 19, 51, 55, 89, 66, 25, 22, 38, 72, 62, 0]|[2, 1, 2, 1, 1, 2, 1, 1, 1, 1, 1, 0, 2, 2, 1, 2, 0, 0, 0, 2, 2, 1, 0, 2, 0, 2, 2, 1, 0, 1, 1, 1, 0, 0, 1, 0, 2, 1, 2, 2, 0, 0, 1, 1, 0, 2, 0, 2, 1, 0, 2, 2, 0, 2, 2, 0, 1, 1, 0, 0, 2, 1, 1, 0, 2, 2, 2, 2, 2, 1, 2, 1, 1, 2, 0, 1, 1, 0, 1, 0, 0, 1, 1, 1, 1, 0, 0, 1, 0, 1, 1, 0, 1, 2, 1, 2, 0, 1, 1, 0]|[0, 3, 0, 3, 4, 1, 4, 4, 4, 4, 3, 2, 1, 0, 2, 1, 1, 1, 2, 1, 1, 3, 0, 1, 0, 1, 1, 4, 1, 4, 3, 2, 2, 0, 4, 1, 1, 4, 1, 1, 2, 1, 4, 4, 1, 1, 0, 1, 3, 2, 1, 1, 2, 1, 1, 2, 4, 3, 0, 2, 1, 3, 3, 2, 1, 1, 1, 1, 1, 4, 1, 3, 4, 1, 2, 4, 3, 2, 3, 2, 2, 4, 4, 4, 3, 2, 2, 3, 2, 4, 3, 2, 4, 1, 4, 1, 2, 4, 3, 2]|[0, 2, 0, 0, 3, 0, 1, 3, 1, 0, 2, 0, 1, 0, 1, 0, 0, 0, 1, 0, 0, 2, 0, 0, 1, 0, 0, 3, 0, 1, 0, 2, 0, 0, 3, 0, 1, 1, 0, 0, 0, 0, 1, 3, 0, 0, 1, 0, 2, 0, 0, 0, 0, 0, 1, 0, 1, 0, 1, 1, 0, 2, 0, 0, 0, 0, 0, 0, 0, 2, 0, 0, 1, 0, 0, 1, 0, 0, 3, 0, 0, 1, 2, 2, 0, 0, 0, 3, 0, 1, 0, 0, 1, 0, 3, 0, 0, 1, 0, 0],910.6016522559228,48427.915453382215,107149.35343126023,false
57,G3_TWC,G3_TWC,[31, 22, 42, 15, 26, 58, 95, 82, 77, 12, 47, 5, 93, 78, 98, 54, 85, 63, 18, 44, 20, 35, 43, 97, 91, 76, 10, 30, 21, 45, 71, 64, 1, 23, 17, 83, 24, 61, 60, 49, 6, 57, 94, 88, 65, 56, 79, 40, 67, 68, 46, 75, 0, 9, 19, 32, 81, 41, 27, 62, 87, 90, 99, 59, 53, 16, 72, 73, 70, 39, 37, 84, 3, 92, 25, 74, 28, 38, 51, 7, 11, 14, 86, 48, 89, 66, 50, 96, 33, 80, 8, 4, 34, 36, 55, 52, 13, 2, 69, 29]|[1, 1, 0, 1, 1, 1, 2, 1, 2, 1, 2, 2, 2, 1, 1, 0, 0, 1, 0, 2, 2, 0, 1, 2, 0, 1, 2, 2, 0, 0, 1, 2, 1, 0, 1, 0, 2, 0, 1, 1, 0, 1, 1, 1, 0, 2, 1, 1, 0, 0, 0, 0, 1, 1, 2, 1, 2, 0, 0, 0, 2, 1, 0, 1, 0, 1, 2, 1, 1, 1, 1, 1, 2, 0, 1, 2, 0, 0, 0, 1, 0, 1, 0, 0, 1, 0, 0, 0, 2, 0, 1, 0, 2, 0, 1, 1, 0, 0, 1, 0]|[4, 3, 2, 2, 0, 0, 2, 2, 2, 4, 1, 1, 2, 4, 4, 1, 1, 4, 2, 1, 1, 1, 1, 2, 1, 2, 1, 1, 1, 1, 3, 2, 3, 0, 4, 0, 1, 1, 0, 3, 2, 2, 4, 0, 1, 1, 3, 2, 0, 1, 2, 2, 1, 4, 0, 3, 2, 1, 1, 2, 1, 3, 1, 1, 2, 3, 0, 4, 3, 1, 4, 1, 1, 2, 4, 1, 2, 1, 1, 3, 2, 3, 1, 1, 1, 1, 1, 1, 1, 1, 3, 2, 1, 1, 4, 1, 2, 2, 3, 2]|[0, 2, 1, 1, 3, 3, 0, 1, 0, 0, 0, 0, 1, 0, 1, 0, 0, 3, 1, 0, 0, 0, 3, 1, 0, 2, 0, 0, 0, 1, 0, 0, 0, 0, 3, 0, 1, 0, 0, 2, 1, 1, 2, 0, 0, 0, 0, 1, 1, 0, 0, 0, 1, 3, 0, 0, 1, 0, 0, 1, 0, 2, 0, 1, 1, 2, 1, 0, 0, 1, 1, 3, 0, 1, 3, 0, 1, 0, 0, 2, 1, 0, 0, 0, 1, 0, 0, 0, 0, 0, 2, 1, 0, 1, 3, 1, 0, 0, 0, 0],845.7931659427186,57778.757532044474,86593.12219517957,false
57,G1_CMAX,G1_CMAX,[31, 22, 90, 26, 58, 95, 42, 12, 93, 5, 78, 86, 98, 18, 20, 35, 3, 97, 91, 76, 10, 85, 54, 45, 63, 71, 66, 1, 23, 17, 24, 60, 36, 6, 57, 15, 65, 56, 47, 79, 94, 67, 50, 46, 14, 75, 38, 9, 30, 19, 32, 81, 27, 92, 83, 87, 40, 99, 59, 11, 53, 16, 72, 77, 73, 70, 39, 37, 84, 43, 62, 25, 55, 28, 29, 51, 68, 82, 74, 61, 88, 21, 80, 89, 7, 69, 96, 41, 48, 4, 8, 34, 49, 52, 0, 44, 13, 2, 64, 33]|[1, 1, 1, 1, 0, 2, 1, 1, 2, 2, 2, 1, 0, 1, 2, 2, 1, 2, 0, 1, 2, 2, 2, 0, 0, 1, 2, 1, 2, 1, 2, 1, 1, 0, 1, 1, 0, 2, 2, 1, 1, 0, 0, 0, 0, 1, 1, 1, 1, 2, 1, 2, 2, 0, 0, 2, 1, 0, 0, 2, 0, 1, 2, 2, 1, 1, 1, 1, 1, 1, 0, 1, 1, 0, 0, 0, 0, 0, 2, 1, 1, 0, 0, 1, 1, 1, 2, 2, 0, 1, 1, 2, 0, 1, 0, 0, 0, 0, 2, 2]|[0, 4, 3, 0, 1, 1, 2, 4, 1, 1, 2, 4, 1, 4, 1, 1, 1, 2, 2, 2, 2, 1, 1, 1, 2, 3, 2, 3, 0, 4, 1, 0, 3, 2, 2, 2, 1, 1, 1, 0, 2, 0, 1, 2, 1, 3, 1, 4, 2, 0, 3, 2, 1, 2, 1, 1, 4, 1, 1, 1, 2, 3, 0, 2, 4, 3, 1, 4, 1, 1, 1, 4, 4, 2, 1, 1, 1, 2, 1, 3, 0, 1, 1, 1, 1, 3, 1, 1, 1, 4, 3, 1, 1, 1, 2, 2, 2, 2, 1, 1]|[3, 0, 2, 3, 0, 0, 1, 0, 0, 0, 1, 0, 0, 3, 0, 0, 1, 1, 1, 2, 1, 0, 0, 0, 0, 0, 0, 0, 0, 3, 1, 0, 2, 1, 1, 1, 0, 0, 0, 0, 1, 1, 0, 0, 0, 0, 1, 3, 2, 0, 0, 1, 0, 1, 0, 0, 2, 0, 0, 0, 1, 2, 1, 1, 0, 0, 1, 1, 3, 3, 0, 3, 3, 1, 0, 0, 0, 1, 0, 0, 0, 0, 0, 1, 2, 2, 0, 0, 0, 0, 2, 0, 1, 1, 0, 0, 0, 0, 0, 0],705.0470749739228,58445.79123614564,95781.2895945797,false
57,G4_BALANCED,G2_TEC,[20, 94, 82, 15, 26, 9, 95, 42, 77, 68, 47, 5, 93, 78, 86, 54, 85, 63, 18, 44, 31, 49, 36, 14, 74, 50, 53, 17, 21, 28, 11, 64, 3, 23, 30, 83, 24, 41, 40, 52, 65, 27, 90, 70, 39, 87, 48, 69, 99, 4, 46, 1, 13, 56, 97, 59, 45, 8, 73, 37, 35, 79, 71, 66, 76, 32, 60, 80, 58, 6, 67, 61, 33, 7, 57, 34, 12, 16, 10, 98, 96, 88, 43, 81, 91, 2, 84, 29, 92, 19, 51, 55, 89, 75, 25, 22, 38, 72, 62, 0]|[2, 1, 2, 1, 1, 2, 1, 1, 1, 1, 1, 0, 2, 2, 1, 2, 0, 0, 0, 2, 2, 1, 0, 2, 0, 2, 2, 1, 0, 1, 1, 1, 0, 0, 1, 0, 2, 1, 2, 2, 0, 0, 1, 1, 0, 2, 0, 2, 1, 0, 0, 2, 0, 2, 2, 0, 1, 1, 0, 0, 2, 1, 1, 2, 2, 0, 2, 2, 2, 1, 2, 1, 1, 2, 0, 1, 1, 2, 1, 2, 0, 1, 1, 1, 1, 0, 0, 1, 0, 1, 1, 0, 1, 0, 1, 2, 0, 1, 1, 0]|[0, 3, 0, 3, 4, 1, 4, 4, 4, 4, 3, 2, 1, 0, 2, 1, 1, 1, 2, 1, 1, 3, 0, 1, 0, 1, 1, 4, 1, 4, 3, 2, 2, 0, 4, 1, 1, 4, 1, 1, 2, 1, 4, 4, 1, 1, 0, 1, 3, 2, 2, 1, 2, 1, 1, 2, 4, 3, 0, 2, 1, 3, 3, 1, 1, 2, 1, 1, 1, 4, 1, 3, 4, 1, 2, 4, 3, 1, 3, 1, 2, 4, 4, 4, 3, 2, 2, 3, 2, 4, 3, 2, 4, 2, 4, 1, 2, 4, 3, 2]|[0, 2, 0, 0, 3, 0, 1, 3, 1, 0, 2, 0, 1, 0, 1, 0, 0, 0, 1, 0, 0, 2, 0, 0, 1, 0, 0, 3, 0, 1, 0, 2, 0, 0, 3, 0, 1, 1, 0, 0, 0, 0, 1, 3, 0, 0, 1, 0, 2, 0, 0, 0, 0, 0, 1, 0, 1, 0, 1, 1, 0, 2, 0, 0, 0, 0, 0, 0, 0, 2, 0, 0, 1, 0, 0, 1, 0, 0, 3, 0, 0, 1, 2, 2, 0, 0, 0, 3, 0, 1, 0, 0, 1, 0, 3, 0, 0, 1, 0, 0],910.6016522559228,48511.994766910924,106606.82476478719,true
57,G2_TEC,G2_TEC,[31, 94, 82, 15, 26, 9, 95, 42, 77, 68, 47, 5, 93, 78, 86, 54, 85, 63, 18, 44, 20, 49, 36, 14, 74, 50, 53, 17, 21, 28, 11, 64, 3, 23, 30, 83, 24, 41, 40, 52, 65, 27, 90, 70, 39, 87, 48, 69, 99, 4, 98, 1, 13, 56, 97, 59, 45, 8, 73, 37, 35, 79, 71, 75, 76, 16, 60, 80, 58, 6, 67, 61, 33, 7, 57, 34, 12, 32, 10, 46, 96, 88, 43, 81, 91, 2, 84, 29, 92, 19, 51, 55, 89, 66, 25, 22, 38, 72, 62, 0]|[2, 1, 2, 1, 1, 2, 1, 1, 1, 1, 1, 0, 2, 2, 1, 2, 0, 0, 0, 2, 2, 1, 0, 2, 0, 2, 2, 1, 0, 1, 1, 1, 0, 0, 1, 0, 2, 1, 2, 2, 0, 0, 1, 1, 0, 2, 0, 2, 1, 0, 2, 2, 0, 2, 2, 0, 1, 1, 0, 0, 2, 1, 1, 0, 2, 2, 2, 2, 2, 1, 2, 1, 1, 2, 0, 1, 1, 0, 1, 0, 0, 1, 1, 1, 1, 0, 0, 1, 0, 1, 1, 0, 1, 2, 1, 2, 0, 1, 1, 0]|[0, 3, 0, 3, 4, 1, 4, 4, 4, 4, 3, 2, 1, 0, 2, 1, 1, 1, 2, 1, 1, 3, 0, 1, 0, 1, 1, 4, 1, 4, 3, 2, 2, 0, 4, 1, 1, 4, 1, 1, 2, 1, 4, 4, 1, 1, 0, 1, 3, 2, 1, 1, 2, 1, 1, 2, 4, 3, 0, 2, 1, 3, 3, 2, 1, 1, 1, 1, 1, 4, 1, 3, 4, 1, 2, 4, 3, 2, 3, 2, 2, 4, 4, 4, 3, 2, 2, 3, 2, 4, 3, 2, 4, 1, 4, 1, 2, 4, 3, 2]|[0, 2, 0, 0, 3, 0, 1, 3, 1, 0, 2, 0, 1, 0, 1, 0, 0, 0, 1, 0, 0, 2, 0, 0, 1, 0, 0, 3, 0, 1, 0, 2, 0, 0, 3, 0, 1, 1, 0, 0, 0, 0, 1, 3, 0, 0, 1, 0, 2, 0, 0, 0, 0, 0, 1, 0, 1, 0, 1, 1, 0, 2, 0, 0, 0, 0, 0, 0, 0, 2, 0, 0, 1, 0, 0, 1, 0, 0, 3, 0, 0, 1, 2, 2, 0, 0, 0, 3, 0, 1, 0, 0, 1, 0, 3, 0, 0, 1, 0, 0],910.6016522559228,48427.915453382215,107149.35343126023,false
57,G3_TWC,G3_TWC,[31, 22, 42, 15, 26, 58, 95, 82, 77, 12, 47, 5, 93, 78, 98, 54, 85, 63, 18, 44, 20, 35, 43, 97, 91, 76, 10, 30, 21, 45, 71, 64, 1, 23, 17, 83, 24, 61, 60, 49, 6, 57, 94, 88, 65, 56, 79, 40, 67, 68, 46, 75, 0, 9, 19, 32, 81, 41, 27, 62, 87, 90, 99, 59, 53, 16, 72, 73, 70, 39, 37, 84, 3, 92, 25, 74, 28, 38, 51, 7, 11, 14, 86, 48, 89, 66, 50, 96, 33, 80, 8, 4, 34, 36, 55, 52, 13, 2, 69, 29]|[1, 1, 0, 1, 1, 1, 2, 1, 2, 1, 2, 2, 2, 1, 1, 0, 0, 1, 0, 2, 2, 0, 1, 2, 0, 1, 2, 2, 0, 0, 1, 2, 1, 0, 1, 0, 2, 0, 1, 1, 0, 1, 1, 1, 0, 2, 1, 1, 0, 0, 0, 0, 1, 1, 2, 1, 2, 0, 0, 0, 2, 1, 0, 1, 0, 1, 2, 1, 1, 1, 1, 1, 2, 0, 1, 2, 0, 0, 0, 1, 0, 1, 0, 0, 1, 0, 0, 0, 2, 0, 1, 0, 2, 0, 1, 1, 0, 0, 1, 0]|[4, 3, 2, 2, 0, 0, 2, 2, 2, 4, 1, 1, 2, 4, 4, 1, 1, 4, 2, 1, 1, 1, 1, 2, 1, 2, 1, 1, 1, 1, 3, 2, 3, 0, 4, 0, 1, 1, 0, 3, 2, 2, 4, 0, 1, 1, 3, 2, 0, 1, 2, 2, 1, 4, 0, 3, 2, 1, 1, 2, 1, 3, 1, 1, 2, 3, 0, 4, 3, 1, 4, 1, 1, 2, 4, 1, 2, 1, 1, 3, 2, 3, 1, 1, 1, 1, 1, 1, 1, 1, 3, 2, 1, 1, 4, 1, 2, 2, 3, 2]|[0, 2, 1, 1, 3, 3, 0, 1, 0, 0, 0, 0, 1, 0, 1, 0, 0, 3, 1, 0, 0, 0, 3, 1, 0, 2, 0, 0, 0, 1, 0, 0, 0, 0, 3, 0, 1, 0, 0, 2, 1, 1, 2, 0, 0, 0, 0, 1, 1, 0, 0, 0, 1, 3, 0, 0, 1, 0, 0, 1, 0, 2, 0, 1, 1, 2, 1, 0, 0, 1, 1, 3, 0, 1, 3, 0, 1, 0, 0, 2, 1, 0, 0, 0, 1, 0, 0, 0, 0, 0, 2, 1, 0, 1, 3, 1, 0, 0, 0, 0],845.7931659427186,57778.757532044474,86593.12219517957,false
57,G1_CMAX,G1_CMAX,[31, 22, 90, 26, 58, 95, 42, 12, 93, 5, 78, 86, 98, 18, 20, 35, 3, 97, 91, 76, 10, 85, 54, 45, 63, 71, 66, 1, 23, 17, 24, 60, 36, 6, 57, 15, 65, 56, 47, 79, 94, 67, 50, 46, 14, 75, 38, 9, 30, 19, 32, 81, 27, 92, 83, 87, 40, 99, 59, 11, 53, 16, 72, 77, 73, 70, 39, 37, 84, 43, 62, 25, 55, 28, 29, 51, 68, 82, 74, 61, 88, 21, 80, 89, 7, 69, 96, 41, 48, 4, 8, 34, 49, 52, 0, 44, 13, 2, 64, 33]|[1, 1, 1, 1, 0, 2, 1, 1, 2, 2, 2, 1, 0, 1, 2, 2, 1, 2, 0, 1, 2, 2, 2, 0, 0, 1, 2, 1, 2, 1, 2, 1, 1, 0, 1, 1, 0, 2, 2, 1, 1, 0, 0, 0, 0, 1, 1, 1, 1, 2, 1, 2, 2, 0, 0, 2, 1, 0, 0, 2, 0, 1, 2, 2, 1, 1, 1, 1, 1, 1, 0, 1, 1, 0, 0, 0, 0, 0, 2, 1, 1, 0, 0, 1, 1, 1, 2, 2, 0, 1, 1, 2, 0, 1, 0, 0, 0, 0, 2, 2]|[0, 4, 3, 0, 1, 1, 2, 4, 1, 1, 2, 4, 1, 4, 1, 1, 1, 2, 2, 2, 2, 1, 1, 1, 2, 3, 2, 3, 0, 4, 1, 0, 3, 2, 2, 2, 1, 1, 1, 0, 2, 0, 1, 2, 1, 3, 1, 4, 2, 0, 3, 2, 1, 2, 1, 1, 4, 1, 1, 1, 2, 3, 0, 2, 4, 3, 1, 4, 1, 1, 1, 4, 4, 2, 1, 1, 1, 2, 1, 3, 0, 1, 1, 1, 1, 3, 1, 1, 1, 4, 3, 1, 1, 1, 2, 2, 2, 2, 1, 1]|[3, 0, 2, 3, 0, 0, 1, 0, 0, 0, 1, 0, 0, 3, 0, 0, 1, 1, 1, 2, 1, 0, 0, 0, 0, 0, 0, 0, 0, 3, 1, 0, 2, 1, 1, 1, 0, 0, 0, 0, 1, 1, 0, 0, 0, 0, 1, 3, 2, 0, 0, 1, 0, 1, 0, 0, 2, 0, 0, 0, 1, 2, 1, 1, 0, 0, 1, 1, 3, 3, 0, 3, 3, 1, 0, 0, 0, 1, 0, 0, 0, 0, 0, 1, 2, 2, 0, 0, 0, 0, 2, 0, 1, 1, 0, 0, 0, 0, 0, 0],705.0470749739228,58445.79123614564,95781.2895945797,false
57,G4_BALANCED,G2_TEC,[20, 94, 82, 15, 26, 9, 95, 42, 77, 68, 47, 5, 93, 78, 86, 54, 85, 63, 18, 44, 31, 49, 36, 14, 74, 50, 53, 17, 21, 28, 11, 64, 3, 23, 30, 83, 24, 41, 40, 52, 65, 27, 90, 70, 39, 87, 48, 69, 99, 4, 46, 1, 13, 56, 97, 59, 45, 8, 73, 37, 35, 79, 71, 66, 76, 32, 60, 80, 58, 6, 67, 61, 33, 7, 57, 34, 12, 16, 10, 98, 96, 88, 43, 81, 91, 2, 84, 29, 92, 19, 51, 55, 89, 75, 25, 22, 38, 72, 62, 0]|[2, 1, 2, 1, 1, 2, 1, 1, 1, 1, 1, 0, 2, 2, 1, 2, 0, 0, 0, 2, 2, 1, 0, 2, 0, 2, 2, 1, 0, 1, 1, 1, 0, 0, 1, 0, 2, 1, 2, 2, 0, 0, 1, 1, 0, 2, 0, 2, 1, 0, 0, 2, 0, 2, 2, 0, 1, 1, 0, 0, 2, 1, 1, 2, 2, 0, 2, 2, 2, 1, 2, 1, 1, 2, 0, 1, 1, 2, 1, 2, 0, 1, 1, 1, 1, 0, 0, 1, 0, 1, 1, 0, 1, 0, 1, 2, 0, 1, 1, 0]|[0, 3, 0, 3, 4, 1, 4, 4, 4, 4, 3, 2, 1, 0, 2, 1, 1, 1, 2, 1, 1, 3, 0, 1, 0, 1, 1, 4, 1, 4, 3, 2, 2, 0, 4, 1, 1, 4, 1, 1, 2, 1, 4, 4, 1, 1, 0, 1, 3, 2, 2, 1, 2, 1, 1, 2, 4, 3, 0, 2, 1, 3, 3, 1, 1, 2, 1, 1, 1, 4, 1, 3, 4, 1, 2, 4, 3, 1, 3, 1, 2, 4, 4, 4, 3, 2, 2, 3, 2, 4, 3, 2, 4, 2, 4, 1, 2, 4, 3, 2]|[0, 2, 0, 0, 3, 0, 1, 3, 1, 0, 2, 0, 1, 0, 1, 0, 0, 0, 1, 0, 0, 2, 0, 0, 1, 0, 0, 3, 0, 1, 0, 2, 0, 0, 3, 0, 1, 1, 0, 0, 0, 0, 1, 3, 0, 0, 1, 0, 2, 0, 0, 0, 0, 0, 1, 0, 1, 0, 1, 1, 0, 2, 0, 0, 0, 0, 0, 0, 0, 2, 0, 0, 1, 0, 0, 1, 0, 0, 3, 0, 0, 1, 2, 2, 0, 0, 0, 3, 0, 1, 0, 0, 1, 0, 3, 0, 0, 1, 0, 0],910.6016522559228,48511.994766910924,106606.82476478719,true
57,G2_TEC,G2_TEC,[31, 94, 82, 15, 26, 9, 95, 42, 77, 68, 47, 5, 93, 78, 86, 54, 85, 63, 18, 44, 20, 49, 36, 14, 74, 50, 53, 17, 21, 28, 11, 64, 3, 23, 30, 83, 24, 41, 40, 52, 65, 27, 90, 70, 39, 87, 48, 69, 99, 4, 98, 1, 13, 56, 97, 59, 45, 8, 73, 37, 35, 79, 71, 75, 76, 16, 60, 80, 58, 6, 67, 61, 33, 7, 57, 34, 12, 32, 10, 46, 96, 88, 43, 81, 91, 2, 84, 29, 92, 19, 51, 55, 89, 66, 25, 22, 38, 72, 62, 0]|[2, 1, 2, 1, 1, 2, 1, 1, 1, 1, 1, 0, 2, 2, 1, 2, 0, 0, 0, 2, 2, 1, 0, 2, 0, 2, 2, 1, 0, 1, 1, 1, 0, 0, 1, 0, 2, 1, 2, 2, 0, 0, 1, 1, 0, 2, 0, 2, 1, 0, 2, 2, 0, 2, 2, 0, 1, 1, 0, 0, 2, 1, 1, 0, 2, 2, 2, 2, 2, 1, 2, 1, 1, 2, 0, 1, 1, 0, 1, 0, 0, 1, 1, 1, 1, 0, 0, 1, 0, 1, 1, 0, 1, 2, 1, 2, 0, 1, 1, 0]|[0, 3, 0, 3, 4, 1, 4, 4, 4, 4, 3, 2, 1, 0, 2, 1, 1, 1, 2, 1, 1, 3, 0, 1, 0, 1, 1, 4, 1, 4, 3, 2, 2, 0, 4, 1, 1, 4, 1, 1, 2, 1, 4, 4, 1, 1, 0, 1, 3, 2, 1, 1, 2, 1, 1, 2, 4, 3, 0, 2, 1, 3, 3, 2, 1, 1, 1, 1, 1, 4, 1, 3, 4, 1, 2, 4, 3, 2, 3, 2, 2, 4, 4, 4, 3, 2, 2, 3, 2, 4, 3, 2, 4, 1, 4, 1, 2, 4, 3, 2]|[0, 2, 0, 0, 3, 0, 1, 3, 1, 0, 2, 0, 1, 0, 1, 0, 0, 0, 1, 0, 0, 2, 0, 0, 1, 0, 0, 3, 0, 1, 0, 2, 0, 0, 3, 0, 1, 1, 0, 0, 0, 0, 1, 3, 0, 0, 1, 0, 2, 0, 0, 0, 0, 0, 1, 0, 1, 0, 1, 1, 0, 2, 0, 0, 0, 0, 0, 0, 0, 2, 0, 0, 1, 0, 0, 1, 0, 0, 3, 0, 0, 1, 2, 2, 0, 0, 0, 3, 0, 1, 0, 0, 1, 0, 3, 0, 0, 1, 0, 0],910.6016522559228,48427.915453382215,107149.35343126023,false
57,G3_TWC,G3_TWC,[31, 22, 42, 15, 26, 58, 95, 82, 77, 12, 47, 5, 93, 78, 98, 54, 85, 63, 18, 44, 20, 35, 43, 97, 91, 76, 10, 30, 21, 45, 71, 64, 1, 23, 17, 83, 24, 61, 60, 49, 6, 57, 94, 88, 65, 56, 79, 40, 67, 68, 46, 75, 0, 9, 19, 32, 81, 41, 27, 62, 87, 90, 99, 59, 53, 16, 72, 73, 70, 39, 37, 84, 3, 92, 25, 74, 28, 38, 51, 7, 11, 14, 86, 48, 89, 66, 50, 96, 33, 80, 8, 4, 34, 36, 55, 52, 13, 2, 69, 29]|[1, 1, 0, 1, 1, 1, 2, 1, 2, 1, 2, 2, 2, 1, 1, 0, 0, 1, 0, 2, 2, 0, 1, 2, 0, 1, 2, 2, 0, 0, 1, 2, 1, 0, 1, 0, 2, 0, 1, 1, 0, 1, 1, 1, 0, 2, 1, 1, 0, 0, 0, 0, 1, 1, 2, 1, 2, 0, 0, 0, 2, 1, 0, 1, 0, 1, 2, 1, 1, 1, 1, 1, 2, 0, 1, 2, 0, 0, 0, 1, 0, 1, 0, 0, 1, 0, 0, 0, 2, 0, 1, 0, 2, 0, 1, 1, 0, 0, 1, 0]|[4, 3, 2, 2, 0, 0, 2, 2, 2, 4, 1, 1, 2, 4, 4, 1, 1, 4, 2, 1, 1, 1, 1, 2, 1, 2, 1, 1, 1, 1, 3, 2, 3, 0, 4, 0, 1, 1, 0, 3, 2, 2, 4, 0, 1, 1, 3, 2, 0, 1, 2, 2, 1, 4, 0, 3, 2, 1, 1, 2, 1, 3, 1, 1, 2, 3, 0, 4, 3, 1, 4, 1, 1, 2, 4, 1, 2, 1, 1, 3, 2, 3, 1, 1, 1, 1, 1, 1, 1, 1, 3, 2, 1, 1, 4, 1, 2, 2, 3, 2]|[0, 2, 1, 1, 3, 3, 0, 1, 0, 0, 0, 0, 1, 0, 1, 0, 0, 3, 1, 0, 0, 0, 3, 1, 0, 2, 0, 0, 0, 1, 0, 0, 0, 0, 3, 0, 1, 0, 0, 2, 1, 1, 2, 0, 0, 0, 0, 1, 1, 0, 0, 0, 1, 3, 0, 0, 1, 0, 0, 1, 0, 2, 0, 1, 1, 2, 1, 0, 0, 1, 1, 3, 0, 1, 3, 0, 1, 0, 0, 2, 1, 0, 0, 0, 1, 0, 0, 0, 0, 0, 2, 1, 0, 1, 3, 1, 0, 0, 0, 0],845.7931659427186,57778.757532044474,86593.12219517957,false
57,G1_CMAX,G1_CMAX,[31, 22, 90, 26, 58, 95, 42, 12, 93, 5, 78, 86, 98, 18, 20, 35, 3, 97, 91, 76, 10, 85, 54, 45, 63, 71, 66, 1, 23, 17, 24, 60, 36, 6, 57, 15, 65, 56, 47, 79, 94, 67, 50, 46, 14, 75, 38, 9, 30, 19, 32, 81, 27, 92, 83, 87, 40, 99, 59, 11, 53, 16, 72, 77, 73, 70, 39, 37, 84, 43, 62, 25, 55, 28, 29, 51, 68, 82, 74, 61, 88, 21, 80, 89, 7, 69, 96, 41, 48, 4, 8, 34, 49, 52, 0, 44, 13, 2, 64, 33]|[1, 1, 1, 1, 0, 2, 1, 1, 2, 2, 2, 1, 0, 1, 2, 2, 1, 2, 0, 1, 2, 2, 2, 0, 0, 1, 2, 1, 2, 1, 2, 1, 1, 0, 1, 1, 0, 2, 2, 1, 1, 0, 0, 0, 0, 1, 1, 1, 1, 2, 1, 2, 2, 0, 0, 2, 1, 0, 0, 2, 0, 1, 2, 2, 1, 1, 1, 1, 1, 1, 0, 1, 1, 0, 0, 0, 0, 0, 2, 1, 1, 0, 0, 1, 1, 1, 2, 2, 0, 1, 1, 2, 0, 1, 0, 0, 0, 0, 2, 2]|[0, 4, 3, 0, 1, 1, 2, 4, 1, 1, 2, 4, 1, 4, 1, 1, 1, 2, 2, 2, 2, 1, 1, 1, 2, 3, 2, 3, 0, 4, 1, 0, 3, 2, 2, 2, 1, 1, 1, 0, 2, 0, 1, 2, 1, 3, 1, 4, 2, 0, 3, 2, 1, 2, 1, 1, 4, 1, 1, 1, 2, 3, 0, 2, 4, 3, 1, 4, 1, 1, 1, 4, 4, 2, 1, 1, 1, 2, 1, 3, 0, 1, 1, 1, 1, 3, 1, 1, 1, 4, 3, 1, 1, 1, 2, 2, 2, 2, 1, 1]|[3, 0, 2, 3, 0, 0, 1, 0, 0, 0, 1, 0, 0, 3, 0, 0, 1, 1, 1, 2, 1, 0, 0, 0, 0, 0, 0, 0, 0, 3, 1, 0, 2, 1, 1, 1, 0, 0, 0, 0, 1, 1, 0, 0, 0, 0, 1, 3, 2, 0, 0, 1, 0, 1, 0, 0, 2, 0, 0, 0, 1, 2, 1, 1, 0, 0, 1, 1, 3, 3, 0, 3, 3, 1, 0, 0, 0, 1, 0, 0, 0, 0, 0, 1, 2, 2, 0, 0, 0, 0, 2, 0, 1, 1, 0, 0, 0, 0, 0, 0],705.0470749739228,58445.79123614564,95781.2895945797,false
57,G4_BALANCED,G2_TEC,[20, 94, 82, 15, 26, 9, 95, 42, 77, 68, 47, 5, 93, 78, 86, 54, 85, 63, 18, 44, 31, 49, 36, 14, 74, 50, 53, 17, 21, 28, 11, 64, 3, 23, 30, 83, 24, 41, 40, 52, 65, 27, 90, 70, 39, 87, 48, 69, 99, 4, 46, 1, 13, 56, 97, 59, 45, 8, 73, 37, 35, 79, 71, 66, 76, 32, 60, 80, 58, 6, 67, 61, 33, 7, 57, 34, 12, 16, 10, 98, 96, 88, 43, 81, 91, 2, 84, 29, 92, 19, 51, 55, 89, 75, 25, 22, 38, 72, 62, 0]|[2, 1, 2, 1, 1, 2, 1, 1, 1, 1, 1, 0, 2, 2, 1, 2, 0, 0, 0, 2, 2, 1, 0, 2, 0, 2, 2, 1, 0, 1, 1, 1, 0, 0, 1, 0, 2, 1, 2, 2, 0, 0, 1, 1, 0, 2, 0, 2, 1, 0, 0, 2, 0, 2, 2, 0, 1, 1, 0, 0, 2, 1, 1, 2, 2, 0, 2, 2, 2, 1, 2, 1, 1, 2, 0, 1, 1, 2, 1, 2, 0, 1, 1, 1, 1, 0, 0, 1, 0, 1, 1, 0, 1, 0, 1, 2, 0, 1, 1, 0]|[0, 3, 0, 3, 4, 1, 4, 4, 4, 4, 3, 2, 1, 0, 2, 1, 1, 1, 2, 1, 1, 3, 0, 1, 0, 1, 1, 4, 1, 4, 3, 2, 2, 0, 4, 1, 1, 4, 1, 1, 2, 1, 4, 4, 1, 1, 0, 1, 3, 2, 2, 1, 2, 1, 1, 2, 4, 3, 0, 2, 1, 3, 3, 1, 1, 2, 1, 1, 1, 4, 1, 3, 4, 1, 2, 4, 3, 1, 3, 1, 2, 4, 4, 4, 3, 2, 2, 3, 2, 4, 3, 2, 4, 2, 4, 1, 2, 4, 3, 2]|[0, 2, 0, 0, 3, 0, 1, 3, 1, 0, 2, 0, 1, 0, 1, 0, 0, 0, 1, 0, 0, 2, 0, 0, 1, 0, 0, 3, 0, 1, 0, 2, 0, 0, 3, 0, 1, 1, 0, 0, 0, 0, 1, 3, 0, 0, 1, 0, 2, 0, 0, 0, 0, 0, 1, 0, 1, 0, 1, 1, 0, 2, 0, 0, 0, 0, 0, 0, 0, 2, 0, 0, 1, 0, 0, 1, 0, 0, 3, 0, 0, 1, 2, 2, 0, 0, 0, 3, 0, 1, 0, 0, 1, 0, 3, 0, 0, 1, 0, 0],910.6016522559228,48511.994766910924,106606.82476478719,true
57,G2_TEC,G2_TEC,[31, 94, 82, 15, 26, 9, 95, 42, 77, 68, 47, 5, 93, 78, 86, 54, 85, 63, 18, 44, 20, 49, 36, 14, 74, 50, 53, 17, 21, 28, 11, 64, 3, 23, 30, 83, 24, 41, 40, 52, 65, 27, 90, 70, 39, 87, 48, 69, 99, 4, 98, 1, 13, 56, 97, 59, 45, 8, 73, 37, 35, 79, 71, 75, 76, 16, 60, 80, 58, 6, 67, 61, 33, 7, 57, 34, 12, 32, 10, 46, 96, 88, 43, 81, 91, 2, 84, 29, 92, 19, 51, 55, 89, 66, 25, 22, 38, 72, 62, 0]|[2, 1, 2, 1, 1, 2, 1, 1, 1, 1, 1, 0, 2, 2, 1, 2, 0, 0, 0, 2, 2, 1, 0, 2, 0, 2, 2, 1, 0, 1, 1, 1, 0, 0, 1, 0, 2, 1, 2, 2, 0, 0, 1, 1, 0, 2, 0, 2, 1, 0, 2, 2, 0, 2, 2, 0, 1, 1, 0, 0, 2, 1, 1, 0, 2, 2, 2, 2, 2, 1, 2, 1, 1, 2, 0, 1, 1, 0, 1, 0, 0, 1, 1, 1, 1, 0, 0, 1, 0, 1, 1, 0, 1, 2, 1, 2, 0, 1, 1, 0]|[0, 3, 0, 3, 4, 1, 4, 4, 4, 4, 3, 2, 1, 0, 2, 1, 1, 1, 2, 1, 1, 3, 0, 1, 0, 1, 1, 4, 1, 4, 3, 2, 2, 0, 4, 1, 1, 4, 1, 1, 2, 1, 4, 4, 1, 1, 0, 1, 3, 2, 1, 1, 2, 1, 1, 2, 4, 3, 0, 2, 1, 3, 3, 2, 1, 1, 1, 1, 1, 4, 1, 3, 4, 1, 2, 4, 3, 2, 3, 2, 2, 4, 4, 4, 3, 2, 2, 3, 2, 4, 3, 2, 4, 1, 4, 1, 2, 4, 3, 2]|[0, 2, 0, 0, 3, 0, 1, 3, 1, 0, 2, 0, 1, 0, 1, 0, 0, 0, 1, 0, 0, 2, 0, 0, 1, 0, 0, 3, 0, 1, 0, 2, 0, 0, 3, 0, 1, 1, 0, 0, 0, 0, 1, 3, 0, 0, 1, 0, 2, 0, 0, 0, 0, 0, 1, 0, 1, 0, 1, 1, 0, 2, 0, 0, 0, 0, 0, 0, 0, 2, 0, 0, 1, 0, 0, 1, 0, 0, 3, 0, 0, 1, 2, 2, 0, 0, 0, 3, 0, 1, 0, 0, 1, 0, 3, 0, 0, 1, 0, 0],910.6016522559228,48427.915453382215,107149.35343126023,false
57,G3_TWC,G3_TWC,[31, 22, 42, 15, 26, 58, 95, 82, 77, 12, 47, 5, 93, 78, 98, 54, 85, 63, 18, 44, 20, 35, 43, 97, 91, 76, 10, 30, 21, 45, 71, 64, 1, 23, 17, 83, 24, 61, 60, 49, 6, 57, 94, 88, 65, 56, 79, 40, 67, 68, 46, 75, 0, 9, 19, 32, 81, 41, 27, 62, 87, 90, 99, 59, 53, 16, 72, 73, 70, 39, 37, 84, 3, 92, 25, 74, 28, 38, 51, 7, 11, 14, 86, 48, 89, 66, 50, 96, 33, 80, 8, 4, 34, 36, 55, 52, 13, 2, 69, 29]|[1, 1, 0, 1, 1, 1, 2, 1, 2, 1, 2, 2, 2, 1, 1, 0, 0, 1, 0, 2, 2, 0, 1, 2, 0, 1, 2, 2, 0, 0, 1, 2, 1, 0, 1, 0, 2, 0, 1, 1, 0, 1, 1, 1, 0, 2, 1, 1, 0, 0, 0, 0, 1, 1, 2, 1, 2, 0, 0, 0, 2, 1, 0, 1, 0, 1, 2, 1, 1, 1, 1, 1, 2, 0, 1, 2, 0, 0, 0, 1, 0, 1, 0, 0, 1, 0, 0, 0, 2, 0, 1, 0, 2, 0, 1, 1, 0, 0, 1, 0]|[4, 3, 2, 2, 0, 0, 2, 2, 2, 4, 1, 1, 2, 4, 4, 1, 1, 4, 2, 1, 1, 1, 1, 2, 1, 2, 1, 1, 1, 1, 3, 2, 3, 0, 4, 0, 1, 1, 0, 3, 2, 2, 4, 0, 1, 1, 3, 2, 0, 1, 2, 2, 1, 4, 0, 3, 2, 1, 1, 2, 1, 3, 1, 1, 2, 3, 0, 4, 3, 1, 4, 1, 1, 2, 4, 1, 2, 1, 1, 3, 2, 3, 1, 1, 1, 1, 1, 1, 1, 1, 3, 2, 1, 1, 4, 1, 2, 2, 3, 2]|[0, 2, 1, 1, 3, 3, 0, 1, 0, 0, 0, 0, 1, 0, 1, 0, 0, 3, 1, 0, 0, 0, 3, 1, 0, 2, 0, 0, 0, 1, 0, 0, 0, 0, 3, 0, 1, 0, 0, 2, 1, 1, 2, 0, 0, 0, 0, 1, 1, 0, 0, 0, 1, 3, 0, 0, 1, 0, 0, 1, 0, 2, 0, 1, 1, 2, 1, 0, 0, 1, 1, 3, 0, 1, 3, 0, 1, 0, 0, 2, 1, 0, 0, 0, 1, 0, 0, 0, 0, 0, 2, 1, 0, 1, 3, 1, 0, 0, 0, 0],845.7931659427186,57778.757532044474,86593.12219517957,false
57,G1_CMAX,G1_CMAX,[31, 22, 90, 26, 58, 95, 42, 12, 93, 5, 78, 86, 98, 18, 20, 35, 3, 97, 91, 76, 10, 85, 54, 45, 63, 71, 66, 1, 23, 17, 24, 60, 36, 6, 57, 15, 65, 56, 47, 79, 94, 67, 50, 46, 14, 75, 38, 9, 30, 19, 32, 81, 27, 92, 83, 87, 40, 99, 59, 11, 53, 16, 72, 77, 73, 70, 39, 37, 84, 43, 62, 25, 55, 28, 29, 51, 68, 82, 74, 61, 88, 21, 80, 89, 7, 69, 96, 41, 48, 4, 8, 34, 49, 52, 0, 44, 13, 2, 64, 33]|[1, 1, 1, 1, 0, 2, 1, 1, 2, 2, 2, 1, 0, 1, 2, 2, 1, 2, 0, 1, 2, 2, 2, 0, 0, 1, 2, 1, 2, 1, 2, 1, 1, 0, 1, 1, 0, 2, 2, 1, 1, 0, 0, 0, 0, 1, 1, 1, 1, 2, 1, 2, 2, 0, 0, 2, 1, 0, 0, 2, 0, 1, 2, 2, 1, 1, 1, 1, 1, 1, 0, 1, 1, 0, 0, 0, 0, 0, 2, 1, 1, 0, 0, 1, 1, 1, 2, 2, 0, 1, 1, 2, 0, 1, 0, 0, 0, 0, 2, 2]|[0, 4, 3, 0, 1, 1, 2, 4, 1, 1, 2, 4, 1, 4, 1, 1, 1, 2, 2, 2, 2, 1, 1, 1, 2, 3, 2, 3, 0, 4, 1, 0, 3, 2, 2, 2, 1, 1, 1, 0, 2, 0, 1, 2, 1, 3, 1, 4, 2, 0, 3, 2, 1, 2, 1, 1, 4, 1, 1, 1, 2, 3, 0, 2, 4, 3, 1, 4, 1, 1, 1, 4, 4, 2, 1, 1, 1, 2, 1, 3, 0, 1, 1, 1, 1, 3, 1, 1, 1, 4, 3, 1, 1, 1, 2, 2, 2, 2, 1, 1]|[3, 0, 2, 3, 0, 0, 1, 0, 0, 0, 1, 0, 0, 3, 0, 0, 1, 1, 1, 2, 1, 0, 0, 0, 0, 0, 0, 0, 0, 3, 1, 0, 2, 1, 1, 1, 0, 0, 0, 0, 1, 1, 0, 0, 0, 0, 1, 3, 2, 0, 0, 1, 0, 1, 0, 0, 2, 0, 0, 0, 1, 2, 1, 1, 0, 0, 1, 1, 3, 3, 0, 3, 3, 1, 0, 0, 0, 1, 0, 0, 0, 0, 0, 1, 2, 2, 0, 0, 0, 0, 2, 0, 1, 1, 0, 0, 0, 0, 0, 0],705.0470749739228,58445.79123614564,95781.2895945797,false
57,G4_BALANCED,G2_TEC,[20, 94, 82, 15, 26, 9, 95, 42, 77, 68, 47, 5, 93, 78, 86, 54, 85, 63, 18, 44, 31, 49, 36, 14, 74, 50, 53, 17, 21, 28, 11, 64, 3, 23, 30, 83, 24, 41, 40, 52, 65, 27, 90, 70, 39, 87, 48, 69, 99, 4, 46, 1, 13, 56, 97, 59, 45, 8, 73, 37, 35, 79, 71, 66, 76, 32, 60, 80, 58, 6, 67, 61, 33, 7, 57, 34, 12, 16, 10, 98, 96, 88, 43, 81, 91, 2, 84, 29, 92, 19, 51, 55, 89, 75, 25, 22, 38, 72, 62, 0]|[2, 1, 2, 1, 1, 2, 1, 1, 1, 1, 1, 0, 2, 2, 1, 2, 0, 0, 0, 2, 2, 1, 0, 2, 0, 2, 2, 1, 0, 1, 1, 1, 0, 0, 1, 0, 2, 1, 2, 2, 0, 0, 1, 1, 0, 2, 0, 2, 1, 0, 0, 2, 0, 2, 2, 0, 1, 1, 0, 0, 2, 1, 1, 2, 2, 0, 2, 2, 2, 1, 2, 1, 1, 2, 0, 1, 1, 2, 1, 2, 0, 1, 1, 1, 1, 0, 0, 1, 0, 1, 1, 0, 1, 0, 1, 2, 0, 1, 1, 0]|[0, 3, 0, 3, 4, 1, 4, 4, 4, 4, 3, 2, 1, 0, 2, 1, 1, 1, 2, 1, 1, 3, 0, 1, 0, 1, 1, 4, 1, 4, 3, 2, 2, 0, 4, 1, 1, 4, 1, 1, 2, 1, 4, 4, 1, 1, 0, 1, 3, 2, 2, 1, 2, 1, 1, 2, 4, 3, 0, 2, 1, 3, 3, 1, 1, 2, 1, 1, 1, 4, 1, 3, 4, 1, 2, 4, 3, 1, 3, 1, 2, 4, 4, 4, 3, 2, 2, 3, 2, 4, 3, 2, 4, 2, 4, 1, 2, 4, 3, 2]|[0, 2, 0, 0, 3, 0, 1, 3, 1, 0, 2, 0, 1, 0, 1, 0, 0, 0, 1, 0, 0, 2, 0, 0, 1, 0, 0, 3, 0, 1, 0, 2, 0, 0, 3, 0, 1, 1, 0, 0, 0, 0, 1, 3, 0, 0, 1, 0, 2, 0, 0, 0, 0, 0, 1, 0, 1, 0, 1, 1, 0, 2, 0, 0, 0, 0, 0, 0, 0, 2, 0, 0, 1, 0, 0, 1, 0, 0, 3, 0, 0, 1, 2, 2, 0, 0, 0, 3, 0, 1, 0, 0, 1, 0, 3, 0, 0, 1, 0, 0],910.6016522559228,48511.994766910924,106606.82476478719,true
57,G2_TEC,G2_TEC,[31, 94, 82, 15, 26, 9, 95, 42, 77, 68, 47, 5, 93, 78, 86, 54, 85, 63, 18, 44, 20, 49, 36, 14, 74, 50, 53, 17, 21, 28, 11, 64, 3, 23, 30, 83, 24, 41, 40, 52, 65, 27, 90, 70, 39, 87, 48, 69, 99, 4, 98, 1, 13, 56, 97, 59, 45, 8, 73, 37, 35, 79, 71, 75, 76, 16, 60, 80, 58, 6, 67, 61, 33, 7, 57, 34, 12, 32, 10, 46, 96, 88, 43, 81, 91, 2, 84, 29, 92, 19, 51, 55, 89, 66, 25, 22, 38, 72, 62, 0]|[2, 1, 2, 1, 1, 2, 1, 1, 1, 1, 1, 0, 2, 2, 1, 2, 0, 0, 0, 2, 2, 1, 0, 2, 0, 2, 2, 1, 0, 1, 1, 1, 0, 0, 1, 0, 2, 1, 2, 2, 0, 0, 1, 1, 0, 2, 0, 2, 1, 0, 2, 2, 0, 2, 2, 0, 1, 1, 0, 0, 2, 1, 1, 0, 2, 2, 2, 2, 2, 1, 2, 1, 1, 2, 0, 1, 1, 0, 1, 0, 0, 1, 1, 1, 1, 0, 0, 1, 0, 1, 1, 0, 1, 2, 1, 2, 0, 1, 1, 0]|[0, 3, 0, 3, 4, 1, 4, 4, 4, 4, 3, 2, 1, 0, 2, 1, 1, 1, 2, 1, 1, 3, 0, 1, 0, 1, 1, 4, 1, 4, 3, 2, 2, 0, 4, 1, 1, 4, 1, 1, 2, 1, 4, 4, 1, 1, 0, 1, 3, 2, 1, 1, 2, 1, 1, 2, 4, 3, 0, 2, 1, 3, 3, 2, 1, 1, 1, 1, 1, 4, 1, 3, 4, 1, 2, 4, 3, 2, 3, 2, 2, 4, 4, 4, 3, 2, 2, 3, 2, 4, 3, 2, 4, 1, 4, 1, 2, 4, 3, 2]|[0, 2, 0, 0, 3, 0, 1, 3, 1, 0, 2, 0, 1, 0, 1, 0, 0, 0, 1, 0, 0, 2, 0, 0, 1, 0, 0, 3, 0, 1, 0, 2, 0, 0, 3, 0, 1, 1, 0, 0, 0, 0, 1, 3, 0, 0, 1, 0, 2, 0, 0, 0, 0, 0, 1, 0, 1, 0, 1, 1, 0, 2, 0, 0, 0, 0, 0, 0, 0, 2, 0, 0, 1, 0, 0, 1, 0, 0, 3, 0, 0, 1, 2, 2, 0, 0, 0, 3, 0, 1, 0, 0, 1, 0, 3, 0, 0, 1, 0, 0],910.6016522559228,48427.915453382215,107149.35343126023,false
57,G3_TWC,G3_TWC,[31, 22, 42, 15, 26, 58, 95, 82, 77, 12, 47, 5, 93, 78, 98, 54, 85, 63, 18, 44, 20, 35, 43, 97, 91, 76, 10, 30, 21, 45, 71, 64, 1, 23, 17, 83, 24, 61, 60, 49, 6, 57, 94, 88, 65, 56, 79, 40, 67, 68, 46, 75, 0, 9, 19, 32, 81, 41, 27, 62, 87, 90, 99, 59, 53, 16, 72, 73, 70, 39, 37, 84, 3, 92, 25, 74, 28, 38, 51, 7, 11, 14, 86, 48, 89, 66, 50, 96, 33, 80, 8, 4, 34, 36, 55, 52, 13, 2, 69, 29]|[1, 1, 0, 1, 1, 1, 2, 1, 2, 1, 2, 2, 2, 1, 1, 0, 0, 1, 0, 2, 2, 0, 1, 2, 0, 1, 2, 2, 0, 0, 1, 2, 1, 0, 1, 0, 2, 0, 1, 1, 0, 1, 1, 1, 0, 2, 1, 1, 0, 0, 0, 0, 1, 1, 2, 1, 2, 0, 0, 0, 2, 1, 0, 1, 0, 1, 2, 1, 1, 1, 1, 1, 2, 0, 1, 2, 0, 0, 0, 1, 0, 1, 0, 0, 1, 0, 0, 0, 2, 0, 1, 0, 2, 0, 1, 1, 0, 0, 1, 0]|[4, 3, 2, 2, 0, 0, 2, 2, 2, 4, 1, 1, 2, 4, 4, 1, 1, 4, 2, 1, 1, 1, 1, 2, 1, 2, 1, 1, 1, 1, 3, 2, 3, 0, 4, 0, 1, 1, 0, 3, 2, 2, 4, 0, 1, 1, 3, 2, 0, 1, 2, 2, 1, 4, 0, 3, 2, 1, 1, 2, 1, 3, 1, 1, 2, 3, 0, 4, 3, 1, 4, 1, 1, 2, 4, 1, 2, 1, 1, 3, 2, 3, 1, 1, 1, 1, 1, 1, 1, 1, 3, 2, 1, 1, 4, 1, 2, 2, 3, 2]|[0, 2, 1, 1, 3, 3, 0, 1, 0, 0, 0, 0, 1, 0, 1, 0, 0, 3, 1, 0, 0, 0, 3, 1, 0, 2, 0, 0, 0, 1, 0, 0, 0, 0, 3, 0, 1, 0, 0, 2, 1, 1, 2, 0, 0, 0, 0, 1, 1, 0, 0, 0, 1, 3, 0, 0, 1, 0, 0, 1, 0, 2, 0, 1, 1, 2, 1, 0, 0, 1, 1, 3, 0, 1, 3, 0, 1, 0, 0, 2, 1, 0, 0, 0, 1, 0, 0, 0, 0, 0, 2, 1, 0, 1, 3, 1, 0, 0, 0, 0],845.7931659427186,57778.757532044474,86593.12219517957,false
57,G1_CMAX,G1_CMAX,[31, 22, 90, 26, 58, 95, 42, 12, 93, 5, 78, 86, 98, 18, 20, 35, 3, 97, 91, 76, 10, 85, 54, 45, 63, 71, 66, 1, 23, 17, 24, 60, 36, 6, 57, 15, 65, 56, 47, 79, 94, 67, 50, 46, 14, 75, 38, 9, 30, 19, 32, 81, 27, 92, 83, 87, 40, 99, 59, 11, 53, 16, 72, 77, 73, 70, 39, 37, 84, 43, 62, 25, 55, 28, 29, 51, 68, 82, 74, 61, 88, 21, 80, 89, 7, 69, 96, 41, 48, 4, 8, 34, 49, 52, 0, 44, 13, 2, 64, 33]|[1, 1, 1, 1, 0, 2, 1, 1, 2, 2, 2, 1, 0, 1, 2, 2, 1, 2, 0, 1, 2, 2, 2, 0, 0, 1, 2, 1, 2, 1, 2, 1, 1, 0, 1, 1, 0, 2, 2, 1, 1, 0, 0, 0, 0, 1, 1, 1, 1, 2, 1, 2, 2, 0, 0, 2, 1, 0, 0, 2, 0, 1, 2, 2, 1, 1, 1, 1, 1, 1, 0, 1, 1, 0, 0, 0, 0, 0, 2, 1, 1, 0, 0, 1, 1, 1, 2, 2, 0, 1, 1, 2, 0, 1, 0, 0, 0, 0, 2, 2]|[0, 4, 3, 0, 1, 1, 2, 4, 1, 1, 2, 4, 1, 4, 1, 1, 1, 2, 2, 2, 2, 1, 1, 1, 2, 3, 2, 3, 0, 4, 1, 0, 3, 2, 2, 2, 1, 1, 1, 0, 2, 0, 1, 2, 1, 3, 1, 4, 2, 0, 3, 2, 1, 2, 1, 1, 4, 1, 1, 1, 2, 3, 0, 2, 4, 3, 1, 4, 1, 1, 1, 4, 4, 2, 1, 1, 1, 2, 1, 3, 0, 1, 1, 1, 1, 3, 1, 1, 1, 4, 3, 1, 1, 1, 2, 2, 2, 2, 1, 1]|[3, 0, 2, 3, 0, 0, 1, 0, 0, 0, 1, 0, 0, 3, 0, 0, 1, 1, 1, 2, 1, 0, 0, 0, 0, 0, 0, 0, 0, 3, 1, 0, 2, 1, 1, 1, 0, 0, 0, 0, 1, 1, 0, 0, 0, 0, 1, 3, 2, 0, 0, 1, 0, 1, 0, 0, 2, 0, 0, 0, 1, 2, 1, 1, 0, 0, 1, 1, 3, 3, 0, 3, 3, 1, 0, 0, 0, 1, 0, 0, 0, 0, 0, 1, 2, 2, 0, 0, 0, 0, 2, 0, 1, 1, 0, 0, 0, 0, 0, 0],705.0470749739228,58445.79123614564,95781.2895945797,false
57,G4_BALANCED,G2_TEC,[20, 94, 82, 15, 26, 9, 95, 42, 77, 68, 47, 5, 93, 78, 86, 54, 85, 63, 18, 44, 31, 49, 36, 14, 74, 50, 53, 17, 21, 28, 11, 64, 3, 23, 30, 83, 24, 41, 40, 52, 65, 27, 90, 70, 39, 87, 48, 69, 99, 4, 46, 1, 13, 56, 97, 59, 45, 8, 73, 37, 35, 79, 71, 66, 76, 32, 60, 80, 58, 6, 67, 61, 33, 7, 57, 34, 12, 16, 10, 98, 96, 88, 43, 81, 91, 2, 84, 29, 92, 19, 51, 55, 89, 75, 25, 22, 38, 72, 62, 0]|[2, 1, 2, 1, 1, 2, 1, 1, 1, 1, 1, 0, 2, 2, 1, 2, 0, 0, 0, 2, 2, 1, 0, 2, 0, 2, 2, 1, 0, 1, 1, 1, 0, 0, 1, 0, 2, 1, 2, 2, 0, 0, 1, 1, 0, 2, 0, 2, 1, 0, 0, 2, 0, 2, 2, 0, 1, 1, 0, 0, 2, 1, 1, 2, 2, 0, 2, 2, 2, 1, 2, 1, 1, 2, 0, 1, 1, 2, 1, 2, 0, 1, 1, 1, 1, 0, 0, 1, 0, 1, 1, 0, 1, 0, 1, 2, 0, 1, 1, 0]|[0, 3, 0, 3, 4, 1, 4, 4, 4, 4, 3, 2, 1, 0, 2, 1, 1, 1, 2, 1, 1, 3, 0, 1, 0, 1, 1, 4, 1, 4, 3, 2, 2, 0, 4, 1, 1, 4, 1, 1, 2, 1, 4, 4, 1, 1, 0, 1, 3, 2, 2, 1, 2, 1, 1, 2, 4, 3, 0, 2, 1, 3, 3, 1, 1, 2, 1, 1, 1, 4, 1, 3, 4, 1, 2, 4, 3, 1, 3, 1, 2, 4, 4, 4, 3, 2, 2, 3, 2, 4, 3, 2, 4, 2, 4, 1, 2, 4, 3, 2]|[0, 2, 0, 0, 3, 0, 1, 3, 1, 0, 2, 0, 1, 0, 1, 0, 0, 0, 1, 0, 0, 2, 0, 0, 1, 0, 0, 3, 0, 1, 0, 2, 0, 0, 3, 0, 1, 1, 0, 0, 0, 0, 1, 3, 0, 0, 1, 0, 2, 0, 0, 0, 0, 0, 1, 0, 1, 0, 1, 1, 0, 2, 0, 0, 0, 0, 0, 0, 0, 2, 0, 0, 1, 0, 0, 1, 0, 0, 3, 0, 0, 1, 2, 2, 0, 0, 0, 3, 0, 1, 0, 0, 1, 0, 3, 0, 0, 1, 0, 0],910.6016522559228,48511.994766910924,106606.82476478719,true
57,G2_TEC,G2_TEC,[31, 94, 82, 15, 26, 9, 95, 42, 77, 68, 47, 5, 93, 78, 86, 54, 85, 63, 18, 44, 20, 49, 36, 14, 74, 50, 53, 17, 21, 28, 11, 64, 3, 23, 30, 83, 24, 41, 40, 52, 65, 27, 90, 70, 39, 87, 48, 69, 99, 4, 98, 1, 13, 56, 97, 59, 45, 8, 73, 37, 35, 79, 71, 75, 76, 16, 60, 80, 58, 6, 67, 61, 33, 7, 57, 34, 12, 32, 10, 46, 96, 88, 43, 81, 91, 2, 84, 29, 92, 19, 51, 55, 89, 66, 25, 22, 38, 72, 62, 0]|[2, 1, 2, 1, 1, 2, 1, 1, 1, 1, 1, 0, 2, 2, 1, 2, 0, 0, 0, 2, 2, 1, 0, 2, 0, 2, 2, 1, 0, 1, 1, 1, 0, 0, 1, 0, 2, 1, 2, 2, 0, 0, 1, 1, 0, 2, 0, 2, 1, 0, 2, 2, 0, 2, 2, 0, 1, 1, 0, 0, 2, 1, 1, 0, 2, 2, 2, 2, 2, 1, 2, 1, 1, 2, 0, 1, 1, 0, 1, 0, 0, 1, 1, 1, 1, 0, 0, 1, 0, 1, 1, 0, 1, 2, 1, 2, 0, 1, 1, 0]|[0, 3, 0, 3, 4, 1, 4, 4, 4, 4, 3, 2, 1, 0, 2, 1, 1, 1, 2, 1, 1, 3, 0, 1, 0, 1, 1, 4, 1, 4, 3, 2, 2, 0, 4, 1, 1, 4, 1, 1, 2, 1, 4, 4, 1, 1, 0, 1, 3, 2, 1, 1, 2, 1, 1, 2, 4, 3, 0, 2, 1, 3, 3, 2, 1, 1, 1, 1, 1, 4, 1, 3, 4, 1, 2, 4, 3, 2, 3, 2, 2, 4, 4, 4, 3, 2, 2, 3, 2, 4, 3, 2, 4, 1, 4, 1, 2, 4, 3, 2]|[0, 2, 0, 0, 3, 0, 1, 3, 1, 0, 2, 0, 1, 0, 1, 0, 0, 0, 1, 0, 0, 2, 0, 0, 1, 0, 0, 3, 0, 1, 0, 2, 0, 0, 3, 0, 1, 1, 0, 0, 0, 0, 1, 3, 0, 0, 1, 0, 2, 0, 0, 0, 0, 0, 1, 0, 1, 0, 1, 1, 0, 2, 0, 0, 0, 0, 0, 0, 0, 2, 0, 0, 1, 0, 0, 1, 0, 0, 3, 0, 0, 1, 2, 2, 0, 0, 0, 3, 0, 1, 0, 0, 1, 0, 3, 0, 0, 1, 0, 0],910.6016522559228,48427.915453382215,107149.35343126023,false
57,G3_TWC,G3_TWC,[31, 22, 42, 15, 26, 58, 95, 82, 77, 12, 47, 5, 93, 78, 98, 54, 85, 63, 18, 44, 20, 35, 43, 97, 91, 76, 10, 30, 21, 45, 71, 64, 1, 23, 17, 83, 24, 61, 60, 49, 6, 57, 94, 88, 65, 56, 79, 40, 67, 68, 46, 75, 0, 9, 19, 32, 81, 41, 27, 62, 87, 90, 99, 59, 53, 16, 72, 73, 70, 39, 37, 84, 3, 92, 25, 74, 28, 38, 51, 7, 11, 14, 86, 48, 89, 66, 50, 96, 33, 80, 8, 4, 34, 36, 55, 52, 13, 2, 69, 29]|[1, 1, 0, 1, 1, 1, 2, 1, 2, 1, 2, 2, 2, 1, 1, 0, 0, 1, 0, 2, 2, 0, 1, 2, 0, 1, 2, 2, 0, 0, 1, 2, 1, 0, 1, 0, 2, 0, 1, 1, 0, 1, 1, 1, 0, 2, 1, 1, 0, 0, 0, 0, 1, 1, 2, 1, 2, 0, 0, 0, 2, 1, 0, 1, 0, 1, 2, 1, 1, 1, 1, 1, 2, 0, 1, 2, 0, 0, 0, 1, 0, 1, 0, 0, 1, 0, 0, 0, 2, 0, 1, 0, 2, 0, 1, 1, 0, 0, 1, 0]|[4, 3, 2, 2, 0, 0, 2, 2, 2, 4, 1, 1, 2, 4, 4, 1, 1, 4, 2, 1, 1, 1, 1, 2, 1, 2, 1, 1, 1, 1, 3, 2, 3, 0, 4, 0, 1, 1, 0, 3, 2, 2, 4, 0, 1, 1, 3, 2, 0, 1, 2, 2, 1, 4, 0, 3, 2, 1, 1, 2, 1, 3, 1, 1, 2, 3, 0, 4, 3, 1, 4, 1, 1, 2, 4, 1, 2, 1, 1, 3, 2, 3, 1, 1, 1, 1, 1, 1, 1, 1, 3, 2, 1, 1, 4, 1, 2, 2, 3, 2]|[0, 2, 1, 1, 3, 3, 0, 1, 0, 0, 0, 0, 1, 0, 1, 0, 0, 3, 1, 0, 0, 0, 3, 1, 0, 2, 0, 0, 0, 1, 0, 0, 0, 0, 3, 0, 1, 0, 0, 2, 1, 1, 2, 0, 0, 0, 0, 1, 1, 0, 0, 0, 1, 3, 0, 0, 1, 0, 0, 1, 0, 2, 0, 1, 1, 2, 1, 0, 0, 1, 1, 3, 0, 1, 3, 0, 1, 0, 0, 2, 1, 0, 0, 0, 1, 0, 0, 0, 0, 0, 2, 1, 0, 1, 3, 1, 0, 0, 0, 0],845.7931659427186,57778.757532044474,86593.12219517957,false
57,G1_CMAX,G1_CMAX,[31, 22, 90, 26, 58, 95, 42, 12, 93, 5, 78, 86, 98, 18, 20, 35, 3, 97, 91, 76, 10, 85, 54, 45, 63, 71, 66, 1, 23, 17, 24, 60, 36, 6, 57, 15, 65, 56, 47, 79, 94, 67, 50, 46, 14, 75, 38, 9, 30, 19, 32, 81, 27, 92, 83, 87, 40, 99, 59, 11, 53, 16, 72, 77, 73, 70, 39, 37, 84, 43, 62, 25, 55, 28, 29, 51, 68, 82, 74, 61, 88, 21, 80, 89, 7, 69, 96, 41, 48, 4, 8, 34, 49, 52, 0, 44, 13, 2, 64, 33]|[1, 1, 1, 1, 0, 2, 1, 1, 2, 2, 2, 1, 0, 1, 2, 2, 1, 2, 0, 1, 2, 2, 2, 0, 0, 1, 2, 1, 2, 1, 2, 1, 1, 0, 1, 1, 0, 2, 2, 1, 1, 0, 0, 0, 0, 1, 1, 1, 1, 2, 1, 2, 2, 0, 0, 2, 1, 0, 0, 2, 0, 1, 2, 2, 1, 1, 1, 1, 1, 1, 0, 1, 1, 0, 0, 0, 0, 0, 2, 1, 1, 0, 0, 1, 1, 1, 2, 2, 0, 1, 1, 2, 0, 1, 0, 0, 0, 0, 2, 2]|[0, 4, 3, 0, 1, 1, 2, 4, 1, 1, 2, 4, 1, 4, 1, 1, 1, 2, 2, 2, 2, 1, 1, 1, 2, 3, 2, 3, 0, 4, 1, 0, 3, 2, 2, 2, 1, 1, 1, 0, 2, 0, 1, 2, 1, 3, 1, 4, 2, 0, 3, 2, 1, 2, 1, 1, 4, 1, 1, 1, 2, 3, 0, 2, 4, 3, 1, 4, 1, 1, 1, 4, 4, 2, 1, 1, 1, 2, 1, 3, 0, 1, 1, 1, 1, 3, 1, 1, 1, 4, 3, 1, 1, 1, 2, 2, 2, 2, 1, 1]|[3, 0, 2, 3, 0, 0, 1, 0, 0, 0, 1, 0, 0, 3, 0, 0, 1, 1, 1, 2, 1, 0, 0, 0, 0, 0, 0, 0, 0, 3, 1, 0, 2, 1, 1, 1, 0, 0, 0, 0, 1, 1, 0, 0, 0, 0, 1, 3, 2, 0, 0, 1, 0, 1, 0, 0, 2, 0, 0, 0, 1, 2, 1, 1, 0, 0, 1, 1, 3, 3, 0, 3, 3, 1, 0, 0, 0, 1, 0, 0, 0, 0, 0, 1, 2, 2, 0, 0, 0, 0, 2, 0, 1, 1, 0, 0, 0, 0, 0, 0],705.0470749739228,58445.79123614564,95781.2895945797,false
57,G4_BALANCED,G4_BALANCED,[31, 11, 15, 82, 26, 9, 95, 32, 77, 68, 47, 5, 93, 78, 86, 54, 85, 63, 18, 44, 20, 49, 36, 14, 74, 50, 53, 17, 21, 45, 71, 64, 3, 23, 30, 83, 24, 41, 60, 52, 65, 27, 90, 70, 39, 87, 48, 69, 99, 4, 46, 1, 13, 58, 97, 59, 28, 75, 73, 37, 35, 79, 22, 66, 76, 42, 40, 80, 96, 6, 16, 61, 33, 7, 57, 34, 12, 67, 10, 98, 56, 88, 29, 81, 91, 2, 84, 43, 92, 19, 51, 55, 89, 8, 72, 25, 38, 94, 62, 0]|[2, 1, 1, 2, 1, 2, 1, 1, 1, 1, 1, 0, 2, 2, 1, 2, 0, 0, 0, 2, 2, 1, 0, 2, 0, 2, 2, 1, 0, 1, 1, 1, 0, 0, 1, 0, 2, 1, 2, 2, 0, 0, 1, 1, 0, 2, 0, 2, 1, 0, 0, 2, 0, 0, 2, 0, 1, 1, 0, 0, 2, 1, 0, 2, 2, 0, 2, 2, 2, 1, 2, 1, 1, 2, 0, 1, 1, 1, 1, 2, 2, 1, 1, 1, 1, 0, 0, 1, 0, 1, 1, 0, 1, 1, 1, 0, 0, 2, 1, 0]|[1, 3, 2, 0, 4, 1, 4, 4, 2, 4, 3, 2, 1, 0, 2, 1, 1, 1, 2, 1, 1, 3, 0, 1, 0, 1, 1, 4, 1, 4, 3, 2, 2, 0, 4, 1, 1, 4, 0, 1, 2, 1, 4, 4, 1, 1, 0, 2, 3, 1, 2, 1, 2, 1, 1, 2, 4, 3, 0, 2, 2, 3, 1, 0, 1, 2, 1, 1, 1, 4, 1, 3, 4, 1, 2, 4, 3, 3, 3, 1, 1, 4, 4, 1, 3, 2, 2, 3, 2, 4, 3, 2, 4, 3, 4, 2, 2, 1, 3, 2]|[1, 0, 1, 0, 3, 0, 1, 3, 0, 0, 2, 0, 1, 0, 1, 0, 0, 0, 1, 0, 0, 2, 0, 0, 1, 0, 0, 3, 0, 1, 0, 2, 0, 1, 3, 0, 1, 1, 1, 0, 0, 0, 1, 3, 0, 0, 1, 0, 2, 0, 0, 0, 0, 0, 1, 0, 1, 0, 1, 1, 0, 2, 0, 0, 0, 0, 0, 0, 0, 2, 0, 0, 1, 0, 0, 1, 0, 0, 3, 0, 0, 1, 2, 1, 0, 0, 0, 3, 0, 3, 0, 0, 1, 0, 2, 0, 0, 0, 0, 0],852.6318006111075,51704.21571925363,106118.4002701428,false
57,G2_TEC,G2_TEC,[31, 94, 82, 15, 26, 9, 95, 42, 77, 68, 47, 5, 93, 78, 86, 54, 85, 63, 18, 44, 20, 49, 36, 14, 74, 50, 53, 17, 21, 28, 11, 64, 3, 23, 30, 83, 24, 41, 40, 52, 65, 27, 90, 70, 39, 87, 48, 69, 99, 4, 98, 1, 13, 56, 97, 59, 45, 8, 73, 37, 35, 79, 71, 75, 76, 16, 60, 80, 58, 6, 67, 61, 33, 7, 57, 34, 12, 32, 10, 46, 96, 88, 43, 81, 91, 2, 84, 29, 92, 19, 51, 55, 89, 66, 25, 22, 38, 72, 62, 0]|[2, 1, 2, 1, 1, 2, 1, 1, 1, 1, 1, 0, 2, 2, 1, 2, 0, 0, 0, 2, 2, 1, 0, 2, 0, 2, 2, 1, 0, 1, 1, 1, 0, 0, 1, 0, 2, 1, 2, 2, 0, 0, 1, 1, 0, 2, 0, 2, 1, 0, 2, 2, 0, 2, 2, 0, 1, 1, 0, 0, 2, 1, 1, 0, 2, 2, 2, 2, 2, 1, 2, 1, 1, 2, 0, 1, 1, 0, 1, 0, 0, 1, 1, 1, 1, 0, 0, 1, 0, 1, 1, 0, 1, 2, 1, 2, 0, 1, 1, 0]|[0, 3, 0, 3, 4, 1, 4, 4, 4, 4, 3, 2, 1, 0, 2, 1, 1, 1, 2, 1, 1, 3, 0, 1, 0, 1, 1, 4, 1, 4, 3, 2, 2, 0, 4, 1, 1, 4, 1, 1, 2, 1, 4, 4, 1, 1, 0, 1, 3, 2, 1, 1, 2, 1, 1, 2, 4, 3, 0, 2, 1, 3, 3, 2, 1, 1, 1, 1, 1, 4, 1, 3, 4, 1, 2, 4, 3, 2, 3, 2, 2, 4, 4, 4, 3, 2, 2, 3, 2, 4, 3, 2, 4, 1, 4, 1, 2, 4, 3, 2]|[0, 2, 0, 0, 3, 0, 1, 3, 1, 0, 2, 0, 1, 0, 1, 0, 0, 0, 1, 0, 0, 2, 0, 0, 1, 0, 0, 3, 0, 1, 0, 2, 0, 0, 3, 0, 1, 1, 0, 0, 0, 0, 1, 3, 0, 0, 1, 0, 2, 0, 0, 0, 0, 0, 1, 0, 1, 0, 1, 1, 0, 2, 0, 0, 0, 0, 0, 0, 0, 2, 0, 0, 1, 0, 0, 1, 0, 0, 3, 0, 0, 1, 2, 2, 0, 0, 0, 3, 0, 1, 0, 0, 1, 0, 3, 0, 0, 1, 0, 0],910.6016522559228,48427.915453382215,107149.35343126023,false
57,G3_TWC,G3_TWC,[31, 22, 42, 15, 26, 58, 95, 82, 77, 12, 47, 5, 93, 78, 98, 54, 85, 63, 18, 44, 20, 35, 43, 97, 91, 76, 10, 30, 21, 45, 71, 64, 1, 23, 17, 83, 24, 61, 60, 49, 6, 57, 94, 88, 65, 56, 79, 40, 67, 68, 46, 75, 0, 9, 19, 32, 81, 41, 27, 62, 87, 90, 99, 59, 53, 16, 72, 73, 70, 39, 37, 84, 3, 92, 25, 74, 28, 38, 51, 7, 11, 14, 86, 48, 89, 66, 50, 96, 33, 80, 8, 4, 34, 36, 55, 52, 13, 2, 69, 29]|[1, 1, 0, 1, 1, 1, 2, 1, 2, 1, 2, 2, 2, 1, 1, 0, 0, 1, 0, 2, 2, 0, 1, 2, 0, 1, 2, 2, 0, 0, 1, 2, 1, 0, 1, 0, 2, 0, 1, 1, 0, 1, 1, 1, 0, 2, 1, 1, 0, 0, 0, 0, 1, 1, 2, 1, 2, 0, 0, 0, 2, 1, 0, 1, 0, 1, 2, 1, 1, 1, 1, 1, 2, 0, 1, 2, 0, 0, 0, 1, 0, 1, 0, 0, 1, 0, 0, 0, 2, 0, 1, 0, 2, 0, 1, 1, 0, 0, 1, 0]|[4, 3, 2, 2, 0, 0, 2, 2, 2, 4, 1, 1, 2, 4, 4, 1, 1, 4, 2, 1, 1, 1, 1, 2, 1, 2, 1, 1, 1, 1, 3, 2, 3, 0, 4, 0, 1, 1, 0, 3, 2, 2, 4, 0, 1, 1, 3, 2, 0, 1, 2, 2, 1, 4, 0, 3, 2, 1, 1, 2, 1, 3, 1, 1, 2, 3, 0, 4, 3, 1, 4, 1, 1, 2, 4, 1, 2, 1, 1, 3, 2, 3, 1, 1, 1, 1, 1, 1, 1, 1, 3, 2, 1, 1, 4, 1, 2, 2, 3, 2]|[0, 2, 1, 1, 3, 3, 0, 1, 0, 0, 0, 0, 1, 0, 1, 0, 0, 3, 1, 0, 0, 0, 3, 1, 0, 2, 0, 0, 0, 1, 0, 0, 0, 0, 3, 0, 1, 0, 0, 2, 1, 1, 2, 0, 0, 0, 0, 1, 1, 0, 0, 0, 1, 3, 0, 0, 1, 0, 0, 1, 0, 2, 0, 1, 1, 2, 1, 0, 0, 1, 1, 3, 0, 1, 3, 0, 1, 0, 0, 2, 1, 0, 0, 0, 1, 0, 0, 0, 0, 0, 2, 1, 0, 1, 3, 1, 0, 0, 0, 0],845.7931659427186,57778.757532044474,86593.12219517957,false
57,G1_CMAX,G1_CMAX,[31, 22, 90, 26, 58, 95, 42, 12, 93, 5, 78, 86, 98, 18, 20, 35, 3, 97, 91, 76, 10, 85, 54, 45, 63, 71, 66, 1, 23, 17, 24, 60, 36, 6, 57, 15, 65, 56, 47, 79, 94, 67, 50, 46, 14, 75, 38, 9, 30, 19, 32, 81, 27, 92, 83, 87, 40, 99, 59, 11, 53, 16, 72, 77, 73, 70, 39, 37, 84, 43, 62, 25, 55, 28, 29, 51, 68, 82, 74, 61, 88, 21, 80, 89, 7, 69, 96, 41, 48, 4, 8, 34, 49, 52, 0, 44, 13, 2, 64, 33]|[1, 1, 1, 1, 0, 2, 1, 1, 2, 2, 2, 1, 0, 1, 2, 2, 1, 2, 0, 1, 2, 2, 2, 0, 0, 1, 2, 1, 2, 1, 2, 1, 1, 0, 1, 1, 0, 2, 2, 1, 1, 0, 0, 0, 0, 1, 1, 1, 1, 2, 1, 2, 2, 0, 0, 2, 1, 0, 0, 2, 0, 1, 2, 2, 1, 1, 1, 1, 1, 1, 0, 1, 1, 0, 0, 0, 0, 0, 2, 1, 1, 0, 0, 1, 1, 1, 2, 2, 0, 1, 1, 2, 0, 1, 0, 0, 0, 0, 2, 2]|[0, 4, 3, 0, 1, 1, 2, 4, 1, 1, 2, 4, 1, 4, 1, 1, 1, 2, 2, 2, 2, 1, 1, 1, 2, 3, 2, 3, 0, 4, 1, 0, 3, 2, 2, 2, 1, 1, 1, 0, 2, 0, 1, 2, 1, 3, 1, 4, 2, 0, 3, 2, 1, 2, 1, 1, 4, 1, 1, 1, 2, 3, 0, 2, 4, 3, 1, 4, 1, 1, 1, 4, 4, 2, 1, 1, 1, 2, 1, 3, 0, 1, 1, 1, 1, 3, 1, 1, 1, 4, 3, 1, 1, 1, 2, 2, 2, 2, 1, 1]|[3, 0, 2, 3, 0, 0, 1, 0, 0, 0, 1, 0, 0, 3, 0, 0, 1, 1, 1, 2, 1, 0, 0, 0, 0, 0, 0, 0, 0, 3, 1, 0, 2, 1, 1, 1, 0, 0, 0, 0, 1, 1, 0, 0, 0, 0, 1, 3, 2, 0, 0, 1, 0, 1, 0, 0, 2, 0, 0, 0, 1, 2, 1, 1, 0, 0, 1, 1, 3, 3, 0, 3, 3, 1, 0, 0, 0, 1, 0, 0, 0, 0, 0, 1, 2, 2, 0, 0, 0, 0, 2, 0, 1, 1, 0, 0, 0, 0, 0, 0],705.0470749739228,58445.79123614564,95781.2895945797,false
57,G4_BALANCED,G2_TEC,[20, 94, 82, 15, 26, 9, 95, 42, 77, 68, 47, 5, 93, 78, 86, 54, 85, 63, 18, 44, 31, 49, 36, 14, 74, 50, 53, 17, 21, 28, 11, 64, 3, 23, 30, 83, 24, 41, 40, 52, 65, 27, 90, 70, 39, 87, 48, 69, 99, 4, 46, 1, 13, 56, 97, 59, 45, 8, 73, 37, 35, 79, 71, 66, 76, 32, 60, 80, 58, 6, 67, 61, 33, 7, 57, 34, 12, 16, 10, 98, 96, 88, 43, 81, 91, 2, 84, 29, 92, 19, 51, 55, 89, 75, 25, 22, 38, 72, 62, 0]|[2, 1, 2, 1, 1, 2, 1, 1, 1, 1, 1, 0, 2, 2, 1, 2, 0, 0, 0, 2, 2, 1, 0, 2, 0, 2, 2, 1, 0, 1, 1, 1, 0, 0, 1, 0, 2, 1, 2, 2, 0, 0, 1, 1, 0, 2, 0, 2, 1, 0, 0, 2, 0, 2, 2, 0, 1, 1, 0, 0, 2, 1, 1, 2, 2, 0, 2, 2, 2, 1, 2, 1, 1, 2, 0, 1, 1, 2, 1, 2, 0, 1, 1, 1, 1, 0, 0, 1, 0, 1, 1, 0, 1, 0, 1, 2, 0, 1, 1, 0]|[0, 3, 0, 3, 4, 1, 4, 4, 4, 4, 3, 2, 1, 0, 2, 1, 1, 1, 2, 1, 1, 3, 0, 1, 0, 1, 1, 4, 1, 4, 3, 2, 2, 0, 4, 1, 1, 4, 1, 1, 2, 1, 4, 4, 1, 1, 0, 1, 3, 2, 2, 1, 2, 1, 1, 2, 4, 3, 0, 2, 1, 3, 3, 1, 1, 2, 1, 1, 1, 4, 1, 3, 4, 1, 2, 4, 3, 1, 3, 1, 2, 4, 4, 4, 3, 2, 2, 3, 2, 4, 3, 2, 4, 2, 4, 1, 2, 4, 3, 2]|[0, 2, 0, 0, 3, 0, 1, 3, 1, 0, 2, 0, 1, 0, 1, 0, 0, 0, 1, 0, 0, 2, 0, 0, 1, 0, 0, 3, 0, 1, 0, 2, 0, 0, 3, 0, 1, 1, 0, 0, 0, 0, 1, 3, 0, 0, 1, 0, 2, 0, 0, 0, 0, 0, 1, 0, 1, 0, 1, 1, 0, 2, 0, 0, 0, 0, 0, 0, 0, 2, 0, 0, 1, 0, 0, 1, 0, 0, 3, 0, 0, 1, 2, 2, 0, 0, 0, 3, 0, 1, 0, 0, 1, 0, 3, 0, 0, 1, 0, 0],910.6016522559228,48511.994766910924,106606.82476478719,true
57,G2_TEC,G2_TEC,[31, 94, 82, 15, 26, 9, 95, 42, 77, 68, 47, 5, 93, 78, 86, 54, 85, 63, 18, 44, 20, 49, 36, 14, 74, 50, 53, 17, 21, 28, 11, 64, 3, 23, 30, 83, 24, 41, 40, 52, 65, 27, 90, 70, 39, 87, 48, 69, 99, 4, 98, 1, 13, 56, 97, 59, 45, 8, 73, 37, 35, 79, 71, 75, 76, 16, 60, 80, 58, 6, 67, 61, 33, 7, 57, 34, 12, 32, 10, 46, 96, 88, 43, 81, 91, 2, 84, 29, 92, 19, 51, 55, 89, 66, 25, 22, 38, 72, 62, 0]|[2, 1, 2, 1, 1, 2, 1, 1, 1, 1, 1, 0, 2, 2, 1, 2, 0, 0, 0, 2, 2, 1, 0, 2, 0, 2, 2, 1, 0, 1, 1, 1, 0, 0, 1, 0, 2, 1, 2, 2, 0, 0, 1, 1, 0, 2, 0, 2, 1, 0, 2, 2, 0, 2, 2, 0, 1, 1, 0, 0, 2, 1, 1, 0, 2, 2, 2, 2, 2, 1, 2, 1, 1, 2, 0, 1, 1, 0, 1, 0, 0, 1, 1, 1, 1, 0, 0, 1, 0, 1, 1, 0, 1, 2, 1, 2, 0, 1, 1, 0]|[0, 3, 0, 3, 4, 1, 4, 4, 4, 4, 3, 2, 1, 0, 2, 1, 1, 1, 2, 1, 1, 3, 0, 1, 0, 1, 1, 4, 1, 4, 3, 2, 2, 0, 4, 1, 1, 4, 1, 1, 2, 1, 4, 4, 1, 1, 0, 1, 3, 2, 1, 1, 2, 1, 1, 2, 4, 3, 0, 2, 1, 3, 3, 2, 1, 1, 1, 1, 1, 4, 1, 3, 4, 1, 2, 4, 3, 2, 3, 2, 2, 4, 4, 4, 3, 2, 2, 3, 2, 4, 3, 2, 4, 1, 4, 1, 2, 4, 3, 2]|[0, 2, 0, 0, 3, 0, 1, 3, 1, 0, 2, 0, 1, 0, 1, 0, 0, 0, 1, 0, 0, 2, 0, 0, 1, 0, 0, 3, 0, 1, 0, 2, 0, 0, 3, 0, 1, 1, 0, 0, 0, 0, 1, 3, 0, 0, 1, 0, 2, 0, 0, 0, 0, 0, 1, 0, 1, 0, 1, 1, 0, 2, 0, 0, 0, 0, 0, 0, 0, 2, 0, 0, 1, 0, 0, 1, 0, 0, 3, 0, 0, 1, 2, 2, 0, 0, 0, 3, 0, 1, 0, 0, 1, 0, 3, 0, 0, 1, 0, 0],910.6016522559228,48427.915453382215,107149.35343126023,false
57,G3_TWC,G3_TWC,[31, 22, 42, 15, 26, 58, 95, 82, 77, 12, 47, 5, 93, 78, 98, 54, 85, 63, 18, 44, 20, 35, 43, 97, 91, 76, 10, 30, 21, 45, 71, 64, 1, 23, 17, 83, 24, 61, 60, 49, 6, 57, 94, 88, 65, 56, 79, 40, 67, 68, 46, 75, 0, 9, 19, 32, 81, 41, 27, 62, 87, 90, 99, 59, 53, 16, 72, 73, 70, 39, 37, 84, 3, 92, 25, 74, 28, 38, 51, 7, 11, 14, 86, 48, 89, 66, 50, 96, 33, 80, 8, 4, 34, 36, 55, 52, 13, 2, 69, 29]|[1, 1, 0, 1, 1, 1, 2, 1, 2, 1, 2, 2, 2, 1, 1, 0, 0, 1, 0, 2, 2, 0, 1, 2, 0, 1, 2, 2, 0, 0, 1, 2, 1, 0, 1, 0, 2, 0, 1, 1, 0, 1, 1, 1, 0, 2, 1, 1, 0, 0, 0, 0, 1, 1, 2, 1, 2, 0, 0, 0, 2, 1, 0, 1, 0, 1, 2, 1, 1, 1, 1, 1, 2, 0, 1, 2, 0, 0, 0, 1, 0, 1, 0, 0, 1, 0, 0, 0, 2, 0, 1, 0, 2, 0, 1, 1, 0, 0, 1, 0]|[4, 3, 2, 2, 0, 0, 2, 2, 2, 4, 1, 1, 2, 4, 4, 1, 1, 4, 2, 1, 1, 1, 1, 2, 1, 2, 1, 1, 1, 1, 3, 2, 3, 0, 4, 0, 1, 1, 0, 3, 2, 2, 4, 0, 1, 1, 3, 2, 0, 1, 2, 2, 1, 4, 0, 3, 2, 1, 1, 2, 1, 3, 1, 1, 2, 3, 0, 4, 3, 1, 4, 1, 1, 2, 4, 1, 2, 1, 1, 3, 2, 3, 1, 1, 1, 1, 1, 1, 1, 1, 3, 2, 1, 1, 4, 1, 2, 2, 3, 2]|[0, 2, 1, 1, 3, 3, 0, 1, 0, 0, 0, 0, 1, 0, 1, 0, 0, 3, 1, 0, 0, 0, 3, 1, 0, 2, 0, 0, 0, 1, 0, 0, 0, 0, 3, 0, 1, 0, 0, 2, 1, 1, 2, 0, 0, 0, 0, 1, 1, 0, 0, 0, 1, 3, 0, 0, 1, 0, 0, 1, 0, 2, 0, 1, 1, 2, 1, 0, 0, 1, 1, 3, 0, 1, 3, 0, 1, 0, 0, 2, 1, 0, 0, 0, 1, 0, 0, 0, 0, 0, 2, 1, 0, 1, 3, 1, 0, 0, 0, 0],845.7931659427186,57778.757532044474,86593.12219517957,false
57,G1_CMAX,G1_CMAX,[31, 22, 90, 26, 58, 95, 42, 12, 93, 5, 78, 86, 98, 18, 20, 35, 3, 97, 91, 76, 10, 85, 54, 45, 63, 71, 66, 1, 23, 17, 24, 60, 36, 6, 57, 15, 65, 56, 47, 79, 94, 67, 50, 46, 14, 75, 38, 9, 30, 19, 32, 81, 27, 92, 83, 87, 40, 99, 59, 11, 53, 16, 72, 77, 73, 70, 39, 37, 84, 43, 62, 25, 55, 28, 29, 51, 68, 82, 74, 61, 88, 21, 80, 89, 7, 69, 96, 41, 48, 4, 8, 34, 49, 52, 0, 44, 13, 2, 64, 33]|[1, 1, 1, 1, 0, 2, 1, 1, 2, 2, 2, 1, 0, 1, 2, 2, 1, 2, 0, 1, 2, 2, 2, 0, 0, 1, 2, 1, 2, 1, 2, 1, 1, 0, 1, 1, 0, 2, 2, 1, 1, 0, 0, 0, 0, 1, 1, 1, 1, 2, 1, 2, 2, 0, 0, 2, 1, 0, 0, 2, 0, 1, 2, 2, 1, 1, 1, 1, 1, 1, 0, 1, 1, 0, 0, 0, 0, 0, 2, 1, 1, 0, 0, 1, 1, 1, 2, 2, 0, 1, 1, 2, 0, 1, 0, 0, 0, 0, 2, 2]|[0, 4, 3, 0, 1, 1, 2, 4, 1, 1, 2, 4, 1, 4, 1, 1, 1, 2, 2, 2, 2, 1, 1, 1, 2, 3, 2, 3, 0, 4, 1, 0, 3, 2, 2, 2, 1, 1, 1, 0, 2, 0, 1, 2, 1, 3, 1, 4, 2, 0, 3, 2, 1, 2, 1, 1, 4, 1, 1, 1, 2, 3, 0, 2, 4, 3, 1, 4, 1, 1, 1, 4, 4, 2, 1, 1, 1, 2, 1, 3, 0, 1, 1, 1, 1, 3, 1, 1, 1, 4, 3, 1, 1, 1, 2, 2, 2, 2, 1, 1]|[3, 0, 2, 3, 0, 0, 1, 0, 0, 0, 1, 0, 0, 3, 0, 0, 1, 1, 1, 2, 1, 0, 0, 0, 0, 0, 0, 0, 0, 3, 1, 0, 2, 1, 1, 1, 0, 0, 0, 0, 1, 1, 0, 0, 0, 0, 1, 3, 2, 0, 0, 1, 0, 1, 0, 0, 2, 0, 0, 0, 1, 2, 1, 1, 0, 0, 1, 1, 3, 3, 0, 3, 3, 1, 0, 0, 0, 1, 0, 0, 0, 0, 0, 1, 2, 2, 0, 0, 0, 0, 2, 0, 1, 1, 0, 0, 0, 0, 0, 0],705.0470749739228,58445.79123614564,95781.2895945797,false
57,G4_BALANCED,G3_TWC,[31, 22, 42, 15, 26, 58, 95, 82, 77, 12, 47, 5, 93, 78, 98, 54, 85, 63, 18, 44, 20, 35, 43, 97, 91, 76, 10, 30, 21, 45, 71, 64, 1, 23, 17, 83, 24, 61, 60, 36, 6, 57, 94, 88, 65, 56, 79, 40, 67, 68, 46, 75, 38, 9, 19, 32, 81, 41, 27, 62, 87, 90, 99, 59, 53, 16, 72, 73, 70, 39, 37, 84, 3, 92, 25, 55, 28, 29, 51, 50, 33, 14, 86, 66, 89, 7, 48, 96, 11, 80, 4, 8, 34, 49, 74, 52, 13, 2, 69, 0]|[1, 1, 0, 1, 1, 1, 2, 1, 2, 1, 2, 2, 2, 1, 1, 0, 0, 1, 0, 2, 2, 0, 1, 2, 0, 1, 2, 2, 0, 0, 1, 2, 1, 0, 1, 0, 2, 1, 1, 1, 0, 1, 1, 1, 0, 2, 1, 1, 0, 0, 0, 0, 1, 1, 2, 1, 2, 0, 0, 0, 2, 1, 0, 1, 0, 1, 2, 1, 1, 1, 1, 1, 2, 0, 1, 1, 0, 0, 0, 0, 2, 1, 0, 2, 1, 1, 0, 2, 2, 0, 1, 1, 2, 0, 2, 1, 0, 0, 1, 0]|[4, 3, 2, 2, 0, 0, 2, 2, 2, 4, 1, 1, 2, 4, 4, 1, 1, 4, 2, 1, 1, 1, 1, 2, 1, 2, 1, 1, 1, 1, 3, 2, 3, 0, 4, 0, 1, 3, 0, 3, 2, 2, 4, 0, 1, 1, 3, 2, 0, 1, 2, 2, 1, 4, 0, 3, 2, 1, 1, 2, 1, 3, 1, 1, 2, 3, 0, 4, 3, 1, 4, 1, 1, 2, 4, 4, 2, 1, 1, 1, 1, 3, 1, 1, 1, 3, 1, 1, 1, 1, 4, 3, 1, 1, 1, 1, 2, 2, 4, 2]|[0, 2, 1, 1, 3, 3, 0, 1, 0, 0, 0, 0, 1, 0, 1, 0, 0, 3, 1, 0, 0, 0, 3, 1, 0, 2, 0, 0, 0, 1, 0, 0, 0, 0, 3, 0, 1, 0, 0, 2, 1, 1, 2, 0, 0, 0, 0, 1, 1, 0, 0, 0, 1, 3, 0, 0, 1, 0, 0, 1, 0, 2, 0, 1, 1, 2, 1, 0, 0, 1, 1, 3, 0, 1, 3, 3, 1, 0, 0, 0, 0, 0, 0, 0, 1, 2, 0, 0, 0, 0, 0, 2, 0, 1, 0, 1, 0, 0, 2, 0],764.4741443273887,57191.32044742371,89643.90689546696,true
57,G2_TEC,G2_TEC,[31, 94, 82, 15, 26, 9, 95, 42, 77, 68, 47, 5, 93, 78, 86, 54, 85, 63, 18, 44, 20, 49, 36, 14, 74, 50, 53, 17, 21, 28, 11, 64, 3, 23, 30, 83, 24, 41, 40, 52, 65, 27, 90, 70, 39, 87, 48, 69, 99, 4, 98, 1, 13, 56, 97, 59, 45, 8, 73, 37, 35, 79, 71, 75, 76, 16, 60, 80, 58, 6, 67, 61, 33, 7, 57, 34, 12, 32, 10, 46, 96, 88, 43, 81, 91, 2, 84, 29, 92, 19, 51, 55, 89, 66, 25, 22, 38, 72, 62, 0]|[2, 1, 2, 1, 1, 2, 1, 1, 1, 1, 1, 0, 2, 2, 1, 2, 0, 0, 0, 2, 2, 1, 0, 2, 0, 2, 2, 1, 0, 1, 1, 1, 0, 0, 1, 0, 2, 1, 2, 2, 0, 0, 1, 1, 0, 2, 0, 2, 1, 0, 2, 2, 0, 2, 2, 0, 1, 1, 0, 0, 2, 1, 1, 0, 2, 2, 2, 2, 2, 1, 2, 1, 1, 2, 0, 1, 1, 0, 1, 0, 0, 1, 1, 1, 1, 0, 0, 1, 0, 1, 1, 0, 1, 2, 1, 2, 0, 1, 1, 0]|[0, 3, 0, 3, 4, 1, 4, 4, 4, 4, 3, 2, 1, 0, 2, 1, 1, 1, 2, 1, 1, 3, 0, 1, 0, 1, 1, 4, 1, 4, 3, 2, 2, 0, 4, 1, 1, 4, 1, 1, 2, 1, 4, 4, 1, 1, 0, 1, 3, 2, 1, 1, 2, 1, 1, 2, 4, 3, 0, 2, 1, 3, 3, 2, 1, 1, 1, 1, 1, 4, 1, 3, 4, 1, 2, 4, 3, 2, 3, 2, 2, 4, 4, 4, 3, 2, 2, 3, 2, 4, 3, 2, 4, 1, 4, 1, 2, 4, 3, 2]|[0, 2, 0, 0, 3, 0, 1, 3, 1, 0, 2, 0, 1, 0, 1, 0, 0, 0, 1, 0, 0, 2, 0, 0, 1, 0, 0, 3, 0, 1, 0, 2, 0, 0, 3, 0, 1, 1, 0, 0, 0, 0, 1, 3, 0, 0, 1, 0, 2, 0, 0, 0, 0, 0, 1, 0, 1, 0, 1, 1, 0, 2, 0, 0, 0, 0, 0, 0, 0, 2, 0, 0, 1, 0, 0, 1, 0, 0, 3, 0, 0, 1, 2, 2, 0, 0, 0, 3, 0, 1, 0, 0, 1, 0, 3, 0, 0, 1, 0, 0],910.6016522559228,48427.915453382215,107149.35343126023,false
57,G3_TWC,G3_TWC,[31, 22, 42, 15, 26, 58, 95, 82, 77, 12, 47, 5, 93, 78, 98, 54, 85, 63, 18, 44, 20, 35, 43, 97, 91, 76, 10, 30, 21, 45, 71, 64, 1, 23, 17, 83, 24, 61, 60, 49, 6, 57, 94, 88, 65, 56, 79, 40, 67, 68, 46, 75, 0, 9, 19, 32, 81, 41, 27, 62, 87, 90, 99, 59, 53, 16, 72, 73, 70, 39, 37, 84, 3, 92, 25, 74, 28, 38, 51, 7, 11, 14, 86, 48, 89, 66, 50, 96, 33, 80, 8, 4, 34, 36, 55, 52, 13, 2, 69, 29]|[1, 1, 0, 1, 1, 1, 2, 1, 2, 1, 2, 2, 2, 1, 1, 0, 0, 1, 0, 2, 2, 0, 1, 2, 0, 1, 2, 2, 0, 0, 1, 2, 1, 0, 1, 0, 2, 0, 1, 1, 0, 1, 1, 1, 0, 2, 1, 1, 0, 0, 0, 0, 1, 1, 2, 1, 2, 0, 0, 0, 2, 1, 0, 1, 0, 1, 2, 1, 1, 1, 1, 1, 2, 0, 1, 2, 0, 0, 0, 1, 0, 1, 0, 0, 1, 0, 0, 0, 2, 0, 1, 0, 2, 0, 1, 1, 0, 0, 1, 0]|[4, 3, 2, 2, 0, 0, 2, 2, 2, 4, 1, 1, 2, 4, 4, 1, 1, 4, 2, 1, 1, 1, 1, 2, 1, 2, 1, 1, 1, 1, 3, 2, 3, 0, 4, 0, 1, 1, 0, 3, 2, 2, 4, 0, 1, 1, 3, 2, 0, 1, 2, 2, 1, 4, 0, 3, 2, 1, 1, 2, 1, 3, 1, 1, 2, 3, 0, 4, 3, 1, 4, 1, 1, 2, 4, 1, 2, 1, 1, 3, 2, 3, 1, 1, 1, 1, 1, 1, 1, 1, 3, 2, 1, 1, 4, 1, 2, 2, 3, 2]|[0, 2, 1, 1, 3, 3, 0, 1, 0, 0, 0, 0, 1, 0, 1, 0, 0, 3, 1, 0, 0, 0, 3, 1, 0, 2, 0, 0, 0, 1, 0, 0, 0, 0, 3, 0, 1, 0, 0, 2, 1, 1, 2, 0, 0, 0, 0, 1, 1, 0, 0, 0, 1, 3, 0, 0, 1, 0, 0, 1, 0, 2, 0, 1, 1, 2, 1, 0, 0, 1, 1, 3, 0, 1, 3, 0, 1, 0, 0, 2, 1, 0, 0, 0, 1, 0, 0, 0, 0, 0, 2, 1, 0, 1, 3, 1, 0, 0, 0, 0],845.7931659427186,57778.757532044474,86593.12219517957,false
57,G1_CMAX,G1_CMAX,[31, 22, 90, 26, 58, 95, 42, 12, 93, 5, 78, 86, 98, 18, 20, 35, 3, 97, 91, 76, 10, 85, 54, 45, 63, 71, 66, 1, 23, 17, 24, 60, 36, 6, 57, 15, 65, 56, 47, 79, 94, 67, 50, 46, 14, 75, 38, 9, 30, 19, 32, 81, 27, 92, 83, 87, 40, 99, 59, 11, 53, 16, 72, 77, 73, 70, 39, 37, 84, 43, 62, 25, 55, 28, 29, 51, 68, 82, 74, 61, 88, 21, 80, 89, 7, 69, 96, 41, 48, 4, 8, 34, 49, 52, 0, 44, 13, 2, 64, 33]|[1, 1, 1, 1, 0, 2, 1, 1, 2, 2, 2, 1, 0, 1, 2, 2, 1, 2, 0, 1, 2, 2, 2, 0, 0, 1, 2, 1, 2, 1, 2, 1, 1, 0, 1, 1, 0, 2, 2, 1, 1, 0, 0, 0, 0, 1, 1, 1, 1, 2, 1, 2, 2, 0, 0, 2, 1, 0, 0, 2, 0, 1, 2, 2, 1, 1, 1, 1, 1, 1, 0, 1, 1, 0, 0, 0, 0, 0, 2, 1, 1, 0, 0, 1, 1, 1, 2, 2, 0, 1, 1, 2, 0, 1, 0, 0, 0, 0, 2, 2]|[0, 4, 3, 0, 1, 1, 2, 4, 1, 1, 2, 4, 1, 4, 1, 1, 1, 2, 2, 2, 2, 1, 1, 1, 2, 3, 2, 3, 0, 4, 1, 0, 3, 2, 2, 2, 1, 1, 1, 0, 2, 0, 1, 2, 1, 3, 1, 4, 2, 0, 3, 2, 1, 2, 1, 1, 4, 1, 1, 1, 2, 3, 0, 2, 4, 3, 1, 4, 1, 1, 1, 4, 4, 2, 1, 1, 1, 2, 1, 3, 0, 1, 1, 1, 1, 3, 1, 1, 1, 4, 3, 1, 1, 1, 2, 2, 2, 2, 1, 1]|[3, 0, 2, 3, 0, 0, 1, 0, 0, 0, 1, 0, 0, 3, 0, 0, 1, 1, 1, 2, 1, 0, 0, 0, 0, 0, 0, 0, 0, 3, 1, 0, 2, 1, 1, 1, 0, 0, 0, 0, 1, 1, 0, 0, 0, 0, 1, 3, 2, 0, 0, 1, 0, 1, 0, 0, 2, 0, 0, 0, 1, 2, 1, 1, 0, 0, 1, 1, 3, 3, 0, 3, 3, 1, 0, 0, 0, 1, 0, 0, 0, 0, 0, 1, 2, 2, 0, 0, 0, 0, 2, 0, 1, 1, 0, 0, 0, 0, 0, 0],705.0470749739228,58445.79123614564,95781.2895945797,false
57,G4_BALANCED,G3_TWC,[31, 22, 42, 15, 26, 58, 95, 82, 77, 12, 47, 5, 93, 78, 98, 54, 85, 63, 18, 44, 20, 35, 43, 97, 91, 76, 10, 30, 21, 45, 71, 64, 1, 23, 17, 83, 24, 61, 60, 36, 6, 57, 94, 88, 65, 56, 79, 40, 67, 68, 46, 75, 38, 9, 19, 32, 81, 41, 27, 62, 87, 90, 99, 59, 53, 16, 72, 73, 70, 39, 37, 84, 3, 92, 25, 55, 28, 29, 51, 50, 33, 14, 86, 66, 89, 7, 48, 96, 11, 80, 4, 8, 34, 49, 74, 52, 13, 2, 69, 0]|[1, 1, 0, 1, 1, 1, 2, 1, 2, 1, 2, 2, 2, 1, 1, 0, 0, 1, 0, 2, 2, 0, 1, 2, 0, 1, 2, 2, 0, 0, 1, 2, 1, 0, 1, 0, 2, 1, 1, 1, 0, 1, 1, 1, 0, 2, 1, 1, 0, 0, 0, 0, 1, 1, 2, 1, 2, 0, 0, 0, 2, 1, 0, 1, 0, 1, 2, 1, 1, 1, 1, 1, 2, 0, 1, 1, 0, 0, 0, 0, 2, 1, 0, 2, 1, 1, 0, 2, 2, 0, 1, 1, 2, 0, 2, 1, 0, 0, 1, 0]|[4, 3, 2, 2, 0, 0, 2, 2, 2, 4, 1, 1, 2, 4, 4, 1, 1, 4, 2, 1, 1, 1, 1, 2, 1, 2, 1, 1, 1, 1, 3, 2, 3, 0, 4, 0, 1, 3, 0, 3, 2, 2, 4, 0, 1, 1, 3, 2, 0, 1, 2, 2, 1, 4, 0, 3, 2, 1, 1, 2, 1, 3, 1, 1, 2, 3, 0, 4, 3, 1, 4, 1, 1, 2, 4, 4, 2, 1, 1, 1, 1, 3, 1, 1, 1, 3, 1, 1, 1, 1, 4, 3, 1, 1, 1, 1, 2, 2, 4, 2]|[0, 2, 1, 1, 3, 3, 0, 1, 0, 0, 0, 0, 1, 0, 1, 0, 0, 3, 1, 0, 0, 0, 3, 1, 0, 2, 0, 0, 0, 1, 0, 0, 0, 0, 3, 0, 1, 0, 0, 2, 1, 1, 2, 0, 0, 0, 0, 1, 1, 0, 0, 0, 1, 3, 0, 0, 1, 0, 0, 1, 0, 2, 0, 1, 1, 2, 1, 0, 0, 1, 1, 3, 0, 1, 3, 3, 1, 0, 0, 0, 0, 0, 0, 0, 1, 2, 0, 0, 0, 0, 0, 2, 0, 1, 0, 1, 0, 0, 2, 0],764.4741443273887,57191.32044742371,89643.90689546696,true
57,G2_TEC,G2_TEC,[31, 94, 82, 15, 26, 9, 95, 42, 77, 68, 47, 5, 93, 78, 86, 54, 85, 63, 18, 44, 20, 49, 36, 14, 74, 50, 53, 17, 21, 28, 11, 64, 3, 23, 30, 83, 24, 41, 40, 52, 65, 27, 90, 70, 39, 87, 48, 69, 99, 4, 98, 1, 13, 56, 97, 59, 45, 8, 73, 37, 35, 79, 71, 75, 76, 16, 60, 80, 58, 6, 67, 61, 33, 7, 57, 34, 12, 32, 10, 46, 96, 88, 43, 81, 91, 2, 84, 29, 92, 19, 51, 55, 89, 66, 25, 22, 38, 72, 62, 0]|[2, 1, 2, 1, 1, 2, 1, 1, 1, 1, 1, 0, 2, 2, 1, 2, 0, 0, 0, 2, 2, 1, 0, 2, 0, 2, 2, 1, 0, 1, 1, 1, 0, 0, 1, 0, 2, 1, 2, 2, 0, 0, 1, 1, 0, 2, 0, 2, 1, 0, 2, 2, 0, 2, 2, 0, 1, 1, 0, 0, 2, 1, 1, 0, 2, 2, 2, 2, 2, 1, 2, 1, 1, 2, 0, 1, 1, 0, 1, 0, 0, 1, 1, 1, 1, 0, 0, 1, 0, 1, 1, 0, 1, 2, 1, 2, 0, 1, 1, 0]|[0, 3, 0, 3, 4, 1, 4, 4, 4, 4, 3, 2, 1, 0, 2, 1, 1, 1, 2, 1, 1, 3, 0, 1, 0, 1, 1, 4, 1, 4, 3, 2, 2, 0, 4, 1, 1, 4, 1, 1, 2, 1, 4, 4, 1, 1, 0, 1, 3, 2, 1, 1, 2, 1, 1, 2, 4, 3, 0, 2, 1, 3, 3, 2, 1, 1, 1, 1, 1, 4, 1, 3, 4, 1, 2, 4, 3, 2, 3, 2, 2, 4, 4, 4, 3, 2, 2, 3, 2, 4, 3, 2, 4, 1, 4, 1, 2, 4, 3, 2]|[0, 2, 0, 0, 3, 0, 1, 3, 1, 0, 2, 0, 1, 0, 1, 0, 0, 0, 1, 0, 0, 2, 0, 0, 1, 0, 0, 3, 0, 1, 0, 2, 0, 0, 3, 0, 1, 1, 0, 0, 0, 0, 1, 3, 0, 0, 1, 0, 2, 0, 0, 0, 0, 0, 1, 0, 1, 0, 1, 1, 0, 2, 0, 0, 0, 0, 0, 0, 0, 2, 0, 0, 1, 0, 0, 1, 0, 0, 3, 0, 0, 1, 2, 2, 0, 0, 0, 3, 0, 1, 0, 0, 1, 0, 3, 0, 0, 1, 0, 0],910.6016522559228,48427.915453382215,107149.35343126023,false
57,G3_TWC,G3_TWC,[31, 22, 42, 15, 26, 58, 95, 82, 77, 12, 47, 5, 93, 78, 98, 54, 85, 63, 18, 44, 20, 35, 43, 97, 91, 76, 10, 30, 21, 45, 71, 64, 1, 23, 17, 83, 24, 61, 60, 49, 6, 57, 94, 88, 65, 56, 79, 40, 67, 68, 46, 75, 0, 9, 19, 32, 81, 41, 27, 62, 87, 90, 99, 59, 53, 16, 72, 73, 70, 39, 37, 84, 3, 92, 25, 74, 28, 38, 51, 7, 11, 14, 86, 48, 89, 66, 50, 96, 33, 80, 8, 4, 34, 36, 55, 52, 13, 2, 69, 29]|[1, 1, 0, 1, 1, 1, 2, 1, 2, 1, 2, 2, 2, 1, 1, 0, 0, 1, 0, 2, 2, 0, 1, 2, 0, 1, 2, 2, 0, 0, 1, 2, 1, 0, 1, 0, 2, 0, 1, 1, 0, 1, 1, 1, 0, 2, 1, 1, 0, 0, 0, 0, 1, 1, 2, 1, 2, 0, 0, 0, 2, 1, 0, 1, 0, 1, 2, 1, 1, 1, 1, 1, 2, 0, 1, 2, 0, 0, 0, 1, 0, 1, 0, 0, 1, 0, 0, 0, 2, 0, 1, 0, 2, 0, 1, 1, 0, 0, 1, 0]|[4, 3, 2, 2, 0, 0, 2, 2, 2, 4, 1, 1, 2, 4, 4, 1, 1, 4, 2, 1, 1, 1, 1, 2, 1, 2, 1, 1, 1, 1, 3, 2, 3, 0, 4, 0, 1, 1, 0, 3, 2, 2, 4, 0, 1, 1, 3, 2, 0, 1, 2, 2, 1, 4, 0, 3, 2, 1, 1, 2, 1, 3, 1, 1, 2, 3, 0, 4, 3, 1, 4, 1, 1, 2, 4, 1, 2, 1, 1, 3, 2, 3, 1, 1, 1, 1, 1, 1, 1, 1, 3, 2, 1, 1, 4, 1, 2, 2, 3, 2]|[0, 2, 1, 1, 3, 3, 0, 1, 0, 0, 0, 0, 1, 0, 1, 0, 0, 3, 1, 0, 0, 0, 3, 1, 0, 2, 0, 0, 0, 1, 0, 0, 0, 0, 3, 0, 1, 0, 0, 2, 1, 1, 2, 0, 0, 0, 0, 1, 1, 0, 0, 0, 1, 3, 0, 0, 1, 0, 0, 1, 0, 2, 0, 1, 1, 2, 1, 0, 0, 1, 1, 3, 0, 1, 3, 0, 1, 0, 0, 2, 1, 0, 0, 0, 1, 0, 0, 0, 0, 0, 2, 1, 0, 1, 3, 1, 0, 0, 0, 0],845.7931659427186,57778.757532044474,86593.12219517957,false
57,G1_CMAX,G1_CMAX,[31, 22, 90, 26, 58, 95, 42, 12, 93, 5, 78, 86, 98, 18, 20, 35, 3, 97, 91, 76, 10, 85, 54, 45, 63, 71, 66, 1, 23, 17, 24, 60, 36, 6, 57, 15, 65, 56, 47, 79, 94, 67, 50, 46, 14, 75, 38, 9, 30, 19, 32, 81, 27, 92, 83, 87, 40, 99, 59, 11, 53, 16, 72, 77, 73, 70, 39, 37, 84, 43, 62, 25, 55, 28, 29, 51, 68, 82, 74, 61, 88, 21, 80, 89, 7, 69, 96, 41, 48, 4, 8, 34, 49, 52, 0, 44, 13, 2, 64, 33]|[1, 1, 1, 1, 0, 2, 1, 1, 2, 2, 2, 1, 0, 1, 2, 2, 1, 2, 0, 1, 2, 2, 2, 0, 0, 1, 2, 1, 2, 1, 2, 1, 1, 0, 1, 1, 0, 2, 2, 1, 1, 0, 0, 0, 0, 1, 1, 1, 1, 2, 1, 2, 2, 0, 0, 2, 1, 0, 0, 2, 0, 1, 2, 2, 1, 1, 1, 1, 1, 1, 0, 1, 1, 0, 0, 0, 0, 0, 2, 1, 1, 0, 0, 1, 1, 1, 2, 2, 0, 1, 1, 2, 0, 1, 0, 0, 0, 0, 2, 2]|[0, 4, 3, 0, 1, 1, 2, 4, 1, 1, 2, 4, 1, 4, 1, 1, 1, 2, 2, 2, 2, 1, 1, 1, 2, 3, 2, 3, 0, 4, 1, 0, 3, 2, 2, 2, 1, 1, 1, 0, 2, 0, 1, 2, 1, 3, 1, 4, 2, 0, 3, 2, 1, 2, 1, 1, 4, 1, 1, 1, 2, 3, 0, 2, 4, 3, 1, 4, 1, 1, 1, 4, 4, 2, 1, 1, 1, 2, 1, 3, 0, 1, 1, 1, 1, 3, 1, 1, 1, 4, 3, 1, 1, 1, 2, 2, 2, 2, 1, 1]|[3, 0, 2, 3, 0, 0, 1, 0, 0, 0, 1, 0, 0, 3, 0, 0, 1, 1, 1, 2, 1, 0, 0, 0, 0, 0, 0, 0, 0, 3, 1, 0, 2, 1, 1, 1, 0, 0, 0, 0, 1, 1, 0, 0, 0, 0, 1, 3, 2, 0, 0, 1, 0, 1, 0, 0, 2, 0, 0, 0, 1, 2, 1, 1, 0, 0, 1, 1, 3, 3, 0, 3, 3, 1, 0, 0, 0, 1, 0, 0, 0, 0, 0, 1, 2, 2, 0, 0, 0, 0, 2, 0, 1, 1, 0, 0, 0, 0, 0, 0],705.0470749739228,58445.79123614564,95781.2895945797,false
57,G4_BALANCED,G4_BALANCED,[31, 22, 82, 15, 26, 9, 95, 42, 77, 68, 47, 5, 93, 78, 86, 54, 85, 63, 18, 44, 20, 49, 36, 14, 74, 50, 53, 17, 21, 28, 71, 64, 3, 23, 30, 83, 24, 41, 60, 52, 65, 27, 90, 70, 39, 87, 48, 69, 99, 4, 46, 1, 13, 58, 97, 59, 11, 8, 73, 37, 35, 79, 33, 66, 76, 32, 40, 80, 96, 6, 16, 61, 45, 7, 57, 34, 12, 67, 10, 98, 56, 88, 29, 75, 91, 38, 19, 92, 43, 84, 51, 72, 81, 25, 2, 55, 0, 94, 89, 62]|[2, 1, 2, 1, 1, 2, 1, 1, 1, 2, 1, 0, 2, 2, 1, 2, 0, 0, 0, 2, 2, 1, 0, 2, 0, 2, 2, 1, 0, 1, 1, 1, 0, 0, 1, 0, 2, 1, 2, 2, 0, 0, 1, 1, 0, 2, 0, 2, 1, 0, 0, 2, 0, 0, 2, 0, 0, 1, 0, 0, 2, 1, 1, 2, 2, 0, 2, 2, 0, 1, 2, 1, 1, 2, 0, 1, 1, 1, 1, 2, 2, 1, 1, 0, 1, 0, 1, 0, 1, 0, 1, 1, 1, 1, 2, 0, 0, 2, 1, 1]|[0, 3, 0, 3, 4, 1, 4, 4, 2, 0, 3, 2, 1, 0, 2, 1, 1, 1, 2, 1, 1, 3, 0, 1, 0, 1, 1, 4, 1, 4, 3, 2, 2, 0, 4, 1, 1, 4, 0, 1, 2, 1, 4, 4, 1, 1, 0, 2, 3, 1, 2, 1, 2, 1, 1, 2, 1, 3, 0, 2, 2, 3, 4, 0, 1, 2, 0, 1, 2, 4, 1, 3, 4, 1, 2, 4, 3, 3, 3, 1, 1, 4, 3, 2, 3, 2, 4, 2, 4, 2, 3, 4, 1, 4, 1, 2, 2, 1, 4, 3]|[0, 2, 0, 0, 3, 0, 1, 3, 0, 0, 2, 0, 1, 0, 1, 0, 0, 0, 1, 0, 0, 2, 0, 0, 1, 0, 0, 3, 0, 1, 0, 2, 0, 1, 3, 0, 1, 3, 1, 0, 0, 0, 1, 3, 0, 0, 1, 0, 2, 0, 0, 0, 0, 0, 1, 0, 0, 0, 1, 1, 0, 2, 1, 0, 0, 0, 0, 0, 0, 2, 0, 0, 1, 0, 0, 1, 0, 0, 3, 0, 0, 1, 0, 0, 0, 0, 3, 0, 2, 0, 0, 2, 1, 3, 0, 0, 0, 0, 1, 0],848.7210464257236,52158.68351753062,106381.76141901733,false
57,G2_TEC,G2_TEC,[31, 94, 82, 15, 26, 9, 95, 42, 77, 68, 47, 5, 93, 78, 86, 54, 85, 63, 18, 44, 20, 49, 36, 14, 74, 50, 53, 17, 21, 28, 11, 64, 3, 23, 30, 83, 24, 41, 40, 52, 65, 27, 90, 70, 39, 87, 48, 69, 99, 4, 98, 1, 13, 56, 97, 59, 45, 8, 73, 37, 35, 79, 71, 75, 76, 16, 60, 80, 58, 6, 67, 61, 33, 7, 57, 34, 12, 32, 10, 46, 96, 88, 43, 81, 91, 2, 84, 29, 92, 19, 51, 55, 89, 66, 25, 22, 38, 72, 62, 0]|[2, 1, 2, 1, 1, 2, 1, 1, 1, 1, 1, 0, 2, 2, 1, 2, 0, 0, 0, 2, 2, 1, 0, 2, 0, 2, 2, 1, 0, 1, 1, 1, 0, 0, 1, 0, 2, 1, 2, 2, 0, 0, 1, 1, 0, 2, 0, 2, 1, 0, 2, 2, 0, 2, 2, 0, 1, 1, 0, 0, 2, 1, 1, 0, 2, 2, 2, 2, 2, 1, 2, 1, 1, 2, 0, 1, 1, 0, 1, 0, 0, 1, 1, 1, 1, 0, 0, 1, 0, 1, 1, 0, 1, 2, 1, 2, 0, 1, 1, 0]|[0, 3, 0, 3, 4, 1, 4, 4, 4, 4, 3, 2, 1, 0, 2, 1, 1, 1, 2, 1, 1, 3, 0, 1, 0, 1, 1, 4, 1, 4, 3, 2, 2, 0, 4, 1, 1, 4, 1, 1, 2, 1, 4, 4, 1, 1, 0, 1, 3, 2, 1, 1, 2, 1, 1, 2, 4, 3, 0, 2, 1, 3, 3, 2, 1, 1, 1, 1, 1, 4, 1, 3, 4, 1, 2, 4, 3, 2, 3, 2, 2, 4, 4, 4, 3, 2, 2, 3, 2, 4, 3, 2, 4, 1, 4, 1, 2, 4, 3, 2]|[0, 2, 0, 0, 3, 0, 1, 3, 1, 0, 2, 0, 1, 0, 1, 0, 0, 0, 1, 0, 0, 2, 0, 0, 1, 0, 0, 3, 0, 1, 0, 2, 0, 0, 3, 0, 1, 1, 0, 0, 0, 0, 1, 3, 0, 0, 1, 0, 2, 0, 0, 0, 0, 0, 1, 0, 1, 0, 1, 1, 0, 2, 0, 0, 0, 0, 0, 0, 0, 2, 0, 0, 1, 0, 0, 1, 0, 0, 3, 0, 0, 1, 2, 2, 0, 0, 0, 3, 0, 1, 0, 0, 1, 0, 3, 0, 0, 1, 0, 0],910.6016522559228,48427.915453382215,107149.35343126023,false
57,G3_TWC,G3_TWC,[31, 22, 42, 15, 26, 58, 95, 82, 77, 12, 47, 5, 93, 78, 98, 54, 85, 63, 18, 44, 20, 35, 43, 97, 91, 76, 10, 30, 21, 45, 71, 64, 1, 23, 17, 83, 24, 61, 60, 49, 6, 57, 94, 88, 65, 56, 79, 40, 67, 68, 46, 75, 0, 9, 19, 32, 81, 41, 27, 62, 87, 90, 99, 59, 53, 16, 72, 73, 70, 39, 37, 84, 3, 92, 25, 74, 28, 38, 51, 7, 11, 14, 86, 48, 89, 66, 50, 96, 33, 80, 8, 4, 34, 36, 55, 52, 13, 2, 69, 29]|[1, 1, 0, 1, 1, 1, 2, 1, 2, 1, 2, 2, 2, 1, 1, 0, 0, 1, 0, 2, 2, 0, 1, 2, 0, 1, 2, 2, 0, 0, 1, 2, 1, 0, 1, 0, 2, 0, 1, 1, 0, 1, 1, 1, 0, 2, 1, 1, 0, 0, 0, 0, 1, 1, 2, 1, 2, 0, 0, 0, 2, 1, 0, 1, 0, 1, 2, 1, 1, 1, 1, 1, 2, 0, 1, 2, 0, 0, 0, 1, 0, 1, 0, 0, 1, 0, 0, 0, 2, 0, 1, 0, 2, 0, 1, 1, 0, 0, 1, 0]|[4, 3, 2, 2, 0, 0, 2, 2, 2, 4, 1, 1, 2, 4, 4, 1, 1, 4, 2, 1, 1, 1, 1, 2, 1, 2, 1, 1, 1, 1, 3, 2, 3, 0, 4, 0, 1, 1, 0, 3, 2, 2, 4, 0, 1, 1, 3, 2, 0, 1, 2, 2, 1, 4, 0, 3, 2, 1, 1, 2, 1, 3, 1, 1, 2, 3, 0, 4, 3, 1, 4, 1, 1, 2, 4, 1, 2, 1, 1, 3, 2, 3, 1, 1, 1, 1, 1, 1, 1, 1, 3, 2, 1, 1, 4, 1, 2, 2, 3, 2]|[0, 2, 1, 1, 3, 3, 0, 1, 0, 0, 0, 0, 1, 0, 1, 0, 0, 3, 1, 0, 0, 0, 3, 1, 0, 2, 0, 0, 0, 1, 0, 0, 0, 0, 3, 0, 1, 0, 0, 2, 1, 1, 2, 0, 0, 0, 0, 1, 1, 0, 0, 0, 1, 3, 0, 0, 1, 0, 0, 1, 0, 2, 0, 1, 1, 2, 1, 0, 0, 1, 1, 3, 0, 1, 3, 0, 1, 0, 0, 2, 1, 0, 0, 0, 1, 0, 0, 0, 0, 0, 2, 1, 0, 1, 3, 1, 0, 0, 0, 0],845.7931659427186,57778.757532044474,86593.12219517957,false
57,G1_CMAX,G1_CMAX,[31, 22, 90, 26, 58, 95, 42, 12, 93, 5, 78, 86, 98, 18, 20, 35, 3, 97, 91, 76, 10, 85, 54, 45, 63, 71, 66, 1, 23, 17, 24, 60, 36, 6, 57, 15, 65, 56, 47, 79, 94, 67, 50, 46, 14, 75, 38, 9, 30, 19, 32, 81, 27, 92, 83, 87, 40, 99, 59, 11, 53, 16, 72, 77, 73, 70, 39, 37, 84, 43, 62, 25, 55, 28, 29, 51, 68, 82, 74, 61, 88, 21, 80, 89, 7, 69, 96, 41, 48, 4, 8, 34, 49, 52, 0, 44, 13, 2, 64, 33]|[1, 1, 1, 1, 0, 2, 1, 1, 2, 2, 2, 1, 0, 1, 2, 2, 1, 2, 0, 1, 2, 2, 2, 0, 0, 1, 2, 1, 2, 1, 2, 1, 1, 0, 1, 1, 0, 2, 2, 1, 1, 0, 0, 0, 0, 1, 1, 1, 1, 2, 1, 2, 2, 0, 0, 2, 1, 0, 0, 2, 0, 1, 2, 2, 1, 1, 1, 1, 1, 1, 0, 1, 1, 0, 0, 0, 0, 0, 2, 1, 1, 0, 0, 1, 1, 1, 2, 2, 0, 1, 1, 2, 0, 1, 0, 0, 0, 0, 2, 2]|[0, 4, 3, 0, 1, 1, 2, 4, 1, 1, 2, 4, 1, 4, 1, 1, 1, 2, 2, 2, 2, 1, 1, 1, 2, 3, 2, 3, 0, 4, 1, 0, 3, 2, 2, 2, 1, 1, 1, 0, 2, 0, 1, 2, 1, 3, 1, 4, 2, 0, 3, 2, 1, 2, 1, 1, 4, 1, 1, 1, 2, 3, 0, 2, 4, 3, 1, 4, 1, 1, 1, 4, 4, 2, 1, 1, 1, 2, 1, 3, 0, 1, 1, 1, 1, 3, 1, 1, 1, 4, 3, 1, 1, 1, 2, 2, 2, 2, 1, 1]|[3, 0, 2, 3, 0, 0, 1, 0, 0, 0, 1, 0, 0, 3, 0, 0, 1, 1, 1, 2, 1, 0, 0, 0, 0, 0, 0, 0, 0, 3, 1, 0, 2, 1, 1, 1, 0, 0, 0, 0, 1, 1, 0, 0, 0, 0, 1, 3, 2, 0, 0, 1, 0, 1, 0, 0, 2, 0, 0, 0, 1, 2, 1, 1, 0, 0, 1, 1, 3, 3, 0, 3, 3, 1, 0, 0, 0, 1, 0, 0, 0, 0, 0, 1, 2, 2, 0, 0, 0, 0, 2, 0, 1, 1, 0, 0, 0, 0, 0, 0],705.0470749739228,58445.79123614564,95781.2895945797,false
57,G4_BALANCED,G3_TWC,[31, 22, 42, 15, 26, 58, 95, 82, 77, 12, 47, 5, 93, 78, 98, 54, 85, 63, 18, 44, 20, 35, 43, 97, 91, 76, 10, 30, 21, 45, 71, 64, 1, 23, 17, 83, 24, 61, 60, 49, 6, 57, 94, 88, 65, 56, 79, 40, 67, 68, 46, 75, 0, 9, 19, 32, 81, 41, 27, 62, 87, 90, 99, 59, 53, 16, 72, 73, 70, 39, 37, 84, 3, 92, 25, 74, 28, 38, 51, 7, 11, 14, 86, 48, 89, 66, 50, 96, 33, 80, 8, 4, 55, 34, 29, 52, 13, 2, 69, 36]|[1, 1, 0, 1, 1, 1, 2, 1, 2, 1, 2, 2, 2, 1, 1, 0, 0, 1, 0, 2, 2, 0, 1, 2, 0, 1, 2, 2, 0, 0, 1, 2, 1, 0, 1, 0, 2, 0, 1, 1, 0, 1, 1, 1, 0, 2, 1, 1, 0, 0, 0, 0, 1, 1, 2, 1, 2, 0, 0, 0, 2, 1, 0, 1, 0, 1, 2, 1, 1, 1, 1, 1, 2, 0, 1, 2, 0, 1, 0, 1, 2, 1, 0, 0, 1, 0, 0, 2, 2, 0, 1, 0, 1, 2, 0, 1, 0, 0, 1, 1]|[4, 3, 2, 2, 0, 0, 2, 2, 2, 4, 1, 1, 2, 4, 4, 1, 1, 4, 2, 1, 1, 1, 1, 2, 1, 2, 1, 1, 1, 1, 3, 2, 3, 0, 4, 0, 1, 1, 0, 3, 2, 2, 4, 0, 1, 1, 3, 2, 0, 1, 2, 2, 1, 4, 0, 3, 2, 1, 1, 2, 1, 3, 1, 1, 2, 3, 0, 4, 3, 1, 4, 1, 1, 2, 4, 1, 2, 1, 1, 3, 1, 3, 1, 1, 1, 1, 1, 1, 1, 1, 3, 2, 4, 1, 1, 1, 2, 2, 3, 3]|[0, 2, 1, 1, 3, 3, 0, 1, 0, 0, 0, 0, 1, 0, 1, 0, 0, 3, 1, 0, 0, 0, 3, 1, 0, 2, 0, 0, 0, 1, 0, 0, 0, 0, 3, 0, 1, 0, 0, 2, 1, 1, 2, 0, 0, 0, 0, 1, 1, 0, 0, 0, 1, 3, 0, 0, 1, 0, 0, 1, 0, 2, 0, 1, 1, 2, 1, 0, 0, 1, 1, 3, 0, 1, 3, 0, 1, 1, 0, 2, 0, 0, 0, 0, 1, 0, 0, 0, 0, 0, 2, 1, 3, 0, 0, 1, 0, 0, 0, 2],762.1259731667303,57386.690649241405,88923.00115156989,true
57,G2_TEC,G2_TEC,[31, 94, 82, 15, 26, 9, 95, 42, 77, 68, 47, 5, 93, 78, 86, 54, 85, 63, 18, 44, 20, 49, 36, 14, 74, 50, 53, 17, 21, 28, 11, 64, 3, 23, 30, 83, 24, 41, 40, 52, 65, 27, 90, 70, 39, 87, 48, 69, 99, 4, 98, 1, 13, 56, 97, 59, 45, 8, 73, 37, 35, 79, 71, 75, 76, 16, 60, 80, 58, 6, 67, 61, 33, 7, 57, 34, 12, 32, 10, 46, 96, 88, 43, 81, 91, 2, 84, 29, 92, 19, 51, 55, 89, 66, 25, 22, 38, 72, 62, 0]|[2, 1, 2, 1, 1, 2, 1, 1, 1, 1, 1, 0, 2, 2, 1, 2, 0, 0, 0, 2, 2, 1, 0, 2, 0, 2, 2, 1, 0, 1, 1, 1, 0, 0, 1, 0, 2, 1, 2, 2, 0, 0, 1, 1, 0, 2, 0, 2, 1, 0, 2, 2, 0, 2, 2, 0, 1, 1, 0, 0, 2, 1, 1, 0, 2, 2, 2, 2, 2, 1, 2, 1, 1, 2, 0, 1, 1, 0, 1, 0, 0, 1, 1, 1, 1, 0, 0, 1, 0, 1, 1, 0, 1, 2, 1, 2, 0, 1, 1, 0]|[0, 3, 0, 3, 4, 1, 4, 4, 4, 4, 3, 2, 1, 0, 2, 1, 1, 1, 2, 1, 1, 3, 0, 1, 0, 1, 1, 4, 1, 4, 3, 2, 2, 0, 4, 1, 1, 4, 1, 1, 2, 1, 4, 4, 1, 1, 0, 1, 3, 2, 1, 1, 2, 1, 1, 2, 4, 3, 0, 2, 1, 3, 3, 2, 1, 1, 1, 1, 1, 4, 1, 3, 4, 1, 2, 4, 3, 2, 3, 2, 2, 4, 4, 4, 3, 2, 2, 3, 2, 4, 3, 2, 4, 1, 4, 1, 2, 4, 3, 2]|[0, 2, 0, 0, 3, 0, 1, 3, 1, 0, 2, 0, 1, 0, 1, 0, 0, 0, 1, 0, 0, 2, 0, 0, 1, 0, 0, 3, 0, 1, 0, 2, 0, 0, 3, 0, 1, 1, 0, 0, 0, 0, 1, 3, 0, 0, 1, 0, 2, 0, 0, 0, 0, 0, 1, 0, 1, 0, 1, 1, 0, 2, 0, 0, 0, 0, 0, 0, 0, 2, 0, 0, 1, 0, 0, 1, 0, 0, 3, 0, 0, 1, 2, 2, 0, 0, 0, 3, 0, 1, 0, 0, 1, 0, 3, 0, 0, 1, 0, 0],910.6016522559228,48427.915453382215,107149.35343126023,false
57,G3_TWC,G3_TWC,[31, 22, 42, 15, 26, 58, 95, 82, 77, 12, 47, 5, 93, 78, 98, 54, 85, 63, 18, 44, 20, 35, 43, 97, 91, 76, 10, 30, 21, 45, 71, 64, 1, 23, 17, 83, 24, 61, 60, 49, 6, 57, 94, 88, 65, 56, 79, 40, 67, 68, 46, 75, 0, 9, 19, 32, 81, 41, 27, 62, 87, 90, 99, 59, 53, 16, 72, 73, 70, 39, 37, 84, 3, 92, 25, 74, 28, 38, 51, 7, 11, 14, 86, 48, 89, 66, 50, 96, 33, 80, 8, 4, 34, 36, 55, 52, 13, 2, 69, 29]|[1, 1, 0, 1, 1, 1, 2, 1, 2, 1, 2, 2, 2, 1, 1, 0, 0, 1, 0, 2, 2, 0, 1, 2, 0, 1, 2, 2, 0, 0, 1, 2, 1, 0, 1, 0, 2, 0, 1, 1, 0, 1, 1, 1, 0, 2, 1, 1, 0, 0, 0, 0, 1, 1, 2, 1, 2, 0, 0, 0, 2, 1, 0, 1, 0, 1, 2, 1, 1, 1, 1, 1, 2, 0, 1, 2, 0, 0, 0, 1, 0, 1, 0, 0, 1, 0, 0, 0, 2, 0, 1, 0, 2, 0, 1, 1, 0, 0, 1, 0]|[4, 3, 2, 2, 0, 0, 2, 2, 2, 4, 1, 1, 2, 4, 4, 1, 1, 4, 2, 1, 1, 1, 1, 2, 1, 2, 1, 1, 1, 1, 3, 2, 3, 0, 4, 0, 1, 1, 0, 3, 2, 2, 4, 0, 1, 1, 3, 2, 0, 1, 2, 2, 1, 4, 0, 3, 2, 1, 1, 2, 1, 3, 1, 1, 2, 3, 0, 4, 3, 1, 4, 1, 1, 2, 4, 1, 2, 1, 1, 3, 2, 3, 1, 1, 1, 1, 1, 1, 1, 1, 3, 2, 1, 1, 4, 1, 2, 2, 3, 2]|[0, 2, 1, 1, 3, 3, 0, 1, 0, 0, 0, 0, 1, 0, 1, 0, 0, 3, 1, 0, 0, 0, 3, 1, 0, 2, 0, 0, 0, 1, 0, 0, 0, 0, 3, 0, 1, 0, 0, 2, 1, 1, 2, 0, 0, 0, 0, 1, 1, 0, 0, 0, 1, 3, 0, 0, 1, 0, 0, 1, 0, 2, 0, 1, 1, 2, 1, 0, 0, 1, 1, 3, 0, 1, 3, 0, 1, 0, 0, 2, 1, 0, 0, 0, 1, 0, 0, 0, 0, 0, 2, 1, 0, 1, 3, 1, 0, 0, 0, 0],845.7931659427186,57778.757532044474,86593.12219517957,false
57,G1_CMAX,G1_CMAX,[31, 22, 90, 26, 58, 95, 42, 12, 93, 5, 78, 86, 98, 18, 20, 35, 3, 97, 91, 76, 10, 85, 54, 45, 63, 71, 66, 1, 23, 17, 24, 60, 36, 6, 57, 15, 65, 56, 47, 79, 94, 67, 50, 46, 14, 75, 38, 9, 30, 19, 32, 81, 27, 92, 83, 87, 40, 99, 59, 11, 53, 16, 72, 77, 73, 70, 39, 37, 84, 43, 62, 25, 55, 28, 29, 51, 68, 82, 74, 61, 88, 21, 80, 89, 7, 69, 96, 41, 48, 4, 8, 34, 49, 52, 0, 44, 13, 2, 64, 33]|[1, 1, 1, 1, 0, 2, 1, 1, 2, 2, 2, 1, 0, 1, 2, 2, 1, 2, 0, 1, 2, 2, 2, 0, 0, 1, 2, 1, 2, 1, 2, 1, 1, 0, 1, 1, 0, 2, 2, 1, 1, 0, 0, 0, 0, 1, 1, 1, 1, 2, 1, 2, 2, 0, 0, 2, 1, 0, 0, 2, 0, 1, 2, 2, 1, 1, 1, 1, 1, 1, 0, 1, 1, 0, 0, 0, 0, 0, 2, 1, 1, 0, 0, 1, 1, 1, 2, 2, 0, 1, 1, 2, 0, 1, 0, 0, 0, 0, 2, 2]|[0, 4, 3, 0, 1, 1, 2, 4, 1, 1, 2, 4, 1, 4, 1, 1, 1, 2, 2, 2, 2, 1, 1, 1, 2, 3, 2, 3, 0, 4, 1, 0, 3, 2, 2, 2, 1, 1, 1, 0, 2, 0, 1, 2, 1, 3, 1, 4, 2, 0, 3, 2, 1, 2, 1, 1, 4, 1, 1, 1, 2, 3, 0, 2, 4, 3, 1, 4, 1, 1, 1, 4, 4, 2, 1, 1, 1, 2, 1, 3, 0, 1, 1, 1, 1, 3, 1, 1, 1, 4, 3, 1, 1, 1, 2, 2, 2, 2, 1, 1]|[3, 0, 2, 3, 0, 0, 1, 0, 0, 0, 1, 0, 0, 3, 0, 0, 1, 1, 1, 2, 1, 0, 0, 0, 0, 0, 0, 0, 0, 3, 1, 0, 2, 1, 1, 1, 0, 0, 0, 0, 1, 1, 0, 0, 0, 0, 1, 3, 2, 0, 0, 1, 0, 1, 0, 0, 2, 0, 0, 0, 1, 2, 1, 1, 0, 0, 1, 1, 3, 3, 0, 3, 3, 1, 0, 0, 0, 1, 0, 0, 0, 0, 0, 1, 2, 2, 0, 0, 0, 0, 2, 0, 1, 1, 0, 0, 0, 0, 0, 0],705.0470749739228,58445.79123614564,95781.2895945797,false
57,G4_BALANCED,G4_BALANCED,[31, 11, 15, 82, 26, 9, 95, 32, 77, 68, 47, 5, 93, 78, 86, 54, 85, 63, 18, 44, 20, 49, 36, 14, 74, 50, 53, 17, 21, 45, 71, 64, 3, 23, 30, 83, 24, 41, 60, 52, 65, 27, 90, 70, 39, 87, 48, 69, 99, 4, 46, 1, 13, 58, 97, 59, 28, 75, 73, 37, 35, 79, 22, 66, 76, 42, 40, 80, 96, 6, 16, 61, 33, 7, 57, 34, 12, 67, 10, 98, 56, 88, 29, 94, 91, 51, 19, 92, 43, 84, 38, 72, 81, 8, 2, 55, 62, 89, 25, 0]|[2, 1, 1, 2, 1, 2, 1, 1, 1, 1, 1, 0, 2, 2, 1, 2, 0, 0, 0, 2, 2, 1, 0, 2, 0, 2, 2, 1, 0, 1, 1, 1, 0, 0, 1, 0, 2, 1, 2, 2, 0, 0, 1, 1, 0, 2, 0, 2, 1, 0, 0, 2, 0, 0, 2, 0, 1, 0, 0, 0, 2, 1, 0, 2, 2, 0, 2, 2, 0, 1, 2, 1, 1, 2, 0, 1, 1, 1, 1, 2, 2, 1, 1, 2, 1, 1, 1, 0, 1, 0, 0, 1, 1, 1, 2, 0, 1, 1, 1, 0]|[1, 3, 2, 0, 4, 1, 4, 4, 2, 4, 3, 2, 1, 0, 2, 1, 1, 1, 2, 1, 1, 3, 0, 1, 0, 1, 1, 4, 1, 4, 3, 2, 2, 0, 4, 1, 1, 4, 0, 1, 2, 1, 4, 4, 1, 1, 0, 2, 3, 1, 2, 1, 2, 1, 1, 2, 4, 2, 0, 2, 2, 3, 1, 0, 1, 2, 0, 1, 2, 4, 1, 3, 4, 1, 2, 4, 3, 3, 3, 1, 1, 4, 3, 1, 3, 3, 4, 2, 4, 2, 2, 4, 1, 3, 1, 2, 3, 4, 4, 2]|[1, 2, 1, 0, 3, 0, 1, 3, 0, 0, 2, 0, 1, 0, 1, 0, 0, 0, 1, 0, 0, 2, 0, 0, 1, 0, 0, 3, 0, 1, 0, 2, 0, 1, 3, 0, 1, 3, 1, 0, 0, 0, 1, 3, 0, 0, 1, 0, 2, 0, 0, 0, 0, 0, 1, 0, 1, 0, 1, 1, 0, 2, 0, 0, 0, 0, 0, 0, 0, 2, 0, 0, 1, 0, 0, 1, 0, 0, 3, 0, 0, 1, 0, 0, 0, 0, 3, 0, 2, 0, 0, 2, 1, 0, 0, 0, 0, 1, 3, 0],836.569815134707,52504.092339752446,107095.57005228325,false
57,G2_TEC,G2_TEC,[31, 94, 82, 15, 26, 9, 95, 42, 77, 68, 47, 5, 93, 78, 86, 54, 85, 63, 18, 44, 20, 49, 36, 14, 74, 50, 53, 17, 21, 28, 11, 64, 3, 23, 30, 83, 24, 41, 40, 52, 65, 27, 90, 70, 39, 87, 48, 69, 99, 4, 98, 1, 13, 56, 97, 59, 45, 8, 73, 37, 35, 79, 71, 75, 76, 16, 60, 80, 58, 6, 67, 61, 33, 7, 57, 34, 12, 32, 10, 46, 96, 88, 43, 81, 91, 2, 84, 29, 92, 19, 51, 55, 89, 66, 25, 22, 38, 72, 62, 0]|[2, 1, 2, 1, 1, 2, 1, 1, 1, 1, 1, 0, 2, 2, 1, 2, 0, 0, 0, 2, 2, 1, 0, 2, 0, 2, 2, 1, 0, 1, 1, 1, 0, 0, 1, 0, 2, 1, 2, 2, 0, 0, 1, 1, 0, 2, 0, 2, 1, 0, 2, 2, 0, 2, 2, 0, 1, 1, 0, 0, 2, 1, 1, 0, 2, 2, 2, 2, 2, 1, 2, 1, 1, 2, 0, 1, 1, 0, 1, 0, 0, 1, 1, 1, 1, 0, 0, 1, 0, 1, 1, 0, 1, 2, 1, 2, 0, 1, 1, 0]|[0, 3, 0, 3, 4, 1, 4, 4, 4, 4, 3, 2, 1, 0, 2, 1, 1, 1, 2, 1, 1, 3, 0, 1, 0, 1, 1, 4, 1, 4, 3, 2, 2, 0, 4, 1, 1, 4, 1, 1, 2, 1, 4, 4, 1, 1, 0, 1, 3, 2, 1, 1, 2, 1, 1, 2, 4, 3, 0, 2, 1, 3, 3, 2, 1, 1, 1, 1, 1, 4, 1, 3, 4, 1, 2, 4, 3, 2, 3, 2, 2, 4, 4, 4, 3, 2, 2, 3, 2, 4, 3, 2, 4, 1, 4, 1, 2, 4, 3, 2]|[0, 2, 0, 0, 3, 0, 1, 3, 1, 0, 2, 0, 1, 0, 1, 0, 0, 0, 1, 0, 0, 2, 0, 0, 1, 0, 0, 3, 0, 1, 0, 2, 0, 0, 3, 0, 1, 1, 0, 0, 0, 0, 1, 3, 0, 0, 1, 0, 2, 0, 0, 0, 0, 0, 1, 0, 1, 0, 1, 1, 0, 2, 0, 0, 0, 0, 0, 0, 0, 2, 0, 0, 1, 0, 0, 1, 0, 0, 3, 0, 0, 1, 2, 2, 0, 0, 0, 3, 0, 1, 0, 0, 1, 0, 3, 0, 0, 1, 0, 0],910.6016522559228,48427.915453382215,107149.35343126023,false
57,G3_TWC,G3_TWC,[31, 22, 42, 15, 26, 58, 95, 82, 77, 12, 47, 5, 93, 78, 98, 54, 85, 63, 18, 44, 20, 35, 43, 97, 91, 76, 10, 30, 21, 45, 71, 64, 1, 23, 17, 83, 24, 61, 60, 49, 6, 57, 94, 88, 65, 56, 79, 40, 67, 68, 46, 75, 0, 9, 19, 32, 81, 41, 27, 62, 87, 90, 99, 59, 53, 16, 72, 73, 70, 39, 37, 84, 3, 92, 25, 74, 28, 38, 51, 7, 11, 14, 86, 48, 89, 66, 50, 96, 33, 80, 8, 4, 34, 36, 55, 52, 13, 2, 69, 29]|[1, 1, 0, 1, 1, 1, 2, 1, 2, 1, 2, 2, 2, 1, 1, 0, 0, 1, 0, 2, 2, 0, 1, 2, 0, 1, 2, 2, 0, 0, 1, 2, 1, 0, 1, 0, 2, 0, 1, 1, 0, 1, 1, 1, 0, 2, 1, 1, 0, 0, 0, 0, 1, 1, 2, 1, 2, 0, 0, 0, 2, 1, 0, 1, 0, 1, 2, 1, 1, 1, 1, 1, 2, 0, 1, 2, 0, 0, 0, 1, 0, 1, 0, 0, 1, 0, 0, 0, 2, 0, 1, 0, 2, 0, 1, 1, 0, 0, 1, 0]|[4, 3, 2, 2, 0, 0, 2, 2, 2, 4, 1, 1, 2, 4, 4, 1, 1, 4, 2, 1, 1, 1, 1, 2, 1, 2, 1, 1, 1, 1, 3, 2, 3, 0, 4, 0, 1, 1, 0, 3, 2, 2, 4, 0, 1, 1, 3, 2, 0, 1, 2, 2, 1, 4, 0, 3, 2, 1, 1, 2, 1, 3, 1, 1, 2, 3, 0, 4, 3, 1, 4, 1, 1, 2, 4, 1, 2, 1, 1, 3, 2, 3, 1, 1, 1, 1, 1, 1, 1, 1, 3, 2, 1, 1, 4, 1, 2, 2, 3, 2]|[0, 2, 1, 1, 3, 3, 0, 1, 0, 0, 0, 0, 1, 0, 1, 0, 0, 3, 1, 0, 0, 0, 3, 1, 0, 2, 0, 0, 0, 1, 0, 0, 0, 0, 3, 0, 1, 0, 0, 2, 1, 1, 2, 0, 0, 0, 0, 1, 1, 0, 0, 0, 1, 3, 0, 0, 1, 0, 0, 1, 0, 2, 0, 1, 1, 2, 1, 0, 0, 1, 1, 3, 0, 1, 3, 0, 1, 0, 0, 2, 1, 0, 0, 0, 1, 0, 0, 0, 0, 0, 2, 1, 0, 1, 3, 1, 0, 0, 0, 0],845.7931659427186,57778.757532044474,86593.12219517957,false
57,G1_CMAX,G1_CMAX,[31, 22, 90, 26, 58, 95, 42, 12, 93, 5, 78, 86, 98, 18, 20, 35, 3, 97, 91, 76, 10, 85, 54, 45, 63, 71, 66, 1, 23, 17, 24, 60, 36, 6, 57, 15, 65, 56, 47, 79, 94, 67, 50, 46, 14, 75, 38, 9, 30, 19, 32, 81, 27, 92, 83, 87, 40, 99, 59, 11, 53, 16, 72, 77, 73, 70, 39, 37, 84, 43, 62, 25, 55, 28, 29, 51, 68, 82, 74, 61, 88, 21, 80, 89, 7, 69, 96, 41, 48, 4, 8, 34, 49, 52, 0, 44, 13, 2, 64, 33]|[1, 1, 1, 1, 0, 2, 1, 1, 2, 2, 2, 1, 0, 1, 2, 2, 1, 2, 0, 1, 2, 2, 2, 0, 0, 1, 2, 1, 2, 1, 2, 1, 1, 0, 1, 1, 0, 2, 2, 1, 1, 0, 0, 0, 0, 1, 1, 1, 1, 2, 1, 2, 2, 0, 0, 2, 1, 0, 0, 2, 0, 1, 2, 2, 1, 1, 1, 1, 1, 1, 0, 1, 1, 0, 0, 0, 0, 0, 2, 1, 1, 0, 0, 1, 1, 1, 2, 2, 0, 1, 1, 2, 0, 1, 0, 0, 0, 0, 2, 2]|[0, 4, 3, 0, 1, 1, 2, 4, 1, 1, 2, 4, 1, 4, 1, 1, 1, 2, 2, 2, 2, 1, 1, 1, 2, 3, 2, 3, 0, 4, 1, 0, 3, 2, 2, 2, 1, 1, 1, 0, 2, 0, 1, 2, 1, 3, 1, 4, 2, 0, 3, 2, 1, 2, 1, 1, 4, 1, 1, 1, 2, 3, 0, 2, 4, 3, 1, 4, 1, 1, 1, 4, 4, 2, 1, 1, 1, 2, 1, 3, 0, 1, 1, 1, 1, 3, 1, 1, 1, 4, 3, 1, 1, 1, 2, 2, 2, 2, 1, 1]|[3, 0, 2, 3, 0, 0, 1, 0, 0, 0, 1, 0, 0, 3, 0, 0, 1, 1, 1, 2, 1, 0, 0, 0, 0, 0, 0, 0, 0, 3, 1, 0, 2, 1, 1, 1, 0, 0, 0, 0, 1, 1, 0, 0, 0, 0, 1, 3, 2, 0, 0, 1, 0, 1, 0, 0, 2, 0, 0, 0, 1, 2, 1, 1, 0, 0, 1, 1, 3, 3, 0, 3, 3, 1, 0, 0, 0, 1, 0, 0, 0, 0, 0, 1, 2, 2, 0, 0, 0, 0, 2, 0, 1, 1, 0, 0, 0, 0, 0, 0],705.0470749739228,58445.79123614564,95781.2895945797,false
57,G4_BALANCED,G4_BALANCED,[31, 11, 15, 82, 26, 9, 95, 32, 77, 68, 47, 5, 93, 78, 86, 54, 85, 63, 18, 44, 20, 49, 36, 14, 74, 50, 53, 17, 21, 45, 71, 64, 3, 23, 30, 83, 24, 41, 60, 52, 51, 27, 90, 70, 39, 87, 48, 69, 99, 4, 46, 1, 13, 58, 97, 59, 28, 8, 73, 37, 35, 79, 22, 66, 76, 42, 40, 80, 96, 6, 16, 61, 33, 7, 57, 34, 12, 67, 10, 98, 56, 88, 29, 25, 91, 38, 19, 92, 43, 84, 65, 72, 81, 75, 2, 55, 62, 89, 94, 0]|[2, 1, 1, 2, 1, 2, 1, 1, 1, 1, 1, 0, 2, 2, 1, 2, 0, 0, 0, 2, 2, 1, 0, 2, 0, 2, 2, 1, 0, 1, 1, 1, 0, 0, 1, 0, 2, 1, 2, 2, 0, 0, 1, 1, 0, 2, 0, 2, 1, 0, 0, 2, 0, 0, 2, 0, 1, 1, 0, 0, 2, 1, 1, 2, 2, 0, 2, 2, 0, 1, 2, 1, 1, 2, 0, 1, 2, 1, 1, 2, 2, 1, 1, 1, 1, 0, 1, 0, 1, 0, 1, 1, 1, 0, 2, 0, 1, 1, 2, 0]|[1, 3, 2, 0, 4, 1, 4, 4, 2, 4, 3, 2, 1, 0, 2, 1, 1, 1, 2, 1, 1, 3, 0, 1, 0, 1, 1, 4, 1, 4, 3, 2, 2, 0, 4, 1, 1, 4, 0, 1, 2, 1, 4, 4, 1, 1, 0, 2, 3, 1, 2, 1, 2, 1, 1, 2, 4, 3, 0, 2, 2, 3, 3, 0, 1, 2, 0, 1, 2, 4, 1, 3, 4, 1, 2, 4, 1, 3, 3, 1, 1, 4, 3, 4, 3, 2, 4, 2, 4, 2, 3, 4, 1, 2, 1, 2, 3, 4, 1, 2]|[1, 2, 1, 0, 3, 0, 1, 3, 0, 0, 2, 0, 1, 0, 1, 0, 0, 0, 1, 0, 0, 2, 0, 0, 1, 0, 0, 3, 0, 1, 0, 2, 0, 1, 3, 0, 1, 3, 1, 0, 0, 0, 1, 3, 0, 0, 1, 0, 2, 0, 0, 0, 0, 0, 1, 0, 1, 0, 1, 1, 0, 2, 2, 0, 0, 0, 1, 0, 0, 2, 0, 0, 1, 0, 0, 1, 0, 0, 3, 0, 0, 1, 0, 3, 0, 0, 1, 0, 2, 0, 0, 2, 1, 0, 0, 0, 0, 1, 0, 0],850.9632869082183,52431.02217786142,105346.60403335126,false
57,G2_TEC,G2_TEC,[31, 94, 82, 15, 26, 9, 95, 42, 77, 68, 47, 5, 93, 78, 86, 54, 85, 63, 18, 44, 20, 49, 36, 14, 74, 50, 53, 17, 21, 28, 11, 64, 3, 23, 30, 83, 24, 41, 40, 52, 65, 27, 90, 70, 39, 87, 48, 69, 99, 4, 98, 1, 13, 56, 97, 59, 45, 8, 73, 37, 35, 79, 71, 75, 76, 16, 60, 80, 58, 6, 67, 61, 33, 7, 57, 34, 12, 32, 10, 46, 96, 88, 43, 81, 91, 2, 84, 29, 92, 19, 51, 55, 89, 66, 25, 22, 38, 72, 62, 0]|[2, 1, 2, 1, 1, 2, 1, 1, 1, 1, 1, 0, 2, 2, 1, 2, 0, 0, 0, 2, 2, 1, 0, 2, 0, 2, 2, 1, 0, 1, 1, 1, 0, 0, 1, 0, 2, 1, 2, 2, 0, 0, 1, 1, 0, 2, 0, 2, 1, 0, 2, 2, 0, 2, 2, 0, 1, 1, 0, 0, 2, 1, 1, 0, 2, 2, 2, 2, 2, 1, 2, 1, 1, 2, 0, 1, 1, 0, 1, 0, 0, 1, 1, 1, 1, 0, 0, 1, 0, 1, 1, 0, 1, 2, 1, 2, 0, 1, 1, 0]|[0, 3, 0, 3, 4, 1, 4, 4, 4, 4, 3, 2, 1, 0, 2, 1, 1, 1, 2, 1, 1, 3, 0, 1, 0, 1, 1, 4, 1, 4, 3, 2, 2, 0, 4, 1, 1, 4, 1, 1, 2, 1, 4, 4, 1, 1, 0, 1, 3, 2, 1, 1, 2, 1, 1, 2, 4, 3, 0, 2, 1, 3, 3, 2, 1, 1, 1, 1, 1, 4, 1, 3, 4, 1, 2, 4, 3, 2, 3, 2, 2, 4, 4, 4, 3, 2, 2, 3, 2, 4, 3, 2, 4, 1, 4, 1, 2, 4, 3, 2]|[0, 2, 0, 0, 3, 0, 1, 3, 1, 0, 2, 0, 1, 0, 1, 0, 0, 0, 1, 0, 0, 2, 0, 0, 1, 0, 0, 3, 0, 1, 0, 2, 0, 0, 3, 0, 1, 1, 0, 0, 0, 0, 1, 3, 0, 0, 1, 0, 2, 0, 0, 0, 0, 0, 1, 0, 1, 0, 1, 1, 0, 2, 0, 0, 0, 0, 0, 0, 0, 2, 0, 0, 1, 0, 0, 1, 0, 0, 3, 0, 0, 1, 2, 2, 0, 0, 0, 3, 0, 1, 0, 0, 1, 0, 3, 0, 0, 1, 0, 0],910.6016522559228,48427.915453382215,107149.35343126023,false
57,G3_TWC,G3_TWC,[31, 22, 42, 15, 26, 58, 95, 82, 77, 12, 47, 5, 93, 78, 98, 54, 85, 63, 18, 44, 20, 35, 43, 97, 91, 76, 10, 30, 21, 45, 71, 64, 1, 23, 17, 83, 24, 61, 60, 49, 6, 57, 94, 88, 65, 56, 79, 40, 67, 68, 46, 75, 0, 9, 19, 32, 81, 41, 27, 62, 87, 90, 99, 59, 53, 16, 72, 73, 70, 39, 37, 84, 3, 92, 25, 74, 28, 38, 51, 7, 11, 14, 86, 48, 89, 66, 50, 96, 33, 80, 8, 4, 34, 36, 55, 52, 13, 2, 69, 29]|[1, 1, 0, 1, 1, 1, 2, 1, 2, 1, 2, 2, 2, 1, 1, 0, 0, 1, 0, 2, 2, 0, 1, 2, 0, 1, 2, 2, 0, 0, 1, 2, 1, 0, 1, 0, 2, 0, 1, 1, 0, 1, 1, 1, 0, 2, 1, 1, 0, 0, 0, 0, 1, 1, 2, 1, 2, 0, 0, 0, 2, 1, 0, 1, 0, 1, 2, 1, 1, 1, 1, 1, 2, 0, 1, 2, 0, 0, 0, 1, 0, 1, 0, 0, 1, 0, 0, 0, 2, 0, 1, 0, 2, 0, 1, 1, 0, 0, 1, 0]|[4, 3, 2, 2, 0, 0, 2, 2, 2, 4, 1, 1, 2, 4, 4, 1, 1, 4, 2, 1, 1, 1, 1, 2, 1, 2, 1, 1, 1, 1, 3, 2, 3, 0, 4, 0, 1, 1, 0, 3, 2, 2, 4, 0, 1, 1, 3, 2, 0, 1, 2, 2, 1, 4, 0, 3, 2, 1, 1, 2, 1, 3, 1, 1, 2, 3, 0, 4, 3, 1, 4, 1, 1, 2, 4, 1, 2, 1, 1, 3, 2, 3, 1, 1, 1, 1, 1, 1, 1, 1, 3, 2, 1, 1, 4, 1, 2, 2, 3, 2]|[0, 2, 1, 1, 3, 3, 0, 1, 0, 0, 0, 0, 1, 0, 1, 0, 0, 3, 1, 0, 0, 0, 3, 1, 0, 2, 0, 0, 0, 1, 0, 0, 0, 0, 3, 0, 1, 0, 0, 2, 1, 1, 2, 0, 0, 0, 0, 1, 1, 0, 0, 0, 1, 3, 0, 0, 1, 0, 0, 1, 0, 2, 0, 1, 1, 2, 1, 0, 0, 1, 1, 3, 0, 1, 3, 0, 1, 0, 0, 2, 1, 0, 0, 0, 1, 0, 0, 0, 0, 0, 2, 1, 0, 1, 3, 1, 0, 0, 0, 0],845.7931659427186,57778.757532044474,86593.12219517957,false
57,G1_CMAX,G4_BALANCED,[31, 22, 82, 15, 26, 9, 95, 42, 77, 68, 47, 5, 93, 78, 86, 54, 85, 63, 18, 44, 20, 49, 36, 14, 74, 50, 53, 17, 21, 28, 11, 64, 3, 23, 30, 58, 24, 41, 40, 52, 65, 27, 90, 70, 39, 87, 48, 69, 99, 4, 75, 1, 13, 83, 97, 59, 45, 8, 73, 37, 35, 79, 71, 66, 76, 32, 60, 80, 56, 6, 67, 61, 33, 7, 57, 34, 12, 16, 10, 94, 96, 88, 43, 81, 91, 2, 84, 29, 92, 19, 89, 51, 55, 98, 72, 25, 38, 46, 62, 0]|[2, 1, 2, 1, 1, 2, 1, 1, 1, 1, 1, 0, 2, 2, 1, 2, 0, 0, 0, 2, 2, 1, 0, 2, 0, 2, 2, 1, 0, 1, 1, 1, 0, 0, 1, 0, 2, 1, 2, 2, 0, 0, 1, 1, 0, 2, 0, 2, 1, 0, 2, 2, 0, 2, 2, 0, 1, 1, 0, 0, 2, 1, 1, 2, 2, 0, 2, 2, 2, 1, 2, 1, 1, 2, 0, 1, 1, 2, 1, 2, 0, 1, 1, 1, 1, 0, 0, 1, 0, 1, 1, 1, 0, 0, 1, 1, 0, 0, 1, 0]|[0, 3, 0, 3, 4, 1, 4, 4, 4, 4, 3, 2, 1, 0, 2, 1, 1, 1, 2, 1, 1, 3, 0, 1, 0, 1, 1, 4, 1, 4, 3, 2, 2, 0, 4, 1, 1, 4, 1, 1, 2, 1, 4, 4, 1, 1, 0, 1, 3, 2, 1, 1, 2, 1, 1, 2, 4, 3, 0, 2, 2, 3, 3, 1, 1, 2, 1, 1, 1, 4, 1, 3, 4, 1, 2, 4, 3, 1, 3, 1, 2, 4, 4, 4, 3, 2, 2, 3, 2, 4, 4, 3, 2, 2, 4, 4, 2, 2, 3, 2]|[0, 2, 0, 0, 3, 0, 1, 3, 1, 0, 2, 0, 1, 0, 1, 0, 0, 0, 1, 0, 0, 2, 0, 0, 1, 0, 0, 3, 0, 1, 0, 2, 0, 0, 3, 0, 1, 1, 0, 0, 0, 0, 1, 3, 0, 0, 1, 0, 2, 0, 0, 0, 0, 0, 1, 0, 1, 0, 1, 1, 0, 2, 0, 0, 0, 0, 0, 0, 0, 2, 0, 0, 1, 0, 0, 1, 0, 0, 3, 0, 0, 1, 2, 2, 0, 0, 0, 3, 0, 1, 1, 0, 0, 0, 1, 3, 0, 0, 0, 0],898.7668367695951,48526.58601875675,106929.88735055717,true
57,G4_BALANCED,G4_BALANCED,[20, 94, 82, 15, 26, 9, 95, 42, 77, 68, 47, 5, 93, 78, 86, 54, 85, 63, 18, 44, 31, 49, 36, 14, 74, 50, 53, 17, 21, 28, 11, 64, 3, 23, 30, 83, 24, 41, 40, 52, 65, 27, 90, 70, 39, 87, 48, 69, 99, 4, 46, 1, 13, 56, 97, 59, 45, 8, 73, 37, 35, 79, 71, 66, 76, 16, 60, 80, 58, 6, 67, 61, 33, 7, 57, 34, 12, 10, 32, 98, 96, 88, 43, 81, 91, 2, 84, 29, 92, 19, 51, 55, 89, 22, 72, 25, 38, 75, 62, 0]|[2, 1, 2, 1, 1, 2, 1, 1, 1, 1, 1, 0, 2, 2, 1, 2, 0, 0, 0, 2, 2, 1, 0, 2, 0, 2, 2, 1, 0, 1, 1, 1, 0, 0, 1, 0, 2, 1, 2, 2, 0, 0, 1, 1, 0, 2, 0, 2, 1, 0, 0, 2, 0, 2, 2, 0, 1, 1, 0, 0, 2, 1, 1, 2, 2, 2, 2, 2, 2, 1, 2, 1, 1, 2, 0, 1, 1, 1, 0, 0, 0, 1, 1, 1, 1, 0, 0, 1, 0, 1, 1, 0, 1, 2, 1, 1, 0, 2, 1, 0]|[0, 3, 0, 3, 4, 1, 4, 4, 4, 4, 3, 2, 1, 0, 2, 1, 1, 1, 2, 1, 1, 3, 0, 1, 0, 1, 1, 4, 1, 4, 3, 2, 2, 0, 4, 1, 1, 4, 1, 1, 2, 1, 4, 4, 1, 1, 0, 1, 3, 2, 2, 1, 2, 1, 1, 2, 4, 3, 0, 2, 1, 3, 3, 1, 1, 1, 1, 1, 1, 4, 1, 3, 4, 1, 2, 4, 3, 3, 2, 2, 2, 4, 4, 4, 3, 2, 2, 3, 2, 4, 3, 2, 4, 1, 4, 4, 2, 1, 3, 2]|[0, 2, 0, 0, 3, 0, 1, 3, 1, 0, 2, 0, 1, 0, 1, 0, 0, 0, 1, 0, 0, 2, 0, 0, 1, 0, 0, 3, 0, 1, 0, 2, 0, 0, 3, 0, 1, 1, 0, 0, 0, 0, 1, 3, 0, 0, 1, 0, 2, 0, 0, 0, 0, 0, 1, 0, 1, 0, 1, 1, 0, 2, 0, 0, 0, 0, 0, 0, 0, 2, 0, 0, 1, 0, 0, 1, 0, 3, 0, 0, 0, 1, 2, 2, 0, 0, 0, 3, 0, 1, 0, 0, 1, 0, 1, 3, 0, 0, 0, 0],904.4638574556285,48626.747966451934,106418.03837132154,false
57,G2_TEC,G2_TEC,[31, 94, 82, 15, 26, 9, 95, 42, 77, 68, 47, 5, 93, 78, 86, 54, 85, 63, 18, 44, 20, 49, 36, 14, 74, 50, 53, 17, 21, 28, 11, 64, 3, 23, 30, 83, 24, 41, 40, 52, 65, 27, 90, 70, 39, 87, 48, 69, 99, 4, 98, 1, 13, 56, 97, 59, 45, 8, 73, 37, 35, 79, 71, 75, 76, 16, 60, 80, 58, 6, 67, 61, 33, 7, 57, 34, 12, 32, 10, 46, 96, 88, 43, 81, 91, 2, 84, 29, 92, 19, 51, 55, 89, 66, 25, 22, 38, 72, 62, 0]|[2, 1, 2, 1, 1, 2, 1, 1, 1, 1, 1, 0, 2, 2, 1, 2, 0, 0, 0, 2, 2, 1, 0, 2, 0, 2, 2, 1, 0, 1, 1, 1, 0, 0, 1, 0, 2, 1, 2, 2, 0, 0, 1, 1, 0, 2, 0, 2, 1, 0, 2, 2, 0, 2, 2, 0, 1, 1, 0, 0, 2, 1, 1, 0, 2, 2, 2, 2, 2, 1, 2, 1, 1, 2, 0, 1, 1, 0, 1, 0, 0, 1, 1, 1, 1, 0, 0, 1, 0, 1, 1, 0, 1, 2, 1, 2, 0, 1, 1, 0]|[0, 3, 0, 3, 4, 1, 4, 4, 4, 4, 3, 2, 1, 0, 2, 1, 1, 1, 2, 1, 1, 3, 0, 1, 0, 1, 1, 4, 1, 4, 3, 2, 2, 0, 4, 1, 1, 4, 1, 1, 2, 1, 4, 4, 1, 1, 0, 1, 3, 2, 1, 1, 2, 1, 1, 2, 4, 3, 0, 2, 1, 3, 3, 2, 1, 1, 1, 1, 1, 4, 1, 3, 4, 1, 2, 4, 3, 2, 3, 2, 2, 4, 4, 4, 3, 2, 2, 3, 2, 4, 3, 2, 4, 1, 4, 1, 2, 4, 3, 2]|[0, 2, 0, 0, 3, 0, 1, 3, 1, 0, 2, 0, 1, 0, 1, 0, 0, 0, 1, 0, 0, 2, 0, 0, 1, 0, 0, 3, 0, 1, 0, 2, 0, 0, 3, 0, 1, 1, 0, 0, 0, 0, 1, 3, 0, 0, 1, 0, 2, 0, 0, 0, 0, 0, 1, 0, 1, 0, 1, 1, 0, 2, 0, 0, 0, 0, 0, 0, 0, 2, 0, 0, 1, 0, 0, 1, 0, 0, 3, 0, 0, 1, 2, 2, 0, 0, 0, 3, 0, 1, 0, 0, 1, 0, 3, 0, 0, 1, 0, 0],910.6016522559228,48427.915453382215,107149.35343126023,false
57,G3_TWC,G3_TWC,[31, 22, 42, 15, 26, 58, 95, 82, 77, 12, 47, 5, 93, 78, 98, 54, 85, 63, 18, 44, 20, 35, 43, 97, 91, 76, 10, 30, 21, 45, 71, 64, 1, 23, 17, 83, 24, 61, 60, 49, 6, 57, 94, 88, 65, 56, 79, 40, 67, 68, 46, 75, 0, 9, 19, 32, 81, 41, 27, 62, 87, 90, 99, 59, 53, 16, 72, 73, 70, 39, 37, 84, 3, 92, 25, 74, 28, 38, 51, 7, 11, 14, 86, 48, 89, 66, 50, 96, 33, 80, 8, 4, 34, 36, 55, 52, 13, 2, 69, 29]|[1, 1, 0, 1, 1, 1, 2, 1, 2, 1, 2, 2, 2, 1, 1, 0, 0, 1, 0, 2, 2, 0, 1, 2, 0, 1, 2, 2, 0, 0, 1, 2, 1, 0, 1, 0, 2, 0, 1, 1, 0, 1, 1, 1, 0, 2, 1, 1, 0, 0, 0, 0, 1, 1, 2, 1, 2, 0, 0, 0, 2, 1, 0, 1, 0, 1, 2, 1, 1, 1, 1, 1, 2, 0, 1, 2, 0, 0, 0, 1, 0, 1, 0, 0, 1, 0, 0, 0, 2, 0, 1, 0, 2, 0, 1, 1, 0, 0, 1, 0]|[4, 3, 2, 2, 0, 0, 2, 2, 2, 4, 1, 1, 2, 4, 4, 1, 1, 4, 2, 1, 1, 1, 1, 2, 1, 2, 1, 1, 1, 1, 3, 2, 3, 0, 4, 0, 1, 1, 0, 3, 2, 2, 4, 0, 1, 1, 3, 2, 0, 1, 2, 2, 1, 4, 0, 3, 2, 1, 1, 2, 1, 3, 1, 1, 2, 3, 0, 4, 3, 1, 4, 1, 1, 2, 4, 1, 2, 1, 1, 3, 2, 3, 1, 1, 1, 1, 1, 1, 1, 1, 3, 2, 1, 1, 4, 1, 2, 2, 3, 2]|[0, 2, 1, 1, 3, 3, 0, 1, 0, 0, 0, 0, 1, 0, 1, 0, 0, 3, 1, 0, 0, 0, 3, 1, 0, 2, 0, 0, 0, 1, 0, 0, 0, 0, 3, 0, 1, 0, 0, 2, 1, 1, 2, 0, 0, 0, 0, 1, 1, 0, 0, 0, 1, 3, 0, 0, 1, 0, 0, 1, 0, 2, 0, 1, 1, 2, 1, 0, 0, 1, 1, 3, 0, 1, 3, 0, 1, 0, 0, 2, 1, 0, 0, 0, 1, 0, 0, 0, 0, 0, 2, 1, 0, 1, 3, 1, 0, 0, 0, 0],845.7931659427186,57778.757532044474,86593.12219517957,false
57,G1_CMAX,G1_CMAX,[31, 22, 90, 26, 58, 95, 42, 12, 93, 5, 78, 86, 98, 18, 20, 35, 3, 97, 91, 76, 10, 85, 54, 45, 63, 71, 66, 1, 23, 17, 24, 60, 36, 6, 57, 15, 65, 56, 47, 79, 94, 67, 50, 46, 14, 75, 38, 9, 30, 19, 32, 81, 27, 92, 83, 87, 40, 99, 59, 11, 53, 16, 72, 77, 73, 70, 39, 37, 84, 43, 62, 25, 55, 28, 29, 51, 68, 82, 74, 61, 88, 21, 80, 89, 7, 69, 96, 41, 48, 4, 8, 34, 49, 52, 0, 44, 13, 2, 64, 33]|[1, 1, 1, 1, 0, 2, 1, 1, 2, 2, 2, 1, 0, 1, 2, 2, 1, 2, 0, 1, 2, 2, 2, 0, 0, 1, 2, 1, 2, 1, 2, 1, 1, 0, 1, 1, 0, 2, 2, 1, 1, 0, 0, 0, 0, 1, 1, 1, 1, 2, 1, 2, 2, 0, 0, 2, 1, 0, 0, 2, 0, 1, 2, 2, 1, 1, 1, 1, 1, 1, 0, 1, 1, 0, 0, 0, 0, 0, 2, 1, 1, 0, 0, 1, 1, 1, 2, 2, 0, 1, 1, 2, 0, 1, 0, 0, 0, 0, 2, 2]|[0, 4, 3, 0, 1, 1, 2, 4, 1, 1, 2, 4, 1, 4, 1, 1, 1, 2, 2, 2, 2, 1, 1, 1, 2, 3, 2, 3, 0, 4, 1, 0, 3, 2, 2, 2, 1, 1, 1, 0, 2, 0, 1, 2, 1, 3, 1, 4, 2, 0, 3, 2, 1, 2, 1, 1, 4, 1, 1, 1, 2, 3, 0, 2, 4, 3, 1, 4, 1, 1, 1, 4, 4, 2, 1, 1, 1, 2, 1, 3, 0, 1, 1, 1, 1, 3, 1, 1, 1, 4, 3, 1, 1, 1, 2, 2, 2, 2, 1, 1]|[3, 0, 2, 3, 0, 0, 1, 0, 0, 0, 1, 0, 0, 3, 0, 0, 1, 1, 1, 2, 1, 0, 0, 0, 0, 0, 0, 0, 0, 3, 1, 0, 2, 1, 1, 1, 0, 0, 0, 0, 1, 1, 0, 0, 0, 0, 1, 3, 2, 0, 0, 1, 0, 1, 0, 0, 2, 0, 0, 0, 1, 2, 1, 1, 0, 0, 1, 1, 3, 3, 0, 3, 3, 1, 0, 0, 0, 1, 0, 0, 0, 0, 0, 1, 2, 2, 0, 0, 0, 0, 2, 0, 1, 1, 0, 0, 0, 0, 0, 0],705.0470749739228,58445.79123614564,95781.2895945797,false
57,G4_BALANCED,G4_BALANCED,[20, 94, 82, 15, 26, 9, 95, 42, 77, 68, 47, 5, 93, 78, 86, 54, 85, 63, 18, 44, 31, 49, 36, 14, 74, 50, 53, 17, 21, 28, 11, 64, 3, 23, 30, 83, 24, 41, 40, 52, 65, 27, 90, 70, 39, 87, 48, 69, 99, 4, 46, 1, 13, 56, 97, 59, 45, 8, 73, 37, 35, 79, 71, 66, 76, 16, 60, 80, 58, 6, 67, 61, 33, 7, 57, 34, 12, 10, 32, 98, 96, 88, 43, 81, 91, 2, 84, 29, 92, 19, 51, 55, 89, 22, 72, 25, 38, 75, 62, 0]|[2, 1, 2, 1, 1, 2, 1, 1, 1, 1, 1, 0, 2, 2, 1, 2, 0, 0, 0, 2, 2, 1, 0, 2, 0, 2, 2, 1, 0, 1, 1, 1, 0, 0, 1, 0, 2, 1, 2, 2, 0, 0, 1, 1, 0, 2, 0, 2, 1, 0, 0, 2, 0, 2, 2, 0, 1, 1, 0, 0, 2, 1, 1, 2, 2, 2, 2, 2, 2, 1, 2, 1, 1, 2, 0, 1, 1, 1, 0, 0, 0, 1, 1, 1, 1, 0, 0, 1, 0, 1, 1, 0, 1, 2, 1, 1, 0, 2, 1, 0]|[0, 3, 0, 3, 4, 1, 4, 4, 4, 4, 3, 2, 1, 0, 2, 1, 1, 1, 2, 1, 1, 3, 0, 1, 0, 1, 1, 4, 1, 4, 3, 2, 2, 0, 4, 1, 1, 4, 1, 1, 2, 1, 4, 4, 1, 1, 0, 1, 3, 2, 2, 1, 2, 1, 1, 2, 4, 3, 0, 2, 1, 3, 3, 1, 1, 1, 1, 1, 1, 4, 1, 3, 4, 1, 2, 4, 3, 3, 2, 2, 2, 4, 4, 4, 3, 2, 2, 3, 2, 4, 3, 2, 4, 1, 4, 4, 2, 1, 3, 2]|[0, 2, 0, 0, 3, 0, 1, 3, 1, 0, 2, 0, 1, 0, 1, 0, 0, 0, 1, 0, 0, 2, 0, 0, 1, 0, 0, 3, 0, 1, 0, 2, 0, 0, 3, 0, 1, 1, 0, 0, 0, 0, 1, 3, 0, 0, 1, 0, 2, 0, 0, 0, 0, 0, 1, 0, 1, 0, 1, 1, 0, 2, 0, 0, 0, 0, 0, 0, 0, 2, 0, 0, 1, 0, 0, 1, 0, 3, 0, 0, 0, 1, 2, 2, 0, 0, 0, 3, 0, 1, 0, 0, 1, 0, 1, 3, 0, 0, 0, 0],904.4638574556285,48626.747966451934,106418.03837132154,false
57,G2_TEC,G2_TEC,[31, 94, 82, 15, 26, 9, 95, 42, 77, 68, 47, 5, 93, 78, 86, 54, 85, 63, 18, 44, 20, 49, 36, 14, 74, 50, 53, 17, 21, 28, 11, 64, 3, 23, 30, 83, 24, 41, 40, 52, 65, 27, 90, 70, 39, 87, 48, 69, 99, 4, 98, 1, 13, 56, 97, 59, 45, 8, 73, 37, 35, 79, 71, 75, 76, 16, 60, 80, 58, 6, 67, 61, 33, 7, 57, 34, 12, 32, 10, 46, 96, 88, 43, 81, 91, 2, 84, 29, 92, 19, 51, 55, 89, 66, 25, 22, 38, 72, 62, 0]|[2, 1, 2, 1, 1, 2, 1, 1, 1, 1, 1, 0, 2, 2, 1, 2, 0, 0, 0, 2, 2, 1, 0, 2, 0, 2, 2, 1, 0, 1, 1, 1, 0, 0, 1, 0, 2, 1, 2, 2, 0, 0, 1, 1, 0, 2, 0, 2, 1, 0, 2, 2, 0, 2, 2, 0, 1, 1, 0, 0, 2, 1, 1, 0, 2, 2, 2, 2, 2, 1, 2, 1, 1, 2, 0, 1, 1, 0, 1, 0, 0, 1, 1, 1, 1, 0, 0, 1, 0, 1, 1, 0, 1, 2, 1, 2, 0, 1, 1, 0]|[0, 3, 0, 3, 4, 1, 4, 4, 4, 4, 3, 2, 1, 0, 2, 1, 1, 1, 2, 1, 1, 3, 0, 1, 0, 1, 1, 4, 1, 4, 3, 2, 2, 0, 4, 1, 1, 4, 1, 1, 2, 1, 4, 4, 1, 1, 0, 1, 3, 2, 1, 1, 2, 1, 1, 2, 4, 3, 0, 2, 1, 3, 3, 2, 1, 1, 1, 1, 1, 4, 1, 3, 4, 1, 2, 4, 3, 2, 3, 2, 2, 4, 4, 4, 3, 2, 2, 3, 2, 4, 3, 2, 4, 1, 4, 1, 2, 4, 3, 2]|[0, 2, 0, 0, 3, 0, 1, 3, 1, 0, 2, 0, 1, 0, 1, 0, 0, 0, 1, 0, 0, 2, 0, 0, 1, 0, 0, 3, 0, 1, 0, 2, 0, 0, 3, 0, 1, 1, 0, 0, 0, 0, 1, 3, 0, 0, 1, 0, 2, 0, 0, 0, 0, 0, 1, 0, 1, 0, 1, 1, 0, 2, 0, 0, 0, 0, 0, 0, 0, 2, 0, 0, 1, 0, 0, 1, 0, 0, 3, 0, 0, 1, 2, 2, 0, 0, 0, 3, 0, 1, 0, 0, 1, 0, 3, 0, 0, 1, 0, 0],910.6016522559228,48427.915453382215,107149.35343126023,false
57,G3_TWC,G3_TWC,[31, 22, 42, 15, 26, 58, 95, 82, 77, 12, 47, 5, 93, 78, 98, 54, 85, 63, 18, 44, 20, 35, 43, 97, 91, 76, 10, 30, 21, 45, 71, 64, 1, 23, 17, 83, 24, 61, 60, 49, 6, 57, 94, 88, 65, 56, 79, 40, 67, 68, 46, 75, 0, 9, 19, 32, 81, 41, 27, 62, 87, 90, 99, 59, 53, 16, 72, 73, 70, 39, 37, 84, 3, 92, 25, 74, 28, 38, 51, 7, 11, 14, 86, 48, 89, 66, 50, 96, 33, 80, 8, 4, 34, 36, 55, 52, 13, 2, 69, 29]|[1, 1, 0, 1, 1, 1, 2, 1, 2, 1, 2, 2, 2, 1, 1, 0, 0, 1, 0, 2, 2, 0, 1, 2, 0, 1, 2, 2, 0, 0, 1, 2, 1, 0, 1, 0, 2, 0, 1, 1, 0, 1, 1, 1, 0, 2, 1, 1, 0, 0, 0, 0, 1, 1, 2, 1, 2, 0, 0, 0, 2, 1, 0, 1, 0, 1, 2, 1, 1, 1, 1, 1, 2, 0, 1, 2, 0, 0, 0, 1, 0, 1, 0, 0, 1, 0, 0, 0, 2, 0, 1, 0, 2, 0, 1, 1, 0, 0, 1, 0]|[4, 3, 2, 2, 0, 0, 2, 2, 2, 4, 1, 1, 2, 4, 4, 1, 1, 4, 2, 1, 1, 1, 1, 2, 1, 2, 1, 1, 1, 1, 3, 2, 3, 0, 4, 0, 1, 1, 0, 3, 2, 2, 4, 0, 1, 1, 3, 2, 0, 1, 2, 2, 1, 4, 0, 3, 2, 1, 1, 2, 1, 3, 1, 1, 2, 3, 0, 4, 3, 1, 4, 1, 1, 2, 4, 1, 2, 1, 1, 3, 2, 3, 1, 1, 1, 1, 1, 1, 1, 1, 3, 2, 1, 1, 4, 1, 2, 2, 3, 2]|[0, 2, 1, 1, 3, 3, 0, 1, 0, 0, 0, 0, 1, 0, 1, 0, 0, 3, 1, 0, 0, 0, 3, 1, 0, 2, 0, 0, 0, 1, 0, 0, 0, 0, 3, 0, 1, 0, 0, 2, 1, 1, 2, 0, 0, 0, 0, 1, 1, 0, 0, 0, 1, 3, 0, 0, 1, 0, 0, 1, 0, 2, 0, 1, 1, 2, 1, 0, 0, 1, 1, 3, 0, 1, 3, 0, 1, 0, 0, 2, 1, 0, 0, 0, 1, 0, 0, 0, 0, 0, 2, 1, 0, 1, 3, 1, 0, 0, 0, 0],845.7931659427186,57778.757532044474,86593.12219517957,false
57,G1_CMAX,G1_CMAX,[31, 22, 90, 26, 58, 95, 42, 12, 93, 5, 78, 86, 98, 18, 20, 35, 3, 97, 91, 76, 10, 85, 54, 45, 63, 71, 66, 1, 23, 17, 24, 60, 36, 6, 57, 15, 65, 56, 47, 79, 94, 67, 50, 46, 14, 75, 38, 9, 30, 19, 32, 81, 27, 92, 83, 87, 40, 99, 59, 11, 53, 16, 72, 77, 73, 70, 39, 37, 84, 43, 62, 25, 55, 28, 29, 51, 68, 82, 74, 61, 88, 21, 80, 89, 7, 69, 96, 41, 48, 4, 8, 34, 49, 52, 0, 44, 13, 2, 64, 33]|[1, 1, 1, 1, 0, 2, 1, 1, 2, 2, 2, 1, 0, 1, 2, 2, 1, 2, 0, 1, 2, 2, 2, 0, 0, 1, 2, 1, 2, 1, 2, 1, 1, 0, 1, 1, 0, 2, 2, 1, 1, 0, 0, 0, 0, 1, 1, 1, 1, 2, 1, 2, 2, 0, 0, 2, 1, 0, 0, 2, 0, 1, 2, 2, 1, 1, 1, 1, 1, 1, 0, 1, 1, 0, 0, 0, 0, 0, 2, 1, 1, 0, 0, 1, 1, 1, 2, 2, 0, 1, 1, 2, 0, 1, 0, 0, 0, 0, 2, 2]|[0, 4, 3, 0, 1, 1, 2, 4, 1, 1, 2, 4, 1, 4, 1, 1, 1, 2, 2, 2, 2, 1, 1, 1, 2, 3, 2, 3, 0, 4, 1, 0, 3, 2, 2, 2, 1, 1, 1, 0, 2, 0, 1, 2, 1, 3, 1, 4, 2, 0, 3, 2, 1, 2, 1, 1, 4, 1, 1, 1, 2, 3, 0, 2, 4, 3, 1, 4, 1, 1, 1, 4, 4, 2, 1, 1, 1, 2, 1, 3, 0, 1, 1, 1, 1, 3, 1, 1, 1, 4, 3, 1, 1, 1, 2, 2, 2, 2, 1, 1]|[3, 0, 2, 3, 0, 0, 1, 0, 0, 0, 1, 0, 0, 3, 0, 0, 1, 1, 1, 2, 1, 0, 0, 0, 0, 0, 0, 0, 0, 3, 1, 0, 2, 1, 1, 1, 0, 0, 0, 0, 1, 1, 0, 0, 0, 0, 1, 3, 2, 0, 0, 1, 0, 1, 0, 0, 2, 0, 0, 0, 1, 2, 1, 1, 0, 0, 1, 1, 3, 3, 0, 3, 3, 1, 0, 0, 0, 1, 0, 0, 0, 0, 0, 1, 2, 2, 0, 0, 0, 0, 2, 0, 1, 1, 0, 0, 0, 0, 0, 0],705.0470749739228,58445.79123614564,95781.2895945797,false
57,G4_BALANCED,G4_BALANCED,[20, 94, 82, 15, 26, 9, 95, 42, 77, 68, 47, 5, 93, 78, 86, 54, 85, 63, 18, 44, 31, 49, 36, 14, 74, 50, 53, 17, 21, 28, 11, 64, 3, 23, 30, 83, 24, 41, 40, 52, 65, 27, 90, 70, 39, 87, 48, 69, 99, 4, 46, 1, 13, 56, 97, 59, 45, 8, 73, 37, 35, 79, 71, 66, 76, 16, 60, 80, 58, 6, 67, 61, 33, 7, 57, 34, 12, 10, 32, 98, 96, 88, 43, 81, 91, 2, 84, 29, 92, 19, 51, 55, 89, 22, 72, 25, 38, 75, 62, 0]|[2, 1, 2, 1, 1, 2, 1, 1, 1, 1, 1, 0, 2, 2, 1, 2, 0, 0, 0, 2, 2, 1, 0, 2, 0, 2, 2, 1, 0, 1, 1, 1, 0, 0, 1, 0, 2, 1, 2, 2, 0, 0, 1, 1, 0, 2, 0, 2, 1, 0, 0, 2, 0, 2, 2, 0, 1, 1, 0, 0, 2, 1, 1, 2, 2, 2, 2, 2, 2, 1, 2, 1, 1, 2, 0, 1, 1, 1, 0, 0, 0, 1, 1, 1, 1, 0, 0, 1, 0, 1, 1, 0, 1, 2, 1, 1, 0, 2, 1, 0]|[0, 3, 0, 3, 4, 1, 4, 4, 4, 4, 3, 2, 1, 0, 2, 1, 1, 1, 2, 1, 1, 3, 0, 1, 0, 1, 1, 4, 1, 4, 3, 2, 2, 0, 4, 1, 1, 4, 1, 1, 2, 1, 4, 4, 1, 1, 0, 1, 3, 2, 2, 1, 2, 1, 1, 2, 4, 3, 0, 2, 1, 3, 3, 1, 1, 1, 1, 1, 1, 4, 1, 3, 4, 1, 2, 4, 3, 3, 2, 2, 2, 4, 4, 4, 3, 2, 2, 3, 2, 4, 3, 2, 4, 1, 4, 4, 2, 1, 3, 2]|[0, 2, 0, 0, 3, 0, 1, 3, 1, 0, 2, 0, 1, 0, 1, 0, 0, 0, 1, 0, 0, 2, 0, 0, 1, 0, 0, 3, 0, 1, 0, 2, 0, 0, 3, 0, 1, 1, 0, 0, 0, 0, 1, 3, 0, 0, 1, 0, 2, 0, 0, 0, 0, 0, 1, 0, 1, 0, 1, 1, 0, 2, 0, 0, 0, 0, 0, 0, 0, 2, 0, 0, 1, 0, 0, 1, 0, 3, 0, 0, 0, 1, 2, 2, 0, 0, 0, 3, 0, 1, 0, 0, 1, 0, 1, 3, 0, 0, 0, 0],904.4638574556285,48626.747966451934,106418.03837132154,false
57,G2_TEC,G2_TEC,[31, 94, 82, 15, 26, 9, 95, 42, 77, 68, 47, 5, 93, 78, 86, 54, 85, 63, 18, 44, 20, 49, 36, 14, 74, 50, 53, 17, 21, 28, 11, 64, 3, 23, 30, 83, 24, 41, 40, 52, 65, 27, 90, 70, 39, 87, 48, 69, 99, 4, 98, 1, 13, 56, 97, 59, 45, 8, 73, 37, 35, 79, 71, 75, 76, 16, 60, 80, 58, 6, 67, 61, 33, 7, 57, 34, 12, 32, 10, 46, 96, 88, 43, 81, 91, 2, 84, 29, 92, 19, 51, 55, 89, 66, 25, 22, 38, 72, 62, 0]|[2, 1, 2, 1, 1, 2, 1, 1, 1, 1, 1, 0, 2, 2, 1, 2, 0, 0, 0, 2, 2, 1, 0, 2, 0, 2, 2, 1, 0, 1, 1, 1, 0, 0, 1, 0, 2, 1, 2, 2, 0, 0, 1, 1, 0, 2, 0, 2, 1, 0, 2, 2, 0, 2, 2, 0, 1, 1, 0, 0, 2, 1, 1, 0, 2, 2, 2, 2, 2, 1, 2, 1, 1, 2, 0, 1, 1, 0, 1, 0, 0, 1, 1, 1, 1, 0, 0, 1, 0, 1, 1, 0, 1, 2, 1, 2, 0, 1, 1, 0]|[0, 3, 0, 3, 4, 1, 4, 4, 4, 4, 3, 2, 1, 0, 2, 1, 1, 1, 2, 1, 1, 3, 0, 1, 0, 1, 1, 4, 1, 4, 3, 2, 2, 0, 4, 1, 1, 4, 1, 1, 2, 1, 4, 4, 1, 1, 0, 1, 3, 2, 1, 1, 2, 1, 1, 2, 4, 3, 0, 2, 1, 3, 3, 2, 1, 1, 1, 1, 1, 4, 1, 3, 4, 1, 2, 4, 3, 2, 3, 2, 2, 4, 4, 4, 3, 2, 2, 3, 2, 4, 3, 2, 4, 1, 4, 1, 2, 4, 3, 2]|[0, 2, 0, 0, 3, 0, 1, 3, 1, 0, 2, 0, 1, 0, 1, 0, 0, 0, 1, 0, 0, 2, 0, 0, 1, 0, 0, 3, 0, 1, 0, 2, 0, 0, 3, 0, 1, 1, 0, 0, 0, 0, 1, 3, 0, 0, 1, 0, 2, 0, 0, 0, 0, 0, 1, 0, 1, 0, 1, 1, 0, 2, 0, 0, 0, 0, 0, 0, 0, 2, 0, 0, 1, 0, 0, 1, 0, 0, 3, 0, 0, 1, 2, 2, 0, 0, 0, 3, 0, 1, 0, 0, 1, 0, 3, 0, 0, 1, 0, 0],910.6016522559228,48427.915453382215,107149.35343126023,false
57,G3_TWC,G3_TWC,[31, 22, 42, 15, 26, 58, 95, 82, 77, 12, 47, 5, 93, 78, 98, 54, 85, 63, 18, 44, 20, 35, 43, 97, 91, 76, 10, 30, 21, 45, 71, 64, 1, 23, 17, 83, 24, 61, 60, 49, 6, 57, 94, 88, 65, 56, 79, 40, 67, 68, 46, 75, 0, 9, 19, 32, 81, 41, 27, 62, 87, 90, 99, 59, 53, 16, 72, 73, 70, 39, 37, 84, 3, 92, 25, 74, 28, 38, 51, 7, 11, 14, 86, 48, 89, 66, 50, 96, 33, 80, 8, 4, 34, 36, 55, 52, 13, 2, 69, 29]|[1, 1, 0, 1, 1, 1, 2, 1, 2, 1, 2, 2, 2, 1, 1, 0, 0, 1, 0, 2, 2, 0, 1, 2, 0, 1, 2, 2, 0, 0, 1, 2, 1, 0, 1, 0, 2, 0, 1, 1, 0, 1, 1, 1, 0, 2, 1, 1, 0, 0, 0, 0, 1, 1, 2, 1, 2, 0, 0, 0, 2, 1, 0, 1, 0, 1, 2, 1, 1, 1, 1, 1, 2, 0, 1, 2, 0, 0, 0, 1, 0, 1, 0, 0, 1, 0, 0, 0, 2, 0, 1, 0, 2, 0, 1, 1, 0, 0, 1, 0]|[4, 3, 2, 2, 0, 0, 2, 2, 2, 4, 1, 1, 2, 4, 4, 1, 1, 4, 2, 1, 1, 1, 1, 2, 1, 2, 1, 1, 1, 1, 3, 2, 3, 0, 4, 0, 1, 1, 0, 3, 2, 2, 4, 0, 1, 1, 3, 2, 0, 1, 2, 2, 1, 4, 0, 3, 2, 1, 1, 2, 1, 3, 1, 1, 2, 3, 0, 4, 3, 1, 4, 1, 1, 2, 4, 1, 2, 1, 1, 3, 2, 3, 1, 1, 1, 1, 1, 1, 1, 1, 3, 2, 1, 1, 4, 1, 2, 2, 3, 2]|[0, 2, 1, 1, 3, 3, 0, 1, 0, 0, 0, 0, 1, 0, 1, 0, 0, 3, 1, 0, 0, 0, 3, 1, 0, 2, 0, 0, 0, 1, 0, 0, 0, 0, 3, 0, 1, 0, 0, 2, 1, 1, 2, 0, 0, 0, 0, 1, 1, 0, 0, 0, 1, 3, 0, 0, 1, 0, 0, 1, 0, 2, 0, 1, 1, 2, 1, 0, 0, 1, 1, 3, 0, 1, 3, 0, 1, 0, 0, 2, 1, 0, 0, 0, 1, 0, 0, 0, 0, 0, 2, 1, 0, 1, 3, 1, 0, 0, 0, 0],845.7931659427186,57778.757532044474,86593.12219517957,false
57,G1_CMAX,G1_CMAX,[31, 22, 90, 26, 58, 95, 42, 12, 93, 5, 78, 86, 98, 18, 20, 35, 3, 97, 91, 76, 10, 85, 54, 45, 63, 71, 66, 1, 23, 17, 24, 60, 36, 6, 57, 15, 65, 56, 47, 79, 94, 67, 50, 46, 14, 75, 38, 9, 30, 19, 32, 81, 27, 92, 83, 87, 40, 99, 59, 11, 53, 16, 72, 77, 73, 70, 39, 37, 84, 43, 62, 25, 55, 28, 29, 51, 68, 82, 74, 61, 88, 21, 80, 89, 7, 69, 96, 41, 48, 4, 8, 34, 49, 52, 0, 44, 13, 2, 64, 33]|[1, 1, 1, 1, 0, 2, 1, 1, 2, 2, 2, 1, 0, 1, 2, 2, 1, 2, 0, 1, 2, 2, 2, 0, 0, 1, 2, 1, 2, 1, 2, 1, 1, 0, 1, 1, 0, 2, 2, 1, 1, 0, 0, 0, 0, 1, 1, 1, 1, 2, 1, 2, 2, 0, 0, 2, 1, 0, 0, 2, 0, 1, 2, 2, 1, 1, 1, 1, 1, 1, 0, 1, 1, 0, 0, 0, 0, 0, 2, 1, 1, 0, 0, 1, 1, 1, 2, 2, 0, 1, 1, 2, 0, 1, 0, 0, 0, 0, 2, 2]|[0, 4, 3, 0, 1, 1, 2, 4, 1, 1, 2, 4, 1, 4, 1, 1, 1, 2, 2, 2, 2, 1, 1, 1, 2, 3, 2, 3, 0, 4, 1, 0, 3, 2, 2, 2, 1, 1, 1, 0, 2, 0, 1, 2, 1, 3, 1, 4, 2, 0, 3, 2, 1, 2, 1, 1, 4, 1, 1, 1, 2, 3, 0, 2, 4, 3, 1, 4, 1, 1, 1, 4, 4, 2, 1, 1, 1, 2, 1, 3, 0, 1, 1, 1, 1, 3, 1, 1, 1, 4, 3, 1, 1, 1, 2, 2, 2, 2, 1, 1]|[3, 0, 2, 3, 0, 0, 1, 0, 0, 0, 1, 0, 0, 3, 0, 0, 1, 1, 1, 2, 1, 0, 0, 0, 0, 0, 0, 0, 0, 3, 1, 0, 2, 1, 1, 1, 0, 0, 0, 0, 1, 1, 0, 0, 0, 0, 1, 3, 2, 0, 0, 1, 0, 1, 0, 0, 2, 0, 0, 0, 1, 2, 1, 1, 0, 0, 1, 1, 3, 3, 0, 3, 3, 1, 0, 0, 0, 1, 0, 0, 0, 0, 0, 1, 2, 2, 0, 0, 0, 0, 2, 0, 1, 1, 0, 0, 0, 0, 0, 0],705.0470749739228,58445.79123614564,95781.2895945797,false
57,G4_BALANCED,G4_BALANCED,[20, 94, 82, 15, 26, 9, 95, 42, 77, 68, 47, 5, 93, 78, 86, 54, 85, 63, 18, 44, 31, 49, 36, 14, 74, 50, 53, 17, 21, 28, 11, 64, 3, 23, 30, 83, 24, 41, 40, 52, 65, 27, 90, 70, 39, 87, 48, 69, 99, 4, 46, 1, 13, 56, 97, 59, 45, 8, 73, 37, 35, 79, 71, 66, 76, 16, 60, 80, 58, 6, 67, 61, 33, 7, 57, 34, 12, 10, 32, 98, 96, 88, 43, 81, 91, 2, 84, 29, 92, 19, 51, 55, 89, 22, 72, 25, 38, 75, 62, 0]|[2, 1, 2, 1, 1, 2, 1, 1, 1, 1, 1, 0, 2, 2, 1, 2, 0, 0, 0, 2, 2, 1, 0, 2, 0, 2, 2, 1, 0, 1, 1, 1, 0, 0, 1, 0, 2, 1, 2, 2, 0, 0, 1, 1, 0, 2, 0, 2, 1, 0, 0, 2, 0, 2, 2, 0, 1, 1, 0, 0, 2, 1, 1, 2, 2, 2, 2, 2, 2, 1, 2, 1, 1, 2, 0, 1, 1, 1, 0, 0, 0, 1, 1, 1, 1, 0, 0, 1, 0, 1, 1, 0, 1, 2, 1, 1, 0, 2, 1, 0]|[0, 3, 0, 3, 4, 1, 4, 4, 4, 4, 3, 2, 1, 0, 2, 1, 1, 1, 2, 1, 1, 3, 0, 1, 0, 1, 1, 4, 1, 4, 3, 2, 2, 0, 4, 1, 1, 4, 1, 1, 2, 1, 4, 4, 1, 1, 0, 1, 3, 2, 2, 1, 2, 1, 1, 2, 4, 3, 0, 2, 1, 3, 3, 1, 1, 1, 1, 1, 1, 4, 1, 3, 4, 1, 2, 4, 3, 3, 2, 2, 2, 4, 4, 4, 3, 2, 2, 3, 2, 4, 3, 2, 4, 1, 4, 4, 2, 1, 3, 2]|[0, 2, 0, 0, 3, 0, 1, 3, 1, 0, 2, 0, 1, 0, 1, 0, 0, 0, 1, 0, 0, 2, 0, 0, 1, 0, 0, 3, 0, 1, 0, 2, 0, 0, 3, 0, 1, 1, 0, 0, 0, 0, 1, 3, 0, 0, 1, 0, 2, 0, 0, 0, 0, 0, 1, 0, 1, 0, 1, 1, 0, 2, 0, 0, 0, 0, 0, 0, 0, 2, 0, 0, 1, 0, 0, 1, 0, 3, 0, 0, 0, 1, 2, 2, 0, 0, 0, 3, 0, 1, 0, 0, 1, 0, 1, 3, 0, 0, 0, 0],904.4638574556285,48626.747966451934,106418.03837132154,false
57,G2_TEC,G2_TEC,[31, 94, 82, 15, 26, 9, 95, 42, 77, 68, 47, 5, 93, 78, 86, 54, 85, 63, 18, 44, 20, 49, 36, 14, 74, 50, 53, 17, 21, 28, 11, 64, 3, 23, 30, 83, 24, 41, 40, 52, 65, 27, 90, 70, 39, 87, 48, 69, 99, 4, 98, 1, 13, 56, 97, 59, 45, 8, 73, 37, 35, 79, 71, 75, 76, 16, 60, 80, 58, 6, 67, 61, 33, 7, 57, 34, 12, 32, 10, 46, 96, 88, 43, 81, 91, 2, 84, 29, 92, 19, 51, 55, 89, 66, 25, 22, 38, 72, 62, 0]|[2, 1, 2, 1, 1, 2, 1, 1, 1, 1, 1, 0, 2, 2, 1, 2, 0, 0, 0, 2, 2, 1, 0, 2, 0, 2, 2, 1, 0, 1, 1, 1, 0, 0, 1, 0, 2, 1, 2, 2, 0, 0, 1, 1, 0, 2, 0, 2, 1, 0, 2, 2, 0, 2, 2, 0, 1, 1, 0, 0, 2, 1, 1, 0, 2, 2, 2, 2, 2, 1, 2, 1, 1, 2, 0, 1, 1, 0, 1, 0, 0, 1, 1, 1, 1, 0, 0, 1, 0, 1, 1, 0, 1, 2, 1, 2, 0, 1, 1, 0]|[0, 3, 0, 3, 4, 1, 4, 4, 4, 4, 3, 2, 1, 0, 2, 1, 1, 1, 2, 1, 1, 3, 0, 1, 0, 1, 1, 4, 1, 4, 3, 2, 2, 0, 4, 1, 1, 4, 1, 1, 2, 1, 4, 4, 1, 1, 0, 1, 3, 2, 1, 1, 2, 1, 1, 2, 4, 3, 0, 2, 1, 3, 3, 2, 1, 1, 1, 1, 1, 4, 1, 3, 4, 1, 2, 4, 3, 2, 3, 2, 2, 4, 4, 4, 3, 2, 2, 3, 2, 4, 3, 2, 4, 1, 4, 1, 2, 4, 3, 2]|[0, 2, 0, 0, 3, 0, 1, 3, 1, 0, 2, 0, 1, 0, 1, 0, 0, 0, 1, 0, 0, 2, 0, 0, 1, 0, 0, 3, 0, 1, 0, 2, 0, 0, 3, 0, 1, 1, 0, 0, 0, 0, 1, 3, 0, 0, 1, 0, 2, 0, 0, 0, 0, 0, 1, 0, 1, 0, 1, 1, 0, 2, 0, 0, 0, 0, 0, 0, 0, 2, 0, 0, 1, 0, 0, 1, 0, 0, 3, 0, 0, 1, 2, 2, 0, 0, 0, 3, 0, 1, 0, 0, 1, 0, 3, 0, 0, 1, 0, 0],910.6016522559228,48427.915453382215,107149.35343126023,false
57,G3_TWC,G3_TWC,[31, 22, 42, 15, 26, 58, 95, 82, 77, 12, 47, 5, 93, 78, 98, 54, 85, 63, 18, 44, 20, 35, 43, 97, 91, 76, 10, 30, 21, 45, 71, 64, 1, 23, 17, 83, 24, 61, 60, 49, 6, 57, 94, 88, 65, 56, 79, 40, 67, 68, 46, 75, 0, 9, 19, 32, 81, 41, 27, 62, 87, 90, 99, 59, 53, 16, 72, 73, 70, 39, 37, 84, 3, 92, 25, 74, 28, 38, 51, 7, 11, 14, 86, 48, 89, 66, 50, 96, 33, 80, 8, 4, 34, 36, 55, 52, 13, 2, 69, 29]|[1, 1, 0, 1, 1, 1, 2, 1, 2, 1, 2, 2, 2, 1, 1, 0, 0, 1, 0, 2, 2, 0, 1, 2, 0, 1, 2, 2, 0, 0, 1, 2, 1, 0, 1, 0, 2, 0, 1, 1, 0, 1, 1, 1, 0, 2, 1, 1, 0, 0, 0, 0, 1, 1, 2, 1, 2, 0, 0, 0, 2, 1, 0, 1, 0, 1, 2, 1, 1, 1, 1, 1, 2, 0, 1, 2, 0, 0, 0, 1, 0, 1, 0, 0, 1, 0, 0, 0, 2, 0, 1, 0, 2, 0, 1, 1, 0, 0, 1, 0]|[4, 3, 2, 2, 0, 0, 2, 2, 2, 4, 1, 1, 2, 4, 4, 1, 1, 4, 2, 1, 1, 1, 1, 2, 1, 2, 1, 1, 1, 1, 3, 2, 3, 0, 4, 0, 1, 1, 0, 3, 2, 2, 4, 0, 1, 1, 3, 2, 0, 1, 2, 2, 1, 4, 0, 3, 2, 1, 1, 2, 1, 3, 1, 1, 2, 3, 0, 4, 3, 1, 4, 1, 1, 2, 4, 1, 2, 1, 1, 3, 2, 3, 1, 1, 1, 1, 1, 1, 1, 1, 3, 2, 1, 1, 4, 1, 2, 2, 3, 2]|[0, 2, 1, 1, 3, 3, 0, 1, 0, 0, 0, 0, 1, 0, 1, 0, 0, 3, 1, 0, 0, 0, 3, 1, 0, 2, 0, 0, 0, 1, 0, 0, 0, 0, 3, 0, 1, 0, 0, 2, 1, 1, 2, 0, 0, 0, 0, 1, 1, 0, 0, 0, 1, 3, 0, 0, 1, 0, 0, 1, 0, 2, 0, 1, 1, 2, 1, 0, 0, 1, 1, 3, 0, 1, 3, 0, 1, 0, 0, 2, 1, 0, 0, 0, 1, 0, 0, 0, 0, 0, 2, 1, 0, 1, 3, 1, 0, 0, 0, 0],845.7931659427186,57778.757532044474,86593.12219517957,false
57,G1_CMAX,G1_CMAX,[31, 22, 90, 26, 58, 95, 42, 12, 93, 5, 78, 86, 98, 18, 20, 35, 3, 97, 91, 76, 10, 85, 54, 45, 63, 71, 66, 1, 23, 17, 24, 60, 36, 6, 57, 15, 65, 56, 47, 79, 94, 67, 50, 46, 14, 75, 38, 9, 30, 19, 32, 81, 27, 92, 83, 87, 40, 99, 59, 11, 53, 16, 72, 77, 73, 70, 39, 37, 84, 43, 62, 25, 55, 28, 29, 51, 68, 82, 74, 61, 88, 21, 80, 89, 7, 69, 96, 41, 48, 4, 8, 34, 49, 52, 0, 44, 13, 2, 64, 33]|[1, 1, 1, 1, 0, 2, 1, 1, 2, 2, 2, 1, 0, 1, 2, 2, 1, 2, 0, 1, 2, 2, 2, 0, 0, 1, 2, 1, 2, 1, 2, 1, 1, 0, 1, 1, 0, 2, 2, 1, 1, 0, 0, 0, 0, 1, 1, 1, 1, 2, 1, 2, 2, 0, 0, 2, 1, 0, 0, 2, 0, 1, 2, 2, 1, 1, 1, 1, 1, 1, 0, 1, 1, 0, 0, 0, 0, 0, 2, 1, 1, 0, 0, 1, 1, 1, 2, 2, 0, 1, 1, 2, 0, 1, 0, 0, 0, 0, 2, 2]|[0, 4, 3, 0, 1, 1, 2, 4, 1, 1, 2, 4, 1, 4, 1, 1, 1, 2, 2, 2, 2, 1, 1, 1, 2, 3, 2, 3, 0, 4, 1, 0, 3, 2, 2, 2, 1, 1, 1, 0, 2, 0, 1, 2, 1, 3, 1, 4, 2, 0, 3, 2, 1, 2, 1, 1, 4, 1, 1, 1, 2, 3, 0, 2, 4, 3, 1, 4, 1, 1, 1, 4, 4, 2, 1, 1, 1, 2, 1, 3, 0, 1, 1, 1, 1, 3, 1, 1, 1, 4, 3, 1, 1, 1, 2, 2, 2, 2, 1, 1]|[3, 0, 2, 3, 0, 0, 1, 0, 0, 0, 1, 0, 0, 3, 0, 0, 1, 1, 1, 2, 1, 0, 0, 0, 0, 0, 0, 0, 0, 3, 1, 0, 2, 1, 1, 1, 0, 0, 0, 0, 1, 1, 0, 0, 0, 0, 1, 3, 2, 0, 0, 1, 0, 1, 0, 0, 2, 0, 0, 0, 1, 2, 1, 1, 0, 0, 1, 1, 3, 3, 0, 3, 3, 1, 0, 0, 0, 1, 0, 0, 0, 0, 0, 1, 2, 2, 0, 0, 0, 0, 2, 0, 1, 1, 0, 0, 0, 0, 0, 0],705.0470749739228,58445.79123614564,95781.2895945797,false
57,G4_BALANCED,G4_BALANCED,[20, 94, 82, 15, 26, 9, 95, 42, 77, 68, 47, 5, 93, 78, 86, 54, 85, 63, 18, 44, 31, 49, 36, 14, 74, 50, 53, 17, 21, 28, 11, 64, 3, 23, 30, 83, 24, 41, 40, 52, 65, 27, 90, 70, 39, 87, 48, 69, 99, 4, 46, 1, 13, 56, 97, 59, 45, 8, 73, 37, 35, 79, 71, 66, 76, 16, 60, 80, 58, 6, 67, 61, 33, 7, 57, 34, 12, 10, 32, 98, 96, 88, 43, 81, 91, 2, 84, 29, 92, 19, 51, 55, 89, 22, 72, 25, 38, 75, 62, 0]|[2, 1, 2, 1, 1, 2, 1, 1, 1, 1, 1, 0, 2, 2, 1, 2, 0, 0, 0, 2, 2, 1, 0, 2, 0, 2, 2, 1, 0, 1, 1, 1, 0, 0, 1, 0, 2, 1, 2, 2, 0, 0, 1, 1, 0, 2, 0, 2, 1, 0, 0, 2, 0, 2, 2, 0, 1, 1, 0, 0, 2, 1, 1, 2, 2, 2, 2, 2, 2, 1, 2, 1, 1, 2, 0, 1, 1, 1, 0, 0, 0, 1, 1, 1, 1, 0, 0, 1, 0, 1, 1, 0, 1, 2, 1, 1, 0, 2, 1, 0]|[0, 3, 0, 3, 4, 1, 4, 4, 4, 4, 3, 2, 1, 0, 2, 1, 1, 1, 2, 1, 1, 3, 0, 1, 0, 1, 1, 4, 1, 4, 3, 2, 2, 0, 4, 1, 1, 4, 1, 1, 2, 1, 4, 4, 1, 1, 0, 1, 3, 2, 2, 1, 2, 1, 1, 2, 4, 3, 0, 2, 1, 3, 3, 1, 1, 1, 1, 1, 1, 4, 1, 3, 4, 1, 2, 4, 3, 3, 2, 2, 2, 4, 4, 4, 3, 2, 2, 3, 2, 4, 3, 2, 4, 1, 4, 4, 2, 1, 3, 2]|[0, 2, 0, 0, 3, 0, 1, 3, 1, 0, 2, 0, 1, 0, 1, 0, 0, 0, 1, 0, 0, 2, 0, 0, 1, 0, 0, 3, 0, 1, 0, 2, 0, 0, 3, 0, 1, 1, 0, 0, 0, 0, 1, 3, 0, 0, 1, 0, 2, 0, 0, 0, 0, 0, 1, 0, 1, 0, 1, 1, 0, 2, 0, 0, 0, 0, 0, 0, 0, 2, 0, 0, 1, 0, 0, 1, 0, 3, 0, 0, 0, 1, 2, 2, 0, 0, 0, 3, 0, 1, 0, 0, 1, 0, 1, 3, 0, 0, 0, 0],904.4638574556285,48626.747966451934,106418.03837132154,false
57,G2_TEC,G2_TEC,[31, 94, 82, 15, 26, 9, 95, 42, 77, 68, 47, 5, 93, 78, 86, 54, 85, 63, 18, 44, 20, 49, 36, 14, 74, 50, 53, 17, 21, 28, 11, 64, 3, 23, 30, 83, 24, 41, 40, 52, 65, 27, 90, 70, 39, 87, 48, 69, 99, 4, 98, 1, 13, 56, 97, 59, 45, 8, 73, 37, 35, 79, 71, 75, 76, 16, 60, 80, 58, 6, 67, 61, 33, 7, 57, 34, 12, 32, 10, 46, 96, 88, 43, 81, 91, 2, 84, 29, 92, 19, 51, 55, 89, 66, 25, 22, 38, 72, 62, 0]|[2, 1, 2, 1, 1, 2, 1, 1, 1, 1, 1, 0, 2, 2, 1, 2, 0, 0, 0, 2, 2, 1, 0, 2, 0, 2, 2, 1, 0, 1, 1, 1, 0, 0, 1, 0, 2, 1, 2, 2, 0, 0, 1, 1, 0, 2, 0, 2, 1, 0, 2, 2, 0, 2, 2, 0, 1, 1, 0, 0, 2, 1, 1, 0, 2, 2, 2, 2, 2, 1, 2, 1, 1, 2, 0, 1, 1, 0, 1, 0, 0, 1, 1, 1, 1, 0, 0, 1, 0, 1, 1, 0, 1, 2, 1, 2, 0, 1, 1, 0]|[0, 3, 0, 3, 4, 1, 4, 4, 4, 4, 3, 2, 1, 0, 2, 1, 1, 1, 2, 1, 1, 3, 0, 1, 0, 1, 1, 4, 1, 4, 3, 2, 2, 0, 4, 1, 1, 4, 1, 1, 2, 1, 4, 4, 1, 1, 0, 1, 3, 2, 1, 1, 2, 1, 1, 2, 4, 3, 0, 2, 1, 3, 3, 2, 1, 1, 1, 1, 1, 4, 1, 3, 4, 1, 2, 4, 3, 2, 3, 2, 2, 4, 4, 4, 3, 2, 2, 3, 2, 4, 3, 2, 4, 1, 4, 1, 2, 4, 3, 2]|[0, 2, 0, 0, 3, 0, 1, 3, 1, 0, 2, 0, 1, 0, 1, 0, 0, 0, 1, 0, 0, 2, 0, 0, 1, 0, 0, 3, 0, 1, 0, 2, 0, 0, 3, 0, 1, 1, 0, 0, 0, 0, 1, 3, 0, 0, 1, 0, 2, 0, 0, 0, 0, 0, 1, 0, 1, 0, 1, 1, 0, 2, 0, 0, 0, 0, 0, 0, 0, 2, 0, 0, 1, 0, 0, 1, 0, 0, 3, 0, 0, 1, 2, 2, 0, 0, 0, 3, 0, 1, 0, 0, 1, 0, 3, 0, 0, 1, 0, 0],910.6016522559228,48427.915453382215,107149.35343126023,false
57,G3_TWC,G3_TWC,[31, 22, 42, 15, 26, 58, 95, 82, 77, 12, 47, 5, 93, 78, 98, 54, 85, 63, 18, 44, 20, 35, 43, 97, 91, 76, 10, 30, 21, 45, 71, 64, 1, 23, 17, 83, 24, 61, 60, 49, 6, 57, 94, 88, 65, 56, 79, 40, 67, 68, 46, 75, 0, 9, 19, 32, 81, 41, 27, 62, 87, 90, 99, 59, 53, 16, 72, 73, 70, 39, 37, 84, 3, 92, 25, 74, 28, 38, 51, 7, 11, 14, 86, 48, 89, 66, 50, 96, 33, 80, 8, 4, 34, 36, 55, 52, 13, 2, 69, 29]|[1, 1, 0, 1, 1, 1, 2, 1, 2, 1, 2, 2, 2, 1, 1, 0, 0, 1, 0, 2, 2, 0, 1, 2, 0, 1, 2, 2, 0, 0, 1, 2, 1, 0, 1, 0, 2, 0, 1, 1, 0, 1, 1, 1, 0, 2, 1, 1, 0, 0, 0, 0, 1, 1, 2, 1, 2, 0, 0, 0, 2, 1, 0, 1, 0, 1, 2, 1, 1, 1, 1, 1, 2, 0, 1, 2, 0, 0, 0, 1, 0, 1, 0, 0, 1, 0, 0, 0, 2, 0, 1, 0, 2, 0, 1, 1, 0, 0, 1, 0]|[4, 3, 2, 2, 0, 0, 2, 2, 2, 4, 1, 1, 2, 4, 4, 1, 1, 4, 2, 1, 1, 1, 1, 2, 1, 2, 1, 1, 1, 1, 3, 2, 3, 0, 4, 0, 1, 1, 0, 3, 2, 2, 4, 0, 1, 1, 3, 2, 0, 1, 2, 2, 1, 4, 0, 3, 2, 1, 1, 2, 1, 3, 1, 1, 2, 3, 0, 4, 3, 1, 4, 1, 1, 2, 4, 1, 2, 1, 1, 3, 2, 3, 1, 1, 1, 1, 1, 1, 1, 1, 3, 2, 1, 1, 4, 1, 2, 2, 3, 2]|[0, 2, 1, 1, 3, 3, 0, 1, 0, 0, 0, 0, 1, 0, 1, 0, 0, 3, 1, 0, 0, 0, 3, 1, 0, 2, 0, 0, 0, 1, 0, 0, 0, 0, 3, 0, 1, 0, 0, 2, 1, 1, 2, 0, 0, 0, 0, 1, 1, 0, 0, 0, 1, 3, 0, 0, 1, 0, 0, 1, 0, 2, 0, 1, 1, 2, 1, 0, 0, 1, 1, 3, 0, 1, 3, 0, 1, 0, 0, 2, 1, 0, 0, 0, 1, 0, 0, 0, 0, 0, 2, 1, 0, 1, 3, 1, 0, 0, 0, 0],845.7931659427186,57778.757532044474,86593.12219517957,false
57,G1_CMAX,G1_CMAX,[31, 22, 90, 26, 58, 95, 42, 12, 93, 5, 78, 86, 98, 18, 20, 35, 3, 97, 91, 76, 10, 85, 54, 45, 63, 71, 66, 1, 23, 17, 24, 60, 36, 6, 57, 15, 65, 56, 47, 79, 94, 67, 50, 46, 14, 75, 38, 9, 30, 19, 32, 81, 27, 92, 83, 87, 40, 99, 59, 11, 53, 16, 72, 77, 73, 70, 39, 37, 84, 43, 62, 25, 55, 28, 29, 51, 68, 82, 74, 61, 88, 21, 80, 89, 7, 69, 96, 41, 48, 4, 8, 34, 49, 52, 0, 44, 13, 2, 64, 33]|[1, 1, 1, 1, 0, 2, 1, 1, 2, 2, 2, 1, 0, 1, 2, 2, 1, 2, 0, 1, 2, 2, 2, 0, 0, 1, 2, 1, 2, 1, 2, 1, 1, 0, 1, 1, 0, 2, 2, 1, 1, 0, 0, 0, 0, 1, 1, 1, 1, 2, 1, 2, 2, 0, 0, 2, 1, 0, 0, 2, 0, 1, 2, 2, 1, 1, 1, 1, 1, 1, 0, 1, 1, 0, 0, 0, 0, 0, 2, 1, 1, 0, 0, 1, 1, 1, 2, 2, 0, 1, 1, 2, 0, 1, 0, 0, 0, 0, 2, 2]|[0, 4, 3, 0, 1, 1, 2, 4, 1, 1, 2, 4, 1, 4, 1, 1, 1, 2, 2, 2, 2, 1, 1, 1, 2, 3, 2, 3, 0, 4, 1, 0, 3, 2, 2, 2, 1, 1, 1, 0, 2, 0, 1, 2, 1, 3, 1, 4, 2, 0, 3, 2, 1, 2, 1, 1, 4, 1, 1, 1, 2, 3, 0, 2, 4, 3, 1, 4, 1, 1, 1, 4, 4, 2, 1, 1, 1, 2, 1, 3, 0, 1, 1, 1, 1, 3, 1, 1, 1, 4, 3, 1, 1, 1, 2, 2, 2, 2, 1, 1]|[3, 0, 2, 3, 0, 0, 1, 0, 0, 0, 1, 0, 0, 3, 0, 0, 1, 1, 1, 2, 1, 0, 0, 0, 0, 0, 0, 0, 0, 3, 1, 0, 2, 1, 1, 1, 0, 0, 0, 0, 1, 1, 0, 0, 0, 0, 1, 3, 2, 0, 0, 1, 0, 1, 0, 0, 2, 0, 0, 0, 1, 2, 1, 1, 0, 0, 1, 1, 3, 3, 0, 3, 3, 1, 0, 0, 0, 1, 0, 0, 0, 0, 0, 1, 2, 2, 0, 0, 0, 0, 2, 0, 1, 1, 0, 0, 0, 0, 0, 0],705.0470749739228,58445.79123614564,95781.2895945797,false
57,G4_BALANCED,G4_BALANCED,[20, 94, 82, 15, 26, 9, 95, 42, 77, 68, 47, 5, 93, 78, 86, 54, 85, 63, 18, 44, 31, 49, 36, 14, 74, 50, 53, 17, 21, 28, 11, 64, 3, 23, 30, 83, 24, 41, 40, 52, 65, 27, 90, 70, 39, 87, 48, 69, 99, 4, 46, 1, 13, 56, 97, 59, 45, 8, 73, 37, 35, 79, 71, 66, 76, 16, 60, 80, 58, 6, 67, 61, 33, 7, 57, 34, 12, 10, 32, 98, 96, 88, 43, 81, 91, 2, 84, 29, 92, 19, 51, 55, 89, 22, 72, 25, 38, 75, 62, 0]|[2, 1, 2, 1, 1, 2, 1, 1, 1, 1, 1, 0, 2, 2, 1, 2, 0, 0, 0, 2, 2, 1, 0, 2, 0, 2, 2, 1, 0, 1, 1, 1, 0, 0, 1, 0, 2, 1, 2, 2, 0, 0, 1, 1, 0, 2, 0, 2, 1, 0, 0, 2, 0, 2, 2, 0, 1, 1, 0, 0, 2, 1, 1, 2, 2, 2, 2, 2, 2, 1, 2, 1, 1, 2, 0, 1, 1, 1, 0, 0, 0, 1, 1, 1, 1, 0, 0, 1, 0, 1, 1, 0, 1, 2, 1, 1, 0, 2, 1, 0]|[0, 3, 0, 3, 4, 1, 4, 4, 4, 4, 3, 2, 1, 0, 2, 1, 1, 1, 2, 1, 1, 3, 0, 1, 0, 1, 1, 4, 1, 4, 3, 2, 2, 0, 4, 1, 1, 4, 1, 1, 2, 1, 4, 4, 1, 1, 0, 1, 3, 2, 2, 1, 2, 1, 1, 2, 4, 3, 0, 2, 1, 3, 3, 1, 1, 1, 1, 1, 1, 4, 1, 3, 4, 1, 2, 4, 3, 3, 2, 2, 2, 4, 4, 4, 3, 2, 2, 3, 2, 4, 3, 2, 4, 1, 4, 4, 2, 1, 3, 2]|[0, 2, 0, 0, 3, 0, 1, 3, 1, 0, 2, 0, 1, 0, 1, 0, 0, 0, 1, 0, 0, 2, 0, 0, 1, 0, 0, 3, 0, 1, 0, 2, 0, 0, 3, 0, 1, 1, 0, 0, 0, 0, 1, 3, 0, 0, 1, 0, 2, 0, 0, 0, 0, 0, 1, 0, 1, 0, 1, 1, 0, 2, 0, 0, 0, 0, 0, 0, 0, 2, 0, 0, 1, 0, 0, 1, 0, 3, 0, 0, 0, 1, 2, 2, 0, 0, 0, 3, 0, 1, 0, 0, 1, 0, 1, 3, 0, 0, 0, 0],904.4638574556285,48626.747966451934,106418.03837132154,false
57,G2_TEC,G2_TEC,[31, 94, 82, 15, 26, 9, 95, 42, 77, 68, 47, 5, 93, 78, 86, 54, 85, 63, 18, 44, 20, 49, 36, 14, 74, 50, 53, 17, 21, 28, 11, 64, 3, 23, 30, 83, 24, 41, 40, 52, 65, 27, 90, 70, 39, 87, 48, 69, 99, 4, 98, 1, 13, 56, 97, 59, 45, 8, 73, 37, 35, 79, 71, 75, 76, 16, 60, 80, 58, 6, 67, 61, 33, 7, 57, 34, 12, 32, 10, 46, 96, 88, 43, 81, 91, 2, 84, 29, 92, 19, 51, 55, 89, 66, 25, 22, 38, 72, 62, 0]|[2, 1, 2, 1, 1, 2, 1, 1, 1, 1, 1, 0, 2, 2, 1, 2, 0, 0, 0, 2, 2, 1, 0, 2, 0, 2, 2, 1, 0, 1, 1, 1, 0, 0, 1, 0, 2, 1, 2, 2, 0, 0, 1, 1, 0, 2, 0, 2, 1, 0, 2, 2, 0, 2, 2, 0, 1, 1, 0, 0, 2, 1, 1, 0, 2, 2, 2, 2, 2, 1, 2, 1, 1, 2, 0, 1, 1, 0, 1, 0, 0, 1, 1, 1, 1, 0, 0, 1, 0, 1, 1, 0, 1, 2, 1, 2, 0, 1, 1, 0]|[0, 3, 0, 3, 4, 1, 4, 4, 4, 4, 3, 2, 1, 0, 2, 1, 1, 1, 2, 1, 1, 3, 0, 1, 0, 1, 1, 4, 1, 4, 3, 2, 2, 0, 4, 1, 1, 4, 1, 1, 2, 1, 4, 4, 1, 1, 0, 1, 3, 2, 1, 1, 2, 1, 1, 2, 4, 3, 0, 2, 1, 3, 3, 2, 1, 1, 1, 1, 1, 4, 1, 3, 4, 1, 2, 4, 3, 2, 3, 2, 2, 4, 4, 4, 3, 2, 2, 3, 2, 4, 3, 2, 4, 1, 4, 1, 2, 4, 3, 2]|[0, 2, 0, 0, 3, 0, 1, 3, 1, 0, 2, 0, 1, 0, 1, 0, 0, 0, 1, 0, 0, 2, 0, 0, 1, 0, 0, 3, 0, 1, 0, 2, 0, 0, 3, 0, 1, 1, 0, 0, 0, 0, 1, 3, 0, 0, 1, 0, 2, 0, 0, 0, 0, 0, 1, 0, 1, 0, 1, 1, 0, 2, 0, 0, 0, 0, 0, 0, 0, 2, 0, 0, 1, 0, 0, 1, 0, 0, 3, 0, 0, 1, 2, 2, 0, 0, 0, 3, 0, 1, 0, 0, 1, 0, 3, 0, 0, 1, 0, 0],910.6016522559228,48427.915453382215,107149.35343126023,false
57,G3_TWC,G3_TWC,[31, 22, 42, 15, 26, 58, 95, 82, 77, 12, 47, 5, 93, 78, 98, 54, 85, 63, 18, 44, 20, 35, 43, 97, 91, 76, 10, 30, 21, 45, 71, 64, 1, 23, 17, 83, 24, 61, 60, 49, 6, 57, 94, 88, 65, 56, 79, 40, 67, 68, 46, 75, 0, 9, 19, 32, 81, 41, 27, 62, 87, 90, 99, 59, 53, 16, 72, 73, 70, 39, 37, 84, 3, 92, 25, 74, 28, 38, 51, 7, 11, 14, 86, 48, 89, 66, 50, 96, 33, 80, 8, 4, 34, 36, 55, 52, 13, 2, 69, 29]|[1, 1, 0, 1, 1, 1, 2, 1, 2, 1, 2, 2, 2, 1, 1, 0, 0, 1, 0, 2, 2, 0, 1, 2, 0, 1, 2, 2, 0, 0, 1, 2, 1, 0, 1, 0, 2, 0, 1, 1, 0, 1, 1, 1, 0, 2, 1, 1, 0, 0, 0, 0, 1, 1, 2, 1, 2, 0, 0, 0, 2, 1, 0, 1, 0, 1, 2, 1, 1, 1, 1, 1, 2, 0, 1, 2, 0, 0, 0, 1, 0, 1, 0, 0, 1, 0, 0, 0, 2, 0, 1, 0, 2, 0, 1, 1, 0, 0, 1, 0]|[4, 3, 2, 2, 0, 0, 2, 2, 2, 4, 1, 1, 2, 4, 4, 1, 1, 4, 2, 1, 1, 1, 1, 2, 1, 2, 1, 1, 1, 1, 3, 2, 3, 0, 4, 0, 1, 1, 0, 3, 2, 2, 4, 0, 1, 1, 3, 2, 0, 1, 2, 2, 1, 4, 0, 3, 2, 1, 1, 2, 1, 3, 1, 1, 2, 3, 0, 4, 3, 1, 4, 1, 1, 2, 4, 1, 2, 1, 1, 3, 2, 3, 1, 1, 1, 1, 1, 1, 1, 1, 3, 2, 1, 1, 4, 1, 2, 2, 3, 2]|[0, 2, 1, 1, 3, 3, 0, 1, 0, 0, 0, 0, 1, 0, 1, 0, 0, 3, 1, 0, 0, 0, 3, 1, 0, 2, 0, 0, 0, 1, 0, 0, 0, 0, 3, 0, 1, 0, 0, 2, 1, 1, 2, 0, 0, 0, 0, 1, 1, 0, 0, 0, 1, 3, 0, 0, 1, 0, 0, 1, 0, 2, 0, 1, 1, 2, 1, 0, 0, 1, 1, 3, 0, 1, 3, 0, 1, 0, 0, 2, 1, 0, 0, 0, 1, 0, 0, 0, 0, 0, 2, 1, 0, 1, 3, 1, 0, 0, 0, 0],845.7931659427186,57778.757532044474,86593.12219517957,false
57,G1_CMAX,G1_CMAX,[31, 22, 90, 26, 58, 95, 42, 12, 93, 5, 78, 86, 98, 18, 20, 35, 3, 97, 91, 76, 10, 85, 54, 45, 63, 71, 66, 1, 23, 17, 24, 60, 36, 6, 57, 15, 65, 56, 47, 79, 94, 67, 50, 46, 14, 75, 38, 9, 30, 19, 32, 81, 27, 92, 83, 87, 40, 99, 59, 11, 53, 16, 72, 77, 73, 70, 39, 37, 84, 43, 62, 25, 55, 28, 29, 51, 68, 82, 74, 61, 88, 21, 80, 89, 7, 69, 96, 41, 48, 4, 8, 34, 49, 52, 0, 44, 13, 2, 64, 33]|[1, 1, 1, 1, 0, 2, 1, 1, 2, 2, 2, 1, 0, 1, 2, 2, 1, 2, 0, 1, 2, 2, 2, 0, 0, 1, 2, 1, 2, 1, 2, 1, 1, 0, 1, 1, 0, 2, 2, 1, 1, 0, 0, 0, 0, 1, 1, 1, 1, 2, 1, 2, 2, 0, 0, 2, 1, 0, 0, 2, 0, 1, 2, 2, 1, 1, 1, 1, 1, 1, 0, 1, 1, 0, 0, 0, 0, 0, 2, 1, 1, 0, 0, 1, 1, 1, 2, 2, 0, 1, 1, 2, 0, 1, 0, 0, 0, 0, 2, 2]|[0, 4, 3, 0, 1, 1, 2, 4, 1, 1, 2, 4, 1, 4, 1, 1, 1, 2, 2, 2, 2, 1, 1, 1, 2, 3, 2, 3, 0, 4, 1, 0, 3, 2, 2, 2, 1, 1, 1, 0, 2, 0, 1, 2, 1, 3, 1, 4, 2, 0, 3, 2, 1, 2, 1, 1, 4, 1, 1, 1, 2, 3, 0, 2, 4, 3, 1, 4, 1, 1, 1, 4, 4, 2, 1, 1, 1, 2, 1, 3, 0, 1, 1, 1, 1, 3, 1, 1, 1, 4, 3, 1, 1, 1, 2, 2, 2, 2, 1, 1]|[3, 0, 2, 3, 0, 0, 1, 0, 0, 0, 1, 0, 0, 3, 0, 0, 1, 1, 1, 2, 1, 0, 0, 0, 0, 0, 0, 0, 0, 3, 1, 0, 2, 1, 1, 1, 0, 0, 0, 0, 1, 1, 0, 0, 0, 0, 1, 3, 2, 0, 0, 1, 0, 1, 0, 0, 2, 0, 0, 0, 1, 2, 1, 1, 0, 0, 1, 1, 3, 3, 0, 3, 3, 1, 0, 0, 0, 1, 0, 0, 0, 0, 0, 1, 2, 2, 0, 0, 0, 0, 2, 0, 1, 1, 0, 0, 0, 0, 0, 0],705.0470749739228,58445.79123614564,95781.2895945797,false
57,G4_BALANCED,G4_BALANCED,[20, 94, 82, 15, 26, 9, 95, 42, 77, 68, 47, 5, 93, 78, 86, 54, 85, 63, 18, 44, 31, 49, 36, 14, 74, 50, 53, 17, 21, 28, 11, 64, 3, 23, 30, 83, 24, 41, 40, 52, 65, 27, 90, 70, 39, 87, 48, 69, 99, 4, 46, 1, 13, 56, 97, 59, 45, 8, 73, 37, 35, 79, 71, 66, 76, 16, 60, 80, 58, 6, 67, 61, 33, 7, 57, 34, 12, 10, 32, 98, 96, 88, 43, 81, 91, 2, 84, 29, 92, 19, 51, 55, 89, 22, 72, 25, 38, 75, 62, 0]|[2, 1, 2, 1, 1, 2, 1, 1, 1, 1, 1, 0, 2, 2, 1, 2, 0, 0, 0, 2, 2, 1, 0, 2, 0, 2, 2, 1, 0, 1, 1, 1, 0, 0, 1, 0, 2, 1, 2, 2, 0, 0, 1, 1, 0, 2, 0, 2, 1, 0, 0, 2, 0, 2, 2, 0, 1, 1, 0, 0, 2, 1, 1, 2, 2, 2, 2, 2, 2, 1, 2, 1, 1, 2, 0, 1, 1, 1, 0, 0, 0, 1, 1, 1, 1, 0, 0, 1, 0, 1, 1, 0, 1, 2, 1, 1, 0, 2, 1, 0]|[0, 3, 0, 3, 4, 1, 4, 4, 4, 4, 3, 2, 1, 0, 2, 1, 1, 1, 2, 1, 1, 3, 0, 1, 0, 1, 1, 4, 1, 4, 3, 2, 2, 0, 4, 1, 1, 4, 1, 1, 2, 1, 4, 4, 1, 1, 0, 1, 3, 2, 2, 1, 2, 1, 1, 2, 4, 3, 0, 2, 1, 3, 3, 1, 1, 1, 1, 1, 1, 4, 1, 3, 4, 1, 2, 4, 3, 3, 2, 2, 2, 4, 4, 4, 3, 2, 2, 3, 2, 4, 3, 2, 4, 1, 4, 4, 2, 1, 3, 2]|[0, 2, 0, 0, 3, 0, 1, 3, 1, 0, 2, 0, 1, 0, 1, 0, 0, 0, 1, 0, 0, 2, 0, 0, 1, 0, 0, 3, 0, 1, 0, 2, 0, 0, 3, 0, 1, 1, 0, 0, 0, 0, 1, 3, 0, 0, 1, 0, 2, 0, 0, 0, 0, 0, 1, 0, 1, 0, 1, 1, 0, 2, 0, 0, 0, 0, 0, 0, 0, 2, 0, 0, 1, 0, 0, 1, 0, 3, 0, 0, 0, 1, 2, 2, 0, 0, 0, 3, 0, 1, 0, 0, 1, 0, 1, 3, 0, 0, 0, 0],904.4638574556285,48626.747966451934,106418.03837132154,false
57,G2_TEC,G2_TEC,[31, 94, 82, 15, 26, 9, 95, 42, 77, 68, 47, 5, 93, 78, 86, 54, 85, 63, 18, 44, 20, 49, 36, 14, 74, 50, 53, 17, 21, 28, 11, 64, 3, 23, 30, 83, 24, 41, 40, 52, 65, 27, 90, 70, 39, 87, 48, 69, 99, 4, 98, 1, 13, 56, 97, 59, 45, 8, 73, 37, 35, 79, 71, 75, 76, 16, 60, 80, 58, 6, 67, 61, 33, 7, 57, 34, 12, 32, 10, 46, 96, 88, 43, 81, 91, 2, 84, 29, 92, 19, 51, 55, 89, 66, 25, 22, 38, 72, 62, 0]|[2, 1, 2, 1, 1, 2, 1, 1, 1, 1, 1, 0, 2, 2, 1, 2, 0, 0, 0, 2, 2, 1, 0, 2, 0, 2, 2, 1, 0, 1, 1, 1, 0, 0, 1, 0, 2, 1, 2, 2, 0, 0, 1, 1, 0, 2, 0, 2, 1, 0, 2, 2, 0, 2, 2, 0, 1, 1, 0, 0, 2, 1, 1, 0, 2, 2, 2, 2, 2, 1, 2, 1, 1, 2, 0, 1, 1, 0, 1, 0, 0, 1, 1, 1, 1, 0, 0, 1, 0, 1, 1, 0, 1, 2, 1, 2, 0, 1, 1, 0]|[0, 3, 0, 3, 4, 1, 4, 4, 4, 4, 3, 2, 1, 0, 2, 1, 1, 1, 2, 1, 1, 3, 0, 1, 0, 1, 1, 4, 1, 4, 3, 2, 2, 0, 4, 1, 1, 4, 1, 1, 2, 1, 4, 4, 1, 1, 0, 1, 3, 2, 1, 1, 2, 1, 1, 2, 4, 3, 0, 2, 1, 3, 3, 2, 1, 1, 1, 1, 1, 4, 1, 3, 4, 1, 2, 4, 3, 2, 3, 2, 2, 4, 4, 4, 3, 2, 2, 3, 2, 4, 3, 2, 4, 1, 4, 1, 2, 4, 3, 2]|[0, 2, 0, 0, 3, 0, 1, 3, 1, 0, 2, 0, 1, 0, 1, 0, 0, 0, 1, 0, 0, 2, 0, 0, 1, 0, 0, 3, 0, 1, 0, 2, 0, 0, 3, 0, 1, 1, 0, 0, 0, 0, 1, 3, 0, 0, 1, 0, 2, 0, 0, 0, 0, 0, 1, 0, 1, 0, 1, 1, 0, 2, 0, 0, 0, 0, 0, 0, 0, 2, 0, 0, 1, 0, 0, 1, 0, 0, 3, 0, 0, 1, 2, 2, 0, 0, 0, 3, 0, 1, 0, 0, 1, 0, 3, 0, 0, 1, 0, 0],910.6016522559228,48427.915453382215,107149.35343126023,false
57,G3_TWC,G3_TWC,[31, 22, 42, 15, 26, 58, 95, 82, 77, 12, 47, 5, 93, 78, 98, 54, 85, 63, 18, 44, 20, 35, 43, 97, 91, 76, 10, 30, 21, 45, 71, 64, 1, 23, 17, 83, 24, 61, 60, 49, 6, 57, 94, 88, 65, 56, 79, 40, 67, 68, 46, 75, 0, 9, 19, 32, 81, 41, 27, 62, 87, 90, 99, 59, 53, 16, 72, 73, 70, 39, 37, 84, 3, 92, 25, 74, 28, 38, 51, 7, 11, 14, 86, 48, 89, 66, 50, 96, 33, 80, 8, 4, 34, 36, 55, 52, 13, 2, 69, 29]|[1, 1, 0, 1, 1, 1, 2, 1, 2, 1, 2, 2, 2, 1, 1, 0, 0, 1, 0, 2, 2, 0, 1, 2, 0, 1, 2, 2, 0, 0, 1, 2, 1, 0, 1, 0, 2, 0, 1, 1, 0, 1, 1, 1, 0, 2, 1, 1, 0, 0, 0, 0, 1, 1, 2, 1, 2, 0, 0, 0, 2, 1, 0, 1, 0, 1, 2, 1, 1, 1, 1, 1, 2, 0, 1, 2, 0, 0, 0, 1, 0, 1, 0, 0, 1, 0, 0, 0, 2, 0, 1, 0, 2, 0, 1, 1, 0, 0, 1, 0]|[4, 3, 2, 2, 0, 0, 2, 2, 2, 4, 1, 1, 2, 4, 4, 1, 1, 4, 2, 1, 1, 1, 1, 2, 1, 2, 1, 1, 1, 1, 3, 2, 3, 0, 4, 0, 1, 1, 0, 3, 2, 2, 4, 0, 1, 1, 3, 2, 0, 1, 2, 2, 1, 4, 0, 3, 2, 1, 1, 2, 1, 3, 1, 1, 2, 3, 0, 4, 3, 1, 4, 1, 1, 2, 4, 1, 2, 1, 1, 3, 2, 3, 1, 1, 1, 1, 1, 1, 1, 1, 3, 2, 1, 1, 4, 1, 2, 2, 3, 2]|[0, 2, 1, 1, 3, 3, 0, 1, 0, 0, 0, 0, 1, 0, 1, 0, 0, 3, 1, 0, 0, 0, 3, 1, 0, 2, 0, 0, 0, 1, 0, 0, 0, 0, 3, 0, 1, 0, 0, 2, 1, 1, 2, 0, 0, 0, 0, 1, 1, 0, 0, 0, 1, 3, 0, 0, 1, 0, 0, 1, 0, 2, 0, 1, 1, 2, 1, 0, 0, 1, 1, 3, 0, 1, 3, 0, 1, 0, 0, 2, 1, 0, 0, 0, 1, 0, 0, 0, 0, 0, 2, 1, 0, 1, 3, 1, 0, 0, 0, 0],845.7931659427186,57778.757532044474,86593.12219517957,false
57,G1_CMAX,G1_CMAX,[31, 22, 90, 26, 58, 95, 42, 12, 93, 5, 78, 86, 98, 18, 20, 35, 3, 97, 91, 76, 10, 85, 54, 45, 63, 71, 66, 1, 23, 17, 24, 60, 36, 6, 57, 15, 65, 56, 47, 79, 94, 67, 50, 46, 14, 75, 38, 9, 30, 19, 32, 81, 27, 92, 83, 87, 40, 99, 59, 11, 53, 16, 72, 77, 73, 70, 39, 37, 84, 43, 62, 25, 55, 28, 29, 51, 68, 82, 74, 61, 88, 21, 80, 89, 7, 69, 96, 41, 48, 4, 8, 34, 49, 52, 0, 44, 13, 2, 64, 33]|[1, 1, 1, 1, 0, 2, 1, 1, 2, 2, 2, 1, 0, 1, 2, 2, 1, 2, 0, 1, 2, 2, 2, 0, 0, 1, 2, 1, 2, 1, 2, 1, 1, 0, 1, 1, 0, 2, 2, 1, 1, 0, 0, 0, 0, 1, 1, 1, 1, 2, 1, 2, 2, 0, 0, 2, 1, 0, 0, 2, 0, 1, 2, 2, 1, 1, 1, 1, 1, 1, 0, 1, 1, 0, 0, 0, 0, 0, 2, 1, 1, 0, 0, 1, 1, 1, 2, 2, 0, 1, 1, 2, 0, 1, 0, 0, 0, 0, 2, 2]|[0, 4, 3, 0, 1, 1, 2, 4, 1, 1, 2, 4, 1, 4, 1, 1, 1, 2, 2, 2, 2, 1, 1, 1, 2, 3, 2, 3, 0, 4, 1, 0, 3, 2, 2, 2, 1, 1, 1, 0, 2, 0, 1, 2, 1, 3, 1, 4, 2, 0, 3, 2, 1, 2, 1, 1, 4, 1, 1, 1, 2, 3, 0, 2, 4, 3, 1, 4, 1, 1, 1, 4, 4, 2, 1, 1, 1, 2, 1, 3, 0, 1, 1, 1, 1, 3, 1, 1, 1, 4, 3, 1, 1, 1, 2, 2, 2, 2, 1, 1]|[3, 0, 2, 3, 0, 0, 1, 0, 0, 0, 1, 0, 0, 3, 0, 0, 1, 1, 1, 2, 1, 0, 0, 0, 0, 0, 0, 0, 0, 3, 1, 0, 2, 1, 1, 1, 0, 0, 0, 0, 1, 1, 0, 0, 0, 0, 1, 3, 2, 0, 0, 1, 0, 1, 0, 0, 2, 0, 0, 0, 1, 2, 1, 1, 0, 0, 1, 1, 3, 3, 0, 3, 3, 1, 0, 0, 0, 1, 0, 0, 0, 0, 0, 1, 2, 2, 0, 0, 0, 0, 2, 0, 1, 1, 0, 0, 0, 0, 0, 0],705.0470749739228,58445.79123614564,95781.2895945797,false
57,G4_BALANCED,G4_BALANCED,[20, 94, 82, 15, 26, 9, 95, 42, 77, 68, 47, 5, 93, 78, 86, 54, 85, 63, 18, 44, 31, 49, 36, 14, 74, 50, 53, 17, 21, 28, 11, 64, 3, 23, 30, 83, 24, 41, 40, 52, 65, 27, 90, 70, 39, 87, 48, 69, 99, 4, 46, 1, 13, 56, 97, 59, 45, 8, 73, 37, 35, 79, 71, 66, 76, 16, 60, 80, 58, 6, 67, 61, 33, 7, 57, 34, 12, 10, 32, 98, 96, 88, 43, 81, 91, 2, 84, 29, 92, 19, 51, 55, 89, 22, 72, 25, 38, 75, 62, 0]|[2, 1, 2, 1, 1, 2, 1, 1, 1, 1, 1, 0, 2, 2, 1, 2, 0, 0, 0, 2, 2, 1, 0, 2, 0, 2, 2, 1, 0, 1, 1, 1, 0, 0, 1, 0, 2, 1, 2, 2, 0, 0, 1, 1, 0, 2, 0, 2, 1, 0, 0, 2, 0, 2, 2, 0, 1, 1, 0, 0, 2, 1, 1, 2, 2, 2, 2, 2, 2, 1, 2, 1, 1, 2, 0, 1, 1, 1, 0, 0, 0, 1, 1, 1, 1, 0, 0, 1, 0, 1, 1, 0, 1, 2, 1, 1, 0, 2, 1, 0]|[0, 3, 0, 3, 4, 1, 4, 4, 4, 4, 3, 2, 1, 0, 2, 1, 1, 1, 2, 1, 1, 3, 0, 1, 0, 1, 1, 4, 1, 4, 3, 2, 2, 0, 4, 1, 1, 4, 1, 1, 2, 1, 4, 4, 1, 1, 0, 1, 3, 2, 2, 1, 2, 1, 1, 2, 4, 3, 0, 2, 1, 3, 3, 1, 1, 1, 1, 1, 1, 4, 1, 3, 4, 1, 2, 4, 3, 3, 2, 2, 2, 4, 4, 4, 3, 2, 2, 3, 2, 4, 3, 2, 4, 1, 4, 4, 2, 1, 3, 2]|[0, 2, 0, 0, 3, 0, 1, 3, 1, 0, 2, 0, 1, 0, 1, 0, 0, 0, 1, 0, 0, 2, 0, 0, 1, 0, 0, 3, 0, 1, 0, 2, 0, 0, 3, 0, 1, 1, 0, 0, 0, 0, 1, 3, 0, 0, 1, 0, 2, 0, 0, 0, 0, 0, 1, 0, 1, 0, 1, 1, 0, 2, 0, 0, 0, 0, 0, 0, 0, 2, 0, 0, 1, 0, 0, 1, 0, 3, 0, 0, 0, 1, 2, 2, 0, 0, 0, 3, 0, 1, 0, 0, 1, 0, 1, 3, 0, 0, 0, 0],904.4638574556285,48626.747966451934,106418.03837132154,false
57,G2_TEC,G2_TEC,[31, 94, 82, 15, 26, 9, 95, 42, 77, 68, 47, 5, 93, 78, 86, 54, 85, 63, 18, 44, 20, 49, 36, 14, 74, 50, 53, 17, 21, 28, 11, 64, 3, 23, 30, 83, 24, 41, 40, 52, 65, 27, 90, 70, 39, 87, 48, 69, 99, 4, 98, 1, 13, 56, 97, 59, 45, 8, 73, 37, 35, 79, 71, 75, 76, 16, 60, 80, 58, 6, 67, 61, 33, 7, 57, 34, 12, 32, 10, 46, 96, 88, 43, 81, 91, 2, 84, 29, 92, 19, 51, 55, 89, 66, 25, 22, 38, 72, 62, 0]|[2, 1, 2, 1, 1, 2, 1, 1, 1, 1, 1, 0, 2, 2, 1, 2, 0, 0, 0, 2, 2, 1, 0, 2, 0, 2, 2, 1, 0, 1, 1, 1, 0, 0, 1, 0, 2, 1, 2, 2, 0, 0, 1, 1, 0, 2, 0, 2, 1, 0, 2, 2, 0, 2, 2, 0, 1, 1, 0, 0, 2, 1, 1, 0, 2, 2, 2, 2, 2, 1, 2, 1, 1, 2, 0, 1, 1, 0, 1, 0, 0, 1, 1, 1, 1, 0, 0, 1, 0, 1, 1, 0, 1, 2, 1, 2, 0, 1, 1, 0]|[0, 3, 0, 3, 4, 1, 4, 4, 4, 4, 3, 2, 1, 0, 2, 1, 1, 1, 2, 1, 1, 3, 0, 1, 0, 1, 1, 4, 1, 4, 3, 2, 2, 0, 4, 1, 1, 4, 1, 1, 2, 1, 4, 4, 1, 1, 0, 1, 3, 2, 1, 1, 2, 1, 1, 2, 4, 3, 0, 2, 1, 3, 3, 2, 1, 1, 1, 1, 1, 4, 1, 3, 4, 1, 2, 4, 3, 2, 3, 2, 2, 4, 4, 4, 3, 2, 2, 3, 2, 4, 3, 2, 4, 1, 4, 1, 2, 4, 3, 2]|[0, 2, 0, 0, 3, 0, 1, 3, 1, 0, 2, 0, 1, 0, 1, 0, 0, 0, 1, 0, 0, 2, 0, 0, 1, 0, 0, 3, 0, 1, 0, 2, 0, 0, 3, 0, 1, 1, 0, 0, 0, 0, 1, 3, 0, 0, 1, 0, 2, 0, 0, 0, 0, 0, 1, 0, 1, 0, 1, 1, 0, 2, 0, 0, 0, 0, 0, 0, 0, 2, 0, 0, 1, 0, 0, 1, 0, 0, 3, 0, 0, 1, 2, 2, 0, 0, 0, 3, 0, 1, 0, 0, 1, 0, 3, 0, 0, 1, 0, 0],910.6016522559228,48427.915453382215,107149.35343126023,false
57,G3_TWC,G3_TWC,[31, 22, 42, 15, 26, 58, 95, 82, 77, 12, 47, 5, 93, 78, 98, 54, 85, 63, 18, 44, 20, 35, 43, 97, 91, 76, 10, 30, 21, 45, 71, 64, 1, 23, 17, 83, 24, 61, 60, 49, 6, 57, 94, 88, 65, 56, 79, 40, 67, 68, 46, 75, 0, 9, 19, 32, 81, 41, 27, 62, 87, 90, 99, 59, 53, 16, 72, 73, 70, 39, 37, 84, 3, 92, 25, 74, 28, 38, 51, 7, 11, 14, 86, 48, 89, 66, 50, 96, 33, 80, 8, 4, 34, 36, 55, 52, 13, 2, 69, 29]|[1, 1, 0, 1, 1, 1, 2, 1, 2, 1, 2, 2, 2, 1, 1, 0, 0, 1, 0, 2, 2, 0, 1, 2, 0, 1, 2, 2, 0, 0, 1, 2, 1, 0, 1, 0, 2, 0, 1, 1, 0, 1, 1, 1, 0, 2, 1, 1, 0, 0, 0, 0, 1, 1, 2, 1, 2, 0, 0, 0, 2, 1, 0, 1, 0, 1, 2, 1, 1, 1, 1, 1, 2, 0, 1, 2, 0, 0, 0, 1, 0, 1, 0, 0, 1, 0, 0, 0, 2, 0, 1, 0, 2, 0, 1, 1, 0, 0, 1, 0]|[4, 3, 2, 2, 0, 0, 2, 2, 2, 4, 1, 1, 2, 4, 4, 1, 1, 4, 2, 1, 1, 1, 1, 2, 1, 2, 1, 1, 1, 1, 3, 2, 3, 0, 4, 0, 1, 1, 0, 3, 2, 2, 4, 0, 1, 1, 3, 2, 0, 1, 2, 2, 1, 4, 0, 3, 2, 1, 1, 2, 1, 3, 1, 1, 2, 3, 0, 4, 3, 1, 4, 1, 1, 2, 4, 1, 2, 1, 1, 3, 2, 3, 1, 1, 1, 1, 1, 1, 1, 1, 3, 2, 1, 1, 4, 1, 2, 2, 3, 2]|[0, 2, 1, 1, 3, 3, 0, 1, 0, 0, 0, 0, 1, 0, 1, 0, 0, 3, 1, 0, 0, 0, 3, 1, 0, 2, 0, 0, 0, 1, 0, 0, 0, 0, 3, 0, 1, 0, 0, 2, 1, 1, 2, 0, 0, 0, 0, 1, 1, 0, 0, 0, 1, 3, 0, 0, 1, 0, 0, 1, 0, 2, 0, 1, 1, 2, 1, 0, 0, 1, 1, 3, 0, 1, 3, 0, 1, 0, 0, 2, 1, 0, 0, 0, 1, 0, 0, 0, 0, 0, 2, 1, 0, 1, 3, 1, 0, 0, 0, 0],845.7931659427186,57778.757532044474,86593.12219517957,false
57,G1_CMAX,G1_CMAX,[31, 22, 90, 26, 58, 95, 42, 12, 93, 5, 78, 86, 98, 18, 20, 35, 3, 97, 91, 76, 10, 85, 54, 45, 63, 71, 66, 1, 23, 17, 24, 60, 36, 6, 57, 15, 65, 56, 47, 79, 94, 67, 50, 46, 14, 75, 38, 9, 30, 19, 32, 81, 27, 92, 83, 87, 40, 99, 59, 11, 53, 16, 72, 77, 73, 70, 39, 37, 84, 43, 62, 25, 55, 28, 29, 51, 68, 82, 74, 61, 88, 21, 80, 89, 7, 69, 96, 41, 48, 4, 8, 34, 49, 52, 0, 44, 13, 2, 64, 33]|[1, 1, 1, 1, 0, 2, 1, 1, 2, 2, 2, 1, 0, 1, 2, 2, 1, 2, 0, 1, 2, 2, 2, 0, 0, 1, 2, 1, 2, 1, 2, 1, 1, 0, 1, 1, 0, 2, 2, 1, 1, 0, 0, 0, 0, 1, 1, 1, 1, 2, 1, 2, 2, 0, 0, 2, 1, 0, 0, 2, 0, 1, 2, 2, 1, 1, 1, 1, 1, 1, 0, 1, 1, 0, 0, 0, 0, 0, 2, 1, 1, 0, 0, 1, 1, 1, 2, 2, 0, 1, 1, 2, 0, 1, 0, 0, 0, 0, 2, 2]|[0, 4, 3, 0, 1, 1, 2, 4, 1, 1, 2, 4, 1, 4, 1, 1, 1, 2, 2, 2, 2, 1, 1, 1, 2, 3, 2, 3, 0, 4, 1, 0, 3, 2, 2, 2, 1, 1, 1, 0, 2, 0, 1, 2, 1, 3, 1, 4, 2, 0, 3, 2, 1, 2, 1, 1, 4, 1, 1, 1, 2, 3, 0, 2, 4, 3, 1, 4, 1, 1, 1, 4, 4, 2, 1, 1, 1, 2, 1, 3, 0, 1, 1, 1, 1, 3, 1, 1, 1, 4, 3, 1, 1, 1, 2, 2, 2, 2, 1, 1]|[3, 0, 2, 3, 0, 0, 1, 0, 0, 0, 1, 0, 0, 3, 0, 0, 1, 1, 1, 2, 1, 0, 0, 0, 0, 0, 0, 0, 0, 3, 1, 0, 2, 1, 1, 1, 0, 0, 0, 0, 1, 1, 0, 0, 0, 0, 1, 3, 2, 0, 0, 1, 0, 1, 0, 0, 2, 0, 0, 0, 1, 2, 1, 1, 0, 0, 1, 1, 3, 3, 0, 3, 3, 1, 0, 0, 0, 1, 0, 0, 0, 0, 0, 1, 2, 2, 0, 0, 0, 0, 2, 0, 1, 1, 0, 0, 0, 0, 0, 0],705.0470749739228,58445.79123614564,95781.2895945797,false
57,G4_BALANCED,G4_BALANCED,[20, 94, 82, 15, 26, 9, 95, 42, 77, 68, 47, 5, 93, 78, 86, 54, 85, 63, 18, 44, 31, 49, 36, 14, 74, 50, 53, 17, 21, 28, 11, 64, 3, 23, 30, 83, 24, 41, 40, 52, 65, 27, 90, 70, 39, 87, 48, 69, 99, 4, 46, 1, 13, 56, 97, 59, 45, 8, 73, 37, 35, 79, 71, 66, 76, 16, 60, 80, 58, 6, 67, 61, 33, 7, 57, 34, 12, 10, 32, 98, 96, 88, 43, 81, 91, 2, 84, 29, 92, 19, 51, 55, 89, 22, 72, 25, 38, 75, 62, 0]|[2, 1, 2, 1, 1, 2, 1, 1, 1, 1, 1, 0, 2, 2, 1, 2, 0, 0, 0, 2, 2, 1, 0, 2, 0, 2, 2, 1, 0, 1, 1, 1, 0, 0, 1, 0, 2, 1, 2, 2, 0, 0, 1, 1, 0, 2, 0, 2, 1, 0, 0, 2, 0, 2, 2, 0, 1, 1, 0, 0, 2, 1, 1, 2, 2, 2, 2, 2, 2, 1, 2, 1, 1, 2, 0, 1, 1, 1, 0, 0, 0, 1, 1, 1, 1, 0, 0, 1, 0, 1, 1, 0, 1, 2, 1, 1, 0, 2, 1, 0]|[0, 3, 0, 3, 4, 1, 4, 4, 4, 4, 3, 2, 1, 0, 2, 1, 1, 1, 2, 1, 1, 3, 0, 1, 0, 1, 1, 4, 1, 4, 3, 2, 2, 0, 4, 1, 1, 4, 1, 1, 2, 1, 4, 4, 1, 1, 0, 1, 3, 2, 2, 1, 2, 1, 1, 2, 4, 3, 0, 2, 1, 3, 3, 1, 1, 1, 1, 1, 1, 4, 1, 3, 4, 1, 2, 4, 3, 3, 2, 2, 2, 4, 4, 4, 3, 2, 2, 3, 2, 4, 3, 2, 4, 1, 4, 4, 2, 1, 3, 2]|[0, 2, 0, 0, 3, 0, 1, 3, 1, 0, 2, 0, 1, 0, 1, 0, 0, 0, 1, 0, 0, 2, 0, 0, 1, 0, 0, 3, 0, 1, 0, 2, 0, 0, 3, 0, 1, 1, 0, 0, 0, 0, 1, 3, 0, 0, 1, 0, 2, 0, 0, 0, 0, 0, 1, 0, 1, 0, 1, 1, 0, 2, 0, 0, 0, 0, 0, 0, 0, 2, 0, 0, 1, 0, 0, 1, 0, 3, 0, 0, 0, 1, 2, 2, 0, 0, 0, 3, 0, 1, 0, 0, 1, 0, 1, 3, 0, 0, 0, 0],904.4638574556285,48626.747966451934,106418.03837132154,false
57,G2_TEC,G2_TEC,[31, 94, 82, 15, 26, 9, 95, 42, 77, 68, 47, 5, 93, 78, 86, 54, 85, 63, 18, 44, 20, 49, 36, 14, 74, 50, 53, 17, 21, 28, 11, 64, 3, 23, 30, 83, 24, 41, 40, 52, 65, 27, 90, 70, 39, 87, 48, 69, 99, 4, 98, 1, 13, 56, 97, 59, 45, 8, 73, 37, 35, 79, 71, 75, 76, 16, 60, 80, 58, 6, 67, 61, 33, 7, 57, 34, 12, 32, 10, 46, 96, 88, 43, 81, 91, 2, 84, 29, 92, 19, 51, 55, 89, 66, 25, 22, 38, 72, 62, 0]|[2, 1, 2, 1, 1, 2, 1, 1, 1, 1, 1, 0, 2, 2, 1, 2, 0, 0, 0, 2, 2, 1, 0, 2, 0, 2, 2, 1, 0, 1, 1, 1, 0, 0, 1, 0, 2, 1, 2, 2, 0, 0, 1, 1, 0, 2, 0, 2, 1, 0, 2, 2, 0, 2, 2, 0, 1, 1, 0, 0, 2, 1, 1, 0, 2, 2, 2, 2, 2, 1, 2, 1, 1, 2, 0, 1, 1, 0, 1, 0, 0, 1, 1, 1, 1, 0, 0, 1, 0, 1, 1, 0, 1, 2, 1, 2, 0, 1, 1, 0]|[0, 3, 0, 3, 4, 1, 4, 4, 4, 4, 3, 2, 1, 0, 2, 1, 1, 1, 2, 1, 1, 3, 0, 1, 0, 1, 1, 4, 1, 4, 3, 2, 2, 0, 4, 1, 1, 4, 1, 1, 2, 1, 4, 4, 1, 1, 0, 1, 3, 2, 1, 1, 2, 1, 1, 2, 4, 3, 0, 2, 1, 3, 3, 2, 1, 1, 1, 1, 1, 4, 1, 3, 4, 1, 2, 4, 3, 2, 3, 2, 2, 4, 4, 4, 3, 2, 2, 3, 2, 4, 3, 2, 4, 1, 4, 1, 2, 4, 3, 2]|[0, 2, 0, 0, 3, 0, 1, 3, 1, 0, 2, 0, 1, 0, 1, 0, 0, 0, 1, 0, 0, 2, 0, 0, 1, 0, 0, 3, 0, 1, 0, 2, 0, 0, 3, 0, 1, 1, 0, 0, 0, 0, 1, 3, 0, 0, 1, 0, 2, 0, 0, 0, 0, 0, 1, 0, 1, 0, 1, 1, 0, 2, 0, 0, 0, 0, 0, 0, 0, 2, 0, 0, 1, 0, 0, 1, 0, 0, 3, 0, 0, 1, 2, 2, 0, 0, 0, 3, 0, 1, 0, 0, 1, 0, 3, 0, 0, 1, 0, 0],910.6016522559228,48427.915453382215,107149.35343126023,false
57,G3_TWC,G3_TWC,[31, 22, 42, 15, 26, 58, 95, 82, 77, 12, 47, 5, 93, 78, 98, 54, 85, 63, 18, 44, 20, 35, 43, 97, 91, 76, 10, 30, 21, 45, 71, 64, 1, 23, 17, 83, 24, 61, 60, 49, 6, 57, 94, 88, 65, 56, 79, 40, 67, 68, 46, 75, 0, 9, 19, 32, 81, 41, 27, 62, 87, 90, 99, 59, 53, 16, 72, 73, 70, 39, 37, 84, 3, 92, 25, 74, 28, 38, 51, 7, 11, 14, 86, 48, 89, 66, 50, 96, 33, 80, 8, 4, 34, 36, 55, 52, 13, 2, 69, 29]|[1, 1, 0, 1, 1, 1, 2, 1, 2, 1, 2, 2, 2, 1, 1, 0, 0, 1, 0, 2, 2, 0, 1, 2, 0, 1, 2, 2, 0, 0, 1, 2, 1, 0, 1, 0, 2, 0, 1, 1, 0, 1, 1, 1, 0, 2, 1, 1, 0, 0, 0, 0, 1, 1, 2, 1, 2, 0, 0, 0, 2, 1, 0, 1, 0, 1, 2, 1, 1, 1, 1, 1, 2, 0, 1, 2, 0, 0, 0, 1, 0, 1, 0, 0, 1, 0, 0, 0, 2, 0, 1, 0, 2, 0, 1, 1, 0, 0, 1, 0]|[4, 3, 2, 2, 0, 0, 2, 2, 2, 4, 1, 1, 2, 4, 4, 1, 1, 4, 2, 1, 1, 1, 1, 2, 1, 2, 1, 1, 1, 1, 3, 2, 3, 0, 4, 0, 1, 1, 0, 3, 2, 2, 4, 0, 1, 1, 3, 2, 0, 1, 2, 2, 1, 4, 0, 3, 2, 1, 1, 2, 1, 3, 1, 1, 2, 3, 0, 4, 3, 1, 4, 1, 1, 2, 4, 1, 2, 1, 1, 3, 2, 3, 1, 1, 1, 1, 1, 1, 1, 1, 3, 2, 1, 1, 4, 1, 2, 2, 3, 2]|[0, 2, 1, 1, 3, 3, 0, 1, 0, 0, 0, 0, 1, 0, 1, 0, 0, 3, 1, 0, 0, 0, 3, 1, 0, 2, 0, 0, 0, 1, 0, 0, 0, 0, 3, 0, 1, 0, 0, 2, 1, 1, 2, 0, 0, 0, 0, 1, 1, 0, 0, 0, 1, 3, 0, 0, 1, 0, 0, 1, 0, 2, 0, 1, 1, 2, 1, 0, 0, 1, 1, 3, 0, 1, 3, 0, 1, 0, 0, 2, 1, 0, 0, 0, 1, 0, 0, 0, 0, 0, 2, 1, 0, 1, 3, 1, 0, 0, 0, 0],845.7931659427186,57778.757532044474,86593.12219517957,false
57,G1_CMAX,G1_CMAX,[31, 22, 90, 26, 58, 95, 42, 12, 93, 5, 78, 86, 98, 18, 20, 35, 3, 97, 91, 76, 10, 85, 54, 45, 63, 71, 66, 1, 23, 17, 24, 60, 36, 6, 57, 15, 65, 56, 47, 79, 94, 67, 50, 46, 14, 75, 38, 9, 30, 19, 32, 81, 27, 92, 83, 87, 40, 99, 59, 11, 53, 16, 72, 77, 73, 70, 39, 37, 84, 43, 62, 25, 55, 28, 29, 51, 68, 82, 74, 61, 88, 21, 80, 89, 7, 69, 96, 41, 48, 4, 8, 34, 49, 52, 0, 44, 13, 2, 64, 33]|[1, 1, 1, 1, 0, 2, 1, 1, 2, 2, 2, 1, 0, 1, 2, 2, 1, 2, 0, 1, 2, 2, 2, 0, 0, 1, 2, 1, 2, 1, 2, 1, 1, 0, 1, 1, 0, 2, 2, 1, 1, 0, 0, 0, 0, 1, 1, 1, 1, 2, 1, 2, 2, 0, 0, 2, 1, 0, 0, 2, 0, 1, 2, 2, 1, 1, 1, 1, 1, 1, 0, 1, 1, 0, 0, 0, 0, 0, 2, 1, 1, 0, 0, 1, 1, 1, 2, 2, 0, 1, 1, 2, 0, 1, 0, 0, 0, 0, 2, 2]|[0, 4, 3, 0, 1, 1, 2, 4, 1, 1, 2, 4, 1, 4, 1, 1, 1, 2, 2, 2, 2, 1, 1, 1, 2, 3, 2, 3, 0, 4, 1, 0, 3, 2, 2, 2, 1, 1, 1, 0, 2, 0, 1, 2, 1, 3, 1, 4, 2, 0, 3, 2, 1, 2, 1, 1, 4, 1, 1, 1, 2, 3, 0, 2, 4, 3, 1, 4, 1, 1, 1, 4, 4, 2, 1, 1, 1, 2, 1, 3, 0, 1, 1, 1, 1, 3, 1, 1, 1, 4, 3, 1, 1, 1, 2, 2, 2, 2, 1, 1]|[3, 0, 2, 3, 0, 0, 1, 0, 0, 0, 1, 0, 0, 3, 0, 0, 1, 1, 1, 2, 1, 0, 0, 0, 0, 0, 0, 0, 0, 3, 1, 0, 2, 1, 1, 1, 0, 0, 0, 0, 1, 1, 0, 0, 0, 0, 1, 3, 2, 0, 0, 1, 0, 1, 0, 0, 2, 0, 0, 0, 1, 2, 1, 1, 0, 0, 1, 1, 3, 3, 0, 3, 3, 1, 0, 0, 0, 1, 0, 0, 0, 0, 0, 1, 2, 2, 0, 0, 0, 0, 2, 0, 1, 1, 0, 0, 0, 0, 0, 0],705.0470749739228,58445.79123614564,95781.2895945797,false
57,G4_BALANCED,G4_BALANCED,[20, 94, 82, 15, 26, 9, 95, 42, 77, 68, 47, 5, 93, 78, 86, 54, 85, 63, 18, 44, 31, 49, 36, 14, 74, 50, 53, 17, 21, 28, 11, 64, 3, 23, 30, 83, 24, 41, 40, 52, 65, 27, 90, 70, 39, 87, 48, 69, 99, 4, 46, 1, 13, 56, 97, 59, 45, 8, 73, 37, 35, 79, 71, 66, 76, 16, 60, 80, 58, 6, 67, 61, 33, 7, 57, 34, 12, 10, 32, 98, 96, 88, 43, 81, 91, 2, 84, 29, 92, 19, 51, 55, 89, 22, 72, 25, 38, 75, 62, 0]|[2, 1, 2, 1, 1, 2, 1, 1, 1, 1, 1, 0, 2, 2, 1, 2, 0, 0, 0, 2, 2, 1, 0, 2, 0, 2, 2, 1, 0, 1, 1, 1, 0, 0, 1, 0, 2, 1, 2, 2, 0, 0, 1, 1, 0, 2, 0, 2, 1, 0, 0, 2, 0, 2, 2, 0, 1, 1, 0, 0, 2, 1, 1, 2, 2, 2, 2, 2, 2, 1, 2, 1, 1, 2, 0, 1, 1, 1, 0, 0, 0, 1, 1, 1, 1, 0, 0, 1, 0, 1, 1, 0, 1, 2, 1, 1, 0, 2, 1, 0]|[0, 3, 0, 3, 4, 1, 4, 4, 4, 4, 3, 2, 1, 0, 2, 1, 1, 1, 2, 1, 1, 3, 0, 1, 0, 1, 1, 4, 1, 4, 3, 2, 2, 0, 4, 1, 1, 4, 1, 1, 2, 1, 4, 4, 1, 1, 0, 1, 3, 2, 2, 1, 2, 1, 1, 2, 4, 3, 0, 2, 1, 3, 3, 1, 1, 1, 1, 1, 1, 4, 1, 3, 4, 1, 2, 4, 3, 3, 2, 2, 2, 4, 4, 4, 3, 2, 2, 3, 2, 4, 3, 2, 4, 1, 4, 4, 2, 1, 3, 2]|[0, 2, 0, 0, 3, 0, 1, 3, 1, 0, 2, 0, 1, 0, 1, 0, 0, 0, 1, 0, 0, 2, 0, 0, 1, 0, 0, 3, 0, 1, 0, 2, 0, 0, 3, 0, 1, 1, 0, 0, 0, 0, 1, 3, 0, 0, 1, 0, 2, 0, 0, 0, 0, 0, 1, 0, 1, 0, 1, 1, 0, 2, 0, 0, 0, 0, 0, 0, 0, 2, 0, 0, 1, 0, 0, 1, 0, 3, 0, 0, 0, 1, 2, 2, 0, 0, 0, 3, 0, 1, 0, 0, 1, 0, 1, 3, 0, 0, 0, 0],904.4638574556285,48626.747966451934,106418.03837132154,false
57,G2_TEC,G2_TEC,[31, 94, 82, 15, 26, 9, 95, 42, 77, 68, 47, 5, 93, 78, 86, 54, 85, 63, 18, 44, 20, 49, 36, 14, 74, 50, 53, 17, 21, 28, 11, 64, 3, 23, 30, 83, 24, 41, 40, 52, 65, 27, 90, 70, 39, 87, 48, 69, 99, 4, 98, 1, 13, 56, 97, 59, 45, 8, 73, 37, 35, 79, 71, 75, 76, 16, 60, 80, 58, 6, 67, 61, 33, 7, 57, 34, 12, 32, 10, 46, 96, 88, 43, 81, 91, 2, 84, 29, 92, 19, 51, 55, 89, 66, 25, 22, 38, 72, 62, 0]|[2, 1, 2, 1, 1, 2, 1, 1, 1, 1, 1, 0, 2, 2, 1, 2, 0, 0, 0, 2, 2, 1, 0, 2, 0, 2, 2, 1, 0, 1, 1, 1, 0, 0, 1, 0, 2, 1, 2, 2, 0, 0, 1, 1, 0, 2, 0, 2, 1, 0, 2, 2, 0, 2, 2, 0, 1, 1, 0, 0, 2, 1, 1, 0, 2, 2, 2, 2, 2, 1, 2, 1, 1, 2, 0, 1, 1, 0, 1, 0, 0, 1, 1, 1, 1, 0, 0, 1, 0, 1, 1, 0, 1, 2, 1, 2, 0, 1, 1, 0]|[0, 3, 0, 3, 4, 1, 4, 4, 4, 4, 3, 2, 1, 0, 2, 1, 1, 1, 2, 1, 1, 3, 0, 1, 0, 1, 1, 4, 1, 4, 3, 2, 2, 0, 4, 1, 1, 4, 1, 1, 2, 1, 4, 4, 1, 1, 0, 1, 3, 2, 1, 1, 2, 1, 1, 2, 4, 3, 0, 2, 1, 3, 3, 2, 1, 1, 1, 1, 1, 4, 1, 3, 4, 1, 2, 4, 3, 2, 3, 2, 2, 4, 4, 4, 3, 2, 2, 3, 2, 4, 3, 2, 4, 1, 4, 1, 2, 4, 3, 2]|[0, 2, 0, 0, 3, 0, 1, 3, 1, 0, 2, 0, 1, 0, 1, 0, 0, 0, 1, 0, 0, 2, 0, 0, 1, 0, 0, 3, 0, 1, 0, 2, 0, 0, 3, 0, 1, 1, 0, 0, 0, 0, 1, 3, 0, 0, 1, 0, 2, 0, 0, 0, 0, 0, 1, 0, 1, 0, 1, 1, 0, 2, 0, 0, 0, 0, 0, 0, 0, 2, 0, 0, 1, 0, 0, 1, 0, 0, 3, 0, 0, 1, 2, 2, 0, 0, 0, 3, 0, 1, 0, 0, 1, 0, 3, 0, 0, 1, 0, 0],910.6016522559228,48427.915453382215,107149.35343126023,false
57,G3_TWC,G3_TWC,[31, 22, 42, 15, 26, 58, 95, 82, 77, 12, 47, 5, 93, 78, 98, 54, 85, 63, 18, 44, 20, 35, 43, 97, 91, 76, 10, 30, 21, 45, 71, 64, 1, 23, 17, 83, 24, 61, 60, 49, 6, 57, 94, 88, 65, 56, 79, 40, 67, 68, 46, 75, 0, 9, 19, 32, 81, 41, 27, 62, 87, 90, 99, 59, 53, 16, 72, 73, 70, 39, 37, 84, 3, 92, 25, 74, 28, 38, 51, 7, 11, 14, 86, 48, 89, 66, 50, 96, 33, 80, 8, 4, 34, 36, 55, 52, 13, 29, 69, 2]|[1, 1, 0, 1, 1, 1, 2, 1, 2, 1, 2, 2, 2, 1, 1, 0, 0, 1, 0, 2, 2, 0, 1, 2, 0, 1, 2, 2, 0, 0, 1, 2, 1, 0, 1, 0, 2, 0, 1, 1, 0, 1, 1, 1, 0, 2, 1, 1, 0, 0, 0, 0, 1, 1, 2, 1, 2, 0, 0, 0, 2, 1, 0, 1, 0, 1, 2, 1, 1, 1, 1, 1, 2, 0, 1, 2, 0, 0, 0, 1, 0, 1, 0, 0, 1, 0, 0, 0, 2, 0, 1, 0, 2, 0, 1, 1, 0, 0, 1, 0]|[4, 3, 2, 2, 0, 0, 2, 2, 2, 4, 1, 1, 2, 4, 4, 1, 1, 4, 2, 1, 1, 1, 1, 2, 1, 2, 1, 1, 1, 1, 3, 2, 3, 0, 4, 0, 1, 1, 0, 3, 2, 2, 4, 0, 1, 1, 3, 2, 0, 1, 2, 2, 1, 4, 0, 3, 2, 1, 1, 2, 1, 3, 1, 1, 2, 3, 0, 4, 3, 1, 4, 1, 1, 2, 4, 1, 2, 1, 1, 3, 2, 3, 1, 1, 1, 1, 1, 1, 1, 1, 3, 2, 1, 1, 4, 1, 2, 2, 3, 2]|[0, 2, 1, 1, 3, 3, 0, 1, 0, 0, 0, 0, 1, 0, 1, 0, 0, 3, 1, 0, 0, 0, 3, 1, 0, 2, 0, 0, 0, 1, 0, 0, 0, 0, 3, 0, 1, 0, 0, 2, 1, 1, 2, 0, 0, 0, 0, 1, 1, 0, 0, 0, 1, 3, 0, 0, 1, 0, 0, 1, 0, 2, 0, 1, 1, 2, 1, 0, 0, 1, 1, 3, 0, 1, 3, 0, 1, 0, 0, 2, 1, 0, 0, 0, 1, 0, 0, 0, 0, 0, 2, 1, 0, 1, 3, 1, 0, 0, 0, 0],843.7439659666079,57777.80974073964,86440.68470675517,false
57,G1_CMAX,G1_CMAX,[31, 22, 90, 26, 58, 95, 42, 12, 93, 5, 78, 86, 98, 18, 20, 35, 3, 97, 91, 76, 10, 85, 54, 45, 63, 71, 66, 1, 23, 17, 24, 60, 36, 6, 57, 15, 65, 56, 47, 79, 94, 67, 50, 46, 14, 75, 38, 9, 30, 19, 32, 81, 27, 92, 83, 87, 40, 99, 59, 11, 53, 16, 72, 77, 73, 70, 39, 37, 84, 43, 62, 25, 55, 28, 29, 51, 68, 82, 74, 61, 88, 21, 80, 89, 7, 69, 96, 41, 48, 4, 8, 34, 49, 52, 0, 44, 13, 2, 64, 33]|[1, 1, 1, 1, 0, 2, 1, 1, 2, 2, 2, 1, 0, 1, 2, 2, 1, 2, 0, 1, 2, 2, 2, 0, 0, 1, 2, 1, 2, 1, 2, 1, 1, 0, 1, 1, 0, 2, 2, 1, 1, 0, 0, 0, 0, 1, 1, 1, 1, 2, 1, 2, 2, 0, 0, 2, 1, 0, 0, 2, 0, 1, 2, 2, 1, 1, 1, 1, 1, 1, 0, 1, 1, 0, 0, 0, 0, 0, 2, 1, 1, 0, 0, 1, 1, 1, 2, 2, 0, 1, 1, 2, 0, 1, 0, 0, 0, 0, 2, 2]|[0, 4, 3, 0, 1, 1, 2, 4, 1, 1, 2, 4, 1, 4, 1, 1, 1, 2, 2, 2, 2, 1, 1, 1, 2, 3, 2, 3, 0, 4, 1, 0, 3, 2, 2, 2, 1, 1, 1, 0, 2, 0, 1, 2, 1, 3, 1, 4, 2, 0, 3, 2, 1, 2, 1, 1, 4, 1, 1, 1, 2, 3, 0, 2, 4, 3, 1, 4, 1, 1, 1, 4, 4, 2, 1, 1, 1, 2, 1, 3, 0, 1, 1, 1, 1, 3, 1, 1, 1, 4, 3, 1, 1, 1, 2, 2, 2, 2, 1, 1]|[3, 0, 2, 3, 0, 0, 1, 0, 0, 0, 1, 0, 0, 3, 0, 0, 1, 1, 1, 2, 1, 0, 0, 0, 0, 0, 0, 0, 0, 3, 1, 0, 2, 1, 1, 1, 0, 0, 0, 0, 1, 1, 0, 0, 0, 0, 1, 3, 2, 0, 0, 1, 0, 1, 0, 0, 2, 0, 0, 0, 1, 2, 1, 1, 0, 0, 1, 1, 3, 3, 0, 3, 3, 1, 0, 0, 0, 1, 0, 0, 0, 0, 0, 1, 2, 2, 0, 0, 0, 0, 2, 0, 1, 1, 0, 0, 0, 0, 0, 0],705.0470749739228,58445.79123614564,95781.2895945797,false
57,G4_BALANCED,G4_BALANCED,[20, 94, 82, 15, 26, 9, 95, 42, 77, 68, 47, 5, 93, 78, 86, 54, 85, 63, 18, 44, 31, 49, 36, 14, 74, 50, 53, 17, 21, 28, 11, 64, 3, 23, 30, 83, 24, 41, 40, 52, 65, 27, 90, 70, 39, 87, 48, 69, 99, 4, 46, 1, 13, 56, 97, 59, 45, 8, 73, 37, 35, 79, 71, 66, 76, 16, 60, 80, 58, 6, 67, 61, 33, 7, 57, 34, 12, 10, 32, 98, 96, 88, 43, 81, 91, 2, 84, 29, 92, 19, 51, 55, 89, 22, 72, 25, 38, 75, 62, 0]|[2, 1, 2, 1, 1, 2, 1, 1, 1, 1, 1, 0, 2, 2, 1, 2, 0, 0, 0, 2, 2, 1, 0, 2, 0, 2, 2, 1, 0, 1, 1, 1, 0, 0, 1, 0, 2, 1, 2, 2, 0, 0, 1, 1, 0, 2, 0, 2, 1, 0, 0, 2, 0, 2, 2, 0, 1, 1, 0, 0, 2, 1, 1, 2, 2, 2, 2, 2, 2, 1, 2, 1, 1, 2, 0, 1, 1, 1, 0, 0, 0, 1, 1, 1, 1, 0, 0, 1, 0, 1, 1, 0, 1, 2, 1, 1, 0, 2, 1, 0]|[0, 3, 0, 3, 4, 1, 4, 4, 4, 4, 3, 2, 1, 0, 2, 1, 1, 1, 2, 1, 1, 3, 0, 1, 0, 1, 1, 4, 1, 4, 3, 2, 2, 0, 4, 1, 1, 4, 1, 1, 2, 1, 4, 4, 1, 1, 0, 1, 3, 2, 2, 1, 2, 1, 1, 2, 4, 3, 0, 2, 1, 3, 3, 1, 1, 1, 1, 1, 1, 4, 1, 3, 4, 1, 2, 4, 3, 3, 2, 2, 2, 4, 4, 4, 3, 2, 2, 3, 2, 4, 3, 2, 4, 1, 4, 4, 2, 1, 3, 2]|[0, 2, 0, 0, 3, 0, 1, 3, 1, 0, 2, 0, 1, 0, 1, 0, 0, 0, 1, 0, 0, 2, 0, 0, 1, 0, 0, 3, 0, 1, 0, 2, 0, 0, 3, 0, 1, 1, 0, 0, 0, 0, 1, 3, 0, 0, 1, 0, 2, 0, 0, 0, 0, 0, 1, 0, 1, 0, 1, 1, 0, 2, 0, 0, 0, 0, 0, 0, 0, 2, 0, 0, 1, 0, 0, 1, 0, 3, 0, 0, 0, 1, 2, 2, 0, 0, 0, 3, 0, 1, 0, 0, 1, 0, 1, 3, 0, 0, 0, 0],904.4638574556285,48626.747966451934,106418.03837132154,false
57,G2_TEC,G4_BALANCED,[20, 94, 82, 15, 26, 9, 95, 42, 77, 68, 47, 5, 93, 78, 86, 54, 85, 63, 18, 44, 31, 49, 36, 14, 74, 50, 53, 17, 21, 28, 11, 64, 3, 23, 30, 83, 24, 41, 40, 52, 65, 27, 90, 70, 39, 87, 48, 69, 99, 4, 46, 1, 13, 56, 97, 59, 45, 8, 73, 37, 35, 79, 71, 66, 76, 16, 60, 80, 58, 6, 67, 61, 33, 7, 57, 34, 12, 10, 32, 98, 96, 88, 43, 81, 91, 2, 84, 29, 92, 19, 51, 89, 55, 75, 25, 22, 38, 72, 62, 0]|[2, 1, 2, 1, 1, 2, 1, 1, 1, 1, 1, 0, 2, 2, 1, 2, 0, 0, 0, 2, 2, 1, 0, 2, 0, 2, 2, 1, 0, 1, 1, 1, 0, 0, 1, 0, 2, 1, 2, 2, 0, 0, 1, 1, 0, 2, 0, 2, 1, 0, 0, 2, 0, 2, 2, 0, 1, 1, 0, 0, 2, 1, 1, 2, 2, 2, 2, 2, 2, 1, 2, 1, 1, 2, 0, 1, 1, 1, 0, 0, 0, 1, 1, 1, 1, 0, 0, 1, 0, 1, 1, 1, 0, 2, 1, 2, 0, 1, 1, 0]|[1, 3, 0, 3, 4, 1, 4, 4, 4, 4, 3, 2, 1, 0, 2, 1, 1, 1, 2, 1, 1, 3, 0, 1, 0, 1, 1, 4, 1, 4, 3, 2, 2, 0, 4, 1, 1, 4, 1, 1, 2, 1, 4, 4, 1, 1, 0, 1, 3, 2, 2, 1, 2, 1, 1, 2, 4, 3, 0, 2, 1, 3, 3, 1, 1, 1, 1, 1, 1, 4, 1, 3, 4, 1, 2, 4, 3, 3, 2, 2, 2, 4, 4, 4, 3, 2, 2, 3, 2, 4, 3, 4, 2, 1, 4, 1, 2, 4, 3, 2]|[0, 2, 0, 0, 3, 0, 1, 3, 1, 0, 2, 0, 1, 0, 1, 0, 0, 0, 1, 0, 0, 2, 0, 0, 1, 0, 0, 3, 0, 1, 0, 2, 0, 0, 3, 0, 1, 1, 0, 0, 0, 0, 1, 3, 0, 0, 1, 0, 2, 0, 0, 0, 0, 0, 1, 0, 1, 0, 1, 1, 0, 2, 0, 0, 0, 0, 0, 0, 0, 2, 0, 0, 1, 0, 0, 1, 0, 3, 0, 0, 0, 1, 2, 2, 0, 0, 0, 3, 0, 1, 0, 1, 0, 0, 3, 0, 0, 1, 0, 0],910.6016522559228,48424.554875013484,106661.9370408949,true
57,G3_TWC,G3_TWC,[31, 22, 42, 15, 26, 58, 95, 82, 77, 12, 47, 5, 93, 78, 98, 54, 85, 63, 18, 44, 20, 35, 43, 97, 91, 76, 10, 30, 21, 45, 71, 64, 1, 23, 17, 83, 24, 61, 60, 49, 6, 57, 94, 88, 65, 56, 79, 40, 67, 68, 46, 75, 0, 9, 19, 32, 81, 41, 27, 62, 87, 90, 99, 59, 53, 16, 72, 73, 70, 39, 37, 84, 3, 92, 25, 74, 28, 38, 51, 7, 11, 14, 86, 48, 89, 66, 50, 96, 33, 80, 8, 4, 34, 36, 55, 52, 13, 29, 69, 2]|[1, 1, 0, 1, 1, 1, 2, 1, 2, 1, 2, 2, 2, 1, 1, 0, 0, 1, 0, 2, 2, 0, 1, 2, 0, 1, 2, 2, 0, 0, 1, 2, 1, 0, 1, 0, 2, 0, 1, 1, 0, 1, 1, 1, 0, 2, 1, 1, 0, 0, 0, 0, 1, 1, 2, 1, 2, 0, 0, 0, 2, 1, 0, 1, 0, 1, 2, 1, 1, 1, 1, 1, 2, 0, 1, 2, 0, 0, 0, 1, 0, 1, 0, 0, 1, 0, 0, 0, 2, 0, 1, 0, 2, 0, 1, 1, 0, 0, 1, 0]|[4, 3, 2, 2, 0, 0, 2, 2, 2, 4, 1, 1, 2, 4, 4, 1, 1, 4, 2, 1, 1, 1, 1, 2, 1, 2, 1, 1, 1, 1, 3, 2, 3, 0, 4, 0, 1, 1, 0, 3, 2, 2, 4, 0, 1, 1, 3, 2, 0, 1, 2, 2, 1, 4, 0, 3, 2, 1, 1, 2, 1, 3, 1, 1, 2, 3, 0, 4, 3, 1, 4, 1, 1, 2, 4, 1, 2, 1, 1, 3, 2, 3, 1, 1, 1, 1, 1, 1, 1, 1, 3, 2, 1, 1, 4, 1, 2, 2, 3, 2]|[0, 2, 1, 1, 3, 3, 0, 1, 0, 0, 0, 0, 1, 0, 1, 0, 0, 3, 1, 0, 0, 0, 3, 1, 0, 2, 0, 0, 0, 1, 0, 0, 0, 0, 3, 0, 1, 0, 0, 2, 1, 1, 2, 0, 0, 0, 0, 1, 1, 0, 0, 0, 1, 3, 0, 0, 1, 0, 0, 1, 0, 2, 0, 1, 1, 2, 1, 0, 0, 1, 1, 3, 0, 1, 3, 0, 1, 0, 0, 2, 1, 0, 0, 0, 1, 0, 0, 0, 0, 0, 2, 1, 0, 1, 3, 1, 0, 0, 0, 0],843.7439659666079,57777.80974073964,86440.68470675517,false
57,G1_CMAX,G1_CMAX,[31, 22, 90, 26, 58, 95, 42, 12, 93, 5, 78, 86, 98, 18, 20, 35, 3, 97, 91, 76, 10, 85, 54, 45, 63, 71, 66, 1, 23, 17, 24, 60, 36, 6, 57, 15, 65, 56, 47, 79, 94, 67, 50, 46, 14, 75, 38, 9, 30, 19, 32, 81, 27, 92, 83, 87, 40, 99, 59, 11, 53, 16, 72, 77, 73, 70, 39, 37, 84, 43, 62, 25, 55, 28, 29, 51, 68, 82, 74, 61, 88, 21, 80, 89, 7, 69, 96, 41, 48, 4, 8, 34, 49, 52, 0, 44, 13, 2, 64, 33]|[1, 1, 1, 1, 0, 2, 1, 1, 2, 2, 2, 1, 0, 1, 2, 2, 1, 2, 0, 1, 2, 2, 2, 0, 0, 1, 2, 1, 2, 1, 2, 1, 1, 0, 1, 1, 0, 2, 2, 1, 1, 0, 0, 0, 0, 1, 1, 1, 1, 2, 1, 2, 2, 0, 0, 2, 1, 0, 0, 2, 0, 1, 2, 2, 1, 1, 1, 1, 1, 1, 0, 1, 1, 0, 0, 0, 0, 0, 2, 1, 1, 0, 0, 1, 1, 1, 2, 2, 0, 1, 1, 2, 0, 1, 0, 0, 0, 0, 2, 2]|[0, 4, 3, 0, 1, 1, 2, 4, 1, 1, 2, 4, 1, 4, 1, 1, 1, 2, 2, 2, 2, 1, 1, 1, 2, 3, 2, 3, 0, 4, 1, 0, 3, 2, 2, 2, 1, 1, 1, 0, 2, 0, 1, 2, 1, 3, 1, 4, 2, 0, 3, 2, 1, 2, 1, 1, 4, 1, 1, 1, 2, 3, 0, 2, 4, 3, 1, 4, 1, 1, 1, 4, 4, 2, 1, 1, 1, 2, 1, 3, 0, 1, 1, 1, 1, 3, 1, 1, 1, 4, 3, 1, 1, 1, 2, 2, 2, 2, 1, 1]|[3, 0, 2, 3, 0, 0, 1, 0, 0, 0, 1, 0, 0, 3, 0, 0, 1, 1, 1, 2, 1, 0, 0, 0, 0, 0, 0, 0, 0, 3, 1, 0, 2, 1, 1, 1, 0, 0, 0, 0, 1, 1, 0, 0, 0, 0, 1, 3, 2, 0, 0, 1, 0, 1, 0, 0, 2, 0, 0, 0, 1, 2, 1, 1, 0, 0, 1, 1, 3, 3, 0, 3, 3, 1, 0, 0, 0, 1, 0, 0, 0, 0, 0, 1, 2, 2, 0, 0, 0, 0, 2, 0, 1, 1, 0, 0, 0, 0, 0, 0],705.0470749739228,58445.79123614564,95781.2895945797,false
57,G4_BALANCED,G4_BALANCED,[20, 94, 82, 15, 26, 9, 95, 42, 77, 68, 47, 5, 93, 78, 86, 54, 85, 63, 18, 44, 31, 49, 36, 14, 74, 50, 53, 17, 21, 28, 11, 64, 3, 23, 30, 83, 24, 41, 40, 52, 65, 27, 90, 70, 39, 87, 48, 69, 99, 4, 46, 1, 13, 56, 97, 59, 45, 8, 73, 37, 35, 79, 71, 66, 76, 16, 60, 80, 58, 6, 67, 61, 33, 7, 57, 34, 12, 10, 32, 98, 96, 88, 43, 81, 91, 2, 84, 29, 92, 19, 51, 55, 89, 22, 72, 25, 38, 75, 62, 0]|[2, 1, 2, 1, 1, 2, 1, 1, 1, 1, 1, 0, 2, 2, 1, 2, 0, 0, 0, 2, 2, 1, 0, 2, 0, 2, 2, 1, 0, 1, 1, 1, 0, 0, 1, 0, 2, 1, 2, 2, 0, 0, 1, 1, 0, 2, 0, 2, 1, 0, 0, 2, 0, 2, 2, 0, 1, 1, 0, 0, 2, 1, 1, 2, 2, 2, 2, 2, 2, 1, 2, 1, 1, 2, 0, 1, 1, 1, 0, 0, 0, 1, 1, 1, 1, 0, 0, 1, 0, 1, 1, 0, 1, 2, 1, 1, 0, 2, 1, 0]|[0, 3, 0, 3, 4, 1, 4, 4, 4, 4, 3, 2, 1, 0, 2, 1, 1, 1, 2, 1, 1, 3, 0, 1, 0, 1, 1, 4, 1, 4, 3, 2, 2, 0, 4, 1, 1, 4, 1, 1, 2, 1, 4, 4, 1, 1, 0, 1, 3, 2, 2, 1, 2, 1, 1, 2, 4, 3, 0, 2, 1, 3, 3, 1, 1, 1, 1, 1, 1, 4, 1, 3, 4, 1, 2, 4, 3, 3, 2, 2, 2, 4, 4, 4, 3, 2, 2, 3, 2, 4, 3, 2, 4, 1, 4, 4, 2, 1, 3, 2]|[0, 2, 0, 0, 3, 0, 1, 3, 1, 0, 2, 0, 1, 0, 1, 0, 0, 0, 1, 0, 0, 2, 0, 0, 1, 0, 0, 3, 0, 1, 0, 2, 0, 0, 3, 0, 1, 1, 0, 0, 0, 0, 1, 3, 0, 0, 1, 0, 2, 0, 0, 0, 0, 0, 1, 0, 1, 0, 1, 1, 0, 2, 0, 0, 0, 0, 0, 0, 0, 2, 0, 0, 1, 0, 0, 1, 0, 3, 0, 0, 0, 1, 2, 2, 0, 0, 0, 3, 0, 1, 0, 0, 1, 0, 1, 3, 0, 0, 0, 0],904.4638574556285,48626.747966451934,106418.03837132154,false
57,G2_TEC,G4_BALANCED,[20, 94, 82, 15, 26, 9, 95, 42, 77, 68, 47, 5, 93, 78, 86, 54, 85, 63, 18, 44, 31, 49, 36, 14, 74, 50, 53, 17, 21, 28, 11, 64, 3, 23, 30, 83, 24, 41, 40, 52, 65, 27, 90, 70, 39, 87, 48, 69, 99, 4, 46, 1, 13, 56, 97, 59, 45, 8, 73, 37, 35, 79, 71, 66, 76, 16, 60, 80, 58, 6, 67, 61, 33, 7, 57, 34, 12, 10, 32, 98, 96, 88, 43, 81, 91, 2, 84, 29, 92, 19, 51, 89, 55, 75, 25, 22, 38, 72, 62, 0]|[2, 1, 2, 1, 1, 2, 1, 1, 1, 1, 1, 0, 2, 2, 1, 2, 0, 0, 0, 2, 2, 1, 0, 2, 0, 2, 2, 1, 0, 1, 1, 1, 0, 0, 1, 0, 2, 1, 2, 2, 0, 0, 1, 1, 0, 2, 0, 2, 1, 0, 0, 2, 0, 2, 2, 0, 1, 1, 0, 0, 2, 1, 1, 2, 2, 2, 2, 2, 2, 1, 2, 1, 1, 2, 0, 1, 1, 1, 0, 0, 0, 1, 1, 1, 1, 0, 0, 1, 0, 1, 1, 1, 0, 2, 1, 2, 0, 1, 1, 0]|[1, 3, 0, 3, 4, 1, 4, 4, 4, 4, 3, 2, 1, 0, 2, 1, 1, 1, 2, 1, 1, 3, 0, 1, 0, 1, 1, 4, 1, 4, 3, 2, 2, 0, 4, 1, 1, 4, 1, 1, 2, 1, 4, 4, 1, 1, 0, 1, 3, 2, 2, 1, 2, 1, 1, 2, 4, 3, 0, 2, 1, 3, 3, 1, 1, 1, 1, 1, 1, 4, 1, 3, 4, 1, 2, 4, 3, 3, 2, 2, 2, 4, 4, 4, 3, 2, 2, 3, 2, 4, 3, 4, 2, 1, 4, 1, 2, 4, 3, 2]|[0, 2, 0, 0, 3, 0, 1, 3, 1, 0, 2, 0, 1, 0, 1, 0, 0, 0, 1, 0, 0, 2, 0, 0, 1, 0, 0, 3, 0, 1, 0, 2, 0, 0, 3, 0, 1, 1, 0, 0, 0, 0, 1, 3, 0, 0, 1, 0, 2, 0, 0, 0, 0, 0, 1, 0, 1, 0, 1, 1, 0, 2, 0, 0, 0, 0, 0, 0, 0, 2, 0, 0, 1, 0, 0, 1, 0, 3, 0, 0, 0, 1, 2, 2, 0, 0, 0, 3, 0, 1, 0, 1, 0, 0, 3, 0, 0, 1, 0, 0],910.6016522559228,48424.554875013484,106661.9370408949,true
57,G3_TWC,G3_TWC,[31, 22, 42, 15, 26, 58, 95, 82, 77, 12, 47, 5, 93, 78, 98, 54, 85, 63, 18, 44, 20, 35, 43, 97, 91, 76, 10, 30, 21, 45, 71, 64, 1, 23, 17, 83, 24, 61, 60, 49, 6, 57, 94, 88, 65, 56, 79, 40, 67, 68, 46, 75, 0, 9, 19, 32, 81, 41, 27, 62, 87, 90, 99, 59, 53, 16, 72, 73, 70, 39, 37, 84, 3, 92, 25, 74, 28, 38, 51, 7, 11, 14, 86, 48, 89, 66, 50, 96, 33, 80, 8, 4, 34, 36, 55, 52, 13, 29, 69, 2]|[1, 1, 0, 1, 1, 1, 2, 1, 2, 1, 2, 2, 2, 1, 1, 0, 0, 1, 0, 2, 2, 0, 1, 2, 0, 1, 2, 2, 0, 0, 1, 2, 1, 0, 1, 0, 2, 0, 1, 1, 0, 1, 1, 1, 0, 2, 1, 1, 0, 0, 0, 0, 1, 1, 2, 1, 2, 0, 0, 0, 2, 1, 0, 1, 0, 1, 2, 1, 1, 1, 1, 1, 2, 0, 1, 2, 0, 0, 0, 1, 0, 1, 0, 0, 1, 0, 0, 0, 2, 0, 1, 0, 2, 0, 1, 1, 0, 0, 1, 0]|[4, 3, 2, 2, 0, 0, 2, 2, 2, 4, 1, 1, 2, 4, 4, 1, 1, 4, 2, 1, 1, 1, 1, 2, 1, 2, 1, 1, 1, 1, 3, 2, 3, 0, 4, 0, 1, 1, 0, 3, 2, 2, 4, 0, 1, 1, 3, 2, 0, 1, 2, 2, 1, 4, 0, 3, 2, 1, 1, 2, 1, 3, 1, 1, 2, 3, 0, 4, 3, 1, 4, 1, 1, 2, 4, 1, 2, 1, 1, 3, 2, 3, 1, 1, 1, 1, 1, 1, 1, 1, 3, 2, 1, 1, 4, 1, 2, 2, 3, 2]|[0, 2, 1, 1, 3, 3, 0, 1, 0, 0, 0, 0, 1, 0, 1, 0, 0, 3, 1, 0, 0, 0, 3, 1, 0, 2, 0, 0, 0, 1, 0, 0, 0, 0, 3, 0, 1, 0, 0, 2, 1, 1, 2, 0, 0, 0, 0, 1, 1, 0, 0, 0, 1, 3, 0, 0, 1, 0, 0, 1, 0, 2, 0, 1, 1, 2, 1, 0, 0, 1, 1, 3, 0, 1, 3, 0, 1, 0, 0, 2, 1, 0, 0, 0, 1, 0, 0, 0, 0, 0, 2, 1, 0, 1, 3, 1, 0, 0, 0, 0],843.7439659666079,57777.80974073964,86440.68470675517,false
57,G1_CMAX,G4_BALANCED,[31, 11, 15, 82, 26, 9, 95, 32, 77, 68, 47, 5, 93, 78, 86, 54, 85, 63, 18, 44, 20, 49, 36, 14, 74, 50, 53, 17, 21, 45, 71, 64, 3, 23, 30, 83, 24, 41, 60, 52, 65, 27, 90, 70, 39, 87, 48, 69, 99, 4, 46, 1, 13, 58, 97, 59, 28, 75, 73, 37, 35, 79, 22, 66, 76, 42, 40, 80, 96, 6, 16, 61, 33, 7, 57, 34, 12, 67, 10, 98, 56, 88, 29, 94, 91, 38, 84, 92, 43, 19, 51, 55, 81, 25, 89, 72, 8, 2, 0, 62]|[2, 1, 1, 2, 1, 2, 1, 1, 1, 1, 1, 0, 2, 2, 1, 2, 0, 0, 0, 2, 2, 1, 0, 2, 0, 2, 2, 1, 0, 1, 1, 1, 0, 0, 1, 0, 2, 1, 2, 2, 0, 0, 1, 1, 0, 2, 0, 2, 1, 0, 0, 2, 0, 0, 2, 0, 1, 1, 0, 0, 2, 1, 0, 2, 2, 0, 2, 2, 0, 1, 2, 1, 1, 2, 0, 1, 1, 1, 1, 2, 2, 1, 1, 0, 2, 0, 0, 0, 1, 1, 1, 0, 1, 1, 1, 1, 2, 2, 0, 1]|[1, 3, 2, 0, 4, 1, 4, 4, 2, 4, 3, 2, 1, 0, 2, 1, 1, 1, 2, 1, 1, 3, 0, 1, 0, 1, 1, 4, 1, 4, 3, 2, 2, 0, 4, 1, 1, 4, 0, 1, 2, 1, 4, 4, 1, 1, 0, 2, 3, 2, 2, 1, 2, 1, 1, 2, 4, 3, 0, 2, 2, 3, 1, 0, 1, 2, 0, 1, 2, 4, 1, 3, 4, 1, 2, 4, 3, 3, 3, 1, 1, 4, 3, 2, 1, 2, 2, 2, 3, 4, 3, 2, 4, 4, 4, 4, 1, 1, 2, 3]|[1, 0, 1, 0, 3, 0, 1, 3, 0, 0, 2, 0, 1, 0, 1, 0, 0, 0, 1, 0, 0, 2, 0, 0, 1, 0, 0, 3, 0, 1, 0, 2, 0, 1, 3, 0, 1, 3, 1, 0, 0, 0, 1, 3, 0, 0, 1, 0, 2, 0, 0, 0, 0, 0, 1, 0, 1, 0, 1, 1, 0, 2, 0, 0, 0, 0, 0, 0, 0, 2, 0, 0, 1, 0, 0, 1, 0, 0, 3, 0, 0, 1, 0, 0, 0, 0, 0, 0, 0, 3, 0, 0, 1, 3, 1, 1, 0, 0, 0, 0],852.5133725602822,51557.5538377163,107624.36016933215,true
57,G4_BALANCED,G4_BALANCED,[20, 94, 82, 15, 26, 9, 95, 42, 77, 68, 47, 5, 93, 78, 86, 54, 85, 63, 18, 44, 31, 49, 36, 14, 74, 50, 53, 17, 21, 28, 11, 64, 3, 23, 30, 83, 24, 41, 40, 52, 65, 27, 90, 70, 39, 87, 48, 69, 99, 4, 46, 1, 13, 56, 97, 59, 45, 8, 73, 37, 35, 79, 71, 66, 76, 16, 60, 80, 58, 6, 67, 61, 33, 7, 57, 34, 12, 10, 32, 98, 96, 88, 43, 81, 91, 2, 84, 29, 92, 19, 51, 55, 89, 22, 72, 25, 38, 75, 62, 0]|[2, 1, 2, 1, 1, 2, 1, 1, 1, 1, 1, 0, 2, 2, 1, 2, 0, 0, 0, 2, 2, 1, 0, 2, 0, 2, 2, 1, 0, 1, 1, 1, 0, 0, 1, 0, 2, 1, 2, 2, 0, 0, 1, 1, 0, 2, 0, 2, 1, 0, 0, 2, 0, 2, 2, 0, 1, 1, 0, 0, 2, 1, 1, 2, 2, 2, 2, 2, 2, 1, 2, 1, 1, 2, 0, 1, 1, 1, 0, 0, 0, 1, 1, 1, 1, 0, 0, 1, 0, 1, 1, 0, 1, 2, 1, 1, 0, 2, 1, 0]|[0, 3, 0, 3, 4, 1, 4, 4, 4, 4, 3, 2, 1, 0, 2, 1, 1, 1, 2, 1, 1, 3, 0, 1, 0, 1, 1, 4, 1, 4, 3, 2, 2, 0, 4, 1, 1, 4, 1, 1, 2, 1, 4, 4, 1, 1, 0, 1, 3, 2, 2, 1, 2, 1, 1, 2, 4, 3, 0, 2, 1, 3, 3, 1, 1, 1, 1, 1, 1, 4, 1, 3, 4, 1, 2, 4, 3, 3, 2, 2, 2, 4, 4, 4, 3, 2, 2, 3, 2, 4, 3, 2, 4, 1, 4, 4, 2, 1, 3, 2]|[0, 2, 0, 0, 3, 0, 1, 3, 1, 0, 2, 0, 1, 0, 1, 0, 0, 0, 1, 0, 0, 2, 0, 0, 1, 0, 0, 3, 0, 1, 0, 2, 0, 0, 3, 0, 1, 1, 0, 0, 0, 0, 1, 3, 0, 0, 1, 0, 2, 0, 0, 0, 0, 0, 1, 0, 1, 0, 1, 1, 0, 2, 0, 0, 0, 0, 0, 0, 0, 2, 0, 0, 1, 0, 0, 1, 0, 3, 0, 0, 0, 1, 2, 2, 0, 0, 0, 3, 0, 1, 0, 0, 1, 0, 1, 3, 0, 0, 0, 0],904.4638574556285,48626.747966451934,106418.03837132154,false
57,G2_TEC,G4_BALANCED,[20, 94, 82, 15, 26, 9, 95, 42, 77, 68, 47, 5, 93, 78, 86, 54, 85, 63, 18, 44, 31, 49, 36, 14, 74, 50, 53, 17, 21, 28, 11, 64, 3, 23, 30, 83, 24, 41, 40, 52, 65, 27, 90, 70, 39, 87, 48, 69, 99, 4, 46, 1, 13, 56, 97, 59, 45, 8, 73, 37, 35, 79, 71, 66, 76, 16, 60, 80, 58, 6, 67, 61, 33, 7, 57, 34, 12, 10, 32, 98, 96, 88, 43, 81, 91, 2, 84, 29, 92, 19, 51, 89, 55, 75, 25, 22, 38, 72, 62, 0]|[2, 1, 2, 1, 1, 2, 1, 1, 1, 1, 1, 0, 2, 2, 1, 2, 0, 0, 0, 2, 2, 1, 0, 2, 0, 2, 2, 1, 0, 1, 1, 1, 0, 0, 1, 0, 2, 1, 2, 2, 0, 0, 1, 1, 0, 2, 0, 2, 1, 0, 0, 2, 0, 2, 2, 0, 1, 1, 0, 0, 2, 1, 1, 2, 2, 2, 2, 2, 2, 1, 2, 1, 1, 2, 0, 1, 1, 1, 0, 0, 0, 1, 1, 1, 1, 0, 0, 1, 0, 1, 1, 1, 0, 2, 1, 2, 0, 1, 1, 0]|[1, 3, 0, 3, 4, 1, 4, 4, 4, 4, 3, 2, 1, 0, 2, 1, 1, 1, 2, 1, 1, 3, 0, 1, 0, 1, 1, 4, 1, 4, 3, 2, 2, 0, 4, 1, 1, 4, 1, 1, 2, 1, 4, 4, 1, 1, 0, 1, 3, 2, 2, 1, 2, 1, 1, 2, 4, 3, 0, 2, 1, 3, 3, 1, 1, 1, 1, 1, 1, 4, 1, 3, 4, 1, 2, 4, 3, 3, 2, 2, 2, 4, 4, 4, 3, 2, 2, 3, 2, 4, 3, 4, 2, 1, 4, 1, 2, 4, 3, 2]|[0, 2, 0, 0, 3, 0, 1, 3, 1, 0, 2, 0, 1, 0, 1, 0, 0, 0, 1, 0, 0, 2, 0, 0, 1, 0, 0, 3, 0, 1, 0, 2, 0, 0, 3, 0, 1, 1, 0, 0, 0, 0, 1, 3, 0, 0, 1, 0, 2, 0, 0, 0, 0, 0, 1, 0, 1, 0, 1, 1, 0, 2, 0, 0, 0, 0, 0, 0, 0, 2, 0, 0, 1, 0, 0, 1, 0, 3, 0, 0, 0, 1, 2, 2, 0, 0, 0, 3, 0, 1, 0, 1, 0, 0, 3, 0, 0, 1, 0, 0],910.6016522559228,48424.554875013484,106661.9370408949,true
57,G3_TWC,G3_TWC,[31, 22, 42, 15, 26, 58, 95, 82, 77, 12, 47, 5, 93, 78, 98, 54, 85, 63, 18, 44, 20, 35, 43, 97, 91, 76, 10, 30, 21, 45, 71, 64, 1, 23, 17, 83, 24, 61, 60, 49, 6, 57, 94, 88, 65, 56, 79, 40, 67, 68, 46, 75, 0, 9, 19, 32, 81, 41, 27, 62, 87, 90, 99, 59, 53, 16, 72, 73, 70, 39, 37, 84, 3, 92, 25, 74, 28, 38, 51, 7, 11, 14, 86, 48, 89, 66, 50, 96, 33, 80, 8, 4, 34, 36, 55, 52, 13, 29, 69, 2]|[1, 1, 0, 1, 1, 1, 2, 1, 2, 1, 2, 2, 2, 1, 1, 0, 0, 1, 0, 2, 2, 0, 1, 2, 0, 1, 2, 2, 0, 0, 1, 2, 1, 0, 1, 0, 2, 0, 1, 1, 0, 1, 1, 1, 0, 2, 1, 1, 0, 0, 0, 0, 1, 1, 2, 1, 2, 0, 0, 0, 2, 1, 0, 1, 0, 1, 2, 1, 1, 1, 1, 1, 2, 0, 1, 2, 0, 0, 0, 1, 0, 1, 0, 0, 1, 0, 0, 0, 2, 0, 1, 0, 2, 0, 1, 1, 0, 0, 1, 0]|[4, 3, 2, 2, 0, 0, 2, 2, 2, 4, 1, 1, 2, 4, 4, 1, 1, 4, 2, 1, 1, 1, 1, 2, 1, 2, 1, 1, 1, 1, 3, 2, 3, 0, 4, 0, 1, 1, 0, 3, 2, 2, 4, 0, 1, 1, 3, 2, 0, 1, 2, 2, 1, 4, 0, 3, 2, 1, 1, 2, 1, 3, 1, 1, 2, 3, 0, 4, 3, 1, 4, 1, 1, 2, 4, 1, 2, 1, 1, 3, 2, 3, 1, 1, 1, 1, 1, 1, 1, 1, 3, 2, 1, 1, 4, 1, 2, 2, 3, 2]|[0, 2, 1, 1, 3, 3, 0, 1, 0, 0, 0, 0, 1, 0, 1, 0, 0, 3, 1, 0, 0, 0, 3, 1, 0, 2, 0, 0, 0, 1, 0, 0, 0, 0, 3, 0, 1, 0, 0, 2, 1, 1, 2, 0, 0, 0, 0, 1, 1, 0, 0, 0, 1, 3, 0, 0, 1, 0, 0, 1, 0, 2, 0, 1, 1, 2, 1, 0, 0, 1, 1, 3, 0, 1, 3, 0, 1, 0, 0, 2, 1, 0, 0, 0, 1, 0, 0, 0, 0, 0, 2, 1, 0, 1, 3, 1, 0, 0, 0, 0],843.7439659666079,57777.80974073964,86440.68470675517,false
57,G1_CMAX,G1_CMAX,[31, 22, 90, 26, 58, 95, 42, 12, 93, 5, 78, 86, 98, 18, 20, 35, 3, 97, 91, 76, 10, 85, 54, 45, 63, 71, 66, 1, 23, 17, 24, 60, 36, 6, 57, 15, 65, 56, 47, 79, 94, 67, 50, 46, 14, 75, 38, 9, 30, 19, 32, 81, 27, 92, 83, 87, 40, 99, 59, 11, 53, 16, 72, 77, 73, 70, 39, 37, 84, 43, 62, 25, 55, 28, 29, 51, 68, 82, 74, 61, 88, 21, 80, 89, 7, 69, 96, 41, 48, 4, 8, 34, 49, 52, 0, 44, 13, 2, 64, 33]|[1, 1, 1, 1, 0, 2, 1, 1, 2, 2, 2, 1, 0, 1, 2, 2, 1, 2, 0, 1, 2, 2, 2, 0, 0, 1, 2, 1, 2, 1, 2, 1, 1, 0, 1, 1, 0, 2, 2, 1, 1, 0, 0, 0, 0, 1, 1, 1, 1, 2, 1, 2, 2, 0, 0, 2, 1, 0, 0, 2, 0, 1, 2, 2, 1, 1, 1, 1, 1, 1, 0, 1, 1, 0, 0, 0, 0, 0, 2, 1, 1, 0, 0, 1, 1, 1, 2, 2, 0, 1, 1, 2, 0, 1, 0, 0, 0, 0, 2, 2]|[0, 4, 3, 0, 1, 1, 2, 4, 1, 1, 2, 4, 1, 4, 1, 1, 1, 2, 2, 2, 2, 1, 1, 1, 2, 3, 2, 3, 0, 4, 1, 0, 3, 2, 2, 2, 1, 1, 1, 0, 2, 0, 1, 2, 1, 3, 1, 4, 2, 0, 3, 2, 1, 2, 1, 1, 4, 1, 1, 1, 2, 3, 0, 2, 4, 3, 1, 4, 1, 1, 1, 4, 4, 2, 1, 1, 1, 2, 1, 3, 0, 1, 1, 1, 1, 3, 1, 1, 1, 4, 3, 1, 1, 1, 2, 2, 2, 2, 1, 1]|[3, 0, 2, 3, 0, 0, 1, 0, 0, 0, 1, 0, 0, 3, 0, 0, 1, 1, 1, 2, 1, 0, 0, 0, 0, 0, 0, 0, 0, 3, 1, 0, 2, 1, 1, 1, 0, 0, 0, 0, 1, 1, 0, 0, 0, 0, 1, 3, 2, 0, 0, 1, 0, 1, 0, 0, 2, 0, 0, 0, 1, 2, 1, 1, 0, 0, 1, 1, 3, 3, 0, 3, 3, 1, 0, 0, 0, 1, 0, 0, 0, 0, 0, 1, 2, 2, 0, 0, 0, 0, 2, 0, 1, 1, 0, 0, 0, 0, 0, 0],705.0470749739228,58445.79123614564,95781.2895945797,false
57,G4_BALANCED,G4_BALANCED,[20, 94, 82, 15, 26, 9, 95, 42, 77, 68, 47, 5, 93, 78, 86, 54, 85, 63, 18, 44, 31, 49, 36, 14, 74, 50, 53, 17, 21, 28, 11, 64, 3, 23, 30, 83, 24, 41, 40, 52, 65, 27, 90, 70, 39, 87, 48, 69, 99, 4, 46, 1, 13, 56, 97, 59, 45, 8, 73, 37, 35, 79, 71, 66, 76, 16, 60, 80, 58, 6, 67, 61, 33, 7, 57, 34, 12, 10, 32, 98, 96, 88, 43, 81, 91, 2, 84, 29, 92, 19, 51, 55, 89, 22, 72, 25, 38, 75, 62, 0]|[2, 1, 2, 1, 1, 2, 1, 1, 1, 1, 1, 0, 2, 2, 1, 2, 0, 0, 0, 2, 2, 1, 0, 2, 0, 2, 2, 1, 0, 1, 1, 1, 0, 0, 1, 0, 2, 1, 2, 2, 0, 0, 1, 1, 0, 2, 0, 2, 1, 0, 0, 2, 0, 2, 2, 0, 1, 1, 0, 0, 2, 1, 1, 2, 2, 2, 2, 2, 2, 1, 2, 1, 1, 2, 0, 1, 1, 1, 0, 0, 0, 1, 1, 1, 1, 0, 0, 1, 0, 1, 1, 0, 1, 2, 1, 1, 0, 2, 1, 0]|[0, 3, 0, 3, 4, 1, 4, 4, 4, 4, 3, 2, 1, 0, 2, 1, 1, 1, 2, 1, 1, 3, 0, 1, 0, 1, 1, 4, 1, 4, 3, 2, 2, 0, 4, 1, 1, 4, 1, 1, 2, 1, 4, 4, 1, 1, 0, 1, 3, 2, 2, 1, 2, 1, 1, 2, 4, 3, 0, 2, 1, 3, 3, 1, 1, 1, 1, 1, 1, 4, 1, 3, 4, 1, 2, 4, 3, 3, 2, 2, 2, 4, 4, 4, 3, 2, 2, 3, 2, 4, 3, 2, 4, 1, 4, 4, 2, 1, 3, 2]|[0, 2, 0, 0, 3, 0, 1, 3, 1, 0, 2, 0, 1, 0, 1, 0, 0, 0, 1, 0, 0, 2, 0, 0, 1, 0, 0, 3, 0, 1, 0, 2, 0, 0, 3, 0, 1, 1, 0, 0, 0, 0, 1, 3, 0, 0, 1, 0, 2, 0, 0, 0, 0, 0, 1, 0, 1, 0, 1, 1, 0, 2, 0, 0, 0, 0, 0, 0, 0, 2, 0, 0, 1, 0, 0, 1, 0, 3, 0, 0, 0, 1, 2, 2, 0, 0, 0, 3, 0, 1, 0, 0, 1, 0, 1, 3, 0, 0, 0, 0],904.4638574556285,48626.747966451934,106418.03837132154,false
57,G2_TEC,G3_TWC,[31, 22, 42, 15, 26, 58, 95, 82, 77, 12, 47, 5, 93, 78, 98, 54, 85, 63, 18, 44, 20, 35, 43, 97, 91, 76, 10, 30, 21, 45, 71, 64, 1, 23, 17, 83, 24, 14, 60, 36, 6, 57, 94, 88, 65, 56, 79, 40, 67, 68, 46, 75, 38, 9, 19, 32, 81, 41, 27, 62, 87, 90, 99, 59, 53, 16, 72, 73, 70, 39, 37, 84, 3, 92, 25, 55, 28, 29, 51, 7, 33, 61, 86, 48, 89, 50, 66, 96, 8, 80, 4, 11, 34, 49, 52, 0, 13, 2, 69, 74]|[1, 1, 0, 1, 1, 1, 2, 1, 2, 1, 2, 2, 2, 1, 1, 0, 0, 1, 0, 2, 2, 0, 1, 2, 0, 1, 2, 2, 0, 0, 1, 2, 1, 2, 1, 0, 2, 0, 1, 1, 0, 1, 1, 1, 0, 2, 1, 1, 0, 0, 0, 0, 1, 1, 2, 1, 2, 2, 0, 0, 2, 1, 0, 1, 0, 1, 2, 1, 1, 1, 1, 1, 2, 0, 1, 1, 0, 0, 0, 1, 2, 1, 0, 0, 1, 0, 2, 2, 1, 0, 1, 2, 2, 0, 1, 0, 0, 0, 1, 2]|[4, 3, 2, 2, 0, 0, 2, 2, 2, 4, 1, 1, 2, 4, 4, 1, 1, 4, 2, 1, 1, 1, 1, 2, 1, 2, 1, 1, 1, 1, 3, 2, 3, 0, 4, 0, 1, 1, 0, 3, 2, 2, 4, 0, 1, 1, 0, 2, 0, 1, 2, 2, 1, 4, 0, 3, 2, 1, 1, 2, 1, 3, 1, 1, 2, 3, 0, 4, 3, 1, 4, 1, 1, 2, 4, 4, 2, 1, 1, 3, 1, 3, 1, 1, 1, 1, 1, 1, 3, 1, 4, 1, 1, 1, 1, 2, 2, 2, 3, 1]|[0, 2, 1, 1, 3, 3, 0, 1, 0, 0, 0, 0, 1, 0, 1, 0, 0, 3, 1, 0, 0, 0, 3, 1, 0, 2, 0, 0, 0, 1, 0, 0, 0, 0, 3, 0, 1, 0, 0, 2, 1, 1, 2, 0, 0, 0, 0, 1, 1, 0, 0, 0, 1, 3, 0, 0, 1, 0, 0, 1, 0, 2, 0, 1, 1, 2, 1, 0, 0, 1, 1, 3, 0, 1, 3, 3, 1, 0, 0, 2, 0, 0, 0, 0, 1, 0, 0, 0, 2, 0, 0, 0, 0, 1, 1, 0, 0, 0, 0, 0],726.5166666990641,57135.20388380303,91654.14664699574,true
57,G3_TWC,G3_TWC,[31, 22, 42, 15, 26, 58, 95, 82, 77, 12, 47, 5, 93, 78, 98, 54, 85, 63, 18, 44, 20, 35, 43, 97, 91, 76, 10, 30, 21, 45, 71, 64, 1, 23, 17, 83, 24, 61, 60, 49, 6, 57, 94, 88, 65, 56, 79, 40, 67, 68, 46, 75, 0, 9, 19, 32, 81, 41, 27, 62, 87, 90, 99, 59, 53, 16, 72, 73, 70, 39, 37, 84, 3, 92, 25, 74, 28, 38, 51, 7, 11, 14, 86, 48, 89, 66, 50, 96, 33, 80, 8, 4, 34, 36, 55, 52, 13, 29, 69, 2]|[1, 1, 0, 1, 1, 1, 2, 1, 2, 1, 2, 2, 2, 1, 1, 0, 0, 1, 0, 2, 2, 0, 1, 2, 0, 1, 2, 2, 0, 0, 1, 2, 1, 0, 1, 0, 2, 0, 1, 1, 0, 1, 1, 1, 0, 2, 1, 1, 0, 0, 0, 0, 1, 1, 2, 1, 2, 0, 0, 0, 2, 1, 0, 1, 0, 1, 2, 1, 1, 1, 1, 1, 2, 0, 1, 2, 0, 0, 0, 1, 0, 1, 0, 0, 1, 0, 0, 0, 2, 0, 1, 0, 2, 0, 1, 1, 0, 0, 1, 0]|[4, 3, 2, 2, 0, 0, 2, 2, 2, 4, 1, 1, 2, 4, 4, 1, 1, 4, 2, 1, 1, 1, 1, 2, 1, 2, 1, 1, 1, 1, 3, 2, 3, 0, 4, 0, 1, 1, 0, 3, 2, 2, 4, 0, 1, 1, 3, 2, 0, 1, 2, 2, 1, 4, 0, 3, 2, 1, 1, 2, 1, 3, 1, 1, 2, 3, 0, 4, 3, 1, 4, 1, 1, 2, 4, 1, 2, 1, 1, 3, 2, 3, 1, 1, 1, 1, 1, 1, 1, 1, 3, 2, 1, 1, 4, 1, 2, 2, 3, 2]|[0, 2, 1, 1, 3, 3, 0, 1, 0, 0, 0, 0, 1, 0, 1, 0, 0, 3, 1, 0, 0, 0, 3, 1, 0, 2, 0, 0, 0, 1, 0, 0, 0, 0, 3, 0, 1, 0, 0, 2, 1, 1, 2, 0, 0, 0, 0, 1, 1, 0, 0, 0, 1, 3, 0, 0, 1, 0, 0, 1, 0, 2, 0, 1, 1, 2, 1, 0, 0, 1, 1, 3, 0, 1, 3, 0, 1, 0, 0, 2, 1, 0, 0, 0, 1, 0, 0, 0, 0, 0, 2, 1, 0, 1, 3, 1, 0, 0, 0, 0],843.7439659666079,57777.80974073964,86440.68470675517,false
57,G1_CMAX,G1_CMAX,[31, 22, 90, 26, 58, 95, 42, 12, 93, 5, 78, 86, 98, 18, 20, 35, 3, 97, 91, 76, 10, 85, 54, 45, 63, 71, 66, 1, 23, 17, 24, 60, 36, 6, 57, 15, 65, 56, 47, 79, 94, 67, 50, 46, 14, 75, 38, 9, 30, 19, 32, 81, 27, 92, 83, 87, 40, 99, 59, 11, 53, 16, 72, 77, 73, 70, 39, 37, 84, 43, 62, 25, 55, 28, 29, 51, 68, 82, 74, 61, 88, 21, 80, 89, 7, 69, 96, 41, 48, 4, 8, 34, 49, 52, 0, 44, 13, 2, 64, 33]|[1, 1, 1, 1, 0, 2, 1, 1, 2, 2, 2, 1, 0, 1, 2, 2, 1, 2, 0, 1, 2, 2, 2, 0, 0, 1, 2, 1, 2, 1, 2, 1, 1, 0, 1, 1, 0, 2, 2, 1, 1, 0, 0, 0, 0, 1, 1, 1, 1, 2, 1, 2, 2, 0, 0, 2, 1, 0, 0, 2, 0, 1, 2, 2, 1, 1, 1, 1, 1, 1, 0, 1, 1, 0, 0, 0, 0, 0, 2, 1, 1, 0, 0, 1, 1, 1, 2, 2, 0, 1, 1, 2, 0, 1, 0, 0, 0, 0, 2, 2]|[0, 4, 3, 0, 1, 1, 2, 4, 1, 1, 2, 4, 1, 4, 1, 1, 1, 2, 2, 2, 2, 1, 1, 1, 2, 3, 2, 3, 0, 4, 1, 0, 3, 2, 2, 2, 1, 1, 1, 0, 2, 0, 1, 2, 1, 3, 1, 4, 2, 0, 3, 2, 1, 2, 1, 1, 4, 1, 1, 1, 2, 3, 0, 2, 4, 3, 1, 4, 1, 1, 1, 4, 4, 2, 1, 1, 1, 2, 1, 3, 0, 1, 1, 1, 1, 3, 1, 1, 1, 4, 3, 1, 1, 1, 2, 2, 2, 2, 1, 1]|[3, 0, 2, 3, 0, 0, 1, 0, 0, 0, 1, 0, 0, 3, 0, 0, 1, 1, 1, 2, 1, 0, 0, 0, 0, 0, 0, 0, 0, 3, 1, 0, 2, 1, 1, 1, 0, 0, 0, 0, 1, 1, 0, 0, 0, 0, 1, 3, 2, 0, 0, 1, 0, 1, 0, 0, 2, 0, 0, 0, 1, 2, 1, 1, 0, 0, 1, 1, 3, 3, 0, 3, 3, 1, 0, 0, 0, 1, 0, 0, 0, 0, 0, 1, 2, 2, 0, 0, 0, 0, 2, 0, 1, 1, 0, 0, 0, 0, 0, 0],705.0470749739228,58445.79123614564,95781.2895945797,false
57,G4_BALANCED,G4_BALANCED,[20, 94, 82, 15, 26, 9, 95, 42, 77, 68, 47, 5, 93, 78, 86, 54, 85, 63, 18, 44, 31, 49, 36, 14, 74, 50, 53, 17, 21, 28, 11, 64, 3, 23, 30, 83, 24, 41, 40, 52, 65, 27, 90, 70, 39, 87, 48, 69, 99, 4, 46, 1, 13, 56, 97, 59, 45, 8, 73, 37, 35, 79, 71, 66, 76, 16, 60, 80, 58, 6, 67, 61, 33, 7, 57, 34, 12, 10, 32, 98, 96, 88, 43, 81, 91, 2, 84, 29, 92, 19, 51, 55, 89, 22, 72, 25, 38, 75, 62, 0]|[2, 1, 2, 1, 1, 2, 1, 1, 1, 1, 1, 0, 2, 2, 1, 2, 0, 0, 0, 2, 2, 1, 0, 2, 0, 2, 2, 1, 0, 1, 1, 1, 0, 0, 1, 0, 2, 1, 2, 2, 0, 0, 1, 1, 0, 2, 0, 2, 1, 0, 0, 2, 0, 2, 2, 0, 1, 1, 0, 0, 2, 1, 1, 2, 2, 2, 2, 2, 2, 1, 2, 1, 1, 2, 0, 1, 1, 1, 0, 0, 0, 1, 1, 1, 1, 0, 0, 1, 0, 1, 1, 0, 1, 2, 1, 1, 0, 2, 1, 0]|[0, 3, 0, 3, 4, 1, 4, 4, 4, 4, 3, 2, 1, 0, 2, 1, 1, 1, 2, 1, 1, 3, 0, 1, 0, 1, 1, 4, 1, 4, 3, 2, 2, 0, 4, 1, 1, 4, 1, 1, 2, 1, 4, 4, 1, 1, 0, 1, 3, 2, 2, 1, 2, 1, 1, 2, 4, 3, 0, 2, 1, 3, 3, 1, 1, 1, 1, 1, 1, 4, 1, 3, 4, 1, 2, 4, 3, 3, 2, 2, 2, 4, 4, 4, 3, 2, 2, 3, 2, 4, 3, 2, 4, 1, 4, 4, 2, 1, 3, 2]|[0, 2, 0, 0, 3, 0, 1, 3, 1, 0, 2, 0, 1, 0, 1, 0, 0, 0, 1, 0, 0, 2, 0, 0, 1, 0, 0, 3, 0, 1, 0, 2, 0, 0, 3, 0, 1, 1, 0, 0, 0, 0, 1, 3, 0, 0, 1, 0, 2, 0, 0, 0, 0, 0, 1, 0, 1, 0, 1, 1, 0, 2, 0, 0, 0, 0, 0, 0, 0, 2, 0, 0, 1, 0, 0, 1, 0, 3, 0, 0, 0, 1, 2, 2, 0, 0, 0, 3, 0, 1, 0, 0, 1, 0, 1, 3, 0, 0, 0, 0],904.4638574556285,48626.747966451934,106418.03837132154,false
57,G2_TEC,G3_TWC,[31, 22, 42, 15, 26, 58, 95, 82, 77, 12, 47, 5, 93, 78, 98, 54, 85, 63, 18, 44, 20, 35, 43, 97, 91, 76, 10, 30, 21, 45, 71, 64, 1, 23, 17, 83, 24, 14, 60, 36, 6, 57, 94, 88, 65, 56, 79, 40, 67, 68, 46, 75, 38, 9, 19, 32, 81, 41, 27, 62, 87, 90, 99, 59, 53, 16, 72, 73, 70, 39, 37, 84, 3, 92, 25, 55, 28, 29, 51, 7, 33, 61, 86, 48, 89, 50, 66, 96, 8, 80, 4, 11, 34, 49, 52, 0, 13, 2, 69, 74]|[1, 1, 0, 1, 1, 1, 2, 1, 2, 1, 2, 2, 2, 1, 1, 0, 0, 1, 0, 2, 2, 0, 1, 2, 0, 1, 2, 2, 0, 0, 1, 2, 1, 2, 1, 0, 2, 0, 1, 1, 0, 1, 1, 1, 0, 2, 1, 1, 0, 0, 0, 0, 1, 1, 2, 1, 2, 2, 0, 0, 2, 1, 0, 1, 0, 1, 2, 1, 1, 1, 1, 1, 2, 0, 1, 1, 0, 0, 0, 1, 2, 1, 0, 0, 1, 0, 2, 2, 1, 0, 1, 2, 2, 0, 1, 0, 0, 0, 1, 2]|[4, 3, 2, 2, 0, 0, 2, 2, 2, 4, 1, 1, 2, 4, 4, 1, 1, 4, 2, 1, 1, 1, 1, 2, 1, 2, 1, 1, 1, 1, 3, 2, 3, 0, 4, 0, 1, 1, 0, 3, 2, 2, 4, 0, 1, 1, 0, 2, 0, 1, 2, 2, 1, 4, 0, 3, 2, 1, 1, 2, 1, 3, 1, 1, 2, 3, 0, 4, 3, 1, 4, 1, 1, 2, 4, 4, 2, 1, 1, 3, 1, 3, 1, 1, 1, 1, 1, 1, 3, 1, 4, 1, 1, 1, 1, 2, 2, 2, 3, 1]|[0, 2, 1, 1, 3, 3, 0, 1, 0, 0, 0, 0, 1, 0, 1, 0, 0, 3, 1, 0, 0, 0, 3, 1, 0, 2, 0, 0, 0, 1, 0, 0, 0, 0, 3, 0, 1, 0, 0, 2, 1, 1, 2, 0, 0, 0, 0, 1, 1, 0, 0, 0, 1, 3, 0, 0, 1, 0, 0, 1, 0, 2, 0, 1, 1, 2, 1, 0, 0, 1, 1, 3, 0, 1, 3, 3, 1, 0, 0, 2, 0, 0, 0, 0, 1, 0, 0, 0, 2, 0, 0, 0, 0, 1, 1, 0, 0, 0, 0, 0],726.5166666990641,57135.20388380303,91654.14664699574,true
57,G3_TWC,G3_TWC,[31, 22, 42, 15, 26, 58, 95, 82, 77, 12, 47, 5, 93, 78, 98, 54, 85, 63, 18, 44, 20, 35, 43, 97, 91, 76, 10, 30, 21, 45, 71, 64, 1, 23, 17, 83, 24, 61, 60, 49, 6, 57, 94, 88, 65, 56, 79, 40, 67, 68, 46, 75, 0, 9, 19, 32, 81, 41, 27, 62, 87, 90, 99, 59, 53, 16, 72, 73, 70, 39, 37, 84, 3, 92, 25, 74, 28, 38, 51, 7, 11, 14, 86, 48, 89, 66, 50, 96, 33, 80, 8, 4, 34, 36, 55, 52, 13, 29, 69, 2]|[1, 1, 0, 1, 1, 1, 2, 1, 2, 1, 2, 2, 2, 1, 1, 0, 0, 1, 0, 2, 2, 0, 1, 2, 0, 1, 2, 2, 0, 0, 1, 2, 1, 0, 1, 0, 2, 0, 1, 1, 0, 1, 1, 1, 0, 2, 1, 1, 0, 0, 0, 0, 1, 1, 2, 1, 2, 0, 0, 0, 2, 1, 0, 1, 0, 1, 2, 1, 1, 1, 1, 1, 2, 0, 1, 2, 0, 0, 0, 1, 0, 1, 0, 0, 1, 0, 0, 0, 2, 0, 1, 0, 2, 0, 1, 1, 0, 0, 1, 0]|[4, 3, 2, 2, 0, 0, 2, 2, 2, 4, 1, 1, 2, 4, 4, 1, 1, 4, 2, 1, 1, 1, 1, 2, 1, 2, 1, 1, 1, 1, 3, 2, 3, 0, 4, 0, 1, 1, 0, 3, 2, 2, 4, 0, 1, 1, 3, 2, 0, 1, 2, 2, 1, 4, 0, 3, 2, 1, 1, 2, 1, 3, 1, 1, 2, 3, 0, 4, 3, 1, 4, 1, 1, 2, 4, 1, 2, 1, 1, 3, 2, 3, 1, 1, 1, 1, 1, 1, 1, 1, 3, 2, 1, 1, 4, 1, 2, 2, 3, 2]|[0, 2, 1, 1, 3, 3, 0, 1, 0, 0, 0, 0, 1, 0, 1, 0, 0, 3, 1, 0, 0, 0, 3, 1, 0, 2, 0, 0, 0, 1, 0, 0, 0, 0, 3, 0, 1, 0, 0, 2, 1, 1, 2, 0, 0, 0, 0, 1, 1, 0, 0, 0, 1, 3, 0, 0, 1, 0, 0, 1, 0, 2, 0, 1, 1, 2, 1, 0, 0, 1, 1, 3, 0, 1, 3, 0, 1, 0, 0, 2, 1, 0, 0, 0, 1, 0, 0, 0, 0, 0, 2, 1, 0, 1, 3, 1, 0, 0, 0, 0],843.7439659666079,57777.80974073964,86440.68470675517,false
57,G1_CMAX,G1_CMAX,[31, 22, 90, 26, 58, 95, 42, 12, 93, 5, 78, 86, 98, 18, 20, 35, 3, 97, 91, 76, 10, 85, 54, 45, 63, 71, 66, 1, 23, 17, 24, 60, 36, 6, 57, 15, 65, 56, 47, 79, 94, 67, 50, 46, 14, 75, 38, 9, 30, 19, 32, 81, 27, 92, 83, 87, 40, 99, 59, 11, 53, 16, 72, 77, 73, 70, 39, 37, 84, 43, 62, 25, 55, 28, 29, 51, 68, 82, 74, 61, 88, 21, 80, 89, 7, 69, 96, 41, 48, 4, 8, 34, 49, 52, 0, 44, 13, 2, 64, 33]|[1, 1, 1, 1, 0, 2, 1, 1, 2, 2, 2, 1, 0, 1, 2, 2, 1, 2, 0, 1, 2, 2, 2, 0, 0, 1, 2, 1, 2, 1, 2, 1, 1, 0, 1, 1, 0, 2, 2, 1, 1, 0, 0, 0, 0, 1, 1, 1, 1, 2, 1, 2, 2, 0, 0, 2, 1, 0, 0, 2, 0, 1, 2, 2, 1, 1, 1, 1, 1, 1, 0, 1, 1, 0, 0, 0, 0, 0, 2, 1, 1, 0, 0, 1, 1, 1, 2, 2, 0, 1, 1, 2, 0, 1, 0, 0, 0, 0, 2, 2]|[0, 4, 3, 0, 1, 1, 2, 4, 1, 1, 2, 4, 1, 4, 1, 1, 1, 2, 2, 2, 2, 1, 1, 1, 2, 3, 2, 3, 0, 4, 1, 0, 3, 2, 2, 2, 1, 1, 1, 0, 2, 0, 1, 2, 1, 3, 1, 4, 2, 0, 3, 2, 1, 2, 1, 1, 4, 1, 1, 1, 2, 3, 0, 2, 4, 3, 1, 4, 1, 1, 1, 4, 4, 2, 1, 1, 1, 2, 1, 3, 0, 1, 1, 1, 1, 3, 1, 1, 1, 4, 3, 1, 1, 1, 2, 2, 2, 2, 1, 1]|[3, 0, 2, 3, 0, 0, 1, 0, 0, 0, 1, 0, 0, 3, 0, 0, 1, 1, 1, 2, 1, 0, 0, 0, 0, 0, 0, 0, 0, 3, 1, 0, 2, 1, 1, 1, 0, 0, 0, 0, 1, 1, 0, 0, 0, 0, 1, 3, 2, 0, 0, 1, 0, 1, 0, 0, 2, 0, 0, 0, 1, 2, 1, 1, 0, 0, 1, 1, 3, 3, 0, 3, 3, 1, 0, 0, 0, 1, 0, 0, 0, 0, 0, 1, 2, 2, 0, 0, 0, 0, 2, 0, 1, 1, 0, 0, 0, 0, 0, 0],705.0470749739228,58445.79123614564,95781.2895945797,false
57,G4_BALANCED,G4_BALANCED,[31, 22, 42, 15, 26, 58, 95, 82, 77, 12, 47, 5, 93, 78, 98, 54, 85, 63, 18, 44, 20, 35, 43, 97, 91, 76, 10, 30, 21, 45, 71, 64, 1, 23, 17, 83, 24, 61, 60, 49, 6, 57, 94, 88, 65, 56, 79, 40, 67, 68, 46, 75, 38, 9, 19, 32, 81, 41, 27, 62, 87, 90, 99, 59, 53, 16, 72, 73, 70, 39, 37, 84, 3, 92, 25, 74, 28, 0, 51, 7, 11, 14, 86, 48, 89, 66, 50, 96, 33, 80, 4, 2, 55, 36, 29, 52, 13, 8, 69, 34]|[1, 1, 0, 1, 1, 1, 2, 1, 2, 1, 2, 2, 2, 1, 1, 0, 0, 1, 0, 2, 2, 0, 1, 2, 0, 1, 2, 2, 0, 0, 1, 2, 1, 0, 1, 0, 2, 0, 1, 1, 0, 1, 1, 1, 0, 2, 1, 1, 0, 0, 0, 0, 1, 1, 2, 1, 2, 0, 0, 2, 2, 1, 0, 1, 0, 1, 2, 1, 1, 1, 1, 1, 2, 0, 1, 2, 0, 1, 0, 1, 2, 1, 0, 0, 1, 0, 0, 2, 2, 0, 0, 0, 1, 1, 0, 1, 0, 1, 1, 2]|[4, 3, 2, 2, 0, 0, 2, 2, 2, 4, 1, 1, 2, 4, 4, 1, 1, 4, 2, 1, 1, 1, 1, 2, 1, 2, 1, 1, 1, 1, 3, 2, 3, 0, 4, 0, 1, 1, 0, 3, 2, 2, 4, 0, 1, 1, 3, 2, 0, 1, 2, 2, 1, 4, 0, 3, 2, 1, 1, 1, 1, 3, 1, 1, 2, 3, 0, 4, 3, 1, 4, 1, 1, 2, 4, 1, 2, 1, 1, 3, 1, 1, 1, 1, 1, 1, 1, 1, 1, 1, 2, 2, 4, 3, 2, 1, 2, 3, 3, 1]|[0, 2, 1, 1, 3, 3, 0, 1, 0, 0, 0, 0, 1, 0, 1, 0, 0, 3, 1, 0, 0, 0, 3, 1, 0, 2, 0, 0, 0, 1, 0, 0, 0, 0, 3, 0, 1, 0, 0, 2, 1, 1, 2, 0, 0, 0, 0, 1, 1, 0, 0, 0, 1, 3, 0, 0, 1, 0, 0, 0, 0, 2, 0, 1, 1, 2, 1, 0, 0, 1, 1, 3, 0, 1, 3, 0, 1, 1, 0, 2, 0, 1, 0, 0, 1, 0, 0, 0, 0, 0, 1, 0, 3, 2, 0, 1, 0, 2, 0, 0],753.3831353174876,57390.04141273939,89757.29000813536,false
57,G2_TEC,G4_BALANCED,[20, 94, 82, 15, 26, 9, 95, 42, 77, 68, 47, 5, 93, 78, 86, 54, 85, 63, 18, 44, 31, 49, 36, 14, 74, 50, 53, 17, 21, 28, 11, 64, 3, 23, 30, 83, 24, 41, 40, 52, 65, 27, 90, 70, 39, 87, 48, 69, 99, 4, 46, 1, 13, 56, 97, 59, 45, 8, 73, 37, 35, 79, 71, 66, 76, 16, 60, 80, 58, 6, 67, 61, 33, 7, 57, 34, 12, 10, 32, 98, 96, 88, 43, 81, 91, 2, 84, 29, 92, 19, 51, 89, 55, 75, 25, 22, 38, 72, 62, 0]|[2, 1, 2, 1, 1, 2, 1, 1, 1, 1, 1, 0, 2, 2, 1, 2, 0, 0, 0, 2, 2, 1, 0, 2, 0, 2, 2, 1, 0, 1, 1, 1, 0, 0, 1, 0, 2, 1, 2, 2, 0, 0, 1, 1, 0, 2, 0, 2, 1, 0, 0, 2, 0, 2, 2, 0, 1, 1, 0, 0, 2, 1, 1, 2, 2, 2, 2, 2, 2, 1, 2, 1, 1, 2, 0, 1, 1, 1, 0, 0, 0, 1, 1, 1, 1, 0, 0, 1, 0, 1, 1, 1, 0, 2, 1, 2, 0, 1, 1, 0]|[1, 3, 0, 3, 4, 1, 4, 4, 4, 4, 3, 2, 1, 0, 2, 1, 1, 1, 2, 1, 1, 3, 0, 1, 0, 1, 1, 4, 1, 4, 3, 2, 2, 0, 4, 1, 1, 4, 1, 1, 2, 1, 4, 4, 1, 1, 0, 1, 3, 2, 2, 1, 2, 1, 1, 2, 4, 3, 0, 2, 1, 3, 3, 1, 1, 1, 1, 1, 1, 4, 1, 3, 4, 1, 2, 4, 3, 3, 2, 2, 2, 4, 4, 4, 3, 2, 2, 3, 2, 4, 3, 4, 2, 1, 4, 1, 2, 4, 3, 2]|[0, 2, 0, 0, 3, 0, 1, 3, 1, 0, 2, 0, 1, 0, 1, 0, 0, 0, 1, 0, 0, 2, 0, 0, 1, 0, 0, 3, 0, 1, 0, 2, 0, 0, 3, 0, 1, 1, 0, 0, 0, 0, 1, 3, 0, 0, 1, 0, 2, 0, 0, 0, 0, 0, 1, 0, 1, 0, 1, 1, 0, 2, 0, 0, 0, 0, 0, 0, 0, 2, 0, 0, 1, 0, 0, 1, 0, 3, 0, 0, 0, 1, 2, 2, 0, 0, 0, 3, 0, 1, 0, 1, 0, 0, 3, 0, 0, 1, 0, 0],910.6016522559228,48424.554875013484,106661.9370408949,true
57,G3_TWC,G3_TWC,[31, 22, 42, 15, 26, 58, 95, 82, 77, 12, 47, 5, 93, 78, 98, 54, 85, 63, 18, 44, 20, 35, 43, 97, 91, 76, 10, 30, 21, 45, 71, 64, 1, 23, 17, 83, 24, 61, 60, 49, 6, 57, 94, 88, 65, 56, 79, 40, 67, 68, 46, 75, 0, 9, 19, 32, 81, 41, 27, 62, 87, 90, 99, 59, 53, 16, 72, 73, 70, 39, 37, 84, 3, 92, 25, 74, 28, 38, 51, 7, 11, 14, 86, 48, 89, 66, 50, 96, 33, 80, 8, 4, 34, 36, 55, 52, 13, 29, 69, 2]|[1, 1, 0, 1, 1, 1, 2, 1, 2, 1, 2, 2, 2, 1, 1, 0, 0, 1, 0, 2, 2, 0, 1, 2, 0, 1, 2, 2, 0, 0, 1, 2, 1, 0, 1, 0, 2, 0, 1, 1, 0, 1, 1, 1, 0, 2, 1, 1, 0, 0, 0, 0, 1, 1, 2, 1, 2, 0, 0, 0, 2, 1, 0, 1, 0, 1, 2, 1, 1, 1, 1, 1, 2, 0, 1, 2, 0, 0, 0, 1, 0, 1, 0, 0, 1, 0, 0, 0, 2, 0, 1, 0, 2, 0, 1, 1, 0, 0, 1, 0]|[4, 3, 2, 2, 0, 0, 2, 2, 2, 4, 1, 1, 2, 4, 4, 1, 1, 4, 2, 1, 1, 1, 1, 2, 1, 2, 1, 1, 1, 1, 3, 2, 3, 0, 4, 0, 1, 1, 0, 3, 2, 2, 4, 0, 1, 1, 3, 2, 0, 1, 2, 2, 1, 4, 0, 3, 2, 1, 1, 2, 1, 3, 1, 1, 2, 3, 0, 4, 3, 1, 4, 1, 1, 2, 4, 1, 2, 1, 1, 3, 2, 3, 1, 1, 1, 1, 1, 1, 1, 1, 3, 2, 1, 1, 4, 1, 2, 2, 3, 2]|[0, 2, 1, 1, 3, 3, 0, 1, 0, 0, 0, 0, 1, 0, 1, 0, 0, 3, 1, 0, 0, 0, 3, 1, 0, 2, 0, 0, 0, 1, 0, 0, 0, 0, 3, 0, 1, 0, 0, 2, 1, 1, 2, 0, 0, 0, 0, 1, 1, 0, 0, 0, 1, 3, 0, 0, 1, 0, 0, 1, 0, 2, 0, 1, 1, 2, 1, 0, 0, 1, 1, 3, 0, 1, 3, 0, 1, 0, 0, 2, 1, 0, 0, 0, 1, 0, 0, 0, 0, 0, 2, 1, 0, 1, 3, 1, 0, 0, 0, 0],843.7439659666079,57777.80974073964,86440.68470675517,false
57,G1_CMAX,G1_CMAX,[31, 22, 90, 26, 58, 95, 42, 12, 93, 5, 78, 86, 98, 18, 20, 35, 3, 97, 91, 76, 10, 85, 54, 45, 63, 71, 66, 1, 23, 17, 24, 60, 36, 6, 57, 15, 65, 56, 47, 79, 94, 67, 50, 46, 14, 75, 38, 9, 30, 19, 32, 81, 27, 92, 83, 87, 40, 99, 59, 11, 53, 16, 72, 77, 73, 70, 39, 37, 84, 43, 62, 25, 55, 28, 29, 51, 68, 82, 74, 61, 88, 21, 80, 89, 7, 69, 96, 41, 48, 4, 8, 34, 49, 52, 0, 44, 13, 2, 64, 33]|[1, 1, 1, 1, 0, 2, 1, 1, 2, 2, 2, 1, 0, 1, 2, 2, 1, 2, 0, 1, 2, 2, 2, 0, 0, 1, 2, 1, 2, 1, 2, 1, 1, 0, 1, 1, 0, 2, 2, 1, 1, 0, 0, 0, 0, 1, 1, 1, 1, 2, 1, 2, 2, 0, 0, 2, 1, 0, 0, 2, 0, 1, 2, 2, 1, 1, 1, 1, 1, 1, 0, 1, 1, 0, 0, 0, 0, 0, 2, 1, 1, 0, 0, 1, 1, 1, 2, 2, 0, 1, 1, 2, 0, 1, 0, 0, 0, 0, 2, 2]|[0, 4, 3, 0, 1, 1, 2, 4, 1, 1, 2, 4, 1, 4, 1, 1, 1, 2, 2, 2, 2, 1, 1, 1, 2, 3, 2, 3, 0, 4, 1, 0, 3, 2, 2, 2, 1, 1, 1, 0, 2, 0, 1, 2, 1, 3, 1, 4, 2, 0, 3, 2, 1, 2, 1, 1, 4, 1, 1, 1, 2, 3, 0, 2, 4, 3, 1, 4, 1, 1, 1, 4, 4, 2, 1, 1, 1, 2, 1, 3, 0, 1, 1, 1, 1, 3, 1, 1, 1, 4, 3, 1, 1, 1, 2, 2, 2, 2, 1, 1]|[3, 0, 2, 3, 0, 0, 1, 0, 0, 0, 1, 0, 0, 3, 0, 0, 1, 1, 1, 2, 1, 0, 0, 0, 0, 0, 0, 0, 0, 3, 1, 0, 2, 1, 1, 1, 0, 0, 0, 0, 1, 1, 0, 0, 0, 0, 1, 3, 2, 0, 0, 1, 0, 1, 0, 0, 2, 0, 0, 0, 1, 2, 1, 1, 0, 0, 1, 1, 3, 3, 0, 3, 3, 1, 0, 0, 0, 1, 0, 0, 0, 0, 0, 1, 2, 2, 0, 0, 0, 0, 2, 0, 1, 1, 0, 0, 0, 0, 0, 0],705.0470749739228,58445.79123614564,95781.2895945797,false
57,G4_BALANCED,G4_BALANCED,[31, 22, 42, 15, 26, 58, 95, 82, 77, 12, 47, 5, 93, 78, 98, 54, 85, 63, 18, 44, 20, 35, 43, 97, 91, 76, 10, 30, 21, 45, 71, 64, 1, 23, 17, 83, 24, 61, 60, 49, 6, 57, 94, 88, 65, 56, 79, 40, 67, 68, 46, 75, 38, 9, 19, 32, 81, 41, 27, 62, 87, 90, 99, 59, 11, 16, 72, 73, 70, 39, 37, 84, 3, 92, 25, 55, 28, 29, 51, 7, 53, 14, 86, 48, 89, 50, 80, 96, 33, 66, 4, 8, 0, 36, 74, 52, 13, 2, 69, 34]|[1, 1, 0, 1, 1, 1, 2, 1, 2, 1, 2, 2, 2, 1, 1, 0, 0, 1, 0, 2, 2, 0, 1, 2, 0, 1, 2, 2, 0, 0, 1, 2, 1, 2, 1, 0, 2, 0, 1, 1, 0, 1, 1, 1, 0, 2, 1, 1, 0, 0, 0, 0, 1, 1, 2, 1, 2, 0, 0, 0, 2, 1, 0, 1, 2, 1, 2, 1, 1, 1, 1, 2, 2, 0, 1, 1, 0, 0, 0, 1, 0, 1, 0, 0, 1, 0, 0, 2, 2, 0, 0, 1, 0, 0, 2, 1, 0, 0, 1, 2]|[4, 3, 2, 2, 0, 0, 2, 2, 2, 4, 1, 1, 2, 4, 4, 1, 1, 4, 2, 1, 1, 1, 1, 2, 1, 2, 1, 1, 1, 1, 3, 2, 3, 0, 4, 0, 1, 1, 0, 3, 2, 2, 4, 0, 1, 1, 3, 2, 0, 1, 2, 2, 1, 4, 0, 3, 2, 1, 1, 2, 1, 3, 1, 1, 1, 3, 0, 4, 3, 1, 4, 1, 1, 2, 4, 4, 2, 1, 1, 3, 2, 3, 1, 1, 1, 1, 1, 1, 1, 1, 2, 3, 2, 1, 1, 1, 2, 2, 3, 1]|[0, 2, 1, 1, 3, 3, 0, 1, 0, 0, 0, 0, 1, 0, 1, 0, 0, 3, 1, 0, 0, 0, 3, 1, 0, 2, 0, 0, 0, 1, 0, 0, 0, 0, 3, 0, 1, 0, 0, 2, 1, 1, 2, 0, 0, 0, 0, 1, 1, 0, 0, 0, 1, 3, 0, 0, 1, 0, 0, 1, 0, 2, 0, 1, 0, 2, 1, 0, 0, 1, 1, 0, 0, 1, 3, 3, 1, 0, 0, 2, 1, 0, 0, 0, 1, 0, 0, 0, 0, 0, 1, 2, 0, 1, 0, 1, 0, 0, 0, 0],774.3124913758709,56982.594735328545,89805.02571753971,false
57,G2_TEC,G4_BALANCED,[20, 94, 82, 15, 26, 9, 95, 42, 77, 68, 47, 5, 93, 78, 86, 54, 85, 63, 18, 44, 31, 49, 36, 14, 74, 50, 53, 17, 21, 28, 11, 64, 3, 23, 30, 83, 24, 41, 40, 52, 65, 27, 90, 70, 39, 87, 48, 69, 99, 4, 46, 1, 13, 56, 97, 59, 45, 8, 73, 37, 35, 79, 71, 66, 76, 16, 60, 80, 58, 6, 67, 61, 33, 7, 57, 34, 12, 10, 32, 98, 96, 88, 43, 81, 91, 2, 84, 29, 92, 19, 51, 89, 55, 75, 25, 22, 38, 72, 62, 0]|[2, 1, 2, 1, 1, 2, 1, 1, 1, 1, 1, 0, 2, 2, 1, 2, 0, 0, 0, 2, 2, 1, 0, 2, 0, 2, 2, 1, 0, 1, 1, 1, 0, 0, 1, 0, 2, 1, 2, 2, 0, 0, 1, 1, 0, 2, 0, 2, 1, 0, 0, 2, 0, 2, 2, 0, 1, 1, 0, 0, 2, 1, 1, 2, 2, 2, 2, 2, 2, 1, 2, 1, 1, 2, 0, 1, 1, 1, 0, 0, 0, 1, 1, 1, 1, 0, 0, 1, 0, 1, 1, 1, 0, 2, 1, 2, 0, 1, 1, 0]|[1, 3, 0, 3, 4, 1, 4, 4, 4, 4, 3, 2, 1, 0, 2, 1, 1, 1, 2, 1, 1, 3, 0, 1, 0, 1, 1, 4, 1, 4, 3, 2, 2, 0, 4, 1, 1, 4, 1, 1, 2, 1, 4, 4, 1, 1, 0, 1, 3, 2, 2, 1, 2, 1, 1, 2, 4, 3, 0, 2, 1, 3, 3, 1, 1, 1, 1, 1, 1, 4, 1, 3, 4, 1, 2, 4, 3, 3, 2, 2, 2, 4, 4, 4, 3, 2, 2, 3, 2, 4, 3, 4, 2, 1, 4, 1, 2, 4, 3, 2]|[0, 2, 0, 0, 3, 0, 1, 3, 1, 0, 2, 0, 1, 0, 1, 0, 0, 0, 1, 0, 0, 2, 0, 0, 1, 0, 0, 3, 0, 1, 0, 2, 0, 0, 3, 0, 1, 1, 0, 0, 0, 0, 1, 3, 0, 0, 1, 0, 2, 0, 0, 0, 0, 0, 1, 0, 1, 0, 1, 1, 0, 2, 0, 0, 0, 0, 0, 0, 0, 2, 0, 0, 1, 0, 0, 1, 0, 3, 0, 0, 0, 1, 2, 2, 0, 0, 0, 3, 0, 1, 0, 1, 0, 0, 3, 0, 0, 1, 0, 0],910.6016522559228,48424.554875013484,106661.9370408949,true
57,G3_TWC,G3_TWC,[31, 22, 42, 15, 26, 58, 95, 82, 77, 12, 47, 5, 93, 78, 98, 54, 85, 63, 18, 44, 20, 35, 43, 97, 91, 76, 10, 30, 21, 45, 71, 64, 1, 23, 17, 83, 24, 61, 60, 49, 6, 57, 94, 88, 65, 56, 79, 40, 67, 68, 46, 75, 0, 9, 19, 32, 81, 41, 27, 62, 87, 90, 99, 59, 53, 16, 72, 73, 70, 39, 37, 84, 3, 92, 25, 74, 28, 38, 51, 7, 11, 14, 86, 48, 89, 66, 50, 96, 33, 80, 8, 4, 34, 36, 55, 52, 13, 29, 69, 2]|[1, 1, 0, 1, 1, 1, 2, 1, 2, 1, 2, 2, 2, 1, 1, 0, 0, 1, 0, 2, 2, 0, 1, 2, 0, 1, 2, 2, 0, 0, 1, 2, 1, 0, 1, 0, 2, 0, 1, 1, 0, 1, 1, 1, 0, 2, 1, 1, 0, 0, 0, 0, 1, 1, 2, 1, 2, 0, 0, 0, 2, 1, 0, 1, 0, 1, 2, 1, 1, 1, 1, 1, 2, 0, 1, 2, 0, 0, 0, 1, 0, 1, 0, 0, 1, 0, 0, 0, 2, 0, 1, 0, 2, 0, 1, 1, 0, 0, 1, 0]|[4, 3, 2, 2, 0, 0, 2, 2, 2, 4, 1, 1, 2, 4, 4, 1, 1, 4, 2, 1, 1, 1, 1, 2, 1, 2, 1, 1, 1, 1, 3, 2, 3, 0, 4, 0, 1, 1, 0, 3, 2, 2, 4, 0, 1, 1, 3, 2, 0, 1, 2, 2, 1, 4, 0, 3, 2, 1, 1, 2, 1, 3, 1, 1, 2, 3, 0, 4, 3, 1, 4, 1, 1, 2, 4, 1, 2, 1, 1, 3, 2, 3, 1, 1, 1, 1, 1, 1, 1, 1, 3, 2, 1, 1, 4, 1, 2, 2, 3, 2]|[0, 2, 1, 1, 3, 3, 0, 1, 0, 0, 0, 0, 1, 0, 1, 0, 0, 3, 1, 0, 0, 0, 3, 1, 0, 2, 0, 0, 0, 1, 0, 0, 0, 0, 3, 0, 1, 0, 0, 2, 1, 1, 2, 0, 0, 0, 0, 1, 1, 0, 0, 0, 1, 3, 0, 0, 1, 0, 0, 1, 0, 2, 0, 1, 1, 2, 1, 0, 0, 1, 1, 3, 0, 1, 3, 0, 1, 0, 0, 2, 1, 0, 0, 0, 1, 0, 0, 0, 0, 0, 2, 1, 0, 1, 3, 1, 0, 0, 0, 0],843.7439659666079,57777.80974073964,86440.68470675517,false
57,G1_CMAX,G1_CMAX,[31, 22, 90, 26, 58, 95, 42, 12, 93, 5, 78, 86, 98, 18, 20, 35, 3, 97, 91, 76, 10, 85, 54, 45, 63, 71, 66, 1, 23, 17, 24, 60, 36, 6, 57, 15, 65, 56, 47, 79, 94, 67, 50, 46, 14, 75, 38, 9, 30, 19, 32, 81, 27, 92, 83, 87, 40, 99, 59, 11, 53, 16, 72, 77, 73, 70, 39, 37, 84, 43, 62, 25, 55, 28, 29, 51, 68, 82, 74, 61, 88, 21, 80, 89, 7, 69, 96, 41, 48, 4, 8, 34, 49, 52, 0, 44, 13, 2, 64, 33]|[1, 1, 1, 1, 0, 2, 1, 1, 2, 2, 2, 1, 0, 1, 2, 2, 1, 2, 0, 1, 2, 2, 2, 0, 0, 1, 2, 1, 2, 1, 2, 1, 1, 0, 1, 1, 0, 2, 2, 1, 1, 0, 0, 0, 0, 1, 1, 1, 1, 2, 1, 2, 2, 0, 0, 2, 1, 0, 0, 2, 0, 1, 2, 2, 1, 1, 1, 1, 1, 1, 0, 1, 1, 0, 0, 0, 0, 0, 2, 1, 1, 0, 0, 1, 1, 1, 2, 2, 0, 1, 1, 2, 0, 1, 0, 0, 0, 0, 2, 2]|[0, 4, 3, 0, 1, 1, 2, 4, 1, 1, 2, 4, 1, 4, 1, 1, 1, 2, 2, 2, 2, 1, 1, 1, 2, 3, 2, 3, 0, 4, 1, 0, 3, 2, 2, 2, 1, 1, 1, 0, 2, 0, 1, 2, 1, 3, 1, 4, 2, 0, 3, 2, 1, 2, 1, 1, 4, 1, 1, 1, 2, 3, 0, 2, 4, 3, 1, 4, 1, 1, 1, 4, 4, 2, 1, 1, 1, 2, 1, 3, 0, 1, 1, 1, 1, 3, 1, 1, 1, 4, 3, 1, 1, 1, 2, 2, 2, 2, 1, 1]|[3, 0, 2, 3, 0, 0, 1, 0, 0, 0, 1, 0, 0, 3, 0, 0, 1, 1, 1, 2, 1, 0, 0, 0, 0, 0, 0, 0, 0, 3, 1, 0, 2, 1, 1, 1, 0, 0, 0, 0, 1, 1, 0, 0, 0, 0, 1, 3, 2, 0, 0, 1, 0, 1, 0, 0, 2, 0, 0, 0, 1, 2, 1, 1, 0, 0, 1, 1, 3, 3, 0, 3, 3, 1, 0, 0, 0, 1, 0, 0, 0, 0, 0, 1, 2, 2, 0, 0, 0, 0, 2, 0, 1, 1, 0, 0, 0, 0, 0, 0],705.0470749739228,58445.79123614564,95781.2895945797,false
57,G4_BALANCED,G4_BALANCED,[31, 22, 82, 15, 26, 58, 95, 42, 77, 12, 47, 5, 93, 78, 86, 54, 85, 63, 18, 44, 20, 35, 43, 97, 66, 76, 79, 30, 21, 45, 71, 64, 1, 23, 17, 83, 24, 14, 60, 36, 6, 57, 40, 88, 65, 56, 10, 94, 67, 68, 46, 75, 38, 9, 19, 32, 41, 81, 27, 62, 87, 90, 99, 59, 11, 16, 72, 73, 69, 39, 37, 84, 3, 92, 25, 55, 29, 28, 51, 7, 33, 61, 48, 98, 89, 50, 4, 96, 53, 80, 91, 8, 34, 2, 52, 70, 13, 0, 49, 74]|[1, 1, 0, 1, 1, 0, 1, 2, 2, 1, 2, 2, 2, 1, 1, 0, 0, 1, 0, 2, 2, 0, 1, 2, 2, 1, 2, 2, 0, 0, 1, 2, 1, 2, 1, 0, 2, 0, 1, 1, 0, 1, 1, 1, 0, 2, 2, 1, 0, 0, 0, 0, 1, 1, 2, 1, 0, 2, 0, 0, 2, 1, 0, 1, 2, 1, 2, 1, 1, 1, 1, 1, 1, 0, 1, 2, 0, 0, 0, 1, 2, 1, 0, 2, 1, 0, 1, 2, 0, 0, 0, 1, 2, 0, 1, 1, 0, 0, 0, 2]|[4, 3, 2, 2, 4, 1, 2, 2, 2, 4, 1, 1, 2, 4, 4, 1, 2, 4, 2, 1, 1, 1, 1, 2, 1, 2, 1, 1, 1, 1, 3, 1, 3, 1, 4, 0, 1, 1, 0, 3, 2, 2, 2, 0, 1, 1, 1, 4, 0, 1, 2, 2, 1, 4, 0, 3, 1, 1, 1, 2, 1, 3, 1, 1, 1, 3, 0, 4, 4, 1, 4, 1, 1, 0, 4, 1, 1, 2, 1, 1, 1, 3, 1, 1, 1, 1, 4, 1, 2, 1, 1, 3, 1, 2, 1, 3, 2, 2, 1, 1]|[0, 2, 1, 1, 3, 0, 1, 0, 0, 0, 0, 0, 1, 0, 1, 0, 0, 3, 1, 0, 0, 0, 3, 1, 0, 2, 0, 0, 0, 0, 0, 0, 0, 0, 3, 0, 1, 0, 0, 2, 1, 1, 1, 0, 0, 0, 0, 2, 1, 0, 0, 0, 1, 3, 0, 0, 0, 0, 0, 1, 0, 2, 0, 1, 0, 2, 1, 0, 2, 1, 1, 3, 1, 1, 3, 0, 0, 1, 0, 2, 0, 0, 0, 0, 1, 0, 0, 0, 1, 0, 0, 2, 0, 0, 1, 0, 0, 0, 1, 0],777.436160111927,55362.22348255077,98760.25566819475,false
57,G2_TEC,G4_BALANCED,[20, 94, 82, 15, 26, 9, 95, 42, 77, 68, 47, 5, 93, 78, 86, 54, 85, 63, 18, 44, 31, 49, 36, 14, 74, 50, 53, 17, 21, 28, 11, 64, 3, 23, 30, 83, 24, 41, 40, 52, 65, 27, 90, 70, 39, 87, 48, 69, 99, 4, 46, 1, 13, 56, 97, 59, 45, 8, 73, 37, 35, 79, 71, 66, 76, 16, 60, 80, 58, 6, 67, 61, 33, 7, 57, 34, 12, 10, 32, 98, 96, 88, 43, 81, 91, 2, 84, 29, 92, 19, 51, 89, 55, 75, 25, 22, 38, 72, 62, 0]|[2, 1, 2, 1, 1, 2, 1, 1, 1, 1, 1, 0, 2, 2, 1, 2, 0, 0, 0, 2, 2, 1, 0, 2, 0, 2, 2, 1, 0, 1, 1, 1, 0, 0, 1, 0, 2, 1, 2, 2, 0, 0, 1, 1, 0, 2, 0, 2, 1, 0, 0, 2, 0, 2, 2, 0, 1, 1, 0, 0, 2, 1, 1, 2, 2, 2, 2, 2, 2, 1, 2, 1, 1, 2, 0, 1, 1, 1, 0, 0, 0, 1, 1, 1, 1, 0, 0, 1, 0, 1, 1, 1, 0, 2, 1, 2, 0, 1, 1, 0]|[1, 3, 0, 3, 4, 1, 4, 4, 4, 4, 3, 2, 1, 0, 2, 1, 1, 1, 2, 1, 1, 3, 0, 1, 0, 1, 1, 4, 1, 4, 3, 2, 2, 0, 4, 1, 1, 4, 1, 1, 2, 1, 4, 4, 1, 1, 0, 1, 3, 2, 2, 1, 2, 1, 1, 2, 4, 3, 0, 2, 1, 3, 3, 1, 1, 1, 1, 1, 1, 4, 1, 3, 4, 1, 2, 4, 3, 3, 2, 2, 2, 4, 4, 4, 3, 2, 2, 3, 2, 4, 3, 4, 2, 1, 4, 1, 2, 4, 3, 2]|[0, 2, 0, 0, 3, 0, 1, 3, 1, 0, 2, 0, 1, 0, 1, 0, 0, 0, 1, 0, 0, 2, 0, 0, 1, 0, 0, 3, 0, 1, 0, 2, 0, 0, 3, 0, 1, 1, 0, 0, 0, 0, 1, 3, 0, 0, 1, 0, 2, 0, 0, 0, 0, 0, 1, 0, 1, 0, 1, 1, 0, 2, 0, 0, 0, 0, 0, 0, 0, 2, 0, 0, 1, 0, 0, 1, 0, 3, 0, 0, 0, 1, 2, 2, 0, 0, 0, 3, 0, 1, 0, 1, 0, 0, 3, 0, 0, 1, 0, 0],910.6016522559228,48424.554875013484,106661.9370408949,true
57,G3_TWC,G3_TWC,[31, 22, 42, 15, 26, 58, 95, 82, 77, 12, 47, 5, 93, 78, 98, 54, 85, 63, 18, 44, 20, 35, 43, 97, 91, 76, 10, 30, 21, 45, 71, 64, 1, 23, 17, 83, 24, 61, 60, 49, 6, 57, 94, 88, 65, 56, 79, 40, 67, 68, 46, 75, 0, 9, 19, 32, 81, 41, 27, 62, 87, 90, 99, 59, 53, 16, 72, 73, 70, 39, 37, 84, 3, 92, 25, 74, 28, 38, 51, 7, 11, 14, 86, 48, 89, 66, 50, 96, 33, 80, 8, 4, 34, 36, 55, 52, 13, 29, 69, 2]|[1, 1, 0, 1, 1, 1, 2, 1, 2, 1, 2, 2, 2, 1, 1, 0, 0, 1, 0, 2, 2, 0, 1, 2, 0, 1, 2, 2, 0, 0, 1, 2, 1, 0, 1, 0, 2, 0, 1, 1, 0, 1, 1, 1, 0, 2, 1, 1, 0, 0, 0, 0, 1, 1, 2, 1, 2, 0, 0, 0, 2, 1, 0, 1, 0, 1, 2, 1, 1, 1, 1, 1, 2, 0, 1, 2, 0, 0, 0, 1, 0, 1, 0, 0, 1, 0, 0, 0, 2, 0, 1, 0, 2, 0, 1, 1, 0, 0, 1, 0]|[4, 3, 2, 2, 0, 0, 2, 2, 2, 4, 1, 1, 2, 4, 4, 1, 1, 4, 2, 1, 1, 1, 1, 2, 1, 2, 1, 1, 1, 1, 3, 2, 3, 0, 4, 0, 1, 1, 0, 3, 2, 2, 4, 0, 1, 1, 3, 2, 0, 1, 2, 2, 1, 4, 0, 3, 2, 1, 1, 2, 1, 3, 1, 1, 2, 3, 0, 4, 3, 1, 4, 1, 1, 2, 4, 1, 2, 1, 1, 3, 2, 3, 1, 1, 1, 1, 1, 1, 1, 1, 3, 2, 1, 1, 4, 1, 2, 2, 3, 2]|[0, 2, 1, 1, 3, 3, 0, 1, 0, 0, 0, 0, 1, 0, 1, 0, 0, 3, 1, 0, 0, 0, 3, 1, 0, 2, 0, 0, 0, 1, 0, 0, 0, 0, 3, 0, 1, 0, 0, 2, 1, 1, 2, 0, 0, 0, 0, 1, 1, 0, 0, 0, 1, 3, 0, 0, 1, 0, 0, 1, 0, 2, 0, 1, 1, 2, 1, 0, 0, 1, 1, 3, 0, 1, 3, 0, 1, 0, 0, 2, 1, 0, 0, 0, 1, 0, 0, 0, 0, 0, 2, 1, 0, 1, 3, 1, 0, 0, 0, 0],843.7439659666079,57777.80974073964,86440.68470675517,false
57,G1_CMAX,G1_CMAX,[31, 22, 90, 26, 58, 95, 42, 12, 93, 5, 78, 86, 98, 18, 20, 35, 3, 97, 91, 76, 10, 85, 54, 45, 63, 71, 66, 1, 23, 17, 24, 60, 36, 6, 57, 15, 65, 56, 47, 79, 94, 67, 50, 46, 14, 75, 38, 9, 30, 19, 32, 81, 27, 92, 83, 87, 40, 99, 59, 11, 53, 16, 72, 77, 73, 70, 39, 37, 84, 43, 62, 25, 55, 28, 29, 51, 68, 82, 74, 61, 88, 21, 80, 89, 7, 69, 96, 41, 48, 4, 8, 34, 49, 52, 0, 44, 13, 2, 64, 33]|[1, 1, 1, 1, 0, 2, 1, 1, 2, 2, 2, 1, 0, 1, 2, 2, 1, 2, 0, 1, 2, 2, 2, 0, 0, 1, 2, 1, 2, 1, 2, 1, 1, 0, 1, 1, 0, 2, 2, 1, 1, 0, 0, 0, 0, 1, 1, 1, 1, 2, 1, 2, 2, 0, 0, 2, 1, 0, 0, 2, 0, 1, 2, 2, 1, 1, 1, 1, 1, 1, 0, 1, 1, 0, 0, 0, 0, 0, 2, 1, 1, 0, 0, 1, 1, 1, 2, 2, 0, 1, 1, 2, 0, 1, 0, 0, 0, 0, 2, 2]|[0, 4, 3, 0, 1, 1, 2, 4, 1, 1, 2, 4, 1, 4, 1, 1, 1, 2, 2, 2, 2, 1, 1, 1, 2, 3, 2, 3, 0, 4, 1, 0, 3, 2, 2, 2, 1, 1, 1, 0, 2, 0, 1, 2, 1, 3, 1, 4, 2, 0, 3, 2, 1, 2, 1, 1, 4, 1, 1, 1, 2, 3, 0, 2, 4, 3, 1, 4, 1, 1, 1, 4, 4, 2, 1, 1, 1, 2, 1, 3, 0, 1, 1, 1, 1, 3, 1, 1, 1, 4, 3, 1, 1, 1, 2, 2, 2, 2, 1, 1]|[3, 0, 2, 3, 0, 0, 1, 0, 0, 0, 1, 0, 0, 3, 0, 0, 1, 1, 1, 2, 1, 0, 0, 0, 0, 0, 0, 0, 0, 3, 1, 0, 2, 1, 1, 1, 0, 0, 0, 0, 1, 1, 0, 0, 0, 0, 1, 3, 2, 0, 0, 1, 0, 1, 0, 0, 2, 0, 0, 0, 1, 2, 1, 1, 0, 0, 1, 1, 3, 3, 0, 3, 3, 1, 0, 0, 0, 1, 0, 0, 0, 0, 0, 1, 2, 2, 0, 0, 0, 0, 2, 0, 1, 1, 0, 0, 0, 0, 0, 0],705.0470749739228,58445.79123614564,95781.2895945797,false
57,G4_BALANCED,G4_BALANCED,[31, 22, 82, 15, 26, 58, 95, 42, 77, 12, 47, 5, 93, 78, 44, 54, 85, 63, 18, 98, 20, 35, 43, 97, 91, 76, 10, 30, 21, 61, 71, 64, 1, 23, 17, 83, 24, 14, 60, 36, 6, 57, 94, 88, 65, 56, 79, 40, 67, 68, 46, 75, 38, 9, 19, 32, 81, 41, 27, 62, 87, 90, 99, 59, 11, 16, 72, 73, 70, 37, 84, 3, 39, 25, 28, 55, 66, 29, 51, 7, 33, 45, 86, 92, 89, 50, 69, 96, 53, 80, 4, 8, 48, 49, 52, 2, 13, 0, 34, 74]|[1, 1, 0, 1, 1, 0, 1, 2, 2, 1, 2, 2, 2, 1, 1, 0, 0, 1, 0, 2, 2, 0, 1, 2, 0, 1, 2, 2, 0, 0, 1, 2, 1, 2, 1, 0, 2, 0, 1, 1, 0, 1, 1, 1, 0, 2, 1, 1, 0, 0, 0, 0, 1, 1, 2, 1, 0, 0, 0, 0, 2, 1, 1, 2, 2, 1, 2, 1, 2, 1, 1, 2, 1, 1, 0, 1, 2, 0, 0, 1, 2, 1, 2, 0, 1, 0, 1, 2, 0, 0, 1, 0, 0, 0, 1, 0, 0, 0, 2, 2]|[4, 3, 2, 2, 4, 1, 2, 2, 2, 4, 1, 1, 2, 4, 4, 1, 2, 4, 2, 1, 1, 1, 1, 2, 1, 2, 1, 1, 1, 1, 3, 2, 3, 1, 4, 0, 1, 1, 0, 3, 2, 2, 2, 0, 1, 1, 0, 4, 0, 1, 2, 2, 1, 4, 0, 3, 1, 1, 1, 2, 1, 3, 1, 1, 1, 3, 1, 4, 1, 4, 1, 1, 1, 4, 2, 4, 1, 1, 1, 1, 1, 3, 1, 2, 1, 1, 4, 1, 2, 1, 4, 1, 1, 1, 1, 2, 2, 2, 1, 1]|[0, 2, 1, 1, 3, 0, 1, 0, 0, 0, 0, 0, 1, 0, 1, 0, 0, 3, 1, 0, 0, 0, 3, 1, 0, 2, 0, 0, 0, 1, 0, 0, 0, 0, 3, 0, 1, 0, 0, 2, 1, 1, 1, 0, 0, 0, 0, 2, 1, 0, 0, 0, 1, 3, 0, 0, 0, 0, 0, 1, 0, 2, 1, 0, 0, 2, 0, 0, 0, 1, 3, 0, 1, 3, 1, 3, 0, 0, 0, 2, 0, 0, 0, 1, 1, 0, 2, 0, 1, 0, 0, 0, 0, 1, 1, 0, 0, 0, 0, 0],823.5567668680732,55202.257254498894,96651.41535653878,false
57,G2_TEC,G4_BALANCED,[20, 94, 82, 15, 26, 9, 95, 42, 77, 68, 47, 5, 93, 78, 86, 54, 85, 63, 18, 44, 31, 49, 36, 14, 74, 50, 53, 17, 21, 28, 11, 64, 3, 23, 30, 83, 24, 41, 40, 52, 65, 27, 90, 70, 39, 87, 48, 69, 99, 4, 46, 1, 13, 56, 97, 59, 45, 8, 73, 37, 35, 79, 71, 66, 76, 16, 60, 80, 58, 6, 67, 61, 33, 7, 57, 34, 12, 10, 32, 98, 96, 88, 43, 81, 91, 2, 84, 29, 92, 19, 51, 89, 55, 75, 25, 22, 38, 72, 62, 0]|[2, 1, 2, 1, 1, 2, 1, 1, 1, 1, 1, 0, 2, 2, 1, 2, 0, 0, 0, 2, 2, 1, 0, 2, 0, 2, 2, 1, 0, 1, 1, 1, 0, 0, 1, 0, 2, 1, 2, 2, 0, 0, 1, 1, 0, 2, 0, 2, 1, 0, 0, 2, 0, 2, 2, 0, 1, 1, 0, 0, 2, 1, 1, 2, 2, 2, 2, 2, 2, 1, 2, 1, 1, 2, 0, 1, 1, 1, 0, 0, 0, 1, 1, 1, 1, 0, 0, 1, 0, 1, 1, 1, 0, 2, 1, 2, 0, 1, 1, 0]|[1, 3, 0, 3, 4, 1, 4, 4, 4, 4, 3, 2, 1, 0, 2, 1, 1, 1, 2, 1, 1, 3, 0, 1, 0, 1, 1, 4, 1, 4, 3, 2, 2, 0, 4, 1, 1, 4, 1, 1, 2, 1, 4, 4, 1, 1, 0, 1, 3, 2, 2, 1, 2, 1, 1, 2, 4, 3, 0, 2, 1, 3, 3, 1, 1, 1, 1, 1, 1, 4, 1, 3, 4, 1, 2, 4, 3, 3, 2, 2, 2, 4, 4, 4, 3, 2, 2, 3, 2, 4, 3, 4, 2, 1, 4, 1, 2, 4, 3, 2]|[0, 2, 0, 0, 3, 0, 1, 3, 1, 0, 2, 0, 1, 0, 1, 0, 0, 0, 1, 0, 0, 2, 0, 0, 1, 0, 0, 3, 0, 1, 0, 2, 0, 0, 3, 0, 1, 1, 0, 0, 0, 0, 1, 3, 0, 0, 1, 0, 2, 0, 0, 0, 0, 0, 1, 0, 1, 0, 1, 1, 0, 2, 0, 0, 0, 0, 0, 0, 0, 2, 0, 0, 1, 0, 0, 1, 0, 3, 0, 0, 0, 1, 2, 2, 0, 0, 0, 3, 0, 1, 0, 1, 0, 0, 3, 0, 0, 1, 0, 0],910.6016522559228,48424.554875013484,106661.9370408949,true
57,G3_TWC,G3_TWC,[31, 22, 42, 15, 26, 58, 95, 82, 77, 12, 47, 5, 93, 78, 98, 54, 85, 63, 18, 44, 20, 35, 43, 97, 91, 76, 10, 30, 21, 45, 71, 64, 1, 23, 17, 83, 24, 61, 60, 49, 6, 57, 94, 88, 65, 56, 79, 40, 67, 68, 46, 75, 0, 9, 19, 32, 81, 41, 27, 62, 87, 90, 99, 59, 53, 16, 72, 73, 70, 39, 37, 84, 3, 92, 25, 74, 28, 38, 51, 7, 11, 14, 86, 48, 89, 66, 50, 96, 33, 80, 8, 4, 34, 36, 55, 52, 13, 29, 69, 2]|[1, 1, 0, 1, 1, 1, 2, 1, 2, 1, 2, 2, 2, 1, 1, 0, 0, 1, 0, 2, 2, 0, 1, 2, 0, 1, 2, 2, 0, 0, 1, 2, 1, 0, 1, 0, 2, 0, 1, 1, 0, 1, 1, 1, 0, 2, 1, 1, 0, 0, 0, 0, 1, 1, 2, 1, 2, 0, 0, 0, 2, 1, 0, 1, 0, 1, 2, 1, 1, 1, 1, 1, 2, 0, 1, 2, 0, 0, 0, 1, 0, 1, 0, 0, 1, 0, 0, 0, 2, 0, 1, 0, 2, 0, 1, 1, 0, 0, 1, 0]|[4, 3, 2, 2, 0, 0, 2, 2, 2, 4, 1, 1, 2, 4, 4, 1, 1, 4, 2, 1, 1, 1, 1, 2, 1, 2, 1, 1, 1, 1, 3, 2, 3, 0, 4, 0, 1, 1, 0, 3, 2, 2, 4, 0, 1, 1, 3, 2, 0, 1, 2, 2, 1, 4, 0, 3, 2, 1, 1, 2, 1, 3, 1, 1, 2, 3, 0, 4, 3, 1, 4, 1, 1, 2, 4, 1, 2, 1, 1, 3, 2, 3, 1, 1, 1, 1, 1, 1, 1, 1, 3, 2, 1, 1, 4, 1, 2, 2, 3, 2]|[0, 2, 1, 1, 3, 3, 0, 1, 0, 0, 0, 0, 1, 0, 1, 0, 0, 3, 1, 0, 0, 0, 3, 1, 0, 2, 0, 0, 0, 1, 0, 0, 0, 0, 3, 0, 1, 0, 0, 2, 1, 1, 2, 0, 0, 0, 0, 1, 1, 0, 0, 0, 1, 3, 0, 0, 1, 0, 0, 1, 0, 2, 0, 1, 1, 2, 1, 0, 0, 1, 1, 3, 0, 1, 3, 0, 1, 0, 0, 2, 1, 0, 0, 0, 1, 0, 0, 0, 0, 0, 2, 1, 0, 1, 3, 1, 0, 0, 0, 0],843.7439659666079,57777.80974073964,86440.68470675517,false
57,G1_CMAX,G1_CMAX,[31, 22, 90, 26, 58, 95, 42, 12, 93, 5, 78, 86, 98, 18, 20, 35, 3, 97, 91, 76, 10, 85, 54, 45, 63, 71, 66, 1, 23, 17, 24, 60, 36, 6, 57, 15, 65, 56, 47, 79, 94, 67, 50, 46, 14, 75, 38, 9, 30, 19, 32, 81, 27, 92, 83, 87, 40, 99, 59, 11, 53, 16, 72, 77, 73, 70, 39, 37, 84, 43, 62, 25, 55, 28, 29, 51, 68, 82, 74, 61, 88, 21, 80, 89, 7, 69, 96, 41, 48, 4, 8, 34, 49, 52, 0, 44, 13, 2, 64, 33]|[1, 1, 1, 1, 0, 2, 1, 1, 2, 2, 2, 1, 0, 1, 2, 2, 1, 2, 0, 1, 2, 2, 2, 0, 0, 1, 2, 1, 2, 1, 2, 1, 1, 0, 1, 1, 0, 2, 2, 1, 1, 0, 0, 0, 0, 1, 1, 1, 1, 2, 1, 2, 2, 0, 0, 2, 1, 0, 0, 2, 0, 1, 2, 2, 1, 1, 1, 1, 1, 1, 0, 1, 1, 0, 0, 0, 0, 0, 2, 1, 1, 0, 0, 1, 1, 1, 2, 2, 0, 1, 1, 2, 0, 1, 0, 0, 0, 0, 2, 2]|[0, 4, 3, 0, 1, 1, 2, 4, 1, 1, 2, 4, 1, 4, 1, 1, 1, 2, 2, 2, 2, 1, 1, 1, 2, 3, 2, 3, 0, 4, 1, 0, 3, 2, 2, 2, 1, 1, 1, 0, 2, 0, 1, 2, 1, 3, 1, 4, 2, 0, 3, 2, 1, 2, 1, 1, 4, 1, 1, 1, 2, 3, 0, 2, 4, 3, 1, 4, 1, 1, 1, 4, 4, 2, 1, 1, 1, 2, 1, 3, 0, 1, 1, 1, 1, 3, 1, 1, 1, 4, 3, 1, 1, 1, 2, 2, 2, 2, 1, 1]|[3, 0, 2, 3, 0, 0, 1, 0, 0, 0, 1, 0, 0, 3, 0, 0, 1, 1, 1, 2, 1, 0, 0, 0, 0, 0, 0, 0, 0, 3, 1, 0, 2, 1, 1, 1, 0, 0, 0, 0, 1, 1, 0, 0, 0, 0, 1, 3, 2, 0, 0, 1, 0, 1, 0, 0, 2, 0, 0, 0, 1, 2, 1, 1, 0, 0, 1, 1, 3, 3, 0, 3, 3, 1, 0, 0, 0, 1, 0, 0, 0, 0, 0, 1, 2, 2, 0, 0, 0, 0, 2, 0, 1, 1, 0, 0, 0, 0, 0, 0],705.0470749739228,58445.79123614564,95781.2895945797,false
57,G4_BALANCED,G4_BALANCED,[20, 94, 82, 15, 26, 9, 95, 42, 77, 68, 47, 5, 93, 78, 86, 54, 85, 63, 18, 44, 31, 49, 36, 14, 74, 50, 53, 17, 21, 28, 11, 64, 3, 23, 30, 83, 24, 41, 40, 52, 65, 27, 90, 70, 39, 87, 48, 69, 99, 4, 46, 1, 13, 56, 97, 59, 45, 8, 73, 37, 35, 79, 71, 66, 76, 32, 60, 80, 58, 6, 67, 61, 33, 7, 57, 34, 12, 16, 10, 98, 96, 88, 43, 75, 91, 2, 84, 29, 55, 19, 51, 92, 89, 81, 25, 22, 38, 72, 62, 0]|[2, 1, 2, 1, 1, 2, 1, 1, 1, 1, 1, 0, 2, 2, 1, 2, 0, 0, 0, 2, 2, 1, 0, 2, 0, 2, 2, 1, 0, 1, 1, 1, 0, 0, 1, 0, 2, 1, 2, 2, 0, 0, 1, 1, 0, 2, 0, 2, 1, 0, 0, 2, 0, 2, 2, 0, 1, 1, 0, 0, 2, 1, 1, 2, 2, 0, 2, 2, 2, 1, 2, 1, 1, 2, 0, 1, 1, 2, 1, 2, 0, 1, 1, 0, 1, 0, 0, 1, 0, 1, 1, 0, 1, 1, 1, 2, 0, 1, 1, 0]|[0, 3, 0, 3, 4, 1, 4, 4, 4, 4, 3, 2, 1, 0, 2, 1, 1, 1, 2, 1, 1, 3, 0, 1, 0, 1, 1, 4, 1, 4, 3, 2, 2, 0, 4, 1, 1, 4, 1, 1, 2, 1, 4, 4, 1, 1, 0, 1, 3, 2, 2, 1, 2, 1, 1, 2, 4, 3, 0, 2, 1, 3, 3, 1, 1, 2, 1, 1, 1, 4, 1, 3, 4, 1, 2, 4, 3, 1, 3, 1, 2, 4, 4, 2, 3, 2, 2, 3, 2, 4, 3, 2, 4, 4, 4, 1, 2, 4, 3, 2]|[0, 2, 0, 0, 3, 0, 1, 3, 1, 0, 2, 0, 1, 0, 1, 0, 0, 0, 1, 0, 0, 2, 0, 0, 1, 0, 0, 3, 0, 1, 0, 2, 0, 0, 3, 0, 1, 1, 0, 0, 0, 0, 1, 3, 0, 0, 1, 0, 2, 0, 0, 0, 0, 0, 1, 0, 1, 0, 1, 1, 0, 2, 0, 0, 0, 0, 0, 0, 0, 2, 0, 0, 1, 0, 0, 1, 0, 0, 3, 0, 0, 1, 2, 0, 0, 0, 0, 3, 0, 1, 0, 0, 1, 2, 3, 0, 0, 1, 0, 0],908.7573695418747,48540.31176672962,106557.25683489011,false
57,G2_TEC,G4_BALANCED,[20, 94, 82, 15, 26, 9, 95, 42, 77, 68, 47, 5, 93, 78, 86, 54, 85, 63, 18, 44, 31, 49, 36, 14, 74, 50, 53, 17, 21, 28, 11, 64, 3, 23, 30, 83, 24, 41, 40, 52, 65, 27, 90, 70, 39, 87, 48, 69, 99, 4, 46, 1, 13, 56, 97, 59, 45, 8, 73, 37, 35, 79, 71, 66, 76, 16, 60, 80, 58, 6, 67, 61, 33, 7, 57, 34, 12, 10, 32, 98, 96, 88, 43, 81, 91, 2, 84, 29, 92, 19, 51, 89, 55, 75, 25, 22, 38, 72, 62, 0]|[2, 1, 2, 1, 1, 2, 1, 1, 1, 1, 1, 0, 2, 2, 1, 2, 0, 0, 0, 2, 2, 1, 0, 2, 0, 2, 2, 1, 0, 1, 1, 1, 0, 0, 1, 0, 2, 1, 2, 2, 0, 0, 1, 1, 0, 2, 0, 2, 1, 0, 0, 2, 0, 2, 2, 0, 1, 1, 0, 0, 2, 1, 1, 2, 2, 2, 2, 2, 2, 1, 2, 1, 1, 2, 0, 1, 1, 1, 0, 0, 0, 1, 1, 1, 1, 0, 0, 1, 0, 1, 1, 1, 0, 2, 1, 2, 0, 1, 1, 0]|[1, 3, 0, 3, 4, 1, 4, 4, 4, 4, 3, 2, 1, 0, 2, 1, 1, 1, 2, 1, 1, 3, 0, 1, 0, 1, 1, 4, 1, 4, 3, 2, 2, 0, 4, 1, 1, 4, 1, 1, 2, 1, 4, 4, 1, 1, 0, 1, 3, 2, 2, 1, 2, 1, 1, 2, 4, 3, 0, 2, 1, 3, 3, 1, 1, 1, 1, 1, 1, 4, 1, 3, 4, 1, 2, 4, 3, 3, 2, 2, 2, 4, 4, 4, 3, 2, 2, 3, 2, 4, 3, 4, 2, 1, 4, 1, 2, 4, 3, 2]|[0, 2, 0, 0, 3, 0, 1, 3, 1, 0, 2, 0, 1, 0, 1, 0, 0, 0, 1, 0, 0, 2, 0, 0, 1, 0, 0, 3, 0, 1, 0, 2, 0, 0, 3, 0, 1, 1, 0, 0, 0, 0, 1, 3, 0, 0, 1, 0, 2, 0, 0, 0, 0, 0, 1, 0, 1, 0, 1, 1, 0, 2, 0, 0, 0, 0, 0, 0, 0, 2, 0, 0, 1, 0, 0, 1, 0, 3, 0, 0, 0, 1, 2, 2, 0, 0, 0, 3, 0, 1, 0, 1, 0, 0, 3, 0, 0, 1, 0, 0],910.6016522559228,48424.554875013484,106661.9370408949,true
57,G3_TWC,G3_TWC,[31, 22, 42, 15, 26, 58, 95, 82, 77, 12, 47, 5, 93, 78, 98, 54, 85, 63, 18, 44, 20, 35, 43, 97, 91, 76, 10, 30, 21, 45, 71, 64, 1, 23, 17, 83, 24, 61, 60, 49, 6, 57, 94, 88, 65, 56, 79, 40, 67, 68, 46, 75, 0, 9, 19, 32, 81, 41, 27, 62, 87, 90, 99, 59, 53, 16, 72, 73, 70, 39, 37, 84, 3, 92, 25, 74, 28, 38, 51, 7, 11, 14, 86, 48, 89, 66, 50, 96, 33, 80, 8, 4, 34, 36, 55, 52, 13, 29, 69, 2]|[1, 1, 0, 1, 1, 1, 2, 1, 2, 1, 2, 2, 2, 1, 1, 0, 0, 1, 0, 2, 2, 0, 1, 2, 0, 1, 2, 2, 0, 0, 1, 2, 1, 0, 1, 0, 2, 0, 1, 1, 0, 1, 1, 1, 0, 2, 1, 1, 0, 0, 0, 0, 1, 1, 2, 1, 2, 0, 0, 0, 2, 1, 0, 1, 0, 1, 2, 1, 1, 1, 1, 1, 2, 0, 1, 2, 0, 0, 0, 1, 0, 1, 0, 0, 1, 0, 0, 0, 2, 0, 1, 0, 2, 0, 1, 1, 0, 0, 1, 0]|[4, 3, 2, 2, 0, 0, 2, 2, 2, 4, 1, 1, 2, 4, 4, 1, 1, 4, 2, 1, 1, 1, 1, 2, 1, 2, 1, 1, 1, 1, 3, 2, 3, 0, 4, 0, 1, 1, 0, 3, 2, 2, 4, 0, 1, 1, 3, 2, 0, 1, 2, 2, 1, 4, 0, 3, 2, 1, 1, 2, 1, 3, 1, 1, 2, 3, 0, 4, 3, 1, 4, 1, 1, 2, 4, 1, 2, 1, 1, 3, 2, 3, 1, 1, 1, 1, 1, 1, 1, 1, 3, 2, 1, 1, 4, 1, 2, 2, 3, 2]|[0, 2, 1, 1, 3, 3, 0, 1, 0, 0, 0, 0, 1, 0, 1, 0, 0, 3, 1, 0, 0, 0, 3, 1, 0, 2, 0, 0, 0, 1, 0, 0, 0, 0, 3, 0, 1, 0, 0, 2, 1, 1, 2, 0, 0, 0, 0, 1, 1, 0, 0, 0, 1, 3, 0, 0, 1, 0, 0, 1, 0, 2, 0, 1, 1, 2, 1, 0, 0, 1, 1, 3, 0, 1, 3, 0, 1, 0, 0, 2, 1, 0, 0, 0, 1, 0, 0, 0, 0, 0, 2, 1, 0, 1, 3, 1, 0, 0, 0, 0],843.7439659666079,57777.80974073964,86440.68470675517,false
57,G1_CMAX,G1_CMAX,[31, 22, 90, 26, 58, 95, 42, 12, 93, 5, 78, 86, 98, 18, 20, 35, 3, 97, 91, 76, 10, 85, 54, 45, 63, 71, 66, 1, 23, 17, 24, 60, 36, 6, 57, 15, 65, 56, 47, 79, 94, 67, 50, 46, 14, 75, 38, 9, 30, 19, 32, 81, 27, 92, 83, 87, 40, 99, 59, 11, 53, 16, 72, 77, 73, 70, 39, 37, 84, 43, 62, 25, 55, 28, 29, 51, 68, 82, 74, 61, 88, 21, 80, 89, 7, 69, 96, 41, 48, 4, 8, 34, 49, 52, 0, 44, 13, 2, 64, 33]|[1, 1, 1, 1, 0, 2, 1, 1, 2, 2, 2, 1, 0, 1, 2, 2, 1, 2, 0, 1, 2, 2, 2, 0, 0, 1, 2, 1, 2, 1, 2, 1, 1, 0, 1, 1, 0, 2, 2, 1, 1, 0, 0, 0, 0, 1, 1, 1, 1, 2, 1, 2, 2, 0, 0, 2, 1, 0, 0, 2, 0, 1, 2, 2, 1, 1, 1, 1, 1, 1, 0, 1, 1, 0, 0, 0, 0, 0, 2, 1, 1, 0, 0, 1, 1, 1, 2, 2, 0, 1, 1, 2, 0, 1, 0, 0, 0, 0, 2, 2]|[0, 4, 3, 0, 1, 1, 2, 4, 1, 1, 2, 4, 1, 4, 1, 1, 1, 2, 2, 2, 2, 1, 1, 1, 2, 3, 2, 3, 0, 4, 1, 0, 3, 2, 2, 2, 1, 1, 1, 0, 2, 0, 1, 2, 1, 3, 1, 4, 2, 0, 3, 2, 1, 2, 1, 1, 4, 1, 1, 1, 2, 3, 0, 2, 4, 3, 1, 4, 1, 1, 1, 4, 4, 2, 1, 1, 1, 2, 1, 3, 0, 1, 1, 1, 1, 3, 1, 1, 1, 4, 3, 1, 1, 1, 2, 2, 2, 2, 1, 1]|[3, 0, 2, 3, 0, 0, 1, 0, 0, 0, 1, 0, 0, 3, 0, 0, 1, 1, 1, 2, 1, 0, 0, 0, 0, 0, 0, 0, 0, 3, 1, 0, 2, 1, 1, 1, 0, 0, 0, 0, 1, 1, 0, 0, 0, 0, 1, 3, 2, 0, 0, 1, 0, 1, 0, 0, 2, 0, 0, 0, 1, 2, 1, 1, 0, 0, 1, 1, 3, 3, 0, 3, 3, 1, 0, 0, 0, 1, 0, 0, 0, 0, 0, 1, 2, 2, 0, 0, 0, 0, 2, 0, 1, 1, 0, 0, 0, 0, 0, 0],705.0470749739228,58445.79123614564,95781.2895945797,false
57,G4_BALANCED,G3_TWC,[31, 22, 42, 15, 26, 58, 95, 82, 77, 12, 47, 5, 93, 78, 98, 54, 85, 63, 18, 44, 20, 35, 43, 97, 91, 76, 10, 30, 21, 45, 71, 64, 1, 23, 17, 83, 24, 61, 60, 36, 6, 57, 94, 88, 65, 56, 79, 40, 67, 68, 46, 75, 38, 9, 19, 32, 81, 41, 27, 62, 87, 90, 99, 59, 11, 16, 72, 73, 70, 39, 37, 84, 3, 92, 25, 74, 28, 29, 51, 7, 33, 14, 86, 48, 89, 50, 66, 96, 53, 80, 4, 8, 0, 49, 55, 52, 13, 2, 69, 34]|[1, 1, 0, 1, 1, 1, 2, 1, 2, 1, 2, 2, 2, 1, 1, 0, 0, 1, 0, 2, 2, 0, 1, 2, 0, 1, 2, 2, 0, 0, 1, 2, 1, 2, 1, 0, 2, 0, 1, 1, 0, 1, 1, 1, 0, 2, 1, 1, 0, 0, 0, 0, 1, 1, 2, 1, 2, 2, 0, 0, 2, 1, 0, 1, 2, 1, 2, 1, 1, 1, 1, 1, 2, 1, 1, 2, 0, 0, 0, 1, 2, 0, 2, 2, 1, 0, 0, 0, 0, 0, 0, 1, 0, 0, 1, 1, 0, 0, 1, 2]|[4, 3, 2, 2, 0, 0, 2, 2, 2, 4, 1, 1, 2, 4, 4, 1, 1, 4, 2, 1, 1, 1, 1, 2, 1, 2, 1, 1, 1, 1, 3, 2, 3, 0, 4, 0, 1, 1, 0, 3, 2, 2, 4, 0, 1, 1, 3, 2, 0, 1, 2, 2, 1, 4, 0, 3, 2, 1, 1, 2, 1, 3, 1, 1, 1, 3, 0, 4, 3, 1, 4, 1, 1, 4, 4, 1, 2, 1, 1, 3, 1, 1, 1, 1, 1, 1, 2, 1, 2, 1, 2, 3, 2, 1, 4, 1, 2, 2, 3, 1]|[0, 2, 1, 1, 3, 3, 0, 1, 0, 0, 0, 0, 1, 0, 1, 0, 0, 3, 1, 0, 0, 0, 3, 1, 0, 2, 0, 0, 0, 0, 0, 0, 0, 0, 3, 0, 1, 0, 0, 2, 1, 1, 2, 0, 0, 0, 0, 1, 1, 0, 0, 0, 1, 3, 0, 0, 1, 0, 0, 1, 0, 2, 0, 1, 0, 2, 1, 0, 0, 1, 1, 3, 0, 0, 3, 0, 1, 0, 0, 2, 0, 0, 0, 0, 1, 0, 1, 0, 1, 0, 1, 2, 0, 1, 3, 1, 0, 0, 0, 0],751.315828230414,56739.97720692375,90505.64014474844,true
57,G2_TEC,G4_BALANCED,[20, 94, 82, 15, 26, 9, 95, 42, 77, 68, 47, 5, 93, 78, 86, 54, 85, 63, 18, 44, 31, 49, 36, 14, 74, 50, 53, 17, 21, 28, 11, 64, 3, 23, 30, 83, 24, 41, 40, 52, 65, 27, 90, 70, 39, 87, 48, 69, 99, 4, 46, 1, 13, 56, 97, 59, 45, 8, 73, 37, 35, 79, 71, 66, 76, 16, 60, 80, 58, 6, 67, 61, 33, 7, 57, 34, 12, 10, 32, 98, 96, 88, 43, 81, 91, 2, 84, 29, 92, 19, 51, 89, 55, 75, 25, 22, 38, 72, 62, 0]|[2, 1, 2, 1, 1, 2, 1, 1, 1, 1, 1, 0, 2, 2, 1, 2, 0, 0, 0, 2, 2, 1, 0, 2, 0, 2, 2, 1, 0, 1, 1, 1, 0, 0, 1, 0, 2, 1, 2, 2, 0, 0, 1, 1, 0, 2, 0, 2, 1, 0, 0, 2, 0, 2, 2, 0, 1, 1, 0, 0, 2, 1, 1, 2, 2, 2, 2, 2, 2, 1, 2, 1, 1, 2, 0, 1, 1, 1, 0, 0, 0, 1, 1, 1, 1, 0, 0, 1, 0, 1, 1, 1, 0, 2, 1, 2, 0, 1, 1, 0]|[1, 3, 0, 3, 4, 1, 4, 4, 4, 4, 3, 2, 1, 0, 2, 1, 1, 1, 2, 1, 1, 3, 0, 1, 0, 1, 1, 4, 1, 4, 3, 2, 2, 0, 4, 1, 1, 4, 1, 1, 2, 1, 4, 4, 1, 1, 0, 1, 3, 2, 2, 1, 2, 1, 1, 2, 4, 3, 0, 2, 1, 3, 3, 1, 1, 1, 1, 1, 1, 4, 1, 3, 4, 1, 2, 4, 3, 3, 2, 2, 2, 4, 4, 4, 3, 2, 2, 3, 2, 4, 3, 4, 2, 1, 4, 1, 2, 4, 3, 2]|[0, 2, 0, 0, 3, 0, 1, 3, 1, 0, 2, 0, 1, 0, 1, 0, 0, 0, 1, 0, 0, 2, 0, 0, 1, 0, 0, 3, 0, 1, 0, 2, 0, 0, 3, 0, 1, 1, 0, 0, 0, 0, 1, 3, 0, 0, 1, 0, 2, 0, 0, 0, 0, 0, 1, 0, 1, 0, 1, 1, 0, 2, 0, 0, 0, 0, 0, 0, 0, 2, 0, 0, 1, 0, 0, 1, 0, 3, 0, 0, 0, 1, 2, 2, 0, 0, 0, 3, 0, 1, 0, 1, 0, 0, 3, 0, 0, 1, 0, 0],910.6016522559228,48424.554875013484,106661.9370408949,true
57,G3_TWC,G3_TWC,[31, 22, 42, 15, 26, 58, 95, 82, 77, 12, 47, 5, 93, 78, 98, 54, 85, 63, 18, 44, 20, 35, 43, 97, 91, 76, 10, 30, 21, 45, 71, 64, 1, 23, 17, 83, 24, 61, 60, 49, 6, 57, 94, 88, 65, 56, 79, 40, 67, 68, 46, 75, 0, 9, 19, 32, 81, 41, 27, 62, 87, 90, 99, 59, 53, 16, 72, 73, 70, 39, 37, 84, 3, 92, 25, 74, 28, 38, 51, 7, 11, 14, 86, 48, 89, 66, 50, 96, 33, 80, 8, 4, 34, 36, 55, 52, 13, 29, 69, 2]|[1, 1, 0, 1, 1, 1, 2, 1, 2, 1, 2, 2, 2, 1, 1, 0, 0, 1, 0, 2, 2, 0, 1, 2, 0, 1, 2, 2, 0, 0, 1, 2, 1, 0, 1, 0, 2, 0, 1, 1, 0, 1, 1, 1, 0, 2, 1, 1, 0, 0, 0, 0, 1, 1, 2, 1, 2, 0, 0, 0, 2, 1, 0, 1, 0, 1, 2, 1, 1, 1, 1, 1, 2, 0, 1, 2, 0, 0, 0, 1, 0, 1, 0, 0, 1, 0, 0, 0, 2, 0, 1, 0, 2, 0, 1, 1, 0, 0, 1, 0]|[4, 3, 2, 2, 0, 0, 2, 2, 2, 4, 1, 1, 2, 4, 4, 1, 1, 4, 2, 1, 1, 1, 1, 2, 1, 2, 1, 1, 1, 1, 3, 2, 3, 0, 4, 0, 1, 1, 0, 3, 2, 2, 4, 0, 1, 1, 3, 2, 0, 1, 2, 2, 1, 4, 0, 3, 2, 1, 1, 2, 1, 3, 1, 1, 2, 3, 0, 4, 3, 1, 4, 1, 1, 2, 4, 1, 2, 1, 1, 3, 2, 3, 1, 1, 1, 1, 1, 1, 1, 1, 3, 2, 1, 1, 4, 1, 2, 2, 3, 2]|[0, 2, 1, 1, 3, 3, 0, 1, 0, 0, 0, 0, 1, 0, 1, 0, 0, 3, 1, 0, 0, 0, 3, 1, 0, 2, 0, 0, 0, 1, 0, 0, 0, 0, 3, 0, 1, 0, 0, 2, 1, 1, 2, 0, 0, 0, 0, 1, 1, 0, 0, 0, 1, 3, 0, 0, 1, 0, 0, 1, 0, 2, 0, 1, 1, 2, 1, 0, 0, 1, 1, 3, 0, 1, 3, 0, 1, 0, 0, 2, 1, 0, 0, 0, 1, 0, 0, 0, 0, 0, 2, 1, 0, 1, 3, 1, 0, 0, 0, 0],843.7439659666079,57777.80974073964,86440.68470675517,false
57,G1_CMAX,G1_CMAX,[31, 22, 90, 26, 58, 95, 42, 12, 93, 5, 78, 86, 98, 18, 20, 35, 3, 97, 91, 76, 10, 85, 54, 45, 63, 71, 66, 1, 23, 17, 24, 60, 36, 6, 57, 15, 65, 56, 47, 79, 94, 67, 50, 46, 14, 75, 38, 9, 30, 19, 32, 81, 27, 92, 83, 87, 40, 99, 59, 11, 53, 16, 72, 77, 73, 70, 39, 37, 84, 43, 62, 25, 55, 28, 29, 51, 68, 82, 74, 61, 88, 21, 80, 89, 7, 69, 96, 41, 48, 4, 8, 34, 49, 52, 0, 44, 13, 2, 64, 33]|[1, 1, 1, 1, 0, 2, 1, 1, 2, 2, 2, 1, 0, 1, 2, 2, 1, 2, 0, 1, 2, 2, 2, 0, 0, 1, 2, 1, 2, 1, 2, 1, 1, 0, 1, 1, 0, 2, 2, 1, 1, 0, 0, 0, 0, 1, 1, 1, 1, 2, 1, 2, 2, 0, 0, 2, 1, 0, 0, 2, 0, 1, 2, 2, 1, 1, 1, 1, 1, 1, 0, 1, 1, 0, 0, 0, 0, 0, 2, 1, 1, 0, 0, 1, 1, 1, 2, 2, 0, 1, 1, 2, 0, 1, 0, 0, 0, 0, 2, 2]|[0, 4, 3, 0, 1, 1, 2, 4, 1, 1, 2, 4, 1, 4, 1, 1, 1, 2, 2, 2, 2, 1, 1, 1, 2, 3, 2, 3, 0, 4, 1, 0, 3, 2, 2, 2, 1, 1, 1, 0, 2, 0, 1, 2, 1, 3, 1, 4, 2, 0, 3, 2, 1, 2, 1, 1, 4, 1, 1, 1, 2, 3, 0, 2, 4, 3, 1, 4, 1, 1, 1, 4, 4, 2, 1, 1, 1, 2, 1, 3, 0, 1, 1, 1, 1, 3, 1, 1, 1, 4, 3, 1, 1, 1, 2, 2, 2, 2, 1, 1]|[3, 0, 2, 3, 0, 0, 1, 0, 0, 0, 1, 0, 0, 3, 0, 0, 1, 1, 1, 2, 1, 0, 0, 0, 0, 0, 0, 0, 0, 3, 1, 0, 2, 1, 1, 1, 0, 0, 0, 0, 1, 1, 0, 0, 0, 0, 1, 3, 2, 0, 0, 1, 0, 1, 0, 0, 2, 0, 0, 0, 1, 2, 1, 1, 0, 0, 1, 1, 3, 3, 0, 3, 3, 1, 0, 0, 0, 1, 0, 0, 0, 0, 0, 1, 2, 2, 0, 0, 0, 0, 2, 0, 1, 1, 0, 0, 0, 0, 0, 0],705.0470749739228,58445.79123614564,95781.2895945797,false
57,G4_BALANCED,G4_BALANCED,[31, 22, 42, 15, 26, 58, 95, 82, 77, 12, 47, 5, 93, 78, 98, 54, 85, 63, 18, 44, 20, 35, 43, 97, 91, 76, 10, 30, 21, 45, 71, 64, 1, 23, 17, 83, 24, 61, 60, 36, 6, 57, 94, 88, 65, 56, 79, 40, 67, 68, 46, 29, 38, 9, 19, 32, 81, 41, 27, 87, 90, 62, 99, 59, 11, 16, 72, 73, 70, 39, 37, 84, 3, 92, 25, 74, 28, 75, 51, 7, 53, 14, 86, 48, 89, 50, 66, 96, 33, 80, 8, 4, 34, 49, 55, 52, 13, 2, 69, 0]|[1, 1, 0, 1, 1, 0, 2, 1, 2, 1, 2, 2, 2, 1, 1, 0, 0, 1, 0, 2, 2, 0, 1, 2, 0, 1, 2, 2, 0, 0, 1, 2, 1, 2, 1, 0, 2, 0, 1, 1, 0, 1, 1, 1, 0, 2, 1, 1, 0, 0, 0, 0, 1, 1, 2, 1, 2, 0, 0, 0, 2, 1, 0, 1, 2, 1, 2, 1, 1, 1, 1, 1, 2, 0, 1, 2, 0, 0, 0, 1, 0, 1, 0, 0, 1, 0, 0, 2, 2, 0, 1, 0, 2, 2, 1, 1, 0, 0, 1, 0]|[4, 3, 2, 2, 0, 1, 2, 2, 2, 4, 1, 1, 2, 4, 4, 1, 1, 4, 2, 1, 1, 1, 1, 2, 1, 2, 1, 1, 1, 1, 3, 2, 3, 1, 4, 0, 1, 1, 0, 3, 2, 2, 4, 0, 1, 1, 3, 2, 0, 1, 2, 2, 1, 4, 0, 3, 2, 1, 1, 2, 1, 3, 1, 1, 1, 3, 1, 4, 3, 1, 4, 1, 1, 2, 4, 1, 2, 1, 1, 1, 2, 3, 1, 1, 1, 1, 1, 1, 1, 1, 3, 2, 1, 1, 4, 1, 2, 2, 3, 2]|[0, 2, 1, 1, 3, 0, 0, 1, 0, 0, 0, 0, 1, 0, 1, 0, 0, 3, 1, 0, 0, 0, 3, 1, 0, 2, 0, 0, 0, 1, 0, 0, 0, 0, 3, 0, 1, 0, 0, 2, 1, 1, 2, 0, 0, 0, 0, 1, 1, 0, 0, 0, 1, 3, 0, 0, 1, 0, 0, 1, 0, 2, 0, 1, 0, 2, 0, 0, 0, 1, 1, 3, 0, 1, 3, 0, 1, 0, 0, 2, 1, 0, 0, 0, 1, 0, 0, 0, 0, 0, 2, 1, 0, 0, 3, 1, 0, 0, 0, 0],822.7048906596629,56168.089584248366,90699.05193559905,false
57,G2_TEC,G4_BALANCED,[20, 94, 82, 15, 26, 9, 95, 42, 77, 68, 47, 5, 93, 78, 86, 54, 85, 63, 18, 44, 31, 49, 36, 14, 74, 50, 53, 17, 21, 28, 11, 64, 3, 23, 30, 83, 24, 41, 40, 52, 65, 27, 90, 70, 39, 87, 48, 69, 99, 4, 46, 1, 13, 56, 97, 59, 45, 8, 73, 37, 35, 79, 71, 66, 76, 16, 60, 80, 58, 6, 67, 61, 33, 7, 57, 34, 12, 10, 32, 98, 96, 88, 43, 81, 91, 2, 84, 29, 92, 19, 51, 89, 55, 75, 25, 22, 38, 72, 62, 0]|[2, 1, 2, 1, 1, 2, 1, 1, 1, 1, 1, 0, 2, 2, 1, 2, 0, 0, 0, 2, 2, 1, 0, 2, 0, 2, 2, 1, 0, 1, 1, 1, 0, 0, 1, 0, 2, 1, 2, 2, 0, 0, 1, 1, 0, 2, 0, 2, 1, 0, 0, 2, 0, 2, 2, 0, 1, 1, 0, 0, 2, 1, 1, 2, 2, 2, 2, 2, 2, 1, 2, 1, 1, 2, 0, 1, 1, 1, 0, 0, 0, 1, 1, 1, 1, 0, 0, 1, 0, 1, 1, 1, 0, 2, 1, 2, 0, 1, 1, 0]|[1, 3, 0, 3, 4, 1, 4, 4, 4, 4, 3, 2, 1, 0, 2, 1, 1, 1, 2, 1, 1, 3, 0, 1, 0, 1, 1, 4, 1, 4, 3, 2, 2, 0, 4, 1, 1, 4, 1, 1, 2, 1, 4, 4, 1, 1, 0, 1, 3, 2, 2, 1, 2, 1, 1, 2, 4, 3, 0, 2, 1, 3, 3, 1, 1, 1, 1, 1, 1, 4, 1, 3, 4, 1, 2, 4, 3, 3, 2, 2, 2, 4, 4, 4, 3, 2, 2, 3, 2, 4, 3, 4, 2, 1, 4, 1, 2, 4, 3, 2]|[0, 2, 0, 0, 3, 0, 1, 3, 1, 0, 2, 0, 1, 0, 1, 0, 0, 0, 1, 0, 0, 2, 0, 0, 1, 0, 0, 3, 0, 1, 0, 2, 0, 0, 3, 0, 1, 1, 0, 0, 0, 0, 1, 3, 0, 0, 1, 0, 2, 0, 0, 0, 0, 0, 1, 0, 1, 0, 1, 1, 0, 2, 0, 0, 0, 0, 0, 0, 0, 2, 0, 0, 1, 0, 0, 1, 0, 3, 0, 0, 0, 1, 2, 2, 0, 0, 0, 3, 0, 1, 0, 1, 0, 0, 3, 0, 0, 1, 0, 0],910.6016522559228,48424.554875013484,106661.9370408949,true
57,G3_TWC,G3_TWC,[31, 22, 42, 15, 26, 58, 95, 82, 77, 12, 47, 5, 93, 78, 98, 54, 85, 63, 18, 44, 20, 35, 43, 97, 91, 76, 10, 30, 21, 45, 71, 64, 1, 23, 17, 83, 24, 61, 60, 49, 6, 57, 94, 88, 65, 56, 79, 40, 67, 68, 46, 75, 0, 9, 19, 32, 81, 41, 27, 62, 87, 90, 99, 59, 53, 16, 72, 73, 70, 39, 37, 84, 3, 92, 25, 74, 28, 38, 51, 7, 11, 14, 86, 48, 89, 66, 50, 96, 33, 80, 8, 4, 34, 36, 55, 52, 13, 29, 69, 2]|[1, 1, 0, 1, 1, 1, 2, 1, 2, 1, 2, 2, 2, 1, 1, 0, 0, 1, 0, 2, 2, 0, 1, 2, 0, 1, 2, 2, 0, 0, 1, 2, 1, 0, 1, 0, 2, 0, 1, 1, 0, 1, 1, 1, 0, 2, 1, 1, 0, 0, 0, 0, 1, 1, 2, 1, 2, 0, 0, 0, 2, 1, 0, 1, 0, 1, 2, 1, 1, 1, 1, 1, 2, 0, 1, 2, 0, 0, 0, 1, 0, 1, 0, 0, 1, 0, 0, 0, 2, 0, 1, 0, 2, 0, 1, 1, 0, 0, 1, 0]|[4, 3, 2, 2, 0, 0, 2, 2, 2, 4, 1, 1, 2, 4, 4, 1, 1, 4, 2, 1, 1, 1, 1, 2, 1, 2, 1, 1, 1, 1, 3, 2, 3, 0, 4, 0, 1, 1, 0, 3, 2, 2, 4, 0, 1, 1, 3, 2, 0, 1, 2, 2, 1, 4, 0, 3, 2, 1, 1, 2, 1, 3, 1, 1, 2, 3, 0, 4, 3, 1, 4, 1, 1, 2, 4, 1, 2, 1, 1, 3, 2, 3, 1, 1, 1, 1, 1, 1, 1, 1, 3, 2, 1, 1, 4, 1, 2, 2, 3, 2]|[0, 2, 1, 1, 3, 3, 0, 1, 0, 0, 0, 0, 1, 0, 1, 0, 0, 3, 1, 0, 0, 0, 3, 1, 0, 2, 0, 0, 0, 1, 0, 0, 0, 0, 3, 0, 1, 0, 0, 2, 1, 1, 2, 0, 0, 0, 0, 1, 1, 0, 0, 0, 1, 3, 0, 0, 1, 0, 0, 1, 0, 2, 0, 1, 1, 2, 1, 0, 0, 1, 1, 3, 0, 1, 3, 0, 1, 0, 0, 2, 1, 0, 0, 0, 1, 0, 0, 0, 0, 0, 2, 1, 0, 1, 3, 1, 0, 0, 0, 0],843.7439659666079,57777.80974073964,86440.68470675517,false
57,G1_CMAX,G1_CMAX,[31, 22, 90, 26, 58, 95, 42, 12, 93, 5, 78, 86, 98, 18, 20, 35, 3, 97, 91, 76, 10, 85, 54, 45, 63, 71, 66, 1, 23, 17, 24, 60, 36, 6, 57, 15, 65, 56, 47, 79, 94, 67, 50, 46, 14, 75, 38, 9, 30, 19, 32, 81, 27, 92, 83, 87, 40, 99, 59, 11, 53, 16, 72, 77, 73, 70, 39, 37, 84, 43, 62, 25, 55, 28, 29, 51, 68, 82, 74, 61, 88, 21, 80, 89, 7, 69, 96, 41, 48, 4, 8, 34, 49, 52, 0, 44, 13, 2, 64, 33]|[1, 1, 1, 1, 0, 2, 1, 1, 2, 2, 2, 1, 0, 1, 2, 2, 1, 2, 0, 1, 2, 2, 2, 0, 0, 1, 2, 1, 2, 1, 2, 1, 1, 0, 1, 1, 0, 2, 2, 1, 1, 0, 0, 0, 0, 1, 1, 1, 1, 2, 1, 2, 2, 0, 0, 2, 1, 0, 0, 2, 0, 1, 2, 2, 1, 1, 1, 1, 1, 1, 0, 1, 1, 0, 0, 0, 0, 0, 2, 1, 1, 0, 0, 1, 1, 1, 2, 2, 0, 1, 1, 2, 0, 1, 0, 0, 0, 0, 2, 2]|[0, 4, 3, 0, 1, 1, 2, 4, 1, 1, 2, 4, 1, 4, 1, 1, 1, 2, 2, 2, 2, 1, 1, 1, 2, 3, 2, 3, 0, 4, 1, 0, 3, 2, 2, 2, 1, 1, 1, 0, 2, 0, 1, 2, 1, 3, 1, 4, 2, 0, 3, 2, 1, 2, 1, 1, 4, 1, 1, 1, 2, 3, 0, 2, 4, 3, 1, 4, 1, 1, 1, 4, 4, 2, 1, 1, 1, 2, 1, 3, 0, 1, 1, 1, 1, 3, 1, 1, 1, 4, 3, 1, 1, 1, 2, 2, 2, 2, 1, 1]|[3, 0, 2, 3, 0, 0, 1, 0, 0, 0, 1, 0, 0, 3, 0, 0, 1, 1, 1, 2, 1, 0, 0, 0, 0, 0, 0, 0, 0, 3, 1, 0, 2, 1, 1, 1, 0, 0, 0, 0, 1, 1, 0, 0, 0, 0, 1, 3, 2, 0, 0, 1, 0, 1, 0, 0, 2, 0, 0, 0, 1, 2, 1, 1, 0, 0, 1, 1, 3, 3, 0, 3, 3, 1, 0, 0, 0, 1, 0, 0, 0, 0, 0, 1, 2, 2, 0, 0, 0, 0, 2, 0, 1, 1, 0, 0, 0, 0, 0, 0],705.0470749739228,58445.79123614564,95781.2895945797,false
57,G4_BALANCED,G4_BALANCED,[20, 94, 82, 15, 26, 9, 95, 42, 77, 68, 47, 5, 93, 78, 86, 54, 85, 63, 18, 44, 31, 49, 36, 14, 74, 50, 53, 17, 21, 28, 11, 64, 3, 23, 30, 83, 24, 41, 40, 52, 65, 27, 90, 70, 39, 87, 48, 69, 99, 4, 46, 1, 13, 56, 97, 59, 45, 8, 73, 37, 35, 79, 71, 66, 76, 16, 60, 80, 58, 6, 67, 61, 33, 7, 57, 34, 12, 10, 32, 98, 96, 88, 43, 81, 91, 2, 84, 29, 92, 19, 51, 55, 89, 22, 72, 25, 38, 75, 62, 0]|[2, 1, 2, 1, 1, 2, 1, 1, 1, 1, 1, 0, 2, 2, 1, 2, 0, 0, 0, 2, 2, 1, 0, 2, 0, 2, 2, 1, 0, 1, 1, 1, 0, 0, 1, 0, 2, 1, 2, 2, 0, 0, 1, 1, 0, 2, 0, 2, 1, 0, 0, 2, 0, 2, 2, 0, 1, 1, 0, 0, 2, 1, 1, 2, 2, 2, 2, 2, 2, 1, 2, 1, 1, 2, 0, 1, 1, 1, 0, 0, 0, 1, 1, 1, 1, 0, 0, 1, 0, 1, 1, 0, 1, 2, 1, 1, 0, 2, 1, 0]|[0, 3, 0, 3, 4, 1, 4, 4, 4, 4, 3, 2, 1, 0, 2, 1, 1, 1, 2, 1, 1, 3, 0, 1, 0, 1, 1, 4, 1, 4, 3, 2, 2, 0, 4, 1, 1, 4, 1, 1, 2, 1, 4, 4, 1, 1, 0, 1, 3, 2, 2, 1, 2, 1, 1, 2, 4, 3, 0, 2, 1, 3, 3, 1, 1, 1, 1, 1, 1, 4, 1, 3, 4, 1, 2, 4, 3, 3, 2, 2, 2, 4, 4, 4, 3, 2, 2, 3, 2, 4, 3, 2, 4, 1, 4, 4, 2, 1, 3, 2]|[0, 2, 0, 0, 3, 0, 1, 3, 1, 0, 2, 0, 1, 0, 1, 0, 0, 0, 1, 0, 0, 2, 0, 0, 1, 0, 0, 3, 0, 1, 0, 2, 0, 0, 3, 0, 1, 1, 0, 0, 0, 0, 1, 3, 0, 0, 1, 0, 2, 0, 0, 0, 0, 0, 1, 0, 1, 0, 1, 1, 0, 2, 0, 0, 0, 0, 0, 0, 0, 2, 0, 0, 1, 0, 0, 1, 0, 3, 0, 0, 0, 1, 2, 2, 0, 0, 0, 3, 0, 1, 0, 0, 1, 0, 1, 3, 0, 0, 0, 0],904.4638574556285,48626.747966451934,106418.03837132154,false
57,G2_TEC,G4_BALANCED,[31, 22, 82, 15, 26, 9, 42, 95, 77, 12, 47, 5, 93, 78, 86, 54, 85, 63, 18, 44, 20, 35, 43, 97, 91, 76, 10, 30, 21, 45, 71, 64, 1, 23, 17, 83, 24, 14, 60, 36, 6, 57, 94, 88, 65, 56, 79, 40, 67, 68, 46, 75, 38, 58, 19, 32, 41, 81, 27, 62, 87, 90, 99, 11, 16, 72, 73, 70, 39, 37, 84, 3, 92, 25, 55, 59, 28, 29, 51, 7, 33, 61, 98, 48, 89, 50, 4, 34, 53, 80, 8, 66, 96, 49, 52, 0, 74, 69, 2, 13]|[1, 1, 0, 1, 1, 0, 1, 2, 2, 1, 2, 2, 2, 1, 1, 0, 0, 1, 0, 2, 2, 0, 1, 2, 0, 1, 2, 2, 0, 0, 1, 2, 1, 2, 1, 0, 2, 0, 1, 1, 0, 1, 1, 1, 0, 2, 2, 1, 0, 0, 0, 0, 1, 1, 2, 1, 0, 2, 0, 0, 2, 1, 1, 2, 1, 2, 1, 1, 1, 1, 1, 1, 0, 1, 2, 0, 0, 0, 0, 1, 2, 1, 2, 0, 1, 0, 1, 2, 0, 0, 0, 2, 2, 0, 1, 0, 2, 1, 0, 0]|[4, 3, 2, 2, 4, 1, 2, 2, 2, 4, 1, 1, 2, 4, 4, 1, 1, 4, 2, 1, 1, 1, 1, 2, 1, 2, 1, 1, 2, 1, 3, 2, 3, 1, 4, 0, 1, 1, 0, 3, 2, 2, 2, 0, 1, 1, 1, 4, 0, 1, 2, 2, 1, 4, 0, 3, 1, 1, 1, 2, 1, 3, 1, 1, 3, 0, 4, 3, 1, 4, 1, 1, 2, 4, 1, 2, 2, 1, 1, 3, 1, 3, 1, 1, 1, 1, 4, 1, 2, 1, 1, 1, 1, 1, 1, 2, 1, 4, 2, 2]|[0, 2, 1, 1, 3, 0, 1, 0, 0, 0, 0, 0, 1, 0, 1, 0, 0, 3, 1, 0, 0, 0, 3, 1, 0, 2, 0, 0, 0, 1, 0, 0, 0, 0, 3, 0, 1, 0, 0, 2, 1, 1, 1, 0, 0, 0, 0, 2, 1, 0, 0, 0, 1, 3, 0, 0, 0, 0, 0, 1, 0, 2, 1, 0, 2, 1, 0, 0, 1, 1, 3, 1, 0, 3, 0, 1, 1, 0, 0, 2, 0, 0, 0, 0, 1, 0, 0, 0, 1, 0, 0, 0, 0, 1, 1, 0, 0, 2, 0, 0],784.3406839325794,55395.73375701614,93775.6464611301,true
57,G3_TWC,G3_TWC,[31, 22, 42, 15, 26, 58, 95, 82, 77, 12, 47, 5, 93, 78, 98, 54, 85, 63, 18, 44, 20, 35, 43, 97, 91, 76, 10, 30, 21, 45, 71, 64, 1, 23, 17, 83, 24, 61, 60, 49, 6, 57, 94, 88, 65, 56, 79, 40, 67, 68, 46, 75, 0, 9, 19, 32, 81, 41, 27, 62, 87, 90, 99, 59, 53, 16, 72, 73, 70, 39, 37, 84, 3, 92, 25, 74, 28, 38, 51, 7, 11, 14, 86, 48, 89, 66, 50, 96, 33, 80, 8, 4, 34, 36, 55, 52, 13, 29, 69, 2]|[1, 1, 0, 1, 1, 1, 2, 1, 2, 1, 2, 2, 2, 1, 1, 0, 0, 1, 0, 2, 2, 0, 1, 2, 0, 1, 2, 2, 0, 0, 1, 2, 1, 0, 1, 0, 2, 0, 1, 1, 0, 1, 1, 1, 0, 2, 1, 1, 0, 0, 0, 0, 1, 1, 2, 1, 2, 0, 0, 0, 2, 1, 0, 1, 0, 1, 2, 1, 1, 1, 1, 1, 2, 0, 1, 2, 0, 0, 0, 1, 0, 1, 0, 0, 1, 0, 0, 0, 2, 0, 1, 0, 2, 0, 1, 1, 0, 0, 1, 0]|[4, 3, 2, 2, 0, 0, 2, 2, 2, 4, 1, 1, 2, 4, 4, 1, 1, 4, 2, 1, 1, 1, 1, 2, 1, 2, 1, 1, 1, 1, 3, 2, 3, 0, 4, 0, 1, 1, 0, 3, 2, 2, 4, 0, 1, 1, 3, 2, 0, 1, 2, 2, 1, 4, 0, 3, 2, 1, 1, 2, 1, 3, 1, 1, 2, 3, 0, 4, 3, 1, 4, 1, 1, 2, 4, 1, 2, 1, 1, 3, 2, 3, 1, 1, 1, 1, 1, 1, 1, 1, 3, 2, 1, 1, 4, 1, 2, 2, 3, 2]|[0, 2, 1, 1, 3, 3, 0, 1, 0, 0, 0, 0, 1, 0, 1, 0, 0, 3, 1, 0, 0, 0, 3, 1, 0, 2, 0, 0, 0, 1, 0, 0, 0, 0, 3, 0, 1, 0, 0, 2, 1, 1, 2, 0, 0, 0, 0, 1, 1, 0, 0, 0, 1, 3, 0, 0, 1, 0, 0, 1, 0, 2, 0, 1, 1, 2, 1, 0, 0, 1, 1, 3, 0, 1, 3, 0, 1, 0, 0, 2, 1, 0, 0, 0, 1, 0, 0, 0, 0, 0, 2, 1, 0, 1, 3, 1, 0, 0, 0, 0],843.7439659666079,57777.80974073964,86440.68470675517,false
58,G1_CMAX,G1_CMAX,[31, 22, 90, 26, 58, 95, 42, 12, 93, 5, 78, 86, 98, 18, 20, 35, 3, 97, 91, 76, 10, 85, 54, 45, 63, 71, 66, 1, 23, 17, 24, 60, 36, 6, 57, 15, 65, 56, 47, 79, 94, 67, 50, 46, 14, 75, 38, 9, 30, 19, 32, 81, 27, 92, 83, 87, 40, 99, 59, 11, 53, 16, 72, 77, 73, 70, 39, 37, 84, 43, 62, 25, 55, 28, 29, 51, 68, 82, 74, 61, 88, 21, 80, 89, 7, 69, 96, 41, 48, 4, 8, 34, 49, 52, 0, 44, 13, 2, 64, 33]|[1, 1, 1, 1, 0, 2, 1, 1, 2, 2, 2, 1, 0, 1, 2, 2, 1, 2, 0, 1, 2, 2, 2, 0, 0, 1, 2, 1, 2, 1, 2, 1, 1, 0, 1, 1, 0, 2, 2, 1, 1, 0, 0, 0, 0, 1, 1, 1, 1, 2, 1, 2, 2, 0, 0, 2, 1, 0, 0, 2, 0, 1, 2, 2, 1, 1, 1, 1, 1, 1, 0, 1, 1, 0, 0, 0, 0, 0, 2, 1, 1, 0, 0, 1, 1, 1, 2, 2, 0, 1, 1, 2, 0, 1, 0, 0, 0, 0, 2, 2]|[0, 4, 3, 0, 1, 1, 2, 4, 1, 1, 2, 4, 1, 4, 1, 1, 1, 2, 2, 2, 2, 1, 1, 1, 2, 3, 2, 3, 0, 4, 1, 0, 3, 2, 2, 2, 1, 1, 1, 0, 2, 0, 1, 2, 1, 3, 1, 4, 2, 0, 3, 2, 1, 2, 1, 1, 4, 1, 1, 1, 2, 3, 0, 2, 4, 3, 1, 4, 1, 1, 1, 4, 4, 2, 1, 1, 1, 2, 1, 3, 0, 1, 1, 1, 1, 3, 1, 1, 1, 4, 3, 1, 1, 1, 2, 2, 2, 2, 1, 1]|[3, 0, 2, 3, 0, 0, 1, 0, 0, 0, 1, 0, 0, 3, 0, 0, 1, 1, 1, 2, 1, 0, 0, 0, 0, 0, 0, 0, 0, 3, 1, 0, 2, 1, 1, 1, 0, 0, 0, 0, 1, 1, 0, 0, 0, 0, 1, 3, 2, 0, 0, 1, 0, 1, 0, 0, 2, 0, 0, 0, 1, 2, 1, 1, 0, 0, 1, 1, 3, 3, 0, 3, 3, 1, 0, 0, 0, 1, 0, 0, 0, 0, 0, 1, 2, 2, 0, 0, 0, 0, 2, 0, 1, 1, 0, 0, 0, 0, 0, 0],705.0470749739228,58445.79123614564,95781.2895945797,false
58,G4_BALANCED,G3_TWC,[31, 22, 42, 15, 26, 58, 95, 82, 77, 12, 47, 5, 93, 78, 98, 54, 85, 63, 18, 44, 20, 35, 43, 97, 91, 76, 10, 30, 21, 45, 71, 64, 1, 23, 17, 83, 24, 61, 60, 49, 6, 57, 94, 88, 65, 56, 79, 40, 67, 68, 46, 75, 0, 9, 19, 32, 81, 41, 27, 62, 87, 90, 99, 59, 11, 16, 72, 73, 70, 39, 37, 84, 3, 92, 25, 74, 28, 29, 51, 7, 33, 14, 86, 48, 89, 66, 50, 96, 53, 80, 4, 8, 55, 36, 38, 52, 13, 2, 69, 34]|[1, 1, 0, 1, 1, 1, 2, 1, 2, 1, 2, 2, 2, 1, 1, 0, 0, 1, 0, 2, 2, 0, 1, 2, 0, 1, 2, 2, 0, 0, 1, 2, 1, 0, 1, 0, 2, 0, 1, 1, 0, 1, 1, 1, 0, 2, 1, 1, 0, 0, 0, 0, 1, 1, 2, 1, 2, 0, 0, 0, 2, 1, 0, 1, 2, 1, 2, 1, 1, 1, 1, 1, 2, 0, 1, 0, 0, 0, 0, 1, 2, 1, 0, 0, 1, 2, 0, 2, 0, 0, 1, 1, 1, 0, 1, 1, 0, 0, 1, 2]|[4, 3, 2, 2, 0, 0, 2, 2, 2, 4, 1, 1, 2, 4, 4, 1, 1, 4, 2, 1, 1, 1, 1, 2, 1, 2, 1, 1, 1, 1, 3, 2, 3, 0, 4, 0, 1, 1, 0, 3, 2, 2, 4, 0, 1, 1, 3, 2, 0, 1, 2, 2, 1, 4, 0, 3, 2, 1, 1, 2, 1, 3, 1, 1, 1, 3, 0, 4, 3, 1, 4, 1, 1, 2, 4, 2, 2, 1, 1, 3, 1, 3, 1, 1, 1, 1, 1, 1, 2, 1, 4, 3, 4, 1, 1, 1, 2, 2, 4, 1]|[0, 2, 1, 1, 3, 3, 0, 1, 0, 0, 0, 0, 1, 0, 1, 0, 0, 3, 1, 0, 0, 0, 3, 1, 0, 2, 0, 0, 0, 1, 0, 0, 0, 0, 3, 0, 1, 0, 0, 2, 1, 1, 2, 0, 0, 0, 0, 1, 1, 0, 0, 0, 1, 3, 0, 0, 1, 0, 0, 1, 0, 2, 0, 1, 0, 2, 1, 0, 0, 1, 1, 3, 0, 1, 3, 1, 1, 0, 0, 2, 0, 0, 0, 0, 1, 0, 0, 0, 1, 0, 0, 2, 3, 1, 1, 1, 0, 0, 2, 0],757.2823456288542,57721.95583388941,88927.50954063487,true
58,G2_TEC,G4_BALANCED,[20, 94, 82, 15, 26, 9, 95, 42, 77, 68, 47, 5, 93, 78, 86, 54, 85, 63, 18, 44, 31, 49, 36, 14, 74, 50, 53, 17, 21, 28, 11, 64, 3, 23, 30, 83, 24, 41, 40, 52, 65, 27, 90, 70, 39, 87, 48, 69, 99, 4, 46, 1, 13, 56, 97, 59, 45, 8, 73, 37, 35, 79, 71, 66, 76, 16, 60, 80, 58, 6, 67, 61, 33, 7, 57, 34, 12, 10, 32, 98, 96, 88, 43, 81, 91, 2, 84, 29, 92, 19, 51, 89, 55, 75, 25, 22, 38, 72, 62, 0]|[2, 1, 2, 1, 1, 2, 1, 1, 1, 1, 1, 0, 2, 2, 1, 2, 0, 0, 0, 2, 2, 1, 0, 2, 0, 2, 2, 1, 0, 1, 1, 1, 0, 0, 1, 0, 2, 1, 2, 2, 0, 0, 1, 1, 0, 2, 0, 2, 1, 0, 0, 2, 0, 2, 2, 0, 1, 1, 0, 0, 2, 1, 1, 2, 2, 2, 2, 2, 2, 1, 2, 1, 1, 2, 0, 1, 1, 1, 0, 0, 0, 1, 1, 1, 1, 0, 0, 1, 0, 1, 1, 1, 0, 2, 1, 2, 0, 1, 1, 0]|[1, 3, 0, 3, 4, 1, 4, 4, 4, 4, 3, 2, 1, 0, 2, 1, 1, 1, 2, 1, 1, 3, 0, 1, 0, 1, 1, 4, 1, 4, 3, 2, 2, 0, 4, 1, 1, 4, 1, 1, 2, 1, 4, 4, 1, 1, 0, 1, 3, 2, 2, 1, 2, 1, 1, 2, 4, 3, 0, 2, 1, 3, 3, 1, 1, 1, 1, 1, 1, 4, 1, 3, 4, 1, 2, 4, 3, 3, 2, 2, 2, 4, 4, 4, 3, 2, 2, 3, 2, 4, 3, 4, 2, 1, 4, 1, 2, 4, 3, 2]|[0, 2, 0, 0, 3, 0, 1, 3, 1, 0, 2, 0, 1, 0, 1, 0, 0, 0, 1, 0, 0, 2, 0, 0, 1, 0, 0, 3, 0, 1, 0, 2, 0, 0, 3, 0, 1, 1, 0, 0, 0, 0, 1, 3, 0, 0, 1, 0, 2, 0, 0, 0, 0, 0, 1, 0, 1, 0, 1, 1, 0, 2, 0, 0, 0, 0, 0, 0, 0, 2, 0, 0, 1, 0, 0, 1, 0, 3, 0, 0, 0, 1, 2, 2, 0, 0, 0, 3, 0, 1, 0, 1, 0, 0, 3, 0, 0, 1, 0, 0],910.6016522559228,48424.554875013484,106661.9370408949,true
58,G3_TWC,G3_TWC,[31, 22, 42, 15, 26, 58, 95, 82, 77, 12, 47, 5, 93, 78, 98, 54, 85, 63, 18, 44, 20, 35, 43, 97, 91, 76, 10, 30, 21, 45, 71, 64, 1, 23, 17, 83, 24, 61, 60, 49, 6, 57, 94, 88, 65, 56, 79, 40, 67, 68, 46, 75, 0, 9, 19, 32, 81, 41, 27, 62, 87, 90, 99, 59, 53, 16, 72, 73, 70, 39, 37, 84, 3, 92, 25, 74, 28, 38, 51, 7, 11, 14, 86, 48, 89, 66, 50, 96, 33, 80, 8, 4, 34, 36, 55, 52, 13, 29, 69, 2]|[1, 1, 0, 1, 1, 1, 2, 1, 2, 1, 2, 2, 2, 1, 1, 0, 0, 1, 0, 2, 2, 0, 1, 2, 0, 1, 2, 2, 0, 0, 1, 2, 1, 0, 1, 0, 2, 0, 1, 1, 0, 1, 1, 1, 0, 2, 1, 1, 0, 0, 0, 0, 1, 1, 2, 1, 2, 0, 0, 0, 2, 1, 0, 1, 0, 1, 2, 1, 1, 1, 1, 1, 2, 0, 1, 2, 0, 0, 0, 1, 0, 1, 0, 0, 1, 0, 0, 0, 2, 0, 1, 0, 2, 0, 1, 1, 0, 0, 1, 0]|[4, 3, 2, 2, 0, 0, 2, 2, 2, 4, 1, 1, 2, 4, 4, 1, 1, 4, 2, 1, 1, 1, 1, 2, 1, 2, 1, 1, 1, 1, 3, 2, 3, 0, 4, 0, 1, 1, 0, 3, 2, 2, 4, 0, 1, 1, 3, 2, 0, 1, 2, 2, 1, 4, 0, 3, 2, 1, 1, 2, 1, 3, 1, 1, 2, 3, 0, 4, 3, 1, 4, 1, 1, 2, 4, 1, 2, 1, 1, 3, 2, 3, 1, 1, 1, 1, 1, 1, 1, 1, 3, 2, 1, 1, 4, 1, 2, 2, 3, 2]|[0, 2, 1, 1, 3, 3, 0, 1, 0, 0, 0, 0, 1, 0, 1, 0, 0, 3, 1, 0, 0, 0, 3, 1, 0, 2, 0, 0, 0, 1, 0, 0, 0, 0, 3, 0, 1, 0, 0, 2, 1, 1, 2, 0, 0, 0, 0, 1, 1, 0, 0, 0, 1, 3, 0, 0, 1, 0, 0, 1, 0, 2, 0, 1, 1, 2, 1, 0, 0, 1, 1, 3, 0, 1, 3, 0, 1, 0, 0, 2, 1, 0, 0, 0, 1, 0, 0, 0, 0, 0, 2, 1, 0, 1, 3, 1, 0, 0, 0, 0],843.7439659666079,57777.80974073964,86440.68470675517,false
58,G1_CMAX,G1_CMAX,[31, 22, 90, 26, 58, 95, 42, 12, 93, 5, 78, 86, 98, 18, 20, 35, 3, 97, 91, 76, 10, 85, 54, 45, 63, 71, 66, 1, 23, 17, 24, 60, 36, 6, 57, 15, 65, 56, 47, 79, 94, 67, 50, 46, 14, 75, 38, 9, 30, 19, 32, 81, 27, 92, 83, 87, 40, 99, 59, 11, 53, 16, 72, 77, 73, 70, 39, 37, 84, 43, 62, 25, 55, 28, 29, 51, 68, 82, 74, 61, 88, 21, 80, 89, 7, 69, 96, 41, 48, 4, 8, 34, 49, 52, 0, 44, 13, 2, 64, 33]|[1, 1, 1, 1, 0, 2, 1, 1, 2, 2, 2, 1, 0, 1, 2, 2, 1, 2, 0, 1, 2, 2, 2, 0, 0, 1, 2, 1, 2, 1, 2, 1, 1, 0, 1, 1, 0, 2, 2, 1, 1, 0, 0, 0, 0, 1, 1, 1, 1, 2, 1, 2, 2, 0, 0, 2, 1, 0, 0, 2, 0, 1, 2, 2, 1, 1, 1, 1, 1, 1, 0, 1, 1, 0, 0, 0, 0, 0, 2, 1, 1, 0, 0, 1, 1, 1, 2, 2, 0, 1, 1, 2, 0, 1, 0, 0, 0, 0, 2, 2]|[0, 4, 3, 0, 1, 1, 2, 4, 1, 1, 2, 4, 1, 4, 1, 1, 1, 2, 2, 2, 2, 1, 1, 1, 2, 3, 2, 3, 0, 4, 1, 0, 3, 2, 2, 2, 1, 1, 1, 0, 2, 0, 1, 2, 1, 3, 1, 4, 2, 0, 3, 2, 1, 2, 1, 1, 4, 1, 1, 1, 2, 3, 0, 2, 4, 3, 1, 4, 1, 1, 1, 4, 4, 2, 1, 1, 1, 2, 1, 3, 0, 1, 1, 1, 1, 3, 1, 1, 1, 4, 3, 1, 1, 1, 2, 2, 2, 2, 1, 1]|[3, 0, 2, 3, 0, 0, 1, 0, 0, 0, 1, 0, 0, 3, 0, 0, 1, 1, 1, 2, 1, 0, 0, 0, 0, 0, 0, 0, 0, 3, 1, 0, 2, 1, 1, 1, 0, 0, 0, 0, 1, 1, 0, 0, 0, 0, 1, 3, 2, 0, 0, 1, 0, 1, 0, 0, 2, 0, 0, 0, 1, 2, 1, 1, 0, 0, 1, 1, 3, 3, 0, 3, 3, 1, 0, 0, 0, 1, 0, 0, 0, 0, 0, 1, 2, 2, 0, 0, 0, 0, 2, 0, 1, 1, 0, 0, 0, 0, 0, 0],705.0470749739228,58445.79123614564,95781.2895945797,false
58,G4_BALANCED,G4_BALANCED,[31, 11, 15, 82, 26, 9, 95, 32, 77, 68, 47, 5, 93, 78, 86, 54, 85, 63, 18, 44, 20, 49, 36, 14, 74, 50, 53, 17, 21, 45, 71, 64, 3, 23, 30, 83, 24, 41, 60, 52, 65, 27, 90, 70, 39, 87, 48, 69, 99, 4, 46, 1, 13, 58, 97, 59, 28, 75, 73, 37, 35, 79, 22, 66, 76, 42, 40, 80, 96, 6, 16, 61, 33, 7, 57, 34, 12, 67, 10, 98, 56, 88, 29, 81, 91, 2, 84, 43, 92, 19, 51, 55, 89, 8, 72, 25, 38, 94, 62, 0]|[2, 1, 1, 2, 1, 2, 1, 1, 1, 1, 1, 0, 2, 2, 1, 2, 0, 0, 0, 2, 2, 1, 0, 2, 0, 2, 2, 1, 0, 1, 1, 1, 0, 0, 1, 0, 2, 1, 2, 2, 0, 0, 1, 1, 0, 2, 0, 2, 1, 0, 0, 2, 0, 0, 2, 0, 1, 1, 0, 0, 2, 1, 0, 2, 2, 0, 2, 2, 2, 1, 2, 1, 1, 2, 0, 1, 1, 1, 1, 2, 2, 1, 1, 1, 1, 0, 0, 1, 0, 1, 1, 0, 1, 1, 1, 0, 0, 2, 1, 0]|[1, 3, 2, 0, 4, 1, 4, 4, 2, 4, 3, 2, 1, 0, 2, 1, 1, 1, 2, 1, 1, 3, 0, 1, 0, 1, 1, 4, 1, 4, 3, 2, 2, 0, 4, 1, 1, 4, 0, 1, 2, 1, 4, 4, 1, 1, 0, 2, 3, 1, 2, 1, 2, 1, 1, 2, 4, 3, 0, 2, 2, 3, 1, 0, 1, 2, 1, 1, 1, 4, 1, 3, 4, 1, 2, 4, 3, 3, 3, 1, 1, 4, 4, 1, 3, 2, 2, 3, 2, 4, 3, 2, 4, 3, 4, 2, 2, 1, 3, 2]|[1, 0, 1, 0, 3, 0, 1, 3, 0, 0, 2, 0, 1, 0, 1, 0, 0, 0, 1, 0, 0, 2, 0, 0, 1, 0, 0, 3, 0, 1, 0, 2, 0, 1, 3, 0, 1, 1, 1, 0, 0, 0, 1, 3, 0, 0, 1, 0, 2, 0, 0, 0, 0, 0, 1, 0, 1, 0, 1, 1, 0, 2, 0, 0, 0, 0, 0, 0, 0, 2, 0, 0, 1, 0, 0, 1, 0, 0, 3, 0, 0, 1, 2, 1, 0, 0, 0, 3, 0, 3, 0, 0, 1, 0, 2, 0, 0, 0, 0, 0],852.6318006111075,51704.21571925363,106118.4002701428,false
58,G2_TEC,G4_BALANCED,[20, 94, 82, 15, 26, 9, 95, 42, 77, 68, 47, 5, 93, 78, 86, 54, 85, 63, 18, 44, 31, 49, 36, 14, 74, 50, 53, 17, 21, 28, 11, 64, 3, 23, 30, 83, 24, 41, 40, 52, 65, 27, 90, 70, 39, 87, 48, 69, 99, 4, 46, 1, 13, 56, 97, 59, 45, 8, 73, 37, 35, 79, 71, 66, 76, 16, 60, 80, 58, 6, 67, 61, 33, 7, 57, 34, 12, 10, 32, 98, 96, 88, 43, 81, 91, 2, 84, 29, 92, 19, 51, 89, 55, 75, 25, 22, 38, 72, 62, 0]|[2, 1, 2, 1, 1, 2, 1, 1, 1, 1, 1, 0, 2, 2, 1, 2, 0, 0, 0, 2, 2, 1, 0, 2, 0, 2, 2, 1, 0, 1, 1, 1, 0, 0, 1, 0, 2, 1, 2, 2, 0, 0, 1, 1, 0, 2, 0, 2, 1, 0, 0, 2, 0, 2, 2, 0, 1, 1, 0, 0, 2, 1, 1, 2, 2, 2, 2, 2, 2, 1, 2, 1, 1, 2, 0, 1, 1, 1, 0, 0, 0, 1, 1, 1, 1, 0, 0, 1, 0, 1, 1, 1, 0, 2, 1, 2, 0, 1, 1, 0]|[1, 3, 0, 3, 4, 1, 4, 4, 4, 4, 3, 2, 1, 0, 2, 1, 1, 1, 2, 1, 1, 3, 0, 1, 0, 1, 1, 4, 1, 4, 3, 2, 2, 0, 4, 1, 1, 4, 1, 1, 2, 1, 4, 4, 1, 1, 0, 1, 3, 2, 2, 1, 2, 1, 1, 2, 4, 3, 0, 2, 1, 3, 3, 1, 1, 1, 1, 1, 1, 4, 1, 3, 4, 1, 2, 4, 3, 3, 2, 2, 2, 4, 4, 4, 3, 2, 2, 3, 2, 4, 3, 4, 2, 1, 4, 1, 2, 4, 3, 2]|[0, 2, 0, 0, 3, 0, 1, 3, 1, 0, 2, 0, 1, 0, 1, 0, 0, 0, 1, 0, 0, 2, 0, 0, 1, 0, 0, 3, 0, 1, 0, 2, 0, 0, 3, 0, 1, 1, 0, 0, 0, 0, 1, 3, 0, 0, 1, 0, 2, 0, 0, 0, 0, 0, 1, 0, 1, 0, 1, 1, 0, 2, 0, 0, 0, 0, 0, 0, 0, 2, 0, 0, 1, 0, 0, 1, 0, 3, 0, 0, 0, 1, 2, 2, 0, 0, 0, 3, 0, 1, 0, 1, 0, 0, 3, 0, 0, 1, 0, 0],910.6016522559228,48424.554875013484,106661.9370408949,true
58,G3_TWC,G3_TWC,[31, 22, 42, 15, 26, 58, 95, 82, 77, 12, 47, 5, 93, 78, 98, 54, 85, 63, 18, 44, 20, 35, 43, 97, 91, 76, 10, 30, 21, 45, 71, 64, 1, 23, 17, 83, 24, 61, 60, 49, 6, 57, 94, 88, 65, 56, 79, 40, 67, 68, 46, 75, 0, 9, 19, 32, 81, 41, 27, 62, 87, 90, 99, 59, 53, 16, 72, 73, 70, 39, 37, 84, 3, 92, 25, 74, 28, 38, 51, 7, 11, 14, 86, 48, 89, 66, 50, 96, 33, 80, 8, 4, 34, 36, 55, 52, 13, 29, 69, 2]|[1, 1, 0, 1, 1, 1, 2, 1, 2, 1, 2, 2, 2, 1, 1, 0, 0, 1, 0, 2, 2, 0, 1, 2, 0, 1, 2, 2, 0, 0, 1, 2, 1, 0, 1, 0, 2, 0, 1, 1, 0, 1, 1, 1, 0, 2, 1, 1, 0, 0, 0, 0, 1, 1, 2, 1, 2, 0, 0, 0, 2, 1, 0, 1, 0, 1, 2, 1, 1, 1, 1, 1, 2, 0, 1, 2, 0, 0, 0, 1, 0, 1, 0, 0, 1, 0, 0, 0, 2, 0, 1, 0, 2, 0, 1, 1, 0, 0, 1, 0]|[4, 3, 2, 2, 0, 0, 2, 2, 2, 4, 1, 1, 2, 4, 4, 1, 1, 4, 2, 1, 1, 1, 1, 2, 1, 2, 1, 1, 1, 1, 3, 2, 3, 0, 4, 0, 1, 1, 0, 3, 2, 2, 4, 0, 1, 1, 3, 2, 0, 1, 2, 2, 1, 4, 0, 3, 2, 1, 1, 2, 1, 3, 1, 1, 2, 3, 0, 4, 3, 1, 4, 1, 1, 2, 4, 1, 2, 1, 1, 3, 2, 3, 1, 1, 1, 1, 1, 1, 1, 1, 3, 2, 1, 1, 4, 1, 2, 2, 3, 2]|[0, 2, 1, 1, 3, 3, 0, 1, 0, 0, 0, 0, 1, 0, 1, 0, 0, 3, 1, 0, 0, 0, 3, 1, 0, 2, 0, 0, 0, 1, 0, 0, 0, 0, 3, 0, 1, 0, 0, 2, 1, 1, 2, 0, 0, 0, 0, 1, 1, 0, 0, 0, 1, 3, 0, 0, 1, 0, 0, 1, 0, 2, 0, 1, 1, 2, 1, 0, 0, 1, 1, 3, 0, 1, 3, 0, 1, 0, 0, 2, 1, 0, 0, 0, 1, 0, 0, 0, 0, 0, 2, 1, 0, 1, 3, 1, 0, 0, 0, 0],843.7439659666079,57777.80974073964,86440.68470675517,false
58,G1_CMAX,G1_CMAX,[31, 22, 90, 26, 58, 95, 42, 12, 93, 5, 78, 86, 98, 18, 20, 35, 3, 97, 91, 76, 10, 85, 54, 45, 63, 71, 66, 1, 23, 17, 24, 60, 36, 6, 57, 15, 65, 56, 47, 79, 94, 67, 50, 46, 14, 75, 38, 9, 30, 19, 32, 81, 27, 92, 83, 87, 40, 99, 59, 11, 53, 16, 72, 77, 73, 70, 39, 37, 84, 43, 62, 25, 55, 28, 29, 51, 68, 82, 74, 61, 88, 21, 80, 89, 7, 69, 96, 41, 48, 4, 8, 34, 49, 52, 0, 44, 13, 2, 64, 33]|[1, 1, 1, 1, 0, 2, 1, 1, 2, 2, 2, 1, 0, 1, 2, 2, 1, 2, 0, 1, 2, 2, 2, 0, 0, 1, 2, 1, 2, 1, 2, 1, 1, 0, 1, 1, 0, 2, 2, 1, 1, 0, 0, 0, 0, 1, 1, 1, 1, 2, 1, 2, 2, 0, 0, 2, 1, 0, 0, 2, 0, 1, 2, 2, 1, 1, 1, 1, 1, 1, 0, 1, 1, 0, 0, 0, 0, 0, 2, 1, 1, 0, 0, 1, 1, 1, 2, 2, 0, 1, 1, 2, 0, 1, 0, 0, 0, 0, 2, 2]|[0, 4, 3, 0, 1, 1, 2, 4, 1, 1, 2, 4, 1, 4, 1, 1, 1, 2, 2, 2, 2, 1, 1, 1, 2, 3, 2, 3, 0, 4, 1, 0, 3, 2, 2, 2, 1, 1, 1, 0, 2, 0, 1, 2, 1, 3, 1, 4, 2, 0, 3, 2, 1, 2, 1, 1, 4, 1, 1, 1, 2, 3, 0, 2, 4, 3, 1, 4, 1, 1, 1, 4, 4, 2, 1, 1, 1, 2, 1, 3, 0, 1, 1, 1, 1, 3, 1, 1, 1, 4, 3, 1, 1, 1, 2, 2, 2, 2, 1, 1]|[3, 0, 2, 3, 0, 0, 1, 0, 0, 0, 1, 0, 0, 3, 0, 0, 1, 1, 1, 2, 1, 0, 0, 0, 0, 0, 0, 0, 0, 3, 1, 0, 2, 1, 1, 1, 0, 0, 0, 0, 1, 1, 0, 0, 0, 0, 1, 3, 2, 0, 0, 1, 0, 1, 0, 0, 2, 0, 0, 0, 1, 2, 1, 1, 0, 0, 1, 1, 3, 3, 0, 3, 3, 1, 0, 0, 0, 1, 0, 0, 0, 0, 0, 1, 2, 2, 0, 0, 0, 0, 2, 0, 1, 1, 0, 0, 0, 0, 0, 0],705.0470749739228,58445.79123614564,95781.2895945797,false
58,G4_BALANCED,G4_BALANCED,[20, 94, 82, 15, 26, 9, 95, 42, 77, 68, 47, 5, 93, 78, 86, 54, 85, 63, 18, 44, 31, 49, 36, 14, 74, 50, 53, 17, 21, 28, 11, 64, 3, 23, 30, 83, 24, 41, 40, 52, 65, 27, 90, 70, 39, 87, 48, 69, 99, 4, 46, 1, 13, 56, 97, 59, 45, 8, 73, 37, 35, 79, 71, 66, 76, 16, 60, 80, 58, 6, 67, 61, 33, 7, 57, 34, 12, 10, 32, 98, 96, 88, 43, 81, 91, 2, 84, 29, 92, 19, 51, 55, 89, 22, 72, 25, 38, 75, 62, 0]|[2, 1, 2, 1, 1, 2, 1, 1, 1, 1, 1, 0, 2, 2, 1, 2, 0, 0, 0, 2, 2, 1, 0, 2, 0, 2, 2, 1, 0, 1, 1, 1, 0, 0, 1, 0, 2, 1, 2, 2, 0, 0, 1, 1, 0, 2, 0, 2, 1, 0, 0, 2, 0, 2, 2, 0, 1, 1, 0, 0, 2, 1, 1, 2, 2, 2, 2, 2, 2, 1, 2, 1, 1, 2, 0, 1, 1, 1, 0, 0, 0, 1, 1, 1, 1, 0, 0, 1, 0, 1, 1, 0, 1, 2, 1, 1, 0, 2, 1, 0]|[0, 3, 0, 3, 4, 1, 4, 4, 4, 4, 3, 2, 1, 0, 2, 1, 1, 1, 2, 1, 1, 3, 0, 1, 0, 1, 1, 4, 1, 4, 3, 2, 2, 0, 4, 1, 1, 4, 1, 1, 2, 1, 4, 4, 1, 1, 0, 1, 3, 2, 2, 1, 2, 1, 1, 2, 4, 3, 0, 2, 1, 3, 3, 1, 1, 1, 1, 1, 1, 4, 1, 3, 4, 1, 2, 4, 3, 3, 2, 2, 2, 4, 4, 4, 3, 2, 2, 3, 2, 4, 3, 2, 4, 1, 4, 4, 2, 1, 3, 2]|[0, 2, 0, 0, 3, 0, 1, 3, 1, 0, 2, 0, 1, 0, 1, 0, 0, 0, 1, 0, 0, 2, 0, 0, 1, 0, 0, 3, 0, 1, 0, 2, 0, 0, 3, 0, 1, 1, 0, 0, 0, 0, 1, 3, 0, 0, 1, 0, 2, 0, 0, 0, 0, 0, 1, 0, 1, 0, 1, 1, 0, 2, 0, 0, 0, 0, 0, 0, 0, 2, 0, 0, 1, 0, 0, 1, 0, 3, 0, 0, 0, 1, 2, 2, 0, 0, 0, 3, 0, 1, 0, 0, 1, 0, 1, 3, 0, 0, 0, 0],904.4638574556285,48626.747966451934,106418.03837132154,false
58,G2_TEC,G4_BALANCED,[20, 94, 82, 15, 26, 9, 95, 42, 77, 68, 47, 5, 93, 78, 86, 54, 85, 63, 18, 44, 31, 49, 36, 14, 74, 50, 53, 17, 21, 28, 11, 64, 3, 23, 30, 83, 24, 41, 40, 52, 65, 27, 90, 70, 39, 87, 48, 69, 99, 4, 46, 1, 13, 56, 97, 59, 45, 8, 73, 37, 35, 79, 71, 66, 76, 16, 60, 80, 58, 6, 67, 61, 33, 7, 57, 34, 12, 10, 32, 98, 96, 88, 43, 81, 91, 2, 84, 29, 92, 19, 51, 89, 55, 75, 25, 22, 38, 72, 62, 0]|[2, 1, 2, 1, 1, 2, 1, 1, 1, 1, 1, 0, 2, 2, 1, 2, 0, 0, 0, 2, 2, 1, 0, 2, 0, 2, 2, 1, 0, 1, 1, 1, 0, 0, 1, 0, 2, 1, 2, 2, 0, 0, 1, 1, 0, 2, 0, 2, 1, 0, 0, 2, 0, 2, 2, 0, 1, 1, 0, 0, 2, 1, 1, 2, 2, 2, 2, 2, 2, 1, 2, 1, 1, 2, 0, 1, 1, 1, 0, 0, 0, 1, 1, 1, 1, 0, 0, 1, 0, 1, 1, 1, 0, 2, 1, 2, 0, 1, 1, 0]|[1, 3, 0, 3, 4, 1, 4, 4, 4, 4, 3, 2, 1, 0, 2, 1, 1, 1, 2, 1, 1, 3, 0, 1, 0, 1, 1, 4, 1, 4, 3, 2, 2, 0, 4, 1, 1, 4, 1, 1, 2, 1, 4, 4, 1, 1, 0, 1, 3, 2, 2, 1, 2, 1, 1, 2, 4, 3, 0, 2, 1, 3, 3, 1, 1, 1, 1, 1, 1, 4, 1, 3, 4, 1, 2, 4, 3, 3, 2, 2, 2, 4, 4, 4, 3, 2, 2, 3, 2, 4, 3, 4, 2, 1, 4, 1, 2, 4, 3, 2]|[0, 2, 0, 0, 3, 0, 1, 3, 1, 0, 2, 0, 1, 0, 1, 0, 0, 0, 1, 0, 0, 2, 0, 0, 1, 0, 0, 3, 0, 1, 0, 2, 0, 0, 3, 0, 1, 1, 0, 0, 0, 0, 1, 3, 0, 0, 1, 0, 2, 0, 0, 0, 0, 0, 1, 0, 1, 0, 1, 1, 0, 2, 0, 0, 0, 0, 0, 0, 0, 2, 0, 0, 1, 0, 0, 1, 0, 3, 0, 0, 0, 1, 2, 2, 0, 0, 0, 3, 0, 1, 0, 1, 0, 0, 3, 0, 0, 1, 0, 0],910.6016522559228,48424.554875013484,106661.9370408949,true
58,G3_TWC,G3_TWC,[31, 22, 42, 15, 26, 58, 95, 82, 77, 12, 47, 5, 93, 78, 98, 54, 85, 63, 18, 44, 20, 35, 43, 97, 91, 76, 10, 30, 21, 45, 71, 64, 1, 23, 17, 83, 24, 61, 60, 49, 6, 57, 94, 88, 65, 56, 79, 40, 67, 68, 46, 75, 0, 9, 19, 32, 81, 41, 27, 62, 87, 90, 99, 59, 53, 16, 72, 73, 70, 39, 37, 84, 3, 92, 25, 74, 28, 38, 51, 7, 11, 14, 86, 48, 89, 66, 50, 96, 33, 80, 8, 4, 34, 36, 55, 52, 13, 29, 69, 2]|[1, 1, 0, 1, 1, 1, 2, 1, 2, 1, 2, 2, 2, 1, 1, 0, 0, 1, 0, 2, 2, 0, 1, 2, 0, 1, 2, 2, 0, 0, 1, 2, 1, 0, 1, 0, 2, 0, 1, 1, 0, 1, 1, 1, 0, 2, 1, 1, 0, 0, 0, 0, 1, 1, 2, 1, 2, 0, 0, 0, 2, 1, 0, 1, 0, 1, 2, 1, 1, 1, 1, 1, 2, 0, 1, 2, 0, 0, 0, 1, 0, 1, 0, 0, 1, 0, 0, 0, 2, 0, 1, 0, 2, 0, 1, 1, 0, 0, 1, 0]|[4, 3, 2, 2, 0, 0, 2, 2, 2, 4, 1, 1, 2, 4, 4, 1, 1, 4, 2, 1, 1, 1, 1, 2, 1, 2, 1, 1, 1, 1, 3, 2, 3, 0, 4, 0, 1, 1, 0, 3, 2, 2, 4, 0, 1, 1, 3, 2, 0, 1, 2, 2, 1, 4, 0, 3, 2, 1, 1, 2, 1, 3, 1, 1, 2, 3, 0, 4, 3, 1, 4, 1, 1, 2, 4, 1, 2, 1, 1, 3, 2, 3, 1, 1, 1, 1, 1, 1, 1, 1, 3, 2, 1, 1, 4, 1, 2, 2, 3, 2]|[0, 2, 1, 1, 3, 3, 0, 1, 0, 0, 0, 0, 1, 0, 1, 0, 0, 3, 1, 0, 0, 0, 3, 1, 0, 2, 0, 0, 0, 1, 0, 0, 0, 0, 3, 0, 1, 0, 0, 2, 1, 1, 2, 0, 0, 0, 0, 1, 1, 0, 0, 0, 1, 3, 0, 0, 1, 0, 0, 1, 0, 2, 0, 1, 1, 2, 1, 0, 0, 1, 1, 3, 0, 1, 3, 0, 1, 0, 0, 2, 1, 0, 0, 0, 1, 0, 0, 0, 0, 0, 2, 1, 0, 1, 3, 1, 0, 0, 0, 0],843.7439659666079,57777.80974073964,86440.68470675517,false
58,G1_CMAX,G1_CMAX,[31, 22, 90, 26, 58, 95, 42, 12, 93, 5, 78, 86, 98, 18, 20, 35, 3, 97, 91, 76, 10, 85, 54, 45, 63, 71, 66, 1, 23, 17, 24, 60, 36, 6, 57, 15, 65, 56, 47, 79, 94, 67, 50, 46, 14, 75, 38, 9, 30, 19, 32, 81, 27, 92, 83, 87, 40, 99, 59, 11, 53, 16, 72, 77, 73, 70, 39, 37, 84, 43, 62, 25, 55, 28, 29, 51, 68, 82, 74, 61, 88, 21, 80, 89, 7, 69, 96, 41, 48, 4, 8, 34, 49, 52, 0, 44, 13, 2, 64, 33]|[1, 1, 1, 1, 0, 2, 1, 1, 2, 2, 2, 1, 0, 1, 2, 2, 1, 2, 0, 1, 2, 2, 2, 0, 0, 1, 2, 1, 2, 1, 2, 1, 1, 0, 1, 1, 0, 2, 2, 1, 1, 0, 0, 0, 0, 1, 1, 1, 1, 2, 1, 2, 2, 0, 0, 2, 1, 0, 0, 2, 0, 1, 2, 2, 1, 1, 1, 1, 1, 1, 0, 1, 1, 0, 0, 0, 0, 0, 2, 1, 1, 0, 0, 1, 1, 1, 2, 2, 0, 1, 1, 2, 0, 1, 0, 0, 0, 0, 2, 2]|[0, 4, 3, 0, 1, 1, 2, 4, 1, 1, 2, 4, 1, 4, 1, 1, 1, 2, 2, 2, 2, 1, 1, 1, 2, 3, 2, 3, 0, 4, 1, 0, 3, 2, 2, 2, 1, 1, 1, 0, 2, 0, 1, 2, 1, 3, 1, 4, 2, 0, 3, 2, 1, 2, 1, 1, 4, 1, 1, 1, 2, 3, 0, 2, 4, 3, 1, 4, 1, 1, 1, 4, 4, 2, 1, 1, 1, 2, 1, 3, 0, 1, 1, 1, 1, 3, 1, 1, 1, 4, 3, 1, 1, 1, 2, 2, 2, 2, 1, 1]|[3, 0, 2, 3, 0, 0, 1, 0, 0, 0, 1, 0, 0, 3, 0, 0, 1, 1, 1, 2, 1, 0, 0, 0, 0, 0, 0, 0, 0, 3, 1, 0, 2, 1, 1, 1, 0, 0, 0, 0, 1, 1, 0, 0, 0, 0, 1, 3, 2, 0, 0, 1, 0, 1, 0, 0, 2, 0, 0, 0, 1, 2, 1, 1, 0, 0, 1, 1, 3, 3, 0, 3, 3, 1, 0, 0, 0, 1, 0, 0, 0, 0, 0, 1, 2, 2, 0, 0, 0, 0, 2, 0, 1, 1, 0, 0, 0, 0, 0, 0],705.0470749739228,58445.79123614564,95781.2895945797,false
58,G4_BALANCED,G4_BALANCED,[20, 94, 82, 15, 26, 9, 95, 42, 77, 68, 47, 5, 93, 78, 86, 54, 85, 63, 18, 44, 31, 49, 36, 14, 74, 50, 53, 17, 21, 28, 11, 64, 3, 23, 30, 83, 24, 41, 40, 52, 65, 27, 90, 70, 39, 87, 48, 69, 99, 4, 46, 1, 13, 56, 97, 59, 45, 8, 73, 37, 35, 79, 71, 66, 76, 16, 60, 80, 58, 6, 67, 61, 33, 7, 57, 34, 12, 10, 32, 98, 96, 88, 43, 81, 91, 2, 84, 29, 92, 19, 51, 55, 89, 22, 72, 25, 38, 75, 62, 0]|[2, 1, 2, 1, 1, 2, 1, 1, 1, 1, 1, 0, 2, 2, 1, 2, 0, 0, 0, 2, 2, 1, 0, 2, 0, 2, 2, 1, 0, 1, 1, 1, 0, 0, 1, 0, 2, 1, 2, 2, 0, 0, 1, 1, 0, 2, 0, 2, 1, 0, 0, 2, 0, 2, 2, 0, 1, 1, 0, 0, 2, 1, 1, 2, 2, 2, 2, 2, 2, 1, 2, 1, 1, 2, 0, 1, 1, 1, 0, 0, 0, 1, 1, 1, 1, 0, 0, 1, 0, 1, 1, 0, 1, 2, 1, 1, 0, 2, 1, 0]|[0, 3, 0, 3, 4, 1, 4, 4, 4, 4, 3, 2, 1, 0, 2, 1, 1, 1, 2, 1, 1, 3, 0, 1, 0, 1, 1, 4, 1, 4, 3, 2, 2, 0, 4, 1, 1, 4, 1, 1, 2, 1, 4, 4, 1, 1, 0, 1, 3, 2, 2, 1, 2, 1, 1, 2, 4, 3, 0, 2, 1, 3, 3, 1, 1, 1, 1, 1, 1, 4, 1, 3, 4, 1, 2, 4, 3, 3, 2, 2, 2, 4, 4, 4, 3, 2, 2, 3, 2, 4, 3, 2, 4, 1, 4, 4, 2, 1, 3, 2]|[0, 2, 0, 0, 3, 0, 1, 3, 1, 0, 2, 0, 1, 0, 1, 0, 0, 0, 1, 0, 0, 2, 0, 0, 1, 0, 0, 3, 0, 1, 0, 2, 0, 0, 3, 0, 1, 1, 0, 0, 0, 0, 1, 3, 0, 0, 1, 0, 2, 0, 0, 0, 0, 0, 1, 0, 1, 0, 1, 1, 0, 2, 0, 0, 0, 0, 0, 0, 0, 2, 0, 0, 1, 0, 0, 1, 0, 3, 0, 0, 0, 1, 2, 2, 0, 0, 0, 3, 0, 1, 0, 0, 1, 0, 1, 3, 0, 0, 0, 0],904.4638574556285,48626.747966451934,106418.03837132154,false
58,G2_TEC,G4_BALANCED,[20, 94, 82, 15, 26, 9, 95, 42, 77, 68, 47, 5, 93, 78, 86, 54, 85, 63, 18, 44, 31, 49, 36, 14, 74, 50, 53, 17, 21, 28, 11, 64, 3, 23, 30, 83, 24, 41, 40, 52, 65, 27, 90, 70, 39, 87, 48, 69, 99, 4, 46, 1, 13, 56, 97, 59, 45, 8, 73, 37, 35, 79, 71, 66, 76, 16, 60, 80, 58, 6, 67, 61, 33, 7, 57, 34, 12, 10, 32, 98, 96, 88, 43, 81, 91, 2, 84, 29, 92, 19, 51, 89, 55, 75, 25, 22, 38, 72, 62, 0]|[2, 1, 2, 1, 1, 2, 1, 1, 1, 1, 1, 0, 2, 2, 1, 2, 0, 0, 0, 2, 2, 1, 0, 2, 0, 2, 2, 1, 0, 1, 1, 1, 0, 0, 1, 0, 2, 1, 2, 2, 0, 0, 1, 1, 0, 2, 0, 2, 1, 0, 0, 2, 0, 2, 2, 0, 1, 1, 0, 0, 2, 1, 1, 2, 2, 2, 2, 2, 2, 1, 2, 1, 1, 2, 0, 1, 1, 1, 0, 0, 0, 1, 1, 1, 1, 0, 0, 1, 0, 1, 1, 1, 0, 2, 1, 2, 0, 1, 1, 0]|[1, 3, 0, 3, 4, 1, 4, 4, 4, 4, 3, 2, 1, 0, 2, 1, 1, 1, 2, 1, 1, 3, 0, 1, 0, 1, 1, 4, 1, 4, 3, 2, 2, 0, 4, 1, 1, 4, 1, 1, 2, 1, 4, 4, 1, 1, 0, 1, 3, 2, 2, 1, 2, 1, 1, 2, 4, 3, 0, 2, 1, 3, 3, 1, 1, 1, 1, 1, 1, 4, 1, 3, 4, 1, 2, 4, 3, 3, 2, 2, 2, 4, 4, 4, 3, 2, 2, 3, 2, 4, 3, 4, 2, 1, 4, 1, 2, 4, 3, 2]|[0, 2, 0, 0, 3, 0, 1, 3, 1, 0, 2, 0, 1, 0, 1, 0, 0, 0, 1, 0, 0, 2, 0, 0, 1, 0, 0, 3, 0, 1, 0, 2, 0, 0, 3, 0, 1, 1, 0, 0, 0, 0, 1, 3, 0, 0, 1, 0, 2, 0, 0, 0, 0, 0, 1, 0, 1, 0, 1, 1, 0, 2, 0, 0, 0, 0, 0, 0, 0, 2, 0, 0, 1, 0, 0, 1, 0, 3, 0, 0, 0, 1, 2, 2, 0, 0, 0, 3, 0, 1, 0, 1, 0, 0, 3, 0, 0, 1, 0, 0],910.6016522559228,48424.554875013484,106661.9370408949,true
58,G3_TWC,G3_TWC,[31, 22, 42, 15, 26, 58, 95, 82, 77, 12, 47, 5, 93, 78, 98, 54, 85, 63, 18, 44, 20, 35, 43, 97, 91, 76, 10, 30, 21, 45, 71, 64, 1, 23, 17, 83, 24, 61, 60, 49, 6, 57, 94, 88, 65, 56, 79, 40, 67, 68, 46, 75, 0, 9, 19, 32, 81, 41, 27, 62, 87, 90, 99, 59, 53, 16, 72, 73, 70, 39, 37, 84, 3, 92, 25, 74, 28, 38, 51, 7, 11, 14, 86, 48, 89, 66, 50, 96, 33, 80, 8, 4, 34, 36, 55, 52, 13, 29, 69, 2]|[1, 1, 0, 1, 1, 1, 2, 1, 2, 1, 2, 2, 2, 1, 1, 0, 0, 1, 0, 2, 2, 0, 1, 2, 0, 1, 2, 2, 0, 0, 1, 2, 1, 0, 1, 0, 2, 0, 1, 1, 0, 1, 1, 1, 0, 2, 1, 1, 0, 0, 0, 0, 1, 1, 2, 1, 2, 0, 0, 0, 2, 1, 0, 1, 0, 1, 2, 1, 1, 1, 1, 1, 2, 0, 1, 2, 0, 0, 0, 1, 0, 1, 0, 0, 1, 0, 0, 0, 2, 0, 1, 0, 2, 0, 1, 1, 0, 0, 1, 0]|[4, 3, 2, 2, 0, 0, 2, 2, 2, 4, 1, 1, 2, 4, 4, 1, 1, 4, 2, 1, 1, 1, 1, 2, 1, 2, 1, 1, 1, 1, 3, 2, 3, 0, 4, 0, 1, 1, 0, 3, 2, 2, 4, 0, 1, 1, 3, 2, 0, 1, 2, 2, 1, 4, 0, 3, 2, 1, 1, 2, 1, 3, 1, 1, 2, 3, 0, 4, 3, 1, 4, 1, 1, 2, 4, 1, 2, 1, 1, 3, 2, 3, 1, 1, 1, 1, 1, 1, 1, 1, 3, 2, 1, 1, 4, 1, 2, 2, 3, 2]|[0, 2, 1, 1, 3, 3, 0, 1, 0, 0, 0, 0, 1, 0, 1, 0, 0, 3, 1, 0, 0, 0, 3, 1, 0, 2, 0, 0, 0, 1, 0, 0, 0, 0, 3, 0, 1, 0, 0, 2, 1, 1, 2, 0, 0, 0, 0, 1, 1, 0, 0, 0, 1, 3, 0, 0, 1, 0, 0, 1, 0, 2, 0, 1, 1, 2, 1, 0, 0, 1, 1, 3, 0, 1, 3, 0, 1, 0, 0, 2, 1, 0, 0, 0, 1, 0, 0, 0, 0, 0, 2, 1, 0, 1, 3, 1, 0, 0, 0, 0],843.7439659666079,57777.80974073964,86440.68470675517,false
58,G1_CMAX,G1_CMAX,[31, 22, 90, 26, 58, 95, 42, 12, 93, 5, 78, 86, 98, 18, 20, 35, 3, 97, 91, 76, 10, 85, 54, 45, 63, 71, 66, 1, 23, 17, 24, 60, 36, 6, 57, 15, 65, 56, 47, 79, 94, 67, 50, 46, 14, 75, 38, 9, 30, 19, 32, 81, 27, 92, 83, 87, 40, 99, 59, 11, 53, 16, 72, 77, 73, 70, 39, 37, 84, 43, 62, 25, 55, 28, 29, 51, 68, 82, 74, 61, 88, 21, 80, 89, 7, 69, 96, 41, 48, 4, 8, 34, 49, 52, 0, 44, 13, 2, 64, 33]|[1, 1, 1, 1, 0, 2, 1, 1, 2, 2, 2, 1, 0, 1, 2, 2, 1, 2, 0, 1, 2, 2, 2, 0, 0, 1, 2, 1, 2, 1, 2, 1, 1, 0, 1, 1, 0, 2, 2, 1, 1, 0, 0, 0, 0, 1, 1, 1, 1, 2, 1, 2, 2, 0, 0, 2, 1, 0, 0, 2, 0, 1, 2, 2, 1, 1, 1, 1, 1, 1, 0, 1, 1, 0, 0, 0, 0, 0, 2, 1, 1, 0, 0, 1, 1, 1, 2, 2, 0, 1, 1, 2, 0, 1, 0, 0, 0, 0, 2, 2]|[0, 4, 3, 0, 1, 1, 2, 4, 1, 1, 2, 4, 1, 4, 1, 1, 1, 2, 2, 2, 2, 1, 1, 1, 2, 3, 2, 3, 0, 4, 1, 0, 3, 2, 2, 2, 1, 1, 1, 0, 2, 0, 1, 2, 1, 3, 1, 4, 2, 0, 3, 2, 1, 2, 1, 1, 4, 1, 1, 1, 2, 3, 0, 2, 4, 3, 1, 4, 1, 1, 1, 4, 4, 2, 1, 1, 1, 2, 1, 3, 0, 1, 1, 1, 1, 3, 1, 1, 1, 4, 3, 1, 1, 1, 2, 2, 2, 2, 1, 1]|[3, 0, 2, 3, 0, 0, 1, 0, 0, 0, 1, 0, 0, 3, 0, 0, 1, 1, 1, 2, 1, 0, 0, 0, 0, 0, 0, 0, 0, 3, 1, 0, 2, 1, 1, 1, 0, 0, 0, 0, 1, 1, 0, 0, 0, 0, 1, 3, 2, 0, 0, 1, 0, 1, 0, 0, 2, 0, 0, 0, 1, 2, 1, 1, 0, 0, 1, 1, 3, 3, 0, 3, 3, 1, 0, 0, 0, 1, 0, 0, 0, 0, 0, 1, 2, 2, 0, 0, 0, 0, 2, 0, 1, 1, 0, 0, 0, 0, 0, 0],705.0470749739228,58445.79123614564,95781.2895945797,false
58,G4_BALANCED,G4_BALANCED,[20, 94, 82, 15, 26, 9, 95, 42, 77, 68, 47, 5, 93, 78, 86, 54, 85, 63, 18, 44, 31, 49, 36, 14, 74, 50, 53, 17, 21, 28, 11, 64, 3, 23, 30, 83, 24, 41, 40, 52, 65, 27, 90, 70, 39, 87, 48, 69, 99, 4, 46, 1, 13, 56, 97, 59, 45, 8, 73, 37, 35, 79, 71, 66, 76, 16, 60, 80, 58, 6, 67, 61, 33, 7, 57, 34, 12, 10, 32, 98, 96, 88, 43, 81, 91, 2, 84, 29, 92, 19, 51, 55, 89, 22, 72, 25, 38, 75, 62, 0]|[2, 1, 2, 1, 1, 2, 1, 1, 1, 1, 1, 0, 2, 2, 1, 2, 0, 0, 0, 2, 2, 1, 0, 2, 0, 2, 2, 1, 0, 1, 1, 1, 0, 0, 1, 0, 2, 1, 2, 2, 0, 0, 1, 1, 0, 2, 0, 2, 1, 0, 0, 2, 0, 2, 2, 0, 1, 1, 0, 0, 2, 1, 1, 2, 2, 2, 2, 2, 2, 1, 2, 1, 1, 2, 0, 1, 1, 1, 0, 0, 0, 1, 1, 1, 1, 0, 0, 1, 0, 1, 1, 0, 1, 2, 1, 1, 0, 2, 1, 0]|[0, 3, 0, 3, 4, 1, 4, 4, 4, 4, 3, 2, 1, 0, 2, 1, 1, 1, 2, 1, 1, 3, 0, 1, 0, 1, 1, 4, 1, 4, 3, 2, 2, 0, 4, 1, 1, 4, 1, 1, 2, 1, 4, 4, 1, 1, 0, 1, 3, 2, 2, 1, 2, 1, 1, 2, 4, 3, 0, 2, 1, 3, 3, 1, 1, 1, 1, 1, 1, 4, 1, 3, 4, 1, 2, 4, 3, 3, 2, 2, 2, 4, 4, 4, 3, 2, 2, 3, 2, 4, 3, 2, 4, 1, 4, 4, 2, 1, 3, 2]|[0, 2, 0, 0, 3, 0, 1, 3, 1, 0, 2, 0, 1, 0, 1, 0, 0, 0, 1, 0, 0, 2, 0, 0, 1, 0, 0, 3, 0, 1, 0, 2, 0, 0, 3, 0, 1, 1, 0, 0, 0, 0, 1, 3, 0, 0, 1, 0, 2, 0, 0, 0, 0, 0, 1, 0, 1, 0, 1, 1, 0, 2, 0, 0, 0, 0, 0, 0, 0, 2, 0, 0, 1, 0, 0, 1, 0, 3, 0, 0, 0, 1, 2, 2, 0, 0, 0, 3, 0, 1, 0, 0, 1, 0, 1, 3, 0, 0, 0, 0],904.4638574556285,48626.747966451934,106418.03837132154,false
58,G2_TEC,G4_BALANCED,[20, 94, 82, 15, 26, 9, 95, 42, 77, 68, 47, 5, 93, 78, 86, 54, 85, 63, 18, 44, 31, 49, 36, 14, 74, 50, 53, 17, 21, 28, 11, 64, 3, 23, 30, 83, 24, 41, 40, 52, 65, 27, 90, 70, 39, 87, 48, 69, 99, 4, 46, 1, 13, 56, 97, 59, 45, 8, 73, 37, 35, 79, 71, 66, 76, 16, 60, 80, 58, 6, 67, 61, 33, 7, 57, 34, 12, 10, 32, 98, 96, 88, 43, 81, 91, 2, 84, 29, 92, 19, 51, 89, 55, 75, 25, 22, 38, 72, 62, 0]|[2, 1, 2, 1, 1, 2, 1, 1, 1, 1, 1, 0, 2, 2, 1, 2, 0, 0, 0, 2, 2, 1, 0, 2, 0, 2, 2, 1, 0, 1, 1, 1, 0, 0, 1, 0, 2, 1, 2, 2, 0, 0, 1, 1, 0, 2, 0, 2, 1, 0, 0, 2, 0, 2, 2, 0, 1, 1, 0, 0, 2, 1, 1, 2, 2, 2, 2, 2, 2, 1, 2, 1, 1, 2, 0, 1, 1, 1, 0, 0, 0, 1, 1, 1, 1, 0, 0, 1, 0, 1, 1, 1, 0, 2, 1, 2, 0, 1, 1, 0]|[1, 3, 0, 3, 4, 1, 4, 4, 4, 4, 3, 2, 1, 0, 2, 1, 1, 1, 2, 1, 1, 3, 0, 1, 0, 1, 1, 4, 1, 4, 3, 2, 2, 0, 4, 1, 1, 4, 1, 1, 2, 1, 4, 4, 1, 1, 0, 1, 3, 2, 2, 1, 2, 1, 1, 2, 4, 3, 0, 2, 1, 3, 3, 1, 1, 1, 1, 1, 1, 4, 1, 3, 4, 1, 2, 4, 3, 3, 2, 2, 2, 4, 4, 4, 3, 2, 2, 3, 2, 4, 3, 4, 2, 1, 4, 1, 2, 4, 3, 2]|[0, 2, 0, 0, 3, 0, 1, 3, 1, 0, 2, 0, 1, 0, 1, 0, 0, 0, 1, 0, 0, 2, 0, 0, 1, 0, 0, 3, 0, 1, 0, 2, 0, 0, 3, 0, 1, 1, 0, 0, 0, 0, 1, 3, 0, 0, 1, 0, 2, 0, 0, 0, 0, 0, 1, 0, 1, 0, 1, 1, 0, 2, 0, 0, 0, 0, 0, 0, 0, 2, 0, 0, 1, 0, 0, 1, 0, 3, 0, 0, 0, 1, 2, 2, 0, 0, 0, 3, 0, 1, 0, 1, 0, 0, 3, 0, 0, 1, 0, 0],910.6016522559228,48424.554875013484,106661.9370408949,true
58,G3_TWC,G3_TWC,[31, 22, 42, 15, 26, 58, 95, 82, 77, 12, 47, 5, 93, 78, 98, 54, 85, 63, 18, 44, 20, 35, 43, 97, 91, 76, 10, 30, 21, 45, 71, 64, 1, 23, 17, 83, 24, 61, 60, 49, 6, 57, 94, 88, 65, 56, 79, 40, 67, 68, 46, 75, 0, 9, 19, 32, 81, 41, 27, 62, 87, 90, 99, 59, 53, 16, 72, 73, 70, 39, 37, 84, 3, 92, 25, 74, 28, 38, 51, 7, 11, 14, 86, 48, 89, 66, 50, 96, 33, 80, 8, 4, 34, 36, 55, 52, 13, 29, 69, 2]|[1, 1, 0, 1, 1, 1, 2, 1, 2, 1, 2, 2, 2, 1, 1, 0, 0, 1, 0, 2, 2, 0, 1, 2, 0, 1, 2, 2, 0, 0, 1, 2, 1, 0, 1, 0, 2, 0, 1, 1, 0, 1, 1, 1, 0, 2, 1, 1, 0, 0, 0, 0, 1, 1, 2, 1, 2, 0, 0, 0, 2, 1, 0, 1, 0, 1, 2, 1, 1, 1, 1, 1, 2, 0, 1, 2, 0, 0, 0, 1, 0, 1, 0, 0, 1, 0, 0, 0, 2, 0, 1, 0, 2, 0, 1, 1, 0, 0, 1, 0]|[4, 3, 2, 2, 0, 0, 2, 2, 2, 4, 1, 1, 2, 4, 4, 1, 1, 4, 2, 1, 1, 1, 1, 2, 1, 2, 1, 1, 1, 1, 3, 2, 3, 0, 4, 0, 1, 1, 0, 3, 2, 2, 4, 0, 1, 1, 3, 2, 0, 1, 2, 2, 1, 4, 0, 3, 2, 1, 1, 2, 1, 3, 1, 1, 2, 3, 0, 4, 3, 1, 4, 1, 1, 2, 4, 1, 2, 1, 1, 3, 2, 3, 1, 1, 1, 1, 1, 1, 1, 1, 3, 2, 1, 1, 4, 1, 2, 2, 3, 2]|[0, 2, 1, 1, 3, 3, 0, 1, 0, 0, 0, 0, 1, 0, 1, 0, 0, 3, 1, 0, 0, 0, 3, 1, 0, 2, 0, 0, 0, 1, 0, 0, 0, 0, 3, 0, 1, 0, 0, 2, 1, 1, 2, 0, 0, 0, 0, 1, 1, 0, 0, 0, 1, 3, 0, 0, 1, 0, 0, 1, 0, 2, 0, 1, 1, 2, 1, 0, 0, 1, 1, 3, 0, 1, 3, 0, 1, 0, 0, 2, 1, 0, 0, 0, 1, 0, 0, 0, 0, 0, 2, 1, 0, 1, 3, 1, 0, 0, 0, 0],843.7439659666079,57777.80974073964,86440.68470675517,false
58,G1_CMAX,G1_CMAX,[31, 22, 90, 26, 58, 95, 42, 12, 93, 5, 78, 86, 98, 18, 20, 35, 3, 97, 91, 76, 10, 85, 54, 45, 63, 71, 66, 1, 23, 17, 24, 60, 36, 6, 57, 15, 65, 56, 47, 79, 94, 67, 50, 46, 14, 75, 38, 9, 30, 19, 32, 81, 27, 92, 83, 87, 40, 99, 59, 11, 53, 16, 72, 77, 73, 70, 39, 37, 84, 43, 62, 25, 55, 28, 29, 51, 68, 82, 74, 61, 88, 21, 80, 89, 7, 69, 96, 41, 48, 4, 8, 34, 49, 52, 0, 44, 13, 2, 64, 33]|[1, 1, 1, 1, 0, 2, 1, 1, 2, 2, 2, 1, 0, 1, 2, 2, 1, 2, 0, 1, 2, 2, 2, 0, 0, 1, 2, 1, 2, 1, 2, 1, 1, 0, 1, 1, 0, 2, 2, 1, 1, 0, 0, 0, 0, 1, 1, 1, 1, 2, 1, 2, 2, 0, 0, 2, 1, 0, 0, 2, 0, 1, 2, 2, 1, 1, 1, 1, 1, 1, 0, 1, 1, 0, 0, 0, 0, 0, 2, 1, 1, 0, 0, 1, 1, 1, 2, 2, 0, 1, 1, 2, 0, 1, 0, 0, 0, 0, 2, 2]|[0, 4, 3, 0, 1, 1, 2, 4, 1, 1, 2, 4, 1, 4, 1, 1, 1, 2, 2, 2, 2, 1, 1, 1, 2, 3, 2, 3, 0, 4, 1, 0, 3, 2, 2, 2, 1, 1, 1, 0, 2, 0, 1, 2, 1, 3, 1, 4, 2, 0, 3, 2, 1, 2, 1, 1, 4, 1, 1, 1, 2, 3, 0, 2, 4, 3, 1, 4, 1, 1, 1, 4, 4, 2, 1, 1, 1, 2, 1, 3, 0, 1, 1, 1, 1, 3, 1, 1, 1, 4, 3, 1, 1, 1, 2, 2, 2, 2, 1, 1]|[3, 0, 2, 3, 0, 0, 1, 0, 0, 0, 1, 0, 0, 3, 0, 0, 1, 1, 1, 2, 1, 0, 0, 0, 0, 0, 0, 0, 0, 3, 1, 0, 2, 1, 1, 1, 0, 0, 0, 0, 1, 1, 0, 0, 0, 0, 1, 3, 2, 0, 0, 1, 0, 1, 0, 0, 2, 0, 0, 0, 1, 2, 1, 1, 0, 0, 1, 1, 3, 3, 0, 3, 3, 1, 0, 0, 0, 1, 0, 0, 0, 0, 0, 1, 2, 2, 0, 0, 0, 0, 2, 0, 1, 1, 0, 0, 0, 0, 0, 0],705.0470749739228,58445.79123614564,95781.2895945797,false
58,G4_BALANCED,G4_BALANCED,[20, 94, 82, 15, 26, 9, 95, 42, 77, 68, 47, 5, 93, 78, 86, 54, 85, 63, 18, 44, 31, 49, 36, 14, 74, 50, 53, 17, 21, 28, 11, 64, 3, 23, 30, 83, 24, 41, 40, 52, 65, 27, 90, 70, 39, 87, 48, 69, 99, 4, 46, 1, 13, 56, 97, 59, 45, 8, 73, 37, 35, 79, 71, 66, 76, 16, 60, 80, 58, 6, 67, 61, 33, 7, 57, 34, 12, 10, 32, 98, 96, 88, 43, 81, 91, 2, 84, 29, 92, 19, 51, 55, 89, 22, 72, 25, 38, 75, 62, 0]|[2, 1, 2, 1, 1, 2, 1, 1, 1, 1, 1, 0, 2, 2, 1, 2, 0, 0, 0, 2, 2, 1, 0, 2, 0, 2, 2, 1, 0, 1, 1, 1, 0, 0, 1, 0, 2, 1, 2, 2, 0, 0, 1, 1, 0, 2, 0, 2, 1, 0, 0, 2, 0, 2, 2, 0, 1, 1, 0, 0, 2, 1, 1, 2, 2, 2, 2, 2, 2, 1, 2, 1, 1, 2, 0, 1, 1, 1, 0, 0, 0, 1, 1, 1, 1, 0, 0, 1, 0, 1, 1, 0, 1, 2, 1, 1, 0, 2, 1, 0]|[0, 3, 0, 3, 4, 1, 4, 4, 4, 4, 3, 2, 1, 0, 2, 1, 1, 1, 2, 1, 1, 3, 0, 1, 0, 1, 1, 4, 1, 4, 3, 2, 2, 0, 4, 1, 1, 4, 1, 1, 2, 1, 4, 4, 1, 1, 0, 1, 3, 2, 2, 1, 2, 1, 1, 2, 4, 3, 0, 2, 1, 3, 3, 1, 1, 1, 1, 1, 1, 4, 1, 3, 4, 1, 2, 4, 3, 3, 2, 2, 2, 4, 4, 4, 3, 2, 2, 3, 2, 4, 3, 2, 4, 1, 4, 4, 2, 1, 3, 2]|[0, 2, 0, 0, 3, 0, 1, 3, 1, 0, 2, 0, 1, 0, 1, 0, 0, 0, 1, 0, 0, 2, 0, 0, 1, 0, 0, 3, 0, 1, 0, 2, 0, 0, 3, 0, 1, 1, 0, 0, 0, 0, 1, 3, 0, 0, 1, 0, 2, 0, 0, 0, 0, 0, 1, 0, 1, 0, 1, 1, 0, 2, 0, 0, 0, 0, 0, 0, 0, 2, 0, 0, 1, 0, 0, 1, 0, 3, 0, 0, 0, 1, 2, 2, 0, 0, 0, 3, 0, 1, 0, 0, 1, 0, 1, 3, 0, 0, 0, 0],904.4638574556285,48626.747966451934,106418.03837132154,false
58,G2_TEC,G4_BALANCED,[20, 94, 82, 15, 26, 9, 95, 42, 77, 68, 47, 5, 93, 78, 86, 54, 85, 63, 18, 44, 31, 49, 36, 14, 74, 50, 53, 17, 21, 28, 11, 64, 3, 23, 30, 83, 24, 41, 40, 52, 65, 27, 90, 70, 39, 87, 48, 69, 99, 4, 46, 1, 13, 56, 97, 59, 45, 8, 73, 37, 35, 79, 71, 66, 76, 16, 60, 80, 58, 6, 67, 61, 33, 7, 57, 34, 12, 10, 32, 98, 96, 88, 43, 81, 91, 2, 84, 29, 92, 19, 51, 89, 55, 75, 25, 22, 38, 72, 62, 0]|[2, 1, 2, 1, 1, 2, 1, 1, 1, 1, 1, 0, 2, 2, 1, 2, 0, 0, 0, 2, 2, 1, 0, 2, 0, 2, 2, 1, 0, 1, 1, 1, 0, 0, 1, 0, 2, 1, 2, 2, 0, 0, 1, 1, 0, 2, 0, 2, 1, 0, 0, 2, 0, 2, 2, 0, 1, 1, 0, 0, 2, 1, 1, 2, 2, 2, 2, 2, 2, 1, 2, 1, 1, 2, 0, 1, 1, 1, 0, 0, 0, 1, 1, 1, 1, 0, 0, 1, 0, 1, 1, 1, 0, 2, 1, 2, 0, 1, 1, 0]|[1, 3, 0, 3, 4, 1, 4, 4, 4, 4, 3, 2, 1, 0, 2, 1, 1, 1, 2, 1, 1, 3, 0, 1, 0, 1, 1, 4, 1, 4, 3, 2, 2, 0, 4, 1, 1, 4, 1, 1, 2, 1, 4, 4, 1, 1, 0, 1, 3, 2, 2, 1, 2, 1, 1, 2, 4, 3, 0, 2, 1, 3, 3, 1, 1, 1, 1, 1, 1, 4, 1, 3, 4, 1, 2, 4, 3, 3, 2, 2, 2, 4, 4, 4, 3, 2, 2, 3, 2, 4, 3, 4, 2, 1, 4, 1, 2, 4, 3, 2]|[0, 2, 0, 0, 3, 0, 1, 3, 1, 0, 2, 0, 1, 0, 1, 0, 0, 0, 1, 0, 0, 2, 0, 0, 1, 0, 0, 3, 0, 1, 0, 2, 0, 0, 3, 0, 1, 1, 0, 0, 0, 0, 1, 3, 0, 0, 1, 0, 2, 0, 0, 0, 0, 0, 1, 0, 1, 0, 1, 1, 0, 2, 0, 0, 0, 0, 0, 0, 0, 2, 0, 0, 1, 0, 0, 1, 0, 3, 0, 0, 0, 1, 2, 2, 0, 0, 0, 3, 0, 1, 0, 1, 0, 0, 3, 0, 0, 1, 0, 0],910.6016522559228,48424.554875013484,106661.9370408949,true
58,G3_TWC,G3_TWC,[31, 22, 42, 15, 26, 58, 95, 82, 77, 12, 47, 5, 93, 78, 98, 54, 85, 63, 18, 44, 20, 35, 43, 97, 91, 76, 10, 30, 21, 45, 71, 64, 1, 23, 17, 83, 24, 61, 60, 49, 6, 57, 94, 88, 65, 56, 79, 40, 67, 68, 46, 75, 0, 9, 19, 32, 81, 41, 27, 62, 87, 90, 99, 59, 53, 16, 72, 73, 70, 39, 37, 84, 3, 92, 25, 74, 28, 38, 51, 7, 11, 14, 86, 48, 89, 66, 50, 96, 33, 80, 8, 4, 34, 36, 55, 52, 13, 29, 69, 2]|[1, 1, 0, 1, 1, 1, 2, 1, 2, 1, 2, 2, 2, 1, 1, 0, 0, 1, 0, 2, 2, 0, 1, 2, 0, 1, 2, 2, 0, 0, 1, 2, 1, 0, 1, 0, 2, 0, 1, 1, 0, 1, 1, 1, 0, 2, 1, 1, 0, 0, 0, 0, 1, 1, 2, 1, 2, 0, 0, 0, 2, 1, 0, 1, 0, 1, 2, 1, 1, 1, 1, 1, 2, 0, 1, 2, 0, 0, 0, 1, 0, 1, 0, 0, 1, 0, 0, 0, 2, 0, 1, 0, 2, 0, 1, 1, 0, 0, 1, 0]|[4, 3, 2, 2, 0, 0, 2, 2, 2, 4, 1, 1, 2, 4, 4, 1, 1, 4, 2, 1, 1, 1, 1, 2, 1, 2, 1, 1, 1, 1, 3, 2, 3, 0, 4, 0, 1, 1, 0, 3, 2, 2, 4, 0, 1, 1, 3, 2, 0, 1, 2, 2, 1, 4, 0, 3, 2, 1, 1, 2, 1, 3, 1, 1, 2, 3, 0, 4, 3, 1, 4, 1, 1, 2, 4, 1, 2, 1, 1, 3, 2, 3, 1, 1, 1, 1, 1, 1, 1, 1, 3, 2, 1, 1, 4, 1, 2, 2, 3, 2]|[0, 2, 1, 1, 3, 3, 0, 1, 0, 0, 0, 0, 1, 0, 1, 0, 0, 3, 1, 0, 0, 0, 3, 1, 0, 2, 0, 0, 0, 1, 0, 0, 0, 0, 3, 0, 1, 0, 0, 2, 1, 1, 2, 0, 0, 0, 0, 1, 1, 0, 0, 0, 1, 3, 0, 0, 1, 0, 0, 1, 0, 2, 0, 1, 1, 2, 1, 0, 0, 1, 1, 3, 0, 1, 3, 0, 1, 0, 0, 2, 1, 0, 0, 0, 1, 0, 0, 0, 0, 0, 2, 1, 0, 1, 3, 1, 0, 0, 0, 0],843.7439659666079,57777.80974073964,86440.68470675517,false
58,G1_CMAX,G1_CMAX,[31, 22, 90, 26, 58, 95, 42, 12, 93, 5, 78, 86, 98, 18, 20, 35, 3, 97, 91, 76, 10, 85, 54, 45, 63, 71, 66, 1, 23, 17, 24, 60, 36, 6, 57, 15, 65, 56, 47, 79, 94, 67, 50, 46, 14, 75, 38, 9, 30, 19, 32, 81, 27, 92, 83, 87, 40, 99, 59, 11, 53, 16, 72, 77, 73, 70, 39, 37, 84, 43, 62, 25, 55, 28, 29, 51, 68, 82, 74, 61, 88, 21, 80, 89, 7, 69, 96, 41, 48, 4, 8, 34, 49, 52, 0, 44, 13, 2, 64, 33]|[1, 1, 1, 1, 0, 2, 1, 1, 2, 2, 2, 1, 0, 1, 2, 2, 1, 2, 0, 1, 2, 2, 2, 0, 0, 1, 2, 1, 2, 1, 2, 1, 1, 0, 1, 1, 0, 2, 2, 1, 1, 0, 0, 0, 0, 1, 1, 1, 1, 2, 1, 2, 2, 0, 0, 2, 1, 0, 0, 2, 0, 1, 2, 2, 1, 1, 1, 1, 1, 1, 0, 1, 1, 0, 0, 0, 0, 0, 2, 1, 1, 0, 0, 1, 1, 1, 2, 2, 0, 1, 1, 2, 0, 1, 0, 0, 0, 0, 2, 2]|[0, 4, 3, 0, 1, 1, 2, 4, 1, 1, 2, 4, 1, 4, 1, 1, 1, 2, 2, 2, 2, 1, 1, 1, 2, 3, 2, 3, 0, 4, 1, 0, 3, 2, 2, 2, 1, 1, 1, 0, 2, 0, 1, 2, 1, 3, 1, 4, 2, 0, 3, 2, 1, 2, 1, 1, 4, 1, 1, 1, 2, 3, 0, 2, 4, 3, 1, 4, 1, 1, 1, 4, 4, 2, 1, 1, 1, 2, 1, 3, 0, 1, 1, 1, 1, 3, 1, 1, 1, 4, 3, 1, 1, 1, 2, 2, 2, 2, 1, 1]|[3, 0, 2, 3, 0, 0, 1, 0, 0, 0, 1, 0, 0, 3, 0, 0, 1, 1, 1, 2, 1, 0, 0, 0, 0, 0, 0, 0, 0, 3, 1, 0, 2, 1, 1, 1, 0, 0, 0, 0, 1, 1, 0, 0, 0, 0, 1, 3, 2, 0, 0, 1, 0, 1, 0, 0, 2, 0, 0, 0, 1, 2, 1, 1, 0, 0, 1, 1, 3, 3, 0, 3, 3, 1, 0, 0, 0, 1, 0, 0, 0, 0, 0, 1, 2, 2, 0, 0, 0, 0, 2, 0, 1, 1, 0, 0, 0, 0, 0, 0],705.0470749739228,58445.79123614564,95781.2895945797,false
58,G4_BALANCED,G4_BALANCED,[20, 94, 82, 15, 26, 9, 95, 42, 77, 68, 47, 5, 93, 78, 86, 54, 85, 63, 18, 44, 31, 49, 36, 14, 74, 50, 53, 17, 21, 28, 11, 64, 3, 23, 30, 83, 24, 41, 40, 52, 65, 27, 90, 70, 39, 87, 48, 69, 99, 4, 46, 1, 13, 56, 97, 59, 45, 8, 73, 37, 35, 79, 71, 66, 76, 16, 60, 80, 58, 6, 67, 61, 33, 7, 57, 34, 12, 10, 32, 98, 96, 88, 43, 81, 91, 2, 84, 29, 92, 19, 51, 55, 89, 22, 72, 25, 38, 75, 62, 0]|[2, 1, 2, 1, 1, 2, 1, 1, 1, 1, 1, 0, 2, 2, 1, 2, 0, 0, 0, 2, 2, 1, 0, 2, 0, 2, 2, 1, 0, 1, 1, 1, 0, 0, 1, 0, 2, 1, 2, 2, 0, 0, 1, 1, 0, 2, 0, 2, 1, 0, 0, 2, 0, 2, 2, 0, 1, 1, 0, 0, 2, 1, 1, 2, 2, 2, 2, 2, 2, 1, 2, 1, 1, 2, 0, 1, 1, 1, 0, 0, 0, 1, 1, 1, 1, 0, 0, 1, 0, 1, 1, 0, 1, 2, 1, 1, 0, 2, 1, 0]|[0, 3, 0, 3, 4, 1, 4, 4, 4, 4, 3, 2, 1, 0, 2, 1, 1, 1, 2, 1, 1, 3, 0, 1, 0, 1, 1, 4, 1, 4, 3, 2, 2, 0, 4, 1, 1, 4, 1, 1, 2, 1, 4, 4, 1, 1, 0, 1, 3, 2, 2, 1, 2, 1, 1, 2, 4, 3, 0, 2, 1, 3, 3, 1, 1, 1, 1, 1, 1, 4, 1, 3, 4, 1, 2, 4, 3, 3, 2, 2, 2, 4, 4, 4, 3, 2, 2, 3, 2, 4, 3, 2, 4, 1, 4, 4, 2, 1, 3, 2]|[0, 2, 0, 0, 3, 0, 1, 3, 1, 0, 2, 0, 1, 0, 1, 0, 0, 0, 1, 0, 0, 2, 0, 0, 1, 0, 0, 3, 0, 1, 0, 2, 0, 0, 3, 0, 1, 1, 0, 0, 0, 0, 1, 3, 0, 0, 1, 0, 2, 0, 0, 0, 0, 0, 1, 0, 1, 0, 1, 1, 0, 2, 0, 0, 0, 0, 0, 0, 0, 2, 0, 0, 1, 0, 0, 1, 0, 3, 0, 0, 0, 1, 2, 2, 0, 0, 0, 3, 0, 1, 0, 0, 1, 0, 1, 3, 0, 0, 0, 0],904.4638574556285,48626.747966451934,106418.03837132154,false
58,G2_TEC,G4_BALANCED,[20, 94, 82, 15, 26, 9, 95, 42, 77, 68, 47, 5, 93, 78, 86, 54, 85, 63, 18, 44, 31, 49, 36, 14, 74, 50, 53, 17, 21, 28, 11, 64, 3, 23, 30, 83, 24, 41, 40, 52, 65, 27, 90, 70, 39, 87, 48, 69, 99, 4, 46, 1, 13, 56, 97, 59, 45, 8, 73, 37, 35, 79, 71, 66, 76, 16, 60, 80, 58, 6, 67, 61, 33, 7, 57, 34, 12, 10, 32, 98, 96, 88, 43, 81, 91, 2, 84, 29, 92, 19, 51, 89, 55, 75, 25, 22, 38, 72, 62, 0]|[2, 1, 2, 1, 1, 2, 1, 1, 1, 1, 1, 0, 2, 2, 1, 2, 0, 0, 0, 2, 2, 1, 0, 2, 0, 2, 2, 1, 0, 1, 1, 1, 0, 0, 1, 0, 2, 1, 2, 2, 0, 0, 1, 1, 0, 2, 0, 2, 1, 0, 0, 2, 0, 2, 2, 0, 1, 1, 0, 0, 2, 1, 1, 2, 2, 2, 2, 2, 2, 1, 2, 1, 1, 2, 0, 1, 1, 1, 0, 0, 0, 1, 1, 1, 1, 0, 0, 1, 0, 1, 1, 1, 0, 2, 1, 2, 0, 1, 1, 0]|[1, 3, 0, 3, 4, 1, 4, 4, 4, 4, 3, 2, 1, 0, 2, 1, 1, 1, 2, 1, 1, 3, 0, 1, 0, 1, 1, 4, 1, 4, 3, 2, 2, 0, 4, 1, 1, 4, 1, 1, 2, 1, 4, 4, 1, 1, 0, 1, 3, 2, 2, 1, 2, 1, 1, 2, 4, 3, 0, 2, 1, 3, 3, 1, 1, 1, 1, 1, 1, 4, 1, 3, 4, 1, 2, 4, 3, 3, 2, 2, 2, 4, 4, 4, 3, 2, 2, 3, 2, 4, 3, 4, 2, 1, 4, 1, 2, 4, 3, 2]|[0, 2, 0, 0, 3, 0, 1, 3, 1, 0, 2, 0, 1, 0, 1, 0, 0, 0, 1, 0, 0, 2, 0, 0, 1, 0, 0, 3, 0, 1, 0, 2, 0, 0, 3, 0, 1, 1, 0, 0, 0, 0, 1, 3, 0, 0, 1, 0, 2, 0, 0, 0, 0, 0, 1, 0, 1, 0, 1, 1, 0, 2, 0, 0, 0, 0, 0, 0, 0, 2, 0, 0, 1, 0, 0, 1, 0, 3, 0, 0, 0, 1, 2, 2, 0, 0, 0, 3, 0, 1, 0, 1, 0, 0, 3, 0, 0, 1, 0, 0],910.6016522559228,48424.554875013484,106661.9370408949,true
58,G3_TWC,G3_TWC,[31, 22, 42, 15, 26, 58, 95, 82, 77, 12, 47, 5, 93, 78, 98, 54, 85, 63, 18, 44, 20, 35, 43, 97, 91, 76, 10, 30, 21, 45, 71, 64, 1, 23, 17, 83, 24, 61, 60, 49, 6, 57, 94, 88, 65, 56, 79, 40, 67, 68, 46, 75, 0, 9, 19, 32, 81, 41, 27, 62, 87, 90, 99, 59, 53, 16, 72, 73, 70, 39, 37, 84, 3, 92, 25, 74, 28, 38, 51, 7, 11, 14, 86, 48, 89, 66, 50, 96, 33, 80, 8, 4, 34, 36, 55, 52, 13, 29, 69, 2]|[1, 1, 0, 1, 1, 1, 2, 1, 2, 1, 2, 2, 2, 1, 1, 0, 0, 1, 0, 2, 2, 0, 1, 2, 0, 1, 2, 2, 0, 0, 1, 2, 1, 0, 1, 0, 2, 0, 1, 1, 0, 1, 1, 1, 0, 2, 1, 1, 0, 0, 0, 0, 1, 1, 2, 1, 2, 0, 0, 0, 2, 1, 0, 1, 0, 1, 2, 1, 1, 1, 1, 1, 2, 0, 1, 2, 0, 0, 0, 1, 0, 1, 0, 0, 1, 0, 0, 0, 2, 0, 1, 0, 2, 0, 1, 1, 0, 0, 1, 0]|[4, 3, 2, 2, 0, 0, 2, 2, 2, 4, 1, 1, 2, 4, 4, 1, 1, 4, 2, 1, 1, 1, 1, 2, 1, 2, 1, 1, 1, 1, 3, 2, 3, 0, 4, 0, 1, 1, 0, 3, 2, 2, 4, 0, 1, 1, 3, 2, 0, 1, 2, 2, 1, 4, 0, 3, 2, 1, 1, 2, 1, 3, 1, 1, 2, 3, 0, 4, 3, 1, 4, 1, 1, 2, 4, 1, 2, 1, 1, 3, 2, 3, 1, 1, 1, 1, 1, 1, 1, 1, 3, 2, 1, 1, 4, 1, 2, 2, 3, 2]|[0, 2, 1, 1, 3, 3, 0, 1, 0, 0, 0, 0, 1, 0, 1, 0, 0, 3, 1, 0, 0, 0, 3, 1, 0, 2, 0, 0, 0, 1, 0, 0, 0, 0, 3, 0, 1, 0, 0, 2, 1, 1, 2, 0, 0, 0, 0, 1, 1, 0, 0, 0, 1, 3, 0, 0, 1, 0, 0, 1, 0, 2, 0, 1, 1, 2, 1, 0, 0, 1, 1, 3, 0, 1, 3, 0, 1, 0, 0, 2, 1, 0, 0, 0, 1, 0, 0, 0, 0, 0, 2, 1, 0, 1, 3, 1, 0, 0, 0, 0],843.7439659666079,57777.80974073964,86440.68470675517,false
58,G1_CMAX,G1_CMAX,[31, 22, 90, 26, 58, 95, 42, 12, 93, 5, 78, 86, 98, 18, 20, 35, 3, 97, 91, 76, 10, 85, 54, 45, 63, 71, 66, 1, 23, 17, 24, 60, 36, 6, 57, 15, 65, 56, 47, 79, 94, 67, 50, 46, 14, 75, 38, 9, 30, 19, 32, 81, 27, 92, 83, 87, 40, 99, 59, 11, 53, 16, 72, 77, 73, 70, 39, 37, 84, 43, 62, 25, 55, 28, 29, 51, 68, 82, 74, 61, 88, 21, 80, 89, 7, 69, 96, 41, 48, 4, 8, 34, 49, 52, 0, 44, 13, 2, 64, 33]|[1, 1, 1, 1, 0, 2, 1, 1, 2, 2, 2, 1, 0, 1, 2, 2, 1, 2, 0, 1, 2, 2, 2, 0, 0, 1, 2, 1, 2, 1, 2, 1, 1, 0, 1, 1, 0, 2, 2, 1, 1, 0, 0, 0, 0, 1, 1, 1, 1, 2, 1, 2, 2, 0, 0, 2, 1, 0, 0, 2, 0, 1, 2, 2, 1, 1, 1, 1, 1, 1, 0, 1, 1, 0, 0, 0, 0, 0, 2, 1, 1, 0, 0, 1, 1, 1, 2, 2, 0, 1, 1, 2, 0, 1, 0, 0, 0, 0, 2, 2]|[0, 4, 3, 0, 1, 1, 2, 4, 1, 1, 2, 4, 1, 4, 1, 1, 1, 2, 2, 2, 2, 1, 1, 1, 2, 3, 2, 3, 0, 4, 1, 0, 3, 2, 2, 2, 1, 1, 1, 0, 2, 0, 1, 2, 1, 3, 1, 4, 2, 0, 3, 2, 1, 2, 1, 1, 4, 1, 1, 1, 2, 3, 0, 2, 4, 3, 1, 4, 1, 1, 1, 4, 4, 2, 1, 1, 1, 2, 1, 3, 0, 1, 1, 1, 1, 3, 1, 1, 1, 4, 3, 1, 1, 1, 2, 2, 2, 2, 1, 1]|[3, 0, 2, 3, 0, 0, 1, 0, 0, 0, 1, 0, 0, 3, 0, 0, 1, 1, 1, 2, 1, 0, 0, 0, 0, 0, 0, 0, 0, 3, 1, 0, 2, 1, 1, 1, 0, 0, 0, 0, 1, 1, 0, 0, 0, 0, 1, 3, 2, 0, 0, 1, 0, 1, 0, 0, 2, 0, 0, 0, 1, 2, 1, 1, 0, 0, 1, 1, 3, 3, 0, 3, 3, 1, 0, 0, 0, 1, 0, 0, 0, 0, 0, 1, 2, 2, 0, 0, 0, 0, 2, 0, 1, 1, 0, 0, 0, 0, 0, 0],705.0470749739228,58445.79123614564,95781.2895945797,false
58,G4_BALANCED,G4_BALANCED,[20, 94, 82, 15, 26, 9, 95, 42, 77, 68, 47, 5, 93, 78, 86, 54, 85, 63, 18, 44, 31, 49, 36, 14, 74, 50, 53, 17, 21, 28, 11, 64, 3, 23, 30, 83, 24, 41, 40, 52, 65, 27, 90, 70, 39, 87, 48, 69, 99, 4, 46, 1, 13, 56, 97, 59, 45, 8, 73, 37, 35, 79, 71, 66, 76, 16, 60, 80, 58, 6, 67, 61, 33, 7, 57, 34, 12, 10, 32, 98, 96, 88, 43, 81, 91, 2, 84, 29, 92, 19, 51, 55, 89, 22, 72, 25, 38, 75, 62, 0]|[2, 1, 2, 1, 1, 2, 1, 1, 1, 1, 1, 0, 2, 2, 1, 2, 0, 0, 0, 2, 2, 1, 0, 2, 0, 2, 2, 1, 0, 1, 1, 1, 0, 0, 1, 0, 2, 1, 2, 2, 0, 0, 1, 1, 0, 2, 0, 2, 1, 0, 0, 2, 0, 2, 2, 0, 1, 1, 0, 0, 2, 1, 1, 2, 2, 2, 2, 2, 2, 1, 2, 1, 1, 2, 0, 1, 1, 1, 0, 0, 0, 1, 1, 1, 1, 0, 0, 1, 0, 1, 1, 0, 1, 2, 1, 1, 0, 2, 1, 0]|[0, 3, 0, 3, 4, 1, 4, 4, 4, 4, 3, 2, 1, 0, 2, 1, 1, 1, 2, 1, 1, 3, 0, 1, 0, 1, 1, 4, 1, 4, 3, 2, 2, 0, 4, 1, 1, 4, 1, 1, 2, 1, 4, 4, 1, 1, 0, 1, 3, 2, 2, 1, 2, 1, 1, 2, 4, 3, 0, 2, 1, 3, 3, 1, 1, 1, 1, 1, 1, 4, 1, 3, 4, 1, 2, 4, 3, 3, 2, 2, 2, 4, 4, 4, 3, 2, 2, 3, 2, 4, 3, 2, 4, 1, 4, 4, 2, 1, 3, 2]|[0, 2, 0, 0, 3, 0, 1, 3, 1, 0, 2, 0, 1, 0, 1, 0, 0, 0, 1, 0, 0, 2, 0, 0, 1, 0, 0, 3, 0, 1, 0, 2, 0, 0, 3, 0, 1, 1, 0, 0, 0, 0, 1, 3, 0, 0, 1, 0, 2, 0, 0, 0, 0, 0, 1, 0, 1, 0, 1, 1, 0, 2, 0, 0, 0, 0, 0, 0, 0, 2, 0, 0, 1, 0, 0, 1, 0, 3, 0, 0, 0, 1, 2, 2, 0, 0, 0, 3, 0, 1, 0, 0, 1, 0, 1, 3, 0, 0, 0, 0],904.4638574556285,48626.747966451934,106418.03837132154,false
58,G2_TEC,G4_BALANCED,[20, 94, 82, 15, 26, 9, 95, 42, 77, 68, 47, 5, 93, 78, 86, 54, 85, 63, 18, 44, 31, 49, 36, 14, 74, 50, 53, 17, 21, 28, 11, 64, 3, 23, 30, 83, 24, 41, 40, 52, 65, 27, 90, 70, 39, 87, 48, 69, 99, 4, 46, 1, 13, 56, 97, 59, 45, 8, 73, 37, 35, 79, 71, 66, 76, 16, 60, 80, 58, 6, 67, 61, 33, 7, 57, 34, 12, 10, 32, 98, 96, 88, 43, 81, 91, 2, 84, 29, 92, 19, 51, 89, 55, 75, 25, 22, 38, 72, 62, 0]|[2, 1, 2, 1, 1, 2, 1, 1, 1, 1, 1, 0, 2, 2, 1, 2, 0, 0, 0, 2, 2, 1, 0, 2, 0, 2, 2, 1, 0, 1, 1, 1, 0, 0, 1, 0, 2, 1, 2, 2, 0, 0, 1, 1, 0, 2, 0, 2, 1, 0, 0, 2, 0, 2, 2, 0, 1, 1, 0, 0, 2, 1, 1, 2, 2, 2, 2, 2, 2, 1, 2, 1, 1, 2, 0, 1, 1, 1, 0, 0, 0, 1, 1, 1, 1, 0, 0, 1, 0, 1, 1, 1, 0, 2, 1, 2, 0, 1, 1, 0]|[1, 3, 0, 3, 4, 1, 4, 4, 4, 4, 3, 2, 1, 0, 2, 1, 1, 1, 2, 1, 1, 3, 0, 1, 0, 1, 1, 4, 1, 4, 3, 2, 2, 0, 4, 1, 1, 4, 1, 1, 2, 1, 4, 4, 1, 1, 0, 1, 3, 2, 2, 1, 2, 1, 1, 2, 4, 3, 0, 2, 1, 3, 3, 1, 1, 1, 1, 1, 1, 4, 1, 3, 4, 1, 2, 4, 3, 3, 2, 2, 2, 4, 4, 4, 3, 2, 2, 3, 2, 4, 3, 4, 2, 1, 4, 1, 2, 4, 3, 2]|[0, 2, 0, 0, 3, 0, 1, 3, 1, 0, 2, 0, 1, 0, 1, 0, 0, 0, 1, 0, 0, 2, 0, 0, 1, 0, 0, 3, 0, 1, 0, 2, 0, 0, 3, 0, 1, 1, 0, 0, 0, 0, 1, 3, 0, 0, 1, 0, 2, 0, 0, 0, 0, 0, 1, 0, 1, 0, 1, 1, 0, 2, 0, 0, 0, 0, 0, 0, 0, 2, 0, 0, 1, 0, 0, 1, 0, 3, 0, 0, 0, 1, 2, 2, 0, 0, 0, 3, 0, 1, 0, 1, 0, 0, 3, 0, 0, 1, 0, 0],910.6016522559228,48424.554875013484,106661.9370408949,true
58,G3_TWC,G3_TWC,[31, 22, 42, 15, 26, 58, 95, 82, 77, 12, 47, 5, 93, 78, 98, 54, 85, 63, 18, 44, 20, 35, 43, 97, 91, 76, 10, 30, 21, 45, 71, 64, 1, 23, 17, 83, 24, 61, 60, 49, 6, 57, 94, 88, 65, 56, 79, 40, 67, 68, 46, 75, 0, 9, 19, 32, 81, 41, 27, 62, 87, 90, 99, 59, 53, 16, 72, 73, 70, 39, 37, 84, 3, 92, 25, 74, 28, 38, 51, 7, 11, 14, 86, 48, 89, 66, 50, 96, 33, 80, 8, 4, 34, 36, 55, 52, 13, 29, 69, 2]|[1, 1, 0, 1, 1, 1, 2, 1, 2, 1, 2, 2, 2, 1, 1, 0, 0, 1, 0, 2, 2, 0, 1, 2, 0, 1, 2, 2, 0, 0, 1, 2, 1, 0, 1, 0, 2, 0, 1, 1, 0, 1, 1, 1, 0, 2, 1, 1, 0, 0, 0, 0, 1, 1, 2, 1, 2, 0, 0, 0, 2, 1, 0, 1, 0, 1, 2, 1, 1, 1, 1, 1, 2, 0, 1, 2, 0, 0, 0, 1, 0, 1, 0, 0, 1, 0, 0, 0, 2, 0, 1, 0, 2, 0, 1, 1, 0, 0, 1, 0]|[4, 3, 2, 2, 0, 0, 2, 2, 2, 4, 1, 1, 2, 4, 4, 1, 1, 4, 2, 1, 1, 1, 1, 2, 1, 2, 1, 1, 1, 1, 3, 2, 3, 0, 4, 0, 1, 1, 0, 3, 2, 2, 4, 0, 1, 1, 3, 2, 0, 1, 2, 2, 1, 4, 0, 3, 2, 1, 1, 2, 1, 3, 1, 1, 2, 3, 0, 4, 3, 1, 4, 1, 1, 2, 4, 1, 2, 1, 1, 3, 2, 3, 1, 1, 1, 1, 1, 1, 1, 1, 3, 2, 1, 1, 4, 1, 2, 2, 3, 2]|[0, 2, 1, 1, 3, 3, 0, 1, 0, 0, 0, 0, 1, 0, 1, 0, 0, 3, 1, 0, 0, 0, 3, 1, 0, 2, 0, 0, 0, 1, 0, 0, 0, 0, 3, 0, 1, 0, 0, 2, 1, 1, 2, 0, 0, 0, 0, 1, 1, 0, 0, 0, 1, 3, 0, 0, 1, 0, 0, 1, 0, 2, 0, 1, 1, 2, 1, 0, 0, 1, 1, 3, 0, 1, 3, 0, 1, 0, 0, 2, 1, 0, 0, 0, 1, 0, 0, 0, 0, 0, 2, 1, 0, 1, 3, 1, 0, 0, 0, 0],843.7439659666079,57777.80974073964,86440.68470675517,false
58,G1_CMAX,G1_CMAX,[31, 22, 90, 26, 58, 95, 42, 12, 93, 5, 78, 86, 98, 18, 20, 35, 3, 97, 91, 76, 10, 85, 54, 45, 63, 71, 66, 1, 23, 17, 24, 60, 36, 6, 57, 15, 65, 56, 47, 79, 94, 67, 50, 46, 14, 75, 38, 9, 30, 19, 32, 81, 27, 92, 83, 87, 40, 99, 59, 11, 53, 16, 72, 77, 73, 70, 39, 37, 84, 43, 62, 25, 55, 28, 29, 51, 68, 82, 74, 61, 88, 21, 80, 89, 7, 69, 96, 41, 48, 4, 8, 34, 49, 52, 0, 44, 13, 2, 64, 33]|[1, 1, 1, 1, 0, 2, 1, 1, 2, 2, 2, 1, 0, 1, 2, 2, 1, 2, 0, 1, 2, 2, 2, 0, 0, 1, 2, 1, 2, 1, 2, 1, 1, 0, 1, 1, 0, 2, 2, 1, 1, 0, 0, 0, 0, 1, 1, 1, 1, 2, 1, 2, 2, 0, 0, 2, 1, 0, 0, 2, 0, 1, 2, 2, 1, 1, 1, 1, 1, 1, 0, 1, 1, 0, 0, 0, 0, 0, 2, 1, 1, 0, 0, 1, 1, 1, 2, 2, 0, 1, 1, 2, 0, 1, 0, 0, 0, 0, 2, 2]|[0, 4, 3, 0, 1, 1, 2, 4, 1, 1, 2, 4, 1, 4, 1, 1, 1, 2, 2, 2, 2, 1, 1, 1, 2, 3, 2, 3, 0, 4, 1, 0, 3, 2, 2, 2, 1, 1, 1, 0, 2, 0, 1, 2, 1, 3, 1, 4, 2, 0, 3, 2, 1, 2, 1, 1, 4, 1, 1, 1, 2, 3, 0, 2, 4, 3, 1, 4, 1, 1, 1, 4, 4, 2, 1, 1, 1, 2, 1, 3, 0, 1, 1, 1, 1, 3, 1, 1, 1, 4, 3, 1, 1, 1, 2, 2, 2, 2, 1, 1]|[3, 0, 2, 3, 0, 0, 1, 0, 0, 0, 1, 0, 0, 3, 0, 0, 1, 1, 1, 2, 1, 0, 0, 0, 0, 0, 0, 0, 0, 3, 1, 0, 2, 1, 1, 1, 0, 0, 0, 0, 1, 1, 0, 0, 0, 0, 1, 3, 2, 0, 0, 1, 0, 1, 0, 0, 2, 0, 0, 0, 1, 2, 1, 1, 0, 0, 1, 1, 3, 3, 0, 3, 3, 1, 0, 0, 0, 1, 0, 0, 0, 0, 0, 1, 2, 2, 0, 0, 0, 0, 2, 0, 1, 1, 0, 0, 0, 0, 0, 0],705.0470749739228,58445.79123614564,95781.2895945797,false
58,G4_BALANCED,G4_BALANCED,[20, 94, 82, 15, 26, 9, 95, 42, 77, 68, 47, 5, 93, 78, 86, 54, 85, 63, 18, 44, 31, 49, 36, 14, 74, 50, 53, 17, 21, 28, 11, 64, 3, 23, 30, 83, 24, 41, 40, 52, 65, 27, 90, 70, 39, 87, 48, 69, 99, 4, 46, 1, 13, 56, 97, 59, 45, 8, 73, 37, 35, 79, 71, 66, 76, 16, 60, 80, 58, 6, 67, 61, 33, 7, 57, 34, 12, 10, 32, 98, 96, 88, 43, 81, 91, 2, 84, 29, 92, 19, 51, 55, 89, 22, 72, 25, 38, 75, 62, 0]|[2, 1, 2, 1, 1, 2, 1, 1, 1, 1, 1, 0, 2, 2, 1, 2, 0, 0, 0, 2, 2, 1, 0, 2, 0, 2, 2, 1, 0, 1, 1, 1, 0, 0, 1, 0, 2, 1, 2, 2, 0, 0, 1, 1, 0, 2, 0, 2, 1, 0, 0, 2, 0, 2, 2, 0, 1, 1, 0, 0, 2, 1, 1, 2, 2, 2, 2, 2, 2, 1, 2, 1, 1, 2, 0, 1, 1, 1, 0, 0, 0, 1, 1, 1, 1, 0, 0, 1, 0, 1, 1, 0, 1, 2, 1, 1, 0, 2, 1, 0]|[0, 3, 0, 3, 4, 1, 4, 4, 4, 4, 3, 2, 1, 0, 2, 1, 1, 1, 2, 1, 1, 3, 0, 1, 0, 1, 1, 4, 1, 4, 3, 2, 2, 0, 4, 1, 1, 4, 1, 1, 2, 1, 4, 4, 1, 1, 0, 1, 3, 2, 2, 1, 2, 1, 1, 2, 4, 3, 0, 2, 1, 3, 3, 1, 1, 1, 1, 1, 1, 4, 1, 3, 4, 1, 2, 4, 3, 3, 2, 2, 2, 4, 4, 4, 3, 2, 2, 3, 2, 4, 3, 2, 4, 1, 4, 4, 2, 1, 3, 2]|[0, 2, 0, 0, 3, 0, 1, 3, 1, 0, 2, 0, 1, 0, 1, 0, 0, 0, 1, 0, 0, 2, 0, 0, 1, 0, 0, 3, 0, 1, 0, 2, 0, 0, 3, 0, 1, 1, 0, 0, 0, 0, 1, 3, 0, 0, 1, 0, 2, 0, 0, 0, 0, 0, 1, 0, 1, 0, 1, 1, 0, 2, 0, 0, 0, 0, 0, 0, 0, 2, 0, 0, 1, 0, 0, 1, 0, 3, 0, 0, 0, 1, 2, 2, 0, 0, 0, 3, 0, 1, 0, 0, 1, 0, 1, 3, 0, 0, 0, 0],904.4638574556285,48626.747966451934,106418.03837132154,false
58,G2_TEC,G4_BALANCED,[20, 94, 82, 15, 26, 9, 95, 42, 77, 68, 47, 5, 93, 78, 86, 54, 85, 63, 18, 44, 31, 49, 36, 14, 74, 50, 53, 17, 21, 28, 11, 64, 3, 23, 30, 83, 24, 41, 40, 52, 65, 27, 90, 70, 39, 87, 48, 69, 99, 4, 46, 1, 13, 56, 97, 59, 45, 8, 73, 37, 35, 79, 71, 66, 76, 16, 60, 80, 58, 6, 67, 61, 33, 7, 57, 34, 12, 10, 32, 98, 96, 88, 43, 81, 91, 2, 84, 29, 92, 19, 51, 89, 55, 75, 25, 22, 38, 72, 62, 0]|[2, 1, 2, 1, 1, 2, 1, 1, 1, 1, 1, 0, 2, 2, 1, 2, 0, 0, 0, 2, 2, 1, 0, 2, 0, 2, 2, 1, 0, 1, 1, 1, 0, 0, 1, 0, 2, 1, 2, 2, 0, 0, 1, 1, 0, 2, 0, 2, 1, 0, 0, 2, 0, 2, 2, 0, 1, 1, 0, 0, 2, 1, 1, 2, 2, 2, 2, 2, 2, 1, 2, 1, 1, 2, 0, 1, 1, 1, 0, 0, 0, 1, 1, 1, 1, 0, 0, 1, 0, 1, 1, 1, 0, 2, 1, 2, 0, 1, 1, 0]|[1, 3, 0, 3, 4, 1, 4, 4, 4, 4, 3, 2, 1, 0, 2, 1, 1, 1, 2, 1, 1, 3, 0, 1, 0, 1, 1, 4, 1, 4, 3, 2, 2, 0, 4, 1, 1, 4, 1, 1, 2, 1, 4, 4, 1, 1, 0, 1, 3, 2, 2, 1, 2, 1, 1, 2, 4, 3, 0, 2, 1, 3, 3, 1, 1, 1, 1, 1, 1, 4, 1, 3, 4, 1, 2, 4, 3, 3, 2, 2, 2, 4, 4, 4, 3, 2, 2, 3, 2, 4, 3, 4, 2, 1, 4, 1, 2, 4, 3, 2]|[0, 2, 0, 0, 3, 0, 1, 3, 1, 0, 2, 0, 1, 0, 1, 0, 0, 0, 1, 0, 0, 2, 0, 0, 1, 0, 0, 3, 0, 1, 0, 2, 0, 0, 3, 0, 1, 1, 0, 0, 0, 0, 1, 3, 0, 0, 1, 0, 2, 0, 0, 0, 0, 0, 1, 0, 1, 0, 1, 1, 0, 2, 0, 0, 0, 0, 0, 0, 0, 2, 0, 0, 1, 0, 0, 1, 0, 3, 0, 0, 0, 1, 2, 2, 0, 0, 0, 3, 0, 1, 0, 1, 0, 0, 3, 0, 0, 1, 0, 0],910.6016522559228,48424.554875013484,106661.9370408949,true
58,G3_TWC,G3_TWC,[31, 22, 42, 15, 26, 58, 95, 82, 77, 12, 47, 5, 93, 78, 98, 54, 85, 63, 18, 44, 20, 35, 43, 97, 91, 76, 10, 30, 21, 45, 71, 64, 1, 23, 17, 83, 24, 61, 60, 49, 6, 57, 94, 88, 65, 56, 79, 40, 67, 68, 46, 75, 0, 9, 19, 32, 81, 41, 27, 62, 87, 90, 99, 59, 53, 16, 72, 73, 70, 39, 37, 84, 3, 92, 25, 74, 28, 38, 51, 7, 11, 14, 86, 48, 89, 66, 50, 96, 33, 80, 8, 4, 34, 36, 55, 52, 13, 29, 69, 2]|[1, 1, 0, 1, 1, 1, 2, 1, 2, 1, 2, 2, 2, 1, 1, 0, 0, 1, 0, 2, 2, 0, 1, 2, 0, 1, 2, 2, 0, 0, 1, 2, 1, 0, 1, 0, 2, 0, 1, 1, 0, 1, 1, 1, 0, 2, 1, 1, 0, 0, 0, 0, 1, 1, 2, 1, 2, 0, 0, 0, 2, 1, 0, 1, 0, 1, 2, 1, 1, 1, 1, 1, 2, 0, 1, 2, 0, 0, 0, 1, 0, 1, 0, 0, 1, 0, 0, 0, 2, 0, 1, 0, 2, 0, 1, 1, 0, 0, 1, 0]|[4, 3, 2, 2, 0, 0, 2, 2, 2, 4, 1, 1, 2, 4, 4, 1, 1, 4, 2, 1, 1, 1, 1, 2, 1, 2, 1, 1, 1, 1, 3, 2, 3, 0, 4, 0, 1, 1, 0, 3, 2, 2, 4, 0, 1, 1, 3, 2, 0, 1, 2, 2, 1, 4, 0, 3, 2, 1, 1, 2, 1, 3, 1, 1, 2, 3, 0, 4, 3, 1, 4, 1, 1, 2, 4, 1, 2, 1, 1, 3, 2, 3, 1, 1, 1, 1, 1, 1, 1, 1, 3, 2, 1, 1, 4, 1, 2, 2, 3, 2]|[0, 2, 1, 1, 3, 3, 0, 1, 0, 0, 0, 0, 1, 0, 1, 0, 0, 3, 1, 0, 0, 0, 3, 1, 0, 2, 0, 0, 0, 1, 0, 0, 0, 0, 3, 0, 1, 0, 0, 2, 1, 1, 2, 0, 0, 0, 0, 1, 1, 0, 0, 0, 1, 3, 0, 0, 1, 0, 0, 1, 0, 2, 0, 1, 1, 2, 1, 0, 0, 1, 1, 3, 0, 1, 3, 0, 1, 0, 0, 2, 1, 0, 0, 0, 1, 0, 0, 0, 0, 0, 2, 1, 0, 1, 3, 1, 0, 0, 0, 0],843.7439659666079,57777.80974073964,86440.68470675517,false
58,G1_CMAX,G1_CMAX,[31, 22, 90, 26, 58, 95, 42, 12, 93, 5, 78, 86, 98, 18, 20, 35, 3, 97, 91, 76, 10, 85, 54, 45, 63, 71, 66, 1, 23, 17, 24, 60, 36, 6, 57, 15, 65, 56, 47, 79, 94, 67, 50, 46, 14, 75, 38, 9, 30, 19, 32, 81, 27, 92, 83, 87, 40, 99, 59, 11, 53, 16, 72, 77, 73, 70, 39, 37, 84, 43, 62, 25, 55, 28, 29, 51, 68, 82, 74, 61, 88, 21, 80, 89, 7, 69, 96, 41, 48, 4, 8, 34, 49, 52, 0, 44, 13, 2, 64, 33]|[1, 1, 1, 1, 0, 2, 1, 1, 2, 2, 2, 1, 0, 1, 2, 2, 1, 2, 0, 1, 2, 2, 2, 0, 0, 1, 2, 1, 2, 1, 2, 1, 1, 0, 1, 1, 0, 2, 2, 1, 1, 0, 0, 0, 0, 1, 1, 1, 1, 2, 1, 2, 2, 0, 0, 2, 1, 0, 0, 2, 0, 1, 2, 2, 1, 1, 1, 1, 1, 1, 0, 1, 1, 0, 0, 0, 0, 0, 2, 1, 1, 0, 0, 1, 1, 1, 2, 2, 0, 1, 1, 2, 0, 1, 0, 0, 0, 0, 2, 2]|[0, 4, 3, 0, 1, 1, 2, 4, 1, 1, 2, 4, 1, 4, 1, 1, 1, 2, 2, 2, 2, 1, 1, 1, 2, 3, 2, 3, 0, 4, 1, 0, 3, 2, 2, 2, 1, 1, 1, 0, 2, 0, 1, 2, 1, 3, 1, 4, 2, 0, 3, 2, 1, 2, 1, 1, 4, 1, 1, 1, 2, 3, 0, 2, 4, 3, 1, 4, 1, 1, 1, 4, 4, 2, 1, 1, 1, 2, 1, 3, 0, 1, 1, 1, 1, 3, 1, 1, 1, 4, 3, 1, 1, 1, 2, 2, 2, 2, 1, 1]|[3, 0, 2, 3, 0, 0, 1, 0, 0, 0, 1, 0, 0, 3, 0, 0, 1, 1, 1, 2, 1, 0, 0, 0, 0, 0, 0, 0, 0, 3, 1, 0, 2, 1, 1, 1, 0, 0, 0, 0, 1, 1, 0, 0, 0, 0, 1, 3, 2, 0, 0, 1, 0, 1, 0, 0, 2, 0, 0, 0, 1, 2, 1, 1, 0, 0, 1, 1, 3, 3, 0, 3, 3, 1, 0, 0, 0, 1, 0, 0, 0, 0, 0, 1, 2, 2, 0, 0, 0, 0, 2, 0, 1, 1, 0, 0, 0, 0, 0, 0],705.0470749739228,58445.79123614564,95781.2895945797,false
58,G4_BALANCED,G4_BALANCED,[20, 94, 82, 15, 26, 9, 95, 42, 77, 68, 47, 5, 93, 78, 86, 54, 85, 63, 18, 44, 31, 49, 36, 14, 74, 50, 53, 17, 21, 28, 11, 64, 3, 23, 30, 83, 24, 41, 40, 52, 65, 27, 90, 70, 39, 87, 48, 69, 99, 4, 46, 1, 13, 56, 97, 59, 45, 8, 73, 37, 35, 79, 71, 66, 76, 16, 60, 80, 58, 6, 67, 61, 33, 7, 57, 34, 12, 10, 32, 98, 96, 88, 43, 81, 91, 2, 84, 29, 92, 19, 51, 55, 89, 22, 72, 25, 38, 75, 62, 0]|[2, 1, 2, 1, 1, 2, 1, 1, 1, 1, 1, 0, 2, 2, 1, 2, 0, 0, 0, 2, 2, 1, 0, 2, 0, 2, 2, 1, 0, 1, 1, 1, 0, 0, 1, 0, 2, 1, 2, 2, 0, 0, 1, 1, 0, 2, 0, 2, 1, 0, 0, 2, 0, 2, 2, 0, 1, 1, 0, 0, 2, 1, 1, 2, 2, 2, 2, 2, 2, 1, 2, 1, 1, 2, 0, 1, 1, 1, 0, 0, 0, 1, 1, 1, 1, 0, 0, 1, 0, 1, 1, 0, 1, 2, 1, 1, 0, 2, 1, 0]|[0, 3, 0, 3, 4, 1, 4, 4, 4, 4, 3, 2, 1, 0, 2, 1, 1, 1, 2, 1, 1, 3, 0, 1, 0, 1, 1, 4, 1, 4, 3, 2, 2, 0, 4, 1, 1, 4, 1, 1, 2, 1, 4, 4, 1, 1, 0, 1, 3, 2, 2, 1, 2, 1, 1, 2, 4, 3, 0, 2, 1, 3, 3, 1, 1, 1, 1, 1, 1, 4, 1, 3, 4, 1, 2, 4, 3, 3, 2, 2, 2, 4, 4, 4, 3, 2, 2, 3, 2, 4, 3, 2, 4, 1, 4, 4, 2, 1, 3, 2]|[0, 2, 0, 0, 3, 0, 1, 3, 1, 0, 2, 0, 1, 0, 1, 0, 0, 0, 1, 0, 0, 2, 0, 0, 1, 0, 0, 3, 0, 1, 0, 2, 0, 0, 3, 0, 1, 1, 0, 0, 0, 0, 1, 3, 0, 0, 1, 0, 2, 0, 0, 0, 0, 0, 1, 0, 1, 0, 1, 1, 0, 2, 0, 0, 0, 0, 0, 0, 0, 2, 0, 0, 1, 0, 0, 1, 0, 3, 0, 0, 0, 1, 2, 2, 0, 0, 0, 3, 0, 1, 0, 0, 1, 0, 1, 3, 0, 0, 0, 0],904.4638574556285,48626.747966451934,106418.03837132154,false
58,G2_TEC,G4_BALANCED,[20, 94, 82, 15, 26, 9, 95, 42, 77, 68, 47, 5, 93, 78, 86, 54, 85, 63, 18, 44, 31, 49, 36, 14, 74, 50, 53, 17, 21, 28, 11, 64, 3, 23, 30, 83, 24, 41, 40, 52, 65, 27, 90, 70, 39, 87, 48, 69, 99, 4, 46, 1, 13, 56, 97, 59, 45, 8, 73, 37, 35, 79, 71, 66, 76, 16, 60, 80, 58, 6, 67, 61, 33, 7, 57, 34, 12, 10, 32, 98, 96, 88, 43, 81, 91, 2, 84, 29, 92, 19, 51, 89, 55, 75, 25, 22, 38, 72, 62, 0]|[2, 1, 2, 1, 1, 2, 1, 1, 1, 1, 1, 0, 2, 2, 1, 2, 0, 0, 0, 2, 2, 1, 0, 2, 0, 2, 2, 1, 0, 1, 1, 1, 0, 0, 1, 0, 2, 1, 2, 2, 0, 0, 1, 1, 0, 2, 0, 2, 1, 0, 0, 2, 0, 2, 2, 0, 1, 1, 0, 0, 2, 1, 1, 2, 2, 2, 2, 2, 2, 1, 2, 1, 1, 2, 0, 1, 1, 1, 0, 0, 0, 1, 1, 1, 1, 0, 0, 1, 0, 1, 1, 1, 0, 2, 1, 2, 0, 1, 1, 0]|[1, 3, 0, 3, 4, 1, 4, 4, 4, 4, 3, 2, 1, 0, 2, 1, 1, 1, 2, 1, 1, 3, 0, 1, 0, 1, 1, 4, 1, 4, 3, 2, 2, 0, 4, 1, 1, 4, 1, 1, 2, 1, 4, 4, 1, 1, 0, 1, 3, 2, 2, 1, 2, 1, 1, 2, 4, 3, 0, 2, 1, 3, 3, 1, 1, 1, 1, 1, 1, 4, 1, 3, 4, 1, 2, 4, 3, 3, 2, 2, 2, 4, 4, 4, 3, 2, 2, 3, 2, 4, 3, 4, 2, 1, 4, 1, 2, 4, 3, 2]|[0, 2, 0, 0, 3, 0, 1, 3, 1, 0, 2, 0, 1, 0, 1, 0, 0, 0, 1, 0, 0, 2, 0, 0, 1, 0, 0, 3, 0, 1, 0, 2, 0, 0, 3, 0, 1, 1, 0, 0, 0, 0, 1, 3, 0, 0, 1, 0, 2, 0, 0, 0, 0, 0, 1, 0, 1, 0, 1, 1, 0, 2, 0, 0, 0, 0, 0, 0, 0, 2, 0, 0, 1, 0, 0, 1, 0, 3, 0, 0, 0, 1, 2, 2, 0, 0, 0, 3, 0, 1, 0, 1, 0, 0, 3, 0, 0, 1, 0, 0],910.6016522559228,48424.554875013484,106661.9370408949,true
58,G3_TWC,G3_TWC,[31, 22, 42, 15, 26, 58, 95, 82, 77, 12, 47, 5, 93, 78, 98, 54, 85, 63, 18, 44, 20, 35, 43, 97, 91, 76, 10, 30, 21, 45, 71, 64, 1, 23, 17, 83, 24, 61, 60, 49, 6, 57, 94, 88, 65, 56, 79, 40, 67, 68, 46, 75, 0, 9, 19, 32, 81, 41, 27, 62, 87, 90, 99, 59, 53, 16, 72, 73, 70, 39, 37, 84, 3, 92, 25, 74, 28, 38, 51, 7, 11, 14, 86, 48, 89, 66, 50, 96, 33, 80, 8, 4, 34, 36, 55, 52, 13, 29, 69, 2]|[1, 1, 0, 1, 1, 1, 2, 1, 2, 1, 2, 2, 2, 1, 1, 0, 0, 1, 0, 2, 2, 0, 1, 2, 0, 1, 2, 2, 0, 0, 1, 2, 1, 0, 1, 0, 2, 0, 1, 1, 0, 1, 1, 1, 0, 2, 1, 1, 0, 0, 0, 0, 1, 1, 2, 1, 2, 0, 0, 0, 2, 1, 0, 1, 0, 1, 2, 1, 1, 1, 1, 1, 2, 0, 1, 2, 0, 0, 0, 1, 0, 1, 0, 0, 1, 0, 0, 0, 2, 0, 1, 0, 2, 0, 1, 1, 0, 0, 1, 0]|[4, 3, 2, 2, 0, 0, 2, 2, 2, 4, 1, 1, 2, 4, 4, 1, 1, 4, 2, 1, 1, 1, 1, 2, 1, 2, 1, 1, 1, 1, 3, 2, 3, 0, 4, 0, 1, 1, 0, 3, 2, 2, 4, 0, 1, 1, 3, 2, 0, 1, 2, 2, 1, 4, 0, 3, 2, 1, 1, 2, 1, 3, 1, 1, 2, 3, 0, 4, 3, 1, 4, 1, 1, 2, 4, 1, 2, 1, 1, 3, 2, 3, 1, 1, 1, 1, 1, 1, 1, 1, 3, 2, 1, 1, 4, 1, 2, 2, 3, 2]|[0, 2, 1, 1, 3, 3, 0, 1, 0, 0, 0, 0, 1, 0, 1, 0, 0, 3, 1, 0, 0, 0, 3, 1, 0, 2, 0, 0, 0, 1, 0, 0, 0, 0, 3, 0, 1, 0, 0, 2, 1, 1, 2, 0, 0, 0, 0, 1, 1, 0, 0, 0, 1, 3, 0, 0, 1, 0, 0, 1, 0, 2, 0, 1, 1, 2, 1, 0, 0, 1, 1, 3, 0, 1, 3, 0, 1, 0, 0, 2, 1, 0, 0, 0, 1, 0, 0, 0, 0, 0, 2, 1, 0, 1, 3, 1, 0, 0, 0, 0],843.7439659666079,57777.80974073964,86440.68470675517,false
58,G1_CMAX,G1_CMAX,[31, 22, 90, 26, 58, 95, 42, 12, 93, 5, 78, 86, 98, 18, 20, 35, 3, 97, 91, 76, 10, 85, 54, 45, 63, 71, 66, 1, 23, 17, 24, 60, 36, 6, 57, 15, 65, 56, 47, 79, 94, 67, 50, 46, 14, 75, 38, 9, 30, 19, 32, 81, 27, 92, 83, 87, 40, 99, 59, 11, 53, 16, 72, 77, 73, 70, 39, 37, 84, 43, 62, 25, 55, 28, 29, 51, 68, 82, 74, 61, 88, 21, 80, 89, 7, 69, 96, 41, 48, 4, 8, 34, 49, 52, 0, 44, 13, 2, 64, 33]|[1, 1, 1, 1, 0, 2, 1, 1, 2, 2, 2, 1, 0, 1, 2, 2, 1, 2, 0, 1, 2, 2, 2, 0, 0, 1, 2, 1, 2, 1, 2, 1, 1, 0, 1, 1, 0, 2, 2, 1, 1, 0, 0, 0, 0, 1, 1, 1, 1, 2, 1, 2, 2, 0, 0, 2, 1, 0, 0, 2, 0, 1, 2, 2, 1, 1, 1, 1, 1, 1, 0, 1, 1, 0, 0, 0, 0, 0, 2, 1, 1, 0, 0, 1, 1, 1, 2, 2, 0, 1, 1, 2, 0, 1, 0, 0, 0, 0, 2, 2]|[0, 4, 3, 0, 1, 1, 2, 4, 1, 1, 2, 4, 1, 4, 1, 1, 1, 2, 2, 2, 2, 1, 1, 1, 2, 3, 2, 3, 0, 4, 1, 0, 3, 2, 2, 2, 1, 1, 1, 0, 2, 0, 1, 2, 1, 3, 1, 4, 2, 0, 3, 2, 1, 2, 1, 1, 4, 1, 1, 1, 2, 3, 0, 2, 4, 3, 1, 4, 1, 1, 1, 4, 4, 2, 1, 1, 1, 2, 1, 3, 0, 1, 1, 1, 1, 3, 1, 1, 1, 4, 3, 1, 1, 1, 2, 2, 2, 2, 1, 1]|[3, 0, 2, 3, 0, 0, 1, 0, 0, 0, 1, 0, 0, 3, 0, 0, 1, 1, 1, 2, 1, 0, 0, 0, 0, 0, 0, 0, 0, 3, 1, 0, 2, 1, 1, 1, 0, 0, 0, 0, 1, 1, 0, 0, 0, 0, 1, 3, 2, 0, 0, 1, 0, 1, 0, 0, 2, 0, 0, 0, 1, 2, 1, 1, 0, 0, 1, 1, 3, 3, 0, 3, 3, 1, 0, 0, 0, 1, 0, 0, 0, 0, 0, 1, 2, 2, 0, 0, 0, 0, 2, 0, 1, 1, 0, 0, 0, 0, 0, 0],705.0470749739228,58445.79123614564,95781.2895945797,false
58,G4_BALANCED,G4_BALANCED,[20, 94, 82, 15, 26, 9, 95, 42, 77, 68, 47, 5, 93, 78, 86, 54, 85, 63, 18, 44, 31, 49, 36, 14, 74, 50, 53, 17, 21, 28, 11, 64, 3, 23, 30, 83, 24, 41, 40, 52, 65, 27, 90, 70, 39, 87, 48, 69, 99, 4, 46, 1, 13, 56, 97, 59, 45, 8, 73, 37, 35, 79, 71, 66, 76, 16, 60, 80, 58, 6, 67, 61, 33, 7, 57, 34, 12, 10, 32, 98, 96, 88, 43, 81, 91, 2, 84, 29, 92, 19, 51, 55, 89, 22, 72, 25, 38, 75, 62, 0]|[2, 1, 2, 1, 1, 2, 1, 1, 1, 1, 1, 0, 2, 2, 1, 2, 0, 0, 0, 2, 2, 1, 0, 2, 0, 2, 2, 1, 0, 1, 1, 1, 0, 0, 1, 0, 2, 1, 2, 2, 0, 0, 1, 1, 0, 2, 0, 2, 1, 0, 0, 2, 0, 2, 2, 0, 1, 1, 0, 0, 2, 1, 1, 2, 2, 2, 2, 2, 2, 1, 2, 1, 1, 2, 0, 1, 1, 1, 0, 0, 0, 1, 1, 1, 1, 0, 0, 1, 0, 1, 1, 0, 1, 2, 1, 1, 0, 2, 1, 0]|[0, 3, 0, 3, 4, 1, 4, 4, 4, 4, 3, 2, 1, 0, 2, 1, 1, 1, 2, 1, 1, 3, 0, 1, 0, 1, 1, 4, 1, 4, 3, 2, 2, 0, 4, 1, 1, 4, 1, 1, 2, 1, 4, 4, 1, 1, 0, 1, 3, 2, 2, 1, 2, 1, 1, 2, 4, 3, 0, 2, 1, 3, 3, 1, 1, 1, 1, 1, 1, 4, 1, 3, 4, 1, 2, 4, 3, 3, 2, 2, 2, 4, 4, 4, 3, 2, 2, 3, 2, 4, 3, 2, 4, 1, 4, 4, 2, 1, 3, 2]|[0, 2, 0, 0, 3, 0, 1, 3, 1, 0, 2, 0, 1, 0, 1, 0, 0, 0, 1, 0, 0, 2, 0, 0, 1, 0, 0, 3, 0, 1, 0, 2, 0, 0, 3, 0, 1, 1, 0, 0, 0, 0, 1, 3, 0, 0, 1, 0, 2, 0, 0, 0, 0, 0, 1, 0, 1, 0, 1, 1, 0, 2, 0, 0, 0, 0, 0, 0, 0, 2, 0, 0, 1, 0, 0, 1, 0, 3, 0, 0, 0, 1, 2, 2, 0, 0, 0, 3, 0, 1, 0, 0, 1, 0, 1, 3, 0, 0, 0, 0],904.4638574556285,48626.747966451934,106418.03837132154,false
58,G2_TEC,G4_BALANCED,[20, 94, 82, 15, 26, 9, 95, 42, 77, 68, 47, 5, 93, 78, 86, 54, 85, 63, 18, 44, 31, 49, 36, 14, 74, 50, 53, 17, 21, 28, 11, 64, 3, 23, 30, 83, 24, 41, 40, 52, 65, 27, 90, 70, 39, 87, 48, 69, 99, 4, 46, 1, 13, 56, 97, 59, 45, 8, 73, 37, 35, 79, 71, 66, 76, 16, 60, 80, 58, 6, 67, 61, 33, 7, 57, 34, 12, 32, 10, 38, 96, 88, 43, 81, 91, 2, 84, 29, 92, 19, 51, 55, 89, 75, 25, 22, 98, 72, 62, 0]|[2, 1, 2, 1, 1, 2, 1, 1, 1, 1, 1, 0, 2, 2, 1, 2, 0, 0, 0, 2, 2, 1, 0, 2, 0, 2, 2, 1, 0, 1, 1, 1, 0, 0, 1, 0, 2, 1, 2, 2, 0, 0, 1, 1, 0, 2, 0, 2, 1, 0, 0, 2, 0, 2, 2, 0, 1, 1, 0, 0, 2, 1, 1, 2, 2, 2, 2, 2, 2, 1, 2, 1, 1, 2, 0, 1, 1, 0, 1, 0, 0, 1, 1, 1, 1, 0, 0, 1, 0, 1, 1, 0, 1, 0, 1, 2, 2, 1, 1, 0]|[1, 3, 0, 3, 4, 1, 4, 4, 4, 4, 3, 2, 1, 0, 2, 1, 1, 1, 2, 1, 1, 3, 0, 1, 0, 1, 1, 4, 1, 4, 3, 2, 2, 0, 4, 1, 1, 4, 1, 1, 2, 1, 4, 4, 1, 1, 0, 1, 3, 2, 2, 1, 2, 1, 1, 2, 4, 3, 0, 2, 1, 3, 3, 1, 1, 1, 1, 1, 1, 4, 1, 3, 4, 1, 2, 4, 3, 2, 3, 2, 2, 4, 4, 4, 3, 2, 2, 3, 2, 4, 3, 2, 4, 2, 4, 1, 1, 4, 3, 2]|[0, 2, 0, 0, 3, 0, 1, 3, 1, 0, 2, 0, 1, 0, 1, 0, 0, 0, 1, 0, 0, 2, 0, 0, 1, 0, 0, 3, 0, 1, 0, 2, 0, 0, 3, 0, 1, 1, 0, 0, 0, 0, 1, 3, 0, 0, 1, 0, 2, 0, 0, 0, 0, 0, 1, 0, 1, 0, 1, 1, 0, 2, 0, 0, 0, 0, 0, 0, 0, 2, 0, 0, 1, 0, 0, 1, 0, 0, 3, 0, 0, 1, 2, 2, 0, 0, 0, 3, 0, 1, 0, 0, 1, 0, 3, 0, 0, 1, 0, 0],910.6016522559228,48414.55244339237,106657.9111807071,true
58,G3_TWC,G3_TWC,[31, 22, 42, 15, 26, 58, 95, 82, 77, 12, 47, 5, 93, 78, 98, 54, 85, 63, 18, 44, 20, 35, 43, 97, 91, 76, 10, 30, 21, 45, 71, 64, 1, 23, 17, 83, 24, 61, 60, 49, 6, 57, 94, 88, 65, 56, 79, 40, 67, 68, 46, 75, 0, 9, 19, 32, 81, 41, 27, 62, 87, 90, 99, 59, 53, 16, 72, 73, 70, 39, 37, 84, 3, 92, 25, 74, 28, 38, 51, 7, 11, 14, 86, 48, 89, 66, 50, 96, 33, 80, 8, 4, 34, 36, 55, 52, 13, 29, 69, 2]|[1, 1, 0, 1, 1, 1, 2, 1, 2, 1, 2, 2, 2, 1, 1, 0, 0, 1, 0, 2, 2, 0, 1, 2, 0, 1, 2, 2, 0, 0, 1, 2, 1, 0, 1, 0, 2, 0, 1, 1, 0, 1, 1, 1, 0, 2, 1, 1, 0, 0, 0, 0, 1, 1, 2, 1, 2, 0, 0, 0, 2, 1, 0, 1, 0, 1, 2, 1, 1, 1, 1, 1, 2, 0, 1, 2, 0, 0, 0, 1, 0, 1, 0, 0, 1, 0, 0, 0, 2, 0, 1, 0, 2, 0, 1, 1, 0, 0, 1, 0]|[4, 3, 2, 2, 0, 0, 2, 2, 2, 4, 1, 1, 2, 4, 4, 1, 1, 4, 2, 1, 1, 1, 1, 2, 1, 2, 1, 1, 1, 1, 3, 2, 3, 0, 4, 0, 1, 1, 0, 3, 2, 2, 4, 0, 1, 1, 3, 2, 0, 1, 2, 2, 1, 4, 0, 3, 2, 1, 1, 2, 1, 3, 1, 1, 2, 3, 0, 4, 3, 1, 4, 1, 1, 2, 4, 1, 2, 1, 1, 3, 2, 3, 1, 1, 1, 1, 1, 1, 1, 1, 3, 2, 1, 1, 4, 1, 2, 2, 3, 2]|[0, 2, 1, 1, 3, 3, 0, 1, 0, 0, 0, 0, 1, 0, 1, 0, 0, 3, 1, 0, 0, 0, 3, 1, 0, 2, 0, 0, 0, 1, 0, 0, 0, 0, 3, 0, 1, 0, 0, 2, 1, 1, 2, 0, 0, 0, 0, 1, 1, 0, 0, 0, 1, 3, 0, 0, 1, 0, 0, 1, 0, 2, 0, 1, 1, 2, 1, 0, 0, 1, 1, 3, 0, 1, 3, 0, 1, 0, 0, 2, 1, 0, 0, 0, 1, 0, 0, 0, 0, 0, 2, 1, 0, 1, 3, 1, 0, 0, 0, 0],843.7439659666079,57777.80974073964,86440.68470675517,false
58,G1_CMAX,G1_CMAX,[31, 22, 90, 26, 58, 95, 42, 12, 93, 5, 78, 86, 98, 18, 20, 35, 3, 97, 91, 76, 10, 85, 54, 45, 63, 71, 66, 1, 23, 17, 24, 60, 36, 6, 57, 15, 65, 56, 47, 79, 94, 67, 50, 46, 14, 75, 38, 9, 30, 19, 32, 81, 27, 92, 83, 87, 40, 99, 59, 11, 53, 16, 72, 77, 73, 70, 39, 37, 84, 43, 62, 25, 55, 28, 29, 51, 68, 82, 74, 61, 88, 21, 80, 89, 7, 69, 96, 41, 48, 4, 8, 34, 49, 52, 0, 44, 13, 2, 64, 33]|[1, 1, 1, 1, 0, 2, 1, 1, 2, 2, 2, 1, 0, 1, 2, 2, 1, 2, 0, 1, 2, 2, 2, 0, 0, 1, 2, 1, 2, 1, 2, 1, 1, 0, 1, 1, 0, 2, 2, 1, 1, 0, 0, 0, 0, 1, 1, 1, 1, 2, 1, 2, 2, 0, 0, 2, 1, 0, 0, 2, 0, 1, 2, 2, 1, 1, 1, 1, 1, 1, 0, 1, 1, 0, 0, 0, 0, 0, 2, 1, 1, 0, 0, 1, 1, 1, 2, 2, 0, 1, 1, 2, 0, 1, 0, 0, 0, 0, 2, 2]|[0, 4, 3, 0, 1, 1, 2, 4, 1, 1, 2, 4, 1, 4, 1, 1, 1, 2, 2, 2, 2, 1, 1, 1, 2, 3, 2, 3, 0, 4, 1, 0, 3, 2, 2, 2, 1, 1, 1, 0, 2, 0, 1, 2, 1, 3, 1, 4, 2, 0, 3, 2, 1, 2, 1, 1, 4, 1, 1, 1, 2, 3, 0, 2, 4, 3, 1, 4, 1, 1, 1, 4, 4, 2, 1, 1, 1, 2, 1, 3, 0, 1, 1, 1, 1, 3, 1, 1, 1, 4, 3, 1, 1, 1, 2, 2, 2, 2, 1, 1]|[3, 0, 2, 3, 0, 0, 1, 0, 0, 0, 1, 0, 0, 3, 0, 0, 1, 1, 1, 2, 1, 0, 0, 0, 0, 0, 0, 0, 0, 3, 1, 0, 2, 1, 1, 1, 0, 0, 0, 0, 1, 1, 0, 0, 0, 0, 1, 3, 2, 0, 0, 1, 0, 1, 0, 0, 2, 0, 0, 0, 1, 2, 1, 1, 0, 0, 1, 1, 3, 3, 0, 3, 3, 1, 0, 0, 0, 1, 0, 0, 0, 0, 0, 1, 2, 2, 0, 0, 0, 0, 2, 0, 1, 1, 0, 0, 0, 0, 0, 0],705.0470749739228,58445.79123614564,95781.2895945797,false
58,G4_BALANCED,G4_BALANCED,[20, 94, 82, 15, 26, 9, 95, 42, 77, 68, 47, 5, 93, 78, 86, 54, 85, 63, 18, 44, 31, 49, 36, 14, 74, 50, 53, 17, 21, 28, 11, 64, 3, 23, 30, 83, 24, 41, 40, 52, 65, 27, 90, 70, 39, 87, 48, 69, 99, 4, 46, 1, 13, 56, 97, 59, 45, 8, 73, 37, 35, 79, 71, 66, 76, 16, 60, 80, 58, 6, 67, 61, 33, 7, 57, 34, 12, 10, 32, 98, 96, 88, 43, 81, 91, 2, 84, 29, 92, 19, 51, 55, 89, 22, 72, 25, 38, 75, 62, 0]|[2, 1, 2, 1, 1, 2, 1, 1, 1, 1, 1, 0, 2, 2, 1, 2, 0, 0, 0, 2, 2, 1, 0, 2, 0, 2, 2, 1, 0, 1, 1, 1, 0, 0, 1, 0, 2, 1, 2, 2, 0, 0, 1, 1, 0, 2, 0, 2, 1, 0, 0, 2, 0, 2, 2, 0, 1, 1, 0, 0, 2, 1, 1, 2, 2, 2, 2, 2, 2, 1, 2, 1, 1, 2, 0, 1, 1, 1, 0, 0, 0, 1, 1, 1, 1, 0, 0, 1, 0, 1, 1, 0, 1, 2, 1, 1, 0, 2, 1, 0]|[0, 3, 0, 3, 4, 1, 4, 4, 4, 4, 3, 2, 1, 0, 2, 1, 1, 1, 2, 1, 1, 3, 0, 1, 0, 1, 1, 4, 1, 4, 3, 2, 2, 0, 4, 1, 1, 4, 1, 1, 2, 1, 4, 4, 1, 1, 0, 1, 3, 2, 2, 1, 2, 1, 1, 2, 4, 3, 0, 2, 1, 3, 3, 1, 1, 1, 1, 1, 1, 4, 1, 3, 4, 1, 2, 4, 3, 3, 2, 2, 2, 4, 4, 4, 3, 2, 2, 3, 2, 4, 3, 2, 4, 1, 4, 4, 2, 1, 3, 2]|[0, 2, 0, 0, 3, 0, 1, 3, 1, 0, 2, 0, 1, 0, 1, 0, 0, 0, 1, 0, 0, 2, 0, 0, 1, 0, 0, 3, 0, 1, 0, 2, 0, 0, 3, 0, 1, 1, 0, 0, 0, 0, 1, 3, 0, 0, 1, 0, 2, 0, 0, 0, 0, 0, 1, 0, 1, 0, 1, 1, 0, 2, 0, 0, 0, 0, 0, 0, 0, 2, 0, 0, 1, 0, 0, 1, 0, 3, 0, 0, 0, 1, 2, 2, 0, 0, 0, 3, 0, 1, 0, 0, 1, 0, 1, 3, 0, 0, 0, 0],904.4638574556285,48626.747966451934,106418.03837132154,false
58,G2_TEC,G4_BALANCED,[20, 94, 82, 15, 26, 9, 95, 42, 77, 68, 47, 5, 93, 78, 86, 54, 85, 63, 18, 44, 31, 49, 36, 14, 74, 50, 53, 17, 21, 28, 11, 64, 3, 23, 30, 83, 24, 41, 40, 52, 65, 27, 90, 70, 39, 87, 48, 69, 99, 4, 46, 1, 13, 56, 97, 59, 45, 8, 73, 37, 35, 79, 71, 66, 76, 16, 60, 80, 58, 6, 67, 61, 33, 7, 57, 34, 12, 32, 10, 38, 96, 88, 43, 81, 91, 2, 84, 29, 92, 19, 51, 55, 89, 75, 25, 22, 98, 72, 62, 0]|[2, 1, 2, 1, 1, 2, 1, 1, 1, 1, 1, 0, 2, 2, 1, 2, 0, 0, 0, 2, 2, 1, 0, 2, 0, 2, 2, 1, 0, 1, 1, 1, 0, 0, 1, 0, 2, 1, 2, 2, 0, 0, 1, 1, 0, 2, 0, 2, 1, 0, 0, 2, 0, 2, 2, 0, 1, 1, 0, 0, 2, 1, 1, 2, 2, 2, 2, 2, 2, 1, 2, 1, 1, 2, 0, 1, 1, 0, 1, 0, 0, 1, 1, 1, 1, 0, 0, 1, 0, 1, 1, 0, 1, 0, 1, 2, 2, 1, 1, 0]|[1, 3, 0, 3, 4, 1, 4, 4, 4, 4, 3, 2, 1, 0, 2, 1, 1, 1, 2, 1, 1, 3, 0, 1, 0, 1, 1, 4, 1, 4, 3, 2, 2, 0, 4, 1, 1, 4, 1, 1, 2, 1, 4, 4, 1, 1, 0, 1, 3, 2, 2, 1, 2, 1, 1, 2, 4, 3, 0, 2, 1, 3, 3, 1, 1, 1, 1, 1, 1, 4, 1, 3, 4, 1, 2, 4, 3, 2, 3, 2, 2, 4, 4, 4, 3, 2, 2, 3, 2, 4, 3, 2, 4, 2, 4, 1, 1, 4, 3, 2]|[0, 2, 0, 0, 3, 0, 1, 3, 1, 0, 2, 0, 1, 0, 1, 0, 0, 0, 1, 0, 0, 2, 0, 0, 1, 0, 0, 3, 0, 1, 0, 2, 0, 0, 3, 0, 1, 1, 0, 0, 0, 0, 1, 3, 0, 0, 1, 0, 2, 0, 0, 0, 0, 0, 1, 0, 1, 0, 1, 1, 0, 2, 0, 0, 0, 0, 0, 0, 0, 2, 0, 0, 1, 0, 0, 1, 0, 0, 3, 0, 0, 1, 2, 2, 0, 0, 0, 3, 0, 1, 0, 0, 1, 0, 3, 0, 0, 1, 0, 0],910.6016522559228,48414.55244339237,106657.9111807071,true
58,G3_TWC,G3_TWC,[31, 22, 42, 15, 26, 58, 95, 82, 77, 12, 47, 5, 93, 78, 98, 54, 85, 63, 18, 44, 20, 35, 43, 97, 91, 76, 10, 30, 21, 45, 71, 64, 1, 23, 17, 83, 24, 61, 60, 49, 6, 57, 94, 88, 65, 56, 79, 40, 67, 68, 46, 75, 0, 9, 19, 32, 81, 41, 27, 62, 87, 90, 99, 59, 53, 16, 72, 73, 70, 39, 37, 84, 3, 92, 25, 74, 28, 38, 51, 7, 11, 14, 86, 48, 89, 66, 50, 96, 33, 80, 8, 4, 34, 36, 55, 52, 13, 29, 69, 2]|[1, 1, 0, 1, 1, 1, 2, 1, 2, 1, 2, 2, 2, 1, 1, 0, 0, 1, 0, 2, 2, 0, 1, 2, 0, 1, 2, 2, 0, 0, 1, 2, 1, 0, 1, 0, 2, 0, 1, 1, 0, 1, 1, 1, 0, 2, 1, 1, 0, 0, 0, 0, 1, 1, 2, 1, 2, 0, 0, 0, 2, 1, 0, 1, 0, 1, 2, 1, 1, 1, 1, 1, 2, 0, 1, 2, 0, 0, 0, 1, 0, 1, 0, 0, 1, 0, 0, 0, 2, 0, 1, 0, 2, 0, 1, 1, 0, 0, 1, 0]|[4, 3, 2, 2, 0, 0, 2, 2, 2, 4, 1, 1, 2, 4, 4, 1, 1, 4, 2, 1, 1, 1, 1, 2, 1, 2, 1, 1, 1, 1, 3, 2, 3, 0, 4, 0, 1, 1, 0, 3, 2, 2, 4, 0, 1, 1, 3, 2, 0, 1, 2, 2, 1, 4, 0, 3, 2, 1, 1, 2, 1, 3, 1, 1, 2, 3, 0, 4, 3, 1, 4, 1, 1, 2, 4, 1, 2, 1, 1, 3, 2, 3, 1, 1, 1, 1, 1, 1, 1, 1, 3, 2, 1, 1, 4, 1, 2, 2, 3, 2]|[0, 2, 1, 1, 3, 3, 0, 1, 0, 0, 0, 0, 1, 0, 1, 0, 0, 3, 1, 0, 0, 0, 3, 1, 0, 2, 0, 0, 0, 1, 0, 0, 0, 0, 3, 0, 1, 0, 0, 2, 1, 1, 2, 0, 0, 0, 0, 1, 1, 0, 0, 0, 1, 3, 0, 0, 1, 0, 0, 1, 0, 2, 0, 1, 1, 2, 1, 0, 0, 1, 1, 3, 0, 1, 3, 0, 1, 0, 0, 2, 1, 0, 0, 0, 1, 0, 0, 0, 0, 0, 2, 1, 0, 1, 3, 1, 0, 0, 0, 0],843.7439659666079,57777.80974073964,86440.68470675517,false
58,G1_CMAX,G1_CMAX,[31, 22, 90, 26, 58, 95, 42, 12, 93, 5, 78, 86, 98, 18, 20, 35, 3, 97, 91, 76, 10, 85, 54, 45, 63, 71, 66, 1, 23, 17, 24, 60, 36, 6, 57, 15, 65, 56, 47, 79, 94, 67, 50, 46, 14, 75, 38, 9, 30, 19, 32, 81, 27, 92, 83, 87, 40, 99, 59, 11, 53, 16, 72, 77, 73, 70, 39, 37, 84, 43, 62, 25, 55, 28, 29, 51, 68, 82, 74, 61, 88, 21, 80, 89, 7, 69, 96, 41, 48, 4, 8, 34, 49, 52, 0, 44, 13, 2, 64, 33]|[1, 1, 1, 1, 0, 2, 1, 1, 2, 2, 2, 1, 0, 1, 2, 2, 1, 2, 0, 1, 2, 2, 2, 0, 0, 1, 2, 1, 2, 1, 2, 1, 1, 0, 1, 1, 0, 2, 2, 1, 1, 0, 0, 0, 0, 1, 1, 1, 1, 2, 1, 2, 2, 0, 0, 2, 1, 0, 0, 2, 0, 1, 2, 2, 1, 1, 1, 1, 1, 1, 0, 1, 1, 0, 0, 0, 0, 0, 2, 1, 1, 0, 0, 1, 1, 1, 2, 2, 0, 1, 1, 2, 0, 1, 0, 0, 0, 0, 2, 2]|[0, 4, 3, 0, 1, 1, 2, 4, 1, 1, 2, 4, 1, 4, 1, 1, 1, 2, 2, 2, 2, 1, 1, 1, 2, 3, 2, 3, 0, 4, 1, 0, 3, 2, 2, 2, 1, 1, 1, 0, 2, 0, 1, 2, 1, 3, 1, 4, 2, 0, 3, 2, 1, 2, 1, 1, 4, 1, 1, 1, 2, 3, 0, 2, 4, 3, 1, 4, 1, 1, 1, 4, 4, 2, 1, 1, 1, 2, 1, 3, 0, 1, 1, 1, 1, 3, 1, 1, 1, 4, 3, 1, 1, 1, 2, 2, 2, 2, 1, 1]|[3, 0, 2, 3, 0, 0, 1, 0, 0, 0, 1, 0, 0, 3, 0, 0, 1, 1, 1, 2, 1, 0, 0, 0, 0, 0, 0, 0, 0, 3, 1, 0, 2, 1, 1, 1, 0, 0, 0, 0, 1, 1, 0, 0, 0, 0, 1, 3, 2, 0, 0, 1, 0, 1, 0, 0, 2, 0, 0, 0, 1, 2, 1, 1, 0, 0, 1, 1, 3, 3, 0, 3, 3, 1, 0, 0, 0, 1, 0, 0, 0, 0, 0, 1, 2, 2, 0, 0, 0, 0, 2, 0, 1, 1, 0, 0, 0, 0, 0, 0],705.0470749739228,58445.79123614564,95781.2895945797,false
58,G4_BALANCED,G4_BALANCED,[20, 94, 82, 15, 26, 9, 95, 42, 77, 68, 47, 5, 93, 78, 86, 54, 85, 63, 18, 44, 31, 49, 36, 14, 74, 50, 53, 17, 21, 28, 11, 64, 3, 23, 30, 83, 24, 41, 40, 52, 65, 27, 90, 70, 39, 87, 48, 69, 99, 4, 46, 1, 13, 56, 97, 59, 45, 8, 73, 37, 35, 79, 71, 66, 76, 16, 60, 80, 58, 6, 67, 61, 33, 7, 57, 34, 12, 10, 32, 98, 96, 88, 43, 81, 91, 2, 84, 29, 92, 19, 51, 55, 89, 22, 72, 25, 38, 75, 62, 0]|[2, 1, 2, 1, 1, 2, 1, 1, 1, 1, 1, 0, 2, 2, 1, 2, 0, 0, 0, 2, 2, 1, 0, 2, 0, 2, 2, 1, 0, 1, 1, 1, 0, 0, 1, 0, 2, 1, 2, 2, 0, 0, 1, 1, 0, 2, 0, 2, 1, 0, 0, 2, 0, 2, 2, 0, 1, 1, 0, 0, 2, 1, 1, 2, 2, 2, 2, 2, 2, 1, 2, 1, 1, 2, 0, 1, 1, 1, 0, 0, 0, 1, 1, 1, 1, 0, 0, 1, 0, 1, 1, 0, 1, 2, 1, 1, 0, 2, 1, 0]|[0, 3, 0, 3, 4, 1, 4, 4, 4, 4, 3, 2, 1, 0, 2, 1, 1, 1, 2, 1, 1, 3, 0, 1, 0, 1, 1, 4, 1, 4, 3, 2, 2, 0, 4, 1, 1, 4, 1, 1, 2, 1, 4, 4, 1, 1, 0, 1, 3, 2, 2, 1, 2, 1, 1, 2, 4, 3, 0, 2, 1, 3, 3, 1, 1, 1, 1, 1, 1, 4, 1, 3, 4, 1, 2, 4, 3, 3, 2, 2, 2, 4, 4, 4, 3, 2, 2, 3, 2, 4, 3, 2, 4, 1, 4, 4, 2, 1, 3, 2]|[0, 2, 0, 0, 3, 0, 1, 3, 1, 0, 2, 0, 1, 0, 1, 0, 0, 0, 1, 0, 0, 2, 0, 0, 1, 0, 0, 3, 0, 1, 0, 2, 0, 0, 3, 0, 1, 1, 0, 0, 0, 0, 1, 3, 0, 0, 1, 0, 2, 0, 0, 0, 0, 0, 1, 0, 1, 0, 1, 1, 0, 2, 0, 0, 0, 0, 0, 0, 0, 2, 0, 0, 1, 0, 0, 1, 0, 3, 0, 0, 0, 1, 2, 2, 0, 0, 0, 3, 0, 1, 0, 0, 1, 0, 1, 3, 0, 0, 0, 0],904.4638574556285,48626.747966451934,106418.03837132154,false
58,G2_TEC,G4_BALANCED,[20, 94, 82, 15, 26, 9, 95, 42, 77, 68, 47, 5, 93, 78, 86, 54, 85, 63, 18, 44, 31, 49, 36, 14, 74, 50, 53, 17, 21, 28, 11, 64, 3, 23, 30, 83, 24, 41, 40, 52, 65, 27, 90, 70, 39, 87, 48, 69, 99, 4, 46, 1, 13, 56, 97, 59, 45, 8, 73, 37, 35, 79, 71, 66, 76, 16, 60, 80, 58, 6, 67, 61, 33, 7, 57, 34, 12, 32, 10, 38, 96, 88, 43, 81, 91, 2, 84, 29, 92, 19, 51, 55, 89, 75, 25, 22, 98, 72, 62, 0]|[2, 1, 2, 1, 1, 2, 1, 1, 1, 1, 1, 0, 2, 2, 1, 2, 0, 0, 0, 2, 2, 1, 0, 2, 0, 2, 2, 1, 0, 1, 1, 1, 0, 0, 1, 0, 2, 1, 2, 2, 0, 0, 1, 1, 0, 2, 0, 2, 1, 0, 0, 2, 0, 2, 2, 0, 1, 1, 0, 0, 2, 1, 1, 2, 2, 2, 2, 2, 2, 1, 2, 1, 1, 2, 0, 1, 1, 0, 1, 0, 0, 1, 1, 1, 1, 0, 0, 1, 0, 1, 1, 0, 1, 0, 1, 2, 2, 1, 1, 0]|[1, 3, 0, 3, 4, 1, 4, 4, 4, 4, 3, 2, 1, 0, 2, 1, 1, 1, 2, 1, 1, 3, 0, 1, 0, 1, 1, 4, 1, 4, 3, 2, 2, 0, 4, 1, 1, 4, 1, 1, 2, 1, 4, 4, 1, 1, 0, 1, 3, 2, 2, 1, 2, 1, 1, 2, 4, 3, 0, 2, 1, 3, 3, 1, 1, 1, 1, 1, 1, 4, 1, 3, 4, 1, 2, 4, 3, 2, 3, 2, 2, 4, 4, 4, 3, 2, 2, 3, 2, 4, 3, 2, 4, 2, 4, 1, 1, 4, 3, 2]|[0, 2, 0, 0, 3, 0, 1, 3, 1, 0, 2, 0, 1, 0, 1, 0, 0, 0, 1, 0, 0, 2, 0, 0, 1, 0, 0, 3, 0, 1, 0, 2, 0, 0, 3, 0, 1, 1, 0, 0, 0, 0, 1, 3, 0, 0, 1, 0, 2, 0, 0, 0, 0, 0, 1, 0, 1, 0, 1, 1, 0, 2, 0, 0, 0, 0, 0, 0, 0, 2, 0, 0, 1, 0, 0, 1, 0, 0, 3, 0, 0, 1, 2, 2, 0, 0, 0, 3, 0, 1, 0, 0, 1, 0, 3, 0, 0, 1, 0, 0],910.6016522559228,48414.55244339237,106657.9111807071,true
58,G3_TWC,G3_TWC,[31, 22, 42, 15, 26, 58, 95, 82, 77, 12, 47, 5, 93, 78, 98, 54, 85, 63, 18, 44, 20, 35, 43, 97, 91, 76, 10, 30, 21, 45, 71, 64, 1, 23, 17, 83, 24, 61, 60, 49, 6, 57, 94, 88, 65, 56, 79, 40, 67, 68, 46, 75, 0, 9, 19, 32, 81, 41, 27, 62, 87, 90, 99, 59, 53, 16, 72, 73, 70, 39, 37, 84, 3, 92, 25, 74, 28, 38, 51, 7, 11, 14, 86, 48, 89, 66, 50, 96, 33, 80, 8, 4, 34, 36, 55, 52, 13, 29, 69, 2]|[1, 1, 0, 1, 1, 1, 2, 1, 2, 1, 2, 2, 2, 1, 1, 0, 0, 1, 0, 2, 2, 0, 1, 2, 0, 1, 2, 2, 0, 0, 1, 2, 1, 0, 1, 0, 2, 0, 1, 1, 0, 1, 1, 1, 0, 2, 1, 1, 0, 0, 0, 0, 1, 1, 2, 1, 2, 0, 0, 0, 2, 1, 0, 1, 0, 1, 2, 1, 1, 1, 1, 1, 2, 0, 1, 2, 0, 0, 0, 1, 0, 1, 0, 0, 1, 0, 0, 0, 2, 0, 1, 0, 2, 0, 1, 1, 0, 0, 1, 0]|[4, 3, 2, 2, 0, 0, 2, 2, 2, 4, 1, 1, 2, 4, 4, 1, 1, 4, 2, 1, 1, 1, 1, 2, 1, 2, 1, 1, 1, 1, 3, 2, 3, 0, 4, 0, 1, 1, 0, 3, 2, 2, 4, 0, 1, 1, 3, 2, 0, 1, 2, 2, 1, 4, 0, 3, 2, 1, 1, 2, 1, 3, 1, 1, 2, 3, 0, 4, 3, 1, 4, 1, 1, 2, 4, 1, 2, 1, 1, 3, 2, 3, 1, 1, 1, 1, 1, 1, 1, 1, 3, 2, 1, 1, 4, 1, 2, 2, 3, 2]|[0, 2, 1, 1, 3, 3, 0, 1, 0, 0, 0, 0, 1, 0, 1, 0, 0, 3, 1, 0, 0, 0, 3, 1, 0, 2, 0, 0, 0, 1, 0, 0, 0, 0, 3, 0, 1, 0, 0, 2, 1, 1, 2, 0, 0, 0, 0, 1, 1, 0, 0, 0, 1, 3, 0, 0, 1, 0, 0, 1, 0, 2, 0, 1, 1, 2, 1, 0, 0, 1, 1, 3, 0, 1, 3, 0, 1, 0, 0, 2, 1, 0, 0, 0, 1, 0, 0, 0, 0, 0, 2, 1, 0, 1, 3, 1, 0, 0, 0, 0],843.7439659666079,57777.80974073964,86440.68470675517,false
58,G1_CMAX,G1_CMAX,[31, 22, 90, 26, 58, 95, 42, 12, 93, 5, 78, 86, 98, 18, 20, 35, 3, 97, 91, 76, 10, 85, 54, 45, 63, 71, 66, 1, 23, 17, 24, 60, 36, 6, 57, 15, 65, 56, 47, 79, 94, 67, 50, 46, 14, 75, 38, 9, 30, 19, 32, 81, 27, 92, 83, 87, 40, 99, 59, 11, 53, 16, 72, 77, 73, 70, 39, 37, 84, 43, 62, 25, 55, 28, 29, 51, 68, 82, 74, 61, 88, 21, 80, 89, 7, 69, 96, 41, 48, 4, 8, 34, 49, 52, 0, 44, 13, 2, 64, 33]|[1, 1, 1, 1, 0, 2, 1, 1, 2, 2, 2, 1, 0, 1, 2, 2, 1, 2, 0, 1, 2, 2, 2, 0, 0, 1, 2, 1, 2, 1, 2, 1, 1, 0, 1, 1, 0, 2, 2, 1, 1, 0, 0, 0, 0, 1, 1, 1, 1, 2, 1, 2, 2, 0, 0, 2, 1, 0, 0, 2, 0, 1, 2, 2, 1, 1, 1, 1, 1, 1, 0, 1, 1, 0, 0, 0, 0, 0, 2, 1, 1, 0, 0, 1, 1, 1, 2, 2, 0, 1, 1, 2, 0, 1, 0, 0, 0, 0, 2, 2]|[0, 4, 3, 0, 1, 1, 2, 4, 1, 1, 2, 4, 1, 4, 1, 1, 1, 2, 2, 2, 2, 1, 1, 1, 2, 3, 2, 3, 0, 4, 1, 0, 3, 2, 2, 2, 1, 1, 1, 0, 2, 0, 1, 2, 1, 3, 1, 4, 2, 0, 3, 2, 1, 2, 1, 1, 4, 1, 1, 1, 2, 3, 0, 2, 4, 3, 1, 4, 1, 1, 1, 4, 4, 2, 1, 1, 1, 2, 1, 3, 0, 1, 1, 1, 1, 3, 1, 1, 1, 4, 3, 1, 1, 1, 2, 2, 2, 2, 1, 1]|[3, 0, 2, 3, 0, 0, 1, 0, 0, 0, 1, 0, 0, 3, 0, 0, 1, 1, 1, 2, 1, 0, 0, 0, 0, 0, 0, 0, 0, 3, 1, 0, 2, 1, 1, 1, 0, 0, 0, 0, 1, 1, 0, 0, 0, 0, 1, 3, 2, 0, 0, 1, 0, 1, 0, 0, 2, 0, 0, 0, 1, 2, 1, 1, 0, 0, 1, 1, 3, 3, 0, 3, 3, 1, 0, 0, 0, 1, 0, 0, 0, 0, 0, 1, 2, 2, 0, 0, 0, 0, 2, 0, 1, 1, 0, 0, 0, 0, 0, 0],705.0470749739228,58445.79123614564,95781.2895945797,false
58,G4_BALANCED,G4_BALANCED,[20, 94, 82, 15, 26, 9, 95, 42, 77, 68, 47, 5, 93, 78, 86, 54, 85, 63, 18, 44, 31, 49, 36, 14, 74, 50, 53, 17, 21, 28, 11, 64, 3, 23, 30, 83, 24, 41, 40, 52, 65, 27, 90, 70, 39, 87, 48, 69, 99, 4, 46, 1, 13, 56, 97, 59, 45, 8, 73, 37, 35, 79, 71, 66, 76, 16, 60, 80, 58, 6, 67, 61, 33, 7, 57, 34, 12, 10, 32, 98, 96, 88, 43, 81, 91, 2, 84, 29, 92, 19, 51, 55, 89, 22, 72, 25, 38, 75, 62, 0]|[2, 1, 2, 1, 1, 2, 1, 1, 1, 1, 1, 0, 2, 2, 1, 2, 0, 0, 0, 2, 2, 1, 0, 2, 0, 2, 2, 1, 0, 1, 1, 1, 0, 0, 1, 0, 2, 1, 2, 2, 0, 0, 1, 1, 0, 2, 0, 2, 1, 0, 0, 2, 0, 2, 2, 0, 1, 1, 0, 0, 2, 1, 1, 2, 2, 2, 2, 2, 2, 1, 2, 1, 1, 2, 0, 1, 1, 1, 0, 0, 0, 1, 1, 1, 1, 0, 0, 1, 0, 1, 1, 0, 1, 2, 1, 1, 0, 2, 1, 0]|[0, 3, 0, 3, 4, 1, 4, 4, 4, 4, 3, 2, 1, 0, 2, 1, 1, 1, 2, 1, 1, 3, 0, 1, 0, 1, 1, 4, 1, 4, 3, 2, 2, 0, 4, 1, 1, 4, 1, 1, 2, 1, 4, 4, 1, 1, 0, 1, 3, 2, 2, 1, 2, 1, 1, 2, 4, 3, 0, 2, 1, 3, 3, 1, 1, 1, 1, 1, 1, 4, 1, 3, 4, 1, 2, 4, 3, 3, 2, 2, 2, 4, 4, 4, 3, 2, 2, 3, 2, 4, 3, 2, 4, 1, 4, 4, 2, 1, 3, 2]|[0, 2, 0, 0, 3, 0, 1, 3, 1, 0, 2, 0, 1, 0, 1, 0, 0, 0, 1, 0, 0, 2, 0, 0, 1, 0, 0, 3, 0, 1, 0, 2, 0, 0, 3, 0, 1, 1, 0, 0, 0, 0, 1, 3, 0, 0, 1, 0, 2, 0, 0, 0, 0, 0, 1, 0, 1, 0, 1, 1, 0, 2, 0, 0, 0, 0, 0, 0, 0, 2, 0, 0, 1, 0, 0, 1, 0, 3, 0, 0, 0, 1, 2, 2, 0, 0, 0, 3, 0, 1, 0, 0, 1, 0, 1, 3, 0, 0, 0, 0],904.4638574556285,48626.747966451934,106418.03837132154,false
58,G2_TEC,G4_BALANCED,[20, 94, 82, 15, 26, 9, 95, 42, 77, 68, 47, 5, 93, 78, 86, 54, 85, 63, 18, 44, 31, 49, 36, 14, 74, 50, 53, 17, 21, 28, 11, 64, 3, 23, 30, 83, 24, 41, 40, 52, 65, 27, 90, 70, 39, 87, 48, 69, 99, 4, 46, 1, 13, 56, 97, 59, 45, 8, 73, 37, 35, 79, 71, 66, 76, 16, 60, 80, 58, 6, 67, 61, 33, 7, 57, 34, 12, 32, 10, 38, 96, 88, 43, 81, 91, 2, 84, 29, 92, 19, 51, 55, 89, 75, 25, 22, 98, 72, 62, 0]|[2, 1, 2, 1, 1, 2, 1, 1, 1, 1, 1, 0, 2, 2, 1, 2, 0, 0, 0, 2, 2, 1, 0, 2, 0, 2, 2, 1, 0, 1, 1, 1, 0, 0, 1, 0, 2, 1, 2, 2, 0, 0, 1, 1, 0, 2, 0, 2, 1, 0, 0, 2, 0, 2, 2, 0, 1, 1, 0, 0, 2, 1, 1, 2, 2, 2, 2, 2, 2, 1, 2, 1, 1, 2, 0, 1, 1, 0, 1, 0, 0, 1, 1, 1, 1, 0, 0, 1, 0, 1, 1, 0, 1, 0, 1, 2, 2, 1, 1, 0]|[1, 3, 0, 3, 4, 1, 4, 4, 4, 4, 3, 2, 1, 0, 2, 1, 1, 1, 2, 1, 1, 3, 0, 1, 0, 1, 1, 4, 1, 4, 3, 2, 2, 0, 4, 1, 1, 4, 1, 1, 2, 1, 4, 4, 1, 1, 0, 1, 3, 2, 2, 1, 2, 1, 1, 2, 4, 3, 0, 2, 1, 3, 3, 1, 1, 1, 1, 1, 1, 4, 1, 3, 4, 1, 2, 4, 3, 2, 3, 2, 2, 4, 4, 4, 3, 2, 2, 3, 2, 4, 3, 2, 4, 2, 4, 1, 1, 4, 3, 2]|[0, 2, 0, 0, 3, 0, 1, 3, 1, 0, 2, 0, 1, 0, 1, 0, 0, 0, 1, 0, 0, 2, 0, 0, 1, 0, 0, 3, 0, 1, 0, 2, 0, 0, 3, 0, 1, 1, 0, 0, 0, 0, 1, 3, 0, 0, 1, 0, 2, 0, 0, 0, 0, 0, 1, 0, 1, 0, 1, 1, 0, 2, 0, 0, 0, 0, 0, 0, 0, 2, 0, 0, 1, 0, 0, 1, 0, 0, 3, 0, 0, 1, 2, 2, 0, 0, 0, 3, 0, 1, 0, 0, 1, 0, 3, 0, 0, 1, 0, 0],910.6016522559228,48414.55244339237,106657.9111807071,true
58,G3_TWC,G3_TWC,[31, 22, 42, 15, 26, 58, 95, 82, 77, 12, 47, 5, 93, 78, 98, 54, 85, 63, 18, 44, 20, 35, 43, 97, 91, 76, 10, 30, 21, 45, 71, 64, 1, 23, 17, 83, 24, 61, 60, 49, 6, 57, 94, 88, 65, 56, 79, 40, 67, 68, 46, 75, 0, 9, 19, 32, 81, 41, 27, 62, 87, 90, 99, 59, 53, 16, 72, 73, 70, 39, 37, 84, 3, 92, 25, 74, 28, 38, 51, 7, 11, 14, 86, 48, 89, 66, 50, 96, 33, 80, 8, 4, 34, 36, 55, 52, 13, 29, 69, 2]|[1, 1, 0, 1, 1, 1, 2, 1, 2, 1, 2, 2, 2, 1, 1, 0, 0, 1, 0, 2, 2, 0, 1, 2, 0, 1, 2, 2, 0, 0, 1, 2, 1, 0, 1, 0, 2, 0, 1, 1, 0, 1, 1, 1, 0, 2, 1, 1, 0, 0, 0, 0, 1, 1, 2, 1, 2, 0, 0, 0, 2, 1, 0, 1, 0, 1, 2, 1, 1, 1, 1, 1, 2, 0, 1, 2, 0, 0, 0, 1, 0, 1, 0, 0, 1, 0, 0, 0, 2, 0, 1, 0, 2, 0, 1, 1, 0, 0, 1, 0]|[4, 3, 2, 2, 0, 0, 2, 2, 2, 4, 1, 1, 2, 4, 4, 1, 1, 4, 2, 1, 1, 1, 1, 2, 1, 2, 1, 1, 1, 1, 3, 2, 3, 0, 4, 0, 1, 1, 0, 3, 2, 2, 4, 0, 1, 1, 3, 2, 0, 1, 2, 2, 1, 4, 0, 3, 2, 1, 1, 2, 1, 3, 1, 1, 2, 3, 0, 4, 3, 1, 4, 1, 1, 2, 4, 1, 2, 1, 1, 3, 2, 3, 1, 1, 1, 1, 1, 1, 1, 1, 3, 2, 1, 1, 4, 1, 2, 2, 3, 2]|[0, 2, 1, 1, 3, 3, 0, 1, 0, 0, 0, 0, 1, 0, 1, 0, 0, 3, 1, 0, 0, 0, 3, 1, 0, 2, 0, 0, 0, 1, 0, 0, 0, 0, 3, 0, 1, 0, 0, 2, 1, 1, 2, 0, 0, 0, 0, 1, 1, 0, 0, 0, 1, 3, 0, 0, 1, 0, 0, 1, 0, 2, 0, 1, 1, 2, 1, 0, 0, 1, 1, 3, 0, 1, 3, 0, 1, 0, 0, 2, 1, 0, 0, 0, 1, 0, 0, 0, 0, 0, 2, 1, 0, 1, 3, 1, 0, 0, 0, 0],843.7439659666079,57777.80974073964,86440.68470675517,false
58,G1_CMAX,G1_CMAX,[31, 22, 90, 26, 58, 95, 42, 12, 93, 5, 78, 86, 98, 18, 20, 35, 3, 97, 91, 76, 10, 85, 54, 45, 63, 71, 66, 1, 23, 17, 24, 60, 36, 6, 57, 15, 65, 56, 47, 79, 94, 67, 50, 46, 14, 75, 38, 9, 30, 19, 32, 81, 27, 92, 83, 87, 40, 99, 59, 11, 53, 16, 72, 77, 73, 70, 39, 37, 84, 43, 62, 25, 55, 28, 29, 51, 68, 82, 74, 61, 88, 21, 80, 89, 7, 69, 96, 41, 48, 4, 8, 34, 49, 52, 0, 44, 13, 2, 64, 33]|[1, 1, 1, 1, 0, 2, 1, 1, 2, 2, 2, 1, 0, 1, 2, 2, 1, 2, 0, 1, 2, 2, 2, 0, 0, 1, 2, 1, 2, 1, 2, 1, 1, 0, 1, 1, 0, 2, 2, 1, 1, 0, 0, 0, 0, 1, 1, 1, 1, 2, 1, 2, 2, 0, 0, 2, 1, 0, 0, 2, 0, 1, 2, 2, 1, 1, 1, 1, 1, 1, 0, 1, 1, 0, 0, 0, 0, 0, 2, 1, 1, 0, 0, 1, 1, 1, 2, 2, 0, 1, 1, 2, 0, 1, 0, 0, 0, 0, 2, 2]|[0, 4, 3, 0, 1, 1, 2, 4, 1, 1, 2, 4, 1, 4, 1, 1, 1, 2, 2, 2, 2, 1, 1, 1, 2, 3, 2, 3, 0, 4, 1, 0, 3, 2, 2, 2, 1, 1, 1, 0, 2, 0, 1, 2, 1, 3, 1, 4, 2, 0, 3, 2, 1, 2, 1, 1, 4, 1, 1, 1, 2, 3, 0, 2, 4, 3, 1, 4, 1, 1, 1, 4, 4, 2, 1, 1, 1, 2, 1, 3, 0, 1, 1, 1, 1, 3, 1, 1, 1, 4, 3, 1, 1, 1, 2, 2, 2, 2, 1, 1]|[3, 0, 2, 3, 0, 0, 1, 0, 0, 0, 1, 0, 0, 3, 0, 0, 1, 1, 1, 2, 1, 0, 0, 0, 0, 0, 0, 0, 0, 3, 1, 0, 2, 1, 1, 1, 0, 0, 0, 0, 1, 1, 0, 0, 0, 0, 1, 3, 2, 0, 0, 1, 0, 1, 0, 0, 2, 0, 0, 0, 1, 2, 1, 1, 0, 0, 1, 1, 3, 3, 0, 3, 3, 1, 0, 0, 0, 1, 0, 0, 0, 0, 0, 1, 2, 2, 0, 0, 0, 0, 2, 0, 1, 1, 0, 0, 0, 0, 0, 0],705.0470749739228,58445.79123614564,95781.2895945797,false
58,G4_BALANCED,G4_BALANCED,[20, 94, 82, 15, 26, 9, 95, 42, 77, 68, 47, 5, 93, 78, 86, 54, 85, 63, 18, 44, 31, 49, 36, 14, 74, 50, 53, 17, 21, 28, 11, 64, 3, 23, 30, 83, 24, 41, 40, 52, 65, 27, 90, 70, 39, 87, 48, 69, 99, 4, 46, 1, 13, 56, 97, 59, 45, 8, 73, 37, 35, 79, 71, 66, 76, 16, 60, 80, 58, 6, 67, 61, 33, 7, 57, 34, 12, 10, 32, 98, 96, 88, 43, 81, 91, 2, 84, 29, 92, 19, 51, 55, 89, 22, 72, 25, 38, 75, 62, 0]|[2, 1, 2, 1, 1, 2, 1, 1, 1, 1, 1, 0, 2, 2, 1, 2, 0, 0, 0, 2, 2, 1, 0, 2, 0, 2, 2, 1, 0, 1, 1, 1, 0, 0, 1, 0, 2, 1, 2, 2, 0, 0, 1, 1, 0, 2, 0, 2, 1, 0, 0, 2, 0, 2, 2, 0, 1, 1, 0, 0, 2, 1, 1, 2, 2, 2, 2, 2, 2, 1, 2, 1, 1, 2, 0, 1, 1, 1, 0, 0, 0, 1, 1, 1, 1, 0, 0, 1, 0, 1, 1, 0, 1, 2, 1, 1, 0, 2, 1, 0]|[0, 3, 0, 3, 4, 1, 4, 4, 4, 4, 3, 2, 1, 0, 2, 1, 1, 1, 2, 1, 1, 3, 0, 1, 0, 1, 1, 4, 1, 4, 3, 2, 2, 0, 4, 1, 1, 4, 1, 1, 2, 1, 4, 4, 1, 1, 0, 1, 3, 2, 2, 1, 2, 1, 1, 2, 4, 3, 0, 2, 1, 3, 3, 1, 1, 1, 1, 1, 1, 4, 1, 3, 4, 1, 2, 4, 3, 3, 2, 2, 2, 4, 4, 4, 3, 2, 2, 3, 2, 4, 3, 2, 4, 1, 4, 4, 2, 1, 3, 2]|[0, 2, 0, 0, 3, 0, 1, 3, 1, 0, 2, 0, 1, 0, 1, 0, 0, 0, 1, 0, 0, 2, 0, 0, 1, 0, 0, 3, 0, 1, 0, 2, 0, 0, 3, 0, 1, 1, 0, 0, 0, 0, 1, 3, 0, 0, 1, 0, 2, 0, 0, 0, 0, 0, 1, 0, 1, 0, 1, 1, 0, 2, 0, 0, 0, 0, 0, 0, 0, 2, 0, 0, 1, 0, 0, 1, 0, 3, 0, 0, 0, 1, 2, 2, 0, 0, 0, 3, 0, 1, 0, 0, 1, 0, 1, 3, 0, 0, 0, 0],904.4638574556285,48626.747966451934,106418.03837132154,false
58,G2_TEC,G4_BALANCED,[20, 94, 82, 15, 26, 9, 95, 42, 77, 68, 47, 5, 93, 78, 86, 54, 85, 63, 18, 44, 31, 49, 36, 14, 74, 50, 53, 17, 21, 28, 11, 64, 3, 23, 30, 83, 24, 41, 40, 52, 65, 27, 90, 70, 39, 87, 48, 69, 99, 4, 46, 1, 13, 56, 97, 59, 45, 8, 73, 37, 35, 79, 71, 66, 76, 16, 60, 80, 58, 6, 67, 61, 33, 7, 57, 34, 12, 32, 10, 38, 96, 88, 43, 81, 91, 2, 84, 29, 92, 19, 51, 55, 89, 75, 25, 22, 98, 72, 62, 0]|[2, 1, 2, 1, 1, 2, 1, 1, 1, 1, 1, 0, 2, 2, 1, 2, 0, 0, 0, 2, 2, 1, 0, 2, 0, 2, 2, 1, 0, 1, 1, 1, 0, 0, 1, 0, 2, 1, 2, 2, 0, 0, 1, 1, 0, 2, 0, 2, 1, 0, 0, 2, 0, 2, 2, 0, 1, 1, 0, 0, 2, 1, 1, 2, 2, 2, 2, 2, 2, 1, 2, 1, 1, 2, 0, 1, 1, 0, 1, 0, 0, 1, 1, 1, 1, 0, 0, 1, 0, 1, 1, 0, 1, 0, 1, 2, 2, 1, 1, 0]|[1, 3, 0, 3, 4, 1, 4, 4, 4, 4, 3, 2, 1, 0, 2, 1, 1, 1, 2, 1, 1, 3, 0, 1, 0, 1, 1, 4, 1, 4, 3, 2, 2, 0, 4, 1, 1, 4, 1, 1, 2, 1, 4, 4, 1, 1, 0, 1, 3, 2, 2, 1, 2, 1, 1, 2, 4, 3, 0, 2, 1, 3, 3, 1, 1, 1, 1, 1, 1, 4, 1, 3, 4, 1, 2, 4, 3, 2, 3, 2, 2, 4, 4, 4, 3, 2, 2, 3, 2, 4, 3, 2, 4, 2, 4, 1, 1, 4, 3, 2]|[0, 2, 0, 0, 3, 0, 1, 3, 1, 0, 2, 0, 1, 0, 1, 0, 0, 0, 1, 0, 0, 2, 0, 0, 1, 0, 0, 3, 0, 1, 0, 2, 0, 0, 3, 0, 1, 1, 0, 0, 0, 0, 1, 3, 0, 0, 1, 0, 2, 0, 0, 0, 0, 0, 1, 0, 1, 0, 1, 1, 0, 2, 0, 0, 0, 0, 0, 0, 0, 2, 0, 0, 1, 0, 0, 1, 0, 0, 3, 0, 0, 1, 2, 2, 0, 0, 0, 3, 0, 1, 0, 0, 1, 0, 3, 0, 0, 1, 0, 0],910.6016522559228,48414.55244339237,106657.9111807071,true
58,G3_TWC,G3_TWC,[31, 22, 42, 15, 26, 58, 95, 82, 77, 12, 47, 5, 93, 78, 98, 54, 85, 63, 18, 44, 20, 35, 43, 97, 91, 76, 10, 30, 21, 45, 71, 64, 1, 23, 17, 83, 24, 61, 60, 49, 6, 57, 94, 88, 65, 56, 79, 40, 67, 68, 46, 75, 0, 9, 19, 32, 81, 41, 27, 62, 87, 90, 99, 59, 53, 16, 72, 73, 70, 39, 37, 84, 3, 92, 25, 74, 28, 38, 51, 7, 11, 14, 86, 48, 89, 66, 50, 96, 33, 80, 8, 4, 34, 36, 55, 52, 13, 29, 69, 2]|[1, 1, 0, 1, 1, 1, 2, 1, 2, 1, 2, 2, 2, 1, 1, 0, 0, 1, 0, 2, 2, 0, 1, 2, 0, 1, 2, 2, 0, 0, 1, 2, 1, 0, 1, 0, 2, 0, 1, 1, 0, 1, 1, 1, 0, 2, 1, 1, 0, 0, 0, 0, 1, 1, 2, 1, 2, 0, 0, 0, 2, 1, 0, 1, 0, 1, 2, 1, 1, 1, 1, 1, 2, 0, 1, 2, 0, 0, 0, 1, 0, 1, 0, 0, 1, 0, 0, 0, 2, 0, 1, 0, 2, 0, 1, 1, 0, 0, 1, 0]|[4, 3, 2, 2, 0, 0, 2, 2, 2, 4, 1, 1, 2, 4, 4, 1, 1, 4, 2, 1, 1, 1, 1, 2, 1, 2, 1, 1, 1, 1, 3, 2, 3, 0, 4, 0, 1, 1, 0, 3, 2, 2, 4, 0, 1, 1, 3, 2, 0, 1, 2, 2, 1, 4, 0, 3, 2, 1, 1, 2, 1, 3, 1, 1, 2, 3, 0, 4, 3, 1, 4, 1, 1, 2, 4, 1, 2, 1, 1, 3, 2, 3, 1, 1, 1, 1, 1, 1, 1, 1, 3, 2, 1, 1, 4, 1, 2, 2, 3, 2]|[0, 2, 1, 1, 3, 3, 0, 1, 0, 0, 0, 0, 1, 0, 1, 0, 0, 3, 1, 0, 0, 0, 3, 1, 0, 2, 0, 0, 0, 1, 0, 0, 0, 0, 3, 0, 1, 0, 0, 2, 1, 1, 2, 0, 0, 0, 0, 1, 1, 0, 0, 0, 1, 3, 0, 0, 1, 0, 0, 1, 0, 2, 0, 1, 1, 2, 1, 0, 0, 1, 1, 3, 0, 1, 3, 0, 1, 0, 0, 2, 1, 0, 0, 0, 1, 0, 0, 0, 0, 0, 2, 1, 0, 1, 3, 1, 0, 0, 0, 0],843.7439659666079,57777.80974073964,86440.68470675517,false
58,G1_CMAX,G1_CMAX,[31, 22, 90, 26, 58, 95, 42, 12, 93, 5, 78, 86, 98, 18, 20, 35, 3, 97, 91, 76, 10, 85, 54, 45, 63, 71, 66, 1, 23, 17, 24, 60, 36, 6, 57, 15, 65, 56, 47, 79, 94, 67, 50, 46, 14, 75, 38, 9, 30, 19, 32, 81, 27, 92, 83, 87, 40, 99, 59, 11, 53, 16, 72, 77, 73, 70, 39, 37, 84, 43, 62, 25, 55, 28, 29, 51, 68, 82, 74, 61, 88, 21, 80, 89, 7, 69, 96, 41, 48, 4, 8, 34, 49, 52, 0, 44, 13, 2, 64, 33]|[1, 1, 1, 1, 0, 2, 1, 1, 2, 2, 2, 1, 0, 1, 2, 2, 1, 2, 0, 1, 2, 2, 2, 0, 0, 1, 2, 1, 2, 1, 2, 1, 1, 0, 1, 1, 0, 2, 2, 1, 1, 0, 0, 0, 0, 1, 1, 1, 1, 2, 1, 2, 2, 0, 0, 2, 1, 0, 0, 2, 0, 1, 2, 2, 1, 1, 1, 1, 1, 1, 0, 1, 1, 0, 0, 0, 0, 0, 2, 1, 1, 0, 0, 1, 1, 1, 2, 2, 0, 1, 1, 2, 0, 1, 0, 0, 0, 0, 2, 2]|[0, 4, 3, 0, 1, 1, 2, 4, 1, 1, 2, 4, 1, 4, 1, 1, 1, 2, 2, 2, 2, 1, 1, 1, 2, 3, 2, 3, 0, 4, 1, 0, 3, 2, 2, 2, 1, 1, 1, 0, 2, 0, 1, 2, 1, 3, 1, 4, 2, 0, 3, 2, 1, 2, 1, 1, 4, 1, 1, 1, 2, 3, 0, 2, 4, 3, 1, 4, 1, 1, 1, 4, 4, 2, 1, 1, 1, 2, 1, 3, 0, 1, 1, 1, 1, 3, 1, 1, 1, 4, 3, 1, 1, 1, 2, 2, 2, 2, 1, 1]|[3, 0, 2, 3, 0, 0, 1, 0, 0, 0, 1, 0, 0, 3, 0, 0, 1, 1, 1, 2, 1, 0, 0, 0, 0, 0, 0, 0, 0, 3, 1, 0, 2, 1, 1, 1, 0, 0, 0, 0, 1, 1, 0, 0, 0, 0, 1, 3, 2, 0, 0, 1, 0, 1, 0, 0, 2, 0, 0, 0, 1, 2, 1, 1, 0, 0, 1, 1, 3, 3, 0, 3, 3, 1, 0, 0, 0, 1, 0, 0, 0, 0, 0, 1, 2, 2, 0, 0, 0, 0, 2, 0, 1, 1, 0, 0, 0, 0, 0, 0],705.0470749739228,58445.79123614564,95781.2895945797,false
58,G4_BALANCED,G4_BALANCED,[20, 94, 82, 15, 26, 9, 95, 42, 77, 68, 47, 5, 93, 78, 86, 54, 85, 63, 18, 44, 31, 49, 36, 14, 74, 50, 53, 17, 21, 28, 11, 64, 3, 23, 30, 83, 24, 41, 40, 52, 65, 27, 90, 70, 39, 87, 48, 69, 99, 4, 46, 1, 13, 56, 97, 59, 45, 8, 73, 37, 35, 79, 71, 66, 76, 16, 60, 80, 58, 6, 67, 61, 33, 7, 57, 34, 12, 10, 32, 98, 96, 88, 43, 81, 91, 2, 84, 29, 92, 19, 51, 55, 89, 22, 72, 25, 38, 75, 62, 0]|[2, 1, 2, 1, 1, 2, 1, 1, 1, 1, 1, 0, 2, 2, 1, 2, 0, 0, 0, 2, 2, 1, 0, 2, 0, 2, 2, 1, 0, 1, 1, 1, 0, 0, 1, 0, 2, 1, 2, 2, 0, 0, 1, 1, 0, 2, 0, 2, 1, 0, 0, 2, 0, 2, 2, 0, 1, 1, 0, 0, 2, 1, 1, 2, 2, 2, 2, 2, 2, 1, 2, 1, 1, 2, 0, 1, 1, 1, 0, 0, 0, 1, 1, 1, 1, 0, 0, 1, 0, 1, 1, 0, 1, 2, 1, 1, 0, 2, 1, 0]|[0, 3, 0, 3, 4, 1, 4, 4, 4, 4, 3, 2, 1, 0, 2, 1, 1, 1, 2, 1, 1, 3, 0, 1, 0, 1, 1, 4, 1, 4, 3, 2, 2, 0, 4, 1, 1, 4, 1, 1, 2, 1, 4, 4, 1, 1, 0, 1, 3, 2, 2, 1, 2, 1, 1, 2, 4, 3, 0, 2, 1, 3, 3, 1, 1, 1, 1, 1, 1, 4, 1, 3, 4, 1, 2, 4, 3, 3, 2, 2, 2, 4, 4, 4, 3, 2, 2, 3, 2, 4, 3, 2, 4, 1, 4, 4, 2, 1, 3, 2]|[0, 2, 0, 0, 3, 0, 1, 3, 1, 0, 2, 0, 1, 0, 1, 0, 0, 0, 1, 0, 0, 2, 0, 0, 1, 0, 0, 3, 0, 1, 0, 2, 0, 0, 3, 0, 1, 1, 0, 0, 0, 0, 1, 3, 0, 0, 1, 0, 2, 0, 0, 0, 0, 0, 1, 0, 1, 0, 1, 1, 0, 2, 0, 0, 0, 0, 0, 0, 0, 2, 0, 0, 1, 0, 0, 1, 0, 3, 0, 0, 0, 1, 2, 2, 0, 0, 0, 3, 0, 1, 0, 0, 1, 0, 1, 3, 0, 0, 0, 0],904.4638574556285,48626.747966451934,106418.03837132154,false
58,G2_TEC,G4_BALANCED,[20, 94, 82, 15, 26, 9, 95, 42, 77, 68, 47, 5, 93, 78, 86, 54, 85, 63, 18, 44, 31, 49, 36, 14, 74, 50, 53, 17, 21, 28, 11, 64, 3, 23, 30, 83, 24, 41, 40, 52, 65, 27, 90, 70, 39, 87, 48, 69, 99, 4, 46, 1, 13, 56, 97, 59, 45, 8, 73, 37, 35, 79, 71, 66, 76, 16, 60, 80, 58, 6, 67, 61, 33, 7, 57, 34, 12, 32, 10, 38, 96, 88, 43, 81, 91, 2, 84, 29, 92, 19, 51, 55, 89, 75, 25, 22, 98, 72, 62, 0]|[2, 1, 2, 1, 1, 2, 1, 1, 1, 1, 1, 0, 2, 2, 1, 2, 0, 0, 0, 2, 2, 1, 0, 2, 0, 2, 2, 1, 0, 1, 1, 1, 0, 0, 1, 0, 2, 1, 2, 2, 0, 0, 1, 1, 0, 2, 0, 2, 1, 0, 0, 2, 0, 2, 2, 0, 1, 1, 0, 0, 2, 1, 1, 2, 2, 2, 2, 2, 2, 1, 2, 1, 1, 2, 0, 1, 1, 0, 1, 0, 0, 1, 1, 1, 1, 0, 0, 1, 0, 1, 1, 0, 1, 0, 1, 2, 2, 1, 1, 0]|[1, 3, 0, 3, 4, 1, 4, 4, 4, 4, 3, 2, 1, 0, 2, 1, 1, 1, 2, 1, 1, 3, 0, 1, 0, 1, 1, 4, 1, 4, 3, 2, 2, 0, 4, 1, 1, 4, 1, 1, 2, 1, 4, 4, 1, 1, 0, 1, 3, 2, 2, 1, 2, 1, 1, 2, 4, 3, 0, 2, 1, 3, 3, 1, 1, 1, 1, 1, 1, 4, 1, 3, 4, 1, 2, 4, 3, 2, 3, 2, 2, 4, 4, 4, 3, 2, 2, 3, 2, 4, 3, 2, 4, 2, 4, 1, 1, 4, 3, 2]|[0, 2, 0, 0, 3, 0, 1, 3, 1, 0, 2, 0, 1, 0, 1, 0, 0, 0, 1, 0, 0, 2, 0, 0, 1, 0, 0, 3, 0, 1, 0, 2, 0, 0, 3, 0, 1, 1, 0, 0, 0, 0, 1, 3, 0, 0, 1, 0, 2, 0, 0, 0, 0, 0, 1, 0, 1, 0, 1, 1, 0, 2, 0, 0, 0, 0, 0, 0, 0, 2, 0, 0, 1, 0, 0, 1, 0, 0, 3, 0, 0, 1, 2, 2, 0, 0, 0, 3, 0, 1, 0, 0, 1, 0, 3, 0, 0, 1, 0, 0],910.6016522559228,48414.55244339237,106657.9111807071,true
58,G3_TWC,G3_TWC,[31, 22, 42, 15, 26, 58, 95, 82, 77, 12, 47, 5, 93, 78, 98, 54, 85, 63, 18, 44, 20, 35, 43, 97, 91, 76, 10, 30, 21, 45, 71, 64, 1, 23, 17, 83, 24, 61, 60, 49, 6, 57, 94, 88, 65, 56, 79, 40, 67, 68, 46, 75, 0, 9, 19, 32, 81, 41, 27, 62, 87, 90, 99, 59, 53, 16, 72, 73, 70, 39, 37, 84, 3, 92, 25, 74, 28, 38, 51, 7, 11, 14, 86, 48, 89, 66, 50, 96, 33, 80, 8, 4, 34, 36, 55, 52, 13, 29, 69, 2]|[1, 1, 0, 1, 1, 1, 2, 1, 2, 1, 2, 2, 2, 1, 1, 0, 0, 1, 0, 2, 2, 0, 1, 2, 0, 1, 2, 2, 0, 0, 1, 2, 1, 0, 1, 0, 2, 0, 1, 1, 0, 1, 1, 1, 0, 2, 1, 1, 0, 0, 0, 0, 1, 1, 2, 1, 2, 0, 0, 0, 2, 1, 0, 1, 0, 1, 2, 1, 1, 1, 1, 1, 2, 0, 1, 2, 0, 0, 0, 1, 0, 1, 0, 0, 1, 0, 0, 0, 2, 0, 1, 0, 2, 0, 1, 1, 0, 0, 1, 0]|[4, 3, 2, 2, 0, 0, 2, 2, 2, 4, 1, 1, 2, 4, 4, 1, 1, 4, 2, 1, 1, 1, 1, 2, 1, 2, 1, 1, 1, 1, 3, 2, 3, 0, 4, 0, 1, 1, 0, 3, 2, 2, 4, 0, 1, 1, 3, 2, 0, 1, 2, 2, 1, 4, 0, 3, 2, 1, 1, 2, 1, 3, 1, 1, 2, 3, 0, 4, 3, 1, 4, 1, 1, 2, 4, 1, 2, 1, 1, 3, 2, 3, 1, 1, 1, 1, 1, 1, 1, 1, 3, 2, 1, 1, 4, 1, 2, 2, 3, 2]|[0, 2, 1, 1, 3, 3, 0, 1, 0, 0, 0, 0, 1, 0, 1, 0, 0, 3, 1, 0, 0, 0, 3, 1, 0, 2, 0, 0, 0, 1, 0, 0, 0, 0, 3, 0, 1, 0, 0, 2, 1, 1, 2, 0, 0, 0, 0, 1, 1, 0, 0, 0, 1, 3, 0, 0, 1, 0, 0, 1, 0, 2, 0, 1, 1, 2, 1, 0, 0, 1, 1, 3, 0, 1, 3, 0, 1, 0, 0, 2, 1, 0, 0, 0, 1, 0, 0, 0, 0, 0, 2, 1, 0, 1, 3, 1, 0, 0, 0, 0],843.7439659666079,57777.80974073964,86440.68470675517,false
58,G1_CMAX,G1_CMAX,[31, 22, 90, 26, 58, 95, 42, 12, 93, 5, 78, 86, 98, 18, 20, 35, 3, 97, 91, 76, 10, 85, 54, 45, 63, 71, 66, 1, 23, 17, 24, 60, 36, 6, 57, 15, 65, 56, 47, 79, 94, 67, 50, 46, 14, 75, 38, 9, 30, 19, 32, 81, 27, 92, 83, 87, 40, 99, 59, 11, 53, 16, 72, 77, 73, 70, 39, 37, 84, 43, 62, 25, 55, 28, 29, 51, 68, 82, 74, 61, 88, 21, 80, 89, 7, 69, 96, 41, 48, 4, 8, 34, 49, 52, 0, 44, 13, 2, 64, 33]|[1, 1, 1, 1, 0, 2, 1, 1, 2, 2, 2, 1, 0, 1, 2, 2, 1, 2, 0, 1, 2, 2, 2, 0, 0, 1, 2, 1, 2, 1, 2, 1, 1, 0, 1, 1, 0, 2, 2, 1, 1, 0, 0, 0, 0, 1, 1, 1, 1, 2, 1, 2, 2, 0, 0, 2, 1, 0, 0, 2, 0, 1, 2, 2, 1, 1, 1, 1, 1, 1, 0, 1, 1, 0, 0, 0, 0, 0, 2, 1, 1, 0, 0, 1, 1, 1, 2, 2, 0, 1, 1, 2, 0, 1, 0, 0, 0, 0, 2, 2]|[0, 4, 3, 0, 1, 1, 2, 4, 1, 1, 2, 4, 1, 4, 1, 1, 1, 2, 2, 2, 2, 1, 1, 1, 2, 3, 2, 3, 0, 4, 1, 0, 3, 2, 2, 2, 1, 1, 1, 0, 2, 0, 1, 2, 1, 3, 1, 4, 2, 0, 3, 2, 1, 2, 1, 1, 4, 1, 1, 1, 2, 3, 0, 2, 4, 3, 1, 4, 1, 1, 1, 4, 4, 2, 1, 1, 1, 2, 1, 3, 0, 1, 1, 1, 1, 3, 1, 1, 1, 4, 3, 1, 1, 1, 2, 2, 2, 2, 1, 1]|[3, 0, 2, 3, 0, 0, 1, 0, 0, 0, 1, 0, 0, 3, 0, 0, 1, 1, 1, 2, 1, 0, 0, 0, 0, 0, 0, 0, 0, 3, 1, 0, 2, 1, 1, 1, 0, 0, 0, 0, 1, 1, 0, 0, 0, 0, 1, 3, 2, 0, 0, 1, 0, 1, 0, 0, 2, 0, 0, 0, 1, 2, 1, 1, 0, 0, 1, 1, 3, 3, 0, 3, 3, 1, 0, 0, 0, 1, 0, 0, 0, 0, 0, 1, 2, 2, 0, 0, 0, 0, 2, 0, 1, 1, 0, 0, 0, 0, 0, 0],705.0470749739228,58445.79123614564,95781.2895945797,false
58,G4_BALANCED,G4_BALANCED,[20, 94, 82, 15, 26, 9, 95, 42, 77, 68, 47, 5, 93, 78, 86, 54, 85, 63, 18, 44, 31, 49, 36, 14, 74, 50, 53, 17, 21, 28, 11, 64, 3, 23, 30, 83, 24, 41, 40, 52, 65, 27, 90, 70, 39, 87, 48, 69, 99, 4, 46, 1, 13, 56, 97, 59, 45, 8, 73, 37, 35, 79, 71, 66, 76, 16, 60, 80, 58, 6, 67, 61, 33, 7, 57, 34, 12, 10, 32, 98, 96, 88, 43, 81, 91, 2, 84, 29, 92, 19, 51, 55, 89, 22, 72, 25, 38, 75, 62, 0]|[2, 1, 2, 1, 1, 2, 1, 1, 1, 1, 1, 0, 2, 2, 1, 2, 0, 0, 0, 2, 2, 1, 0, 2, 0, 2, 2, 1, 0, 1, 1, 1, 0, 0, 1, 0, 2, 1, 2, 2, 0, 0, 1, 1, 0, 2, 0, 2, 1, 0, 0, 2, 0, 2, 2, 0, 1, 1, 0, 0, 2, 1, 1, 2, 2, 2, 2, 2, 2, 1, 2, 1, 1, 2, 0, 1, 1, 1, 0, 0, 0, 1, 1, 1, 1, 0, 0, 1, 0, 1, 1, 0, 1, 2, 1, 1, 0, 2, 1, 0]|[0, 3, 0, 3, 4, 1, 4, 4, 4, 4, 3, 2, 1, 0, 2, 1, 1, 1, 2, 1, 1, 3, 0, 1, 0, 1, 1, 4, 1, 4, 3, 2, 2, 0, 4, 1, 1, 4, 1, 1, 2, 1, 4, 4, 1, 1, 0, 1, 3, 2, 2, 1, 2, 1, 1, 2, 4, 3, 0, 2, 1, 3, 3, 1, 1, 1, 1, 1, 1, 4, 1, 3, 4, 1, 2, 4, 3, 3, 2, 2, 2, 4, 4, 4, 3, 2, 2, 3, 2, 4, 3, 2, 4, 1, 4, 4, 2, 1, 3, 2]|[0, 2, 0, 0, 3, 0, 1, 3, 1, 0, 2, 0, 1, 0, 1, 0, 0, 0, 1, 0, 0, 2, 0, 0, 1, 0, 0, 3, 0, 1, 0, 2, 0, 0, 3, 0, 1, 1, 0, 0, 0, 0, 1, 3, 0, 0, 1, 0, 2, 0, 0, 0, 0, 0, 1, 0, 1, 0, 1, 1, 0, 2, 0, 0, 0, 0, 0, 0, 0, 2, 0, 0, 1, 0, 0, 1, 0, 3, 0, 0, 0, 1, 2, 2, 0, 0, 0, 3, 0, 1, 0, 0, 1, 0, 1, 3, 0, 0, 0, 0],904.4638574556285,48626.747966451934,106418.03837132154,false
58,G2_TEC,G4_BALANCED,[20, 94, 82, 15, 26, 9, 95, 42, 77, 68, 47, 5, 93, 78, 86, 54, 85, 63, 18, 44, 31, 49, 36, 14, 74, 50, 53, 17, 21, 28, 11, 64, 3, 23, 30, 83, 24, 41, 40, 52, 65, 27, 90, 70, 39, 87, 48, 69, 99, 4, 46, 1, 13, 56, 97, 59, 45, 8, 73, 37, 35, 79, 71, 66, 76, 16, 60, 80, 58, 6, 67, 61, 33, 7, 57, 34, 12, 32, 10, 38, 96, 88, 43, 81, 91, 2, 84, 29, 92, 19, 51, 55, 89, 75, 25, 22, 98, 72, 62, 0]|[2, 1, 2, 1, 1, 2, 1, 1, 1, 1, 1, 0, 2, 2, 1, 2, 0, 0, 0, 2, 2, 1, 0, 2, 0, 2, 2, 1, 0, 1, 1, 1, 0, 0, 1, 0, 2, 1, 2, 2, 0, 0, 1, 1, 0, 2, 0, 2, 1, 0, 0, 2, 0, 2, 2, 0, 1, 1, 0, 0, 2, 1, 1, 2, 2, 2, 2, 2, 2, 1, 2, 1, 1, 2, 0, 1, 1, 0, 1, 0, 0, 1, 1, 1, 1, 0, 0, 1, 0, 1, 1, 0, 1, 0, 1, 2, 2, 1, 1, 0]|[1, 3, 0, 3, 4, 1, 4, 4, 4, 4, 3, 2, 1, 0, 2, 1, 1, 1, 2, 1, 1, 3, 0, 1, 0, 1, 1, 4, 1, 4, 3, 2, 2, 0, 4, 1, 1, 4, 1, 1, 2, 1, 4, 4, 1, 1, 0, 1, 3, 2, 2, 1, 2, 1, 1, 2, 4, 3, 0, 2, 1, 3, 3, 1, 1, 1, 1, 1, 1, 4, 1, 3, 4, 1, 2, 4, 3, 2, 3, 2, 2, 4, 4, 4, 3, 2, 2, 3, 2, 4, 3, 2, 4, 2, 4, 1, 1, 4, 3, 2]|[0, 2, 0, 0, 3, 0, 1, 3, 1, 0, 2, 0, 1, 0, 1, 0, 0, 0, 1, 0, 0, 2, 0, 0, 1, 0, 0, 3, 0, 1, 0, 2, 0, 0, 3, 0, 1, 1, 0, 0, 0, 0, 1, 3, 0, 0, 1, 0, 2, 0, 0, 0, 0, 0, 1, 0, 1, 0, 1, 1, 0, 2, 0, 0, 0, 0, 0, 0, 0, 2, 0, 0, 1, 0, 0, 1, 0, 0, 3, 0, 0, 1, 2, 2, 0, 0, 0, 3, 0, 1, 0, 0, 1, 0, 3, 0, 0, 1, 0, 0],910.6016522559228,48414.55244339237,106657.9111807071,true
58,G3_TWC,G3_TWC,[31, 22, 42, 15, 26, 58, 95, 82, 77, 12, 47, 5, 93, 78, 98, 54, 85, 63, 18, 44, 20, 35, 43, 97, 91, 76, 10, 30, 21, 45, 71, 64, 1, 23, 17, 83, 24, 61, 60, 49, 6, 57, 94, 88, 65, 56, 79, 40, 67, 68, 46, 75, 0, 9, 19, 32, 81, 41, 27, 62, 87, 90, 99, 59, 53, 16, 72, 73, 70, 39, 37, 84, 3, 92, 25, 74, 28, 38, 51, 7, 11, 14, 86, 48, 89, 66, 50, 96, 33, 80, 8, 4, 34, 36, 55, 52, 13, 29, 69, 2]|[1, 1, 0, 1, 1, 1, 2, 1, 2, 1, 2, 2, 2, 1, 1, 0, 0, 1, 0, 2, 2, 0, 1, 2, 0, 1, 2, 2, 0, 0, 1, 2, 1, 0, 1, 0, 2, 0, 1, 1, 0, 1, 1, 1, 0, 2, 1, 1, 0, 0, 0, 0, 1, 1, 2, 1, 2, 0, 0, 0, 2, 1, 0, 1, 0, 1, 2, 1, 1, 1, 1, 1, 2, 0, 1, 2, 0, 0, 0, 1, 0, 1, 0, 0, 1, 0, 0, 0, 2, 0, 1, 0, 2, 0, 1, 1, 0, 0, 1, 0]|[4, 3, 2, 2, 0, 0, 2, 2, 2, 4, 1, 1, 2, 4, 4, 1, 1, 4, 2, 1, 1, 1, 1, 2, 1, 2, 1, 1, 1, 1, 3, 2, 3, 0, 4, 0, 1, 1, 0, 3, 2, 2, 4, 0, 1, 1, 3, 2, 0, 1, 2, 2, 1, 4, 0, 3, 2, 1, 1, 2, 1, 3, 1, 1, 2, 3, 0, 4, 3, 1, 4, 1, 1, 2, 4, 1, 2, 1, 1, 3, 2, 3, 1, 1, 1, 1, 1, 1, 1, 1, 3, 2, 1, 1, 4, 1, 2, 2, 3, 2]|[0, 2, 1, 1, 3, 3, 0, 1, 0, 0, 0, 0, 1, 0, 1, 0, 0, 3, 1, 0, 0, 0, 3, 1, 0, 2, 0, 0, 0, 1, 0, 0, 0, 0, 3, 0, 1, 0, 0, 2, 1, 1, 2, 0, 0, 0, 0, 1, 1, 0, 0, 0, 1, 3, 0, 0, 1, 0, 0, 1, 0, 2, 0, 1, 1, 2, 1, 0, 0, 1, 1, 3, 0, 1, 3, 0, 1, 0, 0, 2, 1, 0, 0, 0, 1, 0, 0, 0, 0, 0, 2, 1, 0, 1, 3, 1, 0, 0, 0, 0],843.7439659666079,57777.80974073964,86440.68470675517,false
58,G1_CMAX,G1_CMAX,[31, 22, 90, 26, 58, 95, 42, 12, 93, 5, 78, 86, 98, 18, 20, 35, 3, 97, 91, 76, 10, 85, 54, 45, 63, 71, 66, 1, 23, 17, 24, 60, 36, 6, 57, 15, 65, 56, 47, 79, 94, 67, 50, 46, 14, 75, 38, 9, 30, 19, 32, 81, 27, 92, 83, 87, 40, 99, 59, 11, 53, 16, 72, 77, 73, 70, 39, 37, 84, 43, 62, 25, 55, 28, 29, 51, 68, 82, 74, 61, 88, 21, 80, 89, 7, 69, 96, 41, 48, 4, 8, 34, 49, 52, 0, 44, 13, 2, 64, 33]|[1, 1, 1, 1, 0, 2, 1, 1, 2, 2, 2, 1, 0, 1, 2, 2, 1, 2, 0, 1, 2, 2, 2, 0, 0, 1, 2, 1, 2, 1, 2, 1, 1, 0, 1, 1, 0, 2, 2, 1, 1, 0, 0, 0, 0, 1, 1, 1, 1, 2, 1, 2, 2, 0, 0, 2, 1, 0, 0, 2, 0, 1, 2, 2, 1, 1, 1, 1, 1, 1, 0, 1, 1, 0, 0, 0, 0, 0, 2, 1, 1, 0, 0, 1, 1, 1, 2, 2, 0, 1, 1, 2, 0, 1, 0, 0, 0, 0, 2, 2]|[0, 4, 3, 0, 1, 1, 2, 4, 1, 1, 2, 4, 1, 4, 1, 1, 1, 2, 2, 2, 2, 1, 1, 1, 2, 3, 2, 3, 0, 4, 1, 0, 3, 2, 2, 2, 1, 1, 1, 0, 2, 0, 1, 2, 1, 3, 1, 4, 2, 0, 3, 2, 1, 2, 1, 1, 4, 1, 1, 1, 2, 3, 0, 2, 4, 3, 1, 4, 1, 1, 1, 4, 4, 2, 1, 1, 1, 2, 1, 3, 0, 1, 1, 1, 1, 3, 1, 1, 1, 4, 3, 1, 1, 1, 2, 2, 2, 2, 1, 1]|[3, 0, 2, 3, 0, 0, 1, 0, 0, 0, 1, 0, 0, 3, 0, 0, 1, 1, 1, 2, 1, 0, 0, 0, 0, 0, 0, 0, 0, 3, 1, 0, 2, 1, 1, 1, 0, 0, 0, 0, 1, 1, 0, 0, 0, 0, 1, 3, 2, 0, 0, 1, 0, 1, 0, 0, 2, 0, 0, 0, 1, 2, 1, 1, 0, 0, 1, 1, 3, 3, 0, 3, 3, 1, 0, 0, 0, 1, 0, 0, 0, 0, 0, 1, 2, 2, 0, 0, 0, 0, 2, 0, 1, 1, 0, 0, 0, 0, 0, 0],705.0470749739228,58445.79123614564,95781.2895945797,false
58,G4_BALANCED,G4_BALANCED,[20, 94, 82, 15, 26, 9, 95, 42, 77, 68, 47, 5, 93, 78, 86, 54, 85, 63, 18, 44, 31, 49, 36, 14, 74, 50, 53, 17, 21, 28, 11, 64, 3, 23, 30, 83, 24, 41, 40, 52, 65, 27, 90, 70, 39, 87, 48, 69, 99, 4, 46, 1, 13, 56, 97, 59, 45, 8, 73, 37, 35, 79, 71, 66, 76, 16, 60, 80, 58, 6, 67, 61, 33, 7, 57, 34, 12, 10, 32, 98, 96, 88, 43, 81, 91, 2, 84, 29, 92, 19, 51, 55, 89, 22, 72, 25, 38, 75, 62, 0]|[2, 1, 2, 1, 1, 2, 1, 1, 1, 1, 1, 0, 2, 2, 1, 2, 0, 0, 0, 2, 2, 1, 0, 2, 0, 2, 2, 1, 0, 1, 1, 1, 0, 0, 1, 0, 2, 1, 2, 2, 0, 0, 1, 1, 0, 2, 0, 2, 1, 0, 0, 2, 0, 2, 2, 0, 1, 1, 0, 0, 2, 1, 1, 2, 2, 2, 2, 2, 2, 1, 2, 1, 1, 2, 0, 1, 1, 1, 0, 0, 0, 1, 1, 1, 1, 0, 0, 1, 0, 1, 1, 0, 1, 2, 1, 1, 0, 2, 1, 0]|[0, 3, 0, 3, 4, 1, 4, 4, 4, 4, 3, 2, 1, 0, 2, 1, 1, 1, 2, 1, 1, 3, 0, 1, 0, 1, 1, 4, 1, 4, 3, 2, 2, 0, 4, 1, 1, 4, 1, 1, 2, 1, 4, 4, 1, 1, 0, 1, 3, 2, 2, 1, 2, 1, 1, 2, 4, 3, 0, 2, 1, 3, 3, 1, 1, 1, 1, 1, 1, 4, 1, 3, 4, 1, 2, 4, 3, 3, 2, 2, 2, 4, 4, 4, 3, 2, 2, 3, 2, 4, 3, 2, 4, 1, 4, 4, 2, 1, 3, 2]|[0, 2, 0, 0, 3, 0, 1, 3, 1, 0, 2, 0, 1, 0, 1, 0, 0, 0, 1, 0, 0, 2, 0, 0, 1, 0, 0, 3, 0, 1, 0, 2, 0, 0, 3, 0, 1, 1, 0, 0, 0, 0, 1, 3, 0, 0, 1, 0, 2, 0, 0, 0, 0, 0, 1, 0, 1, 0, 1, 1, 0, 2, 0, 0, 0, 0, 0, 0, 0, 2, 0, 0, 1, 0, 0, 1, 0, 3, 0, 0, 0, 1, 2, 2, 0, 0, 0, 3, 0, 1, 0, 0, 1, 0, 1, 3, 0, 0, 0, 0],904.4638574556285,48626.747966451934,106418.03837132154,false
58,G2_TEC,G4_BALANCED,[20, 94, 82, 15, 26, 9, 95, 42, 77, 68, 47, 5, 93, 78, 86, 54, 85, 63, 18, 44, 31, 49, 36, 14, 74, 50, 53, 17, 21, 28, 11, 64, 3, 23, 30, 83, 24, 41, 40, 52, 65, 27, 90, 70, 39, 87, 48, 69, 99, 4, 46, 1, 13, 56, 97, 59, 45, 8, 73, 37, 35, 79, 71, 66, 76, 16, 60, 80, 58, 6, 67, 61, 33, 7, 57, 34, 12, 32, 10, 38, 96, 88, 43, 81, 91, 2, 84, 29, 92, 19, 51, 55, 89, 75, 25, 22, 98, 72, 62, 0]|[2, 1, 2, 1, 1, 2, 1, 1, 1, 1, 1, 0, 2, 2, 1, 2, 0, 0, 0, 2, 2, 1, 0, 2, 0, 2, 2, 1, 0, 1, 1, 1, 0, 0, 1, 0, 2, 1, 2, 2, 0, 0, 1, 1, 0, 2, 0, 2, 1, 0, 0, 2, 0, 2, 2, 0, 1, 1, 0, 0, 2, 1, 1, 2, 2, 2, 2, 2, 2, 1, 2, 1, 1, 2, 0, 1, 1, 0, 1, 0, 0, 1, 1, 1, 1, 0, 0, 1, 0, 1, 1, 0, 1, 0, 1, 2, 2, 1, 1, 0]|[1, 3, 0, 3, 4, 1, 4, 4, 4, 4, 3, 2, 1, 0, 2, 1, 1, 1, 2, 1, 1, 3, 0, 1, 0, 1, 1, 4, 1, 4, 3, 2, 2, 0, 4, 1, 1, 4, 1, 1, 2, 1, 4, 4, 1, 1, 0, 1, 3, 2, 2, 1, 2, 1, 1, 2, 4, 3, 0, 2, 1, 3, 3, 1, 1, 1, 1, 1, 1, 4, 1, 3, 4, 1, 2, 4, 3, 2, 3, 2, 2, 4, 4, 4, 3, 2, 2, 3, 2, 4, 3, 2, 4, 2, 4, 1, 1, 4, 3, 2]|[0, 2, 0, 0, 3, 0, 1, 3, 1, 0, 2, 0, 1, 0, 1, 0, 0, 0, 1, 0, 0, 2, 0, 0, 1, 0, 0, 3, 0, 1, 0, 2, 0, 0, 3, 0, 1, 1, 0, 0, 0, 0, 1, 3, 0, 0, 1, 0, 2, 0, 0, 0, 0, 0, 1, 0, 1, 0, 1, 1, 0, 2, 0, 0, 0, 0, 0, 0, 0, 2, 0, 0, 1, 0, 0, 1, 0, 0, 3, 0, 0, 1, 2, 2, 0, 0, 0, 3, 0, 1, 0, 0, 1, 0, 3, 0, 0, 1, 0, 0],910.6016522559228,48414.55244339237,106657.9111807071,true
58,G3_TWC,G3_TWC,[31, 22, 42, 15, 26, 58, 95, 82, 77, 12, 47, 5, 93, 78, 98, 54, 85, 63, 18, 44, 20, 35, 43, 97, 91, 76, 10, 30, 21, 45, 71, 64, 1, 23, 17, 83, 24, 61, 60, 49, 6, 57, 94, 88, 65, 56, 79, 40, 67, 68, 46, 75, 0, 9, 19, 32, 81, 41, 27, 62, 87, 90, 99, 59, 53, 16, 72, 73, 70, 39, 37, 84, 3, 92, 25, 74, 28, 38, 51, 7, 11, 14, 86, 48, 89, 66, 50, 96, 33, 80, 8, 4, 34, 36, 55, 52, 13, 29, 69, 2]|[1, 1, 0, 1, 1, 1, 2, 1, 2, 1, 2, 2, 2, 1, 1, 0, 0, 1, 0, 2, 2, 0, 1, 2, 0, 1, 2, 2, 0, 0, 1, 2, 1, 0, 1, 0, 2, 0, 1, 1, 0, 1, 1, 1, 0, 2, 1, 1, 0, 0, 0, 0, 1, 1, 2, 1, 2, 0, 0, 0, 2, 1, 0, 1, 0, 1, 2, 1, 1, 1, 1, 1, 2, 0, 1, 2, 0, 0, 0, 1, 0, 1, 0, 0, 1, 0, 0, 0, 2, 0, 1, 0, 2, 0, 1, 1, 0, 0, 1, 0]|[4, 3, 2, 2, 0, 0, 2, 2, 2, 4, 1, 1, 2, 4, 4, 1, 1, 4, 2, 1, 1, 1, 1, 2, 1, 2, 1, 1, 1, 1, 3, 2, 3, 0, 4, 0, 1, 1, 0, 3, 2, 2, 4, 0, 1, 1, 3, 2, 0, 1, 2, 2, 1, 4, 0, 3, 2, 1, 1, 2, 1, 3, 1, 1, 2, 3, 0, 4, 3, 1, 4, 1, 1, 2, 4, 1, 2, 1, 1, 3, 2, 3, 1, 1, 1, 1, 1, 1, 1, 1, 3, 2, 1, 1, 4, 1, 2, 2, 3, 2]|[0, 2, 1, 1, 3, 3, 0, 1, 0, 0, 0, 0, 1, 0, 1, 0, 0, 3, 1, 0, 0, 0, 3, 1, 0, 2, 0, 0, 0, 1, 0, 0, 0, 0, 3, 0, 1, 0, 0, 2, 1, 1, 2, 0, 0, 0, 0, 1, 1, 0, 0, 0, 1, 3, 0, 0, 1, 0, 0, 1, 0, 2, 0, 1, 1, 2, 1, 0, 0, 1, 1, 3, 0, 1, 3, 0, 1, 0, 0, 2, 1, 0, 0, 0, 1, 0, 0, 0, 0, 0, 2, 1, 0, 1, 3, 1, 0, 0, 0, 0],843.7439659666079,57777.80974073964,86440.68470675517,false
58,G1_CMAX,G1_CMAX,[31, 22, 90, 26, 58, 95, 42, 12, 93, 5, 78, 86, 98, 18, 20, 35, 3, 97, 91, 76, 10, 85, 54, 45, 63, 71, 66, 1, 23, 17, 24, 60, 36, 6, 57, 15, 65, 56, 47, 79, 94, 67, 50, 46, 14, 75, 38, 9, 30, 19, 32, 81, 27, 92, 83, 87, 40, 99, 59, 11, 53, 16, 72, 77, 73, 70, 39, 37, 84, 43, 62, 25, 55, 28, 29, 51, 68, 82, 74, 61, 88, 21, 80, 89, 7, 69, 96, 41, 48, 4, 8, 34, 49, 52, 0, 44, 13, 2, 64, 33]|[1, 1, 1, 1, 0, 2, 1, 1, 2, 2, 2, 1, 0, 1, 2, 2, 1, 2, 0, 1, 2, 2, 2, 0, 0, 1, 2, 1, 2, 1, 2, 1, 1, 0, 1, 1, 0, 2, 2, 1, 1, 0, 0, 0, 0, 1, 1, 1, 1, 2, 1, 2, 2, 0, 0, 2, 1, 0, 0, 2, 0, 1, 2, 2, 1, 1, 1, 1, 1, 1, 0, 1, 1, 0, 0, 0, 0, 0, 2, 1, 1, 0, 0, 1, 1, 1, 2, 2, 0, 1, 1, 2, 0, 1, 0, 0, 0, 0, 2, 2]|[0, 4, 3, 0, 1, 1, 2, 4, 1, 1, 2, 4, 1, 4, 1, 1, 1, 2, 2, 2, 2, 1, 1, 1, 2, 3, 2, 3, 0, 4, 1, 0, 3, 2, 2, 2, 1, 1, 1, 0, 2, 0, 1, 2, 1, 3, 1, 4, 2, 0, 3, 2, 1, 2, 1, 1, 4, 1, 1, 1, 2, 3, 0, 2, 4, 3, 1, 4, 1, 1, 1, 4, 4, 2, 1, 1, 1, 2, 1, 3, 0, 1, 1, 1, 1, 3, 1, 1, 1, 4, 3, 1, 1, 1, 2, 2, 2, 2, 1, 1]|[3, 0, 2, 3, 0, 0, 1, 0, 0, 0, 1, 0, 0, 3, 0, 0, 1, 1, 1, 2, 1, 0, 0, 0, 0, 0, 0, 0, 0, 3, 1, 0, 2, 1, 1, 1, 0, 0, 0, 0, 1, 1, 0, 0, 0, 0, 1, 3, 2, 0, 0, 1, 0, 1, 0, 0, 2, 0, 0, 0, 1, 2, 1, 1, 0, 0, 1, 1, 3, 3, 0, 3, 3, 1, 0, 0, 0, 1, 0, 0, 0, 0, 0, 1, 2, 2, 0, 0, 0, 0, 2, 0, 1, 1, 0, 0, 0, 0, 0, 0],705.0470749739228,58445.79123614564,95781.2895945797,false
58,G4_BALANCED,G4_BALANCED,[20, 94, 82, 15, 26, 9, 95, 42, 77, 68, 47, 5, 93, 78, 86, 54, 85, 63, 18, 44, 31, 49, 36, 14, 74, 50, 53, 17, 21, 28, 11, 64, 3, 23, 30, 83, 24, 41, 40, 52, 65, 27, 90, 70, 39, 87, 48, 69, 99, 4, 46, 1, 13, 56, 97, 59, 45, 8, 73, 37, 35, 79, 71, 66, 76, 16, 60, 80, 58, 6, 67, 61, 33, 7, 57, 34, 12, 10, 32, 98, 96, 88, 43, 81, 91, 2, 84, 29, 92, 19, 51, 55, 89, 22, 72, 25, 38, 75, 62, 0]|[2, 1, 2, 1, 1, 2, 1, 1, 1, 1, 1, 0, 2, 2, 1, 2, 0, 0, 0, 2, 2, 1, 0, 2, 0, 2, 2, 1, 0, 1, 1, 1, 0, 0, 1, 0, 2, 1, 2, 2, 0, 0, 1, 1, 0, 2, 0, 2, 1, 0, 0, 2, 0, 2, 2, 0, 1, 1, 0, 0, 2, 1, 1, 2, 2, 2, 2, 2, 2, 1, 2, 1, 1, 2, 0, 1, 1, 1, 0, 0, 0, 1, 1, 1, 1, 0, 0, 1, 0, 1, 1, 0, 1, 2, 1, 1, 0, 2, 1, 0]|[0, 3, 0, 3, 4, 1, 4, 4, 4, 4, 3, 2, 1, 0, 2, 1, 1, 1, 2, 1, 1, 3, 0, 1, 0, 1, 1, 4, 1, 4, 3, 2, 2, 0, 4, 1, 1, 4, 1, 1, 2, 1, 4, 4, 1, 1, 0, 1, 3, 2, 2, 1, 2, 1, 1, 2, 4, 3, 0, 2, 1, 3, 3, 1, 1, 1, 1, 1, 1, 4, 1, 3, 4, 1, 2, 4, 3, 3, 2, 2, 2, 4, 4, 4, 3, 2, 2, 3, 2, 4, 3, 2, 4, 1, 4, 4, 2, 1, 3, 2]|[0, 2, 0, 0, 3, 0, 1, 3, 1, 0, 2, 0, 1, 0, 1, 0, 0, 0, 1, 0, 0, 2, 0, 0, 1, 0, 0, 3, 0, 1, 0, 2, 0, 0, 3, 0, 1, 1, 0, 0, 0, 0, 1, 3, 0, 0, 1, 0, 2, 0, 0, 0, 0, 0, 1, 0, 1, 0, 1, 1, 0, 2, 0, 0, 0, 0, 0, 0, 0, 2, 0, 0, 1, 0, 0, 1, 0, 3, 0, 0, 0, 1, 2, 2, 0, 0, 0, 3, 0, 1, 0, 0, 1, 0, 1, 3, 0, 0, 0, 0],904.4638574556285,48626.747966451934,106418.03837132154,false
58,G2_TEC,G4_BALANCED,[20, 94, 82, 15, 26, 9, 95, 42, 77, 68, 47, 5, 93, 78, 86, 54, 85, 63, 18, 44, 31, 49, 36, 14, 74, 50, 53, 17, 21, 28, 11, 64, 3, 23, 30, 83, 24, 41, 40, 52, 65, 27, 90, 70, 39, 87, 48, 69, 99, 4, 46, 1, 13, 56, 97, 59, 45, 8, 73, 37, 35, 79, 71, 66, 76, 16, 60, 80, 58, 6, 67, 61, 33, 7, 57, 34, 12, 32, 10, 38, 96, 88, 43, 81, 91, 2, 84, 29, 92, 19, 51, 55, 89, 75, 25, 22, 98, 72, 62, 0]|[2, 1, 2, 1, 1, 2, 1, 1, 1, 1, 1, 0, 2, 2, 1, 2, 0, 0, 0, 2, 2, 1, 0, 2, 0, 2, 2, 1, 0, 1, 1, 1, 0, 0, 1, 0, 2, 1, 2, 2, 0, 0, 1, 1, 0, 2, 0, 2, 1, 0, 0, 2, 0, 2, 2, 0, 1, 1, 0, 0, 2, 1, 1, 2, 2, 2, 2, 2, 2, 1, 2, 1, 1, 2, 0, 1, 1, 0, 1, 0, 0, 1, 1, 1, 1, 0, 0, 1, 0, 1, 1, 0, 1, 0, 1, 2, 2, 1, 1, 0]|[1, 3, 0, 3, 4, 1, 4, 4, 4, 4, 3, 2, 1, 0, 2, 1, 1, 1, 2, 1, 1, 3, 0, 1, 0, 1, 1, 4, 1, 4, 3, 2, 2, 0, 4, 1, 1, 4, 1, 1, 2, 1, 4, 4, 1, 1, 0, 1, 3, 2, 2, 1, 2, 1, 1, 2, 4, 3, 0, 2, 1, 3, 3, 1, 1, 1, 1, 1, 1, 4, 1, 3, 4, 1, 2, 4, 3, 2, 3, 2, 2, 4, 4, 4, 3, 2, 2, 3, 2, 4, 3, 2, 4, 2, 4, 1, 1, 4, 3, 2]|[0, 2, 0, 0, 3, 0, 1, 3, 1, 0, 2, 0, 1, 0, 1, 0, 0, 0, 1, 0, 0, 2, 0, 0, 1, 0, 0, 3, 0, 1, 0, 2, 0, 0, 3, 0, 1, 1, 0, 0, 0, 0, 1, 3, 0, 0, 1, 0, 2, 0, 0, 0, 0, 0, 1, 0, 1, 0, 1, 1, 0, 2, 0, 0, 0, 0, 0, 0, 0, 2, 0, 0, 1, 0, 0, 1, 0, 0, 3, 0, 0, 1, 2, 2, 0, 0, 0, 3, 0, 1, 0, 0, 1, 0, 3, 0, 0, 1, 0, 0],910.6016522559228,48414.55244339237,106657.9111807071,true
58,G3_TWC,G3_TWC,[31, 22, 42, 15, 26, 58, 95, 82, 77, 12, 47, 5, 93, 78, 98, 54, 85, 63, 18, 44, 20, 35, 43, 97, 91, 76, 10, 30, 21, 45, 71, 64, 1, 23, 17, 83, 24, 61, 60, 49, 6, 57, 94, 88, 65, 56, 79, 40, 67, 68, 46, 75, 0, 9, 19, 32, 81, 41, 27, 62, 87, 90, 99, 59, 53, 16, 72, 73, 70, 39, 37, 84, 3, 92, 25, 74, 28, 38, 51, 7, 11, 14, 86, 48, 89, 66, 50, 96, 33, 80, 8, 4, 34, 36, 55, 52, 13, 29, 69, 2]|[1, 1, 0, 1, 1, 1, 2, 1, 2, 1, 2, 2, 2, 1, 1, 0, 0, 1, 0, 2, 2, 0, 1, 2, 0, 1, 2, 2, 0, 0, 1, 2, 1, 0, 1, 0, 2, 0, 1, 1, 0, 1, 1, 1, 0, 2, 1, 1, 0, 0, 0, 0, 1, 1, 2, 1, 2, 0, 0, 0, 2, 1, 0, 1, 0, 1, 2, 1, 1, 1, 1, 1, 2, 0, 1, 2, 0, 0, 0, 1, 0, 1, 0, 0, 1, 0, 0, 0, 2, 0, 1, 0, 2, 0, 1, 1, 0, 0, 1, 0]|[4, 3, 2, 2, 0, 0, 2, 2, 2, 4, 1, 1, 2, 4, 4, 1, 1, 4, 2, 1, 1, 1, 1, 2, 1, 2, 1, 1, 1, 1, 3, 2, 3, 0, 4, 0, 1, 1, 0, 3, 2, 2, 4, 0, 1, 1, 3, 2, 0, 1, 2, 2, 1, 4, 0, 3, 2, 1, 1, 2, 1, 3, 1, 1, 2, 3, 0, 4, 3, 1, 4, 1, 1, 2, 4, 1, 2, 1, 1, 3, 2, 3, 1, 1, 1, 1, 1, 1, 1, 1, 3, 2, 1, 1, 4, 1, 2, 2, 3, 2]|[0, 2, 1, 1, 3, 3, 0, 1, 0, 0, 0, 0, 1, 0, 1, 0, 0, 3, 1, 0, 0, 0, 3, 1, 0, 2, 0, 0, 0, 1, 0, 0, 0, 0, 3, 0, 1, 0, 0, 2, 1, 1, 2, 0, 0, 0, 0, 1, 1, 0, 0, 0, 1, 3, 0, 0, 1, 0, 0, 1, 0, 2, 0, 1, 1, 2, 1, 0, 0, 1, 1, 3, 0, 1, 3, 0, 1, 0, 0, 2, 1, 0, 0, 0, 1, 0, 0, 0, 0, 0, 2, 1, 0, 1, 3, 1, 0, 0, 0, 0],843.7439659666079,57777.80974073964,86440.68470675517,false
58,G1_CMAX,G1_CMAX,[31, 22, 90, 26, 58, 95, 42, 12, 93, 5, 78, 86, 98, 18, 20, 35, 3, 97, 91, 76, 10, 85, 54, 45, 63, 71, 66, 1, 23, 17, 24, 60, 36, 6, 57, 15, 65, 56, 47, 79, 94, 67, 50, 46, 14, 75, 38, 9, 30, 19, 32, 81, 27, 92, 83, 87, 40, 99, 59, 11, 53, 16, 72, 77, 73, 70, 39, 37, 84, 43, 62, 25, 55, 28, 29, 51, 68, 82, 74, 61, 88, 21, 80, 89, 7, 69, 96, 41, 48, 4, 8, 34, 49, 52, 0, 44, 13, 2, 64, 33]|[1, 1, 1, 1, 0, 2, 1, 1, 2, 2, 2, 1, 0, 1, 2, 2, 1, 2, 0, 1, 2, 2, 2, 0, 0, 1, 2, 1, 2, 1, 2, 1, 1, 0, 1, 1, 0, 2, 2, 1, 1, 0, 0, 0, 0, 1, 1, 1, 1, 2, 1, 2, 2, 0, 0, 2, 1, 0, 0, 2, 0, 1, 2, 2, 1, 1, 1, 1, 1, 1, 0, 1, 1, 0, 0, 0, 0, 0, 2, 1, 1, 0, 0, 1, 1, 1, 2, 2, 0, 1, 1, 2, 0, 1, 0, 0, 0, 0, 2, 2]|[0, 4, 3, 0, 1, 1, 2, 4, 1, 1, 2, 4, 1, 4, 1, 1, 1, 2, 2, 2, 2, 1, 1, 1, 2, 3, 2, 3, 0, 4, 1, 0, 3, 2, 2, 2, 1, 1, 1, 0, 2, 0, 1, 2, 1, 3, 1, 4, 2, 0, 3, 2, 1, 2, 1, 1, 4, 1, 1, 1, 2, 3, 0, 2, 4, 3, 1, 4, 1, 1, 1, 4, 4, 2, 1, 1, 1, 2, 1, 3, 0, 1, 1, 1, 1, 3, 1, 1, 1, 4, 3, 1, 1, 1, 2, 2, 2, 2, 1, 1]|[3, 0, 2, 3, 0, 0, 1, 0, 0, 0, 1, 0, 0, 3, 0, 0, 1, 1, 1, 2, 1, 0, 0, 0, 0, 0, 0, 0, 0, 3, 1, 0, 2, 1, 1, 1, 0, 0, 0, 0, 1, 1, 0, 0, 0, 0, 1, 3, 2, 0, 0, 1, 0, 1, 0, 0, 2, 0, 0, 0, 1, 2, 1, 1, 0, 0, 1, 1, 3, 3, 0, 3, 3, 1, 0, 0, 0, 1, 0, 0, 0, 0, 0, 1, 2, 2, 0, 0, 0, 0, 2, 0, 1, 1, 0, 0, 0, 0, 0, 0],705.0470749739228,58445.79123614564,95781.2895945797,false
58,G4_BALANCED,G4_BALANCED,[20, 94, 82, 15, 26, 9, 95, 42, 77, 68, 47, 5, 93, 78, 86, 54, 85, 63, 18, 44, 31, 49, 36, 14, 74, 50, 53, 17, 21, 28, 11, 64, 3, 23, 30, 83, 24, 41, 40, 52, 65, 27, 90, 70, 39, 87, 48, 69, 99, 4, 46, 1, 13, 56, 97, 59, 45, 8, 73, 37, 35, 79, 71, 66, 76, 16, 60, 80, 58, 6, 67, 61, 33, 7, 57, 34, 12, 10, 32, 98, 96, 88, 43, 81, 91, 2, 84, 29, 92, 19, 51, 55, 89, 22, 72, 25, 38, 75, 62, 0]|[2, 1, 2, 1, 1, 2, 1, 1, 1, 1, 1, 0, 2, 2, 1, 2, 0, 0, 0, 2, 2, 1, 0, 2, 0, 2, 2, 1, 0, 1, 1, 1, 0, 0, 1, 0, 2, 1, 2, 2, 0, 0, 1, 1, 0, 2, 0, 2, 1, 0, 0, 2, 0, 2, 2, 0, 1, 1, 0, 0, 2, 1, 1, 2, 2, 2, 2, 2, 2, 1, 2, 1, 1, 2, 0, 1, 1, 1, 0, 0, 0, 1, 1, 1, 1, 0, 0, 1, 0, 1, 1, 0, 1, 2, 1, 1, 0, 2, 1, 0]|[0, 3, 0, 3, 4, 1, 4, 4, 4, 4, 3, 2, 1, 0, 2, 1, 1, 1, 2, 1, 1, 3, 0, 1, 0, 1, 1, 4, 1, 4, 3, 2, 2, 0, 4, 1, 1, 4, 1, 1, 2, 1, 4, 4, 1, 1, 0, 1, 3, 2, 2, 1, 2, 1, 1, 2, 4, 3, 0, 2, 1, 3, 3, 1, 1, 1, 1, 1, 1, 4, 1, 3, 4, 1, 2, 4, 3, 3, 2, 2, 2, 4, 4, 4, 3, 2, 2, 3, 2, 4, 3, 2, 4, 1, 4, 4, 2, 1, 3, 2]|[0, 2, 0, 0, 3, 0, 1, 3, 1, 0, 2, 0, 1, 0, 1, 0, 0, 0, 1, 0, 0, 2, 0, 0, 1, 0, 0, 3, 0, 1, 0, 2, 0, 0, 3, 0, 1, 1, 0, 0, 0, 0, 1, 3, 0, 0, 1, 0, 2, 0, 0, 0, 0, 0, 1, 0, 1, 0, 1, 1, 0, 2, 0, 0, 0, 0, 0, 0, 0, 2, 0, 0, 1, 0, 0, 1, 0, 3, 0, 0, 0, 1, 2, 2, 0, 0, 0, 3, 0, 1, 0, 0, 1, 0, 1, 3, 0, 0, 0, 0],904.4638574556285,48626.747966451934,106418.03837132154,false
58,G2_TEC,G4_BALANCED,[20, 94, 82, 15, 26, 9, 95, 42, 77, 68, 47, 5, 93, 78, 86, 54, 85, 63, 18, 44, 31, 49, 36, 14, 74, 50, 53, 17, 21, 28, 11, 64, 3, 23, 30, 83, 24, 41, 40, 52, 65, 27, 90, 70, 39, 87, 48, 69, 99, 4, 46, 1, 13, 56, 97, 59, 45, 8, 73, 37, 35, 79, 71, 66, 76, 16, 60, 80, 58, 6, 67, 61, 33, 7, 57, 34, 12, 32, 10, 38, 96, 88, 43, 81, 91, 2, 84, 29, 92, 19, 51, 55, 89, 75, 25, 22, 98, 72, 62, 0]|[2, 1, 2, 1, 1, 2, 1, 1, 1, 1, 1, 0, 2, 2, 1, 2, 0, 0, 0, 2, 2, 1, 0, 2, 0, 2, 2, 1, 0, 1, 1, 1, 0, 0, 1, 0, 2, 1, 2, 2, 0, 0, 1, 1, 0, 2, 0, 2, 1, 0, 0, 2, 0, 2, 2, 0, 1, 1, 0, 0, 2, 1, 1, 2, 2, 2, 2, 2, 2, 1, 2, 1, 1, 2, 0, 1, 1, 0, 1, 0, 0, 1, 1, 1, 1, 0, 0, 1, 0, 1, 1, 0, 1, 0, 1, 2, 2, 1, 1, 0]|[1, 3, 0, 3, 4, 1, 4, 4, 4, 4, 3, 2, 1, 0, 2, 1, 1, 1, 2, 1, 1, 3, 0, 1, 0, 1, 1, 4, 1, 4, 3, 2, 2, 0, 4, 1, 1, 4, 1, 1, 2, 1, 4, 4, 1, 1, 0, 1, 3, 2, 2, 1, 2, 1, 1, 2, 4, 3, 0, 2, 1, 3, 3, 1, 1, 1, 1, 1, 1, 4, 1, 3, 4, 1, 2, 4, 3, 2, 3, 2, 2, 4, 4, 4, 3, 2, 2, 3, 2, 4, 3, 2, 4, 2, 4, 1, 1, 4, 3, 2]|[0, 2, 0, 0, 3, 0, 1, 3, 1, 0, 2, 0, 1, 0, 1, 0, 0, 0, 1, 0, 0, 2, 0, 0, 1, 0, 0, 3, 0, 1, 0, 2, 0, 0, 3, 0, 1, 1, 0, 0, 0, 0, 1, 3, 0, 0, 1, 0, 2, 0, 0, 0, 0, 0, 1, 0, 1, 0, 1, 1, 0, 2, 0, 0, 0, 0, 0, 0, 0, 2, 0, 0, 1, 0, 0, 1, 0, 0, 3, 0, 0, 1, 2, 2, 0, 0, 0, 3, 0, 1, 0, 0, 1, 0, 3, 0, 0, 1, 0, 0],910.6016522559228,48414.55244339237,106657.9111807071,true
58,G3_TWC,G3_TWC,[31, 22, 42, 15, 26, 58, 95, 82, 77, 12, 47, 5, 93, 78, 98, 54, 85, 63, 18, 44, 20, 35, 43, 97, 91, 76, 10, 30, 21, 45, 71, 64, 1, 23, 17, 83, 24, 61, 60, 49, 6, 57, 94, 88, 65, 56, 79, 40, 67, 68, 46, 75, 0, 9, 19, 32, 81, 41, 27, 62, 87, 90, 99, 59, 53, 16, 72, 73, 70, 39, 37, 84, 3, 92, 25, 74, 28, 38, 51, 7, 11, 14, 86, 48, 89, 66, 50, 96, 33, 80, 8, 4, 34, 36, 55, 52, 13, 29, 69, 2]|[1, 1, 0, 1, 1, 1, 2, 1, 2, 1, 2, 2, 2, 1, 1, 0, 0, 1, 0, 2, 2, 0, 1, 2, 0, 1, 2, 2, 0, 0, 1, 2, 1, 0, 1, 0, 2, 0, 1, 1, 0, 1, 1, 1, 0, 2, 1, 1, 0, 0, 0, 0, 1, 1, 2, 1, 2, 0, 0, 0, 2, 1, 0, 1, 0, 1, 2, 1, 1, 1, 1, 1, 2, 0, 1, 2, 0, 0, 0, 1, 0, 1, 0, 0, 1, 0, 0, 0, 2, 0, 1, 0, 2, 0, 1, 1, 0, 0, 1, 0]|[4, 3, 2, 2, 0, 0, 2, 2, 2, 4, 1, 1, 2, 4, 4, 1, 1, 4, 2, 1, 1, 1, 1, 2, 1, 2, 1, 1, 1, 1, 3, 2, 3, 0, 4, 0, 1, 1, 0, 3, 2, 2, 4, 0, 1, 1, 3, 2, 0, 1, 2, 2, 1, 4, 0, 3, 2, 1, 1, 2, 1, 3, 1, 1, 2, 3, 0, 4, 3, 1, 4, 1, 1, 2, 4, 1, 2, 1, 1, 3, 2, 3, 1, 1, 1, 1, 1, 1, 1, 1, 3, 2, 1, 1, 4, 1, 2, 2, 3, 2]|[0, 2, 1, 1, 3, 3, 0, 1, 0, 0, 0, 0, 1, 0, 1, 0, 0, 3, 1, 0, 0, 0, 3, 1, 0, 2, 0, 0, 0, 1, 0, 0, 0, 0, 3, 0, 1, 0, 0, 2, 1, 1, 2, 0, 0, 0, 0, 1, 1, 0, 0, 0, 1, 3, 0, 0, 1, 0, 0, 1, 0, 2, 0, 1, 1, 2, 1, 0, 0, 1, 1, 3, 0, 1, 3, 0, 1, 0, 0, 2, 1, 0, 0, 0, 1, 0, 0, 0, 0, 0, 2, 1, 0, 1, 3, 1, 0, 0, 0, 0],843.7439659666079,57777.80974073964,86440.68470675517,false
58,G1_CMAX,G1_CMAX,[31, 22, 90, 26, 58, 95, 42, 12, 93, 5, 78, 86, 98, 18, 20, 35, 3, 97, 91, 76, 10, 85, 54, 45, 63, 71, 66, 1, 23, 17, 24, 60, 36, 6, 57, 15, 65, 56, 47, 79, 94, 67, 50, 46, 14, 75, 38, 9, 30, 19, 32, 81, 27, 92, 83, 87, 40, 99, 59, 11, 53, 16, 72, 77, 73, 70, 39, 37, 84, 43, 62, 25, 55, 28, 29, 51, 68, 82, 74, 61, 88, 21, 80, 89, 7, 69, 96, 41, 48, 4, 8, 34, 49, 52, 0, 44, 13, 2, 64, 33]|[1, 1, 1, 1, 0, 2, 1, 1, 2, 2, 2, 1, 0, 1, 2, 2, 1, 2, 0, 1, 2, 2, 2, 0, 0, 1, 2, 1, 2, 1, 2, 1, 1, 0, 1, 1, 0, 2, 2, 1, 1, 0, 0, 0, 0, 1, 1, 1, 1, 2, 1, 2, 2, 0, 0, 2, 1, 0, 0, 2, 0, 1, 2, 2, 1, 1, 1, 1, 1, 1, 0, 1, 1, 0, 0, 0, 0, 0, 2, 1, 1, 0, 0, 1, 1, 1, 2, 2, 0, 1, 1, 2, 0, 1, 0, 0, 0, 0, 2, 2]|[0, 4, 3, 0, 1, 1, 2, 4, 1, 1, 2, 4, 1, 4, 1, 1, 1, 2, 2, 2, 2, 1, 1, 1, 2, 3, 2, 3, 0, 4, 1, 0, 3, 2, 2, 2, 1, 1, 1, 0, 2, 0, 1, 2, 1, 3, 1, 4, 2, 0, 3, 2, 1, 2, 1, 1, 4, 1, 1, 1, 2, 3, 0, 2, 4, 3, 1, 4, 1, 1, 1, 4, 4, 2, 1, 1, 1, 2, 1, 3, 0, 1, 1, 1, 1, 3, 1, 1, 1, 4, 3, 1, 1, 1, 2, 2, 2, 2, 1, 1]|[3, 0, 2, 3, 0, 0, 1, 0, 0, 0, 1, 0, 0, 3, 0, 0, 1, 1, 1, 2, 1, 0, 0, 0, 0, 0, 0, 0, 0, 3, 1, 0, 2, 1, 1, 1, 0, 0, 0, 0, 1, 1, 0, 0, 0, 0, 1, 3, 2, 0, 0, 1, 0, 1, 0, 0, 2, 0, 0, 0, 1, 2, 1, 1, 0, 0, 1, 1, 3, 3, 0, 3, 3, 1, 0, 0, 0, 1, 0, 0, 0, 0, 0, 1, 2, 2, 0, 0, 0, 0, 2, 0, 1, 1, 0, 0, 0, 0, 0, 0],705.0470749739228,58445.79123614564,95781.2895945797,false
58,G4_BALANCED,G4_BALANCED,[20, 94, 82, 15, 26, 9, 95, 42, 77, 68, 47, 5, 93, 78, 86, 54, 85, 63, 18, 44, 31, 49, 36, 14, 74, 50, 53, 17, 21, 28, 11, 64, 3, 23, 30, 83, 24, 41, 40, 52, 65, 27, 90, 70, 39, 87, 48, 69, 99, 4, 46, 1, 13, 56, 97, 59, 45, 8, 73, 37, 35, 79, 71, 66, 76, 16, 60, 80, 58, 6, 67, 61, 33, 7, 57, 34, 12, 10, 32, 98, 96, 88, 43, 81, 91, 2, 84, 29, 92, 19, 51, 55, 89, 22, 72, 25, 38, 75, 62, 0]|[2, 1, 2, 1, 1, 2, 1, 1, 1, 1, 1, 0, 2, 2, 1, 2, 0, 0, 0, 2, 2, 1, 0, 2, 0, 2, 2, 1, 0, 1, 1, 1, 0, 0, 1, 0, 2, 1, 2, 2, 0, 0, 1, 1, 0, 2, 0, 2, 1, 0, 0, 2, 0, 2, 2, 0, 1, 1, 0, 0, 2, 1, 1, 2, 2, 2, 2, 2, 2, 1, 2, 1, 1, 2, 0, 1, 1, 1, 0, 0, 0, 1, 1, 1, 1, 0, 0, 1, 0, 1, 1, 0, 1, 2, 1, 1, 0, 2, 1, 0]|[0, 3, 0, 3, 4, 1, 4, 4, 4, 4, 3, 2, 1, 0, 2, 1, 1, 1, 2, 1, 1, 3, 0, 1, 0, 1, 1, 4, 1, 4, 3, 2, 2, 0, 4, 1, 1, 4, 1, 1, 2, 1, 4, 4, 1, 1, 0, 1, 3, 2, 2, 1, 2, 1, 1, 2, 4, 3, 0, 2, 1, 3, 3, 1, 1, 1, 1, 1, 1, 4, 1, 3, 4, 1, 2, 4, 3, 3, 2, 2, 2, 4, 4, 4, 3, 2, 2, 3, 2, 4, 3, 2, 4, 1, 4, 4, 2, 1, 3, 2]|[0, 2, 0, 0, 3, 0, 1, 3, 1, 0, 2, 0, 1, 0, 1, 0, 0, 0, 1, 0, 0, 2, 0, 0, 1, 0, 0, 3, 0, 1, 0, 2, 0, 0, 3, 0, 1, 1, 0, 0, 0, 0, 1, 3, 0, 0, 1, 0, 2, 0, 0, 0, 0, 0, 1, 0, 1, 0, 1, 1, 0, 2, 0, 0, 0, 0, 0, 0, 0, 2, 0, 0, 1, 0, 0, 1, 0, 3, 0, 0, 0, 1, 2, 2, 0, 0, 0, 3, 0, 1, 0, 0, 1, 0, 1, 3, 0, 0, 0, 0],904.4638574556285,48626.747966451934,106418.03837132154,false
58,G2_TEC,G4_BALANCED,[20, 94, 82, 15, 26, 9, 95, 42, 77, 68, 47, 5, 93, 78, 86, 54, 85, 63, 18, 44, 31, 49, 36, 14, 74, 50, 53, 17, 21, 28, 11, 64, 3, 23, 30, 83, 24, 41, 40, 52, 65, 27, 90, 70, 39, 87, 48, 69, 99, 4, 46, 1, 13, 56, 97, 59, 45, 8, 73, 37, 35, 79, 71, 66, 76, 16, 60, 80, 58, 6, 67, 61, 33, 7, 57, 34, 12, 32, 10, 38, 96, 88, 43, 81, 91, 2, 84, 29, 92, 19, 51, 55, 89, 75, 25, 22, 98, 72, 62, 0]|[2, 1, 2, 1, 1, 2, 1, 1, 1, 1, 1, 0, 2, 2, 1, 2, 0, 0, 0, 2, 2, 1, 0, 2, 0, 2, 2, 1, 0, 1, 1, 1, 0, 0, 1, 0, 2, 1, 2, 2, 0, 0, 1, 1, 0, 2, 0, 2, 1, 0, 0, 2, 0, 2, 2, 0, 1, 1, 0, 0, 2, 1, 1, 2, 2, 2, 2, 2, 2, 1, 2, 1, 1, 2, 0, 1, 1, 0, 1, 0, 0, 1, 1, 1, 1, 0, 0, 1, 0, 1, 1, 0, 1, 0, 1, 2, 2, 1, 1, 0]|[1, 3, 0, 3, 4, 1, 4, 4, 4, 4, 3, 2, 1, 0, 2, 1, 1, 1, 2, 1, 1, 3, 0, 1, 0, 1, 1, 4, 1, 4, 3, 2, 2, 0, 4, 1, 1, 4, 1, 1, 2, 1, 4, 4, 1, 1, 0, 1, 3, 2, 2, 1, 2, 1, 1, 2, 4, 3, 0, 2, 1, 3, 3, 1, 1, 1, 1, 1, 1, 4, 1, 3, 4, 1, 2, 4, 3, 2, 3, 2, 2, 4, 4, 4, 3, 2, 2, 3, 2, 4, 3, 2, 4, 2, 4, 1, 1, 4, 3, 2]|[0, 2, 0, 0, 3, 0, 1, 3, 1, 0, 2, 0, 1, 0, 1, 0, 0, 0, 1, 0, 0, 2, 0, 0, 1, 0, 0, 3, 0, 1, 0, 2, 0, 0, 3, 0, 1, 1, 0, 0, 0, 0, 1, 3, 0, 0, 1, 0, 2, 0, 0, 0, 0, 0, 1, 0, 1, 0, 1, 1, 0, 2, 0, 0, 0, 0, 0, 0, 0, 2, 0, 0, 1, 0, 0, 1, 0, 0, 3, 0, 0, 1, 2, 2, 0, 0, 0, 3, 0, 1, 0, 0, 1, 0, 3, 0, 0, 1, 0, 0],910.6016522559228,48414.55244339237,106657.9111807071,true
58,G3_TWC,G3_TWC,[31, 22, 42, 15, 26, 58, 95, 82, 77, 12, 47, 5, 93, 78, 98, 54, 85, 63, 18, 44, 20, 35, 43, 97, 91, 76, 10, 30, 21, 45, 71, 64, 1, 23, 17, 83, 24, 61, 60, 49, 6, 57, 94, 88, 65, 56, 79, 40, 67, 68, 46, 75, 0, 9, 19, 32, 81, 41, 27, 62, 87, 90, 99, 59, 53, 16, 72, 73, 70, 39, 37, 84, 3, 92, 25, 74, 28, 38, 51, 7, 11, 14, 86, 48, 89, 66, 50, 96, 33, 80, 8, 4, 34, 36, 55, 52, 13, 29, 69, 2]|[1, 1, 0, 1, 1, 1, 2, 1, 2, 1, 2, 2, 2, 1, 1, 0, 0, 1, 0, 2, 2, 0, 1, 2, 0, 1, 2, 2, 0, 0, 1, 2, 1, 0, 1, 0, 2, 0, 1, 1, 0, 1, 1, 1, 0, 2, 1, 1, 0, 0, 0, 0, 1, 1, 2, 1, 2, 0, 0, 0, 2, 1, 0, 1, 0, 1, 2, 1, 1, 1, 1, 1, 2, 0, 1, 2, 0, 0, 0, 1, 0, 1, 0, 0, 1, 0, 0, 0, 2, 0, 1, 0, 2, 0, 1, 1, 0, 0, 1, 0]|[4, 3, 2, 2, 0, 0, 2, 2, 2, 4, 1, 1, 2, 4, 4, 1, 1, 4, 2, 1, 1, 1, 1, 2, 1, 2, 1, 1, 1, 1, 3, 2, 3, 0, 4, 0, 1, 1, 0, 3, 2, 2, 4, 0, 1, 1, 3, 2, 0, 1, 2, 2, 1, 4, 0, 3, 2, 1, 1, 2, 1, 3, 1, 1, 2, 3, 0, 4, 3, 1, 4, 1, 1, 2, 4, 1, 2, 1, 1, 3, 2, 3, 1, 1, 1, 1, 1, 1, 1, 1, 3, 2, 1, 1, 4, 1, 2, 2, 3, 2]|[0, 2, 1, 1, 3, 3, 0, 1, 0, 0, 0, 0, 1, 0, 1, 0, 0, 3, 1, 0, 0, 0, 3, 1, 0, 2, 0, 0, 0, 1, 0, 0, 0, 0, 3, 0, 1, 0, 0, 2, 1, 1, 2, 0, 0, 0, 0, 1, 1, 0, 0, 0, 1, 3, 0, 0, 1, 0, 0, 1, 0, 2, 0, 1, 1, 2, 1, 0, 0, 1, 1, 3, 0, 1, 3, 0, 1, 0, 0, 2, 1, 0, 0, 0, 1, 0, 0, 0, 0, 0, 2, 1, 0, 1, 3, 1, 0, 0, 0, 0],843.7439659666079,57777.80974073964,86440.68470675517,false
58,G1_CMAX,G1_CMAX,[31, 22, 90, 26, 58, 95, 42, 12, 93, 5, 78, 86, 98, 18, 20, 35, 3, 97, 91, 76, 10, 85, 54, 45, 63, 71, 66, 1, 23, 17, 24, 60, 36, 6, 57, 15, 65, 56, 47, 79, 94, 67, 50, 46, 14, 75, 38, 9, 30, 19, 32, 81, 27, 92, 83, 87, 40, 99, 59, 11, 53, 16, 72, 77, 73, 70, 39, 37, 84, 43, 62, 25, 55, 28, 29, 51, 68, 82, 74, 61, 88, 21, 80, 89, 7, 69, 96, 41, 48, 4, 8, 34, 49, 52, 0, 44, 13, 2, 64, 33]|[1, 1, 1, 1, 0, 2, 1, 1, 2, 2, 2, 1, 0, 1, 2, 2, 1, 2, 0, 1, 2, 2, 2, 0, 0, 1, 2, 1, 2, 1, 2, 1, 1, 0, 1, 1, 0, 2, 2, 1, 1, 0, 0, 0, 0, 1, 1, 1, 1, 2, 1, 2, 2, 0, 0, 2, 1, 0, 0, 2, 0, 1, 2, 2, 1, 1, 1, 1, 1, 1, 0, 1, 1, 0, 0, 0, 0, 0, 2, 1, 1, 0, 0, 1, 1, 1, 2, 2, 0, 1, 1, 2, 0, 1, 0, 0, 0, 0, 2, 2]|[0, 4, 3, 0, 1, 1, 2, 4, 1, 1, 2, 4, 1, 4, 1, 1, 1, 2, 2, 2, 2, 1, 1, 1, 2, 3, 2, 3, 0, 4, 1, 0, 3, 2, 2, 2, 1, 1, 1, 0, 2, 0, 1, 2, 1, 3, 1, 4, 2, 0, 3, 2, 1, 2, 1, 1, 4, 1, 1, 1, 2, 3, 0, 2, 4, 3, 1, 4, 1, 1, 1, 4, 4, 2, 1, 1, 1, 2, 1, 3, 0, 1, 1, 1, 1, 3, 1, 1, 1, 4, 3, 1, 1, 1, 2, 2, 2, 2, 1, 1]|[3, 0, 2, 3, 0, 0, 1, 0, 0, 0, 1, 0, 0, 3, 0, 0, 1, 1, 1, 2, 1, 0, 0, 0, 0, 0, 0, 0, 0, 3, 1, 0, 2, 1, 1, 1, 0, 0, 0, 0, 1, 1, 0, 0, 0, 0, 1, 3, 2, 0, 0, 1, 0, 1, 0, 0, 2, 0, 0, 0, 1, 2, 1, 1, 0, 0, 1, 1, 3, 3, 0, 3, 3, 1, 0, 0, 0, 1, 0, 0, 0, 0, 0, 1, 2, 2, 0, 0, 0, 0, 2, 0, 1, 1, 0, 0, 0, 0, 0, 0],705.0470749739228,58445.79123614564,95781.2895945797,false
58,G4_BALANCED,G1_CMAX,[31, 22, 42, 15, 26, 58, 95, 82, 77, 12, 47, 5, 93, 78, 98, 54, 85, 63, 18, 44, 20, 35, 43, 97, 91, 76, 10, 30, 21, 45, 71, 64, 1, 23, 17, 83, 24, 61, 60, 49, 6, 57, 94, 88, 65, 56, 79, 40, 67, 68, 46, 75, 38, 9, 19, 32, 81, 41, 27, 62, 87, 90, 99, 59, 11, 16, 72, 73, 70, 39, 37, 84, 3, 92, 25, 55, 28, 29, 51, 7, 33, 14, 86, 48, 89, 50, 66, 96, 53, 80, 4, 8, 74, 36, 0, 52, 13, 2, 69, 34]|[1, 1, 0, 1, 1, 1, 2, 1, 2, 1, 2, 2, 2, 1, 1, 0, 0, 1, 0, 2, 2, 0, 1, 2, 0, 1, 2, 2, 0, 0, 1, 2, 1, 0, 1, 0, 2, 0, 1, 1, 0, 1, 1, 1, 0, 2, 1, 1, 0, 0, 0, 0, 1, 1, 2, 1, 2, 0, 0, 0, 2, 1, 0, 1, 2, 1, 2, 1, 1, 1, 1, 1, 2, 0, 1, 2, 0, 0, 0, 1, 2, 1, 0, 0, 1, 2, 2, 0, 0, 0, 0, 1, 2, 0, 0, 1, 0, 0, 1, 2]|[4, 3, 2, 2, 0, 0, 2, 2, 2, 4, 1, 1, 2, 4, 4, 1, 1, 4, 2, 1, 1, 1, 1, 2, 1, 2, 1, 1, 1, 1, 3, 2, 3, 0, 4, 0, 1, 1, 0, 3, 2, 2, 4, 0, 1, 1, 3, 2, 0, 1, 2, 2, 1, 4, 0, 3, 2, 1, 1, 2, 1, 3, 1, 1, 1, 3, 0, 4, 3, 1, 4, 1, 1, 2, 4, 1, 2, 1, 1, 3, 1, 3, 1, 1, 1, 1, 1, 1, 2, 1, 2, 3, 1, 1, 2, 1, 2, 2, 3, 1]|[0, 2, 1, 1, 3, 3, 0, 1, 0, 0, 0, 0, 1, 0, 1, 0, 0, 3, 1, 0, 0, 0, 3, 1, 0, 2, 0, 0, 0, 1, 0, 0, 0, 0, 3, 0, 1, 0, 0, 2, 1, 1, 2, 0, 0, 0, 0, 1, 1, 0, 0, 0, 1, 3, 0, 0, 1, 0, 0, 1, 0, 2, 0, 1, 0, 2, 1, 0, 0, 1, 1, 3, 0, 1, 3, 0, 1, 0, 0, 2, 0, 0, 0, 0, 1, 0, 0, 0, 1, 0, 1, 2, 0, 1, 0, 1, 0, 0, 0, 0],792.3738572300806,57186.92055312393,87830.12113813942,true
58,G2_TEC,G4_BALANCED,[20, 94, 82, 15, 26, 9, 95, 42, 77, 68, 47, 5, 93, 78, 86, 54, 85, 63, 18, 44, 31, 49, 36, 14, 74, 50, 53, 17, 21, 28, 11, 64, 3, 23, 30, 83, 24, 41, 40, 52, 65, 27, 90, 70, 39, 87, 48, 69, 99, 4, 46, 1, 13, 56, 97, 59, 45, 8, 73, 37, 35, 79, 71, 66, 76, 16, 60, 80, 58, 6, 67, 61, 33, 7, 57, 34, 12, 32, 10, 38, 96, 88, 43, 81, 91, 2, 84, 29, 92, 19, 51, 55, 89, 75, 25, 22, 98, 72, 62, 0]|[2, 1, 2, 1, 1, 2, 1, 1, 1, 1, 1, 0, 2, 2, 1, 2, 0, 0, 0, 2, 2, 1, 0, 2, 0, 2, 2, 1, 0, 1, 1, 1, 0, 0, 1, 0, 2, 1, 2, 2, 0, 0, 1, 1, 0, 2, 0, 2, 1, 0, 0, 2, 0, 2, 2, 0, 1, 1, 0, 0, 2, 1, 1, 2, 2, 2, 2, 2, 2, 1, 2, 1, 1, 2, 0, 1, 1, 0, 1, 0, 0, 1, 1, 1, 1, 0, 0, 1, 0, 1, 1, 0, 1, 0, 1, 2, 2, 1, 1, 0]|[1, 3, 0, 3, 4, 1, 4, 4, 4, 4, 3, 2, 1, 0, 2, 1, 1, 1, 2, 1, 1, 3, 0, 1, 0, 1, 1, 4, 1, 4, 3, 2, 2, 0, 4, 1, 1, 4, 1, 1, 2, 1, 4, 4, 1, 1, 0, 1, 3, 2, 2, 1, 2, 1, 1, 2, 4, 3, 0, 2, 1, 3, 3, 1, 1, 1, 1, 1, 1, 4, 1, 3, 4, 1, 2, 4, 3, 2, 3, 2, 2, 4, 4, 4, 3, 2, 2, 3, 2, 4, 3, 2, 4, 2, 4, 1, 1, 4, 3, 2]|[0, 2, 0, 0, 3, 0, 1, 3, 1, 0, 2, 0, 1, 0, 1, 0, 0, 0, 1, 0, 0, 2, 0, 0, 1, 0, 0, 3, 0, 1, 0, 2, 0, 0, 3, 0, 1, 1, 0, 0, 0, 0, 1, 3, 0, 0, 1, 0, 2, 0, 0, 0, 0, 0, 1, 0, 1, 0, 1, 1, 0, 2, 0, 0, 0, 0, 0, 0, 0, 2, 0, 0, 1, 0, 0, 1, 0, 0, 3, 0, 0, 1, 2, 2, 0, 0, 0, 3, 0, 1, 0, 0, 1, 0, 3, 0, 0, 1, 0, 0],910.6016522559228,48414.55244339237,106657.9111807071,true
58,G3_TWC,G3_TWC,[31, 22, 42, 15, 26, 58, 95, 82, 77, 12, 47, 5, 93, 78, 98, 54, 85, 63, 18, 44, 20, 35, 43, 97, 91, 76, 10, 30, 21, 45, 71, 64, 1, 23, 17, 83, 24, 61, 60, 49, 6, 57, 94, 88, 65, 56, 79, 40, 67, 68, 46, 75, 0, 9, 19, 32, 81, 41, 27, 62, 87, 90, 99, 59, 53, 16, 72, 73, 70, 39, 37, 84, 3, 92, 25, 74, 28, 38, 51, 7, 11, 14, 86, 48, 89, 66, 50, 96, 33, 80, 8, 4, 34, 36, 55, 52, 13, 29, 69, 2]|[1, 1, 0, 1, 1, 1, 2, 1, 2, 1, 2, 2, 2, 1, 1, 0, 0, 1, 0, 2, 2, 0, 1, 2, 0, 1, 2, 2, 0, 0, 1, 2, 1, 0, 1, 0, 2, 0, 1, 1, 0, 1, 1, 1, 0, 2, 1, 1, 0, 0, 0, 0, 1, 1, 2, 1, 2, 0, 0, 0, 2, 1, 0, 1, 0, 1, 2, 1, 1, 1, 1, 1, 2, 0, 1, 2, 0, 0, 0, 1, 0, 1, 0, 0, 1, 0, 0, 0, 2, 0, 1, 0, 2, 0, 1, 1, 0, 0, 1, 0]|[4, 3, 2, 2, 0, 0, 2, 2, 2, 4, 1, 1, 2, 4, 4, 1, 1, 4, 2, 1, 1, 1, 1, 2, 1, 2, 1, 1, 1, 1, 3, 2, 3, 0, 4, 0, 1, 1, 0, 3, 2, 2, 4, 0, 1, 1, 3, 2, 0, 1, 2, 2, 1, 4, 0, 3, 2, 1, 1, 2, 1, 3, 1, 1, 2, 3, 0, 4, 3, 1, 4, 1, 1, 2, 4, 1, 2, 1, 1, 3, 2, 3, 1, 1, 1, 1, 1, 1, 1, 1, 3, 2, 1, 1, 4, 1, 2, 2, 3, 2]|[0, 2, 1, 1, 3, 3, 0, 1, 0, 0, 0, 0, 1, 0, 1, 0, 0, 3, 1, 0, 0, 0, 3, 1, 0, 2, 0, 0, 0, 1, 0, 0, 0, 0, 3, 0, 1, 0, 0, 2, 1, 1, 2, 0, 0, 0, 0, 1, 1, 0, 0, 0, 1, 3, 0, 0, 1, 0, 0, 1, 0, 2, 0, 1, 1, 2, 1, 0, 0, 1, 1, 3, 0, 1, 3, 0, 1, 0, 0, 2, 1, 0, 0, 0, 1, 0, 0, 0, 0, 0, 2, 1, 0, 1, 3, 1, 0, 0, 0, 0],843.7439659666079,57777.80974073964,86440.68470675517,false
58,G1_CMAX,G1_CMAX,[31, 22, 90, 26, 58, 95, 42, 12, 93, 5, 78, 86, 98, 18, 20, 35, 3, 97, 91, 76, 10, 85, 54, 45, 63, 71, 66, 1, 23, 17, 24, 60, 36, 6, 57, 15, 65, 56, 47, 79, 94, 67, 50, 46, 14, 75, 38, 9, 30, 19, 32, 81, 27, 92, 83, 87, 40, 99, 59, 11, 53, 16, 72, 77, 73, 70, 39, 37, 84, 43, 62, 25, 55, 28, 29, 51, 68, 82, 74, 61, 88, 21, 80, 89, 7, 69, 96, 41, 48, 4, 8, 34, 49, 52, 0, 44, 13, 2, 64, 33]|[1, 1, 1, 1, 0, 2, 1, 1, 2, 2, 2, 1, 0, 1, 2, 2, 1, 2, 0, 1, 2, 2, 2, 0, 0, 1, 2, 1, 2, 1, 2, 1, 1, 0, 1, 1, 0, 2, 2, 1, 1, 0, 0, 0, 0, 1, 1, 1, 1, 2, 1, 2, 2, 0, 0, 2, 1, 0, 0, 2, 0, 1, 2, 2, 1, 1, 1, 1, 1, 1, 0, 1, 1, 0, 0, 0, 0, 0, 2, 1, 1, 0, 0, 1, 1, 1, 2, 2, 0, 1, 1, 2, 0, 1, 0, 0, 0, 0, 2, 2]|[0, 4, 3, 0, 1, 1, 2, 4, 1, 1, 2, 4, 1, 4, 1, 1, 1, 2, 2, 2, 2, 1, 1, 1, 2, 3, 2, 3, 0, 4, 1, 0, 3, 2, 2, 2, 1, 1, 1, 0, 2, 0, 1, 2, 1, 3, 1, 4, 2, 0, 3, 2, 1, 2, 1, 1, 4, 1, 1, 1, 2, 3, 0, 2, 4, 3, 1, 4, 1, 1, 1, 4, 4, 2, 1, 1, 1, 2, 1, 3, 0, 1, 1, 1, 1, 3, 1, 1, 1, 4, 3, 1, 1, 1, 2, 2, 2, 2, 1, 1]|[3, 0, 2, 3, 0, 0, 1, 0, 0, 0, 1, 0, 0, 3, 0, 0, 1, 1, 1, 2, 1, 0, 0, 0, 0, 0, 0, 0, 0, 3, 1, 0, 2, 1, 1, 1, 0, 0, 0, 0, 1, 1, 0, 0, 0, 0, 1, 3, 2, 0, 0, 1, 0, 1, 0, 0, 2, 0, 0, 0, 1, 2, 1, 1, 0, 0, 1, 1, 3, 3, 0, 3, 3, 1, 0, 0, 0, 1, 0, 0, 0, 0, 0, 1, 2, 2, 0, 0, 0, 0, 2, 0, 1, 1, 0, 0, 0, 0, 0, 0],705.0470749739228,58445.79123614564,95781.2895945797,false
58,G4_BALANCED,G4_BALANCED,[31, 22, 42, 15, 26, 58, 95, 82, 77, 12, 47, 5, 93, 78, 98, 54, 85, 63, 18, 44, 20, 35, 43, 97, 91, 76, 10, 30, 21, 45, 71, 64, 1, 23, 17, 83, 24, 61, 60, 49, 6, 57, 94, 88, 65, 56, 79, 40, 67, 68, 46, 75, 38, 9, 19, 32, 81, 41, 27, 62, 87, 90, 99, 59, 11, 16, 72, 73, 70, 39, 37, 84, 3, 92, 25, 55, 28, 0, 51, 7, 53, 14, 86, 48, 89, 66, 50, 96, 33, 80, 8, 4, 34, 36, 2, 52, 13, 29, 69, 74]|[1, 1, 0, 1, 1, 1, 2, 1, 2, 1, 2, 2, 2, 1, 1, 0, 0, 1, 0, 2, 2, 0, 1, 2, 0, 1, 2, 2, 0, 0, 1, 2, 1, 0, 1, 0, 2, 0, 1, 1, 0, 1, 1, 1, 0, 2, 1, 1, 0, 0, 0, 0, 1, 1, 2, 1, 2, 0, 0, 0, 2, 1, 0, 1, 2, 1, 2, 1, 1, 1, 1, 1, 2, 0, 1, 1, 0, 0, 0, 1, 0, 1, 0, 0, 1, 0, 0, 2, 2, 0, 1, 0, 2, 0, 0, 1, 0, 0, 1, 2]|[4, 3, 2, 2, 0, 0, 2, 2, 2, 4, 1, 1, 2, 4, 4, 1, 1, 4, 2, 1, 1, 1, 1, 2, 1, 2, 1, 1, 1, 1, 3, 2, 3, 0, 4, 0, 1, 1, 0, 3, 2, 2, 4, 0, 1, 1, 3, 2, 0, 1, 2, 2, 1, 4, 0, 3, 2, 1, 1, 2, 1, 3, 1, 1, 1, 3, 0, 4, 3, 1, 4, 1, 1, 2, 4, 4, 2, 2, 1, 3, 2, 3, 1, 1, 1, 1, 1, 1, 1, 1, 3, 2, 1, 1, 2, 1, 2, 2, 3, 1]|[0, 2, 1, 1, 3, 3, 0, 1, 0, 0, 0, 0, 1, 0, 1, 0, 0, 3, 1, 0, 0, 0, 3, 1, 0, 2, 0, 0, 0, 1, 0, 0, 0, 0, 3, 0, 1, 0, 0, 2, 1, 1, 2, 0, 0, 0, 0, 1, 1, 0, 0, 0, 1, 3, 0, 0, 1, 0, 0, 1, 0, 2, 0, 1, 0, 2, 1, 0, 0, 1, 1, 3, 0, 1, 3, 3, 1, 0, 0, 2, 1, 0, 0, 0, 1, 0, 0, 0, 0, 0, 2, 1, 0, 1, 0, 1, 0, 0, 0, 0],824.9870814891658,57057.43861813589,88760.9298160079,false
58,G2_TEC,G4_BALANCED,[20, 94, 82, 15, 26, 9, 95, 42, 77, 68, 47, 5, 93, 78, 86, 54, 85, 63, 18, 44, 31, 49, 36, 14, 74, 50, 53, 17, 21, 28, 11, 64, 3, 23, 30, 83, 24, 41, 40, 52, 65, 27, 90, 70, 39, 87, 48, 69, 99, 4, 46, 1, 13, 56, 97, 59, 45, 8, 73, 37, 35, 79, 71, 66, 76, 16, 60, 80, 58, 6, 67, 61, 33, 7, 57, 34, 12, 32, 10, 38, 96, 88, 43, 81, 91, 2, 84, 29, 92, 19, 51, 55, 89, 75, 25, 22, 98, 72, 62, 0]|[2, 1, 2, 1, 1, 2, 1, 1, 1, 1, 1, 0, 2, 2, 1, 2, 0, 0, 0, 2, 2, 1, 0, 2, 0, 2, 2, 1, 0, 1, 1, 1, 0, 0, 1, 0, 2, 1, 2, 2, 0, 0, 1, 1, 0, 2, 0, 2, 1, 0, 0, 2, 0, 2, 2, 0, 1, 1, 0, 0, 2, 1, 1, 2, 2, 2, 2, 2, 2, 1, 2, 1, 1, 2, 0, 1, 1, 0, 1, 0, 0, 1, 1, 1, 1, 0, 0, 1, 0, 1, 1, 0, 1, 0, 1, 2, 2, 1, 1, 0]|[1, 3, 0, 3, 4, 1, 4, 4, 4, 4, 3, 2, 1, 0, 2, 1, 1, 1, 2, 1, 1, 3, 0, 1, 0, 1, 1, 4, 1, 4, 3, 2, 2, 0, 4, 1, 1, 4, 1, 1, 2, 1, 4, 4, 1, 1, 0, 1, 3, 2, 2, 1, 2, 1, 1, 2, 4, 3, 0, 2, 1, 3, 3, 1, 1, 1, 1, 1, 1, 4, 1, 3, 4, 1, 2, 4, 3, 2, 3, 2, 2, 4, 4, 4, 3, 2, 2, 3, 2, 4, 3, 2, 4, 2, 4, 1, 1, 4, 3, 2]|[0, 2, 0, 0, 3, 0, 1, 3, 1, 0, 2, 0, 1, 0, 1, 0, 0, 0, 1, 0, 0, 2, 0, 0, 1, 0, 0, 3, 0, 1, 0, 2, 0, 0, 3, 0, 1, 1, 0, 0, 0, 0, 1, 3, 0, 0, 1, 0, 2, 0, 0, 0, 0, 0, 1, 0, 1, 0, 1, 1, 0, 2, 0, 0, 0, 0, 0, 0, 0, 2, 0, 0, 1, 0, 0, 1, 0, 0, 3, 0, 0, 1, 2, 2, 0, 0, 0, 3, 0, 1, 0, 0, 1, 0, 3, 0, 0, 1, 0, 0],910.6016522559228,48414.55244339237,106657.9111807071,true
58,G3_TWC,G3_TWC,[31, 22, 42, 15, 26, 58, 95, 82, 77, 12, 47, 5, 93, 78, 98, 54, 85, 63, 18, 44, 20, 35, 43, 97, 91, 76, 10, 30, 21, 45, 71, 64, 1, 23, 17, 83, 24, 61, 60, 49, 6, 57, 94, 88, 65, 56, 79, 40, 67, 68, 46, 75, 0, 9, 19, 32, 81, 41, 27, 62, 87, 90, 99, 59, 53, 16, 72, 73, 70, 39, 37, 84, 3, 92, 25, 74, 28, 38, 51, 7, 11, 14, 86, 48, 89, 66, 50, 96, 33, 80, 8, 4, 34, 36, 55, 52, 13, 29, 69, 2]|[1, 1, 0, 1, 1, 1, 2, 1, 2, 1, 2, 2, 2, 1, 1, 0, 0, 1, 0, 2, 2, 0, 1, 2, 0, 1, 2, 2, 0, 0, 1, 2, 1, 0, 1, 0, 2, 0, 1, 1, 0, 1, 1, 1, 0, 2, 1, 1, 0, 0, 0, 0, 1, 1, 2, 1, 2, 0, 0, 0, 2, 1, 0, 1, 0, 1, 2, 1, 1, 1, 1, 1, 2, 0, 1, 2, 0, 0, 0, 1, 0, 1, 0, 0, 1, 0, 0, 0, 2, 0, 1, 0, 2, 0, 1, 1, 0, 0, 1, 0]|[4, 3, 2, 2, 0, 0, 2, 2, 2, 4, 1, 1, 2, 4, 4, 1, 1, 4, 2, 1, 1, 1, 1, 2, 1, 2, 1, 1, 1, 1, 3, 2, 3, 0, 4, 0, 1, 1, 0, 3, 2, 2, 4, 0, 1, 1, 3, 2, 0, 1, 2, 2, 1, 4, 0, 3, 2, 1, 1, 2, 1, 3, 1, 1, 2, 3, 0, 4, 3, 1, 4, 1, 1, 2, 4, 1, 2, 1, 1, 3, 2, 3, 1, 1, 1, 1, 1, 1, 1, 1, 3, 2, 1, 1, 4, 1, 2, 2, 3, 2]|[0, 2, 1, 1, 3, 3, 0, 1, 0, 0, 0, 0, 1, 0, 1, 0, 0, 3, 1, 0, 0, 0, 3, 1, 0, 2, 0, 0, 0, 1, 0, 0, 0, 0, 3, 0, 1, 0, 0, 2, 1, 1, 2, 0, 0, 0, 0, 1, 1, 0, 0, 0, 1, 3, 0, 0, 1, 0, 0, 1, 0, 2, 0, 1, 1, 2, 1, 0, 0, 1, 1, 3, 0, 1, 3, 0, 1, 0, 0, 2, 1, 0, 0, 0, 1, 0, 0, 0, 0, 0, 2, 1, 0, 1, 3, 1, 0, 0, 0, 0],843.7439659666079,57777.80974073964,86440.68470675517,false
58,G1_CMAX,G1_CMAX,[31, 22, 90, 26, 58, 95, 42, 12, 93, 5, 78, 86, 98, 18, 20, 35, 3, 97, 91, 76, 10, 85, 54, 45, 63, 71, 66, 1, 23, 17, 24, 60, 36, 6, 57, 15, 65, 56, 47, 79, 94, 67, 50, 46, 14, 75, 38, 9, 30, 19, 32, 81, 27, 92, 83, 87, 40, 99, 59, 11, 53, 16, 72, 77, 73, 70, 39, 37, 84, 43, 62, 25, 55, 28, 29, 51, 68, 82, 74, 61, 88, 21, 80, 89, 7, 69, 96, 41, 48, 4, 8, 34, 49, 52, 0, 44, 13, 2, 64, 33]|[1, 1, 1, 1, 0, 2, 1, 1, 2, 2, 2, 1, 0, 1, 2, 2, 1, 2, 0, 1, 2, 2, 2, 0, 0, 1, 2, 1, 2, 1, 2, 1, 1, 0, 1, 1, 0, 2, 2, 1, 1, 0, 0, 0, 0, 1, 1, 1, 1, 2, 1, 2, 2, 0, 0, 2, 1, 0, 0, 2, 0, 1, 2, 2, 1, 1, 1, 1, 1, 1, 0, 1, 1, 0, 0, 0, 0, 0, 2, 1, 1, 0, 0, 1, 1, 1, 2, 2, 0, 1, 1, 2, 0, 1, 0, 0, 0, 0, 2, 2]|[0, 4, 3, 0, 1, 1, 2, 4, 1, 1, 2, 4, 1, 4, 1, 1, 1, 2, 2, 2, 2, 1, 1, 1, 2, 3, 2, 3, 0, 4, 1, 0, 3, 2, 2, 2, 1, 1, 1, 0, 2, 0, 1, 2, 1, 3, 1, 4, 2, 0, 3, 2, 1, 2, 1, 1, 4, 1, 1, 1, 2, 3, 0, 2, 4, 3, 1, 4, 1, 1, 1, 4, 4, 2, 1, 1, 1, 2, 1, 3, 0, 1, 1, 1, 1, 3, 1, 1, 1, 4, 3, 1, 1, 1, 2, 2, 2, 2, 1, 1]|[3, 0, 2, 3, 0, 0, 1, 0, 0, 0, 1, 0, 0, 3, 0, 0, 1, 1, 1, 2, 1, 0, 0, 0, 0, 0, 0, 0, 0, 3, 1, 0, 2, 1, 1, 1, 0, 0, 0, 0, 1, 1, 0, 0, 0, 0, 1, 3, 2, 0, 0, 1, 0, 1, 0, 0, 2, 0, 0, 0, 1, 2, 1, 1, 0, 0, 1, 1, 3, 3, 0, 3, 3, 1, 0, 0, 0, 1, 0, 0, 0, 0, 0, 1, 2, 2, 0, 0, 0, 0, 2, 0, 1, 1, 0, 0, 0, 0, 0, 0],705.0470749739228,58445.79123614564,95781.2895945797,false
58,G4_BALANCED,G3_TWC,[31, 22, 42, 15, 26, 58, 95, 82, 77, 12, 47, 5, 93, 78, 98, 54, 85, 63, 18, 44, 20, 35, 43, 97, 91, 76, 10, 30, 21, 45, 71, 64, 1, 23, 17, 83, 24, 61, 60, 49, 6, 57, 94, 88, 65, 56, 79, 40, 67, 68, 46, 75, 0, 9, 19, 32, 81, 41, 27, 62, 87, 90, 99, 59, 53, 16, 72, 73, 70, 39, 37, 84, 3, 92, 25, 55, 28, 38, 51, 7, 11, 14, 34, 48, 89, 66, 50, 96, 33, 80, 8, 4, 86, 36, 2, 52, 13, 29, 69, 74]|[1, 1, 0, 1, 1, 1, 2, 1, 2, 1, 2, 2, 2, 1, 1, 0, 0, 1, 0, 2, 2, 0, 1, 2, 0, 1, 2, 2, 0, 0, 1, 2, 1, 0, 1, 0, 2, 0, 1, 1, 0, 1, 1, 1, 0, 2, 1, 1, 0, 0, 0, 0, 1, 1, 2, 1, 2, 0, 0, 2, 2, 1, 0, 1, 0, 1, 2, 1, 1, 1, 1, 1, 2, 0, 1, 1, 0, 0, 0, 1, 0, 1, 2, 0, 1, 2, 0, 0, 2, 0, 1, 0, 0, 0, 0, 1, 0, 0, 1, 2]|[4, 3, 2, 2, 0, 0, 2, 2, 2, 4, 1, 1, 2, 4, 4, 1, 1, 4, 2, 1, 1, 1, 1, 2, 1, 2, 1, 1, 1, 1, 3, 2, 3, 0, 4, 0, 1, 1, 0, 3, 2, 2, 4, 0, 1, 1, 3, 2, 0, 1, 2, 2, 1, 4, 0, 3, 2, 1, 1, 1, 1, 3, 1, 1, 2, 3, 0, 4, 3, 1, 4, 1, 1, 2, 4, 4, 2, 1, 1, 3, 2, 3, 1, 1, 1, 1, 1, 1, 1, 1, 3, 2, 1, 1, 2, 1, 2, 2, 3, 1]|[0, 2, 1, 1, 3, 3, 0, 1, 0, 0, 0, 0, 1, 0, 1, 0, 0, 3, 1, 0, 0, 0, 3, 1, 0, 2, 0, 0, 0, 1, 0, 0, 0, 0, 3, 0, 1, 0, 0, 2, 1, 1, 2, 0, 0, 0, 0, 1, 1, 0, 0, 0, 1, 3, 0, 0, 1, 0, 0, 0, 0, 2, 0, 1, 1, 2, 1, 0, 0, 1, 1, 3, 0, 1, 3, 3, 1, 0, 0, 2, 1, 0, 0, 0, 1, 0, 0, 0, 0, 0, 2, 1, 0, 1, 0, 1, 0, 0, 0, 0],818.0866049009435,57675.36654055466,86802.61283782765,true
58,G2_TEC,G4_BALANCED,[20, 94, 82, 15, 26, 9, 95, 42, 77, 68, 47, 5, 93, 78, 86, 54, 85, 63, 18, 44, 31, 49, 36, 14, 74, 50, 53, 17, 21, 28, 11, 64, 3, 23, 30, 83, 24, 41, 40, 52, 65, 27, 90, 70, 39, 87, 48, 69, 99, 4, 46, 1, 13, 56, 97, 59, 45, 8, 73, 37, 35, 79, 71, 66, 76, 16, 60, 80, 58, 6, 67, 61, 33, 7, 57, 34, 12, 32, 10, 38, 96, 88, 43, 81, 91, 2, 84, 29, 92, 19, 51, 55, 89, 75, 25, 22, 98, 72, 62, 0]|[2, 1, 2, 1, 1, 2, 1, 1, 1, 1, 1, 0, 2, 2, 1, 2, 0, 0, 0, 2, 2, 1, 0, 2, 0, 2, 2, 1, 0, 1, 1, 1, 0, 0, 1, 0, 2, 1, 2, 2, 0, 0, 1, 1, 0, 2, 0, 2, 1, 0, 0, 2, 0, 2, 2, 0, 1, 1, 0, 0, 2, 1, 1, 2, 2, 2, 2, 2, 2, 1, 2, 1, 1, 2, 0, 1, 1, 0, 1, 0, 0, 1, 1, 1, 1, 0, 0, 1, 0, 1, 1, 0, 1, 0, 1, 2, 2, 1, 1, 0]|[1, 3, 0, 3, 4, 1, 4, 4, 4, 4, 3, 2, 1, 0, 2, 1, 1, 1, 2, 1, 1, 3, 0, 1, 0, 1, 1, 4, 1, 4, 3, 2, 2, 0, 4, 1, 1, 4, 1, 1, 2, 1, 4, 4, 1, 1, 0, 1, 3, 2, 2, 1, 2, 1, 1, 2, 4, 3, 0, 2, 1, 3, 3, 1, 1, 1, 1, 1, 1, 4, 1, 3, 4, 1, 2, 4, 3, 2, 3, 2, 2, 4, 4, 4, 3, 2, 2, 3, 2, 4, 3, 2, 4, 2, 4, 1, 1, 4, 3, 2]|[0, 2, 0, 0, 3, 0, 1, 3, 1, 0, 2, 0, 1, 0, 1, 0, 0, 0, 1, 0, 0, 2, 0, 0, 1, 0, 0, 3, 0, 1, 0, 2, 0, 0, 3, 0, 1, 1, 0, 0, 0, 0, 1, 3, 0, 0, 1, 0, 2, 0, 0, 0, 0, 0, 1, 0, 1, 0, 1, 1, 0, 2, 0, 0, 0, 0, 0, 0, 0, 2, 0, 0, 1, 0, 0, 1, 0, 0, 3, 0, 0, 1, 2, 2, 0, 0, 0, 3, 0, 1, 0, 0, 1, 0, 3, 0, 0, 1, 0, 0],910.6016522559228,48414.55244339237,106657.9111807071,true
58,G3_TWC,G3_TWC,[31, 22, 42, 15, 26, 58, 95, 82, 77, 12, 47, 5, 93, 78, 98, 54, 85, 63, 18, 44, 20, 35, 43, 97, 91, 76, 10, 30, 21, 45, 71, 64, 1, 23, 17, 83, 24, 61, 60, 49, 6, 57, 94, 88, 65, 56, 79, 40, 67, 68, 46, 75, 0, 9, 19, 32, 81, 41, 27, 62, 87, 90, 99, 59, 53, 16, 72, 73, 70, 39, 37, 84, 3, 92, 25, 74, 28, 38, 51, 7, 11, 14, 86, 48, 89, 66, 50, 96, 33, 80, 8, 4, 34, 36, 55, 52, 13, 29, 69, 2]|[1, 1, 0, 1, 1, 1, 2, 1, 2, 1, 2, 2, 2, 1, 1, 0, 0, 1, 0, 2, 2, 0, 1, 2, 0, 1, 2, 2, 0, 0, 1, 2, 1, 0, 1, 0, 2, 0, 1, 1, 0, 1, 1, 1, 0, 2, 1, 1, 0, 0, 0, 0, 1, 1, 2, 1, 2, 0, 0, 0, 2, 1, 0, 1, 0, 1, 2, 1, 1, 1, 1, 1, 2, 0, 1, 2, 0, 0, 0, 1, 0, 1, 0, 0, 1, 0, 0, 0, 2, 0, 1, 0, 2, 0, 1, 1, 0, 0, 1, 0]|[4, 3, 2, 2, 0, 0, 2, 2, 2, 4, 1, 1, 2, 4, 4, 1, 1, 4, 2, 1, 1, 1, 1, 2, 1, 2, 1, 1, 1, 1, 3, 2, 3, 0, 4, 0, 1, 1, 0, 3, 2, 2, 4, 0, 1, 1, 3, 2, 0, 1, 2, 2, 1, 4, 0, 3, 2, 1, 1, 2, 1, 3, 1, 1, 2, 3, 0, 4, 3, 1, 4, 1, 1, 2, 4, 1, 2, 1, 1, 3, 2, 3, 1, 1, 1, 1, 1, 1, 1, 1, 3, 2, 1, 1, 4, 1, 2, 2, 3, 2]|[0, 2, 1, 1, 3, 3, 0, 1, 0, 0, 0, 0, 1, 0, 1, 0, 0, 3, 1, 0, 0, 0, 3, 1, 0, 2, 0, 0, 0, 1, 0, 0, 0, 0, 3, 0, 1, 0, 0, 2, 1, 1, 2, 0, 0, 0, 0, 1, 1, 0, 0, 0, 1, 3, 0, 0, 1, 0, 0, 1, 0, 2, 0, 1, 1, 2, 1, 0, 0, 1, 1, 3, 0, 1, 3, 0, 1, 0, 0, 2, 1, 0, 0, 0, 1, 0, 0, 0, 0, 0, 2, 1, 0, 1, 3, 1, 0, 0, 0, 0],843.7439659666079,57777.80974073964,86440.68470675517,false
58,G1_CMAX,G1_CMAX,[31, 22, 90, 26, 58, 95, 42, 12, 93, 5, 78, 86, 98, 18, 20, 35, 3, 97, 91, 76, 10, 85, 54, 45, 63, 71, 66, 1, 23, 17, 24, 60, 36, 6, 57, 15, 65, 56, 47, 79, 94, 67, 50, 46, 14, 75, 38, 9, 30, 19, 32, 81, 27, 92, 83, 87, 40, 99, 59, 11, 53, 16, 72, 77, 73, 70, 39, 37, 84, 43, 62, 25, 55, 28, 29, 51, 68, 82, 74, 61, 88, 21, 80, 89, 7, 69, 96, 41, 48, 4, 8, 34, 49, 52, 0, 44, 13, 2, 64, 33]|[1, 1, 1, 1, 0, 2, 1, 1, 2, 2, 2, 1, 0, 1, 2, 2, 1, 2, 0, 1, 2, 2, 2, 0, 0, 1, 2, 1, 2, 1, 2, 1, 1, 0, 1, 1, 0, 2, 2, 1, 1, 0, 0, 0, 0, 1, 1, 1, 1, 2, 1, 2, 2, 0, 0, 2, 1, 0, 0, 2, 0, 1, 2, 2, 1, 1, 1, 1, 1, 1, 0, 1, 1, 0, 0, 0, 0, 0, 2, 1, 1, 0, 0, 1, 1, 1, 2, 2, 0, 1, 1, 2, 0, 1, 0, 0, 0, 0, 2, 2]|[0, 4, 3, 0, 1, 1, 2, 4, 1, 1, 2, 4, 1, 4, 1, 1, 1, 2, 2, 2, 2, 1, 1, 1, 2, 3, 2, 3, 0, 4, 1, 0, 3, 2, 2, 2, 1, 1, 1, 0, 2, 0, 1, 2, 1, 3, 1, 4, 2, 0, 3, 2, 1, 2, 1, 1, 4, 1, 1, 1, 2, 3, 0, 2, 4, 3, 1, 4, 1, 1, 1, 4, 4, 2, 1, 1, 1, 2, 1, 3, 0, 1, 1, 1, 1, 3, 1, 1, 1, 4, 3, 1, 1, 1, 2, 2, 2, 2, 1, 1]|[3, 0, 2, 3, 0, 0, 1, 0, 0, 0, 1, 0, 0, 3, 0, 0, 1, 1, 1, 2, 1, 0, 0, 0, 0, 0, 0, 0, 0, 3, 1, 0, 2, 1, 1, 1, 0, 0, 0, 0, 1, 1, 0, 0, 0, 0, 1, 3, 2, 0, 0, 1, 0, 1, 0, 0, 2, 0, 0, 0, 1, 2, 1, 1, 0, 0, 1, 1, 3, 3, 0, 3, 3, 1, 0, 0, 0, 1, 0, 0, 0, 0, 0, 1, 2, 2, 0, 0, 0, 0, 2, 0, 1, 1, 0, 0, 0, 0, 0, 0],705.0470749739228,58445.79123614564,95781.2895945797,false
58,G4_BALANCED,G4_BALANCED,[31, 22, 42, 15, 26, 58, 95, 82, 77, 12, 47, 5, 93, 78, 98, 54, 85, 63, 18, 44, 20, 35, 43, 97, 91, 76, 10, 30, 21, 45, 71, 64, 1, 23, 17, 83, 24, 61, 60, 36, 6, 57, 94, 88, 65, 56, 79, 40, 67, 68, 46, 75, 38, 9, 19, 32, 81, 41, 27, 62, 87, 90, 99, 59, 11, 16, 72, 73, 70, 39, 37, 84, 3, 92, 25, 74, 28, 29, 51, 55, 53, 14, 86, 48, 89, 50, 66, 96, 33, 80, 4, 2, 7, 49, 0, 52, 13, 8, 69, 34]|[1, 1, 0, 1, 1, 1, 2, 1, 2, 1, 2, 2, 2, 1, 1, 0, 0, 1, 0, 2, 2, 0, 1, 2, 0, 1, 2, 2, 0, 0, 1, 2, 1, 2, 1, 0, 2, 0, 1, 1, 0, 1, 1, 1, 0, 2, 1, 1, 0, 0, 0, 0, 1, 1, 2, 1, 2, 0, 0, 0, 2, 1, 0, 1, 2, 1, 2, 1, 1, 1, 1, 1, 2, 0, 1, 2, 0, 0, 0, 1, 0, 1, 0, 0, 1, 0, 2, 0, 2, 0, 0, 0, 1, 0, 0, 1, 0, 1, 1, 2]|[4, 3, 2, 2, 0, 0, 2, 2, 2, 4, 1, 1, 2, 4, 4, 1, 1, 4, 2, 1, 1, 1, 1, 2, 1, 2, 1, 1, 1, 1, 3, 2, 3, 0, 4, 0, 1, 1, 0, 3, 2, 2, 4, 0, 1, 1, 3, 2, 0, 1, 2, 2, 1, 4, 0, 3, 2, 1, 1, 2, 1, 3, 1, 1, 1, 3, 0, 4, 3, 1, 4, 1, 1, 2, 4, 1, 2, 1, 1, 4, 2, 3, 1, 1, 1, 1, 1, 1, 1, 1, 2, 2, 3, 1, 2, 1, 2, 3, 3, 1]|[0, 2, 1, 1, 3, 3, 0, 1, 0, 0, 0, 0, 1, 0, 1, 0, 0, 3, 1, 0, 0, 0, 3, 1, 0, 2, 0, 0, 0, 0, 0, 0, 0, 0, 3, 0, 1, 0, 0, 2, 1, 1, 2, 0, 0, 0, 0, 1, 1, 0, 0, 0, 1, 3, 0, 0, 1, 0, 0, 1, 0, 2, 0, 1, 0, 2, 1, 0, 0, 1, 1, 3, 0, 1, 3, 0, 1, 0, 0, 3, 1, 0, 0, 0, 1, 0, 0, 0, 0, 0, 1, 0, 2, 1, 0, 1, 0, 2, 0, 0],806.3159477093075,56906.21033193968,89621.471430776,false
58,G2_TEC,G4_BALANCED,[20, 94, 82, 15, 26, 9, 95, 42, 77, 68, 47, 5, 93, 78, 86, 54, 85, 63, 18, 44, 31, 49, 36, 14, 74, 50, 53, 17, 21, 28, 11, 64, 3, 23, 30, 83, 24, 41, 40, 52, 65, 27, 90, 70, 39, 87, 48, 69, 99, 4, 46, 1, 13, 56, 97, 59, 45, 8, 73, 37, 35, 79, 71, 66, 76, 16, 60, 80, 58, 6, 67, 61, 33, 7, 57, 34, 12, 32, 10, 38, 96, 88, 43, 81, 91, 2, 84, 29, 92, 19, 51, 55, 89, 75, 25, 22, 98, 72, 62, 0]|[2, 1, 2, 1, 1, 2, 1, 1, 1, 1, 1, 0, 2, 2, 1, 2, 0, 0, 0, 2, 2, 1, 0, 2, 0, 2, 2, 1, 0, 1, 1, 1, 0, 0, 1, 0, 2, 1, 2, 2, 0, 0, 1, 1, 0, 2, 0, 2, 1, 0, 0, 2, 0, 2, 2, 0, 1, 1, 0, 0, 2, 1, 1, 2, 2, 2, 2, 2, 2, 1, 2, 1, 1, 2, 0, 1, 1, 0, 1, 0, 0, 1, 1, 1, 1, 0, 0, 1, 0, 1, 1, 0, 1, 0, 1, 2, 2, 1, 1, 0]|[1, 3, 0, 3, 4, 1, 4, 4, 4, 4, 3, 2, 1, 0, 2, 1, 1, 1, 2, 1, 1, 3, 0, 1, 0, 1, 1, 4, 1, 4, 3, 2, 2, 0, 4, 1, 1, 4, 1, 1, 2, 1, 4, 4, 1, 1, 0, 1, 3, 2, 2, 1, 2, 1, 1, 2, 4, 3, 0, 2, 1, 3, 3, 1, 1, 1, 1, 1, 1, 4, 1, 3, 4, 1, 2, 4, 3, 2, 3, 2, 2, 4, 4, 4, 3, 2, 2, 3, 2, 4, 3, 2, 4, 2, 4, 1, 1, 4, 3, 2]|[0, 2, 0, 0, 3, 0, 1, 3, 1, 0, 2, 0, 1, 0, 1, 0, 0, 0, 1, 0, 0, 2, 0, 0, 1, 0, 0, 3, 0, 1, 0, 2, 0, 0, 3, 0, 1, 1, 0, 0, 0, 0, 1, 3, 0, 0, 1, 0, 2, 0, 0, 0, 0, 0, 1, 0, 1, 0, 1, 1, 0, 2, 0, 0, 0, 0, 0, 0, 0, 2, 0, 0, 1, 0, 0, 1, 0, 0, 3, 0, 0, 1, 2, 2, 0, 0, 0, 3, 0, 1, 0, 0, 1, 0, 3, 0, 0, 1, 0, 0],910.6016522559228,48414.55244339237,106657.9111807071,true
58,G3_TWC,G3_TWC,[31, 22, 42, 15, 26, 58, 95, 82, 77, 12, 47, 5, 93, 78, 98, 54, 85, 63, 18, 44, 20, 35, 43, 97, 91, 76, 10, 30, 21, 45, 71, 64, 1, 23, 17, 83, 24, 61, 60, 49, 6, 57, 94, 88, 65, 56, 79, 40, 67, 68, 46, 75, 0, 9, 19, 32, 81, 41, 27, 62, 87, 90, 99, 59, 53, 16, 72, 73, 70, 39, 37, 84, 3, 92, 25, 74, 28, 38, 51, 7, 11, 14, 86, 48, 89, 66, 50, 96, 33, 80, 8, 4, 34, 36, 55, 52, 13, 29, 69, 2]|[1, 1, 0, 1, 1, 1, 2, 1, 2, 1, 2, 2, 2, 1, 1, 0, 0, 1, 0, 2, 2, 0, 1, 2, 0, 1, 2, 2, 0, 0, 1, 2, 1, 0, 1, 0, 2, 0, 1, 1, 0, 1, 1, 1, 0, 2, 1, 1, 0, 0, 0, 0, 1, 1, 2, 1, 2, 0, 0, 0, 2, 1, 0, 1, 0, 1, 2, 1, 1, 1, 1, 1, 2, 0, 1, 2, 0, 0, 0, 1, 0, 1, 0, 0, 1, 0, 0, 0, 2, 0, 1, 0, 2, 0, 1, 1, 0, 0, 1, 0]|[4, 3, 2, 2, 0, 0, 2, 2, 2, 4, 1, 1, 2, 4, 4, 1, 1, 4, 2, 1, 1, 1, 1, 2, 1, 2, 1, 1, 1, 1, 3, 2, 3, 0, 4, 0, 1, 1, 0, 3, 2, 2, 4, 0, 1, 1, 3, 2, 0, 1, 2, 2, 1, 4, 0, 3, 2, 1, 1, 2, 1, 3, 1, 1, 2, 3, 0, 4, 3, 1, 4, 1, 1, 2, 4, 1, 2, 1, 1, 3, 2, 3, 1, 1, 1, 1, 1, 1, 1, 1, 3, 2, 1, 1, 4, 1, 2, 2, 3, 2]|[0, 2, 1, 1, 3, 3, 0, 1, 0, 0, 0, 0, 1, 0, 1, 0, 0, 3, 1, 0, 0, 0, 3, 1, 0, 2, 0, 0, 0, 1, 0, 0, 0, 0, 3, 0, 1, 0, 0, 2, 1, 1, 2, 0, 0, 0, 0, 1, 1, 0, 0, 0, 1, 3, 0, 0, 1, 0, 0, 1, 0, 2, 0, 1, 1, 2, 1, 0, 0, 1, 1, 3, 0, 1, 3, 0, 1, 0, 0, 2, 1, 0, 0, 0, 1, 0, 0, 0, 0, 0, 2, 1, 0, 1, 3, 1, 0, 0, 0, 0],843.7439659666079,57777.80974073964,86440.68470675517,false
58,G1_CMAX,G1_CMAX,[31, 22, 90, 26, 58, 95, 42, 12, 93, 5, 78, 86, 98, 18, 20, 35, 3, 97, 91, 76, 10, 85, 54, 45, 63, 71, 66, 1, 23, 17, 24, 60, 36, 6, 57, 15, 65, 56, 47, 79, 94, 67, 50, 46, 14, 75, 38, 9, 30, 19, 32, 81, 27, 92, 83, 87, 40, 99, 59, 11, 53, 16, 72, 77, 73, 70, 39, 37, 84, 43, 62, 25, 55, 28, 29, 51, 68, 82, 74, 61, 88, 21, 80, 89, 7, 69, 96, 41, 48, 4, 8, 34, 49, 52, 0, 44, 13, 2, 64, 33]|[1, 1, 1, 1, 0, 2, 1, 1, 2, 2, 2, 1, 0, 1, 2, 2, 1, 2, 0, 1, 2, 2, 2, 0, 0, 1, 2, 1, 2, 1, 2, 1, 1, 0, 1, 1, 0, 2, 2, 1, 1, 0, 0, 0, 0, 1, 1, 1, 1, 2, 1, 2, 2, 0, 0, 2, 1, 0, 0, 2, 0, 1, 2, 2, 1, 1, 1, 1, 1, 1, 0, 1, 1, 0, 0, 0, 0, 0, 2, 1, 1, 0, 0, 1, 1, 1, 2, 2, 0, 1, 1, 2, 0, 1, 0, 0, 0, 0, 2, 2]|[0, 4, 3, 0, 1, 1, 2, 4, 1, 1, 2, 4, 1, 4, 1, 1, 1, 2, 2, 2, 2, 1, 1, 1, 2, 3, 2, 3, 0, 4, 1, 0, 3, 2, 2, 2, 1, 1, 1, 0, 2, 0, 1, 2, 1, 3, 1, 4, 2, 0, 3, 2, 1, 2, 1, 1, 4, 1, 1, 1, 2, 3, 0, 2, 4, 3, 1, 4, 1, 1, 1, 4, 4, 2, 1, 1, 1, 2, 1, 3, 0, 1, 1, 1, 1, 3, 1, 1, 1, 4, 3, 1, 1, 1, 2, 2, 2, 2, 1, 1]|[3, 0, 2, 3, 0, 0, 1, 0, 0, 0, 1, 0, 0, 3, 0, 0, 1, 1, 1, 2, 1, 0, 0, 0, 0, 0, 0, 0, 0, 3, 1, 0, 2, 1, 1, 1, 0, 0, 0, 0, 1, 1, 0, 0, 0, 0, 1, 3, 2, 0, 0, 1, 0, 1, 0, 0, 2, 0, 0, 0, 1, 2, 1, 1, 0, 0, 1, 1, 3, 3, 0, 3, 3, 1, 0, 0, 0, 1, 0, 0, 0, 0, 0, 1, 2, 2, 0, 0, 0, 0, 2, 0, 1, 1, 0, 0, 0, 0, 0, 0],705.0470749739228,58445.79123614564,95781.2895945797,false
58,G4_BALANCED,G1_CMAX,[31, 22, 42, 15, 26, 58, 95, 82, 77, 12, 47, 5, 93, 78, 98, 54, 85, 63, 18, 44, 20, 35, 43, 97, 91, 76, 10, 30, 21, 45, 71, 64, 1, 23, 17, 83, 24, 61, 60, 36, 6, 57, 94, 88, 65, 56, 79, 40, 67, 68, 46, 75, 38, 9, 19, 32, 81, 41, 27, 62, 87, 90, 99, 59, 53, 16, 72, 73, 70, 39, 37, 84, 3, 92, 25, 55, 28, 29, 51, 7, 11, 14, 86, 66, 89, 50, 48, 96, 33, 80, 4, 8, 74, 49, 0, 52, 13, 2, 69, 34]|[1, 1, 0, 1, 1, 1, 2, 1, 2, 1, 2, 2, 2, 1, 1, 0, 0, 1, 0, 2, 2, 0, 1, 2, 0, 1, 2, 2, 0, 0, 1, 2, 1, 2, 1, 0, 2, 1, 1, 1, 0, 1, 1, 1, 0, 2, 1, 1, 0, 0, 0, 0, 1, 1, 2, 1, 2, 2, 0, 0, 2, 1, 0, 1, 2, 1, 2, 1, 1, 1, 1, 1, 2, 0, 1, 1, 0, 0, 0, 1, 0, 1, 0, 2, 1, 0, 0, 2, 2, 0, 1, 1, 2, 0, 0, 1, 0, 0, 1, 2]|[4, 3, 2, 2, 0, 0, 2, 2, 2, 4, 1, 1, 2, 4, 4, 1, 1, 4, 2, 1, 1, 1, 1, 2, 1, 2, 1, 1, 1, 1, 3, 2, 3, 0, 4, 0, 1, 3, 0, 3, 2, 2, 4, 0, 1, 1, 3, 2, 0, 1, 2, 2, 1, 4, 0, 3, 2, 1, 1, 2, 1, 3, 1, 1, 1, 3, 0, 4, 3, 1, 4, 1, 1, 2, 4, 4, 2, 1, 1, 3, 2, 3, 1, 1, 1, 1, 1, 1, 1, 1, 4, 3, 1, 1, 2, 1, 2, 2, 4, 1]|[0, 2, 1, 1, 3, 3, 0, 1, 0, 0, 0, 0, 1, 0, 1, 0, 0, 3, 1, 0, 0, 0, 3, 1, 0, 2, 0, 0, 0, 1, 0, 0, 0, 0, 3, 0, 1, 0, 0, 2, 1, 1, 2, 0, 0, 0, 0, 1, 1, 0, 0, 0, 1, 3, 0, 0, 1, 0, 0, 1, 0, 2, 0, 1, 0, 2, 1, 0, 0, 1, 1, 3, 0, 1, 3, 3, 1, 0, 0, 2, 1, 0, 0, 0, 1, 0, 0, 0, 0, 0, 0, 2, 0, 1, 0, 1, 0, 0, 2, 0],728.5004367423115,56969.171099257095,91715.9624816939,true
58,G2_TEC,G4_BALANCED,[20, 94, 82, 15, 26, 9, 95, 42, 77, 68, 47, 5, 93, 78, 86, 54, 85, 63, 18, 44, 31, 49, 36, 14, 74, 50, 53, 17, 21, 28, 11, 64, 3, 23, 30, 83, 24, 41, 40, 52, 65, 27, 90, 70, 39, 87, 48, 69, 99, 4, 46, 1, 13, 56, 97, 59, 45, 8, 73, 37, 35, 79, 71, 66, 76, 16, 60, 80, 58, 6, 67, 61, 33, 7, 57, 34, 12, 32, 10, 38, 96, 88, 43, 81, 91, 2, 84, 29, 92, 19, 51, 55, 89, 75, 25, 22, 98, 72, 62, 0]|[2, 1, 2, 1, 1, 2, 1, 1, 1, 1, 1, 0, 2, 2, 1, 2, 0, 0, 0, 2, 2, 1, 0, 2, 0, 2, 2, 1, 0, 1, 1, 1, 0, 0, 1, 0, 2, 1, 2, 2, 0, 0, 1, 1, 0, 2, 0, 2, 1, 0, 0, 2, 0, 2, 2, 0, 1, 1, 0, 0, 2, 1, 1, 2, 2, 2, 2, 2, 2, 1, 2, 1, 1, 2, 0, 1, 1, 0, 1, 0, 0, 1, 1, 1, 1, 0, 0, 1, 0, 1, 1, 0, 1, 0, 1, 2, 2, 1, 1, 0]|[1, 3, 0, 3, 4, 1, 4, 4, 4, 4, 3, 2, 1, 0, 2, 1, 1, 1, 2, 1, 1, 3, 0, 1, 0, 1, 1, 4, 1, 4, 3, 2, 2, 0, 4, 1, 1, 4, 1, 1, 2, 1, 4, 4, 1, 1, 0, 1, 3, 2, 2, 1, 2, 1, 1, 2, 4, 3, 0, 2, 1, 3, 3, 1, 1, 1, 1, 1, 1, 4, 1, 3, 4, 1, 2, 4, 3, 2, 3, 2, 2, 4, 4, 4, 3, 2, 2, 3, 2, 4, 3, 2, 4, 2, 4, 1, 1, 4, 3, 2]|[0, 2, 0, 0, 3, 0, 1, 3, 1, 0, 2, 0, 1, 0, 1, 0, 0, 0, 1, 0, 0, 2, 0, 0, 1, 0, 0, 3, 0, 1, 0, 2, 0, 0, 3, 0, 1, 1, 0, 0, 0, 0, 1, 3, 0, 0, 1, 0, 2, 0, 0, 0, 0, 0, 1, 0, 1, 0, 1, 1, 0, 2, 0, 0, 0, 0, 0, 0, 0, 2, 0, 0, 1, 0, 0, 1, 0, 0, 3, 0, 0, 1, 2, 2, 0, 0, 0, 3, 0, 1, 0, 0, 1, 0, 3, 0, 0, 1, 0, 0],910.6016522559228,48414.55244339237,106657.9111807071,true
58,G3_TWC,G3_TWC,[31, 22, 42, 15, 26, 58, 95, 82, 77, 12, 47, 5, 93, 78, 98, 54, 85, 63, 18, 44, 20, 35, 43, 97, 91, 76, 10, 30, 21, 45, 71, 64, 1, 23, 17, 83, 24, 61, 60, 49, 6, 57, 94, 88, 65, 56, 79, 40, 67, 68, 46, 75, 0, 9, 19, 32, 81, 41, 27, 62, 87, 90, 99, 59, 53, 16, 72, 73, 70, 39, 37, 84, 3, 92, 25, 74, 28, 38, 51, 7, 11, 14, 86, 48, 89, 66, 50, 96, 33, 80, 8, 4, 34, 36, 55, 52, 13, 29, 69, 2]|[1, 1, 0, 1, 1, 1, 2, 1, 2, 1, 2, 2, 2, 1, 1, 0, 0, 1, 0, 2, 2, 0, 1, 2, 0, 1, 2, 2, 0, 0, 1, 2, 1, 0, 1, 0, 2, 0, 1, 1, 0, 1, 1, 1, 0, 2, 1, 1, 0, 0, 0, 0, 1, 1, 2, 1, 2, 0, 0, 0, 2, 1, 0, 1, 0, 1, 2, 1, 1, 1, 1, 1, 2, 0, 1, 2, 0, 0, 0, 1, 0, 1, 0, 0, 1, 0, 0, 0, 2, 0, 1, 0, 2, 0, 1, 1, 0, 0, 1, 0]|[4, 3, 2, 2, 0, 0, 2, 2, 2, 4, 1, 1, 2, 4, 4, 1, 1, 4, 2, 1, 1, 1, 1, 2, 1, 2, 1, 1, 1, 1, 3, 2, 3, 0, 4, 0, 1, 1, 0, 3, 2, 2, 4, 0, 1, 1, 3, 2, 0, 1, 2, 2, 1, 4, 0, 3, 2, 1, 1, 2, 1, 3, 1, 1, 2, 3, 0, 4, 3, 1, 4, 1, 1, 2, 4, 1, 2, 1, 1, 3, 2, 3, 1, 1, 1, 1, 1, 1, 1, 1, 3, 2, 1, 1, 4, 1, 2, 2, 3, 2]|[0, 2, 1, 1, 3, 3, 0, 1, 0, 0, 0, 0, 1, 0, 1, 0, 0, 3, 1, 0, 0, 0, 3, 1, 0, 2, 0, 0, 0, 1, 0, 0, 0, 0, 3, 0, 1, 0, 0, 2, 1, 1, 2, 0, 0, 0, 0, 1, 1, 0, 0, 0, 1, 3, 0, 0, 1, 0, 0, 1, 0, 2, 0, 1, 1, 2, 1, 0, 0, 1, 1, 3, 0, 1, 3, 0, 1, 0, 0, 2, 1, 0, 0, 0, 1, 0, 0, 0, 0, 0, 2, 1, 0, 1, 3, 1, 0, 0, 0, 0],843.7439659666079,57777.80974073964,86440.68470675517,false
58,G1_CMAX,G1_CMAX,[31, 22, 90, 26, 58, 95, 42, 12, 93, 5, 78, 86, 98, 18, 20, 35, 3, 97, 91, 76, 10, 85, 54, 45, 63, 71, 66, 1, 23, 17, 24, 60, 36, 6, 57, 15, 65, 56, 47, 79, 94, 67, 50, 46, 14, 75, 38, 9, 30, 19, 32, 81, 27, 92, 83, 87, 40, 99, 59, 11, 53, 16, 72, 77, 73, 70, 39, 37, 84, 43, 62, 25, 55, 28, 29, 51, 68, 82, 74, 61, 88, 21, 80, 89, 7, 69, 96, 41, 48, 4, 8, 34, 49, 52, 0, 44, 13, 2, 64, 33]|[1, 1, 1, 1, 0, 2, 1, 1, 2, 2, 2, 1, 0, 1, 2, 2, 1, 2, 0, 1, 2, 2, 2, 0, 0, 1, 2, 1, 2, 1, 2, 1, 1, 0, 1, 1, 0, 2, 2, 1, 1, 0, 0, 0, 0, 1, 1, 1, 1, 2, 1, 2, 2, 0, 0, 2, 1, 0, 0, 2, 0, 1, 2, 2, 1, 1, 1, 1, 1, 1, 0, 1, 1, 0, 0, 0, 0, 0, 2, 1, 1, 0, 0, 1, 1, 1, 2, 2, 0, 1, 1, 2, 0, 1, 0, 0, 0, 0, 2, 2]|[0, 4, 3, 0, 1, 1, 2, 4, 1, 1, 2, 4, 1, 4, 1, 1, 1, 2, 2, 2, 2, 1, 1, 1, 2, 3, 2, 3, 0, 4, 1, 0, 3, 2, 2, 2, 1, 1, 1, 0, 2, 0, 1, 2, 1, 3, 1, 4, 2, 0, 3, 2, 1, 2, 1, 1, 4, 1, 1, 1, 2, 3, 0, 2, 4, 3, 1, 4, 1, 1, 1, 4, 4, 2, 1, 1, 1, 2, 1, 3, 0, 1, 1, 1, 1, 3, 1, 1, 1, 4, 3, 1, 1, 1, 2, 2, 2, 2, 1, 1]|[3, 0, 2, 3, 0, 0, 1, 0, 0, 0, 1, 0, 0, 3, 0, 0, 1, 1, 1, 2, 1, 0, 0, 0, 0, 0, 0, 0, 0, 3, 1, 0, 2, 1, 1, 1, 0, 0, 0, 0, 1, 1, 0, 0, 0, 0, 1, 3, 2, 0, 0, 1, 0, 1, 0, 0, 2, 0, 0, 0, 1, 2, 1, 1, 0, 0, 1, 1, 3, 3, 0, 3, 3, 1, 0, 0, 0, 1, 0, 0, 0, 0, 0, 1, 2, 2, 0, 0, 0, 0, 2, 0, 1, 1, 0, 0, 0, 0, 0, 0],705.0470749739228,58445.79123614564,95781.2895945797,false
58,G4_BALANCED,G4_BALANCED,[31, 11, 15, 82, 26, 9, 95, 32, 77, 68, 47, 5, 93, 78, 86, 54, 85, 63, 18, 44, 20, 49, 36, 14, 74, 50, 53, 17, 21, 45, 71, 64, 3, 73, 30, 83, 24, 41, 2, 52, 65, 27, 90, 70, 39, 87, 48, 69, 99, 4, 46, 1, 13, 58, 97, 59, 28, 75, 23, 37, 35, 79, 22, 66, 76, 42, 40, 80, 96, 6, 16, 61, 33, 7, 57, 34, 12, 67, 10, 98, 56, 88, 29, 8, 91, 38, 19, 92, 43, 84, 51, 72, 81, 25, 60, 55, 94, 89, 62, 0]|[2, 1, 1, 2, 1, 2, 1, 1, 1, 1, 1, 0, 2, 2, 1, 2, 0, 0, 0, 2, 2, 1, 0, 2, 0, 2, 2, 1, 0, 1, 1, 1, 0, 0, 1, 0, 2, 1, 2, 2, 0, 0, 1, 1, 0, 2, 0, 2, 1, 0, 0, 2, 0, 0, 2, 0, 1, 0, 0, 0, 2, 1, 0, 2, 2, 0, 2, 2, 0, 1, 2, 1, 1, 2, 0, 1, 1, 1, 1, 2, 2, 1, 1, 1, 1, 0, 1, 0, 1, 0, 1, 1, 1, 1, 2, 0, 2, 1, 1, 0]|[1, 3, 2, 0, 4, 1, 4, 4, 2, 4, 3, 2, 1, 0, 2, 1, 1, 1, 2, 1, 1, 3, 0, 1, 0, 1, 1, 4, 1, 4, 3, 2, 2, 0, 4, 1, 1, 4, 0, 1, 2, 1, 4, 4, 1, 1, 0, 2, 3, 2, 2, 1, 2, 1, 1, 2, 4, 2, 0, 2, 2, 3, 1, 0, 1, 2, 0, 1, 2, 4, 1, 3, 4, 1, 2, 4, 3, 3, 3, 1, 1, 4, 3, 3, 3, 2, 4, 2, 4, 2, 3, 4, 1, 4, 0, 2, 1, 4, 3, 2]|[1, 2, 1, 0, 3, 0, 1, 3, 0, 0, 2, 0, 1, 0, 1, 0, 0, 0, 1, 0, 0, 2, 0, 0, 1, 0, 0, 3, 0, 1, 0, 2, 0, 1, 3, 0, 1, 3, 1, 0, 0, 0, 1, 3, 0, 0, 1, 0, 2, 0, 0, 0, 0, 0, 1, 0, 1, 0, 1, 1, 0, 2, 0, 0, 0, 0, 0, 0, 0, 2, 0, 0, 1, 0, 0, 1, 0, 0, 3, 0, 0, 1, 0, 0, 0, 0, 3, 0, 2, 0, 0, 2, 1, 3, 1, 0, 0, 1, 0, 0],842.3358630601143,53281.86467765049,106164.56583665014,false
58,G2_TEC,G4_BALANCED,[20, 94, 82, 15, 26, 9, 95, 42, 77, 68, 47, 5, 93, 78, 86, 54, 85, 63, 18, 44, 31, 49, 36, 14, 74, 50, 53, 17, 21, 28, 11, 64, 3, 23, 30, 83, 24, 41, 40, 52, 65, 27, 90, 70, 39, 87, 48, 69, 99, 4, 46, 1, 13, 56, 97, 59, 45, 8, 73, 37, 35, 79, 71, 66, 76, 16, 60, 80, 58, 6, 67, 61, 33, 7, 57, 34, 12, 32, 10, 38, 96, 88, 43, 81, 91, 2, 84, 29, 92, 19, 51, 55, 89, 75, 25, 22, 98, 72, 62, 0]|[2, 1, 2, 1, 1, 2, 1, 1, 1, 1, 1, 0, 2, 2, 1, 2, 0, 0, 0, 2, 2, 1, 0, 2, 0, 2, 2, 1, 0, 1, 1, 1, 0, 0, 1, 0, 2, 1, 2, 2, 0, 0, 1, 1, 0, 2, 0, 2, 1, 0, 0, 2, 0, 2, 2, 0, 1, 1, 0, 0, 2, 1, 1, 2, 2, 2, 2, 2, 2, 1, 2, 1, 1, 2, 0, 1, 1, 0, 1, 0, 0, 1, 1, 1, 1, 0, 0, 1, 0, 1, 1, 0, 1, 0, 1, 2, 2, 1, 1, 0]|[1, 3, 0, 3, 4, 1, 4, 4, 4, 4, 3, 2, 1, 0, 2, 1, 1, 1, 2, 1, 1, 3, 0, 1, 0, 1, 1, 4, 1, 4, 3, 2, 2, 0, 4, 1, 1, 4, 1, 1, 2, 1, 4, 4, 1, 1, 0, 1, 3, 2, 2, 1, 2, 1, 1, 2, 4, 3, 0, 2, 1, 3, 3, 1, 1, 1, 1, 1, 1, 4, 1, 3, 4, 1, 2, 4, 3, 2, 3, 2, 2, 4, 4, 4, 3, 2, 2, 3, 2, 4, 3, 2, 4, 2, 4, 1, 1, 4, 3, 2]|[0, 2, 0, 0, 3, 0, 1, 3, 1, 0, 2, 0, 1, 0, 1, 0, 0, 0, 1, 0, 0, 2, 0, 0, 1, 0, 0, 3, 0, 1, 0, 2, 0, 0, 3, 0, 1, 1, 0, 0, 0, 0, 1, 3, 0, 0, 1, 0, 2, 0, 0, 0, 0, 0, 1, 0, 1, 0, 1, 1, 0, 2, 0, 0, 0, 0, 0, 0, 0, 2, 0, 0, 1, 0, 0, 1, 0, 0, 3, 0, 0, 1, 2, 2, 0, 0, 0, 3, 0, 1, 0, 0, 1, 0, 3, 0, 0, 1, 0, 0],910.6016522559228,48414.55244339237,106657.9111807071,true
58,G3_TWC,G3_TWC,[31, 22, 42, 15, 26, 58, 95, 82, 77, 12, 47, 5, 93, 78, 98, 54, 85, 63, 18, 44, 20, 35, 43, 97, 91, 76, 10, 30, 21, 45, 71, 64, 1, 23, 17, 83, 24, 61, 60, 49, 6, 57, 94, 88, 65, 56, 79, 40, 67, 68, 46, 75, 0, 9, 19, 32, 81, 41, 27, 62, 87, 90, 99, 59, 53, 16, 72, 73, 70, 39, 37, 84, 3, 92, 25, 74, 28, 38, 51, 7, 11, 14, 86, 48, 89, 66, 50, 96, 33, 80, 8, 4, 34, 36, 55, 52, 13, 29, 69, 2]|[1, 1, 0, 1, 1, 1, 2, 1, 2, 1, 2, 2, 2, 1, 1, 0, 0, 1, 0, 2, 2, 0, 1, 2, 0, 1, 2, 2, 0, 0, 1, 2, 1, 0, 1, 0, 2, 0, 1, 1, 0, 1, 1, 1, 0, 2, 1, 1, 0, 0, 0, 0, 1, 1, 2, 1, 2, 0, 0, 0, 2, 1, 0, 1, 0, 1, 2, 1, 1, 1, 1, 1, 2, 0, 1, 2, 0, 0, 0, 1, 0, 1, 0, 0, 1, 0, 0, 0, 2, 0, 1, 0, 2, 0, 1, 1, 0, 0, 1, 0]|[4, 3, 2, 2, 0, 0, 2, 2, 2, 4, 1, 1, 2, 4, 4, 1, 1, 4, 2, 1, 1, 1, 1, 2, 1, 2, 1, 1, 1, 1, 3, 2, 3, 0, 4, 0, 1, 1, 0, 3, 2, 2, 4, 0, 1, 1, 3, 2, 0, 1, 2, 2, 1, 4, 0, 3, 2, 1, 1, 2, 1, 3, 1, 1, 2, 3, 0, 4, 3, 1, 4, 1, 1, 2, 4, 1, 2, 1, 1, 3, 2, 3, 1, 1, 1, 1, 1, 1, 1, 1, 3, 2, 1, 1, 4, 1, 2, 2, 3, 2]|[0, 2, 1, 1, 3, 3, 0, 1, 0, 0, 0, 0, 1, 0, 1, 0, 0, 3, 1, 0, 0, 0, 3, 1, 0, 2, 0, 0, 0, 1, 0, 0, 0, 0, 3, 0, 1, 0, 0, 2, 1, 1, 2, 0, 0, 0, 0, 1, 1, 0, 0, 0, 1, 3, 0, 0, 1, 0, 0, 1, 0, 2, 0, 1, 1, 2, 1, 0, 0, 1, 1, 3, 0, 1, 3, 0, 1, 0, 0, 2, 1, 0, 0, 0, 1, 0, 0, 0, 0, 0, 2, 1, 0, 1, 3, 1, 0, 0, 0, 0],843.7439659666079,57777.80974073964,86440.68470675517,false
58,G1_CMAX,G1_CMAX,[31, 22, 90, 26, 58, 95, 42, 12, 93, 5, 78, 86, 98, 18, 20, 35, 3, 97, 91, 76, 10, 85, 54, 45, 63, 71, 66, 1, 23, 17, 24, 60, 36, 6, 57, 15, 65, 56, 47, 79, 94, 67, 50, 46, 14, 75, 38, 9, 30, 19, 32, 81, 27, 92, 83, 87, 40, 99, 59, 11, 53, 16, 72, 77, 73, 70, 39, 37, 84, 43, 62, 25, 55, 28, 29, 51, 68, 82, 74, 61, 88, 21, 80, 89, 7, 69, 96, 41, 48, 4, 8, 34, 49, 52, 0, 44, 13, 2, 64, 33]|[1, 1, 1, 1, 0, 2, 1, 1, 2, 2, 2, 1, 0, 1, 2, 2, 1, 2, 0, 1, 2, 2, 2, 0, 0, 1, 2, 1, 2, 1, 2, 1, 1, 0, 1, 1, 0, 2, 2, 1, 1, 0, 0, 0, 0, 1, 1, 1, 1, 2, 1, 2, 2, 0, 0, 2, 1, 0, 0, 2, 0, 1, 2, 2, 1, 1, 1, 1, 1, 1, 0, 1, 1, 0, 0, 0, 0, 0, 2, 1, 1, 0, 0, 1, 1, 1, 2, 2, 0, 1, 1, 2, 0, 1, 0, 0, 0, 0, 2, 2]|[0, 4, 3, 0, 1, 1, 2, 4, 1, 1, 2, 4, 1, 4, 1, 1, 1, 2, 2, 2, 2, 1, 1, 1, 2, 3, 2, 3, 0, 4, 1, 0, 3, 2, 2, 2, 1, 1, 1, 0, 2, 0, 1, 2, 1, 3, 1, 4, 2, 0, 3, 2, 1, 2, 1, 1, 4, 1, 1, 1, 2, 3, 0, 2, 4, 3, 1, 4, 1, 1, 1, 4, 4, 2, 1, 1, 1, 2, 1, 3, 0, 1, 1, 1, 1, 3, 1, 1, 1, 4, 3, 1, 1, 1, 2, 2, 2, 2, 1, 1]|[3, 0, 2, 3, 0, 0, 1, 0, 0, 0, 1, 0, 0, 3, 0, 0, 1, 1, 1, 2, 1, 0, 0, 0, 0, 0, 0, 0, 0, 3, 1, 0, 2, 1, 1, 1, 0, 0, 0, 0, 1, 1, 0, 0, 0, 0, 1, 3, 2, 0, 0, 1, 0, 1, 0, 0, 2, 0, 0, 0, 1, 2, 1, 1, 0, 0, 1, 1, 3, 3, 0, 3, 3, 1, 0, 0, 0, 1, 0, 0, 0, 0, 0, 1, 2, 2, 0, 0, 0, 0, 2, 0, 1, 1, 0, 0, 0, 0, 0, 0],705.0470749739228,58445.79123614564,95781.2895945797,false
58,G4_BALANCED,G3_TWC,[31, 22, 42, 15, 26, 58, 95, 82, 77, 12, 47, 5, 93, 78, 98, 54, 85, 63, 18, 44, 20, 35, 43, 97, 91, 76, 10, 30, 21, 45, 71, 64, 1, 23, 17, 83, 24, 61, 60, 36, 6, 57, 94, 88, 65, 56, 79, 40, 67, 68, 46, 75, 38, 9, 19, 32, 81, 41, 27, 62, 87, 90, 99, 59, 53, 16, 72, 73, 70, 39, 37, 84, 3, 92, 25, 55, 28, 29, 51, 50, 33, 14, 86, 66, 89, 7, 48, 96, 11, 80, 4, 8, 34, 49, 74, 52, 13, 2, 69, 0]|[1, 1, 0, 1, 1, 1, 2, 1, 2, 1, 2, 2, 2, 1, 1, 0, 0, 1, 0, 2, 2, 0, 1, 2, 0, 1, 2, 2, 0, 0, 1, 2, 1, 0, 1, 0, 2, 1, 1, 1, 0, 1, 1, 1, 0, 2, 1, 1, 0, 0, 0, 0, 1, 1, 2, 1, 2, 0, 0, 0, 2, 1, 0, 1, 0, 1, 2, 1, 1, 1, 1, 1, 2, 0, 1, 1, 0, 0, 0, 0, 2, 1, 0, 2, 1, 1, 0, 2, 2, 0, 1, 1, 2, 0, 2, 1, 0, 0, 1, 0]|[4, 3, 2, 2, 0, 0, 2, 2, 2, 4, 1, 1, 2, 4, 4, 1, 1, 4, 2, 1, 1, 1, 1, 2, 1, 2, 1, 1, 1, 1, 3, 2, 3, 0, 4, 0, 1, 3, 0, 3, 2, 2, 4, 0, 1, 1, 3, 2, 0, 1, 2, 2, 1, 4, 0, 3, 2, 1, 1, 2, 1, 3, 1, 1, 2, 3, 0, 4, 3, 1, 4, 1, 1, 2, 4, 4, 2, 1, 1, 1, 1, 3, 1, 1, 1, 3, 1, 1, 1, 1, 4, 3, 1, 1, 1, 1, 2, 2, 4, 2]|[0, 2, 1, 1, 3, 3, 0, 1, 0, 0, 0, 0, 1, 0, 1, 0, 0, 3, 1, 0, 0, 0, 3, 1, 0, 2, 0, 0, 0, 1, 0, 0, 0, 0, 3, 0, 1, 0, 0, 2, 1, 1, 2, 0, 0, 0, 0, 1, 1, 0, 0, 0, 1, 3, 0, 0, 1, 0, 0, 1, 0, 2, 0, 1, 1, 2, 1, 0, 0, 1, 1, 3, 0, 1, 3, 3, 1, 0, 0, 0, 0, 0, 0, 0, 1, 2, 0, 0, 0, 0, 0, 2, 0, 1, 0, 1, 0, 0, 2, 0],764.4741443273887,57191.32044742371,89643.90689546696,true
58,G2_TEC,G4_BALANCED,[20, 94, 82, 15, 26, 9, 95, 42, 77, 68, 47, 5, 93, 78, 86, 54, 85, 63, 18, 44, 31, 49, 36, 14, 74, 50, 53, 17, 21, 28, 11, 64, 3, 23, 30, 83, 24, 41, 40, 52, 65, 27, 90, 70, 39, 87, 48, 69, 99, 4, 46, 1, 13, 56, 97, 59, 45, 8, 73, 37, 35, 79, 71, 66, 76, 16, 60, 80, 58, 6, 67, 61, 33, 7, 57, 34, 12, 32, 10, 38, 96, 88, 43, 81, 91, 2, 84, 29, 92, 19, 51, 55, 89, 75, 25, 22, 98, 72, 62, 0]|[2, 1, 2, 1, 1, 2, 1, 1, 1, 1, 1, 0, 2, 2, 1, 2, 0, 0, 0, 2, 2, 1, 0, 2, 0, 2, 2, 1, 0, 1, 1, 1, 0, 0, 1, 0, 2, 1, 2, 2, 0, 0, 1, 1, 0, 2, 0, 2, 1, 0, 0, 2, 0, 2, 2, 0, 1, 1, 0, 0, 2, 1, 1, 2, 2, 2, 2, 2, 2, 1, 2, 1, 1, 2, 0, 1, 1, 0, 1, 0, 0, 1, 1, 1, 1, 0, 0, 1, 0, 1, 1, 0, 1, 0, 1, 2, 2, 1, 1, 0]|[1, 3, 0, 3, 4, 1, 4, 4, 4, 4, 3, 2, 1, 0, 2, 1, 1, 1, 2, 1, 1, 3, 0, 1, 0, 1, 1, 4, 1, 4, 3, 2, 2, 0, 4, 1, 1, 4, 1, 1, 2, 1, 4, 4, 1, 1, 0, 1, 3, 2, 2, 1, 2, 1, 1, 2, 4, 3, 0, 2, 1, 3, 3, 1, 1, 1, 1, 1, 1, 4, 1, 3, 4, 1, 2, 4, 3, 2, 3, 2, 2, 4, 4, 4, 3, 2, 2, 3, 2, 4, 3, 2, 4, 2, 4, 1, 1, 4, 3, 2]|[0, 2, 0, 0, 3, 0, 1, 3, 1, 0, 2, 0, 1, 0, 1, 0, 0, 0, 1, 0, 0, 2, 0, 0, 1, 0, 0, 3, 0, 1, 0, 2, 0, 0, 3, 0, 1, 1, 0, 0, 0, 0, 1, 3, 0, 0, 1, 0, 2, 0, 0, 0, 0, 0, 1, 0, 1, 0, 1, 1, 0, 2, 0, 0, 0, 0, 0, 0, 0, 2, 0, 0, 1, 0, 0, 1, 0, 0, 3, 0, 0, 1, 2, 2, 0, 0, 0, 3, 0, 1, 0, 0, 1, 0, 3, 0, 0, 1, 0, 0],910.6016522559228,48414.55244339237,106657.9111807071,true
58,G3_TWC,G3_TWC,[31, 22, 42, 15, 26, 58, 95, 82, 77, 12, 47, 5, 93, 78, 98, 54, 85, 63, 18, 44, 20, 35, 43, 97, 91, 76, 10, 30, 21, 45, 71, 64, 1, 23, 17, 83, 24, 61, 60, 49, 6, 57, 94, 88, 65, 56, 79, 40, 67, 68, 46, 75, 0, 9, 19, 32, 81, 41, 27, 62, 87, 90, 99, 59, 53, 16, 72, 73, 70, 39, 37, 84, 3, 92, 25, 74, 28, 38, 51, 7, 11, 14, 86, 48, 89, 66, 50, 96, 33, 80, 8, 4, 34, 36, 55, 52, 13, 29, 69, 2]|[1, 1, 0, 1, 1, 1, 2, 1, 2, 1, 2, 2, 2, 1, 1, 0, 0, 1, 0, 2, 2, 0, 1, 2, 0, 1, 2, 2, 0, 0, 1, 2, 1, 0, 1, 0, 2, 0, 1, 1, 0, 1, 1, 1, 0, 2, 1, 1, 0, 0, 0, 0, 1, 1, 2, 1, 2, 0, 0, 0, 2, 1, 0, 1, 0, 1, 2, 1, 1, 1, 1, 1, 2, 0, 1, 2, 0, 0, 0, 1, 0, 1, 0, 0, 1, 0, 0, 0, 2, 0, 1, 0, 2, 0, 1, 1, 0, 0, 1, 0]|[4, 3, 2, 2, 0, 0, 2, 2, 2, 4, 1, 1, 2, 4, 4, 1, 1, 4, 2, 1, 1, 1, 1, 2, 1, 2, 1, 1, 1, 1, 3, 2, 3, 0, 4, 0, 1, 1, 0, 3, 2, 2, 4, 0, 1, 1, 3, 2, 0, 1, 2, 2, 1, 4, 0, 3, 2, 1, 1, 2, 1, 3, 1, 1, 2, 3, 0, 4, 3, 1, 4, 1, 1, 2, 4, 1, 2, 1, 1, 3, 2, 3, 1, 1, 1, 1, 1, 1, 1, 1, 3, 2, 1, 1, 4, 1, 2, 2, 3, 2]|[0, 2, 1, 1, 3, 3, 0, 1, 0, 0, 0, 0, 1, 0, 1, 0, 0, 3, 1, 0, 0, 0, 3, 1, 0, 2, 0, 0, 0, 1, 0, 0, 0, 0, 3, 0, 1, 0, 0, 2, 1, 1, 2, 0, 0, 0, 0, 1, 1, 0, 0, 0, 1, 3, 0, 0, 1, 0, 0, 1, 0, 2, 0, 1, 1, 2, 1, 0, 0, 1, 1, 3, 0, 1, 3, 0, 1, 0, 0, 2, 1, 0, 0, 0, 1, 0, 0, 0, 0, 0, 2, 1, 0, 1, 3, 1, 0, 0, 0, 0],843.7439659666079,57777.80974073964,86440.68470675517,false
58,G1_CMAX,G1_CMAX,[31, 22, 90, 26, 58, 95, 42, 12, 93, 5, 78, 86, 98, 18, 20, 35, 3, 97, 91, 76, 10, 85, 54, 45, 63, 71, 66, 1, 23, 17, 24, 60, 36, 6, 57, 15, 65, 56, 47, 79, 94, 67, 50, 46, 14, 75, 38, 9, 30, 19, 32, 81, 27, 92, 83, 87, 40, 99, 59, 11, 53, 16, 72, 77, 73, 70, 39, 37, 84, 43, 62, 25, 55, 28, 29, 51, 68, 82, 74, 61, 88, 21, 80, 89, 7, 69, 96, 41, 48, 4, 8, 34, 49, 52, 0, 44, 13, 2, 64, 33]|[1, 1, 1, 1, 0, 2, 1, 1, 2, 2, 2, 1, 0, 1, 2, 2, 1, 2, 0, 1, 2, 2, 2, 0, 0, 1, 2, 1, 2, 1, 2, 1, 1, 0, 1, 1, 0, 2, 2, 1, 1, 0, 0, 0, 0, 1, 1, 1, 1, 2, 1, 2, 2, 0, 0, 2, 1, 0, 0, 2, 0, 1, 2, 2, 1, 1, 1, 1, 1, 1, 0, 1, 1, 0, 0, 0, 0, 0, 2, 1, 1, 0, 0, 1, 1, 1, 2, 2, 0, 1, 1, 2, 0, 1, 0, 0, 0, 0, 2, 2]|[0, 4, 3, 0, 1, 1, 2, 4, 1, 1, 2, 4, 1, 4, 1, 1, 1, 2, 2, 2, 2, 1, 1, 1, 2, 3, 2, 3, 0, 4, 1, 0, 3, 2, 2, 2, 1, 1, 1, 0, 2, 0, 1, 2, 1, 3, 1, 4, 2, 0, 3, 2, 1, 2, 1, 1, 4, 1, 1, 1, 2, 3, 0, 2, 4, 3, 1, 4, 1, 1, 1, 4, 4, 2, 1, 1, 1, 2, 1, 3, 0, 1, 1, 1, 1, 3, 1, 1, 1, 4, 3, 1, 1, 1, 2, 2, 2, 2, 1, 1]|[3, 0, 2, 3, 0, 0, 1, 0, 0, 0, 1, 0, 0, 3, 0, 0, 1, 1, 1, 2, 1, 0, 0, 0, 0, 0, 0, 0, 0, 3, 1, 0, 2, 1, 1, 1, 0, 0, 0, 0, 1, 1, 0, 0, 0, 0, 1, 3, 2, 0, 0, 1, 0, 1, 0, 0, 2, 0, 0, 0, 1, 2, 1, 1, 0, 0, 1, 1, 3, 3, 0, 3, 3, 1, 0, 0, 0, 1, 0, 0, 0, 0, 0, 1, 2, 2, 0, 0, 0, 0, 2, 0, 1, 1, 0, 0, 0, 0, 0, 0],705.0470749739228,58445.79123614564,95781.2895945797,false
58,G4_BALANCED,G4_BALANCED,[20, 94, 82, 15, 26, 9, 95, 42, 77, 68, 47, 5, 93, 78, 86, 54, 85, 63, 18, 44, 31, 49, 36, 14, 74, 50, 53, 17, 21, 28, 11, 64, 3, 23, 30, 83, 24, 41, 40, 52, 65, 27, 90, 70, 39, 87, 48, 69, 99, 4, 46, 1, 13, 56, 97, 59, 45, 8, 73, 37, 35, 79, 71, 66, 76, 16, 60, 80, 58, 6, 67, 61, 33, 7, 57, 34, 12, 10, 32, 98, 96, 88, 43, 81, 91, 2, 84, 29, 92, 19, 51, 55, 89, 75, 25, 22, 38, 72, 62, 0]|[2, 1, 2, 1, 1, 2, 1, 1, 1, 1, 1, 0, 2, 2, 1, 2, 0, 0, 0, 2, 2, 1, 0, 2, 0, 2, 2, 1, 0, 1, 1, 1, 0, 0, 1, 0, 2, 1, 2, 2, 0, 0, 1, 1, 0, 2, 0, 2, 1, 0, 0, 2, 0, 2, 2, 0, 1, 1, 0, 0, 2, 1, 1, 2, 2, 2, 2, 2, 2, 1, 2, 1, 1, 2, 0, 1, 1, 1, 0, 0, 0, 1, 1, 1, 1, 0, 0, 1, 0, 1, 1, 0, 1, 2, 1, 2, 0, 1, 1, 0]|[0, 3, 0, 3, 4, 1, 4, 4, 4, 4, 3, 2, 1, 0, 2, 1, 1, 1, 2, 1, 1, 3, 0, 1, 0, 1, 1, 4, 1, 4, 3, 2, 2, 0, 4, 1, 1, 4, 1, 1, 2, 1, 4, 4, 1, 1, 0, 1, 3, 2, 2, 1, 2, 1, 1, 2, 4, 3, 0, 2, 2, 3, 3, 1, 1, 1, 1, 1, 1, 4, 1, 3, 4, 1, 2, 4, 3, 3, 2, 2, 2, 4, 4, 4, 3, 2, 2, 3, 2, 4, 3, 2, 4, 1, 4, 1, 2, 4, 3, 2]|[0, 2, 0, 0, 3, 0, 1, 3, 1, 0, 2, 0, 1, 0, 1, 0, 0, 0, 1, 0, 0, 2, 0, 0, 1, 0, 0, 3, 0, 1, 0, 2, 0, 0, 3, 0, 1, 1, 0, 0, 0, 0, 1, 3, 0, 0, 1, 0, 2, 0, 0, 0, 0, 0, 1, 0, 1, 0, 1, 1, 0, 2, 0, 0, 0, 0, 0, 0, 0, 2, 0, 0, 1, 0, 0, 1, 0, 3, 0, 0, 0, 1, 2, 2, 0, 0, 0, 3, 0, 1, 0, 0, 1, 0, 3, 0, 0, 1, 0, 0],910.6016522559228,48561.88282065277,106123.56923801439,false
58,G2_TEC,G4_BALANCED,[20, 94, 82, 15, 26, 9, 95, 42, 77, 68, 47, 5, 93, 78, 86, 54, 85, 63, 18, 44, 31, 49, 36, 14, 74, 50, 53, 17, 21, 28, 11, 64, 3, 23, 30, 83, 24, 41, 40, 52, 65, 27, 90, 70, 39, 87, 48, 69, 99, 4, 46, 1, 13, 56, 97, 59, 45, 8, 73, 37, 35, 79, 71, 66, 76, 16, 60, 80, 58, 6, 67, 61, 33, 7, 57, 34, 12, 32, 10, 38, 96, 88, 43, 81, 91, 2, 84, 29, 92, 19, 51, 55, 89, 75, 25, 22, 98, 72, 62, 0]|[2, 1, 2, 1, 1, 2, 1, 1, 1, 1, 1, 0, 2, 2, 1, 2, 0, 0, 0, 2, 2, 1, 0, 2, 0, 2, 2, 1, 0, 1, 1, 1, 0, 0, 1, 0, 2, 1, 2, 2, 0, 0, 1, 1, 0, 2, 0, 2, 1, 0, 0, 2, 0, 2, 2, 0, 1, 1, 0, 0, 2, 1, 1, 2, 2, 2, 2, 2, 2, 1, 2, 1, 1, 2, 0, 1, 1, 0, 1, 0, 0, 1, 1, 1, 1, 0, 0, 1, 0, 1, 1, 0, 1, 0, 1, 2, 2, 1, 1, 0]|[1, 3, 0, 3, 4, 1, 4, 4, 4, 4, 3, 2, 1, 0, 2, 1, 1, 1, 2, 1, 1, 3, 0, 1, 0, 1, 1, 4, 1, 4, 3, 2, 2, 0, 4, 1, 1, 4, 1, 1, 2, 1, 4, 4, 1, 1, 0, 1, 3, 2, 2, 1, 2, 1, 1, 2, 4, 3, 0, 2, 1, 3, 3, 1, 1, 1, 1, 1, 1, 4, 1, 3, 4, 1, 2, 4, 3, 2, 3, 2, 2, 4, 4, 4, 3, 2, 2, 3, 2, 4, 3, 2, 4, 2, 4, 1, 1, 4, 3, 2]|[0, 2, 0, 0, 3, 0, 1, 3, 1, 0, 2, 0, 1, 0, 1, 0, 0, 0, 1, 0, 0, 2, 0, 0, 1, 0, 0, 3, 0, 1, 0, 2, 0, 0, 3, 0, 1, 1, 0, 0, 0, 0, 1, 3, 0, 0, 1, 0, 2, 0, 0, 0, 0, 0, 1, 0, 1, 0, 1, 1, 0, 2, 0, 0, 0, 0, 0, 0, 0, 2, 0, 0, 1, 0, 0, 1, 0, 0, 3, 0, 0, 1, 2, 2, 0, 0, 0, 3, 0, 1, 0, 0, 1, 0, 3, 0, 0, 1, 0, 0],910.6016522559228,48414.55244339237,106657.9111807071,true
58,G3_TWC,G3_TWC,[31, 22, 42, 15, 26, 58, 95, 82, 77, 12, 47, 5, 93, 78, 98, 54, 85, 63, 18, 44, 20, 35, 43, 97, 91, 76, 10, 30, 21, 45, 71, 64, 1, 23, 17, 83, 24, 61, 60, 49, 6, 57, 94, 88, 65, 56, 79, 40, 67, 68, 46, 75, 0, 9, 19, 32, 81, 41, 27, 62, 87, 90, 99, 59, 53, 16, 72, 73, 70, 39, 37, 84, 3, 92, 25, 74, 28, 38, 51, 7, 11, 14, 86, 48, 89, 66, 50, 96, 33, 80, 8, 4, 34, 36, 55, 52, 13, 29, 69, 2]|[1, 1, 0, 1, 1, 1, 2, 1, 2, 1, 2, 2, 2, 1, 1, 0, 0, 1, 0, 2, 2, 0, 1, 2, 0, 1, 2, 2, 0, 0, 1, 2, 1, 0, 1, 0, 2, 0, 1, 1, 0, 1, 1, 1, 0, 2, 1, 1, 0, 0, 0, 0, 1, 1, 2, 1, 2, 0, 0, 0, 2, 1, 0, 1, 0, 1, 2, 1, 1, 1, 1, 1, 2, 0, 1, 2, 0, 0, 0, 1, 0, 1, 0, 0, 1, 0, 0, 0, 2, 0, 1, 0, 2, 0, 1, 1, 0, 0, 1, 0]|[4, 3, 2, 2, 0, 0, 2, 2, 2, 4, 1, 1, 2, 4, 4, 1, 1, 4, 2, 1, 1, 1, 1, 2, 1, 2, 1, 1, 1, 1, 3, 2, 3, 0, 4, 0, 1, 1, 0, 3, 2, 2, 4, 0, 1, 1, 3, 2, 0, 1, 2, 2, 1, 4, 0, 3, 2, 1, 1, 2, 1, 3, 1, 1, 2, 3, 0, 4, 3, 1, 4, 1, 1, 2, 4, 1, 2, 1, 1, 3, 2, 3, 1, 1, 1, 1, 1, 1, 1, 1, 3, 2, 1, 1, 4, 1, 2, 2, 3, 2]|[0, 2, 1, 1, 3, 3, 0, 1, 0, 0, 0, 0, 1, 0, 1, 0, 0, 3, 1, 0, 0, 0, 3, 1, 0, 2, 0, 0, 0, 1, 0, 0, 0, 0, 3, 0, 1, 0, 0, 2, 1, 1, 2, 0, 0, 0, 0, 1, 1, 0, 0, 0, 1, 3, 0, 0, 1, 0, 0, 1, 0, 2, 0, 1, 1, 2, 1, 0, 0, 1, 1, 3, 0, 1, 3, 0, 1, 0, 0, 2, 1, 0, 0, 0, 1, 0, 0, 0, 0, 0, 2, 1, 0, 1, 3, 1, 0, 0, 0, 0],843.7439659666079,57777.80974073964,86440.68470675517,false
58,G1_CMAX,G1_CMAX,[31, 22, 82, 15, 26, 99, 95, 42, 77, 12, 47, 5, 93, 78, 86, 54, 21, 63, 18, 44, 20, 35, 43, 97, 91, 76, 10, 30, 85, 45, 71, 64, 1, 23, 17, 83, 24, 14, 60, 36, 6, 57, 40, 88, 65, 56, 79, 94, 67, 68, 46, 75, 38, 9, 19, 32, 41, 81, 27, 87, 90, 58, 59, 11, 16, 72, 73, 70, 39, 37, 84, 3, 92, 25, 55, 48, 74, 29, 51, 7, 33, 61, 98, 28, 89, 50, 4, 96, 53, 80, 8, 66, 34, 49, 52, 0, 62, 69, 2, 13]|[1, 1, 0, 1, 1, 0, 1, 1, 2, 1, 2, 2, 2, 1, 1, 0, 0, 1, 0, 2, 2, 0, 1, 2, 0, 1, 2, 2, 0, 0, 1, 2, 1, 2, 1, 0, 2, 0, 1, 1, 0, 1, 1, 1, 0, 2, 1, 1, 0, 0, 0, 0, 1, 1, 2, 1, 0, 2, 0, 2, 1, 0, 1, 2, 1, 2, 1, 1, 1, 1, 1, 1, 0, 1, 2, 0, 2, 0, 0, 2, 2, 1, 2, 0, 1, 0, 1, 2, 0, 0, 1, 2, 2, 0, 1, 0, 1, 1, 0, 0]|[0, 3, 2, 2, 4, 1, 2, 3, 2, 4, 1, 1, 2, 4, 4, 1, 1, 4, 2, 1, 1, 1, 1, 2, 1, 2, 1, 1, 2, 1, 3, 2, 3, 1, 4, 0, 1, 1, 0, 3, 2, 2, 2, 0, 1, 1, 0, 4, 0, 1, 2, 2, 1, 4, 0, 3, 1, 1, 1, 1, 3, 1, 1, 1, 3, 0, 4, 3, 1, 4, 1, 1, 0, 4, 1, 1, 1, 1, 1, 1, 1, 3, 1, 2, 1, 1, 4, 1, 2, 1, 3, 1, 1, 1, 1, 2, 1, 4, 2, 2]|[0, 2, 1, 1, 3, 0, 1, 3, 0, 0, 0, 0, 1, 0, 1, 0, 0, 3, 1, 0, 0, 0, 3, 1, 0, 2, 0, 0, 0, 1, 0, 0, 0, 0, 3, 0, 1, 0, 0, 2, 1, 1, 1, 0, 0, 0, 0, 2, 1, 0, 0, 0, 1, 3, 0, 0, 0, 0, 0, 0, 2, 0, 1, 0, 2, 1, 0, 0, 1, 1, 3, 1, 1, 3, 0, 0, 0, 0, 0, 0, 0, 0, 0, 1, 1, 0, 0, 0, 1, 0, 2, 0, 0, 1, 1, 0, 1, 2, 0, 0],730.1276596856602,56815.01019440286,94351.50741240397,false
58,G4_BALANCED,G4_BALANCED,[20, 94, 82, 15, 26, 9, 95, 42, 77, 68, 47, 5, 93, 78, 86, 54, 85, 63, 18, 44, 31, 49, 36, 14, 74, 50, 53, 17, 21, 28, 11, 64, 3, 23, 30, 83, 24, 41, 40, 52, 65, 27, 90, 70, 39, 87, 48, 69, 99, 4, 46, 1, 13, 56, 97, 59, 45, 8, 73, 37, 35, 79, 71, 66, 76, 16, 60, 80, 58, 6, 67, 61, 33, 7, 57, 34, 12, 10, 32, 98, 96, 88, 43, 81, 91, 2, 84, 29, 92, 19, 51, 55, 89, 75, 25, 22, 38, 72, 62, 0]|[2, 1, 2, 1, 1, 2, 1, 1, 1, 1, 1, 0, 2, 2, 1, 2, 0, 0, 0, 2, 2, 1, 0, 2, 0, 2, 2, 1, 0, 1, 1, 1, 0, 0, 1, 0, 2, 1, 2, 2, 0, 0, 1, 1, 0, 2, 0, 2, 1, 0, 0, 2, 0, 2, 2, 0, 1, 1, 0, 0, 2, 1, 1, 2, 2, 2, 2, 2, 2, 1, 2, 1, 1, 2, 0, 1, 1, 1, 0, 0, 0, 1, 1, 1, 1, 0, 0, 1, 0, 1, 1, 0, 1, 2, 1, 2, 0, 1, 1, 0]|[0, 3, 0, 3, 4, 1, 4, 4, 4, 4, 3, 2, 1, 0, 2, 1, 1, 1, 2, 1, 1, 3, 0, 1, 0, 1, 1, 4, 1, 4, 3, 2, 2, 0, 4, 1, 1, 4, 1, 1, 2, 1, 4, 4, 1, 1, 0, 1, 3, 2, 2, 1, 2, 1, 1, 2, 4, 3, 0, 2, 2, 3, 3, 1, 1, 1, 1, 1, 1, 4, 1, 3, 4, 1, 2, 4, 3, 3, 2, 2, 2, 4, 4, 4, 3, 2, 2, 3, 2, 4, 3, 2, 4, 1, 4, 1, 2, 4, 3, 2]|[0, 2, 0, 0, 3, 0, 1, 3, 1, 0, 2, 0, 1, 0, 1, 0, 0, 0, 1, 0, 0, 2, 0, 0, 1, 0, 0, 3, 0, 1, 0, 2, 0, 0, 3, 0, 1, 1, 0, 0, 0, 0, 1, 3, 0, 0, 1, 0, 2, 0, 0, 0, 0, 0, 1, 0, 1, 0, 1, 1, 0, 2, 0, 0, 0, 0, 0, 0, 0, 2, 0, 0, 1, 0, 0, 1, 0, 3, 0, 0, 0, 1, 2, 2, 0, 0, 0, 3, 0, 1, 0, 0, 1, 0, 3, 0, 0, 1, 0, 0],910.6016522559228,48561.88282065277,106123.56923801439,false
58,G2_TEC,G4_BALANCED,[20, 94, 82, 15, 26, 9, 95, 42, 77, 68, 47, 5, 93, 78, 86, 54, 85, 63, 18, 44, 31, 49, 36, 14, 74, 50, 53, 17, 21, 28, 11, 64, 3, 23, 30, 83, 24, 41, 40, 52, 65, 27, 90, 70, 39, 87, 48, 69, 99, 4, 46, 1, 13, 56, 97, 59, 45, 8, 73, 37, 35, 79, 71, 66, 76, 16, 60, 80, 58, 6, 67, 61, 33, 7, 57, 34, 12, 32, 10, 38, 96, 88, 43, 81, 91, 2, 84, 29, 92, 19, 51, 55, 89, 75, 25, 22, 98, 72, 62, 0]|[2, 1, 2, 1, 1, 2, 1, 1, 1, 1, 1, 0, 2, 2, 1, 2, 0, 0, 0, 2, 2, 1, 0, 2, 0, 2, 2, 1, 0, 1, 1, 1, 0, 0, 1, 0, 2, 1, 2, 2, 0, 0, 1, 1, 0, 2, 0, 2, 1, 0, 0, 2, 0, 2, 2, 0, 1, 1, 0, 0, 2, 1, 1, 2, 2, 2, 2, 2, 2, 1, 2, 1, 1, 2, 0, 1, 1, 0, 1, 0, 0, 1, 1, 1, 1, 0, 0, 1, 0, 1, 1, 0, 1, 0, 1, 2, 2, 1, 1, 0]|[1, 3, 0, 3, 4, 1, 4, 4, 4, 4, 3, 2, 1, 0, 2, 1, 1, 1, 2, 1, 1, 3, 0, 1, 0, 1, 1, 4, 1, 4, 3, 2, 2, 0, 4, 1, 1, 4, 1, 1, 2, 1, 4, 4, 1, 1, 0, 1, 3, 2, 2, 1, 2, 1, 1, 2, 4, 3, 0, 2, 1, 3, 3, 1, 1, 1, 1, 1, 1, 4, 1, 3, 4, 1, 2, 4, 3, 2, 3, 2, 2, 4, 4, 4, 3, 2, 2, 3, 2, 4, 3, 2, 4, 2, 4, 1, 1, 4, 3, 2]|[0, 2, 0, 0, 3, 0, 1, 3, 1, 0, 2, 0, 1, 0, 1, 0, 0, 0, 1, 0, 0, 2, 0, 0, 1, 0, 0, 3, 0, 1, 0, 2, 0, 0, 3, 0, 1, 1, 0, 0, 0, 0, 1, 3, 0, 0, 1, 0, 2, 0, 0, 0, 0, 0, 1, 0, 1, 0, 1, 1, 0, 2, 0, 0, 0, 0, 0, 0, 0, 2, 0, 0, 1, 0, 0, 1, 0, 0, 3, 0, 0, 1, 2, 2, 0, 0, 0, 3, 0, 1, 0, 0, 1, 0, 3, 0, 0, 1, 0, 0],910.6016522559228,48414.55244339237,106657.9111807071,true
58,G3_TWC,G3_TWC,[31, 22, 42, 15, 26, 58, 95, 82, 77, 12, 47, 5, 93, 78, 98, 54, 85, 63, 18, 44, 20, 35, 43, 97, 91, 76, 10, 30, 21, 45, 71, 64, 1, 23, 17, 83, 24, 61, 60, 49, 6, 57, 94, 88, 65, 56, 79, 40, 67, 68, 46, 75, 0, 9, 19, 32, 81, 41, 27, 62, 87, 90, 99, 59, 53, 16, 72, 73, 70, 39, 37, 84, 3, 92, 25, 74, 28, 38, 51, 7, 11, 14, 86, 48, 89, 66, 50, 96, 33, 80, 8, 4, 34, 36, 55, 52, 13, 29, 69, 2]|[1, 1, 0, 1, 1, 1, 2, 1, 2, 1, 2, 2, 2, 1, 1, 0, 0, 1, 0, 2, 2, 0, 1, 2, 0, 1, 2, 2, 0, 0, 1, 2, 1, 0, 1, 0, 2, 0, 1, 1, 0, 1, 1, 1, 0, 2, 1, 1, 0, 0, 0, 0, 1, 1, 2, 1, 2, 0, 0, 0, 2, 1, 0, 1, 0, 1, 2, 1, 1, 1, 1, 1, 2, 0, 1, 2, 0, 0, 0, 1, 0, 1, 0, 0, 1, 0, 0, 0, 2, 0, 1, 0, 2, 0, 1, 1, 0, 0, 1, 0]|[4, 3, 2, 2, 0, 0, 2, 2, 2, 4, 1, 1, 2, 4, 4, 1, 1, 4, 2, 1, 1, 1, 1, 2, 1, 2, 1, 1, 1, 1, 3, 2, 3, 0, 4, 0, 1, 1, 0, 3, 2, 2, 4, 0, 1, 1, 3, 2, 0, 1, 2, 2, 1, 4, 0, 3, 2, 1, 1, 2, 1, 3, 1, 1, 2, 3, 0, 4, 3, 1, 4, 1, 1, 2, 4, 1, 2, 1, 1, 3, 2, 3, 1, 1, 1, 1, 1, 1, 1, 1, 3, 2, 1, 1, 4, 1, 2, 2, 3, 2]|[0, 2, 1, 1, 3, 3, 0, 1, 0, 0, 0, 0, 1, 0, 1, 0, 0, 3, 1, 0, 0, 0, 3, 1, 0, 2, 0, 0, 0, 1, 0, 0, 0, 0, 3, 0, 1, 0, 0, 2, 1, 1, 2, 0, 0, 0, 0, 1, 1, 0, 0, 0, 1, 3, 0, 0, 1, 0, 0, 1, 0, 2, 0, 1, 1, 2, 1, 0, 0, 1, 1, 3, 0, 1, 3, 0, 1, 0, 0, 2, 1, 0, 0, 0, 1, 0, 0, 0, 0, 0, 2, 1, 0, 1, 3, 1, 0, 0, 0, 0],843.7439659666079,57777.80974073964,86440.68470675517,false
58,G1_CMAX,G1_CMAX,[31, 22, 82, 15, 26, 99, 95, 42, 77, 12, 47, 5, 93, 78, 86, 54, 21, 63, 18, 44, 20, 35, 43, 97, 91, 76, 10, 30, 85, 45, 71, 64, 1, 23, 17, 83, 24, 14, 60, 36, 6, 57, 40, 88, 65, 56, 79, 94, 67, 68, 46, 75, 38, 9, 19, 32, 41, 81, 27, 87, 90, 58, 59, 11, 16, 72, 73, 70, 39, 37, 84, 3, 92, 25, 55, 48, 74, 29, 51, 7, 33, 61, 98, 28, 89, 50, 4, 96, 53, 80, 8, 66, 34, 49, 52, 0, 62, 69, 2, 13]|[1, 1, 0, 1, 1, 0, 1, 1, 2, 1, 2, 2, 2, 1, 1, 0, 0, 1, 0, 2, 2, 0, 1, 2, 0, 1, 2, 2, 0, 0, 1, 2, 1, 2, 1, 0, 2, 0, 1, 1, 0, 1, 1, 1, 0, 2, 1, 1, 0, 0, 0, 0, 1, 1, 2, 1, 0, 2, 0, 2, 1, 0, 1, 2, 1, 2, 1, 1, 1, 1, 1, 1, 0, 1, 2, 0, 2, 0, 0, 2, 2, 1, 2, 0, 1, 0, 1, 2, 0, 0, 1, 2, 2, 0, 1, 0, 1, 1, 0, 0]|[0, 3, 2, 2, 4, 1, 2, 3, 2, 4, 1, 1, 2, 4, 4, 1, 1, 4, 2, 1, 1, 1, 1, 2, 1, 2, 1, 1, 2, 1, 3, 2, 3, 1, 4, 0, 1, 1, 0, 3, 2, 2, 2, 0, 1, 1, 0, 4, 0, 1, 2, 2, 1, 4, 0, 3, 1, 1, 1, 1, 3, 1, 1, 1, 3, 0, 4, 3, 1, 4, 1, 1, 0, 4, 1, 1, 1, 1, 1, 1, 1, 3, 1, 2, 1, 1, 4, 1, 2, 1, 3, 1, 1, 1, 1, 2, 1, 4, 2, 2]|[0, 2, 1, 1, 3, 0, 1, 3, 0, 0, 0, 0, 1, 0, 1, 0, 0, 3, 1, 0, 0, 0, 3, 1, 0, 2, 0, 0, 0, 1, 0, 0, 0, 0, 3, 0, 1, 0, 0, 2, 1, 1, 1, 0, 0, 0, 0, 2, 1, 0, 0, 0, 1, 3, 0, 0, 0, 0, 0, 0, 2, 0, 1, 0, 2, 1, 0, 0, 1, 1, 3, 1, 1, 3, 0, 0, 0, 0, 0, 0, 0, 0, 0, 1, 1, 0, 0, 0, 1, 0, 2, 0, 0, 1, 1, 0, 1, 2, 0, 0],730.1276596856602,56815.01019440286,94351.50741240397,false
58,G4_BALANCED,G4_BALANCED,[20, 94, 82, 15, 26, 9, 95, 42, 77, 68, 47, 5, 93, 78, 86, 54, 85, 63, 18, 44, 31, 49, 36, 14, 74, 50, 53, 17, 21, 28, 11, 64, 3, 23, 30, 83, 24, 41, 40, 52, 65, 27, 90, 70, 39, 87, 48, 69, 99, 4, 46, 1, 13, 56, 97, 59, 45, 8, 73, 37, 35, 79, 71, 66, 76, 16, 60, 80, 58, 6, 67, 61, 33, 7, 57, 34, 12, 10, 32, 98, 96, 88, 43, 81, 91, 2, 84, 29, 92, 19, 51, 55, 89, 75, 25, 22, 38, 72, 62, 0]|[2, 1, 2, 1, 1, 2, 1, 1, 1, 1, 1, 0, 2, 2, 1, 2, 0, 0, 0, 2, 2, 1, 0, 2, 0, 2, 2, 1, 0, 1, 1, 1, 0, 0, 1, 0, 2, 1, 2, 2, 0, 0, 1, 1, 0, 2, 0, 2, 1, 0, 0, 2, 0, 2, 2, 0, 1, 1, 0, 0, 2, 1, 1, 2, 2, 2, 2, 2, 2, 1, 2, 1, 1, 2, 0, 1, 1, 1, 0, 0, 0, 1, 1, 1, 1, 0, 0, 1, 0, 1, 1, 0, 1, 2, 1, 2, 0, 1, 1, 0]|[0, 3, 0, 3, 4, 1, 4, 4, 4, 4, 3, 2, 1, 0, 2, 1, 1, 1, 2, 1, 1, 3, 0, 1, 0, 1, 1, 4, 1, 4, 3, 2, 2, 0, 4, 1, 1, 4, 1, 1, 2, 1, 4, 4, 1, 1, 0, 1, 3, 2, 2, 1, 2, 1, 1, 2, 4, 3, 0, 2, 2, 3, 3, 1, 1, 1, 1, 1, 1, 4, 1, 3, 4, 1, 2, 4, 3, 3, 2, 2, 2, 4, 4, 4, 3, 2, 2, 3, 2, 4, 3, 2, 4, 1, 4, 1, 2, 4, 3, 2]|[0, 2, 0, 0, 3, 0, 1, 3, 1, 0, 2, 0, 1, 0, 1, 0, 0, 0, 1, 0, 0, 2, 0, 0, 1, 0, 0, 3, 0, 1, 0, 2, 0, 0, 3, 0, 1, 1, 0, 0, 0, 0, 1, 3, 0, 0, 1, 0, 2, 0, 0, 0, 0, 0, 1, 0, 1, 0, 1, 1, 0, 2, 0, 0, 0, 0, 0, 0, 0, 2, 0, 0, 1, 0, 0, 1, 0, 3, 0, 0, 0, 1, 2, 2, 0, 0, 0, 3, 0, 1, 0, 0, 1, 0, 3, 0, 0, 1, 0, 0],910.6016522559228,48561.88282065277,106123.56923801439,false
58,G2_TEC,G4_BALANCED,[20, 94, 82, 15, 26, 9, 95, 42, 77, 68, 47, 5, 93, 78, 86, 54, 85, 63, 18, 44, 31, 49, 36, 14, 74, 50, 53, 17, 21, 28, 11, 64, 3, 23, 30, 83, 24, 41, 40, 52, 65, 27, 90, 70, 39, 87, 48, 69, 99, 4, 46, 1, 13, 56, 97, 59, 45, 8, 73, 37, 35, 79, 71, 66, 76, 16, 60, 80, 58, 6, 67, 61, 33, 7, 57, 34, 12, 32, 10, 38, 96, 88, 43, 81, 91, 2, 84, 29, 92, 19, 51, 55, 89, 75, 25, 22, 98, 72, 62, 0]|[2, 1, 2, 1, 1, 2, 1, 1, 1, 1, 1, 0, 2, 2, 1, 2, 0, 0, 0, 2, 2, 1, 0, 2, 0, 2, 2, 1, 0, 1, 1, 1, 0, 0, 1, 0, 2, 1, 2, 2, 0, 0, 1, 1, 0, 2, 0, 2, 1, 0, 0, 2, 0, 2, 2, 0, 1, 1, 0, 0, 2, 1, 1, 2, 2, 2, 2, 2, 2, 1, 2, 1, 1, 2, 0, 1, 1, 0, 1, 0, 0, 1, 1, 1, 1, 0, 0, 1, 0, 1, 1, 0, 1, 0, 1, 2, 2, 1, 1, 0]|[1, 3, 0, 3, 4, 1, 4, 4, 4, 4, 3, 2, 1, 0, 2, 1, 1, 1, 2, 1, 1, 3, 0, 1, 0, 1, 1, 4, 1, 4, 3, 2, 2, 0, 4, 1, 1, 4, 1, 1, 2, 1, 4, 4, 1, 1, 0, 1, 3, 2, 2, 1, 2, 1, 1, 2, 4, 3, 0, 2, 1, 3, 3, 1, 1, 1, 1, 1, 1, 4, 1, 3, 4, 1, 2, 4, 3, 2, 3, 2, 2, 4, 4, 4, 3, 2, 2, 3, 2, 4, 3, 2, 4, 2, 4, 1, 1, 4, 3, 2]|[0, 2, 0, 0, 3, 0, 1, 3, 1, 0, 2, 0, 1, 0, 1, 0, 0, 0, 1, 0, 0, 2, 0, 0, 1, 0, 0, 3, 0, 1, 0, 2, 0, 0, 3, 0, 1, 1, 0, 0, 0, 0, 1, 3, 0, 0, 1, 0, 2, 0, 0, 0, 0, 0, 1, 0, 1, 0, 1, 1, 0, 2, 0, 0, 0, 0, 0, 0, 0, 2, 0, 0, 1, 0, 0, 1, 0, 0, 3, 0, 0, 1, 2, 2, 0, 0, 0, 3, 0, 1, 0, 0, 1, 0, 3, 0, 0, 1, 0, 0],910.6016522559228,48414.55244339237,106657.9111807071,true
58,G3_TWC,G3_TWC,[31, 22, 42, 15, 26, 58, 95, 82, 77, 12, 47, 5, 93, 78, 98, 54, 85, 63, 18, 44, 20, 35, 43, 97, 91, 76, 10, 30, 21, 45, 71, 64, 1, 23, 17, 83, 24, 61, 60, 49, 6, 57, 94, 88, 65, 56, 79, 40, 67, 68, 46, 75, 0, 9, 19, 32, 81, 41, 27, 62, 87, 90, 99, 59, 53, 16, 72, 73, 70, 39, 37, 84, 3, 92, 25, 74, 28, 38, 51, 7, 11, 14, 86, 48, 89, 66, 50, 96, 33, 80, 8, 4, 34, 36, 55, 52, 13, 29, 69, 2]|[1, 1, 0, 1, 1, 1, 2, 1, 2, 1, 2, 2, 2, 1, 1, 0, 0, 1, 0, 2, 2, 0, 1, 2, 0, 1, 2, 2, 0, 0, 1, 2, 1, 0, 1, 0, 2, 0, 1, 1, 0, 1, 1, 1, 0, 2, 1, 1, 0, 0, 0, 0, 1, 1, 2, 1, 2, 0, 0, 0, 2, 1, 0, 1, 0, 1, 2, 1, 1, 1, 1, 1, 2, 0, 1, 2, 0, 0, 0, 1, 0, 1, 0, 0, 1, 0, 0, 0, 2, 0, 1, 0, 2, 0, 1, 1, 0, 0, 1, 0]|[4, 3, 2, 2, 0, 0, 2, 2, 2, 4, 1, 1, 2, 4, 4, 1, 1, 4, 2, 1, 1, 1, 1, 2, 1, 2, 1, 1, 1, 1, 3, 2, 3, 0, 4, 0, 1, 1, 0, 3, 2, 2, 4, 0, 1, 1, 3, 2, 0, 1, 2, 2, 1, 4, 0, 3, 2, 1, 1, 2, 1, 3, 1, 1, 2, 3, 0, 4, 3, 1, 4, 1, 1, 2, 4, 1, 2, 1, 1, 3, 2, 3, 1, 1, 1, 1, 1, 1, 1, 1, 3, 2, 1, 1, 4, 1, 2, 2, 3, 2]|[0, 2, 1, 1, 3, 3, 0, 1, 0, 0, 0, 0, 1, 0, 1, 0, 0, 3, 1, 0, 0, 0, 3, 1, 0, 2, 0, 0, 0, 1, 0, 0, 0, 0, 3, 0, 1, 0, 0, 2, 1, 1, 2, 0, 0, 0, 0, 1, 1, 0, 0, 0, 1, 3, 0, 0, 1, 0, 0, 1, 0, 2, 0, 1, 1, 2, 1, 0, 0, 1, 1, 3, 0, 1, 3, 0, 1, 0, 0, 2, 1, 0, 0, 0, 1, 0, 0, 0, 0, 0, 2, 1, 0, 1, 3, 1, 0, 0, 0, 0],843.7439659666079,57777.80974073964,86440.68470675517,false
58,G1_CMAX,G1_CMAX,[31, 22, 82, 15, 26, 99, 95, 42, 77, 12, 47, 5, 93, 78, 86, 54, 21, 63, 18, 44, 20, 35, 43, 97, 91, 76, 10, 30, 85, 45, 71, 64, 1, 23, 17, 83, 24, 14, 60, 36, 6, 57, 40, 88, 65, 56, 79, 94, 67, 68, 46, 75, 38, 9, 19, 32, 41, 81, 27, 87, 90, 58, 59, 11, 16, 72, 73, 70, 39, 37, 84, 3, 92, 25, 55, 48, 74, 29, 51, 7, 33, 61, 98, 28, 89, 50, 4, 96, 53, 80, 8, 66, 34, 49, 52, 0, 62, 69, 2, 13]|[1, 1, 0, 1, 1, 0, 1, 1, 2, 1, 2, 2, 2, 1, 1, 0, 0, 1, 0, 2, 2, 0, 1, 2, 0, 1, 2, 2, 0, 0, 1, 2, 1, 2, 1, 0, 2, 0, 1, 1, 0, 1, 1, 1, 0, 2, 1, 1, 0, 0, 0, 0, 1, 1, 2, 1, 0, 2, 0, 2, 1, 0, 1, 2, 1, 2, 1, 1, 1, 1, 1, 1, 0, 1, 2, 0, 2, 0, 0, 2, 2, 1, 2, 0, 1, 0, 1, 2, 0, 0, 1, 2, 2, 0, 1, 0, 1, 1, 0, 0]|[0, 3, 2, 2, 4, 1, 2, 3, 2, 4, 1, 1, 2, 4, 4, 1, 1, 4, 2, 1, 1, 1, 1, 2, 1, 2, 1, 1, 2, 1, 3, 2, 3, 1, 4, 0, 1, 1, 0, 3, 2, 2, 2, 0, 1, 1, 0, 4, 0, 1, 2, 2, 1, 4, 0, 3, 1, 1, 1, 1, 3, 1, 1, 1, 3, 0, 4, 3, 1, 4, 1, 1, 0, 4, 1, 1, 1, 1, 1, 1, 1, 3, 1, 2, 1, 1, 4, 1, 2, 1, 3, 1, 1, 1, 1, 2, 1, 4, 2, 2]|[0, 2, 1, 1, 3, 0, 1, 3, 0, 0, 0, 0, 1, 0, 1, 0, 0, 3, 1, 0, 0, 0, 3, 1, 0, 2, 0, 0, 0, 1, 0, 0, 0, 0, 3, 0, 1, 0, 0, 2, 1, 1, 1, 0, 0, 0, 0, 2, 1, 0, 0, 0, 1, 3, 0, 0, 0, 0, 0, 0, 2, 0, 1, 0, 2, 1, 0, 0, 1, 1, 3, 1, 1, 3, 0, 0, 0, 0, 0, 0, 0, 0, 0, 1, 1, 0, 0, 0, 1, 0, 2, 0, 0, 1, 1, 0, 1, 2, 0, 0],730.1276596856602,56815.01019440286,94351.50741240397,false
58,G4_BALANCED,G3_TWC,[31, 22, 42, 15, 26, 58, 95, 82, 77, 12, 47, 5, 93, 78, 98, 54, 85, 63, 18, 44, 20, 35, 43, 97, 91, 76, 10, 30, 21, 45, 71, 64, 1, 23, 17, 83, 24, 61, 60, 49, 6, 57, 94, 88, 65, 56, 79, 40, 67, 68, 46, 75, 0, 9, 19, 32, 81, 41, 27, 62, 87, 90, 99, 59, 53, 16, 72, 73, 70, 39, 37, 84, 3, 92, 25, 74, 86, 38, 51, 7, 11, 14, 28, 48, 89, 66, 50, 96, 33, 80, 8, 4, 34, 36, 2, 52, 13, 29, 69, 55]|[1, 1, 0, 1, 1, 1, 2, 1, 2, 1, 2, 2, 2, 1, 1, 0, 0, 1, 0, 2, 2, 0, 1, 2, 0, 1, 2, 2, 0, 0, 1, 2, 1, 0, 1, 0, 2, 0, 1, 1, 0, 1, 1, 1, 0, 2, 1, 1, 0, 0, 0, 0, 1, 1, 2, 1, 2, 0, 0, 0, 2, 1, 0, 1, 0, 1, 2, 1, 1, 1, 1, 1, 2, 0, 1, 2, 0, 0, 0, 1, 0, 1, 0, 0, 1, 0, 0, 0, 2, 0, 1, 0, 2, 0, 0, 1, 0, 0, 1, 1]|[4, 3, 2, 2, 0, 0, 2, 2, 2, 4, 1, 1, 2, 4, 4, 1, 1, 4, 2, 1, 1, 1, 1, 2, 1, 2, 1, 1, 1, 1, 3, 2, 3, 0, 4, 0, 1, 1, 0, 3, 2, 2, 4, 0, 1, 1, 3, 2, 0, 1, 2, 2, 1, 4, 0, 3, 2, 1, 1, 2, 1, 3, 1, 1, 2, 3, 0, 4, 3, 1, 4, 1, 1, 2, 4, 1, 2, 1, 1, 3, 2, 3, 1, 1, 1, 1, 1, 1, 1, 1, 3, 2, 1, 1, 2, 1, 2, 2, 3, 4]|[0, 2, 1, 1, 3, 3, 0, 1, 0, 0, 0, 0, 1, 0, 1, 0, 0, 3, 1, 0, 0, 0, 3, 1, 0, 2, 0, 0, 0, 1, 0, 0, 0, 0, 3, 0, 1, 0, 0, 2, 1, 1, 2, 0, 0, 0, 0, 1, 1, 0, 0, 0, 1, 3, 0, 0, 1, 0, 0, 1, 0, 2, 0, 1, 1, 2, 1, 0, 0, 1, 1, 3, 0, 1, 3, 0, 1, 0, 0, 2, 1, 0, 0, 0, 1, 0, 0, 0, 0, 0, 2, 1, 0, 1, 0, 1, 0, 0, 0, 3],846.3261262315247,57774.86979418562,86613.99456494168,true
58,G2_TEC,G4_BALANCED,[20, 94, 82, 15, 26, 9, 95, 42, 77, 68, 47, 5, 93, 78, 86, 54, 85, 63, 18, 44, 31, 49, 36, 14, 74, 50, 53, 17, 21, 28, 11, 64, 3, 23, 30, 83, 24, 41, 40, 52, 65, 27, 90, 70, 39, 87, 48, 69, 99, 4, 46, 1, 13, 56, 97, 59, 45, 8, 73, 37, 35, 79, 71, 66, 76, 16, 60, 80, 58, 6, 67, 61, 33, 7, 57, 34, 12, 32, 10, 38, 96, 88, 43, 81, 91, 2, 84, 29, 92, 19, 51, 55, 89, 75, 25, 22, 98, 72, 62, 0]|[2, 1, 2, 1, 1, 2, 1, 1, 1, 1, 1, 0, 2, 2, 1, 2, 0, 0, 0, 2, 2, 1, 0, 2, 0, 2, 2, 1, 0, 1, 1, 1, 0, 0, 1, 0, 2, 1, 2, 2, 0, 0, 1, 1, 0, 2, 0, 2, 1, 0, 0, 2, 0, 2, 2, 0, 1, 1, 0, 0, 2, 1, 1, 2, 2, 2, 2, 2, 2, 1, 2, 1, 1, 2, 0, 1, 1, 0, 1, 0, 0, 1, 1, 1, 1, 0, 0, 1, 0, 1, 1, 0, 1, 0, 1, 2, 2, 1, 1, 0]|[1, 3, 0, 3, 4, 1, 4, 4, 4, 4, 3, 2, 1, 0, 2, 1, 1, 1, 2, 1, 1, 3, 0, 1, 0, 1, 1, 4, 1, 4, 3, 2, 2, 0, 4, 1, 1, 4, 1, 1, 2, 1, 4, 4, 1, 1, 0, 1, 3, 2, 2, 1, 2, 1, 1, 2, 4, 3, 0, 2, 1, 3, 3, 1, 1, 1, 1, 1, 1, 4, 1, 3, 4, 1, 2, 4, 3, 2, 3, 2, 2, 4, 4, 4, 3, 2, 2, 3, 2, 4, 3, 2, 4, 2, 4, 1, 1, 4, 3, 2]|[0, 2, 0, 0, 3, 0, 1, 3, 1, 0, 2, 0, 1, 0, 1, 0, 0, 0, 1, 0, 0, 2, 0, 0, 1, 0, 0, 3, 0, 1, 0, 2, 0, 0, 3, 0, 1, 1, 0, 0, 0, 0, 1, 3, 0, 0, 1, 0, 2, 0, 0, 0, 0, 0, 1, 0, 1, 0, 1, 1, 0, 2, 0, 0, 0, 0, 0, 0, 0, 2, 0, 0, 1, 0, 0, 1, 0, 0, 3, 0, 0, 1, 2, 2, 0, 0, 0, 3, 0, 1, 0, 0, 1, 0, 3, 0, 0, 1, 0, 0],910.6016522559228,48414.55244339237,106657.9111807071,true
58,G3_TWC,G3_TWC,[31, 22, 42, 15, 26, 58, 95, 82, 77, 12, 47, 5, 93, 78, 98, 54, 85, 63, 18, 44, 20, 35, 43, 97, 91, 76, 10, 30, 21, 45, 71, 64, 1, 23, 17, 83, 24, 61, 60, 49, 6, 57, 94, 88, 65, 56, 79, 40, 67, 68, 46, 75, 0, 9, 19, 32, 81, 41, 27, 62, 87, 90, 99, 59, 53, 16, 72, 73, 70, 39, 37, 84, 3, 92, 25, 74, 28, 38, 51, 7, 11, 14, 86, 48, 89, 66, 50, 96, 33, 80, 8, 4, 34, 36, 55, 52, 13, 29, 69, 2]|[1, 1, 0, 1, 1, 1, 2, 1, 2, 1, 2, 2, 2, 1, 1, 0, 0, 1, 0, 2, 2, 0, 1, 2, 0, 1, 2, 2, 0, 0, 1, 2, 1, 0, 1, 0, 2, 0, 1, 1, 0, 1, 1, 1, 0, 2, 1, 1, 0, 0, 0, 0, 1, 1, 2, 1, 2, 0, 0, 0, 2, 1, 0, 1, 0, 1, 2, 1, 1, 1, 1, 1, 2, 0, 1, 2, 0, 0, 0, 1, 0, 1, 0, 0, 1, 0, 0, 0, 2, 0, 1, 0, 2, 0, 1, 1, 0, 0, 1, 0]|[4, 3, 2, 2, 0, 0, 2, 2, 2, 4, 1, 1, 2, 4, 4, 1, 1, 4, 2, 1, 1, 1, 1, 2, 1, 2, 1, 1, 1, 1, 3, 2, 3, 0, 4, 0, 1, 1, 0, 3, 2, 2, 4, 0, 1, 1, 3, 2, 0, 1, 2, 2, 1, 4, 0, 3, 2, 1, 1, 2, 1, 3, 1, 1, 2, 3, 0, 4, 3, 1, 4, 1, 1, 2, 4, 1, 2, 1, 1, 3, 2, 3, 1, 1, 1, 1, 1, 1, 1, 1, 3, 2, 1, 1, 4, 1, 2, 2, 3, 2]|[0, 2, 1, 1, 3, 3, 0, 1, 0, 0, 0, 0, 1, 0, 1, 0, 0, 3, 1, 0, 0, 0, 3, 1, 0, 2, 0, 0, 0, 1, 0, 0, 0, 0, 3, 0, 1, 0, 0, 2, 1, 1, 2, 0, 0, 0, 0, 1, 1, 0, 0, 0, 1, 3, 0, 0, 1, 0, 0, 1, 0, 2, 0, 1, 1, 2, 1, 0, 0, 1, 1, 3, 0, 1, 3, 0, 1, 0, 0, 2, 1, 0, 0, 0, 1, 0, 0, 0, 0, 0, 2, 1, 0, 1, 3, 1, 0, 0, 0, 0],843.7439659666079,57777.80974073964,86440.68470675517,false
58,G1_CMAX,G1_CMAX,[31, 22, 82, 15, 26, 99, 95, 42, 77, 12, 47, 5, 93, 78, 86, 54, 21, 63, 18, 44, 20, 35, 43, 97, 91, 76, 10, 30, 85, 45, 71, 64, 1, 23, 17, 83, 24, 14, 60, 36, 6, 57, 40, 88, 65, 56, 79, 94, 67, 68, 46, 75, 38, 9, 19, 32, 41, 81, 27, 87, 90, 58, 59, 11, 16, 72, 73, 70, 39, 37, 84, 3, 92, 25, 55, 48, 74, 29, 51, 7, 33, 61, 98, 28, 89, 50, 4, 96, 53, 80, 8, 66, 34, 49, 52, 0, 62, 69, 2, 13]|[1, 1, 0, 1, 1, 0, 1, 1, 2, 1, 2, 2, 2, 1, 1, 0, 0, 1, 0, 2, 2, 0, 1, 2, 0, 1, 2, 2, 0, 0, 1, 2, 1, 2, 1, 0, 2, 0, 1, 1, 0, 1, 1, 1, 0, 2, 1, 1, 0, 0, 0, 0, 1, 1, 2, 1, 0, 2, 0, 2, 1, 0, 1, 2, 1, 2, 1, 1, 1, 1, 1, 1, 0, 1, 2, 0, 2, 0, 0, 2, 2, 1, 2, 0, 1, 0, 1, 2, 0, 0, 1, 2, 2, 0, 1, 0, 1, 1, 0, 0]|[0, 3, 2, 2, 4, 1, 2, 3, 2, 4, 1, 1, 2, 4, 4, 1, 1, 4, 2, 1, 1, 1, 1, 2, 1, 2, 1, 1, 2, 1, 3, 2, 3, 1, 4, 0, 1, 1, 0, 3, 2, 2, 2, 0, 1, 1, 0, 4, 0, 1, 2, 2, 1, 4, 0, 3, 1, 1, 1, 1, 3, 1, 1, 1, 3, 0, 4, 3, 1, 4, 1, 1, 0, 4, 1, 1, 1, 1, 1, 1, 1, 3, 1, 2, 1, 1, 4, 1, 2, 1, 3, 1, 1, 1, 1, 2, 1, 4, 2, 2]|[0, 2, 1, 1, 3, 0, 1, 3, 0, 0, 0, 0, 1, 0, 1, 0, 0, 3, 1, 0, 0, 0, 3, 1, 0, 2, 0, 0, 0, 1, 0, 0, 0, 0, 3, 0, 1, 0, 0, 2, 1, 1, 1, 0, 0, 0, 0, 2, 1, 0, 0, 0, 1, 3, 0, 0, 0, 0, 0, 0, 2, 0, 1, 0, 2, 1, 0, 0, 1, 1, 3, 1, 1, 3, 0, 0, 0, 0, 0, 0, 0, 0, 0, 1, 1, 0, 0, 0, 1, 0, 2, 0, 0, 1, 1, 0, 1, 2, 0, 0],730.1276596856602,56815.01019440286,94351.50741240397,false
58,G4_BALANCED,G4_BALANCED,[31, 22, 82, 15, 26, 9, 95, 42, 77, 68, 47, 5, 93, 78, 86, 54, 85, 63, 18, 44, 20, 49, 36, 14, 74, 50, 53, 17, 21, 28, 11, 64, 3, 23, 30, 58, 24, 41, 40, 52, 65, 27, 90, 70, 39, 87, 48, 69, 99, 4, 98, 1, 13, 83, 97, 59, 45, 8, 73, 37, 35, 79, 71, 66, 76, 32, 60, 80, 56, 6, 67, 61, 33, 7, 57, 34, 12, 16, 10, 94, 96, 88, 43, 46, 91, 2, 84, 29, 92, 19, 51, 55, 89, 81, 25, 75, 38, 72, 62, 0]|[2, 1, 2, 1, 1, 2, 1, 1, 1, 1, 1, 0, 2, 2, 1, 2, 0, 0, 0, 2, 2, 1, 0, 2, 0, 2, 2, 1, 0, 1, 1, 1, 0, 0, 1, 0, 2, 1, 2, 2, 0, 0, 1, 1, 0, 2, 0, 2, 1, 0, 2, 2, 0, 2, 2, 0, 1, 1, 0, 0, 2, 1, 1, 2, 2, 0, 2, 2, 2, 1, 2, 1, 1, 2, 0, 1, 1, 2, 1, 2, 0, 1, 1, 0, 1, 0, 0, 1, 0, 1, 1, 0, 1, 1, 1, 0, 0, 1, 1, 0]|[0, 3, 0, 3, 4, 1, 4, 4, 2, 4, 3, 2, 1, 0, 2, 1, 1, 1, 2, 1, 1, 3, 0, 1, 0, 1, 1, 4, 1, 4, 3, 2, 2, 0, 4, 1, 1, 4, 1, 1, 2, 1, 4, 4, 1, 1, 0, 1, 3, 2, 1, 1, 2, 1, 1, 2, 4, 3, 0, 2, 2, 3, 3, 1, 1, 2, 1, 1, 1, 4, 1, 3, 4, 1, 2, 4, 3, 1, 3, 1, 2, 4, 4, 2, 3, 2, 2, 3, 2, 4, 3, 2, 4, 4, 4, 2, 2, 4, 3, 2]|[0, 2, 0, 0, 3, 0, 1, 3, 0, 0, 2, 0, 1, 0, 1, 0, 0, 0, 1, 0, 0, 2, 0, 0, 1, 0, 0, 3, 0, 1, 0, 2, 0, 0, 3, 0, 1, 1, 0, 0, 0, 0, 1, 3, 0, 0, 1, 0, 2, 0, 0, 0, 0, 0, 1, 0, 1, 0, 1, 1, 0, 2, 0, 0, 0, 0, 0, 0, 0, 2, 0, 0, 1, 0, 0, 1, 0, 0, 3, 0, 0, 1, 2, 0, 0, 0, 0, 3, 0, 1, 0, 0, 1, 2, 3, 0, 0, 1, 0, 0],899.4994383203641,48889.49264752159,105557.59206832762,false
58,G2_TEC,G4_BALANCED,[20, 94, 82, 15, 26, 9, 95, 42, 77, 68, 47, 5, 93, 78, 86, 54, 85, 63, 18, 44, 31, 49, 36, 14, 74, 50, 53, 17, 21, 28, 11, 64, 3, 23, 30, 83, 24, 41, 40, 52, 65, 27, 90, 70, 39, 87, 48, 69, 99, 4, 46, 1, 13, 56, 97, 59, 45, 8, 73, 37, 35, 79, 71, 66, 76, 16, 60, 80, 58, 6, 67, 61, 33, 7, 57, 34, 12, 32, 10, 38, 96, 88, 43, 81, 91, 2, 84, 29, 92, 19, 51, 55, 89, 75, 25, 22, 98, 72, 62, 0]|[2, 1, 2, 1, 1, 2, 1, 1, 1, 1, 1, 0, 2, 2, 1, 2, 0, 0, 0, 2, 2, 1, 0, 2, 0, 2, 2, 1, 0, 1, 1, 1, 0, 0, 1, 0, 2, 1, 2, 2, 0, 0, 1, 1, 0, 2, 0, 2, 1, 0, 0, 2, 0, 2, 2, 0, 1, 1, 0, 0, 2, 1, 1, 2, 2, 2, 2, 2, 2, 1, 2, 1, 1, 2, 0, 1, 1, 0, 1, 0, 0, 1, 1, 1, 1, 0, 0, 1, 0, 1, 1, 0, 1, 0, 1, 2, 2, 1, 1, 0]|[1, 3, 0, 3, 4, 1, 4, 4, 4, 4, 3, 2, 1, 0, 2, 1, 1, 1, 2, 1, 1, 3, 0, 1, 0, 1, 1, 4, 1, 4, 3, 2, 2, 0, 4, 1, 1, 4, 1, 1, 2, 1, 4, 4, 1, 1, 0, 1, 3, 2, 2, 1, 2, 1, 1, 2, 4, 3, 0, 2, 1, 3, 3, 1, 1, 1, 1, 1, 1, 4, 1, 3, 4, 1, 2, 4, 3, 2, 3, 2, 2, 4, 4, 4, 3, 2, 2, 3, 2, 4, 3, 2, 4, 2, 4, 1, 1, 4, 3, 2]|[0, 2, 0, 0, 3, 0, 1, 3, 1, 0, 2, 0, 1, 0, 1, 0, 0, 0, 1, 0, 0, 2, 0, 0, 1, 0, 0, 3, 0, 1, 0, 2, 0, 0, 3, 0, 1, 1, 0, 0, 0, 0, 1, 3, 0, 0, 1, 0, 2, 0, 0, 0, 0, 0, 1, 0, 1, 0, 1, 1, 0, 2, 0, 0, 0, 0, 0, 0, 0, 2, 0, 0, 1, 0, 0, 1, 0, 0, 3, 0, 0, 1, 2, 2, 0, 0, 0, 3, 0, 1, 0, 0, 1, 0, 3, 0, 0, 1, 0, 0],910.6016522559228,48414.55244339237,106657.9111807071,true
58,G3_TWC,G3_TWC,[31, 22, 42, 15, 26, 58, 95, 82, 77, 12, 47, 5, 93, 78, 98, 54, 85, 63, 18, 44, 20, 35, 43, 97, 91, 76, 10, 30, 21, 45, 71, 64, 1, 23, 17, 83, 24, 61, 60, 49, 6, 57, 94, 88, 65, 56, 79, 40, 67, 68, 46, 75, 0, 9, 19, 32, 81, 41, 27, 62, 87, 90, 99, 59, 53, 16, 72, 73, 70, 39, 37, 84, 3, 92, 25, 74, 28, 38, 51, 7, 11, 14, 86, 48, 89, 66, 50, 96, 33, 80, 8, 4, 34, 36, 55, 52, 13, 29, 69, 2]|[1, 1, 0, 1, 1, 1, 2, 1, 2, 1, 2, 2, 2, 1, 1, 0, 0, 1, 0, 2, 2, 0, 1, 2, 0, 1, 2, 2, 0, 0, 1, 2, 1, 0, 1, 0, 2, 0, 1, 1, 0, 1, 1, 1, 0, 2, 1, 1, 0, 0, 0, 0, 1, 1, 2, 1, 2, 0, 0, 0, 2, 1, 0, 1, 0, 1, 2, 1, 1, 1, 1, 1, 2, 0, 1, 2, 0, 0, 0, 1, 0, 1, 0, 0, 1, 0, 0, 0, 2, 0, 1, 0, 2, 0, 1, 1, 0, 0, 1, 0]|[4, 3, 2, 2, 0, 0, 2, 2, 2, 4, 1, 1, 2, 4, 4, 1, 1, 4, 2, 1, 1, 1, 1, 2, 1, 2, 1, 1, 1, 1, 3, 2, 3, 0, 4, 0, 1, 1, 0, 3, 2, 2, 4, 0, 1, 1, 3, 2, 0, 1, 2, 2, 1, 4, 0, 3, 2, 1, 1, 2, 1, 3, 1, 1, 2, 3, 0, 4, 3, 1, 4, 1, 1, 2, 4, 1, 2, 1, 1, 3, 2, 3, 1, 1, 1, 1, 1, 1, 1, 1, 3, 2, 1, 1, 4, 1, 2, 2, 3, 2]|[0, 2, 1, 1, 3, 3, 0, 1, 0, 0, 0, 0, 1, 0, 1, 0, 0, 3, 1, 0, 0, 0, 3, 1, 0, 2, 0, 0, 0, 1, 0, 0, 0, 0, 3, 0, 1, 0, 0, 2, 1, 1, 2, 0, 0, 0, 0, 1, 1, 0, 0, 0, 1, 3, 0, 0, 1, 0, 0, 1, 0, 2, 0, 1, 1, 2, 1, 0, 0, 1, 1, 3, 0, 1, 3, 0, 1, 0, 0, 2, 1, 0, 0, 0, 1, 0, 0, 0, 0, 0, 2, 1, 0, 1, 3, 1, 0, 0, 0, 0],843.7439659666079,57777.80974073964,86440.68470675517,false
58,G1_CMAX,G1_CMAX,[31, 22, 82, 15, 26, 99, 95, 42, 77, 12, 47, 5, 93, 78, 86, 54, 21, 63, 18, 44, 20, 35, 43, 97, 91, 76, 10, 30, 85, 45, 71, 64, 1, 23, 17, 83, 24, 14, 60, 36, 6, 57, 40, 88, 65, 56, 79, 94, 67, 68, 46, 75, 38, 9, 19, 32, 41, 81, 27, 87, 90, 58, 59, 11, 16, 72, 73, 70, 39, 37, 84, 3, 92, 25, 55, 48, 74, 29, 51, 7, 33, 61, 98, 28, 89, 50, 4, 96, 53, 80, 8, 66, 34, 49, 52, 0, 62, 69, 2, 13]|[1, 1, 0, 1, 1, 0, 1, 1, 2, 1, 2, 2, 2, 1, 1, 0, 0, 1, 0, 2, 2, 0, 1, 2, 0, 1, 2, 2, 0, 0, 1, 2, 1, 2, 1, 0, 2, 0, 1, 1, 0, 1, 1, 1, 0, 2, 1, 1, 0, 0, 0, 0, 1, 1, 2, 1, 0, 2, 0, 2, 1, 0, 1, 2, 1, 2, 1, 1, 1, 1, 1, 1, 0, 1, 2, 0, 2, 0, 0, 2, 2, 1, 2, 0, 1, 0, 1, 2, 0, 0, 1, 2, 2, 0, 1, 0, 1, 1, 0, 0]|[0, 3, 2, 2, 4, 1, 2, 3, 2, 4, 1, 1, 2, 4, 4, 1, 1, 4, 2, 1, 1, 1, 1, 2, 1, 2, 1, 1, 2, 1, 3, 2, 3, 1, 4, 0, 1, 1, 0, 3, 2, 2, 2, 0, 1, 1, 0, 4, 0, 1, 2, 2, 1, 4, 0, 3, 1, 1, 1, 1, 3, 1, 1, 1, 3, 0, 4, 3, 1, 4, 1, 1, 0, 4, 1, 1, 1, 1, 1, 1, 1, 3, 1, 2, 1, 1, 4, 1, 2, 1, 3, 1, 1, 1, 1, 2, 1, 4, 2, 2]|[0, 2, 1, 1, 3, 0, 1, 3, 0, 0, 0, 0, 1, 0, 1, 0, 0, 3, 1, 0, 0, 0, 3, 1, 0, 2, 0, 0, 0, 1, 0, 0, 0, 0, 3, 0, 1, 0, 0, 2, 1, 1, 1, 0, 0, 0, 0, 2, 1, 0, 0, 0, 1, 3, 0, 0, 0, 0, 0, 0, 2, 0, 1, 0, 2, 1, 0, 0, 1, 1, 3, 1, 1, 3, 0, 0, 0, 0, 0, 0, 0, 0, 0, 1, 1, 0, 0, 0, 1, 0, 2, 0, 0, 1, 1, 0, 1, 2, 0, 0],730.1276596856602,56815.01019440286,94351.50741240397,false
58,G4_BALANCED,G4_BALANCED,[31, 22, 82, 15, 26, 9, 95, 42, 77, 68, 47, 5, 93, 78, 86, 54, 85, 63, 18, 44, 20, 49, 36, 14, 74, 50, 53, 17, 21, 28, 71, 64, 3, 23, 30, 83, 24, 41, 60, 52, 65, 27, 90, 70, 39, 87, 48, 69, 99, 4, 46, 1, 13, 58, 97, 59, 45, 8, 73, 37, 35, 79, 11, 66, 76, 32, 40, 80, 96, 6, 16, 61, 33, 7, 57, 34, 12, 67, 10, 98, 56, 88, 29, 75, 91, 38, 19, 92, 43, 84, 51, 72, 81, 94, 2, 55, 62, 89, 25, 0]|[2, 1, 2, 1, 1, 2, 1, 1, 1, 1, 1, 0, 2, 2, 1, 2, 0, 0, 0, 2, 2, 1, 0, 2, 0, 2, 2, 1, 0, 1, 1, 1, 0, 0, 1, 0, 2, 1, 2, 2, 0, 0, 1, 1, 0, 2, 0, 2, 1, 0, 0, 2, 0, 0, 2, 0, 1, 1, 0, 0, 2, 1, 0, 2, 2, 0, 2, 2, 0, 1, 2, 1, 1, 2, 0, 1, 1, 1, 1, 2, 2, 1, 1, 0, 1, 0, 1, 0, 1, 0, 1, 1, 1, 2, 2, 0, 1, 1, 1, 0]|[0, 3, 0, 3, 4, 1, 4, 4, 2, 4, 3, 2, 1, 0, 2, 1, 1, 1, 2, 1, 1, 3, 0, 1, 0, 1, 1, 4, 1, 4, 3, 2, 2, 0, 4, 1, 1, 4, 0, 1, 2, 1, 4, 4, 1, 1, 0, 2, 3, 1, 2, 1, 2, 1, 1, 2, 4, 3, 0, 2, 2, 3, 1, 0, 1, 2, 0, 1, 2, 4, 1, 3, 4, 1, 2, 4, 3, 3, 3, 1, 1, 4, 3, 2, 3, 2, 4, 2, 4, 2, 3, 4, 1, 1, 1, 2, 3, 4, 4, 2]|[0, 2, 0, 0, 3, 0, 1, 3, 0, 0, 2, 0, 1, 0, 1, 0, 0, 0, 1, 0, 0, 2, 0, 0, 1, 0, 0, 3, 0, 1, 0, 2, 0, 1, 3, 0, 1, 3, 1, 0, 0, 0, 1, 3, 0, 0, 1, 0, 2, 0, 0, 0, 0, 0, 1, 0, 1, 0, 1, 1, 0, 2, 0, 0, 0, 0, 0, 0, 0, 2, 0, 0, 1, 0, 0, 1, 0, 0, 3, 0, 0, 1, 0, 0, 0, 0, 3, 0, 2, 0, 0, 2, 1, 0, 0, 0, 0, 1, 3, 0],851.9092314412391,51714.80113499516,107255.87097349185,false
58,G2_TEC,G4_BALANCED,[20, 94, 82, 15, 26, 9, 95, 42, 77, 68, 47, 5, 93, 78, 86, 54, 85, 63, 18, 44, 31, 49, 36, 14, 74, 50, 53, 17, 21, 28, 11, 64, 3, 23, 30, 83, 24, 41, 40, 52, 65, 27, 90, 70, 39, 87, 48, 69, 99, 4, 46, 1, 13, 56, 97, 59, 45, 8, 73, 37, 35, 79, 71, 66, 76, 16, 60, 80, 58, 6, 67, 61, 33, 7, 57, 34, 12, 32, 10, 38, 96, 88, 43, 81, 91, 2, 84, 29, 92, 19, 51, 55, 89, 75, 25, 22, 98, 72, 62, 0]|[2, 1, 2, 1, 1, 2, 1, 1, 1, 1, 1, 0, 2, 2, 1, 2, 0, 0, 0, 2, 2, 1, 0, 2, 0, 2, 2, 1, 0, 1, 1, 1, 0, 0, 1, 0, 2, 1, 2, 2, 0, 0, 1, 1, 0, 2, 0, 2, 1, 0, 0, 2, 0, 2, 2, 0, 1, 1, 0, 0, 2, 1, 1, 2, 2, 2, 2, 2, 2, 1, 2, 1, 1, 2, 0, 1, 1, 0, 1, 0, 0, 1, 1, 1, 1, 0, 0, 1, 0, 1, 1, 0, 1, 0, 1, 2, 2, 1, 1, 0]|[1, 3, 0, 3, 4, 1, 4, 4, 4, 4, 3, 2, 1, 0, 2, 1, 1, 1, 2, 1, 1, 3, 0, 1, 0, 1, 1, 4, 1, 4, 3, 2, 2, 0, 4, 1, 1, 4, 1, 1, 2, 1, 4, 4, 1, 1, 0, 1, 3, 2, 2, 1, 2, 1, 1, 2, 4, 3, 0, 2, 1, 3, 3, 1, 1, 1, 1, 1, 1, 4, 1, 3, 4, 1, 2, 4, 3, 2, 3, 2, 2, 4, 4, 4, 3, 2, 2, 3, 2, 4, 3, 2, 4, 2, 4, 1, 1, 4, 3, 2]|[0, 2, 0, 0, 3, 0, 1, 3, 1, 0, 2, 0, 1, 0, 1, 0, 0, 0, 1, 0, 0, 2, 0, 0, 1, 0, 0, 3, 0, 1, 0, 2, 0, 0, 3, 0, 1, 1, 0, 0, 0, 0, 1, 3, 0, 0, 1, 0, 2, 0, 0, 0, 0, 0, 1, 0, 1, 0, 1, 1, 0, 2, 0, 0, 0, 0, 0, 0, 0, 2, 0, 0, 1, 0, 0, 1, 0, 0, 3, 0, 0, 1, 2, 2, 0, 0, 0, 3, 0, 1, 0, 0, 1, 0, 3, 0, 0, 1, 0, 0],910.6016522559228,48414.55244339237,106657.9111807071,true
58,G3_TWC,G3_TWC,[31, 22, 42, 15, 26, 58, 95, 82, 77, 12, 47, 5, 93, 78, 98, 54, 85, 63, 18, 44, 20, 35, 43, 97, 91, 76, 10, 30, 21, 45, 71, 64, 1, 23, 17, 83, 24, 61, 60, 49, 6, 57, 94, 88, 65, 56, 79, 40, 67, 68, 46, 75, 0, 9, 19, 32, 81, 41, 27, 62, 87, 90, 99, 59, 53, 16, 72, 73, 70, 39, 37, 84, 3, 92, 25, 74, 28, 38, 51, 7, 11, 14, 86, 48, 89, 66, 50, 96, 33, 80, 8, 4, 34, 36, 55, 52, 13, 29, 69, 2]|[1, 1, 0, 1, 1, 1, 2, 1, 2, 1, 2, 2, 2, 1, 1, 0, 0, 1, 0, 2, 2, 0, 1, 2, 0, 1, 2, 2, 0, 0, 1, 2, 1, 0, 1, 0, 2, 0, 1, 1, 0, 1, 1, 1, 0, 2, 1, 1, 0, 0, 0, 0, 1, 1, 2, 1, 2, 0, 0, 0, 2, 1, 0, 1, 0, 1, 2, 1, 1, 1, 1, 1, 2, 0, 1, 2, 0, 0, 0, 1, 0, 1, 0, 0, 1, 0, 0, 0, 2, 0, 1, 0, 2, 0, 1, 1, 0, 0, 1, 0]|[4, 3, 2, 2, 0, 0, 2, 2, 2, 4, 1, 1, 2, 4, 4, 1, 1, 4, 2, 1, 1, 1, 1, 2, 1, 2, 1, 1, 1, 1, 3, 2, 3, 0, 4, 0, 1, 1, 0, 3, 2, 2, 4, 0, 1, 1, 3, 2, 0, 1, 2, 2, 1, 4, 0, 3, 2, 1, 1, 2, 1, 3, 1, 1, 2, 3, 0, 4, 3, 1, 4, 1, 1, 2, 4, 1, 2, 1, 1, 3, 2, 3, 1, 1, 1, 1, 1, 1, 1, 1, 3, 2, 1, 1, 4, 1, 2, 2, 3, 2]|[0, 2, 1, 1, 3, 3, 0, 1, 0, 0, 0, 0, 1, 0, 1, 0, 0, 3, 1, 0, 0, 0, 3, 1, 0, 2, 0, 0, 0, 1, 0, 0, 0, 0, 3, 0, 1, 0, 0, 2, 1, 1, 2, 0, 0, 0, 0, 1, 1, 0, 0, 0, 1, 3, 0, 0, 1, 0, 0, 1, 0, 2, 0, 1, 1, 2, 1, 0, 0, 1, 1, 3, 0, 1, 3, 0, 1, 0, 0, 2, 1, 0, 0, 0, 1, 0, 0, 0, 0, 0, 2, 1, 0, 1, 3, 1, 0, 0, 0, 0],843.7439659666079,57777.80974073964,86440.68470675517,false
58,G1_CMAX,G1_CMAX,[31, 22, 82, 15, 26, 99, 95, 42, 77, 12, 47, 5, 93, 78, 86, 54, 21, 63, 18, 44, 20, 35, 43, 97, 91, 76, 10, 30, 85, 45, 71, 64, 1, 23, 17, 83, 24, 14, 60, 36, 6, 57, 40, 88, 65, 56, 79, 94, 67, 68, 46, 75, 38, 9, 19, 32, 41, 81, 27, 87, 90, 58, 59, 11, 16, 72, 73, 70, 39, 37, 84, 3, 92, 25, 55, 48, 74, 29, 51, 7, 33, 61, 98, 28, 89, 50, 4, 96, 53, 80, 8, 66, 34, 49, 52, 0, 62, 69, 2, 13]|[1, 1, 0, 1, 1, 0, 1, 1, 2, 1, 2, 2, 2, 1, 1, 0, 0, 1, 0, 2, 2, 0, 1, 2, 0, 1, 2, 2, 0, 0, 1, 2, 1, 2, 1, 0, 2, 0, 1, 1, 0, 1, 1, 1, 0, 2, 1, 1, 0, 0, 0, 0, 1, 1, 2, 1, 0, 2, 0, 2, 1, 0, 1, 2, 1, 2, 1, 1, 1, 1, 1, 1, 0, 1, 2, 0, 2, 0, 0, 2, 2, 1, 2, 0, 1, 0, 1, 2, 0, 0, 1, 2, 2, 0, 1, 0, 1, 1, 0, 0]|[0, 3, 2, 2, 4, 1, 2, 3, 2, 4, 1, 1, 2, 4, 4, 1, 1, 4, 2, 1, 1, 1, 1, 2, 1, 2, 1, 1, 2, 1, 3, 2, 3, 1, 4, 0, 1, 1, 0, 3, 2, 2, 2, 0, 1, 1, 0, 4, 0, 1, 2, 2, 1, 4, 0, 3, 1, 1, 1, 1, 3, 1, 1, 1, 3, 0, 4, 3, 1, 4, 1, 1, 0, 4, 1, 1, 1, 1, 1, 1, 1, 3, 1, 2, 1, 1, 4, 1, 2, 1, 3, 1, 1, 1, 1, 2, 1, 4, 2, 2]|[0, 2, 1, 1, 3, 0, 1, 3, 0, 0, 0, 0, 1, 0, 1, 0, 0, 3, 1, 0, 0, 0, 3, 1, 0, 2, 0, 0, 0, 1, 0, 0, 0, 0, 3, 0, 1, 0, 0, 2, 1, 1, 1, 0, 0, 0, 0, 2, 1, 0, 0, 0, 1, 3, 0, 0, 0, 0, 0, 0, 2, 0, 1, 0, 2, 1, 0, 0, 1, 1, 3, 1, 1, 3, 0, 0, 0, 0, 0, 0, 0, 0, 0, 1, 1, 0, 0, 0, 1, 0, 2, 0, 0, 1, 1, 0, 1, 2, 0, 0],730.1276596856602,56815.01019440286,94351.50741240397,false
58,G4_BALANCED,G3_TWC,[31, 22, 42, 15, 26, 58, 95, 82, 77, 12, 47, 5, 93, 78, 98, 54, 85, 63, 18, 44, 20, 35, 43, 97, 91, 76, 10, 30, 21, 45, 71, 64, 1, 23, 17, 83, 24, 61, 60, 49, 6, 57, 94, 88, 65, 56, 79, 40, 67, 68, 46, 75, 38, 9, 19, 32, 81, 41, 27, 62, 87, 90, 99, 59, 53, 16, 72, 73, 70, 39, 37, 84, 3, 92, 25, 74, 28, 29, 51, 50, 33, 14, 86, 48, 89, 66, 7, 96, 11, 80, 4, 8, 55, 36, 0, 52, 13, 2, 69, 34]|[1, 1, 0, 1, 1, 1, 2, 1, 2, 1, 2, 2, 2, 1, 1, 0, 0, 1, 0, 2, 2, 0, 1, 2, 0, 1, 2, 2, 0, 0, 1, 2, 1, 0, 1, 0, 2, 0, 1, 1, 0, 1, 1, 1, 0, 2, 1, 1, 0, 0, 0, 0, 1, 1, 2, 1, 2, 2, 0, 0, 2, 1, 0, 1, 0, 1, 2, 1, 1, 1, 1, 1, 2, 0, 1, 2, 0, 0, 0, 0, 2, 1, 0, 0, 1, 2, 1, 2, 2, 0, 0, 1, 2, 0, 0, 1, 0, 0, 1, 2]|[4, 3, 2, 2, 0, 0, 2, 2, 2, 4, 1, 1, 2, 4, 4, 1, 1, 4, 2, 1, 1, 1, 1, 2, 1, 2, 1, 1, 1, 1, 3, 2, 3, 0, 4, 0, 1, 1, 0, 3, 2, 2, 4, 0, 1, 1, 3, 2, 0, 1, 2, 2, 1, 4, 0, 3, 2, 1, 1, 2, 1, 3, 1, 1, 2, 3, 0, 4, 3, 1, 4, 1, 1, 2, 4, 1, 2, 1, 1, 1, 1, 3, 1, 1, 1, 1, 3, 1, 1, 1, 2, 3, 1, 1, 2, 1, 2, 2, 3, 1]|[0, 2, 1, 1, 3, 3, 0, 1, 0, 0, 0, 0, 1, 0, 1, 0, 0, 3, 1, 0, 0, 0, 3, 1, 0, 2, 0, 0, 0, 1, 0, 0, 0, 0, 3, 0, 1, 0, 0, 2, 1, 1, 2, 0, 0, 0, 0, 1, 1, 0, 0, 0, 1, 3, 0, 0, 1, 0, 0, 1, 0, 2, 0, 1, 1, 2, 1, 0, 0, 1, 1, 3, 0, 1, 3, 0, 1, 0, 0, 0, 0, 0, 0, 0, 1, 0, 2, 0, 0, 0, 1, 2, 0, 1, 0, 1, 0, 0, 0, 0],768.8550719417324,57287.206864529886,89473.06206049769,true
58,G2_TEC,G4_BALANCED,[20, 94, 82, 15, 26, 9, 95, 42, 77, 68, 47, 5, 93, 78, 86, 54, 85, 63, 18, 44, 31, 49, 36, 14, 74, 50, 53, 17, 21, 28, 11, 64, 3, 23, 30, 83, 24, 41, 40, 52, 65, 27, 90, 70, 39, 87, 48, 69, 99, 4, 46, 1, 13, 56, 97, 59, 45, 8, 73, 37, 35, 79, 71, 66, 76, 16, 60, 80, 58, 6, 67, 61, 33, 7, 57, 34, 12, 32, 10, 38, 96, 88, 43, 81, 91, 2, 84, 29, 92, 19, 51, 55, 89, 75, 25, 22, 98, 72, 62, 0]|[2, 1, 2, 1, 1, 2, 1, 1, 1, 1, 1, 0, 2, 2, 1, 2, 0, 0, 0, 2, 2, 1, 0, 2, 0, 2, 2, 1, 0, 1, 1, 1, 0, 0, 1, 0, 2, 1, 2, 2, 0, 0, 1, 1, 0, 2, 0, 2, 1, 0, 0, 2, 0, 2, 2, 0, 1, 1, 0, 0, 2, 1, 1, 2, 2, 2, 2, 2, 2, 1, 2, 1, 1, 2, 0, 1, 1, 0, 1, 0, 0, 1, 1, 1, 1, 0, 0, 1, 0, 1, 1, 0, 1, 0, 1, 2, 2, 1, 1, 0]|[1, 3, 0, 3, 4, 1, 4, 4, 4, 4, 3, 2, 1, 0, 2, 1, 1, 1, 2, 1, 1, 3, 0, 1, 0, 1, 1, 4, 1, 4, 3, 2, 2, 0, 4, 1, 1, 4, 1, 1, 2, 1, 4, 4, 1, 1, 0, 1, 3, 2, 2, 1, 2, 1, 1, 2, 4, 3, 0, 2, 1, 3, 3, 1, 1, 1, 1, 1, 1, 4, 1, 3, 4, 1, 2, 4, 3, 2, 3, 2, 2, 4, 4, 4, 3, 2, 2, 3, 2, 4, 3, 2, 4, 2, 4, 1, 1, 4, 3, 2]|[0, 2, 0, 0, 3, 0, 1, 3, 1, 0, 2, 0, 1, 0, 1, 0, 0, 0, 1, 0, 0, 2, 0, 0, 1, 0, 0, 3, 0, 1, 0, 2, 0, 0, 3, 0, 1, 1, 0, 0, 0, 0, 1, 3, 0, 0, 1, 0, 2, 0, 0, 0, 0, 0, 1, 0, 1, 0, 1, 1, 0, 2, 0, 0, 0, 0, 0, 0, 0, 2, 0, 0, 1, 0, 0, 1, 0, 0, 3, 0, 0, 1, 2, 2, 0, 0, 0, 3, 0, 1, 0, 0, 1, 0, 3, 0, 0, 1, 0, 0],910.6016522559228,48414.55244339237,106657.9111807071,true
58,G3_TWC,G3_TWC,[31, 22, 42, 15, 26, 58, 95, 82, 77, 12, 47, 5, 93, 78, 98, 54, 85, 63, 18, 44, 20, 35, 43, 97, 91, 76, 10, 30, 21, 45, 71, 64, 1, 23, 17, 83, 24, 61, 60, 49, 6, 57, 94, 88, 65, 56, 79, 40, 67, 68, 46, 75, 0, 9, 19, 32, 81, 41, 27, 62, 87, 90, 99, 59, 53, 16, 72, 73, 70, 39, 37, 84, 3, 92, 25, 74, 28, 38, 51, 7, 11, 14, 86, 48, 89, 66, 50, 96, 33, 80, 8, 4, 34, 36, 55, 52, 13, 29, 69, 2]|[1, 1, 0, 1, 1, 1, 2, 1, 2, 1, 2, 2, 2, 1, 1, 0, 0, 1, 0, 2, 2, 0, 1, 2, 0, 1, 2, 2, 0, 0, 1, 2, 1, 0, 1, 0, 2, 0, 1, 1, 0, 1, 1, 1, 0, 2, 1, 1, 0, 0, 0, 0, 1, 1, 2, 1, 2, 0, 0, 0, 2, 1, 0, 1, 0, 1, 2, 1, 1, 1, 1, 1, 2, 0, 1, 2, 0, 0, 0, 1, 0, 1, 0, 0, 1, 0, 0, 0, 2, 0, 1, 0, 2, 0, 1, 1, 0, 0, 1, 0]|[4, 3, 2, 2, 0, 0, 2, 2, 2, 4, 1, 1, 2, 4, 4, 1, 1, 4, 2, 1, 1, 1, 1, 2, 1, 2, 1, 1, 1, 1, 3, 2, 3, 0, 4, 0, 1, 1, 0, 3, 2, 2, 4, 0, 1, 1, 3, 2, 0, 1, 2, 2, 1, 4, 0, 3, 2, 1, 1, 2, 1, 3, 1, 1, 2, 3, 0, 4, 3, 1, 4, 1, 1, 2, 4, 1, 2, 1, 1, 3, 2, 3, 1, 1, 1, 1, 1, 1, 1, 1, 3, 2, 1, 1, 4, 1, 2, 2, 3, 2]|[0, 2, 1, 1, 3, 3, 0, 1, 0, 0, 0, 0, 1, 0, 1, 0, 0, 3, 1, 0, 0, 0, 3, 1, 0, 2, 0, 0, 0, 1, 0, 0, 0, 0, 3, 0, 1, 0, 0, 2, 1, 1, 2, 0, 0, 0, 0, 1, 1, 0, 0, 0, 1, 3, 0, 0, 1, 0, 0, 1, 0, 2, 0, 1, 1, 2, 1, 0, 0, 1, 1, 3, 0, 1, 3, 0, 1, 0, 0, 2, 1, 0, 0, 0, 1, 0, 0, 0, 0, 0, 2, 1, 0, 1, 3, 1, 0, 0, 0, 0],843.7439659666079,57777.80974073964,86440.68470675517,false
58,G1_CMAX,G1_CMAX,[31, 22, 82, 15, 26, 99, 95, 42, 77, 12, 47, 5, 93, 78, 86, 54, 21, 63, 18, 44, 20, 35, 43, 97, 91, 76, 10, 30, 85, 45, 71, 64, 1, 23, 17, 83, 24, 14, 60, 36, 6, 57, 40, 88, 65, 56, 79, 94, 67, 68, 46, 75, 38, 9, 19, 32, 41, 81, 27, 87, 90, 58, 59, 11, 16, 72, 73, 70, 39, 37, 84, 3, 92, 25, 55, 48, 74, 29, 51, 7, 33, 61, 98, 28, 89, 50, 4, 96, 53, 80, 8, 66, 34, 49, 52, 0, 62, 69, 2, 13]|[1, 1, 0, 1, 1, 0, 1, 1, 2, 1, 2, 2, 2, 1, 1, 0, 0, 1, 0, 2, 2, 0, 1, 2, 0, 1, 2, 2, 0, 0, 1, 2, 1, 2, 1, 0, 2, 0, 1, 1, 0, 1, 1, 1, 0, 2, 1, 1, 0, 0, 0, 0, 1, 1, 2, 1, 0, 2, 0, 2, 1, 0, 1, 2, 1, 2, 1, 1, 1, 1, 1, 1, 0, 1, 2, 0, 2, 0, 0, 2, 2, 1, 2, 0, 1, 0, 1, 2, 0, 0, 1, 2, 2, 0, 1, 0, 1, 1, 0, 0]|[0, 3, 2, 2, 4, 1, 2, 3, 2, 4, 1, 1, 2, 4, 4, 1, 1, 4, 2, 1, 1, 1, 1, 2, 1, 2, 1, 1, 2, 1, 3, 2, 3, 1, 4, 0, 1, 1, 0, 3, 2, 2, 2, 0, 1, 1, 0, 4, 0, 1, 2, 2, 1, 4, 0, 3, 1, 1, 1, 1, 3, 1, 1, 1, 3, 0, 4, 3, 1, 4, 1, 1, 0, 4, 1, 1, 1, 1, 1, 1, 1, 3, 1, 2, 1, 1, 4, 1, 2, 1, 3, 1, 1, 1, 1, 2, 1, 4, 2, 2]|[0, 2, 1, 1, 3, 0, 1, 3, 0, 0, 0, 0, 1, 0, 1, 0, 0, 3, 1, 0, 0, 0, 3, 1, 0, 2, 0, 0, 0, 1, 0, 0, 0, 0, 3, 0, 1, 0, 0, 2, 1, 1, 1, 0, 0, 0, 0, 2, 1, 0, 0, 0, 1, 3, 0, 0, 0, 0, 0, 0, 2, 0, 1, 0, 2, 1, 0, 0, 1, 1, 3, 1, 1, 3, 0, 0, 0, 0, 0, 0, 0, 0, 0, 1, 1, 0, 0, 0, 1, 0, 2, 0, 0, 1, 1, 0, 1, 2, 0, 0],730.1276596856602,56815.01019440286,94351.50741240397,false
58,G4_BALANCED,G1_CMAX,[31, 22, 42, 15, 26, 58, 95, 82, 77, 12, 47, 5, 93, 78, 98, 54, 85, 63, 18, 44, 20, 35, 43, 97, 91, 76, 10, 30, 21, 45, 71, 64, 1, 23, 17, 83, 24, 61, 60, 49, 6, 57, 94, 88, 65, 56, 79, 40, 67, 68, 46, 75, 38, 9, 19, 32, 81, 41, 27, 62, 87, 90, 99, 59, 11, 16, 72, 73, 70, 39, 37, 84, 3, 92, 25, 74, 28, 29, 51, 7, 53, 14, 86, 48, 89, 50, 66, 96, 33, 80, 8, 4, 34, 55, 0, 52, 13, 2, 69, 36]|[1, 1, 0, 1, 1, 1, 2, 1, 2, 1, 2, 2, 2, 1, 1, 0, 0, 1, 0, 2, 2, 0, 1, 2, 0, 1, 2, 2, 0, 0, 1, 2, 1, 0, 1, 0, 2, 0, 1, 1, 0, 1, 1, 1, 0, 2, 1, 1, 0, 0, 0, 0, 1, 1, 2, 1, 2, 0, 0, 0, 2, 1, 0, 1, 2, 1, 2, 1, 2, 1, 1, 1, 2, 0, 1, 2, 0, 0, 0, 1, 2, 1, 2, 0, 1, 2, 0, 0, 2, 0, 1, 0, 2, 1, 0, 1, 0, 0, 1, 0]|[4, 3, 2, 2, 0, 0, 2, 2, 2, 4, 1, 1, 2, 4, 4, 1, 1, 4, 2, 1, 1, 1, 1, 2, 1, 2, 1, 1, 1, 1, 3, 2, 3, 0, 4, 0, 1, 1, 0, 3, 2, 2, 4, 0, 1, 1, 3, 2, 0, 1, 2, 2, 1, 4, 0, 3, 2, 1, 1, 2, 1, 3, 1, 1, 1, 3, 1, 4, 1, 1, 4, 1, 1, 2, 4, 1, 2, 1, 1, 3, 1, 3, 1, 1, 1, 1, 1, 1, 1, 1, 3, 2, 1, 4, 2, 1, 2, 2, 3, 1]|[0, 2, 1, 1, 3, 3, 0, 1, 0, 0, 0, 0, 1, 0, 1, 0, 0, 3, 1, 0, 0, 0, 3, 1, 0, 2, 0, 0, 0, 1, 0, 0, 0, 0, 3, 0, 1, 0, 0, 2, 1, 1, 2, 0, 0, 0, 0, 1, 1, 0, 0, 0, 1, 3, 0, 0, 1, 0, 0, 1, 0, 2, 0, 1, 0, 2, 0, 0, 0, 1, 1, 3, 0, 1, 3, 0, 1, 0, 0, 2, 0, 0, 0, 0, 1, 0, 0, 0, 0, 0, 2, 1, 0, 3, 0, 1, 0, 0, 0, 1],779.6300581395685,56445.66168145439,89751.39712508128,true
58,G2_TEC,G4_BALANCED,[20, 94, 82, 15, 26, 9, 95, 42, 77, 68, 47, 5, 93, 78, 86, 54, 85, 63, 18, 44, 31, 49, 36, 14, 74, 50, 53, 17, 21, 28, 11, 64, 3, 23, 30, 83, 24, 41, 40, 52, 65, 27, 90, 70, 39, 87, 48, 69, 99, 4, 46, 1, 13, 56, 97, 59, 45, 8, 73, 37, 35, 79, 71, 66, 76, 16, 60, 80, 58, 6, 67, 61, 33, 7, 57, 34, 12, 32, 10, 38, 96, 88, 43, 81, 91, 2, 84, 29, 92, 19, 51, 55, 89, 75, 25, 22, 98, 72, 62, 0]|[2, 1, 2, 1, 1, 2, 1, 1, 1, 1, 1, 0, 2, 2, 1, 2, 0, 0, 0, 2, 2, 1, 0, 2, 0, 2, 2, 1, 0, 1, 1, 1, 0, 0, 1, 0, 2, 1, 2, 2, 0, 0, 1, 1, 0, 2, 0, 2, 1, 0, 0, 2, 0, 2, 2, 0, 1, 1, 0, 0, 2, 1, 1, 2, 2, 2, 2, 2, 2, 1, 2, 1, 1, 2, 0, 1, 1, 0, 1, 0, 0, 1, 1, 1, 1, 0, 0, 1, 0, 1, 1, 0, 1, 0, 1, 2, 2, 1, 1, 0]|[1, 3, 0, 3, 4, 1, 4, 4, 4, 4, 3, 2, 1, 0, 2, 1, 1, 1, 2, 1, 1, 3, 0, 1, 0, 1, 1, 4, 1, 4, 3, 2, 2, 0, 4, 1, 1, 4, 1, 1, 2, 1, 4, 4, 1, 1, 0, 1, 3, 2, 2, 1, 2, 1, 1, 2, 4, 3, 0, 2, 1, 3, 3, 1, 1, 1, 1, 1, 1, 4, 1, 3, 4, 1, 2, 4, 3, 2, 3, 2, 2, 4, 4, 4, 3, 2, 2, 3, 2, 4, 3, 2, 4, 2, 4, 1, 1, 4, 3, 2]|[0, 2, 0, 0, 3, 0, 1, 3, 1, 0, 2, 0, 1, 0, 1, 0, 0, 0, 1, 0, 0, 2, 0, 0, 1, 0, 0, 3, 0, 1, 0, 2, 0, 0, 3, 0, 1, 1, 0, 0, 0, 0, 1, 3, 0, 0, 1, 0, 2, 0, 0, 0, 0, 0, 1, 0, 1, 0, 1, 1, 0, 2, 0, 0, 0, 0, 0, 0, 0, 2, 0, 0, 1, 0, 0, 1, 0, 0, 3, 0, 0, 1, 2, 2, 0, 0, 0, 3, 0, 1, 0, 0, 1, 0, 3, 0, 0, 1, 0, 0],910.6016522559228,48414.55244339237,106657.9111807071,true
58,G3_TWC,G3_TWC,[31, 22, 42, 15, 26, 58, 95, 82, 77, 12, 47, 5, 93, 78, 98, 54, 85, 63, 18, 44, 20, 35, 43, 97, 91, 76, 10, 30, 21, 45, 71, 64, 1, 23, 17, 83, 24, 61, 60, 49, 6, 57, 94, 88, 65, 56, 79, 40, 67, 68, 46, 75, 0, 9, 19, 32, 81, 41, 27, 62, 87, 90, 99, 59, 53, 16, 72, 73, 70, 39, 37, 84, 3, 92, 25, 74, 28, 38, 51, 7, 11, 14, 86, 48, 89, 66, 50, 96, 33, 80, 8, 4, 34, 36, 55, 52, 13, 29, 69, 2]|[1, 1, 0, 1, 1, 1, 2, 1, 2, 1, 2, 2, 2, 1, 1, 0, 0, 1, 0, 2, 2, 0, 1, 2, 0, 1, 2, 2, 0, 0, 1, 2, 1, 0, 1, 0, 2, 0, 1, 1, 0, 1, 1, 1, 0, 2, 1, 1, 0, 0, 0, 0, 1, 1, 2, 1, 2, 0, 0, 0, 2, 1, 0, 1, 0, 1, 2, 1, 1, 1, 1, 1, 2, 0, 1, 2, 0, 0, 0, 1, 0, 1, 0, 0, 1, 0, 0, 0, 2, 0, 1, 0, 2, 0, 1, 1, 0, 0, 1, 0]|[4, 3, 2, 2, 0, 0, 2, 2, 2, 4, 1, 1, 2, 4, 4, 1, 1, 4, 2, 1, 1, 1, 1, 2, 1, 2, 1, 1, 1, 1, 3, 2, 3, 0, 4, 0, 1, 1, 0, 3, 2, 2, 4, 0, 1, 1, 3, 2, 0, 1, 2, 2, 1, 4, 0, 3, 2, 1, 1, 2, 1, 3, 1, 1, 2, 3, 0, 4, 3, 1, 4, 1, 1, 2, 4, 1, 2, 1, 1, 3, 2, 3, 1, 1, 1, 1, 1, 1, 1, 1, 3, 2, 1, 1, 4, 1, 2, 2, 3, 2]|[0, 2, 1, 1, 3, 3, 0, 1, 0, 0, 0, 0, 1, 0, 1, 0, 0, 3, 1, 0, 0, 0, 3, 1, 0, 2, 0, 0, 0, 1, 0, 0, 0, 0, 3, 0, 1, 0, 0, 2, 1, 1, 2, 0, 0, 0, 0, 1, 1, 0, 0, 0, 1, 3, 0, 0, 1, 0, 0, 1, 0, 2, 0, 1, 1, 2, 1, 0, 0, 1, 1, 3, 0, 1, 3, 0, 1, 0, 0, 2, 1, 0, 0, 0, 1, 0, 0, 0, 0, 0, 2, 1, 0, 1, 3, 1, 0, 0, 0, 0],843.7439659666079,57777.80974073964,86440.68470675517,false
58,G1_CMAX,G1_CMAX,[31, 22, 82, 15, 26, 99, 95, 42, 77, 12, 47, 5, 93, 78, 86, 54, 21, 63, 18, 44, 20, 35, 43, 97, 91, 76, 10, 30, 85, 45, 71, 64, 1, 23, 17, 83, 24, 14, 60, 36, 6, 57, 40, 88, 65, 56, 79, 94, 67, 68, 46, 75, 38, 9, 19, 32, 41, 81, 27, 87, 90, 58, 59, 11, 16, 72, 73, 70, 39, 37, 84, 3, 92, 25, 55, 48, 74, 29, 51, 7, 33, 61, 98, 28, 89, 50, 4, 96, 53, 80, 8, 66, 34, 49, 52, 0, 62, 69, 2, 13]|[1, 1, 0, 1, 1, 0, 1, 1, 2, 1, 2, 2, 2, 1, 1, 0, 0, 1, 0, 2, 2, 0, 1, 2, 0, 1, 2, 2, 0, 0, 1, 2, 1, 2, 1, 0, 2, 0, 1, 1, 0, 1, 1, 1, 0, 2, 1, 1, 0, 0, 0, 0, 1, 1, 2, 1, 0, 2, 0, 2, 1, 0, 1, 2, 1, 2, 1, 1, 1, 1, 1, 1, 0, 1, 2, 0, 2, 0, 0, 2, 2, 1, 2, 0, 1, 0, 1, 2, 0, 0, 1, 2, 2, 0, 1, 0, 1, 1, 0, 0]|[0, 3, 2, 2, 4, 1, 2, 3, 2, 4, 1, 1, 2, 4, 4, 1, 1, 4, 2, 1, 1, 1, 1, 2, 1, 2, 1, 1, 2, 1, 3, 2, 3, 1, 4, 0, 1, 1, 0, 3, 2, 2, 2, 0, 1, 1, 0, 4, 0, 1, 2, 2, 1, 4, 0, 3, 1, 1, 1, 1, 3, 1, 1, 1, 3, 0, 4, 3, 1, 4, 1, 1, 0, 4, 1, 1, 1, 1, 1, 1, 1, 3, 1, 2, 1, 1, 4, 1, 2, 1, 3, 1, 1, 1, 1, 2, 1, 4, 2, 2]|[0, 2, 1, 1, 3, 0, 1, 3, 0, 0, 0, 0, 1, 0, 1, 0, 0, 3, 1, 0, 0, 0, 3, 1, 0, 2, 0, 0, 0, 1, 0, 0, 0, 0, 3, 0, 1, 0, 0, 2, 1, 1, 1, 0, 0, 0, 0, 2, 1, 0, 0, 0, 1, 3, 0, 0, 0, 0, 0, 0, 2, 0, 1, 0, 2, 1, 0, 0, 1, 1, 3, 1, 1, 3, 0, 0, 0, 0, 0, 0, 0, 0, 0, 1, 1, 0, 0, 0, 1, 0, 2, 0, 0, 1, 1, 0, 1, 2, 0, 0],730.1276596856602,56815.01019440286,94351.50741240397,false
58,G4_BALANCED,G1_CMAX,[31, 22, 82, 15, 26, 99, 95, 42, 77, 12, 47, 5, 93, 78, 86, 54, 21, 63, 18, 44, 20, 35, 43, 97, 91, 76, 10, 30, 85, 45, 71, 64, 1, 23, 17, 83, 24, 14, 60, 36, 6, 57, 40, 88, 65, 56, 79, 94, 67, 68, 46, 75, 38, 9, 19, 32, 41, 81, 27, 87, 90, 58, 59, 11, 62, 16, 72, 73, 39, 37, 84, 3, 92, 25, 55, 48, 70, 29, 51, 96, 33, 61, 98, 66, 89, 50, 4, 7, 53, 80, 8, 28, 34, 49, 52, 0, 74, 69, 2, 13]|[1, 1, 0, 1, 1, 0, 1, 1, 2, 1, 2, 2, 2, 1, 1, 0, 0, 1, 0, 2, 2, 0, 1, 2, 0, 1, 2, 2, 0, 0, 1, 2, 1, 2, 1, 0, 2, 0, 1, 1, 0, 1, 1, 1, 0, 2, 1, 1, 0, 0, 0, 0, 1, 1, 2, 1, 0, 2, 0, 2, 1, 0, 1, 2, 0, 1, 2, 1, 1, 1, 1, 1, 0, 1, 2, 0, 1, 0, 0, 2, 2, 1, 2, 2, 1, 0, 1, 2, 0, 0, 1, 0, 2, 0, 1, 0, 2, 1, 0, 0]|[4, 3, 2, 2, 4, 1, 2, 3, 2, 4, 1, 1, 2, 4, 4, 1, 1, 4, 2, 1, 1, 1, 1, 2, 1, 2, 1, 1, 2, 1, 3, 2, 3, 1, 4, 0, 1, 1, 0, 3, 2, 2, 2, 0, 1, 1, 0, 4, 0, 1, 2, 2, 1, 4, 0, 3, 1, 1, 1, 1, 3, 1, 1, 1, 2, 3, 0, 4, 1, 4, 1, 1, 2, 4, 1, 1, 3, 1, 1, 1, 1, 3, 1, 1, 1, 1, 4, 1, 2, 1, 3, 2, 1, 1, 1, 2, 1, 4, 2, 2]|[0, 2, 1, 1, 3, 0, 1, 3, 0, 0, 0, 0, 1, 0, 1, 0, 0, 3, 1, 0, 0, 0, 3, 1, 0, 2, 0, 0, 0, 1, 0, 0, 0, 0, 3, 0, 1, 0, 0, 2, 1, 1, 1, 0, 0, 0, 0, 2, 1, 0, 0, 0, 1, 3, 0, 0, 0, 0, 0, 0, 2, 0, 1, 0, 1, 2, 1, 0, 1, 1, 3, 1, 1, 3, 0, 0, 0, 0, 0, 0, 0, 0, 0, 0, 1, 0, 0, 0, 1, 0, 2, 1, 0, 1, 1, 0, 0, 2, 0, 0],760.8061429141708,55811.58046129318,92924.88522080088,true
58,G2_TEC,G4_BALANCED,[20, 94, 82, 15, 26, 9, 95, 42, 77, 68, 47, 5, 93, 78, 86, 54, 85, 63, 18, 44, 31, 49, 36, 14, 74, 50, 53, 17, 21, 28, 11, 64, 3, 23, 30, 83, 24, 41, 40, 52, 65, 27, 90, 70, 39, 87, 48, 69, 99, 4, 46, 1, 13, 56, 97, 59, 45, 8, 73, 37, 35, 79, 71, 66, 76, 16, 60, 80, 58, 6, 67, 61, 33, 7, 57, 34, 12, 32, 10, 38, 96, 88, 43, 81, 91, 2, 84, 29, 92, 19, 51, 55, 89, 75, 25, 22, 98, 72, 62, 0]|[2, 1, 2, 1, 1, 2, 1, 1, 1, 1, 1, 0, 2, 2, 1, 2, 0, 0, 0, 2, 2, 1, 0, 2, 0, 2, 2, 1, 0, 1, 1, 1, 0, 0, 1, 0, 2, 1, 2, 2, 0, 0, 1, 1, 0, 2, 0, 2, 1, 0, 0, 2, 0, 2, 2, 0, 1, 1, 0, 0, 2, 1, 1, 2, 2, 2, 2, 2, 2, 1, 2, 1, 1, 2, 0, 1, 1, 0, 1, 0, 0, 1, 1, 1, 1, 0, 0, 1, 0, 1, 1, 0, 1, 0, 1, 2, 2, 1, 1, 0]|[1, 3, 0, 3, 4, 1, 4, 4, 4, 4, 3, 2, 1, 0, 2, 1, 1, 1, 2, 1, 1, 3, 0, 1, 0, 1, 1, 4, 1, 4, 3, 2, 2, 0, 4, 1, 1, 4, 1, 1, 2, 1, 4, 4, 1, 1, 0, 1, 3, 2, 2, 1, 2, 1, 1, 2, 4, 3, 0, 2, 1, 3, 3, 1, 1, 1, 1, 1, 1, 4, 1, 3, 4, 1, 2, 4, 3, 2, 3, 2, 2, 4, 4, 4, 3, 2, 2, 3, 2, 4, 3, 2, 4, 2, 4, 1, 1, 4, 3, 2]|[0, 2, 0, 0, 3, 0, 1, 3, 1, 0, 2, 0, 1, 0, 1, 0, 0, 0, 1, 0, 0, 2, 0, 0, 1, 0, 0, 3, 0, 1, 0, 2, 0, 0, 3, 0, 1, 1, 0, 0, 0, 0, 1, 3, 0, 0, 1, 0, 2, 0, 0, 0, 0, 0, 1, 0, 1, 0, 1, 1, 0, 2, 0, 0, 0, 0, 0, 0, 0, 2, 0, 0, 1, 0, 0, 1, 0, 0, 3, 0, 0, 1, 2, 2, 0, 0, 0, 3, 0, 1, 0, 0, 1, 0, 3, 0, 0, 1, 0, 0],910.6016522559228,48414.55244339237,106657.9111807071,true
58,G3_TWC,G3_TWC,[31, 22, 42, 15, 26, 58, 95, 82, 77, 12, 47, 5, 93, 78, 98, 54, 85, 63, 18, 44, 20, 35, 43, 97, 91, 76, 10, 30, 21, 45, 71, 64, 1, 23, 17, 83, 24, 61, 60, 49, 6, 57, 94, 88, 65, 56, 79, 40, 67, 68, 46, 75, 0, 9, 19, 32, 81, 41, 27, 62, 87, 90, 99, 59, 53, 16, 72, 73, 70, 39, 37, 84, 3, 92, 25, 74, 28, 38, 51, 7, 11, 14, 86, 48, 89, 66, 50, 96, 33, 80, 8, 4, 34, 36, 55, 52, 13, 29, 69, 2]|[1, 1, 0, 1, 1, 1, 2, 1, 2, 1, 2, 2, 2, 1, 1, 0, 0, 1, 0, 2, 2, 0, 1, 2, 0, 1, 2, 2, 0, 0, 1, 2, 1, 0, 1, 0, 2, 0, 1, 1, 0, 1, 1, 1, 0, 2, 1, 1, 0, 0, 0, 0, 1, 1, 2, 1, 2, 0, 0, 0, 2, 1, 0, 1, 0, 1, 2, 1, 1, 1, 1, 1, 2, 0, 1, 2, 0, 0, 0, 1, 0, 1, 0, 0, 1, 0, 0, 0, 2, 0, 1, 0, 2, 0, 1, 1, 0, 0, 1, 0]|[4, 3, 2, 2, 0, 0, 2, 2, 2, 4, 1, 1, 2, 4, 4, 1, 1, 4, 2, 1, 1, 1, 1, 2, 1, 2, 1, 1, 1, 1, 3, 2, 3, 0, 4, 0, 1, 1, 0, 3, 2, 2, 4, 0, 1, 1, 3, 2, 0, 1, 2, 2, 1, 4, 0, 3, 2, 1, 1, 2, 1, 3, 1, 1, 2, 3, 0, 4, 3, 1, 4, 1, 1, 2, 4, 1, 2, 1, 1, 3, 2, 3, 1, 1, 1, 1, 1, 1, 1, 1, 3, 2, 1, 1, 4, 1, 2, 2, 3, 2]|[0, 2, 1, 1, 3, 3, 0, 1, 0, 0, 0, 0, 1, 0, 1, 0, 0, 3, 1, 0, 0, 0, 3, 1, 0, 2, 0, 0, 0, 1, 0, 0, 0, 0, 3, 0, 1, 0, 0, 2, 1, 1, 2, 0, 0, 0, 0, 1, 1, 0, 0, 0, 1, 3, 0, 0, 1, 0, 0, 1, 0, 2, 0, 1, 1, 2, 1, 0, 0, 1, 1, 3, 0, 1, 3, 0, 1, 0, 0, 2, 1, 0, 0, 0, 1, 0, 0, 0, 0, 0, 2, 1, 0, 1, 3, 1, 0, 0, 0, 0],843.7439659666079,57777.80974073964,86440.68470675517,false
58,G1_CMAX,G1_CMAX,[31, 22, 82, 15, 26, 99, 95, 42, 77, 12, 47, 5, 93, 78, 86, 54, 21, 63, 18, 44, 20, 35, 43, 97, 91, 76, 10, 30, 85, 45, 71, 64, 1, 23, 17, 83, 24, 14, 60, 36, 6, 57, 40, 88, 65, 56, 79, 94, 67, 68, 46, 75, 38, 9, 19, 32, 41, 81, 27, 87, 90, 58, 59, 11, 16, 72, 73, 70, 39, 37, 84, 3, 92, 25, 55, 48, 74, 29, 51, 7, 33, 61, 98, 28, 89, 50, 4, 96, 53, 80, 8, 66, 34, 49, 52, 0, 62, 69, 2, 13]|[1, 1, 0, 1, 1, 0, 1, 1, 2, 1, 2, 2, 2, 1, 1, 0, 0, 1, 0, 2, 2, 0, 1, 2, 0, 1, 2, 2, 0, 0, 1, 2, 1, 2, 1, 0, 2, 0, 1, 1, 0, 1, 1, 1, 0, 2, 1, 1, 0, 0, 0, 0, 1, 1, 2, 1, 0, 2, 0, 2, 1, 0, 1, 2, 1, 2, 1, 1, 1, 1, 1, 1, 0, 1, 2, 0, 2, 0, 0, 2, 2, 1, 2, 0, 1, 0, 1, 2, 0, 0, 1, 2, 2, 0, 1, 0, 1, 1, 0, 0]|[0, 3, 2, 2, 4, 1, 2, 3, 2, 4, 1, 1, 2, 4, 4, 1, 1, 4, 2, 1, 1, 1, 1, 2, 1, 2, 1, 1, 2, 1, 3, 2, 3, 1, 4, 0, 1, 1, 0, 3, 2, 2, 2, 0, 1, 1, 0, 4, 0, 1, 2, 2, 1, 4, 0, 3, 1, 1, 1, 1, 3, 1, 1, 1, 3, 0, 4, 3, 1, 4, 1, 1, 0, 4, 1, 1, 1, 1, 1, 1, 1, 3, 1, 2, 1, 1, 4, 1, 2, 1, 3, 1, 1, 1, 1, 2, 1, 4, 2, 2]|[0, 2, 1, 1, 3, 0, 1, 3, 0, 0, 0, 0, 1, 0, 1, 0, 0, 3, 1, 0, 0, 0, 3, 1, 0, 2, 0, 0, 0, 1, 0, 0, 0, 0, 3, 0, 1, 0, 0, 2, 1, 1, 1, 0, 0, 0, 0, 2, 1, 0, 0, 0, 1, 3, 0, 0, 0, 0, 0, 0, 2, 0, 1, 0, 2, 1, 0, 0, 1, 1, 3, 1, 1, 3, 0, 0, 0, 0, 0, 0, 0, 0, 0, 1, 1, 0, 0, 0, 1, 0, 2, 0, 0, 1, 1, 0, 1, 2, 0, 0],730.1276596856602,56815.01019440286,94351.50741240397,false
58,G4_BALANCED,G2_TEC,[20, 94, 82, 15, 26, 9, 95, 42, 77, 68, 47, 5, 93, 78, 86, 54, 85, 63, 18, 44, 31, 49, 36, 14, 74, 50, 53, 17, 21, 28, 11, 64, 3, 23, 30, 83, 24, 41, 40, 52, 65, 27, 90, 70, 39, 87, 48, 69, 99, 4, 46, 1, 13, 56, 97, 59, 45, 8, 73, 37, 35, 79, 71, 66, 76, 16, 60, 38, 58, 6, 67, 61, 33, 7, 57, 34, 12, 32, 10, 80, 96, 88, 43, 81, 91, 2, 84, 29, 92, 19, 51, 55, 89, 75, 25, 22, 98, 72, 62, 0]|[2, 1, 2, 1, 1, 2, 1, 1, 1, 1, 1, 0, 2, 2, 1, 2, 0, 0, 0, 2, 2, 1, 0, 2, 0, 2, 2, 1, 0, 1, 1, 1, 0, 0, 1, 0, 2, 1, 2, 2, 0, 0, 1, 1, 0, 2, 0, 2, 1, 0, 0, 2, 0, 2, 2, 0, 1, 1, 0, 0, 2, 1, 1, 2, 2, 2, 2, 0, 2, 1, 2, 1, 1, 2, 0, 1, 1, 0, 1, 0, 0, 1, 1, 1, 1, 0, 0, 1, 0, 1, 1, 0, 1, 2, 1, 2, 0, 1, 1, 0]|[1, 3, 0, 3, 4, 1, 4, 4, 4, 4, 3, 2, 1, 0, 2, 1, 1, 1, 2, 1, 1, 3, 0, 1, 0, 1, 1, 4, 1, 4, 3, 2, 2, 0, 4, 1, 1, 4, 1, 1, 2, 1, 4, 4, 1, 1, 0, 1, 3, 2, 2, 1, 2, 1, 1, 2, 4, 3, 0, 2, 1, 3, 3, 1, 1, 1, 1, 2, 1, 4, 1, 3, 4, 1, 2, 4, 3, 2, 3, 2, 2, 4, 4, 4, 3, 2, 2, 3, 2, 4, 3, 2, 4, 1, 4, 1, 2, 4, 3, 2]|[0, 2, 0, 0, 3, 0, 1, 3, 1, 0, 2, 0, 1, 0, 1, 0, 0, 0, 1, 0, 0, 2, 0, 0, 1, 0, 0, 3, 0, 1, 0, 2, 0, 0, 3, 0, 1, 1, 0, 0, 0, 0, 1, 3, 0, 0, 1, 0, 2, 0, 0, 0, 0, 0, 1, 0, 1, 0, 1, 1, 0, 2, 0, 0, 0, 0, 0, 0, 0, 2, 0, 0, 1, 0, 0, 1, 0, 0, 3, 0, 0, 1, 2, 2, 0, 0, 0, 3, 0, 1, 0, 0, 1, 0, 3, 0, 0, 1, 0, 0],932.6296481262889,48487.11054890131,106143.07385041681,true
58,G2_TEC,G4_BALANCED,[20, 94, 82, 15, 26, 9, 95, 42, 77, 68, 47, 5, 93, 78, 86, 54, 85, 63, 18, 44, 31, 49, 36, 14, 74, 50, 53, 17, 21, 28, 11, 64, 3, 23, 30, 83, 24, 41, 40, 52, 65, 27, 90, 70, 39, 87, 48, 69, 99, 4, 46, 1, 13, 56, 97, 59, 45, 8, 73, 37, 35, 79, 71, 66, 76, 16, 60, 80, 58, 6, 67, 61, 33, 7, 57, 34, 12, 32, 10, 38, 96, 88, 43, 81, 91, 2, 84, 29, 92, 19, 51, 55, 89, 75, 25, 22, 98, 72, 62, 0]|[2, 1, 2, 1, 1, 2, 1, 1, 1, 1, 1, 0, 2, 2, 1, 2, 0, 0, 0, 2, 2, 1, 0, 2, 0, 2, 2, 1, 0, 1, 1, 1, 0, 0, 1, 0, 2, 1, 2, 2, 0, 0, 1, 1, 0, 2, 0, 2, 1, 0, 0, 2, 0, 2, 2, 0, 1, 1, 0, 0, 2, 1, 1, 2, 2, 2, 2, 2, 2, 1, 2, 1, 1, 2, 0, 1, 1, 0, 1, 0, 0, 1, 1, 1, 1, 0, 0, 1, 0, 1, 1, 0, 1, 0, 1, 2, 2, 1, 1, 0]|[1, 3, 0, 3, 4, 1, 4, 4, 4, 4, 3, 2, 1, 0, 2, 1, 1, 1, 2, 1, 1, 3, 0, 1, 0, 1, 1, 4, 1, 4, 3, 2, 2, 0, 4, 1, 1, 4, 1, 1, 2, 1, 4, 4, 1, 1, 0, 1, 3, 2, 2, 1, 2, 1, 1, 2, 4, 3, 0, 2, 1, 3, 3, 1, 1, 1, 1, 1, 1, 4, 1, 3, 4, 1, 2, 4, 3, 2, 3, 2, 2, 4, 4, 4, 3, 2, 2, 3, 2, 4, 3, 2, 4, 2, 4, 1, 1, 4, 3, 2]|[0, 2, 0, 0, 3, 0, 1, 3, 1, 0, 2, 0, 1, 0, 1, 0, 0, 0, 1, 0, 0, 2, 0, 0, 1, 0, 0, 3, 0, 1, 0, 2, 0, 0, 3, 0, 1, 1, 0, 0, 0, 0, 1, 3, 0, 0, 1, 0, 2, 0, 0, 0, 0, 0, 1, 0, 1, 0, 1, 1, 0, 2, 0, 0, 0, 0, 0, 0, 0, 2, 0, 0, 1, 0, 0, 1, 0, 0, 3, 0, 0, 1, 2, 2, 0, 0, 0, 3, 0, 1, 0, 0, 1, 0, 3, 0, 0, 1, 0, 0],910.6016522559228,48414.55244339237,106657.9111807071,true
58,G3_TWC,G3_TWC,[31, 22, 42, 15, 26, 58, 95, 82, 77, 12, 47, 5, 93, 78, 98, 54, 85, 63, 18, 44, 20, 35, 43, 97, 91, 76, 10, 30, 21, 45, 71, 64, 1, 23, 17, 83, 24, 61, 60, 49, 6, 57, 94, 88, 65, 56, 79, 40, 67, 68, 46, 75, 0, 9, 19, 32, 81, 41, 27, 62, 87, 90, 99, 59, 53, 16, 72, 73, 70, 39, 37, 84, 3, 92, 25, 74, 28, 38, 51, 7, 11, 14, 86, 48, 89, 66, 50, 96, 33, 80, 8, 4, 34, 36, 55, 52, 13, 29, 69, 2]|[1, 1, 0, 1, 1, 1, 2, 1, 2, 1, 2, 2, 2, 1, 1, 0, 0, 1, 0, 2, 2, 0, 1, 2, 0, 1, 2, 2, 0, 0, 1, 2, 1, 0, 1, 0, 2, 0, 1, 1, 0, 1, 1, 1, 0, 2, 1, 1, 0, 0, 0, 0, 1, 1, 2, 1, 2, 0, 0, 0, 2, 1, 0, 1, 0, 1, 2, 1, 1, 1, 1, 1, 2, 0, 1, 2, 0, 0, 0, 1, 0, 1, 0, 0, 1, 0, 0, 0, 2, 0, 1, 0, 2, 0, 1, 1, 0, 0, 1, 0]|[4, 3, 2, 2, 0, 0, 2, 2, 2, 4, 1, 1, 2, 4, 4, 1, 1, 4, 2, 1, 1, 1, 1, 2, 1, 2, 1, 1, 1, 1, 3, 2, 3, 0, 4, 0, 1, 1, 0, 3, 2, 2, 4, 0, 1, 1, 3, 2, 0, 1, 2, 2, 1, 4, 0, 3, 2, 1, 1, 2, 1, 3, 1, 1, 2, 3, 0, 4, 3, 1, 4, 1, 1, 2, 4, 1, 2, 1, 1, 3, 2, 3, 1, 1, 1, 1, 1, 1, 1, 1, 3, 2, 1, 1, 4, 1, 2, 2, 3, 2]|[0, 2, 1, 1, 3, 3, 0, 1, 0, 0, 0, 0, 1, 0, 1, 0, 0, 3, 1, 0, 0, 0, 3, 1, 0, 2, 0, 0, 0, 1, 0, 0, 0, 0, 3, 0, 1, 0, 0, 2, 1, 1, 2, 0, 0, 0, 0, 1, 1, 0, 0, 0, 1, 3, 0, 0, 1, 0, 0, 1, 0, 2, 0, 1, 1, 2, 1, 0, 0, 1, 1, 3, 0, 1, 3, 0, 1, 0, 0, 2, 1, 0, 0, 0, 1, 0, 0, 0, 0, 0, 2, 1, 0, 1, 3, 1, 0, 0, 0, 0],843.7439659666079,57777.80974073964,86440.68470675517,false
58,G1_CMAX,G1_CMAX,[31, 22, 82, 15, 26, 99, 95, 42, 77, 12, 47, 5, 93, 78, 86, 54, 21, 63, 18, 44, 20, 35, 43, 97, 91, 76, 10, 30, 85, 45, 71, 64, 1, 23, 17, 83, 24, 14, 60, 36, 6, 57, 40, 88, 65, 56, 79, 94, 67, 68, 46, 75, 38, 9, 19, 32, 41, 81, 27, 87, 90, 58, 59, 11, 16, 72, 73, 70, 39, 37, 84, 3, 92, 25, 55, 48, 74, 29, 51, 7, 33, 61, 98, 28, 89, 50, 4, 96, 53, 80, 8, 66, 34, 49, 52, 0, 62, 69, 2, 13]|[1, 1, 0, 1, 1, 0, 1, 1, 2, 1, 2, 2, 2, 1, 1, 0, 0, 1, 0, 2, 2, 0, 1, 2, 0, 1, 2, 2, 0, 0, 1, 2, 1, 2, 1, 0, 2, 0, 1, 1, 0, 1, 1, 1, 0, 2, 1, 1, 0, 0, 0, 0, 1, 1, 2, 1, 0, 2, 0, 2, 1, 0, 1, 2, 1, 2, 1, 1, 1, 1, 1, 1, 0, 1, 2, 0, 2, 0, 0, 2, 2, 1, 2, 0, 1, 0, 1, 2, 0, 0, 1, 2, 2, 0, 1, 0, 1, 1, 0, 0]|[0, 3, 2, 2, 4, 1, 2, 3, 2, 4, 1, 1, 2, 4, 4, 1, 1, 4, 2, 1, 1, 1, 1, 2, 1, 2, 1, 1, 2, 1, 3, 2, 3, 1, 4, 0, 1, 1, 0, 3, 2, 2, 2, 0, 1, 1, 0, 4, 0, 1, 2, 2, 1, 4, 0, 3, 1, 1, 1, 1, 3, 1, 1, 1, 3, 0, 4, 3, 1, 4, 1, 1, 0, 4, 1, 1, 1, 1, 1, 1, 1, 3, 1, 2, 1, 1, 4, 1, 2, 1, 3, 1, 1, 1, 1, 2, 1, 4, 2, 2]|[0, 2, 1, 1, 3, 0, 1, 3, 0, 0, 0, 0, 1, 0, 1, 0, 0, 3, 1, 0, 0, 0, 3, 1, 0, 2, 0, 0, 0, 1, 0, 0, 0, 0, 3, 0, 1, 0, 0, 2, 1, 1, 1, 0, 0, 0, 0, 2, 1, 0, 0, 0, 1, 3, 0, 0, 0, 0, 0, 0, 2, 0, 1, 0, 2, 1, 0, 0, 1, 1, 3, 1, 1, 3, 0, 0, 0, 0, 0, 0, 0, 0, 0, 1, 1, 0, 0, 0, 1, 0, 2, 0, 0, 1, 1, 0, 1, 2, 0, 0],730.1276596856602,56815.01019440286,94351.50741240397,false
58,G4_BALANCED,G2_TEC,[20, 94, 82, 15, 26, 9, 95, 42, 77, 68, 47, 5, 93, 78, 86, 54, 85, 63, 18, 44, 31, 49, 36, 14, 74, 50, 53, 17, 21, 28, 11, 64, 3, 23, 30, 83, 24, 41, 40, 52, 65, 27, 90, 70, 39, 87, 48, 69, 99, 4, 46, 1, 13, 56, 97, 59, 45, 8, 73, 37, 35, 79, 71, 66, 76, 16, 60, 38, 58, 6, 67, 61, 33, 7, 57, 34, 12, 32, 10, 80, 96, 88, 43, 81, 91, 2, 84, 29, 92, 19, 51, 55, 89, 75, 25, 22, 98, 72, 62, 0]|[2, 1, 2, 1, 1, 2, 1, 1, 1, 1, 1, 0, 2, 2, 1, 2, 0, 0, 0, 2, 2, 1, 0, 2, 0, 2, 2, 1, 0, 1, 1, 1, 0, 0, 1, 0, 2, 1, 2, 2, 0, 0, 1, 1, 0, 2, 0, 2, 1, 0, 0, 2, 0, 2, 2, 0, 1, 1, 0, 0, 2, 1, 1, 2, 2, 2, 2, 0, 2, 1, 2, 1, 1, 2, 0, 1, 1, 0, 1, 0, 0, 1, 1, 1, 1, 0, 0, 1, 0, 1, 1, 0, 1, 2, 1, 2, 0, 1, 1, 0]|[1, 3, 0, 3, 4, 1, 4, 4, 4, 4, 3, 2, 1, 0, 2, 1, 1, 1, 2, 1, 1, 3, 0, 1, 0, 1, 1, 4, 1, 4, 3, 2, 2, 0, 4, 1, 1, 4, 1, 1, 2, 1, 4, 4, 1, 1, 0, 1, 3, 2, 2, 1, 2, 1, 1, 2, 4, 3, 0, 2, 1, 3, 3, 1, 1, 1, 1, 2, 1, 4, 1, 3, 4, 1, 2, 4, 3, 2, 3, 2, 2, 4, 4, 4, 3, 2, 2, 3, 2, 4, 3, 2, 4, 1, 4, 1, 2, 4, 3, 2]|[0, 2, 0, 0, 3, 0, 1, 3, 1, 0, 2, 0, 1, 0, 1, 0, 0, 0, 1, 0, 0, 2, 0, 0, 1, 0, 0, 3, 0, 1, 0, 2, 0, 0, 3, 0, 1, 1, 0, 0, 0, 0, 1, 3, 0, 0, 1, 0, 2, 0, 0, 0, 0, 0, 1, 0, 1, 0, 1, 1, 0, 2, 0, 0, 0, 0, 0, 0, 0, 2, 0, 0, 1, 0, 0, 1, 0, 0, 3, 0, 0, 1, 2, 2, 0, 0, 0, 3, 0, 1, 0, 0, 1, 0, 3, 0, 0, 1, 0, 0],932.6296481262889,48487.11054890131,106143.07385041681,true
58,G2_TEC,G4_BALANCED,[20, 94, 82, 15, 26, 9, 95, 42, 77, 68, 47, 5, 93, 78, 86, 54, 85, 63, 18, 44, 31, 49, 36, 14, 74, 50, 53, 17, 21, 28, 11, 64, 3, 23, 30, 83, 24, 41, 40, 52, 65, 27, 90, 70, 39, 87, 48, 69, 99, 4, 46, 1, 13, 56, 97, 59, 45, 8, 73, 37, 35, 79, 71, 66, 76, 16, 60, 80, 58, 6, 67, 61, 33, 7, 57, 34, 12, 32, 10, 38, 96, 88, 43, 81, 91, 2, 84, 29, 92, 19, 51, 55, 89, 75, 25, 22, 98, 72, 62, 0]|[2, 1, 2, 1, 1, 2, 1, 1, 1, 1, 1, 0, 2, 2, 1, 2, 0, 0, 0, 2, 2, 1, 0, 2, 0, 2, 2, 1, 0, 1, 1, 1, 0, 0, 1, 0, 2, 1, 2, 2, 0, 0, 1, 1, 0, 2, 0, 2, 1, 0, 0, 2, 0, 2, 2, 0, 1, 1, 0, 0, 2, 1, 1, 2, 2, 2, 2, 2, 2, 1, 2, 1, 1, 2, 0, 1, 1, 0, 1, 0, 0, 1, 1, 1, 1, 0, 0, 1, 0, 1, 1, 0, 1, 0, 1, 2, 2, 1, 1, 0]|[1, 3, 0, 3, 4, 1, 4, 4, 4, 4, 3, 2, 1, 0, 2, 1, 1, 1, 2, 1, 1, 3, 0, 1, 0, 1, 1, 4, 1, 4, 3, 2, 2, 0, 4, 1, 1, 4, 1, 1, 2, 1, 4, 4, 1, 1, 0, 1, 3, 2, 2, 1, 2, 1, 1, 2, 4, 3, 0, 2, 1, 3, 3, 1, 1, 1, 1, 1, 1, 4, 1, 3, 4, 1, 2, 4, 3, 2, 3, 2, 2, 4, 4, 4, 3, 2, 2, 3, 2, 4, 3, 2, 4, 2, 4, 1, 1, 4, 3, 2]|[0, 2, 0, 0, 3, 0, 1, 3, 1, 0, 2, 0, 1, 0, 1, 0, 0, 0, 1, 0, 0, 2, 0, 0, 1, 0, 0, 3, 0, 1, 0, 2, 0, 0, 3, 0, 1, 1, 0, 0, 0, 0, 1, 3, 0, 0, 1, 0, 2, 0, 0, 0, 0, 0, 1, 0, 1, 0, 1, 1, 0, 2, 0, 0, 0, 0, 0, 0, 0, 2, 0, 0, 1, 0, 0, 1, 0, 0, 3, 0, 0, 1, 2, 2, 0, 0, 0, 3, 0, 1, 0, 0, 1, 0, 3, 0, 0, 1, 0, 0],910.6016522559228,48414.55244339237,106657.9111807071,true
58,G3_TWC,G4_BALANCED,[31, 22, 82, 15, 26, 9, 95, 42, 77, 68, 47, 5, 93, 78, 86, 54, 85, 63, 18, 44, 20, 49, 36, 14, 74, 50, 53, 17, 21, 28, 11, 64, 3, 23, 30, 83, 24, 41, 40, 52, 65, 27, 90, 70, 39, 87, 48, 69, 99, 4, 75, 1, 13, 58, 97, 59, 45, 8, 73, 37, 35, 79, 71, 66, 76, 32, 60, 80, 56, 6, 67, 61, 33, 7, 57, 34, 12, 16, 10, 98, 96, 88, 43, 46, 91, 38, 84, 29, 92, 19, 51, 89, 81, 94, 72, 2, 25, 55, 62, 0]|[2, 1, 2, 1, 1, 2, 1, 1, 1, 1, 1, 0, 2, 2, 1, 2, 0, 0, 0, 2, 2, 1, 0, 2, 0, 2, 2, 1, 0, 1, 1, 1, 0, 0, 1, 0, 2, 1, 2, 2, 0, 0, 1, 1, 0, 2, 0, 2, 1, 0, 2, 2, 0, 2, 2, 0, 1, 1, 0, 0, 2, 1, 1, 2, 2, 0, 2, 2, 2, 1, 2, 1, 1, 2, 0, 1, 1, 2, 1, 2, 0, 1, 1, 0, 1, 0, 0, 1, 0, 1, 1, 1, 1, 0, 1, 0, 1, 0, 1, 0]|[0, 3, 0, 3, 4, 1, 4, 4, 4, 4, 3, 2, 1, 0, 2, 1, 1, 1, 2, 1, 1, 3, 0, 1, 0, 1, 1, 4, 1, 4, 3, 2, 2, 0, 4, 1, 1, 4, 1, 1, 2, 1, 4, 4, 1, 1, 0, 1, 3, 2, 1, 1, 2, 1, 1, 2, 4, 3, 0, 2, 2, 3, 3, 1, 1, 2, 1, 1, 1, 4, 1, 3, 4, 1, 2, 4, 3, 1, 3, 1, 2, 4, 4, 2, 3, 2, 2, 3, 2, 4, 3, 4, 4, 2, 4, 2, 4, 2, 3, 2]|[0, 2, 0, 0, 3, 0, 1, 3, 1, 0, 2, 0, 1, 0, 1, 0, 0, 0, 1, 0, 0, 2, 0, 0, 1, 0, 0, 3, 0, 1, 0, 2, 0, 0, 3, 0, 1, 1, 0, 0, 0, 0, 1, 3, 0, 0, 1, 0, 2, 0, 0, 0, 0, 0, 1, 0, 1, 0, 1, 1, 0, 2, 0, 0, 0, 0, 0, 0, 0, 2, 0, 0, 1, 0, 0, 1, 0, 0, 3, 0, 0, 1, 2, 0, 0, 0, 0, 3, 0, 1, 0, 1, 2, 0, 1, 0, 3, 0, 0, 0],903.924669198394,48551.34773213051,106885.56202425799,true
58,G1_CMAX,G1_CMAX,[31, 22, 82, 15, 26, 99, 95, 42, 77, 12, 47, 5, 93, 78, 86, 54, 21, 63, 18, 44, 20, 35, 43, 97, 91, 76, 10, 30, 85, 45, 71, 64, 1, 23, 17, 83, 24, 14, 60, 36, 6, 57, 40, 88, 65, 56, 79, 94, 67, 68, 46, 75, 38, 9, 19, 32, 41, 81, 27, 87, 90, 58, 59, 11, 16, 72, 73, 70, 39, 37, 84, 3, 92, 25, 55, 48, 74, 29, 51, 7, 33, 61, 98, 28, 89, 50, 4, 96, 53, 80, 8, 66, 34, 49, 52, 0, 62, 69, 2, 13]|[1, 1, 0, 1, 1, 0, 1, 1, 2, 1, 2, 2, 2, 1, 1, 0, 0, 1, 0, 2, 2, 0, 1, 2, 0, 1, 2, 2, 0, 0, 1, 2, 1, 2, 1, 0, 2, 0, 1, 1, 0, 1, 1, 1, 0, 2, 1, 1, 0, 0, 0, 0, 1, 1, 2, 1, 0, 2, 0, 2, 1, 0, 1, 2, 1, 2, 1, 1, 1, 1, 1, 1, 0, 1, 2, 0, 2, 0, 0, 2, 2, 1, 2, 0, 1, 0, 1, 2, 0, 0, 1, 2, 2, 0, 1, 0, 1, 1, 0, 0]|[0, 3, 2, 2, 4, 1, 2, 3, 2, 4, 1, 1, 2, 4, 4, 1, 1, 4, 2, 1, 1, 1, 1, 2, 1, 2, 1, 1, 2, 1, 3, 2, 3, 1, 4, 0, 1, 1, 0, 3, 2, 2, 2, 0, 1, 1, 0, 4, 0, 1, 2, 2, 1, 4, 0, 3, 1, 1, 1, 1, 3, 1, 1, 1, 3, 0, 4, 3, 1, 4, 1, 1, 0, 4, 1, 1, 1, 1, 1, 1, 1, 3, 1, 2, 1, 1, 4, 1, 2, 1, 3, 1, 1, 1, 1, 2, 1, 4, 2, 2]|[0, 2, 1, 1, 3, 0, 1, 3, 0, 0, 0, 0, 1, 0, 1, 0, 0, 3, 1, 0, 0, 0, 3, 1, 0, 2, 0, 0, 0, 1, 0, 0, 0, 0, 3, 0, 1, 0, 0, 2, 1, 1, 1, 0, 0, 0, 0, 2, 1, 0, 0, 0, 1, 3, 0, 0, 0, 0, 0, 0, 2, 0, 1, 0, 2, 1, 0, 0, 1, 1, 3, 1, 1, 3, 0, 0, 0, 0, 0, 0, 0, 0, 0, 1, 1, 0, 0, 0, 1, 0, 2, 0, 0, 1, 1, 0, 1, 2, 0, 0],730.1276596856602,56815.01019440286,94351.50741240397,false
58,G4_BALANCED,G2_TEC,[20, 94, 82, 15, 26, 9, 95, 42, 77, 68, 47, 5, 93, 78, 86, 54, 85, 63, 18, 44, 31, 49, 36, 14, 74, 50, 53, 17, 21, 28, 11, 64, 3, 23, 30, 83, 24, 41, 40, 52, 65, 27, 90, 70, 39, 87, 48, 69, 99, 4, 46, 1, 13, 56, 97, 59, 45, 8, 73, 37, 35, 79, 71, 66, 76, 16, 60, 38, 58, 6, 67, 61, 33, 7, 57, 34, 12, 32, 10, 80, 96, 88, 43, 81, 91, 2, 84, 29, 92, 19, 51, 55, 89, 75, 25, 22, 98, 72, 62, 0]|[2, 1, 2, 1, 1, 2, 1, 1, 1, 1, 1, 0, 2, 2, 1, 2, 0, 0, 0, 2, 2, 1, 0, 2, 0, 2, 2, 1, 0, 1, 1, 1, 0, 0, 1, 0, 2, 1, 2, 2, 0, 0, 1, 1, 0, 2, 0, 2, 1, 0, 0, 2, 0, 2, 2, 0, 1, 1, 0, 0, 2, 1, 1, 2, 2, 2, 2, 0, 2, 1, 2, 1, 1, 2, 0, 1, 1, 0, 1, 0, 0, 1, 1, 1, 1, 0, 0, 1, 0, 1, 1, 0, 1, 2, 1, 2, 0, 1, 1, 0]|[1, 3, 0, 3, 4, 1, 4, 4, 4, 4, 3, 2, 1, 0, 2, 1, 1, 1, 2, 1, 1, 3, 0, 1, 0, 1, 1, 4, 1, 4, 3, 2, 2, 0, 4, 1, 1, 4, 1, 1, 2, 1, 4, 4, 1, 1, 0, 1, 3, 2, 2, 1, 2, 1, 1, 2, 4, 3, 0, 2, 1, 3, 3, 1, 1, 1, 1, 2, 1, 4, 1, 3, 4, 1, 2, 4, 3, 2, 3, 2, 2, 4, 4, 4, 3, 2, 2, 3, 2, 4, 3, 2, 4, 1, 4, 1, 2, 4, 3, 2]|[0, 2, 0, 0, 3, 0, 1, 3, 1, 0, 2, 0, 1, 0, 1, 0, 0, 0, 1, 0, 0, 2, 0, 0, 1, 0, 0, 3, 0, 1, 0, 2, 0, 0, 3, 0, 1, 1, 0, 0, 0, 0, 1, 3, 0, 0, 1, 0, 2, 0, 0, 0, 0, 0, 1, 0, 1, 0, 1, 1, 0, 2, 0, 0, 0, 0, 0, 0, 0, 2, 0, 0, 1, 0, 0, 1, 0, 0, 3, 0, 0, 1, 2, 2, 0, 0, 0, 3, 0, 1, 0, 0, 1, 0, 3, 0, 0, 1, 0, 0],932.6296481262889,48487.11054890131,106143.07385041681,true
58,G2_TEC,G4_BALANCED,[20, 94, 82, 15, 26, 9, 95, 42, 77, 68, 47, 5, 93, 78, 86, 54, 85, 63, 18, 44, 31, 49, 36, 14, 74, 50, 53, 17, 21, 28, 11, 64, 3, 23, 30, 83, 24, 41, 40, 52, 65, 27, 90, 70, 39, 87, 48, 69, 99, 4, 46, 1, 13, 56, 97, 59, 45, 8, 73, 37, 35, 79, 71, 66, 76, 16, 60, 80, 58, 6, 67, 61, 33, 7, 57, 34, 12, 32, 10, 38, 96, 88, 43, 81, 91, 2, 84, 29, 92, 19, 51, 55, 89, 75, 25, 22, 98, 72, 62, 0]|[2, 1, 2, 1, 1, 2, 1, 1, 1, 1, 1, 0, 2, 2, 1, 2, 0, 0, 0, 2, 2, 1, 0, 2, 0, 2, 2, 1, 0, 1, 1, 1, 0, 0, 1, 0, 2, 1, 2, 2, 0, 0, 1, 1, 0, 2, 0, 2, 1, 0, 0, 2, 0, 2, 2, 0, 1, 1, 0, 0, 2, 1, 1, 2, 2, 2, 2, 2, 2, 1, 2, 1, 1, 2, 0, 1, 1, 0, 1, 0, 0, 1, 1, 1, 1, 0, 0, 1, 0, 1, 1, 0, 1, 0, 1, 2, 2, 1, 1, 0]|[1, 3, 0, 3, 4, 1, 4, 4, 4, 4, 3, 2, 1, 0, 2, 1, 1, 1, 2, 1, 1, 3, 0, 1, 0, 1, 1, 4, 1, 4, 3, 2, 2, 0, 4, 1, 1, 4, 1, 1, 2, 1, 4, 4, 1, 1, 0, 1, 3, 2, 2, 1, 2, 1, 1, 2, 4, 3, 0, 2, 1, 3, 3, 1, 1, 1, 1, 1, 1, 4, 1, 3, 4, 1, 2, 4, 3, 2, 3, 2, 2, 4, 4, 4, 3, 2, 2, 3, 2, 4, 3, 2, 4, 2, 4, 1, 1, 4, 3, 2]|[0, 2, 0, 0, 3, 0, 1, 3, 1, 0, 2, 0, 1, 0, 1, 0, 0, 0, 1, 0, 0, 2, 0, 0, 1, 0, 0, 3, 0, 1, 0, 2, 0, 0, 3, 0, 1, 1, 0, 0, 0, 0, 1, 3, 0, 0, 1, 0, 2, 0, 0, 0, 0, 0, 1, 0, 1, 0, 1, 1, 0, 2, 0, 0, 0, 0, 0, 0, 0, 2, 0, 0, 1, 0, 0, 1, 0, 0, 3, 0, 0, 1, 2, 2, 0, 0, 0, 3, 0, 1, 0, 0, 1, 0, 3, 0, 0, 1, 0, 0],910.6016522559228,48414.55244339237,106657.9111807071,true
58,G3_TWC,G4_BALANCED,[31, 22, 82, 15, 26, 9, 95, 42, 77, 68, 47, 5, 93, 78, 86, 54, 85, 63, 18, 44, 20, 49, 36, 14, 74, 50, 53, 17, 21, 28, 11, 64, 3, 23, 30, 83, 24, 41, 40, 52, 65, 27, 90, 70, 39, 87, 48, 69, 99, 4, 75, 1, 13, 58, 97, 59, 45, 8, 73, 37, 35, 79, 71, 66, 76, 32, 60, 80, 56, 6, 67, 61, 33, 7, 57, 34, 12, 16, 10, 98, 96, 88, 43, 46, 91, 38, 84, 29, 92, 19, 51, 89, 81, 94, 72, 2, 25, 55, 62, 0]|[2, 1, 2, 1, 1, 2, 1, 1, 1, 1, 1, 0, 2, 2, 1, 2, 0, 0, 0, 2, 2, 1, 0, 2, 0, 2, 2, 1, 0, 1, 1, 1, 0, 0, 1, 0, 2, 1, 2, 2, 0, 0, 1, 1, 0, 2, 0, 2, 1, 0, 2, 2, 0, 2, 2, 0, 1, 1, 0, 0, 2, 1, 1, 2, 2, 0, 2, 2, 2, 1, 2, 1, 1, 2, 0, 1, 1, 2, 1, 2, 0, 1, 1, 0, 1, 0, 0, 1, 0, 1, 1, 1, 1, 0, 1, 0, 1, 0, 1, 0]|[0, 3, 0, 3, 4, 1, 4, 4, 4, 4, 3, 2, 1, 0, 2, 1, 1, 1, 2, 1, 1, 3, 0, 1, 0, 1, 1, 4, 1, 4, 3, 2, 2, 0, 4, 1, 1, 4, 1, 1, 2, 1, 4, 4, 1, 1, 0, 1, 3, 2, 1, 1, 2, 1, 1, 2, 4, 3, 0, 2, 2, 3, 3, 1, 1, 2, 1, 1, 1, 4, 1, 3, 4, 1, 2, 4, 3, 1, 3, 1, 2, 4, 4, 2, 3, 2, 2, 3, 2, 4, 3, 4, 4, 2, 4, 2, 4, 2, 3, 2]|[0, 2, 0, 0, 3, 0, 1, 3, 1, 0, 2, 0, 1, 0, 1, 0, 0, 0, 1, 0, 0, 2, 0, 0, 1, 0, 0, 3, 0, 1, 0, 2, 0, 0, 3, 0, 1, 1, 0, 0, 0, 0, 1, 3, 0, 0, 1, 0, 2, 0, 0, 0, 0, 0, 1, 0, 1, 0, 1, 1, 0, 2, 0, 0, 0, 0, 0, 0, 0, 2, 0, 0, 1, 0, 0, 1, 0, 0, 3, 0, 0, 1, 2, 0, 0, 0, 0, 3, 0, 1, 0, 1, 2, 0, 1, 0, 3, 0, 0, 0],903.924669198394,48551.34773213051,106885.56202425799,true
58,G1_CMAX,G1_CMAX,[31, 22, 82, 15, 26, 99, 95, 42, 77, 12, 47, 5, 93, 78, 86, 54, 21, 63, 18, 44, 20, 35, 43, 97, 91, 76, 10, 30, 85, 45, 71, 64, 1, 23, 17, 83, 24, 14, 60, 36, 6, 57, 40, 88, 65, 56, 79, 94, 67, 68, 46, 75, 38, 9, 19, 32, 41, 81, 27, 87, 90, 58, 59, 11, 16, 72, 73, 70, 39, 37, 84, 3, 92, 25, 55, 48, 74, 29, 51, 7, 33, 61, 98, 28, 89, 50, 4, 96, 53, 80, 8, 66, 34, 49, 52, 0, 62, 69, 2, 13]|[1, 1, 0, 1, 1, 0, 1, 1, 2, 1, 2, 2, 2, 1, 1, 0, 0, 1, 0, 2, 2, 0, 1, 2, 0, 1, 2, 2, 0, 0, 1, 2, 1, 2, 1, 0, 2, 0, 1, 1, 0, 1, 1, 1, 0, 2, 1, 1, 0, 0, 0, 0, 1, 1, 2, 1, 0, 2, 0, 2, 1, 0, 1, 2, 1, 2, 1, 1, 1, 1, 1, 1, 0, 1, 2, 0, 2, 0, 0, 2, 2, 1, 2, 0, 1, 0, 1, 2, 0, 0, 1, 2, 2, 0, 1, 0, 1, 1, 0, 0]|[0, 3, 2, 2, 4, 1, 2, 3, 2, 4, 1, 1, 2, 4, 4, 1, 1, 4, 2, 1, 1, 1, 1, 2, 1, 2, 1, 1, 2, 1, 3, 2, 3, 1, 4, 0, 1, 1, 0, 3, 2, 2, 2, 0, 1, 1, 0, 4, 0, 1, 2, 2, 1, 4, 0, 3, 1, 1, 1, 1, 3, 1, 1, 1, 3, 0, 4, 3, 1, 4, 1, 1, 0, 4, 1, 1, 1, 1, 1, 1, 1, 3, 1, 2, 1, 1, 4, 1, 2, 1, 3, 1, 1, 1, 1, 2, 1, 4, 2, 2]|[0, 2, 1, 1, 3, 0, 1, 3, 0, 0, 0, 0, 1, 0, 1, 0, 0, 3, 1, 0, 0, 0, 3, 1, 0, 2, 0, 0, 0, 1, 0, 0, 0, 0, 3, 0, 1, 0, 0, 2, 1, 1, 1, 0, 0, 0, 0, 2, 1, 0, 0, 0, 1, 3, 0, 0, 0, 0, 0, 0, 2, 0, 1, 0, 2, 1, 0, 0, 1, 1, 3, 1, 1, 3, 0, 0, 0, 0, 0, 0, 0, 0, 0, 1, 1, 0, 0, 0, 1, 0, 2, 0, 0, 1, 1, 0, 1, 2, 0, 0],730.1276596856602,56815.01019440286,94351.50741240397,false
58,G4_BALANCED,G2_TEC,[20, 94, 82, 15, 26, 9, 95, 42, 77, 68, 47, 5, 93, 78, 86, 54, 85, 63, 18, 44, 31, 49, 36, 14, 74, 50, 53, 17, 21, 28, 11, 64, 3, 23, 30, 83, 24, 41, 40, 52, 65, 27, 90, 70, 39, 87, 48, 69, 99, 4, 46, 1, 13, 56, 97, 59, 45, 8, 73, 37, 35, 79, 71, 66, 76, 16, 60, 38, 58, 6, 67, 61, 33, 7, 57, 34, 12, 32, 10, 80, 96, 88, 43, 81, 91, 2, 84, 29, 92, 19, 51, 55, 89, 75, 25, 22, 98, 72, 62, 0]|[2, 1, 2, 1, 1, 2, 1, 1, 1, 1, 1, 0, 2, 2, 1, 2, 0, 0, 0, 2, 2, 1, 0, 2, 0, 2, 2, 1, 0, 1, 1, 1, 0, 0, 1, 0, 2, 1, 2, 2, 0, 0, 1, 1, 0, 2, 0, 2, 1, 0, 0, 2, 0, 2, 2, 0, 1, 1, 0, 0, 2, 1, 1, 2, 2, 2, 2, 0, 2, 1, 2, 1, 1, 2, 0, 1, 1, 0, 1, 0, 0, 1, 1, 1, 1, 0, 0, 1, 0, 1, 1, 0, 1, 2, 1, 2, 0, 1, 1, 0]|[1, 3, 0, 3, 4, 1, 4, 4, 4, 4, 3, 2, 1, 0, 2, 1, 1, 1, 2, 1, 1, 3, 0, 1, 0, 1, 1, 4, 1, 4, 3, 2, 2, 0, 4, 1, 1, 4, 1, 1, 2, 1, 4, 4, 1, 1, 0, 1, 3, 2, 2, 1, 2, 1, 1, 2, 4, 3, 0, 2, 1, 3, 3, 1, 1, 1, 1, 2, 1, 4, 1, 3, 4, 1, 2, 4, 3, 2, 3, 2, 2, 4, 4, 4, 3, 2, 2, 3, 2, 4, 3, 2, 4, 1, 4, 1, 2, 4, 3, 2]|[0, 2, 0, 0, 3, 0, 1, 3, 1, 0, 2, 0, 1, 0, 1, 0, 0, 0, 1, 0, 0, 2, 0, 0, 1, 0, 0, 3, 0, 1, 0, 2, 0, 0, 3, 0, 1, 1, 0, 0, 0, 0, 1, 3, 0, 0, 1, 0, 2, 0, 0, 0, 0, 0, 1, 0, 1, 0, 1, 1, 0, 2, 0, 0, 0, 0, 0, 0, 0, 2, 0, 0, 1, 0, 0, 1, 0, 0, 3, 0, 0, 1, 2, 2, 0, 0, 0, 3, 0, 1, 0, 0, 1, 0, 3, 0, 0, 1, 0, 0],932.6296481262889,48487.11054890131,106143.07385041681,true
58,G2_TEC,G4_BALANCED,[20, 94, 82, 15, 26, 9, 95, 42, 77, 68, 47, 5, 93, 78, 86, 54, 85, 63, 18, 44, 31, 49, 36, 14, 74, 50, 53, 17, 21, 28, 11, 64, 3, 23, 30, 83, 24, 41, 40, 52, 65, 27, 90, 70, 39, 87, 48, 69, 99, 4, 46, 1, 13, 56, 97, 59, 45, 8, 73, 37, 35, 79, 71, 66, 76, 16, 60, 80, 58, 6, 67, 61, 33, 7, 57, 34, 12, 32, 10, 38, 96, 88, 43, 81, 91, 2, 84, 29, 92, 19, 51, 55, 89, 75, 25, 22, 98, 72, 62, 0]|[2, 1, 2, 1, 1, 2, 1, 1, 1, 1, 1, 0, 2, 2, 1, 2, 0, 0, 0, 2, 2, 1, 0, 2, 0, 2, 2, 1, 0, 1, 1, 1, 0, 0, 1, 0, 2, 1, 2, 2, 0, 0, 1, 1, 0, 2, 0, 2, 1, 0, 0, 2, 0, 2, 2, 0, 1, 1, 0, 0, 2, 1, 1, 2, 2, 2, 2, 2, 2, 1, 2, 1, 1, 2, 0, 1, 1, 0, 1, 0, 0, 1, 1, 1, 1, 0, 0, 1, 0, 1, 1, 0, 1, 0, 1, 2, 2, 1, 1, 0]|[1, 3, 0, 3, 4, 1, 4, 4, 4, 4, 3, 2, 1, 0, 2, 1, 1, 1, 2, 1, 1, 3, 0, 1, 0, 1, 1, 4, 1, 4, 3, 2, 2, 0, 4, 1, 1, 4, 1, 1, 2, 1, 4, 4, 1, 1, 0, 1, 3, 2, 2, 1, 2, 1, 1, 2, 4, 3, 0, 2, 1, 3, 3, 1, 1, 1, 1, 1, 1, 4, 1, 3, 4, 1, 2, 4, 3, 2, 3, 2, 2, 4, 4, 4, 3, 2, 2, 3, 2, 4, 3, 2, 4, 2, 4, 1, 1, 4, 3, 2]|[0, 2, 0, 0, 3, 0, 1, 3, 1, 0, 2, 0, 1, 0, 1, 0, 0, 0, 1, 0, 0, 2, 0, 0, 1, 0, 0, 3, 0, 1, 0, 2, 0, 0, 3, 0, 1, 1, 0, 0, 0, 0, 1, 3, 0, 0, 1, 0, 2, 0, 0, 0, 0, 0, 1, 0, 1, 0, 1, 1, 0, 2, 0, 0, 0, 0, 0, 0, 0, 2, 0, 0, 1, 0, 0, 1, 0, 0, 3, 0, 0, 1, 2, 2, 0, 0, 0, 3, 0, 1, 0, 0, 1, 0, 3, 0, 0, 1, 0, 0],910.6016522559228,48414.55244339237,106657.9111807071,true
58,G3_TWC,G3_TWC,[31, 22, 42, 15, 26, 58, 95, 82, 77, 12, 47, 5, 93, 78, 98, 54, 85, 63, 18, 44, 20, 35, 43, 97, 91, 76, 10, 30, 21, 45, 71, 64, 1, 23, 17, 83, 24, 61, 60, 49, 6, 57, 94, 88, 65, 56, 79, 40, 67, 68, 46, 75, 0, 9, 19, 32, 81, 41, 27, 62, 87, 90, 99, 59, 53, 16, 72, 73, 70, 39, 37, 84, 3, 92, 25, 74, 28, 38, 51, 7, 11, 14, 86, 48, 89, 66, 50, 96, 33, 80, 8, 4, 34, 36, 55, 52, 13, 29, 69, 2]|[1, 1, 0, 1, 1, 1, 2, 1, 2, 1, 2, 2, 2, 1, 1, 0, 0, 1, 0, 2, 2, 0, 1, 2, 0, 1, 2, 2, 0, 0, 1, 2, 1, 0, 1, 0, 2, 0, 1, 1, 0, 1, 1, 1, 0, 2, 1, 1, 0, 0, 0, 0, 1, 1, 2, 1, 2, 0, 0, 0, 2, 1, 0, 1, 0, 1, 2, 1, 1, 1, 1, 1, 2, 0, 1, 2, 0, 0, 0, 1, 0, 1, 0, 0, 1, 0, 0, 0, 2, 0, 1, 0, 2, 0, 1, 1, 0, 0, 1, 0]|[4, 3, 2, 2, 0, 0, 2, 2, 2, 4, 1, 1, 2, 4, 4, 1, 1, 4, 2, 1, 1, 1, 1, 2, 1, 2, 1, 1, 1, 1, 3, 2, 3, 0, 4, 0, 1, 1, 0, 3, 2, 2, 4, 0, 1, 1, 3, 2, 0, 1, 2, 2, 1, 4, 0, 3, 2, 1, 1, 2, 1, 3, 1, 1, 2, 3, 0, 4, 3, 1, 4, 1, 1, 2, 4, 1, 2, 1, 1, 3, 2, 3, 1, 1, 1, 1, 1, 1, 1, 1, 3, 2, 1, 1, 4, 1, 2, 2, 3, 2]|[0, 2, 1, 1, 3, 3, 0, 1, 0, 0, 0, 0, 1, 0, 1, 0, 0, 3, 1, 0, 0, 0, 3, 1, 0, 2, 0, 0, 0, 1, 0, 0, 0, 0, 3, 0, 1, 0, 0, 2, 1, 1, 2, 0, 0, 0, 0, 1, 1, 0, 0, 0, 1, 3, 0, 0, 1, 0, 0, 1, 0, 2, 0, 1, 1, 2, 1, 0, 0, 1, 1, 3, 0, 1, 3, 0, 1, 0, 0, 2, 1, 0, 0, 0, 1, 0, 0, 0, 0, 0, 2, 1, 0, 1, 3, 1, 0, 0, 0, 0],843.7439659666079,57777.80974073964,86440.68470675517,false
58,G1_CMAX,G1_CMAX,[31, 22, 82, 15, 26, 99, 95, 42, 77, 12, 47, 5, 93, 78, 86, 54, 21, 63, 18, 44, 20, 35, 43, 97, 91, 76, 10, 30, 85, 45, 71, 64, 1, 23, 17, 83, 24, 14, 60, 36, 6, 57, 40, 88, 65, 56, 79, 94, 67, 68, 46, 75, 38, 9, 19, 32, 41, 81, 27, 87, 90, 58, 59, 11, 16, 72, 73, 70, 39, 37, 84, 3, 92, 25, 55, 48, 74, 29, 51, 7, 33, 61, 98, 28, 89, 50, 4, 96, 53, 80, 8, 66, 34, 49, 52, 0, 62, 69, 2, 13]|[1, 1, 0, 1, 1, 0, 1, 1, 2, 1, 2, 2, 2, 1, 1, 0, 0, 1, 0, 2, 2, 0, 1, 2, 0, 1, 2, 2, 0, 0, 1, 2, 1, 2, 1, 0, 2, 0, 1, 1, 0, 1, 1, 1, 0, 2, 1, 1, 0, 0, 0, 0, 1, 1, 2, 1, 0, 2, 0, 2, 1, 0, 1, 2, 1, 2, 1, 1, 1, 1, 1, 1, 0, 1, 2, 0, 2, 0, 0, 2, 2, 1, 2, 0, 1, 0, 1, 2, 0, 0, 1, 2, 2, 0, 1, 0, 1, 1, 0, 0]|[0, 3, 2, 2, 4, 1, 2, 3, 2, 4, 1, 1, 2, 4, 4, 1, 1, 4, 2, 1, 1, 1, 1, 2, 1, 2, 1, 1, 2, 1, 3, 2, 3, 1, 4, 0, 1, 1, 0, 3, 2, 2, 2, 0, 1, 1, 0, 4, 0, 1, 2, 2, 1, 4, 0, 3, 1, 1, 1, 1, 3, 1, 1, 1, 3, 0, 4, 3, 1, 4, 1, 1, 0, 4, 1, 1, 1, 1, 1, 1, 1, 3, 1, 2, 1, 1, 4, 1, 2, 1, 3, 1, 1, 1, 1, 2, 1, 4, 2, 2]|[0, 2, 1, 1, 3, 0, 1, 3, 0, 0, 0, 0, 1, 0, 1, 0, 0, 3, 1, 0, 0, 0, 3, 1, 0, 2, 0, 0, 0, 1, 0, 0, 0, 0, 3, 0, 1, 0, 0, 2, 1, 1, 1, 0, 0, 0, 0, 2, 1, 0, 0, 0, 1, 3, 0, 0, 0, 0, 0, 0, 2, 0, 1, 0, 2, 1, 0, 0, 1, 1, 3, 1, 1, 3, 0, 0, 0, 0, 0, 0, 0, 0, 0, 1, 1, 0, 0, 0, 1, 0, 2, 0, 0, 1, 1, 0, 1, 2, 0, 0],730.1276596856602,56815.01019440286,94351.50741240397,false
58,G4_BALANCED,G2_TEC,[20, 94, 82, 15, 26, 9, 95, 42, 77, 68, 47, 5, 93, 78, 86, 54, 85, 63, 18, 44, 31, 49, 36, 14, 74, 50, 53, 17, 21, 28, 11, 64, 3, 23, 30, 83, 24, 41, 40, 52, 65, 27, 90, 70, 39, 87, 48, 69, 99, 4, 46, 1, 13, 56, 97, 59, 45, 8, 73, 37, 35, 79, 71, 66, 76, 16, 60, 38, 58, 6, 67, 61, 33, 7, 57, 34, 12, 32, 10, 80, 96, 88, 43, 81, 91, 2, 84, 29, 92, 19, 51, 55, 89, 75, 25, 22, 98, 72, 62, 0]|[2, 1, 2, 1, 1, 2, 1, 1, 1, 1, 1, 0, 2, 2, 1, 2, 0, 0, 0, 2, 2, 1, 0, 2, 0, 2, 2, 1, 0, 1, 1, 1, 0, 0, 1, 0, 2, 1, 2, 2, 0, 0, 1, 1, 0, 2, 0, 2, 1, 0, 0, 2, 0, 2, 2, 0, 1, 1, 0, 0, 2, 1, 1, 2, 2, 2, 2, 0, 2, 1, 2, 1, 1, 2, 0, 1, 1, 0, 1, 0, 0, 1, 1, 1, 1, 0, 0, 1, 0, 1, 1, 0, 1, 2, 1, 2, 0, 1, 1, 0]|[1, 3, 0, 3, 4, 1, 4, 4, 4, 4, 3, 2, 1, 0, 2, 1, 1, 1, 2, 1, 1, 3, 0, 1, 0, 1, 1, 4, 1, 4, 3, 2, 2, 0, 4, 1, 1, 4, 1, 1, 2, 1, 4, 4, 1, 1, 0, 1, 3, 2, 2, 1, 2, 1, 1, 2, 4, 3, 0, 2, 1, 3, 3, 1, 1, 1, 1, 2, 1, 4, 1, 3, 4, 1, 2, 4, 3, 2, 3, 2, 2, 4, 4, 4, 3, 2, 2, 3, 2, 4, 3, 2, 4, 1, 4, 1, 2, 4, 3, 2]|[0, 2, 0, 0, 3, 0, 1, 3, 1, 0, 2, 0, 1, 0, 1, 0, 0, 0, 1, 0, 0, 2, 0, 0, 1, 0, 0, 3, 0, 1, 0, 2, 0, 0, 3, 0, 1, 1, 0, 0, 0, 0, 1, 3, 0, 0, 1, 0, 2, 0, 0, 0, 0, 0, 1, 0, 1, 0, 1, 1, 0, 2, 0, 0, 0, 0, 0, 0, 0, 2, 0, 0, 1, 0, 0, 1, 0, 0, 3, 0, 0, 1, 2, 2, 0, 0, 0, 3, 0, 1, 0, 0, 1, 0, 3, 0, 0, 1, 0, 0],932.6296481262889,48487.11054890131,106143.07385041681,true
58,G2_TEC,G4_BALANCED,[20, 94, 82, 15, 26, 9, 95, 42, 77, 68, 47, 5, 93, 78, 86, 54, 85, 63, 18, 44, 31, 49, 36, 14, 74, 50, 53, 17, 21, 28, 11, 64, 3, 23, 30, 83, 24, 41, 40, 52, 65, 27, 90, 70, 39, 87, 48, 69, 99, 4, 46, 1, 13, 56, 97, 59, 45, 8, 73, 37, 35, 79, 71, 66, 76, 16, 60, 80, 58, 6, 67, 61, 33, 7, 57, 34, 12, 32, 10, 38, 96, 88, 43, 81, 91, 2, 84, 29, 92, 19, 51, 55, 89, 75, 25, 22, 98, 72, 62, 0]|[2, 1, 2, 1, 1, 2, 1, 1, 1, 1, 1, 0, 2, 2, 1, 2, 0, 0, 0, 2, 2, 1, 0, 2, 0, 2, 2, 1, 0, 1, 1, 1, 0, 0, 1, 0, 2, 1, 2, 2, 0, 0, 1, 1, 0, 2, 0, 2, 1, 0, 0, 2, 0, 2, 2, 0, 1, 1, 0, 0, 2, 1, 1, 2, 2, 2, 2, 2, 2, 1, 2, 1, 1, 2, 0, 1, 1, 0, 1, 0, 0, 1, 1, 1, 1, 0, 0, 1, 0, 1, 1, 0, 1, 0, 1, 2, 2, 1, 1, 0]|[1, 3, 0, 3, 4, 1, 4, 4, 4, 4, 3, 2, 1, 0, 2, 1, 1, 1, 2, 1, 1, 3, 0, 1, 0, 1, 1, 4, 1, 4, 3, 2, 2, 0, 4, 1, 1, 4, 1, 1, 2, 1, 4, 4, 1, 1, 0, 1, 3, 2, 2, 1, 2, 1, 1, 2, 4, 3, 0, 2, 1, 3, 3, 1, 1, 1, 1, 1, 1, 4, 1, 3, 4, 1, 2, 4, 3, 2, 3, 2, 2, 4, 4, 4, 3, 2, 2, 3, 2, 4, 3, 2, 4, 2, 4, 1, 1, 4, 3, 2]|[0, 2, 0, 0, 3, 0, 1, 3, 1, 0, 2, 0, 1, 0, 1, 0, 0, 0, 1, 0, 0, 2, 0, 0, 1, 0, 0, 3, 0, 1, 0, 2, 0, 0, 3, 0, 1, 1, 0, 0, 0, 0, 1, 3, 0, 0, 1, 0, 2, 0, 0, 0, 0, 0, 1, 0, 1, 0, 1, 1, 0, 2, 0, 0, 0, 0, 0, 0, 0, 2, 0, 0, 1, 0, 0, 1, 0, 0, 3, 0, 0, 1, 2, 2, 0, 0, 0, 3, 0, 1, 0, 0, 1, 0, 3, 0, 0, 1, 0, 0],910.6016522559228,48414.55244339237,106657.9111807071,true
58,G3_TWC,G3_TWC,[31, 22, 42, 15, 26, 58, 95, 82, 77, 12, 47, 5, 93, 78, 98, 54, 85, 63, 18, 44, 20, 35, 43, 97, 91, 76, 10, 30, 21, 45, 71, 64, 1, 23, 17, 83, 24, 61, 60, 49, 6, 57, 94, 88, 65, 56, 79, 40, 67, 68, 46, 75, 0, 9, 19, 32, 81, 41, 27, 62, 87, 90, 99, 59, 53, 16, 72, 73, 70, 39, 37, 84, 3, 92, 25, 74, 28, 38, 51, 7, 11, 14, 86, 48, 89, 66, 50, 96, 33, 80, 8, 4, 34, 36, 55, 52, 13, 29, 69, 2]|[1, 1, 0, 1, 1, 1, 2, 1, 2, 1, 2, 2, 2, 1, 1, 0, 0, 1, 0, 2, 2, 0, 1, 2, 0, 1, 2, 2, 0, 0, 1, 2, 1, 0, 1, 0, 2, 0, 1, 1, 0, 1, 1, 1, 0, 2, 1, 1, 0, 0, 0, 0, 1, 1, 2, 1, 2, 0, 0, 0, 2, 1, 0, 1, 0, 1, 2, 1, 1, 1, 1, 1, 2, 0, 1, 2, 0, 0, 0, 1, 0, 1, 0, 0, 1, 0, 0, 0, 2, 0, 1, 0, 2, 0, 1, 1, 0, 0, 1, 0]|[4, 3, 2, 2, 0, 0, 2, 2, 2, 4, 1, 1, 2, 4, 4, 1, 1, 4, 2, 1, 1, 1, 1, 2, 1, 2, 1, 1, 1, 1, 3, 2, 3, 0, 4, 0, 1, 1, 0, 3, 2, 2, 4, 0, 1, 1, 3, 2, 0, 1, 2, 2, 1, 4, 0, 3, 2, 1, 1, 2, 1, 3, 1, 1, 2, 3, 0, 4, 3, 1, 4, 1, 1, 2, 4, 1, 2, 1, 1, 3, 2, 3, 1, 1, 1, 1, 1, 1, 1, 1, 3, 2, 1, 1, 4, 1, 2, 2, 3, 2]|[0, 2, 1, 1, 3, 3, 0, 1, 0, 0, 0, 0, 1, 0, 1, 0, 0, 3, 1, 0, 0, 0, 3, 1, 0, 2, 0, 0, 0, 1, 0, 0, 0, 0, 3, 0, 1, 0, 0, 2, 1, 1, 2, 0, 0, 0, 0, 1, 1, 0, 0, 0, 1, 3, 0, 0, 1, 0, 0, 1, 0, 2, 0, 1, 1, 2, 1, 0, 0, 1, 1, 3, 0, 1, 3, 0, 1, 0, 0, 2, 1, 0, 0, 0, 1, 0, 0, 0, 0, 0, 2, 1, 0, 1, 3, 1, 0, 0, 0, 0],843.7439659666079,57777.80974073964,86440.68470675517,false
58,G1_CMAX,G1_CMAX,[31, 22, 82, 15, 26, 99, 95, 42, 77, 12, 47, 5, 93, 78, 86, 54, 21, 63, 18, 44, 20, 35, 43, 97, 91, 76, 10, 30, 85, 45, 71, 64, 1, 23, 17, 83, 24, 14, 60, 36, 6, 57, 40, 88, 65, 56, 79, 94, 67, 68, 46, 75, 38, 9, 19, 32, 41, 81, 27, 87, 90, 58, 59, 11, 16, 72, 73, 70, 39, 37, 84, 3, 92, 25, 55, 48, 74, 29, 51, 7, 33, 61, 98, 28, 89, 50, 4, 96, 53, 80, 8, 66, 34, 49, 52, 0, 62, 69, 2, 13]|[1, 1, 0, 1, 1, 0, 1, 1, 2, 1, 2, 2, 2, 1, 1, 0, 0, 1, 0, 2, 2, 0, 1, 2, 0, 1, 2, 2, 0, 0, 1, 2, 1, 2, 1, 0, 2, 0, 1, 1, 0, 1, 1, 1, 0, 2, 1, 1, 0, 0, 0, 0, 1, 1, 2, 1, 0, 2, 0, 2, 1, 0, 1, 2, 1, 2, 1, 1, 1, 1, 1, 1, 0, 1, 2, 0, 2, 0, 0, 2, 2, 1, 2, 0, 1, 0, 1, 2, 0, 0, 1, 2, 2, 0, 1, 0, 1, 1, 0, 0]|[0, 3, 2, 2, 4, 1, 2, 3, 2, 4, 1, 1, 2, 4, 4, 1, 1, 4, 2, 1, 1, 1, 1, 2, 1, 2, 1, 1, 2, 1, 3, 2, 3, 1, 4, 0, 1, 1, 0, 3, 2, 2, 2, 0, 1, 1, 0, 4, 0, 1, 2, 2, 1, 4, 0, 3, 1, 1, 1, 1, 3, 1, 1, 1, 3, 0, 4, 3, 1, 4, 1, 1, 0, 4, 1, 1, 1, 1, 1, 1, 1, 3, 1, 2, 1, 1, 4, 1, 2, 1, 3, 1, 1, 1, 1, 2, 1, 4, 2, 2]|[0, 2, 1, 1, 3, 0, 1, 3, 0, 0, 0, 0, 1, 0, 1, 0, 0, 3, 1, 0, 0, 0, 3, 1, 0, 2, 0, 0, 0, 1, 0, 0, 0, 0, 3, 0, 1, 0, 0, 2, 1, 1, 1, 0, 0, 0, 0, 2, 1, 0, 0, 0, 1, 3, 0, 0, 0, 0, 0, 0, 2, 0, 1, 0, 2, 1, 0, 0, 1, 1, 3, 1, 1, 3, 0, 0, 0, 0, 0, 0, 0, 0, 0, 1, 1, 0, 0, 0, 1, 0, 2, 0, 0, 1, 1, 0, 1, 2, 0, 0],730.1276596856602,56815.01019440286,94351.50741240397,false
58,G4_BALANCED,G2_TEC,[20, 94, 82, 15, 26, 9, 95, 42, 77, 68, 47, 5, 93, 78, 86, 54, 85, 63, 18, 44, 31, 49, 36, 14, 74, 50, 53, 17, 21, 28, 11, 64, 3, 23, 30, 83, 24, 41, 40, 52, 65, 27, 90, 70, 39, 87, 48, 69, 99, 4, 46, 1, 13, 56, 97, 59, 45, 8, 73, 37, 35, 79, 71, 66, 76, 16, 60, 38, 58, 6, 67, 61, 33, 7, 57, 34, 12, 32, 10, 80, 96, 88, 43, 81, 91, 2, 84, 29, 92, 19, 51, 55, 89, 75, 25, 22, 98, 72, 62, 0]|[2, 1, 2, 1, 1, 2, 1, 1, 1, 1, 1, 0, 2, 2, 1, 2, 0, 0, 0, 2, 2, 1, 0, 2, 0, 2, 2, 1, 0, 1, 1, 1, 0, 0, 1, 0, 2, 1, 2, 2, 0, 0, 1, 1, 0, 2, 0, 2, 1, 0, 0, 2, 0, 2, 2, 0, 1, 1, 0, 0, 2, 1, 1, 2, 2, 2, 2, 0, 2, 1, 2, 1, 1, 2, 0, 1, 1, 0, 1, 0, 0, 1, 1, 1, 1, 0, 0, 1, 0, 1, 1, 0, 1, 2, 1, 2, 0, 1, 1, 0]|[1, 3, 0, 3, 4, 1, 4, 4, 4, 4, 3, 2, 1, 0, 2, 1, 1, 1, 2, 1, 1, 3, 0, 1, 0, 1, 1, 4, 1, 4, 3, 2, 2, 0, 4, 1, 1, 4, 1, 1, 2, 1, 4, 4, 1, 1, 0, 1, 3, 2, 2, 1, 2, 1, 1, 2, 4, 3, 0, 2, 1, 3, 3, 1, 1, 1, 1, 2, 1, 4, 1, 3, 4, 1, 2, 4, 3, 2, 3, 2, 2, 4, 4, 4, 3, 2, 2, 3, 2, 4, 3, 2, 4, 1, 4, 1, 2, 4, 3, 2]|[0, 2, 0, 0, 3, 0, 1, 3, 1, 0, 2, 0, 1, 0, 1, 0, 0, 0, 1, 0, 0, 2, 0, 0, 1, 0, 0, 3, 0, 1, 0, 2, 0, 0, 3, 0, 1, 1, 0, 0, 0, 0, 1, 3, 0, 0, 1, 0, 2, 0, 0, 0, 0, 0, 1, 0, 1, 0, 1, 1, 0, 2, 0, 0, 0, 0, 0, 0, 0, 2, 0, 0, 1, 0, 0, 1, 0, 0, 3, 0, 0, 1, 2, 2, 0, 0, 0, 3, 0, 1, 0, 0, 1, 0, 3, 0, 0, 1, 0, 0],932.6296481262889,48487.11054890131,106143.07385041681,true
58,G2_TEC,G4_BALANCED,[20, 94, 82, 15, 26, 9, 95, 42, 77, 68, 47, 5, 93, 78, 86, 54, 85, 63, 18, 44, 31, 49, 36, 14, 74, 50, 53, 17, 21, 28, 11, 64, 3, 23, 30, 83, 24, 41, 40, 52, 65, 27, 90, 70, 39, 87, 48, 69, 99, 4, 46, 1, 13, 56, 97, 59, 45, 8, 73, 37, 35, 79, 71, 66, 76, 16, 60, 80, 58, 6, 67, 61, 33, 7, 57, 34, 12, 32, 10, 38, 96, 88, 43, 81, 91, 2, 84, 29, 92, 19, 51, 55, 89, 75, 25, 22, 98, 72, 62, 0]|[2, 1, 2, 1, 1, 2, 1, 1, 1, 1, 1, 0, 2, 2, 1, 2, 0, 0, 0, 2, 2, 1, 0, 2, 0, 2, 2, 1, 0, 1, 1, 1, 0, 0, 1, 0, 2, 1, 2, 2, 0, 0, 1, 1, 0, 2, 0, 2, 1, 0, 0, 2, 0, 2, 2, 0, 1, 1, 0, 0, 2, 1, 1, 2, 2, 2, 2, 2, 2, 1, 2, 1, 1, 2, 0, 1, 1, 0, 1, 0, 0, 1, 1, 1, 1, 0, 0, 1, 0, 1, 1, 0, 1, 0, 1, 2, 2, 1, 1, 0]|[1, 3, 0, 3, 4, 1, 4, 4, 4, 4, 3, 2, 1, 0, 2, 1, 1, 1, 2, 1, 1, 3, 0, 1, 0, 1, 1, 4, 1, 4, 3, 2, 2, 0, 4, 1, 1, 4, 1, 1, 2, 1, 4, 4, 1, 1, 0, 1, 3, 2, 2, 1, 2, 1, 1, 2, 4, 3, 0, 2, 1, 3, 3, 1, 1, 1, 1, 1, 1, 4, 1, 3, 4, 1, 2, 4, 3, 2, 3, 2, 2, 4, 4, 4, 3, 2, 2, 3, 2, 4, 3, 2, 4, 2, 4, 1, 1, 4, 3, 2]|[0, 2, 0, 0, 3, 0, 1, 3, 1, 0, 2, 0, 1, 0, 1, 0, 0, 0, 1, 0, 0, 2, 0, 0, 1, 0, 0, 3, 0, 1, 0, 2, 0, 0, 3, 0, 1, 1, 0, 0, 0, 0, 1, 3, 0, 0, 1, 0, 2, 0, 0, 0, 0, 0, 1, 0, 1, 0, 1, 1, 0, 2, 0, 0, 0, 0, 0, 0, 0, 2, 0, 0, 1, 0, 0, 1, 0, 0, 3, 0, 0, 1, 2, 2, 0, 0, 0, 3, 0, 1, 0, 0, 1, 0, 3, 0, 0, 1, 0, 0],910.6016522559228,48414.55244339237,106657.9111807071,true
58,G3_TWC,G3_TWC,[31, 22, 42, 15, 26, 58, 95, 82, 77, 12, 47, 5, 93, 78, 98, 54, 85, 63, 18, 44, 20, 35, 43, 97, 91, 76, 10, 30, 21, 45, 71, 64, 1, 23, 17, 83, 24, 61, 60, 49, 6, 57, 94, 88, 65, 56, 79, 40, 67, 68, 46, 75, 0, 9, 19, 32, 81, 41, 27, 62, 87, 90, 99, 59, 53, 16, 72, 73, 70, 39, 37, 84, 3, 92, 25, 74, 28, 38, 51, 7, 11, 14, 86, 48, 89, 66, 50, 96, 33, 80, 8, 4, 34, 36, 55, 52, 13, 29, 69, 2]|[1, 1, 0, 1, 1, 1, 2, 1, 2, 1, 2, 2, 2, 1, 1, 0, 0, 1, 0, 2, 2, 0, 1, 2, 0, 1, 2, 2, 0, 0, 1, 2, 1, 0, 1, 0, 2, 0, 1, 1, 0, 1, 1, 1, 0, 2, 1, 1, 0, 0, 0, 0, 1, 1, 2, 1, 2, 0, 0, 0, 2, 1, 0, 1, 0, 1, 2, 1, 1, 1, 1, 1, 2, 0, 1, 2, 0, 0, 0, 1, 0, 1, 0, 0, 1, 0, 0, 0, 2, 0, 1, 0, 2, 0, 1, 1, 0, 0, 1, 0]|[4, 3, 2, 2, 0, 0, 2, 2, 2, 4, 1, 1, 2, 4, 4, 1, 1, 4, 2, 1, 1, 1, 1, 2, 1, 2, 1, 1, 1, 1, 3, 2, 3, 0, 4, 0, 1, 1, 0, 3, 2, 2, 4, 0, 1, 1, 3, 2, 0, 1, 2, 2, 1, 4, 0, 3, 2, 1, 1, 2, 1, 3, 1, 1, 2, 3, 0, 4, 3, 1, 4, 1, 1, 2, 4, 1, 2, 1, 1, 3, 2, 3, 1, 1, 1, 1, 1, 1, 1, 1, 3, 2, 1, 1, 4, 1, 2, 2, 3, 2]|[0, 2, 1, 1, 3, 3, 0, 1, 0, 0, 0, 0, 1, 0, 1, 0, 0, 3, 1, 0, 0, 0, 3, 1, 0, 2, 0, 0, 0, 1, 0, 0, 0, 0, 3, 0, 1, 0, 0, 2, 1, 1, 2, 0, 0, 0, 0, 1, 1, 0, 0, 0, 1, 3, 0, 0, 1, 0, 0, 1, 0, 2, 0, 1, 1, 2, 1, 0, 0, 1, 1, 3, 0, 1, 3, 0, 1, 0, 0, 2, 1, 0, 0, 0, 1, 0, 0, 0, 0, 0, 2, 1, 0, 1, 3, 1, 0, 0, 0, 0],843.7439659666079,57777.80974073964,86440.68470675517,false
58,G1_CMAX,G1_CMAX,[31, 22, 82, 15, 26, 99, 95, 42, 77, 12, 47, 5, 93, 78, 86, 54, 21, 63, 18, 44, 20, 35, 43, 97, 91, 76, 10, 30, 85, 45, 71, 64, 1, 23, 17, 83, 24, 14, 60, 36, 6, 57, 40, 88, 65, 56, 79, 94, 67, 68, 46, 75, 38, 9, 19, 32, 41, 81, 27, 87, 90, 58, 59, 11, 16, 72, 73, 70, 39, 37, 84, 3, 92, 25, 55, 48, 74, 29, 51, 7, 33, 61, 98, 28, 89, 50, 4, 96, 53, 80, 8, 66, 34, 49, 52, 0, 62, 69, 2, 13]|[1, 1, 0, 1, 1, 0, 1, 1, 2, 1, 2, 2, 2, 1, 1, 0, 0, 1, 0, 2, 2, 0, 1, 2, 0, 1, 2, 2, 0, 0, 1, 2, 1, 2, 1, 0, 2, 0, 1, 1, 0, 1, 1, 1, 0, 2, 1, 1, 0, 0, 0, 0, 1, 1, 2, 1, 0, 2, 0, 2, 1, 0, 1, 2, 1, 2, 1, 1, 1, 1, 1, 1, 0, 1, 2, 0, 2, 0, 0, 2, 2, 1, 2, 0, 1, 0, 1, 2, 0, 0, 1, 2, 2, 0, 1, 0, 1, 1, 0, 0]|[0, 3, 2, 2, 4, 1, 2, 3, 2, 4, 1, 1, 2, 4, 4, 1, 1, 4, 2, 1, 1, 1, 1, 2, 1, 2, 1, 1, 2, 1, 3, 2, 3, 1, 4, 0, 1, 1, 0, 3, 2, 2, 2, 0, 1, 1, 0, 4, 0, 1, 2, 2, 1, 4, 0, 3, 1, 1, 1, 1, 3, 1, 1, 1, 3, 0, 4, 3, 1, 4, 1, 1, 0, 4, 1, 1, 1, 1, 1, 1, 1, 3, 1, 2, 1, 1, 4, 1, 2, 1, 3, 1, 1, 1, 1, 2, 1, 4, 2, 2]|[0, 2, 1, 1, 3, 0, 1, 3, 0, 0, 0, 0, 1, 0, 1, 0, 0, 3, 1, 0, 0, 0, 3, 1, 0, 2, 0, 0, 0, 1, 0, 0, 0, 0, 3, 0, 1, 0, 0, 2, 1, 1, 1, 0, 0, 0, 0, 2, 1, 0, 0, 0, 1, 3, 0, 0, 0, 0, 0, 0, 2, 0, 1, 0, 2, 1, 0, 0, 1, 1, 3, 1, 1, 3, 0, 0, 0, 0, 0, 0, 0, 0, 0, 1, 1, 0, 0, 0, 1, 0, 2, 0, 0, 1, 1, 0, 1, 2, 0, 0],730.1276596856602,56815.01019440286,94351.50741240397,false
58,G4_BALANCED,G2_TEC,[20, 94, 82, 15, 26, 9, 95, 42, 77, 68, 47, 5, 93, 78, 86, 54, 85, 63, 18, 44, 31, 49, 36, 14, 74, 50, 53, 17, 21, 28, 11, 64, 3, 23, 30, 83, 24, 41, 40, 52, 65, 27, 90, 70, 39, 87, 48, 69, 99, 4, 46, 1, 13, 56, 97, 59, 45, 8, 73, 37, 35, 79, 71, 66, 76, 16, 60, 38, 58, 6, 67, 61, 33, 7, 57, 34, 12, 32, 10, 80, 96, 88, 43, 81, 91, 2, 84, 29, 92, 19, 51, 55, 89, 75, 25, 22, 98, 72, 62, 0]|[2, 1, 2, 1, 1, 2, 1, 1, 1, 1, 1, 0, 2, 2, 1, 2, 0, 0, 0, 2, 2, 1, 0, 2, 0, 2, 2, 1, 0, 1, 1, 1, 0, 0, 1, 0, 2, 1, 2, 2, 0, 0, 1, 1, 0, 2, 0, 2, 1, 0, 0, 2, 0, 2, 2, 0, 1, 1, 0, 0, 2, 1, 1, 2, 2, 2, 2, 0, 2, 1, 2, 1, 1, 2, 0, 1, 1, 0, 1, 0, 0, 1, 1, 1, 1, 0, 0, 1, 0, 1, 1, 0, 1, 2, 1, 2, 0, 1, 1, 0]|[1, 3, 0, 3, 4, 1, 4, 4, 4, 4, 3, 2, 1, 0, 2, 1, 1, 1, 2, 1, 1, 3, 0, 1, 0, 1, 1, 4, 1, 4, 3, 2, 2, 0, 4, 1, 1, 4, 1, 1, 2, 1, 4, 4, 1, 1, 0, 1, 3, 2, 2, 1, 2, 1, 1, 2, 4, 3, 0, 2, 1, 3, 3, 1, 1, 1, 1, 2, 1, 4, 1, 3, 4, 1, 2, 4, 3, 2, 3, 2, 2, 4, 4, 4, 3, 2, 2, 3, 2, 4, 3, 2, 4, 1, 4, 1, 2, 4, 3, 2]|[0, 2, 0, 0, 3, 0, 1, 3, 1, 0, 2, 0, 1, 0, 1, 0, 0, 0, 1, 0, 0, 2, 0, 0, 1, 0, 0, 3, 0, 1, 0, 2, 0, 0, 3, 0, 1, 1, 0, 0, 0, 0, 1, 3, 0, 0, 1, 0, 2, 0, 0, 0, 0, 0, 1, 0, 1, 0, 1, 1, 0, 2, 0, 0, 0, 0, 0, 0, 0, 2, 0, 0, 1, 0, 0, 1, 0, 0, 3, 0, 0, 1, 2, 2, 0, 0, 0, 3, 0, 1, 0, 0, 1, 0, 3, 0, 0, 1, 0, 0],932.6296481262889,48487.11054890131,106143.07385041681,true
58,G2_TEC,G4_BALANCED,[20, 94, 82, 15, 26, 9, 95, 42, 77, 68, 47, 5, 93, 78, 86, 54, 85, 63, 18, 44, 31, 49, 36, 14, 74, 50, 53, 17, 21, 28, 11, 64, 3, 23, 30, 83, 24, 41, 40, 52, 65, 27, 90, 70, 39, 87, 48, 69, 99, 4, 46, 1, 13, 56, 97, 59, 45, 8, 73, 37, 35, 79, 71, 66, 76, 16, 60, 80, 58, 6, 67, 61, 33, 7, 57, 34, 12, 32, 10, 38, 96, 88, 43, 81, 91, 2, 84, 29, 92, 19, 51, 55, 89, 75, 25, 22, 98, 72, 62, 0]|[2, 1, 2, 1, 1, 2, 1, 1, 1, 1, 1, 0, 2, 2, 1, 2, 0, 0, 0, 2, 2, 1, 0, 2, 0, 2, 2, 1, 0, 1, 1, 1, 0, 0, 1, 0, 2, 1, 2, 2, 0, 0, 1, 1, 0, 2, 0, 2, 1, 0, 0, 2, 0, 2, 2, 0, 1, 1, 0, 0, 2, 1, 1, 2, 2, 2, 2, 2, 2, 1, 2, 1, 1, 2, 0, 1, 1, 0, 1, 0, 0, 1, 1, 1, 1, 0, 0, 1, 0, 1, 1, 0, 1, 0, 1, 2, 2, 1, 1, 0]|[1, 3, 0, 3, 4, 1, 4, 4, 4, 4, 3, 2, 1, 0, 2, 1, 1, 1, 2, 1, 1, 3, 0, 1, 0, 1, 1, 4, 1, 4, 3, 2, 2, 0, 4, 1, 1, 4, 1, 1, 2, 1, 4, 4, 1, 1, 0, 1, 3, 2, 2, 1, 2, 1, 1, 2, 4, 3, 0, 2, 1, 3, 3, 1, 1, 1, 1, 1, 1, 4, 1, 3, 4, 1, 2, 4, 3, 2, 3, 2, 2, 4, 4, 4, 3, 2, 2, 3, 2, 4, 3, 2, 4, 2, 4, 1, 1, 4, 3, 2]|[0, 2, 0, 0, 3, 0, 1, 3, 1, 0, 2, 0, 1, 0, 1, 0, 0, 0, 1, 0, 0, 2, 0, 0, 1, 0, 0, 3, 0, 1, 0, 2, 0, 0, 3, 0, 1, 1, 0, 0, 0, 0, 1, 3, 0, 0, 1, 0, 2, 0, 0, 0, 0, 0, 1, 0, 1, 0, 1, 1, 0, 2, 0, 0, 0, 0, 0, 0, 0, 2, 0, 0, 1, 0, 0, 1, 0, 0, 3, 0, 0, 1, 2, 2, 0, 0, 0, 3, 0, 1, 0, 0, 1, 0, 3, 0, 0, 1, 0, 0],910.6016522559228,48414.55244339237,106657.9111807071,true
58,G3_TWC,G3_TWC,[31, 22, 42, 15, 26, 58, 95, 82, 77, 12, 47, 5, 93, 78, 98, 54, 85, 63, 18, 44, 20, 35, 43, 97, 91, 76, 10, 30, 21, 45, 71, 64, 1, 23, 17, 83, 24, 61, 60, 49, 6, 57, 94, 88, 65, 56, 79, 40, 67, 68, 46, 75, 0, 9, 19, 32, 81, 41, 27, 62, 87, 90, 99, 59, 53, 16, 72, 73, 70, 39, 37, 84, 3, 92, 25, 74, 28, 38, 51, 7, 11, 14, 86, 48, 89, 66, 50, 96, 33, 80, 8, 4, 34, 36, 55, 52, 13, 29, 69, 2]|[1, 1, 0, 1, 1, 1, 2, 1, 2, 1, 2, 2, 2, 1, 1, 0, 0, 1, 0, 2, 2, 0, 1, 2, 0, 1, 2, 2, 0, 0, 1, 2, 1, 0, 1, 0, 2, 0, 1, 1, 0, 1, 1, 1, 0, 2, 1, 1, 0, 0, 0, 0, 1, 1, 2, 1, 2, 0, 0, 0, 2, 1, 0, 1, 0, 1, 2, 1, 1, 1, 1, 1, 2, 0, 1, 2, 0, 0, 0, 1, 0, 1, 0, 0, 1, 0, 0, 0, 2, 0, 1, 0, 2, 0, 1, 1, 0, 0, 1, 0]|[4, 3, 2, 2, 0, 0, 2, 2, 2, 4, 1, 1, 2, 4, 4, 1, 1, 4, 2, 1, 1, 1, 1, 2, 1, 2, 1, 1, 1, 1, 3, 2, 3, 0, 4, 0, 1, 1, 0, 3, 2, 2, 4, 0, 1, 1, 3, 2, 0, 1, 2, 2, 1, 4, 0, 3, 2, 1, 1, 2, 1, 3, 1, 1, 2, 3, 0, 4, 3, 1, 4, 1, 1, 2, 4, 1, 2, 1, 1, 3, 2, 3, 1, 1, 1, 1, 1, 1, 1, 1, 3, 2, 1, 1, 4, 1, 2, 2, 3, 2]|[0, 2, 1, 1, 3, 3, 0, 1, 0, 0, 0, 0, 1, 0, 1, 0, 0, 3, 1, 0, 0, 0, 3, 1, 0, 2, 0, 0, 0, 1, 0, 0, 0, 0, 3, 0, 1, 0, 0, 2, 1, 1, 2, 0, 0, 0, 0, 1, 1, 0, 0, 0, 1, 3, 0, 0, 1, 0, 0, 1, 0, 2, 0, 1, 1, 2, 1, 0, 0, 1, 1, 3, 0, 1, 3, 0, 1, 0, 0, 2, 1, 0, 0, 0, 1, 0, 0, 0, 0, 0, 2, 1, 0, 1, 3, 1, 0, 0, 0, 0],843.7439659666079,57777.80974073964,86440.68470675517,false
58,G1_CMAX,G1_CMAX,[31, 22, 82, 15, 26, 99, 95, 42, 77, 12, 47, 5, 93, 78, 86, 54, 21, 63, 18, 44, 20, 35, 43, 97, 91, 76, 10, 30, 85, 45, 71, 64, 1, 23, 17, 83, 24, 14, 60, 36, 6, 57, 40, 88, 65, 56, 79, 94, 67, 68, 46, 75, 38, 9, 19, 32, 41, 81, 27, 87, 90, 58, 59, 11, 16, 72, 73, 70, 39, 37, 84, 3, 92, 25, 55, 48, 74, 29, 51, 7, 33, 61, 98, 28, 89, 50, 4, 96, 53, 80, 8, 66, 34, 49, 52, 0, 62, 69, 2, 13]|[1, 1, 0, 1, 1, 0, 1, 1, 2, 1, 2, 2, 2, 1, 1, 0, 0, 1, 0, 2, 2, 0, 1, 2, 0, 1, 2, 2, 0, 0, 1, 2, 1, 2, 1, 0, 2, 0, 1, 1, 0, 1, 1, 1, 0, 2, 1, 1, 0, 0, 0, 0, 1, 1, 2, 1, 0, 2, 0, 2, 1, 0, 1, 2, 1, 2, 1, 1, 1, 1, 1, 1, 0, 1, 2, 0, 2, 0, 0, 2, 2, 1, 2, 0, 1, 0, 1, 2, 0, 0, 1, 2, 2, 0, 1, 0, 1, 1, 0, 0]|[0, 3, 2, 2, 4, 1, 2, 3, 2, 4, 1, 1, 2, 4, 4, 1, 1, 4, 2, 1, 1, 1, 1, 2, 1, 2, 1, 1, 2, 1, 3, 2, 3, 1, 4, 0, 1, 1, 0, 3, 2, 2, 2, 0, 1, 1, 0, 4, 0, 1, 2, 2, 1, 4, 0, 3, 1, 1, 1, 1, 3, 1, 1, 1, 3, 0, 4, 3, 1, 4, 1, 1, 0, 4, 1, 1, 1, 1, 1, 1, 1, 3, 1, 2, 1, 1, 4, 1, 2, 1, 3, 1, 1, 1, 1, 2, 1, 4, 2, 2]|[0, 2, 1, 1, 3, 0, 1, 3, 0, 0, 0, 0, 1, 0, 1, 0, 0, 3, 1, 0, 0, 0, 3, 1, 0, 2, 0, 0, 0, 1, 0, 0, 0, 0, 3, 0, 1, 0, 0, 2, 1, 1, 1, 0, 0, 0, 0, 2, 1, 0, 0, 0, 1, 3, 0, 0, 0, 0, 0, 0, 2, 0, 1, 0, 2, 1, 0, 0, 1, 1, 3, 1, 1, 3, 0, 0, 0, 0, 0, 0, 0, 0, 0, 1, 1, 0, 0, 0, 1, 0, 2, 0, 0, 1, 1, 0, 1, 2, 0, 0],730.1276596856602,56815.01019440286,94351.50741240397,false
58,G4_BALANCED,G2_TEC,[20, 94, 82, 15, 26, 9, 95, 42, 77, 68, 47, 5, 93, 78, 86, 54, 85, 63, 18, 44, 31, 49, 36, 14, 74, 50, 53, 17, 21, 28, 11, 64, 3, 23, 30, 83, 24, 41, 40, 52, 65, 27, 90, 70, 39, 87, 48, 69, 99, 4, 46, 1, 13, 56, 97, 59, 45, 8, 73, 37, 35, 79, 71, 66, 76, 16, 60, 38, 58, 6, 67, 61, 33, 7, 57, 34, 12, 32, 10, 80, 96, 88, 43, 81, 91, 2, 84, 29, 92, 19, 51, 55, 89, 75, 25, 22, 98, 72, 62, 0]|[2, 1, 2, 1, 1, 2, 1, 1, 1, 1, 1, 0, 2, 2, 1, 2, 0, 0, 0, 2, 2, 1, 0, 2, 0, 2, 2, 1, 0, 1, 1, 1, 0, 0, 1, 0, 2, 1, 2, 2, 0, 0, 1, 1, 0, 2, 0, 2, 1, 0, 0, 2, 0, 2, 2, 0, 1, 1, 0, 0, 2, 1, 1, 2, 2, 2, 2, 0, 2, 1, 2, 1, 1, 2, 0, 1, 1, 0, 1, 0, 0, 1, 1, 1, 1, 0, 0, 1, 0, 1, 1, 0, 1, 2, 1, 2, 0, 1, 1, 0]|[1, 3, 0, 3, 4, 1, 4, 4, 4, 4, 3, 2, 1, 0, 2, 1, 1, 1, 2, 1, 1, 3, 0, 1, 0, 1, 1, 4, 1, 4, 3, 2, 2, 0, 4, 1, 1, 4, 1, 1, 2, 1, 4, 4, 1, 1, 0, 1, 3, 2, 2, 1, 2, 1, 1, 2, 4, 3, 0, 2, 1, 3, 3, 1, 1, 1, 1, 2, 1, 4, 1, 3, 4, 1, 2, 4, 3, 2, 3, 2, 2, 4, 4, 4, 3, 2, 2, 3, 2, 4, 3, 2, 4, 1, 4, 1, 2, 4, 3, 2]|[0, 2, 0, 0, 3, 0, 1, 3, 1, 0, 2, 0, 1, 0, 1, 0, 0, 0, 1, 0, 0, 2, 0, 0, 1, 0, 0, 3, 0, 1, 0, 2, 0, 0, 3, 0, 1, 1, 0, 0, 0, 0, 1, 3, 0, 0, 1, 0, 2, 0, 0, 0, 0, 0, 1, 0, 1, 0, 1, 1, 0, 2, 0, 0, 0, 0, 0, 0, 0, 2, 0, 0, 1, 0, 0, 1, 0, 0, 3, 0, 0, 1, 2, 2, 0, 0, 0, 3, 0, 1, 0, 0, 1, 0, 3, 0, 0, 1, 0, 0],932.6296481262889,48487.11054890131,106143.07385041681,true
58,G2_TEC,G4_BALANCED,[20, 94, 82, 15, 26, 9, 95, 42, 77, 68, 47, 5, 93, 78, 86, 54, 85, 63, 18, 44, 31, 49, 36, 14, 74, 50, 53, 17, 21, 28, 11, 64, 3, 23, 30, 83, 24, 41, 40, 52, 65, 27, 90, 70, 39, 87, 48, 69, 99, 4, 46, 1, 13, 56, 97, 59, 45, 8, 73, 37, 35, 79, 71, 66, 76, 16, 60, 80, 58, 6, 67, 61, 33, 7, 57, 34, 12, 32, 10, 38, 96, 88, 43, 81, 91, 2, 84, 29, 92, 19, 51, 55, 89, 75, 25, 22, 98, 72, 62, 0]|[2, 1, 2, 1, 1, 2, 1, 1, 1, 1, 1, 0, 2, 2, 1, 2, 0, 0, 0, 2, 2, 1, 0, 2, 0, 2, 2, 1, 0, 1, 1, 1, 0, 0, 1, 0, 2, 1, 2, 2, 0, 0, 1, 1, 0, 2, 0, 2, 1, 0, 0, 2, 0, 2, 2, 0, 1, 1, 0, 0, 2, 1, 1, 2, 2, 2, 2, 2, 2, 1, 2, 1, 1, 2, 0, 1, 1, 0, 1, 0, 0, 1, 1, 1, 1, 0, 0, 1, 0, 1, 1, 0, 1, 0, 1, 2, 2, 1, 1, 0]|[1, 3, 0, 3, 4, 1, 4, 4, 4, 4, 3, 2, 1, 0, 2, 1, 1, 1, 2, 1, 1, 3, 0, 1, 0, 1, 1, 4, 1, 4, 3, 2, 2, 0, 4, 1, 1, 4, 1, 1, 2, 1, 4, 4, 1, 1, 0, 1, 3, 2, 2, 1, 2, 1, 1, 2, 4, 3, 0, 2, 1, 3, 3, 1, 1, 1, 1, 1, 1, 4, 1, 3, 4, 1, 2, 4, 3, 2, 3, 2, 2, 4, 4, 4, 3, 2, 2, 3, 2, 4, 3, 2, 4, 2, 4, 1, 1, 4, 3, 2]|[0, 2, 0, 0, 3, 0, 1, 3, 1, 0, 2, 0, 1, 0, 1, 0, 0, 0, 1, 0, 0, 2, 0, 0, 1, 0, 0, 3, 0, 1, 0, 2, 0, 0, 3, 0, 1, 1, 0, 0, 0, 0, 1, 3, 0, 0, 1, 0, 2, 0, 0, 0, 0, 0, 1, 0, 1, 0, 1, 1, 0, 2, 0, 0, 0, 0, 0, 0, 0, 2, 0, 0, 1, 0, 0, 1, 0, 0, 3, 0, 0, 1, 2, 2, 0, 0, 0, 3, 0, 1, 0, 0, 1, 0, 3, 0, 0, 1, 0, 0],910.6016522559228,48414.55244339237,106657.9111807071,true
58,G3_TWC,G3_TWC,[31, 22, 42, 15, 26, 58, 95, 82, 77, 12, 47, 5, 93, 78, 98, 54, 85, 63, 18, 44, 20, 35, 43, 97, 91, 76, 10, 30, 21, 45, 71, 64, 1, 23, 17, 83, 24, 61, 60, 49, 6, 57, 94, 88, 65, 56, 79, 40, 67, 68, 46, 75, 0, 9, 19, 32, 81, 41, 27, 62, 87, 90, 99, 59, 53, 16, 72, 73, 70, 39, 37, 84, 3, 92, 25, 74, 28, 38, 51, 7, 11, 14, 86, 48, 89, 66, 50, 96, 33, 80, 8, 4, 34, 36, 55, 52, 13, 29, 69, 2]|[1, 1, 0, 1, 1, 1, 2, 1, 2, 1, 2, 2, 2, 1, 1, 0, 0, 1, 0, 2, 2, 0, 1, 2, 0, 1, 2, 2, 0, 0, 1, 2, 1, 0, 1, 0, 2, 0, 1, 1, 0, 1, 1, 1, 0, 2, 1, 1, 0, 0, 0, 0, 1, 1, 2, 1, 2, 0, 0, 0, 2, 1, 0, 1, 0, 1, 2, 1, 1, 1, 1, 1, 2, 0, 1, 2, 0, 0, 0, 1, 0, 1, 0, 0, 1, 0, 0, 0, 2, 0, 1, 0, 2, 0, 1, 1, 0, 0, 1, 0]|[4, 3, 2, 2, 0, 0, 2, 2, 2, 4, 1, 1, 2, 4, 4, 1, 1, 4, 2, 1, 1, 1, 1, 2, 1, 2, 1, 1, 1, 1, 3, 2, 3, 0, 4, 0, 1, 1, 0, 3, 2, 2, 4, 0, 1, 1, 3, 2, 0, 1, 2, 2, 1, 4, 0, 3, 2, 1, 1, 2, 1, 3, 1, 1, 2, 3, 0, 4, 3, 1, 4, 1, 1, 2, 4, 1, 2, 1, 1, 3, 2, 3, 1, 1, 1, 1, 1, 1, 1, 1, 3, 2, 1, 1, 4, 1, 2, 2, 3, 2]|[0, 2, 1, 1, 3, 3, 0, 1, 0, 0, 0, 0, 1, 0, 1, 0, 0, 3, 1, 0, 0, 0, 3, 1, 0, 2, 0, 0, 0, 1, 0, 0, 0, 0, 3, 0, 1, 0, 0, 2, 1, 1, 2, 0, 0, 0, 0, 1, 1, 0, 0, 0, 1, 3, 0, 0, 1, 0, 0, 1, 0, 2, 0, 1, 1, 2, 1, 0, 0, 1, 1, 3, 0, 1, 3, 0, 1, 0, 0, 2, 1, 0, 0, 0, 1, 0, 0, 0, 0, 0, 2, 1, 0, 1, 3, 1, 0, 0, 0, 0],843.7439659666079,57777.80974073964,86440.68470675517,false
58,G1_CMAX,G1_CMAX,[31, 22, 82, 15, 26, 99, 95, 42, 77, 12, 47, 5, 93, 78, 86, 54, 21, 63, 18, 44, 20, 35, 43, 97, 91, 76, 10, 30, 85, 45, 71, 64, 1, 23, 17, 83, 24, 14, 60, 36, 6, 57, 40, 88, 65, 56, 79, 94, 67, 68, 46, 75, 38, 9, 19, 32, 41, 81, 27, 87, 90, 58, 59, 11, 16, 72, 73, 70, 39, 37, 84, 3, 92, 25, 55, 48, 74, 29, 51, 7, 33, 61, 98, 28, 89, 50, 4, 96, 53, 80, 8, 66, 34, 49, 52, 0, 62, 69, 2, 13]|[1, 1, 0, 1, 1, 0, 1, 1, 2, 1, 2, 2, 2, 1, 1, 0, 0, 1, 0, 2, 2, 0, 1, 2, 0, 1, 2, 2, 0, 0, 1, 2, 1, 2, 1, 0, 2, 0, 1, 1, 0, 1, 1, 1, 0, 2, 1, 1, 0, 0, 0, 0, 1, 1, 2, 1, 0, 2, 0, 2, 1, 0, 1, 2, 1, 2, 1, 1, 1, 1, 1, 1, 0, 1, 2, 0, 2, 0, 0, 2, 2, 1, 2, 0, 1, 0, 1, 2, 0, 0, 1, 2, 2, 0, 1, 0, 1, 1, 0, 0]|[0, 3, 2, 2, 4, 1, 2, 3, 2, 4, 1, 1, 2, 4, 4, 1, 1, 4, 2, 1, 1, 1, 1, 2, 1, 2, 1, 1, 2, 1, 3, 2, 3, 1, 4, 0, 1, 1, 0, 3, 2, 2, 2, 0, 1, 1, 0, 4, 0, 1, 2, 2, 1, 4, 0, 3, 1, 1, 1, 1, 3, 1, 1, 1, 3, 0, 4, 3, 1, 4, 1, 1, 0, 4, 1, 1, 1, 1, 1, 1, 1, 3, 1, 2, 1, 1, 4, 1, 2, 1, 3, 1, 1, 1, 1, 2, 1, 4, 2, 2]|[0, 2, 1, 1, 3, 0, 1, 3, 0, 0, 0, 0, 1, 0, 1, 0, 0, 3, 1, 0, 0, 0, 3, 1, 0, 2, 0, 0, 0, 1, 0, 0, 0, 0, 3, 0, 1, 0, 0, 2, 1, 1, 1, 0, 0, 0, 0, 2, 1, 0, 0, 0, 1, 3, 0, 0, 0, 0, 0, 0, 2, 0, 1, 0, 2, 1, 0, 0, 1, 1, 3, 1, 1, 3, 0, 0, 0, 0, 0, 0, 0, 0, 0, 1, 1, 0, 0, 0, 1, 0, 2, 0, 0, 1, 1, 0, 1, 2, 0, 0],730.1276596856602,56815.01019440286,94351.50741240397,false
58,G4_BALANCED,G2_TEC,[20, 94, 82, 15, 26, 9, 95, 42, 77, 68, 47, 5, 93, 78, 86, 54, 85, 63, 18, 44, 31, 49, 36, 14, 74, 50, 53, 17, 21, 28, 11, 64, 3, 23, 30, 83, 24, 41, 40, 52, 65, 27, 90, 70, 39, 87, 48, 69, 99, 4, 46, 1, 13, 56, 97, 59, 45, 8, 73, 37, 35, 79, 71, 66, 76, 16, 60, 38, 58, 6, 67, 61, 33, 7, 57, 34, 12, 32, 10, 80, 96, 88, 43, 81, 91, 2, 84, 29, 92, 19, 51, 55, 89, 75, 25, 22, 98, 72, 62, 0]|[2, 1, 2, 1, 1, 2, 1, 1, 1, 1, 1, 0, 2, 2, 1, 2, 0, 0, 0, 2, 2, 1, 0, 2, 0, 2, 2, 1, 0, 1, 1, 1, 0, 0, 1, 0, 2, 1, 2, 2, 0, 0, 1, 1, 0, 2, 0, 2, 1, 0, 0, 2, 0, 2, 2, 0, 1, 1, 0, 0, 2, 1, 1, 2, 2, 2, 2, 0, 2, 1, 2, 1, 1, 2, 0, 1, 1, 0, 1, 0, 0, 1, 1, 1, 1, 0, 0, 1, 0, 1, 1, 0, 1, 2, 1, 2, 0, 1, 1, 0]|[1, 3, 0, 3, 4, 1, 4, 4, 4, 4, 3, 2, 1, 0, 2, 1, 1, 1, 2, 1, 1, 3, 0, 1, 0, 1, 1, 4, 1, 4, 3, 2, 2, 0, 4, 1, 1, 4, 1, 1, 2, 1, 4, 4, 1, 1, 0, 1, 3, 2, 2, 1, 2, 1, 1, 2, 4, 3, 0, 2, 1, 3, 3, 1, 1, 1, 1, 2, 1, 4, 1, 3, 4, 1, 2, 4, 3, 2, 3, 2, 2, 4, 4, 4, 3, 2, 2, 3, 2, 4, 3, 2, 4, 1, 4, 1, 2, 4, 3, 2]|[0, 2, 0, 0, 3, 0, 1, 3, 1, 0, 2, 0, 1, 0, 1, 0, 0, 0, 1, 0, 0, 2, 0, 0, 1, 0, 0, 3, 0, 1, 0, 2, 0, 0, 3, 0, 1, 1, 0, 0, 0, 0, 1, 3, 0, 0, 1, 0, 2, 0, 0, 0, 0, 0, 1, 0, 1, 0, 1, 1, 0, 2, 0, 0, 0, 0, 0, 0, 0, 2, 0, 0, 1, 0, 0, 1, 0, 0, 3, 0, 0, 1, 2, 2, 0, 0, 0, 3, 0, 1, 0, 0, 1, 0, 3, 0, 0, 1, 0, 0],932.6296481262889,48487.11054890131,106143.07385041681,true
58,G2_TEC,G2_TEC,[20, 94, 82, 15, 26, 9, 95, 42, 77, 68, 47, 5, 93, 78, 86, 54, 85, 63, 18, 44, 31, 49, 36, 14, 74, 50, 53, 17, 21, 28, 11, 64, 3, 23, 30, 83, 24, 41, 40, 52, 65, 27, 90, 70, 39, 87, 48, 69, 99, 4, 46, 1, 13, 56, 97, 59, 45, 8, 73, 37, 35, 79, 71, 66, 76, 16, 60, 80, 58, 6, 67, 61, 33, 7, 57, 34, 12, 32, 10, 38, 96, 88, 43, 81, 91, 2, 84, 29, 92, 19, 51, 89, 22, 75, 25, 72, 55, 98, 62, 0]|[2, 1, 2, 1, 1, 2, 1, 1, 1, 1, 1, 0, 2, 2, 1, 2, 0, 0, 0, 2, 2, 1, 0, 2, 0, 2, 2, 1, 0, 1, 1, 1, 0, 0, 1, 0, 2, 1, 2, 2, 0, 0, 1, 1, 0, 2, 0, 2, 1, 0, 0, 2, 0, 2, 2, 0, 1, 1, 0, 0, 2, 1, 1, 2, 2, 2, 2, 2, 2, 1, 2, 1, 1, 2, 0, 1, 1, 0, 1, 0, 0, 1, 1, 1, 1, 0, 0, 1, 0, 1, 1, 1, 2, 0, 1, 1, 0, 2, 1, 0]|[1, 3, 0, 3, 4, 1, 4, 4, 4, 4, 3, 2, 1, 0, 2, 1, 1, 1, 2, 1, 1, 3, 0, 1, 0, 1, 1, 4, 1, 4, 3, 2, 2, 0, 4, 1, 1, 4, 1, 1, 2, 1, 4, 4, 1, 1, 0, 1, 3, 2, 2, 1, 2, 1, 1, 2, 4, 3, 0, 2, 1, 3, 3, 1, 1, 1, 1, 1, 1, 4, 1, 3, 4, 1, 2, 4, 3, 2, 3, 2, 2, 4, 4, 4, 3, 2, 2, 3, 2, 4, 3, 4, 1, 2, 4, 4, 2, 1, 3, 2]|[0, 2, 0, 0, 3, 0, 1, 3, 1, 0, 2, 0, 1, 0, 1, 0, 0, 0, 1, 0, 0, 2, 0, 0, 1, 0, 0, 3, 0, 1, 0, 2, 0, 0, 3, 0, 1, 1, 0, 0, 0, 0, 1, 3, 0, 0, 1, 0, 2, 0, 0, 0, 0, 0, 1, 0, 1, 0, 1, 1, 0, 2, 0, 0, 0, 0, 0, 0, 0, 2, 0, 0, 1, 0, 0, 1, 0, 0, 3, 0, 0, 1, 2, 2, 0, 0, 0, 3, 0, 1, 0, 1, 0, 0, 3, 1, 0, 0, 0, 0],910.6016522559228,48405.50430007148,106574.75635634674,false
58,G3_TWC,G3_TWC,[31, 22, 42, 15, 26, 58, 95, 82, 77, 12, 47, 5, 93, 78, 98, 54, 85, 63, 18, 44, 20, 35, 43, 97, 91, 76, 10, 30, 21, 45, 71, 64, 1, 23, 17, 83, 24, 61, 60, 49, 6, 57, 94, 88, 65, 56, 79, 40, 67, 68, 46, 75, 0, 9, 19, 32, 81, 41, 27, 62, 87, 90, 99, 59, 53, 16, 72, 73, 70, 39, 37, 84, 3, 92, 25, 74, 28, 38, 51, 7, 11, 14, 86, 48, 89, 66, 50, 96, 33, 80, 8, 4, 34, 36, 55, 52, 13, 29, 69, 2]|[1, 1, 0, 1, 1, 1, 2, 1, 2, 1, 2, 2, 2, 1, 1, 0, 0, 1, 0, 2, 2, 0, 1, 2, 0, 1, 2, 2, 0, 0, 1, 2, 1, 0, 1, 0, 2, 0, 1, 1, 0, 1, 1, 1, 0, 2, 1, 1, 0, 0, 0, 0, 1, 1, 2, 1, 2, 0, 0, 0, 2, 1, 0, 1, 0, 1, 2, 1, 1, 1, 1, 1, 2, 0, 1, 2, 0, 0, 0, 1, 0, 1, 0, 0, 1, 0, 0, 0, 2, 0, 1, 0, 2, 0, 1, 1, 0, 0, 1, 0]|[4, 3, 2, 2, 0, 0, 2, 2, 2, 4, 1, 1, 2, 4, 4, 1, 1, 4, 2, 1, 1, 1, 1, 2, 1, 2, 1, 1, 1, 1, 3, 2, 3, 0, 4, 0, 1, 1, 0, 3, 2, 2, 4, 0, 1, 1, 3, 2, 0, 1, 2, 2, 1, 4, 0, 3, 2, 1, 1, 2, 1, 3, 1, 1, 2, 3, 0, 4, 3, 1, 4, 1, 1, 2, 4, 1, 2, 1, 1, 3, 2, 3, 1, 1, 1, 1, 1, 1, 1, 1, 3, 2, 1, 1, 4, 1, 2, 2, 3, 2]|[0, 2, 1, 1, 3, 3, 0, 1, 0, 0, 0, 0, 1, 0, 1, 0, 0, 3, 1, 0, 0, 0, 3, 1, 0, 2, 0, 0, 0, 1, 0, 0, 0, 0, 3, 0, 1, 0, 0, 2, 1, 1, 2, 0, 0, 0, 0, 1, 1, 0, 0, 0, 1, 3, 0, 0, 1, 0, 0, 1, 0, 2, 0, 1, 1, 2, 1, 0, 0, 1, 1, 3, 0, 1, 3, 0, 1, 0, 0, 2, 1, 0, 0, 0, 1, 0, 0, 0, 0, 0, 2, 1, 0, 1, 3, 1, 0, 0, 0, 0],843.7439659666079,57777.80974073964,86440.68470675517,false
58,G1_CMAX,G1_CMAX,[31, 22, 82, 15, 26, 99, 95, 42, 77, 12, 47, 5, 93, 78, 86, 54, 21, 63, 18, 44, 20, 35, 43, 97, 91, 76, 10, 30, 85, 45, 71, 64, 1, 23, 17, 83, 24, 14, 60, 36, 6, 57, 40, 88, 65, 56, 79, 94, 67, 68, 46, 75, 38, 9, 19, 32, 41, 81, 27, 87, 90, 58, 59, 11, 16, 72, 73, 70, 39, 37, 84, 3, 92, 25, 55, 48, 74, 29, 51, 7, 33, 61, 98, 28, 89, 50, 4, 96, 53, 80, 8, 66, 34, 49, 52, 0, 62, 69, 2, 13]|[1, 1, 0, 1, 1, 0, 1, 1, 2, 1, 2, 2, 2, 1, 1, 0, 0, 1, 0, 2, 2, 0, 1, 2, 0, 1, 2, 2, 0, 0, 1, 2, 1, 2, 1, 0, 2, 0, 1, 1, 0, 1, 1, 1, 0, 2, 1, 1, 0, 0, 0, 0, 1, 1, 2, 1, 0, 2, 0, 2, 1, 0, 1, 2, 1, 2, 1, 1, 1, 1, 1, 1, 0, 1, 2, 0, 2, 0, 0, 2, 2, 1, 2, 0, 1, 0, 1, 2, 0, 0, 1, 2, 2, 0, 1, 0, 1, 1, 0, 0]|[0, 3, 2, 2, 4, 1, 2, 3, 2, 4, 1, 1, 2, 4, 4, 1, 1, 4, 2, 1, 1, 1, 1, 2, 1, 2, 1, 1, 2, 1, 3, 2, 3, 1, 4, 0, 1, 1, 0, 3, 2, 2, 2, 0, 1, 1, 0, 4, 0, 1, 2, 2, 1, 4, 0, 3, 1, 1, 1, 1, 3, 1, 1, 1, 3, 0, 4, 3, 1, 4, 1, 1, 0, 4, 1, 1, 1, 1, 1, 1, 1, 3, 1, 2, 1, 1, 4, 1, 2, 1, 3, 1, 1, 1, 1, 2, 1, 4, 2, 2]|[0, 2, 1, 1, 3, 0, 1, 3, 0, 0, 0, 0, 1, 0, 1, 0, 0, 3, 1, 0, 0, 0, 3, 1, 0, 2, 0, 0, 0, 1, 0, 0, 0, 0, 3, 0, 1, 0, 0, 2, 1, 1, 1, 0, 0, 0, 0, 2, 1, 0, 0, 0, 1, 3, 0, 0, 0, 0, 0, 0, 2, 0, 1, 0, 2, 1, 0, 0, 1, 1, 3, 1, 1, 3, 0, 0, 0, 0, 0, 0, 0, 0, 0, 1, 1, 0, 0, 0, 1, 0, 2, 0, 0, 1, 1, 0, 1, 2, 0, 0],730.1276596856602,56815.01019440286,94351.50741240397,false
58,G4_BALANCED,G2_TEC,[20, 94, 82, 15, 26, 9, 95, 42, 77, 68, 47, 5, 93, 78, 86, 54, 85, 63, 18, 44, 31, 49, 36, 14, 74, 50, 53, 17, 21, 28, 11, 64, 3, 23, 30, 83, 24, 41, 40, 52, 65, 27, 90, 70, 39, 87, 48, 69, 99, 4, 46, 1, 13, 56, 97, 59, 45, 8, 73, 37, 35, 79, 71, 66, 76, 16, 60, 38, 58, 6, 67, 61, 33, 7, 57, 34, 12, 32, 10, 80, 96, 88, 43, 81, 91, 2, 84, 29, 92, 19, 51, 55, 89, 75, 25, 22, 98, 72, 62, 0]|[2, 1, 2, 1, 1, 2, 1, 1, 1, 1, 1, 0, 2, 2, 1, 2, 0, 0, 0, 2, 2, 1, 0, 2, 0, 2, 2, 1, 0, 1, 1, 1, 0, 0, 1, 0, 2, 1, 2, 2, 0, 0, 1, 1, 0, 2, 0, 2, 1, 0, 0, 2, 0, 2, 2, 0, 1, 1, 0, 0, 2, 1, 1, 2, 2, 2, 2, 0, 2, 1, 2, 1, 1, 2, 0, 1, 1, 0, 1, 0, 0, 1, 1, 1, 1, 0, 0, 1, 0, 1, 1, 0, 1, 2, 1, 2, 0, 1, 1, 0]|[1, 3, 0, 3, 4, 1, 4, 4, 4, 4, 3, 2, 1, 0, 2, 1, 1, 1, 2, 1, 1, 3, 0, 1, 0, 1, 1, 4, 1, 4, 3, 2, 2, 0, 4, 1, 1, 4, 1, 1, 2, 1, 4, 4, 1, 1, 0, 1, 3, 2, 2, 1, 2, 1, 1, 2, 4, 3, 0, 2, 1, 3, 3, 1, 1, 1, 1, 2, 1, 4, 1, 3, 4, 1, 2, 4, 3, 2, 3, 2, 2, 4, 4, 4, 3, 2, 2, 3, 2, 4, 3, 2, 4, 1, 4, 1, 2, 4, 3, 2]|[0, 2, 0, 0, 3, 0, 1, 3, 1, 0, 2, 0, 1, 0, 1, 0, 0, 0, 1, 0, 0, 2, 0, 0, 1, 0, 0, 3, 0, 1, 0, 2, 0, 0, 3, 0, 1, 1, 0, 0, 0, 0, 1, 3, 0, 0, 1, 0, 2, 0, 0, 0, 0, 0, 1, 0, 1, 0, 1, 1, 0, 2, 0, 0, 0, 0, 0, 0, 0, 2, 0, 0, 1, 0, 0, 1, 0, 0, 3, 0, 0, 1, 2, 2, 0, 0, 0, 3, 0, 1, 0, 0, 1, 0, 3, 0, 0, 1, 0, 0],932.6296481262889,48487.11054890131,106143.07385041681,true
58,G2_TEC,G2_TEC,[20, 94, 82, 15, 26, 9, 95, 42, 77, 68, 47, 5, 93, 78, 86, 54, 85, 63, 18, 44, 31, 49, 36, 14, 74, 50, 53, 17, 21, 28, 11, 64, 3, 23, 30, 83, 24, 41, 40, 52, 65, 27, 90, 70, 39, 87, 48, 69, 99, 4, 46, 1, 13, 56, 97, 59, 45, 8, 73, 37, 35, 79, 71, 66, 76, 16, 60, 80, 58, 6, 67, 61, 33, 7, 57, 34, 12, 32, 10, 38, 96, 88, 43, 81, 91, 2, 84, 29, 92, 19, 51, 89, 22, 75, 25, 72, 55, 98, 62, 0]|[2, 1, 2, 1, 1, 2, 1, 1, 1, 1, 1, 0, 2, 2, 1, 2, 0, 0, 0, 2, 2, 1, 0, 2, 0, 2, 2, 1, 0, 1, 1, 1, 0, 0, 1, 0, 2, 1, 2, 2, 0, 0, 1, 1, 0, 2, 0, 2, 1, 0, 0, 2, 0, 2, 2, 0, 1, 1, 0, 0, 2, 1, 1, 2, 2, 2, 2, 2, 2, 1, 2, 1, 1, 2, 0, 1, 1, 0, 1, 0, 0, 1, 1, 1, 1, 0, 0, 1, 0, 1, 1, 1, 2, 0, 1, 1, 0, 2, 1, 0]|[1, 3, 0, 3, 4, 1, 4, 4, 4, 4, 3, 2, 1, 0, 2, 1, 1, 1, 2, 1, 1, 3, 0, 1, 0, 1, 1, 4, 1, 4, 3, 2, 2, 0, 4, 1, 1, 4, 1, 1, 2, 1, 4, 4, 1, 1, 0, 1, 3, 2, 2, 1, 2, 1, 1, 2, 4, 3, 0, 2, 1, 3, 3, 1, 1, 1, 1, 1, 1, 4, 1, 3, 4, 1, 2, 4, 3, 2, 3, 2, 2, 4, 4, 4, 3, 2, 2, 3, 2, 4, 3, 4, 1, 2, 4, 4, 2, 1, 3, 2]|[0, 2, 0, 0, 3, 0, 1, 3, 1, 0, 2, 0, 1, 0, 1, 0, 0, 0, 1, 0, 0, 2, 0, 0, 1, 0, 0, 3, 0, 1, 0, 2, 0, 0, 3, 0, 1, 1, 0, 0, 0, 0, 1, 3, 0, 0, 1, 0, 2, 0, 0, 0, 0, 0, 1, 0, 1, 0, 1, 1, 0, 2, 0, 0, 0, 0, 0, 0, 0, 2, 0, 0, 1, 0, 0, 1, 0, 0, 3, 0, 0, 1, 2, 2, 0, 0, 0, 3, 0, 1, 0, 1, 0, 0, 3, 1, 0, 0, 0, 0],910.6016522559228,48405.50430007148,106574.75635634674,false
58,G3_TWC,G3_TWC,[31, 22, 42, 15, 26, 58, 95, 82, 77, 12, 47, 5, 93, 78, 98, 54, 85, 63, 18, 44, 20, 35, 43, 97, 91, 76, 10, 30, 21, 45, 71, 64, 1, 23, 17, 83, 24, 61, 60, 49, 6, 57, 94, 88, 65, 56, 79, 40, 67, 68, 46, 75, 0, 9, 19, 32, 81, 41, 27, 62, 87, 90, 99, 59, 53, 16, 72, 73, 70, 39, 37, 84, 3, 92, 25, 74, 28, 38, 51, 7, 11, 14, 86, 48, 89, 66, 50, 96, 33, 80, 8, 4, 34, 36, 55, 52, 13, 29, 69, 2]|[1, 1, 0, 1, 1, 1, 2, 1, 2, 1, 2, 2, 2, 1, 1, 0, 0, 1, 0, 2, 2, 0, 1, 2, 0, 1, 2, 2, 0, 0, 1, 2, 1, 0, 1, 0, 2, 0, 1, 1, 0, 1, 1, 1, 0, 2, 1, 1, 0, 0, 0, 0, 1, 1, 2, 1, 2, 0, 0, 0, 2, 1, 0, 1, 0, 1, 2, 1, 1, 1, 1, 1, 2, 0, 1, 2, 0, 0, 0, 1, 0, 1, 0, 0, 1, 0, 0, 0, 2, 0, 1, 0, 2, 0, 1, 1, 0, 0, 1, 0]|[4, 3, 2, 2, 0, 0, 2, 2, 2, 4, 1, 1, 2, 4, 4, 1, 1, 4, 2, 1, 1, 1, 1, 2, 1, 2, 1, 1, 1, 1, 3, 2, 3, 0, 4, 0, 1, 1, 0, 3, 2, 2, 4, 0, 1, 1, 3, 2, 0, 1, 2, 2, 1, 4, 0, 3, 2, 1, 1, 2, 1, 3, 1, 1, 2, 3, 0, 4, 3, 1, 4, 1, 1, 2, 4, 1, 2, 1, 1, 3, 2, 3, 1, 1, 1, 1, 1, 1, 1, 1, 3, 2, 1, 1, 4, 1, 2, 2, 3, 2]|[0, 2, 1, 1, 3, 3, 0, 1, 0, 0, 0, 0, 1, 0, 1, 0, 0, 3, 1, 0, 0, 0, 3, 1, 0, 2, 0, 0, 0, 1, 0, 0, 0, 0, 3, 0, 1, 0, 0, 2, 1, 1, 2, 0, 0, 0, 0, 1, 1, 0, 0, 0, 1, 3, 0, 0, 1, 0, 0, 1, 0, 2, 0, 1, 1, 2, 1, 0, 0, 1, 1, 3, 0, 1, 3, 0, 1, 0, 0, 2, 1, 0, 0, 0, 1, 0, 0, 0, 0, 0, 2, 1, 0, 1, 3, 1, 0, 0, 0, 0],843.7439659666079,57777.80974073964,86440.68470675517,false
58,G1_CMAX,G1_CMAX,[31, 22, 82, 15, 26, 99, 95, 42, 77, 12, 47, 5, 93, 78, 86, 54, 21, 63, 18, 44, 20, 35, 43, 97, 91, 76, 10, 30, 85, 45, 71, 64, 1, 23, 17, 83, 24, 14, 60, 36, 6, 57, 40, 88, 65, 56, 79, 94, 67, 68, 46, 75, 38, 9, 19, 32, 41, 81, 27, 87, 90, 58, 59, 11, 16, 72, 73, 70, 39, 37, 84, 3, 92, 25, 55, 48, 74, 29, 51, 7, 33, 61, 98, 28, 89, 50, 4, 96, 53, 80, 8, 66, 34, 49, 52, 0, 62, 69, 2, 13]|[1, 1, 0, 1, 1, 0, 1, 1, 2, 1, 2, 2, 2, 1, 1, 0, 0, 1, 0, 2, 2, 0, 1, 2, 0, 1, 2, 2, 0, 0, 1, 2, 1, 2, 1, 0, 2, 0, 1, 1, 0, 1, 1, 1, 0, 2, 1, 1, 0, 0, 0, 0, 1, 1, 2, 1, 0, 2, 0, 2, 1, 0, 1, 2, 1, 2, 1, 1, 1, 1, 1, 1, 0, 1, 2, 0, 2, 0, 0, 2, 2, 1, 2, 0, 1, 0, 1, 2, 0, 0, 1, 2, 2, 0, 1, 0, 1, 1, 0, 0]|[0, 3, 2, 2, 4, 1, 2, 3, 2, 4, 1, 1, 2, 4, 4, 1, 1, 4, 2, 1, 1, 1, 1, 2, 1, 2, 1, 1, 2, 1, 3, 2, 3, 1, 4, 0, 1, 1, 0, 3, 2, 2, 2, 0, 1, 1, 0, 4, 0, 1, 2, 2, 1, 4, 0, 3, 1, 1, 1, 1, 3, 1, 1, 1, 3, 0, 4, 3, 1, 4, 1, 1, 0, 4, 1, 1, 1, 1, 1, 1, 1, 3, 1, 2, 1, 1, 4, 1, 2, 1, 3, 1, 1, 1, 1, 2, 1, 4, 2, 2]|[0, 2, 1, 1, 3, 0, 1, 3, 0, 0, 0, 0, 1, 0, 1, 0, 0, 3, 1, 0, 0, 0, 3, 1, 0, 2, 0, 0, 0, 1, 0, 0, 0, 0, 3, 0, 1, 0, 0, 2, 1, 1, 1, 0, 0, 0, 0, 2, 1, 0, 0, 0, 1, 3, 0, 0, 0, 0, 0, 0, 2, 0, 1, 0, 2, 1, 0, 0, 1, 1, 3, 1, 1, 3, 0, 0, 0, 0, 0, 0, 0, 0, 0, 1, 1, 0, 0, 0, 1, 0, 2, 0, 0, 1, 1, 0, 1, 2, 0, 0],730.1276596856602,56815.01019440286,94351.50741240397,false
58,G4_BALANCED,G2_TEC,[20, 94, 82, 15, 26, 9, 95, 42, 77, 68, 47, 5, 93, 78, 86, 54, 85, 63, 18, 44, 31, 49, 36, 14, 74, 50, 53, 17, 21, 28, 11, 64, 3, 23, 30, 83, 24, 41, 40, 52, 65, 27, 90, 70, 39, 87, 48, 69, 99, 4, 46, 1, 13, 56, 97, 59, 45, 8, 73, 37, 35, 79, 71, 66, 76, 16, 60, 38, 58, 6, 67, 61, 33, 7, 57, 34, 12, 32, 10, 80, 96, 88, 43, 81, 91, 2, 84, 29, 92, 19, 51, 55, 89, 75, 25, 22, 98, 72, 62, 0]|[2, 1, 2, 1, 1, 2, 1, 1, 1, 1, 1, 0, 2, 2, 1, 2, 0, 0, 0, 2, 2, 1, 0, 2, 0, 2, 2, 1, 0, 1, 1, 1, 0, 0, 1, 0, 2, 1, 2, 2, 0, 0, 1, 1, 0, 2, 0, 2, 1, 0, 0, 2, 0, 2, 2, 0, 1, 1, 0, 0, 2, 1, 1, 2, 2, 2, 2, 0, 2, 1, 2, 1, 1, 2, 0, 1, 1, 0, 1, 0, 0, 1, 1, 1, 1, 0, 0, 1, 0, 1, 1, 0, 1, 2, 1, 2, 0, 1, 1, 0]|[1, 3, 0, 3, 4, 1, 4, 4, 4, 4, 3, 2, 1, 0, 2, 1, 1, 1, 2, 1, 1, 3, 0, 1, 0, 1, 1, 4, 1, 4, 3, 2, 2, 0, 4, 1, 1, 4, 1, 1, 2, 1, 4, 4, 1, 1, 0, 1, 3, 2, 2, 1, 2, 1, 1, 2, 4, 3, 0, 2, 1, 3, 3, 1, 1, 1, 1, 2, 1, 4, 1, 3, 4, 1, 2, 4, 3, 2, 3, 2, 2, 4, 4, 4, 3, 2, 2, 3, 2, 4, 3, 2, 4, 1, 4, 1, 2, 4, 3, 2]|[0, 2, 0, 0, 3, 0, 1, 3, 1, 0, 2, 0, 1, 0, 1, 0, 0, 0, 1, 0, 0, 2, 0, 0, 1, 0, 0, 3, 0, 1, 0, 2, 0, 0, 3, 0, 1, 1, 0, 0, 0, 0, 1, 3, 0, 0, 1, 0, 2, 0, 0, 0, 0, 0, 1, 0, 1, 0, 1, 1, 0, 2, 0, 0, 0, 0, 0, 0, 0, 2, 0, 0, 1, 0, 0, 1, 0, 0, 3, 0, 0, 1, 2, 2, 0, 0, 0, 3, 0, 1, 0, 0, 1, 0, 3, 0, 0, 1, 0, 0],932.6296481262889,48487.11054890131,106143.07385041681,true
58,G2_TEC,G2_TEC,[20, 94, 82, 15, 26, 9, 95, 42, 77, 68, 47, 5, 93, 78, 86, 54, 85, 63, 18, 44, 31, 49, 36, 14, 74, 50, 53, 17, 21, 28, 11, 64, 3, 23, 30, 83, 24, 41, 40, 52, 65, 27, 90, 70, 39, 87, 48, 69, 99, 4, 46, 1, 13, 56, 97, 59, 45, 8, 73, 37, 35, 79, 71, 66, 76, 16, 60, 80, 58, 6, 67, 61, 33, 7, 57, 34, 12, 32, 10, 38, 96, 88, 43, 81, 91, 2, 84, 29, 92, 19, 51, 89, 22, 75, 25, 72, 55, 98, 62, 0]|[2, 1, 2, 1, 1, 2, 1, 1, 1, 1, 1, 0, 2, 2, 1, 2, 0, 0, 0, 2, 2, 1, 0, 2, 0, 2, 2, 1, 0, 1, 1, 1, 0, 0, 1, 0, 2, 1, 2, 2, 0, 0, 1, 1, 0, 2, 0, 2, 1, 0, 0, 2, 0, 2, 2, 0, 1, 1, 0, 0, 2, 1, 1, 2, 2, 2, 2, 2, 2, 1, 2, 1, 1, 2, 0, 1, 1, 0, 1, 0, 0, 1, 1, 1, 1, 0, 0, 1, 0, 1, 1, 1, 2, 0, 1, 1, 0, 2, 1, 0]|[1, 3, 0, 3, 4, 1, 4, 4, 4, 4, 3, 2, 1, 0, 2, 1, 1, 1, 2, 1, 1, 3, 0, 1, 0, 1, 1, 4, 1, 4, 3, 2, 2, 0, 4, 1, 1, 4, 1, 1, 2, 1, 4, 4, 1, 1, 0, 1, 3, 2, 2, 1, 2, 1, 1, 2, 4, 3, 0, 2, 1, 3, 3, 1, 1, 1, 1, 1, 1, 4, 1, 3, 4, 1, 2, 4, 3, 2, 3, 2, 2, 4, 4, 4, 3, 2, 2, 3, 2, 4, 3, 4, 1, 2, 4, 4, 2, 1, 3, 2]|[0, 2, 0, 0, 3, 0, 1, 3, 1, 0, 2, 0, 1, 0, 1, 0, 0, 0, 1, 0, 0, 2, 0, 0, 1, 0, 0, 3, 0, 1, 0, 2, 0, 0, 3, 0, 1, 1, 0, 0, 0, 0, 1, 3, 0, 0, 1, 0, 2, 0, 0, 0, 0, 0, 1, 0, 1, 0, 1, 1, 0, 2, 0, 0, 0, 0, 0, 0, 0, 2, 0, 0, 1, 0, 0, 1, 0, 0, 3, 0, 0, 1, 2, 2, 0, 0, 0, 3, 0, 1, 0, 1, 0, 0, 3, 1, 0, 0, 0, 0],910.6016522559228,48405.50430007148,106574.75635634674,false
58,G3_TWC,G3_TWC,[31, 22, 42, 15, 26, 58, 95, 82, 77, 12, 47, 5, 93, 78, 98, 54, 85, 63, 18, 44, 20, 35, 43, 97, 91, 76, 10, 30, 21, 45, 71, 64, 1, 23, 17, 83, 24, 61, 60, 49, 6, 57, 94, 88, 65, 56, 79, 40, 67, 68, 46, 75, 0, 9, 19, 32, 81, 41, 27, 62, 87, 90, 99, 59, 53, 16, 72, 73, 70, 39, 37, 84, 3, 92, 25, 74, 28, 38, 51, 7, 11, 14, 86, 48, 89, 66, 50, 96, 33, 80, 8, 4, 34, 36, 55, 52, 13, 29, 69, 2]|[1, 1, 0, 1, 1, 1, 2, 1, 2, 1, 2, 2, 2, 1, 1, 0, 0, 1, 0, 2, 2, 0, 1, 2, 0, 1, 2, 2, 0, 0, 1, 2, 1, 0, 1, 0, 2, 0, 1, 1, 0, 1, 1, 1, 0, 2, 1, 1, 0, 0, 0, 0, 1, 1, 2, 1, 2, 0, 0, 0, 2, 1, 0, 1, 0, 1, 2, 1, 1, 1, 1, 1, 2, 0, 1, 2, 0, 0, 0, 1, 0, 1, 0, 0, 1, 0, 0, 0, 2, 0, 1, 0, 2, 0, 1, 1, 0, 0, 1, 0]|[4, 3, 2, 2, 0, 0, 2, 2, 2, 4, 1, 1, 2, 4, 4, 1, 1, 4, 2, 1, 1, 1, 1, 2, 1, 2, 1, 1, 1, 1, 3, 2, 3, 0, 4, 0, 1, 1, 0, 3, 2, 2, 4, 0, 1, 1, 3, 2, 0, 1, 2, 2, 1, 4, 0, 3, 2, 1, 1, 2, 1, 3, 1, 1, 2, 3, 0, 4, 3, 1, 4, 1, 1, 2, 4, 1, 2, 1, 1, 3, 2, 3, 1, 1, 1, 1, 1, 1, 1, 1, 3, 2, 1, 1, 4, 1, 2, 2, 3, 2]|[0, 2, 1, 1, 3, 3, 0, 1, 0, 0, 0, 0, 1, 0, 1, 0, 0, 3, 1, 0, 0, 0, 3, 1, 0, 2, 0, 0, 0, 1, 0, 0, 0, 0, 3, 0, 1, 0, 0, 2, 1, 1, 2, 0, 0, 0, 0, 1, 1, 0, 0, 0, 1, 3, 0, 0, 1, 0, 0, 1, 0, 2, 0, 1, 1, 2, 1, 0, 0, 1, 1, 3, 0, 1, 3, 0, 1, 0, 0, 2, 1, 0, 0, 0, 1, 0, 0, 0, 0, 0, 2, 1, 0, 1, 3, 1, 0, 0, 0, 0],843.7439659666079,57777.80974073964,86440.68470675517,false
58,G1_CMAX,G1_CMAX,[31, 22, 82, 15, 26, 99, 95, 42, 77, 12, 47, 5, 93, 78, 86, 54, 21, 63, 18, 44, 20, 35, 43, 97, 91, 76, 10, 30, 85, 45, 71, 64, 1, 23, 17, 83, 24, 14, 60, 36, 6, 57, 40, 88, 65, 56, 79, 94, 67, 68, 46, 75, 38, 9, 19, 32, 41, 81, 27, 87, 90, 58, 59, 11, 16, 72, 73, 70, 39, 37, 84, 3, 92, 25, 55, 48, 74, 29, 51, 7, 33, 61, 98, 28, 89, 50, 4, 96, 53, 80, 8, 66, 34, 49, 52, 0, 62, 69, 2, 13]|[1, 1, 0, 1, 1, 0, 1, 1, 2, 1, 2, 2, 2, 1, 1, 0, 0, 1, 0, 2, 2, 0, 1, 2, 0, 1, 2, 2, 0, 0, 1, 2, 1, 2, 1, 0, 2, 0, 1, 1, 0, 1, 1, 1, 0, 2, 1, 1, 0, 0, 0, 0, 1, 1, 2, 1, 0, 2, 0, 2, 1, 0, 1, 2, 1, 2, 1, 1, 1, 1, 1, 1, 0, 1, 2, 0, 2, 0, 0, 2, 2, 1, 2, 0, 1, 0, 1, 2, 0, 0, 1, 2, 2, 0, 1, 0, 1, 1, 0, 0]|[0, 3, 2, 2, 4, 1, 2, 3, 2, 4, 1, 1, 2, 4, 4, 1, 1, 4, 2, 1, 1, 1, 1, 2, 1, 2, 1, 1, 2, 1, 3, 2, 3, 1, 4, 0, 1, 1, 0, 3, 2, 2, 2, 0, 1, 1, 0, 4, 0, 1, 2, 2, 1, 4, 0, 3, 1, 1, 1, 1, 3, 1, 1, 1, 3, 0, 4, 3, 1, 4, 1, 1, 0, 4, 1, 1, 1, 1, 1, 1, 1, 3, 1, 2, 1, 1, 4, 1, 2, 1, 3, 1, 1, 1, 1, 2, 1, 4, 2, 2]|[0, 2, 1, 1, 3, 0, 1, 3, 0, 0, 0, 0, 1, 0, 1, 0, 0, 3, 1, 0, 0, 0, 3, 1, 0, 2, 0, 0, 0, 1, 0, 0, 0, 0, 3, 0, 1, 0, 0, 2, 1, 1, 1, 0, 0, 0, 0, 2, 1, 0, 0, 0, 1, 3, 0, 0, 0, 0, 0, 0, 2, 0, 1, 0, 2, 1, 0, 0, 1, 1, 3, 1, 1, 3, 0, 0, 0, 0, 0, 0, 0, 0, 0, 1, 1, 0, 0, 0, 1, 0, 2, 0, 0, 1, 1, 0, 1, 2, 0, 0],730.1276596856602,56815.01019440286,94351.50741240397,false
58,G4_BALANCED,G2_TEC,[20, 94, 82, 15, 26, 9, 95, 42, 77, 68, 47, 5, 93, 78, 86, 54, 85, 63, 18, 44, 31, 49, 36, 14, 74, 50, 53, 17, 21, 28, 11, 64, 3, 23, 30, 83, 24, 41, 40, 52, 65, 27, 90, 70, 39, 87, 48, 69, 99, 4, 46, 1, 13, 56, 97, 59, 45, 8, 73, 37, 35, 79, 71, 66, 76, 16, 60, 38, 58, 6, 67, 61, 33, 7, 57, 34, 12, 32, 10, 80, 96, 88, 43, 81, 91, 2, 84, 29, 92, 19, 51, 55, 89, 75, 25, 22, 98, 72, 62, 0]|[2, 1, 2, 1, 1, 2, 1, 1, 1, 1, 1, 0, 2, 2, 1, 2, 0, 0, 0, 2, 2, 1, 0, 2, 0, 2, 2, 1, 0, 1, 1, 1, 0, 0, 1, 0, 2, 1, 2, 2, 0, 0, 1, 1, 0, 2, 0, 2, 1, 0, 0, 2, 0, 2, 2, 0, 1, 1, 0, 0, 2, 1, 1, 2, 2, 2, 2, 0, 2, 1, 2, 1, 1, 2, 0, 1, 1, 0, 1, 0, 0, 1, 1, 1, 1, 0, 0, 1, 0, 1, 1, 0, 1, 2, 1, 2, 0, 1, 1, 0]|[1, 3, 0, 3, 4, 1, 4, 4, 4, 4, 3, 2, 1, 0, 2, 1, 1, 1, 2, 1, 1, 3, 0, 1, 0, 1, 1, 4, 1, 4, 3, 2, 2, 0, 4, 1, 1, 4, 1, 1, 2, 1, 4, 4, 1, 1, 0, 1, 3, 2, 2, 1, 2, 1, 1, 2, 4, 3, 0, 2, 1, 3, 3, 1, 1, 1, 1, 2, 1, 4, 1, 3, 4, 1, 2, 4, 3, 2, 3, 2, 2, 4, 4, 4, 3, 2, 2, 3, 2, 4, 3, 2, 4, 1, 4, 1, 2, 4, 3, 2]|[0, 2, 0, 0, 3, 0, 1, 3, 1, 0, 2, 0, 1, 0, 1, 0, 0, 0, 1, 0, 0, 2, 0, 0, 1, 0, 0, 3, 0, 1, 0, 2, 0, 0, 3, 0, 1, 1, 0, 0, 0, 0, 1, 3, 0, 0, 1, 0, 2, 0, 0, 0, 0, 0, 1, 0, 1, 0, 1, 1, 0, 2, 0, 0, 0, 0, 0, 0, 0, 2, 0, 0, 1, 0, 0, 1, 0, 0, 3, 0, 0, 1, 2, 2, 0, 0, 0, 3, 0, 1, 0, 0, 1, 0, 3, 0, 0, 1, 0, 0],932.6296481262889,48487.11054890131,106143.07385041681,true
58,G2_TEC,G2_TEC,[20, 94, 82, 15, 26, 9, 95, 42, 77, 68, 47, 5, 93, 78, 86, 54, 85, 63, 18, 44, 31, 49, 36, 14, 74, 50, 53, 17, 21, 28, 11, 64, 3, 23, 30, 83, 24, 41, 40, 52, 65, 27, 90, 70, 39, 87, 48, 69, 99, 4, 46, 1, 13, 56, 97, 59, 45, 8, 73, 37, 35, 79, 71, 66, 76, 16, 60, 80, 58, 6, 67, 61, 33, 7, 57, 34, 12, 32, 10, 38, 96, 88, 43, 81, 91, 2, 84, 29, 92, 19, 51, 89, 22, 75, 25, 72, 55, 98, 62, 0]|[2, 1, 2, 1, 1, 2, 1, 1, 1, 1, 1, 0, 2, 2, 1, 2, 0, 0, 0, 2, 2, 1, 0, 2, 0, 2, 2, 1, 0, 1, 1, 1, 0, 0, 1, 0, 2, 1, 2, 2, 0, 0, 1, 1, 0, 2, 0, 2, 1, 0, 0, 2, 0, 2, 2, 0, 1, 1, 0, 0, 2, 1, 1, 2, 2, 2, 2, 2, 2, 1, 2, 1, 1, 2, 0, 1, 1, 0, 1, 0, 0, 1, 1, 1, 1, 0, 0, 1, 0, 1, 1, 1, 2, 0, 1, 1, 0, 2, 1, 0]|[1, 3, 0, 3, 4, 1, 4, 4, 4, 4, 3, 2, 1, 0, 2, 1, 1, 1, 2, 1, 1, 3, 0, 1, 0, 1, 1, 4, 1, 4, 3, 2, 2, 0, 4, 1, 1, 4, 1, 1, 2, 1, 4, 4, 1, 1, 0, 1, 3, 2, 2, 1, 2, 1, 1, 2, 4, 3, 0, 2, 1, 3, 3, 1, 1, 1, 1, 1, 1, 4, 1, 3, 4, 1, 2, 4, 3, 2, 3, 2, 2, 4, 4, 4, 3, 2, 2, 3, 2, 4, 3, 4, 1, 2, 4, 4, 2, 1, 3, 2]|[0, 2, 0, 0, 3, 0, 1, 3, 1, 0, 2, 0, 1, 0, 1, 0, 0, 0, 1, 0, 0, 2, 0, 0, 1, 0, 0, 3, 0, 1, 0, 2, 0, 0, 3, 0, 1, 1, 0, 0, 0, 0, 1, 3, 0, 0, 1, 0, 2, 0, 0, 0, 0, 0, 1, 0, 1, 0, 1, 1, 0, 2, 0, 0, 0, 0, 0, 0, 0, 2, 0, 0, 1, 0, 0, 1, 0, 0, 3, 0, 0, 1, 2, 2, 0, 0, 0, 3, 0, 1, 0, 1, 0, 0, 3, 1, 0, 0, 0, 0],910.6016522559228,48405.50430007148,106574.75635634674,false
58,G3_TWC,G3_TWC,[31, 22, 42, 15, 26, 58, 95, 82, 77, 12, 47, 5, 93, 78, 98, 54, 85, 63, 18, 44, 20, 35, 43, 97, 91, 76, 10, 30, 21, 45, 71, 64, 1, 23, 17, 83, 24, 61, 60, 49, 6, 57, 94, 88, 65, 56, 79, 40, 67, 68, 46, 75, 0, 9, 19, 32, 81, 41, 27, 62, 87, 90, 99, 59, 53, 16, 72, 73, 70, 39, 37, 84, 3, 92, 25, 74, 28, 38, 51, 7, 11, 14, 86, 48, 89, 66, 50, 96, 33, 80, 8, 4, 34, 36, 55, 52, 13, 29, 69, 2]|[1, 1, 0, 1, 1, 1, 2, 1, 2, 1, 2, 2, 2, 1, 1, 0, 0, 1, 0, 2, 2, 0, 1, 2, 0, 1, 2, 2, 0, 0, 1, 2, 1, 0, 1, 0, 2, 0, 1, 1, 0, 1, 1, 1, 0, 2, 1, 1, 0, 0, 0, 0, 1, 1, 2, 1, 2, 0, 0, 0, 2, 1, 0, 1, 0, 1, 2, 1, 1, 1, 1, 1, 2, 0, 1, 2, 0, 0, 0, 1, 0, 1, 0, 0, 1, 0, 0, 0, 2, 0, 1, 0, 2, 0, 1, 1, 0, 0, 1, 0]|[4, 3, 2, 2, 0, 0, 2, 2, 2, 4, 1, 1, 2, 4, 4, 1, 1, 4, 2, 1, 1, 1, 1, 2, 1, 2, 1, 1, 1, 1, 3, 2, 3, 0, 4, 0, 1, 1, 0, 3, 2, 2, 4, 0, 1, 1, 3, 2, 0, 1, 2, 2, 1, 4, 0, 3, 2, 1, 1, 2, 1, 3, 1, 1, 2, 3, 0, 4, 3, 1, 4, 1, 1, 2, 4, 1, 2, 1, 1, 3, 2, 3, 1, 1, 1, 1, 1, 1, 1, 1, 3, 2, 1, 1, 4, 1, 2, 2, 3, 2]|[0, 2, 1, 1, 3, 3, 0, 1, 0, 0, 0, 0, 1, 0, 1, 0, 0, 3, 1, 0, 0, 0, 3, 1, 0, 2, 0, 0, 0, 1, 0, 0, 0, 0, 3, 0, 1, 0, 0, 2, 1, 1, 2, 0, 0, 0, 0, 1, 1, 0, 0, 0, 1, 3, 0, 0, 1, 0, 0, 1, 0, 2, 0, 1, 1, 2, 1, 0, 0, 1, 1, 3, 0, 1, 3, 0, 1, 0, 0, 2, 1, 0, 0, 0, 1, 0, 0, 0, 0, 0, 2, 1, 0, 1, 3, 1, 0, 0, 0, 0],843.7439659666079,57777.80974073964,86440.68470675517,false
58,G1_CMAX,G1_CMAX,[31, 22, 82, 15, 26, 99, 95, 42, 77, 12, 47, 5, 93, 78, 86, 54, 21, 63, 18, 44, 20, 35, 43, 97, 91, 76, 10, 30, 85, 45, 71, 64, 1, 23, 17, 83, 24, 14, 60, 36, 6, 57, 40, 88, 65, 56, 79, 94, 67, 68, 46, 75, 38, 9, 19, 32, 41, 81, 27, 87, 90, 58, 59, 11, 16, 72, 73, 70, 39, 37, 84, 3, 92, 25, 55, 48, 74, 29, 51, 7, 33, 61, 98, 28, 89, 50, 4, 96, 53, 80, 8, 66, 34, 49, 52, 0, 62, 69, 2, 13]|[1, 1, 0, 1, 1, 0, 1, 1, 2, 1, 2, 2, 2, 1, 1, 0, 0, 1, 0, 2, 2, 0, 1, 2, 0, 1, 2, 2, 0, 0, 1, 2, 1, 2, 1, 0, 2, 0, 1, 1, 0, 1, 1, 1, 0, 2, 1, 1, 0, 0, 0, 0, 1, 1, 2, 1, 0, 2, 0, 2, 1, 0, 1, 2, 1, 2, 1, 1, 1, 1, 1, 1, 0, 1, 2, 0, 2, 0, 0, 2, 2, 1, 2, 0, 1, 0, 1, 2, 0, 0, 1, 2, 2, 0, 1, 0, 1, 1, 0, 0]|[0, 3, 2, 2, 4, 1, 2, 3, 2, 4, 1, 1, 2, 4, 4, 1, 1, 4, 2, 1, 1, 1, 1, 2, 1, 2, 1, 1, 2, 1, 3, 2, 3, 1, 4, 0, 1, 1, 0, 3, 2, 2, 2, 0, 1, 1, 0, 4, 0, 1, 2, 2, 1, 4, 0, 3, 1, 1, 1, 1, 3, 1, 1, 1, 3, 0, 4, 3, 1, 4, 1, 1, 0, 4, 1, 1, 1, 1, 1, 1, 1, 3, 1, 2, 1, 1, 4, 1, 2, 1, 3, 1, 1, 1, 1, 2, 1, 4, 2, 2]|[0, 2, 1, 1, 3, 0, 1, 3, 0, 0, 0, 0, 1, 0, 1, 0, 0, 3, 1, 0, 0, 0, 3, 1, 0, 2, 0, 0, 0, 1, 0, 0, 0, 0, 3, 0, 1, 0, 0, 2, 1, 1, 1, 0, 0, 0, 0, 2, 1, 0, 0, 0, 1, 3, 0, 0, 0, 0, 0, 0, 2, 0, 1, 0, 2, 1, 0, 0, 1, 1, 3, 1, 1, 3, 0, 0, 0, 0, 0, 0, 0, 0, 0, 1, 1, 0, 0, 0, 1, 0, 2, 0, 0, 1, 1, 0, 1, 2, 0, 0],730.1276596856602,56815.01019440286,94351.50741240397,false
58,G4_BALANCED,G2_TEC,[20, 94, 82, 15, 26, 9, 95, 42, 77, 68, 47, 5, 93, 78, 86, 54, 85, 63, 18, 44, 31, 49, 36, 14, 74, 50, 53, 17, 21, 28, 11, 64, 3, 23, 30, 83, 24, 41, 40, 52, 65, 27, 90, 70, 39, 87, 48, 69, 99, 4, 46, 1, 13, 56, 97, 59, 45, 8, 73, 37, 35, 79, 71, 66, 76, 16, 60, 38, 58, 6, 67, 61, 33, 7, 57, 34, 12, 32, 10, 80, 96, 88, 43, 81, 91, 2, 84, 29, 92, 19, 51, 55, 89, 75, 25, 22, 98, 72, 62, 0]|[2, 1, 2, 1, 1, 2, 1, 1, 1, 1, 1, 0, 2, 2, 1, 2, 0, 0, 0, 2, 2, 1, 0, 2, 0, 2, 2, 1, 0, 1, 1, 1, 0, 0, 1, 0, 2, 1, 2, 2, 0, 0, 1, 1, 0, 2, 0, 2, 1, 0, 0, 2, 0, 2, 2, 0, 1, 1, 0, 0, 2, 1, 1, 2, 2, 2, 2, 0, 2, 1, 2, 1, 1, 2, 0, 1, 1, 0, 1, 0, 0, 1, 1, 1, 1, 0, 0, 1, 0, 1, 1, 0, 1, 2, 1, 2, 0, 1, 1, 0]|[1, 3, 0, 3, 4, 1, 4, 4, 4, 4, 3, 2, 1, 0, 2, 1, 1, 1, 2, 1, 1, 3, 0, 1, 0, 1, 1, 4, 1, 4, 3, 2, 2, 0, 4, 1, 1, 4, 1, 1, 2, 1, 4, 4, 1, 1, 0, 1, 3, 2, 2, 1, 2, 1, 1, 2, 4, 3, 0, 2, 1, 3, 3, 1, 1, 1, 1, 2, 1, 4, 1, 3, 4, 1, 2, 4, 3, 2, 3, 2, 2, 4, 4, 4, 3, 2, 2, 3, 2, 4, 3, 2, 4, 1, 4, 1, 2, 4, 3, 2]|[0, 2, 0, 0, 3, 0, 1, 3, 1, 0, 2, 0, 1, 0, 1, 0, 0, 0, 1, 0, 0, 2, 0, 0, 1, 0, 0, 3, 0, 1, 0, 2, 0, 0, 3, 0, 1, 1, 0, 0, 0, 0, 1, 3, 0, 0, 1, 0, 2, 0, 0, 0, 0, 0, 1, 0, 1, 0, 1, 1, 0, 2, 0, 0, 0, 0, 0, 0, 0, 2, 0, 0, 1, 0, 0, 1, 0, 0, 3, 0, 0, 1, 2, 2, 0, 0, 0, 3, 0, 1, 0, 0, 1, 0, 3, 0, 0, 1, 0, 0],932.6296481262889,48487.11054890131,106143.07385041681,true
58,G2_TEC,G2_TEC,[20, 94, 82, 15, 26, 9, 95, 42, 77, 68, 47, 5, 93, 78, 86, 54, 85, 63, 18, 44, 31, 49, 36, 14, 74, 50, 53, 17, 21, 28, 11, 64, 3, 23, 30, 83, 24, 41, 40, 52, 65, 27, 90, 70, 39, 87, 48, 69, 99, 4, 46, 1, 13, 56, 97, 59, 45, 8, 73, 37, 35, 79, 71, 66, 76, 16, 60, 80, 58, 6, 67, 61, 33, 7, 57, 34, 12, 32, 10, 38, 96, 88, 43, 81, 91, 2, 84, 29, 92, 19, 51, 89, 22, 75, 25, 72, 55, 98, 62, 0]|[2, 1, 2, 1, 1, 2, 1, 1, 1, 1, 1, 0, 2, 2, 1, 2, 0, 0, 0, 2, 2, 1, 0, 2, 0, 2, 2, 1, 0, 1, 1, 1, 0, 0, 1, 0, 2, 1, 2, 2, 0, 0, 1, 1, 0, 2, 0, 2, 1, 0, 0, 2, 0, 2, 2, 0, 1, 1, 0, 0, 2, 1, 1, 2, 2, 2, 2, 2, 2, 1, 2, 1, 1, 2, 0, 1, 1, 0, 1, 0, 0, 1, 1, 1, 1, 0, 0, 1, 0, 1, 1, 1, 2, 0, 1, 1, 0, 2, 1, 0]|[1, 3, 0, 3, 4, 1, 4, 4, 4, 4, 3, 2, 1, 0, 2, 1, 1, 1, 2, 1, 1, 3, 0, 1, 0, 1, 1, 4, 1, 4, 3, 2, 2, 0, 4, 1, 1, 4, 1, 1, 2, 1, 4, 4, 1, 1, 0, 1, 3, 2, 2, 1, 2, 1, 1, 2, 4, 3, 0, 2, 1, 3, 3, 1, 1, 1, 1, 1, 1, 4, 1, 3, 4, 1, 2, 4, 3, 2, 3, 2, 2, 4, 4, 4, 3, 2, 2, 3, 2, 4, 3, 4, 1, 2, 4, 4, 2, 1, 3, 2]|[0, 2, 0, 0, 3, 0, 1, 3, 1, 0, 2, 0, 1, 0, 1, 0, 0, 0, 1, 0, 0, 2, 0, 0, 1, 0, 0, 3, 0, 1, 0, 2, 0, 0, 3, 0, 1, 1, 0, 0, 0, 0, 1, 3, 0, 0, 1, 0, 2, 0, 0, 0, 0, 0, 1, 0, 1, 0, 1, 1, 0, 2, 0, 0, 0, 0, 0, 0, 0, 2, 0, 0, 1, 0, 0, 1, 0, 0, 3, 0, 0, 1, 2, 2, 0, 0, 0, 3, 0, 1, 0, 1, 0, 0, 3, 1, 0, 0, 0, 0],910.6016522559228,48405.50430007148,106574.75635634674,false
58,G3_TWC,G3_TWC,[31, 22, 42, 15, 26, 58, 95, 82, 77, 12, 47, 5, 93, 78, 98, 54, 85, 63, 18, 44, 20, 35, 43, 97, 91, 76, 10, 30, 21, 45, 71, 64, 1, 23, 17, 83, 24, 61, 60, 49, 6, 57, 94, 88, 65, 56, 79, 40, 67, 68, 46, 75, 0, 9, 19, 32, 81, 41, 27, 62, 87, 90, 99, 59, 53, 16, 72, 73, 70, 39, 37, 84, 3, 92, 25, 74, 28, 38, 51, 7, 11, 14, 86, 48, 89, 66, 50, 96, 33, 80, 8, 4, 34, 36, 55, 52, 13, 29, 69, 2]|[1, 1, 0, 1, 1, 1, 2, 1, 2, 1, 2, 2, 2, 1, 1, 0, 0, 1, 0, 2, 2, 0, 1, 2, 0, 1, 2, 2, 0, 0, 1, 2, 1, 0, 1, 0, 2, 0, 1, 1, 0, 1, 1, 1, 0, 2, 1, 1, 0, 0, 0, 0, 1, 1, 2, 1, 2, 0, 0, 0, 2, 1, 0, 1, 0, 1, 2, 1, 1, 1, 1, 1, 2, 0, 1, 2, 0, 0, 0, 1, 0, 1, 0, 0, 1, 0, 0, 0, 2, 0, 1, 0, 2, 0, 1, 1, 0, 0, 1, 0]|[4, 3, 2, 2, 0, 0, 2, 2, 2, 4, 1, 1, 2, 4, 4, 1, 1, 4, 2, 1, 1, 1, 1, 2, 1, 2, 1, 1, 1, 1, 3, 2, 3, 0, 4, 0, 1, 1, 0, 3, 2, 2, 4, 0, 1, 1, 3, 2, 0, 1, 2, 2, 1, 4, 0, 3, 2, 1, 1, 2, 1, 3, 1, 1, 2, 3, 0, 4, 3, 1, 4, 1, 1, 2, 4, 1, 2, 1, 1, 3, 2, 3, 1, 1, 1, 1, 1, 1, 1, 1, 3, 2, 1, 1, 4, 1, 2, 2, 3, 2]|[0, 2, 1, 1, 3, 3, 0, 1, 0, 0, 0, 0, 1, 0, 1, 0, 0, 3, 1, 0, 0, 0, 3, 1, 0, 2, 0, 0, 0, 1, 0, 0, 0, 0, 3, 0, 1, 0, 0, 2, 1, 1, 2, 0, 0, 0, 0, 1, 1, 0, 0, 0, 1, 3, 0, 0, 1, 0, 0, 1, 0, 2, 0, 1, 1, 2, 1, 0, 0, 1, 1, 3, 0, 1, 3, 0, 1, 0, 0, 2, 1, 0, 0, 0, 1, 0, 0, 0, 0, 0, 2, 1, 0, 1, 3, 1, 0, 0, 0, 0],843.7439659666079,57777.80974073964,86440.68470675517,false
59,G1_CMAX,G1_CMAX,[31, 22, 82, 15, 26, 99, 95, 42, 77, 12, 47, 5, 93, 78, 86, 54, 21, 63, 18, 44, 20, 35, 43, 97, 91, 76, 10, 30, 85, 45, 71, 64, 1, 23, 17, 83, 24, 14, 60, 36, 6, 57, 40, 88, 65, 56, 79, 94, 67, 68, 46, 75, 38, 9, 19, 32, 41, 81, 27, 87, 90, 58, 59, 11, 16, 72, 73, 70, 39, 37, 84, 3, 92, 25, 55, 48, 74, 29, 51, 7, 33, 61, 98, 28, 89, 50, 4, 96, 53, 80, 8, 66, 34, 49, 52, 0, 62, 69, 2, 13]|[1, 1, 0, 1, 1, 0, 1, 1, 2, 1, 2, 2, 2, 1, 1, 0, 0, 1, 0, 2, 2, 0, 1, 2, 0, 1, 2, 2, 0, 0, 1, 2, 1, 2, 1, 0, 2, 0, 1, 1, 0, 1, 1, 1, 0, 2, 1, 1, 0, 0, 0, 0, 1, 1, 2, 1, 0, 2, 0, 2, 1, 0, 1, 2, 1, 2, 1, 1, 1, 1, 1, 1, 0, 1, 2, 0, 2, 0, 0, 2, 2, 1, 2, 0, 1, 0, 1, 2, 0, 0, 1, 2, 2, 0, 1, 0, 1, 1, 0, 0]|[0, 3, 2, 2, 4, 1, 2, 3, 2, 4, 1, 1, 2, 4, 4, 1, 1, 4, 2, 1, 1, 1, 1, 2, 1, 2, 1, 1, 2, 1, 3, 2, 3, 1, 4, 0, 1, 1, 0, 3, 2, 2, 2, 0, 1, 1, 0, 4, 0, 1, 2, 2, 1, 4, 0, 3, 1, 1, 1, 1, 3, 1, 1, 1, 3, 0, 4, 3, 1, 4, 1, 1, 0, 4, 1, 1, 1, 1, 1, 1, 1, 3, 1, 2, 1, 1, 4, 1, 2, 1, 3, 1, 1, 1, 1, 2, 1, 4, 2, 2]|[0, 2, 1, 1, 3, 0, 1, 3, 0, 0, 0, 0, 1, 0, 1, 0, 0, 3, 1, 0, 0, 0, 3, 1, 0, 2, 0, 0, 0, 1, 0, 0, 0, 0, 3, 0, 1, 0, 0, 2, 1, 1, 1, 0, 0, 0, 0, 2, 1, 0, 0, 0, 1, 3, 0, 0, 0, 0, 0, 0, 2, 0, 1, 0, 2, 1, 0, 0, 1, 1, 3, 1, 1, 3, 0, 0, 0, 0, 0, 0, 0, 0, 0, 1, 1, 0, 0, 0, 1, 0, 2, 0, 0, 1, 1, 0, 1, 2, 0, 0],730.1276596856602,56815.01019440286,94351.50741240397,false
59,G4_BALANCED,G2_TEC,[20, 94, 82, 15, 26, 9, 95, 42, 77, 68, 47, 5, 93, 78, 86, 54, 85, 63, 18, 44, 31, 49, 36, 14, 74, 50, 53, 17, 21, 28, 11, 64, 3, 23, 30, 83, 24, 41, 40, 52, 65, 27, 90, 70, 39, 87, 48, 69, 99, 4, 46, 1, 13, 56, 97, 59, 45, 8, 73, 37, 35, 79, 71, 66, 76, 16, 60, 38, 58, 6, 67, 61, 33, 7, 57, 34, 12, 32, 10, 80, 96, 88, 43, 81, 91, 2, 84, 29, 92, 19, 51, 55, 89, 75, 25, 22, 98, 72, 62, 0]|[2, 1, 2, 1, 1, 2, 1, 1, 1, 1, 1, 0, 2, 2, 1, 2, 0, 0, 0, 2, 2, 1, 0, 2, 0, 2, 2, 1, 0, 1, 1, 1, 0, 0, 1, 0, 2, 1, 2, 2, 0, 0, 1, 1, 0, 2, 0, 2, 1, 0, 0, 2, 0, 2, 2, 0, 1, 1, 0, 0, 2, 1, 1, 2, 2, 2, 2, 0, 2, 1, 2, 1, 1, 2, 0, 1, 1, 0, 1, 0, 0, 1, 1, 1, 1, 0, 0, 1, 0, 1, 1, 0, 1, 2, 1, 2, 0, 1, 1, 0]|[1, 3, 0, 3, 4, 1, 4, 4, 4, 4, 3, 2, 1, 0, 2, 1, 1, 1, 2, 1, 1, 3, 0, 1, 0, 1, 1, 4, 1, 4, 3, 2, 2, 0, 4, 1, 1, 4, 1, 1, 2, 1, 4, 4, 1, 1, 0, 1, 3, 2, 2, 1, 2, 1, 1, 2, 4, 3, 0, 2, 1, 3, 3, 1, 1, 1, 1, 2, 1, 4, 1, 3, 4, 1, 2, 4, 3, 2, 3, 2, 2, 4, 4, 4, 3, 2, 2, 3, 2, 4, 3, 2, 4, 1, 4, 1, 2, 4, 3, 2]|[0, 2, 0, 0, 3, 0, 1, 3, 1, 0, 2, 0, 1, 0, 1, 0, 0, 0, 1, 0, 0, 2, 0, 0, 1, 0, 0, 3, 0, 1, 0, 2, 0, 0, 3, 0, 1, 1, 0, 0, 0, 0, 1, 3, 0, 0, 1, 0, 2, 0, 0, 0, 0, 0, 1, 0, 1, 0, 1, 1, 0, 2, 0, 0, 0, 0, 0, 0, 0, 2, 0, 0, 1, 0, 0, 1, 0, 0, 3, 0, 0, 1, 2, 2, 0, 0, 0, 3, 0, 1, 0, 0, 1, 0, 3, 0, 0, 1, 0, 0],932.6296481262889,48487.11054890131,106143.07385041681,true
59,G2_TEC,G2_TEC,[20, 94, 82, 15, 26, 9, 95, 42, 77, 68, 47, 5, 93, 78, 86, 54, 85, 63, 18, 44, 31, 49, 36, 14, 74, 50, 53, 17, 21, 28, 11, 64, 3, 23, 30, 83, 24, 41, 40, 52, 65, 27, 90, 70, 39, 87, 48, 69, 99, 4, 46, 1, 13, 56, 97, 59, 45, 8, 73, 37, 35, 79, 71, 66, 76, 16, 60, 80, 58, 6, 67, 61, 33, 7, 57, 34, 12, 32, 10, 38, 96, 88, 43, 81, 91, 2, 84, 29, 92, 19, 51, 89, 22, 75, 25, 72, 55, 98, 62, 0]|[2, 1, 2, 1, 1, 2, 1, 1, 1, 1, 1, 0, 2, 2, 1, 2, 0, 0, 0, 2, 2, 1, 0, 2, 0, 2, 2, 1, 0, 1, 1, 1, 0, 0, 1, 0, 2, 1, 2, 2, 0, 0, 1, 1, 0, 2, 0, 2, 1, 0, 0, 2, 0, 2, 2, 0, 1, 1, 0, 0, 2, 1, 1, 2, 2, 2, 2, 2, 2, 1, 2, 1, 1, 2, 0, 1, 1, 0, 1, 0, 0, 1, 1, 1, 1, 0, 0, 1, 0, 1, 1, 1, 2, 0, 1, 1, 0, 2, 1, 0]|[1, 3, 0, 3, 4, 1, 4, 4, 4, 4, 3, 2, 1, 0, 2, 1, 1, 1, 2, 1, 1, 3, 0, 1, 0, 1, 1, 4, 1, 4, 3, 2, 2, 0, 4, 1, 1, 4, 1, 1, 2, 1, 4, 4, 1, 1, 0, 1, 3, 2, 2, 1, 2, 1, 1, 2, 4, 3, 0, 2, 1, 3, 3, 1, 1, 1, 1, 1, 1, 4, 1, 3, 4, 1, 2, 4, 3, 2, 3, 2, 2, 4, 4, 4, 3, 2, 2, 3, 2, 4, 3, 4, 1, 2, 4, 4, 2, 1, 3, 2]|[0, 2, 0, 0, 3, 0, 1, 3, 1, 0, 2, 0, 1, 0, 1, 0, 0, 0, 1, 0, 0, 2, 0, 0, 1, 0, 0, 3, 0, 1, 0, 2, 0, 0, 3, 0, 1, 1, 0, 0, 0, 0, 1, 3, 0, 0, 1, 0, 2, 0, 0, 0, 0, 0, 1, 0, 1, 0, 1, 1, 0, 2, 0, 0, 0, 0, 0, 0, 0, 2, 0, 0, 1, 0, 0, 1, 0, 0, 3, 0, 0, 1, 2, 2, 0, 0, 0, 3, 0, 1, 0, 1, 0, 0, 3, 1, 0, 0, 0, 0],910.6016522559228,48405.50430007148,106574.75635634674,false
59,G3_TWC,G3_TWC,[31, 22, 42, 15, 26, 58, 95, 82, 77, 12, 47, 5, 93, 78, 98, 54, 85, 63, 18, 44, 20, 35, 43, 97, 91, 76, 10, 30, 21, 45, 71, 64, 1, 23, 17, 83, 24, 61, 60, 49, 6, 57, 94, 88, 65, 56, 79, 40, 67, 68, 46, 75, 0, 9, 19, 32, 81, 41, 27, 62, 87, 90, 99, 59, 53, 16, 72, 73, 70, 39, 37, 84, 3, 92, 25, 74, 28, 38, 51, 7, 11, 14, 86, 48, 89, 66, 50, 96, 33, 80, 8, 4, 34, 36, 55, 52, 13, 29, 69, 2]|[1, 1, 0, 1, 1, 1, 2, 1, 2, 1, 2, 2, 2, 1, 1, 0, 0, 1, 0, 2, 2, 0, 1, 2, 0, 1, 2, 2, 0, 0, 1, 2, 1, 0, 1, 0, 2, 0, 1, 1, 0, 1, 1, 1, 0, 2, 1, 1, 0, 0, 0, 0, 1, 1, 2, 1, 2, 0, 0, 0, 2, 1, 0, 1, 0, 1, 2, 1, 1, 1, 1, 1, 2, 0, 1, 2, 0, 0, 0, 1, 0, 1, 0, 0, 1, 0, 0, 0, 2, 0, 1, 0, 2, 0, 1, 1, 0, 0, 1, 0]|[4, 3, 2, 2, 0, 0, 2, 2, 2, 4, 1, 1, 2, 4, 4, 1, 1, 4, 2, 1, 1, 1, 1, 2, 1, 2, 1, 1, 1, 1, 3, 2, 3, 0, 4, 0, 1, 1, 0, 3, 2, 2, 4, 0, 1, 1, 3, 2, 0, 1, 2, 2, 1, 4, 0, 3, 2, 1, 1, 2, 1, 3, 1, 1, 2, 3, 0, 4, 3, 1, 4, 1, 1, 2, 4, 1, 2, 1, 1, 3, 2, 3, 1, 1, 1, 1, 1, 1, 1, 1, 3, 2, 1, 1, 4, 1, 2, 2, 3, 2]|[0, 2, 1, 1, 3, 3, 0, 1, 0, 0, 0, 0, 1, 0, 1, 0, 0, 3, 1, 0, 0, 0, 3, 1, 0, 2, 0, 0, 0, 1, 0, 0, 0, 0, 3, 0, 1, 0, 0, 2, 1, 1, 2, 0, 0, 0, 0, 1, 1, 0, 0, 0, 1, 3, 0, 0, 1, 0, 0, 1, 0, 2, 0, 1, 1, 2, 1, 0, 0, 1, 1, 3, 0, 1, 3, 0, 1, 0, 0, 2, 1, 0, 0, 0, 1, 0, 0, 0, 0, 0, 2, 1, 0, 1, 3, 1, 0, 0, 0, 0],843.7439659666079,57777.80974073964,86440.68470675517,false
59,G1_CMAX,G1_CMAX,[31, 22, 82, 15, 26, 99, 95, 42, 77, 12, 47, 5, 93, 78, 86, 54, 21, 63, 18, 44, 20, 35, 43, 97, 91, 76, 10, 30, 85, 45, 71, 64, 1, 23, 17, 83, 24, 14, 60, 36, 6, 57, 40, 88, 65, 56, 79, 94, 67, 68, 46, 75, 38, 9, 19, 32, 41, 81, 27, 87, 90, 58, 59, 11, 16, 72, 73, 70, 39, 37, 84, 3, 92, 25, 55, 48, 74, 29, 51, 7, 33, 61, 98, 28, 89, 50, 4, 96, 53, 80, 8, 66, 34, 49, 52, 0, 62, 69, 2, 13]|[1, 1, 0, 1, 1, 0, 1, 1, 2, 1, 2, 2, 2, 1, 1, 0, 0, 1, 0, 2, 2, 0, 1, 2, 0, 1, 2, 2, 0, 0, 1, 2, 1, 2, 1, 0, 2, 0, 1, 1, 0, 1, 1, 1, 0, 2, 1, 1, 0, 0, 0, 0, 1, 1, 2, 1, 0, 2, 0, 2, 1, 0, 1, 2, 1, 2, 1, 1, 1, 1, 1, 1, 0, 1, 2, 0, 2, 0, 0, 2, 2, 1, 2, 0, 1, 0, 1, 2, 0, 0, 1, 2, 2, 0, 1, 0, 1, 1, 0, 0]|[0, 3, 2, 2, 4, 1, 2, 3, 2, 4, 1, 1, 2, 4, 4, 1, 1, 4, 2, 1, 1, 1, 1, 2, 1, 2, 1, 1, 2, 1, 3, 2, 3, 1, 4, 0, 1, 1, 0, 3, 2, 2, 2, 0, 1, 1, 0, 4, 0, 1, 2, 2, 1, 4, 0, 3, 1, 1, 1, 1, 3, 1, 1, 1, 3, 0, 4, 3, 1, 4, 1, 1, 0, 4, 1, 1, 1, 1, 1, 1, 1, 3, 1, 2, 1, 1, 4, 1, 2, 1, 3, 1, 1, 1, 1, 2, 1, 4, 2, 2]|[0, 2, 1, 1, 3, 0, 1, 3, 0, 0, 0, 0, 1, 0, 1, 0, 0, 3, 1, 0, 0, 0, 3, 1, 0, 2, 0, 0, 0, 1, 0, 0, 0, 0, 3, 0, 1, 0, 0, 2, 1, 1, 1, 0, 0, 0, 0, 2, 1, 0, 0, 0, 1, 3, 0, 0, 0, 0, 0, 0, 2, 0, 1, 0, 2, 1, 0, 0, 1, 1, 3, 1, 1, 3, 0, 0, 0, 0, 0, 0, 0, 0, 0, 1, 1, 0, 0, 0, 1, 0, 2, 0, 0, 1, 1, 0, 1, 2, 0, 0],730.1276596856602,56815.01019440286,94351.50741240397,false
59,G4_BALANCED,G2_TEC,[20, 94, 82, 15, 26, 9, 95, 42, 77, 68, 47, 5, 93, 78, 86, 54, 85, 63, 18, 44, 31, 49, 36, 14, 74, 50, 53, 17, 21, 28, 11, 64, 3, 23, 30, 83, 24, 41, 40, 52, 65, 27, 90, 70, 39, 87, 48, 69, 99, 4, 46, 1, 13, 56, 97, 59, 45, 8, 73, 37, 35, 79, 71, 66, 76, 16, 60, 38, 58, 6, 67, 61, 33, 7, 57, 34, 12, 32, 10, 80, 96, 88, 43, 81, 91, 2, 84, 29, 92, 19, 51, 55, 89, 75, 25, 22, 98, 72, 62, 0]|[2, 1, 2, 1, 1, 2, 1, 1, 1, 1, 1, 0, 2, 2, 1, 2, 0, 0, 0, 2, 2, 1, 0, 2, 0, 2, 2, 1, 0, 1, 1, 1, 0, 0, 1, 0, 2, 1, 2, 2, 0, 0, 1, 1, 0, 2, 0, 2, 1, 0, 0, 2, 0, 2, 2, 0, 1, 1, 0, 0, 2, 1, 1, 2, 2, 2, 2, 0, 2, 1, 2, 1, 1, 2, 0, 1, 1, 0, 1, 0, 0, 1, 1, 1, 1, 0, 0, 1, 0, 1, 1, 0, 1, 2, 1, 2, 0, 1, 1, 0]|[1, 3, 0, 3, 4, 1, 4, 4, 4, 4, 3, 2, 1, 0, 2, 1, 1, 1, 2, 1, 1, 3, 0, 1, 0, 1, 1, 4, 1, 4, 3, 2, 2, 0, 4, 1, 1, 4, 1, 1, 2, 1, 4, 4, 1, 1, 0, 1, 3, 2, 2, 1, 2, 1, 1, 2, 4, 3, 0, 2, 1, 3, 3, 1, 1, 1, 1, 2, 1, 4, 1, 3, 4, 1, 2, 4, 3, 2, 3, 2, 2, 4, 4, 4, 3, 2, 2, 3, 2, 4, 3, 2, 4, 1, 4, 1, 2, 4, 3, 2]|[0, 2, 0, 0, 3, 0, 1, 3, 1, 0, 2, 0, 1, 0, 1, 0, 0, 0, 1, 0, 0, 2, 0, 0, 1, 0, 0, 3, 0, 1, 0, 2, 0, 0, 3, 0, 1, 1, 0, 0, 0, 0, 1, 3, 0, 0, 1, 0, 2, 0, 0, 0, 0, 0, 1, 0, 1, 0, 1, 1, 0, 2, 0, 0, 0, 0, 0, 0, 0, 2, 0, 0, 1, 0, 0, 1, 0, 0, 3, 0, 0, 1, 2, 2, 0, 0, 0, 3, 0, 1, 0, 0, 1, 0, 3, 0, 0, 1, 0, 0],932.6296481262889,48487.11054890131,106143.07385041681,true
59,G2_TEC,G2_TEC,[20, 94, 82, 15, 26, 9, 95, 42, 77, 68, 47, 5, 93, 78, 86, 54, 85, 63, 18, 44, 31, 49, 36, 14, 74, 50, 53, 17, 21, 28, 11, 64, 3, 23, 30, 83, 24, 41, 40, 52, 65, 27, 90, 70, 39, 87, 48, 69, 99, 4, 46, 1, 13, 56, 97, 59, 45, 8, 73, 37, 35, 79, 71, 66, 76, 16, 60, 80, 58, 6, 67, 61, 33, 7, 57, 34, 12, 32, 10, 38, 96, 88, 43, 81, 91, 2, 84, 29, 92, 19, 51, 89, 22, 75, 25, 72, 55, 98, 62, 0]|[2, 1, 2, 1, 1, 2, 1, 1, 1, 1, 1, 0, 2, 2, 1, 2, 0, 0, 0, 2, 2, 1, 0, 2, 0, 2, 2, 1, 0, 1, 1, 1, 0, 0, 1, 0, 2, 1, 2, 2, 0, 0, 1, 1, 0, 2, 0, 2, 1, 0, 0, 2, 0, 2, 2, 0, 1, 1, 0, 0, 2, 1, 1, 2, 2, 2, 2, 2, 2, 1, 2, 1, 1, 2, 0, 1, 1, 0, 1, 0, 0, 1, 1, 1, 1, 0, 0, 1, 0, 1, 1, 1, 2, 0, 1, 1, 0, 2, 1, 0]|[1, 3, 0, 3, 4, 1, 4, 4, 4, 4, 3, 2, 1, 0, 2, 1, 1, 1, 2, 1, 1, 3, 0, 1, 0, 1, 1, 4, 1, 4, 3, 2, 2, 0, 4, 1, 1, 4, 1, 1, 2, 1, 4, 4, 1, 1, 0, 1, 3, 2, 2, 1, 2, 1, 1, 2, 4, 3, 0, 2, 1, 3, 3, 1, 1, 1, 1, 1, 1, 4, 1, 3, 4, 1, 2, 4, 3, 2, 3, 2, 2, 4, 4, 4, 3, 2, 2, 3, 2, 4, 3, 4, 1, 2, 4, 4, 2, 1, 3, 2]|[0, 2, 0, 0, 3, 0, 1, 3, 1, 0, 2, 0, 1, 0, 1, 0, 0, 0, 1, 0, 0, 2, 0, 0, 1, 0, 0, 3, 0, 1, 0, 2, 0, 0, 3, 0, 1, 1, 0, 0, 0, 0, 1, 3, 0, 0, 1, 0, 2, 0, 0, 0, 0, 0, 1, 0, 1, 0, 1, 1, 0, 2, 0, 0, 0, 0, 0, 0, 0, 2, 0, 0, 1, 0, 0, 1, 0, 0, 3, 0, 0, 1, 2, 2, 0, 0, 0, 3, 0, 1, 0, 1, 0, 0, 3, 1, 0, 0, 0, 0],910.6016522559228,48405.50430007148,106574.75635634674,false
59,G3_TWC,G3_TWC,[31, 22, 42, 15, 26, 58, 95, 82, 77, 12, 47, 5, 93, 78, 98, 54, 85, 63, 18, 44, 20, 35, 43, 97, 91, 76, 10, 30, 21, 45, 71, 64, 1, 23, 17, 83, 24, 61, 60, 49, 6, 57, 94, 88, 65, 56, 79, 40, 67, 68, 46, 75, 0, 9, 19, 32, 81, 41, 27, 62, 87, 90, 99, 59, 53, 16, 72, 73, 70, 39, 37, 84, 3, 92, 25, 74, 28, 38, 51, 7, 11, 14, 86, 48, 89, 66, 50, 96, 33, 80, 8, 4, 34, 36, 55, 52, 13, 29, 69, 2]|[1, 1, 0, 1, 1, 1, 2, 1, 2, 1, 2, 2, 2, 1, 1, 0, 0, 1, 0, 2, 2, 0, 1, 2, 0, 1, 2, 2, 0, 0, 1, 2, 1, 0, 1, 0, 2, 0, 1, 1, 0, 1, 1, 1, 0, 2, 1, 1, 0, 0, 0, 0, 1, 1, 2, 1, 2, 0, 0, 0, 2, 1, 0, 1, 0, 1, 2, 1, 1, 1, 1, 1, 2, 0, 1, 2, 0, 0, 0, 1, 0, 1, 0, 0, 1, 0, 0, 0, 2, 0, 1, 0, 2, 0, 1, 1, 0, 0, 1, 0]|[4, 3, 2, 2, 0, 0, 2, 2, 2, 4, 1, 1, 2, 4, 4, 1, 1, 4, 2, 1, 1, 1, 1, 2, 1, 2, 1, 1, 1, 1, 3, 2, 3, 0, 4, 0, 1, 1, 0, 3, 2, 2, 4, 0, 1, 1, 3, 2, 0, 1, 2, 2, 1, 4, 0, 3, 2, 1, 1, 2, 1, 3, 1, 1, 2, 3, 0, 4, 3, 1, 4, 1, 1, 2, 4, 1, 2, 1, 1, 3, 2, 3, 1, 1, 1, 1, 1, 1, 1, 1, 3, 2, 1, 1, 4, 1, 2, 2, 3, 2]|[0, 2, 1, 1, 3, 3, 0, 1, 0, 0, 0, 0, 1, 0, 1, 0, 0, 3, 1, 0, 0, 0, 3, 1, 0, 2, 0, 0, 0, 1, 0, 0, 0, 0, 3, 0, 1, 0, 0, 2, 1, 1, 2, 0, 0, 0, 0, 1, 1, 0, 0, 0, 1, 3, 0, 0, 1, 0, 0, 1, 0, 2, 0, 1, 1, 2, 1, 0, 0, 1, 1, 3, 0, 1, 3, 0, 1, 0, 0, 2, 1, 0, 0, 0, 1, 0, 0, 0, 0, 0, 2, 1, 0, 1, 3, 1, 0, 0, 0, 0],843.7439659666079,57777.80974073964,86440.68470675517,false
59,G1_CMAX,G1_CMAX,[31, 22, 82, 15, 26, 99, 95, 42, 77, 12, 47, 5, 93, 78, 86, 54, 21, 63, 18, 44, 20, 35, 43, 97, 91, 76, 10, 30, 85, 45, 71, 64, 1, 23, 17, 83, 24, 14, 60, 36, 6, 57, 40, 88, 65, 56, 79, 94, 67, 68, 46, 75, 38, 9, 19, 32, 41, 81, 27, 87, 90, 58, 59, 11, 16, 72, 73, 70, 39, 37, 84, 3, 92, 25, 55, 48, 74, 29, 51, 7, 33, 61, 98, 28, 89, 50, 4, 96, 53, 80, 8, 66, 34, 49, 52, 0, 62, 69, 2, 13]|[1, 1, 0, 1, 1, 0, 1, 1, 2, 1, 2, 2, 2, 1, 1, 0, 0, 1, 0, 2, 2, 0, 1, 2, 0, 1, 2, 2, 0, 0, 1, 2, 1, 2, 1, 0, 2, 0, 1, 1, 0, 1, 1, 1, 0, 2, 1, 1, 0, 0, 0, 0, 1, 1, 2, 1, 0, 2, 0, 2, 1, 0, 1, 2, 1, 2, 1, 1, 1, 1, 1, 1, 0, 1, 2, 0, 2, 0, 0, 2, 2, 1, 2, 0, 1, 0, 1, 2, 0, 0, 1, 2, 2, 0, 1, 0, 1, 1, 0, 0]|[0, 3, 2, 2, 4, 1, 2, 3, 2, 4, 1, 1, 2, 4, 4, 1, 1, 4, 2, 1, 1, 1, 1, 2, 1, 2, 1, 1, 2, 1, 3, 2, 3, 1, 4, 0, 1, 1, 0, 3, 2, 2, 2, 0, 1, 1, 0, 4, 0, 1, 2, 2, 1, 4, 0, 3, 1, 1, 1, 1, 3, 1, 1, 1, 3, 0, 4, 3, 1, 4, 1, 1, 0, 4, 1, 1, 1, 1, 1, 1, 1, 3, 1, 2, 1, 1, 4, 1, 2, 1, 3, 1, 1, 1, 1, 2, 1, 4, 2, 2]|[0, 2, 1, 1, 3, 0, 1, 3, 0, 0, 0, 0, 1, 0, 1, 0, 0, 3, 1, 0, 0, 0, 3, 1, 0, 2, 0, 0, 0, 1, 0, 0, 0, 0, 3, 0, 1, 0, 0, 2, 1, 1, 1, 0, 0, 0, 0, 2, 1, 0, 0, 0, 1, 3, 0, 0, 0, 0, 0, 0, 2, 0, 1, 0, 2, 1, 0, 0, 1, 1, 3, 1, 1, 3, 0, 0, 0, 0, 0, 0, 0, 0, 0, 1, 1, 0, 0, 0, 1, 0, 2, 0, 0, 1, 1, 0, 1, 2, 0, 0],730.1276596856602,56815.01019440286,94351.50741240397,false
59,G4_BALANCED,G2_TEC,[20, 94, 82, 15, 26, 9, 95, 42, 77, 68, 47, 5, 93, 78, 86, 54, 85, 63, 18, 44, 31, 49, 36, 14, 74, 50, 53, 17, 21, 28, 11, 64, 3, 23, 30, 83, 24, 41, 40, 52, 65, 27, 90, 70, 39, 87, 48, 69, 99, 4, 46, 1, 13, 56, 97, 59, 45, 8, 73, 37, 35, 79, 71, 66, 76, 16, 60, 80, 58, 6, 67, 61, 33, 7, 57, 34, 12, 32, 10, 38, 96, 88, 43, 81, 91, 2, 84, 29, 92, 19, 51, 89, 22, 75, 25, 72, 55, 98, 62, 0]|[2, 1, 2, 1, 1, 2, 1, 1, 1, 1, 1, 0, 2, 2, 1, 2, 0, 0, 0, 2, 2, 1, 0, 2, 0, 2, 2, 1, 0, 1, 1, 1, 0, 0, 1, 0, 2, 1, 2, 2, 0, 0, 1, 1, 0, 2, 0, 2, 1, 0, 0, 2, 0, 2, 2, 0, 1, 1, 0, 0, 2, 1, 1, 2, 2, 2, 2, 2, 2, 1, 2, 1, 1, 2, 0, 1, 1, 0, 1, 0, 0, 1, 1, 1, 1, 0, 0, 1, 0, 1, 1, 1, 2, 0, 1, 1, 0, 2, 1, 0]|[1, 3, 0, 3, 4, 1, 4, 4, 4, 4, 3, 2, 1, 0, 2, 1, 1, 1, 2, 1, 1, 3, 0, 1, 0, 1, 1, 4, 1, 4, 3, 2, 2, 0, 4, 1, 1, 4, 1, 1, 2, 1, 4, 4, 1, 1, 0, 1, 3, 2, 2, 1, 2, 1, 1, 2, 4, 3, 0, 2, 1, 3, 3, 1, 1, 1, 1, 1, 1, 4, 1, 3, 4, 1, 2, 4, 3, 2, 3, 2, 2, 4, 4, 4, 3, 2, 2, 3, 2, 4, 3, 4, 1, 2, 4, 4, 2, 1, 3, 2]|[0, 2, 0, 0, 3, 0, 1, 3, 1, 0, 2, 0, 1, 0, 1, 0, 0, 0, 1, 0, 0, 2, 0, 0, 1, 0, 0, 3, 0, 1, 0, 2, 0, 0, 3, 0, 1, 1, 0, 0, 0, 0, 1, 3, 0, 0, 1, 0, 2, 0, 0, 0, 0, 0, 1, 0, 1, 0, 1, 1, 0, 2, 0, 0, 0, 0, 0, 0, 0, 2, 0, 0, 1, 0, 0, 1, 0, 0, 3, 0, 0, 1, 2, 2, 0, 0, 0, 3, 0, 1, 0, 1, 0, 0, 3, 1, 0, 0, 0, 0],910.6016522559228,48405.50430007148,106574.75635634674,true
59,G2_TEC,G2_TEC,[20, 94, 82, 15, 26, 9, 95, 42, 77, 68, 47, 5, 93, 78, 86, 54, 85, 63, 18, 44, 31, 49, 36, 14, 74, 50, 53, 17, 21, 28, 11, 64, 3, 23, 30, 83, 24, 41, 40, 52, 65, 27, 90, 70, 39, 87, 48, 69, 99, 4, 46, 1, 13, 56, 97, 59, 45, 8, 73, 37, 35, 79, 71, 66, 76, 16, 60, 80, 58, 6, 67, 61, 33, 7, 57, 34, 12, 32, 10, 38, 96, 88, 43, 81, 91, 2, 84, 29, 92, 19, 51, 89, 22, 75, 25, 72, 55, 98, 62, 0]|[2, 1, 2, 1, 1, 2, 1, 1, 1, 1, 1, 0, 2, 2, 1, 2, 0, 0, 0, 2, 2, 1, 0, 2, 0, 2, 2, 1, 0, 1, 1, 1, 0, 0, 1, 0, 2, 1, 2, 2, 0, 0, 1, 1, 0, 2, 0, 2, 1, 0, 0, 2, 0, 2, 2, 0, 1, 1, 0, 0, 2, 1, 1, 2, 2, 2, 2, 2, 2, 1, 2, 1, 1, 2, 0, 1, 1, 0, 1, 0, 0, 1, 1, 1, 1, 0, 0, 1, 0, 1, 1, 1, 2, 0, 1, 1, 0, 2, 1, 0]|[1, 3, 0, 3, 4, 1, 4, 4, 4, 4, 3, 2, 1, 0, 2, 1, 1, 1, 2, 1, 1, 3, 0, 1, 0, 1, 1, 4, 1, 4, 3, 2, 2, 0, 4, 1, 1, 4, 1, 1, 2, 1, 4, 4, 1, 1, 0, 1, 3, 2, 2, 1, 2, 1, 1, 2, 4, 3, 0, 2, 1, 3, 3, 1, 1, 1, 1, 1, 1, 4, 1, 3, 4, 1, 2, 4, 3, 2, 3, 2, 2, 4, 4, 4, 3, 2, 2, 3, 2, 4, 3, 4, 1, 2, 4, 4, 2, 1, 3, 2]|[0, 2, 0, 0, 3, 0, 1, 3, 1, 0, 2, 0, 1, 0, 1, 0, 0, 0, 1, 0, 0, 2, 0, 0, 1, 0, 0, 3, 0, 1, 0, 2, 0, 0, 3, 0, 1, 1, 0, 0, 0, 0, 1, 3, 0, 0, 1, 0, 2, 0, 0, 0, 0, 0, 1, 0, 1, 0, 1, 1, 0, 2, 0, 0, 0, 0, 0, 0, 0, 2, 0, 0, 1, 0, 0, 1, 0, 0, 3, 0, 0, 1, 2, 2, 0, 0, 0, 3, 0, 1, 0, 1, 0, 0, 3, 1, 0, 0, 0, 0],910.6016522559228,48405.50430007148,106574.75635634674,false
59,G3_TWC,G3_TWC,[31, 22, 42, 15, 26, 58, 95, 82, 77, 12, 47, 5, 93, 78, 98, 54, 85, 63, 18, 44, 20, 35, 43, 97, 91, 76, 10, 30, 21, 45, 71, 64, 1, 23, 17, 83, 24, 61, 60, 49, 6, 57, 94, 88, 65, 56, 79, 40, 67, 68, 46, 75, 0, 9, 19, 32, 81, 41, 27, 62, 87, 90, 99, 59, 53, 16, 72, 73, 70, 39, 37, 84, 3, 92, 25, 74, 28, 38, 51, 7, 11, 14, 86, 48, 89, 66, 50, 96, 33, 80, 8, 4, 34, 36, 55, 52, 13, 29, 69, 2]|[1, 1, 0, 1, 1, 1, 2, 1, 2, 1, 2, 2, 2, 1, 1, 0, 0, 1, 0, 2, 2, 0, 1, 2, 0, 1, 2, 2, 0, 0, 1, 2, 1, 0, 1, 0, 2, 0, 1, 1, 0, 1, 1, 1, 0, 2, 1, 1, 0, 0, 0, 0, 1, 1, 2, 1, 2, 0, 0, 0, 2, 1, 0, 1, 0, 1, 2, 1, 1, 1, 1, 1, 2, 0, 1, 2, 0, 0, 0, 1, 0, 1, 0, 0, 1, 0, 0, 0, 2, 0, 1, 0, 2, 0, 1, 1, 0, 0, 1, 0]|[4, 3, 2, 2, 0, 0, 2, 2, 2, 4, 1, 1, 2, 4, 4, 1, 1, 4, 2, 1, 1, 1, 1, 2, 1, 2, 1, 1, 1, 1, 3, 2, 3, 0, 4, 0, 1, 1, 0, 3, 2, 2, 4, 0, 1, 1, 3, 2, 0, 1, 2, 2, 1, 4, 0, 3, 2, 1, 1, 2, 1, 3, 1, 1, 2, 3, 0, 4, 3, 1, 4, 1, 1, 2, 4, 1, 2, 1, 1, 3, 2, 3, 1, 1, 1, 1, 1, 1, 1, 1, 3, 2, 1, 1, 4, 1, 2, 2, 3, 2]|[0, 2, 1, 1, 3, 3, 0, 1, 0, 0, 0, 0, 1, 0, 1, 0, 0, 3, 1, 0, 0, 0, 3, 1, 0, 2, 0, 0, 0, 1, 0, 0, 0, 0, 3, 0, 1, 0, 0, 2, 1, 1, 2, 0, 0, 0, 0, 1, 1, 0, 0, 0, 1, 3, 0, 0, 1, 0, 0, 1, 0, 2, 0, 1, 1, 2, 1, 0, 0, 1, 1, 3, 0, 1, 3, 0, 1, 0, 0, 2, 1, 0, 0, 0, 1, 0, 0, 0, 0, 0, 2, 1, 0, 1, 3, 1, 0, 0, 0, 0],843.7439659666079,57777.80974073964,86440.68470675517,false
59,G1_CMAX,G1_CMAX,[31, 22, 82, 15, 26, 99, 95, 42, 77, 12, 47, 5, 93, 78, 86, 54, 21, 63, 18, 44, 20, 35, 43, 97, 91, 76, 10, 30, 85, 45, 71, 64, 1, 23, 17, 83, 24, 14, 60, 36, 6, 57, 40, 88, 65, 56, 79, 94, 67, 68, 46, 75, 38, 9, 19, 32, 41, 81, 27, 87, 90, 58, 59, 11, 16, 72, 73, 70, 39, 37, 84, 3, 92, 25, 55, 48, 74, 29, 51, 7, 33, 61, 98, 28, 89, 50, 4, 96, 53, 80, 8, 66, 34, 49, 52, 0, 62, 69, 2, 13]|[1, 1, 0, 1, 1, 0, 1, 1, 2, 1, 2, 2, 2, 1, 1, 0, 0, 1, 0, 2, 2, 0, 1, 2, 0, 1, 2, 2, 0, 0, 1, 2, 1, 2, 1, 0, 2, 0, 1, 1, 0, 1, 1, 1, 0, 2, 1, 1, 0, 0, 0, 0, 1, 1, 2, 1, 0, 2, 0, 2, 1, 0, 1, 2, 1, 2, 1, 1, 1, 1, 1, 1, 0, 1, 2, 0, 2, 0, 0, 2, 2, 1, 2, 0, 1, 0, 1, 2, 0, 0, 1, 2, 2, 0, 1, 0, 1, 1, 0, 0]|[0, 3, 2, 2, 4, 1, 2, 3, 2, 4, 1, 1, 2, 4, 4, 1, 1, 4, 2, 1, 1, 1, 1, 2, 1, 2, 1, 1, 2, 1, 3, 2, 3, 1, 4, 0, 1, 1, 0, 3, 2, 2, 2, 0, 1, 1, 0, 4, 0, 1, 2, 2, 1, 4, 0, 3, 1, 1, 1, 1, 3, 1, 1, 1, 3, 0, 4, 3, 1, 4, 1, 1, 0, 4, 1, 1, 1, 1, 1, 1, 1, 3, 1, 2, 1, 1, 4, 1, 2, 1, 3, 1, 1, 1, 1, 2, 1, 4, 2, 2]|[0, 2, 1, 1, 3, 0, 1, 3, 0, 0, 0, 0, 1, 0, 1, 0, 0, 3, 1, 0, 0, 0, 3, 1, 0, 2, 0, 0, 0, 1, 0, 0, 0, 0, 3, 0, 1, 0, 0, 2, 1, 1, 1, 0, 0, 0, 0, 2, 1, 0, 0, 0, 1, 3, 0, 0, 0, 0, 0, 0, 2, 0, 1, 0, 2, 1, 0, 0, 1, 1, 3, 1, 1, 3, 0, 0, 0, 0, 0, 0, 0, 0, 0, 1, 1, 0, 0, 0, 1, 0, 2, 0, 0, 1, 1, 0, 1, 2, 0, 0],730.1276596856602,56815.01019440286,94351.50741240397,false
59,G4_BALANCED,G2_TEC,[31, 22, 82, 15, 26, 9, 95, 42, 77, 68, 47, 5, 93, 78, 86, 54, 85, 63, 18, 44, 20, 49, 36, 14, 74, 50, 53, 17, 21, 28, 11, 64, 3, 23, 30, 83, 24, 41, 40, 52, 65, 27, 90, 70, 39, 87, 48, 69, 99, 4, 75, 1, 13, 58, 97, 59, 45, 8, 73, 37, 35, 79, 71, 66, 76, 32, 60, 80, 56, 6, 67, 61, 33, 7, 57, 34, 12, 16, 10, 98, 96, 88, 43, 81, 91, 2, 84, 29, 92, 19, 51, 55, 89, 46, 72, 25, 38, 94, 62, 0]|[2, 1, 2, 1, 1, 2, 1, 1, 1, 1, 1, 0, 2, 2, 1, 2, 0, 0, 0, 2, 2, 1, 0, 2, 0, 2, 2, 1, 0, 1, 1, 1, 0, 0, 1, 0, 2, 1, 2, 2, 0, 0, 1, 1, 0, 2, 0, 2, 1, 0, 0, 2, 0, 2, 2, 0, 1, 1, 0, 0, 2, 1, 1, 2, 2, 0, 2, 2, 2, 1, 2, 1, 1, 2, 0, 1, 1, 2, 1, 2, 0, 1, 1, 1, 1, 0, 0, 1, 0, 1, 1, 0, 1, 1, 1, 0, 0, 2, 1, 0]|[0, 3, 0, 3, 4, 1, 4, 4, 2, 4, 3, 2, 1, 0, 2, 1, 1, 1, 2, 1, 1, 3, 0, 1, 0, 1, 1, 4, 1, 4, 3, 2, 2, 0, 4, 1, 1, 4, 1, 1, 2, 1, 4, 4, 1, 1, 0, 1, 3, 2, 2, 1, 2, 1, 1, 2, 4, 3, 0, 2, 2, 3, 3, 1, 1, 2, 1, 1, 1, 4, 1, 3, 4, 1, 2, 4, 3, 1, 3, 1, 2, 4, 4, 4, 3, 2, 2, 3, 2, 4, 3, 2, 4, 4, 4, 2, 2, 1, 3, 2]|[0, 2, 0, 0, 3, 0, 1, 3, 0, 0, 2, 0, 1, 0, 1, 0, 0, 0, 1, 0, 0, 2, 0, 0, 1, 0, 0, 3, 0, 1, 0, 2, 0, 0, 3, 0, 1, 1, 0, 0, 0, 0, 1, 3, 0, 0, 1, 0, 2, 0, 0, 0, 0, 0, 1, 0, 1, 0, 1, 1, 0, 2, 0, 0, 0, 0, 0, 0, 0, 2, 0, 0, 1, 0, 0, 1, 0, 0, 3, 0, 0, 1, 2, 2, 0, 0, 0, 3, 0, 1, 0, 0, 1, 3, 1, 0, 0, 0, 0, 0],893.4215184746204,49023.89261968166,105611.18535996179,true
59,G2_TEC,G2_TEC,[20, 94, 82, 15, 26, 9, 95, 42, 77, 68, 47, 5, 93, 78, 86, 54, 85, 63, 18, 44, 31, 49, 36, 14, 74, 50, 53, 17, 21, 28, 11, 64, 3, 23, 30, 83, 24, 41, 40, 52, 65, 27, 90, 70, 39, 87, 48, 69, 99, 4, 46, 1, 13, 56, 97, 59, 45, 8, 73, 37, 35, 79, 71, 66, 76, 16, 60, 80, 58, 6, 67, 61, 33, 7, 57, 34, 12, 32, 10, 38, 96, 88, 43, 81, 91, 2, 84, 29, 92, 19, 51, 89, 22, 75, 25, 72, 55, 98, 62, 0]|[2, 1, 2, 1, 1, 2, 1, 1, 1, 1, 1, 0, 2, 2, 1, 2, 0, 0, 0, 2, 2, 1, 0, 2, 0, 2, 2, 1, 0, 1, 1, 1, 0, 0, 1, 0, 2, 1, 2, 2, 0, 0, 1, 1, 0, 2, 0, 2, 1, 0, 0, 2, 0, 2, 2, 0, 1, 1, 0, 0, 2, 1, 1, 2, 2, 2, 2, 2, 2, 1, 2, 1, 1, 2, 0, 1, 1, 0, 1, 0, 0, 1, 1, 1, 1, 0, 0, 1, 0, 1, 1, 1, 2, 0, 1, 1, 0, 2, 1, 0]|[1, 3, 0, 3, 4, 1, 4, 4, 4, 4, 3, 2, 1, 0, 2, 1, 1, 1, 2, 1, 1, 3, 0, 1, 0, 1, 1, 4, 1, 4, 3, 2, 2, 0, 4, 1, 1, 4, 1, 1, 2, 1, 4, 4, 1, 1, 0, 1, 3, 2, 2, 1, 2, 1, 1, 2, 4, 3, 0, 2, 1, 3, 3, 1, 1, 1, 1, 1, 1, 4, 1, 3, 4, 1, 2, 4, 3, 2, 3, 2, 2, 4, 4, 4, 3, 2, 2, 3, 2, 4, 3, 4, 1, 2, 4, 4, 2, 1, 3, 2]|[0, 2, 0, 0, 3, 0, 1, 3, 1, 0, 2, 0, 1, 0, 1, 0, 0, 0, 1, 0, 0, 2, 0, 0, 1, 0, 0, 3, 0, 1, 0, 2, 0, 0, 3, 0, 1, 1, 0, 0, 0, 0, 1, 3, 0, 0, 1, 0, 2, 0, 0, 0, 0, 0, 1, 0, 1, 0, 1, 1, 0, 2, 0, 0, 0, 0, 0, 0, 0, 2, 0, 0, 1, 0, 0, 1, 0, 0, 3, 0, 0, 1, 2, 2, 0, 0, 0, 3, 0, 1, 0, 1, 0, 0, 3, 1, 0, 0, 0, 0],910.6016522559228,48405.50430007148,106574.75635634674,false
59,G3_TWC,G3_TWC,[31, 22, 42, 15, 26, 58, 95, 82, 77, 12, 47, 5, 93, 78, 98, 54, 85, 63, 18, 44, 20, 35, 43, 97, 91, 76, 10, 30, 21, 45, 71, 64, 1, 23, 17, 83, 24, 61, 60, 49, 6, 57, 94, 88, 65, 56, 79, 40, 67, 68, 46, 75, 0, 9, 19, 32, 81, 41, 27, 62, 87, 90, 99, 59, 53, 16, 72, 73, 70, 39, 37, 84, 3, 92, 25, 74, 28, 38, 51, 7, 11, 14, 86, 48, 89, 66, 50, 96, 33, 80, 8, 4, 34, 36, 55, 52, 13, 29, 69, 2]|[1, 1, 0, 1, 1, 1, 2, 1, 2, 1, 2, 2, 2, 1, 1, 0, 0, 1, 0, 2, 2, 0, 1, 2, 0, 1, 2, 2, 0, 0, 1, 2, 1, 0, 1, 0, 2, 0, 1, 1, 0, 1, 1, 1, 0, 2, 1, 1, 0, 0, 0, 0, 1, 1, 2, 1, 2, 0, 0, 0, 2, 1, 0, 1, 0, 1, 2, 1, 1, 1, 1, 1, 2, 0, 1, 2, 0, 0, 0, 1, 0, 1, 0, 0, 1, 0, 0, 0, 2, 0, 1, 0, 2, 0, 1, 1, 0, 0, 1, 0]|[4, 3, 2, 2, 0, 0, 2, 2, 2, 4, 1, 1, 2, 4, 4, 1, 1, 4, 2, 1, 1, 1, 1, 2, 1, 2, 1, 1, 1, 1, 3, 2, 3, 0, 4, 0, 1, 1, 0, 3, 2, 2, 4, 0, 1, 1, 3, 2, 0, 1, 2, 2, 1, 4, 0, 3, 2, 1, 1, 2, 1, 3, 1, 1, 2, 3, 0, 4, 3, 1, 4, 1, 1, 2, 4, 1, 2, 1, 1, 3, 2, 3, 1, 1, 1, 1, 1, 1, 1, 1, 3, 2, 1, 1, 4, 1, 2, 2, 3, 2]|[0, 2, 1, 1, 3, 3, 0, 1, 0, 0, 0, 0, 1, 0, 1, 0, 0, 3, 1, 0, 0, 0, 3, 1, 0, 2, 0, 0, 0, 1, 0, 0, 0, 0, 3, 0, 1, 0, 0, 2, 1, 1, 2, 0, 0, 0, 0, 1, 1, 0, 0, 0, 1, 3, 0, 0, 1, 0, 0, 1, 0, 2, 0, 1, 1, 2, 1, 0, 0, 1, 1, 3, 0, 1, 3, 0, 1, 0, 0, 2, 1, 0, 0, 0, 1, 0, 0, 0, 0, 0, 2, 1, 0, 1, 3, 1, 0, 0, 0, 0],843.7439659666079,57777.80974073964,86440.68470675517,false
59,G1_CMAX,G1_CMAX,[31, 22, 82, 15, 26, 99, 95, 42, 77, 12, 47, 5, 93, 78, 86, 54, 21, 63, 18, 44, 20, 35, 43, 97, 91, 76, 10, 30, 85, 45, 71, 64, 1, 23, 17, 83, 24, 14, 60, 36, 6, 57, 40, 88, 65, 56, 79, 94, 67, 68, 46, 75, 38, 9, 19, 32, 41, 81, 27, 87, 90, 58, 59, 11, 16, 72, 73, 70, 39, 37, 84, 3, 92, 25, 55, 48, 74, 29, 51, 7, 33, 61, 98, 28, 89, 50, 4, 96, 53, 80, 8, 66, 34, 49, 52, 0, 62, 69, 2, 13]|[1, 1, 0, 1, 1, 0, 1, 1, 2, 1, 2, 2, 2, 1, 1, 0, 0, 1, 0, 2, 2, 0, 1, 2, 0, 1, 2, 2, 0, 0, 1, 2, 1, 2, 1, 0, 2, 0, 1, 1, 0, 1, 1, 1, 0, 2, 1, 1, 0, 0, 0, 0, 1, 1, 2, 1, 0, 2, 0, 2, 1, 0, 1, 2, 1, 2, 1, 1, 1, 1, 1, 1, 0, 1, 2, 0, 2, 0, 0, 2, 2, 1, 2, 0, 1, 0, 1, 2, 0, 0, 1, 2, 2, 0, 1, 0, 1, 1, 0, 0]|[0, 3, 2, 2, 4, 1, 2, 3, 2, 4, 1, 1, 2, 4, 4, 1, 1, 4, 2, 1, 1, 1, 1, 2, 1, 2, 1, 1, 2, 1, 3, 2, 3, 1, 4, 0, 1, 1, 0, 3, 2, 2, 2, 0, 1, 1, 0, 4, 0, 1, 2, 2, 1, 4, 0, 3, 1, 1, 1, 1, 3, 1, 1, 1, 3, 0, 4, 3, 1, 4, 1, 1, 0, 4, 1, 1, 1, 1, 1, 1, 1, 3, 1, 2, 1, 1, 4, 1, 2, 1, 3, 1, 1, 1, 1, 2, 1, 4, 2, 2]|[0, 2, 1, 1, 3, 0, 1, 3, 0, 0, 0, 0, 1, 0, 1, 0, 0, 3, 1, 0, 0, 0, 3, 1, 0, 2, 0, 0, 0, 1, 0, 0, 0, 0, 3, 0, 1, 0, 0, 2, 1, 1, 1, 0, 0, 0, 0, 2, 1, 0, 0, 0, 1, 3, 0, 0, 0, 0, 0, 0, 2, 0, 1, 0, 2, 1, 0, 0, 1, 1, 3, 1, 1, 3, 0, 0, 0, 0, 0, 0, 0, 0, 0, 1, 1, 0, 0, 0, 1, 0, 2, 0, 0, 1, 1, 0, 1, 2, 0, 0],730.1276596856602,56815.01019440286,94351.50741240397,false
59,G4_BALANCED,G2_TEC,[20, 94, 82, 15, 26, 9, 95, 42, 77, 68, 47, 5, 93, 78, 86, 54, 85, 63, 18, 44, 31, 49, 65, 14, 74, 50, 53, 17, 21, 28, 11, 64, 3, 23, 30, 83, 24, 41, 40, 52, 36, 27, 90, 70, 39, 87, 48, 69, 99, 4, 46, 1, 13, 56, 97, 59, 45, 8, 73, 37, 35, 79, 71, 66, 76, 16, 60, 38, 58, 6, 67, 61, 33, 7, 57, 34, 12, 32, 10, 80, 96, 88, 43, 81, 91, 2, 84, 29, 92, 19, 51, 89, 98, 75, 25, 72, 55, 22, 62, 0]|[2, 1, 2, 1, 1, 2, 1, 1, 1, 1, 1, 0, 2, 2, 1, 2, 0, 0, 0, 2, 2, 1, 0, 2, 0, 2, 2, 1, 0, 1, 1, 1, 0, 0, 1, 0, 2, 1, 2, 2, 0, 0, 1, 1, 0, 2, 0, 2, 1, 0, 0, 2, 0, 2, 2, 0, 1, 1, 0, 0, 2, 1, 1, 2, 2, 0, 2, 0, 2, 1, 2, 1, 1, 2, 0, 1, 1, 0, 1, 2, 0, 1, 1, 1, 1, 0, 0, 1, 0, 1, 1, 1, 2, 2, 1, 1, 0, 2, 1, 0]|[1, 3, 0, 3, 4, 1, 4, 4, 4, 4, 3, 2, 1, 0, 2, 1, 1, 1, 2, 1, 1, 3, 2, 1, 0, 1, 1, 4, 1, 4, 3, 2, 2, 0, 4, 1, 1, 4, 1, 1, 2, 1, 4, 4, 1, 1, 0, 1, 3, 2, 2, 1, 2, 1, 1, 2, 4, 3, 0, 2, 1, 3, 3, 1, 1, 2, 1, 2, 1, 4, 1, 3, 4, 1, 2, 4, 3, 2, 3, 1, 2, 4, 4, 4, 3, 2, 2, 3, 2, 4, 3, 4, 1, 1, 4, 4, 2, 1, 3, 2]|[0, 2, 0, 0, 3, 0, 1, 3, 1, 0, 2, 0, 1, 0, 1, 0, 0, 0, 1, 0, 0, 2, 0, 0, 1, 0, 0, 3, 0, 1, 0, 2, 0, 0, 3, 0, 1, 1, 0, 0, 0, 0, 1, 3, 0, 0, 1, 0, 2, 0, 0, 0, 0, 0, 1, 0, 1, 0, 1, 1, 0, 2, 0, 0, 0, 0, 0, 0, 0, 2, 0, 0, 1, 0, 0, 1, 0, 0, 3, 0, 0, 1, 2, 2, 0, 0, 0, 3, 0, 1, 0, 1, 0, 0, 3, 1, 0, 0, 0, 0],917.2209702167319,48517.740921312914,105725.15388246633,true
59,G2_TEC,G2_TEC,[20, 94, 82, 15, 26, 9, 95, 42, 77, 68, 47, 5, 93, 78, 86, 54, 85, 63, 18, 44, 31, 49, 36, 14, 74, 50, 53, 17, 21, 28, 11, 64, 3, 23, 30, 83, 24, 41, 40, 52, 65, 27, 90, 70, 39, 87, 48, 69, 99, 4, 46, 1, 13, 56, 97, 59, 45, 8, 73, 37, 35, 79, 71, 66, 76, 16, 60, 80, 58, 6, 67, 61, 33, 7, 57, 34, 12, 32, 10, 38, 96, 88, 43, 81, 91, 2, 84, 29, 92, 19, 51, 89, 22, 75, 25, 72, 55, 98, 62, 0]|[2, 1, 2, 1, 1, 2, 1, 1, 1, 1, 1, 0, 2, 2, 1, 2, 0, 0, 0, 2, 2, 1, 0, 2, 0, 2, 2, 1, 0, 1, 1, 1, 0, 0, 1, 0, 2, 1, 2, 2, 0, 0, 1, 1, 0, 2, 0, 2, 1, 0, 0, 2, 0, 2, 2, 0, 1, 1, 0, 0, 2, 1, 1, 2, 2, 2, 2, 2, 2, 1, 2, 1, 1, 2, 0, 1, 1, 0, 1, 0, 0, 1, 1, 1, 1, 0, 0, 1, 0, 1, 1, 1, 2, 0, 1, 1, 0, 2, 1, 0]|[1, 3, 0, 3, 4, 1, 4, 4, 4, 4, 3, 2, 1, 0, 2, 1, 1, 1, 2, 1, 1, 3, 0, 1, 0, 1, 1, 4, 1, 4, 3, 2, 2, 0, 4, 1, 1, 4, 1, 1, 2, 1, 4, 4, 1, 1, 0, 1, 3, 2, 2, 1, 2, 1, 1, 2, 4, 3, 0, 2, 1, 3, 3, 1, 1, 1, 1, 1, 1, 4, 1, 3, 4, 1, 2, 4, 3, 2, 3, 2, 2, 4, 4, 4, 3, 2, 2, 3, 2, 4, 3, 4, 1, 2, 4, 4, 2, 1, 3, 2]|[0, 2, 0, 0, 3, 0, 1, 3, 1, 0, 2, 0, 1, 0, 1, 0, 0, 0, 1, 0, 0, 2, 0, 0, 1, 0, 0, 3, 0, 1, 0, 2, 0, 0, 3, 0, 1, 1, 0, 0, 0, 0, 1, 3, 0, 0, 1, 0, 2, 0, 0, 0, 0, 0, 1, 0, 1, 0, 1, 1, 0, 2, 0, 0, 0, 0, 0, 0, 0, 2, 0, 0, 1, 0, 0, 1, 0, 0, 3, 0, 0, 1, 2, 2, 0, 0, 0, 3, 0, 1, 0, 1, 0, 0, 3, 1, 0, 0, 0, 0],910.6016522559228,48405.50430007148,106574.75635634674,false
59,G3_TWC,G3_TWC,[31, 22, 42, 15, 26, 58, 95, 82, 77, 12, 47, 5, 93, 78, 98, 54, 85, 63, 18, 44, 20, 35, 43, 97, 91, 76, 10, 30, 21, 45, 71, 64, 1, 23, 17, 83, 24, 61, 60, 49, 6, 57, 94, 88, 65, 56, 79, 40, 67, 68, 46, 75, 0, 9, 19, 32, 81, 41, 27, 62, 87, 90, 99, 59, 53, 16, 72, 73, 70, 39, 37, 84, 3, 92, 25, 74, 28, 38, 51, 7, 11, 14, 86, 48, 89, 66, 50, 96, 33, 80, 8, 4, 34, 36, 55, 52, 13, 29, 69, 2]|[1, 1, 0, 1, 1, 1, 2, 1, 2, 1, 2, 2, 2, 1, 1, 0, 0, 1, 0, 2, 2, 0, 1, 2, 0, 1, 2, 2, 0, 0, 1, 2, 1, 0, 1, 0, 2, 0, 1, 1, 0, 1, 1, 1, 0, 2, 1, 1, 0, 0, 0, 0, 1, 1, 2, 1, 2, 0, 0, 0, 2, 1, 0, 1, 0, 1, 2, 1, 1, 1, 1, 1, 2, 0, 1, 2, 0, 0, 0, 1, 0, 1, 0, 0, 1, 0, 0, 0, 2, 0, 1, 0, 2, 0, 1, 1, 0, 0, 1, 0]|[4, 3, 2, 2, 0, 0, 2, 2, 2, 4, 1, 1, 2, 4, 4, 1, 1, 4, 2, 1, 1, 1, 1, 2, 1, 2, 1, 1, 1, 1, 3, 2, 3, 0, 4, 0, 1, 1, 0, 3, 2, 2, 4, 0, 1, 1, 3, 2, 0, 1, 2, 2, 1, 4, 0, 3, 2, 1, 1, 2, 1, 3, 1, 1, 2, 3, 0, 4, 3, 1, 4, 1, 1, 2, 4, 1, 2, 1, 1, 3, 2, 3, 1, 1, 1, 1, 1, 1, 1, 1, 3, 2, 1, 1, 4, 1, 2, 2, 3, 2]|[0, 2, 1, 1, 3, 3, 0, 1, 0, 0, 0, 0, 1, 0, 1, 0, 0, 3, 1, 0, 0, 0, 3, 1, 0, 2, 0, 0, 0, 1, 0, 0, 0, 0, 3, 0, 1, 0, 0, 2, 1, 1, 2, 0, 0, 0, 0, 1, 1, 0, 0, 0, 1, 3, 0, 0, 1, 0, 0, 1, 0, 2, 0, 1, 1, 2, 1, 0, 0, 1, 1, 3, 0, 1, 3, 0, 1, 0, 0, 2, 1, 0, 0, 0, 1, 0, 0, 0, 0, 0, 2, 1, 0, 1, 3, 1, 0, 0, 0, 0],843.7439659666079,57777.80974073964,86440.68470675517,false
59,G1_CMAX,G1_CMAX,[31, 22, 82, 15, 26, 99, 95, 42, 77, 12, 47, 5, 93, 78, 86, 54, 21, 63, 18, 44, 20, 35, 43, 97, 91, 76, 10, 30, 85, 45, 71, 64, 1, 23, 17, 83, 24, 14, 60, 36, 6, 57, 40, 88, 65, 56, 79, 94, 67, 68, 46, 75, 38, 9, 19, 32, 41, 81, 27, 87, 90, 58, 59, 11, 16, 72, 73, 70, 39, 37, 84, 3, 92, 25, 55, 48, 74, 29, 51, 7, 33, 61, 98, 28, 89, 50, 4, 96, 53, 80, 8, 66, 34, 49, 52, 0, 62, 69, 2, 13]|[1, 1, 0, 1, 1, 0, 1, 1, 2, 1, 2, 2, 2, 1, 1, 0, 0, 1, 0, 2, 2, 0, 1, 2, 0, 1, 2, 2, 0, 0, 1, 2, 1, 2, 1, 0, 2, 0, 1, 1, 0, 1, 1, 1, 0, 2, 1, 1, 0, 0, 0, 0, 1, 1, 2, 1, 0, 2, 0, 2, 1, 0, 1, 2, 1, 2, 1, 1, 1, 1, 1, 1, 0, 1, 2, 0, 2, 0, 0, 2, 2, 1, 2, 0, 1, 0, 1, 2, 0, 0, 1, 2, 2, 0, 1, 0, 1, 1, 0, 0]|[0, 3, 2, 2, 4, 1, 2, 3, 2, 4, 1, 1, 2, 4, 4, 1, 1, 4, 2, 1, 1, 1, 1, 2, 1, 2, 1, 1, 2, 1, 3, 2, 3, 1, 4, 0, 1, 1, 0, 3, 2, 2, 2, 0, 1, 1, 0, 4, 0, 1, 2, 2, 1, 4, 0, 3, 1, 1, 1, 1, 3, 1, 1, 1, 3, 0, 4, 3, 1, 4, 1, 1, 0, 4, 1, 1, 1, 1, 1, 1, 1, 3, 1, 2, 1, 1, 4, 1, 2, 1, 3, 1, 1, 1, 1, 2, 1, 4, 2, 2]|[0, 2, 1, 1, 3, 0, 1, 3, 0, 0, 0, 0, 1, 0, 1, 0, 0, 3, 1, 0, 0, 0, 3, 1, 0, 2, 0, 0, 0, 1, 0, 0, 0, 0, 3, 0, 1, 0, 0, 2, 1, 1, 1, 0, 0, 0, 0, 2, 1, 0, 0, 0, 1, 3, 0, 0, 0, 0, 0, 0, 2, 0, 1, 0, 2, 1, 0, 0, 1, 1, 3, 1, 1, 3, 0, 0, 0, 0, 0, 0, 0, 0, 0, 1, 1, 0, 0, 0, 1, 0, 2, 0, 0, 1, 1, 0, 1, 2, 0, 0],730.1276596856602,56815.01019440286,94351.50741240397,false
59,G4_BALANCED,G4_BALANCED,[31, 22, 82, 15, 26, 58, 95, 42, 77, 12, 47, 5, 93, 78, 86, 54, 85, 63, 18, 72, 20, 35, 43, 97, 91, 76, 10, 30, 21, 45, 71, 64, 1, 23, 17, 83, 24, 14, 60, 36, 6, 57, 40, 88, 65, 56, 79, 94, 67, 41, 68, 75, 38, 9, 19, 32, 81, 46, 27, 62, 87, 90, 99, 59, 11, 16, 44, 73, 70, 39, 37, 84, 3, 92, 25, 55, 28, 29, 51, 7, 66, 61, 98, 48, 89, 50, 4, 96, 53, 80, 8, 33, 34, 2, 52, 13, 0, 69, 74, 49]|[1, 1, 0, 1, 1, 0, 1, 1, 2, 1, 2, 2, 2, 1, 1, 0, 0, 1, 0, 2, 2, 0, 0, 2, 0, 1, 2, 2, 0, 0, 1, 2, 1, 2, 1, 0, 2, 0, 1, 1, 0, 1, 1, 1, 0, 2, 1, 1, 0, 0, 0, 0, 1, 1, 2, 1, 2, 0, 0, 2, 2, 1, 1, 2, 2, 1, 2, 1, 1, 1, 1, 1, 1, 0, 1, 2, 0, 0, 0, 1, 2, 1, 2, 0, 1, 0, 1, 2, 0, 0, 1, 2, 2, 0, 1, 0, 0, 1, 2, 0]|[4, 3, 2, 2, 4, 1, 2, 3, 2, 4, 1, 1, 2, 4, 4, 1, 2, 4, 2, 1, 1, 1, 1, 2, 1, 2, 1, 1, 2, 1, 3, 2, 3, 1, 4, 0, 1, 1, 0, 3, 2, 2, 2, 0, 1, 1, 0, 4, 0, 1, 2, 2, 1, 4, 0, 3, 2, 1, 1, 1, 1, 3, 1, 1, 1, 3, 1, 4, 3, 1, 4, 1, 1, 0, 4, 1, 2, 1, 1, 1, 1, 3, 1, 1, 1, 1, 4, 1, 2, 1, 3, 1, 1, 2, 1, 2, 2, 4, 1, 1]|[0, 2, 1, 1, 3, 0, 1, 3, 0, 0, 0, 0, 1, 0, 1, 0, 0, 3, 1, 0, 0, 0, 0, 1, 0, 2, 0, 0, 0, 1, 0, 0, 0, 0, 3, 0, 1, 0, 0, 2, 1, 1, 1, 0, 0, 0, 0, 2, 1, 0, 0, 0, 1, 3, 0, 0, 1, 0, 0, 0, 0, 2, 1, 0, 0, 2, 0, 0, 0, 1, 1, 3, 1, 1, 3, 0, 1, 0, 0, 2, 0, 0, 0, 0, 1, 0, 0, 0, 1, 0, 2, 0, 0, 0, 1, 0, 0, 2, 0, 1],768.4240206329376,55583.744981747914,94915.74988971672,false
59,G2_TEC,G2_TEC,[20, 94, 82, 15, 26, 9, 95, 42, 77, 68, 47, 5, 93, 78, 86, 54, 85, 63, 18, 44, 31, 49, 36, 14, 74, 50, 53, 17, 21, 28, 11, 64, 3, 23, 30, 83, 24, 41, 40, 52, 65, 27, 90, 70, 39, 87, 48, 69, 99, 4, 46, 1, 13, 56, 97, 59, 45, 8, 73, 37, 35, 79, 71, 66, 76, 16, 60, 80, 58, 6, 67, 61, 33, 7, 57, 34, 12, 32, 10, 38, 96, 88, 43, 81, 91, 2, 84, 29, 92, 19, 51, 89, 22, 75, 25, 72, 55, 98, 62, 0]|[2, 1, 2, 1, 1, 2, 1, 1, 1, 1, 1, 0, 2, 2, 1, 2, 0, 0, 0, 2, 2, 1, 0, 2, 0, 2, 2, 1, 0, 1, 1, 1, 0, 0, 1, 0, 2, 1, 2, 2, 0, 0, 1, 1, 0, 2, 0, 2, 1, 0, 0, 2, 0, 2, 2, 0, 1, 1, 0, 0, 2, 1, 1, 2, 2, 2, 2, 2, 2, 1, 2, 1, 1, 2, 0, 1, 1, 0, 1, 0, 0, 1, 1, 1, 1, 0, 0, 1, 0, 1, 1, 1, 2, 0, 1, 1, 0, 2, 1, 0]|[1, 3, 0, 3, 4, 1, 4, 4, 4, 4, 3, 2, 1, 0, 2, 1, 1, 1, 2, 1, 1, 3, 0, 1, 0, 1, 1, 4, 1, 4, 3, 2, 2, 0, 4, 1, 1, 4, 1, 1, 2, 1, 4, 4, 1, 1, 0, 1, 3, 2, 2, 1, 2, 1, 1, 2, 4, 3, 0, 2, 1, 3, 3, 1, 1, 1, 1, 1, 1, 4, 1, 3, 4, 1, 2, 4, 3, 2, 3, 2, 2, 4, 4, 4, 3, 2, 2, 3, 2, 4, 3, 4, 1, 2, 4, 4, 2, 1, 3, 2]|[0, 2, 0, 0, 3, 0, 1, 3, 1, 0, 2, 0, 1, 0, 1, 0, 0, 0, 1, 0, 0, 2, 0, 0, 1, 0, 0, 3, 0, 1, 0, 2, 0, 0, 3, 0, 1, 1, 0, 0, 0, 0, 1, 3, 0, 0, 1, 0, 2, 0, 0, 0, 0, 0, 1, 0, 1, 0, 1, 1, 0, 2, 0, 0, 0, 0, 0, 0, 0, 2, 0, 0, 1, 0, 0, 1, 0, 0, 3, 0, 0, 1, 2, 2, 0, 0, 0, 3, 0, 1, 0, 1, 0, 0, 3, 1, 0, 0, 0, 0],910.6016522559228,48405.50430007148,106574.75635634674,false
59,G3_TWC,G3_TWC,[31, 22, 42, 15, 26, 58, 95, 82, 77, 12, 47, 5, 93, 78, 98, 54, 85, 63, 18, 44, 20, 35, 43, 97, 91, 76, 10, 30, 21, 45, 71, 64, 1, 23, 17, 83, 24, 61, 60, 49, 6, 57, 94, 88, 65, 56, 79, 40, 67, 68, 46, 75, 0, 9, 19, 32, 81, 41, 27, 62, 87, 90, 99, 59, 53, 16, 72, 73, 70, 39, 37, 84, 3, 92, 25, 74, 28, 38, 51, 7, 11, 14, 86, 48, 89, 66, 50, 96, 33, 80, 8, 4, 34, 36, 55, 52, 13, 29, 69, 2]|[1, 1, 0, 1, 1, 1, 2, 1, 2, 1, 2, 2, 2, 1, 1, 0, 0, 1, 0, 2, 2, 0, 1, 2, 0, 1, 2, 2, 0, 0, 1, 2, 1, 0, 1, 0, 2, 0, 1, 1, 0, 1, 1, 1, 0, 2, 1, 1, 0, 0, 0, 0, 1, 1, 2, 1, 2, 0, 0, 0, 2, 1, 0, 1, 0, 1, 2, 1, 1, 1, 1, 1, 2, 0, 1, 2, 0, 0, 0, 1, 0, 1, 0, 0, 1, 0, 0, 0, 2, 0, 1, 0, 2, 0, 1, 1, 0, 0, 1, 0]|[4, 3, 2, 2, 0, 0, 2, 2, 2, 4, 1, 1, 2, 4, 4, 1, 1, 4, 2, 1, 1, 1, 1, 2, 1, 2, 1, 1, 1, 1, 3, 2, 3, 0, 4, 0, 1, 1, 0, 3, 2, 2, 4, 0, 1, 1, 3, 2, 0, 1, 2, 2, 1, 4, 0, 3, 2, 1, 1, 2, 1, 3, 1, 1, 2, 3, 0, 4, 3, 1, 4, 1, 1, 2, 4, 1, 2, 1, 1, 3, 2, 3, 1, 1, 1, 1, 1, 1, 1, 1, 3, 2, 1, 1, 4, 1, 2, 2, 3, 2]|[0, 2, 1, 1, 3, 3, 0, 1, 0, 0, 0, 0, 1, 0, 1, 0, 0, 3, 1, 0, 0, 0, 3, 1, 0, 2, 0, 0, 0, 1, 0, 0, 0, 0, 3, 0, 1, 0, 0, 2, 1, 1, 2, 0, 0, 0, 0, 1, 1, 0, 0, 0, 1, 3, 0, 0, 1, 0, 0, 1, 0, 2, 0, 1, 1, 2, 1, 0, 0, 1, 1, 3, 0, 1, 3, 0, 1, 0, 0, 2, 1, 0, 0, 0, 1, 0, 0, 0, 0, 0, 2, 1, 0, 1, 3, 1, 0, 0, 0, 0],843.7439659666079,57777.80974073964,86440.68470675517,false
59,G1_CMAX,G1_CMAX,[31, 22, 82, 15, 26, 99, 95, 42, 77, 12, 47, 5, 93, 78, 86, 54, 21, 63, 18, 44, 20, 35, 43, 97, 91, 76, 10, 30, 85, 45, 71, 64, 1, 23, 17, 83, 24, 14, 60, 36, 6, 57, 40, 88, 65, 56, 79, 94, 67, 68, 46, 75, 38, 9, 19, 32, 41, 81, 27, 87, 90, 58, 59, 11, 16, 72, 73, 70, 39, 37, 84, 3, 92, 25, 55, 48, 74, 29, 51, 7, 33, 61, 98, 28, 89, 50, 4, 96, 53, 80, 8, 66, 34, 49, 52, 0, 62, 69, 2, 13]|[1, 1, 0, 1, 1, 0, 1, 1, 2, 1, 2, 2, 2, 1, 1, 0, 0, 1, 0, 2, 2, 0, 1, 2, 0, 1, 2, 2, 0, 0, 1, 2, 1, 2, 1, 0, 2, 0, 1, 1, 0, 1, 1, 1, 0, 2, 1, 1, 0, 0, 0, 0, 1, 1, 2, 1, 0, 2, 0, 2, 1, 0, 1, 2, 1, 2, 1, 1, 1, 1, 1, 1, 0, 1, 2, 0, 2, 0, 0, 2, 2, 1, 2, 0, 1, 0, 1, 2, 0, 0, 1, 2, 2, 0, 1, 0, 1, 1, 0, 0]|[0, 3, 2, 2, 4, 1, 2, 3, 2, 4, 1, 1, 2, 4, 4, 1, 1, 4, 2, 1, 1, 1, 1, 2, 1, 2, 1, 1, 2, 1, 3, 2, 3, 1, 4, 0, 1, 1, 0, 3, 2, 2, 2, 0, 1, 1, 0, 4, 0, 1, 2, 2, 1, 4, 0, 3, 1, 1, 1, 1, 3, 1, 1, 1, 3, 0, 4, 3, 1, 4, 1, 1, 0, 4, 1, 1, 1, 1, 1, 1, 1, 3, 1, 2, 1, 1, 4, 1, 2, 1, 3, 1, 1, 1, 1, 2, 1, 4, 2, 2]|[0, 2, 1, 1, 3, 0, 1, 3, 0, 0, 0, 0, 1, 0, 1, 0, 0, 3, 1, 0, 0, 0, 3, 1, 0, 2, 0, 0, 0, 1, 0, 0, 0, 0, 3, 0, 1, 0, 0, 2, 1, 1, 1, 0, 0, 0, 0, 2, 1, 0, 0, 0, 1, 3, 0, 0, 0, 0, 0, 0, 2, 0, 1, 0, 2, 1, 0, 0, 1, 1, 3, 1, 1, 3, 0, 0, 0, 0, 0, 0, 0, 0, 0, 1, 1, 0, 0, 0, 1, 0, 2, 0, 0, 1, 1, 0, 1, 2, 0, 0],730.1276596856602,56815.01019440286,94351.50741240397,false
59,G4_BALANCED,G1_CMAX,[31, 22, 42, 15, 26, 24, 95, 82, 77, 12, 47, 5, 93, 78, 98, 54, 63, 18, 44, 20, 43, 97, 91, 76, 10, 30, 21, 45, 71, 64, 1, 23, 17, 83, 58, 61, 60, 36, 6, 57, 94, 88, 65, 56, 79, 40, 67, 68, 46, 75, 38, 9, 19, 32, 81, 41, 27, 35, 62, 85, 87, 90, 99, 59, 11, 16, 72, 73, 70, 39, 37, 84, 3, 92, 25, 74, 28, 29, 51, 7, 53, 14, 86, 66, 89, 50, 48, 96, 33, 80, 4, 8, 55, 49, 0, 52, 13, 2, 69, 34]|[1, 1, 2, 1, 1, 1, 2, 1, 2, 1, 2, 2, 2, 1, 1, 0, 1, 0, 2, 2, 1, 2, 0, 1, 2, 2, 0, 0, 1, 2, 1, 2, 1, 0, 2, 0, 1, 1, 0, 1, 1, 1, 0, 2, 1, 1, 0, 0, 0, 0, 1, 1, 2, 1, 2, 0, 0, 0, 0, 0, 2, 1, 0, 1, 2, 1, 2, 1, 1, 1, 1, 1, 2, 0, 1, 2, 0, 0, 0, 1, 0, 1, 1, 0, 1, 0, 0, 2, 2, 0, 1, 1, 2, 0, 0, 1, 0, 0, 1, 2]|[4, 3, 1, 2, 0, 0, 2, 2, 2, 4, 1, 1, 2, 4, 4, 1, 4, 2, 1, 1, 1, 2, 1, 2, 1, 1, 1, 1, 3, 2, 3, 0, 4, 0, 1, 1, 0, 3, 2, 2, 4, 0, 1, 1, 0, 2, 0, 1, 2, 2, 1, 4, 0, 3, 2, 1, 1, 1, 2, 1, 1, 3, 1, 1, 1, 3, 0, 4, 3, 1, 4, 1, 1, 2, 4, 1, 2, 1, 1, 3, 2, 3, 4, 1, 1, 1, 1, 1, 1, 1, 4, 3, 1, 1, 2, 1, 2, 2, 4, 1]|[0, 2, 1, 1, 3, 3, 0, 1, 0, 0, 0, 0, 1, 0, 1, 0, 3, 1, 0, 0, 3, 1, 0, 2, 0, 0, 0, 1, 0, 0, 0, 0, 3, 0, 1, 0, 0, 2, 1, 1, 2, 0, 0, 0, 0, 1, 1, 0, 0, 0, 1, 3, 0, 0, 1, 0, 0, 0, 1, 0, 0, 2, 0, 1, 0, 2, 1, 0, 0, 1, 1, 3, 0, 1, 3, 0, 1, 0, 0, 2, 1, 0, 1, 0, 1, 0, 0, 0, 0, 0, 0, 2, 0, 1, 0, 1, 0, 0, 2, 0],725.378901546286,57621.85216148156,92116.76426698791,true
59,G2_TEC,G2_TEC,[20, 94, 82, 15, 26, 9, 95, 42, 77, 68, 47, 5, 93, 78, 86, 54, 85, 63, 18, 44, 31, 49, 36, 14, 74, 50, 53, 17, 21, 28, 11, 64, 3, 23, 30, 83, 24, 41, 40, 52, 65, 27, 90, 70, 39, 87, 48, 69, 99, 4, 46, 1, 13, 56, 97, 59, 45, 8, 73, 37, 35, 79, 71, 66, 76, 16, 60, 80, 58, 6, 67, 61, 33, 7, 57, 34, 12, 32, 10, 38, 96, 88, 43, 81, 91, 2, 84, 29, 92, 19, 51, 89, 22, 75, 25, 72, 55, 98, 62, 0]|[2, 1, 2, 1, 1, 2, 1, 1, 1, 1, 1, 0, 2, 2, 1, 2, 0, 0, 0, 2, 2, 1, 0, 2, 0, 2, 2, 1, 0, 1, 1, 1, 0, 0, 1, 0, 2, 1, 2, 2, 0, 0, 1, 1, 0, 2, 0, 2, 1, 0, 0, 2, 0, 2, 2, 0, 1, 1, 0, 0, 2, 1, 1, 2, 2, 2, 2, 2, 2, 1, 2, 1, 1, 2, 0, 1, 1, 0, 1, 0, 0, 1, 1, 1, 1, 0, 0, 1, 0, 1, 1, 1, 2, 0, 1, 1, 0, 2, 1, 0]|[1, 3, 0, 3, 4, 1, 4, 4, 4, 4, 3, 2, 1, 0, 2, 1, 1, 1, 2, 1, 1, 3, 0, 1, 0, 1, 1, 4, 1, 4, 3, 2, 2, 0, 4, 1, 1, 4, 1, 1, 2, 1, 4, 4, 1, 1, 0, 1, 3, 2, 2, 1, 2, 1, 1, 2, 4, 3, 0, 2, 1, 3, 3, 1, 1, 1, 1, 1, 1, 4, 1, 3, 4, 1, 2, 4, 3, 2, 3, 2, 2, 4, 4, 4, 3, 2, 2, 3, 2, 4, 3, 4, 1, 2, 4, 4, 2, 1, 3, 2]|[0, 2, 0, 0, 3, 0, 1, 3, 1, 0, 2, 0, 1, 0, 1, 0, 0, 0, 1, 0, 0, 2, 0, 0, 1, 0, 0, 3, 0, 1, 0, 2, 0, 0, 3, 0, 1, 1, 0, 0, 0, 0, 1, 3, 0, 0, 1, 0, 2, 0, 0, 0, 0, 0, 1, 0, 1, 0, 1, 1, 0, 2, 0, 0, 0, 0, 0, 0, 0, 2, 0, 0, 1, 0, 0, 1, 0, 0, 3, 0, 0, 1, 2, 2, 0, 0, 0, 3, 0, 1, 0, 1, 0, 0, 3, 1, 0, 0, 0, 0],910.6016522559228,48405.50430007148,106574.75635634674,false
59,G3_TWC,G3_TWC,[31, 22, 42, 15, 26, 58, 95, 82, 77, 12, 47, 5, 93, 78, 98, 54, 85, 63, 18, 44, 20, 35, 43, 97, 91, 76, 10, 30, 21, 45, 71, 64, 1, 23, 17, 83, 24, 61, 60, 49, 6, 57, 94, 88, 65, 56, 79, 40, 67, 68, 46, 75, 0, 9, 19, 32, 81, 41, 27, 62, 87, 90, 99, 59, 53, 16, 72, 73, 70, 39, 37, 84, 3, 92, 25, 74, 28, 38, 51, 7, 11, 14, 86, 48, 89, 66, 50, 96, 33, 80, 8, 4, 34, 36, 55, 52, 13, 29, 69, 2]|[1, 1, 0, 1, 1, 1, 2, 1, 2, 1, 2, 2, 2, 1, 1, 0, 0, 1, 0, 2, 2, 0, 1, 2, 0, 1, 2, 2, 0, 0, 1, 2, 1, 0, 1, 0, 2, 0, 1, 1, 0, 1, 1, 1, 0, 2, 1, 1, 0, 0, 0, 0, 1, 1, 2, 1, 2, 0, 0, 0, 2, 1, 0, 1, 0, 1, 2, 1, 1, 1, 1, 1, 2, 0, 1, 2, 0, 0, 0, 1, 0, 1, 0, 0, 1, 0, 0, 0, 2, 0, 1, 0, 2, 0, 1, 1, 0, 0, 1, 0]|[4, 3, 2, 2, 0, 0, 2, 2, 2, 4, 1, 1, 2, 4, 4, 1, 1, 4, 2, 1, 1, 1, 1, 2, 1, 2, 1, 1, 1, 1, 3, 2, 3, 0, 4, 0, 1, 1, 0, 3, 2, 2, 4, 0, 1, 1, 3, 2, 0, 1, 2, 2, 1, 4, 0, 3, 2, 1, 1, 2, 1, 3, 1, 1, 2, 3, 0, 4, 3, 1, 4, 1, 1, 2, 4, 1, 2, 1, 1, 3, 2, 3, 1, 1, 1, 1, 1, 1, 1, 1, 3, 2, 1, 1, 4, 1, 2, 2, 3, 2]|[0, 2, 1, 1, 3, 3, 0, 1, 0, 0, 0, 0, 1, 0, 1, 0, 0, 3, 1, 0, 0, 0, 3, 1, 0, 2, 0, 0, 0, 1, 0, 0, 0, 0, 3, 0, 1, 0, 0, 2, 1, 1, 2, 0, 0, 0, 0, 1, 1, 0, 0, 0, 1, 3, 0, 0, 1, 0, 0, 1, 0, 2, 0, 1, 1, 2, 1, 0, 0, 1, 1, 3, 0, 1, 3, 0, 1, 0, 0, 2, 1, 0, 0, 0, 1, 0, 0, 0, 0, 0, 2, 1, 0, 1, 3, 1, 0, 0, 0, 0],843.7439659666079,57777.80974073964,86440.68470675517,false
59,G1_CMAX,G1_CMAX,[31, 22, 82, 15, 26, 99, 95, 42, 77, 12, 47, 5, 93, 78, 86, 54, 21, 63, 18, 44, 20, 35, 43, 97, 91, 76, 10, 30, 85, 45, 71, 64, 1, 23, 17, 83, 24, 14, 60, 36, 6, 57, 40, 88, 65, 56, 79, 94, 67, 68, 46, 75, 38, 9, 19, 32, 41, 81, 27, 87, 90, 58, 59, 11, 16, 72, 73, 70, 39, 37, 84, 3, 92, 25, 55, 48, 74, 29, 51, 7, 33, 61, 98, 28, 89, 50, 4, 96, 53, 80, 8, 66, 34, 49, 52, 0, 62, 69, 2, 13]|[1, 1, 0, 1, 1, 0, 1, 1, 2, 1, 2, 2, 2, 1, 1, 0, 0, 1, 0, 2, 2, 0, 1, 2, 0, 1, 2, 2, 0, 0, 1, 2, 1, 2, 1, 0, 2, 0, 1, 1, 0, 1, 1, 1, 0, 2, 1, 1, 0, 0, 0, 0, 1, 1, 2, 1, 0, 2, 0, 2, 1, 0, 1, 2, 1, 2, 1, 1, 1, 1, 1, 1, 0, 1, 2, 0, 2, 0, 0, 2, 2, 1, 2, 0, 1, 0, 1, 2, 0, 0, 1, 2, 2, 0, 1, 0, 1, 1, 0, 0]|[0, 3, 2, 2, 4, 1, 2, 3, 2, 4, 1, 1, 2, 4, 4, 1, 1, 4, 2, 1, 1, 1, 1, 2, 1, 2, 1, 1, 2, 1, 3, 2, 3, 1, 4, 0, 1, 1, 0, 3, 2, 2, 2, 0, 1, 1, 0, 4, 0, 1, 2, 2, 1, 4, 0, 3, 1, 1, 1, 1, 3, 1, 1, 1, 3, 0, 4, 3, 1, 4, 1, 1, 0, 4, 1, 1, 1, 1, 1, 1, 1, 3, 1, 2, 1, 1, 4, 1, 2, 1, 3, 1, 1, 1, 1, 2, 1, 4, 2, 2]|[0, 2, 1, 1, 3, 0, 1, 3, 0, 0, 0, 0, 1, 0, 1, 0, 0, 3, 1, 0, 0, 0, 3, 1, 0, 2, 0, 0, 0, 1, 0, 0, 0, 0, 3, 0, 1, 0, 0, 2, 1, 1, 1, 0, 0, 0, 0, 2, 1, 0, 0, 0, 1, 3, 0, 0, 0, 0, 0, 0, 2, 0, 1, 0, 2, 1, 0, 0, 1, 1, 3, 1, 1, 3, 0, 0, 0, 0, 0, 0, 0, 0, 0, 1, 1, 0, 0, 0, 1, 0, 2, 0, 0, 1, 1, 0, 1, 2, 0, 0],730.1276596856602,56815.01019440286,94351.50741240397,false
59,G4_BALANCED,G2_TEC,[20, 94, 82, 15, 26, 9, 95, 42, 77, 68, 47, 5, 93, 78, 86, 54, 85, 63, 18, 44, 31, 49, 36, 14, 74, 50, 53, 17, 21, 28, 11, 64, 3, 23, 30, 83, 24, 41, 40, 52, 65, 27, 90, 70, 39, 87, 48, 69, 99, 4, 46, 1, 13, 56, 97, 59, 45, 8, 73, 37, 35, 79, 71, 66, 76, 16, 60, 38, 58, 6, 67, 61, 33, 7, 57, 34, 12, 32, 10, 80, 96, 88, 43, 81, 91, 2, 84, 29, 92, 19, 51, 55, 89, 75, 25, 22, 98, 72, 62, 0]|[2, 1, 2, 1, 1, 2, 1, 1, 1, 1, 1, 0, 2, 2, 1, 2, 0, 0, 0, 2, 2, 1, 0, 2, 0, 2, 2, 1, 0, 1, 1, 1, 0, 0, 1, 0, 2, 1, 2, 2, 0, 0, 1, 1, 0, 2, 0, 2, 1, 0, 0, 2, 0, 2, 2, 0, 1, 1, 0, 0, 2, 1, 1, 2, 2, 2, 2, 0, 2, 1, 2, 1, 1, 2, 0, 1, 1, 0, 1, 0, 0, 1, 1, 1, 1, 0, 0, 1, 0, 1, 1, 0, 1, 2, 1, 2, 0, 1, 1, 0]|[1, 3, 0, 3, 4, 1, 4, 4, 4, 4, 3, 2, 1, 0, 2, 1, 1, 1, 2, 1, 1, 3, 0, 1, 0, 1, 1, 4, 1, 4, 3, 2, 2, 0, 4, 1, 1, 4, 1, 1, 2, 1, 4, 4, 1, 1, 0, 1, 3, 2, 2, 1, 2, 1, 1, 2, 4, 3, 0, 2, 1, 3, 3, 1, 1, 1, 1, 2, 1, 4, 1, 3, 4, 1, 2, 4, 3, 2, 3, 2, 2, 4, 4, 4, 3, 2, 2, 3, 2, 4, 3, 2, 4, 1, 4, 1, 2, 4, 3, 2]|[0, 2, 0, 0, 3, 0, 1, 3, 1, 0, 2, 0, 1, 0, 1, 0, 0, 0, 1, 0, 0, 2, 0, 0, 1, 0, 0, 3, 0, 1, 0, 2, 0, 0, 3, 0, 1, 1, 0, 0, 0, 0, 1, 3, 0, 0, 1, 0, 2, 0, 0, 0, 0, 0, 1, 0, 1, 0, 1, 1, 0, 2, 0, 0, 0, 0, 0, 0, 0, 2, 0, 0, 1, 0, 0, 1, 0, 0, 3, 0, 0, 1, 2, 2, 0, 0, 0, 3, 0, 1, 0, 0, 1, 0, 3, 0, 0, 1, 0, 0],932.6296481262889,48487.11054890131,106143.07385041681,true
59,G2_TEC,G2_TEC,[20, 94, 82, 15, 26, 9, 95, 42, 77, 68, 47, 5, 93, 78, 86, 54, 85, 63, 18, 44, 31, 49, 36, 14, 74, 50, 53, 17, 21, 28, 11, 64, 3, 23, 30, 83, 24, 41, 40, 52, 65, 27, 90, 70, 39, 87, 48, 69, 99, 4, 46, 1, 13, 56, 97, 59, 45, 8, 73, 37, 35, 79, 71, 66, 76, 16, 60, 80, 58, 6, 67, 61, 33, 7, 57, 34, 12, 32, 10, 38, 96, 88, 43, 81, 91, 2, 84, 29, 92, 19, 51, 89, 22, 75, 25, 72, 55, 98, 62, 0]|[2, 1, 2, 1, 1, 2, 1, 1, 1, 1, 1, 0, 2, 2, 1, 2, 0, 0, 0, 2, 2, 1, 0, 2, 0, 2, 2, 1, 0, 1, 1, 1, 0, 0, 1, 0, 2, 1, 2, 2, 0, 0, 1, 1, 0, 2, 0, 2, 1, 0, 0, 2, 0, 2, 2, 0, 1, 1, 0, 0, 2, 1, 1, 2, 2, 2, 2, 2, 2, 1, 2, 1, 1, 2, 0, 1, 1, 0, 1, 0, 0, 1, 1, 1, 1, 0, 0, 1, 0, 1, 1, 1, 2, 0, 1, 1, 0, 2, 1, 0]|[1, 3, 0, 3, 4, 1, 4, 4, 4, 4, 3, 2, 1, 0, 2, 1, 1, 1, 2, 1, 1, 3, 0, 1, 0, 1, 1, 4, 1, 4, 3, 2, 2, 0, 4, 1, 1, 4, 1, 1, 2, 1, 4, 4, 1, 1, 0, 1, 3, 2, 2, 1, 2, 1, 1, 2, 4, 3, 0, 2, 1, 3, 3, 1, 1, 1, 1, 1, 1, 4, 1, 3, 4, 1, 2, 4, 3, 2, 3, 2, 2, 4, 4, 4, 3, 2, 2, 3, 2, 4, 3, 4, 1, 2, 4, 4, 2, 1, 3, 2]|[0, 2, 0, 0, 3, 0, 1, 3, 1, 0, 2, 0, 1, 0, 1, 0, 0, 0, 1, 0, 0, 2, 0, 0, 1, 0, 0, 3, 0, 1, 0, 2, 0, 0, 3, 0, 1, 1, 0, 0, 0, 0, 1, 3, 0, 0, 1, 0, 2, 0, 0, 0, 0, 0, 1, 0, 1, 0, 1, 1, 0, 2, 0, 0, 0, 0, 0, 0, 0, 2, 0, 0, 1, 0, 0, 1, 0, 0, 3, 0, 0, 1, 2, 2, 0, 0, 0, 3, 0, 1, 0, 1, 0, 0, 3, 1, 0, 0, 0, 0],910.6016522559228,48405.50430007148,106574.75635634674,false
59,G3_TWC,G3_TWC,[31, 22, 42, 15, 26, 58, 95, 82, 77, 12, 47, 5, 93, 78, 98, 54, 85, 63, 18, 44, 20, 35, 43, 97, 91, 76, 10, 30, 21, 45, 71, 64, 1, 23, 17, 83, 24, 61, 60, 49, 6, 57, 94, 88, 65, 56, 79, 40, 67, 68, 46, 75, 0, 9, 19, 32, 81, 41, 27, 62, 87, 90, 99, 59, 53, 16, 72, 73, 70, 39, 37, 84, 3, 92, 25, 74, 28, 38, 51, 7, 11, 14, 86, 48, 89, 66, 50, 96, 33, 80, 8, 4, 34, 36, 55, 52, 13, 29, 69, 2]|[1, 1, 0, 1, 1, 1, 2, 1, 2, 1, 2, 2, 2, 1, 1, 0, 0, 1, 0, 2, 2, 0, 1, 2, 0, 1, 2, 2, 0, 0, 1, 2, 1, 0, 1, 0, 2, 0, 1, 1, 0, 1, 1, 1, 0, 2, 1, 1, 0, 0, 0, 0, 1, 1, 2, 1, 2, 0, 0, 0, 2, 1, 0, 1, 0, 1, 2, 1, 1, 1, 1, 1, 2, 0, 1, 2, 0, 0, 0, 1, 0, 1, 0, 0, 1, 0, 0, 0, 2, 0, 1, 0, 2, 0, 1, 1, 0, 0, 1, 0]|[4, 3, 2, 2, 0, 0, 2, 2, 2, 4, 1, 1, 2, 4, 4, 1, 1, 4, 2, 1, 1, 1, 1, 2, 1, 2, 1, 1, 1, 1, 3, 2, 3, 0, 4, 0, 1, 1, 0, 3, 2, 2, 4, 0, 1, 1, 3, 2, 0, 1, 2, 2, 1, 4, 0, 3, 2, 1, 1, 2, 1, 3, 1, 1, 2, 3, 0, 4, 3, 1, 4, 1, 1, 2, 4, 1, 2, 1, 1, 3, 2, 3, 1, 1, 1, 1, 1, 1, 1, 1, 3, 2, 1, 1, 4, 1, 2, 2, 3, 2]|[0, 2, 1, 1, 3, 3, 0, 1, 0, 0, 0, 0, 1, 0, 1, 0, 0, 3, 1, 0, 0, 0, 3, 1, 0, 2, 0, 0, 0, 1, 0, 0, 0, 0, 3, 0, 1, 0, 0, 2, 1, 1, 2, 0, 0, 0, 0, 1, 1, 0, 0, 0, 1, 3, 0, 0, 1, 0, 0, 1, 0, 2, 0, 1, 1, 2, 1, 0, 0, 1, 1, 3, 0, 1, 3, 0, 1, 0, 0, 2, 1, 0, 0, 0, 1, 0, 0, 0, 0, 0, 2, 1, 0, 1, 3, 1, 0, 0, 0, 0],843.7439659666079,57777.80974073964,86440.68470675517,false
59,G1_CMAX,G1_CMAX,[31, 22, 82, 15, 26, 99, 95, 42, 77, 12, 47, 5, 93, 78, 86, 54, 21, 63, 18, 44, 20, 35, 43, 97, 91, 76, 10, 30, 85, 45, 71, 64, 1, 23, 17, 83, 24, 14, 60, 36, 6, 57, 40, 88, 65, 56, 79, 94, 67, 68, 46, 75, 38, 9, 19, 32, 41, 81, 27, 87, 90, 58, 59, 11, 16, 72, 73, 70, 39, 37, 84, 3, 92, 25, 55, 48, 74, 29, 51, 7, 33, 61, 98, 28, 89, 50, 4, 96, 53, 80, 8, 66, 34, 49, 52, 0, 62, 69, 2, 13]|[1, 1, 0, 1, 1, 0, 1, 1, 2, 1, 2, 2, 2, 1, 1, 0, 0, 1, 0, 2, 2, 0, 1, 2, 0, 1, 2, 2, 0, 0, 1, 2, 1, 2, 1, 0, 2, 0, 1, 1, 0, 1, 1, 1, 0, 2, 1, 1, 0, 0, 0, 0, 1, 1, 2, 1, 0, 2, 0, 2, 1, 0, 1, 2, 1, 2, 1, 1, 1, 1, 1, 1, 0, 1, 2, 0, 2, 0, 0, 2, 2, 1, 2, 0, 1, 0, 1, 2, 0, 0, 1, 2, 2, 0, 1, 0, 1, 1, 0, 0]|[0, 3, 2, 2, 4, 1, 2, 3, 2, 4, 1, 1, 2, 4, 4, 1, 1, 4, 2, 1, 1, 1, 1, 2, 1, 2, 1, 1, 2, 1, 3, 2, 3, 1, 4, 0, 1, 1, 0, 3, 2, 2, 2, 0, 1, 1, 0, 4, 0, 1, 2, 2, 1, 4, 0, 3, 1, 1, 1, 1, 3, 1, 1, 1, 3, 0, 4, 3, 1, 4, 1, 1, 0, 4, 1, 1, 1, 1, 1, 1, 1, 3, 1, 2, 1, 1, 4, 1, 2, 1, 3, 1, 1, 1, 1, 2, 1, 4, 2, 2]|[0, 2, 1, 1, 3, 0, 1, 3, 0, 0, 0, 0, 1, 0, 1, 0, 0, 3, 1, 0, 0, 0, 3, 1, 0, 2, 0, 0, 0, 1, 0, 0, 0, 0, 3, 0, 1, 0, 0, 2, 1, 1, 1, 0, 0, 0, 0, 2, 1, 0, 0, 0, 1, 3, 0, 0, 0, 0, 0, 0, 2, 0, 1, 0, 2, 1, 0, 0, 1, 1, 3, 1, 1, 3, 0, 0, 0, 0, 0, 0, 0, 0, 0, 1, 1, 0, 0, 0, 1, 0, 2, 0, 0, 1, 1, 0, 1, 2, 0, 0],730.1276596856602,56815.01019440286,94351.50741240397,false
59,G4_BALANCED,G4_BALANCED,[31, 22, 82, 15, 26, 58, 95, 42, 77, 12, 47, 5, 93, 78, 86, 54, 85, 63, 18, 44, 20, 35, 43, 97, 66, 76, 79, 30, 21, 45, 71, 64, 1, 23, 17, 83, 24, 14, 60, 36, 6, 57, 40, 88, 65, 56, 10, 94, 67, 68, 46, 75, 38, 9, 19, 32, 41, 81, 27, 62, 87, 90, 99, 59, 11, 16, 72, 73, 69, 39, 37, 84, 3, 92, 25, 55, 29, 28, 51, 7, 33, 61, 48, 98, 89, 8, 4, 96, 53, 80, 50, 91, 34, 2, 52, 0, 49, 70, 13, 74]|[1, 1, 0, 1, 1, 0, 1, 2, 2, 1, 2, 2, 2, 1, 1, 0, 0, 1, 0, 2, 2, 0, 1, 2, 2, 1, 2, 2, 0, 0, 1, 2, 1, 2, 1, 0, 2, 0, 1, 1, 0, 1, 1, 1, 0, 2, 2, 1, 0, 0, 0, 0, 1, 1, 2, 1, 0, 2, 0, 0, 2, 1, 0, 1, 2, 1, 2, 1, 1, 1, 1, 1, 1, 0, 1, 2, 0, 0, 0, 1, 2, 1, 0, 2, 1, 1, 1, 2, 0, 0, 0, 0, 2, 0, 1, 0, 0, 1, 0, 2]|[4, 3, 2, 2, 4, 1, 2, 2, 2, 4, 1, 1, 2, 4, 4, 1, 2, 4, 2, 1, 1, 1, 1, 2, 1, 2, 1, 1, 1, 1, 3, 1, 3, 1, 4, 0, 1, 1, 0, 3, 2, 2, 2, 0, 1, 1, 1, 4, 0, 1, 2, 2, 1, 4, 0, 3, 1, 1, 1, 2, 1, 3, 1, 1, 1, 3, 0, 4, 4, 1, 4, 1, 1, 0, 4, 1, 1, 2, 1, 1, 1, 3, 1, 1, 1, 3, 4, 1, 2, 1, 1, 1, 1, 2, 1, 2, 1, 3, 2, 1]|[0, 2, 1, 1, 3, 0, 1, 0, 0, 0, 0, 0, 1, 0, 1, 0, 0, 3, 1, 0, 0, 0, 3, 1, 0, 2, 0, 0, 0, 0, 0, 0, 0, 0, 3, 0, 1, 0, 0, 2, 1, 1, 1, 0, 0, 0, 0, 2, 1, 0, 0, 0, 1, 3, 0, 0, 0, 0, 0, 1, 0, 2, 0, 1, 0, 2, 1, 0, 2, 1, 1, 3, 1, 1, 3, 0, 0, 1, 0, 2, 0, 0, 0, 0, 1, 2, 0, 0, 1, 0, 0, 0, 0, 0, 1, 0, 1, 0, 0, 0],777.436160111927,55378.96358309585,98756.68483674081,false
59,G2_TEC,G2_TEC,[20, 94, 82, 15, 26, 9, 95, 42, 77, 68, 47, 5, 93, 78, 86, 54, 85, 63, 18, 44, 31, 49, 36, 14, 74, 50, 53, 17, 21, 28, 11, 64, 3, 23, 30, 83, 24, 41, 40, 52, 65, 27, 90, 70, 39, 87, 48, 69, 99, 4, 46, 1, 13, 56, 97, 59, 45, 8, 73, 37, 35, 79, 71, 66, 76, 16, 60, 80, 58, 6, 67, 61, 33, 7, 57, 34, 12, 32, 10, 38, 96, 88, 43, 81, 91, 2, 84, 29, 92, 19, 51, 89, 22, 75, 25, 72, 55, 98, 62, 0]|[2, 1, 2, 1, 1, 2, 1, 1, 1, 1, 1, 0, 2, 2, 1, 2, 0, 0, 0, 2, 2, 1, 0, 2, 0, 2, 2, 1, 0, 1, 1, 1, 0, 0, 1, 0, 2, 1, 2, 2, 0, 0, 1, 1, 0, 2, 0, 2, 1, 0, 0, 2, 0, 2, 2, 0, 1, 1, 0, 0, 2, 1, 1, 2, 2, 2, 2, 2, 2, 1, 2, 1, 1, 2, 0, 1, 1, 0, 1, 0, 0, 1, 1, 1, 1, 0, 0, 1, 0, 1, 1, 1, 2, 0, 1, 1, 0, 2, 1, 0]|[1, 3, 0, 3, 4, 1, 4, 4, 4, 4, 3, 2, 1, 0, 2, 1, 1, 1, 2, 1, 1, 3, 0, 1, 0, 1, 1, 4, 1, 4, 3, 2, 2, 0, 4, 1, 1, 4, 1, 1, 2, 1, 4, 4, 1, 1, 0, 1, 3, 2, 2, 1, 2, 1, 1, 2, 4, 3, 0, 2, 1, 3, 3, 1, 1, 1, 1, 1, 1, 4, 1, 3, 4, 1, 2, 4, 3, 2, 3, 2, 2, 4, 4, 4, 3, 2, 2, 3, 2, 4, 3, 4, 1, 2, 4, 4, 2, 1, 3, 2]|[0, 2, 0, 0, 3, 0, 1, 3, 1, 0, 2, 0, 1, 0, 1, 0, 0, 0, 1, 0, 0, 2, 0, 0, 1, 0, 0, 3, 0, 1, 0, 2, 0, 0, 3, 0, 1, 1, 0, 0, 0, 0, 1, 3, 0, 0, 1, 0, 2, 0, 0, 0, 0, 0, 1, 0, 1, 0, 1, 1, 0, 2, 0, 0, 0, 0, 0, 0, 0, 2, 0, 0, 1, 0, 0, 1, 0, 0, 3, 0, 0, 1, 2, 2, 0, 0, 0, 3, 0, 1, 0, 1, 0, 0, 3, 1, 0, 0, 0, 0],910.6016522559228,48405.50430007148,106574.75635634674,false
59,G3_TWC,G3_TWC,[31, 22, 42, 15, 26, 58, 95, 82, 77, 12, 47, 5, 93, 78, 98, 54, 85, 63, 18, 44, 20, 35, 43, 97, 91, 76, 10, 30, 21, 45, 71, 64, 1, 23, 17, 83, 24, 61, 60, 49, 6, 57, 94, 88, 65, 56, 79, 40, 67, 68, 46, 75, 0, 9, 19, 32, 81, 41, 27, 62, 87, 90, 99, 59, 53, 16, 72, 73, 70, 39, 37, 84, 3, 92, 25, 74, 28, 38, 51, 7, 11, 14, 86, 48, 89, 66, 50, 96, 33, 80, 8, 4, 34, 36, 55, 52, 13, 29, 69, 2]|[1, 1, 0, 1, 1, 1, 2, 1, 2, 1, 2, 2, 2, 1, 1, 0, 0, 1, 0, 2, 2, 0, 1, 2, 0, 1, 2, 2, 0, 0, 1, 2, 1, 0, 1, 0, 2, 0, 1, 1, 0, 1, 1, 1, 0, 2, 1, 1, 0, 0, 0, 0, 1, 1, 2, 1, 2, 0, 0, 0, 2, 1, 0, 1, 0, 1, 2, 1, 1, 1, 1, 1, 2, 0, 1, 2, 0, 0, 0, 1, 0, 1, 0, 0, 1, 0, 0, 0, 2, 0, 1, 0, 2, 0, 1, 1, 0, 0, 1, 0]|[4, 3, 2, 2, 0, 0, 2, 2, 2, 4, 1, 1, 2, 4, 4, 1, 1, 4, 2, 1, 1, 1, 1, 2, 1, 2, 1, 1, 1, 1, 3, 2, 3, 0, 4, 0, 1, 1, 0, 3, 2, 2, 4, 0, 1, 1, 3, 2, 0, 1, 2, 2, 1, 4, 0, 3, 2, 1, 1, 2, 1, 3, 1, 1, 2, 3, 0, 4, 3, 1, 4, 1, 1, 2, 4, 1, 2, 1, 1, 3, 2, 3, 1, 1, 1, 1, 1, 1, 1, 1, 3, 2, 1, 1, 4, 1, 2, 2, 3, 2]|[0, 2, 1, 1, 3, 3, 0, 1, 0, 0, 0, 0, 1, 0, 1, 0, 0, 3, 1, 0, 0, 0, 3, 1, 0, 2, 0, 0, 0, 1, 0, 0, 0, 0, 3, 0, 1, 0, 0, 2, 1, 1, 2, 0, 0, 0, 0, 1, 1, 0, 0, 0, 1, 3, 0, 0, 1, 0, 0, 1, 0, 2, 0, 1, 1, 2, 1, 0, 0, 1, 1, 3, 0, 1, 3, 0, 1, 0, 0, 2, 1, 0, 0, 0, 1, 0, 0, 0, 0, 0, 2, 1, 0, 1, 3, 1, 0, 0, 0, 0],843.7439659666079,57777.80974073964,86440.68470675517,false
59,G1_CMAX,G1_CMAX,[31, 22, 82, 15, 26, 99, 95, 42, 77, 12, 47, 5, 93, 78, 86, 54, 21, 63, 18, 44, 20, 35, 43, 97, 91, 76, 10, 30, 85, 45, 71, 64, 1, 23, 17, 83, 24, 14, 60, 36, 6, 57, 40, 88, 65, 56, 79, 94, 67, 68, 46, 75, 38, 9, 19, 32, 41, 81, 27, 87, 90, 58, 59, 11, 16, 72, 73, 70, 39, 37, 84, 3, 92, 25, 55, 48, 74, 29, 51, 7, 33, 61, 98, 28, 89, 50, 4, 96, 53, 80, 8, 66, 34, 49, 52, 0, 62, 69, 2, 13]|[1, 1, 0, 1, 1, 0, 1, 1, 2, 1, 2, 2, 2, 1, 1, 0, 0, 1, 0, 2, 2, 0, 1, 2, 0, 1, 2, 2, 0, 0, 1, 2, 1, 2, 1, 0, 2, 0, 1, 1, 0, 1, 1, 1, 0, 2, 1, 1, 0, 0, 0, 0, 1, 1, 2, 1, 0, 2, 0, 2, 1, 0, 1, 2, 1, 2, 1, 1, 1, 1, 1, 1, 0, 1, 2, 0, 2, 0, 0, 2, 2, 1, 2, 0, 1, 0, 1, 2, 0, 0, 1, 2, 2, 0, 1, 0, 1, 1, 0, 0]|[0, 3, 2, 2, 4, 1, 2, 3, 2, 4, 1, 1, 2, 4, 4, 1, 1, 4, 2, 1, 1, 1, 1, 2, 1, 2, 1, 1, 2, 1, 3, 2, 3, 1, 4, 0, 1, 1, 0, 3, 2, 2, 2, 0, 1, 1, 0, 4, 0, 1, 2, 2, 1, 4, 0, 3, 1, 1, 1, 1, 3, 1, 1, 1, 3, 0, 4, 3, 1, 4, 1, 1, 0, 4, 1, 1, 1, 1, 1, 1, 1, 3, 1, 2, 1, 1, 4, 1, 2, 1, 3, 1, 1, 1, 1, 2, 1, 4, 2, 2]|[0, 2, 1, 1, 3, 0, 1, 3, 0, 0, 0, 0, 1, 0, 1, 0, 0, 3, 1, 0, 0, 0, 3, 1, 0, 2, 0, 0, 0, 1, 0, 0, 0, 0, 3, 0, 1, 0, 0, 2, 1, 1, 1, 0, 0, 0, 0, 2, 1, 0, 0, 0, 1, 3, 0, 0, 0, 0, 0, 0, 2, 0, 1, 0, 2, 1, 0, 0, 1, 1, 3, 1, 1, 3, 0, 0, 0, 0, 0, 0, 0, 0, 0, 1, 1, 0, 0, 0, 1, 0, 2, 0, 0, 1, 1, 0, 1, 2, 0, 0],730.1276596856602,56815.01019440286,94351.50741240397,false
59,G4_BALANCED,G4_BALANCED,[31, 22, 42, 15, 26, 58, 95, 82, 77, 12, 47, 5, 93, 78, 98, 54, 85, 63, 18, 44, 20, 35, 43, 97, 91, 76, 10, 30, 21, 45, 71, 64, 1, 23, 17, 83, 24, 61, 60, 36, 6, 57, 94, 88, 65, 56, 79, 40, 67, 68, 46, 75, 38, 9, 19, 32, 81, 41, 27, 62, 87, 90, 99, 59, 53, 16, 72, 73, 70, 39, 37, 84, 3, 92, 25, 74, 28, 29, 51, 7, 11, 14, 86, 48, 89, 50, 66, 96, 33, 80, 4, 2, 55, 49, 0, 52, 13, 8, 69, 34]|[1, 1, 0, 1, 1, 1, 2, 1, 2, 1, 2, 2, 2, 1, 1, 0, 0, 1, 0, 2, 2, 0, 1, 2, 0, 1, 2, 2, 0, 0, 1, 2, 1, 2, 1, 0, 2, 0, 1, 1, 0, 1, 1, 1, 0, 2, 1, 1, 0, 0, 0, 0, 1, 1, 2, 1, 2, 0, 0, 0, 2, 1, 0, 1, 0, 1, 2, 1, 1, 1, 1, 1, 2, 0, 1, 2, 0, 0, 0, 1, 2, 1, 0, 0, 1, 0, 2, 0, 2, 0, 0, 0, 1, 0, 0, 1, 0, 1, 1, 2]|[4, 3, 2, 2, 0, 0, 2, 2, 2, 4, 1, 1, 2, 4, 4, 1, 1, 4, 2, 1, 1, 1, 1, 2, 1, 2, 1, 1, 1, 1, 3, 2, 3, 0, 4, 0, 1, 1, 0, 3, 2, 2, 4, 0, 1, 1, 3, 2, 0, 1, 2, 2, 1, 4, 0, 3, 2, 1, 1, 2, 1, 3, 1, 1, 2, 3, 0, 4, 3, 1, 4, 1, 1, 2, 4, 1, 2, 1, 1, 3, 1, 3, 1, 1, 1, 1, 1, 1, 1, 1, 2, 2, 4, 1, 2, 1, 2, 3, 4, 1]|[0, 2, 1, 1, 3, 3, 0, 1, 0, 0, 0, 0, 1, 0, 1, 0, 0, 3, 1, 0, 0, 0, 3, 1, 0, 2, 0, 0, 0, 0, 0, 0, 0, 0, 3, 0, 1, 0, 0, 2, 1, 1, 2, 0, 0, 0, 0, 1, 1, 0, 0, 0, 1, 3, 0, 0, 1, 0, 0, 1, 0, 2, 0, 1, 1, 2, 1, 0, 0, 1, 1, 3, 0, 1, 3, 0, 1, 0, 0, 2, 0, 0, 0, 0, 1, 0, 0, 0, 0, 0, 1, 0, 3, 1, 0, 1, 0, 2, 2, 0],804.8195518810277,56908.775786314945,89595.55184543924,false
59,G2_TEC,G2_TEC,[20, 94, 82, 15, 26, 9, 95, 42, 77, 68, 47, 5, 93, 78, 86, 54, 85, 63, 18, 44, 31, 49, 36, 14, 74, 50, 53, 17, 21, 28, 11, 64, 3, 23, 30, 83, 24, 41, 40, 52, 65, 27, 90, 70, 39, 87, 48, 69, 99, 4, 46, 1, 13, 56, 97, 59, 45, 8, 73, 37, 35, 79, 71, 66, 76, 16, 60, 80, 58, 6, 67, 61, 33, 7, 57, 34, 12, 32, 10, 38, 96, 88, 43, 81, 91, 2, 84, 29, 92, 19, 51, 89, 22, 75, 25, 72, 55, 98, 62, 0]|[2, 1, 2, 1, 1, 2, 1, 1, 1, 1, 1, 0, 2, 2, 1, 2, 0, 0, 0, 2, 2, 1, 0, 2, 0, 2, 2, 1, 0, 1, 1, 1, 0, 0, 1, 0, 2, 1, 2, 2, 0, 0, 1, 1, 0, 2, 0, 2, 1, 0, 0, 2, 0, 2, 2, 0, 1, 1, 0, 0, 2, 1, 1, 2, 2, 2, 2, 2, 2, 1, 2, 1, 1, 2, 0, 1, 1, 0, 1, 0, 0, 1, 1, 1, 1, 0, 0, 1, 0, 1, 1, 1, 2, 0, 1, 1, 0, 2, 1, 0]|[1, 3, 0, 3, 4, 1, 4, 4, 4, 4, 3, 2, 1, 0, 2, 1, 1, 1, 2, 1, 1, 3, 0, 1, 0, 1, 1, 4, 1, 4, 3, 2, 2, 0, 4, 1, 1, 4, 1, 1, 2, 1, 4, 4, 1, 1, 0, 1, 3, 2, 2, 1, 2, 1, 1, 2, 4, 3, 0, 2, 1, 3, 3, 1, 1, 1, 1, 1, 1, 4, 1, 3, 4, 1, 2, 4, 3, 2, 3, 2, 2, 4, 4, 4, 3, 2, 2, 3, 2, 4, 3, 4, 1, 2, 4, 4, 2, 1, 3, 2]|[0, 2, 0, 0, 3, 0, 1, 3, 1, 0, 2, 0, 1, 0, 1, 0, 0, 0, 1, 0, 0, 2, 0, 0, 1, 0, 0, 3, 0, 1, 0, 2, 0, 0, 3, 0, 1, 1, 0, 0, 0, 0, 1, 3, 0, 0, 1, 0, 2, 0, 0, 0, 0, 0, 1, 0, 1, 0, 1, 1, 0, 2, 0, 0, 0, 0, 0, 0, 0, 2, 0, 0, 1, 0, 0, 1, 0, 0, 3, 0, 0, 1, 2, 2, 0, 0, 0, 3, 0, 1, 0, 1, 0, 0, 3, 1, 0, 0, 0, 0],910.6016522559228,48405.50430007148,106574.75635634674,false
59,G3_TWC,G3_TWC,[31, 22, 42, 15, 26, 58, 95, 82, 77, 12, 47, 5, 93, 78, 98, 54, 85, 63, 18, 44, 20, 35, 43, 97, 91, 76, 10, 30, 21, 45, 71, 64, 1, 23, 17, 83, 24, 61, 60, 49, 6, 57, 94, 88, 65, 56, 79, 40, 67, 68, 46, 75, 0, 9, 19, 32, 81, 41, 27, 62, 87, 90, 99, 59, 53, 16, 72, 73, 70, 39, 37, 84, 3, 92, 25, 74, 28, 38, 51, 7, 11, 14, 86, 48, 89, 66, 50, 96, 33, 80, 8, 4, 34, 36, 55, 52, 13, 29, 69, 2]|[1, 1, 0, 1, 1, 1, 2, 1, 2, 1, 2, 2, 2, 1, 1, 0, 0, 1, 0, 2, 2, 0, 1, 2, 0, 1, 2, 2, 0, 0, 1, 2, 1, 0, 1, 0, 2, 0, 1, 1, 0, 1, 1, 1, 0, 2, 1, 1, 0, 0, 0, 0, 1, 1, 2, 1, 2, 0, 0, 0, 2, 1, 0, 1, 0, 1, 2, 1, 1, 1, 1, 1, 2, 0, 1, 2, 0, 0, 0, 1, 0, 1, 0, 0, 1, 0, 0, 0, 2, 0, 1, 0, 2, 0, 1, 1, 0, 0, 1, 0]|[4, 3, 2, 2, 0, 0, 2, 2, 2, 4, 1, 1, 2, 4, 4, 1, 1, 4, 2, 1, 1, 1, 1, 2, 1, 2, 1, 1, 1, 1, 3, 2, 3, 0, 4, 0, 1, 1, 0, 3, 2, 2, 4, 0, 1, 1, 3, 2, 0, 1, 2, 2, 1, 4, 0, 3, 2, 1, 1, 2, 1, 3, 1, 1, 2, 3, 0, 4, 3, 1, 4, 1, 1, 2, 4, 1, 2, 1, 1, 3, 2, 3, 1, 1, 1, 1, 1, 1, 1, 1, 3, 2, 1, 1, 4, 1, 2, 2, 3, 2]|[0, 2, 1, 1, 3, 3, 0, 1, 0, 0, 0, 0, 1, 0, 1, 0, 0, 3, 1, 0, 0, 0, 3, 1, 0, 2, 0, 0, 0, 1, 0, 0, 0, 0, 3, 0, 1, 0, 0, 2, 1, 1, 2, 0, 0, 0, 0, 1, 1, 0, 0, 0, 1, 3, 0, 0, 1, 0, 0, 1, 0, 2, 0, 1, 1, 2, 1, 0, 0, 1, 1, 3, 0, 1, 3, 0, 1, 0, 0, 2, 1, 0, 0, 0, 1, 0, 0, 0, 0, 0, 2, 1, 0, 1, 3, 1, 0, 0, 0, 0],843.7439659666079,57777.80974073964,86440.68470675517,false
59,G1_CMAX,G1_CMAX,[31, 22, 82, 15, 26, 99, 95, 42, 77, 12, 47, 5, 93, 78, 86, 54, 21, 63, 18, 44, 20, 35, 43, 97, 91, 76, 10, 30, 85, 45, 71, 64, 1, 23, 17, 83, 24, 14, 60, 36, 6, 57, 40, 88, 65, 56, 79, 94, 67, 68, 46, 75, 38, 9, 19, 32, 41, 81, 27, 87, 90, 58, 59, 11, 16, 72, 73, 70, 39, 37, 84, 3, 92, 25, 55, 48, 74, 29, 51, 7, 33, 61, 98, 28, 89, 50, 4, 96, 53, 80, 8, 66, 34, 49, 52, 0, 62, 69, 2, 13]|[1, 1, 0, 1, 1, 0, 1, 1, 2, 1, 2, 2, 2, 1, 1, 0, 0, 1, 0, 2, 2, 0, 1, 2, 0, 1, 2, 2, 0, 0, 1, 2, 1, 2, 1, 0, 2, 0, 1, 1, 0, 1, 1, 1, 0, 2, 1, 1, 0, 0, 0, 0, 1, 1, 2, 1, 0, 2, 0, 2, 1, 0, 1, 2, 1, 2, 1, 1, 1, 1, 1, 1, 0, 1, 2, 0, 2, 0, 0, 2, 2, 1, 2, 0, 1, 0, 1, 2, 0, 0, 1, 2, 2, 0, 1, 0, 1, 1, 0, 0]|[0, 3, 2, 2, 4, 1, 2, 3, 2, 4, 1, 1, 2, 4, 4, 1, 1, 4, 2, 1, 1, 1, 1, 2, 1, 2, 1, 1, 2, 1, 3, 2, 3, 1, 4, 0, 1, 1, 0, 3, 2, 2, 2, 0, 1, 1, 0, 4, 0, 1, 2, 2, 1, 4, 0, 3, 1, 1, 1, 1, 3, 1, 1, 1, 3, 0, 4, 3, 1, 4, 1, 1, 0, 4, 1, 1, 1, 1, 1, 1, 1, 3, 1, 2, 1, 1, 4, 1, 2, 1, 3, 1, 1, 1, 1, 2, 1, 4, 2, 2]|[0, 2, 1, 1, 3, 0, 1, 3, 0, 0, 0, 0, 1, 0, 1, 0, 0, 3, 1, 0, 0, 0, 3, 1, 0, 2, 0, 0, 0, 1, 0, 0, 0, 0, 3, 0, 1, 0, 0, 2, 1, 1, 1, 0, 0, 0, 0, 2, 1, 0, 0, 0, 1, 3, 0, 0, 0, 0, 0, 0, 2, 0, 1, 0, 2, 1, 0, 0, 1, 1, 3, 1, 1, 3, 0, 0, 0, 0, 0, 0, 0, 0, 0, 1, 1, 0, 0, 0, 1, 0, 2, 0, 0, 1, 1, 0, 1, 2, 0, 0],730.1276596856602,56815.01019440286,94351.50741240397,false
59,G4_BALANCED,G3_TWC,[31, 22, 42, 15, 26, 58, 95, 82, 77, 12, 47, 5, 93, 78, 98, 54, 85, 63, 18, 44, 20, 35, 43, 97, 91, 76, 10, 30, 21, 45, 71, 64, 1, 23, 17, 83, 24, 61, 60, 49, 6, 57, 94, 88, 65, 56, 79, 40, 67, 68, 46, 75, 0, 9, 19, 32, 81, 41, 27, 62, 87, 90, 99, 59, 53, 16, 72, 73, 70, 39, 37, 84, 3, 92, 25, 74, 28, 38, 51, 7, 11, 14, 86, 48, 89, 50, 66, 96, 33, 80, 8, 4, 34, 36, 2, 52, 13, 29, 69, 55]|[1, 1, 0, 1, 1, 1, 2, 1, 2, 1, 2, 2, 2, 1, 1, 0, 0, 1, 0, 2, 2, 0, 1, 2, 0, 1, 2, 2, 0, 0, 1, 2, 1, 0, 1, 0, 2, 0, 1, 1, 0, 1, 1, 1, 0, 2, 1, 1, 0, 0, 0, 0, 1, 1, 2, 1, 2, 0, 0, 0, 2, 1, 0, 1, 0, 1, 2, 1, 1, 1, 1, 1, 2, 0, 1, 2, 0, 0, 0, 0, 0, 1, 0, 0, 1, 0, 0, 0, 2, 0, 1, 0, 2, 0, 0, 1, 0, 0, 1, 1]|[4, 3, 2, 2, 0, 0, 2, 2, 2, 4, 1, 1, 2, 4, 4, 1, 1, 4, 2, 1, 1, 1, 1, 2, 1, 2, 1, 1, 1, 1, 3, 2, 3, 0, 4, 0, 1, 1, 0, 3, 2, 2, 4, 0, 1, 1, 3, 2, 0, 1, 2, 2, 1, 4, 0, 3, 2, 1, 1, 2, 1, 3, 1, 1, 2, 3, 0, 4, 3, 1, 4, 1, 1, 2, 4, 1, 2, 1, 1, 1, 2, 3, 1, 1, 1, 1, 1, 1, 1, 1, 3, 2, 1, 1, 2, 1, 2, 2, 3, 4]|[0, 2, 1, 1, 3, 3, 0, 1, 0, 0, 0, 0, 1, 0, 1, 0, 0, 3, 1, 0, 0, 0, 3, 1, 0, 2, 0, 0, 0, 1, 0, 0, 0, 0, 3, 0, 1, 0, 0, 2, 1, 1, 2, 0, 0, 0, 0, 1, 1, 0, 0, 0, 1, 3, 0, 0, 1, 0, 0, 1, 0, 2, 0, 1, 1, 2, 1, 0, 0, 1, 1, 3, 0, 1, 3, 0, 1, 0, 0, 0, 1, 0, 0, 0, 1, 0, 0, 0, 0, 0, 2, 1, 0, 1, 0, 1, 0, 0, 0, 3],854.7269409995423,57867.90048713336,86292.45115777879,true
59,G2_TEC,G2_TEC,[20, 94, 82, 15, 26, 9, 95, 42, 77, 68, 47, 5, 93, 78, 86, 54, 85, 63, 18, 44, 31, 49, 36, 14, 74, 50, 53, 17, 21, 28, 11, 64, 3, 23, 30, 83, 24, 41, 40, 52, 65, 27, 90, 70, 39, 87, 48, 69, 99, 4, 46, 1, 13, 56, 97, 59, 45, 8, 73, 37, 35, 79, 71, 66, 76, 16, 60, 80, 58, 6, 67, 61, 33, 7, 57, 34, 12, 32, 10, 38, 96, 88, 43, 81, 91, 2, 84, 29, 92, 19, 51, 89, 22, 75, 25, 72, 55, 98, 62, 0]|[2, 1, 2, 1, 1, 2, 1, 1, 1, 1, 1, 0, 2, 2, 1, 2, 0, 0, 0, 2, 2, 1, 0, 2, 0, 2, 2, 1, 0, 1, 1, 1, 0, 0, 1, 0, 2, 1, 2, 2, 0, 0, 1, 1, 0, 2, 0, 2, 1, 0, 0, 2, 0, 2, 2, 0, 1, 1, 0, 0, 2, 1, 1, 2, 2, 2, 2, 2, 2, 1, 2, 1, 1, 2, 0, 1, 1, 0, 1, 0, 0, 1, 1, 1, 1, 0, 0, 1, 0, 1, 1, 1, 2, 0, 1, 1, 0, 2, 1, 0]|[1, 3, 0, 3, 4, 1, 4, 4, 4, 4, 3, 2, 1, 0, 2, 1, 1, 1, 2, 1, 1, 3, 0, 1, 0, 1, 1, 4, 1, 4, 3, 2, 2, 0, 4, 1, 1, 4, 1, 1, 2, 1, 4, 4, 1, 1, 0, 1, 3, 2, 2, 1, 2, 1, 1, 2, 4, 3, 0, 2, 1, 3, 3, 1, 1, 1, 1, 1, 1, 4, 1, 3, 4, 1, 2, 4, 3, 2, 3, 2, 2, 4, 4, 4, 3, 2, 2, 3, 2, 4, 3, 4, 1, 2, 4, 4, 2, 1, 3, 2]|[0, 2, 0, 0, 3, 0, 1, 3, 1, 0, 2, 0, 1, 0, 1, 0, 0, 0, 1, 0, 0, 2, 0, 0, 1, 0, 0, 3, 0, 1, 0, 2, 0, 0, 3, 0, 1, 1, 0, 0, 0, 0, 1, 3, 0, 0, 1, 0, 2, 0, 0, 0, 0, 0, 1, 0, 1, 0, 1, 1, 0, 2, 0, 0, 0, 0, 0, 0, 0, 2, 0, 0, 1, 0, 0, 1, 0, 0, 3, 0, 0, 1, 2, 2, 0, 0, 0, 3, 0, 1, 0, 1, 0, 0, 3, 1, 0, 0, 0, 0],910.6016522559228,48405.50430007148,106574.75635634674,false
59,G3_TWC,G3_TWC,[31, 22, 42, 15, 26, 58, 95, 82, 77, 12, 47, 5, 93, 78, 98, 54, 85, 63, 18, 44, 20, 35, 43, 97, 91, 76, 10, 30, 21, 45, 71, 64, 1, 23, 17, 83, 24, 61, 60, 49, 6, 57, 94, 88, 65, 56, 79, 40, 67, 68, 46, 75, 0, 9, 19, 32, 81, 41, 27, 62, 87, 90, 99, 59, 53, 16, 72, 73, 70, 39, 37, 84, 3, 92, 25, 74, 28, 38, 51, 7, 11, 14, 86, 48, 89, 66, 50, 96, 33, 80, 8, 4, 34, 36, 55, 52, 13, 29, 69, 2]|[1, 1, 0, 1, 1, 1, 2, 1, 2, 1, 2, 2, 2, 1, 1, 0, 0, 1, 0, 2, 2, 0, 1, 2, 0, 1, 2, 2, 0, 0, 1, 2, 1, 0, 1, 0, 2, 0, 1, 1, 0, 1, 1, 1, 0, 2, 1, 1, 0, 0, 0, 0, 1, 1, 2, 1, 2, 0, 0, 0, 2, 1, 0, 1, 0, 1, 2, 1, 1, 1, 1, 1, 2, 0, 1, 2, 0, 0, 0, 1, 0, 1, 0, 0, 1, 0, 0, 0, 2, 0, 1, 0, 2, 0, 1, 1, 0, 0, 1, 0]|[4, 3, 2, 2, 0, 0, 2, 2, 2, 4, 1, 1, 2, 4, 4, 1, 1, 4, 2, 1, 1, 1, 1, 2, 1, 2, 1, 1, 1, 1, 3, 2, 3, 0, 4, 0, 1, 1, 0, 3, 2, 2, 4, 0, 1, 1, 3, 2, 0, 1, 2, 2, 1, 4, 0, 3, 2, 1, 1, 2, 1, 3, 1, 1, 2, 3, 0, 4, 3, 1, 4, 1, 1, 2, 4, 1, 2, 1, 1, 3, 2, 3, 1, 1, 1, 1, 1, 1, 1, 1, 3, 2, 1, 1, 4, 1, 2, 2, 3, 2]|[0, 2, 1, 1, 3, 3, 0, 1, 0, 0, 0, 0, 1, 0, 1, 0, 0, 3, 1, 0, 0, 0, 3, 1, 0, 2, 0, 0, 0, 1, 0, 0, 0, 0, 3, 0, 1, 0, 0, 2, 1, 1, 2, 0, 0, 0, 0, 1, 1, 0, 0, 0, 1, 3, 0, 0, 1, 0, 0, 1, 0, 2, 0, 1, 1, 2, 1, 0, 0, 1, 1, 3, 0, 1, 3, 0, 1, 0, 0, 2, 1, 0, 0, 0, 1, 0, 0, 0, 0, 0, 2, 1, 0, 1, 3, 1, 0, 0, 0, 0],843.7439659666079,57777.80974073964,86440.68470675517,false
59,G1_CMAX,G1_CMAX,[31, 22, 82, 15, 26, 99, 95, 42, 77, 12, 47, 5, 93, 78, 86, 54, 21, 63, 18, 44, 20, 35, 43, 97, 91, 76, 10, 30, 85, 45, 71, 64, 1, 23, 17, 83, 24, 14, 60, 36, 6, 57, 40, 88, 65, 56, 79, 94, 67, 68, 46, 75, 38, 9, 19, 32, 41, 81, 27, 87, 90, 58, 59, 11, 16, 72, 73, 70, 39, 37, 84, 3, 92, 25, 55, 48, 74, 29, 51, 7, 33, 61, 98, 28, 89, 50, 4, 96, 53, 80, 8, 66, 34, 49, 52, 0, 62, 69, 2, 13]|[1, 1, 0, 1, 1, 0, 1, 1, 2, 1, 2, 2, 2, 1, 1, 0, 0, 1, 0, 2, 2, 0, 1, 2, 0, 1, 2, 2, 0, 0, 1, 2, 1, 2, 1, 0, 2, 0, 1, 1, 0, 1, 1, 1, 0, 2, 1, 1, 0, 0, 0, 0, 1, 1, 2, 1, 0, 2, 0, 2, 1, 0, 1, 2, 1, 2, 1, 1, 1, 1, 1, 1, 0, 1, 2, 0, 2, 0, 0, 2, 2, 1, 2, 0, 1, 0, 1, 2, 0, 0, 1, 2, 2, 0, 1, 0, 1, 1, 0, 0]|[0, 3, 2, 2, 4, 1, 2, 3, 2, 4, 1, 1, 2, 4, 4, 1, 1, 4, 2, 1, 1, 1, 1, 2, 1, 2, 1, 1, 2, 1, 3, 2, 3, 1, 4, 0, 1, 1, 0, 3, 2, 2, 2, 0, 1, 1, 0, 4, 0, 1, 2, 2, 1, 4, 0, 3, 1, 1, 1, 1, 3, 1, 1, 1, 3, 0, 4, 3, 1, 4, 1, 1, 0, 4, 1, 1, 1, 1, 1, 1, 1, 3, 1, 2, 1, 1, 4, 1, 2, 1, 3, 1, 1, 1, 1, 2, 1, 4, 2, 2]|[0, 2, 1, 1, 3, 0, 1, 3, 0, 0, 0, 0, 1, 0, 1, 0, 0, 3, 1, 0, 0, 0, 3, 1, 0, 2, 0, 0, 0, 1, 0, 0, 0, 0, 3, 0, 1, 0, 0, 2, 1, 1, 1, 0, 0, 0, 0, 2, 1, 0, 0, 0, 1, 3, 0, 0, 0, 0, 0, 0, 2, 0, 1, 0, 2, 1, 0, 0, 1, 1, 3, 1, 1, 3, 0, 0, 0, 0, 0, 0, 0, 0, 0, 1, 1, 0, 0, 0, 1, 0, 2, 0, 0, 1, 1, 0, 1, 2, 0, 0],730.1276596856602,56815.01019440286,94351.50741240397,false
59,G4_BALANCED,G3_TWC,[31, 22, 42, 15, 26, 58, 95, 82, 77, 12, 47, 5, 93, 78, 98, 54, 85, 63, 18, 44, 20, 35, 43, 97, 91, 76, 10, 30, 21, 45, 71, 64, 1, 23, 17, 83, 24, 61, 60, 49, 6, 57, 94, 88, 65, 56, 79, 40, 67, 68, 46, 75, 0, 9, 19, 32, 81, 41, 27, 62, 87, 90, 99, 59, 53, 16, 72, 73, 70, 39, 37, 84, 3, 92, 25, 74, 28, 38, 51, 7, 11, 14, 86, 48, 89, 50, 66, 96, 33, 80, 8, 4, 34, 36, 2, 52, 13, 29, 69, 55]|[1, 1, 0, 1, 1, 1, 2, 1, 2, 1, 2, 2, 2, 1, 1, 0, 0, 1, 0, 2, 2, 0, 1, 2, 0, 1, 2, 2, 0, 0, 1, 2, 1, 0, 1, 0, 2, 0, 1, 1, 0, 1, 1, 1, 0, 2, 1, 1, 0, 0, 0, 0, 1, 1, 2, 1, 2, 0, 0, 0, 2, 1, 0, 1, 0, 1, 2, 1, 1, 1, 1, 1, 2, 0, 1, 2, 0, 0, 0, 0, 0, 1, 0, 0, 1, 0, 0, 0, 2, 0, 1, 0, 2, 0, 0, 1, 0, 0, 1, 1]|[4, 3, 2, 2, 0, 0, 2, 2, 2, 4, 1, 1, 2, 4, 4, 1, 1, 4, 2, 1, 1, 1, 1, 2, 1, 2, 1, 1, 1, 1, 3, 2, 3, 0, 4, 0, 1, 1, 0, 3, 2, 2, 4, 0, 1, 1, 3, 2, 0, 1, 2, 2, 1, 4, 0, 3, 2, 1, 1, 2, 1, 3, 1, 1, 2, 3, 0, 4, 3, 1, 4, 1, 1, 2, 4, 1, 2, 1, 1, 1, 2, 3, 1, 1, 1, 1, 1, 1, 1, 1, 3, 2, 1, 1, 2, 1, 2, 2, 3, 4]|[0, 2, 1, 1, 3, 3, 0, 1, 0, 0, 0, 0, 1, 0, 1, 0, 0, 3, 1, 0, 0, 0, 3, 1, 0, 2, 0, 0, 0, 1, 0, 0, 0, 0, 3, 0, 1, 0, 0, 2, 1, 1, 2, 0, 0, 0, 0, 1, 1, 0, 0, 0, 1, 3, 0, 0, 1, 0, 0, 1, 0, 2, 0, 1, 1, 2, 1, 0, 0, 1, 1, 3, 0, 1, 3, 0, 1, 0, 0, 0, 1, 0, 0, 0, 1, 0, 0, 0, 0, 0, 2, 1, 0, 1, 0, 1, 0, 0, 0, 3],854.7269409995423,57867.90048713336,86292.45115777879,true
59,G2_TEC,G2_TEC,[20, 94, 82, 15, 26, 9, 95, 42, 77, 68, 47, 5, 93, 78, 86, 54, 85, 63, 18, 44, 31, 49, 36, 14, 74, 50, 53, 17, 21, 28, 11, 64, 3, 23, 30, 83, 24, 41, 40, 52, 65, 27, 90, 70, 39, 87, 48, 69, 99, 4, 46, 1, 13, 56, 97, 59, 45, 8, 73, 37, 35, 79, 71, 66, 76, 16, 60, 80, 58, 6, 67, 61, 33, 7, 57, 34, 12, 32, 10, 38, 96, 88, 43, 81, 91, 2, 84, 29, 92, 19, 51, 89, 22, 75, 25, 72, 55, 98, 62, 0]|[2, 1, 2, 1, 1, 2, 1, 1, 1, 1, 1, 0, 2, 2, 1, 2, 0, 0, 0, 2, 2, 1, 0, 2, 0, 2, 2, 1, 0, 1, 1, 1, 0, 0, 1, 0, 2, 1, 2, 2, 0, 0, 1, 1, 0, 2, 0, 2, 1, 0, 0, 2, 0, 2, 2, 0, 1, 1, 0, 0, 2, 1, 1, 2, 2, 2, 2, 2, 2, 1, 2, 1, 1, 2, 0, 1, 1, 0, 1, 0, 0, 1, 1, 1, 1, 0, 0, 1, 0, 1, 1, 1, 2, 0, 1, 1, 0, 2, 1, 0]|[1, 3, 0, 3, 4, 1, 4, 4, 4, 4, 3, 2, 1, 0, 2, 1, 1, 1, 2, 1, 1, 3, 0, 1, 0, 1, 1, 4, 1, 4, 3, 2, 2, 0, 4, 1, 1, 4, 1, 1, 2, 1, 4, 4, 1, 1, 0, 1, 3, 2, 2, 1, 2, 1, 1, 2, 4, 3, 0, 2, 1, 3, 3, 1, 1, 1, 1, 1, 1, 4, 1, 3, 4, 1, 2, 4, 3, 2, 3, 2, 2, 4, 4, 4, 3, 2, 2, 3, 2, 4, 3, 4, 1, 2, 4, 4, 2, 1, 3, 2]|[0, 2, 0, 0, 3, 0, 1, 3, 1, 0, 2, 0, 1, 0, 1, 0, 0, 0, 1, 0, 0, 2, 0, 0, 1, 0, 0, 3, 0, 1, 0, 2, 0, 0, 3, 0, 1, 1, 0, 0, 0, 0, 1, 3, 0, 0, 1, 0, 2, 0, 0, 0, 0, 0, 1, 0, 1, 0, 1, 1, 0, 2, 0, 0, 0, 0, 0, 0, 0, 2, 0, 0, 1, 0, 0, 1, 0, 0, 3, 0, 0, 1, 2, 2, 0, 0, 0, 3, 0, 1, 0, 1, 0, 0, 3, 1, 0, 0, 0, 0],910.6016522559228,48405.50430007148,106574.75635634674,false
59,G3_TWC,G3_TWC,[31, 22, 42, 15, 26, 58, 95, 82, 77, 12, 47, 5, 93, 78, 98, 54, 85, 63, 18, 44, 20, 35, 43, 97, 91, 76, 10, 30, 21, 45, 71, 64, 1, 23, 17, 83, 24, 61, 60, 49, 6, 57, 94, 88, 65, 56, 79, 40, 67, 68, 46, 75, 0, 9, 19, 32, 81, 41, 27, 62, 87, 90, 99, 59, 53, 16, 72, 73, 70, 39, 37, 84, 3, 92, 25, 74, 28, 38, 51, 7, 11, 14, 86, 48, 89, 66, 50, 96, 33, 80, 8, 4, 34, 36, 55, 52, 13, 29, 69, 2]|[1, 1, 0, 1, 1, 1, 2, 1, 2, 1, 2, 2, 2, 1, 1, 0, 0, 1, 0, 2, 2, 0, 1, 2, 0, 1, 2, 2, 0, 0, 1, 2, 1, 0, 1, 0, 2, 0, 1, 1, 0, 1, 1, 1, 0, 2, 1, 1, 0, 0, 0, 0, 1, 1, 2, 1, 2, 0, 0, 0, 2, 1, 0, 1, 0, 1, 2, 1, 1, 1, 1, 1, 2, 0, 1, 2, 0, 0, 0, 1, 0, 1, 0, 0, 1, 0, 0, 0, 2, 0, 1, 0, 2, 0, 1, 1, 0, 0, 1, 0]|[4, 3, 2, 2, 0, 0, 2, 2, 2, 4, 1, 1, 2, 4, 4, 1, 1, 4, 2, 1, 1, 1, 1, 2, 1, 2, 1, 1, 1, 1, 3, 2, 3, 0, 4, 0, 1, 1, 0, 3, 2, 2, 4, 0, 1, 1, 3, 2, 0, 1, 2, 2, 1, 4, 0, 3, 2, 1, 1, 2, 1, 3, 1, 1, 2, 3, 0, 4, 3, 1, 4, 1, 1, 2, 4, 1, 2, 1, 1, 3, 2, 3, 1, 1, 1, 1, 1, 1, 1, 1, 3, 2, 1, 1, 4, 1, 2, 2, 3, 2]|[0, 2, 1, 1, 3, 3, 0, 1, 0, 0, 0, 0, 1, 0, 1, 0, 0, 3, 1, 0, 0, 0, 3, 1, 0, 2, 0, 0, 0, 1, 0, 0, 0, 0, 3, 0, 1, 0, 0, 2, 1, 1, 2, 0, 0, 0, 0, 1, 1, 0, 0, 0, 1, 3, 0, 0, 1, 0, 0, 1, 0, 2, 0, 1, 1, 2, 1, 0, 0, 1, 1, 3, 0, 1, 3, 0, 1, 0, 0, 2, 1, 0, 0, 0, 1, 0, 0, 0, 0, 0, 2, 1, 0, 1, 3, 1, 0, 0, 0, 0],843.7439659666079,57777.80974073964,86440.68470675517,false
59,G1_CMAX,G1_CMAX,[31, 22, 82, 15, 26, 99, 95, 42, 77, 12, 47, 5, 93, 78, 86, 54, 21, 63, 18, 44, 20, 35, 43, 97, 91, 76, 10, 30, 85, 45, 71, 64, 1, 23, 17, 83, 24, 14, 60, 36, 6, 57, 40, 88, 65, 56, 79, 94, 67, 68, 46, 75, 38, 9, 19, 32, 41, 81, 27, 87, 90, 58, 59, 11, 16, 72, 73, 70, 39, 37, 84, 3, 92, 25, 55, 48, 74, 29, 51, 7, 33, 61, 98, 28, 89, 50, 4, 96, 53, 80, 8, 66, 34, 49, 52, 0, 62, 69, 2, 13]|[1, 1, 0, 1, 1, 0, 1, 1, 2, 1, 2, 2, 2, 1, 1, 0, 0, 1, 0, 2, 2, 0, 1, 2, 0, 1, 2, 2, 0, 0, 1, 2, 1, 2, 1, 0, 2, 0, 1, 1, 0, 1, 1, 1, 0, 2, 1, 1, 0, 0, 0, 0, 1, 1, 2, 1, 0, 2, 0, 2, 1, 0, 1, 2, 1, 2, 1, 1, 1, 1, 1, 1, 0, 1, 2, 0, 2, 0, 0, 2, 2, 1, 2, 0, 1, 0, 1, 2, 0, 0, 1, 2, 2, 0, 1, 0, 1, 1, 0, 0]|[0, 3, 2, 2, 4, 1, 2, 3, 2, 4, 1, 1, 2, 4, 4, 1, 1, 4, 2, 1, 1, 1, 1, 2, 1, 2, 1, 1, 2, 1, 3, 2, 3, 1, 4, 0, 1, 1, 0, 3, 2, 2, 2, 0, 1, 1, 0, 4, 0, 1, 2, 2, 1, 4, 0, 3, 1, 1, 1, 1, 3, 1, 1, 1, 3, 0, 4, 3, 1, 4, 1, 1, 0, 4, 1, 1, 1, 1, 1, 1, 1, 3, 1, 2, 1, 1, 4, 1, 2, 1, 3, 1, 1, 1, 1, 2, 1, 4, 2, 2]|[0, 2, 1, 1, 3, 0, 1, 3, 0, 0, 0, 0, 1, 0, 1, 0, 0, 3, 1, 0, 0, 0, 3, 1, 0, 2, 0, 0, 0, 1, 0, 0, 0, 0, 3, 0, 1, 0, 0, 2, 1, 1, 1, 0, 0, 0, 0, 2, 1, 0, 0, 0, 1, 3, 0, 0, 0, 0, 0, 0, 2, 0, 1, 0, 2, 1, 0, 0, 1, 1, 3, 1, 1, 3, 0, 0, 0, 0, 0, 0, 0, 0, 0, 1, 1, 0, 0, 0, 1, 0, 2, 0, 0, 1, 1, 0, 1, 2, 0, 0],730.1276596856602,56815.01019440286,94351.50741240397,false
59,G4_BALANCED,G3_TWC,[31, 22, 42, 15, 26, 58, 95, 82, 77, 12, 47, 5, 93, 78, 98, 54, 85, 63, 18, 44, 20, 35, 43, 97, 91, 76, 10, 30, 21, 45, 71, 64, 1, 23, 17, 83, 24, 61, 60, 49, 6, 57, 94, 88, 65, 56, 79, 40, 67, 68, 46, 75, 0, 9, 19, 32, 81, 41, 27, 62, 87, 90, 99, 59, 53, 16, 72, 73, 70, 39, 37, 84, 3, 92, 25, 74, 28, 38, 51, 7, 11, 14, 86, 48, 89, 50, 66, 96, 33, 80, 8, 4, 34, 36, 2, 52, 13, 29, 69, 55]|[1, 1, 0, 1, 1, 1, 2, 1, 2, 1, 2, 2, 2, 1, 1, 0, 0, 1, 0, 2, 2, 0, 1, 2, 0, 1, 2, 2, 0, 0, 1, 2, 1, 0, 1, 0, 2, 0, 1, 1, 0, 1, 1, 1, 0, 2, 1, 1, 0, 0, 0, 0, 1, 1, 2, 1, 2, 0, 0, 0, 2, 1, 0, 1, 0, 1, 2, 1, 1, 1, 1, 1, 2, 0, 1, 2, 0, 0, 0, 0, 0, 1, 0, 0, 1, 0, 0, 0, 2, 0, 1, 0, 2, 0, 0, 1, 0, 0, 1, 1]|[4, 3, 2, 2, 0, 0, 2, 2, 2, 4, 1, 1, 2, 4, 4, 1, 1, 4, 2, 1, 1, 1, 1, 2, 1, 2, 1, 1, 1, 1, 3, 2, 3, 0, 4, 0, 1, 1, 0, 3, 2, 2, 4, 0, 1, 1, 3, 2, 0, 1, 2, 2, 1, 4, 0, 3, 2, 1, 1, 2, 1, 3, 1, 1, 2, 3, 0, 4, 3, 1, 4, 1, 1, 2, 4, 1, 2, 1, 1, 1, 2, 3, 1, 1, 1, 1, 1, 1, 1, 1, 3, 2, 1, 1, 2, 1, 2, 2, 3, 4]|[0, 2, 1, 1, 3, 3, 0, 1, 0, 0, 0, 0, 1, 0, 1, 0, 0, 3, 1, 0, 0, 0, 3, 1, 0, 2, 0, 0, 0, 1, 0, 0, 0, 0, 3, 0, 1, 0, 0, 2, 1, 1, 2, 0, 0, 0, 0, 1, 1, 0, 0, 0, 1, 3, 0, 0, 1, 0, 0, 1, 0, 2, 0, 1, 1, 2, 1, 0, 0, 1, 1, 3, 0, 1, 3, 0, 1, 0, 0, 0, 1, 0, 0, 0, 1, 0, 0, 0, 0, 0, 2, 1, 0, 1, 0, 1, 0, 0, 0, 3],854.7269409995423,57867.90048713336,86292.45115777879,true
59,G2_TEC,G2_TEC,[20, 94, 82, 15, 26, 9, 95, 42, 77, 68, 47, 5, 93, 78, 86, 54, 85, 63, 18, 44, 31, 49, 36, 14, 74, 50, 53, 17, 21, 28, 11, 64, 3, 23, 30, 83, 24, 41, 40, 52, 65, 27, 90, 70, 39, 87, 48, 69, 99, 4, 46, 1, 13, 56, 97, 59, 45, 8, 73, 37, 35, 79, 71, 66, 76, 16, 60, 80, 58, 6, 67, 61, 33, 7, 57, 34, 12, 32, 10, 38, 96, 88, 43, 81, 91, 2, 84, 29, 92, 19, 51, 89, 22, 75, 25, 72, 55, 98, 62, 0]|[2, 1, 2, 1, 1, 2, 1, 1, 1, 1, 1, 0, 2, 2, 1, 2, 0, 0, 0, 2, 2, 1, 0, 2, 0, 2, 2, 1, 0, 1, 1, 1, 0, 0, 1, 0, 2, 1, 2, 2, 0, 0, 1, 1, 0, 2, 0, 2, 1, 0, 0, 2, 0, 2, 2, 0, 1, 1, 0, 0, 2, 1, 1, 2, 2, 2, 2, 2, 2, 1, 2, 1, 1, 2, 0, 1, 1, 0, 1, 0, 0, 1, 1, 1, 1, 0, 0, 1, 0, 1, 1, 1, 2, 0, 1, 1, 0, 2, 1, 0]|[1, 3, 0, 3, 4, 1, 4, 4, 4, 4, 3, 2, 1, 0, 2, 1, 1, 1, 2, 1, 1, 3, 0, 1, 0, 1, 1, 4, 1, 4, 3, 2, 2, 0, 4, 1, 1, 4, 1, 1, 2, 1, 4, 4, 1, 1, 0, 1, 3, 2, 2, 1, 2, 1, 1, 2, 4, 3, 0, 2, 1, 3, 3, 1, 1, 1, 1, 1, 1, 4, 1, 3, 4, 1, 2, 4, 3, 2, 3, 2, 2, 4, 4, 4, 3, 2, 2, 3, 2, 4, 3, 4, 1, 2, 4, 4, 2, 1, 3, 2]|[0, 2, 0, 0, 3, 0, 1, 3, 1, 0, 2, 0, 1, 0, 1, 0, 0, 0, 1, 0, 0, 2, 0, 0, 1, 0, 0, 3, 0, 1, 0, 2, 0, 0, 3, 0, 1, 1, 0, 0, 0, 0, 1, 3, 0, 0, 1, 0, 2, 0, 0, 0, 0, 0, 1, 0, 1, 0, 1, 1, 0, 2, 0, 0, 0, 0, 0, 0, 0, 2, 0, 0, 1, 0, 0, 1, 0, 0, 3, 0, 0, 1, 2, 2, 0, 0, 0, 3, 0, 1, 0, 1, 0, 0, 3, 1, 0, 0, 0, 0],910.6016522559228,48405.50430007148,106574.75635634674,false
59,G3_TWC,G3_TWC,[31, 22, 42, 15, 26, 58, 95, 82, 77, 12, 47, 5, 93, 78, 98, 54, 85, 63, 18, 44, 20, 35, 43, 97, 91, 76, 10, 30, 21, 45, 71, 64, 1, 23, 17, 83, 24, 61, 60, 49, 6, 57, 94, 88, 65, 56, 79, 40, 67, 68, 46, 75, 0, 9, 19, 32, 81, 41, 27, 62, 87, 90, 99, 59, 53, 16, 72, 73, 70, 39, 37, 84, 3, 92, 25, 74, 28, 38, 51, 7, 11, 14, 86, 48, 89, 66, 50, 96, 33, 80, 8, 4, 34, 36, 55, 52, 13, 29, 69, 2]|[1, 1, 0, 1, 1, 1, 2, 1, 2, 1, 2, 2, 2, 1, 1, 0, 0, 1, 0, 2, 2, 0, 1, 2, 0, 1, 2, 2, 0, 0, 1, 2, 1, 0, 1, 0, 2, 0, 1, 1, 0, 1, 1, 1, 0, 2, 1, 1, 0, 0, 0, 0, 1, 1, 2, 1, 2, 0, 0, 0, 2, 1, 0, 1, 0, 1, 2, 1, 1, 1, 1, 1, 2, 0, 1, 2, 0, 0, 0, 1, 0, 1, 0, 0, 1, 0, 0, 0, 2, 0, 1, 0, 2, 0, 1, 1, 0, 0, 1, 0]|[4, 3, 2, 2, 0, 0, 2, 2, 2, 4, 1, 1, 2, 4, 4, 1, 1, 4, 2, 1, 1, 1, 1, 2, 1, 2, 1, 1, 1, 1, 3, 2, 3, 0, 4, 0, 1, 1, 0, 3, 2, 2, 4, 0, 1, 1, 3, 2, 0, 1, 2, 2, 1, 4, 0, 3, 2, 1, 1, 2, 1, 3, 1, 1, 2, 3, 0, 4, 3, 1, 4, 1, 1, 2, 4, 1, 2, 1, 1, 3, 2, 3, 1, 1, 1, 1, 1, 1, 1, 1, 3, 2, 1, 1, 4, 1, 2, 2, 3, 2]|[0, 2, 1, 1, 3, 3, 0, 1, 0, 0, 0, 0, 1, 0, 1, 0, 0, 3, 1, 0, 0, 0, 3, 1, 0, 2, 0, 0, 0, 1, 0, 0, 0, 0, 3, 0, 1, 0, 0, 2, 1, 1, 2, 0, 0, 0, 0, 1, 1, 0, 0, 0, 1, 3, 0, 0, 1, 0, 0, 1, 0, 2, 0, 1, 1, 2, 1, 0, 0, 1, 1, 3, 0, 1, 3, 0, 1, 0, 0, 2, 1, 0, 0, 0, 1, 0, 0, 0, 0, 0, 2, 1, 0, 1, 3, 1, 0, 0, 0, 0],843.7439659666079,57777.80974073964,86440.68470675517,false
59,G1_CMAX,G1_CMAX,[31, 22, 82, 15, 26, 99, 95, 42, 77, 12, 47, 5, 93, 78, 86, 54, 21, 63, 18, 44, 20, 35, 43, 97, 91, 76, 10, 30, 85, 45, 71, 64, 1, 23, 17, 83, 24, 14, 60, 36, 6, 57, 40, 88, 65, 56, 79, 94, 67, 68, 46, 75, 38, 9, 19, 32, 41, 81, 27, 87, 90, 58, 59, 11, 16, 72, 73, 70, 39, 37, 84, 3, 92, 25, 55, 48, 74, 29, 51, 7, 33, 61, 98, 28, 89, 50, 4, 96, 53, 80, 8, 66, 34, 49, 52, 0, 62, 69, 2, 13]|[1, 1, 0, 1, 1, 0, 1, 1, 2, 1, 2, 2, 2, 1, 1, 0, 0, 1, 0, 2, 2, 0, 1, 2, 0, 1, 2, 2, 0, 0, 1, 2, 1, 2, 1, 0, 2, 0, 1, 1, 0, 1, 1, 1, 0, 2, 1, 1, 0, 0, 0, 0, 1, 1, 2, 1, 0, 2, 0, 2, 1, 0, 1, 2, 1, 2, 1, 1, 1, 1, 1, 1, 0, 1, 2, 0, 2, 0, 0, 2, 2, 1, 2, 0, 1, 0, 1, 2, 0, 0, 1, 2, 2, 0, 1, 0, 1, 1, 0, 0]|[0, 3, 2, 2, 4, 1, 2, 3, 2, 4, 1, 1, 2, 4, 4, 1, 1, 4, 2, 1, 1, 1, 1, 2, 1, 2, 1, 1, 2, 1, 3, 2, 3, 1, 4, 0, 1, 1, 0, 3, 2, 2, 2, 0, 1, 1, 0, 4, 0, 1, 2, 2, 1, 4, 0, 3, 1, 1, 1, 1, 3, 1, 1, 1, 3, 0, 4, 3, 1, 4, 1, 1, 0, 4, 1, 1, 1, 1, 1, 1, 1, 3, 1, 2, 1, 1, 4, 1, 2, 1, 3, 1, 1, 1, 1, 2, 1, 4, 2, 2]|[0, 2, 1, 1, 3, 0, 1, 3, 0, 0, 0, 0, 1, 0, 1, 0, 0, 3, 1, 0, 0, 0, 3, 1, 0, 2, 0, 0, 0, 1, 0, 0, 0, 0, 3, 0, 1, 0, 0, 2, 1, 1, 1, 0, 0, 0, 0, 2, 1, 0, 0, 0, 1, 3, 0, 0, 0, 0, 0, 0, 2, 0, 1, 0, 2, 1, 0, 0, 1, 1, 3, 1, 1, 3, 0, 0, 0, 0, 0, 0, 0, 0, 0, 1, 1, 0, 0, 0, 1, 0, 2, 0, 0, 1, 1, 0, 1, 2, 0, 0],730.1276596856602,56815.01019440286,94351.50741240397,false
59,G4_BALANCED,G3_TWC,[31, 22, 42, 15, 26, 58, 95, 82, 77, 12, 47, 5, 93, 78, 98, 54, 85, 63, 18, 44, 20, 35, 43, 97, 91, 76, 10, 30, 21, 45, 71, 64, 1, 23, 17, 83, 24, 61, 60, 49, 6, 57, 94, 88, 65, 56, 79, 40, 67, 68, 46, 75, 0, 9, 19, 32, 81, 41, 27, 62, 87, 90, 99, 59, 53, 16, 72, 73, 70, 39, 37, 84, 3, 92, 25, 74, 28, 38, 51, 7, 11, 14, 86, 48, 89, 50, 66, 96, 33, 80, 8, 4, 34, 36, 2, 52, 13, 29, 69, 55]|[1, 1, 0, 1, 1, 1, 2, 1, 2, 1, 2, 2, 2, 1, 1, 0, 0, 1, 0, 2, 2, 0, 1, 2, 0, 1, 2, 2, 0, 0, 1, 2, 1, 0, 1, 0, 2, 0, 1, 1, 0, 1, 1, 1, 0, 2, 1, 1, 0, 0, 0, 0, 1, 1, 2, 1, 2, 0, 0, 0, 2, 1, 0, 1, 0, 1, 2, 1, 1, 1, 1, 1, 2, 0, 1, 2, 0, 0, 0, 0, 0, 1, 0, 0, 1, 0, 0, 0, 2, 0, 1, 0, 2, 0, 0, 1, 0, 0, 1, 1]|[4, 3, 2, 2, 0, 0, 2, 2, 2, 4, 1, 1, 2, 4, 4, 1, 1, 4, 2, 1, 1, 1, 1, 2, 1, 2, 1, 1, 1, 1, 3, 2, 3, 0, 4, 0, 1, 1, 0, 3, 2, 2, 4, 0, 1, 1, 3, 2, 0, 1, 2, 2, 1, 4, 0, 3, 2, 1, 1, 2, 1, 3, 1, 1, 2, 3, 0, 4, 3, 1, 4, 1, 1, 2, 4, 1, 2, 1, 1, 1, 2, 3, 1, 1, 1, 1, 1, 1, 1, 1, 3, 2, 1, 1, 2, 1, 2, 2, 3, 4]|[0, 2, 1, 1, 3, 3, 0, 1, 0, 0, 0, 0, 1, 0, 1, 0, 0, 3, 1, 0, 0, 0, 3, 1, 0, 2, 0, 0, 0, 1, 0, 0, 0, 0, 3, 0, 1, 0, 0, 2, 1, 1, 2, 0, 0, 0, 0, 1, 1, 0, 0, 0, 1, 3, 0, 0, 1, 0, 0, 1, 0, 2, 0, 1, 1, 2, 1, 0, 0, 1, 1, 3, 0, 1, 3, 0, 1, 0, 0, 0, 1, 0, 0, 0, 1, 0, 0, 0, 0, 0, 2, 1, 0, 1, 0, 1, 0, 0, 0, 3],854.7269409995423,57867.90048713336,86292.45115777879,true
59,G2_TEC,G2_TEC,[20, 94, 82, 15, 26, 9, 95, 42, 77, 68, 47, 5, 93, 78, 86, 54, 85, 63, 18, 44, 31, 49, 36, 14, 74, 50, 53, 17, 21, 28, 11, 64, 3, 23, 30, 83, 24, 41, 40, 52, 65, 27, 90, 70, 39, 87, 48, 69, 99, 4, 46, 1, 13, 56, 97, 59, 45, 8, 73, 37, 35, 79, 71, 66, 76, 16, 60, 80, 58, 6, 67, 61, 33, 7, 57, 34, 12, 32, 10, 38, 96, 88, 43, 81, 91, 2, 84, 29, 92, 19, 51, 89, 22, 75, 25, 72, 55, 98, 62, 0]|[2, 1, 2, 1, 1, 2, 1, 1, 1, 1, 1, 0, 2, 2, 1, 2, 0, 0, 0, 2, 2, 1, 0, 2, 0, 2, 2, 1, 0, 1, 1, 1, 0, 0, 1, 0, 2, 1, 2, 2, 0, 0, 1, 1, 0, 2, 0, 2, 1, 0, 0, 2, 0, 2, 2, 0, 1, 1, 0, 0, 2, 1, 1, 2, 2, 2, 2, 2, 2, 1, 2, 1, 1, 2, 0, 1, 1, 0, 1, 0, 0, 1, 1, 1, 1, 0, 0, 1, 0, 1, 1, 1, 2, 0, 1, 1, 0, 2, 1, 0]|[1, 3, 0, 3, 4, 1, 4, 4, 4, 4, 3, 2, 1, 0, 2, 1, 1, 1, 2, 1, 1, 3, 0, 1, 0, 1, 1, 4, 1, 4, 3, 2, 2, 0, 4, 1, 1, 4, 1, 1, 2, 1, 4, 4, 1, 1, 0, 1, 3, 2, 2, 1, 2, 1, 1, 2, 4, 3, 0, 2, 1, 3, 3, 1, 1, 1, 1, 1, 1, 4, 1, 3, 4, 1, 2, 4, 3, 2, 3, 2, 2, 4, 4, 4, 3, 2, 2, 3, 2, 4, 3, 4, 1, 2, 4, 4, 2, 1, 3, 2]|[0, 2, 0, 0, 3, 0, 1, 3, 1, 0, 2, 0, 1, 0, 1, 0, 0, 0, 1, 0, 0, 2, 0, 0, 1, 0, 0, 3, 0, 1, 0, 2, 0, 0, 3, 0, 1, 1, 0, 0, 0, 0, 1, 3, 0, 0, 1, 0, 2, 0, 0, 0, 0, 0, 1, 0, 1, 0, 1, 1, 0, 2, 0, 0, 0, 0, 0, 0, 0, 2, 0, 0, 1, 0, 0, 1, 0, 0, 3, 0, 0, 1, 2, 2, 0, 0, 0, 3, 0, 1, 0, 1, 0, 0, 3, 1, 0, 0, 0, 0],910.6016522559228,48405.50430007148,106574.75635634674,false
59,G3_TWC,G3_TWC,[31, 22, 42, 15, 26, 58, 95, 82, 77, 12, 47, 5, 93, 78, 98, 54, 85, 63, 18, 44, 20, 35, 43, 97, 91, 76, 10, 30, 21, 45, 71, 64, 1, 23, 17, 83, 24, 61, 60, 49, 6, 57, 94, 88, 65, 56, 79, 40, 67, 68, 46, 75, 0, 9, 19, 32, 81, 41, 27, 62, 87, 90, 99, 59, 53, 16, 72, 73, 70, 39, 37, 84, 3, 92, 25, 74, 28, 38, 51, 7, 11, 14, 86, 48, 89, 66, 50, 96, 33, 80, 8, 4, 34, 36, 55, 52, 13, 29, 69, 2]|[1, 1, 0, 1, 1, 1, 2, 1, 2, 1, 2, 2, 2, 1, 1, 0, 0, 1, 0, 2, 2, 0, 1, 2, 0, 1, 2, 2, 0, 0, 1, 2, 1, 0, 1, 0, 2, 0, 1, 1, 0, 1, 1, 1, 0, 2, 1, 1, 0, 0, 0, 0, 1, 1, 2, 1, 2, 0, 0, 0, 2, 1, 0, 1, 0, 1, 2, 1, 1, 1, 1, 1, 2, 0, 1, 2, 0, 0, 0, 1, 0, 1, 0, 0, 1, 0, 0, 0, 2, 0, 1, 0, 2, 0, 1, 1, 0, 0, 1, 0]|[4, 3, 2, 2, 0, 0, 2, 2, 2, 4, 1, 1, 2, 4, 4, 1, 1, 4, 2, 1, 1, 1, 1, 2, 1, 2, 1, 1, 1, 1, 3, 2, 3, 0, 4, 0, 1, 1, 0, 3, 2, 2, 4, 0, 1, 1, 3, 2, 0, 1, 2, 2, 1, 4, 0, 3, 2, 1, 1, 2, 1, 3, 1, 1, 2, 3, 0, 4, 3, 1, 4, 1, 1, 2, 4, 1, 2, 1, 1, 3, 2, 3, 1, 1, 1, 1, 1, 1, 1, 1, 3, 2, 1, 1, 4, 1, 2, 2, 3, 2]|[0, 2, 1, 1, 3, 3, 0, 1, 0, 0, 0, 0, 1, 0, 1, 0, 0, 3, 1, 0, 0, 0, 3, 1, 0, 2, 0, 0, 0, 1, 0, 0, 0, 0, 3, 0, 1, 0, 0, 2, 1, 1, 2, 0, 0, 0, 0, 1, 1, 0, 0, 0, 1, 3, 0, 0, 1, 0, 0, 1, 0, 2, 0, 1, 1, 2, 1, 0, 0, 1, 1, 3, 0, 1, 3, 0, 1, 0, 0, 2, 1, 0, 0, 0, 1, 0, 0, 0, 0, 0, 2, 1, 0, 1, 3, 1, 0, 0, 0, 0],843.7439659666079,57777.80974073964,86440.68470675517,false
59,G1_CMAX,G1_CMAX,[31, 22, 82, 15, 26, 99, 95, 42, 77, 12, 47, 5, 93, 78, 86, 54, 21, 63, 18, 44, 20, 35, 43, 97, 91, 76, 10, 30, 85, 45, 71, 64, 1, 23, 17, 83, 24, 14, 60, 36, 6, 57, 40, 88, 65, 56, 79, 94, 67, 68, 46, 75, 38, 9, 19, 32, 41, 81, 27, 87, 90, 58, 59, 11, 16, 72, 73, 70, 39, 37, 84, 3, 92, 25, 55, 48, 74, 29, 51, 7, 33, 61, 98, 28, 89, 50, 4, 96, 53, 80, 8, 66, 34, 49, 52, 0, 62, 69, 2, 13]|[1, 1, 0, 1, 1, 0, 1, 1, 2, 1, 2, 2, 2, 1, 1, 0, 0, 1, 0, 2, 2, 0, 1, 2, 0, 1, 2, 2, 0, 0, 1, 2, 1, 2, 1, 0, 2, 0, 1, 1, 0, 1, 1, 1, 0, 2, 1, 1, 0, 0, 0, 0, 1, 1, 2, 1, 0, 2, 0, 2, 1, 0, 1, 2, 1, 2, 1, 1, 1, 1, 1, 1, 0, 1, 2, 0, 2, 0, 0, 2, 2, 1, 2, 0, 1, 0, 1, 2, 0, 0, 1, 2, 2, 0, 1, 0, 1, 1, 0, 0]|[0, 3, 2, 2, 4, 1, 2, 3, 2, 4, 1, 1, 2, 4, 4, 1, 1, 4, 2, 1, 1, 1, 1, 2, 1, 2, 1, 1, 2, 1, 3, 2, 3, 1, 4, 0, 1, 1, 0, 3, 2, 2, 2, 0, 1, 1, 0, 4, 0, 1, 2, 2, 1, 4, 0, 3, 1, 1, 1, 1, 3, 1, 1, 1, 3, 0, 4, 3, 1, 4, 1, 1, 0, 4, 1, 1, 1, 1, 1, 1, 1, 3, 1, 2, 1, 1, 4, 1, 2, 1, 3, 1, 1, 1, 1, 2, 1, 4, 2, 2]|[0, 2, 1, 1, 3, 0, 1, 3, 0, 0, 0, 0, 1, 0, 1, 0, 0, 3, 1, 0, 0, 0, 3, 1, 0, 2, 0, 0, 0, 1, 0, 0, 0, 0, 3, 0, 1, 0, 0, 2, 1, 1, 1, 0, 0, 0, 0, 2, 1, 0, 0, 0, 1, 3, 0, 0, 0, 0, 0, 0, 2, 0, 1, 0, 2, 1, 0, 0, 1, 1, 3, 1, 1, 3, 0, 0, 0, 0, 0, 0, 0, 0, 0, 1, 1, 0, 0, 0, 1, 0, 2, 0, 0, 1, 1, 0, 1, 2, 0, 0],730.1276596856602,56815.01019440286,94351.50741240397,false
59,G4_BALANCED,G3_TWC,[31, 22, 42, 15, 26, 58, 95, 82, 77, 12, 47, 5, 93, 78, 98, 54, 85, 63, 18, 44, 20, 35, 43, 97, 91, 76, 10, 30, 21, 45, 71, 64, 1, 23, 17, 83, 24, 61, 60, 49, 6, 57, 94, 88, 65, 56, 79, 40, 67, 68, 46, 75, 0, 9, 19, 32, 81, 41, 27, 62, 87, 90, 99, 59, 53, 16, 72, 73, 70, 39, 37, 84, 3, 92, 25, 74, 28, 38, 51, 7, 11, 14, 86, 48, 89, 50, 66, 96, 33, 80, 8, 4, 34, 36, 2, 52, 13, 29, 69, 55]|[1, 1, 0, 1, 1, 1, 2, 1, 2, 1, 2, 2, 2, 1, 1, 0, 0, 1, 0, 2, 2, 0, 1, 2, 0, 1, 2, 2, 0, 0, 1, 2, 1, 0, 1, 0, 2, 0, 1, 1, 0, 1, 1, 1, 0, 2, 1, 1, 0, 0, 0, 0, 1, 1, 2, 1, 2, 0, 0, 0, 2, 1, 0, 1, 0, 1, 2, 1, 1, 1, 1, 1, 2, 0, 1, 2, 0, 0, 0, 0, 0, 1, 0, 0, 1, 0, 0, 0, 2, 0, 1, 0, 2, 0, 0, 1, 0, 0, 1, 1]|[4, 3, 2, 2, 0, 0, 2, 2, 2, 4, 1, 1, 2, 4, 4, 1, 1, 4, 2, 1, 1, 1, 1, 2, 1, 2, 1, 1, 1, 1, 3, 2, 3, 0, 4, 0, 1, 1, 0, 3, 2, 2, 4, 0, 1, 1, 3, 2, 0, 1, 2, 2, 1, 4, 0, 3, 2, 1, 1, 2, 1, 3, 1, 1, 2, 3, 0, 4, 3, 1, 4, 1, 1, 2, 4, 1, 2, 1, 1, 1, 2, 3, 1, 1, 1, 1, 1, 1, 1, 1, 3, 2, 1, 1, 2, 1, 2, 2, 3, 4]|[0, 2, 1, 1, 3, 3, 0, 1, 0, 0, 0, 0, 1, 0, 1, 0, 0, 3, 1, 0, 0, 0, 3, 1, 0, 2, 0, 0, 0, 1, 0, 0, 0, 0, 3, 0, 1, 0, 0, 2, 1, 1, 2, 0, 0, 0, 0, 1, 1, 0, 0, 0, 1, 3, 0, 0, 1, 0, 0, 1, 0, 2, 0, 1, 1, 2, 1, 0, 0, 1, 1, 3, 0, 1, 3, 0, 1, 0, 0, 0, 1, 0, 0, 0, 1, 0, 0, 0, 0, 0, 2, 1, 0, 1, 0, 1, 0, 0, 0, 3],854.7269409995423,57867.90048713336,86292.45115777879,true
59,G2_TEC,G2_TEC,[20, 94, 82, 15, 26, 9, 95, 42, 77, 68, 47, 5, 93, 78, 86, 54, 85, 63, 18, 44, 31, 49, 36, 14, 74, 50, 53, 17, 21, 28, 11, 64, 3, 23, 30, 83, 24, 41, 40, 52, 65, 27, 90, 70, 39, 87, 48, 69, 99, 4, 46, 1, 13, 56, 97, 59, 45, 8, 73, 37, 35, 79, 71, 66, 76, 16, 60, 80, 58, 6, 67, 61, 33, 7, 57, 34, 12, 32, 10, 38, 96, 88, 43, 81, 91, 2, 84, 29, 92, 19, 51, 89, 22, 75, 25, 72, 55, 98, 62, 0]|[2, 1, 2, 1, 1, 2, 1, 1, 1, 1, 1, 0, 2, 2, 1, 2, 0, 0, 0, 2, 2, 1, 0, 2, 0, 2, 2, 1, 0, 1, 1, 1, 0, 0, 1, 0, 2, 1, 2, 2, 0, 0, 1, 1, 0, 2, 0, 2, 1, 0, 0, 2, 0, 2, 2, 0, 1, 1, 0, 0, 2, 1, 1, 2, 2, 2, 2, 2, 2, 1, 2, 1, 1, 2, 0, 1, 1, 0, 1, 0, 0, 1, 1, 1, 1, 0, 0, 1, 0, 1, 1, 1, 2, 0, 1, 1, 0, 2, 1, 0]|[1, 3, 0, 3, 4, 1, 4, 4, 4, 4, 3, 2, 1, 0, 2, 1, 1, 1, 2, 1, 1, 3, 0, 1, 0, 1, 1, 4, 1, 4, 3, 2, 2, 0, 4, 1, 1, 4, 1, 1, 2, 1, 4, 4, 1, 1, 0, 1, 3, 2, 2, 1, 2, 1, 1, 2, 4, 3, 0, 2, 1, 3, 3, 1, 1, 1, 1, 1, 1, 4, 1, 3, 4, 1, 2, 4, 3, 2, 3, 2, 2, 4, 4, 4, 3, 2, 2, 3, 2, 4, 3, 4, 1, 2, 4, 4, 2, 1, 3, 2]|[0, 2, 0, 0, 3, 0, 1, 3, 1, 0, 2, 0, 1, 0, 1, 0, 0, 0, 1, 0, 0, 2, 0, 0, 1, 0, 0, 3, 0, 1, 0, 2, 0, 0, 3, 0, 1, 1, 0, 0, 0, 0, 1, 3, 0, 0, 1, 0, 2, 0, 0, 0, 0, 0, 1, 0, 1, 0, 1, 1, 0, 2, 0, 0, 0, 0, 0, 0, 0, 2, 0, 0, 1, 0, 0, 1, 0, 0, 3, 0, 0, 1, 2, 2, 0, 0, 0, 3, 0, 1, 0, 1, 0, 0, 3, 1, 0, 0, 0, 0],910.6016522559228,48405.50430007148,106574.75635634674,false
59,G3_TWC,G3_TWC,[31, 22, 42, 15, 26, 58, 95, 82, 77, 12, 47, 5, 93, 78, 98, 54, 85, 63, 18, 44, 20, 35, 43, 97, 91, 76, 10, 30, 21, 45, 71, 64, 1, 23, 17, 83, 24, 61, 60, 49, 6, 57, 94, 88, 65, 56, 79, 40, 67, 68, 46, 75, 0, 9, 19, 32, 81, 41, 27, 62, 87, 90, 99, 59, 53, 16, 72, 73, 70, 39, 37, 84, 3, 92, 25, 74, 28, 38, 51, 7, 11, 14, 86, 48, 89, 66, 50, 96, 33, 80, 8, 4, 34, 36, 55, 52, 13, 29, 69, 2]|[1, 1, 0, 1, 1, 1, 2, 1, 2, 1, 2, 2, 2, 1, 1, 0, 0, 1, 0, 2, 2, 0, 1, 2, 0, 1, 2, 2, 0, 0, 1, 2, 1, 0, 1, 0, 2, 0, 1, 1, 0, 1, 1, 1, 0, 2, 1, 1, 0, 0, 0, 0, 1, 1, 2, 1, 2, 0, 0, 0, 2, 1, 0, 1, 0, 1, 2, 1, 1, 1, 1, 1, 2, 0, 1, 2, 0, 0, 0, 1, 0, 1, 0, 0, 1, 0, 0, 0, 2, 0, 1, 0, 2, 0, 1, 1, 0, 0, 1, 0]|[4, 3, 2, 2, 0, 0, 2, 2, 2, 4, 1, 1, 2, 4, 4, 1, 1, 4, 2, 1, 1, 1, 1, 2, 1, 2, 1, 1, 1, 1, 3, 2, 3, 0, 4, 0, 1, 1, 0, 3, 2, 2, 4, 0, 1, 1, 3, 2, 0, 1, 2, 2, 1, 4, 0, 3, 2, 1, 1, 2, 1, 3, 1, 1, 2, 3, 0, 4, 3, 1, 4, 1, 1, 2, 4, 1, 2, 1, 1, 3, 2, 3, 1, 1, 1, 1, 1, 1, 1, 1, 3, 2, 1, 1, 4, 1, 2, 2, 3, 2]|[0, 2, 1, 1, 3, 3, 0, 1, 0, 0, 0, 0, 1, 0, 1, 0, 0, 3, 1, 0, 0, 0, 3, 1, 0, 2, 0, 0, 0, 1, 0, 0, 0, 0, 3, 0, 1, 0, 0, 2, 1, 1, 2, 0, 0, 0, 0, 1, 1, 0, 0, 0, 1, 3, 0, 0, 1, 0, 0, 1, 0, 2, 0, 1, 1, 2, 1, 0, 0, 1, 1, 3, 0, 1, 3, 0, 1, 0, 0, 2, 1, 0, 0, 0, 1, 0, 0, 0, 0, 0, 2, 1, 0, 1, 3, 1, 0, 0, 0, 0],843.7439659666079,57777.80974073964,86440.68470675517,false
59,G1_CMAX,G1_CMAX,[31, 22, 82, 15, 26, 99, 95, 42, 77, 12, 47, 5, 93, 78, 86, 54, 21, 63, 18, 44, 20, 35, 43, 97, 91, 76, 10, 30, 85, 45, 71, 64, 1, 23, 17, 83, 24, 14, 60, 36, 6, 57, 40, 88, 65, 56, 79, 94, 67, 68, 46, 75, 38, 9, 19, 32, 41, 81, 27, 87, 90, 58, 59, 11, 16, 72, 73, 70, 39, 37, 84, 3, 92, 25, 55, 48, 74, 29, 51, 7, 33, 61, 98, 28, 89, 50, 4, 96, 53, 80, 8, 66, 34, 49, 52, 0, 62, 69, 2, 13]|[1, 1, 0, 1, 1, 0, 1, 1, 2, 1, 2, 2, 2, 1, 1, 0, 0, 1, 0, 2, 2, 0, 1, 2, 0, 1, 2, 2, 0, 0, 1, 2, 1, 2, 1, 0, 2, 0, 1, 1, 0, 1, 1, 1, 0, 2, 1, 1, 0, 0, 0, 0, 1, 1, 2, 1, 0, 2, 0, 2, 1, 0, 1, 2, 1, 2, 1, 1, 1, 1, 1, 1, 0, 1, 2, 0, 2, 0, 0, 2, 2, 1, 2, 0, 1, 0, 1, 2, 0, 0, 1, 2, 2, 0, 1, 0, 1, 1, 0, 0]|[0, 3, 2, 2, 4, 1, 2, 3, 2, 4, 1, 1, 2, 4, 4, 1, 1, 4, 2, 1, 1, 1, 1, 2, 1, 2, 1, 1, 2, 1, 3, 2, 3, 1, 4, 0, 1, 1, 0, 3, 2, 2, 2, 0, 1, 1, 0, 4, 0, 1, 2, 2, 1, 4, 0, 3, 1, 1, 1, 1, 3, 1, 1, 1, 3, 0, 4, 3, 1, 4, 1, 1, 0, 4, 1, 1, 1, 1, 1, 1, 1, 3, 1, 2, 1, 1, 4, 1, 2, 1, 3, 1, 1, 1, 1, 2, 1, 4, 2, 2]|[0, 2, 1, 1, 3, 0, 1, 3, 0, 0, 0, 0, 1, 0, 1, 0, 0, 3, 1, 0, 0, 0, 3, 1, 0, 2, 0, 0, 0, 1, 0, 0, 0, 0, 3, 0, 1, 0, 0, 2, 1, 1, 1, 0, 0, 0, 0, 2, 1, 0, 0, 0, 1, 3, 0, 0, 0, 0, 0, 0, 2, 0, 1, 0, 2, 1, 0, 0, 1, 1, 3, 1, 1, 3, 0, 0, 0, 0, 0, 0, 0, 0, 0, 1, 1, 0, 0, 0, 1, 0, 2, 0, 0, 1, 1, 0, 1, 2, 0, 0],730.1276596856602,56815.01019440286,94351.50741240397,false
59,G4_BALANCED,G3_TWC,[31, 22, 42, 15, 26, 58, 95, 82, 77, 12, 47, 5, 93, 78, 98, 54, 85, 63, 18, 44, 20, 35, 43, 97, 91, 76, 10, 30, 21, 45, 71, 64, 1, 23, 17, 83, 24, 61, 60, 49, 6, 57, 94, 88, 65, 56, 79, 40, 67, 68, 46, 75, 0, 9, 19, 32, 81, 41, 27, 62, 87, 90, 99, 59, 53, 16, 72, 73, 70, 39, 37, 84, 3, 92, 25, 74, 28, 38, 51, 7, 11, 14, 86, 48, 89, 50, 66, 96, 33, 80, 8, 4, 34, 36, 2, 52, 13, 29, 69, 55]|[1, 1, 0, 1, 1, 1, 2, 1, 2, 1, 2, 2, 2, 1, 1, 0, 0, 1, 0, 2, 2, 0, 1, 2, 0, 1, 2, 2, 0, 0, 1, 2, 1, 0, 1, 0, 2, 0, 1, 1, 0, 1, 1, 1, 0, 2, 1, 1, 0, 0, 0, 0, 1, 1, 2, 1, 2, 0, 0, 0, 2, 1, 0, 1, 0, 1, 2, 1, 1, 1, 1, 1, 2, 0, 1, 2, 0, 0, 0, 0, 0, 1, 0, 0, 1, 0, 0, 0, 2, 0, 1, 0, 2, 0, 0, 1, 0, 0, 1, 1]|[4, 3, 2, 2, 0, 0, 2, 2, 2, 4, 1, 1, 2, 4, 4, 1, 1, 4, 2, 1, 1, 1, 1, 2, 1, 2, 1, 1, 1, 1, 3, 2, 3, 0, 4, 0, 1, 1, 0, 3, 2, 2, 4, 0, 1, 1, 3, 2, 0, 1, 2, 2, 1, 4, 0, 3, 2, 1, 1, 2, 1, 3, 1, 1, 2, 3, 0, 4, 3, 1, 4, 1, 1, 2, 4, 1, 2, 1, 1, 1, 2, 3, 1, 1, 1, 1, 1, 1, 1, 1, 3, 2, 1, 1, 2, 1, 2, 2, 3, 4]|[0, 2, 1, 1, 3, 3, 0, 1, 0, 0, 0, 0, 1, 0, 1, 0, 0, 3, 1, 0, 0, 0, 3, 1, 0, 2, 0, 0, 0, 1, 0, 0, 0, 0, 3, 0, 1, 0, 0, 2, 1, 1, 2, 0, 0, 0, 0, 1, 1, 0, 0, 0, 1, 3, 0, 0, 1, 0, 0, 1, 0, 2, 0, 1, 1, 2, 1, 0, 0, 1, 1, 3, 0, 1, 3, 0, 1, 0, 0, 0, 1, 0, 0, 0, 1, 0, 0, 0, 0, 0, 2, 1, 0, 1, 0, 1, 0, 0, 0, 3],854.7269409995423,57867.90048713336,86292.45115777879,true
59,G2_TEC,G2_TEC,[20, 94, 82, 15, 26, 9, 95, 42, 77, 68, 47, 5, 93, 78, 86, 54, 85, 63, 18, 44, 31, 49, 36, 14, 74, 50, 53, 17, 21, 28, 11, 64, 3, 23, 30, 83, 24, 41, 40, 52, 65, 27, 90, 70, 39, 87, 48, 69, 99, 4, 46, 1, 13, 56, 97, 59, 45, 8, 73, 37, 35, 79, 71, 66, 76, 16, 60, 80, 58, 6, 67, 61, 33, 7, 57, 34, 12, 32, 10, 38, 96, 88, 43, 81, 91, 2, 84, 29, 92, 19, 51, 89, 22, 75, 25, 72, 55, 98, 62, 0]|[2, 1, 2, 1, 1, 2, 1, 1, 1, 1, 1, 0, 2, 2, 1, 2, 0, 0, 0, 2, 2, 1, 0, 2, 0, 2, 2, 1, 0, 1, 1, 1, 0, 0, 1, 0, 2, 1, 2, 2, 0, 0, 1, 1, 0, 2, 0, 2, 1, 0, 0, 2, 0, 2, 2, 0, 1, 1, 0, 0, 2, 1, 1, 2, 2, 2, 2, 2, 2, 1, 2, 1, 1, 2, 0, 1, 1, 0, 1, 0, 0, 1, 1, 1, 1, 0, 0, 1, 0, 1, 1, 1, 2, 0, 1, 1, 0, 2, 1, 0]|[1, 3, 0, 3, 4, 1, 4, 4, 4, 4, 3, 2, 1, 0, 2, 1, 1, 1, 2, 1, 1, 3, 0, 1, 0, 1, 1, 4, 1, 4, 3, 2, 2, 0, 4, 1, 1, 4, 1, 1, 2, 1, 4, 4, 1, 1, 0, 1, 3, 2, 2, 1, 2, 1, 1, 2, 4, 3, 0, 2, 1, 3, 3, 1, 1, 1, 1, 1, 1, 4, 1, 3, 4, 1, 2, 4, 3, 2, 3, 2, 2, 4, 4, 4, 3, 2, 2, 3, 2, 4, 3, 4, 1, 2, 4, 4, 2, 1, 3, 2]|[0, 2, 0, 0, 3, 0, 1, 3, 1, 0, 2, 0, 1, 0, 1, 0, 0, 0, 1, 0, 0, 2, 0, 0, 1, 0, 0, 3, 0, 1, 0, 2, 0, 0, 3, 0, 1, 1, 0, 0, 0, 0, 1, 3, 0, 0, 1, 0, 2, 0, 0, 0, 0, 0, 1, 0, 1, 0, 1, 1, 0, 2, 0, 0, 0, 0, 0, 0, 0, 2, 0, 0, 1, 0, 0, 1, 0, 0, 3, 0, 0, 1, 2, 2, 0, 0, 0, 3, 0, 1, 0, 1, 0, 0, 3, 1, 0, 0, 0, 0],910.6016522559228,48405.50430007148,106574.75635634674,false
59,G3_TWC,G3_TWC,[31, 22, 42, 15, 26, 58, 95, 82, 77, 12, 47, 5, 93, 78, 98, 54, 85, 63, 18, 44, 20, 35, 43, 97, 91, 76, 10, 30, 21, 45, 71, 64, 1, 23, 17, 83, 24, 61, 60, 49, 6, 57, 94, 88, 65, 56, 79, 40, 67, 68, 46, 75, 0, 9, 19, 32, 81, 41, 27, 62, 87, 90, 99, 59, 53, 16, 72, 73, 70, 39, 37, 84, 3, 92, 25, 74, 28, 38, 51, 7, 11, 14, 86, 48, 89, 66, 50, 96, 33, 80, 8, 4, 34, 36, 55, 52, 13, 29, 69, 2]|[1, 1, 0, 1, 1, 1, 2, 1, 2, 1, 2, 2, 2, 1, 1, 0, 0, 1, 0, 2, 2, 0, 1, 2, 0, 1, 2, 2, 0, 0, 1, 2, 1, 0, 1, 0, 2, 0, 1, 1, 0, 1, 1, 1, 0, 2, 1, 1, 0, 0, 0, 0, 1, 1, 2, 1, 2, 0, 0, 0, 2, 1, 0, 1, 0, 1, 2, 1, 1, 1, 1, 1, 2, 0, 1, 2, 0, 0, 0, 1, 0, 1, 0, 0, 1, 0, 0, 0, 2, 0, 1, 0, 2, 0, 1, 1, 0, 0, 1, 0]|[4, 3, 2, 2, 0, 0, 2, 2, 2, 4, 1, 1, 2, 4, 4, 1, 1, 4, 2, 1, 1, 1, 1, 2, 1, 2, 1, 1, 1, 1, 3, 2, 3, 0, 4, 0, 1, 1, 0, 3, 2, 2, 4, 0, 1, 1, 3, 2, 0, 1, 2, 2, 1, 4, 0, 3, 2, 1, 1, 2, 1, 3, 1, 1, 2, 3, 0, 4, 3, 1, 4, 1, 1, 2, 4, 1, 2, 1, 1, 3, 2, 3, 1, 1, 1, 1, 1, 1, 1, 1, 3, 2, 1, 1, 4, 1, 2, 2, 3, 2]|[0, 2, 1, 1, 3, 3, 0, 1, 0, 0, 0, 0, 1, 0, 1, 0, 0, 3, 1, 0, 0, 0, 3, 1, 0, 2, 0, 0, 0, 1, 0, 0, 0, 0, 3, 0, 1, 0, 0, 2, 1, 1, 2, 0, 0, 0, 0, 1, 1, 0, 0, 0, 1, 3, 0, 0, 1, 0, 0, 1, 0, 2, 0, 1, 1, 2, 1, 0, 0, 1, 1, 3, 0, 1, 3, 0, 1, 0, 0, 2, 1, 0, 0, 0, 1, 0, 0, 0, 0, 0, 2, 1, 0, 1, 3, 1, 0, 0, 0, 0],843.7439659666079,57777.80974073964,86440.68470675517,false
59,G1_CMAX,G1_CMAX,[31, 22, 82, 15, 26, 99, 95, 42, 77, 12, 47, 5, 93, 78, 86, 54, 21, 63, 18, 44, 20, 35, 43, 97, 91, 76, 10, 30, 85, 45, 71, 64, 1, 23, 17, 83, 24, 14, 60, 36, 6, 57, 40, 88, 65, 56, 79, 94, 67, 68, 46, 75, 38, 9, 19, 32, 41, 81, 27, 87, 90, 58, 59, 11, 16, 72, 73, 70, 39, 37, 84, 3, 92, 25, 55, 48, 74, 29, 51, 7, 33, 61, 98, 28, 89, 50, 4, 96, 53, 80, 8, 66, 34, 49, 52, 0, 62, 69, 2, 13]|[1, 1, 0, 1, 1, 0, 1, 1, 2, 1, 2, 2, 2, 1, 1, 0, 0, 1, 0, 2, 2, 0, 1, 2, 0, 1, 2, 2, 0, 0, 1, 2, 1, 2, 1, 0, 2, 0, 1, 1, 0, 1, 1, 1, 0, 2, 1, 1, 0, 0, 0, 0, 1, 1, 2, 1, 0, 2, 0, 2, 1, 0, 1, 2, 1, 2, 1, 1, 1, 1, 1, 1, 0, 1, 2, 0, 2, 0, 0, 2, 2, 1, 2, 0, 1, 0, 1, 2, 0, 0, 1, 2, 2, 0, 1, 0, 1, 1, 0, 0]|[0, 3, 2, 2, 4, 1, 2, 3, 2, 4, 1, 1, 2, 4, 4, 1, 1, 4, 2, 1, 1, 1, 1, 2, 1, 2, 1, 1, 2, 1, 3, 2, 3, 1, 4, 0, 1, 1, 0, 3, 2, 2, 2, 0, 1, 1, 0, 4, 0, 1, 2, 2, 1, 4, 0, 3, 1, 1, 1, 1, 3, 1, 1, 1, 3, 0, 4, 3, 1, 4, 1, 1, 0, 4, 1, 1, 1, 1, 1, 1, 1, 3, 1, 2, 1, 1, 4, 1, 2, 1, 3, 1, 1, 1, 1, 2, 1, 4, 2, 2]|[0, 2, 1, 1, 3, 0, 1, 3, 0, 0, 0, 0, 1, 0, 1, 0, 0, 3, 1, 0, 0, 0, 3, 1, 0, 2, 0, 0, 0, 1, 0, 0, 0, 0, 3, 0, 1, 0, 0, 2, 1, 1, 1, 0, 0, 0, 0, 2, 1, 0, 0, 0, 1, 3, 0, 0, 0, 0, 0, 0, 2, 0, 1, 0, 2, 1, 0, 0, 1, 1, 3, 1, 1, 3, 0, 0, 0, 0, 0, 0, 0, 0, 0, 1, 1, 0, 0, 0, 1, 0, 2, 0, 0, 1, 1, 0, 1, 2, 0, 0],730.1276596856602,56815.01019440286,94351.50741240397,false
59,G4_BALANCED,G3_TWC,[31, 22, 42, 15, 26, 58, 95, 82, 77, 12, 47, 5, 93, 78, 98, 54, 85, 63, 18, 44, 20, 35, 43, 97, 91, 76, 10, 30, 21, 45, 71, 64, 1, 23, 17, 83, 24, 61, 60, 49, 6, 57, 94, 88, 65, 56, 79, 40, 67, 68, 46, 75, 0, 9, 19, 32, 81, 41, 27, 62, 87, 90, 99, 59, 53, 16, 72, 73, 70, 39, 37, 84, 3, 92, 25, 74, 28, 38, 51, 7, 11, 14, 86, 48, 89, 50, 66, 96, 33, 80, 8, 4, 34, 36, 2, 52, 13, 29, 69, 55]|[1, 1, 0, 1, 1, 1, 2, 1, 2, 1, 2, 2, 2, 1, 1, 0, 0, 1, 0, 2, 2, 0, 1, 2, 0, 1, 2, 2, 0, 0, 1, 2, 1, 0, 1, 0, 2, 0, 1, 1, 0, 1, 1, 1, 0, 2, 1, 1, 0, 0, 0, 0, 1, 1, 2, 1, 2, 0, 0, 0, 2, 1, 0, 1, 0, 1, 2, 1, 1, 1, 1, 1, 2, 0, 1, 2, 0, 0, 0, 0, 0, 1, 0, 0, 1, 0, 0, 0, 2, 0, 1, 0, 2, 0, 0, 1, 0, 0, 1, 1]|[4, 3, 2, 2, 0, 0, 2, 2, 2, 4, 1, 1, 2, 4, 4, 1, 1, 4, 2, 1, 1, 1, 1, 2, 1, 2, 1, 1, 1, 1, 3, 2, 3, 0, 4, 0, 1, 1, 0, 3, 2, 2, 4, 0, 1, 1, 3, 2, 0, 1, 2, 2, 1, 4, 0, 3, 2, 1, 1, 2, 1, 3, 1, 1, 2, 3, 0, 4, 3, 1, 4, 1, 1, 2, 4, 1, 2, 1, 1, 1, 2, 3, 1, 1, 1, 1, 1, 1, 1, 1, 3, 2, 1, 1, 2, 1, 2, 2, 3, 4]|[0, 2, 1, 1, 3, 3, 0, 1, 0, 0, 0, 0, 1, 0, 1, 0, 0, 3, 1, 0, 0, 0, 3, 1, 0, 2, 0, 0, 0, 1, 0, 0, 0, 0, 3, 0, 1, 0, 0, 2, 1, 1, 2, 0, 0, 0, 0, 1, 1, 0, 0, 0, 1, 3, 0, 0, 1, 0, 0, 1, 0, 2, 0, 1, 1, 2, 1, 0, 0, 1, 1, 3, 0, 1, 3, 0, 1, 0, 0, 0, 1, 0, 0, 0, 1, 0, 0, 0, 0, 0, 2, 1, 0, 1, 0, 1, 0, 0, 0, 3],854.7269409995423,57867.90048713336,86292.45115777879,true
59,G2_TEC,G2_TEC,[20, 94, 82, 15, 26, 9, 95, 42, 77, 68, 47, 5, 93, 78, 86, 54, 85, 63, 18, 44, 31, 49, 36, 14, 74, 50, 53, 17, 21, 28, 11, 64, 3, 23, 30, 83, 24, 41, 40, 52, 65, 27, 90, 70, 39, 87, 48, 69, 99, 4, 46, 1, 13, 56, 97, 59, 45, 8, 73, 37, 35, 79, 71, 66, 76, 16, 60, 80, 58, 6, 67, 61, 33, 7, 57, 34, 12, 32, 10, 38, 96, 88, 43, 81, 91, 2, 84, 29, 92, 19, 51, 89, 22, 75, 25, 72, 55, 98, 62, 0]|[2, 1, 2, 1, 1, 2, 1, 1, 1, 1, 1, 0, 2, 2, 1, 2, 0, 0, 0, 2, 2, 1, 0, 2, 0, 2, 2, 1, 0, 1, 1, 1, 0, 0, 1, 0, 2, 1, 2, 2, 0, 0, 1, 1, 0, 2, 0, 2, 1, 0, 0, 2, 0, 2, 2, 0, 1, 1, 0, 0, 2, 1, 1, 2, 2, 2, 2, 2, 2, 1, 2, 1, 1, 2, 0, 1, 1, 0, 1, 0, 0, 1, 1, 1, 1, 0, 0, 1, 0, 1, 1, 1, 2, 0, 1, 1, 0, 2, 1, 0]|[1, 3, 0, 3, 4, 1, 4, 4, 4, 4, 3, 2, 1, 0, 2, 1, 1, 1, 2, 1, 1, 3, 0, 1, 0, 1, 1, 4, 1, 4, 3, 2, 2, 0, 4, 1, 1, 4, 1, 1, 2, 1, 4, 4, 1, 1, 0, 1, 3, 2, 2, 1, 2, 1, 1, 2, 4, 3, 0, 2, 1, 3, 3, 1, 1, 1, 1, 1, 1, 4, 1, 3, 4, 1, 2, 4, 3, 2, 3, 2, 2, 4, 4, 4, 3, 2, 2, 3, 2, 4, 3, 4, 1, 2, 4, 4, 2, 1, 3, 2]|[0, 2, 0, 0, 3, 0, 1, 3, 1, 0, 2, 0, 1, 0, 1, 0, 0, 0, 1, 0, 0, 2, 0, 0, 1, 0, 0, 3, 0, 1, 0, 2, 0, 0, 3, 0, 1, 1, 0, 0, 0, 0, 1, 3, 0, 0, 1, 0, 2, 0, 0, 0, 0, 0, 1, 0, 1, 0, 1, 1, 0, 2, 0, 0, 0, 0, 0, 0, 0, 2, 0, 0, 1, 0, 0, 1, 0, 0, 3, 0, 0, 1, 2, 2, 0, 0, 0, 3, 0, 1, 0, 1, 0, 0, 3, 1, 0, 0, 0, 0],910.6016522559228,48405.50430007148,106574.75635634674,false
59,G3_TWC,G3_TWC,[31, 22, 42, 15, 26, 58, 95, 82, 77, 12, 47, 5, 93, 78, 98, 54, 85, 63, 18, 44, 20, 35, 43, 97, 91, 76, 10, 30, 21, 45, 71, 64, 1, 23, 17, 83, 24, 61, 60, 49, 6, 57, 94, 88, 65, 56, 79, 40, 67, 68, 46, 75, 0, 9, 19, 32, 81, 41, 27, 62, 87, 90, 99, 59, 53, 16, 72, 73, 70, 39, 37, 84, 3, 92, 25, 74, 28, 38, 51, 7, 11, 14, 86, 48, 89, 66, 50, 96, 33, 80, 8, 4, 34, 36, 55, 52, 13, 29, 69, 2]|[1, 1, 0, 1, 1, 1, 2, 1, 2, 1, 2, 2, 2, 1, 1, 0, 0, 1, 0, 2, 2, 0, 1, 2, 0, 1, 2, 2, 0, 0, 1, 2, 1, 0, 1, 0, 2, 0, 1, 1, 0, 1, 1, 1, 0, 2, 1, 1, 0, 0, 0, 0, 1, 1, 2, 1, 2, 0, 0, 0, 2, 1, 0, 1, 0, 1, 2, 1, 1, 1, 1, 1, 2, 0, 1, 2, 0, 0, 0, 1, 0, 1, 0, 0, 1, 0, 0, 0, 2, 0, 1, 0, 2, 0, 1, 1, 0, 0, 1, 0]|[4, 3, 2, 2, 0, 0, 2, 2, 2, 4, 1, 1, 2, 4, 4, 1, 1, 4, 2, 1, 1, 1, 1, 2, 1, 2, 1, 1, 1, 1, 3, 2, 3, 0, 4, 0, 1, 1, 0, 3, 2, 2, 4, 0, 1, 1, 3, 2, 0, 1, 2, 2, 1, 4, 0, 3, 2, 1, 1, 2, 1, 3, 1, 1, 2, 3, 0, 4, 3, 1, 4, 1, 1, 2, 4, 1, 2, 1, 1, 3, 2, 3, 1, 1, 1, 1, 1, 1, 1, 1, 3, 2, 1, 1, 4, 1, 2, 2, 3, 2]|[0, 2, 1, 1, 3, 3, 0, 1, 0, 0, 0, 0, 1, 0, 1, 0, 0, 3, 1, 0, 0, 0, 3, 1, 0, 2, 0, 0, 0, 1, 0, 0, 0, 0, 3, 0, 1, 0, 0, 2, 1, 1, 2, 0, 0, 0, 0, 1, 1, 0, 0, 0, 1, 3, 0, 0, 1, 0, 0, 1, 0, 2, 0, 1, 1, 2, 1, 0, 0, 1, 1, 3, 0, 1, 3, 0, 1, 0, 0, 2, 1, 0, 0, 0, 1, 0, 0, 0, 0, 0, 2, 1, 0, 1, 3, 1, 0, 0, 0, 0],843.7439659666079,57777.80974073964,86440.68470675517,false
59,G1_CMAX,G1_CMAX,[31, 22, 82, 15, 26, 99, 95, 42, 77, 12, 47, 5, 93, 78, 86, 54, 21, 63, 18, 44, 20, 35, 43, 97, 91, 76, 10, 30, 85, 45, 71, 64, 1, 23, 17, 83, 24, 14, 60, 36, 6, 57, 40, 88, 65, 56, 79, 94, 67, 68, 46, 75, 38, 9, 19, 32, 41, 81, 27, 87, 90, 58, 59, 11, 16, 72, 73, 70, 39, 37, 84, 3, 92, 25, 55, 48, 74, 29, 51, 7, 33, 61, 98, 28, 89, 50, 4, 96, 53, 80, 8, 66, 34, 49, 52, 0, 62, 69, 2, 13]|[1, 1, 0, 1, 1, 0, 1, 1, 2, 1, 2, 2, 2, 1, 1, 0, 0, 1, 0, 2, 2, 0, 1, 2, 0, 1, 2, 2, 0, 0, 1, 2, 1, 2, 1, 0, 2, 0, 1, 1, 0, 1, 1, 1, 0, 2, 1, 1, 0, 0, 0, 0, 1, 1, 2, 1, 0, 2, 0, 2, 1, 0, 1, 2, 1, 2, 1, 1, 1, 1, 1, 1, 0, 1, 2, 0, 2, 0, 0, 2, 2, 1, 2, 0, 1, 0, 1, 2, 0, 0, 1, 2, 2, 0, 1, 0, 1, 1, 0, 0]|[0, 3, 2, 2, 4, 1, 2, 3, 2, 4, 1, 1, 2, 4, 4, 1, 1, 4, 2, 1, 1, 1, 1, 2, 1, 2, 1, 1, 2, 1, 3, 2, 3, 1, 4, 0, 1, 1, 0, 3, 2, 2, 2, 0, 1, 1, 0, 4, 0, 1, 2, 2, 1, 4, 0, 3, 1, 1, 1, 1, 3, 1, 1, 1, 3, 0, 4, 3, 1, 4, 1, 1, 0, 4, 1, 1, 1, 1, 1, 1, 1, 3, 1, 2, 1, 1, 4, 1, 2, 1, 3, 1, 1, 1, 1, 2, 1, 4, 2, 2]|[0, 2, 1, 1, 3, 0, 1, 3, 0, 0, 0, 0, 1, 0, 1, 0, 0, 3, 1, 0, 0, 0, 3, 1, 0, 2, 0, 0, 0, 1, 0, 0, 0, 0, 3, 0, 1, 0, 0, 2, 1, 1, 1, 0, 0, 0, 0, 2, 1, 0, 0, 0, 1, 3, 0, 0, 0, 0, 0, 0, 2, 0, 1, 0, 2, 1, 0, 0, 1, 1, 3, 1, 1, 3, 0, 0, 0, 0, 0, 0, 0, 0, 0, 1, 1, 0, 0, 0, 1, 0, 2, 0, 0, 1, 1, 0, 1, 2, 0, 0],730.1276596856602,56815.01019440286,94351.50741240397,false
59,G4_BALANCED,G3_TWC,[31, 22, 42, 15, 26, 58, 95, 82, 77, 12, 47, 5, 93, 78, 98, 54, 85, 63, 18, 44, 20, 35, 43, 97, 91, 76, 10, 30, 21, 45, 71, 64, 1, 23, 17, 83, 24, 61, 60, 49, 6, 57, 94, 88, 65, 56, 79, 40, 67, 68, 46, 75, 0, 9, 19, 32, 81, 41, 27, 62, 87, 90, 99, 59, 53, 16, 72, 73, 70, 39, 37, 84, 3, 92, 25, 74, 28, 38, 51, 7, 11, 14, 86, 48, 89, 50, 66, 96, 33, 80, 8, 4, 34, 36, 2, 52, 13, 29, 69, 55]|[1, 1, 0, 1, 1, 1, 2, 1, 2, 1, 2, 2, 2, 1, 1, 0, 0, 1, 0, 2, 2, 0, 1, 2, 0, 1, 2, 2, 0, 0, 1, 2, 1, 0, 1, 0, 2, 0, 1, 1, 0, 1, 1, 1, 0, 2, 1, 1, 0, 0, 0, 0, 1, 1, 2, 1, 2, 0, 0, 0, 2, 1, 0, 1, 0, 1, 2, 1, 1, 1, 1, 1, 2, 0, 1, 2, 0, 0, 0, 0, 0, 1, 0, 0, 1, 0, 0, 0, 2, 0, 1, 0, 2, 0, 0, 1, 0, 0, 1, 1]|[4, 3, 2, 2, 0, 0, 2, 2, 2, 4, 1, 1, 2, 4, 4, 1, 1, 4, 2, 1, 1, 1, 1, 2, 1, 2, 1, 1, 1, 1, 3, 2, 3, 0, 4, 0, 1, 1, 0, 3, 2, 2, 4, 0, 1, 1, 3, 2, 0, 1, 2, 2, 1, 4, 0, 3, 2, 1, 1, 2, 1, 3, 1, 1, 2, 3, 0, 4, 3, 1, 4, 1, 1, 2, 4, 1, 2, 1, 1, 1, 2, 3, 1, 1, 1, 1, 1, 1, 1, 1, 3, 2, 1, 1, 2, 1, 2, 2, 3, 4]|[0, 2, 1, 1, 3, 3, 0, 1, 0, 0, 0, 0, 1, 0, 1, 0, 0, 3, 1, 0, 0, 0, 3, 1, 0, 2, 0, 0, 0, 1, 0, 0, 0, 0, 3, 0, 1, 0, 0, 2, 1, 1, 2, 0, 0, 0, 0, 1, 1, 0, 0, 0, 1, 3, 0, 0, 1, 0, 0, 1, 0, 2, 0, 1, 1, 2, 1, 0, 0, 1, 1, 3, 0, 1, 3, 0, 1, 0, 0, 0, 1, 0, 0, 0, 1, 0, 0, 0, 0, 0, 2, 1, 0, 1, 0, 1, 0, 0, 0, 3],854.7269409995423,57867.90048713336,86292.45115777879,true
59,G2_TEC,G2_TEC,[20, 94, 82, 15, 26, 9, 95, 42, 77, 68, 47, 5, 93, 78, 86, 54, 85, 63, 18, 44, 31, 49, 36, 14, 74, 50, 53, 17, 21, 28, 11, 64, 3, 23, 30, 83, 24, 41, 40, 52, 65, 27, 90, 70, 39, 87, 48, 69, 99, 4, 46, 1, 13, 56, 97, 59, 45, 8, 73, 37, 35, 79, 71, 66, 76, 16, 60, 80, 58, 6, 67, 61, 33, 7, 57, 34, 12, 32, 10, 38, 96, 88, 43, 81, 91, 2, 84, 29, 92, 19, 51, 89, 22, 75, 25, 72, 55, 98, 62, 0]|[2, 1, 2, 1, 1, 2, 1, 1, 1, 1, 1, 0, 2, 2, 1, 2, 0, 0, 0, 2, 2, 1, 0, 2, 0, 2, 2, 1, 0, 1, 1, 1, 0, 0, 1, 0, 2, 1, 2, 2, 0, 0, 1, 1, 0, 2, 0, 2, 1, 0, 0, 2, 0, 2, 2, 0, 1, 1, 0, 0, 2, 1, 1, 2, 2, 2, 2, 2, 2, 1, 2, 1, 1, 2, 0, 1, 1, 0, 1, 0, 0, 1, 1, 1, 1, 0, 0, 1, 0, 1, 1, 1, 2, 0, 1, 1, 0, 2, 1, 0]|[1, 3, 0, 3, 4, 1, 4, 4, 4, 4, 3, 2, 1, 0, 2, 1, 1, 1, 2, 1, 1, 3, 0, 1, 0, 1, 1, 4, 1, 4, 3, 2, 2, 0, 4, 1, 1, 4, 1, 1, 2, 1, 4, 4, 1, 1, 0, 1, 3, 2, 2, 1, 2, 1, 1, 2, 4, 3, 0, 2, 1, 3, 3, 1, 1, 1, 1, 1, 1, 4, 1, 3, 4, 1, 2, 4, 3, 2, 3, 2, 2, 4, 4, 4, 3, 2, 2, 3, 2, 4, 3, 4, 1, 2, 4, 4, 2, 1, 3, 2]|[0, 2, 0, 0, 3, 0, 1, 3, 1, 0, 2, 0, 1, 0, 1, 0, 0, 0, 1, 0, 0, 2, 0, 0, 1, 0, 0, 3, 0, 1, 0, 2, 0, 0, 3, 0, 1, 1, 0, 0, 0, 0, 1, 3, 0, 0, 1, 0, 2, 0, 0, 0, 0, 0, 1, 0, 1, 0, 1, 1, 0, 2, 0, 0, 0, 0, 0, 0, 0, 2, 0, 0, 1, 0, 0, 1, 0, 0, 3, 0, 0, 1, 2, 2, 0, 0, 0, 3, 0, 1, 0, 1, 0, 0, 3, 1, 0, 0, 0, 0],910.6016522559228,48405.50430007148,106574.75635634674,false
59,G3_TWC,G3_TWC,[31, 22, 42, 15, 26, 58, 95, 82, 77, 12, 47, 5, 93, 78, 98, 54, 85, 63, 18, 44, 20, 35, 43, 97, 91, 76, 10, 30, 21, 45, 71, 64, 1, 23, 17, 83, 24, 61, 60, 49, 6, 57, 94, 88, 65, 56, 79, 40, 67, 68, 46, 75, 0, 9, 19, 32, 81, 41, 27, 62, 87, 90, 99, 59, 53, 16, 72, 73, 70, 39, 37, 84, 3, 92, 25, 74, 28, 38, 51, 7, 11, 14, 86, 48, 89, 66, 50, 96, 33, 80, 8, 4, 34, 36, 55, 52, 13, 29, 69, 2]|[1, 1, 0, 1, 1, 1, 2, 1, 2, 1, 2, 2, 2, 1, 1, 0, 0, 1, 0, 2, 2, 0, 1, 2, 0, 1, 2, 2, 0, 0, 1, 2, 1, 0, 1, 0, 2, 0, 1, 1, 0, 1, 1, 1, 0, 2, 1, 1, 0, 0, 0, 0, 1, 1, 2, 1, 2, 0, 0, 0, 2, 1, 0, 1, 0, 1, 2, 1, 1, 1, 1, 1, 2, 0, 1, 2, 0, 0, 0, 1, 0, 1, 0, 0, 1, 0, 0, 0, 2, 0, 1, 0, 2, 0, 1, 1, 0, 0, 1, 0]|[4, 3, 2, 2, 0, 0, 2, 2, 2, 4, 1, 1, 2, 4, 4, 1, 1, 4, 2, 1, 1, 1, 1, 2, 1, 2, 1, 1, 1, 1, 3, 2, 3, 0, 4, 0, 1, 1, 0, 3, 2, 2, 4, 0, 1, 1, 3, 2, 0, 1, 2, 2, 1, 4, 0, 3, 2, 1, 1, 2, 1, 3, 1, 1, 2, 3, 0, 4, 3, 1, 4, 1, 1, 2, 4, 1, 2, 1, 1, 3, 2, 3, 1, 1, 1, 1, 1, 1, 1, 1, 3, 2, 1, 1, 4, 1, 2, 2, 3, 2]|[0, 2, 1, 1, 3, 3, 0, 1, 0, 0, 0, 0, 1, 0, 1, 0, 0, 3, 1, 0, 0, 0, 3, 1, 0, 2, 0, 0, 0, 1, 0, 0, 0, 0, 3, 0, 1, 0, 0, 2, 1, 1, 2, 0, 0, 0, 0, 1, 1, 0, 0, 0, 1, 3, 0, 0, 1, 0, 0, 1, 0, 2, 0, 1, 1, 2, 1, 0, 0, 1, 1, 3, 0, 1, 3, 0, 1, 0, 0, 2, 1, 0, 0, 0, 1, 0, 0, 0, 0, 0, 2, 1, 0, 1, 3, 1, 0, 0, 0, 0],843.7439659666079,57777.80974073964,86440.68470675517,false
59,G1_CMAX,G1_CMAX,[31, 22, 82, 15, 26, 99, 95, 42, 77, 12, 47, 5, 93, 78, 86, 54, 21, 63, 18, 44, 20, 35, 43, 97, 91, 76, 10, 30, 85, 45, 71, 64, 1, 23, 17, 83, 24, 14, 60, 36, 6, 57, 40, 88, 65, 56, 79, 94, 67, 68, 46, 75, 38, 9, 19, 32, 41, 81, 27, 87, 90, 58, 59, 11, 16, 72, 73, 70, 39, 37, 84, 3, 92, 25, 55, 48, 74, 29, 51, 7, 33, 61, 98, 28, 89, 50, 4, 96, 53, 80, 8, 66, 34, 49, 52, 0, 62, 69, 2, 13]|[1, 1, 0, 1, 1, 0, 1, 1, 2, 1, 2, 2, 2, 1, 1, 0, 0, 1, 0, 2, 2, 0, 1, 2, 0, 1, 2, 2, 0, 0, 1, 2, 1, 2, 1, 0, 2, 0, 1, 1, 0, 1, 1, 1, 0, 2, 1, 1, 0, 0, 0, 0, 1, 1, 2, 1, 0, 2, 0, 2, 1, 0, 1, 2, 1, 2, 1, 1, 1, 1, 1, 1, 0, 1, 2, 0, 2, 0, 0, 2, 2, 1, 2, 0, 1, 0, 1, 2, 0, 0, 1, 2, 2, 0, 1, 0, 1, 1, 0, 0]|[0, 3, 2, 2, 4, 1, 2, 3, 2, 4, 1, 1, 2, 4, 4, 1, 1, 4, 2, 1, 1, 1, 1, 2, 1, 2, 1, 1, 2, 1, 3, 2, 3, 1, 4, 0, 1, 1, 0, 3, 2, 2, 2, 0, 1, 1, 0, 4, 0, 1, 2, 2, 1, 4, 0, 3, 1, 1, 1, 1, 3, 1, 1, 1, 3, 0, 4, 3, 1, 4, 1, 1, 0, 4, 1, 1, 1, 1, 1, 1, 1, 3, 1, 2, 1, 1, 4, 1, 2, 1, 3, 1, 1, 1, 1, 2, 1, 4, 2, 2]|[0, 2, 1, 1, 3, 0, 1, 3, 0, 0, 0, 0, 1, 0, 1, 0, 0, 3, 1, 0, 0, 0, 3, 1, 0, 2, 0, 0, 0, 1, 0, 0, 0, 0, 3, 0, 1, 0, 0, 2, 1, 1, 1, 0, 0, 0, 0, 2, 1, 0, 0, 0, 1, 3, 0, 0, 0, 0, 0, 0, 2, 0, 1, 0, 2, 1, 0, 0, 1, 1, 3, 1, 1, 3, 0, 0, 0, 0, 0, 0, 0, 0, 0, 1, 1, 0, 0, 0, 1, 0, 2, 0, 0, 1, 1, 0, 1, 2, 0, 0],730.1276596856602,56815.01019440286,94351.50741240397,false
59,G4_BALANCED,G3_TWC,[31, 22, 42, 15, 26, 58, 95, 82, 77, 12, 47, 5, 93, 78, 98, 54, 85, 63, 18, 44, 20, 35, 43, 97, 91, 76, 10, 30, 21, 45, 71, 64, 1, 23, 17, 83, 24, 61, 60, 49, 6, 57, 94, 88, 65, 56, 79, 40, 67, 68, 46, 75, 0, 9, 19, 32, 81, 41, 27, 62, 87, 90, 99, 59, 53, 16, 72, 73, 70, 39, 37, 84, 3, 92, 25, 74, 28, 38, 51, 7, 11, 14, 86, 48, 89, 50, 66, 96, 33, 80, 8, 4, 34, 36, 2, 52, 13, 29, 69, 55]|[1, 1, 0, 1, 1, 1, 2, 1, 2, 1, 2, 2, 2, 1, 1, 0, 0, 1, 0, 2, 2, 0, 1, 2, 0, 1, 2, 2, 0, 0, 1, 2, 1, 0, 1, 0, 2, 0, 1, 1, 0, 1, 1, 1, 0, 2, 1, 1, 0, 0, 0, 0, 1, 1, 2, 1, 2, 0, 0, 0, 2, 1, 0, 1, 0, 1, 2, 1, 1, 1, 1, 1, 2, 0, 1, 2, 0, 0, 0, 0, 0, 1, 0, 0, 1, 0, 0, 0, 2, 0, 1, 0, 2, 0, 0, 1, 0, 0, 1, 1]|[4, 3, 2, 2, 0, 0, 2, 2, 2, 4, 1, 1, 2, 4, 4, 1, 1, 4, 2, 1, 1, 1, 1, 2, 1, 2, 1, 1, 1, 1, 3, 2, 3, 0, 4, 0, 1, 1, 0, 3, 2, 2, 4, 0, 1, 1, 3, 2, 0, 1, 2, 2, 1, 4, 0, 3, 2, 1, 1, 2, 1, 3, 1, 1, 2, 3, 0, 4, 3, 1, 4, 1, 1, 2, 4, 1, 2, 1, 1, 1, 2, 3, 1, 1, 1, 1, 1, 1, 1, 1, 3, 2, 1, 1, 2, 1, 2, 2, 3, 4]|[0, 2, 1, 1, 3, 3, 0, 1, 0, 0, 0, 0, 1, 0, 1, 0, 0, 3, 1, 0, 0, 0, 3, 1, 0, 2, 0, 0, 0, 1, 0, 0, 0, 0, 3, 0, 1, 0, 0, 2, 1, 1, 2, 0, 0, 0, 0, 1, 1, 0, 0, 0, 1, 3, 0, 0, 1, 0, 0, 1, 0, 2, 0, 1, 1, 2, 1, 0, 0, 1, 1, 3, 0, 1, 3, 0, 1, 0, 0, 0, 1, 0, 0, 0, 1, 0, 0, 0, 0, 0, 2, 1, 0, 1, 0, 1, 0, 0, 0, 3],854.7269409995423,57867.90048713336,86292.45115777879,true
59,G2_TEC,G2_TEC,[20, 94, 82, 15, 26, 9, 95, 42, 77, 68, 47, 5, 93, 78, 86, 54, 85, 63, 18, 44, 31, 49, 36, 14, 74, 50, 53, 17, 21, 28, 11, 64, 3, 23, 30, 83, 24, 41, 40, 52, 65, 27, 90, 70, 39, 87, 48, 69, 99, 4, 46, 1, 13, 56, 97, 59, 45, 8, 73, 37, 35, 79, 71, 66, 76, 16, 60, 80, 58, 6, 67, 61, 33, 7, 57, 34, 12, 32, 10, 38, 96, 88, 43, 81, 91, 2, 84, 29, 92, 19, 51, 89, 22, 75, 25, 72, 55, 98, 62, 0]|[2, 1, 2, 1, 1, 2, 1, 1, 1, 1, 1, 0, 2, 2, 1, 2, 0, 0, 0, 2, 2, 1, 0, 2, 0, 2, 2, 1, 0, 1, 1, 1, 0, 0, 1, 0, 2, 1, 2, 2, 0, 0, 1, 1, 0, 2, 0, 2, 1, 0, 0, 2, 0, 2, 2, 0, 1, 1, 0, 0, 2, 1, 1, 2, 2, 2, 2, 2, 2, 1, 2, 1, 1, 2, 0, 1, 1, 0, 1, 0, 0, 1, 1, 1, 1, 0, 0, 1, 0, 1, 1, 1, 2, 0, 1, 1, 0, 2, 1, 0]|[1, 3, 0, 3, 4, 1, 4, 4, 4, 4, 3, 2, 1, 0, 2, 1, 1, 1, 2, 1, 1, 3, 0, 1, 0, 1, 1, 4, 1, 4, 3, 2, 2, 0, 4, 1, 1, 4, 1, 1, 2, 1, 4, 4, 1, 1, 0, 1, 3, 2, 2, 1, 2, 1, 1, 2, 4, 3, 0, 2, 1, 3, 3, 1, 1, 1, 1, 1, 1, 4, 1, 3, 4, 1, 2, 4, 3, 2, 3, 2, 2, 4, 4, 4, 3, 2, 2, 3, 2, 4, 3, 4, 1, 2, 4, 4, 2, 1, 3, 2]|[0, 2, 0, 0, 3, 0, 1, 3, 1, 0, 2, 0, 1, 0, 1, 0, 0, 0, 1, 0, 0, 2, 0, 0, 1, 0, 0, 3, 0, 1, 0, 2, 0, 0, 3, 0, 1, 1, 0, 0, 0, 0, 1, 3, 0, 0, 1, 0, 2, 0, 0, 0, 0, 0, 1, 0, 1, 0, 1, 1, 0, 2, 0, 0, 0, 0, 0, 0, 0, 2, 0, 0, 1, 0, 0, 1, 0, 0, 3, 0, 0, 1, 2, 2, 0, 0, 0, 3, 0, 1, 0, 1, 0, 0, 3, 1, 0, 0, 0, 0],910.6016522559228,48405.50430007148,106574.75635634674,false
59,G3_TWC,G3_TWC,[31, 22, 42, 15, 26, 58, 95, 82, 77, 12, 47, 5, 93, 78, 98, 54, 85, 63, 18, 44, 20, 35, 43, 97, 91, 76, 10, 30, 21, 45, 71, 64, 1, 23, 17, 83, 24, 61, 60, 49, 6, 57, 94, 88, 65, 56, 79, 40, 67, 68, 46, 75, 0, 9, 19, 32, 81, 41, 27, 62, 87, 90, 99, 59, 53, 16, 72, 73, 70, 39, 37, 84, 3, 92, 25, 74, 28, 38, 51, 7, 11, 14, 86, 48, 89, 66, 50, 96, 33, 80, 8, 4, 34, 36, 55, 52, 13, 29, 69, 2]|[1, 1, 0, 1, 1, 1, 2, 1, 2, 1, 2, 2, 2, 1, 1, 0, 0, 1, 0, 2, 2, 0, 1, 2, 0, 1, 2, 2, 0, 0, 1, 2, 1, 0, 1, 0, 2, 0, 1, 1, 0, 1, 1, 1, 0, 2, 1, 1, 0, 0, 0, 0, 1, 1, 2, 1, 2, 0, 0, 0, 2, 1, 0, 1, 0, 1, 2, 1, 1, 1, 1, 1, 2, 0, 1, 2, 0, 0, 0, 1, 0, 1, 0, 0, 1, 0, 0, 0, 2, 0, 1, 0, 2, 0, 1, 1, 0, 0, 1, 0]|[4, 3, 2, 2, 0, 0, 2, 2, 2, 4, 1, 1, 2, 4, 4, 1, 1, 4, 2, 1, 1, 1, 1, 2, 1, 2, 1, 1, 1, 1, 3, 2, 3, 0, 4, 0, 1, 1, 0, 3, 2, 2, 4, 0, 1, 1, 3, 2, 0, 1, 2, 2, 1, 4, 0, 3, 2, 1, 1, 2, 1, 3, 1, 1, 2, 3, 0, 4, 3, 1, 4, 1, 1, 2, 4, 1, 2, 1, 1, 3, 2, 3, 1, 1, 1, 1, 1, 1, 1, 1, 3, 2, 1, 1, 4, 1, 2, 2, 3, 2]|[0, 2, 1, 1, 3, 3, 0, 1, 0, 0, 0, 0, 1, 0, 1, 0, 0, 3, 1, 0, 0, 0, 3, 1, 0, 2, 0, 0, 0, 1, 0, 0, 0, 0, 3, 0, 1, 0, 0, 2, 1, 1, 2, 0, 0, 0, 0, 1, 1, 0, 0, 0, 1, 3, 0, 0, 1, 0, 0, 1, 0, 2, 0, 1, 1, 2, 1, 0, 0, 1, 1, 3, 0, 1, 3, 0, 1, 0, 0, 2, 1, 0, 0, 0, 1, 0, 0, 0, 0, 0, 2, 1, 0, 1, 3, 1, 0, 0, 0, 0],843.7439659666079,57777.80974073964,86440.68470675517,false
59,G1_CMAX,G1_CMAX,[31, 22, 82, 15, 26, 99, 95, 42, 77, 12, 47, 5, 93, 78, 86, 54, 21, 63, 18, 44, 20, 35, 43, 97, 91, 76, 10, 30, 85, 45, 71, 64, 1, 23, 17, 83, 24, 14, 60, 36, 6, 57, 40, 88, 65, 56, 79, 94, 67, 68, 46, 75, 38, 9, 19, 32, 41, 81, 27, 87, 90, 58, 59, 11, 16, 72, 73, 70, 39, 37, 84, 3, 92, 25, 55, 48, 74, 29, 51, 7, 33, 61, 98, 28, 89, 50, 4, 96, 53, 80, 8, 66, 34, 49, 52, 0, 62, 69, 2, 13]|[1, 1, 0, 1, 1, 0, 1, 1, 2, 1, 2, 2, 2, 1, 1, 0, 0, 1, 0, 2, 2, 0, 1, 2, 0, 1, 2, 2, 0, 0, 1, 2, 1, 2, 1, 0, 2, 0, 1, 1, 0, 1, 1, 1, 0, 2, 1, 1, 0, 0, 0, 0, 1, 1, 2, 1, 0, 2, 0, 2, 1, 0, 1, 2, 1, 2, 1, 1, 1, 1, 1, 1, 0, 1, 2, 0, 2, 0, 0, 2, 2, 1, 2, 0, 1, 0, 1, 2, 0, 0, 1, 2, 2, 0, 1, 0, 1, 1, 0, 0]|[0, 3, 2, 2, 4, 1, 2, 3, 2, 4, 1, 1, 2, 4, 4, 1, 1, 4, 2, 1, 1, 1, 1, 2, 1, 2, 1, 1, 2, 1, 3, 2, 3, 1, 4, 0, 1, 1, 0, 3, 2, 2, 2, 0, 1, 1, 0, 4, 0, 1, 2, 2, 1, 4, 0, 3, 1, 1, 1, 1, 3, 1, 1, 1, 3, 0, 4, 3, 1, 4, 1, 1, 0, 4, 1, 1, 1, 1, 1, 1, 1, 3, 1, 2, 1, 1, 4, 1, 2, 1, 3, 1, 1, 1, 1, 2, 1, 4, 2, 2]|[0, 2, 1, 1, 3, 0, 1, 3, 0, 0, 0, 0, 1, 0, 1, 0, 0, 3, 1, 0, 0, 0, 3, 1, 0, 2, 0, 0, 0, 1, 0, 0, 0, 0, 3, 0, 1, 0, 0, 2, 1, 1, 1, 0, 0, 0, 0, 2, 1, 0, 0, 0, 1, 3, 0, 0, 0, 0, 0, 0, 2, 0, 1, 0, 2, 1, 0, 0, 1, 1, 3, 1, 1, 3, 0, 0, 0, 0, 0, 0, 0, 0, 0, 1, 1, 0, 0, 0, 1, 0, 2, 0, 0, 1, 1, 0, 1, 2, 0, 0],730.1276596856602,56815.01019440286,94351.50741240397,false
59,G4_BALANCED,G3_TWC,[31, 22, 42, 15, 26, 58, 95, 82, 77, 12, 47, 5, 93, 78, 98, 54, 85, 63, 18, 44, 20, 35, 43, 97, 91, 76, 10, 30, 21, 45, 71, 64, 1, 23, 17, 83, 24, 61, 60, 49, 6, 57, 94, 88, 65, 56, 79, 40, 67, 68, 46, 75, 0, 9, 19, 32, 81, 41, 27, 62, 87, 90, 99, 59, 53, 16, 72, 73, 70, 39, 37, 84, 3, 92, 25, 74, 28, 38, 51, 7, 11, 14, 86, 48, 89, 50, 66, 96, 33, 80, 8, 4, 34, 36, 2, 52, 13, 29, 69, 55]|[1, 1, 0, 1, 1, 1, 2, 1, 2, 1, 2, 2, 2, 1, 1, 0, 0, 1, 0, 2, 2, 0, 1, 2, 0, 1, 2, 2, 0, 0, 1, 2, 1, 0, 1, 0, 2, 0, 1, 1, 0, 1, 1, 1, 0, 2, 1, 1, 0, 0, 0, 0, 1, 1, 2, 1, 2, 0, 0, 0, 2, 1, 0, 1, 0, 1, 2, 1, 1, 1, 1, 1, 2, 0, 1, 2, 0, 0, 0, 0, 0, 1, 0, 0, 1, 0, 0, 0, 2, 0, 1, 0, 2, 0, 0, 1, 0, 0, 1, 1]|[4, 3, 2, 2, 0, 0, 2, 2, 2, 4, 1, 1, 2, 4, 4, 1, 1, 4, 2, 1, 1, 1, 1, 2, 1, 2, 1, 1, 1, 1, 3, 2, 3, 0, 4, 0, 1, 1, 0, 3, 2, 2, 4, 0, 1, 1, 3, 2, 0, 1, 2, 2, 1, 4, 0, 3, 2, 1, 1, 2, 1, 3, 1, 1, 2, 3, 0, 4, 3, 1, 4, 1, 1, 2, 4, 1, 2, 1, 1, 1, 2, 3, 1, 1, 1, 1, 1, 1, 1, 1, 3, 2, 1, 1, 2, 1, 2, 2, 3, 4]|[0, 2, 1, 1, 3, 3, 0, 1, 0, 0, 0, 0, 1, 0, 1, 0, 0, 3, 1, 0, 0, 0, 3, 1, 0, 2, 0, 0, 0, 1, 0, 0, 0, 0, 3, 0, 1, 0, 0, 2, 1, 1, 2, 0, 0, 0, 0, 1, 1, 0, 0, 0, 1, 3, 0, 0, 1, 0, 0, 1, 0, 2, 0, 1, 1, 2, 1, 0, 0, 1, 1, 3, 0, 1, 3, 0, 1, 0, 0, 0, 1, 0, 0, 0, 1, 0, 0, 0, 0, 0, 2, 1, 0, 1, 0, 1, 0, 0, 0, 3],854.7269409995423,57867.90048713336,86292.45115777879,true
59,G2_TEC,G2_TEC,[20, 94, 82, 15, 26, 9, 95, 42, 77, 68, 47, 5, 93, 78, 86, 54, 85, 63, 18, 44, 31, 49, 36, 14, 74, 50, 53, 17, 21, 28, 11, 64, 3, 23, 30, 83, 24, 41, 40, 52, 65, 27, 90, 70, 39, 87, 48, 69, 99, 4, 46, 1, 13, 56, 97, 59, 45, 8, 73, 37, 35, 79, 71, 66, 76, 16, 60, 80, 58, 6, 67, 61, 33, 7, 57, 34, 12, 32, 10, 38, 96, 88, 43, 81, 91, 2, 84, 29, 92, 19, 51, 89, 22, 75, 25, 72, 55, 98, 62, 0]|[2, 1, 2, 1, 1, 2, 1, 1, 1, 1, 1, 0, 2, 2, 1, 2, 0, 0, 0, 2, 2, 1, 0, 2, 0, 2, 2, 1, 0, 1, 1, 1, 0, 0, 1, 0, 2, 1, 2, 2, 0, 0, 1, 1, 0, 2, 0, 2, 1, 0, 0, 2, 0, 2, 2, 0, 1, 1, 0, 0, 2, 1, 1, 2, 2, 2, 2, 2, 2, 1, 2, 1, 1, 2, 0, 1, 1, 0, 1, 0, 0, 1, 1, 1, 1, 0, 0, 1, 0, 1, 1, 1, 2, 0, 1, 1, 0, 2, 1, 0]|[1, 3, 0, 3, 4, 1, 4, 4, 4, 4, 3, 2, 1, 0, 2, 1, 1, 1, 2, 1, 1, 3, 0, 1, 0, 1, 1, 4, 1, 4, 3, 2, 2, 0, 4, 1, 1, 4, 1, 1, 2, 1, 4, 4, 1, 1, 0, 1, 3, 2, 2, 1, 2, 1, 1, 2, 4, 3, 0, 2, 1, 3, 3, 1, 1, 1, 1, 1, 1, 4, 1, 3, 4, 1, 2, 4, 3, 2, 3, 2, 2, 4, 4, 4, 3, 2, 2, 3, 2, 4, 3, 4, 1, 2, 4, 4, 2, 1, 3, 2]|[0, 2, 0, 0, 3, 0, 1, 3, 1, 0, 2, 0, 1, 0, 1, 0, 0, 0, 1, 0, 0, 2, 0, 0, 1, 0, 0, 3, 0, 1, 0, 2, 0, 0, 3, 0, 1, 1, 0, 0, 0, 0, 1, 3, 0, 0, 1, 0, 2, 0, 0, 0, 0, 0, 1, 0, 1, 0, 1, 1, 0, 2, 0, 0, 0, 0, 0, 0, 0, 2, 0, 0, 1, 0, 0, 1, 0, 0, 3, 0, 0, 1, 2, 2, 0, 0, 0, 3, 0, 1, 0, 1, 0, 0, 3, 1, 0, 0, 0, 0],910.6016522559228,48405.50430007148,106574.75635634674,false
59,G3_TWC,G3_TWC,[31, 22, 42, 15, 26, 58, 95, 82, 77, 12, 47, 5, 93, 78, 98, 54, 85, 63, 18, 44, 20, 35, 43, 97, 91, 76, 10, 30, 21, 45, 71, 64, 1, 23, 17, 83, 24, 61, 60, 49, 6, 57, 94, 88, 65, 56, 79, 40, 67, 68, 46, 75, 0, 9, 19, 32, 81, 41, 27, 62, 87, 90, 99, 59, 53, 16, 72, 73, 70, 39, 37, 84, 3, 92, 25, 74, 28, 38, 51, 7, 11, 14, 86, 48, 89, 66, 50, 96, 33, 80, 8, 4, 34, 36, 55, 52, 13, 29, 69, 2]|[1, 1, 0, 1, 1, 1, 2, 1, 2, 1, 2, 2, 2, 1, 1, 0, 0, 1, 0, 2, 2, 0, 1, 2, 0, 1, 2, 2, 0, 0, 1, 2, 1, 0, 1, 0, 2, 0, 1, 1, 0, 1, 1, 1, 0, 2, 1, 1, 0, 0, 0, 0, 1, 1, 2, 1, 2, 0, 0, 0, 2, 1, 0, 1, 0, 1, 2, 1, 1, 1, 1, 1, 2, 0, 1, 2, 0, 0, 0, 1, 0, 1, 0, 0, 1, 0, 0, 0, 2, 0, 1, 0, 2, 0, 1, 1, 0, 0, 1, 0]|[4, 3, 2, 2, 0, 0, 2, 2, 2, 4, 1, 1, 2, 4, 4, 1, 1, 4, 2, 1, 1, 1, 1, 2, 1, 2, 1, 1, 1, 1, 3, 2, 3, 0, 4, 0, 1, 1, 0, 3, 2, 2, 4, 0, 1, 1, 3, 2, 0, 1, 2, 2, 1, 4, 0, 3, 2, 1, 1, 2, 1, 3, 1, 1, 2, 3, 0, 4, 3, 1, 4, 1, 1, 2, 4, 1, 2, 1, 1, 3, 2, 3, 1, 1, 1, 1, 1, 1, 1, 1, 3, 2, 1, 1, 4, 1, 2, 2, 3, 2]|[0, 2, 1, 1, 3, 3, 0, 1, 0, 0, 0, 0, 1, 0, 1, 0, 0, 3, 1, 0, 0, 0, 3, 1, 0, 2, 0, 0, 0, 1, 0, 0, 0, 0, 3, 0, 1, 0, 0, 2, 1, 1, 2, 0, 0, 0, 0, 1, 1, 0, 0, 0, 1, 3, 0, 0, 1, 0, 0, 1, 0, 2, 0, 1, 1, 2, 1, 0, 0, 1, 1, 3, 0, 1, 3, 0, 1, 0, 0, 2, 1, 0, 0, 0, 1, 0, 0, 0, 0, 0, 2, 1, 0, 1, 3, 1, 0, 0, 0, 0],843.7439659666079,57777.80974073964,86440.68470675517,false
59,G1_CMAX,G1_CMAX,[31, 22, 82, 15, 26, 99, 95, 42, 77, 12, 47, 5, 93, 78, 86, 54, 21, 63, 18, 44, 20, 35, 43, 97, 91, 76, 10, 30, 85, 45, 71, 64, 1, 23, 17, 83, 24, 14, 60, 36, 6, 57, 40, 88, 65, 56, 79, 94, 67, 68, 46, 75, 38, 9, 19, 32, 41, 81, 27, 87, 90, 58, 59, 11, 16, 72, 73, 70, 39, 37, 84, 3, 92, 25, 55, 48, 74, 29, 51, 7, 33, 61, 98, 28, 89, 50, 4, 96, 53, 80, 8, 66, 34, 49, 52, 0, 62, 69, 2, 13]|[1, 1, 0, 1, 1, 0, 1, 1, 2, 1, 2, 2, 2, 1, 1, 0, 0, 1, 0, 2, 2, 0, 1, 2, 0, 1, 2, 2, 0, 0, 1, 2, 1, 2, 1, 0, 2, 0, 1, 1, 0, 1, 1, 1, 0, 2, 1, 1, 0, 0, 0, 0, 1, 1, 2, 1, 0, 2, 0, 2, 1, 0, 1, 2, 1, 2, 1, 1, 1, 1, 1, 1, 0, 1, 2, 0, 2, 0, 0, 2, 2, 1, 2, 0, 1, 0, 1, 2, 0, 0, 1, 2, 2, 0, 1, 0, 1, 1, 0, 0]|[0, 3, 2, 2, 4, 1, 2, 3, 2, 4, 1, 1, 2, 4, 4, 1, 1, 4, 2, 1, 1, 1, 1, 2, 1, 2, 1, 1, 2, 1, 3, 2, 3, 1, 4, 0, 1, 1, 0, 3, 2, 2, 2, 0, 1, 1, 0, 4, 0, 1, 2, 2, 1, 4, 0, 3, 1, 1, 1, 1, 3, 1, 1, 1, 3, 0, 4, 3, 1, 4, 1, 1, 0, 4, 1, 1, 1, 1, 1, 1, 1, 3, 1, 2, 1, 1, 4, 1, 2, 1, 3, 1, 1, 1, 1, 2, 1, 4, 2, 2]|[0, 2, 1, 1, 3, 0, 1, 3, 0, 0, 0, 0, 1, 0, 1, 0, 0, 3, 1, 0, 0, 0, 3, 1, 0, 2, 0, 0, 0, 1, 0, 0, 0, 0, 3, 0, 1, 0, 0, 2, 1, 1, 1, 0, 0, 0, 0, 2, 1, 0, 0, 0, 1, 3, 0, 0, 0, 0, 0, 0, 2, 0, 1, 0, 2, 1, 0, 0, 1, 1, 3, 1, 1, 3, 0, 0, 0, 0, 0, 0, 0, 0, 0, 1, 1, 0, 0, 0, 1, 0, 2, 0, 0, 1, 1, 0, 1, 2, 0, 0],730.1276596856602,56815.01019440286,94351.50741240397,false
59,G4_BALANCED,G3_TWC,[31, 22, 42, 15, 26, 58, 95, 82, 77, 12, 47, 5, 93, 78, 98, 54, 85, 63, 18, 44, 20, 35, 43, 97, 91, 76, 10, 30, 21, 45, 71, 64, 1, 23, 17, 83, 24, 61, 60, 49, 6, 57, 94, 88, 65, 56, 79, 40, 67, 68, 46, 75, 0, 9, 19, 32, 81, 41, 27, 62, 87, 90, 99, 59, 53, 16, 72, 73, 70, 39, 37, 84, 3, 92, 25, 74, 28, 38, 51, 7, 11, 14, 86, 48, 89, 50, 66, 96, 33, 80, 8, 4, 34, 36, 2, 52, 13, 29, 69, 55]|[1, 1, 0, 1, 1, 1, 2, 1, 2, 1, 2, 2, 2, 1, 1, 0, 0, 1, 0, 2, 2, 0, 1, 2, 0, 1, 2, 2, 0, 0, 1, 2, 1, 0, 1, 0, 2, 0, 1, 1, 0, 1, 1, 1, 0, 2, 1, 1, 0, 0, 0, 0, 1, 1, 2, 1, 2, 0, 0, 0, 2, 1, 0, 1, 0, 1, 2, 1, 1, 1, 1, 1, 2, 0, 1, 2, 0, 0, 0, 0, 0, 1, 0, 0, 1, 0, 0, 0, 2, 0, 1, 0, 2, 0, 0, 1, 0, 0, 1, 1]|[4, 3, 2, 2, 0, 0, 2, 2, 2, 4, 1, 1, 2, 4, 4, 1, 1, 4, 2, 1, 1, 1, 1, 2, 1, 2, 1, 1, 1, 1, 3, 2, 3, 0, 4, 0, 1, 1, 0, 3, 2, 2, 4, 0, 1, 1, 3, 2, 0, 1, 2, 2, 1, 4, 0, 3, 2, 1, 1, 2, 1, 3, 1, 1, 2, 3, 0, 4, 3, 1, 4, 1, 1, 2, 4, 1, 2, 1, 1, 1, 2, 3, 1, 1, 1, 1, 1, 1, 1, 1, 3, 2, 1, 1, 2, 1, 2, 2, 3, 4]|[0, 2, 1, 1, 3, 3, 0, 1, 0, 0, 0, 0, 1, 0, 1, 0, 0, 3, 1, 0, 0, 0, 3, 1, 0, 2, 0, 0, 0, 1, 0, 0, 0, 0, 3, 0, 1, 0, 0, 2, 1, 1, 2, 0, 0, 0, 0, 1, 1, 0, 0, 0, 1, 3, 0, 0, 1, 0, 0, 1, 0, 2, 0, 1, 1, 2, 1, 0, 0, 1, 1, 3, 0, 1, 3, 0, 1, 0, 0, 0, 1, 0, 0, 0, 1, 0, 0, 0, 0, 0, 2, 1, 0, 1, 0, 1, 0, 0, 0, 3],854.7269409995423,57867.90048713336,86292.45115777879,true
59,G2_TEC,G2_TEC,[20, 94, 82, 15, 26, 9, 95, 42, 77, 68, 47, 5, 93, 78, 86, 54, 85, 63, 18, 44, 31, 49, 36, 14, 74, 50, 53, 17, 21, 28, 11, 64, 3, 23, 30, 83, 24, 41, 40, 52, 65, 27, 90, 70, 39, 87, 48, 69, 99, 4, 46, 1, 13, 56, 97, 59, 45, 8, 73, 37, 35, 79, 71, 66, 76, 16, 60, 80, 58, 6, 67, 61, 33, 7, 57, 34, 12, 32, 10, 38, 96, 88, 43, 81, 91, 2, 84, 29, 92, 19, 51, 89, 22, 75, 25, 72, 55, 98, 62, 0]|[2, 1, 2, 1, 1, 2, 1, 1, 1, 1, 1, 0, 2, 2, 1, 2, 0, 0, 0, 2, 2, 1, 0, 2, 0, 2, 2, 1, 0, 1, 1, 1, 0, 0, 1, 0, 2, 1, 2, 2, 0, 0, 1, 1, 0, 2, 0, 2, 1, 0, 0, 2, 0, 2, 2, 0, 1, 1, 0, 0, 2, 1, 1, 2, 2, 2, 2, 2, 2, 1, 2, 1, 1, 2, 0, 1, 1, 0, 1, 0, 0, 1, 1, 1, 1, 0, 0, 1, 0, 1, 1, 1, 2, 0, 1, 1, 0, 2, 1, 0]|[1, 3, 0, 3, 4, 1, 4, 4, 4, 4, 3, 2, 1, 0, 2, 1, 1, 1, 2, 1, 1, 3, 0, 1, 0, 1, 1, 4, 1, 4, 3, 2, 2, 0, 4, 1, 1, 4, 1, 1, 2, 1, 4, 4, 1, 1, 0, 1, 3, 2, 2, 1, 2, 1, 1, 2, 4, 3, 0, 2, 1, 3, 3, 1, 1, 1, 1, 1, 1, 4, 1, 3, 4, 1, 2, 4, 3, 2, 3, 2, 2, 4, 4, 4, 3, 2, 2, 3, 2, 4, 3, 4, 1, 2, 4, 4, 2, 1, 3, 2]|[0, 2, 0, 0, 3, 0, 1, 3, 1, 0, 2, 0, 1, 0, 1, 0, 0, 0, 1, 0, 0, 2, 0, 0, 1, 0, 0, 3, 0, 1, 0, 2, 0, 0, 3, 0, 1, 1, 0, 0, 0, 0, 1, 3, 0, 0, 1, 0, 2, 0, 0, 0, 0, 0, 1, 0, 1, 0, 1, 1, 0, 2, 0, 0, 0, 0, 0, 0, 0, 2, 0, 0, 1, 0, 0, 1, 0, 0, 3, 0, 0, 1, 2, 2, 0, 0, 0, 3, 0, 1, 0, 1, 0, 0, 3, 1, 0, 0, 0, 0],910.6016522559228,48405.50430007148,106574.75635634674,false
59,G3_TWC,G3_TWC,[31, 22, 42, 15, 26, 58, 95, 82, 77, 12, 47, 5, 93, 78, 98, 54, 85, 63, 18, 44, 20, 35, 43, 97, 91, 76, 10, 30, 21, 45, 71, 64, 1, 23, 17, 83, 24, 61, 60, 49, 6, 57, 94, 88, 65, 56, 79, 40, 67, 68, 46, 75, 0, 9, 19, 32, 81, 41, 27, 62, 87, 90, 99, 59, 53, 16, 72, 73, 70, 39, 37, 84, 3, 92, 25, 74, 28, 38, 51, 7, 11, 14, 86, 48, 89, 66, 50, 96, 33, 80, 8, 4, 34, 36, 55, 52, 13, 29, 69, 2]|[1, 1, 0, 1, 1, 1, 2, 1, 2, 1, 2, 2, 2, 1, 1, 0, 0, 1, 0, 2, 2, 0, 1, 2, 0, 1, 2, 2, 0, 0, 1, 2, 1, 0, 1, 0, 2, 0, 1, 1, 0, 1, 1, 1, 0, 2, 1, 1, 0, 0, 0, 0, 1, 1, 2, 1, 2, 0, 0, 0, 2, 1, 0, 1, 0, 1, 2, 1, 1, 1, 1, 1, 2, 0, 1, 2, 0, 0, 0, 1, 0, 1, 0, 0, 1, 0, 0, 0, 2, 0, 1, 0, 2, 0, 1, 1, 0, 0, 1, 0]|[4, 3, 2, 2, 0, 0, 2, 2, 2, 4, 1, 1, 2, 4, 4, 1, 1, 4, 2, 1, 1, 1, 1, 2, 1, 2, 1, 1, 1, 1, 3, 2, 3, 0, 4, 0, 1, 1, 0, 3, 2, 2, 4, 0, 1, 1, 3, 2, 0, 1, 2, 2, 1, 4, 0, 3, 2, 1, 1, 2, 1, 3, 1, 1, 2, 3, 0, 4, 3, 1, 4, 1, 1, 2, 4, 1, 2, 1, 1, 3, 2, 3, 1, 1, 1, 1, 1, 1, 1, 1, 3, 2, 1, 1, 4, 1, 2, 2, 3, 2]|[0, 2, 1, 1, 3, 3, 0, 1, 0, 0, 0, 0, 1, 0, 1, 0, 0, 3, 1, 0, 0, 0, 3, 1, 0, 2, 0, 0, 0, 1, 0, 0, 0, 0, 3, 0, 1, 0, 0, 2, 1, 1, 2, 0, 0, 0, 0, 1, 1, 0, 0, 0, 1, 3, 0, 0, 1, 0, 0, 1, 0, 2, 0, 1, 1, 2, 1, 0, 0, 1, 1, 3, 0, 1, 3, 0, 1, 0, 0, 2, 1, 0, 0, 0, 1, 0, 0, 0, 0, 0, 2, 1, 0, 1, 3, 1, 0, 0, 0, 0],843.7439659666079,57777.80974073964,86440.68470675517,false
59,G1_CMAX,G1_CMAX,[31, 22, 82, 15, 26, 99, 95, 42, 77, 12, 47, 5, 93, 78, 86, 54, 21, 63, 18, 44, 20, 35, 43, 97, 91, 76, 10, 30, 85, 45, 71, 64, 1, 23, 17, 83, 24, 14, 60, 36, 6, 57, 40, 88, 65, 56, 79, 94, 67, 68, 46, 75, 38, 9, 19, 32, 41, 81, 27, 87, 90, 58, 59, 11, 16, 72, 73, 70, 39, 37, 84, 3, 92, 25, 55, 48, 74, 29, 51, 7, 33, 61, 98, 28, 89, 50, 4, 96, 53, 80, 8, 66, 34, 49, 52, 0, 62, 69, 2, 13]|[1, 1, 0, 1, 1, 0, 1, 1, 2, 1, 2, 2, 2, 1, 1, 0, 0, 1, 0, 2, 2, 0, 1, 2, 0, 1, 2, 2, 0, 0, 1, 2, 1, 2, 1, 0, 2, 0, 1, 1, 0, 1, 1, 1, 0, 2, 1, 1, 0, 0, 0, 0, 1, 1, 2, 1, 0, 2, 0, 2, 1, 0, 1, 2, 1, 2, 1, 1, 1, 1, 1, 1, 0, 1, 2, 0, 2, 0, 0, 2, 2, 1, 2, 0, 1, 0, 1, 2, 0, 0, 1, 2, 2, 0, 1, 0, 1, 1, 0, 0]|[0, 3, 2, 2, 4, 1, 2, 3, 2, 4, 1, 1, 2, 4, 4, 1, 1, 4, 2, 1, 1, 1, 1, 2, 1, 2, 1, 1, 2, 1, 3, 2, 3, 1, 4, 0, 1, 1, 0, 3, 2, 2, 2, 0, 1, 1, 0, 4, 0, 1, 2, 2, 1, 4, 0, 3, 1, 1, 1, 1, 3, 1, 1, 1, 3, 0, 4, 3, 1, 4, 1, 1, 0, 4, 1, 1, 1, 1, 1, 1, 1, 3, 1, 2, 1, 1, 4, 1, 2, 1, 3, 1, 1, 1, 1, 2, 1, 4, 2, 2]|[0, 2, 1, 1, 3, 0, 1, 3, 0, 0, 0, 0, 1, 0, 1, 0, 0, 3, 1, 0, 0, 0, 3, 1, 0, 2, 0, 0, 0, 1, 0, 0, 0, 0, 3, 0, 1, 0, 0, 2, 1, 1, 1, 0, 0, 0, 0, 2, 1, 0, 0, 0, 1, 3, 0, 0, 0, 0, 0, 0, 2, 0, 1, 0, 2, 1, 0, 0, 1, 1, 3, 1, 1, 3, 0, 0, 0, 0, 0, 0, 0, 0, 0, 1, 1, 0, 0, 0, 1, 0, 2, 0, 0, 1, 1, 0, 1, 2, 0, 0],730.1276596856602,56815.01019440286,94351.50741240397,false
59,G4_BALANCED,G3_TWC,[31, 22, 42, 15, 26, 58, 95, 82, 77, 12, 47, 5, 93, 78, 98, 54, 85, 63, 18, 44, 20, 35, 43, 97, 91, 76, 10, 30, 21, 45, 71, 64, 1, 23, 17, 83, 24, 61, 60, 49, 6, 57, 94, 88, 65, 56, 79, 40, 67, 68, 46, 75, 0, 9, 19, 32, 81, 41, 27, 62, 87, 90, 99, 59, 53, 16, 72, 73, 70, 39, 37, 84, 3, 92, 25, 74, 28, 38, 51, 7, 11, 14, 86, 48, 89, 50, 66, 96, 33, 80, 8, 4, 34, 36, 2, 52, 13, 29, 69, 55]|[1, 1, 0, 1, 1, 1, 2, 1, 2, 1, 2, 2, 2, 1, 1, 0, 0, 1, 0, 2, 2, 0, 1, 2, 0, 1, 2, 2, 0, 0, 1, 2, 1, 0, 1, 0, 2, 0, 1, 1, 0, 1, 1, 1, 0, 2, 1, 1, 0, 0, 0, 0, 1, 1, 2, 1, 2, 0, 0, 0, 2, 1, 0, 1, 0, 1, 2, 1, 1, 1, 1, 1, 2, 0, 1, 2, 0, 0, 0, 0, 0, 1, 0, 0, 1, 0, 0, 0, 2, 0, 1, 0, 2, 0, 0, 1, 0, 0, 1, 1]|[4, 3, 2, 2, 0, 0, 2, 2, 2, 4, 1, 1, 2, 4, 4, 1, 1, 4, 2, 1, 1, 1, 1, 2, 1, 2, 1, 1, 1, 1, 3, 2, 3, 0, 4, 0, 1, 1, 0, 3, 2, 2, 4, 0, 1, 1, 3, 2, 0, 1, 2, 2, 1, 4, 0, 3, 2, 1, 1, 2, 1, 3, 1, 1, 2, 3, 0, 4, 3, 1, 4, 1, 1, 2, 4, 1, 2, 1, 1, 1, 2, 3, 1, 1, 1, 1, 1, 1, 1, 1, 3, 2, 1, 1, 2, 1, 2, 2, 3, 4]|[0, 2, 1, 1, 3, 3, 0, 1, 0, 0, 0, 0, 1, 0, 1, 0, 0, 3, 1, 0, 0, 0, 3, 1, 0, 2, 0, 0, 0, 1, 0, 0, 0, 0, 3, 0, 1, 0, 0, 2, 1, 1, 2, 0, 0, 0, 0, 1, 1, 0, 0, 0, 1, 3, 0, 0, 1, 0, 0, 1, 0, 2, 0, 1, 1, 2, 1, 0, 0, 1, 1, 3, 0, 1, 3, 0, 1, 0, 0, 0, 1, 0, 0, 0, 1, 0, 0, 0, 0, 0, 2, 1, 0, 1, 0, 1, 0, 0, 0, 3],854.7269409995423,57867.90048713336,86292.45115777879,true
59,G2_TEC,G2_TEC,[20, 94, 82, 15, 26, 9, 95, 42, 77, 68, 47, 5, 93, 78, 86, 54, 85, 63, 18, 44, 31, 49, 36, 14, 74, 50, 53, 17, 21, 28, 11, 64, 3, 23, 30, 83, 24, 41, 40, 52, 65, 27, 90, 70, 39, 87, 48, 69, 99, 4, 46, 1, 13, 56, 97, 59, 45, 8, 73, 37, 35, 79, 71, 66, 76, 16, 60, 80, 58, 6, 67, 61, 33, 7, 57, 34, 12, 32, 10, 38, 96, 88, 43, 81, 91, 2, 84, 29, 92, 19, 51, 89, 22, 75, 25, 72, 55, 98, 62, 0]|[2, 1, 2, 1, 1, 2, 1, 1, 1, 1, 1, 0, 2, 2, 1, 2, 0, 0, 0, 2, 2, 1, 0, 2, 0, 2, 2, 1, 0, 1, 1, 1, 0, 0, 1, 0, 2, 1, 2, 2, 0, 0, 1, 1, 0, 2, 0, 2, 1, 0, 0, 2, 0, 2, 2, 0, 1, 1, 0, 0, 2, 1, 1, 2, 2, 2, 2, 2, 2, 1, 2, 1, 1, 2, 0, 1, 1, 0, 1, 0, 0, 1, 1, 1, 1, 0, 0, 1, 0, 1, 1, 1, 2, 0, 1, 1, 0, 2, 1, 0]|[1, 3, 0, 3, 4, 1, 4, 4, 4, 4, 3, 2, 1, 0, 2, 1, 1, 1, 2, 1, 1, 3, 0, 1, 0, 1, 1, 4, 1, 4, 3, 2, 2, 0, 4, 1, 1, 4, 1, 1, 2, 1, 4, 4, 1, 1, 0, 1, 3, 2, 2, 1, 2, 1, 1, 2, 4, 3, 0, 2, 1, 3, 3, 1, 1, 1, 1, 1, 1, 4, 1, 3, 4, 1, 2, 4, 3, 2, 3, 2, 2, 4, 4, 4, 3, 2, 2, 3, 2, 4, 3, 4, 1, 2, 4, 4, 2, 1, 3, 2]|[0, 2, 0, 0, 3, 0, 1, 3, 1, 0, 2, 0, 1, 0, 1, 0, 0, 0, 1, 0, 0, 2, 0, 0, 1, 0, 0, 3, 0, 1, 0, 2, 0, 0, 3, 0, 1, 1, 0, 0, 0, 0, 1, 3, 0, 0, 1, 0, 2, 0, 0, 0, 0, 0, 1, 0, 1, 0, 1, 1, 0, 2, 0, 0, 0, 0, 0, 0, 0, 2, 0, 0, 1, 0, 0, 1, 0, 0, 3, 0, 0, 1, 2, 2, 0, 0, 0, 3, 0, 1, 0, 1, 0, 0, 3, 1, 0, 0, 0, 0],910.6016522559228,48405.50430007148,106574.75635634674,false
59,G3_TWC,G3_TWC,[31, 22, 42, 15, 26, 58, 95, 82, 77, 12, 47, 5, 93, 78, 98, 54, 85, 63, 18, 44, 20, 35, 43, 97, 91, 76, 10, 30, 21, 45, 71, 64, 1, 23, 17, 83, 24, 61, 60, 49, 6, 57, 94, 88, 65, 56, 79, 40, 67, 68, 46, 75, 0, 9, 19, 32, 81, 41, 27, 62, 87, 90, 99, 59, 53, 16, 72, 73, 70, 39, 37, 84, 3, 92, 25, 74, 28, 38, 51, 7, 11, 14, 86, 48, 89, 66, 50, 96, 33, 80, 8, 4, 34, 36, 55, 52, 13, 29, 69, 2]|[1, 1, 0, 1, 1, 1, 2, 1, 2, 1, 2, 2, 2, 1, 1, 0, 0, 1, 0, 2, 2, 0, 1, 2, 0, 1, 2, 2, 0, 0, 1, 2, 1, 0, 1, 0, 2, 0, 1, 1, 0, 1, 1, 1, 0, 2, 1, 1, 0, 0, 0, 0, 1, 1, 2, 1, 2, 0, 0, 0, 2, 1, 0, 1, 0, 1, 2, 1, 1, 1, 1, 1, 2, 0, 1, 2, 0, 0, 0, 1, 0, 1, 0, 0, 1, 0, 0, 0, 2, 0, 1, 0, 2, 0, 1, 1, 0, 0, 1, 0]|[4, 3, 2, 2, 0, 0, 2, 2, 2, 4, 1, 1, 2, 4, 4, 1, 1, 4, 2, 1, 1, 1, 1, 2, 1, 2, 1, 1, 1, 1, 3, 2, 3, 0, 4, 0, 1, 1, 0, 3, 2, 2, 4, 0, 1, 1, 3, 2, 0, 1, 2, 2, 1, 4, 0, 3, 2, 1, 1, 2, 1, 3, 1, 1, 2, 3, 0, 4, 3, 1, 4, 1, 1, 2, 4, 1, 2, 1, 1, 3, 2, 3, 1, 1, 1, 1, 1, 1, 1, 1, 3, 2, 1, 1, 4, 1, 2, 2, 3, 2]|[0, 2, 1, 1, 3, 3, 0, 1, 0, 0, 0, 0, 1, 0, 1, 0, 0, 3, 1, 0, 0, 0, 3, 1, 0, 2, 0, 0, 0, 1, 0, 0, 0, 0, 3, 0, 1, 0, 0, 2, 1, 1, 2, 0, 0, 0, 0, 1, 1, 0, 0, 0, 1, 3, 0, 0, 1, 0, 0, 1, 0, 2, 0, 1, 1, 2, 1, 0, 0, 1, 1, 3, 0, 1, 3, 0, 1, 0, 0, 2, 1, 0, 0, 0, 1, 0, 0, 0, 0, 0, 2, 1, 0, 1, 3, 1, 0, 0, 0, 0],843.7439659666079,57777.80974073964,86440.68470675517,false
59,G1_CMAX,G1_CMAX,[31, 22, 82, 15, 26, 99, 95, 42, 77, 12, 47, 5, 93, 78, 86, 54, 21, 63, 18, 44, 20, 35, 43, 97, 91, 76, 10, 30, 85, 45, 71, 64, 1, 23, 17, 83, 24, 14, 60, 36, 6, 57, 40, 88, 65, 56, 79, 94, 67, 68, 46, 75, 38, 9, 19, 32, 41, 81, 27, 87, 90, 58, 59, 11, 16, 72, 73, 70, 39, 37, 84, 3, 92, 25, 55, 48, 74, 29, 51, 7, 33, 61, 98, 28, 89, 50, 4, 96, 53, 80, 8, 66, 34, 49, 52, 0, 62, 69, 2, 13]|[1, 1, 0, 1, 1, 0, 1, 1, 2, 1, 2, 2, 2, 1, 1, 0, 0, 1, 0, 2, 2, 0, 1, 2, 0, 1, 2, 2, 0, 0, 1, 2, 1, 2, 1, 0, 2, 0, 1, 1, 0, 1, 1, 1, 0, 2, 1, 1, 0, 0, 0, 0, 1, 1, 2, 1, 0, 2, 0, 2, 1, 0, 1, 2, 1, 2, 1, 1, 1, 1, 1, 1, 0, 1, 2, 0, 2, 0, 0, 2, 2, 1, 2, 0, 1, 0, 1, 2, 0, 0, 1, 2, 2, 0, 1, 0, 1, 1, 0, 0]|[0, 3, 2, 2, 4, 1, 2, 3, 2, 4, 1, 1, 2, 4, 4, 1, 1, 4, 2, 1, 1, 1, 1, 2, 1, 2, 1, 1, 2, 1, 3, 2, 3, 1, 4, 0, 1, 1, 0, 3, 2, 2, 2, 0, 1, 1, 0, 4, 0, 1, 2, 2, 1, 4, 0, 3, 1, 1, 1, 1, 3, 1, 1, 1, 3, 0, 4, 3, 1, 4, 1, 1, 0, 4, 1, 1, 1, 1, 1, 1, 1, 3, 1, 2, 1, 1, 4, 1, 2, 1, 3, 1, 1, 1, 1, 2, 1, 4, 2, 2]|[0, 2, 1, 1, 3, 0, 1, 3, 0, 0, 0, 0, 1, 0, 1, 0, 0, 3, 1, 0, 0, 0, 3, 1, 0, 2, 0, 0, 0, 1, 0, 0, 0, 0, 3, 0, 1, 0, 0, 2, 1, 1, 1, 0, 0, 0, 0, 2, 1, 0, 0, 0, 1, 3, 0, 0, 0, 0, 0, 0, 2, 0, 1, 0, 2, 1, 0, 0, 1, 1, 3, 1, 1, 3, 0, 0, 0, 0, 0, 0, 0, 0, 0, 1, 1, 0, 0, 0, 1, 0, 2, 0, 0, 1, 1, 0, 1, 2, 0, 0],730.1276596856602,56815.01019440286,94351.50741240397,false
59,G4_BALANCED,G3_TWC,[31, 22, 42, 15, 26, 58, 95, 82, 77, 12, 47, 5, 93, 78, 98, 54, 85, 63, 18, 44, 20, 35, 43, 97, 91, 76, 10, 30, 21, 45, 71, 64, 1, 23, 17, 83, 24, 61, 60, 49, 6, 57, 94, 88, 65, 56, 79, 40, 67, 68, 46, 75, 0, 9, 19, 32, 81, 41, 27, 62, 87, 90, 99, 59, 53, 16, 72, 73, 70, 39, 37, 84, 3, 92, 25, 74, 28, 38, 51, 7, 11, 14, 86, 48, 89, 50, 66, 96, 33, 80, 8, 4, 34, 36, 2, 52, 13, 29, 69, 55]|[1, 1, 0, 1, 1, 1, 2, 1, 2, 1, 2, 2, 2, 1, 1, 0, 0, 1, 0, 2, 2, 0, 1, 2, 0, 1, 2, 2, 0, 0, 1, 2, 1, 0, 1, 0, 2, 0, 1, 1, 0, 1, 1, 1, 0, 2, 1, 1, 0, 0, 0, 0, 1, 1, 2, 1, 2, 0, 0, 0, 2, 1, 0, 1, 0, 1, 2, 1, 1, 1, 1, 1, 2, 0, 1, 2, 0, 0, 0, 0, 0, 1, 0, 0, 1, 0, 0, 0, 2, 0, 1, 0, 2, 0, 0, 1, 0, 0, 1, 1]|[4, 3, 2, 2, 0, 0, 2, 2, 2, 4, 1, 1, 2, 4, 4, 1, 1, 4, 2, 1, 1, 1, 1, 2, 1, 2, 1, 1, 1, 1, 3, 2, 3, 0, 4, 0, 1, 1, 0, 3, 2, 2, 4, 0, 1, 1, 3, 2, 0, 1, 2, 2, 1, 4, 0, 3, 2, 1, 1, 2, 1, 3, 1, 1, 2, 3, 0, 4, 3, 1, 4, 1, 1, 2, 4, 1, 2, 1, 1, 1, 2, 3, 1, 1, 1, 1, 1, 1, 1, 1, 3, 2, 1, 1, 2, 1, 2, 2, 3, 4]|[0, 2, 1, 1, 3, 3, 0, 1, 0, 0, 0, 0, 1, 0, 1, 0, 0, 3, 1, 0, 0, 0, 3, 1, 0, 2, 0, 0, 0, 1, 0, 0, 0, 0, 3, 0, 1, 0, 0, 2, 1, 1, 2, 0, 0, 0, 0, 1, 1, 0, 0, 0, 1, 3, 0, 0, 1, 0, 0, 1, 0, 2, 0, 1, 1, 2, 1, 0, 0, 1, 1, 3, 0, 1, 3, 0, 1, 0, 0, 0, 1, 0, 0, 0, 1, 0, 0, 0, 0, 0, 2, 1, 0, 1, 0, 1, 0, 0, 0, 3],854.7269409995423,57867.90048713336,86292.45115777879,true
59,G2_TEC,G2_TEC,[20, 94, 82, 15, 26, 9, 95, 42, 77, 68, 47, 5, 93, 78, 86, 54, 85, 63, 18, 44, 31, 49, 36, 14, 74, 50, 53, 17, 21, 28, 11, 64, 3, 23, 30, 83, 24, 41, 40, 52, 65, 27, 90, 70, 39, 87, 48, 69, 99, 4, 46, 1, 13, 56, 97, 59, 45, 8, 73, 37, 35, 79, 71, 66, 76, 16, 60, 80, 58, 6, 67, 61, 33, 7, 57, 34, 12, 32, 10, 38, 96, 88, 43, 81, 91, 2, 84, 29, 92, 19, 51, 89, 22, 75, 25, 72, 55, 98, 62, 0]|[2, 1, 2, 1, 1, 2, 1, 1, 1, 1, 1, 0, 2, 2, 1, 2, 0, 0, 0, 2, 2, 1, 0, 2, 0, 2, 2, 1, 0, 1, 1, 1, 0, 0, 1, 0, 2, 1, 2, 2, 0, 0, 1, 1, 0, 2, 0, 2, 1, 0, 0, 2, 0, 2, 2, 0, 1, 1, 0, 0, 2, 1, 1, 2, 2, 2, 2, 2, 2, 1, 2, 1, 1, 2, 0, 1, 1, 0, 1, 0, 0, 1, 1, 1, 1, 0, 0, 1, 0, 1, 1, 1, 2, 0, 1, 1, 0, 2, 1, 0]|[1, 3, 0, 3, 4, 1, 4, 4, 4, 4, 3, 2, 1, 0, 2, 1, 1, 1, 2, 1, 1, 3, 0, 1, 0, 1, 1, 4, 1, 4, 3, 2, 2, 0, 4, 1, 1, 4, 1, 1, 2, 1, 4, 4, 1, 1, 0, 1, 3, 2, 2, 1, 2, 1, 1, 2, 4, 3, 0, 2, 1, 3, 3, 1, 1, 1, 1, 1, 1, 4, 1, 3, 4, 1, 2, 4, 3, 2, 3, 2, 2, 4, 4, 4, 3, 2, 2, 3, 2, 4, 3, 4, 1, 2, 4, 4, 2, 1, 3, 2]|[0, 2, 0, 0, 3, 0, 1, 3, 1, 0, 2, 0, 1, 0, 1, 0, 0, 0, 1, 0, 0, 2, 0, 0, 1, 0, 0, 3, 0, 1, 0, 2, 0, 0, 3, 0, 1, 1, 0, 0, 0, 0, 1, 3, 0, 0, 1, 0, 2, 0, 0, 0, 0, 0, 1, 0, 1, 0, 1, 1, 0, 2, 0, 0, 0, 0, 0, 0, 0, 2, 0, 0, 1, 0, 0, 1, 0, 0, 3, 0, 0, 1, 2, 2, 0, 0, 0, 3, 0, 1, 0, 1, 0, 0, 3, 1, 0, 0, 0, 0],910.6016522559228,48405.50430007148,106574.75635634674,false
59,G3_TWC,G3_TWC,[31, 22, 42, 15, 26, 58, 95, 82, 77, 12, 47, 5, 93, 78, 98, 54, 85, 63, 18, 44, 20, 35, 43, 97, 91, 76, 10, 30, 21, 45, 71, 64, 1, 23, 17, 83, 24, 61, 60, 49, 6, 57, 94, 88, 65, 56, 79, 40, 67, 68, 46, 75, 0, 9, 19, 32, 81, 41, 27, 62, 87, 90, 99, 59, 53, 16, 72, 73, 70, 39, 37, 84, 3, 92, 25, 74, 28, 38, 51, 7, 11, 14, 86, 48, 89, 66, 50, 96, 33, 80, 8, 4, 34, 36, 55, 52, 13, 29, 69, 2]|[1, 1, 0, 1, 1, 1, 2, 1, 2, 1, 2, 2, 2, 1, 1, 0, 0, 1, 0, 2, 2, 0, 1, 2, 0, 1, 2, 2, 0, 0, 1, 2, 1, 0, 1, 0, 2, 0, 1, 1, 0, 1, 1, 1, 0, 2, 1, 1, 0, 0, 0, 0, 1, 1, 2, 1, 2, 0, 0, 0, 2, 1, 0, 1, 0, 1, 2, 1, 1, 1, 1, 1, 2, 0, 1, 2, 0, 0, 0, 1, 0, 1, 0, 0, 1, 0, 0, 0, 2, 0, 1, 0, 2, 0, 1, 1, 0, 0, 1, 0]|[4, 3, 2, 2, 0, 0, 2, 2, 2, 4, 1, 1, 2, 4, 4, 1, 1, 4, 2, 1, 1, 1, 1, 2, 1, 2, 1, 1, 1, 1, 3, 2, 3, 0, 4, 0, 1, 1, 0, 3, 2, 2, 4, 0, 1, 1, 3, 2, 0, 1, 2, 2, 1, 4, 0, 3, 2, 1, 1, 2, 1, 3, 1, 1, 2, 3, 0, 4, 3, 1, 4, 1, 1, 2, 4, 1, 2, 1, 1, 3, 2, 3, 1, 1, 1, 1, 1, 1, 1, 1, 3, 2, 1, 1, 4, 1, 2, 2, 3, 2]|[0, 2, 1, 1, 3, 3, 0, 1, 0, 0, 0, 0, 1, 0, 1, 0, 0, 3, 1, 0, 0, 0, 3, 1, 0, 2, 0, 0, 0, 1, 0, 0, 0, 0, 3, 0, 1, 0, 0, 2, 1, 1, 2, 0, 0, 0, 0, 1, 1, 0, 0, 0, 1, 3, 0, 0, 1, 0, 0, 1, 0, 2, 0, 1, 1, 2, 1, 0, 0, 1, 1, 3, 0, 1, 3, 0, 1, 0, 0, 2, 1, 0, 0, 0, 1, 0, 0, 0, 0, 0, 2, 1, 0, 1, 3, 1, 0, 0, 0, 0],843.7439659666079,57777.80974073964,86440.68470675517,false
59,G1_CMAX,G1_CMAX,[31, 22, 82, 15, 26, 99, 95, 42, 77, 12, 47, 5, 93, 78, 86, 54, 21, 63, 18, 44, 20, 35, 43, 97, 91, 76, 10, 30, 85, 45, 71, 64, 1, 23, 17, 83, 24, 14, 60, 36, 6, 57, 40, 88, 65, 56, 79, 94, 67, 68, 46, 75, 38, 9, 19, 32, 41, 81, 27, 87, 90, 58, 59, 11, 16, 72, 73, 70, 39, 37, 84, 3, 92, 25, 55, 48, 74, 29, 51, 7, 33, 61, 98, 28, 89, 50, 4, 96, 53, 80, 8, 66, 34, 49, 52, 0, 62, 69, 2, 13]|[1, 1, 0, 1, 1, 0, 1, 1, 2, 1, 2, 2, 2, 1, 1, 0, 0, 1, 0, 2, 2, 0, 1, 2, 0, 1, 2, 2, 0, 0, 1, 2, 1, 2, 1, 0, 2, 0, 1, 1, 0, 1, 1, 1, 0, 2, 1, 1, 0, 0, 0, 0, 1, 1, 2, 1, 0, 2, 0, 2, 1, 0, 1, 2, 1, 2, 1, 1, 1, 1, 1, 1, 0, 1, 2, 0, 2, 0, 0, 2, 2, 1, 2, 0, 1, 0, 1, 2, 0, 0, 1, 2, 2, 0, 1, 0, 1, 1, 0, 0]|[0, 3, 2, 2, 4, 1, 2, 3, 2, 4, 1, 1, 2, 4, 4, 1, 1, 4, 2, 1, 1, 1, 1, 2, 1, 2, 1, 1, 2, 1, 3, 2, 3, 1, 4, 0, 1, 1, 0, 3, 2, 2, 2, 0, 1, 1, 0, 4, 0, 1, 2, 2, 1, 4, 0, 3, 1, 1, 1, 1, 3, 1, 1, 1, 3, 0, 4, 3, 1, 4, 1, 1, 0, 4, 1, 1, 1, 1, 1, 1, 1, 3, 1, 2, 1, 1, 4, 1, 2, 1, 3, 1, 1, 1, 1, 2, 1, 4, 2, 2]|[0, 2, 1, 1, 3, 0, 1, 3, 0, 0, 0, 0, 1, 0, 1, 0, 0, 3, 1, 0, 0, 0, 3, 1, 0, 2, 0, 0, 0, 1, 0, 0, 0, 0, 3, 0, 1, 0, 0, 2, 1, 1, 1, 0, 0, 0, 0, 2, 1, 0, 0, 0, 1, 3, 0, 0, 0, 0, 0, 0, 2, 0, 1, 0, 2, 1, 0, 0, 1, 1, 3, 1, 1, 3, 0, 0, 0, 0, 0, 0, 0, 0, 0, 1, 1, 0, 0, 0, 1, 0, 2, 0, 0, 1, 1, 0, 1, 2, 0, 0],730.1276596856602,56815.01019440286,94351.50741240397,false
59,G4_BALANCED,G3_TWC,[31, 22, 42, 15, 26, 58, 95, 82, 77, 12, 47, 5, 93, 78, 98, 54, 85, 63, 18, 44, 20, 35, 43, 97, 91, 76, 10, 30, 21, 45, 71, 64, 1, 23, 17, 83, 24, 61, 60, 49, 6, 57, 94, 88, 65, 56, 79, 40, 67, 68, 46, 75, 0, 9, 19, 32, 81, 41, 27, 62, 87, 90, 99, 59, 53, 16, 72, 73, 70, 39, 37, 84, 3, 92, 25, 74, 28, 38, 51, 7, 11, 14, 86, 48, 89, 50, 66, 96, 33, 80, 8, 4, 34, 36, 2, 52, 13, 29, 69, 55]|[1, 1, 0, 1, 1, 1, 2, 1, 2, 1, 2, 2, 2, 1, 1, 0, 0, 1, 0, 2, 2, 0, 1, 2, 0, 1, 2, 2, 0, 0, 1, 2, 1, 0, 1, 0, 2, 0, 1, 1, 0, 1, 1, 1, 0, 2, 1, 1, 0, 0, 0, 0, 1, 1, 2, 1, 2, 0, 0, 0, 2, 1, 0, 1, 0, 1, 2, 1, 1, 1, 1, 1, 2, 0, 1, 2, 0, 0, 0, 0, 0, 1, 0, 0, 1, 0, 0, 0, 2, 0, 1, 0, 2, 0, 0, 1, 0, 0, 1, 1]|[4, 3, 2, 2, 0, 0, 2, 2, 2, 4, 1, 1, 2, 4, 4, 1, 1, 4, 2, 1, 1, 1, 1, 2, 1, 2, 1, 1, 1, 1, 3, 2, 3, 0, 4, 0, 1, 1, 0, 3, 2, 2, 4, 0, 1, 1, 3, 2, 0, 1, 2, 2, 1, 4, 0, 3, 2, 1, 1, 2, 1, 3, 1, 1, 2, 3, 0, 4, 3, 1, 4, 1, 1, 2, 4, 1, 2, 1, 1, 1, 2, 3, 1, 1, 1, 1, 1, 1, 1, 1, 3, 2, 1, 1, 2, 1, 2, 2, 3, 4]|[0, 2, 1, 1, 3, 3, 0, 1, 0, 0, 0, 0, 1, 0, 1, 0, 0, 3, 1, 0, 0, 0, 3, 1, 0, 2, 0, 0, 0, 1, 0, 0, 0, 0, 3, 0, 1, 0, 0, 2, 1, 1, 2, 0, 0, 0, 0, 1, 1, 0, 0, 0, 1, 3, 0, 0, 1, 0, 0, 1, 0, 2, 0, 1, 1, 2, 1, 0, 0, 1, 1, 3, 0, 1, 3, 0, 1, 0, 0, 0, 1, 0, 0, 0, 1, 0, 0, 0, 0, 0, 2, 1, 0, 1, 0, 1, 0, 0, 0, 3],854.7269409995423,57867.90048713336,86292.45115777879,true
59,G2_TEC,G2_TEC,[20, 94, 82, 15, 26, 9, 95, 42, 77, 68, 47, 5, 93, 78, 86, 54, 85, 63, 18, 44, 31, 49, 36, 14, 74, 50, 53, 17, 21, 28, 11, 64, 3, 23, 30, 83, 24, 41, 40, 52, 65, 27, 90, 70, 39, 87, 48, 69, 99, 4, 46, 1, 13, 56, 97, 59, 45, 8, 73, 37, 35, 79, 71, 66, 76, 16, 60, 80, 58, 6, 67, 61, 33, 7, 57, 34, 12, 32, 10, 38, 96, 88, 43, 81, 91, 2, 84, 29, 92, 19, 51, 89, 22, 75, 25, 72, 55, 98, 62, 0]|[2, 1, 2, 1, 1, 2, 1, 1, 1, 1, 1, 0, 2, 2, 1, 2, 0, 0, 0, 2, 2, 1, 0, 2, 0, 2, 2, 1, 0, 1, 1, 1, 0, 0, 1, 0, 2, 1, 2, 2, 0, 0, 1, 1, 0, 2, 0, 2, 1, 0, 0, 2, 0, 2, 2, 0, 1, 1, 0, 0, 2, 1, 1, 2, 2, 2, 2, 2, 2, 1, 2, 1, 1, 2, 0, 1, 1, 0, 1, 0, 0, 1, 1, 1, 1, 0, 0, 1, 0, 1, 1, 1, 2, 0, 1, 1, 0, 2, 1, 0]|[1, 3, 0, 3, 4, 1, 4, 4, 4, 4, 3, 2, 1, 0, 2, 1, 1, 1, 2, 1, 1, 3, 0, 1, 0, 1, 1, 4, 1, 4, 3, 2, 2, 0, 4, 1, 1, 4, 1, 1, 2, 1, 4, 4, 1, 1, 0, 1, 3, 2, 2, 1, 2, 1, 1, 2, 4, 3, 0, 2, 1, 3, 3, 1, 1, 1, 1, 1, 1, 4, 1, 3, 4, 1, 2, 4, 3, 2, 3, 2, 2, 4, 4, 4, 3, 2, 2, 3, 2, 4, 3, 4, 1, 2, 4, 4, 2, 1, 3, 2]|[0, 2, 0, 0, 3, 0, 1, 3, 1, 0, 2, 0, 1, 0, 1, 0, 0, 0, 1, 0, 0, 2, 0, 0, 1, 0, 0, 3, 0, 1, 0, 2, 0, 0, 3, 0, 1, 1, 0, 0, 0, 0, 1, 3, 0, 0, 1, 0, 2, 0, 0, 0, 0, 0, 1, 0, 1, 0, 1, 1, 0, 2, 0, 0, 0, 0, 0, 0, 0, 2, 0, 0, 1, 0, 0, 1, 0, 0, 3, 0, 0, 1, 2, 2, 0, 0, 0, 3, 0, 1, 0, 1, 0, 0, 3, 1, 0, 0, 0, 0],910.6016522559228,48405.50430007148,106574.75635634674,false
59,G3_TWC,G3_TWC,[31, 22, 42, 15, 26, 58, 95, 82, 77, 12, 47, 5, 93, 78, 98, 54, 85, 63, 18, 44, 20, 35, 43, 97, 91, 76, 10, 30, 21, 45, 71, 64, 1, 23, 17, 83, 24, 61, 60, 49, 6, 57, 94, 88, 65, 56, 79, 40, 67, 68, 46, 75, 0, 9, 19, 32, 81, 41, 27, 62, 87, 90, 99, 59, 53, 16, 72, 73, 70, 39, 37, 84, 3, 92, 25, 74, 28, 38, 51, 7, 11, 14, 86, 48, 89, 66, 50, 96, 33, 80, 8, 4, 34, 36, 55, 52, 13, 29, 69, 2]|[1, 1, 0, 1, 1, 1, 2, 1, 2, 1, 2, 2, 2, 1, 1, 0, 0, 1, 0, 2, 2, 0, 1, 2, 0, 1, 2, 2, 0, 0, 1, 2, 1, 0, 1, 0, 2, 0, 1, 1, 0, 1, 1, 1, 0, 2, 1, 1, 0, 0, 0, 0, 1, 1, 2, 1, 2, 0, 0, 0, 2, 1, 0, 1, 0, 1, 2, 1, 1, 1, 1, 1, 2, 0, 1, 2, 0, 0, 0, 1, 0, 1, 0, 0, 1, 0, 0, 0, 2, 0, 1, 0, 2, 0, 1, 1, 0, 0, 1, 0]|[4, 3, 2, 2, 0, 0, 2, 2, 2, 4, 1, 1, 2, 4, 4, 1, 1, 4, 2, 1, 1, 1, 1, 2, 1, 2, 1, 1, 1, 1, 3, 2, 3, 0, 4, 0, 1, 1, 0, 3, 2, 2, 4, 0, 1, 1, 3, 2, 0, 1, 2, 2, 1, 4, 0, 3, 2, 1, 1, 2, 1, 3, 1, 1, 2, 3, 0, 4, 3, 1, 4, 1, 1, 2, 4, 1, 2, 1, 1, 3, 2, 3, 1, 1, 1, 1, 1, 1, 1, 1, 3, 2, 1, 1, 4, 1, 2, 2, 3, 2]|[0, 2, 1, 1, 3, 3, 0, 1, 0, 0, 0, 0, 1, 0, 1, 0, 0, 3, 1, 0, 0, 0, 3, 1, 0, 2, 0, 0, 0, 1, 0, 0, 0, 0, 3, 0, 1, 0, 0, 2, 1, 1, 2, 0, 0, 0, 0, 1, 1, 0, 0, 0, 1, 3, 0, 0, 1, 0, 0, 1, 0, 2, 0, 1, 1, 2, 1, 0, 0, 1, 1, 3, 0, 1, 3, 0, 1, 0, 0, 2, 1, 0, 0, 0, 1, 0, 0, 0, 0, 0, 2, 1, 0, 1, 3, 1, 0, 0, 0, 0],843.7439659666079,57777.80974073964,86440.68470675517,false
59,G1_CMAX,G1_CMAX,[31, 22, 82, 15, 26, 99, 95, 42, 77, 12, 47, 5, 93, 78, 86, 54, 21, 63, 18, 44, 20, 35, 43, 97, 91, 76, 10, 30, 85, 45, 71, 64, 1, 23, 17, 83, 24, 14, 60, 36, 6, 57, 40, 88, 65, 56, 79, 94, 67, 68, 46, 75, 38, 9, 19, 32, 41, 81, 27, 87, 90, 58, 59, 11, 16, 72, 73, 70, 39, 37, 84, 3, 92, 25, 55, 48, 74, 29, 51, 7, 33, 61, 98, 28, 89, 50, 4, 96, 53, 80, 8, 66, 34, 49, 52, 0, 62, 69, 2, 13]|[1, 1, 0, 1, 1, 0, 1, 1, 2, 1, 2, 2, 2, 1, 1, 0, 0, 1, 0, 2, 2, 0, 1, 2, 0, 1, 2, 2, 0, 0, 1, 2, 1, 2, 1, 0, 2, 0, 1, 1, 0, 1, 1, 1, 0, 2, 1, 1, 0, 0, 0, 0, 1, 1, 2, 1, 0, 2, 0, 2, 1, 0, 1, 2, 1, 2, 1, 1, 1, 1, 1, 1, 0, 1, 2, 0, 2, 0, 0, 2, 2, 1, 2, 0, 1, 0, 1, 2, 0, 0, 1, 2, 2, 0, 1, 0, 1, 1, 0, 0]|[0, 3, 2, 2, 4, 1, 2, 3, 2, 4, 1, 1, 2, 4, 4, 1, 1, 4, 2, 1, 1, 1, 1, 2, 1, 2, 1, 1, 2, 1, 3, 2, 3, 1, 4, 0, 1, 1, 0, 3, 2, 2, 2, 0, 1, 1, 0, 4, 0, 1, 2, 2, 1, 4, 0, 3, 1, 1, 1, 1, 3, 1, 1, 1, 3, 0, 4, 3, 1, 4, 1, 1, 0, 4, 1, 1, 1, 1, 1, 1, 1, 3, 1, 2, 1, 1, 4, 1, 2, 1, 3, 1, 1, 1, 1, 2, 1, 4, 2, 2]|[0, 2, 1, 1, 3, 0, 1, 3, 0, 0, 0, 0, 1, 0, 1, 0, 0, 3, 1, 0, 0, 0, 3, 1, 0, 2, 0, 0, 0, 1, 0, 0, 0, 0, 3, 0, 1, 0, 0, 2, 1, 1, 1, 0, 0, 0, 0, 2, 1, 0, 0, 0, 1, 3, 0, 0, 0, 0, 0, 0, 2, 0, 1, 0, 2, 1, 0, 0, 1, 1, 3, 1, 1, 3, 0, 0, 0, 0, 0, 0, 0, 0, 0, 1, 1, 0, 0, 0, 1, 0, 2, 0, 0, 1, 1, 0, 1, 2, 0, 0],730.1276596856602,56815.01019440286,94351.50741240397,false
59,G4_BALANCED,G3_TWC,[31, 22, 42, 15, 26, 58, 95, 82, 77, 12, 47, 5, 93, 78, 98, 54, 85, 63, 18, 44, 20, 35, 43, 97, 91, 76, 10, 30, 21, 45, 71, 64, 1, 23, 17, 83, 24, 61, 60, 49, 6, 57, 94, 88, 65, 56, 79, 40, 67, 68, 46, 75, 0, 9, 19, 32, 81, 41, 27, 62, 87, 90, 99, 59, 53, 16, 72, 73, 70, 39, 37, 84, 3, 92, 25, 74, 28, 38, 51, 7, 11, 14, 86, 48, 89, 50, 66, 96, 33, 80, 8, 4, 34, 36, 2, 52, 13, 29, 69, 55]|[1, 1, 0, 1, 1, 1, 2, 1, 2, 1, 2, 2, 2, 1, 1, 0, 0, 1, 0, 2, 2, 0, 1, 2, 0, 1, 2, 2, 0, 0, 1, 2, 1, 0, 1, 0, 2, 0, 1, 1, 0, 1, 1, 1, 0, 2, 1, 1, 0, 0, 0, 0, 1, 1, 2, 1, 2, 0, 0, 0, 2, 1, 0, 1, 0, 1, 2, 1, 1, 1, 1, 1, 2, 0, 1, 2, 0, 0, 0, 0, 0, 1, 0, 0, 1, 0, 0, 0, 2, 0, 1, 0, 2, 0, 0, 1, 0, 0, 1, 1]|[4, 3, 2, 2, 0, 0, 2, 2, 2, 4, 1, 1, 2, 4, 4, 1, 1, 4, 2, 1, 1, 1, 1, 2, 1, 2, 1, 1, 1, 1, 3, 2, 3, 0, 4, 0, 1, 1, 0, 3, 2, 2, 4, 0, 1, 1, 3, 2, 0, 1, 2, 2, 1, 4, 0, 3, 2, 1, 1, 2, 1, 3, 1, 1, 2, 3, 0, 4, 3, 1, 4, 1, 1, 2, 4, 1, 2, 1, 1, 1, 2, 3, 1, 1, 1, 1, 1, 1, 1, 1, 3, 2, 1, 1, 2, 1, 2, 2, 3, 4]|[0, 2, 1, 1, 3, 3, 0, 1, 0, 0, 0, 0, 1, 0, 1, 0, 0, 3, 1, 0, 0, 0, 3, 1, 0, 2, 0, 0, 0, 1, 0, 0, 0, 0, 3, 0, 1, 0, 0, 2, 1, 1, 2, 0, 0, 0, 0, 1, 1, 0, 0, 0, 1, 3, 0, 0, 1, 0, 0, 1, 0, 2, 0, 1, 1, 2, 1, 0, 0, 1, 1, 3, 0, 1, 3, 0, 1, 0, 0, 0, 1, 0, 0, 0, 1, 0, 0, 0, 0, 0, 2, 1, 0, 1, 0, 1, 0, 0, 0, 3],854.7269409995423,57867.90048713336,86292.45115777879,true
59,G2_TEC,G2_TEC,[20, 94, 82, 15, 26, 9, 95, 42, 77, 68, 47, 5, 93, 78, 86, 54, 85, 63, 18, 44, 31, 49, 36, 14, 74, 50, 53, 17, 21, 28, 11, 64, 3, 23, 30, 83, 24, 41, 40, 52, 65, 27, 90, 70, 39, 87, 48, 69, 99, 4, 46, 1, 13, 56, 97, 59, 45, 8, 73, 37, 35, 79, 71, 66, 76, 16, 60, 80, 58, 6, 67, 61, 33, 7, 57, 34, 12, 32, 10, 38, 96, 88, 43, 81, 91, 2, 84, 29, 92, 19, 51, 89, 22, 75, 25, 72, 55, 98, 62, 0]|[2, 1, 2, 1, 1, 2, 1, 1, 1, 1, 1, 0, 2, 2, 1, 2, 0, 0, 0, 2, 2, 1, 0, 2, 0, 2, 2, 1, 0, 1, 1, 1, 0, 0, 1, 0, 2, 1, 2, 2, 0, 0, 1, 1, 0, 2, 0, 2, 1, 0, 0, 2, 0, 2, 2, 0, 1, 1, 0, 0, 2, 1, 1, 2, 2, 2, 2, 2, 2, 1, 2, 1, 1, 2, 0, 1, 1, 0, 1, 0, 0, 1, 1, 1, 1, 0, 0, 1, 0, 1, 1, 1, 2, 0, 1, 1, 0, 2, 1, 0]|[1, 3, 0, 3, 4, 1, 4, 4, 4, 4, 3, 2, 1, 0, 2, 1, 1, 1, 2, 1, 1, 3, 0, 1, 0, 1, 1, 4, 1, 4, 3, 2, 2, 0, 4, 1, 1, 4, 1, 1, 2, 1, 4, 4, 1, 1, 0, 1, 3, 2, 2, 1, 2, 1, 1, 2, 4, 3, 0, 2, 1, 3, 3, 1, 1, 1, 1, 1, 1, 4, 1, 3, 4, 1, 2, 4, 3, 2, 3, 2, 2, 4, 4, 4, 3, 2, 2, 3, 2, 4, 3, 4, 1, 2, 4, 4, 2, 1, 3, 2]|[0, 2, 0, 0, 3, 0, 1, 3, 1, 0, 2, 0, 1, 0, 1, 0, 0, 0, 1, 0, 0, 2, 0, 0, 1, 0, 0, 3, 0, 1, 0, 2, 0, 0, 3, 0, 1, 1, 0, 0, 0, 0, 1, 3, 0, 0, 1, 0, 2, 0, 0, 0, 0, 0, 1, 0, 1, 0, 1, 1, 0, 2, 0, 0, 0, 0, 0, 0, 0, 2, 0, 0, 1, 0, 0, 1, 0, 0, 3, 0, 0, 1, 2, 2, 0, 0, 0, 3, 0, 1, 0, 1, 0, 0, 3, 1, 0, 0, 0, 0],910.6016522559228,48405.50430007148,106574.75635634674,false
59,G3_TWC,G3_TWC,[31, 22, 42, 15, 26, 58, 95, 82, 77, 12, 47, 5, 93, 78, 98, 54, 85, 63, 18, 44, 20, 35, 43, 97, 91, 76, 10, 30, 21, 45, 71, 64, 1, 23, 17, 83, 24, 61, 60, 49, 6, 57, 94, 88, 65, 56, 79, 40, 67, 68, 46, 75, 0, 9, 19, 32, 81, 41, 27, 62, 87, 90, 99, 59, 53, 16, 72, 73, 70, 39, 37, 84, 3, 92, 25, 74, 28, 38, 51, 7, 11, 14, 86, 48, 89, 66, 50, 96, 33, 80, 8, 4, 34, 36, 55, 52, 13, 29, 69, 2]|[1, 1, 0, 1, 1, 1, 2, 1, 2, 1, 2, 2, 2, 1, 1, 0, 0, 1, 0, 2, 2, 0, 1, 2, 0, 1, 2, 2, 0, 0, 1, 2, 1, 0, 1, 0, 2, 0, 1, 1, 0, 1, 1, 1, 0, 2, 1, 1, 0, 0, 0, 0, 1, 1, 2, 1, 2, 0, 0, 0, 2, 1, 0, 1, 0, 1, 2, 1, 1, 1, 1, 1, 2, 0, 1, 2, 0, 0, 0, 1, 0, 1, 0, 0, 1, 0, 0, 0, 2, 0, 1, 0, 2, 0, 1, 1, 0, 0, 1, 0]|[4, 3, 2, 2, 0, 0, 2, 2, 2, 4, 1, 1, 2, 4, 4, 1, 1, 4, 2, 1, 1, 1, 1, 2, 1, 2, 1, 1, 1, 1, 3, 2, 3, 0, 4, 0, 1, 1, 0, 3, 2, 2, 4, 0, 1, 1, 3, 2, 0, 1, 2, 2, 1, 4, 0, 3, 2, 1, 1, 2, 1, 3, 1, 1, 2, 3, 0, 4, 3, 1, 4, 1, 1, 2, 4, 1, 2, 1, 1, 3, 2, 3, 1, 1, 1, 1, 1, 1, 1, 1, 3, 2, 1, 1, 4, 1, 2, 2, 3, 2]|[0, 2, 1, 1, 3, 3, 0, 1, 0, 0, 0, 0, 1, 0, 1, 0, 0, 3, 1, 0, 0, 0, 3, 1, 0, 2, 0, 0, 0, 1, 0, 0, 0, 0, 3, 0, 1, 0, 0, 2, 1, 1, 2, 0, 0, 0, 0, 1, 1, 0, 0, 0, 1, 3, 0, 0, 1, 0, 0, 1, 0, 2, 0, 1, 1, 2, 1, 0, 0, 1, 1, 3, 0, 1, 3, 0, 1, 0, 0, 2, 1, 0, 0, 0, 1, 0, 0, 0, 0, 0, 2, 1, 0, 1, 3, 1, 0, 0, 0, 0],843.7439659666079,57777.80974073964,86440.68470675517,false
59,G1_CMAX,G1_CMAX,[31, 22, 82, 15, 26, 99, 95, 42, 77, 12, 47, 5, 93, 78, 86, 54, 21, 63, 18, 44, 20, 35, 43, 97, 91, 76, 10, 30, 85, 45, 71, 64, 1, 23, 17, 83, 24, 14, 60, 36, 6, 57, 40, 88, 65, 56, 79, 94, 67, 68, 46, 75, 38, 9, 19, 32, 41, 81, 27, 87, 90, 58, 59, 11, 16, 72, 73, 70, 39, 37, 84, 3, 92, 25, 55, 48, 74, 29, 51, 7, 33, 61, 98, 28, 89, 50, 4, 96, 53, 80, 8, 66, 34, 49, 52, 0, 62, 69, 2, 13]|[1, 1, 0, 1, 1, 0, 1, 1, 2, 1, 2, 2, 2, 1, 1, 0, 0, 1, 0, 2, 2, 0, 1, 2, 0, 1, 2, 2, 0, 0, 1, 2, 1, 2, 1, 0, 2, 0, 1, 1, 0, 1, 1, 1, 0, 2, 1, 1, 0, 0, 0, 0, 1, 1, 2, 1, 0, 2, 0, 2, 1, 0, 1, 2, 1, 2, 1, 1, 1, 1, 1, 1, 0, 1, 2, 0, 2, 0, 0, 2, 2, 1, 2, 0, 1, 0, 1, 2, 0, 0, 1, 2, 2, 0, 1, 0, 1, 1, 0, 0]|[0, 3, 2, 2, 4, 1, 2, 3, 2, 4, 1, 1, 2, 4, 4, 1, 1, 4, 2, 1, 1, 1, 1, 2, 1, 2, 1, 1, 2, 1, 3, 2, 3, 1, 4, 0, 1, 1, 0, 3, 2, 2, 2, 0, 1, 1, 0, 4, 0, 1, 2, 2, 1, 4, 0, 3, 1, 1, 1, 1, 3, 1, 1, 1, 3, 0, 4, 3, 1, 4, 1, 1, 0, 4, 1, 1, 1, 1, 1, 1, 1, 3, 1, 2, 1, 1, 4, 1, 2, 1, 3, 1, 1, 1, 1, 2, 1, 4, 2, 2]|[0, 2, 1, 1, 3, 0, 1, 3, 0, 0, 0, 0, 1, 0, 1, 0, 0, 3, 1, 0, 0, 0, 3, 1, 0, 2, 0, 0, 0, 1, 0, 0, 0, 0, 3, 0, 1, 0, 0, 2, 1, 1, 1, 0, 0, 0, 0, 2, 1, 0, 0, 0, 1, 3, 0, 0, 0, 0, 0, 0, 2, 0, 1, 0, 2, 1, 0, 0, 1, 1, 3, 1, 1, 3, 0, 0, 0, 0, 0, 0, 0, 0, 0, 1, 1, 0, 0, 0, 1, 0, 2, 0, 0, 1, 1, 0, 1, 2, 0, 0],730.1276596856602,56815.01019440286,94351.50741240397,false
59,G4_BALANCED,G3_TWC,[31, 22, 42, 15, 26, 58, 95, 82, 77, 12, 47, 5, 93, 78, 98, 54, 85, 63, 18, 44, 20, 35, 43, 97, 91, 76, 10, 30, 21, 45, 71, 64, 1, 23, 17, 83, 24, 61, 60, 49, 6, 57, 94, 88, 65, 56, 79, 40, 67, 68, 46, 75, 0, 9, 19, 32, 81, 41, 27, 62, 87, 90, 99, 59, 53, 16, 72, 73, 70, 39, 37, 84, 3, 92, 25, 74, 28, 38, 51, 7, 11, 14, 86, 48, 89, 50, 66, 96, 33, 80, 8, 4, 34, 36, 2, 52, 13, 29, 69, 55]|[1, 1, 0, 1, 1, 1, 2, 1, 2, 1, 2, 2, 2, 1, 1, 0, 0, 1, 0, 2, 2, 0, 1, 2, 0, 1, 2, 2, 0, 0, 1, 2, 1, 0, 1, 0, 2, 0, 1, 1, 0, 1, 1, 1, 0, 2, 1, 1, 0, 0, 0, 0, 1, 1, 2, 1, 2, 0, 0, 0, 2, 1, 0, 1, 0, 1, 2, 1, 1, 1, 1, 1, 2, 0, 1, 2, 0, 0, 0, 0, 0, 1, 0, 0, 1, 0, 0, 0, 2, 0, 1, 0, 2, 0, 0, 1, 0, 0, 1, 1]|[4, 3, 2, 2, 0, 0, 2, 2, 2, 4, 1, 1, 2, 4, 4, 1, 1, 4, 2, 1, 1, 1, 1, 2, 1, 2, 1, 1, 1, 1, 3, 2, 3, 0, 4, 0, 1, 1, 0, 3, 2, 2, 4, 0, 1, 1, 3, 2, 0, 1, 2, 2, 1, 4, 0, 3, 2, 1, 1, 2, 1, 3, 1, 1, 2, 3, 0, 4, 3, 1, 4, 1, 1, 2, 4, 1, 2, 1, 1, 1, 2, 3, 1, 1, 1, 1, 1, 1, 1, 1, 3, 2, 1, 1, 2, 1, 2, 2, 3, 4]|[0, 2, 1, 1, 3, 3, 0, 1, 0, 0, 0, 0, 1, 0, 1, 0, 0, 3, 1, 0, 0, 0, 3, 1, 0, 2, 0, 0, 0, 1, 0, 0, 0, 0, 3, 0, 1, 0, 0, 2, 1, 1, 2, 0, 0, 0, 0, 1, 1, 0, 0, 0, 1, 3, 0, 0, 1, 0, 0, 1, 0, 2, 0, 1, 1, 2, 1, 0, 0, 1, 1, 3, 0, 1, 3, 0, 1, 0, 0, 0, 1, 0, 0, 0, 1, 0, 0, 0, 0, 0, 2, 1, 0, 1, 0, 1, 0, 0, 0, 3],854.7269409995423,57867.90048713336,86292.45115777879,true
59,G2_TEC,G2_TEC,[20, 94, 82, 15, 26, 9, 95, 42, 77, 68, 47, 5, 93, 78, 86, 54, 85, 63, 18, 44, 31, 49, 36, 14, 74, 50, 53, 17, 21, 28, 11, 64, 3, 23, 30, 83, 24, 41, 40, 52, 65, 27, 90, 70, 39, 87, 48, 69, 99, 4, 46, 1, 13, 56, 97, 59, 45, 8, 73, 37, 35, 79, 71, 66, 76, 16, 60, 80, 58, 6, 67, 61, 33, 7, 57, 34, 12, 32, 10, 38, 96, 88, 43, 81, 91, 2, 84, 29, 92, 19, 51, 89, 22, 75, 25, 72, 55, 98, 62, 0]|[2, 1, 2, 1, 1, 2, 1, 1, 1, 1, 1, 0, 2, 2, 1, 2, 0, 0, 0, 2, 2, 1, 0, 2, 0, 2, 2, 1, 0, 1, 1, 1, 0, 0, 1, 0, 2, 1, 2, 2, 0, 0, 1, 1, 0, 2, 0, 2, 1, 0, 0, 2, 0, 2, 2, 0, 1, 1, 0, 0, 2, 1, 1, 2, 2, 2, 2, 2, 2, 1, 2, 1, 1, 2, 0, 1, 1, 0, 1, 0, 0, 1, 1, 1, 1, 0, 0, 1, 0, 1, 1, 1, 2, 0, 1, 1, 0, 2, 1, 0]|[1, 3, 0, 3, 4, 1, 4, 4, 4, 4, 3, 2, 1, 0, 2, 1, 1, 1, 2, 1, 1, 3, 0, 1, 0, 1, 1, 4, 1, 4, 3, 2, 2, 0, 4, 1, 1, 4, 1, 1, 2, 1, 4, 4, 1, 1, 0, 1, 3, 2, 2, 1, 2, 1, 1, 2, 4, 3, 0, 2, 1, 3, 3, 1, 1, 1, 1, 1, 1, 4, 1, 3, 4, 1, 2, 4, 3, 2, 3, 2, 2, 4, 4, 4, 3, 2, 2, 3, 2, 4, 3, 4, 1, 2, 4, 4, 2, 1, 3, 2]|[0, 2, 0, 0, 3, 0, 1, 3, 1, 0, 2, 0, 1, 0, 1, 0, 0, 0, 1, 0, 0, 2, 0, 0, 1, 0, 0, 3, 0, 1, 0, 2, 0, 0, 3, 0, 1, 1, 0, 0, 0, 0, 1, 3, 0, 0, 1, 0, 2, 0, 0, 0, 0, 0, 1, 0, 1, 0, 1, 1, 0, 2, 0, 0, 0, 0, 0, 0, 0, 2, 0, 0, 1, 0, 0, 1, 0, 0, 3, 0, 0, 1, 2, 2, 0, 0, 0, 3, 0, 1, 0, 1, 0, 0, 3, 1, 0, 0, 0, 0],910.6016522559228,48405.50430007148,106574.75635634674,false
59,G3_TWC,G3_TWC,[31, 22, 42, 15, 26, 58, 95, 82, 77, 12, 47, 5, 93, 78, 98, 54, 85, 63, 18, 44, 20, 35, 43, 97, 91, 76, 10, 30, 21, 45, 71, 64, 1, 23, 17, 83, 24, 61, 60, 49, 6, 57, 94, 88, 65, 56, 79, 40, 67, 68, 46, 75, 0, 9, 19, 32, 81, 41, 27, 62, 87, 90, 99, 59, 53, 16, 72, 73, 70, 39, 37, 84, 3, 92, 25, 74, 28, 38, 51, 7, 11, 14, 86, 48, 89, 66, 50, 96, 33, 80, 8, 4, 34, 36, 55, 52, 13, 29, 69, 2]|[1, 1, 0, 1, 1, 1, 2, 1, 2, 1, 2, 2, 2, 1, 1, 0, 0, 1, 0, 2, 2, 0, 1, 2, 0, 1, 2, 2, 0, 0, 1, 2, 1, 0, 1, 0, 2, 0, 1, 1, 0, 1, 1, 1, 0, 2, 1, 1, 0, 0, 0, 0, 1, 1, 2, 1, 2, 0, 0, 0, 2, 1, 0, 1, 0, 1, 2, 1, 1, 1, 1, 1, 2, 0, 1, 2, 0, 0, 0, 1, 0, 1, 0, 0, 1, 0, 0, 0, 2, 0, 1, 0, 2, 0, 1, 1, 0, 0, 1, 0]|[4, 3, 2, 2, 0, 0, 2, 2, 2, 4, 1, 1, 2, 4, 4, 1, 1, 4, 2, 1, 1, 1, 1, 2, 1, 2, 1, 1, 1, 1, 3, 2, 3, 0, 4, 0, 1, 1, 0, 3, 2, 2, 4, 0, 1, 1, 3, 2, 0, 1, 2, 2, 1, 4, 0, 3, 2, 1, 1, 2, 1, 3, 1, 1, 2, 3, 0, 4, 3, 1, 4, 1, 1, 2, 4, 1, 2, 1, 1, 3, 2, 3, 1, 1, 1, 1, 1, 1, 1, 1, 3, 2, 1, 1, 4, 1, 2, 2, 3, 2]|[0, 2, 1, 1, 3, 3, 0, 1, 0, 0, 0, 0, 1, 0, 1, 0, 0, 3, 1, 0, 0, 0, 3, 1, 0, 2, 0, 0, 0, 1, 0, 0, 0, 0, 3, 0, 1, 0, 0, 2, 1, 1, 2, 0, 0, 0, 0, 1, 1, 0, 0, 0, 1, 3, 0, 0, 1, 0, 0, 1, 0, 2, 0, 1, 1, 2, 1, 0, 0, 1, 1, 3, 0, 1, 3, 0, 1, 0, 0, 2, 1, 0, 0, 0, 1, 0, 0, 0, 0, 0, 2, 1, 0, 1, 3, 1, 0, 0, 0, 0],843.7439659666079,57777.80974073964,86440.68470675517,false
59,G1_CMAX,G1_CMAX,[31, 22, 82, 15, 26, 99, 95, 42, 77, 12, 47, 5, 93, 78, 86, 54, 21, 63, 18, 44, 20, 35, 43, 97, 91, 76, 10, 30, 85, 45, 71, 64, 1, 23, 17, 83, 24, 14, 60, 36, 6, 57, 40, 88, 65, 56, 79, 94, 67, 68, 46, 75, 38, 9, 19, 32, 41, 81, 27, 87, 90, 58, 59, 11, 16, 72, 73, 70, 39, 37, 84, 3, 92, 25, 55, 48, 74, 29, 51, 7, 33, 61, 98, 28, 89, 50, 4, 96, 53, 80, 8, 66, 34, 49, 52, 0, 62, 69, 2, 13]|[1, 1, 0, 1, 1, 0, 1, 1, 2, 1, 2, 2, 2, 1, 1, 0, 0, 1, 0, 2, 2, 0, 1, 2, 0, 1, 2, 2, 0, 0, 1, 2, 1, 2, 1, 0, 2, 0, 1, 1, 0, 1, 1, 1, 0, 2, 1, 1, 0, 0, 0, 0, 1, 1, 2, 1, 0, 2, 0, 2, 1, 0, 1, 2, 1, 2, 1, 1, 1, 1, 1, 1, 0, 1, 2, 0, 2, 0, 0, 2, 2, 1, 2, 0, 1, 0, 1, 2, 0, 0, 1, 2, 2, 0, 1, 0, 1, 1, 0, 0]|[0, 3, 2, 2, 4, 1, 2, 3, 2, 4, 1, 1, 2, 4, 4, 1, 1, 4, 2, 1, 1, 1, 1, 2, 1, 2, 1, 1, 2, 1, 3, 2, 3, 1, 4, 0, 1, 1, 0, 3, 2, 2, 2, 0, 1, 1, 0, 4, 0, 1, 2, 2, 1, 4, 0, 3, 1, 1, 1, 1, 3, 1, 1, 1, 3, 0, 4, 3, 1, 4, 1, 1, 0, 4, 1, 1, 1, 1, 1, 1, 1, 3, 1, 2, 1, 1, 4, 1, 2, 1, 3, 1, 1, 1, 1, 2, 1, 4, 2, 2]|[0, 2, 1, 1, 3, 0, 1, 3, 0, 0, 0, 0, 1, 0, 1, 0, 0, 3, 1, 0, 0, 0, 3, 1, 0, 2, 0, 0, 0, 1, 0, 0, 0, 0, 3, 0, 1, 0, 0, 2, 1, 1, 1, 0, 0, 0, 0, 2, 1, 0, 0, 0, 1, 3, 0, 0, 0, 0, 0, 0, 2, 0, 1, 0, 2, 1, 0, 0, 1, 1, 3, 1, 1, 3, 0, 0, 0, 0, 0, 0, 0, 0, 0, 1, 1, 0, 0, 0, 1, 0, 2, 0, 0, 1, 1, 0, 1, 2, 0, 0],730.1276596856602,56815.01019440286,94351.50741240397,false
59,G4_BALANCED,G3_TWC,[31, 22, 42, 15, 26, 58, 95, 82, 77, 12, 47, 5, 93, 78, 98, 54, 85, 63, 18, 44, 20, 35, 43, 97, 91, 76, 10, 30, 21, 45, 71, 64, 1, 23, 17, 83, 24, 61, 60, 49, 6, 57, 94, 88, 65, 56, 79, 40, 67, 68, 46, 75, 0, 9, 19, 32, 81, 41, 27, 62, 87, 90, 99, 59, 53, 16, 72, 73, 70, 39, 37, 84, 3, 92, 25, 74, 28, 38, 51, 7, 11, 14, 86, 48, 89, 50, 66, 96, 33, 80, 8, 4, 34, 36, 2, 52, 13, 29, 69, 55]|[1, 1, 0, 1, 1, 1, 2, 1, 2, 1, 2, 2, 2, 1, 1, 0, 0, 1, 0, 2, 2, 0, 1, 2, 0, 1, 2, 2, 0, 0, 1, 2, 1, 0, 1, 0, 2, 0, 1, 1, 0, 1, 1, 1, 0, 2, 1, 1, 0, 0, 0, 0, 1, 1, 2, 1, 2, 0, 0, 0, 2, 1, 0, 1, 0, 1, 2, 1, 1, 1, 1, 1, 2, 0, 1, 2, 0, 0, 0, 0, 0, 1, 0, 0, 1, 0, 0, 0, 2, 0, 1, 0, 2, 0, 0, 1, 0, 0, 1, 1]|[4, 3, 2, 2, 0, 0, 2, 2, 2, 4, 1, 1, 2, 4, 4, 1, 1, 4, 2, 1, 1, 1, 1, 2, 1, 2, 1, 1, 1, 1, 3, 2, 3, 0, 4, 0, 1, 1, 0, 3, 2, 2, 4, 0, 1, 1, 3, 2, 0, 1, 2, 2, 1, 4, 0, 3, 2, 1, 1, 2, 1, 3, 1, 1, 2, 3, 0, 4, 3, 1, 4, 1, 1, 2, 4, 1, 2, 1, 1, 1, 2, 3, 1, 1, 1, 1, 1, 1, 1, 1, 3, 2, 1, 1, 2, 1, 2, 2, 3, 4]|[0, 2, 1, 1, 3, 3, 0, 1, 0, 0, 0, 0, 1, 0, 1, 0, 0, 3, 1, 0, 0, 0, 3, 1, 0, 2, 0, 0, 0, 1, 0, 0, 0, 0, 3, 0, 1, 0, 0, 2, 1, 1, 2, 0, 0, 0, 0, 1, 1, 0, 0, 0, 1, 3, 0, 0, 1, 0, 0, 1, 0, 2, 0, 1, 1, 2, 1, 0, 0, 1, 1, 3, 0, 1, 3, 0, 1, 0, 0, 0, 1, 0, 0, 0, 1, 0, 0, 0, 0, 0, 2, 1, 0, 1, 0, 1, 0, 0, 0, 3],854.7269409995423,57867.90048713336,86292.45115777879,true
59,G2_TEC,G2_TEC,[20, 94, 82, 15, 26, 9, 95, 42, 77, 68, 47, 5, 93, 78, 86, 54, 85, 63, 18, 44, 31, 49, 36, 14, 74, 50, 53, 17, 21, 28, 11, 64, 3, 23, 30, 83, 24, 41, 40, 52, 65, 27, 90, 70, 39, 87, 48, 69, 99, 4, 46, 1, 13, 56, 97, 59, 45, 8, 73, 37, 35, 79, 71, 66, 76, 16, 60, 80, 58, 6, 67, 61, 33, 7, 57, 34, 12, 32, 10, 38, 96, 88, 43, 81, 91, 2, 84, 29, 92, 19, 51, 89, 22, 75, 25, 72, 55, 98, 62, 0]|[2, 1, 2, 1, 1, 2, 1, 1, 1, 1, 1, 0, 2, 2, 1, 2, 0, 0, 0, 2, 2, 1, 0, 2, 0, 2, 2, 1, 0, 1, 1, 1, 0, 0, 1, 0, 2, 1, 2, 2, 0, 0, 1, 1, 0, 2, 0, 2, 1, 0, 0, 2, 0, 2, 2, 0, 1, 1, 0, 0, 2, 1, 1, 2, 2, 2, 2, 2, 2, 1, 2, 1, 1, 2, 0, 1, 1, 0, 1, 0, 0, 1, 1, 1, 1, 0, 0, 1, 0, 1, 1, 1, 2, 0, 1, 1, 0, 2, 1, 0]|[1, 3, 0, 3, 4, 1, 4, 4, 4, 4, 3, 2, 1, 0, 2, 1, 1, 1, 2, 1, 1, 3, 0, 1, 0, 1, 1, 4, 1, 4, 3, 2, 2, 0, 4, 1, 1, 4, 1, 1, 2, 1, 4, 4, 1, 1, 0, 1, 3, 2, 2, 1, 2, 1, 1, 2, 4, 3, 0, 2, 1, 3, 3, 1, 1, 1, 1, 1, 1, 4, 1, 3, 4, 1, 2, 4, 3, 2, 3, 2, 2, 4, 4, 4, 3, 2, 2, 3, 2, 4, 3, 4, 1, 2, 4, 4, 2, 1, 3, 2]|[0, 2, 0, 0, 3, 0, 1, 3, 1, 0, 2, 0, 1, 0, 1, 0, 0, 0, 1, 0, 0, 2, 0, 0, 1, 0, 0, 3, 0, 1, 0, 2, 0, 0, 3, 0, 1, 1, 0, 0, 0, 0, 1, 3, 0, 0, 1, 0, 2, 0, 0, 0, 0, 0, 1, 0, 1, 0, 1, 1, 0, 2, 0, 0, 0, 0, 0, 0, 0, 2, 0, 0, 1, 0, 0, 1, 0, 0, 3, 0, 0, 1, 2, 2, 0, 0, 0, 3, 0, 1, 0, 1, 0, 0, 3, 1, 0, 0, 0, 0],910.6016522559228,48405.50430007148,106574.75635634674,false
59,G3_TWC,G3_TWC,[31, 22, 42, 15, 26, 58, 95, 82, 77, 12, 47, 5, 93, 78, 98, 54, 85, 63, 18, 44, 20, 35, 43, 97, 91, 76, 10, 30, 21, 45, 71, 64, 1, 23, 17, 83, 24, 61, 60, 49, 6, 57, 94, 88, 65, 56, 79, 40, 67, 68, 46, 75, 0, 9, 19, 32, 81, 41, 27, 62, 87, 90, 99, 59, 53, 16, 72, 73, 70, 39, 37, 84, 3, 92, 25, 74, 28, 38, 51, 7, 11, 14, 86, 48, 89, 66, 50, 96, 33, 80, 8, 4, 34, 36, 55, 52, 13, 29, 69, 2]|[1, 1, 0, 1, 1, 1, 2, 1, 2, 1, 2, 2, 2, 1, 1, 0, 0, 1, 0, 2, 2, 0, 1, 2, 0, 1, 2, 2, 0, 0, 1, 2, 1, 0, 1, 0, 2, 0, 1, 1, 0, 1, 1, 1, 0, 2, 1, 1, 0, 0, 0, 0, 1, 1, 2, 1, 2, 0, 0, 0, 2, 1, 0, 1, 0, 1, 2, 1, 1, 1, 1, 1, 2, 0, 1, 2, 0, 0, 0, 1, 0, 1, 0, 0, 1, 0, 0, 0, 2, 0, 1, 0, 2, 0, 1, 1, 0, 0, 1, 0]|[4, 3, 2, 2, 0, 0, 2, 2, 2, 4, 1, 1, 2, 4, 4, 1, 1, 4, 2, 1, 1, 1, 1, 2, 1, 2, 1, 1, 1, 1, 3, 2, 3, 0, 4, 0, 1, 1, 0, 3, 2, 2, 4, 0, 1, 1, 3, 2, 0, 1, 2, 2, 1, 4, 0, 3, 2, 1, 1, 2, 1, 3, 1, 1, 2, 3, 0, 4, 3, 1, 4, 1, 1, 2, 4, 1, 2, 1, 1, 3, 2, 3, 1, 1, 1, 1, 1, 1, 1, 1, 3, 2, 1, 1, 4, 1, 2, 2, 3, 2]|[0, 2, 1, 1, 3, 3, 0, 1, 0, 0, 0, 0, 1, 0, 1, 0, 0, 3, 1, 0, 0, 0, 3, 1, 0, 2, 0, 0, 0, 1, 0, 0, 0, 0, 3, 0, 1, 0, 0, 2, 1, 1, 2, 0, 0, 0, 0, 1, 1, 0, 0, 0, 1, 3, 0, 0, 1, 0, 0, 1, 0, 2, 0, 1, 1, 2, 1, 0, 0, 1, 1, 3, 0, 1, 3, 0, 1, 0, 0, 2, 1, 0, 0, 0, 1, 0, 0, 0, 0, 0, 2, 1, 0, 1, 3, 1, 0, 0, 0, 0],843.7439659666079,57777.80974073964,86440.68470675517,false
59,G1_CMAX,G1_CMAX,[31, 22, 82, 15, 26, 99, 95, 42, 77, 12, 47, 5, 93, 78, 86, 54, 21, 63, 18, 44, 20, 35, 43, 97, 91, 76, 10, 30, 85, 45, 71, 64, 1, 23, 17, 83, 24, 14, 60, 36, 6, 57, 40, 88, 65, 56, 79, 94, 67, 68, 46, 75, 38, 9, 19, 32, 41, 81, 27, 87, 90, 58, 59, 11, 16, 72, 73, 70, 39, 37, 84, 3, 92, 25, 55, 48, 74, 29, 51, 7, 33, 61, 98, 28, 89, 50, 4, 96, 53, 80, 8, 66, 34, 49, 52, 0, 62, 69, 2, 13]|[1, 1, 0, 1, 1, 0, 1, 1, 2, 1, 2, 2, 2, 1, 1, 0, 0, 1, 0, 2, 2, 0, 1, 2, 0, 1, 2, 2, 0, 0, 1, 2, 1, 2, 1, 0, 2, 0, 1, 1, 0, 1, 1, 1, 0, 2, 1, 1, 0, 0, 0, 0, 1, 1, 2, 1, 0, 2, 0, 2, 1, 0, 1, 2, 1, 2, 1, 1, 1, 1, 1, 1, 0, 1, 2, 0, 2, 0, 0, 2, 2, 1, 2, 0, 1, 0, 1, 2, 0, 0, 1, 2, 2, 0, 1, 0, 1, 1, 0, 0]|[0, 3, 2, 2, 4, 1, 2, 3, 2, 4, 1, 1, 2, 4, 4, 1, 1, 4, 2, 1, 1, 1, 1, 2, 1, 2, 1, 1, 2, 1, 3, 2, 3, 1, 4, 0, 1, 1, 0, 3, 2, 2, 2, 0, 1, 1, 0, 4, 0, 1, 2, 2, 1, 4, 0, 3, 1, 1, 1, 1, 3, 1, 1, 1, 3, 0, 4, 3, 1, 4, 1, 1, 0, 4, 1, 1, 1, 1, 1, 1, 1, 3, 1, 2, 1, 1, 4, 1, 2, 1, 3, 1, 1, 1, 1, 2, 1, 4, 2, 2]|[0, 2, 1, 1, 3, 0, 1, 3, 0, 0, 0, 0, 1, 0, 1, 0, 0, 3, 1, 0, 0, 0, 3, 1, 0, 2, 0, 0, 0, 1, 0, 0, 0, 0, 3, 0, 1, 0, 0, 2, 1, 1, 1, 0, 0, 0, 0, 2, 1, 0, 0, 0, 1, 3, 0, 0, 0, 0, 0, 0, 2, 0, 1, 0, 2, 1, 0, 0, 1, 1, 3, 1, 1, 3, 0, 0, 0, 0, 0, 0, 0, 0, 0, 1, 1, 0, 0, 0, 1, 0, 2, 0, 0, 1, 1, 0, 1, 2, 0, 0],730.1276596856602,56815.01019440286,94351.50741240397,false
59,G4_BALANCED,G2_TEC,[20, 94, 82, 15, 26, 9, 95, 42, 77, 68, 47, 5, 93, 78, 86, 54, 85, 63, 18, 44, 31, 49, 36, 14, 74, 50, 53, 17, 21, 28, 11, 64, 3, 23, 30, 83, 24, 41, 40, 52, 65, 27, 90, 70, 39, 87, 48, 69, 99, 4, 46, 1, 13, 56, 97, 59, 45, 8, 73, 37, 35, 79, 71, 66, 76, 16, 60, 38, 58, 6, 67, 61, 33, 7, 57, 34, 12, 32, 10, 80, 96, 88, 43, 81, 91, 2, 84, 29, 92, 19, 51, 55, 89, 75, 25, 22, 98, 72, 62, 0]|[2, 1, 2, 1, 1, 2, 1, 1, 1, 1, 1, 0, 2, 2, 1, 2, 0, 0, 0, 2, 2, 1, 0, 2, 0, 2, 2, 1, 0, 1, 1, 1, 0, 0, 1, 0, 2, 1, 2, 2, 0, 0, 1, 1, 0, 2, 0, 2, 1, 0, 0, 2, 0, 2, 2, 0, 1, 1, 0, 0, 2, 1, 1, 2, 2, 2, 2, 0, 2, 1, 2, 1, 1, 2, 0, 1, 1, 0, 1, 0, 0, 1, 1, 1, 1, 0, 0, 1, 0, 1, 1, 0, 1, 2, 1, 2, 0, 1, 1, 0]|[1, 3, 0, 3, 4, 1, 4, 4, 4, 4, 3, 2, 1, 0, 2, 1, 1, 1, 2, 1, 1, 3, 0, 1, 0, 1, 1, 4, 1, 4, 3, 2, 2, 0, 4, 1, 1, 4, 1, 1, 2, 1, 4, 4, 1, 1, 0, 1, 3, 2, 2, 1, 2, 1, 1, 2, 4, 3, 0, 2, 1, 3, 3, 1, 1, 1, 1, 2, 1, 4, 1, 3, 4, 1, 2, 4, 3, 2, 3, 2, 2, 4, 4, 4, 3, 2, 2, 3, 2, 4, 3, 2, 4, 1, 4, 1, 2, 4, 3, 2]|[0, 2, 0, 0, 3, 0, 1, 3, 1, 0, 2, 0, 1, 0, 1, 0, 0, 0, 1, 0, 0, 2, 0, 0, 1, 0, 0, 3, 0, 1, 0, 2, 0, 0, 3, 0, 1, 1, 0, 0, 0, 0, 1, 3, 0, 0, 1, 0, 2, 0, 0, 0, 0, 0, 1, 0, 1, 0, 1, 1, 0, 2, 0, 0, 0, 0, 0, 0, 0, 2, 0, 0, 1, 0, 0, 1, 0, 0, 3, 0, 0, 1, 2, 2, 0, 0, 0, 3, 0, 1, 0, 0, 1, 0, 3, 0, 0, 1, 0, 0],932.6296481262889,48487.11054890131,106143.07385041681,true
59,G2_TEC,G2_TEC,[20, 94, 82, 15, 26, 9, 95, 42, 77, 68, 47, 5, 93, 78, 86, 54, 85, 63, 18, 44, 31, 49, 36, 14, 74, 50, 53, 17, 21, 28, 11, 64, 3, 23, 30, 83, 24, 41, 40, 52, 65, 27, 90, 70, 39, 87, 48, 69, 99, 4, 46, 1, 13, 56, 97, 59, 45, 8, 73, 37, 35, 79, 71, 66, 76, 16, 60, 80, 58, 6, 67, 61, 33, 7, 57, 34, 12, 32, 10, 38, 96, 88, 43, 81, 91, 2, 84, 29, 92, 19, 51, 89, 22, 75, 25, 72, 55, 98, 62, 0]|[2, 1, 2, 1, 1, 2, 1, 1, 1, 1, 1, 0, 2, 2, 1, 2, 0, 0, 0, 2, 2, 1, 0, 2, 0, 2, 2, 1, 0, 1, 1, 1, 0, 0, 1, 0, 2, 1, 2, 2, 0, 0, 1, 1, 0, 2, 0, 2, 1, 0, 0, 2, 0, 2, 2, 0, 1, 1, 0, 0, 2, 1, 1, 2, 2, 2, 2, 2, 2, 1, 2, 1, 1, 2, 0, 1, 1, 0, 1, 0, 0, 1, 1, 1, 1, 0, 0, 1, 0, 1, 1, 1, 2, 0, 1, 1, 0, 2, 1, 0]|[1, 3, 0, 3, 4, 1, 4, 4, 4, 4, 3, 2, 1, 0, 2, 1, 1, 1, 2, 1, 1, 3, 0, 1, 0, 1, 1, 4, 1, 4, 3, 2, 2, 0, 4, 1, 1, 4, 1, 1, 2, 1, 4, 4, 1, 1, 0, 1, 3, 2, 2, 1, 2, 1, 1, 2, 4, 3, 0, 2, 1, 3, 3, 1, 1, 1, 1, 1, 1, 4, 1, 3, 4, 1, 2, 4, 3, 2, 3, 2, 2, 4, 4, 4, 3, 2, 2, 3, 2, 4, 3, 4, 1, 2, 4, 4, 2, 1, 3, 2]|[0, 2, 0, 0, 3, 0, 1, 3, 1, 0, 2, 0, 1, 0, 1, 0, 0, 0, 1, 0, 0, 2, 0, 0, 1, 0, 0, 3, 0, 1, 0, 2, 0, 0, 3, 0, 1, 1, 0, 0, 0, 0, 1, 3, 0, 0, 1, 0, 2, 0, 0, 0, 0, 0, 1, 0, 1, 0, 1, 1, 0, 2, 0, 0, 0, 0, 0, 0, 0, 2, 0, 0, 1, 0, 0, 1, 0, 0, 3, 0, 0, 1, 2, 2, 0, 0, 0, 3, 0, 1, 0, 1, 0, 0, 3, 1, 0, 0, 0, 0],910.6016522559228,48405.50430007148,106574.75635634674,false
59,G3_TWC,G3_TWC,[31, 22, 42, 15, 26, 58, 95, 82, 77, 12, 47, 5, 93, 78, 98, 54, 85, 63, 18, 44, 20, 35, 43, 97, 91, 76, 10, 30, 21, 45, 71, 64, 1, 23, 17, 83, 24, 61, 60, 49, 6, 57, 94, 88, 65, 56, 79, 40, 67, 68, 46, 75, 0, 9, 19, 32, 81, 41, 27, 62, 87, 90, 99, 59, 53, 16, 72, 73, 70, 39, 37, 84, 3, 92, 25, 74, 28, 38, 51, 7, 11, 14, 86, 48, 89, 66, 50, 96, 33, 80, 8, 4, 34, 36, 55, 52, 13, 29, 69, 2]|[1, 1, 0, 1, 1, 1, 2, 1, 2, 1, 2, 2, 2, 1, 1, 0, 0, 1, 0, 2, 2, 0, 1, 2, 0, 1, 2, 2, 0, 0, 1, 2, 1, 0, 1, 0, 2, 0, 1, 1, 0, 1, 1, 1, 0, 2, 1, 1, 0, 0, 0, 0, 1, 1, 2, 1, 2, 0, 0, 0, 2, 1, 0, 1, 0, 1, 2, 1, 1, 1, 1, 1, 2, 0, 1, 2, 0, 0, 0, 1, 0, 1, 0, 0, 1, 0, 0, 0, 2, 0, 1, 0, 2, 0, 1, 1, 0, 0, 1, 0]|[4, 3, 2, 2, 0, 0, 2, 2, 2, 4, 1, 1, 2, 4, 4, 1, 1, 4, 2, 1, 1, 1, 1, 2, 1, 2, 1, 1, 1, 1, 3, 2, 3, 0, 4, 0, 1, 1, 0, 3, 2, 2, 4, 0, 1, 1, 3, 2, 0, 1, 2, 2, 1, 4, 0, 3, 2, 1, 1, 2, 1, 3, 1, 1, 2, 3, 0, 4, 3, 1, 4, 1, 1, 2, 4, 1, 2, 1, 1, 3, 2, 3, 1, 1, 1, 1, 1, 1, 1, 1, 3, 2, 1, 1, 4, 1, 2, 2, 3, 2]|[0, 2, 1, 1, 3, 3, 0, 1, 0, 0, 0, 0, 1, 0, 1, 0, 0, 3, 1, 0, 0, 0, 3, 1, 0, 2, 0, 0, 0, 1, 0, 0, 0, 0, 3, 0, 1, 0, 0, 2, 1, 1, 2, 0, 0, 0, 0, 1, 1, 0, 0, 0, 1, 3, 0, 0, 1, 0, 0, 1, 0, 2, 0, 1, 1, 2, 1, 0, 0, 1, 1, 3, 0, 1, 3, 0, 1, 0, 0, 2, 1, 0, 0, 0, 1, 0, 0, 0, 0, 0, 2, 1, 0, 1, 3, 1, 0, 0, 0, 0],843.7439659666079,57777.80974073964,86440.68470675517,false
59,G1_CMAX,G1_CMAX,[31, 22, 82, 15, 26, 99, 95, 42, 77, 12, 47, 5, 93, 78, 86, 54, 21, 63, 18, 44, 20, 35, 43, 97, 91, 76, 10, 30, 85, 45, 71, 64, 1, 23, 17, 83, 24, 14, 60, 36, 6, 57, 40, 88, 65, 56, 79, 94, 67, 68, 46, 75, 38, 9, 19, 32, 41, 81, 27, 87, 90, 58, 59, 11, 16, 72, 73, 70, 39, 37, 84, 3, 92, 25, 55, 48, 74, 29, 51, 7, 33, 61, 98, 28, 89, 50, 4, 96, 53, 80, 8, 66, 34, 49, 52, 0, 62, 69, 2, 13]|[1, 1, 0, 1, 1, 0, 1, 1, 2, 1, 2, 2, 2, 1, 1, 0, 0, 1, 0, 2, 2, 0, 1, 2, 0, 1, 2, 2, 0, 0, 1, 2, 1, 2, 1, 0, 2, 0, 1, 1, 0, 1, 1, 1, 0, 2, 1, 1, 0, 0, 0, 0, 1, 1, 2, 1, 0, 2, 0, 2, 1, 0, 1, 2, 1, 2, 1, 1, 1, 1, 1, 1, 0, 1, 2, 0, 2, 0, 0, 2, 2, 1, 2, 0, 1, 0, 1, 2, 0, 0, 1, 2, 2, 0, 1, 0, 1, 1, 0, 0]|[0, 3, 2, 2, 4, 1, 2, 3, 2, 4, 1, 1, 2, 4, 4, 1, 1, 4, 2, 1, 1, 1, 1, 2, 1, 2, 1, 1, 2, 1, 3, 2, 3, 1, 4, 0, 1, 1, 0, 3, 2, 2, 2, 0, 1, 1, 0, 4, 0, 1, 2, 2, 1, 4, 0, 3, 1, 1, 1, 1, 3, 1, 1, 1, 3, 0, 4, 3, 1, 4, 1, 1, 0, 4, 1, 1, 1, 1, 1, 1, 1, 3, 1, 2, 1, 1, 4, 1, 2, 1, 3, 1, 1, 1, 1, 2, 1, 4, 2, 2]|[0, 2, 1, 1, 3, 0, 1, 3, 0, 0, 0, 0, 1, 0, 1, 0, 0, 3, 1, 0, 0, 0, 3, 1, 0, 2, 0, 0, 0, 1, 0, 0, 0, 0, 3, 0, 1, 0, 0, 2, 1, 1, 1, 0, 0, 0, 0, 2, 1, 0, 0, 0, 1, 3, 0, 0, 0, 0, 0, 0, 2, 0, 1, 0, 2, 1, 0, 0, 1, 1, 3, 1, 1, 3, 0, 0, 0, 0, 0, 0, 0, 0, 0, 1, 1, 0, 0, 0, 1, 0, 2, 0, 0, 1, 1, 0, 1, 2, 0, 0],730.1276596856602,56815.01019440286,94351.50741240397,false
59,G4_BALANCED,G2_TEC,[20, 94, 82, 15, 26, 9, 95, 42, 77, 68, 47, 5, 93, 78, 86, 54, 85, 63, 18, 44, 31, 49, 36, 14, 74, 50, 53, 17, 21, 28, 11, 64, 3, 23, 30, 83, 24, 41, 40, 52, 65, 27, 90, 70, 39, 87, 48, 69, 99, 4, 46, 1, 13, 56, 97, 59, 45, 8, 73, 37, 35, 79, 71, 66, 76, 16, 60, 38, 58, 6, 67, 61, 33, 7, 57, 34, 12, 32, 10, 80, 96, 88, 43, 81, 91, 2, 84, 29, 92, 19, 51, 55, 89, 75, 25, 22, 98, 72, 62, 0]|[2, 1, 2, 1, 1, 2, 1, 1, 1, 1, 1, 0, 2, 2, 1, 2, 0, 0, 0, 2, 2, 1, 0, 2, 0, 2, 2, 1, 0, 1, 1, 1, 0, 0, 1, 0, 2, 1, 2, 2, 0, 0, 1, 1, 0, 2, 0, 2, 1, 0, 0, 2, 0, 2, 2, 0, 1, 1, 0, 0, 2, 1, 1, 2, 2, 2, 2, 0, 2, 1, 2, 1, 1, 2, 0, 1, 1, 0, 1, 0, 0, 1, 1, 1, 1, 0, 0, 1, 0, 1, 1, 0, 1, 2, 1, 2, 0, 1, 1, 0]|[1, 3, 0, 3, 4, 1, 4, 4, 4, 4, 3, 2, 1, 0, 2, 1, 1, 1, 2, 1, 1, 3, 0, 1, 0, 1, 1, 4, 1, 4, 3, 2, 2, 0, 4, 1, 1, 4, 1, 1, 2, 1, 4, 4, 1, 1, 0, 1, 3, 2, 2, 1, 2, 1, 1, 2, 4, 3, 0, 2, 1, 3, 3, 1, 1, 1, 1, 2, 1, 4, 1, 3, 4, 1, 2, 4, 3, 2, 3, 2, 2, 4, 4, 4, 3, 2, 2, 3, 2, 4, 3, 2, 4, 1, 4, 1, 2, 4, 3, 2]|[0, 2, 0, 0, 3, 0, 1, 3, 1, 0, 2, 0, 1, 0, 1, 0, 0, 0, 1, 0, 0, 2, 0, 0, 1, 0, 0, 3, 0, 1, 0, 2, 0, 0, 3, 0, 1, 1, 0, 0, 0, 0, 1, 3, 0, 0, 1, 0, 2, 0, 0, 0, 0, 0, 1, 0, 1, 0, 1, 1, 0, 2, 0, 0, 0, 0, 0, 0, 0, 2, 0, 0, 1, 0, 0, 1, 0, 0, 3, 0, 0, 1, 2, 2, 0, 0, 0, 3, 0, 1, 0, 0, 1, 0, 3, 0, 0, 1, 0, 0],932.6296481262889,48487.11054890131,106143.07385041681,true
59,G2_TEC,G2_TEC,[20, 94, 82, 15, 26, 9, 95, 42, 77, 68, 47, 5, 93, 78, 86, 54, 85, 63, 18, 44, 31, 49, 36, 14, 74, 50, 53, 17, 21, 28, 11, 64, 3, 23, 30, 83, 24, 41, 40, 52, 65, 27, 90, 70, 39, 87, 48, 69, 99, 4, 46, 1, 13, 56, 97, 59, 45, 8, 73, 37, 35, 79, 71, 66, 76, 16, 60, 80, 58, 6, 67, 61, 33, 7, 57, 34, 12, 32, 10, 38, 96, 88, 43, 81, 91, 2, 84, 29, 92, 19, 51, 89, 22, 75, 25, 72, 55, 98, 62, 0]|[2, 1, 2, 1, 1, 2, 1, 1, 1, 1, 1, 0, 2, 2, 1, 2, 0, 0, 0, 2, 2, 1, 0, 2, 0, 2, 2, 1, 0, 1, 1, 1, 0, 0, 1, 0, 2, 1, 2, 2, 0, 0, 1, 1, 0, 2, 0, 2, 1, 0, 0, 2, 0, 2, 2, 0, 1, 1, 0, 0, 2, 1, 1, 2, 2, 2, 2, 2, 2, 1, 2, 1, 1, 2, 0, 1, 1, 0, 1, 0, 0, 1, 1, 1, 1, 0, 0, 1, 0, 1, 1, 1, 2, 0, 1, 1, 0, 2, 1, 0]|[1, 3, 0, 3, 4, 1, 4, 4, 4, 4, 3, 2, 1, 0, 2, 1, 1, 1, 2, 1, 1, 3, 0, 1, 0, 1, 1, 4, 1, 4, 3, 2, 2, 0, 4, 1, 1, 4, 1, 1, 2, 1, 4, 4, 1, 1, 0, 1, 3, 2, 2, 1, 2, 1, 1, 2, 4, 3, 0, 2, 1, 3, 3, 1, 1, 1, 1, 1, 1, 4, 1, 3, 4, 1, 2, 4, 3, 2, 3, 2, 2, 4, 4, 4, 3, 2, 2, 3, 2, 4, 3, 4, 1, 2, 4, 4, 2, 1, 3, 2]|[0, 2, 0, 0, 3, 0, 1, 3, 1, 0, 2, 0, 1, 0, 1, 0, 0, 0, 1, 0, 0, 2, 0, 0, 1, 0, 0, 3, 0, 1, 0, 2, 0, 0, 3, 0, 1, 1, 0, 0, 0, 0, 1, 3, 0, 0, 1, 0, 2, 0, 0, 0, 0, 0, 1, 0, 1, 0, 1, 1, 0, 2, 0, 0, 0, 0, 0, 0, 0, 2, 0, 0, 1, 0, 0, 1, 0, 0, 3, 0, 0, 1, 2, 2, 0, 0, 0, 3, 0, 1, 0, 1, 0, 0, 3, 1, 0, 0, 0, 0],910.6016522559228,48405.50430007148,106574.75635634674,false
59,G3_TWC,G3_TWC,[31, 22, 42, 15, 26, 58, 95, 82, 77, 12, 47, 5, 93, 78, 98, 54, 85, 63, 18, 44, 20, 35, 43, 97, 91, 76, 10, 30, 21, 45, 71, 64, 1, 23, 17, 83, 24, 61, 60, 49, 6, 57, 94, 88, 65, 56, 79, 40, 67, 68, 46, 75, 0, 9, 19, 32, 81, 41, 27, 62, 87, 90, 99, 59, 53, 16, 72, 73, 70, 39, 37, 84, 3, 92, 25, 74, 28, 38, 51, 7, 11, 14, 86, 48, 89, 66, 50, 96, 33, 80, 8, 4, 34, 36, 55, 52, 13, 29, 69, 2]|[1, 1, 0, 1, 1, 1, 2, 1, 2, 1, 2, 2, 2, 1, 1, 0, 0, 1, 0, 2, 2, 0, 1, 2, 0, 1, 2, 2, 0, 0, 1, 2, 1, 0, 1, 0, 2, 0, 1, 1, 0, 1, 1, 1, 0, 2, 1, 1, 0, 0, 0, 0, 1, 1, 2, 1, 2, 0, 0, 0, 2, 1, 0, 1, 0, 1, 2, 1, 1, 1, 1, 1, 2, 0, 1, 2, 0, 0, 0, 1, 0, 1, 0, 0, 1, 0, 0, 0, 2, 0, 1, 0, 2, 0, 1, 1, 0, 0, 1, 0]|[4, 3, 2, 2, 0, 0, 2, 2, 2, 4, 1, 1, 2, 4, 4, 1, 1, 4, 2, 1, 1, 1, 1, 2, 1, 2, 1, 1, 1, 1, 3, 2, 3, 0, 4, 0, 1, 1, 0, 3, 2, 2, 4, 0, 1, 1, 3, 2, 0, 1, 2, 2, 1, 4, 0, 3, 2, 1, 1, 2, 1, 3, 1, 1, 2, 3, 0, 4, 3, 1, 4, 1, 1, 2, 4, 1, 2, 1, 1, 3, 2, 3, 1, 1, 1, 1, 1, 1, 1, 1, 3, 2, 1, 1, 4, 1, 2, 2, 3, 2]|[0, 2, 1, 1, 3, 3, 0, 1, 0, 0, 0, 0, 1, 0, 1, 0, 0, 3, 1, 0, 0, 0, 3, 1, 0, 2, 0, 0, 0, 1, 0, 0, 0, 0, 3, 0, 1, 0, 0, 2, 1, 1, 2, 0, 0, 0, 0, 1, 1, 0, 0, 0, 1, 3, 0, 0, 1, 0, 0, 1, 0, 2, 0, 1, 1, 2, 1, 0, 0, 1, 1, 3, 0, 1, 3, 0, 1, 0, 0, 2, 1, 0, 0, 0, 1, 0, 0, 0, 0, 0, 2, 1, 0, 1, 3, 1, 0, 0, 0, 0],843.7439659666079,57777.80974073964,86440.68470675517,false
59,G1_CMAX,G1_CMAX,[31, 22, 82, 15, 26, 99, 95, 42, 77, 12, 47, 5, 93, 78, 86, 54, 21, 63, 18, 44, 20, 35, 43, 97, 91, 76, 10, 30, 85, 45, 71, 64, 1, 23, 17, 83, 24, 14, 60, 36, 6, 57, 40, 88, 65, 56, 79, 94, 67, 68, 46, 75, 38, 9, 19, 32, 41, 81, 27, 87, 90, 58, 59, 11, 16, 72, 73, 70, 39, 37, 84, 3, 92, 25, 55, 48, 74, 29, 51, 7, 33, 61, 98, 28, 89, 50, 4, 96, 53, 80, 8, 66, 34, 49, 52, 0, 62, 69, 2, 13]|[1, 1, 0, 1, 1, 0, 1, 1, 2, 1, 2, 2, 2, 1, 1, 0, 0, 1, 0, 2, 2, 0, 1, 2, 0, 1, 2, 2, 0, 0, 1, 2, 1, 2, 1, 0, 2, 0, 1, 1, 0, 1, 1, 1, 0, 2, 1, 1, 0, 0, 0, 0, 1, 1, 2, 1, 0, 2, 0, 2, 1, 0, 1, 2, 1, 2, 1, 1, 1, 1, 1, 1, 0, 1, 2, 0, 2, 0, 0, 2, 2, 1, 2, 0, 1, 0, 1, 2, 0, 0, 1, 2, 2, 0, 1, 0, 1, 1, 0, 0]|[0, 3, 2, 2, 4, 1, 2, 3, 2, 4, 1, 1, 2, 4, 4, 1, 1, 4, 2, 1, 1, 1, 1, 2, 1, 2, 1, 1, 2, 1, 3, 2, 3, 1, 4, 0, 1, 1, 0, 3, 2, 2, 2, 0, 1, 1, 0, 4, 0, 1, 2, 2, 1, 4, 0, 3, 1, 1, 1, 1, 3, 1, 1, 1, 3, 0, 4, 3, 1, 4, 1, 1, 0, 4, 1, 1, 1, 1, 1, 1, 1, 3, 1, 2, 1, 1, 4, 1, 2, 1, 3, 1, 1, 1, 1, 2, 1, 4, 2, 2]|[0, 2, 1, 1, 3, 0, 1, 3, 0, 0, 0, 0, 1, 0, 1, 0, 0, 3, 1, 0, 0, 0, 3, 1, 0, 2, 0, 0, 0, 1, 0, 0, 0, 0, 3, 0, 1, 0, 0, 2, 1, 1, 1, 0, 0, 0, 0, 2, 1, 0, 0, 0, 1, 3, 0, 0, 0, 0, 0, 0, 2, 0, 1, 0, 2, 1, 0, 0, 1, 1, 3, 1, 1, 3, 0, 0, 0, 0, 0, 0, 0, 0, 0, 1, 1, 0, 0, 0, 1, 0, 2, 0, 0, 1, 1, 0, 1, 2, 0, 0],730.1276596856602,56815.01019440286,94351.50741240397,false
59,G4_BALANCED,G2_TEC,[20, 94, 82, 15, 26, 9, 95, 42, 77, 68, 47, 5, 93, 78, 86, 54, 85, 63, 18, 44, 31, 49, 36, 14, 74, 50, 53, 17, 21, 28, 11, 64, 3, 23, 30, 83, 24, 41, 40, 52, 65, 27, 90, 70, 39, 87, 48, 69, 99, 4, 46, 1, 13, 56, 97, 59, 45, 8, 73, 37, 35, 79, 71, 66, 76, 16, 60, 38, 58, 6, 67, 61, 33, 7, 57, 34, 12, 32, 10, 80, 96, 88, 43, 81, 91, 2, 84, 29, 92, 19, 51, 55, 89, 75, 25, 22, 98, 72, 62, 0]|[2, 1, 2, 1, 1, 2, 1, 1, 1, 1, 1, 0, 2, 2, 1, 2, 0, 0, 0, 2, 2, 1, 0, 2, 0, 2, 2, 1, 0, 1, 1, 1, 0, 0, 1, 0, 2, 1, 2, 2, 0, 0, 1, 1, 0, 2, 0, 2, 1, 0, 0, 2, 0, 2, 2, 0, 1, 1, 0, 0, 2, 1, 1, 2, 2, 2, 2, 0, 2, 1, 2, 1, 1, 2, 0, 1, 1, 0, 1, 0, 0, 1, 1, 1, 1, 0, 0, 1, 0, 1, 1, 0, 1, 2, 1, 2, 0, 1, 1, 0]|[1, 3, 0, 3, 4, 1, 4, 4, 4, 4, 3, 2, 1, 0, 2, 1, 1, 1, 2, 1, 1, 3, 0, 1, 0, 1, 1, 4, 1, 4, 3, 2, 2, 0, 4, 1, 1, 4, 1, 1, 2, 1, 4, 4, 1, 1, 0, 1, 3, 2, 2, 1, 2, 1, 1, 2, 4, 3, 0, 2, 1, 3, 3, 1, 1, 1, 1, 2, 1, 4, 1, 3, 4, 1, 2, 4, 3, 2, 3, 2, 2, 4, 4, 4, 3, 2, 2, 3, 2, 4, 3, 2, 4, 1, 4, 1, 2, 4, 3, 2]|[0, 2, 0, 0, 3, 0, 1, 3, 1, 0, 2, 0, 1, 0, 1, 0, 0, 0, 1, 0, 0, 2, 0, 0, 1, 0, 0, 3, 0, 1, 0, 2, 0, 0, 3, 0, 1, 1, 0, 0, 0, 0, 1, 3, 0, 0, 1, 0, 2, 0, 0, 0, 0, 0, 1, 0, 1, 0, 1, 1, 0, 2, 0, 0, 0, 0, 0, 0, 0, 2, 0, 0, 1, 0, 0, 1, 0, 0, 3, 0, 0, 1, 2, 2, 0, 0, 0, 3, 0, 1, 0, 0, 1, 0, 3, 0, 0, 1, 0, 0],932.6296481262889,48487.11054890131,106143.07385041681,true
59,G2_TEC,G2_TEC,[20, 94, 82, 15, 26, 9, 95, 42, 77, 68, 47, 5, 93, 78, 86, 54, 85, 63, 18, 44, 31, 49, 36, 14, 74, 50, 53, 17, 21, 28, 11, 64, 3, 23, 30, 83, 24, 41, 40, 52, 65, 27, 90, 70, 39, 87, 48, 69, 99, 4, 46, 1, 13, 56, 97, 59, 45, 8, 73, 37, 35, 79, 71, 66, 76, 16, 60, 80, 58, 6, 67, 61, 33, 7, 57, 34, 12, 32, 10, 38, 96, 88, 43, 81, 91, 2, 84, 29, 92, 19, 51, 89, 22, 75, 25, 72, 55, 98, 62, 0]|[2, 1, 2, 1, 1, 2, 1, 1, 1, 1, 1, 0, 2, 2, 1, 2, 0, 0, 0, 2, 2, 1, 0, 2, 0, 2, 2, 1, 0, 1, 1, 1, 0, 0, 1, 0, 2, 1, 2, 2, 0, 0, 1, 1, 0, 2, 0, 2, 1, 0, 0, 2, 0, 2, 2, 0, 1, 1, 0, 0, 2, 1, 1, 2, 2, 2, 2, 2, 2, 1, 2, 1, 1, 2, 0, 1, 1, 0, 1, 0, 0, 1, 1, 1, 1, 0, 0, 1, 0, 1, 1, 1, 2, 0, 1, 1, 0, 2, 1, 0]|[1, 3, 0, 3, 4, 1, 4, 4, 4, 4, 3, 2, 1, 0, 2, 1, 1, 1, 2, 1, 1, 3, 0, 1, 0, 1, 1, 4, 1, 4, 3, 2, 2, 0, 4, 1, 1, 4, 1, 1, 2, 1, 4, 4, 1, 1, 0, 1, 3, 2, 2, 1, 2, 1, 1, 2, 4, 3, 0, 2, 1, 3, 3, 1, 1, 1, 1, 1, 1, 4, 1, 3, 4, 1, 2, 4, 3, 2, 3, 2, 2, 4, 4, 4, 3, 2, 2, 3, 2, 4, 3, 4, 1, 2, 4, 4, 2, 1, 3, 2]|[0, 2, 0, 0, 3, 0, 1, 3, 1, 0, 2, 0, 1, 0, 1, 0, 0, 0, 1, 0, 0, 2, 0, 0, 1, 0, 0, 3, 0, 1, 0, 2, 0, 0, 3, 0, 1, 1, 0, 0, 0, 0, 1, 3, 0, 0, 1, 0, 2, 0, 0, 0, 0, 0, 1, 0, 1, 0, 1, 1, 0, 2, 0, 0, 0, 0, 0, 0, 0, 2, 0, 0, 1, 0, 0, 1, 0, 0, 3, 0, 0, 1, 2, 2, 0, 0, 0, 3, 0, 1, 0, 1, 0, 0, 3, 1, 0, 0, 0, 0],910.6016522559228,48405.50430007148,106574.75635634674,false
59,G3_TWC,G3_TWC,[31, 22, 42, 15, 26, 58, 95, 82, 77, 12, 47, 5, 93, 78, 98, 54, 85, 63, 18, 44, 20, 35, 43, 97, 91, 76, 10, 30, 21, 45, 71, 64, 1, 23, 17, 83, 24, 61, 60, 49, 6, 57, 94, 88, 65, 56, 79, 40, 67, 68, 46, 75, 0, 9, 19, 32, 81, 41, 27, 62, 87, 90, 99, 59, 53, 16, 72, 73, 70, 39, 37, 84, 3, 92, 25, 74, 28, 38, 51, 7, 11, 14, 86, 48, 89, 66, 50, 96, 33, 80, 8, 4, 34, 36, 55, 52, 13, 29, 69, 2]|[1, 1, 0, 1, 1, 1, 2, 1, 2, 1, 2, 2, 2, 1, 1, 0, 0, 1, 0, 2, 2, 0, 1, 2, 0, 1, 2, 2, 0, 0, 1, 2, 1, 0, 1, 0, 2, 0, 1, 1, 0, 1, 1, 1, 0, 2, 1, 1, 0, 0, 0, 0, 1, 1, 2, 1, 2, 0, 0, 0, 2, 1, 0, 1, 0, 1, 2, 1, 1, 1, 1, 1, 2, 0, 1, 2, 0, 0, 0, 1, 0, 1, 0, 0, 1, 0, 0, 0, 2, 0, 1, 0, 2, 0, 1, 1, 0, 0, 1, 0]|[4, 3, 2, 2, 0, 0, 2, 2, 2, 4, 1, 1, 2, 4, 4, 1, 1, 4, 2, 1, 1, 1, 1, 2, 1, 2, 1, 1, 1, 1, 3, 2, 3, 0, 4, 0, 1, 1, 0, 3, 2, 2, 4, 0, 1, 1, 3, 2, 0, 1, 2, 2, 1, 4, 0, 3, 2, 1, 1, 2, 1, 3, 1, 1, 2, 3, 0, 4, 3, 1, 4, 1, 1, 2, 4, 1, 2, 1, 1, 3, 2, 3, 1, 1, 1, 1, 1, 1, 1, 1, 3, 2, 1, 1, 4, 1, 2, 2, 3, 2]|[0, 2, 1, 1, 3, 3, 0, 1, 0, 0, 0, 0, 1, 0, 1, 0, 0, 3, 1, 0, 0, 0, 3, 1, 0, 2, 0, 0, 0, 1, 0, 0, 0, 0, 3, 0, 1, 0, 0, 2, 1, 1, 2, 0, 0, 0, 0, 1, 1, 0, 0, 0, 1, 3, 0, 0, 1, 0, 0, 1, 0, 2, 0, 1, 1, 2, 1, 0, 0, 1, 1, 3, 0, 1, 3, 0, 1, 0, 0, 2, 1, 0, 0, 0, 1, 0, 0, 0, 0, 0, 2, 1, 0, 1, 3, 1, 0, 0, 0, 0],843.7439659666079,57777.80974073964,86440.68470675517,false
59,G1_CMAX,G1_CMAX,[31, 22, 82, 15, 26, 99, 95, 42, 77, 12, 47, 5, 93, 78, 86, 54, 21, 63, 18, 44, 20, 35, 43, 97, 91, 76, 10, 30, 85, 45, 71, 64, 1, 23, 17, 83, 24, 14, 60, 36, 6, 57, 40, 88, 65, 56, 79, 94, 67, 68, 46, 75, 38, 9, 19, 32, 41, 81, 27, 87, 90, 58, 59, 11, 16, 72, 73, 70, 39, 37, 84, 3, 92, 25, 55, 48, 74, 29, 51, 7, 33, 61, 98, 28, 89, 50, 4, 96, 53, 80, 8, 66, 34, 49, 52, 0, 62, 69, 2, 13]|[1, 1, 0, 1, 1, 0, 1, 1, 2, 1, 2, 2, 2, 1, 1, 0, 0, 1, 0, 2, 2, 0, 1, 2, 0, 1, 2, 2, 0, 0, 1, 2, 1, 2, 1, 0, 2, 0, 1, 1, 0, 1, 1, 1, 0, 2, 1, 1, 0, 0, 0, 0, 1, 1, 2, 1, 0, 2, 0, 2, 1, 0, 1, 2, 1, 2, 1, 1, 1, 1, 1, 1, 0, 1, 2, 0, 2, 0, 0, 2, 2, 1, 2, 0, 1, 0, 1, 2, 0, 0, 1, 2, 2, 0, 1, 0, 1, 1, 0, 0]|[0, 3, 2, 2, 4, 1, 2, 3, 2, 4, 1, 1, 2, 4, 4, 1, 1, 4, 2, 1, 1, 1, 1, 2, 1, 2, 1, 1, 2, 1, 3, 2, 3, 1, 4, 0, 1, 1, 0, 3, 2, 2, 2, 0, 1, 1, 0, 4, 0, 1, 2, 2, 1, 4, 0, 3, 1, 1, 1, 1, 3, 1, 1, 1, 3, 0, 4, 3, 1, 4, 1, 1, 0, 4, 1, 1, 1, 1, 1, 1, 1, 3, 1, 2, 1, 1, 4, 1, 2, 1, 3, 1, 1, 1, 1, 2, 1, 4, 2, 2]|[0, 2, 1, 1, 3, 0, 1, 3, 0, 0, 0, 0, 1, 0, 1, 0, 0, 3, 1, 0, 0, 0, 3, 1, 0, 2, 0, 0, 0, 1, 0, 0, 0, 0, 3, 0, 1, 0, 0, 2, 1, 1, 1, 0, 0, 0, 0, 2, 1, 0, 0, 0, 1, 3, 0, 0, 0, 0, 0, 0, 2, 0, 1, 0, 2, 1, 0, 0, 1, 1, 3, 1, 1, 3, 0, 0, 0, 0, 0, 0, 0, 0, 0, 1, 1, 0, 0, 0, 1, 0, 2, 0, 0, 1, 1, 0, 1, 2, 0, 0],730.1276596856602,56815.01019440286,94351.50741240397,false
59,G4_BALANCED,G4_BALANCED,[31, 22, 42, 15, 26, 58, 95, 82, 77, 12, 47, 5, 93, 78, 98, 54, 85, 63, 18, 44, 20, 35, 43, 97, 91, 76, 10, 30, 21, 45, 71, 64, 1, 23, 17, 83, 24, 61, 60, 49, 6, 57, 94, 88, 65, 56, 79, 40, 67, 68, 46, 75, 0, 9, 19, 32, 41, 81, 27, 62, 87, 90, 99, 59, 11, 16, 72, 73, 70, 39, 37, 84, 3, 92, 25, 74, 28, 38, 51, 7, 53, 14, 86, 48, 89, 50, 66, 96, 33, 80, 8, 4, 34, 36, 2, 52, 13, 29, 69, 55]|[1, 1, 0, 1, 1, 1, 2, 1, 2, 1, 2, 2, 2, 1, 1, 0, 0, 1, 0, 2, 2, 0, 1, 2, 0, 1, 2, 2, 0, 0, 1, 2, 1, 0, 1, 0, 2, 0, 1, 1, 0, 1, 1, 1, 0, 2, 1, 1, 0, 0, 0, 0, 1, 1, 2, 1, 0, 2, 0, 0, 2, 1, 0, 1, 0, 1, 2, 1, 1, 1, 1, 1, 2, 0, 1, 2, 0, 0, 0, 1, 0, 1, 0, 0, 1, 0, 0, 0, 2, 0, 1, 0, 2, 0, 0, 1, 0, 0, 1, 1]|[4, 3, 2, 2, 0, 0, 2, 2, 2, 4, 1, 1, 2, 4, 4, 1, 1, 4, 2, 1, 1, 1, 1, 2, 1, 2, 1, 1, 1, 1, 3, 2, 3, 0, 4, 0, 1, 1, 0, 3, 2, 2, 4, 0, 1, 1, 3, 2, 0, 1, 2, 2, 1, 4, 0, 3, 1, 2, 1, 2, 1, 3, 1, 1, 2, 3, 0, 4, 3, 1, 4, 1, 1, 2, 4, 1, 2, 1, 1, 3, 2, 3, 1, 1, 1, 1, 1, 1, 1, 1, 3, 2, 1, 1, 2, 1, 2, 2, 3, 4]|[0, 2, 1, 1, 3, 3, 0, 1, 0, 0, 0, 0, 1, 0, 1, 0, 0, 3, 1, 0, 0, 0, 3, 1, 0, 2, 0, 0, 0, 1, 0, 0, 0, 0, 3, 0, 1, 0, 0, 2, 1, 1, 2, 0, 0, 0, 0, 1, 1, 0, 0, 0, 1, 3, 0, 0, 0, 1, 0, 1, 0, 2, 0, 1, 1, 2, 1, 0, 0, 1, 1, 3, 0, 1, 3, 0, 1, 0, 0, 2, 1, 0, 0, 0, 1, 0, 0, 0, 0, 0, 2, 1, 0, 1, 0, 1, 0, 0, 0, 3],841.2695187432173,57765.0823501016,86486.42543671797,false
59,G2_TEC,G4_BALANCED,[20, 94, 82, 15, 26, 9, 95, 42, 77, 68, 47, 5, 3, 78, 86, 54, 85, 63, 18, 44, 31, 49, 36, 14, 74, 50, 53, 17, 21, 28, 11, 64, 93, 23, 30, 83, 24, 41, 40, 52, 65, 27, 90, 70, 39, 87, 48, 69, 99, 4, 46, 1, 13, 56, 97, 59, 45, 8, 73, 37, 35, 79, 71, 66, 76, 32, 60, 80, 58, 6, 67, 61, 33, 7, 57, 34, 12, 16, 10, 22, 96, 88, 43, 81, 91, 2, 84, 29, 92, 19, 51, 89, 75, 25, 72, 38, 55, 98, 62, 0]|[2, 1, 2, 1, 1, 2, 1, 1, 1, 1, 1, 0, 2, 2, 1, 2, 0, 0, 0, 2, 2, 1, 0, 2, 0, 2, 2, 1, 0, 1, 1, 1, 0, 0, 1, 0, 2, 1, 2, 2, 0, 0, 1, 1, 0, 2, 0, 2, 1, 0, 0, 2, 0, 2, 2, 0, 1, 1, 0, 0, 2, 1, 1, 2, 2, 0, 2, 2, 2, 1, 2, 1, 1, 2, 0, 1, 1, 2, 1, 2, 0, 1, 1, 1, 1, 0, 0, 1, 0, 1, 1, 1, 0, 1, 1, 0, 0, 2, 1, 0]|[1, 3, 0, 3, 4, 1, 4, 4, 4, 4, 3, 2, 1, 0, 2, 1, 1, 1, 2, 1, 1, 3, 0, 1, 0, 1, 1, 4, 1, 4, 3, 2, 2, 0, 4, 1, 1, 4, 1, 1, 2, 1, 4, 4, 1, 1, 0, 1, 3, 2, 2, 1, 2, 1, 1, 2, 4, 3, 0, 2, 1, 3, 3, 1, 1, 2, 1, 1, 1, 4, 1, 3, 4, 1, 2, 4, 3, 1, 3, 1, 2, 4, 4, 4, 3, 2, 2, 3, 2, 4, 3, 4, 2, 4, 4, 2, 2, 1, 3, 2]|[0, 2, 0, 0, 3, 0, 1, 3, 1, 0, 2, 0, 1, 0, 1, 0, 0, 0, 1, 0, 0, 2, 0, 0, 1, 0, 0, 3, 0, 1, 0, 2, 0, 0, 3, 0, 1, 1, 0, 0, 0, 0, 1, 3, 0, 0, 1, 0, 2, 0, 0, 0, 0, 0, 1, 0, 1, 0, 1, 1, 0, 2, 0, 0, 0, 0, 0, 0, 0, 2, 0, 0, 1, 0, 0, 1, 0, 0, 3, 0, 0, 1, 2, 2, 0, 0, 0, 3, 0, 1, 0, 1, 0, 3, 1, 0, 0, 0, 0, 0],910.6016522559228,48373.278451535916,106491.20555259864,true
59,G3_TWC,G3_TWC,[31, 22, 42, 15, 26, 58, 95, 82, 77, 12, 47, 5, 93, 78, 98, 54, 85, 63, 18, 44, 20, 35, 43, 97, 91, 76, 10, 30, 21, 45, 71, 64, 1, 23, 17, 83, 24, 61, 60, 49, 6, 57, 94, 88, 65, 56, 79, 40, 67, 68, 46, 75, 0, 9, 19, 32, 81, 41, 27, 62, 87, 90, 99, 59, 53, 16, 72, 73, 70, 39, 37, 84, 3, 92, 25, 74, 28, 38, 51, 7, 11, 14, 86, 48, 89, 66, 50, 96, 33, 80, 8, 4, 34, 36, 55, 52, 13, 29, 69, 2]|[1, 1, 0, 1, 1, 1, 2, 1, 2, 1, 2, 2, 2, 1, 1, 0, 0, 1, 0, 2, 2, 0, 1, 2, 0, 1, 2, 2, 0, 0, 1, 2, 1, 0, 1, 0, 2, 0, 1, 1, 0, 1, 1, 1, 0, 2, 1, 1, 0, 0, 0, 0, 1, 1, 2, 1, 2, 0, 0, 0, 2, 1, 0, 1, 0, 1, 2, 1, 1, 1, 1, 1, 2, 0, 1, 2, 0, 0, 0, 1, 0, 1, 0, 0, 1, 0, 0, 0, 2, 0, 1, 0, 2, 0, 1, 1, 0, 0, 1, 0]|[4, 3, 2, 2, 0, 0, 2, 2, 2, 4, 1, 1, 2, 4, 4, 1, 1, 4, 2, 1, 1, 1, 1, 2, 1, 2, 1, 1, 1, 1, 3, 2, 3, 0, 4, 0, 1, 1, 0, 3, 2, 2, 4, 0, 1, 1, 3, 2, 0, 1, 2, 2, 1, 4, 0, 3, 2, 1, 1, 2, 1, 3, 1, 1, 2, 3, 0, 4, 3, 1, 4, 1, 1, 2, 4, 1, 2, 1, 1, 3, 2, 3, 1, 1, 1, 1, 1, 1, 1, 1, 3, 2, 1, 1, 4, 1, 2, 2, 3, 2]|[0, 2, 1, 1, 3, 3, 0, 1, 0, 0, 0, 0, 1, 0, 1, 0, 0, 3, 1, 0, 0, 0, 3, 1, 0, 2, 0, 0, 0, 1, 0, 0, 0, 0, 3, 0, 1, 0, 0, 2, 1, 1, 2, 0, 0, 0, 0, 1, 1, 0, 0, 0, 1, 3, 0, 0, 1, 0, 0, 1, 0, 2, 0, 1, 1, 2, 1, 0, 0, 1, 1, 3, 0, 1, 3, 0, 1, 0, 0, 2, 1, 0, 0, 0, 1, 0, 0, 0, 0, 0, 2, 1, 0, 1, 3, 1, 0, 0, 0, 0],843.7439659666079,57777.80974073964,86440.68470675517,false
59,G1_CMAX,G1_CMAX,[31, 22, 82, 15, 26, 99, 95, 42, 77, 12, 47, 5, 93, 78, 86, 54, 21, 63, 18, 44, 20, 35, 43, 97, 91, 76, 10, 30, 85, 45, 71, 64, 1, 23, 17, 83, 24, 14, 60, 36, 6, 57, 40, 88, 65, 56, 79, 94, 67, 68, 46, 75, 38, 9, 19, 32, 41, 81, 27, 87, 90, 58, 59, 11, 16, 72, 73, 70, 39, 37, 84, 3, 92, 25, 55, 48, 74, 29, 51, 7, 33, 61, 98, 28, 89, 50, 4, 96, 53, 80, 8, 66, 34, 49, 52, 0, 62, 69, 2, 13]|[1, 1, 0, 1, 1, 0, 1, 1, 2, 1, 2, 2, 2, 1, 1, 0, 0, 1, 0, 2, 2, 0, 1, 2, 0, 1, 2, 2, 0, 0, 1, 2, 1, 2, 1, 0, 2, 0, 1, 1, 0, 1, 1, 1, 0, 2, 1, 1, 0, 0, 0, 0, 1, 1, 2, 1, 0, 2, 0, 2, 1, 0, 1, 2, 1, 2, 1, 1, 1, 1, 1, 1, 0, 1, 2, 0, 2, 0, 0, 2, 2, 1, 2, 0, 1, 0, 1, 2, 0, 0, 1, 2, 2, 0, 1, 0, 1, 1, 0, 0]|[0, 3, 2, 2, 4, 1, 2, 3, 2, 4, 1, 1, 2, 4, 4, 1, 1, 4, 2, 1, 1, 1, 1, 2, 1, 2, 1, 1, 2, 1, 3, 2, 3, 1, 4, 0, 1, 1, 0, 3, 2, 2, 2, 0, 1, 1, 0, 4, 0, 1, 2, 2, 1, 4, 0, 3, 1, 1, 1, 1, 3, 1, 1, 1, 3, 0, 4, 3, 1, 4, 1, 1, 0, 4, 1, 1, 1, 1, 1, 1, 1, 3, 1, 2, 1, 1, 4, 1, 2, 1, 3, 1, 1, 1, 1, 2, 1, 4, 2, 2]|[0, 2, 1, 1, 3, 0, 1, 3, 0, 0, 0, 0, 1, 0, 1, 0, 0, 3, 1, 0, 0, 0, 3, 1, 0, 2, 0, 0, 0, 1, 0, 0, 0, 0, 3, 0, 1, 0, 0, 2, 1, 1, 1, 0, 0, 0, 0, 2, 1, 0, 0, 0, 1, 3, 0, 0, 0, 0, 0, 0, 2, 0, 1, 0, 2, 1, 0, 0, 1, 1, 3, 1, 1, 3, 0, 0, 0, 0, 0, 0, 0, 0, 0, 1, 1, 0, 0, 0, 1, 0, 2, 0, 0, 1, 1, 0, 1, 2, 0, 0],730.1276596856602,56815.01019440286,94351.50741240397,false
59,G4_BALANCED,G3_TWC,[31, 22, 42, 15, 26, 58, 95, 82, 77, 12, 47, 5, 93, 78, 98, 54, 85, 63, 18, 44, 20, 35, 43, 97, 91, 76, 10, 30, 21, 45, 71, 64, 1, 23, 17, 83, 24, 61, 60, 36, 6, 57, 94, 88, 65, 56, 79, 40, 67, 68, 46, 75, 38, 9, 19, 32, 81, 41, 27, 62, 87, 90, 99, 59, 11, 16, 72, 73, 70, 39, 37, 84, 3, 92, 25, 74, 28, 29, 51, 7, 53, 14, 86, 48, 89, 50, 66, 96, 33, 80, 4, 8, 0, 49, 55, 52, 13, 2, 69, 34]|[1, 1, 0, 1, 1, 1, 2, 1, 2, 1, 2, 2, 2, 1, 1, 0, 0, 1, 0, 2, 2, 0, 1, 2, 0, 1, 2, 2, 0, 0, 1, 2, 1, 2, 1, 0, 2, 0, 1, 1, 0, 1, 1, 1, 0, 2, 1, 1, 0, 0, 0, 0, 1, 1, 2, 1, 2, 0, 0, 0, 2, 1, 0, 1, 2, 1, 2, 1, 1, 1, 1, 1, 2, 0, 1, 2, 0, 0, 0, 1, 0, 1, 0, 0, 1, 0, 2, 0, 2, 0, 0, 1, 0, 0, 1, 1, 0, 0, 1, 2]|[4, 3, 2, 2, 0, 0, 2, 2, 2, 4, 1, 1, 2, 4, 4, 1, 1, 4, 2, 1, 1, 1, 1, 2, 1, 2, 1, 1, 1, 1, 3, 2, 3, 0, 4, 0, 1, 1, 0, 3, 2, 2, 4, 0, 1, 1, 3, 2, 0, 1, 2, 2, 1, 4, 0, 3, 2, 1, 1, 2, 1, 3, 1, 1, 1, 3, 0, 4, 3, 1, 4, 1, 1, 2, 4, 1, 2, 1, 1, 3, 2, 3, 1, 1, 1, 1, 1, 1, 1, 1, 2, 3, 2, 1, 4, 1, 2, 2, 3, 1]|[0, 2, 1, 1, 3, 3, 0, 1, 0, 0, 0, 0, 1, 0, 1, 0, 0, 3, 1, 0, 0, 0, 3, 1, 0, 2, 0, 0, 0, 0, 0, 0, 0, 0, 3, 0, 1, 0, 0, 2, 1, 1, 2, 0, 0, 0, 0, 1, 1, 0, 0, 0, 1, 3, 0, 0, 1, 0, 0, 1, 0, 2, 0, 1, 0, 2, 1, 0, 0, 1, 1, 3, 0, 1, 3, 0, 1, 0, 0, 2, 1, 0, 0, 0, 1, 0, 0, 0, 0, 0, 1, 2, 0, 1, 3, 1, 0, 0, 0, 0],801.801344730411,56919.763684157944,89305.8108995098,true
59,G2_TEC,G4_BALANCED,[20, 94, 82, 15, 26, 9, 95, 42, 77, 68, 47, 5, 3, 78, 86, 54, 85, 63, 18, 44, 31, 49, 36, 14, 74, 50, 53, 17, 21, 28, 11, 64, 93, 23, 30, 83, 24, 41, 40, 52, 65, 27, 90, 70, 39, 87, 48, 69, 99, 4, 46, 1, 13, 56, 97, 59, 45, 8, 73, 37, 35, 79, 71, 66, 76, 32, 60, 80, 58, 6, 67, 61, 33, 7, 57, 34, 12, 16, 10, 22, 96, 88, 43, 81, 91, 2, 84, 29, 92, 19, 51, 89, 75, 25, 72, 38, 55, 98, 62, 0]|[2, 1, 2, 1, 1, 2, 1, 1, 1, 1, 1, 0, 2, 2, 1, 2, 0, 0, 0, 2, 2, 1, 0, 2, 0, 2, 2, 1, 0, 1, 1, 1, 0, 0, 1, 0, 2, 1, 2, 2, 0, 0, 1, 1, 0, 2, 0, 2, 1, 0, 0, 2, 0, 2, 2, 0, 1, 1, 0, 0, 2, 1, 1, 2, 2, 0, 2, 2, 2, 1, 2, 1, 1, 2, 0, 1, 1, 2, 1, 2, 0, 1, 1, 1, 1, 0, 0, 1, 0, 1, 1, 1, 0, 1, 1, 0, 0, 2, 1, 0]|[1, 3, 0, 3, 4, 1, 4, 4, 4, 4, 3, 2, 1, 0, 2, 1, 1, 1, 2, 1, 1, 3, 0, 1, 0, 1, 1, 4, 1, 4, 3, 2, 2, 0, 4, 1, 1, 4, 1, 1, 2, 1, 4, 4, 1, 1, 0, 1, 3, 2, 2, 1, 2, 1, 1, 2, 4, 3, 0, 2, 1, 3, 3, 1, 1, 2, 1, 1, 1, 4, 1, 3, 4, 1, 2, 4, 3, 1, 3, 1, 2, 4, 4, 4, 3, 2, 2, 3, 2, 4, 3, 4, 2, 4, 4, 2, 2, 1, 3, 2]|[0, 2, 0, 0, 3, 0, 1, 3, 1, 0, 2, 0, 1, 0, 1, 0, 0, 0, 1, 0, 0, 2, 0, 0, 1, 0, 0, 3, 0, 1, 0, 2, 0, 0, 3, 0, 1, 1, 0, 0, 0, 0, 1, 3, 0, 0, 1, 0, 2, 0, 0, 0, 0, 0, 1, 0, 1, 0, 1, 1, 0, 2, 0, 0, 0, 0, 0, 0, 0, 2, 0, 0, 1, 0, 0, 1, 0, 0, 3, 0, 0, 1, 2, 2, 0, 0, 0, 3, 0, 1, 0, 1, 0, 3, 1, 0, 0, 0, 0, 0],910.6016522559228,48373.278451535916,106491.20555259864,true
59,G3_TWC,G3_TWC,[31, 22, 42, 15, 26, 58, 95, 82, 77, 12, 47, 5, 93, 78, 98, 54, 85, 63, 18, 44, 20, 35, 43, 97, 91, 76, 10, 30, 21, 45, 71, 64, 1, 23, 17, 83, 24, 61, 60, 49, 6, 57, 94, 88, 65, 56, 79, 40, 67, 68, 46, 75, 0, 9, 19, 32, 81, 41, 27, 62, 87, 90, 99, 59, 53, 16, 72, 73, 70, 39, 37, 84, 3, 92, 25, 74, 28, 38, 51, 7, 11, 14, 86, 48, 89, 66, 50, 96, 33, 80, 8, 4, 34, 36, 55, 52, 13, 29, 69, 2]|[1, 1, 0, 1, 1, 1, 2, 1, 2, 1, 2, 2, 2, 1, 1, 0, 0, 1, 0, 2, 2, 0, 1, 2, 0, 1, 2, 2, 0, 0, 1, 2, 1, 0, 1, 0, 2, 0, 1, 1, 0, 1, 1, 1, 0, 2, 1, 1, 0, 0, 0, 0, 1, 1, 2, 1, 2, 0, 0, 0, 2, 1, 0, 1, 0, 1, 2, 1, 1, 1, 1, 1, 2, 0, 1, 2, 0, 0, 0, 1, 0, 1, 0, 0, 1, 0, 0, 0, 2, 0, 1, 0, 2, 0, 1, 1, 0, 0, 1, 0]|[4, 3, 2, 2, 0, 0, 2, 2, 2, 4, 1, 1, 2, 4, 4, 1, 1, 4, 2, 1, 1, 1, 1, 2, 1, 2, 1, 1, 1, 1, 3, 2, 3, 0, 4, 0, 1, 1, 0, 3, 2, 2, 4, 0, 1, 1, 3, 2, 0, 1, 2, 2, 1, 4, 0, 3, 2, 1, 1, 2, 1, 3, 1, 1, 2, 3, 0, 4, 3, 1, 4, 1, 1, 2, 4, 1, 2, 1, 1, 3, 2, 3, 1, 1, 1, 1, 1, 1, 1, 1, 3, 2, 1, 1, 4, 1, 2, 2, 3, 2]|[0, 2, 1, 1, 3, 3, 0, 1, 0, 0, 0, 0, 1, 0, 1, 0, 0, 3, 1, 0, 0, 0, 3, 1, 0, 2, 0, 0, 0, 1, 0, 0, 0, 0, 3, 0, 1, 0, 0, 2, 1, 1, 2, 0, 0, 0, 0, 1, 1, 0, 0, 0, 1, 3, 0, 0, 1, 0, 0, 1, 0, 2, 0, 1, 1, 2, 1, 0, 0, 1, 1, 3, 0, 1, 3, 0, 1, 0, 0, 2, 1, 0, 0, 0, 1, 0, 0, 0, 0, 0, 2, 1, 0, 1, 3, 1, 0, 0, 0, 0],843.7439659666079,57777.80974073964,86440.68470675517,false
59,G1_CMAX,G1_CMAX,[31, 22, 82, 15, 26, 99, 95, 42, 77, 12, 47, 5, 93, 78, 86, 54, 21, 63, 18, 44, 20, 35, 43, 97, 91, 76, 10, 30, 85, 45, 71, 64, 1, 23, 17, 83, 24, 14, 60, 36, 6, 57, 40, 88, 65, 56, 79, 94, 67, 68, 46, 75, 38, 9, 19, 32, 41, 81, 27, 87, 90, 58, 59, 11, 16, 72, 73, 70, 39, 37, 84, 3, 92, 25, 55, 48, 74, 29, 51, 7, 33, 61, 98, 28, 89, 50, 4, 96, 53, 80, 8, 66, 34, 49, 52, 0, 62, 69, 2, 13]|[1, 1, 0, 1, 1, 0, 1, 1, 2, 1, 2, 2, 2, 1, 1, 0, 0, 1, 0, 2, 2, 0, 1, 2, 0, 1, 2, 2, 0, 0, 1, 2, 1, 2, 1, 0, 2, 0, 1, 1, 0, 1, 1, 1, 0, 2, 1, 1, 0, 0, 0, 0, 1, 1, 2, 1, 0, 2, 0, 2, 1, 0, 1, 2, 1, 2, 1, 1, 1, 1, 1, 1, 0, 1, 2, 0, 2, 0, 0, 2, 2, 1, 2, 0, 1, 0, 1, 2, 0, 0, 1, 2, 2, 0, 1, 0, 1, 1, 0, 0]|[0, 3, 2, 2, 4, 1, 2, 3, 2, 4, 1, 1, 2, 4, 4, 1, 1, 4, 2, 1, 1, 1, 1, 2, 1, 2, 1, 1, 2, 1, 3, 2, 3, 1, 4, 0, 1, 1, 0, 3, 2, 2, 2, 0, 1, 1, 0, 4, 0, 1, 2, 2, 1, 4, 0, 3, 1, 1, 1, 1, 3, 1, 1, 1, 3, 0, 4, 3, 1, 4, 1, 1, 0, 4, 1, 1, 1, 1, 1, 1, 1, 3, 1, 2, 1, 1, 4, 1, 2, 1, 3, 1, 1, 1, 1, 2, 1, 4, 2, 2]|[0, 2, 1, 1, 3, 0, 1, 3, 0, 0, 0, 0, 1, 0, 1, 0, 0, 3, 1, 0, 0, 0, 3, 1, 0, 2, 0, 0, 0, 1, 0, 0, 0, 0, 3, 0, 1, 0, 0, 2, 1, 1, 1, 0, 0, 0, 0, 2, 1, 0, 0, 0, 1, 3, 0, 0, 0, 0, 0, 0, 2, 0, 1, 0, 2, 1, 0, 0, 1, 1, 3, 1, 1, 3, 0, 0, 0, 0, 0, 0, 0, 0, 0, 1, 1, 0, 0, 0, 1, 0, 2, 0, 0, 1, 1, 0, 1, 2, 0, 0],730.1276596856602,56815.01019440286,94351.50741240397,false
59,G4_BALANCED,G4_BALANCED,[31, 22, 82, 15, 26, 99, 95, 42, 77, 12, 47, 5, 93, 78, 2, 54, 85, 63, 18, 44, 20, 49, 36, 14, 74, 50, 53, 17, 21, 28, 11, 64, 3, 23, 30, 83, 24, 41, 40, 52, 65, 27, 90, 70, 39, 87, 48, 69, 9, 4, 46, 1, 13, 58, 97, 59, 45, 8, 73, 37, 35, 79, 71, 66, 76, 32, 60, 80, 56, 6, 67, 61, 33, 7, 57, 34, 68, 16, 10, 98, 96, 88, 43, 75, 91, 38, 84, 92, 29, 19, 86, 72, 55, 89, 25, 81, 94, 51, 0, 62]|[2, 1, 2, 1, 1, 2, 1, 1, 1, 1, 1, 0, 2, 2, 1, 2, 0, 0, 0, 2, 2, 1, 0, 2, 0, 2, 2, 1, 0, 1, 1, 1, 0, 0, 1, 0, 2, 2, 2, 2, 0, 0, 1, 1, 0, 2, 0, 2, 1, 0, 0, 2, 0, 0, 2, 0, 1, 1, 0, 1, 2, 1, 1, 2, 2, 0, 2, 2, 2, 1, 0, 1, 1, 2, 0, 1, 1, 2, 1, 2, 0, 1, 1, 0, 1, 0, 0, 0, 1, 1, 2, 1, 0, 1, 1, 1, 2, 1, 0, 1]|[0, 3, 0, 3, 4, 1, 4, 4, 2, 4, 3, 2, 1, 0, 2, 1, 1, 1, 2, 1, 1, 3, 0, 1, 0, 1, 1, 4, 1, 4, 3, 2, 2, 0, 4, 1, 1, 2, 1, 1, 2, 1, 4, 4, 1, 1, 0, 2, 3, 2, 2, 1, 2, 1, 1, 2, 4, 3, 0, 4, 2, 3, 3, 1, 1, 2, 1, 1, 1, 4, 0, 3, 4, 1, 2, 4, 3, 1, 3, 1, 2, 4, 4, 2, 3, 2, 2, 2, 3, 4, 1, 4, 2, 1, 4, 4, 1, 3, 2, 3]|[0, 2, 0, 0, 3, 0, 1, 3, 0, 0, 2, 0, 1, 0, 1, 0, 0, 0, 1, 0, 0, 2, 0, 0, 1, 0, 0, 3, 0, 1, 0, 2, 0, 0, 3, 0, 1, 1, 0, 0, 0, 0, 1, 3, 0, 0, 1, 0, 2, 0, 0, 0, 0, 0, 1, 0, 1, 0, 1, 1, 0, 2, 0, 0, 0, 0, 0, 0, 0, 2, 1, 0, 1, 0, 0, 1, 0, 0, 3, 0, 0, 1, 2, 0, 0, 0, 0, 0, 3, 1, 0, 1, 0, 1, 3, 2, 0, 0, 0, 0],855.5047544975414,50752.6672950672,105370.64270886855,false
59,G2_TEC,G4_BALANCED,[20, 94, 82, 15, 26, 9, 95, 42, 77, 68, 47, 5, 3, 78, 86, 54, 85, 63, 18, 44, 31, 49, 36, 14, 74, 50, 53, 17, 21, 28, 11, 64, 93, 23, 30, 83, 24, 41, 40, 52, 65, 27, 90, 70, 39, 87, 48, 69, 99, 4, 46, 1, 13, 56, 97, 59, 45, 8, 73, 37, 35, 79, 71, 66, 76, 32, 60, 80, 58, 6, 67, 61, 33, 7, 57, 34, 12, 16, 10, 22, 96, 88, 43, 81, 91, 2, 84, 29, 92, 19, 51, 89, 75, 25, 72, 38, 55, 98, 62, 0]|[2, 1, 2, 1, 1, 2, 1, 1, 1, 1, 1, 0, 2, 2, 1, 2, 0, 0, 0, 2, 2, 1, 0, 2, 0, 2, 2, 1, 0, 1, 1, 1, 0, 0, 1, 0, 2, 1, 2, 2, 0, 0, 1, 1, 0, 2, 0, 2, 1, 0, 0, 2, 0, 2, 2, 0, 1, 1, 0, 0, 2, 1, 1, 2, 2, 0, 2, 2, 2, 1, 2, 1, 1, 2, 0, 1, 1, 2, 1, 2, 0, 1, 1, 1, 1, 0, 0, 1, 0, 1, 1, 1, 0, 1, 1, 0, 0, 2, 1, 0]|[1, 3, 0, 3, 4, 1, 4, 4, 4, 4, 3, 2, 1, 0, 2, 1, 1, 1, 2, 1, 1, 3, 0, 1, 0, 1, 1, 4, 1, 4, 3, 2, 2, 0, 4, 1, 1, 4, 1, 1, 2, 1, 4, 4, 1, 1, 0, 1, 3, 2, 2, 1, 2, 1, 1, 2, 4, 3, 0, 2, 1, 3, 3, 1, 1, 2, 1, 1, 1, 4, 1, 3, 4, 1, 2, 4, 3, 1, 3, 1, 2, 4, 4, 4, 3, 2, 2, 3, 2, 4, 3, 4, 2, 4, 4, 2, 2, 1, 3, 2]|[0, 2, 0, 0, 3, 0, 1, 3, 1, 0, 2, 0, 1, 0, 1, 0, 0, 0, 1, 0, 0, 2, 0, 0, 1, 0, 0, 3, 0, 1, 0, 2, 0, 0, 3, 0, 1, 1, 0, 0, 0, 0, 1, 3, 0, 0, 1, 0, 2, 0, 0, 0, 0, 0, 1, 0, 1, 0, 1, 1, 0, 2, 0, 0, 0, 0, 0, 0, 0, 2, 0, 0, 1, 0, 0, 1, 0, 0, 3, 0, 0, 1, 2, 2, 0, 0, 0, 3, 0, 1, 0, 1, 0, 3, 1, 0, 0, 0, 0, 0],910.6016522559228,48373.278451535916,106491.20555259864,true
59,G3_TWC,G3_TWC,[31, 22, 42, 15, 26, 58, 95, 82, 77, 12, 47, 5, 93, 78, 98, 54, 85, 63, 18, 44, 20, 35, 43, 97, 91, 76, 10, 30, 21, 45, 71, 64, 1, 23, 17, 83, 24, 61, 60, 49, 6, 57, 94, 88, 65, 56, 79, 40, 67, 68, 46, 75, 0, 9, 19, 32, 81, 41, 27, 62, 87, 90, 99, 59, 53, 16, 72, 73, 70, 39, 37, 84, 3, 92, 25, 74, 28, 38, 51, 7, 11, 14, 86, 48, 89, 66, 50, 96, 33, 80, 8, 4, 34, 36, 55, 52, 13, 29, 69, 2]|[1, 1, 0, 1, 1, 1, 2, 1, 2, 1, 2, 2, 2, 1, 1, 0, 0, 1, 0, 2, 2, 0, 1, 2, 0, 1, 2, 2, 0, 0, 1, 2, 1, 0, 1, 0, 2, 0, 1, 1, 0, 1, 1, 1, 0, 2, 1, 1, 0, 0, 0, 0, 1, 1, 2, 1, 2, 0, 0, 0, 2, 1, 0, 1, 0, 1, 2, 1, 1, 1, 1, 1, 2, 0, 1, 2, 0, 0, 0, 1, 0, 1, 0, 0, 1, 0, 0, 0, 2, 0, 1, 0, 2, 0, 1, 1, 0, 0, 1, 0]|[4, 3, 2, 2, 0, 0, 2, 2, 2, 4, 1, 1, 2, 4, 4, 1, 1, 4, 2, 1, 1, 1, 1, 2, 1, 2, 1, 1, 1, 1, 3, 2, 3, 0, 4, 0, 1, 1, 0, 3, 2, 2, 4, 0, 1, 1, 3, 2, 0, 1, 2, 2, 1, 4, 0, 3, 2, 1, 1, 2, 1, 3, 1, 1, 2, 3, 0, 4, 3, 1, 4, 1, 1, 2, 4, 1, 2, 1, 1, 3, 2, 3, 1, 1, 1, 1, 1, 1, 1, 1, 3, 2, 1, 1, 4, 1, 2, 2, 3, 2]|[0, 2, 1, 1, 3, 3, 0, 1, 0, 0, 0, 0, 1, 0, 1, 0, 0, 3, 1, 0, 0, 0, 3, 1, 0, 2, 0, 0, 0, 1, 0, 0, 0, 0, 3, 0, 1, 0, 0, 2, 1, 1, 2, 0, 0, 0, 0, 1, 1, 0, 0, 0, 1, 3, 0, 0, 1, 0, 0, 1, 0, 2, 0, 1, 1, 2, 1, 0, 0, 1, 1, 3, 0, 1, 3, 0, 1, 0, 0, 2, 1, 0, 0, 0, 1, 0, 0, 0, 0, 0, 2, 1, 0, 1, 3, 1, 0, 0, 0, 0],843.7439659666079,57777.80974073964,86440.68470675517,false
59,G1_CMAX,G1_CMAX,[31, 22, 82, 15, 26, 99, 95, 42, 77, 12, 47, 5, 93, 78, 86, 54, 21, 63, 18, 44, 20, 35, 43, 97, 91, 76, 10, 30, 85, 45, 71, 64, 1, 23, 17, 83, 24, 14, 60, 36, 6, 57, 40, 88, 65, 56, 79, 94, 67, 68, 46, 75, 38, 9, 19, 32, 41, 81, 27, 87, 90, 58, 59, 11, 16, 72, 73, 70, 39, 37, 84, 3, 92, 25, 55, 48, 74, 29, 51, 7, 33, 61, 98, 28, 89, 50, 4, 96, 53, 80, 8, 66, 34, 49, 52, 0, 62, 69, 2, 13]|[1, 1, 0, 1, 1, 0, 1, 1, 2, 1, 2, 2, 2, 1, 1, 0, 0, 1, 0, 2, 2, 0, 1, 2, 0, 1, 2, 2, 0, 0, 1, 2, 1, 2, 1, 0, 2, 0, 1, 1, 0, 1, 1, 1, 0, 2, 1, 1, 0, 0, 0, 0, 1, 1, 2, 1, 0, 2, 0, 2, 1, 0, 1, 2, 1, 2, 1, 1, 1, 1, 1, 1, 0, 1, 2, 0, 2, 0, 0, 2, 2, 1, 2, 0, 1, 0, 1, 2, 0, 0, 1, 2, 2, 0, 1, 0, 1, 1, 0, 0]|[0, 3, 2, 2, 4, 1, 2, 3, 2, 4, 1, 1, 2, 4, 4, 1, 1, 4, 2, 1, 1, 1, 1, 2, 1, 2, 1, 1, 2, 1, 3, 2, 3, 1, 4, 0, 1, 1, 0, 3, 2, 2, 2, 0, 1, 1, 0, 4, 0, 1, 2, 2, 1, 4, 0, 3, 1, 1, 1, 1, 3, 1, 1, 1, 3, 0, 4, 3, 1, 4, 1, 1, 0, 4, 1, 1, 1, 1, 1, 1, 1, 3, 1, 2, 1, 1, 4, 1, 2, 1, 3, 1, 1, 1, 1, 2, 1, 4, 2, 2]|[0, 2, 1, 1, 3, 0, 1, 3, 0, 0, 0, 0, 1, 0, 1, 0, 0, 3, 1, 0, 0, 0, 3, 1, 0, 2, 0, 0, 0, 1, 0, 0, 0, 0, 3, 0, 1, 0, 0, 2, 1, 1, 1, 0, 0, 0, 0, 2, 1, 0, 0, 0, 1, 3, 0, 0, 0, 0, 0, 0, 2, 0, 1, 0, 2, 1, 0, 0, 1, 1, 3, 1, 1, 3, 0, 0, 0, 0, 0, 0, 0, 0, 0, 1, 1, 0, 0, 0, 1, 0, 2, 0, 0, 1, 1, 0, 1, 2, 0, 0],730.1276596856602,56815.01019440286,94351.50741240397,false
59,G4_BALANCED,G1_CMAX,[31, 22, 42, 15, 26, 58, 95, 82, 77, 12, 47, 5, 93, 78, 98, 54, 85, 63, 18, 44, 20, 35, 43, 97, 91, 76, 10, 30, 21, 45, 71, 64, 1, 23, 17, 83, 24, 14, 60, 36, 6, 57, 94, 88, 65, 56, 79, 40, 67, 68, 46, 75, 38, 9, 19, 32, 81, 41, 27, 62, 87, 90, 99, 59, 11, 16, 72, 73, 70, 39, 37, 84, 3, 92, 25, 74, 28, 29, 51, 7, 53, 61, 86, 66, 89, 50, 48, 96, 33, 80, 4, 8, 55, 49, 0, 52, 13, 2, 69, 34]|[1, 1, 0, 1, 1, 1, 2, 1, 2, 1, 2, 2, 2, 1, 1, 0, 0, 1, 0, 2, 2, 0, 1, 2, 0, 1, 2, 2, 0, 0, 1, 2, 1, 2, 1, 0, 2, 0, 1, 1, 0, 1, 1, 1, 0, 2, 1, 1, 0, 0, 0, 0, 1, 1, 2, 1, 2, 0, 0, 0, 2, 1, 0, 1, 2, 1, 2, 1, 1, 1, 1, 1, 2, 0, 1, 2, 0, 0, 0, 1, 0, 1, 0, 2, 1, 1, 0, 2, 2, 0, 1, 1, 2, 0, 0, 1, 0, 0, 1, 2]|[4, 3, 2, 2, 0, 0, 2, 2, 2, 4, 1, 1, 2, 4, 4, 1, 1, 4, 2, 1, 1, 1, 1, 2, 1, 2, 1, 1, 1, 1, 3, 2, 3, 0, 4, 0, 1, 1, 0, 3, 2, 2, 4, 0, 1, 1, 3, 2, 0, 1, 2, 2, 1, 4, 0, 3, 2, 1, 1, 2, 1, 3, 1, 1, 1, 3, 0, 4, 3, 1, 4, 1, 1, 2, 4, 1, 2, 1, 1, 3, 2, 3, 1, 1, 1, 3, 1, 1, 1, 1, 4, 3, 1, 1, 2, 1, 2, 2, 3, 1]|[0, 2, 1, 1, 3, 3, 0, 1, 0, 0, 0, 0, 1, 0, 1, 0, 0, 3, 1, 0, 0, 0, 3, 1, 0, 2, 0, 0, 0, 1, 0, 0, 0, 0, 3, 0, 1, 0, 0, 2, 1, 1, 2, 0, 0, 0, 0, 1, 1, 0, 0, 0, 1, 3, 0, 0, 1, 0, 0, 1, 0, 2, 0, 1, 0, 2, 1, 0, 0, 1, 1, 3, 0, 1, 3, 0, 1, 0, 0, 2, 1, 0, 0, 0, 1, 2, 0, 0, 0, 0, 0, 2, 0, 1, 0, 1, 0, 0, 0, 0],733.7492682466853,57073.058369997794,90363.82694997969,true
59,G2_TEC,G4_BALANCED,[20, 94, 82, 15, 26, 9, 95, 42, 77, 68, 47, 5, 3, 78, 86, 54, 85, 63, 18, 44, 31, 49, 36, 14, 74, 50, 53, 17, 21, 28, 11, 64, 93, 23, 30, 83, 24, 41, 40, 52, 65, 27, 90, 70, 39, 87, 48, 69, 99, 4, 46, 1, 13, 56, 97, 59, 45, 8, 73, 37, 35, 79, 71, 66, 76, 32, 60, 80, 58, 6, 67, 61, 33, 7, 57, 34, 12, 16, 10, 22, 96, 88, 43, 81, 91, 2, 84, 29, 92, 19, 51, 89, 75, 25, 72, 38, 55, 98, 62, 0]|[2, 1, 2, 1, 1, 2, 1, 1, 1, 1, 1, 0, 2, 2, 1, 2, 0, 0, 0, 2, 2, 1, 0, 2, 0, 2, 2, 1, 0, 1, 1, 1, 0, 0, 1, 0, 2, 1, 2, 2, 0, 0, 1, 1, 0, 2, 0, 2, 1, 0, 0, 2, 0, 2, 2, 0, 1, 1, 0, 0, 2, 1, 1, 2, 2, 0, 2, 2, 2, 1, 2, 1, 1, 2, 0, 1, 1, 2, 1, 2, 0, 1, 1, 1, 1, 0, 0, 1, 0, 1, 1, 1, 0, 1, 1, 0, 0, 2, 1, 0]|[1, 3, 0, 3, 4, 1, 4, 4, 4, 4, 3, 2, 1, 0, 2, 1, 1, 1, 2, 1, 1, 3, 0, 1, 0, 1, 1, 4, 1, 4, 3, 2, 2, 0, 4, 1, 1, 4, 1, 1, 2, 1, 4, 4, 1, 1, 0, 1, 3, 2, 2, 1, 2, 1, 1, 2, 4, 3, 0, 2, 1, 3, 3, 1, 1, 2, 1, 1, 1, 4, 1, 3, 4, 1, 2, 4, 3, 1, 3, 1, 2, 4, 4, 4, 3, 2, 2, 3, 2, 4, 3, 4, 2, 4, 4, 2, 2, 1, 3, 2]|[0, 2, 0, 0, 3, 0, 1, 3, 1, 0, 2, 0, 1, 0, 1, 0, 0, 0, 1, 0, 0, 2, 0, 0, 1, 0, 0, 3, 0, 1, 0, 2, 0, 0, 3, 0, 1, 1, 0, 0, 0, 0, 1, 3, 0, 0, 1, 0, 2, 0, 0, 0, 0, 0, 1, 0, 1, 0, 1, 1, 0, 2, 0, 0, 0, 0, 0, 0, 0, 2, 0, 0, 1, 0, 0, 1, 0, 0, 3, 0, 0, 1, 2, 2, 0, 0, 0, 3, 0, 1, 0, 1, 0, 3, 1, 0, 0, 0, 0, 0],910.6016522559228,48373.278451535916,106491.20555259864,true
59,G3_TWC,G3_TWC,[31, 22, 42, 15, 26, 58, 95, 82, 77, 12, 47, 5, 93, 78, 98, 54, 85, 63, 18, 44, 20, 35, 43, 97, 91, 76, 10, 30, 21, 45, 71, 64, 1, 23, 17, 83, 24, 61, 60, 49, 6, 57, 94, 88, 65, 56, 79, 40, 67, 68, 46, 75, 0, 9, 19, 32, 81, 41, 27, 62, 87, 90, 99, 59, 53, 16, 72, 73, 70, 39, 37, 84, 3, 92, 25, 74, 28, 38, 51, 7, 11, 14, 86, 48, 89, 66, 50, 96, 33, 80, 8, 4, 34, 36, 55, 52, 13, 29, 69, 2]|[1, 1, 0, 1, 1, 1, 2, 1, 2, 1, 2, 2, 2, 1, 1, 0, 0, 1, 0, 2, 2, 0, 1, 2, 0, 1, 2, 2, 0, 0, 1, 2, 1, 0, 1, 0, 2, 0, 1, 1, 0, 1, 1, 1, 0, 2, 1, 1, 0, 0, 0, 0, 1, 1, 2, 1, 2, 0, 0, 0, 2, 1, 0, 1, 0, 1, 2, 1, 1, 1, 1, 1, 2, 0, 1, 2, 0, 0, 0, 1, 0, 1, 0, 0, 1, 0, 0, 0, 2, 0, 1, 0, 2, 0, 1, 1, 0, 0, 1, 0]|[4, 3, 2, 2, 0, 0, 2, 2, 2, 4, 1, 1, 2, 4, 4, 1, 1, 4, 2, 1, 1, 1, 1, 2, 1, 2, 1, 1, 1, 1, 3, 2, 3, 0, 4, 0, 1, 1, 0, 3, 2, 2, 4, 0, 1, 1, 3, 2, 0, 1, 2, 2, 1, 4, 0, 3, 2, 1, 1, 2, 1, 3, 1, 1, 2, 3, 0, 4, 3, 1, 4, 1, 1, 2, 4, 1, 2, 1, 1, 3, 2, 3, 1, 1, 1, 1, 1, 1, 1, 1, 3, 2, 1, 1, 4, 1, 2, 2, 3, 2]|[0, 2, 1, 1, 3, 3, 0, 1, 0, 0, 0, 0, 1, 0, 1, 0, 0, 3, 1, 0, 0, 0, 3, 1, 0, 2, 0, 0, 0, 1, 0, 0, 0, 0, 3, 0, 1, 0, 0, 2, 1, 1, 2, 0, 0, 0, 0, 1, 1, 0, 0, 0, 1, 3, 0, 0, 1, 0, 0, 1, 0, 2, 0, 1, 1, 2, 1, 0, 0, 1, 1, 3, 0, 1, 3, 0, 1, 0, 0, 2, 1, 0, 0, 0, 1, 0, 0, 0, 0, 0, 2, 1, 0, 1, 3, 1, 0, 0, 0, 0],843.7439659666079,57777.80974073964,86440.68470675517,false
59,G1_CMAX,G1_CMAX,[31, 22, 82, 15, 26, 99, 95, 42, 77, 12, 47, 5, 93, 78, 86, 54, 21, 63, 18, 44, 20, 35, 43, 97, 91, 76, 10, 30, 85, 45, 71, 64, 1, 23, 17, 83, 24, 14, 60, 36, 6, 57, 40, 88, 65, 56, 79, 94, 67, 68, 46, 75, 38, 9, 19, 32, 41, 81, 27, 87, 90, 58, 59, 11, 16, 72, 73, 70, 39, 37, 84, 3, 92, 25, 55, 48, 74, 29, 51, 7, 33, 61, 98, 28, 89, 50, 4, 96, 53, 80, 8, 66, 34, 49, 52, 0, 62, 69, 2, 13]|[1, 1, 0, 1, 1, 0, 1, 1, 2, 1, 2, 2, 2, 1, 1, 0, 0, 1, 0, 2, 2, 0, 1, 2, 0, 1, 2, 2, 0, 0, 1, 2, 1, 2, 1, 0, 2, 0, 1, 1, 0, 1, 1, 1, 0, 2, 1, 1, 0, 0, 0, 0, 1, 1, 2, 1, 0, 2, 0, 2, 1, 0, 1, 2, 1, 2, 1, 1, 1, 1, 1, 1, 0, 1, 2, 0, 2, 0, 0, 2, 2, 1, 2, 0, 1, 0, 1, 2, 0, 0, 1, 2, 2, 0, 1, 0, 1, 1, 0, 0]|[0, 3, 2, 2, 4, 1, 2, 3, 2, 4, 1, 1, 2, 4, 4, 1, 1, 4, 2, 1, 1, 1, 1, 2, 1, 2, 1, 1, 2, 1, 3, 2, 3, 1, 4, 0, 1, 1, 0, 3, 2, 2, 2, 0, 1, 1, 0, 4, 0, 1, 2, 2, 1, 4, 0, 3, 1, 1, 1, 1, 3, 1, 1, 1, 3, 0, 4, 3, 1, 4, 1, 1, 0, 4, 1, 1, 1, 1, 1, 1, 1, 3, 1, 2, 1, 1, 4, 1, 2, 1, 3, 1, 1, 1, 1, 2, 1, 4, 2, 2]|[0, 2, 1, 1, 3, 0, 1, 3, 0, 0, 0, 0, 1, 0, 1, 0, 0, 3, 1, 0, 0, 0, 3, 1, 0, 2, 0, 0, 0, 1, 0, 0, 0, 0, 3, 0, 1, 0, 0, 2, 1, 1, 1, 0, 0, 0, 0, 2, 1, 0, 0, 0, 1, 3, 0, 0, 0, 0, 0, 0, 2, 0, 1, 0, 2, 1, 0, 0, 1, 1, 3, 1, 1, 3, 0, 0, 0, 0, 0, 0, 0, 0, 0, 1, 1, 0, 0, 0, 1, 0, 2, 0, 0, 1, 1, 0, 1, 2, 0, 0],730.1276596856602,56815.01019440286,94351.50741240397,false
59,G4_BALANCED,G3_TWC,[31, 22, 42, 15, 26, 58, 95, 82, 77, 12, 47, 5, 93, 78, 98, 54, 85, 63, 18, 44, 20, 35, 43, 97, 91, 76, 10, 30, 21, 45, 71, 64, 1, 23, 17, 83, 24, 61, 60, 36, 6, 57, 94, 88, 65, 56, 79, 40, 67, 68, 46, 75, 38, 9, 19, 32, 81, 41, 27, 62, 87, 90, 99, 59, 11, 16, 72, 73, 70, 39, 37, 84, 3, 92, 25, 74, 28, 29, 51, 7, 33, 14, 86, 48, 89, 50, 4, 96, 53, 80, 66, 8, 55, 49, 0, 52, 13, 2, 69, 34]|[1, 1, 0, 1, 1, 1, 2, 1, 2, 1, 2, 2, 2, 1, 1, 0, 0, 1, 0, 2, 2, 0, 1, 2, 0, 1, 2, 2, 0, 0, 1, 2, 1, 2, 1, 0, 2, 0, 1, 1, 0, 1, 1, 1, 0, 2, 1, 1, 0, 0, 0, 0, 1, 1, 2, 1, 2, 0, 0, 0, 2, 1, 0, 1, 2, 1, 2, 1, 1, 1, 1, 1, 2, 0, 1, 2, 0, 0, 0, 1, 2, 1, 0, 0, 1, 0, 1, 2, 0, 0, 2, 1, 2, 0, 0, 1, 0, 0, 1, 2]|[4, 3, 2, 2, 0, 0, 2, 2, 2, 4, 1, 1, 2, 4, 4, 1, 1, 4, 2, 1, 1, 1, 1, 2, 1, 2, 1, 1, 1, 1, 3, 2, 3, 0, 4, 0, 1, 1, 0, 3, 2, 2, 4, 0, 1, 1, 3, 2, 0, 1, 2, 2, 1, 4, 0, 3, 2, 1, 1, 2, 1, 3, 1, 1, 1, 3, 0, 4, 3, 1, 4, 1, 1, 2, 4, 1, 2, 1, 1, 1, 1, 3, 1, 1, 1, 1, 4, 1, 2, 1, 1, 3, 1, 1, 2, 1, 2, 2, 4, 1]|[0, 2, 1, 1, 3, 3, 0, 1, 0, 0, 0, 0, 1, 0, 1, 0, 0, 3, 1, 0, 0, 0, 3, 1, 0, 2, 0, 0, 0, 1, 0, 0, 0, 0, 3, 0, 1, 0, 0, 2, 1, 1, 2, 0, 0, 0, 0, 1, 1, 0, 0, 0, 1, 3, 0, 0, 1, 0, 0, 1, 0, 2, 0, 1, 0, 2, 1, 0, 0, 1, 1, 3, 0, 1, 3, 0, 1, 0, 0, 2, 0, 0, 0, 0, 1, 0, 0, 0, 1, 0, 0, 2, 0, 1, 0, 1, 0, 0, 2, 0],747.3116888068486,57146.32467161413,89824.70103908019,true
59,G2_TEC,G4_BALANCED,[20, 94, 82, 15, 26, 9, 95, 42, 77, 68, 47, 5, 3, 78, 86, 54, 85, 63, 18, 44, 31, 49, 36, 14, 74, 50, 53, 17, 21, 28, 11, 64, 93, 23, 30, 83, 24, 41, 40, 52, 65, 27, 90, 70, 39, 87, 48, 69, 99, 4, 46, 1, 13, 56, 97, 59, 45, 8, 73, 37, 35, 79, 71, 66, 76, 32, 60, 80, 58, 6, 67, 61, 33, 7, 57, 34, 12, 16, 10, 22, 96, 88, 43, 81, 91, 2, 84, 29, 92, 19, 51, 89, 75, 25, 72, 38, 55, 98, 62, 0]|[2, 1, 2, 1, 1, 2, 1, 1, 1, 1, 1, 0, 2, 2, 1, 2, 0, 0, 0, 2, 2, 1, 0, 2, 0, 2, 2, 1, 0, 1, 1, 1, 0, 0, 1, 0, 2, 1, 2, 2, 0, 0, 1, 1, 0, 2, 0, 2, 1, 0, 0, 2, 0, 2, 2, 0, 1, 1, 0, 0, 2, 1, 1, 2, 2, 0, 2, 2, 2, 1, 2, 1, 1, 2, 0, 1, 1, 2, 1, 2, 0, 1, 1, 1, 1, 0, 0, 1, 0, 1, 1, 1, 0, 1, 1, 0, 0, 2, 1, 0]|[1, 3, 0, 3, 4, 1, 4, 4, 4, 4, 3, 2, 1, 0, 2, 1, 1, 1, 2, 1, 1, 3, 0, 1, 0, 1, 1, 4, 1, 4, 3, 2, 2, 0, 4, 1, 1, 4, 1, 1, 2, 1, 4, 4, 1, 1, 0, 1, 3, 2, 2, 1, 2, 1, 1, 2, 4, 3, 0, 2, 1, 3, 3, 1, 1, 2, 1, 1, 1, 4, 1, 3, 4, 1, 2, 4, 3, 1, 3, 1, 2, 4, 4, 4, 3, 2, 2, 3, 2, 4, 3, 4, 2, 4, 4, 2, 2, 1, 3, 2]|[0, 2, 0, 0, 3, 0, 1, 3, 1, 0, 2, 0, 1, 0, 1, 0, 0, 0, 1, 0, 0, 2, 0, 0, 1, 0, 0, 3, 0, 1, 0, 2, 0, 0, 3, 0, 1, 1, 0, 0, 0, 0, 1, 3, 0, 0, 1, 0, 2, 0, 0, 0, 0, 0, 1, 0, 1, 0, 1, 1, 0, 2, 0, 0, 0, 0, 0, 0, 0, 2, 0, 0, 1, 0, 0, 1, 0, 0, 3, 0, 0, 1, 2, 2, 0, 0, 0, 3, 0, 1, 0, 1, 0, 3, 1, 0, 0, 0, 0, 0],910.6016522559228,48373.278451535916,106491.20555259864,true
59,G3_TWC,G3_TWC,[31, 22, 42, 15, 26, 58, 95, 82, 77, 12, 47, 5, 93, 78, 98, 54, 85, 63, 18, 44, 20, 35, 43, 97, 91, 76, 10, 30, 21, 45, 71, 64, 1, 23, 17, 83, 24, 61, 60, 49, 6, 57, 94, 88, 65, 56, 79, 40, 67, 68, 46, 75, 0, 9, 19, 32, 81, 41, 27, 62, 87, 90, 99, 59, 53, 16, 72, 73, 70, 39, 37, 84, 3, 92, 25, 74, 28, 38, 51, 7, 11, 14, 86, 48, 89, 66, 50, 96, 33, 80, 8, 4, 34, 36, 55, 52, 13, 29, 69, 2]|[1, 1, 0, 1, 1, 1, 2, 1, 2, 1, 2, 2, 2, 1, 1, 0, 0, 1, 0, 2, 2, 0, 1, 2, 0, 1, 2, 2, 0, 0, 1, 2, 1, 0, 1, 0, 2, 0, 1, 1, 0, 1, 1, 1, 0, 2, 1, 1, 0, 0, 0, 0, 1, 1, 2, 1, 2, 0, 0, 0, 2, 1, 0, 1, 0, 1, 2, 1, 1, 1, 1, 1, 2, 0, 1, 2, 0, 0, 0, 1, 0, 1, 0, 0, 1, 0, 0, 0, 2, 0, 1, 0, 2, 0, 1, 1, 0, 0, 1, 0]|[4, 3, 2, 2, 0, 0, 2, 2, 2, 4, 1, 1, 2, 4, 4, 1, 1, 4, 2, 1, 1, 1, 1, 2, 1, 2, 1, 1, 1, 1, 3, 2, 3, 0, 4, 0, 1, 1, 0, 3, 2, 2, 4, 0, 1, 1, 3, 2, 0, 1, 2, 2, 1, 4, 0, 3, 2, 1, 1, 2, 1, 3, 1, 1, 2, 3, 0, 4, 3, 1, 4, 1, 1, 2, 4, 1, 2, 1, 1, 3, 2, 3, 1, 1, 1, 1, 1, 1, 1, 1, 3, 2, 1, 1, 4, 1, 2, 2, 3, 2]|[0, 2, 1, 1, 3, 3, 0, 1, 0, 0, 0, 0, 1, 0, 1, 0, 0, 3, 1, 0, 0, 0, 3, 1, 0, 2, 0, 0, 0, 1, 0, 0, 0, 0, 3, 0, 1, 0, 0, 2, 1, 1, 2, 0, 0, 0, 0, 1, 1, 0, 0, 0, 1, 3, 0, 0, 1, 0, 0, 1, 0, 2, 0, 1, 1, 2, 1, 0, 0, 1, 1, 3, 0, 1, 3, 0, 1, 0, 0, 2, 1, 0, 0, 0, 1, 0, 0, 0, 0, 0, 2, 1, 0, 1, 3, 1, 0, 0, 0, 0],843.7439659666079,57777.80974073964,86440.68470675517,false
59,G1_CMAX,G1_CMAX,[31, 22, 82, 15, 26, 99, 95, 42, 77, 12, 47, 5, 93, 78, 86, 54, 21, 63, 18, 44, 20, 35, 43, 97, 91, 76, 10, 30, 85, 45, 71, 64, 1, 23, 17, 83, 24, 14, 60, 36, 6, 57, 40, 88, 65, 56, 79, 94, 67, 68, 46, 75, 38, 9, 19, 32, 41, 81, 27, 87, 90, 58, 59, 11, 16, 72, 73, 70, 39, 37, 84, 3, 92, 25, 55, 48, 74, 29, 51, 7, 33, 61, 98, 28, 89, 50, 4, 96, 53, 80, 8, 66, 34, 49, 52, 0, 62, 69, 2, 13]|[1, 1, 0, 1, 1, 0, 1, 1, 2, 1, 2, 2, 2, 1, 1, 0, 0, 1, 0, 2, 2, 0, 1, 2, 0, 1, 2, 2, 0, 0, 1, 2, 1, 2, 1, 0, 2, 0, 1, 1, 0, 1, 1, 1, 0, 2, 1, 1, 0, 0, 0, 0, 1, 1, 2, 1, 0, 2, 0, 2, 1, 0, 1, 2, 1, 2, 1, 1, 1, 1, 1, 1, 0, 1, 2, 0, 2, 0, 0, 2, 2, 1, 2, 0, 1, 0, 1, 2, 0, 0, 1, 2, 2, 0, 1, 0, 1, 1, 0, 0]|[0, 3, 2, 2, 4, 1, 2, 3, 2, 4, 1, 1, 2, 4, 4, 1, 1, 4, 2, 1, 1, 1, 1, 2, 1, 2, 1, 1, 2, 1, 3, 2, 3, 1, 4, 0, 1, 1, 0, 3, 2, 2, 2, 0, 1, 1, 0, 4, 0, 1, 2, 2, 1, 4, 0, 3, 1, 1, 1, 1, 3, 1, 1, 1, 3, 0, 4, 3, 1, 4, 1, 1, 0, 4, 1, 1, 1, 1, 1, 1, 1, 3, 1, 2, 1, 1, 4, 1, 2, 1, 3, 1, 1, 1, 1, 2, 1, 4, 2, 2]|[0, 2, 1, 1, 3, 0, 1, 3, 0, 0, 0, 0, 1, 0, 1, 0, 0, 3, 1, 0, 0, 0, 3, 1, 0, 2, 0, 0, 0, 1, 0, 0, 0, 0, 3, 0, 1, 0, 0, 2, 1, 1, 1, 0, 0, 0, 0, 2, 1, 0, 0, 0, 1, 3, 0, 0, 0, 0, 0, 0, 2, 0, 1, 0, 2, 1, 0, 0, 1, 1, 3, 1, 1, 3, 0, 0, 0, 0, 0, 0, 0, 0, 0, 1, 1, 0, 0, 0, 1, 0, 2, 0, 0, 1, 1, 0, 1, 2, 0, 0],730.1276596856602,56815.01019440286,94351.50741240397,false
59,G4_BALANCED,G2_TEC,[20, 94, 82, 15, 26, 9, 95, 42, 77, 68, 47, 5, 3, 78, 86, 54, 85, 63, 18, 44, 31, 49, 36, 14, 74, 50, 53, 17, 21, 28, 11, 64, 93, 23, 30, 83, 24, 41, 40, 52, 65, 27, 90, 70, 39, 87, 48, 69, 99, 4, 46, 1, 13, 56, 97, 59, 45, 8, 73, 37, 35, 79, 71, 66, 76, 32, 60, 80, 58, 6, 67, 61, 33, 7, 57, 34, 12, 16, 10, 98, 96, 88, 43, 81, 91, 2, 84, 29, 38, 19, 51, 89, 92, 75, 25, 72, 55, 22, 62, 0]|[2, 1, 2, 1, 1, 2, 1, 1, 1, 1, 1, 0, 2, 2, 1, 2, 0, 0, 0, 2, 2, 1, 0, 2, 0, 2, 2, 1, 0, 1, 1, 1, 0, 0, 1, 0, 2, 1, 2, 2, 0, 0, 1, 1, 0, 2, 0, 2, 1, 0, 0, 2, 0, 2, 2, 0, 1, 1, 0, 0, 2, 1, 1, 2, 2, 0, 2, 2, 2, 1, 2, 1, 1, 2, 0, 1, 1, 2, 1, 2, 0, 1, 1, 1, 1, 0, 0, 1, 0, 1, 1, 1, 0, 0, 1, 1, 0, 2, 1, 0]|[1, 3, 0, 3, 4, 1, 4, 4, 4, 4, 3, 2, 1, 0, 2, 1, 1, 1, 2, 1, 1, 3, 0, 1, 0, 1, 1, 4, 1, 4, 3, 2, 2, 0, 4, 1, 1, 4, 1, 1, 2, 1, 4, 4, 1, 1, 0, 1, 3, 2, 2, 1, 2, 1, 1, 2, 4, 3, 0, 2, 1, 3, 3, 1, 1, 2, 1, 1, 1, 4, 1, 3, 4, 1, 2, 4, 3, 1, 3, 1, 2, 4, 4, 4, 3, 2, 2, 3, 2, 4, 3, 4, 2, 2, 4, 4, 2, 1, 3, 2]|[0, 2, 0, 0, 3, 0, 1, 3, 1, 0, 2, 0, 1, 0, 1, 0, 0, 0, 1, 0, 0, 2, 0, 0, 1, 0, 0, 3, 0, 1, 0, 2, 0, 0, 3, 0, 1, 1, 0, 0, 0, 0, 1, 3, 0, 0, 1, 0, 2, 0, 0, 0, 0, 0, 1, 0, 1, 0, 1, 1, 0, 2, 0, 0, 0, 0, 0, 0, 0, 2, 0, 0, 1, 0, 0, 1, 0, 0, 3, 0, 0, 1, 2, 2, 0, 0, 0, 3, 0, 1, 0, 1, 0, 0, 3, 1, 0, 0, 0, 0],910.6016522559228,48387.55128968654,106483.48355107133,true
59,G2_TEC,G4_BALANCED,[20, 94, 82, 15, 26, 9, 95, 42, 77, 68, 47, 5, 3, 78, 86, 54, 85, 63, 18, 44, 31, 49, 36, 14, 74, 50, 53, 17, 21, 28, 11, 64, 93, 23, 30, 83, 24, 41, 40, 52, 65, 27, 90, 70, 39, 87, 48, 69, 99, 4, 46, 1, 13, 56, 97, 59, 45, 8, 73, 37, 35, 79, 71, 66, 76, 32, 60, 80, 58, 6, 67, 61, 33, 7, 57, 34, 12, 16, 10, 22, 96, 88, 43, 81, 91, 2, 84, 29, 92, 19, 51, 89, 75, 25, 72, 38, 55, 98, 62, 0]|[2, 1, 2, 1, 1, 2, 1, 1, 1, 1, 1, 0, 2, 2, 1, 2, 0, 0, 0, 2, 2, 1, 0, 2, 0, 2, 2, 1, 0, 1, 1, 1, 0, 0, 1, 0, 2, 1, 2, 2, 0, 0, 1, 1, 0, 2, 0, 2, 1, 0, 0, 2, 0, 2, 2, 0, 1, 1, 0, 0, 2, 1, 1, 2, 2, 0, 2, 2, 2, 1, 2, 1, 1, 2, 0, 1, 1, 2, 1, 2, 0, 1, 1, 1, 1, 0, 0, 1, 0, 1, 1, 1, 0, 1, 1, 0, 0, 2, 1, 0]|[1, 3, 0, 3, 4, 1, 4, 4, 4, 4, 3, 2, 1, 0, 2, 1, 1, 1, 2, 1, 1, 3, 0, 1, 0, 1, 1, 4, 1, 4, 3, 2, 2, 0, 4, 1, 1, 4, 1, 1, 2, 1, 4, 4, 1, 1, 0, 1, 3, 2, 2, 1, 2, 1, 1, 2, 4, 3, 0, 2, 1, 3, 3, 1, 1, 2, 1, 1, 1, 4, 1, 3, 4, 1, 2, 4, 3, 1, 3, 1, 2, 4, 4, 4, 3, 2, 2, 3, 2, 4, 3, 4, 2, 4, 4, 2, 2, 1, 3, 2]|[0, 2, 0, 0, 3, 0, 1, 3, 1, 0, 2, 0, 1, 0, 1, 0, 0, 0, 1, 0, 0, 2, 0, 0, 1, 0, 0, 3, 0, 1, 0, 2, 0, 0, 3, 0, 1, 1, 0, 0, 0, 0, 1, 3, 0, 0, 1, 0, 2, 0, 0, 0, 0, 0, 1, 0, 1, 0, 1, 1, 0, 2, 0, 0, 0, 0, 0, 0, 0, 2, 0, 0, 1, 0, 0, 1, 0, 0, 3, 0, 0, 1, 2, 2, 0, 0, 0, 3, 0, 1, 0, 1, 0, 3, 1, 0, 0, 0, 0, 0],910.6016522559228,48373.278451535916,106491.20555259864,true
59,G3_TWC,G3_TWC,[31, 22, 42, 15, 26, 58, 95, 82, 77, 12, 47, 5, 93, 78, 98, 54, 85, 63, 18, 44, 20, 35, 43, 97, 91, 76, 10, 30, 21, 45, 71, 64, 1, 23, 17, 83, 24, 61, 60, 49, 6, 57, 94, 88, 65, 56, 79, 40, 67, 68, 46, 75, 0, 9, 19, 32, 81, 41, 27, 62, 87, 90, 99, 59, 53, 16, 72, 73, 70, 39, 37, 84, 3, 92, 25, 74, 28, 38, 51, 7, 11, 14, 86, 48, 89, 66, 50, 96, 33, 80, 8, 4, 34, 36, 55, 52, 13, 29, 69, 2]|[1, 1, 0, 1, 1, 1, 2, 1, 2, 1, 2, 2, 2, 1, 1, 0, 0, 1, 0, 2, 2, 0, 1, 2, 0, 1, 2, 2, 0, 0, 1, 2, 1, 0, 1, 0, 2, 0, 1, 1, 0, 1, 1, 1, 0, 2, 1, 1, 0, 0, 0, 0, 1, 1, 2, 1, 2, 0, 0, 0, 2, 1, 0, 1, 0, 1, 2, 1, 1, 1, 1, 1, 2, 0, 1, 2, 0, 0, 0, 1, 0, 1, 0, 0, 1, 0, 0, 0, 2, 0, 1, 0, 2, 0, 1, 1, 0, 0, 1, 0]|[4, 3, 2, 2, 0, 0, 2, 2, 2, 4, 1, 1, 2, 4, 4, 1, 1, 4, 2, 1, 1, 1, 1, 2, 1, 2, 1, 1, 1, 1, 3, 2, 3, 0, 4, 0, 1, 1, 0, 3, 2, 2, 4, 0, 1, 1, 3, 2, 0, 1, 2, 2, 1, 4, 0, 3, 2, 1, 1, 2, 1, 3, 1, 1, 2, 3, 0, 4, 3, 1, 4, 1, 1, 2, 4, 1, 2, 1, 1, 3, 2, 3, 1, 1, 1, 1, 1, 1, 1, 1, 3, 2, 1, 1, 4, 1, 2, 2, 3, 2]|[0, 2, 1, 1, 3, 3, 0, 1, 0, 0, 0, 0, 1, 0, 1, 0, 0, 3, 1, 0, 0, 0, 3, 1, 0, 2, 0, 0, 0, 1, 0, 0, 0, 0, 3, 0, 1, 0, 0, 2, 1, 1, 2, 0, 0, 0, 0, 1, 1, 0, 0, 0, 1, 3, 0, 0, 1, 0, 0, 1, 0, 2, 0, 1, 1, 2, 1, 0, 0, 1, 1, 3, 0, 1, 3, 0, 1, 0, 0, 2, 1, 0, 0, 0, 1, 0, 0, 0, 0, 0, 2, 1, 0, 1, 3, 1, 0, 0, 0, 0],843.7439659666079,57777.80974073964,86440.68470675517,false
59,G1_CMAX,G1_CMAX,[31, 22, 82, 15, 26, 99, 95, 42, 77, 12, 47, 5, 93, 78, 86, 54, 21, 63, 18, 44, 20, 35, 43, 97, 91, 76, 10, 30, 85, 45, 71, 64, 1, 23, 17, 83, 24, 14, 60, 36, 6, 57, 40, 88, 65, 56, 79, 94, 67, 68, 46, 75, 38, 9, 19, 32, 41, 81, 27, 87, 90, 58, 59, 11, 16, 72, 73, 70, 39, 37, 84, 3, 92, 25, 55, 48, 74, 29, 51, 7, 33, 61, 98, 28, 89, 50, 4, 96, 53, 80, 8, 66, 34, 49, 52, 0, 62, 69, 2, 13]|[1, 1, 0, 1, 1, 0, 1, 1, 2, 1, 2, 2, 2, 1, 1, 0, 0, 1, 0, 2, 2, 0, 1, 2, 0, 1, 2, 2, 0, 0, 1, 2, 1, 2, 1, 0, 2, 0, 1, 1, 0, 1, 1, 1, 0, 2, 1, 1, 0, 0, 0, 0, 1, 1, 2, 1, 0, 2, 0, 2, 1, 0, 1, 2, 1, 2, 1, 1, 1, 1, 1, 1, 0, 1, 2, 0, 2, 0, 0, 2, 2, 1, 2, 0, 1, 0, 1, 2, 0, 0, 1, 2, 2, 0, 1, 0, 1, 1, 0, 0]|[0, 3, 2, 2, 4, 1, 2, 3, 2, 4, 1, 1, 2, 4, 4, 1, 1, 4, 2, 1, 1, 1, 1, 2, 1, 2, 1, 1, 2, 1, 3, 2, 3, 1, 4, 0, 1, 1, 0, 3, 2, 2, 2, 0, 1, 1, 0, 4, 0, 1, 2, 2, 1, 4, 0, 3, 1, 1, 1, 1, 3, 1, 1, 1, 3, 0, 4, 3, 1, 4, 1, 1, 0, 4, 1, 1, 1, 1, 1, 1, 1, 3, 1, 2, 1, 1, 4, 1, 2, 1, 3, 1, 1, 1, 1, 2, 1, 4, 2, 2]|[0, 2, 1, 1, 3, 0, 1, 3, 0, 0, 0, 0, 1, 0, 1, 0, 0, 3, 1, 0, 0, 0, 3, 1, 0, 2, 0, 0, 0, 1, 0, 0, 0, 0, 3, 0, 1, 0, 0, 2, 1, 1, 1, 0, 0, 0, 0, 2, 1, 0, 0, 0, 1, 3, 0, 0, 0, 0, 0, 0, 2, 0, 1, 0, 2, 1, 0, 0, 1, 1, 3, 1, 1, 3, 0, 0, 0, 0, 0, 0, 0, 0, 0, 1, 1, 0, 0, 0, 1, 0, 2, 0, 0, 1, 1, 0, 1, 2, 0, 0],730.1276596856602,56815.01019440286,94351.50741240397,false
59,G4_BALANCED,G4_BALANCED,[20, 94, 82, 15, 26, 9, 95, 42, 77, 68, 47, 5, 93, 78, 86, 54, 85, 63, 18, 44, 31, 49, 36, 14, 74, 50, 53, 17, 21, 28, 11, 64, 3, 23, 30, 83, 24, 41, 40, 52, 65, 27, 90, 70, 39, 87, 48, 69, 99, 4, 46, 1, 13, 56, 97, 59, 45, 8, 73, 37, 35, 79, 71, 66, 76, 16, 60, 38, 58, 6, 67, 61, 33, 7, 57, 34, 12, 32, 10, 80, 96, 88, 43, 81, 91, 2, 84, 29, 92, 19, 51, 89, 25, 75, 98, 72, 55, 22, 62, 0]|[2, 1, 2, 1, 1, 2, 1, 1, 1, 1, 1, 0, 2, 2, 1, 2, 0, 0, 0, 2, 2, 1, 0, 2, 0, 2, 2, 1, 0, 1, 1, 1, 0, 0, 1, 0, 2, 1, 2, 2, 0, 0, 1, 1, 0, 2, 0, 2, 1, 0, 0, 2, 0, 2, 2, 0, 1, 1, 0, 0, 2, 1, 1, 2, 2, 2, 2, 0, 2, 1, 2, 1, 1, 2, 0, 1, 1, 0, 1, 0, 0, 1, 1, 1, 1, 0, 0, 1, 0, 1, 1, 1, 1, 2, 2, 1, 0, 2, 1, 0]|[1, 3, 0, 3, 4, 1, 4, 4, 4, 4, 3, 2, 1, 0, 2, 1, 1, 1, 2, 1, 1, 3, 0, 1, 0, 1, 1, 4, 1, 4, 3, 2, 2, 0, 4, 1, 1, 4, 1, 1, 2, 1, 4, 4, 1, 1, 0, 1, 3, 2, 2, 1, 2, 1, 1, 2, 4, 3, 0, 2, 1, 3, 3, 1, 1, 1, 1, 2, 1, 4, 1, 3, 4, 1, 2, 4, 3, 2, 3, 2, 2, 4, 4, 4, 3, 2, 2, 3, 2, 4, 3, 4, 4, 1, 1, 4, 2, 1, 3, 2]|[0, 2, 0, 0, 3, 0, 1, 3, 1, 0, 2, 0, 1, 0, 1, 0, 0, 0, 1, 0, 0, 2, 0, 0, 1, 0, 0, 3, 0, 1, 0, 2, 0, 0, 3, 0, 1, 1, 0, 0, 0, 0, 1, 3, 0, 0, 1, 0, 2, 0, 0, 0, 0, 0, 1, 0, 1, 0, 1, 1, 0, 2, 0, 0, 0, 0, 0, 0, 0, 2, 0, 0, 1, 0, 0, 1, 0, 0, 3, 0, 0, 1, 2, 2, 0, 0, 0, 3, 0, 1, 0, 1, 3, 0, 0, 1, 0, 0, 0, 0],910.6016522559228,48451.607743467364,106375.27517364854,false
59,G2_TEC,G4_BALANCED,[20, 94, 82, 15, 26, 9, 95, 42, 77, 68, 47, 5, 3, 78, 86, 54, 85, 63, 18, 44, 31, 49, 36, 14, 74, 50, 53, 17, 21, 28, 11, 64, 93, 23, 30, 83, 24, 41, 40, 52, 65, 27, 90, 70, 39, 87, 48, 69, 99, 4, 46, 1, 13, 56, 97, 59, 45, 8, 73, 37, 35, 79, 71, 66, 76, 32, 60, 80, 58, 6, 67, 61, 33, 7, 57, 34, 12, 16, 10, 22, 96, 88, 43, 81, 91, 2, 84, 29, 92, 19, 51, 89, 75, 25, 72, 38, 55, 98, 62, 0]|[2, 1, 2, 1, 1, 2, 1, 1, 1, 1, 1, 0, 2, 2, 1, 2, 0, 0, 0, 2, 2, 1, 0, 2, 0, 2, 2, 1, 0, 1, 1, 1, 0, 0, 1, 0, 2, 1, 2, 2, 0, 0, 1, 1, 0, 2, 0, 2, 1, 0, 0, 2, 0, 2, 2, 0, 1, 1, 0, 0, 2, 1, 1, 2, 2, 0, 2, 2, 2, 1, 2, 1, 1, 2, 0, 1, 1, 2, 1, 2, 0, 1, 1, 1, 1, 0, 0, 1, 0, 1, 1, 1, 0, 1, 1, 0, 0, 2, 1, 0]|[1, 3, 0, 3, 4, 1, 4, 4, 4, 4, 3, 2, 1, 0, 2, 1, 1, 1, 2, 1, 1, 3, 0, 1, 0, 1, 1, 4, 1, 4, 3, 2, 2, 0, 4, 1, 1, 4, 1, 1, 2, 1, 4, 4, 1, 1, 0, 1, 3, 2, 2, 1, 2, 1, 1, 2, 4, 3, 0, 2, 1, 3, 3, 1, 1, 2, 1, 1, 1, 4, 1, 3, 4, 1, 2, 4, 3, 1, 3, 1, 2, 4, 4, 4, 3, 2, 2, 3, 2, 4, 3, 4, 2, 4, 4, 2, 2, 1, 3, 2]|[0, 2, 0, 0, 3, 0, 1, 3, 1, 0, 2, 0, 1, 0, 1, 0, 0, 0, 1, 0, 0, 2, 0, 0, 1, 0, 0, 3, 0, 1, 0, 2, 0, 0, 3, 0, 1, 1, 0, 0, 0, 0, 1, 3, 0, 0, 1, 0, 2, 0, 0, 0, 0, 0, 1, 0, 1, 0, 1, 1, 0, 2, 0, 0, 0, 0, 0, 0, 0, 2, 0, 0, 1, 0, 0, 1, 0, 0, 3, 0, 0, 1, 2, 2, 0, 0, 0, 3, 0, 1, 0, 1, 0, 3, 1, 0, 0, 0, 0, 0],910.6016522559228,48373.278451535916,106491.20555259864,true
59,G3_TWC,G3_TWC,[31, 22, 42, 15, 26, 58, 95, 82, 77, 12, 47, 5, 93, 78, 98, 54, 85, 63, 18, 44, 20, 35, 43, 97, 91, 76, 10, 30, 21, 45, 71, 64, 1, 23, 17, 83, 24, 61, 60, 49, 6, 57, 94, 88, 65, 56, 79, 40, 67, 68, 46, 75, 0, 9, 19, 32, 81, 41, 27, 62, 87, 90, 99, 59, 53, 16, 72, 73, 70, 39, 37, 84, 3, 92, 25, 74, 28, 38, 51, 7, 11, 14, 86, 48, 89, 66, 50, 96, 33, 80, 8, 4, 34, 36, 55, 52, 13, 29, 69, 2]|[1, 1, 0, 1, 1, 1, 2, 1, 2, 1, 2, 2, 2, 1, 1, 0, 0, 1, 0, 2, 2, 0, 1, 2, 0, 1, 2, 2, 0, 0, 1, 2, 1, 0, 1, 0, 2, 0, 1, 1, 0, 1, 1, 1, 0, 2, 1, 1, 0, 0, 0, 0, 1, 1, 2, 1, 2, 0, 0, 0, 2, 1, 0, 1, 0, 1, 2, 1, 1, 1, 1, 1, 2, 0, 1, 2, 0, 0, 0, 1, 0, 1, 0, 0, 1, 0, 0, 0, 2, 0, 1, 0, 2, 0, 1, 1, 0, 0, 1, 0]|[4, 3, 2, 2, 0, 0, 2, 2, 2, 4, 1, 1, 2, 4, 4, 1, 1, 4, 2, 1, 1, 1, 1, 2, 1, 2, 1, 1, 1, 1, 3, 2, 3, 0, 4, 0, 1, 1, 0, 3, 2, 2, 4, 0, 1, 1, 3, 2, 0, 1, 2, 2, 1, 4, 0, 3, 2, 1, 1, 2, 1, 3, 1, 1, 2, 3, 0, 4, 3, 1, 4, 1, 1, 2, 4, 1, 2, 1, 1, 3, 2, 3, 1, 1, 1, 1, 1, 1, 1, 1, 3, 2, 1, 1, 4, 1, 2, 2, 3, 2]|[0, 2, 1, 1, 3, 3, 0, 1, 0, 0, 0, 0, 1, 0, 1, 0, 0, 3, 1, 0, 0, 0, 3, 1, 0, 2, 0, 0, 0, 1, 0, 0, 0, 0, 3, 0, 1, 0, 0, 2, 1, 1, 2, 0, 0, 0, 0, 1, 1, 0, 0, 0, 1, 3, 0, 0, 1, 0, 0, 1, 0, 2, 0, 1, 1, 2, 1, 0, 0, 1, 1, 3, 0, 1, 3, 0, 1, 0, 0, 2, 1, 0, 0, 0, 1, 0, 0, 0, 0, 0, 2, 1, 0, 1, 3, 1, 0, 0, 0, 0],843.7439659666079,57777.80974073964,86440.68470675517,false
59,G1_CMAX,G1_CMAX,[31, 22, 82, 15, 26, 99, 95, 42, 77, 12, 47, 5, 93, 78, 86, 54, 21, 63, 18, 44, 20, 35, 43, 97, 91, 76, 10, 30, 85, 45, 71, 64, 1, 23, 17, 83, 24, 14, 60, 36, 6, 57, 40, 88, 65, 56, 79, 94, 67, 68, 46, 75, 38, 9, 19, 32, 41, 81, 27, 87, 90, 58, 59, 11, 16, 72, 73, 70, 39, 37, 84, 3, 92, 25, 55, 48, 74, 29, 51, 7, 33, 61, 98, 28, 89, 50, 4, 96, 53, 80, 8, 66, 34, 49, 52, 0, 62, 69, 2, 13]|[1, 1, 0, 1, 1, 0, 1, 1, 2, 1, 2, 2, 2, 1, 1, 0, 0, 1, 0, 2, 2, 0, 1, 2, 0, 1, 2, 2, 0, 0, 1, 2, 1, 2, 1, 0, 2, 0, 1, 1, 0, 1, 1, 1, 0, 2, 1, 1, 0, 0, 0, 0, 1, 1, 2, 1, 0, 2, 0, 2, 1, 0, 1, 2, 1, 2, 1, 1, 1, 1, 1, 1, 0, 1, 2, 0, 2, 0, 0, 2, 2, 1, 2, 0, 1, 0, 1, 2, 0, 0, 1, 2, 2, 0, 1, 0, 1, 1, 0, 0]|[0, 3, 2, 2, 4, 1, 2, 3, 2, 4, 1, 1, 2, 4, 4, 1, 1, 4, 2, 1, 1, 1, 1, 2, 1, 2, 1, 1, 2, 1, 3, 2, 3, 1, 4, 0, 1, 1, 0, 3, 2, 2, 2, 0, 1, 1, 0, 4, 0, 1, 2, 2, 1, 4, 0, 3, 1, 1, 1, 1, 3, 1, 1, 1, 3, 0, 4, 3, 1, 4, 1, 1, 0, 4, 1, 1, 1, 1, 1, 1, 1, 3, 1, 2, 1, 1, 4, 1, 2, 1, 3, 1, 1, 1, 1, 2, 1, 4, 2, 2]|[0, 2, 1, 1, 3, 0, 1, 3, 0, 0, 0, 0, 1, 0, 1, 0, 0, 3, 1, 0, 0, 0, 3, 1, 0, 2, 0, 0, 0, 1, 0, 0, 0, 0, 3, 0, 1, 0, 0, 2, 1, 1, 1, 0, 0, 0, 0, 2, 1, 0, 0, 0, 1, 3, 0, 0, 0, 0, 0, 0, 2, 0, 1, 0, 2, 1, 0, 0, 1, 1, 3, 1, 1, 3, 0, 0, 0, 0, 0, 0, 0, 0, 0, 1, 1, 0, 0, 0, 1, 0, 2, 0, 0, 1, 1, 0, 1, 2, 0, 0],730.1276596856602,56815.01019440286,94351.50741240397,false
59,G4_BALANCED,G2_TEC,[31, 22, 82, 15, 26, 9, 95, 42, 77, 68, 47, 5, 93, 78, 86, 54, 85, 63, 18, 44, 20, 49, 36, 14, 74, 50, 53, 17, 21, 28, 11, 64, 3, 23, 30, 83, 24, 41, 40, 52, 65, 27, 90, 70, 39, 87, 48, 69, 99, 4, 75, 1, 13, 58, 97, 59, 45, 8, 73, 37, 35, 79, 71, 66, 76, 32, 60, 80, 56, 6, 67, 61, 33, 7, 57, 34, 12, 16, 10, 98, 96, 88, 43, 81, 91, 38, 84, 92, 29, 19, 51, 55, 46, 89, 2, 72, 94, 25, 62, 0]|[2, 1, 2, 1, 1, 0, 1, 1, 1, 1, 1, 0, 2, 2, 1, 2, 0, 0, 0, 2, 2, 1, 0, 2, 0, 2, 2, 1, 0, 1, 1, 1, 0, 0, 1, 0, 2, 1, 2, 2, 0, 0, 1, 1, 0, 2, 0, 2, 1, 0, 0, 2, 0, 2, 2, 0, 1, 1, 0, 0, 2, 1, 1, 2, 2, 0, 2, 2, 2, 1, 2, 1, 1, 2, 2, 1, 1, 2, 1, 2, 0, 1, 1, 1, 1, 0, 0, 0, 1, 1, 1, 0, 0, 1, 2, 1, 2, 1, 1, 0]|[0, 3, 0, 3, 4, 2, 4, 4, 2, 4, 3, 2, 1, 0, 2, 1, 1, 1, 2, 1, 1, 3, 0, 1, 0, 1, 1, 4, 1, 4, 3, 2, 2, 0, 4, 1, 1, 4, 1, 1, 2, 1, 4, 4, 1, 1, 0, 1, 3, 2, 2, 1, 2, 1, 1, 2, 4, 3, 0, 2, 2, 3, 3, 1, 1, 2, 1, 1, 1, 4, 1, 3, 4, 1, 2, 4, 3, 1, 3, 1, 2, 4, 4, 4, 3, 2, 2, 2, 3, 4, 3, 2, 2, 4, 1, 4, 1, 4, 3, 2]|[0, 2, 0, 0, 3, 0, 1, 3, 0, 0, 2, 0, 1, 0, 1, 0, 0, 0, 1, 0, 0, 2, 0, 0, 1, 0, 0, 3, 0, 1, 0, 2, 0, 0, 3, 0, 1, 1, 0, 0, 0, 0, 1, 3, 0, 0, 1, 0, 2, 0, 0, 0, 0, 0, 1, 0, 1, 0, 1, 1, 0, 2, 0, 0, 0, 0, 0, 0, 0, 2, 0, 0, 1, 0, 1, 1, 0, 0, 3, 0, 0, 1, 2, 2, 0, 0, 0, 0, 3, 1, 0, 0, 0, 1, 0, 1, 0, 3, 0, 0],870.0304869789887,49655.40903195209,102458.94298080857,true
59,G2_TEC,G4_BALANCED,[20, 94, 82, 15, 26, 9, 95, 42, 77, 68, 47, 5, 3, 78, 86, 54, 85, 63, 18, 44, 31, 49, 36, 14, 74, 50, 53, 17, 21, 28, 11, 64, 93, 23, 30, 83, 24, 41, 40, 52, 65, 27, 90, 70, 39, 87, 48, 69, 99, 4, 46, 1, 13, 56, 97, 59, 45, 8, 73, 37, 35, 79, 71, 66, 76, 32, 60, 80, 58, 6, 67, 61, 33, 7, 57, 34, 12, 16, 10, 22, 96, 88, 43, 81, 91, 2, 84, 29, 92, 19, 51, 89, 75, 25, 72, 38, 55, 98, 62, 0]|[2, 1, 2, 1, 1, 2, 1, 1, 1, 1, 1, 0, 2, 2, 1, 2, 0, 0, 0, 2, 2, 1, 0, 2, 0, 2, 2, 1, 0, 1, 1, 1, 0, 0, 1, 0, 2, 1, 2, 2, 0, 0, 1, 1, 0, 2, 0, 2, 1, 0, 0, 2, 0, 2, 2, 0, 1, 1, 0, 0, 2, 1, 1, 2, 2, 0, 2, 2, 2, 1, 2, 1, 1, 2, 0, 1, 1, 2, 1, 2, 0, 1, 1, 1, 1, 0, 0, 1, 0, 1, 1, 1, 0, 1, 1, 0, 0, 2, 1, 0]|[1, 3, 0, 3, 4, 1, 4, 4, 4, 4, 3, 2, 1, 0, 2, 1, 1, 1, 2, 1, 1, 3, 0, 1, 0, 1, 1, 4, 1, 4, 3, 2, 2, 0, 4, 1, 1, 4, 1, 1, 2, 1, 4, 4, 1, 1, 0, 1, 3, 2, 2, 1, 2, 1, 1, 2, 4, 3, 0, 2, 1, 3, 3, 1, 1, 2, 1, 1, 1, 4, 1, 3, 4, 1, 2, 4, 3, 1, 3, 1, 2, 4, 4, 4, 3, 2, 2, 3, 2, 4, 3, 4, 2, 4, 4, 2, 2, 1, 3, 2]|[0, 2, 0, 0, 3, 0, 1, 3, 1, 0, 2, 0, 1, 0, 1, 0, 0, 0, 1, 0, 0, 2, 0, 0, 1, 0, 0, 3, 0, 1, 0, 2, 0, 0, 3, 0, 1, 1, 0, 0, 0, 0, 1, 3, 0, 0, 1, 0, 2, 0, 0, 0, 0, 0, 1, 0, 1, 0, 1, 1, 0, 2, 0, 0, 0, 0, 0, 0, 0, 2, 0, 0, 1, 0, 0, 1, 0, 0, 3, 0, 0, 1, 2, 2, 0, 0, 0, 3, 0, 1, 0, 1, 0, 3, 1, 0, 0, 0, 0, 0],910.6016522559228,48373.278451535916,106491.20555259864,true
59,G3_TWC,G3_TWC,[31, 22, 42, 15, 26, 58, 95, 82, 77, 12, 47, 5, 93, 78, 98, 54, 85, 63, 18, 44, 20, 35, 43, 97, 91, 76, 10, 30, 21, 45, 71, 64, 1, 23, 17, 83, 24, 61, 60, 49, 6, 57, 94, 88, 65, 56, 79, 40, 67, 68, 46, 75, 0, 9, 19, 32, 81, 41, 27, 62, 87, 90, 99, 59, 53, 16, 72, 73, 70, 39, 37, 84, 3, 92, 25, 74, 28, 38, 51, 7, 11, 14, 86, 48, 89, 66, 50, 96, 33, 80, 8, 4, 34, 36, 55, 52, 13, 29, 69, 2]|[1, 1, 0, 1, 1, 1, 2, 1, 2, 1, 2, 2, 2, 1, 1, 0, 0, 1, 0, 2, 2, 0, 1, 2, 0, 1, 2, 2, 0, 0, 1, 2, 1, 0, 1, 0, 2, 0, 1, 1, 0, 1, 1, 1, 0, 2, 1, 1, 0, 0, 0, 0, 1, 1, 2, 1, 2, 0, 0, 0, 2, 1, 0, 1, 0, 1, 2, 1, 1, 1, 1, 1, 2, 0, 1, 2, 0, 0, 0, 1, 0, 1, 0, 0, 1, 0, 0, 0, 2, 0, 1, 0, 2, 0, 1, 1, 0, 0, 1, 0]|[4, 3, 2, 2, 0, 0, 2, 2, 2, 4, 1, 1, 2, 4, 4, 1, 1, 4, 2, 1, 1, 1, 1, 2, 1, 2, 1, 1, 1, 1, 3, 2, 3, 0, 4, 0, 1, 1, 0, 3, 2, 2, 4, 0, 1, 1, 3, 2, 0, 1, 2, 2, 1, 4, 0, 3, 2, 1, 1, 2, 1, 3, 1, 1, 2, 3, 0, 4, 3, 1, 4, 1, 1, 2, 4, 1, 2, 1, 1, 3, 2, 3, 1, 1, 1, 1, 1, 1, 1, 1, 3, 2, 1, 1, 4, 1, 2, 2, 3, 2]|[0, 2, 1, 1, 3, 3, 0, 1, 0, 0, 0, 0, 1, 0, 1, 0, 0, 3, 1, 0, 0, 0, 3, 1, 0, 2, 0, 0, 0, 1, 0, 0, 0, 0, 3, 0, 1, 0, 0, 2, 1, 1, 2, 0, 0, 0, 0, 1, 1, 0, 0, 0, 1, 3, 0, 0, 1, 0, 0, 1, 0, 2, 0, 1, 1, 2, 1, 0, 0, 1, 1, 3, 0, 1, 3, 0, 1, 0, 0, 2, 1, 0, 0, 0, 1, 0, 0, 0, 0, 0, 2, 1, 0, 1, 3, 1, 0, 0, 0, 0],843.7439659666079,57777.80974073964,86440.68470675517,false
59,G1_CMAX,G1_CMAX,[31, 22, 82, 15, 26, 99, 95, 42, 77, 12, 47, 5, 93, 78, 86, 54, 21, 63, 18, 44, 20, 35, 43, 97, 91, 76, 10, 30, 85, 45, 71, 64, 1, 23, 17, 83, 24, 14, 60, 36, 6, 57, 40, 88, 65, 56, 79, 94, 67, 68, 46, 75, 38, 9, 19, 32, 41, 81, 27, 87, 90, 58, 59, 11, 16, 72, 73, 70, 39, 37, 84, 3, 92, 25, 55, 48, 74, 29, 51, 7, 33, 61, 98, 28, 89, 50, 4, 96, 53, 80, 8, 66, 34, 49, 52, 0, 62, 69, 2, 13]|[1, 1, 0, 1, 1, 0, 1, 1, 2, 1, 2, 2, 2, 1, 1, 0, 0, 1, 0, 2, 2, 0, 1, 2, 0, 1, 2, 2, 0, 0, 1, 2, 1, 2, 1, 0, 2, 0, 1, 1, 0, 1, 1, 1, 0, 2, 1, 1, 0, 0, 0, 0, 1, 1, 2, 1, 0, 2, 0, 2, 1, 0, 1, 2, 1, 2, 1, 1, 1, 1, 1, 1, 0, 1, 2, 0, 2, 0, 0, 2, 2, 1, 2, 0, 1, 0, 1, 2, 0, 0, 1, 2, 2, 0, 1, 0, 1, 1, 0, 0]|[0, 3, 2, 2, 4, 1, 2, 3, 2, 4, 1, 1, 2, 4, 4, 1, 1, 4, 2, 1, 1, 1, 1, 2, 1, 2, 1, 1, 2, 1, 3, 2, 3, 1, 4, 0, 1, 1, 0, 3, 2, 2, 2, 0, 1, 1, 0, 4, 0, 1, 2, 2, 1, 4, 0, 3, 1, 1, 1, 1, 3, 1, 1, 1, 3, 0, 4, 3, 1, 4, 1, 1, 0, 4, 1, 1, 1, 1, 1, 1, 1, 3, 1, 2, 1, 1, 4, 1, 2, 1, 3, 1, 1, 1, 1, 2, 1, 4, 2, 2]|[0, 2, 1, 1, 3, 0, 1, 3, 0, 0, 0, 0, 1, 0, 1, 0, 0, 3, 1, 0, 0, 0, 3, 1, 0, 2, 0, 0, 0, 1, 0, 0, 0, 0, 3, 0, 1, 0, 0, 2, 1, 1, 1, 0, 0, 0, 0, 2, 1, 0, 0, 0, 1, 3, 0, 0, 0, 0, 0, 0, 2, 0, 1, 0, 2, 1, 0, 0, 1, 1, 3, 1, 1, 3, 0, 0, 0, 0, 0, 0, 0, 0, 0, 1, 1, 0, 0, 0, 1, 0, 2, 0, 0, 1, 1, 0, 1, 2, 0, 0],730.1276596856602,56815.01019440286,94351.50741240397,false
59,G4_BALANCED,G2_TEC,[20, 94, 82, 15, 26, 9, 95, 42, 77, 68, 47, 5, 3, 78, 86, 54, 85, 63, 18, 44, 31, 49, 36, 14, 74, 50, 53, 17, 21, 28, 11, 64, 93, 23, 30, 83, 24, 41, 40, 52, 65, 27, 90, 70, 39, 87, 48, 69, 99, 4, 46, 1, 13, 56, 97, 59, 45, 8, 73, 37, 35, 79, 71, 66, 76, 32, 60, 80, 58, 6, 67, 61, 33, 7, 57, 34, 12, 16, 10, 98, 96, 88, 43, 81, 91, 2, 84, 29, 38, 19, 51, 89, 92, 75, 25, 72, 55, 22, 62, 0]|[2, 1, 2, 1, 1, 2, 1, 1, 1, 1, 1, 0, 2, 2, 1, 2, 0, 0, 0, 2, 2, 1, 0, 2, 0, 2, 2, 1, 0, 1, 1, 1, 0, 0, 1, 0, 2, 1, 2, 2, 0, 0, 1, 1, 0, 2, 0, 2, 1, 0, 0, 2, 0, 2, 2, 0, 1, 1, 0, 0, 2, 1, 1, 2, 2, 0, 2, 2, 2, 1, 2, 1, 1, 2, 0, 1, 1, 2, 1, 2, 0, 1, 1, 1, 1, 0, 0, 1, 0, 1, 1, 1, 0, 0, 1, 1, 0, 2, 1, 0]|[1, 3, 0, 3, 4, 1, 4, 4, 4, 4, 3, 2, 1, 0, 2, 1, 1, 1, 2, 1, 1, 3, 0, 1, 0, 1, 1, 4, 1, 4, 3, 2, 2, 0, 4, 1, 1, 4, 1, 1, 2, 1, 4, 4, 1, 1, 0, 1, 3, 2, 2, 1, 2, 1, 1, 2, 4, 3, 0, 2, 1, 3, 3, 1, 1, 2, 1, 1, 1, 4, 1, 3, 4, 1, 2, 4, 3, 1, 3, 1, 2, 4, 4, 4, 3, 2, 2, 3, 2, 4, 3, 4, 2, 2, 4, 4, 2, 1, 3, 2]|[0, 2, 0, 0, 3, 0, 1, 3, 1, 0, 2, 0, 1, 0, 1, 0, 0, 0, 1, 0, 0, 2, 0, 0, 1, 0, 0, 3, 0, 1, 0, 2, 0, 0, 3, 0, 1, 1, 0, 0, 0, 0, 1, 3, 0, 0, 1, 0, 2, 0, 0, 0, 0, 0, 1, 0, 1, 0, 1, 1, 0, 2, 0, 0, 0, 0, 0, 0, 0, 2, 0, 0, 1, 0, 0, 1, 0, 0, 3, 0, 0, 1, 2, 2, 0, 0, 0, 3, 0, 1, 0, 1, 0, 0, 3, 1, 0, 0, 0, 0],910.6016522559228,48387.55128968654,106483.48355107133,true
59,G2_TEC,G4_BALANCED,[20, 94, 82, 15, 26, 9, 95, 42, 77, 68, 47, 5, 3, 78, 86, 54, 85, 63, 18, 44, 31, 49, 36, 14, 74, 50, 53, 17, 21, 28, 11, 64, 93, 23, 30, 83, 24, 41, 40, 52, 65, 27, 90, 70, 39, 87, 48, 69, 99, 4, 46, 1, 13, 56, 97, 59, 45, 8, 73, 37, 35, 79, 71, 66, 76, 32, 60, 80, 58, 6, 67, 61, 33, 7, 57, 34, 12, 16, 10, 22, 96, 88, 43, 81, 91, 2, 84, 29, 92, 19, 51, 89, 75, 25, 72, 38, 55, 98, 62, 0]|[2, 1, 2, 1, 1, 2, 1, 1, 1, 1, 1, 0, 2, 2, 1, 2, 0, 0, 0, 2, 2, 1, 0, 2, 0, 2, 2, 1, 0, 1, 1, 1, 0, 0, 1, 0, 2, 1, 2, 2, 0, 0, 1, 1, 0, 2, 0, 2, 1, 0, 0, 2, 0, 2, 2, 0, 1, 1, 0, 0, 2, 1, 1, 2, 2, 0, 2, 2, 2, 1, 2, 1, 1, 2, 0, 1, 1, 2, 1, 2, 0, 1, 1, 1, 1, 0, 0, 1, 0, 1, 1, 1, 0, 1, 1, 0, 0, 2, 1, 0]|[1, 3, 0, 3, 4, 1, 4, 4, 4, 4, 3, 2, 1, 0, 2, 1, 1, 1, 2, 1, 1, 3, 0, 1, 0, 1, 1, 4, 1, 4, 3, 2, 2, 0, 4, 1, 1, 4, 1, 1, 2, 1, 4, 4, 1, 1, 0, 1, 3, 2, 2, 1, 2, 1, 1, 2, 4, 3, 0, 2, 1, 3, 3, 1, 1, 2, 1, 1, 1, 4, 1, 3, 4, 1, 2, 4, 3, 1, 3, 1, 2, 4, 4, 4, 3, 2, 2, 3, 2, 4, 3, 4, 2, 4, 4, 2, 2, 1, 3, 2]|[0, 2, 0, 0, 3, 0, 1, 3, 1, 0, 2, 0, 1, 0, 1, 0, 0, 0, 1, 0, 0, 2, 0, 0, 1, 0, 0, 3, 0, 1, 0, 2, 0, 0, 3, 0, 1, 1, 0, 0, 0, 0, 1, 3, 0, 0, 1, 0, 2, 0, 0, 0, 0, 0, 1, 0, 1, 0, 1, 1, 0, 2, 0, 0, 0, 0, 0, 0, 0, 2, 0, 0, 1, 0, 0, 1, 0, 0, 3, 0, 0, 1, 2, 2, 0, 0, 0, 3, 0, 1, 0, 1, 0, 3, 1, 0, 0, 0, 0, 0],910.6016522559228,48373.278451535916,106491.20555259864,true
59,G3_TWC,G3_TWC,[31, 22, 42, 15, 26, 58, 95, 82, 77, 12, 47, 5, 93, 78, 98, 54, 85, 63, 18, 44, 20, 35, 43, 97, 91, 76, 10, 30, 21, 45, 71, 64, 1, 23, 17, 83, 24, 61, 60, 49, 6, 57, 94, 88, 65, 56, 79, 40, 67, 68, 46, 75, 0, 9, 19, 32, 81, 41, 27, 62, 87, 90, 99, 59, 53, 16, 72, 73, 70, 39, 37, 84, 3, 92, 25, 74, 28, 38, 51, 7, 11, 14, 86, 48, 89, 66, 50, 96, 33, 80, 8, 4, 34, 36, 55, 52, 13, 29, 69, 2]|[1, 1, 0, 1, 1, 1, 2, 1, 2, 1, 2, 2, 2, 1, 1, 0, 0, 1, 0, 2, 2, 0, 1, 2, 0, 1, 2, 2, 0, 0, 1, 2, 1, 0, 1, 0, 2, 0, 1, 1, 0, 1, 1, 1, 0, 2, 1, 1, 0, 0, 0, 0, 1, 1, 2, 1, 2, 0, 0, 0, 2, 1, 0, 1, 0, 1, 2, 1, 1, 1, 1, 1, 2, 0, 1, 2, 0, 0, 0, 1, 0, 1, 0, 0, 1, 0, 0, 0, 2, 0, 1, 0, 2, 0, 1, 1, 0, 0, 1, 0]|[4, 3, 2, 2, 0, 0, 2, 2, 2, 4, 1, 1, 2, 4, 4, 1, 1, 4, 2, 1, 1, 1, 1, 2, 1, 2, 1, 1, 1, 1, 3, 2, 3, 0, 4, 0, 1, 1, 0, 3, 2, 2, 4, 0, 1, 1, 3, 2, 0, 1, 2, 2, 1, 4, 0, 3, 2, 1, 1, 2, 1, 3, 1, 1, 2, 3, 0, 4, 3, 1, 4, 1, 1, 2, 4, 1, 2, 1, 1, 3, 2, 3, 1, 1, 1, 1, 1, 1, 1, 1, 3, 2, 1, 1, 4, 1, 2, 2, 3, 2]|[0, 2, 1, 1, 3, 3, 0, 1, 0, 0, 0, 0, 1, 0, 1, 0, 0, 3, 1, 0, 0, 0, 3, 1, 0, 2, 0, 0, 0, 1, 0, 0, 0, 0, 3, 0, 1, 0, 0, 2, 1, 1, 2, 0, 0, 0, 0, 1, 1, 0, 0, 0, 1, 3, 0, 0, 1, 0, 0, 1, 0, 2, 0, 1, 1, 2, 1, 0, 0, 1, 1, 3, 0, 1, 3, 0, 1, 0, 0, 2, 1, 0, 0, 0, 1, 0, 0, 0, 0, 0, 2, 1, 0, 1, 3, 1, 0, 0, 0, 0],843.7439659666079,57777.80974073964,86440.68470675517,false
59,G1_CMAX,G1_CMAX,[31, 22, 82, 15, 26, 99, 95, 42, 77, 12, 47, 5, 93, 78, 86, 54, 21, 63, 18, 44, 20, 35, 43, 97, 91, 76, 10, 30, 85, 45, 71, 64, 1, 23, 17, 83, 24, 14, 60, 36, 6, 57, 40, 88, 65, 56, 79, 94, 67, 68, 46, 75, 38, 9, 19, 32, 41, 81, 27, 87, 90, 58, 59, 11, 16, 72, 73, 70, 39, 37, 84, 3, 92, 25, 55, 48, 74, 29, 51, 7, 33, 61, 98, 28, 89, 50, 4, 96, 53, 80, 8, 66, 34, 49, 52, 0, 62, 69, 2, 13]|[1, 1, 0, 1, 1, 0, 1, 1, 2, 1, 2, 2, 2, 1, 1, 0, 0, 1, 0, 2, 2, 0, 1, 2, 0, 1, 2, 2, 0, 0, 1, 2, 1, 2, 1, 0, 2, 0, 1, 1, 0, 1, 1, 1, 0, 2, 1, 1, 0, 0, 0, 0, 1, 1, 2, 1, 0, 2, 0, 2, 1, 0, 1, 2, 1, 2, 1, 1, 1, 1, 1, 1, 0, 1, 2, 0, 2, 0, 0, 2, 2, 1, 2, 0, 1, 0, 1, 2, 0, 0, 1, 2, 2, 0, 1, 0, 1, 1, 0, 0]|[0, 3, 2, 2, 4, 1, 2, 3, 2, 4, 1, 1, 2, 4, 4, 1, 1, 4, 2, 1, 1, 1, 1, 2, 1, 2, 1, 1, 2, 1, 3, 2, 3, 1, 4, 0, 1, 1, 0, 3, 2, 2, 2, 0, 1, 1, 0, 4, 0, 1, 2, 2, 1, 4, 0, 3, 1, 1, 1, 1, 3, 1, 1, 1, 3, 0, 4, 3, 1, 4, 1, 1, 0, 4, 1, 1, 1, 1, 1, 1, 1, 3, 1, 2, 1, 1, 4, 1, 2, 1, 3, 1, 1, 1, 1, 2, 1, 4, 2, 2]|[0, 2, 1, 1, 3, 0, 1, 3, 0, 0, 0, 0, 1, 0, 1, 0, 0, 3, 1, 0, 0, 0, 3, 1, 0, 2, 0, 0, 0, 1, 0, 0, 0, 0, 3, 0, 1, 0, 0, 2, 1, 1, 1, 0, 0, 0, 0, 2, 1, 0, 0, 0, 1, 3, 0, 0, 0, 0, 0, 0, 2, 0, 1, 0, 2, 1, 0, 0, 1, 1, 3, 1, 1, 3, 0, 0, 0, 0, 0, 0, 0, 0, 0, 1, 1, 0, 0, 0, 1, 0, 2, 0, 0, 1, 1, 0, 1, 2, 0, 0],730.1276596856602,56815.01019440286,94351.50741240397,false
59,G4_BALANCED,G2_TEC,[20, 94, 82, 15, 26, 9, 95, 42, 77, 68, 47, 5, 3, 78, 86, 54, 85, 63, 18, 44, 31, 49, 36, 14, 74, 50, 53, 17, 21, 28, 11, 64, 93, 23, 30, 83, 24, 41, 40, 52, 65, 27, 90, 70, 39, 87, 48, 69, 99, 4, 46, 1, 13, 56, 97, 59, 45, 8, 73, 37, 35, 79, 71, 66, 76, 32, 60, 80, 58, 6, 67, 61, 33, 7, 57, 34, 12, 16, 10, 98, 96, 88, 43, 81, 91, 2, 84, 29, 38, 19, 51, 89, 92, 75, 25, 72, 55, 22, 62, 0]|[2, 1, 2, 1, 1, 2, 1, 1, 1, 1, 1, 0, 2, 2, 1, 2, 0, 0, 0, 2, 2, 1, 0, 2, 0, 2, 2, 1, 0, 1, 1, 1, 0, 0, 1, 0, 2, 1, 2, 2, 0, 0, 1, 1, 0, 2, 0, 2, 1, 0, 0, 2, 0, 2, 2, 0, 1, 1, 0, 0, 2, 1, 1, 2, 2, 0, 2, 2, 2, 1, 2, 1, 1, 2, 0, 1, 1, 2, 1, 2, 0, 1, 1, 1, 1, 0, 0, 1, 0, 1, 1, 1, 0, 0, 1, 1, 0, 2, 1, 0]|[1, 3, 0, 3, 4, 1, 4, 4, 4, 4, 3, 2, 1, 0, 2, 1, 1, 1, 2, 1, 1, 3, 0, 1, 0, 1, 1, 4, 1, 4, 3, 2, 2, 0, 4, 1, 1, 4, 1, 1, 2, 1, 4, 4, 1, 1, 0, 1, 3, 2, 2, 1, 2, 1, 1, 2, 4, 3, 0, 2, 1, 3, 3, 1, 1, 2, 1, 1, 1, 4, 1, 3, 4, 1, 2, 4, 3, 1, 3, 1, 2, 4, 4, 4, 3, 2, 2, 3, 2, 4, 3, 4, 2, 2, 4, 4, 2, 1, 3, 2]|[0, 2, 0, 0, 3, 0, 1, 3, 1, 0, 2, 0, 1, 0, 1, 0, 0, 0, 1, 0, 0, 2, 0, 0, 1, 0, 0, 3, 0, 1, 0, 2, 0, 0, 3, 0, 1, 1, 0, 0, 0, 0, 1, 3, 0, 0, 1, 0, 2, 0, 0, 0, 0, 0, 1, 0, 1, 0, 1, 1, 0, 2, 0, 0, 0, 0, 0, 0, 0, 2, 0, 0, 1, 0, 0, 1, 0, 0, 3, 0, 0, 1, 2, 2, 0, 0, 0, 3, 0, 1, 0, 1, 0, 0, 3, 1, 0, 0, 0, 0],910.6016522559228,48387.55128968654,106483.48355107133,true
59,G2_TEC,G4_BALANCED,[20, 94, 82, 15, 26, 9, 95, 42, 77, 68, 47, 5, 3, 78, 86, 54, 85, 63, 18, 44, 31, 49, 36, 14, 74, 50, 53, 17, 21, 28, 11, 64, 93, 23, 30, 83, 24, 41, 40, 52, 65, 27, 90, 70, 39, 87, 48, 69, 99, 4, 46, 1, 13, 56, 97, 59, 45, 8, 73, 37, 35, 79, 71, 66, 76, 32, 60, 80, 58, 6, 67, 61, 33, 7, 57, 34, 12, 16, 10, 22, 96, 88, 43, 81, 91, 2, 84, 29, 92, 19, 51, 89, 75, 25, 72, 38, 55, 98, 62, 0]|[2, 1, 2, 1, 1, 2, 1, 1, 1, 1, 1, 0, 2, 2, 1, 2, 0, 0, 0, 2, 2, 1, 0, 2, 0, 2, 2, 1, 0, 1, 1, 1, 0, 0, 1, 0, 2, 1, 2, 2, 0, 0, 1, 1, 0, 2, 0, 2, 1, 0, 0, 2, 0, 2, 2, 0, 1, 1, 0, 0, 2, 1, 1, 2, 2, 0, 2, 2, 2, 1, 2, 1, 1, 2, 0, 1, 1, 2, 1, 2, 0, 1, 1, 1, 1, 0, 0, 1, 0, 1, 1, 1, 0, 1, 1, 0, 0, 2, 1, 0]|[1, 3, 0, 3, 4, 1, 4, 4, 4, 4, 3, 2, 1, 0, 2, 1, 1, 1, 2, 1, 1, 3, 0, 1, 0, 1, 1, 4, 1, 4, 3, 2, 2, 0, 4, 1, 1, 4, 1, 1, 2, 1, 4, 4, 1, 1, 0, 1, 3, 2, 2, 1, 2, 1, 1, 2, 4, 3, 0, 2, 1, 3, 3, 1, 1, 2, 1, 1, 1, 4, 1, 3, 4, 1, 2, 4, 3, 1, 3, 1, 2, 4, 4, 4, 3, 2, 2, 3, 2, 4, 3, 4, 2, 4, 4, 2, 2, 1, 3, 2]|[0, 2, 0, 0, 3, 0, 1, 3, 1, 0, 2, 0, 1, 0, 1, 0, 0, 0, 1, 0, 0, 2, 0, 0, 1, 0, 0, 3, 0, 1, 0, 2, 0, 0, 3, 0, 1, 1, 0, 0, 0, 0, 1, 3, 0, 0, 1, 0, 2, 0, 0, 0, 0, 0, 1, 0, 1, 0, 1, 1, 0, 2, 0, 0, 0, 0, 0, 0, 0, 2, 0, 0, 1, 0, 0, 1, 0, 0, 3, 0, 0, 1, 2, 2, 0, 0, 0, 3, 0, 1, 0, 1, 0, 3, 1, 0, 0, 0, 0, 0],910.6016522559228,48373.278451535916,106491.20555259864,true
59,G3_TWC,G3_TWC,[31, 22, 42, 15, 26, 58, 95, 82, 77, 12, 47, 5, 93, 78, 98, 54, 85, 63, 18, 44, 20, 35, 43, 97, 91, 76, 10, 30, 21, 45, 71, 64, 1, 23, 17, 83, 24, 61, 60, 49, 6, 57, 94, 88, 65, 56, 79, 40, 67, 68, 46, 75, 0, 9, 19, 32, 81, 41, 27, 62, 87, 90, 99, 59, 53, 16, 72, 73, 70, 39, 37, 84, 3, 92, 25, 74, 28, 38, 51, 7, 11, 14, 86, 48, 89, 66, 50, 96, 33, 80, 8, 4, 34, 36, 55, 52, 13, 29, 69, 2]|[1, 1, 0, 1, 1, 1, 2, 1, 2, 1, 2, 2, 2, 1, 1, 0, 0, 1, 0, 2, 2, 0, 1, 2, 0, 1, 2, 2, 0, 0, 1, 2, 1, 0, 1, 0, 2, 0, 1, 1, 0, 1, 1, 1, 0, 2, 1, 1, 0, 0, 0, 0, 1, 1, 2, 1, 2, 0, 0, 0, 2, 1, 0, 1, 0, 1, 2, 1, 1, 1, 1, 1, 2, 0, 1, 2, 0, 0, 0, 1, 0, 1, 0, 0, 1, 0, 0, 0, 2, 0, 1, 0, 2, 0, 1, 1, 0, 0, 1, 0]|[4, 3, 2, 2, 0, 0, 2, 2, 2, 4, 1, 1, 2, 4, 4, 1, 1, 4, 2, 1, 1, 1, 1, 2, 1, 2, 1, 1, 1, 1, 3, 2, 3, 0, 4, 0, 1, 1, 0, 3, 2, 2, 4, 0, 1, 1, 3, 2, 0, 1, 2, 2, 1, 4, 0, 3, 2, 1, 1, 2, 1, 3, 1, 1, 2, 3, 0, 4, 3, 1, 4, 1, 1, 2, 4, 1, 2, 1, 1, 3, 2, 3, 1, 1, 1, 1, 1, 1, 1, 1, 3, 2, 1, 1, 4, 1, 2, 2, 3, 2]|[0, 2, 1, 1, 3, 3, 0, 1, 0, 0, 0, 0, 1, 0, 1, 0, 0, 3, 1, 0, 0, 0, 3, 1, 0, 2, 0, 0, 0, 1, 0, 0, 0, 0, 3, 0, 1, 0, 0, 2, 1, 1, 2, 0, 0, 0, 0, 1, 1, 0, 0, 0, 1, 3, 0, 0, 1, 0, 0, 1, 0, 2, 0, 1, 1, 2, 1, 0, 0, 1, 1, 3, 0, 1, 3, 0, 1, 0, 0, 2, 1, 0, 0, 0, 1, 0, 0, 0, 0, 0, 2, 1, 0, 1, 3, 1, 0, 0, 0, 0],843.7439659666079,57777.80974073964,86440.68470675517,false
59,G1_CMAX,G1_CMAX,[31, 22, 82, 15, 26, 99, 95, 42, 77, 12, 47, 5, 93, 78, 86, 54, 21, 63, 18, 44, 20, 35, 43, 97, 91, 76, 10, 30, 85, 45, 71, 64, 1, 23, 17, 83, 24, 14, 60, 36, 6, 57, 40, 88, 65, 56, 79, 94, 67, 68, 46, 75, 38, 9, 19, 32, 41, 81, 27, 87, 90, 58, 59, 11, 16, 72, 73, 70, 39, 37, 84, 3, 92, 25, 55, 48, 74, 29, 51, 7, 33, 61, 98, 28, 89, 50, 4, 96, 53, 80, 8, 66, 34, 49, 52, 0, 62, 69, 2, 13]|[1, 1, 0, 1, 1, 0, 1, 1, 2, 1, 2, 2, 2, 1, 1, 0, 0, 1, 0, 2, 2, 0, 1, 2, 0, 1, 2, 2, 0, 0, 1, 2, 1, 2, 1, 0, 2, 0, 1, 1, 0, 1, 1, 1, 0, 2, 1, 1, 0, 0, 0, 0, 1, 1, 2, 1, 0, 2, 0, 2, 1, 0, 1, 2, 1, 2, 1, 1, 1, 1, 1, 1, 0, 1, 2, 0, 2, 0, 0, 2, 2, 1, 2, 0, 1, 0, 1, 2, 0, 0, 1, 2, 2, 0, 1, 0, 1, 1, 0, 0]|[0, 3, 2, 2, 4, 1, 2, 3, 2, 4, 1, 1, 2, 4, 4, 1, 1, 4, 2, 1, 1, 1, 1, 2, 1, 2, 1, 1, 2, 1, 3, 2, 3, 1, 4, 0, 1, 1, 0, 3, 2, 2, 2, 0, 1, 1, 0, 4, 0, 1, 2, 2, 1, 4, 0, 3, 1, 1, 1, 1, 3, 1, 1, 1, 3, 0, 4, 3, 1, 4, 1, 1, 0, 4, 1, 1, 1, 1, 1, 1, 1, 3, 1, 2, 1, 1, 4, 1, 2, 1, 3, 1, 1, 1, 1, 2, 1, 4, 2, 2]|[0, 2, 1, 1, 3, 0, 1, 3, 0, 0, 0, 0, 1, 0, 1, 0, 0, 3, 1, 0, 0, 0, 3, 1, 0, 2, 0, 0, 0, 1, 0, 0, 0, 0, 3, 0, 1, 0, 0, 2, 1, 1, 1, 0, 0, 0, 0, 2, 1, 0, 0, 0, 1, 3, 0, 0, 0, 0, 0, 0, 2, 0, 1, 0, 2, 1, 0, 0, 1, 1, 3, 1, 1, 3, 0, 0, 0, 0, 0, 0, 0, 0, 0, 1, 1, 0, 0, 0, 1, 0, 2, 0, 0, 1, 1, 0, 1, 2, 0, 0],730.1276596856602,56815.01019440286,94351.50741240397,false
59,G4_BALANCED,G2_TEC,[20, 94, 82, 15, 26, 9, 95, 42, 77, 68, 47, 5, 3, 78, 86, 54, 85, 63, 18, 44, 31, 49, 36, 14, 74, 50, 53, 17, 21, 28, 11, 64, 93, 23, 30, 83, 24, 41, 40, 52, 65, 27, 90, 70, 39, 87, 48, 69, 99, 4, 46, 1, 13, 56, 97, 59, 45, 8, 73, 37, 35, 79, 71, 66, 76, 32, 60, 80, 58, 6, 67, 61, 33, 7, 57, 34, 12, 16, 10, 98, 96, 88, 43, 81, 91, 2, 84, 29, 38, 19, 51, 89, 92, 75, 25, 72, 55, 22, 62, 0]|[2, 1, 2, 1, 1, 2, 1, 1, 1, 1, 1, 0, 2, 2, 1, 2, 0, 0, 0, 2, 2, 1, 0, 2, 0, 2, 2, 1, 0, 1, 1, 1, 0, 0, 1, 0, 2, 1, 2, 2, 0, 0, 1, 1, 0, 2, 0, 2, 1, 0, 0, 2, 0, 2, 2, 0, 1, 1, 0, 0, 2, 1, 1, 2, 2, 0, 2, 2, 2, 1, 2, 1, 1, 2, 0, 1, 1, 2, 1, 2, 0, 1, 1, 1, 1, 0, 0, 1, 0, 1, 1, 1, 0, 0, 1, 1, 0, 2, 1, 0]|[1, 3, 0, 3, 4, 1, 4, 4, 4, 4, 3, 2, 1, 0, 2, 1, 1, 1, 2, 1, 1, 3, 0, 1, 0, 1, 1, 4, 1, 4, 3, 2, 2, 0, 4, 1, 1, 4, 1, 1, 2, 1, 4, 4, 1, 1, 0, 1, 3, 2, 2, 1, 2, 1, 1, 2, 4, 3, 0, 2, 1, 3, 3, 1, 1, 2, 1, 1, 1, 4, 1, 3, 4, 1, 2, 4, 3, 1, 3, 1, 2, 4, 4, 4, 3, 2, 2, 3, 2, 4, 3, 4, 2, 2, 4, 4, 2, 1, 3, 2]|[0, 2, 0, 0, 3, 0, 1, 3, 1, 0, 2, 0, 1, 0, 1, 0, 0, 0, 1, 0, 0, 2, 0, 0, 1, 0, 0, 3, 0, 1, 0, 2, 0, 0, 3, 0, 1, 1, 0, 0, 0, 0, 1, 3, 0, 0, 1, 0, 2, 0, 0, 0, 0, 0, 1, 0, 1, 0, 1, 1, 0, 2, 0, 0, 0, 0, 0, 0, 0, 2, 0, 0, 1, 0, 0, 1, 0, 0, 3, 0, 0, 1, 2, 2, 0, 0, 0, 3, 0, 1, 0, 1, 0, 0, 3, 1, 0, 0, 0, 0],910.6016522559228,48387.55128968654,106483.48355107133,true
59,G2_TEC,G4_BALANCED,[20, 94, 82, 15, 26, 9, 95, 42, 77, 68, 47, 5, 3, 78, 86, 54, 85, 63, 18, 44, 31, 49, 36, 14, 74, 50, 53, 17, 21, 28, 11, 64, 93, 23, 30, 83, 24, 41, 40, 52, 65, 27, 90, 70, 39, 87, 48, 69, 99, 4, 46, 1, 13, 56, 97, 59, 45, 8, 73, 37, 35, 79, 71, 66, 76, 32, 60, 80, 58, 6, 67, 61, 33, 7, 57, 34, 12, 16, 10, 22, 96, 88, 43, 81, 91, 2, 84, 29, 92, 19, 51, 89, 75, 25, 72, 38, 55, 98, 62, 0]|[2, 1, 2, 1, 1, 2, 1, 1, 1, 1, 1, 0, 2, 2, 1, 2, 0, 0, 0, 2, 2, 1, 0, 2, 0, 2, 2, 1, 0, 1, 1, 1, 0, 0, 1, 0, 2, 1, 2, 2, 0, 0, 1, 1, 0, 2, 0, 2, 1, 0, 0, 2, 0, 2, 2, 0, 1, 1, 0, 0, 2, 1, 1, 2, 2, 0, 2, 2, 2, 1, 2, 1, 1, 2, 0, 1, 1, 2, 1, 2, 0, 1, 1, 1, 1, 0, 0, 1, 0, 1, 1, 1, 0, 1, 1, 0, 0, 2, 1, 0]|[1, 3, 0, 3, 4, 1, 4, 4, 4, 4, 3, 2, 1, 0, 2, 1, 1, 1, 2, 1, 1, 3, 0, 1, 0, 1, 1, 4, 1, 4, 3, 2, 2, 0, 4, 1, 1, 4, 1, 1, 2, 1, 4, 4, 1, 1, 0, 1, 3, 2, 2, 1, 2, 1, 1, 2, 4, 3, 0, 2, 1, 3, 3, 1, 1, 2, 1, 1, 1, 4, 1, 3, 4, 1, 2, 4, 3, 1, 3, 1, 2, 4, 4, 4, 3, 2, 2, 3, 2, 4, 3, 4, 2, 4, 4, 2, 2, 1, 3, 2]|[0, 2, 0, 0, 3, 0, 1, 3, 1, 0, 2, 0, 1, 0, 1, 0, 0, 0, 1, 0, 0, 2, 0, 0, 1, 0, 0, 3, 0, 1, 0, 2, 0, 0, 3, 0, 1, 1, 0, 0, 0, 0, 1, 3, 0, 0, 1, 0, 2, 0, 0, 0, 0, 0, 1, 0, 1, 0, 1, 1, 0, 2, 0, 0, 0, 0, 0, 0, 0, 2, 0, 0, 1, 0, 0, 1, 0, 0, 3, 0, 0, 1, 2, 2, 0, 0, 0, 3, 0, 1, 0, 1, 0, 3, 1, 0, 0, 0, 0, 0],910.6016522559228,48373.278451535916,106491.20555259864,true
59,G3_TWC,G3_TWC,[31, 22, 42, 15, 26, 58, 95, 82, 77, 12, 47, 5, 93, 78, 98, 54, 85, 63, 18, 44, 20, 35, 43, 97, 91, 76, 10, 30, 21, 45, 71, 64, 1, 23, 17, 83, 24, 61, 60, 49, 6, 57, 94, 88, 65, 56, 79, 40, 67, 68, 46, 75, 0, 9, 19, 32, 81, 41, 27, 62, 87, 90, 99, 59, 53, 16, 72, 73, 70, 39, 37, 84, 3, 92, 25, 74, 28, 38, 51, 7, 11, 14, 86, 48, 89, 66, 50, 96, 33, 80, 8, 4, 34, 36, 55, 52, 13, 29, 69, 2]|[1, 1, 0, 1, 1, 1, 2, 1, 2, 1, 2, 2, 2, 1, 1, 0, 0, 1, 0, 2, 2, 0, 1, 2, 0, 1, 2, 2, 0, 0, 1, 2, 1, 0, 1, 0, 2, 0, 1, 1, 0, 1, 1, 1, 0, 2, 1, 1, 0, 0, 0, 0, 1, 1, 2, 1, 2, 0, 0, 0, 2, 1, 0, 1, 0, 1, 2, 1, 1, 1, 1, 1, 2, 0, 1, 2, 0, 0, 0, 1, 0, 1, 0, 0, 1, 0, 0, 0, 2, 0, 1, 0, 2, 0, 1, 1, 0, 0, 1, 0]|[4, 3, 2, 2, 0, 0, 2, 2, 2, 4, 1, 1, 2, 4, 4, 1, 1, 4, 2, 1, 1, 1, 1, 2, 1, 2, 1, 1, 1, 1, 3, 2, 3, 0, 4, 0, 1, 1, 0, 3, 2, 2, 4, 0, 1, 1, 3, 2, 0, 1, 2, 2, 1, 4, 0, 3, 2, 1, 1, 2, 1, 3, 1, 1, 2, 3, 0, 4, 3, 1, 4, 1, 1, 2, 4, 1, 2, 1, 1, 3, 2, 3, 1, 1, 1, 1, 1, 1, 1, 1, 3, 2, 1, 1, 4, 1, 2, 2, 3, 2]|[0, 2, 1, 1, 3, 3, 0, 1, 0, 0, 0, 0, 1, 0, 1, 0, 0, 3, 1, 0, 0, 0, 3, 1, 0, 2, 0, 0, 0, 1, 0, 0, 0, 0, 3, 0, 1, 0, 0, 2, 1, 1, 2, 0, 0, 0, 0, 1, 1, 0, 0, 0, 1, 3, 0, 0, 1, 0, 0, 1, 0, 2, 0, 1, 1, 2, 1, 0, 0, 1, 1, 3, 0, 1, 3, 0, 1, 0, 0, 2, 1, 0, 0, 0, 1, 0, 0, 0, 0, 0, 2, 1, 0, 1, 3, 1, 0, 0, 0, 0],843.7439659666079,57777.80974073964,86440.68470675517,false
59,G1_CMAX,G1_CMAX,[31, 22, 82, 15, 26, 99, 95, 42, 77, 12, 47, 5, 93, 78, 86, 54, 21, 63, 18, 44, 20, 35, 43, 97, 91, 76, 10, 30, 85, 45, 71, 64, 1, 23, 17, 83, 24, 14, 60, 36, 6, 57, 40, 88, 65, 56, 79, 94, 67, 68, 46, 75, 38, 9, 19, 32, 41, 81, 27, 87, 90, 58, 59, 11, 16, 72, 73, 70, 39, 37, 84, 3, 92, 25, 55, 48, 74, 29, 51, 7, 33, 61, 98, 28, 89, 50, 4, 96, 53, 80, 8, 66, 34, 49, 52, 0, 62, 69, 2, 13]|[1, 1, 0, 1, 1, 0, 1, 1, 2, 1, 2, 2, 2, 1, 1, 0, 0, 1, 0, 2, 2, 0, 1, 2, 0, 1, 2, 2, 0, 0, 1, 2, 1, 2, 1, 0, 2, 0, 1, 1, 0, 1, 1, 1, 0, 2, 1, 1, 0, 0, 0, 0, 1, 1, 2, 1, 0, 2, 0, 2, 1, 0, 1, 2, 1, 2, 1, 1, 1, 1, 1, 1, 0, 1, 2, 0, 2, 0, 0, 2, 2, 1, 2, 0, 1, 0, 1, 2, 0, 0, 1, 2, 2, 0, 1, 0, 1, 1, 0, 0]|[0, 3, 2, 2, 4, 1, 2, 3, 2, 4, 1, 1, 2, 4, 4, 1, 1, 4, 2, 1, 1, 1, 1, 2, 1, 2, 1, 1, 2, 1, 3, 2, 3, 1, 4, 0, 1, 1, 0, 3, 2, 2, 2, 0, 1, 1, 0, 4, 0, 1, 2, 2, 1, 4, 0, 3, 1, 1, 1, 1, 3, 1, 1, 1, 3, 0, 4, 3, 1, 4, 1, 1, 0, 4, 1, 1, 1, 1, 1, 1, 1, 3, 1, 2, 1, 1, 4, 1, 2, 1, 3, 1, 1, 1, 1, 2, 1, 4, 2, 2]|[0, 2, 1, 1, 3, 0, 1, 3, 0, 0, 0, 0, 1, 0, 1, 0, 0, 3, 1, 0, 0, 0, 3, 1, 0, 2, 0, 0, 0, 1, 0, 0, 0, 0, 3, 0, 1, 0, 0, 2, 1, 1, 1, 0, 0, 0, 0, 2, 1, 0, 0, 0, 1, 3, 0, 0, 0, 0, 0, 0, 2, 0, 1, 0, 2, 1, 0, 0, 1, 1, 3, 1, 1, 3, 0, 0, 0, 0, 0, 0, 0, 0, 0, 1, 1, 0, 0, 0, 1, 0, 2, 0, 0, 1, 1, 0, 1, 2, 0, 0],730.1276596856602,56815.01019440286,94351.50741240397,false
59,G4_BALANCED,G2_TEC,[20, 94, 82, 15, 26, 9, 95, 42, 77, 68, 47, 5, 3, 78, 86, 54, 85, 63, 18, 44, 31, 49, 36, 14, 74, 50, 53, 17, 21, 28, 11, 64, 93, 23, 30, 83, 24, 41, 40, 52, 65, 27, 90, 70, 39, 87, 48, 69, 99, 4, 46, 1, 13, 56, 97, 59, 45, 8, 73, 37, 35, 79, 71, 66, 76, 32, 60, 80, 58, 6, 67, 61, 33, 7, 57, 34, 12, 16, 10, 98, 96, 88, 43, 81, 91, 2, 84, 29, 38, 19, 51, 89, 92, 75, 25, 72, 55, 22, 62, 0]|[2, 1, 2, 1, 1, 2, 1, 1, 1, 1, 1, 0, 2, 2, 1, 2, 0, 0, 0, 2, 2, 1, 0, 2, 0, 2, 2, 1, 0, 1, 1, 1, 0, 0, 1, 0, 2, 1, 2, 2, 0, 0, 1, 1, 0, 2, 0, 2, 1, 0, 0, 2, 0, 2, 2, 0, 1, 1, 0, 0, 2, 1, 1, 2, 2, 0, 2, 2, 2, 1, 2, 1, 1, 2, 0, 1, 1, 2, 1, 2, 0, 1, 1, 1, 1, 0, 0, 1, 0, 1, 1, 1, 0, 0, 1, 1, 0, 2, 1, 0]|[1, 3, 0, 3, 4, 1, 4, 4, 4, 4, 3, 2, 1, 0, 2, 1, 1, 1, 2, 1, 1, 3, 0, 1, 0, 1, 1, 4, 1, 4, 3, 2, 2, 0, 4, 1, 1, 4, 1, 1, 2, 1, 4, 4, 1, 1, 0, 1, 3, 2, 2, 1, 2, 1, 1, 2, 4, 3, 0, 2, 1, 3, 3, 1, 1, 2, 1, 1, 1, 4, 1, 3, 4, 1, 2, 4, 3, 1, 3, 1, 2, 4, 4, 4, 3, 2, 2, 3, 2, 4, 3, 4, 2, 2, 4, 4, 2, 1, 3, 2]|[0, 2, 0, 0, 3, 0, 1, 3, 1, 0, 2, 0, 1, 0, 1, 0, 0, 0, 1, 0, 0, 2, 0, 0, 1, 0, 0, 3, 0, 1, 0, 2, 0, 0, 3, 0, 1, 1, 0, 0, 0, 0, 1, 3, 0, 0, 1, 0, 2, 0, 0, 0, 0, 0, 1, 0, 1, 0, 1, 1, 0, 2, 0, 0, 0, 0, 0, 0, 0, 2, 0, 0, 1, 0, 0, 1, 0, 0, 3, 0, 0, 1, 2, 2, 0, 0, 0, 3, 0, 1, 0, 1, 0, 0, 3, 1, 0, 0, 0, 0],910.6016522559228,48387.55128968654,106483.48355107133,true
59,G2_TEC,G4_BALANCED,[20, 94, 82, 15, 26, 9, 95, 42, 77, 68, 47, 5, 3, 78, 86, 54, 85, 63, 18, 44, 31, 49, 36, 14, 74, 50, 53, 17, 21, 28, 11, 64, 93, 23, 30, 83, 24, 41, 40, 52, 65, 27, 90, 70, 39, 87, 48, 69, 99, 4, 46, 1, 13, 56, 97, 59, 45, 8, 73, 37, 35, 79, 71, 66, 76, 32, 60, 80, 58, 6, 67, 61, 33, 7, 57, 34, 12, 16, 10, 22, 96, 88, 43, 81, 91, 2, 84, 29, 92, 19, 51, 89, 75, 25, 72, 38, 55, 98, 62, 0]|[2, 1, 2, 1, 1, 2, 1, 1, 1, 1, 1, 0, 2, 2, 1, 2, 0, 0, 0, 2, 2, 1, 0, 2, 0, 2, 2, 1, 0, 1, 1, 1, 0, 0, 1, 0, 2, 1, 2, 2, 0, 0, 1, 1, 0, 2, 0, 2, 1, 0, 0, 2, 0, 2, 2, 0, 1, 1, 0, 0, 2, 1, 1, 2, 2, 0, 2, 2, 2, 1, 2, 1, 1, 2, 0, 1, 1, 2, 1, 2, 0, 1, 1, 1, 1, 0, 0, 1, 0, 1, 1, 1, 0, 1, 1, 0, 0, 2, 1, 0]|[1, 3, 0, 3, 4, 1, 4, 4, 4, 4, 3, 2, 1, 0, 2, 1, 1, 1, 2, 1, 1, 3, 0, 1, 0, 1, 1, 4, 1, 4, 3, 2, 2, 0, 4, 1, 1, 4, 1, 1, 2, 1, 4, 4, 1, 1, 0, 1, 3, 2, 2, 1, 2, 1, 1, 2, 4, 3, 0, 2, 1, 3, 3, 1, 1, 2, 1, 1, 1, 4, 1, 3, 4, 1, 2, 4, 3, 1, 3, 1, 2, 4, 4, 4, 3, 2, 2, 3, 2, 4, 3, 4, 2, 4, 4, 2, 2, 1, 3, 2]|[0, 2, 0, 0, 3, 0, 1, 3, 1, 0, 2, 0, 1, 0, 1, 0, 0, 0, 1, 0, 0, 2, 0, 0, 1, 0, 0, 3, 0, 1, 0, 2, 0, 0, 3, 0, 1, 1, 0, 0, 0, 0, 1, 3, 0, 0, 1, 0, 2, 0, 0, 0, 0, 0, 1, 0, 1, 0, 1, 1, 0, 2, 0, 0, 0, 0, 0, 0, 0, 2, 0, 0, 1, 0, 0, 1, 0, 0, 3, 0, 0, 1, 2, 2, 0, 0, 0, 3, 0, 1, 0, 1, 0, 3, 1, 0, 0, 0, 0, 0],910.6016522559228,48373.278451535916,106491.20555259864,true
59,G3_TWC,G3_TWC,[31, 22, 42, 15, 26, 58, 95, 82, 77, 12, 47, 5, 93, 78, 98, 54, 85, 63, 18, 44, 20, 35, 43, 97, 91, 76, 10, 30, 21, 45, 71, 64, 1, 23, 17, 83, 24, 61, 60, 49, 6, 57, 94, 88, 65, 56, 79, 40, 67, 68, 46, 75, 0, 9, 19, 32, 81, 41, 27, 62, 87, 90, 99, 59, 53, 16, 72, 73, 70, 39, 37, 84, 3, 92, 25, 74, 28, 38, 51, 7, 11, 14, 86, 48, 89, 66, 50, 96, 33, 80, 8, 4, 34, 36, 55, 52, 13, 29, 69, 2]|[1, 1, 0, 1, 1, 1, 2, 1, 2, 1, 2, 2, 2, 1, 1, 0, 0, 1, 0, 2, 2, 0, 1, 2, 0, 1, 2, 2, 0, 0, 1, 2, 1, 0, 1, 0, 2, 0, 1, 1, 0, 1, 1, 1, 0, 2, 1, 1, 0, 0, 0, 0, 1, 1, 2, 1, 2, 0, 0, 0, 2, 1, 0, 1, 0, 1, 2, 1, 1, 1, 1, 1, 2, 0, 1, 2, 0, 0, 0, 1, 0, 1, 0, 0, 1, 0, 0, 0, 2, 0, 1, 0, 2, 0, 1, 1, 0, 0, 1, 0]|[4, 3, 2, 2, 0, 0, 2, 2, 2, 4, 1, 1, 2, 4, 4, 1, 1, 4, 2, 1, 1, 1, 1, 2, 1, 2, 1, 1, 1, 1, 3, 2, 3, 0, 4, 0, 1, 1, 0, 3, 2, 2, 4, 0, 1, 1, 3, 2, 0, 1, 2, 2, 1, 4, 0, 3, 2, 1, 1, 2, 1, 3, 1, 1, 2, 3, 0, 4, 3, 1, 4, 1, 1, 2, 4, 1, 2, 1, 1, 3, 2, 3, 1, 1, 1, 1, 1, 1, 1, 1, 3, 2, 1, 1, 4, 1, 2, 2, 3, 2]|[0, 2, 1, 1, 3, 3, 0, 1, 0, 0, 0, 0, 1, 0, 1, 0, 0, 3, 1, 0, 0, 0, 3, 1, 0, 2, 0, 0, 0, 1, 0, 0, 0, 0, 3, 0, 1, 0, 0, 2, 1, 1, 2, 0, 0, 0, 0, 1, 1, 0, 0, 0, 1, 3, 0, 0, 1, 0, 0, 1, 0, 2, 0, 1, 1, 2, 1, 0, 0, 1, 1, 3, 0, 1, 3, 0, 1, 0, 0, 2, 1, 0, 0, 0, 1, 0, 0, 0, 0, 0, 2, 1, 0, 1, 3, 1, 0, 0, 0, 0],843.7439659666079,57777.80974073964,86440.68470675517,false
59,G1_CMAX,G1_CMAX,[31, 22, 82, 15, 26, 99, 95, 42, 77, 12, 47, 5, 93, 78, 86, 54, 21, 63, 18, 44, 20, 35, 43, 97, 91, 76, 10, 30, 85, 45, 71, 64, 1, 23, 17, 83, 24, 14, 60, 36, 6, 57, 40, 88, 65, 56, 79, 94, 67, 68, 46, 75, 38, 9, 19, 32, 41, 81, 27, 87, 90, 58, 59, 11, 16, 72, 73, 70, 39, 37, 84, 3, 92, 25, 55, 48, 74, 29, 51, 7, 33, 61, 98, 28, 89, 50, 4, 96, 53, 80, 8, 66, 34, 49, 52, 0, 62, 69, 2, 13]|[1, 1, 0, 1, 1, 0, 1, 1, 2, 1, 2, 2, 2, 1, 1, 0, 0, 1, 0, 2, 2, 0, 1, 2, 0, 1, 2, 2, 0, 0, 1, 2, 1, 2, 1, 0, 2, 0, 1, 1, 0, 1, 1, 1, 0, 2, 1, 1, 0, 0, 0, 0, 1, 1, 2, 1, 0, 2, 0, 2, 1, 0, 1, 2, 1, 2, 1, 1, 1, 1, 1, 1, 0, 1, 2, 0, 2, 0, 0, 2, 2, 1, 2, 0, 1, 0, 1, 2, 0, 0, 1, 2, 2, 0, 1, 0, 1, 1, 0, 0]|[0, 3, 2, 2, 4, 1, 2, 3, 2, 4, 1, 1, 2, 4, 4, 1, 1, 4, 2, 1, 1, 1, 1, 2, 1, 2, 1, 1, 2, 1, 3, 2, 3, 1, 4, 0, 1, 1, 0, 3, 2, 2, 2, 0, 1, 1, 0, 4, 0, 1, 2, 2, 1, 4, 0, 3, 1, 1, 1, 1, 3, 1, 1, 1, 3, 0, 4, 3, 1, 4, 1, 1, 0, 4, 1, 1, 1, 1, 1, 1, 1, 3, 1, 2, 1, 1, 4, 1, 2, 1, 3, 1, 1, 1, 1, 2, 1, 4, 2, 2]|[0, 2, 1, 1, 3, 0, 1, 3, 0, 0, 0, 0, 1, 0, 1, 0, 0, 3, 1, 0, 0, 0, 3, 1, 0, 2, 0, 0, 0, 1, 0, 0, 0, 0, 3, 0, 1, 0, 0, 2, 1, 1, 1, 0, 0, 0, 0, 2, 1, 0, 0, 0, 1, 3, 0, 0, 0, 0, 0, 0, 2, 0, 1, 0, 2, 1, 0, 0, 1, 1, 3, 1, 1, 3, 0, 0, 0, 0, 0, 0, 0, 0, 0, 1, 1, 0, 0, 0, 1, 0, 2, 0, 0, 1, 1, 0, 1, 2, 0, 0],730.1276596856602,56815.01019440286,94351.50741240397,false
59,G4_BALANCED,G4_BALANCED,[31, 22, 42, 15, 26, 58, 95, 82, 77, 12, 47, 5, 93, 78, 98, 54, 85, 63, 18, 44, 20, 35, 43, 97, 91, 76, 10, 30, 21, 45, 71, 64, 1, 23, 17, 83, 24, 61, 60, 49, 6, 57, 94, 88, 65, 56, 79, 40, 67, 68, 46, 75, 38, 9, 19, 32, 81, 41, 27, 62, 87, 90, 99, 59, 11, 16, 72, 73, 70, 39, 37, 84, 3, 92, 25, 74, 28, 48, 51, 7, 53, 14, 86, 29, 89, 66, 50, 96, 33, 80, 8, 4, 34, 55, 0, 52, 13, 2, 69, 36]|[1, 1, 0, 1, 1, 1, 2, 1, 2, 1, 2, 2, 2, 1, 1, 0, 0, 1, 0, 2, 2, 0, 1, 2, 0, 1, 2, 2, 0, 0, 1, 2, 1, 0, 1, 0, 2, 0, 1, 1, 0, 1, 1, 1, 0, 2, 1, 1, 0, 0, 0, 0, 1, 1, 2, 1, 2, 0, 0, 0, 2, 1, 0, 1, 2, 1, 2, 1, 1, 1, 1, 1, 2, 0, 1, 2, 0, 0, 0, 1, 2, 1, 0, 0, 1, 0, 0, 0, 2, 0, 1, 0, 2, 1, 0, 1, 0, 0, 1, 0]|[4, 3, 2, 2, 0, 0, 2, 2, 2, 4, 1, 1, 2, 4, 4, 1, 1, 4, 2, 1, 1, 1, 1, 2, 1, 2, 1, 1, 1, 1, 3, 2, 3, 0, 4, 0, 1, 1, 0, 3, 2, 2, 4, 0, 1, 1, 3, 2, 0, 1, 2, 2, 1, 4, 1, 3, 2, 1, 1, 2, 1, 3, 1, 1, 1, 3, 1, 4, 3, 1, 4, 1, 1, 2, 4, 1, 2, 1, 1, 3, 1, 3, 1, 2, 1, 1, 1, 1, 1, 1, 3, 2, 1, 4, 2, 1, 2, 2, 3, 1]|[0, 2, 1, 1, 3, 3, 0, 1, 0, 0, 0, 0, 1, 0, 1, 0, 0, 3, 1, 0, 0, 0, 3, 1, 0, 2, 0, 0, 0, 1, 0, 0, 0, 0, 3, 0, 1, 0, 0, 2, 1, 1, 2, 0, 0, 0, 0, 1, 1, 0, 0, 0, 1, 3, 0, 0, 1, 0, 0, 1, 0, 2, 0, 1, 0, 2, 0, 0, 0, 1, 1, 3, 0, 1, 3, 0, 1, 0, 0, 2, 0, 0, 0, 0, 1, 0, 0, 0, 0, 0, 2, 1, 0, 3, 0, 1, 0, 0, 0, 1],831.3411925032382,56367.52576377035,89055.35200895615,false
59,G2_TEC,G4_BALANCED,[20, 94, 82, 15, 26, 9, 95, 42, 77, 68, 47, 5, 3, 78, 86, 54, 85, 63, 18, 44, 31, 49, 36, 14, 74, 50, 53, 17, 21, 28, 11, 64, 93, 23, 30, 83, 24, 41, 40, 52, 65, 27, 90, 70, 39, 87, 48, 69, 99, 4, 46, 1, 13, 56, 97, 59, 45, 8, 73, 37, 35, 79, 71, 66, 76, 32, 60, 80, 58, 6, 67, 61, 33, 7, 57, 34, 12, 16, 10, 22, 96, 88, 43, 81, 91, 2, 84, 29, 92, 19, 51, 89, 75, 25, 72, 38, 55, 98, 62, 0]|[2, 1, 2, 1, 1, 2, 1, 1, 1, 1, 1, 0, 2, 2, 1, 2, 0, 0, 0, 2, 2, 1, 0, 2, 0, 2, 2, 1, 0, 1, 1, 1, 0, 0, 1, 0, 2, 1, 2, 2, 0, 0, 1, 1, 0, 2, 0, 2, 1, 0, 0, 2, 0, 2, 2, 0, 1, 1, 0, 0, 2, 1, 1, 2, 2, 0, 2, 2, 2, 1, 2, 1, 1, 2, 0, 1, 1, 2, 1, 2, 0, 1, 1, 1, 1, 0, 0, 1, 0, 1, 1, 1, 0, 1, 1, 0, 0, 2, 1, 0]|[1, 3, 0, 3, 4, 1, 4, 4, 4, 4, 3, 2, 1, 0, 2, 1, 1, 1, 2, 1, 1, 3, 0, 1, 0, 1, 1, 4, 1, 4, 3, 2, 2, 0, 4, 1, 1, 4, 1, 1, 2, 1, 4, 4, 1, 1, 0, 1, 3, 2, 2, 1, 2, 1, 1, 2, 4, 3, 0, 2, 1, 3, 3, 1, 1, 2, 1, 1, 1, 4, 1, 3, 4, 1, 2, 4, 3, 1, 3, 1, 2, 4, 4, 4, 3, 2, 2, 3, 2, 4, 3, 4, 2, 4, 4, 2, 2, 1, 3, 2]|[0, 2, 0, 0, 3, 0, 1, 3, 1, 0, 2, 0, 1, 0, 1, 0, 0, 0, 1, 0, 0, 2, 0, 0, 1, 0, 0, 3, 0, 1, 0, 2, 0, 0, 3, 0, 1, 1, 0, 0, 0, 0, 1, 3, 0, 0, 1, 0, 2, 0, 0, 0, 0, 0, 1, 0, 1, 0, 1, 1, 0, 2, 0, 0, 0, 0, 0, 0, 0, 2, 0, 0, 1, 0, 0, 1, 0, 0, 3, 0, 0, 1, 2, 2, 0, 0, 0, 3, 0, 1, 0, 1, 0, 3, 1, 0, 0, 0, 0, 0],910.6016522559228,48373.278451535916,106491.20555259864,true
59,G3_TWC,G3_TWC,[31, 22, 42, 15, 26, 58, 95, 82, 77, 12, 47, 5, 93, 78, 98, 54, 85, 63, 18, 44, 20, 35, 43, 97, 91, 76, 10, 30, 21, 45, 71, 64, 1, 23, 17, 83, 24, 61, 60, 49, 6, 57, 94, 88, 65, 56, 79, 40, 67, 68, 46, 75, 0, 9, 19, 32, 81, 41, 27, 62, 87, 90, 99, 59, 53, 16, 72, 73, 70, 39, 37, 84, 3, 92, 25, 74, 28, 38, 51, 7, 11, 14, 86, 48, 89, 66, 50, 96, 33, 80, 8, 4, 34, 36, 55, 52, 13, 29, 69, 2]|[1, 1, 0, 1, 1, 1, 2, 1, 2, 1, 2, 2, 2, 1, 1, 0, 0, 1, 0, 2, 2, 0, 1, 2, 0, 1, 2, 2, 0, 0, 1, 2, 1, 0, 1, 0, 2, 0, 1, 1, 0, 1, 1, 1, 0, 2, 1, 1, 0, 0, 0, 0, 1, 1, 2, 1, 2, 0, 0, 0, 2, 1, 0, 1, 0, 1, 2, 1, 1, 1, 1, 1, 2, 0, 1, 2, 0, 0, 0, 1, 0, 1, 0, 0, 1, 0, 0, 0, 2, 0, 1, 0, 2, 0, 1, 1, 0, 0, 1, 0]|[4, 3, 2, 2, 0, 0, 2, 2, 2, 4, 1, 1, 2, 4, 4, 1, 1, 4, 2, 1, 1, 1, 1, 2, 1, 2, 1, 1, 1, 1, 3, 2, 3, 0, 4, 0, 1, 1, 0, 3, 2, 2, 4, 0, 1, 1, 3, 2, 0, 1, 2, 2, 1, 4, 0, 3, 2, 1, 1, 2, 1, 3, 1, 1, 2, 3, 0, 4, 3, 1, 4, 1, 1, 2, 4, 1, 2, 1, 1, 3, 2, 3, 1, 1, 1, 1, 1, 1, 1, 1, 3, 2, 1, 1, 4, 1, 2, 2, 3, 2]|[0, 2, 1, 1, 3, 3, 0, 1, 0, 0, 0, 0, 1, 0, 1, 0, 0, 3, 1, 0, 0, 0, 3, 1, 0, 2, 0, 0, 0, 1, 0, 0, 0, 0, 3, 0, 1, 0, 0, 2, 1, 1, 2, 0, 0, 0, 0, 1, 1, 0, 0, 0, 1, 3, 0, 0, 1, 0, 0, 1, 0, 2, 0, 1, 1, 2, 1, 0, 0, 1, 1, 3, 0, 1, 3, 0, 1, 0, 0, 2, 1, 0, 0, 0, 1, 0, 0, 0, 0, 0, 2, 1, 0, 1, 3, 1, 0, 0, 0, 0],843.7439659666079,57777.80974073964,86440.68470675517,false
59,G1_CMAX,G1_CMAX,[31, 22, 82, 15, 26, 99, 95, 42, 77, 12, 47, 5, 93, 78, 86, 54, 21, 63, 18, 44, 20, 35, 43, 97, 91, 76, 10, 30, 85, 45, 71, 64, 1, 23, 17, 83, 24, 14, 60, 36, 6, 57, 40, 88, 65, 56, 79, 94, 67, 68, 46, 75, 38, 9, 19, 32, 41, 81, 27, 87, 90, 58, 59, 11, 16, 72, 73, 70, 39, 37, 84, 3, 92, 25, 55, 48, 74, 29, 51, 7, 33, 61, 98, 28, 89, 50, 4, 96, 53, 80, 8, 66, 34, 49, 52, 0, 62, 69, 2, 13]|[1, 1, 0, 1, 1, 0, 1, 1, 2, 1, 2, 2, 2, 1, 1, 0, 0, 1, 0, 2, 2, 0, 1, 2, 0, 1, 2, 2, 0, 0, 1, 2, 1, 2, 1, 0, 2, 0, 1, 1, 0, 1, 1, 1, 0, 2, 1, 1, 0, 0, 0, 0, 1, 1, 2, 1, 0, 2, 0, 2, 1, 0, 1, 2, 1, 2, 1, 1, 1, 1, 1, 1, 0, 1, 2, 0, 2, 0, 0, 2, 2, 1, 2, 0, 1, 0, 1, 2, 0, 0, 1, 2, 2, 0, 1, 0, 1, 1, 0, 0]|[0, 3, 2, 2, 4, 1, 2, 3, 2, 4, 1, 1, 2, 4, 4, 1, 1, 4, 2, 1, 1, 1, 1, 2, 1, 2, 1, 1, 2, 1, 3, 2, 3, 1, 4, 0, 1, 1, 0, 3, 2, 2, 2, 0, 1, 1, 0, 4, 0, 1, 2, 2, 1, 4, 0, 3, 1, 1, 1, 1, 3, 1, 1, 1, 3, 0, 4, 3, 1, 4, 1, 1, 0, 4, 1, 1, 1, 1, 1, 1, 1, 3, 1, 2, 1, 1, 4, 1, 2, 1, 3, 1, 1, 1, 1, 2, 1, 4, 2, 2]|[0, 2, 1, 1, 3, 0, 1, 3, 0, 0, 0, 0, 1, 0, 1, 0, 0, 3, 1, 0, 0, 0, 3, 1, 0, 2, 0, 0, 0, 1, 0, 0, 0, 0, 3, 0, 1, 0, 0, 2, 1, 1, 1, 0, 0, 0, 0, 2, 1, 0, 0, 0, 1, 3, 0, 0, 0, 0, 0, 0, 2, 0, 1, 0, 2, 1, 0, 0, 1, 1, 3, 1, 1, 3, 0, 0, 0, 0, 0, 0, 0, 0, 0, 1, 1, 0, 0, 0, 1, 0, 2, 0, 0, 1, 1, 0, 1, 2, 0, 0],730.1276596856602,56815.01019440286,94351.50741240397,false
59,G4_BALANCED,G3_TWC,[31, 22, 42, 15, 26, 58, 95, 82, 77, 12, 47, 5, 93, 78, 98, 54, 85, 63, 18, 44, 20, 35, 43, 92, 91, 76, 10, 30, 21, 45, 71, 64, 1, 23, 17, 83, 24, 61, 60, 49, 6, 57, 94, 88, 65, 56, 79, 40, 67, 68, 46, 75, 38, 9, 19, 32, 81, 41, 27, 62, 87, 90, 99, 59, 11, 16, 72, 73, 70, 39, 37, 84, 3, 97, 25, 74, 28, 29, 51, 7, 53, 14, 86, 48, 89, 66, 50, 96, 33, 80, 8, 4, 34, 55, 0, 52, 13, 2, 69, 36]|[1, 1, 0, 1, 1, 1, 2, 1, 2, 1, 2, 2, 2, 1, 1, 0, 0, 1, 0, 2, 2, 0, 1, 2, 0, 1, 2, 2, 0, 0, 1, 2, 1, 0, 1, 0, 2, 0, 1, 1, 0, 1, 1, 1, 0, 2, 1, 1, 0, 0, 0, 0, 1, 1, 2, 1, 2, 0, 0, 0, 2, 1, 0, 1, 0, 1, 2, 1, 1, 1, 1, 1, 2, 0, 1, 2, 0, 0, 0, 1, 0, 1, 0, 0, 1, 0, 0, 0, 2, 0, 1, 0, 2, 1, 0, 1, 0, 0, 1, 0]|[4, 3, 2, 2, 0, 0, 2, 2, 2, 4, 1, 1, 2, 4, 4, 1, 1, 4, 2, 1, 1, 1, 1, 2, 1, 2, 1, 1, 1, 1, 3, 2, 3, 0, 4, 0, 1, 1, 0, 3, 2, 2, 4, 0, 1, 1, 3, 2, 0, 1, 2, 2, 1, 4, 0, 3, 2, 1, 1, 2, 1, 3, 1, 1, 2, 3, 0, 4, 3, 1, 4, 1, 1, 2, 4, 1, 2, 1, 1, 3, 2, 3, 1, 1, 1, 1, 1, 1, 1, 1, 3, 2, 1, 4, 2, 1, 2, 2, 3, 1]|[0, 2, 1, 1, 3, 3, 0, 1, 0, 0, 0, 0, 1, 0, 1, 0, 0, 3, 1, 0, 0, 0, 3, 1, 0, 2, 0, 0, 0, 1, 0, 0, 0, 0, 3, 0, 1, 0, 0, 2, 1, 1, 2, 0, 0, 0, 0, 1, 1, 0, 0, 0, 1, 3, 0, 0, 1, 0, 0, 1, 0, 2, 0, 1, 1, 2, 1, 0, 0, 1, 1, 3, 0, 1, 3, 0, 1, 0, 0, 2, 1, 0, 0, 0, 1, 0, 0, 0, 0, 0, 2, 1, 0, 3, 0, 1, 0, 0, 0, 1],837.7391679539111,57886.674290409544,86081.43964872902,true
59,G2_TEC,G4_BALANCED,[20, 94, 82, 15, 26, 9, 95, 42, 77, 68, 47, 5, 3, 78, 86, 54, 85, 63, 18, 44, 31, 49, 36, 14, 74, 50, 53, 17, 21, 28, 11, 64, 93, 23, 30, 83, 24, 41, 40, 52, 65, 27, 90, 70, 39, 87, 48, 69, 99, 4, 46, 1, 13, 56, 97, 59, 45, 8, 73, 37, 35, 79, 71, 66, 76, 32, 60, 80, 58, 6, 67, 61, 33, 7, 57, 34, 12, 16, 10, 22, 96, 88, 43, 81, 91, 2, 84, 29, 92, 19, 51, 89, 75, 25, 72, 38, 55, 98, 62, 0]|[2, 1, 2, 1, 1, 2, 1, 1, 1, 1, 1, 0, 2, 2, 1, 2, 0, 0, 0, 2, 2, 1, 0, 2, 0, 2, 2, 1, 0, 1, 1, 1, 0, 0, 1, 0, 2, 1, 2, 2, 0, 0, 1, 1, 0, 2, 0, 2, 1, 0, 0, 2, 0, 2, 2, 0, 1, 1, 0, 0, 2, 1, 1, 2, 2, 0, 2, 2, 2, 1, 2, 1, 1, 2, 0, 1, 1, 2, 1, 2, 0, 1, 1, 1, 1, 0, 0, 1, 0, 1, 1, 1, 0, 1, 1, 0, 0, 2, 1, 0]|[1, 3, 0, 3, 4, 1, 4, 4, 4, 4, 3, 2, 1, 0, 2, 1, 1, 1, 2, 1, 1, 3, 0, 1, 0, 1, 1, 4, 1, 4, 3, 2, 2, 0, 4, 1, 1, 4, 1, 1, 2, 1, 4, 4, 1, 1, 0, 1, 3, 2, 2, 1, 2, 1, 1, 2, 4, 3, 0, 2, 1, 3, 3, 1, 1, 2, 1, 1, 1, 4, 1, 3, 4, 1, 2, 4, 3, 1, 3, 1, 2, 4, 4, 4, 3, 2, 2, 3, 2, 4, 3, 4, 2, 4, 4, 2, 2, 1, 3, 2]|[0, 2, 0, 0, 3, 0, 1, 3, 1, 0, 2, 0, 1, 0, 1, 0, 0, 0, 1, 0, 0, 2, 0, 0, 1, 0, 0, 3, 0, 1, 0, 2, 0, 0, 3, 0, 1, 1, 0, 0, 0, 0, 1, 3, 0, 0, 1, 0, 2, 0, 0, 0, 0, 0, 1, 0, 1, 0, 1, 1, 0, 2, 0, 0, 0, 0, 0, 0, 0, 2, 0, 0, 1, 0, 0, 1, 0, 0, 3, 0, 0, 1, 2, 2, 0, 0, 0, 3, 0, 1, 0, 1, 0, 3, 1, 0, 0, 0, 0, 0],910.6016522559228,48373.278451535916,106491.20555259864,true
59,G3_TWC,G3_TWC,[31, 22, 42, 15, 26, 58, 95, 82, 77, 12, 47, 5, 93, 78, 98, 54, 85, 63, 18, 44, 20, 35, 43, 97, 91, 76, 10, 30, 21, 45, 71, 64, 1, 23, 17, 83, 24, 61, 60, 49, 6, 57, 94, 88, 65, 56, 79, 40, 67, 68, 46, 75, 0, 9, 19, 32, 81, 41, 27, 62, 87, 90, 99, 59, 53, 16, 72, 73, 70, 39, 37, 84, 3, 92, 25, 74, 28, 38, 51, 7, 11, 14, 86, 48, 89, 66, 50, 96, 33, 80, 8, 4, 34, 36, 55, 52, 13, 29, 69, 2]|[1, 1, 0, 1, 1, 1, 2, 1, 2, 1, 2, 2, 2, 1, 1, 0, 0, 1, 0, 2, 2, 0, 1, 2, 0, 1, 2, 2, 0, 0, 1, 2, 1, 0, 1, 0, 2, 0, 1, 1, 0, 1, 1, 1, 0, 2, 1, 1, 0, 0, 0, 0, 1, 1, 2, 1, 2, 0, 0, 0, 2, 1, 0, 1, 0, 1, 2, 1, 1, 1, 1, 1, 2, 0, 1, 2, 0, 0, 0, 1, 0, 1, 0, 0, 1, 0, 0, 0, 2, 0, 1, 0, 2, 0, 1, 1, 0, 0, 1, 0]|[4, 3, 2, 2, 0, 0, 2, 2, 2, 4, 1, 1, 2, 4, 4, 1, 1, 4, 2, 1, 1, 1, 1, 2, 1, 2, 1, 1, 1, 1, 3, 2, 3, 0, 4, 0, 1, 1, 0, 3, 2, 2, 4, 0, 1, 1, 3, 2, 0, 1, 2, 2, 1, 4, 0, 3, 2, 1, 1, 2, 1, 3, 1, 1, 2, 3, 0, 4, 3, 1, 4, 1, 1, 2, 4, 1, 2, 1, 1, 3, 2, 3, 1, 1, 1, 1, 1, 1, 1, 1, 3, 2, 1, 1, 4, 1, 2, 2, 3, 2]|[0, 2, 1, 1, 3, 3, 0, 1, 0, 0, 0, 0, 1, 0, 1, 0, 0, 3, 1, 0, 0, 0, 3, 1, 0, 2, 0, 0, 0, 1, 0, 0, 0, 0, 3, 0, 1, 0, 0, 2, 1, 1, 2, 0, 0, 0, 0, 1, 1, 0, 0, 0, 1, 3, 0, 0, 1, 0, 0, 1, 0, 2, 0, 1, 1, 2, 1, 0, 0, 1, 1, 3, 0, 1, 3, 0, 1, 0, 0, 2, 1, 0, 0, 0, 1, 0, 0, 0, 0, 0, 2, 1, 0, 1, 3, 1, 0, 0, 0, 0],843.7439659666079,57777.80974073964,86440.68470675517,false
59,G1_CMAX,G1_CMAX,[31, 22, 82, 15, 26, 99, 95, 42, 77, 12, 47, 5, 93, 78, 86, 54, 21, 63, 18, 44, 20, 35, 43, 97, 91, 76, 10, 30, 85, 45, 71, 64, 1, 23, 17, 83, 24, 14, 60, 36, 6, 57, 40, 88, 65, 56, 79, 94, 67, 68, 46, 75, 38, 9, 19, 32, 41, 81, 27, 87, 90, 58, 59, 11, 16, 72, 73, 70, 39, 37, 84, 3, 92, 25, 55, 48, 74, 29, 51, 7, 33, 61, 98, 28, 89, 50, 4, 96, 53, 80, 8, 66, 34, 49, 52, 0, 62, 69, 2, 13]|[1, 1, 0, 1, 1, 0, 1, 1, 2, 1, 2, 2, 2, 1, 1, 0, 0, 1, 0, 2, 2, 0, 1, 2, 0, 1, 2, 2, 0, 0, 1, 2, 1, 2, 1, 0, 2, 0, 1, 1, 0, 1, 1, 1, 0, 2, 1, 1, 0, 0, 0, 0, 1, 1, 2, 1, 0, 2, 0, 2, 1, 0, 1, 2, 1, 2, 1, 1, 1, 1, 1, 1, 0, 1, 2, 0, 2, 0, 0, 2, 2, 1, 2, 0, 1, 0, 1, 2, 0, 0, 1, 2, 2, 0, 1, 0, 1, 1, 0, 0]|[0, 3, 2, 2, 4, 1, 2, 3, 2, 4, 1, 1, 2, 4, 4, 1, 1, 4, 2, 1, 1, 1, 1, 2, 1, 2, 1, 1, 2, 1, 3, 2, 3, 1, 4, 0, 1, 1, 0, 3, 2, 2, 2, 0, 1, 1, 0, 4, 0, 1, 2, 2, 1, 4, 0, 3, 1, 1, 1, 1, 3, 1, 1, 1, 3, 0, 4, 3, 1, 4, 1, 1, 0, 4, 1, 1, 1, 1, 1, 1, 1, 3, 1, 2, 1, 1, 4, 1, 2, 1, 3, 1, 1, 1, 1, 2, 1, 4, 2, 2]|[0, 2, 1, 1, 3, 0, 1, 3, 0, 0, 0, 0, 1, 0, 1, 0, 0, 3, 1, 0, 0, 0, 3, 1, 0, 2, 0, 0, 0, 1, 0, 0, 0, 0, 3, 0, 1, 0, 0, 2, 1, 1, 1, 0, 0, 0, 0, 2, 1, 0, 0, 0, 1, 3, 0, 0, 0, 0, 0, 0, 2, 0, 1, 0, 2, 1, 0, 0, 1, 1, 3, 1, 1, 3, 0, 0, 0, 0, 0, 0, 0, 0, 0, 1, 1, 0, 0, 0, 1, 0, 2, 0, 0, 1, 1, 0, 1, 2, 0, 0],730.1276596856602,56815.01019440286,94351.50741240397,false
59,G4_BALANCED,G2_TEC,[20, 94, 82, 15, 26, 9, 95, 42, 77, 68, 47, 5, 93, 78, 86, 54, 85, 63, 18, 44, 31, 49, 36, 14, 74, 50, 53, 17, 21, 28, 11, 64, 3, 23, 30, 83, 24, 41, 40, 52, 65, 27, 90, 70, 39, 87, 48, 69, 99, 4, 46, 1, 13, 56, 97, 59, 45, 8, 73, 37, 35, 79, 71, 66, 76, 32, 60, 38, 58, 6, 67, 61, 33, 43, 57, 34, 12, 16, 10, 80, 96, 88, 7, 81, 91, 0, 84, 29, 92, 19, 51, 89, 22, 98, 25, 72, 55, 75, 62, 2]|[2, 1, 2, 1, 1, 2, 1, 1, 1, 1, 1, 0, 2, 2, 1, 2, 0, 0, 0, 2, 2, 1, 0, 2, 0, 2, 2, 1, 0, 1, 1, 1, 0, 0, 1, 0, 2, 1, 2, 2, 0, 0, 1, 1, 0, 2, 0, 2, 1, 0, 0, 2, 0, 2, 2, 0, 1, 1, 0, 0, 2, 1, 1, 2, 2, 0, 2, 0, 2, 1, 2, 1, 1, 1, 0, 1, 1, 2, 1, 2, 0, 1, 2, 1, 1, 0, 0, 1, 0, 1, 1, 1, 2, 2, 1, 1, 0, 0, 1, 0]|[1, 3, 0, 3, 4, 1, 4, 4, 4, 4, 3, 2, 1, 0, 2, 1, 1, 1, 2, 1, 1, 3, 0, 1, 0, 1, 1, 4, 1, 4, 3, 2, 2, 0, 4, 1, 1, 4, 1, 1, 2, 1, 4, 4, 1, 1, 0, 1, 3, 2, 2, 1, 2, 1, 1, 2, 4, 3, 0, 2, 1, 3, 3, 1, 1, 2, 1, 2, 1, 4, 1, 3, 4, 4, 2, 4, 3, 1, 3, 1, 2, 4, 1, 4, 3, 2, 2, 3, 2, 4, 3, 4, 1, 1, 4, 4, 2, 2, 3, 2]|[0, 2, 0, 0, 3, 0, 1, 3, 1, 0, 2, 0, 1, 0, 1, 0, 0, 0, 1, 0, 0, 2, 0, 0, 1, 0, 0, 3, 0, 1, 0, 2, 0, 0, 3, 0, 1, 1, 0, 0, 0, 0, 1, 3, 0, 0, 1, 0, 2, 0, 0, 0, 0, 0, 1, 0, 1, 0, 1, 1, 0, 2, 0, 0, 0, 0, 0, 0, 0, 2, 0, 0, 1, 2, 0, 1, 0, 0, 3, 0, 0, 1, 0, 2, 0, 0, 0, 3, 0, 1, 0, 1, 0, 0, 3, 1, 0, 0, 0, 0],906.160483204716,48456.58424556823,106613.33022711221,true
59,G2_TEC,G4_BALANCED,[20, 94, 82, 15, 26, 9, 95, 42, 77, 68, 47, 5, 3, 78, 86, 54, 85, 63, 18, 44, 31, 49, 36, 14, 74, 50, 53, 17, 21, 28, 11, 64, 93, 23, 30, 83, 24, 41, 40, 52, 65, 27, 90, 70, 39, 87, 48, 69, 99, 4, 46, 1, 13, 56, 97, 59, 45, 8, 73, 37, 35, 79, 71, 66, 76, 32, 60, 80, 58, 6, 67, 61, 33, 7, 57, 34, 12, 16, 10, 22, 96, 88, 43, 81, 91, 2, 84, 29, 92, 19, 51, 89, 75, 25, 72, 38, 55, 98, 62, 0]|[2, 1, 2, 1, 1, 2, 1, 1, 1, 1, 1, 0, 2, 2, 1, 2, 0, 0, 0, 2, 2, 1, 0, 2, 0, 2, 2, 1, 0, 1, 1, 1, 0, 0, 1, 0, 2, 1, 2, 2, 0, 0, 1, 1, 0, 2, 0, 2, 1, 0, 0, 2, 0, 2, 2, 0, 1, 1, 0, 0, 2, 1, 1, 2, 2, 0, 2, 2, 2, 1, 2, 1, 1, 2, 0, 1, 1, 2, 1, 2, 0, 1, 1, 1, 1, 0, 0, 1, 0, 1, 1, 1, 0, 1, 1, 0, 0, 2, 1, 0]|[1, 3, 0, 3, 4, 1, 4, 4, 4, 4, 3, 2, 1, 0, 2, 1, 1, 1, 2, 1, 1, 3, 0, 1, 0, 1, 1, 4, 1, 4, 3, 2, 2, 0, 4, 1, 1, 4, 1, 1, 2, 1, 4, 4, 1, 1, 0, 1, 3, 2, 2, 1, 2, 1, 1, 2, 4, 3, 0, 2, 1, 3, 3, 1, 1, 2, 1, 1, 1, 4, 1, 3, 4, 1, 2, 4, 3, 1, 3, 1, 2, 4, 4, 4, 3, 2, 2, 3, 2, 4, 3, 4, 2, 4, 4, 2, 2, 1, 3, 2]|[0, 2, 0, 0, 3, 0, 1, 3, 1, 0, 2, 0, 1, 0, 1, 0, 0, 0, 1, 0, 0, 2, 0, 0, 1, 0, 0, 3, 0, 1, 0, 2, 0, 0, 3, 0, 1, 1, 0, 0, 0, 0, 1, 3, 0, 0, 1, 0, 2, 0, 0, 0, 0, 0, 1, 0, 1, 0, 1, 1, 0, 2, 0, 0, 0, 0, 0, 0, 0, 2, 0, 0, 1, 0, 0, 1, 0, 0, 3, 0, 0, 1, 2, 2, 0, 0, 0, 3, 0, 1, 0, 1, 0, 3, 1, 0, 0, 0, 0, 0],910.6016522559228,48373.278451535916,106491.20555259864,true
59,G3_TWC,G3_TWC,[31, 22, 42, 15, 26, 58, 95, 82, 77, 12, 47, 5, 93, 78, 98, 54, 85, 63, 18, 44, 20, 35, 43, 97, 91, 76, 10, 30, 21, 45, 71, 64, 1, 23, 17, 83, 24, 61, 60, 49, 6, 57, 94, 88, 65, 56, 79, 40, 67, 68, 46, 75, 0, 9, 19, 32, 81, 41, 27, 62, 87, 90, 99, 59, 53, 16, 72, 73, 70, 39, 37, 84, 3, 92, 25, 74, 28, 38, 51, 7, 11, 14, 86, 48, 89, 66, 50, 96, 33, 80, 8, 4, 34, 36, 55, 52, 13, 29, 69, 2]|[1, 1, 0, 1, 1, 1, 2, 1, 2, 1, 2, 2, 2, 1, 1, 0, 0, 1, 0, 2, 2, 0, 1, 2, 0, 1, 2, 2, 0, 0, 1, 2, 1, 0, 1, 0, 2, 0, 1, 1, 0, 1, 1, 1, 0, 2, 1, 1, 0, 0, 0, 0, 1, 1, 2, 1, 2, 0, 0, 0, 2, 1, 0, 1, 0, 1, 2, 1, 1, 1, 1, 1, 2, 0, 1, 2, 0, 0, 0, 1, 0, 1, 0, 0, 1, 0, 0, 0, 2, 0, 1, 0, 2, 0, 1, 1, 0, 0, 1, 0]|[4, 3, 2, 2, 0, 0, 2, 2, 2, 4, 1, 1, 2, 4, 4, 1, 1, 4, 2, 1, 1, 1, 1, 2, 1, 2, 1, 1, 1, 1, 3, 2, 3, 0, 4, 0, 1, 1, 0, 3, 2, 2, 4, 0, 1, 1, 3, 2, 0, 1, 2, 2, 1, 4, 0, 3, 2, 1, 1, 2, 1, 3, 1, 1, 2, 3, 0, 4, 3, 1, 4, 1, 1, 2, 4, 1, 2, 1, 1, 3, 2, 3, 1, 1, 1, 1, 1, 1, 1, 1, 3, 2, 1, 1, 4, 1, 2, 2, 3, 2]|[0, 2, 1, 1, 3, 3, 0, 1, 0, 0, 0, 0, 1, 0, 1, 0, 0, 3, 1, 0, 0, 0, 3, 1, 0, 2, 0, 0, 0, 1, 0, 0, 0, 0, 3, 0, 1, 0, 0, 2, 1, 1, 2, 0, 0, 0, 0, 1, 1, 0, 0, 0, 1, 3, 0, 0, 1, 0, 0, 1, 0, 2, 0, 1, 1, 2, 1, 0, 0, 1, 1, 3, 0, 1, 3, 0, 1, 0, 0, 2, 1, 0, 0, 0, 1, 0, 0, 0, 0, 0, 2, 1, 0, 1, 3, 1, 0, 0, 0, 0],843.7439659666079,57777.80974073964,86440.68470675517,false
59,G1_CMAX,G1_CMAX,[31, 22, 82, 15, 26, 99, 95, 42, 77, 12, 47, 5, 93, 78, 86, 54, 21, 63, 18, 44, 20, 35, 43, 97, 91, 76, 10, 30, 85, 45, 71, 64, 1, 23, 17, 83, 24, 14, 60, 36, 6, 57, 40, 88, 65, 56, 79, 94, 67, 68, 46, 75, 38, 9, 19, 32, 41, 81, 27, 87, 90, 58, 59, 11, 16, 72, 73, 70, 39, 37, 84, 3, 92, 25, 55, 48, 74, 29, 51, 7, 33, 61, 98, 28, 89, 50, 4, 96, 53, 80, 8, 66, 34, 49, 52, 0, 62, 69, 2, 13]|[1, 1, 0, 1, 1, 0, 1, 1, 2, 1, 2, 2, 2, 1, 1, 0, 0, 1, 0, 2, 2, 0, 1, 2, 0, 1, 2, 2, 0, 0, 1, 2, 1, 2, 1, 0, 2, 0, 1, 1, 0, 1, 1, 1, 0, 2, 1, 1, 0, 0, 0, 0, 1, 1, 2, 1, 0, 2, 0, 2, 1, 0, 1, 2, 1, 2, 1, 1, 1, 1, 1, 1, 0, 1, 2, 0, 2, 0, 0, 2, 2, 1, 2, 0, 1, 0, 1, 2, 0, 0, 1, 2, 2, 0, 1, 0, 1, 1, 0, 0]|[0, 3, 2, 2, 4, 1, 2, 3, 2, 4, 1, 1, 2, 4, 4, 1, 1, 4, 2, 1, 1, 1, 1, 2, 1, 2, 1, 1, 2, 1, 3, 2, 3, 1, 4, 0, 1, 1, 0, 3, 2, 2, 2, 0, 1, 1, 0, 4, 0, 1, 2, 2, 1, 4, 0, 3, 1, 1, 1, 1, 3, 1, 1, 1, 3, 0, 4, 3, 1, 4, 1, 1, 0, 4, 1, 1, 1, 1, 1, 1, 1, 3, 1, 2, 1, 1, 4, 1, 2, 1, 3, 1, 1, 1, 1, 2, 1, 4, 2, 2]|[0, 2, 1, 1, 3, 0, 1, 3, 0, 0, 0, 0, 1, 0, 1, 0, 0, 3, 1, 0, 0, 0, 3, 1, 0, 2, 0, 0, 0, 1, 0, 0, 0, 0, 3, 0, 1, 0, 0, 2, 1, 1, 1, 0, 0, 0, 0, 2, 1, 0, 0, 0, 1, 3, 0, 0, 0, 0, 0, 0, 2, 0, 1, 0, 2, 1, 0, 0, 1, 1, 3, 1, 1, 3, 0, 0, 0, 0, 0, 0, 0, 0, 0, 1, 1, 0, 0, 0, 1, 0, 2, 0, 0, 1, 1, 0, 1, 2, 0, 0],730.1276596856602,56815.01019440286,94351.50741240397,false
59,G4_BALANCED,G4_BALANCED,[31, 22, 42, 15, 26, 58, 95, 82, 77, 12, 47, 5, 93, 78, 98, 54, 85, 63, 18, 44, 20, 35, 43, 97, 91, 76, 10, 30, 21, 45, 71, 64, 1, 23, 17, 83, 24, 61, 60, 49, 6, 57, 94, 88, 65, 56, 79, 40, 67, 68, 46, 75, 38, 9, 19, 32, 81, 41, 27, 62, 87, 90, 99, 59, 11, 16, 72, 73, 70, 39, 37, 84, 3, 92, 25, 74, 28, 48, 51, 7, 53, 14, 86, 29, 89, 66, 50, 96, 33, 80, 8, 4, 34, 55, 0, 52, 13, 2, 69, 36]|[1, 1, 0, 1, 1, 1, 2, 1, 2, 1, 2, 2, 2, 1, 1, 0, 0, 1, 0, 2, 2, 0, 1, 2, 0, 1, 2, 2, 0, 0, 1, 2, 1, 0, 1, 0, 2, 0, 1, 1, 0, 1, 1, 1, 0, 2, 1, 1, 0, 0, 0, 0, 1, 1, 2, 1, 2, 0, 0, 0, 2, 1, 0, 1, 2, 1, 2, 1, 1, 1, 1, 1, 2, 0, 1, 2, 0, 0, 0, 1, 2, 1, 0, 0, 1, 0, 0, 0, 2, 0, 1, 0, 2, 1, 0, 1, 0, 0, 1, 0]|[4, 3, 2, 2, 0, 0, 2, 2, 2, 4, 1, 1, 2, 4, 4, 1, 1, 4, 2, 1, 1, 1, 1, 2, 1, 2, 1, 1, 1, 1, 3, 2, 3, 0, 4, 0, 1, 1, 0, 3, 2, 2, 4, 0, 1, 1, 3, 2, 0, 1, 2, 2, 1, 4, 1, 3, 2, 1, 1, 2, 1, 3, 1, 1, 1, 3, 1, 4, 3, 1, 4, 1, 1, 2, 4, 1, 2, 1, 1, 3, 1, 3, 1, 2, 1, 1, 1, 1, 1, 1, 3, 2, 1, 4, 2, 1, 2, 2, 3, 1]|[0, 2, 1, 1, 3, 3, 0, 1, 0, 0, 0, 0, 1, 0, 1, 0, 0, 3, 1, 0, 0, 0, 3, 1, 0, 2, 0, 0, 0, 1, 0, 0, 0, 0, 3, 0, 1, 0, 0, 2, 1, 1, 2, 0, 0, 0, 0, 1, 1, 0, 0, 0, 1, 3, 0, 0, 1, 0, 0, 1, 0, 2, 0, 1, 0, 2, 0, 0, 0, 1, 1, 3, 0, 1, 3, 0, 1, 0, 0, 2, 0, 0, 0, 0, 1, 0, 0, 0, 0, 0, 2, 1, 0, 3, 0, 1, 0, 0, 0, 1],831.3411925032382,56367.52576377035,89055.35200895615,false
59,G2_TEC,G4_BALANCED,[20, 94, 82, 15, 26, 9, 95, 42, 77, 68, 47, 5, 3, 78, 86, 54, 85, 63, 18, 44, 31, 49, 36, 14, 74, 50, 53, 17, 21, 28, 11, 64, 93, 23, 30, 83, 24, 41, 40, 52, 65, 27, 90, 70, 39, 87, 48, 69, 99, 4, 46, 1, 13, 56, 97, 59, 45, 8, 73, 37, 35, 79, 71, 66, 76, 32, 60, 80, 58, 6, 67, 61, 33, 7, 57, 34, 12, 16, 10, 22, 96, 88, 43, 81, 91, 2, 84, 29, 92, 19, 51, 89, 75, 25, 72, 38, 55, 98, 62, 0]|[2, 1, 2, 1, 1, 2, 1, 1, 1, 1, 1, 0, 2, 2, 1, 2, 0, 0, 0, 2, 2, 1, 0, 2, 0, 2, 2, 1, 0, 1, 1, 1, 0, 0, 1, 0, 2, 1, 2, 2, 0, 0, 1, 1, 0, 2, 0, 2, 1, 0, 0, 2, 0, 2, 2, 0, 1, 1, 0, 0, 2, 1, 1, 2, 2, 0, 2, 2, 2, 1, 2, 1, 1, 2, 0, 1, 1, 2, 1, 2, 0, 1, 1, 1, 1, 0, 0, 1, 0, 1, 1, 1, 0, 1, 1, 0, 0, 2, 1, 0]|[1, 3, 0, 3, 4, 1, 4, 4, 4, 4, 3, 2, 1, 0, 2, 1, 1, 1, 2, 1, 1, 3, 0, 1, 0, 1, 1, 4, 1, 4, 3, 2, 2, 0, 4, 1, 1, 4, 1, 1, 2, 1, 4, 4, 1, 1, 0, 1, 3, 2, 2, 1, 2, 1, 1, 2, 4, 3, 0, 2, 1, 3, 3, 1, 1, 2, 1, 1, 1, 4, 1, 3, 4, 1, 2, 4, 3, 1, 3, 1, 2, 4, 4, 4, 3, 2, 2, 3, 2, 4, 3, 4, 2, 4, 4, 2, 2, 1, 3, 2]|[0, 2, 0, 0, 3, 0, 1, 3, 1, 0, 2, 0, 1, 0, 1, 0, 0, 0, 1, 0, 0, 2, 0, 0, 1, 0, 0, 3, 0, 1, 0, 2, 0, 0, 3, 0, 1, 1, 0, 0, 0, 0, 1, 3, 0, 0, 1, 0, 2, 0, 0, 0, 0, 0, 1, 0, 1, 0, 1, 1, 0, 2, 0, 0, 0, 0, 0, 0, 0, 2, 0, 0, 1, 0, 0, 1, 0, 0, 3, 0, 0, 1, 2, 2, 0, 0, 0, 3, 0, 1, 0, 1, 0, 3, 1, 0, 0, 0, 0, 0],910.6016522559228,48373.278451535916,106491.20555259864,true
59,G3_TWC,G3_TWC,[31, 22, 42, 15, 26, 58, 95, 82, 77, 12, 47, 5, 93, 78, 98, 54, 85, 63, 18, 44, 20, 35, 43, 97, 91, 76, 10, 30, 21, 45, 71, 64, 1, 23, 17, 83, 24, 61, 60, 49, 6, 57, 94, 88, 65, 56, 79, 40, 67, 68, 46, 75, 0, 9, 19, 32, 81, 41, 27, 62, 87, 90, 99, 59, 53, 16, 72, 73, 70, 39, 37, 84, 3, 92, 25, 74, 28, 38, 51, 7, 11, 14, 86, 48, 89, 66, 50, 96, 33, 80, 8, 4, 34, 36, 55, 52, 13, 29, 69, 2]|[1, 1, 0, 1, 1, 1, 2, 1, 2, 1, 2, 2, 2, 1, 1, 0, 0, 1, 0, 2, 2, 0, 1, 2, 0, 1, 2, 2, 0, 0, 1, 2, 1, 0, 1, 0, 2, 0, 1, 1, 0, 1, 1, 1, 0, 2, 1, 1, 0, 0, 0, 0, 1, 1, 2, 1, 2, 0, 0, 0, 2, 1, 0, 1, 0, 1, 2, 1, 1, 1, 1, 1, 2, 0, 1, 2, 0, 0, 0, 1, 0, 1, 0, 0, 1, 0, 0, 0, 2, 0, 1, 0, 2, 0, 1, 1, 0, 0, 1, 0]|[4, 3, 2, 2, 0, 0, 2, 2, 2, 4, 1, 1, 2, 4, 4, 1, 1, 4, 2, 1, 1, 1, 1, 2, 1, 2, 1, 1, 1, 1, 3, 2, 3, 0, 4, 0, 1, 1, 0, 3, 2, 2, 4, 0, 1, 1, 3, 2, 0, 1, 2, 2, 1, 4, 0, 3, 2, 1, 1, 2, 1, 3, 1, 1, 2, 3, 0, 4, 3, 1, 4, 1, 1, 2, 4, 1, 2, 1, 1, 3, 2, 3, 1, 1, 1, 1, 1, 1, 1, 1, 3, 2, 1, 1, 4, 1, 2, 2, 3, 2]|[0, 2, 1, 1, 3, 3, 0, 1, 0, 0, 0, 0, 1, 0, 1, 0, 0, 3, 1, 0, 0, 0, 3, 1, 0, 2, 0, 0, 0, 1, 0, 0, 0, 0, 3, 0, 1, 0, 0, 2, 1, 1, 2, 0, 0, 0, 0, 1, 1, 0, 0, 0, 1, 3, 0, 0, 1, 0, 0, 1, 0, 2, 0, 1, 1, 2, 1, 0, 0, 1, 1, 3, 0, 1, 3, 0, 1, 0, 0, 2, 1, 0, 0, 0, 1, 0, 0, 0, 0, 0, 2, 1, 0, 1, 3, 1, 0, 0, 0, 0],843.7439659666079,57777.80974073964,86440.68470675517,false
59,G1_CMAX,G1_CMAX,[31, 22, 82, 15, 26, 99, 95, 42, 77, 12, 47, 5, 93, 78, 86, 54, 21, 63, 18, 44, 20, 35, 43, 97, 91, 76, 10, 30, 85, 45, 71, 64, 1, 23, 17, 83, 24, 14, 60, 36, 6, 57, 40, 88, 65, 56, 79, 94, 67, 68, 46, 75, 38, 9, 19, 32, 41, 81, 27, 87, 90, 58, 59, 11, 16, 72, 73, 70, 39, 37, 84, 3, 92, 25, 55, 48, 74, 29, 51, 7, 33, 61, 98, 28, 89, 50, 4, 96, 53, 80, 8, 66, 34, 49, 52, 0, 62, 69, 2, 13]|[1, 1, 0, 1, 1, 0, 1, 1, 2, 1, 2, 2, 2, 1, 1, 0, 0, 1, 0, 2, 2, 0, 1, 2, 0, 1, 2, 2, 0, 0, 1, 2, 1, 2, 1, 0, 2, 0, 1, 1, 0, 1, 1, 1, 0, 2, 1, 1, 0, 0, 0, 0, 1, 1, 2, 1, 0, 2, 0, 2, 1, 0, 1, 2, 1, 2, 1, 1, 1, 1, 1, 1, 0, 1, 2, 0, 2, 0, 0, 2, 2, 1, 2, 0, 1, 0, 1, 2, 0, 0, 1, 2, 2, 0, 1, 0, 1, 1, 0, 0]|[0, 3, 2, 2, 4, 1, 2, 3, 2, 4, 1, 1, 2, 4, 4, 1, 1, 4, 2, 1, 1, 1, 1, 2, 1, 2, 1, 1, 2, 1, 3, 2, 3, 1, 4, 0, 1, 1, 0, 3, 2, 2, 2, 0, 1, 1, 0, 4, 0, 1, 2, 2, 1, 4, 0, 3, 1, 1, 1, 1, 3, 1, 1, 1, 3, 0, 4, 3, 1, 4, 1, 1, 0, 4, 1, 1, 1, 1, 1, 1, 1, 3, 1, 2, 1, 1, 4, 1, 2, 1, 3, 1, 1, 1, 1, 2, 1, 4, 2, 2]|[0, 2, 1, 1, 3, 0, 1, 3, 0, 0, 0, 0, 1, 0, 1, 0, 0, 3, 1, 0, 0, 0, 3, 1, 0, 2, 0, 0, 0, 1, 0, 0, 0, 0, 3, 0, 1, 0, 0, 2, 1, 1, 1, 0, 0, 0, 0, 2, 1, 0, 0, 0, 1, 3, 0, 0, 0, 0, 0, 0, 2, 0, 1, 0, 2, 1, 0, 0, 1, 1, 3, 1, 1, 3, 0, 0, 0, 0, 0, 0, 0, 0, 0, 1, 1, 0, 0, 0, 1, 0, 2, 0, 0, 1, 1, 0, 1, 2, 0, 0],730.1276596856602,56815.01019440286,94351.50741240397,false
59,G4_BALANCED,G3_TWC,[31, 22, 42, 15, 26, 58, 95, 82, 77, 12, 47, 5, 93, 78, 98, 54, 85, 63, 18, 44, 20, 35, 43, 97, 91, 76, 10, 30, 21, 45, 71, 64, 1, 23, 17, 83, 24, 61, 60, 49, 6, 57, 94, 88, 65, 56, 79, 40, 67, 68, 46, 75, 0, 9, 19, 32, 81, 41, 27, 62, 87, 90, 99, 59, 53, 16, 72, 73, 70, 39, 37, 84, 3, 92, 25, 55, 28, 11, 51, 7, 38, 14, 86, 48, 89, 66, 50, 96, 33, 80, 8, 4, 34, 74, 29, 52, 13, 2, 69, 36]|[1, 1, 0, 1, 1, 1, 2, 1, 2, 1, 2, 2, 2, 1, 1, 0, 0, 1, 0, 2, 2, 0, 1, 2, 0, 1, 2, 2, 0, 0, 1, 2, 1, 0, 1, 0, 2, 0, 1, 1, 0, 1, 1, 1, 0, 2, 1, 1, 0, 0, 0, 0, 1, 1, 2, 1, 2, 0, 0, 0, 2, 1, 0, 1, 0, 1, 2, 1, 1, 1, 1, 1, 2, 0, 1, 1, 0, 0, 0, 1, 1, 1, 0, 0, 1, 0, 0, 0, 2, 0, 1, 0, 2, 2, 0, 1, 0, 0, 1, 0]|[4, 3, 2, 2, 0, 0, 2, 2, 2, 4, 1, 1, 2, 4, 4, 1, 1, 4, 2, 1, 1, 1, 1, 2, 1, 2, 1, 1, 1, 1, 3, 2, 3, 0, 4, 0, 1, 1, 0, 3, 2, 2, 4, 0, 1, 1, 3, 2, 0, 1, 2, 2, 1, 4, 0, 3, 2, 1, 1, 2, 1, 3, 1, 1, 2, 3, 0, 4, 3, 1, 4, 1, 1, 2, 4, 4, 2, 2, 1, 3, 1, 3, 1, 1, 1, 1, 1, 1, 1, 1, 3, 2, 1, 1, 1, 1, 2, 2, 3, 1]|[0, 2, 1, 1, 3, 3, 0, 1, 0, 0, 0, 0, 1, 0, 1, 0, 0, 3, 1, 0, 0, 0, 3, 1, 0, 2, 0, 0, 0, 1, 0, 0, 0, 0, 3, 0, 1, 0, 0, 2, 1, 1, 2, 0, 0, 0, 0, 1, 1, 0, 0, 0, 1, 3, 0, 0, 1, 0, 0, 1, 0, 2, 0, 1, 1, 2, 1, 0, 0, 1, 1, 3, 0, 1, 3, 3, 1, 1, 0, 2, 1, 0, 0, 0, 1, 0, 0, 0, 0, 0, 2, 1, 0, 0, 0, 1, 0, 0, 0, 1],817.0298053072459,58197.20684031659,86688.9656415879,true
59,G2_TEC,G4_BALANCED,[20, 94, 82, 15, 26, 9, 95, 42, 77, 68, 47, 5, 3, 78, 86, 54, 85, 63, 18, 44, 31, 49, 36, 14, 74, 50, 53, 17, 21, 28, 11, 64, 93, 23, 30, 83, 24, 41, 40, 52, 65, 27, 90, 70, 39, 87, 48, 69, 99, 4, 46, 1, 13, 56, 97, 59, 45, 8, 73, 37, 35, 79, 71, 66, 76, 32, 60, 80, 58, 6, 67, 61, 33, 7, 57, 34, 12, 16, 10, 22, 96, 88, 43, 81, 91, 2, 84, 29, 92, 19, 51, 89, 75, 25, 72, 38, 55, 98, 62, 0]|[2, 1, 2, 1, 1, 2, 1, 1, 1, 1, 1, 0, 2, 2, 1, 2, 0, 0, 0, 2, 2, 1, 0, 2, 0, 2, 2, 1, 0, 1, 1, 1, 0, 0, 1, 0, 2, 1, 2, 2, 0, 0, 1, 1, 0, 2, 0, 2, 1, 0, 0, 2, 0, 2, 2, 0, 1, 1, 0, 0, 2, 1, 1, 2, 2, 0, 2, 2, 2, 1, 2, 1, 1, 2, 0, 1, 1, 2, 1, 2, 0, 1, 1, 1, 1, 0, 0, 1, 0, 1, 1, 1, 0, 1, 1, 0, 0, 2, 1, 0]|[1, 3, 0, 3, 4, 1, 4, 4, 4, 4, 3, 2, 1, 0, 2, 1, 1, 1, 2, 1, 1, 3, 0, 1, 0, 1, 1, 4, 1, 4, 3, 2, 2, 0, 4, 1, 1, 4, 1, 1, 2, 1, 4, 4, 1, 1, 0, 1, 3, 2, 2, 1, 2, 1, 1, 2, 4, 3, 0, 2, 1, 3, 3, 1, 1, 2, 1, 1, 1, 4, 1, 3, 4, 1, 2, 4, 3, 1, 3, 1, 2, 4, 4, 4, 3, 2, 2, 3, 2, 4, 3, 4, 2, 4, 4, 2, 2, 1, 3, 2]|[0, 2, 0, 0, 3, 0, 1, 3, 1, 0, 2, 0, 1, 0, 1, 0, 0, 0, 1, 0, 0, 2, 0, 0, 1, 0, 0, 3, 0, 1, 0, 2, 0, 0, 3, 0, 1, 1, 0, 0, 0, 0, 1, 3, 0, 0, 1, 0, 2, 0, 0, 0, 0, 0, 1, 0, 1, 0, 1, 1, 0, 2, 0, 0, 0, 0, 0, 0, 0, 2, 0, 0, 1, 0, 0, 1, 0, 0, 3, 0, 0, 1, 2, 2, 0, 0, 0, 3, 0, 1, 0, 1, 0, 3, 1, 0, 0, 0, 0, 0],910.6016522559228,48373.278451535916,106491.20555259864,true
59,G3_TWC,G3_TWC,[31, 22, 42, 15, 26, 58, 95, 82, 77, 12, 47, 5, 93, 78, 98, 54, 85, 63, 18, 44, 20, 35, 43, 97, 91, 76, 10, 30, 21, 45, 71, 64, 1, 23, 17, 83, 24, 61, 60, 49, 6, 57, 94, 88, 65, 56, 79, 40, 67, 68, 46, 75, 0, 9, 19, 32, 81, 41, 27, 62, 87, 90, 99, 59, 53, 16, 72, 73, 70, 39, 37, 84, 3, 92, 25, 74, 28, 38, 51, 7, 11, 14, 86, 48, 89, 66, 50, 96, 33, 80, 8, 4, 34, 36, 55, 52, 13, 29, 69, 2]|[1, 1, 0, 1, 1, 1, 2, 1, 2, 1, 2, 2, 2, 1, 1, 0, 0, 1, 0, 2, 2, 0, 1, 2, 0, 1, 2, 2, 0, 0, 1, 2, 1, 0, 1, 0, 2, 0, 1, 1, 0, 1, 1, 1, 0, 2, 1, 1, 0, 0, 0, 0, 1, 1, 2, 1, 2, 0, 0, 0, 2, 1, 0, 1, 0, 1, 2, 1, 1, 1, 1, 1, 2, 0, 1, 2, 0, 0, 0, 1, 0, 1, 0, 0, 1, 0, 0, 0, 2, 0, 1, 0, 2, 0, 1, 1, 0, 0, 1, 0]|[4, 3, 2, 2, 0, 0, 2, 2, 2, 4, 1, 1, 2, 4, 4, 1, 1, 4, 2, 1, 1, 1, 1, 2, 1, 2, 1, 1, 1, 1, 3, 2, 3, 0, 4, 0, 1, 1, 0, 3, 2, 2, 4, 0, 1, 1, 3, 2, 0, 1, 2, 2, 1, 4, 0, 3, 2, 1, 1, 2, 1, 3, 1, 1, 2, 3, 0, 4, 3, 1, 4, 1, 1, 2, 4, 1, 2, 1, 1, 3, 2, 3, 1, 1, 1, 1, 1, 1, 1, 1, 3, 2, 1, 1, 4, 1, 2, 2, 3, 2]|[0, 2, 1, 1, 3, 3, 0, 1, 0, 0, 0, 0, 1, 0, 1, 0, 0, 3, 1, 0, 0, 0, 3, 1, 0, 2, 0, 0, 0, 1, 0, 0, 0, 0, 3, 0, 1, 0, 0, 2, 1, 1, 2, 0, 0, 0, 0, 1, 1, 0, 0, 0, 1, 3, 0, 0, 1, 0, 0, 1, 0, 2, 0, 1, 1, 2, 1, 0, 0, 1, 1, 3, 0, 1, 3, 0, 1, 0, 0, 2, 1, 0, 0, 0, 1, 0, 0, 0, 0, 0, 2, 1, 0, 1, 3, 1, 0, 0, 0, 0],843.7439659666079,57777.80974073964,86440.68470675517,false
59,G1_CMAX,G1_CMAX,[31, 22, 82, 15, 26, 99, 95, 42, 77, 12, 47, 5, 93, 78, 86, 54, 21, 63, 18, 44, 20, 35, 43, 97, 91, 76, 10, 30, 85, 45, 71, 64, 1, 23, 17, 83, 24, 14, 60, 36, 6, 57, 40, 88, 65, 56, 79, 94, 67, 68, 46, 75, 38, 9, 19, 32, 41, 81, 27, 87, 90, 58, 59, 11, 16, 72, 73, 70, 39, 37, 84, 3, 92, 25, 55, 48, 74, 29, 51, 7, 33, 61, 98, 28, 89, 50, 4, 96, 53, 80, 8, 66, 34, 49, 52, 0, 62, 69, 2, 13]|[1, 1, 0, 1, 1, 0, 1, 1, 2, 1, 2, 2, 2, 1, 1, 0, 0, 1, 0, 2, 2, 0, 1, 2, 0, 1, 2, 2, 0, 0, 1, 2, 1, 2, 1, 0, 2, 0, 1, 1, 0, 1, 1, 1, 0, 2, 1, 1, 0, 0, 0, 0, 1, 1, 2, 1, 0, 2, 0, 2, 1, 0, 1, 2, 1, 2, 1, 1, 1, 1, 1, 1, 0, 1, 2, 0, 2, 0, 0, 2, 2, 1, 2, 0, 1, 0, 1, 2, 0, 0, 1, 2, 2, 0, 1, 0, 1, 1, 0, 0]|[0, 3, 2, 2, 4, 1, 2, 3, 2, 4, 1, 1, 2, 4, 4, 1, 1, 4, 2, 1, 1, 1, 1, 2, 1, 2, 1, 1, 2, 1, 3, 2, 3, 1, 4, 0, 1, 1, 0, 3, 2, 2, 2, 0, 1, 1, 0, 4, 0, 1, 2, 2, 1, 4, 0, 3, 1, 1, 1, 1, 3, 1, 1, 1, 3, 0, 4, 3, 1, 4, 1, 1, 0, 4, 1, 1, 1, 1, 1, 1, 1, 3, 1, 2, 1, 1, 4, 1, 2, 1, 3, 1, 1, 1, 1, 2, 1, 4, 2, 2]|[0, 2, 1, 1, 3, 0, 1, 3, 0, 0, 0, 0, 1, 0, 1, 0, 0, 3, 1, 0, 0, 0, 3, 1, 0, 2, 0, 0, 0, 1, 0, 0, 0, 0, 3, 0, 1, 0, 0, 2, 1, 1, 1, 0, 0, 0, 0, 2, 1, 0, 0, 0, 1, 3, 0, 0, 0, 0, 0, 0, 2, 0, 1, 0, 2, 1, 0, 0, 1, 1, 3, 1, 1, 3, 0, 0, 0, 0, 0, 0, 0, 0, 0, 1, 1, 0, 0, 0, 1, 0, 2, 0, 0, 1, 1, 0, 1, 2, 0, 0],730.1276596856602,56815.01019440286,94351.50741240397,false
59,G4_BALANCED,G4_BALANCED,[20, 94, 82, 15, 26, 9, 95, 42, 77, 68, 47, 5, 93, 78, 86, 54, 85, 63, 18, 44, 31, 49, 36, 14, 74, 50, 53, 17, 21, 28, 11, 64, 3, 23, 30, 83, 24, 41, 40, 52, 65, 27, 90, 70, 39, 87, 48, 69, 99, 4, 46, 1, 13, 56, 97, 59, 45, 8, 73, 37, 35, 79, 71, 66, 76, 32, 60, 80, 58, 6, 67, 61, 33, 7, 57, 34, 12, 16, 10, 98, 96, 88, 43, 22, 91, 2, 84, 29, 92, 19, 51, 89, 81, 75, 25, 55, 38, 72, 62, 0]|[2, 1, 2, 1, 1, 2, 1, 1, 1, 1, 1, 0, 2, 2, 1, 2, 0, 0, 0, 2, 2, 1, 0, 2, 0, 2, 2, 1, 0, 1, 1, 1, 0, 0, 1, 0, 2, 1, 2, 2, 0, 0, 1, 1, 0, 2, 0, 2, 1, 0, 0, 2, 0, 2, 2, 0, 1, 1, 0, 0, 2, 1, 1, 2, 2, 0, 2, 2, 2, 1, 2, 1, 1, 2, 0, 1, 1, 2, 1, 0, 0, 1, 1, 2, 1, 0, 0, 1, 0, 1, 1, 1, 1, 0, 1, 0, 0, 1, 1, 0]|[1, 3, 0, 3, 4, 1, 4, 4, 4, 4, 3, 2, 1, 0, 2, 1, 1, 1, 2, 1, 1, 3, 0, 1, 0, 1, 1, 4, 1, 4, 3, 2, 2, 0, 4, 1, 1, 4, 1, 1, 2, 1, 4, 4, 1, 1, 0, 1, 3, 2, 2, 1, 2, 1, 1, 2, 4, 3, 0, 2, 1, 3, 3, 1, 1, 2, 1, 1, 1, 4, 1, 3, 4, 1, 2, 4, 3, 1, 3, 2, 2, 4, 4, 1, 3, 2, 2, 3, 2, 4, 3, 4, 4, 2, 4, 2, 2, 4, 3, 2]|[0, 2, 0, 0, 3, 0, 1, 3, 1, 0, 2, 0, 1, 0, 1, 0, 0, 0, 1, 0, 0, 2, 0, 0, 1, 0, 0, 3, 0, 1, 0, 2, 0, 0, 3, 0, 1, 1, 0, 0, 0, 0, 1, 3, 0, 0, 1, 0, 2, 0, 0, 0, 0, 0, 1, 0, 1, 0, 1, 0, 0, 2, 0, 0, 0, 0, 0, 0, 0, 2, 0, 0, 1, 0, 0, 1, 0, 0, 3, 0, 0, 1, 2, 0, 0, 0, 0, 3, 0, 1, 0, 1, 2, 0, 3, 0, 0, 1, 0, 0],926.8193575607016,48455.59912948713,106149.30237318373,false
59,G2_TEC,G4_BALANCED,[20, 94, 82, 15, 26, 9, 95, 42, 77, 68, 47, 5, 3, 78, 86, 54, 85, 63, 18, 44, 31, 49, 36, 14, 74, 50, 53, 17, 21, 28, 11, 64, 93, 23, 30, 83, 24, 41, 40, 52, 65, 27, 90, 70, 39, 87, 48, 69, 99, 4, 46, 1, 13, 56, 97, 59, 45, 8, 73, 37, 35, 79, 71, 66, 76, 32, 60, 80, 58, 6, 67, 61, 33, 7, 57, 34, 12, 16, 10, 22, 96, 88, 43, 81, 91, 2, 84, 29, 92, 19, 51, 89, 75, 25, 72, 38, 55, 98, 62, 0]|[2, 1, 2, 1, 1, 2, 1, 1, 1, 1, 1, 0, 2, 2, 1, 2, 0, 0, 0, 2, 2, 1, 0, 2, 0, 2, 2, 1, 0, 1, 1, 1, 0, 0, 1, 0, 2, 1, 2, 2, 0, 0, 1, 1, 0, 2, 0, 2, 1, 0, 0, 2, 0, 2, 2, 0, 1, 1, 0, 0, 2, 1, 1, 2, 2, 0, 2, 2, 2, 1, 2, 1, 1, 2, 0, 1, 1, 2, 1, 2, 0, 1, 1, 1, 1, 0, 0, 1, 0, 1, 1, 1, 0, 1, 1, 0, 0, 2, 1, 0]|[1, 3, 0, 3, 4, 1, 4, 4, 4, 4, 3, 2, 1, 0, 2, 1, 1, 1, 2, 1, 1, 3, 0, 1, 0, 1, 1, 4, 1, 4, 3, 2, 2, 0, 4, 1, 1, 4, 1, 1, 2, 1, 4, 4, 1, 1, 0, 1, 3, 2, 2, 1, 2, 1, 1, 2, 4, 3, 0, 2, 1, 3, 3, 1, 1, 2, 1, 1, 1, 4, 1, 3, 4, 1, 2, 4, 3, 1, 3, 1, 2, 4, 4, 4, 3, 2, 2, 3, 2, 4, 3, 4, 2, 4, 4, 2, 2, 1, 3, 2]|[0, 2, 0, 0, 3, 0, 1, 3, 1, 0, 2, 0, 1, 0, 1, 0, 0, 0, 1, 0, 0, 2, 0, 0, 1, 0, 0, 3, 0, 1, 0, 2, 0, 0, 3, 0, 1, 1, 0, 0, 0, 0, 1, 3, 0, 0, 1, 0, 2, 0, 0, 0, 0, 0, 1, 0, 1, 0, 1, 1, 0, 2, 0, 0, 0, 0, 0, 0, 0, 2, 0, 0, 1, 0, 0, 1, 0, 0, 3, 0, 0, 1, 2, 2, 0, 0, 0, 3, 0, 1, 0, 1, 0, 3, 1, 0, 0, 0, 0, 0],910.6016522559228,48373.278451535916,106491.20555259864,true
59,G3_TWC,G3_TWC,[31, 22, 42, 15, 26, 58, 95, 82, 77, 12, 47, 5, 93, 78, 98, 54, 85, 63, 18, 44, 20, 35, 43, 97, 91, 76, 10, 30, 21, 45, 71, 64, 1, 23, 17, 83, 24, 61, 60, 49, 6, 57, 94, 88, 65, 56, 79, 40, 67, 68, 46, 75, 0, 9, 19, 32, 81, 41, 27, 62, 87, 90, 99, 59, 53, 16, 72, 73, 70, 39, 37, 84, 3, 92, 25, 74, 28, 38, 51, 7, 11, 14, 86, 48, 89, 66, 50, 96, 33, 80, 8, 4, 34, 36, 55, 52, 13, 29, 69, 2]|[1, 1, 0, 1, 1, 1, 2, 1, 2, 1, 2, 2, 2, 1, 1, 0, 0, 1, 0, 2, 2, 0, 1, 2, 0, 1, 2, 2, 0, 0, 1, 2, 1, 0, 1, 0, 2, 0, 1, 1, 0, 1, 1, 1, 0, 2, 1, 1, 0, 0, 0, 0, 1, 1, 2, 1, 2, 0, 0, 0, 2, 1, 0, 1, 0, 1, 2, 1, 1, 1, 1, 1, 2, 0, 1, 2, 0, 0, 0, 1, 0, 1, 0, 0, 1, 0, 0, 0, 2, 0, 1, 0, 2, 0, 1, 1, 0, 0, 1, 0]|[4, 3, 2, 2, 0, 0, 2, 2, 2, 4, 1, 1, 2, 4, 4, 1, 1, 4, 2, 1, 1, 1, 1, 2, 1, 2, 1, 1, 1, 1, 3, 2, 3, 0, 4, 0, 1, 1, 0, 3, 2, 2, 4, 0, 1, 1, 3, 2, 0, 1, 2, 2, 1, 4, 0, 3, 2, 1, 1, 2, 1, 3, 1, 1, 2, 3, 0, 4, 3, 1, 4, 1, 1, 2, 4, 1, 2, 1, 1, 3, 2, 3, 1, 1, 1, 1, 1, 1, 1, 1, 3, 2, 1, 1, 4, 1, 2, 2, 3, 2]|[0, 2, 1, 1, 3, 3, 0, 1, 0, 0, 0, 0, 1, 0, 1, 0, 0, 3, 1, 0, 0, 0, 3, 1, 0, 2, 0, 0, 0, 1, 0, 0, 0, 0, 3, 0, 1, 0, 0, 2, 1, 1, 2, 0, 0, 0, 0, 1, 1, 0, 0, 0, 1, 3, 0, 0, 1, 0, 0, 1, 0, 2, 0, 1, 1, 2, 1, 0, 0, 1, 1, 3, 0, 1, 3, 0, 1, 0, 0, 2, 1, 0, 0, 0, 1, 0, 0, 0, 0, 0, 2, 1, 0, 1, 3, 1, 0, 0, 0, 0],843.7439659666079,57777.80974073964,86440.68470675517,false
59,G1_CMAX,G1_CMAX,[31, 22, 82, 15, 26, 99, 95, 42, 77, 12, 47, 5, 93, 78, 86, 54, 21, 63, 18, 44, 20, 35, 43, 97, 91, 76, 10, 30, 85, 45, 71, 64, 1, 23, 17, 83, 24, 14, 60, 36, 6, 57, 40, 88, 65, 56, 79, 94, 67, 68, 46, 75, 38, 9, 19, 32, 41, 81, 27, 87, 90, 58, 59, 11, 16, 72, 73, 70, 39, 37, 84, 3, 92, 25, 55, 48, 74, 29, 51, 7, 33, 61, 98, 28, 89, 50, 4, 96, 53, 80, 8, 66, 34, 49, 52, 0, 62, 69, 2, 13]|[1, 1, 0, 1, 1, 0, 1, 1, 2, 1, 2, 2, 2, 1, 1, 0, 0, 1, 0, 2, 2, 0, 1, 2, 0, 1, 2, 2, 0, 0, 1, 2, 1, 2, 1, 0, 2, 0, 1, 1, 0, 1, 1, 1, 0, 2, 1, 1, 0, 0, 0, 0, 1, 1, 2, 1, 0, 2, 0, 2, 1, 0, 1, 2, 1, 2, 1, 1, 1, 1, 1, 1, 0, 1, 2, 0, 2, 0, 0, 2, 2, 1, 2, 0, 1, 0, 1, 2, 0, 0, 1, 2, 2, 0, 1, 0, 1, 1, 0, 0]|[0, 3, 2, 2, 4, 1, 2, 3, 2, 4, 1, 1, 2, 4, 4, 1, 1, 4, 2, 1, 1, 1, 1, 2, 1, 2, 1, 1, 2, 1, 3, 2, 3, 1, 4, 0, 1, 1, 0, 3, 2, 2, 2, 0, 1, 1, 0, 4, 0, 1, 2, 2, 1, 4, 0, 3, 1, 1, 1, 1, 3, 1, 1, 1, 3, 0, 4, 3, 1, 4, 1, 1, 0, 4, 1, 1, 1, 1, 1, 1, 1, 3, 1, 2, 1, 1, 4, 1, 2, 1, 3, 1, 1, 1, 1, 2, 1, 4, 2, 2]|[0, 2, 1, 1, 3, 0, 1, 3, 0, 0, 0, 0, 1, 0, 1, 0, 0, 3, 1, 0, 0, 0, 3, 1, 0, 2, 0, 0, 0, 1, 0, 0, 0, 0, 3, 0, 1, 0, 0, 2, 1, 1, 1, 0, 0, 0, 0, 2, 1, 0, 0, 0, 1, 3, 0, 0, 0, 0, 0, 0, 2, 0, 1, 0, 2, 1, 0, 0, 1, 1, 3, 1, 1, 3, 0, 0, 0, 0, 0, 0, 0, 0, 0, 1, 1, 0, 0, 0, 1, 0, 2, 0, 0, 1, 1, 0, 1, 2, 0, 0],730.1276596856602,56815.01019440286,94351.50741240397,false
59,G4_BALANCED,G2_TEC,[20, 94, 82, 15, 26, 9, 95, 42, 77, 68, 47, 5, 3, 78, 86, 54, 85, 63, 18, 44, 31, 49, 36, 14, 74, 50, 53, 17, 21, 28, 11, 64, 93, 23, 30, 83, 24, 41, 40, 52, 65, 27, 90, 70, 39, 87, 48, 69, 99, 4, 46, 1, 13, 56, 97, 59, 45, 8, 73, 37, 35, 79, 71, 66, 76, 32, 60, 80, 58, 6, 67, 61, 33, 7, 57, 34, 12, 16, 10, 98, 96, 88, 43, 81, 91, 2, 84, 29, 38, 19, 51, 89, 92, 75, 25, 72, 55, 22, 62, 0]|[2, 1, 2, 1, 1, 2, 1, 1, 1, 1, 1, 0, 2, 2, 1, 2, 0, 0, 0, 2, 2, 1, 0, 2, 0, 2, 2, 1, 0, 1, 1, 1, 0, 0, 1, 0, 2, 1, 2, 2, 0, 0, 1, 1, 0, 2, 0, 2, 1, 0, 0, 2, 0, 2, 2, 0, 1, 1, 0, 0, 2, 1, 1, 2, 2, 0, 2, 2, 2, 1, 2, 1, 1, 2, 0, 1, 1, 2, 1, 2, 0, 1, 1, 1, 1, 0, 0, 1, 0, 1, 1, 1, 0, 0, 1, 1, 0, 2, 1, 0]|[1, 3, 0, 3, 4, 1, 4, 4, 4, 4, 3, 2, 1, 0, 2, 1, 1, 1, 2, 1, 1, 3, 0, 1, 0, 1, 1, 4, 1, 4, 3, 2, 2, 0, 4, 1, 1, 4, 1, 1, 2, 1, 4, 4, 1, 1, 0, 1, 3, 2, 2, 1, 2, 1, 1, 2, 4, 3, 0, 2, 1, 3, 3, 1, 1, 2, 1, 1, 1, 4, 1, 3, 4, 1, 2, 4, 3, 1, 3, 1, 2, 4, 4, 4, 3, 2, 2, 3, 2, 4, 3, 4, 2, 2, 4, 4, 2, 1, 3, 2]|[0, 2, 0, 0, 3, 0, 1, 3, 1, 0, 2, 0, 1, 0, 1, 0, 0, 0, 1, 0, 0, 2, 0, 0, 1, 0, 0, 3, 0, 1, 0, 2, 0, 0, 3, 0, 1, 1, 0, 0, 0, 0, 1, 3, 0, 0, 1, 0, 2, 0, 0, 0, 0, 0, 1, 0, 1, 0, 1, 1, 0, 2, 0, 0, 0, 0, 0, 0, 0, 2, 0, 0, 1, 0, 0, 1, 0, 0, 3, 0, 0, 1, 2, 2, 0, 0, 0, 3, 0, 1, 0, 1, 0, 0, 3, 1, 0, 0, 0, 0],910.6016522559228,48387.55128968654,106483.48355107133,true
59,G2_TEC,G4_BALANCED,[20, 94, 82, 15, 26, 9, 95, 42, 77, 68, 47, 5, 3, 78, 86, 54, 85, 63, 18, 44, 31, 49, 36, 14, 74, 50, 53, 17, 21, 28, 11, 64, 93, 23, 30, 83, 24, 41, 40, 52, 65, 27, 90, 70, 39, 87, 48, 69, 99, 4, 46, 1, 13, 56, 97, 59, 45, 8, 73, 37, 35, 79, 71, 66, 76, 32, 60, 80, 58, 6, 67, 61, 33, 7, 57, 34, 12, 16, 10, 22, 96, 88, 43, 81, 91, 2, 84, 29, 92, 19, 51, 89, 75, 25, 72, 38, 55, 98, 62, 0]|[2, 1, 2, 1, 1, 2, 1, 1, 1, 1, 1, 0, 2, 2, 1, 2, 0, 0, 0, 2, 2, 1, 0, 2, 0, 2, 2, 1, 0, 1, 1, 1, 0, 0, 1, 0, 2, 1, 2, 2, 0, 0, 1, 1, 0, 2, 0, 2, 1, 0, 0, 2, 0, 2, 2, 0, 1, 1, 0, 0, 2, 1, 1, 2, 2, 0, 2, 2, 2, 1, 2, 1, 1, 2, 0, 1, 1, 2, 1, 2, 0, 1, 1, 1, 1, 0, 0, 1, 0, 1, 1, 1, 0, 1, 1, 0, 0, 2, 1, 0]|[1, 3, 0, 3, 4, 1, 4, 4, 4, 4, 3, 2, 1, 0, 2, 1, 1, 1, 2, 1, 1, 3, 0, 1, 0, 1, 1, 4, 1, 4, 3, 2, 2, 0, 4, 1, 1, 4, 1, 1, 2, 1, 4, 4, 1, 1, 0, 1, 3, 2, 2, 1, 2, 1, 1, 2, 4, 3, 0, 2, 1, 3, 3, 1, 1, 2, 1, 1, 1, 4, 1, 3, 4, 1, 2, 4, 3, 1, 3, 1, 2, 4, 4, 4, 3, 2, 2, 3, 2, 4, 3, 4, 2, 4, 4, 2, 2, 1, 3, 2]|[0, 2, 0, 0, 3, 0, 1, 3, 1, 0, 2, 0, 1, 0, 1, 0, 0, 0, 1, 0, 0, 2, 0, 0, 1, 0, 0, 3, 0, 1, 0, 2, 0, 0, 3, 0, 1, 1, 0, 0, 0, 0, 1, 3, 0, 0, 1, 0, 2, 0, 0, 0, 0, 0, 1, 0, 1, 0, 1, 1, 0, 2, 0, 0, 0, 0, 0, 0, 0, 2, 0, 0, 1, 0, 0, 1, 0, 0, 3, 0, 0, 1, 2, 2, 0, 0, 0, 3, 0, 1, 0, 1, 0, 3, 1, 0, 0, 0, 0, 0],910.6016522559228,48373.278451535916,106491.20555259864,true
59,G3_TWC,G3_TWC,[31, 22, 42, 15, 26, 58, 95, 82, 77, 12, 47, 5, 93, 78, 98, 54, 85, 63, 18, 44, 20, 35, 43, 97, 91, 76, 10, 30, 21, 45, 71, 64, 1, 23, 17, 83, 24, 61, 60, 49, 6, 57, 94, 88, 65, 56, 79, 40, 67, 68, 46, 75, 0, 9, 19, 32, 81, 41, 27, 62, 87, 90, 99, 59, 53, 16, 72, 73, 70, 39, 37, 84, 3, 92, 25, 74, 28, 38, 51, 7, 11, 14, 86, 48, 89, 66, 50, 96, 33, 80, 8, 4, 34, 36, 55, 52, 13, 29, 69, 2]|[1, 1, 0, 1, 1, 1, 2, 1, 2, 1, 2, 2, 2, 1, 1, 0, 0, 1, 0, 2, 2, 0, 1, 2, 0, 1, 2, 2, 0, 0, 1, 2, 1, 0, 1, 0, 2, 0, 1, 1, 0, 1, 1, 1, 0, 2, 1, 1, 0, 0, 0, 0, 1, 1, 2, 1, 2, 0, 0, 0, 2, 1, 0, 1, 0, 1, 2, 1, 1, 1, 1, 1, 2, 0, 1, 2, 0, 0, 0, 1, 0, 1, 0, 0, 1, 0, 0, 0, 2, 0, 1, 0, 2, 0, 1, 1, 0, 0, 1, 0]|[4, 3, 2, 2, 0, 0, 2, 2, 2, 4, 1, 1, 2, 4, 4, 1, 1, 4, 2, 1, 1, 1, 1, 2, 1, 2, 1, 1, 1, 1, 3, 2, 3, 0, 4, 0, 1, 1, 0, 3, 2, 2, 4, 0, 1, 1, 3, 2, 0, 1, 2, 2, 1, 4, 0, 3, 2, 1, 1, 2, 1, 3, 1, 1, 2, 3, 0, 4, 3, 1, 4, 1, 1, 2, 4, 1, 2, 1, 1, 3, 2, 3, 1, 1, 1, 1, 1, 1, 1, 1, 3, 2, 1, 1, 4, 1, 2, 2, 3, 2]|[0, 2, 1, 1, 3, 3, 0, 1, 0, 0, 0, 0, 1, 0, 1, 0, 0, 3, 1, 0, 0, 0, 3, 1, 0, 2, 0, 0, 0, 1, 0, 0, 0, 0, 3, 0, 1, 0, 0, 2, 1, 1, 2, 0, 0, 0, 0, 1, 1, 0, 0, 0, 1, 3, 0, 0, 1, 0, 0, 1, 0, 2, 0, 1, 1, 2, 1, 0, 0, 1, 1, 3, 0, 1, 3, 0, 1, 0, 0, 2, 1, 0, 0, 0, 1, 0, 0, 0, 0, 0, 2, 1, 0, 1, 3, 1, 0, 0, 0, 0],843.7439659666079,57777.80974073964,86440.68470675517,false
59,G1_CMAX,G1_CMAX,[31, 22, 82, 15, 26, 99, 95, 42, 77, 12, 47, 5, 93, 78, 86, 54, 21, 63, 18, 44, 20, 35, 43, 97, 91, 76, 10, 30, 85, 45, 71, 64, 1, 23, 17, 83, 24, 14, 60, 36, 6, 57, 40, 88, 65, 56, 79, 94, 67, 68, 46, 75, 38, 9, 19, 32, 41, 81, 27, 87, 90, 58, 59, 11, 16, 72, 73, 70, 39, 37, 84, 3, 92, 25, 55, 48, 74, 29, 51, 7, 33, 61, 98, 28, 89, 50, 4, 96, 53, 80, 8, 66, 34, 49, 52, 0, 62, 69, 2, 13]|[1, 1, 0, 1, 1, 0, 1, 1, 2, 1, 2, 2, 2, 1, 1, 0, 0, 1, 0, 2, 2, 0, 1, 2, 0, 1, 2, 2, 0, 0, 1, 2, 1, 2, 1, 0, 2, 0, 1, 1, 0, 1, 1, 1, 0, 2, 1, 1, 0, 0, 0, 0, 1, 1, 2, 1, 0, 2, 0, 2, 1, 0, 1, 2, 1, 2, 1, 1, 1, 1, 1, 1, 0, 1, 2, 0, 2, 0, 0, 2, 2, 1, 2, 0, 1, 0, 1, 2, 0, 0, 1, 2, 2, 0, 1, 0, 1, 1, 0, 0]|[0, 3, 2, 2, 4, 1, 2, 3, 2, 4, 1, 1, 2, 4, 4, 1, 1, 4, 2, 1, 1, 1, 1, 2, 1, 2, 1, 1, 2, 1, 3, 2, 3, 1, 4, 0, 1, 1, 0, 3, 2, 2, 2, 0, 1, 1, 0, 4, 0, 1, 2, 2, 1, 4, 0, 3, 1, 1, 1, 1, 3, 1, 1, 1, 3, 0, 4, 3, 1, 4, 1, 1, 0, 4, 1, 1, 1, 1, 1, 1, 1, 3, 1, 2, 1, 1, 4, 1, 2, 1, 3, 1, 1, 1, 1, 2, 1, 4, 2, 2]|[0, 2, 1, 1, 3, 0, 1, 3, 0, 0, 0, 0, 1, 0, 1, 0, 0, 3, 1, 0, 0, 0, 3, 1, 0, 2, 0, 0, 0, 1, 0, 0, 0, 0, 3, 0, 1, 0, 0, 2, 1, 1, 1, 0, 0, 0, 0, 2, 1, 0, 0, 0, 1, 3, 0, 0, 0, 0, 0, 0, 2, 0, 1, 0, 2, 1, 0, 0, 1, 1, 3, 1, 1, 3, 0, 0, 0, 0, 0, 0, 0, 0, 0, 1, 1, 0, 0, 0, 1, 0, 2, 0, 0, 1, 1, 0, 1, 2, 0, 0],730.1276596856602,56815.01019440286,94351.50741240397,false
59,G4_BALANCED,G2_TEC,[20, 94, 82, 15, 26, 9, 95, 42, 77, 68, 47, 5, 3, 78, 86, 54, 85, 63, 18, 44, 31, 49, 36, 14, 74, 50, 53, 17, 21, 28, 11, 64, 93, 23, 30, 83, 24, 41, 40, 52, 65, 27, 90, 70, 39, 87, 48, 69, 99, 4, 46, 1, 13, 56, 97, 59, 45, 8, 73, 37, 35, 79, 71, 66, 76, 32, 60, 80, 58, 6, 67, 61, 33, 7, 57, 34, 12, 16, 10, 98, 96, 88, 43, 81, 91, 2, 84, 29, 38, 19, 51, 89, 92, 75, 25, 72, 55, 22, 62, 0]|[2, 1, 2, 1, 1, 2, 1, 1, 1, 1, 1, 0, 2, 2, 1, 2, 0, 0, 0, 2, 2, 1, 0, 2, 0, 2, 2, 1, 0, 1, 1, 1, 0, 0, 1, 0, 2, 1, 2, 2, 0, 0, 1, 1, 0, 2, 0, 2, 1, 0, 0, 2, 0, 2, 2, 0, 1, 1, 0, 0, 2, 1, 1, 2, 2, 0, 2, 2, 2, 1, 2, 1, 1, 2, 0, 1, 1, 2, 1, 2, 0, 1, 1, 1, 1, 0, 0, 1, 0, 1, 1, 1, 0, 0, 1, 1, 0, 2, 1, 0]|[1, 3, 0, 3, 4, 1, 4, 4, 4, 4, 3, 2, 1, 0, 2, 1, 1, 1, 2, 1, 1, 3, 0, 1, 0, 1, 1, 4, 1, 4, 3, 2, 2, 0, 4, 1, 1, 4, 1, 1, 2, 1, 4, 4, 1, 1, 0, 1, 3, 2, 2, 1, 2, 1, 1, 2, 4, 3, 0, 2, 1, 3, 3, 1, 1, 2, 1, 1, 1, 4, 1, 3, 4, 1, 2, 4, 3, 1, 3, 1, 2, 4, 4, 4, 3, 2, 2, 3, 2, 4, 3, 4, 2, 2, 4, 4, 2, 1, 3, 2]|[0, 2, 0, 0, 3, 0, 1, 3, 1, 0, 2, 0, 1, 0, 1, 0, 0, 0, 1, 0, 0, 2, 0, 0, 1, 0, 0, 3, 0, 1, 0, 2, 0, 0, 3, 0, 1, 1, 0, 0, 0, 0, 1, 3, 0, 0, 1, 0, 2, 0, 0, 0, 0, 0, 1, 0, 1, 0, 1, 1, 0, 2, 0, 0, 0, 0, 0, 0, 0, 2, 0, 0, 1, 0, 0, 1, 0, 0, 3, 0, 0, 1, 2, 2, 0, 0, 0, 3, 0, 1, 0, 1, 0, 0, 3, 1, 0, 0, 0, 0],910.6016522559228,48387.55128968654,106483.48355107133,true
59,G2_TEC,G4_BALANCED,[20, 94, 82, 15, 26, 9, 95, 42, 77, 68, 47, 5, 3, 78, 86, 54, 85, 63, 18, 44, 31, 49, 36, 14, 74, 50, 53, 17, 21, 28, 11, 64, 93, 23, 30, 83, 24, 41, 40, 52, 65, 27, 90, 70, 39, 87, 48, 69, 99, 4, 46, 1, 13, 56, 97, 59, 45, 8, 73, 37, 35, 79, 71, 66, 76, 32, 60, 80, 58, 6, 67, 61, 33, 7, 57, 34, 12, 16, 10, 22, 96, 88, 43, 81, 91, 2, 84, 29, 92, 19, 51, 89, 75, 25, 72, 38, 55, 98, 62, 0]|[2, 1, 2, 1, 1, 2, 1, 1, 1, 1, 1, 0, 2, 2, 1, 2, 0, 0, 0, 2, 2, 1, 0, 2, 0, 2, 2, 1, 0, 1, 1, 1, 0, 0, 1, 0, 2, 1, 2, 2, 0, 0, 1, 1, 0, 2, 0, 2, 1, 0, 0, 2, 0, 2, 2, 0, 1, 1, 0, 0, 2, 1, 1, 2, 2, 0, 2, 2, 2, 1, 2, 1, 1, 2, 0, 1, 1, 2, 1, 2, 0, 1, 1, 1, 1, 0, 0, 1, 0, 1, 1, 1, 0, 1, 1, 0, 0, 2, 1, 0]|[1, 3, 0, 3, 4, 1, 4, 4, 4, 4, 3, 2, 1, 0, 2, 1, 1, 1, 2, 1, 1, 3, 0, 1, 0, 1, 1, 4, 1, 4, 3, 2, 2, 0, 4, 1, 1, 4, 1, 1, 2, 1, 4, 4, 1, 1, 0, 1, 3, 2, 2, 1, 2, 1, 1, 2, 4, 3, 0, 2, 1, 3, 3, 1, 1, 2, 1, 1, 1, 4, 1, 3, 4, 1, 2, 4, 3, 1, 3, 1, 2, 4, 4, 4, 3, 2, 2, 3, 2, 4, 3, 4, 2, 4, 4, 2, 2, 1, 3, 2]|[0, 2, 0, 0, 3, 0, 1, 3, 1, 0, 2, 0, 1, 0, 1, 0, 0, 0, 1, 0, 0, 2, 0, 0, 1, 0, 0, 3, 0, 1, 0, 2, 0, 0, 3, 0, 1, 1, 0, 0, 0, 0, 1, 3, 0, 0, 1, 0, 2, 0, 0, 0, 0, 0, 1, 0, 1, 0, 1, 1, 0, 2, 0, 0, 0, 0, 0, 0, 0, 2, 0, 0, 1, 0, 0, 1, 0, 0, 3, 0, 0, 1, 2, 2, 0, 0, 0, 3, 0, 1, 0, 1, 0, 3, 1, 0, 0, 0, 0, 0],910.6016522559228,48373.278451535916,106491.20555259864,true
59,G3_TWC,G3_TWC,[31, 22, 42, 15, 26, 58, 95, 82, 77, 12, 47, 5, 93, 78, 98, 54, 85, 63, 18, 44, 20, 35, 43, 97, 91, 76, 10, 30, 21, 45, 71, 64, 1, 23, 17, 83, 24, 61, 60, 49, 6, 57, 94, 88, 65, 56, 79, 40, 67, 68, 46, 75, 0, 9, 19, 32, 81, 41, 27, 62, 87, 90, 99, 59, 53, 16, 72, 73, 70, 39, 37, 84, 3, 92, 25, 74, 28, 38, 51, 7, 11, 14, 86, 48, 89, 66, 50, 96, 33, 80, 8, 4, 34, 36, 55, 52, 13, 29, 69, 2]|[1, 1, 0, 1, 1, 1, 2, 1, 2, 1, 2, 2, 2, 1, 1, 0, 0, 1, 0, 2, 2, 0, 1, 2, 0, 1, 2, 2, 0, 0, 1, 2, 1, 0, 1, 0, 2, 0, 1, 1, 0, 1, 1, 1, 0, 2, 1, 1, 0, 0, 0, 0, 1, 1, 2, 1, 2, 0, 0, 0, 2, 1, 0, 1, 0, 1, 2, 1, 1, 1, 1, 1, 2, 0, 1, 2, 0, 0, 0, 1, 0, 1, 0, 0, 1, 0, 0, 0, 2, 0, 1, 0, 2, 0, 1, 1, 0, 0, 1, 0]|[4, 3, 2, 2, 0, 0, 2, 2, 2, 4, 1, 1, 2, 4, 4, 1, 1, 4, 2, 1, 1, 1, 1, 2, 1, 2, 1, 1, 1, 1, 3, 2, 3, 0, 4, 0, 1, 1, 0, 3, 2, 2, 4, 0, 1, 1, 3, 2, 0, 1, 2, 2, 1, 4, 0, 3, 2, 1, 1, 2, 1, 3, 1, 1, 2, 3, 0, 4, 3, 1, 4, 1, 1, 2, 4, 1, 2, 1, 1, 3, 2, 3, 1, 1, 1, 1, 1, 1, 1, 1, 3, 2, 1, 1, 4, 1, 2, 2, 3, 2]|[0, 2, 1, 1, 3, 3, 0, 1, 0, 0, 0, 0, 1, 0, 1, 0, 0, 3, 1, 0, 0, 0, 3, 1, 0, 2, 0, 0, 0, 1, 0, 0, 0, 0, 3, 0, 1, 0, 0, 2, 1, 1, 2, 0, 0, 0, 0, 1, 1, 0, 0, 0, 1, 3, 0, 0, 1, 0, 0, 1, 0, 2, 0, 1, 1, 2, 1, 0, 0, 1, 1, 3, 0, 1, 3, 0, 1, 0, 0, 2, 1, 0, 0, 0, 1, 0, 0, 0, 0, 0, 2, 1, 0, 1, 3, 1, 0, 0, 0, 0],843.7439659666079,57777.80974073964,86440.68470675517,false
60,G1_CMAX,G1_CMAX,[31, 22, 82, 15, 26, 99, 95, 42, 77, 12, 47, 5, 93, 78, 86, 54, 21, 63, 18, 44, 20, 35, 43, 97, 91, 76, 10, 30, 85, 45, 71, 64, 1, 23, 17, 83, 24, 14, 60, 36, 6, 57, 40, 88, 65, 56, 79, 94, 67, 68, 46, 75, 38, 9, 19, 32, 41, 81, 27, 87, 90, 58, 59, 11, 16, 72, 73, 70, 39, 37, 84, 3, 92, 25, 55, 48, 74, 29, 51, 7, 33, 61, 98, 28, 89, 50, 4, 96, 53, 80, 8, 66, 34, 49, 52, 0, 62, 69, 2, 13]|[1, 1, 0, 1, 1, 0, 1, 1, 2, 1, 2, 2, 2, 1, 1, 0, 0, 1, 0, 2, 2, 0, 1, 2, 0, 1, 2, 2, 0, 0, 1, 2, 1, 2, 1, 0, 2, 0, 1, 1, 0, 1, 1, 1, 0, 2, 1, 1, 0, 0, 0, 0, 1, 1, 2, 1, 0, 2, 0, 2, 1, 0, 1, 2, 1, 2, 1, 1, 1, 1, 1, 1, 0, 1, 2, 0, 2, 0, 0, 2, 2, 1, 2, 0, 1, 0, 1, 2, 0, 0, 1, 2, 2, 0, 1, 0, 1, 1, 0, 0]|[0, 3, 2, 2, 4, 1, 2, 3, 2, 4, 1, 1, 2, 4, 4, 1, 1, 4, 2, 1, 1, 1, 1, 2, 1, 2, 1, 1, 2, 1, 3, 2, 3, 1, 4, 0, 1, 1, 0, 3, 2, 2, 2, 0, 1, 1, 0, 4, 0, 1, 2, 2, 1, 4, 0, 3, 1, 1, 1, 1, 3, 1, 1, 1, 3, 0, 4, 3, 1, 4, 1, 1, 0, 4, 1, 1, 1, 1, 1, 1, 1, 3, 1, 2, 1, 1, 4, 1, 2, 1, 3, 1, 1, 1, 1, 2, 1, 4, 2, 2]|[0, 2, 1, 1, 3, 0, 1, 3, 0, 0, 0, 0, 1, 0, 1, 0, 0, 3, 1, 0, 0, 0, 3, 1, 0, 2, 0, 0, 0, 1, 0, 0, 0, 0, 3, 0, 1, 0, 0, 2, 1, 1, 1, 0, 0, 0, 0, 2, 1, 0, 0, 0, 1, 3, 0, 0, 0, 0, 0, 0, 2, 0, 1, 0, 2, 1, 0, 0, 1, 1, 3, 1, 1, 3, 0, 0, 0, 0, 0, 0, 0, 0, 0, 1, 1, 0, 0, 0, 1, 0, 2, 0, 0, 1, 1, 0, 1, 2, 0, 0],730.1276596856602,56815.01019440286,94351.50741240397,false
60,G4_BALANCED,G2_TEC,[20, 94, 82, 15, 26, 9, 95, 42, 77, 68, 47, 5, 3, 78, 86, 54, 85, 63, 18, 44, 31, 49, 36, 14, 74, 50, 53, 17, 21, 28, 11, 64, 93, 23, 30, 83, 24, 41, 40, 52, 65, 27, 90, 70, 39, 87, 48, 69, 99, 4, 46, 1, 13, 56, 97, 59, 45, 8, 73, 37, 35, 79, 71, 66, 76, 32, 60, 80, 58, 6, 67, 61, 33, 7, 57, 34, 12, 16, 10, 22, 96, 88, 43, 81, 91, 2, 84, 29, 38, 19, 51, 89, 75, 25, 72, 92, 98, 62, 55, 0]|[2, 1, 2, 1, 1, 2, 1, 1, 1, 1, 1, 0, 2, 2, 1, 2, 0, 0, 0, 2, 2, 1, 0, 2, 0, 2, 2, 1, 0, 1, 1, 1, 0, 0, 1, 0, 2, 1, 2, 2, 0, 0, 1, 1, 0, 2, 0, 2, 1, 0, 0, 2, 0, 2, 2, 0, 1, 1, 0, 0, 2, 1, 1, 2, 2, 0, 2, 2, 2, 1, 2, 1, 1, 2, 0, 1, 1, 2, 1, 2, 0, 1, 1, 1, 1, 0, 0, 1, 0, 1, 1, 1, 0, 1, 1, 0, 2, 1, 0, 0]|[1, 3, 0, 3, 4, 1, 4, 4, 4, 4, 3, 2, 1, 0, 2, 1, 1, 1, 2, 1, 1, 3, 0, 1, 0, 1, 1, 4, 1, 4, 3, 2, 2, 0, 4, 1, 1, 4, 1, 1, 2, 1, 4, 4, 1, 1, 0, 1, 3, 2, 2, 1, 2, 1, 1, 2, 4, 3, 0, 2, 1, 3, 3, 1, 1, 2, 1, 1, 1, 4, 1, 3, 4, 1, 2, 4, 3, 1, 3, 1, 2, 4, 4, 4, 3, 2, 2, 3, 2, 4, 3, 4, 2, 4, 4, 2, 1, 3, 2, 2]|[0, 2, 0, 0, 3, 0, 1, 3, 1, 0, 2, 0, 1, 0, 1, 0, 0, 0, 1, 0, 0, 2, 0, 0, 1, 0, 0, 3, 0, 1, 0, 2, 0, 0, 3, 0, 1, 1, 0, 0, 0, 0, 1, 3, 0, 0, 1, 0, 2, 0, 0, 0, 0, 0, 1, 0, 1, 0, 1, 1, 0, 2, 0, 0, 0, 0, 0, 0, 0, 2, 0, 0, 1, 0, 0, 1, 0, 0, 3, 0, 0, 1, 2, 2, 0, 0, 0, 3, 0, 1, 0, 1, 0, 3, 1, 0, 0, 0, 0, 0],910.6016522559228,48378.794252206004,106394.7676128306,true
60,G2_TEC,G4_BALANCED,[20, 94, 82, 15, 26, 9, 95, 42, 77, 68, 47, 5, 3, 78, 86, 54, 85, 63, 18, 44, 31, 49, 36, 14, 74, 50, 53, 17, 21, 28, 11, 64, 93, 23, 30, 83, 24, 41, 40, 52, 65, 27, 90, 70, 39, 87, 48, 69, 99, 4, 46, 1, 13, 56, 97, 59, 45, 8, 73, 37, 35, 79, 71, 66, 76, 32, 60, 80, 58, 6, 67, 61, 33, 7, 57, 34, 12, 16, 10, 22, 96, 88, 43, 81, 91, 2, 84, 29, 92, 19, 51, 89, 75, 25, 72, 38, 55, 98, 62, 0]|[2, 1, 2, 1, 1, 2, 1, 1, 1, 1, 1, 0, 2, 2, 1, 2, 0, 0, 0, 2, 2, 1, 0, 2, 0, 2, 2, 1, 0, 1, 1, 1, 0, 0, 1, 0, 2, 1, 2, 2, 0, 0, 1, 1, 0, 2, 0, 2, 1, 0, 0, 2, 0, 2, 2, 0, 1, 1, 0, 0, 2, 1, 1, 2, 2, 0, 2, 2, 2, 1, 2, 1, 1, 2, 0, 1, 1, 2, 1, 2, 0, 1, 1, 1, 1, 0, 0, 1, 0, 1, 1, 1, 0, 1, 1, 0, 0, 2, 1, 0]|[1, 3, 0, 3, 4, 1, 4, 4, 4, 4, 3, 2, 1, 0, 2, 1, 1, 1, 2, 1, 1, 3, 0, 1, 0, 1, 1, 4, 1, 4, 3, 2, 2, 0, 4, 1, 1, 4, 1, 1, 2, 1, 4, 4, 1, 1, 0, 1, 3, 2, 2, 1, 2, 1, 1, 2, 4, 3, 0, 2, 1, 3, 3, 1, 1, 2, 1, 1, 1, 4, 1, 3, 4, 1, 2, 4, 3, 1, 3, 1, 2, 4, 4, 4, 3, 2, 2, 3, 2, 4, 3, 4, 2, 4, 4, 2, 2, 1, 3, 2]|[0, 2, 0, 0, 3, 0, 1, 3, 1, 0, 2, 0, 1, 0, 1, 0, 0, 0, 1, 0, 0, 2, 0, 0, 1, 0, 0, 3, 0, 1, 0, 2, 0, 0, 3, 0, 1, 1, 0, 0, 0, 0, 1, 3, 0, 0, 1, 0, 2, 0, 0, 0, 0, 0, 1, 0, 1, 0, 1, 1, 0, 2, 0, 0, 0, 0, 0, 0, 0, 2, 0, 0, 1, 0, 0, 1, 0, 0, 3, 0, 0, 1, 2, 2, 0, 0, 0, 3, 0, 1, 0, 1, 0, 3, 1, 0, 0, 0, 0, 0],910.6016522559228,48373.278451535916,106491.20555259864,true
60,G3_TWC,G3_TWC,[31, 22, 42, 15, 26, 58, 95, 82, 77, 12, 47, 5, 93, 78, 98, 54, 85, 63, 18, 44, 20, 35, 43, 97, 91, 76, 10, 30, 21, 45, 71, 64, 1, 23, 17, 83, 24, 61, 60, 49, 6, 57, 94, 88, 65, 56, 79, 40, 67, 68, 46, 75, 0, 9, 19, 32, 81, 41, 27, 62, 87, 90, 99, 59, 53, 16, 72, 73, 70, 39, 37, 84, 3, 92, 25, 74, 28, 38, 51, 7, 11, 14, 86, 48, 89, 66, 50, 96, 33, 80, 8, 4, 34, 36, 55, 52, 13, 29, 69, 2]|[1, 1, 0, 1, 1, 1, 2, 1, 2, 1, 2, 2, 2, 1, 1, 0, 0, 1, 0, 2, 2, 0, 1, 2, 0, 1, 2, 2, 0, 0, 1, 2, 1, 0, 1, 0, 2, 0, 1, 1, 0, 1, 1, 1, 0, 2, 1, 1, 0, 0, 0, 0, 1, 1, 2, 1, 2, 0, 0, 0, 2, 1, 0, 1, 0, 1, 2, 1, 1, 1, 1, 1, 2, 0, 1, 2, 0, 0, 0, 1, 0, 1, 0, 0, 1, 0, 0, 0, 2, 0, 1, 0, 2, 0, 1, 1, 0, 0, 1, 0]|[4, 3, 2, 2, 0, 0, 2, 2, 2, 4, 1, 1, 2, 4, 4, 1, 1, 4, 2, 1, 1, 1, 1, 2, 1, 2, 1, 1, 1, 1, 3, 2, 3, 0, 4, 0, 1, 1, 0, 3, 2, 2, 4, 0, 1, 1, 3, 2, 0, 1, 2, 2, 1, 4, 0, 3, 2, 1, 1, 2, 1, 3, 1, 1, 2, 3, 0, 4, 3, 1, 4, 1, 1, 2, 4, 1, 2, 1, 1, 3, 2, 3, 1, 1, 1, 1, 1, 1, 1, 1, 3, 2, 1, 1, 4, 1, 2, 2, 3, 2]|[0, 2, 1, 1, 3, 3, 0, 1, 0, 0, 0, 0, 1, 0, 1, 0, 0, 3, 1, 0, 0, 0, 3, 1, 0, 2, 0, 0, 0, 1, 0, 0, 0, 0, 3, 0, 1, 0, 0, 2, 1, 1, 2, 0, 0, 0, 0, 1, 1, 0, 0, 0, 1, 3, 0, 0, 1, 0, 0, 1, 0, 2, 0, 1, 1, 2, 1, 0, 0, 1, 1, 3, 0, 1, 3, 0, 1, 0, 0, 2, 1, 0, 0, 0, 1, 0, 0, 0, 0, 0, 2, 1, 0, 1, 3, 1, 0, 0, 0, 0],843.7439659666079,57777.80974073964,86440.68470675517,false
60,G1_CMAX,G1_CMAX,[31, 22, 82, 15, 26, 99, 95, 42, 77, 12, 47, 5, 93, 78, 86, 54, 21, 63, 18, 44, 20, 35, 43, 97, 91, 76, 10, 30, 85, 45, 71, 64, 1, 23, 17, 83, 24, 14, 60, 36, 6, 57, 40, 88, 65, 56, 79, 94, 67, 68, 46, 75, 38, 9, 19, 32, 41, 81, 27, 87, 90, 58, 59, 11, 16, 72, 73, 70, 39, 37, 84, 3, 92, 25, 55, 48, 74, 29, 51, 7, 33, 61, 98, 28, 89, 50, 4, 96, 53, 80, 8, 66, 34, 49, 52, 0, 62, 69, 2, 13]|[1, 1, 0, 1, 1, 0, 1, 1, 2, 1, 2, 2, 2, 1, 1, 0, 0, 1, 0, 2, 2, 0, 1, 2, 0, 1, 2, 2, 0, 0, 1, 2, 1, 2, 1, 0, 2, 0, 1, 1, 0, 1, 1, 1, 0, 2, 1, 1, 0, 0, 0, 0, 1, 1, 2, 1, 0, 2, 0, 2, 1, 0, 1, 2, 1, 2, 1, 1, 1, 1, 1, 1, 0, 1, 2, 0, 2, 0, 0, 2, 2, 1, 2, 0, 1, 0, 1, 2, 0, 0, 1, 2, 2, 0, 1, 0, 1, 1, 0, 0]|[0, 3, 2, 2, 4, 1, 2, 3, 2, 4, 1, 1, 2, 4, 4, 1, 1, 4, 2, 1, 1, 1, 1, 2, 1, 2, 1, 1, 2, 1, 3, 2, 3, 1, 4, 0, 1, 1, 0, 3, 2, 2, 2, 0, 1, 1, 0, 4, 0, 1, 2, 2, 1, 4, 0, 3, 1, 1, 1, 1, 3, 1, 1, 1, 3, 0, 4, 3, 1, 4, 1, 1, 0, 4, 1, 1, 1, 1, 1, 1, 1, 3, 1, 2, 1, 1, 4, 1, 2, 1, 3, 1, 1, 1, 1, 2, 1, 4, 2, 2]|[0, 2, 1, 1, 3, 0, 1, 3, 0, 0, 0, 0, 1, 0, 1, 0, 0, 3, 1, 0, 0, 0, 3, 1, 0, 2, 0, 0, 0, 1, 0, 0, 0, 0, 3, 0, 1, 0, 0, 2, 1, 1, 1, 0, 0, 0, 0, 2, 1, 0, 0, 0, 1, 3, 0, 0, 0, 0, 0, 0, 2, 0, 1, 0, 2, 1, 0, 0, 1, 1, 3, 1, 1, 3, 0, 0, 0, 0, 0, 0, 0, 0, 0, 1, 1, 0, 0, 0, 1, 0, 2, 0, 0, 1, 1, 0, 1, 2, 0, 0],730.1276596856602,56815.01019440286,94351.50741240397,false
60,G4_BALANCED,G3_TWC,[31, 22, 42, 15, 26, 58, 95, 82, 77, 12, 47, 5, 93, 78, 98, 54, 85, 63, 18, 44, 20, 35, 43, 97, 91, 76, 10, 30, 21, 45, 71, 64, 1, 23, 17, 83, 24, 61, 60, 49, 6, 57, 94, 88, 65, 56, 79, 40, 67, 68, 46, 75, 38, 9, 19, 32, 81, 41, 27, 62, 87, 90, 99, 59, 53, 16, 72, 73, 70, 39, 37, 84, 3, 92, 25, 55, 28, 29, 51, 7, 11, 14, 86, 48, 89, 50, 66, 96, 33, 80, 4, 8, 34, 36, 2, 52, 13, 0, 69, 74]|[1, 1, 0, 1, 1, 1, 2, 1, 2, 1, 2, 2, 2, 1, 1, 0, 0, 1, 0, 2, 2, 0, 1, 2, 0, 1, 2, 2, 0, 0, 1, 2, 1, 0, 1, 0, 2, 0, 1, 1, 0, 1, 1, 1, 0, 2, 1, 1, 0, 0, 0, 0, 1, 1, 2, 1, 2, 0, 0, 0, 2, 1, 0, 1, 0, 1, 2, 1, 1, 1, 1, 1, 2, 0, 1, 1, 0, 1, 0, 1, 2, 1, 0, 0, 1, 0, 0, 2, 2, 0, 0, 1, 2, 0, 0, 1, 0, 1, 1, 2]|[4, 3, 2, 2, 0, 0, 2, 2, 2, 4, 1, 1, 2, 4, 4, 1, 1, 4, 2, 1, 1, 1, 1, 2, 1, 2, 1, 1, 1, 1, 3, 2, 3, 0, 4, 0, 1, 1, 0, 3, 2, 2, 4, 0, 1, 1, 3, 2, 0, 1, 2, 2, 1, 4, 0, 3, 2, 1, 1, 2, 1, 3, 1, 1, 2, 3, 0, 4, 3, 1, 4, 1, 1, 2, 4, 4, 2, 1, 1, 3, 1, 3, 1, 1, 1, 1, 1, 1, 1, 1, 2, 3, 1, 1, 2, 1, 2, 1, 3, 1]|[0, 2, 1, 1, 3, 3, 0, 1, 0, 0, 0, 0, 1, 0, 1, 0, 0, 3, 1, 0, 0, 0, 3, 1, 0, 2, 0, 0, 0, 1, 0, 0, 0, 0, 3, 0, 1, 0, 0, 2, 1, 1, 2, 0, 0, 0, 0, 1, 1, 0, 0, 0, 1, 3, 0, 0, 1, 0, 0, 1, 0, 2, 0, 1, 1, 2, 1, 0, 0, 1, 1, 3, 0, 1, 3, 3, 1, 1, 0, 2, 0, 0, 0, 0, 1, 0, 0, 0, 0, 0, 1, 2, 0, 1, 0, 1, 0, 1, 0, 0],745.2923527935573,57975.29737721478,88794.00624391006,true
60,G2_TEC,G4_BALANCED,[20, 94, 82, 15, 26, 9, 95, 42, 77, 68, 47, 5, 3, 78, 86, 54, 85, 63, 18, 44, 31, 49, 36, 14, 74, 50, 53, 17, 21, 28, 11, 64, 93, 23, 30, 83, 24, 41, 40, 52, 65, 27, 90, 70, 39, 87, 48, 69, 99, 4, 46, 1, 13, 56, 97, 59, 45, 8, 73, 37, 35, 79, 71, 66, 76, 32, 60, 80, 58, 6, 67, 61, 33, 7, 57, 34, 12, 16, 10, 22, 96, 88, 43, 81, 91, 2, 84, 29, 92, 19, 51, 89, 75, 25, 72, 38, 55, 98, 62, 0]|[2, 1, 2, 1, 1, 2, 1, 1, 1, 1, 1, 0, 2, 2, 1, 2, 0, 0, 0, 2, 2, 1, 0, 2, 0, 2, 2, 1, 0, 1, 1, 1, 0, 0, 1, 0, 2, 1, 2, 2, 0, 0, 1, 1, 0, 2, 0, 2, 1, 0, 0, 2, 0, 2, 2, 0, 1, 1, 0, 0, 2, 1, 1, 2, 2, 0, 2, 2, 2, 1, 2, 1, 1, 2, 0, 1, 1, 2, 1, 2, 0, 1, 1, 1, 1, 0, 0, 1, 0, 1, 1, 1, 0, 1, 1, 0, 0, 2, 1, 0]|[1, 3, 0, 3, 4, 1, 4, 4, 4, 4, 3, 2, 1, 0, 2, 1, 1, 1, 2, 1, 1, 3, 0, 1, 0, 1, 1, 4, 1, 4, 3, 2, 2, 0, 4, 1, 1, 4, 1, 1, 2, 1, 4, 4, 1, 1, 0, 1, 3, 2, 2, 1, 2, 1, 1, 2, 4, 3, 0, 2, 1, 3, 3, 1, 1, 2, 1, 1, 1, 4, 1, 3, 4, 1, 2, 4, 3, 1, 3, 1, 2, 4, 4, 4, 3, 2, 2, 3, 2, 4, 3, 4, 2, 4, 4, 2, 2, 1, 3, 2]|[0, 2, 0, 0, 3, 0, 1, 3, 1, 0, 2, 0, 1, 0, 1, 0, 0, 0, 1, 0, 0, 2, 0, 0, 1, 0, 0, 3, 0, 1, 0, 2, 0, 0, 3, 0, 1, 1, 0, 0, 0, 0, 1, 3, 0, 0, 1, 0, 2, 0, 0, 0, 0, 0, 1, 0, 1, 0, 1, 1, 0, 2, 0, 0, 0, 0, 0, 0, 0, 2, 0, 0, 1, 0, 0, 1, 0, 0, 3, 0, 0, 1, 2, 2, 0, 0, 0, 3, 0, 1, 0, 1, 0, 3, 1, 0, 0, 0, 0, 0],910.6016522559228,48373.278451535916,106491.20555259864,true
60,G3_TWC,G3_TWC,[31, 22, 42, 15, 26, 58, 95, 82, 77, 12, 47, 5, 93, 78, 98, 54, 85, 63, 18, 44, 20, 35, 43, 97, 91, 76, 10, 30, 21, 45, 71, 64, 1, 23, 17, 83, 24, 61, 60, 49, 6, 57, 94, 88, 65, 56, 79, 40, 67, 68, 46, 75, 0, 9, 19, 32, 81, 41, 27, 62, 87, 90, 99, 59, 53, 16, 72, 73, 70, 39, 37, 84, 3, 92, 25, 74, 28, 38, 51, 7, 11, 14, 86, 48, 89, 66, 50, 96, 33, 80, 8, 4, 34, 36, 55, 52, 13, 29, 69, 2]|[1, 1, 0, 1, 1, 1, 2, 1, 2, 1, 2, 2, 2, 1, 1, 0, 0, 1, 0, 2, 2, 0, 1, 2, 0, 1, 2, 2, 0, 0, 1, 2, 1, 0, 1, 0, 2, 0, 1, 1, 0, 1, 1, 1, 0, 2, 1, 1, 0, 0, 0, 0, 1, 1, 2, 1, 2, 0, 0, 0, 2, 1, 0, 1, 0, 1, 2, 1, 1, 1, 1, 1, 2, 0, 1, 2, 0, 0, 0, 1, 0, 1, 0, 0, 1, 0, 0, 0, 2, 0, 1, 0, 2, 0, 1, 1, 0, 0, 1, 0]|[4, 3, 2, 2, 0, 0, 2, 2, 2, 4, 1, 1, 2, 4, 4, 1, 1, 4, 2, 1, 1, 1, 1, 2, 1, 2, 1, 1, 1, 1, 3, 2, 3, 0, 4, 0, 1, 1, 0, 3, 2, 2, 4, 0, 1, 1, 3, 2, 0, 1, 2, 2, 1, 4, 0, 3, 2, 1, 1, 2, 1, 3, 1, 1, 2, 3, 0, 4, 3, 1, 4, 1, 1, 2, 4, 1, 2, 1, 1, 3, 2, 3, 1, 1, 1, 1, 1, 1, 1, 1, 3, 2, 1, 1, 4, 1, 2, 2, 3, 2]|[0, 2, 1, 1, 3, 3, 0, 1, 0, 0, 0, 0, 1, 0, 1, 0, 0, 3, 1, 0, 0, 0, 3, 1, 0, 2, 0, 0, 0, 1, 0, 0, 0, 0, 3, 0, 1, 0, 0, 2, 1, 1, 2, 0, 0, 0, 0, 1, 1, 0, 0, 0, 1, 3, 0, 0, 1, 0, 0, 1, 0, 2, 0, 1, 1, 2, 1, 0, 0, 1, 1, 3, 0, 1, 3, 0, 1, 0, 0, 2, 1, 0, 0, 0, 1, 0, 0, 0, 0, 0, 2, 1, 0, 1, 3, 1, 0, 0, 0, 0],843.7439659666079,57777.80974073964,86440.68470675517,false
60,G1_CMAX,G1_CMAX,[31, 22, 82, 15, 26, 99, 95, 42, 77, 12, 47, 5, 93, 78, 86, 54, 21, 63, 18, 44, 20, 35, 43, 97, 91, 76, 10, 30, 85, 45, 71, 64, 1, 23, 17, 83, 24, 14, 60, 36, 6, 57, 40, 88, 65, 56, 79, 94, 67, 68, 46, 75, 38, 9, 19, 32, 41, 81, 27, 87, 90, 58, 59, 11, 16, 72, 73, 70, 39, 37, 84, 3, 92, 25, 55, 48, 74, 29, 51, 7, 33, 61, 98, 28, 89, 50, 4, 96, 53, 80, 8, 66, 34, 49, 52, 0, 62, 69, 2, 13]|[1, 1, 0, 1, 1, 0, 1, 1, 2, 1, 2, 2, 2, 1, 1, 0, 0, 1, 0, 2, 2, 0, 1, 2, 0, 1, 2, 2, 0, 0, 1, 2, 1, 2, 1, 0, 2, 0, 1, 1, 0, 1, 1, 1, 0, 2, 1, 1, 0, 0, 0, 0, 1, 1, 2, 1, 0, 2, 0, 2, 1, 0, 1, 2, 1, 2, 1, 1, 1, 1, 1, 1, 0, 1, 2, 0, 2, 0, 0, 2, 2, 1, 2, 0, 1, 0, 1, 2, 0, 0, 1, 2, 2, 0, 1, 0, 1, 1, 0, 0]|[0, 3, 2, 2, 4, 1, 2, 3, 2, 4, 1, 1, 2, 4, 4, 1, 1, 4, 2, 1, 1, 1, 1, 2, 1, 2, 1, 1, 2, 1, 3, 2, 3, 1, 4, 0, 1, 1, 0, 3, 2, 2, 2, 0, 1, 1, 0, 4, 0, 1, 2, 2, 1, 4, 0, 3, 1, 1, 1, 1, 3, 1, 1, 1, 3, 0, 4, 3, 1, 4, 1, 1, 0, 4, 1, 1, 1, 1, 1, 1, 1, 3, 1, 2, 1, 1, 4, 1, 2, 1, 3, 1, 1, 1, 1, 2, 1, 4, 2, 2]|[0, 2, 1, 1, 3, 0, 1, 3, 0, 0, 0, 0, 1, 0, 1, 0, 0, 3, 1, 0, 0, 0, 3, 1, 0, 2, 0, 0, 0, 1, 0, 0, 0, 0, 3, 0, 1, 0, 0, 2, 1, 1, 1, 0, 0, 0, 0, 2, 1, 0, 0, 0, 1, 3, 0, 0, 0, 0, 0, 0, 2, 0, 1, 0, 2, 1, 0, 0, 1, 1, 3, 1, 1, 3, 0, 0, 0, 0, 0, 0, 0, 0, 0, 1, 1, 0, 0, 0, 1, 0, 2, 0, 0, 1, 1, 0, 1, 2, 0, 0],730.1276596856602,56815.01019440286,94351.50741240397,false
60,G4_BALANCED,G1_CMAX,[31, 22, 42, 15, 26, 58, 95, 82, 77, 12, 47, 5, 93, 78, 98, 54, 85, 63, 18, 44, 20, 35, 43, 97, 91, 76, 10, 30, 21, 45, 71, 64, 1, 23, 17, 83, 24, 61, 60, 49, 6, 57, 94, 88, 65, 56, 79, 40, 67, 68, 46, 75, 38, 9, 19, 32, 81, 41, 27, 62, 87, 90, 99, 59, 11, 16, 72, 73, 70, 39, 37, 84, 3, 92, 25, 74, 28, 29, 51, 7, 53, 14, 86, 48, 89, 50, 66, 96, 33, 80, 8, 4, 34, 55, 0, 52, 13, 2, 69, 36]|[1, 1, 0, 1, 1, 1, 2, 1, 2, 1, 2, 2, 2, 1, 1, 0, 0, 1, 0, 2, 2, 0, 1, 2, 0, 1, 2, 2, 0, 0, 1, 2, 1, 0, 1, 0, 2, 0, 1, 1, 0, 1, 1, 1, 0, 2, 1, 1, 0, 0, 0, 0, 1, 1, 2, 1, 2, 0, 0, 0, 2, 1, 0, 1, 2, 1, 2, 1, 2, 1, 1, 1, 2, 0, 1, 2, 0, 0, 0, 1, 2, 1, 2, 0, 1, 2, 0, 0, 2, 0, 1, 0, 2, 1, 0, 1, 0, 0, 1, 0]|[4, 3, 2, 2, 0, 0, 2, 2, 2, 4, 1, 1, 2, 4, 4, 1, 1, 4, 2, 1, 1, 1, 1, 2, 1, 2, 1, 1, 1, 1, 3, 2, 3, 0, 4, 0, 1, 1, 0, 3, 2, 2, 4, 0, 1, 1, 3, 2, 0, 1, 2, 2, 1, 4, 0, 3, 2, 1, 1, 2, 1, 3, 1, 1, 1, 3, 1, 4, 1, 1, 4, 1, 1, 2, 4, 1, 2, 1, 1, 3, 1, 3, 1, 1, 1, 1, 1, 1, 1, 1, 3, 2, 1, 4, 2, 1, 2, 2, 3, 1]|[0, 2, 1, 1, 3, 3, 0, 1, 0, 0, 0, 0, 1, 0, 1, 0, 0, 3, 1, 0, 0, 0, 3, 1, 0, 2, 0, 0, 0, 1, 0, 0, 0, 0, 3, 0, 1, 0, 0, 2, 1, 1, 2, 0, 0, 0, 0, 1, 1, 0, 0, 0, 1, 3, 0, 0, 1, 0, 0, 1, 0, 2, 0, 1, 0, 2, 0, 0, 0, 1, 1, 3, 0, 1, 3, 0, 1, 0, 0, 2, 0, 0, 0, 0, 1, 0, 0, 0, 0, 0, 2, 1, 0, 3, 0, 1, 0, 0, 0, 1],779.6300581395685,56445.66168145439,89751.39712508128,true
60,G2_TEC,G4_BALANCED,[20, 94, 82, 15, 26, 9, 95, 42, 77, 68, 47, 5, 3, 78, 86, 54, 85, 63, 18, 44, 31, 49, 36, 14, 74, 50, 53, 17, 21, 28, 11, 64, 93, 23, 30, 83, 24, 41, 40, 52, 65, 27, 90, 70, 39, 87, 48, 69, 99, 4, 46, 1, 13, 56, 97, 59, 45, 8, 73, 37, 35, 79, 71, 66, 76, 32, 60, 80, 58, 6, 67, 61, 33, 7, 57, 34, 12, 16, 10, 22, 96, 88, 43, 81, 91, 2, 84, 29, 92, 19, 51, 89, 75, 25, 72, 38, 55, 98, 62, 0]|[2, 1, 2, 1, 1, 2, 1, 1, 1, 1, 1, 0, 2, 2, 1, 2, 0, 0, 0, 2, 2, 1, 0, 2, 0, 2, 2, 1, 0, 1, 1, 1, 0, 0, 1, 0, 2, 1, 2, 2, 0, 0, 1, 1, 0, 2, 0, 2, 1, 0, 0, 2, 0, 2, 2, 0, 1, 1, 0, 0, 2, 1, 1, 2, 2, 0, 2, 2, 2, 1, 2, 1, 1, 2, 0, 1, 1, 2, 1, 2, 0, 1, 1, 1, 1, 0, 0, 1, 0, 1, 1, 1, 0, 1, 1, 0, 0, 2, 1, 0]|[1, 3, 0, 3, 4, 1, 4, 4, 4, 4, 3, 2, 1, 0, 2, 1, 1, 1, 2, 1, 1, 3, 0, 1, 0, 1, 1, 4, 1, 4, 3, 2, 2, 0, 4, 1, 1, 4, 1, 1, 2, 1, 4, 4, 1, 1, 0, 1, 3, 2, 2, 1, 2, 1, 1, 2, 4, 3, 0, 2, 1, 3, 3, 1, 1, 2, 1, 1, 1, 4, 1, 3, 4, 1, 2, 4, 3, 1, 3, 1, 2, 4, 4, 4, 3, 2, 2, 3, 2, 4, 3, 4, 2, 4, 4, 2, 2, 1, 3, 2]|[0, 2, 0, 0, 3, 0, 1, 3, 1, 0, 2, 0, 1, 0, 1, 0, 0, 0, 1, 0, 0, 2, 0, 0, 1, 0, 0, 3, 0, 1, 0, 2, 0, 0, 3, 0, 1, 1, 0, 0, 0, 0, 1, 3, 0, 0, 1, 0, 2, 0, 0, 0, 0, 0, 1, 0, 1, 0, 1, 1, 0, 2, 0, 0, 0, 0, 0, 0, 0, 2, 0, 0, 1, 0, 0, 1, 0, 0, 3, 0, 0, 1, 2, 2, 0, 0, 0, 3, 0, 1, 0, 1, 0, 3, 1, 0, 0, 0, 0, 0],910.6016522559228,48373.278451535916,106491.20555259864,true
60,G3_TWC,G3_TWC,[31, 22, 42, 15, 26, 58, 95, 82, 77, 12, 47, 5, 93, 78, 98, 54, 85, 63, 18, 44, 20, 35, 43, 97, 91, 76, 10, 30, 21, 45, 71, 64, 1, 23, 17, 83, 24, 61, 60, 49, 6, 57, 94, 88, 65, 56, 79, 40, 67, 68, 46, 75, 0, 9, 19, 32, 81, 41, 27, 62, 87, 90, 99, 59, 53, 16, 72, 73, 70, 39, 37, 84, 3, 92, 25, 74, 28, 38, 51, 7, 11, 14, 86, 48, 89, 66, 50, 96, 33, 80, 8, 4, 34, 36, 55, 52, 13, 29, 69, 2]|[1, 1, 0, 1, 1, 1, 2, 1, 2, 1, 2, 2, 2, 1, 1, 0, 0, 1, 0, 2, 2, 0, 1, 2, 0, 1, 2, 2, 0, 0, 1, 2, 1, 0, 1, 0, 2, 0, 1, 1, 0, 1, 1, 1, 0, 2, 1, 1, 0, 0, 0, 0, 1, 1, 2, 1, 2, 0, 0, 0, 2, 1, 0, 1, 0, 1, 2, 1, 1, 1, 1, 1, 2, 0, 1, 2, 0, 0, 0, 1, 0, 1, 0, 0, 1, 0, 0, 0, 2, 0, 1, 0, 2, 0, 1, 1, 0, 0, 1, 0]|[4, 3, 2, 2, 0, 0, 2, 2, 2, 4, 1, 1, 2, 4, 4, 1, 1, 4, 2, 1, 1, 1, 1, 2, 1, 2, 1, 1, 1, 1, 3, 2, 3, 0, 4, 0, 1, 1, 0, 3, 2, 2, 4, 0, 1, 1, 3, 2, 0, 1, 2, 2, 1, 4, 0, 3, 2, 1, 1, 2, 1, 3, 1, 1, 2, 3, 0, 4, 3, 1, 4, 1, 1, 2, 4, 1, 2, 1, 1, 3, 2, 3, 1, 1, 1, 1, 1, 1, 1, 1, 3, 2, 1, 1, 4, 1, 2, 2, 3, 2]|[0, 2, 1, 1, 3, 3, 0, 1, 0, 0, 0, 0, 1, 0, 1, 0, 0, 3, 1, 0, 0, 0, 3, 1, 0, 2, 0, 0, 0, 1, 0, 0, 0, 0, 3, 0, 1, 0, 0, 2, 1, 1, 2, 0, 0, 0, 0, 1, 1, 0, 0, 0, 1, 3, 0, 0, 1, 0, 0, 1, 0, 2, 0, 1, 1, 2, 1, 0, 0, 1, 1, 3, 0, 1, 3, 0, 1, 0, 0, 2, 1, 0, 0, 0, 1, 0, 0, 0, 0, 0, 2, 1, 0, 1, 3, 1, 0, 0, 0, 0],843.7439659666079,57777.80974073964,86440.68470675517,false
60,G1_CMAX,G1_CMAX,[31, 22, 82, 15, 26, 99, 95, 42, 77, 12, 47, 5, 93, 78, 86, 54, 21, 63, 18, 44, 20, 35, 43, 97, 91, 76, 10, 30, 85, 45, 71, 64, 1, 23, 17, 83, 24, 14, 60, 36, 6, 57, 40, 88, 65, 56, 79, 94, 67, 68, 46, 75, 38, 9, 19, 32, 41, 81, 27, 87, 90, 58, 59, 11, 16, 72, 73, 70, 39, 37, 84, 3, 92, 25, 55, 48, 74, 29, 51, 7, 33, 61, 98, 28, 89, 50, 4, 96, 53, 80, 8, 66, 34, 49, 52, 0, 62, 69, 2, 13]|[1, 1, 0, 1, 1, 0, 1, 1, 2, 1, 2, 2, 2, 1, 1, 0, 0, 1, 0, 2, 2, 0, 1, 2, 0, 1, 2, 2, 0, 0, 1, 2, 1, 2, 1, 0, 2, 0, 1, 1, 0, 1, 1, 1, 0, 2, 1, 1, 0, 0, 0, 0, 1, 1, 2, 1, 0, 2, 0, 2, 1, 0, 1, 2, 1, 2, 1, 1, 1, 1, 1, 1, 0, 1, 2, 0, 2, 0, 0, 2, 2, 1, 2, 0, 1, 0, 1, 2, 0, 0, 1, 2, 2, 0, 1, 0, 1, 1, 0, 0]|[0, 3, 2, 2, 4, 1, 2, 3, 2, 4, 1, 1, 2, 4, 4, 1, 1, 4, 2, 1, 1, 1, 1, 2, 1, 2, 1, 1, 2, 1, 3, 2, 3, 1, 4, 0, 1, 1, 0, 3, 2, 2, 2, 0, 1, 1, 0, 4, 0, 1, 2, 2, 1, 4, 0, 3, 1, 1, 1, 1, 3, 1, 1, 1, 3, 0, 4, 3, 1, 4, 1, 1, 0, 4, 1, 1, 1, 1, 1, 1, 1, 3, 1, 2, 1, 1, 4, 1, 2, 1, 3, 1, 1, 1, 1, 2, 1, 4, 2, 2]|[0, 2, 1, 1, 3, 0, 1, 3, 0, 0, 0, 0, 1, 0, 1, 0, 0, 3, 1, 0, 0, 0, 3, 1, 0, 2, 0, 0, 0, 1, 0, 0, 0, 0, 3, 0, 1, 0, 0, 2, 1, 1, 1, 0, 0, 0, 0, 2, 1, 0, 0, 0, 1, 3, 0, 0, 0, 0, 0, 0, 2, 0, 1, 0, 2, 1, 0, 0, 1, 1, 3, 1, 1, 3, 0, 0, 0, 0, 0, 0, 0, 0, 0, 1, 1, 0, 0, 0, 1, 0, 2, 0, 0, 1, 1, 0, 1, 2, 0, 0],730.1276596856602,56815.01019440286,94351.50741240397,false
60,G4_BALANCED,G1_CMAX,[31, 11, 82, 15, 26, 58, 95, 42, 77, 12, 47, 5, 93, 78, 86, 54, 85, 63, 18, 44, 20, 35, 43, 97, 91, 76, 10, 30, 21, 45, 71, 64, 1, 23, 17, 83, 24, 14, 60, 36, 6, 57, 40, 88, 65, 56, 79, 94, 67, 68, 46, 75, 38, 9, 19, 32, 22, 81, 27, 87, 90, 99, 59, 62, 41, 16, 73, 70, 39, 37, 84, 3, 72, 92, 25, 34, 29, 55, 51, 7, 33, 61, 96, 48, 89, 50, 8, 98, 53, 80, 4, 66, 28, 49, 52, 0, 13, 2, 69, 74]|[1, 1, 0, 1, 1, 0, 1, 2, 2, 1, 2, 2, 2, 1, 1, 0, 0, 1, 0, 2, 2, 0, 1, 2, 0, 1, 2, 2, 0, 0, 1, 2, 1, 2, 1, 0, 2, 0, 1, 1, 0, 1, 1, 1, 0, 2, 1, 1, 0, 0, 0, 0, 1, 1, 2, 1, 0, 2, 0, 2, 1, 0, 1, 2, 2, 1, 1, 1, 1, 1, 1, 1, 2, 0, 1, 2, 0, 1, 0, 1, 2, 1, 2, 0, 1, 0, 1, 2, 0, 0, 1, 2, 0, 0, 1, 0, 0, 0, 1, 2]|[4, 3, 2, 2, 4, 1, 2, 2, 2, 4, 1, 1, 2, 4, 4, 1, 2, 4, 2, 1, 1, 1, 1, 2, 1, 2, 1, 1, 2, 1, 3, 2, 3, 1, 4, 0, 1, 1, 1, 3, 2, 2, 2, 0, 1, 1, 0, 4, 0, 1, 2, 2, 1, 4, 0, 3, 1, 2, 1, 1, 3, 1, 1, 1, 1, 3, 4, 3, 1, 4, 1, 1, 1, 0, 4, 1, 1, 4, 1, 1, 1, 3, 1, 1, 1, 1, 3, 1, 2, 1, 4, 1, 2, 1, 1, 2, 2, 2, 4, 1]|[0, 2, 1, 1, 3, 0, 1, 0, 0, 0, 0, 0, 1, 0, 1, 0, 0, 3, 1, 0, 0, 0, 3, 1, 0, 2, 0, 0, 0, 1, 0, 0, 0, 0, 3, 0, 1, 0, 0, 2, 1, 1, 1, 0, 0, 0, 0, 2, 1, 0, 0, 0, 1, 3, 0, 0, 0, 1, 0, 0, 2, 0, 1, 0, 0, 2, 0, 0, 1, 1, 3, 1, 0, 1, 3, 0, 0, 3, 0, 2, 0, 0, 0, 0, 1, 0, 2, 0, 1, 0, 0, 0, 1, 1, 1, 0, 0, 0, 2, 0],781.468167390965,55385.91204651697,96181.17954732271,true
60,G2_TEC,G4_BALANCED,[20, 94, 82, 15, 26, 9, 95, 42, 77, 68, 47, 5, 3, 78, 86, 54, 85, 63, 18, 44, 31, 49, 36, 14, 74, 50, 53, 17, 21, 28, 11, 64, 93, 23, 30, 83, 24, 41, 40, 52, 65, 27, 90, 70, 39, 87, 48, 69, 99, 4, 46, 1, 13, 56, 97, 59, 45, 8, 73, 37, 35, 79, 71, 66, 76, 32, 60, 80, 58, 6, 67, 61, 33, 7, 57, 34, 12, 16, 10, 22, 96, 88, 43, 81, 91, 2, 84, 29, 92, 19, 51, 89, 75, 25, 72, 38, 55, 98, 62, 0]|[2, 1, 2, 1, 1, 2, 1, 1, 1, 1, 1, 0, 2, 2, 1, 2, 0, 0, 0, 2, 2, 1, 0, 2, 0, 2, 2, 1, 0, 1, 1, 1, 0, 0, 1, 0, 2, 1, 2, 2, 0, 0, 1, 1, 0, 2, 0, 2, 1, 0, 0, 2, 0, 2, 2, 0, 1, 1, 0, 0, 2, 1, 1, 2, 2, 0, 2, 2, 2, 1, 2, 1, 1, 2, 0, 1, 1, 2, 1, 2, 0, 1, 1, 1, 1, 0, 0, 1, 0, 1, 1, 1, 0, 1, 1, 0, 0, 2, 1, 0]|[1, 3, 0, 3, 4, 1, 4, 4, 4, 4, 3, 2, 1, 0, 2, 1, 1, 1, 2, 1, 1, 3, 0, 1, 0, 1, 1, 4, 1, 4, 3, 2, 2, 0, 4, 1, 1, 4, 1, 1, 2, 1, 4, 4, 1, 1, 0, 1, 3, 2, 2, 1, 2, 1, 1, 2, 4, 3, 0, 2, 1, 3, 3, 1, 1, 2, 1, 1, 1, 4, 1, 3, 4, 1, 2, 4, 3, 1, 3, 1, 2, 4, 4, 4, 3, 2, 2, 3, 2, 4, 3, 4, 2, 4, 4, 2, 2, 1, 3, 2]|[0, 2, 0, 0, 3, 0, 1, 3, 1, 0, 2, 0, 1, 0, 1, 0, 0, 0, 1, 0, 0, 2, 0, 0, 1, 0, 0, 3, 0, 1, 0, 2, 0, 0, 3, 0, 1, 1, 0, 0, 0, 0, 1, 3, 0, 0, 1, 0, 2, 0, 0, 0, 0, 0, 1, 0, 1, 0, 1, 1, 0, 2, 0, 0, 0, 0, 0, 0, 0, 2, 0, 0, 1, 0, 0, 1, 0, 0, 3, 0, 0, 1, 2, 2, 0, 0, 0, 3, 0, 1, 0, 1, 0, 3, 1, 0, 0, 0, 0, 0],910.6016522559228,48373.278451535916,106491.20555259864,true
60,G3_TWC,G3_TWC,[31, 22, 42, 15, 26, 58, 95, 82, 77, 12, 47, 5, 93, 78, 98, 54, 85, 63, 18, 44, 20, 35, 43, 97, 91, 76, 10, 30, 21, 45, 71, 64, 1, 23, 17, 83, 24, 61, 60, 49, 6, 57, 94, 88, 65, 56, 79, 40, 67, 68, 46, 75, 0, 9, 19, 32, 81, 41, 27, 62, 87, 90, 99, 59, 53, 16, 72, 73, 70, 39, 37, 84, 3, 92, 25, 74, 28, 38, 51, 7, 11, 14, 86, 48, 89, 66, 50, 96, 33, 80, 8, 4, 34, 36, 55, 52, 13, 29, 69, 2]|[1, 1, 0, 1, 1, 1, 2, 1, 2, 1, 2, 2, 2, 1, 1, 0, 0, 1, 0, 2, 2, 0, 1, 2, 0, 1, 2, 2, 0, 0, 1, 2, 1, 0, 1, 0, 2, 0, 1, 1, 0, 1, 1, 1, 0, 2, 1, 1, 0, 0, 0, 0, 1, 1, 2, 1, 2, 0, 0, 0, 2, 1, 0, 1, 0, 1, 2, 1, 1, 1, 1, 1, 2, 0, 1, 2, 0, 0, 0, 1, 0, 1, 0, 0, 1, 0, 0, 0, 2, 0, 1, 0, 2, 0, 1, 1, 0, 0, 1, 0]|[4, 3, 2, 2, 0, 0, 2, 2, 2, 4, 1, 1, 2, 4, 4, 1, 1, 4, 2, 1, 1, 1, 1, 2, 1, 2, 1, 1, 1, 1, 3, 2, 3, 0, 4, 0, 1, 1, 0, 3, 2, 2, 4, 0, 1, 1, 3, 2, 0, 1, 2, 2, 1, 4, 0, 3, 2, 1, 1, 2, 1, 3, 1, 1, 2, 3, 0, 4, 3, 1, 4, 1, 1, 2, 4, 1, 2, 1, 1, 3, 2, 3, 1, 1, 1, 1, 1, 1, 1, 1, 3, 2, 1, 1, 4, 1, 2, 2, 3, 2]|[0, 2, 1, 1, 3, 3, 0, 1, 0, 0, 0, 0, 1, 0, 1, 0, 0, 3, 1, 0, 0, 0, 3, 1, 0, 2, 0, 0, 0, 1, 0, 0, 0, 0, 3, 0, 1, 0, 0, 2, 1, 1, 2, 0, 0, 0, 0, 1, 1, 0, 0, 0, 1, 3, 0, 0, 1, 0, 0, 1, 0, 2, 0, 1, 1, 2, 1, 0, 0, 1, 1, 3, 0, 1, 3, 0, 1, 0, 0, 2, 1, 0, 0, 0, 1, 0, 0, 0, 0, 0, 2, 1, 0, 1, 3, 1, 0, 0, 0, 0],843.7439659666079,57777.80974073964,86440.68470675517,false
60,G1_CMAX,G1_CMAX,[31, 22, 82, 15, 26, 99, 95, 42, 77, 12, 47, 5, 93, 78, 86, 54, 21, 63, 18, 44, 20, 35, 43, 97, 91, 76, 10, 30, 85, 45, 71, 64, 1, 23, 17, 83, 24, 14, 60, 36, 6, 57, 40, 88, 65, 56, 79, 94, 67, 68, 46, 75, 38, 9, 19, 32, 41, 81, 27, 87, 90, 58, 59, 11, 16, 72, 73, 70, 39, 37, 84, 3, 92, 25, 55, 48, 74, 29, 51, 7, 33, 61, 98, 28, 89, 50, 4, 96, 53, 80, 8, 66, 34, 49, 52, 0, 62, 69, 2, 13]|[1, 1, 0, 1, 1, 0, 1, 1, 2, 1, 2, 2, 2, 1, 1, 0, 0, 1, 0, 2, 2, 0, 1, 2, 0, 1, 2, 2, 0, 0, 1, 2, 1, 2, 1, 0, 2, 0, 1, 1, 0, 1, 1, 1, 0, 2, 1, 1, 0, 0, 0, 0, 1, 1, 2, 1, 0, 2, 0, 2, 1, 0, 1, 2, 1, 2, 1, 1, 1, 1, 1, 1, 0, 1, 2, 0, 2, 0, 0, 2, 2, 1, 2, 0, 1, 0, 1, 2, 0, 0, 1, 2, 2, 0, 1, 0, 1, 1, 0, 0]|[0, 3, 2, 2, 4, 1, 2, 3, 2, 4, 1, 1, 2, 4, 4, 1, 1, 4, 2, 1, 1, 1, 1, 2, 1, 2, 1, 1, 2, 1, 3, 2, 3, 1, 4, 0, 1, 1, 0, 3, 2, 2, 2, 0, 1, 1, 0, 4, 0, 1, 2, 2, 1, 4, 0, 3, 1, 1, 1, 1, 3, 1, 1, 1, 3, 0, 4, 3, 1, 4, 1, 1, 0, 4, 1, 1, 1, 1, 1, 1, 1, 3, 1, 2, 1, 1, 4, 1, 2, 1, 3, 1, 1, 1, 1, 2, 1, 4, 2, 2]|[0, 2, 1, 1, 3, 0, 1, 3, 0, 0, 0, 0, 1, 0, 1, 0, 0, 3, 1, 0, 0, 0, 3, 1, 0, 2, 0, 0, 0, 1, 0, 0, 0, 0, 3, 0, 1, 0, 0, 2, 1, 1, 1, 0, 0, 0, 0, 2, 1, 0, 0, 0, 1, 3, 0, 0, 0, 0, 0, 0, 2, 0, 1, 0, 2, 1, 0, 0, 1, 1, 3, 1, 1, 3, 0, 0, 0, 0, 0, 0, 0, 0, 0, 1, 1, 0, 0, 0, 1, 0, 2, 0, 0, 1, 1, 0, 1, 2, 0, 0],730.1276596856602,56815.01019440286,94351.50741240397,false
60,G4_BALANCED,G4_BALANCED,[31, 11, 82, 15, 26, 9, 95, 42, 77, 68, 47, 5, 93, 78, 86, 54, 85, 63, 18, 44, 20, 49, 36, 14, 74, 50, 53, 17, 21, 45, 71, 64, 3, 23, 30, 83, 24, 41, 60, 52, 65, 27, 90, 70, 39, 87, 48, 69, 99, 4, 46, 1, 13, 58, 97, 59, 28, 75, 73, 37, 35, 79, 22, 66, 76, 32, 40, 80, 96, 6, 61, 16, 7, 33, 57, 34, 12, 67, 10, 98, 56, 88, 29, 8, 91, 38, 19, 92, 43, 84, 51, 72, 81, 25, 94, 55, 0, 89, 2, 62]|[2, 1, 2, 1, 1, 2, 1, 1, 1, 1, 1, 0, 2, 2, 1, 2, 0, 0, 0, 2, 2, 1, 0, 2, 0, 2, 2, 1, 0, 1, 1, 1, 0, 0, 1, 0, 2, 1, 2, 2, 0, 0, 1, 1, 0, 2, 0, 2, 1, 0, 0, 2, 0, 0, 2, 0, 1, 1, 0, 0, 2, 1, 0, 2, 2, 0, 2, 2, 0, 1, 2, 2, 2, 1, 0, 1, 1, 1, 1, 2, 2, 1, 1, 0, 1, 0, 1, 0, 1, 0, 1, 1, 1, 1, 2, 0, 0, 1, 2, 1]|[0, 3, 0, 2, 4, 1, 4, 4, 2, 4, 3, 2, 1, 0, 2, 1, 1, 1, 2, 1, 1, 3, 0, 1, 0, 1, 1, 4, 1, 4, 3, 2, 2, 0, 4, 1, 1, 4, 0, 1, 2, 1, 4, 4, 1, 1, 0, 2, 3, 1, 2, 1, 2, 1, 1, 2, 4, 3, 0, 2, 2, 3, 1, 0, 1, 2, 0, 1, 2, 4, 1, 1, 1, 4, 2, 4, 3, 3, 3, 1, 1, 4, 3, 2, 3, 2, 4, 2, 4, 2, 3, 4, 1, 4, 1, 2, 2, 4, 1, 3]|[0, 2, 0, 1, 3, 0, 1, 3, 0, 0, 2, 0, 1, 0, 1, 0, 0, 0, 1, 0, 0, 2, 0, 0, 1, 0, 0, 3, 0, 1, 0, 2, 0, 1, 3, 0, 1, 3, 1, 0, 0, 0, 1, 3, 0, 0, 1, 0, 2, 0, 0, 0, 0, 0, 1, 0, 1, 0, 1, 1, 0, 2, 0, 0, 0, 0, 1, 0, 0, 2, 0, 0, 0, 1, 0, 1, 0, 0, 3, 0, 0, 1, 0, 0, 0, 0, 3, 0, 2, 0, 0, 2, 1, 3, 0, 0, 0, 1, 0, 0],843.8855010804491,52510.30755899072,105664.6447807653,false
60,G2_TEC,G4_BALANCED,[20, 94, 82, 15, 26, 9, 95, 42, 77, 68, 47, 5, 3, 78, 86, 54, 85, 63, 18, 44, 31, 49, 36, 14, 74, 50, 53, 17, 21, 28, 11, 64, 93, 23, 30, 83, 24, 41, 40, 52, 65, 27, 90, 70, 39, 87, 48, 69, 99, 4, 46, 1, 13, 56, 97, 59, 45, 8, 73, 37, 35, 79, 71, 66, 76, 32, 60, 80, 58, 6, 67, 61, 33, 7, 57, 34, 12, 16, 10, 22, 96, 88, 43, 81, 91, 2, 84, 29, 92, 19, 51, 89, 75, 25, 72, 38, 55, 98, 62, 0]|[2, 1, 2, 1, 1, 2, 1, 1, 1, 1, 1, 0, 2, 2, 1, 2, 0, 0, 0, 2, 2, 1, 0, 2, 0, 2, 2, 1, 0, 1, 1, 1, 0, 0, 1, 0, 2, 1, 2, 2, 0, 0, 1, 1, 0, 2, 0, 2, 1, 0, 0, 2, 0, 2, 2, 0, 1, 1, 0, 0, 2, 1, 1, 2, 2, 0, 2, 2, 2, 1, 2, 1, 1, 2, 0, 1, 1, 2, 1, 2, 0, 1, 1, 1, 1, 0, 0, 1, 0, 1, 1, 1, 0, 1, 1, 0, 0, 2, 1, 0]|[1, 3, 0, 3, 4, 1, 4, 4, 4, 4, 3, 2, 1, 0, 2, 1, 1, 1, 2, 1, 1, 3, 0, 1, 0, 1, 1, 4, 1, 4, 3, 2, 2, 0, 4, 1, 1, 4, 1, 1, 2, 1, 4, 4, 1, 1, 0, 1, 3, 2, 2, 1, 2, 1, 1, 2, 4, 3, 0, 2, 1, 3, 3, 1, 1, 2, 1, 1, 1, 4, 1, 3, 4, 1, 2, 4, 3, 1, 3, 1, 2, 4, 4, 4, 3, 2, 2, 3, 2, 4, 3, 4, 2, 4, 4, 2, 2, 1, 3, 2]|[0, 2, 0, 0, 3, 0, 1, 3, 1, 0, 2, 0, 1, 0, 1, 0, 0, 0, 1, 0, 0, 2, 0, 0, 1, 0, 0, 3, 0, 1, 0, 2, 0, 0, 3, 0, 1, 1, 0, 0, 0, 0, 1, 3, 0, 0, 1, 0, 2, 0, 0, 0, 0, 0, 1, 0, 1, 0, 1, 1, 0, 2, 0, 0, 0, 0, 0, 0, 0, 2, 0, 0, 1, 0, 0, 1, 0, 0, 3, 0, 0, 1, 2, 2, 0, 0, 0, 3, 0, 1, 0, 1, 0, 3, 1, 0, 0, 0, 0, 0],910.6016522559228,48373.278451535916,106491.20555259864,true
60,G3_TWC,G3_TWC,[31, 22, 42, 15, 26, 58, 95, 82, 77, 12, 47, 5, 93, 78, 98, 54, 85, 63, 18, 44, 20, 35, 43, 97, 91, 76, 10, 30, 21, 45, 71, 64, 1, 23, 17, 83, 24, 61, 60, 49, 6, 57, 94, 88, 65, 56, 79, 40, 67, 68, 46, 75, 0, 9, 19, 32, 81, 41, 27, 62, 87, 90, 99, 59, 53, 16, 72, 73, 70, 39, 37, 84, 3, 92, 25, 74, 28, 38, 51, 7, 11, 14, 86, 48, 89, 66, 50, 96, 33, 80, 8, 4, 34, 36, 55, 52, 13, 29, 69, 2]|[1, 1, 0, 1, 1, 1, 2, 1, 2, 1, 2, 2, 2, 1, 1, 0, 0, 1, 0, 2, 2, 0, 1, 2, 0, 1, 2, 2, 0, 0, 1, 2, 1, 0, 1, 0, 2, 0, 1, 1, 0, 1, 1, 1, 0, 2, 1, 1, 0, 0, 0, 0, 1, 1, 2, 1, 2, 0, 0, 0, 2, 1, 0, 1, 0, 1, 2, 1, 1, 1, 1, 1, 2, 0, 1, 2, 0, 0, 0, 1, 0, 1, 0, 0, 1, 0, 0, 0, 2, 0, 1, 0, 2, 0, 1, 1, 0, 0, 1, 0]|[4, 3, 2, 2, 0, 0, 2, 2, 2, 4, 1, 1, 2, 4, 4, 1, 1, 4, 2, 1, 1, 1, 1, 2, 1, 2, 1, 1, 1, 1, 3, 2, 3, 0, 4, 0, 1, 1, 0, 3, 2, 2, 4, 0, 1, 1, 3, 2, 0, 1, 2, 2, 1, 4, 0, 3, 2, 1, 1, 2, 1, 3, 1, 1, 2, 3, 0, 4, 3, 1, 4, 1, 1, 2, 4, 1, 2, 1, 1, 3, 2, 3, 1, 1, 1, 1, 1, 1, 1, 1, 3, 2, 1, 1, 4, 1, 2, 2, 3, 2]|[0, 2, 1, 1, 3, 3, 0, 1, 0, 0, 0, 0, 1, 0, 1, 0, 0, 3, 1, 0, 0, 0, 3, 1, 0, 2, 0, 0, 0, 1, 0, 0, 0, 0, 3, 0, 1, 0, 0, 2, 1, 1, 2, 0, 0, 0, 0, 1, 1, 0, 0, 0, 1, 3, 0, 0, 1, 0, 0, 1, 0, 2, 0, 1, 1, 2, 1, 0, 0, 1, 1, 3, 0, 1, 3, 0, 1, 0, 0, 2, 1, 0, 0, 0, 1, 0, 0, 0, 0, 0, 2, 1, 0, 1, 3, 1, 0, 0, 0, 0],843.7439659666079,57777.80974073964,86440.68470675517,false
60,G1_CMAX,G1_CMAX,[31, 22, 82, 15, 26, 99, 95, 42, 77, 12, 47, 5, 93, 78, 86, 54, 21, 63, 18, 44, 20, 35, 43, 97, 91, 76, 10, 30, 85, 45, 71, 64, 1, 23, 17, 83, 24, 14, 60, 36, 6, 57, 40, 88, 65, 56, 79, 94, 67, 68, 46, 75, 38, 9, 19, 32, 41, 81, 27, 87, 90, 58, 59, 11, 16, 72, 73, 70, 39, 37, 84, 3, 92, 25, 55, 48, 74, 29, 51, 7, 33, 61, 98, 28, 89, 50, 4, 96, 53, 80, 8, 66, 34, 49, 52, 0, 62, 69, 2, 13]|[1, 1, 0, 1, 1, 0, 1, 1, 2, 1, 2, 2, 2, 1, 1, 0, 0, 1, 0, 2, 2, 0, 1, 2, 0, 1, 2, 2, 0, 0, 1, 2, 1, 2, 1, 0, 2, 0, 1, 1, 0, 1, 1, 1, 0, 2, 1, 1, 0, 0, 0, 0, 1, 1, 2, 1, 0, 2, 0, 2, 1, 0, 1, 2, 1, 2, 1, 1, 1, 1, 1, 1, 0, 1, 2, 0, 2, 0, 0, 2, 2, 1, 2, 0, 1, 0, 1, 2, 0, 0, 1, 2, 2, 0, 1, 0, 1, 1, 0, 0]|[0, 3, 2, 2, 4, 1, 2, 3, 2, 4, 1, 1, 2, 4, 4, 1, 1, 4, 2, 1, 1, 1, 1, 2, 1, 2, 1, 1, 2, 1, 3, 2, 3, 1, 4, 0, 1, 1, 0, 3, 2, 2, 2, 0, 1, 1, 0, 4, 0, 1, 2, 2, 1, 4, 0, 3, 1, 1, 1, 1, 3, 1, 1, 1, 3, 0, 4, 3, 1, 4, 1, 1, 0, 4, 1, 1, 1, 1, 1, 1, 1, 3, 1, 2, 1, 1, 4, 1, 2, 1, 3, 1, 1, 1, 1, 2, 1, 4, 2, 2]|[0, 2, 1, 1, 3, 0, 1, 3, 0, 0, 0, 0, 1, 0, 1, 0, 0, 3, 1, 0, 0, 0, 3, 1, 0, 2, 0, 0, 0, 1, 0, 0, 0, 0, 3, 0, 1, 0, 0, 2, 1, 1, 1, 0, 0, 0, 0, 2, 1, 0, 0, 0, 1, 3, 0, 0, 0, 0, 0, 0, 2, 0, 1, 0, 2, 1, 0, 0, 1, 1, 3, 1, 1, 3, 0, 0, 0, 0, 0, 0, 0, 0, 0, 1, 1, 0, 0, 0, 1, 0, 2, 0, 0, 1, 1, 0, 1, 2, 0, 0],730.1276596856602,56815.01019440286,94351.50741240397,false
60,G4_BALANCED,G3_TWC,[31, 22, 42, 15, 26, 58, 95, 82, 77, 12, 47, 5, 93, 78, 98, 54, 85, 63, 18, 44, 20, 35, 43, 97, 91, 76, 10, 30, 21, 45, 71, 64, 1, 23, 17, 83, 24, 61, 60, 49, 6, 57, 94, 88, 65, 56, 79, 40, 67, 68, 46, 75, 38, 9, 19, 32, 81, 41, 27, 62, 87, 90, 99, 59, 53, 16, 72, 73, 70, 39, 37, 84, 3, 92, 25, 74, 28, 29, 51, 7, 11, 14, 86, 66, 89, 50, 48, 96, 33, 80, 4, 8, 34, 0, 55, 52, 13, 2, 69, 36]|[1, 1, 0, 1, 1, 1, 2, 1, 2, 1, 2, 2, 2, 1, 1, 0, 0, 1, 0, 2, 2, 0, 1, 2, 0, 1, 2, 2, 0, 0, 1, 2, 1, 0, 1, 0, 2, 0, 1, 1, 0, 1, 1, 1, 0, 2, 1, 1, 0, 0, 0, 0, 1, 1, 2, 1, 2, 0, 0, 0, 2, 1, 0, 1, 0, 1, 2, 1, 1, 1, 1, 1, 2, 0, 1, 2, 0, 0, 0, 1, 2, 1, 0, 2, 1, 0, 0, 2, 2, 0, 0, 1, 2, 0, 1, 1, 0, 0, 1, 0]|[4, 3, 2, 2, 0, 0, 2, 2, 2, 4, 1, 1, 2, 4, 4, 1, 1, 4, 2, 1, 1, 1, 1, 2, 1, 2, 1, 1, 1, 1, 3, 2, 3, 0, 4, 0, 1, 1, 0, 3, 2, 2, 4, 0, 1, 1, 3, 2, 0, 1, 2, 2, 1, 4, 0, 3, 2, 1, 1, 2, 1, 3, 1, 1, 2, 3, 0, 4, 3, 1, 4, 1, 1, 2, 4, 1, 2, 1, 1, 3, 1, 3, 1, 1, 1, 1, 1, 1, 1, 1, 2, 3, 1, 2, 4, 1, 2, 2, 3, 1]|[0, 2, 1, 1, 3, 3, 0, 1, 0, 0, 0, 0, 1, 0, 1, 0, 0, 3, 1, 0, 0, 0, 3, 1, 0, 2, 0, 0, 0, 1, 0, 0, 0, 0, 3, 0, 1, 0, 0, 2, 1, 1, 2, 0, 0, 0, 0, 1, 1, 0, 0, 0, 1, 3, 0, 0, 1, 0, 0, 1, 0, 2, 0, 1, 1, 2, 1, 0, 0, 1, 1, 3, 0, 1, 3, 0, 1, 0, 0, 2, 0, 0, 0, 0, 1, 0, 0, 0, 0, 0, 1, 2, 0, 0, 3, 1, 0, 0, 0, 1],776.8014574687213,57337.89426688731,87368.31945374951,true
60,G2_TEC,G4_BALANCED,[20, 94, 82, 15, 26, 9, 95, 42, 77, 68, 47, 5, 3, 78, 86, 54, 85, 63, 18, 44, 31, 49, 36, 14, 74, 50, 53, 17, 21, 28, 11, 64, 93, 23, 30, 83, 24, 41, 40, 52, 65, 27, 90, 70, 39, 87, 48, 69, 99, 4, 46, 1, 13, 56, 97, 59, 45, 8, 73, 37, 35, 79, 71, 66, 76, 32, 60, 80, 58, 6, 67, 61, 33, 7, 57, 34, 12, 16, 10, 22, 96, 88, 43, 81, 91, 2, 84, 29, 92, 19, 51, 89, 75, 25, 72, 38, 55, 98, 62, 0]|[2, 1, 2, 1, 1, 2, 1, 1, 1, 1, 1, 0, 2, 2, 1, 2, 0, 0, 0, 2, 2, 1, 0, 2, 0, 2, 2, 1, 0, 1, 1, 1, 0, 0, 1, 0, 2, 1, 2, 2, 0, 0, 1, 1, 0, 2, 0, 2, 1, 0, 0, 2, 0, 2, 2, 0, 1, 1, 0, 0, 2, 1, 1, 2, 2, 0, 2, 2, 2, 1, 2, 1, 1, 2, 0, 1, 1, 2, 1, 2, 0, 1, 1, 1, 1, 0, 0, 1, 0, 1, 1, 1, 0, 1, 1, 0, 0, 2, 1, 0]|[1, 3, 0, 3, 4, 1, 4, 4, 4, 4, 3, 2, 1, 0, 2, 1, 1, 1, 2, 1, 1, 3, 0, 1, 0, 1, 1, 4, 1, 4, 3, 2, 2, 0, 4, 1, 1, 4, 1, 1, 2, 1, 4, 4, 1, 1, 0, 1, 3, 2, 2, 1, 2, 1, 1, 2, 4, 3, 0, 2, 1, 3, 3, 1, 1, 2, 1, 1, 1, 4, 1, 3, 4, 1, 2, 4, 3, 1, 3, 1, 2, 4, 4, 4, 3, 2, 2, 3, 2, 4, 3, 4, 2, 4, 4, 2, 2, 1, 3, 2]|[0, 2, 0, 0, 3, 0, 1, 3, 1, 0, 2, 0, 1, 0, 1, 0, 0, 0, 1, 0, 0, 2, 0, 0, 1, 0, 0, 3, 0, 1, 0, 2, 0, 0, 3, 0, 1, 1, 0, 0, 0, 0, 1, 3, 0, 0, 1, 0, 2, 0, 0, 0, 0, 0, 1, 0, 1, 0, 1, 1, 0, 2, 0, 0, 0, 0, 0, 0, 0, 2, 0, 0, 1, 0, 0, 1, 0, 0, 3, 0, 0, 1, 2, 2, 0, 0, 0, 3, 0, 1, 0, 1, 0, 3, 1, 0, 0, 0, 0, 0],910.6016522559228,48373.278451535916,106491.20555259864,true
60,G3_TWC,G3_TWC,[31, 22, 42, 15, 26, 58, 95, 82, 77, 12, 47, 5, 93, 78, 98, 54, 85, 63, 18, 44, 20, 35, 43, 97, 91, 76, 10, 30, 21, 45, 71, 64, 1, 23, 17, 83, 24, 61, 60, 49, 6, 57, 94, 88, 65, 56, 79, 40, 67, 68, 46, 75, 0, 9, 19, 32, 81, 41, 27, 62, 87, 90, 99, 59, 53, 16, 72, 73, 70, 39, 37, 84, 3, 92, 25, 74, 28, 38, 51, 7, 11, 14, 86, 48, 89, 66, 50, 96, 33, 80, 8, 4, 34, 36, 55, 52, 13, 29, 69, 2]|[1, 1, 0, 1, 1, 1, 2, 1, 2, 1, 2, 2, 2, 1, 1, 0, 0, 1, 0, 2, 2, 0, 1, 2, 0, 1, 2, 2, 0, 0, 1, 2, 1, 0, 1, 0, 2, 0, 1, 1, 0, 1, 1, 1, 0, 2, 1, 1, 0, 0, 0, 0, 1, 1, 2, 1, 2, 0, 0, 0, 2, 1, 0, 1, 0, 1, 2, 1, 1, 1, 1, 1, 2, 0, 1, 2, 0, 0, 0, 1, 0, 1, 0, 0, 1, 0, 0, 0, 2, 0, 1, 0, 2, 0, 1, 1, 0, 0, 1, 0]|[4, 3, 2, 2, 0, 0, 2, 2, 2, 4, 1, 1, 2, 4, 4, 1, 1, 4, 2, 1, 1, 1, 1, 2, 1, 2, 1, 1, 1, 1, 3, 2, 3, 0, 4, 0, 1, 1, 0, 3, 2, 2, 4, 0, 1, 1, 3, 2, 0, 1, 2, 2, 1, 4, 0, 3, 2, 1, 1, 2, 1, 3, 1, 1, 2, 3, 0, 4, 3, 1, 4, 1, 1, 2, 4, 1, 2, 1, 1, 3, 2, 3, 1, 1, 1, 1, 1, 1, 1, 1, 3, 2, 1, 1, 4, 1, 2, 2, 3, 2]|[0, 2, 1, 1, 3, 3, 0, 1, 0, 0, 0, 0, 1, 0, 1, 0, 0, 3, 1, 0, 0, 0, 3, 1, 0, 2, 0, 0, 0, 1, 0, 0, 0, 0, 3, 0, 1, 0, 0, 2, 1, 1, 2, 0, 0, 0, 0, 1, 1, 0, 0, 0, 1, 3, 0, 0, 1, 0, 0, 1, 0, 2, 0, 1, 1, 2, 1, 0, 0, 1, 1, 3, 0, 1, 3, 0, 1, 0, 0, 2, 1, 0, 0, 0, 1, 0, 0, 0, 0, 0, 2, 1, 0, 1, 3, 1, 0, 0, 0, 0],843.7439659666079,57777.80974073964,86440.68470675517,false
60,G1_CMAX,G1_CMAX,[31, 22, 82, 15, 26, 99, 95, 42, 77, 12, 47, 5, 93, 78, 86, 54, 21, 63, 18, 44, 20, 35, 43, 97, 91, 76, 10, 30, 85, 45, 71, 64, 1, 23, 17, 83, 24, 14, 60, 36, 6, 57, 40, 88, 65, 56, 79, 94, 67, 68, 46, 75, 38, 9, 19, 32, 41, 81, 27, 87, 90, 58, 59, 11, 16, 72, 73, 70, 39, 37, 84, 3, 92, 25, 55, 48, 74, 29, 51, 7, 33, 61, 98, 28, 89, 50, 4, 96, 53, 80, 8, 66, 34, 49, 52, 0, 62, 69, 2, 13]|[1, 1, 0, 1, 1, 0, 1, 1, 2, 1, 2, 2, 2, 1, 1, 0, 0, 1, 0, 2, 2, 0, 1, 2, 0, 1, 2, 2, 0, 0, 1, 2, 1, 2, 1, 0, 2, 0, 1, 1, 0, 1, 1, 1, 0, 2, 1, 1, 0, 0, 0, 0, 1, 1, 2, 1, 0, 2, 0, 2, 1, 0, 1, 2, 1, 2, 1, 1, 1, 1, 1, 1, 0, 1, 2, 0, 2, 0, 0, 2, 2, 1, 2, 0, 1, 0, 1, 2, 0, 0, 1, 2, 2, 0, 1, 0, 1, 1, 0, 0]|[0, 3, 2, 2, 4, 1, 2, 3, 2, 4, 1, 1, 2, 4, 4, 1, 1, 4, 2, 1, 1, 1, 1, 2, 1, 2, 1, 1, 2, 1, 3, 2, 3, 1, 4, 0, 1, 1, 0, 3, 2, 2, 2, 0, 1, 1, 0, 4, 0, 1, 2, 2, 1, 4, 0, 3, 1, 1, 1, 1, 3, 1, 1, 1, 3, 0, 4, 3, 1, 4, 1, 1, 0, 4, 1, 1, 1, 1, 1, 1, 1, 3, 1, 2, 1, 1, 4, 1, 2, 1, 3, 1, 1, 1, 1, 2, 1, 4, 2, 2]|[0, 2, 1, 1, 3, 0, 1, 3, 0, 0, 0, 0, 1, 0, 1, 0, 0, 3, 1, 0, 0, 0, 3, 1, 0, 2, 0, 0, 0, 1, 0, 0, 0, 0, 3, 0, 1, 0, 0, 2, 1, 1, 1, 0, 0, 0, 0, 2, 1, 0, 0, 0, 1, 3, 0, 0, 0, 0, 0, 0, 2, 0, 1, 0, 2, 1, 0, 0, 1, 1, 3, 1, 1, 3, 0, 0, 0, 0, 0, 0, 0, 0, 0, 1, 1, 0, 0, 0, 1, 0, 2, 0, 0, 1, 1, 0, 1, 2, 0, 0],730.1276596856602,56815.01019440286,94351.50741240397,false
60,G4_BALANCED,G4_BALANCED,[31, 11, 82, 15, 26, 9, 95, 42, 77, 68, 47, 5, 93, 78, 86, 54, 85, 63, 18, 44, 20, 49, 36, 14, 74, 50, 53, 17, 21, 45, 71, 64, 3, 23, 30, 83, 24, 41, 60, 52, 65, 27, 90, 70, 39, 87, 48, 69, 99, 4, 46, 1, 13, 58, 97, 59, 28, 75, 73, 37, 35, 79, 22, 66, 76, 32, 40, 80, 96, 6, 61, 16, 33, 7, 57, 34, 12, 67, 10, 98, 56, 88, 29, 8, 91, 38, 19, 92, 0, 84, 51, 72, 81, 89, 25, 55, 94, 2, 43, 62]|[2, 1, 2, 1, 1, 2, 1, 1, 1, 1, 1, 0, 2, 2, 1, 2, 0, 0, 0, 2, 2, 1, 0, 2, 0, 2, 2, 1, 0, 1, 1, 1, 0, 0, 1, 0, 2, 1, 2, 2, 0, 0, 1, 1, 0, 2, 0, 2, 1, 0, 0, 2, 0, 0, 2, 0, 1, 1, 0, 0, 2, 1, 0, 1, 2, 0, 2, 2, 0, 1, 1, 2, 1, 2, 0, 1, 1, 1, 1, 2, 2, 1, 1, 0, 1, 0, 1, 0, 0, 0, 1, 1, 1, 1, 1, 0, 2, 2, 1, 1]|[0, 3, 0, 2, 4, 1, 4, 4, 2, 4, 3, 2, 1, 0, 2, 1, 1, 1, 2, 1, 1, 3, 0, 1, 0, 1, 1, 4, 1, 4, 3, 2, 2, 0, 4, 1, 1, 4, 0, 1, 2, 1, 4, 4, 1, 1, 0, 2, 3, 1, 2, 1, 2, 1, 1, 2, 4, 3, 0, 2, 2, 3, 1, 1, 1, 2, 0, 1, 2, 4, 3, 1, 4, 1, 2, 4, 3, 3, 3, 1, 1, 4, 3, 2, 3, 2, 4, 2, 2, 2, 3, 4, 4, 4, 4, 2, 1, 1, 4, 3]|[0, 2, 0, 1, 3, 0, 1, 3, 0, 0, 2, 0, 1, 0, 1, 0, 0, 0, 1, 0, 0, 2, 0, 0, 1, 0, 0, 3, 0, 1, 0, 2, 0, 1, 3, 0, 1, 3, 0, 0, 0, 0, 1, 3, 0, 0, 1, 0, 2, 0, 0, 0, 0, 0, 1, 0, 1, 0, 1, 1, 0, 2, 0, 2, 0, 0, 0, 0, 0, 2, 0, 0, 1, 0, 0, 1, 0, 0, 3, 0, 0, 1, 0, 0, 0, 0, 3, 0, 0, 0, 0, 2, 1, 1, 3, 0, 0, 0, 2, 0],851.3950062933596,51439.941474506384,111583.71672538936,false
60,G2_TEC,G4_BALANCED,[20, 94, 82, 15, 26, 9, 95, 42, 77, 68, 47, 5, 3, 78, 86, 54, 85, 63, 18, 44, 31, 49, 36, 14, 74, 50, 53, 17, 21, 28, 11, 64, 93, 23, 30, 83, 24, 41, 40, 52, 65, 27, 90, 70, 39, 87, 48, 69, 99, 4, 46, 1, 13, 56, 97, 59, 45, 8, 73, 37, 35, 79, 71, 66, 76, 32, 60, 80, 58, 6, 67, 61, 33, 7, 57, 34, 12, 16, 10, 22, 96, 88, 43, 81, 91, 2, 84, 29, 92, 19, 51, 89, 75, 25, 72, 38, 55, 98, 62, 0]|[2, 1, 2, 1, 1, 2, 1, 1, 1, 1, 1, 0, 2, 2, 1, 2, 0, 0, 0, 2, 2, 1, 0, 2, 0, 2, 2, 1, 0, 1, 1, 1, 0, 0, 1, 0, 2, 1, 2, 2, 0, 0, 1, 1, 0, 2, 0, 2, 1, 0, 0, 2, 0, 2, 2, 0, 1, 1, 0, 0, 2, 1, 1, 2, 2, 0, 2, 2, 2, 1, 2, 1, 1, 2, 0, 1, 1, 2, 1, 2, 0, 1, 1, 1, 1, 0, 0, 1, 0, 1, 1, 1, 0, 1, 1, 0, 0, 2, 1, 0]|[1, 3, 0, 3, 4, 1, 4, 4, 4, 4, 3, 2, 1, 0, 2, 1, 1, 1, 2, 1, 1, 3, 0, 1, 0, 1, 1, 4, 1, 4, 3, 2, 2, 0, 4, 1, 1, 4, 1, 1, 2, 1, 4, 4, 1, 1, 0, 1, 3, 2, 2, 1, 2, 1, 1, 2, 4, 3, 0, 2, 1, 3, 3, 1, 1, 2, 1, 1, 1, 4, 1, 3, 4, 1, 2, 4, 3, 1, 3, 1, 2, 4, 4, 4, 3, 2, 2, 3, 2, 4, 3, 4, 2, 4, 4, 2, 2, 1, 3, 2]|[0, 2, 0, 0, 3, 0, 1, 3, 1, 0, 2, 0, 1, 0, 1, 0, 0, 0, 1, 0, 0, 2, 0, 0, 1, 0, 0, 3, 0, 1, 0, 2, 0, 0, 3, 0, 1, 1, 0, 0, 0, 0, 1, 3, 0, 0, 1, 0, 2, 0, 0, 0, 0, 0, 1, 0, 1, 0, 1, 1, 0, 2, 0, 0, 0, 0, 0, 0, 0, 2, 0, 0, 1, 0, 0, 1, 0, 0, 3, 0, 0, 1, 2, 2, 0, 0, 0, 3, 0, 1, 0, 1, 0, 3, 1, 0, 0, 0, 0, 0],910.6016522559228,48373.278451535916,106491.20555259864,true
60,G3_TWC,G3_TWC,[31, 22, 42, 15, 26, 58, 95, 82, 77, 12, 47, 5, 93, 78, 98, 54, 85, 63, 18, 44, 20, 35, 43, 97, 91, 76, 10, 30, 21, 45, 71, 64, 1, 23, 17, 83, 24, 61, 60, 49, 6, 57, 94, 88, 65, 56, 79, 40, 67, 68, 46, 75, 0, 9, 19, 32, 81, 41, 27, 62, 87, 90, 99, 59, 53, 16, 72, 73, 70, 39, 37, 84, 3, 92, 25, 74, 28, 38, 51, 7, 11, 14, 86, 48, 89, 66, 50, 96, 33, 80, 8, 4, 34, 36, 55, 52, 13, 29, 69, 2]|[1, 1, 0, 1, 1, 1, 2, 1, 2, 1, 2, 2, 2, 1, 1, 0, 0, 1, 0, 2, 2, 0, 1, 2, 0, 1, 2, 2, 0, 0, 1, 2, 1, 0, 1, 0, 2, 0, 1, 1, 0, 1, 1, 1, 0, 2, 1, 1, 0, 0, 0, 0, 1, 1, 2, 1, 2, 0, 0, 0, 2, 1, 0, 1, 0, 1, 2, 1, 1, 1, 1, 1, 2, 0, 1, 2, 0, 0, 0, 1, 0, 1, 0, 0, 1, 0, 0, 0, 2, 0, 1, 0, 2, 0, 1, 1, 0, 0, 1, 0]|[4, 3, 2, 2, 0, 0, 2, 2, 2, 4, 1, 1, 2, 4, 4, 1, 1, 4, 2, 1, 1, 1, 1, 2, 1, 2, 1, 1, 1, 1, 3, 2, 3, 0, 4, 0, 1, 1, 0, 3, 2, 2, 4, 0, 1, 1, 3, 2, 0, 1, 2, 2, 1, 4, 0, 3, 2, 1, 1, 2, 1, 3, 1, 1, 2, 3, 0, 4, 3, 1, 4, 1, 1, 2, 4, 1, 2, 1, 1, 3, 2, 3, 1, 1, 1, 1, 1, 1, 1, 1, 3, 2, 1, 1, 4, 1, 2, 2, 3, 2]|[0, 2, 1, 1, 3, 3, 0, 1, 0, 0, 0, 0, 1, 0, 1, 0, 0, 3, 1, 0, 0, 0, 3, 1, 0, 2, 0, 0, 0, 1, 0, 0, 0, 0, 3, 0, 1, 0, 0, 2, 1, 1, 2, 0, 0, 0, 0, 1, 1, 0, 0, 0, 1, 3, 0, 0, 1, 0, 0, 1, 0, 2, 0, 1, 1, 2, 1, 0, 0, 1, 1, 3, 0, 1, 3, 0, 1, 0, 0, 2, 1, 0, 0, 0, 1, 0, 0, 0, 0, 0, 2, 1, 0, 1, 3, 1, 0, 0, 0, 0],843.7439659666079,57777.80974073964,86440.68470675517,false
60,G1_CMAX,G1_CMAX,[31, 22, 90, 26, 58, 95, 42, 12, 93, 5, 78, 86, 98, 18, 20, 35, 3, 97, 91, 76, 10, 85, 54, 45, 63, 71, 66, 1, 23, 17, 24, 60, 36, 6, 57, 15, 65, 56, 47, 79, 94, 67, 50, 46, 14, 75, 38, 9, 30, 19, 32, 81, 27, 92, 83, 87, 40, 99, 59, 11, 53, 16, 72, 77, 73, 70, 39, 37, 84, 43, 62, 25, 55, 28, 29, 51, 68, 82, 74, 61, 88, 21, 80, 89, 7, 69, 96, 41, 48, 4, 8, 34, 49, 52, 0, 44, 13, 2, 64, 33]|[1, 1, 1, 1, 0, 2, 1, 1, 2, 2, 2, 1, 0, 1, 2, 2, 1, 2, 0, 1, 2, 2, 2, 0, 0, 1, 2, 1, 2, 1, 2, 1, 1, 0, 1, 1, 0, 2, 2, 1, 1, 0, 0, 0, 0, 1, 1, 1, 1, 2, 1, 2, 2, 0, 0, 2, 1, 0, 0, 2, 0, 1, 2, 2, 1, 1, 1, 1, 1, 1, 0, 1, 1, 0, 0, 0, 0, 0, 2, 1, 1, 0, 0, 1, 1, 1, 2, 2, 0, 1, 1, 2, 0, 1, 0, 0, 0, 0, 2, 2]|[0, 4, 3, 0, 1, 1, 2, 4, 1, 1, 2, 4, 1, 4, 1, 1, 1, 2, 2, 2, 2, 1, 1, 1, 2, 3, 2, 3, 0, 4, 1, 0, 3, 2, 2, 2, 1, 1, 1, 0, 2, 0, 1, 2, 1, 3, 1, 4, 2, 0, 3, 2, 1, 2, 1, 1, 4, 1, 1, 1, 2, 3, 0, 2, 4, 3, 1, 4, 1, 1, 1, 4, 4, 2, 1, 1, 1, 2, 1, 3, 0, 1, 1, 1, 1, 3, 1, 1, 1, 4, 3, 1, 1, 1, 2, 2, 2, 2, 1, 1]|[3, 0, 2, 3, 0, 0, 1, 0, 0, 0, 1, 0, 0, 3, 0, 0, 1, 1, 1, 2, 1, 0, 0, 0, 0, 0, 0, 0, 0, 3, 1, 0, 2, 1, 1, 1, 0, 0, 0, 0, 1, 1, 0, 0, 0, 0, 1, 3, 2, 0, 0, 1, 0, 1, 0, 0, 2, 0, 0, 0, 1, 2, 1, 1, 0, 0, 1, 1, 3, 3, 0, 3, 3, 1, 0, 0, 0, 1, 0, 0, 0, 0, 0, 1, 2, 2, 0, 0, 0, 0, 2, 0, 1, 1, 0, 0, 0, 0, 0, 0],705.0470749739228,58445.79123614564,95781.2895945797,false
60,G4_BALANCED,G2_TEC,[20, 94, 82, 15, 26, 9, 95, 42, 77, 68, 47, 5, 3, 78, 86, 54, 85, 63, 18, 44, 31, 49, 36, 14, 74, 50, 53, 17, 21, 28, 11, 64, 93, 23, 30, 83, 24, 41, 40, 52, 65, 27, 90, 70, 39, 87, 48, 69, 99, 4, 46, 1, 13, 56, 97, 59, 45, 8, 73, 37, 35, 79, 71, 66, 76, 32, 60, 80, 58, 6, 67, 61, 33, 7, 57, 34, 12, 16, 10, 22, 96, 88, 43, 81, 91, 2, 84, 29, 38, 19, 51, 89, 75, 25, 72, 92, 98, 62, 55, 0]|[2, 1, 2, 1, 1, 2, 1, 1, 1, 1, 1, 0, 2, 2, 1, 2, 0, 0, 0, 2, 2, 1, 0, 2, 0, 2, 2, 1, 0, 1, 1, 1, 0, 0, 1, 0, 2, 1, 2, 2, 0, 0, 1, 1, 0, 2, 0, 2, 1, 0, 0, 2, 0, 2, 2, 0, 1, 1, 0, 0, 2, 1, 1, 2, 2, 0, 2, 2, 2, 1, 2, 1, 1, 2, 0, 1, 1, 2, 1, 2, 0, 1, 1, 1, 1, 0, 0, 1, 0, 1, 1, 1, 0, 1, 1, 0, 2, 1, 0, 0]|[1, 3, 0, 3, 4, 1, 4, 4, 4, 4, 3, 2, 1, 0, 2, 1, 1, 1, 2, 1, 1, 3, 0, 1, 0, 1, 1, 4, 1, 4, 3, 2, 2, 0, 4, 1, 1, 4, 1, 1, 2, 1, 4, 4, 1, 1, 0, 1, 3, 2, 2, 1, 2, 1, 1, 2, 4, 3, 0, 2, 1, 3, 3, 1, 1, 2, 1, 1, 1, 4, 1, 3, 4, 1, 2, 4, 3, 1, 3, 1, 2, 4, 4, 4, 3, 2, 2, 3, 2, 4, 3, 4, 2, 4, 4, 2, 1, 3, 2, 2]|[0, 2, 0, 0, 3, 0, 1, 3, 1, 0, 2, 0, 1, 0, 1, 0, 0, 0, 1, 0, 0, 2, 0, 0, 1, 0, 0, 3, 0, 1, 0, 2, 0, 0, 3, 0, 1, 1, 0, 0, 0, 0, 1, 3, 0, 0, 1, 0, 2, 0, 0, 0, 0, 0, 1, 0, 1, 0, 1, 1, 0, 2, 0, 0, 0, 0, 0, 0, 0, 2, 0, 0, 1, 0, 0, 1, 0, 0, 3, 0, 0, 1, 2, 2, 0, 0, 0, 3, 0, 1, 0, 1, 0, 3, 1, 0, 0, 0, 0, 0],910.6016522559228,48378.794252206004,106394.7676128306,true
60,G2_TEC,G4_BALANCED,[31, 11, 82, 15, 26, 9, 95, 42, 77, 68, 47, 5, 93, 78, 86, 54, 85, 63, 18, 44, 20, 49, 36, 14, 74, 50, 53, 17, 21, 45, 71, 64, 3, 23, 30, 83, 24, 41, 60, 52, 65, 27, 90, 70, 39, 87, 48, 69, 99, 4, 46, 1, 13, 58, 97, 59, 28, 75, 73, 37, 35, 79, 22, 66, 76, 32, 40, 80, 96, 6, 61, 16, 7, 33, 57, 34, 12, 67, 10, 98, 56, 88, 29, 8, 91, 38, 19, 92, 43, 84, 51, 72, 81, 25, 94, 55, 0, 89, 2, 62]|[2, 1, 2, 1, 1, 2, 1, 1, 1, 1, 1, 0, 2, 2, 1, 2, 0, 0, 0, 2, 2, 1, 0, 2, 0, 2, 2, 1, 0, 1, 1, 1, 0, 0, 1, 0, 2, 1, 2, 2, 0, 0, 1, 1, 0, 2, 0, 2, 1, 0, 0, 2, 0, 0, 2, 0, 1, 1, 0, 0, 2, 1, 0, 2, 2, 0, 2, 2, 0, 1, 2, 2, 2, 1, 0, 1, 1, 1, 1, 2, 2, 1, 1, 0, 1, 0, 1, 0, 1, 0, 1, 1, 1, 1, 2, 0, 0, 1, 2, 1]|[0, 3, 0, 2, 4, 1, 4, 4, 2, 4, 3, 2, 1, 0, 2, 1, 1, 1, 2, 1, 1, 3, 0, 1, 0, 1, 1, 4, 1, 4, 3, 2, 2, 0, 4, 1, 1, 4, 0, 1, 2, 1, 4, 4, 1, 1, 0, 2, 3, 1, 2, 1, 2, 1, 1, 2, 4, 3, 0, 2, 2, 3, 1, 0, 1, 2, 0, 1, 2, 4, 1, 1, 1, 4, 2, 4, 3, 3, 3, 1, 1, 4, 3, 2, 3, 2, 4, 2, 4, 2, 3, 4, 1, 4, 1, 2, 2, 4, 1, 3]|[0, 2, 0, 1, 3, 0, 1, 3, 0, 0, 2, 0, 1, 0, 1, 0, 0, 0, 1, 0, 0, 2, 0, 0, 1, 0, 0, 3, 0, 1, 0, 2, 0, 1, 3, 0, 1, 3, 1, 0, 0, 0, 1, 3, 0, 0, 1, 0, 2, 0, 0, 0, 0, 0, 1, 0, 1, 0, 1, 1, 0, 2, 0, 0, 0, 0, 1, 0, 0, 2, 0, 0, 0, 1, 0, 1, 0, 0, 3, 0, 0, 1, 0, 0, 0, 0, 3, 0, 2, 0, 0, 2, 1, 3, 0, 0, 0, 1, 0, 0],843.8855010804491,52510.30755899072,105664.6447807653,true
60,G3_TWC,G3_TWC,[31, 22, 42, 15, 26, 58, 95, 82, 77, 12, 47, 5, 93, 78, 98, 54, 85, 63, 18, 44, 20, 35, 43, 97, 91, 76, 10, 30, 21, 45, 71, 64, 1, 23, 17, 83, 24, 61, 60, 49, 6, 57, 94, 88, 65, 56, 79, 40, 67, 68, 46, 75, 0, 9, 19, 32, 81, 41, 27, 62, 87, 90, 99, 59, 53, 16, 72, 73, 70, 39, 37, 84, 3, 92, 25, 74, 28, 38, 51, 7, 11, 14, 86, 48, 89, 66, 50, 96, 33, 80, 8, 4, 34, 36, 55, 52, 13, 29, 69, 2]|[1, 1, 0, 1, 1, 1, 2, 1, 2, 1, 2, 2, 2, 1, 1, 0, 0, 1, 0, 2, 2, 0, 1, 2, 0, 1, 2, 2, 0, 0, 1, 2, 1, 0, 1, 0, 2, 0, 1, 1, 0, 1, 1, 1, 0, 2, 1, 1, 0, 0, 0, 0, 1, 1, 2, 1, 2, 0, 0, 0, 2, 1, 0, 1, 0, 1, 2, 1, 1, 1, 1, 1, 2, 0, 1, 2, 0, 0, 0, 1, 0, 1, 0, 0, 1, 0, 0, 0, 2, 0, 1, 0, 2, 0, 1, 1, 0, 0, 1, 0]|[4, 3, 2, 2, 0, 0, 2, 2, 2, 4, 1, 1, 2, 4, 4, 1, 1, 4, 2, 1, 1, 1, 1, 2, 1, 2, 1, 1, 1, 1, 3, 2, 3, 0, 4, 0, 1, 1, 0, 3, 2, 2, 4, 0, 1, 1, 3, 2, 0, 1, 2, 2, 1, 4, 0, 3, 2, 1, 1, 2, 1, 3, 1, 1, 2, 3, 0, 4, 3, 1, 4, 1, 1, 2, 4, 1, 2, 1, 1, 3, 2, 3, 1, 1, 1, 1, 1, 1, 1, 1, 3, 2, 1, 1, 4, 1, 2, 2, 3, 2]|[0, 2, 1, 1, 3, 3, 0, 1, 0, 0, 0, 0, 1, 0, 1, 0, 0, 3, 1, 0, 0, 0, 3, 1, 0, 2, 0, 0, 0, 1, 0, 0, 0, 0, 3, 0, 1, 0, 0, 2, 1, 1, 2, 0, 0, 0, 0, 1, 1, 0, 0, 0, 1, 3, 0, 0, 1, 0, 0, 1, 0, 2, 0, 1, 1, 2, 1, 0, 0, 1, 1, 3, 0, 1, 3, 0, 1, 0, 0, 2, 1, 0, 0, 0, 1, 0, 0, 0, 0, 0, 2, 1, 0, 1, 3, 1, 0, 0, 0, 0],843.7439659666079,57777.80974073964,86440.68470675517,false
60,G1_CMAX,G1_CMAX,[31, 22, 90, 26, 58, 95, 42, 12, 93, 5, 78, 86, 98, 18, 20, 35, 3, 97, 91, 76, 10, 85, 54, 45, 63, 71, 66, 1, 23, 17, 24, 60, 36, 6, 57, 15, 65, 56, 47, 79, 94, 67, 50, 46, 14, 75, 38, 9, 30, 19, 32, 81, 27, 92, 83, 87, 40, 99, 59, 11, 53, 16, 72, 77, 73, 70, 39, 37, 84, 43, 62, 25, 55, 28, 29, 51, 68, 82, 74, 61, 88, 21, 80, 89, 7, 69, 96, 41, 48, 4, 8, 34, 49, 52, 0, 44, 13, 2, 64, 33]|[1, 1, 1, 1, 0, 2, 1, 1, 2, 2, 2, 1, 0, 1, 2, 2, 1, 2, 0, 1, 2, 2, 2, 0, 0, 1, 2, 1, 2, 1, 2, 1, 1, 0, 1, 1, 0, 2, 2, 1, 1, 0, 0, 0, 0, 1, 1, 1, 1, 2, 1, 2, 2, 0, 0, 2, 1, 0, 0, 2, 0, 1, 2, 2, 1, 1, 1, 1, 1, 1, 0, 1, 1, 0, 0, 0, 0, 0, 2, 1, 1, 0, 0, 1, 1, 1, 2, 2, 0, 1, 1, 2, 0, 1, 0, 0, 0, 0, 2, 2]|[0, 4, 3, 0, 1, 1, 2, 4, 1, 1, 2, 4, 1, 4, 1, 1, 1, 2, 2, 2, 2, 1, 1, 1, 2, 3, 2, 3, 0, 4, 1, 0, 3, 2, 2, 2, 1, 1, 1, 0, 2, 0, 1, 2, 1, 3, 1, 4, 2, 0, 3, 2, 1, 2, 1, 1, 4, 1, 1, 1, 2, 3, 0, 2, 4, 3, 1, 4, 1, 1, 1, 4, 4, 2, 1, 1, 1, 2, 1, 3, 0, 1, 1, 1, 1, 3, 1, 1, 1, 4, 3, 1, 1, 1, 2, 2, 2, 2, 1, 1]|[3, 0, 2, 3, 0, 0, 1, 0, 0, 0, 1, 0, 0, 3, 0, 0, 1, 1, 1, 2, 1, 0, 0, 0, 0, 0, 0, 0, 0, 3, 1, 0, 2, 1, 1, 1, 0, 0, 0, 0, 1, 1, 0, 0, 0, 0, 1, 3, 2, 0, 0, 1, 0, 1, 0, 0, 2, 0, 0, 0, 1, 2, 1, 1, 0, 0, 1, 1, 3, 3, 0, 3, 3, 1, 0, 0, 0, 1, 0, 0, 0, 0, 0, 1, 2, 2, 0, 0, 0, 0, 2, 0, 1, 1, 0, 0, 0, 0, 0, 0],705.0470749739228,58445.79123614564,95781.2895945797,false
60,G4_BALANCED,G4_BALANCED,[31, 22, 82, 15, 26, 58, 95, 42, 77, 12, 47, 5, 93, 78, 44, 54, 85, 63, 18, 98, 20, 35, 43, 97, 91, 76, 10, 30, 21, 61, 71, 64, 1, 23, 17, 83, 24, 14, 60, 36, 6, 57, 94, 88, 65, 56, 79, 40, 67, 68, 46, 75, 38, 9, 19, 32, 81, 41, 27, 62, 87, 90, 99, 59, 11, 16, 72, 73, 70, 37, 84, 3, 39, 25, 28, 55, 66, 29, 51, 7, 33, 45, 86, 92, 89, 50, 69, 96, 53, 80, 4, 8, 48, 49, 52, 2, 13, 0, 34, 74]|[1, 1, 0, 1, 1, 0, 1, 2, 2, 1, 2, 2, 2, 1, 1, 0, 0, 1, 0, 2, 2, 0, 1, 2, 0, 1, 2, 2, 0, 0, 1, 2, 1, 2, 1, 0, 2, 0, 1, 1, 0, 1, 1, 1, 0, 2, 1, 1, 0, 0, 0, 0, 1, 1, 2, 1, 0, 0, 0, 0, 2, 1, 1, 2, 2, 1, 2, 1, 2, 1, 1, 2, 1, 1, 0, 1, 2, 0, 0, 1, 2, 1, 2, 0, 1, 0, 1, 2, 0, 0, 1, 0, 0, 0, 1, 0, 0, 0, 2, 2]|[4, 3, 2, 2, 4, 1, 2, 2, 2, 4, 1, 1, 2, 4, 4, 1, 2, 4, 2, 1, 1, 1, 1, 2, 1, 2, 1, 1, 1, 1, 3, 2, 3, 1, 4, 0, 1, 1, 0, 3, 2, 2, 2, 0, 1, 1, 0, 4, 0, 1, 2, 2, 1, 4, 0, 3, 1, 1, 1, 2, 1, 3, 1, 1, 1, 3, 1, 4, 1, 4, 1, 1, 1, 4, 2, 4, 1, 1, 1, 1, 1, 3, 1, 2, 1, 1, 4, 1, 2, 1, 4, 1, 1, 1, 1, 2, 2, 2, 1, 1]|[0, 2, 1, 1, 3, 0, 1, 0, 0, 0, 0, 0, 1, 0, 1, 0, 0, 3, 1, 0, 0, 0, 3, 1, 0, 2, 0, 0, 0, 1, 0, 0, 0, 0, 3, 0, 1, 0, 0, 2, 1, 1, 1, 0, 0, 0, 0, 2, 1, 0, 0, 0, 1, 3, 0, 0, 0, 0, 0, 1, 0, 2, 1, 0, 0, 2, 0, 0, 0, 1, 3, 0, 1, 3, 1, 3, 0, 0, 0, 2, 0, 0, 0, 1, 1, 0, 2, 0, 1, 0, 0, 0, 0, 1, 1, 0, 0, 0, 0, 0],823.5567668680732,55202.257254498894,96651.41535653878,false
60,G2_TEC,G1_CMAX,[31, 22, 82, 15, 26, 99, 95, 42, 77, 12, 47, 5, 93, 78, 86, 54, 21, 63, 18, 44, 20, 35, 43, 97, 91, 76, 10, 30, 85, 45, 71, 64, 1, 23, 17, 83, 24, 14, 60, 36, 6, 57, 40, 88, 65, 56, 79, 94, 67, 68, 46, 75, 38, 9, 19, 32, 41, 81, 27, 87, 90, 58, 59, 11, 62, 16, 72, 73, 39, 37, 84, 3, 92, 25, 55, 48, 70, 29, 51, 96, 33, 61, 98, 66, 89, 50, 4, 7, 53, 80, 8, 28, 34, 49, 52, 0, 74, 69, 2, 13]|[1, 1, 0, 1, 1, 0, 1, 1, 2, 1, 2, 2, 2, 1, 1, 0, 0, 1, 0, 2, 2, 0, 1, 2, 0, 1, 2, 2, 0, 0, 1, 2, 1, 2, 1, 0, 2, 0, 1, 1, 0, 1, 1, 1, 0, 2, 1, 1, 0, 0, 0, 0, 1, 1, 2, 1, 0, 2, 0, 2, 1, 0, 1, 2, 0, 1, 2, 1, 1, 1, 1, 1, 0, 1, 2, 0, 1, 0, 0, 2, 2, 1, 2, 2, 1, 0, 1, 2, 0, 0, 1, 0, 2, 0, 1, 0, 2, 1, 0, 0]|[4, 3, 2, 2, 4, 1, 2, 3, 2, 4, 1, 1, 2, 4, 4, 1, 1, 4, 2, 1, 1, 1, 1, 2, 1, 2, 1, 1, 2, 1, 3, 2, 3, 1, 4, 0, 1, 1, 0, 3, 2, 2, 2, 0, 1, 1, 0, 4, 0, 1, 2, 2, 1, 4, 0, 3, 1, 1, 1, 1, 3, 1, 1, 1, 2, 3, 0, 4, 1, 4, 1, 1, 2, 4, 1, 1, 3, 1, 1, 1, 1, 3, 1, 1, 1, 1, 4, 1, 2, 1, 3, 2, 1, 1, 1, 2, 1, 4, 2, 2]|[0, 2, 1, 1, 3, 0, 1, 3, 0, 0, 0, 0, 1, 0, 1, 0, 0, 3, 1, 0, 0, 0, 3, 1, 0, 2, 0, 0, 0, 1, 0, 0, 0, 0, 3, 0, 1, 0, 0, 2, 1, 1, 1, 0, 0, 0, 0, 2, 1, 0, 0, 0, 1, 3, 0, 0, 0, 0, 0, 0, 2, 0, 1, 0, 1, 2, 1, 0, 1, 1, 3, 1, 1, 3, 0, 0, 0, 0, 0, 0, 0, 0, 0, 0, 1, 0, 0, 0, 1, 0, 2, 1, 0, 1, 1, 0, 0, 2, 0, 0],760.8061429141708,55811.58046129318,92924.88522080088,true
60,G3_TWC,G3_TWC,[31, 22, 42, 15, 26, 58, 95, 82, 77, 12, 47, 5, 93, 78, 98, 54, 85, 63, 18, 44, 20, 35, 43, 97, 91, 76, 10, 30, 21, 45, 71, 64, 1, 23, 17, 83, 24, 61, 60, 49, 6, 57, 94, 88, 65, 56, 79, 40, 67, 68, 46, 75, 0, 9, 19, 32, 81, 41, 27, 62, 87, 90, 99, 59, 53, 16, 72, 73, 70, 39, 37, 84, 3, 92, 25, 74, 28, 38, 51, 7, 11, 14, 86, 48, 89, 66, 50, 96, 33, 80, 8, 4, 34, 36, 55, 52, 13, 29, 69, 2]|[1, 1, 0, 1, 1, 1, 2, 1, 2, 1, 2, 2, 2, 1, 1, 0, 0, 1, 0, 2, 2, 0, 1, 2, 0, 1, 2, 2, 0, 0, 1, 2, 1, 0, 1, 0, 2, 0, 1, 1, 0, 1, 1, 1, 0, 2, 1, 1, 0, 0, 0, 0, 1, 1, 2, 1, 2, 0, 0, 0, 2, 1, 0, 1, 0, 1, 2, 1, 1, 1, 1, 1, 2, 0, 1, 2, 0, 0, 0, 1, 0, 1, 0, 0, 1, 0, 0, 0, 2, 0, 1, 0, 2, 0, 1, 1, 0, 0, 1, 0]|[4, 3, 2, 2, 0, 0, 2, 2, 2, 4, 1, 1, 2, 4, 4, 1, 1, 4, 2, 1, 1, 1, 1, 2, 1, 2, 1, 1, 1, 1, 3, 2, 3, 0, 4, 0, 1, 1, 0, 3, 2, 2, 4, 0, 1, 1, 3, 2, 0, 1, 2, 2, 1, 4, 0, 3, 2, 1, 1, 2, 1, 3, 1, 1, 2, 3, 0, 4, 3, 1, 4, 1, 1, 2, 4, 1, 2, 1, 1, 3, 2, 3, 1, 1, 1, 1, 1, 1, 1, 1, 3, 2, 1, 1, 4, 1, 2, 2, 3, 2]|[0, 2, 1, 1, 3, 3, 0, 1, 0, 0, 0, 0, 1, 0, 1, 0, 0, 3, 1, 0, 0, 0, 3, 1, 0, 2, 0, 0, 0, 1, 0, 0, 0, 0, 3, 0, 1, 0, 0, 2, 1, 1, 2, 0, 0, 0, 0, 1, 1, 0, 0, 0, 1, 3, 0, 0, 1, 0, 0, 1, 0, 2, 0, 1, 1, 2, 1, 0, 0, 1, 1, 3, 0, 1, 3, 0, 1, 0, 0, 2, 1, 0, 0, 0, 1, 0, 0, 0, 0, 0, 2, 1, 0, 1, 3, 1, 0, 0, 0, 0],843.7439659666079,57777.80974073964,86440.68470675517,false
60,G1_CMAX,G1_CMAX,[31, 22, 90, 26, 58, 95, 42, 12, 93, 5, 78, 86, 98, 18, 20, 35, 3, 97, 91, 76, 10, 85, 54, 45, 63, 71, 66, 1, 23, 17, 24, 60, 36, 6, 57, 15, 65, 56, 47, 79, 94, 67, 50, 46, 14, 75, 38, 9, 30, 19, 32, 81, 27, 92, 83, 87, 40, 99, 59, 11, 53, 16, 72, 77, 73, 70, 39, 37, 84, 43, 62, 25, 55, 28, 29, 51, 68, 82, 74, 61, 88, 21, 80, 89, 7, 69, 96, 41, 48, 4, 8, 34, 49, 52, 0, 44, 13, 2, 64, 33]|[1, 1, 1, 1, 0, 2, 1, 1, 2, 2, 2, 1, 0, 1, 2, 2, 1, 2, 0, 1, 2, 2, 2, 0, 0, 1, 2, 1, 2, 1, 2, 1, 1, 0, 1, 1, 0, 2, 2, 1, 1, 0, 0, 0, 0, 1, 1, 1, 1, 2, 1, 2, 2, 0, 0, 2, 1, 0, 0, 2, 0, 1, 2, 2, 1, 1, 1, 1, 1, 1, 0, 1, 1, 0, 0, 0, 0, 0, 2, 1, 1, 0, 0, 1, 1, 1, 2, 2, 0, 1, 1, 2, 0, 1, 0, 0, 0, 0, 2, 2]|[0, 4, 3, 0, 1, 1, 2, 4, 1, 1, 2, 4, 1, 4, 1, 1, 1, 2, 2, 2, 2, 1, 1, 1, 2, 3, 2, 3, 0, 4, 1, 0, 3, 2, 2, 2, 1, 1, 1, 0, 2, 0, 1, 2, 1, 3, 1, 4, 2, 0, 3, 2, 1, 2, 1, 1, 4, 1, 1, 1, 2, 3, 0, 2, 4, 3, 1, 4, 1, 1, 1, 4, 4, 2, 1, 1, 1, 2, 1, 3, 0, 1, 1, 1, 1, 3, 1, 1, 1, 4, 3, 1, 1, 1, 2, 2, 2, 2, 1, 1]|[3, 0, 2, 3, 0, 0, 1, 0, 0, 0, 1, 0, 0, 3, 0, 0, 1, 1, 1, 2, 1, 0, 0, 0, 0, 0, 0, 0, 0, 3, 1, 0, 2, 1, 1, 1, 0, 0, 0, 0, 1, 1, 0, 0, 0, 0, 1, 3, 2, 0, 0, 1, 0, 1, 0, 0, 2, 0, 0, 0, 1, 2, 1, 1, 0, 0, 1, 1, 3, 3, 0, 3, 3, 1, 0, 0, 0, 1, 0, 0, 0, 0, 0, 1, 2, 2, 0, 0, 0, 0, 2, 0, 1, 1, 0, 0, 0, 0, 0, 0],705.0470749739228,58445.79123614564,95781.2895945797,false
60,G4_BALANCED,G2_TEC,[20, 94, 82, 15, 26, 9, 95, 42, 77, 68, 47, 5, 93, 78, 86, 54, 85, 63, 18, 44, 31, 49, 65, 14, 74, 50, 53, 17, 21, 28, 11, 64, 3, 23, 30, 83, 24, 41, 40, 52, 36, 27, 90, 70, 39, 87, 48, 69, 99, 4, 46, 1, 13, 56, 97, 59, 45, 8, 73, 37, 35, 79, 71, 66, 76, 16, 60, 38, 58, 6, 67, 61, 33, 7, 57, 34, 12, 32, 10, 80, 96, 88, 43, 81, 91, 2, 84, 29, 92, 19, 51, 89, 98, 75, 25, 72, 55, 22, 62, 0]|[2, 1, 2, 1, 1, 2, 1, 1, 1, 1, 1, 0, 2, 2, 1, 2, 0, 0, 0, 2, 2, 1, 0, 2, 0, 2, 2, 1, 0, 1, 1, 1, 0, 0, 1, 0, 2, 1, 2, 2, 0, 0, 1, 1, 0, 2, 0, 2, 1, 0, 0, 2, 0, 2, 2, 0, 1, 1, 0, 0, 2, 1, 1, 2, 2, 0, 2, 0, 2, 1, 2, 1, 1, 2, 0, 1, 1, 0, 1, 2, 0, 1, 1, 1, 1, 0, 0, 1, 0, 1, 1, 1, 2, 2, 1, 1, 0, 2, 1, 0]|[1, 3, 0, 3, 4, 1, 4, 4, 4, 4, 3, 2, 1, 0, 2, 1, 1, 1, 2, 1, 1, 3, 2, 1, 0, 1, 1, 4, 1, 4, 3, 2, 2, 0, 4, 1, 1, 4, 1, 1, 2, 1, 4, 4, 1, 1, 0, 1, 3, 2, 2, 1, 2, 1, 1, 2, 4, 3, 0, 2, 1, 3, 3, 1, 1, 2, 1, 2, 1, 4, 1, 3, 4, 1, 2, 4, 3, 2, 3, 1, 2, 4, 4, 4, 3, 2, 2, 3, 2, 4, 3, 4, 1, 1, 4, 4, 2, 1, 3, 2]|[0, 2, 0, 0, 3, 0, 1, 3, 1, 0, 2, 0, 1, 0, 1, 0, 0, 0, 1, 0, 0, 2, 0, 0, 1, 0, 0, 3, 0, 1, 0, 2, 0, 0, 3, 0, 1, 1, 0, 0, 0, 0, 1, 3, 0, 0, 1, 0, 2, 0, 0, 0, 0, 0, 1, 0, 1, 0, 1, 1, 0, 2, 0, 0, 0, 0, 0, 0, 0, 2, 0, 0, 1, 0, 0, 1, 0, 0, 3, 0, 0, 1, 2, 2, 0, 0, 0, 3, 0, 1, 0, 1, 0, 0, 3, 1, 0, 0, 0, 0],917.2209702167319,48517.740921312914,105725.15388246633,true
60,G2_TEC,G4_BALANCED,[20, 94, 82, 15, 26, 9, 95, 42, 77, 68, 47, 5, 3, 78, 86, 54, 85, 63, 18, 44, 31, 49, 36, 14, 74, 50, 53, 17, 21, 28, 11, 64, 93, 23, 30, 83, 24, 41, 40, 52, 65, 27, 90, 70, 39, 87, 48, 69, 99, 4, 46, 1, 13, 56, 97, 59, 45, 8, 73, 37, 35, 79, 71, 66, 76, 32, 60, 80, 58, 6, 67, 61, 33, 7, 57, 34, 12, 16, 10, 22, 96, 88, 43, 81, 91, 2, 84, 29, 92, 19, 51, 89, 75, 25, 72, 38, 55, 98, 62, 0]|[2, 1, 2, 1, 1, 2, 1, 1, 1, 1, 1, 0, 2, 2, 1, 2, 0, 0, 0, 2, 2, 1, 0, 2, 0, 2, 2, 1, 0, 1, 1, 1, 0, 0, 1, 0, 2, 1, 2, 2, 0, 0, 1, 1, 0, 2, 0, 2, 1, 0, 0, 2, 0, 2, 2, 0, 1, 1, 0, 0, 2, 1, 1, 2, 2, 0, 2, 2, 2, 1, 2, 1, 1, 2, 0, 1, 1, 2, 1, 2, 0, 1, 1, 1, 1, 0, 0, 1, 0, 1, 1, 1, 0, 1, 1, 0, 0, 2, 1, 0]|[1, 3, 0, 3, 4, 1, 4, 4, 4, 4, 3, 2, 1, 0, 2, 1, 1, 1, 2, 1, 1, 3, 0, 1, 0, 1, 1, 4, 1, 4, 3, 2, 2, 0, 4, 1, 1, 4, 1, 1, 2, 1, 4, 4, 1, 1, 0, 1, 3, 2, 2, 1, 2, 1, 1, 2, 4, 3, 0, 2, 1, 3, 3, 1, 1, 2, 1, 1, 1, 4, 1, 3, 4, 1, 2, 4, 3, 1, 3, 1, 2, 4, 4, 4, 3, 2, 2, 3, 2, 4, 3, 4, 2, 4, 4, 2, 2, 1, 3, 2]|[0, 2, 0, 0, 3, 0, 1, 3, 1, 0, 2, 0, 1, 0, 1, 0, 0, 0, 1, 0, 0, 2, 0, 0, 1, 0, 0, 3, 0, 1, 0, 2, 0, 0, 3, 0, 1, 1, 0, 0, 0, 0, 1, 3, 0, 0, 1, 0, 2, 0, 0, 0, 0, 0, 1, 0, 1, 0, 1, 1, 0, 2, 0, 0, 0, 0, 0, 0, 0, 2, 0, 0, 1, 0, 0, 1, 0, 0, 3, 0, 0, 1, 2, 2, 0, 0, 0, 3, 0, 1, 0, 1, 0, 3, 1, 0, 0, 0, 0, 0],910.6016522559228,48373.278451535916,106491.20555259864,true
60,G3_TWC,G3_TWC,[31, 22, 42, 15, 26, 58, 95, 82, 77, 12, 47, 5, 93, 78, 98, 54, 85, 63, 18, 44, 20, 35, 43, 97, 91, 76, 10, 30, 21, 45, 71, 64, 1, 23, 17, 83, 24, 61, 60, 49, 6, 57, 94, 88, 65, 56, 79, 40, 67, 68, 46, 75, 0, 9, 19, 32, 81, 41, 27, 62, 87, 90, 99, 59, 53, 16, 72, 73, 70, 39, 37, 84, 3, 92, 25, 74, 28, 38, 51, 7, 11, 14, 86, 48, 89, 66, 50, 96, 33, 80, 8, 4, 34, 36, 55, 52, 13, 29, 69, 2]|[1, 1, 0, 1, 1, 1, 2, 1, 2, 1, 2, 2, 2, 1, 1, 0, 0, 1, 0, 2, 2, 0, 1, 2, 0, 1, 2, 2, 0, 0, 1, 2, 1, 0, 1, 0, 2, 0, 1, 1, 0, 1, 1, 1, 0, 2, 1, 1, 0, 0, 0, 0, 1, 1, 2, 1, 2, 0, 0, 0, 2, 1, 0, 1, 0, 1, 2, 1, 1, 1, 1, 1, 2, 0, 1, 2, 0, 0, 0, 1, 0, 1, 0, 0, 1, 0, 0, 0, 2, 0, 1, 0, 2, 0, 1, 1, 0, 0, 1, 0]|[4, 3, 2, 2, 0, 0, 2, 2, 2, 4, 1, 1, 2, 4, 4, 1, 1, 4, 2, 1, 1, 1, 1, 2, 1, 2, 1, 1, 1, 1, 3, 2, 3, 0, 4, 0, 1, 1, 0, 3, 2, 2, 4, 0, 1, 1, 3, 2, 0, 1, 2, 2, 1, 4, 0, 3, 2, 1, 1, 2, 1, 3, 1, 1, 2, 3, 0, 4, 3, 1, 4, 1, 1, 2, 4, 1, 2, 1, 1, 3, 2, 3, 1, 1, 1, 1, 1, 1, 1, 1, 3, 2, 1, 1, 4, 1, 2, 2, 3, 2]|[0, 2, 1, 1, 3, 3, 0, 1, 0, 0, 0, 0, 1, 0, 1, 0, 0, 3, 1, 0, 0, 0, 3, 1, 0, 2, 0, 0, 0, 1, 0, 0, 0, 0, 3, 0, 1, 0, 0, 2, 1, 1, 2, 0, 0, 0, 0, 1, 1, 0, 0, 0, 1, 3, 0, 0, 1, 0, 0, 1, 0, 2, 0, 1, 1, 2, 1, 0, 0, 1, 1, 3, 0, 1, 3, 0, 1, 0, 0, 2, 1, 0, 0, 0, 1, 0, 0, 0, 0, 0, 2, 1, 0, 1, 3, 1, 0, 0, 0, 0],843.7439659666079,57777.80974073964,86440.68470675517,false
60,G1_CMAX,G1_CMAX,[31, 22, 90, 26, 58, 95, 42, 12, 93, 5, 78, 86, 98, 18, 20, 35, 3, 97, 91, 76, 10, 85, 54, 45, 63, 71, 66, 1, 23, 17, 24, 60, 36, 6, 57, 15, 65, 56, 47, 79, 94, 67, 50, 46, 14, 75, 38, 9, 30, 19, 32, 81, 27, 92, 83, 87, 40, 99, 59, 11, 53, 16, 72, 77, 73, 70, 39, 37, 84, 43, 62, 25, 55, 28, 29, 51, 68, 82, 74, 61, 88, 21, 80, 89, 7, 69, 96, 41, 48, 4, 8, 34, 49, 52, 0, 44, 13, 2, 64, 33]|[1, 1, 1, 1, 0, 2, 1, 1, 2, 2, 2, 1, 0, 1, 2, 2, 1, 2, 0, 1, 2, 2, 2, 0, 0, 1, 2, 1, 2, 1, 2, 1, 1, 0, 1, 1, 0, 2, 2, 1, 1, 0, 0, 0, 0, 1, 1, 1, 1, 2, 1, 2, 2, 0, 0, 2, 1, 0, 0, 2, 0, 1, 2, 2, 1, 1, 1, 1, 1, 1, 0, 1, 1, 0, 0, 0, 0, 0, 2, 1, 1, 0, 0, 1, 1, 1, 2, 2, 0, 1, 1, 2, 0, 1, 0, 0, 0, 0, 2, 2]|[0, 4, 3, 0, 1, 1, 2, 4, 1, 1, 2, 4, 1, 4, 1, 1, 1, 2, 2, 2, 2, 1, 1, 1, 2, 3, 2, 3, 0, 4, 1, 0, 3, 2, 2, 2, 1, 1, 1, 0, 2, 0, 1, 2, 1, 3, 1, 4, 2, 0, 3, 2, 1, 2, 1, 1, 4, 1, 1, 1, 2, 3, 0, 2, 4, 3, 1, 4, 1, 1, 1, 4, 4, 2, 1, 1, 1, 2, 1, 3, 0, 1, 1, 1, 1, 3, 1, 1, 1, 4, 3, 1, 1, 1, 2, 2, 2, 2, 1, 1]|[3, 0, 2, 3, 0, 0, 1, 0, 0, 0, 1, 0, 0, 3, 0, 0, 1, 1, 1, 2, 1, 0, 0, 0, 0, 0, 0, 0, 0, 3, 1, 0, 2, 1, 1, 1, 0, 0, 0, 0, 1, 1, 0, 0, 0, 0, 1, 3, 2, 0, 0, 1, 0, 1, 0, 0, 2, 0, 0, 0, 1, 2, 1, 1, 0, 0, 1, 1, 3, 3, 0, 3, 3, 1, 0, 0, 0, 1, 0, 0, 0, 0, 0, 1, 2, 2, 0, 0, 0, 0, 2, 0, 1, 1, 0, 0, 0, 0, 0, 0],705.0470749739228,58445.79123614564,95781.2895945797,false
60,G4_BALANCED,G2_TEC,[20, 94, 82, 15, 26, 9, 95, 42, 77, 68, 47, 5, 3, 78, 86, 54, 85, 63, 18, 44, 31, 49, 36, 14, 74, 50, 53, 17, 21, 28, 11, 64, 93, 23, 30, 83, 24, 41, 40, 52, 65, 27, 90, 70, 39, 87, 48, 69, 99, 4, 46, 1, 13, 56, 97, 59, 45, 8, 73, 37, 35, 79, 71, 66, 76, 32, 60, 80, 58, 6, 67, 61, 33, 7, 57, 34, 12, 16, 10, 22, 96, 88, 43, 81, 91, 2, 84, 29, 38, 19, 51, 89, 75, 25, 72, 92, 98, 62, 55, 0]|[2, 1, 2, 1, 1, 2, 1, 1, 1, 1, 1, 0, 2, 2, 1, 2, 0, 0, 0, 2, 2, 1, 0, 2, 0, 2, 2, 1, 0, 1, 1, 1, 0, 0, 1, 0, 2, 1, 2, 2, 0, 0, 1, 1, 0, 2, 0, 2, 1, 0, 0, 2, 0, 2, 2, 0, 1, 1, 0, 0, 2, 1, 1, 2, 2, 0, 2, 2, 2, 1, 2, 1, 1, 2, 0, 1, 1, 2, 1, 2, 0, 1, 1, 1, 1, 0, 0, 1, 0, 1, 1, 1, 0, 1, 1, 0, 2, 1, 0, 0]|[1, 3, 0, 3, 4, 1, 4, 4, 4, 4, 3, 2, 1, 0, 2, 1, 1, 1, 2, 1, 1, 3, 0, 1, 0, 1, 1, 4, 1, 4, 3, 2, 2, 0, 4, 1, 1, 4, 1, 1, 2, 1, 4, 4, 1, 1, 0, 1, 3, 2, 2, 1, 2, 1, 1, 2, 4, 3, 0, 2, 1, 3, 3, 1, 1, 2, 1, 1, 1, 4, 1, 3, 4, 1, 2, 4, 3, 1, 3, 1, 2, 4, 4, 4, 3, 2, 2, 3, 2, 4, 3, 4, 2, 4, 4, 2, 1, 3, 2, 2]|[0, 2, 0, 0, 3, 0, 1, 3, 1, 0, 2, 0, 1, 0, 1, 0, 0, 0, 1, 0, 0, 2, 0, 0, 1, 0, 0, 3, 0, 1, 0, 2, 0, 0, 3, 0, 1, 1, 0, 0, 0, 0, 1, 3, 0, 0, 1, 0, 2, 0, 0, 0, 0, 0, 1, 0, 1, 0, 1, 1, 0, 2, 0, 0, 0, 0, 0, 0, 0, 2, 0, 0, 1, 0, 0, 1, 0, 0, 3, 0, 0, 1, 2, 2, 0, 0, 0, 3, 0, 1, 0, 1, 0, 3, 1, 0, 0, 0, 0, 0],910.6016522559228,48378.794252206004,106394.7676128306,true
60,G2_TEC,G4_BALANCED,[20, 94, 82, 15, 26, 9, 95, 42, 77, 68, 47, 5, 3, 78, 86, 54, 85, 63, 18, 44, 31, 49, 36, 14, 74, 50, 53, 17, 21, 28, 11, 64, 93, 23, 30, 83, 24, 41, 40, 52, 65, 27, 90, 70, 39, 87, 48, 69, 99, 4, 46, 1, 13, 56, 97, 59, 45, 8, 73, 37, 35, 79, 71, 66, 76, 32, 60, 80, 58, 6, 67, 61, 33, 7, 57, 34, 12, 16, 10, 22, 96, 88, 43, 81, 91, 2, 84, 29, 92, 19, 51, 89, 75, 25, 72, 38, 55, 98, 62, 0]|[2, 1, 2, 1, 1, 2, 1, 1, 1, 1, 1, 0, 2, 2, 1, 2, 0, 0, 0, 2, 2, 1, 0, 2, 0, 2, 2, 1, 0, 1, 1, 1, 0, 0, 1, 0, 2, 1, 2, 2, 0, 0, 1, 1, 0, 2, 0, 2, 1, 0, 0, 2, 0, 2, 2, 0, 1, 1, 0, 0, 2, 1, 1, 2, 2, 0, 2, 2, 2, 1, 2, 1, 1, 2, 0, 1, 1, 2, 1, 2, 0, 1, 1, 1, 1, 0, 0, 1, 0, 1, 1, 1, 0, 1, 1, 0, 0, 2, 1, 0]|[1, 3, 0, 3, 4, 1, 4, 4, 4, 4, 3, 2, 1, 0, 2, 1, 1, 1, 2, 1, 1, 3, 0, 1, 0, 1, 1, 4, 1, 4, 3, 2, 2, 0, 4, 1, 1, 4, 1, 1, 2, 1, 4, 4, 1, 1, 0, 1, 3, 2, 2, 1, 2, 1, 1, 2, 4, 3, 0, 2, 1, 3, 3, 1, 1, 2, 1, 1, 1, 4, 1, 3, 4, 1, 2, 4, 3, 1, 3, 1, 2, 4, 4, 4, 3, 2, 2, 3, 2, 4, 3, 4, 2, 4, 4, 2, 2, 1, 3, 2]|[0, 2, 0, 0, 3, 0, 1, 3, 1, 0, 2, 0, 1, 0, 1, 0, 0, 0, 1, 0, 0, 2, 0, 0, 1, 0, 0, 3, 0, 1, 0, 2, 0, 0, 3, 0, 1, 1, 0, 0, 0, 0, 1, 3, 0, 0, 1, 0, 2, 0, 0, 0, 0, 0, 1, 0, 1, 0, 1, 1, 0, 2, 0, 0, 0, 0, 0, 0, 0, 2, 0, 0, 1, 0, 0, 1, 0, 0, 3, 0, 0, 1, 2, 2, 0, 0, 0, 3, 0, 1, 0, 1, 0, 3, 1, 0, 0, 0, 0, 0],910.6016522559228,48373.278451535916,106491.20555259864,true
60,G3_TWC,G3_TWC,[31, 22, 42, 15, 26, 58, 95, 82, 77, 12, 47, 5, 93, 78, 98, 54, 85, 63, 18, 44, 20, 35, 43, 97, 91, 76, 10, 30, 21, 45, 71, 64, 1, 23, 17, 83, 24, 61, 60, 49, 6, 57, 94, 88, 65, 56, 79, 40, 67, 68, 46, 75, 0, 9, 19, 32, 81, 41, 27, 62, 87, 90, 99, 59, 53, 16, 72, 73, 70, 39, 37, 84, 3, 92, 25, 74, 28, 38, 51, 7, 11, 14, 86, 48, 89, 66, 50, 96, 33, 80, 8, 4, 34, 36, 55, 52, 13, 29, 69, 2]|[1, 1, 0, 1, 1, 1, 2, 1, 2, 1, 2, 2, 2, 1, 1, 0, 0, 1, 0, 2, 2, 0, 1, 2, 0, 1, 2, 2, 0, 0, 1, 2, 1, 0, 1, 0, 2, 0, 1, 1, 0, 1, 1, 1, 0, 2, 1, 1, 0, 0, 0, 0, 1, 1, 2, 1, 2, 0, 0, 0, 2, 1, 0, 1, 0, 1, 2, 1, 1, 1, 1, 1, 2, 0, 1, 2, 0, 0, 0, 1, 0, 1, 0, 0, 1, 0, 0, 0, 2, 0, 1, 0, 2, 0, 1, 1, 0, 0, 1, 0]|[4, 3, 2, 2, 0, 0, 2, 2, 2, 4, 1, 1, 2, 4, 4, 1, 1, 4, 2, 1, 1, 1, 1, 2, 1, 2, 1, 1, 1, 1, 3, 2, 3, 0, 4, 0, 1, 1, 0, 3, 2, 2, 4, 0, 1, 1, 3, 2, 0, 1, 2, 2, 1, 4, 0, 3, 2, 1, 1, 2, 1, 3, 1, 1, 2, 3, 0, 4, 3, 1, 4, 1, 1, 2, 4, 1, 2, 1, 1, 3, 2, 3, 1, 1, 1, 1, 1, 1, 1, 1, 3, 2, 1, 1, 4, 1, 2, 2, 3, 2]|[0, 2, 1, 1, 3, 3, 0, 1, 0, 0, 0, 0, 1, 0, 1, 0, 0, 3, 1, 0, 0, 0, 3, 1, 0, 2, 0, 0, 0, 1, 0, 0, 0, 0, 3, 0, 1, 0, 0, 2, 1, 1, 2, 0, 0, 0, 0, 1, 1, 0, 0, 0, 1, 3, 0, 0, 1, 0, 0, 1, 0, 2, 0, 1, 1, 2, 1, 0, 0, 1, 1, 3, 0, 1, 3, 0, 1, 0, 0, 2, 1, 0, 0, 0, 1, 0, 0, 0, 0, 0, 2, 1, 0, 1, 3, 1, 0, 0, 0, 0],843.7439659666079,57777.80974073964,86440.68470675517,false
60,G1_CMAX,G4_BALANCED,[31, 22, 82, 15, 26, 58, 95, 42, 77, 12, 47, 5, 93, 78, 86, 54, 85, 63, 18, 72, 20, 35, 43, 97, 91, 76, 10, 30, 21, 45, 71, 64, 1, 23, 17, 83, 24, 14, 60, 36, 6, 57, 40, 88, 65, 56, 79, 94, 67, 41, 68, 75, 38, 9, 19, 32, 81, 55, 27, 62, 87, 90, 99, 59, 11, 16, 44, 73, 70, 39, 37, 84, 3, 92, 25, 46, 28, 29, 51, 7, 66, 61, 98, 48, 89, 50, 4, 96, 53, 80, 8, 33, 34, 2, 52, 13, 0, 69, 74, 49]|[1, 1, 0, 1, 1, 0, 1, 1, 2, 1, 2, 2, 2, 1, 1, 0, 0, 1, 0, 2, 2, 0, 1, 2, 0, 1, 2, 2, 0, 0, 1, 2, 1, 2, 1, 0, 2, 0, 1, 1, 0, 1, 1, 1, 0, 2, 1, 1, 0, 0, 0, 0, 1, 1, 2, 1, 2, 0, 0, 2, 2, 1, 1, 2, 2, 1, 2, 1, 1, 1, 1, 1, 1, 0, 1, 0, 0, 0, 0, 1, 2, 1, 2, 0, 1, 0, 1, 2, 0, 0, 1, 2, 2, 0, 1, 0, 0, 1, 2, 0]|[4, 3, 2, 2, 4, 1, 2, 3, 2, 4, 1, 1, 2, 4, 4, 1, 2, 4, 2, 1, 1, 1, 1, 2, 1, 2, 1, 1, 2, 1, 3, 2, 3, 1, 4, 0, 1, 1, 0, 3, 2, 2, 2, 0, 1, 1, 0, 4, 0, 1, 2, 2, 1, 4, 0, 3, 2, 1, 1, 1, 1, 3, 1, 1, 1, 3, 1, 4, 3, 1, 4, 1, 1, 0, 4, 2, 2, 1, 1, 1, 1, 3, 1, 1, 1, 1, 4, 1, 2, 1, 3, 1, 1, 2, 1, 2, 2, 4, 1, 1]|[0, 2, 1, 1, 3, 0, 1, 3, 0, 0, 0, 0, 1, 0, 1, 0, 0, 3, 1, 0, 0, 0, 3, 1, 0, 2, 0, 0, 0, 1, 0, 0, 0, 0, 3, 0, 1, 0, 0, 2, 1, 1, 1, 0, 0, 0, 0, 2, 1, 0, 0, 0, 1, 3, 0, 0, 1, 0, 0, 0, 0, 2, 1, 0, 0, 2, 0, 0, 0, 1, 1, 3, 1, 1, 3, 0, 1, 0, 0, 2, 0, 0, 0, 0, 1, 0, 0, 0, 1, 0, 2, 0, 0, 0, 1, 0, 0, 2, 0, 1],747.1438989226004,55733.55354576636,94625.20584372425,true
60,G4_BALANCED,G2_TEC,[20, 94, 82, 15, 26, 9, 95, 42, 77, 68, 47, 5, 3, 78, 86, 54, 85, 63, 18, 44, 31, 49, 36, 14, 74, 50, 53, 17, 21, 28, 11, 64, 93, 23, 30, 83, 24, 41, 40, 52, 65, 27, 90, 70, 39, 87, 48, 69, 99, 4, 46, 1, 13, 56, 97, 59, 45, 8, 73, 37, 35, 79, 71, 66, 76, 32, 60, 80, 58, 6, 67, 61, 33, 7, 57, 34, 12, 16, 10, 22, 96, 88, 43, 81, 91, 2, 84, 29, 38, 19, 51, 89, 75, 25, 72, 92, 98, 62, 55, 0]|[2, 1, 2, 1, 1, 2, 1, 1, 1, 1, 1, 0, 2, 2, 1, 2, 0, 0, 0, 2, 2, 1, 0, 2, 0, 2, 2, 1, 0, 1, 1, 1, 0, 0, 1, 0, 2, 1, 2, 2, 0, 0, 1, 1, 0, 2, 0, 2, 1, 0, 0, 2, 0, 2, 2, 0, 1, 1, 0, 0, 2, 1, 1, 2, 2, 0, 2, 2, 2, 1, 2, 1, 1, 2, 0, 1, 1, 2, 1, 2, 0, 1, 1, 1, 1, 0, 0, 1, 0, 1, 1, 1, 0, 1, 1, 0, 2, 1, 0, 0]|[1, 3, 0, 3, 4, 1, 4, 4, 4, 4, 3, 2, 1, 0, 2, 1, 1, 1, 2, 1, 1, 3, 0, 1, 0, 1, 1, 4, 1, 4, 3, 2, 2, 0, 4, 1, 1, 4, 1, 1, 2, 1, 4, 4, 1, 1, 0, 1, 3, 2, 2, 1, 2, 1, 1, 2, 4, 3, 0, 2, 1, 3, 3, 1, 1, 2, 1, 1, 1, 4, 1, 3, 4, 1, 2, 4, 3, 1, 3, 1, 2, 4, 4, 4, 3, 2, 2, 3, 2, 4, 3, 4, 2, 4, 4, 2, 1, 3, 2, 2]|[0, 2, 0, 0, 3, 0, 1, 3, 1, 0, 2, 0, 1, 0, 1, 0, 0, 0, 1, 0, 0, 2, 0, 0, 1, 0, 0, 3, 0, 1, 0, 2, 0, 0, 3, 0, 1, 1, 0, 0, 0, 0, 1, 3, 0, 0, 1, 0, 2, 0, 0, 0, 0, 0, 1, 0, 1, 0, 1, 1, 0, 2, 0, 0, 0, 0, 0, 0, 0, 2, 0, 0, 1, 0, 0, 1, 0, 0, 3, 0, 0, 1, 2, 2, 0, 0, 0, 3, 0, 1, 0, 1, 0, 3, 1, 0, 0, 0, 0, 0],910.6016522559228,48378.794252206004,106394.7676128306,true
60,G2_TEC,G4_BALANCED,[20, 94, 82, 15, 26, 9, 95, 42, 77, 68, 47, 5, 3, 78, 86, 54, 85, 63, 18, 44, 31, 49, 36, 14, 74, 50, 53, 17, 21, 28, 11, 64, 93, 23, 30, 83, 24, 41, 40, 52, 65, 27, 90, 70, 39, 87, 48, 69, 99, 4, 46, 1, 13, 56, 97, 59, 45, 8, 73, 37, 35, 79, 71, 66, 76, 32, 60, 80, 58, 6, 67, 61, 33, 7, 57, 34, 12, 16, 10, 22, 96, 88, 43, 81, 91, 2, 84, 29, 92, 19, 51, 89, 75, 25, 72, 38, 55, 98, 62, 0]|[2, 1, 2, 1, 1, 2, 1, 1, 1, 1, 1, 0, 2, 2, 1, 2, 0, 0, 0, 2, 2, 1, 0, 2, 0, 2, 2, 1, 0, 1, 1, 1, 0, 0, 1, 0, 2, 1, 2, 2, 0, 0, 1, 1, 0, 2, 0, 2, 1, 0, 0, 2, 0, 2, 2, 0, 1, 1, 0, 0, 2, 1, 1, 2, 2, 0, 2, 2, 2, 1, 2, 1, 1, 2, 0, 1, 1, 2, 1, 2, 0, 1, 1, 1, 1, 0, 0, 1, 0, 1, 1, 1, 0, 1, 1, 0, 0, 2, 1, 0]|[1, 3, 0, 3, 4, 1, 4, 4, 4, 4, 3, 2, 1, 0, 2, 1, 1, 1, 2, 1, 1, 3, 0, 1, 0, 1, 1, 4, 1, 4, 3, 2, 2, 0, 4, 1, 1, 4, 1, 1, 2, 1, 4, 4, 1, 1, 0, 1, 3, 2, 2, 1, 2, 1, 1, 2, 4, 3, 0, 2, 1, 3, 3, 1, 1, 2, 1, 1, 1, 4, 1, 3, 4, 1, 2, 4, 3, 1, 3, 1, 2, 4, 4, 4, 3, 2, 2, 3, 2, 4, 3, 4, 2, 4, 4, 2, 2, 1, 3, 2]|[0, 2, 0, 0, 3, 0, 1, 3, 1, 0, 2, 0, 1, 0, 1, 0, 0, 0, 1, 0, 0, 2, 0, 0, 1, 0, 0, 3, 0, 1, 0, 2, 0, 0, 3, 0, 1, 1, 0, 0, 0, 0, 1, 3, 0, 0, 1, 0, 2, 0, 0, 0, 0, 0, 1, 0, 1, 0, 1, 1, 0, 2, 0, 0, 0, 0, 0, 0, 0, 2, 0, 0, 1, 0, 0, 1, 0, 0, 3, 0, 0, 1, 2, 2, 0, 0, 0, 3, 0, 1, 0, 1, 0, 3, 1, 0, 0, 0, 0, 0],910.6016522559228,48373.278451535916,106491.20555259864,true
60,G3_TWC,G3_TWC,[31, 22, 42, 15, 26, 58, 95, 82, 77, 12, 47, 5, 93, 78, 98, 54, 85, 63, 18, 44, 20, 35, 43, 97, 91, 76, 10, 30, 21, 45, 71, 64, 1, 23, 17, 83, 24, 61, 60, 49, 6, 57, 94, 88, 65, 56, 79, 40, 67, 68, 46, 75, 0, 9, 19, 32, 81, 41, 27, 62, 87, 90, 99, 59, 53, 16, 72, 73, 70, 39, 37, 84, 3, 92, 25, 74, 28, 38, 51, 7, 11, 14, 86, 48, 89, 66, 50, 96, 33, 80, 8, 4, 34, 36, 55, 52, 13, 29, 69, 2]|[1, 1, 0, 1, 1, 1, 2, 1, 2, 1, 2, 2, 2, 1, 1, 0, 0, 1, 0, 2, 2, 0, 1, 2, 0, 1, 2, 2, 0, 0, 1, 2, 1, 0, 1, 0, 2, 0, 1, 1, 0, 1, 1, 1, 0, 2, 1, 1, 0, 0, 0, 0, 1, 1, 2, 1, 2, 0, 0, 0, 2, 1, 0, 1, 0, 1, 2, 1, 1, 1, 1, 1, 2, 0, 1, 2, 0, 0, 0, 1, 0, 1, 0, 0, 1, 0, 0, 0, 2, 0, 1, 0, 2, 0, 1, 1, 0, 0, 1, 0]|[4, 3, 2, 2, 0, 0, 2, 2, 2, 4, 1, 1, 2, 4, 4, 1, 1, 4, 2, 1, 1, 1, 1, 2, 1, 2, 1, 1, 1, 1, 3, 2, 3, 0, 4, 0, 1, 1, 0, 3, 2, 2, 4, 0, 1, 1, 3, 2, 0, 1, 2, 2, 1, 4, 0, 3, 2, 1, 1, 2, 1, 3, 1, 1, 2, 3, 0, 4, 3, 1, 4, 1, 1, 2, 4, 1, 2, 1, 1, 3, 2, 3, 1, 1, 1, 1, 1, 1, 1, 1, 3, 2, 1, 1, 4, 1, 2, 2, 3, 2]|[0, 2, 1, 1, 3, 3, 0, 1, 0, 0, 0, 0, 1, 0, 1, 0, 0, 3, 1, 0, 0, 0, 3, 1, 0, 2, 0, 0, 0, 1, 0, 0, 0, 0, 3, 0, 1, 0, 0, 2, 1, 1, 2, 0, 0, 0, 0, 1, 1, 0, 0, 0, 1, 3, 0, 0, 1, 0, 0, 1, 0, 2, 0, 1, 1, 2, 1, 0, 0, 1, 1, 3, 0, 1, 3, 0, 1, 0, 0, 2, 1, 0, 0, 0, 1, 0, 0, 0, 0, 0, 2, 1, 0, 1, 3, 1, 0, 0, 0, 0],843.7439659666079,57777.80974073964,86440.68470675517,false
60,G1_CMAX,G4_BALANCED,[31, 22, 82, 15, 26, 99, 95, 42, 77, 12, 47, 5, 93, 78, 86, 54, 85, 63, 18, 44, 20, 23, 43, 97, 91, 76, 10, 30, 21, 45, 71, 64, 1, 35, 17, 83, 24, 14, 60, 36, 6, 57, 40, 88, 65, 56, 79, 94, 67, 68, 46, 75, 38, 9, 19, 32, 41, 81, 27, 87, 90, 58, 59, 11, 16, 72, 73, 70, 39, 37, 84, 3, 92, 25, 55, 48, 62, 29, 51, 96, 33, 61, 98, 28, 89, 50, 4, 7, 53, 80, 8, 66, 34, 49, 0, 74, 69, 52, 2, 13]|[2, 1, 0, 1, 1, 0, 1, 1, 2, 1, 2, 2, 2, 1, 1, 0, 0, 1, 0, 2, 2, 0, 1, 2, 0, 1, 2, 2, 0, 0, 1, 2, 1, 2, 1, 0, 2, 0, 1, 1, 0, 1, 1, 1, 0, 2, 1, 1, 0, 0, 0, 0, 1, 1, 2, 1, 0, 2, 0, 2, 1, 0, 1, 2, 1, 2, 1, 1, 1, 1, 1, 1, 0, 1, 2, 0, 0, 0, 0, 2, 2, 1, 2, 0, 1, 0, 1, 2, 0, 0, 2, 2, 2, 0, 0, 2, 1, 1, 0, 0]|[1, 3, 2, 2, 4, 1, 2, 3, 2, 4, 1, 1, 2, 4, 4, 1, 1, 4, 2, 1, 1, 1, 1, 2, 1, 2, 1, 1, 2, 1, 3, 2, 3, 1, 4, 0, 1, 1, 0, 3, 2, 2, 2, 0, 1, 1, 0, 4, 0, 1, 2, 2, 1, 4, 0, 3, 1, 1, 1, 1, 3, 1, 1, 1, 3, 0, 4, 3, 1, 4, 1, 1, 0, 4, 1, 1, 2, 1, 1, 1, 1, 3, 1, 2, 1, 1, 4, 1, 2, 1, 1, 1, 1, 1, 2, 1, 4, 1, 2, 2]|[0, 2, 1, 1, 3, 0, 1, 3, 0, 0, 0, 0, 1, 0, 1, 0, 0, 3, 1, 0, 0, 0, 3, 1, 0, 2, 0, 0, 0, 1, 0, 0, 0, 0, 3, 0, 1, 0, 0, 2, 1, 1, 1, 0, 0, 0, 0, 2, 1, 0, 0, 0, 1, 3, 0, 0, 0, 0, 0, 0, 2, 0, 1, 0, 2, 1, 0, 0, 1, 1, 3, 1, 1, 3, 0, 0, 1, 0, 0, 0, 0, 0, 0, 1, 1, 0, 0, 0, 1, 0, 0, 0, 0, 1, 0, 0, 2, 1, 0, 0],749.6397059729857,55848.851094536025,92598.57070354128,true
60,G4_BALANCED,G2_TEC,[20, 94, 82, 15, 26, 9, 95, 42, 77, 68, 47, 5, 3, 78, 86, 54, 85, 63, 18, 44, 31, 49, 36, 14, 74, 50, 53, 17, 21, 28, 11, 64, 93, 23, 30, 83, 24, 41, 40, 52, 65, 27, 90, 70, 39, 87, 48, 69, 99, 4, 46, 1, 13, 56, 97, 59, 45, 8, 73, 37, 35, 79, 71, 66, 76, 32, 60, 80, 58, 6, 67, 61, 33, 7, 57, 34, 12, 16, 10, 22, 96, 88, 43, 81, 91, 2, 84, 29, 38, 19, 51, 89, 75, 25, 72, 92, 98, 62, 55, 0]|[2, 1, 2, 1, 1, 2, 1, 1, 1, 1, 1, 0, 2, 2, 1, 2, 0, 0, 0, 2, 2, 1, 0, 2, 0, 2, 2, 1, 0, 1, 1, 1, 0, 0, 1, 0, 2, 1, 2, 2, 0, 0, 1, 1, 0, 2, 0, 2, 1, 0, 0, 2, 0, 2, 2, 0, 1, 1, 0, 0, 2, 1, 1, 2, 2, 0, 2, 2, 2, 1, 2, 1, 1, 2, 0, 1, 1, 2, 1, 2, 0, 1, 1, 1, 1, 0, 0, 1, 0, 1, 1, 1, 0, 1, 1, 0, 2, 1, 0, 0]|[1, 3, 0, 3, 4, 1, 4, 4, 4, 4, 3, 2, 1, 0, 2, 1, 1, 1, 2, 1, 1, 3, 0, 1, 0, 1, 1, 4, 1, 4, 3, 2, 2, 0, 4, 1, 1, 4, 1, 1, 2, 1, 4, 4, 1, 1, 0, 1, 3, 2, 2, 1, 2, 1, 1, 2, 4, 3, 0, 2, 1, 3, 3, 1, 1, 2, 1, 1, 1, 4, 1, 3, 4, 1, 2, 4, 3, 1, 3, 1, 2, 4, 4, 4, 3, 2, 2, 3, 2, 4, 3, 4, 2, 4, 4, 2, 1, 3, 2, 2]|[0, 2, 0, 0, 3, 0, 1, 3, 1, 0, 2, 0, 1, 0, 1, 0, 0, 0, 1, 0, 0, 2, 0, 0, 1, 0, 0, 3, 0, 1, 0, 2, 0, 0, 3, 0, 1, 1, 0, 0, 0, 0, 1, 3, 0, 0, 1, 0, 2, 0, 0, 0, 0, 0, 1, 0, 1, 0, 1, 1, 0, 2, 0, 0, 0, 0, 0, 0, 0, 2, 0, 0, 1, 0, 0, 1, 0, 0, 3, 0, 0, 1, 2, 2, 0, 0, 0, 3, 0, 1, 0, 1, 0, 3, 1, 0, 0, 0, 0, 0],910.6016522559228,48378.794252206004,106394.7676128306,true
60,G2_TEC,G4_BALANCED,[20, 94, 82, 15, 26, 9, 95, 42, 77, 68, 47, 5, 3, 78, 86, 54, 85, 63, 18, 44, 31, 49, 36, 14, 74, 50, 53, 17, 21, 28, 11, 64, 93, 23, 30, 83, 24, 41, 40, 52, 65, 27, 90, 70, 39, 87, 48, 69, 99, 4, 46, 1, 13, 56, 97, 59, 45, 8, 73, 37, 35, 79, 71, 66, 76, 32, 60, 80, 58, 6, 67, 61, 33, 7, 57, 34, 12, 16, 10, 22, 96, 88, 43, 81, 91, 2, 84, 29, 92, 19, 51, 89, 75, 25, 72, 38, 55, 98, 62, 0]|[2, 1, 2, 1, 1, 2, 1, 1, 1, 1, 1, 0, 2, 2, 1, 2, 0, 0, 0, 2, 2, 1, 0, 2, 0, 2, 2, 1, 0, 1, 1, 1, 0, 0, 1, 0, 2, 1, 2, 2, 0, 0, 1, 1, 0, 2, 0, 2, 1, 0, 0, 2, 0, 2, 2, 0, 1, 1, 0, 0, 2, 1, 1, 2, 2, 0, 2, 2, 2, 1, 2, 1, 1, 2, 0, 1, 1, 2, 1, 2, 0, 1, 1, 1, 1, 0, 0, 1, 0, 1, 1, 1, 0, 1, 1, 0, 0, 2, 1, 0]|[1, 3, 0, 3, 4, 1, 4, 4, 4, 4, 3, 2, 1, 0, 2, 1, 1, 1, 2, 1, 1, 3, 0, 1, 0, 1, 1, 4, 1, 4, 3, 2, 2, 0, 4, 1, 1, 4, 1, 1, 2, 1, 4, 4, 1, 1, 0, 1, 3, 2, 2, 1, 2, 1, 1, 2, 4, 3, 0, 2, 1, 3, 3, 1, 1, 2, 1, 1, 1, 4, 1, 3, 4, 1, 2, 4, 3, 1, 3, 1, 2, 4, 4, 4, 3, 2, 2, 3, 2, 4, 3, 4, 2, 4, 4, 2, 2, 1, 3, 2]|[0, 2, 0, 0, 3, 0, 1, 3, 1, 0, 2, 0, 1, 0, 1, 0, 0, 0, 1, 0, 0, 2, 0, 0, 1, 0, 0, 3, 0, 1, 0, 2, 0, 0, 3, 0, 1, 1, 0, 0, 0, 0, 1, 3, 0, 0, 1, 0, 2, 0, 0, 0, 0, 0, 1, 0, 1, 0, 1, 1, 0, 2, 0, 0, 0, 0, 0, 0, 0, 2, 0, 0, 1, 0, 0, 1, 0, 0, 3, 0, 0, 1, 2, 2, 0, 0, 0, 3, 0, 1, 0, 1, 0, 3, 1, 0, 0, 0, 0, 0],910.6016522559228,48373.278451535916,106491.20555259864,true
60,G3_TWC,G3_TWC,[31, 22, 42, 15, 26, 58, 95, 82, 77, 12, 47, 5, 93, 78, 98, 54, 85, 63, 18, 44, 20, 35, 43, 97, 91, 76, 10, 30, 21, 45, 71, 64, 1, 23, 17, 83, 24, 61, 60, 49, 6, 57, 94, 88, 65, 56, 79, 40, 67, 68, 46, 75, 0, 9, 19, 32, 81, 41, 27, 62, 87, 90, 99, 59, 53, 16, 72, 73, 70, 39, 37, 84, 3, 92, 25, 74, 28, 38, 51, 7, 11, 14, 86, 48, 89, 66, 50, 96, 33, 80, 8, 4, 34, 36, 55, 52, 13, 29, 69, 2]|[1, 1, 0, 1, 1, 1, 2, 1, 2, 1, 2, 2, 2, 1, 1, 0, 0, 1, 0, 2, 2, 0, 1, 2, 0, 1, 2, 2, 0, 0, 1, 2, 1, 0, 1, 0, 2, 0, 1, 1, 0, 1, 1, 1, 0, 2, 1, 1, 0, 0, 0, 0, 1, 1, 2, 1, 2, 0, 0, 0, 2, 1, 0, 1, 0, 1, 2, 1, 1, 1, 1, 1, 2, 0, 1, 2, 0, 0, 0, 1, 0, 1, 0, 0, 1, 0, 0, 0, 2, 0, 1, 0, 2, 0, 1, 1, 0, 0, 1, 0]|[4, 3, 2, 2, 0, 0, 2, 2, 2, 4, 1, 1, 2, 4, 4, 1, 1, 4, 2, 1, 1, 1, 1, 2, 1, 2, 1, 1, 1, 1, 3, 2, 3, 0, 4, 0, 1, 1, 0, 3, 2, 2, 4, 0, 1, 1, 3, 2, 0, 1, 2, 2, 1, 4, 0, 3, 2, 1, 1, 2, 1, 3, 1, 1, 2, 3, 0, 4, 3, 1, 4, 1, 1, 2, 4, 1, 2, 1, 1, 3, 2, 3, 1, 1, 1, 1, 1, 1, 1, 1, 3, 2, 1, 1, 4, 1, 2, 2, 3, 2]|[0, 2, 1, 1, 3, 3, 0, 1, 0, 0, 0, 0, 1, 0, 1, 0, 0, 3, 1, 0, 0, 0, 3, 1, 0, 2, 0, 0, 0, 1, 0, 0, 0, 0, 3, 0, 1, 0, 0, 2, 1, 1, 2, 0, 0, 0, 0, 1, 1, 0, 0, 0, 1, 3, 0, 0, 1, 0, 0, 1, 0, 2, 0, 1, 1, 2, 1, 0, 0, 1, 1, 3, 0, 1, 3, 0, 1, 0, 0, 2, 1, 0, 0, 0, 1, 0, 0, 0, 0, 0, 2, 1, 0, 1, 3, 1, 0, 0, 0, 0],843.7439659666079,57777.80974073964,86440.68470675517,false
60,G1_CMAX,G3_TWC,[31, 22, 42, 15, 26, 58, 95, 82, 77, 12, 47, 5, 93, 78, 98, 54, 85, 63, 18, 44, 20, 35, 43, 97, 91, 76, 10, 30, 21, 45, 71, 64, 1, 23, 17, 83, 24, 61, 60, 49, 6, 57, 94, 88, 65, 56, 79, 40, 67, 68, 46, 75, 38, 9, 19, 32, 81, 41, 27, 62, 87, 90, 99, 59, 53, 16, 72, 73, 70, 39, 37, 84, 3, 92, 25, 74, 28, 0, 51, 7, 11, 14, 86, 66, 89, 50, 48, 96, 33, 80, 4, 8, 34, 36, 55, 52, 13, 2, 69, 29]|[1, 1, 0, 1, 1, 1, 2, 1, 2, 1, 2, 2, 2, 1, 1, 0, 0, 1, 0, 2, 2, 0, 1, 2, 0, 1, 2, 2, 0, 0, 1, 2, 1, 0, 1, 0, 2, 0, 1, 1, 0, 1, 1, 1, 0, 2, 1, 1, 0, 0, 0, 0, 1, 1, 2, 1, 2, 0, 0, 0, 2, 1, 0, 1, 0, 1, 2, 1, 1, 1, 1, 1, 2, 0, 1, 2, 0, 0, 0, 1, 2, 1, 0, 2, 1, 0, 0, 2, 2, 0, 0, 1, 2, 0, 2, 1, 0, 0, 1, 0]|[4, 3, 2, 2, 0, 0, 2, 2, 2, 4, 1, 1, 2, 4, 4, 1, 1, 4, 2, 1, 1, 1, 1, 2, 1, 2, 1, 1, 1, 1, 3, 2, 3, 0, 4, 0, 1, 1, 0, 3, 2, 2, 4, 0, 1, 1, 3, 2, 0, 1, 2, 2, 1, 4, 0, 3, 2, 1, 1, 2, 1, 3, 1, 1, 2, 3, 0, 4, 3, 1, 4, 1, 1, 2, 4, 1, 2, 1, 1, 3, 1, 3, 1, 1, 1, 1, 1, 1, 1, 1, 2, 3, 1, 1, 1, 1, 2, 2, 3, 1]|[0, 2, 1, 1, 3, 3, 0, 1, 0, 0, 0, 0, 1, 0, 1, 0, 0, 3, 1, 0, 0, 0, 3, 1, 0, 2, 0, 0, 0, 1, 0, 0, 0, 0, 3, 0, 1, 0, 0, 2, 1, 1, 2, 0, 0, 0, 0, 1, 1, 0, 0, 0, 1, 3, 0, 0, 1, 0, 0, 1, 0, 2, 0, 1, 1, 2, 1, 0, 0, 1, 1, 3, 0, 1, 3, 0, 1, 0, 0, 2, 0, 0, 0, 0, 1, 0, 0, 0, 0, 0, 1, 2, 0, 1, 0, 1, 0, 0, 0, 0],773.7329326544065,57276.25537916782,87754.88758889219,true
60,G4_BALANCED,G2_TEC,[20, 94, 82, 15, 26, 9, 95, 42, 77, 68, 47, 5, 3, 78, 86, 54, 85, 63, 18, 44, 31, 49, 36, 14, 74, 50, 53, 17, 21, 28, 11, 64, 93, 23, 30, 83, 24, 41, 40, 52, 65, 27, 90, 70, 39, 87, 48, 69, 99, 4, 46, 1, 13, 56, 97, 59, 45, 8, 73, 37, 35, 79, 71, 66, 76, 32, 60, 80, 58, 6, 67, 61, 33, 7, 57, 34, 12, 16, 10, 22, 96, 88, 43, 81, 91, 2, 84, 29, 92, 19, 51, 89, 38, 25, 72, 55, 98, 75, 62, 0]|[2, 1, 2, 1, 1, 2, 1, 1, 1, 1, 1, 0, 2, 2, 1, 2, 0, 0, 0, 2, 2, 1, 0, 2, 0, 2, 2, 1, 0, 1, 1, 1, 0, 0, 1, 0, 2, 1, 2, 2, 0, 0, 1, 1, 0, 2, 0, 2, 1, 0, 0, 2, 0, 2, 2, 0, 1, 1, 0, 0, 2, 1, 1, 2, 2, 0, 2, 2, 2, 1, 2, 1, 1, 2, 0, 1, 1, 2, 1, 2, 0, 1, 1, 1, 1, 0, 0, 1, 0, 1, 1, 1, 0, 1, 1, 0, 2, 0, 1, 0]|[1, 3, 0, 3, 4, 1, 4, 4, 4, 4, 3, 2, 1, 0, 2, 1, 1, 1, 2, 1, 1, 3, 0, 1, 0, 1, 1, 4, 1, 4, 3, 2, 2, 0, 4, 1, 1, 4, 1, 1, 2, 1, 4, 4, 1, 1, 0, 1, 3, 2, 2, 1, 2, 1, 1, 2, 4, 3, 0, 2, 1, 3, 3, 1, 1, 2, 1, 1, 1, 4, 1, 3, 4, 1, 2, 4, 3, 1, 3, 1, 2, 4, 4, 4, 3, 2, 2, 3, 2, 4, 3, 4, 2, 4, 4, 2, 1, 2, 3, 2]|[0, 2, 0, 0, 3, 0, 1, 3, 1, 0, 2, 0, 1, 0, 1, 0, 0, 0, 1, 0, 0, 2, 0, 0, 1, 0, 0, 3, 0, 1, 0, 2, 0, 0, 3, 0, 1, 1, 0, 0, 0, 0, 1, 3, 0, 0, 1, 0, 2, 0, 0, 0, 0, 0, 1, 0, 1, 0, 1, 0, 0, 2, 0, 0, 0, 0, 0, 0, 0, 2, 0, 0, 1, 0, 0, 1, 0, 0, 3, 0, 0, 1, 2, 2, 0, 0, 0, 3, 0, 1, 0, 1, 0, 3, 1, 0, 0, 0, 0, 0],910.6016522559228,48349.81755982463,106292.91543783221,true
60,G2_TEC,G2_TEC,[20, 94, 82, 15, 26, 9, 95, 42, 77, 68, 47, 5, 3, 78, 86, 54, 85, 63, 18, 44, 31, 49, 36, 14, 74, 50, 53, 17, 21, 28, 11, 64, 93, 23, 30, 83, 24, 41, 40, 52, 65, 27, 90, 70, 39, 87, 48, 69, 99, 4, 46, 1, 13, 56, 97, 59, 45, 8, 73, 37, 35, 79, 71, 66, 76, 32, 60, 80, 58, 6, 67, 61, 33, 7, 57, 34, 12, 16, 10, 22, 96, 88, 43, 81, 91, 2, 84, 29, 92, 19, 51, 89, 38, 25, 72, 55, 98, 75, 62, 0]|[2, 1, 2, 1, 1, 2, 1, 1, 1, 1, 1, 0, 2, 2, 1, 2, 0, 0, 0, 2, 2, 1, 0, 2, 0, 2, 2, 1, 0, 1, 1, 1, 0, 0, 1, 0, 2, 1, 2, 2, 0, 0, 1, 1, 0, 2, 0, 2, 1, 0, 0, 2, 0, 2, 2, 0, 1, 1, 0, 0, 2, 1, 1, 2, 2, 0, 2, 2, 2, 1, 2, 1, 1, 2, 0, 1, 1, 2, 1, 2, 0, 1, 1, 1, 1, 0, 0, 1, 0, 1, 1, 1, 0, 1, 1, 0, 2, 0, 1, 0]|[1, 3, 0, 3, 4, 1, 4, 4, 4, 4, 3, 2, 1, 0, 2, 1, 1, 1, 2, 1, 1, 3, 0, 1, 0, 1, 1, 4, 1, 4, 3, 2, 2, 0, 4, 1, 1, 4, 1, 1, 2, 1, 4, 4, 1, 1, 0, 1, 3, 2, 2, 1, 2, 1, 1, 2, 4, 3, 0, 2, 1, 3, 3, 1, 1, 2, 1, 1, 1, 4, 1, 3, 4, 1, 2, 4, 3, 1, 3, 1, 2, 4, 4, 4, 3, 2, 2, 3, 2, 4, 3, 4, 2, 4, 4, 2, 1, 2, 3, 2]|[0, 2, 0, 0, 3, 0, 1, 3, 1, 0, 2, 0, 1, 0, 1, 0, 0, 0, 1, 0, 0, 2, 0, 0, 1, 0, 0, 3, 0, 1, 0, 2, 0, 0, 3, 0, 1, 1, 0, 0, 0, 0, 1, 3, 0, 0, 1, 0, 2, 0, 0, 0, 0, 0, 1, 0, 1, 0, 1, 0, 0, 2, 0, 0, 0, 0, 0, 0, 0, 2, 0, 0, 1, 0, 0, 1, 0, 0, 3, 0, 0, 1, 2, 2, 0, 0, 0, 3, 0, 1, 0, 1, 0, 3, 1, 0, 0, 0, 0, 0],910.6016522559228,48349.81755982463,106292.91543783221,false
60,G3_TWC,G3_TWC,[31, 22, 42, 15, 26, 58, 95, 82, 77, 12, 47, 5, 93, 78, 98, 54, 85, 63, 18, 44, 20, 35, 43, 97, 91, 76, 10, 30, 21, 45, 71, 64, 1, 23, 17, 83, 24, 61, 60, 49, 6, 57, 94, 88, 65, 56, 79, 40, 67, 68, 46, 75, 0, 9, 19, 32, 81, 41, 27, 62, 87, 90, 99, 59, 53, 16, 72, 73, 70, 39, 37, 84, 3, 92, 25, 74, 28, 38, 51, 7, 11, 14, 86, 48, 89, 66, 50, 96, 33, 80, 8, 4, 34, 36, 55, 52, 13, 29, 69, 2]|[1, 1, 0, 1, 1, 1, 2, 1, 2, 1, 2, 2, 2, 1, 1, 0, 0, 1, 0, 2, 2, 0, 1, 2, 0, 1, 2, 2, 0, 0, 1, 2, 1, 0, 1, 0, 2, 0, 1, 1, 0, 1, 1, 1, 0, 2, 1, 1, 0, 0, 0, 0, 1, 1, 2, 1, 2, 0, 0, 0, 2, 1, 0, 1, 0, 1, 2, 1, 1, 1, 1, 1, 2, 0, 1, 2, 0, 0, 0, 1, 0, 1, 0, 0, 1, 0, 0, 0, 2, 0, 1, 0, 2, 0, 1, 1, 0, 0, 1, 0]|[4, 3, 2, 2, 0, 0, 2, 2, 2, 4, 1, 1, 2, 4, 4, 1, 1, 4, 2, 1, 1, 1, 1, 2, 1, 2, 1, 1, 1, 1, 3, 2, 3, 0, 4, 0, 1, 1, 0, 3, 2, 2, 4, 0, 1, 1, 3, 2, 0, 1, 2, 2, 1, 4, 0, 3, 2, 1, 1, 2, 1, 3, 1, 1, 2, 3, 0, 4, 3, 1, 4, 1, 1, 2, 4, 1, 2, 1, 1, 3, 2, 3, 1, 1, 1, 1, 1, 1, 1, 1, 3, 2, 1, 1, 4, 1, 2, 2, 3, 2]|[0, 2, 1, 1, 3, 3, 0, 1, 0, 0, 0, 0, 1, 0, 1, 0, 0, 3, 1, 0, 0, 0, 3, 1, 0, 2, 0, 0, 0, 1, 0, 0, 0, 0, 3, 0, 1, 0, 0, 2, 1, 1, 2, 0, 0, 0, 0, 1, 1, 0, 0, 0, 1, 3, 0, 0, 1, 0, 0, 1, 0, 2, 0, 1, 1, 2, 1, 0, 0, 1, 1, 3, 0, 1, 3, 0, 1, 0, 0, 2, 1, 0, 0, 0, 1, 0, 0, 0, 0, 0, 2, 1, 0, 1, 3, 1, 0, 0, 0, 0],843.7439659666079,57777.80974073964,86440.68470675517,false
60,G1_CMAX,G3_TWC,[31, 22, 42, 15, 26, 58, 95, 82, 77, 12, 47, 5, 93, 78, 98, 54, 85, 63, 18, 44, 20, 35, 43, 97, 91, 76, 10, 30, 21, 45, 71, 64, 1, 23, 17, 83, 24, 61, 60, 36, 6, 57, 94, 88, 65, 56, 79, 40, 67, 68, 46, 75, 38, 9, 19, 32, 81, 41, 27, 62, 87, 90, 99, 59, 53, 16, 72, 73, 70, 39, 37, 84, 3, 92, 25, 74, 28, 0, 51, 7, 11, 14, 86, 48, 89, 66, 50, 96, 4, 80, 33, 8, 34, 49, 55, 52, 13, 2, 69, 29]|[1, 1, 0, 1, 1, 1, 2, 1, 2, 1, 2, 2, 2, 1, 1, 0, 0, 1, 0, 2, 2, 0, 1, 2, 0, 1, 2, 2, 0, 0, 1, 2, 1, 0, 1, 0, 2, 0, 1, 1, 0, 1, 1, 1, 0, 2, 1, 1, 0, 0, 0, 0, 1, 1, 2, 1, 2, 0, 0, 0, 2, 1, 0, 1, 0, 1, 2, 1, 1, 1, 1, 1, 2, 0, 1, 2, 0, 0, 0, 1, 2, 1, 0, 0, 1, 2, 0, 2, 0, 0, 2, 1, 2, 0, 2, 1, 0, 0, 1, 0]|[4, 3, 2, 2, 0, 0, 2, 2, 2, 4, 1, 1, 2, 4, 4, 1, 1, 4, 2, 1, 1, 1, 1, 2, 1, 2, 1, 1, 1, 1, 3, 2, 3, 0, 4, 0, 1, 1, 0, 3, 2, 2, 4, 0, 1, 1, 3, 2, 0, 1, 2, 2, 1, 4, 0, 3, 2, 1, 1, 2, 1, 3, 1, 1, 2, 3, 0, 4, 3, 1, 4, 1, 1, 2, 4, 1, 2, 1, 1, 3, 1, 3, 1, 1, 1, 1, 1, 1, 2, 1, 1, 3, 1, 1, 1, 1, 2, 2, 3, 2]|[0, 2, 1, 1, 3, 3, 0, 1, 0, 0, 0, 0, 1, 0, 1, 0, 0, 3, 1, 0, 0, 0, 3, 1, 0, 2, 0, 0, 0, 1, 0, 0, 0, 0, 3, 0, 1, 0, 0, 2, 1, 1, 2, 0, 0, 0, 0, 1, 1, 0, 0, 0, 1, 3, 0, 0, 1, 0, 0, 1, 0, 2, 0, 1, 1, 2, 1, 0, 0, 1, 1, 3, 0, 1, 3, 0, 1, 0, 0, 2, 0, 0, 0, 0, 1, 0, 0, 0, 1, 0, 0, 2, 0, 1, 0, 1, 0, 0, 0, 0],783.8487552545888,57139.41374157495,88171.96431486766,true
60,G4_BALANCED,G2_TEC,[20, 94, 82, 15, 26, 9, 95, 42, 77, 68, 47, 5, 3, 78, 86, 54, 85, 63, 18, 44, 31, 49, 36, 14, 74, 50, 53, 17, 21, 28, 11, 64, 93, 23, 30, 83, 24, 41, 40, 52, 65, 27, 90, 70, 39, 87, 48, 69, 99, 4, 46, 1, 13, 56, 97, 59, 45, 8, 73, 37, 35, 79, 71, 66, 76, 32, 60, 80, 58, 6, 67, 61, 33, 7, 57, 34, 12, 16, 10, 22, 96, 88, 43, 81, 91, 2, 84, 29, 92, 19, 51, 89, 75, 25, 72, 38, 98, 62, 55, 0]|[2, 1, 2, 1, 1, 2, 1, 1, 1, 1, 1, 0, 2, 2, 1, 2, 0, 0, 0, 2, 2, 1, 0, 2, 0, 2, 2, 1, 0, 1, 1, 1, 0, 0, 1, 0, 2, 1, 2, 2, 0, 0, 1, 1, 0, 2, 0, 2, 1, 0, 0, 2, 0, 2, 2, 0, 1, 1, 0, 0, 2, 1, 1, 2, 2, 0, 2, 2, 2, 1, 2, 1, 1, 2, 0, 1, 1, 2, 1, 2, 0, 1, 1, 1, 1, 0, 0, 1, 0, 1, 1, 1, 0, 1, 1, 0, 2, 1, 0, 0]|[1, 3, 0, 3, 4, 1, 4, 4, 4, 4, 3, 2, 1, 0, 2, 1, 1, 1, 2, 1, 1, 3, 0, 1, 0, 1, 1, 4, 1, 4, 3, 2, 2, 0, 4, 1, 1, 4, 1, 1, 2, 1, 4, 4, 1, 1, 0, 1, 3, 2, 2, 1, 2, 1, 1, 2, 4, 3, 0, 2, 1, 3, 3, 1, 1, 2, 1, 1, 1, 4, 1, 3, 4, 1, 2, 4, 3, 1, 3, 1, 2, 4, 4, 4, 3, 2, 2, 3, 2, 4, 3, 4, 2, 4, 4, 2, 1, 3, 2, 2]|[0, 2, 0, 0, 3, 0, 1, 3, 1, 0, 2, 0, 1, 0, 1, 0, 0, 0, 1, 0, 0, 2, 0, 0, 1, 0, 0, 3, 0, 1, 0, 2, 0, 0, 3, 0, 1, 1, 0, 0, 0, 0, 1, 3, 0, 0, 1, 0, 2, 0, 0, 0, 0, 0, 1, 0, 1, 0, 1, 0, 0, 2, 0, 0, 0, 0, 0, 0, 0, 2, 0, 0, 1, 0, 0, 1, 0, 0, 3, 0, 0, 1, 2, 2, 0, 0, 0, 3, 0, 1, 0, 1, 0, 3, 1, 0, 0, 0, 0, 0],910.6016522559228,48338.69319235147,106227.43476421494,true
60,G2_TEC,G2_TEC,[20, 94, 82, 15, 26, 9, 95, 42, 77, 68, 47, 5, 3, 78, 86, 54, 85, 63, 18, 44, 31, 49, 36, 14, 74, 50, 53, 17, 21, 28, 11, 64, 93, 23, 30, 83, 24, 41, 40, 52, 65, 27, 90, 70, 39, 87, 48, 69, 99, 4, 46, 1, 13, 56, 97, 59, 45, 8, 73, 37, 35, 79, 71, 66, 76, 32, 60, 80, 58, 6, 67, 61, 33, 7, 57, 34, 12, 16, 10, 22, 96, 88, 43, 81, 91, 2, 84, 29, 92, 19, 51, 89, 75, 25, 72, 38, 98, 62, 55, 0]|[2, 1, 2, 1, 1, 2, 1, 1, 1, 1, 1, 0, 2, 2, 1, 2, 0, 0, 0, 2, 2, 1, 0, 2, 0, 2, 2, 1, 0, 1, 1, 1, 0, 0, 1, 0, 2, 1, 2, 2, 0, 0, 1, 1, 0, 2, 0, 2, 1, 0, 0, 2, 0, 2, 2, 0, 1, 1, 0, 0, 2, 1, 1, 2, 2, 0, 2, 2, 2, 1, 2, 1, 1, 2, 0, 1, 1, 2, 1, 2, 0, 1, 1, 1, 1, 0, 0, 1, 0, 1, 1, 1, 0, 1, 1, 0, 2, 1, 0, 0]|[1, 3, 0, 3, 4, 1, 4, 4, 4, 4, 3, 2, 1, 0, 2, 1, 1, 1, 2, 1, 1, 3, 0, 1, 0, 1, 1, 4, 1, 4, 3, 2, 2, 0, 4, 1, 1, 4, 1, 1, 2, 1, 4, 4, 1, 1, 0, 1, 3, 2, 2, 1, 2, 1, 1, 2, 4, 3, 0, 2, 1, 3, 3, 1, 1, 2, 1, 1, 1, 4, 1, 3, 4, 1, 2, 4, 3, 1, 3, 1, 2, 4, 4, 4, 3, 2, 2, 3, 2, 4, 3, 4, 2, 4, 4, 2, 1, 3, 2, 2]|[0, 2, 0, 0, 3, 0, 1, 3, 1, 0, 2, 0, 1, 0, 1, 0, 0, 0, 1, 0, 0, 2, 0, 0, 1, 0, 0, 3, 0, 1, 0, 2, 0, 0, 3, 0, 1, 1, 0, 0, 0, 0, 1, 3, 0, 0, 1, 0, 2, 0, 0, 0, 0, 0, 1, 0, 1, 0, 1, 0, 0, 2, 0, 0, 0, 0, 0, 0, 0, 2, 0, 0, 1, 0, 0, 1, 0, 0, 3, 0, 0, 1, 2, 2, 0, 0, 0, 3, 0, 1, 0, 1, 0, 3, 1, 0, 0, 0, 0, 0],910.6016522559228,48338.69319235147,106227.43476421494,false
60,G3_TWC,G3_TWC,[31, 22, 42, 15, 26, 58, 95, 82, 77, 12, 47, 5, 93, 78, 98, 54, 85, 63, 18, 44, 20, 35, 43, 97, 91, 76, 10, 30, 21, 45, 71, 64, 1, 23, 17, 83, 24, 61, 60, 49, 6, 57, 94, 88, 65, 56, 79, 40, 67, 68, 46, 75, 0, 9, 19, 32, 81, 41, 27, 62, 87, 90, 99, 59, 53, 16, 72, 73, 70, 39, 37, 84, 3, 92, 25, 74, 28, 38, 51, 7, 11, 14, 86, 48, 89, 66, 50, 96, 33, 80, 8, 4, 34, 36, 55, 52, 13, 29, 69, 2]|[1, 1, 0, 1, 1, 1, 2, 1, 2, 1, 2, 2, 2, 1, 1, 0, 0, 1, 0, 2, 2, 0, 1, 2, 0, 1, 2, 2, 0, 0, 1, 2, 1, 0, 1, 0, 2, 0, 1, 1, 0, 1, 1, 1, 0, 2, 1, 1, 0, 0, 0, 0, 1, 1, 2, 1, 2, 0, 0, 0, 2, 1, 0, 1, 0, 1, 2, 1, 1, 1, 1, 1, 2, 0, 1, 2, 0, 0, 0, 1, 0, 1, 0, 0, 1, 0, 0, 0, 2, 0, 1, 0, 2, 0, 1, 1, 0, 0, 1, 0]|[4, 3, 2, 2, 0, 0, 2, 2, 2, 4, 1, 1, 2, 4, 4, 1, 1, 4, 2, 1, 1, 1, 1, 2, 1, 2, 1, 1, 1, 1, 3, 2, 3, 0, 4, 0, 1, 1, 0, 3, 2, 2, 4, 0, 1, 1, 3, 2, 0, 1, 2, 2, 1, 4, 0, 3, 2, 1, 1, 2, 1, 3, 1, 1, 2, 3, 0, 4, 3, 1, 4, 1, 1, 2, 4, 1, 2, 1, 1, 3, 2, 3, 1, 1, 1, 1, 1, 1, 1, 1, 3, 2, 1, 1, 4, 1, 2, 2, 3, 2]|[0, 2, 1, 1, 3, 3, 0, 1, 0, 0, 0, 0, 1, 0, 1, 0, 0, 3, 1, 0, 0, 0, 3, 1, 0, 2, 0, 0, 0, 1, 0, 0, 0, 0, 3, 0, 1, 0, 0, 2, 1, 1, 2, 0, 0, 0, 0, 1, 1, 0, 0, 0, 1, 3, 0, 0, 1, 0, 0, 1, 0, 2, 0, 1, 1, 2, 1, 0, 0, 1, 1, 3, 0, 1, 3, 0, 1, 0, 0, 2, 1, 0, 0, 0, 1, 0, 0, 0, 0, 0, 2, 1, 0, 1, 3, 1, 0, 0, 0, 0],843.7439659666079,57777.80974073964,86440.68470675517,false
60,G1_CMAX,G3_TWC,[31, 22, 42, 15, 26, 58, 95, 82, 77, 12, 47, 5, 93, 78, 98, 54, 85, 63, 18, 44, 20, 35, 43, 97, 91, 76, 10, 30, 21, 45, 71, 64, 1, 23, 17, 83, 24, 61, 60, 49, 6, 57, 94, 88, 65, 56, 79, 40, 67, 68, 46, 75, 0, 9, 19, 32, 81, 41, 27, 62, 87, 90, 99, 59, 53, 16, 72, 73, 70, 39, 37, 84, 3, 92, 25, 74, 28, 29, 51, 50, 11, 14, 86, 48, 89, 66, 7, 96, 33, 80, 4, 8, 34, 36, 2, 69, 13, 38, 52, 55]|[1, 1, 0, 1, 1, 1, 2, 1, 2, 1, 2, 2, 2, 1, 1, 0, 0, 1, 0, 2, 2, 0, 1, 2, 0, 1, 2, 2, 0, 0, 1, 2, 1, 0, 1, 0, 2, 0, 1, 1, 0, 1, 1, 1, 0, 2, 1, 1, 0, 0, 0, 0, 1, 1, 2, 1, 2, 2, 0, 0, 2, 1, 0, 1, 0, 1, 2, 1, 1, 1, 1, 1, 2, 0, 1, 2, 0, 0, 0, 0, 2, 1, 0, 0, 1, 2, 1, 0, 2, 0, 0, 1, 2, 0, 0, 1, 0, 0, 1, 1]|[4, 3, 2, 2, 0, 0, 2, 2, 2, 4, 1, 1, 2, 4, 4, 1, 1, 4, 2, 1, 1, 1, 1, 2, 1, 2, 1, 1, 1, 1, 3, 2, 3, 0, 4, 0, 1, 1, 0, 3, 2, 2, 4, 0, 1, 1, 3, 2, 0, 1, 2, 2, 1, 4, 0, 3, 2, 1, 1, 2, 1, 3, 1, 1, 2, 3, 0, 4, 3, 1, 4, 1, 1, 2, 4, 1, 2, 1, 1, 1, 1, 3, 1, 1, 1, 1, 3, 1, 1, 1, 2, 3, 1, 1, 2, 3, 2, 2, 1, 4]|[0, 2, 1, 1, 3, 3, 0, 1, 0, 0, 0, 0, 1, 0, 1, 0, 0, 3, 1, 0, 0, 0, 3, 1, 0, 2, 0, 0, 0, 1, 0, 0, 0, 0, 3, 0, 1, 0, 0, 2, 1, 1, 2, 0, 0, 0, 0, 1, 1, 0, 0, 0, 1, 3, 0, 0, 1, 0, 0, 1, 0, 2, 0, 1, 1, 2, 1, 0, 0, 1, 1, 3, 0, 1, 3, 0, 1, 0, 0, 0, 0, 0, 0, 0, 1, 0, 2, 0, 0, 0, 1, 2, 0, 1, 0, 0, 0, 0, 1, 3],786.6014213265837,57650.04702393021,87236.3334223006,true
60,G4_BALANCED,G2_TEC,[20, 94, 82, 15, 26, 9, 95, 42, 77, 68, 47, 5, 3, 78, 86, 54, 85, 63, 18, 44, 31, 49, 36, 14, 74, 50, 53, 17, 21, 28, 11, 64, 93, 23, 30, 83, 24, 41, 40, 52, 65, 27, 90, 70, 39, 87, 48, 69, 99, 4, 46, 1, 13, 56, 97, 59, 45, 8, 73, 37, 35, 79, 71, 66, 76, 32, 60, 80, 58, 6, 67, 61, 33, 7, 57, 34, 12, 16, 10, 22, 96, 88, 43, 81, 91, 2, 84, 29, 92, 19, 51, 89, 75, 25, 72, 38, 98, 62, 55, 0]|[2, 1, 2, 1, 1, 2, 1, 1, 1, 1, 1, 0, 2, 2, 1, 2, 0, 0, 0, 2, 2, 1, 0, 2, 0, 2, 2, 1, 0, 1, 1, 1, 0, 0, 1, 0, 2, 1, 2, 2, 0, 0, 1, 1, 0, 2, 0, 2, 1, 0, 0, 2, 0, 2, 2, 0, 1, 1, 0, 0, 2, 1, 1, 2, 2, 0, 2, 2, 2, 1, 2, 1, 1, 2, 0, 1, 1, 2, 1, 2, 0, 1, 1, 1, 1, 0, 0, 1, 0, 1, 1, 1, 0, 1, 1, 0, 2, 1, 0, 0]|[1, 3, 0, 3, 4, 1, 4, 4, 4, 4, 3, 2, 1, 0, 2, 1, 1, 1, 2, 1, 1, 3, 0, 1, 0, 1, 1, 4, 1, 4, 3, 2, 2, 0, 4, 1, 1, 4, 1, 1, 2, 1, 4, 4, 1, 1, 0, 1, 3, 2, 2, 1, 2, 1, 1, 2, 4, 3, 0, 2, 1, 3, 3, 1, 1, 2, 1, 1, 1, 4, 1, 3, 4, 1, 2, 4, 3, 1, 3, 1, 2, 4, 4, 4, 3, 2, 2, 3, 2, 4, 3, 4, 2, 4, 4, 2, 1, 3, 2, 2]|[0, 2, 0, 0, 3, 0, 1, 3, 1, 0, 2, 0, 1, 0, 1, 0, 0, 0, 1, 0, 0, 2, 0, 0, 1, 0, 0, 3, 0, 1, 0, 2, 0, 0, 3, 0, 1, 1, 0, 0, 0, 0, 1, 3, 0, 0, 1, 0, 2, 0, 0, 0, 0, 0, 1, 0, 1, 0, 1, 0, 0, 2, 0, 0, 0, 0, 0, 0, 0, 2, 0, 0, 1, 0, 0, 1, 0, 0, 3, 0, 0, 1, 2, 2, 0, 0, 0, 3, 0, 1, 0, 1, 0, 3, 1, 0, 0, 0, 0, 0],910.6016522559228,48338.69319235147,106227.43476421494,true
60,G2_TEC,G2_TEC,[20, 94, 82, 15, 26, 9, 95, 42, 77, 68, 47, 5, 3, 78, 86, 54, 85, 63, 18, 44, 31, 49, 36, 14, 74, 50, 53, 17, 21, 28, 11, 64, 93, 23, 30, 83, 24, 41, 40, 52, 65, 27, 90, 70, 39, 87, 48, 69, 99, 4, 46, 1, 13, 56, 97, 59, 45, 8, 73, 37, 35, 79, 71, 66, 76, 32, 60, 80, 58, 6, 67, 61, 33, 7, 57, 34, 12, 16, 10, 22, 96, 88, 43, 81, 91, 2, 84, 29, 92, 19, 51, 89, 75, 25, 72, 38, 98, 62, 55, 0]|[2, 1, 2, 1, 1, 2, 1, 1, 1, 1, 1, 0, 2, 2, 1, 2, 0, 0, 0, 2, 2, 1, 0, 2, 0, 2, 2, 1, 0, 1, 1, 1, 0, 0, 1, 0, 2, 1, 2, 2, 0, 0, 1, 1, 0, 2, 0, 2, 1, 0, 0, 2, 0, 2, 2, 0, 1, 1, 0, 0, 2, 1, 1, 2, 2, 0, 2, 2, 2, 1, 2, 1, 1, 2, 0, 1, 1, 2, 1, 2, 0, 1, 1, 1, 1, 0, 0, 1, 0, 1, 1, 1, 0, 1, 1, 0, 2, 1, 0, 0]|[1, 3, 0, 3, 4, 1, 4, 4, 4, 4, 3, 2, 1, 0, 2, 1, 1, 1, 2, 1, 1, 3, 0, 1, 0, 1, 1, 4, 1, 4, 3, 2, 2, 0, 4, 1, 1, 4, 1, 1, 2, 1, 4, 4, 1, 1, 0, 1, 3, 2, 2, 1, 2, 1, 1, 2, 4, 3, 0, 2, 1, 3, 3, 1, 1, 2, 1, 1, 1, 4, 1, 3, 4, 1, 2, 4, 3, 1, 3, 1, 2, 4, 4, 4, 3, 2, 2, 3, 2, 4, 3, 4, 2, 4, 4, 2, 1, 3, 2, 2]|[0, 2, 0, 0, 3, 0, 1, 3, 1, 0, 2, 0, 1, 0, 1, 0, 0, 0, 1, 0, 0, 2, 0, 0, 1, 0, 0, 3, 0, 1, 0, 2, 0, 0, 3, 0, 1, 1, 0, 0, 0, 0, 1, 3, 0, 0, 1, 0, 2, 0, 0, 0, 0, 0, 1, 0, 1, 0, 1, 0, 0, 2, 0, 0, 0, 0, 0, 0, 0, 2, 0, 0, 1, 0, 0, 1, 0, 0, 3, 0, 0, 1, 2, 2, 0, 0, 0, 3, 0, 1, 0, 1, 0, 3, 1, 0, 0, 0, 0, 0],910.6016522559228,48338.69319235147,106227.43476421494,false
60,G3_TWC,G3_TWC,[31, 22, 42, 15, 26, 58, 95, 82, 77, 12, 47, 5, 93, 78, 98, 54, 85, 63, 18, 44, 20, 35, 43, 97, 91, 76, 10, 30, 21, 45, 71, 64, 1, 23, 17, 83, 24, 61, 60, 49, 6, 57, 94, 88, 65, 56, 79, 40, 67, 68, 46, 75, 0, 9, 19, 32, 81, 41, 27, 62, 87, 90, 99, 59, 53, 16, 72, 73, 70, 39, 37, 84, 3, 92, 25, 74, 28, 38, 51, 7, 11, 14, 86, 48, 89, 66, 50, 96, 33, 80, 8, 4, 34, 36, 55, 52, 13, 29, 69, 2]|[1, 1, 0, 1, 1, 1, 2, 1, 2, 1, 2, 2, 2, 1, 1, 0, 0, 1, 0, 2, 2, 0, 1, 2, 0, 1, 2, 2, 0, 0, 1, 2, 1, 0, 1, 0, 2, 0, 1, 1, 0, 1, 1, 1, 0, 2, 1, 1, 0, 0, 0, 0, 1, 1, 2, 1, 2, 0, 0, 0, 2, 1, 0, 1, 0, 1, 2, 1, 1, 1, 1, 1, 2, 0, 1, 2, 0, 0, 0, 1, 0, 1, 0, 0, 1, 0, 0, 0, 2, 0, 1, 0, 2, 0, 1, 1, 0, 0, 1, 0]|[4, 3, 2, 2, 0, 0, 2, 2, 2, 4, 1, 1, 2, 4, 4, 1, 1, 4, 2, 1, 1, 1, 1, 2, 1, 2, 1, 1, 1, 1, 3, 2, 3, 0, 4, 0, 1, 1, 0, 3, 2, 2, 4, 0, 1, 1, 3, 2, 0, 1, 2, 2, 1, 4, 0, 3, 2, 1, 1, 2, 1, 3, 1, 1, 2, 3, 0, 4, 3, 1, 4, 1, 1, 2, 4, 1, 2, 1, 1, 3, 2, 3, 1, 1, 1, 1, 1, 1, 1, 1, 3, 2, 1, 1, 4, 1, 2, 2, 3, 2]|[0, 2, 1, 1, 3, 3, 0, 1, 0, 0, 0, 0, 1, 0, 1, 0, 0, 3, 1, 0, 0, 0, 3, 1, 0, 2, 0, 0, 0, 1, 0, 0, 0, 0, 3, 0, 1, 0, 0, 2, 1, 1, 2, 0, 0, 0, 0, 1, 1, 0, 0, 0, 1, 3, 0, 0, 1, 0, 0, 1, 0, 2, 0, 1, 1, 2, 1, 0, 0, 1, 1, 3, 0, 1, 3, 0, 1, 0, 0, 2, 1, 0, 0, 0, 1, 0, 0, 0, 0, 0, 2, 1, 0, 1, 3, 1, 0, 0, 0, 0],843.7439659666079,57777.80974073964,86440.68470675517,false
60,G1_CMAX,G4_BALANCED,[31, 22, 82, 15, 26, 9, 95, 42, 77, 68, 47, 5, 93, 78, 86, 54, 85, 63, 18, 44, 20, 49, 36, 14, 74, 50, 53, 17, 21, 28, 11, 64, 3, 23, 30, 83, 24, 41, 40, 52, 65, 27, 90, 70, 39, 87, 48, 69, 99, 4, 46, 1, 13, 58, 19, 59, 45, 8, 73, 37, 35, 79, 71, 66, 76, 32, 60, 80, 96, 6, 16, 61, 33, 7, 57, 34, 12, 0, 10, 98, 56, 88, 43, 84, 91, 38, 75, 92, 29, 97, 51, 55, 72, 89, 25, 81, 94, 2, 62, 67]|[2, 1, 2, 1, 1, 0, 1, 1, 1, 1, 1, 0, 2, 2, 1, 2, 0, 0, 0, 2, 2, 1, 0, 2, 0, 2, 2, 1, 0, 1, 1, 1, 0, 0, 1, 0, 2, 1, 2, 2, 0, 0, 1, 1, 0, 2, 0, 2, 1, 0, 0, 2, 0, 0, 2, 0, 1, 1, 0, 0, 2, 1, 1, 1, 2, 0, 2, 2, 0, 1, 2, 1, 1, 2, 0, 1, 1, 2, 1, 2, 2, 1, 1, 0, 1, 0, 0, 0, 1, 1, 1, 0, 1, 1, 1, 1, 2, 2, 1, 2]|[0, 3, 0, 3, 4, 1, 4, 4, 2, 4, 3, 2, 1, 0, 2, 1, 1, 1, 2, 1, 1, 3, 0, 1, 0, 1, 1, 4, 1, 4, 3, 2, 2, 0, 4, 1, 1, 4, 1, 1, 2, 1, 4, 4, 1, 1, 0, 2, 3, 2, 2, 1, 2, 1, 1, 2, 4, 3, 0, 2, 2, 3, 3, 1, 1, 2, 1, 1, 2, 4, 1, 3, 4, 1, 2, 4, 3, 1, 3, 1, 1, 4, 4, 2, 3, 2, 2, 2, 3, 4, 3, 2, 4, 4, 4, 4, 1, 1, 3, 1]|[0, 2, 0, 0, 3, 0, 1, 3, 0, 0, 2, 0, 1, 0, 1, 0, 0, 0, 1, 0, 0, 2, 0, 0, 1, 0, 0, 3, 0, 1, 0, 2, 0, 0, 3, 0, 1, 1, 0, 0, 0, 0, 1, 3, 0, 0, 1, 0, 2, 0, 0, 0, 0, 1, 1, 0, 1, 0, 1, 1, 0, 2, 0, 2, 0, 0, 0, 0, 0, 2, 0, 0, 1, 0, 0, 1, 0, 0, 3, 0, 0, 1, 2, 0, 0, 0, 0, 0, 3, 1, 0, 0, 1, 1, 3, 2, 0, 0, 0, 0],868.7994921460532,50068.77001334401,103601.68288749359,true
60,G4_BALANCED,G4_BALANCED,[20, 94, 66, 15, 26, 9, 95, 42, 77, 68, 47, 5, 3, 78, 86, 54, 85, 63, 18, 44, 31, 49, 36, 14, 74, 50, 53, 17, 21, 28, 11, 64, 93, 23, 30, 83, 24, 41, 40, 52, 65, 27, 90, 70, 39, 87, 48, 69, 99, 4, 46, 1, 13, 56, 97, 59, 45, 8, 73, 37, 35, 79, 71, 82, 76, 32, 60, 80, 58, 6, 67, 61, 33, 7, 57, 34, 12, 16, 10, 22, 96, 88, 43, 81, 91, 2, 84, 29, 92, 19, 51, 89, 38, 25, 72, 75, 98, 62, 55, 0]|[2, 1, 2, 1, 1, 2, 1, 1, 1, 1, 1, 0, 2, 2, 1, 2, 0, 0, 0, 2, 2, 1, 0, 2, 0, 2, 2, 1, 0, 1, 1, 1, 0, 0, 1, 0, 2, 1, 2, 2, 0, 0, 1, 1, 0, 2, 0, 2, 1, 0, 0, 2, 0, 2, 2, 0, 1, 1, 0, 0, 2, 1, 1, 2, 2, 0, 2, 2, 2, 1, 2, 1, 1, 2, 0, 1, 1, 2, 1, 2, 0, 1, 1, 1, 1, 0, 0, 1, 0, 1, 1, 1, 0, 1, 1, 0, 2, 1, 0, 0]|[1, 3, 1, 3, 4, 1, 4, 4, 4, 4, 3, 2, 1, 0, 2, 1, 1, 1, 2, 1, 1, 3, 0, 1, 0, 1, 1, 4, 1, 4, 3, 2, 2, 0, 4, 1, 1, 4, 1, 1, 2, 1, 4, 4, 1, 1, 0, 1, 3, 2, 2, 1, 2, 1, 1, 2, 4, 3, 0, 2, 1, 3, 3, 1, 1, 2, 1, 1, 1, 4, 1, 3, 4, 1, 2, 4, 3, 1, 3, 1, 2, 4, 4, 4, 3, 2, 2, 3, 2, 4, 3, 4, 2, 4, 4, 2, 1, 3, 2, 2]|[0, 2, 0, 0, 3, 0, 1, 3, 1, 0, 2, 0, 1, 0, 1, 0, 0, 0, 1, 0, 0, 2, 0, 0, 1, 0, 0, 3, 0, 1, 0, 2, 0, 0, 3, 0, 1, 1, 0, 0, 0, 0, 1, 3, 0, 0, 1, 0, 2, 0, 0, 0, 0, 0, 1, 0, 1, 0, 1, 1, 0, 2, 0, 0, 0, 0, 0, 0, 0, 2, 0, 0, 1, 0, 0, 1, 0, 0, 3, 0, 0, 1, 2, 2, 0, 0, 0, 3, 0, 1, 0, 1, 0, 3, 1, 0, 0, 0, 0, 0],910.6016522559228,48297.68169798177,105226.19035233548,false
60,G2_TEC,G4_BALANCED,[20, 94, 66, 15, 26, 9, 95, 42, 77, 68, 47, 5, 3, 78, 86, 54, 85, 63, 18, 44, 31, 49, 36, 14, 74, 50, 53, 17, 21, 28, 11, 64, 93, 23, 30, 83, 24, 41, 40, 52, 65, 27, 90, 70, 39, 87, 48, 69, 99, 4, 46, 1, 13, 56, 97, 59, 45, 8, 73, 37, 35, 79, 71, 82, 76, 32, 60, 80, 58, 6, 67, 61, 33, 7, 57, 34, 12, 16, 10, 22, 96, 88, 43, 81, 91, 2, 84, 29, 92, 19, 51, 89, 38, 25, 72, 75, 98, 62, 55, 0]|[2, 1, 2, 1, 1, 2, 1, 1, 1, 1, 1, 0, 2, 2, 1, 2, 0, 0, 0, 2, 2, 1, 0, 2, 0, 2, 2, 1, 0, 1, 1, 1, 0, 0, 1, 0, 2, 1, 2, 2, 0, 0, 1, 1, 0, 2, 0, 2, 1, 0, 0, 2, 0, 2, 2, 0, 1, 1, 0, 0, 2, 1, 1, 2, 2, 0, 2, 2, 2, 1, 2, 1, 1, 2, 0, 1, 1, 2, 1, 2, 0, 1, 1, 1, 1, 0, 0, 1, 0, 1, 1, 1, 0, 1, 1, 0, 2, 1, 0, 0]|[1, 3, 1, 3, 4, 1, 4, 4, 4, 4, 3, 2, 1, 0, 2, 1, 1, 1, 2, 1, 1, 3, 0, 1, 0, 1, 1, 4, 1, 4, 3, 2, 2, 0, 4, 1, 1, 4, 1, 1, 2, 1, 4, 4, 1, 1, 0, 1, 3, 2, 2, 1, 2, 1, 1, 2, 4, 3, 0, 2, 1, 3, 3, 1, 1, 2, 1, 1, 1, 4, 1, 3, 4, 1, 2, 4, 3, 1, 3, 1, 2, 4, 4, 4, 3, 2, 2, 3, 2, 4, 3, 4, 2, 4, 4, 2, 1, 3, 2, 2]|[0, 2, 0, 0, 3, 0, 1, 3, 1, 0, 2, 0, 1, 0, 1, 0, 0, 0, 1, 0, 0, 2, 0, 0, 1, 0, 0, 3, 0, 1, 0, 2, 0, 0, 3, 0, 1, 1, 0, 0, 0, 0, 1, 3, 0, 0, 1, 0, 2, 0, 0, 0, 0, 0, 1, 0, 1, 0, 1, 1, 0, 2, 0, 0, 0, 0, 0, 0, 0, 2, 0, 0, 1, 0, 0, 1, 0, 0, 3, 0, 0, 1, 2, 2, 0, 0, 0, 3, 0, 1, 0, 1, 0, 3, 1, 0, 0, 0, 0, 0],910.6016522559228,48297.68169798177,105226.19035233548,true
60,G3_TWC,G3_TWC,[31, 22, 42, 15, 26, 58, 95, 82, 77, 12, 47, 5, 93, 78, 98, 54, 85, 63, 18, 44, 20, 35, 43, 97, 91, 76, 10, 30, 21, 45, 71, 64, 1, 23, 17, 83, 24, 61, 60, 49, 6, 57, 94, 88, 65, 56, 79, 40, 67, 68, 46, 75, 0, 9, 19, 32, 81, 41, 27, 62, 87, 90, 99, 59, 53, 16, 72, 73, 70, 39, 37, 84, 3, 92, 25, 74, 28, 38, 51, 7, 11, 14, 86, 48, 89, 66, 50, 96, 33, 80, 8, 4, 34, 36, 55, 52, 13, 29, 69, 2]|[1, 1, 0, 1, 1, 1, 2, 1, 2, 1, 2, 2, 2, 1, 1, 0, 0, 1, 0, 2, 2, 0, 1, 2, 0, 1, 2, 2, 0, 0, 1, 2, 1, 0, 1, 0, 2, 0, 1, 1, 0, 1, 1, 1, 0, 2, 1, 1, 0, 0, 0, 0, 1, 1, 2, 1, 2, 0, 0, 0, 2, 1, 0, 1, 0, 1, 2, 1, 1, 1, 1, 1, 2, 0, 1, 2, 0, 0, 0, 1, 0, 1, 0, 0, 1, 0, 0, 0, 2, 0, 1, 0, 2, 0, 1, 1, 0, 0, 1, 0]|[4, 3, 2, 2, 0, 0, 2, 2, 2, 4, 1, 1, 2, 4, 4, 1, 1, 4, 2, 1, 1, 1, 1, 2, 1, 2, 1, 1, 1, 1, 3, 2, 3, 0, 4, 0, 1, 1, 0, 3, 2, 2, 4, 0, 1, 1, 3, 2, 0, 1, 2, 2, 1, 4, 0, 3, 2, 1, 1, 2, 1, 3, 1, 1, 2, 3, 0, 4, 3, 1, 4, 1, 1, 2, 4, 1, 2, 1, 1, 3, 2, 3, 1, 1, 1, 1, 1, 1, 1, 1, 3, 2, 1, 1, 4, 1, 2, 2, 3, 2]|[0, 2, 1, 1, 3, 3, 0, 1, 0, 0, 0, 0, 1, 0, 1, 0, 0, 3, 1, 0, 0, 0, 3, 1, 0, 2, 0, 0, 0, 1, 0, 0, 0, 0, 3, 0, 1, 0, 0, 2, 1, 1, 2, 0, 0, 0, 0, 1, 1, 0, 0, 0, 1, 3, 0, 0, 1, 0, 0, 1, 0, 2, 0, 1, 1, 2, 1, 0, 0, 1, 1, 3, 0, 1, 3, 0, 1, 0, 0, 2, 1, 0, 0, 0, 1, 0, 0, 0, 0, 0, 2, 1, 0, 1, 3, 1, 0, 0, 0, 0],843.7439659666079,57777.80974073964,86440.68470675517,false
60,G1_CMAX,G3_TWC,[31, 22, 42, 15, 26, 58, 95, 82, 77, 12, 47, 5, 93, 78, 98, 54, 85, 63, 18, 44, 20, 35, 43, 97, 91, 76, 10, 30, 21, 45, 71, 64, 1, 23, 17, 83, 24, 61, 60, 49, 6, 57, 94, 88, 65, 56, 79, 40, 67, 68, 46, 75, 0, 9, 19, 32, 81, 41, 27, 62, 87, 90, 99, 59, 53, 16, 72, 73, 70, 39, 37, 84, 3, 92, 25, 74, 28, 38, 51, 7, 11, 14, 86, 48, 89, 66, 50, 96, 33, 80, 8, 4, 34, 36, 55, 52, 13, 29, 69, 2]|[1, 1, 0, 1, 1, 1, 2, 1, 2, 1, 2, 2, 2, 1, 1, 0, 0, 1, 0, 2, 2, 0, 1, 2, 0, 1, 2, 2, 0, 0, 1, 2, 1, 0, 1, 0, 2, 0, 1, 1, 0, 1, 1, 1, 0, 2, 1, 1, 0, 0, 0, 0, 1, 1, 2, 1, 2, 0, 0, 0, 2, 1, 0, 1, 0, 1, 2, 1, 1, 1, 1, 1, 2, 0, 1, 2, 0, 0, 0, 1, 0, 1, 0, 0, 1, 0, 0, 0, 2, 0, 1, 0, 2, 0, 1, 1, 0, 0, 1, 0]|[4, 3, 2, 2, 0, 0, 2, 2, 2, 4, 1, 1, 2, 4, 4, 1, 1, 4, 2, 1, 1, 1, 1, 2, 1, 2, 1, 1, 1, 1, 3, 2, 3, 0, 4, 0, 1, 1, 0, 3, 2, 2, 4, 0, 1, 1, 3, 2, 0, 1, 2, 2, 1, 4, 0, 3, 2, 1, 1, 2, 1, 3, 1, 1, 2, 3, 0, 4, 3, 1, 4, 1, 1, 2, 4, 1, 2, 1, 1, 3, 2, 3, 1, 1, 1, 1, 1, 1, 1, 1, 3, 2, 1, 1, 4, 1, 2, 2, 3, 2]|[0, 2, 1, 1, 3, 3, 0, 1, 0, 0, 0, 0, 1, 0, 1, 0, 0, 3, 1, 0, 0, 0, 3, 1, 0, 2, 0, 0, 0, 1, 0, 0, 0, 0, 3, 0, 1, 0, 0, 2, 1, 1, 2, 0, 0, 0, 0, 1, 1, 0, 0, 0, 1, 3, 0, 0, 1, 0, 0, 1, 0, 2, 0, 1, 1, 2, 1, 0, 0, 1, 1, 3, 0, 1, 3, 0, 1, 0, 0, 2, 1, 0, 0, 0, 1, 0, 0, 0, 0, 0, 2, 1, 0, 1, 3, 1, 0, 0, 0, 0],843.7439659666079,57777.80974073964,86440.68470675517,true
60,G4_BALANCED,G4_BALANCED,[20, 94, 66, 15, 26, 9, 95, 42, 77, 68, 47, 5, 3, 78, 86, 54, 85, 63, 18, 44, 31, 49, 36, 14, 74, 50, 53, 17, 21, 28, 11, 64, 93, 23, 30, 83, 24, 41, 40, 52, 65, 27, 90, 70, 39, 87, 48, 69, 99, 4, 46, 1, 13, 56, 97, 59, 45, 8, 73, 37, 35, 79, 71, 82, 76, 32, 60, 80, 58, 6, 67, 61, 33, 7, 57, 34, 12, 16, 10, 22, 96, 88, 43, 81, 91, 2, 84, 29, 92, 19, 51, 89, 38, 25, 72, 75, 98, 62, 55, 0]|[2, 1, 2, 1, 1, 2, 1, 1, 1, 1, 1, 0, 2, 2, 1, 2, 0, 0, 0, 2, 2, 1, 0, 2, 0, 2, 2, 1, 0, 1, 1, 1, 0, 0, 1, 0, 2, 1, 2, 2, 0, 0, 1, 1, 0, 2, 0, 2, 1, 0, 0, 2, 0, 2, 2, 0, 1, 1, 0, 0, 2, 1, 1, 2, 2, 0, 2, 2, 2, 1, 2, 1, 1, 2, 0, 1, 1, 2, 1, 2, 0, 1, 1, 1, 1, 0, 0, 1, 0, 1, 1, 1, 0, 1, 1, 0, 2, 1, 0, 0]|[1, 3, 1, 3, 4, 1, 4, 4, 4, 4, 3, 2, 1, 0, 2, 1, 1, 1, 2, 1, 1, 3, 0, 1, 0, 1, 1, 4, 1, 4, 3, 2, 2, 0, 4, 1, 1, 4, 1, 1, 2, 1, 4, 4, 1, 1, 0, 1, 3, 2, 2, 1, 2, 1, 1, 2, 4, 3, 0, 2, 1, 3, 3, 1, 1, 2, 1, 1, 1, 4, 1, 3, 4, 1, 2, 4, 3, 1, 3, 1, 2, 4, 4, 4, 3, 2, 2, 3, 2, 4, 3, 4, 2, 4, 4, 2, 1, 3, 2, 2]|[0, 2, 0, 0, 3, 0, 1, 3, 1, 0, 2, 0, 1, 0, 1, 0, 0, 0, 1, 0, 0, 2, 0, 0, 1, 0, 0, 3, 0, 1, 0, 2, 0, 0, 3, 0, 1, 1, 0, 0, 0, 0, 1, 3, 0, 0, 1, 0, 2, 0, 0, 0, 0, 0, 1, 0, 1, 0, 1, 1, 0, 2, 0, 0, 0, 0, 0, 0, 0, 2, 0, 0, 1, 0, 0, 1, 0, 0, 3, 0, 0, 1, 2, 2, 0, 0, 0, 3, 0, 1, 0, 1, 0, 3, 1, 0, 0, 0, 0, 0],910.6016522559228,48297.68169798177,105226.19035233548,false
60,G2_TEC,G4_BALANCED,[20, 94, 66, 15, 26, 9, 95, 42, 77, 68, 47, 5, 3, 78, 86, 54, 85, 63, 18, 44, 31, 49, 36, 14, 74, 50, 53, 17, 21, 28, 11, 64, 93, 23, 30, 83, 24, 41, 40, 52, 65, 27, 90, 70, 39, 87, 48, 69, 99, 4, 46, 1, 13, 56, 97, 59, 45, 8, 73, 37, 35, 79, 71, 82, 76, 32, 60, 80, 58, 6, 67, 61, 33, 7, 57, 34, 12, 16, 10, 22, 96, 88, 43, 81, 91, 2, 84, 29, 92, 19, 51, 89, 38, 25, 72, 75, 98, 62, 55, 0]|[2, 1, 2, 1, 1, 2, 1, 1, 1, 1, 1, 0, 2, 2, 1, 2, 0, 0, 0, 2, 2, 1, 0, 2, 0, 2, 2, 1, 0, 1, 1, 1, 0, 0, 1, 0, 2, 1, 2, 2, 0, 0, 1, 1, 0, 2, 0, 2, 1, 0, 0, 2, 0, 2, 2, 0, 1, 1, 0, 0, 2, 1, 1, 2, 2, 0, 2, 2, 2, 1, 2, 1, 1, 2, 0, 1, 1, 2, 1, 2, 0, 1, 1, 1, 1, 0, 0, 1, 0, 1, 1, 1, 0, 1, 1, 0, 2, 1, 0, 0]|[1, 3, 1, 3, 4, 1, 4, 4, 4, 4, 3, 2, 1, 0, 2, 1, 1, 1, 2, 1, 1, 3, 0, 1, 0, 1, 1, 4, 1, 4, 3, 2, 2, 0, 4, 1, 1, 4, 1, 1, 2, 1, 4, 4, 1, 1, 0, 1, 3, 2, 2, 1, 2, 1, 1, 2, 4, 3, 0, 2, 1, 3, 3, 1, 1, 2, 1, 1, 1, 4, 1, 3, 4, 1, 2, 4, 3, 1, 3, 1, 2, 4, 4, 4, 3, 2, 2, 3, 2, 4, 3, 4, 2, 4, 4, 2, 1, 3, 2, 2]|[0, 2, 0, 0, 3, 0, 1, 3, 1, 0, 2, 0, 1, 0, 1, 0, 0, 0, 1, 0, 0, 2, 0, 0, 1, 0, 0, 3, 0, 1, 0, 2, 0, 0, 3, 0, 1, 1, 0, 0, 0, 0, 1, 3, 0, 0, 1, 0, 2, 0, 0, 0, 0, 0, 1, 0, 1, 0, 1, 1, 0, 2, 0, 0, 0, 0, 0, 0, 0, 2, 0, 0, 1, 0, 0, 1, 0, 0, 3, 0, 0, 1, 2, 2, 0, 0, 0, 3, 0, 1, 0, 1, 0, 3, 1, 0, 0, 0, 0, 0],910.6016522559228,48297.68169798177,105226.19035233548,true
60,G3_TWC,G3_TWC,[31, 22, 42, 15, 26, 58, 95, 82, 77, 12, 47, 5, 93, 78, 98, 54, 85, 63, 18, 44, 20, 35, 43, 97, 91, 76, 10, 30, 21, 45, 71, 64, 1, 23, 17, 83, 24, 61, 60, 49, 6, 57, 94, 88, 65, 56, 79, 40, 67, 68, 46, 75, 0, 9, 19, 32, 81, 41, 27, 62, 87, 90, 99, 59, 53, 16, 72, 73, 70, 39, 37, 84, 3, 92, 25, 74, 28, 38, 51, 7, 11, 14, 86, 48, 89, 66, 50, 96, 33, 80, 8, 4, 34, 36, 55, 52, 13, 29, 69, 2]|[1, 1, 0, 1, 1, 1, 2, 1, 2, 1, 2, 2, 2, 1, 1, 0, 0, 1, 0, 2, 2, 0, 1, 2, 0, 1, 2, 2, 0, 0, 1, 2, 1, 0, 1, 0, 2, 0, 1, 1, 0, 1, 1, 1, 0, 2, 1, 1, 0, 0, 0, 0, 1, 1, 2, 1, 2, 0, 0, 0, 2, 1, 0, 1, 0, 1, 2, 1, 1, 1, 1, 1, 2, 0, 1, 2, 0, 0, 0, 1, 0, 1, 0, 0, 1, 0, 0, 0, 2, 0, 1, 0, 2, 0, 1, 1, 0, 0, 1, 0]|[4, 3, 2, 2, 0, 0, 2, 2, 2, 4, 1, 1, 2, 4, 4, 1, 1, 4, 2, 1, 1, 1, 1, 2, 1, 2, 1, 1, 1, 1, 3, 2, 3, 0, 4, 0, 1, 1, 0, 3, 2, 2, 4, 0, 1, 1, 3, 2, 0, 1, 2, 2, 1, 4, 0, 3, 2, 1, 1, 2, 1, 3, 1, 1, 2, 3, 0, 4, 3, 1, 4, 1, 1, 2, 4, 1, 2, 1, 1, 3, 2, 3, 1, 1, 1, 1, 1, 1, 1, 1, 3, 2, 1, 1, 4, 1, 2, 2, 3, 2]|[0, 2, 1, 1, 3, 3, 0, 1, 0, 0, 0, 0, 1, 0, 1, 0, 0, 3, 1, 0, 0, 0, 3, 1, 0, 2, 0, 0, 0, 1, 0, 0, 0, 0, 3, 0, 1, 0, 0, 2, 1, 1, 2, 0, 0, 0, 0, 1, 1, 0, 0, 0, 1, 3, 0, 0, 1, 0, 0, 1, 0, 2, 0, 1, 1, 2, 1, 0, 0, 1, 1, 3, 0, 1, 3, 0, 1, 0, 0, 2, 1, 0, 0, 0, 1, 0, 0, 0, 0, 0, 2, 1, 0, 1, 3, 1, 0, 0, 0, 0],843.7439659666079,57777.80974073964,86440.68470675517,false
60,G1_CMAX,G1_CMAX,[31, 22, 82, 15, 26, 99, 95, 77, 42, 12, 5, 93, 78, 86, 54, 21, 63, 18, 10, 20, 35, 43, 97, 91, 76, 47, 30, 85, 45, 71, 1, 66, 64, 17, 83, 24, 14, 60, 36, 6, 57, 40, 88, 65, 79, 94, 67, 68, 46, 75, 38, 9, 19, 32, 28, 81, 27, 74, 39, 58, 59, 11, 16, 72, 62, 73, 70, 37, 84, 3, 51, 29, 90, 48, 55, 25, 92, 7, 44, 33, 61, 98, 56, 23, 89, 50, 41, 96, 53, 80, 4, 8, 34, 49, 52, 0, 13, 2, 69, 87]|[1, 1, 0, 1, 1, 0, 1, 2, 2, 1, 2, 2, 1, 1, 0, 0, 1, 0, 2, 2, 0, 1, 2, 0, 1, 2, 2, 0, 0, 1, 1, 2, 2, 1, 0, 2, 0, 1, 1, 0, 1, 1, 1, 0, 1, 1, 0, 0, 0, 0, 1, 1, 2, 1, 0, 2, 0, 2, 1, 0, 1, 2, 1, 2, 1, 1, 1, 1, 1, 1, 0, 0, 1, 0, 2, 1, 0, 2, 2, 2, 1, 2, 2, 2, 1, 0, 0, 2, 0, 0, 1, 1, 2, 0, 1, 0, 0, 0, 1, 2]|[0, 3, 2, 4, 0, 1, 2, 1, 1, 4, 1, 2, 4, 4, 1, 1, 4, 2, 1, 1, 1, 1, 2, 1, 2, 1, 1, 2, 1, 3, 3, 1, 2, 4, 0, 1, 1, 0, 3, 2, 2, 2, 0, 1, 0, 4, 0, 1, 2, 2, 1, 4, 0, 3, 2, 1, 1, 1, 1, 1, 1, 1, 3, 0, 4, 4, 1, 4, 1, 1, 1, 1, 3, 1, 1, 4, 0, 1, 1, 1, 3, 1, 1, 1, 1, 1, 1, 1, 2, 1, 4, 3, 1, 1, 1, 2, 2, 2, 4, 1]|[3, 2, 1, 1, 3, 0, 1, 0, 0, 0, 0, 1, 0, 1, 0, 0, 3, 1, 0, 0, 0, 3, 1, 0, 2, 0, 0, 0, 1, 0, 0, 0, 0, 3, 0, 1, 0, 0, 2, 1, 1, 1, 0, 0, 0, 2, 1, 0, 0, 0, 1, 3, 0, 0, 1, 0, 0, 0, 1, 0, 1, 0, 2, 1, 0, 0, 1, 1, 3, 1, 0, 0, 2, 0, 0, 3, 1, 0, 0, 0, 0, 0, 0, 0, 1, 0, 0, 0, 1, 0, 0, 2, 0, 1, 1, 0, 0, 0, 2, 0],731.8082727016543,56338.86946404046,92912.0862316895,false
60,G4_BALANCED,G3_TWC,[31, 22, 42, 15, 26, 58, 95, 82, 77, 12, 47, 5, 93, 78, 98, 54, 85, 63, 18, 44, 20, 35, 43, 97, 91, 76, 10, 30, 21, 45, 71, 64, 1, 23, 17, 83, 24, 61, 60, 36, 6, 57, 94, 88, 65, 56, 79, 40, 67, 68, 46, 75, 38, 9, 19, 32, 81, 41, 27, 62, 87, 90, 73, 59, 11, 16, 72, 99, 70, 39, 37, 84, 3, 92, 25, 74, 28, 29, 51, 7, 33, 14, 86, 96, 89, 50, 66, 48, 53, 80, 4, 8, 55, 49, 0, 52, 13, 2, 69, 34]|[1, 1, 0, 1, 1, 1, 2, 1, 2, 1, 2, 2, 2, 1, 1, 0, 0, 1, 0, 2, 2, 0, 1, 2, 0, 1, 2, 2, 0, 0, 1, 2, 1, 2, 1, 0, 2, 0, 1, 1, 0, 1, 1, 1, 0, 2, 1, 1, 0, 0, 0, 0, 1, 1, 2, 1, 2, 0, 0, 0, 2, 1, 0, 1, 2, 1, 2, 1, 1, 1, 1, 1, 2, 0, 1, 2, 0, 0, 0, 1, 2, 1, 0, 2, 1, 0, 2, 0, 0, 0, 1, 1, 2, 0, 0, 1, 0, 0, 1, 2]|[4, 3, 2, 2, 0, 0, 2, 2, 2, 4, 1, 1, 2, 4, 4, 1, 1, 4, 2, 1, 1, 1, 1, 2, 1, 2, 1, 1, 1, 1, 3, 2, 3, 0, 4, 0, 1, 1, 0, 3, 2, 2, 4, 0, 1, 1, 3, 2, 0, 1, 2, 2, 1, 4, 0, 3, 2, 1, 1, 2, 1, 3, 1, 1, 1, 3, 0, 4, 3, 1, 4, 1, 1, 2, 4, 1, 2, 1, 1, 3, 1, 3, 1, 1, 1, 1, 1, 1, 2, 1, 4, 3, 1, 1, 2, 1, 2, 2, 4, 1]|[0, 2, 1, 1, 3, 3, 0, 1, 0, 0, 0, 0, 1, 0, 1, 0, 0, 3, 1, 0, 0, 0, 3, 1, 0, 2, 0, 0, 0, 1, 0, 0, 0, 0, 3, 0, 1, 0, 0, 2, 1, 1, 2, 0, 0, 0, 0, 1, 1, 0, 0, 0, 1, 3, 0, 0, 1, 0, 0, 1, 0, 2, 0, 1, 0, 2, 1, 0, 0, 1, 1, 3, 0, 1, 3, 0, 1, 0, 0, 2, 0, 0, 0, 0, 1, 0, 0, 0, 1, 0, 0, 2, 0, 1, 0, 1, 0, 0, 2, 0],741.6896087775958,56981.18535725215,90106.67813077962,true
60,G2_TEC,G4_BALANCED,[20, 94, 66, 15, 26, 9, 95, 42, 77, 68, 47, 5, 3, 78, 86, 54, 85, 63, 18, 44, 31, 49, 36, 14, 74, 50, 53, 17, 21, 28, 11, 64, 93, 23, 30, 83, 24, 41, 40, 52, 65, 27, 90, 70, 39, 87, 48, 69, 99, 4, 46, 1, 13, 56, 97, 59, 45, 8, 73, 37, 35, 79, 71, 82, 76, 32, 60, 80, 58, 6, 67, 61, 33, 7, 57, 34, 12, 16, 10, 22, 96, 88, 43, 81, 91, 2, 84, 29, 92, 19, 51, 89, 38, 25, 72, 75, 98, 62, 55, 0]|[2, 1, 2, 1, 1, 2, 1, 1, 1, 1, 1, 0, 2, 2, 1, 2, 0, 0, 0, 2, 2, 1, 0, 2, 0, 2, 2, 1, 0, 1, 1, 1, 0, 0, 1, 0, 2, 1, 2, 2, 0, 0, 1, 1, 0, 2, 0, 2, 1, 0, 0, 2, 0, 2, 2, 0, 1, 1, 0, 0, 2, 1, 1, 2, 2, 0, 2, 2, 2, 1, 2, 1, 1, 2, 0, 1, 1, 2, 1, 2, 0, 1, 1, 1, 1, 0, 0, 1, 0, 1, 1, 1, 0, 1, 1, 0, 2, 1, 0, 0]|[1, 3, 1, 3, 4, 1, 4, 4, 4, 4, 3, 2, 1, 0, 2, 1, 1, 1, 2, 1, 1, 3, 0, 1, 0, 1, 1, 4, 1, 4, 3, 2, 2, 0, 4, 1, 1, 4, 1, 1, 2, 1, 4, 4, 1, 1, 0, 1, 3, 2, 2, 1, 2, 1, 1, 2, 4, 3, 0, 2, 1, 3, 3, 1, 1, 2, 1, 1, 1, 4, 1, 3, 4, 1, 2, 4, 3, 1, 3, 1, 2, 4, 4, 4, 3, 2, 2, 3, 2, 4, 3, 4, 2, 4, 4, 2, 1, 3, 2, 2]|[0, 2, 0, 0, 3, 0, 1, 3, 1, 0, 2, 0, 1, 0, 1, 0, 0, 0, 1, 0, 0, 2, 0, 0, 1, 0, 0, 3, 0, 1, 0, 2, 0, 0, 3, 0, 1, 1, 0, 0, 0, 0, 1, 3, 0, 0, 1, 0, 2, 0, 0, 0, 0, 0, 1, 0, 1, 0, 1, 1, 0, 2, 0, 0, 0, 0, 0, 0, 0, 2, 0, 0, 1, 0, 0, 1, 0, 0, 3, 0, 0, 1, 2, 2, 0, 0, 0, 3, 0, 1, 0, 1, 0, 3, 1, 0, 0, 0, 0, 0],910.6016522559228,48297.68169798177,105226.19035233548,true
60,G3_TWC,G3_TWC,[31, 22, 42, 15, 26, 58, 95, 82, 77, 12, 47, 5, 93, 78, 98, 54, 85, 63, 18, 44, 20, 35, 43, 97, 91, 76, 10, 30, 21, 45, 71, 64, 1, 23, 17, 83, 24, 61, 60, 49, 6, 57, 94, 88, 65, 56, 79, 40, 67, 68, 46, 75, 0, 9, 19, 32, 81, 41, 27, 62, 87, 90, 99, 59, 53, 16, 72, 73, 70, 39, 37, 84, 3, 92, 25, 74, 28, 38, 51, 7, 11, 14, 86, 48, 89, 66, 50, 96, 33, 80, 8, 4, 34, 36, 55, 52, 13, 29, 69, 2]|[1, 1, 0, 1, 1, 1, 2, 1, 2, 1, 2, 2, 2, 1, 1, 0, 0, 1, 0, 2, 2, 0, 1, 2, 0, 1, 2, 2, 0, 0, 1, 2, 1, 0, 1, 0, 2, 0, 1, 1, 0, 1, 1, 1, 0, 2, 1, 1, 0, 0, 0, 0, 1, 1, 2, 1, 2, 0, 0, 0, 2, 1, 0, 1, 0, 1, 2, 1, 1, 1, 1, 1, 2, 0, 1, 2, 0, 0, 0, 1, 0, 1, 0, 0, 1, 0, 0, 0, 2, 0, 1, 0, 2, 0, 1, 1, 0, 0, 1, 0]|[4, 3, 2, 2, 0, 0, 2, 2, 2, 4, 1, 1, 2, 4, 4, 1, 1, 4, 2, 1, 1, 1, 1, 2, 1, 2, 1, 1, 1, 1, 3, 2, 3, 0, 4, 0, 1, 1, 0, 3, 2, 2, 4, 0, 1, 1, 3, 2, 0, 1, 2, 2, 1, 4, 0, 3, 2, 1, 1, 2, 1, 3, 1, 1, 2, 3, 0, 4, 3, 1, 4, 1, 1, 2, 4, 1, 2, 1, 1, 3, 2, 3, 1, 1, 1, 1, 1, 1, 1, 1, 3, 2, 1, 1, 4, 1, 2, 2, 3, 2]|[0, 2, 1, 1, 3, 3, 0, 1, 0, 0, 0, 0, 1, 0, 1, 0, 0, 3, 1, 0, 0, 0, 3, 1, 0, 2, 0, 0, 0, 1, 0, 0, 0, 0, 3, 0, 1, 0, 0, 2, 1, 1, 2, 0, 0, 0, 0, 1, 1, 0, 0, 0, 1, 3, 0, 0, 1, 0, 0, 1, 0, 2, 0, 1, 1, 2, 1, 0, 0, 1, 1, 3, 0, 1, 3, 0, 1, 0, 0, 2, 1, 0, 0, 0, 1, 0, 0, 0, 0, 0, 2, 1, 0, 1, 3, 1, 0, 0, 0, 0],843.7439659666079,57777.80974073964,86440.68470675517,false
60,G1_CMAX,G4_BALANCED,[31, 22, 42, 15, 26, 58, 95, 82, 77, 12, 47, 5, 93, 78, 98, 54, 85, 63, 18, 44, 20, 35, 43, 97, 91, 76, 10, 30, 21, 45, 71, 64, 1, 23, 17, 83, 24, 61, 60, 49, 6, 57, 94, 88, 65, 56, 79, 40, 67, 68, 46, 75, 38, 9, 19, 32, 81, 41, 27, 62, 87, 90, 99, 59, 11, 16, 72, 73, 70, 39, 37, 84, 3, 92, 25, 74, 28, 48, 51, 7, 53, 14, 86, 0, 89, 50, 66, 96, 33, 80, 4, 8, 52, 36, 2, 34, 13, 29, 69, 55]|[1, 1, 0, 1, 1, 1, 2, 1, 2, 1, 2, 2, 2, 1, 1, 0, 0, 1, 0, 2, 2, 0, 1, 2, 0, 1, 2, 2, 0, 0, 1, 2, 1, 0, 1, 0, 2, 0, 1, 1, 0, 1, 1, 1, 0, 2, 1, 1, 0, 0, 0, 0, 0, 1, 2, 1, 2, 0, 0, 0, 2, 1, 0, 1, 2, 1, 2, 1, 1, 1, 1, 1, 2, 0, 1, 2, 0, 0, 0, 1, 0, 1, 0, 0, 1, 0, 0, 0, 2, 0, 0, 1, 1, 0, 0, 2, 0, 0, 1, 1]|[4, 3, 2, 2, 0, 0, 2, 2, 2, 4, 1, 1, 2, 4, 4, 1, 1, 4, 2, 1, 1, 1, 1, 2, 1, 2, 1, 1, 2, 1, 3, 2, 3, 0, 4, 0, 1, 1, 0, 3, 2, 2, 4, 0, 1, 1, 3, 2, 0, 1, 2, 2, 2, 4, 0, 3, 1, 1, 1, 2, 1, 3, 1, 1, 1, 3, 1, 4, 3, 1, 4, 1, 1, 2, 4, 1, 2, 1, 1, 3, 2, 3, 1, 2, 1, 1, 1, 1, 1, 1, 2, 3, 1, 1, 2, 1, 2, 1, 3, 4]|[0, 2, 1, 1, 3, 3, 0, 1, 0, 0, 0, 0, 1, 0, 1, 0, 0, 3, 1, 0, 0, 0, 3, 1, 0, 2, 0, 0, 0, 1, 0, 0, 0, 0, 3, 0, 1, 0, 0, 2, 1, 1, 2, 0, 0, 0, 0, 1, 1, 0, 0, 0, 0, 3, 0, 0, 0, 0, 0, 1, 0, 2, 0, 1, 0, 2, 0, 0, 0, 1, 1, 3, 0, 1, 3, 0, 1, 0, 0, 2, 1, 0, 0, 0, 1, 0, 0, 0, 0, 0, 1, 2, 1, 1, 0, 0, 0, 0, 0, 3],890.9821801043792,55950.53126431037,90935.9650142573,true
60,G4_BALANCED,G4_BALANCED,[20, 94, 82, 15, 26, 9, 95, 42, 77, 68, 47, 5, 93, 78, 86, 54, 85, 63, 18, 44, 31, 49, 36, 14, 74, 50, 53, 17, 21, 28, 11, 64, 3, 23, 30, 83, 24, 41, 40, 52, 65, 27, 90, 70, 39, 87, 48, 69, 99, 4, 46, 1, 13, 56, 97, 59, 45, 8, 10, 37, 35, 79, 71, 66, 76, 32, 60, 80, 58, 6, 67, 61, 33, 7, 57, 34, 12, 73, 16, 98, 96, 88, 43, 22, 91, 2, 84, 29, 92, 19, 51, 89, 81, 75, 25, 55, 38, 72, 62, 0]|[2, 1, 2, 1, 1, 2, 1, 1, 1, 1, 1, 0, 2, 2, 1, 2, 0, 0, 0, 2, 2, 1, 0, 2, 0, 2, 2, 1, 0, 1, 1, 1, 0, 0, 1, 0, 2, 1, 2, 2, 0, 0, 1, 1, 0, 2, 0, 2, 1, 0, 0, 2, 0, 2, 2, 0, 1, 1, 0, 0, 2, 1, 1, 2, 2, 0, 2, 2, 2, 1, 2, 1, 1, 2, 0, 1, 1, 1, 2, 2, 0, 1, 1, 2, 1, 0, 0, 1, 0, 1, 1, 1, 1, 0, 1, 0, 0, 1, 1, 0]|[1, 3, 0, 3, 4, 1, 4, 4, 4, 4, 3, 2, 1, 0, 2, 1, 1, 1, 2, 1, 1, 3, 0, 1, 0, 1, 1, 4, 1, 4, 3, 2, 2, 0, 4, 1, 1, 4, 1, 1, 2, 1, 4, 4, 1, 1, 0, 1, 3, 2, 2, 1, 2, 1, 1, 2, 4, 3, 0, 2, 1, 3, 3, 1, 1, 2, 1, 1, 1, 4, 1, 3, 4, 1, 2, 4, 3, 3, 1, 1, 2, 4, 4, 1, 3, 2, 2, 3, 2, 4, 3, 4, 4, 2, 4, 2, 2, 4, 3, 2]|[0, 2, 0, 0, 3, 0, 1, 3, 1, 0, 2, 0, 1, 0, 1, 0, 0, 0, 1, 0, 0, 2, 0, 0, 1, 0, 0, 3, 0, 1, 0, 2, 0, 0, 3, 0, 1, 1, 0, 0, 0, 0, 1, 3, 0, 0, 1, 0, 2, 0, 0, 0, 0, 0, 1, 0, 1, 0, 1, 1, 0, 2, 0, 0, 0, 0, 0, 0, 0, 2, 0, 0, 1, 0, 0, 1, 0, 3, 0, 0, 0, 1, 2, 0, 0, 0, 0, 3, 0, 1, 0, 1, 2, 0, 3, 0, 0, 1, 0, 0],906.1291014976819,48451.268006987884,106720.37652534679,false
60,G2_TEC,G4_BALANCED,[20, 94, 66, 15, 26, 9, 95, 42, 77, 68, 47, 5, 3, 78, 86, 54, 85, 63, 18, 44, 31, 49, 36, 14, 74, 50, 53, 17, 21, 28, 11, 64, 93, 23, 30, 83, 24, 41, 40, 52, 65, 27, 90, 70, 39, 87, 48, 69, 99, 4, 46, 1, 13, 56, 97, 59, 45, 8, 73, 37, 35, 79, 71, 82, 76, 32, 60, 80, 58, 6, 67, 61, 33, 7, 57, 34, 12, 16, 10, 22, 96, 88, 43, 81, 91, 2, 84, 29, 92, 19, 51, 89, 38, 25, 72, 75, 98, 62, 55, 0]|[2, 1, 2, 1, 1, 2, 1, 1, 1, 1, 1, 0, 2, 2, 1, 2, 0, 0, 0, 2, 2, 1, 0, 2, 0, 2, 2, 1, 0, 1, 1, 1, 0, 0, 1, 0, 2, 1, 2, 2, 0, 0, 1, 1, 0, 2, 0, 2, 1, 0, 0, 2, 0, 2, 2, 0, 1, 1, 0, 0, 2, 1, 1, 2, 2, 0, 2, 2, 2, 1, 2, 1, 1, 2, 0, 1, 1, 2, 1, 2, 0, 1, 1, 1, 1, 0, 0, 1, 0, 1, 1, 1, 0, 1, 1, 0, 2, 1, 0, 0]|[1, 3, 1, 3, 4, 1, 4, 4, 4, 4, 3, 2, 1, 0, 2, 1, 1, 1, 2, 1, 1, 3, 0, 1, 0, 1, 1, 4, 1, 4, 3, 2, 2, 0, 4, 1, 1, 4, 1, 1, 2, 1, 4, 4, 1, 1, 0, 1, 3, 2, 2, 1, 2, 1, 1, 2, 4, 3, 0, 2, 1, 3, 3, 1, 1, 2, 1, 1, 1, 4, 1, 3, 4, 1, 2, 4, 3, 1, 3, 1, 2, 4, 4, 4, 3, 2, 2, 3, 2, 4, 3, 4, 2, 4, 4, 2, 1, 3, 2, 2]|[0, 2, 0, 0, 3, 0, 1, 3, 1, 0, 2, 0, 1, 0, 1, 0, 0, 0, 1, 0, 0, 2, 0, 0, 1, 0, 0, 3, 0, 1, 0, 2, 0, 0, 3, 0, 1, 1, 0, 0, 0, 0, 1, 3, 0, 0, 1, 0, 2, 0, 0, 0, 0, 0, 1, 0, 1, 0, 1, 1, 0, 2, 0, 0, 0, 0, 0, 0, 0, 2, 0, 0, 1, 0, 0, 1, 0, 0, 3, 0, 0, 1, 2, 2, 0, 0, 0, 3, 0, 1, 0, 1, 0, 3, 1, 0, 0, 0, 0, 0],910.6016522559228,48297.68169798177,105226.19035233548,true
60,G3_TWC,G3_TWC,[31, 22, 42, 15, 26, 58, 95, 82, 77, 12, 47, 5, 93, 78, 98, 54, 85, 63, 18, 44, 20, 35, 43, 97, 91, 76, 10, 30, 21, 45, 71, 64, 1, 23, 17, 83, 24, 61, 60, 49, 6, 57, 94, 88, 65, 56, 79, 40, 67, 68, 46, 75, 0, 9, 19, 32, 81, 41, 27, 62, 87, 90, 99, 59, 53, 16, 72, 73, 70, 39, 37, 84, 3, 92, 25, 74, 28, 38, 51, 7, 11, 14, 86, 48, 89, 66, 50, 96, 33, 80, 8, 4, 34, 36, 55, 52, 13, 29, 69, 2]|[1, 1, 0, 1, 1, 1, 2, 1, 2, 1, 2, 2, 2, 1, 1, 0, 0, 1, 0, 2, 2, 0, 1, 2, 0, 1, 2, 2, 0, 0, 1, 2, 1, 0, 1, 0, 2, 0, 1, 1, 0, 1, 1, 1, 0, 2, 1, 1, 0, 0, 0, 0, 1, 1, 2, 1, 2, 0, 0, 0, 2, 1, 0, 1, 0, 1, 2, 1, 1, 1, 1, 1, 2, 0, 1, 2, 0, 0, 0, 1, 0, 1, 0, 0, 1, 0, 0, 0, 2, 0, 1, 0, 2, 0, 1, 1, 0, 0, 1, 0]|[4, 3, 2, 2, 0, 0, 2, 2, 2, 4, 1, 1, 2, 4, 4, 1, 1, 4, 2, 1, 1, 1, 1, 2, 1, 2, 1, 1, 1, 1, 3, 2, 3, 0, 4, 0, 1, 1, 0, 3, 2, 2, 4, 0, 1, 1, 3, 2, 0, 1, 2, 2, 1, 4, 0, 3, 2, 1, 1, 2, 1, 3, 1, 1, 2, 3, 0, 4, 3, 1, 4, 1, 1, 2, 4, 1, 2, 1, 1, 3, 2, 3, 1, 1, 1, 1, 1, 1, 1, 1, 3, 2, 1, 1, 4, 1, 2, 2, 3, 2]|[0, 2, 1, 1, 3, 3, 0, 1, 0, 0, 0, 0, 1, 0, 1, 0, 0, 3, 1, 0, 0, 0, 3, 1, 0, 2, 0, 0, 0, 1, 0, 0, 0, 0, 3, 0, 1, 0, 0, 2, 1, 1, 2, 0, 0, 0, 0, 1, 1, 0, 0, 0, 1, 3, 0, 0, 1, 0, 0, 1, 0, 2, 0, 1, 1, 2, 1, 0, 0, 1, 1, 3, 0, 1, 3, 0, 1, 0, 0, 2, 1, 0, 0, 0, 1, 0, 0, 0, 0, 0, 2, 1, 0, 1, 3, 1, 0, 0, 0, 0],843.7439659666079,57777.80974073964,86440.68470675517,false
60,G1_CMAX,G4_BALANCED,[31, 22, 82, 15, 26, 58, 95, 42, 77, 12, 47, 5, 93, 78, 86, 54, 85, 63, 18, 44, 20, 35, 43, 97, 66, 76, 79, 30, 21, 45, 71, 64, 1, 23, 17, 83, 24, 14, 60, 36, 6, 57, 40, 88, 65, 56, 10, 94, 67, 68, 46, 75, 38, 9, 19, 32, 41, 81, 27, 62, 87, 90, 99, 59, 11, 16, 72, 73, 69, 39, 37, 84, 3, 92, 25, 55, 29, 28, 51, 7, 33, 61, 48, 98, 89, 50, 4, 96, 53, 80, 91, 8, 34, 2, 52, 70, 13, 0, 49, 74]|[1, 1, 0, 1, 1, 0, 1, 2, 2, 1, 2, 2, 2, 1, 1, 0, 0, 1, 0, 2, 2, 0, 1, 2, 2, 1, 2, 2, 0, 0, 1, 2, 1, 2, 1, 0, 2, 0, 1, 1, 0, 1, 1, 1, 0, 2, 2, 1, 0, 0, 0, 0, 1, 1, 2, 1, 0, 2, 0, 0, 2, 1, 0, 1, 2, 1, 2, 1, 1, 1, 1, 1, 1, 0, 1, 2, 0, 0, 0, 1, 2, 1, 0, 2, 1, 0, 1, 2, 0, 0, 0, 1, 2, 0, 1, 1, 0, 0, 0, 2]|[4, 3, 2, 2, 4, 1, 2, 2, 2, 4, 1, 1, 2, 4, 4, 1, 2, 4, 2, 1, 1, 1, 1, 2, 1, 2, 1, 1, 1, 1, 3, 1, 3, 1, 4, 0, 1, 1, 0, 3, 2, 2, 2, 0, 1, 1, 1, 4, 0, 1, 2, 2, 1, 4, 0, 3, 1, 1, 1, 2, 1, 3, 1, 1, 1, 3, 0, 4, 4, 1, 4, 1, 1, 0, 4, 1, 1, 2, 1, 1, 1, 3, 1, 1, 1, 1, 4, 1, 2, 1, 1, 3, 1, 2, 1, 3, 2, 2, 1, 1]|[0, 2, 1, 1, 3, 0, 1, 0, 0, 0, 0, 0, 1, 0, 1, 0, 0, 3, 1, 0, 0, 0, 3, 1, 0, 2, 0, 0, 0, 0, 0, 0, 0, 0, 3, 0, 1, 0, 0, 2, 1, 1, 1, 0, 0, 0, 0, 2, 1, 0, 0, 0, 1, 3, 0, 0, 0, 0, 0, 1, 0, 2, 0, 1, 0, 2, 1, 0, 2, 1, 1, 3, 1, 1, 3, 0, 0, 1, 0, 2, 0, 0, 0, 0, 1, 0, 0, 0, 1, 0, 0, 2, 0, 0, 1, 0, 0, 0, 1, 0],777.436160111927,55362.22348255077,98760.25566819475,true
60,G4_BALANCED,G4_BALANCED,[20, 94, 82, 15, 26, 9, 95, 42, 77, 68, 47, 5, 93, 78, 86, 54, 85, 63, 18, 44, 31, 49, 36, 14, 74, 50, 53, 17, 21, 28, 11, 64, 3, 23, 30, 83, 24, 41, 40, 52, 65, 27, 90, 70, 39, 87, 48, 69, 99, 4, 46, 1, 13, 56, 97, 59, 45, 8, 10, 37, 35, 79, 71, 66, 76, 32, 60, 80, 58, 6, 67, 61, 33, 7, 57, 34, 12, 73, 16, 98, 96, 88, 43, 22, 91, 2, 84, 29, 92, 19, 51, 89, 81, 75, 25, 55, 38, 72, 62, 0]|[2, 1, 2, 1, 1, 2, 1, 1, 1, 1, 1, 0, 2, 2, 1, 2, 0, 0, 0, 2, 2, 1, 0, 2, 0, 2, 2, 1, 0, 1, 1, 1, 0, 0, 1, 0, 2, 1, 2, 2, 0, 0, 1, 1, 0, 2, 0, 2, 1, 0, 0, 2, 0, 2, 2, 0, 1, 1, 0, 0, 2, 1, 1, 2, 2, 0, 2, 2, 2, 1, 2, 1, 1, 2, 0, 1, 1, 1, 2, 2, 0, 1, 1, 2, 1, 0, 0, 1, 0, 1, 1, 1, 1, 0, 1, 0, 0, 1, 1, 0]|[1, 3, 0, 3, 4, 1, 4, 4, 4, 4, 3, 2, 1, 0, 2, 1, 1, 1, 2, 1, 1, 3, 0, 1, 0, 1, 1, 4, 1, 4, 3, 2, 2, 0, 4, 1, 1, 4, 1, 1, 2, 1, 4, 4, 1, 1, 0, 1, 3, 2, 2, 1, 2, 1, 1, 2, 4, 3, 0, 2, 1, 3, 3, 1, 1, 2, 1, 1, 1, 4, 1, 3, 4, 1, 2, 4, 3, 3, 1, 1, 2, 4, 4, 1, 3, 2, 2, 3, 2, 4, 3, 4, 4, 2, 4, 2, 2, 4, 3, 2]|[0, 2, 0, 0, 3, 0, 1, 3, 1, 0, 2, 0, 1, 0, 1, 0, 0, 0, 1, 0, 0, 2, 0, 0, 1, 0, 0, 3, 0, 1, 0, 2, 0, 0, 3, 0, 1, 1, 0, 0, 0, 0, 1, 3, 0, 0, 1, 0, 2, 0, 0, 0, 0, 0, 1, 0, 1, 0, 1, 1, 0, 2, 0, 0, 0, 0, 0, 0, 0, 2, 0, 0, 1, 0, 0, 1, 0, 3, 0, 0, 0, 1, 2, 0, 0, 0, 0, 3, 0, 1, 0, 1, 2, 0, 3, 0, 0, 1, 0, 0],906.1291014976819,48451.268006987884,106720.37652534679,false
60,G2_TEC,G4_BALANCED,[20, 94, 66, 15, 26, 9, 95, 42, 77, 68, 47, 5, 3, 78, 86, 54, 85, 63, 18, 44, 31, 49, 36, 14, 74, 50, 53, 17, 21, 28, 11, 64, 93, 23, 30, 83, 24, 41, 40, 52, 65, 27, 90, 70, 39, 87, 48, 69, 99, 4, 46, 1, 13, 56, 97, 59, 45, 8, 73, 37, 35, 79, 71, 82, 76, 32, 60, 80, 58, 6, 67, 61, 33, 7, 57, 34, 12, 16, 10, 22, 96, 88, 43, 81, 91, 2, 84, 29, 92, 19, 51, 89, 38, 25, 72, 75, 98, 62, 55, 0]|[2, 1, 2, 1, 1, 2, 1, 1, 1, 1, 1, 0, 2, 2, 1, 2, 0, 0, 0, 2, 2, 1, 0, 2, 0, 2, 2, 1, 0, 1, 1, 1, 0, 0, 1, 0, 2, 1, 2, 2, 0, 0, 1, 1, 0, 2, 0, 2, 1, 0, 0, 2, 0, 2, 2, 0, 1, 1, 0, 0, 2, 1, 1, 2, 2, 0, 2, 2, 2, 1, 2, 1, 1, 2, 0, 1, 1, 2, 1, 2, 0, 1, 1, 1, 1, 0, 0, 1, 0, 1, 1, 1, 0, 1, 1, 0, 2, 1, 0, 0]|[1, 3, 1, 3, 4, 1, 4, 4, 4, 4, 3, 2, 1, 0, 2, 1, 1, 1, 2, 1, 1, 3, 0, 1, 0, 1, 1, 4, 1, 4, 3, 2, 2, 0, 4, 1, 1, 4, 1, 1, 2, 1, 4, 4, 1, 1, 0, 1, 3, 2, 2, 1, 2, 1, 1, 2, 4, 3, 0, 2, 1, 3, 3, 1, 1, 2, 1, 1, 1, 4, 1, 3, 4, 1, 2, 4, 3, 1, 3, 1, 2, 4, 4, 4, 3, 2, 2, 3, 2, 4, 3, 4, 2, 4, 4, 2, 1, 3, 2, 2]|[0, 2, 0, 0, 3, 0, 1, 3, 1, 0, 2, 0, 1, 0, 1, 0, 0, 0, 1, 0, 0, 2, 0, 0, 1, 0, 0, 3, 0, 1, 0, 2, 0, 0, 3, 0, 1, 1, 0, 0, 0, 0, 1, 3, 0, 0, 1, 0, 2, 0, 0, 0, 0, 0, 1, 0, 1, 0, 1, 1, 0, 2, 0, 0, 0, 0, 0, 0, 0, 2, 0, 0, 1, 0, 0, 1, 0, 0, 3, 0, 0, 1, 2, 2, 0, 0, 0, 3, 0, 1, 0, 1, 0, 3, 1, 0, 0, 0, 0, 0],910.6016522559228,48297.68169798177,105226.19035233548,true
60,G3_TWC,G3_TWC,[31, 22, 42, 15, 26, 58, 95, 82, 77, 12, 47, 5, 93, 78, 98, 54, 85, 63, 18, 44, 20, 35, 43, 97, 91, 76, 10, 30, 21, 45, 71, 64, 1, 23, 17, 83, 24, 61, 60, 49, 6, 57, 94, 88, 65, 56, 79, 40, 67, 68, 46, 75, 0, 9, 19, 32, 81, 41, 27, 62, 87, 90, 99, 59, 53, 16, 72, 73, 70, 39, 37, 84, 3, 92, 25, 74, 28, 38, 51, 7, 11, 14, 86, 48, 89, 66, 50, 96, 33, 80, 8, 4, 34, 36, 55, 52, 13, 29, 69, 2]|[1, 1, 0, 1, 1, 1, 2, 1, 2, 1, 2, 2, 2, 1, 1, 0, 0, 1, 0, 2, 2, 0, 1, 2, 0, 1, 2, 2, 0, 0, 1, 2, 1, 0, 1, 0, 2, 0, 1, 1, 0, 1, 1, 1, 0, 2, 1, 1, 0, 0, 0, 0, 1, 1, 2, 1, 2, 0, 0, 0, 2, 1, 0, 1, 0, 1, 2, 1, 1, 1, 1, 1, 2, 0, 1, 2, 0, 0, 0, 1, 0, 1, 0, 0, 1, 0, 0, 0, 2, 0, 1, 0, 2, 0, 1, 1, 0, 0, 1, 0]|[4, 3, 2, 2, 0, 0, 2, 2, 2, 4, 1, 1, 2, 4, 4, 1, 1, 4, 2, 1, 1, 1, 1, 2, 1, 2, 1, 1, 1, 1, 3, 2, 3, 0, 4, 0, 1, 1, 0, 3, 2, 2, 4, 0, 1, 1, 3, 2, 0, 1, 2, 2, 1, 4, 0, 3, 2, 1, 1, 2, 1, 3, 1, 1, 2, 3, 0, 4, 3, 1, 4, 1, 1, 2, 4, 1, 2, 1, 1, 3, 2, 3, 1, 1, 1, 1, 1, 1, 1, 1, 3, 2, 1, 1, 4, 1, 2, 2, 3, 2]|[0, 2, 1, 1, 3, 3, 0, 1, 0, 0, 0, 0, 1, 0, 1, 0, 0, 3, 1, 0, 0, 0, 3, 1, 0, 2, 0, 0, 0, 1, 0, 0, 0, 0, 3, 0, 1, 0, 0, 2, 1, 1, 2, 0, 0, 0, 0, 1, 1, 0, 0, 0, 1, 3, 0, 0, 1, 0, 0, 1, 0, 2, 0, 1, 1, 2, 1, 0, 0, 1, 1, 3, 0, 1, 3, 0, 1, 0, 0, 2, 1, 0, 0, 0, 1, 0, 0, 0, 0, 0, 2, 1, 0, 1, 3, 1, 0, 0, 0, 0],843.7439659666079,57777.80974073964,86440.68470675517,false
60,G1_CMAX,G1_CMAX,[31, 22, 82, 15, 26, 58, 95, 42, 77, 12, 47, 5, 93, 78, 98, 54, 85, 63, 18, 44, 20, 35, 43, 97, 91, 76, 10, 30, 21, 45, 71, 64, 1, 23, 17, 83, 24, 14, 60, 36, 6, 57, 94, 88, 56, 79, 40, 67, 68, 65, 46, 75, 38, 9, 19, 32, 81, 41, 62, 87, 90, 80, 27, 59, 53, 16, 72, 73, 70, 39, 37, 84, 3, 92, 25, 55, 28, 99, 11, 96, 66, 50, 89, 48, 86, 61, 33, 7, 51, 29, 4, 8, 74, 49, 0, 52, 13, 2, 69, 34]|[1, 1, 0, 1, 1, 1, 2, 1, 2, 1, 2, 2, 2, 1, 1, 0, 0, 1, 0, 2, 2, 0, 1, 2, 0, 1, 2, 2, 0, 0, 1, 2, 1, 2, 1, 0, 2, 1, 1, 1, 0, 1, 1, 1, 2, 1, 1, 0, 0, 0, 0, 0, 1, 1, 2, 1, 2, 0, 0, 2, 1, 0, 0, 1, 0, 1, 2, 1, 1, 1, 1, 1, 2, 0, 1, 1, 0, 0, 2, 2, 2, 1, 1, 0, 0, 1, 2, 1, 0, 0, 1, 1, 2, 0, 0, 1, 0, 0, 2, 2]|[4, 3, 2, 2, 0, 0, 2, 2, 2, 4, 1, 1, 2, 4, 4, 1, 2, 4, 2, 1, 1, 1, 1, 2, 1, 2, 1, 1, 1, 1, 3, 2, 3, 0, 4, 0, 1, 3, 0, 3, 0, 2, 4, 0, 1, 3, 2, 0, 1, 1, 2, 2, 1, 4, 0, 3, 2, 1, 2, 1, 3, 1, 1, 1, 2, 3, 0, 4, 3, 1, 4, 1, 1, 2, 4, 4, 2, 1, 1, 1, 1, 3, 1, 1, 1, 3, 1, 3, 1, 1, 4, 3, 1, 1, 2, 1, 2, 2, 1, 1]|[0, 2, 0, 1, 3, 3, 0, 1, 0, 0, 0, 0, 1, 0, 1, 1, 0, 3, 1, 0, 0, 0, 3, 1, 0, 2, 0, 0, 0, 1, 0, 0, 0, 0, 3, 0, 1, 0, 0, 2, 1, 1, 2, 0, 0, 0, 1, 1, 0, 0, 0, 0, 1, 3, 0, 0, 1, 0, 1, 0, 2, 0, 0, 1, 1, 2, 1, 0, 0, 1, 1, 3, 0, 1, 3, 3, 1, 0, 0, 0, 0, 2, 1, 0, 0, 0, 0, 2, 0, 0, 0, 2, 0, 1, 0, 1, 0, 0, 0, 0],708.8003196491105,57473.4773958517,92316.6644491875,false
60,G4_BALANCED,G4_BALANCED,[20, 94, 66, 15, 26, 9, 95, 42, 77, 68, 47, 5, 3, 78, 86, 54, 85, 63, 18, 44, 31, 49, 36, 14, 74, 50, 53, 17, 21, 28, 11, 64, 93, 23, 30, 83, 24, 41, 40, 52, 65, 27, 90, 70, 39, 87, 48, 69, 99, 4, 46, 1, 13, 56, 97, 59, 45, 8, 73, 37, 35, 79, 71, 82, 76, 32, 60, 80, 58, 6, 67, 61, 33, 7, 57, 34, 12, 16, 10, 22, 96, 88, 43, 81, 91, 2, 84, 29, 92, 19, 51, 89, 38, 25, 72, 75, 98, 62, 55, 0]|[2, 1, 2, 1, 1, 2, 1, 1, 1, 1, 1, 0, 2, 2, 1, 2, 0, 0, 0, 2, 2, 1, 0, 2, 0, 2, 2, 1, 0, 1, 1, 1, 0, 0, 1, 0, 2, 1, 2, 2, 0, 0, 1, 1, 0, 2, 0, 2, 1, 0, 0, 2, 0, 2, 2, 0, 1, 1, 0, 0, 2, 1, 1, 2, 2, 0, 2, 2, 2, 1, 2, 1, 1, 2, 0, 1, 1, 2, 1, 2, 0, 1, 1, 1, 1, 0, 0, 1, 0, 1, 1, 1, 0, 1, 1, 0, 2, 1, 0, 0]|[1, 3, 1, 3, 4, 1, 4, 4, 4, 4, 3, 2, 1, 0, 2, 1, 1, 1, 2, 1, 1, 3, 0, 1, 0, 1, 1, 4, 1, 4, 3, 2, 2, 0, 4, 1, 1, 4, 1, 1, 2, 1, 4, 4, 1, 1, 0, 1, 3, 2, 2, 1, 2, 1, 1, 2, 4, 3, 0, 2, 1, 3, 3, 1, 1, 2, 1, 1, 1, 4, 1, 3, 4, 1, 2, 4, 3, 1, 3, 1, 2, 4, 4, 4, 3, 2, 2, 3, 2, 4, 3, 4, 2, 4, 4, 2, 1, 3, 2, 2]|[0, 2, 0, 0, 3, 0, 1, 3, 1, 0, 2, 0, 1, 0, 1, 0, 0, 0, 1, 0, 0, 2, 0, 0, 1, 0, 0, 3, 0, 1, 0, 2, 0, 0, 3, 0, 1, 1, 0, 0, 0, 0, 1, 3, 0, 0, 1, 0, 2, 0, 0, 0, 0, 0, 1, 0, 1, 0, 1, 1, 0, 2, 0, 0, 0, 0, 0, 0, 0, 2, 0, 0, 1, 0, 0, 1, 0, 0, 3, 0, 0, 1, 2, 2, 0, 0, 0, 3, 0, 1, 0, 1, 0, 3, 1, 0, 0, 0, 0, 0],910.6016522559228,48297.68169798177,105226.19035233548,false
60,G2_TEC,G4_BALANCED,[20, 94, 66, 15, 26, 9, 95, 42, 77, 68, 47, 5, 3, 78, 86, 54, 85, 63, 18, 44, 31, 49, 36, 14, 74, 50, 53, 17, 21, 28, 11, 64, 93, 23, 30, 83, 24, 41, 40, 52, 65, 27, 90, 70, 39, 87, 48, 69, 99, 4, 46, 1, 13, 56, 97, 59, 45, 8, 73, 37, 35, 79, 71, 82, 76, 32, 60, 80, 58, 6, 67, 61, 33, 7, 57, 34, 12, 16, 10, 22, 96, 88, 43, 81, 91, 2, 84, 29, 92, 19, 51, 89, 38, 25, 72, 75, 98, 62, 55, 0]|[2, 1, 2, 1, 1, 2, 1, 1, 1, 1, 1, 0, 2, 2, 1, 2, 0, 0, 0, 2, 2, 1, 0, 2, 0, 2, 2, 1, 0, 1, 1, 1, 0, 0, 1, 0, 2, 1, 2, 2, 0, 0, 1, 1, 0, 2, 0, 2, 1, 0, 0, 2, 0, 2, 2, 0, 1, 1, 0, 0, 2, 1, 1, 2, 2, 0, 2, 2, 2, 1, 2, 1, 1, 2, 0, 1, 1, 2, 1, 2, 0, 1, 1, 1, 1, 0, 0, 1, 0, 1, 1, 1, 0, 1, 1, 0, 2, 1, 0, 0]|[1, 3, 1, 3, 4, 1, 4, 4, 4, 4, 3, 2, 1, 0, 2, 1, 1, 1, 2, 1, 1, 3, 0, 1, 0, 1, 1, 4, 1, 4, 3, 2, 2, 0, 4, 1, 1, 4, 1, 1, 2, 1, 4, 4, 1, 1, 0, 1, 3, 2, 2, 1, 2, 1, 1, 2, 4, 3, 0, 2, 1, 3, 3, 1, 1, 2, 1, 1, 1, 4, 1, 3, 4, 1, 2, 4, 3, 1, 3, 1, 2, 4, 4, 4, 3, 2, 2, 3, 2, 4, 3, 4, 2, 4, 4, 2, 1, 3, 2, 2]|[0, 2, 0, 0, 3, 0, 1, 3, 1, 0, 2, 0, 1, 0, 1, 0, 0, 0, 1, 0, 0, 2, 0, 0, 1, 0, 0, 3, 0, 1, 0, 2, 0, 0, 3, 0, 1, 1, 0, 0, 0, 0, 1, 3, 0, 0, 1, 0, 2, 0, 0, 0, 0, 0, 1, 0, 1, 0, 1, 1, 0, 2, 0, 0, 0, 0, 0, 0, 0, 2, 0, 0, 1, 0, 0, 1, 0, 0, 3, 0, 0, 1, 2, 2, 0, 0, 0, 3, 0, 1, 0, 1, 0, 3, 1, 0, 0, 0, 0, 0],910.6016522559228,48297.68169798177,105226.19035233548,true
60,G3_TWC,G3_TWC,[31, 22, 42, 15, 26, 58, 95, 82, 77, 12, 47, 5, 93, 78, 98, 54, 85, 63, 18, 44, 20, 35, 43, 97, 91, 76, 10, 30, 21, 45, 71, 64, 1, 23, 17, 83, 24, 61, 60, 49, 6, 57, 94, 88, 65, 56, 79, 40, 67, 68, 46, 75, 0, 9, 19, 32, 81, 41, 27, 62, 87, 90, 99, 59, 53, 16, 72, 73, 70, 39, 37, 84, 3, 92, 25, 74, 28, 38, 51, 7, 11, 14, 86, 48, 89, 66, 50, 96, 33, 80, 8, 4, 34, 36, 55, 52, 13, 29, 69, 2]|[1, 1, 0, 1, 1, 1, 2, 1, 2, 1, 2, 2, 2, 1, 1, 0, 0, 1, 0, 2, 2, 0, 1, 2, 0, 1, 2, 2, 0, 0, 1, 2, 1, 0, 1, 0, 2, 0, 1, 1, 0, 1, 1, 1, 0, 2, 1, 1, 0, 0, 0, 0, 1, 1, 2, 1, 2, 0, 0, 0, 2, 1, 0, 1, 0, 1, 2, 1, 1, 1, 1, 1, 2, 0, 1, 2, 0, 0, 0, 1, 0, 1, 0, 0, 1, 0, 0, 0, 2, 0, 1, 0, 2, 0, 1, 1, 0, 0, 1, 0]|[4, 3, 2, 2, 0, 0, 2, 2, 2, 4, 1, 1, 2, 4, 4, 1, 1, 4, 2, 1, 1, 1, 1, 2, 1, 2, 1, 1, 1, 1, 3, 2, 3, 0, 4, 0, 1, 1, 0, 3, 2, 2, 4, 0, 1, 1, 3, 2, 0, 1, 2, 2, 1, 4, 0, 3, 2, 1, 1, 2, 1, 3, 1, 1, 2, 3, 0, 4, 3, 1, 4, 1, 1, 2, 4, 1, 2, 1, 1, 3, 2, 3, 1, 1, 1, 1, 1, 1, 1, 1, 3, 2, 1, 1, 4, 1, 2, 2, 3, 2]|[0, 2, 1, 1, 3, 3, 0, 1, 0, 0, 0, 0, 1, 0, 1, 0, 0, 3, 1, 0, 0, 0, 3, 1, 0, 2, 0, 0, 0, 1, 0, 0, 0, 0, 3, 0, 1, 0, 0, 2, 1, 1, 2, 0, 0, 0, 0, 1, 1, 0, 0, 0, 1, 3, 0, 0, 1, 0, 0, 1, 0, 2, 0, 1, 1, 2, 1, 0, 0, 1, 1, 3, 0, 1, 3, 0, 1, 0, 0, 2, 1, 0, 0, 0, 1, 0, 0, 0, 0, 0, 2, 1, 0, 1, 3, 1, 0, 0, 0, 0],843.7439659666079,57777.80974073964,86440.68470675517,false
60,G1_CMAX,G4_BALANCED,[31, 22, 42, 15, 26, 58, 95, 82, 77, 12, 47, 5, 93, 78, 98, 54, 85, 63, 18, 44, 20, 35, 43, 97, 91, 76, 10, 30, 21, 45, 71, 64, 1, 23, 17, 83, 24, 61, 60, 49, 6, 57, 94, 88, 65, 56, 79, 40, 67, 68, 46, 75, 0, 9, 19, 32, 81, 41, 27, 62, 87, 90, 99, 59, 53, 16, 72, 73, 70, 39, 37, 84, 3, 92, 25, 74, 28, 38, 51, 7, 11, 14, 86, 66, 89, 50, 96, 48, 33, 80, 4, 8, 34, 36, 2, 52, 13, 29, 69, 55]|[1, 1, 0, 1, 1, 1, 2, 1, 2, 1, 2, 2, 2, 1, 1, 0, 0, 1, 0, 2, 2, 0, 1, 2, 0, 1, 2, 2, 0, 0, 1, 2, 1, 0, 1, 0, 2, 0, 1, 1, 0, 1, 1, 1, 0, 2, 1, 1, 0, 0, 0, 0, 1, 1, 2, 1, 2, 0, 0, 0, 2, 1, 0, 1, 0, 1, 2, 1, 1, 1, 1, 1, 2, 0, 1, 2, 0, 0, 0, 1, 2, 1, 0, 0, 1, 0, 0, 0, 2, 0, 0, 1, 2, 0, 0, 1, 0, 0, 1, 1]|[4, 3, 2, 2, 0, 0, 2, 2, 2, 4, 1, 1, 2, 4, 4, 1, 1, 4, 2, 1, 1, 1, 1, 2, 1, 2, 1, 1, 1, 1, 3, 2, 3, 0, 4, 0, 1, 1, 0, 3, 2, 2, 4, 0, 1, 1, 3, 2, 0, 1, 2, 2, 1, 4, 0, 3, 2, 1, 1, 2, 1, 3, 1, 1, 2, 3, 1, 4, 3, 1, 4, 1, 1, 2, 4, 1, 2, 1, 1, 3, 1, 3, 1, 1, 1, 1, 1, 1, 1, 1, 2, 3, 1, 1, 2, 1, 2, 2, 3, 4]|[0, 2, 1, 1, 3, 3, 0, 1, 0, 0, 0, 0, 1, 0, 1, 0, 0, 3, 1, 0, 0, 0, 3, 1, 0, 2, 0, 0, 0, 1, 0, 0, 0, 0, 3, 0, 1, 0, 0, 2, 1, 1, 2, 0, 0, 0, 0, 1, 1, 0, 0, 0, 1, 3, 0, 0, 1, 0, 0, 1, 0, 2, 0, 1, 1, 2, 0, 0, 0, 1, 1, 3, 0, 1, 3, 0, 1, 0, 0, 2, 0, 0, 0, 0, 1, 0, 0, 0, 0, 0, 1, 2, 0, 1, 0, 1, 0, 0, 0, 3],827.6666015187365,57151.99863442351,87663.34864960103,true
60,G4_BALANCED,G4_BALANCED,[20, 94, 66, 15, 26, 9, 95, 42, 77, 68, 47, 5, 3, 78, 86, 54, 85, 63, 18, 44, 31, 49, 36, 14, 74, 50, 53, 17, 21, 28, 11, 64, 93, 23, 30, 83, 24, 41, 40, 52, 65, 27, 90, 70, 39, 87, 48, 69, 99, 4, 46, 1, 13, 56, 97, 59, 45, 8, 73, 37, 35, 79, 71, 82, 76, 32, 60, 80, 58, 6, 67, 61, 33, 7, 57, 34, 12, 16, 10, 22, 96, 88, 43, 81, 91, 2, 84, 29, 92, 19, 51, 89, 38, 25, 72, 75, 98, 62, 55, 0]|[2, 1, 2, 1, 1, 2, 1, 1, 1, 1, 1, 0, 2, 2, 1, 2, 0, 0, 0, 2, 2, 1, 0, 2, 0, 2, 2, 1, 0, 1, 1, 1, 0, 0, 1, 0, 2, 1, 2, 2, 0, 0, 1, 1, 0, 2, 0, 2, 1, 0, 0, 2, 0, 2, 2, 0, 1, 1, 0, 0, 2, 1, 1, 2, 2, 0, 2, 2, 2, 1, 2, 1, 1, 2, 0, 1, 1, 2, 1, 2, 0, 1, 1, 1, 1, 0, 0, 1, 0, 1, 1, 1, 0, 1, 1, 0, 2, 1, 0, 0]|[1, 3, 1, 3, 4, 1, 4, 4, 4, 4, 3, 2, 1, 0, 2, 1, 1, 1, 2, 1, 1, 3, 0, 1, 0, 1, 1, 4, 1, 4, 3, 2, 2, 0, 4, 1, 1, 4, 1, 1, 2, 1, 4, 4, 1, 1, 0, 1, 3, 2, 2, 1, 2, 1, 1, 2, 4, 3, 0, 2, 1, 3, 3, 1, 1, 2, 1, 1, 1, 4, 1, 3, 4, 1, 2, 4, 3, 1, 3, 1, 2, 4, 4, 4, 3, 2, 2, 3, 2, 4, 3, 4, 2, 4, 4, 2, 1, 3, 2, 2]|[0, 2, 0, 0, 3, 0, 1, 3, 1, 0, 2, 0, 1, 0, 1, 0, 0, 0, 1, 0, 0, 2, 0, 0, 1, 0, 0, 3, 0, 1, 0, 2, 0, 0, 3, 0, 1, 1, 0, 0, 0, 0, 1, 3, 0, 0, 1, 0, 2, 0, 0, 0, 0, 0, 1, 0, 1, 0, 1, 1, 0, 2, 0, 0, 0, 0, 0, 0, 0, 2, 0, 0, 1, 0, 0, 1, 0, 0, 3, 0, 0, 1, 2, 2, 0, 0, 0, 3, 0, 1, 0, 1, 0, 3, 1, 0, 0, 0, 0, 0],910.6016522559228,48297.68169798177,105226.19035233548,false
60,G2_TEC,G4_BALANCED,[20, 94, 66, 15, 26, 9, 95, 42, 77, 68, 47, 5, 3, 78, 86, 54, 85, 63, 18, 44, 31, 49, 36, 14, 74, 50, 53, 17, 21, 28, 11, 64, 93, 23, 30, 83, 24, 41, 40, 52, 65, 27, 90, 70, 39, 87, 48, 69, 99, 4, 46, 1, 13, 56, 97, 59, 45, 8, 73, 37, 35, 79, 71, 82, 76, 32, 60, 80, 58, 6, 67, 61, 33, 7, 57, 34, 12, 16, 10, 22, 96, 88, 43, 81, 91, 2, 84, 29, 92, 19, 51, 89, 38, 25, 72, 75, 98, 62, 55, 0]|[2, 1, 2, 1, 1, 2, 1, 1, 1, 1, 1, 0, 2, 2, 1, 2, 0, 0, 0, 2, 2, 1, 0, 2, 0, 2, 2, 1, 0, 1, 1, 1, 0, 0, 1, 0, 2, 1, 2, 2, 0, 0, 1, 1, 0, 2, 0, 2, 1, 0, 0, 2, 0, 2, 2, 0, 1, 1, 0, 0, 2, 1, 1, 2, 2, 0, 2, 2, 2, 1, 2, 1, 1, 2, 0, 1, 1, 2, 1, 2, 0, 1, 1, 1, 1, 0, 0, 1, 0, 1, 1, 1, 0, 1, 1, 0, 2, 1, 0, 0]|[1, 3, 1, 3, 4, 1, 4, 4, 4, 4, 3, 2, 1, 0, 2, 1, 1, 1, 2, 1, 1, 3, 0, 1, 0, 1, 1, 4, 1, 4, 3, 2, 2, 0, 4, 1, 1, 4, 1, 1, 2, 1, 4, 4, 1, 1, 0, 1, 3, 2, 2, 1, 2, 1, 1, 2, 4, 3, 0, 2, 1, 3, 3, 1, 1, 2, 1, 1, 1, 4, 1, 3, 4, 1, 2, 4, 3, 1, 3, 1, 2, 4, 4, 4, 3, 2, 2, 3, 2, 4, 3, 4, 2, 4, 4, 2, 1, 3, 2, 2]|[0, 2, 0, 0, 3, 0, 1, 3, 1, 0, 2, 0, 1, 0, 1, 0, 0, 0, 1, 0, 0, 2, 0, 0, 1, 0, 0, 3, 0, 1, 0, 2, 0, 0, 3, 0, 1, 1, 0, 0, 0, 0, 1, 3, 0, 0, 1, 0, 2, 0, 0, 0, 0, 0, 1, 0, 1, 0, 1, 1, 0, 2, 0, 0, 0, 0, 0, 0, 0, 2, 0, 0, 1, 0, 0, 1, 0, 0, 3, 0, 0, 1, 2, 2, 0, 0, 0, 3, 0, 1, 0, 1, 0, 3, 1, 0, 0, 0, 0, 0],910.6016522559228,48297.68169798177,105226.19035233548,true
60,G3_TWC,G3_TWC,[31, 22, 42, 15, 26, 58, 95, 82, 77, 12, 47, 5, 93, 78, 98, 54, 85, 63, 18, 44, 20, 35, 43, 97, 91, 76, 10, 30, 21, 45, 71, 64, 1, 23, 17, 83, 24, 61, 60, 49, 6, 57, 94, 88, 65, 56, 79, 40, 67, 68, 46, 75, 0, 9, 19, 32, 81, 41, 27, 62, 87, 90, 99, 59, 53, 16, 72, 73, 70, 39, 37, 84, 3, 92, 25, 74, 28, 38, 51, 7, 11, 14, 86, 48, 89, 66, 50, 96, 33, 80, 8, 4, 34, 36, 55, 52, 13, 29, 69, 2]|[1, 1, 0, 1, 1, 1, 2, 1, 2, 1, 2, 2, 2, 1, 1, 0, 0, 1, 0, 2, 2, 0, 1, 2, 0, 1, 2, 2, 0, 0, 1, 2, 1, 0, 1, 0, 2, 0, 1, 1, 0, 1, 1, 1, 0, 2, 1, 1, 0, 0, 0, 0, 1, 1, 2, 1, 2, 0, 0, 0, 2, 1, 0, 1, 0, 1, 2, 1, 1, 1, 1, 1, 2, 0, 1, 2, 0, 0, 0, 1, 0, 1, 0, 0, 1, 0, 0, 0, 2, 0, 1, 0, 2, 0, 1, 1, 0, 0, 1, 0]|[4, 3, 2, 2, 0, 0, 2, 2, 2, 4, 1, 1, 2, 4, 4, 1, 1, 4, 2, 1, 1, 1, 1, 2, 1, 2, 1, 1, 1, 1, 3, 2, 3, 0, 4, 0, 1, 1, 0, 3, 2, 2, 4, 0, 1, 1, 3, 2, 0, 1, 2, 2, 1, 4, 0, 3, 2, 1, 1, 2, 1, 3, 1, 1, 2, 3, 0, 4, 3, 1, 4, 1, 1, 2, 4, 1, 2, 1, 1, 3, 2, 3, 1, 1, 1, 1, 1, 1, 1, 1, 3, 2, 1, 1, 4, 1, 2, 2, 3, 2]|[0, 2, 1, 1, 3, 3, 0, 1, 0, 0, 0, 0, 1, 0, 1, 0, 0, 3, 1, 0, 0, 0, 3, 1, 0, 2, 0, 0, 0, 1, 0, 0, 0, 0, 3, 0, 1, 0, 0, 2, 1, 1, 2, 0, 0, 0, 0, 1, 1, 0, 0, 0, 1, 3, 0, 0, 1, 0, 0, 1, 0, 2, 0, 1, 1, 2, 1, 0, 0, 1, 1, 3, 0, 1, 3, 0, 1, 0, 0, 2, 1, 0, 0, 0, 1, 0, 0, 0, 0, 0, 2, 1, 0, 1, 3, 1, 0, 0, 0, 0],843.7439659666079,57777.80974073964,86440.68470675517,false
60,G1_CMAX,G3_TWC,[31, 22, 42, 15, 26, 58, 95, 82, 77, 12, 47, 5, 93, 78, 98, 54, 85, 63, 18, 44, 20, 35, 43, 97, 91, 76, 10, 30, 21, 45, 71, 64, 1, 23, 17, 83, 24, 61, 60, 49, 6, 57, 94, 88, 65, 56, 79, 40, 67, 68, 46, 50, 38, 9, 19, 32, 81, 41, 27, 62, 87, 90, 99, 59, 11, 16, 72, 73, 70, 39, 37, 84, 3, 92, 25, 74, 28, 29, 51, 7, 33, 14, 86, 48, 89, 75, 66, 96, 53, 80, 4, 8, 0, 36, 55, 52, 13, 2, 69, 34]|[1, 1, 0, 1, 1, 1, 2, 1, 2, 1, 2, 2, 2, 1, 1, 0, 0, 1, 0, 2, 2, 0, 1, 2, 0, 1, 2, 2, 0, 0, 1, 2, 1, 2, 1, 0, 2, 0, 1, 1, 0, 1, 1, 1, 0, 2, 1, 1, 0, 0, 0, 0, 1, 1, 2, 1, 2, 2, 0, 0, 2, 1, 0, 1, 2, 1, 2, 1, 1, 1, 1, 1, 2, 0, 1, 2, 0, 0, 0, 1, 2, 1, 2, 2, 1, 0, 0, 0, 0, 0, 0, 1, 0, 0, 1, 1, 0, 0, 1, 2]|[4, 3, 2, 2, 0, 0, 2, 2, 2, 4, 1, 1, 2, 4, 4, 1, 1, 4, 2, 1, 1, 1, 1, 2, 1, 2, 1, 1, 1, 1, 3, 2, 3, 0, 4, 0, 1, 1, 0, 3, 2, 2, 4, 0, 1, 1, 3, 2, 0, 1, 2, 2, 1, 4, 0, 3, 2, 1, 1, 2, 1, 3, 1, 1, 1, 3, 0, 4, 3, 1, 4, 1, 1, 2, 4, 1, 2, 1, 1, 3, 1, 3, 1, 1, 1, 2, 1, 1, 2, 1, 2, 3, 1, 1, 4, 1, 2, 2, 3, 1]|[0, 2, 1, 1, 3, 3, 0, 1, 0, 0, 0, 0, 1, 0, 1, 0, 0, 3, 1, 0, 0, 0, 3, 1, 0, 2, 0, 0, 0, 0, 0, 0, 0, 0, 3, 0, 1, 0, 0, 2, 1, 1, 2, 0, 0, 0, 0, 1, 1, 0, 0, 0, 1, 3, 0, 0, 1, 0, 0, 1, 0, 2, 0, 1, 0, 2, 1, 0, 0, 1, 1, 3, 0, 1, 3, 0, 1, 0, 0, 2, 0, 0, 0, 0, 1, 0, 0, 0, 1, 0, 1, 2, 0, 1, 3, 1, 0, 0, 0, 0],736.2770238447348,56781.21878088509,90807.1080982333,true
60,G4_BALANCED,G4_BALANCED,[20, 94, 66, 15, 26, 9, 95, 42, 77, 68, 47, 5, 3, 78, 86, 54, 85, 63, 18, 44, 31, 49, 36, 14, 74, 50, 53, 17, 21, 28, 11, 64, 93, 23, 30, 83, 24, 41, 40, 52, 65, 27, 90, 70, 39, 87, 48, 69, 99, 4, 46, 1, 13, 56, 97, 59, 45, 8, 73, 37, 35, 79, 71, 82, 76, 32, 60, 80, 58, 6, 67, 61, 33, 7, 57, 34, 12, 16, 10, 22, 96, 88, 43, 81, 91, 2, 84, 29, 92, 19, 51, 89, 38, 25, 72, 75, 98, 62, 55, 0]|[2, 1, 2, 1, 1, 2, 1, 1, 1, 1, 1, 0, 2, 2, 1, 2, 0, 0, 0, 2, 2, 1, 0, 2, 0, 2, 2, 1, 0, 1, 1, 1, 0, 0, 1, 0, 2, 1, 2, 2, 0, 0, 1, 1, 0, 2, 0, 2, 1, 0, 0, 2, 0, 2, 2, 0, 1, 1, 0, 0, 2, 1, 1, 2, 2, 0, 2, 2, 2, 1, 2, 1, 1, 2, 0, 1, 1, 2, 1, 2, 0, 1, 1, 1, 1, 0, 0, 1, 0, 1, 1, 1, 0, 1, 1, 0, 2, 1, 0, 0]|[1, 3, 1, 3, 4, 1, 4, 4, 4, 4, 3, 2, 1, 0, 2, 1, 1, 1, 2, 1, 1, 3, 0, 1, 0, 1, 1, 4, 1, 4, 3, 2, 2, 0, 4, 1, 1, 4, 1, 1, 2, 1, 4, 4, 1, 1, 0, 1, 3, 2, 2, 1, 2, 1, 1, 2, 4, 3, 0, 2, 1, 3, 3, 1, 1, 2, 1, 1, 1, 4, 1, 3, 4, 1, 2, 4, 3, 1, 3, 1, 2, 4, 4, 4, 3, 2, 2, 3, 2, 4, 3, 4, 2, 4, 4, 2, 1, 3, 2, 2]|[0, 2, 0, 0, 3, 0, 1, 3, 1, 0, 2, 0, 1, 0, 1, 0, 0, 0, 1, 0, 0, 2, 0, 0, 1, 0, 0, 3, 0, 1, 0, 2, 0, 0, 3, 0, 1, 1, 0, 0, 0, 0, 1, 3, 0, 0, 1, 0, 2, 0, 0, 0, 0, 0, 1, 0, 1, 0, 1, 1, 0, 2, 0, 0, 0, 0, 0, 0, 0, 2, 0, 0, 1, 0, 0, 1, 0, 0, 3, 0, 0, 1, 2, 2, 0, 0, 0, 3, 0, 1, 0, 1, 0, 3, 1, 0, 0, 0, 0, 0],910.6016522559228,48297.68169798177,105226.19035233548,false
60,G2_TEC,G4_BALANCED,[20, 94, 66, 15, 26, 9, 95, 42, 77, 68, 47, 5, 3, 78, 86, 54, 85, 63, 18, 44, 31, 49, 36, 14, 74, 50, 53, 17, 21, 28, 11, 64, 93, 23, 30, 83, 24, 41, 40, 52, 65, 27, 90, 70, 39, 87, 48, 69, 99, 4, 46, 1, 13, 56, 97, 59, 45, 8, 73, 37, 35, 79, 71, 82, 76, 32, 60, 80, 58, 6, 67, 61, 33, 7, 57, 34, 12, 16, 10, 22, 96, 88, 43, 81, 91, 2, 84, 29, 92, 19, 51, 89, 38, 25, 72, 75, 98, 62, 55, 0]|[2, 1, 2, 1, 1, 2, 1, 1, 1, 1, 1, 0, 2, 2, 1, 2, 0, 0, 0, 2, 2, 1, 0, 2, 0, 2, 2, 1, 0, 1, 1, 1, 0, 0, 1, 0, 2, 1, 2, 2, 0, 0, 1, 1, 0, 2, 0, 2, 1, 0, 0, 2, 0, 2, 2, 0, 1, 1, 0, 0, 2, 1, 1, 2, 2, 0, 2, 2, 2, 1, 2, 1, 1, 2, 0, 1, 1, 2, 1, 2, 0, 1, 1, 1, 1, 0, 0, 1, 0, 1, 1, 1, 0, 1, 1, 0, 2, 1, 0, 0]|[1, 3, 1, 3, 4, 1, 4, 4, 4, 4, 3, 2, 1, 0, 2, 1, 1, 1, 2, 1, 1, 3, 0, 1, 0, 1, 1, 4, 1, 4, 3, 2, 2, 0, 4, 1, 1, 4, 1, 1, 2, 1, 4, 4, 1, 1, 0, 1, 3, 2, 2, 1, 2, 1, 1, 2, 4, 3, 0, 2, 1, 3, 3, 1, 1, 2, 1, 1, 1, 4, 1, 3, 4, 1, 2, 4, 3, 1, 3, 1, 2, 4, 4, 4, 3, 2, 2, 3, 2, 4, 3, 4, 2, 4, 4, 2, 1, 3, 2, 2]|[0, 2, 0, 0, 3, 0, 1, 3, 1, 0, 2, 0, 1, 0, 1, 0, 0, 0, 1, 0, 0, 2, 0, 0, 1, 0, 0, 3, 0, 1, 0, 2, 0, 0, 3, 0, 1, 1, 0, 0, 0, 0, 1, 3, 0, 0, 1, 0, 2, 0, 0, 0, 0, 0, 1, 0, 1, 0, 1, 1, 0, 2, 0, 0, 0, 0, 0, 0, 0, 2, 0, 0, 1, 0, 0, 1, 0, 0, 3, 0, 0, 1, 2, 2, 0, 0, 0, 3, 0, 1, 0, 1, 0, 3, 1, 0, 0, 0, 0, 0],910.6016522559228,48297.68169798177,105226.19035233548,true
60,G3_TWC,G3_TWC,[31, 22, 42, 15, 26, 58, 95, 82, 77, 12, 47, 5, 93, 78, 98, 54, 85, 63, 18, 44, 20, 35, 43, 97, 91, 76, 10, 30, 21, 45, 71, 64, 1, 23, 17, 83, 24, 61, 60, 49, 6, 57, 94, 88, 65, 56, 79, 40, 67, 68, 46, 75, 0, 9, 19, 32, 81, 41, 27, 62, 87, 90, 99, 59, 53, 16, 72, 73, 70, 39, 37, 84, 3, 92, 25, 74, 28, 38, 51, 7, 11, 14, 86, 48, 89, 66, 50, 96, 33, 80, 8, 4, 34, 36, 55, 52, 13, 29, 69, 2]|[1, 1, 0, 1, 1, 1, 2, 1, 2, 1, 2, 2, 2, 1, 1, 0, 0, 1, 0, 2, 2, 0, 1, 2, 0, 1, 2, 2, 0, 0, 1, 2, 1, 0, 1, 0, 2, 0, 1, 1, 0, 1, 1, 1, 0, 2, 1, 1, 0, 0, 0, 0, 1, 1, 2, 1, 2, 0, 0, 0, 2, 1, 0, 1, 0, 1, 2, 1, 1, 1, 1, 1, 2, 0, 1, 2, 0, 0, 0, 1, 0, 1, 0, 0, 1, 0, 0, 0, 2, 0, 1, 0, 2, 0, 1, 1, 0, 0, 1, 0]|[4, 3, 2, 2, 0, 0, 2, 2, 2, 4, 1, 1, 2, 4, 4, 1, 1, 4, 2, 1, 1, 1, 1, 2, 1, 2, 1, 1, 1, 1, 3, 2, 3, 0, 4, 0, 1, 1, 0, 3, 2, 2, 4, 0, 1, 1, 3, 2, 0, 1, 2, 2, 1, 4, 0, 3, 2, 1, 1, 2, 1, 3, 1, 1, 2, 3, 0, 4, 3, 1, 4, 1, 1, 2, 4, 1, 2, 1, 1, 3, 2, 3, 1, 1, 1, 1, 1, 1, 1, 1, 3, 2, 1, 1, 4, 1, 2, 2, 3, 2]|[0, 2, 1, 1, 3, 3, 0, 1, 0, 0, 0, 0, 1, 0, 1, 0, 0, 3, 1, 0, 0, 0, 3, 1, 0, 2, 0, 0, 0, 1, 0, 0, 0, 0, 3, 0, 1, 0, 0, 2, 1, 1, 2, 0, 0, 0, 0, 1, 1, 0, 0, 0, 1, 3, 0, 0, 1, 0, 0, 1, 0, 2, 0, 1, 1, 2, 1, 0, 0, 1, 1, 3, 0, 1, 3, 0, 1, 0, 0, 2, 1, 0, 0, 0, 1, 0, 0, 0, 0, 0, 2, 1, 0, 1, 3, 1, 0, 0, 0, 0],843.7439659666079,57777.80974073964,86440.68470675517,false
60,G1_CMAX,G1_CMAX,[31, 22, 42, 15, 26, 58, 95, 82, 77, 12, 47, 5, 93, 78, 98, 85, 54, 63, 18, 44, 20, 35, 43, 97, 91, 10, 30, 21, 61, 71, 64, 1, 23, 17, 83, 24, 50, 60, 36, 6, 57, 94, 88, 65, 56, 79, 40, 67, 68, 46, 75, 38, 9, 19, 32, 81, 41, 27, 62, 87, 90, 99, 59, 11, 16, 72, 73, 70, 39, 37, 84, 76, 3, 92, 25, 74, 28, 7, 51, 29, 33, 14, 86, 66, 89, 45, 80, 96, 53, 4, 48, 2, 55, 49, 0, 52, 13, 8, 69, 34]|[1, 1, 1, 1, 1, 1, 2, 1, 2, 1, 2, 0, 2, 1, 1, 0, 0, 1, 0, 2, 2, 2, 1, 2, 0, 2, 2, 0, 0, 1, 2, 1, 2, 1, 0, 2, 0, 1, 1, 0, 1, 1, 1, 0, 2, 1, 1, 0, 0, 0, 0, 1, 1, 2, 1, 2, 2, 0, 0, 2, 1, 0, 1, 2, 1, 2, 1, 1, 1, 1, 1, 1, 2, 1, 1, 2, 0, 0, 0, 0, 2, 1, 2, 0, 1, 0, 0, 0, 0, 0, 2, 0, 1, 0, 0, 1, 0, 1, 2, 2]|[4, 3, 2, 2, 0, 0, 1, 2, 1, 4, 1, 0, 2, 4, 4, 1, 1, 4, 2, 1, 1, 0, 1, 2, 1, 1, 1, 1, 1, 3, 2, 3, 0, 4, 0, 1, 1, 0, 3, 2, 2, 4, 0, 1, 1, 0, 2, 0, 1, 2, 2, 1, 4, 0, 3, 2, 1, 1, 2, 1, 3, 1, 1, 1, 3, 0, 4, 3, 1, 4, 1, 2, 1, 4, 4, 1, 2, 1, 1, 1, 1, 3, 1, 1, 1, 1, 1, 1, 2, 2, 0, 2, 4, 1, 2, 1, 2, 3, 1, 1]|[2, 2, 1, 1, 3, 3, 0, 1, 0, 0, 0, 1, 1, 0, 1, 0, 0, 3, 1, 0, 0, 0, 3, 1, 0, 0, 0, 0, 1, 0, 0, 0, 0, 3, 0, 1, 0, 0, 2, 1, 1, 2, 0, 0, 0, 0, 1, 1, 0, 0, 0, 1, 3, 0, 0, 1, 0, 0, 1, 0, 2, 0, 1, 0, 2, 1, 0, 0, 1, 1, 3, 2, 0, 0, 3, 0, 1, 0, 0, 0, 0, 0, 0, 0, 1, 0, 0, 0, 1, 1, 1, 0, 3, 1, 0, 1, 0, 2, 0, 0],701.9269445084548,58814.16448267554,96724.70889609086,false
60,G4_BALANCED,G4_BALANCED,[20, 94, 66, 15, 26, 9, 95, 42, 77, 68, 47, 5, 3, 78, 86, 54, 85, 63, 18, 44, 31, 49, 36, 14, 74, 50, 53, 17, 21, 28, 11, 64, 93, 23, 30, 83, 24, 41, 40, 52, 65, 27, 90, 70, 39, 87, 48, 69, 99, 4, 46, 1, 13, 56, 97, 59, 45, 8, 73, 37, 35, 79, 71, 82, 76, 32, 60, 80, 58, 6, 67, 61, 33, 7, 57, 34, 12, 16, 10, 22, 96, 88, 43, 81, 91, 2, 84, 29, 92, 19, 51, 89, 38, 25, 72, 75, 98, 62, 55, 0]|[2, 1, 2, 1, 1, 2, 1, 1, 1, 1, 1, 0, 2, 2, 1, 2, 0, 0, 0, 2, 2, 1, 0, 2, 0, 2, 2, 1, 0, 1, 1, 1, 0, 0, 1, 0, 2, 1, 2, 2, 0, 0, 1, 1, 0, 2, 0, 2, 1, 0, 0, 2, 0, 2, 2, 0, 1, 1, 0, 0, 2, 1, 1, 2, 2, 0, 2, 2, 2, 1, 2, 1, 1, 2, 0, 1, 1, 2, 1, 2, 0, 1, 1, 1, 1, 0, 0, 1, 0, 1, 1, 1, 0, 1, 1, 0, 2, 1, 0, 0]|[1, 3, 1, 3, 4, 1, 4, 4, 4, 4, 3, 2, 1, 0, 2, 1, 1, 1, 2, 1, 1, 3, 0, 1, 0, 1, 1, 4, 1, 4, 3, 2, 2, 0, 4, 1, 1, 4, 1, 1, 2, 1, 4, 4, 1, 1, 0, 1, 3, 2, 2, 1, 2, 1, 1, 2, 4, 3, 0, 2, 1, 3, 3, 1, 1, 2, 1, 1, 1, 4, 1, 3, 4, 1, 2, 4, 3, 1, 3, 1, 2, 4, 4, 4, 3, 2, 2, 3, 2, 4, 3, 4, 2, 4, 4, 2, 1, 3, 2, 2]|[0, 2, 0, 0, 3, 0, 1, 3, 1, 0, 2, 0, 1, 0, 1, 0, 0, 0, 1, 0, 0, 2, 0, 0, 1, 0, 0, 3, 0, 1, 0, 2, 0, 0, 3, 0, 1, 1, 0, 0, 0, 0, 1, 3, 0, 0, 1, 0, 2, 0, 0, 0, 0, 0, 1, 0, 1, 0, 1, 1, 0, 2, 0, 0, 0, 0, 0, 0, 0, 2, 0, 0, 1, 0, 0, 1, 0, 0, 3, 0, 0, 1, 2, 2, 0, 0, 0, 3, 0, 1, 0, 1, 0, 3, 1, 0, 0, 0, 0, 0],910.6016522559228,48297.68169798177,105226.19035233548,false
60,G2_TEC,G4_BALANCED,[20, 94, 66, 15, 26, 9, 95, 42, 77, 68, 47, 5, 3, 78, 86, 54, 85, 63, 18, 44, 31, 49, 36, 14, 74, 50, 53, 17, 21, 28, 11, 64, 93, 23, 30, 83, 24, 41, 40, 52, 65, 27, 90, 70, 39, 87, 48, 69, 99, 4, 46, 1, 13, 56, 97, 59, 45, 8, 73, 37, 35, 79, 71, 82, 76, 32, 60, 80, 58, 6, 67, 61, 33, 7, 57, 34, 12, 16, 10, 22, 96, 88, 43, 81, 91, 2, 84, 29, 92, 19, 51, 89, 38, 25, 72, 75, 98, 62, 55, 0]|[2, 1, 2, 1, 1, 2, 1, 1, 1, 1, 1, 0, 2, 2, 1, 2, 0, 0, 0, 2, 2, 1, 0, 2, 0, 2, 2, 1, 0, 1, 1, 1, 0, 0, 1, 0, 2, 1, 2, 2, 0, 0, 1, 1, 0, 2, 0, 2, 1, 0, 0, 2, 0, 2, 2, 0, 1, 1, 0, 0, 2, 1, 1, 2, 2, 0, 2, 2, 2, 1, 2, 1, 1, 2, 0, 1, 1, 2, 1, 2, 0, 1, 1, 1, 1, 0, 0, 1, 0, 1, 1, 1, 0, 1, 1, 0, 2, 1, 0, 0]|[1, 3, 1, 3, 4, 1, 4, 4, 4, 4, 3, 2, 1, 0, 2, 1, 1, 1, 2, 1, 1, 3, 0, 1, 0, 1, 1, 4, 1, 4, 3, 2, 2, 0, 4, 1, 1, 4, 1, 1, 2, 1, 4, 4, 1, 1, 0, 1, 3, 2, 2, 1, 2, 1, 1, 2, 4, 3, 0, 2, 1, 3, 3, 1, 1, 2, 1, 1, 1, 4, 1, 3, 4, 1, 2, 4, 3, 1, 3, 1, 2, 4, 4, 4, 3, 2, 2, 3, 2, 4, 3, 4, 2, 4, 4, 2, 1, 3, 2, 2]|[0, 2, 0, 0, 3, 0, 1, 3, 1, 0, 2, 0, 1, 0, 1, 0, 0, 0, 1, 0, 0, 2, 0, 0, 1, 0, 0, 3, 0, 1, 0, 2, 0, 0, 3, 0, 1, 1, 0, 0, 0, 0, 1, 3, 0, 0, 1, 0, 2, 0, 0, 0, 0, 0, 1, 0, 1, 0, 1, 1, 0, 2, 0, 0, 0, 0, 0, 0, 0, 2, 0, 0, 1, 0, 0, 1, 0, 0, 3, 0, 0, 1, 2, 2, 0, 0, 0, 3, 0, 1, 0, 1, 0, 3, 1, 0, 0, 0, 0, 0],910.6016522559228,48297.68169798177,105226.19035233548,true
60,G3_TWC,G3_TWC,[31, 22, 42, 15, 26, 58, 95, 82, 77, 12, 47, 5, 93, 78, 98, 54, 85, 63, 18, 44, 20, 35, 43, 97, 91, 76, 10, 30, 21, 45, 71, 64, 1, 23, 17, 83, 24, 61, 60, 49, 6, 57, 94, 88, 65, 56, 79, 40, 67, 68, 46, 75, 0, 9, 19, 32, 81, 41, 27, 62, 87, 90, 99, 59, 53, 16, 72, 73, 70, 39, 37, 84, 3, 92, 25, 74, 28, 38, 51, 7, 11, 14, 86, 48, 89, 66, 50, 96, 33, 80, 8, 4, 34, 36, 55, 52, 13, 29, 69, 2]|[1, 1, 0, 1, 1, 1, 2, 1, 2, 1, 2, 2, 2, 1, 1, 0, 0, 1, 0, 2, 2, 0, 1, 2, 0, 1, 2, 2, 0, 0, 1, 2, 1, 0, 1, 0, 2, 0, 1, 1, 0, 1, 1, 1, 0, 2, 1, 1, 0, 0, 0, 0, 1, 1, 2, 1, 2, 0, 0, 0, 2, 1, 0, 1, 0, 1, 2, 1, 1, 1, 1, 1, 2, 0, 1, 2, 0, 0, 0, 1, 0, 1, 0, 0, 1, 0, 0, 0, 2, 0, 1, 0, 2, 0, 1, 1, 0, 0, 1, 0]|[4, 3, 2, 2, 0, 0, 2, 2, 2, 4, 1, 1, 2, 4, 4, 1, 1, 4, 2, 1, 1, 1, 1, 2, 1, 2, 1, 1, 1, 1, 3, 2, 3, 0, 4, 0, 1, 1, 0, 3, 2, 2, 4, 0, 1, 1, 3, 2, 0, 1, 2, 2, 1, 4, 0, 3, 2, 1, 1, 2, 1, 3, 1, 1, 2, 3, 0, 4, 3, 1, 4, 1, 1, 2, 4, 1, 2, 1, 1, 3, 2, 3, 1, 1, 1, 1, 1, 1, 1, 1, 3, 2, 1, 1, 4, 1, 2, 2, 3, 2]|[0, 2, 1, 1, 3, 3, 0, 1, 0, 0, 0, 0, 1, 0, 1, 0, 0, 3, 1, 0, 0, 0, 3, 1, 0, 2, 0, 0, 0, 1, 0, 0, 0, 0, 3, 0, 1, 0, 0, 2, 1, 1, 2, 0, 0, 0, 0, 1, 1, 0, 0, 0, 1, 3, 0, 0, 1, 0, 0, 1, 0, 2, 0, 1, 1, 2, 1, 0, 0, 1, 1, 3, 0, 1, 3, 0, 1, 0, 0, 2, 1, 0, 0, 0, 1, 0, 0, 0, 0, 0, 2, 1, 0, 1, 3, 1, 0, 0, 0, 0],843.7439659666079,57777.80974073964,86440.68470675517,false
60,G1_CMAX,G4_BALANCED,[31, 11, 82, 15, 26, 9, 95, 42, 77, 68, 47, 5, 93, 78, 86, 54, 85, 63, 76, 44, 20, 49, 36, 14, 74, 50, 53, 17, 21, 45, 71, 64, 3, 23, 30, 83, 24, 41, 60, 52, 65, 27, 90, 70, 39, 87, 48, 69, 99, 4, 46, 1, 13, 58, 97, 59, 28, 75, 73, 37, 35, 79, 22, 66, 18, 32, 40, 80, 96, 6, 56, 61, 33, 7, 57, 34, 12, 67, 10, 98, 16, 88, 29, 8, 91, 38, 19, 92, 72, 84, 51, 43, 81, 25, 2, 55, 0, 94, 89, 62]|[2, 1, 2, 1, 1, 2, 1, 1, 1, 1, 1, 0, 2, 2, 1, 2, 0, 0, 0, 2, 2, 1, 0, 2, 0, 2, 2, 1, 0, 1, 1, 1, 0, 0, 1, 0, 2, 1, 2, 2, 0, 0, 1, 1, 0, 2, 0, 2, 1, 0, 0, 2, 0, 0, 2, 0, 1, 0, 0, 0, 2, 1, 0, 2, 2, 0, 2, 2, 0, 1, 2, 1, 1, 2, 0, 1, 1, 1, 1, 2, 2, 1, 1, 1, 1, 0, 1, 0, 1, 0, 1, 1, 1, 1, 2, 0, 0, 2, 1, 1]|[0, 3, 0, 2, 4, 1, 4, 4, 2, 4, 3, 2, 1, 0, 2, 1, 1, 1, 2, 1, 1, 3, 0, 1, 0, 1, 1, 4, 1, 4, 3, 2, 2, 0, 4, 1, 1, 4, 0, 1, 2, 1, 4, 4, 1, 1, 0, 2, 3, 1, 2, 1, 2, 1, 1, 2, 4, 2, 0, 2, 2, 3, 1, 0, 1, 2, 0, 1, 2, 4, 1, 3, 4, 1, 2, 4, 3, 3, 3, 1, 1, 4, 3, 3, 3, 2, 4, 2, 4, 2, 3, 4, 1, 4, 1, 2, 2, 1, 4, 3]|[0, 2, 0, 1, 3, 0, 1, 3, 0, 0, 2, 0, 1, 0, 1, 0, 0, 0, 1, 0, 0, 2, 0, 0, 1, 0, 0, 3, 0, 1, 0, 2, 0, 1, 3, 0, 1, 3, 1, 0, 0, 0, 1, 3, 0, 0, 1, 0, 2, 0, 0, 0, 0, 0, 1, 0, 1, 0, 1, 1, 0, 2, 0, 0, 0, 0, 0, 0, 0, 2, 0, 0, 1, 0, 0, 1, 0, 0, 3, 0, 0, 1, 0, 0, 0, 0, 3, 0, 2, 0, 0, 2, 1, 3, 0, 0, 0, 0, 1, 0],839.7308016558047,52103.26715956506,108081.52425448055,true
60,G4_BALANCED,G4_BALANCED,[20, 94, 66, 15, 26, 9, 95, 42, 77, 68, 47, 5, 3, 78, 86, 54, 85, 63, 18, 44, 31, 49, 36, 14, 74, 50, 53, 17, 21, 28, 11, 64, 93, 23, 30, 83, 24, 41, 40, 52, 65, 27, 90, 70, 39, 87, 48, 69, 99, 4, 46, 1, 13, 56, 97, 59, 45, 8, 73, 37, 35, 79, 71, 82, 76, 32, 60, 80, 58, 6, 67, 61, 33, 7, 57, 34, 12, 16, 10, 22, 96, 88, 43, 81, 91, 2, 84, 29, 92, 19, 51, 89, 38, 25, 72, 75, 98, 62, 55, 0]|[2, 1, 2, 1, 1, 2, 1, 1, 1, 1, 1, 0, 2, 2, 1, 2, 0, 0, 0, 2, 2, 1, 0, 2, 0, 2, 2, 1, 0, 1, 1, 1, 0, 0, 1, 0, 2, 1, 2, 2, 0, 0, 1, 1, 0, 2, 0, 2, 1, 0, 0, 2, 0, 2, 2, 0, 1, 1, 0, 0, 2, 1, 1, 2, 2, 0, 2, 2, 2, 1, 2, 1, 1, 2, 0, 1, 1, 2, 1, 2, 0, 1, 1, 1, 1, 0, 0, 1, 0, 1, 1, 1, 0, 1, 1, 0, 2, 1, 0, 0]|[1, 3, 1, 3, 4, 1, 4, 4, 4, 4, 3, 2, 1, 0, 2, 1, 1, 1, 2, 1, 1, 3, 0, 1, 0, 1, 1, 4, 1, 4, 3, 2, 2, 0, 4, 1, 1, 4, 1, 1, 2, 1, 4, 4, 1, 1, 0, 1, 3, 2, 2, 1, 2, 1, 1, 2, 4, 3, 0, 2, 1, 3, 3, 1, 1, 2, 1, 1, 1, 4, 1, 3, 4, 1, 2, 4, 3, 1, 3, 1, 2, 4, 4, 4, 3, 2, 2, 3, 2, 4, 3, 4, 2, 4, 4, 2, 1, 3, 2, 2]|[0, 2, 0, 0, 3, 0, 1, 3, 1, 0, 2, 0, 1, 0, 1, 0, 0, 0, 1, 0, 0, 2, 0, 0, 1, 0, 0, 3, 0, 1, 0, 2, 0, 0, 3, 0, 1, 1, 0, 0, 0, 0, 1, 3, 0, 0, 1, 0, 2, 0, 0, 0, 0, 0, 1, 0, 1, 0, 1, 1, 0, 2, 0, 0, 0, 0, 0, 0, 0, 2, 0, 0, 1, 0, 0, 1, 0, 0, 3, 0, 0, 1, 2, 2, 0, 0, 0, 3, 0, 1, 0, 1, 0, 3, 1, 0, 0, 0, 0, 0],910.6016522559228,48297.68169798177,105226.19035233548,false
60,G2_TEC,G4_BALANCED,[20, 94, 66, 15, 26, 9, 95, 42, 77, 68, 47, 5, 3, 78, 86, 54, 85, 63, 18, 44, 31, 49, 36, 14, 74, 50, 53, 17, 21, 28, 11, 64, 93, 23, 30, 83, 24, 41, 40, 52, 65, 27, 90, 70, 39, 87, 48, 69, 99, 4, 46, 1, 13, 56, 97, 59, 45, 8, 73, 37, 35, 79, 71, 82, 76, 32, 60, 80, 58, 6, 67, 61, 33, 7, 57, 34, 12, 16, 10, 22, 96, 88, 43, 81, 91, 2, 84, 29, 92, 19, 51, 89, 38, 25, 72, 75, 98, 62, 55, 0]|[2, 1, 2, 1, 1, 2, 1, 1, 1, 1, 1, 0, 2, 2, 1, 2, 0, 0, 0, 2, 2, 1, 0, 2, 0, 2, 2, 1, 0, 1, 1, 1, 0, 0, 1, 0, 2, 1, 2, 2, 0, 0, 1, 1, 0, 2, 0, 2, 1, 0, 0, 2, 0, 2, 2, 0, 1, 1, 0, 0, 2, 1, 1, 2, 2, 0, 2, 2, 2, 1, 2, 1, 1, 2, 0, 1, 1, 2, 1, 2, 0, 1, 1, 1, 1, 0, 0, 1, 0, 1, 1, 1, 0, 1, 1, 0, 2, 1, 0, 0]|[1, 3, 1, 3, 4, 1, 4, 4, 4, 4, 3, 2, 1, 0, 2, 1, 1, 1, 2, 1, 1, 3, 0, 1, 0, 1, 1, 4, 1, 4, 3, 2, 2, 0, 4, 1, 1, 4, 1, 1, 2, 1, 4, 4, 1, 1, 0, 1, 3, 2, 2, 1, 2, 1, 1, 2, 4, 3, 0, 2, 1, 3, 3, 1, 1, 2, 1, 1, 1, 4, 1, 3, 4, 1, 2, 4, 3, 1, 3, 1, 2, 4, 4, 4, 3, 2, 2, 3, 2, 4, 3, 4, 2, 4, 4, 2, 1, 3, 2, 2]|[0, 2, 0, 0, 3, 0, 1, 3, 1, 0, 2, 0, 1, 0, 1, 0, 0, 0, 1, 0, 0, 2, 0, 0, 1, 0, 0, 3, 0, 1, 0, 2, 0, 0, 3, 0, 1, 1, 0, 0, 0, 0, 1, 3, 0, 0, 1, 0, 2, 0, 0, 0, 0, 0, 1, 0, 1, 0, 1, 1, 0, 2, 0, 0, 0, 0, 0, 0, 0, 2, 0, 0, 1, 0, 0, 1, 0, 0, 3, 0, 0, 1, 2, 2, 0, 0, 0, 3, 0, 1, 0, 1, 0, 3, 1, 0, 0, 0, 0, 0],910.6016522559228,48297.68169798177,105226.19035233548,true
60,G3_TWC,G3_TWC,[31, 22, 42, 15, 26, 58, 95, 82, 77, 12, 47, 5, 93, 78, 98, 54, 85, 63, 18, 44, 20, 35, 43, 97, 91, 76, 10, 30, 21, 45, 71, 64, 1, 23, 17, 83, 24, 61, 60, 49, 6, 57, 94, 88, 65, 56, 79, 40, 67, 68, 46, 75, 0, 9, 19, 32, 81, 41, 27, 62, 87, 90, 99, 59, 53, 16, 72, 73, 70, 39, 37, 84, 3, 92, 25, 74, 28, 38, 51, 7, 11, 14, 86, 48, 89, 66, 50, 96, 33, 80, 8, 4, 34, 36, 55, 52, 13, 29, 69, 2]|[1, 1, 0, 1, 1, 1, 2, 1, 2, 1, 2, 2, 2, 1, 1, 0, 0, 1, 0, 2, 2, 0, 1, 2, 0, 1, 2, 2, 0, 0, 1, 2, 1, 0, 1, 0, 2, 0, 1, 1, 0, 1, 1, 1, 0, 2, 1, 1, 0, 0, 0, 0, 1, 1, 2, 1, 2, 0, 0, 0, 2, 1, 0, 1, 0, 1, 2, 1, 1, 1, 1, 1, 2, 0, 1, 2, 0, 0, 0, 1, 0, 1, 0, 0, 1, 0, 0, 0, 2, 0, 1, 0, 2, 0, 1, 1, 0, 0, 1, 0]|[4, 3, 2, 2, 0, 0, 2, 2, 2, 4, 1, 1, 2, 4, 4, 1, 1, 4, 2, 1, 1, 1, 1, 2, 1, 2, 1, 1, 1, 1, 3, 2, 3, 0, 4, 0, 1, 1, 0, 3, 2, 2, 4, 0, 1, 1, 3, 2, 0, 1, 2, 2, 1, 4, 0, 3, 2, 1, 1, 2, 1, 3, 1, 1, 2, 3, 0, 4, 3, 1, 4, 1, 1, 2, 4, 1, 2, 1, 1, 3, 2, 3, 1, 1, 1, 1, 1, 1, 1, 1, 3, 2, 1, 1, 4, 1, 2, 2, 3, 2]|[0, 2, 1, 1, 3, 3, 0, 1, 0, 0, 0, 0, 1, 0, 1, 0, 0, 3, 1, 0, 0, 0, 3, 1, 0, 2, 0, 0, 0, 1, 0, 0, 0, 0, 3, 0, 1, 0, 0, 2, 1, 1, 2, 0, 0, 0, 0, 1, 1, 0, 0, 0, 1, 3, 0, 0, 1, 0, 0, 1, 0, 2, 0, 1, 1, 2, 1, 0, 0, 1, 1, 3, 0, 1, 3, 0, 1, 0, 0, 2, 1, 0, 0, 0, 1, 0, 0, 0, 0, 0, 2, 1, 0, 1, 3, 1, 0, 0, 0, 0],843.7439659666079,57777.80974073964,86440.68470675517,false
60,G1_CMAX,G1_CMAX,[31, 22, 90, 26, 58, 95, 42, 12, 93, 5, 78, 86, 98, 18, 20, 35, 3, 97, 91, 76, 10, 85, 54, 45, 63, 71, 66, 1, 23, 17, 24, 60, 36, 6, 57, 15, 65, 56, 47, 79, 94, 67, 50, 46, 14, 75, 38, 9, 30, 19, 32, 81, 27, 92, 83, 87, 40, 99, 59, 11, 53, 16, 72, 77, 73, 70, 39, 37, 84, 43, 62, 25, 55, 28, 29, 51, 68, 82, 74, 61, 88, 21, 80, 89, 7, 69, 96, 41, 48, 4, 8, 34, 49, 52, 0, 44, 13, 2, 64, 33]|[1, 1, 1, 1, 0, 2, 1, 1, 2, 2, 2, 1, 0, 1, 2, 2, 1, 2, 0, 1, 2, 2, 2, 0, 0, 1, 2, 1, 2, 1, 2, 1, 1, 0, 1, 1, 0, 2, 2, 1, 1, 0, 0, 0, 0, 1, 1, 1, 1, 2, 1, 2, 2, 0, 0, 2, 1, 0, 0, 2, 0, 1, 2, 2, 1, 1, 1, 1, 1, 1, 0, 1, 1, 0, 0, 0, 0, 0, 2, 1, 1, 0, 0, 1, 1, 1, 2, 2, 0, 1, 1, 2, 0, 1, 0, 0, 0, 0, 2, 2]|[0, 4, 3, 0, 1, 1, 2, 4, 1, 1, 2, 4, 1, 4, 1, 1, 1, 2, 2, 2, 2, 1, 1, 1, 2, 3, 2, 3, 0, 4, 1, 0, 3, 2, 2, 2, 1, 1, 1, 0, 2, 0, 1, 2, 1, 3, 1, 4, 2, 0, 3, 2, 1, 2, 1, 1, 4, 1, 1, 1, 2, 3, 0, 2, 4, 3, 1, 4, 1, 1, 1, 4, 4, 2, 1, 1, 1, 2, 1, 3, 0, 1, 1, 1, 1, 3, 1, 1, 1, 4, 3, 1, 1, 1, 2, 2, 2, 2, 1, 1]|[3, 0, 2, 3, 0, 0, 1, 0, 0, 0, 1, 0, 0, 3, 0, 0, 1, 1, 1, 2, 1, 0, 0, 0, 0, 0, 0, 0, 0, 3, 1, 0, 2, 1, 1, 1, 0, 0, 0, 0, 1, 1, 0, 0, 0, 0, 1, 3, 2, 0, 0, 1, 0, 1, 0, 0, 2, 0, 0, 0, 1, 2, 1, 1, 0, 0, 1, 1, 3, 3, 0, 3, 3, 1, 0, 0, 0, 1, 0, 0, 0, 0, 0, 1, 2, 2, 0, 0, 0, 0, 2, 0, 1, 1, 0, 0, 0, 0, 0, 0],705.0470749739228,58445.79123614564,95781.2895945797,false
60,G4_BALANCED,G2_TEC,[20, 94, 66, 15, 26, 9, 95, 42, 77, 68, 47, 5, 3, 14, 86, 54, 85, 63, 18, 44, 31, 49, 36, 78, 74, 50, 53, 17, 21, 28, 11, 64, 93, 23, 30, 83, 24, 41, 40, 52, 65, 27, 90, 70, 39, 87, 48, 69, 99, 4, 46, 1, 13, 56, 97, 59, 45, 8, 73, 37, 35, 79, 71, 82, 76, 32, 60, 80, 58, 6, 67, 61, 33, 7, 57, 34, 12, 16, 10, 22, 96, 88, 43, 81, 91, 2, 84, 29, 92, 19, 51, 89, 38, 25, 72, 75, 98, 62, 55, 0]|[2, 1, 2, 1, 1, 2, 1, 1, 1, 1, 1, 0, 2, 2, 1, 2, 0, 0, 0, 2, 2, 1, 0, 2, 0, 2, 2, 1, 0, 1, 1, 1, 0, 0, 1, 0, 2, 1, 2, 2, 0, 0, 1, 1, 0, 2, 0, 2, 1, 0, 0, 2, 0, 2, 2, 0, 1, 1, 0, 0, 2, 1, 1, 2, 2, 0, 2, 2, 2, 1, 2, 1, 1, 2, 0, 1, 1, 2, 1, 2, 0, 1, 1, 1, 1, 0, 0, 1, 0, 1, 1, 1, 0, 1, 1, 0, 2, 1, 0, 0]|[1, 3, 1, 3, 4, 1, 4, 4, 4, 4, 3, 2, 1, 0, 2, 1, 1, 1, 2, 1, 1, 3, 0, 1, 0, 1, 1, 4, 1, 4, 3, 2, 2, 0, 4, 1, 1, 4, 1, 1, 2, 1, 4, 4, 1, 1, 0, 1, 3, 2, 2, 1, 2, 1, 1, 2, 4, 3, 0, 2, 1, 3, 3, 1, 1, 2, 1, 1, 1, 4, 1, 3, 4, 1, 2, 4, 3, 1, 3, 1, 2, 4, 4, 4, 3, 2, 2, 3, 2, 4, 3, 4, 2, 4, 4, 2, 1, 3, 2, 2]|[0, 2, 0, 0, 3, 0, 1, 3, 1, 0, 2, 0, 1, 0, 1, 0, 0, 0, 1, 0, 0, 2, 0, 0, 1, 0, 0, 3, 0, 1, 0, 2, 0, 0, 3, 0, 1, 1, 0, 0, 0, 0, 1, 3, 0, 0, 1, 0, 2, 0, 0, 0, 0, 0, 1, 0, 1, 0, 1, 1, 0, 2, 0, 0, 0, 0, 0, 0, 0, 2, 0, 0, 1, 0, 0, 1, 0, 0, 3, 0, 0, 1, 2, 2, 0, 0, 0, 3, 0, 1, 0, 1, 0, 3, 1, 0, 0, 0, 0, 0],910.6016522559228,48196.44872629531,105119.71286620182,true
60,G2_TEC,G2_TEC,[20, 94, 66, 15, 26, 9, 95, 42, 77, 68, 47, 5, 3, 14, 86, 54, 85, 63, 18, 44, 31, 49, 36, 78, 74, 50, 53, 17, 21, 28, 11, 64, 93, 23, 30, 83, 24, 41, 40, 52, 65, 27, 90, 70, 39, 87, 48, 69, 99, 4, 46, 1, 13, 56, 97, 59, 45, 8, 73, 37, 35, 79, 71, 82, 76, 32, 60, 80, 58, 6, 67, 61, 33, 7, 57, 34, 12, 16, 10, 22, 96, 88, 43, 81, 91, 2, 84, 29, 92, 19, 51, 89, 38, 25, 72, 75, 98, 62, 55, 0]|[2, 1, 2, 1, 1, 2, 1, 1, 1, 1, 1, 0, 2, 2, 1, 2, 0, 0, 0, 2, 2, 1, 0, 2, 0, 2, 2, 1, 0, 1, 1, 1, 0, 0, 1, 0, 2, 1, 2, 2, 0, 0, 1, 1, 0, 2, 0, 2, 1, 0, 0, 2, 0, 2, 2, 0, 1, 1, 0, 0, 2, 1, 1, 2, 2, 0, 2, 2, 2, 1, 2, 1, 1, 2, 0, 1, 1, 2, 1, 2, 0, 1, 1, 1, 1, 0, 0, 1, 0, 1, 1, 1, 0, 1, 1, 0, 2, 1, 0, 0]|[1, 3, 1, 3, 4, 1, 4, 4, 4, 4, 3, 2, 1, 0, 2, 1, 1, 1, 2, 1, 1, 3, 0, 1, 0, 1, 1, 4, 1, 4, 3, 2, 2, 0, 4, 1, 1, 4, 1, 1, 2, 1, 4, 4, 1, 1, 0, 1, 3, 2, 2, 1, 2, 1, 1, 2, 4, 3, 0, 2, 1, 3, 3, 1, 1, 2, 1, 1, 1, 4, 1, 3, 4, 1, 2, 4, 3, 1, 3, 1, 2, 4, 4, 4, 3, 2, 2, 3, 2, 4, 3, 4, 2, 4, 4, 2, 1, 3, 2, 2]|[0, 2, 0, 0, 3, 0, 1, 3, 1, 0, 2, 0, 1, 0, 1, 0, 0, 0, 1, 0, 0, 2, 0, 0, 1, 0, 0, 3, 0, 1, 0, 2, 0, 0, 3, 0, 1, 1, 0, 0, 0, 0, 1, 3, 0, 0, 1, 0, 2, 0, 0, 0, 0, 0, 1, 0, 1, 0, 1, 1, 0, 2, 0, 0, 0, 0, 0, 0, 0, 2, 0, 0, 1, 0, 0, 1, 0, 0, 3, 0, 0, 1, 2, 2, 0, 0, 0, 3, 0, 1, 0, 1, 0, 3, 1, 0, 0, 0, 0, 0],910.6016522559228,48196.44872629531,105119.71286620182,false
60,G3_TWC,G3_TWC,[31, 22, 42, 15, 26, 58, 95, 82, 77, 12, 47, 5, 93, 78, 98, 54, 85, 63, 18, 44, 20, 35, 43, 97, 91, 76, 10, 30, 21, 45, 71, 64, 1, 23, 17, 83, 24, 61, 60, 49, 6, 57, 94, 88, 65, 56, 79, 40, 67, 68, 46, 75, 0, 9, 19, 32, 81, 41, 27, 62, 87, 90, 99, 59, 53, 16, 72, 73, 70, 39, 37, 84, 3, 92, 25, 74, 28, 38, 51, 7, 11, 14, 86, 48, 89, 66, 50, 96, 33, 80, 8, 4, 34, 36, 55, 52, 13, 29, 69, 2]|[1, 1, 0, 1, 1, 1, 2, 1, 2, 1, 2, 2, 2, 1, 1, 0, 0, 1, 0, 2, 2, 0, 1, 2, 0, 1, 2, 2, 0, 0, 1, 2, 1, 0, 1, 0, 2, 0, 1, 1, 0, 1, 1, 1, 0, 2, 1, 1, 0, 0, 0, 0, 1, 1, 2, 1, 2, 0, 0, 0, 2, 1, 0, 1, 0, 1, 2, 1, 1, 1, 1, 1, 2, 0, 1, 2, 0, 0, 0, 1, 0, 1, 0, 0, 1, 0, 0, 0, 2, 0, 1, 0, 2, 0, 1, 1, 0, 0, 1, 0]|[4, 3, 2, 2, 0, 0, 2, 2, 2, 4, 1, 1, 2, 4, 4, 1, 1, 4, 2, 1, 1, 1, 1, 2, 1, 2, 1, 1, 1, 1, 3, 2, 3, 0, 4, 0, 1, 1, 0, 3, 2, 2, 4, 0, 1, 1, 3, 2, 0, 1, 2, 2, 1, 4, 0, 3, 2, 1, 1, 2, 1, 3, 1, 1, 2, 3, 0, 4, 3, 1, 4, 1, 1, 2, 4, 1, 2, 1, 1, 3, 2, 3, 1, 1, 1, 1, 1, 1, 1, 1, 3, 2, 1, 1, 4, 1, 2, 2, 3, 2]|[0, 2, 1, 1, 3, 3, 0, 1, 0, 0, 0, 0, 1, 0, 1, 0, 0, 3, 1, 0, 0, 0, 3, 1, 0, 2, 0, 0, 0, 1, 0, 0, 0, 0, 3, 0, 1, 0, 0, 2, 1, 1, 2, 0, 0, 0, 0, 1, 1, 0, 0, 0, 1, 3, 0, 0, 1, 0, 0, 1, 0, 2, 0, 1, 1, 2, 1, 0, 0, 1, 1, 3, 0, 1, 3, 0, 1, 0, 0, 2, 1, 0, 0, 0, 1, 0, 0, 0, 0, 0, 2, 1, 0, 1, 3, 1, 0, 0, 0, 0],843.7439659666079,57777.80974073964,86440.68470675517,false
60,G1_CMAX,G4_BALANCED,[31, 22, 82, 15, 26, 58, 95, 42, 77, 12, 47, 5, 93, 78, 86, 54, 85, 63, 18, 44, 20, 35, 43, 97, 91, 76, 10, 30, 21, 45, 71, 64, 1, 23, 17, 83, 24, 14, 60, 36, 6, 57, 40, 88, 65, 56, 79, 94, 67, 68, 46, 29, 38, 9, 19, 32, 81, 41, 27, 87, 90, 99, 59, 62, 11, 66, 73, 70, 39, 37, 84, 3, 72, 25, 55, 48, 16, 75, 51, 7, 33, 61, 98, 92, 89, 50, 4, 96, 53, 80, 8, 28, 34, 49, 52, 0, 74, 69, 2, 13]|[1, 1, 0, 1, 1, 0, 1, 2, 2, 1, 2, 2, 2, 1, 1, 0, 0, 1, 0, 2, 2, 0, 0, 2, 0, 1, 2, 2, 0, 0, 1, 2, 1, 2, 1, 0, 2, 0, 1, 1, 0, 1, 1, 1, 0, 2, 1, 1, 0, 0, 0, 0, 1, 1, 2, 1, 2, 0, 0, 2, 1, 0, 1, 2, 2, 2, 1, 1, 1, 1, 1, 1, 2, 1, 2, 0, 1, 0, 0, 1, 2, 1, 2, 0, 1, 0, 1, 2, 0, 0, 0, 0, 2, 0, 1, 0, 2, 1, 0, 0]|[4, 3, 2, 2, 4, 1, 2, 2, 2, 4, 1, 1, 2, 4, 4, 1, 2, 4, 2, 1, 1, 1, 1, 2, 1, 2, 1, 1, 2, 1, 3, 2, 3, 1, 4, 0, 1, 1, 0, 3, 2, 2, 2, 0, 1, 1, 0, 4, 0, 1, 2, 2, 1, 4, 0, 3, 2, 1, 1, 1, 3, 1, 1, 1, 1, 1, 4, 3, 1, 4, 1, 1, 1, 4, 1, 1, 3, 1, 1, 1, 1, 3, 1, 0, 1, 1, 4, 1, 2, 1, 1, 2, 1, 1, 1, 2, 1, 4, 2, 2]|[0, 2, 1, 1, 3, 0, 1, 0, 0, 0, 0, 0, 1, 0, 1, 0, 0, 3, 1, 0, 0, 0, 0, 1, 0, 2, 0, 0, 0, 1, 0, 0, 0, 0, 3, 0, 1, 0, 0, 2, 1, 1, 1, 0, 0, 0, 0, 2, 1, 0, 0, 0, 1, 3, 0, 0, 1, 0, 0, 0, 2, 0, 1, 0, 0, 0, 0, 0, 1, 1, 3, 1, 0, 3, 0, 0, 2, 0, 0, 2, 0, 0, 0, 1, 1, 0, 0, 0, 1, 0, 0, 1, 0, 1, 1, 0, 0, 2, 0, 0],780.6740718852884,55452.862853508894,96219.06701757858,true
60,G4_BALANCED,G3_TWC,[31, 22, 42, 15, 26, 58, 95, 82, 77, 12, 47, 5, 93, 78, 98, 54, 85, 63, 18, 44, 20, 35, 43, 97, 91, 76, 10, 30, 21, 45, 71, 64, 1, 23, 17, 83, 24, 61, 60, 36, 6, 57, 94, 88, 65, 56, 79, 40, 67, 68, 46, 75, 38, 9, 19, 32, 81, 41, 27, 62, 87, 90, 99, 59, 53, 16, 72, 73, 70, 39, 37, 84, 3, 96, 25, 74, 28, 29, 51, 7, 11, 14, 86, 48, 89, 50, 66, 92, 33, 80, 4, 8, 0, 49, 55, 52, 13, 2, 69, 34]|[1, 1, 0, 1, 1, 1, 2, 1, 2, 1, 2, 2, 2, 1, 1, 0, 0, 1, 0, 2, 2, 0, 1, 2, 0, 1, 2, 2, 0, 0, 1, 2, 1, 2, 1, 0, 2, 0, 1, 1, 0, 1, 1, 1, 0, 2, 1, 1, 0, 0, 0, 0, 1, 1, 2, 1, 2, 0, 0, 0, 2, 1, 0, 1, 2, 1, 2, 1, 1, 1, 1, 1, 2, 2, 1, 2, 0, 0, 0, 1, 2, 1, 0, 0, 1, 0, 2, 0, 2, 0, 0, 1, 0, 0, 1, 1, 0, 0, 1, 2]|[4, 3, 2, 2, 0, 0, 2, 2, 2, 4, 1, 1, 2, 4, 4, 1, 1, 4, 2, 1, 1, 1, 1, 2, 1, 2, 1, 1, 1, 1, 3, 2, 3, 0, 4, 0, 1, 1, 0, 3, 2, 2, 4, 0, 1, 1, 3, 2, 0, 1, 2, 2, 1, 4, 0, 3, 2, 1, 1, 2, 1, 3, 1, 1, 1, 3, 0, 4, 3, 1, 4, 1, 1, 1, 4, 1, 2, 1, 1, 3, 1, 3, 1, 1, 1, 1, 1, 2, 1, 1, 2, 3, 2, 1, 4, 1, 2, 2, 4, 1]|[0, 2, 1, 1, 3, 3, 0, 1, 0, 0, 0, 0, 1, 0, 1, 0, 0, 3, 1, 0, 0, 0, 3, 1, 0, 2, 0, 0, 0, 1, 0, 0, 0, 0, 3, 0, 1, 0, 0, 2, 1, 1, 2, 0, 0, 0, 0, 1, 1, 0, 0, 0, 1, 3, 0, 0, 1, 0, 0, 1, 0, 2, 0, 1, 0, 2, 1, 0, 0, 1, 1, 3, 0, 0, 3, 0, 1, 0, 0, 2, 0, 0, 0, 0, 1, 0, 0, 1, 0, 0, 1, 2, 0, 1, 3, 1, 0, 0, 2, 0],746.829828306103,56957.88041236938,89950.96432966624,true
60,G2_TEC,G2_TEC,[20, 94, 66, 15, 26, 9, 95, 42, 77, 68, 47, 5, 3, 14, 86, 54, 85, 63, 18, 44, 31, 49, 36, 78, 74, 50, 53, 17, 21, 28, 11, 64, 93, 23, 30, 83, 24, 41, 40, 52, 65, 27, 90, 70, 39, 87, 48, 69, 99, 4, 46, 1, 13, 56, 97, 59, 45, 8, 73, 37, 35, 79, 71, 82, 76, 32, 60, 80, 58, 6, 67, 61, 33, 7, 57, 34, 12, 16, 10, 22, 96, 88, 43, 81, 91, 2, 84, 29, 92, 19, 51, 89, 38, 25, 72, 75, 98, 62, 55, 0]|[2, 1, 2, 1, 1, 2, 1, 1, 1, 1, 1, 0, 2, 2, 1, 2, 0, 0, 0, 2, 2, 1, 0, 2, 0, 2, 2, 1, 0, 1, 1, 1, 0, 0, 1, 0, 2, 1, 2, 2, 0, 0, 1, 1, 0, 2, 0, 2, 1, 0, 0, 2, 0, 2, 2, 0, 1, 1, 0, 0, 2, 1, 1, 2, 2, 0, 2, 2, 2, 1, 2, 1, 1, 2, 0, 1, 1, 2, 1, 2, 0, 1, 1, 1, 1, 0, 0, 1, 0, 1, 1, 1, 0, 1, 1, 0, 2, 1, 0, 0]|[1, 3, 1, 3, 4, 1, 4, 4, 4, 4, 3, 2, 1, 0, 2, 1, 1, 1, 2, 1, 1, 3, 0, 1, 0, 1, 1, 4, 1, 4, 3, 2, 2, 0, 4, 1, 1, 4, 1, 1, 2, 1, 4, 4, 1, 1, 0, 1, 3, 2, 2, 1, 2, 1, 1, 2, 4, 3, 0, 2, 1, 3, 3, 1, 1, 2, 1, 1, 1, 4, 1, 3, 4, 1, 2, 4, 3, 1, 3, 1, 2, 4, 4, 4, 3, 2, 2, 3, 2, 4, 3, 4, 2, 4, 4, 2, 1, 3, 2, 2]|[0, 2, 0, 0, 3, 0, 1, 3, 1, 0, 2, 0, 1, 0, 1, 0, 0, 0, 1, 0, 0, 2, 0, 0, 1, 0, 0, 3, 0, 1, 0, 2, 0, 0, 3, 0, 1, 1, 0, 0, 0, 0, 1, 3, 0, 0, 1, 0, 2, 0, 0, 0, 0, 0, 1, 0, 1, 0, 1, 1, 0, 2, 0, 0, 0, 0, 0, 0, 0, 2, 0, 0, 1, 0, 0, 1, 0, 0, 3, 0, 0, 1, 2, 2, 0, 0, 0, 3, 0, 1, 0, 1, 0, 3, 1, 0, 0, 0, 0, 0],910.6016522559228,48196.44872629531,105119.71286620182,false
60,G3_TWC,G3_TWC,[31, 22, 42, 15, 26, 58, 95, 82, 77, 12, 47, 5, 93, 78, 98, 54, 85, 63, 18, 44, 20, 35, 43, 97, 91, 76, 10, 30, 21, 45, 71, 64, 1, 23, 17, 83, 24, 61, 60, 49, 6, 57, 94, 88, 65, 56, 79, 40, 67, 68, 46, 75, 0, 9, 19, 32, 81, 41, 27, 62, 87, 90, 99, 59, 53, 16, 72, 73, 70, 39, 37, 84, 3, 92, 25, 74, 28, 38, 51, 7, 11, 14, 86, 48, 89, 66, 50, 96, 33, 80, 8, 4, 34, 36, 55, 52, 13, 29, 69, 2]|[1, 1, 0, 1, 1, 1, 2, 1, 2, 1, 2, 2, 2, 1, 1, 0, 0, 1, 0, 2, 2, 0, 1, 2, 0, 1, 2, 2, 0, 0, 1, 2, 1, 0, 1, 0, 2, 0, 1, 1, 0, 1, 1, 1, 0, 2, 1, 1, 0, 0, 0, 0, 1, 1, 2, 1, 2, 0, 0, 0, 2, 1, 0, 1, 0, 1, 2, 1, 1, 1, 1, 1, 2, 0, 1, 2, 0, 0, 0, 1, 0, 1, 0, 0, 1, 0, 0, 0, 2, 0, 1, 0, 2, 0, 1, 1, 0, 0, 1, 0]|[4, 3, 2, 2, 0, 0, 2, 2, 2, 4, 1, 1, 2, 4, 4, 1, 1, 4, 2, 1, 1, 1, 1, 2, 1, 2, 1, 1, 1, 1, 3, 2, 3, 0, 4, 0, 1, 1, 0, 3, 2, 2, 4, 0, 1, 1, 3, 2, 0, 1, 2, 2, 1, 4, 0, 3, 2, 1, 1, 2, 1, 3, 1, 1, 2, 3, 0, 4, 3, 1, 4, 1, 1, 2, 4, 1, 2, 1, 1, 3, 2, 3, 1, 1, 1, 1, 1, 1, 1, 1, 3, 2, 1, 1, 4, 1, 2, 2, 3, 2]|[0, 2, 1, 1, 3, 3, 0, 1, 0, 0, 0, 0, 1, 0, 1, 0, 0, 3, 1, 0, 0, 0, 3, 1, 0, 2, 0, 0, 0, 1, 0, 0, 0, 0, 3, 0, 1, 0, 0, 2, 1, 1, 2, 0, 0, 0, 0, 1, 1, 0, 0, 0, 1, 3, 0, 0, 1, 0, 0, 1, 0, 2, 0, 1, 1, 2, 1, 0, 0, 1, 1, 3, 0, 1, 3, 0, 1, 0, 0, 2, 1, 0, 0, 0, 1, 0, 0, 0, 0, 0, 2, 1, 0, 1, 3, 1, 0, 0, 0, 0],843.7439659666079,57777.80974073964,86440.68470675517,false
60,G1_CMAX,G3_TWC,[31, 22, 42, 15, 26, 58, 95, 82, 77, 12, 47, 5, 93, 78, 98, 54, 85, 63, 18, 44, 20, 35, 43, 97, 91, 76, 10, 30, 21, 45, 71, 64, 1, 23, 17, 83, 24, 61, 60, 49, 6, 57, 94, 88, 65, 56, 79, 40, 67, 68, 46, 75, 0, 9, 19, 32, 81, 41, 27, 62, 87, 90, 99, 59, 53, 16, 72, 73, 70, 39, 37, 84, 3, 92, 25, 74, 28, 48, 51, 7, 11, 14, 86, 38, 89, 50, 66, 96, 33, 80, 8, 4, 34, 36, 55, 52, 29, 2, 69, 13]|[1, 1, 0, 1, 1, 1, 2, 1, 2, 1, 2, 2, 2, 1, 1, 0, 0, 1, 0, 2, 2, 0, 1, 2, 0, 1, 2, 2, 0, 0, 1, 2, 1, 0, 1, 0, 2, 0, 1, 1, 0, 1, 1, 1, 0, 2, 1, 1, 0, 0, 0, 0, 1, 1, 2, 1, 2, 0, 0, 0, 2, 1, 0, 1, 0, 1, 2, 1, 1, 1, 1, 1, 2, 0, 1, 2, 0, 0, 0, 1, 2, 1, 0, 1, 1, 0, 0, 2, 2, 0, 1, 0, 2, 0, 1, 1, 0, 0, 1, 0]|[4, 3, 2, 2, 0, 0, 2, 2, 2, 4, 1, 1, 2, 4, 4, 1, 1, 4, 2, 1, 1, 1, 1, 2, 1, 2, 1, 1, 1, 1, 3, 2, 3, 0, 4, 0, 1, 1, 0, 3, 2, 2, 4, 0, 1, 1, 0, 2, 0, 1, 2, 2, 1, 4, 0, 3, 2, 1, 1, 2, 1, 3, 1, 1, 2, 3, 0, 4, 3, 1, 4, 1, 1, 2, 4, 1, 2, 1, 1, 3, 1, 3, 1, 1, 1, 1, 1, 1, 1, 1, 3, 2, 1, 1, 4, 1, 2, 2, 3, 2]|[0, 2, 1, 1, 3, 3, 0, 1, 0, 0, 0, 0, 1, 0, 1, 0, 0, 3, 1, 0, 0, 0, 3, 1, 0, 2, 0, 0, 0, 1, 0, 0, 0, 0, 3, 0, 1, 0, 0, 2, 1, 1, 2, 0, 0, 0, 0, 1, 1, 0, 0, 0, 1, 3, 0, 0, 1, 0, 0, 1, 0, 2, 0, 1, 1, 2, 1, 0, 0, 1, 1, 3, 0, 1, 3, 0, 1, 0, 0, 2, 0, 0, 0, 1, 1, 0, 0, 0, 0, 0, 2, 1, 0, 1, 3, 1, 0, 0, 0, 0],770.075446138962,57713.80777226468,87784.5715138659,true
60,G4_BALANCED,G4_BALANCED,[31, 22, 42, 15, 26, 58, 95, 82, 77, 12, 47, 5, 93, 78, 98, 54, 85, 63, 18, 44, 20, 35, 43, 97, 91, 76, 10, 30, 21, 45, 71, 64, 1, 23, 17, 83, 24, 61, 60, 49, 6, 57, 94, 88, 65, 56, 79, 40, 67, 68, 46, 75, 38, 9, 19, 32, 81, 41, 27, 62, 87, 90, 99, 59, 11, 16, 72, 73, 70, 39, 37, 84, 3, 92, 25, 74, 28, 29, 51, 7, 53, 14, 86, 48, 89, 50, 66, 96, 33, 80, 4, 8, 34, 36, 2, 69, 13, 0, 52, 55]|[1, 1, 0, 1, 1, 1, 2, 1, 2, 1, 2, 2, 2, 1, 1, 0, 0, 1, 0, 2, 2, 0, 1, 2, 0, 1, 2, 2, 0, 0, 1, 2, 1, 0, 1, 0, 2, 0, 1, 1, 0, 1, 1, 1, 0, 2, 1, 1, 0, 0, 0, 0, 1, 1, 2, 1, 2, 0, 0, 0, 2, 1, 0, 1, 2, 1, 2, 1, 1, 1, 1, 1, 2, 0, 1, 2, 0, 0, 0, 1, 2, 1, 2, 0, 1, 2, 0, 0, 2, 0, 0, 1, 2, 0, 0, 1, 0, 0, 1, 1]|[4, 3, 2, 2, 0, 0, 2, 2, 2, 4, 1, 1, 2, 4, 4, 1, 1, 4, 2, 1, 1, 1, 1, 2, 1, 2, 1, 1, 1, 1, 3, 2, 3, 0, 4, 0, 1, 1, 0, 3, 2, 2, 4, 0, 1, 1, 3, 2, 0, 1, 2, 2, 1, 4, 0, 3, 2, 1, 1, 2, 1, 3, 1, 1, 1, 3, 0, 4, 3, 1, 4, 1, 1, 2, 4, 1, 2, 1, 1, 3, 1, 3, 1, 1, 1, 1, 1, 1, 1, 1, 2, 3, 1, 1, 2, 3, 2, 2, 1, 4]|[0, 2, 1, 1, 3, 3, 0, 1, 0, 0, 0, 0, 1, 0, 1, 0, 0, 3, 1, 0, 0, 0, 3, 1, 0, 2, 0, 0, 0, 1, 0, 0, 0, 0, 3, 0, 1, 0, 0, 2, 0, 1, 2, 0, 0, 0, 0, 1, 1, 0, 0, 0, 1, 3, 0, 0, 1, 0, 0, 1, 0, 2, 0, 1, 0, 2, 1, 0, 0, 1, 1, 3, 0, 1, 3, 0, 1, 0, 0, 2, 0, 0, 0, 0, 1, 0, 0, 0, 0, 0, 1, 2, 0, 1, 0, 0, 0, 0, 1, 3],807.3142732937434,56445.632597497526,91078.49071156372,false
60,G2_TEC,G2_TEC,[20, 94, 66, 15, 26, 9, 95, 42, 77, 68, 47, 5, 3, 14, 86, 54, 85, 63, 18, 44, 31, 49, 36, 78, 74, 50, 53, 17, 21, 28, 11, 64, 93, 23, 30, 83, 24, 41, 40, 52, 65, 27, 90, 70, 39, 87, 48, 69, 99, 4, 46, 1, 13, 56, 97, 59, 45, 8, 73, 37, 35, 79, 71, 82, 76, 32, 60, 80, 58, 6, 67, 61, 33, 7, 57, 34, 12, 16, 10, 22, 96, 88, 43, 81, 91, 2, 84, 29, 92, 19, 51, 89, 38, 25, 72, 75, 98, 62, 55, 0]|[2, 1, 2, 1, 1, 2, 1, 1, 1, 1, 1, 0, 2, 2, 1, 2, 0, 0, 0, 2, 2, 1, 0, 2, 0, 2, 2, 1, 0, 1, 1, 1, 0, 0, 1, 0, 2, 1, 2, 2, 0, 0, 1, 1, 0, 2, 0, 2, 1, 0, 0, 2, 0, 2, 2, 0, 1, 1, 0, 0, 2, 1, 1, 2, 2, 0, 2, 2, 2, 1, 2, 1, 1, 2, 0, 1, 1, 2, 1, 2, 0, 1, 1, 1, 1, 0, 0, 1, 0, 1, 1, 1, 0, 1, 1, 0, 2, 1, 0, 0]|[1, 3, 1, 3, 4, 1, 4, 4, 4, 4, 3, 2, 1, 0, 2, 1, 1, 1, 2, 1, 1, 3, 0, 1, 0, 1, 1, 4, 1, 4, 3, 2, 2, 0, 4, 1, 1, 4, 1, 1, 2, 1, 4, 4, 1, 1, 0, 1, 3, 2, 2, 1, 2, 1, 1, 2, 4, 3, 0, 2, 1, 3, 3, 1, 1, 2, 1, 1, 1, 4, 1, 3, 4, 1, 2, 4, 3, 1, 3, 1, 2, 4, 4, 4, 3, 2, 2, 3, 2, 4, 3, 4, 2, 4, 4, 2, 1, 3, 2, 2]|[0, 2, 0, 0, 3, 0, 1, 3, 1, 0, 2, 0, 1, 0, 1, 0, 0, 0, 1, 0, 0, 2, 0, 0, 1, 0, 0, 3, 0, 1, 0, 2, 0, 0, 3, 0, 1, 1, 0, 0, 0, 0, 1, 3, 0, 0, 1, 0, 2, 0, 0, 0, 0, 0, 1, 0, 1, 0, 1, 1, 0, 2, 0, 0, 0, 0, 0, 0, 0, 2, 0, 0, 1, 0, 0, 1, 0, 0, 3, 0, 0, 1, 2, 2, 0, 0, 0, 3, 0, 1, 0, 1, 0, 3, 1, 0, 0, 0, 0, 0],910.6016522559228,48196.44872629531,105119.71286620182,false
60,G3_TWC,G3_TWC,[31, 22, 42, 15, 26, 58, 95, 82, 77, 12, 47, 5, 93, 78, 98, 54, 85, 63, 18, 44, 20, 35, 43, 97, 91, 76, 10, 30, 21, 45, 71, 64, 1, 23, 17, 83, 24, 61, 60, 49, 6, 57, 94, 88, 65, 56, 79, 40, 67, 68, 46, 75, 0, 9, 19, 32, 81, 41, 27, 62, 87, 90, 99, 59, 53, 16, 72, 73, 70, 39, 37, 84, 3, 92, 25, 74, 28, 38, 51, 7, 11, 14, 86, 48, 89, 66, 50, 96, 33, 80, 8, 4, 34, 36, 55, 52, 13, 29, 69, 2]|[1, 1, 0, 1, 1, 1, 2, 1, 2, 1, 2, 2, 2, 1, 1, 0, 0, 1, 0, 2, 2, 0, 1, 2, 0, 1, 2, 2, 0, 0, 1, 2, 1, 0, 1, 0, 2, 0, 1, 1, 0, 1, 1, 1, 0, 2, 1, 1, 0, 0, 0, 0, 1, 1, 2, 1, 2, 0, 0, 0, 2, 1, 0, 1, 0, 1, 2, 1, 1, 1, 1, 1, 2, 0, 1, 2, 0, 0, 0, 1, 0, 1, 0, 0, 1, 0, 0, 0, 2, 0, 1, 0, 2, 0, 1, 1, 0, 0, 1, 0]|[4, 3, 2, 2, 0, 0, 2, 2, 2, 4, 1, 1, 2, 4, 4, 1, 1, 4, 2, 1, 1, 1, 1, 2, 1, 2, 1, 1, 1, 1, 3, 2, 3, 0, 4, 0, 1, 1, 0, 3, 2, 2, 4, 0, 1, 1, 3, 2, 0, 1, 2, 2, 1, 4, 0, 3, 2, 1, 1, 2, 1, 3, 1, 1, 2, 3, 0, 4, 3, 1, 4, 1, 1, 2, 4, 1, 2, 1, 1, 3, 2, 3, 1, 1, 1, 1, 1, 1, 1, 1, 3, 2, 1, 1, 4, 1, 2, 2, 3, 2]|[0, 2, 1, 1, 3, 3, 0, 1, 0, 0, 0, 0, 1, 0, 1, 0, 0, 3, 1, 0, 0, 0, 3, 1, 0, 2, 0, 0, 0, 1, 0, 0, 0, 0, 3, 0, 1, 0, 0, 2, 1, 1, 2, 0, 0, 0, 0, 1, 1, 0, 0, 0, 1, 3, 0, 0, 1, 0, 0, 1, 0, 2, 0, 1, 1, 2, 1, 0, 0, 1, 1, 3, 0, 1, 3, 0, 1, 0, 0, 2, 1, 0, 0, 0, 1, 0, 0, 0, 0, 0, 2, 1, 0, 1, 3, 1, 0, 0, 0, 0],843.7439659666079,57777.80974073964,86440.68470675517,false
60,G1_CMAX,G1_CMAX,[31, 22, 82, 15, 26, 99, 95, 42, 77, 12, 47, 5, 93, 78, 86, 54, 21, 63, 18, 44, 20, 35, 43, 97, 91, 76, 10, 30, 85, 45, 71, 64, 1, 23, 57, 83, 24, 14, 60, 36, 6, 17, 40, 88, 65, 56, 79, 94, 67, 68, 46, 75, 38, 9, 19, 32, 41, 81, 27, 87, 90, 58, 59, 11, 16, 72, 73, 70, 39, 37, 84, 3, 92, 62, 25, 55, 28, 29, 51, 7, 33, 61, 48, 66, 89, 50, 98, 96, 53, 80, 4, 8, 34, 49, 52, 0, 13, 2, 69, 74]|[1, 1, 0, 1, 1, 0, 1, 1, 2, 1, 2, 2, 2, 1, 1, 0, 0, 1, 0, 2, 2, 0, 1, 2, 0, 1, 2, 2, 0, 0, 1, 2, 1, 2, 1, 0, 2, 0, 1, 1, 0, 1, 1, 1, 0, 2, 1, 1, 0, 0, 0, 0, 1, 1, 2, 1, 0, 2, 0, 2, 1, 0, 1, 2, 1, 2, 1, 1, 1, 1, 1, 1, 0, 0, 1, 2, 0, 0, 0, 2, 2, 1, 0, 2, 1, 0, 2, 2, 0, 0, 1, 1, 2, 0, 1, 0, 0, 0, 1, 2]|[4, 3, 2, 2, 4, 1, 2, 3, 2, 4, 1, 1, 2, 4, 4, 1, 1, 4, 2, 1, 1, 1, 1, 2, 1, 2, 1, 1, 2, 1, 3, 2, 3, 1, 4, 0, 1, 1, 0, 3, 2, 2, 2, 0, 1, 1, 0, 4, 0, 1, 2, 2, 1, 4, 0, 3, 1, 1, 1, 1, 3, 1, 1, 1, 3, 0, 4, 3, 1, 4, 1, 1, 2, 2, 4, 1, 2, 1, 1, 1, 1, 3, 1, 1, 1, 1, 1, 1, 2, 1, 4, 3, 1, 1, 1, 2, 2, 2, 4, 1]|[0, 2, 1, 1, 3, 0, 1, 3, 0, 0, 0, 0, 1, 0, 1, 0, 0, 3, 1, 0, 0, 0, 3, 1, 0, 2, 0, 0, 0, 1, 0, 0, 0, 0, 3, 0, 1, 0, 0, 2, 1, 1, 1, 0, 0, 0, 0, 2, 1, 0, 0, 0, 1, 3, 0, 0, 0, 0, 0, 0, 2, 0, 1, 0, 2, 1, 0, 0, 1, 1, 3, 1, 1, 1, 3, 0, 1, 0, 0, 0, 0, 0, 0, 0, 1, 0, 0, 0, 1, 0, 0, 2, 0, 1, 1, 0, 0, 0, 2, 0],734.7453063916988,56263.92028463015,92350.96868886708,false
60,G4_BALANCED,G2_TEC,[20, 94, 82, 15, 26, 9, 95, 42, 77, 68, 47, 5, 93, 78, 86, 54, 85, 63, 18, 44, 31, 49, 36, 14, 74, 50, 53, 17, 21, 28, 11, 64, 3, 23, 30, 83, 24, 41, 40, 52, 65, 27, 90, 70, 39, 87, 48, 69, 99, 4, 46, 1, 13, 56, 97, 59, 45, 8, 73, 37, 35, 79, 71, 66, 76, 16, 60, 38, 58, 6, 67, 61, 33, 43, 57, 34, 12, 32, 10, 80, 96, 88, 7, 81, 91, 0, 84, 29, 92, 19, 51, 89, 22, 98, 25, 72, 55, 75, 62, 2]|[2, 1, 2, 1, 1, 2, 1, 1, 1, 1, 1, 0, 2, 2, 1, 2, 0, 0, 0, 2, 2, 1, 0, 2, 0, 2, 2, 1, 0, 1, 1, 1, 0, 0, 1, 0, 2, 1, 2, 2, 0, 0, 1, 1, 0, 2, 0, 2, 1, 0, 0, 2, 0, 2, 2, 0, 1, 1, 0, 0, 2, 1, 1, 2, 2, 2, 2, 0, 2, 1, 2, 1, 1, 1, 0, 1, 1, 0, 1, 2, 0, 1, 2, 1, 1, 0, 0, 1, 0, 1, 1, 1, 2, 2, 1, 1, 0, 0, 1, 0]|[1, 3, 0, 3, 4, 1, 4, 4, 4, 4, 3, 2, 1, 0, 2, 1, 1, 1, 2, 1, 1, 3, 0, 1, 0, 1, 1, 4, 1, 4, 3, 2, 2, 0, 4, 1, 1, 4, 1, 1, 2, 1, 4, 4, 1, 1, 0, 1, 3, 2, 2, 1, 2, 1, 1, 2, 4, 3, 0, 2, 1, 3, 3, 1, 1, 1, 1, 2, 1, 4, 1, 3, 4, 4, 2, 4, 3, 2, 3, 1, 2, 4, 1, 4, 3, 2, 2, 3, 2, 4, 3, 4, 1, 1, 4, 4, 2, 2, 3, 2]|[0, 2, 0, 0, 3, 0, 1, 3, 1, 0, 2, 0, 1, 0, 1, 0, 0, 0, 1, 0, 0, 2, 0, 0, 1, 0, 0, 3, 0, 1, 0, 2, 0, 0, 3, 0, 1, 1, 0, 0, 0, 0, 1, 3, 0, 0, 1, 0, 2, 0, 0, 0, 0, 0, 1, 0, 1, 0, 1, 1, 0, 2, 0, 0, 0, 0, 0, 0, 0, 2, 0, 0, 1, 2, 0, 1, 0, 0, 3, 0, 0, 1, 0, 2, 0, 0, 0, 3, 0, 1, 0, 1, 0, 0, 3, 1, 0, 0, 0, 0],906.160483204716,48443.085485169984,106796.68287046746,true
60,G2_TEC,G2_TEC,[20, 94, 66, 15, 26, 9, 95, 42, 77, 68, 47, 5, 3, 14, 86, 54, 85, 63, 18, 44, 31, 49, 36, 78, 74, 50, 53, 17, 21, 28, 11, 64, 93, 23, 30, 83, 24, 41, 40, 52, 65, 27, 90, 70, 39, 87, 48, 69, 99, 4, 46, 1, 13, 56, 97, 59, 45, 8, 73, 37, 35, 79, 71, 82, 76, 32, 60, 80, 58, 6, 67, 61, 33, 7, 57, 34, 12, 16, 10, 22, 96, 88, 43, 81, 91, 2, 84, 29, 92, 19, 51, 89, 38, 25, 72, 75, 98, 62, 55, 0]|[2, 1, 2, 1, 1, 2, 1, 1, 1, 1, 1, 0, 2, 2, 1, 2, 0, 0, 0, 2, 2, 1, 0, 2, 0, 2, 2, 1, 0, 1, 1, 1, 0, 0, 1, 0, 2, 1, 2, 2, 0, 0, 1, 1, 0, 2, 0, 2, 1, 0, 0, 2, 0, 2, 2, 0, 1, 1, 0, 0, 2, 1, 1, 2, 2, 0, 2, 2, 2, 1, 2, 1, 1, 2, 0, 1, 1, 2, 1, 2, 0, 1, 1, 1, 1, 0, 0, 1, 0, 1, 1, 1, 0, 1, 1, 0, 2, 1, 0, 0]|[1, 3, 1, 3, 4, 1, 4, 4, 4, 4, 3, 2, 1, 0, 2, 1, 1, 1, 2, 1, 1, 3, 0, 1, 0, 1, 1, 4, 1, 4, 3, 2, 2, 0, 4, 1, 1, 4, 1, 1, 2, 1, 4, 4, 1, 1, 0, 1, 3, 2, 2, 1, 2, 1, 1, 2, 4, 3, 0, 2, 1, 3, 3, 1, 1, 2, 1, 1, 1, 4, 1, 3, 4, 1, 2, 4, 3, 1, 3, 1, 2, 4, 4, 4, 3, 2, 2, 3, 2, 4, 3, 4, 2, 4, 4, 2, 1, 3, 2, 2]|[0, 2, 0, 0, 3, 0, 1, 3, 1, 0, 2, 0, 1, 0, 1, 0, 0, 0, 1, 0, 0, 2, 0, 0, 1, 0, 0, 3, 0, 1, 0, 2, 0, 0, 3, 0, 1, 1, 0, 0, 0, 0, 1, 3, 0, 0, 1, 0, 2, 0, 0, 0, 0, 0, 1, 0, 1, 0, 1, 1, 0, 2, 0, 0, 0, 0, 0, 0, 0, 2, 0, 0, 1, 0, 0, 1, 0, 0, 3, 0, 0, 1, 2, 2, 0, 0, 0, 3, 0, 1, 0, 1, 0, 3, 1, 0, 0, 0, 0, 0],910.6016522559228,48196.44872629531,105119.71286620182,false
60,G3_TWC,G3_TWC,[31, 22, 42, 15, 26, 58, 95, 82, 77, 12, 47, 5, 93, 78, 98, 54, 85, 63, 18, 44, 20, 35, 43, 97, 91, 76, 10, 30, 21, 45, 71, 64, 1, 23, 17, 83, 24, 61, 60, 49, 6, 57, 94, 88, 65, 56, 79, 40, 67, 68, 46, 75, 0, 9, 19, 32, 81, 41, 27, 62, 87, 90, 99, 59, 53, 16, 72, 73, 70, 39, 37, 84, 3, 92, 25, 74, 28, 38, 51, 7, 11, 14, 86, 48, 89, 66, 50, 96, 33, 80, 8, 4, 34, 36, 55, 52, 13, 29, 69, 2]|[1, 1, 0, 1, 1, 1, 2, 1, 2, 1, 2, 2, 2, 1, 1, 0, 0, 1, 0, 2, 2, 0, 1, 2, 0, 1, 2, 2, 0, 0, 1, 2, 1, 0, 1, 0, 2, 0, 1, 1, 0, 1, 1, 1, 0, 2, 1, 1, 0, 0, 0, 0, 1, 1, 2, 1, 2, 0, 0, 0, 2, 1, 0, 1, 0, 1, 2, 1, 1, 1, 1, 1, 2, 0, 1, 2, 0, 0, 0, 1, 0, 1, 0, 0, 1, 0, 0, 0, 2, 0, 1, 0, 2, 0, 1, 1, 0, 0, 1, 0]|[4, 3, 2, 2, 0, 0, 2, 2, 2, 4, 1, 1, 2, 4, 4, 1, 1, 4, 2, 1, 1, 1, 1, 2, 1, 2, 1, 1, 1, 1, 3, 2, 3, 0, 4, 0, 1, 1, 0, 3, 2, 2, 4, 0, 1, 1, 3, 2, 0, 1, 2, 2, 1, 4, 0, 3, 2, 1, 1, 2, 1, 3, 1, 1, 2, 3, 0, 4, 3, 1, 4, 1, 1, 2, 4, 1, 2, 1, 1, 3, 2, 3, 1, 1, 1, 1, 1, 1, 1, 1, 3, 2, 1, 1, 4, 1, 2, 2, 3, 2]|[0, 2, 1, 1, 3, 3, 0, 1, 0, 0, 0, 0, 1, 0, 1, 0, 0, 3, 1, 0, 0, 0, 3, 1, 0, 2, 0, 0, 0, 1, 0, 0, 0, 0, 3, 0, 1, 0, 0, 2, 1, 1, 2, 0, 0, 0, 0, 1, 1, 0, 0, 0, 1, 3, 0, 0, 1, 0, 0, 1, 0, 2, 0, 1, 1, 2, 1, 0, 0, 1, 1, 3, 0, 1, 3, 0, 1, 0, 0, 2, 1, 0, 0, 0, 1, 0, 0, 0, 0, 0, 2, 1, 0, 1, 3, 1, 0, 0, 0, 0],843.7439659666079,57777.80974073964,86440.68470675517,false
60,G1_CMAX,G4_BALANCED,[31, 22, 82, 15, 26, 9, 95, 42, 77, 68, 47, 5, 93, 78, 86, 54, 85, 63, 18, 44, 20, 49, 36, 14, 74, 50, 53, 17, 21, 28, 11, 64, 3, 23, 30, 83, 24, 41, 40, 52, 65, 27, 90, 70, 39, 87, 48, 69, 99, 4, 75, 1, 13, 58, 97, 59, 45, 8, 73, 37, 35, 79, 71, 66, 76, 32, 60, 80, 56, 6, 67, 61, 33, 7, 57, 34, 12, 16, 10, 98, 96, 88, 43, 81, 91, 38, 84, 92, 29, 19, 51, 55, 89, 46, 25, 94, 2, 72, 62, 0]|[2, 1, 2, 1, 1, 0, 1, 1, 1, 1, 1, 0, 2, 2, 1, 2, 0, 0, 0, 2, 2, 1, 0, 2, 0, 2, 2, 1, 0, 1, 1, 1, 0, 0, 1, 0, 2, 1, 2, 2, 0, 0, 1, 1, 0, 2, 0, 2, 1, 0, 2, 2, 0, 2, 2, 0, 1, 1, 0, 0, 2, 1, 1, 2, 2, 0, 2, 2, 2, 1, 2, 1, 1, 2, 0, 1, 1, 2, 1, 2, 0, 1, 1, 1, 1, 0, 0, 0, 1, 1, 1, 0, 1, 0, 1, 2, 2, 1, 1, 0]|[0, 3, 0, 3, 4, 2, 4, 4, 2, 4, 3, 2, 1, 0, 2, 1, 1, 1, 2, 1, 1, 3, 0, 1, 0, 1, 1, 4, 1, 4, 3, 2, 2, 0, 4, 1, 1, 4, 1, 1, 2, 1, 4, 4, 1, 1, 0, 1, 3, 2, 1, 1, 2, 1, 1, 2, 4, 3, 0, 2, 2, 3, 3, 1, 1, 2, 1, 1, 1, 4, 1, 3, 4, 1, 2, 4, 3, 1, 3, 1, 2, 4, 4, 4, 3, 2, 2, 2, 3, 4, 3, 2, 4, 2, 4, 1, 1, 4, 3, 2]|[0, 2, 0, 0, 3, 0, 1, 3, 0, 0, 2, 0, 1, 0, 1, 0, 0, 0, 1, 0, 0, 2, 0, 0, 1, 0, 0, 3, 0, 1, 0, 2, 0, 0, 3, 0, 1, 1, 0, 0, 0, 0, 1, 3, 0, 0, 1, 0, 2, 0, 0, 0, 0, 0, 1, 0, 1, 0, 1, 1, 0, 2, 0, 0, 0, 0, 0, 0, 0, 2, 0, 0, 1, 0, 0, 1, 0, 0, 3, 0, 0, 1, 2, 2, 0, 0, 0, 0, 3, 1, 0, 0, 1, 0, 3, 0, 0, 1, 0, 0],887.621853494578,49071.181041504664,103470.5846837686,true
60,G4_BALANCED,G3_TWC,[31, 22, 42, 15, 26, 58, 95, 82, 77, 12, 47, 5, 93, 78, 98, 54, 85, 63, 18, 44, 86, 35, 43, 97, 91, 76, 10, 30, 21, 45, 71, 64, 1, 23, 17, 83, 24, 61, 60, 49, 6, 57, 94, 88, 65, 56, 79, 40, 67, 68, 46, 75, 0, 9, 19, 32, 81, 41, 27, 62, 87, 90, 99, 59, 53, 16, 72, 73, 70, 39, 37, 84, 3, 92, 25, 74, 28, 38, 51, 7, 11, 14, 20, 48, 89, 66, 50, 96, 33, 80, 8, 4, 34, 36, 55, 52, 29, 13, 69, 2]|[1, 1, 0, 1, 1, 1, 2, 1, 2, 1, 2, 2, 2, 1, 1, 0, 0, 1, 0, 2, 2, 0, 1, 2, 0, 1, 2, 2, 0, 0, 1, 2, 1, 0, 1, 0, 2, 0, 1, 1, 0, 1, 1, 1, 0, 2, 1, 1, 0, 0, 0, 0, 1, 1, 2, 1, 2, 0, 0, 0, 2, 1, 0, 1, 0, 1, 2, 1, 1, 1, 1, 1, 2, 0, 1, 2, 0, 0, 0, 1, 0, 1, 0, 0, 1, 0, 0, 0, 2, 0, 1, 0, 2, 0, 1, 1, 0, 0, 1, 0]|[4, 3, 2, 2, 0, 0, 2, 2, 2, 4, 1, 1, 2, 4, 4, 1, 1, 4, 2, 1, 1, 1, 1, 2, 1, 2, 1, 1, 1, 1, 3, 2, 3, 0, 4, 0, 1, 1, 0, 3, 2, 2, 4, 0, 1, 1, 3, 2, 0, 1, 2, 2, 1, 4, 0, 3, 2, 1, 1, 2, 1, 3, 1, 1, 2, 3, 0, 4, 3, 1, 4, 1, 1, 2, 4, 1, 2, 1, 1, 3, 2, 3, 1, 1, 1, 1, 1, 1, 1, 1, 3, 2, 1, 1, 4, 1, 2, 2, 3, 2]|[0, 2, 1, 1, 3, 3, 0, 1, 0, 0, 0, 0, 1, 0, 1, 0, 0, 3, 1, 0, 0, 0, 3, 1, 0, 2, 0, 0, 0, 1, 0, 0, 0, 0, 3, 0, 1, 0, 0, 2, 1, 1, 2, 0, 0, 0, 0, 1, 1, 0, 0, 0, 1, 3, 0, 0, 1, 0, 0, 1, 0, 2, 0, 1, 1, 2, 1, 0, 0, 1, 1, 3, 0, 1, 3, 0, 1, 0, 0, 2, 1, 0, 0, 0, 1, 0, 0, 0, 0, 0, 2, 1, 0, 1, 3, 1, 0, 0, 0, 0],859.7248743568795,57876.4155046995,86164.17870768864,true
60,G2_TEC,G2_TEC,[20, 94, 66, 15, 26, 9, 95, 42, 77, 68, 47, 5, 3, 14, 86, 54, 85, 63, 18, 44, 31, 49, 36, 78, 74, 50, 53, 17, 21, 28, 11, 64, 93, 23, 30, 83, 24, 41, 40, 52, 65, 27, 90, 70, 39, 87, 48, 69, 99, 4, 46, 1, 13, 56, 97, 59, 45, 8, 73, 37, 35, 79, 71, 82, 76, 32, 60, 80, 58, 6, 67, 61, 33, 7, 57, 34, 12, 16, 10, 22, 96, 88, 43, 81, 91, 2, 84, 29, 92, 19, 51, 89, 38, 25, 72, 75, 98, 62, 55, 0]|[2, 1, 2, 1, 1, 2, 1, 1, 1, 1, 1, 0, 2, 2, 1, 2, 0, 0, 0, 2, 2, 1, 0, 2, 0, 2, 2, 1, 0, 1, 1, 1, 0, 0, 1, 0, 2, 1, 2, 2, 0, 0, 1, 1, 0, 2, 0, 2, 1, 0, 0, 2, 0, 2, 2, 0, 1, 1, 0, 0, 2, 1, 1, 2, 2, 0, 2, 2, 2, 1, 2, 1, 1, 2, 0, 1, 1, 2, 1, 2, 0, 1, 1, 1, 1, 0, 0, 1, 0, 1, 1, 1, 0, 1, 1, 0, 2, 1, 0, 0]|[1, 3, 1, 3, 4, 1, 4, 4, 4, 4, 3, 2, 1, 0, 2, 1, 1, 1, 2, 1, 1, 3, 0, 1, 0, 1, 1, 4, 1, 4, 3, 2, 2, 0, 4, 1, 1, 4, 1, 1, 2, 1, 4, 4, 1, 1, 0, 1, 3, 2, 2, 1, 2, 1, 1, 2, 4, 3, 0, 2, 1, 3, 3, 1, 1, 2, 1, 1, 1, 4, 1, 3, 4, 1, 2, 4, 3, 1, 3, 1, 2, 4, 4, 4, 3, 2, 2, 3, 2, 4, 3, 4, 2, 4, 4, 2, 1, 3, 2, 2]|[0, 2, 0, 0, 3, 0, 1, 3, 1, 0, 2, 0, 1, 0, 1, 0, 0, 0, 1, 0, 0, 2, 0, 0, 1, 0, 0, 3, 0, 1, 0, 2, 0, 0, 3, 0, 1, 1, 0, 0, 0, 0, 1, 3, 0, 0, 1, 0, 2, 0, 0, 0, 0, 0, 1, 0, 1, 0, 1, 1, 0, 2, 0, 0, 0, 0, 0, 0, 0, 2, 0, 0, 1, 0, 0, 1, 0, 0, 3, 0, 0, 1, 2, 2, 0, 0, 0, 3, 0, 1, 0, 1, 0, 3, 1, 0, 0, 0, 0, 0],910.6016522559228,48196.44872629531,105119.71286620182,false
60,G3_TWC,G3_TWC,[31, 22, 42, 15, 26, 58, 95, 82, 77, 12, 47, 5, 93, 78, 98, 54, 85, 63, 18, 44, 20, 35, 43, 97, 91, 76, 10, 30, 21, 45, 71, 64, 1, 23, 17, 83, 24, 61, 60, 49, 6, 57, 94, 88, 65, 56, 79, 40, 67, 68, 46, 75, 0, 9, 19, 32, 81, 41, 27, 62, 87, 90, 99, 59, 53, 16, 72, 73, 70, 39, 37, 84, 3, 92, 25, 74, 28, 38, 51, 7, 11, 14, 86, 48, 89, 66, 50, 96, 33, 80, 8, 4, 34, 36, 55, 52, 13, 29, 69, 2]|[1, 1, 0, 1, 1, 1, 2, 1, 2, 1, 2, 2, 2, 1, 1, 0, 0, 1, 0, 2, 2, 0, 1, 2, 0, 1, 2, 2, 0, 0, 1, 2, 1, 0, 1, 0, 2, 0, 1, 1, 0, 1, 1, 1, 0, 2, 1, 1, 0, 0, 0, 0, 1, 1, 2, 1, 2, 0, 0, 0, 2, 1, 0, 1, 0, 1, 2, 1, 1, 1, 1, 1, 2, 0, 1, 2, 0, 0, 0, 1, 0, 1, 0, 0, 1, 0, 0, 0, 2, 0, 1, 0, 2, 0, 1, 1, 0, 0, 1, 0]|[4, 3, 2, 2, 0, 0, 2, 2, 2, 4, 1, 1, 2, 4, 4, 1, 1, 4, 2, 1, 1, 1, 1, 2, 1, 2, 1, 1, 1, 1, 3, 2, 3, 0, 4, 0, 1, 1, 0, 3, 2, 2, 4, 0, 1, 1, 3, 2, 0, 1, 2, 2, 1, 4, 0, 3, 2, 1, 1, 2, 1, 3, 1, 1, 2, 3, 0, 4, 3, 1, 4, 1, 1, 2, 4, 1, 2, 1, 1, 3, 2, 3, 1, 1, 1, 1, 1, 1, 1, 1, 3, 2, 1, 1, 4, 1, 2, 2, 3, 2]|[0, 2, 1, 1, 3, 3, 0, 1, 0, 0, 0, 0, 1, 0, 1, 0, 0, 3, 1, 0, 0, 0, 3, 1, 0, 2, 0, 0, 0, 1, 0, 0, 0, 0, 3, 0, 1, 0, 0, 2, 1, 1, 2, 0, 0, 0, 0, 1, 1, 0, 0, 0, 1, 3, 0, 0, 1, 0, 0, 1, 0, 2, 0, 1, 1, 2, 1, 0, 0, 1, 1, 3, 0, 1, 3, 0, 1, 0, 0, 2, 1, 0, 0, 0, 1, 0, 0, 0, 0, 0, 2, 1, 0, 1, 3, 1, 0, 0, 0, 0],843.7439659666079,57777.80974073964,86440.68470675517,false
60,G1_CMAX,G1_CMAX,[31, 22, 42, 15, 26, 58, 95, 82, 77, 12, 47, 5, 93, 78, 98, 85, 54, 63, 18, 44, 20, 35, 43, 97, 91, 10, 30, 21, 61, 71, 64, 1, 23, 17, 83, 24, 50, 60, 36, 6, 57, 94, 88, 65, 56, 79, 40, 67, 68, 46, 75, 38, 9, 19, 32, 81, 41, 27, 62, 87, 90, 99, 59, 11, 16, 72, 73, 70, 39, 37, 84, 76, 3, 92, 25, 74, 28, 7, 51, 29, 33, 14, 86, 66, 89, 45, 80, 96, 53, 4, 48, 2, 55, 49, 0, 52, 13, 8, 69, 34]|[1, 1, 1, 1, 1, 1, 2, 1, 2, 1, 2, 0, 2, 1, 1, 0, 0, 1, 0, 2, 2, 2, 1, 2, 0, 2, 2, 0, 0, 1, 2, 1, 2, 1, 0, 2, 0, 1, 1, 0, 1, 1, 1, 0, 2, 1, 1, 0, 0, 0, 0, 1, 1, 2, 1, 2, 2, 0, 0, 2, 1, 0, 1, 2, 1, 2, 1, 1, 1, 1, 1, 1, 2, 1, 1, 2, 0, 0, 0, 0, 2, 1, 2, 0, 1, 0, 0, 0, 0, 0, 2, 0, 1, 0, 0, 1, 0, 1, 2, 2]|[4, 3, 2, 2, 0, 0, 1, 2, 1, 4, 1, 0, 2, 4, 4, 1, 1, 4, 2, 1, 1, 0, 1, 2, 1, 1, 1, 1, 1, 3, 2, 3, 0, 4, 0, 1, 1, 0, 3, 2, 2, 4, 0, 1, 1, 0, 2, 0, 1, 2, 2, 1, 4, 0, 3, 2, 1, 1, 2, 1, 3, 1, 1, 1, 3, 0, 4, 3, 1, 4, 1, 2, 1, 4, 4, 1, 2, 1, 1, 1, 1, 3, 1, 1, 1, 1, 1, 1, 2, 2, 0, 2, 4, 1, 2, 1, 2, 3, 1, 1]|[2, 2, 1, 1, 3, 3, 0, 1, 0, 0, 0, 1, 1, 0, 1, 0, 0, 3, 1, 0, 0, 0, 3, 1, 0, 0, 0, 0, 1, 0, 0, 0, 0, 3, 0, 1, 0, 0, 2, 1, 1, 2, 0, 0, 0, 0, 1, 1, 0, 0, 0, 1, 3, 0, 0, 1, 0, 0, 1, 0, 2, 0, 1, 0, 2, 1, 0, 0, 1, 1, 3, 2, 0, 0, 3, 0, 1, 0, 0, 0, 0, 0, 0, 0, 1, 0, 0, 0, 1, 1, 1, 0, 3, 1, 0, 1, 0, 2, 0, 0],701.9269445084548,58814.16448267554,96724.70889609086,false
60,G4_BALANCED,G2_TEC,[20, 94, 66, 15, 26, 9, 95, 42, 77, 68, 47, 5, 3, 14, 86, 54, 85, 63, 18, 44, 31, 49, 36, 78, 74, 50, 53, 17, 21, 28, 11, 64, 93, 23, 30, 83, 24, 41, 40, 52, 65, 27, 90, 70, 39, 87, 48, 69, 99, 4, 46, 1, 13, 56, 97, 59, 45, 8, 73, 37, 35, 79, 71, 82, 76, 32, 60, 80, 58, 6, 67, 61, 33, 7, 57, 34, 12, 16, 10, 22, 96, 88, 43, 81, 91, 2, 84, 29, 92, 19, 51, 89, 38, 25, 72, 75, 98, 62, 55, 0]|[2, 1, 2, 1, 1, 2, 1, 1, 1, 1, 1, 0, 2, 2, 1, 2, 0, 0, 0, 2, 2, 1, 0, 2, 0, 2, 2, 1, 0, 1, 1, 1, 0, 0, 1, 0, 2, 1, 2, 2, 0, 0, 1, 1, 0, 2, 0, 2, 1, 0, 0, 2, 0, 2, 2, 0, 1, 1, 0, 0, 2, 1, 1, 2, 2, 0, 2, 2, 2, 1, 2, 1, 1, 2, 0, 1, 1, 2, 1, 2, 0, 1, 1, 1, 1, 0, 0, 1, 0, 1, 1, 1, 0, 1, 1, 0, 2, 1, 0, 0]|[1, 3, 1, 3, 4, 1, 4, 4, 4, 4, 3, 2, 1, 0, 2, 1, 1, 1, 2, 1, 1, 3, 0, 1, 0, 1, 1, 4, 1, 4, 3, 2, 2, 0, 4, 1, 1, 4, 1, 1, 2, 1, 4, 4, 1, 1, 0, 1, 3, 2, 2, 1, 2, 1, 1, 2, 4, 3, 0, 2, 1, 3, 3, 1, 1, 2, 1, 1, 1, 4, 1, 3, 4, 1, 2, 4, 3, 1, 3, 1, 2, 4, 4, 4, 3, 2, 2, 3, 2, 4, 3, 4, 2, 4, 4, 2, 1, 3, 2, 2]|[0, 2, 0, 0, 3, 0, 1, 3, 1, 0, 2, 0, 1, 0, 1, 0, 0, 0, 1, 0, 0, 2, 0, 0, 1, 0, 0, 3, 0, 1, 0, 2, 0, 0, 3, 0, 1, 1, 0, 0, 0, 0, 1, 3, 0, 0, 1, 0, 2, 0, 0, 0, 0, 0, 1, 0, 1, 0, 1, 1, 0, 2, 0, 0, 0, 0, 0, 0, 0, 2, 0, 0, 1, 0, 0, 1, 0, 0, 3, 0, 0, 1, 2, 2, 0, 0, 0, 3, 0, 1, 0, 1, 0, 3, 1, 0, 0, 0, 0, 0],910.6016522559228,48196.44872629531,105119.71286620182,true
60,G2_TEC,G2_TEC,[20, 94, 66, 15, 26, 9, 95, 42, 77, 68, 47, 5, 3, 14, 86, 54, 85, 63, 18, 44, 31, 49, 36, 78, 74, 50, 53, 17, 21, 28, 11, 64, 93, 23, 30, 83, 24, 41, 40, 52, 65, 27, 90, 70, 39, 87, 48, 69, 99, 4, 46, 1, 13, 56, 97, 59, 45, 8, 73, 37, 35, 79, 71, 82, 76, 32, 60, 80, 58, 6, 67, 61, 33, 7, 57, 34, 12, 16, 10, 22, 96, 88, 43, 81, 91, 2, 84, 29, 92, 19, 51, 89, 38, 25, 72, 75, 98, 62, 55, 0]|[2, 1, 2, 1, 1, 2, 1, 1, 1, 1, 1, 0, 2, 2, 1, 2, 0, 0, 0, 2, 2, 1, 0, 2, 0, 2, 2, 1, 0, 1, 1, 1, 0, 0, 1, 0, 2, 1, 2, 2, 0, 0, 1, 1, 0, 2, 0, 2, 1, 0, 0, 2, 0, 2, 2, 0, 1, 1, 0, 0, 2, 1, 1, 2, 2, 0, 2, 2, 2, 1, 2, 1, 1, 2, 0, 1, 1, 2, 1, 2, 0, 1, 1, 1, 1, 0, 0, 1, 0, 1, 1, 1, 0, 1, 1, 0, 2, 1, 0, 0]|[1, 3, 1, 3, 4, 1, 4, 4, 4, 4, 3, 2, 1, 0, 2, 1, 1, 1, 2, 1, 1, 3, 0, 1, 0, 1, 1, 4, 1, 4, 3, 2, 2, 0, 4, 1, 1, 4, 1, 1, 2, 1, 4, 4, 1, 1, 0, 1, 3, 2, 2, 1, 2, 1, 1, 2, 4, 3, 0, 2, 1, 3, 3, 1, 1, 2, 1, 1, 1, 4, 1, 3, 4, 1, 2, 4, 3, 1, 3, 1, 2, 4, 4, 4, 3, 2, 2, 3, 2, 4, 3, 4, 2, 4, 4, 2, 1, 3, 2, 2]|[0, 2, 0, 0, 3, 0, 1, 3, 1, 0, 2, 0, 1, 0, 1, 0, 0, 0, 1, 0, 0, 2, 0, 0, 1, 0, 0, 3, 0, 1, 0, 2, 0, 0, 3, 0, 1, 1, 0, 0, 0, 0, 1, 3, 0, 0, 1, 0, 2, 0, 0, 0, 0, 0, 1, 0, 1, 0, 1, 1, 0, 2, 0, 0, 0, 0, 0, 0, 0, 2, 0, 0, 1, 0, 0, 1, 0, 0, 3, 0, 0, 1, 2, 2, 0, 0, 0, 3, 0, 1, 0, 1, 0, 3, 1, 0, 0, 0, 0, 0],910.6016522559228,48196.44872629531,105119.71286620182,false
60,G3_TWC,G3_TWC,[31, 22, 42, 15, 26, 58, 95, 82, 77, 12, 47, 5, 93, 78, 98, 54, 85, 63, 18, 44, 20, 35, 43, 97, 91, 76, 10, 30, 21, 45, 71, 64, 1, 23, 17, 83, 24, 61, 60, 49, 6, 57, 94, 88, 65, 56, 79, 40, 67, 68, 46, 75, 0, 9, 19, 32, 81, 41, 27, 62, 87, 90, 99, 59, 53, 16, 72, 73, 70, 39, 37, 84, 3, 92, 25, 74, 28, 38, 51, 7, 11, 14, 86, 48, 89, 66, 50, 96, 33, 80, 8, 4, 34, 36, 55, 52, 13, 29, 69, 2]|[1, 1, 0, 1, 1, 1, 2, 1, 2, 1, 2, 2, 2, 1, 1, 0, 0, 1, 0, 2, 2, 0, 1, 2, 0, 1, 2, 2, 0, 0, 1, 2, 1, 0, 1, 0, 2, 0, 1, 1, 0, 1, 1, 1, 0, 2, 1, 1, 0, 0, 0, 0, 1, 1, 2, 1, 2, 0, 0, 0, 2, 1, 0, 1, 0, 1, 2, 1, 1, 1, 1, 1, 2, 0, 1, 2, 0, 0, 0, 1, 0, 1, 0, 0, 1, 0, 0, 0, 2, 0, 1, 0, 2, 0, 1, 1, 0, 0, 1, 0]|[4, 3, 2, 2, 0, 0, 2, 2, 2, 4, 1, 1, 2, 4, 4, 1, 1, 4, 2, 1, 1, 1, 1, 2, 1, 2, 1, 1, 1, 1, 3, 2, 3, 0, 4, 0, 1, 1, 0, 3, 2, 2, 4, 0, 1, 1, 3, 2, 0, 1, 2, 2, 1, 4, 0, 3, 2, 1, 1, 2, 1, 3, 1, 1, 2, 3, 0, 4, 3, 1, 4, 1, 1, 2, 4, 1, 2, 1, 1, 3, 2, 3, 1, 1, 1, 1, 1, 1, 1, 1, 3, 2, 1, 1, 4, 1, 2, 2, 3, 2]|[0, 2, 1, 1, 3, 3, 0, 1, 0, 0, 0, 0, 1, 0, 1, 0, 0, 3, 1, 0, 0, 0, 3, 1, 0, 2, 0, 0, 0, 1, 0, 0, 0, 0, 3, 0, 1, 0, 0, 2, 1, 1, 2, 0, 0, 0, 0, 1, 1, 0, 0, 0, 1, 3, 0, 0, 1, 0, 0, 1, 0, 2, 0, 1, 1, 2, 1, 0, 0, 1, 1, 3, 0, 1, 3, 0, 1, 0, 0, 2, 1, 0, 0, 0, 1, 0, 0, 0, 0, 0, 2, 1, 0, 1, 3, 1, 0, 0, 0, 0],843.7439659666079,57777.80974073964,86440.68470675517,false
60,G1_CMAX,G1_CMAX,[31, 22, 42, 15, 26, 58, 95, 82, 77, 12, 47, 5, 93, 78, 98, 85, 54, 63, 18, 44, 20, 35, 43, 97, 91, 10, 30, 21, 61, 71, 64, 1, 23, 17, 83, 24, 50, 60, 36, 6, 57, 94, 88, 65, 56, 79, 40, 67, 68, 46, 75, 38, 9, 19, 32, 81, 41, 27, 62, 87, 90, 99, 59, 11, 16, 72, 73, 70, 39, 37, 84, 76, 3, 92, 25, 74, 28, 7, 51, 29, 33, 14, 86, 66, 89, 45, 80, 96, 53, 4, 48, 2, 55, 49, 0, 52, 13, 8, 69, 34]|[1, 1, 1, 1, 1, 1, 2, 1, 2, 1, 2, 0, 2, 1, 1, 0, 0, 1, 0, 2, 2, 2, 1, 2, 0, 2, 2, 0, 0, 1, 2, 1, 2, 1, 0, 2, 0, 1, 1, 0, 1, 1, 1, 0, 2, 1, 1, 0, 0, 0, 0, 1, 1, 2, 1, 2, 2, 0, 0, 2, 1, 0, 1, 2, 1, 2, 1, 1, 1, 1, 1, 1, 2, 1, 1, 2, 0, 0, 0, 0, 2, 1, 2, 0, 1, 0, 0, 0, 0, 0, 2, 0, 1, 0, 0, 1, 0, 1, 2, 2]|[4, 3, 2, 2, 0, 0, 1, 2, 1, 4, 1, 0, 2, 4, 4, 1, 1, 4, 2, 1, 1, 0, 1, 2, 1, 1, 1, 1, 1, 3, 2, 3, 0, 4, 0, 1, 1, 0, 3, 2, 2, 4, 0, 1, 1, 0, 2, 0, 1, 2, 2, 1, 4, 0, 3, 2, 1, 1, 2, 1, 3, 1, 1, 1, 3, 0, 4, 3, 1, 4, 1, 2, 1, 4, 4, 1, 2, 1, 1, 1, 1, 3, 1, 1, 1, 1, 1, 1, 2, 2, 0, 2, 4, 1, 2, 1, 2, 3, 1, 1]|[2, 2, 1, 1, 3, 3, 0, 1, 0, 0, 0, 1, 1, 0, 1, 0, 0, 3, 1, 0, 0, 0, 3, 1, 0, 0, 0, 0, 1, 0, 0, 0, 0, 3, 0, 1, 0, 0, 2, 1, 1, 2, 0, 0, 0, 0, 1, 1, 0, 0, 0, 1, 3, 0, 0, 1, 0, 0, 1, 0, 2, 0, 1, 0, 2, 1, 0, 0, 1, 1, 3, 2, 0, 0, 3, 0, 1, 0, 0, 0, 0, 0, 0, 0, 1, 0, 0, 0, 1, 1, 1, 0, 3, 1, 0, 1, 0, 2, 0, 0],701.9269445084548,58814.16448267554,96724.70889609086,false
60,G4_BALANCED,G2_TEC,[20, 94, 66, 15, 26, 9, 95, 42, 77, 68, 47, 5, 3, 78, 86, 54, 85, 63, 18, 60, 31, 49, 36, 14, 74, 50, 53, 17, 21, 28, 11, 64, 93, 23, 30, 83, 24, 41, 40, 52, 65, 27, 90, 70, 39, 87, 48, 69, 99, 4, 46, 1, 13, 56, 97, 59, 45, 8, 73, 37, 35, 79, 71, 82, 76, 32, 44, 80, 58, 6, 67, 61, 33, 7, 57, 34, 12, 16, 10, 22, 96, 88, 43, 81, 91, 92, 84, 29, 2, 19, 51, 89, 38, 25, 72, 55, 98, 75, 62, 0]|[2, 1, 2, 1, 1, 2, 1, 1, 1, 1, 1, 0, 2, 2, 1, 2, 0, 0, 0, 2, 2, 1, 0, 2, 0, 2, 2, 1, 0, 1, 1, 1, 0, 0, 1, 0, 2, 1, 2, 2, 0, 0, 1, 1, 0, 2, 0, 2, 1, 0, 0, 2, 0, 2, 2, 0, 1, 1, 0, 0, 2, 1, 1, 2, 2, 0, 2, 2, 2, 1, 2, 1, 1, 2, 0, 1, 1, 2, 1, 2, 0, 1, 1, 1, 1, 0, 0, 1, 0, 1, 1, 1, 0, 1, 1, 0, 2, 0, 1, 0]|[1, 3, 1, 3, 4, 1, 4, 4, 4, 4, 3, 2, 1, 0, 2, 1, 1, 1, 2, 1, 1, 3, 0, 1, 0, 1, 1, 4, 1, 4, 3, 2, 2, 0, 4, 1, 1, 4, 1, 1, 2, 1, 4, 4, 1, 1, 0, 1, 3, 2, 2, 1, 2, 1, 1, 2, 4, 3, 0, 2, 1, 3, 3, 1, 1, 2, 1, 1, 1, 4, 1, 3, 4, 1, 2, 4, 3, 1, 3, 1, 2, 4, 4, 4, 3, 2, 2, 3, 2, 4, 3, 4, 2, 4, 4, 2, 1, 2, 3, 2]|[0, 2, 0, 0, 3, 0, 1, 3, 1, 0, 2, 0, 1, 0, 1, 0, 0, 0, 1, 0, 0, 2, 0, 0, 1, 0, 0, 3, 0, 1, 0, 2, 0, 0, 3, 0, 1, 1, 0, 0, 0, 0, 1, 3, 0, 0, 1, 0, 2, 0, 0, 0, 0, 0, 1, 0, 1, 0, 1, 0, 0, 2, 0, 0, 0, 0, 0, 0, 0, 2, 0, 0, 1, 0, 0, 1, 0, 0, 3, 0, 0, 1, 2, 2, 0, 0, 0, 3, 0, 1, 0, 1, 0, 3, 1, 0, 0, 0, 0, 0],910.6016522559228,48335.15229288787,104856.06374935781,true
60,G2_TEC,G2_TEC,[20, 94, 66, 15, 26, 9, 95, 42, 77, 68, 47, 5, 3, 14, 86, 54, 85, 63, 18, 44, 31, 49, 36, 78, 74, 50, 53, 17, 21, 28, 11, 64, 93, 23, 30, 83, 24, 41, 40, 52, 65, 27, 90, 70, 39, 87, 48, 69, 99, 4, 46, 1, 13, 56, 97, 59, 45, 8, 73, 37, 35, 79, 71, 82, 76, 32, 60, 80, 58, 6, 67, 61, 33, 7, 57, 34, 12, 16, 10, 22, 96, 88, 43, 81, 91, 2, 84, 29, 92, 19, 51, 89, 38, 25, 72, 75, 98, 62, 55, 0]|[2, 1, 2, 1, 1, 2, 1, 1, 1, 1, 1, 0, 2, 2, 1, 2, 0, 0, 0, 2, 2, 1, 0, 2, 0, 2, 2, 1, 0, 1, 1, 1, 0, 0, 1, 0, 2, 1, 2, 2, 0, 0, 1, 1, 0, 2, 0, 2, 1, 0, 0, 2, 0, 2, 2, 0, 1, 1, 0, 0, 2, 1, 1, 2, 2, 0, 2, 2, 2, 1, 2, 1, 1, 2, 0, 1, 1, 2, 1, 2, 0, 1, 1, 1, 1, 0, 0, 1, 0, 1, 1, 1, 0, 1, 1, 0, 2, 1, 0, 0]|[1, 3, 1, 3, 4, 1, 4, 4, 4, 4, 3, 2, 1, 0, 2, 1, 1, 1, 2, 1, 1, 3, 0, 1, 0, 1, 1, 4, 1, 4, 3, 2, 2, 0, 4, 1, 1, 4, 1, 1, 2, 1, 4, 4, 1, 1, 0, 1, 3, 2, 2, 1, 2, 1, 1, 2, 4, 3, 0, 2, 1, 3, 3, 1, 1, 2, 1, 1, 1, 4, 1, 3, 4, 1, 2, 4, 3, 1, 3, 1, 2, 4, 4, 4, 3, 2, 2, 3, 2, 4, 3, 4, 2, 4, 4, 2, 1, 3, 2, 2]|[0, 2, 0, 0, 3, 0, 1, 3, 1, 0, 2, 0, 1, 0, 1, 0, 0, 0, 1, 0, 0, 2, 0, 0, 1, 0, 0, 3, 0, 1, 0, 2, 0, 0, 3, 0, 1, 1, 0, 0, 0, 0, 1, 3, 0, 0, 1, 0, 2, 0, 0, 0, 0, 0, 1, 0, 1, 0, 1, 1, 0, 2, 0, 0, 0, 0, 0, 0, 0, 2, 0, 0, 1, 0, 0, 1, 0, 0, 3, 0, 0, 1, 2, 2, 0, 0, 0, 3, 0, 1, 0, 1, 0, 3, 1, 0, 0, 0, 0, 0],910.6016522559228,48196.44872629531,105119.71286620182,false
60,G3_TWC,G3_TWC,[31, 22, 42, 15, 26, 58, 95, 82, 77, 12, 47, 5, 93, 78, 98, 54, 85, 63, 18, 44, 20, 35, 43, 97, 91, 76, 10, 30, 21, 45, 71, 64, 1, 23, 17, 83, 24, 61, 60, 49, 6, 57, 94, 88, 65, 56, 79, 40, 67, 68, 46, 75, 0, 9, 19, 32, 81, 41, 27, 62, 87, 90, 99, 59, 53, 16, 72, 73, 70, 39, 37, 84, 3, 92, 25, 74, 28, 38, 51, 7, 11, 14, 86, 48, 89, 66, 50, 96, 33, 80, 8, 4, 34, 36, 55, 52, 13, 29, 69, 2]|[1, 1, 0, 1, 1, 1, 2, 1, 2, 1, 2, 2, 2, 1, 1, 0, 0, 1, 0, 2, 2, 0, 1, 2, 0, 1, 2, 2, 0, 0, 1, 2, 1, 0, 1, 0, 2, 0, 1, 1, 0, 1, 1, 1, 0, 2, 1, 1, 0, 0, 0, 0, 1, 1, 2, 1, 2, 0, 0, 0, 2, 1, 0, 1, 0, 1, 2, 1, 1, 1, 1, 1, 2, 0, 1, 2, 0, 0, 0, 1, 0, 1, 0, 0, 1, 0, 0, 0, 2, 0, 1, 0, 2, 0, 1, 1, 0, 0, 1, 0]|[4, 3, 2, 2, 0, 0, 2, 2, 2, 4, 1, 1, 2, 4, 4, 1, 1, 4, 2, 1, 1, 1, 1, 2, 1, 2, 1, 1, 1, 1, 3, 2, 3, 0, 4, 0, 1, 1, 0, 3, 2, 2, 4, 0, 1, 1, 3, 2, 0, 1, 2, 2, 1, 4, 0, 3, 2, 1, 1, 2, 1, 3, 1, 1, 2, 3, 0, 4, 3, 1, 4, 1, 1, 2, 4, 1, 2, 1, 1, 3, 2, 3, 1, 1, 1, 1, 1, 1, 1, 1, 3, 2, 1, 1, 4, 1, 2, 2, 3, 2]|[0, 2, 1, 1, 3, 3, 0, 1, 0, 0, 0, 0, 1, 0, 1, 0, 0, 3, 1, 0, 0, 0, 3, 1, 0, 2, 0, 0, 0, 1, 0, 0, 0, 0, 3, 0, 1, 0, 0, 2, 1, 1, 2, 0, 0, 0, 0, 1, 1, 0, 0, 0, 1, 3, 0, 0, 1, 0, 0, 1, 0, 2, 0, 1, 1, 2, 1, 0, 0, 1, 1, 3, 0, 1, 3, 0, 1, 0, 0, 2, 1, 0, 0, 0, 1, 0, 0, 0, 0, 0, 2, 1, 0, 1, 3, 1, 0, 0, 0, 0],843.7439659666079,57777.80974073964,86440.68470675517,false
60,G1_CMAX,G1_CMAX,[31, 22, 42, 15, 26, 58, 95, 82, 77, 12, 47, 5, 93, 78, 98, 85, 54, 63, 18, 44, 20, 35, 43, 97, 91, 10, 30, 21, 61, 71, 64, 1, 23, 17, 83, 24, 50, 60, 36, 6, 57, 94, 88, 65, 56, 79, 40, 67, 68, 46, 75, 38, 9, 19, 32, 81, 41, 27, 62, 87, 90, 99, 59, 11, 16, 72, 73, 70, 39, 37, 84, 76, 3, 92, 25, 74, 28, 7, 51, 29, 33, 14, 86, 66, 89, 45, 80, 96, 53, 4, 48, 2, 55, 49, 0, 52, 13, 8, 69, 34]|[1, 1, 1, 1, 1, 1, 2, 1, 2, 1, 2, 0, 2, 1, 1, 0, 0, 1, 0, 2, 2, 2, 1, 2, 0, 2, 2, 0, 0, 1, 2, 1, 2, 1, 0, 2, 0, 1, 1, 0, 1, 1, 1, 0, 2, 1, 1, 0, 0, 0, 0, 1, 1, 2, 1, 2, 2, 0, 0, 2, 1, 0, 1, 2, 1, 2, 1, 1, 1, 1, 1, 1, 2, 1, 1, 2, 0, 0, 0, 0, 2, 1, 2, 0, 1, 0, 0, 0, 0, 0, 2, 0, 1, 0, 0, 1, 0, 1, 2, 2]|[4, 3, 2, 2, 0, 0, 1, 2, 1, 4, 1, 0, 2, 4, 4, 1, 1, 4, 2, 1, 1, 0, 1, 2, 1, 1, 1, 1, 1, 3, 2, 3, 0, 4, 0, 1, 1, 0, 3, 2, 2, 4, 0, 1, 1, 0, 2, 0, 1, 2, 2, 1, 4, 0, 3, 2, 1, 1, 2, 1, 3, 1, 1, 1, 3, 0, 4, 3, 1, 4, 1, 2, 1, 4, 4, 1, 2, 1, 1, 1, 1, 3, 1, 1, 1, 1, 1, 1, 2, 2, 0, 2, 4, 1, 2, 1, 2, 3, 1, 1]|[2, 2, 1, 1, 3, 3, 0, 1, 0, 0, 0, 1, 1, 0, 1, 0, 0, 3, 1, 0, 0, 0, 3, 1, 0, 0, 0, 0, 1, 0, 0, 0, 0, 3, 0, 1, 0, 0, 2, 1, 1, 2, 0, 0, 0, 0, 1, 1, 0, 0, 0, 1, 3, 0, 0, 1, 0, 0, 1, 0, 2, 0, 1, 0, 2, 1, 0, 0, 1, 1, 3, 2, 0, 0, 3, 0, 1, 0, 0, 0, 0, 0, 0, 0, 1, 0, 0, 0, 1, 1, 1, 0, 3, 1, 0, 1, 0, 2, 0, 0],701.9269445084548,58814.16448267554,96724.70889609086,false
60,G4_BALANCED,G3_TWC,[31, 22, 42, 15, 26, 58, 95, 82, 77, 12, 47, 5, 93, 78, 98, 54, 85, 63, 18, 44, 20, 35, 43, 97, 91, 76, 10, 30, 21, 45, 71, 64, 1, 23, 17, 83, 24, 61, 60, 49, 6, 57, 94, 88, 65, 56, 79, 40, 67, 68, 46, 75, 38, 9, 19, 32, 81, 41, 27, 62, 87, 90, 99, 59, 11, 16, 72, 73, 70, 39, 37, 84, 3, 92, 25, 74, 28, 29, 51, 7, 53, 14, 86, 48, 89, 50, 66, 96, 33, 80, 8, 4, 34, 36, 2, 52, 13, 0, 69, 55]|[1, 1, 0, 1, 1, 1, 2, 1, 2, 1, 2, 2, 2, 1, 1, 0, 0, 1, 0, 2, 2, 0, 1, 2, 0, 1, 2, 2, 0, 0, 1, 2, 1, 0, 1, 0, 2, 0, 1, 1, 0, 1, 1, 1, 0, 2, 1, 1, 0, 0, 0, 0, 1, 1, 2, 1, 0, 0, 0, 0, 2, 1, 0, 1, 2, 1, 2, 1, 1, 1, 1, 1, 2, 0, 1, 2, 0, 0, 0, 1, 2, 1, 0, 0, 1, 0, 0, 0, 2, 0, 1, 0, 2, 0, 0, 1, 0, 0, 1, 1]|[4, 3, 2, 2, 0, 0, 2, 2, 2, 4, 1, 1, 2, 4, 4, 1, 1, 4, 2, 1, 1, 1, 1, 2, 1, 2, 1, 1, 1, 1, 3, 2, 3, 0, 4, 0, 1, 1, 0, 3, 2, 2, 4, 0, 1, 1, 3, 2, 0, 1, 2, 2, 1, 4, 0, 3, 1, 1, 1, 2, 1, 3, 1, 1, 1, 3, 0, 4, 3, 1, 4, 1, 1, 2, 4, 1, 2, 1, 1, 3, 1, 3, 1, 1, 1, 1, 2, 1, 1, 1, 3, 2, 1, 1, 2, 1, 2, 2, 3, 4]|[0, 2, 1, 1, 3, 3, 0, 1, 0, 0, 0, 0, 1, 0, 1, 0, 0, 3, 1, 0, 0, 0, 3, 1, 0, 2, 0, 0, 0, 1, 0, 0, 0, 0, 3, 0, 1, 0, 0, 2, 1, 1, 2, 0, 0, 0, 0, 1, 1, 0, 0, 0, 1, 3, 0, 0, 0, 0, 0, 1, 0, 2, 0, 1, 0, 2, 1, 0, 0, 1, 1, 3, 0, 1, 3, 0, 1, 0, 0, 2, 0, 0, 0, 0, 1, 0, 1, 0, 0, 0, 2, 1, 0, 1, 0, 1, 0, 0, 0, 3],838.7594269632675,56752.39090462301,88665.35994558653,true
60,G2_TEC,G2_TEC,[20, 94, 66, 15, 26, 9, 95, 42, 77, 68, 47, 5, 3, 14, 86, 54, 85, 63, 18, 44, 31, 49, 36, 78, 74, 50, 53, 17, 21, 28, 11, 64, 93, 23, 30, 83, 24, 41, 40, 52, 65, 27, 90, 70, 39, 87, 48, 69, 99, 4, 46, 1, 13, 56, 97, 59, 45, 8, 73, 37, 35, 79, 71, 82, 76, 32, 60, 80, 58, 6, 67, 61, 33, 7, 57, 34, 12, 16, 10, 22, 96, 88, 43, 81, 91, 2, 84, 29, 92, 19, 51, 89, 38, 25, 72, 75, 98, 62, 55, 0]|[2, 1, 2, 1, 1, 2, 1, 1, 1, 1, 1, 0, 2, 2, 1, 2, 0, 0, 0, 2, 2, 1, 0, 2, 0, 2, 2, 1, 0, 1, 1, 1, 0, 0, 1, 0, 2, 1, 2, 2, 0, 0, 1, 1, 0, 2, 0, 2, 1, 0, 0, 2, 0, 2, 2, 0, 1, 1, 0, 0, 2, 1, 1, 2, 2, 0, 2, 2, 2, 1, 2, 1, 1, 2, 0, 1, 1, 2, 1, 2, 0, 1, 1, 1, 1, 0, 0, 1, 0, 1, 1, 1, 0, 1, 1, 0, 2, 1, 0, 0]|[1, 3, 1, 3, 4, 1, 4, 4, 4, 4, 3, 2, 1, 0, 2, 1, 1, 1, 2, 1, 1, 3, 0, 1, 0, 1, 1, 4, 1, 4, 3, 2, 2, 0, 4, 1, 1, 4, 1, 1, 2, 1, 4, 4, 1, 1, 0, 1, 3, 2, 2, 1, 2, 1, 1, 2, 4, 3, 0, 2, 1, 3, 3, 1, 1, 2, 1, 1, 1, 4, 1, 3, 4, 1, 2, 4, 3, 1, 3, 1, 2, 4, 4, 4, 3, 2, 2, 3, 2, 4, 3, 4, 2, 4, 4, 2, 1, 3, 2, 2]|[0, 2, 0, 0, 3, 0, 1, 3, 1, 0, 2, 0, 1, 0, 1, 0, 0, 0, 1, 0, 0, 2, 0, 0, 1, 0, 0, 3, 0, 1, 0, 2, 0, 0, 3, 0, 1, 1, 0, 0, 0, 0, 1, 3, 0, 0, 1, 0, 2, 0, 0, 0, 0, 0, 1, 0, 1, 0, 1, 1, 0, 2, 0, 0, 0, 0, 0, 0, 0, 2, 0, 0, 1, 0, 0, 1, 0, 0, 3, 0, 0, 1, 2, 2, 0, 0, 0, 3, 0, 1, 0, 1, 0, 3, 1, 0, 0, 0, 0, 0],910.6016522559228,48196.44872629531,105119.71286620182,false
60,G3_TWC,G3_TWC,[31, 22, 42, 15, 26, 58, 95, 82, 77, 12, 47, 5, 93, 78, 98, 54, 85, 63, 18, 44, 20, 35, 43, 97, 91, 76, 10, 30, 21, 45, 71, 64, 1, 23, 17, 83, 24, 61, 60, 49, 6, 57, 94, 88, 65, 56, 79, 40, 67, 68, 46, 75, 0, 9, 19, 32, 81, 41, 27, 62, 87, 90, 99, 59, 53, 16, 72, 73, 70, 39, 37, 84, 3, 92, 25, 74, 28, 38, 51, 7, 11, 14, 86, 48, 89, 66, 50, 96, 33, 80, 8, 4, 34, 36, 55, 52, 13, 29, 69, 2]|[1, 1, 0, 1, 1, 1, 2, 1, 2, 1, 2, 2, 2, 1, 1, 0, 0, 1, 0, 2, 2, 0, 1, 2, 0, 1, 2, 2, 0, 0, 1, 2, 1, 0, 1, 0, 2, 0, 1, 1, 0, 1, 1, 1, 0, 2, 1, 1, 0, 0, 0, 0, 1, 1, 2, 1, 2, 0, 0, 0, 2, 1, 0, 1, 0, 1, 2, 1, 1, 1, 1, 1, 2, 0, 1, 2, 0, 0, 0, 1, 0, 1, 0, 0, 1, 0, 0, 0, 2, 0, 1, 0, 2, 0, 1, 1, 0, 0, 1, 0]|[4, 3, 2, 2, 0, 0, 2, 2, 2, 4, 1, 1, 2, 4, 4, 1, 1, 4, 2, 1, 1, 1, 1, 2, 1, 2, 1, 1, 1, 1, 3, 2, 3, 0, 4, 0, 1, 1, 0, 3, 2, 2, 4, 0, 1, 1, 3, 2, 0, 1, 2, 2, 1, 4, 0, 3, 2, 1, 1, 2, 1, 3, 1, 1, 2, 3, 0, 4, 3, 1, 4, 1, 1, 2, 4, 1, 2, 1, 1, 3, 2, 3, 1, 1, 1, 1, 1, 1, 1, 1, 3, 2, 1, 1, 4, 1, 2, 2, 3, 2]|[0, 2, 1, 1, 3, 3, 0, 1, 0, 0, 0, 0, 1, 0, 1, 0, 0, 3, 1, 0, 0, 0, 3, 1, 0, 2, 0, 0, 0, 1, 0, 0, 0, 0, 3, 0, 1, 0, 0, 2, 1, 1, 2, 0, 0, 0, 0, 1, 1, 0, 0, 0, 1, 3, 0, 0, 1, 0, 0, 1, 0, 2, 0, 1, 1, 2, 1, 0, 0, 1, 1, 3, 0, 1, 3, 0, 1, 0, 0, 2, 1, 0, 0, 0, 1, 0, 0, 0, 0, 0, 2, 1, 0, 1, 3, 1, 0, 0, 0, 0],843.7439659666079,57777.80974073964,86440.68470675517,false
60,G1_CMAX,G1_CMAX,[31, 22, 42, 15, 26, 58, 95, 82, 77, 12, 47, 5, 93, 78, 98, 85, 54, 63, 18, 44, 20, 35, 43, 97, 91, 10, 30, 21, 61, 71, 64, 1, 23, 17, 83, 24, 50, 60, 36, 6, 57, 94, 88, 65, 56, 79, 40, 67, 68, 46, 75, 38, 9, 19, 32, 81, 41, 27, 62, 87, 90, 99, 59, 11, 16, 72, 73, 70, 39, 37, 84, 76, 3, 92, 25, 74, 28, 7, 51, 29, 33, 14, 86, 66, 89, 45, 80, 96, 53, 4, 48, 2, 55, 49, 0, 52, 13, 8, 69, 34]|[1, 1, 1, 1, 1, 1, 2, 1, 2, 1, 2, 0, 2, 1, 1, 0, 0, 1, 0, 2, 2, 2, 1, 2, 0, 2, 2, 0, 0, 1, 2, 1, 2, 1, 0, 2, 0, 1, 1, 0, 1, 1, 1, 0, 2, 1, 1, 0, 0, 0, 0, 1, 1, 2, 1, 2, 2, 0, 0, 2, 1, 0, 1, 2, 1, 2, 1, 1, 1, 1, 1, 1, 2, 1, 1, 2, 0, 0, 0, 0, 2, 1, 2, 0, 1, 0, 0, 0, 0, 0, 2, 0, 1, 0, 0, 1, 0, 1, 2, 2]|[4, 3, 2, 2, 0, 0, 1, 2, 1, 4, 1, 0, 2, 4, 4, 1, 1, 4, 2, 1, 1, 0, 1, 2, 1, 1, 1, 1, 1, 3, 2, 3, 0, 4, 0, 1, 1, 0, 3, 2, 2, 4, 0, 1, 1, 0, 2, 0, 1, 2, 2, 1, 4, 0, 3, 2, 1, 1, 2, 1, 3, 1, 1, 1, 3, 0, 4, 3, 1, 4, 1, 2, 1, 4, 4, 1, 2, 1, 1, 1, 1, 3, 1, 1, 1, 1, 1, 1, 2, 2, 0, 2, 4, 1, 2, 1, 2, 3, 1, 1]|[2, 2, 1, 1, 3, 3, 0, 1, 0, 0, 0, 1, 1, 0, 1, 0, 0, 3, 1, 0, 0, 0, 3, 1, 0, 0, 0, 0, 1, 0, 0, 0, 0, 3, 0, 1, 0, 0, 2, 1, 1, 2, 0, 0, 0, 0, 1, 1, 0, 0, 0, 1, 3, 0, 0, 1, 0, 0, 1, 0, 2, 0, 1, 0, 2, 1, 0, 0, 1, 1, 3, 2, 0, 0, 3, 0, 1, 0, 0, 0, 0, 0, 0, 0, 1, 0, 0, 0, 1, 1, 1, 0, 3, 1, 0, 1, 0, 2, 0, 0],701.9269445084548,58814.16448267554,96724.70889609086,false
60,G4_BALANCED,G1_CMAX,[31, 22, 42, 15, 26, 58, 95, 82, 77, 12, 47, 5, 93, 78, 98, 54, 85, 63, 18, 44, 20, 35, 43, 97, 91, 76, 10, 30, 21, 45, 71, 64, 1, 23, 17, 83, 24, 61, 60, 36, 6, 57, 94, 88, 65, 56, 79, 40, 67, 68, 46, 29, 38, 9, 19, 32, 81, 41, 27, 62, 87, 90, 99, 59, 53, 16, 72, 73, 70, 39, 37, 84, 3, 92, 25, 55, 28, 75, 51, 50, 11, 14, 86, 48, 89, 66, 7, 96, 33, 80, 8, 69, 34, 49, 74, 52, 13, 2, 4, 0]|[1, 1, 0, 1, 1, 1, 2, 1, 2, 1, 2, 2, 2, 1, 1, 0, 0, 1, 0, 2, 2, 0, 1, 2, 0, 1, 2, 2, 0, 0, 1, 2, 1, 0, 1, 0, 2, 0, 1, 1, 0, 1, 1, 1, 0, 2, 1, 1, 0, 0, 0, 0, 1, 1, 2, 1, 2, 2, 0, 0, 2, 1, 0, 1, 0, 1, 2, 1, 1, 1, 1, 1, 2, 0, 1, 2, 0, 0, 0, 1, 2, 1, 0, 0, 1, 2, 1, 2, 2, 0, 1, 0, 2, 2, 2, 1, 0, 0, 0, 1]|[4, 3, 2, 2, 0, 0, 2, 2, 2, 4, 1, 1, 2, 4, 4, 1, 1, 4, 2, 1, 1, 1, 1, 2, 1, 2, 1, 1, 1, 1, 3, 2, 3, 0, 4, 0, 1, 1, 0, 3, 2, 2, 4, 0, 1, 1, 3, 2, 0, 1, 2, 2, 1, 4, 0, 3, 2, 1, 1, 2, 1, 3, 1, 1, 2, 3, 1, 4, 3, 1, 4, 1, 1, 2, 4, 1, 2, 1, 1, 3, 1, 3, 1, 1, 1, 1, 3, 1, 1, 1, 3, 2, 1, 1, 1, 1, 2, 2, 2, 1]|[0, 2, 1, 1, 3, 3, 0, 1, 0, 0, 0, 0, 1, 0, 1, 0, 0, 3, 1, 0, 0, 0, 3, 1, 0, 2, 0, 0, 0, 1, 0, 0, 0, 0, 3, 0, 1, 0, 0, 2, 1, 1, 2, 0, 0, 0, 0, 1, 1, 0, 0, 0, 1, 3, 0, 0, 1, 0, 0, 1, 0, 2, 0, 1, 1, 2, 0, 0, 0, 1, 1, 3, 0, 1, 3, 0, 1, 0, 0, 2, 0, 0, 0, 0, 1, 0, 2, 0, 0, 0, 2, 1, 0, 0, 0, 1, 0, 0, 1, 1],778.7811978546462,56357.23198888963,91105.11058634704,true
60,G2_TEC,G2_TEC,[20, 94, 66, 15, 26, 9, 95, 42, 77, 68, 47, 5, 3, 14, 86, 54, 85, 63, 18, 44, 31, 49, 36, 78, 74, 50, 53, 17, 21, 28, 11, 64, 93, 23, 30, 83, 24, 41, 40, 52, 65, 27, 90, 70, 39, 87, 48, 69, 99, 4, 46, 1, 13, 56, 97, 59, 45, 8, 73, 37, 35, 79, 71, 82, 76, 32, 60, 80, 58, 6, 67, 61, 33, 7, 57, 34, 12, 16, 10, 22, 96, 88, 43, 81, 91, 2, 84, 29, 92, 19, 51, 89, 38, 25, 72, 75, 98, 62, 55, 0]|[2, 1, 2, 1, 1, 2, 1, 1, 1, 1, 1, 0, 2, 2, 1, 2, 0, 0, 0, 2, 2, 1, 0, 2, 0, 2, 2, 1, 0, 1, 1, 1, 0, 0, 1, 0, 2, 1, 2, 2, 0, 0, 1, 1, 0, 2, 0, 2, 1, 0, 0, 2, 0, 2, 2, 0, 1, 1, 0, 0, 2, 1, 1, 2, 2, 0, 2, 2, 2, 1, 2, 1, 1, 2, 0, 1, 1, 2, 1, 2, 0, 1, 1, 1, 1, 0, 0, 1, 0, 1, 1, 1, 0, 1, 1, 0, 2, 1, 0, 0]|[1, 3, 1, 3, 4, 1, 4, 4, 4, 4, 3, 2, 1, 0, 2, 1, 1, 1, 2, 1, 1, 3, 0, 1, 0, 1, 1, 4, 1, 4, 3, 2, 2, 0, 4, 1, 1, 4, 1, 1, 2, 1, 4, 4, 1, 1, 0, 1, 3, 2, 2, 1, 2, 1, 1, 2, 4, 3, 0, 2, 1, 3, 3, 1, 1, 2, 1, 1, 1, 4, 1, 3, 4, 1, 2, 4, 3, 1, 3, 1, 2, 4, 4, 4, 3, 2, 2, 3, 2, 4, 3, 4, 2, 4, 4, 2, 1, 3, 2, 2]|[0, 2, 0, 0, 3, 0, 1, 3, 1, 0, 2, 0, 1, 0, 1, 0, 0, 0, 1, 0, 0, 2, 0, 0, 1, 0, 0, 3, 0, 1, 0, 2, 0, 0, 3, 0, 1, 1, 0, 0, 0, 0, 1, 3, 0, 0, 1, 0, 2, 0, 0, 0, 0, 0, 1, 0, 1, 0, 1, 1, 0, 2, 0, 0, 0, 0, 0, 0, 0, 2, 0, 0, 1, 0, 0, 1, 0, 0, 3, 0, 0, 1, 2, 2, 0, 0, 0, 3, 0, 1, 0, 1, 0, 3, 1, 0, 0, 0, 0, 0],910.6016522559228,48196.44872629531,105119.71286620182,false
60,G3_TWC,G3_TWC,[31, 22, 42, 15, 26, 58, 95, 82, 77, 12, 47, 5, 93, 78, 98, 54, 85, 63, 18, 44, 20, 35, 43, 97, 91, 76, 10, 30, 21, 45, 71, 64, 1, 23, 17, 83, 24, 61, 60, 49, 6, 57, 94, 88, 65, 56, 79, 40, 67, 68, 46, 75, 0, 9, 19, 32, 81, 41, 27, 62, 87, 90, 99, 59, 53, 16, 72, 73, 70, 39, 37, 84, 3, 92, 25, 74, 28, 38, 51, 7, 11, 14, 86, 48, 89, 66, 50, 96, 33, 80, 8, 4, 34, 36, 55, 52, 13, 29, 69, 2]|[1, 1, 0, 1, 1, 1, 2, 1, 2, 1, 2, 2, 2, 1, 1, 0, 0, 1, 0, 2, 2, 0, 1, 2, 0, 1, 2, 2, 0, 0, 1, 2, 1, 0, 1, 0, 2, 0, 1, 1, 0, 1, 1, 1, 0, 2, 1, 1, 0, 0, 0, 0, 1, 1, 2, 1, 2, 0, 0, 0, 2, 1, 0, 1, 0, 1, 2, 1, 1, 1, 1, 1, 2, 0, 1, 2, 0, 0, 0, 1, 0, 1, 0, 0, 1, 0, 0, 0, 2, 0, 1, 0, 2, 0, 1, 1, 0, 0, 1, 0]|[4, 3, 2, 2, 0, 0, 2, 2, 2, 4, 1, 1, 2, 4, 4, 1, 1, 4, 2, 1, 1, 1, 1, 2, 1, 2, 1, 1, 1, 1, 3, 2, 3, 0, 4, 0, 1, 1, 0, 3, 2, 2, 4, 0, 1, 1, 3, 2, 0, 1, 2, 2, 1, 4, 0, 3, 2, 1, 1, 2, 1, 3, 1, 1, 2, 3, 0, 4, 3, 1, 4, 1, 1, 2, 4, 1, 2, 1, 1, 3, 2, 3, 1, 1, 1, 1, 1, 1, 1, 1, 3, 2, 1, 1, 4, 1, 2, 2, 3, 2]|[0, 2, 1, 1, 3, 3, 0, 1, 0, 0, 0, 0, 1, 0, 1, 0, 0, 3, 1, 0, 0, 0, 3, 1, 0, 2, 0, 0, 0, 1, 0, 0, 0, 0, 3, 0, 1, 0, 0, 2, 1, 1, 2, 0, 0, 0, 0, 1, 1, 0, 0, 0, 1, 3, 0, 0, 1, 0, 0, 1, 0, 2, 0, 1, 1, 2, 1, 0, 0, 1, 1, 3, 0, 1, 3, 0, 1, 0, 0, 2, 1, 0, 0, 0, 1, 0, 0, 0, 0, 0, 2, 1, 0, 1, 3, 1, 0, 0, 0, 0],843.7439659666079,57777.80974073964,86440.68470675517,false
60,G1_CMAX,G1_CMAX,[31, 22, 42, 15, 26, 58, 95, 82, 77, 12, 47, 5, 93, 78, 98, 85, 54, 63, 18, 44, 20, 35, 43, 97, 91, 10, 30, 21, 61, 71, 64, 1, 23, 17, 83, 24, 50, 60, 36, 6, 57, 94, 88, 65, 56, 79, 40, 67, 68, 46, 75, 38, 9, 19, 32, 81, 41, 27, 62, 87, 90, 99, 59, 11, 16, 72, 73, 70, 39, 37, 84, 76, 3, 92, 25, 74, 28, 7, 51, 29, 33, 14, 86, 66, 89, 45, 80, 96, 53, 4, 48, 2, 55, 49, 0, 52, 13, 8, 69, 34]|[1, 1, 1, 1, 1, 1, 2, 1, 2, 1, 2, 0, 2, 1, 1, 0, 0, 1, 0, 2, 2, 2, 1, 2, 0, 2, 2, 0, 0, 1, 2, 1, 2, 1, 0, 2, 0, 1, 1, 0, 1, 1, 1, 0, 2, 1, 1, 0, 0, 0, 0, 1, 1, 2, 1, 2, 2, 0, 0, 2, 1, 0, 1, 2, 1, 2, 1, 1, 1, 1, 1, 1, 2, 1, 1, 2, 0, 0, 0, 0, 2, 1, 2, 0, 1, 0, 0, 0, 0, 0, 2, 0, 1, 0, 0, 1, 0, 1, 2, 2]|[4, 3, 2, 2, 0, 0, 1, 2, 1, 4, 1, 0, 2, 4, 4, 1, 1, 4, 2, 1, 1, 0, 1, 2, 1, 1, 1, 1, 1, 3, 2, 3, 0, 4, 0, 1, 1, 0, 3, 2, 2, 4, 0, 1, 1, 0, 2, 0, 1, 2, 2, 1, 4, 0, 3, 2, 1, 1, 2, 1, 3, 1, 1, 1, 3, 0, 4, 3, 1, 4, 1, 2, 1, 4, 4, 1, 2, 1, 1, 1, 1, 3, 1, 1, 1, 1, 1, 1, 2, 2, 0, 2, 4, 1, 2, 1, 2, 3, 1, 1]|[2, 2, 1, 1, 3, 3, 0, 1, 0, 0, 0, 1, 1, 0, 1, 0, 0, 3, 1, 0, 0, 0, 3, 1, 0, 0, 0, 0, 1, 0, 0, 0, 0, 3, 0, 1, 0, 0, 2, 1, 1, 2, 0, 0, 0, 0, 1, 1, 0, 0, 0, 1, 3, 0, 0, 1, 0, 0, 1, 0, 2, 0, 1, 0, 2, 1, 0, 0, 1, 1, 3, 2, 0, 0, 3, 0, 1, 0, 0, 0, 0, 0, 0, 0, 1, 0, 0, 0, 1, 1, 1, 0, 3, 1, 0, 1, 0, 2, 0, 0],701.9269445084548,58814.16448267554,96724.70889609086,false
60,G4_BALANCED,G3_TWC,[31, 22, 42, 15, 26, 58, 95, 82, 77, 12, 47, 5, 93, 78, 98, 54, 85, 63, 18, 44, 20, 35, 43, 97, 91, 76, 10, 30, 21, 45, 71, 64, 1, 23, 17, 83, 24, 61, 60, 49, 6, 57, 94, 88, 65, 56, 79, 40, 67, 68, 46, 75, 38, 9, 19, 32, 81, 41, 27, 62, 87, 90, 99, 59, 11, 16, 72, 73, 70, 39, 37, 84, 3, 92, 25, 55, 28, 29, 51, 7, 53, 14, 86, 48, 89, 50, 66, 96, 33, 80, 4, 8, 34, 36, 74, 52, 13, 2, 69, 0]|[1, 1, 0, 1, 1, 1, 2, 1, 2, 1, 2, 2, 2, 1, 1, 0, 0, 1, 0, 2, 2, 0, 1, 2, 0, 1, 2, 2, 0, 0, 1, 2, 1, 0, 1, 0, 2, 0, 1, 1, 0, 1, 1, 1, 0, 2, 1, 1, 0, 0, 0, 0, 1, 1, 2, 1, 2, 0, 0, 0, 2, 1, 0, 1, 2, 1, 2, 1, 1, 1, 1, 1, 2, 0, 1, 1, 0, 0, 0, 1, 0, 1, 0, 0, 1, 0, 0, 2, 2, 0, 0, 1, 2, 0, 2, 1, 0, 0, 1, 0]|[4, 3, 2, 2, 0, 0, 2, 2, 2, 4, 1, 1, 2, 4, 4, 1, 1, 4, 2, 1, 1, 1, 1, 2, 1, 2, 1, 1, 1, 1, 3, 2, 3, 0, 4, 0, 1, 1, 0, 3, 2, 2, 4, 0, 1, 1, 3, 2, 0, 1, 2, 2, 1, 4, 0, 3, 2, 1, 1, 2, 1, 3, 1, 1, 1, 3, 0, 4, 3, 1, 4, 1, 1, 2, 4, 4, 2, 1, 1, 3, 2, 3, 1, 1, 1, 1, 1, 1, 1, 1, 2, 3, 1, 1, 1, 1, 2, 2, 3, 2]|[0, 2, 1, 1, 3, 3, 0, 1, 0, 0, 0, 0, 1, 0, 1, 0, 0, 3, 1, 0, 0, 0, 3, 1, 0, 2, 0, 0, 0, 1, 0, 0, 0, 0, 3, 0, 1, 0, 0, 2, 1, 1, 2, 0, 0, 0, 0, 1, 1, 0, 0, 0, 1, 3, 0, 0, 1, 0, 0, 1, 0, 2, 0, 1, 0, 2, 1, 0, 0, 1, 1, 3, 0, 1, 3, 3, 1, 0, 0, 2, 1, 0, 0, 0, 1, 0, 0, 0, 0, 0, 1, 2, 0, 1, 0, 1, 0, 0, 0, 0],801.1495163504862,57433.031234302405,87244.12406370799,true
60,G2_TEC,G2_TEC,[20, 94, 66, 15, 26, 9, 95, 42, 77, 68, 47, 5, 3, 14, 86, 54, 85, 63, 18, 44, 31, 49, 36, 78, 74, 50, 53, 17, 21, 28, 11, 64, 93, 23, 30, 83, 24, 41, 40, 52, 65, 27, 90, 70, 39, 87, 48, 69, 99, 4, 46, 1, 13, 56, 97, 59, 45, 8, 73, 37, 35, 79, 71, 82, 76, 32, 60, 80, 58, 6, 67, 61, 33, 7, 57, 34, 12, 16, 10, 22, 96, 88, 43, 81, 91, 2, 84, 29, 92, 19, 51, 89, 38, 25, 72, 75, 98, 62, 55, 0]|[2, 1, 2, 1, 1, 2, 1, 1, 1, 1, 1, 0, 2, 2, 1, 2, 0, 0, 0, 2, 2, 1, 0, 2, 0, 2, 2, 1, 0, 1, 1, 1, 0, 0, 1, 0, 2, 1, 2, 2, 0, 0, 1, 1, 0, 2, 0, 2, 1, 0, 0, 2, 0, 2, 2, 0, 1, 1, 0, 0, 2, 1, 1, 2, 2, 0, 2, 2, 2, 1, 2, 1, 1, 2, 0, 1, 1, 2, 1, 2, 0, 1, 1, 1, 1, 0, 0, 1, 0, 1, 1, 1, 0, 1, 1, 0, 2, 1, 0, 0]|[1, 3, 1, 3, 4, 1, 4, 4, 4, 4, 3, 2, 1, 0, 2, 1, 1, 1, 2, 1, 1, 3, 0, 1, 0, 1, 1, 4, 1, 4, 3, 2, 2, 0, 4, 1, 1, 4, 1, 1, 2, 1, 4, 4, 1, 1, 0, 1, 3, 2, 2, 1, 2, 1, 1, 2, 4, 3, 0, 2, 1, 3, 3, 1, 1, 2, 1, 1, 1, 4, 1, 3, 4, 1, 2, 4, 3, 1, 3, 1, 2, 4, 4, 4, 3, 2, 2, 3, 2, 4, 3, 4, 2, 4, 4, 2, 1, 3, 2, 2]|[0, 2, 0, 0, 3, 0, 1, 3, 1, 0, 2, 0, 1, 0, 1, 0, 0, 0, 1, 0, 0, 2, 0, 0, 1, 0, 0, 3, 0, 1, 0, 2, 0, 0, 3, 0, 1, 1, 0, 0, 0, 0, 1, 3, 0, 0, 1, 0, 2, 0, 0, 0, 0, 0, 1, 0, 1, 0, 1, 1, 0, 2, 0, 0, 0, 0, 0, 0, 0, 2, 0, 0, 1, 0, 0, 1, 0, 0, 3, 0, 0, 1, 2, 2, 0, 0, 0, 3, 0, 1, 0, 1, 0, 3, 1, 0, 0, 0, 0, 0],910.6016522559228,48196.44872629531,105119.71286620182,false
60,G3_TWC,G3_TWC,[31, 22, 42, 15, 26, 58, 95, 82, 77, 12, 47, 5, 93, 78, 98, 54, 85, 63, 18, 44, 20, 35, 43, 97, 91, 76, 10, 30, 21, 45, 71, 64, 1, 23, 17, 83, 24, 61, 60, 49, 6, 57, 94, 88, 65, 56, 79, 40, 67, 68, 46, 75, 0, 9, 19, 32, 81, 41, 27, 62, 87, 90, 99, 59, 53, 16, 72, 73, 70, 39, 37, 84, 3, 92, 25, 74, 28, 38, 51, 7, 11, 14, 86, 48, 89, 66, 50, 96, 33, 80, 8, 4, 34, 36, 55, 52, 13, 29, 69, 2]|[1, 1, 0, 1, 1, 1, 2, 1, 2, 1, 2, 2, 2, 1, 1, 0, 0, 1, 0, 2, 2, 0, 1, 2, 0, 1, 2, 2, 0, 0, 1, 2, 1, 0, 1, 0, 2, 0, 1, 1, 0, 1, 1, 1, 0, 2, 1, 1, 0, 0, 0, 0, 1, 1, 2, 1, 2, 0, 0, 0, 2, 1, 0, 1, 0, 1, 2, 1, 1, 1, 1, 1, 2, 0, 1, 2, 0, 0, 0, 1, 0, 1, 0, 0, 1, 0, 0, 0, 2, 0, 1, 0, 2, 0, 1, 1, 0, 0, 1, 0]|[4, 3, 2, 2, 0, 0, 2, 2, 2, 4, 1, 1, 2, 4, 4, 1, 1, 4, 2, 1, 1, 1, 1, 2, 1, 2, 1, 1, 1, 1, 3, 2, 3, 0, 4, 0, 1, 1, 0, 3, 2, 2, 4, 0, 1, 1, 3, 2, 0, 1, 2, 2, 1, 4, 0, 3, 2, 1, 1, 2, 1, 3, 1, 1, 2, 3, 0, 4, 3, 1, 4, 1, 1, 2, 4, 1, 2, 1, 1, 3, 2, 3, 1, 1, 1, 1, 1, 1, 1, 1, 3, 2, 1, 1, 4, 1, 2, 2, 3, 2]|[0, 2, 1, 1, 3, 3, 0, 1, 0, 0, 0, 0, 1, 0, 1, 0, 0, 3, 1, 0, 0, 0, 3, 1, 0, 2, 0, 0, 0, 1, 0, 0, 0, 0, 3, 0, 1, 0, 0, 2, 1, 1, 2, 0, 0, 0, 0, 1, 1, 0, 0, 0, 1, 3, 0, 0, 1, 0, 0, 1, 0, 2, 0, 1, 1, 2, 1, 0, 0, 1, 1, 3, 0, 1, 3, 0, 1, 0, 0, 2, 1, 0, 0, 0, 1, 0, 0, 0, 0, 0, 2, 1, 0, 1, 3, 1, 0, 0, 0, 0],843.7439659666079,57777.80974073964,86440.68470675517,false
60,G1_CMAX,G1_CMAX,[31, 22, 42, 15, 26, 58, 95, 82, 77, 12, 47, 5, 93, 78, 98, 85, 54, 63, 18, 44, 20, 35, 43, 97, 91, 10, 30, 21, 61, 71, 64, 1, 23, 17, 83, 24, 50, 60, 36, 6, 57, 94, 88, 65, 56, 79, 40, 67, 68, 46, 75, 38, 9, 19, 32, 81, 41, 27, 62, 87, 90, 99, 59, 11, 16, 72, 73, 70, 39, 37, 84, 76, 3, 92, 25, 74, 28, 7, 51, 29, 33, 14, 86, 66, 89, 45, 80, 96, 53, 4, 48, 2, 55, 49, 0, 52, 13, 8, 69, 34]|[1, 1, 1, 1, 1, 1, 2, 1, 2, 1, 2, 0, 2, 1, 1, 0, 0, 1, 0, 2, 2, 2, 1, 2, 0, 2, 2, 0, 0, 1, 2, 1, 2, 1, 0, 2, 0, 1, 1, 0, 1, 1, 1, 0, 2, 1, 1, 0, 0, 0, 0, 1, 1, 2, 1, 2, 2, 0, 0, 2, 1, 0, 1, 2, 1, 2, 1, 1, 1, 1, 1, 1, 2, 1, 1, 2, 0, 0, 0, 0, 2, 1, 2, 0, 1, 0, 0, 0, 0, 0, 2, 0, 1, 0, 0, 1, 0, 1, 2, 2]|[4, 3, 2, 2, 0, 0, 1, 2, 1, 4, 1, 0, 2, 4, 4, 1, 1, 4, 2, 1, 1, 0, 1, 2, 1, 1, 1, 1, 1, 3, 2, 3, 0, 4, 0, 1, 1, 0, 3, 2, 2, 4, 0, 1, 1, 0, 2, 0, 1, 2, 2, 1, 4, 0, 3, 2, 1, 1, 2, 1, 3, 1, 1, 1, 3, 0, 4, 3, 1, 4, 1, 2, 1, 4, 4, 1, 2, 1, 1, 1, 1, 3, 1, 1, 1, 1, 1, 1, 2, 2, 0, 2, 4, 1, 2, 1, 2, 3, 1, 1]|[2, 2, 1, 1, 3, 3, 0, 1, 0, 0, 0, 1, 1, 0, 1, 0, 0, 3, 1, 0, 0, 0, 3, 1, 0, 0, 0, 0, 1, 0, 0, 0, 0, 3, 0, 1, 0, 0, 2, 1, 1, 2, 0, 0, 0, 0, 1, 1, 0, 0, 0, 1, 3, 0, 0, 1, 0, 0, 1, 0, 2, 0, 1, 0, 2, 1, 0, 0, 1, 1, 3, 2, 0, 0, 3, 0, 1, 0, 0, 0, 0, 0, 0, 0, 1, 0, 0, 0, 1, 1, 1, 0, 3, 1, 0, 1, 0, 2, 0, 0],701.9269445084548,58814.16448267554,96724.70889609086,false
60,G4_BALANCED,G1_CMAX,[31, 22, 42, 15, 26, 58, 95, 82, 77, 12, 47, 5, 93, 78, 98, 54, 85, 63, 18, 44, 20, 35, 43, 97, 91, 76, 10, 30, 21, 45, 71, 64, 1, 23, 17, 83, 24, 61, 60, 49, 6, 57, 94, 88, 65, 56, 79, 40, 67, 68, 46, 50, 38, 9, 19, 32, 81, 41, 27, 62, 87, 90, 99, 59, 11, 16, 72, 73, 70, 39, 37, 84, 3, 92, 25, 74, 28, 0, 51, 7, 53, 14, 86, 48, 89, 66, 75, 96, 33, 80, 4, 8, 34, 55, 29, 52, 13, 2, 69, 36]|[1, 1, 0, 1, 1, 1, 2, 1, 2, 1, 2, 2, 2, 1, 1, 0, 0, 1, 0, 2, 2, 0, 1, 2, 0, 1, 2, 2, 0, 0, 1, 2, 1, 2, 1, 0, 2, 0, 1, 1, 0, 1, 1, 1, 0, 2, 1, 1, 0, 0, 0, 0, 1, 1, 2, 1, 2, 2, 0, 0, 2, 1, 0, 1, 2, 1, 2, 1, 1, 1, 1, 1, 2, 0, 1, 2, 0, 1, 0, 1, 0, 1, 0, 2, 1, 0, 0, 0, 2, 0, 0, 1, 2, 1, 0, 1, 0, 0, 1, 0]|[4, 3, 2, 2, 0, 0, 2, 2, 2, 4, 1, 1, 2, 4, 4, 1, 1, 4, 2, 1, 1, 1, 1, 2, 1, 2, 1, 1, 1, 1, 3, 2, 3, 1, 4, 0, 1, 1, 0, 3, 2, 2, 4, 0, 1, 1, 3, 2, 0, 1, 2, 2, 1, 4, 0, 3, 2, 1, 1, 2, 1, 3, 1, 1, 1, 3, 0, 4, 3, 1, 4, 1, 1, 2, 4, 1, 2, 1, 1, 3, 2, 3, 1, 1, 1, 1, 1, 1, 1, 1, 2, 3, 1, 4, 1, 1, 2, 2, 3, 1]|[0, 2, 1, 1, 3, 3, 0, 1, 0, 0, 0, 0, 1, 0, 1, 0, 0, 3, 1, 0, 0, 0, 3, 1, 0, 2, 0, 0, 0, 0, 0, 0, 0, 0, 3, 0, 1, 0, 0, 2, 1, 1, 2, 0, 0, 0, 0, 1, 1, 0, 0, 0, 1, 3, 0, 0, 1, 0, 0, 1, 0, 2, 0, 1, 0, 2, 1, 0, 0, 1, 1, 3, 0, 1, 3, 0, 1, 1, 0, 2, 1, 0, 0, 0, 1, 0, 0, 0, 0, 0, 1, 2, 0, 3, 0, 1, 0, 0, 0, 1],713.7855068527729,57012.96995817394,90044.4817062256,true
60,G2_TEC,G2_TEC,[20, 94, 66, 15, 26, 9, 95, 42, 77, 68, 47, 5, 3, 14, 86, 54, 85, 63, 18, 44, 31, 49, 36, 78, 74, 50, 53, 17, 21, 28, 11, 64, 93, 23, 30, 83, 24, 41, 40, 52, 65, 27, 90, 70, 39, 87, 48, 69, 99, 4, 46, 1, 13, 56, 97, 59, 45, 8, 73, 37, 35, 79, 71, 82, 76, 32, 60, 80, 58, 6, 67, 61, 33, 7, 57, 34, 12, 16, 10, 22, 96, 88, 43, 81, 91, 2, 84, 29, 92, 19, 51, 89, 38, 25, 72, 75, 98, 62, 55, 0]|[2, 1, 2, 1, 1, 2, 1, 1, 1, 1, 1, 0, 2, 2, 1, 2, 0, 0, 0, 2, 2, 1, 0, 2, 0, 2, 2, 1, 0, 1, 1, 1, 0, 0, 1, 0, 2, 1, 2, 2, 0, 0, 1, 1, 0, 2, 0, 2, 1, 0, 0, 2, 0, 2, 2, 0, 1, 1, 0, 0, 2, 1, 1, 2, 2, 0, 2, 2, 2, 1, 2, 1, 1, 2, 0, 1, 1, 2, 1, 2, 0, 1, 1, 1, 1, 0, 0, 1, 0, 1, 1, 1, 0, 1, 1, 0, 2, 1, 0, 0]|[1, 3, 1, 3, 4, 1, 4, 4, 4, 4, 3, 2, 1, 0, 2, 1, 1, 1, 2, 1, 1, 3, 0, 1, 0, 1, 1, 4, 1, 4, 3, 2, 2, 0, 4, 1, 1, 4, 1, 1, 2, 1, 4, 4, 1, 1, 0, 1, 3, 2, 2, 1, 2, 1, 1, 2, 4, 3, 0, 2, 1, 3, 3, 1, 1, 2, 1, 1, 1, 4, 1, 3, 4, 1, 2, 4, 3, 1, 3, 1, 2, 4, 4, 4, 3, 2, 2, 3, 2, 4, 3, 4, 2, 4, 4, 2, 1, 3, 2, 2]|[0, 2, 0, 0, 3, 0, 1, 3, 1, 0, 2, 0, 1, 0, 1, 0, 0, 0, 1, 0, 0, 2, 0, 0, 1, 0, 0, 3, 0, 1, 0, 2, 0, 0, 3, 0, 1, 1, 0, 0, 0, 0, 1, 3, 0, 0, 1, 0, 2, 0, 0, 0, 0, 0, 1, 0, 1, 0, 1, 1, 0, 2, 0, 0, 0, 0, 0, 0, 0, 2, 0, 0, 1, 0, 0, 1, 0, 0, 3, 0, 0, 1, 2, 2, 0, 0, 0, 3, 0, 1, 0, 1, 0, 3, 1, 0, 0, 0, 0, 0],910.6016522559228,48196.44872629531,105119.71286620182,false
60,G3_TWC,G3_TWC,[31, 22, 42, 15, 26, 58, 95, 82, 77, 12, 47, 5, 93, 78, 98, 54, 85, 63, 18, 44, 20, 35, 43, 97, 91, 76, 10, 30, 21, 45, 71, 64, 1, 23, 17, 83, 24, 61, 60, 49, 6, 57, 94, 88, 65, 56, 79, 40, 67, 68, 46, 75, 0, 9, 19, 32, 81, 41, 27, 62, 87, 90, 99, 59, 53, 16, 72, 73, 70, 39, 37, 84, 3, 92, 25, 74, 28, 38, 51, 7, 11, 14, 86, 48, 89, 66, 50, 96, 33, 80, 8, 4, 34, 36, 55, 52, 13, 29, 69, 2]|[1, 1, 0, 1, 1, 1, 2, 1, 2, 1, 2, 2, 2, 1, 1, 0, 0, 1, 0, 2, 2, 0, 1, 2, 0, 1, 2, 2, 0, 0, 1, 2, 1, 0, 1, 0, 2, 0, 1, 1, 0, 1, 1, 1, 0, 2, 1, 1, 0, 0, 0, 0, 1, 1, 2, 1, 2, 0, 0, 0, 2, 1, 0, 1, 0, 1, 2, 1, 1, 1, 1, 1, 2, 0, 1, 2, 0, 0, 0, 1, 0, 1, 0, 0, 1, 0, 0, 0, 2, 0, 1, 0, 2, 0, 1, 1, 0, 0, 1, 0]|[4, 3, 2, 2, 0, 0, 2, 2, 2, 4, 1, 1, 2, 4, 4, 1, 1, 4, 2, 1, 1, 1, 1, 2, 1, 2, 1, 1, 1, 1, 3, 2, 3, 0, 4, 0, 1, 1, 0, 3, 2, 2, 4, 0, 1, 1, 3, 2, 0, 1, 2, 2, 1, 4, 0, 3, 2, 1, 1, 2, 1, 3, 1, 1, 2, 3, 0, 4, 3, 1, 4, 1, 1, 2, 4, 1, 2, 1, 1, 3, 2, 3, 1, 1, 1, 1, 1, 1, 1, 1, 3, 2, 1, 1, 4, 1, 2, 2, 3, 2]|[0, 2, 1, 1, 3, 3, 0, 1, 0, 0, 0, 0, 1, 0, 1, 0, 0, 3, 1, 0, 0, 0, 3, 1, 0, 2, 0, 0, 0, 1, 0, 0, 0, 0, 3, 0, 1, 0, 0, 2, 1, 1, 2, 0, 0, 0, 0, 1, 1, 0, 0, 0, 1, 3, 0, 0, 1, 0, 0, 1, 0, 2, 0, 1, 1, 2, 1, 0, 0, 1, 1, 3, 0, 1, 3, 0, 1, 0, 0, 2, 1, 0, 0, 0, 1, 0, 0, 0, 0, 0, 2, 1, 0, 1, 3, 1, 0, 0, 0, 0],843.7439659666079,57777.80974073964,86440.68470675517,false
60,G1_CMAX,G1_CMAX,[31, 22, 42, 15, 26, 58, 95, 82, 77, 12, 47, 5, 93, 78, 98, 85, 54, 63, 18, 44, 20, 35, 43, 97, 91, 10, 30, 21, 61, 71, 64, 1, 23, 17, 83, 24, 50, 60, 36, 6, 57, 94, 88, 65, 56, 79, 40, 67, 68, 46, 75, 38, 9, 19, 32, 81, 41, 27, 62, 87, 90, 99, 59, 11, 16, 72, 73, 70, 39, 37, 84, 76, 3, 92, 25, 74, 28, 7, 51, 29, 33, 14, 86, 66, 89, 45, 80, 96, 53, 4, 48, 2, 55, 49, 0, 52, 13, 8, 69, 34]|[1, 1, 1, 1, 1, 1, 2, 1, 2, 1, 2, 0, 2, 1, 1, 0, 0, 1, 0, 2, 2, 2, 1, 2, 0, 2, 2, 0, 0, 1, 2, 1, 2, 1, 0, 2, 0, 1, 1, 0, 1, 1, 1, 0, 2, 1, 1, 0, 0, 0, 0, 1, 1, 2, 1, 2, 2, 0, 0, 2, 1, 0, 1, 2, 1, 2, 1, 1, 1, 1, 1, 1, 2, 1, 1, 2, 0, 0, 0, 0, 2, 1, 2, 0, 1, 0, 0, 0, 0, 0, 2, 0, 1, 0, 0, 1, 0, 1, 2, 2]|[4, 3, 2, 2, 0, 0, 1, 2, 1, 4, 1, 0, 2, 4, 4, 1, 1, 4, 2, 1, 1, 0, 1, 2, 1, 1, 1, 1, 1, 3, 2, 3, 0, 4, 0, 1, 1, 0, 3, 2, 2, 4, 0, 1, 1, 0, 2, 0, 1, 2, 2, 1, 4, 0, 3, 2, 1, 1, 2, 1, 3, 1, 1, 1, 3, 0, 4, 3, 1, 4, 1, 2, 1, 4, 4, 1, 2, 1, 1, 1, 1, 3, 1, 1, 1, 1, 1, 1, 2, 2, 0, 2, 4, 1, 2, 1, 2, 3, 1, 1]|[2, 2, 1, 1, 3, 3, 0, 1, 0, 0, 0, 1, 1, 0, 1, 0, 0, 3, 1, 0, 0, 0, 3, 1, 0, 0, 0, 0, 1, 0, 0, 0, 0, 3, 0, 1, 0, 0, 2, 1, 1, 2, 0, 0, 0, 0, 1, 1, 0, 0, 0, 1, 3, 0, 0, 1, 0, 0, 1, 0, 2, 0, 1, 0, 2, 1, 0, 0, 1, 1, 3, 2, 0, 0, 3, 0, 1, 0, 0, 0, 0, 0, 0, 0, 1, 0, 0, 0, 1, 1, 1, 0, 3, 1, 0, 1, 0, 2, 0, 0],701.9269445084548,58814.16448267554,96724.70889609086,false
60,G4_BALANCED,G4_BALANCED,[31, 22, 82, 15, 26, 9, 42, 95, 77, 12, 47, 5, 93, 78, 86, 54, 85, 63, 18, 44, 20, 35, 43, 97, 91, 76, 10, 30, 21, 45, 71, 64, 1, 23, 17, 83, 24, 14, 60, 36, 6, 57, 94, 88, 65, 56, 79, 40, 67, 68, 46, 75, 38, 58, 19, 32, 41, 81, 27, 62, 87, 90, 99, 11, 16, 72, 73, 70, 39, 37, 84, 3, 92, 25, 55, 59, 28, 29, 51, 7, 33, 61, 98, 48, 89, 50, 4, 34, 53, 80, 8, 66, 96, 49, 52, 0, 74, 69, 2, 13]|[1, 1, 0, 1, 1, 0, 1, 2, 2, 1, 2, 2, 2, 1, 1, 0, 0, 1, 0, 2, 2, 0, 1, 2, 0, 1, 2, 2, 0, 0, 1, 2, 1, 2, 1, 0, 2, 0, 1, 1, 0, 1, 1, 1, 0, 2, 2, 1, 0, 0, 0, 0, 1, 1, 2, 1, 0, 2, 0, 0, 2, 1, 1, 2, 1, 2, 1, 1, 1, 1, 1, 1, 0, 1, 2, 0, 0, 0, 0, 1, 2, 1, 2, 0, 1, 0, 1, 2, 0, 0, 0, 2, 2, 0, 1, 0, 2, 1, 0, 0]|[4, 3, 2, 2, 4, 1, 2, 2, 2, 4, 1, 1, 2, 4, 4, 1, 1, 4, 2, 1, 1, 1, 1, 2, 1, 2, 1, 1, 2, 1, 3, 2, 3, 1, 4, 0, 1, 1, 0, 3, 2, 2, 2, 0, 1, 1, 1, 4, 0, 1, 2, 2, 1, 4, 0, 3, 1, 1, 1, 2, 1, 3, 1, 1, 3, 0, 4, 3, 1, 4, 1, 1, 2, 4, 1, 2, 2, 1, 1, 3, 1, 3, 1, 1, 1, 1, 4, 1, 2, 1, 1, 1, 1, 1, 1, 2, 1, 4, 2, 2]|[0, 2, 1, 1, 3, 0, 1, 0, 0, 0, 0, 0, 1, 0, 1, 0, 0, 3, 1, 0, 0, 0, 3, 1, 0, 2, 0, 0, 0, 1, 0, 0, 0, 0, 3, 0, 1, 0, 0, 2, 1, 1, 1, 0, 0, 0, 0, 2, 1, 0, 0, 0, 1, 3, 0, 0, 0, 0, 0, 1, 0, 2, 1, 0, 2, 1, 0, 0, 1, 1, 3, 1, 0, 3, 0, 1, 1, 0, 0, 2, 0, 0, 0, 0, 1, 0, 0, 0, 1, 0, 0, 0, 0, 1, 1, 0, 0, 2, 0, 0],784.3406839325794,55395.73375701614,93775.6464611301,false
60,G2_TEC,G1_CMAX,[31, 22, 42, 15, 26, 58, 95, 82, 77, 12, 47, 5, 93, 78, 98, 54, 85, 63, 18, 44, 20, 35, 43, 97, 91, 76, 10, 30, 21, 45, 71, 64, 1, 23, 17, 83, 24, 61, 60, 49, 6, 57, 94, 88, 65, 56, 79, 40, 67, 68, 46, 75, 0, 9, 19, 32, 81, 41, 27, 62, 87, 90, 99, 59, 53, 16, 72, 73, 70, 39, 37, 84, 3, 92, 25, 74, 28, 38, 51, 7, 11, 14, 86, 66, 48, 89, 50, 96, 33, 80, 8, 4, 34, 55, 36, 52, 13, 2, 69, 29]|[1, 1, 0, 1, 1, 1, 2, 1, 2, 1, 2, 2, 2, 1, 1, 0, 0, 1, 0, 2, 2, 0, 1, 2, 0, 1, 2, 2, 0, 0, 1, 2, 1, 0, 1, 0, 2, 0, 1, 1, 0, 1, 1, 1, 0, 2, 1, 1, 0, 0, 0, 0, 0, 1, 2, 1, 2, 0, 0, 0, 2, 1, 0, 1, 2, 1, 2, 1, 1, 1, 1, 1, 2, 0, 1, 2, 0, 0, 0, 1, 2, 1, 0, 0, 0, 0, 0, 0, 2, 0, 1, 0, 2, 1, 0, 1, 0, 0, 1, 0]|[4, 3, 2, 2, 0, 0, 2, 2, 2, 4, 1, 1, 2, 4, 4, 1, 1, 4, 2, 1, 1, 1, 1, 2, 1, 2, 1, 1, 1, 1, 3, 2, 3, 0, 4, 0, 1, 1, 0, 3, 2, 2, 4, 0, 1, 1, 3, 2, 0, 1, 2, 2, 2, 4, 0, 3, 2, 1, 1, 2, 1, 3, 1, 1, 1, 3, 1, 4, 3, 1, 4, 1, 1, 2, 4, 1, 2, 1, 1, 3, 1, 3, 1, 1, 1, 1, 1, 1, 1, 1, 3, 2, 1, 4, 1, 1, 2, 2, 3, 2]|[0, 2, 1, 1, 3, 3, 0, 1, 0, 0, 0, 0, 1, 0, 1, 0, 0, 3, 1, 0, 0, 0, 3, 1, 0, 2, 0, 0, 0, 1, 0, 0, 0, 0, 3, 0, 1, 0, 0, 2, 1, 1, 2, 0, 0, 0, 0, 1, 1, 0, 0, 0, 0, 3, 0, 0, 1, 0, 0, 1, 0, 2, 0, 1, 0, 2, 0, 0, 0, 1, 1, 3, 0, 1, 3, 0, 1, 0, 0, 2, 0, 0, 0, 0, 0, 0, 0, 0, 0, 0, 2, 1, 0, 3, 1, 1, 0, 0, 0, 0],880.0707321412119,56151.016085523726,90814.08762986392,true
60,G3_TWC,G3_TWC,[31, 22, 42, 15, 26, 58, 95, 82, 77, 12, 47, 5, 93, 78, 98, 54, 85, 63, 18, 44, 20, 35, 43, 97, 91, 76, 10, 30, 21, 45, 71, 64, 1, 23, 17, 83, 24, 61, 60, 49, 6, 57, 94, 88, 65, 56, 79, 40, 67, 68, 46, 75, 0, 9, 19, 32, 81, 41, 27, 62, 87, 90, 99, 59, 53, 16, 72, 73, 70, 39, 37, 84, 3, 92, 25, 74, 28, 38, 51, 7, 11, 14, 86, 48, 89, 66, 50, 96, 33, 80, 8, 4, 34, 36, 55, 52, 13, 29, 69, 2]|[1, 1, 0, 1, 1, 1, 2, 1, 2, 1, 2, 2, 2, 1, 1, 0, 0, 1, 0, 2, 2, 0, 1, 2, 0, 1, 2, 2, 0, 0, 1, 2, 1, 0, 1, 0, 2, 0, 1, 1, 0, 1, 1, 1, 0, 2, 1, 1, 0, 0, 0, 0, 1, 1, 2, 1, 2, 0, 0, 0, 2, 1, 0, 1, 0, 1, 2, 1, 1, 1, 1, 1, 2, 0, 1, 2, 0, 0, 0, 1, 0, 1, 0, 0, 1, 0, 0, 0, 2, 0, 1, 0, 2, 0, 1, 1, 0, 0, 1, 0]|[4, 3, 2, 2, 0, 0, 2, 2, 2, 4, 1, 1, 2, 4, 4, 1, 1, 4, 2, 1, 1, 1, 1, 2, 1, 2, 1, 1, 1, 1, 3, 2, 3, 0, 4, 0, 1, 1, 0, 3, 2, 2, 4, 0, 1, 1, 3, 2, 0, 1, 2, 2, 1, 4, 0, 3, 2, 1, 1, 2, 1, 3, 1, 1, 2, 3, 0, 4, 3, 1, 4, 1, 1, 2, 4, 1, 2, 1, 1, 3, 2, 3, 1, 1, 1, 1, 1, 1, 1, 1, 3, 2, 1, 1, 4, 1, 2, 2, 3, 2]|[0, 2, 1, 1, 3, 3, 0, 1, 0, 0, 0, 0, 1, 0, 1, 0, 0, 3, 1, 0, 0, 0, 3, 1, 0, 2, 0, 0, 0, 1, 0, 0, 0, 0, 3, 0, 1, 0, 0, 2, 1, 1, 2, 0, 0, 0, 0, 1, 1, 0, 0, 0, 1, 3, 0, 0, 1, 0, 0, 1, 0, 2, 0, 1, 1, 2, 1, 0, 0, 1, 1, 3, 0, 1, 3, 0, 1, 0, 0, 2, 1, 0, 0, 0, 1, 0, 0, 0, 0, 0, 2, 1, 0, 1, 3, 1, 0, 0, 0, 0],843.7439659666079,57777.80974073964,86440.68470675517,false
60,G1_CMAX,G1_CMAX,[31, 22, 42, 15, 26, 58, 95, 82, 77, 12, 47, 5, 93, 78, 98, 85, 54, 63, 18, 44, 20, 35, 43, 97, 91, 10, 30, 21, 61, 71, 64, 1, 23, 17, 83, 24, 50, 60, 36, 6, 57, 94, 88, 65, 56, 79, 40, 67, 68, 46, 75, 38, 9, 19, 32, 81, 41, 27, 62, 87, 90, 99, 59, 11, 16, 72, 73, 70, 39, 37, 84, 76, 3, 92, 25, 74, 28, 7, 51, 29, 33, 14, 86, 66, 89, 45, 80, 96, 53, 4, 48, 2, 55, 49, 0, 52, 13, 8, 69, 34]|[1, 1, 1, 1, 1, 1, 2, 1, 2, 1, 2, 0, 2, 1, 1, 0, 0, 1, 0, 2, 2, 2, 1, 2, 0, 2, 2, 0, 0, 1, 2, 1, 2, 1, 0, 2, 0, 1, 1, 0, 1, 1, 1, 0, 2, 1, 1, 0, 0, 0, 0, 1, 1, 2, 1, 2, 2, 0, 0, 2, 1, 0, 1, 2, 1, 2, 1, 1, 1, 1, 1, 1, 2, 1, 1, 2, 0, 0, 0, 0, 2, 1, 2, 0, 1, 0, 0, 0, 0, 0, 2, 0, 1, 0, 0, 1, 0, 1, 2, 2]|[4, 3, 2, 2, 0, 0, 1, 2, 1, 4, 1, 0, 2, 4, 4, 1, 1, 4, 2, 1, 1, 0, 1, 2, 1, 1, 1, 1, 1, 3, 2, 3, 0, 4, 0, 1, 1, 0, 3, 2, 2, 4, 0, 1, 1, 0, 2, 0, 1, 2, 2, 1, 4, 0, 3, 2, 1, 1, 2, 1, 3, 1, 1, 1, 3, 0, 4, 3, 1, 4, 1, 2, 1, 4, 4, 1, 2, 1, 1, 1, 1, 3, 1, 1, 1, 1, 1, 1, 2, 2, 0, 2, 4, 1, 2, 1, 2, 3, 1, 1]|[2, 2, 1, 1, 3, 3, 0, 1, 0, 0, 0, 1, 1, 0, 1, 0, 0, 3, 1, 0, 0, 0, 3, 1, 0, 0, 0, 0, 1, 0, 0, 0, 0, 3, 0, 1, 0, 0, 2, 1, 1, 2, 0, 0, 0, 0, 1, 1, 0, 0, 0, 1, 3, 0, 0, 1, 0, 0, 1, 0, 2, 0, 1, 0, 2, 1, 0, 0, 1, 1, 3, 2, 0, 0, 3, 0, 1, 0, 0, 0, 0, 0, 0, 0, 1, 0, 0, 0, 1, 1, 1, 0, 3, 1, 0, 1, 0, 2, 0, 0],701.9269445084548,58814.16448267554,96724.70889609086,false
60,G4_BALANCED,G4_BALANCED,[20, 94, 82, 15, 26, 9, 95, 42, 77, 68, 47, 5, 3, 78, 16, 54, 85, 63, 18, 44, 31, 49, 36, 14, 74, 50, 53, 17, 21, 28, 11, 64, 93, 23, 30, 83, 24, 41, 40, 52, 65, 27, 90, 70, 39, 87, 48, 69, 99, 4, 46, 1, 13, 56, 97, 59, 45, 8, 73, 37, 35, 79, 71, 66, 76, 32, 60, 80, 58, 6, 67, 61, 33, 7, 57, 34, 12, 86, 10, 22, 96, 88, 43, 81, 91, 2, 84, 29, 92, 19, 51, 89, 75, 25, 72, 38, 98, 62, 55, 0]|[2, 1, 2, 1, 1, 2, 1, 1, 1, 1, 1, 0, 2, 2, 1, 2, 0, 0, 0, 2, 2, 1, 0, 2, 0, 2, 2, 1, 0, 1, 1, 1, 0, 0, 1, 0, 2, 1, 2, 2, 0, 0, 1, 1, 0, 2, 0, 2, 1, 0, 0, 2, 0, 2, 2, 0, 1, 1, 0, 0, 2, 1, 1, 2, 2, 0, 2, 2, 2, 1, 2, 1, 1, 2, 0, 1, 1, 2, 1, 2, 0, 1, 1, 1, 1, 0, 0, 1, 0, 1, 1, 1, 0, 1, 1, 0, 2, 1, 0, 0]|[1, 3, 0, 3, 4, 1, 4, 4, 4, 4, 3, 2, 1, 0, 2, 1, 1, 1, 2, 1, 1, 3, 0, 1, 0, 1, 1, 4, 1, 4, 3, 2, 2, 0, 4, 1, 1, 4, 1, 1, 2, 1, 4, 4, 1, 1, 0, 1, 3, 2, 2, 1, 2, 1, 1, 2, 4, 3, 0, 2, 1, 3, 3, 1, 1, 2, 1, 1, 1, 4, 1, 3, 4, 1, 2, 4, 3, 1, 3, 1, 2, 4, 4, 4, 3, 2, 2, 3, 2, 4, 3, 4, 2, 4, 4, 2, 1, 3, 2, 2]|[0, 2, 0, 0, 3, 0, 1, 3, 1, 0, 2, 0, 1, 0, 1, 0, 0, 0, 1, 0, 0, 2, 0, 0, 1, 0, 0, 3, 0, 1, 0, 2, 0, 0, 3, 0, 1, 1, 0, 0, 0, 0, 1, 3, 0, 0, 1, 0, 2, 0, 0, 0, 0, 0, 1, 0, 1, 0, 1, 1, 0, 2, 0, 0, 0, 0, 0, 0, 0, 2, 0, 0, 1, 0, 0, 1, 0, 0, 3, 0, 0, 1, 2, 2, 0, 0, 0, 3, 0, 1, 0, 1, 0, 3, 1, 0, 0, 0, 0, 0],908.4763760245834,48249.55404172255,106568.2743596791,false
60,G2_TEC,G2_TEC,[20, 94, 66, 15, 26, 9, 95, 42, 77, 68, 47, 5, 3, 14, 86, 54, 85, 63, 18, 44, 31, 49, 36, 78, 74, 50, 53, 17, 21, 28, 11, 64, 93, 23, 30, 83, 24, 41, 40, 52, 65, 27, 90, 70, 39, 87, 48, 69, 99, 4, 46, 1, 13, 56, 97, 59, 45, 8, 73, 37, 35, 79, 71, 82, 76, 32, 60, 80, 58, 6, 67, 61, 33, 7, 57, 34, 12, 16, 10, 22, 96, 88, 43, 81, 91, 2, 84, 29, 92, 19, 51, 89, 38, 25, 72, 75, 98, 62, 55, 0]|[2, 1, 2, 1, 1, 2, 1, 1, 1, 1, 1, 0, 2, 2, 1, 2, 0, 0, 0, 2, 2, 1, 0, 2, 0, 2, 2, 1, 0, 1, 1, 1, 0, 0, 1, 0, 2, 1, 2, 2, 0, 0, 1, 1, 0, 2, 0, 2, 1, 0, 0, 2, 0, 2, 2, 0, 1, 1, 0, 0, 2, 1, 1, 2, 2, 0, 2, 2, 2, 1, 2, 1, 1, 2, 0, 1, 1, 2, 1, 2, 0, 1, 1, 1, 1, 0, 0, 1, 0, 1, 1, 1, 0, 1, 1, 0, 2, 1, 0, 0]|[1, 3, 1, 3, 4, 1, 4, 4, 4, 4, 3, 2, 1, 0, 2, 1, 1, 1, 2, 1, 1, 3, 0, 1, 0, 1, 1, 4, 1, 4, 3, 2, 2, 0, 4, 1, 1, 4, 1, 1, 2, 1, 4, 4, 1, 1, 0, 1, 3, 2, 2, 1, 2, 1, 1, 2, 4, 3, 0, 2, 1, 3, 3, 1, 1, 2, 1, 1, 1, 4, 1, 3, 4, 1, 2, 4, 3, 1, 3, 1, 2, 4, 4, 4, 3, 2, 2, 3, 2, 4, 3, 4, 2, 4, 4, 2, 1, 3, 2, 2]|[0, 2, 0, 0, 3, 0, 1, 3, 1, 0, 2, 0, 1, 0, 1, 0, 0, 0, 1, 0, 0, 2, 0, 0, 1, 0, 0, 3, 0, 1, 0, 2, 0, 0, 3, 0, 1, 1, 0, 0, 0, 0, 1, 3, 0, 0, 1, 0, 2, 0, 0, 0, 0, 0, 1, 0, 1, 0, 1, 1, 0, 2, 0, 0, 0, 0, 0, 0, 0, 2, 0, 0, 1, 0, 0, 1, 0, 0, 3, 0, 0, 1, 2, 2, 0, 0, 0, 3, 0, 1, 0, 1, 0, 3, 1, 0, 0, 0, 0, 0],910.6016522559228,48196.44872629531,105119.71286620182,false
60,G3_TWC,G3_TWC,[31, 22, 42, 15, 26, 58, 95, 82, 77, 12, 47, 5, 93, 78, 98, 54, 85, 63, 18, 44, 20, 35, 43, 97, 91, 76, 10, 30, 21, 45, 71, 64, 1, 23, 17, 83, 24, 61, 60, 49, 6, 57, 94, 88, 65, 56, 79, 40, 67, 68, 46, 75, 0, 9, 19, 32, 81, 41, 27, 62, 87, 90, 99, 59, 53, 16, 72, 73, 70, 39, 37, 84, 3, 92, 25, 74, 28, 38, 51, 7, 11, 14, 86, 48, 89, 66, 50, 96, 33, 80, 8, 4, 34, 36, 55, 52, 13, 29, 69, 2]|[1, 1, 0, 1, 1, 1, 2, 1, 2, 1, 2, 2, 2, 1, 1, 0, 0, 1, 0, 2, 2, 0, 1, 2, 0, 1, 2, 2, 0, 0, 1, 2, 1, 0, 1, 0, 2, 0, 1, 1, 0, 1, 1, 1, 0, 2, 1, 1, 0, 0, 0, 0, 1, 1, 2, 1, 2, 0, 0, 0, 2, 1, 0, 1, 0, 1, 2, 1, 1, 1, 1, 1, 2, 0, 1, 2, 0, 0, 0, 1, 0, 1, 0, 0, 1, 0, 0, 0, 2, 0, 1, 0, 2, 0, 1, 1, 0, 0, 1, 0]|[4, 3, 2, 2, 0, 0, 2, 2, 2, 4, 1, 1, 2, 4, 4, 1, 1, 4, 2, 1, 1, 1, 1, 2, 1, 2, 1, 1, 1, 1, 3, 2, 3, 0, 4, 0, 1, 1, 0, 3, 2, 2, 4, 0, 1, 1, 3, 2, 0, 1, 2, 2, 1, 4, 0, 3, 2, 1, 1, 2, 1, 3, 1, 1, 2, 3, 0, 4, 3, 1, 4, 1, 1, 2, 4, 1, 2, 1, 1, 3, 2, 3, 1, 1, 1, 1, 1, 1, 1, 1, 3, 2, 1, 1, 4, 1, 2, 2, 3, 2]|[0, 2, 1, 1, 3, 3, 0, 1, 0, 0, 0, 0, 1, 0, 1, 0, 0, 3, 1, 0, 0, 0, 3, 1, 0, 2, 0, 0, 0, 1, 0, 0, 0, 0, 3, 0, 1, 0, 0, 2, 1, 1, 2, 0, 0, 0, 0, 1, 1, 0, 0, 0, 1, 3, 0, 0, 1, 0, 0, 1, 0, 2, 0, 1, 1, 2, 1, 0, 0, 1, 1, 3, 0, 1, 3, 0, 1, 0, 0, 2, 1, 0, 0, 0, 1, 0, 0, 0, 0, 0, 2, 1, 0, 1, 3, 1, 0, 0, 0, 0],843.7439659666079,57777.80974073964,86440.68470675517,false
60,G1_CMAX,G1_CMAX,[31, 22, 42, 15, 26, 58, 95, 82, 77, 12, 47, 5, 93, 78, 98, 85, 54, 63, 18, 44, 20, 35, 43, 97, 91, 10, 30, 21, 61, 71, 64, 1, 23, 17, 83, 24, 50, 60, 36, 6, 57, 94, 88, 65, 56, 79, 40, 67, 68, 46, 75, 38, 9, 19, 32, 81, 41, 27, 62, 87, 90, 99, 59, 11, 16, 72, 73, 70, 39, 37, 84, 76, 3, 92, 25, 74, 28, 7, 51, 29, 33, 14, 86, 66, 89, 45, 80, 96, 53, 4, 48, 2, 55, 49, 0, 52, 13, 8, 69, 34]|[1, 1, 1, 1, 1, 1, 2, 1, 2, 1, 2, 0, 2, 1, 1, 0, 0, 1, 0, 2, 2, 2, 1, 2, 0, 2, 2, 0, 0, 1, 2, 1, 2, 1, 0, 2, 0, 1, 1, 0, 1, 1, 1, 0, 2, 1, 1, 0, 0, 0, 0, 1, 1, 2, 1, 2, 2, 0, 0, 2, 1, 0, 1, 2, 1, 2, 1, 1, 1, 1, 1, 1, 2, 1, 1, 2, 0, 0, 0, 0, 2, 1, 2, 0, 1, 0, 0, 0, 0, 0, 2, 0, 1, 0, 0, 1, 0, 1, 2, 2]|[4, 3, 2, 2, 0, 0, 1, 2, 1, 4, 1, 0, 2, 4, 4, 1, 1, 4, 2, 1, 1, 0, 1, 2, 1, 1, 1, 1, 1, 3, 2, 3, 0, 4, 0, 1, 1, 0, 3, 2, 2, 4, 0, 1, 1, 0, 2, 0, 1, 2, 2, 1, 4, 0, 3, 2, 1, 1, 2, 1, 3, 1, 1, 1, 3, 0, 4, 3, 1, 4, 1, 2, 1, 4, 4, 1, 2, 1, 1, 1, 1, 3, 1, 1, 1, 1, 1, 1, 2, 2, 0, 2, 4, 1, 2, 1, 2, 3, 1, 1]|[2, 2, 1, 1, 3, 3, 0, 1, 0, 0, 0, 1, 1, 0, 1, 0, 0, 3, 1, 0, 0, 0, 3, 1, 0, 0, 0, 0, 1, 0, 0, 0, 0, 3, 0, 1, 0, 0, 2, 1, 1, 2, 0, 0, 0, 0, 1, 1, 0, 0, 0, 1, 3, 0, 0, 1, 0, 0, 1, 0, 2, 0, 1, 0, 2, 1, 0, 0, 1, 1, 3, 2, 0, 0, 3, 0, 1, 0, 0, 0, 0, 0, 0, 0, 1, 0, 0, 0, 1, 1, 1, 0, 3, 1, 0, 1, 0, 2, 0, 0],701.9269445084548,58814.16448267554,96724.70889609086,false
60,G4_BALANCED,G2_TEC,[20, 94, 66, 15, 26, 9, 95, 42, 77, 68, 47, 5, 3, 14, 86, 54, 85, 63, 18, 44, 31, 49, 36, 78, 74, 50, 53, 17, 21, 28, 11, 64, 93, 23, 30, 83, 24, 41, 40, 52, 65, 27, 90, 70, 39, 87, 48, 69, 99, 4, 46, 1, 13, 56, 97, 59, 45, 8, 73, 37, 35, 79, 71, 82, 76, 32, 60, 80, 58, 6, 67, 61, 33, 7, 57, 34, 12, 16, 10, 22, 96, 88, 43, 81, 91, 2, 84, 29, 92, 19, 51, 89, 38, 25, 72, 75, 98, 62, 55, 0]|[2, 1, 2, 1, 1, 2, 1, 1, 1, 1, 1, 0, 2, 2, 1, 2, 0, 0, 0, 2, 2, 1, 0, 2, 0, 2, 2, 1, 0, 1, 1, 1, 0, 0, 1, 0, 2, 1, 2, 2, 0, 0, 1, 1, 0, 2, 0, 2, 1, 0, 0, 2, 0, 2, 2, 0, 1, 1, 0, 0, 2, 1, 1, 2, 2, 0, 2, 2, 2, 1, 2, 1, 1, 2, 0, 1, 1, 2, 1, 2, 0, 1, 1, 1, 1, 0, 0, 1, 0, 1, 1, 1, 0, 1, 1, 0, 2, 1, 0, 0]|[1, 3, 1, 3, 4, 1, 4, 4, 4, 4, 3, 2, 1, 0, 2, 1, 1, 1, 2, 1, 1, 3, 0, 1, 0, 1, 1, 4, 1, 4, 3, 2, 2, 0, 4, 1, 1, 4, 1, 1, 2, 1, 4, 4, 1, 1, 0, 1, 3, 2, 2, 1, 2, 1, 1, 2, 4, 3, 0, 2, 1, 3, 3, 1, 1, 2, 1, 1, 1, 4, 1, 3, 4, 1, 2, 4, 3, 1, 3, 1, 2, 4, 4, 4, 3, 2, 2, 3, 2, 4, 3, 4, 2, 4, 4, 2, 1, 3, 2, 2]|[0, 2, 0, 0, 3, 0, 1, 3, 1, 0, 2, 0, 1, 0, 1, 0, 0, 0, 1, 0, 0, 2, 0, 0, 1, 0, 0, 3, 0, 1, 0, 2, 0, 0, 3, 0, 1, 1, 0, 0, 0, 0, 1, 3, 0, 0, 1, 0, 2, 0, 0, 0, 0, 0, 1, 0, 1, 0, 1, 1, 0, 2, 0, 0, 0, 0, 0, 0, 0, 2, 0, 0, 1, 0, 0, 1, 0, 0, 3, 0, 0, 1, 2, 2, 0, 0, 0, 3, 0, 1, 0, 1, 0, 3, 1, 0, 0, 0, 0, 0],910.6016522559228,48196.44872629531,105119.71286620182,true
60,G2_TEC,G2_TEC,[20, 94, 66, 15, 26, 9, 95, 42, 77, 68, 47, 5, 3, 14, 86, 54, 85, 63, 18, 44, 31, 49, 36, 78, 74, 50, 53, 17, 21, 28, 11, 64, 93, 23, 30, 83, 24, 41, 40, 52, 65, 27, 90, 70, 39, 87, 48, 69, 99, 4, 46, 1, 13, 56, 97, 59, 45, 8, 73, 37, 35, 79, 71, 82, 76, 32, 60, 80, 58, 6, 67, 61, 33, 7, 57, 34, 12, 16, 10, 22, 96, 88, 43, 81, 91, 2, 84, 29, 92, 19, 51, 89, 38, 25, 72, 75, 98, 62, 55, 0]|[2, 1, 2, 1, 1, 2, 1, 1, 1, 1, 1, 0, 2, 2, 1, 2, 0, 0, 0, 2, 2, 1, 0, 2, 0, 2, 2, 1, 0, 1, 1, 1, 0, 0, 1, 0, 2, 1, 2, 2, 0, 0, 1, 1, 0, 2, 0, 2, 1, 0, 0, 2, 0, 2, 2, 0, 1, 1, 0, 0, 2, 1, 1, 2, 2, 0, 2, 2, 2, 1, 2, 1, 1, 2, 0, 1, 1, 2, 1, 2, 0, 1, 1, 1, 1, 0, 0, 1, 0, 1, 1, 1, 0, 1, 1, 0, 2, 1, 0, 0]|[1, 3, 1, 3, 4, 1, 4, 4, 4, 4, 3, 2, 1, 0, 2, 1, 1, 1, 2, 1, 1, 3, 0, 1, 0, 1, 1, 4, 1, 4, 3, 2, 2, 0, 4, 1, 1, 4, 1, 1, 2, 1, 4, 4, 1, 1, 0, 1, 3, 2, 2, 1, 2, 1, 1, 2, 4, 3, 0, 2, 1, 3, 3, 1, 1, 2, 1, 1, 1, 4, 1, 3, 4, 1, 2, 4, 3, 1, 3, 1, 2, 4, 4, 4, 3, 2, 2, 3, 2, 4, 3, 4, 2, 4, 4, 2, 1, 3, 2, 2]|[0, 2, 0, 0, 3, 0, 1, 3, 1, 0, 2, 0, 1, 0, 1, 0, 0, 0, 1, 0, 0, 2, 0, 0, 1, 0, 0, 3, 0, 1, 0, 2, 0, 0, 3, 0, 1, 1, 0, 0, 0, 0, 1, 3, 0, 0, 1, 0, 2, 0, 0, 0, 0, 0, 1, 0, 1, 0, 1, 1, 0, 2, 0, 0, 0, 0, 0, 0, 0, 2, 0, 0, 1, 0, 0, 1, 0, 0, 3, 0, 0, 1, 2, 2, 0, 0, 0, 3, 0, 1, 0, 1, 0, 3, 1, 0, 0, 0, 0, 0],910.6016522559228,48196.44872629531,105119.71286620182,false
60,G3_TWC,G1_CMAX,[31, 22, 42, 15, 26, 58, 95, 82, 77, 12, 47, 5, 93, 78, 98, 54, 85, 63, 18, 44, 20, 35, 43, 97, 91, 76, 10, 30, 21, 45, 71, 64, 1, 23, 17, 83, 24, 61, 60, 36, 6, 57, 94, 88, 86, 56, 79, 40, 67, 68, 46, 75, 38, 9, 19, 32, 81, 41, 27, 62, 87, 90, 99, 59, 11, 16, 72, 73, 70, 39, 37, 84, 48, 92, 25, 55, 28, 29, 51, 7, 33, 14, 65, 3, 89, 66, 74, 96, 53, 80, 4, 2, 50, 49, 0, 52, 13, 8, 69, 34]|[1, 1, 0, 1, 1, 1, 2, 1, 2, 1, 2, 2, 2, 1, 1, 0, 0, 1, 0, 2, 2, 0, 1, 2, 0, 1, 2, 2, 0, 0, 1, 2, 1, 2, 1, 0, 2, 0, 1, 1, 0, 1, 1, 1, 0, 2, 1, 1, 0, 0, 0, 0, 1, 1, 2, 1, 2, 0, 0, 0, 2, 1, 0, 1, 2, 1, 2, 1, 1, 1, 1, 1, 2, 0, 1, 1, 0, 0, 0, 1, 2, 0, 0, 2, 1, 2, 2, 0, 0, 0, 0, 0, 2, 0, 0, 1, 0, 1, 1, 2]|[4, 3, 2, 2, 0, 0, 2, 2, 2, 4, 1, 1, 2, 4, 4, 1, 1, 4, 2, 1, 1, 1, 1, 2, 1, 2, 1, 1, 1, 1, 3, 2, 3, 1, 4, 0, 1, 1, 0, 3, 2, 2, 4, 0, 1, 1, 3, 4, 0, 1, 2, 2, 1, 4, 0, 3, 2, 1, 1, 2, 1, 3, 1, 1, 1, 3, 0, 4, 3, 1, 4, 1, 1, 2, 4, 4, 2, 1, 1, 3, 1, 1, 1, 1, 1, 1, 1, 1, 2, 1, 2, 2, 1, 1, 2, 1, 2, 3, 3, 1]|[0, 2, 1, 1, 3, 3, 0, 1, 0, 0, 0, 0, 1, 0, 1, 0, 0, 3, 1, 0, 0, 0, 3, 1, 0, 2, 0, 0, 0, 0, 0, 0, 0, 0, 3, 0, 1, 0, 0, 2, 1, 1, 2, 0, 0, 0, 0, 2, 1, 0, 0, 0, 1, 3, 0, 0, 1, 0, 0, 1, 0, 2, 0, 1, 0, 2, 1, 0, 0, 1, 1, 3, 0, 1, 3, 3, 1, 0, 0, 2, 0, 0, 0, 0, 1, 0, 0, 0, 1, 0, 1, 0, 0, 1, 0, 1, 0, 2, 0, 0],762.5280412111468,56651.94589040631,91164.16324865841,true
60,G1_CMAX,G1_CMAX,[31, 22, 42, 15, 26, 58, 95, 82, 77, 12, 47, 5, 93, 78, 98, 85, 54, 63, 18, 44, 20, 35, 43, 97, 91, 10, 30, 21, 61, 71, 64, 1, 23, 17, 83, 24, 50, 60, 36, 6, 57, 94, 88, 65, 56, 79, 40, 67, 68, 46, 75, 38, 9, 19, 32, 81, 41, 27, 62, 87, 90, 99, 59, 11, 16, 72, 73, 70, 39, 37, 84, 76, 3, 92, 25, 74, 28, 7, 51, 29, 33, 14, 86, 66, 89, 45, 80, 96, 53, 4, 48, 2, 55, 49, 0, 52, 13, 8, 69, 34]|[1, 1, 1, 1, 1, 1, 2, 1, 2, 1, 2, 0, 2, 1, 1, 0, 0, 1, 0, 2, 2, 2, 1, 2, 0, 2, 2, 0, 0, 1, 2, 1, 2, 1, 0, 2, 0, 1, 1, 0, 1, 1, 1, 0, 2, 1, 1, 0, 0, 0, 0, 1, 1, 2, 1, 2, 2, 0, 0, 2, 1, 0, 1, 2, 1, 2, 1, 1, 1, 1, 1, 1, 2, 1, 1, 2, 0, 0, 0, 0, 2, 1, 2, 0, 1, 0, 0, 0, 0, 0, 2, 0, 1, 0, 0, 1, 0, 1, 2, 2]|[4, 3, 2, 2, 0, 0, 1, 2, 1, 4, 1, 0, 2, 4, 4, 1, 1, 4, 2, 1, 1, 0, 1, 2, 1, 1, 1, 1, 1, 3, 2, 3, 0, 4, 0, 1, 1, 0, 3, 2, 2, 4, 0, 1, 1, 0, 2, 0, 1, 2, 2, 1, 4, 0, 3, 2, 1, 1, 2, 1, 3, 1, 1, 1, 3, 0, 4, 3, 1, 4, 1, 2, 1, 4, 4, 1, 2, 1, 1, 1, 1, 3, 1, 1, 1, 1, 1, 1, 2, 2, 0, 2, 4, 1, 2, 1, 2, 3, 1, 1]|[2, 2, 1, 1, 3, 3, 0, 1, 0, 0, 0, 1, 1, 0, 1, 0, 0, 3, 1, 0, 0, 0, 3, 1, 0, 0, 0, 0, 1, 0, 0, 0, 0, 3, 0, 1, 0, 0, 2, 1, 1, 2, 0, 0, 0, 0, 1, 1, 0, 0, 0, 1, 3, 0, 0, 1, 0, 0, 1, 0, 2, 0, 1, 0, 2, 1, 0, 0, 1, 1, 3, 2, 0, 0, 3, 0, 1, 0, 0, 0, 0, 0, 0, 0, 1, 0, 0, 0, 1, 1, 1, 0, 3, 1, 0, 1, 0, 2, 0, 0],701.9269445084548,58814.16448267554,96724.70889609086,false
60,G4_BALANCED,G3_TWC,[31, 22, 42, 15, 26, 58, 95, 82, 77, 12, 47, 5, 93, 78, 98, 54, 85, 63, 18, 44, 20, 35, 43, 97, 91, 76, 10, 30, 21, 45, 71, 64, 1, 23, 17, 83, 24, 61, 60, 49, 6, 57, 94, 88, 65, 56, 79, 40, 67, 68, 46, 75, 38, 9, 19, 32, 81, 41, 27, 62, 87, 90, 99, 59, 53, 16, 72, 73, 70, 39, 37, 84, 3, 92, 25, 74, 28, 0, 51, 7, 33, 14, 86, 66, 89, 50, 4, 96, 11, 80, 48, 8, 29, 36, 55, 52, 13, 2, 69, 34]|[1, 1, 0, 1, 1, 1, 2, 1, 2, 1, 2, 2, 2, 1, 1, 0, 0, 1, 0, 2, 2, 0, 1, 2, 0, 1, 2, 2, 0, 0, 1, 2, 1, 0, 1, 0, 2, 0, 1, 1, 0, 1, 1, 1, 0, 2, 1, 1, 0, 0, 0, 0, 1, 1, 2, 1, 2, 0, 0, 0, 2, 1, 0, 1, 0, 1, 2, 1, 1, 1, 1, 1, 2, 0, 1, 2, 0, 0, 0, 1, 2, 1, 0, 0, 1, 0, 0, 2, 2, 0, 0, 1, 0, 0, 2, 1, 0, 0, 1, 2]|[4, 3, 2, 2, 0, 0, 2, 2, 2, 4, 1, 1, 2, 4, 4, 1, 1, 4, 2, 1, 1, 1, 1, 2, 1, 2, 1, 1, 1, 1, 3, 2, 3, 0, 4, 0, 1, 1, 0, 3, 2, 2, 4, 0, 1, 1, 3, 2, 0, 1, 2, 2, 1, 4, 0, 3, 2, 1, 1, 2, 1, 3, 1, 1, 2, 3, 0, 4, 3, 1, 4, 1, 1, 2, 4, 1, 2, 1, 1, 3, 1, 3, 1, 1, 1, 1, 2, 1, 1, 1, 1, 3, 2, 1, 1, 1, 2, 2, 3, 1]|[0, 2, 1, 1, 3, 3, 0, 1, 0, 0, 0, 0, 1, 0, 1, 0, 0, 3, 1, 0, 0, 0, 3, 1, 0, 2, 0, 0, 0, 1, 0, 0, 0, 0, 3, 0, 1, 0, 0, 2, 1, 1, 2, 0, 0, 0, 0, 1, 1, 0, 0, 0, 1, 3, 0, 0, 1, 0, 0, 1, 0, 2, 0, 1, 1, 2, 1, 0, 0, 1, 1, 3, 0, 1, 3, 0, 1, 0, 0, 2, 0, 0, 0, 0, 1, 0, 1, 0, 0, 0, 0, 2, 0, 1, 0, 1, 0, 0, 0, 0],788.4361698953168,57276.08877688596,87706.2058214173,true
60,G2_TEC,G2_TEC,[20, 94, 66, 15, 26, 9, 95, 42, 77, 68, 47, 5, 3, 14, 86, 54, 85, 63, 18, 44, 31, 49, 36, 78, 74, 50, 53, 17, 21, 28, 11, 64, 93, 23, 30, 83, 24, 41, 40, 52, 65, 27, 90, 70, 39, 87, 48, 69, 99, 4, 46, 1, 13, 56, 97, 59, 45, 8, 73, 37, 35, 79, 71, 82, 76, 32, 60, 80, 58, 6, 67, 61, 33, 7, 57, 34, 12, 16, 10, 22, 96, 88, 43, 81, 91, 2, 84, 29, 92, 19, 51, 89, 38, 25, 72, 75, 98, 62, 55, 0]|[2, 1, 2, 1, 1, 2, 1, 1, 1, 1, 1, 0, 2, 2, 1, 2, 0, 0, 0, 2, 2, 1, 0, 2, 0, 2, 2, 1, 0, 1, 1, 1, 0, 0, 1, 0, 2, 1, 2, 2, 0, 0, 1, 1, 0, 2, 0, 2, 1, 0, 0, 2, 0, 2, 2, 0, 1, 1, 0, 0, 2, 1, 1, 2, 2, 0, 2, 2, 2, 1, 2, 1, 1, 2, 0, 1, 1, 2, 1, 2, 0, 1, 1, 1, 1, 0, 0, 1, 0, 1, 1, 1, 0, 1, 1, 0, 2, 1, 0, 0]|[1, 3, 1, 3, 4, 1, 4, 4, 4, 4, 3, 2, 1, 0, 2, 1, 1, 1, 2, 1, 1, 3, 0, 1, 0, 1, 1, 4, 1, 4, 3, 2, 2, 0, 4, 1, 1, 4, 1, 1, 2, 1, 4, 4, 1, 1, 0, 1, 3, 2, 2, 1, 2, 1, 1, 2, 4, 3, 0, 2, 1, 3, 3, 1, 1, 2, 1, 1, 1, 4, 1, 3, 4, 1, 2, 4, 3, 1, 3, 1, 2, 4, 4, 4, 3, 2, 2, 3, 2, 4, 3, 4, 2, 4, 4, 2, 1, 3, 2, 2]|[0, 2, 0, 0, 3, 0, 1, 3, 1, 0, 2, 0, 1, 0, 1, 0, 0, 0, 1, 0, 0, 2, 0, 0, 1, 0, 0, 3, 0, 1, 0, 2, 0, 0, 3, 0, 1, 1, 0, 0, 0, 0, 1, 3, 0, 0, 1, 0, 2, 0, 0, 0, 0, 0, 1, 0, 1, 0, 1, 1, 0, 2, 0, 0, 0, 0, 0, 0, 0, 2, 0, 0, 1, 0, 0, 1, 0, 0, 3, 0, 0, 1, 2, 2, 0, 0, 0, 3, 0, 1, 0, 1, 0, 3, 1, 0, 0, 0, 0, 0],910.6016522559228,48196.44872629531,105119.71286620182,false
60,G3_TWC,G3_TWC,[31, 22, 42, 15, 26, 58, 95, 82, 77, 12, 47, 5, 93, 78, 98, 54, 85, 63, 46, 44, 20, 35, 43, 97, 91, 76, 10, 30, 21, 45, 71, 64, 1, 23, 17, 83, 24, 61, 60, 49, 6, 57, 94, 88, 65, 56, 79, 40, 89, 68, 18, 75, 0, 9, 19, 32, 81, 41, 27, 62, 87, 90, 99, 59, 53, 16, 72, 73, 70, 39, 37, 84, 3, 92, 25, 74, 28, 38, 51, 7, 11, 14, 86, 48, 67, 66, 50, 96, 33, 80, 8, 4, 29, 55, 36, 52, 13, 2, 69, 34]|[1, 1, 0, 1, 1, 1, 2, 1, 2, 1, 2, 2, 2, 1, 1, 0, 0, 1, 0, 2, 2, 0, 1, 2, 0, 1, 2, 2, 0, 0, 1, 2, 1, 0, 1, 0, 2, 0, 1, 1, 0, 1, 1, 1, 0, 2, 1, 1, 1, 0, 0, 0, 1, 1, 2, 1, 2, 0, 0, 0, 2, 1, 0, 1, 0, 1, 2, 1, 1, 1, 1, 1, 2, 0, 1, 2, 0, 0, 0, 1, 0, 1, 0, 0, 1, 0, 0, 0, 2, 0, 1, 0, 0, 1, 0, 1, 0, 0, 1, 2]|[4, 3, 2, 2, 0, 0, 2, 2, 2, 4, 1, 1, 2, 4, 4, 1, 1, 4, 2, 1, 1, 1, 1, 2, 1, 2, 1, 1, 1, 1, 3, 2, 3, 0, 4, 0, 1, 1, 0, 3, 2, 2, 4, 0, 1, 1, 3, 2, 1, 1, 2, 2, 1, 4, 0, 3, 2, 1, 1, 2, 1, 3, 1, 1, 2, 3, 0, 4, 3, 1, 4, 1, 1, 2, 4, 1, 2, 1, 1, 3, 2, 3, 1, 1, 1, 1, 1, 1, 1, 1, 3, 2, 2, 4, 1, 1, 2, 2, 3, 1]|[0, 2, 1, 1, 3, 3, 0, 1, 0, 0, 0, 0, 1, 0, 1, 0, 0, 3, 1, 0, 0, 0, 3, 1, 0, 2, 0, 0, 0, 1, 0, 0, 0, 0, 3, 0, 1, 0, 0, 2, 1, 1, 2, 0, 0, 0, 0, 1, 1, 0, 0, 0, 1, 3, 0, 0, 1, 0, 0, 1, 0, 2, 0, 1, 1, 2, 1, 0, 0, 1, 1, 3, 0, 1, 3, 0, 1, 0, 0, 2, 1, 0, 0, 0, 1, 0, 0, 0, 0, 0, 2, 1, 0, 3, 1, 1, 0, 0, 0, 0],833.4359641689811,57767.6273409838,86364.29346224964,false
60,G1_CMAX,G1_CMAX,[31, 22, 42, 15, 26, 58, 95, 82, 77, 12, 47, 5, 93, 78, 98, 85, 54, 63, 18, 44, 20, 35, 43, 97, 91, 10, 30, 21, 61, 71, 64, 1, 23, 17, 83, 24, 50, 60, 36, 6, 57, 94, 88, 65, 56, 79, 40, 67, 68, 46, 75, 38, 9, 19, 32, 81, 41, 27, 62, 87, 90, 99, 59, 11, 16, 72, 73, 70, 39, 37, 84, 76, 3, 92, 25, 74, 28, 7, 51, 29, 33, 14, 86, 66, 89, 45, 80, 96, 53, 4, 48, 2, 55, 49, 0, 52, 13, 8, 69, 34]|[1, 1, 1, 1, 1, 1, 2, 1, 2, 1, 2, 0, 2, 1, 1, 0, 0, 1, 0, 2, 2, 2, 1, 2, 0, 2, 2, 0, 0, 1, 2, 1, 2, 1, 0, 2, 0, 1, 1, 0, 1, 1, 1, 0, 2, 1, 1, 0, 0, 0, 0, 1, 1, 2, 1, 2, 2, 0, 0, 2, 1, 0, 1, 2, 1, 2, 1, 1, 1, 1, 1, 1, 2, 1, 1, 2, 0, 0, 0, 0, 2, 1, 2, 0, 1, 0, 0, 0, 0, 0, 2, 0, 1, 0, 0, 1, 0, 1, 2, 2]|[4, 3, 2, 2, 0, 0, 1, 2, 1, 4, 1, 0, 2, 4, 4, 1, 1, 4, 2, 1, 1, 0, 1, 2, 1, 1, 1, 1, 1, 3, 2, 3, 0, 4, 0, 1, 1, 0, 3, 2, 2, 4, 0, 1, 1, 0, 2, 0, 1, 2, 2, 1, 4, 0, 3, 2, 1, 1, 2, 1, 3, 1, 1, 1, 3, 0, 4, 3, 1, 4, 1, 2, 1, 4, 4, 1, 2, 1, 1, 1, 1, 3, 1, 1, 1, 1, 1, 1, 2, 2, 0, 2, 4, 1, 2, 1, 2, 3, 1, 1]|[2, 2, 1, 1, 3, 3, 0, 1, 0, 0, 0, 1, 1, 0, 1, 0, 0, 3, 1, 0, 0, 0, 3, 1, 0, 0, 0, 0, 1, 0, 0, 0, 0, 3, 0, 1, 0, 0, 2, 1, 1, 2, 0, 0, 0, 0, 1, 1, 0, 0, 0, 1, 3, 0, 0, 1, 0, 0, 1, 0, 2, 0, 1, 0, 2, 1, 0, 0, 1, 1, 3, 2, 0, 0, 3, 0, 1, 0, 0, 0, 0, 0, 0, 0, 1, 0, 0, 0, 1, 1, 1, 0, 3, 1, 0, 1, 0, 2, 0, 0],701.9269445084548,58814.16448267554,96724.70889609086,false
60,G4_BALANCED,G4_BALANCED,[31, 22, 82, 15, 26, 58, 95, 42, 77, 12, 47, 5, 93, 78, 86, 54, 85, 63, 18, 44, 20, 35, 43, 97, 91, 76, 10, 30, 21, 45, 71, 64, 1, 23, 17, 83, 24, 14, 60, 36, 6, 57, 40, 88, 65, 56, 79, 94, 67, 68, 46, 29, 38, 9, 19, 32, 81, 41, 27, 87, 90, 62, 99, 59, 11, 16, 72, 73, 70, 39, 37, 84, 3, 92, 25, 55, 28, 75, 51, 7, 66, 61, 98, 8, 89, 50, 33, 96, 49, 48, 80, 4, 34, 53, 52, 0, 13, 2, 69, 74]|[1, 1, 0, 1, 1, 0, 2, 2, 2, 1, 2, 2, 2, 1, 1, 0, 0, 1, 0, 2, 2, 0, 1, 2, 0, 1, 2, 2, 0, 0, 1, 2, 1, 2, 1, 0, 2, 0, 1, 1, 0, 1, 1, 1, 0, 2, 1, 1, 0, 0, 0, 0, 1, 1, 2, 1, 2, 0, 0, 2, 1, 2, 0, 2, 2, 1, 2, 1, 1, 1, 1, 1, 1, 0, 1, 2, 0, 0, 0, 1, 2, 1, 1, 0, 1, 0, 2, 2, 0, 0, 0, 1, 2, 0, 1, 0, 0, 0, 1, 2]|[4, 3, 2, 2, 4, 1, 2, 2, 2, 4, 1, 1, 2, 4, 4, 1, 1, 4, 2, 1, 1, 1, 1, 2, 1, 2, 1, 1, 1, 1, 3, 1, 3, 1, 4, 0, 1, 1, 0, 3, 2, 2, 2, 0, 1, 1, 0, 4, 0, 1, 2, 2, 1, 4, 0, 3, 1, 1, 1, 1, 3, 1, 1, 1, 1, 3, 1, 4, 3, 1, 4, 1, 1, 0, 4, 1, 2, 2, 1, 1, 1, 3, 4, 1, 1, 1, 1, 1, 1, 1, 1, 4, 1, 2, 1, 2, 2, 2, 4, 1]|[0, 2, 1, 1, 3, 0, 0, 0, 0, 0, 0, 0, 1, 0, 1, 0, 0, 3, 1, 0, 0, 0, 3, 1, 0, 2, 0, 0, 0, 0, 0, 0, 0, 0, 3, 0, 1, 0, 0, 2, 1, 1, 1, 0, 0, 0, 0, 2, 1, 0, 0, 0, 1, 3, 0, 0, 0, 0, 0, 0, 2, 0, 0, 0, 0, 2, 0, 0, 0, 1, 1, 3, 1, 1, 3, 0, 1, 0, 0, 2, 0, 0, 1, 0, 1, 0, 0, 0, 1, 0, 0, 0, 0, 1, 1, 0, 0, 0, 2, 0],864.9405069285402,54571.10517607824,102506.09960255667,false
60,G2_TEC,G2_TEC,[20, 94, 66, 15, 26, 9, 95, 42, 77, 68, 47, 5, 3, 14, 86, 54, 85, 63, 18, 44, 31, 49, 36, 78, 74, 50, 53, 17, 21, 28, 11, 64, 93, 23, 30, 83, 24, 41, 40, 52, 65, 27, 90, 70, 39, 87, 48, 69, 99, 4, 46, 1, 13, 56, 97, 59, 45, 8, 73, 37, 35, 79, 71, 82, 76, 32, 60, 80, 58, 6, 67, 61, 33, 7, 57, 34, 12, 16, 10, 22, 96, 88, 43, 81, 91, 2, 84, 29, 92, 19, 51, 89, 38, 25, 72, 75, 98, 62, 55, 0]|[2, 1, 2, 1, 1, 2, 1, 1, 1, 1, 1, 0, 2, 2, 1, 2, 0, 0, 0, 2, 2, 1, 0, 2, 0, 2, 2, 1, 0, 1, 1, 1, 0, 0, 1, 0, 2, 1, 2, 2, 0, 0, 1, 1, 0, 2, 0, 2, 1, 0, 0, 2, 0, 2, 2, 0, 1, 1, 0, 0, 2, 1, 1, 2, 2, 0, 2, 2, 2, 1, 2, 1, 1, 2, 0, 1, 1, 2, 1, 2, 0, 1, 1, 1, 1, 0, 0, 1, 0, 1, 1, 1, 0, 1, 1, 0, 2, 1, 0, 0]|[1, 3, 1, 3, 4, 1, 4, 4, 4, 4, 3, 2, 1, 0, 2, 1, 1, 1, 2, 1, 1, 3, 0, 1, 0, 1, 1, 4, 1, 4, 3, 2, 2, 0, 4, 1, 1, 4, 1, 1, 2, 1, 4, 4, 1, 1, 0, 1, 3, 2, 2, 1, 2, 1, 1, 2, 4, 3, 0, 2, 1, 3, 3, 1, 1, 2, 1, 1, 1, 4, 1, 3, 4, 1, 2, 4, 3, 1, 3, 1, 2, 4, 4, 4, 3, 2, 2, 3, 2, 4, 3, 4, 2, 4, 4, 2, 1, 3, 2, 2]|[0, 2, 0, 0, 3, 0, 1, 3, 1, 0, 2, 0, 1, 0, 1, 0, 0, 0, 1, 0, 0, 2, 0, 0, 1, 0, 0, 3, 0, 1, 0, 2, 0, 0, 3, 0, 1, 1, 0, 0, 0, 0, 1, 3, 0, 0, 1, 0, 2, 0, 0, 0, 0, 0, 1, 0, 1, 0, 1, 1, 0, 2, 0, 0, 0, 0, 0, 0, 0, 2, 0, 0, 1, 0, 0, 1, 0, 0, 3, 0, 0, 1, 2, 2, 0, 0, 0, 3, 0, 1, 0, 1, 0, 3, 1, 0, 0, 0, 0, 0],910.6016522559228,48196.44872629531,105119.71286620182,false
60,G3_TWC,G3_TWC,[31, 22, 42, 15, 26, 58, 95, 82, 77, 12, 47, 5, 93, 78, 98, 54, 85, 63, 46, 44, 20, 35, 43, 97, 91, 76, 10, 30, 21, 45, 71, 64, 1, 23, 17, 83, 24, 61, 60, 49, 6, 57, 94, 88, 65, 56, 79, 40, 89, 68, 18, 75, 0, 9, 19, 32, 81, 41, 27, 62, 87, 90, 99, 59, 53, 16, 72, 73, 70, 39, 37, 84, 3, 92, 25, 74, 28, 38, 51, 7, 11, 14, 86, 48, 67, 66, 50, 96, 33, 80, 8, 4, 29, 55, 36, 52, 13, 2, 69, 34]|[1, 1, 0, 1, 1, 1, 2, 1, 2, 1, 2, 2, 2, 1, 1, 0, 0, 1, 0, 2, 2, 0, 1, 2, 0, 1, 2, 2, 0, 0, 1, 2, 1, 0, 1, 0, 2, 0, 1, 1, 0, 1, 1, 1, 0, 2, 1, 1, 1, 0, 0, 0, 1, 1, 2, 1, 2, 0, 0, 0, 2, 1, 0, 1, 0, 1, 2, 1, 1, 1, 1, 1, 2, 0, 1, 2, 0, 0, 0, 1, 0, 1, 0, 0, 1, 0, 0, 0, 2, 0, 1, 0, 0, 1, 0, 1, 0, 0, 1, 2]|[4, 3, 2, 2, 0, 0, 2, 2, 2, 4, 1, 1, 2, 4, 4, 1, 1, 4, 2, 1, 1, 1, 1, 2, 1, 2, 1, 1, 1, 1, 3, 2, 3, 0, 4, 0, 1, 1, 0, 3, 2, 2, 4, 0, 1, 1, 3, 2, 1, 1, 2, 2, 1, 4, 0, 3, 2, 1, 1, 2, 1, 3, 1, 1, 2, 3, 0, 4, 3, 1, 4, 1, 1, 2, 4, 1, 2, 1, 1, 3, 2, 3, 1, 1, 1, 1, 1, 1, 1, 1, 3, 2, 2, 4, 1, 1, 2, 2, 3, 1]|[0, 2, 1, 1, 3, 3, 0, 1, 0, 0, 0, 0, 1, 0, 1, 0, 0, 3, 1, 0, 0, 0, 3, 1, 0, 2, 0, 0, 0, 1, 0, 0, 0, 0, 3, 0, 1, 0, 0, 2, 1, 1, 2, 0, 0, 0, 0, 1, 1, 0, 0, 0, 1, 3, 0, 0, 1, 0, 0, 1, 0, 2, 0, 1, 1, 2, 1, 0, 0, 1, 1, 3, 0, 1, 3, 0, 1, 0, 0, 2, 1, 0, 0, 0, 1, 0, 0, 0, 0, 0, 2, 1, 0, 3, 1, 1, 0, 0, 0, 0],833.4359641689811,57767.6273409838,86364.29346224964,false
60,G1_CMAX,G1_CMAX,[31, 22, 42, 15, 26, 58, 95, 82, 77, 12, 47, 5, 93, 78, 98, 85, 54, 63, 18, 44, 20, 35, 43, 97, 91, 10, 30, 21, 61, 71, 64, 1, 23, 17, 83, 24, 50, 60, 36, 6, 57, 94, 88, 65, 56, 79, 40, 67, 68, 46, 75, 38, 9, 19, 32, 81, 41, 27, 62, 87, 90, 99, 59, 11, 16, 72, 73, 70, 39, 37, 84, 76, 3, 92, 25, 74, 28, 7, 51, 29, 33, 14, 86, 66, 89, 45, 80, 96, 53, 4, 48, 2, 55, 49, 0, 52, 13, 8, 69, 34]|[1, 1, 1, 1, 1, 1, 2, 1, 2, 1, 2, 0, 2, 1, 1, 0, 0, 1, 0, 2, 2, 2, 1, 2, 0, 2, 2, 0, 0, 1, 2, 1, 2, 1, 0, 2, 0, 1, 1, 0, 1, 1, 1, 0, 2, 1, 1, 0, 0, 0, 0, 1, 1, 2, 1, 2, 2, 0, 0, 2, 1, 0, 1, 2, 1, 2, 1, 1, 1, 1, 1, 1, 2, 1, 1, 2, 0, 0, 0, 0, 2, 1, 2, 0, 1, 0, 0, 0, 0, 0, 2, 0, 1, 0, 0, 1, 0, 1, 2, 2]|[4, 3, 2, 2, 0, 0, 1, 2, 1, 4, 1, 0, 2, 4, 4, 1, 1, 4, 2, 1, 1, 0, 1, 2, 1, 1, 1, 1, 1, 3, 2, 3, 0, 4, 0, 1, 1, 0, 3, 2, 2, 4, 0, 1, 1, 0, 2, 0, 1, 2, 2, 1, 4, 0, 3, 2, 1, 1, 2, 1, 3, 1, 1, 1, 3, 0, 4, 3, 1, 4, 1, 2, 1, 4, 4, 1, 2, 1, 1, 1, 1, 3, 1, 1, 1, 1, 1, 1, 2, 2, 0, 2, 4, 1, 2, 1, 2, 3, 1, 1]|[2, 2, 1, 1, 3, 3, 0, 1, 0, 0, 0, 1, 1, 0, 1, 0, 0, 3, 1, 0, 0, 0, 3, 1, 0, 0, 0, 0, 1, 0, 0, 0, 0, 3, 0, 1, 0, 0, 2, 1, 1, 2, 0, 0, 0, 0, 1, 1, 0, 0, 0, 1, 3, 0, 0, 1, 0, 0, 1, 0, 2, 0, 1, 0, 2, 1, 0, 0, 1, 1, 3, 2, 0, 0, 3, 0, 1, 0, 0, 0, 0, 0, 0, 0, 1, 0, 0, 0, 1, 1, 1, 0, 3, 1, 0, 1, 0, 2, 0, 0],701.9269445084548,58814.16448267554,96724.70889609086,false
60,G4_BALANCED,G4_BALANCED,[31, 22, 42, 15, 26, 58, 95, 82, 77, 12, 47, 5, 93, 78, 98, 54, 85, 63, 18, 44, 20, 35, 43, 97, 91, 76, 10, 30, 21, 45, 71, 64, 1, 23, 17, 83, 24, 61, 60, 36, 6, 57, 94, 88, 65, 56, 79, 40, 67, 68, 46, 75, 38, 9, 19, 32, 81, 41, 27, 62, 87, 90, 99, 59, 11, 16, 72, 73, 70, 39, 37, 84, 3, 92, 25, 74, 28, 29, 51, 7, 33, 14, 86, 48, 89, 50, 66, 96, 53, 80, 8, 4, 55, 49, 0, 52, 13, 2, 69, 34]|[1, 1, 0, 1, 1, 1, 2, 1, 2, 1, 2, 2, 2, 1, 1, 0, 0, 1, 0, 2, 2, 0, 1, 2, 0, 1, 2, 2, 0, 0, 1, 2, 1, 2, 1, 0, 2, 0, 1, 1, 0, 1, 1, 1, 0, 2, 1, 1, 0, 0, 0, 0, 1, 1, 2, 1, 2, 2, 0, 0, 2, 1, 0, 1, 2, 1, 2, 1, 1, 1, 1, 1, 2, 1, 1, 2, 0, 0, 0, 1, 2, 1, 0, 0, 1, 0, 2, 0, 0, 0, 1, 0, 1, 0, 0, 1, 0, 0, 1, 2]|[4, 3, 2, 2, 0, 0, 2, 2, 2, 4, 1, 1, 2, 4, 4, 1, 1, 4, 2, 1, 1, 1, 1, 2, 1, 2, 1, 1, 1, 1, 3, 2, 3, 0, 4, 0, 1, 1, 0, 3, 2, 2, 4, 0, 1, 1, 3, 2, 0, 1, 2, 2, 1, 4, 0, 3, 2, 1, 1, 2, 1, 3, 1, 1, 1, 3, 0, 4, 3, 1, 4, 1, 1, 4, 4, 1, 2, 1, 1, 3, 1, 3, 1, 1, 1, 1, 1, 1, 2, 1, 3, 2, 4, 1, 2, 1, 2, 2, 3, 1]|[0, 2, 1, 1, 3, 3, 0, 1, 0, 0, 0, 0, 1, 0, 1, 0, 0, 3, 1, 0, 0, 0, 3, 1, 0, 2, 0, 0, 0, 0, 0, 0, 0, 0, 3, 0, 1, 0, 0, 2, 1, 1, 2, 0, 0, 0, 0, 1, 1, 0, 0, 0, 1, 3, 0, 0, 1, 0, 0, 1, 0, 2, 0, 1, 0, 2, 1, 0, 0, 1, 1, 3, 0, 0, 3, 0, 1, 0, 0, 2, 0, 0, 0, 0, 1, 0, 0, 0, 1, 0, 2, 1, 3, 1, 0, 1, 0, 0, 0, 0],766.0703642986091,56522.79788734501,91299.3196586175,false
60,G2_TEC,G2_TEC,[20, 94, 66, 15, 26, 9, 95, 42, 77, 68, 47, 5, 3, 14, 86, 54, 85, 63, 18, 44, 31, 49, 36, 78, 74, 50, 53, 17, 21, 28, 11, 64, 93, 23, 30, 83, 24, 41, 40, 52, 65, 27, 90, 70, 39, 87, 48, 69, 99, 4, 46, 1, 13, 56, 97, 59, 45, 8, 73, 37, 35, 79, 71, 82, 76, 32, 60, 80, 58, 6, 67, 61, 33, 7, 57, 34, 12, 16, 10, 22, 96, 88, 43, 81, 91, 2, 84, 29, 92, 19, 51, 89, 38, 25, 72, 75, 98, 62, 55, 0]|[2, 1, 2, 1, 1, 2, 1, 1, 1, 1, 1, 0, 2, 2, 1, 2, 0, 0, 0, 2, 2, 1, 0, 2, 0, 2, 2, 1, 0, 1, 1, 1, 0, 0, 1, 0, 2, 1, 2, 2, 0, 0, 1, 1, 0, 2, 0, 2, 1, 0, 0, 2, 0, 2, 2, 0, 1, 1, 0, 0, 2, 1, 1, 2, 2, 0, 2, 2, 2, 1, 2, 1, 1, 2, 0, 1, 1, 2, 1, 2, 0, 1, 1, 1, 1, 0, 0, 1, 0, 1, 1, 1, 0, 1, 1, 0, 2, 1, 0, 0]|[1, 3, 1, 3, 4, 1, 4, 4, 4, 4, 3, 2, 1, 0, 2, 1, 1, 1, 2, 1, 1, 3, 0, 1, 0, 1, 1, 4, 1, 4, 3, 2, 2, 0, 4, 1, 1, 4, 1, 1, 2, 1, 4, 4, 1, 1, 0, 1, 3, 2, 2, 1, 2, 1, 1, 2, 4, 3, 0, 2, 1, 3, 3, 1, 1, 2, 1, 1, 1, 4, 1, 3, 4, 1, 2, 4, 3, 1, 3, 1, 2, 4, 4, 4, 3, 2, 2, 3, 2, 4, 3, 4, 2, 4, 4, 2, 1, 3, 2, 2]|[0, 2, 0, 0, 3, 0, 1, 3, 1, 0, 2, 0, 1, 0, 1, 0, 0, 0, 1, 0, 0, 2, 0, 0, 1, 0, 0, 3, 0, 1, 0, 2, 0, 0, 3, 0, 1, 1, 0, 0, 0, 0, 1, 3, 0, 0, 1, 0, 2, 0, 0, 0, 0, 0, 1, 0, 1, 0, 1, 1, 0, 2, 0, 0, 0, 0, 0, 0, 0, 2, 0, 0, 1, 0, 0, 1, 0, 0, 3, 0, 0, 1, 2, 2, 0, 0, 0, 3, 0, 1, 0, 1, 0, 3, 1, 0, 0, 0, 0, 0],910.6016522559228,48196.44872629531,105119.71286620182,false
60,G3_TWC,G3_TWC,[31, 22, 42, 15, 26, 58, 95, 82, 77, 12, 47, 5, 93, 78, 98, 54, 85, 63, 46, 44, 20, 35, 43, 97, 91, 76, 10, 30, 21, 45, 71, 64, 1, 23, 17, 83, 24, 61, 60, 49, 6, 57, 94, 88, 65, 56, 79, 40, 89, 68, 18, 75, 0, 9, 19, 32, 81, 41, 27, 62, 87, 90, 99, 59, 53, 16, 72, 73, 70, 39, 37, 84, 3, 92, 25, 74, 28, 38, 51, 7, 11, 14, 86, 48, 67, 66, 50, 96, 33, 80, 8, 4, 29, 55, 36, 52, 13, 2, 69, 34]|[1, 1, 0, 1, 1, 1, 2, 1, 2, 1, 2, 2, 2, 1, 1, 0, 0, 1, 0, 2, 2, 0, 1, 2, 0, 1, 2, 2, 0, 0, 1, 2, 1, 0, 1, 0, 2, 0, 1, 1, 0, 1, 1, 1, 0, 2, 1, 1, 1, 0, 0, 0, 1, 1, 2, 1, 2, 0, 0, 0, 2, 1, 0, 1, 0, 1, 2, 1, 1, 1, 1, 1, 2, 0, 1, 2, 0, 0, 0, 1, 0, 1, 0, 0, 1, 0, 0, 0, 2, 0, 1, 0, 0, 1, 0, 1, 0, 0, 1, 2]|[4, 3, 2, 2, 0, 0, 2, 2, 2, 4, 1, 1, 2, 4, 4, 1, 1, 4, 2, 1, 1, 1, 1, 2, 1, 2, 1, 1, 1, 1, 3, 2, 3, 0, 4, 0, 1, 1, 0, 3, 2, 2, 4, 0, 1, 1, 3, 2, 1, 1, 2, 2, 1, 4, 0, 3, 2, 1, 1, 2, 1, 3, 1, 1, 2, 3, 0, 4, 3, 1, 4, 1, 1, 2, 4, 1, 2, 1, 1, 3, 2, 3, 1, 1, 1, 1, 1, 1, 1, 1, 3, 2, 2, 4, 1, 1, 2, 2, 3, 1]|[0, 2, 1, 1, 3, 3, 0, 1, 0, 0, 0, 0, 1, 0, 1, 0, 0, 3, 1, 0, 0, 0, 3, 1, 0, 2, 0, 0, 0, 1, 0, 0, 0, 0, 3, 0, 1, 0, 0, 2, 1, 1, 2, 0, 0, 0, 0, 1, 1, 0, 0, 0, 1, 3, 0, 0, 1, 0, 0, 1, 0, 2, 0, 1, 1, 2, 1, 0, 0, 1, 1, 3, 0, 1, 3, 0, 1, 0, 0, 2, 1, 0, 0, 0, 1, 0, 0, 0, 0, 0, 2, 1, 0, 3, 1, 1, 0, 0, 0, 0],833.4359641689811,57767.6273409838,86364.29346224964,false
60,G1_CMAX,G1_CMAX,[31, 22, 42, 15, 26, 58, 95, 82, 77, 12, 47, 5, 93, 78, 98, 85, 54, 63, 18, 44, 20, 35, 43, 97, 91, 10, 30, 21, 61, 71, 64, 1, 23, 17, 83, 24, 50, 60, 36, 6, 57, 94, 88, 65, 56, 79, 40, 67, 68, 46, 75, 38, 9, 19, 32, 81, 41, 27, 62, 87, 90, 99, 59, 11, 16, 72, 73, 70, 39, 37, 84, 76, 3, 92, 25, 74, 28, 7, 51, 29, 33, 14, 86, 66, 89, 45, 80, 96, 53, 4, 48, 2, 55, 49, 0, 52, 13, 8, 69, 34]|[1, 1, 1, 1, 1, 1, 2, 1, 2, 1, 2, 0, 2, 1, 1, 0, 0, 1, 0, 2, 2, 2, 1, 2, 0, 2, 2, 0, 0, 1, 2, 1, 2, 1, 0, 2, 0, 1, 1, 0, 1, 1, 1, 0, 2, 1, 1, 0, 0, 0, 0, 1, 1, 2, 1, 2, 2, 0, 0, 2, 1, 0, 1, 2, 1, 2, 1, 1, 1, 1, 1, 1, 2, 1, 1, 2, 0, 0, 0, 0, 2, 1, 2, 0, 1, 0, 0, 0, 0, 0, 2, 0, 1, 0, 0, 1, 0, 1, 2, 2]|[4, 3, 2, 2, 0, 0, 1, 2, 1, 4, 1, 0, 2, 4, 4, 1, 1, 4, 2, 1, 1, 0, 1, 2, 1, 1, 1, 1, 1, 3, 2, 3, 0, 4, 0, 1, 1, 0, 3, 2, 2, 4, 0, 1, 1, 0, 2, 0, 1, 2, 2, 1, 4, 0, 3, 2, 1, 1, 2, 1, 3, 1, 1, 1, 3, 0, 4, 3, 1, 4, 1, 2, 1, 4, 4, 1, 2, 1, 1, 1, 1, 3, 1, 1, 1, 1, 1, 1, 2, 2, 0, 2, 4, 1, 2, 1, 2, 3, 1, 1]|[2, 2, 1, 1, 3, 3, 0, 1, 0, 0, 0, 1, 1, 0, 1, 0, 0, 3, 1, 0, 0, 0, 3, 1, 0, 0, 0, 0, 1, 0, 0, 0, 0, 3, 0, 1, 0, 0, 2, 1, 1, 2, 0, 0, 0, 0, 1, 1, 0, 0, 0, 1, 3, 0, 0, 1, 0, 0, 1, 0, 2, 0, 1, 0, 2, 1, 0, 0, 1, 1, 3, 2, 0, 0, 3, 0, 1, 0, 0, 0, 0, 0, 0, 0, 1, 0, 0, 0, 1, 1, 1, 0, 3, 1, 0, 1, 0, 2, 0, 0],701.9269445084548,58814.16448267554,96724.70889609086,false
60,G4_BALANCED,G3_TWC,[31, 22, 42, 15, 26, 58, 95, 82, 77, 12, 47, 5, 93, 78, 98, 54, 85, 63, 18, 44, 20, 35, 43, 97, 91, 76, 10, 30, 21, 45, 71, 64, 1, 23, 17, 83, 24, 61, 60, 49, 6, 57, 94, 88, 65, 56, 79, 40, 67, 68, 46, 75, 0, 9, 19, 32, 81, 41, 27, 62, 87, 90, 99, 59, 11, 16, 72, 73, 70, 39, 37, 84, 3, 92, 25, 74, 28, 48, 51, 7, 53, 14, 86, 66, 89, 38, 50, 96, 33, 80, 8, 4, 34, 36, 55, 52, 29, 13, 69, 2]|[1, 1, 0, 1, 1, 1, 2, 1, 2, 1, 2, 2, 2, 1, 1, 0, 0, 1, 0, 2, 2, 0, 1, 2, 0, 1, 2, 2, 0, 0, 1, 2, 1, 0, 1, 0, 2, 0, 1, 1, 0, 1, 1, 1, 0, 2, 1, 1, 0, 0, 0, 0, 1, 1, 2, 1, 2, 0, 0, 0, 2, 1, 0, 1, 0, 1, 2, 1, 1, 1, 1, 1, 2, 0, 1, 2, 0, 0, 0, 1, 0, 1, 0, 0, 1, 0, 0, 0, 2, 0, 1, 0, 2, 0, 1, 1, 0, 0, 1, 0]|[4, 3, 2, 2, 0, 0, 2, 2, 2, 4, 1, 1, 2, 4, 4, 1, 1, 4, 2, 1, 1, 1, 1, 2, 1, 2, 1, 1, 1, 1, 3, 2, 3, 0, 4, 0, 1, 1, 0, 3, 2, 2, 4, 0, 1, 1, 3, 2, 0, 1, 2, 2, 1, 4, 0, 3, 2, 1, 1, 2, 1, 3, 1, 1, 2, 3, 1, 4, 3, 1, 4, 1, 1, 2, 4, 1, 2, 1, 1, 3, 2, 3, 1, 1, 1, 1, 1, 1, 1, 1, 3, 2, 1, 1, 4, 1, 2, 2, 3, 2]|[0, 2, 1, 1, 3, 3, 0, 1, 0, 0, 0, 0, 1, 0, 1, 0, 0, 3, 1, 0, 0, 0, 3, 1, 0, 2, 0, 0, 0, 1, 0, 0, 0, 0, 3, 0, 1, 0, 0, 2, 1, 1, 2, 0, 0, 0, 0, 1, 1, 0, 0, 0, 1, 3, 0, 0, 1, 0, 0, 1, 0, 2, 0, 1, 1, 2, 0, 0, 0, 1, 1, 3, 0, 1, 3, 0, 1, 0, 0, 2, 1, 0, 0, 0, 1, 0, 0, 0, 0, 0, 2, 1, 0, 1, 3, 1, 0, 0, 0, 0],844.4513480827167,57389.117912824804,86182.49965037024,true
60,G2_TEC,G2_TEC,[20, 94, 66, 15, 26, 9, 95, 42, 77, 68, 47, 5, 3, 14, 86, 54, 85, 63, 18, 44, 31, 49, 36, 78, 74, 50, 53, 17, 21, 28, 11, 64, 93, 23, 30, 83, 24, 41, 40, 52, 65, 27, 90, 70, 39, 87, 48, 69, 99, 4, 46, 1, 13, 56, 97, 59, 45, 8, 73, 37, 35, 79, 71, 82, 76, 32, 60, 80, 58, 6, 67, 61, 33, 7, 57, 34, 12, 16, 10, 22, 96, 88, 43, 81, 91, 2, 84, 29, 92, 19, 51, 89, 38, 25, 72, 75, 98, 62, 55, 0]|[2, 1, 2, 1, 1, 2, 1, 1, 1, 1, 1, 0, 2, 2, 1, 2, 0, 0, 0, 2, 2, 1, 0, 2, 0, 2, 2, 1, 0, 1, 1, 1, 0, 0, 1, 0, 2, 1, 2, 2, 0, 0, 1, 1, 0, 2, 0, 2, 1, 0, 0, 2, 0, 2, 2, 0, 1, 1, 0, 0, 2, 1, 1, 2, 2, 0, 2, 2, 2, 1, 2, 1, 1, 2, 0, 1, 1, 2, 1, 2, 0, 1, 1, 1, 1, 0, 0, 1, 0, 1, 1, 1, 0, 1, 1, 0, 2, 1, 0, 0]|[1, 3, 1, 3, 4, 1, 4, 4, 4, 4, 3, 2, 1, 0, 2, 1, 1, 1, 2, 1, 1, 3, 0, 1, 0, 1, 1, 4, 1, 4, 3, 2, 2, 0, 4, 1, 1, 4, 1, 1, 2, 1, 4, 4, 1, 1, 0, 1, 3, 2, 2, 1, 2, 1, 1, 2, 4, 3, 0, 2, 1, 3, 3, 1, 1, 2, 1, 1, 1, 4, 1, 3, 4, 1, 2, 4, 3, 1, 3, 1, 2, 4, 4, 4, 3, 2, 2, 3, 2, 4, 3, 4, 2, 4, 4, 2, 1, 3, 2, 2]|[0, 2, 0, 0, 3, 0, 1, 3, 1, 0, 2, 0, 1, 0, 1, 0, 0, 0, 1, 0, 0, 2, 0, 0, 1, 0, 0, 3, 0, 1, 0, 2, 0, 0, 3, 0, 1, 1, 0, 0, 0, 0, 1, 3, 0, 0, 1, 0, 2, 0, 0, 0, 0, 0, 1, 0, 1, 0, 1, 1, 0, 2, 0, 0, 0, 0, 0, 0, 0, 2, 0, 0, 1, 0, 0, 1, 0, 0, 3, 0, 0, 1, 2, 2, 0, 0, 0, 3, 0, 1, 0, 1, 0, 3, 1, 0, 0, 0, 0, 0],910.6016522559228,48196.44872629531,105119.71286620182,false
60,G3_TWC,G3_TWC,[31, 22, 42, 15, 26, 58, 95, 82, 77, 12, 47, 5, 93, 78, 98, 54, 85, 63, 46, 44, 20, 35, 43, 97, 91, 76, 10, 30, 21, 45, 71, 64, 1, 23, 17, 83, 24, 61, 60, 49, 6, 57, 94, 88, 65, 56, 79, 40, 89, 68, 18, 75, 0, 9, 19, 32, 81, 41, 27, 62, 87, 90, 99, 59, 53, 16, 72, 73, 70, 39, 37, 84, 3, 92, 25, 74, 28, 38, 51, 7, 11, 14, 86, 48, 67, 66, 50, 96, 33, 80, 8, 4, 29, 55, 36, 52, 13, 2, 69, 34]|[1, 1, 0, 1, 1, 1, 2, 1, 2, 1, 2, 2, 2, 1, 1, 0, 0, 1, 0, 2, 2, 0, 1, 2, 0, 1, 2, 2, 0, 0, 1, 2, 1, 0, 1, 0, 2, 0, 1, 1, 0, 1, 1, 1, 0, 2, 1, 1, 1, 0, 0, 0, 1, 1, 2, 1, 2, 0, 0, 0, 2, 1, 0, 1, 0, 1, 2, 1, 1, 1, 1, 1, 2, 0, 1, 2, 0, 0, 0, 1, 0, 1, 0, 0, 1, 0, 0, 0, 2, 0, 1, 0, 0, 1, 0, 1, 0, 0, 1, 2]|[4, 3, 2, 2, 0, 0, 2, 2, 2, 4, 1, 1, 2, 4, 4, 1, 1, 4, 2, 1, 1, 1, 1, 2, 1, 2, 1, 1, 1, 1, 3, 2, 3, 0, 4, 0, 1, 1, 0, 3, 2, 2, 4, 0, 1, 1, 3, 2, 1, 1, 2, 2, 1, 4, 0, 3, 2, 1, 1, 2, 1, 3, 1, 1, 2, 3, 0, 4, 3, 1, 4, 1, 1, 2, 4, 1, 2, 1, 1, 3, 2, 3, 1, 1, 1, 1, 1, 1, 1, 1, 3, 2, 2, 4, 1, 1, 2, 2, 3, 1]|[0, 2, 1, 1, 3, 3, 0, 1, 0, 0, 0, 0, 1, 0, 1, 0, 0, 3, 1, 0, 0, 0, 3, 1, 0, 2, 0, 0, 0, 1, 0, 0, 0, 0, 3, 0, 1, 0, 0, 2, 1, 1, 2, 0, 0, 0, 0, 1, 1, 0, 0, 0, 1, 3, 0, 0, 1, 0, 0, 1, 0, 2, 0, 1, 1, 2, 1, 0, 0, 1, 1, 3, 0, 1, 3, 0, 1, 0, 0, 2, 1, 0, 0, 0, 1, 0, 0, 0, 0, 0, 2, 1, 0, 3, 1, 1, 0, 0, 0, 0],833.4359641689811,57767.6273409838,86364.29346224964,false
60,G1_CMAX,G1_CMAX,[31, 22, 42, 15, 26, 58, 95, 82, 77, 12, 47, 5, 93, 78, 98, 85, 54, 63, 18, 44, 20, 35, 43, 97, 91, 10, 30, 21, 61, 71, 64, 1, 23, 17, 83, 24, 50, 60, 36, 6, 57, 94, 88, 65, 56, 79, 40, 67, 68, 46, 75, 38, 9, 19, 32, 81, 41, 27, 62, 87, 90, 99, 59, 11, 16, 72, 73, 70, 39, 37, 84, 76, 3, 92, 25, 74, 28, 7, 51, 29, 33, 14, 86, 66, 89, 45, 80, 96, 53, 4, 48, 2, 55, 49, 0, 52, 13, 8, 69, 34]|[1, 1, 1, 1, 1, 1, 2, 1, 2, 1, 2, 0, 2, 1, 1, 0, 0, 1, 0, 2, 2, 2, 1, 2, 0, 2, 2, 0, 0, 1, 2, 1, 2, 1, 0, 2, 0, 1, 1, 0, 1, 1, 1, 0, 2, 1, 1, 0, 0, 0, 0, 1, 1, 2, 1, 2, 2, 0, 0, 2, 1, 0, 1, 2, 1, 2, 1, 1, 1, 1, 1, 1, 2, 1, 1, 2, 0, 0, 0, 0, 2, 1, 2, 0, 1, 0, 0, 0, 0, 0, 2, 0, 1, 0, 0, 1, 0, 1, 2, 2]|[4, 3, 2, 2, 0, 0, 1, 2, 1, 4, 1, 0, 2, 4, 4, 1, 1, 4, 2, 1, 1, 0, 1, 2, 1, 1, 1, 1, 1, 3, 2, 3, 0, 4, 0, 1, 1, 0, 3, 2, 2, 4, 0, 1, 1, 0, 2, 0, 1, 2, 2, 1, 4, 0, 3, 2, 1, 1, 2, 1, 3, 1, 1, 1, 3, 0, 4, 3, 1, 4, 1, 2, 1, 4, 4, 1, 2, 1, 1, 1, 1, 3, 1, 1, 1, 1, 1, 1, 2, 2, 0, 2, 4, 1, 2, 1, 2, 3, 1, 1]|[2, 2, 1, 1, 3, 3, 0, 1, 0, 0, 0, 1, 1, 0, 1, 0, 0, 3, 1, 0, 0, 0, 3, 1, 0, 0, 0, 0, 1, 0, 0, 0, 0, 3, 0, 1, 0, 0, 2, 1, 1, 2, 0, 0, 0, 0, 1, 1, 0, 0, 0, 1, 3, 0, 0, 1, 0, 0, 1, 0, 2, 0, 1, 0, 2, 1, 0, 0, 1, 1, 3, 2, 0, 0, 3, 0, 1, 0, 0, 0, 0, 0, 0, 0, 1, 0, 0, 0, 1, 1, 1, 0, 3, 1, 0, 1, 0, 2, 0, 0],701.9269445084548,58814.16448267554,96724.70889609086,false
60,G4_BALANCED,G4_BALANCED,[31, 22, 42, 15, 26, 58, 95, 82, 77, 12, 47, 5, 93, 78, 98, 54, 85, 63, 18, 44, 20, 35, 43, 97, 91, 76, 10, 30, 21, 45, 71, 64, 1, 23, 17, 83, 24, 61, 60, 49, 6, 57, 94, 88, 65, 56, 79, 40, 67, 68, 46, 75, 38, 9, 19, 32, 81, 41, 27, 62, 87, 90, 99, 59, 53, 16, 72, 73, 70, 39, 37, 84, 3, 92, 25, 74, 28, 0, 51, 7, 11, 14, 86, 48, 89, 50, 66, 96, 33, 80, 4, 8, 55, 36, 29, 52, 13, 2, 69, 34]|[1, 1, 0, 1, 1, 1, 2, 1, 2, 1, 2, 2, 2, 1, 1, 0, 0, 1, 0, 2, 2, 0, 1, 2, 0, 1, 2, 2, 0, 0, 1, 2, 1, 0, 1, 0, 2, 0, 1, 1, 0, 1, 1, 1, 0, 2, 1, 1, 0, 0, 0, 0, 1, 1, 2, 1, 2, 0, 0, 0, 2, 1, 0, 1, 0, 1, 2, 1, 1, 1, 1, 1, 2, 0, 1, 2, 0, 0, 0, 1, 2, 1, 0, 0, 1, 0, 0, 2, 2, 0, 0, 1, 2, 0, 0, 1, 0, 0, 1, 2]|[4, 3, 2, 2, 0, 0, 2, 2, 2, 4, 1, 1, 2, 4, 4, 1, 1, 4, 2, 1, 1, 1, 1, 2, 1, 2, 1, 1, 1, 1, 3, 2, 3, 0, 4, 0, 1, 1, 0, 3, 2, 2, 4, 0, 1, 1, 3, 2, 0, 1, 2, 2, 1, 4, 0, 3, 2, 1, 1, 2, 1, 3, 1, 1, 2, 3, 0, 4, 3, 1, 4, 1, 1, 2, 4, 1, 2, 1, 1, 3, 1, 3, 1, 1, 1, 1, 1, 1, 1, 1, 2, 3, 1, 1, 2, 1, 2, 2, 3, 1]|[0, 2, 1, 1, 3, 3, 0, 1, 0, 0, 0, 0, 1, 0, 1, 0, 0, 3, 1, 0, 0, 0, 3, 1, 0, 2, 0, 0, 0, 1, 0, 0, 0, 0, 3, 0, 1, 0, 0, 2, 1, 1, 2, 0, 0, 0, 0, 1, 1, 0, 0, 0, 1, 3, 0, 0, 1, 0, 0, 1, 0, 2, 0, 1, 1, 2, 1, 0, 0, 1, 1, 3, 0, 1, 3, 0, 1, 0, 0, 2, 0, 0, 0, 0, 1, 0, 0, 0, 0, 0, 1, 2, 0, 1, 0, 1, 0, 0, 0, 0],787.7354273239397,57319.98389756265,87481.7179896983,false
60,G2_TEC,G2_TEC,[20, 94, 66, 15, 26, 9, 95, 42, 77, 68, 47, 5, 3, 14, 86, 54, 85, 63, 18, 44, 31, 49, 36, 78, 74, 50, 53, 17, 21, 28, 11, 64, 93, 23, 30, 83, 24, 41, 40, 52, 65, 27, 90, 70, 39, 87, 48, 69, 99, 4, 46, 1, 13, 56, 97, 59, 45, 8, 73, 37, 35, 79, 71, 82, 76, 32, 60, 80, 58, 6, 67, 61, 33, 7, 57, 34, 12, 16, 10, 22, 96, 88, 43, 81, 91, 2, 84, 29, 92, 19, 51, 89, 38, 25, 72, 75, 98, 62, 55, 0]|[2, 1, 2, 1, 1, 2, 1, 1, 1, 1, 1, 0, 2, 2, 1, 2, 0, 0, 0, 2, 2, 1, 0, 2, 0, 2, 2, 1, 0, 1, 1, 1, 0, 0, 1, 0, 2, 1, 2, 2, 0, 0, 1, 1, 0, 2, 0, 2, 1, 0, 0, 2, 0, 2, 2, 0, 1, 1, 0, 0, 2, 1, 1, 2, 2, 0, 2, 2, 2, 1, 2, 1, 1, 2, 0, 1, 1, 2, 1, 2, 0, 1, 1, 1, 1, 0, 0, 1, 0, 1, 1, 1, 0, 1, 1, 0, 2, 1, 0, 0]|[1, 3, 1, 3, 4, 1, 4, 4, 4, 4, 3, 2, 1, 0, 2, 1, 1, 1, 2, 1, 1, 3, 0, 1, 0, 1, 1, 4, 1, 4, 3, 2, 2, 0, 4, 1, 1, 4, 1, 1, 2, 1, 4, 4, 1, 1, 0, 1, 3, 2, 2, 1, 2, 1, 1, 2, 4, 3, 0, 2, 1, 3, 3, 1, 1, 2, 1, 1, 1, 4, 1, 3, 4, 1, 2, 4, 3, 1, 3, 1, 2, 4, 4, 4, 3, 2, 2, 3, 2, 4, 3, 4, 2, 4, 4, 2, 1, 3, 2, 2]|[0, 2, 0, 0, 3, 0, 1, 3, 1, 0, 2, 0, 1, 0, 1, 0, 0, 0, 1, 0, 0, 2, 0, 0, 1, 0, 0, 3, 0, 1, 0, 2, 0, 0, 3, 0, 1, 1, 0, 0, 0, 0, 1, 3, 0, 0, 1, 0, 2, 0, 0, 0, 0, 0, 1, 0, 1, 0, 1, 1, 0, 2, 0, 0, 0, 0, 0, 0, 0, 2, 0, 0, 1, 0, 0, 1, 0, 0, 3, 0, 0, 1, 2, 2, 0, 0, 0, 3, 0, 1, 0, 1, 0, 3, 1, 0, 0, 0, 0, 0],910.6016522559228,48196.44872629531,105119.71286620182,false
60,G3_TWC,G3_TWC,[31, 22, 42, 15, 26, 58, 95, 82, 77, 12, 47, 5, 93, 78, 98, 54, 85, 63, 46, 44, 20, 35, 43, 97, 91, 76, 10, 30, 21, 45, 71, 64, 1, 23, 17, 83, 24, 61, 60, 49, 6, 57, 94, 88, 65, 56, 79, 40, 89, 68, 18, 75, 0, 9, 19, 32, 81, 41, 27, 62, 87, 90, 99, 59, 53, 16, 72, 73, 70, 39, 37, 84, 3, 92, 25, 74, 28, 38, 51, 7, 11, 14, 86, 48, 67, 66, 50, 96, 33, 80, 8, 4, 29, 55, 36, 52, 13, 2, 69, 34]|[1, 1, 0, 1, 1, 1, 2, 1, 2, 1, 2, 2, 2, 1, 1, 0, 0, 1, 0, 2, 2, 0, 1, 2, 0, 1, 2, 2, 0, 0, 1, 2, 1, 0, 1, 0, 2, 0, 1, 1, 0, 1, 1, 1, 0, 2, 1, 1, 1, 0, 0, 0, 1, 1, 2, 1, 2, 0, 0, 0, 2, 1, 0, 1, 0, 1, 2, 1, 1, 1, 1, 1, 2, 0, 1, 2, 0, 0, 0, 1, 0, 1, 0, 0, 1, 0, 0, 0, 2, 0, 1, 0, 0, 1, 0, 1, 0, 0, 1, 2]|[4, 3, 2, 2, 0, 0, 2, 2, 2, 4, 1, 1, 2, 4, 4, 1, 1, 4, 2, 1, 1, 1, 1, 2, 1, 2, 1, 1, 1, 1, 3, 2, 3, 0, 4, 0, 1, 1, 0, 3, 2, 2, 4, 0, 1, 1, 3, 2, 1, 1, 2, 2, 1, 4, 0, 3, 2, 1, 1, 2, 1, 3, 1, 1, 2, 3, 0, 4, 3, 1, 4, 1, 1, 2, 4, 1, 2, 1, 1, 3, 2, 3, 1, 1, 1, 1, 1, 1, 1, 1, 3, 2, 2, 4, 1, 1, 2, 2, 3, 1]|[0, 2, 1, 1, 3, 3, 0, 1, 0, 0, 0, 0, 1, 0, 1, 0, 0, 3, 1, 0, 0, 0, 3, 1, 0, 2, 0, 0, 0, 1, 0, 0, 0, 0, 3, 0, 1, 0, 0, 2, 1, 1, 2, 0, 0, 0, 0, 1, 1, 0, 0, 0, 1, 3, 0, 0, 1, 0, 0, 1, 0, 2, 0, 1, 1, 2, 1, 0, 0, 1, 1, 3, 0, 1, 3, 0, 1, 0, 0, 2, 1, 0, 0, 0, 1, 0, 0, 0, 0, 0, 2, 1, 0, 3, 1, 1, 0, 0, 0, 0],833.4359641689811,57767.6273409838,86364.29346224964,false
60,G1_CMAX,G1_CMAX,[31, 22, 42, 15, 26, 58, 95, 82, 77, 12, 47, 5, 93, 78, 98, 85, 54, 63, 18, 44, 20, 35, 43, 97, 91, 10, 30, 21, 61, 71, 64, 1, 23, 17, 83, 24, 50, 60, 36, 6, 57, 94, 88, 65, 56, 79, 40, 67, 68, 46, 75, 38, 9, 19, 32, 81, 41, 27, 62, 87, 90, 99, 59, 11, 16, 72, 73, 70, 39, 37, 84, 76, 3, 92, 25, 74, 28, 7, 51, 29, 33, 14, 86, 66, 89, 45, 80, 96, 53, 4, 48, 2, 55, 49, 0, 52, 13, 8, 69, 34]|[1, 1, 1, 1, 1, 1, 2, 1, 2, 1, 2, 0, 2, 1, 1, 0, 0, 1, 0, 2, 2, 2, 1, 2, 0, 2, 2, 0, 0, 1, 2, 1, 2, 1, 0, 2, 0, 1, 1, 0, 1, 1, 1, 0, 2, 1, 1, 0, 0, 0, 0, 1, 1, 2, 1, 2, 2, 0, 0, 2, 1, 0, 1, 2, 1, 2, 1, 1, 1, 1, 1, 1, 2, 1, 1, 2, 0, 0, 0, 0, 2, 1, 2, 0, 1, 0, 0, 0, 0, 0, 2, 0, 1, 0, 0, 1, 0, 1, 2, 2]|[4, 3, 2, 2, 0, 0, 1, 2, 1, 4, 1, 0, 2, 4, 4, 1, 1, 4, 2, 1, 1, 0, 1, 2, 1, 1, 1, 1, 1, 3, 2, 3, 0, 4, 0, 1, 1, 0, 3, 2, 2, 4, 0, 1, 1, 0, 2, 0, 1, 2, 2, 1, 4, 0, 3, 2, 1, 1, 2, 1, 3, 1, 1, 1, 3, 0, 4, 3, 1, 4, 1, 2, 1, 4, 4, 1, 2, 1, 1, 1, 1, 3, 1, 1, 1, 1, 1, 1, 2, 2, 0, 2, 4, 1, 2, 1, 2, 3, 1, 1]|[2, 2, 1, 1, 3, 3, 0, 1, 0, 0, 0, 1, 1, 0, 1, 0, 0, 3, 1, 0, 0, 0, 3, 1, 0, 0, 0, 0, 1, 0, 0, 0, 0, 3, 0, 1, 0, 0, 2, 1, 1, 2, 0, 0, 0, 0, 1, 1, 0, 0, 0, 1, 3, 0, 0, 1, 0, 0, 1, 0, 2, 0, 1, 0, 2, 1, 0, 0, 1, 1, 3, 2, 0, 0, 3, 0, 1, 0, 0, 0, 0, 0, 0, 0, 1, 0, 0, 0, 1, 1, 1, 0, 3, 1, 0, 1, 0, 2, 0, 0],701.9269445084548,58814.16448267554,96724.70889609086,false
60,G4_BALANCED,G4_BALANCED,[31, 22, 82, 15, 26, 58, 95, 42, 77, 12, 47, 5, 30, 78, 86, 54, 85, 63, 18, 44, 20, 35, 43, 97, 91, 76, 10, 93, 21, 45, 71, 64, 1, 23, 17, 83, 24, 14, 60, 36, 6, 57, 40, 88, 65, 56, 79, 94, 67, 68, 46, 75, 38, 9, 19, 32, 81, 41, 27, 62, 90, 99, 59, 87, 11, 66, 73, 70, 39, 37, 84, 3, 72, 92, 25, 55, 28, 29, 51, 7, 16, 61, 98, 48, 89, 50, 4, 96, 53, 80, 8, 33, 34, 49, 52, 0, 13, 2, 69, 74]|[1, 1, 0, 1, 1, 0, 1, 2, 2, 1, 2, 2, 2, 1, 1, 0, 0, 1, 0, 2, 2, 0, 0, 2, 0, 1, 2, 2, 0, 0, 1, 2, 1, 2, 1, 0, 2, 0, 1, 1, 0, 1, 1, 1, 0, 2, 1, 1, 0, 0, 0, 0, 1, 1, 2, 1, 2, 0, 0, 2, 1, 0, 1, 2, 2, 2, 1, 1, 1, 1, 1, 1, 2, 0, 1, 1, 0, 0, 0, 1, 2, 1, 2, 0, 1, 0, 1, 2, 0, 0, 0, 2, 2, 0, 1, 0, 0, 0, 1, 2]|[4, 3, 2, 2, 4, 1, 2, 2, 2, 4, 1, 1, 2, 4, 4, 1, 2, 4, 2, 1, 1, 1, 1, 2, 1, 2, 1, 1, 2, 1, 3, 2, 3, 1, 4, 0, 1, 1, 0, 3, 2, 2, 2, 0, 1, 1, 0, 4, 0, 1, 2, 2, 1, 4, 0, 3, 2, 1, 1, 1, 3, 1, 1, 1, 1, 1, 4, 3, 1, 4, 1, 1, 1, 0, 4, 4, 2, 2, 1, 1, 1, 3, 1, 1, 1, 1, 4, 1, 2, 1, 1, 1, 1, 1, 1, 2, 2, 2, 4, 1]|[0, 2, 1, 1, 3, 0, 1, 0, 0, 0, 0, 0, 1, 0, 1, 0, 0, 3, 1, 0, 0, 0, 0, 1, 0, 2, 0, 0, 0, 1, 0, 0, 0, 0, 3, 0, 1, 0, 0, 2, 1, 1, 1, 0, 0, 0, 0, 2, 1, 0, 0, 0, 1, 3, 0, 0, 1, 0, 0, 0, 2, 0, 1, 0, 0, 0, 0, 0, 1, 1, 3, 1, 0, 1, 3, 3, 1, 0, 0, 2, 0, 0, 0, 0, 1, 0, 0, 0, 1, 0, 0, 0, 0, 1, 1, 0, 0, 0, 2, 0],780.1204793587376,55381.14930119356,97957.80477469892,false
60,G2_TEC,G2_TEC,[20, 94, 66, 15, 26, 9, 95, 42, 77, 68, 47, 5, 3, 14, 86, 54, 85, 63, 18, 44, 31, 49, 36, 78, 74, 50, 53, 17, 21, 28, 11, 64, 93, 23, 30, 83, 24, 41, 40, 52, 65, 27, 90, 70, 39, 87, 48, 69, 99, 4, 46, 1, 13, 56, 97, 59, 45, 8, 73, 37, 35, 79, 71, 82, 76, 32, 60, 80, 58, 6, 67, 61, 33, 7, 57, 34, 12, 16, 10, 22, 96, 88, 43, 81, 91, 2, 84, 29, 92, 19, 51, 89, 38, 25, 72, 75, 98, 62, 55, 0]|[2, 1, 2, 1, 1, 2, 1, 1, 1, 1, 1, 0, 2, 2, 1, 2, 0, 0, 0, 2, 2, 1, 0, 2, 0, 2, 2, 1, 0, 1, 1, 1, 0, 0, 1, 0, 2, 1, 2, 2, 0, 0, 1, 1, 0, 2, 0, 2, 1, 0, 0, 2, 0, 2, 2, 0, 1, 1, 0, 0, 2, 1, 1, 2, 2, 0, 2, 2, 2, 1, 2, 1, 1, 2, 0, 1, 1, 2, 1, 2, 0, 1, 1, 1, 1, 0, 0, 1, 0, 1, 1, 1, 0, 1, 1, 0, 2, 1, 0, 0]|[1, 3, 1, 3, 4, 1, 4, 4, 4, 4, 3, 2, 1, 0, 2, 1, 1, 1, 2, 1, 1, 3, 0, 1, 0, 1, 1, 4, 1, 4, 3, 2, 2, 0, 4, 1, 1, 4, 1, 1, 2, 1, 4, 4, 1, 1, 0, 1, 3, 2, 2, 1, 2, 1, 1, 2, 4, 3, 0, 2, 1, 3, 3, 1, 1, 2, 1, 1, 1, 4, 1, 3, 4, 1, 2, 4, 3, 1, 3, 1, 2, 4, 4, 4, 3, 2, 2, 3, 2, 4, 3, 4, 2, 4, 4, 2, 1, 3, 2, 2]|[0, 2, 0, 0, 3, 0, 1, 3, 1, 0, 2, 0, 1, 0, 1, 0, 0, 0, 1, 0, 0, 2, 0, 0, 1, 0, 0, 3, 0, 1, 0, 2, 0, 0, 3, 0, 1, 1, 0, 0, 0, 0, 1, 3, 0, 0, 1, 0, 2, 0, 0, 0, 0, 0, 1, 0, 1, 0, 1, 1, 0, 2, 0, 0, 0, 0, 0, 0, 0, 2, 0, 0, 1, 0, 0, 1, 0, 0, 3, 0, 0, 1, 2, 2, 0, 0, 0, 3, 0, 1, 0, 1, 0, 3, 1, 0, 0, 0, 0, 0],910.6016522559228,48196.44872629531,105119.71286620182,false
60,G3_TWC,G3_TWC,[31, 22, 42, 15, 26, 58, 95, 82, 77, 12, 47, 5, 93, 78, 98, 54, 85, 63, 46, 44, 20, 35, 43, 97, 91, 76, 10, 30, 21, 45, 71, 64, 1, 23, 17, 83, 24, 61, 60, 49, 6, 57, 94, 88, 65, 56, 79, 40, 89, 68, 18, 75, 0, 9, 19, 32, 81, 41, 27, 62, 87, 90, 99, 59, 53, 16, 72, 73, 70, 39, 37, 84, 3, 92, 25, 74, 28, 38, 51, 7, 11, 14, 86, 48, 67, 66, 50, 96, 33, 80, 8, 4, 29, 55, 36, 52, 13, 2, 69, 34]|[1, 1, 0, 1, 1, 1, 2, 1, 2, 1, 2, 2, 2, 1, 1, 0, 0, 1, 0, 2, 2, 0, 1, 2, 0, 1, 2, 2, 0, 0, 1, 2, 1, 0, 1, 0, 2, 0, 1, 1, 0, 1, 1, 1, 0, 2, 1, 1, 1, 0, 0, 0, 1, 1, 2, 1, 2, 0, 0, 0, 2, 1, 0, 1, 0, 1, 2, 1, 1, 1, 1, 1, 2, 0, 1, 2, 0, 0, 0, 1, 0, 1, 0, 0, 1, 0, 0, 0, 2, 0, 1, 0, 0, 1, 0, 1, 0, 0, 1, 2]|[4, 3, 2, 2, 0, 0, 2, 2, 2, 4, 1, 1, 2, 4, 4, 1, 1, 4, 2, 1, 1, 1, 1, 2, 1, 2, 1, 1, 1, 1, 3, 2, 3, 0, 4, 0, 1, 1, 0, 3, 2, 2, 4, 0, 1, 1, 3, 2, 1, 1, 2, 2, 1, 4, 0, 3, 2, 1, 1, 2, 1, 3, 1, 1, 2, 3, 0, 4, 3, 1, 4, 1, 1, 2, 4, 1, 2, 1, 1, 3, 2, 3, 1, 1, 1, 1, 1, 1, 1, 1, 3, 2, 2, 4, 1, 1, 2, 2, 3, 1]|[0, 2, 1, 1, 3, 3, 0, 1, 0, 0, 0, 0, 1, 0, 1, 0, 0, 3, 1, 0, 0, 0, 3, 1, 0, 2, 0, 0, 0, 1, 0, 0, 0, 0, 3, 0, 1, 0, 0, 2, 1, 1, 2, 0, 0, 0, 0, 1, 1, 0, 0, 0, 1, 3, 0, 0, 1, 0, 0, 1, 0, 2, 0, 1, 1, 2, 1, 0, 0, 1, 1, 3, 0, 1, 3, 0, 1, 0, 0, 2, 1, 0, 0, 0, 1, 0, 0, 0, 0, 0, 2, 1, 0, 3, 1, 1, 0, 0, 0, 0],833.4359641689811,57767.6273409838,86364.29346224964,false
60,G1_CMAX,G1_CMAX,[31, 22, 42, 15, 26, 58, 95, 82, 77, 12, 47, 5, 93, 78, 98, 85, 54, 63, 18, 44, 20, 35, 43, 97, 91, 10, 30, 21, 61, 71, 64, 1, 23, 17, 83, 24, 50, 60, 36, 6, 57, 94, 88, 65, 56, 79, 40, 67, 68, 46, 75, 38, 9, 19, 32, 81, 41, 27, 62, 87, 90, 99, 59, 11, 16, 72, 73, 70, 39, 37, 84, 76, 3, 92, 25, 74, 28, 7, 51, 29, 33, 14, 86, 66, 89, 45, 80, 96, 53, 4, 48, 2, 55, 49, 0, 52, 13, 8, 69, 34]|[1, 1, 1, 1, 1, 1, 2, 1, 2, 1, 2, 0, 2, 1, 1, 0, 0, 1, 0, 2, 2, 2, 1, 2, 0, 2, 2, 0, 0, 1, 2, 1, 2, 1, 0, 2, 0, 1, 1, 0, 1, 1, 1, 0, 2, 1, 1, 0, 0, 0, 0, 1, 1, 2, 1, 2, 2, 0, 0, 2, 1, 0, 1, 2, 1, 2, 1, 1, 1, 1, 1, 1, 2, 1, 1, 2, 0, 0, 0, 0, 2, 1, 2, 0, 1, 0, 0, 0, 0, 0, 2, 0, 1, 0, 0, 1, 0, 1, 2, 2]|[4, 3, 2, 2, 0, 0, 1, 2, 1, 4, 1, 0, 2, 4, 4, 1, 1, 4, 2, 1, 1, 0, 1, 2, 1, 1, 1, 1, 1, 3, 2, 3, 0, 4, 0, 1, 1, 0, 3, 2, 2, 4, 0, 1, 1, 0, 2, 0, 1, 2, 2, 1, 4, 0, 3, 2, 1, 1, 2, 1, 3, 1, 1, 1, 3, 0, 4, 3, 1, 4, 1, 2, 1, 4, 4, 1, 2, 1, 1, 1, 1, 3, 1, 1, 1, 1, 1, 1, 2, 2, 0, 2, 4, 1, 2, 1, 2, 3, 1, 1]|[2, 2, 1, 1, 3, 3, 0, 1, 0, 0, 0, 1, 1, 0, 1, 0, 0, 3, 1, 0, 0, 0, 3, 1, 0, 0, 0, 0, 1, 0, 0, 0, 0, 3, 0, 1, 0, 0, 2, 1, 1, 2, 0, 0, 0, 0, 1, 1, 0, 0, 0, 1, 3, 0, 0, 1, 0, 0, 1, 0, 2, 0, 1, 0, 2, 1, 0, 0, 1, 1, 3, 2, 0, 0, 3, 0, 1, 0, 0, 0, 0, 0, 0, 0, 1, 0, 0, 0, 1, 1, 1, 0, 3, 1, 0, 1, 0, 2, 0, 0],701.9269445084548,58814.16448267554,96724.70889609086,false
60,G4_BALANCED,G4_BALANCED,[31, 11, 82, 15, 26, 9, 95, 42, 77, 68, 47, 5, 93, 78, 86, 54, 85, 63, 18, 44, 20, 49, 36, 14, 74, 50, 53, 17, 21, 45, 71, 64, 3, 23, 30, 83, 24, 41, 60, 52, 65, 27, 90, 70, 39, 87, 48, 69, 99, 4, 46, 1, 13, 58, 97, 59, 28, 75, 73, 37, 35, 79, 22, 66, 76, 32, 40, 80, 96, 6, 61, 16, 7, 33, 57, 34, 12, 67, 10, 98, 56, 88, 29, 8, 91, 38, 19, 92, 43, 84, 51, 72, 81, 25, 94, 55, 0, 89, 2, 62]|[2, 1, 2, 1, 1, 2, 1, 1, 1, 1, 1, 0, 2, 2, 1, 2, 0, 0, 0, 2, 2, 1, 0, 2, 0, 2, 2, 1, 0, 1, 1, 1, 0, 0, 1, 0, 2, 1, 2, 2, 0, 0, 1, 1, 0, 2, 0, 2, 1, 0, 0, 2, 0, 0, 2, 0, 1, 1, 0, 0, 2, 1, 0, 2, 2, 0, 2, 2, 0, 1, 2, 2, 2, 1, 0, 1, 1, 1, 1, 2, 2, 1, 1, 0, 1, 0, 1, 0, 1, 0, 1, 1, 1, 1, 2, 0, 0, 1, 2, 1]|[0, 3, 0, 2, 4, 1, 4, 4, 2, 4, 3, 2, 1, 0, 2, 1, 1, 1, 2, 1, 1, 3, 0, 1, 0, 1, 1, 4, 1, 4, 3, 2, 2, 0, 4, 1, 1, 4, 0, 1, 2, 1, 4, 4, 1, 1, 0, 2, 3, 1, 2, 1, 2, 1, 1, 2, 4, 3, 0, 2, 2, 3, 1, 0, 1, 2, 0, 1, 2, 4, 1, 1, 1, 4, 2, 4, 3, 3, 3, 1, 1, 4, 3, 2, 3, 2, 4, 2, 4, 2, 3, 4, 1, 4, 1, 2, 2, 4, 1, 3]|[0, 2, 0, 1, 3, 0, 1, 3, 0, 0, 2, 0, 1, 0, 1, 0, 0, 0, 1, 0, 0, 2, 0, 0, 1, 0, 0, 3, 0, 1, 0, 2, 0, 1, 3, 0, 1, 3, 1, 0, 0, 0, 1, 3, 0, 0, 1, 0, 2, 0, 0, 0, 0, 0, 1, 0, 1, 0, 1, 1, 0, 2, 0, 0, 0, 0, 1, 0, 0, 2, 0, 0, 0, 1, 0, 1, 0, 0, 3, 0, 0, 1, 0, 0, 0, 0, 3, 0, 2, 0, 0, 2, 1, 3, 0, 0, 0, 1, 0, 0],843.8855010804491,52510.30755899072,105664.6447807653,false
60,G2_TEC,G2_TEC,[20, 94, 66, 15, 26, 9, 95, 42, 77, 68, 47, 5, 3, 14, 86, 54, 85, 63, 18, 44, 31, 49, 36, 78, 74, 50, 53, 17, 21, 28, 11, 64, 93, 23, 30, 83, 24, 41, 40, 52, 65, 27, 90, 70, 39, 87, 48, 69, 99, 4, 46, 1, 13, 56, 97, 59, 45, 8, 73, 37, 35, 79, 71, 82, 76, 32, 60, 80, 58, 6, 67, 61, 33, 7, 57, 34, 12, 16, 10, 22, 96, 88, 43, 81, 91, 2, 84, 29, 92, 19, 51, 89, 38, 25, 72, 75, 98, 62, 55, 0]|[2, 1, 2, 1, 1, 2, 1, 1, 1, 1, 1, 0, 2, 2, 1, 2, 0, 0, 0, 2, 2, 1, 0, 2, 0, 2, 2, 1, 0, 1, 1, 1, 0, 0, 1, 0, 2, 1, 2, 2, 0, 0, 1, 1, 0, 2, 0, 2, 1, 0, 0, 2, 0, 2, 2, 0, 1, 1, 0, 0, 2, 1, 1, 2, 2, 0, 2, 2, 2, 1, 2, 1, 1, 2, 0, 1, 1, 2, 1, 2, 0, 1, 1, 1, 1, 0, 0, 1, 0, 1, 1, 1, 0, 1, 1, 0, 2, 1, 0, 0]|[1, 3, 1, 3, 4, 1, 4, 4, 4, 4, 3, 2, 1, 0, 2, 1, 1, 1, 2, 1, 1, 3, 0, 1, 0, 1, 1, 4, 1, 4, 3, 2, 2, 0, 4, 1, 1, 4, 1, 1, 2, 1, 4, 4, 1, 1, 0, 1, 3, 2, 2, 1, 2, 1, 1, 2, 4, 3, 0, 2, 1, 3, 3, 1, 1, 2, 1, 1, 1, 4, 1, 3, 4, 1, 2, 4, 3, 1, 3, 1, 2, 4, 4, 4, 3, 2, 2, 3, 2, 4, 3, 4, 2, 4, 4, 2, 1, 3, 2, 2]|[0, 2, 0, 0, 3, 0, 1, 3, 1, 0, 2, 0, 1, 0, 1, 0, 0, 0, 1, 0, 0, 2, 0, 0, 1, 0, 0, 3, 0, 1, 0, 2, 0, 0, 3, 0, 1, 1, 0, 0, 0, 0, 1, 3, 0, 0, 1, 0, 2, 0, 0, 0, 0, 0, 1, 0, 1, 0, 1, 1, 0, 2, 0, 0, 0, 0, 0, 0, 0, 2, 0, 0, 1, 0, 0, 1, 0, 0, 3, 0, 0, 1, 2, 2, 0, 0, 0, 3, 0, 1, 0, 1, 0, 3, 1, 0, 0, 0, 0, 0],910.6016522559228,48196.44872629531,105119.71286620182,false
60,G3_TWC,G3_TWC,[31, 22, 42, 15, 26, 58, 95, 82, 77, 12, 47, 5, 93, 78, 98, 54, 85, 63, 46, 44, 20, 35, 43, 97, 91, 76, 10, 30, 21, 45, 71, 64, 1, 23, 17, 83, 24, 61, 60, 49, 6, 57, 94, 88, 65, 56, 79, 40, 89, 68, 18, 75, 0, 9, 19, 32, 81, 41, 27, 62, 87, 90, 99, 59, 53, 16, 72, 73, 70, 39, 37, 84, 3, 92, 25, 74, 28, 38, 51, 7, 11, 14, 86, 48, 67, 66, 50, 96, 33, 80, 8, 4, 29, 55, 36, 52, 13, 2, 69, 34]|[1, 1, 0, 1, 1, 1, 2, 1, 2, 1, 2, 2, 2, 1, 1, 0, 0, 1, 0, 2, 2, 0, 1, 2, 0, 1, 2, 2, 0, 0, 1, 2, 1, 0, 1, 0, 2, 0, 1, 1, 0, 1, 1, 1, 0, 2, 1, 1, 1, 0, 0, 0, 1, 1, 2, 1, 2, 0, 0, 0, 2, 1, 0, 1, 0, 1, 2, 1, 1, 1, 1, 1, 2, 0, 1, 2, 0, 0, 0, 1, 0, 1, 0, 0, 1, 0, 0, 0, 2, 0, 1, 0, 0, 1, 0, 1, 0, 0, 1, 2]|[4, 3, 2, 2, 0, 0, 2, 2, 2, 4, 1, 1, 2, 4, 4, 1, 1, 4, 2, 1, 1, 1, 1, 2, 1, 2, 1, 1, 1, 1, 3, 2, 3, 0, 4, 0, 1, 1, 0, 3, 2, 2, 4, 0, 1, 1, 3, 2, 1, 1, 2, 2, 1, 4, 0, 3, 2, 1, 1, 2, 1, 3, 1, 1, 2, 3, 0, 4, 3, 1, 4, 1, 1, 2, 4, 1, 2, 1, 1, 3, 2, 3, 1, 1, 1, 1, 1, 1, 1, 1, 3, 2, 2, 4, 1, 1, 2, 2, 3, 1]|[0, 2, 1, 1, 3, 3, 0, 1, 0, 0, 0, 0, 1, 0, 1, 0, 0, 3, 1, 0, 0, 0, 3, 1, 0, 2, 0, 0, 0, 1, 0, 0, 0, 0, 3, 0, 1, 0, 0, 2, 1, 1, 2, 0, 0, 0, 0, 1, 1, 0, 0, 0, 1, 3, 0, 0, 1, 0, 0, 1, 0, 2, 0, 1, 1, 2, 1, 0, 0, 1, 1, 3, 0, 1, 3, 0, 1, 0, 0, 2, 1, 0, 0, 0, 1, 0, 0, 0, 0, 0, 2, 1, 0, 3, 1, 1, 0, 0, 0, 0],833.4359641689811,57767.6273409838,86364.29346224964,false
60,G1_CMAX,G1_CMAX,[31, 22, 42, 15, 26, 58, 95, 82, 77, 12, 47, 5, 93, 78, 98, 85, 54, 63, 18, 44, 20, 35, 43, 97, 91, 10, 30, 21, 61, 71, 64, 1, 23, 17, 83, 24, 50, 60, 36, 6, 57, 94, 88, 65, 56, 79, 40, 67, 68, 46, 75, 38, 9, 19, 32, 81, 41, 27, 62, 87, 90, 99, 59, 11, 16, 72, 73, 70, 39, 37, 84, 76, 3, 92, 25, 74, 28, 7, 51, 29, 33, 14, 86, 66, 89, 45, 80, 96, 53, 4, 48, 2, 55, 49, 0, 52, 13, 8, 69, 34]|[1, 1, 1, 1, 1, 1, 2, 1, 2, 1, 2, 0, 2, 1, 1, 0, 0, 1, 0, 2, 2, 2, 1, 2, 0, 2, 2, 0, 0, 1, 2, 1, 2, 1, 0, 2, 0, 1, 1, 0, 1, 1, 1, 0, 2, 1, 1, 0, 0, 0, 0, 1, 1, 2, 1, 2, 2, 0, 0, 2, 1, 0, 1, 2, 1, 2, 1, 1, 1, 1, 1, 1, 2, 1, 1, 2, 0, 0, 0, 0, 2, 1, 2, 0, 1, 0, 0, 0, 0, 0, 2, 0, 1, 0, 0, 1, 0, 1, 2, 2]|[4, 3, 2, 2, 0, 0, 1, 2, 1, 4, 1, 0, 2, 4, 4, 1, 1, 4, 2, 1, 1, 0, 1, 2, 1, 1, 1, 1, 1, 3, 2, 3, 0, 4, 0, 1, 1, 0, 3, 2, 2, 4, 0, 1, 1, 0, 2, 0, 1, 2, 2, 1, 4, 0, 3, 2, 1, 1, 2, 1, 3, 1, 1, 1, 3, 0, 4, 3, 1, 4, 1, 2, 1, 4, 4, 1, 2, 1, 1, 1, 1, 3, 1, 1, 1, 1, 1, 1, 2, 2, 0, 2, 4, 1, 2, 1, 2, 3, 1, 1]|[2, 2, 1, 1, 3, 3, 0, 1, 0, 0, 0, 1, 1, 0, 1, 0, 0, 3, 1, 0, 0, 0, 3, 1, 0, 0, 0, 0, 1, 0, 0, 0, 0, 3, 0, 1, 0, 0, 2, 1, 1, 2, 0, 0, 0, 0, 1, 1, 0, 0, 0, 1, 3, 0, 0, 1, 0, 0, 1, 0, 2, 0, 1, 0, 2, 1, 0, 0, 1, 1, 3, 2, 0, 0, 3, 0, 1, 0, 0, 0, 0, 0, 0, 0, 1, 0, 0, 0, 1, 1, 1, 0, 3, 1, 0, 1, 0, 2, 0, 0],701.9269445084548,58814.16448267554,96724.70889609086,false
60,G4_BALANCED,G4_BALANCED,[31, 22, 82, 15, 26, 58, 95, 42, 77, 12, 47, 5, 93, 78, 86, 54, 85, 63, 18, 44, 20, 35, 43, 97, 91, 76, 10, 30, 21, 45, 71, 64, 1, 23, 17, 83, 24, 14, 60, 36, 6, 57, 40, 88, 65, 56, 79, 94, 67, 68, 46, 29, 38, 9, 19, 32, 81, 41, 27, 87, 62, 90, 99, 59, 11, 66, 72, 73, 39, 70, 37, 84, 3, 92, 25, 74, 28, 75, 51, 7, 55, 61, 98, 48, 89, 16, 50, 96, 33, 80, 4, 8, 53, 49, 0, 52, 13, 2, 69, 34]|[1, 1, 0, 1, 1, 0, 1, 2, 2, 1, 2, 2, 2, 1, 1, 0, 0, 1, 0, 2, 2, 0, 1, 2, 0, 1, 2, 2, 0, 0, 1, 2, 1, 2, 1, 0, 2, 0, 1, 1, 0, 1, 1, 1, 0, 2, 1, 1, 0, 0, 0, 0, 1, 1, 2, 1, 2, 0, 0, 2, 2, 1, 0, 1, 2, 2, 2, 1, 1, 1, 1, 1, 1, 0, 1, 2, 0, 0, 0, 1, 2, 1, 2, 0, 1, 1, 0, 2, 2, 0, 1, 1, 0, 0, 0, 1, 0, 0, 1, 2]|[4, 3, 2, 2, 4, 1, 2, 2, 2, 4, 1, 1, 2, 4, 4, 1, 2, 4, 2, 1, 1, 1, 1, 2, 1, 2, 1, 1, 1, 1, 3, 2, 3, 1, 4, 0, 1, 1, 0, 3, 2, 2, 2, 0, 1, 1, 0, 4, 0, 1, 2, 2, 1, 4, 0, 3, 1, 1, 1, 1, 1, 3, 1, 1, 1, 1, 1, 4, 3, 3, 4, 1, 1, 2, 4, 1, 2, 2, 1, 1, 1, 3, 1, 1, 1, 3, 1, 1, 1, 1, 4, 3, 2, 1, 2, 1, 2, 2, 4, 1]|[0, 2, 1, 1, 3, 0, 1, 0, 0, 0, 0, 0, 1, 0, 1, 0, 0, 3, 1, 0, 0, 0, 3, 1, 0, 2, 0, 0, 0, 1, 0, 0, 0, 0, 3, 0, 1, 0, 0, 2, 1, 1, 1, 0, 0, 0, 0, 2, 1, 0, 0, 0, 1, 3, 0, 0, 0, 0, 0, 0, 0, 2, 0, 1, 0, 0, 0, 0, 0, 0, 1, 3, 1, 1, 3, 0, 1, 0, 0, 2, 0, 0, 0, 0, 1, 2, 0, 0, 0, 0, 0, 2, 1, 1, 0, 1, 0, 0, 2, 0],798.0294042478927,55202.006513415756,98789.04139124315,false
60,G2_TEC,G2_TEC,[20, 94, 66, 15, 26, 9, 95, 42, 77, 68, 47, 5, 3, 14, 86, 54, 85, 63, 18, 44, 31, 49, 36, 78, 74, 50, 53, 17, 21, 28, 11, 64, 93, 23, 30, 83, 24, 41, 40, 52, 65, 27, 90, 70, 39, 87, 48, 69, 99, 4, 46, 1, 13, 56, 97, 59, 45, 8, 73, 37, 35, 79, 71, 82, 76, 32, 60, 80, 58, 6, 67, 61, 33, 7, 57, 34, 12, 16, 10, 22, 96, 88, 43, 81, 91, 2, 84, 29, 92, 19, 51, 89, 38, 25, 72, 75, 98, 62, 55, 0]|[2, 1, 2, 1, 1, 2, 1, 1, 1, 1, 1, 0, 2, 2, 1, 2, 0, 0, 0, 2, 2, 1, 0, 2, 0, 2, 2, 1, 0, 1, 1, 1, 0, 0, 1, 0, 2, 1, 2, 2, 0, 0, 1, 1, 0, 2, 0, 2, 1, 0, 0, 2, 0, 2, 2, 0, 1, 1, 0, 0, 2, 1, 1, 2, 2, 0, 2, 2, 2, 1, 2, 1, 1, 2, 0, 1, 1, 2, 1, 2, 0, 1, 1, 1, 1, 0, 0, 1, 0, 1, 1, 1, 0, 1, 1, 0, 2, 1, 0, 0]|[1, 3, 1, 3, 4, 1, 4, 4, 4, 4, 3, 2, 1, 0, 2, 1, 1, 1, 2, 1, 1, 3, 0, 1, 0, 1, 1, 4, 1, 4, 3, 2, 2, 0, 4, 1, 1, 4, 1, 1, 2, 1, 4, 4, 1, 1, 0, 1, 3, 2, 2, 1, 2, 1, 1, 2, 4, 3, 0, 2, 1, 3, 3, 1, 1, 2, 1, 1, 1, 4, 1, 3, 4, 1, 2, 4, 3, 1, 3, 1, 2, 4, 4, 4, 3, 2, 2, 3, 2, 4, 3, 4, 2, 4, 4, 2, 1, 3, 2, 2]|[0, 2, 0, 0, 3, 0, 1, 3, 1, 0, 2, 0, 1, 0, 1, 0, 0, 0, 1, 0, 0, 2, 0, 0, 1, 0, 0, 3, 0, 1, 0, 2, 0, 0, 3, 0, 1, 1, 0, 0, 0, 0, 1, 3, 0, 0, 1, 0, 2, 0, 0, 0, 0, 0, 1, 0, 1, 0, 1, 1, 0, 2, 0, 0, 0, 0, 0, 0, 0, 2, 0, 0, 1, 0, 0, 1, 0, 0, 3, 0, 0, 1, 2, 2, 0, 0, 0, 3, 0, 1, 0, 1, 0, 3, 1, 0, 0, 0, 0, 0],910.6016522559228,48196.44872629531,105119.71286620182,false
60,G3_TWC,G3_TWC,[31, 22, 42, 15, 26, 58, 95, 82, 77, 12, 47, 5, 93, 78, 98, 54, 85, 63, 46, 44, 20, 35, 43, 97, 91, 76, 10, 30, 21, 45, 71, 64, 1, 23, 17, 83, 24, 61, 60, 49, 6, 57, 94, 88, 65, 56, 79, 40, 89, 68, 18, 75, 0, 9, 19, 32, 81, 41, 27, 62, 87, 90, 99, 59, 53, 16, 72, 73, 70, 39, 37, 84, 3, 92, 25, 74, 28, 38, 51, 7, 11, 14, 86, 48, 67, 66, 50, 96, 33, 80, 8, 4, 29, 55, 36, 52, 13, 2, 69, 34]|[1, 1, 0, 1, 1, 1, 2, 1, 2, 1, 2, 2, 2, 1, 1, 0, 0, 1, 0, 2, 2, 0, 1, 2, 0, 1, 2, 2, 0, 0, 1, 2, 1, 0, 1, 0, 2, 0, 1, 1, 0, 1, 1, 1, 0, 2, 1, 1, 1, 0, 0, 0, 1, 1, 2, 1, 2, 0, 0, 0, 2, 1, 0, 1, 0, 1, 2, 1, 1, 1, 1, 1, 2, 0, 1, 2, 0, 0, 0, 1, 0, 1, 0, 0, 1, 0, 0, 0, 2, 0, 1, 0, 0, 1, 0, 1, 0, 0, 1, 2]|[4, 3, 2, 2, 0, 0, 2, 2, 2, 4, 1, 1, 2, 4, 4, 1, 1, 4, 2, 1, 1, 1, 1, 2, 1, 2, 1, 1, 1, 1, 3, 2, 3, 0, 4, 0, 1, 1, 0, 3, 2, 2, 4, 0, 1, 1, 3, 2, 1, 1, 2, 2, 1, 4, 0, 3, 2, 1, 1, 2, 1, 3, 1, 1, 2, 3, 0, 4, 3, 1, 4, 1, 1, 2, 4, 1, 2, 1, 1, 3, 2, 3, 1, 1, 1, 1, 1, 1, 1, 1, 3, 2, 2, 4, 1, 1, 2, 2, 3, 1]|[0, 2, 1, 1, 3, 3, 0, 1, 0, 0, 0, 0, 1, 0, 1, 0, 0, 3, 1, 0, 0, 0, 3, 1, 0, 2, 0, 0, 0, 1, 0, 0, 0, 0, 3, 0, 1, 0, 0, 2, 1, 1, 2, 0, 0, 0, 0, 1, 1, 0, 0, 0, 1, 3, 0, 0, 1, 0, 0, 1, 0, 2, 0, 1, 1, 2, 1, 0, 0, 1, 1, 3, 0, 1, 3, 0, 1, 0, 0, 2, 1, 0, 0, 0, 1, 0, 0, 0, 0, 0, 2, 1, 0, 3, 1, 1, 0, 0, 0, 0],833.4359641689811,57767.6273409838,86364.29346224964,false
60,G1_CMAX,G1_CMAX,[31, 22, 42, 15, 26, 58, 95, 82, 77, 12, 47, 5, 93, 78, 98, 85, 54, 63, 18, 44, 20, 35, 43, 97, 91, 10, 30, 21, 61, 71, 64, 1, 23, 17, 83, 24, 50, 60, 36, 6, 57, 94, 88, 65, 56, 79, 40, 67, 68, 46, 75, 38, 9, 19, 32, 81, 41, 27, 62, 87, 90, 99, 59, 11, 16, 72, 73, 70, 39, 37, 84, 76, 3, 92, 25, 74, 28, 7, 51, 29, 33, 14, 86, 66, 89, 45, 80, 96, 53, 4, 48, 2, 55, 49, 0, 52, 13, 8, 69, 34]|[1, 1, 1, 1, 1, 1, 2, 1, 2, 1, 2, 0, 2, 1, 1, 0, 0, 1, 0, 2, 2, 2, 1, 2, 0, 2, 2, 0, 0, 1, 2, 1, 2, 1, 0, 2, 0, 1, 1, 0, 1, 1, 1, 0, 2, 1, 1, 0, 0, 0, 0, 1, 1, 2, 1, 2, 2, 0, 0, 2, 1, 0, 1, 2, 1, 2, 1, 1, 1, 1, 1, 1, 2, 1, 1, 2, 0, 0, 0, 0, 2, 1, 2, 0, 1, 0, 0, 0, 0, 0, 2, 0, 1, 0, 0, 1, 0, 1, 2, 2]|[4, 3, 2, 2, 0, 0, 1, 2, 1, 4, 1, 0, 2, 4, 4, 1, 1, 4, 2, 1, 1, 0, 1, 2, 1, 1, 1, 1, 1, 3, 2, 3, 0, 4, 0, 1, 1, 0, 3, 2, 2, 4, 0, 1, 1, 0, 2, 0, 1, 2, 2, 1, 4, 0, 3, 2, 1, 1, 2, 1, 3, 1, 1, 1, 3, 0, 4, 3, 1, 4, 1, 2, 1, 4, 4, 1, 2, 1, 1, 1, 1, 3, 1, 1, 1, 1, 1, 1, 2, 2, 0, 2, 4, 1, 2, 1, 2, 3, 1, 1]|[2, 2, 1, 1, 3, 3, 0, 1, 0, 0, 0, 1, 1, 0, 1, 0, 0, 3, 1, 0, 0, 0, 3, 1, 0, 0, 0, 0, 1, 0, 0, 0, 0, 3, 0, 1, 0, 0, 2, 1, 1, 2, 0, 0, 0, 0, 1, 1, 0, 0, 0, 1, 3, 0, 0, 1, 0, 0, 1, 0, 2, 0, 1, 0, 2, 1, 0, 0, 1, 1, 3, 2, 0, 0, 3, 0, 1, 0, 0, 0, 0, 0, 0, 0, 1, 0, 0, 0, 1, 1, 1, 0, 3, 1, 0, 1, 0, 2, 0, 0],701.9269445084548,58814.16448267554,96724.70889609086,false
60,G4_BALANCED,G4_BALANCED,[31, 22, 42, 15, 26, 58, 95, 82, 77, 12, 47, 5, 93, 78, 98, 54, 85, 63, 18, 44, 20, 35, 43, 97, 91, 76, 10, 30, 21, 45, 71, 64, 1, 23, 17, 83, 24, 61, 60, 36, 6, 57, 94, 88, 65, 56, 79, 40, 67, 68, 46, 29, 38, 9, 19, 32, 81, 41, 27, 87, 90, 62, 99, 59, 11, 16, 72, 73, 70, 39, 37, 84, 3, 92, 25, 74, 28, 0, 51, 7, 53, 14, 86, 48, 89, 50, 66, 96, 33, 80, 8, 4, 34, 49, 55, 52, 13, 2, 69, 75]|[1, 1, 0, 1, 1, 1, 2, 1, 2, 1, 2, 2, 2, 1, 1, 0, 0, 1, 0, 2, 2, 0, 1, 2, 0, 1, 2, 2, 0, 0, 1, 2, 1, 0, 1, 0, 2, 0, 1, 1, 0, 1, 1, 1, 0, 2, 1, 1, 0, 0, 0, 0, 0, 1, 2, 1, 2, 0, 0, 0, 1, 2, 0, 1, 2, 1, 2, 1, 1, 1, 1, 1, 2, 0, 1, 2, 0, 0, 0, 1, 0, 1, 0, 0, 1, 0, 2, 2, 2, 0, 1, 0, 2, 2, 1, 1, 0, 0, 1, 0]|[4, 3, 2, 2, 0, 0, 2, 2, 2, 4, 1, 1, 2, 4, 4, 1, 1, 4, 2, 1, 1, 1, 1, 2, 1, 2, 1, 1, 1, 1, 3, 2, 3, 0, 4, 0, 1, 1, 0, 3, 2, 2, 4, 0, 1, 1, 3, 2, 0, 1, 2, 2, 2, 4, 0, 3, 2, 1, 1, 2, 3, 1, 1, 1, 1, 3, 1, 4, 3, 1, 4, 1, 1, 0, 4, 1, 2, 1, 1, 3, 2, 3, 1, 1, 1, 1, 1, 1, 1, 1, 3, 2, 1, 1, 4, 1, 2, 2, 3, 2]|[0, 2, 1, 1, 3, 3, 0, 1, 0, 0, 0, 0, 1, 0, 1, 0, 0, 3, 1, 0, 0, 0, 3, 1, 0, 2, 0, 0, 0, 1, 0, 0, 0, 0, 3, 0, 1, 0, 0, 2, 1, 1, 2, 0, 0, 0, 0, 1, 1, 0, 0, 0, 0, 3, 0, 0, 1, 0, 0, 1, 2, 0, 0, 1, 0, 2, 0, 0, 0, 1, 1, 3, 0, 1, 3, 0, 1, 0, 0, 2, 1, 0, 0, 0, 1, 0, 0, 0, 0, 0, 2, 1, 0, 0, 3, 1, 0, 0, 0, 0],849.0406779635867,55896.88628541617,91383.33683541272,false
60,G2_TEC,G2_TEC,[20, 94, 66, 15, 26, 9, 95, 42, 77, 68, 47, 5, 3, 14, 86, 54, 85, 63, 18, 44, 31, 49, 36, 78, 74, 50, 53, 17, 21, 28, 11, 64, 93, 23, 30, 83, 24, 41, 40, 52, 65, 27, 90, 70, 39, 87, 48, 69, 99, 4, 46, 1, 13, 56, 97, 59, 45, 8, 73, 37, 35, 79, 71, 82, 76, 32, 60, 80, 58, 6, 67, 61, 33, 7, 57, 34, 12, 16, 10, 22, 96, 88, 43, 81, 91, 2, 84, 29, 92, 19, 51, 89, 38, 25, 72, 75, 98, 62, 55, 0]|[2, 1, 2, 1, 1, 2, 1, 1, 1, 1, 1, 0, 2, 2, 1, 2, 0, 0, 0, 2, 2, 1, 0, 2, 0, 2, 2, 1, 0, 1, 1, 1, 0, 0, 1, 0, 2, 1, 2, 2, 0, 0, 1, 1, 0, 2, 0, 2, 1, 0, 0, 2, 0, 2, 2, 0, 1, 1, 0, 0, 2, 1, 1, 2, 2, 0, 2, 2, 2, 1, 2, 1, 1, 2, 0, 1, 1, 2, 1, 2, 0, 1, 1, 1, 1, 0, 0, 1, 0, 1, 1, 1, 0, 1, 1, 0, 2, 1, 0, 0]|[1, 3, 1, 3, 4, 1, 4, 4, 4, 4, 3, 2, 1, 0, 2, 1, 1, 1, 2, 1, 1, 3, 0, 1, 0, 1, 1, 4, 1, 4, 3, 2, 2, 0, 4, 1, 1, 4, 1, 1, 2, 1, 4, 4, 1, 1, 0, 1, 3, 2, 2, 1, 2, 1, 1, 2, 4, 3, 0, 2, 1, 3, 3, 1, 1, 2, 1, 1, 1, 4, 1, 3, 4, 1, 2, 4, 3, 1, 3, 1, 2, 4, 4, 4, 3, 2, 2, 3, 2, 4, 3, 4, 2, 4, 4, 2, 1, 3, 2, 2]|[0, 2, 0, 0, 3, 0, 1, 3, 1, 0, 2, 0, 1, 0, 1, 0, 0, 0, 1, 0, 0, 2, 0, 0, 1, 0, 0, 3, 0, 1, 0, 2, 0, 0, 3, 0, 1, 1, 0, 0, 0, 0, 1, 3, 0, 0, 1, 0, 2, 0, 0, 0, 0, 0, 1, 0, 1, 0, 1, 1, 0, 2, 0, 0, 0, 0, 0, 0, 0, 2, 0, 0, 1, 0, 0, 1, 0, 0, 3, 0, 0, 1, 2, 2, 0, 0, 0, 3, 0, 1, 0, 1, 0, 3, 1, 0, 0, 0, 0, 0],910.6016522559228,48196.44872629531,105119.71286620182,false
60,G3_TWC,G3_TWC,[31, 22, 42, 15, 26, 58, 95, 82, 77, 12, 47, 5, 93, 78, 98, 54, 85, 63, 46, 44, 20, 35, 43, 97, 91, 76, 10, 30, 21, 45, 71, 64, 1, 23, 17, 83, 24, 61, 60, 49, 6, 57, 94, 88, 65, 56, 79, 40, 89, 68, 18, 75, 0, 9, 19, 32, 81, 41, 27, 62, 87, 90, 99, 59, 53, 16, 72, 73, 70, 39, 37, 84, 3, 92, 25, 74, 28, 38, 51, 7, 11, 14, 86, 48, 67, 66, 50, 96, 33, 80, 8, 4, 29, 55, 36, 52, 13, 2, 69, 34]|[1, 1, 0, 1, 1, 1, 2, 1, 2, 1, 2, 2, 2, 1, 1, 0, 0, 1, 0, 2, 2, 0, 1, 2, 0, 1, 2, 2, 0, 0, 1, 2, 1, 0, 1, 0, 2, 0, 1, 1, 0, 1, 1, 1, 0, 2, 1, 1, 1, 0, 0, 0, 1, 1, 2, 1, 2, 0, 0, 0, 2, 1, 0, 1, 0, 1, 2, 1, 1, 1, 1, 1, 2, 0, 1, 2, 0, 0, 0, 1, 0, 1, 0, 0, 1, 0, 0, 0, 2, 0, 1, 0, 0, 1, 0, 1, 0, 0, 1, 2]|[4, 3, 2, 2, 0, 0, 2, 2, 2, 4, 1, 1, 2, 4, 4, 1, 1, 4, 2, 1, 1, 1, 1, 2, 1, 2, 1, 1, 1, 1, 3, 2, 3, 0, 4, 0, 1, 1, 0, 3, 2, 2, 4, 0, 1, 1, 3, 2, 1, 1, 2, 2, 1, 4, 0, 3, 2, 1, 1, 2, 1, 3, 1, 1, 2, 3, 0, 4, 3, 1, 4, 1, 1, 2, 4, 1, 2, 1, 1, 3, 2, 3, 1, 1, 1, 1, 1, 1, 1, 1, 3, 2, 2, 4, 1, 1, 2, 2, 3, 1]|[0, 2, 1, 1, 3, 3, 0, 1, 0, 0, 0, 0, 1, 0, 1, 0, 0, 3, 1, 0, 0, 0, 3, 1, 0, 2, 0, 0, 0, 1, 0, 0, 0, 0, 3, 0, 1, 0, 0, 2, 1, 1, 2, 0, 0, 0, 0, 1, 1, 0, 0, 0, 1, 3, 0, 0, 1, 0, 0, 1, 0, 2, 0, 1, 1, 2, 1, 0, 0, 1, 1, 3, 0, 1, 3, 0, 1, 0, 0, 2, 1, 0, 0, 0, 1, 0, 0, 0, 0, 0, 2, 1, 0, 3, 1, 1, 0, 0, 0, 0],833.4359641689811,57767.6273409838,86364.29346224964,false
60,G1_CMAX,G1_CMAX,[31, 22, 42, 15, 26, 58, 95, 82, 77, 12, 47, 5, 93, 78, 98, 85, 54, 63, 18, 44, 20, 35, 43, 97, 91, 10, 30, 21, 61, 71, 64, 1, 23, 17, 83, 24, 50, 60, 36, 6, 57, 94, 88, 65, 56, 79, 40, 67, 68, 46, 75, 38, 9, 19, 32, 81, 41, 27, 62, 87, 90, 99, 59, 11, 16, 72, 73, 70, 39, 37, 84, 76, 3, 92, 25, 74, 28, 7, 51, 29, 33, 14, 86, 66, 89, 45, 80, 96, 53, 4, 48, 2, 55, 49, 0, 52, 13, 8, 69, 34]|[1, 1, 1, 1, 1, 1, 2, 1, 2, 1, 2, 0, 2, 1, 1, 0, 0, 1, 0, 2, 2, 2, 1, 2, 0, 2, 2, 0, 0, 1, 2, 1, 2, 1, 0, 2, 0, 1, 1, 0, 1, 1, 1, 0, 2, 1, 1, 0, 0, 0, 0, 1, 1, 2, 1, 2, 2, 0, 0, 2, 1, 0, 1, 2, 1, 2, 1, 1, 1, 1, 1, 1, 2, 1, 1, 2, 0, 0, 0, 0, 2, 1, 2, 0, 1, 0, 0, 0, 0, 0, 2, 0, 1, 0, 0, 1, 0, 1, 2, 2]|[4, 3, 2, 2, 0, 0, 1, 2, 1, 4, 1, 0, 2, 4, 4, 1, 1, 4, 2, 1, 1, 0, 1, 2, 1, 1, 1, 1, 1, 3, 2, 3, 0, 4, 0, 1, 1, 0, 3, 2, 2, 4, 0, 1, 1, 0, 2, 0, 1, 2, 2, 1, 4, 0, 3, 2, 1, 1, 2, 1, 3, 1, 1, 1, 3, 0, 4, 3, 1, 4, 1, 2, 1, 4, 4, 1, 2, 1, 1, 1, 1, 3, 1, 1, 1, 1, 1, 1, 2, 2, 0, 2, 4, 1, 2, 1, 2, 3, 1, 1]|[2, 2, 1, 1, 3, 3, 0, 1, 0, 0, 0, 1, 1, 0, 1, 0, 0, 3, 1, 0, 0, 0, 3, 1, 0, 0, 0, 0, 1, 0, 0, 0, 0, 3, 0, 1, 0, 0, 2, 1, 1, 2, 0, 0, 0, 0, 1, 1, 0, 0, 0, 1, 3, 0, 0, 1, 0, 0, 1, 0, 2, 0, 1, 0, 2, 1, 0, 0, 1, 1, 3, 2, 0, 0, 3, 0, 1, 0, 0, 0, 0, 0, 0, 0, 1, 0, 0, 0, 1, 1, 1, 0, 3, 1, 0, 1, 0, 2, 0, 0],701.9269445084548,58814.16448267554,96724.70889609086,false
60,G4_BALANCED,G3_TWC,[31, 22, 42, 15, 26, 58, 95, 82, 77, 12, 47, 5, 93, 78, 98, 54, 85, 63, 18, 44, 20, 35, 43, 97, 91, 76, 10, 30, 21, 45, 71, 64, 1, 23, 17, 83, 24, 61, 60, 49, 6, 57, 94, 88, 65, 56, 79, 40, 67, 68, 46, 75, 0, 9, 19, 32, 81, 41, 27, 62, 87, 90, 99, 59, 11, 16, 72, 73, 70, 39, 37, 84, 3, 92, 25, 74, 28, 48, 51, 7, 53, 14, 86, 66, 89, 38, 50, 96, 33, 80, 8, 4, 34, 36, 55, 52, 29, 13, 69, 2]|[1, 1, 0, 1, 1, 1, 2, 1, 2, 1, 2, 2, 2, 1, 1, 0, 0, 1, 0, 2, 2, 0, 1, 2, 0, 1, 2, 2, 0, 0, 1, 2, 1, 0, 1, 0, 2, 0, 1, 1, 0, 1, 1, 1, 0, 2, 1, 1, 0, 0, 0, 0, 1, 1, 2, 1, 2, 0, 0, 0, 2, 1, 0, 1, 0, 1, 2, 1, 1, 1, 1, 1, 2, 0, 1, 2, 0, 0, 0, 1, 0, 1, 0, 0, 1, 0, 0, 0, 2, 0, 1, 0, 2, 0, 1, 1, 0, 0, 1, 0]|[4, 3, 2, 2, 0, 0, 2, 2, 2, 4, 1, 1, 2, 4, 4, 1, 1, 4, 2, 1, 1, 1, 1, 2, 1, 2, 1, 1, 1, 1, 3, 2, 3, 0, 4, 0, 1, 1, 0, 3, 2, 2, 4, 0, 1, 1, 3, 2, 0, 1, 2, 2, 1, 4, 0, 3, 2, 1, 1, 2, 1, 3, 1, 1, 2, 3, 1, 4, 3, 1, 4, 1, 1, 2, 4, 1, 2, 1, 1, 3, 2, 3, 1, 1, 1, 1, 1, 1, 1, 1, 3, 2, 1, 1, 4, 1, 2, 2, 3, 2]|[0, 2, 1, 1, 3, 3, 0, 1, 0, 0, 0, 0, 1, 0, 1, 0, 0, 3, 1, 0, 0, 0, 3, 1, 0, 2, 0, 0, 0, 1, 0, 0, 0, 0, 3, 0, 1, 0, 0, 2, 1, 1, 2, 0, 0, 0, 0, 1, 1, 0, 0, 0, 1, 3, 0, 0, 1, 0, 0, 1, 0, 2, 0, 1, 1, 2, 0, 0, 0, 1, 1, 3, 0, 1, 3, 0, 1, 0, 0, 2, 1, 0, 0, 0, 1, 0, 0, 0, 0, 0, 2, 1, 0, 1, 3, 1, 0, 0, 0, 0],844.4513480827167,57389.117912824804,86182.49965037024,true
60,G2_TEC,G2_TEC,[20, 94, 66, 15, 26, 9, 95, 42, 77, 68, 47, 5, 3, 14, 86, 54, 85, 63, 18, 44, 31, 49, 36, 78, 74, 50, 53, 17, 21, 28, 11, 64, 93, 23, 30, 83, 24, 41, 40, 52, 65, 27, 90, 70, 39, 87, 48, 69, 99, 4, 46, 1, 13, 56, 97, 59, 45, 8, 73, 37, 35, 79, 71, 82, 76, 32, 60, 80, 58, 6, 67, 61, 33, 7, 57, 34, 12, 16, 10, 22, 96, 88, 43, 81, 91, 2, 84, 29, 92, 19, 51, 89, 38, 25, 72, 75, 98, 62, 55, 0]|[2, 1, 2, 1, 1, 2, 1, 1, 1, 1, 1, 0, 2, 2, 1, 2, 0, 0, 0, 2, 2, 1, 0, 2, 0, 2, 2, 1, 0, 1, 1, 1, 0, 0, 1, 0, 2, 1, 2, 2, 0, 0, 1, 1, 0, 2, 0, 2, 1, 0, 0, 2, 0, 2, 2, 0, 1, 1, 0, 0, 2, 1, 1, 2, 2, 0, 2, 2, 2, 1, 2, 1, 1, 2, 0, 1, 1, 2, 1, 2, 0, 1, 1, 1, 1, 0, 0, 1, 0, 1, 1, 1, 0, 1, 1, 0, 2, 1, 0, 0]|[1, 3, 1, 3, 4, 1, 4, 4, 4, 4, 3, 2, 1, 0, 2, 1, 1, 1, 2, 1, 1, 3, 0, 1, 0, 1, 1, 4, 1, 4, 3, 2, 2, 0, 4, 1, 1, 4, 1, 1, 2, 1, 4, 4, 1, 1, 0, 1, 3, 2, 2, 1, 2, 1, 1, 2, 4, 3, 0, 2, 1, 3, 3, 1, 1, 2, 1, 1, 1, 4, 1, 3, 4, 1, 2, 4, 3, 1, 3, 1, 2, 4, 4, 4, 3, 2, 2, 3, 2, 4, 3, 4, 2, 4, 4, 2, 1, 3, 2, 2]|[0, 2, 0, 0, 3, 0, 1, 3, 1, 0, 2, 0, 1, 0, 1, 0, 0, 0, 1, 0, 0, 2, 0, 0, 1, 0, 0, 3, 0, 1, 0, 2, 0, 0, 3, 0, 1, 1, 0, 0, 0, 0, 1, 3, 0, 0, 1, 0, 2, 0, 0, 0, 0, 0, 1, 0, 1, 0, 1, 1, 0, 2, 0, 0, 0, 0, 0, 0, 0, 2, 0, 0, 1, 0, 0, 1, 0, 0, 3, 0, 0, 1, 2, 2, 0, 0, 0, 3, 0, 1, 0, 1, 0, 3, 1, 0, 0, 0, 0, 0],910.6016522559228,48196.44872629531,105119.71286620182,false
60,G3_TWC,G3_TWC,[31, 22, 42, 15, 26, 58, 95, 82, 77, 12, 47, 5, 93, 78, 98, 54, 85, 63, 46, 44, 20, 35, 43, 97, 91, 76, 10, 30, 21, 45, 71, 64, 1, 23, 17, 83, 24, 61, 60, 49, 6, 57, 94, 88, 65, 56, 79, 40, 89, 68, 18, 75, 0, 9, 19, 32, 81, 41, 27, 62, 87, 90, 99, 59, 53, 16, 72, 73, 70, 39, 37, 84, 3, 92, 25, 74, 28, 38, 51, 7, 11, 14, 86, 48, 67, 66, 50, 96, 33, 80, 8, 4, 29, 55, 36, 52, 13, 2, 69, 34]|[1, 1, 0, 1, 1, 1, 2, 1, 2, 1, 2, 2, 2, 1, 1, 0, 0, 1, 0, 2, 2, 0, 1, 2, 0, 1, 2, 2, 0, 0, 1, 2, 1, 0, 1, 0, 2, 0, 1, 1, 0, 1, 1, 1, 0, 2, 1, 1, 1, 0, 0, 0, 1, 1, 2, 1, 2, 0, 0, 0, 2, 1, 0, 1, 0, 1, 2, 1, 1, 1, 1, 1, 2, 0, 1, 2, 0, 0, 0, 1, 0, 1, 0, 0, 1, 0, 0, 0, 2, 0, 1, 0, 0, 1, 0, 1, 0, 0, 1, 2]|[4, 3, 2, 2, 0, 0, 2, 2, 2, 4, 1, 1, 2, 4, 4, 1, 1, 4, 2, 1, 1, 1, 1, 2, 1, 2, 1, 1, 1, 1, 3, 2, 3, 0, 4, 0, 1, 1, 0, 3, 2, 2, 4, 0, 1, 1, 3, 2, 1, 1, 2, 2, 1, 4, 0, 3, 2, 1, 1, 2, 1, 3, 1, 1, 2, 3, 0, 4, 3, 1, 4, 1, 1, 2, 4, 1, 2, 1, 1, 3, 2, 3, 1, 1, 1, 1, 1, 1, 1, 1, 3, 2, 2, 4, 1, 1, 2, 2, 3, 1]|[0, 2, 1, 1, 3, 3, 0, 1, 0, 0, 0, 0, 1, 0, 1, 0, 0, 3, 1, 0, 0, 0, 3, 1, 0, 2, 0, 0, 0, 1, 0, 0, 0, 0, 3, 0, 1, 0, 0, 2, 1, 1, 2, 0, 0, 0, 0, 1, 1, 0, 0, 0, 1, 3, 0, 0, 1, 0, 0, 1, 0, 2, 0, 1, 1, 2, 1, 0, 0, 1, 1, 3, 0, 1, 3, 0, 1, 0, 0, 2, 1, 0, 0, 0, 1, 0, 0, 0, 0, 0, 2, 1, 0, 3, 1, 1, 0, 0, 0, 0],833.4359641689811,57767.6273409838,86364.29346224964,false
61,G1_CMAX,G1_CMAX,[31, 22, 42, 15, 26, 58, 95, 82, 77, 12, 47, 5, 93, 78, 98, 85, 54, 63, 18, 44, 20, 35, 43, 97, 91, 10, 30, 21, 61, 71, 64, 1, 23, 17, 83, 24, 50, 60, 36, 6, 57, 94, 88, 65, 56, 79, 40, 67, 68, 46, 75, 38, 9, 19, 32, 81, 41, 27, 62, 87, 90, 99, 59, 11, 16, 72, 73, 70, 39, 37, 84, 76, 3, 92, 25, 74, 28, 7, 51, 29, 33, 14, 86, 66, 89, 45, 80, 96, 53, 4, 48, 2, 55, 49, 0, 52, 13, 8, 69, 34]|[1, 1, 1, 1, 1, 1, 2, 1, 2, 1, 2, 0, 2, 1, 1, 0, 0, 1, 0, 2, 2, 2, 1, 2, 0, 2, 2, 0, 0, 1, 2, 1, 2, 1, 0, 2, 0, 1, 1, 0, 1, 1, 1, 0, 2, 1, 1, 0, 0, 0, 0, 1, 1, 2, 1, 2, 2, 0, 0, 2, 1, 0, 1, 2, 1, 2, 1, 1, 1, 1, 1, 1, 2, 1, 1, 2, 0, 0, 0, 0, 2, 1, 2, 0, 1, 0, 0, 0, 0, 0, 2, 0, 1, 0, 0, 1, 0, 1, 2, 2]|[4, 3, 2, 2, 0, 0, 1, 2, 1, 4, 1, 0, 2, 4, 4, 1, 1, 4, 2, 1, 1, 0, 1, 2, 1, 1, 1, 1, 1, 3, 2, 3, 0, 4, 0, 1, 1, 0, 3, 2, 2, 4, 0, 1, 1, 0, 2, 0, 1, 2, 2, 1, 4, 0, 3, 2, 1, 1, 2, 1, 3, 1, 1, 1, 3, 0, 4, 3, 1, 4, 1, 2, 1, 4, 4, 1, 2, 1, 1, 1, 1, 3, 1, 1, 1, 1, 1, 1, 2, 2, 0, 2, 4, 1, 2, 1, 2, 3, 1, 1]|[2, 2, 1, 1, 3, 3, 0, 1, 0, 0, 0, 1, 1, 0, 1, 0, 0, 3, 1, 0, 0, 0, 3, 1, 0, 0, 0, 0, 1, 0, 0, 0, 0, 3, 0, 1, 0, 0, 2, 1, 1, 2, 0, 0, 0, 0, 1, 1, 0, 0, 0, 1, 3, 0, 0, 1, 0, 0, 1, 0, 2, 0, 1, 0, 2, 1, 0, 0, 1, 1, 3, 2, 0, 0, 3, 0, 1, 0, 0, 0, 0, 0, 0, 0, 1, 0, 0, 0, 1, 1, 1, 0, 3, 1, 0, 1, 0, 2, 0, 0],701.9269445084548,58814.16448267554,96724.70889609086,false
61,G4_BALANCED,G4_BALANCED,[31, 22, 42, 15, 26, 58, 95, 82, 77, 12, 47, 5, 93, 78, 98, 54, 85, 63, 18, 44, 20, 35, 43, 97, 91, 76, 10, 30, 21, 45, 71, 64, 1, 23, 17, 83, 24, 61, 60, 49, 57, 94, 88, 65, 56, 6, 79, 40, 67, 68, 46, 75, 0, 9, 19, 32, 81, 41, 27, 62, 87, 90, 86, 59, 53, 16, 72, 73, 70, 39, 37, 84, 3, 92, 25, 74, 28, 38, 51, 7, 11, 14, 99, 48, 89, 50, 66, 96, 33, 80, 8, 4, 34, 36, 2, 52, 13, 29, 69, 55]|[1, 1, 0, 1, 1, 1, 2, 1, 2, 1, 2, 2, 2, 1, 1, 0, 0, 1, 0, 2, 2, 0, 1, 2, 0, 1, 2, 2, 0, 0, 1, 2, 1, 0, 1, 0, 2, 0, 1, 1, 1, 1, 1, 0, 2, 0, 1, 1, 0, 0, 0, 0, 1, 1, 2, 1, 0, 2, 0, 0, 2, 1, 0, 1, 0, 1, 2, 1, 1, 1, 1, 1, 2, 0, 1, 2, 0, 0, 0, 1, 2, 1, 0, 0, 1, 0, 0, 0, 2, 0, 1, 0, 2, 0, 0, 1, 0, 0, 1, 1]|[4, 3, 2, 2, 0, 0, 2, 2, 2, 4, 1, 1, 2, 4, 4, 1, 1, 4, 2, 1, 1, 1, 1, 2, 1, 2, 1, 1, 1, 1, 3, 2, 3, 0, 4, 0, 1, 1, 0, 3, 2, 4, 0, 1, 1, 2, 3, 2, 0, 1, 2, 2, 1, 4, 0, 3, 1, 1, 1, 2, 1, 3, 1, 1, 2, 3, 0, 4, 3, 1, 4, 1, 1, 2, 4, 1, 2, 1, 1, 3, 1, 3, 1, 1, 1, 1, 2, 1, 1, 1, 3, 2, 1, 1, 2, 1, 2, 1, 3, 4]|[0, 2, 1, 1, 3, 3, 0, 1, 0, 0, 0, 0, 1, 0, 1, 0, 0, 3, 1, 0, 0, 0, 3, 1, 0, 2, 0, 0, 0, 1, 0, 0, 0, 0, 3, 0, 1, 0, 0, 2, 1, 2, 0, 0, 0, 1, 0, 1, 1, 0, 0, 0, 1, 3, 0, 0, 0, 0, 0, 1, 0, 2, 0, 1, 1, 2, 1, 0, 0, 1, 1, 3, 0, 1, 3, 0, 1, 0, 0, 2, 0, 0, 0, 0, 1, 0, 1, 0, 0, 0, 2, 1, 0, 1, 0, 1, 0, 0, 0, 3],808.4452372344576,57242.47526493315,87085.57933227516,false
61,G2_TEC,G2_TEC,[31, 22, 82, 15, 26, 9, 95, 42, 77, 68, 47, 5, 93, 78, 86, 54, 85, 63, 18, 44, 20, 49, 36, 14, 74, 50, 53, 17, 21, 28, 11, 64, 3, 23, 30, 83, 24, 41, 40, 52, 65, 27, 90, 70, 39, 87, 48, 69, 99, 4, 75, 1, 13, 58, 97, 59, 45, 8, 73, 37, 35, 79, 71, 66, 76, 32, 60, 80, 56, 6, 67, 61, 33, 7, 57, 34, 12, 16, 10, 98, 96, 88, 43, 81, 91, 38, 84, 92, 29, 19, 51, 55, 46, 89, 72, 94, 2, 25, 62, 0]|[2, 1, 2, 1, 1, 0, 1, 1, 1, 1, 1, 0, 2, 2, 1, 2, 0, 0, 0, 2, 2, 1, 0, 2, 0, 2, 2, 1, 0, 1, 1, 1, 0, 0, 1, 0, 2, 1, 2, 2, 0, 0, 1, 1, 0, 2, 0, 2, 1, 0, 0, 2, 0, 2, 2, 0, 1, 1, 0, 0, 2, 1, 1, 2, 2, 0, 2, 2, 2, 1, 2, 1, 1, 2, 2, 1, 1, 2, 1, 2, 0, 1, 1, 1, 1, 0, 0, 0, 1, 1, 1, 0, 0, 1, 1, 2, 2, 1, 1, 0]|[0, 3, 0, 3, 4, 2, 4, 4, 2, 4, 3, 2, 1, 0, 2, 1, 1, 1, 2, 1, 1, 3, 0, 1, 0, 1, 1, 4, 1, 4, 3, 2, 2, 0, 4, 1, 1, 4, 1, 1, 2, 1, 4, 4, 1, 1, 0, 1, 3, 2, 2, 1, 2, 1, 1, 2, 4, 3, 0, 2, 2, 3, 3, 1, 1, 2, 1, 1, 1, 4, 1, 3, 4, 1, 2, 4, 3, 1, 3, 1, 2, 4, 4, 4, 3, 2, 2, 2, 3, 4, 3, 2, 2, 4, 4, 1, 1, 4, 3, 2]|[0, 2, 0, 0, 3, 0, 1, 3, 0, 0, 2, 0, 1, 0, 1, 0, 0, 0, 1, 0, 0, 2, 0, 0, 1, 0, 0, 3, 0, 1, 0, 2, 0, 0, 3, 0, 1, 1, 0, 0, 0, 0, 1, 3, 0, 0, 1, 0, 2, 0, 0, 0, 0, 0, 1, 0, 1, 0, 1, 1, 0, 2, 0, 0, 0, 0, 0, 0, 0, 2, 0, 0, 1, 0, 1, 1, 0, 0, 3, 0, 0, 1, 2, 2, 0, 0, 0, 0, 3, 1, 0, 0, 0, 1, 1, 0, 0, 3, 0, 0],870.0304869789887,49661.1900876443,102256.6022111614,false
61,G3_TWC,G3_TWC,[31, 22, 42, 15, 26, 58, 95, 82, 77, 12, 47, 5, 93, 78, 98, 54, 85, 63, 46, 44, 20, 35, 43, 97, 91, 76, 10, 30, 21, 45, 71, 64, 1, 23, 17, 83, 24, 61, 60, 49, 6, 57, 94, 88, 65, 56, 79, 40, 89, 68, 18, 75, 0, 9, 19, 32, 81, 41, 27, 62, 87, 90, 99, 59, 53, 16, 72, 73, 70, 39, 37, 84, 3, 92, 25, 74, 28, 38, 51, 7, 11, 14, 86, 48, 67, 66, 50, 96, 33, 80, 8, 4, 29, 55, 36, 52, 13, 2, 69, 34]|[1, 1, 0, 1, 1, 1, 2, 1, 2, 1, 2, 2, 2, 1, 1, 0, 0, 1, 0, 2, 2, 0, 1, 2, 0, 1, 2, 2, 0, 0, 1, 2, 1, 0, 1, 0, 2, 0, 1, 1, 0, 1, 1, 1, 0, 2, 1, 1, 1, 0, 0, 0, 1, 1, 2, 1, 2, 0, 0, 0, 2, 1, 0, 1, 0, 1, 2, 1, 1, 1, 1, 1, 2, 0, 1, 2, 0, 0, 0, 1, 0, 1, 0, 0, 1, 0, 0, 0, 2, 0, 1, 0, 0, 1, 0, 1, 0, 0, 1, 2]|[4, 3, 2, 2, 0, 0, 2, 2, 2, 4, 1, 1, 2, 4, 4, 1, 1, 4, 2, 1, 1, 1, 1, 2, 1, 2, 1, 1, 1, 1, 3, 2, 3, 0, 4, 0, 1, 1, 0, 3, 2, 2, 4, 0, 1, 1, 3, 2, 1, 1, 2, 2, 1, 4, 0, 3, 2, 1, 1, 2, 1, 3, 1, 1, 2, 3, 0, 4, 3, 1, 4, 1, 1, 2, 4, 1, 2, 1, 1, 3, 2, 3, 1, 1, 1, 1, 1, 1, 1, 1, 3, 2, 2, 4, 1, 1, 2, 2, 3, 1]|[0, 2, 1, 1, 3, 3, 0, 1, 0, 0, 0, 0, 1, 0, 1, 0, 0, 3, 1, 0, 0, 0, 3, 1, 0, 2, 0, 0, 0, 1, 0, 0, 0, 0, 3, 0, 1, 0, 0, 2, 1, 1, 2, 0, 0, 0, 0, 1, 1, 0, 0, 0, 1, 3, 0, 0, 1, 0, 0, 1, 0, 2, 0, 1, 1, 2, 1, 0, 0, 1, 1, 3, 0, 1, 3, 0, 1, 0, 0, 2, 1, 0, 0, 0, 1, 0, 0, 0, 0, 0, 2, 1, 0, 3, 1, 1, 0, 0, 0, 0],833.4359641689811,57767.6273409838,86364.29346224964,false
61,G1_CMAX,G1_CMAX,[31, 22, 42, 15, 26, 58, 95, 82, 77, 12, 47, 5, 93, 78, 98, 85, 54, 63, 18, 44, 20, 35, 43, 97, 91, 10, 30, 21, 61, 71, 64, 1, 23, 17, 83, 24, 50, 60, 36, 6, 57, 94, 88, 65, 56, 79, 40, 67, 68, 46, 75, 38, 9, 19, 32, 81, 41, 27, 62, 87, 90, 99, 59, 11, 16, 72, 73, 70, 39, 37, 84, 76, 3, 92, 25, 74, 28, 7, 51, 29, 33, 14, 86, 66, 89, 45, 80, 96, 53, 4, 48, 2, 55, 49, 0, 52, 13, 8, 69, 34]|[1, 1, 1, 1, 1, 1, 2, 1, 2, 1, 2, 0, 2, 1, 1, 0, 0, 1, 0, 2, 2, 2, 1, 2, 0, 2, 2, 0, 0, 1, 2, 1, 2, 1, 0, 2, 0, 1, 1, 0, 1, 1, 1, 0, 2, 1, 1, 0, 0, 0, 0, 1, 1, 2, 1, 2, 2, 0, 0, 2, 1, 0, 1, 2, 1, 2, 1, 1, 1, 1, 1, 1, 2, 1, 1, 2, 0, 0, 0, 0, 2, 1, 2, 0, 1, 0, 0, 0, 0, 0, 2, 0, 1, 0, 0, 1, 0, 1, 2, 2]|[4, 3, 2, 2, 0, 0, 1, 2, 1, 4, 1, 0, 2, 4, 4, 1, 1, 4, 2, 1, 1, 0, 1, 2, 1, 1, 1, 1, 1, 3, 2, 3, 0, 4, 0, 1, 1, 0, 3, 2, 2, 4, 0, 1, 1, 0, 2, 0, 1, 2, 2, 1, 4, 0, 3, 2, 1, 1, 2, 1, 3, 1, 1, 1, 3, 0, 4, 3, 1, 4, 1, 2, 1, 4, 4, 1, 2, 1, 1, 1, 1, 3, 1, 1, 1, 1, 1, 1, 2, 2, 0, 2, 4, 1, 2, 1, 2, 3, 1, 1]|[2, 2, 1, 1, 3, 3, 0, 1, 0, 0, 0, 1, 1, 0, 1, 0, 0, 3, 1, 0, 0, 0, 3, 1, 0, 0, 0, 0, 1, 0, 0, 0, 0, 3, 0, 1, 0, 0, 2, 1, 1, 2, 0, 0, 0, 0, 1, 1, 0, 0, 0, 1, 3, 0, 0, 1, 0, 0, 1, 0, 2, 0, 1, 0, 2, 1, 0, 0, 1, 1, 3, 2, 0, 0, 3, 0, 1, 0, 0, 0, 0, 0, 0, 0, 1, 0, 0, 0, 1, 1, 1, 0, 3, 1, 0, 1, 0, 2, 0, 0],701.9269445084548,58814.16448267554,96724.70889609086,false
61,G4_BALANCED,G3_TWC,[31, 22, 42, 15, 26, 58, 95, 82, 77, 12, 47, 5, 93, 78, 98, 54, 85, 63, 18, 44, 20, 35, 43, 97, 91, 76, 10, 30, 21, 45, 71, 64, 1, 23, 17, 83, 24, 61, 60, 49, 6, 57, 94, 88, 65, 56, 79, 40, 67, 68, 46, 75, 0, 9, 19, 32, 81, 41, 27, 62, 87, 90, 99, 59, 53, 16, 72, 73, 70, 39, 37, 84, 3, 92, 25, 74, 28, 38, 51, 7, 11, 14, 34, 48, 89, 66, 50, 96, 33, 80, 8, 4, 86, 36, 2, 52, 13, 29, 69, 55]|[1, 1, 0, 1, 1, 1, 2, 1, 2, 1, 2, 2, 2, 1, 1, 0, 0, 1, 0, 2, 2, 0, 1, 2, 0, 1, 2, 2, 0, 0, 1, 2, 1, 0, 1, 0, 2, 0, 1, 1, 0, 1, 1, 1, 0, 2, 1, 1, 0, 0, 0, 0, 1, 1, 0, 1, 2, 0, 0, 0, 2, 1, 0, 1, 0, 1, 2, 1, 1, 1, 1, 1, 2, 0, 1, 2, 0, 0, 0, 1, 0, 1, 2, 0, 1, 0, 0, 0, 2, 0, 1, 0, 0, 0, 0, 1, 0, 0, 1, 1]|[4, 3, 2, 2, 0, 0, 2, 2, 2, 4, 1, 1, 2, 4, 4, 1, 1, 4, 2, 1, 1, 1, 1, 2, 1, 2, 1, 1, 1, 1, 3, 2, 3, 0, 4, 0, 1, 1, 0, 3, 2, 2, 4, 0, 1, 1, 3, 2, 0, 1, 2, 2, 1, 4, 2, 3, 2, 1, 1, 2, 1, 3, 1, 1, 2, 3, 0, 4, 3, 1, 4, 1, 1, 2, 4, 1, 2, 1, 1, 3, 2, 3, 1, 1, 1, 1, 1, 1, 1, 1, 3, 2, 1, 1, 2, 1, 2, 2, 3, 4]|[0, 2, 1, 1, 3, 3, 0, 1, 0, 0, 0, 0, 1, 0, 1, 0, 0, 3, 1, 0, 0, 0, 3, 1, 0, 2, 0, 0, 0, 1, 0, 0, 0, 0, 3, 0, 1, 0, 0, 2, 1, 1, 2, 0, 0, 0, 0, 1, 1, 0, 0, 0, 1, 3, 1, 0, 1, 0, 0, 1, 0, 2, 0, 1, 1, 2, 1, 0, 0, 1, 1, 3, 0, 1, 3, 0, 1, 0, 0, 2, 1, 0, 0, 0, 1, 0, 0, 0, 0, 0, 2, 1, 0, 1, 0, 1, 0, 0, 0, 3],872.1650162521609,57947.7929046089,85993.49946424144,true
61,G2_TEC,G2_TEC,[20, 94, 66, 15, 26, 9, 95, 42, 77, 68, 47, 5, 3, 14, 86, 54, 85, 63, 18, 44, 31, 49, 36, 78, 74, 50, 53, 17, 21, 28, 11, 64, 93, 23, 30, 83, 24, 41, 40, 52, 65, 27, 90, 70, 39, 87, 48, 69, 99, 4, 46, 1, 13, 56, 97, 59, 45, 8, 73, 37, 35, 79, 71, 82, 76, 32, 60, 80, 58, 6, 67, 61, 33, 7, 57, 34, 12, 16, 10, 22, 96, 88, 43, 81, 91, 2, 84, 29, 92, 19, 51, 89, 38, 25, 72, 75, 98, 62, 55, 0]|[2, 1, 2, 1, 1, 2, 1, 1, 1, 1, 1, 0, 2, 2, 1, 2, 0, 0, 0, 2, 2, 1, 0, 2, 0, 2, 2, 1, 0, 1, 1, 1, 0, 0, 1, 0, 2, 1, 2, 2, 0, 0, 1, 1, 0, 2, 0, 2, 1, 0, 0, 2, 0, 2, 2, 0, 1, 1, 0, 0, 2, 1, 1, 2, 2, 0, 2, 2, 2, 1, 2, 1, 1, 2, 0, 1, 1, 2, 1, 2, 0, 1, 1, 1, 1, 0, 0, 1, 0, 1, 1, 1, 0, 1, 1, 0, 2, 1, 0, 0]|[1, 3, 1, 3, 4, 1, 4, 4, 4, 4, 3, 2, 1, 0, 2, 1, 1, 1, 2, 1, 1, 3, 0, 1, 0, 1, 1, 4, 1, 4, 3, 2, 2, 0, 4, 1, 1, 4, 1, 1, 2, 1, 4, 4, 1, 1, 0, 1, 3, 2, 2, 1, 2, 1, 1, 2, 4, 3, 0, 2, 1, 3, 3, 1, 1, 2, 1, 1, 1, 4, 1, 3, 4, 1, 2, 4, 3, 1, 3, 1, 2, 4, 4, 4, 3, 2, 2, 3, 2, 4, 3, 4, 2, 4, 4, 2, 1, 3, 2, 2]|[0, 2, 0, 0, 3, 0, 1, 3, 1, 0, 2, 0, 1, 0, 1, 0, 0, 0, 1, 0, 0, 2, 0, 0, 1, 0, 0, 3, 0, 1, 0, 2, 0, 0, 3, 0, 1, 1, 0, 0, 0, 0, 1, 3, 0, 0, 1, 0, 2, 0, 0, 0, 0, 0, 1, 0, 1, 0, 1, 1, 0, 2, 0, 0, 0, 0, 0, 0, 0, 2, 0, 0, 1, 0, 0, 1, 0, 0, 3, 0, 0, 1, 2, 2, 0, 0, 0, 3, 0, 1, 0, 1, 0, 3, 1, 0, 0, 0, 0, 0],910.6016522559228,48196.44872629531,105119.71286620182,false
61,G3_TWC,G3_TWC,[31, 22, 42, 15, 26, 58, 95, 82, 77, 12, 47, 5, 93, 78, 98, 54, 85, 63, 46, 44, 20, 35, 43, 97, 91, 76, 10, 30, 21, 45, 71, 64, 1, 23, 17, 83, 24, 61, 60, 49, 6, 57, 94, 88, 65, 56, 79, 40, 89, 68, 18, 75, 0, 9, 19, 32, 81, 41, 27, 62, 87, 90, 99, 59, 53, 16, 72, 73, 70, 39, 37, 84, 3, 92, 25, 74, 28, 38, 51, 7, 11, 14, 86, 48, 67, 66, 50, 96, 33, 80, 8, 4, 29, 55, 36, 52, 13, 2, 69, 34]|[1, 1, 0, 1, 1, 1, 2, 1, 2, 1, 2, 2, 2, 1, 1, 0, 0, 1, 0, 2, 2, 0, 1, 2, 0, 1, 2, 2, 0, 0, 1, 2, 1, 0, 1, 0, 2, 0, 1, 1, 0, 1, 1, 1, 0, 2, 1, 1, 1, 0, 0, 0, 1, 1, 2, 1, 2, 0, 0, 0, 2, 1, 0, 1, 0, 1, 2, 1, 1, 1, 1, 1, 2, 0, 1, 2, 0, 0, 0, 1, 0, 1, 0, 0, 1, 0, 0, 0, 2, 0, 1, 0, 0, 1, 0, 1, 0, 0, 1, 2]|[4, 3, 2, 2, 0, 0, 2, 2, 2, 4, 1, 1, 2, 4, 4, 1, 1, 4, 2, 1, 1, 1, 1, 2, 1, 2, 1, 1, 1, 1, 3, 2, 3, 0, 4, 0, 1, 1, 0, 3, 2, 2, 4, 0, 1, 1, 3, 2, 1, 1, 2, 2, 1, 4, 0, 3, 2, 1, 1, 2, 1, 3, 1, 1, 2, 3, 0, 4, 3, 1, 4, 1, 1, 2, 4, 1, 2, 1, 1, 3, 2, 3, 1, 1, 1, 1, 1, 1, 1, 1, 3, 2, 2, 4, 1, 1, 2, 2, 3, 1]|[0, 2, 1, 1, 3, 3, 0, 1, 0, 0, 0, 0, 1, 0, 1, 0, 0, 3, 1, 0, 0, 0, 3, 1, 0, 2, 0, 0, 0, 1, 0, 0, 0, 0, 3, 0, 1, 0, 0, 2, 1, 1, 2, 0, 0, 0, 0, 1, 1, 0, 0, 0, 1, 3, 0, 0, 1, 0, 0, 1, 0, 2, 0, 1, 1, 2, 1, 0, 0, 1, 1, 3, 0, 1, 3, 0, 1, 0, 0, 2, 1, 0, 0, 0, 1, 0, 0, 0, 0, 0, 2, 1, 0, 3, 1, 1, 0, 0, 0, 0],833.4359641689811,57767.6273409838,86364.29346224964,false
61,G1_CMAX,G1_CMAX,[31, 22, 42, 15, 26, 58, 95, 82, 77, 12, 47, 5, 93, 78, 98, 85, 54, 63, 18, 44, 20, 35, 43, 97, 91, 10, 30, 21, 61, 71, 64, 1, 23, 17, 83, 24, 50, 60, 36, 6, 57, 94, 88, 65, 56, 79, 40, 67, 68, 46, 75, 38, 9, 19, 32, 81, 41, 27, 62, 87, 90, 99, 59, 11, 16, 72, 73, 70, 39, 37, 84, 76, 3, 92, 25, 74, 28, 7, 51, 29, 33, 14, 86, 66, 89, 45, 80, 96, 53, 4, 48, 2, 55, 49, 0, 52, 13, 8, 69, 34]|[1, 1, 1, 1, 1, 1, 2, 1, 2, 1, 2, 0, 2, 1, 1, 0, 0, 1, 0, 2, 2, 2, 1, 2, 0, 2, 2, 0, 0, 1, 2, 1, 2, 1, 0, 2, 0, 1, 1, 0, 1, 1, 1, 0, 2, 1, 1, 0, 0, 0, 0, 1, 1, 2, 1, 2, 2, 0, 0, 2, 1, 0, 1, 2, 1, 2, 1, 1, 1, 1, 1, 1, 2, 1, 1, 2, 0, 0, 0, 0, 2, 1, 2, 0, 1, 0, 0, 0, 0, 0, 2, 0, 1, 0, 0, 1, 0, 1, 2, 2]|[4, 3, 2, 2, 0, 0, 1, 2, 1, 4, 1, 0, 2, 4, 4, 1, 1, 4, 2, 1, 1, 0, 1, 2, 1, 1, 1, 1, 1, 3, 2, 3, 0, 4, 0, 1, 1, 0, 3, 2, 2, 4, 0, 1, 1, 0, 2, 0, 1, 2, 2, 1, 4, 0, 3, 2, 1, 1, 2, 1, 3, 1, 1, 1, 3, 0, 4, 3, 1, 4, 1, 2, 1, 4, 4, 1, 2, 1, 1, 1, 1, 3, 1, 1, 1, 1, 1, 1, 2, 2, 0, 2, 4, 1, 2, 1, 2, 3, 1, 1]|[2, 2, 1, 1, 3, 3, 0, 1, 0, 0, 0, 1, 1, 0, 1, 0, 0, 3, 1, 0, 0, 0, 3, 1, 0, 0, 0, 0, 1, 0, 0, 0, 0, 3, 0, 1, 0, 0, 2, 1, 1, 2, 0, 0, 0, 0, 1, 1, 0, 0, 0, 1, 3, 0, 0, 1, 0, 0, 1, 0, 2, 0, 1, 0, 2, 1, 0, 0, 1, 1, 3, 2, 0, 0, 3, 0, 1, 0, 0, 0, 0, 0, 0, 0, 1, 0, 0, 0, 1, 1, 1, 0, 3, 1, 0, 1, 0, 2, 0, 0],701.9269445084548,58814.16448267554,96724.70889609086,false
61,G4_BALANCED,G2_TEC,[20, 94, 66, 15, 26, 9, 95, 42, 77, 68, 47, 5, 3, 14, 86, 54, 85, 63, 18, 44, 31, 49, 36, 78, 74, 50, 53, 17, 21, 28, 11, 64, 93, 23, 30, 83, 24, 41, 40, 52, 65, 27, 90, 70, 39, 87, 48, 69, 99, 4, 46, 1, 13, 56, 97, 59, 45, 8, 73, 37, 35, 79, 71, 82, 76, 32, 60, 80, 58, 6, 67, 61, 33, 7, 57, 34, 12, 16, 10, 22, 96, 88, 43, 81, 91, 2, 84, 29, 92, 19, 51, 89, 38, 25, 72, 75, 98, 62, 55, 0]|[2, 1, 2, 1, 1, 2, 1, 1, 1, 1, 1, 0, 2, 2, 1, 2, 0, 0, 0, 2, 2, 1, 0, 2, 0, 2, 2, 1, 0, 1, 1, 1, 0, 0, 1, 0, 2, 1, 2, 2, 0, 0, 1, 1, 0, 2, 0, 2, 1, 0, 0, 2, 0, 2, 2, 0, 1, 1, 0, 0, 2, 1, 1, 2, 2, 0, 2, 2, 2, 1, 2, 1, 1, 2, 0, 1, 1, 2, 1, 2, 0, 1, 1, 1, 1, 0, 0, 1, 0, 1, 1, 1, 0, 1, 1, 0, 2, 1, 0, 0]|[1, 3, 1, 3, 4, 1, 4, 4, 4, 4, 3, 2, 1, 0, 2, 1, 1, 1, 2, 1, 1, 3, 0, 1, 0, 1, 1, 4, 1, 4, 3, 2, 2, 0, 4, 1, 1, 4, 1, 1, 2, 1, 4, 4, 1, 1, 0, 1, 3, 2, 2, 1, 2, 1, 1, 2, 4, 3, 0, 2, 1, 3, 3, 1, 1, 2, 1, 1, 1, 4, 1, 3, 4, 1, 2, 4, 3, 1, 3, 1, 2, 4, 4, 4, 3, 2, 2, 3, 2, 4, 3, 4, 2, 4, 4, 2, 1, 3, 2, 2]|[0, 2, 0, 0, 3, 0, 1, 3, 1, 0, 2, 0, 1, 0, 1, 0, 0, 0, 1, 0, 0, 2, 0, 0, 1, 0, 0, 3, 0, 1, 0, 2, 0, 0, 3, 0, 1, 1, 0, 0, 0, 0, 1, 3, 0, 0, 1, 0, 2, 0, 0, 0, 0, 0, 1, 0, 1, 0, 1, 1, 0, 2, 0, 0, 0, 0, 0, 0, 0, 2, 0, 0, 1, 0, 0, 1, 0, 0, 3, 0, 0, 1, 2, 2, 0, 0, 0, 3, 0, 1, 0, 1, 0, 3, 1, 0, 0, 0, 0, 0],910.6016522559228,48196.44872629531,105119.71286620182,true
61,G2_TEC,G2_TEC,[20, 94, 66, 15, 26, 9, 95, 42, 77, 68, 47, 5, 3, 14, 86, 54, 85, 63, 18, 44, 31, 49, 36, 78, 74, 50, 53, 17, 21, 28, 11, 64, 93, 23, 30, 83, 24, 41, 40, 52, 65, 27, 90, 70, 39, 87, 48, 69, 99, 4, 46, 1, 13, 56, 97, 59, 45, 8, 73, 37, 35, 79, 71, 82, 76, 32, 60, 80, 58, 6, 67, 61, 33, 7, 57, 34, 12, 16, 10, 22, 96, 88, 43, 81, 91, 2, 84, 29, 92, 19, 51, 89, 38, 25, 72, 75, 98, 62, 55, 0]|[2, 1, 2, 1, 1, 2, 1, 1, 1, 1, 1, 0, 2, 2, 1, 2, 0, 0, 0, 2, 2, 1, 0, 2, 0, 2, 2, 1, 0, 1, 1, 1, 0, 0, 1, 0, 2, 1, 2, 2, 0, 0, 1, 1, 0, 2, 0, 2, 1, 0, 0, 2, 0, 2, 2, 0, 1, 1, 0, 0, 2, 1, 1, 2, 2, 0, 2, 2, 2, 1, 2, 1, 1, 2, 0, 1, 1, 2, 1, 2, 0, 1, 1, 1, 1, 0, 0, 1, 0, 1, 1, 1, 0, 1, 1, 0, 2, 1, 0, 0]|[1, 3, 1, 3, 4, 1, 4, 4, 4, 4, 3, 2, 1, 0, 2, 1, 1, 1, 2, 1, 1, 3, 0, 1, 0, 1, 1, 4, 1, 4, 3, 2, 2, 0, 4, 1, 1, 4, 1, 1, 2, 1, 4, 4, 1, 1, 0, 1, 3, 2, 2, 1, 2, 1, 1, 2, 4, 3, 0, 2, 1, 3, 3, 1, 1, 2, 1, 1, 1, 4, 1, 3, 4, 1, 2, 4, 3, 1, 3, 1, 2, 4, 4, 4, 3, 2, 2, 3, 2, 4, 3, 4, 2, 4, 4, 2, 1, 3, 2, 2]|[0, 2, 0, 0, 3, 0, 1, 3, 1, 0, 2, 0, 1, 0, 1, 0, 0, 0, 1, 0, 0, 2, 0, 0, 1, 0, 0, 3, 0, 1, 0, 2, 0, 0, 3, 0, 1, 1, 0, 0, 0, 0, 1, 3, 0, 0, 1, 0, 2, 0, 0, 0, 0, 0, 1, 0, 1, 0, 1, 1, 0, 2, 0, 0, 0, 0, 0, 0, 0, 2, 0, 0, 1, 0, 0, 1, 0, 0, 3, 0, 0, 1, 2, 2, 0, 0, 0, 3, 0, 1, 0, 1, 0, 3, 1, 0, 0, 0, 0, 0],910.6016522559228,48196.44872629531,105119.71286620182,false
61,G3_TWC,G3_TWC,[31, 22, 42, 15, 26, 58, 95, 82, 77, 12, 47, 5, 93, 78, 98, 54, 85, 63, 46, 44, 20, 35, 43, 97, 91, 76, 10, 30, 21, 45, 71, 64, 1, 23, 17, 83, 24, 61, 60, 49, 6, 57, 94, 88, 65, 56, 79, 40, 89, 68, 18, 75, 0, 9, 19, 32, 81, 41, 27, 62, 87, 90, 99, 59, 53, 16, 72, 73, 70, 39, 37, 84, 3, 92, 25, 74, 28, 38, 51, 7, 11, 14, 86, 48, 67, 66, 50, 96, 33, 80, 8, 4, 29, 55, 36, 52, 13, 2, 69, 34]|[1, 1, 0, 1, 1, 1, 2, 1, 2, 1, 2, 2, 2, 1, 1, 0, 0, 1, 0, 2, 2, 0, 1, 2, 0, 1, 2, 2, 0, 0, 1, 2, 1, 0, 1, 0, 2, 0, 1, 1, 0, 1, 1, 1, 0, 2, 1, 1, 1, 0, 0, 0, 1, 1, 2, 1, 2, 0, 0, 0, 2, 1, 0, 1, 0, 1, 2, 1, 1, 1, 1, 1, 2, 0, 1, 2, 0, 0, 0, 1, 0, 1, 0, 0, 1, 0, 0, 0, 2, 0, 1, 0, 0, 1, 0, 1, 0, 0, 1, 2]|[4, 3, 2, 2, 0, 0, 2, 2, 2, 4, 1, 1, 2, 4, 4, 1, 1, 4, 2, 1, 1, 1, 1, 2, 1, 2, 1, 1, 1, 1, 3, 2, 3, 0, 4, 0, 1, 1, 0, 3, 2, 2, 4, 0, 1, 1, 3, 2, 1, 1, 2, 2, 1, 4, 0, 3, 2, 1, 1, 2, 1, 3, 1, 1, 2, 3, 0, 4, 3, 1, 4, 1, 1, 2, 4, 1, 2, 1, 1, 3, 2, 3, 1, 1, 1, 1, 1, 1, 1, 1, 3, 2, 2, 4, 1, 1, 2, 2, 3, 1]|[0, 2, 1, 1, 3, 3, 0, 1, 0, 0, 0, 0, 1, 0, 1, 0, 0, 3, 1, 0, 0, 0, 3, 1, 0, 2, 0, 0, 0, 1, 0, 0, 0, 0, 3, 0, 1, 0, 0, 2, 1, 1, 2, 0, 0, 0, 0, 1, 1, 0, 0, 0, 1, 3, 0, 0, 1, 0, 0, 1, 0, 2, 0, 1, 1, 2, 1, 0, 0, 1, 1, 3, 0, 1, 3, 0, 1, 0, 0, 2, 1, 0, 0, 0, 1, 0, 0, 0, 0, 0, 2, 1, 0, 3, 1, 1, 0, 0, 0, 0],833.4359641689811,57767.6273409838,86364.29346224964,false
61,G1_CMAX,G1_CMAX,[31, 22, 42, 15, 26, 58, 95, 82, 77, 12, 47, 5, 93, 78, 98, 85, 54, 63, 18, 44, 20, 35, 43, 97, 91, 10, 30, 21, 61, 71, 64, 1, 23, 17, 83, 24, 50, 60, 36, 6, 57, 94, 88, 65, 56, 79, 40, 67, 68, 46, 75, 38, 9, 19, 32, 81, 41, 27, 62, 87, 90, 99, 59, 11, 16, 72, 73, 70, 39, 37, 84, 76, 3, 92, 25, 74, 28, 7, 51, 29, 33, 14, 86, 66, 89, 45, 80, 96, 53, 4, 48, 2, 55, 49, 0, 52, 13, 8, 69, 34]|[1, 1, 1, 1, 1, 1, 2, 1, 2, 1, 2, 0, 2, 1, 1, 0, 0, 1, 0, 2, 2, 2, 1, 2, 0, 2, 2, 0, 0, 1, 2, 1, 2, 1, 0, 2, 0, 1, 1, 0, 1, 1, 1, 0, 2, 1, 1, 0, 0, 0, 0, 1, 1, 2, 1, 2, 2, 0, 0, 2, 1, 0, 1, 2, 1, 2, 1, 1, 1, 1, 1, 1, 2, 1, 1, 2, 0, 0, 0, 0, 2, 1, 2, 0, 1, 0, 0, 0, 0, 0, 2, 0, 1, 0, 0, 1, 0, 1, 2, 2]|[4, 3, 2, 2, 0, 0, 1, 2, 1, 4, 1, 0, 2, 4, 4, 1, 1, 4, 2, 1, 1, 0, 1, 2, 1, 1, 1, 1, 1, 3, 2, 3, 0, 4, 0, 1, 1, 0, 3, 2, 2, 4, 0, 1, 1, 0, 2, 0, 1, 2, 2, 1, 4, 0, 3, 2, 1, 1, 2, 1, 3, 1, 1, 1, 3, 0, 4, 3, 1, 4, 1, 2, 1, 4, 4, 1, 2, 1, 1, 1, 1, 3, 1, 1, 1, 1, 1, 1, 2, 2, 0, 2, 4, 1, 2, 1, 2, 3, 1, 1]|[2, 2, 1, 1, 3, 3, 0, 1, 0, 0, 0, 1, 1, 0, 1, 0, 0, 3, 1, 0, 0, 0, 3, 1, 0, 0, 0, 0, 1, 0, 0, 0, 0, 3, 0, 1, 0, 0, 2, 1, 1, 2, 0, 0, 0, 0, 1, 1, 0, 0, 0, 1, 3, 0, 0, 1, 0, 0, 1, 0, 2, 0, 1, 0, 2, 1, 0, 0, 1, 1, 3, 2, 0, 0, 3, 0, 1, 0, 0, 0, 0, 0, 0, 0, 1, 0, 0, 0, 1, 1, 1, 0, 3, 1, 0, 1, 0, 2, 0, 0],701.9269445084548,58814.16448267554,96724.70889609086,false
61,G4_BALANCED,G4_BALANCED,[31, 22, 42, 15, 26, 58, 95, 82, 77, 12, 47, 5, 93, 78, 98, 54, 85, 63, 18, 44, 20, 35, 43, 97, 91, 76, 10, 30, 21, 45, 71, 64, 1, 23, 17, 83, 24, 61, 60, 36, 6, 57, 94, 88, 65, 56, 79, 40, 67, 68, 46, 75, 38, 9, 19, 32, 81, 41, 27, 62, 87, 90, 99, 59, 11, 16, 72, 73, 70, 39, 37, 84, 3, 92, 25, 74, 28, 29, 51, 7, 53, 14, 86, 48, 89, 66, 50, 96, 33, 80, 8, 4, 0, 55, 49, 52, 13, 2, 69, 34]|[1, 1, 0, 1, 1, 1, 2, 1, 2, 1, 2, 2, 2, 1, 1, 0, 0, 1, 0, 2, 2, 0, 1, 2, 0, 1, 2, 2, 0, 0, 1, 2, 1, 2, 1, 0, 2, 0, 1, 1, 0, 1, 1, 1, 0, 2, 1, 1, 0, 0, 0, 0, 1, 1, 2, 1, 2, 2, 0, 0, 2, 1, 0, 1, 2, 1, 2, 1, 1, 1, 1, 1, 2, 1, 1, 2, 0, 1, 0, 1, 0, 1, 0, 0, 1, 2, 0, 0, 2, 0, 1, 0, 0, 1, 0, 1, 0, 0, 1, 2]|[4, 3, 2, 2, 0, 0, 2, 2, 2, 4, 1, 1, 2, 4, 4, 1, 1, 4, 2, 1, 1, 1, 1, 2, 1, 2, 1, 1, 1, 1, 3, 2, 3, 0, 4, 0, 1, 1, 0, 3, 2, 2, 4, 0, 1, 1, 3, 2, 0, 1, 2, 2, 1, 4, 0, 3, 2, 1, 1, 2, 1, 3, 1, 1, 1, 3, 0, 4, 3, 1, 4, 1, 1, 4, 4, 1, 2, 1, 1, 3, 2, 3, 1, 1, 1, 1, 1, 1, 1, 1, 3, 2, 2, 4, 1, 1, 2, 2, 3, 1]|[0, 2, 1, 1, 3, 3, 0, 1, 0, 0, 0, 0, 1, 0, 1, 0, 0, 3, 1, 0, 0, 0, 3, 1, 0, 2, 0, 0, 0, 0, 0, 0, 0, 0, 3, 0, 1, 0, 0, 2, 1, 1, 2, 0, 0, 0, 0, 1, 1, 0, 0, 0, 1, 3, 0, 0, 1, 0, 0, 1, 0, 2, 0, 1, 0, 2, 1, 0, 0, 1, 1, 3, 0, 0, 3, 0, 1, 1, 0, 2, 1, 0, 0, 0, 1, 0, 0, 0, 0, 0, 2, 1, 0, 3, 1, 1, 0, 0, 0, 0],729.2293999669995,56809.94340515666,90630.973642253,false
61,G2_TEC,G2_TEC,[20, 94, 66, 15, 26, 9, 95, 42, 77, 68, 47, 5, 3, 14, 86, 54, 85, 63, 18, 44, 31, 49, 36, 78, 74, 50, 53, 17, 21, 28, 11, 64, 93, 23, 30, 83, 24, 41, 40, 52, 65, 27, 90, 70, 39, 87, 48, 69, 99, 4, 46, 1, 13, 56, 97, 59, 45, 8, 73, 37, 35, 79, 71, 82, 76, 32, 60, 80, 58, 6, 67, 61, 33, 7, 57, 34, 12, 16, 10, 22, 96, 88, 43, 81, 91, 2, 84, 29, 92, 19, 51, 89, 38, 25, 72, 75, 98, 62, 55, 0]|[2, 1, 2, 1, 1, 2, 1, 1, 1, 1, 1, 0, 2, 2, 1, 2, 0, 0, 0, 2, 2, 1, 0, 2, 0, 2, 2, 1, 0, 1, 1, 1, 0, 0, 1, 0, 2, 1, 2, 2, 0, 0, 1, 1, 0, 2, 0, 2, 1, 0, 0, 2, 0, 2, 2, 0, 1, 1, 0, 0, 2, 1, 1, 2, 2, 0, 2, 2, 2, 1, 2, 1, 1, 2, 0, 1, 1, 2, 1, 2, 0, 1, 1, 1, 1, 0, 0, 1, 0, 1, 1, 1, 0, 1, 1, 0, 2, 1, 0, 0]|[1, 3, 1, 3, 4, 1, 4, 4, 4, 4, 3, 2, 1, 0, 2, 1, 1, 1, 2, 1, 1, 3, 0, 1, 0, 1, 1, 4, 1, 4, 3, 2, 2, 0, 4, 1, 1, 4, 1, 1, 2, 1, 4, 4, 1, 1, 0, 1, 3, 2, 2, 1, 2, 1, 1, 2, 4, 3, 0, 2, 1, 3, 3, 1, 1, 2, 1, 1, 1, 4, 1, 3, 4, 1, 2, 4, 3, 1, 3, 1, 2, 4, 4, 4, 3, 2, 2, 3, 2, 4, 3, 4, 2, 4, 4, 2, 1, 3, 2, 2]|[0, 2, 0, 0, 3, 0, 1, 3, 1, 0, 2, 0, 1, 0, 1, 0, 0, 0, 1, 0, 0, 2, 0, 0, 1, 0, 0, 3, 0, 1, 0, 2, 0, 0, 3, 0, 1, 1, 0, 0, 0, 0, 1, 3, 0, 0, 1, 0, 2, 0, 0, 0, 0, 0, 1, 0, 1, 0, 1, 1, 0, 2, 0, 0, 0, 0, 0, 0, 0, 2, 0, 0, 1, 0, 0, 1, 0, 0, 3, 0, 0, 1, 2, 2, 0, 0, 0, 3, 0, 1, 0, 1, 0, 3, 1, 0, 0, 0, 0, 0],910.6016522559228,48196.44872629531,105119.71286620182,false
61,G3_TWC,G3_TWC,[31, 22, 42, 15, 26, 58, 95, 82, 77, 12, 47, 5, 93, 78, 98, 54, 85, 63, 46, 44, 20, 35, 43, 97, 91, 76, 10, 30, 21, 45, 71, 64, 1, 23, 17, 83, 24, 61, 60, 49, 6, 57, 94, 88, 65, 56, 79, 40, 89, 68, 18, 75, 0, 9, 19, 32, 81, 41, 27, 62, 87, 90, 99, 59, 53, 16, 72, 73, 70, 39, 37, 84, 3, 92, 25, 74, 28, 38, 51, 7, 11, 14, 86, 48, 67, 66, 50, 96, 33, 80, 8, 4, 29, 55, 36, 52, 13, 2, 69, 34]|[1, 1, 0, 1, 1, 1, 2, 1, 2, 1, 2, 2, 2, 1, 1, 0, 0, 1, 0, 2, 2, 0, 1, 2, 0, 1, 2, 2, 0, 0, 1, 2, 1, 0, 1, 0, 2, 0, 1, 1, 0, 1, 1, 1, 0, 2, 1, 1, 1, 0, 0, 0, 1, 1, 2, 1, 2, 0, 0, 0, 2, 1, 0, 1, 0, 1, 2, 1, 1, 1, 1, 1, 2, 0, 1, 2, 0, 0, 0, 1, 0, 1, 0, 0, 1, 0, 0, 0, 2, 0, 1, 0, 0, 1, 0, 1, 0, 0, 1, 2]|[4, 3, 2, 2, 0, 0, 2, 2, 2, 4, 1, 1, 2, 4, 4, 1, 1, 4, 2, 1, 1, 1, 1, 2, 1, 2, 1, 1, 1, 1, 3, 2, 3, 0, 4, 0, 1, 1, 0, 3, 2, 2, 4, 0, 1, 1, 3, 2, 1, 1, 2, 2, 1, 4, 0, 3, 2, 1, 1, 2, 1, 3, 1, 1, 2, 3, 0, 4, 3, 1, 4, 1, 1, 2, 4, 1, 2, 1, 1, 3, 2, 3, 1, 1, 1, 1, 1, 1, 1, 1, 3, 2, 2, 4, 1, 1, 2, 2, 3, 1]|[0, 2, 1, 1, 3, 3, 0, 1, 0, 0, 0, 0, 1, 0, 1, 0, 0, 3, 1, 0, 0, 0, 3, 1, 0, 2, 0, 0, 0, 1, 0, 0, 0, 0, 3, 0, 1, 0, 0, 2, 1, 1, 2, 0, 0, 0, 0, 1, 1, 0, 0, 0, 1, 3, 0, 0, 1, 0, 0, 1, 0, 2, 0, 1, 1, 2, 1, 0, 0, 1, 1, 3, 0, 1, 3, 0, 1, 0, 0, 2, 1, 0, 0, 0, 1, 0, 0, 0, 0, 0, 2, 1, 0, 3, 1, 1, 0, 0, 0, 0],833.4359641689811,57767.6273409838,86364.29346224964,false
61,G1_CMAX,G1_CMAX,[31, 22, 42, 15, 26, 58, 95, 82, 77, 12, 47, 5, 93, 78, 98, 85, 54, 63, 18, 44, 20, 35, 43, 97, 91, 10, 30, 21, 61, 71, 64, 1, 23, 17, 83, 24, 50, 60, 36, 6, 57, 94, 88, 65, 56, 79, 40, 67, 68, 46, 75, 38, 9, 19, 32, 81, 41, 27, 62, 87, 90, 99, 59, 11, 16, 72, 73, 70, 39, 37, 84, 76, 3, 92, 25, 74, 28, 7, 51, 29, 33, 14, 86, 66, 89, 45, 80, 96, 53, 4, 48, 2, 55, 49, 0, 52, 13, 8, 69, 34]|[1, 1, 1, 1, 1, 1, 2, 1, 2, 1, 2, 0, 2, 1, 1, 0, 0, 1, 0, 2, 2, 2, 1, 2, 0, 2, 2, 0, 0, 1, 2, 1, 2, 1, 0, 2, 0, 1, 1, 0, 1, 1, 1, 0, 2, 1, 1, 0, 0, 0, 0, 1, 1, 2, 1, 2, 2, 0, 0, 2, 1, 0, 1, 2, 1, 2, 1, 1, 1, 1, 1, 1, 2, 1, 1, 2, 0, 0, 0, 0, 2, 1, 2, 0, 1, 0, 0, 0, 0, 0, 2, 0, 1, 0, 0, 1, 0, 1, 2, 2]|[4, 3, 2, 2, 0, 0, 1, 2, 1, 4, 1, 0, 2, 4, 4, 1, 1, 4, 2, 1, 1, 0, 1, 2, 1, 1, 1, 1, 1, 3, 2, 3, 0, 4, 0, 1, 1, 0, 3, 2, 2, 4, 0, 1, 1, 0, 2, 0, 1, 2, 2, 1, 4, 0, 3, 2, 1, 1, 2, 1, 3, 1, 1, 1, 3, 0, 4, 3, 1, 4, 1, 2, 1, 4, 4, 1, 2, 1, 1, 1, 1, 3, 1, 1, 1, 1, 1, 1, 2, 2, 0, 2, 4, 1, 2, 1, 2, 3, 1, 1]|[2, 2, 1, 1, 3, 3, 0, 1, 0, 0, 0, 1, 1, 0, 1, 0, 0, 3, 1, 0, 0, 0, 3, 1, 0, 0, 0, 0, 1, 0, 0, 0, 0, 3, 0, 1, 0, 0, 2, 1, 1, 2, 0, 0, 0, 0, 1, 1, 0, 0, 0, 1, 3, 0, 0, 1, 0, 0, 1, 0, 2, 0, 1, 0, 2, 1, 0, 0, 1, 1, 3, 2, 0, 0, 3, 0, 1, 0, 0, 0, 0, 0, 0, 0, 1, 0, 0, 0, 1, 1, 1, 0, 3, 1, 0, 1, 0, 2, 0, 0],701.9269445084548,58814.16448267554,96724.70889609086,false
61,G4_BALANCED,G4_BALANCED,[31, 11, 15, 82, 26, 9, 95, 32, 77, 68, 47, 5, 93, 78, 86, 54, 85, 63, 18, 44, 20, 49, 36, 14, 74, 50, 53, 17, 21, 45, 71, 64, 3, 23, 30, 83, 24, 41, 60, 52, 65, 27, 90, 70, 39, 87, 48, 69, 99, 4, 46, 1, 13, 58, 97, 59, 28, 8, 73, 37, 35, 79, 22, 66, 76, 42, 40, 80, 96, 6, 16, 61, 33, 7, 57, 34, 12, 67, 10, 98, 56, 88, 29, 75, 91, 38, 19, 92, 43, 84, 51, 72, 81, 0, 2, 55, 94, 89, 62, 25]|[2, 1, 1, 2, 1, 2, 1, 1, 1, 1, 1, 0, 2, 2, 1, 2, 0, 0, 0, 2, 2, 1, 0, 2, 0, 2, 2, 1, 0, 1, 1, 1, 0, 0, 1, 0, 2, 1, 2, 2, 0, 0, 1, 1, 0, 2, 0, 2, 1, 0, 0, 2, 0, 0, 2, 0, 1, 1, 0, 0, 2, 1, 0, 2, 2, 0, 2, 2, 0, 1, 2, 1, 1, 2, 0, 1, 1, 1, 1, 2, 2, 1, 1, 0, 1, 0, 1, 0, 1, 0, 1, 1, 1, 0, 2, 0, 2, 1, 1, 1]|[1, 3, 2, 0, 4, 1, 4, 4, 2, 4, 3, 2, 1, 0, 2, 1, 1, 1, 2, 1, 1, 3, 0, 1, 0, 1, 1, 4, 1, 4, 3, 2, 2, 0, 4, 1, 1, 4, 0, 1, 2, 1, 4, 4, 1, 1, 0, 2, 3, 2, 2, 1, 2, 1, 1, 2, 4, 3, 0, 2, 2, 3, 1, 0, 1, 2, 0, 1, 2, 4, 1, 3, 4, 1, 2, 4, 3, 3, 3, 1, 1, 4, 3, 2, 3, 2, 4, 2, 4, 2, 3, 4, 1, 2, 1, 2, 1, 4, 3, 4]|[1, 2, 1, 0, 3, 0, 1, 3, 0, 0, 2, 0, 1, 0, 1, 0, 0, 0, 1, 0, 0, 2, 0, 0, 1, 0, 0, 3, 0, 1, 0, 2, 0, 1, 3, 0, 1, 3, 1, 0, 0, 0, 1, 3, 0, 0, 1, 0, 2, 0, 0, 0, 0, 0, 1, 0, 1, 0, 1, 1, 0, 2, 0, 0, 0, 0, 0, 0, 0, 2, 0, 0, 1, 0, 0, 1, 0, 0, 3, 0, 0, 1, 0, 0, 0, 0, 3, 0, 2, 0, 0, 2, 1, 0, 0, 0, 0, 1, 0, 3],846.6109372053031,52128.769557101376,106800.59864073119,false
61,G2_TEC,G2_TEC,[20, 94, 66, 15, 26, 9, 95, 42, 77, 68, 47, 5, 3, 14, 86, 54, 85, 63, 18, 44, 31, 49, 36, 78, 74, 50, 53, 17, 21, 28, 11, 64, 93, 23, 30, 83, 24, 41, 40, 52, 65, 27, 90, 70, 39, 87, 48, 69, 99, 4, 46, 1, 13, 56, 97, 59, 45, 8, 73, 37, 35, 79, 71, 82, 76, 32, 60, 80, 58, 6, 67, 61, 33, 7, 57, 34, 12, 16, 10, 22, 96, 88, 43, 81, 91, 2, 84, 29, 92, 19, 51, 89, 38, 25, 72, 75, 98, 62, 55, 0]|[2, 1, 2, 1, 1, 2, 1, 1, 1, 1, 1, 0, 2, 2, 1, 2, 0, 0, 0, 2, 2, 1, 0, 2, 0, 2, 2, 1, 0, 1, 1, 1, 0, 0, 1, 0, 2, 1, 2, 2, 0, 0, 1, 1, 0, 2, 0, 2, 1, 0, 0, 2, 0, 2, 2, 0, 1, 1, 0, 0, 2, 1, 1, 2, 2, 0, 2, 2, 2, 1, 2, 1, 1, 2, 0, 1, 1, 2, 1, 2, 0, 1, 1, 1, 1, 0, 0, 1, 0, 1, 1, 1, 0, 1, 1, 0, 2, 1, 0, 0]|[1, 3, 1, 3, 4, 1, 4, 4, 4, 4, 3, 2, 1, 0, 2, 1, 1, 1, 2, 1, 1, 3, 0, 1, 0, 1, 1, 4, 1, 4, 3, 2, 2, 0, 4, 1, 1, 4, 1, 1, 2, 1, 4, 4, 1, 1, 0, 1, 3, 2, 2, 1, 2, 1, 1, 2, 4, 3, 0, 2, 1, 3, 3, 1, 1, 2, 1, 1, 1, 4, 1, 3, 4, 1, 2, 4, 3, 1, 3, 1, 2, 4, 4, 4, 3, 2, 2, 3, 2, 4, 3, 4, 2, 4, 4, 2, 1, 3, 2, 2]|[0, 2, 0, 0, 3, 0, 1, 3, 1, 0, 2, 0, 1, 0, 1, 0, 0, 0, 1, 0, 0, 2, 0, 0, 1, 0, 0, 3, 0, 1, 0, 2, 0, 0, 3, 0, 1, 1, 0, 0, 0, 0, 1, 3, 0, 0, 1, 0, 2, 0, 0, 0, 0, 0, 1, 0, 1, 0, 1, 1, 0, 2, 0, 0, 0, 0, 0, 0, 0, 2, 0, 0, 1, 0, 0, 1, 0, 0, 3, 0, 0, 1, 2, 2, 0, 0, 0, 3, 0, 1, 0, 1, 0, 3, 1, 0, 0, 0, 0, 0],910.6016522559228,48196.44872629531,105119.71286620182,false
61,G3_TWC,G3_TWC,[31, 22, 42, 15, 26, 58, 95, 82, 77, 12, 47, 5, 93, 78, 98, 54, 85, 63, 46, 44, 20, 35, 43, 97, 91, 76, 10, 30, 21, 45, 71, 64, 1, 23, 17, 83, 24, 61, 60, 49, 6, 57, 94, 88, 65, 56, 79, 40, 89, 68, 18, 75, 0, 9, 19, 32, 81, 41, 27, 62, 87, 90, 99, 59, 53, 16, 72, 73, 70, 39, 37, 84, 3, 92, 25, 74, 28, 38, 51, 7, 11, 14, 86, 48, 67, 66, 50, 96, 33, 80, 8, 4, 29, 55, 36, 52, 13, 2, 69, 34]|[1, 1, 0, 1, 1, 1, 2, 1, 2, 1, 2, 2, 2, 1, 1, 0, 0, 1, 0, 2, 2, 0, 1, 2, 0, 1, 2, 2, 0, 0, 1, 2, 1, 0, 1, 0, 2, 0, 1, 1, 0, 1, 1, 1, 0, 2, 1, 1, 1, 0, 0, 0, 1, 1, 2, 1, 2, 0, 0, 0, 2, 1, 0, 1, 0, 1, 2, 1, 1, 1, 1, 1, 2, 0, 1, 2, 0, 0, 0, 1, 0, 1, 0, 0, 1, 0, 0, 0, 2, 0, 1, 0, 0, 1, 0, 1, 0, 0, 1, 2]|[4, 3, 2, 2, 0, 0, 2, 2, 2, 4, 1, 1, 2, 4, 4, 1, 1, 4, 2, 1, 1, 1, 1, 2, 1, 2, 1, 1, 1, 1, 3, 2, 3, 0, 4, 0, 1, 1, 0, 3, 2, 2, 4, 0, 1, 1, 3, 2, 1, 1, 2, 2, 1, 4, 0, 3, 2, 1, 1, 2, 1, 3, 1, 1, 2, 3, 0, 4, 3, 1, 4, 1, 1, 2, 4, 1, 2, 1, 1, 3, 2, 3, 1, 1, 1, 1, 1, 1, 1, 1, 3, 2, 2, 4, 1, 1, 2, 2, 3, 1]|[0, 2, 1, 1, 3, 3, 0, 1, 0, 0, 0, 0, 1, 0, 1, 0, 0, 3, 1, 0, 0, 0, 3, 1, 0, 2, 0, 0, 0, 1, 0, 0, 0, 0, 3, 0, 1, 0, 0, 2, 1, 1, 2, 0, 0, 0, 0, 1, 1, 0, 0, 0, 1, 3, 0, 0, 1, 0, 0, 1, 0, 2, 0, 1, 1, 2, 1, 0, 0, 1, 1, 3, 0, 1, 3, 0, 1, 0, 0, 2, 1, 0, 0, 0, 1, 0, 0, 0, 0, 0, 2, 1, 0, 3, 1, 1, 0, 0, 0, 0],833.4359641689811,57767.6273409838,86364.29346224964,false
61,G1_CMAX,G1_CMAX,[31, 22, 42, 15, 26, 58, 95, 82, 77, 12, 47, 5, 93, 78, 98, 85, 54, 63, 18, 44, 20, 35, 43, 97, 91, 10, 30, 21, 61, 71, 64, 1, 23, 17, 83, 24, 50, 60, 36, 6, 57, 94, 88, 65, 56, 79, 40, 67, 68, 46, 75, 38, 9, 19, 32, 81, 41, 27, 62, 87, 90, 99, 59, 11, 16, 72, 73, 70, 39, 37, 84, 76, 3, 92, 25, 74, 28, 7, 51, 29, 33, 14, 86, 66, 89, 45, 80, 96, 53, 4, 48, 2, 55, 49, 0, 52, 13, 8, 69, 34]|[1, 1, 1, 1, 1, 1, 2, 1, 2, 1, 2, 0, 2, 1, 1, 0, 0, 1, 0, 2, 2, 2, 1, 2, 0, 2, 2, 0, 0, 1, 2, 1, 2, 1, 0, 2, 0, 1, 1, 0, 1, 1, 1, 0, 2, 1, 1, 0, 0, 0, 0, 1, 1, 2, 1, 2, 2, 0, 0, 2, 1, 0, 1, 2, 1, 2, 1, 1, 1, 1, 1, 1, 2, 1, 1, 2, 0, 0, 0, 0, 2, 1, 2, 0, 1, 0, 0, 0, 0, 0, 2, 0, 1, 0, 0, 1, 0, 1, 2, 2]|[4, 3, 2, 2, 0, 0, 1, 2, 1, 4, 1, 0, 2, 4, 4, 1, 1, 4, 2, 1, 1, 0, 1, 2, 1, 1, 1, 1, 1, 3, 2, 3, 0, 4, 0, 1, 1, 0, 3, 2, 2, 4, 0, 1, 1, 0, 2, 0, 1, 2, 2, 1, 4, 0, 3, 2, 1, 1, 2, 1, 3, 1, 1, 1, 3, 0, 4, 3, 1, 4, 1, 2, 1, 4, 4, 1, 2, 1, 1, 1, 1, 3, 1, 1, 1, 1, 1, 1, 2, 2, 0, 2, 4, 1, 2, 1, 2, 3, 1, 1]|[2, 2, 1, 1, 3, 3, 0, 1, 0, 0, 0, 1, 1, 0, 1, 0, 0, 3, 1, 0, 0, 0, 3, 1, 0, 0, 0, 0, 1, 0, 0, 0, 0, 3, 0, 1, 0, 0, 2, 1, 1, 2, 0, 0, 0, 0, 1, 1, 0, 0, 0, 1, 3, 0, 0, 1, 0, 0, 1, 0, 2, 0, 1, 0, 2, 1, 0, 0, 1, 1, 3, 2, 0, 0, 3, 0, 1, 0, 0, 0, 0, 0, 0, 0, 1, 0, 0, 0, 1, 1, 1, 0, 3, 1, 0, 1, 0, 2, 0, 0],701.9269445084548,58814.16448267554,96724.70889609086,false
61,G4_BALANCED,G3_TWC,[31, 22, 42, 15, 26, 58, 95, 82, 77, 12, 47, 5, 93, 78, 98, 54, 85, 63, 18, 44, 86, 35, 43, 97, 91, 76, 10, 30, 21, 45, 71, 64, 1, 23, 17, 83, 24, 61, 60, 49, 6, 57, 94, 88, 65, 56, 79, 40, 67, 68, 46, 75, 0, 9, 19, 32, 81, 41, 27, 62, 87, 90, 99, 59, 53, 16, 72, 73, 70, 39, 37, 84, 3, 92, 25, 74, 28, 38, 51, 7, 11, 14, 20, 48, 89, 66, 50, 96, 33, 80, 8, 4, 34, 36, 55, 52, 29, 13, 69, 2]|[1, 1, 0, 1, 1, 1, 2, 1, 2, 1, 2, 2, 2, 1, 1, 0, 0, 1, 0, 2, 2, 0, 1, 2, 0, 1, 2, 2, 0, 0, 1, 2, 1, 0, 1, 0, 2, 0, 1, 1, 0, 1, 1, 1, 0, 2, 1, 1, 0, 0, 0, 0, 1, 1, 2, 1, 2, 0, 0, 0, 2, 1, 0, 1, 0, 1, 2, 1, 1, 1, 1, 1, 2, 0, 1, 2, 0, 0, 0, 1, 0, 1, 0, 0, 1, 0, 0, 0, 2, 0, 1, 0, 2, 0, 1, 1, 0, 0, 1, 0]|[4, 3, 2, 2, 0, 0, 2, 2, 2, 4, 1, 1, 2, 4, 4, 1, 1, 4, 2, 1, 1, 1, 1, 2, 1, 2, 1, 1, 1, 1, 3, 2, 3, 0, 4, 0, 1, 1, 0, 3, 2, 2, 4, 0, 1, 1, 3, 2, 0, 1, 2, 2, 1, 4, 0, 3, 2, 1, 1, 2, 1, 3, 1, 1, 2, 3, 0, 4, 3, 1, 4, 1, 1, 2, 4, 1, 2, 1, 1, 3, 2, 3, 1, 1, 1, 1, 1, 1, 1, 1, 3, 2, 1, 1, 4, 1, 2, 2, 3, 2]|[0, 2, 1, 1, 3, 3, 0, 1, 0, 0, 0, 0, 1, 0, 1, 0, 0, 3, 1, 0, 0, 0, 3, 1, 0, 2, 0, 0, 0, 1, 0, 0, 0, 0, 3, 0, 1, 0, 0, 2, 1, 1, 2, 0, 0, 0, 0, 1, 1, 0, 0, 0, 1, 3, 0, 0, 1, 0, 0, 1, 0, 2, 0, 1, 1, 2, 1, 0, 0, 1, 1, 3, 0, 1, 3, 0, 1, 0, 0, 2, 1, 0, 0, 0, 1, 0, 0, 0, 0, 0, 2, 1, 0, 1, 3, 1, 0, 0, 0, 0],859.7248743568795,57876.4155046995,86164.17870768864,true
61,G2_TEC,G2_TEC,[20, 94, 66, 15, 26, 9, 95, 42, 77, 68, 47, 5, 3, 14, 86, 54, 85, 63, 18, 44, 31, 49, 36, 78, 74, 50, 53, 17, 21, 28, 11, 64, 93, 23, 30, 83, 24, 41, 40, 52, 65, 27, 90, 70, 39, 87, 48, 69, 99, 4, 46, 1, 13, 56, 97, 59, 45, 8, 73, 37, 35, 79, 71, 82, 76, 32, 60, 80, 58, 6, 67, 61, 33, 7, 57, 34, 12, 16, 10, 22, 96, 88, 43, 81, 91, 2, 84, 29, 92, 19, 51, 89, 38, 25, 72, 75, 98, 62, 55, 0]|[2, 1, 2, 1, 1, 2, 1, 1, 1, 1, 1, 0, 2, 2, 1, 2, 0, 0, 0, 2, 2, 1, 0, 2, 0, 2, 2, 1, 0, 1, 1, 1, 0, 0, 1, 0, 2, 1, 2, 2, 0, 0, 1, 1, 0, 2, 0, 2, 1, 0, 0, 2, 0, 2, 2, 0, 1, 1, 0, 0, 2, 1, 1, 2, 2, 0, 2, 2, 2, 1, 2, 1, 1, 2, 0, 1, 1, 2, 1, 2, 0, 1, 1, 1, 1, 0, 0, 1, 0, 1, 1, 1, 0, 1, 1, 0, 2, 1, 0, 0]|[1, 3, 1, 3, 4, 1, 4, 4, 4, 4, 3, 2, 1, 0, 2, 1, 1, 1, 2, 1, 1, 3, 0, 1, 0, 1, 1, 4, 1, 4, 3, 2, 2, 0, 4, 1, 1, 4, 1, 1, 2, 1, 4, 4, 1, 1, 0, 1, 3, 2, 2, 1, 2, 1, 1, 2, 4, 3, 0, 2, 1, 3, 3, 1, 1, 2, 1, 1, 1, 4, 1, 3, 4, 1, 2, 4, 3, 1, 3, 1, 2, 4, 4, 4, 3, 2, 2, 3, 2, 4, 3, 4, 2, 4, 4, 2, 1, 3, 2, 2]|[0, 2, 0, 0, 3, 0, 1, 3, 1, 0, 2, 0, 1, 0, 1, 0, 0, 0, 1, 0, 0, 2, 0, 0, 1, 0, 0, 3, 0, 1, 0, 2, 0, 0, 3, 0, 1, 1, 0, 0, 0, 0, 1, 3, 0, 0, 1, 0, 2, 0, 0, 0, 0, 0, 1, 0, 1, 0, 1, 1, 0, 2, 0, 0, 0, 0, 0, 0, 0, 2, 0, 0, 1, 0, 0, 1, 0, 0, 3, 0, 0, 1, 2, 2, 0, 0, 0, 3, 0, 1, 0, 1, 0, 3, 1, 0, 0, 0, 0, 0],910.6016522559228,48196.44872629531,105119.71286620182,false
61,G3_TWC,G3_TWC,[31, 22, 42, 15, 26, 58, 95, 82, 77, 12, 47, 5, 93, 78, 98, 54, 85, 63, 46, 44, 20, 35, 43, 97, 91, 76, 10, 30, 21, 45, 71, 64, 1, 23, 17, 83, 24, 61, 60, 49, 6, 57, 94, 88, 65, 56, 79, 40, 89, 68, 18, 75, 0, 9, 19, 32, 81, 41, 27, 62, 87, 90, 99, 59, 53, 16, 72, 73, 70, 39, 37, 84, 3, 92, 25, 74, 28, 38, 51, 7, 11, 14, 86, 48, 67, 66, 50, 96, 33, 80, 8, 4, 29, 55, 36, 52, 13, 2, 69, 34]|[1, 1, 0, 1, 1, 1, 2, 1, 2, 1, 2, 2, 2, 1, 1, 0, 0, 1, 0, 2, 2, 0, 1, 2, 0, 1, 2, 2, 0, 0, 1, 2, 1, 0, 1, 0, 2, 0, 1, 1, 0, 1, 1, 1, 0, 2, 1, 1, 1, 0, 0, 0, 1, 1, 2, 1, 2, 0, 0, 0, 2, 1, 0, 1, 0, 1, 2, 1, 1, 1, 1, 1, 2, 0, 1, 2, 0, 0, 0, 1, 0, 1, 0, 0, 1, 0, 0, 0, 2, 0, 1, 0, 0, 1, 0, 1, 0, 0, 1, 2]|[4, 3, 2, 2, 0, 0, 2, 2, 2, 4, 1, 1, 2, 4, 4, 1, 1, 4, 2, 1, 1, 1, 1, 2, 1, 2, 1, 1, 1, 1, 3, 2, 3, 0, 4, 0, 1, 1, 0, 3, 2, 2, 4, 0, 1, 1, 3, 2, 1, 1, 2, 2, 1, 4, 0, 3, 2, 1, 1, 2, 1, 3, 1, 1, 2, 3, 0, 4, 3, 1, 4, 1, 1, 2, 4, 1, 2, 1, 1, 3, 2, 3, 1, 1, 1, 1, 1, 1, 1, 1, 3, 2, 2, 4, 1, 1, 2, 2, 3, 1]|[0, 2, 1, 1, 3, 3, 0, 1, 0, 0, 0, 0, 1, 0, 1, 0, 0, 3, 1, 0, 0, 0, 3, 1, 0, 2, 0, 0, 0, 1, 0, 0, 0, 0, 3, 0, 1, 0, 0, 2, 1, 1, 2, 0, 0, 0, 0, 1, 1, 0, 0, 0, 1, 3, 0, 0, 1, 0, 0, 1, 0, 2, 0, 1, 1, 2, 1, 0, 0, 1, 1, 3, 0, 1, 3, 0, 1, 0, 0, 2, 1, 0, 0, 0, 1, 0, 0, 0, 0, 0, 2, 1, 0, 3, 1, 1, 0, 0, 0, 0],833.4359641689811,57767.6273409838,86364.29346224964,false
61,G1_CMAX,G1_CMAX,[31, 22, 42, 15, 26, 58, 95, 82, 77, 12, 47, 5, 93, 78, 98, 85, 54, 63, 18, 44, 20, 35, 43, 97, 91, 10, 30, 21, 61, 71, 64, 1, 23, 17, 83, 24, 50, 60, 36, 6, 57, 94, 88, 65, 56, 79, 40, 67, 68, 46, 75, 38, 9, 19, 32, 81, 41, 27, 62, 87, 90, 99, 59, 11, 16, 72, 73, 70, 39, 37, 84, 76, 3, 92, 25, 74, 28, 7, 51, 29, 33, 14, 86, 66, 89, 45, 80, 96, 53, 4, 48, 2, 55, 49, 0, 52, 13, 8, 69, 34]|[1, 1, 1, 1, 1, 1, 2, 1, 2, 1, 2, 0, 2, 1, 1, 0, 0, 1, 0, 2, 2, 2, 1, 2, 0, 2, 2, 0, 0, 1, 2, 1, 2, 1, 0, 2, 0, 1, 1, 0, 1, 1, 1, 0, 2, 1, 1, 0, 0, 0, 0, 1, 1, 2, 1, 2, 2, 0, 0, 2, 1, 0, 1, 2, 1, 2, 1, 1, 1, 1, 1, 1, 2, 1, 1, 2, 0, 0, 0, 0, 2, 1, 2, 0, 1, 0, 0, 0, 0, 0, 2, 0, 1, 0, 0, 1, 0, 1, 2, 2]|[4, 3, 2, 2, 0, 0, 1, 2, 1, 4, 1, 0, 2, 4, 4, 1, 1, 4, 2, 1, 1, 0, 1, 2, 1, 1, 1, 1, 1, 3, 2, 3, 0, 4, 0, 1, 1, 0, 3, 2, 2, 4, 0, 1, 1, 0, 2, 0, 1, 2, 2, 1, 4, 0, 3, 2, 1, 1, 2, 1, 3, 1, 1, 1, 3, 0, 4, 3, 1, 4, 1, 2, 1, 4, 4, 1, 2, 1, 1, 1, 1, 3, 1, 1, 1, 1, 1, 1, 2, 2, 0, 2, 4, 1, 2, 1, 2, 3, 1, 1]|[2, 2, 1, 1, 3, 3, 0, 1, 0, 0, 0, 1, 1, 0, 1, 0, 0, 3, 1, 0, 0, 0, 3, 1, 0, 0, 0, 0, 1, 0, 0, 0, 0, 3, 0, 1, 0, 0, 2, 1, 1, 2, 0, 0, 0, 0, 1, 1, 0, 0, 0, 1, 3, 0, 0, 1, 0, 0, 1, 0, 2, 0, 1, 0, 2, 1, 0, 0, 1, 1, 3, 2, 0, 0, 3, 0, 1, 0, 0, 0, 0, 0, 0, 0, 1, 0, 0, 0, 1, 1, 1, 0, 3, 1, 0, 1, 0, 2, 0, 0],701.9269445084548,58814.16448267554,96724.70889609086,false
61,G4_BALANCED,G3_TWC,[31, 22, 42, 15, 26, 58, 95, 82, 77, 12, 47, 5, 93, 78, 98, 54, 85, 63, 18, 44, 20, 35, 43, 97, 91, 76, 10, 30, 21, 45, 71, 64, 1, 23, 17, 83, 24, 61, 60, 49, 6, 57, 94, 88, 65, 56, 79, 40, 67, 68, 46, 50, 38, 9, 19, 32, 81, 41, 27, 62, 87, 90, 99, 59, 11, 16, 72, 73, 70, 39, 37, 84, 3, 92, 25, 74, 28, 29, 51, 7, 33, 14, 86, 48, 89, 75, 66, 96, 53, 80, 4, 8, 0, 36, 55, 52, 13, 2, 69, 34]|[1, 1, 0, 1, 1, 1, 2, 1, 2, 1, 2, 2, 2, 1, 1, 0, 0, 1, 0, 2, 2, 0, 1, 2, 0, 1, 2, 2, 0, 0, 1, 2, 1, 2, 1, 0, 2, 0, 1, 1, 0, 1, 1, 1, 0, 2, 1, 1, 0, 0, 0, 0, 1, 1, 2, 1, 2, 2, 0, 0, 2, 1, 0, 1, 2, 1, 2, 1, 1, 1, 1, 1, 2, 0, 1, 2, 0, 0, 0, 1, 2, 1, 2, 2, 1, 0, 0, 0, 0, 0, 0, 1, 0, 0, 1, 1, 0, 0, 1, 2]|[4, 3, 2, 2, 0, 0, 2, 2, 2, 4, 1, 1, 2, 4, 4, 1, 1, 4, 2, 1, 1, 1, 1, 2, 1, 2, 1, 1, 1, 1, 3, 2, 3, 0, 4, 0, 1, 1, 0, 3, 2, 2, 4, 0, 1, 1, 3, 2, 0, 1, 2, 2, 1, 4, 0, 3, 2, 1, 1, 2, 1, 3, 1, 1, 1, 3, 0, 4, 3, 1, 4, 1, 1, 2, 4, 1, 2, 1, 1, 3, 1, 3, 1, 1, 1, 2, 1, 1, 2, 1, 2, 3, 1, 1, 4, 1, 2, 2, 3, 1]|[0, 2, 1, 1, 3, 3, 0, 1, 0, 0, 0, 0, 1, 0, 1, 0, 0, 3, 1, 0, 0, 0, 3, 1, 0, 2, 0, 0, 0, 0, 0, 0, 0, 0, 3, 0, 1, 0, 0, 2, 1, 1, 2, 0, 0, 0, 0, 1, 1, 0, 0, 0, 1, 3, 0, 0, 1, 0, 0, 1, 0, 2, 0, 1, 0, 2, 1, 0, 0, 1, 1, 3, 0, 1, 3, 0, 1, 0, 0, 2, 0, 0, 0, 0, 1, 0, 0, 0, 1, 0, 1, 2, 0, 1, 3, 1, 0, 0, 0, 0],736.2770238447348,56781.21878088509,90807.1080982333,true
61,G2_TEC,G2_TEC,[20, 94, 66, 15, 26, 9, 95, 42, 77, 68, 47, 5, 3, 14, 86, 54, 85, 63, 18, 44, 31, 49, 36, 78, 74, 50, 53, 17, 21, 28, 11, 64, 93, 23, 30, 83, 24, 41, 40, 52, 65, 27, 90, 70, 39, 87, 48, 69, 99, 4, 46, 1, 13, 56, 97, 59, 45, 8, 73, 37, 35, 79, 71, 82, 76, 32, 60, 80, 58, 6, 67, 61, 33, 7, 57, 34, 12, 16, 10, 22, 96, 88, 43, 81, 91, 2, 84, 29, 92, 19, 51, 89, 38, 25, 72, 75, 98, 62, 55, 0]|[2, 1, 2, 1, 1, 2, 1, 1, 1, 1, 1, 0, 2, 2, 1, 2, 0, 0, 0, 2, 2, 1, 0, 2, 0, 2, 2, 1, 0, 1, 1, 1, 0, 0, 1, 0, 2, 1, 2, 2, 0, 0, 1, 1, 0, 2, 0, 2, 1, 0, 0, 2, 0, 2, 2, 0, 1, 1, 0, 0, 2, 1, 1, 2, 2, 0, 2, 2, 2, 1, 2, 1, 1, 2, 0, 1, 1, 2, 1, 2, 0, 1, 1, 1, 1, 0, 0, 1, 0, 1, 1, 1, 0, 1, 1, 0, 2, 1, 0, 0]|[1, 3, 1, 3, 4, 1, 4, 4, 4, 4, 3, 2, 1, 0, 2, 1, 1, 1, 2, 1, 1, 3, 0, 1, 0, 1, 1, 4, 1, 4, 3, 2, 2, 0, 4, 1, 1, 4, 1, 1, 2, 1, 4, 4, 1, 1, 0, 1, 3, 2, 2, 1, 2, 1, 1, 2, 4, 3, 0, 2, 1, 3, 3, 1, 1, 2, 1, 1, 1, 4, 1, 3, 4, 1, 2, 4, 3, 1, 3, 1, 2, 4, 4, 4, 3, 2, 2, 3, 2, 4, 3, 4, 2, 4, 4, 2, 1, 3, 2, 2]|[0, 2, 0, 0, 3, 0, 1, 3, 1, 0, 2, 0, 1, 0, 1, 0, 0, 0, 1, 0, 0, 2, 0, 0, 1, 0, 0, 3, 0, 1, 0, 2, 0, 0, 3, 0, 1, 1, 0, 0, 0, 0, 1, 3, 0, 0, 1, 0, 2, 0, 0, 0, 0, 0, 1, 0, 1, 0, 1, 1, 0, 2, 0, 0, 0, 0, 0, 0, 0, 2, 0, 0, 1, 0, 0, 1, 0, 0, 3, 0, 0, 1, 2, 2, 0, 0, 0, 3, 0, 1, 0, 1, 0, 3, 1, 0, 0, 0, 0, 0],910.6016522559228,48196.44872629531,105119.71286620182,false
61,G3_TWC,G3_TWC,[31, 22, 42, 15, 26, 58, 95, 82, 77, 12, 47, 5, 93, 78, 98, 54, 85, 63, 46, 44, 20, 35, 43, 97, 91, 76, 10, 30, 21, 45, 71, 64, 1, 23, 17, 83, 24, 61, 60, 49, 6, 57, 94, 88, 65, 56, 79, 40, 89, 68, 18, 75, 0, 9, 19, 32, 81, 41, 27, 62, 87, 90, 99, 59, 53, 16, 72, 73, 70, 39, 37, 84, 3, 92, 25, 74, 28, 38, 51, 7, 11, 14, 86, 48, 67, 66, 50, 96, 33, 80, 8, 4, 29, 55, 36, 52, 13, 2, 69, 34]|[1, 1, 0, 1, 1, 1, 2, 1, 2, 1, 2, 2, 2, 1, 1, 0, 0, 1, 0, 2, 2, 0, 1, 2, 0, 1, 2, 2, 0, 0, 1, 2, 1, 0, 1, 0, 2, 0, 1, 1, 0, 1, 1, 1, 0, 2, 1, 1, 1, 0, 0, 0, 1, 1, 2, 1, 2, 0, 0, 0, 2, 1, 0, 1, 0, 1, 2, 1, 1, 1, 1, 1, 2, 0, 1, 2, 0, 0, 0, 1, 0, 1, 0, 0, 1, 0, 0, 0, 2, 0, 1, 0, 0, 1, 0, 1, 0, 0, 1, 2]|[4, 3, 2, 2, 0, 0, 2, 2, 2, 4, 1, 1, 2, 4, 4, 1, 1, 4, 2, 1, 1, 1, 1, 2, 1, 2, 1, 1, 1, 1, 3, 2, 3, 0, 4, 0, 1, 1, 0, 3, 2, 2, 4, 0, 1, 1, 3, 2, 1, 1, 2, 2, 1, 4, 0, 3, 2, 1, 1, 2, 1, 3, 1, 1, 2, 3, 0, 4, 3, 1, 4, 1, 1, 2, 4, 1, 2, 1, 1, 3, 2, 3, 1, 1, 1, 1, 1, 1, 1, 1, 3, 2, 2, 4, 1, 1, 2, 2, 3, 1]|[0, 2, 1, 1, 3, 3, 0, 1, 0, 0, 0, 0, 1, 0, 1, 0, 0, 3, 1, 0, 0, 0, 3, 1, 0, 2, 0, 0, 0, 1, 0, 0, 0, 0, 3, 0, 1, 0, 0, 2, 1, 1, 2, 0, 0, 0, 0, 1, 1, 0, 0, 0, 1, 3, 0, 0, 1, 0, 0, 1, 0, 2, 0, 1, 1, 2, 1, 0, 0, 1, 1, 3, 0, 1, 3, 0, 1, 0, 0, 2, 1, 0, 0, 0, 1, 0, 0, 0, 0, 0, 2, 1, 0, 3, 1, 1, 0, 0, 0, 0],833.4359641689811,57767.6273409838,86364.29346224964,false
61,G1_CMAX,G1_CMAX,[31, 22, 42, 15, 26, 58, 95, 82, 77, 12, 47, 5, 93, 78, 98, 85, 54, 63, 18, 44, 20, 35, 43, 97, 91, 10, 30, 21, 61, 71, 64, 1, 23, 17, 83, 24, 50, 60, 36, 6, 57, 94, 88, 65, 56, 79, 40, 67, 68, 46, 75, 38, 9, 19, 32, 81, 41, 27, 62, 87, 90, 99, 59, 11, 16, 72, 73, 70, 39, 37, 84, 76, 3, 92, 25, 74, 28, 7, 51, 29, 33, 14, 86, 66, 89, 45, 80, 96, 53, 4, 48, 2, 55, 49, 0, 52, 13, 8, 69, 34]|[1, 1, 1, 1, 1, 1, 2, 1, 2, 1, 2, 0, 2, 1, 1, 0, 0, 1, 0, 2, 2, 2, 1, 2, 0, 2, 2, 0, 0, 1, 2, 1, 2, 1, 0, 2, 0, 1, 1, 0, 1, 1, 1, 0, 2, 1, 1, 0, 0, 0, 0, 1, 1, 2, 1, 2, 2, 0, 0, 2, 1, 0, 1, 2, 1, 2, 1, 1, 1, 1, 1, 1, 2, 1, 1, 2, 0, 0, 0, 0, 2, 1, 2, 0, 1, 0, 0, 0, 0, 0, 2, 0, 1, 0, 0, 1, 0, 1, 2, 2]|[4, 3, 2, 2, 0, 0, 1, 2, 1, 4, 1, 0, 2, 4, 4, 1, 1, 4, 2, 1, 1, 0, 1, 2, 1, 1, 1, 1, 1, 3, 2, 3, 0, 4, 0, 1, 1, 0, 3, 2, 2, 4, 0, 1, 1, 0, 2, 0, 1, 2, 2, 1, 4, 0, 3, 2, 1, 1, 2, 1, 3, 1, 1, 1, 3, 0, 4, 3, 1, 4, 1, 2, 1, 4, 4, 1, 2, 1, 1, 1, 1, 3, 1, 1, 1, 1, 1, 1, 2, 2, 0, 2, 4, 1, 2, 1, 2, 3, 1, 1]|[2, 2, 1, 1, 3, 3, 0, 1, 0, 0, 0, 1, 1, 0, 1, 0, 0, 3, 1, 0, 0, 0, 3, 1, 0, 0, 0, 0, 1, 0, 0, 0, 0, 3, 0, 1, 0, 0, 2, 1, 1, 2, 0, 0, 0, 0, 1, 1, 0, 0, 0, 1, 3, 0, 0, 1, 0, 0, 1, 0, 2, 0, 1, 0, 2, 1, 0, 0, 1, 1, 3, 2, 0, 0, 3, 0, 1, 0, 0, 0, 0, 0, 0, 0, 1, 0, 0, 0, 1, 1, 1, 0, 3, 1, 0, 1, 0, 2, 0, 0],701.9269445084548,58814.16448267554,96724.70889609086,false
61,G4_BALANCED,G4_BALANCED,[31, 11, 15, 82, 26, 9, 95, 32, 77, 68, 47, 5, 93, 78, 86, 54, 85, 63, 18, 44, 20, 49, 36, 14, 74, 50, 53, 17, 21, 45, 71, 64, 3, 23, 30, 83, 24, 41, 60, 52, 65, 27, 90, 70, 39, 87, 48, 69, 99, 4, 46, 1, 13, 58, 97, 59, 28, 75, 73, 37, 35, 79, 22, 66, 76, 42, 40, 80, 96, 6, 16, 61, 33, 7, 57, 34, 12, 67, 10, 98, 56, 88, 43, 8, 91, 38, 84, 92, 29, 19, 51, 72, 89, 25, 2, 81, 94, 55, 62, 0]|[2, 1, 1, 2, 1, 2, 1, 1, 1, 1, 1, 0, 2, 2, 1, 2, 0, 0, 0, 2, 2, 1, 0, 2, 0, 2, 2, 1, 0, 1, 1, 1, 0, 0, 1, 0, 2, 1, 2, 2, 0, 0, 1, 1, 0, 2, 0, 2, 1, 0, 0, 2, 0, 0, 1, 0, 1, 0, 0, 0, 1, 1, 0, 2, 2, 0, 2, 2, 0, 1, 2, 1, 1, 2, 0, 1, 1, 1, 1, 2, 2, 1, 1, 1, 1, 0, 0, 0, 1, 2, 1, 1, 1, 1, 2, 1, 2, 0, 1, 0]|[0, 3, 2, 0, 4, 1, 4, 4, 2, 4, 3, 2, 1, 0, 2, 1, 1, 1, 2, 1, 1, 3, 0, 1, 0, 1, 1, 4, 1, 4, 3, 2, 2, 0, 4, 1, 1, 4, 0, 1, 2, 1, 4, 4, 1, 1, 0, 2, 3, 2, 2, 1, 2, 1, 4, 2, 4, 2, 0, 2, 3, 3, 1, 0, 1, 2, 0, 1, 2, 4, 1, 3, 4, 1, 2, 4, 3, 3, 3, 1, 1, 4, 4, 3, 3, 2, 2, 2, 3, 1, 3, 4, 4, 4, 1, 1, 1, 2, 3, 2]|[0, 2, 1, 0, 3, 0, 1, 3, 0, 0, 2, 0, 1, 0, 1, 0, 0, 0, 1, 0, 0, 2, 0, 0, 1, 0, 0, 3, 0, 1, 0, 2, 0, 1, 3, 0, 1, 3, 1, 0, 0, 0, 1, 3, 0, 0, 1, 0, 2, 0, 0, 0, 0, 0, 1, 0, 1, 0, 1, 1, 0, 2, 0, 0, 0, 0, 0, 0, 0, 2, 0, 0, 1, 0, 0, 1, 0, 0, 3, 0, 0, 1, 2, 0, 0, 0, 0, 0, 3, 1, 0, 1, 1, 3, 0, 1, 0, 0, 0, 0],846.5351127246619,51659.69094396193,107891.35183337331,false
61,G2_TEC,G2_TEC,[20, 94, 66, 15, 26, 9, 95, 42, 77, 68, 47, 5, 3, 14, 86, 54, 85, 63, 18, 44, 31, 49, 36, 78, 74, 50, 53, 17, 21, 28, 11, 64, 93, 23, 30, 83, 24, 41, 40, 52, 65, 27, 90, 70, 39, 87, 48, 69, 99, 4, 46, 1, 13, 56, 97, 59, 45, 8, 73, 37, 35, 79, 71, 82, 76, 32, 60, 80, 58, 6, 67, 61, 33, 7, 57, 34, 12, 16, 10, 22, 96, 88, 43, 81, 91, 2, 84, 29, 92, 19, 51, 89, 38, 25, 72, 75, 98, 62, 55, 0]|[2, 1, 2, 1, 1, 2, 1, 1, 1, 1, 1, 0, 2, 2, 1, 2, 0, 0, 0, 2, 2, 1, 0, 2, 0, 2, 2, 1, 0, 1, 1, 1, 0, 0, 1, 0, 2, 1, 2, 2, 0, 0, 1, 1, 0, 2, 0, 2, 1, 0, 0, 2, 0, 2, 2, 0, 1, 1, 0, 0, 2, 1, 1, 2, 2, 0, 2, 2, 2, 1, 2, 1, 1, 2, 0, 1, 1, 2, 1, 2, 0, 1, 1, 1, 1, 0, 0, 1, 0, 1, 1, 1, 0, 1, 1, 0, 2, 1, 0, 0]|[1, 3, 1, 3, 4, 1, 4, 4, 4, 4, 3, 2, 1, 0, 2, 1, 1, 1, 2, 1, 1, 3, 0, 1, 0, 1, 1, 4, 1, 4, 3, 2, 2, 0, 4, 1, 1, 4, 1, 1, 2, 1, 4, 4, 1, 1, 0, 1, 3, 2, 2, 1, 2, 1, 1, 2, 4, 3, 0, 2, 1, 3, 3, 1, 1, 2, 1, 1, 1, 4, 1, 3, 4, 1, 2, 4, 3, 1, 3, 1, 2, 4, 4, 4, 3, 2, 2, 3, 2, 4, 3, 4, 2, 4, 4, 2, 1, 3, 2, 2]|[0, 2, 0, 0, 3, 0, 1, 3, 1, 0, 2, 0, 1, 0, 1, 0, 0, 0, 1, 0, 0, 2, 0, 0, 1, 0, 0, 3, 0, 1, 0, 2, 0, 0, 3, 0, 1, 1, 0, 0, 0, 0, 1, 3, 0, 0, 1, 0, 2, 0, 0, 0, 0, 0, 1, 0, 1, 0, 1, 1, 0, 2, 0, 0, 0, 0, 0, 0, 0, 2, 0, 0, 1, 0, 0, 1, 0, 0, 3, 0, 0, 1, 2, 2, 0, 0, 0, 3, 0, 1, 0, 1, 0, 3, 1, 0, 0, 0, 0, 0],910.6016522559228,48196.44872629531,105119.71286620182,false
61,G3_TWC,G3_TWC,[31, 22, 42, 15, 26, 58, 95, 82, 77, 12, 47, 5, 93, 78, 98, 54, 85, 63, 46, 44, 20, 35, 43, 97, 91, 76, 10, 30, 21, 45, 71, 64, 1, 23, 17, 83, 24, 61, 60, 49, 6, 57, 94, 88, 65, 56, 79, 40, 89, 68, 18, 75, 0, 9, 19, 32, 81, 41, 27, 62, 87, 90, 99, 59, 53, 16, 72, 73, 70, 39, 37, 84, 3, 92, 25, 74, 28, 38, 51, 7, 11, 14, 86, 48, 67, 66, 50, 96, 33, 80, 8, 4, 29, 55, 36, 52, 13, 2, 69, 34]|[1, 1, 0, 1, 1, 1, 2, 1, 2, 1, 2, 2, 2, 1, 1, 0, 0, 1, 0, 2, 2, 0, 1, 2, 0, 1, 2, 2, 0, 0, 1, 2, 1, 0, 1, 0, 2, 0, 1, 1, 0, 1, 1, 1, 0, 2, 1, 1, 1, 0, 0, 0, 1, 1, 2, 1, 2, 0, 0, 0, 2, 1, 0, 1, 0, 1, 2, 1, 1, 1, 1, 1, 2, 0, 1, 2, 0, 0, 0, 1, 0, 1, 0, 0, 1, 0, 0, 0, 2, 0, 1, 0, 0, 1, 0, 1, 0, 0, 1, 2]|[4, 3, 2, 2, 0, 0, 2, 2, 2, 4, 1, 1, 2, 4, 4, 1, 1, 4, 2, 1, 1, 1, 1, 2, 1, 2, 1, 1, 1, 1, 3, 2, 3, 0, 4, 0, 1, 1, 0, 3, 2, 2, 4, 0, 1, 1, 3, 2, 1, 1, 2, 2, 1, 4, 0, 3, 2, 1, 1, 2, 1, 3, 1, 1, 2, 3, 0, 4, 3, 1, 4, 1, 1, 2, 4, 1, 2, 1, 1, 3, 2, 3, 1, 1, 1, 1, 1, 1, 1, 1, 3, 2, 2, 4, 1, 1, 2, 2, 3, 1]|[0, 2, 1, 1, 3, 3, 0, 1, 0, 0, 0, 0, 1, 0, 1, 0, 0, 3, 1, 0, 0, 0, 3, 1, 0, 2, 0, 0, 0, 1, 0, 0, 0, 0, 3, 0, 1, 0, 0, 2, 1, 1, 2, 0, 0, 0, 0, 1, 1, 0, 0, 0, 1, 3, 0, 0, 1, 0, 0, 1, 0, 2, 0, 1, 1, 2, 1, 0, 0, 1, 1, 3, 0, 1, 3, 0, 1, 0, 0, 2, 1, 0, 0, 0, 1, 0, 0, 0, 0, 0, 2, 1, 0, 3, 1, 1, 0, 0, 0, 0],833.4359641689811,57767.6273409838,86364.29346224964,false
61,G1_CMAX,G1_CMAX,[31, 22, 42, 15, 26, 58, 95, 82, 77, 12, 47, 5, 93, 78, 98, 85, 54, 63, 18, 44, 20, 35, 43, 97, 91, 10, 30, 21, 61, 71, 64, 1, 23, 17, 83, 24, 50, 60, 36, 6, 57, 94, 88, 65, 56, 79, 40, 67, 68, 46, 75, 38, 9, 19, 32, 81, 41, 27, 62, 87, 90, 99, 59, 11, 16, 72, 73, 70, 39, 37, 84, 76, 3, 92, 25, 74, 28, 7, 51, 29, 33, 14, 86, 66, 89, 45, 80, 96, 53, 4, 48, 2, 55, 49, 0, 52, 13, 8, 69, 34]|[1, 1, 1, 1, 1, 1, 2, 1, 2, 1, 2, 0, 2, 1, 1, 0, 0, 1, 0, 2, 2, 2, 1, 2, 0, 2, 2, 0, 0, 1, 2, 1, 2, 1, 0, 2, 0, 1, 1, 0, 1, 1, 1, 0, 2, 1, 1, 0, 0, 0, 0, 1, 1, 2, 1, 2, 2, 0, 0, 2, 1, 0, 1, 2, 1, 2, 1, 1, 1, 1, 1, 1, 2, 1, 1, 2, 0, 0, 0, 0, 2, 1, 2, 0, 1, 0, 0, 0, 0, 0, 2, 0, 1, 0, 0, 1, 0, 1, 2, 2]|[4, 3, 2, 2, 0, 0, 1, 2, 1, 4, 1, 0, 2, 4, 4, 1, 1, 4, 2, 1, 1, 0, 1, 2, 1, 1, 1, 1, 1, 3, 2, 3, 0, 4, 0, 1, 1, 0, 3, 2, 2, 4, 0, 1, 1, 0, 2, 0, 1, 2, 2, 1, 4, 0, 3, 2, 1, 1, 2, 1, 3, 1, 1, 1, 3, 0, 4, 3, 1, 4, 1, 2, 1, 4, 4, 1, 2, 1, 1, 1, 1, 3, 1, 1, 1, 1, 1, 1, 2, 2, 0, 2, 4, 1, 2, 1, 2, 3, 1, 1]|[2, 2, 1, 1, 3, 3, 0, 1, 0, 0, 0, 1, 1, 0, 1, 0, 0, 3, 1, 0, 0, 0, 3, 1, 0, 0, 0, 0, 1, 0, 0, 0, 0, 3, 0, 1, 0, 0, 2, 1, 1, 2, 0, 0, 0, 0, 1, 1, 0, 0, 0, 1, 3, 0, 0, 1, 0, 0, 1, 0, 2, 0, 1, 0, 2, 1, 0, 0, 1, 1, 3, 2, 0, 0, 3, 0, 1, 0, 0, 0, 0, 0, 0, 0, 1, 0, 0, 0, 1, 1, 1, 0, 3, 1, 0, 1, 0, 2, 0, 0],701.9269445084548,58814.16448267554,96724.70889609086,false
61,G4_BALANCED,G4_BALANCED,[31, 22, 82, 15, 26, 9, 95, 42, 77, 68, 47, 5, 93, 78, 86, 54, 85, 63, 18, 44, 20, 49, 36, 14, 74, 50, 53, 17, 21, 28, 11, 64, 3, 23, 30, 83, 24, 41, 40, 52, 65, 27, 90, 70, 39, 58, 48, 69, 99, 4, 46, 1, 13, 87, 97, 59, 45, 8, 73, 37, 35, 79, 71, 66, 76, 32, 60, 80, 56, 6, 67, 61, 33, 7, 57, 34, 12, 16, 10, 98, 96, 88, 43, 81, 91, 2, 84, 29, 92, 19, 51, 55, 94, 89, 72, 75, 38, 25, 62, 0]|[2, 1, 2, 1, 1, 2, 1, 1, 1, 1, 1, 0, 2, 2, 1, 2, 0, 0, 0, 2, 2, 1, 0, 2, 0, 2, 2, 1, 0, 1, 1, 1, 0, 0, 1, 0, 2, 1, 2, 2, 0, 0, 1, 1, 0, 2, 0, 2, 1, 0, 0, 2, 0, 2, 2, 0, 1, 1, 0, 0, 2, 1, 1, 2, 2, 0, 2, 2, 2, 1, 2, 1, 1, 2, 0, 1, 1, 2, 1, 0, 0, 1, 1, 1, 1, 2, 0, 1, 0, 1, 1, 0, 1, 1, 1, 0, 0, 1, 1, 0]|[0, 3, 0, 3, 4, 1, 4, 4, 4, 4, 3, 2, 1, 0, 2, 1, 1, 1, 2, 1, 1, 3, 0, 1, 0, 1, 1, 4, 1, 4, 3, 2, 2, 0, 4, 1, 1, 4, 1, 1, 2, 1, 4, 4, 1, 1, 0, 1, 3, 2, 2, 1, 2, 1, 1, 2, 4, 3, 0, 2, 2, 3, 3, 1, 1, 2, 1, 1, 1, 4, 1, 3, 4, 1, 2, 4, 3, 1, 3, 2, 2, 4, 4, 4, 3, 1, 2, 3, 2, 4, 3, 2, 3, 4, 4, 2, 2, 4, 3, 2]|[0, 2, 0, 0, 3, 0, 1, 3, 1, 0, 2, 0, 0, 0, 1, 0, 0, 0, 1, 0, 0, 2, 0, 0, 1, 0, 0, 3, 0, 1, 0, 2, 0, 0, 3, 0, 1, 1, 0, 0, 0, 0, 1, 3, 0, 0, 1, 0, 2, 0, 0, 0, 0, 0, 1, 0, 1, 0, 1, 1, 0, 2, 0, 0, 0, 0, 0, 0, 0, 2, 0, 0, 1, 0, 0, 1, 0, 0, 3, 0, 0, 1, 2, 1, 0, 0, 0, 3, 0, 1, 0, 0, 2, 1, 1, 0, 0, 3, 0, 0],896.1046245185167,48645.304607219136,108347.86728264927,false
61,G2_TEC,G2_TEC,[20, 94, 66, 15, 26, 9, 95, 42, 77, 68, 47, 5, 3, 14, 86, 54, 85, 63, 18, 44, 31, 49, 36, 78, 74, 50, 53, 17, 21, 28, 11, 64, 93, 23, 30, 83, 24, 41, 40, 52, 65, 27, 90, 70, 39, 87, 48, 69, 99, 4, 46, 1, 13, 56, 97, 59, 45, 8, 73, 37, 35, 79, 71, 82, 76, 32, 60, 80, 58, 6, 67, 61, 33, 7, 57, 34, 12, 16, 10, 22, 96, 88, 43, 81, 91, 2, 84, 29, 92, 19, 51, 89, 38, 25, 72, 75, 98, 62, 55, 0]|[2, 1, 2, 1, 1, 2, 1, 1, 1, 1, 1, 0, 2, 2, 1, 2, 0, 0, 0, 2, 2, 1, 0, 2, 0, 2, 2, 1, 0, 1, 1, 1, 0, 0, 1, 0, 2, 1, 2, 2, 0, 0, 1, 1, 0, 2, 0, 2, 1, 0, 0, 2, 0, 2, 2, 0, 1, 1, 0, 0, 2, 1, 1, 2, 2, 0, 2, 2, 2, 1, 2, 1, 1, 2, 0, 1, 1, 2, 1, 2, 0, 1, 1, 1, 1, 0, 0, 1, 0, 1, 1, 1, 0, 1, 1, 0, 2, 1, 0, 0]|[1, 3, 1, 3, 4, 1, 4, 4, 4, 4, 3, 2, 1, 0, 2, 1, 1, 1, 2, 1, 1, 3, 0, 1, 0, 1, 1, 4, 1, 4, 3, 2, 2, 0, 4, 1, 1, 4, 1, 1, 2, 1, 4, 4, 1, 1, 0, 1, 3, 2, 2, 1, 2, 1, 1, 2, 4, 3, 0, 2, 1, 3, 3, 1, 1, 2, 1, 1, 1, 4, 1, 3, 4, 1, 2, 4, 3, 1, 3, 1, 2, 4, 4, 4, 3, 2, 2, 3, 2, 4, 3, 4, 2, 4, 4, 2, 1, 3, 2, 2]|[0, 2, 0, 0, 3, 0, 1, 3, 1, 0, 2, 0, 1, 0, 1, 0, 0, 0, 1, 0, 0, 2, 0, 0, 1, 0, 0, 3, 0, 1, 0, 2, 0, 0, 3, 0, 1, 1, 0, 0, 0, 0, 1, 3, 0, 0, 1, 0, 2, 0, 0, 0, 0, 0, 1, 0, 1, 0, 1, 1, 0, 2, 0, 0, 0, 0, 0, 0, 0, 2, 0, 0, 1, 0, 0, 1, 0, 0, 3, 0, 0, 1, 2, 2, 0, 0, 0, 3, 0, 1, 0, 1, 0, 3, 1, 0, 0, 0, 0, 0],910.6016522559228,48196.44872629531,105119.71286620182,false
61,G3_TWC,G3_TWC,[31, 22, 42, 15, 26, 58, 95, 82, 77, 12, 47, 5, 93, 78, 98, 54, 85, 63, 46, 44, 20, 35, 43, 97, 91, 76, 10, 30, 21, 45, 71, 64, 1, 23, 17, 83, 24, 61, 60, 49, 6, 57, 94, 88, 65, 56, 79, 40, 89, 68, 18, 75, 0, 9, 19, 32, 81, 41, 27, 62, 87, 90, 99, 59, 53, 16, 72, 73, 70, 39, 37, 84, 3, 92, 25, 74, 28, 38, 51, 7, 11, 14, 86, 48, 67, 66, 50, 96, 33, 80, 8, 4, 29, 55, 36, 52, 13, 2, 69, 34]|[1, 1, 0, 1, 1, 1, 2, 1, 2, 1, 2, 2, 2, 1, 1, 0, 0, 1, 0, 2, 2, 0, 1, 2, 0, 1, 2, 2, 0, 0, 1, 2, 1, 0, 1, 0, 2, 0, 1, 1, 0, 1, 1, 1, 0, 2, 1, 1, 1, 0, 0, 0, 1, 1, 2, 1, 2, 0, 0, 0, 2, 1, 0, 1, 0, 1, 2, 1, 1, 1, 1, 1, 2, 0, 1, 2, 0, 0, 0, 1, 0, 1, 0, 0, 1, 0, 0, 0, 2, 0, 1, 0, 0, 1, 0, 1, 0, 0, 1, 2]|[4, 3, 2, 2, 0, 0, 2, 2, 2, 4, 1, 1, 2, 4, 4, 1, 1, 4, 2, 1, 1, 1, 1, 2, 1, 2, 1, 1, 1, 1, 3, 2, 3, 0, 4, 0, 1, 1, 0, 3, 2, 2, 4, 0, 1, 1, 3, 2, 1, 1, 2, 2, 1, 4, 0, 3, 2, 1, 1, 2, 1, 3, 1, 1, 2, 3, 0, 4, 3, 1, 4, 1, 1, 2, 4, 1, 2, 1, 1, 3, 2, 3, 1, 1, 1, 1, 1, 1, 1, 1, 3, 2, 2, 4, 1, 1, 2, 2, 3, 1]|[0, 2, 1, 1, 3, 3, 0, 1, 0, 0, 0, 0, 1, 0, 1, 0, 0, 3, 1, 0, 0, 0, 3, 1, 0, 2, 0, 0, 0, 1, 0, 0, 0, 0, 3, 0, 1, 0, 0, 2, 1, 1, 2, 0, 0, 0, 0, 1, 1, 0, 0, 0, 1, 3, 0, 0, 1, 0, 0, 1, 0, 2, 0, 1, 1, 2, 1, 0, 0, 1, 1, 3, 0, 1, 3, 0, 1, 0, 0, 2, 1, 0, 0, 0, 1, 0, 0, 0, 0, 0, 2, 1, 0, 3, 1, 1, 0, 0, 0, 0],833.4359641689811,57767.6273409838,86364.29346224964,false
61,G1_CMAX,G1_CMAX,[31, 22, 42, 15, 26, 58, 95, 82, 77, 12, 47, 5, 93, 78, 98, 85, 54, 63, 18, 44, 20, 35, 43, 97, 91, 10, 30, 21, 61, 71, 64, 1, 23, 17, 83, 24, 50, 60, 36, 6, 57, 94, 88, 65, 56, 79, 40, 67, 68, 46, 75, 38, 9, 19, 32, 81, 41, 27, 62, 87, 90, 99, 59, 11, 16, 72, 73, 70, 39, 37, 84, 76, 3, 92, 25, 74, 28, 7, 51, 29, 33, 14, 86, 66, 89, 45, 80, 96, 53, 4, 48, 2, 55, 49, 0, 52, 13, 8, 69, 34]|[1, 1, 1, 1, 1, 1, 2, 1, 2, 1, 2, 0, 2, 1, 1, 0, 0, 1, 0, 2, 2, 2, 1, 2, 0, 2, 2, 0, 0, 1, 2, 1, 2, 1, 0, 2, 0, 1, 1, 0, 1, 1, 1, 0, 2, 1, 1, 0, 0, 0, 0, 1, 1, 2, 1, 2, 2, 0, 0, 2, 1, 0, 1, 2, 1, 2, 1, 1, 1, 1, 1, 1, 2, 1, 1, 2, 0, 0, 0, 0, 2, 1, 2, 0, 1, 0, 0, 0, 0, 0, 2, 0, 1, 0, 0, 1, 0, 1, 2, 2]|[4, 3, 2, 2, 0, 0, 1, 2, 1, 4, 1, 0, 2, 4, 4, 1, 1, 4, 2, 1, 1, 0, 1, 2, 1, 1, 1, 1, 1, 3, 2, 3, 0, 4, 0, 1, 1, 0, 3, 2, 2, 4, 0, 1, 1, 0, 2, 0, 1, 2, 2, 1, 4, 0, 3, 2, 1, 1, 2, 1, 3, 1, 1, 1, 3, 0, 4, 3, 1, 4, 1, 2, 1, 4, 4, 1, 2, 1, 1, 1, 1, 3, 1, 1, 1, 1, 1, 1, 2, 2, 0, 2, 4, 1, 2, 1, 2, 3, 1, 1]|[2, 2, 1, 1, 3, 3, 0, 1, 0, 0, 0, 1, 1, 0, 1, 0, 0, 3, 1, 0, 0, 0, 3, 1, 0, 0, 0, 0, 1, 0, 0, 0, 0, 3, 0, 1, 0, 0, 2, 1, 1, 2, 0, 0, 0, 0, 1, 1, 0, 0, 0, 1, 3, 0, 0, 1, 0, 0, 1, 0, 2, 0, 1, 0, 2, 1, 0, 0, 1, 1, 3, 2, 0, 0, 3, 0, 1, 0, 0, 0, 0, 0, 0, 0, 1, 0, 0, 0, 1, 1, 1, 0, 3, 1, 0, 1, 0, 2, 0, 0],701.9269445084548,58814.16448267554,96724.70889609086,false
61,G4_BALANCED,G2_TEC,[20, 94, 66, 15, 26, 9, 95, 42, 77, 68, 47, 5, 3, 14, 86, 54, 85, 63, 18, 44, 31, 49, 36, 78, 74, 50, 53, 17, 21, 28, 11, 64, 93, 23, 30, 83, 24, 41, 40, 52, 65, 27, 90, 70, 39, 87, 48, 69, 99, 4, 46, 1, 13, 56, 97, 59, 45, 8, 73, 37, 35, 79, 71, 82, 76, 32, 60, 80, 58, 6, 67, 61, 33, 7, 57, 34, 12, 16, 10, 22, 96, 88, 43, 81, 91, 2, 84, 29, 92, 19, 51, 89, 38, 25, 72, 75, 98, 62, 55, 0]|[2, 1, 2, 1, 1, 2, 1, 1, 1, 1, 1, 0, 2, 2, 1, 2, 0, 0, 0, 2, 2, 1, 0, 2, 0, 2, 2, 1, 0, 1, 1, 1, 0, 0, 1, 0, 2, 1, 2, 2, 0, 0, 1, 1, 0, 2, 0, 2, 1, 0, 0, 2, 0, 2, 2, 0, 1, 1, 0, 0, 2, 1, 1, 2, 2, 0, 2, 2, 2, 1, 2, 1, 1, 2, 0, 1, 1, 2, 1, 2, 0, 1, 1, 1, 1, 0, 0, 1, 0, 1, 1, 1, 0, 1, 1, 0, 2, 1, 0, 0]|[1, 3, 1, 3, 4, 1, 4, 4, 4, 4, 3, 2, 1, 0, 2, 1, 1, 1, 2, 1, 1, 3, 0, 1, 0, 1, 1, 4, 1, 4, 3, 2, 2, 0, 4, 1, 1, 4, 1, 1, 2, 1, 4, 4, 1, 1, 0, 1, 3, 2, 2, 1, 2, 1, 1, 2, 4, 3, 0, 2, 1, 3, 3, 1, 1, 2, 1, 1, 1, 4, 1, 3, 4, 1, 2, 4, 3, 1, 3, 1, 2, 4, 4, 4, 3, 2, 2, 3, 2, 4, 3, 4, 2, 4, 4, 2, 1, 3, 2, 2]|[0, 2, 0, 0, 3, 0, 1, 3, 1, 0, 2, 0, 1, 0, 1, 0, 0, 0, 1, 0, 0, 2, 0, 0, 1, 0, 0, 3, 0, 1, 0, 2, 0, 0, 3, 0, 1, 1, 0, 0, 0, 0, 1, 3, 0, 0, 1, 0, 2, 0, 0, 0, 0, 0, 1, 0, 1, 0, 1, 1, 0, 2, 0, 0, 0, 0, 0, 0, 0, 2, 0, 0, 1, 0, 0, 1, 0, 0, 3, 0, 0, 1, 2, 2, 0, 0, 0, 3, 0, 1, 0, 1, 0, 3, 1, 0, 0, 0, 0, 0],910.6016522559228,48196.44872629531,105119.71286620182,true
61,G2_TEC,G2_TEC,[20, 94, 66, 15, 26, 9, 95, 42, 77, 68, 47, 5, 3, 14, 86, 54, 85, 63, 18, 44, 31, 49, 36, 78, 74, 50, 53, 17, 21, 28, 11, 64, 93, 23, 30, 83, 24, 41, 40, 52, 65, 27, 90, 70, 39, 87, 48, 69, 99, 4, 46, 1, 13, 56, 97, 59, 45, 8, 73, 37, 35, 79, 71, 82, 76, 32, 60, 80, 58, 6, 67, 61, 33, 7, 57, 34, 12, 16, 10, 22, 96, 88, 43, 81, 91, 2, 84, 29, 92, 19, 51, 89, 38, 25, 72, 75, 98, 62, 55, 0]|[2, 1, 2, 1, 1, 2, 1, 1, 1, 1, 1, 0, 2, 2, 1, 2, 0, 0, 0, 2, 2, 1, 0, 2, 0, 2, 2, 1, 0, 1, 1, 1, 0, 0, 1, 0, 2, 1, 2, 2, 0, 0, 1, 1, 0, 2, 0, 2, 1, 0, 0, 2, 0, 2, 2, 0, 1, 1, 0, 0, 2, 1, 1, 2, 2, 0, 2, 2, 2, 1, 2, 1, 1, 2, 0, 1, 1, 2, 1, 2, 0, 1, 1, 1, 1, 0, 0, 1, 0, 1, 1, 1, 0, 1, 1, 0, 2, 1, 0, 0]|[1, 3, 1, 3, 4, 1, 4, 4, 4, 4, 3, 2, 1, 0, 2, 1, 1, 1, 2, 1, 1, 3, 0, 1, 0, 1, 1, 4, 1, 4, 3, 2, 2, 0, 4, 1, 1, 4, 1, 1, 2, 1, 4, 4, 1, 1, 0, 1, 3, 2, 2, 1, 2, 1, 1, 2, 4, 3, 0, 2, 1, 3, 3, 1, 1, 2, 1, 1, 1, 4, 1, 3, 4, 1, 2, 4, 3, 1, 3, 1, 2, 4, 4, 4, 3, 2, 2, 3, 2, 4, 3, 4, 2, 4, 4, 2, 1, 3, 2, 2]|[0, 2, 0, 0, 3, 0, 1, 3, 1, 0, 2, 0, 1, 0, 1, 0, 0, 0, 1, 0, 0, 2, 0, 0, 1, 0, 0, 3, 0, 1, 0, 2, 0, 0, 3, 0, 1, 1, 0, 0, 0, 0, 1, 3, 0, 0, 1, 0, 2, 0, 0, 0, 0, 0, 1, 0, 1, 0, 1, 1, 0, 2, 0, 0, 0, 0, 0, 0, 0, 2, 0, 0, 1, 0, 0, 1, 0, 0, 3, 0, 0, 1, 2, 2, 0, 0, 0, 3, 0, 1, 0, 1, 0, 3, 1, 0, 0, 0, 0, 0],910.6016522559228,48196.44872629531,105119.71286620182,false
61,G3_TWC,G3_TWC,[31, 22, 42, 15, 26, 58, 95, 82, 77, 12, 47, 5, 93, 78, 98, 54, 85, 63, 46, 44, 20, 35, 43, 97, 91, 76, 10, 30, 21, 45, 71, 64, 1, 23, 17, 83, 24, 61, 60, 49, 6, 57, 94, 88, 65, 56, 79, 40, 89, 68, 18, 75, 0, 9, 19, 32, 81, 41, 27, 62, 87, 90, 99, 59, 53, 16, 72, 73, 70, 39, 37, 84, 3, 92, 25, 74, 28, 38, 51, 7, 11, 14, 86, 48, 67, 66, 50, 96, 33, 80, 8, 4, 29, 55, 36, 52, 13, 2, 69, 34]|[1, 1, 0, 1, 1, 1, 2, 1, 2, 1, 2, 2, 2, 1, 1, 0, 0, 1, 0, 2, 2, 0, 1, 2, 0, 1, 2, 2, 0, 0, 1, 2, 1, 0, 1, 0, 2, 0, 1, 1, 0, 1, 1, 1, 0, 2, 1, 1, 1, 0, 0, 0, 1, 1, 2, 1, 2, 0, 0, 0, 2, 1, 0, 1, 0, 1, 2, 1, 1, 1, 1, 1, 2, 0, 1, 2, 0, 0, 0, 1, 0, 1, 0, 0, 1, 0, 0, 0, 2, 0, 1, 0, 0, 1, 0, 1, 0, 0, 1, 2]|[4, 3, 2, 2, 0, 0, 2, 2, 2, 4, 1, 1, 2, 4, 4, 1, 1, 4, 2, 1, 1, 1, 1, 2, 1, 2, 1, 1, 1, 1, 3, 2, 3, 0, 4, 0, 1, 1, 0, 3, 2, 2, 4, 0, 1, 1, 3, 2, 1, 1, 2, 2, 1, 4, 0, 3, 2, 1, 1, 2, 1, 3, 1, 1, 2, 3, 0, 4, 3, 1, 4, 1, 1, 2, 4, 1, 2, 1, 1, 3, 2, 3, 1, 1, 1, 1, 1, 1, 1, 1, 3, 2, 2, 4, 1, 1, 2, 2, 3, 1]|[0, 2, 1, 1, 3, 3, 0, 1, 0, 0, 0, 0, 1, 0, 1, 0, 0, 3, 1, 0, 0, 0, 3, 1, 0, 2, 0, 0, 0, 1, 0, 0, 0, 0, 3, 0, 1, 0, 0, 2, 1, 1, 2, 0, 0, 0, 0, 1, 1, 0, 0, 0, 1, 3, 0, 0, 1, 0, 0, 1, 0, 2, 0, 1, 1, 2, 1, 0, 0, 1, 1, 3, 0, 1, 3, 0, 1, 0, 0, 2, 1, 0, 0, 0, 1, 0, 0, 0, 0, 0, 2, 1, 0, 3, 1, 1, 0, 0, 0, 0],833.4359641689811,57767.6273409838,86364.29346224964,false
61,G1_CMAX,G1_CMAX,[31, 22, 42, 15, 26, 58, 95, 82, 77, 12, 47, 5, 93, 78, 98, 85, 54, 63, 18, 44, 20, 35, 43, 97, 91, 10, 30, 21, 61, 71, 64, 1, 23, 17, 83, 24, 50, 60, 36, 6, 57, 94, 88, 65, 56, 79, 40, 67, 68, 46, 75, 38, 9, 19, 32, 81, 41, 27, 62, 87, 90, 99, 59, 11, 16, 72, 73, 70, 39, 37, 84, 76, 3, 92, 25, 74, 28, 7, 51, 29, 33, 14, 86, 66, 89, 45, 80, 96, 53, 4, 48, 2, 55, 49, 0, 52, 13, 8, 69, 34]|[1, 1, 1, 1, 1, 1, 2, 1, 2, 1, 2, 0, 2, 1, 1, 0, 0, 1, 0, 2, 2, 2, 1, 2, 0, 2, 2, 0, 0, 1, 2, 1, 2, 1, 0, 2, 0, 1, 1, 0, 1, 1, 1, 0, 2, 1, 1, 0, 0, 0, 0, 1, 1, 2, 1, 2, 2, 0, 0, 2, 1, 0, 1, 2, 1, 2, 1, 1, 1, 1, 1, 1, 2, 1, 1, 2, 0, 0, 0, 0, 2, 1, 2, 0, 1, 0, 0, 0, 0, 0, 2, 0, 1, 0, 0, 1, 0, 1, 2, 2]|[4, 3, 2, 2, 0, 0, 1, 2, 1, 4, 1, 0, 2, 4, 4, 1, 1, 4, 2, 1, 1, 0, 1, 2, 1, 1, 1, 1, 1, 3, 2, 3, 0, 4, 0, 1, 1, 0, 3, 2, 2, 4, 0, 1, 1, 0, 2, 0, 1, 2, 2, 1, 4, 0, 3, 2, 1, 1, 2, 1, 3, 1, 1, 1, 3, 0, 4, 3, 1, 4, 1, 2, 1, 4, 4, 1, 2, 1, 1, 1, 1, 3, 1, 1, 1, 1, 1, 1, 2, 2, 0, 2, 4, 1, 2, 1, 2, 3, 1, 1]|[2, 2, 1, 1, 3, 3, 0, 1, 0, 0, 0, 1, 1, 0, 1, 0, 0, 3, 1, 0, 0, 0, 3, 1, 0, 0, 0, 0, 1, 0, 0, 0, 0, 3, 0, 1, 0, 0, 2, 1, 1, 2, 0, 0, 0, 0, 1, 1, 0, 0, 0, 1, 3, 0, 0, 1, 0, 0, 1, 0, 2, 0, 1, 0, 2, 1, 0, 0, 1, 1, 3, 2, 0, 0, 3, 0, 1, 0, 0, 0, 0, 0, 0, 0, 1, 0, 0, 0, 1, 1, 1, 0, 3, 1, 0, 1, 0, 2, 0, 0],701.9269445084548,58814.16448267554,96724.70889609086,false
61,G4_BALANCED,G3_TWC,[31, 22, 42, 15, 26, 58, 95, 82, 77, 12, 47, 5, 93, 78, 98, 54, 85, 63, 18, 44, 20, 35, 43, 97, 91, 76, 10, 30, 21, 45, 71, 64, 1, 23, 17, 83, 24, 61, 60, 49, 6, 57, 94, 88, 65, 56, 79, 40, 67, 68, 46, 75, 0, 9, 19, 32, 81, 41, 27, 62, 87, 90, 99, 59, 53, 16, 72, 73, 70, 39, 37, 84, 3, 92, 25, 74, 28, 38, 51, 7, 11, 14, 86, 48, 89, 50, 66, 96, 33, 80, 8, 4, 34, 2, 36, 52, 13, 29, 69, 55]|[1, 1, 0, 1, 1, 1, 2, 1, 2, 1, 2, 2, 2, 1, 1, 0, 0, 1, 0, 2, 2, 0, 1, 2, 0, 1, 2, 2, 0, 0, 1, 2, 1, 0, 1, 0, 2, 0, 1, 1, 0, 1, 1, 1, 0, 2, 1, 1, 0, 0, 0, 0, 1, 1, 2, 1, 2, 2, 0, 0, 2, 1, 0, 1, 0, 1, 2, 1, 1, 1, 1, 1, 2, 0, 1, 2, 0, 0, 0, 1, 2, 1, 0, 0, 1, 0, 0, 0, 2, 0, 1, 0, 2, 0, 0, 1, 0, 0, 1, 1]|[4, 3, 2, 2, 0, 0, 2, 2, 2, 4, 1, 1, 2, 4, 4, 1, 1, 4, 2, 1, 1, 1, 1, 2, 1, 2, 1, 1, 1, 1, 3, 2, 3, 0, 4, 0, 1, 1, 0, 3, 2, 2, 4, 0, 1, 1, 3, 2, 0, 1, 2, 2, 1, 4, 0, 3, 2, 1, 1, 2, 1, 3, 1, 1, 2, 3, 0, 4, 3, 1, 4, 1, 1, 2, 4, 1, 2, 1, 1, 3, 1, 3, 1, 1, 1, 1, 1, 1, 1, 1, 3, 2, 1, 2, 1, 1, 2, 1, 3, 4]|[0, 2, 1, 1, 3, 3, 0, 1, 0, 0, 0, 0, 1, 0, 1, 0, 0, 3, 1, 0, 0, 0, 3, 1, 0, 2, 0, 0, 0, 1, 0, 0, 0, 0, 3, 0, 1, 0, 0, 2, 1, 1, 2, 0, 0, 0, 0, 1, 1, 0, 0, 0, 1, 3, 0, 0, 1, 0, 0, 1, 0, 2, 0, 1, 1, 2, 1, 0, 0, 1, 1, 3, 0, 1, 3, 0, 1, 0, 0, 2, 0, 0, 0, 0, 1, 0, 0, 0, 0, 0, 2, 1, 0, 0, 1, 1, 0, 0, 0, 3],798.3745461388312,57676.286422495956,87011.980733148,true
61,G2_TEC,G2_TEC,[20, 94, 66, 15, 26, 9, 95, 42, 77, 68, 47, 5, 3, 14, 86, 54, 85, 63, 18, 44, 31, 49, 36, 78, 74, 50, 53, 17, 21, 28, 11, 64, 93, 23, 30, 83, 24, 41, 40, 52, 65, 27, 90, 70, 39, 87, 48, 69, 99, 4, 46, 1, 13, 56, 97, 59, 45, 8, 73, 37, 35, 79, 71, 82, 76, 32, 60, 80, 58, 6, 67, 61, 33, 7, 57, 34, 12, 16, 10, 22, 96, 88, 43, 81, 91, 2, 84, 29, 92, 19, 51, 89, 38, 25, 72, 75, 98, 62, 55, 0]|[2, 1, 2, 1, 1, 2, 1, 1, 1, 1, 1, 0, 2, 2, 1, 2, 0, 0, 0, 2, 2, 1, 0, 2, 0, 2, 2, 1, 0, 1, 1, 1, 0, 0, 1, 0, 2, 1, 2, 2, 0, 0, 1, 1, 0, 2, 0, 2, 1, 0, 0, 2, 0, 2, 2, 0, 1, 1, 0, 0, 2, 1, 1, 2, 2, 0, 2, 2, 2, 1, 2, 1, 1, 2, 0, 1, 1, 2, 1, 2, 0, 1, 1, 1, 1, 0, 0, 1, 0, 1, 1, 1, 0, 1, 1, 0, 2, 1, 0, 0]|[1, 3, 1, 3, 4, 1, 4, 4, 4, 4, 3, 2, 1, 0, 2, 1, 1, 1, 2, 1, 1, 3, 0, 1, 0, 1, 1, 4, 1, 4, 3, 2, 2, 0, 4, 1, 1, 4, 1, 1, 2, 1, 4, 4, 1, 1, 0, 1, 3, 2, 2, 1, 2, 1, 1, 2, 4, 3, 0, 2, 1, 3, 3, 1, 1, 2, 1, 1, 1, 4, 1, 3, 4, 1, 2, 4, 3, 1, 3, 1, 2, 4, 4, 4, 3, 2, 2, 3, 2, 4, 3, 4, 2, 4, 4, 2, 1, 3, 2, 2]|[0, 2, 0, 0, 3, 0, 1, 3, 1, 0, 2, 0, 1, 0, 1, 0, 0, 0, 1, 0, 0, 2, 0, 0, 1, 0, 0, 3, 0, 1, 0, 2, 0, 0, 3, 0, 1, 1, 0, 0, 0, 0, 1, 3, 0, 0, 1, 0, 2, 0, 0, 0, 0, 0, 1, 0, 1, 0, 1, 1, 0, 2, 0, 0, 0, 0, 0, 0, 0, 2, 0, 0, 1, 0, 0, 1, 0, 0, 3, 0, 0, 1, 2, 2, 0, 0, 0, 3, 0, 1, 0, 1, 0, 3, 1, 0, 0, 0, 0, 0],910.6016522559228,48196.44872629531,105119.71286620182,false
61,G3_TWC,G3_TWC,[31, 22, 42, 15, 26, 58, 95, 82, 77, 12, 47, 5, 93, 78, 98, 54, 85, 63, 46, 44, 20, 35, 43, 97, 91, 76, 10, 30, 21, 45, 71, 64, 1, 23, 17, 83, 24, 61, 60, 49, 6, 57, 94, 88, 65, 56, 79, 40, 89, 68, 18, 75, 0, 9, 19, 32, 81, 41, 27, 62, 87, 90, 99, 59, 53, 16, 72, 73, 70, 39, 37, 84, 3, 92, 25, 74, 28, 38, 51, 7, 11, 14, 86, 48, 67, 66, 50, 96, 33, 80, 8, 4, 29, 55, 36, 52, 13, 2, 69, 34]|[1, 1, 0, 1, 1, 1, 2, 1, 2, 1, 2, 2, 2, 1, 1, 0, 0, 1, 0, 2, 2, 0, 1, 2, 0, 1, 2, 2, 0, 0, 1, 2, 1, 0, 1, 0, 2, 0, 1, 1, 0, 1, 1, 1, 0, 2, 1, 1, 1, 0, 0, 0, 1, 1, 2, 1, 2, 0, 0, 0, 2, 1, 0, 1, 0, 1, 2, 1, 1, 1, 1, 1, 2, 0, 1, 2, 0, 0, 0, 1, 0, 1, 0, 0, 1, 0, 0, 0, 2, 0, 1, 0, 0, 1, 0, 1, 0, 0, 1, 2]|[4, 3, 2, 2, 0, 0, 2, 2, 2, 4, 1, 1, 2, 4, 4, 1, 1, 4, 2, 1, 1, 1, 1, 2, 1, 2, 1, 1, 1, 1, 3, 2, 3, 0, 4, 0, 1, 1, 0, 3, 2, 2, 4, 0, 1, 1, 3, 2, 1, 1, 2, 2, 1, 4, 0, 3, 2, 1, 1, 2, 1, 3, 1, 1, 2, 3, 0, 4, 3, 1, 4, 1, 1, 2, 4, 1, 2, 1, 1, 3, 2, 3, 1, 1, 1, 1, 1, 1, 1, 1, 3, 2, 2, 4, 1, 1, 2, 2, 3, 1]|[0, 2, 1, 1, 3, 3, 0, 1, 0, 0, 0, 0, 1, 0, 1, 0, 0, 3, 1, 0, 0, 0, 3, 1, 0, 2, 0, 0, 0, 1, 0, 0, 0, 0, 3, 0, 1, 0, 0, 2, 1, 1, 2, 0, 0, 0, 0, 1, 1, 0, 0, 0, 1, 3, 0, 0, 1, 0, 0, 1, 0, 2, 0, 1, 1, 2, 1, 0, 0, 1, 1, 3, 0, 1, 3, 0, 1, 0, 0, 2, 1, 0, 0, 0, 1, 0, 0, 0, 0, 0, 2, 1, 0, 3, 1, 1, 0, 0, 0, 0],833.4359641689811,57767.6273409838,86364.29346224964,false
61,G1_CMAX,G1_CMAX,[31, 22, 42, 15, 26, 58, 95, 82, 77, 12, 47, 5, 93, 78, 98, 85, 54, 63, 18, 44, 20, 35, 43, 97, 91, 10, 30, 21, 61, 71, 64, 1, 23, 17, 83, 24, 50, 60, 36, 6, 57, 94, 88, 65, 56, 79, 40, 67, 68, 46, 75, 38, 9, 19, 32, 81, 41, 27, 62, 87, 90, 99, 59, 11, 16, 72, 73, 70, 39, 37, 84, 76, 3, 92, 25, 74, 28, 7, 51, 29, 33, 14, 86, 66, 89, 45, 80, 96, 53, 4, 48, 2, 55, 49, 0, 52, 13, 8, 69, 34]|[1, 1, 1, 1, 1, 1, 2, 1, 2, 1, 2, 0, 2, 1, 1, 0, 0, 1, 0, 2, 2, 2, 1, 2, 0, 2, 2, 0, 0, 1, 2, 1, 2, 1, 0, 2, 0, 1, 1, 0, 1, 1, 1, 0, 2, 1, 1, 0, 0, 0, 0, 1, 1, 2, 1, 2, 2, 0, 0, 2, 1, 0, 1, 2, 1, 2, 1, 1, 1, 1, 1, 1, 2, 1, 1, 2, 0, 0, 0, 0, 2, 1, 2, 0, 1, 0, 0, 0, 0, 0, 2, 0, 1, 0, 0, 1, 0, 1, 2, 2]|[4, 3, 2, 2, 0, 0, 1, 2, 1, 4, 1, 0, 2, 4, 4, 1, 1, 4, 2, 1, 1, 0, 1, 2, 1, 1, 1, 1, 1, 3, 2, 3, 0, 4, 0, 1, 1, 0, 3, 2, 2, 4, 0, 1, 1, 0, 2, 0, 1, 2, 2, 1, 4, 0, 3, 2, 1, 1, 2, 1, 3, 1, 1, 1, 3, 0, 4, 3, 1, 4, 1, 2, 1, 4, 4, 1, 2, 1, 1, 1, 1, 3, 1, 1, 1, 1, 1, 1, 2, 2, 0, 2, 4, 1, 2, 1, 2, 3, 1, 1]|[2, 2, 1, 1, 3, 3, 0, 1, 0, 0, 0, 1, 1, 0, 1, 0, 0, 3, 1, 0, 0, 0, 3, 1, 0, 0, 0, 0, 1, 0, 0, 0, 0, 3, 0, 1, 0, 0, 2, 1, 1, 2, 0, 0, 0, 0, 1, 1, 0, 0, 0, 1, 3, 0, 0, 1, 0, 0, 1, 0, 2, 0, 1, 0, 2, 1, 0, 0, 1, 1, 3, 2, 0, 0, 3, 0, 1, 0, 0, 0, 0, 0, 0, 0, 1, 0, 0, 0, 1, 1, 1, 0, 3, 1, 0, 1, 0, 2, 0, 0],701.9269445084548,58814.16448267554,96724.70889609086,false
61,G4_BALANCED,G3_TWC,[31, 22, 42, 15, 26, 58, 95, 82, 77, 12, 47, 5, 93, 78, 98, 54, 85, 63, 18, 44, 20, 35, 43, 97, 91, 76, 10, 30, 21, 45, 71, 64, 1, 23, 17, 83, 24, 33, 60, 49, 6, 57, 94, 88, 65, 56, 79, 40, 67, 68, 46, 75, 0, 9, 19, 32, 81, 74, 27, 62, 87, 90, 99, 59, 53, 16, 72, 73, 70, 39, 37, 84, 3, 92, 25, 41, 28, 38, 51, 7, 11, 14, 86, 48, 89, 66, 50, 96, 61, 80, 8, 4, 34, 36, 2, 52, 13, 29, 69, 55]|[1, 1, 0, 1, 1, 1, 2, 1, 2, 1, 2, 2, 2, 1, 1, 0, 0, 1, 0, 2, 2, 0, 1, 2, 0, 1, 2, 2, 0, 0, 1, 2, 1, 0, 1, 0, 2, 0, 1, 1, 0, 1, 1, 1, 0, 2, 1, 1, 0, 0, 0, 0, 1, 1, 2, 1, 2, 2, 0, 0, 2, 1, 0, 1, 0, 1, 2, 1, 1, 1, 1, 1, 2, 0, 1, 0, 2, 0, 0, 1, 0, 1, 0, 0, 1, 0, 0, 0, 2, 0, 1, 0, 2, 0, 0, 1, 0, 0, 1, 1]|[4, 3, 2, 2, 0, 0, 2, 2, 2, 4, 1, 1, 2, 4, 4, 1, 1, 4, 2, 1, 1, 1, 1, 2, 1, 2, 1, 1, 1, 1, 3, 2, 3, 0, 4, 0, 1, 1, 0, 3, 2, 2, 4, 0, 1, 1, 3, 2, 0, 1, 2, 2, 1, 4, 0, 3, 2, 1, 1, 2, 1, 3, 1, 1, 2, 3, 0, 4, 3, 1, 4, 1, 1, 2, 4, 1, 1, 1, 1, 3, 2, 3, 1, 1, 1, 1, 1, 1, 1, 1, 3, 2, 1, 1, 2, 1, 2, 2, 3, 4]|[0, 2, 1, 1, 3, 3, 0, 1, 0, 0, 0, 0, 1, 0, 1, 0, 0, 3, 1, 0, 0, 0, 3, 1, 0, 2, 0, 0, 0, 1, 0, 0, 0, 0, 3, 0, 1, 0, 0, 2, 1, 1, 2, 0, 0, 0, 0, 1, 1, 0, 0, 0, 1, 3, 0, 0, 1, 0, 0, 1, 0, 2, 0, 1, 1, 2, 1, 0, 0, 1, 1, 3, 0, 1, 3, 0, 0, 0, 0, 2, 1, 0, 0, 0, 1, 0, 0, 0, 0, 0, 2, 1, 0, 1, 0, 1, 0, 0, 0, 3],828.7031855789799,57619.784250039396,86909.05942394711,true
61,G2_TEC,G2_TEC,[20, 94, 66, 15, 26, 9, 95, 42, 77, 68, 47, 5, 3, 14, 86, 54, 85, 63, 18, 44, 31, 49, 36, 78, 74, 50, 53, 17, 21, 28, 11, 64, 93, 23, 30, 83, 24, 41, 40, 52, 65, 27, 90, 70, 39, 87, 48, 69, 99, 4, 46, 1, 13, 56, 97, 59, 45, 8, 73, 37, 35, 79, 71, 82, 76, 32, 60, 80, 58, 6, 67, 61, 33, 7, 57, 34, 12, 16, 10, 22, 96, 88, 43, 81, 91, 2, 84, 29, 92, 19, 51, 89, 38, 25, 72, 75, 98, 62, 55, 0]|[2, 1, 2, 1, 1, 2, 1, 1, 1, 1, 1, 0, 2, 2, 1, 2, 0, 0, 0, 2, 2, 1, 0, 2, 0, 2, 2, 1, 0, 1, 1, 1, 0, 0, 1, 0, 2, 1, 2, 2, 0, 0, 1, 1, 0, 2, 0, 2, 1, 0, 0, 2, 0, 2, 2, 0, 1, 1, 0, 0, 2, 1, 1, 2, 2, 0, 2, 2, 2, 1, 2, 1, 1, 2, 0, 1, 1, 2, 1, 2, 0, 1, 1, 1, 1, 0, 0, 1, 0, 1, 1, 1, 0, 1, 1, 0, 2, 1, 0, 0]|[1, 3, 1, 3, 4, 1, 4, 4, 4, 4, 3, 2, 1, 0, 2, 1, 1, 1, 2, 1, 1, 3, 0, 1, 0, 1, 1, 4, 1, 4, 3, 2, 2, 0, 4, 1, 1, 4, 1, 1, 2, 1, 4, 4, 1, 1, 0, 1, 3, 2, 2, 1, 2, 1, 1, 2, 4, 3, 0, 2, 1, 3, 3, 1, 1, 2, 1, 1, 1, 4, 1, 3, 4, 1, 2, 4, 3, 1, 3, 1, 2, 4, 4, 4, 3, 2, 2, 3, 2, 4, 3, 4, 2, 4, 4, 2, 1, 3, 2, 2]|[0, 2, 0, 0, 3, 0, 1, 3, 1, 0, 2, 0, 1, 0, 1, 0, 0, 0, 1, 0, 0, 2, 0, 0, 1, 0, 0, 3, 0, 1, 0, 2, 0, 0, 3, 0, 1, 1, 0, 0, 0, 0, 1, 3, 0, 0, 1, 0, 2, 0, 0, 0, 0, 0, 1, 0, 1, 0, 1, 1, 0, 2, 0, 0, 0, 0, 0, 0, 0, 2, 0, 0, 1, 0, 0, 1, 0, 0, 3, 0, 0, 1, 2, 2, 0, 0, 0, 3, 0, 1, 0, 1, 0, 3, 1, 0, 0, 0, 0, 0],910.6016522559228,48196.44872629531,105119.71286620182,false
61,G3_TWC,G3_TWC,[31, 22, 42, 15, 26, 58, 95, 82, 77, 12, 47, 5, 93, 78, 98, 54, 85, 63, 46, 44, 20, 35, 43, 97, 91, 76, 10, 30, 21, 45, 71, 64, 1, 23, 17, 83, 24, 61, 60, 49, 6, 57, 94, 88, 65, 56, 79, 40, 89, 68, 18, 75, 0, 9, 19, 32, 81, 41, 27, 62, 87, 90, 99, 59, 53, 16, 72, 73, 70, 39, 37, 84, 3, 92, 25, 74, 28, 38, 51, 7, 11, 14, 86, 48, 67, 66, 50, 96, 33, 80, 8, 4, 29, 55, 36, 52, 13, 2, 69, 34]|[1, 1, 0, 1, 1, 1, 2, 1, 2, 1, 2, 2, 2, 1, 1, 0, 0, 1, 0, 2, 2, 0, 1, 2, 0, 1, 2, 2, 0, 0, 1, 2, 1, 0, 1, 0, 2, 0, 1, 1, 0, 1, 1, 1, 0, 2, 1, 1, 1, 0, 0, 0, 1, 1, 2, 1, 2, 0, 0, 0, 2, 1, 0, 1, 0, 1, 2, 1, 1, 1, 1, 1, 2, 0, 1, 2, 0, 0, 0, 1, 0, 1, 0, 0, 1, 0, 0, 0, 2, 0, 1, 0, 0, 1, 0, 1, 0, 0, 1, 2]|[4, 3, 2, 2, 0, 0, 2, 2, 2, 4, 1, 1, 2, 4, 4, 1, 1, 4, 2, 1, 1, 1, 1, 2, 1, 2, 1, 1, 1, 1, 3, 2, 3, 0, 4, 0, 1, 1, 0, 3, 2, 2, 4, 0, 1, 1, 3, 2, 1, 1, 2, 2, 1, 4, 0, 3, 2, 1, 1, 2, 1, 3, 1, 1, 2, 3, 0, 4, 3, 1, 4, 1, 1, 2, 4, 1, 2, 1, 1, 3, 2, 3, 1, 1, 1, 1, 1, 1, 1, 1, 3, 2, 2, 4, 1, 1, 2, 2, 3, 1]|[0, 2, 1, 1, 3, 3, 0, 1, 0, 0, 0, 0, 1, 0, 1, 0, 0, 3, 1, 0, 0, 0, 3, 1, 0, 2, 0, 0, 0, 1, 0, 0, 0, 0, 3, 0, 1, 0, 0, 2, 1, 1, 2, 0, 0, 0, 0, 1, 1, 0, 0, 0, 1, 3, 0, 0, 1, 0, 0, 1, 0, 2, 0, 1, 1, 2, 1, 0, 0, 1, 1, 3, 0, 1, 3, 0, 1, 0, 0, 2, 1, 0, 0, 0, 1, 0, 0, 0, 0, 0, 2, 1, 0, 3, 1, 1, 0, 0, 0, 0],833.4359641689811,57767.6273409838,86364.29346224964,false
61,G1_CMAX,G1_CMAX,[31, 22, 42, 15, 26, 58, 95, 82, 77, 12, 47, 5, 93, 78, 98, 85, 54, 63, 18, 44, 20, 35, 43, 97, 91, 10, 30, 21, 61, 71, 64, 1, 23, 17, 83, 24, 50, 60, 36, 6, 57, 94, 88, 65, 56, 79, 40, 67, 68, 46, 75, 38, 9, 19, 32, 81, 41, 27, 62, 87, 90, 99, 59, 11, 16, 72, 73, 70, 39, 37, 84, 76, 3, 92, 25, 74, 28, 7, 51, 29, 33, 14, 86, 66, 89, 45, 80, 96, 53, 4, 48, 2, 55, 49, 0, 52, 13, 8, 69, 34]|[1, 1, 1, 1, 1, 1, 2, 1, 2, 1, 2, 0, 2, 1, 1, 0, 0, 1, 0, 2, 2, 2, 1, 2, 0, 2, 2, 0, 0, 1, 2, 1, 2, 1, 0, 2, 0, 1, 1, 0, 1, 1, 1, 0, 2, 1, 1, 0, 0, 0, 0, 1, 1, 2, 1, 2, 2, 0, 0, 2, 1, 0, 1, 2, 1, 2, 1, 1, 1, 1, 1, 1, 2, 1, 1, 2, 0, 0, 0, 0, 2, 1, 2, 0, 1, 0, 0, 0, 0, 0, 2, 0, 1, 0, 0, 1, 0, 1, 2, 2]|[4, 3, 2, 2, 0, 0, 1, 2, 1, 4, 1, 0, 2, 4, 4, 1, 1, 4, 2, 1, 1, 0, 1, 2, 1, 1, 1, 1, 1, 3, 2, 3, 0, 4, 0, 1, 1, 0, 3, 2, 2, 4, 0, 1, 1, 0, 2, 0, 1, 2, 2, 1, 4, 0, 3, 2, 1, 1, 2, 1, 3, 1, 1, 1, 3, 0, 4, 3, 1, 4, 1, 2, 1, 4, 4, 1, 2, 1, 1, 1, 1, 3, 1, 1, 1, 1, 1, 1, 2, 2, 0, 2, 4, 1, 2, 1, 2, 3, 1, 1]|[2, 2, 1, 1, 3, 3, 0, 1, 0, 0, 0, 1, 1, 0, 1, 0, 0, 3, 1, 0, 0, 0, 3, 1, 0, 0, 0, 0, 1, 0, 0, 0, 0, 3, 0, 1, 0, 0, 2, 1, 1, 2, 0, 0, 0, 0, 1, 1, 0, 0, 0, 1, 3, 0, 0, 1, 0, 0, 1, 0, 2, 0, 1, 0, 2, 1, 0, 0, 1, 1, 3, 2, 0, 0, 3, 0, 1, 0, 0, 0, 0, 0, 0, 0, 1, 0, 0, 0, 1, 1, 1, 0, 3, 1, 0, 1, 0, 2, 0, 0],701.9269445084548,58814.16448267554,96724.70889609086,false
61,G4_BALANCED,G4_BALANCED,[31, 22, 82, 15, 26, 9, 95, 42, 77, 68, 47, 5, 93, 78, 86, 54, 85, 63, 18, 44, 20, 49, 36, 14, 74, 50, 53, 17, 21, 28, 11, 64, 3, 23, 30, 83, 24, 41, 40, 52, 65, 27, 90, 70, 39, 87, 48, 69, 99, 4, 75, 1, 13, 58, 97, 59, 45, 8, 73, 37, 35, 79, 71, 66, 76, 32, 60, 80, 56, 6, 67, 61, 33, 7, 57, 34, 12, 16, 10, 98, 96, 88, 43, 81, 91, 38, 84, 92, 29, 19, 51, 55, 89, 46, 25, 94, 2, 72, 62, 0]|[2, 1, 2, 1, 1, 0, 1, 1, 1, 1, 1, 0, 2, 2, 1, 2, 0, 0, 0, 2, 2, 1, 0, 2, 0, 2, 2, 1, 0, 1, 1, 1, 0, 0, 1, 0, 2, 1, 2, 2, 0, 0, 1, 1, 0, 2, 0, 2, 1, 0, 2, 2, 0, 2, 2, 0, 1, 1, 0, 0, 2, 1, 1, 2, 2, 0, 2, 2, 2, 1, 2, 1, 1, 2, 0, 1, 1, 2, 1, 2, 0, 1, 1, 1, 1, 0, 0, 0, 1, 1, 1, 0, 1, 0, 1, 2, 2, 1, 1, 0]|[0, 3, 0, 3, 4, 2, 4, 4, 2, 4, 3, 2, 1, 0, 2, 1, 1, 1, 2, 1, 1, 3, 0, 1, 0, 1, 1, 4, 1, 4, 3, 2, 2, 0, 4, 1, 1, 4, 1, 1, 2, 1, 4, 4, 1, 1, 0, 1, 3, 2, 1, 1, 2, 1, 1, 2, 4, 3, 0, 2, 2, 3, 3, 1, 1, 2, 1, 1, 1, 4, 1, 3, 4, 1, 2, 4, 3, 1, 3, 1, 2, 4, 4, 4, 3, 2, 2, 2, 3, 4, 3, 2, 4, 2, 4, 1, 1, 4, 3, 2]|[0, 2, 0, 0, 3, 0, 1, 3, 0, 0, 2, 0, 1, 0, 1, 0, 0, 0, 1, 0, 0, 2, 0, 0, 1, 0, 0, 3, 0, 1, 0, 2, 0, 0, 3, 0, 1, 1, 0, 0, 0, 0, 1, 3, 0, 0, 1, 0, 2, 0, 0, 0, 0, 0, 1, 0, 1, 0, 1, 1, 0, 2, 0, 0, 0, 0, 0, 0, 0, 2, 0, 0, 1, 0, 0, 1, 0, 0, 3, 0, 0, 1, 2, 2, 0, 0, 0, 0, 3, 1, 0, 0, 1, 0, 3, 0, 0, 1, 0, 0],887.621853494578,49071.181041504664,103470.5846837686,false
61,G2_TEC,G2_TEC,[20, 94, 66, 15, 26, 9, 95, 42, 77, 68, 47, 5, 3, 14, 86, 54, 85, 63, 18, 44, 31, 49, 36, 78, 74, 50, 53, 17, 21, 28, 11, 64, 93, 23, 30, 83, 24, 41, 40, 52, 65, 27, 90, 70, 39, 87, 48, 69, 99, 4, 46, 1, 13, 56, 97, 59, 45, 8, 73, 37, 35, 79, 71, 82, 76, 32, 60, 80, 58, 6, 67, 61, 33, 7, 57, 34, 12, 16, 10, 22, 96, 88, 43, 81, 91, 2, 84, 29, 92, 19, 51, 89, 38, 25, 72, 75, 98, 62, 55, 0]|[2, 1, 2, 1, 1, 2, 1, 1, 1, 1, 1, 0, 2, 2, 1, 2, 0, 0, 0, 2, 2, 1, 0, 2, 0, 2, 2, 1, 0, 1, 1, 1, 0, 0, 1, 0, 2, 1, 2, 2, 0, 0, 1, 1, 0, 2, 0, 2, 1, 0, 0, 2, 0, 2, 2, 0, 1, 1, 0, 0, 2, 1, 1, 2, 2, 0, 2, 2, 2, 1, 2, 1, 1, 2, 0, 1, 1, 2, 1, 2, 0, 1, 1, 1, 1, 0, 0, 1, 0, 1, 1, 1, 0, 1, 1, 0, 2, 1, 0, 0]|[1, 3, 1, 3, 4, 1, 4, 4, 4, 4, 3, 2, 1, 0, 2, 1, 1, 1, 2, 1, 1, 3, 0, 1, 0, 1, 1, 4, 1, 4, 3, 2, 2, 0, 4, 1, 1, 4, 1, 1, 2, 1, 4, 4, 1, 1, 0, 1, 3, 2, 2, 1, 2, 1, 1, 2, 4, 3, 0, 2, 1, 3, 3, 1, 1, 2, 1, 1, 1, 4, 1, 3, 4, 1, 2, 4, 3, 1, 3, 1, 2, 4, 4, 4, 3, 2, 2, 3, 2, 4, 3, 4, 2, 4, 4, 2, 1, 3, 2, 2]|[0, 2, 0, 0, 3, 0, 1, 3, 1, 0, 2, 0, 1, 0, 1, 0, 0, 0, 1, 0, 0, 2, 0, 0, 1, 0, 0, 3, 0, 1, 0, 2, 0, 0, 3, 0, 1, 1, 0, 0, 0, 0, 1, 3, 0, 0, 1, 0, 2, 0, 0, 0, 0, 0, 1, 0, 1, 0, 1, 1, 0, 2, 0, 0, 0, 0, 0, 0, 0, 2, 0, 0, 1, 0, 0, 1, 0, 0, 3, 0, 0, 1, 2, 2, 0, 0, 0, 3, 0, 1, 0, 1, 0, 3, 1, 0, 0, 0, 0, 0],910.6016522559228,48196.44872629531,105119.71286620182,false
61,G3_TWC,G3_TWC,[31, 22, 42, 15, 26, 58, 95, 82, 77, 12, 47, 5, 93, 78, 98, 54, 85, 63, 46, 44, 20, 35, 43, 97, 91, 76, 10, 30, 21, 45, 71, 64, 1, 23, 17, 83, 24, 61, 60, 49, 6, 57, 94, 88, 65, 56, 79, 40, 89, 68, 18, 75, 0, 9, 19, 32, 81, 41, 27, 62, 87, 90, 99, 59, 53, 16, 72, 73, 70, 39, 37, 84, 3, 92, 25, 74, 28, 38, 51, 7, 11, 14, 86, 48, 67, 66, 50, 96, 33, 80, 8, 4, 29, 55, 36, 52, 13, 2, 69, 34]|[1, 1, 0, 1, 1, 1, 2, 1, 2, 1, 2, 2, 2, 1, 1, 0, 0, 1, 0, 2, 2, 0, 1, 2, 0, 1, 2, 2, 0, 0, 1, 2, 1, 0, 1, 0, 2, 0, 1, 1, 0, 1, 1, 1, 0, 2, 1, 1, 1, 0, 0, 0, 1, 1, 2, 1, 2, 0, 0, 0, 2, 1, 0, 1, 0, 1, 2, 1, 1, 1, 1, 1, 2, 0, 1, 2, 0, 0, 0, 1, 0, 1, 0, 0, 1, 0, 0, 0, 2, 0, 1, 0, 0, 1, 0, 1, 0, 0, 1, 2]|[4, 3, 2, 2, 0, 0, 2, 2, 2, 4, 1, 1, 2, 4, 4, 1, 1, 4, 2, 1, 1, 1, 1, 2, 1, 2, 1, 1, 1, 1, 3, 2, 3, 0, 4, 0, 1, 1, 0, 3, 2, 2, 4, 0, 1, 1, 3, 2, 1, 1, 2, 2, 1, 4, 0, 3, 2, 1, 1, 2, 1, 3, 1, 1, 2, 3, 0, 4, 3, 1, 4, 1, 1, 2, 4, 1, 2, 1, 1, 3, 2, 3, 1, 1, 1, 1, 1, 1, 1, 1, 3, 2, 2, 4, 1, 1, 2, 2, 3, 1]|[0, 2, 1, 1, 3, 3, 0, 1, 0, 0, 0, 0, 1, 0, 1, 0, 0, 3, 1, 0, 0, 0, 3, 1, 0, 2, 0, 0, 0, 1, 0, 0, 0, 0, 3, 0, 1, 0, 0, 2, 1, 1, 2, 0, 0, 0, 0, 1, 1, 0, 0, 0, 1, 3, 0, 0, 1, 0, 0, 1, 0, 2, 0, 1, 1, 2, 1, 0, 0, 1, 1, 3, 0, 1, 3, 0, 1, 0, 0, 2, 1, 0, 0, 0, 1, 0, 0, 0, 0, 0, 2, 1, 0, 3, 1, 1, 0, 0, 0, 0],833.4359641689811,57767.6273409838,86364.29346224964,false
61,G1_CMAX,G1_CMAX,[31, 22, 42, 15, 26, 58, 95, 82, 77, 12, 47, 5, 93, 78, 98, 85, 54, 63, 18, 44, 20, 35, 43, 97, 91, 10, 30, 21, 61, 71, 64, 1, 23, 17, 83, 24, 50, 60, 36, 6, 57, 94, 88, 65, 56, 79, 40, 67, 68, 46, 75, 38, 9, 19, 32, 81, 41, 27, 62, 87, 90, 99, 59, 11, 16, 72, 73, 70, 39, 37, 84, 76, 3, 92, 25, 74, 28, 7, 51, 29, 33, 14, 86, 66, 89, 45, 80, 96, 53, 4, 48, 2, 55, 49, 0, 52, 13, 8, 69, 34]|[1, 1, 1, 1, 1, 1, 2, 1, 2, 1, 2, 0, 2, 1, 1, 0, 0, 1, 0, 2, 2, 2, 1, 2, 0, 2, 2, 0, 0, 1, 2, 1, 2, 1, 0, 2, 0, 1, 1, 0, 1, 1, 1, 0, 2, 1, 1, 0, 0, 0, 0, 1, 1, 2, 1, 2, 2, 0, 0, 2, 1, 0, 1, 2, 1, 2, 1, 1, 1, 1, 1, 1, 2, 1, 1, 2, 0, 0, 0, 0, 2, 1, 2, 0, 1, 0, 0, 0, 0, 0, 2, 0, 1, 0, 0, 1, 0, 1, 2, 2]|[4, 3, 2, 2, 0, 0, 1, 2, 1, 4, 1, 0, 2, 4, 4, 1, 1, 4, 2, 1, 1, 0, 1, 2, 1, 1, 1, 1, 1, 3, 2, 3, 0, 4, 0, 1, 1, 0, 3, 2, 2, 4, 0, 1, 1, 0, 2, 0, 1, 2, 2, 1, 4, 0, 3, 2, 1, 1, 2, 1, 3, 1, 1, 1, 3, 0, 4, 3, 1, 4, 1, 2, 1, 4, 4, 1, 2, 1, 1, 1, 1, 3, 1, 1, 1, 1, 1, 1, 2, 2, 0, 2, 4, 1, 2, 1, 2, 3, 1, 1]|[2, 2, 1, 1, 3, 3, 0, 1, 0, 0, 0, 1, 1, 0, 1, 0, 0, 3, 1, 0, 0, 0, 3, 1, 0, 0, 0, 0, 1, 0, 0, 0, 0, 3, 0, 1, 0, 0, 2, 1, 1, 2, 0, 0, 0, 0, 1, 1, 0, 0, 0, 1, 3, 0, 0, 1, 0, 0, 1, 0, 2, 0, 1, 0, 2, 1, 0, 0, 1, 1, 3, 2, 0, 0, 3, 0, 1, 0, 0, 0, 0, 0, 0, 0, 1, 0, 0, 0, 1, 1, 1, 0, 3, 1, 0, 1, 0, 2, 0, 0],701.9269445084548,58814.16448267554,96724.70889609086,false
61,G4_BALANCED,G2_TEC,[31, 22, 82, 15, 26, 9, 95, 42, 77, 68, 47, 5, 93, 78, 86, 54, 85, 63, 18, 44, 20, 49, 36, 14, 74, 50, 53, 17, 21, 28, 11, 64, 3, 23, 30, 83, 24, 41, 40, 52, 65, 27, 90, 70, 39, 87, 48, 69, 99, 4, 75, 1, 13, 58, 97, 59, 45, 8, 73, 37, 35, 79, 71, 66, 76, 32, 60, 80, 56, 6, 67, 61, 33, 7, 57, 34, 12, 16, 10, 98, 96, 88, 43, 81, 91, 2, 84, 92, 29, 19, 51, 55, 46, 38, 89, 72, 94, 25, 62, 0]|[2, 1, 2, 1, 1, 0, 1, 1, 1, 1, 1, 0, 2, 2, 1, 2, 0, 0, 0, 2, 2, 1, 0, 2, 0, 2, 2, 1, 0, 1, 1, 1, 0, 0, 1, 0, 2, 1, 2, 2, 0, 0, 1, 1, 0, 2, 0, 2, 1, 0, 0, 2, 0, 0, 2, 0, 1, 1, 0, 0, 2, 1, 1, 2, 2, 0, 2, 2, 2, 1, 2, 1, 1, 2, 0, 1, 1, 2, 1, 2, 0, 1, 1, 1, 1, 2, 0, 1, 1, 1, 1, 0, 0, 0, 1, 1, 2, 1, 1, 2]|[0, 3, 0, 3, 4, 2, 4, 4, 2, 4, 3, 2, 2, 0, 2, 1, 1, 1, 2, 1, 1, 3, 0, 1, 0, 1, 1, 4, 1, 4, 3, 2, 2, 0, 4, 1, 1, 4, 1, 1, 2, 1, 4, 4, 1, 1, 0, 1, 3, 2, 2, 1, 2, 1, 1, 2, 4, 3, 0, 2, 2, 3, 3, 1, 1, 2, 1, 1, 1, 4, 1, 3, 4, 1, 2, 4, 3, 1, 3, 1, 2, 4, 4, 4, 3, 1, 2, 3, 3, 4, 3, 2, 2, 2, 4, 4, 1, 4, 3, 1]|[0, 2, 0, 0, 3, 0, 1, 3, 0, 0, 2, 0, 1, 0, 1, 0, 0, 0, 1, 0, 0, 2, 0, 0, 1, 0, 0, 3, 0, 1, 0, 2, 0, 0, 3, 0, 1, 1, 0, 0, 0, 0, 1, 3, 0, 0, 1, 0, 2, 0, 0, 0, 0, 0, 1, 0, 1, 0, 1, 1, 0, 2, 0, 0, 0, 0, 0, 0, 0, 2, 0, 0, 1, 0, 0, 1, 0, 0, 3, 0, 0, 1, 2, 2, 0, 0, 0, 3, 3, 1, 0, 0, 0, 0, 1, 1, 0, 3, 0, 0],868.3350034506274,50003.66156968901,109550.07800166478,true
61,G2_TEC,G2_TEC,[20, 94, 66, 15, 26, 9, 95, 42, 77, 68, 47, 5, 3, 14, 86, 54, 85, 63, 18, 44, 31, 49, 36, 78, 74, 50, 53, 17, 21, 28, 11, 64, 93, 23, 30, 83, 24, 41, 40, 52, 65, 27, 90, 70, 39, 87, 48, 69, 99, 4, 46, 1, 13, 56, 97, 59, 45, 8, 73, 37, 35, 79, 71, 82, 76, 32, 60, 80, 58, 6, 67, 61, 33, 7, 57, 34, 12, 16, 10, 22, 96, 88, 43, 81, 91, 2, 84, 29, 92, 19, 51, 89, 38, 25, 72, 75, 98, 62, 55, 0]|[2, 1, 2, 1, 1, 2, 1, 1, 1, 1, 1, 0, 2, 2, 1, 2, 0, 0, 0, 2, 2, 1, 0, 2, 0, 2, 2, 1, 0, 1, 1, 1, 0, 0, 1, 0, 2, 1, 2, 2, 0, 0, 1, 1, 0, 2, 0, 2, 1, 0, 0, 2, 0, 2, 2, 0, 1, 1, 0, 0, 2, 1, 1, 2, 2, 0, 2, 2, 2, 1, 2, 1, 1, 2, 0, 1, 1, 2, 1, 2, 0, 1, 1, 1, 1, 0, 0, 1, 0, 1, 1, 1, 0, 1, 1, 0, 2, 1, 0, 0]|[1, 3, 1, 3, 4, 1, 4, 4, 4, 4, 3, 2, 1, 0, 2, 1, 1, 1, 2, 1, 1, 3, 0, 1, 0, 1, 1, 4, 1, 4, 3, 2, 2, 0, 4, 1, 1, 4, 1, 1, 2, 1, 4, 4, 1, 1, 0, 1, 3, 2, 2, 1, 2, 1, 1, 2, 4, 3, 0, 2, 1, 3, 3, 1, 1, 2, 1, 1, 1, 4, 1, 3, 4, 1, 2, 4, 3, 1, 3, 1, 2, 4, 4, 4, 3, 2, 2, 3, 2, 4, 3, 4, 2, 4, 4, 2, 1, 3, 2, 2]|[0, 2, 0, 0, 3, 0, 1, 3, 1, 0, 2, 0, 1, 0, 1, 0, 0, 0, 1, 0, 0, 2, 0, 0, 1, 0, 0, 3, 0, 1, 0, 2, 0, 0, 3, 0, 1, 1, 0, 0, 0, 0, 1, 3, 0, 0, 1, 0, 2, 0, 0, 0, 0, 0, 1, 0, 1, 0, 1, 1, 0, 2, 0, 0, 0, 0, 0, 0, 0, 2, 0, 0, 1, 0, 0, 1, 0, 0, 3, 0, 0, 1, 2, 2, 0, 0, 0, 3, 0, 1, 0, 1, 0, 3, 1, 0, 0, 0, 0, 0],910.6016522559228,48196.44872629531,105119.71286620182,false
61,G3_TWC,G3_TWC,[31, 22, 42, 15, 26, 58, 95, 82, 77, 12, 47, 5, 93, 78, 98, 54, 85, 63, 46, 44, 20, 35, 43, 97, 91, 76, 10, 30, 21, 45, 71, 64, 1, 23, 17, 83, 24, 61, 60, 49, 6, 57, 94, 88, 65, 56, 79, 40, 89, 68, 18, 75, 0, 9, 19, 32, 81, 41, 27, 62, 87, 90, 99, 59, 53, 16, 72, 73, 70, 39, 37, 84, 3, 92, 25, 74, 28, 38, 51, 7, 11, 14, 86, 48, 67, 66, 50, 96, 33, 80, 8, 4, 29, 55, 36, 52, 13, 2, 69, 34]|[1, 1, 0, 1, 1, 1, 2, 1, 2, 1, 2, 2, 2, 1, 1, 0, 0, 1, 0, 2, 2, 0, 1, 2, 0, 1, 2, 2, 0, 0, 1, 2, 1, 0, 1, 0, 2, 0, 1, 1, 0, 1, 1, 1, 0, 2, 1, 1, 1, 0, 0, 0, 1, 1, 2, 1, 2, 0, 0, 0, 2, 1, 0, 1, 0, 1, 2, 1, 1, 1, 1, 1, 2, 0, 1, 2, 0, 0, 0, 1, 0, 1, 0, 0, 1, 0, 0, 0, 2, 0, 1, 0, 0, 1, 0, 1, 0, 0, 1, 2]|[4, 3, 2, 2, 0, 0, 2, 2, 2, 4, 1, 1, 2, 4, 4, 1, 1, 4, 2, 1, 1, 1, 1, 2, 1, 2, 1, 1, 1, 1, 3, 2, 3, 0, 4, 0, 1, 1, 0, 3, 2, 2, 4, 0, 1, 1, 3, 2, 1, 1, 2, 2, 1, 4, 0, 3, 2, 1, 1, 2, 1, 3, 1, 1, 2, 3, 0, 4, 3, 1, 4, 1, 1, 2, 4, 1, 2, 1, 1, 3, 2, 3, 1, 1, 1, 1, 1, 1, 1, 1, 3, 2, 2, 4, 1, 1, 2, 2, 3, 1]|[0, 2, 1, 1, 3, 3, 0, 1, 0, 0, 0, 0, 1, 0, 1, 0, 0, 3, 1, 0, 0, 0, 3, 1, 0, 2, 0, 0, 0, 1, 0, 0, 0, 0, 3, 0, 1, 0, 0, 2, 1, 1, 2, 0, 0, 0, 0, 1, 1, 0, 0, 0, 1, 3, 0, 0, 1, 0, 0, 1, 0, 2, 0, 1, 1, 2, 1, 0, 0, 1, 1, 3, 0, 1, 3, 0, 1, 0, 0, 2, 1, 0, 0, 0, 1, 0, 0, 0, 0, 0, 2, 1, 0, 3, 1, 1, 0, 0, 0, 0],833.4359641689811,57767.6273409838,86364.29346224964,false
61,G1_CMAX,G1_CMAX,[31, 22, 42, 15, 26, 58, 95, 82, 77, 12, 47, 5, 93, 78, 98, 85, 54, 63, 18, 44, 20, 35, 43, 97, 91, 10, 30, 21, 61, 71, 64, 1, 23, 17, 83, 24, 50, 60, 36, 6, 57, 94, 88, 65, 56, 79, 40, 67, 68, 46, 75, 38, 9, 19, 32, 81, 41, 27, 62, 87, 90, 99, 59, 11, 16, 72, 73, 70, 39, 37, 84, 76, 3, 92, 25, 74, 28, 7, 51, 29, 33, 14, 86, 66, 89, 45, 80, 96, 53, 4, 48, 2, 55, 49, 0, 52, 13, 8, 69, 34]|[1, 1, 1, 1, 1, 1, 2, 1, 2, 1, 2, 0, 2, 1, 1, 0, 0, 1, 0, 2, 2, 2, 1, 2, 0, 2, 2, 0, 0, 1, 2, 1, 2, 1, 0, 2, 0, 1, 1, 0, 1, 1, 1, 0, 2, 1, 1, 0, 0, 0, 0, 1, 1, 2, 1, 2, 2, 0, 0, 2, 1, 0, 1, 2, 1, 2, 1, 1, 1, 1, 1, 1, 2, 1, 1, 2, 0, 0, 0, 0, 2, 1, 2, 0, 1, 0, 0, 0, 0, 0, 2, 0, 1, 0, 0, 1, 0, 1, 2, 2]|[4, 3, 2, 2, 0, 0, 1, 2, 1, 4, 1, 0, 2, 4, 4, 1, 1, 4, 2, 1, 1, 0, 1, 2, 1, 1, 1, 1, 1, 3, 2, 3, 0, 4, 0, 1, 1, 0, 3, 2, 2, 4, 0, 1, 1, 0, 2, 0, 1, 2, 2, 1, 4, 0, 3, 2, 1, 1, 2, 1, 3, 1, 1, 1, 3, 0, 4, 3, 1, 4, 1, 2, 1, 4, 4, 1, 2, 1, 1, 1, 1, 3, 1, 1, 1, 1, 1, 1, 2, 2, 0, 2, 4, 1, 2, 1, 2, 3, 1, 1]|[2, 2, 1, 1, 3, 3, 0, 1, 0, 0, 0, 1, 1, 0, 1, 0, 0, 3, 1, 0, 0, 0, 3, 1, 0, 0, 0, 0, 1, 0, 0, 0, 0, 3, 0, 1, 0, 0, 2, 1, 1, 2, 0, 0, 0, 0, 1, 1, 0, 0, 0, 1, 3, 0, 0, 1, 0, 0, 1, 0, 2, 0, 1, 0, 2, 1, 0, 0, 1, 1, 3, 2, 0, 0, 3, 0, 1, 0, 0, 0, 0, 0, 0, 0, 1, 0, 0, 0, 1, 1, 1, 0, 3, 1, 0, 1, 0, 2, 0, 0],701.9269445084548,58814.16448267554,96724.70889609086,false
61,G4_BALANCED,G4_BALANCED,[31, 11, 82, 15, 26, 9, 95, 42, 77, 68, 47, 5, 93, 78, 86, 54, 85, 63, 18, 44, 20, 49, 36, 14, 74, 50, 53, 17, 21, 45, 71, 64, 3, 23, 30, 83, 24, 41, 60, 52, 65, 27, 90, 70, 39, 87, 48, 69, 99, 4, 46, 1, 13, 58, 97, 59, 28, 75, 73, 37, 35, 79, 22, 66, 76, 32, 40, 80, 96, 6, 16, 61, 33, 7, 57, 34, 12, 67, 10, 98, 56, 88, 29, 8, 91, 38, 19, 92, 43, 84, 51, 72, 81, 62, 2, 55, 0, 89, 94, 25]|[2, 1, 2, 1, 1, 2, 1, 1, 1, 1, 1, 0, 2, 2, 1, 2, 0, 0, 0, 2, 2, 1, 0, 2, 0, 2, 2, 1, 0, 1, 1, 1, 0, 0, 1, 0, 2, 1, 2, 2, 0, 0, 1, 1, 0, 2, 0, 2, 1, 0, 0, 2, 0, 0, 2, 0, 1, 1, 0, 0, 2, 1, 0, 2, 2, 0, 2, 2, 0, 1, 2, 1, 1, 2, 0, 1, 1, 1, 1, 2, 2, 1, 1, 0, 1, 0, 1, 0, 1, 0, 1, 1, 1, 1, 2, 0, 0, 1, 2, 1]|[0, 3, 0, 2, 4, 1, 4, 4, 2, 4, 3, 2, 1, 0, 2, 1, 1, 1, 2, 1, 1, 3, 0, 1, 0, 1, 1, 4, 1, 4, 3, 2, 2, 0, 4, 1, 1, 4, 0, 1, 2, 1, 4, 4, 1, 1, 0, 2, 3, 1, 2, 1, 2, 1, 1, 2, 4, 3, 0, 2, 2, 3, 1, 0, 1, 2, 0, 1, 2, 4, 1, 3, 4, 1, 2, 4, 3, 3, 3, 1, 1, 4, 3, 2, 3, 2, 4, 2, 4, 2, 3, 4, 1, 3, 1, 2, 2, 4, 1, 4]|[0, 2, 0, 1, 3, 0, 1, 3, 0, 0, 2, 0, 1, 0, 1, 0, 0, 0, 1, 0, 0, 2, 0, 0, 1, 0, 0, 3, 0, 1, 0, 2, 0, 1, 3, 0, 1, 3, 1, 0, 0, 0, 1, 3, 0, 0, 1, 0, 2, 0, 0, 0, 0, 0, 1, 0, 1, 0, 1, 1, 0, 2, 0, 0, 0, 0, 0, 0, 0, 2, 0, 0, 1, 0, 0, 1, 0, 0, 3, 0, 0, 1, 0, 0, 0, 0, 3, 0, 2, 0, 0, 2, 1, 0, 0, 0, 0, 1, 0, 3],843.8855010804491,52038.22615277176,107575.91746051938,false
61,G2_TEC,G2_TEC,[20, 94, 66, 15, 26, 9, 95, 42, 77, 68, 47, 5, 3, 14, 86, 54, 85, 63, 18, 44, 31, 49, 36, 78, 74, 50, 53, 17, 21, 28, 11, 64, 93, 23, 30, 83, 24, 41, 40, 52, 65, 27, 90, 70, 39, 87, 48, 69, 99, 4, 46, 1, 13, 56, 97, 59, 45, 8, 73, 37, 35, 79, 71, 82, 76, 32, 60, 80, 58, 6, 67, 61, 33, 7, 57, 34, 12, 16, 10, 22, 96, 88, 43, 81, 91, 2, 84, 29, 92, 19, 51, 89, 38, 25, 72, 75, 98, 62, 55, 0]|[2, 1, 2, 1, 1, 2, 1, 1, 1, 1, 1, 0, 2, 2, 1, 2, 0, 0, 0, 2, 2, 1, 0, 2, 0, 2, 2, 1, 0, 1, 1, 1, 0, 0, 1, 0, 2, 1, 2, 2, 0, 0, 1, 1, 0, 2, 0, 2, 1, 0, 0, 2, 0, 2, 2, 0, 1, 1, 0, 0, 2, 1, 1, 2, 2, 0, 2, 2, 2, 1, 2, 1, 1, 2, 0, 1, 1, 2, 1, 2, 0, 1, 1, 1, 1, 0, 0, 1, 0, 1, 1, 1, 0, 1, 1, 0, 2, 1, 0, 0]|[1, 3, 1, 3, 4, 1, 4, 4, 4, 4, 3, 2, 1, 0, 2, 1, 1, 1, 2, 1, 1, 3, 0, 1, 0, 1, 1, 4, 1, 4, 3, 2, 2, 0, 4, 1, 1, 4, 1, 1, 2, 1, 4, 4, 1, 1, 0, 1, 3, 2, 2, 1, 2, 1, 1, 2, 4, 3, 0, 2, 1, 3, 3, 1, 1, 2, 1, 1, 1, 4, 1, 3, 4, 1, 2, 4, 3, 1, 3, 1, 2, 4, 4, 4, 3, 2, 2, 3, 2, 4, 3, 4, 2, 4, 4, 2, 1, 3, 2, 2]|[0, 2, 0, 0, 3, 0, 1, 3, 1, 0, 2, 0, 1, 0, 1, 0, 0, 0, 1, 0, 0, 2, 0, 0, 1, 0, 0, 3, 0, 1, 0, 2, 0, 0, 3, 0, 1, 1, 0, 0, 0, 0, 1, 3, 0, 0, 1, 0, 2, 0, 0, 0, 0, 0, 1, 0, 1, 0, 1, 1, 0, 2, 0, 0, 0, 0, 0, 0, 0, 2, 0, 0, 1, 0, 0, 1, 0, 0, 3, 0, 0, 1, 2, 2, 0, 0, 0, 3, 0, 1, 0, 1, 0, 3, 1, 0, 0, 0, 0, 0],910.6016522559228,48196.44872629531,105119.71286620182,false
61,G3_TWC,G3_TWC,[31, 22, 42, 15, 26, 58, 95, 82, 77, 12, 47, 5, 93, 78, 98, 54, 85, 63, 46, 44, 20, 35, 43, 97, 91, 76, 10, 30, 21, 45, 71, 64, 1, 23, 17, 83, 24, 61, 60, 49, 6, 57, 94, 88, 65, 56, 79, 40, 89, 68, 18, 75, 0, 9, 19, 32, 81, 41, 27, 62, 87, 90, 99, 59, 53, 16, 72, 73, 70, 39, 37, 84, 3, 92, 25, 74, 28, 38, 51, 7, 11, 14, 86, 48, 67, 66, 50, 96, 33, 80, 8, 4, 29, 55, 36, 52, 13, 2, 69, 34]|[1, 1, 0, 1, 1, 1, 2, 1, 2, 1, 2, 2, 2, 1, 1, 0, 0, 1, 0, 2, 2, 0, 1, 2, 0, 1, 2, 2, 0, 0, 1, 2, 1, 0, 1, 0, 2, 0, 1, 1, 0, 1, 1, 1, 0, 2, 1, 1, 1, 0, 0, 0, 1, 1, 2, 1, 2, 0, 0, 0, 2, 1, 0, 1, 0, 1, 2, 1, 1, 1, 1, 1, 2, 0, 1, 2, 0, 0, 0, 1, 0, 1, 0, 0, 1, 0, 0, 0, 2, 0, 1, 0, 0, 1, 0, 1, 0, 0, 1, 2]|[4, 3, 2, 2, 0, 0, 2, 2, 2, 4, 1, 1, 2, 4, 4, 1, 1, 4, 2, 1, 1, 1, 1, 2, 1, 2, 1, 1, 1, 1, 3, 2, 3, 0, 4, 0, 1, 1, 0, 3, 2, 2, 4, 0, 1, 1, 3, 2, 1, 1, 2, 2, 1, 4, 0, 3, 2, 1, 1, 2, 1, 3, 1, 1, 2, 3, 0, 4, 3, 1, 4, 1, 1, 2, 4, 1, 2, 1, 1, 3, 2, 3, 1, 1, 1, 1, 1, 1, 1, 1, 3, 2, 2, 4, 1, 1, 2, 2, 3, 1]|[0, 2, 1, 1, 3, 3, 0, 1, 0, 0, 0, 0, 1, 0, 1, 0, 0, 3, 1, 0, 0, 0, 3, 1, 0, 2, 0, 0, 0, 1, 0, 0, 0, 0, 3, 0, 1, 0, 0, 2, 1, 1, 2, 0, 0, 0, 0, 1, 1, 0, 0, 0, 1, 3, 0, 0, 1, 0, 0, 1, 0, 2, 0, 1, 1, 2, 1, 0, 0, 1, 1, 3, 0, 1, 3, 0, 1, 0, 0, 2, 1, 0, 0, 0, 1, 0, 0, 0, 0, 0, 2, 1, 0, 3, 1, 1, 0, 0, 0, 0],833.4359641689811,57767.6273409838,86364.29346224964,false
61,G1_CMAX,G1_CMAX,[31, 22, 42, 15, 26, 58, 95, 82, 77, 12, 47, 5, 93, 78, 98, 85, 54, 63, 18, 44, 20, 35, 43, 97, 91, 10, 30, 21, 61, 71, 64, 1, 23, 17, 83, 24, 50, 60, 36, 6, 57, 94, 88, 65, 56, 79, 40, 67, 68, 46, 75, 38, 9, 19, 32, 81, 41, 27, 62, 87, 90, 99, 59, 11, 16, 72, 73, 70, 39, 37, 84, 76, 3, 92, 25, 74, 28, 7, 51, 29, 33, 14, 86, 66, 89, 45, 80, 96, 53, 4, 48, 2, 55, 49, 0, 52, 13, 8, 69, 34]|[1, 1, 1, 1, 1, 1, 2, 1, 2, 1, 2, 0, 2, 1, 1, 0, 0, 1, 0, 2, 2, 2, 1, 2, 0, 2, 2, 0, 0, 1, 2, 1, 2, 1, 0, 2, 0, 1, 1, 0, 1, 1, 1, 0, 2, 1, 1, 0, 0, 0, 0, 1, 1, 2, 1, 2, 2, 0, 0, 2, 1, 0, 1, 2, 1, 2, 1, 1, 1, 1, 1, 1, 2, 1, 1, 2, 0, 0, 0, 0, 2, 1, 2, 0, 1, 0, 0, 0, 0, 0, 2, 0, 1, 0, 0, 1, 0, 1, 2, 2]|[4, 3, 2, 2, 0, 0, 1, 2, 1, 4, 1, 0, 2, 4, 4, 1, 1, 4, 2, 1, 1, 0, 1, 2, 1, 1, 1, 1, 1, 3, 2, 3, 0, 4, 0, 1, 1, 0, 3, 2, 2, 4, 0, 1, 1, 0, 2, 0, 1, 2, 2, 1, 4, 0, 3, 2, 1, 1, 2, 1, 3, 1, 1, 1, 3, 0, 4, 3, 1, 4, 1, 2, 1, 4, 4, 1, 2, 1, 1, 1, 1, 3, 1, 1, 1, 1, 1, 1, 2, 2, 0, 2, 4, 1, 2, 1, 2, 3, 1, 1]|[2, 2, 1, 1, 3, 3, 0, 1, 0, 0, 0, 1, 1, 0, 1, 0, 0, 3, 1, 0, 0, 0, 3, 1, 0, 0, 0, 0, 1, 0, 0, 0, 0, 3, 0, 1, 0, 0, 2, 1, 1, 2, 0, 0, 0, 0, 1, 1, 0, 0, 0, 1, 3, 0, 0, 1, 0, 0, 1, 0, 2, 0, 1, 0, 2, 1, 0, 0, 1, 1, 3, 2, 0, 0, 3, 0, 1, 0, 0, 0, 0, 0, 0, 0, 1, 0, 0, 0, 1, 1, 1, 0, 3, 1, 0, 1, 0, 2, 0, 0],701.9269445084548,58814.16448267554,96724.70889609086,false
61,G4_BALANCED,G3_TWC,[31, 22, 42, 15, 26, 58, 95, 82, 77, 12, 47, 5, 93, 78, 98, 54, 85, 63, 18, 44, 20, 35, 43, 97, 91, 76, 10, 30, 21, 45, 71, 64, 1, 23, 17, 83, 24, 61, 60, 49, 6, 57, 94, 88, 65, 56, 79, 40, 67, 68, 46, 75, 0, 9, 19, 32, 81, 41, 27, 62, 87, 90, 99, 59, 53, 16, 72, 73, 70, 39, 37, 84, 3, 92, 25, 74, 28, 48, 51, 7, 11, 14, 86, 38, 89, 50, 66, 96, 33, 80, 8, 4, 34, 36, 55, 52, 29, 2, 69, 13]|[1, 1, 0, 1, 1, 1, 2, 1, 2, 1, 2, 2, 2, 1, 1, 0, 0, 1, 0, 2, 2, 0, 1, 2, 0, 1, 2, 2, 0, 0, 1, 2, 1, 0, 1, 0, 2, 0, 1, 1, 0, 1, 1, 1, 0, 2, 1, 1, 0, 0, 0, 0, 1, 1, 2, 1, 2, 0, 0, 0, 2, 1, 0, 1, 0, 1, 2, 1, 1, 1, 1, 1, 2, 0, 1, 2, 0, 0, 0, 1, 2, 1, 0, 1, 1, 0, 0, 2, 2, 0, 1, 0, 2, 0, 1, 1, 0, 0, 1, 0]|[4, 3, 2, 2, 0, 0, 2, 2, 2, 4, 1, 1, 2, 4, 4, 1, 1, 4, 2, 1, 1, 1, 1, 2, 1, 2, 1, 1, 1, 1, 3, 2, 3, 0, 4, 0, 1, 1, 0, 3, 2, 2, 4, 0, 1, 1, 0, 2, 0, 1, 2, 2, 1, 4, 0, 3, 2, 1, 1, 2, 1, 3, 1, 1, 2, 3, 0, 4, 3, 1, 4, 1, 1, 2, 4, 1, 2, 1, 1, 3, 1, 3, 1, 1, 1, 1, 1, 1, 1, 1, 3, 2, 1, 1, 4, 1, 2, 2, 3, 2]|[0, 2, 1, 1, 3, 3, 0, 1, 0, 0, 0, 0, 1, 0, 1, 0, 0, 3, 1, 0, 0, 0, 3, 1, 0, 2, 0, 0, 0, 1, 0, 0, 0, 0, 3, 0, 1, 0, 0, 2, 1, 1, 2, 0, 0, 0, 0, 1, 1, 0, 0, 0, 1, 3, 0, 0, 1, 0, 0, 1, 0, 2, 0, 1, 1, 2, 1, 0, 0, 1, 1, 3, 0, 1, 3, 0, 1, 0, 0, 2, 0, 0, 0, 1, 1, 0, 0, 0, 0, 0, 2, 1, 0, 1, 3, 1, 0, 0, 0, 0],770.075446138962,57713.80777226468,87784.5715138659,true
61,G2_TEC,G2_TEC,[20, 94, 66, 15, 26, 9, 95, 42, 77, 68, 47, 5, 3, 14, 86, 54, 85, 63, 18, 44, 31, 49, 36, 78, 74, 50, 53, 17, 21, 28, 11, 64, 93, 23, 30, 83, 24, 41, 40, 52, 65, 27, 90, 70, 39, 87, 48, 69, 99, 4, 46, 1, 13, 56, 97, 59, 45, 8, 73, 37, 35, 79, 71, 82, 76, 32, 60, 80, 58, 6, 67, 61, 33, 7, 57, 34, 12, 16, 10, 22, 96, 88, 43, 81, 91, 2, 84, 29, 92, 19, 51, 89, 38, 25, 72, 75, 98, 62, 55, 0]|[2, 1, 2, 1, 1, 2, 1, 1, 1, 1, 1, 0, 2, 2, 1, 2, 0, 0, 0, 2, 2, 1, 0, 2, 0, 2, 2, 1, 0, 1, 1, 1, 0, 0, 1, 0, 2, 1, 2, 2, 0, 0, 1, 1, 0, 2, 0, 2, 1, 0, 0, 2, 0, 2, 2, 0, 1, 1, 0, 0, 2, 1, 1, 2, 2, 0, 2, 2, 2, 1, 2, 1, 1, 2, 0, 1, 1, 2, 1, 2, 0, 1, 1, 1, 1, 0, 0, 1, 0, 1, 1, 1, 0, 1, 1, 0, 2, 1, 0, 0]|[1, 3, 1, 3, 4, 1, 4, 4, 4, 4, 3, 2, 1, 0, 2, 1, 1, 1, 2, 1, 1, 3, 0, 1, 0, 1, 1, 4, 1, 4, 3, 2, 2, 0, 4, 1, 1, 4, 1, 1, 2, 1, 4, 4, 1, 1, 0, 1, 3, 2, 2, 1, 2, 1, 1, 2, 4, 3, 0, 2, 1, 3, 3, 1, 1, 2, 1, 1, 1, 4, 1, 3, 4, 1, 2, 4, 3, 1, 3, 1, 2, 4, 4, 4, 3, 2, 2, 3, 2, 4, 3, 4, 2, 4, 4, 2, 1, 3, 2, 2]|[0, 2, 0, 0, 3, 0, 1, 3, 1, 0, 2, 0, 1, 0, 1, 0, 0, 0, 1, 0, 0, 2, 0, 0, 1, 0, 0, 3, 0, 1, 0, 2, 0, 0, 3, 0, 1, 1, 0, 0, 0, 0, 1, 3, 0, 0, 1, 0, 2, 0, 0, 0, 0, 0, 1, 0, 1, 0, 1, 1, 0, 2, 0, 0, 0, 0, 0, 0, 0, 2, 0, 0, 1, 0, 0, 1, 0, 0, 3, 0, 0, 1, 2, 2, 0, 0, 0, 3, 0, 1, 0, 1, 0, 3, 1, 0, 0, 0, 0, 0],910.6016522559228,48196.44872629531,105119.71286620182,false
61,G3_TWC,G3_TWC,[31, 22, 42, 15, 26, 58, 95, 82, 77, 12, 47, 5, 93, 78, 98, 54, 85, 63, 46, 44, 20, 35, 43, 97, 91, 76, 10, 30, 21, 45, 71, 64, 1, 23, 17, 83, 24, 61, 60, 49, 6, 57, 94, 88, 65, 56, 79, 40, 89, 68, 18, 75, 0, 9, 19, 32, 81, 41, 27, 62, 87, 90, 99, 59, 53, 16, 72, 73, 70, 39, 37, 84, 3, 92, 25, 74, 28, 38, 51, 7, 11, 14, 86, 48, 67, 66, 50, 96, 33, 80, 8, 4, 29, 55, 36, 52, 13, 2, 69, 34]|[1, 1, 0, 1, 1, 1, 2, 1, 2, 1, 2, 2, 2, 1, 1, 0, 0, 1, 0, 2, 2, 0, 1, 2, 0, 1, 2, 2, 0, 0, 1, 2, 1, 0, 1, 0, 2, 0, 1, 1, 0, 1, 1, 1, 0, 2, 1, 1, 1, 0, 0, 0, 1, 1, 2, 1, 2, 0, 0, 0, 2, 1, 0, 1, 0, 1, 2, 1, 1, 1, 1, 1, 2, 0, 1, 2, 0, 0, 0, 1, 0, 1, 0, 0, 1, 0, 0, 0, 2, 0, 1, 0, 0, 1, 0, 1, 0, 0, 1, 2]|[4, 3, 2, 2, 0, 0, 2, 2, 2, 4, 1, 1, 2, 4, 4, 1, 1, 4, 2, 1, 1, 1, 1, 2, 1, 2, 1, 1, 1, 1, 3, 2, 3, 0, 4, 0, 1, 1, 0, 3, 2, 2, 4, 0, 1, 1, 3, 2, 1, 1, 2, 2, 1, 4, 0, 3, 2, 1, 1, 2, 1, 3, 1, 1, 2, 3, 0, 4, 3, 1, 4, 1, 1, 2, 4, 1, 2, 1, 1, 3, 2, 3, 1, 1, 1, 1, 1, 1, 1, 1, 3, 2, 2, 4, 1, 1, 2, 2, 3, 1]|[0, 2, 1, 1, 3, 3, 0, 1, 0, 0, 0, 0, 1, 0, 1, 0, 0, 3, 1, 0, 0, 0, 3, 1, 0, 2, 0, 0, 0, 1, 0, 0, 0, 0, 3, 0, 1, 0, 0, 2, 1, 1, 2, 0, 0, 0, 0, 1, 1, 0, 0, 0, 1, 3, 0, 0, 1, 0, 0, 1, 0, 2, 0, 1, 1, 2, 1, 0, 0, 1, 1, 3, 0, 1, 3, 0, 1, 0, 0, 2, 1, 0, 0, 0, 1, 0, 0, 0, 0, 0, 2, 1, 0, 3, 1, 1, 0, 0, 0, 0],833.4359641689811,57767.6273409838,86364.29346224964,false
61,G1_CMAX,G1_CMAX,[31, 22, 42, 15, 26, 58, 95, 82, 77, 12, 47, 5, 93, 78, 98, 85, 54, 63, 18, 44, 20, 35, 43, 97, 91, 10, 30, 21, 61, 71, 64, 1, 23, 17, 83, 24, 50, 60, 36, 6, 57, 94, 88, 65, 56, 79, 40, 67, 68, 46, 75, 38, 9, 19, 32, 81, 41, 27, 62, 87, 90, 99, 59, 11, 16, 72, 73, 70, 39, 37, 84, 76, 3, 92, 25, 74, 28, 7, 51, 29, 33, 14, 86, 66, 89, 45, 80, 96, 53, 4, 48, 2, 55, 49, 0, 52, 13, 8, 69, 34]|[1, 1, 1, 1, 1, 1, 2, 1, 2, 1, 2, 0, 2, 1, 1, 0, 0, 1, 0, 2, 2, 2, 1, 2, 0, 2, 2, 0, 0, 1, 2, 1, 2, 1, 0, 2, 0, 1, 1, 0, 1, 1, 1, 0, 2, 1, 1, 0, 0, 0, 0, 1, 1, 2, 1, 2, 2, 0, 0, 2, 1, 0, 1, 2, 1, 2, 1, 1, 1, 1, 1, 1, 2, 1, 1, 2, 0, 0, 0, 0, 2, 1, 2, 0, 1, 0, 0, 0, 0, 0, 2, 0, 1, 0, 0, 1, 0, 1, 2, 2]|[4, 3, 2, 2, 0, 0, 1, 2, 1, 4, 1, 0, 2, 4, 4, 1, 1, 4, 2, 1, 1, 0, 1, 2, 1, 1, 1, 1, 1, 3, 2, 3, 0, 4, 0, 1, 1, 0, 3, 2, 2, 4, 0, 1, 1, 0, 2, 0, 1, 2, 2, 1, 4, 0, 3, 2, 1, 1, 2, 1, 3, 1, 1, 1, 3, 0, 4, 3, 1, 4, 1, 2, 1, 4, 4, 1, 2, 1, 1, 1, 1, 3, 1, 1, 1, 1, 1, 1, 2, 2, 0, 2, 4, 1, 2, 1, 2, 3, 1, 1]|[2, 2, 1, 1, 3, 3, 0, 1, 0, 0, 0, 1, 1, 0, 1, 0, 0, 3, 1, 0, 0, 0, 3, 1, 0, 0, 0, 0, 1, 0, 0, 0, 0, 3, 0, 1, 0, 0, 2, 1, 1, 2, 0, 0, 0, 0, 1, 1, 0, 0, 0, 1, 3, 0, 0, 1, 0, 0, 1, 0, 2, 0, 1, 0, 2, 1, 0, 0, 1, 1, 3, 2, 0, 0, 3, 0, 1, 0, 0, 0, 0, 0, 0, 0, 1, 0, 0, 0, 1, 1, 1, 0, 3, 1, 0, 1, 0, 2, 0, 0],701.9269445084548,58814.16448267554,96724.70889609086,false
61,G4_BALANCED,G3_TWC,[31, 22, 42, 15, 26, 58, 95, 82, 77, 12, 47, 5, 93, 78, 98, 54, 85, 63, 18, 44, 20, 35, 43, 97, 91, 76, 10, 30, 21, 45, 71, 64, 1, 23, 17, 83, 24, 61, 60, 49, 6, 57, 94, 88, 65, 56, 79, 40, 89, 68, 46, 75, 0, 9, 19, 32, 81, 41, 27, 62, 87, 90, 99, 59, 53, 16, 72, 73, 70, 39, 37, 84, 3, 92, 25, 74, 28, 38, 51, 7, 11, 14, 86, 48, 67, 66, 50, 96, 33, 80, 8, 4, 29, 55, 36, 52, 13, 2, 69, 34]|[1, 1, 0, 1, 1, 1, 2, 1, 2, 1, 2, 2, 2, 1, 1, 0, 0, 1, 0, 2, 2, 0, 1, 2, 0, 1, 2, 2, 0, 0, 1, 2, 1, 0, 1, 0, 2, 0, 1, 1, 0, 1, 1, 1, 0, 2, 1, 1, 0, 0, 0, 0, 1, 1, 2, 1, 2, 0, 0, 0, 2, 1, 0, 1, 0, 1, 2, 1, 1, 1, 1, 1, 2, 0, 1, 2, 0, 0, 0, 1, 0, 1, 0, 0, 1, 0, 0, 0, 2, 0, 1, 0, 0, 1, 0, 1, 0, 0, 1, 2]|[4, 3, 2, 2, 0, 0, 2, 2, 2, 4, 1, 1, 2, 4, 4, 1, 1, 4, 2, 1, 1, 1, 1, 2, 1, 2, 1, 1, 1, 1, 3, 2, 3, 0, 4, 0, 1, 1, 0, 3, 2, 2, 4, 0, 1, 1, 3, 2, 0, 1, 2, 2, 1, 4, 0, 3, 2, 1, 1, 2, 1, 3, 1, 1, 2, 3, 0, 4, 3, 1, 4, 1, 1, 2, 4, 1, 2, 1, 1, 3, 2, 3, 1, 1, 1, 1, 1, 1, 1, 1, 3, 2, 2, 4, 1, 1, 2, 2, 3, 1]|[0, 2, 1, 1, 3, 3, 0, 1, 0, 0, 0, 0, 1, 0, 1, 0, 0, 3, 1, 0, 0, 0, 3, 1, 0, 2, 0, 0, 0, 1, 0, 0, 0, 0, 3, 0, 1, 0, 0, 2, 1, 1, 2, 0, 0, 0, 0, 1, 1, 0, 0, 0, 1, 3, 0, 0, 1, 0, 0, 1, 0, 2, 0, 1, 1, 2, 1, 0, 0, 1, 1, 3, 0, 1, 3, 0, 1, 0, 0, 2, 1, 0, 0, 0, 1, 0, 0, 0, 0, 0, 2, 1, 0, 3, 1, 1, 0, 0, 0, 0],833.8256983998635,57809.59680018532,86299.39258926634,true
61,G2_TEC,G2_TEC,[20, 94, 66, 15, 26, 9, 95, 42, 77, 68, 47, 5, 3, 14, 86, 54, 85, 63, 18, 44, 31, 49, 36, 78, 74, 50, 53, 17, 21, 28, 11, 64, 93, 23, 30, 83, 24, 41, 40, 52, 65, 27, 90, 70, 39, 87, 48, 69, 99, 4, 46, 1, 13, 56, 97, 59, 45, 8, 73, 37, 35, 79, 71, 82, 76, 32, 60, 80, 58, 6, 67, 61, 33, 7, 57, 34, 12, 16, 10, 22, 96, 88, 43, 81, 91, 2, 84, 29, 92, 19, 51, 89, 38, 25, 72, 75, 98, 62, 55, 0]|[2, 1, 2, 1, 1, 2, 1, 1, 1, 1, 1, 0, 2, 2, 1, 2, 0, 0, 0, 2, 2, 1, 0, 2, 0, 2, 2, 1, 0, 1, 1, 1, 0, 0, 1, 0, 2, 1, 2, 2, 0, 0, 1, 1, 0, 2, 0, 2, 1, 0, 0, 2, 0, 2, 2, 0, 1, 1, 0, 0, 2, 1, 1, 2, 2, 0, 2, 2, 2, 1, 2, 1, 1, 2, 0, 1, 1, 2, 1, 2, 0, 1, 1, 1, 1, 0, 0, 1, 0, 1, 1, 1, 0, 1, 1, 0, 2, 1, 0, 0]|[1, 3, 1, 3, 4, 1, 4, 4, 4, 4, 3, 2, 1, 0, 2, 1, 1, 1, 2, 1, 1, 3, 0, 1, 0, 1, 1, 4, 1, 4, 3, 2, 2, 0, 4, 1, 1, 4, 1, 1, 2, 1, 4, 4, 1, 1, 0, 1, 3, 2, 2, 1, 2, 1, 1, 2, 4, 3, 0, 2, 1, 3, 3, 1, 1, 2, 1, 1, 1, 4, 1, 3, 4, 1, 2, 4, 3, 1, 3, 1, 2, 4, 4, 4, 3, 2, 2, 3, 2, 4, 3, 4, 2, 4, 4, 2, 1, 3, 2, 2]|[0, 2, 0, 0, 3, 0, 1, 3, 1, 0, 2, 0, 1, 0, 1, 0, 0, 0, 1, 0, 0, 2, 0, 0, 1, 0, 0, 3, 0, 1, 0, 2, 0, 0, 3, 0, 1, 1, 0, 0, 0, 0, 1, 3, 0, 0, 1, 0, 2, 0, 0, 0, 0, 0, 1, 0, 1, 0, 1, 1, 0, 2, 0, 0, 0, 0, 0, 0, 0, 2, 0, 0, 1, 0, 0, 1, 0, 0, 3, 0, 0, 1, 2, 2, 0, 0, 0, 3, 0, 1, 0, 1, 0, 3, 1, 0, 0, 0, 0, 0],910.6016522559228,48196.44872629531,105119.71286620182,false
61,G3_TWC,G3_TWC,[31, 22, 42, 15, 26, 58, 95, 82, 77, 12, 47, 5, 93, 78, 98, 54, 85, 63, 46, 44, 20, 35, 43, 97, 91, 76, 10, 30, 21, 45, 71, 64, 1, 23, 17, 83, 24, 61, 60, 49, 6, 57, 94, 88, 65, 56, 79, 40, 89, 68, 18, 75, 0, 9, 19, 32, 81, 41, 27, 62, 87, 90, 99, 59, 53, 16, 72, 73, 70, 39, 37, 84, 3, 92, 25, 74, 28, 38, 51, 7, 11, 14, 86, 48, 67, 66, 50, 96, 33, 80, 8, 4, 29, 55, 36, 52, 13, 2, 69, 34]|[1, 1, 0, 1, 1, 1, 2, 1, 2, 1, 2, 2, 2, 1, 1, 0, 0, 1, 0, 2, 2, 0, 1, 2, 0, 1, 2, 2, 0, 0, 1, 2, 1, 0, 1, 0, 2, 0, 1, 1, 0, 1, 1, 1, 0, 2, 1, 1, 1, 0, 0, 0, 1, 1, 2, 1, 2, 0, 0, 0, 2, 1, 0, 1, 0, 1, 2, 1, 1, 1, 1, 1, 2, 0, 1, 2, 0, 0, 0, 1, 0, 1, 0, 0, 1, 0, 0, 0, 2, 0, 1, 0, 0, 1, 0, 1, 0, 0, 1, 2]|[4, 3, 2, 2, 0, 0, 2, 2, 2, 4, 1, 1, 2, 4, 4, 1, 1, 4, 2, 1, 1, 1, 1, 2, 1, 2, 1, 1, 1, 1, 3, 2, 3, 0, 4, 0, 1, 1, 0, 3, 2, 2, 4, 0, 1, 1, 3, 2, 1, 1, 2, 2, 1, 4, 0, 3, 2, 1, 1, 2, 1, 3, 1, 1, 2, 3, 0, 4, 3, 1, 4, 1, 1, 2, 4, 1, 2, 1, 1, 3, 2, 3, 1, 1, 1, 1, 1, 1, 1, 1, 3, 2, 2, 4, 1, 1, 2, 2, 3, 1]|[0, 2, 1, 1, 3, 3, 0, 1, 0, 0, 0, 0, 1, 0, 1, 0, 0, 3, 1, 0, 0, 0, 3, 1, 0, 2, 0, 0, 0, 1, 0, 0, 0, 0, 3, 0, 1, 0, 0, 2, 1, 1, 2, 0, 0, 0, 0, 1, 1, 0, 0, 0, 1, 3, 0, 0, 1, 0, 0, 1, 0, 2, 0, 1, 1, 2, 1, 0, 0, 1, 1, 3, 0, 1, 3, 0, 1, 0, 0, 2, 1, 0, 0, 0, 1, 0, 0, 0, 0, 0, 2, 1, 0, 3, 1, 1, 0, 0, 0, 0],833.4359641689811,57767.6273409838,86364.29346224964,false
61,G1_CMAX,G1_CMAX,[31, 22, 42, 15, 26, 58, 95, 82, 77, 12, 47, 5, 93, 78, 98, 85, 54, 63, 18, 44, 20, 35, 43, 97, 91, 10, 30, 21, 61, 71, 64, 1, 23, 17, 83, 24, 50, 60, 36, 6, 57, 94, 88, 65, 56, 79, 40, 67, 68, 46, 75, 38, 9, 19, 32, 81, 41, 27, 62, 87, 90, 99, 59, 11, 16, 72, 73, 70, 39, 37, 84, 76, 3, 92, 25, 74, 28, 7, 51, 29, 33, 14, 86, 66, 89, 45, 80, 96, 53, 4, 48, 2, 55, 49, 0, 52, 13, 8, 69, 34]|[1, 1, 1, 1, 1, 1, 2, 1, 2, 1, 2, 0, 2, 1, 1, 0, 0, 1, 0, 2, 2, 2, 1, 2, 0, 2, 2, 0, 0, 1, 2, 1, 2, 1, 0, 2, 0, 1, 1, 0, 1, 1, 1, 0, 2, 1, 1, 0, 0, 0, 0, 1, 1, 2, 1, 2, 2, 0, 0, 2, 1, 0, 1, 2, 1, 2, 1, 1, 1, 1, 1, 1, 2, 1, 1, 2, 0, 0, 0, 0, 2, 1, 2, 0, 1, 0, 0, 0, 0, 0, 2, 0, 1, 0, 0, 1, 0, 1, 2, 2]|[4, 3, 2, 2, 0, 0, 1, 2, 1, 4, 1, 0, 2, 4, 4, 1, 1, 4, 2, 1, 1, 0, 1, 2, 1, 1, 1, 1, 1, 3, 2, 3, 0, 4, 0, 1, 1, 0, 3, 2, 2, 4, 0, 1, 1, 0, 2, 0, 1, 2, 2, 1, 4, 0, 3, 2, 1, 1, 2, 1, 3, 1, 1, 1, 3, 0, 4, 3, 1, 4, 1, 2, 1, 4, 4, 1, 2, 1, 1, 1, 1, 3, 1, 1, 1, 1, 1, 1, 2, 2, 0, 2, 4, 1, 2, 1, 2, 3, 1, 1]|[2, 2, 1, 1, 3, 3, 0, 1, 0, 0, 0, 1, 1, 0, 1, 0, 0, 3, 1, 0, 0, 0, 3, 1, 0, 0, 0, 0, 1, 0, 0, 0, 0, 3, 0, 1, 0, 0, 2, 1, 1, 2, 0, 0, 0, 0, 1, 1, 0, 0, 0, 1, 3, 0, 0, 1, 0, 0, 1, 0, 2, 0, 1, 0, 2, 1, 0, 0, 1, 1, 3, 2, 0, 0, 3, 0, 1, 0, 0, 0, 0, 0, 0, 0, 1, 0, 0, 0, 1, 1, 1, 0, 3, 1, 0, 1, 0, 2, 0, 0],701.9269445084548,58814.16448267554,96724.70889609086,false
61,G4_BALANCED,G3_TWC,[31, 22, 42, 15, 26, 58, 95, 82, 77, 12, 47, 5, 93, 78, 98, 54, 85, 63, 18, 44, 20, 35, 43, 97, 91, 76, 10, 30, 21, 45, 71, 64, 1, 23, 17, 83, 24, 61, 60, 49, 6, 57, 94, 88, 65, 56, 79, 40, 67, 68, 46, 75, 0, 9, 19, 32, 81, 41, 27, 62, 87, 90, 99, 59, 53, 16, 72, 73, 70, 39, 37, 84, 3, 92, 25, 74, 28, 38, 51, 7, 11, 14, 86, 48, 89, 50, 8, 96, 33, 80, 66, 4, 34, 36, 55, 52, 2, 29, 69, 13]|[1, 1, 0, 1, 1, 1, 2, 1, 2, 1, 2, 2, 2, 1, 1, 0, 0, 1, 0, 2, 2, 0, 1, 2, 0, 1, 2, 2, 0, 0, 1, 2, 1, 0, 1, 0, 2, 0, 1, 1, 0, 1, 1, 1, 0, 2, 1, 1, 0, 0, 0, 0, 1, 1, 2, 1, 2, 0, 0, 0, 2, 1, 0, 1, 0, 1, 2, 1, 1, 1, 1, 1, 2, 0, 1, 2, 0, 0, 0, 0, 2, 1, 0, 0, 1, 0, 1, 2, 2, 0, 0, 0, 2, 0, 1, 1, 0, 0, 1, 0]|[4, 3, 2, 2, 0, 0, 2, 2, 2, 4, 1, 1, 2, 4, 4, 1, 1, 4, 2, 1, 1, 1, 1, 2, 1, 2, 1, 1, 1, 1, 3, 2, 3, 0, 4, 0, 1, 1, 0, 3, 2, 2, 4, 0, 1, 1, 3, 2, 0, 1, 2, 2, 1, 4, 0, 3, 2, 1, 1, 2, 1, 3, 1, 1, 2, 3, 0, 4, 3, 1, 4, 1, 1, 2, 4, 1, 2, 1, 1, 1, 1, 3, 1, 1, 1, 1, 3, 1, 1, 1, 1, 2, 1, 1, 4, 1, 2, 2, 3, 2]|[0, 2, 1, 1, 3, 3, 0, 1, 0, 0, 0, 0, 1, 0, 1, 0, 0, 3, 1, 0, 0, 0, 3, 1, 0, 2, 0, 0, 0, 1, 0, 0, 0, 0, 3, 0, 1, 0, 0, 2, 1, 1, 2, 0, 0, 0, 0, 1, 1, 0, 0, 0, 1, 3, 0, 0, 1, 0, 0, 1, 0, 2, 0, 1, 1, 2, 1, 0, 0, 1, 1, 3, 0, 1, 3, 0, 1, 0, 0, 0, 0, 0, 0, 0, 1, 0, 2, 0, 0, 0, 0, 1, 0, 1, 3, 1, 0, 0, 0, 0],804.7666289902304,57450.68836480863,87136.62001925531,true
61,G2_TEC,G2_TEC,[20, 94, 66, 15, 26, 9, 95, 42, 77, 68, 47, 5, 3, 14, 86, 54, 85, 63, 18, 44, 31, 49, 36, 78, 74, 50, 53, 17, 21, 28, 11, 64, 93, 23, 30, 83, 24, 41, 40, 52, 65, 27, 90, 70, 39, 87, 48, 69, 99, 4, 46, 1, 13, 56, 97, 59, 45, 8, 73, 37, 35, 79, 71, 82, 76, 32, 60, 80, 58, 6, 67, 61, 33, 7, 57, 34, 12, 16, 10, 22, 96, 88, 43, 81, 91, 2, 84, 29, 92, 19, 51, 89, 38, 25, 72, 75, 98, 62, 55, 0]|[2, 1, 2, 1, 1, 2, 1, 1, 1, 1, 1, 0, 2, 2, 1, 2, 0, 0, 0, 2, 2, 1, 0, 2, 0, 2, 2, 1, 0, 1, 1, 1, 0, 0, 1, 0, 2, 1, 2, 2, 0, 0, 1, 1, 0, 2, 0, 2, 1, 0, 0, 2, 0, 2, 2, 0, 1, 1, 0, 0, 2, 1, 1, 2, 2, 0, 2, 2, 2, 1, 2, 1, 1, 2, 0, 1, 1, 2, 1, 2, 0, 1, 1, 1, 1, 0, 0, 1, 0, 1, 1, 1, 0, 1, 1, 0, 2, 1, 0, 0]|[1, 3, 1, 3, 4, 1, 4, 4, 4, 4, 3, 2, 1, 0, 2, 1, 1, 1, 2, 1, 1, 3, 0, 1, 0, 1, 1, 4, 1, 4, 3, 2, 2, 0, 4, 1, 1, 4, 1, 1, 2, 1, 4, 4, 1, 1, 0, 1, 3, 2, 2, 1, 2, 1, 1, 2, 4, 3, 0, 2, 1, 3, 3, 1, 1, 2, 1, 1, 1, 4, 1, 3, 4, 1, 2, 4, 3, 1, 3, 1, 2, 4, 4, 4, 3, 2, 2, 3, 2, 4, 3, 4, 2, 4, 4, 2, 1, 3, 2, 2]|[0, 2, 0, 0, 3, 0, 1, 3, 1, 0, 2, 0, 1, 0, 1, 0, 0, 0, 1, 0, 0, 2, 0, 0, 1, 0, 0, 3, 0, 1, 0, 2, 0, 0, 3, 0, 1, 1, 0, 0, 0, 0, 1, 3, 0, 0, 1, 0, 2, 0, 0, 0, 0, 0, 1, 0, 1, 0, 1, 1, 0, 2, 0, 0, 0, 0, 0, 0, 0, 2, 0, 0, 1, 0, 0, 1, 0, 0, 3, 0, 0, 1, 2, 2, 0, 0, 0, 3, 0, 1, 0, 1, 0, 3, 1, 0, 0, 0, 0, 0],910.6016522559228,48196.44872629531,105119.71286620182,false
61,G3_TWC,G3_TWC,[31, 22, 42, 15, 26, 58, 95, 82, 77, 12, 47, 5, 93, 78, 98, 54, 85, 63, 46, 44, 20, 35, 43, 97, 91, 76, 10, 30, 21, 45, 71, 64, 1, 23, 17, 83, 24, 61, 60, 49, 6, 57, 94, 88, 65, 56, 79, 40, 89, 68, 18, 75, 0, 9, 19, 32, 81, 41, 27, 62, 87, 90, 99, 59, 53, 16, 72, 73, 70, 39, 37, 84, 3, 92, 25, 74, 28, 38, 51, 7, 11, 14, 86, 48, 67, 66, 50, 96, 33, 80, 8, 4, 29, 55, 36, 52, 13, 2, 69, 34]|[1, 1, 0, 1, 1, 1, 2, 1, 2, 1, 2, 2, 2, 1, 1, 0, 0, 1, 0, 2, 2, 0, 1, 2, 0, 1, 2, 2, 0, 0, 1, 2, 1, 0, 1, 0, 2, 0, 1, 1, 0, 1, 1, 1, 0, 2, 1, 1, 1, 0, 0, 0, 1, 1, 2, 1, 2, 0, 0, 0, 2, 1, 0, 1, 0, 1, 2, 1, 1, 1, 1, 1, 2, 0, 1, 2, 0, 0, 0, 1, 0, 1, 0, 0, 1, 0, 0, 0, 2, 0, 1, 0, 0, 1, 0, 1, 0, 0, 1, 2]|[4, 3, 2, 2, 0, 0, 2, 2, 2, 4, 1, 1, 2, 4, 4, 1, 1, 4, 2, 1, 1, 1, 1, 2, 1, 2, 1, 1, 1, 1, 3, 2, 3, 0, 4, 0, 1, 1, 0, 3, 2, 2, 4, 0, 1, 1, 3, 2, 1, 1, 2, 2, 1, 4, 0, 3, 2, 1, 1, 2, 1, 3, 1, 1, 2, 3, 0, 4, 3, 1, 4, 1, 1, 2, 4, 1, 2, 1, 1, 3, 2, 3, 1, 1, 1, 1, 1, 1, 1, 1, 3, 2, 2, 4, 1, 1, 2, 2, 3, 1]|[0, 2, 1, 1, 3, 3, 0, 1, 0, 0, 0, 0, 1, 0, 1, 0, 0, 3, 1, 0, 0, 0, 3, 1, 0, 2, 0, 0, 0, 1, 0, 0, 0, 0, 3, 0, 1, 0, 0, 2, 1, 1, 2, 0, 0, 0, 0, 1, 1, 0, 0, 0, 1, 3, 0, 0, 1, 0, 0, 1, 0, 2, 0, 1, 1, 2, 1, 0, 0, 1, 1, 3, 0, 1, 3, 0, 1, 0, 0, 2, 1, 0, 0, 0, 1, 0, 0, 0, 0, 0, 2, 1, 0, 3, 1, 1, 0, 0, 0, 0],833.4359641689811,57767.6273409838,86364.29346224964,false
61,G1_CMAX,G1_CMAX,[31, 22, 42, 15, 26, 58, 95, 82, 77, 12, 47, 5, 93, 78, 98, 85, 54, 63, 18, 44, 20, 35, 43, 97, 91, 10, 30, 21, 61, 71, 64, 1, 23, 17, 83, 24, 50, 60, 36, 6, 57, 94, 88, 65, 56, 79, 40, 67, 68, 46, 75, 38, 9, 19, 32, 81, 41, 27, 62, 87, 90, 99, 59, 11, 16, 72, 73, 70, 39, 37, 84, 76, 3, 92, 25, 74, 28, 7, 51, 29, 33, 14, 86, 66, 89, 45, 80, 96, 53, 4, 48, 2, 55, 49, 0, 52, 13, 8, 69, 34]|[1, 1, 1, 1, 1, 1, 2, 1, 2, 1, 2, 0, 2, 1, 1, 0, 0, 1, 0, 2, 2, 2, 1, 2, 0, 2, 2, 0, 0, 1, 2, 1, 2, 1, 0, 2, 0, 1, 1, 0, 1, 1, 1, 0, 2, 1, 1, 0, 0, 0, 0, 1, 1, 2, 1, 2, 2, 0, 0, 2, 1, 0, 1, 2, 1, 2, 1, 1, 1, 1, 1, 1, 2, 1, 1, 2, 0, 0, 0, 0, 2, 1, 2, 0, 1, 0, 0, 0, 0, 0, 2, 0, 1, 0, 0, 1, 0, 1, 2, 2]|[4, 3, 2, 2, 0, 0, 1, 2, 1, 4, 1, 0, 2, 4, 4, 1, 1, 4, 2, 1, 1, 0, 1, 2, 1, 1, 1, 1, 1, 3, 2, 3, 0, 4, 0, 1, 1, 0, 3, 2, 2, 4, 0, 1, 1, 0, 2, 0, 1, 2, 2, 1, 4, 0, 3, 2, 1, 1, 2, 1, 3, 1, 1, 1, 3, 0, 4, 3, 1, 4, 1, 2, 1, 4, 4, 1, 2, 1, 1, 1, 1, 3, 1, 1, 1, 1, 1, 1, 2, 2, 0, 2, 4, 1, 2, 1, 2, 3, 1, 1]|[2, 2, 1, 1, 3, 3, 0, 1, 0, 0, 0, 1, 1, 0, 1, 0, 0, 3, 1, 0, 0, 0, 3, 1, 0, 0, 0, 0, 1, 0, 0, 0, 0, 3, 0, 1, 0, 0, 2, 1, 1, 2, 0, 0, 0, 0, 1, 1, 0, 0, 0, 1, 3, 0, 0, 1, 0, 0, 1, 0, 2, 0, 1, 0, 2, 1, 0, 0, 1, 1, 3, 2, 0, 0, 3, 0, 1, 0, 0, 0, 0, 0, 0, 0, 1, 0, 0, 0, 1, 1, 1, 0, 3, 1, 0, 1, 0, 2, 0, 0],701.9269445084548,58814.16448267554,96724.70889609086,false
61,G4_BALANCED,G1_CMAX,[31, 11, 82, 15, 26, 58, 95, 42, 77, 12, 47, 5, 93, 78, 86, 54, 85, 63, 18, 44, 20, 35, 43, 97, 91, 76, 10, 30, 21, 45, 71, 64, 1, 23, 17, 83, 24, 14, 60, 36, 6, 57, 40, 88, 65, 56, 79, 94, 67, 68, 46, 75, 38, 9, 19, 32, 22, 81, 27, 87, 90, 99, 59, 62, 41, 16, 73, 70, 39, 37, 84, 3, 72, 92, 25, 34, 29, 55, 51, 7, 33, 61, 96, 48, 89, 50, 8, 98, 53, 80, 4, 66, 28, 49, 52, 0, 13, 2, 69, 74]|[1, 1, 0, 1, 1, 0, 1, 2, 2, 1, 2, 2, 2, 1, 1, 0, 0, 1, 0, 2, 2, 0, 1, 2, 0, 1, 2, 2, 0, 0, 1, 2, 1, 2, 1, 0, 2, 0, 1, 1, 0, 1, 1, 1, 0, 2, 1, 1, 0, 0, 0, 0, 1, 1, 2, 1, 0, 2, 0, 2, 1, 0, 1, 2, 2, 1, 1, 1, 1, 1, 1, 1, 2, 0, 1, 2, 0, 1, 0, 1, 2, 1, 2, 0, 1, 0, 1, 2, 0, 0, 1, 2, 0, 0, 1, 0, 0, 0, 1, 2]|[4, 3, 2, 2, 4, 1, 2, 2, 2, 4, 1, 1, 2, 4, 4, 1, 2, 4, 2, 1, 1, 1, 1, 2, 1, 2, 1, 1, 2, 1, 3, 2, 3, 1, 4, 0, 1, 1, 1, 3, 2, 2, 2, 0, 1, 1, 0, 4, 0, 1, 2, 2, 1, 4, 0, 3, 1, 2, 1, 1, 3, 1, 1, 1, 1, 3, 4, 3, 1, 4, 1, 1, 1, 0, 4, 1, 1, 4, 1, 1, 1, 3, 1, 1, 1, 1, 3, 1, 2, 1, 4, 1, 2, 1, 1, 2, 2, 2, 4, 1]|[0, 2, 1, 1, 3, 0, 1, 0, 0, 0, 0, 0, 1, 0, 1, 0, 0, 3, 1, 0, 0, 0, 3, 1, 0, 2, 0, 0, 0, 1, 0, 0, 0, 0, 3, 0, 1, 0, 0, 2, 1, 1, 1, 0, 0, 0, 0, 2, 1, 0, 0, 0, 1, 3, 0, 0, 0, 1, 0, 0, 2, 0, 1, 0, 0, 2, 0, 0, 1, 1, 3, 1, 0, 1, 3, 0, 0, 3, 0, 2, 0, 0, 0, 0, 1, 0, 2, 0, 1, 0, 0, 0, 1, 1, 1, 0, 0, 0, 2, 0],781.468167390965,55385.91204651697,96181.17954732271,true
61,G2_TEC,G2_TEC,[20, 94, 66, 15, 26, 9, 95, 42, 77, 68, 47, 5, 3, 14, 86, 54, 85, 63, 18, 44, 31, 49, 36, 78, 74, 50, 53, 17, 21, 28, 11, 64, 93, 23, 30, 83, 24, 41, 40, 52, 65, 27, 90, 70, 39, 87, 48, 69, 99, 4, 46, 1, 13, 56, 97, 59, 45, 8, 73, 37, 35, 79, 71, 82, 76, 32, 60, 80, 58, 6, 67, 61, 33, 7, 57, 34, 12, 16, 10, 22, 96, 88, 43, 81, 91, 2, 84, 29, 92, 19, 51, 89, 38, 25, 72, 75, 98, 62, 55, 0]|[2, 1, 2, 1, 1, 2, 1, 1, 1, 1, 1, 0, 2, 2, 1, 2, 0, 0, 0, 2, 2, 1, 0, 2, 0, 2, 2, 1, 0, 1, 1, 1, 0, 0, 1, 0, 2, 1, 2, 2, 0, 0, 1, 1, 0, 2, 0, 2, 1, 0, 0, 2, 0, 2, 2, 0, 1, 1, 0, 0, 2, 1, 1, 2, 2, 0, 2, 2, 2, 1, 2, 1, 1, 2, 0, 1, 1, 2, 1, 2, 0, 1, 1, 1, 1, 0, 0, 1, 0, 1, 1, 1, 0, 1, 1, 0, 2, 1, 0, 0]|[1, 3, 1, 3, 4, 1, 4, 4, 4, 4, 3, 2, 1, 0, 2, 1, 1, 1, 2, 1, 1, 3, 0, 1, 0, 1, 1, 4, 1, 4, 3, 2, 2, 0, 4, 1, 1, 4, 1, 1, 2, 1, 4, 4, 1, 1, 0, 1, 3, 2, 2, 1, 2, 1, 1, 2, 4, 3, 0, 2, 1, 3, 3, 1, 1, 2, 1, 1, 1, 4, 1, 3, 4, 1, 2, 4, 3, 1, 3, 1, 2, 4, 4, 4, 3, 2, 2, 3, 2, 4, 3, 4, 2, 4, 4, 2, 1, 3, 2, 2]|[0, 2, 0, 0, 3, 0, 1, 3, 1, 0, 2, 0, 1, 0, 1, 0, 0, 0, 1, 0, 0, 2, 0, 0, 1, 0, 0, 3, 0, 1, 0, 2, 0, 0, 3, 0, 1, 1, 0, 0, 0, 0, 1, 3, 0, 0, 1, 0, 2, 0, 0, 0, 0, 0, 1, 0, 1, 0, 1, 1, 0, 2, 0, 0, 0, 0, 0, 0, 0, 2, 0, 0, 1, 0, 0, 1, 0, 0, 3, 0, 0, 1, 2, 2, 0, 0, 0, 3, 0, 1, 0, 1, 0, 3, 1, 0, 0, 0, 0, 0],910.6016522559228,48196.44872629531,105119.71286620182,false
61,G3_TWC,G3_TWC,[31, 22, 42, 15, 26, 58, 95, 82, 77, 12, 47, 5, 93, 78, 98, 54, 85, 63, 46, 44, 20, 35, 43, 97, 91, 76, 10, 30, 21, 45, 71, 64, 1, 23, 17, 83, 24, 61, 60, 49, 6, 57, 94, 88, 65, 56, 79, 40, 89, 68, 18, 75, 0, 9, 19, 32, 81, 41, 27, 62, 87, 90, 99, 59, 53, 16, 72, 73, 70, 39, 37, 84, 3, 92, 25, 74, 28, 38, 51, 7, 11, 14, 86, 48, 67, 66, 50, 96, 33, 80, 8, 4, 29, 55, 36, 52, 13, 2, 69, 34]|[1, 1, 0, 1, 1, 1, 2, 1, 2, 1, 2, 2, 2, 1, 1, 0, 0, 1, 0, 2, 2, 0, 1, 2, 0, 1, 2, 2, 0, 0, 1, 2, 1, 0, 1, 0, 2, 0, 1, 1, 0, 1, 1, 1, 0, 2, 1, 1, 1, 0, 0, 0, 1, 1, 2, 1, 2, 0, 0, 0, 2, 1, 0, 1, 0, 1, 2, 1, 1, 1, 1, 1, 2, 0, 1, 2, 0, 0, 0, 1, 0, 1, 0, 0, 1, 0, 0, 0, 2, 0, 1, 0, 0, 1, 0, 1, 0, 0, 1, 2]|[4, 3, 2, 2, 0, 0, 2, 2, 2, 4, 1, 1, 2, 4, 4, 1, 1, 4, 2, 1, 1, 1, 1, 2, 1, 2, 1, 1, 1, 1, 3, 2, 3, 0, 4, 0, 1, 1, 0, 3, 2, 2, 4, 0, 1, 1, 3, 2, 1, 1, 2, 2, 1, 4, 0, 3, 2, 1, 1, 2, 1, 3, 1, 1, 2, 3, 0, 4, 3, 1, 4, 1, 1, 2, 4, 1, 2, 1, 1, 3, 2, 3, 1, 1, 1, 1, 1, 1, 1, 1, 3, 2, 2, 4, 1, 1, 2, 2, 3, 1]|[0, 2, 1, 1, 3, 3, 0, 1, 0, 0, 0, 0, 1, 0, 1, 0, 0, 3, 1, 0, 0, 0, 3, 1, 0, 2, 0, 0, 0, 1, 0, 0, 0, 0, 3, 0, 1, 0, 0, 2, 1, 1, 2, 0, 0, 0, 0, 1, 1, 0, 0, 0, 1, 3, 0, 0, 1, 0, 0, 1, 0, 2, 0, 1, 1, 2, 1, 0, 0, 1, 1, 3, 0, 1, 3, 0, 1, 0, 0, 2, 1, 0, 0, 0, 1, 0, 0, 0, 0, 0, 2, 1, 0, 3, 1, 1, 0, 0, 0, 0],833.4359641689811,57767.6273409838,86364.29346224964,false
61,G1_CMAX,G1_CMAX,[31, 22, 42, 15, 26, 58, 95, 82, 77, 12, 47, 5, 93, 78, 98, 85, 54, 63, 18, 44, 20, 35, 43, 97, 91, 10, 30, 21, 61, 71, 64, 1, 23, 17, 83, 24, 50, 60, 36, 6, 57, 94, 88, 65, 56, 79, 40, 67, 68, 46, 75, 38, 9, 19, 32, 81, 41, 27, 62, 87, 90, 99, 59, 11, 16, 72, 73, 70, 39, 37, 84, 76, 3, 92, 25, 74, 28, 7, 51, 29, 33, 14, 86, 66, 89, 45, 80, 96, 53, 4, 48, 2, 55, 49, 0, 52, 13, 8, 69, 34]|[1, 1, 1, 1, 1, 1, 2, 1, 2, 1, 2, 0, 2, 1, 1, 0, 0, 1, 0, 2, 2, 2, 1, 2, 0, 2, 2, 0, 0, 1, 2, 1, 2, 1, 0, 2, 0, 1, 1, 0, 1, 1, 1, 0, 2, 1, 1, 0, 0, 0, 0, 1, 1, 2, 1, 2, 2, 0, 0, 2, 1, 0, 1, 2, 1, 2, 1, 1, 1, 1, 1, 1, 2, 1, 1, 2, 0, 0, 0, 0, 2, 1, 2, 0, 1, 0, 0, 0, 0, 0, 2, 0, 1, 0, 0, 1, 0, 1, 2, 2]|[4, 3, 2, 2, 0, 0, 1, 2, 1, 4, 1, 0, 2, 4, 4, 1, 1, 4, 2, 1, 1, 0, 1, 2, 1, 1, 1, 1, 1, 3, 2, 3, 0, 4, 0, 1, 1, 0, 3, 2, 2, 4, 0, 1, 1, 0, 2, 0, 1, 2, 2, 1, 4, 0, 3, 2, 1, 1, 2, 1, 3, 1, 1, 1, 3, 0, 4, 3, 1, 4, 1, 2, 1, 4, 4, 1, 2, 1, 1, 1, 1, 3, 1, 1, 1, 1, 1, 1, 2, 2, 0, 2, 4, 1, 2, 1, 2, 3, 1, 1]|[2, 2, 1, 1, 3, 3, 0, 1, 0, 0, 0, 1, 1, 0, 1, 0, 0, 3, 1, 0, 0, 0, 3, 1, 0, 0, 0, 0, 1, 0, 0, 0, 0, 3, 0, 1, 0, 0, 2, 1, 1, 2, 0, 0, 0, 0, 1, 1, 0, 0, 0, 1, 3, 0, 0, 1, 0, 0, 1, 0, 2, 0, 1, 0, 2, 1, 0, 0, 1, 1, 3, 2, 0, 0, 3, 0, 1, 0, 0, 0, 0, 0, 0, 0, 1, 0, 0, 0, 1, 1, 1, 0, 3, 1, 0, 1, 0, 2, 0, 0],701.9269445084548,58814.16448267554,96724.70889609086,false
61,G4_BALANCED,G4_BALANCED,[31, 22, 42, 15, 26, 58, 95, 82, 77, 12, 47, 5, 93, 78, 98, 54, 85, 63, 18, 44, 20, 35, 43, 97, 91, 76, 10, 30, 21, 45, 71, 64, 1, 23, 17, 83, 24, 61, 60, 49, 6, 57, 94, 88, 65, 56, 79, 40, 67, 68, 46, 75, 38, 9, 19, 32, 81, 41, 27, 62, 87, 90, 99, 59, 53, 16, 72, 73, 70, 39, 37, 84, 3, 92, 25, 74, 28, 29, 51, 7, 11, 14, 86, 48, 89, 50, 66, 96, 33, 80, 4, 8, 34, 55, 0, 52, 13, 2, 69, 36]|[1, 1, 0, 1, 1, 1, 2, 1, 2, 1, 2, 2, 2, 1, 1, 0, 0, 1, 0, 2, 2, 0, 1, 2, 0, 1, 2, 2, 0, 0, 1, 2, 1, 0, 1, 0, 2, 0, 1, 1, 0, 1, 1, 1, 0, 2, 1, 1, 0, 0, 0, 0, 1, 1, 2, 1, 2, 0, 0, 0, 2, 1, 0, 1, 0, 1, 2, 1, 1, 1, 1, 1, 2, 0, 1, 2, 0, 1, 0, 1, 2, 1, 0, 0, 1, 0, 0, 2, 2, 0, 0, 1, 2, 1, 1, 1, 0, 0, 1, 0]|[4, 3, 2, 2, 0, 0, 2, 2, 2, 4, 1, 1, 2, 4, 4, 1, 1, 4, 2, 1, 1, 1, 1, 2, 1, 2, 1, 1, 1, 1, 3, 2, 3, 0, 4, 0, 1, 1, 0, 3, 2, 2, 4, 0, 1, 1, 3, 2, 0, 1, 2, 2, 1, 4, 0, 3, 2, 1, 1, 2, 1, 3, 1, 1, 2, 3, 0, 4, 3, 1, 4, 1, 1, 2, 4, 1, 2, 1, 1, 3, 1, 3, 1, 1, 1, 1, 1, 1, 1, 1, 2, 3, 1, 4, 1, 1, 2, 2, 3, 1]|[0, 2, 1, 1, 3, 3, 0, 1, 0, 0, 0, 0, 1, 0, 1, 0, 0, 3, 1, 0, 0, 0, 3, 1, 0, 2, 0, 0, 0, 1, 0, 0, 0, 0, 3, 0, 1, 0, 0, 2, 1, 1, 2, 0, 0, 0, 0, 1, 1, 0, 0, 0, 1, 3, 0, 0, 1, 0, 0, 1, 0, 2, 0, 1, 1, 2, 1, 0, 0, 1, 1, 3, 0, 1, 3, 0, 1, 1, 0, 2, 0, 0, 0, 0, 1, 0, 0, 0, 0, 0, 1, 2, 0, 3, 1, 1, 0, 0, 0, 1],749.3477884926849,57916.2015698025,88561.42061844865,false
61,G2_TEC,G2_TEC,[20, 94, 66, 15, 26, 9, 95, 42, 77, 68, 47, 5, 3, 14, 86, 54, 85, 63, 18, 44, 31, 49, 36, 78, 74, 50, 53, 17, 21, 28, 11, 64, 93, 23, 30, 83, 24, 41, 40, 52, 65, 27, 90, 70, 39, 87, 48, 69, 99, 4, 46, 1, 13, 56, 97, 59, 45, 8, 73, 37, 35, 79, 71, 82, 76, 32, 60, 80, 58, 6, 67, 61, 33, 7, 57, 34, 12, 16, 10, 22, 96, 88, 43, 81, 91, 2, 84, 29, 92, 19, 51, 89, 38, 25, 72, 75, 98, 62, 55, 0]|[2, 1, 2, 1, 1, 2, 1, 1, 1, 1, 1, 0, 2, 2, 1, 2, 0, 0, 0, 2, 2, 1, 0, 2, 0, 2, 2, 1, 0, 1, 1, 1, 0, 0, 1, 0, 2, 1, 2, 2, 0, 0, 1, 1, 0, 2, 0, 2, 1, 0, 0, 2, 0, 2, 2, 0, 1, 1, 0, 0, 2, 1, 1, 2, 2, 0, 2, 2, 2, 1, 2, 1, 1, 2, 0, 1, 1, 2, 1, 2, 0, 1, 1, 1, 1, 0, 0, 1, 0, 1, 1, 1, 0, 1, 1, 0, 2, 1, 0, 0]|[1, 3, 1, 3, 4, 1, 4, 4, 4, 4, 3, 2, 1, 0, 2, 1, 1, 1, 2, 1, 1, 3, 0, 1, 0, 1, 1, 4, 1, 4, 3, 2, 2, 0, 4, 1, 1, 4, 1, 1, 2, 1, 4, 4, 1, 1, 0, 1, 3, 2, 2, 1, 2, 1, 1, 2, 4, 3, 0, 2, 1, 3, 3, 1, 1, 2, 1, 1, 1, 4, 1, 3, 4, 1, 2, 4, 3, 1, 3, 1, 2, 4, 4, 4, 3, 2, 2, 3, 2, 4, 3, 4, 2, 4, 4, 2, 1, 3, 2, 2]|[0, 2, 0, 0, 3, 0, 1, 3, 1, 0, 2, 0, 1, 0, 1, 0, 0, 0, 1, 0, 0, 2, 0, 0, 1, 0, 0, 3, 0, 1, 0, 2, 0, 0, 3, 0, 1, 1, 0, 0, 0, 0, 1, 3, 0, 0, 1, 0, 2, 0, 0, 0, 0, 0, 1, 0, 1, 0, 1, 1, 0, 2, 0, 0, 0, 0, 0, 0, 0, 2, 0, 0, 1, 0, 0, 1, 0, 0, 3, 0, 0, 1, 2, 2, 0, 0, 0, 3, 0, 1, 0, 1, 0, 3, 1, 0, 0, 0, 0, 0],910.6016522559228,48196.44872629531,105119.71286620182,false
61,G3_TWC,G3_TWC,[31, 22, 42, 15, 26, 58, 95, 82, 77, 12, 47, 5, 93, 78, 98, 54, 85, 63, 46, 44, 20, 35, 43, 97, 91, 76, 10, 30, 21, 45, 71, 64, 1, 23, 17, 83, 24, 61, 60, 49, 6, 57, 94, 88, 65, 56, 79, 40, 89, 68, 18, 75, 0, 9, 19, 32, 81, 41, 27, 62, 87, 90, 99, 59, 53, 16, 72, 73, 70, 39, 37, 84, 3, 92, 25, 74, 28, 38, 51, 7, 11, 14, 86, 48, 67, 66, 50, 96, 33, 80, 8, 4, 29, 55, 36, 52, 13, 2, 69, 34]|[1, 1, 0, 1, 1, 1, 2, 1, 2, 1, 2, 2, 2, 1, 1, 0, 0, 1, 0, 2, 2, 0, 1, 2, 0, 1, 2, 2, 0, 0, 1, 2, 1, 0, 1, 0, 2, 0, 1, 1, 0, 1, 1, 1, 0, 2, 1, 1, 1, 0, 0, 0, 1, 1, 2, 1, 2, 0, 0, 0, 2, 1, 0, 1, 0, 1, 2, 1, 1, 1, 1, 1, 2, 0, 1, 2, 0, 0, 0, 1, 0, 1, 0, 0, 1, 0, 0, 0, 2, 0, 1, 0, 0, 1, 0, 1, 0, 0, 1, 2]|[4, 3, 2, 2, 0, 0, 2, 2, 2, 4, 1, 1, 2, 4, 4, 1, 1, 4, 2, 1, 1, 1, 1, 2, 1, 2, 1, 1, 1, 1, 3, 2, 3, 0, 4, 0, 1, 1, 0, 3, 2, 2, 4, 0, 1, 1, 3, 2, 1, 1, 2, 2, 1, 4, 0, 3, 2, 1, 1, 2, 1, 3, 1, 1, 2, 3, 0, 4, 3, 1, 4, 1, 1, 2, 4, 1, 2, 1, 1, 3, 2, 3, 1, 1, 1, 1, 1, 1, 1, 1, 3, 2, 2, 4, 1, 1, 2, 2, 3, 1]|[0, 2, 1, 1, 3, 3, 0, 1, 0, 0, 0, 0, 1, 0, 1, 0, 0, 3, 1, 0, 0, 0, 3, 1, 0, 2, 0, 0, 0, 1, 0, 0, 0, 0, 3, 0, 1, 0, 0, 2, 1, 1, 2, 0, 0, 0, 0, 1, 1, 0, 0, 0, 1, 3, 0, 0, 1, 0, 0, 1, 0, 2, 0, 1, 1, 2, 1, 0, 0, 1, 1, 3, 0, 1, 3, 0, 1, 0, 0, 2, 1, 0, 0, 0, 1, 0, 0, 0, 0, 0, 2, 1, 0, 3, 1, 1, 0, 0, 0, 0],833.4359641689811,57767.6273409838,86364.29346224964,false
61,G1_CMAX,G1_CMAX,[31, 22, 42, 15, 26, 58, 95, 82, 77, 12, 47, 5, 93, 78, 98, 54, 85, 63, 18, 44, 20, 35, 43, 97, 91, 76, 10, 30, 21, 45, 71, 64, 1, 23, 17, 83, 24, 61, 60, 36, 6, 57, 94, 88, 65, 56, 79, 40, 67, 68, 46, 75, 38, 9, 19, 32, 81, 41, 27, 62, 87, 90, 99, 59, 53, 16, 72, 73, 70, 39, 37, 84, 3, 92, 25, 55, 28, 29, 51, 7, 33, 14, 86, 48, 89, 50, 4, 96, 11, 80, 8, 2, 0, 49, 74, 52, 13, 66, 69, 34]|[1, 1, 0, 1, 1, 1, 2, 1, 2, 1, 2, 2, 2, 1, 1, 0, 0, 1, 0, 2, 2, 0, 1, 2, 0, 1, 2, 2, 0, 0, 1, 2, 1, 2, 1, 0, 2, 1, 1, 1, 0, 1, 1, 1, 0, 2, 1, 1, 0, 0, 0, 0, 1, 1, 2, 1, 2, 2, 0, 0, 2, 1, 0, 1, 2, 1, 2, 1, 1, 1, 1, 1, 2, 0, 1, 1, 0, 0, 0, 1, 2, 1, 0, 0, 1, 0, 1, 2, 0, 0, 1, 0, 0, 0, 2, 1, 0, 2, 1, 2]|[4, 3, 2, 2, 0, 0, 2, 2, 2, 4, 1, 1, 2, 4, 4, 1, 1, 4, 2, 1, 1, 1, 1, 2, 1, 2, 1, 1, 1, 1, 3, 2, 3, 1, 4, 0, 1, 3, 0, 3, 2, 2, 4, 0, 1, 1, 0, 2, 0, 1, 2, 2, 1, 4, 0, 3, 2, 1, 1, 2, 1, 3, 1, 1, 1, 3, 0, 4, 3, 1, 4, 1, 1, 2, 4, 4, 2, 1, 1, 3, 1, 3, 1, 1, 1, 1, 4, 1, 2, 1, 3, 2, 2, 1, 1, 1, 2, 1, 4, 1]|[0, 2, 1, 1, 3, 3, 0, 1, 0, 0, 0, 0, 1, 0, 1, 0, 0, 3, 1, 0, 0, 0, 3, 1, 0, 2, 0, 0, 0, 1, 0, 0, 0, 0, 3, 0, 1, 0, 0, 2, 1, 1, 2, 0, 0, 0, 0, 1, 1, 0, 0, 0, 1, 3, 0, 0, 1, 0, 0, 1, 0, 2, 0, 1, 0, 2, 1, 0, 0, 1, 1, 3, 0, 1, 3, 3, 1, 0, 0, 2, 0, 0, 0, 0, 1, 0, 0, 0, 1, 0, 2, 0, 0, 1, 0, 1, 0, 0, 2, 0],730.5756340398165,56776.75809121033,92370.82500878497,false
61,G4_BALANCED,G1_CMAX,[31, 22, 42, 15, 26, 58, 95, 82, 77, 12, 47, 5, 93, 78, 98, 54, 85, 63, 18, 44, 20, 35, 43, 97, 91, 76, 10, 30, 21, 45, 71, 64, 1, 23, 17, 83, 24, 61, 60, 36, 6, 57, 94, 88, 65, 56, 79, 40, 67, 68, 46, 75, 38, 9, 19, 32, 81, 41, 27, 62, 87, 90, 99, 59, 11, 16, 72, 73, 70, 39, 37, 84, 3, 92, 25, 74, 28, 29, 51, 7, 33, 14, 86, 48, 89, 50, 66, 96, 53, 80, 8, 4, 55, 49, 0, 52, 13, 2, 69, 34]|[1, 1, 0, 1, 1, 1, 2, 1, 2, 1, 2, 2, 2, 1, 1, 0, 0, 1, 0, 2, 2, 0, 1, 2, 0, 1, 2, 2, 0, 0, 1, 2, 1, 2, 1, 0, 2, 0, 1, 1, 0, 1, 1, 1, 0, 2, 1, 1, 0, 0, 0, 0, 1, 1, 2, 1, 2, 0, 0, 0, 2, 1, 0, 1, 2, 1, 2, 1, 1, 1, 1, 1, 2, 0, 1, 2, 0, 0, 0, 1, 2, 1, 0, 0, 1, 0, 2, 2, 0, 0, 1, 1, 2, 0, 0, 1, 0, 0, 1, 2]|[4, 3, 2, 2, 0, 0, 2, 2, 2, 4, 1, 1, 2, 4, 4, 1, 1, 4, 2, 1, 1, 1, 1, 2, 1, 2, 1, 1, 1, 1, 3, 2, 3, 0, 4, 0, 1, 1, 0, 3, 2, 2, 4, 0, 1, 1, 3, 2, 0, 1, 2, 2, 1, 4, 0, 3, 2, 1, 1, 2, 1, 3, 1, 1, 1, 3, 0, 4, 3, 1, 4, 1, 1, 2, 4, 1, 2, 1, 1, 1, 1, 3, 1, 1, 1, 1, 1, 1, 2, 1, 3, 4, 1, 1, 2, 1, 2, 2, 4, 1]|[0, 2, 1, 1, 3, 3, 0, 1, 0, 0, 0, 0, 1, 0, 1, 0, 0, 3, 1, 0, 0, 0, 3, 1, 0, 2, 0, 0, 0, 1, 0, 0, 0, 0, 3, 0, 1, 0, 0, 2, 1, 1, 2, 0, 0, 0, 0, 1, 1, 0, 0, 0, 1, 3, 0, 0, 1, 0, 0, 1, 0, 2, 0, 1, 0, 2, 1, 0, 0, 1, 1, 3, 0, 1, 3, 0, 1, 0, 0, 2, 0, 0, 0, 0, 1, 0, 0, 0, 1, 0, 2, 0, 0, 1, 0, 1, 0, 0, 2, 0],747.3116888068486,57156.723047254345,89764.85968046579,true
61,G2_TEC,G2_TEC,[20, 94, 66, 15, 26, 9, 95, 42, 77, 68, 47, 5, 3, 14, 86, 54, 85, 63, 18, 44, 31, 49, 36, 78, 74, 50, 53, 17, 21, 28, 11, 64, 93, 23, 30, 83, 24, 41, 40, 52, 65, 27, 90, 70, 39, 87, 48, 69, 99, 4, 46, 1, 13, 56, 97, 59, 45, 8, 73, 37, 35, 79, 71, 82, 76, 32, 60, 80, 58, 6, 67, 61, 33, 7, 57, 34, 12, 16, 10, 22, 96, 88, 43, 81, 91, 2, 84, 29, 92, 19, 51, 89, 38, 25, 72, 75, 98, 62, 55, 0]|[2, 1, 2, 1, 1, 2, 1, 1, 1, 1, 1, 0, 2, 2, 1, 2, 0, 0, 0, 2, 2, 1, 0, 2, 0, 2, 2, 1, 0, 1, 1, 1, 0, 0, 1, 0, 2, 1, 2, 2, 0, 0, 1, 1, 0, 2, 0, 2, 1, 0, 0, 2, 0, 2, 2, 0, 1, 1, 0, 0, 2, 1, 1, 2, 2, 0, 2, 2, 2, 1, 2, 1, 1, 2, 0, 1, 1, 2, 1, 2, 0, 1, 1, 1, 1, 0, 0, 1, 0, 1, 1, 1, 0, 1, 1, 0, 2, 1, 0, 0]|[1, 3, 1, 3, 4, 1, 4, 4, 4, 4, 3, 2, 1, 0, 2, 1, 1, 1, 2, 1, 1, 3, 0, 1, 0, 1, 1, 4, 1, 4, 3, 2, 2, 0, 4, 1, 1, 4, 1, 1, 2, 1, 4, 4, 1, 1, 0, 1, 3, 2, 2, 1, 2, 1, 1, 2, 4, 3, 0, 2, 1, 3, 3, 1, 1, 2, 1, 1, 1, 4, 1, 3, 4, 1, 2, 4, 3, 1, 3, 1, 2, 4, 4, 4, 3, 2, 2, 3, 2, 4, 3, 4, 2, 4, 4, 2, 1, 3, 2, 2]|[0, 2, 0, 0, 3, 0, 1, 3, 1, 0, 2, 0, 1, 0, 1, 0, 0, 0, 1, 0, 0, 2, 0, 0, 1, 0, 0, 3, 0, 1, 0, 2, 0, 0, 3, 0, 1, 1, 0, 0, 0, 0, 1, 3, 0, 0, 1, 0, 2, 0, 0, 0, 0, 0, 1, 0, 1, 0, 1, 1, 0, 2, 0, 0, 0, 0, 0, 0, 0, 2, 0, 0, 1, 0, 0, 1, 0, 0, 3, 0, 0, 1, 2, 2, 0, 0, 0, 3, 0, 1, 0, 1, 0, 3, 1, 0, 0, 0, 0, 0],910.6016522559228,48196.44872629531,105119.71286620182,false
61,G3_TWC,G3_TWC,[31, 22, 42, 15, 26, 58, 95, 82, 77, 12, 47, 5, 93, 78, 98, 54, 85, 63, 46, 44, 20, 35, 43, 97, 91, 76, 10, 30, 21, 45, 71, 64, 1, 23, 17, 83, 24, 61, 60, 49, 6, 57, 94, 88, 65, 56, 79, 40, 89, 68, 18, 75, 0, 9, 19, 32, 81, 41, 27, 62, 87, 90, 99, 59, 53, 16, 72, 73, 70, 39, 37, 84, 3, 92, 25, 74, 28, 38, 51, 7, 11, 14, 86, 48, 67, 66, 50, 96, 33, 80, 8, 4, 29, 55, 36, 52, 13, 2, 69, 34]|[1, 1, 0, 1, 1, 1, 2, 1, 2, 1, 2, 2, 2, 1, 1, 0, 0, 1, 0, 2, 2, 0, 1, 2, 0, 1, 2, 2, 0, 0, 1, 2, 1, 0, 1, 0, 2, 0, 1, 1, 0, 1, 1, 1, 0, 2, 1, 1, 1, 0, 0, 0, 1, 1, 2, 1, 2, 0, 0, 0, 2, 1, 0, 1, 0, 1, 2, 1, 1, 1, 1, 1, 2, 0, 1, 2, 0, 0, 0, 1, 0, 1, 0, 0, 1, 0, 0, 0, 2, 0, 1, 0, 0, 1, 0, 1, 0, 0, 1, 2]|[4, 3, 2, 2, 0, 0, 2, 2, 2, 4, 1, 1, 2, 4, 4, 1, 1, 4, 2, 1, 1, 1, 1, 2, 1, 2, 1, 1, 1, 1, 3, 2, 3, 0, 4, 0, 1, 1, 0, 3, 2, 2, 4, 0, 1, 1, 3, 2, 1, 1, 2, 2, 1, 4, 0, 3, 2, 1, 1, 2, 1, 3, 1, 1, 2, 3, 0, 4, 3, 1, 4, 1, 1, 2, 4, 1, 2, 1, 1, 3, 2, 3, 1, 1, 1, 1, 1, 1, 1, 1, 3, 2, 2, 4, 1, 1, 2, 2, 3, 1]|[0, 2, 1, 1, 3, 3, 0, 1, 0, 0, 0, 0, 1, 0, 1, 0, 0, 3, 1, 0, 0, 0, 3, 1, 0, 2, 0, 0, 0, 1, 0, 0, 0, 0, 3, 0, 1, 0, 0, 2, 1, 1, 2, 0, 0, 0, 0, 1, 1, 0, 0, 0, 1, 3, 0, 0, 1, 0, 0, 1, 0, 2, 0, 1, 1, 2, 1, 0, 0, 1, 1, 3, 0, 1, 3, 0, 1, 0, 0, 2, 1, 0, 0, 0, 1, 0, 0, 0, 0, 0, 2, 1, 0, 3, 1, 1, 0, 0, 0, 0],833.4359641689811,57767.6273409838,86364.29346224964,false
61,G1_CMAX,G1_CMAX,[31, 22, 82, 15, 26, 99, 95, 42, 77, 12, 47, 5, 93, 78, 86, 54, 21, 63, 18, 44, 20, 23, 43, 97, 91, 76, 10, 30, 85, 45, 71, 64, 1, 35, 17, 83, 24, 14, 60, 36, 6, 57, 40, 88, 65, 56, 79, 94, 67, 68, 46, 75, 38, 9, 19, 32, 41, 81, 27, 87, 90, 58, 59, 11, 16, 72, 62, 73, 70, 39, 37, 3, 84, 92, 25, 55, 28, 29, 51, 7, 33, 61, 98, 48, 89, 50, 4, 96, 53, 8, 66, 80, 34, 49, 52, 0, 13, 2, 69, 74]|[2, 1, 0, 1, 1, 0, 1, 1, 2, 1, 2, 2, 2, 1, 1, 0, 0, 1, 0, 2, 2, 2, 1, 2, 0, 1, 2, 2, 0, 0, 1, 2, 1, 2, 1, 0, 2, 0, 1, 1, 0, 1, 1, 1, 0, 2, 1, 1, 0, 0, 0, 0, 1, 1, 2, 1, 0, 0, 0, 2, 2, 0, 0, 2, 1, 2, 0, 1, 1, 1, 1, 1, 1, 0, 1, 2, 0, 0, 0, 2, 2, 1, 2, 2, 1, 0, 1, 2, 0, 1, 2, 0, 2, 0, 1, 0, 0, 0, 1, 2]|[1, 3, 2, 2, 4, 1, 2, 3, 2, 4, 1, 1, 2, 4, 4, 1, 2, 4, 2, 1, 1, 1, 1, 2, 1, 2, 1, 1, 2, 1, 3, 2, 3, 1, 4, 0, 1, 1, 0, 3, 2, 2, 2, 0, 1, 1, 0, 4, 0, 1, 2, 2, 1, 4, 0, 3, 1, 1, 1, 1, 1, 1, 1, 1, 3, 0, 2, 4, 3, 1, 4, 1, 1, 0, 4, 1, 2, 1, 1, 1, 1, 3, 1, 1, 1, 1, 4, 1, 2, 3, 1, 1, 1, 2, 1, 2, 2, 2, 4, 1]|[0, 2, 1, 1, 3, 0, 1, 3, 0, 0, 0, 0, 1, 0, 1, 0, 0, 3, 1, 0, 0, 0, 3, 1, 0, 2, 0, 0, 0, 1, 0, 0, 0, 0, 3, 0, 1, 0, 0, 2, 1, 1, 1, 0, 0, 0, 0, 2, 1, 0, 0, 0, 1, 3, 0, 0, 0, 0, 0, 0, 0, 0, 0, 0, 2, 1, 1, 0, 0, 1, 1, 1, 1, 1, 3, 0, 1, 0, 0, 0, 0, 0, 0, 0, 1, 0, 0, 0, 1, 2, 0, 0, 0, 0, 1, 0, 0, 0, 2, 0],811.6540031505751,55123.40931294359,98578.48577446175,false
61,G4_BALANCED,G4_BALANCED,[31, 11, 82, 15, 26, 9, 95, 42, 77, 68, 47, 5, 93, 78, 86, 54, 85, 63, 18, 44, 20, 49, 36, 14, 74, 50, 53, 17, 21, 45, 71, 64, 3, 23, 30, 83, 24, 41, 60, 52, 65, 27, 90, 70, 39, 87, 48, 69, 99, 4, 46, 1, 13, 58, 97, 59, 28, 75, 73, 37, 35, 79, 22, 66, 76, 32, 40, 80, 96, 6, 61, 16, 7, 33, 57, 34, 12, 67, 10, 98, 56, 88, 29, 8, 91, 38, 19, 92, 43, 84, 51, 72, 81, 25, 94, 55, 0, 89, 2, 62]|[2, 1, 2, 1, 1, 2, 1, 1, 1, 1, 1, 0, 2, 2, 1, 2, 0, 0, 0, 2, 2, 1, 0, 2, 0, 2, 2, 1, 0, 1, 1, 1, 0, 0, 1, 0, 2, 1, 2, 2, 0, 0, 1, 1, 0, 2, 0, 2, 1, 0, 0, 2, 0, 0, 2, 0, 1, 1, 0, 0, 2, 1, 0, 2, 2, 0, 2, 2, 0, 1, 2, 2, 2, 1, 0, 1, 1, 1, 1, 2, 2, 1, 1, 0, 1, 0, 1, 0, 1, 0, 1, 1, 1, 1, 2, 0, 0, 1, 2, 1]|[0, 3, 0, 2, 4, 1, 4, 4, 2, 4, 3, 2, 1, 0, 2, 1, 1, 1, 2, 1, 1, 3, 0, 1, 0, 1, 1, 4, 1, 4, 3, 2, 2, 0, 4, 1, 1, 4, 0, 1, 2, 1, 4, 4, 1, 1, 0, 2, 3, 1, 2, 1, 2, 1, 1, 2, 4, 3, 0, 2, 2, 3, 1, 0, 1, 2, 0, 1, 2, 4, 1, 1, 1, 4, 2, 4, 3, 3, 3, 1, 1, 4, 3, 2, 3, 2, 4, 2, 4, 2, 3, 4, 1, 4, 1, 2, 2, 4, 1, 3]|[0, 2, 0, 1, 3, 0, 1, 3, 0, 0, 2, 0, 1, 0, 1, 0, 0, 0, 1, 0, 0, 2, 0, 0, 1, 0, 0, 3, 0, 1, 0, 2, 0, 1, 3, 0, 1, 3, 1, 0, 0, 0, 1, 3, 0, 0, 1, 0, 2, 0, 0, 0, 0, 0, 1, 0, 1, 0, 1, 1, 0, 2, 0, 0, 0, 0, 1, 0, 0, 2, 0, 0, 0, 1, 0, 1, 0, 0, 3, 0, 0, 1, 0, 0, 0, 0, 3, 0, 2, 0, 0, 2, 1, 3, 0, 0, 0, 1, 0, 0],843.8855010804491,52510.30755899072,105664.6447807653,false
61,G2_TEC,G2_TEC,[20, 94, 66, 15, 26, 9, 95, 42, 77, 68, 47, 5, 3, 14, 86, 54, 85, 63, 18, 44, 31, 49, 36, 78, 74, 50, 53, 17, 21, 28, 11, 64, 93, 23, 30, 83, 24, 41, 40, 52, 65, 27, 90, 70, 39, 87, 48, 69, 99, 4, 46, 1, 13, 56, 97, 59, 45, 8, 73, 37, 35, 79, 71, 82, 76, 32, 60, 80, 58, 6, 67, 61, 33, 7, 57, 34, 12, 16, 10, 22, 96, 88, 43, 81, 91, 2, 84, 29, 92, 19, 51, 89, 38, 25, 72, 75, 98, 62, 55, 0]|[2, 1, 2, 1, 1, 2, 1, 1, 1, 1, 1, 0, 2, 2, 1, 2, 0, 0, 0, 2, 2, 1, 0, 2, 0, 2, 2, 1, 0, 1, 1, 1, 0, 0, 1, 0, 2, 1, 2, 2, 0, 0, 1, 1, 0, 2, 0, 2, 1, 0, 0, 2, 0, 2, 2, 0, 1, 1, 0, 0, 2, 1, 1, 2, 2, 0, 2, 2, 2, 1, 2, 1, 1, 2, 0, 1, 1, 2, 1, 2, 0, 1, 1, 1, 1, 0, 0, 1, 0, 1, 1, 1, 0, 1, 1, 0, 2, 1, 0, 0]|[1, 3, 1, 3, 4, 1, 4, 4, 4, 4, 3, 2, 1, 0, 2, 1, 1, 1, 2, 1, 1, 3, 0, 1, 0, 1, 1, 4, 1, 4, 3, 2, 2, 0, 4, 1, 1, 4, 1, 1, 2, 1, 4, 4, 1, 1, 0, 1, 3, 2, 2, 1, 2, 1, 1, 2, 4, 3, 0, 2, 1, 3, 3, 1, 1, 2, 1, 1, 1, 4, 1, 3, 4, 1, 2, 4, 3, 1, 3, 1, 2, 4, 4, 4, 3, 2, 2, 3, 2, 4, 3, 4, 2, 4, 4, 2, 1, 3, 2, 2]|[0, 2, 0, 0, 3, 0, 1, 3, 1, 0, 2, 0, 1, 0, 1, 0, 0, 0, 1, 0, 0, 2, 0, 0, 1, 0, 0, 3, 0, 1, 0, 2, 0, 0, 3, 0, 1, 1, 0, 0, 0, 0, 1, 3, 0, 0, 1, 0, 2, 0, 0, 0, 0, 0, 1, 0, 1, 0, 1, 1, 0, 2, 0, 0, 0, 0, 0, 0, 0, 2, 0, 0, 1, 0, 0, 1, 0, 0, 3, 0, 0, 1, 2, 2, 0, 0, 0, 3, 0, 1, 0, 1, 0, 3, 1, 0, 0, 0, 0, 0],910.6016522559228,48196.44872629531,105119.71286620182,false
61,G3_TWC,G3_TWC,[31, 22, 42, 15, 26, 58, 95, 82, 77, 12, 47, 5, 93, 78, 98, 54, 85, 63, 18, 44, 20, 35, 43, 97, 91, 76, 10, 30, 21, 45, 71, 64, 1, 23, 17, 83, 24, 61, 60, 49, 6, 57, 94, 88, 65, 56, 79, 40, 67, 68, 46, 75, 0, 9, 19, 32, 81, 41, 27, 62, 87, 90, 99, 59, 53, 16, 72, 73, 70, 39, 37, 84, 3, 92, 25, 74, 28, 38, 51, 7, 11, 14, 34, 48, 89, 66, 50, 96, 33, 80, 8, 4, 86, 36, 2, 52, 13, 29, 69, 55]|[1, 1, 0, 1, 1, 1, 2, 1, 2, 1, 2, 2, 2, 1, 1, 0, 0, 1, 0, 2, 2, 0, 1, 2, 0, 1, 2, 2, 0, 0, 1, 2, 1, 0, 1, 0, 2, 0, 1, 1, 0, 1, 1, 1, 0, 2, 1, 1, 0, 0, 0, 0, 1, 1, 0, 1, 2, 0, 0, 0, 2, 1, 0, 1, 0, 1, 2, 1, 1, 1, 1, 1, 2, 0, 1, 2, 0, 0, 0, 1, 0, 1, 2, 0, 1, 0, 0, 0, 2, 0, 1, 0, 0, 0, 0, 1, 0, 0, 1, 1]|[4, 3, 2, 2, 0, 0, 2, 2, 2, 4, 1, 1, 2, 4, 4, 1, 1, 4, 2, 1, 1, 1, 1, 2, 1, 2, 1, 1, 1, 1, 3, 2, 3, 0, 4, 0, 1, 1, 0, 3, 2, 2, 4, 0, 1, 1, 3, 2, 0, 1, 2, 2, 1, 4, 2, 3, 2, 1, 1, 2, 1, 3, 1, 1, 2, 3, 0, 4, 3, 1, 4, 1, 1, 2, 4, 1, 2, 1, 1, 3, 2, 3, 1, 1, 1, 1, 1, 1, 1, 1, 3, 2, 1, 1, 2, 1, 2, 2, 3, 4]|[0, 2, 1, 1, 3, 3, 0, 1, 0, 0, 0, 0, 1, 0, 1, 0, 0, 3, 1, 0, 0, 0, 3, 1, 0, 2, 0, 0, 0, 1, 0, 0, 0, 0, 3, 0, 1, 0, 0, 2, 1, 1, 2, 0, 0, 0, 0, 1, 1, 0, 0, 0, 1, 3, 1, 0, 1, 0, 0, 1, 0, 2, 0, 1, 1, 2, 1, 0, 0, 1, 1, 3, 0, 1, 3, 0, 1, 0, 0, 2, 1, 0, 0, 0, 1, 0, 0, 0, 0, 0, 2, 1, 0, 1, 0, 1, 0, 0, 0, 3],872.1650162521609,57947.7929046089,85993.49946424144,false
61,G1_CMAX,G1_CMAX,[31, 22, 42, 15, 26, 58, 95, 82, 77, 12, 47, 5, 93, 78, 98, 85, 54, 63, 18, 44, 20, 35, 43, 97, 91, 10, 30, 21, 61, 71, 64, 1, 23, 17, 83, 24, 50, 60, 36, 6, 57, 94, 88, 65, 56, 79, 40, 67, 68, 46, 75, 38, 9, 19, 32, 81, 41, 27, 62, 87, 90, 99, 59, 11, 16, 72, 73, 70, 39, 37, 84, 76, 3, 92, 25, 74, 28, 7, 51, 29, 33, 14, 86, 66, 89, 45, 80, 96, 53, 4, 48, 2, 55, 49, 0, 52, 13, 8, 69, 34]|[1, 1, 1, 1, 1, 1, 2, 1, 2, 1, 2, 0, 2, 1, 1, 0, 0, 1, 0, 2, 2, 2, 1, 2, 0, 2, 2, 0, 0, 1, 2, 1, 2, 1, 0, 2, 0, 1, 1, 0, 1, 1, 1, 0, 2, 1, 1, 0, 0, 0, 0, 1, 1, 2, 1, 2, 2, 0, 0, 2, 1, 0, 1, 2, 1, 2, 1, 1, 1, 1, 1, 1, 2, 1, 1, 2, 0, 0, 0, 0, 2, 1, 2, 0, 1, 0, 0, 0, 0, 0, 2, 0, 1, 0, 0, 1, 0, 1, 2, 2]|[4, 3, 2, 2, 0, 0, 1, 2, 1, 4, 1, 0, 2, 4, 4, 1, 1, 4, 2, 1, 1, 0, 1, 2, 1, 1, 1, 1, 1, 3, 2, 3, 0, 4, 0, 1, 1, 0, 3, 2, 2, 4, 0, 1, 1, 0, 2, 0, 1, 2, 2, 1, 4, 0, 3, 2, 1, 1, 2, 1, 3, 1, 1, 1, 3, 0, 4, 3, 1, 4, 1, 2, 1, 4, 4, 1, 2, 1, 1, 1, 1, 3, 1, 1, 1, 1, 1, 1, 2, 2, 0, 2, 4, 1, 2, 1, 2, 3, 1, 1]|[2, 2, 1, 1, 3, 3, 0, 1, 0, 0, 0, 1, 1, 0, 1, 0, 0, 3, 1, 0, 0, 0, 3, 1, 0, 0, 0, 0, 1, 0, 0, 0, 0, 3, 0, 1, 0, 0, 2, 1, 1, 2, 0, 0, 0, 0, 1, 1, 0, 0, 0, 1, 3, 0, 0, 1, 0, 0, 1, 0, 2, 0, 1, 0, 2, 1, 0, 0, 1, 1, 3, 2, 0, 0, 3, 0, 1, 0, 0, 0, 0, 0, 0, 0, 1, 0, 0, 0, 1, 1, 1, 0, 3, 1, 0, 1, 0, 2, 0, 0],701.9269445084548,58814.16448267554,96724.70889609086,false
61,G4_BALANCED,G3_TWC,[31, 22, 42, 15, 26, 58, 95, 82, 77, 12, 47, 5, 93, 78, 98, 54, 85, 63, 18, 44, 20, 35, 43, 97, 91, 76, 10, 30, 21, 45, 71, 64, 1, 23, 17, 83, 24, 61, 60, 49, 6, 57, 94, 88, 65, 56, 79, 40, 67, 68, 46, 75, 38, 9, 19, 32, 81, 41, 27, 62, 87, 90, 99, 59, 53, 16, 72, 73, 70, 39, 37, 84, 3, 92, 25, 55, 28, 29, 51, 7, 11, 14, 86, 48, 89, 50, 66, 96, 33, 80, 4, 8, 34, 36, 2, 52, 13, 0, 69, 74]|[1, 1, 0, 1, 1, 1, 2, 1, 2, 1, 2, 2, 2, 1, 1, 0, 0, 1, 0, 2, 2, 0, 1, 2, 0, 1, 2, 2, 0, 0, 1, 2, 1, 0, 1, 0, 2, 0, 1, 1, 0, 1, 1, 1, 0, 2, 1, 1, 0, 0, 0, 0, 1, 1, 2, 1, 2, 0, 0, 0, 2, 1, 0, 1, 0, 1, 2, 1, 1, 1, 1, 1, 2, 0, 1, 1, 0, 1, 0, 1, 2, 1, 0, 0, 1, 0, 0, 2, 2, 0, 0, 1, 2, 0, 0, 1, 0, 1, 1, 2]|[4, 3, 2, 2, 0, 0, 2, 2, 2, 4, 1, 1, 2, 4, 4, 1, 1, 4, 2, 1, 1, 1, 1, 2, 1, 2, 1, 1, 1, 1, 3, 2, 3, 0, 4, 0, 1, 1, 0, 3, 2, 2, 4, 0, 1, 1, 3, 2, 0, 1, 2, 2, 1, 4, 0, 3, 2, 1, 1, 2, 1, 3, 1, 1, 2, 3, 0, 4, 3, 1, 4, 1, 1, 2, 4, 4, 2, 1, 1, 3, 1, 3, 1, 1, 1, 1, 1, 1, 1, 1, 2, 3, 1, 1, 2, 1, 2, 1, 3, 1]|[0, 2, 1, 1, 3, 3, 0, 1, 0, 0, 0, 0, 1, 0, 1, 0, 0, 3, 1, 0, 0, 0, 3, 1, 0, 2, 0, 0, 0, 1, 0, 0, 0, 0, 3, 0, 1, 0, 0, 2, 1, 1, 2, 0, 0, 0, 0, 1, 1, 0, 0, 0, 1, 3, 0, 0, 1, 0, 0, 1, 0, 2, 0, 1, 1, 2, 1, 0, 0, 1, 1, 3, 0, 1, 3, 3, 1, 1, 0, 2, 0, 0, 0, 0, 1, 0, 0, 0, 0, 0, 1, 2, 0, 1, 0, 1, 0, 1, 0, 0],745.2923527935573,57975.29737721478,88794.00624391006,true
61,G2_TEC,G2_TEC,[20, 94, 66, 15, 26, 9, 95, 42, 77, 68, 47, 5, 3, 14, 86, 54, 85, 63, 18, 44, 31, 49, 36, 78, 74, 50, 53, 17, 21, 28, 11, 64, 93, 23, 30, 83, 24, 41, 40, 52, 65, 27, 90, 70, 39, 87, 48, 69, 99, 4, 46, 1, 13, 56, 97, 59, 45, 8, 73, 37, 35, 79, 71, 82, 76, 32, 60, 80, 58, 6, 67, 61, 33, 7, 57, 34, 12, 16, 10, 22, 96, 88, 43, 81, 91, 2, 84, 29, 92, 19, 51, 89, 38, 25, 72, 75, 98, 62, 55, 0]|[2, 1, 2, 1, 1, 2, 1, 1, 1, 1, 1, 0, 2, 2, 1, 2, 0, 0, 0, 2, 2, 1, 0, 2, 0, 2, 2, 1, 0, 1, 1, 1, 0, 0, 1, 0, 2, 1, 2, 2, 0, 0, 1, 1, 0, 2, 0, 2, 1, 0, 0, 2, 0, 2, 2, 0, 1, 1, 0, 0, 2, 1, 1, 2, 2, 0, 2, 2, 2, 1, 2, 1, 1, 2, 0, 1, 1, 2, 1, 2, 0, 1, 1, 1, 1, 0, 0, 1, 0, 1, 1, 1, 0, 1, 1, 0, 2, 1, 0, 0]|[1, 3, 1, 3, 4, 1, 4, 4, 4, 4, 3, 2, 1, 0, 2, 1, 1, 1, 2, 1, 1, 3, 0, 1, 0, 1, 1, 4, 1, 4, 3, 2, 2, 0, 4, 1, 1, 4, 1, 1, 2, 1, 4, 4, 1, 1, 0, 1, 3, 2, 2, 1, 2, 1, 1, 2, 4, 3, 0, 2, 1, 3, 3, 1, 1, 2, 1, 1, 1, 4, 1, 3, 4, 1, 2, 4, 3, 1, 3, 1, 2, 4, 4, 4, 3, 2, 2, 3, 2, 4, 3, 4, 2, 4, 4, 2, 1, 3, 2, 2]|[0, 2, 0, 0, 3, 0, 1, 3, 1, 0, 2, 0, 1, 0, 1, 0, 0, 0, 1, 0, 0, 2, 0, 0, 1, 0, 0, 3, 0, 1, 0, 2, 0, 0, 3, 0, 1, 1, 0, 0, 0, 0, 1, 3, 0, 0, 1, 0, 2, 0, 0, 0, 0, 0, 1, 0, 1, 0, 1, 1, 0, 2, 0, 0, 0, 0, 0, 0, 0, 2, 0, 0, 1, 0, 0, 1, 0, 0, 3, 0, 0, 1, 2, 2, 0, 0, 0, 3, 0, 1, 0, 1, 0, 3, 1, 0, 0, 0, 0, 0],910.6016522559228,48196.44872629531,105119.71286620182,false
61,G3_TWC,G3_TWC,[31, 22, 42, 15, 26, 58, 95, 82, 77, 12, 47, 5, 93, 78, 98, 54, 85, 63, 18, 44, 20, 35, 43, 97, 91, 76, 10, 30, 21, 45, 71, 64, 1, 23, 17, 83, 24, 61, 60, 49, 6, 57, 94, 88, 65, 56, 79, 40, 67, 68, 46, 75, 0, 9, 19, 32, 81, 41, 27, 62, 87, 90, 99, 59, 53, 16, 72, 73, 70, 39, 37, 84, 3, 92, 25, 74, 28, 38, 51, 7, 11, 14, 34, 48, 89, 66, 50, 96, 33, 80, 8, 4, 86, 36, 2, 52, 13, 29, 69, 55]|[1, 1, 0, 1, 1, 1, 2, 1, 2, 1, 2, 2, 2, 1, 1, 0, 0, 1, 0, 2, 2, 0, 1, 2, 0, 1, 2, 2, 0, 0, 1, 2, 1, 0, 1, 0, 2, 0, 1, 1, 0, 1, 1, 1, 0, 2, 1, 1, 0, 0, 0, 0, 1, 1, 0, 1, 2, 0, 0, 0, 2, 1, 0, 1, 0, 1, 2, 1, 1, 1, 1, 1, 2, 0, 1, 2, 0, 0, 0, 1, 0, 1, 2, 0, 1, 0, 0, 0, 2, 0, 1, 0, 0, 0, 0, 1, 0, 0, 1, 1]|[4, 3, 2, 2, 0, 0, 2, 2, 2, 4, 1, 1, 2, 4, 4, 1, 1, 4, 2, 1, 1, 1, 1, 2, 1, 2, 1, 1, 1, 1, 3, 2, 3, 0, 4, 0, 1, 1, 0, 3, 2, 2, 4, 0, 1, 1, 3, 2, 0, 1, 2, 2, 1, 4, 2, 3, 2, 1, 1, 2, 1, 3, 1, 1, 2, 3, 0, 4, 3, 1, 4, 1, 1, 2, 4, 1, 2, 1, 1, 3, 2, 3, 1, 1, 1, 1, 1, 1, 1, 1, 3, 2, 1, 1, 2, 1, 2, 2, 3, 4]|[0, 2, 1, 1, 3, 3, 0, 1, 0, 0, 0, 0, 1, 0, 1, 0, 0, 3, 1, 0, 0, 0, 3, 1, 0, 2, 0, 0, 0, 1, 0, 0, 0, 0, 3, 0, 1, 0, 0, 2, 1, 1, 2, 0, 0, 0, 0, 1, 1, 0, 0, 0, 1, 3, 1, 0, 1, 0, 0, 1, 0, 2, 0, 1, 1, 2, 1, 0, 0, 1, 1, 3, 0, 1, 3, 0, 1, 0, 0, 2, 1, 0, 0, 0, 1, 0, 0, 0, 0, 0, 2, 1, 0, 1, 0, 1, 0, 0, 0, 3],872.1650162521609,57947.7929046089,85993.49946424144,false
61,G1_CMAX,G1_CMAX,[31, 22, 42, 15, 26, 58, 95, 82, 77, 12, 47, 5, 93, 78, 98, 85, 54, 63, 18, 44, 20, 35, 43, 97, 91, 10, 30, 21, 61, 71, 64, 1, 23, 17, 83, 24, 50, 60, 36, 6, 57, 94, 88, 65, 56, 79, 40, 67, 68, 46, 75, 38, 9, 19, 32, 81, 41, 27, 62, 87, 90, 99, 59, 11, 16, 72, 73, 70, 39, 37, 84, 76, 3, 92, 25, 74, 28, 7, 51, 29, 33, 14, 86, 66, 89, 45, 80, 96, 53, 4, 48, 2, 55, 49, 0, 52, 13, 8, 69, 34]|[1, 1, 1, 1, 1, 1, 2, 1, 2, 1, 2, 0, 2, 1, 1, 0, 0, 1, 0, 2, 2, 2, 1, 2, 0, 2, 2, 0, 0, 1, 2, 1, 2, 1, 0, 2, 0, 1, 1, 0, 1, 1, 1, 0, 2, 1, 1, 0, 0, 0, 0, 1, 1, 2, 1, 2, 2, 0, 0, 2, 1, 0, 1, 2, 1, 2, 1, 1, 1, 1, 1, 1, 2, 1, 1, 2, 0, 0, 0, 0, 2, 1, 2, 0, 1, 0, 0, 0, 0, 0, 2, 0, 1, 0, 0, 1, 0, 1, 2, 2]|[4, 3, 2, 2, 0, 0, 1, 2, 1, 4, 1, 0, 2, 4, 4, 1, 1, 4, 2, 1, 1, 0, 1, 2, 1, 1, 1, 1, 1, 3, 2, 3, 0, 4, 0, 1, 1, 0, 3, 2, 2, 4, 0, 1, 1, 0, 2, 0, 1, 2, 2, 1, 4, 0, 3, 2, 1, 1, 2, 1, 3, 1, 1, 1, 3, 0, 4, 3, 1, 4, 1, 2, 1, 4, 4, 1, 2, 1, 1, 1, 1, 3, 1, 1, 1, 1, 1, 1, 2, 2, 0, 2, 4, 1, 2, 1, 2, 3, 1, 1]|[2, 2, 1, 1, 3, 3, 0, 1, 0, 0, 0, 1, 1, 0, 1, 0, 0, 3, 1, 0, 0, 0, 3, 1, 0, 0, 0, 0, 1, 0, 0, 0, 0, 3, 0, 1, 0, 0, 2, 1, 1, 2, 0, 0, 0, 0, 1, 1, 0, 0, 0, 1, 3, 0, 0, 1, 0, 0, 1, 0, 2, 0, 1, 0, 2, 1, 0, 0, 1, 1, 3, 2, 0, 0, 3, 0, 1, 0, 0, 0, 0, 0, 0, 0, 1, 0, 0, 0, 1, 1, 1, 0, 3, 1, 0, 1, 0, 2, 0, 0],701.9269445084548,58814.16448267554,96724.70889609086,false
61,G4_BALANCED,G2_TEC,[31, 22, 82, 15, 26, 9, 95, 42, 77, 68, 47, 5, 93, 78, 86, 54, 85, 63, 18, 44, 20, 49, 36, 14, 74, 50, 53, 17, 21, 28, 11, 64, 3, 23, 30, 83, 24, 41, 40, 52, 65, 27, 90, 70, 39, 87, 48, 69, 99, 4, 75, 1, 13, 58, 97, 59, 45, 8, 73, 37, 35, 79, 71, 66, 76, 32, 60, 80, 56, 6, 67, 61, 33, 7, 57, 34, 12, 16, 10, 98, 96, 88, 43, 81, 91, 38, 84, 92, 29, 19, 51, 55, 89, 46, 72, 25, 2, 94, 62, 0]|[2, 1, 2, 1, 1, 0, 1, 1, 1, 1, 1, 0, 2, 2, 1, 2, 0, 0, 0, 2, 2, 1, 0, 2, 0, 2, 2, 1, 0, 1, 1, 1, 0, 0, 1, 0, 2, 1, 2, 2, 0, 0, 1, 1, 0, 2, 0, 2, 1, 0, 0, 2, 0, 2, 2, 0, 1, 1, 0, 0, 2, 1, 1, 2, 2, 0, 2, 2, 2, 1, 2, 1, 1, 2, 2, 1, 1, 2, 1, 2, 0, 1, 1, 1, 1, 0, 0, 0, 1, 1, 1, 0, 1, 0, 1, 0, 2, 2, 1, 0]|[0, 3, 0, 3, 4, 2, 4, 4, 2, 4, 3, 2, 1, 0, 2, 1, 1, 1, 2, 1, 1, 3, 0, 1, 0, 1, 1, 4, 1, 4, 3, 2, 2, 0, 4, 1, 1, 4, 1, 1, 2, 1, 4, 4, 1, 1, 0, 1, 3, 2, 2, 1, 2, 1, 1, 2, 4, 3, 0, 2, 1, 3, 3, 1, 1, 2, 1, 1, 1, 4, 1, 3, 4, 1, 2, 4, 3, 1, 3, 1, 2, 4, 4, 4, 3, 2, 2, 2, 3, 4, 3, 2, 4, 2, 4, 2, 1, 1, 3, 2]|[0, 2, 0, 0, 3, 0, 1, 3, 0, 0, 2, 0, 1, 0, 1, 0, 0, 0, 1, 0, 0, 2, 0, 0, 1, 0, 0, 3, 0, 1, 0, 2, 0, 0, 3, 0, 1, 1, 0, 0, 0, 0, 1, 3, 0, 0, 1, 0, 2, 0, 0, 0, 0, 0, 1, 0, 1, 0, 1, 1, 0, 2, 0, 0, 0, 0, 0, 0, 0, 2, 0, 0, 1, 0, 1, 1, 0, 0, 3, 0, 0, 1, 2, 2, 0, 0, 0, 0, 3, 1, 0, 0, 1, 0, 1, 0, 0, 0, 0, 0],898.1547035040471,49651.57082026781,102938.20990769728,true
61,G2_TEC,G2_TEC,[20, 94, 66, 15, 26, 9, 95, 42, 77, 68, 47, 5, 3, 14, 86, 54, 85, 63, 18, 44, 31, 49, 36, 78, 74, 50, 53, 17, 21, 28, 11, 64, 93, 23, 30, 83, 24, 41, 40, 52, 65, 27, 90, 70, 39, 87, 48, 69, 99, 4, 46, 1, 13, 56, 97, 59, 45, 8, 73, 37, 35, 79, 71, 82, 76, 32, 60, 80, 58, 6, 67, 61, 33, 7, 57, 34, 12, 16, 10, 22, 96, 88, 43, 81, 91, 2, 84, 29, 92, 19, 51, 89, 38, 25, 72, 75, 98, 62, 55, 0]|[2, 1, 2, 1, 1, 2, 1, 1, 1, 1, 1, 0, 2, 2, 1, 2, 0, 0, 0, 2, 2, 1, 0, 2, 0, 2, 2, 1, 0, 1, 1, 1, 0, 0, 1, 0, 2, 1, 2, 2, 0, 0, 1, 1, 0, 2, 0, 2, 1, 0, 0, 2, 0, 2, 2, 0, 1, 1, 0, 0, 2, 1, 1, 2, 2, 0, 2, 2, 2, 1, 2, 1, 1, 2, 0, 1, 1, 2, 1, 2, 0, 1, 1, 1, 1, 0, 0, 1, 0, 1, 1, 1, 0, 1, 1, 0, 2, 1, 0, 0]|[1, 3, 1, 3, 4, 1, 4, 4, 4, 4, 3, 2, 1, 0, 2, 1, 1, 1, 2, 1, 1, 3, 0, 1, 0, 1, 1, 4, 1, 4, 3, 2, 2, 0, 4, 1, 1, 4, 1, 1, 2, 1, 4, 4, 1, 1, 0, 1, 3, 2, 2, 1, 2, 1, 1, 2, 4, 3, 0, 2, 1, 3, 3, 1, 1, 2, 1, 1, 1, 4, 1, 3, 4, 1, 2, 4, 3, 1, 3, 1, 2, 4, 4, 4, 3, 2, 2, 3, 2, 4, 3, 4, 2, 4, 4, 2, 1, 3, 2, 2]|[0, 2, 0, 0, 3, 0, 1, 3, 1, 0, 2, 0, 1, 0, 1, 0, 0, 0, 1, 0, 0, 2, 0, 0, 1, 0, 0, 3, 0, 1, 0, 2, 0, 0, 3, 0, 1, 1, 0, 0, 0, 0, 1, 3, 0, 0, 1, 0, 2, 0, 0, 0, 0, 0, 1, 0, 1, 0, 1, 1, 0, 2, 0, 0, 0, 0, 0, 0, 0, 2, 0, 0, 1, 0, 0, 1, 0, 0, 3, 0, 0, 1, 2, 2, 0, 0, 0, 3, 0, 1, 0, 1, 0, 3, 1, 0, 0, 0, 0, 0],910.6016522559228,48196.44872629531,105119.71286620182,false
61,G3_TWC,G3_TWC,[31, 22, 42, 15, 26, 58, 95, 82, 77, 12, 47, 5, 93, 78, 98, 54, 85, 63, 18, 44, 20, 35, 43, 97, 91, 76, 10, 30, 21, 45, 71, 64, 1, 23, 17, 83, 24, 61, 60, 49, 6, 57, 94, 88, 65, 56, 79, 40, 67, 68, 46, 75, 0, 9, 19, 32, 81, 41, 27, 62, 87, 90, 99, 59, 53, 16, 72, 73, 70, 39, 37, 84, 3, 92, 25, 74, 28, 38, 51, 7, 11, 14, 34, 48, 89, 66, 50, 96, 33, 80, 8, 4, 86, 36, 2, 52, 13, 29, 69, 55]|[1, 1, 0, 1, 1, 1, 2, 1, 2, 1, 2, 2, 2, 1, 1, 0, 0, 1, 0, 2, 2, 0, 1, 2, 0, 1, 2, 2, 0, 0, 1, 2, 1, 0, 1, 0, 2, 0, 1, 1, 0, 1, 1, 1, 0, 2, 1, 1, 0, 0, 0, 0, 1, 1, 0, 1, 2, 0, 0, 0, 2, 1, 0, 1, 0, 1, 2, 1, 1, 1, 1, 1, 2, 0, 1, 2, 0, 0, 0, 1, 0, 1, 2, 0, 1, 0, 0, 0, 2, 0, 1, 0, 0, 0, 0, 1, 0, 0, 1, 1]|[4, 3, 2, 2, 0, 0, 2, 2, 2, 4, 1, 1, 2, 4, 4, 1, 1, 4, 2, 1, 1, 1, 1, 2, 1, 2, 1, 1, 1, 1, 3, 2, 3, 0, 4, 0, 1, 1, 0, 3, 2, 2, 4, 0, 1, 1, 3, 2, 0, 1, 2, 2, 1, 4, 2, 3, 2, 1, 1, 2, 1, 3, 1, 1, 2, 3, 0, 4, 3, 1, 4, 1, 1, 2, 4, 1, 2, 1, 1, 3, 2, 3, 1, 1, 1, 1, 1, 1, 1, 1, 3, 2, 1, 1, 2, 1, 2, 2, 3, 4]|[0, 2, 1, 1, 3, 3, 0, 1, 0, 0, 0, 0, 1, 0, 1, 0, 0, 3, 1, 0, 0, 0, 3, 1, 0, 2, 0, 0, 0, 1, 0, 0, 0, 0, 3, 0, 1, 0, 0, 2, 1, 1, 2, 0, 0, 0, 0, 1, 1, 0, 0, 0, 1, 3, 1, 0, 1, 0, 0, 1, 0, 2, 0, 1, 1, 2, 1, 0, 0, 1, 1, 3, 0, 1, 3, 0, 1, 0, 0, 2, 1, 0, 0, 0, 1, 0, 0, 0, 0, 0, 2, 1, 0, 1, 0, 1, 0, 0, 0, 3],872.1650162521609,57947.7929046089,85993.49946424144,false
61,G1_CMAX,G1_CMAX,[31, 22, 42, 15, 26, 58, 95, 82, 77, 12, 47, 5, 93, 78, 98, 85, 54, 63, 18, 44, 20, 35, 43, 97, 91, 10, 30, 21, 61, 71, 64, 1, 23, 17, 83, 24, 50, 60, 36, 6, 57, 94, 88, 65, 56, 79, 40, 67, 68, 46, 75, 38, 9, 19, 32, 81, 41, 27, 62, 87, 90, 99, 59, 11, 16, 72, 73, 70, 39, 37, 84, 76, 3, 92, 25, 74, 28, 7, 51, 29, 33, 14, 86, 66, 89, 45, 80, 96, 53, 4, 48, 2, 55, 49, 0, 52, 13, 8, 69, 34]|[1, 1, 1, 1, 1, 1, 2, 1, 2, 1, 2, 0, 2, 1, 1, 0, 0, 1, 0, 2, 2, 2, 1, 2, 0, 2, 2, 0, 0, 1, 2, 1, 2, 1, 0, 2, 0, 1, 1, 0, 1, 1, 1, 0, 2, 1, 1, 0, 0, 0, 0, 1, 1, 2, 1, 2, 2, 0, 0, 2, 1, 0, 1, 2, 1, 2, 1, 1, 1, 1, 1, 1, 2, 1, 1, 2, 0, 0, 0, 0, 2, 1, 2, 0, 1, 0, 0, 0, 0, 0, 2, 0, 1, 0, 0, 1, 0, 1, 2, 2]|[4, 3, 2, 2, 0, 0, 1, 2, 1, 4, 1, 0, 2, 4, 4, 1, 1, 4, 2, 1, 1, 0, 1, 2, 1, 1, 1, 1, 1, 3, 2, 3, 0, 4, 0, 1, 1, 0, 3, 2, 2, 4, 0, 1, 1, 0, 2, 0, 1, 2, 2, 1, 4, 0, 3, 2, 1, 1, 2, 1, 3, 1, 1, 1, 3, 0, 4, 3, 1, 4, 1, 2, 1, 4, 4, 1, 2, 1, 1, 1, 1, 3, 1, 1, 1, 1, 1, 1, 2, 2, 0, 2, 4, 1, 2, 1, 2, 3, 1, 1]|[2, 2, 1, 1, 3, 3, 0, 1, 0, 0, 0, 1, 1, 0, 1, 0, 0, 3, 1, 0, 0, 0, 3, 1, 0, 0, 0, 0, 1, 0, 0, 0, 0, 3, 0, 1, 0, 0, 2, 1, 1, 2, 0, 0, 0, 0, 1, 1, 0, 0, 0, 1, 3, 0, 0, 1, 0, 0, 1, 0, 2, 0, 1, 0, 2, 1, 0, 0, 1, 1, 3, 2, 0, 0, 3, 0, 1, 0, 0, 0, 0, 0, 0, 0, 1, 0, 0, 0, 1, 1, 1, 0, 3, 1, 0, 1, 0, 2, 0, 0],701.9269445084548,58814.16448267554,96724.70889609086,false
61,G4_BALANCED,G4_BALANCED,[31, 22, 82, 15, 26, 9, 95, 42, 77, 68, 47, 5, 93, 78, 86, 54, 85, 63, 18, 44, 20, 49, 36, 14, 74, 50, 53, 17, 21, 28, 11, 64, 3, 23, 30, 83, 24, 41, 40, 52, 65, 27, 90, 70, 39, 58, 48, 69, 99, 4, 46, 1, 13, 87, 97, 59, 45, 8, 73, 37, 35, 79, 71, 66, 76, 32, 60, 80, 56, 6, 67, 61, 33, 7, 57, 34, 12, 16, 10, 98, 96, 88, 43, 81, 91, 2, 84, 29, 92, 19, 51, 55, 94, 89, 72, 75, 38, 25, 62, 0]|[2, 1, 2, 1, 1, 2, 1, 1, 1, 1, 1, 0, 2, 2, 1, 2, 0, 0, 0, 2, 2, 1, 0, 2, 0, 2, 2, 1, 0, 1, 1, 1, 0, 0, 1, 0, 2, 1, 2, 2, 0, 0, 1, 1, 0, 2, 0, 2, 1, 0, 0, 2, 0, 2, 2, 0, 1, 1, 0, 0, 2, 1, 1, 2, 2, 0, 2, 2, 2, 1, 2, 1, 1, 2, 0, 1, 1, 2, 1, 0, 0, 1, 1, 1, 1, 2, 0, 1, 0, 1, 1, 0, 1, 1, 1, 0, 0, 1, 1, 0]|[0, 3, 0, 3, 4, 1, 4, 4, 4, 4, 3, 2, 1, 0, 2, 1, 1, 1, 2, 1, 1, 3, 0, 1, 0, 1, 1, 4, 1, 4, 3, 2, 2, 0, 4, 1, 1, 4, 1, 1, 2, 1, 4, 4, 1, 1, 0, 1, 3, 2, 2, 1, 2, 1, 1, 2, 4, 3, 0, 2, 2, 3, 3, 1, 1, 2, 1, 1, 1, 4, 1, 3, 4, 1, 2, 4, 3, 1, 3, 2, 2, 4, 4, 4, 3, 1, 2, 3, 2, 4, 3, 2, 3, 4, 4, 2, 2, 4, 3, 2]|[0, 2, 0, 0, 3, 0, 1, 3, 1, 0, 2, 0, 0, 0, 1, 0, 0, 0, 1, 0, 0, 2, 0, 0, 1, 0, 0, 3, 0, 1, 0, 2, 0, 0, 3, 0, 1, 1, 0, 0, 0, 0, 1, 3, 0, 0, 1, 0, 2, 0, 0, 0, 0, 0, 1, 0, 1, 0, 1, 1, 0, 2, 0, 0, 0, 0, 0, 0, 0, 2, 0, 0, 1, 0, 0, 1, 0, 0, 3, 0, 0, 1, 2, 1, 0, 0, 0, 3, 0, 1, 0, 0, 2, 1, 1, 0, 0, 3, 0, 0],896.1046245185167,48645.304607219136,108347.86728264927,false
61,G2_TEC,G2_TEC,[20, 94, 66, 15, 26, 9, 95, 42, 77, 68, 47, 5, 3, 14, 86, 54, 85, 63, 18, 44, 31, 49, 36, 78, 74, 50, 53, 17, 21, 28, 11, 64, 93, 23, 30, 83, 24, 41, 40, 52, 65, 27, 90, 70, 39, 87, 48, 69, 99, 4, 46, 1, 13, 56, 97, 59, 45, 8, 73, 37, 35, 79, 71, 82, 76, 32, 60, 80, 58, 6, 67, 61, 33, 7, 57, 34, 12, 16, 10, 22, 96, 88, 43, 81, 91, 2, 84, 29, 92, 19, 51, 89, 38, 25, 72, 75, 98, 62, 55, 0]|[2, 1, 2, 1, 1, 2, 1, 1, 1, 1, 1, 0, 2, 2, 1, 2, 0, 0, 0, 2, 2, 1, 0, 2, 0, 2, 2, 1, 0, 1, 1, 1, 0, 0, 1, 0, 2, 1, 2, 2, 0, 0, 1, 1, 0, 2, 0, 2, 1, 0, 0, 2, 0, 2, 2, 0, 1, 1, 0, 0, 2, 1, 1, 2, 2, 0, 2, 2, 2, 1, 2, 1, 1, 2, 0, 1, 1, 2, 1, 2, 0, 1, 1, 1, 1, 0, 0, 1, 0, 1, 1, 1, 0, 1, 1, 0, 2, 1, 0, 0]|[1, 3, 1, 3, 4, 1, 4, 4, 4, 4, 3, 2, 1, 0, 2, 1, 1, 1, 2, 1, 1, 3, 0, 1, 0, 1, 1, 4, 1, 4, 3, 2, 2, 0, 4, 1, 1, 4, 1, 1, 2, 1, 4, 4, 1, 1, 0, 1, 3, 2, 2, 1, 2, 1, 1, 2, 4, 3, 0, 2, 1, 3, 3, 1, 1, 2, 1, 1, 1, 4, 1, 3, 4, 1, 2, 4, 3, 1, 3, 1, 2, 4, 4, 4, 3, 2, 2, 3, 2, 4, 3, 4, 2, 4, 4, 2, 1, 3, 2, 2]|[0, 2, 0, 0, 3, 0, 1, 3, 1, 0, 2, 0, 1, 0, 1, 0, 0, 0, 1, 0, 0, 2, 0, 0, 1, 0, 0, 3, 0, 1, 0, 2, 0, 0, 3, 0, 1, 1, 0, 0, 0, 0, 1, 3, 0, 0, 1, 0, 2, 0, 0, 0, 0, 0, 1, 0, 1, 0, 1, 1, 0, 2, 0, 0, 0, 0, 0, 0, 0, 2, 0, 0, 1, 0, 0, 1, 0, 0, 3, 0, 0, 1, 2, 2, 0, 0, 0, 3, 0, 1, 0, 1, 0, 3, 1, 0, 0, 0, 0, 0],910.6016522559228,48196.44872629531,105119.71286620182,false
61,G3_TWC,G3_TWC,[31, 22, 42, 15, 26, 58, 95, 82, 77, 12, 47, 5, 93, 78, 98, 54, 85, 63, 18, 44, 20, 35, 43, 97, 91, 76, 10, 30, 21, 45, 71, 64, 1, 23, 17, 83, 24, 61, 60, 49, 6, 57, 94, 88, 65, 56, 79, 40, 67, 68, 46, 75, 0, 9, 19, 32, 81, 41, 27, 62, 87, 90, 99, 59, 53, 16, 72, 73, 70, 39, 37, 84, 3, 92, 25, 74, 28, 38, 51, 7, 11, 14, 34, 48, 89, 66, 50, 96, 33, 80, 8, 4, 86, 36, 2, 52, 13, 29, 69, 55]|[1, 1, 0, 1, 1, 1, 2, 1, 2, 1, 2, 2, 2, 1, 1, 0, 0, 1, 0, 2, 2, 0, 1, 2, 0, 1, 2, 2, 0, 0, 1, 2, 1, 0, 1, 0, 2, 0, 1, 1, 0, 1, 1, 1, 0, 2, 1, 1, 0, 0, 0, 0, 1, 1, 0, 1, 2, 0, 0, 0, 2, 1, 0, 1, 0, 1, 2, 1, 1, 1, 1, 1, 2, 0, 1, 2, 0, 0, 0, 1, 0, 1, 2, 0, 1, 0, 0, 0, 2, 0, 1, 0, 0, 0, 0, 1, 0, 0, 1, 1]|[4, 3, 2, 2, 0, 0, 2, 2, 2, 4, 1, 1, 2, 4, 4, 1, 1, 4, 2, 1, 1, 1, 1, 2, 1, 2, 1, 1, 1, 1, 3, 2, 3, 0, 4, 0, 1, 1, 0, 3, 2, 2, 4, 0, 1, 1, 3, 2, 0, 1, 2, 2, 1, 4, 2, 3, 2, 1, 1, 2, 1, 3, 1, 1, 2, 3, 0, 4, 3, 1, 4, 1, 1, 2, 4, 1, 2, 1, 1, 3, 2, 3, 1, 1, 1, 1, 1, 1, 1, 1, 3, 2, 1, 1, 2, 1, 2, 2, 3, 4]|[0, 2, 1, 1, 3, 3, 0, 1, 0, 0, 0, 0, 1, 0, 1, 0, 0, 3, 1, 0, 0, 0, 3, 1, 0, 2, 0, 0, 0, 1, 0, 0, 0, 0, 3, 0, 1, 0, 0, 2, 1, 1, 2, 0, 0, 0, 0, 1, 1, 0, 0, 0, 1, 3, 1, 0, 1, 0, 0, 1, 0, 2, 0, 1, 1, 2, 1, 0, 0, 1, 1, 3, 0, 1, 3, 0, 1, 0, 0, 2, 1, 0, 0, 0, 1, 0, 0, 0, 0, 0, 2, 1, 0, 1, 0, 1, 0, 0, 0, 3],872.1650162521609,57947.7929046089,85993.49946424144,false
61,G1_CMAX,G1_CMAX,[31, 22, 42, 15, 26, 58, 95, 82, 77, 12, 47, 5, 93, 78, 98, 85, 54, 63, 18, 44, 20, 35, 43, 97, 91, 10, 30, 21, 61, 71, 64, 1, 23, 17, 83, 24, 50, 60, 36, 6, 57, 94, 88, 65, 56, 79, 40, 67, 68, 46, 75, 38, 9, 19, 32, 81, 41, 27, 62, 87, 90, 99, 59, 11, 16, 72, 73, 70, 39, 37, 84, 76, 3, 92, 25, 74, 28, 7, 51, 29, 33, 14, 86, 66, 89, 45, 80, 96, 53, 4, 48, 2, 55, 49, 0, 52, 13, 8, 69, 34]|[1, 1, 1, 1, 1, 1, 2, 1, 2, 1, 2, 0, 2, 1, 1, 0, 0, 1, 0, 2, 2, 2, 1, 2, 0, 2, 2, 0, 0, 1, 2, 1, 2, 1, 0, 2, 0, 1, 1, 0, 1, 1, 1, 0, 2, 1, 1, 0, 0, 0, 0, 1, 1, 2, 1, 2, 2, 0, 0, 2, 1, 0, 1, 2, 1, 2, 1, 1, 1, 1, 1, 1, 2, 1, 1, 2, 0, 0, 0, 0, 2, 1, 2, 0, 1, 0, 0, 0, 0, 0, 2, 0, 1, 0, 0, 1, 0, 1, 2, 2]|[4, 3, 2, 2, 0, 0, 1, 2, 1, 4, 1, 0, 2, 4, 4, 1, 1, 4, 2, 1, 1, 0, 1, 2, 1, 1, 1, 1, 1, 3, 2, 3, 0, 4, 0, 1, 1, 0, 3, 2, 2, 4, 0, 1, 1, 0, 2, 0, 1, 2, 2, 1, 4, 0, 3, 2, 1, 1, 2, 1, 3, 1, 1, 1, 3, 0, 4, 3, 1, 4, 1, 2, 1, 4, 4, 1, 2, 1, 1, 1, 1, 3, 1, 1, 1, 1, 1, 1, 2, 2, 0, 2, 4, 1, 2, 1, 2, 3, 1, 1]|[2, 2, 1, 1, 3, 3, 0, 1, 0, 0, 0, 1, 1, 0, 1, 0, 0, 3, 1, 0, 0, 0, 3, 1, 0, 0, 0, 0, 1, 0, 0, 0, 0, 3, 0, 1, 0, 0, 2, 1, 1, 2, 0, 0, 0, 0, 1, 1, 0, 0, 0, 1, 3, 0, 0, 1, 0, 0, 1, 0, 2, 0, 1, 0, 2, 1, 0, 0, 1, 1, 3, 2, 0, 0, 3, 0, 1, 0, 0, 0, 0, 0, 0, 0, 1, 0, 0, 0, 1, 1, 1, 0, 3, 1, 0, 1, 0, 2, 0, 0],701.9269445084548,58814.16448267554,96724.70889609086,false
61,G4_BALANCED,G1_CMAX,[31, 22, 42, 15, 26, 58, 95, 82, 77, 12, 47, 5, 93, 78, 98, 54, 85, 63, 18, 44, 20, 35, 43, 97, 91, 76, 10, 30, 21, 45, 71, 64, 1, 23, 17, 83, 24, 61, 60, 36, 6, 57, 94, 88, 65, 56, 79, 40, 67, 68, 46, 75, 38, 9, 19, 32, 81, 41, 27, 62, 87, 90, 99, 59, 53, 16, 72, 73, 70, 39, 37, 84, 3, 92, 25, 55, 28, 29, 51, 7, 33, 14, 86, 48, 89, 50, 4, 96, 11, 80, 8, 2, 0, 49, 74, 52, 13, 66, 69, 34]|[1, 1, 0, 1, 1, 1, 2, 1, 2, 1, 2, 2, 2, 1, 1, 0, 0, 1, 0, 2, 2, 0, 1, 2, 0, 1, 2, 2, 0, 0, 1, 2, 1, 2, 1, 0, 2, 1, 1, 1, 0, 1, 1, 1, 0, 2, 1, 1, 0, 0, 0, 0, 1, 1, 2, 1, 2, 2, 0, 0, 2, 1, 0, 1, 2, 1, 2, 1, 1, 1, 1, 1, 2, 0, 1, 1, 0, 0, 0, 1, 2, 1, 0, 0, 1, 0, 1, 2, 0, 0, 1, 0, 0, 0, 2, 1, 0, 2, 1, 2]|[4, 3, 2, 2, 0, 0, 2, 2, 2, 4, 1, 1, 2, 4, 4, 1, 1, 4, 2, 1, 1, 1, 1, 2, 1, 2, 1, 1, 1, 1, 3, 2, 3, 1, 4, 0, 1, 3, 0, 3, 2, 2, 4, 0, 1, 1, 0, 2, 0, 1, 2, 2, 1, 4, 0, 3, 2, 1, 1, 2, 1, 3, 1, 1, 1, 3, 0, 4, 3, 1, 4, 1, 1, 2, 4, 4, 2, 1, 1, 3, 1, 3, 1, 1, 1, 1, 4, 1, 2, 1, 3, 2, 2, 1, 1, 1, 2, 1, 4, 1]|[0, 2, 1, 1, 3, 3, 0, 1, 0, 0, 0, 0, 1, 0, 1, 0, 0, 3, 1, 0, 0, 0, 3, 1, 0, 2, 0, 0, 0, 1, 0, 0, 0, 0, 3, 0, 1, 0, 0, 2, 1, 1, 2, 0, 0, 0, 0, 1, 1, 0, 0, 0, 1, 3, 0, 0, 1, 0, 0, 1, 0, 2, 0, 1, 0, 2, 1, 0, 0, 1, 1, 3, 0, 1, 3, 3, 1, 0, 0, 2, 0, 0, 0, 0, 1, 0, 0, 0, 1, 0, 2, 0, 0, 1, 0, 1, 0, 0, 2, 0],730.5756340398165,56776.75809121033,92370.82500878497,true
61,G2_TEC,G2_TEC,[20, 94, 66, 15, 26, 9, 95, 42, 77, 68, 47, 5, 3, 14, 86, 54, 85, 63, 18, 44, 31, 49, 36, 78, 74, 50, 53, 17, 21, 28, 11, 64, 93, 23, 30, 83, 24, 41, 40, 52, 65, 27, 90, 70, 39, 87, 48, 69, 99, 4, 46, 1, 13, 56, 97, 59, 45, 8, 73, 37, 35, 79, 71, 82, 76, 32, 60, 80, 58, 6, 67, 61, 33, 7, 57, 34, 12, 16, 10, 22, 96, 88, 43, 81, 91, 2, 84, 29, 92, 19, 51, 89, 38, 25, 72, 75, 98, 62, 55, 0]|[2, 1, 2, 1, 1, 2, 1, 1, 1, 1, 1, 0, 2, 2, 1, 2, 0, 0, 0, 2, 2, 1, 0, 2, 0, 2, 2, 1, 0, 1, 1, 1, 0, 0, 1, 0, 2, 1, 2, 2, 0, 0, 1, 1, 0, 2, 0, 2, 1, 0, 0, 2, 0, 2, 2, 0, 1, 1, 0, 0, 2, 1, 1, 2, 2, 0, 2, 2, 2, 1, 2, 1, 1, 2, 0, 1, 1, 2, 1, 2, 0, 1, 1, 1, 1, 0, 0, 1, 0, 1, 1, 1, 0, 1, 1, 0, 2, 1, 0, 0]|[1, 3, 1, 3, 4, 1, 4, 4, 4, 4, 3, 2, 1, 0, 2, 1, 1, 1, 2, 1, 1, 3, 0, 1, 0, 1, 1, 4, 1, 4, 3, 2, 2, 0, 4, 1, 1, 4, 1, 1, 2, 1, 4, 4, 1, 1, 0, 1, 3, 2, 2, 1, 2, 1, 1, 2, 4, 3, 0, 2, 1, 3, 3, 1, 1, 2, 1, 1, 1, 4, 1, 3, 4, 1, 2, 4, 3, 1, 3, 1, 2, 4, 4, 4, 3, 2, 2, 3, 2, 4, 3, 4, 2, 4, 4, 2, 1, 3, 2, 2]|[0, 2, 0, 0, 3, 0, 1, 3, 1, 0, 2, 0, 1, 0, 1, 0, 0, 0, 1, 0, 0, 2, 0, 0, 1, 0, 0, 3, 0, 1, 0, 2, 0, 0, 3, 0, 1, 1, 0, 0, 0, 0, 1, 3, 0, 0, 1, 0, 2, 0, 0, 0, 0, 0, 1, 0, 1, 0, 1, 1, 0, 2, 0, 0, 0, 0, 0, 0, 0, 2, 0, 0, 1, 0, 0, 1, 0, 0, 3, 0, 0, 1, 2, 2, 0, 0, 0, 3, 0, 1, 0, 1, 0, 3, 1, 0, 0, 0, 0, 0],910.6016522559228,48196.44872629531,105119.71286620182,false
61,G3_TWC,G3_TWC,[31, 22, 42, 15, 26, 58, 95, 82, 77, 12, 47, 5, 93, 78, 98, 54, 85, 63, 18, 44, 20, 35, 43, 97, 91, 76, 10, 30, 21, 45, 71, 64, 1, 23, 17, 83, 24, 61, 60, 49, 6, 57, 94, 88, 65, 56, 79, 40, 67, 68, 46, 75, 0, 9, 19, 32, 81, 41, 27, 62, 87, 90, 99, 59, 53, 16, 72, 73, 70, 39, 37, 84, 3, 92, 25, 74, 28, 38, 51, 7, 11, 14, 34, 48, 89, 66, 50, 96, 33, 80, 8, 4, 86, 36, 2, 52, 13, 29, 69, 55]|[1, 1, 0, 1, 1, 1, 2, 1, 2, 1, 2, 2, 2, 1, 1, 0, 0, 1, 0, 2, 2, 0, 1, 2, 0, 1, 2, 2, 0, 0, 1, 2, 1, 0, 1, 0, 2, 0, 1, 1, 0, 1, 1, 1, 0, 2, 1, 1, 0, 0, 0, 0, 1, 1, 0, 1, 2, 0, 0, 0, 2, 1, 0, 1, 0, 1, 2, 1, 1, 1, 1, 1, 2, 0, 1, 2, 0, 0, 0, 1, 0, 1, 2, 0, 1, 0, 0, 0, 2, 0, 1, 0, 0, 0, 0, 1, 0, 0, 1, 1]|[4, 3, 2, 2, 0, 0, 2, 2, 2, 4, 1, 1, 2, 4, 4, 1, 1, 4, 2, 1, 1, 1, 1, 2, 1, 2, 1, 1, 1, 1, 3, 2, 3, 0, 4, 0, 1, 1, 0, 3, 2, 2, 4, 0, 1, 1, 3, 2, 0, 1, 2, 2, 1, 4, 2, 3, 2, 1, 1, 2, 1, 3, 1, 1, 2, 3, 0, 4, 3, 1, 4, 1, 1, 2, 4, 1, 2, 1, 1, 3, 2, 3, 1, 1, 1, 1, 1, 1, 1, 1, 3, 2, 1, 1, 2, 1, 2, 2, 3, 4]|[0, 2, 1, 1, 3, 3, 0, 1, 0, 0, 0, 0, 1, 0, 1, 0, 0, 3, 1, 0, 0, 0, 3, 1, 0, 2, 0, 0, 0, 1, 0, 0, 0, 0, 3, 0, 1, 0, 0, 2, 1, 1, 2, 0, 0, 0, 0, 1, 1, 0, 0, 0, 1, 3, 1, 0, 1, 0, 0, 1, 0, 2, 0, 1, 1, 2, 1, 0, 0, 1, 1, 3, 0, 1, 3, 0, 1, 0, 0, 2, 1, 0, 0, 0, 1, 0, 0, 0, 0, 0, 2, 1, 0, 1, 0, 1, 0, 0, 0, 3],872.1650162521609,57947.7929046089,85993.49946424144,false
61,G1_CMAX,G1_CMAX,[31, 22, 42, 15, 26, 58, 95, 82, 77, 12, 47, 5, 93, 78, 98, 85, 54, 63, 18, 44, 20, 35, 43, 97, 91, 10, 30, 21, 61, 71, 64, 1, 23, 17, 83, 24, 50, 60, 36, 6, 57, 94, 88, 65, 56, 79, 40, 67, 68, 46, 75, 38, 9, 19, 32, 81, 41, 27, 62, 87, 90, 99, 59, 11, 16, 72, 73, 70, 39, 37, 84, 76, 3, 92, 25, 74, 28, 7, 51, 29, 33, 14, 86, 66, 89, 45, 80, 96, 53, 4, 48, 2, 55, 49, 0, 52, 13, 8, 69, 34]|[1, 1, 1, 1, 1, 1, 2, 1, 2, 1, 2, 0, 2, 1, 1, 0, 0, 1, 0, 2, 2, 2, 1, 2, 0, 2, 2, 0, 0, 1, 2, 1, 2, 1, 0, 2, 0, 1, 1, 0, 1, 1, 1, 0, 2, 1, 1, 0, 0, 0, 0, 1, 1, 2, 1, 2, 2, 0, 0, 2, 1, 0, 1, 2, 1, 2, 1, 1, 1, 1, 1, 1, 2, 1, 1, 2, 0, 0, 0, 0, 2, 1, 2, 0, 1, 0, 0, 0, 0, 0, 2, 0, 1, 0, 0, 1, 0, 1, 2, 2]|[4, 3, 2, 2, 0, 0, 1, 2, 1, 4, 1, 0, 2, 4, 4, 1, 1, 4, 2, 1, 1, 0, 1, 2, 1, 1, 1, 1, 1, 3, 2, 3, 0, 4, 0, 1, 1, 0, 3, 2, 2, 4, 0, 1, 1, 0, 2, 0, 1, 2, 2, 1, 4, 0, 3, 2, 1, 1, 2, 1, 3, 1, 1, 1, 3, 0, 4, 3, 1, 4, 1, 2, 1, 4, 4, 1, 2, 1, 1, 1, 1, 3, 1, 1, 1, 1, 1, 1, 2, 2, 0, 2, 4, 1, 2, 1, 2, 3, 1, 1]|[2, 2, 1, 1, 3, 3, 0, 1, 0, 0, 0, 1, 1, 0, 1, 0, 0, 3, 1, 0, 0, 0, 3, 1, 0, 0, 0, 0, 1, 0, 0, 0, 0, 3, 0, 1, 0, 0, 2, 1, 1, 2, 0, 0, 0, 0, 1, 1, 0, 0, 0, 1, 3, 0, 0, 1, 0, 0, 1, 0, 2, 0, 1, 0, 2, 1, 0, 0, 1, 1, 3, 2, 0, 0, 3, 0, 1, 0, 0, 0, 0, 0, 0, 0, 1, 0, 0, 0, 1, 1, 1, 0, 3, 1, 0, 1, 0, 2, 0, 0],701.9269445084548,58814.16448267554,96724.70889609086,false
61,G4_BALANCED,G4_BALANCED,[31, 22, 82, 15, 26, 9, 95, 42, 77, 68, 47, 5, 93, 78, 86, 54, 85, 63, 18, 44, 20, 49, 36, 14, 74, 50, 53, 17, 21, 28, 71, 64, 3, 23, 30, 83, 24, 41, 60, 52, 65, 27, 90, 70, 39, 87, 48, 69, 99, 4, 46, 1, 13, 58, 97, 59, 45, 75, 73, 37, 35, 79, 11, 66, 76, 32, 40, 80, 96, 6, 16, 61, 33, 7, 57, 34, 12, 67, 10, 98, 56, 88, 29, 8, 91, 38, 19, 92, 43, 84, 51, 72, 81, 0, 2, 55, 94, 89, 62, 25]|[2, 1, 1, 2, 1, 2, 1, 1, 1, 1, 1, 0, 2, 2, 1, 2, 0, 0, 0, 2, 2, 1, 0, 2, 0, 2, 2, 1, 0, 1, 1, 1, 0, 0, 1, 0, 2, 1, 2, 2, 0, 0, 1, 1, 0, 2, 0, 2, 1, 0, 0, 2, 0, 0, 2, 0, 1, 0, 0, 0, 2, 1, 0, 2, 2, 0, 2, 2, 0, 1, 2, 1, 1, 2, 0, 1, 1, 1, 1, 2, 2, 1, 1, 1, 1, 0, 1, 0, 1, 0, 1, 1, 1, 0, 2, 0, 2, 1, 1, 1]|[1, 3, 2, 0, 4, 1, 4, 4, 2, 4, 3, 2, 1, 0, 2, 1, 1, 1, 2, 1, 1, 3, 0, 1, 0, 1, 1, 4, 1, 4, 3, 2, 2, 0, 4, 1, 1, 4, 0, 1, 2, 1, 4, 4, 1, 1, 0, 2, 3, 1, 2, 1, 2, 1, 1, 2, 4, 2, 0, 2, 2, 3, 1, 0, 1, 2, 0, 1, 2, 4, 1, 3, 4, 1, 2, 4, 3, 3, 3, 1, 1, 4, 3, 3, 3, 2, 4, 2, 4, 2, 3, 4, 1, 2, 1, 2, 1, 4, 3, 4]|[1, 2, 1, 0, 3, 0, 1, 3, 0, 0, 2, 0, 1, 0, 1, 0, 0, 0, 1, 0, 0, 2, 0, 0, 1, 0, 0, 3, 0, 1, 0, 2, 0, 1, 3, 0, 1, 3, 1, 0, 0, 0, 1, 3, 0, 0, 1, 0, 2, 0, 0, 0, 0, 0, 1, 0, 1, 0, 1, 1, 0, 2, 0, 0, 0, 0, 0, 0, 0, 2, 0, 0, 1, 0, 0, 1, 0, 0, 3, 0, 0, 1, 0, 0, 0, 0, 3, 0, 2, 0, 0, 2, 1, 0, 0, 0, 0, 1, 0, 3],837.479178750376,52435.170692348955,108071.3583989792,false
61,G2_TEC,G2_TEC,[20, 94, 66, 15, 26, 9, 95, 42, 77, 68, 47, 5, 3, 14, 86, 54, 85, 63, 18, 44, 31, 49, 36, 78, 74, 50, 53, 17, 21, 28, 11, 64, 93, 23, 30, 83, 24, 41, 40, 52, 65, 27, 90, 70, 39, 87, 48, 69, 99, 4, 46, 1, 13, 56, 97, 59, 45, 8, 73, 37, 35, 79, 71, 82, 76, 32, 60, 80, 58, 6, 67, 61, 33, 7, 57, 34, 12, 16, 10, 22, 96, 88, 43, 81, 91, 2, 84, 29, 92, 19, 51, 89, 38, 25, 72, 75, 98, 62, 55, 0]|[2, 1, 2, 1, 1, 2, 1, 1, 1, 1, 1, 0, 2, 2, 1, 2, 0, 0, 0, 2, 2, 1, 0, 2, 0, 2, 2, 1, 0, 1, 1, 1, 0, 0, 1, 0, 2, 1, 2, 2, 0, 0, 1, 1, 0, 2, 0, 2, 1, 0, 0, 2, 0, 2, 2, 0, 1, 1, 0, 0, 2, 1, 1, 2, 2, 0, 2, 2, 2, 1, 2, 1, 1, 2, 0, 1, 1, 2, 1, 2, 0, 1, 1, 1, 1, 0, 0, 1, 0, 1, 1, 1, 0, 1, 1, 0, 2, 1, 0, 0]|[1, 3, 1, 3, 4, 1, 4, 4, 4, 4, 3, 2, 1, 0, 2, 1, 1, 1, 2, 1, 1, 3, 0, 1, 0, 1, 1, 4, 1, 4, 3, 2, 2, 0, 4, 1, 1, 4, 1, 1, 2, 1, 4, 4, 1, 1, 0, 1, 3, 2, 2, 1, 2, 1, 1, 2, 4, 3, 0, 2, 1, 3, 3, 1, 1, 2, 1, 1, 1, 4, 1, 3, 4, 1, 2, 4, 3, 1, 3, 1, 2, 4, 4, 4, 3, 2, 2, 3, 2, 4, 3, 4, 2, 4, 4, 2, 1, 3, 2, 2]|[0, 2, 0, 0, 3, 0, 1, 3, 1, 0, 2, 0, 1, 0, 1, 0, 0, 0, 1, 0, 0, 2, 0, 0, 1, 0, 0, 3, 0, 1, 0, 2, 0, 0, 3, 0, 1, 1, 0, 0, 0, 0, 1, 3, 0, 0, 1, 0, 2, 0, 0, 0, 0, 0, 1, 0, 1, 0, 1, 1, 0, 2, 0, 0, 0, 0, 0, 0, 0, 2, 0, 0, 1, 0, 0, 1, 0, 0, 3, 0, 0, 1, 2, 2, 0, 0, 0, 3, 0, 1, 0, 1, 0, 3, 1, 0, 0, 0, 0, 0],910.6016522559228,48196.44872629531,105119.71286620182,false
61,G3_TWC,G3_TWC,[31, 22, 42, 15, 26, 58, 95, 82, 77, 12, 47, 5, 93, 78, 98, 54, 85, 63, 18, 44, 20, 35, 43, 97, 91, 76, 10, 30, 21, 45, 71, 64, 1, 23, 17, 83, 24, 61, 60, 49, 6, 57, 94, 88, 65, 56, 79, 40, 67, 68, 46, 75, 0, 9, 19, 32, 81, 41, 27, 62, 87, 90, 99, 59, 53, 16, 72, 73, 70, 39, 37, 84, 3, 92, 25, 74, 28, 38, 51, 7, 11, 14, 34, 48, 89, 66, 50, 96, 33, 80, 8, 4, 86, 36, 2, 52, 13, 29, 69, 55]|[1, 1, 0, 1, 1, 1, 2, 1, 2, 1, 2, 2, 2, 1, 1, 0, 0, 1, 0, 2, 2, 0, 1, 2, 0, 1, 2, 2, 0, 0, 1, 2, 1, 0, 1, 0, 2, 0, 1, 1, 0, 1, 1, 1, 0, 2, 1, 1, 0, 0, 0, 0, 1, 1, 0, 1, 2, 0, 0, 0, 2, 1, 0, 1, 0, 1, 2, 1, 1, 1, 1, 1, 2, 0, 1, 2, 0, 0, 0, 1, 0, 1, 2, 0, 1, 0, 0, 0, 2, 0, 1, 0, 0, 0, 0, 1, 0, 0, 1, 1]|[4, 3, 2, 2, 0, 0, 2, 2, 2, 4, 1, 1, 2, 4, 4, 1, 1, 4, 2, 1, 1, 1, 1, 2, 1, 2, 1, 1, 1, 1, 3, 2, 3, 0, 4, 0, 1, 1, 0, 3, 2, 2, 4, 0, 1, 1, 3, 2, 0, 1, 2, 2, 1, 4, 2, 3, 2, 1, 1, 2, 1, 3, 1, 1, 2, 3, 0, 4, 3, 1, 4, 1, 1, 2, 4, 1, 2, 1, 1, 3, 2, 3, 1, 1, 1, 1, 1, 1, 1, 1, 3, 2, 1, 1, 2, 1, 2, 2, 3, 4]|[0, 2, 1, 1, 3, 3, 0, 1, 0, 0, 0, 0, 1, 0, 1, 0, 0, 3, 1, 0, 0, 0, 3, 1, 0, 2, 0, 0, 0, 1, 0, 0, 0, 0, 3, 0, 1, 0, 0, 2, 1, 1, 2, 0, 0, 0, 0, 1, 1, 0, 0, 0, 1, 3, 1, 0, 1, 0, 0, 1, 0, 2, 0, 1, 1, 2, 1, 0, 0, 1, 1, 3, 0, 1, 3, 0, 1, 0, 0, 2, 1, 0, 0, 0, 1, 0, 0, 0, 0, 0, 2, 1, 0, 1, 0, 1, 0, 0, 0, 3],872.1650162521609,57947.7929046089,85993.49946424144,false
61,G1_CMAX,G1_CMAX,[31, 22, 42, 15, 26, 58, 95, 82, 77, 12, 47, 5, 93, 78, 98, 85, 54, 63, 18, 44, 20, 35, 43, 97, 91, 10, 30, 21, 61, 71, 64, 1, 23, 17, 83, 24, 50, 60, 36, 6, 57, 94, 88, 65, 56, 79, 40, 67, 68, 46, 75, 38, 9, 19, 32, 81, 41, 27, 62, 87, 90, 99, 59, 11, 16, 72, 73, 70, 39, 37, 84, 76, 3, 92, 25, 74, 28, 7, 51, 29, 33, 14, 86, 66, 89, 45, 80, 96, 53, 4, 48, 2, 55, 49, 0, 52, 13, 8, 69, 34]|[1, 1, 1, 1, 1, 1, 2, 1, 2, 1, 2, 0, 2, 1, 1, 0, 0, 1, 0, 2, 2, 2, 1, 2, 0, 2, 2, 0, 0, 1, 2, 1, 2, 1, 0, 2, 0, 1, 1, 0, 1, 1, 1, 0, 2, 1, 1, 0, 0, 0, 0, 1, 1, 2, 1, 2, 2, 0, 0, 2, 1, 0, 1, 2, 1, 2, 1, 1, 1, 1, 1, 1, 2, 1, 1, 2, 0, 0, 0, 0, 2, 1, 2, 0, 1, 0, 0, 0, 0, 0, 2, 0, 1, 0, 0, 1, 0, 1, 2, 2]|[4, 3, 2, 2, 0, 0, 1, 2, 1, 4, 1, 0, 2, 4, 4, 1, 1, 4, 2, 1, 1, 0, 1, 2, 1, 1, 1, 1, 1, 3, 2, 3, 0, 4, 0, 1, 1, 0, 3, 2, 2, 4, 0, 1, 1, 0, 2, 0, 1, 2, 2, 1, 4, 0, 3, 2, 1, 1, 2, 1, 3, 1, 1, 1, 3, 0, 4, 3, 1, 4, 1, 2, 1, 4, 4, 1, 2, 1, 1, 1, 1, 3, 1, 1, 1, 1, 1, 1, 2, 2, 0, 2, 4, 1, 2, 1, 2, 3, 1, 1]|[2, 2, 1, 1, 3, 3, 0, 1, 0, 0, 0, 1, 1, 0, 1, 0, 0, 3, 1, 0, 0, 0, 3, 1, 0, 0, 0, 0, 1, 0, 0, 0, 0, 3, 0, 1, 0, 0, 2, 1, 1, 2, 0, 0, 0, 0, 1, 1, 0, 0, 0, 1, 3, 0, 0, 1, 0, 0, 1, 0, 2, 0, 1, 0, 2, 1, 0, 0, 1, 1, 3, 2, 0, 0, 3, 0, 1, 0, 0, 0, 0, 0, 0, 0, 1, 0, 0, 0, 1, 1, 1, 0, 3, 1, 0, 1, 0, 2, 0, 0],701.9269445084548,58814.16448267554,96724.70889609086,false
61,G4_BALANCED,G1_CMAX,[31, 22, 42, 15, 26, 58, 95, 82, 77, 12, 47, 5, 93, 78, 98, 54, 85, 63, 18, 44, 20, 35, 43, 97, 91, 76, 10, 30, 21, 45, 71, 64, 1, 23, 17, 83, 24, 61, 60, 49, 6, 57, 94, 88, 65, 56, 79, 40, 67, 68, 46, 75, 38, 9, 19, 32, 81, 41, 27, 62, 87, 90, 99, 59, 11, 16, 72, 73, 70, 39, 37, 84, 3, 92, 25, 55, 28, 29, 51, 7, 33, 14, 86, 48, 89, 50, 66, 96, 53, 80, 4, 8, 74, 36, 0, 52, 13, 2, 69, 34]|[1, 1, 0, 1, 1, 1, 2, 1, 2, 1, 2, 2, 2, 1, 1, 0, 0, 1, 0, 2, 2, 0, 1, 2, 0, 1, 2, 2, 0, 0, 1, 2, 1, 0, 1, 0, 2, 0, 1, 1, 0, 1, 1, 1, 0, 2, 1, 1, 0, 0, 0, 0, 1, 1, 2, 1, 2, 0, 0, 0, 2, 1, 0, 1, 2, 1, 2, 1, 1, 1, 1, 1, 2, 0, 1, 2, 0, 0, 0, 1, 2, 1, 0, 0, 1, 2, 2, 0, 0, 0, 0, 1, 2, 0, 0, 1, 0, 0, 1, 2]|[4, 3, 2, 2, 0, 0, 2, 2, 2, 4, 1, 1, 2, 4, 4, 1, 1, 4, 2, 1, 1, 1, 1, 2, 1, 2, 1, 1, 1, 1, 3, 2, 3, 0, 4, 0, 1, 1, 0, 3, 2, 2, 4, 0, 1, 1, 3, 2, 0, 1, 2, 2, 1, 4, 0, 3, 2, 1, 1, 2, 1, 3, 1, 1, 1, 3, 0, 4, 3, 1, 4, 1, 1, 2, 4, 1, 2, 1, 1, 3, 1, 3, 1, 1, 1, 1, 1, 1, 2, 1, 2, 3, 1, 1, 2, 1, 2, 2, 3, 1]|[0, 2, 1, 1, 3, 3, 0, 1, 0, 0, 0, 0, 1, 0, 1, 0, 0, 3, 1, 0, 0, 0, 3, 1, 0, 2, 0, 0, 0, 1, 0, 0, 0, 0, 3, 0, 1, 0, 0, 2, 1, 1, 2, 0, 0, 0, 0, 1, 1, 0, 0, 0, 1, 3, 0, 0, 1, 0, 0, 1, 0, 2, 0, 1, 0, 2, 1, 0, 0, 1, 1, 3, 0, 1, 3, 0, 1, 0, 0, 2, 0, 0, 0, 0, 1, 0, 0, 0, 1, 0, 1, 2, 0, 1, 0, 1, 0, 0, 0, 0],792.3738572300806,57186.92055312393,87830.12113813942,true
61,G2_TEC,G2_TEC,[20, 94, 66, 15, 26, 9, 95, 42, 77, 68, 47, 5, 3, 14, 86, 54, 85, 63, 18, 44, 31, 49, 36, 78, 74, 50, 53, 17, 21, 28, 11, 64, 93, 23, 30, 83, 24, 41, 40, 52, 65, 27, 90, 70, 39, 87, 48, 69, 99, 4, 46, 1, 13, 56, 97, 59, 45, 8, 73, 37, 35, 79, 71, 82, 76, 32, 60, 80, 58, 6, 67, 61, 33, 7, 57, 34, 12, 16, 10, 22, 96, 88, 43, 81, 91, 2, 84, 29, 92, 19, 51, 89, 38, 25, 72, 75, 98, 62, 55, 0]|[2, 1, 2, 1, 1, 2, 1, 1, 1, 1, 1, 0, 2, 2, 1, 2, 0, 0, 0, 2, 2, 1, 0, 2, 0, 2, 2, 1, 0, 1, 1, 1, 0, 0, 1, 0, 2, 1, 2, 2, 0, 0, 1, 1, 0, 2, 0, 2, 1, 0, 0, 2, 0, 2, 2, 0, 1, 1, 0, 0, 2, 1, 1, 2, 2, 0, 2, 2, 2, 1, 2, 1, 1, 2, 0, 1, 1, 2, 1, 2, 0, 1, 1, 1, 1, 0, 0, 1, 0, 1, 1, 1, 0, 1, 1, 0, 2, 1, 0, 0]|[1, 3, 1, 3, 4, 1, 4, 4, 4, 4, 3, 2, 1, 0, 2, 1, 1, 1, 2, 1, 1, 3, 0, 1, 0, 1, 1, 4, 1, 4, 3, 2, 2, 0, 4, 1, 1, 4, 1, 1, 2, 1, 4, 4, 1, 1, 0, 1, 3, 2, 2, 1, 2, 1, 1, 2, 4, 3, 0, 2, 1, 3, 3, 1, 1, 2, 1, 1, 1, 4, 1, 3, 4, 1, 2, 4, 3, 1, 3, 1, 2, 4, 4, 4, 3, 2, 2, 3, 2, 4, 3, 4, 2, 4, 4, 2, 1, 3, 2, 2]|[0, 2, 0, 0, 3, 0, 1, 3, 1, 0, 2, 0, 1, 0, 1, 0, 0, 0, 1, 0, 0, 2, 0, 0, 1, 0, 0, 3, 0, 1, 0, 2, 0, 0, 3, 0, 1, 1, 0, 0, 0, 0, 1, 3, 0, 0, 1, 0, 2, 0, 0, 0, 0, 0, 1, 0, 1, 0, 1, 1, 0, 2, 0, 0, 0, 0, 0, 0, 0, 2, 0, 0, 1, 0, 0, 1, 0, 0, 3, 0, 0, 1, 2, 2, 0, 0, 0, 3, 0, 1, 0, 1, 0, 3, 1, 0, 0, 0, 0, 0],910.6016522559228,48196.44872629531,105119.71286620182,false
61,G3_TWC,G3_TWC,[31, 22, 42, 15, 26, 58, 95, 82, 77, 12, 47, 5, 93, 78, 98, 54, 85, 63, 18, 44, 20, 35, 43, 97, 91, 76, 10, 30, 21, 45, 71, 64, 1, 23, 17, 83, 24, 61, 60, 49, 6, 57, 94, 88, 65, 56, 79, 40, 67, 68, 46, 75, 0, 9, 19, 32, 81, 41, 27, 62, 87, 90, 99, 59, 53, 16, 72, 73, 70, 39, 37, 84, 3, 92, 25, 74, 28, 38, 51, 7, 11, 14, 34, 48, 89, 66, 50, 96, 33, 80, 8, 4, 86, 36, 2, 52, 13, 29, 69, 55]|[1, 1, 0, 1, 1, 1, 2, 1, 2, 1, 2, 2, 2, 1, 1, 0, 0, 1, 0, 2, 2, 0, 1, 2, 0, 1, 2, 2, 0, 0, 1, 2, 1, 0, 1, 0, 2, 0, 1, 1, 0, 1, 1, 1, 0, 2, 1, 1, 0, 0, 0, 0, 1, 1, 0, 1, 2, 0, 0, 0, 2, 1, 0, 1, 0, 1, 2, 1, 1, 1, 1, 1, 2, 0, 1, 2, 0, 0, 0, 1, 0, 1, 2, 0, 1, 0, 0, 0, 2, 0, 1, 0, 0, 0, 0, 1, 0, 0, 1, 1]|[4, 3, 2, 2, 0, 0, 2, 2, 2, 4, 1, 1, 2, 4, 4, 1, 1, 4, 2, 1, 1, 1, 1, 2, 1, 2, 1, 1, 1, 1, 3, 2, 3, 0, 4, 0, 1, 1, 0, 3, 2, 2, 4, 0, 1, 1, 3, 2, 0, 1, 2, 2, 1, 4, 2, 3, 2, 1, 1, 2, 1, 3, 1, 1, 2, 3, 0, 4, 3, 1, 4, 1, 1, 2, 4, 1, 2, 1, 1, 3, 2, 3, 1, 1, 1, 1, 1, 1, 1, 1, 3, 2, 1, 1, 2, 1, 2, 2, 3, 4]|[0, 2, 1, 1, 3, 3, 0, 1, 0, 0, 0, 0, 1, 0, 1, 0, 0, 3, 1, 0, 0, 0, 3, 1, 0, 2, 0, 0, 0, 1, 0, 0, 0, 0, 3, 0, 1, 0, 0, 2, 1, 1, 2, 0, 0, 0, 0, 1, 1, 0, 0, 0, 1, 3, 1, 0, 1, 0, 0, 1, 0, 2, 0, 1, 1, 2, 1, 0, 0, 1, 1, 3, 0, 1, 3, 0, 1, 0, 0, 2, 1, 0, 0, 0, 1, 0, 0, 0, 0, 0, 2, 1, 0, 1, 0, 1, 0, 0, 0, 3],872.1650162521609,57947.7929046089,85993.49946424144,false
61,G1_CMAX,G1_CMAX,[31, 22, 42, 15, 26, 58, 95, 82, 77, 12, 47, 5, 93, 78, 98, 85, 54, 63, 18, 44, 20, 35, 43, 97, 91, 10, 30, 21, 61, 71, 64, 1, 23, 17, 83, 24, 50, 60, 36, 6, 57, 94, 88, 65, 56, 79, 40, 67, 68, 46, 75, 38, 9, 19, 32, 81, 41, 27, 62, 87, 90, 99, 59, 11, 16, 72, 73, 70, 39, 37, 84, 76, 3, 92, 25, 74, 28, 7, 51, 29, 33, 14, 86, 66, 89, 45, 80, 96, 53, 4, 48, 2, 55, 49, 0, 52, 13, 8, 69, 34]|[1, 1, 1, 1, 1, 1, 2, 1, 2, 1, 2, 0, 2, 1, 1, 0, 0, 1, 0, 2, 2, 2, 1, 2, 0, 2, 2, 0, 0, 1, 2, 1, 2, 1, 0, 2, 0, 1, 1, 0, 1, 1, 1, 0, 2, 1, 1, 0, 0, 0, 0, 1, 1, 2, 1, 2, 2, 0, 0, 2, 1, 0, 1, 2, 1, 2, 1, 1, 1, 1, 1, 1, 2, 1, 1, 2, 0, 0, 0, 0, 2, 1, 2, 0, 1, 0, 0, 0, 0, 0, 2, 0, 1, 0, 0, 1, 0, 1, 2, 2]|[4, 3, 2, 2, 0, 0, 1, 2, 1, 4, 1, 0, 2, 4, 4, 1, 1, 4, 2, 1, 1, 0, 1, 2, 1, 1, 1, 1, 1, 3, 2, 3, 0, 4, 0, 1, 1, 0, 3, 2, 2, 4, 0, 1, 1, 0, 2, 0, 1, 2, 2, 1, 4, 0, 3, 2, 1, 1, 2, 1, 3, 1, 1, 1, 3, 0, 4, 3, 1, 4, 1, 2, 1, 4, 4, 1, 2, 1, 1, 1, 1, 3, 1, 1, 1, 1, 1, 1, 2, 2, 0, 2, 4, 1, 2, 1, 2, 3, 1, 1]|[2, 2, 1, 1, 3, 3, 0, 1, 0, 0, 0, 1, 1, 0, 1, 0, 0, 3, 1, 0, 0, 0, 3, 1, 0, 0, 0, 0, 1, 0, 0, 0, 0, 3, 0, 1, 0, 0, 2, 1, 1, 2, 0, 0, 0, 0, 1, 1, 0, 0, 0, 1, 3, 0, 0, 1, 0, 0, 1, 0, 2, 0, 1, 0, 2, 1, 0, 0, 1, 1, 3, 2, 0, 0, 3, 0, 1, 0, 0, 0, 0, 0, 0, 0, 1, 0, 0, 0, 1, 1, 1, 0, 3, 1, 0, 1, 0, 2, 0, 0],701.9269445084548,58814.16448267554,96724.70889609086,false
61,G4_BALANCED,G2_TEC,[20, 94, 66, 15, 26, 9, 95, 42, 77, 68, 47, 5, 3, 14, 86, 54, 85, 63, 18, 44, 31, 49, 36, 78, 74, 50, 53, 17, 21, 28, 11, 64, 93, 23, 30, 83, 24, 41, 40, 52, 65, 27, 90, 70, 39, 87, 48, 69, 99, 4, 46, 1, 13, 56, 97, 59, 45, 8, 73, 37, 35, 79, 71, 82, 76, 32, 60, 80, 58, 6, 67, 61, 33, 7, 57, 34, 12, 16, 10, 22, 96, 88, 43, 81, 91, 2, 84, 29, 92, 19, 51, 89, 38, 25, 72, 75, 98, 62, 55, 0]|[2, 1, 2, 1, 1, 2, 1, 1, 1, 1, 1, 0, 2, 2, 1, 2, 0, 0, 0, 2, 2, 1, 0, 2, 0, 2, 2, 1, 0, 1, 1, 1, 0, 0, 1, 0, 2, 1, 2, 2, 0, 0, 1, 1, 0, 2, 0, 2, 1, 0, 0, 2, 0, 2, 2, 0, 1, 1, 0, 0, 2, 1, 1, 2, 2, 0, 2, 2, 2, 1, 2, 1, 1, 2, 0, 1, 1, 2, 1, 2, 0, 1, 1, 1, 1, 0, 0, 1, 0, 1, 1, 1, 0, 1, 1, 0, 2, 1, 0, 0]|[1, 3, 1, 3, 4, 1, 4, 4, 4, 4, 3, 2, 1, 0, 2, 1, 1, 1, 2, 1, 1, 3, 0, 1, 0, 1, 1, 4, 1, 4, 3, 2, 2, 0, 4, 1, 1, 4, 1, 1, 2, 1, 4, 4, 1, 1, 0, 1, 3, 2, 2, 1, 2, 1, 1, 2, 4, 3, 0, 2, 1, 3, 3, 1, 1, 2, 1, 1, 1, 4, 1, 3, 4, 1, 2, 4, 3, 1, 3, 1, 2, 4, 4, 4, 3, 2, 2, 3, 2, 4, 3, 4, 2, 4, 4, 2, 1, 3, 2, 2]|[0, 2, 0, 0, 3, 0, 1, 3, 1, 0, 2, 0, 1, 0, 1, 0, 0, 0, 1, 0, 0, 2, 0, 0, 1, 0, 0, 3, 0, 1, 0, 2, 0, 0, 3, 0, 1, 1, 0, 0, 0, 0, 1, 3, 0, 0, 1, 0, 2, 0, 0, 0, 0, 0, 1, 0, 1, 0, 1, 1, 0, 2, 0, 0, 0, 0, 0, 0, 0, 2, 0, 0, 1, 0, 0, 1, 0, 0, 3, 0, 0, 1, 2, 2, 0, 0, 0, 3, 0, 1, 0, 1, 0, 3, 1, 0, 0, 0, 0, 0],910.6016522559228,48196.44872629531,105119.71286620182,true
61,G2_TEC,G2_TEC,[20, 94, 66, 15, 26, 9, 95, 42, 77, 68, 47, 5, 3, 14, 86, 54, 85, 63, 18, 44, 31, 49, 36, 78, 74, 50, 53, 17, 21, 28, 11, 64, 93, 23, 30, 83, 24, 41, 40, 52, 65, 27, 90, 70, 39, 87, 48, 69, 99, 4, 46, 1, 13, 56, 97, 59, 45, 8, 73, 37, 35, 79, 71, 82, 76, 32, 60, 80, 58, 6, 67, 61, 33, 7, 57, 34, 12, 16, 10, 22, 96, 88, 43, 81, 91, 2, 84, 29, 92, 19, 51, 89, 38, 25, 72, 75, 98, 62, 55, 0]|[2, 1, 2, 1, 1, 2, 1, 1, 1, 1, 1, 0, 2, 2, 1, 2, 0, 0, 0, 2, 2, 1, 0, 2, 0, 2, 2, 1, 0, 1, 1, 1, 0, 0, 1, 0, 2, 1, 2, 2, 0, 0, 1, 1, 0, 2, 0, 2, 1, 0, 0, 2, 0, 2, 2, 0, 1, 1, 0, 0, 2, 1, 1, 2, 2, 0, 2, 2, 2, 1, 2, 1, 1, 2, 0, 1, 1, 2, 1, 2, 0, 1, 1, 1, 1, 0, 0, 1, 0, 1, 1, 1, 0, 1, 1, 0, 2, 1, 0, 0]|[1, 3, 1, 3, 4, 1, 4, 4, 4, 4, 3, 2, 1, 0, 2, 1, 1, 1, 2, 1, 1, 3, 0, 1, 0, 1, 1, 4, 1, 4, 3, 2, 2, 0, 4, 1, 1, 4, 1, 1, 2, 1, 4, 4, 1, 1, 0, 1, 3, 2, 2, 1, 2, 1, 1, 2, 4, 3, 0, 2, 1, 3, 3, 1, 1, 2, 1, 1, 1, 4, 1, 3, 4, 1, 2, 4, 3, 1, 3, 1, 2, 4, 4, 4, 3, 2, 2, 3, 2, 4, 3, 4, 2, 4, 4, 2, 1, 3, 2, 2]|[0, 2, 0, 0, 3, 0, 1, 3, 1, 0, 2, 0, 1, 0, 1, 0, 0, 0, 1, 0, 0, 2, 0, 0, 1, 0, 0, 3, 0, 1, 0, 2, 0, 0, 3, 0, 1, 1, 0, 0, 0, 0, 1, 3, 0, 0, 1, 0, 2, 0, 0, 0, 0, 0, 1, 0, 1, 0, 1, 1, 0, 2, 0, 0, 0, 0, 0, 0, 0, 2, 0, 0, 1, 0, 0, 1, 0, 0, 3, 0, 0, 1, 2, 2, 0, 0, 0, 3, 0, 1, 0, 1, 0, 3, 1, 0, 0, 0, 0, 0],910.6016522559228,48196.44872629531,105119.71286620182,false
61,G3_TWC,G3_TWC,[31, 22, 42, 15, 26, 58, 95, 82, 77, 12, 47, 5, 93, 78, 98, 54, 85, 63, 18, 44, 20, 35, 43, 97, 91, 76, 10, 30, 21, 45, 71, 64, 1, 23, 17, 83, 24, 61, 60, 49, 6, 57, 94, 88, 65, 56, 79, 40, 67, 68, 46, 75, 0, 9, 19, 32, 81, 41, 27, 62, 87, 90, 99, 59, 53, 16, 72, 73, 70, 39, 37, 84, 3, 92, 25, 74, 28, 38, 51, 7, 11, 14, 34, 48, 89, 66, 50, 96, 33, 80, 8, 4, 86, 36, 2, 52, 13, 29, 69, 55]|[1, 1, 0, 1, 1, 1, 2, 1, 2, 1, 2, 2, 2, 1, 1, 0, 0, 1, 0, 2, 2, 0, 1, 2, 0, 1, 2, 2, 0, 0, 1, 2, 1, 0, 1, 0, 2, 0, 1, 1, 0, 1, 1, 1, 0, 2, 1, 1, 0, 0, 0, 0, 1, 1, 0, 1, 2, 0, 0, 0, 2, 1, 0, 1, 0, 1, 2, 1, 1, 1, 1, 1, 2, 0, 1, 2, 0, 0, 0, 1, 0, 1, 2, 0, 1, 0, 0, 0, 2, 0, 1, 0, 0, 0, 0, 1, 0, 0, 1, 1]|[4, 3, 2, 2, 0, 0, 2, 2, 2, 4, 1, 1, 2, 4, 4, 1, 1, 4, 2, 1, 1, 1, 1, 2, 1, 2, 1, 1, 1, 1, 3, 2, 3, 0, 4, 0, 1, 1, 0, 3, 2, 2, 4, 0, 1, 1, 3, 2, 0, 1, 2, 2, 1, 4, 2, 3, 2, 1, 1, 2, 1, 3, 1, 1, 2, 3, 0, 4, 3, 1, 4, 1, 1, 2, 4, 1, 2, 1, 1, 3, 2, 3, 1, 1, 1, 1, 1, 1, 1, 1, 3, 2, 1, 1, 2, 1, 2, 2, 3, 4]|[0, 2, 1, 1, 3, 3, 0, 1, 0, 0, 0, 0, 1, 0, 1, 0, 0, 3, 1, 0, 0, 0, 3, 1, 0, 2, 0, 0, 0, 1, 0, 0, 0, 0, 3, 0, 1, 0, 0, 2, 1, 1, 2, 0, 0, 0, 0, 1, 1, 0, 0, 0, 1, 3, 1, 0, 1, 0, 0, 1, 0, 2, 0, 1, 1, 2, 1, 0, 0, 1, 1, 3, 0, 1, 3, 0, 1, 0, 0, 2, 1, 0, 0, 0, 1, 0, 0, 0, 0, 0, 2, 1, 0, 1, 0, 1, 0, 0, 0, 3],872.1650162521609,57947.7929046089,85993.49946424144,false
61,G1_CMAX,G1_CMAX,[31, 22, 42, 15, 26, 58, 95, 82, 77, 12, 47, 5, 93, 78, 98, 85, 54, 63, 18, 44, 20, 35, 43, 97, 91, 10, 30, 21, 61, 71, 64, 1, 23, 17, 83, 24, 50, 60, 36, 6, 57, 94, 88, 65, 56, 79, 40, 67, 68, 46, 75, 38, 9, 19, 32, 81, 41, 27, 62, 87, 90, 99, 59, 11, 16, 72, 73, 70, 39, 37, 84, 76, 3, 92, 25, 74, 28, 7, 51, 29, 33, 14, 86, 66, 89, 45, 80, 96, 53, 4, 48, 2, 55, 49, 0, 52, 13, 8, 69, 34]|[1, 1, 1, 1, 1, 1, 2, 1, 2, 1, 2, 0, 2, 1, 1, 0, 0, 1, 0, 2, 2, 2, 1, 2, 0, 2, 2, 0, 0, 1, 2, 1, 2, 1, 0, 2, 0, 1, 1, 0, 1, 1, 1, 0, 2, 1, 1, 0, 0, 0, 0, 1, 1, 2, 1, 2, 2, 0, 0, 2, 1, 0, 1, 2, 1, 2, 1, 1, 1, 1, 1, 1, 2, 1, 1, 2, 0, 0, 0, 0, 2, 1, 2, 0, 1, 0, 0, 0, 0, 0, 2, 0, 1, 0, 0, 1, 0, 1, 2, 2]|[4, 3, 2, 2, 0, 0, 1, 2, 1, 4, 1, 0, 2, 4, 4, 1, 1, 4, 2, 1, 1, 0, 1, 2, 1, 1, 1, 1, 1, 3, 2, 3, 0, 4, 0, 1, 1, 0, 3, 2, 2, 4, 0, 1, 1, 0, 2, 0, 1, 2, 2, 1, 4, 0, 3, 2, 1, 1, 2, 1, 3, 1, 1, 1, 3, 0, 4, 3, 1, 4, 1, 2, 1, 4, 4, 1, 2, 1, 1, 1, 1, 3, 1, 1, 1, 1, 1, 1, 2, 2, 0, 2, 4, 1, 2, 1, 2, 3, 1, 1]|[2, 2, 1, 1, 3, 3, 0, 1, 0, 0, 0, 1, 1, 0, 1, 0, 0, 3, 1, 0, 0, 0, 3, 1, 0, 0, 0, 0, 1, 0, 0, 0, 0, 3, 0, 1, 0, 0, 2, 1, 1, 2, 0, 0, 0, 0, 1, 1, 0, 0, 0, 1, 3, 0, 0, 1, 0, 0, 1, 0, 2, 0, 1, 0, 2, 1, 0, 0, 1, 1, 3, 2, 0, 0, 3, 0, 1, 0, 0, 0, 0, 0, 0, 0, 1, 0, 0, 0, 1, 1, 1, 0, 3, 1, 0, 1, 0, 2, 0, 0],701.9269445084548,58814.16448267554,96724.70889609086,false
61,G4_BALANCED,G4_BALANCED,[31, 11, 82, 15, 26, 9, 95, 42, 77, 68, 47, 5, 93, 78, 86, 54, 85, 63, 18, 44, 20, 49, 36, 14, 74, 50, 53, 17, 21, 45, 71, 64, 3, 23, 30, 83, 24, 41, 60, 52, 65, 27, 90, 70, 39, 87, 48, 69, 99, 4, 46, 1, 13, 58, 97, 59, 28, 75, 73, 37, 35, 79, 22, 66, 76, 32, 40, 80, 96, 6, 16, 61, 33, 7, 57, 34, 12, 67, 10, 98, 56, 88, 29, 8, 91, 38, 19, 92, 43, 2, 89, 72, 51, 25, 84, 55, 62, 81, 94, 0]|[2, 1, 2, 1, 1, 2, 1, 1, 1, 1, 1, 0, 2, 2, 1, 2, 0, 0, 0, 2, 2, 1, 0, 2, 0, 2, 2, 1, 0, 1, 1, 1, 0, 0, 2, 0, 2, 1, 2, 2, 0, 0, 1, 1, 0, 2, 0, 2, 1, 0, 0, 2, 0, 0, 2, 0, 1, 1, 0, 0, 2, 1, 0, 2, 2, 0, 2, 2, 0, 1, 2, 1, 2, 2, 0, 1, 1, 1, 1, 2, 2, 1, 1, 0, 1, 0, 1, 0, 1, 2, 1, 1, 1, 1, 0, 0, 1, 1, 2, 0]|[0, 3, 0, 2, 4, 1, 4, 4, 2, 4, 3, 2, 1, 0, 2, 1, 1, 1, 2, 1, 1, 3, 0, 1, 0, 1, 1, 4, 1, 4, 3, 2, 2, 0, 1, 1, 1, 4, 0, 1, 2, 1, 4, 4, 1, 1, 0, 2, 3, 2, 2, 1, 2, 1, 1, 2, 4, 3, 0, 2, 2, 3, 1, 0, 1, 2, 0, 1, 2, 4, 1, 3, 1, 1, 2, 4, 3, 3, 3, 1, 1, 4, 3, 2, 3, 2, 4, 2, 4, 1, 4, 4, 3, 4, 2, 2, 3, 4, 1, 2]|[0, 2, 0, 1, 3, 0, 1, 3, 0, 0, 2, 0, 1, 0, 1, 0, 0, 0, 1, 0, 0, 2, 0, 0, 1, 0, 0, 3, 0, 1, 0, 2, 0, 1, 0, 0, 1, 3, 1, 0, 0, 0, 1, 3, 0, 0, 1, 0, 2, 0, 0, 0, 0, 0, 1, 0, 1, 0, 1, 1, 0, 2, 0, 0, 0, 0, 1, 0, 0, 2, 0, 0, 0, 0, 0, 1, 0, 0, 3, 0, 0, 1, 3, 0, 0, 0, 1, 0, 2, 0, 1, 2, 0, 3, 0, 0, 0, 1, 0, 0],852.5184451675896,52077.87777408223,105904.01879381535,false
61,G2_TEC,G2_TEC,[20, 94, 66, 15, 26, 9, 95, 42, 77, 68, 47, 5, 3, 14, 86, 54, 85, 63, 18, 44, 31, 49, 36, 78, 74, 50, 53, 17, 21, 28, 11, 64, 93, 23, 30, 83, 24, 41, 40, 52, 65, 27, 90, 70, 39, 87, 48, 69, 99, 4, 46, 1, 13, 56, 97, 59, 45, 8, 73, 37, 35, 79, 71, 82, 76, 32, 60, 80, 58, 6, 67, 61, 33, 7, 57, 34, 12, 16, 10, 22, 96, 88, 43, 81, 91, 2, 84, 29, 92, 19, 51, 89, 38, 25, 72, 75, 98, 62, 55, 0]|[2, 1, 2, 1, 1, 2, 1, 1, 1, 1, 1, 0, 2, 2, 1, 2, 0, 0, 0, 2, 2, 1, 0, 2, 0, 2, 2, 1, 0, 1, 1, 1, 0, 0, 1, 0, 2, 1, 2, 2, 0, 0, 1, 1, 0, 2, 0, 2, 1, 0, 0, 2, 0, 2, 2, 0, 1, 1, 0, 0, 2, 1, 1, 2, 2, 0, 2, 2, 2, 1, 2, 1, 1, 2, 0, 1, 1, 2, 1, 2, 0, 1, 1, 1, 1, 0, 0, 1, 0, 1, 1, 1, 0, 1, 1, 0, 2, 1, 0, 0]|[1, 3, 1, 3, 4, 1, 4, 4, 4, 4, 3, 2, 1, 0, 2, 1, 1, 1, 2, 1, 1, 3, 0, 1, 0, 1, 1, 4, 1, 4, 3, 2, 2, 0, 4, 1, 1, 4, 1, 1, 2, 1, 4, 4, 1, 1, 0, 1, 3, 2, 2, 1, 2, 1, 1, 2, 4, 3, 0, 2, 1, 3, 3, 1, 1, 2, 1, 1, 1, 4, 1, 3, 4, 1, 2, 4, 3, 1, 3, 1, 2, 4, 4, 4, 3, 2, 2, 3, 2, 4, 3, 4, 2, 4, 4, 2, 1, 3, 2, 2]|[0, 2, 0, 0, 3, 0, 1, 3, 1, 0, 2, 0, 1, 0, 1, 0, 0, 0, 1, 0, 0, 2, 0, 0, 1, 0, 0, 3, 0, 1, 0, 2, 0, 0, 3, 0, 1, 1, 0, 0, 0, 0, 1, 3, 0, 0, 1, 0, 2, 0, 0, 0, 0, 0, 1, 0, 1, 0, 1, 1, 0, 2, 0, 0, 0, 0, 0, 0, 0, 2, 0, 0, 1, 0, 0, 1, 0, 0, 3, 0, 0, 1, 2, 2, 0, 0, 0, 3, 0, 1, 0, 1, 0, 3, 1, 0, 0, 0, 0, 0],910.6016522559228,48196.44872629531,105119.71286620182,false
61,G3_TWC,G3_TWC,[31, 22, 42, 15, 26, 58, 95, 82, 77, 12, 47, 5, 93, 78, 98, 54, 85, 63, 18, 44, 20, 35, 43, 97, 91, 76, 10, 30, 21, 45, 71, 64, 1, 23, 17, 83, 24, 61, 60, 49, 6, 57, 94, 88, 65, 56, 79, 40, 67, 68, 46, 75, 0, 9, 19, 32, 81, 41, 27, 62, 87, 90, 99, 59, 53, 16, 72, 73, 70, 39, 37, 84, 3, 92, 25, 74, 28, 38, 51, 7, 11, 14, 34, 48, 89, 66, 50, 96, 33, 80, 8, 4, 86, 36, 2, 52, 13, 29, 69, 55]|[1, 1, 0, 1, 1, 1, 2, 1, 2, 1, 2, 2, 2, 1, 1, 0, 0, 1, 0, 2, 2, 0, 1, 2, 0, 1, 2, 2, 0, 0, 1, 2, 1, 0, 1, 0, 2, 0, 1, 1, 0, 1, 1, 1, 0, 2, 1, 1, 0, 0, 0, 0, 1, 1, 0, 1, 2, 0, 0, 0, 2, 1, 0, 1, 0, 1, 2, 1, 1, 1, 1, 1, 2, 0, 1, 2, 0, 0, 0, 1, 0, 1, 2, 0, 1, 0, 0, 0, 2, 0, 1, 0, 0, 0, 0, 1, 0, 0, 1, 1]|[4, 3, 2, 2, 0, 0, 2, 2, 2, 4, 1, 1, 2, 4, 4, 1, 1, 4, 2, 1, 1, 1, 1, 2, 1, 2, 1, 1, 1, 1, 3, 2, 3, 0, 4, 0, 1, 1, 0, 3, 2, 2, 4, 0, 1, 1, 3, 2, 0, 1, 2, 2, 1, 4, 2, 3, 2, 1, 1, 2, 1, 3, 1, 1, 2, 3, 0, 4, 3, 1, 4, 1, 1, 2, 4, 1, 2, 1, 1, 3, 2, 3, 1, 1, 1, 1, 1, 1, 1, 1, 3, 2, 1, 1, 2, 1, 2, 2, 3, 4]|[0, 2, 1, 1, 3, 3, 0, 1, 0, 0, 0, 0, 1, 0, 1, 0, 0, 3, 1, 0, 0, 0, 3, 1, 0, 2, 0, 0, 0, 1, 0, 0, 0, 0, 3, 0, 1, 0, 0, 2, 1, 1, 2, 0, 0, 0, 0, 1, 1, 0, 0, 0, 1, 3, 1, 0, 1, 0, 0, 1, 0, 2, 0, 1, 1, 2, 1, 0, 0, 1, 1, 3, 0, 1, 3, 0, 1, 0, 0, 2, 1, 0, 0, 0, 1, 0, 0, 0, 0, 0, 2, 1, 0, 1, 0, 1, 0, 0, 0, 3],872.1650162521609,57947.7929046089,85993.49946424144,false
61,G1_CMAX,G1_CMAX,[31, 22, 42, 15, 26, 58, 95, 82, 77, 12, 47, 5, 93, 78, 98, 85, 54, 63, 18, 44, 20, 35, 43, 97, 91, 10, 30, 21, 61, 71, 64, 1, 23, 17, 83, 24, 50, 60, 36, 6, 57, 94, 88, 65, 56, 79, 40, 67, 68, 46, 75, 38, 9, 19, 32, 81, 41, 27, 62, 87, 90, 99, 59, 11, 16, 72, 73, 70, 39, 37, 84, 76, 3, 92, 25, 74, 28, 7, 51, 29, 33, 14, 86, 66, 89, 45, 80, 96, 53, 4, 48, 2, 55, 49, 0, 52, 13, 8, 69, 34]|[1, 1, 1, 1, 1, 1, 2, 1, 2, 1, 2, 0, 2, 1, 1, 0, 0, 1, 0, 2, 2, 2, 1, 2, 0, 2, 2, 0, 0, 1, 2, 1, 2, 1, 0, 2, 0, 1, 1, 0, 1, 1, 1, 0, 2, 1, 1, 0, 0, 0, 0, 1, 1, 2, 1, 2, 2, 0, 0, 2, 1, 0, 1, 2, 1, 2, 1, 1, 1, 1, 1, 1, 2, 1, 1, 2, 0, 0, 0, 0, 2, 1, 2, 0, 1, 0, 0, 0, 0, 0, 2, 0, 1, 0, 0, 1, 0, 1, 2, 2]|[4, 3, 2, 2, 0, 0, 1, 2, 1, 4, 1, 0, 2, 4, 4, 1, 1, 4, 2, 1, 1, 0, 1, 2, 1, 1, 1, 1, 1, 3, 2, 3, 0, 4, 0, 1, 1, 0, 3, 2, 2, 4, 0, 1, 1, 0, 2, 0, 1, 2, 2, 1, 4, 0, 3, 2, 1, 1, 2, 1, 3, 1, 1, 1, 3, 0, 4, 3, 1, 4, 1, 2, 1, 4, 4, 1, 2, 1, 1, 1, 1, 3, 1, 1, 1, 1, 1, 1, 2, 2, 0, 2, 4, 1, 2, 1, 2, 3, 1, 1]|[2, 2, 1, 1, 3, 3, 0, 1, 0, 0, 0, 1, 1, 0, 1, 0, 0, 3, 1, 0, 0, 0, 3, 1, 0, 0, 0, 0, 1, 0, 0, 0, 0, 3, 0, 1, 0, 0, 2, 1, 1, 2, 0, 0, 0, 0, 1, 1, 0, 0, 0, 1, 3, 0, 0, 1, 0, 0, 1, 0, 2, 0, 1, 0, 2, 1, 0, 0, 1, 1, 3, 2, 0, 0, 3, 0, 1, 0, 0, 0, 0, 0, 0, 0, 1, 0, 0, 0, 1, 1, 1, 0, 3, 1, 0, 1, 0, 2, 0, 0],701.9269445084548,58814.16448267554,96724.70889609086,false
61,G4_BALANCED,G2_TEC,[20, 94, 66, 15, 26, 9, 95, 42, 77, 68, 47, 5, 3, 14, 86, 54, 85, 63, 18, 44, 31, 49, 36, 78, 74, 50, 53, 17, 21, 28, 11, 64, 93, 23, 30, 83, 24, 41, 40, 52, 65, 27, 90, 70, 39, 87, 48, 69, 99, 4, 46, 1, 13, 56, 97, 59, 45, 8, 73, 37, 35, 79, 71, 82, 76, 32, 60, 80, 58, 6, 67, 61, 33, 7, 57, 34, 12, 16, 10, 22, 96, 88, 43, 81, 91, 2, 84, 29, 92, 19, 51, 89, 38, 25, 72, 75, 98, 62, 55, 0]|[2, 1, 2, 1, 1, 2, 1, 1, 1, 1, 1, 0, 2, 2, 1, 2, 0, 0, 0, 2, 2, 1, 0, 2, 0, 2, 2, 1, 0, 1, 1, 1, 0, 0, 1, 0, 2, 1, 2, 2, 0, 0, 1, 1, 0, 2, 0, 2, 1, 0, 0, 2, 0, 2, 2, 0, 1, 1, 0, 0, 2, 1, 1, 2, 2, 0, 2, 2, 2, 1, 2, 1, 1, 2, 0, 1, 1, 2, 1, 2, 0, 1, 1, 1, 1, 0, 0, 1, 0, 1, 1, 1, 0, 1, 1, 0, 2, 1, 0, 0]|[1, 3, 1, 3, 4, 1, 4, 4, 4, 4, 3, 2, 1, 0, 2, 1, 1, 1, 2, 1, 1, 3, 0, 1, 0, 1, 1, 4, 1, 4, 3, 2, 2, 0, 4, 1, 1, 4, 1, 1, 2, 1, 4, 4, 1, 1, 0, 1, 3, 2, 2, 1, 2, 1, 1, 2, 4, 3, 0, 2, 1, 3, 3, 1, 1, 2, 1, 1, 1, 4, 1, 3, 4, 1, 2, 4, 3, 1, 3, 1, 2, 4, 4, 4, 3, 2, 2, 3, 2, 4, 3, 4, 2, 4, 4, 2, 1, 3, 2, 2]|[0, 2, 0, 0, 3, 0, 1, 3, 1, 0, 2, 0, 1, 0, 1, 0, 0, 0, 1, 0, 0, 2, 0, 0, 1, 0, 0, 3, 0, 1, 0, 2, 0, 0, 3, 0, 1, 1, 0, 0, 0, 0, 1, 3, 0, 0, 1, 0, 2, 0, 0, 0, 0, 0, 1, 0, 1, 0, 1, 1, 0, 2, 0, 0, 0, 0, 0, 0, 0, 2, 0, 0, 1, 0, 0, 1, 0, 0, 3, 0, 0, 1, 2, 2, 0, 0, 0, 3, 0, 1, 0, 1, 0, 3, 1, 0, 0, 0, 0, 0],910.6016522559228,48196.44872629531,105119.71286620182,true
61,G2_TEC,G2_TEC,[20, 94, 66, 15, 26, 9, 95, 42, 77, 68, 47, 5, 3, 14, 86, 54, 85, 63, 18, 44, 31, 49, 36, 78, 74, 50, 53, 17, 21, 28, 11, 64, 93, 23, 30, 83, 24, 41, 40, 52, 65, 27, 90, 70, 39, 87, 48, 69, 99, 4, 46, 1, 13, 56, 97, 59, 45, 8, 73, 37, 35, 79, 71, 82, 76, 32, 60, 80, 58, 6, 67, 61, 33, 7, 57, 34, 12, 16, 10, 22, 96, 88, 43, 81, 91, 2, 84, 29, 92, 19, 51, 89, 38, 25, 72, 75, 98, 62, 55, 0]|[2, 1, 2, 1, 1, 2, 1, 1, 1, 1, 1, 0, 2, 2, 1, 2, 0, 0, 0, 2, 2, 1, 0, 2, 0, 2, 2, 1, 0, 1, 1, 1, 0, 0, 1, 0, 2, 1, 2, 2, 0, 0, 1, 1, 0, 2, 0, 2, 1, 0, 0, 2, 0, 2, 2, 0, 1, 1, 0, 0, 2, 1, 1, 2, 2, 0, 2, 2, 2, 1, 2, 1, 1, 2, 0, 1, 1, 2, 1, 2, 0, 1, 1, 1, 1, 0, 0, 1, 0, 1, 1, 1, 0, 1, 1, 0, 2, 1, 0, 0]|[1, 3, 1, 3, 4, 1, 4, 4, 4, 4, 3, 2, 1, 0, 2, 1, 1, 1, 2, 1, 1, 3, 0, 1, 0, 1, 1, 4, 1, 4, 3, 2, 2, 0, 4, 1, 1, 4, 1, 1, 2, 1, 4, 4, 1, 1, 0, 1, 3, 2, 2, 1, 2, 1, 1, 2, 4, 3, 0, 2, 1, 3, 3, 1, 1, 2, 1, 1, 1, 4, 1, 3, 4, 1, 2, 4, 3, 1, 3, 1, 2, 4, 4, 4, 3, 2, 2, 3, 2, 4, 3, 4, 2, 4, 4, 2, 1, 3, 2, 2]|[0, 2, 0, 0, 3, 0, 1, 3, 1, 0, 2, 0, 1, 0, 1, 0, 0, 0, 1, 0, 0, 2, 0, 0, 1, 0, 0, 3, 0, 1, 0, 2, 0, 0, 3, 0, 1, 1, 0, 0, 0, 0, 1, 3, 0, 0, 1, 0, 2, 0, 0, 0, 0, 0, 1, 0, 1, 0, 1, 1, 0, 2, 0, 0, 0, 0, 0, 0, 0, 2, 0, 0, 1, 0, 0, 1, 0, 0, 3, 0, 0, 1, 2, 2, 0, 0, 0, 3, 0, 1, 0, 1, 0, 3, 1, 0, 0, 0, 0, 0],910.6016522559228,48196.44872629531,105119.71286620182,false
61,G3_TWC,G3_TWC,[31, 22, 42, 15, 26, 58, 95, 82, 77, 12, 47, 5, 93, 78, 98, 54, 85, 63, 18, 44, 20, 35, 43, 97, 91, 76, 10, 30, 21, 45, 71, 64, 1, 23, 17, 83, 24, 61, 60, 49, 6, 57, 94, 88, 65, 56, 79, 40, 67, 68, 46, 75, 0, 9, 19, 32, 81, 41, 27, 62, 87, 90, 99, 59, 53, 16, 72, 73, 70, 39, 37, 84, 3, 92, 25, 74, 28, 38, 51, 7, 11, 14, 34, 48, 89, 66, 50, 96, 33, 80, 8, 4, 86, 36, 2, 52, 13, 29, 69, 55]|[1, 1, 0, 1, 1, 1, 2, 1, 2, 1, 2, 2, 2, 1, 1, 0, 0, 1, 0, 2, 2, 0, 1, 2, 0, 1, 2, 2, 0, 0, 1, 2, 1, 0, 1, 0, 2, 0, 1, 1, 0, 1, 1, 1, 0, 2, 1, 1, 0, 0, 0, 0, 1, 1, 0, 1, 2, 0, 0, 0, 2, 1, 0, 1, 0, 1, 2, 1, 1, 1, 1, 1, 2, 0, 1, 2, 0, 0, 0, 1, 0, 1, 2, 0, 1, 0, 0, 0, 2, 0, 1, 0, 0, 0, 0, 1, 0, 0, 1, 1]|[4, 3, 2, 2, 0, 0, 2, 2, 2, 4, 1, 1, 2, 4, 4, 1, 1, 4, 2, 1, 1, 1, 1, 2, 1, 2, 1, 1, 1, 1, 3, 2, 3, 0, 4, 0, 1, 1, 0, 3, 2, 2, 4, 0, 1, 1, 3, 2, 0, 1, 2, 2, 1, 4, 2, 3, 2, 1, 1, 2, 1, 3, 1, 1, 2, 3, 0, 4, 3, 1, 4, 1, 1, 2, 4, 1, 2, 1, 1, 3, 2, 3, 1, 1, 1, 1, 1, 1, 1, 1, 3, 2, 1, 1, 2, 1, 2, 2, 3, 4]|[0, 2, 1, 1, 3, 3, 0, 1, 0, 0, 0, 0, 1, 0, 1, 0, 0, 3, 1, 0, 0, 0, 3, 1, 0, 2, 0, 0, 0, 1, 0, 0, 0, 0, 3, 0, 1, 0, 0, 2, 1, 1, 2, 0, 0, 0, 0, 1, 1, 0, 0, 0, 1, 3, 1, 0, 1, 0, 0, 1, 0, 2, 0, 1, 1, 2, 1, 0, 0, 1, 1, 3, 0, 1, 3, 0, 1, 0, 0, 2, 1, 0, 0, 0, 1, 0, 0, 0, 0, 0, 2, 1, 0, 1, 0, 1, 0, 0, 0, 3],872.1650162521609,57947.7929046089,85993.49946424144,false
61,G1_CMAX,G1_CMAX,[31, 22, 42, 15, 26, 58, 95, 82, 77, 12, 47, 5, 93, 78, 98, 85, 54, 63, 18, 44, 20, 35, 43, 97, 91, 10, 30, 21, 61, 71, 64, 1, 23, 17, 83, 24, 50, 60, 36, 6, 57, 94, 88, 65, 56, 79, 40, 67, 68, 46, 75, 38, 9, 19, 32, 81, 41, 27, 62, 87, 90, 99, 59, 11, 16, 72, 73, 70, 39, 37, 84, 76, 3, 92, 25, 74, 28, 7, 51, 29, 33, 14, 86, 66, 89, 45, 80, 96, 53, 4, 48, 2, 55, 49, 0, 52, 13, 8, 69, 34]|[1, 1, 1, 1, 1, 1, 2, 1, 2, 1, 2, 0, 2, 1, 1, 0, 0, 1, 0, 2, 2, 2, 1, 2, 0, 2, 2, 0, 0, 1, 2, 1, 2, 1, 0, 2, 0, 1, 1, 0, 1, 1, 1, 0, 2, 1, 1, 0, 0, 0, 0, 1, 1, 2, 1, 2, 2, 0, 0, 2, 1, 0, 1, 2, 1, 2, 1, 1, 1, 1, 1, 1, 2, 1, 1, 2, 0, 0, 0, 0, 2, 1, 2, 0, 1, 0, 0, 0, 0, 0, 2, 0, 1, 0, 0, 1, 0, 1, 2, 2]|[4, 3, 2, 2, 0, 0, 1, 2, 1, 4, 1, 0, 2, 4, 4, 1, 1, 4, 2, 1, 1, 0, 1, 2, 1, 1, 1, 1, 1, 3, 2, 3, 0, 4, 0, 1, 1, 0, 3, 2, 2, 4, 0, 1, 1, 0, 2, 0, 1, 2, 2, 1, 4, 0, 3, 2, 1, 1, 2, 1, 3, 1, 1, 1, 3, 0, 4, 3, 1, 4, 1, 2, 1, 4, 4, 1, 2, 1, 1, 1, 1, 3, 1, 1, 1, 1, 1, 1, 2, 2, 0, 2, 4, 1, 2, 1, 2, 3, 1, 1]|[2, 2, 1, 1, 3, 3, 0, 1, 0, 0, 0, 1, 1, 0, 1, 0, 0, 3, 1, 0, 0, 0, 3, 1, 0, 0, 0, 0, 1, 0, 0, 0, 0, 3, 0, 1, 0, 0, 2, 1, 1, 2, 0, 0, 0, 0, 1, 1, 0, 0, 0, 1, 3, 0, 0, 1, 0, 0, 1, 0, 2, 0, 1, 0, 2, 1, 0, 0, 1, 1, 3, 2, 0, 0, 3, 0, 1, 0, 0, 0, 0, 0, 0, 0, 1, 0, 0, 0, 1, 1, 1, 0, 3, 1, 0, 1, 0, 2, 0, 0],701.9269445084548,58814.16448267554,96724.70889609086,false
61,G4_BALANCED,G2_TEC,[20, 94, 66, 15, 26, 9, 95, 42, 77, 68, 47, 5, 3, 14, 86, 54, 85, 63, 18, 44, 31, 49, 36, 78, 74, 50, 53, 17, 21, 28, 11, 64, 93, 23, 30, 83, 24, 41, 40, 52, 65, 27, 90, 70, 39, 87, 48, 69, 99, 4, 46, 1, 13, 56, 97, 59, 45, 8, 73, 37, 35, 79, 71, 82, 76, 32, 60, 80, 58, 6, 67, 61, 33, 7, 57, 34, 12, 16, 10, 22, 96, 88, 43, 81, 91, 2, 84, 29, 92, 19, 51, 89, 38, 25, 72, 75, 98, 62, 55, 0]|[2, 1, 2, 1, 1, 2, 1, 1, 1, 1, 1, 0, 2, 2, 1, 2, 0, 0, 0, 2, 2, 1, 0, 2, 0, 2, 2, 1, 0, 1, 1, 1, 0, 0, 1, 0, 2, 1, 2, 2, 0, 0, 1, 1, 0, 2, 0, 2, 1, 0, 0, 2, 0, 2, 2, 0, 1, 1, 0, 0, 2, 1, 1, 2, 2, 0, 2, 2, 2, 1, 2, 1, 1, 2, 0, 1, 1, 2, 1, 2, 0, 1, 1, 1, 1, 0, 0, 1, 0, 1, 1, 1, 0, 1, 1, 0, 2, 1, 0, 0]|[1, 3, 1, 3, 4, 1, 4, 4, 4, 4, 3, 2, 1, 0, 2, 1, 1, 1, 2, 1, 1, 3, 0, 1, 0, 1, 1, 4, 1, 4, 3, 2, 2, 0, 4, 1, 1, 4, 1, 1, 2, 1, 4, 4, 1, 1, 0, 1, 3, 2, 2, 1, 2, 1, 1, 2, 4, 3, 0, 2, 1, 3, 3, 1, 1, 2, 1, 1, 1, 4, 1, 3, 4, 1, 2, 4, 3, 1, 3, 1, 2, 4, 4, 4, 3, 2, 2, 3, 2, 4, 3, 4, 2, 4, 4, 2, 1, 3, 2, 2]|[0, 2, 0, 0, 3, 0, 1, 3, 1, 0, 2, 0, 1, 0, 1, 0, 0, 0, 1, 0, 0, 2, 0, 0, 1, 0, 0, 3, 0, 1, 0, 2, 0, 0, 3, 0, 1, 1, 0, 0, 0, 0, 1, 3, 0, 0, 1, 0, 2, 0, 0, 0, 0, 0, 1, 0, 1, 0, 1, 1, 0, 2, 0, 0, 0, 0, 0, 0, 0, 2, 0, 0, 1, 0, 0, 1, 0, 0, 3, 0, 0, 1, 2, 2, 0, 0, 0, 3, 0, 1, 0, 1, 0, 3, 1, 0, 0, 0, 0, 0],910.6016522559228,48196.44872629531,105119.71286620182,true
61,G2_TEC,G1_CMAX,[31, 22, 42, 15, 26, 58, 95, 82, 77, 12, 47, 5, 93, 78, 98, 54, 85, 63, 18, 44, 20, 35, 43, 97, 91, 76, 10, 30, 21, 45, 71, 64, 1, 23, 17, 83, 24, 61, 60, 49, 6, 57, 94, 88, 65, 56, 79, 40, 67, 68, 46, 75, 38, 9, 19, 32, 81, 41, 27, 62, 87, 90, 99, 59, 11, 16, 72, 73, 70, 39, 37, 84, 3, 92, 25, 74, 28, 48, 51, 7, 53, 14, 86, 0, 89, 50, 66, 96, 33, 80, 8, 4, 34, 36, 55, 52, 2, 29, 69, 13]|[1, 1, 0, 1, 1, 1, 2, 1, 2, 1, 2, 2, 2, 1, 1, 0, 0, 1, 0, 2, 2, 0, 1, 2, 0, 1, 2, 2, 0, 0, 1, 2, 1, 0, 1, 0, 2, 0, 1, 1, 0, 1, 1, 1, 0, 2, 1, 1, 0, 0, 0, 0, 0, 1, 2, 1, 2, 0, 0, 0, 2, 1, 0, 1, 2, 1, 2, 1, 1, 1, 1, 1, 2, 0, 1, 2, 0, 0, 0, 1, 0, 1, 0, 0, 1, 0, 0, 0, 2, 0, 1, 0, 2, 0, 1, 1, 0, 0, 1, 0]|[4, 3, 2, 2, 0, 0, 2, 2, 2, 4, 1, 1, 2, 4, 4, 1, 1, 4, 2, 1, 1, 1, 1, 2, 1, 2, 1, 1, 2, 1, 3, 2, 3, 0, 4, 0, 1, 1, 0, 3, 2, 2, 4, 0, 1, 1, 3, 2, 0, 1, 2, 2, 2, 4, 0, 3, 1, 1, 1, 2, 1, 3, 1, 1, 1, 3, 0, 4, 3, 1, 4, 1, 1, 2, 4, 1, 2, 1, 1, 3, 2, 3, 1, 1, 1, 1, 1, 1, 1, 1, 3, 2, 1, 1, 4, 1, 2, 2, 3, 2]|[0, 2, 1, 1, 3, 3, 0, 1, 0, 0, 0, 0, 1, 0, 1, 0, 0, 3, 1, 0, 0, 0, 3, 1, 0, 2, 0, 0, 0, 1, 0, 0, 0, 0, 3, 0, 1, 0, 0, 2, 1, 1, 2, 0, 0, 0, 0, 1, 1, 0, 0, 0, 0, 3, 0, 0, 0, 0, 0, 1, 0, 2, 0, 1, 0, 2, 1, 0, 0, 1, 1, 3, 0, 1, 3, 0, 1, 0, 0, 2, 1, 0, 0, 0, 1, 0, 0, 0, 0, 0, 2, 1, 0, 1, 3, 1, 0, 0, 0, 0],899.2849655746903,56278.29381235766,90231.68607226205,true
61,G3_TWC,G3_TWC,[31, 22, 42, 15, 26, 58, 95, 82, 77, 12, 47, 5, 93, 78, 98, 54, 85, 63, 18, 44, 20, 35, 43, 97, 91, 76, 10, 30, 21, 45, 71, 64, 1, 23, 17, 83, 24, 61, 60, 49, 6, 57, 94, 88, 65, 56, 79, 40, 67, 68, 46, 75, 0, 9, 19, 32, 81, 41, 27, 62, 87, 90, 99, 59, 53, 16, 72, 73, 70, 39, 37, 84, 3, 92, 25, 74, 28, 38, 51, 7, 11, 14, 34, 48, 89, 66, 50, 96, 33, 80, 8, 4, 86, 36, 2, 52, 13, 29, 69, 55]|[1, 1, 0, 1, 1, 1, 2, 1, 2, 1, 2, 2, 2, 1, 1, 0, 0, 1, 0, 2, 2, 0, 1, 2, 0, 1, 2, 2, 0, 0, 1, 2, 1, 0, 1, 0, 2, 0, 1, 1, 0, 1, 1, 1, 0, 2, 1, 1, 0, 0, 0, 0, 1, 1, 0, 1, 2, 0, 0, 0, 2, 1, 0, 1, 0, 1, 2, 1, 1, 1, 1, 1, 2, 0, 1, 2, 0, 0, 0, 1, 0, 1, 2, 0, 1, 0, 0, 0, 2, 0, 1, 0, 0, 0, 0, 1, 0, 0, 1, 1]|[4, 3, 2, 2, 0, 0, 2, 2, 2, 4, 1, 1, 2, 4, 4, 1, 1, 4, 2, 1, 1, 1, 1, 2, 1, 2, 1, 1, 1, 1, 3, 2, 3, 0, 4, 0, 1, 1, 0, 3, 2, 2, 4, 0, 1, 1, 3, 2, 0, 1, 2, 2, 1, 4, 2, 3, 2, 1, 1, 2, 1, 3, 1, 1, 2, 3, 0, 4, 3, 1, 4, 1, 1, 2, 4, 1, 2, 1, 1, 3, 2, 3, 1, 1, 1, 1, 1, 1, 1, 1, 3, 2, 1, 1, 2, 1, 2, 2, 3, 4]|[0, 2, 1, 1, 3, 3, 0, 1, 0, 0, 0, 0, 1, 0, 1, 0, 0, 3, 1, 0, 0, 0, 3, 1, 0, 2, 0, 0, 0, 1, 0, 0, 0, 0, 3, 0, 1, 0, 0, 2, 1, 1, 2, 0, 0, 0, 0, 1, 1, 0, 0, 0, 1, 3, 1, 0, 1, 0, 0, 1, 0, 2, 0, 1, 1, 2, 1, 0, 0, 1, 1, 3, 0, 1, 3, 0, 1, 0, 0, 2, 1, 0, 0, 0, 1, 0, 0, 0, 0, 0, 2, 1, 0, 1, 0, 1, 0, 0, 0, 3],872.1650162521609,57947.7929046089,85993.49946424144,false
61,G1_CMAX,G1_CMAX,[31, 22, 42, 15, 26, 58, 95, 82, 77, 12, 47, 5, 93, 78, 98, 85, 54, 63, 18, 44, 20, 35, 43, 97, 91, 10, 30, 21, 61, 71, 64, 1, 23, 17, 83, 24, 50, 60, 36, 6, 57, 94, 88, 65, 56, 79, 40, 67, 68, 46, 75, 38, 9, 19, 32, 81, 41, 27, 62, 87, 90, 99, 59, 11, 16, 72, 73, 70, 39, 37, 84, 76, 3, 92, 25, 74, 28, 7, 51, 29, 33, 14, 86, 66, 89, 45, 80, 96, 53, 4, 48, 2, 55, 49, 0, 52, 13, 8, 69, 34]|[1, 1, 1, 1, 1, 1, 2, 1, 2, 1, 2, 0, 2, 1, 1, 0, 0, 1, 0, 2, 2, 2, 1, 2, 0, 2, 2, 0, 0, 1, 2, 1, 2, 1, 0, 2, 0, 1, 1, 0, 1, 1, 1, 0, 2, 1, 1, 0, 0, 0, 0, 1, 1, 2, 1, 2, 2, 0, 0, 2, 1, 0, 1, 2, 1, 2, 1, 1, 1, 1, 1, 1, 2, 1, 1, 2, 0, 0, 0, 0, 2, 1, 2, 0, 1, 0, 0, 0, 0, 0, 2, 0, 1, 0, 0, 1, 0, 1, 2, 2]|[4, 3, 2, 2, 0, 0, 1, 2, 1, 4, 1, 0, 2, 4, 4, 1, 1, 4, 2, 1, 1, 0, 1, 2, 1, 1, 1, 1, 1, 3, 2, 3, 0, 4, 0, 1, 1, 0, 3, 2, 2, 4, 0, 1, 1, 0, 2, 0, 1, 2, 2, 1, 4, 0, 3, 2, 1, 1, 2, 1, 3, 1, 1, 1, 3, 0, 4, 3, 1, 4, 1, 2, 1, 4, 4, 1, 2, 1, 1, 1, 1, 3, 1, 1, 1, 1, 1, 1, 2, 2, 0, 2, 4, 1, 2, 1, 2, 3, 1, 1]|[2, 2, 1, 1, 3, 3, 0, 1, 0, 0, 0, 1, 1, 0, 1, 0, 0, 3, 1, 0, 0, 0, 3, 1, 0, 0, 0, 0, 1, 0, 0, 0, 0, 3, 0, 1, 0, 0, 2, 1, 1, 2, 0, 0, 0, 0, 1, 1, 0, 0, 0, 1, 3, 0, 0, 1, 0, 0, 1, 0, 2, 0, 1, 0, 2, 1, 0, 0, 1, 1, 3, 2, 0, 0, 3, 0, 1, 0, 0, 0, 0, 0, 0, 0, 1, 0, 0, 0, 1, 1, 1, 0, 3, 1, 0, 1, 0, 2, 0, 0],701.9269445084548,58814.16448267554,96724.70889609086,false
61,G4_BALANCED,G2_TEC,[20, 94, 66, 15, 26, 9, 95, 42, 77, 68, 47, 5, 3, 14, 86, 54, 85, 63, 18, 44, 31, 49, 36, 78, 74, 50, 53, 17, 21, 28, 11, 64, 93, 23, 30, 83, 24, 41, 40, 52, 65, 27, 90, 70, 39, 87, 48, 69, 99, 4, 46, 1, 13, 56, 97, 59, 45, 8, 73, 37, 35, 79, 71, 82, 76, 32, 60, 80, 58, 6, 67, 61, 33, 7, 57, 34, 12, 16, 10, 22, 96, 88, 43, 81, 91, 2, 84, 29, 92, 19, 51, 89, 38, 25, 72, 75, 98, 62, 55, 0]|[2, 1, 2, 1, 1, 2, 1, 1, 1, 1, 1, 0, 2, 2, 1, 2, 0, 0, 0, 2, 2, 1, 0, 2, 0, 2, 2, 1, 0, 1, 1, 1, 0, 0, 1, 0, 2, 1, 2, 2, 0, 0, 1, 1, 0, 2, 0, 2, 1, 0, 0, 2, 0, 2, 2, 0, 1, 1, 0, 0, 2, 1, 1, 2, 2, 0, 2, 2, 2, 1, 2, 1, 1, 2, 0, 1, 1, 2, 1, 2, 0, 1, 1, 1, 1, 0, 0, 1, 0, 1, 1, 1, 0, 1, 1, 0, 2, 1, 0, 0]|[1, 3, 1, 3, 4, 1, 4, 4, 4, 4, 3, 2, 1, 0, 2, 1, 1, 1, 2, 1, 1, 3, 0, 1, 0, 1, 1, 4, 1, 4, 3, 2, 2, 0, 4, 1, 1, 4, 1, 1, 2, 1, 4, 4, 1, 1, 0, 1, 3, 2, 2, 1, 2, 1, 1, 2, 4, 3, 0, 2, 1, 3, 3, 1, 1, 2, 1, 1, 1, 4, 1, 3, 4, 1, 2, 4, 3, 1, 3, 1, 2, 4, 4, 4, 3, 2, 2, 3, 2, 4, 3, 4, 2, 4, 4, 2, 1, 3, 2, 2]|[0, 2, 0, 0, 3, 0, 1, 3, 1, 0, 2, 0, 1, 0, 1, 0, 0, 0, 1, 0, 0, 2, 0, 0, 1, 0, 0, 3, 0, 1, 0, 2, 0, 0, 3, 0, 1, 1, 0, 0, 0, 0, 1, 3, 0, 0, 1, 0, 2, 0, 0, 0, 0, 0, 1, 0, 1, 0, 1, 1, 0, 2, 0, 0, 0, 0, 0, 0, 0, 2, 0, 0, 1, 0, 0, 1, 0, 0, 3, 0, 0, 1, 2, 2, 0, 0, 0, 3, 0, 1, 0, 1, 0, 3, 1, 0, 0, 0, 0, 0],910.6016522559228,48196.44872629531,105119.71286620182,true
61,G2_TEC,G1_CMAX,[31, 22, 42, 15, 26, 58, 95, 82, 77, 12, 47, 5, 93, 78, 98, 54, 85, 63, 18, 44, 20, 35, 43, 97, 91, 76, 10, 30, 21, 45, 71, 64, 1, 23, 17, 83, 24, 61, 60, 49, 6, 57, 94, 88, 65, 56, 79, 40, 67, 68, 46, 75, 38, 9, 19, 32, 81, 41, 27, 62, 87, 90, 99, 59, 11, 16, 72, 73, 70, 39, 37, 84, 3, 92, 25, 74, 28, 48, 51, 7, 53, 14, 86, 0, 89, 50, 66, 96, 33, 80, 8, 4, 34, 36, 55, 52, 2, 29, 69, 13]|[1, 1, 0, 1, 1, 1, 2, 1, 2, 1, 2, 2, 2, 1, 1, 0, 0, 1, 0, 2, 2, 0, 1, 2, 0, 1, 2, 2, 0, 0, 1, 2, 1, 0, 1, 0, 2, 0, 1, 1, 0, 1, 1, 1, 0, 2, 1, 1, 0, 0, 0, 0, 0, 1, 2, 1, 2, 0, 0, 0, 2, 1, 0, 1, 2, 1, 2, 1, 1, 1, 1, 1, 2, 0, 1, 2, 0, 0, 0, 1, 0, 1, 0, 0, 1, 0, 0, 0, 2, 0, 1, 0, 2, 0, 1, 1, 0, 0, 1, 0]|[4, 3, 2, 2, 0, 0, 2, 2, 2, 4, 1, 1, 2, 4, 4, 1, 1, 4, 2, 1, 1, 1, 1, 2, 1, 2, 1, 1, 2, 1, 3, 2, 3, 0, 4, 0, 1, 1, 0, 3, 2, 2, 4, 0, 1, 1, 3, 2, 0, 1, 2, 2, 2, 4, 0, 3, 1, 1, 1, 2, 1, 3, 1, 1, 1, 3, 0, 4, 3, 1, 4, 1, 1, 2, 4, 1, 2, 1, 1, 3, 2, 3, 1, 1, 1, 1, 1, 1, 1, 1, 3, 2, 1, 1, 4, 1, 2, 2, 3, 2]|[0, 2, 1, 1, 3, 3, 0, 1, 0, 0, 0, 0, 1, 0, 1, 0, 0, 3, 1, 0, 0, 0, 3, 1, 0, 2, 0, 0, 0, 1, 0, 0, 0, 0, 3, 0, 1, 0, 0, 2, 1, 1, 2, 0, 0, 0, 0, 1, 1, 0, 0, 0, 0, 3, 0, 0, 0, 0, 0, 1, 0, 2, 0, 1, 0, 2, 1, 0, 0, 1, 1, 3, 0, 1, 3, 0, 1, 0, 0, 2, 1, 0, 0, 0, 1, 0, 0, 0, 0, 0, 2, 1, 0, 1, 3, 1, 0, 0, 0, 0],899.2849655746903,56278.29381235766,90231.68607226205,true
61,G3_TWC,G3_TWC,[31, 22, 42, 15, 26, 58, 95, 82, 77, 12, 47, 5, 93, 78, 98, 54, 85, 63, 18, 44, 20, 35, 43, 97, 91, 76, 10, 30, 21, 45, 71, 64, 1, 23, 17, 83, 24, 61, 60, 49, 6, 57, 94, 88, 65, 56, 79, 40, 67, 68, 46, 75, 0, 9, 19, 32, 81, 41, 27, 62, 87, 90, 99, 59, 53, 16, 72, 73, 70, 39, 37, 84, 3, 92, 25, 74, 28, 38, 51, 7, 11, 14, 34, 48, 89, 66, 50, 96, 33, 80, 8, 4, 86, 36, 2, 52, 13, 29, 69, 55]|[1, 1, 0, 1, 1, 1, 2, 1, 2, 1, 2, 2, 2, 1, 1, 0, 0, 1, 0, 2, 2, 0, 1, 2, 0, 1, 2, 2, 0, 0, 1, 2, 1, 0, 1, 0, 2, 0, 1, 1, 0, 1, 1, 1, 0, 2, 1, 1, 0, 0, 0, 0, 1, 1, 0, 1, 2, 0, 0, 0, 2, 1, 0, 1, 0, 1, 2, 1, 1, 1, 1, 1, 2, 0, 1, 2, 0, 0, 0, 1, 0, 1, 2, 0, 1, 0, 0, 0, 2, 0, 1, 0, 0, 0, 0, 1, 0, 0, 1, 1]|[4, 3, 2, 2, 0, 0, 2, 2, 2, 4, 1, 1, 2, 4, 4, 1, 1, 4, 2, 1, 1, 1, 1, 2, 1, 2, 1, 1, 1, 1, 3, 2, 3, 0, 4, 0, 1, 1, 0, 3, 2, 2, 4, 0, 1, 1, 3, 2, 0, 1, 2, 2, 1, 4, 2, 3, 2, 1, 1, 2, 1, 3, 1, 1, 2, 3, 0, 4, 3, 1, 4, 1, 1, 2, 4, 1, 2, 1, 1, 3, 2, 3, 1, 1, 1, 1, 1, 1, 1, 1, 3, 2, 1, 1, 2, 1, 2, 2, 3, 4]|[0, 2, 1, 1, 3, 3, 0, 1, 0, 0, 0, 0, 1, 0, 1, 0, 0, 3, 1, 0, 0, 0, 3, 1, 0, 2, 0, 0, 0, 1, 0, 0, 0, 0, 3, 0, 1, 0, 0, 2, 1, 1, 2, 0, 0, 0, 0, 1, 1, 0, 0, 0, 1, 3, 1, 0, 1, 0, 0, 1, 0, 2, 0, 1, 1, 2, 1, 0, 0, 1, 1, 3, 0, 1, 3, 0, 1, 0, 0, 2, 1, 0, 0, 0, 1, 0, 0, 0, 0, 0, 2, 1, 0, 1, 0, 1, 0, 0, 0, 3],872.1650162521609,57947.7929046089,85993.49946424144,false
61,G1_CMAX,G1_CMAX,[31, 22, 42, 15, 26, 58, 95, 82, 77, 12, 47, 5, 93, 78, 98, 85, 54, 63, 18, 44, 20, 35, 43, 97, 91, 10, 30, 21, 61, 71, 64, 1, 23, 17, 83, 24, 50, 60, 36, 6, 57, 94, 88, 65, 56, 79, 40, 67, 68, 46, 75, 38, 9, 19, 32, 81, 41, 27, 62, 87, 90, 99, 59, 11, 16, 72, 73, 70, 39, 37, 84, 76, 3, 92, 25, 74, 28, 7, 51, 29, 33, 14, 86, 66, 89, 45, 80, 96, 53, 4, 48, 2, 55, 49, 0, 52, 13, 8, 69, 34]|[1, 1, 1, 1, 1, 1, 2, 1, 2, 1, 2, 0, 2, 1, 1, 0, 0, 1, 0, 2, 2, 2, 1, 2, 0, 2, 2, 0, 0, 1, 2, 1, 2, 1, 0, 2, 0, 1, 1, 0, 1, 1, 1, 0, 2, 1, 1, 0, 0, 0, 0, 1, 1, 2, 1, 2, 2, 0, 0, 2, 1, 0, 1, 2, 1, 2, 1, 1, 1, 1, 1, 1, 2, 1, 1, 2, 0, 0, 0, 0, 2, 1, 2, 0, 1, 0, 0, 0, 0, 0, 2, 0, 1, 0, 0, 1, 0, 1, 2, 2]|[4, 3, 2, 2, 0, 0, 1, 2, 1, 4, 1, 0, 2, 4, 4, 1, 1, 4, 2, 1, 1, 0, 1, 2, 1, 1, 1, 1, 1, 3, 2, 3, 0, 4, 0, 1, 1, 0, 3, 2, 2, 4, 0, 1, 1, 0, 2, 0, 1, 2, 2, 1, 4, 0, 3, 2, 1, 1, 2, 1, 3, 1, 1, 1, 3, 0, 4, 3, 1, 4, 1, 2, 1, 4, 4, 1, 2, 1, 1, 1, 1, 3, 1, 1, 1, 1, 1, 1, 2, 2, 0, 2, 4, 1, 2, 1, 2, 3, 1, 1]|[2, 2, 1, 1, 3, 3, 0, 1, 0, 0, 0, 1, 1, 0, 1, 0, 0, 3, 1, 0, 0, 0, 3, 1, 0, 0, 0, 0, 1, 0, 0, 0, 0, 3, 0, 1, 0, 0, 2, 1, 1, 2, 0, 0, 0, 0, 1, 1, 0, 0, 0, 1, 3, 0, 0, 1, 0, 0, 1, 0, 2, 0, 1, 0, 2, 1, 0, 0, 1, 1, 3, 2, 0, 0, 3, 0, 1, 0, 0, 0, 0, 0, 0, 0, 1, 0, 0, 0, 1, 1, 1, 0, 3, 1, 0, 1, 0, 2, 0, 0],701.9269445084548,58814.16448267554,96724.70889609086,false
61,G4_BALANCED,G2_TEC,[20, 94, 66, 15, 26, 9, 95, 42, 77, 68, 47, 5, 3, 14, 86, 54, 85, 63, 18, 44, 31, 49, 36, 78, 74, 50, 53, 17, 21, 28, 11, 64, 93, 23, 30, 83, 24, 41, 40, 52, 65, 27, 90, 70, 39, 87, 48, 69, 99, 4, 46, 1, 13, 56, 97, 59, 45, 8, 73, 37, 35, 79, 71, 82, 76, 32, 60, 80, 58, 6, 67, 61, 33, 7, 57, 34, 12, 16, 10, 22, 96, 88, 43, 81, 91, 2, 84, 29, 92, 19, 51, 89, 38, 25, 72, 75, 98, 62, 55, 0]|[2, 1, 2, 1, 1, 2, 1, 1, 1, 1, 1, 0, 2, 2, 1, 2, 0, 0, 0, 2, 2, 1, 0, 2, 0, 2, 2, 1, 0, 1, 1, 1, 0, 0, 1, 0, 2, 1, 2, 2, 0, 0, 1, 1, 0, 2, 0, 2, 1, 0, 0, 2, 0, 2, 2, 0, 1, 1, 0, 0, 2, 1, 1, 2, 2, 0, 2, 2, 2, 1, 2, 1, 1, 2, 0, 1, 1, 2, 1, 2, 0, 1, 1, 1, 1, 0, 0, 1, 0, 1, 1, 1, 0, 1, 1, 0, 2, 1, 0, 0]|[1, 3, 1, 3, 4, 1, 4, 4, 4, 4, 3, 2, 1, 0, 2, 1, 1, 1, 2, 1, 1, 3, 0, 1, 0, 1, 1, 4, 1, 4, 3, 2, 2, 0, 4, 1, 1, 4, 1, 1, 2, 1, 4, 4, 1, 1, 0, 1, 3, 2, 2, 1, 2, 1, 1, 2, 4, 3, 0, 2, 1, 3, 3, 1, 1, 2, 1, 1, 1, 4, 1, 3, 4, 1, 2, 4, 3, 1, 3, 1, 2, 4, 4, 4, 3, 2, 2, 3, 2, 4, 3, 4, 2, 4, 4, 2, 1, 3, 2, 2]|[0, 2, 0, 0, 3, 0, 1, 3, 1, 0, 2, 0, 1, 0, 1, 0, 0, 0, 1, 0, 0, 2, 0, 0, 1, 0, 0, 3, 0, 1, 0, 2, 0, 0, 3, 0, 1, 1, 0, 0, 0, 0, 1, 3, 0, 0, 1, 0, 2, 0, 0, 0, 0, 0, 1, 0, 1, 0, 1, 1, 0, 2, 0, 0, 0, 0, 0, 0, 0, 2, 0, 0, 1, 0, 0, 1, 0, 0, 3, 0, 0, 1, 2, 2, 0, 0, 0, 3, 0, 1, 0, 1, 0, 3, 1, 0, 0, 0, 0, 0],910.6016522559228,48196.44872629531,105119.71286620182,true
61,G2_TEC,G1_CMAX,[31, 22, 42, 15, 26, 58, 95, 82, 77, 12, 47, 5, 93, 78, 98, 54, 85, 63, 18, 44, 20, 35, 43, 97, 91, 76, 10, 30, 21, 45, 71, 64, 1, 23, 17, 83, 24, 61, 60, 49, 6, 57, 94, 88, 65, 56, 79, 40, 67, 68, 46, 75, 38, 9, 19, 32, 81, 41, 27, 62, 87, 90, 99, 59, 11, 16, 72, 73, 70, 39, 37, 84, 3, 92, 25, 74, 28, 48, 51, 7, 53, 14, 86, 0, 89, 50, 66, 96, 33, 80, 8, 4, 34, 36, 55, 52, 2, 29, 69, 13]|[1, 1, 0, 1, 1, 1, 2, 1, 2, 1, 2, 2, 2, 1, 1, 0, 0, 1, 0, 2, 2, 0, 1, 2, 0, 1, 2, 2, 0, 0, 1, 2, 1, 0, 1, 0, 2, 0, 1, 1, 0, 1, 1, 1, 0, 2, 1, 1, 0, 0, 0, 0, 0, 1, 2, 1, 2, 0, 0, 0, 2, 1, 0, 1, 2, 1, 2, 1, 1, 1, 1, 1, 2, 0, 1, 2, 0, 0, 0, 1, 0, 1, 0, 0, 1, 0, 0, 0, 2, 0, 1, 0, 2, 0, 1, 1, 0, 0, 1, 0]|[4, 3, 2, 2, 0, 0, 2, 2, 2, 4, 1, 1, 2, 4, 4, 1, 1, 4, 2, 1, 1, 1, 1, 2, 1, 2, 1, 1, 2, 1, 3, 2, 3, 0, 4, 0, 1, 1, 0, 3, 2, 2, 4, 0, 1, 1, 3, 2, 0, 1, 2, 2, 2, 4, 0, 3, 1, 1, 1, 2, 1, 3, 1, 1, 1, 3, 0, 4, 3, 1, 4, 1, 1, 2, 4, 1, 2, 1, 1, 3, 2, 3, 1, 1, 1, 1, 1, 1, 1, 1, 3, 2, 1, 1, 4, 1, 2, 2, 3, 2]|[0, 2, 1, 1, 3, 3, 0, 1, 0, 0, 0, 0, 1, 0, 1, 0, 0, 3, 1, 0, 0, 0, 3, 1, 0, 2, 0, 0, 0, 1, 0, 0, 0, 0, 3, 0, 1, 0, 0, 2, 1, 1, 2, 0, 0, 0, 0, 1, 1, 0, 0, 0, 0, 3, 0, 0, 0, 0, 0, 1, 0, 2, 0, 1, 0, 2, 1, 0, 0, 1, 1, 3, 0, 1, 3, 0, 1, 0, 0, 2, 1, 0, 0, 0, 1, 0, 0, 0, 0, 0, 2, 1, 0, 1, 3, 1, 0, 0, 0, 0],899.2849655746903,56278.29381235766,90231.68607226205,true
61,G3_TWC,G3_TWC,[31, 22, 42, 15, 26, 58, 95, 82, 77, 12, 47, 5, 93, 78, 98, 54, 85, 63, 18, 44, 20, 35, 43, 97, 91, 76, 10, 30, 21, 45, 71, 64, 1, 23, 17, 83, 24, 61, 60, 49, 6, 57, 94, 88, 65, 56, 79, 40, 67, 68, 46, 75, 0, 9, 19, 32, 81, 41, 27, 62, 87, 90, 99, 59, 53, 16, 72, 73, 70, 39, 37, 84, 3, 92, 25, 74, 28, 38, 51, 7, 11, 14, 34, 48, 89, 66, 50, 96, 33, 80, 8, 4, 86, 36, 2, 52, 13, 29, 69, 55]|[1, 1, 0, 1, 1, 1, 2, 1, 2, 1, 2, 2, 2, 1, 1, 0, 0, 1, 0, 2, 2, 0, 1, 2, 0, 1, 2, 2, 0, 0, 1, 2, 1, 0, 1, 0, 2, 0, 1, 1, 0, 1, 1, 1, 0, 2, 1, 1, 0, 0, 0, 0, 1, 1, 0, 1, 2, 0, 0, 0, 2, 1, 0, 1, 0, 1, 2, 1, 1, 1, 1, 1, 2, 0, 1, 2, 0, 0, 0, 1, 0, 1, 2, 0, 1, 0, 0, 0, 2, 0, 1, 0, 0, 0, 0, 1, 0, 0, 1, 1]|[4, 3, 2, 2, 0, 0, 2, 2, 2, 4, 1, 1, 2, 4, 4, 1, 1, 4, 2, 1, 1, 1, 1, 2, 1, 2, 1, 1, 1, 1, 3, 2, 3, 0, 4, 0, 1, 1, 0, 3, 2, 2, 4, 0, 1, 1, 3, 2, 0, 1, 2, 2, 1, 4, 2, 3, 2, 1, 1, 2, 1, 3, 1, 1, 2, 3, 0, 4, 3, 1, 4, 1, 1, 2, 4, 1, 2, 1, 1, 3, 2, 3, 1, 1, 1, 1, 1, 1, 1, 1, 3, 2, 1, 1, 2, 1, 2, 2, 3, 4]|[0, 2, 1, 1, 3, 3, 0, 1, 0, 0, 0, 0, 1, 0, 1, 0, 0, 3, 1, 0, 0, 0, 3, 1, 0, 2, 0, 0, 0, 1, 0, 0, 0, 0, 3, 0, 1, 0, 0, 2, 1, 1, 2, 0, 0, 0, 0, 1, 1, 0, 0, 0, 1, 3, 1, 0, 1, 0, 0, 1, 0, 2, 0, 1, 1, 2, 1, 0, 0, 1, 1, 3, 0, 1, 3, 0, 1, 0, 0, 2, 1, 0, 0, 0, 1, 0, 0, 0, 0, 0, 2, 1, 0, 1, 0, 1, 0, 0, 0, 3],872.1650162521609,57947.7929046089,85993.49946424144,false
61,G1_CMAX,G1_CMAX,[31, 22, 42, 15, 26, 58, 95, 82, 77, 12, 47, 5, 93, 78, 98, 85, 54, 63, 18, 44, 20, 35, 43, 97, 91, 10, 30, 21, 61, 71, 64, 1, 23, 17, 83, 24, 50, 60, 36, 6, 57, 94, 88, 65, 56, 79, 40, 67, 68, 46, 75, 38, 9, 19, 32, 81, 41, 27, 62, 87, 90, 99, 59, 11, 16, 72, 73, 70, 39, 37, 84, 76, 3, 92, 25, 74, 28, 7, 51, 29, 33, 14, 86, 66, 89, 45, 80, 96, 53, 4, 48, 2, 55, 49, 0, 52, 13, 8, 69, 34]|[1, 1, 1, 1, 1, 1, 2, 1, 2, 1, 2, 0, 2, 1, 1, 0, 0, 1, 0, 2, 2, 2, 1, 2, 0, 2, 2, 0, 0, 1, 2, 1, 2, 1, 0, 2, 0, 1, 1, 0, 1, 1, 1, 0, 2, 1, 1, 0, 0, 0, 0, 1, 1, 2, 1, 2, 2, 0, 0, 2, 1, 0, 1, 2, 1, 2, 1, 1, 1, 1, 1, 1, 2, 1, 1, 2, 0, 0, 0, 0, 2, 1, 2, 0, 1, 0, 0, 0, 0, 0, 2, 0, 1, 0, 0, 1, 0, 1, 2, 2]|[4, 3, 2, 2, 0, 0, 1, 2, 1, 4, 1, 0, 2, 4, 4, 1, 1, 4, 2, 1, 1, 0, 1, 2, 1, 1, 1, 1, 1, 3, 2, 3, 0, 4, 0, 1, 1, 0, 3, 2, 2, 4, 0, 1, 1, 0, 2, 0, 1, 2, 2, 1, 4, 0, 3, 2, 1, 1, 2, 1, 3, 1, 1, 1, 3, 0, 4, 3, 1, 4, 1, 2, 1, 4, 4, 1, 2, 1, 1, 1, 1, 3, 1, 1, 1, 1, 1, 1, 2, 2, 0, 2, 4, 1, 2, 1, 2, 3, 1, 1]|[2, 2, 1, 1, 3, 3, 0, 1, 0, 0, 0, 1, 1, 0, 1, 0, 0, 3, 1, 0, 0, 0, 3, 1, 0, 0, 0, 0, 1, 0, 0, 0, 0, 3, 0, 1, 0, 0, 2, 1, 1, 2, 0, 0, 0, 0, 1, 1, 0, 0, 0, 1, 3, 0, 0, 1, 0, 0, 1, 0, 2, 0, 1, 0, 2, 1, 0, 0, 1, 1, 3, 2, 0, 0, 3, 0, 1, 0, 0, 0, 0, 0, 0, 0, 1, 0, 0, 0, 1, 1, 1, 0, 3, 1, 0, 1, 0, 2, 0, 0],701.9269445084548,58814.16448267554,96724.70889609086,false
61,G4_BALANCED,G2_TEC,[20, 94, 66, 15, 26, 9, 95, 42, 77, 68, 47, 5, 3, 14, 86, 54, 85, 63, 18, 44, 31, 49, 36, 78, 74, 50, 53, 17, 21, 28, 11, 64, 93, 23, 30, 83, 24, 41, 40, 52, 65, 27, 90, 70, 39, 87, 48, 69, 99, 4, 46, 1, 13, 56, 97, 59, 45, 8, 73, 37, 35, 79, 71, 82, 76, 32, 60, 80, 58, 6, 67, 61, 33, 7, 57, 34, 12, 16, 10, 22, 96, 88, 43, 81, 91, 2, 84, 29, 92, 19, 51, 89, 38, 25, 72, 75, 98, 62, 55, 0]|[2, 1, 2, 1, 1, 2, 1, 1, 1, 1, 1, 0, 2, 2, 1, 2, 0, 0, 0, 2, 2, 1, 0, 2, 0, 2, 2, 1, 0, 1, 1, 1, 0, 0, 1, 0, 2, 1, 2, 2, 0, 0, 1, 1, 0, 2, 0, 2, 1, 0, 0, 2, 0, 2, 2, 0, 1, 1, 0, 0, 2, 1, 1, 2, 2, 0, 2, 2, 2, 1, 2, 1, 1, 2, 0, 1, 1, 2, 1, 2, 0, 1, 1, 1, 1, 0, 0, 1, 0, 1, 1, 1, 0, 1, 1, 0, 2, 1, 0, 0]|[1, 3, 1, 3, 4, 1, 4, 4, 4, 4, 3, 2, 1, 0, 2, 1, 1, 1, 2, 1, 1, 3, 0, 1, 0, 1, 1, 4, 1, 4, 3, 2, 2, 0, 4, 1, 1, 4, 1, 1, 2, 1, 4, 4, 1, 1, 0, 1, 3, 2, 2, 1, 2, 1, 1, 2, 4, 3, 0, 2, 1, 3, 3, 1, 1, 2, 1, 1, 1, 4, 1, 3, 4, 1, 2, 4, 3, 1, 3, 1, 2, 4, 4, 4, 3, 2, 2, 3, 2, 4, 3, 4, 2, 4, 4, 2, 1, 3, 2, 2]|[0, 2, 0, 0, 3, 0, 1, 3, 1, 0, 2, 0, 1, 0, 1, 0, 0, 0, 1, 0, 0, 2, 0, 0, 1, 0, 0, 3, 0, 1, 0, 2, 0, 0, 3, 0, 1, 1, 0, 0, 0, 0, 1, 3, 0, 0, 1, 0, 2, 0, 0, 0, 0, 0, 1, 0, 1, 0, 1, 1, 0, 2, 0, 0, 0, 0, 0, 0, 0, 2, 0, 0, 1, 0, 0, 1, 0, 0, 3, 0, 0, 1, 2, 2, 0, 0, 0, 3, 0, 1, 0, 1, 0, 3, 1, 0, 0, 0, 0, 0],910.6016522559228,48196.44872629531,105119.71286620182,true
61,G2_TEC,G1_CMAX,[31, 22, 42, 15, 26, 58, 95, 82, 77, 12, 47, 5, 93, 78, 98, 54, 85, 63, 18, 44, 20, 35, 43, 97, 91, 76, 10, 30, 21, 45, 71, 64, 1, 23, 17, 83, 24, 61, 60, 49, 6, 57, 94, 88, 65, 56, 79, 40, 67, 68, 46, 75, 38, 9, 19, 32, 81, 41, 27, 62, 87, 90, 99, 59, 11, 16, 72, 73, 70, 39, 37, 84, 3, 92, 25, 74, 28, 48, 51, 7, 53, 14, 86, 0, 89, 50, 66, 96, 33, 80, 8, 4, 34, 36, 55, 52, 2, 29, 69, 13]|[1, 1, 0, 1, 1, 1, 2, 1, 2, 1, 2, 2, 2, 1, 1, 0, 0, 1, 0, 2, 2, 0, 1, 2, 0, 1, 2, 2, 0, 0, 1, 2, 1, 0, 1, 0, 2, 0, 1, 1, 0, 1, 1, 1, 0, 2, 1, 1, 0, 0, 0, 0, 0, 1, 2, 1, 2, 0, 0, 0, 2, 1, 0, 1, 2, 1, 2, 1, 1, 1, 1, 1, 2, 0, 1, 2, 0, 0, 0, 1, 0, 1, 0, 0, 1, 0, 0, 0, 2, 0, 1, 0, 2, 0, 1, 1, 0, 0, 1, 0]|[4, 3, 2, 2, 0, 0, 2, 2, 2, 4, 1, 1, 2, 4, 4, 1, 1, 4, 2, 1, 1, 1, 1, 2, 1, 2, 1, 1, 2, 1, 3, 2, 3, 0, 4, 0, 1, 1, 0, 3, 2, 2, 4, 0, 1, 1, 3, 2, 0, 1, 2, 2, 2, 4, 0, 3, 1, 1, 1, 2, 1, 3, 1, 1, 1, 3, 0, 4, 3, 1, 4, 1, 1, 2, 4, 1, 2, 1, 1, 3, 2, 3, 1, 1, 1, 1, 1, 1, 1, 1, 3, 2, 1, 1, 4, 1, 2, 2, 3, 2]|[0, 2, 1, 1, 3, 3, 0, 1, 0, 0, 0, 0, 1, 0, 1, 0, 0, 3, 1, 0, 0, 0, 3, 1, 0, 2, 0, 0, 0, 1, 0, 0, 0, 0, 3, 0, 1, 0, 0, 2, 1, 1, 2, 0, 0, 0, 0, 1, 1, 0, 0, 0, 0, 3, 0, 0, 0, 0, 0, 1, 0, 2, 0, 1, 0, 2, 1, 0, 0, 1, 1, 3, 0, 1, 3, 0, 1, 0, 0, 2, 1, 0, 0, 0, 1, 0, 0, 0, 0, 0, 2, 1, 0, 1, 3, 1, 0, 0, 0, 0],899.2849655746903,56278.29381235766,90231.68607226205,true
61,G3_TWC,G3_TWC,[31, 22, 42, 15, 26, 58, 95, 82, 77, 12, 47, 5, 93, 78, 98, 54, 85, 63, 18, 44, 20, 35, 43, 97, 91, 76, 10, 30, 21, 45, 71, 64, 1, 23, 17, 83, 24, 61, 60, 49, 6, 57, 94, 88, 65, 56, 79, 40, 67, 68, 46, 75, 0, 9, 19, 32, 81, 41, 27, 62, 87, 90, 99, 59, 53, 16, 72, 73, 70, 39, 37, 84, 3, 92, 25, 74, 28, 38, 51, 7, 11, 14, 34, 48, 89, 66, 50, 96, 33, 80, 8, 4, 86, 36, 2, 52, 13, 29, 69, 55]|[1, 1, 0, 1, 1, 1, 2, 1, 2, 1, 2, 2, 2, 1, 1, 0, 0, 1, 0, 2, 2, 0, 1, 2, 0, 1, 2, 2, 0, 0, 1, 2, 1, 0, 1, 0, 2, 0, 1, 1, 0, 1, 1, 1, 0, 2, 1, 1, 0, 0, 0, 0, 1, 1, 0, 1, 2, 0, 0, 0, 2, 1, 0, 1, 0, 1, 2, 1, 1, 1, 1, 1, 2, 0, 1, 2, 0, 0, 0, 1, 0, 1, 2, 0, 1, 0, 0, 0, 2, 0, 1, 0, 0, 0, 0, 1, 0, 0, 1, 1]|[4, 3, 2, 2, 0, 0, 2, 2, 2, 4, 1, 1, 2, 4, 4, 1, 1, 4, 2, 1, 1, 1, 1, 2, 1, 2, 1, 1, 1, 1, 3, 2, 3, 0, 4, 0, 1, 1, 0, 3, 2, 2, 4, 0, 1, 1, 3, 2, 0, 1, 2, 2, 1, 4, 2, 3, 2, 1, 1, 2, 1, 3, 1, 1, 2, 3, 0, 4, 3, 1, 4, 1, 1, 2, 4, 1, 2, 1, 1, 3, 2, 3, 1, 1, 1, 1, 1, 1, 1, 1, 3, 2, 1, 1, 2, 1, 2, 2, 3, 4]|[0, 2, 1, 1, 3, 3, 0, 1, 0, 0, 0, 0, 1, 0, 1, 0, 0, 3, 1, 0, 0, 0, 3, 1, 0, 2, 0, 0, 0, 1, 0, 0, 0, 0, 3, 0, 1, 0, 0, 2, 1, 1, 2, 0, 0, 0, 0, 1, 1, 0, 0, 0, 1, 3, 1, 0, 1, 0, 0, 1, 0, 2, 0, 1, 1, 2, 1, 0, 0, 1, 1, 3, 0, 1, 3, 0, 1, 0, 0, 2, 1, 0, 0, 0, 1, 0, 0, 0, 0, 0, 2, 1, 0, 1, 0, 1, 0, 0, 0, 3],872.1650162521609,57947.7929046089,85993.49946424144,false
61,G1_CMAX,G1_CMAX,[31, 22, 42, 15, 26, 58, 95, 82, 77, 12, 47, 5, 93, 78, 98, 85, 54, 63, 18, 44, 20, 35, 43, 97, 91, 10, 30, 21, 61, 71, 64, 1, 23, 17, 83, 24, 50, 60, 36, 6, 57, 94, 88, 65, 56, 79, 40, 67, 68, 46, 75, 38, 9, 19, 32, 81, 41, 27, 62, 87, 90, 99, 59, 11, 16, 72, 73, 70, 39, 37, 84, 76, 3, 92, 25, 74, 28, 7, 51, 29, 33, 14, 86, 66, 89, 45, 80, 96, 53, 4, 48, 2, 55, 49, 0, 52, 13, 8, 69, 34]|[1, 1, 1, 1, 1, 1, 2, 1, 2, 1, 2, 0, 2, 1, 1, 0, 0, 1, 0, 2, 2, 2, 1, 2, 0, 2, 2, 0, 0, 1, 2, 1, 2, 1, 0, 2, 0, 1, 1, 0, 1, 1, 1, 0, 2, 1, 1, 0, 0, 0, 0, 1, 1, 2, 1, 2, 2, 0, 0, 2, 1, 0, 1, 2, 1, 2, 1, 1, 1, 1, 1, 1, 2, 1, 1, 2, 0, 0, 0, 0, 2, 1, 2, 0, 1, 0, 0, 0, 0, 0, 2, 0, 1, 0, 0, 1, 0, 1, 2, 2]|[4, 3, 2, 2, 0, 0, 1, 2, 1, 4, 1, 0, 2, 4, 4, 1, 1, 4, 2, 1, 1, 0, 1, 2, 1, 1, 1, 1, 1, 3, 2, 3, 0, 4, 0, 1, 1, 0, 3, 2, 2, 4, 0, 1, 1, 0, 2, 0, 1, 2, 2, 1, 4, 0, 3, 2, 1, 1, 2, 1, 3, 1, 1, 1, 3, 0, 4, 3, 1, 4, 1, 2, 1, 4, 4, 1, 2, 1, 1, 1, 1, 3, 1, 1, 1, 1, 1, 1, 2, 2, 0, 2, 4, 1, 2, 1, 2, 3, 1, 1]|[2, 2, 1, 1, 3, 3, 0, 1, 0, 0, 0, 1, 1, 0, 1, 0, 0, 3, 1, 0, 0, 0, 3, 1, 0, 0, 0, 0, 1, 0, 0, 0, 0, 3, 0, 1, 0, 0, 2, 1, 1, 2, 0, 0, 0, 0, 1, 1, 0, 0, 0, 1, 3, 0, 0, 1, 0, 0, 1, 0, 2, 0, 1, 0, 2, 1, 0, 0, 1, 1, 3, 2, 0, 0, 3, 0, 1, 0, 0, 0, 0, 0, 0, 0, 1, 0, 0, 0, 1, 1, 1, 0, 3, 1, 0, 1, 0, 2, 0, 0],701.9269445084548,58814.16448267554,96724.70889609086,false
61,G4_BALANCED,G2_TEC,[20, 94, 66, 15, 26, 9, 95, 42, 77, 68, 47, 5, 3, 14, 86, 54, 85, 63, 18, 44, 31, 49, 36, 78, 74, 50, 53, 17, 21, 28, 11, 64, 93, 23, 30, 83, 24, 41, 40, 52, 65, 27, 90, 70, 39, 87, 48, 69, 99, 4, 46, 1, 13, 56, 97, 59, 45, 8, 73, 37, 35, 79, 71, 82, 76, 32, 60, 80, 58, 6, 67, 61, 33, 7, 57, 34, 12, 16, 10, 22, 96, 88, 43, 81, 91, 2, 84, 29, 92, 19, 51, 89, 38, 25, 72, 75, 98, 62, 55, 0]|[2, 1, 2, 1, 1, 2, 1, 1, 1, 1, 1, 0, 2, 2, 1, 2, 0, 0, 0, 2, 2, 1, 0, 2, 0, 2, 2, 1, 0, 1, 1, 1, 0, 0, 1, 0, 2, 1, 2, 2, 0, 0, 1, 1, 0, 2, 0, 2, 1, 0, 0, 2, 0, 2, 2, 0, 1, 1, 0, 0, 2, 1, 1, 2, 2, 0, 2, 2, 2, 1, 2, 1, 1, 2, 0, 1, 1, 2, 1, 2, 0, 1, 1, 1, 1, 0, 0, 1, 0, 1, 1, 1, 0, 1, 1, 0, 2, 1, 0, 0]|[1, 3, 1, 3, 4, 1, 4, 4, 4, 4, 3, 2, 1, 0, 2, 1, 1, 1, 2, 1, 1, 3, 0, 1, 0, 1, 1, 4, 1, 4, 3, 2, 2, 0, 4, 1, 1, 4, 1, 1, 2, 1, 4, 4, 1, 1, 0, 1, 3, 2, 2, 1, 2, 1, 1, 2, 4, 3, 0, 2, 1, 3, 3, 1, 1, 2, 1, 1, 1, 4, 1, 3, 4, 1, 2, 4, 3, 1, 3, 1, 2, 4, 4, 4, 3, 2, 2, 3, 2, 4, 3, 4, 2, 4, 4, 2, 1, 3, 2, 2]|[0, 2, 0, 0, 3, 0, 1, 3, 1, 0, 2, 0, 1, 0, 1, 0, 0, 0, 1, 0, 0, 2, 0, 0, 1, 0, 0, 3, 0, 1, 0, 2, 0, 0, 3, 0, 1, 1, 0, 0, 0, 0, 1, 3, 0, 0, 1, 0, 2, 0, 0, 0, 0, 0, 1, 0, 1, 0, 1, 1, 0, 2, 0, 0, 0, 0, 0, 0, 0, 2, 0, 0, 1, 0, 0, 1, 0, 0, 3, 0, 0, 1, 2, 2, 0, 0, 0, 3, 0, 1, 0, 1, 0, 3, 1, 0, 0, 0, 0, 0],910.6016522559228,48196.44872629531,105119.71286620182,true
61,G2_TEC,G1_CMAX,[31, 22, 42, 15, 26, 58, 95, 82, 77, 12, 47, 5, 93, 78, 98, 54, 85, 63, 18, 44, 20, 35, 43, 97, 91, 76, 10, 30, 21, 45, 71, 64, 1, 23, 17, 83, 24, 61, 60, 49, 6, 57, 94, 88, 65, 56, 79, 40, 67, 68, 46, 75, 38, 9, 19, 32, 81, 41, 27, 62, 87, 90, 99, 59, 11, 16, 72, 73, 70, 39, 37, 84, 3, 92, 25, 74, 28, 48, 51, 7, 53, 14, 86, 0, 89, 50, 66, 96, 33, 80, 8, 4, 34, 36, 55, 52, 2, 29, 69, 13]|[1, 1, 0, 1, 1, 1, 2, 1, 2, 1, 2, 2, 2, 1, 1, 0, 0, 1, 0, 2, 2, 0, 1, 2, 0, 1, 2, 2, 0, 0, 1, 2, 1, 0, 1, 0, 2, 0, 1, 1, 0, 1, 1, 1, 0, 2, 1, 1, 0, 0, 0, 0, 0, 1, 2, 1, 2, 0, 0, 0, 2, 1, 0, 1, 2, 1, 2, 1, 1, 1, 1, 1, 2, 0, 1, 2, 0, 0, 0, 1, 0, 1, 0, 0, 1, 0, 0, 0, 2, 0, 1, 0, 2, 0, 1, 1, 0, 0, 1, 0]|[4, 3, 2, 2, 0, 0, 2, 2, 2, 4, 1, 1, 2, 4, 4, 1, 1, 4, 2, 1, 1, 1, 1, 2, 1, 2, 1, 1, 2, 1, 3, 2, 3, 0, 4, 0, 1, 1, 0, 3, 2, 2, 4, 0, 1, 1, 3, 2, 0, 1, 2, 2, 2, 4, 0, 3, 1, 1, 1, 2, 1, 3, 1, 1, 1, 3, 0, 4, 3, 1, 4, 1, 1, 2, 4, 1, 2, 1, 1, 3, 2, 3, 1, 1, 1, 1, 1, 1, 1, 1, 3, 2, 1, 1, 4, 1, 2, 2, 3, 2]|[0, 2, 1, 1, 3, 3, 0, 1, 0, 0, 0, 0, 1, 0, 1, 0, 0, 3, 1, 0, 0, 0, 3, 1, 0, 2, 0, 0, 0, 1, 0, 0, 0, 0, 3, 0, 1, 0, 0, 2, 1, 1, 2, 0, 0, 0, 0, 1, 1, 0, 0, 0, 0, 3, 0, 0, 0, 0, 0, 1, 0, 2, 0, 1, 0, 2, 1, 0, 0, 1, 1, 3, 0, 1, 3, 0, 1, 0, 0, 2, 1, 0, 0, 0, 1, 0, 0, 0, 0, 0, 2, 1, 0, 1, 3, 1, 0, 0, 0, 0],899.2849655746903,56278.29381235766,90231.68607226205,true
61,G3_TWC,G3_TWC,[31, 22, 42, 15, 26, 58, 95, 82, 77, 12, 47, 5, 93, 78, 98, 54, 85, 63, 18, 44, 20, 35, 43, 97, 91, 76, 10, 30, 21, 45, 71, 64, 1, 23, 17, 83, 24, 61, 60, 49, 6, 57, 94, 88, 65, 56, 79, 40, 67, 68, 46, 75, 0, 9, 19, 32, 81, 41, 27, 62, 87, 90, 99, 59, 53, 16, 72, 73, 70, 39, 37, 84, 3, 92, 25, 74, 28, 38, 51, 7, 11, 14, 34, 48, 89, 66, 50, 96, 33, 80, 8, 4, 86, 36, 2, 52, 13, 29, 69, 55]|[1, 1, 0, 1, 1, 1, 2, 1, 2, 1, 2, 2, 2, 1, 1, 0, 0, 1, 0, 2, 2, 0, 1, 2, 0, 1, 2, 2, 0, 0, 1, 2, 1, 0, 1, 0, 2, 0, 1, 1, 0, 1, 1, 1, 0, 2, 1, 1, 0, 0, 0, 0, 1, 1, 0, 1, 2, 0, 0, 0, 2, 1, 0, 1, 0, 1, 2, 1, 1, 1, 1, 1, 2, 0, 1, 2, 0, 0, 0, 1, 0, 1, 2, 0, 1, 0, 0, 0, 2, 0, 1, 0, 0, 0, 0, 1, 0, 0, 1, 1]|[4, 3, 2, 2, 0, 0, 2, 2, 2, 4, 1, 1, 2, 4, 4, 1, 1, 4, 2, 1, 1, 1, 1, 2, 1, 2, 1, 1, 1, 1, 3, 2, 3, 0, 4, 0, 1, 1, 0, 3, 2, 2, 4, 0, 1, 1, 3, 2, 0, 1, 2, 2, 1, 4, 2, 3, 2, 1, 1, 2, 1, 3, 1, 1, 2, 3, 0, 4, 3, 1, 4, 1, 1, 2, 4, 1, 2, 1, 1, 3, 2, 3, 1, 1, 1, 1, 1, 1, 1, 1, 3, 2, 1, 1, 2, 1, 2, 2, 3, 4]|[0, 2, 1, 1, 3, 3, 0, 1, 0, 0, 0, 0, 1, 0, 1, 0, 0, 3, 1, 0, 0, 0, 3, 1, 0, 2, 0, 0, 0, 1, 0, 0, 0, 0, 3, 0, 1, 0, 0, 2, 1, 1, 2, 0, 0, 0, 0, 1, 1, 0, 0, 0, 1, 3, 1, 0, 1, 0, 0, 1, 0, 2, 0, 1, 1, 2, 1, 0, 0, 1, 1, 3, 0, 1, 3, 0, 1, 0, 0, 2, 1, 0, 0, 0, 1, 0, 0, 0, 0, 0, 2, 1, 0, 1, 0, 1, 0, 0, 0, 3],872.1650162521609,57947.7929046089,85993.49946424144,false
61,G1_CMAX,G1_CMAX,[31, 22, 42, 15, 26, 58, 95, 82, 77, 12, 47, 5, 93, 78, 98, 85, 54, 63, 18, 44, 20, 35, 43, 97, 91, 10, 30, 21, 61, 71, 64, 1, 23, 17, 83, 24, 50, 60, 36, 6, 57, 94, 88, 65, 56, 79, 40, 67, 68, 46, 75, 38, 9, 19, 32, 81, 41, 27, 62, 87, 90, 99, 59, 11, 16, 72, 73, 70, 39, 37, 84, 76, 3, 92, 25, 74, 28, 7, 51, 29, 33, 14, 86, 66, 89, 45, 80, 96, 53, 4, 48, 2, 55, 49, 0, 52, 13, 8, 69, 34]|[1, 1, 1, 1, 1, 1, 2, 1, 2, 1, 2, 0, 2, 1, 1, 0, 0, 1, 0, 2, 2, 2, 1, 2, 0, 2, 2, 0, 0, 1, 2, 1, 2, 1, 0, 2, 0, 1, 1, 0, 1, 1, 1, 0, 2, 1, 1, 0, 0, 0, 0, 1, 1, 2, 1, 2, 2, 0, 0, 2, 1, 0, 1, 2, 1, 2, 1, 1, 1, 1, 1, 1, 2, 1, 1, 2, 0, 0, 0, 0, 2, 1, 2, 0, 1, 0, 0, 0, 0, 0, 2, 0, 1, 0, 0, 1, 0, 1, 2, 2]|[4, 3, 2, 2, 0, 0, 1, 2, 1, 4, 1, 0, 2, 4, 4, 1, 1, 4, 2, 1, 1, 0, 1, 2, 1, 1, 1, 1, 1, 3, 2, 3, 0, 4, 0, 1, 1, 0, 3, 2, 2, 4, 0, 1, 1, 0, 2, 0, 1, 2, 2, 1, 4, 0, 3, 2, 1, 1, 2, 1, 3, 1, 1, 1, 3, 0, 4, 3, 1, 4, 1, 2, 1, 4, 4, 1, 2, 1, 1, 1, 1, 3, 1, 1, 1, 1, 1, 1, 2, 2, 0, 2, 4, 1, 2, 1, 2, 3, 1, 1]|[2, 2, 1, 1, 3, 3, 0, 1, 0, 0, 0, 1, 1, 0, 1, 0, 0, 3, 1, 0, 0, 0, 3, 1, 0, 0, 0, 0, 1, 0, 0, 0, 0, 3, 0, 1, 0, 0, 2, 1, 1, 2, 0, 0, 0, 0, 1, 1, 0, 0, 0, 1, 3, 0, 0, 1, 0, 0, 1, 0, 2, 0, 1, 0, 2, 1, 0, 0, 1, 1, 3, 2, 0, 0, 3, 0, 1, 0, 0, 0, 0, 0, 0, 0, 1, 0, 0, 0, 1, 1, 1, 0, 3, 1, 0, 1, 0, 2, 0, 0],701.9269445084548,58814.16448267554,96724.70889609086,false
61,G4_BALANCED,G2_TEC,[20, 94, 66, 15, 26, 9, 95, 42, 77, 68, 47, 5, 3, 14, 86, 54, 85, 63, 18, 44, 31, 49, 36, 78, 74, 50, 53, 17, 21, 28, 11, 64, 93, 23, 30, 83, 24, 41, 40, 52, 65, 27, 90, 70, 39, 87, 48, 69, 99, 4, 46, 1, 13, 56, 97, 59, 45, 8, 73, 37, 35, 79, 71, 82, 76, 32, 60, 80, 58, 6, 67, 61, 33, 7, 57, 34, 12, 16, 10, 22, 96, 88, 43, 81, 91, 2, 84, 29, 92, 19, 51, 89, 38, 25, 72, 75, 98, 62, 55, 0]|[2, 1, 2, 1, 1, 2, 1, 1, 1, 1, 1, 0, 2, 2, 1, 2, 0, 0, 0, 2, 2, 1, 0, 2, 0, 2, 2, 1, 0, 1, 1, 1, 0, 0, 1, 0, 2, 1, 2, 2, 0, 0, 1, 1, 0, 2, 0, 2, 1, 0, 0, 2, 0, 2, 2, 0, 1, 1, 0, 0, 2, 1, 1, 2, 2, 0, 2, 2, 2, 1, 2, 1, 1, 2, 0, 1, 1, 2, 1, 2, 0, 1, 1, 1, 1, 0, 0, 1, 0, 1, 1, 1, 0, 1, 1, 0, 2, 1, 0, 0]|[1, 3, 1, 3, 4, 1, 4, 4, 4, 4, 3, 2, 1, 0, 2, 1, 1, 1, 2, 1, 1, 3, 0, 1, 0, 1, 1, 4, 1, 4, 3, 2, 2, 0, 4, 1, 1, 4, 1, 1, 2, 1, 4, 4, 1, 1, 0, 1, 3, 2, 2, 1, 2, 1, 1, 2, 4, 3, 0, 2, 1, 3, 3, 1, 1, 2, 1, 1, 1, 4, 1, 3, 4, 1, 2, 4, 3, 1, 3, 1, 2, 4, 4, 4, 3, 2, 2, 3, 2, 4, 3, 4, 2, 4, 4, 2, 1, 3, 2, 2]|[0, 2, 0, 0, 3, 0, 1, 3, 1, 0, 2, 0, 1, 0, 1, 0, 0, 0, 1, 0, 0, 2, 0, 0, 1, 0, 0, 3, 0, 1, 0, 2, 0, 0, 3, 0, 1, 1, 0, 0, 0, 0, 1, 3, 0, 0, 1, 0, 2, 0, 0, 0, 0, 0, 1, 0, 1, 0, 1, 1, 0, 2, 0, 0, 0, 0, 0, 0, 0, 2, 0, 0, 1, 0, 0, 1, 0, 0, 3, 0, 0, 1, 2, 2, 0, 0, 0, 3, 0, 1, 0, 1, 0, 3, 1, 0, 0, 0, 0, 0],910.6016522559228,48196.44872629531,105119.71286620182,true
61,G2_TEC,G1_CMAX,[31, 22, 42, 15, 26, 58, 95, 82, 77, 12, 47, 5, 93, 78, 98, 54, 85, 63, 18, 44, 20, 35, 43, 97, 91, 76, 10, 30, 21, 45, 71, 64, 1, 23, 17, 83, 24, 61, 60, 49, 6, 57, 94, 88, 65, 56, 79, 40, 67, 68, 46, 75, 38, 9, 19, 32, 81, 41, 27, 62, 87, 90, 99, 59, 11, 16, 72, 73, 70, 39, 37, 84, 3, 92, 25, 74, 28, 48, 51, 7, 53, 14, 86, 0, 89, 50, 66, 96, 33, 80, 8, 4, 34, 36, 55, 52, 2, 29, 69, 13]|[1, 1, 0, 1, 1, 1, 2, 1, 2, 1, 2, 2, 2, 1, 1, 0, 0, 1, 0, 2, 2, 0, 1, 2, 0, 1, 2, 2, 0, 0, 1, 2, 1, 0, 1, 0, 2, 0, 1, 1, 0, 1, 1, 1, 0, 2, 1, 1, 0, 0, 0, 0, 0, 1, 2, 1, 2, 0, 0, 0, 2, 1, 0, 1, 2, 1, 2, 1, 1, 1, 1, 1, 2, 0, 1, 2, 0, 0, 0, 1, 0, 1, 0, 0, 1, 0, 0, 0, 2, 0, 1, 0, 2, 0, 1, 1, 0, 0, 1, 0]|[4, 3, 2, 2, 0, 0, 2, 2, 2, 4, 1, 1, 2, 4, 4, 1, 1, 4, 2, 1, 1, 1, 1, 2, 1, 2, 1, 1, 2, 1, 3, 2, 3, 0, 4, 0, 1, 1, 0, 3, 2, 2, 4, 0, 1, 1, 3, 2, 0, 1, 2, 2, 2, 4, 0, 3, 1, 1, 1, 2, 1, 3, 1, 1, 1, 3, 0, 4, 3, 1, 4, 1, 1, 2, 4, 1, 2, 1, 1, 3, 2, 3, 1, 1, 1, 1, 1, 1, 1, 1, 3, 2, 1, 1, 4, 1, 2, 2, 3, 2]|[0, 2, 1, 1, 3, 3, 0, 1, 0, 0, 0, 0, 1, 0, 1, 0, 0, 3, 1, 0, 0, 0, 3, 1, 0, 2, 0, 0, 0, 1, 0, 0, 0, 0, 3, 0, 1, 0, 0, 2, 1, 1, 2, 0, 0, 0, 0, 1, 1, 0, 0, 0, 0, 3, 0, 0, 0, 0, 0, 1, 0, 2, 0, 1, 0, 2, 1, 0, 0, 1, 1, 3, 0, 1, 3, 0, 1, 0, 0, 2, 1, 0, 0, 0, 1, 0, 0, 0, 0, 0, 2, 1, 0, 1, 3, 1, 0, 0, 0, 0],899.2849655746903,56278.29381235766,90231.68607226205,true
61,G3_TWC,G3_TWC,[31, 22, 42, 15, 26, 58, 95, 82, 77, 12, 47, 5, 93, 78, 98, 54, 85, 63, 18, 44, 20, 35, 43, 97, 91, 76, 10, 30, 21, 45, 71, 64, 1, 23, 17, 83, 24, 61, 60, 49, 6, 57, 94, 88, 65, 56, 79, 40, 67, 68, 46, 75, 0, 9, 19, 32, 81, 41, 27, 62, 87, 90, 99, 59, 53, 16, 72, 73, 70, 39, 37, 84, 3, 92, 25, 74, 28, 38, 51, 7, 11, 14, 34, 48, 89, 66, 50, 96, 33, 80, 8, 4, 86, 36, 2, 52, 13, 29, 69, 55]|[1, 1, 0, 1, 1, 1, 2, 1, 2, 1, 2, 2, 2, 1, 1, 0, 0, 1, 0, 2, 2, 0, 1, 2, 0, 1, 2, 2, 0, 0, 1, 2, 1, 0, 1, 0, 2, 0, 1, 1, 0, 1, 1, 1, 0, 2, 1, 1, 0, 0, 0, 0, 1, 1, 0, 1, 2, 0, 0, 0, 2, 1, 0, 1, 0, 1, 2, 1, 1, 1, 1, 1, 2, 0, 1, 2, 0, 0, 0, 1, 0, 1, 2, 0, 1, 0, 0, 0, 2, 0, 1, 0, 0, 0, 0, 1, 0, 0, 1, 1]|[4, 3, 2, 2, 0, 0, 2, 2, 2, 4, 1, 1, 2, 4, 4, 1, 1, 4, 2, 1, 1, 1, 1, 2, 1, 2, 1, 1, 1, 1, 3, 2, 3, 0, 4, 0, 1, 1, 0, 3, 2, 2, 4, 0, 1, 1, 3, 2, 0, 1, 2, 2, 1, 4, 2, 3, 2, 1, 1, 2, 1, 3, 1, 1, 2, 3, 0, 4, 3, 1, 4, 1, 1, 2, 4, 1, 2, 1, 1, 3, 2, 3, 1, 1, 1, 1, 1, 1, 1, 1, 3, 2, 1, 1, 2, 1, 2, 2, 3, 4]|[0, 2, 1, 1, 3, 3, 0, 1, 0, 0, 0, 0, 1, 0, 1, 0, 0, 3, 1, 0, 0, 0, 3, 1, 0, 2, 0, 0, 0, 1, 0, 0, 0, 0, 3, 0, 1, 0, 0, 2, 1, 1, 2, 0, 0, 0, 0, 1, 1, 0, 0, 0, 1, 3, 1, 0, 1, 0, 0, 1, 0, 2, 0, 1, 1, 2, 1, 0, 0, 1, 1, 3, 0, 1, 3, 0, 1, 0, 0, 2, 1, 0, 0, 0, 1, 0, 0, 0, 0, 0, 2, 1, 0, 1, 0, 1, 0, 0, 0, 3],872.1650162521609,57947.7929046089,85993.49946424144,false
61,G1_CMAX,G1_CMAX,[31, 22, 42, 15, 26, 58, 95, 82, 77, 12, 47, 5, 93, 78, 98, 85, 54, 63, 18, 44, 20, 35, 43, 97, 91, 10, 30, 21, 61, 71, 64, 1, 23, 17, 83, 24, 50, 60, 36, 6, 57, 94, 88, 65, 56, 79, 40, 67, 68, 46, 75, 38, 9, 19, 32, 81, 41, 27, 62, 87, 90, 99, 59, 11, 16, 72, 73, 70, 39, 37, 84, 76, 3, 92, 25, 74, 28, 7, 51, 29, 33, 14, 86, 66, 89, 45, 80, 96, 53, 4, 48, 2, 55, 49, 0, 52, 13, 8, 69, 34]|[1, 1, 1, 1, 1, 1, 2, 1, 2, 1, 2, 0, 2, 1, 1, 0, 0, 1, 0, 2, 2, 2, 1, 2, 0, 2, 2, 0, 0, 1, 2, 1, 2, 1, 0, 2, 0, 1, 1, 0, 1, 1, 1, 0, 2, 1, 1, 0, 0, 0, 0, 1, 1, 2, 1, 2, 2, 0, 0, 2, 1, 0, 1, 2, 1, 2, 1, 1, 1, 1, 1, 1, 2, 1, 1, 2, 0, 0, 0, 0, 2, 1, 2, 0, 1, 0, 0, 0, 0, 0, 2, 0, 1, 0, 0, 1, 0, 1, 2, 2]|[4, 3, 2, 2, 0, 0, 1, 2, 1, 4, 1, 0, 2, 4, 4, 1, 1, 4, 2, 1, 1, 0, 1, 2, 1, 1, 1, 1, 1, 3, 2, 3, 0, 4, 0, 1, 1, 0, 3, 2, 2, 4, 0, 1, 1, 0, 2, 0, 1, 2, 2, 1, 4, 0, 3, 2, 1, 1, 2, 1, 3, 1, 1, 1, 3, 0, 4, 3, 1, 4, 1, 2, 1, 4, 4, 1, 2, 1, 1, 1, 1, 3, 1, 1, 1, 1, 1, 1, 2, 2, 0, 2, 4, 1, 2, 1, 2, 3, 1, 1]|[2, 2, 1, 1, 3, 3, 0, 1, 0, 0, 0, 1, 1, 0, 1, 0, 0, 3, 1, 0, 0, 0, 3, 1, 0, 0, 0, 0, 1, 0, 0, 0, 0, 3, 0, 1, 0, 0, 2, 1, 1, 2, 0, 0, 0, 0, 1, 1, 0, 0, 0, 1, 3, 0, 0, 1, 0, 0, 1, 0, 2, 0, 1, 0, 2, 1, 0, 0, 1, 1, 3, 2, 0, 0, 3, 0, 1, 0, 0, 0, 0, 0, 0, 0, 1, 0, 0, 0, 1, 1, 1, 0, 3, 1, 0, 1, 0, 2, 0, 0],701.9269445084548,58814.16448267554,96724.70889609086,false
61,G4_BALANCED,G2_TEC,[20, 94, 66, 15, 26, 9, 95, 42, 77, 68, 47, 5, 3, 14, 86, 54, 85, 63, 18, 44, 31, 49, 36, 78, 74, 50, 53, 17, 21, 28, 11, 64, 93, 23, 30, 83, 24, 41, 40, 52, 65, 27, 90, 70, 39, 87, 48, 69, 99, 4, 46, 1, 13, 56, 97, 59, 45, 8, 73, 37, 35, 79, 71, 82, 76, 32, 60, 80, 58, 6, 67, 61, 33, 7, 57, 34, 12, 16, 10, 22, 96, 88, 43, 81, 91, 2, 84, 29, 92, 19, 51, 89, 38, 25, 72, 75, 98, 62, 55, 0]|[2, 1, 2, 1, 1, 2, 1, 1, 1, 1, 1, 0, 2, 2, 1, 2, 0, 0, 0, 2, 2, 1, 0, 2, 0, 2, 2, 1, 0, 1, 1, 1, 0, 0, 1, 0, 2, 1, 2, 2, 0, 0, 1, 1, 0, 2, 0, 2, 1, 0, 0, 2, 0, 2, 2, 0, 1, 1, 0, 0, 2, 1, 1, 2, 2, 0, 2, 2, 2, 1, 2, 1, 1, 2, 0, 1, 1, 2, 1, 2, 0, 1, 1, 1, 1, 0, 0, 1, 0, 1, 1, 1, 0, 1, 1, 0, 2, 1, 0, 0]|[1, 3, 1, 3, 4, 1, 4, 4, 4, 4, 3, 2, 1, 0, 2, 1, 1, 1, 2, 1, 1, 3, 0, 1, 0, 1, 1, 4, 1, 4, 3, 2, 2, 0, 4, 1, 1, 4, 1, 1, 2, 1, 4, 4, 1, 1, 0, 1, 3, 2, 2, 1, 2, 1, 1, 2, 4, 3, 0, 2, 1, 3, 3, 1, 1, 2, 1, 1, 1, 4, 1, 3, 4, 1, 2, 4, 3, 1, 3, 1, 2, 4, 4, 4, 3, 2, 2, 3, 2, 4, 3, 4, 2, 4, 4, 2, 1, 3, 2, 2]|[0, 2, 0, 0, 3, 0, 1, 3, 1, 0, 2, 0, 1, 0, 1, 0, 0, 0, 1, 0, 0, 2, 0, 0, 1, 0, 0, 3, 0, 1, 0, 2, 0, 0, 3, 0, 1, 1, 0, 0, 0, 0, 1, 3, 0, 0, 1, 0, 2, 0, 0, 0, 0, 0, 1, 0, 1, 0, 1, 1, 0, 2, 0, 0, 0, 0, 0, 0, 0, 2, 0, 0, 1, 0, 0, 1, 0, 0, 3, 0, 0, 1, 2, 2, 0, 0, 0, 3, 0, 1, 0, 1, 0, 3, 1, 0, 0, 0, 0, 0],910.6016522559228,48196.44872629531,105119.71286620182,true
61,G2_TEC,G1_CMAX,[31, 22, 42, 15, 26, 58, 95, 82, 77, 12, 47, 5, 93, 78, 98, 54, 85, 63, 18, 44, 20, 35, 43, 97, 91, 76, 10, 30, 21, 45, 71, 64, 1, 23, 17, 83, 24, 61, 60, 49, 6, 57, 94, 88, 65, 56, 79, 40, 67, 68, 46, 75, 38, 9, 19, 32, 81, 41, 27, 62, 87, 90, 99, 59, 11, 16, 72, 73, 70, 39, 37, 84, 3, 92, 25, 74, 28, 48, 51, 7, 53, 14, 86, 0, 89, 50, 66, 96, 33, 80, 8, 4, 34, 36, 55, 52, 2, 29, 69, 13]|[1, 1, 0, 1, 1, 1, 2, 1, 2, 1, 2, 2, 2, 1, 1, 0, 0, 1, 0, 2, 2, 0, 1, 2, 0, 1, 2, 2, 0, 0, 1, 2, 1, 0, 1, 0, 2, 0, 1, 1, 0, 1, 1, 1, 0, 2, 1, 1, 0, 0, 0, 0, 0, 1, 2, 1, 2, 0, 0, 0, 2, 1, 0, 1, 2, 1, 2, 1, 1, 1, 1, 1, 2, 0, 1, 2, 0, 0, 0, 1, 0, 1, 0, 0, 1, 0, 0, 0, 2, 0, 1, 0, 2, 0, 1, 1, 0, 0, 1, 0]|[4, 3, 2, 2, 0, 0, 2, 2, 2, 4, 1, 1, 2, 4, 4, 1, 1, 4, 2, 1, 1, 1, 1, 2, 1, 2, 1, 1, 2, 1, 3, 2, 3, 0, 4, 0, 1, 1, 0, 3, 2, 2, 4, 0, 1, 1, 3, 2, 0, 1, 2, 2, 2, 4, 0, 3, 1, 1, 1, 2, 1, 3, 1, 1, 1, 3, 0, 4, 3, 1, 4, 1, 1, 2, 4, 1, 2, 1, 1, 3, 2, 3, 1, 1, 1, 1, 1, 1, 1, 1, 3, 2, 1, 1, 4, 1, 2, 2, 3, 2]|[0, 2, 1, 1, 3, 3, 0, 1, 0, 0, 0, 0, 1, 0, 1, 0, 0, 3, 1, 0, 0, 0, 3, 1, 0, 2, 0, 0, 0, 1, 0, 0, 0, 0, 3, 0, 1, 0, 0, 2, 1, 1, 2, 0, 0, 0, 0, 1, 1, 0, 0, 0, 0, 3, 0, 0, 0, 0, 0, 1, 0, 2, 0, 1, 0, 2, 1, 0, 0, 1, 1, 3, 0, 1, 3, 0, 1, 0, 0, 2, 1, 0, 0, 0, 1, 0, 0, 0, 0, 0, 2, 1, 0, 1, 3, 1, 0, 0, 0, 0],899.2849655746903,56278.29381235766,90231.68607226205,true
61,G3_TWC,G3_TWC,[31, 22, 42, 15, 26, 58, 95, 82, 77, 12, 47, 5, 93, 78, 98, 54, 85, 63, 18, 44, 20, 35, 43, 97, 91, 76, 10, 30, 21, 45, 71, 64, 1, 23, 17, 83, 24, 61, 60, 49, 6, 57, 94, 88, 65, 56, 79, 40, 67, 68, 46, 75, 0, 9, 19, 32, 81, 41, 27, 62, 87, 90, 99, 59, 53, 16, 72, 73, 70, 39, 37, 84, 3, 92, 25, 74, 28, 38, 51, 7, 11, 14, 34, 48, 89, 66, 50, 96, 33, 80, 8, 4, 86, 36, 2, 52, 13, 29, 69, 55]|[1, 1, 0, 1, 1, 1, 2, 1, 2, 1, 2, 2, 2, 1, 1, 0, 0, 1, 0, 2, 2, 0, 1, 2, 0, 1, 2, 2, 0, 0, 1, 2, 1, 0, 1, 0, 2, 0, 1, 1, 0, 1, 1, 1, 0, 2, 1, 1, 0, 0, 0, 0, 1, 1, 0, 1, 2, 0, 0, 0, 2, 1, 0, 1, 0, 1, 2, 1, 1, 1, 1, 1, 2, 0, 1, 2, 0, 0, 0, 1, 0, 1, 2, 0, 1, 0, 0, 0, 2, 0, 1, 0, 0, 0, 0, 1, 0, 0, 1, 1]|[4, 3, 2, 2, 0, 0, 2, 2, 2, 4, 1, 1, 2, 4, 4, 1, 1, 4, 2, 1, 1, 1, 1, 2, 1, 2, 1, 1, 1, 1, 3, 2, 3, 0, 4, 0, 1, 1, 0, 3, 2, 2, 4, 0, 1, 1, 3, 2, 0, 1, 2, 2, 1, 4, 2, 3, 2, 1, 1, 2, 1, 3, 1, 1, 2, 3, 0, 4, 3, 1, 4, 1, 1, 2, 4, 1, 2, 1, 1, 3, 2, 3, 1, 1, 1, 1, 1, 1, 1, 1, 3, 2, 1, 1, 2, 1, 2, 2, 3, 4]|[0, 2, 1, 1, 3, 3, 0, 1, 0, 0, 0, 0, 1, 0, 1, 0, 0, 3, 1, 0, 0, 0, 3, 1, 0, 2, 0, 0, 0, 1, 0, 0, 0, 0, 3, 0, 1, 0, 0, 2, 1, 1, 2, 0, 0, 0, 0, 1, 1, 0, 0, 0, 1, 3, 1, 0, 1, 0, 0, 1, 0, 2, 0, 1, 1, 2, 1, 0, 0, 1, 1, 3, 0, 1, 3, 0, 1, 0, 0, 2, 1, 0, 0, 0, 1, 0, 0, 0, 0, 0, 2, 1, 0, 1, 0, 1, 0, 0, 0, 3],872.1650162521609,57947.7929046089,85993.49946424144,false
61,G1_CMAX,G1_CMAX,[31, 22, 42, 15, 26, 58, 95, 82, 77, 12, 47, 5, 93, 78, 98, 85, 54, 63, 18, 44, 20, 35, 43, 97, 91, 10, 30, 21, 61, 71, 64, 1, 23, 17, 83, 24, 50, 60, 36, 6, 57, 94, 88, 65, 56, 79, 40, 67, 68, 46, 75, 38, 9, 19, 32, 81, 41, 27, 62, 87, 90, 99, 59, 11, 16, 72, 73, 70, 39, 37, 84, 76, 3, 92, 25, 74, 28, 7, 51, 29, 33, 14, 86, 66, 89, 45, 80, 96, 53, 4, 48, 2, 55, 49, 0, 52, 13, 8, 69, 34]|[1, 1, 1, 1, 1, 1, 2, 1, 2, 1, 2, 0, 2, 1, 1, 0, 0, 1, 0, 2, 2, 2, 1, 2, 0, 2, 2, 0, 0, 1, 2, 1, 2, 1, 0, 2, 0, 1, 1, 0, 1, 1, 1, 0, 2, 1, 1, 0, 0, 0, 0, 1, 1, 2, 1, 2, 2, 0, 0, 2, 1, 0, 1, 2, 1, 2, 1, 1, 1, 1, 1, 1, 2, 1, 1, 2, 0, 0, 0, 0, 2, 1, 2, 0, 1, 0, 0, 0, 0, 0, 2, 0, 1, 0, 0, 1, 0, 1, 2, 2]|[4, 3, 2, 2, 0, 0, 1, 2, 1, 4, 1, 0, 2, 4, 4, 1, 1, 4, 2, 1, 1, 0, 1, 2, 1, 1, 1, 1, 1, 3, 2, 3, 0, 4, 0, 1, 1, 0, 3, 2, 2, 4, 0, 1, 1, 0, 2, 0, 1, 2, 2, 1, 4, 0, 3, 2, 1, 1, 2, 1, 3, 1, 1, 1, 3, 0, 4, 3, 1, 4, 1, 2, 1, 4, 4, 1, 2, 1, 1, 1, 1, 3, 1, 1, 1, 1, 1, 1, 2, 2, 0, 2, 4, 1, 2, 1, 2, 3, 1, 1]|[2, 2, 1, 1, 3, 3, 0, 1, 0, 0, 0, 1, 1, 0, 1, 0, 0, 3, 1, 0, 0, 0, 3, 1, 0, 0, 0, 0, 1, 0, 0, 0, 0, 3, 0, 1, 0, 0, 2, 1, 1, 2, 0, 0, 0, 0, 1, 1, 0, 0, 0, 1, 3, 0, 0, 1, 0, 0, 1, 0, 2, 0, 1, 0, 2, 1, 0, 0, 1, 1, 3, 2, 0, 0, 3, 0, 1, 0, 0, 0, 0, 0, 0, 0, 1, 0, 0, 0, 1, 1, 1, 0, 3, 1, 0, 1, 0, 2, 0, 0],701.9269445084548,58814.16448267554,96724.70889609086,false
61,G4_BALANCED,G2_TEC,[20, 94, 66, 15, 26, 9, 95, 42, 77, 68, 47, 5, 3, 14, 86, 54, 85, 63, 18, 44, 31, 49, 36, 78, 74, 50, 53, 17, 21, 28, 11, 64, 93, 23, 30, 83, 24, 41, 40, 52, 65, 27, 90, 70, 39, 87, 48, 69, 99, 4, 46, 1, 13, 56, 97, 59, 45, 8, 73, 37, 35, 79, 71, 82, 76, 32, 60, 80, 58, 6, 67, 61, 33, 7, 57, 34, 12, 16, 10, 22, 96, 88, 43, 81, 91, 2, 84, 29, 92, 19, 51, 89, 38, 25, 72, 75, 98, 62, 55, 0]|[2, 1, 2, 1, 1, 2, 1, 1, 1, 1, 1, 0, 2, 2, 1, 2, 0, 0, 0, 2, 2, 1, 0, 2, 0, 2, 2, 1, 0, 1, 1, 1, 0, 0, 1, 0, 2, 1, 2, 2, 0, 0, 1, 1, 0, 2, 0, 2, 1, 0, 0, 2, 0, 2, 2, 0, 1, 1, 0, 0, 2, 1, 1, 2, 2, 0, 2, 2, 2, 1, 2, 1, 1, 2, 0, 1, 1, 2, 1, 2, 0, 1, 1, 1, 1, 0, 0, 1, 0, 1, 1, 1, 0, 1, 1, 0, 2, 1, 0, 0]|[1, 3, 1, 3, 4, 1, 4, 4, 4, 4, 3, 2, 1, 0, 2, 1, 1, 1, 2, 1, 1, 3, 0, 1, 0, 1, 1, 4, 1, 4, 3, 2, 2, 0, 4, 1, 1, 4, 1, 1, 2, 1, 4, 4, 1, 1, 0, 1, 3, 2, 2, 1, 2, 1, 1, 2, 4, 3, 0, 2, 1, 3, 3, 1, 1, 2, 1, 1, 1, 4, 1, 3, 4, 1, 2, 4, 3, 1, 3, 1, 2, 4, 4, 4, 3, 2, 2, 3, 2, 4, 3, 4, 2, 4, 4, 2, 1, 3, 2, 2]|[0, 2, 0, 0, 3, 0, 1, 3, 1, 0, 2, 0, 1, 0, 1, 0, 0, 0, 1, 0, 0, 2, 0, 0, 1, 0, 0, 3, 0, 1, 0, 2, 0, 0, 3, 0, 1, 1, 0, 0, 0, 0, 1, 3, 0, 0, 1, 0, 2, 0, 0, 0, 0, 0, 1, 0, 1, 0, 1, 1, 0, 2, 0, 0, 0, 0, 0, 0, 0, 2, 0, 0, 1, 0, 0, 1, 0, 0, 3, 0, 0, 1, 2, 2, 0, 0, 0, 3, 0, 1, 0, 1, 0, 3, 1, 0, 0, 0, 0, 0],910.6016522559228,48196.44872629531,105119.71286620182,true
61,G2_TEC,G2_TEC,[20, 94, 66, 15, 26, 9, 95, 42, 77, 68, 47, 5, 3, 14, 86, 54, 85, 63, 18, 44, 31, 49, 36, 78, 74, 50, 53, 17, 21, 28, 11, 64, 93, 23, 30, 83, 24, 41, 40, 52, 65, 27, 90, 70, 39, 87, 48, 69, 99, 4, 46, 1, 13, 56, 97, 59, 45, 8, 73, 37, 35, 79, 71, 82, 76, 32, 60, 80, 58, 6, 67, 61, 33, 7, 57, 34, 12, 16, 10, 22, 96, 88, 43, 81, 91, 2, 84, 29, 92, 19, 51, 89, 38, 25, 72, 75, 98, 62, 55, 0]|[2, 1, 2, 1, 1, 2, 1, 1, 1, 1, 1, 0, 2, 2, 1, 2, 0, 0, 0, 2, 2, 1, 0, 2, 0, 2, 2, 1, 0, 1, 1, 1, 0, 0, 1, 0, 2, 1, 2, 2, 0, 0, 1, 1, 0, 2, 0, 2, 1, 0, 0, 2, 0, 2, 2, 0, 1, 1, 0, 0, 2, 1, 1, 2, 2, 0, 2, 2, 2, 1, 2, 1, 1, 2, 0, 1, 1, 2, 1, 2, 0, 1, 1, 1, 1, 0, 0, 1, 0, 1, 1, 1, 0, 1, 1, 0, 2, 1, 0, 0]|[1, 3, 1, 3, 4, 1, 4, 4, 4, 4, 3, 2, 1, 0, 2, 1, 1, 1, 2, 1, 1, 3, 0, 1, 0, 1, 1, 4, 1, 4, 3, 2, 2, 0, 4, 1, 1, 4, 1, 1, 2, 1, 4, 4, 1, 1, 0, 1, 3, 2, 2, 1, 2, 1, 1, 2, 4, 3, 0, 2, 1, 3, 3, 1, 1, 2, 1, 1, 1, 4, 1, 3, 4, 1, 2, 4, 3, 1, 3, 1, 2, 4, 4, 4, 3, 2, 2, 3, 2, 4, 3, 4, 2, 4, 4, 2, 1, 3, 2, 2]|[0, 2, 0, 0, 3, 0, 1, 3, 1, 0, 2, 0, 1, 0, 1, 0, 0, 0, 1, 0, 0, 2, 0, 0, 1, 0, 0, 3, 0, 1, 0, 2, 0, 0, 3, 0, 1, 1, 0, 0, 0, 0, 1, 3, 0, 0, 1, 0, 2, 0, 0, 0, 0, 0, 1, 0, 1, 0, 1, 1, 0, 2, 0, 0, 0, 0, 0, 0, 0, 2, 0, 0, 1, 0, 0, 1, 0, 0, 3, 0, 0, 1, 2, 2, 0, 0, 0, 3, 0, 1, 0, 1, 0, 3, 1, 0, 0, 0, 0, 0],910.6016522559228,48196.44872629531,105119.71286620182,false
61,G3_TWC,G3_TWC,[31, 22, 42, 15, 26, 58, 95, 82, 77, 12, 47, 5, 93, 78, 98, 54, 85, 63, 18, 44, 20, 35, 43, 97, 91, 76, 10, 30, 21, 45, 71, 64, 1, 23, 17, 83, 24, 61, 60, 49, 6, 57, 94, 88, 65, 56, 79, 40, 67, 68, 46, 75, 0, 9, 19, 32, 81, 41, 27, 62, 87, 90, 99, 59, 53, 16, 72, 73, 70, 39, 37, 84, 3, 92, 25, 74, 28, 38, 51, 7, 11, 14, 34, 48, 89, 66, 50, 96, 33, 80, 8, 4, 86, 36, 2, 52, 13, 29, 69, 55]|[1, 1, 0, 1, 1, 1, 2, 1, 2, 1, 2, 2, 2, 1, 1, 0, 0, 1, 0, 2, 2, 0, 1, 2, 0, 1, 2, 2, 0, 0, 1, 2, 1, 0, 1, 0, 2, 0, 1, 1, 0, 1, 1, 1, 0, 2, 1, 1, 0, 0, 0, 0, 1, 1, 0, 1, 2, 0, 0, 0, 2, 1, 0, 1, 0, 1, 2, 1, 1, 1, 1, 1, 2, 0, 1, 2, 0, 0, 0, 1, 0, 1, 2, 0, 1, 0, 0, 0, 2, 0, 1, 0, 0, 0, 0, 1, 0, 0, 1, 1]|[4, 3, 2, 2, 0, 0, 2, 2, 2, 4, 1, 1, 2, 4, 4, 1, 1, 4, 2, 1, 1, 1, 1, 2, 1, 2, 1, 1, 1, 1, 3, 2, 3, 0, 4, 0, 1, 1, 0, 3, 2, 2, 4, 0, 1, 1, 3, 2, 0, 1, 2, 2, 1, 4, 2, 3, 2, 1, 1, 2, 1, 3, 1, 1, 2, 3, 0, 4, 3, 1, 4, 1, 1, 2, 4, 1, 2, 1, 1, 3, 2, 3, 1, 1, 1, 1, 1, 1, 1, 1, 3, 2, 1, 1, 2, 1, 2, 2, 3, 4]|[0, 2, 1, 1, 3, 3, 0, 1, 0, 0, 0, 0, 1, 0, 1, 0, 0, 3, 1, 0, 0, 0, 3, 1, 0, 2, 0, 0, 0, 1, 0, 0, 0, 0, 3, 0, 1, 0, 0, 2, 1, 1, 2, 0, 0, 0, 0, 1, 1, 0, 0, 0, 1, 3, 1, 0, 1, 0, 0, 1, 0, 2, 0, 1, 1, 2, 1, 0, 0, 1, 1, 3, 0, 1, 3, 0, 1, 0, 0, 2, 1, 0, 0, 0, 1, 0, 0, 0, 0, 0, 2, 1, 0, 1, 0, 1, 0, 0, 0, 3],872.1650162521609,57947.7929046089,85993.49946424144,false
61,G1_CMAX,G1_CMAX,[31, 22, 42, 15, 26, 58, 95, 82, 77, 12, 47, 5, 93, 78, 98, 85, 54, 63, 18, 44, 20, 35, 43, 97, 91, 10, 30, 21, 61, 71, 64, 1, 23, 17, 83, 24, 50, 60, 36, 6, 57, 94, 88, 65, 56, 79, 40, 67, 68, 46, 75, 38, 9, 19, 32, 81, 41, 27, 62, 87, 90, 99, 59, 11, 16, 72, 73, 70, 39, 37, 84, 76, 3, 92, 25, 74, 28, 7, 51, 29, 33, 14, 86, 66, 89, 45, 80, 96, 53, 4, 48, 2, 55, 49, 0, 52, 13, 8, 69, 34]|[1, 1, 1, 1, 1, 1, 2, 1, 2, 1, 2, 0, 2, 1, 1, 0, 0, 1, 0, 2, 2, 2, 1, 2, 0, 2, 2, 0, 0, 1, 2, 1, 2, 1, 0, 2, 0, 1, 1, 0, 1, 1, 1, 0, 2, 1, 1, 0, 0, 0, 0, 1, 1, 2, 1, 2, 2, 0, 0, 2, 1, 0, 1, 2, 1, 2, 1, 1, 1, 1, 1, 1, 2, 1, 1, 2, 0, 0, 0, 0, 2, 1, 2, 0, 1, 0, 0, 0, 0, 0, 2, 0, 1, 0, 0, 1, 0, 1, 2, 2]|[4, 3, 2, 2, 0, 0, 1, 2, 1, 4, 1, 0, 2, 4, 4, 1, 1, 4, 2, 1, 1, 0, 1, 2, 1, 1, 1, 1, 1, 3, 2, 3, 0, 4, 0, 1, 1, 0, 3, 2, 2, 4, 0, 1, 1, 0, 2, 0, 1, 2, 2, 1, 4, 0, 3, 2, 1, 1, 2, 1, 3, 1, 1, 1, 3, 0, 4, 3, 1, 4, 1, 2, 1, 4, 4, 1, 2, 1, 1, 1, 1, 3, 1, 1, 1, 1, 1, 1, 2, 2, 0, 2, 4, 1, 2, 1, 2, 3, 1, 1]|[2, 2, 1, 1, 3, 3, 0, 1, 0, 0, 0, 1, 1, 0, 1, 0, 0, 3, 1, 0, 0, 0, 3, 1, 0, 0, 0, 0, 1, 0, 0, 0, 0, 3, 0, 1, 0, 0, 2, 1, 1, 2, 0, 0, 0, 0, 1, 1, 0, 0, 0, 1, 3, 0, 0, 1, 0, 0, 1, 0, 2, 0, 1, 0, 2, 1, 0, 0, 1, 1, 3, 2, 0, 0, 3, 0, 1, 0, 0, 0, 0, 0, 0, 0, 1, 0, 0, 0, 1, 1, 1, 0, 3, 1, 0, 1, 0, 2, 0, 0],701.9269445084548,58814.16448267554,96724.70889609086,false
61,G4_BALANCED,G3_TWC,[31, 22, 42, 15, 26, 58, 95, 82, 77, 12, 47, 5, 93, 78, 98, 54, 85, 63, 18, 44, 20, 35, 43, 97, 91, 76, 10, 30, 21, 45, 71, 64, 1, 23, 17, 83, 24, 61, 60, 49, 6, 57, 94, 88, 65, 56, 79, 40, 67, 68, 46, 75, 0, 9, 19, 32, 81, 41, 27, 62, 87, 90, 99, 59, 11, 16, 72, 73, 70, 39, 37, 84, 3, 92, 25, 74, 28, 38, 51, 7, 53, 14, 86, 66, 89, 48, 50, 96, 33, 80, 8, 4, 52, 36, 2, 34, 13, 29, 69, 55]|[1, 1, 0, 1, 1, 1, 2, 1, 2, 1, 2, 2, 2, 1, 1, 0, 0, 1, 0, 2, 2, 0, 1, 2, 0, 1, 2, 2, 0, 0, 1, 2, 1, 0, 1, 0, 2, 0, 1, 1, 0, 1, 1, 1, 0, 2, 1, 1, 0, 0, 0, 0, 1, 1, 2, 1, 0, 0, 0, 0, 2, 1, 0, 1, 0, 1, 2, 1, 1, 1, 1, 1, 2, 0, 1, 2, 0, 0, 0, 1, 0, 1, 0, 0, 1, 0, 0, 0, 2, 0, 1, 0, 1, 0, 0, 2, 0, 0, 1, 1]|[4, 3, 2, 2, 0, 0, 2, 2, 2, 4, 1, 1, 2, 4, 4, 1, 1, 4, 2, 1, 1, 1, 1, 2, 1, 2, 1, 1, 1, 1, 3, 2, 3, 0, 4, 0, 1, 1, 0, 3, 2, 2, 4, 0, 1, 1, 3, 2, 0, 1, 2, 2, 1, 4, 0, 3, 1, 1, 1, 2, 1, 3, 1, 1, 2, 3, 0, 4, 3, 1, 4, 1, 1, 2, 4, 1, 2, 1, 1, 3, 2, 3, 1, 1, 1, 1, 1, 1, 1, 1, 3, 2, 1, 1, 2, 1, 2, 2, 3, 4]|[0, 2, 1, 1, 3, 3, 0, 1, 0, 0, 0, 0, 1, 0, 1, 0, 0, 3, 1, 0, 0, 0, 3, 1, 0, 2, 0, 0, 0, 1, 0, 0, 0, 0, 3, 0, 1, 0, 0, 2, 1, 1, 2, 0, 0, 0, 0, 1, 1, 0, 0, 0, 1, 3, 0, 0, 0, 0, 0, 1, 0, 2, 0, 1, 1, 2, 1, 0, 0, 1, 1, 3, 0, 1, 3, 0, 1, 0, 0, 2, 1, 0, 0, 0, 1, 0, 0, 0, 0, 0, 2, 1, 1, 1, 0, 0, 0, 0, 0, 3],871.7163650043351,57497.38907574035,86089.1832509735,true
61,G2_TEC,G2_TEC,[20, 94, 66, 15, 26, 9, 95, 42, 77, 68, 47, 5, 3, 14, 86, 54, 85, 63, 18, 44, 31, 49, 36, 78, 74, 50, 53, 17, 21, 28, 11, 64, 93, 23, 30, 83, 24, 41, 40, 52, 65, 27, 90, 70, 39, 87, 48, 69, 99, 4, 46, 1, 13, 56, 97, 59, 45, 8, 73, 37, 35, 79, 71, 82, 76, 32, 60, 80, 58, 6, 67, 61, 33, 7, 57, 34, 12, 16, 10, 22, 96, 88, 43, 81, 91, 2, 84, 29, 92, 19, 51, 89, 38, 25, 72, 75, 98, 62, 55, 0]|[2, 1, 2, 1, 1, 2, 1, 1, 1, 1, 1, 0, 2, 2, 1, 2, 0, 0, 0, 2, 2, 1, 0, 2, 0, 2, 2, 1, 0, 1, 1, 1, 0, 0, 1, 0, 2, 1, 2, 2, 0, 0, 1, 1, 0, 2, 0, 2, 1, 0, 0, 2, 0, 2, 2, 0, 1, 1, 0, 0, 2, 1, 1, 2, 2, 0, 2, 2, 2, 1, 2, 1, 1, 2, 0, 1, 1, 2, 1, 2, 0, 1, 1, 1, 1, 0, 0, 1, 0, 1, 1, 1, 0, 1, 1, 0, 2, 1, 0, 0]|[1, 3, 1, 3, 4, 1, 4, 4, 4, 4, 3, 2, 1, 0, 2, 1, 1, 1, 2, 1, 1, 3, 0, 1, 0, 1, 1, 4, 1, 4, 3, 2, 2, 0, 4, 1, 1, 4, 1, 1, 2, 1, 4, 4, 1, 1, 0, 1, 3, 2, 2, 1, 2, 1, 1, 2, 4, 3, 0, 2, 1, 3, 3, 1, 1, 2, 1, 1, 1, 4, 1, 3, 4, 1, 2, 4, 3, 1, 3, 1, 2, 4, 4, 4, 3, 2, 2, 3, 2, 4, 3, 4, 2, 4, 4, 2, 1, 3, 2, 2]|[0, 2, 0, 0, 3, 0, 1, 3, 1, 0, 2, 0, 1, 0, 1, 0, 0, 0, 1, 0, 0, 2, 0, 0, 1, 0, 0, 3, 0, 1, 0, 2, 0, 0, 3, 0, 1, 1, 0, 0, 0, 0, 1, 3, 0, 0, 1, 0, 2, 0, 0, 0, 0, 0, 1, 0, 1, 0, 1, 1, 0, 2, 0, 0, 0, 0, 0, 0, 0, 2, 0, 0, 1, 0, 0, 1, 0, 0, 3, 0, 0, 1, 2, 2, 0, 0, 0, 3, 0, 1, 0, 1, 0, 3, 1, 0, 0, 0, 0, 0],910.6016522559228,48196.44872629531,105119.71286620182,false
61,G3_TWC,G3_TWC,[31, 22, 42, 15, 26, 58, 95, 82, 77, 12, 47, 5, 93, 78, 98, 54, 85, 63, 18, 44, 20, 35, 43, 97, 91, 76, 10, 30, 21, 45, 71, 64, 1, 23, 17, 83, 24, 61, 60, 49, 6, 57, 94, 88, 65, 56, 79, 40, 67, 68, 46, 75, 0, 9, 19, 32, 81, 41, 27, 62, 87, 90, 99, 59, 53, 16, 72, 73, 70, 39, 37, 84, 3, 92, 25, 74, 28, 38, 51, 7, 11, 14, 34, 48, 89, 66, 50, 96, 33, 80, 8, 4, 86, 36, 2, 52, 13, 29, 69, 55]|[1, 1, 0, 1, 1, 1, 2, 1, 2, 1, 2, 2, 2, 1, 1, 0, 0, 1, 0, 2, 2, 0, 1, 2, 0, 1, 2, 2, 0, 0, 1, 2, 1, 0, 1, 0, 2, 0, 1, 1, 0, 1, 1, 1, 0, 2, 1, 1, 0, 0, 0, 0, 1, 1, 0, 1, 2, 0, 0, 0, 2, 1, 0, 1, 0, 1, 2, 1, 1, 1, 1, 1, 2, 0, 1, 2, 0, 0, 0, 1, 0, 1, 2, 0, 1, 0, 0, 0, 2, 0, 1, 0, 0, 0, 0, 1, 0, 0, 1, 1]|[4, 3, 2, 2, 0, 0, 2, 2, 2, 4, 1, 1, 2, 4, 4, 1, 1, 4, 2, 1, 1, 1, 1, 2, 1, 2, 1, 1, 1, 1, 3, 2, 3, 0, 4, 0, 1, 1, 0, 3, 2, 2, 4, 0, 1, 1, 3, 2, 0, 1, 2, 2, 1, 4, 2, 3, 2, 1, 1, 2, 1, 3, 1, 1, 2, 3, 0, 4, 3, 1, 4, 1, 1, 2, 4, 1, 2, 1, 1, 3, 2, 3, 1, 1, 1, 1, 1, 1, 1, 1, 3, 2, 1, 1, 2, 1, 2, 2, 3, 4]|[0, 2, 1, 1, 3, 3, 0, 1, 0, 0, 0, 0, 1, 0, 1, 0, 0, 3, 1, 0, 0, 0, 3, 1, 0, 2, 0, 0, 0, 1, 0, 0, 0, 0, 3, 0, 1, 0, 0, 2, 1, 1, 2, 0, 0, 0, 0, 1, 1, 0, 0, 0, 1, 3, 1, 0, 1, 0, 0, 1, 0, 2, 0, 1, 1, 2, 1, 0, 0, 1, 1, 3, 0, 1, 3, 0, 1, 0, 0, 2, 1, 0, 0, 0, 1, 0, 0, 0, 0, 0, 2, 1, 0, 1, 0, 1, 0, 0, 0, 3],872.1650162521609,57947.7929046089,85993.49946424144,false
61,G1_CMAX,G2_TEC,[31, 94, 82, 15, 26, 9, 95, 42, 77, 68, 47, 5, 93, 78, 86, 54, 85, 63, 18, 44, 20, 49, 36, 14, 74, 50, 53, 17, 21, 28, 11, 64, 3, 23, 30, 83, 24, 41, 40, 52, 65, 27, 90, 70, 39, 87, 48, 69, 99, 4, 46, 1, 13, 56, 97, 59, 45, 8, 73, 37, 35, 79, 71, 66, 76, 16, 60, 80, 58, 6, 67, 61, 33, 7, 57, 34, 12, 32, 10, 98, 96, 88, 43, 81, 91, 2, 84, 29, 92, 19, 51, 75, 89, 72, 25, 55, 38, 22, 62, 0]|[2, 1, 2, 1, 1, 2, 1, 1, 1, 1, 1, 0, 2, 2, 1, 2, 0, 0, 0, 2, 2, 1, 0, 2, 0, 2, 2, 1, 0, 1, 1, 1, 0, 0, 1, 0, 2, 1, 2, 2, 0, 0, 1, 1, 0, 2, 0, 2, 1, 0, 0, 2, 0, 2, 2, 0, 1, 1, 0, 0, 2, 1, 1, 0, 2, 2, 2, 2, 2, 1, 2, 1, 1, 2, 0, 1, 1, 0, 1, 2, 0, 1, 1, 1, 1, 0, 0, 1, 0, 1, 1, 2, 1, 1, 1, 0, 0, 1, 1, 0]|[0, 3, 0, 3, 4, 1, 4, 4, 4, 4, 3, 2, 1, 0, 2, 1, 1, 1, 2, 1, 1, 3, 0, 1, 0, 1, 1, 4, 1, 4, 3, 2, 2, 0, 4, 1, 1, 4, 1, 1, 2, 1, 4, 4, 1, 1, 0, 1, 3, 2, 2, 1, 2, 1, 1, 2, 4, 3, 0, 2, 1, 3, 3, 2, 1, 1, 1, 1, 1, 4, 1, 3, 4, 1, 2, 4, 3, 2, 3, 1, 2, 4, 4, 4, 3, 2, 2, 3, 2, 4, 3, 1, 4, 4, 4, 2, 2, 3, 3, 2]|[0, 2, 0, 0, 3, 0, 1, 3, 1, 0, 2, 0, 1, 0, 1, 0, 0, 0, 1, 0, 0, 2, 0, 0, 1, 0, 0, 3, 0, 1, 0, 2, 0, 0, 3, 0, 1, 1, 0, 0, 0, 0, 1, 3, 0, 0, 1, 0, 2, 0, 0, 0, 0, 0, 1, 0, 1, 0, 1, 1, 0, 2, 0, 0, 0, 0, 0, 0, 0, 2, 0, 0, 1, 0, 0, 1, 0, 0, 3, 0, 0, 1, 2, 1, 0, 0, 0, 3, 0, 1, 0, 0, 1, 1, 3, 0, 0, 2, 0, 0],895.7499151468579,48663.26039460156,106873.60263451611,true
61,G4_BALANCED,G1_CMAX,[31, 22, 42, 15, 26, 58, 95, 82, 77, 12, 47, 5, 93, 78, 98, 85, 54, 63, 18, 44, 20, 35, 43, 97, 91, 76, 10, 30, 21, 45, 71, 64, 1, 23, 17, 83, 24, 61, 60, 49, 6, 57, 94, 88, 65, 56, 79, 40, 67, 68, 46, 75, 38, 9, 19, 32, 81, 41, 27, 62, 87, 90, 99, 59, 11, 16, 72, 73, 70, 39, 37, 84, 3, 92, 25, 74, 28, 29, 51, 7, 53, 14, 86, 48, 89, 50, 66, 96, 33, 80, 4, 8, 0, 36, 2, 52, 13, 34, 69, 55]|[1, 1, 0, 1, 1, 1, 2, 1, 2, 1, 2, 2, 2, 1, 1, 0, 0, 1, 0, 2, 2, 0, 1, 2, 0, 1, 2, 2, 0, 0, 1, 2, 1, 0, 1, 0, 2, 0, 1, 1, 0, 1, 1, 1, 0, 2, 1, 1, 0, 0, 0, 0, 1, 1, 0, 1, 2, 0, 0, 0, 2, 1, 0, 1, 2, 1, 2, 1, 1, 1, 1, 1, 2, 0, 1, 2, 0, 0, 0, 1, 0, 1, 0, 0, 1, 0, 0, 0, 2, 0, 0, 1, 0, 0, 0, 1, 0, 2, 1, 1]|[4, 3, 2, 2, 0, 0, 2, 2, 2, 4, 1, 1, 2, 4, 4, 1, 1, 4, 2, 1, 1, 1, 1, 2, 1, 2, 1, 1, 1, 1, 3, 2, 3, 0, 4, 0, 1, 1, 0, 3, 2, 2, 4, 0, 1, 1, 3, 2, 0, 1, 2, 2, 1, 4, 2, 3, 2, 1, 1, 2, 1, 3, 1, 1, 1, 3, 0, 4, 3, 1, 4, 1, 1, 2, 4, 1, 2, 1, 1, 3, 2, 3, 1, 1, 1, 1, 1, 1, 1, 1, 2, 3, 2, 1, 2, 1, 2, 1, 3, 4]|[0, 2, 1, 1, 3, 3, 0, 1, 0, 0, 0, 0, 1, 0, 1, 0, 0, 3, 1, 0, 0, 0, 3, 1, 0, 2, 0, 0, 0, 1, 0, 0, 0, 0, 3, 0, 1, 0, 0, 2, 1, 1, 2, 0, 0, 0, 0, 1, 1, 0, 0, 0, 1, 3, 1, 0, 1, 0, 0, 1, 0, 2, 0, 1, 0, 2, 1, 0, 0, 1, 1, 3, 0, 1, 3, 0, 1, 0, 0, 2, 1, 0, 0, 0, 1, 0, 0, 0, 0, 0, 1, 2, 0, 1, 0, 1, 0, 0, 0, 3],841.732956564821,57523.38010759008,86863.5098218776,true
61,G2_TEC,G2_TEC,[20, 94, 66, 15, 26, 9, 95, 42, 77, 68, 47, 5, 3, 14, 86, 54, 85, 63, 18, 44, 31, 49, 36, 78, 74, 50, 53, 17, 21, 28, 11, 64, 93, 23, 30, 83, 24, 41, 40, 52, 65, 27, 90, 70, 39, 87, 48, 69, 99, 4, 46, 1, 13, 56, 97, 59, 45, 8, 73, 37, 35, 79, 71, 82, 76, 32, 60, 80, 58, 6, 67, 61, 33, 7, 57, 34, 12, 16, 10, 22, 96, 88, 43, 81, 91, 2, 84, 29, 92, 19, 51, 89, 38, 25, 72, 75, 98, 62, 55, 0]|[2, 1, 2, 1, 1, 2, 1, 1, 1, 1, 1, 0, 2, 2, 1, 2, 0, 0, 0, 2, 2, 1, 0, 2, 0, 2, 2, 1, 0, 1, 1, 1, 0, 0, 1, 0, 2, 1, 2, 2, 0, 0, 1, 1, 0, 2, 0, 2, 1, 0, 0, 2, 0, 2, 2, 0, 1, 1, 0, 0, 2, 1, 1, 2, 2, 0, 2, 2, 2, 1, 2, 1, 1, 2, 0, 1, 1, 2, 1, 2, 0, 1, 1, 1, 1, 0, 0, 1, 0, 1, 1, 1, 0, 1, 1, 0, 2, 1, 0, 0]|[1, 3, 1, 3, 4, 1, 4, 4, 4, 4, 3, 2, 1, 0, 2, 1, 1, 1, 2, 1, 1, 3, 0, 1, 0, 1, 1, 4, 1, 4, 3, 2, 2, 0, 4, 1, 1, 4, 1, 1, 2, 1, 4, 4, 1, 1, 0, 1, 3, 2, 2, 1, 2, 1, 1, 2, 4, 3, 0, 2, 1, 3, 3, 1, 1, 2, 1, 1, 1, 4, 1, 3, 4, 1, 2, 4, 3, 1, 3, 1, 2, 4, 4, 4, 3, 2, 2, 3, 2, 4, 3, 4, 2, 4, 4, 2, 1, 3, 2, 2]|[0, 2, 0, 0, 3, 0, 1, 3, 1, 0, 2, 0, 1, 0, 1, 0, 0, 0, 1, 0, 0, 2, 0, 0, 1, 0, 0, 3, 0, 1, 0, 2, 0, 0, 3, 0, 1, 1, 0, 0, 0, 0, 1, 3, 0, 0, 1, 0, 2, 0, 0, 0, 0, 0, 1, 0, 1, 0, 1, 1, 0, 2, 0, 0, 0, 0, 0, 0, 0, 2, 0, 0, 1, 0, 0, 1, 0, 0, 3, 0, 0, 1, 2, 2, 0, 0, 0, 3, 0, 1, 0, 1, 0, 3, 1, 0, 0, 0, 0, 0],910.6016522559228,48196.44872629531,105119.71286620182,false
61,G3_TWC,G3_TWC,[31, 22, 42, 15, 26, 58, 95, 82, 77, 12, 47, 5, 93, 78, 98, 54, 85, 63, 18, 44, 20, 35, 43, 97, 91, 76, 10, 30, 21, 45, 71, 64, 1, 23, 17, 83, 24, 61, 60, 49, 6, 57, 94, 88, 65, 56, 79, 40, 67, 68, 46, 75, 0, 9, 19, 32, 81, 41, 27, 62, 87, 90, 99, 59, 53, 16, 72, 73, 70, 39, 37, 84, 3, 92, 25, 74, 28, 38, 51, 7, 11, 14, 34, 48, 89, 66, 50, 96, 33, 80, 8, 4, 86, 36, 2, 52, 13, 29, 69, 55]|[1, 1, 0, 1, 1, 1, 2, 1, 2, 1, 2, 2, 2, 1, 1, 0, 0, 1, 0, 2, 2, 0, 1, 2, 0, 1, 2, 2, 0, 0, 1, 2, 1, 0, 1, 0, 2, 0, 1, 1, 0, 1, 1, 1, 0, 2, 1, 1, 0, 0, 0, 0, 1, 1, 0, 1, 2, 0, 0, 0, 2, 1, 0, 1, 0, 1, 2, 1, 1, 1, 1, 1, 2, 0, 1, 2, 0, 0, 0, 1, 0, 1, 2, 0, 1, 0, 0, 0, 2, 0, 1, 0, 0, 0, 0, 1, 0, 0, 1, 1]|[4, 3, 2, 2, 0, 0, 2, 2, 2, 4, 1, 1, 2, 4, 4, 1, 1, 4, 2, 1, 1, 1, 1, 2, 1, 2, 1, 1, 1, 1, 3, 2, 3, 0, 4, 0, 1, 1, 0, 3, 2, 2, 4, 0, 1, 1, 3, 2, 0, 1, 2, 2, 1, 4, 2, 3, 2, 1, 1, 2, 1, 3, 1, 1, 2, 3, 0, 4, 3, 1, 4, 1, 1, 2, 4, 1, 2, 1, 1, 3, 2, 3, 1, 1, 1, 1, 1, 1, 1, 1, 3, 2, 1, 1, 2, 1, 2, 2, 3, 4]|[0, 2, 1, 1, 3, 3, 0, 1, 0, 0, 0, 0, 1, 0, 1, 0, 0, 3, 1, 0, 0, 0, 3, 1, 0, 2, 0, 0, 0, 1, 0, 0, 0, 0, 3, 0, 1, 0, 0, 2, 1, 1, 2, 0, 0, 0, 0, 1, 1, 0, 0, 0, 1, 3, 1, 0, 1, 0, 0, 1, 0, 2, 0, 1, 1, 2, 1, 0, 0, 1, 1, 3, 0, 1, 3, 0, 1, 0, 0, 2, 1, 0, 0, 0, 1, 0, 0, 0, 0, 0, 2, 1, 0, 1, 0, 1, 0, 0, 0, 3],872.1650162521609,57947.7929046089,85993.49946424144,false
61,G1_CMAX,G4_BALANCED,[31, 22, 42, 15, 26, 58, 95, 82, 77, 12, 47, 5, 93, 78, 98, 54, 85, 63, 18, 44, 20, 35, 43, 97, 91, 76, 10, 30, 21, 45, 71, 64, 1, 23, 17, 83, 24, 61, 60, 49, 6, 57, 94, 88, 65, 56, 79, 40, 67, 68, 46, 75, 0, 9, 19, 32, 81, 41, 27, 62, 87, 90, 99, 59, 53, 16, 72, 73, 70, 39, 37, 84, 3, 92, 25, 74, 28, 38, 51, 7, 11, 14, 86, 48, 89, 50, 66, 96, 33, 80, 8, 4, 29, 36, 55, 52, 2, 34, 69, 13]|[1, 1, 0, 1, 1, 1, 2, 1, 2, 1, 2, 2, 2, 1, 1, 0, 0, 1, 0, 2, 2, 0, 1, 2, 0, 1, 2, 2, 0, 0, 1, 2, 1, 0, 1, 0, 2, 0, 1, 1, 0, 1, 1, 1, 0, 2, 1, 1, 0, 0, 0, 0, 1, 1, 2, 1, 2, 0, 0, 0, 2, 1, 0, 1, 0, 1, 2, 1, 1, 1, 1, 1, 2, 0, 1, 2, 0, 0, 0, 0, 2, 1, 0, 0, 1, 0, 0, 0, 2, 0, 1, 0, 0, 0, 1, 1, 0, 2, 1, 0]|[4, 3, 2, 2, 0, 0, 2, 2, 2, 4, 1, 1, 2, 4, 4, 1, 1, 4, 2, 1, 1, 1, 1, 2, 1, 2, 1, 1, 1, 1, 3, 2, 3, 0, 4, 0, 1, 1, 0, 3, 2, 2, 4, 0, 1, 1, 3, 2, 1, 1, 2, 2, 1, 4, 0, 3, 1, 1, 1, 2, 1, 3, 1, 1, 2, 3, 0, 4, 3, 1, 4, 1, 1, 2, 4, 1, 2, 1, 1, 1, 1, 3, 1, 1, 1, 1, 1, 1, 1, 1, 3, 2, 2, 1, 4, 1, 2, 1, 3, 2]|[0, 2, 1, 1, 3, 3, 0, 1, 0, 0, 0, 0, 1, 0, 1, 0, 0, 3, 1, 0, 0, 0, 3, 1, 0, 2, 0, 0, 0, 1, 0, 0, 0, 0, 3, 0, 1, 0, 0, 2, 1, 1, 2, 0, 0, 0, 0, 1, 0, 0, 1, 0, 1, 3, 0, 0, 0, 0, 0, 1, 0, 2, 0, 1, 1, 2, 1, 0, 0, 1, 1, 3, 0, 1, 3, 0, 1, 0, 0, 0, 0, 0, 0, 0, 1, 0, 0, 0, 0, 0, 2, 1, 0, 1, 3, 1, 0, 0, 0, 0],848.9024212080401,56999.60231601864,86825.5033257262,true
61,G4_BALANCED,G3_TWC,[31, 22, 42, 15, 26, 58, 95, 82, 77, 12, 47, 5, 93, 78, 98, 54, 85, 63, 18, 44, 20, 35, 43, 97, 91, 76, 10, 30, 21, 45, 71, 64, 1, 23, 17, 83, 24, 61, 60, 36, 6, 57, 94, 88, 65, 56, 79, 40, 67, 68, 46, 75, 38, 9, 19, 32, 81, 41, 27, 62, 87, 90, 99, 59, 53, 16, 72, 73, 70, 39, 37, 84, 3, 92, 25, 74, 28, 0, 51, 7, 11, 14, 86, 48, 89, 66, 50, 96, 4, 80, 33, 8, 34, 49, 55, 52, 13, 2, 69, 29]|[1, 1, 0, 1, 1, 1, 2, 1, 2, 1, 2, 2, 2, 1, 1, 0, 0, 1, 0, 2, 2, 0, 1, 2, 0, 1, 2, 2, 0, 0, 1, 2, 1, 0, 1, 0, 2, 0, 1, 1, 0, 1, 1, 1, 0, 2, 1, 1, 0, 0, 0, 0, 1, 1, 2, 1, 2, 0, 0, 0, 2, 1, 0, 1, 0, 1, 2, 1, 1, 1, 1, 1, 2, 0, 1, 2, 0, 0, 0, 1, 2, 1, 0, 0, 1, 2, 0, 2, 0, 0, 2, 1, 2, 0, 2, 1, 0, 0, 1, 0]|[4, 3, 2, 2, 0, 0, 2, 2, 2, 4, 1, 1, 2, 4, 4, 1, 1, 4, 2, 1, 1, 1, 1, 2, 1, 2, 1, 1, 1, 1, 3, 2, 3, 0, 4, 0, 1, 1, 0, 3, 2, 2, 4, 0, 1, 1, 3, 2, 0, 1, 2, 2, 1, 4, 0, 3, 2, 1, 1, 2, 1, 3, 1, 1, 2, 3, 0, 4, 3, 1, 4, 1, 1, 2, 4, 1, 2, 1, 1, 3, 1, 3, 1, 1, 1, 1, 1, 1, 2, 1, 1, 3, 1, 1, 1, 1, 2, 2, 3, 2]|[0, 2, 1, 1, 3, 3, 0, 1, 0, 0, 0, 0, 1, 0, 1, 0, 0, 3, 1, 0, 0, 0, 3, 1, 0, 2, 0, 0, 0, 1, 0, 0, 0, 0, 3, 0, 1, 0, 0, 2, 1, 1, 2, 0, 0, 0, 0, 1, 1, 0, 0, 0, 1, 3, 0, 0, 1, 0, 0, 1, 0, 2, 0, 1, 1, 2, 1, 0, 0, 1, 1, 3, 0, 1, 3, 0, 1, 0, 0, 2, 0, 0, 0, 0, 1, 0, 0, 0, 1, 0, 0, 2, 0, 1, 0, 1, 0, 0, 0, 0],783.8487552545888,57139.41374157495,88171.96431486766,true
61,G2_TEC,G2_TEC,[20, 94, 66, 15, 26, 9, 95, 42, 77, 68, 47, 5, 3, 14, 86, 54, 85, 63, 18, 44, 31, 49, 36, 78, 74, 50, 53, 17, 21, 28, 11, 64, 93, 23, 30, 83, 24, 41, 40, 52, 65, 27, 90, 70, 39, 87, 48, 69, 99, 4, 46, 1, 13, 56, 97, 59, 45, 8, 73, 37, 35, 79, 71, 82, 76, 32, 60, 80, 58, 6, 67, 61, 33, 7, 57, 34, 12, 16, 10, 22, 96, 88, 43, 81, 91, 2, 84, 29, 92, 19, 51, 89, 38, 25, 72, 75, 98, 62, 55, 0]|[2, 1, 2, 1, 1, 2, 1, 1, 1, 1, 1, 0, 2, 2, 1, 2, 0, 0, 0, 2, 2, 1, 0, 2, 0, 2, 2, 1, 0, 1, 1, 1, 0, 0, 1, 0, 2, 1, 2, 2, 0, 0, 1, 1, 0, 2, 0, 2, 1, 0, 0, 2, 0, 2, 2, 0, 1, 1, 0, 0, 2, 1, 1, 2, 2, 0, 2, 2, 2, 1, 2, 1, 1, 2, 0, 1, 1, 2, 1, 2, 0, 1, 1, 1, 1, 0, 0, 1, 0, 1, 1, 1, 0, 1, 1, 0, 2, 1, 0, 0]|[1, 3, 1, 3, 4, 1, 4, 4, 4, 4, 3, 2, 1, 0, 2, 1, 1, 1, 2, 1, 1, 3, 0, 1, 0, 1, 1, 4, 1, 4, 3, 2, 2, 0, 4, 1, 1, 4, 1, 1, 2, 1, 4, 4, 1, 1, 0, 1, 3, 2, 2, 1, 2, 1, 1, 2, 4, 3, 0, 2, 1, 3, 3, 1, 1, 2, 1, 1, 1, 4, 1, 3, 4, 1, 2, 4, 3, 1, 3, 1, 2, 4, 4, 4, 3, 2, 2, 3, 2, 4, 3, 4, 2, 4, 4, 2, 1, 3, 2, 2]|[0, 2, 0, 0, 3, 0, 1, 3, 1, 0, 2, 0, 1, 0, 1, 0, 0, 0, 1, 0, 0, 2, 0, 0, 1, 0, 0, 3, 0, 1, 0, 2, 0, 0, 3, 0, 1, 1, 0, 0, 0, 0, 1, 3, 0, 0, 1, 0, 2, 0, 0, 0, 0, 0, 1, 0, 1, 0, 1, 1, 0, 2, 0, 0, 0, 0, 0, 0, 0, 2, 0, 0, 1, 0, 0, 1, 0, 0, 3, 0, 0, 1, 2, 2, 0, 0, 0, 3, 0, 1, 0, 1, 0, 3, 1, 0, 0, 0, 0, 0],910.6016522559228,48196.44872629531,105119.71286620182,false
61,G3_TWC,G3_TWC,[31, 22, 42, 15, 26, 58, 95, 82, 77, 12, 47, 5, 93, 78, 98, 54, 85, 63, 18, 44, 20, 35, 43, 97, 91, 76, 10, 30, 21, 45, 71, 64, 1, 23, 17, 83, 24, 61, 60, 49, 6, 57, 94, 88, 65, 56, 79, 40, 67, 68, 46, 75, 0, 9, 19, 32, 81, 41, 27, 62, 87, 90, 99, 59, 53, 16, 72, 73, 70, 39, 37, 84, 3, 92, 25, 74, 28, 38, 51, 7, 11, 14, 34, 48, 89, 66, 50, 96, 33, 80, 8, 4, 86, 36, 2, 52, 13, 29, 69, 55]|[1, 1, 0, 1, 1, 1, 2, 1, 2, 1, 2, 2, 2, 1, 1, 0, 0, 1, 0, 2, 2, 0, 1, 2, 0, 1, 2, 2, 0, 0, 1, 2, 1, 0, 1, 0, 2, 0, 1, 1, 0, 1, 1, 1, 0, 2, 1, 1, 0, 0, 0, 0, 1, 1, 0, 1, 2, 0, 0, 0, 2, 1, 0, 1, 0, 1, 2, 1, 1, 1, 1, 1, 2, 0, 1, 2, 0, 0, 0, 1, 0, 1, 2, 0, 1, 0, 0, 0, 2, 0, 1, 0, 0, 0, 0, 1, 0, 0, 1, 1]|[4, 3, 2, 2, 0, 0, 2, 2, 2, 4, 1, 1, 2, 4, 4, 1, 1, 4, 2, 1, 1, 1, 1, 2, 1, 2, 1, 1, 1, 1, 3, 2, 3, 0, 4, 0, 1, 1, 0, 3, 2, 2, 4, 0, 1, 1, 3, 2, 0, 1, 2, 2, 1, 4, 2, 3, 2, 1, 1, 2, 1, 3, 1, 1, 2, 3, 0, 4, 3, 1, 4, 1, 1, 2, 4, 1, 2, 1, 1, 3, 2, 3, 1, 1, 1, 1, 1, 1, 1, 1, 3, 2, 1, 1, 2, 1, 2, 2, 3, 4]|[0, 2, 1, 1, 3, 3, 0, 1, 0, 0, 0, 0, 1, 0, 1, 0, 0, 3, 1, 0, 0, 0, 3, 1, 0, 2, 0, 0, 0, 1, 0, 0, 0, 0, 3, 0, 1, 0, 0, 2, 1, 1, 2, 0, 0, 0, 0, 1, 1, 0, 0, 0, 1, 3, 1, 0, 1, 0, 0, 1, 0, 2, 0, 1, 1, 2, 1, 0, 0, 1, 1, 3, 0, 1, 3, 0, 1, 0, 0, 2, 1, 0, 0, 0, 1, 0, 0, 0, 0, 0, 2, 1, 0, 1, 0, 1, 0, 0, 0, 3],872.1650162521609,57947.7929046089,85993.49946424144,false
61,G1_CMAX,G1_CMAX,[31, 22, 42, 15, 26, 58, 95, 82, 77, 12, 47, 5, 93, 78, 98, 85, 54, 63, 18, 44, 20, 35, 43, 97, 91, 10, 30, 21, 61, 71, 64, 1, 23, 17, 83, 24, 50, 60, 36, 6, 57, 94, 88, 65, 56, 79, 40, 67, 68, 46, 75, 38, 9, 19, 32, 81, 41, 27, 62, 87, 90, 99, 59, 11, 16, 72, 73, 70, 39, 37, 84, 76, 3, 92, 25, 74, 28, 7, 51, 29, 33, 14, 86, 66, 89, 45, 80, 96, 53, 4, 48, 2, 55, 49, 0, 52, 13, 8, 69, 34]|[1, 1, 1, 1, 1, 1, 2, 1, 2, 1, 2, 0, 2, 1, 1, 0, 0, 1, 0, 2, 2, 2, 1, 2, 0, 2, 2, 0, 0, 1, 2, 1, 2, 1, 0, 2, 0, 1, 1, 0, 1, 1, 1, 0, 2, 1, 1, 0, 0, 0, 0, 1, 1, 2, 1, 2, 2, 0, 0, 2, 1, 0, 1, 2, 1, 2, 1, 1, 1, 1, 1, 1, 2, 1, 1, 2, 0, 0, 0, 0, 2, 1, 2, 0, 1, 0, 0, 0, 0, 0, 2, 0, 1, 0, 0, 1, 0, 1, 2, 2]|[4, 3, 2, 2, 0, 0, 1, 2, 1, 4, 1, 0, 2, 4, 4, 1, 1, 4, 2, 1, 1, 0, 1, 2, 1, 1, 1, 1, 1, 3, 2, 3, 0, 4, 0, 1, 1, 0, 3, 2, 2, 4, 0, 1, 1, 0, 2, 0, 1, 2, 2, 1, 4, 0, 3, 2, 1, 1, 2, 1, 3, 1, 1, 1, 3, 0, 4, 3, 1, 4, 1, 2, 1, 4, 4, 1, 2, 1, 1, 1, 1, 3, 1, 1, 1, 1, 1, 1, 2, 2, 0, 2, 4, 1, 2, 1, 2, 3, 1, 1]|[2, 2, 1, 1, 3, 3, 0, 1, 0, 0, 0, 1, 1, 0, 1, 0, 0, 3, 1, 0, 0, 0, 3, 1, 0, 0, 0, 0, 1, 0, 0, 0, 0, 3, 0, 1, 0, 0, 2, 1, 1, 2, 0, 0, 0, 0, 1, 1, 0, 0, 0, 1, 3, 0, 0, 1, 0, 0, 1, 0, 2, 0, 1, 0, 2, 1, 0, 0, 1, 1, 3, 2, 0, 0, 3, 0, 1, 0, 0, 0, 0, 0, 0, 0, 1, 0, 0, 0, 1, 1, 1, 0, 3, 1, 0, 1, 0, 2, 0, 0],701.9269445084548,58814.16448267554,96724.70889609086,false
61,G4_BALANCED,G4_BALANCED,[31, 22, 42, 15, 26, 58, 95, 82, 77, 12, 47, 5, 93, 78, 98, 54, 85, 63, 18, 44, 20, 35, 43, 97, 91, 76, 10, 19, 21, 45, 71, 64, 1, 23, 17, 83, 24, 61, 60, 36, 6, 57, 94, 88, 65, 56, 79, 40, 67, 68, 46, 75, 38, 9, 30, 32, 81, 41, 27, 62, 87, 90, 99, 59, 11, 16, 72, 73, 70, 39, 37, 84, 3, 92, 25, 55, 28, 29, 51, 7, 33, 14, 86, 48, 89, 50, 66, 96, 53, 80, 4, 8, 34, 49, 0, 52, 13, 2, 69, 74]|[1, 1, 0, 1, 1, 1, 2, 1, 2, 1, 2, 2, 2, 1, 1, 0, 0, 1, 0, 2, 2, 0, 1, 2, 0, 1, 2, 2, 0, 0, 1, 2, 1, 2, 1, 0, 2, 0, 1, 1, 0, 1, 1, 1, 0, 2, 1, 1, 0, 0, 0, 0, 1, 1, 2, 1, 2, 2, 0, 0, 2, 1, 0, 1, 2, 1, 2, 1, 1, 1, 1, 1, 2, 1, 1, 1, 0, 0, 0, 1, 2, 1, 0, 0, 1, 0, 0, 2, 0, 0, 0, 1, 2, 0, 0, 1, 0, 0, 1, 2]|[4, 3, 2, 2, 0, 0, 2, 2, 2, 4, 1, 1, 2, 4, 4, 1, 1, 4, 2, 1, 1, 1, 1, 2, 1, 2, 1, 0, 1, 1, 3, 2, 3, 0, 4, 0, 1, 1, 0, 3, 2, 2, 4, 0, 1, 1, 0, 2, 0, 1, 2, 2, 1, 4, 1, 3, 2, 1, 1, 2, 1, 3, 1, 1, 1, 3, 0, 4, 3, 1, 4, 1, 1, 4, 4, 4, 2, 1, 1, 3, 1, 3, 1, 1, 1, 1, 1, 1, 2, 1, 2, 3, 1, 1, 2, 1, 2, 2, 3, 1]|[0, 2, 1, 1, 3, 3, 0, 1, 0, 0, 0, 0, 1, 0, 1, 0, 0, 3, 1, 0, 0, 0, 3, 1, 0, 2, 0, 0, 0, 1, 0, 0, 0, 0, 3, 0, 1, 0, 0, 2, 1, 1, 2, 0, 0, 0, 0, 1, 1, 0, 0, 0, 1, 3, 0, 0, 1, 0, 0, 1, 0, 2, 0, 1, 0, 2, 1, 0, 0, 1, 1, 3, 0, 0, 3, 3, 1, 0, 0, 2, 0, 0, 0, 0, 1, 0, 0, 0, 1, 0, 1, 2, 0, 1, 0, 1, 0, 0, 0, 0],736.2670012451629,57630.52540083121,89970.27722989232,false
61,G2_TEC,G2_TEC,[20, 94, 66, 15, 26, 9, 95, 42, 77, 68, 47, 5, 3, 14, 86, 54, 85, 63, 18, 44, 31, 49, 36, 78, 74, 50, 53, 17, 21, 28, 11, 64, 93, 23, 30, 83, 24, 41, 40, 52, 65, 27, 90, 70, 39, 87, 48, 69, 99, 4, 46, 1, 13, 56, 97, 59, 45, 8, 73, 37, 35, 79, 71, 82, 76, 32, 60, 80, 58, 6, 67, 61, 33, 7, 57, 34, 12, 16, 10, 22, 96, 88, 43, 81, 91, 2, 84, 29, 92, 19, 51, 89, 38, 25, 72, 75, 98, 62, 55, 0]|[2, 1, 2, 1, 1, 2, 1, 1, 1, 1, 1, 0, 2, 2, 1, 2, 0, 0, 0, 2, 2, 1, 0, 2, 0, 2, 2, 1, 0, 1, 1, 1, 0, 0, 1, 0, 2, 1, 2, 2, 0, 0, 1, 1, 0, 2, 0, 2, 1, 0, 0, 2, 0, 2, 2, 0, 1, 1, 0, 0, 2, 1, 1, 2, 2, 0, 2, 2, 2, 1, 2, 1, 1, 2, 0, 1, 1, 2, 1, 2, 0, 1, 1, 1, 1, 0, 0, 1, 0, 1, 1, 1, 0, 1, 1, 0, 2, 1, 0, 0]|[1, 3, 1, 3, 4, 1, 4, 4, 4, 4, 3, 2, 1, 0, 2, 1, 1, 1, 2, 1, 1, 3, 0, 1, 0, 1, 1, 4, 1, 4, 3, 2, 2, 0, 4, 1, 1, 4, 1, 1, 2, 1, 4, 4, 1, 1, 0, 1, 3, 2, 2, 1, 2, 1, 1, 2, 4, 3, 0, 2, 1, 3, 3, 1, 1, 2, 1, 1, 1, 4, 1, 3, 4, 1, 2, 4, 3, 1, 3, 1, 2, 4, 4, 4, 3, 2, 2, 3, 2, 4, 3, 4, 2, 4, 4, 2, 1, 3, 2, 2]|[0, 2, 0, 0, 3, 0, 1, 3, 1, 0, 2, 0, 1, 0, 1, 0, 0, 0, 1, 0, 0, 2, 0, 0, 1, 0, 0, 3, 0, 1, 0, 2, 0, 0, 3, 0, 1, 1, 0, 0, 0, 0, 1, 3, 0, 0, 1, 0, 2, 0, 0, 0, 0, 0, 1, 0, 1, 0, 1, 1, 0, 2, 0, 0, 0, 0, 0, 0, 0, 2, 0, 0, 1, 0, 0, 1, 0, 0, 3, 0, 0, 1, 2, 2, 0, 0, 0, 3, 0, 1, 0, 1, 0, 3, 1, 0, 0, 0, 0, 0],910.6016522559228,48196.44872629531,105119.71286620182,false
61,G3_TWC,G3_TWC,[31, 22, 42, 15, 26, 58, 95, 82, 77, 12, 47, 5, 93, 78, 98, 54, 85, 63, 18, 44, 20, 35, 43, 97, 91, 76, 10, 30, 21, 45, 71, 64, 1, 23, 17, 83, 24, 61, 60, 49, 6, 57, 94, 88, 65, 56, 79, 40, 67, 68, 46, 75, 0, 9, 19, 32, 81, 41, 27, 62, 87, 90, 99, 59, 53, 16, 72, 73, 70, 39, 37, 84, 3, 92, 25, 74, 28, 38, 51, 7, 11, 14, 34, 48, 89, 66, 50, 96, 33, 80, 8, 4, 86, 36, 2, 52, 13, 29, 69, 55]|[1, 1, 0, 1, 1, 1, 2, 1, 2, 1, 2, 2, 2, 1, 1, 0, 0, 1, 0, 2, 2, 0, 1, 2, 0, 1, 2, 2, 0, 0, 1, 2, 1, 0, 1, 0, 2, 0, 1, 1, 0, 1, 1, 1, 0, 2, 1, 1, 0, 0, 0, 0, 1, 1, 0, 1, 2, 0, 0, 0, 2, 1, 0, 1, 0, 1, 2, 1, 1, 1, 1, 1, 2, 0, 1, 2, 0, 0, 0, 1, 0, 1, 2, 0, 1, 0, 0, 0, 2, 0, 1, 0, 0, 0, 0, 1, 0, 0, 1, 1]|[4, 3, 2, 2, 0, 0, 2, 2, 2, 4, 1, 1, 2, 4, 4, 1, 1, 4, 2, 1, 1, 1, 1, 2, 1, 2, 1, 1, 1, 1, 3, 2, 3, 0, 4, 0, 1, 1, 0, 3, 2, 2, 4, 0, 1, 1, 3, 2, 0, 1, 2, 2, 1, 4, 2, 3, 2, 1, 1, 2, 1, 3, 1, 1, 2, 3, 0, 4, 3, 1, 4, 1, 1, 2, 4, 1, 2, 1, 1, 3, 2, 3, 1, 1, 1, 1, 1, 1, 1, 1, 3, 2, 1, 1, 2, 1, 2, 2, 3, 4]|[0, 2, 1, 1, 3, 3, 0, 1, 0, 0, 0, 0, 1, 0, 1, 0, 0, 3, 1, 0, 0, 0, 3, 1, 0, 2, 0, 0, 0, 1, 0, 0, 0, 0, 3, 0, 1, 0, 0, 2, 1, 1, 2, 0, 0, 0, 0, 1, 1, 0, 0, 0, 1, 3, 1, 0, 1, 0, 0, 1, 0, 2, 0, 1, 1, 2, 1, 0, 0, 1, 1, 3, 0, 1, 3, 0, 1, 0, 0, 2, 1, 0, 0, 0, 1, 0, 0, 0, 0, 0, 2, 1, 0, 1, 0, 1, 0, 0, 0, 3],872.1650162521609,57947.7929046089,85993.49946424144,false
61,G1_CMAX,G1_CMAX,[31, 22, 42, 15, 26, 58, 95, 82, 77, 12, 47, 5, 93, 78, 98, 85, 54, 63, 18, 44, 20, 35, 43, 97, 91, 10, 30, 21, 61, 71, 64, 1, 23, 17, 83, 24, 50, 60, 36, 6, 57, 94, 88, 65, 56, 79, 40, 67, 68, 46, 75, 38, 9, 19, 32, 81, 41, 27, 62, 87, 90, 99, 59, 11, 16, 72, 73, 70, 39, 37, 84, 76, 3, 92, 25, 74, 28, 7, 51, 29, 33, 14, 86, 66, 89, 45, 80, 96, 53, 4, 48, 2, 55, 49, 0, 52, 13, 8, 69, 34]|[1, 1, 1, 1, 1, 1, 2, 1, 2, 1, 2, 0, 2, 1, 1, 0, 0, 1, 0, 2, 2, 2, 1, 2, 0, 2, 2, 0, 0, 1, 2, 1, 2, 1, 0, 2, 0, 1, 1, 0, 1, 1, 1, 0, 2, 1, 1, 0, 0, 0, 0, 1, 1, 2, 1, 2, 2, 0, 0, 2, 1, 0, 1, 2, 1, 2, 1, 1, 1, 1, 1, 1, 2, 1, 1, 2, 0, 0, 0, 0, 2, 1, 2, 0, 1, 0, 0, 0, 0, 0, 2, 0, 1, 0, 0, 1, 0, 1, 2, 2]|[4, 3, 2, 2, 0, 0, 1, 2, 1, 4, 1, 0, 2, 4, 4, 1, 1, 4, 2, 1, 1, 0, 1, 2, 1, 1, 1, 1, 1, 3, 2, 3, 0, 4, 0, 1, 1, 0, 3, 2, 2, 4, 0, 1, 1, 0, 2, 0, 1, 2, 2, 1, 4, 0, 3, 2, 1, 1, 2, 1, 3, 1, 1, 1, 3, 0, 4, 3, 1, 4, 1, 2, 1, 4, 4, 1, 2, 1, 1, 1, 1, 3, 1, 1, 1, 1, 1, 1, 2, 2, 0, 2, 4, 1, 2, 1, 2, 3, 1, 1]|[2, 2, 1, 1, 3, 3, 0, 1, 0, 0, 0, 1, 1, 0, 1, 0, 0, 3, 1, 0, 0, 0, 3, 1, 0, 0, 0, 0, 1, 0, 0, 0, 0, 3, 0, 1, 0, 0, 2, 1, 1, 2, 0, 0, 0, 0, 1, 1, 0, 0, 0, 1, 3, 0, 0, 1, 0, 0, 1, 0, 2, 0, 1, 0, 2, 1, 0, 0, 1, 1, 3, 2, 0, 0, 3, 0, 1, 0, 0, 0, 0, 0, 0, 0, 1, 0, 0, 0, 1, 1, 1, 0, 3, 1, 0, 1, 0, 2, 0, 0],701.9269445084548,58814.16448267554,96724.70889609086,false
61,G4_BALANCED,G2_TEC,[20, 94, 82, 15, 26, 9, 63, 42, 77, 68, 47, 5, 3, 14, 86, 54, 85, 95, 18, 44, 31, 49, 36, 78, 74, 50, 53, 17, 21, 28, 11, 64, 93, 23, 30, 83, 24, 41, 40, 52, 65, 27, 90, 70, 39, 87, 48, 69, 99, 4, 46, 1, 13, 56, 97, 59, 45, 8, 73, 37, 35, 79, 71, 66, 76, 32, 60, 80, 58, 6, 67, 61, 33, 7, 57, 34, 12, 16, 10, 98, 96, 88, 43, 81, 91, 2, 84, 29, 38, 19, 51, 89, 75, 25, 72, 92, 22, 62, 55, 0]|[2, 1, 2, 1, 1, 2, 1, 1, 1, 1, 1, 0, 2, 2, 1, 2, 0, 0, 0, 2, 2, 1, 0, 2, 0, 2, 2, 1, 0, 1, 1, 1, 0, 0, 1, 0, 2, 1, 2, 2, 0, 0, 1, 1, 0, 2, 0, 2, 1, 0, 0, 2, 0, 2, 2, 0, 1, 1, 0, 0, 2, 1, 1, 2, 2, 0, 2, 2, 2, 1, 2, 1, 1, 2, 0, 1, 1, 2, 1, 2, 0, 1, 1, 1, 1, 0, 0, 1, 0, 1, 1, 1, 0, 1, 1, 0, 2, 1, 0, 0]|[1, 3, 1, 3, 4, 1, 4, 4, 4, 4, 3, 2, 1, 1, 2, 1, 1, 1, 2, 1, 1, 3, 0, 0, 0, 1, 1, 4, 1, 4, 3, 2, 2, 0, 4, 1, 1, 4, 1, 1, 2, 1, 4, 4, 1, 1, 0, 1, 3, 2, 2, 1, 2, 1, 1, 2, 4, 3, 0, 2, 1, 3, 3, 1, 1, 2, 1, 1, 1, 4, 1, 3, 4, 1, 2, 4, 3, 1, 3, 1, 2, 4, 4, 4, 3, 2, 2, 3, 2, 4, 3, 4, 2, 4, 4, 2, 1, 3, 2, 2]|[0, 2, 0, 0, 3, 0, 1, 3, 1, 0, 2, 0, 1, 0, 1, 0, 0, 0, 1, 0, 0, 2, 0, 0, 1, 0, 0, 3, 0, 1, 0, 2, 0, 0, 3, 0, 1, 1, 0, 0, 0, 0, 1, 3, 0, 0, 1, 0, 2, 0, 0, 0, 0, 0, 1, 0, 1, 0, 1, 1, 0, 2, 0, 0, 0, 0, 0, 0, 0, 2, 0, 0, 1, 0, 0, 1, 0, 0, 3, 0, 0, 1, 2, 2, 0, 0, 0, 3, 0, 1, 0, 1, 0, 3, 1, 0, 0, 0, 0, 0],907.4926134202182,48197.868899064284,107077.91093503725,true
61,G2_TEC,G2_TEC,[20, 94, 66, 15, 26, 9, 95, 42, 77, 68, 47, 5, 3, 14, 86, 54, 85, 63, 18, 44, 31, 49, 36, 78, 74, 50, 53, 17, 21, 28, 11, 64, 93, 23, 30, 83, 24, 41, 40, 52, 65, 27, 90, 70, 39, 87, 48, 69, 99, 4, 46, 1, 13, 56, 97, 59, 45, 8, 73, 37, 35, 79, 71, 82, 76, 32, 60, 80, 58, 6, 67, 61, 33, 7, 57, 34, 12, 16, 10, 22, 96, 88, 43, 81, 91, 2, 84, 29, 92, 19, 51, 89, 38, 25, 72, 75, 98, 62, 55, 0]|[2, 1, 2, 1, 1, 2, 1, 1, 1, 1, 1, 0, 2, 2, 1, 2, 0, 0, 0, 2, 2, 1, 0, 2, 0, 2, 2, 1, 0, 1, 1, 1, 0, 0, 1, 0, 2, 1, 2, 2, 0, 0, 1, 1, 0, 2, 0, 2, 1, 0, 0, 2, 0, 2, 2, 0, 1, 1, 0, 0, 2, 1, 1, 2, 2, 0, 2, 2, 2, 1, 2, 1, 1, 2, 0, 1, 1, 2, 1, 2, 0, 1, 1, 1, 1, 0, 0, 1, 0, 1, 1, 1, 0, 1, 1, 0, 2, 1, 0, 0]|[1, 3, 1, 3, 4, 1, 4, 4, 4, 4, 3, 2, 1, 0, 2, 1, 1, 1, 2, 1, 1, 3, 0, 1, 0, 1, 1, 4, 1, 4, 3, 2, 2, 0, 4, 1, 1, 4, 1, 1, 2, 1, 4, 4, 1, 1, 0, 1, 3, 2, 2, 1, 2, 1, 1, 2, 4, 3, 0, 2, 1, 3, 3, 1, 1, 2, 1, 1, 1, 4, 1, 3, 4, 1, 2, 4, 3, 1, 3, 1, 2, 4, 4, 4, 3, 2, 2, 3, 2, 4, 3, 4, 2, 4, 4, 2, 1, 3, 2, 2]|[0, 2, 0, 0, 3, 0, 1, 3, 1, 0, 2, 0, 1, 0, 1, 0, 0, 0, 1, 0, 0, 2, 0, 0, 1, 0, 0, 3, 0, 1, 0, 2, 0, 0, 3, 0, 1, 1, 0, 0, 0, 0, 1, 3, 0, 0, 1, 0, 2, 0, 0, 0, 0, 0, 1, 0, 1, 0, 1, 1, 0, 2, 0, 0, 0, 0, 0, 0, 0, 2, 0, 0, 1, 0, 0, 1, 0, 0, 3, 0, 0, 1, 2, 2, 0, 0, 0, 3, 0, 1, 0, 1, 0, 3, 1, 0, 0, 0, 0, 0],910.6016522559228,48196.44872629531,105119.71286620182,false
61,G3_TWC,G3_TWC,[31, 22, 42, 15, 26, 58, 95, 82, 77, 12, 47, 5, 93, 78, 98, 54, 85, 63, 18, 44, 20, 35, 43, 97, 91, 76, 10, 30, 21, 45, 71, 64, 1, 23, 17, 83, 24, 61, 60, 49, 6, 57, 94, 88, 65, 56, 79, 40, 67, 68, 46, 75, 0, 9, 19, 32, 81, 41, 27, 62, 87, 90, 99, 59, 53, 16, 72, 73, 70, 39, 37, 84, 3, 92, 25, 74, 28, 38, 51, 7, 11, 14, 34, 48, 89, 66, 50, 96, 33, 80, 8, 4, 86, 36, 2, 52, 13, 29, 69, 55]|[1, 1, 0, 1, 1, 1, 2, 1, 2, 1, 2, 2, 2, 1, 1, 0, 0, 1, 0, 2, 2, 0, 1, 2, 0, 1, 2, 2, 0, 0, 1, 2, 1, 0, 1, 0, 2, 0, 1, 1, 0, 1, 1, 1, 0, 2, 1, 1, 0, 0, 0, 0, 1, 1, 0, 1, 2, 0, 0, 0, 2, 1, 0, 1, 0, 1, 2, 1, 1, 1, 1, 1, 2, 0, 1, 2, 0, 0, 0, 1, 0, 1, 2, 0, 1, 0, 0, 0, 2, 0, 1, 0, 0, 0, 0, 1, 0, 0, 1, 1]|[4, 3, 2, 2, 0, 0, 2, 2, 2, 4, 1, 1, 2, 4, 4, 1, 1, 4, 2, 1, 1, 1, 1, 2, 1, 2, 1, 1, 1, 1, 3, 2, 3, 0, 4, 0, 1, 1, 0, 3, 2, 2, 4, 0, 1, 1, 3, 2, 0, 1, 2, 2, 1, 4, 2, 3, 2, 1, 1, 2, 1, 3, 1, 1, 2, 3, 0, 4, 3, 1, 4, 1, 1, 2, 4, 1, 2, 1, 1, 3, 2, 3, 1, 1, 1, 1, 1, 1, 1, 1, 3, 2, 1, 1, 2, 1, 2, 2, 3, 4]|[0, 2, 1, 1, 3, 3, 0, 1, 0, 0, 0, 0, 1, 0, 1, 0, 0, 3, 1, 0, 0, 0, 3, 1, 0, 2, 0, 0, 0, 1, 0, 0, 0, 0, 3, 0, 1, 0, 0, 2, 1, 1, 2, 0, 0, 0, 0, 1, 1, 0, 0, 0, 1, 3, 1, 0, 1, 0, 0, 1, 0, 2, 0, 1, 1, 2, 1, 0, 0, 1, 1, 3, 0, 1, 3, 0, 1, 0, 0, 2, 1, 0, 0, 0, 1, 0, 0, 0, 0, 0, 2, 1, 0, 1, 0, 1, 0, 0, 0, 3],872.1650162521609,57947.7929046089,85993.49946424144,false
61,G1_CMAX,G1_CMAX,[31, 22, 42, 15, 26, 58, 95, 82, 77, 12, 47, 5, 93, 78, 98, 85, 54, 63, 18, 44, 20, 35, 43, 97, 91, 10, 30, 21, 61, 71, 64, 1, 23, 17, 83, 24, 50, 60, 36, 6, 57, 94, 88, 65, 56, 79, 40, 67, 68, 46, 75, 38, 9, 19, 32, 81, 41, 27, 62, 87, 90, 99, 59, 11, 16, 72, 73, 70, 39, 37, 84, 76, 3, 92, 25, 74, 28, 7, 51, 29, 33, 14, 86, 66, 89, 45, 80, 96, 53, 4, 48, 2, 55, 49, 0, 52, 13, 8, 69, 34]|[1, 1, 1, 1, 1, 1, 2, 1, 2, 1, 2, 0, 2, 1, 1, 0, 0, 1, 0, 2, 2, 2, 1, 2, 0, 2, 2, 0, 0, 1, 2, 1, 2, 1, 0, 2, 0, 1, 1, 0, 1, 1, 1, 0, 2, 1, 1, 0, 0, 0, 0, 1, 1, 2, 1, 2, 2, 0, 0, 2, 1, 0, 1, 2, 1, 2, 1, 1, 1, 1, 1, 1, 2, 1, 1, 2, 0, 0, 0, 0, 2, 1, 2, 0, 1, 0, 0, 0, 0, 0, 2, 0, 1, 0, 0, 1, 0, 1, 2, 2]|[4, 3, 2, 2, 0, 0, 1, 2, 1, 4, 1, 0, 2, 4, 4, 1, 1, 4, 2, 1, 1, 0, 1, 2, 1, 1, 1, 1, 1, 3, 2, 3, 0, 4, 0, 1, 1, 0, 3, 2, 2, 4, 0, 1, 1, 0, 2, 0, 1, 2, 2, 1, 4, 0, 3, 2, 1, 1, 2, 1, 3, 1, 1, 1, 3, 0, 4, 3, 1, 4, 1, 2, 1, 4, 4, 1, 2, 1, 1, 1, 1, 3, 1, 1, 1, 1, 1, 1, 2, 2, 0, 2, 4, 1, 2, 1, 2, 3, 1, 1]|[2, 2, 1, 1, 3, 3, 0, 1, 0, 0, 0, 1, 1, 0, 1, 0, 0, 3, 1, 0, 0, 0, 3, 1, 0, 0, 0, 0, 1, 0, 0, 0, 0, 3, 0, 1, 0, 0, 2, 1, 1, 2, 0, 0, 0, 0, 1, 1, 0, 0, 0, 1, 3, 0, 0, 1, 0, 0, 1, 0, 2, 0, 1, 0, 2, 1, 0, 0, 1, 1, 3, 2, 0, 0, 3, 0, 1, 0, 0, 0, 0, 0, 0, 0, 1, 0, 0, 0, 1, 1, 1, 0, 3, 1, 0, 1, 0, 2, 0, 0],701.9269445084548,58814.16448267554,96724.70889609086,false
61,G4_BALANCED,G2_TEC,[20, 94, 66, 15, 26, 9, 95, 42, 77, 68, 47, 5, 3, 14, 86, 54, 85, 63, 18, 44, 31, 49, 36, 78, 74, 50, 53, 17, 21, 28, 11, 64, 93, 23, 30, 83, 24, 41, 40, 52, 65, 27, 90, 70, 39, 87, 48, 69, 99, 4, 46, 1, 13, 56, 97, 59, 45, 8, 73, 37, 35, 79, 71, 82, 76, 32, 60, 80, 58, 6, 67, 61, 33, 7, 57, 34, 12, 16, 10, 22, 96, 88, 43, 81, 91, 2, 84, 29, 92, 19, 51, 89, 38, 75, 25, 72, 55, 98, 62, 0]|[2, 1, 2, 1, 1, 2, 1, 1, 1, 1, 1, 0, 0, 2, 1, 2, 0, 0, 0, 2, 2, 1, 0, 2, 0, 2, 2, 1, 0, 1, 1, 1, 0, 0, 1, 0, 2, 1, 2, 2, 0, 0, 1, 1, 0, 2, 0, 2, 1, 0, 0, 2, 0, 2, 2, 0, 1, 1, 0, 0, 2, 1, 1, 2, 2, 0, 2, 2, 2, 1, 2, 1, 1, 2, 0, 1, 1, 2, 1, 2, 0, 1, 1, 1, 1, 0, 0, 1, 0, 1, 1, 1, 0, 0, 1, 1, 0, 2, 1, 0]|[1, 3, 1, 3, 4, 1, 4, 4, 4, 4, 3, 2, 2, 1, 2, 1, 1, 1, 2, 1, 1, 3, 0, 1, 0, 1, 1, 4, 1, 4, 3, 2, 2, 0, 4, 1, 1, 4, 1, 1, 2, 1, 4, 4, 1, 1, 0, 1, 3, 2, 2, 1, 2, 1, 1, 2, 4, 3, 0, 2, 1, 3, 3, 1, 1, 2, 1, 1, 1, 4, 1, 3, 4, 1, 2, 4, 3, 1, 3, 1, 2, 4, 4, 4, 3, 2, 2, 3, 2, 4, 3, 4, 2, 2, 4, 4, 2, 1, 3, 2]|[0, 2, 0, 0, 3, 0, 1, 3, 1, 0, 2, 0, 0, 0, 1, 0, 0, 0, 1, 0, 0, 2, 0, 0, 1, 0, 0, 3, 0, 1, 0, 2, 0, 0, 3, 0, 1, 1, 0, 0, 0, 0, 1, 3, 0, 0, 1, 0, 2, 0, 0, 0, 0, 0, 1, 0, 1, 0, 1, 1, 0, 2, 0, 0, 0, 0, 0, 0, 0, 2, 0, 0, 1, 0, 0, 1, 0, 0, 3, 0, 0, 1, 2, 2, 0, 0, 0, 3, 0, 1, 0, 1, 0, 0, 3, 1, 0, 0, 0, 0],928.9713617731027,48130.6993304897,105167.59562531565,true
61,G2_TEC,G2_TEC,[20, 94, 66, 15, 26, 9, 95, 42, 77, 68, 47, 5, 3, 14, 86, 54, 85, 63, 18, 44, 31, 49, 36, 78, 74, 50, 53, 17, 21, 28, 11, 64, 93, 23, 30, 83, 24, 41, 40, 52, 65, 27, 90, 70, 39, 87, 48, 69, 99, 4, 46, 1, 13, 56, 97, 59, 45, 8, 73, 37, 35, 79, 71, 82, 76, 32, 60, 80, 58, 6, 67, 61, 33, 7, 57, 34, 12, 16, 10, 22, 96, 88, 43, 81, 91, 2, 84, 29, 92, 19, 51, 89, 38, 25, 72, 75, 98, 62, 55, 0]|[2, 1, 2, 1, 1, 2, 1, 1, 1, 1, 1, 0, 2, 2, 1, 2, 0, 0, 0, 2, 2, 1, 0, 2, 0, 2, 2, 1, 0, 1, 1, 1, 0, 0, 1, 0, 2, 1, 2, 2, 0, 0, 1, 1, 0, 2, 0, 2, 1, 0, 0, 2, 0, 2, 2, 0, 1, 1, 0, 0, 2, 1, 1, 2, 2, 0, 2, 2, 2, 1, 2, 1, 1, 2, 0, 1, 1, 2, 1, 2, 0, 1, 1, 1, 1, 0, 0, 1, 0, 1, 1, 1, 0, 1, 1, 0, 2, 1, 0, 0]|[1, 3, 1, 3, 4, 1, 4, 4, 4, 4, 3, 2, 1, 0, 2, 1, 1, 1, 2, 1, 1, 3, 0, 1, 0, 1, 1, 4, 1, 4, 3, 2, 2, 0, 4, 1, 1, 4, 1, 1, 2, 1, 4, 4, 1, 1, 0, 1, 3, 2, 2, 1, 2, 1, 1, 2, 4, 3, 0, 2, 1, 3, 3, 1, 1, 2, 1, 1, 1, 4, 1, 3, 4, 1, 2, 4, 3, 1, 3, 1, 2, 4, 4, 4, 3, 2, 2, 3, 2, 4, 3, 4, 2, 4, 4, 2, 1, 3, 2, 2]|[0, 2, 0, 0, 3, 0, 1, 3, 1, 0, 2, 0, 1, 0, 1, 0, 0, 0, 1, 0, 0, 2, 0, 0, 1, 0, 0, 3, 0, 1, 0, 2, 0, 0, 3, 0, 1, 1, 0, 0, 0, 0, 1, 3, 0, 0, 1, 0, 2, 0, 0, 0, 0, 0, 1, 0, 1, 0, 1, 1, 0, 2, 0, 0, 0, 0, 0, 0, 0, 2, 0, 0, 1, 0, 0, 1, 0, 0, 3, 0, 0, 1, 2, 2, 0, 0, 0, 3, 0, 1, 0, 1, 0, 3, 1, 0, 0, 0, 0, 0],910.6016522559228,48196.44872629531,105119.71286620182,false
61,G3_TWC,G3_TWC,[31, 22, 42, 15, 26, 58, 95, 82, 77, 12, 47, 5, 93, 78, 98, 54, 85, 63, 18, 44, 20, 35, 43, 97, 91, 76, 10, 30, 21, 45, 71, 64, 1, 23, 17, 83, 24, 61, 60, 49, 6, 57, 94, 88, 65, 56, 79, 40, 67, 68, 46, 75, 0, 9, 19, 32, 81, 41, 27, 62, 87, 90, 99, 59, 53, 16, 72, 73, 70, 39, 37, 84, 3, 92, 25, 74, 28, 38, 51, 7, 11, 14, 34, 48, 89, 66, 50, 96, 33, 80, 8, 4, 86, 36, 2, 52, 13, 29, 69, 55]|[1, 1, 0, 1, 1, 1, 2, 1, 2, 1, 2, 2, 2, 1, 1, 0, 0, 1, 0, 2, 2, 0, 1, 2, 0, 1, 2, 2, 0, 0, 1, 2, 1, 0, 1, 0, 2, 0, 1, 1, 0, 1, 1, 1, 0, 2, 1, 1, 0, 0, 0, 0, 1, 1, 0, 1, 2, 0, 0, 0, 2, 1, 0, 1, 0, 1, 2, 1, 1, 1, 1, 1, 2, 0, 1, 2, 0, 0, 0, 1, 0, 1, 2, 0, 1, 0, 0, 0, 2, 0, 1, 0, 0, 0, 0, 1, 0, 0, 1, 1]|[4, 3, 2, 2, 0, 0, 2, 2, 2, 4, 1, 1, 2, 4, 4, 1, 1, 4, 2, 1, 1, 1, 1, 2, 1, 2, 1, 1, 1, 1, 3, 2, 3, 0, 4, 0, 1, 1, 0, 3, 2, 2, 4, 0, 1, 1, 3, 2, 0, 1, 2, 2, 1, 4, 2, 3, 2, 1, 1, 2, 1, 3, 1, 1, 2, 3, 0, 4, 3, 1, 4, 1, 1, 2, 4, 1, 2, 1, 1, 3, 2, 3, 1, 1, 1, 1, 1, 1, 1, 1, 3, 2, 1, 1, 2, 1, 2, 2, 3, 4]|[0, 2, 1, 1, 3, 3, 0, 1, 0, 0, 0, 0, 1, 0, 1, 0, 0, 3, 1, 0, 0, 0, 3, 1, 0, 2, 0, 0, 0, 1, 0, 0, 0, 0, 3, 0, 1, 0, 0, 2, 1, 1, 2, 0, 0, 0, 0, 1, 1, 0, 0, 0, 1, 3, 1, 0, 1, 0, 0, 1, 0, 2, 0, 1, 1, 2, 1, 0, 0, 1, 1, 3, 0, 1, 3, 0, 1, 0, 0, 2, 1, 0, 0, 0, 1, 0, 0, 0, 0, 0, 2, 1, 0, 1, 0, 1, 0, 0, 0, 3],872.1650162521609,57947.7929046089,85993.49946424144,false
61,G1_CMAX,G1_CMAX,[31, 22, 42, 15, 26, 58, 95, 82, 77, 12, 47, 5, 93, 78, 98, 85, 54, 63, 18, 44, 20, 35, 43, 97, 91, 10, 30, 21, 61, 71, 64, 1, 23, 17, 83, 24, 50, 60, 36, 6, 57, 94, 88, 65, 56, 79, 40, 67, 68, 46, 75, 38, 9, 19, 32, 81, 41, 27, 62, 87, 90, 99, 59, 11, 16, 72, 73, 70, 39, 37, 84, 76, 3, 92, 25, 74, 28, 7, 51, 29, 33, 14, 86, 66, 89, 45, 80, 96, 53, 4, 48, 2, 55, 49, 0, 52, 13, 8, 69, 34]|[1, 1, 1, 1, 1, 1, 2, 1, 2, 1, 2, 0, 2, 1, 1, 0, 0, 1, 0, 2, 2, 2, 1, 2, 0, 2, 2, 0, 0, 1, 2, 1, 2, 1, 0, 2, 0, 1, 1, 0, 1, 1, 1, 0, 2, 1, 1, 0, 0, 0, 0, 1, 1, 2, 1, 2, 2, 0, 0, 2, 1, 0, 1, 2, 1, 2, 1, 1, 1, 1, 1, 1, 2, 1, 1, 2, 0, 0, 0, 0, 2, 1, 2, 0, 1, 0, 0, 0, 0, 0, 2, 0, 1, 0, 0, 1, 0, 1, 2, 2]|[4, 3, 2, 2, 0, 0, 1, 2, 1, 4, 1, 0, 2, 4, 4, 1, 1, 4, 2, 1, 1, 0, 1, 2, 1, 1, 1, 1, 1, 3, 2, 3, 0, 4, 0, 1, 1, 0, 3, 2, 2, 4, 0, 1, 1, 0, 2, 0, 1, 2, 2, 1, 4, 0, 3, 2, 1, 1, 2, 1, 3, 1, 1, 1, 3, 0, 4, 3, 1, 4, 1, 2, 1, 4, 4, 1, 2, 1, 1, 1, 1, 3, 1, 1, 1, 1, 1, 1, 2, 2, 0, 2, 4, 1, 2, 1, 2, 3, 1, 1]|[2, 2, 1, 1, 3, 3, 0, 1, 0, 0, 0, 1, 1, 0, 1, 0, 0, 3, 1, 0, 0, 0, 3, 1, 0, 0, 0, 0, 1, 0, 0, 0, 0, 3, 0, 1, 0, 0, 2, 1, 1, 2, 0, 0, 0, 0, 1, 1, 0, 0, 0, 1, 3, 0, 0, 1, 0, 0, 1, 0, 2, 0, 1, 0, 2, 1, 0, 0, 1, 1, 3, 2, 0, 0, 3, 0, 1, 0, 0, 0, 0, 0, 0, 0, 1, 0, 0, 0, 1, 1, 1, 0, 3, 1, 0, 1, 0, 2, 0, 0],701.9269445084548,58814.16448267554,96724.70889609086,false
61,G4_BALANCED,G3_TWC,[31, 22, 42, 15, 26, 58, 95, 82, 77, 12, 47, 5, 93, 78, 98, 54, 85, 63, 18, 44, 20, 35, 43, 97, 91, 76, 10, 30, 21, 45, 71, 64, 1, 23, 17, 83, 24, 61, 60, 49, 6, 57, 94, 88, 65, 56, 79, 40, 67, 68, 46, 75, 0, 9, 19, 32, 81, 41, 27, 62, 87, 90, 99, 59, 11, 16, 72, 73, 70, 39, 37, 84, 3, 92, 25, 74, 28, 48, 51, 7, 53, 14, 86, 66, 89, 38, 50, 96, 33, 80, 8, 4, 34, 36, 55, 52, 29, 13, 69, 2]|[1, 1, 0, 1, 1, 1, 2, 1, 2, 1, 2, 2, 2, 1, 1, 0, 0, 1, 0, 2, 2, 0, 1, 2, 0, 1, 2, 2, 0, 0, 1, 2, 1, 0, 1, 0, 2, 0, 1, 1, 0, 1, 1, 1, 0, 2, 1, 1, 0, 0, 0, 0, 1, 1, 2, 1, 2, 0, 0, 0, 2, 1, 0, 1, 0, 1, 2, 1, 1, 1, 1, 1, 2, 0, 1, 2, 0, 0, 0, 1, 0, 1, 0, 0, 1, 0, 0, 0, 2, 0, 1, 0, 2, 0, 1, 1, 0, 0, 1, 0]|[4, 3, 2, 2, 0, 0, 2, 2, 2, 4, 1, 1, 2, 4, 4, 1, 1, 4, 2, 1, 1, 1, 1, 2, 1, 2, 1, 1, 1, 1, 3, 2, 3, 0, 4, 0, 1, 1, 0, 3, 2, 2, 4, 0, 1, 1, 3, 2, 0, 1, 2, 2, 1, 4, 0, 3, 2, 1, 1, 2, 1, 3, 1, 1, 2, 3, 1, 4, 3, 1, 4, 1, 1, 2, 4, 1, 2, 1, 1, 3, 2, 3, 1, 1, 1, 1, 1, 1, 1, 1, 3, 2, 1, 1, 4, 1, 2, 2, 3, 2]|[0, 2, 1, 1, 3, 3, 0, 1, 0, 0, 0, 0, 1, 0, 1, 0, 0, 3, 1, 0, 0, 0, 3, 1, 0, 2, 0, 0, 0, 1, 0, 0, 0, 0, 3, 0, 1, 0, 0, 2, 1, 1, 2, 0, 0, 0, 0, 1, 1, 0, 0, 0, 1, 3, 0, 0, 1, 0, 0, 1, 0, 2, 0, 1, 1, 2, 0, 0, 0, 1, 1, 3, 0, 1, 3, 0, 1, 0, 0, 2, 1, 0, 0, 0, 1, 0, 0, 0, 0, 0, 2, 1, 0, 1, 3, 1, 0, 0, 0, 0],844.4513480827167,57389.117912824804,86182.49965037024,true
61,G2_TEC,G2_TEC,[20, 94, 66, 15, 26, 9, 95, 42, 77, 68, 47, 5, 3, 14, 86, 54, 85, 63, 18, 44, 31, 49, 36, 78, 74, 50, 53, 17, 21, 28, 11, 64, 93, 23, 30, 83, 24, 41, 40, 52, 65, 27, 90, 70, 39, 87, 48, 69, 99, 4, 46, 1, 13, 56, 97, 59, 45, 8, 73, 37, 35, 79, 71, 82, 76, 32, 60, 80, 58, 6, 67, 61, 33, 7, 57, 34, 12, 16, 10, 22, 96, 88, 43, 81, 91, 2, 84, 29, 92, 19, 51, 89, 38, 25, 72, 75, 98, 62, 55, 0]|[2, 1, 2, 1, 1, 2, 1, 1, 1, 1, 1, 0, 2, 2, 1, 2, 0, 0, 0, 2, 2, 1, 0, 2, 0, 2, 2, 1, 0, 1, 1, 1, 0, 0, 1, 0, 2, 1, 2, 2, 0, 0, 1, 1, 0, 2, 0, 2, 1, 0, 0, 2, 0, 2, 2, 0, 1, 1, 0, 0, 2, 1, 1, 2, 2, 0, 2, 2, 2, 1, 2, 1, 1, 2, 0, 1, 1, 2, 1, 2, 0, 1, 1, 1, 1, 0, 0, 1, 0, 1, 1, 1, 0, 1, 1, 0, 2, 1, 0, 0]|[1, 3, 1, 3, 4, 1, 4, 4, 4, 4, 3, 2, 1, 0, 2, 1, 1, 1, 2, 1, 1, 3, 0, 1, 0, 1, 1, 4, 1, 4, 3, 2, 2, 0, 4, 1, 1, 4, 1, 1, 2, 1, 4, 4, 1, 1, 0, 1, 3, 2, 2, 1, 2, 1, 1, 2, 4, 3, 0, 2, 1, 3, 3, 1, 1, 2, 1, 1, 1, 4, 1, 3, 4, 1, 2, 4, 3, 1, 3, 1, 2, 4, 4, 4, 3, 2, 2, 3, 2, 4, 3, 4, 2, 4, 4, 2, 1, 3, 2, 2]|[0, 2, 0, 0, 3, 0, 1, 3, 1, 0, 2, 0, 1, 0, 1, 0, 0, 0, 1, 0, 0, 2, 0, 0, 1, 0, 0, 3, 0, 1, 0, 2, 0, 0, 3, 0, 1, 1, 0, 0, 0, 0, 1, 3, 0, 0, 1, 0, 2, 0, 0, 0, 0, 0, 1, 0, 1, 0, 1, 1, 0, 2, 0, 0, 0, 0, 0, 0, 0, 2, 0, 0, 1, 0, 0, 1, 0, 0, 3, 0, 0, 1, 2, 2, 0, 0, 0, 3, 0, 1, 0, 1, 0, 3, 1, 0, 0, 0, 0, 0],910.6016522559228,48196.44872629531,105119.71286620182,false
61,G3_TWC,G3_TWC,[31, 22, 42, 15, 26, 58, 95, 82, 77, 12, 47, 5, 93, 78, 98, 54, 85, 63, 18, 44, 20, 35, 43, 97, 91, 76, 10, 30, 21, 45, 71, 64, 1, 23, 17, 83, 24, 61, 60, 49, 6, 57, 94, 88, 65, 56, 79, 40, 67, 68, 46, 75, 0, 9, 19, 32, 81, 41, 27, 62, 87, 90, 99, 59, 53, 16, 72, 73, 70, 39, 37, 84, 3, 92, 25, 74, 28, 38, 51, 7, 11, 14, 34, 48, 89, 66, 50, 96, 33, 80, 8, 4, 86, 36, 2, 52, 13, 29, 69, 55]|[1, 1, 0, 1, 1, 1, 2, 1, 2, 1, 2, 2, 2, 1, 1, 0, 0, 1, 0, 2, 2, 0, 1, 2, 0, 1, 2, 2, 0, 0, 1, 2, 1, 0, 1, 0, 2, 0, 1, 1, 0, 1, 1, 1, 0, 2, 1, 1, 0, 0, 0, 0, 1, 1, 0, 1, 2, 0, 0, 0, 2, 1, 0, 1, 0, 1, 2, 1, 1, 1, 1, 1, 2, 0, 1, 2, 0, 0, 0, 1, 0, 1, 2, 0, 1, 0, 0, 0, 2, 0, 1, 0, 0, 0, 0, 1, 0, 0, 1, 1]|[4, 3, 2, 2, 0, 0, 2, 2, 2, 4, 1, 1, 2, 4, 4, 1, 1, 4, 2, 1, 1, 1, 1, 2, 1, 2, 1, 1, 1, 1, 3, 2, 3, 0, 4, 0, 1, 1, 0, 3, 2, 2, 4, 0, 1, 1, 3, 2, 0, 1, 2, 2, 1, 4, 2, 3, 2, 1, 1, 2, 1, 3, 1, 1, 2, 3, 0, 4, 3, 1, 4, 1, 1, 2, 4, 1, 2, 1, 1, 3, 2, 3, 1, 1, 1, 1, 1, 1, 1, 1, 3, 2, 1, 1, 2, 1, 2, 2, 3, 4]|[0, 2, 1, 1, 3, 3, 0, 1, 0, 0, 0, 0, 1, 0, 1, 0, 0, 3, 1, 0, 0, 0, 3, 1, 0, 2, 0, 0, 0, 1, 0, 0, 0, 0, 3, 0, 1, 0, 0, 2, 1, 1, 2, 0, 0, 0, 0, 1, 1, 0, 0, 0, 1, 3, 1, 0, 1, 0, 0, 1, 0, 2, 0, 1, 1, 2, 1, 0, 0, 1, 1, 3, 0, 1, 3, 0, 1, 0, 0, 2, 1, 0, 0, 0, 1, 0, 0, 0, 0, 0, 2, 1, 0, 1, 0, 1, 0, 0, 0, 3],872.1650162521609,57947.7929046089,85993.49946424144,false
61,G1_CMAX,G1_CMAX,[31, 22, 42, 15, 26, 58, 95, 82, 77, 12, 47, 5, 93, 78, 98, 85, 54, 63, 18, 44, 20, 35, 43, 97, 91, 10, 30, 21, 61, 71, 64, 1, 23, 17, 83, 24, 50, 60, 36, 6, 57, 94, 88, 65, 56, 79, 40, 67, 68, 46, 75, 38, 9, 19, 32, 81, 41, 27, 62, 87, 90, 99, 59, 11, 16, 72, 73, 70, 39, 37, 84, 76, 3, 92, 25, 74, 28, 7, 51, 29, 33, 14, 86, 66, 89, 45, 80, 96, 53, 4, 48, 2, 55, 49, 0, 52, 13, 8, 69, 34]|[1, 1, 1, 1, 1, 1, 2, 1, 2, 1, 2, 0, 2, 1, 1, 0, 0, 1, 0, 2, 2, 2, 1, 2, 0, 2, 2, 0, 0, 1, 2, 1, 2, 1, 0, 2, 0, 1, 1, 0, 1, 1, 1, 0, 2, 1, 1, 0, 0, 0, 0, 1, 1, 2, 1, 2, 2, 0, 0, 2, 1, 0, 1, 2, 1, 2, 1, 1, 1, 1, 1, 1, 2, 1, 1, 2, 0, 0, 0, 0, 2, 1, 2, 0, 1, 0, 0, 0, 0, 0, 2, 0, 1, 0, 0, 1, 0, 1, 2, 2]|[4, 3, 2, 2, 0, 0, 1, 2, 1, 4, 1, 0, 2, 4, 4, 1, 1, 4, 2, 1, 1, 0, 1, 2, 1, 1, 1, 1, 1, 3, 2, 3, 0, 4, 0, 1, 1, 0, 3, 2, 2, 4, 0, 1, 1, 0, 2, 0, 1, 2, 2, 1, 4, 0, 3, 2, 1, 1, 2, 1, 3, 1, 1, 1, 3, 0, 4, 3, 1, 4, 1, 2, 1, 4, 4, 1, 2, 1, 1, 1, 1, 3, 1, 1, 1, 1, 1, 1, 2, 2, 0, 2, 4, 1, 2, 1, 2, 3, 1, 1]|[2, 2, 1, 1, 3, 3, 0, 1, 0, 0, 0, 1, 1, 0, 1, 0, 0, 3, 1, 0, 0, 0, 3, 1, 0, 0, 0, 0, 1, 0, 0, 0, 0, 3, 0, 1, 0, 0, 2, 1, 1, 2, 0, 0, 0, 0, 1, 1, 0, 0, 0, 1, 3, 0, 0, 1, 0, 0, 1, 0, 2, 0, 1, 0, 2, 1, 0, 0, 1, 1, 3, 2, 0, 0, 3, 0, 1, 0, 0, 0, 0, 0, 0, 0, 1, 0, 0, 0, 1, 1, 1, 0, 3, 1, 0, 1, 0, 2, 0, 0],701.9269445084548,58814.16448267554,96724.70889609086,false
61,G4_BALANCED,G1_CMAX,[31, 22, 42, 15, 26, 58, 95, 82, 77, 12, 47, 5, 93, 78, 98, 54, 85, 63, 18, 44, 20, 35, 43, 97, 91, 76, 10, 30, 21, 45, 71, 64, 1, 23, 17, 83, 24, 61, 60, 36, 6, 57, 94, 88, 65, 56, 79, 40, 67, 68, 46, 75, 38, 9, 19, 32, 81, 41, 27, 62, 87, 90, 99, 59, 53, 16, 72, 73, 70, 39, 37, 84, 3, 92, 25, 55, 28, 29, 51, 7, 11, 14, 86, 66, 89, 50, 48, 96, 33, 80, 4, 8, 74, 49, 0, 52, 13, 2, 69, 34]|[1, 1, 0, 1, 1, 1, 2, 1, 2, 1, 2, 2, 2, 1, 1, 0, 0, 1, 0, 2, 2, 0, 1, 2, 0, 1, 2, 2, 0, 0, 1, 2, 1, 2, 1, 0, 2, 1, 1, 1, 0, 1, 1, 1, 0, 2, 1, 1, 0, 0, 0, 0, 1, 1, 2, 1, 2, 2, 0, 0, 2, 1, 0, 1, 2, 1, 2, 1, 1, 1, 1, 1, 2, 0, 1, 1, 0, 0, 0, 1, 0, 1, 0, 2, 1, 0, 0, 2, 2, 0, 1, 1, 2, 0, 0, 1, 0, 0, 1, 2]|[4, 3, 2, 2, 0, 0, 2, 2, 2, 4, 1, 1, 2, 4, 4, 1, 1, 4, 2, 1, 1, 1, 1, 2, 1, 2, 1, 1, 1, 1, 3, 2, 3, 0, 4, 0, 1, 3, 0, 3, 2, 2, 4, 0, 1, 1, 3, 2, 0, 1, 2, 2, 1, 4, 0, 3, 2, 1, 1, 2, 1, 3, 1, 1, 1, 3, 0, 4, 3, 1, 4, 1, 1, 2, 4, 4, 2, 1, 1, 3, 2, 3, 1, 1, 1, 1, 1, 1, 1, 1, 4, 3, 1, 1, 2, 1, 2, 2, 4, 1]|[0, 2, 1, 1, 3, 3, 0, 1, 0, 0, 0, 0, 1, 0, 1, 0, 0, 3, 1, 0, 0, 0, 3, 1, 0, 2, 0, 0, 0, 1, 0, 0, 0, 0, 3, 0, 1, 0, 0, 2, 1, 1, 2, 0, 0, 0, 0, 1, 1, 0, 0, 0, 1, 3, 0, 0, 1, 0, 0, 1, 0, 2, 0, 1, 0, 2, 1, 0, 0, 1, 1, 3, 0, 1, 3, 3, 1, 0, 0, 2, 1, 0, 0, 0, 1, 0, 0, 0, 0, 0, 0, 2, 0, 1, 0, 1, 0, 0, 2, 0],728.5004367423115,56969.171099257095,91715.9624816939,true
61,G2_TEC,G2_TEC,[20, 94, 66, 15, 26, 9, 95, 42, 77, 68, 47, 5, 3, 14, 86, 54, 85, 63, 18, 44, 31, 49, 36, 78, 74, 50, 53, 17, 21, 28, 11, 64, 93, 23, 30, 83, 24, 41, 40, 52, 65, 27, 90, 70, 39, 87, 48, 69, 99, 4, 46, 1, 13, 56, 97, 59, 45, 8, 73, 37, 35, 79, 71, 82, 76, 32, 60, 80, 58, 6, 67, 61, 33, 7, 57, 34, 12, 16, 10, 22, 96, 88, 43, 81, 91, 2, 84, 29, 92, 19, 51, 89, 38, 25, 72, 75, 98, 62, 55, 0]|[2, 1, 2, 1, 1, 2, 1, 1, 1, 1, 1, 0, 2, 2, 1, 2, 0, 0, 0, 2, 2, 1, 0, 2, 0, 2, 2, 1, 0, 1, 1, 1, 0, 0, 1, 0, 2, 1, 2, 2, 0, 0, 1, 1, 0, 2, 0, 2, 1, 0, 0, 2, 0, 2, 2, 0, 1, 1, 0, 0, 2, 1, 1, 2, 2, 0, 2, 2, 2, 1, 2, 1, 1, 2, 0, 1, 1, 2, 1, 2, 0, 1, 1, 1, 1, 0, 0, 1, 0, 1, 1, 1, 0, 1, 1, 0, 2, 1, 0, 0]|[1, 3, 1, 3, 4, 1, 4, 4, 4, 4, 3, 2, 1, 0, 2, 1, 1, 1, 2, 1, 1, 3, 0, 1, 0, 1, 1, 4, 1, 4, 3, 2, 2, 0, 4, 1, 1, 4, 1, 1, 2, 1, 4, 4, 1, 1, 0, 1, 3, 2, 2, 1, 2, 1, 1, 2, 4, 3, 0, 2, 1, 3, 3, 1, 1, 2, 1, 1, 1, 4, 1, 3, 4, 1, 2, 4, 3, 1, 3, 1, 2, 4, 4, 4, 3, 2, 2, 3, 2, 4, 3, 4, 2, 4, 4, 2, 1, 3, 2, 2]|[0, 2, 0, 0, 3, 0, 1, 3, 1, 0, 2, 0, 1, 0, 1, 0, 0, 0, 1, 0, 0, 2, 0, 0, 1, 0, 0, 3, 0, 1, 0, 2, 0, 0, 3, 0, 1, 1, 0, 0, 0, 0, 1, 3, 0, 0, 1, 0, 2, 0, 0, 0, 0, 0, 1, 0, 1, 0, 1, 1, 0, 2, 0, 0, 0, 0, 0, 0, 0, 2, 0, 0, 1, 0, 0, 1, 0, 0, 3, 0, 0, 1, 2, 2, 0, 0, 0, 3, 0, 1, 0, 1, 0, 3, 1, 0, 0, 0, 0, 0],910.6016522559228,48196.44872629531,105119.71286620182,false
61,G3_TWC,G3_TWC,[31, 22, 42, 15, 26, 58, 95, 82, 77, 12, 47, 5, 93, 78, 98, 54, 85, 63, 18, 44, 20, 35, 43, 97, 91, 76, 10, 30, 21, 45, 71, 64, 1, 23, 17, 83, 24, 61, 60, 49, 6, 57, 94, 88, 65, 56, 79, 40, 67, 68, 46, 75, 0, 9, 19, 32, 81, 41, 27, 62, 87, 90, 99, 59, 53, 16, 72, 73, 70, 39, 37, 84, 3, 92, 25, 74, 28, 38, 51, 7, 11, 14, 34, 48, 89, 66, 50, 96, 33, 80, 8, 4, 86, 36, 2, 52, 13, 29, 69, 55]|[1, 1, 0, 1, 1, 1, 2, 1, 2, 1, 2, 2, 2, 1, 1, 0, 0, 1, 0, 2, 2, 0, 1, 2, 0, 1, 2, 2, 0, 0, 1, 2, 1, 0, 1, 0, 2, 0, 1, 1, 0, 1, 1, 1, 0, 2, 1, 1, 0, 0, 0, 0, 1, 1, 0, 1, 2, 0, 0, 0, 2, 1, 0, 1, 0, 1, 2, 1, 1, 1, 1, 1, 2, 0, 1, 2, 0, 0, 0, 1, 0, 1, 2, 0, 1, 0, 0, 0, 2, 0, 1, 0, 0, 0, 0, 1, 0, 0, 1, 1]|[4, 3, 2, 2, 0, 0, 2, 2, 2, 4, 1, 1, 2, 4, 4, 1, 1, 4, 2, 1, 1, 1, 1, 2, 1, 2, 1, 1, 1, 1, 3, 2, 3, 0, 4, 0, 1, 1, 0, 3, 2, 2, 4, 0, 1, 1, 3, 2, 0, 1, 2, 2, 1, 4, 2, 3, 2, 1, 1, 2, 1, 3, 1, 1, 2, 3, 0, 4, 3, 1, 4, 1, 1, 2, 4, 1, 2, 1, 1, 3, 2, 3, 1, 1, 1, 1, 1, 1, 1, 1, 3, 2, 1, 1, 2, 1, 2, 2, 3, 4]|[0, 2, 1, 1, 3, 3, 0, 1, 0, 0, 0, 0, 1, 0, 1, 0, 0, 3, 1, 0, 0, 0, 3, 1, 0, 2, 0, 0, 0, 1, 0, 0, 0, 0, 3, 0, 1, 0, 0, 2, 1, 1, 2, 0, 0, 0, 0, 1, 1, 0, 0, 0, 1, 3, 1, 0, 1, 0, 0, 1, 0, 2, 0, 1, 1, 2, 1, 0, 0, 1, 1, 3, 0, 1, 3, 0, 1, 0, 0, 2, 1, 0, 0, 0, 1, 0, 0, 0, 0, 0, 2, 1, 0, 1, 0, 1, 0, 0, 0, 3],872.1650162521609,57947.7929046089,85993.49946424144,false
61,G1_CMAX,G1_CMAX,[31, 22, 42, 15, 26, 58, 95, 82, 77, 12, 47, 5, 93, 78, 98, 85, 54, 63, 18, 44, 20, 35, 43, 97, 91, 10, 30, 21, 61, 71, 64, 1, 23, 17, 83, 24, 50, 60, 36, 6, 57, 94, 88, 65, 56, 79, 40, 67, 68, 46, 75, 38, 9, 19, 32, 81, 41, 27, 62, 87, 90, 99, 59, 11, 16, 72, 73, 70, 39, 37, 84, 76, 3, 92, 25, 74, 28, 7, 51, 29, 33, 14, 86, 66, 89, 45, 80, 96, 53, 4, 48, 2, 55, 49, 0, 52, 13, 8, 69, 34]|[1, 1, 1, 1, 1, 1, 2, 1, 2, 1, 2, 0, 2, 1, 1, 0, 0, 1, 0, 2, 2, 2, 1, 2, 0, 2, 2, 0, 0, 1, 2, 1, 2, 1, 0, 2, 0, 1, 1, 0, 1, 1, 1, 0, 2, 1, 1, 0, 0, 0, 0, 1, 1, 2, 1, 2, 2, 0, 0, 2, 1, 0, 1, 2, 1, 2, 1, 1, 1, 1, 1, 1, 2, 1, 1, 2, 0, 0, 0, 0, 2, 1, 2, 0, 1, 0, 0, 0, 0, 0, 2, 0, 1, 0, 0, 1, 0, 1, 2, 2]|[4, 3, 2, 2, 0, 0, 1, 2, 1, 4, 1, 0, 2, 4, 4, 1, 1, 4, 2, 1, 1, 0, 1, 2, 1, 1, 1, 1, 1, 3, 2, 3, 0, 4, 0, 1, 1, 0, 3, 2, 2, 4, 0, 1, 1, 0, 2, 0, 1, 2, 2, 1, 4, 0, 3, 2, 1, 1, 2, 1, 3, 1, 1, 1, 3, 0, 4, 3, 1, 4, 1, 2, 1, 4, 4, 1, 2, 1, 1, 1, 1, 3, 1, 1, 1, 1, 1, 1, 2, 2, 0, 2, 4, 1, 2, 1, 2, 3, 1, 1]|[2, 2, 1, 1, 3, 3, 0, 1, 0, 0, 0, 1, 1, 0, 1, 0, 0, 3, 1, 0, 0, 0, 3, 1, 0, 0, 0, 0, 1, 0, 0, 0, 0, 3, 0, 1, 0, 0, 2, 1, 1, 2, 0, 0, 0, 0, 1, 1, 0, 0, 0, 1, 3, 0, 0, 1, 0, 0, 1, 0, 2, 0, 1, 0, 2, 1, 0, 0, 1, 1, 3, 2, 0, 0, 3, 0, 1, 0, 0, 0, 0, 0, 0, 0, 1, 0, 0, 0, 1, 1, 1, 0, 3, 1, 0, 1, 0, 2, 0, 0],701.9269445084548,58814.16448267554,96724.70889609086,false
61,G4_BALANCED,G1_CMAX,[31, 22, 42, 15, 26, 58, 95, 82, 77, 12, 47, 5, 93, 78, 98, 54, 85, 63, 18, 44, 20, 35, 43, 97, 91, 76, 10, 30, 21, 45, 71, 64, 1, 23, 17, 83, 24, 61, 60, 36, 6, 57, 94, 88, 65, 56, 79, 40, 67, 68, 46, 75, 38, 9, 19, 32, 81, 41, 27, 62, 87, 90, 99, 59, 53, 16, 72, 73, 70, 39, 37, 84, 3, 92, 25, 55, 28, 29, 51, 7, 11, 14, 86, 66, 89, 50, 48, 96, 33, 80, 4, 8, 74, 49, 0, 52, 13, 2, 69, 34]|[1, 1, 0, 1, 1, 1, 2, 1, 2, 1, 2, 2, 2, 1, 1, 0, 0, 1, 0, 2, 2, 0, 1, 2, 0, 1, 2, 2, 0, 0, 1, 2, 1, 2, 1, 0, 2, 1, 1, 1, 0, 1, 1, 1, 0, 2, 1, 1, 0, 0, 0, 0, 1, 1, 2, 1, 2, 2, 0, 0, 2, 1, 0, 1, 2, 1, 2, 1, 1, 1, 1, 1, 2, 0, 1, 1, 0, 0, 0, 1, 0, 1, 0, 2, 1, 0, 0, 2, 2, 0, 1, 1, 2, 0, 0, 1, 0, 0, 1, 2]|[4, 3, 2, 2, 0, 0, 2, 2, 2, 4, 1, 1, 2, 4, 4, 1, 1, 4, 2, 1, 1, 1, 1, 2, 1, 2, 1, 1, 1, 1, 3, 2, 3, 0, 4, 0, 1, 3, 0, 3, 2, 2, 4, 0, 1, 1, 3, 2, 0, 1, 2, 2, 1, 4, 0, 3, 2, 1, 1, 2, 1, 3, 1, 1, 1, 3, 0, 4, 3, 1, 4, 1, 1, 2, 4, 4, 2, 1, 1, 3, 2, 3, 1, 1, 1, 1, 1, 1, 1, 1, 4, 3, 1, 1, 2, 1, 2, 2, 4, 1]|[0, 2, 1, 1, 3, 3, 0, 1, 0, 0, 0, 0, 1, 0, 1, 0, 0, 3, 1, 0, 0, 0, 3, 1, 0, 2, 0, 0, 0, 1, 0, 0, 0, 0, 3, 0, 1, 0, 0, 2, 1, 1, 2, 0, 0, 0, 0, 1, 1, 0, 0, 0, 1, 3, 0, 0, 1, 0, 0, 1, 0, 2, 0, 1, 0, 2, 1, 0, 0, 1, 1, 3, 0, 1, 3, 3, 1, 0, 0, 2, 1, 0, 0, 0, 1, 0, 0, 0, 0, 0, 0, 2, 0, 1, 0, 1, 0, 0, 2, 0],728.5004367423115,56969.171099257095,91715.9624816939,true
61,G2_TEC,G2_TEC,[20, 94, 66, 15, 26, 9, 95, 42, 77, 68, 47, 5, 3, 14, 86, 54, 85, 63, 18, 44, 31, 49, 36, 78, 74, 50, 53, 17, 21, 28, 11, 64, 93, 23, 30, 83, 24, 41, 40, 52, 65, 27, 90, 70, 39, 87, 48, 69, 99, 4, 46, 1, 13, 56, 97, 59, 45, 8, 73, 37, 35, 79, 71, 82, 76, 32, 60, 80, 58, 6, 67, 61, 33, 7, 57, 34, 12, 16, 10, 22, 96, 88, 43, 81, 91, 2, 84, 29, 92, 19, 51, 89, 38, 25, 72, 75, 98, 62, 55, 0]|[2, 1, 2, 1, 1, 2, 1, 1, 1, 1, 1, 0, 2, 2, 1, 2, 0, 0, 0, 2, 2, 1, 0, 2, 0, 2, 2, 1, 0, 1, 1, 1, 0, 0, 1, 0, 2, 1, 2, 2, 0, 0, 1, 1, 0, 2, 0, 2, 1, 0, 0, 2, 0, 2, 2, 0, 1, 1, 0, 0, 2, 1, 1, 2, 2, 0, 2, 2, 2, 1, 2, 1, 1, 2, 0, 1, 1, 2, 1, 2, 0, 1, 1, 1, 1, 0, 0, 1, 0, 1, 1, 1, 0, 1, 1, 0, 2, 1, 0, 0]|[1, 3, 1, 3, 4, 1, 4, 4, 4, 4, 3, 2, 1, 0, 2, 1, 1, 1, 2, 1, 1, 3, 0, 1, 0, 1, 1, 4, 1, 4, 3, 2, 2, 0, 4, 1, 1, 4, 1, 1, 2, 1, 4, 4, 1, 1, 0, 1, 3, 2, 2, 1, 2, 1, 1, 2, 4, 3, 0, 2, 1, 3, 3, 1, 1, 2, 1, 1, 1, 4, 1, 3, 4, 1, 2, 4, 3, 1, 3, 1, 2, 4, 4, 4, 3, 2, 2, 3, 2, 4, 3, 4, 2, 4, 4, 2, 1, 3, 2, 2]|[0, 2, 0, 0, 3, 0, 1, 3, 1, 0, 2, 0, 1, 0, 1, 0, 0, 0, 1, 0, 0, 2, 0, 0, 1, 0, 0, 3, 0, 1, 0, 2, 0, 0, 3, 0, 1, 1, 0, 0, 0, 0, 1, 3, 0, 0, 1, 0, 2, 0, 0, 0, 0, 0, 1, 0, 1, 0, 1, 1, 0, 2, 0, 0, 0, 0, 0, 0, 0, 2, 0, 0, 1, 0, 0, 1, 0, 0, 3, 0, 0, 1, 2, 2, 0, 0, 0, 3, 0, 1, 0, 1, 0, 3, 1, 0, 0, 0, 0, 0],910.6016522559228,48196.44872629531,105119.71286620182,false
61,G3_TWC,G3_TWC,[31, 22, 42, 15, 26, 58, 95, 82, 77, 12, 47, 5, 93, 78, 98, 54, 85, 63, 18, 44, 20, 35, 43, 97, 91, 76, 10, 30, 21, 45, 71, 64, 1, 23, 17, 83, 24, 61, 60, 49, 6, 57, 94, 88, 65, 56, 79, 40, 67, 68, 46, 75, 0, 9, 19, 32, 81, 41, 27, 62, 87, 90, 99, 59, 53, 16, 72, 73, 70, 39, 37, 84, 3, 92, 25, 74, 28, 38, 51, 7, 11, 14, 34, 48, 89, 66, 50, 96, 33, 80, 8, 4, 86, 36, 2, 52, 13, 29, 69, 55]|[1, 1, 0, 1, 1, 1, 2, 1, 2, 1, 2, 2, 2, 1, 1, 0, 0, 1, 0, 2, 2, 0, 1, 2, 0, 1, 2, 2, 0, 0, 1, 2, 1, 0, 1, 0, 2, 0, 1, 1, 0, 1, 1, 1, 0, 2, 1, 1, 0, 0, 0, 0, 1, 1, 0, 1, 2, 0, 0, 0, 2, 1, 0, 1, 0, 1, 2, 1, 1, 1, 1, 1, 2, 0, 1, 2, 0, 0, 0, 1, 0, 1, 2, 0, 1, 0, 0, 0, 2, 0, 1, 0, 0, 0, 0, 1, 0, 0, 1, 1]|[4, 3, 2, 2, 0, 0, 2, 2, 2, 4, 1, 1, 2, 4, 4, 1, 1, 4, 2, 1, 1, 1, 1, 2, 1, 2, 1, 1, 1, 1, 3, 2, 3, 0, 4, 0, 1, 1, 0, 3, 2, 2, 4, 0, 1, 1, 3, 2, 0, 1, 2, 2, 1, 4, 2, 3, 2, 1, 1, 2, 1, 3, 1, 1, 2, 3, 0, 4, 3, 1, 4, 1, 1, 2, 4, 1, 2, 1, 1, 3, 2, 3, 1, 1, 1, 1, 1, 1, 1, 1, 3, 2, 1, 1, 2, 1, 2, 2, 3, 4]|[0, 2, 1, 1, 3, 3, 0, 1, 0, 0, 0, 0, 1, 0, 1, 0, 0, 3, 1, 0, 0, 0, 3, 1, 0, 2, 0, 0, 0, 1, 0, 0, 0, 0, 3, 0, 1, 0, 0, 2, 1, 1, 2, 0, 0, 0, 0, 1, 1, 0, 0, 0, 1, 3, 1, 0, 1, 0, 0, 1, 0, 2, 0, 1, 1, 2, 1, 0, 0, 1, 1, 3, 0, 1, 3, 0, 1, 0, 0, 2, 1, 0, 0, 0, 1, 0, 0, 0, 0, 0, 2, 1, 0, 1, 0, 1, 0, 0, 0, 3],872.1650162521609,57947.7929046089,85993.49946424144,false
61,G1_CMAX,G1_CMAX,[31, 22, 42, 15, 26, 58, 95, 82, 77, 12, 47, 5, 93, 78, 98, 85, 54, 63, 18, 44, 20, 35, 43, 97, 91, 10, 30, 21, 61, 71, 64, 1, 23, 17, 83, 24, 50, 60, 36, 6, 57, 94, 88, 65, 56, 79, 40, 67, 68, 46, 75, 38, 9, 19, 32, 81, 41, 27, 62, 87, 90, 99, 59, 11, 16, 72, 73, 70, 39, 37, 84, 76, 3, 92, 25, 74, 28, 7, 51, 29, 33, 14, 86, 66, 89, 45, 80, 96, 53, 4, 48, 2, 55, 49, 0, 52, 13, 8, 69, 34]|[1, 1, 1, 1, 1, 1, 2, 1, 2, 1, 2, 0, 2, 1, 1, 0, 0, 1, 0, 2, 2, 2, 1, 2, 0, 2, 2, 0, 0, 1, 2, 1, 2, 1, 0, 2, 0, 1, 1, 0, 1, 1, 1, 0, 2, 1, 1, 0, 0, 0, 0, 1, 1, 2, 1, 2, 2, 0, 0, 2, 1, 0, 1, 2, 1, 2, 1, 1, 1, 1, 1, 1, 2, 1, 1, 2, 0, 0, 0, 0, 2, 1, 2, 0, 1, 0, 0, 0, 0, 0, 2, 0, 1, 0, 0, 1, 0, 1, 2, 2]|[4, 3, 2, 2, 0, 0, 1, 2, 1, 4, 1, 0, 2, 4, 4, 1, 1, 4, 2, 1, 1, 0, 1, 2, 1, 1, 1, 1, 1, 3, 2, 3, 0, 4, 0, 1, 1, 0, 3, 2, 2, 4, 0, 1, 1, 0, 2, 0, 1, 2, 2, 1, 4, 0, 3, 2, 1, 1, 2, 1, 3, 1, 1, 1, 3, 0, 4, 3, 1, 4, 1, 2, 1, 4, 4, 1, 2, 1, 1, 1, 1, 3, 1, 1, 1, 1, 1, 1, 2, 2, 0, 2, 4, 1, 2, 1, 2, 3, 1, 1]|[2, 2, 1, 1, 3, 3, 0, 1, 0, 0, 0, 1, 1, 0, 1, 0, 0, 3, 1, 0, 0, 0, 3, 1, 0, 0, 0, 0, 1, 0, 0, 0, 0, 3, 0, 1, 0, 0, 2, 1, 1, 2, 0, 0, 0, 0, 1, 1, 0, 0, 0, 1, 3, 0, 0, 1, 0, 0, 1, 0, 2, 0, 1, 0, 2, 1, 0, 0, 1, 1, 3, 2, 0, 0, 3, 0, 1, 0, 0, 0, 0, 0, 0, 0, 1, 0, 0, 0, 1, 1, 1, 0, 3, 1, 0, 1, 0, 2, 0, 0],701.9269445084548,58814.16448267554,96724.70889609086,false
61,G4_BALANCED,G1_CMAX,[31, 22, 42, 15, 26, 58, 95, 82, 77, 12, 47, 5, 93, 78, 98, 54, 85, 63, 18, 44, 20, 35, 43, 97, 91, 76, 10, 30, 21, 45, 71, 64, 1, 23, 17, 83, 24, 61, 60, 36, 6, 57, 94, 88, 65, 56, 79, 40, 67, 68, 46, 75, 38, 9, 19, 32, 81, 41, 27, 62, 87, 90, 99, 59, 53, 16, 72, 73, 70, 39, 37, 84, 3, 92, 25, 55, 28, 29, 51, 7, 11, 14, 86, 66, 89, 50, 48, 96, 33, 80, 4, 8, 74, 49, 0, 52, 13, 2, 69, 34]|[1, 1, 0, 1, 1, 1, 2, 1, 2, 1, 2, 2, 2, 1, 1, 0, 0, 1, 0, 2, 2, 0, 1, 2, 0, 1, 2, 2, 0, 0, 1, 2, 1, 2, 1, 0, 2, 1, 1, 1, 0, 1, 1, 1, 0, 2, 1, 1, 0, 0, 0, 0, 1, 1, 2, 1, 2, 2, 0, 0, 2, 1, 0, 1, 2, 1, 2, 1, 1, 1, 1, 1, 2, 0, 1, 1, 0, 0, 0, 1, 0, 1, 0, 2, 1, 0, 0, 2, 2, 0, 1, 1, 2, 0, 0, 1, 0, 0, 1, 2]|[4, 3, 2, 2, 0, 0, 2, 2, 2, 4, 1, 1, 2, 4, 4, 1, 1, 4, 2, 1, 1, 1, 1, 2, 1, 2, 1, 1, 1, 1, 3, 2, 3, 0, 4, 0, 1, 3, 0, 3, 2, 2, 4, 0, 1, 1, 3, 2, 0, 1, 2, 2, 1, 4, 0, 3, 2, 1, 1, 2, 1, 3, 1, 1, 1, 3, 0, 4, 3, 1, 4, 1, 1, 2, 4, 4, 2, 1, 1, 3, 2, 3, 1, 1, 1, 1, 1, 1, 1, 1, 4, 3, 1, 1, 2, 1, 2, 2, 4, 1]|[0, 2, 1, 1, 3, 3, 0, 1, 0, 0, 0, 0, 1, 0, 1, 0, 0, 3, 1, 0, 0, 0, 3, 1, 0, 2, 0, 0, 0, 1, 0, 0, 0, 0, 3, 0, 1, 0, 0, 2, 1, 1, 2, 0, 0, 0, 0, 1, 1, 0, 0, 0, 1, 3, 0, 0, 1, 0, 0, 1, 0, 2, 0, 1, 0, 2, 1, 0, 0, 1, 1, 3, 0, 1, 3, 3, 1, 0, 0, 2, 1, 0, 0, 0, 1, 0, 0, 0, 0, 0, 0, 2, 0, 1, 0, 1, 0, 0, 2, 0],728.5004367423115,56969.171099257095,91715.9624816939,true
61,G2_TEC,G2_TEC,[20, 94, 66, 15, 26, 9, 95, 42, 77, 68, 47, 5, 3, 14, 86, 54, 85, 63, 18, 44, 31, 49, 36, 78, 74, 50, 53, 17, 21, 28, 11, 64, 93, 23, 30, 83, 24, 41, 40, 52, 65, 27, 90, 70, 39, 87, 48, 69, 99, 4, 46, 1, 13, 56, 97, 59, 45, 8, 73, 37, 35, 79, 71, 82, 76, 32, 60, 80, 58, 6, 67, 61, 33, 7, 57, 34, 12, 16, 10, 22, 96, 88, 43, 81, 91, 2, 84, 29, 92, 19, 51, 89, 38, 25, 72, 75, 98, 62, 55, 0]|[2, 1, 2, 1, 1, 2, 1, 1, 1, 1, 1, 0, 2, 2, 1, 2, 0, 0, 0, 2, 2, 1, 0, 2, 0, 2, 2, 1, 0, 1, 1, 1, 0, 0, 1, 0, 2, 1, 2, 2, 0, 0, 1, 1, 0, 2, 0, 2, 1, 0, 0, 2, 0, 2, 2, 0, 1, 1, 0, 0, 2, 1, 1, 2, 2, 0, 2, 2, 2, 1, 2, 1, 1, 2, 0, 1, 1, 2, 1, 2, 0, 1, 1, 1, 1, 0, 0, 1, 0, 1, 1, 1, 0, 1, 1, 0, 2, 1, 0, 0]|[1, 3, 1, 3, 4, 1, 4, 4, 4, 4, 3, 2, 1, 0, 2, 1, 1, 1, 2, 1, 1, 3, 0, 1, 0, 1, 1, 4, 1, 4, 3, 2, 2, 0, 4, 1, 1, 4, 1, 1, 2, 1, 4, 4, 1, 1, 0, 1, 3, 2, 2, 1, 2, 1, 1, 2, 4, 3, 0, 2, 1, 3, 3, 1, 1, 2, 1, 1, 1, 4, 1, 3, 4, 1, 2, 4, 3, 1, 3, 1, 2, 4, 4, 4, 3, 2, 2, 3, 2, 4, 3, 4, 2, 4, 4, 2, 1, 3, 2, 2]|[0, 2, 0, 0, 3, 0, 1, 3, 1, 0, 2, 0, 1, 0, 1, 0, 0, 0, 1, 0, 0, 2, 0, 0, 1, 0, 0, 3, 0, 1, 0, 2, 0, 0, 3, 0, 1, 1, 0, 0, 0, 0, 1, 3, 0, 0, 1, 0, 2, 0, 0, 0, 0, 0, 1, 0, 1, 0, 1, 1, 0, 2, 0, 0, 0, 0, 0, 0, 0, 2, 0, 0, 1, 0, 0, 1, 0, 0, 3, 0, 0, 1, 2, 2, 0, 0, 0, 3, 0, 1, 0, 1, 0, 3, 1, 0, 0, 0, 0, 0],910.6016522559228,48196.44872629531,105119.71286620182,false
61,G3_TWC,G3_TWC,[31, 22, 42, 15, 26, 58, 95, 82, 77, 12, 47, 5, 93, 78, 98, 54, 85, 63, 18, 44, 20, 35, 43, 97, 91, 76, 10, 30, 21, 45, 71, 64, 1, 23, 17, 83, 24, 61, 60, 49, 6, 57, 94, 88, 65, 56, 79, 40, 67, 68, 46, 75, 0, 9, 19, 32, 81, 41, 27, 62, 87, 90, 99, 59, 53, 16, 72, 73, 70, 39, 37, 84, 3, 92, 25, 74, 28, 38, 51, 7, 11, 14, 34, 48, 89, 66, 50, 96, 33, 80, 8, 4, 86, 36, 2, 52, 13, 29, 69, 55]|[1, 1, 0, 1, 1, 1, 2, 1, 2, 1, 2, 2, 2, 1, 1, 0, 0, 1, 0, 2, 2, 0, 1, 2, 0, 1, 2, 2, 0, 0, 1, 2, 1, 0, 1, 0, 2, 0, 1, 1, 0, 1, 1, 1, 0, 2, 1, 1, 0, 0, 0, 0, 1, 1, 0, 1, 2, 0, 0, 0, 2, 1, 0, 1, 0, 1, 2, 1, 1, 1, 1, 1, 2, 0, 1, 2, 0, 0, 0, 1, 0, 1, 2, 0, 1, 0, 0, 0, 2, 0, 1, 0, 0, 0, 0, 1, 0, 0, 1, 1]|[4, 3, 2, 2, 0, 0, 2, 2, 2, 4, 1, 1, 2, 4, 4, 1, 1, 4, 2, 1, 1, 1, 1, 2, 1, 2, 1, 1, 1, 1, 3, 2, 3, 0, 4, 0, 1, 1, 0, 3, 2, 2, 4, 0, 1, 1, 3, 2, 0, 1, 2, 2, 1, 4, 2, 3, 2, 1, 1, 2, 1, 3, 1, 1, 2, 3, 0, 4, 3, 1, 4, 1, 1, 2, 4, 1, 2, 1, 1, 3, 2, 3, 1, 1, 1, 1, 1, 1, 1, 1, 3, 2, 1, 1, 2, 1, 2, 2, 3, 4]|[0, 2, 1, 1, 3, 3, 0, 1, 0, 0, 0, 0, 1, 0, 1, 0, 0, 3, 1, 0, 0, 0, 3, 1, 0, 2, 0, 0, 0, 1, 0, 0, 0, 0, 3, 0, 1, 0, 0, 2, 1, 1, 2, 0, 0, 0, 0, 1, 1, 0, 0, 0, 1, 3, 1, 0, 1, 0, 0, 1, 0, 2, 0, 1, 1, 2, 1, 0, 0, 1, 1, 3, 0, 1, 3, 0, 1, 0, 0, 2, 1, 0, 0, 0, 1, 0, 0, 0, 0, 0, 2, 1, 0, 1, 0, 1, 0, 0, 0, 3],872.1650162521609,57947.7929046089,85993.49946424144,false
61,G1_CMAX,G1_CMAX,[31, 22, 42, 15, 26, 58, 95, 82, 77, 12, 47, 5, 93, 78, 98, 85, 54, 63, 18, 44, 20, 35, 43, 97, 91, 10, 30, 21, 61, 71, 64, 1, 23, 17, 83, 24, 50, 60, 36, 6, 57, 94, 88, 65, 56, 79, 40, 67, 68, 46, 75, 38, 9, 19, 32, 81, 41, 27, 62, 87, 90, 99, 59, 11, 16, 72, 73, 70, 39, 37, 84, 76, 3, 92, 25, 74, 28, 7, 51, 29, 33, 14, 86, 66, 89, 45, 80, 96, 53, 4, 48, 2, 55, 49, 0, 52, 13, 8, 69, 34]|[1, 1, 1, 1, 1, 1, 2, 1, 2, 1, 2, 0, 2, 1, 1, 0, 0, 1, 0, 2, 2, 2, 1, 2, 0, 2, 2, 0, 0, 1, 2, 1, 2, 1, 0, 2, 0, 1, 1, 0, 1, 1, 1, 0, 2, 1, 1, 0, 0, 0, 0, 1, 1, 2, 1, 2, 2, 0, 0, 2, 1, 0, 1, 2, 1, 2, 1, 1, 1, 1, 1, 1, 2, 1, 1, 2, 0, 0, 0, 0, 2, 1, 2, 0, 1, 0, 0, 0, 0, 0, 2, 0, 1, 0, 0, 1, 0, 1, 2, 2]|[4, 3, 2, 2, 0, 0, 1, 2, 1, 4, 1, 0, 2, 4, 4, 1, 1, 4, 2, 1, 1, 0, 1, 2, 1, 1, 1, 1, 1, 3, 2, 3, 0, 4, 0, 1, 1, 0, 3, 2, 2, 4, 0, 1, 1, 0, 2, 0, 1, 2, 2, 1, 4, 0, 3, 2, 1, 1, 2, 1, 3, 1, 1, 1, 3, 0, 4, 3, 1, 4, 1, 2, 1, 4, 4, 1, 2, 1, 1, 1, 1, 3, 1, 1, 1, 1, 1, 1, 2, 2, 0, 2, 4, 1, 2, 1, 2, 3, 1, 1]|[2, 2, 1, 1, 3, 3, 0, 1, 0, 0, 0, 1, 1, 0, 1, 0, 0, 3, 1, 0, 0, 0, 3, 1, 0, 0, 0, 0, 1, 0, 0, 0, 0, 3, 0, 1, 0, 0, 2, 1, 1, 2, 0, 0, 0, 0, 1, 1, 0, 0, 0, 1, 3, 0, 0, 1, 0, 0, 1, 0, 2, 0, 1, 0, 2, 1, 0, 0, 1, 1, 3, 2, 0, 0, 3, 0, 1, 0, 0, 0, 0, 0, 0, 0, 1, 0, 0, 0, 1, 1, 1, 0, 3, 1, 0, 1, 0, 2, 0, 0],701.9269445084548,58814.16448267554,96724.70889609086,false
61,G4_BALANCED,G1_CMAX,[31, 22, 42, 15, 26, 58, 95, 82, 77, 12, 47, 5, 93, 78, 98, 54, 85, 63, 18, 44, 20, 35, 43, 97, 91, 76, 10, 30, 21, 45, 71, 64, 1, 23, 17, 83, 24, 61, 60, 36, 6, 57, 94, 88, 65, 56, 79, 40, 67, 68, 46, 75, 38, 9, 19, 32, 81, 41, 27, 62, 87, 90, 99, 59, 53, 16, 72, 73, 70, 39, 37, 84, 3, 92, 25, 55, 28, 29, 51, 7, 11, 14, 86, 66, 89, 50, 48, 96, 33, 80, 4, 8, 74, 49, 0, 52, 13, 2, 69, 34]|[1, 1, 0, 1, 1, 1, 2, 1, 2, 1, 2, 2, 2, 1, 1, 0, 0, 1, 0, 2, 2, 0, 1, 2, 0, 1, 2, 2, 0, 0, 1, 2, 1, 2, 1, 0, 2, 1, 1, 1, 0, 1, 1, 1, 0, 2, 1, 1, 0, 0, 0, 0, 1, 1, 2, 1, 2, 2, 0, 0, 2, 1, 0, 1, 2, 1, 2, 1, 1, 1, 1, 1, 2, 0, 1, 1, 0, 0, 0, 1, 0, 1, 0, 2, 1, 0, 0, 2, 2, 0, 1, 1, 2, 0, 0, 1, 0, 0, 1, 2]|[4, 3, 2, 2, 0, 0, 2, 2, 2, 4, 1, 1, 2, 4, 4, 1, 1, 4, 2, 1, 1, 1, 1, 2, 1, 2, 1, 1, 1, 1, 3, 2, 3, 0, 4, 0, 1, 3, 0, 3, 2, 2, 4, 0, 1, 1, 3, 2, 0, 1, 2, 2, 1, 4, 0, 3, 2, 1, 1, 2, 1, 3, 1, 1, 1, 3, 0, 4, 3, 1, 4, 1, 1, 2, 4, 4, 2, 1, 1, 3, 2, 3, 1, 1, 1, 1, 1, 1, 1, 1, 4, 3, 1, 1, 2, 1, 2, 2, 4, 1]|[0, 2, 1, 1, 3, 3, 0, 1, 0, 0, 0, 0, 1, 0, 1, 0, 0, 3, 1, 0, 0, 0, 3, 1, 0, 2, 0, 0, 0, 1, 0, 0, 0, 0, 3, 0, 1, 0, 0, 2, 1, 1, 2, 0, 0, 0, 0, 1, 1, 0, 0, 0, 1, 3, 0, 0, 1, 0, 0, 1, 0, 2, 0, 1, 0, 2, 1, 0, 0, 1, 1, 3, 0, 1, 3, 3, 1, 0, 0, 2, 1, 0, 0, 0, 1, 0, 0, 0, 0, 0, 0, 2, 0, 1, 0, 1, 0, 0, 2, 0],728.5004367423115,56969.171099257095,91715.9624816939,true
61,G2_TEC,G2_TEC,[20, 94, 66, 15, 26, 9, 95, 42, 77, 68, 47, 5, 3, 14, 86, 54, 85, 63, 18, 44, 31, 49, 36, 78, 74, 50, 53, 17, 21, 28, 11, 64, 93, 23, 30, 83, 24, 41, 40, 52, 65, 27, 90, 70, 39, 87, 48, 69, 99, 4, 46, 1, 13, 56, 97, 59, 45, 8, 73, 37, 35, 79, 71, 82, 76, 32, 60, 80, 58, 6, 67, 61, 33, 7, 57, 34, 12, 16, 10, 22, 96, 88, 43, 81, 91, 2, 84, 29, 92, 19, 51, 89, 38, 25, 72, 75, 98, 62, 55, 0]|[2, 1, 2, 1, 1, 2, 1, 1, 1, 1, 1, 0, 2, 2, 1, 2, 0, 0, 0, 2, 2, 1, 0, 2, 0, 2, 2, 1, 0, 1, 1, 1, 0, 0, 1, 0, 2, 1, 2, 2, 0, 0, 1, 1, 0, 2, 0, 2, 1, 0, 0, 2, 0, 2, 2, 0, 1, 1, 0, 0, 2, 1, 1, 2, 2, 0, 2, 2, 2, 1, 2, 1, 1, 2, 0, 1, 1, 2, 1, 2, 0, 1, 1, 1, 1, 0, 0, 1, 0, 1, 1, 1, 0, 1, 1, 0, 2, 1, 0, 0]|[1, 3, 1, 3, 4, 1, 4, 4, 4, 4, 3, 2, 1, 0, 2, 1, 1, 1, 2, 1, 1, 3, 0, 1, 0, 1, 1, 4, 1, 4, 3, 2, 2, 0, 4, 1, 1, 4, 1, 1, 2, 1, 4, 4, 1, 1, 0, 1, 3, 2, 2, 1, 2, 1, 1, 2, 4, 3, 0, 2, 1, 3, 3, 1, 1, 2, 1, 1, 1, 4, 1, 3, 4, 1, 2, 4, 3, 1, 3, 1, 2, 4, 4, 4, 3, 2, 2, 3, 2, 4, 3, 4, 2, 4, 4, 2, 1, 3, 2, 2]|[0, 2, 0, 0, 3, 0, 1, 3, 1, 0, 2, 0, 1, 0, 1, 0, 0, 0, 1, 0, 0, 2, 0, 0, 1, 0, 0, 3, 0, 1, 0, 2, 0, 0, 3, 0, 1, 1, 0, 0, 0, 0, 1, 3, 0, 0, 1, 0, 2, 0, 0, 0, 0, 0, 1, 0, 1, 0, 1, 1, 0, 2, 0, 0, 0, 0, 0, 0, 0, 2, 0, 0, 1, 0, 0, 1, 0, 0, 3, 0, 0, 1, 2, 2, 0, 0, 0, 3, 0, 1, 0, 1, 0, 3, 1, 0, 0, 0, 0, 0],910.6016522559228,48196.44872629531,105119.71286620182,false
61,G3_TWC,G3_TWC,[31, 22, 42, 15, 26, 58, 95, 82, 77, 12, 47, 5, 93, 78, 98, 54, 85, 63, 18, 44, 20, 35, 43, 97, 91, 76, 10, 30, 21, 45, 71, 64, 1, 23, 17, 83, 24, 61, 60, 49, 6, 57, 94, 88, 65, 56, 79, 40, 67, 68, 46, 75, 0, 9, 19, 32, 81, 41, 27, 62, 87, 90, 99, 59, 53, 16, 72, 73, 70, 39, 37, 84, 3, 92, 25, 74, 28, 38, 51, 7, 11, 14, 34, 48, 89, 66, 50, 96, 33, 80, 8, 4, 86, 36, 2, 52, 13, 29, 69, 55]|[1, 1, 0, 1, 1, 1, 2, 1, 2, 1, 2, 2, 2, 1, 1, 0, 0, 1, 0, 2, 2, 0, 1, 2, 0, 1, 2, 2, 0, 0, 1, 2, 1, 0, 1, 0, 2, 0, 1, 1, 0, 1, 1, 1, 0, 2, 1, 1, 0, 0, 0, 0, 1, 1, 0, 1, 2, 0, 0, 0, 2, 1, 0, 1, 0, 1, 2, 1, 1, 1, 1, 1, 2, 0, 1, 2, 0, 0, 0, 1, 0, 1, 2, 0, 1, 0, 0, 0, 2, 0, 1, 0, 0, 0, 0, 1, 0, 0, 1, 1]|[4, 3, 2, 2, 0, 0, 2, 2, 2, 4, 1, 1, 2, 4, 4, 1, 1, 4, 2, 1, 1, 1, 1, 2, 1, 2, 1, 1, 1, 1, 3, 2, 3, 0, 4, 0, 1, 1, 0, 3, 2, 2, 4, 0, 1, 1, 3, 2, 0, 1, 2, 2, 1, 4, 2, 3, 2, 1, 1, 2, 1, 3, 1, 1, 2, 3, 0, 4, 3, 1, 4, 1, 1, 2, 4, 1, 2, 1, 1, 3, 2, 3, 1, 1, 1, 1, 1, 1, 1, 1, 3, 2, 1, 1, 2, 1, 2, 2, 3, 4]|[0, 2, 1, 1, 3, 3, 0, 1, 0, 0, 0, 0, 1, 0, 1, 0, 0, 3, 1, 0, 0, 0, 3, 1, 0, 2, 0, 0, 0, 1, 0, 0, 0, 0, 3, 0, 1, 0, 0, 2, 1, 1, 2, 0, 0, 0, 0, 1, 1, 0, 0, 0, 1, 3, 1, 0, 1, 0, 0, 1, 0, 2, 0, 1, 1, 2, 1, 0, 0, 1, 1, 3, 0, 1, 3, 0, 1, 0, 0, 2, 1, 0, 0, 0, 1, 0, 0, 0, 0, 0, 2, 1, 0, 1, 0, 1, 0, 0, 0, 3],872.1650162521609,57947.7929046089,85993.49946424144,false
62,G1_CMAX,G1_CMAX,[31, 22, 42, 15, 26, 58, 95, 82, 77, 12, 47, 5, 93, 78, 98, 85, 54, 63, 18, 44, 20, 35, 43, 97, 91, 10, 30, 21, 61, 71, 64, 1, 23, 17, 83, 24, 50, 60, 36, 6, 57, 94, 88, 65, 56, 79, 40, 67, 68, 46, 75, 38, 9, 19, 32, 81, 41, 27, 62, 87, 90, 99, 59, 11, 16, 72, 73, 70, 39, 37, 84, 76, 3, 92, 25, 74, 28, 7, 51, 29, 33, 14, 86, 66, 89, 45, 80, 96, 53, 4, 48, 2, 55, 49, 0, 52, 13, 8, 69, 34]|[1, 1, 1, 1, 1, 1, 2, 1, 2, 1, 2, 0, 2, 1, 1, 0, 0, 1, 0, 2, 2, 2, 1, 2, 0, 2, 2, 0, 0, 1, 2, 1, 2, 1, 0, 2, 0, 1, 1, 0, 1, 1, 1, 0, 2, 1, 1, 0, 0, 0, 0, 1, 1, 2, 1, 2, 2, 0, 0, 2, 1, 0, 1, 2, 1, 2, 1, 1, 1, 1, 1, 1, 2, 1, 1, 2, 0, 0, 0, 0, 2, 1, 2, 0, 1, 0, 0, 0, 0, 0, 2, 0, 1, 0, 0, 1, 0, 1, 2, 2]|[4, 3, 2, 2, 0, 0, 1, 2, 1, 4, 1, 0, 2, 4, 4, 1, 1, 4, 2, 1, 1, 0, 1, 2, 1, 1, 1, 1, 1, 3, 2, 3, 0, 4, 0, 1, 1, 0, 3, 2, 2, 4, 0, 1, 1, 0, 2, 0, 1, 2, 2, 1, 4, 0, 3, 2, 1, 1, 2, 1, 3, 1, 1, 1, 3, 0, 4, 3, 1, 4, 1, 2, 1, 4, 4, 1, 2, 1, 1, 1, 1, 3, 1, 1, 1, 1, 1, 1, 2, 2, 0, 2, 4, 1, 2, 1, 2, 3, 1, 1]|[2, 2, 1, 1, 3, 3, 0, 1, 0, 0, 0, 1, 1, 0, 1, 0, 0, 3, 1, 0, 0, 0, 3, 1, 0, 0, 0, 0, 1, 0, 0, 0, 0, 3, 0, 1, 0, 0, 2, 1, 1, 2, 0, 0, 0, 0, 1, 1, 0, 0, 0, 1, 3, 0, 0, 1, 0, 0, 1, 0, 2, 0, 1, 0, 2, 1, 0, 0, 1, 1, 3, 2, 0, 0, 3, 0, 1, 0, 0, 0, 0, 0, 0, 0, 1, 0, 0, 0, 1, 1, 1, 0, 3, 1, 0, 1, 0, 2, 0, 0],701.9269445084548,58814.16448267554,96724.70889609086,false
62,G4_BALANCED,G1_CMAX,[31, 22, 42, 15, 26, 58, 95, 82, 77, 12, 47, 5, 93, 78, 98, 54, 85, 63, 18, 44, 20, 35, 43, 97, 91, 76, 10, 30, 21, 45, 71, 64, 1, 23, 17, 83, 24, 61, 60, 36, 6, 57, 94, 88, 65, 56, 79, 40, 67, 68, 46, 75, 38, 9, 19, 32, 81, 41, 27, 62, 87, 90, 99, 59, 53, 16, 72, 73, 70, 39, 37, 84, 3, 92, 25, 55, 28, 29, 51, 7, 11, 14, 86, 66, 89, 50, 48, 96, 33, 80, 4, 8, 74, 49, 0, 52, 13, 2, 69, 34]|[1, 1, 0, 1, 1, 1, 2, 1, 2, 1, 2, 2, 2, 1, 1, 0, 0, 1, 0, 2, 2, 0, 1, 2, 0, 1, 2, 2, 0, 0, 1, 2, 1, 2, 1, 0, 2, 1, 1, 1, 0, 1, 1, 1, 0, 2, 1, 1, 0, 0, 0, 0, 1, 1, 2, 1, 2, 2, 0, 0, 2, 1, 0, 1, 2, 1, 2, 1, 1, 1, 1, 1, 2, 0, 1, 1, 0, 0, 0, 1, 0, 1, 0, 2, 1, 0, 0, 2, 2, 0, 1, 1, 2, 0, 0, 1, 0, 0, 1, 2]|[4, 3, 2, 2, 0, 0, 2, 2, 2, 4, 1, 1, 2, 4, 4, 1, 1, 4, 2, 1, 1, 1, 1, 2, 1, 2, 1, 1, 1, 1, 3, 2, 3, 0, 4, 0, 1, 3, 0, 3, 2, 2, 4, 0, 1, 1, 3, 2, 0, 1, 2, 2, 1, 4, 0, 3, 2, 1, 1, 2, 1, 3, 1, 1, 1, 3, 0, 4, 3, 1, 4, 1, 1, 2, 4, 4, 2, 1, 1, 3, 2, 3, 1, 1, 1, 1, 1, 1, 1, 1, 4, 3, 1, 1, 2, 1, 2, 2, 4, 1]|[0, 2, 1, 1, 3, 3, 0, 1, 0, 0, 0, 0, 1, 0, 1, 0, 0, 3, 1, 0, 0, 0, 3, 1, 0, 2, 0, 0, 0, 1, 0, 0, 0, 0, 3, 0, 1, 0, 0, 2, 1, 1, 2, 0, 0, 0, 0, 1, 1, 0, 0, 0, 1, 3, 0, 0, 1, 0, 0, 1, 0, 2, 0, 1, 0, 2, 1, 0, 0, 1, 1, 3, 0, 1, 3, 3, 1, 0, 0, 2, 1, 0, 0, 0, 1, 0, 0, 0, 0, 0, 0, 2, 0, 1, 0, 1, 0, 0, 2, 0],728.5004367423115,56969.171099257095,91715.9624816939,true
62,G2_TEC,G2_TEC,[20, 94, 66, 15, 26, 9, 95, 42, 77, 68, 47, 5, 3, 14, 86, 54, 85, 63, 18, 44, 31, 49, 36, 78, 74, 50, 53, 17, 21, 28, 11, 64, 93, 23, 30, 83, 24, 41, 40, 52, 65, 27, 90, 70, 39, 87, 48, 69, 99, 4, 46, 1, 13, 56, 97, 59, 45, 8, 73, 37, 35, 79, 71, 82, 76, 32, 60, 80, 58, 6, 67, 61, 33, 7, 57, 34, 12, 16, 10, 22, 96, 88, 43, 81, 91, 2, 84, 29, 92, 19, 51, 89, 38, 25, 72, 75, 98, 62, 55, 0]|[2, 1, 2, 1, 1, 2, 1, 1, 1, 1, 1, 0, 2, 2, 1, 2, 0, 0, 0, 2, 2, 1, 0, 2, 0, 2, 2, 1, 0, 1, 1, 1, 0, 0, 1, 0, 2, 1, 2, 2, 0, 0, 1, 1, 0, 2, 0, 2, 1, 0, 0, 2, 0, 2, 2, 0, 1, 1, 0, 0, 2, 1, 1, 2, 2, 0, 2, 2, 2, 1, 2, 1, 1, 2, 0, 1, 1, 2, 1, 2, 0, 1, 1, 1, 1, 0, 0, 1, 0, 1, 1, 1, 0, 1, 1, 0, 2, 1, 0, 0]|[1, 3, 1, 3, 4, 1, 4, 4, 4, 4, 3, 2, 1, 0, 2, 1, 1, 1, 2, 1, 1, 3, 0, 1, 0, 1, 1, 4, 1, 4, 3, 2, 2, 0, 4, 1, 1, 4, 1, 1, 2, 1, 4, 4, 1, 1, 0, 1, 3, 2, 2, 1, 2, 1, 1, 2, 4, 3, 0, 2, 1, 3, 3, 1, 1, 2, 1, 1, 1, 4, 1, 3, 4, 1, 2, 4, 3, 1, 3, 1, 2, 4, 4, 4, 3, 2, 2, 3, 2, 4, 3, 4, 2, 4, 4, 2, 1, 3, 2, 2]|[0, 2, 0, 0, 3, 0, 1, 3, 1, 0, 2, 0, 1, 0, 1, 0, 0, 0, 1, 0, 0, 2, 0, 0, 1, 0, 0, 3, 0, 1, 0, 2, 0, 0, 3, 0, 1, 1, 0, 0, 0, 0, 1, 3, 0, 0, 1, 0, 2, 0, 0, 0, 0, 0, 1, 0, 1, 0, 1, 1, 0, 2, 0, 0, 0, 0, 0, 0, 0, 2, 0, 0, 1, 0, 0, 1, 0, 0, 3, 0, 0, 1, 2, 2, 0, 0, 0, 3, 0, 1, 0, 1, 0, 3, 1, 0, 0, 0, 0, 0],910.6016522559228,48196.44872629531,105119.71286620182,false
62,G3_TWC,G3_TWC,[31, 22, 42, 15, 26, 58, 95, 82, 77, 12, 47, 5, 93, 78, 98, 54, 85, 63, 18, 44, 20, 35, 43, 97, 91, 76, 10, 30, 21, 45, 71, 64, 1, 23, 17, 83, 24, 61, 60, 49, 6, 57, 94, 88, 65, 56, 79, 40, 67, 68, 46, 75, 0, 9, 19, 32, 81, 41, 27, 62, 87, 90, 99, 59, 53, 16, 72, 73, 70, 39, 37, 84, 3, 92, 25, 74, 28, 38, 51, 7, 11, 14, 34, 48, 89, 66, 50, 96, 33, 80, 8, 4, 86, 36, 2, 52, 13, 29, 69, 55]|[1, 1, 0, 1, 1, 1, 2, 1, 2, 1, 2, 2, 2, 1, 1, 0, 0, 1, 0, 2, 2, 0, 1, 2, 0, 1, 2, 2, 0, 0, 1, 2, 1, 0, 1, 0, 2, 0, 1, 1, 0, 1, 1, 1, 0, 2, 1, 1, 0, 0, 0, 0, 1, 1, 0, 1, 2, 0, 0, 0, 2, 1, 0, 1, 0, 1, 2, 1, 1, 1, 1, 1, 2, 0, 1, 2, 0, 0, 0, 1, 0, 1, 2, 0, 1, 0, 0, 0, 2, 0, 1, 0, 0, 0, 0, 1, 0, 0, 1, 1]|[4, 3, 2, 2, 0, 0, 2, 2, 2, 4, 1, 1, 2, 4, 4, 1, 1, 4, 2, 1, 1, 1, 1, 2, 1, 2, 1, 1, 1, 1, 3, 2, 3, 0, 4, 0, 1, 1, 0, 3, 2, 2, 4, 0, 1, 1, 3, 2, 0, 1, 2, 2, 1, 4, 2, 3, 2, 1, 1, 2, 1, 3, 1, 1, 2, 3, 0, 4, 3, 1, 4, 1, 1, 2, 4, 1, 2, 1, 1, 3, 2, 3, 1, 1, 1, 1, 1, 1, 1, 1, 3, 2, 1, 1, 2, 1, 2, 2, 3, 4]|[0, 2, 1, 1, 3, 3, 0, 1, 0, 0, 0, 0, 1, 0, 1, 0, 0, 3, 1, 0, 0, 0, 3, 1, 0, 2, 0, 0, 0, 1, 0, 0, 0, 0, 3, 0, 1, 0, 0, 2, 1, 1, 2, 0, 0, 0, 0, 1, 1, 0, 0, 0, 1, 3, 1, 0, 1, 0, 0, 1, 0, 2, 0, 1, 1, 2, 1, 0, 0, 1, 1, 3, 0, 1, 3, 0, 1, 0, 0, 2, 1, 0, 0, 0, 1, 0, 0, 0, 0, 0, 2, 1, 0, 1, 0, 1, 0, 0, 0, 3],872.1650162521609,57947.7929046089,85993.49946424144,false
62,G1_CMAX,G3_TWC,[31, 22, 42, 15, 26, 58, 95, 82, 77, 12, 47, 5, 93, 78, 98, 54, 85, 63, 18, 44, 20, 35, 43, 97, 91, 76, 10, 30, 21, 45, 71, 64, 1, 23, 17, 83, 24, 61, 60, 49, 6, 57, 94, 88, 65, 56, 79, 40, 67, 68, 46, 75, 38, 9, 19, 32, 81, 41, 27, 62, 87, 90, 99, 59, 53, 16, 72, 73, 70, 39, 37, 84, 3, 92, 25, 74, 28, 29, 51, 7, 11, 14, 86, 66, 89, 50, 48, 96, 33, 80, 4, 8, 34, 0, 55, 52, 13, 2, 69, 36]|[1, 1, 0, 1, 1, 1, 2, 1, 2, 1, 2, 2, 2, 1, 1, 0, 0, 1, 0, 2, 2, 0, 1, 2, 0, 1, 2, 2, 0, 0, 1, 2, 1, 0, 1, 0, 2, 0, 1, 1, 0, 1, 1, 1, 0, 2, 1, 1, 0, 0, 0, 0, 1, 1, 2, 1, 2, 0, 0, 0, 2, 1, 0, 1, 0, 1, 2, 1, 1, 1, 1, 1, 2, 0, 1, 2, 0, 0, 0, 1, 2, 1, 0, 2, 1, 0, 0, 2, 2, 0, 0, 1, 2, 0, 1, 1, 0, 0, 1, 0]|[4, 3, 2, 2, 0, 0, 2, 2, 2, 4, 1, 1, 2, 4, 4, 1, 1, 4, 2, 1, 1, 1, 1, 2, 1, 2, 1, 1, 1, 1, 3, 2, 3, 0, 4, 0, 1, 1, 0, 3, 2, 2, 4, 0, 1, 1, 3, 2, 0, 1, 2, 2, 1, 4, 0, 3, 2, 1, 1, 2, 1, 3, 1, 1, 2, 3, 0, 4, 3, 1, 4, 1, 1, 2, 4, 1, 2, 1, 1, 3, 1, 3, 1, 1, 1, 1, 1, 1, 1, 1, 2, 3, 1, 2, 4, 1, 2, 2, 3, 1]|[0, 2, 1, 1, 3, 3, 0, 1, 0, 0, 0, 0, 1, 0, 1, 0, 0, 3, 1, 0, 0, 0, 3, 1, 0, 2, 0, 0, 0, 1, 0, 0, 0, 0, 3, 0, 1, 0, 0, 2, 1, 1, 2, 0, 0, 0, 0, 1, 1, 0, 0, 0, 1, 3, 0, 0, 1, 0, 0, 1, 0, 2, 0, 1, 1, 2, 1, 0, 0, 1, 1, 3, 0, 1, 3, 0, 1, 0, 0, 2, 0, 0, 0, 0, 1, 0, 0, 0, 0, 0, 1, 2, 0, 0, 3, 1, 0, 0, 0, 1],776.8014574687213,57337.89426688731,87368.31945374951,true
62,G4_BALANCED,G1_CMAX,[31, 22, 42, 15, 26, 58, 95, 82, 77, 12, 47, 5, 93, 78, 98, 54, 85, 63, 18, 44, 20, 35, 43, 97, 91, 76, 10, 30, 21, 45, 71, 64, 1, 23, 17, 83, 24, 61, 60, 36, 6, 57, 94, 88, 65, 56, 79, 40, 67, 68, 46, 75, 38, 9, 19, 32, 81, 41, 27, 62, 87, 90, 99, 59, 53, 16, 72, 73, 70, 39, 37, 84, 3, 92, 25, 55, 28, 29, 51, 7, 11, 14, 86, 66, 89, 50, 48, 96, 33, 80, 4, 8, 74, 49, 0, 52, 13, 2, 69, 34]|[1, 1, 0, 1, 1, 1, 2, 1, 2, 1, 2, 2, 2, 1, 1, 0, 0, 1, 0, 2, 2, 0, 1, 2, 0, 1, 2, 2, 0, 0, 1, 2, 1, 2, 1, 0, 2, 1, 1, 1, 0, 1, 1, 1, 0, 2, 1, 1, 0, 0, 0, 0, 1, 1, 2, 1, 2, 2, 0, 0, 2, 1, 0, 1, 2, 1, 2, 1, 1, 1, 1, 1, 2, 0, 1, 1, 0, 0, 0, 1, 0, 1, 0, 2, 1, 0, 0, 2, 2, 0, 1, 1, 2, 0, 0, 1, 0, 0, 1, 2]|[4, 3, 2, 2, 0, 0, 2, 2, 2, 4, 1, 1, 2, 4, 4, 1, 1, 4, 2, 1, 1, 1, 1, 2, 1, 2, 1, 1, 1, 1, 3, 2, 3, 0, 4, 0, 1, 3, 0, 3, 2, 2, 4, 0, 1, 1, 3, 2, 0, 1, 2, 2, 1, 4, 0, 3, 2, 1, 1, 2, 1, 3, 1, 1, 1, 3, 0, 4, 3, 1, 4, 1, 1, 2, 4, 4, 2, 1, 1, 3, 2, 3, 1, 1, 1, 1, 1, 1, 1, 1, 4, 3, 1, 1, 2, 1, 2, 2, 4, 1]|[0, 2, 1, 1, 3, 3, 0, 1, 0, 0, 0, 0, 1, 0, 1, 0, 0, 3, 1, 0, 0, 0, 3, 1, 0, 2, 0, 0, 0, 1, 0, 0, 0, 0, 3, 0, 1, 0, 0, 2, 1, 1, 2, 0, 0, 0, 0, 1, 1, 0, 0, 0, 1, 3, 0, 0, 1, 0, 0, 1, 0, 2, 0, 1, 0, 2, 1, 0, 0, 1, 1, 3, 0, 1, 3, 3, 1, 0, 0, 2, 1, 0, 0, 0, 1, 0, 0, 0, 0, 0, 0, 2, 0, 1, 0, 1, 0, 0, 2, 0],728.5004367423115,56969.171099257095,91715.9624816939,true
62,G2_TEC,G2_TEC,[20, 94, 66, 15, 26, 9, 95, 42, 77, 68, 47, 5, 3, 14, 86, 54, 85, 63, 18, 44, 31, 49, 36, 78, 74, 50, 53, 17, 21, 28, 11, 64, 93, 23, 30, 83, 24, 41, 40, 52, 65, 27, 90, 70, 39, 87, 48, 69, 99, 4, 46, 1, 13, 56, 97, 59, 45, 8, 73, 37, 35, 79, 71, 82, 76, 32, 60, 80, 58, 6, 67, 61, 33, 7, 57, 34, 12, 16, 10, 22, 96, 88, 43, 81, 91, 2, 84, 29, 92, 19, 51, 89, 38, 25, 72, 75, 98, 62, 55, 0]|[2, 1, 2, 1, 1, 2, 1, 1, 1, 1, 1, 0, 2, 2, 1, 2, 0, 0, 0, 2, 2, 1, 0, 2, 0, 2, 2, 1, 0, 1, 1, 1, 0, 0, 1, 0, 2, 1, 2, 2, 0, 0, 1, 1, 0, 2, 0, 2, 1, 0, 0, 2, 0, 2, 2, 0, 1, 1, 0, 0, 2, 1, 1, 2, 2, 0, 2, 2, 2, 1, 2, 1, 1, 2, 0, 1, 1, 2, 1, 2, 0, 1, 1, 1, 1, 0, 0, 1, 0, 1, 1, 1, 0, 1, 1, 0, 2, 1, 0, 0]|[1, 3, 1, 3, 4, 1, 4, 4, 4, 4, 3, 2, 1, 0, 2, 1, 1, 1, 2, 1, 1, 3, 0, 1, 0, 1, 1, 4, 1, 4, 3, 2, 2, 0, 4, 1, 1, 4, 1, 1, 2, 1, 4, 4, 1, 1, 0, 1, 3, 2, 2, 1, 2, 1, 1, 2, 4, 3, 0, 2, 1, 3, 3, 1, 1, 2, 1, 1, 1, 4, 1, 3, 4, 1, 2, 4, 3, 1, 3, 1, 2, 4, 4, 4, 3, 2, 2, 3, 2, 4, 3, 4, 2, 4, 4, 2, 1, 3, 2, 2]|[0, 2, 0, 0, 3, 0, 1, 3, 1, 0, 2, 0, 1, 0, 1, 0, 0, 0, 1, 0, 0, 2, 0, 0, 1, 0, 0, 3, 0, 1, 0, 2, 0, 0, 3, 0, 1, 1, 0, 0, 0, 0, 1, 3, 0, 0, 1, 0, 2, 0, 0, 0, 0, 0, 1, 0, 1, 0, 1, 1, 0, 2, 0, 0, 0, 0, 0, 0, 0, 2, 0, 0, 1, 0, 0, 1, 0, 0, 3, 0, 0, 1, 2, 2, 0, 0, 0, 3, 0, 1, 0, 1, 0, 3, 1, 0, 0, 0, 0, 0],910.6016522559228,48196.44872629531,105119.71286620182,false
62,G3_TWC,G3_TWC,[31, 22, 42, 15, 26, 58, 95, 82, 77, 12, 47, 5, 93, 78, 98, 54, 85, 63, 18, 44, 20, 35, 43, 97, 91, 76, 10, 30, 21, 45, 71, 64, 1, 23, 17, 83, 24, 61, 60, 49, 6, 57, 94, 88, 65, 56, 79, 40, 67, 68, 46, 75, 0, 9, 19, 32, 81, 41, 27, 62, 87, 90, 99, 59, 53, 16, 72, 73, 70, 39, 37, 84, 3, 92, 25, 74, 28, 38, 51, 7, 11, 14, 34, 48, 89, 66, 50, 96, 33, 80, 8, 4, 86, 36, 2, 52, 13, 29, 69, 55]|[1, 1, 0, 1, 1, 1, 2, 1, 2, 1, 2, 2, 2, 1, 1, 0, 0, 1, 0, 2, 2, 0, 1, 2, 0, 1, 2, 2, 0, 0, 1, 2, 1, 0, 1, 0, 2, 0, 1, 1, 0, 1, 1, 1, 0, 2, 1, 1, 0, 0, 0, 0, 1, 1, 0, 1, 2, 0, 0, 0, 2, 1, 0, 1, 0, 1, 2, 1, 1, 1, 1, 1, 2, 0, 1, 2, 0, 0, 0, 1, 0, 1, 2, 0, 1, 0, 0, 0, 2, 0, 1, 0, 0, 0, 0, 1, 0, 0, 1, 1]|[4, 3, 2, 2, 0, 0, 2, 2, 2, 4, 1, 1, 2, 4, 4, 1, 1, 4, 2, 1, 1, 1, 1, 2, 1, 2, 1, 1, 1, 1, 3, 2, 3, 0, 4, 0, 1, 1, 0, 3, 2, 2, 4, 0, 1, 1, 3, 2, 0, 1, 2, 2, 1, 4, 2, 3, 2, 1, 1, 2, 1, 3, 1, 1, 2, 3, 0, 4, 3, 1, 4, 1, 1, 2, 4, 1, 2, 1, 1, 3, 2, 3, 1, 1, 1, 1, 1, 1, 1, 1, 3, 2, 1, 1, 2, 1, 2, 2, 3, 4]|[0, 2, 1, 1, 3, 3, 0, 1, 0, 0, 0, 0, 1, 0, 1, 0, 0, 3, 1, 0, 0, 0, 3, 1, 0, 2, 0, 0, 0, 1, 0, 0, 0, 0, 3, 0, 1, 0, 0, 2, 1, 1, 2, 0, 0, 0, 0, 1, 1, 0, 0, 0, 1, 3, 1, 0, 1, 0, 0, 1, 0, 2, 0, 1, 1, 2, 1, 0, 0, 1, 1, 3, 0, 1, 3, 0, 1, 0, 0, 2, 1, 0, 0, 0, 1, 0, 0, 0, 0, 0, 2, 1, 0, 1, 0, 1, 0, 0, 0, 3],872.1650162521609,57947.7929046089,85993.49946424144,false
62,G1_CMAX,G1_CMAX,[31, 22, 42, 15, 26, 58, 95, 82, 77, 12, 47, 5, 93, 78, 98, 54, 85, 63, 18, 44, 20, 35, 43, 97, 91, 76, 10, 30, 21, 45, 71, 64, 1, 23, 17, 83, 24, 61, 60, 49, 6, 57, 94, 88, 65, 56, 79, 40, 67, 68, 46, 75, 0, 9, 19, 32, 81, 41, 27, 62, 87, 90, 99, 59, 11, 16, 72, 73, 70, 39, 37, 84, 3, 92, 25, 74, 28, 29, 51, 7, 33, 14, 86, 48, 89, 50, 55, 96, 53, 80, 4, 2, 66, 36, 38, 52, 13, 8, 69, 34]|[1, 1, 0, 1, 1, 1, 2, 1, 2, 1, 2, 2, 2, 1, 1, 0, 0, 1, 0, 2, 2, 0, 1, 2, 0, 1, 2, 2, 0, 0, 1, 2, 1, 0, 1, 0, 2, 0, 1, 1, 0, 1, 1, 1, 0, 2, 1, 1, 0, 0, 0, 0, 1, 1, 2, 1, 2, 0, 0, 0, 2, 1, 0, 1, 2, 1, 2, 1, 1, 1, 1, 1, 2, 0, 1, 1, 0, 0, 0, 1, 2, 1, 0, 0, 1, 0, 1, 2, 0, 0, 0, 0, 2, 1, 1, 1, 0, 1, 1, 2]|[4, 3, 2, 2, 0, 0, 2, 2, 2, 4, 1, 1, 2, 4, 4, 1, 1, 4, 2, 1, 1, 1, 1, 2, 1, 2, 1, 1, 1, 1, 3, 2, 3, 0, 4, 0, 1, 1, 0, 3, 2, 2, 4, 0, 1, 1, 3, 2, 0, 1, 2, 2, 1, 4, 0, 3, 2, 1, 1, 2, 1, 3, 1, 1, 1, 3, 0, 4, 3, 1, 4, 1, 1, 2, 4, 4, 2, 1, 1, 3, 1, 3, 1, 1, 1, 1, 4, 1, 2, 1, 2, 2, 1, 3, 1, 1, 2, 3, 3, 1]|[0, 2, 1, 1, 3, 3, 0, 1, 0, 0, 0, 0, 1, 0, 1, 0, 0, 3, 1, 0, 0, 0, 3, 1, 0, 2, 0, 0, 0, 1, 0, 0, 0, 0, 3, 0, 1, 0, 0, 2, 1, 1, 2, 0, 0, 0, 0, 1, 1, 0, 0, 0, 1, 3, 0, 0, 1, 0, 0, 1, 0, 2, 0, 1, 0, 2, 1, 0, 0, 1, 1, 3, 0, 1, 3, 3, 1, 0, 0, 2, 0, 0, 0, 0, 1, 0, 3, 0, 1, 0, 1, 0, 0, 2, 1, 1, 0, 2, 0, 0],751.0398133229195,57552.27788392921,89089.44259962172,false
62,G4_BALANCED,G1_CMAX,[31, 22, 42, 15, 26, 58, 95, 82, 77, 12, 47, 5, 93, 78, 98, 54, 85, 63, 18, 44, 20, 35, 43, 97, 91, 76, 10, 30, 21, 45, 71, 64, 1, 23, 17, 83, 24, 61, 60, 36, 6, 57, 94, 88, 65, 56, 79, 40, 67, 68, 46, 75, 38, 9, 19, 32, 81, 41, 27, 62, 87, 90, 99, 59, 53, 16, 72, 73, 70, 39, 37, 84, 3, 92, 25, 55, 28, 29, 51, 7, 11, 14, 86, 66, 89, 50, 48, 96, 33, 80, 4, 8, 74, 49, 0, 52, 13, 2, 69, 34]|[1, 1, 0, 1, 1, 1, 2, 1, 2, 1, 2, 2, 2, 1, 1, 0, 0, 1, 0, 2, 2, 0, 1, 2, 0, 1, 2, 2, 0, 0, 1, 2, 1, 2, 1, 0, 2, 1, 1, 1, 0, 1, 1, 1, 0, 2, 1, 1, 0, 0, 0, 0, 1, 1, 2, 1, 2, 2, 0, 0, 2, 1, 0, 1, 2, 1, 2, 1, 1, 1, 1, 1, 2, 0, 1, 1, 0, 0, 0, 1, 0, 1, 0, 2, 1, 0, 0, 2, 2, 0, 1, 1, 2, 0, 0, 1, 0, 0, 1, 2]|[4, 3, 2, 2, 0, 0, 2, 2, 2, 4, 1, 1, 2, 4, 4, 1, 1, 4, 2, 1, 1, 1, 1, 2, 1, 2, 1, 1, 1, 1, 3, 2, 3, 0, 4, 0, 1, 3, 0, 3, 2, 2, 4, 0, 1, 1, 3, 2, 0, 1, 2, 2, 1, 4, 0, 3, 2, 1, 1, 2, 1, 3, 1, 1, 1, 3, 0, 4, 3, 1, 4, 1, 1, 2, 4, 4, 2, 1, 1, 3, 2, 3, 1, 1, 1, 1, 1, 1, 1, 1, 4, 3, 1, 1, 2, 1, 2, 2, 4, 1]|[0, 2, 1, 1, 3, 3, 0, 1, 0, 0, 0, 0, 1, 0, 1, 0, 0, 3, 1, 0, 0, 0, 3, 1, 0, 2, 0, 0, 0, 1, 0, 0, 0, 0, 3, 0, 1, 0, 0, 2, 1, 1, 2, 0, 0, 0, 0, 1, 1, 0, 0, 0, 1, 3, 0, 0, 1, 0, 0, 1, 0, 2, 0, 1, 0, 2, 1, 0, 0, 1, 1, 3, 0, 1, 3, 3, 1, 0, 0, 2, 1, 0, 0, 0, 1, 0, 0, 0, 0, 0, 0, 2, 0, 1, 0, 1, 0, 0, 2, 0],728.5004367423115,56969.171099257095,91715.9624816939,true
62,G2_TEC,G2_TEC,[20, 94, 66, 15, 26, 9, 95, 42, 77, 68, 47, 5, 3, 14, 86, 54, 85, 63, 18, 44, 31, 49, 36, 78, 74, 50, 53, 17, 21, 28, 11, 64, 93, 23, 30, 83, 24, 41, 40, 52, 65, 27, 90, 70, 39, 87, 48, 69, 99, 4, 46, 1, 13, 56, 97, 59, 45, 8, 73, 37, 35, 79, 71, 82, 76, 32, 60, 80, 58, 6, 67, 61, 33, 7, 57, 34, 12, 16, 10, 22, 96, 88, 43, 81, 91, 2, 84, 29, 92, 19, 51, 89, 38, 25, 72, 75, 98, 62, 55, 0]|[2, 1, 2, 1, 1, 2, 1, 1, 1, 1, 1, 0, 2, 2, 1, 2, 0, 0, 0, 2, 2, 1, 0, 2, 0, 2, 2, 1, 0, 1, 1, 1, 0, 0, 1, 0, 2, 1, 2, 2, 0, 0, 1, 1, 0, 2, 0, 2, 1, 0, 0, 2, 0, 2, 2, 0, 1, 1, 0, 0, 2, 1, 1, 2, 2, 0, 2, 2, 2, 1, 2, 1, 1, 2, 0, 1, 1, 2, 1, 2, 0, 1, 1, 1, 1, 0, 0, 1, 0, 1, 1, 1, 0, 1, 1, 0, 2, 1, 0, 0]|[1, 3, 1, 3, 4, 1, 4, 4, 4, 4, 3, 2, 1, 0, 2, 1, 1, 1, 2, 1, 1, 3, 0, 1, 0, 1, 1, 4, 1, 4, 3, 2, 2, 0, 4, 1, 1, 4, 1, 1, 2, 1, 4, 4, 1, 1, 0, 1, 3, 2, 2, 1, 2, 1, 1, 2, 4, 3, 0, 2, 1, 3, 3, 1, 1, 2, 1, 1, 1, 4, 1, 3, 4, 1, 2, 4, 3, 1, 3, 1, 2, 4, 4, 4, 3, 2, 2, 3, 2, 4, 3, 4, 2, 4, 4, 2, 1, 3, 2, 2]|[0, 2, 0, 0, 3, 0, 1, 3, 1, 0, 2, 0, 1, 0, 1, 0, 0, 0, 1, 0, 0, 2, 0, 0, 1, 0, 0, 3, 0, 1, 0, 2, 0, 0, 3, 0, 1, 1, 0, 0, 0, 0, 1, 3, 0, 0, 1, 0, 2, 0, 0, 0, 0, 0, 1, 0, 1, 0, 1, 1, 0, 2, 0, 0, 0, 0, 0, 0, 0, 2, 0, 0, 1, 0, 0, 1, 0, 0, 3, 0, 0, 1, 2, 2, 0, 0, 0, 3, 0, 1, 0, 1, 0, 3, 1, 0, 0, 0, 0, 0],910.6016522559228,48196.44872629531,105119.71286620182,false
62,G3_TWC,G3_TWC,[31, 22, 42, 15, 26, 58, 95, 82, 77, 12, 47, 5, 93, 78, 98, 54, 85, 63, 18, 44, 20, 35, 43, 97, 91, 76, 10, 30, 21, 45, 71, 64, 1, 23, 17, 83, 24, 61, 60, 49, 6, 57, 94, 88, 65, 56, 79, 40, 67, 68, 46, 75, 0, 9, 19, 32, 81, 41, 27, 62, 87, 90, 99, 59, 53, 16, 72, 73, 70, 39, 37, 84, 3, 92, 25, 74, 28, 38, 51, 7, 11, 14, 34, 48, 89, 66, 50, 96, 33, 80, 8, 4, 86, 36, 2, 52, 13, 29, 69, 55]|[1, 1, 0, 1, 1, 1, 2, 1, 2, 1, 2, 2, 2, 1, 1, 0, 0, 1, 0, 2, 2, 0, 1, 2, 0, 1, 2, 2, 0, 0, 1, 2, 1, 0, 1, 0, 2, 0, 1, 1, 0, 1, 1, 1, 0, 2, 1, 1, 0, 0, 0, 0, 1, 1, 0, 1, 2, 0, 0, 0, 2, 1, 0, 1, 0, 1, 2, 1, 1, 1, 1, 1, 2, 0, 1, 2, 0, 0, 0, 1, 0, 1, 2, 0, 1, 0, 0, 0, 2, 0, 1, 0, 0, 0, 0, 1, 0, 0, 1, 1]|[4, 3, 2, 2, 0, 0, 2, 2, 2, 4, 1, 1, 2, 4, 4, 1, 1, 4, 2, 1, 1, 1, 1, 2, 1, 2, 1, 1, 1, 1, 3, 2, 3, 0, 4, 0, 1, 1, 0, 3, 2, 2, 4, 0, 1, 1, 3, 2, 0, 1, 2, 2, 1, 4, 2, 3, 2, 1, 1, 2, 1, 3, 1, 1, 2, 3, 0, 4, 3, 1, 4, 1, 1, 2, 4, 1, 2, 1, 1, 3, 2, 3, 1, 1, 1, 1, 1, 1, 1, 1, 3, 2, 1, 1, 2, 1, 2, 2, 3, 4]|[0, 2, 1, 1, 3, 3, 0, 1, 0, 0, 0, 0, 1, 0, 1, 0, 0, 3, 1, 0, 0, 0, 3, 1, 0, 2, 0, 0, 0, 1, 0, 0, 0, 0, 3, 0, 1, 0, 0, 2, 1, 1, 2, 0, 0, 0, 0, 1, 1, 0, 0, 0, 1, 3, 1, 0, 1, 0, 0, 1, 0, 2, 0, 1, 1, 2, 1, 0, 0, 1, 1, 3, 0, 1, 3, 0, 1, 0, 0, 2, 1, 0, 0, 0, 1, 0, 0, 0, 0, 0, 2, 1, 0, 1, 0, 1, 0, 0, 0, 3],872.1650162521609,57947.7929046089,85993.49946424144,false
62,G1_CMAX,G4_BALANCED,[31, 22, 82, 15, 26, 58, 95, 42, 77, 12, 47, 5, 93, 78, 86, 54, 85, 63, 18, 44, 20, 35, 43, 97, 91, 76, 10, 30, 21, 45, 71, 64, 1, 23, 17, 83, 24, 14, 60, 36, 6, 57, 40, 88, 65, 56, 79, 94, 67, 68, 46, 29, 38, 9, 19, 32, 81, 41, 27, 87, 90, 62, 99, 59, 11, 16, 72, 73, 70, 39, 37, 84, 3, 92, 25, 55, 28, 75, 51, 7, 66, 61, 98, 8, 89, 50, 33, 96, 49, 48, 80, 4, 34, 53, 52, 0, 13, 2, 69, 74]|[1, 1, 0, 1, 1, 0, 2, 2, 2, 1, 2, 2, 2, 1, 1, 0, 0, 1, 0, 2, 2, 0, 1, 2, 0, 1, 2, 2, 0, 0, 1, 2, 1, 2, 1, 0, 2, 0, 1, 1, 0, 1, 1, 1, 0, 2, 1, 1, 0, 0, 0, 0, 1, 1, 2, 1, 2, 0, 0, 2, 1, 2, 0, 2, 2, 1, 2, 1, 1, 1, 1, 1, 1, 0, 1, 2, 0, 0, 0, 1, 2, 1, 1, 0, 1, 0, 2, 2, 0, 0, 0, 1, 2, 0, 1, 0, 0, 0, 1, 2]|[4, 3, 2, 2, 4, 1, 2, 2, 2, 4, 1, 1, 2, 4, 4, 1, 1, 4, 2, 1, 1, 1, 1, 2, 1, 2, 1, 1, 1, 1, 3, 1, 3, 1, 4, 0, 1, 1, 0, 3, 2, 2, 2, 0, 1, 1, 0, 4, 0, 1, 2, 2, 1, 4, 0, 3, 1, 1, 1, 1, 3, 1, 1, 1, 1, 3, 1, 4, 3, 1, 4, 1, 1, 0, 4, 1, 2, 2, 1, 1, 1, 3, 4, 1, 1, 1, 1, 1, 1, 1, 1, 4, 1, 2, 1, 2, 2, 2, 4, 1]|[0, 2, 1, 1, 3, 0, 0, 0, 0, 0, 0, 0, 1, 0, 1, 0, 0, 3, 1, 0, 0, 0, 3, 1, 0, 2, 0, 0, 0, 0, 0, 0, 0, 0, 3, 0, 1, 0, 0, 2, 1, 1, 1, 0, 0, 0, 0, 2, 1, 0, 0, 0, 1, 3, 0, 0, 0, 0, 0, 0, 2, 0, 0, 0, 0, 2, 0, 0, 0, 1, 1, 3, 1, 1, 3, 0, 1, 0, 0, 2, 0, 0, 1, 0, 1, 0, 0, 0, 1, 0, 0, 0, 0, 1, 1, 0, 0, 0, 2, 0],864.9405069285402,54571.10517607824,102506.09960255667,true
62,G4_BALANCED,G1_CMAX,[31, 22, 42, 15, 26, 58, 95, 82, 77, 12, 47, 5, 93, 78, 98, 54, 85, 63, 18, 44, 20, 35, 43, 97, 91, 76, 10, 30, 21, 45, 71, 64, 1, 23, 17, 83, 24, 61, 60, 36, 6, 57, 94, 88, 65, 56, 79, 40, 67, 68, 46, 75, 38, 9, 19, 32, 81, 41, 27, 62, 87, 90, 99, 59, 53, 16, 72, 73, 70, 39, 37, 84, 3, 92, 25, 55, 28, 29, 51, 7, 11, 14, 86, 66, 89, 50, 48, 96, 33, 80, 4, 8, 74, 49, 0, 52, 13, 2, 69, 34]|[1, 1, 0, 1, 1, 1, 2, 1, 2, 1, 2, 2, 2, 1, 1, 0, 0, 1, 0, 2, 2, 0, 1, 2, 0, 1, 2, 2, 0, 0, 1, 2, 1, 2, 1, 0, 2, 1, 1, 1, 0, 1, 1, 1, 0, 2, 1, 1, 0, 0, 0, 0, 1, 1, 2, 1, 2, 2, 0, 0, 2, 1, 0, 1, 2, 1, 2, 1, 1, 1, 1, 1, 2, 0, 1, 1, 0, 0, 0, 1, 0, 1, 0, 2, 1, 0, 0, 2, 2, 0, 1, 1, 2, 0, 0, 1, 0, 0, 1, 2]|[4, 3, 2, 2, 0, 0, 2, 2, 2, 4, 1, 1, 2, 4, 4, 1, 1, 4, 2, 1, 1, 1, 1, 2, 1, 2, 1, 1, 1, 1, 3, 2, 3, 0, 4, 0, 1, 3, 0, 3, 2, 2, 4, 0, 1, 1, 3, 2, 0, 1, 2, 2, 1, 4, 0, 3, 2, 1, 1, 2, 1, 3, 1, 1, 1, 3, 0, 4, 3, 1, 4, 1, 1, 2, 4, 4, 2, 1, 1, 3, 2, 3, 1, 1, 1, 1, 1, 1, 1, 1, 4, 3, 1, 1, 2, 1, 2, 2, 4, 1]|[0, 2, 1, 1, 3, 3, 0, 1, 0, 0, 0, 0, 1, 0, 1, 0, 0, 3, 1, 0, 0, 0, 3, 1, 0, 2, 0, 0, 0, 1, 0, 0, 0, 0, 3, 0, 1, 0, 0, 2, 1, 1, 2, 0, 0, 0, 0, 1, 1, 0, 0, 0, 1, 3, 0, 0, 1, 0, 0, 1, 0, 2, 0, 1, 0, 2, 1, 0, 0, 1, 1, 3, 0, 1, 3, 3, 1, 0, 0, 2, 1, 0, 0, 0, 1, 0, 0, 0, 0, 0, 0, 2, 0, 1, 0, 1, 0, 0, 2, 0],728.5004367423115,56969.171099257095,91715.9624816939,true
62,G2_TEC,G2_TEC,[20, 94, 66, 15, 26, 9, 95, 42, 77, 68, 47, 5, 3, 14, 86, 54, 85, 63, 18, 44, 31, 49, 36, 78, 74, 50, 53, 17, 21, 28, 11, 64, 93, 23, 30, 83, 24, 41, 40, 52, 65, 27, 90, 70, 39, 87, 48, 69, 99, 4, 46, 1, 13, 56, 97, 59, 45, 8, 73, 37, 35, 79, 71, 82, 76, 32, 60, 80, 58, 6, 67, 61, 33, 7, 57, 34, 12, 16, 10, 22, 96, 88, 43, 81, 91, 2, 84, 29, 92, 19, 51, 89, 38, 25, 72, 75, 98, 62, 55, 0]|[2, 1, 2, 1, 1, 2, 1, 1, 1, 1, 1, 0, 2, 2, 1, 2, 0, 0, 0, 2, 2, 1, 0, 2, 0, 2, 2, 1, 0, 1, 1, 1, 0, 0, 1, 0, 2, 1, 2, 2, 0, 0, 1, 1, 0, 2, 0, 2, 1, 0, 0, 2, 0, 2, 2, 0, 1, 1, 0, 0, 2, 1, 1, 2, 2, 0, 2, 2, 2, 1, 2, 1, 1, 2, 0, 1, 1, 2, 1, 2, 0, 1, 1, 1, 1, 0, 0, 1, 0, 1, 1, 1, 0, 1, 1, 0, 2, 1, 0, 0]|[1, 3, 1, 3, 4, 1, 4, 4, 4, 4, 3, 2, 1, 0, 2, 1, 1, 1, 2, 1, 1, 3, 0, 1, 0, 1, 1, 4, 1, 4, 3, 2, 2, 0, 4, 1, 1, 4, 1, 1, 2, 1, 4, 4, 1, 1, 0, 1, 3, 2, 2, 1, 2, 1, 1, 2, 4, 3, 0, 2, 1, 3, 3, 1, 1, 2, 1, 1, 1, 4, 1, 3, 4, 1, 2, 4, 3, 1, 3, 1, 2, 4, 4, 4, 3, 2, 2, 3, 2, 4, 3, 4, 2, 4, 4, 2, 1, 3, 2, 2]|[0, 2, 0, 0, 3, 0, 1, 3, 1, 0, 2, 0, 1, 0, 1, 0, 0, 0, 1, 0, 0, 2, 0, 0, 1, 0, 0, 3, 0, 1, 0, 2, 0, 0, 3, 0, 1, 1, 0, 0, 0, 0, 1, 3, 0, 0, 1, 0, 2, 0, 0, 0, 0, 0, 1, 0, 1, 0, 1, 1, 0, 2, 0, 0, 0, 0, 0, 0, 0, 2, 0, 0, 1, 0, 0, 1, 0, 0, 3, 0, 0, 1, 2, 2, 0, 0, 0, 3, 0, 1, 0, 1, 0, 3, 1, 0, 0, 0, 0, 0],910.6016522559228,48196.44872629531,105119.71286620182,false
62,G3_TWC,G3_TWC,[31, 22, 42, 15, 26, 58, 95, 82, 77, 12, 47, 5, 93, 78, 98, 54, 85, 63, 18, 44, 20, 35, 43, 97, 91, 76, 10, 30, 21, 45, 71, 64, 1, 23, 17, 83, 24, 61, 60, 49, 6, 57, 94, 88, 65, 56, 79, 40, 67, 68, 46, 75, 0, 9, 19, 32, 81, 41, 27, 62, 87, 90, 99, 59, 53, 16, 72, 73, 70, 39, 37, 84, 3, 92, 25, 74, 28, 38, 51, 7, 11, 14, 34, 48, 89, 66, 50, 96, 33, 80, 8, 4, 86, 36, 2, 52, 13, 29, 69, 55]|[1, 1, 0, 1, 1, 1, 2, 1, 2, 1, 2, 2, 2, 1, 1, 0, 0, 1, 0, 2, 2, 0, 1, 2, 0, 1, 2, 2, 0, 0, 1, 2, 1, 0, 1, 0, 2, 0, 1, 1, 0, 1, 1, 1, 0, 2, 1, 1, 0, 0, 0, 0, 1, 1, 0, 1, 2, 0, 0, 0, 2, 1, 0, 1, 0, 1, 2, 1, 1, 1, 1, 1, 2, 0, 1, 2, 0, 0, 0, 1, 0, 1, 2, 0, 1, 0, 0, 0, 2, 0, 1, 0, 0, 0, 0, 1, 0, 0, 1, 1]|[4, 3, 2, 2, 0, 0, 2, 2, 2, 4, 1, 1, 2, 4, 4, 1, 1, 4, 2, 1, 1, 1, 1, 2, 1, 2, 1, 1, 1, 1, 3, 2, 3, 0, 4, 0, 1, 1, 0, 3, 2, 2, 4, 0, 1, 1, 3, 2, 0, 1, 2, 2, 1, 4, 2, 3, 2, 1, 1, 2, 1, 3, 1, 1, 2, 3, 0, 4, 3, 1, 4, 1, 1, 2, 4, 1, 2, 1, 1, 3, 2, 3, 1, 1, 1, 1, 1, 1, 1, 1, 3, 2, 1, 1, 2, 1, 2, 2, 3, 4]|[0, 2, 1, 1, 3, 3, 0, 1, 0, 0, 0, 0, 1, 0, 1, 0, 0, 3, 1, 0, 0, 0, 3, 1, 0, 2, 0, 0, 0, 1, 0, 0, 0, 0, 3, 0, 1, 0, 0, 2, 1, 1, 2, 0, 0, 0, 0, 1, 1, 0, 0, 0, 1, 3, 1, 0, 1, 0, 0, 1, 0, 2, 0, 1, 1, 2, 1, 0, 0, 1, 1, 3, 0, 1, 3, 0, 1, 0, 0, 2, 1, 0, 0, 0, 1, 0, 0, 0, 0, 0, 2, 1, 0, 1, 0, 1, 0, 0, 0, 3],872.1650162521609,57947.7929046089,85993.49946424144,false
62,G1_CMAX,G4_BALANCED,[31, 22, 42, 15, 26, 58, 95, 82, 77, 12, 47, 5, 93, 78, 98, 54, 85, 63, 18, 44, 20, 35, 43, 97, 91, 76, 10, 30, 21, 45, 71, 64, 1, 23, 17, 83, 24, 61, 60, 49, 6, 57, 94, 88, 65, 56, 79, 40, 67, 68, 46, 75, 0, 9, 19, 32, 81, 41, 27, 62, 87, 90, 99, 59, 53, 16, 72, 73, 70, 39, 37, 84, 3, 92, 25, 74, 28, 38, 51, 7, 11, 14, 86, 48, 89, 50, 66, 96, 4, 80, 33, 8, 34, 36, 2, 52, 13, 29, 69, 55]|[1, 1, 0, 1, 1, 1, 2, 1, 2, 1, 2, 2, 2, 1, 1, 0, 0, 1, 0, 2, 2, 0, 1, 2, 0, 1, 2, 2, 0, 0, 1, 2, 1, 0, 1, 0, 2, 0, 1, 1, 0, 1, 1, 1, 0, 2, 1, 1, 0, 0, 0, 0, 1, 1, 2, 1, 2, 0, 0, 0, 2, 1, 0, 1, 2, 1, 2, 1, 1, 1, 1, 1, 2, 0, 1, 2, 0, 1, 0, 1, 2, 1, 0, 0, 1, 0, 0, 2, 0, 0, 2, 1, 2, 0, 0, 1, 0, 0, 1, 1]|[4, 3, 2, 2, 0, 0, 2, 2, 2, 4, 1, 1, 2, 4, 4, 1, 1, 4, 2, 1, 1, 1, 1, 2, 1, 2, 1, 1, 1, 1, 3, 2, 3, 0, 4, 0, 1, 1, 0, 3, 2, 2, 4, 0, 1, 1, 3, 2, 0, 1, 2, 2, 1, 4, 0, 3, 2, 1, 1, 2, 1, 3, 1, 1, 1, 3, 0, 4, 3, 1, 4, 1, 1, 2, 4, 1, 2, 1, 1, 3, 1, 3, 1, 1, 1, 1, 1, 1, 2, 1, 1, 3, 1, 1, 2, 1, 2, 2, 3, 4]|[0, 2, 1, 1, 3, 3, 0, 1, 0, 0, 0, 0, 1, 0, 1, 0, 0, 3, 1, 0, 0, 0, 3, 1, 0, 2, 0, 0, 0, 1, 0, 0, 0, 0, 3, 0, 1, 0, 0, 2, 1, 1, 2, 0, 0, 0, 0, 1, 1, 0, 0, 0, 1, 3, 0, 0, 1, 0, 0, 1, 0, 2, 0, 1, 0, 2, 1, 0, 0, 1, 1, 3, 0, 1, 3, 0, 1, 1, 0, 2, 0, 0, 0, 0, 1, 0, 0, 0, 1, 0, 0, 2, 0, 1, 0, 1, 0, 0, 0, 3],753.7585066423167,57206.774138735345,88775.32552118272,true
62,G4_BALANCED,G1_CMAX,[31, 22, 42, 15, 26, 58, 95, 82, 77, 12, 47, 5, 93, 78, 98, 54, 85, 63, 18, 44, 20, 35, 43, 97, 91, 76, 10, 30, 21, 45, 71, 64, 1, 23, 17, 83, 24, 61, 60, 36, 6, 57, 94, 88, 65, 56, 79, 40, 67, 68, 46, 75, 38, 9, 19, 32, 81, 41, 27, 62, 87, 90, 99, 59, 53, 16, 72, 73, 70, 39, 37, 84, 3, 92, 25, 55, 28, 29, 51, 7, 11, 14, 86, 66, 89, 50, 48, 96, 33, 80, 4, 8, 74, 49, 0, 52, 13, 2, 69, 34]|[1, 1, 0, 1, 1, 1, 2, 1, 2, 1, 2, 2, 2, 1, 1, 0, 0, 1, 0, 2, 2, 0, 1, 2, 0, 1, 2, 2, 0, 0, 1, 2, 1, 2, 1, 0, 2, 1, 1, 1, 0, 1, 1, 1, 0, 2, 1, 1, 0, 0, 0, 0, 1, 1, 2, 1, 2, 2, 0, 0, 2, 1, 0, 1, 2, 1, 2, 1, 1, 1, 1, 1, 2, 0, 1, 1, 0, 0, 0, 1, 0, 1, 0, 2, 1, 0, 0, 2, 2, 0, 1, 1, 2, 0, 0, 1, 0, 0, 1, 2]|[4, 3, 2, 2, 0, 0, 2, 2, 2, 4, 1, 1, 2, 4, 4, 1, 1, 4, 2, 1, 1, 1, 1, 2, 1, 2, 1, 1, 1, 1, 3, 2, 3, 0, 4, 0, 1, 3, 0, 3, 2, 2, 4, 0, 1, 1, 3, 2, 0, 1, 2, 2, 1, 4, 0, 3, 2, 1, 1, 2, 1, 3, 1, 1, 1, 3, 0, 4, 3, 1, 4, 1, 1, 2, 4, 4, 2, 1, 1, 3, 2, 3, 1, 1, 1, 1, 1, 1, 1, 1, 4, 3, 1, 1, 2, 1, 2, 2, 4, 1]|[0, 2, 1, 1, 3, 3, 0, 1, 0, 0, 0, 0, 1, 0, 1, 0, 0, 3, 1, 0, 0, 0, 3, 1, 0, 2, 0, 0, 0, 1, 0, 0, 0, 0, 3, 0, 1, 0, 0, 2, 1, 1, 2, 0, 0, 0, 0, 1, 1, 0, 0, 0, 1, 3, 0, 0, 1, 0, 0, 1, 0, 2, 0, 1, 0, 2, 1, 0, 0, 1, 1, 3, 0, 1, 3, 3, 1, 0, 0, 2, 1, 0, 0, 0, 1, 0, 0, 0, 0, 0, 0, 2, 0, 1, 0, 1, 0, 0, 2, 0],728.5004367423115,56969.171099257095,91715.9624816939,true
62,G2_TEC,G2_TEC,[20, 94, 66, 15, 26, 9, 95, 42, 77, 68, 47, 5, 3, 14, 86, 54, 85, 63, 18, 44, 31, 49, 36, 78, 74, 50, 53, 17, 21, 28, 11, 64, 93, 23, 30, 83, 24, 41, 40, 52, 65, 27, 90, 70, 39, 87, 48, 69, 99, 4, 46, 1, 13, 56, 97, 59, 45, 8, 73, 37, 35, 79, 71, 82, 76, 32, 60, 80, 58, 6, 67, 61, 33, 7, 57, 34, 12, 16, 10, 22, 96, 88, 43, 81, 91, 2, 84, 29, 92, 19, 51, 89, 38, 25, 72, 75, 98, 62, 55, 0]|[2, 1, 2, 1, 1, 2, 1, 1, 1, 1, 1, 0, 2, 2, 1, 2, 0, 0, 0, 2, 2, 1, 0, 2, 0, 2, 2, 1, 0, 1, 1, 1, 0, 0, 1, 0, 2, 1, 2, 2, 0, 0, 1, 1, 0, 2, 0, 2, 1, 0, 0, 2, 0, 2, 2, 0, 1, 1, 0, 0, 2, 1, 1, 2, 2, 0, 2, 2, 2, 1, 2, 1, 1, 2, 0, 1, 1, 2, 1, 2, 0, 1, 1, 1, 1, 0, 0, 1, 0, 1, 1, 1, 0, 1, 1, 0, 2, 1, 0, 0]|[1, 3, 1, 3, 4, 1, 4, 4, 4, 4, 3, 2, 1, 0, 2, 1, 1, 1, 2, 1, 1, 3, 0, 1, 0, 1, 1, 4, 1, 4, 3, 2, 2, 0, 4, 1, 1, 4, 1, 1, 2, 1, 4, 4, 1, 1, 0, 1, 3, 2, 2, 1, 2, 1, 1, 2, 4, 3, 0, 2, 1, 3, 3, 1, 1, 2, 1, 1, 1, 4, 1, 3, 4, 1, 2, 4, 3, 1, 3, 1, 2, 4, 4, 4, 3, 2, 2, 3, 2, 4, 3, 4, 2, 4, 4, 2, 1, 3, 2, 2]|[0, 2, 0, 0, 3, 0, 1, 3, 1, 0, 2, 0, 1, 0, 1, 0, 0, 0, 1, 0, 0, 2, 0, 0, 1, 0, 0, 3, 0, 1, 0, 2, 0, 0, 3, 0, 1, 1, 0, 0, 0, 0, 1, 3, 0, 0, 1, 0, 2, 0, 0, 0, 0, 0, 1, 0, 1, 0, 1, 1, 0, 2, 0, 0, 0, 0, 0, 0, 0, 2, 0, 0, 1, 0, 0, 1, 0, 0, 3, 0, 0, 1, 2, 2, 0, 0, 0, 3, 0, 1, 0, 1, 0, 3, 1, 0, 0, 0, 0, 0],910.6016522559228,48196.44872629531,105119.71286620182,false
62,G3_TWC,G3_TWC,[31, 22, 42, 15, 26, 58, 95, 82, 77, 12, 47, 5, 93, 78, 98, 54, 85, 63, 18, 44, 20, 35, 43, 97, 91, 76, 10, 30, 21, 45, 71, 64, 1, 23, 17, 83, 24, 61, 60, 49, 6, 57, 94, 88, 65, 56, 79, 40, 67, 68, 46, 75, 0, 9, 19, 32, 81, 41, 27, 62, 87, 90, 99, 59, 53, 16, 72, 73, 70, 39, 37, 84, 3, 92, 25, 74, 28, 38, 51, 7, 11, 14, 34, 48, 89, 66, 50, 96, 33, 80, 8, 4, 86, 36, 2, 52, 13, 29, 69, 55]|[1, 1, 0, 1, 1, 1, 2, 1, 2, 1, 2, 2, 2, 1, 1, 0, 0, 1, 0, 2, 2, 0, 1, 2, 0, 1, 2, 2, 0, 0, 1, 2, 1, 0, 1, 0, 2, 0, 1, 1, 0, 1, 1, 1, 0, 2, 1, 1, 0, 0, 0, 0, 1, 1, 0, 1, 2, 0, 0, 0, 2, 1, 0, 1, 0, 1, 2, 1, 1, 1, 1, 1, 2, 0, 1, 2, 0, 0, 0, 1, 0, 1, 2, 0, 1, 0, 0, 0, 2, 0, 1, 0, 0, 0, 0, 1, 0, 0, 1, 1]|[4, 3, 2, 2, 0, 0, 2, 2, 2, 4, 1, 1, 2, 4, 4, 1, 1, 4, 2, 1, 1, 1, 1, 2, 1, 2, 1, 1, 1, 1, 3, 2, 3, 0, 4, 0, 1, 1, 0, 3, 2, 2, 4, 0, 1, 1, 3, 2, 0, 1, 2, 2, 1, 4, 2, 3, 2, 1, 1, 2, 1, 3, 1, 1, 2, 3, 0, 4, 3, 1, 4, 1, 1, 2, 4, 1, 2, 1, 1, 3, 2, 3, 1, 1, 1, 1, 1, 1, 1, 1, 3, 2, 1, 1, 2, 1, 2, 2, 3, 4]|[0, 2, 1, 1, 3, 3, 0, 1, 0, 0, 0, 0, 1, 0, 1, 0, 0, 3, 1, 0, 0, 0, 3, 1, 0, 2, 0, 0, 0, 1, 0, 0, 0, 0, 3, 0, 1, 0, 0, 2, 1, 1, 2, 0, 0, 0, 0, 1, 1, 0, 0, 0, 1, 3, 1, 0, 1, 0, 0, 1, 0, 2, 0, 1, 1, 2, 1, 0, 0, 1, 1, 3, 0, 1, 3, 0, 1, 0, 0, 2, 1, 0, 0, 0, 1, 0, 0, 0, 0, 0, 2, 1, 0, 1, 0, 1, 0, 0, 0, 3],872.1650162521609,57947.7929046089,85993.49946424144,false
62,G1_CMAX,G1_CMAX,[31, 22, 82, 15, 26, 99, 95, 42, 77, 12, 47, 5, 93, 78, 86, 54, 21, 63, 18, 44, 20, 35, 43, 97, 91, 76, 10, 30, 85, 45, 71, 64, 1, 23, 37, 83, 24, 14, 60, 36, 6, 57, 40, 88, 65, 56, 79, 94, 67, 68, 46, 75, 38, 9, 19, 32, 41, 81, 27, 87, 90, 58, 59, 11, 16, 72, 73, 70, 39, 17, 84, 3, 92, 25, 55, 48, 28, 29, 51, 7, 33, 61, 98, 62, 89, 50, 4, 96, 53, 80, 8, 66, 34, 49, 52, 0, 13, 2, 69, 74]|[2, 1, 0, 1, 1, 0, 1, 1, 2, 1, 2, 2, 2, 1, 1, 0, 0, 1, 0, 2, 2, 0, 1, 2, 0, 1, 2, 2, 0, 0, 1, 2, 1, 2, 1, 0, 2, 0, 1, 1, 0, 1, 1, 1, 0, 2, 1, 1, 0, 0, 0, 0, 1, 1, 2, 1, 0, 2, 0, 2, 1, 0, 1, 2, 1, 2, 1, 1, 1, 1, 1, 1, 0, 1, 2, 0, 0, 0, 0, 2, 2, 1, 2, 0, 1, 0, 1, 2, 0, 0, 1, 2, 2, 0, 1, 0, 0, 0, 1, 2]|[1, 3, 2, 2, 4, 1, 2, 3, 2, 4, 1, 1, 2, 4, 4, 1, 1, 4, 2, 1, 1, 1, 1, 2, 1, 2, 1, 1, 2, 1, 3, 2, 3, 1, 4, 0, 1, 1, 0, 3, 2, 2, 2, 0, 1, 1, 0, 4, 0, 1, 2, 2, 1, 4, 0, 3, 1, 1, 1, 1, 3, 1, 1, 1, 3, 0, 4, 3, 1, 4, 1, 1, 2, 4, 1, 1, 2, 1, 1, 1, 1, 3, 1, 2, 1, 1, 4, 1, 2, 1, 3, 1, 1, 1, 1, 2, 2, 2, 4, 1]|[0, 2, 1, 1, 3, 0, 1, 3, 0, 0, 0, 0, 1, 0, 1, 0, 0, 3, 1, 0, 0, 0, 3, 1, 0, 2, 0, 0, 0, 1, 0, 0, 0, 0, 3, 0, 1, 0, 0, 2, 1, 1, 1, 0, 0, 0, 0, 2, 1, 0, 0, 0, 1, 3, 0, 0, 0, 0, 0, 0, 2, 0, 1, 0, 2, 1, 0, 0, 1, 1, 3, 1, 1, 3, 0, 0, 1, 0, 0, 0, 0, 0, 0, 1, 1, 0, 0, 0, 1, 0, 2, 0, 0, 1, 1, 0, 0, 0, 2, 0],741.8849986867369,55870.42159412257,92036.86219917734,false
62,G4_BALANCED,G1_CMAX,[31, 22, 42, 15, 26, 58, 95, 82, 77, 12, 47, 5, 93, 78, 98, 54, 85, 63, 18, 44, 20, 35, 43, 97, 91, 76, 10, 30, 21, 45, 71, 64, 1, 23, 17, 83, 24, 61, 60, 36, 6, 57, 94, 88, 65, 56, 79, 40, 67, 68, 46, 75, 38, 9, 19, 32, 81, 41, 27, 62, 87, 90, 99, 59, 53, 16, 72, 73, 70, 39, 37, 84, 3, 92, 25, 55, 28, 29, 51, 7, 11, 14, 86, 66, 89, 50, 48, 96, 33, 80, 4, 8, 74, 49, 0, 52, 13, 2, 69, 34]|[1, 1, 0, 1, 1, 1, 2, 1, 2, 1, 2, 2, 2, 1, 1, 0, 0, 1, 0, 2, 2, 0, 1, 2, 0, 1, 2, 2, 0, 0, 1, 2, 1, 2, 1, 0, 2, 1, 1, 1, 0, 1, 1, 1, 0, 2, 1, 1, 0, 0, 0, 0, 1, 1, 2, 1, 2, 2, 0, 0, 2, 1, 0, 1, 2, 1, 2, 1, 1, 1, 1, 1, 2, 0, 1, 1, 0, 0, 0, 1, 0, 1, 0, 2, 1, 0, 0, 2, 2, 0, 1, 1, 2, 0, 0, 1, 0, 0, 1, 2]|[4, 3, 2, 2, 0, 0, 2, 2, 2, 4, 1, 1, 2, 4, 4, 1, 1, 4, 2, 1, 1, 1, 1, 2, 1, 2, 1, 1, 1, 1, 3, 2, 3, 0, 4, 0, 1, 3, 0, 3, 2, 2, 4, 0, 1, 1, 3, 2, 0, 1, 2, 2, 1, 4, 0, 3, 2, 1, 1, 2, 1, 3, 1, 1, 1, 3, 0, 4, 3, 1, 4, 1, 1, 2, 4, 4, 2, 1, 1, 3, 2, 3, 1, 1, 1, 1, 1, 1, 1, 1, 4, 3, 1, 1, 2, 1, 2, 2, 4, 1]|[0, 2, 1, 1, 3, 3, 0, 1, 0, 0, 0, 0, 1, 0, 1, 0, 0, 3, 1, 0, 0, 0, 3, 1, 0, 2, 0, 0, 0, 1, 0, 0, 0, 0, 3, 0, 1, 0, 0, 2, 1, 1, 2, 0, 0, 0, 0, 1, 1, 0, 0, 0, 1, 3, 0, 0, 1, 0, 0, 1, 0, 2, 0, 1, 0, 2, 1, 0, 0, 1, 1, 3, 0, 1, 3, 3, 1, 0, 0, 2, 1, 0, 0, 0, 1, 0, 0, 0, 0, 0, 0, 2, 0, 1, 0, 1, 0, 0, 2, 0],728.5004367423115,56969.171099257095,91715.9624816939,true
62,G2_TEC,G2_TEC,[20, 94, 66, 15, 26, 9, 95, 42, 77, 68, 47, 5, 3, 14, 86, 54, 85, 63, 18, 44, 31, 49, 36, 78, 74, 50, 53, 17, 21, 28, 11, 64, 93, 23, 30, 83, 24, 41, 40, 52, 65, 27, 90, 70, 39, 87, 48, 69, 99, 4, 46, 1, 13, 56, 97, 59, 45, 8, 73, 37, 35, 79, 71, 82, 76, 32, 60, 80, 58, 6, 67, 61, 33, 7, 57, 34, 12, 16, 10, 22, 96, 88, 43, 81, 91, 2, 84, 29, 92, 19, 51, 89, 38, 25, 72, 75, 98, 62, 55, 0]|[2, 1, 2, 1, 1, 2, 1, 1, 1, 1, 1, 0, 2, 2, 1, 2, 0, 0, 0, 2, 2, 1, 0, 2, 0, 2, 2, 1, 0, 1, 1, 1, 0, 0, 1, 0, 2, 1, 2, 2, 0, 0, 1, 1, 0, 2, 0, 2, 1, 0, 0, 2, 0, 2, 2, 0, 1, 1, 0, 0, 2, 1, 1, 2, 2, 0, 2, 2, 2, 1, 2, 1, 1, 2, 0, 1, 1, 2, 1, 2, 0, 1, 1, 1, 1, 0, 0, 1, 0, 1, 1, 1, 0, 1, 1, 0, 2, 1, 0, 0]|[1, 3, 1, 3, 4, 1, 4, 4, 4, 4, 3, 2, 1, 0, 2, 1, 1, 1, 2, 1, 1, 3, 0, 1, 0, 1, 1, 4, 1, 4, 3, 2, 2, 0, 4, 1, 1, 4, 1, 1, 2, 1, 4, 4, 1, 1, 0, 1, 3, 2, 2, 1, 2, 1, 1, 2, 4, 3, 0, 2, 1, 3, 3, 1, 1, 2, 1, 1, 1, 4, 1, 3, 4, 1, 2, 4, 3, 1, 3, 1, 2, 4, 4, 4, 3, 2, 2, 3, 2, 4, 3, 4, 2, 4, 4, 2, 1, 3, 2, 2]|[0, 2, 0, 0, 3, 0, 1, 3, 1, 0, 2, 0, 1, 0, 1, 0, 0, 0, 1, 0, 0, 2, 0, 0, 1, 0, 0, 3, 0, 1, 0, 2, 0, 0, 3, 0, 1, 1, 0, 0, 0, 0, 1, 3, 0, 0, 1, 0, 2, 0, 0, 0, 0, 0, 1, 0, 1, 0, 1, 1, 0, 2, 0, 0, 0, 0, 0, 0, 0, 2, 0, 0, 1, 0, 0, 1, 0, 0, 3, 0, 0, 1, 2, 2, 0, 0, 0, 3, 0, 1, 0, 1, 0, 3, 1, 0, 0, 0, 0, 0],910.6016522559228,48196.44872629531,105119.71286620182,false
62,G3_TWC,G3_TWC,[31, 22, 42, 15, 26, 58, 95, 82, 77, 12, 47, 5, 93, 78, 98, 54, 85, 63, 18, 44, 20, 35, 43, 97, 91, 76, 10, 30, 21, 45, 71, 64, 1, 23, 17, 83, 24, 61, 60, 49, 6, 57, 94, 88, 65, 56, 79, 40, 67, 68, 46, 75, 0, 9, 19, 32, 81, 41, 27, 62, 87, 90, 99, 59, 53, 16, 72, 73, 70, 39, 37, 84, 3, 92, 25, 74, 28, 38, 51, 7, 11, 14, 34, 48, 89, 66, 50, 96, 33, 80, 8, 4, 86, 36, 2, 52, 13, 29, 69, 55]|[1, 1, 0, 1, 1, 1, 2, 1, 2, 1, 2, 2, 2, 1, 1, 0, 0, 1, 0, 2, 2, 0, 1, 2, 0, 1, 2, 2, 0, 0, 1, 2, 1, 0, 1, 0, 2, 0, 1, 1, 0, 1, 1, 1, 0, 2, 1, 1, 0, 0, 0, 0, 1, 1, 0, 1, 2, 0, 0, 0, 2, 1, 0, 1, 0, 1, 2, 1, 1, 1, 1, 1, 2, 0, 1, 2, 0, 0, 0, 1, 0, 1, 2, 0, 1, 0, 0, 0, 2, 0, 1, 0, 0, 0, 0, 1, 0, 0, 1, 1]|[4, 3, 2, 2, 0, 0, 2, 2, 2, 4, 1, 1, 2, 4, 4, 1, 1, 4, 2, 1, 1, 1, 1, 2, 1, 2, 1, 1, 1, 1, 3, 2, 3, 0, 4, 0, 1, 1, 0, 3, 2, 2, 4, 0, 1, 1, 3, 2, 0, 1, 2, 2, 1, 4, 2, 3, 2, 1, 1, 2, 1, 3, 1, 1, 2, 3, 0, 4, 3, 1, 4, 1, 1, 2, 4, 1, 2, 1, 1, 3, 2, 3, 1, 1, 1, 1, 1, 1, 1, 1, 3, 2, 1, 1, 2, 1, 2, 2, 3, 4]|[0, 2, 1, 1, 3, 3, 0, 1, 0, 0, 0, 0, 1, 0, 1, 0, 0, 3, 1, 0, 0, 0, 3, 1, 0, 2, 0, 0, 0, 1, 0, 0, 0, 0, 3, 0, 1, 0, 0, 2, 1, 1, 2, 0, 0, 0, 0, 1, 1, 0, 0, 0, 1, 3, 1, 0, 1, 0, 0, 1, 0, 2, 0, 1, 1, 2, 1, 0, 0, 1, 1, 3, 0, 1, 3, 0, 1, 0, 0, 2, 1, 0, 0, 0, 1, 0, 0, 0, 0, 0, 2, 1, 0, 1, 0, 1, 0, 0, 0, 3],872.1650162521609,57947.7929046089,85993.49946424144,false
62,G1_CMAX,G4_BALANCED,[31, 22, 42, 15, 26, 58, 95, 82, 77, 12, 47, 5, 93, 78, 98, 54, 85, 63, 18, 44, 20, 35, 43, 97, 91, 76, 10, 30, 21, 45, 71, 64, 1, 23, 17, 83, 24, 61, 60, 49, 6, 57, 94, 88, 65, 56, 79, 40, 67, 68, 46, 75, 38, 9, 19, 32, 81, 41, 27, 62, 87, 90, 99, 59, 11, 16, 72, 73, 70, 39, 37, 84, 3, 92, 25, 74, 28, 0, 51, 7, 53, 14, 86, 48, 89, 66, 50, 96, 33, 80, 8, 4, 34, 36, 2, 52, 13, 29, 69, 55]|[1, 1, 0, 1, 1, 1, 2, 1, 2, 1, 2, 2, 2, 1, 1, 0, 0, 1, 0, 2, 2, 0, 1, 2, 0, 1, 2, 2, 0, 0, 1, 2, 1, 0, 1, 0, 2, 0, 1, 1, 0, 1, 1, 1, 0, 2, 1, 1, 0, 0, 0, 0, 1, 1, 2, 1, 2, 0, 0, 0, 2, 1, 0, 1, 2, 1, 2, 1, 1, 1, 1, 1, 2, 0, 1, 2, 0, 0, 0, 1, 2, 1, 2, 0, 1, 0, 2, 0, 2, 0, 1, 0, 2, 0, 0, 1, 0, 0, 1, 1]|[4, 3, 2, 2, 0, 0, 2, 2, 2, 4, 1, 1, 2, 4, 4, 1, 1, 4, 2, 1, 1, 1, 1, 2, 1, 2, 1, 1, 1, 1, 3, 2, 3, 0, 4, 0, 1, 1, 0, 3, 2, 2, 4, 0, 1, 1, 3, 2, 0, 1, 2, 2, 1, 4, 0, 3, 2, 1, 1, 2, 1, 3, 1, 1, 1, 3, 1, 4, 3, 1, 4, 1, 1, 2, 4, 1, 2, 2, 1, 3, 1, 3, 1, 1, 1, 1, 1, 1, 1, 1, 3, 2, 1, 1, 2, 1, 2, 2, 3, 4]|[0, 2, 1, 1, 3, 3, 0, 1, 0, 0, 0, 0, 1, 0, 1, 0, 0, 3, 1, 0, 0, 0, 3, 1, 0, 2, 0, 0, 0, 1, 0, 0, 0, 0, 3, 0, 1, 0, 0, 2, 1, 1, 2, 0, 0, 0, 0, 1, 1, 0, 0, 0, 1, 3, 0, 0, 1, 0, 0, 1, 0, 2, 0, 1, 0, 2, 0, 0, 0, 1, 1, 3, 0, 1, 3, 0, 1, 0, 0, 2, 0, 0, 0, 0, 1, 0, 0, 0, 0, 0, 2, 1, 0, 1, 0, 1, 0, 0, 0, 3],809.8948393809976,56104.91635316694,91209.98322837755,true
62,G4_BALANCED,G1_CMAX,[31, 22, 42, 15, 26, 58, 95, 82, 77, 12, 47, 5, 93, 78, 98, 54, 85, 63, 18, 44, 20, 35, 43, 97, 91, 76, 10, 30, 21, 45, 71, 64, 1, 23, 17, 83, 24, 61, 60, 36, 6, 57, 94, 88, 65, 56, 79, 40, 67, 68, 46, 75, 38, 9, 19, 32, 81, 41, 27, 62, 87, 90, 99, 59, 53, 16, 72, 73, 70, 39, 37, 84, 3, 92, 25, 55, 28, 29, 51, 7, 11, 14, 86, 66, 89, 50, 48, 96, 33, 80, 4, 8, 74, 49, 0, 52, 13, 2, 69, 34]|[1, 1, 0, 1, 1, 1, 2, 1, 2, 1, 2, 2, 2, 1, 1, 0, 0, 1, 0, 2, 2, 0, 1, 2, 0, 1, 2, 2, 0, 0, 1, 2, 1, 2, 1, 0, 2, 1, 1, 1, 0, 1, 1, 1, 0, 2, 1, 1, 0, 0, 0, 0, 1, 1, 2, 1, 2, 2, 0, 0, 2, 1, 0, 1, 2, 1, 2, 1, 1, 1, 1, 1, 2, 0, 1, 1, 0, 0, 0, 1, 0, 1, 0, 2, 1, 0, 0, 2, 2, 0, 1, 1, 2, 0, 0, 1, 0, 0, 1, 2]|[4, 3, 2, 2, 0, 0, 2, 2, 2, 4, 1, 1, 2, 4, 4, 1, 1, 4, 2, 1, 1, 1, 1, 2, 1, 2, 1, 1, 1, 1, 3, 2, 3, 0, 4, 0, 1, 3, 0, 3, 2, 2, 4, 0, 1, 1, 3, 2, 0, 1, 2, 2, 1, 4, 0, 3, 2, 1, 1, 2, 1, 3, 1, 1, 1, 3, 0, 4, 3, 1, 4, 1, 1, 2, 4, 4, 2, 1, 1, 3, 2, 3, 1, 1, 1, 1, 1, 1, 1, 1, 4, 3, 1, 1, 2, 1, 2, 2, 4, 1]|[0, 2, 1, 1, 3, 3, 0, 1, 0, 0, 0, 0, 1, 0, 1, 0, 0, 3, 1, 0, 0, 0, 3, 1, 0, 2, 0, 0, 0, 1, 0, 0, 0, 0, 3, 0, 1, 0, 0, 2, 1, 1, 2, 0, 0, 0, 0, 1, 1, 0, 0, 0, 1, 3, 0, 0, 1, 0, 0, 1, 0, 2, 0, 1, 0, 2, 1, 0, 0, 1, 1, 3, 0, 1, 3, 3, 1, 0, 0, 2, 1, 0, 0, 0, 1, 0, 0, 0, 0, 0, 0, 2, 0, 1, 0, 1, 0, 0, 2, 0],728.5004367423115,56969.171099257095,91715.9624816939,true
62,G2_TEC,G2_TEC,[20, 94, 66, 15, 26, 9, 95, 42, 77, 68, 47, 5, 3, 14, 86, 54, 85, 63, 18, 44, 31, 49, 36, 78, 74, 50, 53, 17, 21, 28, 11, 64, 93, 23, 30, 83, 24, 41, 40, 52, 65, 27, 90, 70, 39, 87, 48, 69, 99, 4, 46, 1, 13, 56, 97, 59, 45, 8, 73, 37, 35, 79, 71, 82, 76, 32, 60, 80, 58, 6, 67, 61, 33, 7, 57, 34, 12, 16, 10, 22, 96, 88, 43, 81, 91, 2, 84, 29, 92, 19, 51, 89, 38, 25, 72, 75, 98, 62, 55, 0]|[2, 1, 2, 1, 1, 2, 1, 1, 1, 1, 1, 0, 2, 2, 1, 2, 0, 0, 0, 2, 2, 1, 0, 2, 0, 2, 2, 1, 0, 1, 1, 1, 0, 0, 1, 0, 2, 1, 2, 2, 0, 0, 1, 1, 0, 2, 0, 2, 1, 0, 0, 2, 0, 2, 2, 0, 1, 1, 0, 0, 2, 1, 1, 2, 2, 0, 2, 2, 2, 1, 2, 1, 1, 2, 0, 1, 1, 2, 1, 2, 0, 1, 1, 1, 1, 0, 0, 1, 0, 1, 1, 1, 0, 1, 1, 0, 2, 1, 0, 0]|[1, 3, 1, 3, 4, 1, 4, 4, 4, 4, 3, 2, 1, 0, 2, 1, 1, 1, 2, 1, 1, 3, 0, 1, 0, 1, 1, 4, 1, 4, 3, 2, 2, 0, 4, 1, 1, 4, 1, 1, 2, 1, 4, 4, 1, 1, 0, 1, 3, 2, 2, 1, 2, 1, 1, 2, 4, 3, 0, 2, 1, 3, 3, 1, 1, 2, 1, 1, 1, 4, 1, 3, 4, 1, 2, 4, 3, 1, 3, 1, 2, 4, 4, 4, 3, 2, 2, 3, 2, 4, 3, 4, 2, 4, 4, 2, 1, 3, 2, 2]|[0, 2, 0, 0, 3, 0, 1, 3, 1, 0, 2, 0, 1, 0, 1, 0, 0, 0, 1, 0, 0, 2, 0, 0, 1, 0, 0, 3, 0, 1, 0, 2, 0, 0, 3, 0, 1, 1, 0, 0, 0, 0, 1, 3, 0, 0, 1, 0, 2, 0, 0, 0, 0, 0, 1, 0, 1, 0, 1, 1, 0, 2, 0, 0, 0, 0, 0, 0, 0, 2, 0, 0, 1, 0, 0, 1, 0, 0, 3, 0, 0, 1, 2, 2, 0, 0, 0, 3, 0, 1, 0, 1, 0, 3, 1, 0, 0, 0, 0, 0],910.6016522559228,48196.44872629531,105119.71286620182,false
62,G3_TWC,G3_TWC,[31, 22, 42, 15, 26, 58, 95, 82, 77, 12, 47, 5, 93, 78, 98, 54, 85, 63, 18, 44, 20, 35, 43, 97, 91, 76, 10, 30, 21, 45, 71, 64, 1, 23, 17, 83, 24, 61, 60, 49, 6, 57, 94, 88, 65, 56, 79, 40, 67, 68, 46, 75, 0, 9, 19, 32, 81, 41, 27, 62, 87, 90, 99, 59, 53, 16, 72, 73, 70, 39, 37, 84, 3, 92, 25, 74, 28, 38, 51, 7, 11, 14, 34, 48, 89, 66, 50, 96, 33, 80, 8, 4, 86, 36, 2, 52, 13, 29, 69, 55]|[1, 1, 0, 1, 1, 1, 2, 1, 2, 1, 2, 2, 2, 1, 1, 0, 0, 1, 0, 2, 2, 0, 1, 2, 0, 1, 2, 2, 0, 0, 1, 2, 1, 0, 1, 0, 2, 0, 1, 1, 0, 1, 1, 1, 0, 2, 1, 1, 0, 0, 0, 0, 1, 1, 0, 1, 2, 0, 0, 0, 2, 1, 0, 1, 0, 1, 2, 1, 1, 1, 1, 1, 2, 0, 1, 2, 0, 0, 0, 1, 0, 1, 2, 0, 1, 0, 0, 0, 2, 0, 1, 0, 0, 0, 0, 1, 0, 0, 1, 1]|[4, 3, 2, 2, 0, 0, 2, 2, 2, 4, 1, 1, 2, 4, 4, 1, 1, 4, 2, 1, 1, 1, 1, 2, 1, 2, 1, 1, 1, 1, 3, 2, 3, 0, 4, 0, 1, 1, 0, 3, 2, 2, 4, 0, 1, 1, 3, 2, 0, 1, 2, 2, 1, 4, 2, 3, 2, 1, 1, 2, 1, 3, 1, 1, 2, 3, 0, 4, 3, 1, 4, 1, 1, 2, 4, 1, 2, 1, 1, 3, 2, 3, 1, 1, 1, 1, 1, 1, 1, 1, 3, 2, 1, 1, 2, 1, 2, 2, 3, 4]|[0, 2, 1, 1, 3, 3, 0, 1, 0, 0, 0, 0, 1, 0, 1, 0, 0, 3, 1, 0, 0, 0, 3, 1, 0, 2, 0, 0, 0, 1, 0, 0, 0, 0, 3, 0, 1, 0, 0, 2, 1, 1, 2, 0, 0, 0, 0, 1, 1, 0, 0, 0, 1, 3, 1, 0, 1, 0, 0, 1, 0, 2, 0, 1, 1, 2, 1, 0, 0, 1, 1, 3, 0, 1, 3, 0, 1, 0, 0, 2, 1, 0, 0, 0, 1, 0, 0, 0, 0, 0, 2, 1, 0, 1, 0, 1, 0, 0, 0, 3],872.1650162521609,57947.7929046089,85993.49946424144,false
62,G1_CMAX,G1_CMAX,[31, 22, 82, 15, 26, 99, 95, 42, 77, 12, 47, 5, 93, 78, 86, 54, 21, 63, 18, 44, 20, 35, 43, 97, 91, 76, 10, 30, 85, 45, 71, 64, 1, 23, 17, 83, 24, 14, 60, 36, 6, 57, 40, 88, 65, 56, 79, 94, 67, 68, 41, 75, 38, 9, 19, 32, 81, 46, 27, 62, 87, 90, 59, 11, 16, 72, 73, 70, 39, 37, 84, 3, 92, 25, 55, 48, 33, 51, 50, 7, 58, 61, 98, 28, 89, 29, 4, 96, 53, 80, 8, 66, 52, 49, 34, 0, 74, 69, 2, 13]|[1, 1, 0, 1, 1, 0, 1, 1, 2, 1, 2, 2, 2, 1, 1, 0, 0, 1, 0, 2, 2, 0, 1, 2, 0, 1, 2, 2, 0, 0, 1, 2, 1, 2, 1, 0, 2, 0, 1, 1, 0, 1, 1, 1, 0, 2, 1, 1, 0, 0, 0, 0, 1, 1, 2, 1, 2, 0, 0, 2, 2, 1, 1, 2, 1, 2, 1, 1, 1, 1, 1, 1, 0, 1, 2, 0, 2, 0, 0, 1, 0, 1, 2, 0, 1, 0, 1, 2, 0, 0, 1, 2, 2, 0, 1, 0, 2, 1, 0, 0]|[4, 3, 2, 2, 4, 1, 2, 3, 2, 4, 1, 1, 2, 4, 4, 1, 1, 4, 2, 1, 1, 1, 1, 2, 1, 2, 1, 1, 2, 1, 3, 2, 3, 1, 4, 0, 1, 1, 0, 3, 2, 2, 2, 0, 1, 1, 0, 4, 0, 1, 2, 2, 1, 4, 0, 3, 1, 2, 1, 1, 1, 3, 1, 1, 3, 0, 4, 3, 1, 4, 1, 1, 0, 4, 1, 1, 1, 1, 1, 1, 1, 3, 1, 2, 1, 1, 4, 1, 2, 1, 3, 1, 1, 1, 1, 2, 1, 4, 2, 2]|[0, 2, 1, 1, 3, 0, 1, 3, 0, 0, 0, 0, 1, 0, 1, 0, 0, 3, 1, 0, 0, 0, 3, 1, 0, 2, 0, 0, 0, 1, 0, 0, 0, 0, 3, 0, 1, 0, 0, 2, 1, 1, 1, 0, 0, 0, 0, 2, 1, 0, 0, 0, 1, 3, 0, 0, 0, 0, 0, 0, 0, 2, 1, 0, 2, 1, 0, 0, 1, 1, 3, 1, 1, 3, 0, 0, 0, 0, 0, 2, 0, 0, 0, 1, 1, 0, 0, 0, 1, 0, 2, 0, 0, 1, 1, 0, 0, 2, 0, 0],743.1277548209719,55800.24933827802,94332.77254026309,false
62,G4_BALANCED,G1_CMAX,[31, 22, 42, 15, 26, 58, 95, 82, 77, 12, 47, 5, 93, 78, 98, 54, 85, 63, 18, 44, 20, 35, 43, 97, 91, 76, 10, 30, 21, 45, 71, 64, 1, 23, 17, 83, 24, 61, 60, 36, 6, 57, 94, 88, 65, 56, 79, 40, 67, 68, 46, 75, 38, 9, 19, 32, 81, 41, 27, 62, 87, 90, 99, 59, 53, 16, 72, 73, 70, 39, 37, 84, 3, 92, 25, 55, 28, 29, 51, 7, 11, 14, 86, 66, 89, 50, 48, 96, 33, 80, 4, 8, 74, 49, 0, 52, 13, 2, 69, 34]|[1, 1, 0, 1, 1, 1, 2, 1, 2, 1, 2, 2, 2, 1, 1, 0, 0, 1, 0, 2, 2, 0, 1, 2, 0, 1, 2, 2, 0, 0, 1, 2, 1, 2, 1, 0, 2, 1, 1, 1, 0, 1, 1, 1, 0, 2, 1, 1, 0, 0, 0, 0, 1, 1, 2, 1, 2, 2, 0, 0, 2, 1, 0, 1, 2, 1, 2, 1, 1, 1, 1, 1, 2, 0, 1, 1, 0, 0, 0, 1, 0, 1, 0, 2, 1, 0, 0, 2, 2, 0, 1, 1, 2, 0, 0, 1, 0, 0, 1, 2]|[4, 3, 2, 2, 0, 0, 2, 2, 2, 4, 1, 1, 2, 4, 4, 1, 1, 4, 2, 1, 1, 1, 1, 2, 1, 2, 1, 1, 1, 1, 3, 2, 3, 0, 4, 0, 1, 3, 0, 3, 2, 2, 4, 0, 1, 1, 3, 2, 0, 1, 2, 2, 1, 4, 0, 3, 2, 1, 1, 2, 1, 3, 1, 1, 1, 3, 0, 4, 3, 1, 4, 1, 1, 2, 4, 4, 2, 1, 1, 3, 2, 3, 1, 1, 1, 1, 1, 1, 1, 1, 4, 3, 1, 1, 2, 1, 2, 2, 4, 1]|[0, 2, 1, 1, 3, 3, 0, 1, 0, 0, 0, 0, 1, 0, 1, 0, 0, 3, 1, 0, 0, 0, 3, 1, 0, 2, 0, 0, 0, 1, 0, 0, 0, 0, 3, 0, 1, 0, 0, 2, 1, 1, 2, 0, 0, 0, 0, 1, 1, 0, 0, 0, 1, 3, 0, 0, 1, 0, 0, 1, 0, 2, 0, 1, 0, 2, 1, 0, 0, 1, 1, 3, 0, 1, 3, 3, 1, 0, 0, 2, 1, 0, 0, 0, 1, 0, 0, 0, 0, 0, 0, 2, 0, 1, 0, 1, 0, 0, 2, 0],728.5004367423115,56969.171099257095,91715.9624816939,true
62,G2_TEC,G2_TEC,[20, 94, 66, 15, 26, 9, 95, 42, 77, 68, 47, 5, 3, 14, 86, 54, 85, 63, 18, 44, 31, 49, 36, 78, 74, 50, 53, 17, 21, 28, 11, 64, 93, 23, 30, 83, 24, 41, 40, 52, 65, 27, 90, 70, 39, 87, 48, 69, 99, 4, 46, 1, 13, 56, 97, 59, 45, 8, 73, 37, 35, 79, 71, 82, 76, 32, 60, 80, 58, 6, 67, 61, 33, 7, 57, 34, 12, 16, 10, 22, 96, 88, 43, 81, 91, 2, 84, 29, 92, 19, 51, 89, 38, 25, 72, 75, 98, 62, 55, 0]|[2, 1, 2, 1, 1, 2, 1, 1, 1, 1, 1, 0, 2, 2, 1, 2, 0, 0, 0, 2, 2, 1, 0, 2, 0, 2, 2, 1, 0, 1, 1, 1, 0, 0, 1, 0, 2, 1, 2, 2, 0, 0, 1, 1, 0, 2, 0, 2, 1, 0, 0, 2, 0, 2, 2, 0, 1, 1, 0, 0, 2, 1, 1, 2, 2, 0, 2, 2, 2, 1, 2, 1, 1, 2, 0, 1, 1, 2, 1, 2, 0, 1, 1, 1, 1, 0, 0, 1, 0, 1, 1, 1, 0, 1, 1, 0, 2, 1, 0, 0]|[1, 3, 1, 3, 4, 1, 4, 4, 4, 4, 3, 2, 1, 0, 2, 1, 1, 1, 2, 1, 1, 3, 0, 1, 0, 1, 1, 4, 1, 4, 3, 2, 2, 0, 4, 1, 1, 4, 1, 1, 2, 1, 4, 4, 1, 1, 0, 1, 3, 2, 2, 1, 2, 1, 1, 2, 4, 3, 0, 2, 1, 3, 3, 1, 1, 2, 1, 1, 1, 4, 1, 3, 4, 1, 2, 4, 3, 1, 3, 1, 2, 4, 4, 4, 3, 2, 2, 3, 2, 4, 3, 4, 2, 4, 4, 2, 1, 3, 2, 2]|[0, 2, 0, 0, 3, 0, 1, 3, 1, 0, 2, 0, 1, 0, 1, 0, 0, 0, 1, 0, 0, 2, 0, 0, 1, 0, 0, 3, 0, 1, 0, 2, 0, 0, 3, 0, 1, 1, 0, 0, 0, 0, 1, 3, 0, 0, 1, 0, 2, 0, 0, 0, 0, 0, 1, 0, 1, 0, 1, 1, 0, 2, 0, 0, 0, 0, 0, 0, 0, 2, 0, 0, 1, 0, 0, 1, 0, 0, 3, 0, 0, 1, 2, 2, 0, 0, 0, 3, 0, 1, 0, 1, 0, 3, 1, 0, 0, 0, 0, 0],910.6016522559228,48196.44872629531,105119.71286620182,false
62,G3_TWC,G3_TWC,[31, 22, 42, 15, 26, 58, 95, 82, 77, 12, 47, 5, 93, 78, 98, 54, 85, 63, 18, 44, 20, 35, 43, 97, 91, 76, 10, 30, 21, 45, 71, 64, 1, 23, 17, 83, 24, 61, 60, 49, 6, 57, 94, 88, 65, 56, 79, 40, 67, 68, 46, 75, 0, 9, 19, 32, 81, 41, 27, 62, 87, 90, 99, 59, 53, 16, 72, 73, 70, 39, 37, 84, 3, 92, 25, 74, 28, 38, 51, 7, 11, 14, 34, 48, 89, 66, 50, 96, 33, 80, 8, 4, 86, 36, 2, 52, 13, 29, 69, 55]|[1, 1, 0, 1, 1, 1, 2, 1, 2, 1, 2, 2, 2, 1, 1, 0, 0, 1, 0, 2, 2, 0, 1, 2, 0, 1, 2, 2, 0, 0, 1, 2, 1, 0, 1, 0, 2, 0, 1, 1, 0, 1, 1, 1, 0, 2, 1, 1, 0, 0, 0, 0, 1, 1, 0, 1, 2, 0, 0, 0, 2, 1, 0, 1, 0, 1, 2, 1, 1, 1, 1, 1, 2, 0, 1, 2, 0, 0, 0, 1, 0, 1, 2, 0, 1, 0, 0, 0, 2, 0, 1, 0, 0, 0, 0, 1, 0, 0, 1, 1]|[4, 3, 2, 2, 0, 0, 2, 2, 2, 4, 1, 1, 2, 4, 4, 1, 1, 4, 2, 1, 1, 1, 1, 2, 1, 2, 1, 1, 1, 1, 3, 2, 3, 0, 4, 0, 1, 1, 0, 3, 2, 2, 4, 0, 1, 1, 3, 2, 0, 1, 2, 2, 1, 4, 2, 3, 2, 1, 1, 2, 1, 3, 1, 1, 2, 3, 0, 4, 3, 1, 4, 1, 1, 2, 4, 1, 2, 1, 1, 3, 2, 3, 1, 1, 1, 1, 1, 1, 1, 1, 3, 2, 1, 1, 2, 1, 2, 2, 3, 4]|[0, 2, 1, 1, 3, 3, 0, 1, 0, 0, 0, 0, 1, 0, 1, 0, 0, 3, 1, 0, 0, 0, 3, 1, 0, 2, 0, 0, 0, 1, 0, 0, 0, 0, 3, 0, 1, 0, 0, 2, 1, 1, 2, 0, 0, 0, 0, 1, 1, 0, 0, 0, 1, 3, 1, 0, 1, 0, 0, 1, 0, 2, 0, 1, 1, 2, 1, 0, 0, 1, 1, 3, 0, 1, 3, 0, 1, 0, 0, 2, 1, 0, 0, 0, 1, 0, 0, 0, 0, 0, 2, 1, 0, 1, 0, 1, 0, 0, 0, 3],872.1650162521609,57947.7929046089,85993.49946424144,false
62,G1_CMAX,G4_BALANCED,[31, 22, 82, 15, 26, 99, 95, 42, 77, 12, 47, 5, 93, 78, 86, 54, 21, 63, 18, 44, 20, 23, 43, 97, 91, 76, 10, 30, 85, 45, 71, 64, 1, 35, 17, 83, 24, 14, 60, 36, 6, 57, 94, 88, 65, 56, 79, 40, 67, 68, 46, 75, 38, 9, 19, 32, 41, 81, 27, 87, 90, 58, 59, 11, 16, 72, 73, 70, 39, 37, 84, 3, 92, 25, 55, 48, 62, 29, 51, 96, 33, 61, 98, 28, 89, 50, 4, 7, 53, 80, 8, 66, 34, 49, 52, 0, 74, 69, 2, 13]|[1, 1, 0, 1, 1, 0, 1, 1, 2, 1, 2, 2, 2, 1, 1, 0, 0, 1, 0, 2, 2, 2, 1, 2, 0, 1, 2, 2, 0, 0, 1, 2, 1, 2, 1, 0, 2, 0, 1, 1, 0, 1, 1, 1, 0, 2, 1, 1, 0, 0, 0, 0, 1, 1, 2, 1, 0, 2, 0, 2, 1, 0, 1, 2, 1, 2, 1, 1, 1, 1, 1, 1, 0, 1, 2, 0, 0, 0, 0, 2, 2, 1, 0, 0, 1, 0, 1, 2, 0, 0, 1, 2, 2, 0, 1, 0, 2, 1, 0, 0]|[4, 3, 2, 2, 4, 1, 2, 3, 2, 4, 1, 1, 2, 4, 4, 1, 1, 4, 2, 1, 1, 1, 1, 2, 1, 2, 1, 1, 1, 1, 3, 2, 3, 1, 4, 0, 1, 1, 0, 3, 2, 2, 4, 0, 1, 1, 0, 4, 0, 1, 2, 2, 1, 4, 0, 3, 1, 1, 1, 1, 3, 1, 1, 1, 3, 0, 4, 3, 1, 4, 1, 1, 0, 4, 1, 1, 2, 1, 1, 1, 1, 3, 1, 2, 1, 1, 4, 1, 2, 1, 3, 1, 1, 2, 1, 2, 1, 4, 2, 2]|[0, 2, 1, 1, 3, 0, 1, 3, 0, 0, 0, 0, 1, 0, 1, 0, 0, 3, 1, 0, 0, 0, 3, 1, 0, 2, 0, 0, 0, 1, 0, 0, 0, 0, 3, 0, 1, 0, 0, 2, 1, 1, 2, 0, 0, 0, 0, 2, 1, 0, 0, 0, 1, 3, 0, 0, 0, 0, 0, 0, 2, 0, 1, 0, 2, 1, 0, 0, 1, 1, 3, 1, 1, 3, 0, 0, 1, 0, 0, 0, 0, 0, 0, 1, 1, 0, 0, 0, 1, 0, 2, 0, 0, 0, 1, 0, 0, 2, 0, 0],788.6447139060145,55317.148903900605,95332.14038831917,true
62,G4_BALANCED,G1_CMAX,[31, 22, 42, 15, 26, 58, 95, 82, 77, 12, 47, 5, 93, 78, 98, 54, 85, 63, 18, 44, 20, 35, 43, 97, 91, 76, 10, 30, 21, 45, 71, 64, 1, 23, 17, 83, 24, 61, 60, 36, 6, 57, 94, 88, 65, 56, 79, 40, 67, 68, 46, 75, 38, 9, 19, 32, 81, 41, 27, 62, 87, 90, 99, 59, 53, 16, 72, 73, 70, 39, 37, 84, 3, 92, 25, 55, 28, 29, 51, 7, 11, 14, 86, 66, 89, 50, 48, 96, 33, 80, 4, 8, 74, 49, 0, 52, 13, 2, 69, 34]|[1, 1, 0, 1, 1, 1, 2, 1, 2, 1, 2, 2, 2, 1, 1, 0, 0, 1, 0, 2, 2, 0, 1, 2, 0, 1, 2, 2, 0, 0, 1, 2, 1, 2, 1, 0, 2, 1, 1, 1, 0, 1, 1, 1, 0, 2, 1, 1, 0, 0, 0, 0, 1, 1, 2, 1, 2, 2, 0, 0, 2, 1, 0, 1, 2, 1, 2, 1, 1, 1, 1, 1, 2, 0, 1, 1, 0, 0, 0, 1, 0, 1, 0, 2, 1, 0, 0, 2, 2, 0, 1, 1, 2, 0, 0, 1, 0, 0, 1, 2]|[4, 3, 2, 2, 0, 0, 2, 2, 2, 4, 1, 1, 2, 4, 4, 1, 1, 4, 2, 1, 1, 1, 1, 2, 1, 2, 1, 1, 1, 1, 3, 2, 3, 0, 4, 0, 1, 3, 0, 3, 2, 2, 4, 0, 1, 1, 3, 2, 0, 1, 2, 2, 1, 4, 0, 3, 2, 1, 1, 2, 1, 3, 1, 1, 1, 3, 0, 4, 3, 1, 4, 1, 1, 2, 4, 4, 2, 1, 1, 3, 2, 3, 1, 1, 1, 1, 1, 1, 1, 1, 4, 3, 1, 1, 2, 1, 2, 2, 4, 1]|[0, 2, 1, 1, 3, 3, 0, 1, 0, 0, 0, 0, 1, 0, 1, 0, 0, 3, 1, 0, 0, 0, 3, 1, 0, 2, 0, 0, 0, 1, 0, 0, 0, 0, 3, 0, 1, 0, 0, 2, 1, 1, 2, 0, 0, 0, 0, 1, 1, 0, 0, 0, 1, 3, 0, 0, 1, 0, 0, 1, 0, 2, 0, 1, 0, 2, 1, 0, 0, 1, 1, 3, 0, 1, 3, 3, 1, 0, 0, 2, 1, 0, 0, 0, 1, 0, 0, 0, 0, 0, 0, 2, 0, 1, 0, 1, 0, 0, 2, 0],728.5004367423115,56969.171099257095,91715.9624816939,true
62,G2_TEC,G2_TEC,[20, 94, 66, 15, 26, 9, 95, 42, 77, 68, 47, 5, 3, 14, 86, 54, 85, 63, 18, 44, 31, 49, 36, 78, 74, 50, 53, 17, 21, 28, 11, 64, 93, 23, 30, 83, 24, 41, 40, 52, 65, 27, 90, 70, 39, 87, 48, 69, 99, 4, 46, 1, 13, 56, 97, 59, 45, 8, 73, 37, 35, 79, 71, 82, 76, 32, 60, 80, 58, 6, 67, 61, 33, 7, 57, 34, 12, 16, 10, 22, 96, 88, 43, 81, 91, 2, 84, 29, 92, 19, 51, 89, 38, 25, 72, 75, 98, 62, 55, 0]|[2, 1, 2, 1, 1, 2, 1, 1, 1, 1, 1, 0, 2, 2, 1, 2, 0, 0, 0, 2, 2, 1, 0, 2, 0, 2, 2, 1, 0, 1, 1, 1, 0, 0, 1, 0, 2, 1, 2, 2, 0, 0, 1, 1, 0, 2, 0, 2, 1, 0, 0, 2, 0, 2, 2, 0, 1, 1, 0, 0, 2, 1, 1, 2, 2, 0, 2, 2, 2, 1, 2, 1, 1, 2, 0, 1, 1, 2, 1, 2, 0, 1, 1, 1, 1, 0, 0, 1, 0, 1, 1, 1, 0, 1, 1, 0, 2, 1, 0, 0]|[1, 3, 1, 3, 4, 1, 4, 4, 4, 4, 3, 2, 1, 0, 2, 1, 1, 1, 2, 1, 1, 3, 0, 1, 0, 1, 1, 4, 1, 4, 3, 2, 2, 0, 4, 1, 1, 4, 1, 1, 2, 1, 4, 4, 1, 1, 0, 1, 3, 2, 2, 1, 2, 1, 1, 2, 4, 3, 0, 2, 1, 3, 3, 1, 1, 2, 1, 1, 1, 4, 1, 3, 4, 1, 2, 4, 3, 1, 3, 1, 2, 4, 4, 4, 3, 2, 2, 3, 2, 4, 3, 4, 2, 4, 4, 2, 1, 3, 2, 2]|[0, 2, 0, 0, 3, 0, 1, 3, 1, 0, 2, 0, 1, 0, 1, 0, 0, 0, 1, 0, 0, 2, 0, 0, 1, 0, 0, 3, 0, 1, 0, 2, 0, 0, 3, 0, 1, 1, 0, 0, 0, 0, 1, 3, 0, 0, 1, 0, 2, 0, 0, 0, 0, 0, 1, 0, 1, 0, 1, 1, 0, 2, 0, 0, 0, 0, 0, 0, 0, 2, 0, 0, 1, 0, 0, 1, 0, 0, 3, 0, 0, 1, 2, 2, 0, 0, 0, 3, 0, 1, 0, 1, 0, 3, 1, 0, 0, 0, 0, 0],910.6016522559228,48196.44872629531,105119.71286620182,false
62,G3_TWC,G3_TWC,[31, 22, 42, 15, 26, 58, 95, 82, 77, 12, 47, 5, 93, 78, 98, 54, 85, 63, 18, 44, 20, 35, 43, 97, 91, 76, 10, 30, 21, 45, 71, 64, 1, 23, 17, 83, 24, 61, 60, 49, 6, 57, 94, 88, 65, 56, 79, 40, 67, 68, 46, 75, 0, 9, 19, 32, 81, 41, 27, 62, 87, 90, 99, 59, 53, 16, 72, 73, 70, 39, 37, 84, 3, 92, 25, 74, 28, 38, 51, 7, 11, 14, 34, 48, 89, 66, 50, 96, 33, 80, 8, 4, 86, 36, 2, 52, 13, 29, 69, 55]|[1, 1, 0, 1, 1, 1, 2, 1, 2, 1, 2, 2, 2, 1, 1, 0, 0, 1, 0, 2, 2, 0, 1, 2, 0, 1, 2, 2, 0, 0, 1, 2, 1, 0, 1, 0, 2, 0, 1, 1, 0, 1, 1, 1, 0, 2, 1, 1, 0, 0, 0, 0, 1, 1, 0, 1, 2, 0, 0, 0, 2, 1, 0, 1, 0, 1, 2, 1, 1, 1, 1, 1, 2, 0, 1, 2, 0, 0, 0, 1, 0, 1, 2, 0, 1, 0, 0, 0, 2, 0, 1, 0, 0, 0, 0, 1, 0, 0, 1, 1]|[4, 3, 2, 2, 0, 0, 2, 2, 2, 4, 1, 1, 2, 4, 4, 1, 1, 4, 2, 1, 1, 1, 1, 2, 1, 2, 1, 1, 1, 1, 3, 2, 3, 0, 4, 0, 1, 1, 0, 3, 2, 2, 4, 0, 1, 1, 3, 2, 0, 1, 2, 2, 1, 4, 2, 3, 2, 1, 1, 2, 1, 3, 1, 1, 2, 3, 0, 4, 3, 1, 4, 1, 1, 2, 4, 1, 2, 1, 1, 3, 2, 3, 1, 1, 1, 1, 1, 1, 1, 1, 3, 2, 1, 1, 2, 1, 2, 2, 3, 4]|[0, 2, 1, 1, 3, 3, 0, 1, 0, 0, 0, 0, 1, 0, 1, 0, 0, 3, 1, 0, 0, 0, 3, 1, 0, 2, 0, 0, 0, 1, 0, 0, 0, 0, 3, 0, 1, 0, 0, 2, 1, 1, 2, 0, 0, 0, 0, 1, 1, 0, 0, 0, 1, 3, 1, 0, 1, 0, 0, 1, 0, 2, 0, 1, 1, 2, 1, 0, 0, 1, 1, 3, 0, 1, 3, 0, 1, 0, 0, 2, 1, 0, 0, 0, 1, 0, 0, 0, 0, 0, 2, 1, 0, 1, 0, 1, 0, 0, 0, 3],872.1650162521609,57947.7929046089,85993.49946424144,false
62,G1_CMAX,G3_TWC,[31, 22, 42, 15, 26, 58, 95, 82, 77, 12, 47, 5, 93, 78, 98, 54, 85, 63, 18, 44, 20, 35, 43, 97, 91, 76, 10, 30, 21, 45, 71, 64, 1, 23, 17, 83, 24, 61, 60, 49, 6, 57, 94, 88, 65, 56, 79, 40, 67, 68, 46, 75, 38, 9, 19, 32, 81, 41, 27, 62, 87, 90, 99, 59, 11, 16, 72, 73, 70, 39, 37, 84, 3, 92, 25, 74, 28, 29, 51, 7, 53, 14, 86, 48, 89, 50, 8, 96, 33, 80, 66, 4, 0, 36, 2, 52, 13, 34, 69, 55]|[1, 1, 0, 1, 1, 1, 2, 1, 2, 1, 2, 2, 2, 1, 1, 0, 0, 1, 0, 2, 2, 0, 1, 2, 0, 1, 2, 2, 0, 0, 1, 2, 1, 2, 1, 0, 2, 0, 1, 1, 0, 1, 1, 1, 0, 2, 1, 1, 0, 0, 0, 0, 1, 1, 2, 1, 2, 0, 0, 0, 2, 1, 0, 1, 0, 1, 2, 1, 1, 1, 1, 1, 2, 0, 1, 2, 0, 0, 0, 1, 2, 1, 0, 0, 1, 0, 1, 2, 2, 0, 0, 0, 0, 0, 0, 1, 0, 2, 1, 1]|[4, 3, 2, 2, 0, 0, 2, 2, 2, 4, 1, 1, 2, 4, 4, 1, 1, 4, 2, 1, 1, 1, 1, 2, 1, 2, 1, 1, 1, 1, 3, 2, 3, 0, 4, 0, 1, 1, 0, 3, 2, 2, 4, 0, 1, 1, 3, 2, 0, 1, 2, 2, 1, 4, 0, 3, 2, 1, 1, 2, 1, 3, 1, 1, 2, 3, 0, 4, 3, 1, 4, 1, 1, 2, 4, 1, 2, 1, 1, 3, 1, 3, 1, 1, 1, 1, 3, 1, 1, 1, 1, 2, 2, 1, 2, 1, 2, 1, 3, 4]|[0, 2, 1, 1, 3, 3, 0, 1, 0, 0, 0, 0, 1, 0, 1, 0, 0, 3, 1, 0, 0, 0, 3, 1, 0, 2, 0, 0, 0, 1, 0, 0, 0, 0, 3, 0, 1, 0, 0, 2, 1, 1, 2, 0, 0, 0, 0, 1, 1, 0, 0, 0, 1, 3, 0, 0, 1, 0, 0, 1, 0, 2, 0, 1, 1, 2, 1, 0, 0, 1, 1, 3, 0, 1, 3, 0, 1, 0, 0, 2, 0, 0, 0, 0, 1, 0, 2, 0, 0, 0, 0, 1, 0, 1, 0, 1, 0, 0, 0, 3],764.3611046789999,57497.28635450321,88401.01598835559,true
62,G4_BALANCED,G1_CMAX,[31, 22, 42, 15, 26, 58, 95, 82, 77, 12, 47, 5, 93, 78, 98, 54, 85, 63, 18, 44, 20, 35, 43, 97, 91, 76, 10, 30, 21, 45, 71, 64, 1, 23, 17, 83, 24, 61, 60, 36, 6, 57, 94, 88, 65, 56, 79, 40, 67, 68, 46, 75, 38, 9, 19, 32, 81, 41, 27, 62, 87, 90, 99, 59, 53, 16, 72, 73, 70, 39, 37, 84, 3, 92, 25, 55, 28, 29, 51, 7, 11, 14, 86, 66, 89, 50, 48, 96, 33, 80, 4, 8, 74, 49, 0, 52, 13, 2, 69, 34]|[1, 1, 0, 1, 1, 1, 2, 1, 2, 1, 2, 2, 2, 1, 1, 0, 0, 1, 0, 2, 2, 0, 1, 2, 0, 1, 2, 2, 0, 0, 1, 2, 1, 2, 1, 0, 2, 1, 1, 1, 0, 1, 1, 1, 0, 2, 1, 1, 0, 0, 0, 0, 1, 1, 2, 1, 2, 2, 0, 0, 2, 1, 0, 1, 2, 1, 2, 1, 1, 1, 1, 1, 2, 0, 1, 1, 0, 0, 0, 1, 0, 1, 0, 2, 1, 0, 0, 2, 2, 0, 1, 1, 2, 0, 0, 1, 0, 0, 1, 2]|[4, 3, 2, 2, 0, 0, 2, 2, 2, 4, 1, 1, 2, 4, 4, 1, 1, 4, 2, 1, 1, 1, 1, 2, 1, 2, 1, 1, 1, 1, 3, 2, 3, 0, 4, 0, 1, 3, 0, 3, 2, 2, 4, 0, 1, 1, 3, 2, 0, 1, 2, 2, 1, 4, 0, 3, 2, 1, 1, 2, 1, 3, 1, 1, 1, 3, 0, 4, 3, 1, 4, 1, 1, 2, 4, 4, 2, 1, 1, 3, 2, 3, 1, 1, 1, 1, 1, 1, 1, 1, 4, 3, 1, 1, 2, 1, 2, 2, 4, 1]|[0, 2, 1, 1, 3, 3, 0, 1, 0, 0, 0, 0, 1, 0, 1, 0, 0, 3, 1, 0, 0, 0, 3, 1, 0, 2, 0, 0, 0, 1, 0, 0, 0, 0, 3, 0, 1, 0, 0, 2, 1, 1, 2, 0, 0, 0, 0, 1, 1, 0, 0, 0, 1, 3, 0, 0, 1, 0, 0, 1, 0, 2, 0, 1, 0, 2, 1, 0, 0, 1, 1, 3, 0, 1, 3, 3, 1, 0, 0, 2, 1, 0, 0, 0, 1, 0, 0, 0, 0, 0, 0, 2, 0, 1, 0, 1, 0, 0, 2, 0],728.5004367423115,56969.171099257095,91715.9624816939,true
62,G2_TEC,G2_TEC,[20, 94, 66, 15, 26, 9, 95, 42, 77, 68, 47, 5, 3, 14, 86, 54, 85, 63, 18, 44, 31, 49, 36, 78, 74, 50, 53, 17, 21, 28, 11, 64, 93, 23, 30, 83, 24, 41, 40, 52, 65, 27, 90, 70, 39, 87, 48, 69, 99, 4, 46, 1, 13, 56, 97, 59, 45, 8, 73, 37, 35, 79, 71, 82, 76, 32, 60, 80, 58, 6, 67, 61, 33, 7, 57, 34, 12, 16, 10, 22, 96, 88, 43, 81, 91, 2, 84, 29, 92, 19, 51, 89, 38, 25, 72, 75, 98, 62, 55, 0]|[2, 1, 2, 1, 1, 2, 1, 1, 1, 1, 1, 0, 2, 2, 1, 2, 0, 0, 0, 2, 2, 1, 0, 2, 0, 2, 2, 1, 0, 1, 1, 1, 0, 0, 1, 0, 2, 1, 2, 2, 0, 0, 1, 1, 0, 2, 0, 2, 1, 0, 0, 2, 0, 2, 2, 0, 1, 1, 0, 0, 2, 1, 1, 2, 2, 0, 2, 2, 2, 1, 2, 1, 1, 2, 0, 1, 1, 2, 1, 2, 0, 1, 1, 1, 1, 0, 0, 1, 0, 1, 1, 1, 0, 1, 1, 0, 2, 1, 0, 0]|[1, 3, 1, 3, 4, 1, 4, 4, 4, 4, 3, 2, 1, 0, 2, 1, 1, 1, 2, 1, 1, 3, 0, 1, 0, 1, 1, 4, 1, 4, 3, 2, 2, 0, 4, 1, 1, 4, 1, 1, 2, 1, 4, 4, 1, 1, 0, 1, 3, 2, 2, 1, 2, 1, 1, 2, 4, 3, 0, 2, 1, 3, 3, 1, 1, 2, 1, 1, 1, 4, 1, 3, 4, 1, 2, 4, 3, 1, 3, 1, 2, 4, 4, 4, 3, 2, 2, 3, 2, 4, 3, 4, 2, 4, 4, 2, 1, 3, 2, 2]|[0, 2, 0, 0, 3, 0, 1, 3, 1, 0, 2, 0, 1, 0, 1, 0, 0, 0, 1, 0, 0, 2, 0, 0, 1, 0, 0, 3, 0, 1, 0, 2, 0, 0, 3, 0, 1, 1, 0, 0, 0, 0, 1, 3, 0, 0, 1, 0, 2, 0, 0, 0, 0, 0, 1, 0, 1, 0, 1, 1, 0, 2, 0, 0, 0, 0, 0, 0, 0, 2, 0, 0, 1, 0, 0, 1, 0, 0, 3, 0, 0, 1, 2, 2, 0, 0, 0, 3, 0, 1, 0, 1, 0, 3, 1, 0, 0, 0, 0, 0],910.6016522559228,48196.44872629531,105119.71286620182,false
62,G3_TWC,G3_TWC,[31, 22, 42, 15, 26, 58, 95, 82, 77, 12, 47, 5, 93, 78, 98, 54, 85, 63, 18, 44, 20, 35, 43, 97, 91, 76, 10, 30, 21, 45, 71, 64, 1, 23, 17, 83, 24, 61, 60, 49, 6, 57, 94, 88, 65, 56, 79, 40, 67, 68, 46, 75, 0, 9, 19, 32, 81, 41, 27, 62, 87, 90, 99, 59, 53, 16, 72, 73, 70, 39, 37, 84, 3, 92, 25, 74, 28, 38, 51, 7, 11, 14, 34, 48, 89, 66, 50, 96, 33, 80, 8, 4, 86, 36, 2, 52, 13, 29, 69, 55]|[1, 1, 0, 1, 1, 1, 2, 1, 2, 1, 2, 2, 2, 1, 1, 0, 0, 1, 0, 2, 2, 0, 1, 2, 0, 1, 2, 2, 0, 0, 1, 2, 1, 0, 1, 0, 2, 0, 1, 1, 0, 1, 1, 1, 0, 2, 1, 1, 0, 0, 0, 0, 1, 1, 0, 1, 2, 0, 0, 0, 2, 1, 0, 1, 0, 1, 2, 1, 1, 1, 1, 1, 2, 0, 1, 2, 0, 0, 0, 1, 0, 1, 2, 0, 1, 0, 0, 0, 2, 0, 1, 0, 0, 0, 0, 1, 0, 0, 1, 1]|[4, 3, 2, 2, 0, 0, 2, 2, 2, 4, 1, 1, 2, 4, 4, 1, 1, 4, 2, 1, 1, 1, 1, 2, 1, 2, 1, 1, 1, 1, 3, 2, 3, 0, 4, 0, 1, 1, 0, 3, 2, 2, 4, 0, 1, 1, 3, 2, 0, 1, 2, 2, 1, 4, 2, 3, 2, 1, 1, 2, 1, 3, 1, 1, 2, 3, 0, 4, 3, 1, 4, 1, 1, 2, 4, 1, 2, 1, 1, 3, 2, 3, 1, 1, 1, 1, 1, 1, 1, 1, 3, 2, 1, 1, 2, 1, 2, 2, 3, 4]|[0, 2, 1, 1, 3, 3, 0, 1, 0, 0, 0, 0, 1, 0, 1, 0, 0, 3, 1, 0, 0, 0, 3, 1, 0, 2, 0, 0, 0, 1, 0, 0, 0, 0, 3, 0, 1, 0, 0, 2, 1, 1, 2, 0, 0, 0, 0, 1, 1, 0, 0, 0, 1, 3, 1, 0, 1, 0, 0, 1, 0, 2, 0, 1, 1, 2, 1, 0, 0, 1, 1, 3, 0, 1, 3, 0, 1, 0, 0, 2, 1, 0, 0, 0, 1, 0, 0, 0, 0, 0, 2, 1, 0, 1, 0, 1, 0, 0, 0, 3],872.1650162521609,57947.7929046089,85993.49946424144,false
62,G1_CMAX,G1_CMAX,[31, 11, 82, 15, 26, 58, 95, 42, 77, 12, 47, 5, 93, 78, 86, 54, 85, 63, 18, 44, 20, 35, 43, 97, 91, 76, 10, 30, 21, 45, 71, 64, 1, 23, 17, 83, 24, 14, 60, 36, 6, 57, 40, 88, 65, 56, 79, 94, 67, 68, 46, 75, 38, 9, 19, 32, 22, 81, 27, 87, 90, 99, 59, 62, 41, 16, 73, 70, 39, 37, 84, 3, 72, 92, 25, 34, 29, 55, 51, 7, 33, 61, 96, 48, 89, 50, 8, 98, 53, 80, 4, 66, 28, 49, 52, 0, 13, 2, 69, 74]|[1, 1, 0, 1, 1, 0, 1, 2, 2, 1, 2, 2, 2, 1, 1, 0, 0, 1, 0, 2, 2, 0, 1, 2, 0, 1, 2, 2, 0, 0, 1, 2, 1, 2, 1, 0, 2, 0, 1, 1, 0, 1, 1, 1, 0, 2, 1, 1, 0, 0, 0, 0, 1, 1, 2, 1, 0, 2, 0, 2, 1, 0, 1, 2, 2, 1, 1, 1, 1, 1, 1, 1, 2, 0, 1, 2, 0, 1, 0, 1, 2, 1, 2, 0, 1, 0, 1, 2, 0, 0, 1, 2, 0, 0, 1, 0, 0, 0, 1, 2]|[4, 3, 2, 2, 4, 1, 2, 2, 2, 4, 1, 1, 2, 4, 4, 1, 2, 4, 2, 1, 1, 1, 1, 2, 1, 2, 1, 1, 2, 1, 3, 2, 3, 1, 4, 0, 1, 1, 1, 3, 2, 2, 2, 0, 1, 1, 0, 4, 0, 1, 2, 2, 1, 4, 0, 3, 1, 2, 1, 1, 3, 1, 1, 1, 1, 3, 4, 3, 1, 4, 1, 1, 1, 0, 4, 1, 1, 4, 1, 1, 1, 3, 1, 1, 1, 1, 3, 1, 2, 1, 4, 1, 2, 1, 1, 2, 2, 2, 4, 1]|[0, 2, 1, 1, 3, 0, 1, 0, 0, 0, 0, 0, 1, 0, 1, 0, 0, 3, 1, 0, 0, 0, 3, 1, 0, 2, 0, 0, 0, 1, 0, 0, 0, 0, 3, 0, 1, 0, 0, 2, 1, 1, 1, 0, 0, 0, 0, 2, 1, 0, 0, 0, 1, 3, 0, 0, 0, 1, 0, 0, 2, 0, 1, 0, 0, 2, 0, 0, 1, 1, 3, 1, 0, 1, 3, 0, 0, 3, 0, 2, 0, 0, 0, 0, 1, 0, 2, 0, 1, 0, 0, 0, 1, 1, 1, 0, 0, 0, 2, 0],781.468167390965,55385.91204651697,96181.17954732271,false
62,G4_BALANCED,G1_CMAX,[31, 22, 42, 15, 26, 58, 95, 82, 77, 12, 47, 5, 93, 78, 98, 54, 85, 63, 18, 44, 20, 35, 43, 97, 91, 76, 10, 30, 21, 45, 71, 64, 1, 23, 17, 83, 24, 61, 60, 36, 6, 57, 94, 88, 65, 56, 79, 40, 67, 68, 46, 75, 38, 9, 19, 32, 81, 41, 27, 62, 87, 90, 99, 59, 53, 16, 72, 73, 70, 39, 37, 84, 3, 92, 25, 55, 28, 29, 51, 7, 11, 14, 86, 66, 89, 50, 48, 96, 33, 80, 4, 8, 74, 49, 0, 52, 13, 2, 69, 34]|[1, 1, 0, 1, 1, 1, 2, 1, 2, 1, 2, 2, 2, 1, 1, 0, 0, 1, 0, 2, 2, 0, 1, 2, 0, 1, 2, 2, 0, 0, 1, 2, 1, 2, 1, 0, 2, 1, 1, 1, 0, 1, 1, 1, 0, 2, 1, 1, 0, 0, 0, 0, 1, 1, 2, 1, 2, 2, 0, 0, 2, 1, 0, 1, 2, 1, 2, 1, 1, 1, 1, 1, 2, 0, 1, 1, 0, 0, 0, 1, 0, 1, 0, 2, 1, 0, 0, 2, 2, 0, 1, 1, 2, 0, 0, 1, 0, 0, 1, 2]|[4, 3, 2, 2, 0, 0, 2, 2, 2, 4, 1, 1, 2, 4, 4, 1, 1, 4, 2, 1, 1, 1, 1, 2, 1, 2, 1, 1, 1, 1, 3, 2, 3, 0, 4, 0, 1, 3, 0, 3, 2, 2, 4, 0, 1, 1, 3, 2, 0, 1, 2, 2, 1, 4, 0, 3, 2, 1, 1, 2, 1, 3, 1, 1, 1, 3, 0, 4, 3, 1, 4, 1, 1, 2, 4, 4, 2, 1, 1, 3, 2, 3, 1, 1, 1, 1, 1, 1, 1, 1, 4, 3, 1, 1, 2, 1, 2, 2, 4, 1]|[0, 2, 1, 1, 3, 3, 0, 1, 0, 0, 0, 0, 1, 0, 1, 0, 0, 3, 1, 0, 0, 0, 3, 1, 0, 2, 0, 0, 0, 1, 0, 0, 0, 0, 3, 0, 1, 0, 0, 2, 1, 1, 2, 0, 0, 0, 0, 1, 1, 0, 0, 0, 1, 3, 0, 0, 1, 0, 0, 1, 0, 2, 0, 1, 0, 2, 1, 0, 0, 1, 1, 3, 0, 1, 3, 3, 1, 0, 0, 2, 1, 0, 0, 0, 1, 0, 0, 0, 0, 0, 0, 2, 0, 1, 0, 1, 0, 0, 2, 0],728.5004367423115,56969.171099257095,91715.9624816939,true
62,G2_TEC,G2_TEC,[20, 94, 66, 15, 26, 9, 95, 42, 77, 68, 47, 5, 3, 14, 86, 54, 85, 63, 18, 44, 31, 49, 36, 78, 74, 50, 53, 17, 21, 28, 11, 64, 93, 23, 30, 83, 24, 41, 40, 52, 65, 27, 90, 70, 39, 87, 48, 69, 99, 4, 46, 1, 13, 56, 97, 59, 45, 8, 73, 37, 35, 79, 71, 82, 76, 32, 60, 80, 58, 6, 67, 61, 33, 7, 57, 34, 12, 16, 10, 22, 96, 88, 43, 81, 91, 2, 84, 29, 92, 19, 51, 89, 38, 25, 72, 75, 98, 62, 55, 0]|[2, 1, 2, 1, 1, 2, 1, 1, 1, 1, 1, 0, 2, 2, 1, 2, 0, 0, 0, 2, 2, 1, 0, 2, 0, 2, 2, 1, 0, 1, 1, 1, 0, 0, 1, 0, 2, 1, 2, 2, 0, 0, 1, 1, 0, 2, 0, 2, 1, 0, 0, 2, 0, 2, 2, 0, 1, 1, 0, 0, 2, 1, 1, 2, 2, 0, 2, 2, 2, 1, 2, 1, 1, 2, 0, 1, 1, 2, 1, 2, 0, 1, 1, 1, 1, 0, 0, 1, 0, 1, 1, 1, 0, 1, 1, 0, 2, 1, 0, 0]|[1, 3, 1, 3, 4, 1, 4, 4, 4, 4, 3, 2, 1, 0, 2, 1, 1, 1, 2, 1, 1, 3, 0, 1, 0, 1, 1, 4, 1, 4, 3, 2, 2, 0, 4, 1, 1, 4, 1, 1, 2, 1, 4, 4, 1, 1, 0, 1, 3, 2, 2, 1, 2, 1, 1, 2, 4, 3, 0, 2, 1, 3, 3, 1, 1, 2, 1, 1, 1, 4, 1, 3, 4, 1, 2, 4, 3, 1, 3, 1, 2, 4, 4, 4, 3, 2, 2, 3, 2, 4, 3, 4, 2, 4, 4, 2, 1, 3, 2, 2]|[0, 2, 0, 0, 3, 0, 1, 3, 1, 0, 2, 0, 1, 0, 1, 0, 0, 0, 1, 0, 0, 2, 0, 0, 1, 0, 0, 3, 0, 1, 0, 2, 0, 0, 3, 0, 1, 1, 0, 0, 0, 0, 1, 3, 0, 0, 1, 0, 2, 0, 0, 0, 0, 0, 1, 0, 1, 0, 1, 1, 0, 2, 0, 0, 0, 0, 0, 0, 0, 2, 0, 0, 1, 0, 0, 1, 0, 0, 3, 0, 0, 1, 2, 2, 0, 0, 0, 3, 0, 1, 0, 1, 0, 3, 1, 0, 0, 0, 0, 0],910.6016522559228,48196.44872629531,105119.71286620182,false
62,G3_TWC,G3_TWC,[31, 22, 42, 15, 26, 58, 95, 82, 77, 12, 47, 5, 93, 78, 98, 54, 85, 63, 18, 44, 20, 35, 43, 97, 91, 76, 10, 30, 21, 45, 71, 64, 1, 23, 17, 83, 24, 61, 60, 49, 6, 57, 94, 88, 65, 56, 79, 40, 67, 68, 46, 75, 0, 9, 19, 32, 81, 41, 27, 62, 87, 90, 99, 59, 53, 16, 72, 73, 70, 39, 37, 84, 3, 92, 25, 74, 28, 38, 51, 7, 11, 14, 34, 48, 89, 66, 50, 96, 33, 80, 8, 4, 86, 36, 2, 52, 13, 29, 69, 55]|[1, 1, 0, 1, 1, 1, 2, 1, 2, 1, 2, 2, 2, 1, 1, 0, 0, 1, 0, 2, 2, 0, 1, 2, 0, 1, 2, 2, 0, 0, 1, 2, 1, 0, 1, 0, 2, 0, 1, 1, 0, 1, 1, 1, 0, 2, 1, 1, 0, 0, 0, 0, 1, 1, 0, 1, 2, 0, 0, 0, 2, 1, 0, 1, 0, 1, 2, 1, 1, 1, 1, 1, 2, 0, 1, 2, 0, 0, 0, 1, 0, 1, 2, 0, 1, 0, 0, 0, 2, 0, 1, 0, 0, 0, 0, 1, 0, 0, 1, 1]|[4, 3, 2, 2, 0, 0, 2, 2, 2, 4, 1, 1, 2, 4, 4, 1, 1, 4, 2, 1, 1, 1, 1, 2, 1, 2, 1, 1, 1, 1, 3, 2, 3, 0, 4, 0, 1, 1, 0, 3, 2, 2, 4, 0, 1, 1, 3, 2, 0, 1, 2, 2, 1, 4, 2, 3, 2, 1, 1, 2, 1, 3, 1, 1, 2, 3, 0, 4, 3, 1, 4, 1, 1, 2, 4, 1, 2, 1, 1, 3, 2, 3, 1, 1, 1, 1, 1, 1, 1, 1, 3, 2, 1, 1, 2, 1, 2, 2, 3, 4]|[0, 2, 1, 1, 3, 3, 0, 1, 0, 0, 0, 0, 1, 0, 1, 0, 0, 3, 1, 0, 0, 0, 3, 1, 0, 2, 0, 0, 0, 1, 0, 0, 0, 0, 3, 0, 1, 0, 0, 2, 1, 1, 2, 0, 0, 0, 0, 1, 1, 0, 0, 0, 1, 3, 1, 0, 1, 0, 0, 1, 0, 2, 0, 1, 1, 2, 1, 0, 0, 1, 1, 3, 0, 1, 3, 0, 1, 0, 0, 2, 1, 0, 0, 0, 1, 0, 0, 0, 0, 0, 2, 1, 0, 1, 0, 1, 0, 0, 0, 3],872.1650162521609,57947.7929046089,85993.49946424144,false
62,G1_CMAX,G4_BALANCED,[31, 22, 42, 15, 26, 58, 95, 82, 77, 12, 47, 5, 93, 78, 98, 54, 85, 63, 18, 44, 20, 35, 43, 97, 91, 76, 10, 30, 21, 45, 71, 64, 1, 23, 17, 83, 24, 61, 60, 36, 6, 57, 94, 88, 65, 56, 79, 40, 67, 68, 46, 29, 38, 9, 19, 32, 81, 41, 27, 87, 90, 62, 99, 59, 11, 16, 72, 73, 70, 39, 37, 84, 3, 92, 25, 74, 28, 75, 51, 50, 33, 14, 86, 48, 7, 89, 66, 96, 53, 80, 4, 8, 55, 49, 0, 52, 13, 2, 69, 34]|[1, 1, 0, 1, 1, 1, 2, 1, 2, 1, 2, 2, 2, 1, 1, 0, 0, 1, 0, 2, 2, 0, 1, 2, 0, 1, 2, 2, 0, 0, 1, 2, 1, 2, 1, 0, 2, 0, 1, 1, 0, 1, 1, 1, 0, 2, 1, 1, 0, 0, 0, 0, 1, 1, 2, 1, 2, 0, 0, 2, 1, 2, 0, 1, 2, 1, 2, 1, 1, 1, 1, 1, 2, 0, 1, 2, 0, 0, 0, 0, 2, 1, 0, 0, 1, 1, 2, 2, 0, 0, 0, 1, 1, 2, 0, 1, 0, 0, 1, 2]|[4, 3, 2, 2, 0, 0, 2, 2, 2, 4, 1, 1, 2, 4, 4, 1, 1, 4, 2, 1, 1, 1, 1, 2, 1, 2, 1, 1, 2, 1, 3, 2, 3, 1, 4, 0, 1, 1, 0, 3, 2, 2, 4, 0, 1, 1, 3, 2, 0, 1, 2, 2, 1, 4, 0, 3, 2, 1, 1, 1, 3, 1, 1, 1, 1, 3, 1, 4, 3, 1, 4, 1, 1, 2, 4, 1, 2, 2, 1, 1, 1, 3, 1, 1, 3, 1, 1, 1, 2, 1, 2, 3, 4, 1, 2, 1, 2, 2, 4, 1]|[0, 2, 1, 1, 3, 3, 0, 1, 0, 0, 0, 0, 1, 0, 1, 0, 0, 3, 1, 0, 0, 0, 3, 1, 0, 2, 0, 0, 0, 1, 0, 0, 0, 0, 3, 0, 1, 0, 0, 2, 1, 1, 2, 0, 0, 0, 0, 1, 1, 0, 0, 0, 1, 3, 0, 0, 1, 0, 0, 0, 2, 0, 0, 1, 0, 2, 0, 0, 0, 1, 1, 3, 0, 1, 3, 0, 1, 0, 0, 0, 0, 0, 0, 0, 2, 1, 0, 0, 1, 0, 1, 2, 3, 0, 0, 1, 0, 0, 2, 0],771.8540185458395,55549.87092772101,92365.27634175272,true
62,G4_BALANCED,G1_CMAX,[31, 22, 42, 15, 26, 58, 95, 82, 77, 12, 47, 5, 93, 78, 98, 54, 85, 63, 18, 44, 20, 35, 43, 97, 91, 76, 10, 30, 21, 45, 71, 64, 1, 23, 17, 83, 24, 61, 60, 36, 6, 57, 94, 88, 65, 56, 79, 40, 67, 68, 46, 75, 38, 9, 19, 32, 81, 41, 27, 62, 87, 90, 99, 59, 53, 16, 72, 73, 70, 39, 37, 84, 3, 92, 25, 55, 28, 29, 51, 7, 11, 14, 86, 66, 89, 50, 48, 96, 33, 80, 4, 8, 74, 49, 0, 52, 13, 2, 69, 34]|[1, 1, 0, 1, 1, 1, 2, 1, 2, 1, 2, 2, 2, 1, 1, 0, 0, 1, 0, 2, 2, 0, 1, 2, 0, 1, 2, 2, 0, 0, 1, 2, 1, 2, 1, 0, 2, 1, 1, 1, 0, 1, 1, 1, 0, 2, 1, 1, 0, 0, 0, 0, 1, 1, 2, 1, 2, 2, 0, 0, 2, 1, 0, 1, 2, 1, 2, 1, 1, 1, 1, 1, 2, 0, 1, 1, 0, 0, 0, 1, 0, 1, 0, 2, 1, 0, 0, 2, 2, 0, 1, 1, 2, 0, 0, 1, 0, 0, 1, 2]|[4, 3, 2, 2, 0, 0, 2, 2, 2, 4, 1, 1, 2, 4, 4, 1, 1, 4, 2, 1, 1, 1, 1, 2, 1, 2, 1, 1, 1, 1, 3, 2, 3, 0, 4, 0, 1, 3, 0, 3, 2, 2, 4, 0, 1, 1, 3, 2, 0, 1, 2, 2, 1, 4, 0, 3, 2, 1, 1, 2, 1, 3, 1, 1, 1, 3, 0, 4, 3, 1, 4, 1, 1, 2, 4, 4, 2, 1, 1, 3, 2, 3, 1, 1, 1, 1, 1, 1, 1, 1, 4, 3, 1, 1, 2, 1, 2, 2, 4, 1]|[0, 2, 1, 1, 3, 3, 0, 1, 0, 0, 0, 0, 1, 0, 1, 0, 0, 3, 1, 0, 0, 0, 3, 1, 0, 2, 0, 0, 0, 1, 0, 0, 0, 0, 3, 0, 1, 0, 0, 2, 1, 1, 2, 0, 0, 0, 0, 1, 1, 0, 0, 0, 1, 3, 0, 0, 1, 0, 0, 1, 0, 2, 0, 1, 0, 2, 1, 0, 0, 1, 1, 3, 0, 1, 3, 3, 1, 0, 0, 2, 1, 0, 0, 0, 1, 0, 0, 0, 0, 0, 0, 2, 0, 1, 0, 1, 0, 0, 2, 0],728.5004367423115,56969.171099257095,91715.9624816939,true
62,G2_TEC,G2_TEC,[20, 94, 66, 15, 26, 9, 95, 42, 77, 68, 47, 5, 3, 14, 86, 54, 85, 63, 18, 44, 31, 49, 36, 78, 74, 50, 53, 17, 21, 28, 11, 64, 93, 23, 30, 83, 24, 41, 40, 52, 65, 27, 90, 70, 39, 87, 48, 69, 99, 4, 46, 1, 13, 56, 97, 59, 45, 8, 73, 37, 35, 79, 71, 82, 76, 32, 60, 80, 58, 6, 67, 61, 33, 7, 57, 34, 12, 16, 10, 22, 96, 88, 43, 81, 91, 2, 84, 29, 92, 19, 51, 89, 38, 25, 72, 75, 98, 62, 55, 0]|[2, 1, 2, 1, 1, 2, 1, 1, 1, 1, 1, 0, 2, 2, 1, 2, 0, 0, 0, 2, 2, 1, 0, 2, 0, 2, 2, 1, 0, 1, 1, 1, 0, 0, 1, 0, 2, 1, 2, 2, 0, 0, 1, 1, 0, 2, 0, 2, 1, 0, 0, 2, 0, 2, 2, 0, 1, 1, 0, 0, 2, 1, 1, 2, 2, 0, 2, 2, 2, 1, 2, 1, 1, 2, 0, 1, 1, 2, 1, 2, 0, 1, 1, 1, 1, 0, 0, 1, 0, 1, 1, 1, 0, 1, 1, 0, 2, 1, 0, 0]|[1, 3, 1, 3, 4, 1, 4, 4, 4, 4, 3, 2, 1, 0, 2, 1, 1, 1, 2, 1, 1, 3, 0, 1, 0, 1, 1, 4, 1, 4, 3, 2, 2, 0, 4, 1, 1, 4, 1, 1, 2, 1, 4, 4, 1, 1, 0, 1, 3, 2, 2, 1, 2, 1, 1, 2, 4, 3, 0, 2, 1, 3, 3, 1, 1, 2, 1, 1, 1, 4, 1, 3, 4, 1, 2, 4, 3, 1, 3, 1, 2, 4, 4, 4, 3, 2, 2, 3, 2, 4, 3, 4, 2, 4, 4, 2, 1, 3, 2, 2]|[0, 2, 0, 0, 3, 0, 1, 3, 1, 0, 2, 0, 1, 0, 1, 0, 0, 0, 1, 0, 0, 2, 0, 0, 1, 0, 0, 3, 0, 1, 0, 2, 0, 0, 3, 0, 1, 1, 0, 0, 0, 0, 1, 3, 0, 0, 1, 0, 2, 0, 0, 0, 0, 0, 1, 0, 1, 0, 1, 1, 0, 2, 0, 0, 0, 0, 0, 0, 0, 2, 0, 0, 1, 0, 0, 1, 0, 0, 3, 0, 0, 1, 2, 2, 0, 0, 0, 3, 0, 1, 0, 1, 0, 3, 1, 0, 0, 0, 0, 0],910.6016522559228,48196.44872629531,105119.71286620182,false
62,G3_TWC,G3_TWC,[31, 22, 42, 15, 26, 58, 95, 82, 77, 12, 47, 5, 93, 78, 98, 54, 85, 63, 18, 44, 20, 35, 43, 97, 91, 76, 10, 30, 21, 45, 71, 64, 1, 23, 17, 83, 24, 61, 60, 49, 6, 57, 94, 88, 65, 56, 79, 40, 67, 68, 46, 75, 0, 9, 19, 32, 81, 41, 27, 62, 87, 90, 99, 59, 53, 16, 72, 73, 70, 39, 37, 84, 3, 92, 25, 74, 28, 38, 51, 7, 11, 14, 34, 48, 89, 66, 50, 96, 33, 80, 8, 4, 86, 36, 2, 52, 13, 29, 69, 55]|[1, 1, 0, 1, 1, 1, 2, 1, 2, 1, 2, 2, 2, 1, 1, 0, 0, 1, 0, 2, 2, 0, 1, 2, 0, 1, 2, 2, 0, 0, 1, 2, 1, 0, 1, 0, 2, 0, 1, 1, 0, 1, 1, 1, 0, 2, 1, 1, 0, 0, 0, 0, 1, 1, 0, 1, 2, 0, 0, 0, 2, 1, 0, 1, 0, 1, 2, 1, 1, 1, 1, 1, 2, 0, 1, 2, 0, 0, 0, 1, 0, 1, 2, 0, 1, 0, 0, 0, 2, 0, 1, 0, 0, 0, 0, 1, 0, 0, 1, 1]|[4, 3, 2, 2, 0, 0, 2, 2, 2, 4, 1, 1, 2, 4, 4, 1, 1, 4, 2, 1, 1, 1, 1, 2, 1, 2, 1, 1, 1, 1, 3, 2, 3, 0, 4, 0, 1, 1, 0, 3, 2, 2, 4, 0, 1, 1, 3, 2, 0, 1, 2, 2, 1, 4, 2, 3, 2, 1, 1, 2, 1, 3, 1, 1, 2, 3, 0, 4, 3, 1, 4, 1, 1, 2, 4, 1, 2, 1, 1, 3, 2, 3, 1, 1, 1, 1, 1, 1, 1, 1, 3, 2, 1, 1, 2, 1, 2, 2, 3, 4]|[0, 2, 1, 1, 3, 3, 0, 1, 0, 0, 0, 0, 1, 0, 1, 0, 0, 3, 1, 0, 0, 0, 3, 1, 0, 2, 0, 0, 0, 1, 0, 0, 0, 0, 3, 0, 1, 0, 0, 2, 1, 1, 2, 0, 0, 0, 0, 1, 1, 0, 0, 0, 1, 3, 1, 0, 1, 0, 0, 1, 0, 2, 0, 1, 1, 2, 1, 0, 0, 1, 1, 3, 0, 1, 3, 0, 1, 0, 0, 2, 1, 0, 0, 0, 1, 0, 0, 0, 0, 0, 2, 1, 0, 1, 0, 1, 0, 0, 0, 3],872.1650162521609,57947.7929046089,85993.49946424144,false
62,G1_CMAX,G4_BALANCED,[31, 22, 82, 15, 26, 99, 95, 42, 77, 12, 47, 5, 93, 78, 86, 54, 21, 63, 18, 44, 20, 35, 43, 97, 91, 76, 10, 30, 85, 45, 71, 64, 1, 23, 17, 83, 24, 14, 60, 36, 6, 57, 94, 88, 65, 56, 79, 40, 67, 68, 46, 75, 38, 9, 19, 32, 41, 81, 27, 87, 90, 58, 59, 53, 16, 72, 73, 70, 39, 37, 84, 3, 92, 25, 55, 48, 62, 29, 51, 96, 33, 61, 98, 28, 89, 50, 4, 7, 11, 80, 8, 66, 34, 49, 52, 0, 74, 69, 2, 13]|[2, 1, 0, 1, 1, 0, 1, 1, 2, 1, 2, 2, 2, 1, 1, 0, 0, 1, 0, 2, 2, 0, 1, 2, 0, 1, 2, 2, 0, 0, 1, 2, 1, 2, 1, 0, 2, 0, 1, 1, 0, 1, 1, 1, 0, 2, 1, 1, 0, 0, 0, 0, 1, 1, 2, 1, 0, 2, 0, 2, 1, 0, 1, 0, 1, 2, 1, 1, 1, 1, 1, 1, 0, 1, 2, 0, 0, 0, 0, 2, 2, 1, 2, 0, 1, 0, 1, 2, 0, 0, 0, 2, 2, 0, 1, 0, 2, 1, 0, 0]|[1, 3, 2, 2, 4, 1, 2, 3, 2, 4, 1, 1, 2, 4, 4, 1, 1, 4, 2, 1, 1, 1, 1, 2, 1, 2, 1, 1, 2, 1, 3, 2, 3, 1, 4, 0, 1, 1, 0, 3, 2, 2, 4, 0, 1, 1, 0, 2, 0, 1, 2, 2, 1, 4, 0, 3, 1, 1, 1, 1, 3, 1, 1, 2, 3, 0, 4, 3, 1, 4, 1, 1, 2, 4, 1, 1, 2, 1, 1, 1, 1, 3, 1, 2, 1, 1, 4, 1, 2, 1, 1, 1, 1, 1, 1, 2, 1, 4, 2, 2]|[0, 2, 1, 1, 3, 0, 1, 3, 0, 0, 0, 0, 1, 0, 1, 0, 0, 3, 1, 0, 0, 0, 3, 1, 0, 2, 0, 0, 0, 1, 0, 0, 0, 0, 3, 0, 1, 0, 0, 2, 1, 1, 2, 0, 0, 0, 0, 1, 1, 0, 0, 0, 1, 3, 0, 0, 0, 0, 0, 0, 2, 0, 1, 1, 2, 1, 0, 0, 1, 1, 3, 1, 1, 3, 0, 0, 1, 0, 0, 0, 0, 0, 0, 1, 1, 0, 0, 0, 1, 0, 0, 0, 0, 1, 1, 0, 0, 2, 0, 0],777.9061139310588,56340.33150500855,91121.00473790581,true
62,G4_BALANCED,G1_CMAX,[31, 22, 42, 15, 26, 58, 95, 82, 77, 12, 47, 5, 93, 78, 98, 54, 85, 63, 18, 44, 20, 35, 43, 97, 91, 76, 10, 30, 21, 45, 71, 64, 1, 23, 17, 83, 24, 61, 60, 36, 6, 57, 94, 88, 65, 56, 79, 40, 67, 68, 46, 75, 38, 9, 19, 32, 81, 41, 27, 62, 87, 90, 99, 59, 53, 16, 72, 73, 70, 39, 37, 84, 3, 92, 25, 55, 28, 29, 51, 7, 11, 14, 86, 66, 89, 50, 48, 96, 33, 80, 4, 8, 74, 49, 0, 52, 13, 2, 69, 34]|[1, 1, 0, 1, 1, 1, 2, 1, 2, 1, 2, 2, 2, 1, 1, 0, 0, 1, 0, 2, 2, 0, 1, 2, 0, 1, 2, 2, 0, 0, 1, 2, 1, 2, 1, 0, 2, 1, 1, 1, 0, 1, 1, 1, 0, 2, 1, 1, 0, 0, 0, 0, 1, 1, 2, 1, 2, 2, 0, 0, 2, 1, 0, 1, 2, 1, 2, 1, 1, 1, 1, 1, 2, 0, 1, 1, 0, 0, 0, 1, 0, 1, 0, 2, 1, 0, 0, 2, 2, 0, 1, 1, 2, 0, 0, 1, 0, 0, 1, 2]|[4, 3, 2, 2, 0, 0, 2, 2, 2, 4, 1, 1, 2, 4, 4, 1, 1, 4, 2, 1, 1, 1, 1, 2, 1, 2, 1, 1, 1, 1, 3, 2, 3, 0, 4, 0, 1, 3, 0, 3, 2, 2, 4, 0, 1, 1, 3, 2, 0, 1, 2, 2, 1, 4, 0, 3, 2, 1, 1, 2, 1, 3, 1, 1, 1, 3, 0, 4, 3, 1, 4, 1, 1, 2, 4, 4, 2, 1, 1, 3, 2, 3, 1, 1, 1, 1, 1, 1, 1, 1, 4, 3, 1, 1, 2, 1, 2, 2, 4, 1]|[0, 2, 1, 1, 3, 3, 0, 1, 0, 0, 0, 0, 1, 0, 1, 0, 0, 3, 1, 0, 0, 0, 3, 1, 0, 2, 0, 0, 0, 1, 0, 0, 0, 0, 3, 0, 1, 0, 0, 2, 1, 1, 2, 0, 0, 0, 0, 1, 1, 0, 0, 0, 1, 3, 0, 0, 1, 0, 0, 1, 0, 2, 0, 1, 0, 2, 1, 0, 0, 1, 1, 3, 0, 1, 3, 3, 1, 0, 0, 2, 1, 0, 0, 0, 1, 0, 0, 0, 0, 0, 0, 2, 0, 1, 0, 1, 0, 0, 2, 0],728.5004367423115,56969.171099257095,91715.9624816939,true
62,G2_TEC,G2_TEC,[20, 94, 66, 15, 26, 9, 95, 42, 77, 68, 47, 5, 3, 14, 86, 54, 85, 63, 18, 44, 31, 49, 36, 78, 74, 50, 53, 17, 21, 28, 11, 64, 93, 23, 30, 83, 24, 41, 40, 52, 65, 27, 90, 70, 39, 87, 48, 69, 99, 4, 46, 1, 13, 56, 97, 59, 45, 8, 73, 37, 35, 79, 71, 82, 76, 32, 60, 80, 58, 6, 67, 61, 33, 7, 57, 34, 12, 16, 10, 22, 96, 88, 43, 81, 91, 2, 84, 29, 92, 19, 51, 89, 38, 25, 72, 75, 98, 62, 55, 0]|[2, 1, 2, 1, 1, 2, 1, 1, 1, 1, 1, 0, 2, 2, 1, 2, 0, 0, 0, 2, 2, 1, 0, 2, 0, 2, 2, 1, 0, 1, 1, 1, 0, 0, 1, 0, 2, 1, 2, 2, 0, 0, 1, 1, 0, 2, 0, 2, 1, 0, 0, 2, 0, 2, 2, 0, 1, 1, 0, 0, 2, 1, 1, 2, 2, 0, 2, 2, 2, 1, 2, 1, 1, 2, 0, 1, 1, 2, 1, 2, 0, 1, 1, 1, 1, 0, 0, 1, 0, 1, 1, 1, 0, 1, 1, 0, 2, 1, 0, 0]|[1, 3, 1, 3, 4, 1, 4, 4, 4, 4, 3, 2, 1, 0, 2, 1, 1, 1, 2, 1, 1, 3, 0, 1, 0, 1, 1, 4, 1, 4, 3, 2, 2, 0, 4, 1, 1, 4, 1, 1, 2, 1, 4, 4, 1, 1, 0, 1, 3, 2, 2, 1, 2, 1, 1, 2, 4, 3, 0, 2, 1, 3, 3, 1, 1, 2, 1, 1, 1, 4, 1, 3, 4, 1, 2, 4, 3, 1, 3, 1, 2, 4, 4, 4, 3, 2, 2, 3, 2, 4, 3, 4, 2, 4, 4, 2, 1, 3, 2, 2]|[0, 2, 0, 0, 3, 0, 1, 3, 1, 0, 2, 0, 1, 0, 1, 0, 0, 0, 1, 0, 0, 2, 0, 0, 1, 0, 0, 3, 0, 1, 0, 2, 0, 0, 3, 0, 1, 1, 0, 0, 0, 0, 1, 3, 0, 0, 1, 0, 2, 0, 0, 0, 0, 0, 1, 0, 1, 0, 1, 1, 0, 2, 0, 0, 0, 0, 0, 0, 0, 2, 0, 0, 1, 0, 0, 1, 0, 0, 3, 0, 0, 1, 2, 2, 0, 0, 0, 3, 0, 1, 0, 1, 0, 3, 1, 0, 0, 0, 0, 0],910.6016522559228,48196.44872629531,105119.71286620182,false
62,G3_TWC,G3_TWC,[31, 22, 42, 15, 26, 58, 95, 82, 77, 12, 47, 5, 93, 78, 98, 54, 85, 63, 18, 44, 20, 35, 43, 97, 91, 76, 10, 30, 21, 45, 71, 64, 1, 23, 17, 83, 24, 61, 60, 49, 6, 57, 94, 88, 65, 56, 79, 40, 67, 68, 46, 75, 0, 9, 19, 32, 81, 41, 27, 62, 87, 90, 99, 59, 53, 16, 72, 73, 70, 39, 37, 84, 3, 92, 25, 74, 28, 38, 51, 7, 11, 14, 34, 48, 89, 66, 50, 96, 33, 80, 8, 4, 86, 36, 2, 52, 13, 29, 69, 55]|[1, 1, 0, 1, 1, 1, 2, 1, 2, 1, 2, 2, 2, 1, 1, 0, 0, 1, 0, 2, 2, 0, 1, 2, 0, 1, 2, 2, 0, 0, 1, 2, 1, 0, 1, 0, 2, 0, 1, 1, 0, 1, 1, 1, 0, 2, 1, 1, 0, 0, 0, 0, 1, 1, 0, 1, 2, 0, 0, 0, 2, 1, 0, 1, 0, 1, 2, 1, 1, 1, 1, 1, 2, 0, 1, 2, 0, 0, 0, 1, 0, 1, 2, 0, 1, 0, 0, 0, 2, 0, 1, 0, 0, 0, 0, 1, 0, 0, 1, 1]|[4, 3, 2, 2, 0, 0, 2, 2, 2, 4, 1, 1, 2, 4, 4, 1, 1, 4, 2, 1, 1, 1, 1, 2, 1, 2, 1, 1, 1, 1, 3, 2, 3, 0, 4, 0, 1, 1, 0, 3, 2, 2, 4, 0, 1, 1, 3, 2, 0, 1, 2, 2, 1, 4, 2, 3, 2, 1, 1, 2, 1, 3, 1, 1, 2, 3, 0, 4, 3, 1, 4, 1, 1, 2, 4, 1, 2, 1, 1, 3, 2, 3, 1, 1, 1, 1, 1, 1, 1, 1, 3, 2, 1, 1, 2, 1, 2, 2, 3, 4]|[0, 2, 1, 1, 3, 3, 0, 1, 0, 0, 0, 0, 1, 0, 1, 0, 0, 3, 1, 0, 0, 0, 3, 1, 0, 2, 0, 0, 0, 1, 0, 0, 0, 0, 3, 0, 1, 0, 0, 2, 1, 1, 2, 0, 0, 0, 0, 1, 1, 0, 0, 0, 1, 3, 1, 0, 1, 0, 0, 1, 0, 2, 0, 1, 1, 2, 1, 0, 0, 1, 1, 3, 0, 1, 3, 0, 1, 0, 0, 2, 1, 0, 0, 0, 1, 0, 0, 0, 0, 0, 2, 1, 0, 1, 0, 1, 0, 0, 0, 3],872.1650162521609,57947.7929046089,85993.49946424144,false
62,G1_CMAX,G3_TWC,[31, 22, 42, 15, 26, 58, 95, 82, 77, 12, 47, 5, 93, 78, 98, 54, 85, 63, 18, 44, 20, 35, 43, 97, 91, 76, 10, 30, 21, 45, 71, 64, 1, 23, 17, 83, 24, 61, 60, 36, 6, 57, 94, 88, 65, 56, 79, 40, 67, 68, 46, 75, 38, 9, 19, 32, 81, 41, 27, 62, 87, 90, 99, 59, 53, 16, 72, 73, 70, 39, 37, 84, 3, 96, 25, 74, 28, 29, 51, 7, 11, 14, 86, 48, 89, 50, 66, 92, 33, 80, 4, 8, 0, 49, 55, 52, 13, 2, 69, 34]|[1, 1, 0, 1, 1, 1, 2, 1, 2, 1, 2, 2, 2, 1, 1, 0, 0, 1, 0, 2, 2, 0, 1, 2, 0, 1, 2, 2, 0, 0, 1, 2, 1, 2, 1, 0, 2, 0, 1, 1, 0, 1, 1, 1, 0, 2, 1, 1, 0, 0, 0, 0, 1, 1, 2, 1, 2, 0, 0, 0, 2, 1, 0, 1, 2, 1, 2, 1, 1, 1, 1, 1, 2, 2, 1, 2, 0, 0, 0, 1, 2, 1, 0, 0, 1, 0, 2, 0, 2, 0, 0, 1, 0, 0, 1, 1, 0, 0, 1, 2]|[4, 3, 2, 2, 0, 0, 2, 2, 2, 4, 1, 1, 2, 4, 4, 1, 1, 4, 2, 1, 1, 1, 1, 2, 1, 2, 1, 1, 1, 1, 3, 2, 3, 0, 4, 0, 1, 1, 0, 3, 2, 2, 4, 0, 1, 1, 3, 2, 0, 1, 2, 2, 1, 4, 0, 3, 2, 1, 1, 2, 1, 3, 1, 1, 1, 3, 0, 4, 3, 1, 4, 1, 1, 1, 4, 1, 2, 1, 1, 3, 1, 3, 1, 1, 1, 1, 1, 2, 1, 1, 2, 3, 2, 1, 4, 1, 2, 2, 4, 1]|[0, 2, 1, 1, 3, 3, 0, 1, 0, 0, 0, 0, 1, 0, 1, 0, 0, 3, 1, 0, 0, 0, 3, 1, 0, 2, 0, 0, 0, 1, 0, 0, 0, 0, 3, 0, 1, 0, 0, 2, 1, 1, 2, 0, 0, 0, 0, 1, 1, 0, 0, 0, 1, 3, 0, 0, 1, 0, 0, 1, 0, 2, 0, 1, 0, 2, 1, 0, 0, 1, 1, 3, 0, 0, 3, 0, 1, 0, 0, 2, 0, 0, 0, 0, 1, 0, 0, 1, 0, 0, 1, 2, 0, 1, 3, 1, 0, 0, 2, 0],746.829828306103,56957.88041236938,89950.96432966624,true
62,G4_BALANCED,G1_CMAX,[31, 22, 42, 15, 26, 58, 95, 82, 77, 12, 47, 5, 93, 78, 98, 54, 85, 63, 18, 44, 20, 35, 43, 97, 91, 76, 10, 30, 21, 45, 71, 64, 1, 23, 17, 83, 24, 61, 60, 36, 6, 57, 94, 88, 65, 56, 79, 40, 67, 68, 46, 75, 38, 9, 19, 32, 81, 41, 27, 62, 87, 90, 99, 59, 53, 16, 72, 73, 70, 39, 37, 84, 3, 92, 25, 55, 28, 29, 51, 7, 11, 14, 86, 66, 89, 50, 48, 96, 33, 80, 4, 8, 74, 49, 0, 52, 13, 2, 69, 34]|[1, 1, 0, 1, 1, 1, 2, 1, 2, 1, 2, 2, 2, 1, 1, 0, 0, 1, 0, 2, 2, 0, 1, 2, 0, 1, 2, 2, 0, 0, 1, 2, 1, 2, 1, 0, 2, 1, 1, 1, 0, 1, 1, 1, 0, 2, 1, 1, 0, 0, 0, 0, 1, 1, 2, 1, 2, 2, 0, 0, 2, 1, 0, 1, 2, 1, 2, 1, 1, 1, 1, 1, 2, 0, 1, 1, 0, 0, 0, 1, 0, 1, 0, 2, 1, 0, 0, 2, 2, 0, 1, 1, 2, 0, 0, 1, 0, 0, 1, 2]|[4, 3, 2, 2, 0, 0, 2, 2, 2, 4, 1, 1, 2, 4, 4, 1, 1, 4, 2, 1, 1, 1, 1, 2, 1, 2, 1, 1, 1, 1, 3, 2, 3, 0, 4, 0, 1, 3, 0, 3, 2, 2, 4, 0, 1, 1, 3, 2, 0, 1, 2, 2, 1, 4, 0, 3, 2, 1, 1, 2, 1, 3, 1, 1, 1, 3, 0, 4, 3, 1, 4, 1, 1, 2, 4, 4, 2, 1, 1, 3, 2, 3, 1, 1, 1, 1, 1, 1, 1, 1, 4, 3, 1, 1, 2, 1, 2, 2, 4, 1]|[0, 2, 1, 1, 3, 3, 0, 1, 0, 0, 0, 0, 1, 0, 1, 0, 0, 3, 1, 0, 0, 0, 3, 1, 0, 2, 0, 0, 0, 1, 0, 0, 0, 0, 3, 0, 1, 0, 0, 2, 1, 1, 2, 0, 0, 0, 0, 1, 1, 0, 0, 0, 1, 3, 0, 0, 1, 0, 0, 1, 0, 2, 0, 1, 0, 2, 1, 0, 0, 1, 1, 3, 0, 1, 3, 3, 1, 0, 0, 2, 1, 0, 0, 0, 1, 0, 0, 0, 0, 0, 0, 2, 0, 1, 0, 1, 0, 0, 2, 0],728.5004367423115,56969.171099257095,91715.9624816939,true
62,G2_TEC,G2_TEC,[20, 94, 66, 15, 26, 9, 95, 42, 77, 68, 47, 5, 3, 14, 86, 54, 85, 63, 18, 44, 31, 49, 36, 78, 74, 50, 53, 17, 21, 28, 11, 64, 93, 23, 30, 83, 24, 41, 40, 52, 65, 27, 90, 70, 39, 87, 48, 69, 99, 4, 46, 1, 13, 56, 97, 59, 45, 8, 73, 37, 35, 79, 71, 82, 76, 32, 60, 80, 58, 6, 67, 61, 33, 7, 57, 34, 12, 16, 10, 22, 96, 88, 43, 81, 91, 2, 84, 29, 92, 19, 51, 89, 38, 25, 72, 75, 98, 62, 55, 0]|[2, 1, 2, 1, 1, 2, 1, 1, 1, 1, 1, 0, 2, 2, 1, 2, 0, 0, 0, 2, 2, 1, 0, 2, 0, 2, 2, 1, 0, 1, 1, 1, 0, 0, 1, 0, 2, 1, 2, 2, 0, 0, 1, 1, 0, 2, 0, 2, 1, 0, 0, 2, 0, 2, 2, 0, 1, 1, 0, 0, 2, 1, 1, 2, 2, 0, 2, 2, 2, 1, 2, 1, 1, 2, 0, 1, 1, 2, 1, 2, 0, 1, 1, 1, 1, 0, 0, 1, 0, 1, 1, 1, 0, 1, 1, 0, 2, 1, 0, 0]|[1, 3, 1, 3, 4, 1, 4, 4, 4, 4, 3, 2, 1, 0, 2, 1, 1, 1, 2, 1, 1, 3, 0, 1, 0, 1, 1, 4, 1, 4, 3, 2, 2, 0, 4, 1, 1, 4, 1, 1, 2, 1, 4, 4, 1, 1, 0, 1, 3, 2, 2, 1, 2, 1, 1, 2, 4, 3, 0, 2, 1, 3, 3, 1, 1, 2, 1, 1, 1, 4, 1, 3, 4, 1, 2, 4, 3, 1, 3, 1, 2, 4, 4, 4, 3, 2, 2, 3, 2, 4, 3, 4, 2, 4, 4, 2, 1, 3, 2, 2]|[0, 2, 0, 0, 3, 0, 1, 3, 1, 0, 2, 0, 1, 0, 1, 0, 0, 0, 1, 0, 0, 2, 0, 0, 1, 0, 0, 3, 0, 1, 0, 2, 0, 0, 3, 0, 1, 1, 0, 0, 0, 0, 1, 3, 0, 0, 1, 0, 2, 0, 0, 0, 0, 0, 1, 0, 1, 0, 1, 1, 0, 2, 0, 0, 0, 0, 0, 0, 0, 2, 0, 0, 1, 0, 0, 1, 0, 0, 3, 0, 0, 1, 2, 2, 0, 0, 0, 3, 0, 1, 0, 1, 0, 3, 1, 0, 0, 0, 0, 0],910.6016522559228,48196.44872629531,105119.71286620182,false
62,G3_TWC,G3_TWC,[31, 22, 42, 15, 26, 58, 95, 82, 77, 12, 47, 5, 93, 78, 98, 54, 85, 63, 18, 44, 20, 35, 43, 97, 91, 76, 10, 30, 21, 45, 71, 64, 1, 23, 17, 83, 24, 61, 60, 49, 6, 57, 94, 88, 65, 56, 79, 40, 67, 68, 46, 75, 0, 9, 19, 32, 81, 41, 27, 62, 87, 90, 99, 59, 53, 16, 72, 73, 70, 39, 37, 84, 3, 92, 25, 74, 28, 38, 51, 7, 11, 14, 34, 48, 89, 66, 50, 96, 33, 80, 8, 4, 86, 36, 2, 52, 13, 29, 69, 55]|[1, 1, 0, 1, 1, 1, 2, 1, 2, 1, 2, 2, 2, 1, 1, 0, 0, 1, 0, 2, 2, 0, 1, 2, 0, 1, 2, 2, 0, 0, 1, 2, 1, 0, 1, 0, 2, 0, 1, 1, 0, 1, 1, 1, 0, 2, 1, 1, 0, 0, 0, 0, 1, 1, 0, 1, 2, 0, 0, 0, 2, 1, 0, 1, 0, 1, 2, 1, 1, 1, 1, 1, 2, 0, 1, 2, 0, 0, 0, 1, 0, 1, 2, 0, 1, 0, 0, 0, 2, 0, 1, 0, 0, 0, 0, 1, 0, 0, 1, 1]|[4, 3, 2, 2, 0, 0, 2, 2, 2, 4, 1, 1, 2, 4, 4, 1, 1, 4, 2, 1, 1, 1, 1, 2, 1, 2, 1, 1, 1, 1, 3, 2, 3, 0, 4, 0, 1, 1, 0, 3, 2, 2, 4, 0, 1, 1, 3, 2, 0, 1, 2, 2, 1, 4, 2, 3, 2, 1, 1, 2, 1, 3, 1, 1, 2, 3, 0, 4, 3, 1, 4, 1, 1, 2, 4, 1, 2, 1, 1, 3, 2, 3, 1, 1, 1, 1, 1, 1, 1, 1, 3, 2, 1, 1, 2, 1, 2, 2, 3, 4]|[0, 2, 1, 1, 3, 3, 0, 1, 0, 0, 0, 0, 1, 0, 1, 0, 0, 3, 1, 0, 0, 0, 3, 1, 0, 2, 0, 0, 0, 1, 0, 0, 0, 0, 3, 0, 1, 0, 0, 2, 1, 1, 2, 0, 0, 0, 0, 1, 1, 0, 0, 0, 1, 3, 1, 0, 1, 0, 0, 1, 0, 2, 0, 1, 1, 2, 1, 0, 0, 1, 1, 3, 0, 1, 3, 0, 1, 0, 0, 2, 1, 0, 0, 0, 1, 0, 0, 0, 0, 0, 2, 1, 0, 1, 0, 1, 0, 0, 0, 3],872.1650162521609,57947.7929046089,85993.49946424144,false
62,G1_CMAX,G4_BALANCED,[31, 22, 82, 15, 26, 99, 95, 42, 77, 12, 47, 5, 93, 78, 86, 54, 21, 63, 18, 44, 20, 35, 43, 97, 91, 76, 10, 30, 85, 45, 71, 64, 1, 23, 17, 83, 24, 14, 60, 36, 6, 57, 94, 88, 65, 56, 79, 40, 67, 68, 46, 75, 38, 9, 19, 32, 41, 81, 27, 87, 90, 58, 59, 53, 16, 72, 73, 70, 39, 37, 84, 3, 92, 25, 55, 48, 62, 29, 51, 96, 33, 61, 98, 28, 89, 50, 4, 7, 11, 80, 8, 66, 34, 49, 52, 0, 74, 69, 2, 13]|[2, 1, 0, 1, 1, 0, 1, 1, 2, 1, 2, 2, 2, 1, 1, 0, 0, 1, 0, 2, 2, 0, 1, 2, 0, 1, 2, 2, 0, 0, 1, 2, 1, 2, 1, 0, 2, 0, 1, 1, 0, 1, 1, 1, 0, 2, 1, 1, 0, 0, 0, 0, 1, 1, 2, 1, 0, 2, 0, 2, 1, 0, 1, 0, 1, 2, 1, 1, 1, 1, 1, 1, 0, 1, 2, 0, 0, 0, 0, 2, 2, 1, 2, 0, 1, 0, 1, 2, 0, 0, 0, 2, 2, 0, 1, 0, 2, 1, 0, 0]|[1, 3, 2, 2, 4, 1, 2, 3, 2, 4, 1, 1, 2, 4, 4, 1, 1, 4, 2, 1, 1, 1, 1, 2, 1, 2, 1, 1, 2, 1, 3, 2, 3, 1, 4, 0, 1, 1, 0, 3, 2, 2, 4, 0, 1, 1, 0, 2, 0, 1, 2, 2, 1, 4, 0, 3, 1, 1, 1, 1, 3, 1, 1, 2, 3, 0, 4, 3, 1, 4, 1, 1, 2, 4, 1, 1, 2, 1, 1, 1, 1, 3, 1, 2, 1, 1, 4, 1, 2, 1, 1, 1, 1, 1, 1, 2, 1, 4, 2, 2]|[0, 2, 1, 1, 3, 0, 1, 3, 0, 0, 0, 0, 1, 0, 1, 0, 0, 3, 1, 0, 0, 0, 3, 1, 0, 2, 0, 0, 0, 1, 0, 0, 0, 0, 3, 0, 1, 0, 0, 2, 1, 1, 2, 0, 0, 0, 0, 1, 1, 0, 0, 0, 1, 3, 0, 0, 0, 0, 0, 0, 2, 0, 1, 1, 2, 1, 0, 0, 1, 1, 3, 1, 1, 3, 0, 0, 1, 0, 0, 0, 0, 0, 0, 1, 1, 0, 0, 0, 1, 0, 0, 0, 0, 1, 1, 0, 0, 2, 0, 0],777.9061139310588,56340.33150500855,91121.00473790581,true
62,G4_BALANCED,G1_CMAX,[31, 22, 42, 15, 26, 58, 95, 82, 77, 12, 47, 5, 93, 78, 98, 54, 85, 63, 18, 44, 20, 35, 43, 97, 91, 76, 10, 30, 21, 45, 71, 64, 1, 23, 17, 83, 24, 61, 60, 36, 6, 57, 94, 88, 65, 56, 79, 40, 67, 68, 46, 75, 38, 9, 19, 32, 81, 41, 27, 62, 87, 90, 99, 59, 53, 16, 72, 73, 70, 39, 37, 84, 3, 92, 25, 55, 28, 29, 51, 7, 11, 14, 86, 66, 89, 50, 48, 96, 33, 80, 4, 8, 74, 49, 0, 52, 13, 2, 69, 34]|[1, 1, 0, 1, 1, 1, 2, 1, 2, 1, 2, 2, 2, 1, 1, 0, 0, 1, 0, 2, 2, 0, 1, 2, 0, 1, 2, 2, 0, 0, 1, 2, 1, 2, 1, 0, 2, 1, 1, 1, 0, 1, 1, 1, 0, 2, 1, 1, 0, 0, 0, 0, 1, 1, 2, 1, 2, 2, 0, 0, 2, 1, 0, 1, 2, 1, 2, 1, 1, 1, 1, 1, 2, 0, 1, 1, 0, 0, 0, 1, 0, 1, 0, 2, 1, 0, 0, 2, 2, 0, 1, 1, 2, 0, 0, 1, 0, 0, 1, 2]|[4, 3, 2, 2, 0, 0, 2, 2, 2, 4, 1, 1, 2, 4, 4, 1, 1, 4, 2, 1, 1, 1, 1, 2, 1, 2, 1, 1, 1, 1, 3, 2, 3, 0, 4, 0, 1, 3, 0, 3, 2, 2, 4, 0, 1, 1, 3, 2, 0, 1, 2, 2, 1, 4, 0, 3, 2, 1, 1, 2, 1, 3, 1, 1, 1, 3, 0, 4, 3, 1, 4, 1, 1, 2, 4, 4, 2, 1, 1, 3, 2, 3, 1, 1, 1, 1, 1, 1, 1, 1, 4, 3, 1, 1, 2, 1, 2, 2, 4, 1]|[0, 2, 1, 1, 3, 3, 0, 1, 0, 0, 0, 0, 1, 0, 1, 0, 0, 3, 1, 0, 0, 0, 3, 1, 0, 2, 0, 0, 0, 1, 0, 0, 0, 0, 3, 0, 1, 0, 0, 2, 1, 1, 2, 0, 0, 0, 0, 1, 1, 0, 0, 0, 1, 3, 0, 0, 1, 0, 0, 1, 0, 2, 0, 1, 0, 2, 1, 0, 0, 1, 1, 3, 0, 1, 3, 3, 1, 0, 0, 2, 1, 0, 0, 0, 1, 0, 0, 0, 0, 0, 0, 2, 0, 1, 0, 1, 0, 0, 2, 0],728.5004367423115,56969.171099257095,91715.9624816939,true
62,G2_TEC,G2_TEC,[20, 94, 66, 15, 26, 9, 95, 42, 77, 68, 47, 5, 3, 14, 86, 54, 85, 63, 18, 44, 31, 49, 36, 78, 74, 50, 53, 17, 21, 28, 11, 64, 93, 23, 30, 83, 24, 41, 40, 52, 65, 27, 90, 70, 39, 87, 48, 69, 99, 4, 46, 1, 13, 56, 97, 59, 45, 8, 73, 37, 35, 79, 71, 82, 76, 32, 60, 80, 58, 6, 67, 61, 33, 7, 57, 34, 12, 16, 10, 22, 96, 88, 43, 81, 91, 2, 84, 29, 92, 19, 51, 89, 38, 25, 72, 75, 98, 62, 55, 0]|[2, 1, 2, 1, 1, 2, 1, 1, 1, 1, 1, 0, 2, 2, 1, 2, 0, 0, 0, 2, 2, 1, 0, 2, 0, 2, 2, 1, 0, 1, 1, 1, 0, 0, 1, 0, 2, 1, 2, 2, 0, 0, 1, 1, 0, 2, 0, 2, 1, 0, 0, 2, 0, 2, 2, 0, 1, 1, 0, 0, 2, 1, 1, 2, 2, 0, 2, 2, 2, 1, 2, 1, 1, 2, 0, 1, 1, 2, 1, 2, 0, 1, 1, 1, 1, 0, 0, 1, 0, 1, 1, 1, 0, 1, 1, 0, 2, 1, 0, 0]|[1, 3, 1, 3, 4, 1, 4, 4, 4, 4, 3, 2, 1, 0, 2, 1, 1, 1, 2, 1, 1, 3, 0, 1, 0, 1, 1, 4, 1, 4, 3, 2, 2, 0, 4, 1, 1, 4, 1, 1, 2, 1, 4, 4, 1, 1, 0, 1, 3, 2, 2, 1, 2, 1, 1, 2, 4, 3, 0, 2, 1, 3, 3, 1, 1, 2, 1, 1, 1, 4, 1, 3, 4, 1, 2, 4, 3, 1, 3, 1, 2, 4, 4, 4, 3, 2, 2, 3, 2, 4, 3, 4, 2, 4, 4, 2, 1, 3, 2, 2]|[0, 2, 0, 0, 3, 0, 1, 3, 1, 0, 2, 0, 1, 0, 1, 0, 0, 0, 1, 0, 0, 2, 0, 0, 1, 0, 0, 3, 0, 1, 0, 2, 0, 0, 3, 0, 1, 1, 0, 0, 0, 0, 1, 3, 0, 0, 1, 0, 2, 0, 0, 0, 0, 0, 1, 0, 1, 0, 1, 1, 0, 2, 0, 0, 0, 0, 0, 0, 0, 2, 0, 0, 1, 0, 0, 1, 0, 0, 3, 0, 0, 1, 2, 2, 0, 0, 0, 3, 0, 1, 0, 1, 0, 3, 1, 0, 0, 0, 0, 0],910.6016522559228,48196.44872629531,105119.71286620182,false
62,G3_TWC,G3_TWC,[31, 22, 42, 15, 26, 58, 95, 82, 77, 12, 47, 5, 93, 78, 98, 54, 85, 63, 18, 44, 20, 35, 43, 97, 91, 76, 10, 30, 21, 45, 71, 64, 1, 23, 17, 83, 24, 61, 60, 49, 6, 57, 94, 88, 65, 56, 79, 40, 67, 68, 46, 75, 0, 9, 19, 32, 81, 41, 27, 62, 87, 90, 99, 59, 53, 16, 72, 73, 70, 39, 37, 84, 3, 92, 25, 74, 28, 38, 51, 7, 11, 14, 34, 48, 89, 66, 50, 96, 33, 80, 8, 4, 86, 36, 2, 52, 13, 29, 69, 55]|[1, 1, 0, 1, 1, 1, 2, 1, 2, 1, 2, 2, 2, 1, 1, 0, 0, 1, 0, 2, 2, 0, 1, 2, 0, 1, 2, 2, 0, 0, 1, 2, 1, 0, 1, 0, 2, 0, 1, 1, 0, 1, 1, 1, 0, 2, 1, 1, 0, 0, 0, 0, 1, 1, 0, 1, 2, 0, 0, 0, 2, 1, 0, 1, 0, 1, 2, 1, 1, 1, 1, 1, 2, 0, 1, 2, 0, 0, 0, 1, 0, 1, 2, 0, 1, 0, 0, 0, 2, 0, 1, 0, 0, 0, 0, 1, 0, 0, 1, 1]|[4, 3, 2, 2, 0, 0, 2, 2, 2, 4, 1, 1, 2, 4, 4, 1, 1, 4, 2, 1, 1, 1, 1, 2, 1, 2, 1, 1, 1, 1, 3, 2, 3, 0, 4, 0, 1, 1, 0, 3, 2, 2, 4, 0, 1, 1, 3, 2, 0, 1, 2, 2, 1, 4, 2, 3, 2, 1, 1, 2, 1, 3, 1, 1, 2, 3, 0, 4, 3, 1, 4, 1, 1, 2, 4, 1, 2, 1, 1, 3, 2, 3, 1, 1, 1, 1, 1, 1, 1, 1, 3, 2, 1, 1, 2, 1, 2, 2, 3, 4]|[0, 2, 1, 1, 3, 3, 0, 1, 0, 0, 0, 0, 1, 0, 1, 0, 0, 3, 1, 0, 0, 0, 3, 1, 0, 2, 0, 0, 0, 1, 0, 0, 0, 0, 3, 0, 1, 0, 0, 2, 1, 1, 2, 0, 0, 0, 0, 1, 1, 0, 0, 0, 1, 3, 1, 0, 1, 0, 0, 1, 0, 2, 0, 1, 1, 2, 1, 0, 0, 1, 1, 3, 0, 1, 3, 0, 1, 0, 0, 2, 1, 0, 0, 0, 1, 0, 0, 0, 0, 0, 2, 1, 0, 1, 0, 1, 0, 0, 0, 3],872.1650162521609,57947.7929046089,85993.49946424144,false
62,G1_CMAX,G1_CMAX,[31, 22, 82, 15, 26, 99, 95, 42, 77, 12, 47, 5, 93, 78, 86, 54, 21, 63, 18, 44, 20, 35, 43, 97, 91, 76, 10, 30, 85, 45, 71, 64, 1, 23, 17, 83, 24, 14, 60, 36, 6, 57, 40, 88, 65, 56, 79, 94, 67, 68, 46, 75, 38, 9, 19, 32, 41, 81, 27, 87, 90, 58, 59, 11, 16, 72, 73, 70, 39, 37, 84, 3, 92, 25, 55, 48, 62, 29, 51, 96, 66, 61, 98, 28, 89, 50, 4, 7, 53, 80, 8, 33, 34, 2, 52, 13, 0, 69, 74, 49]|[1, 1, 0, 1, 1, 0, 1, 1, 2, 1, 2, 2, 2, 1, 1, 0, 0, 1, 0, 2, 2, 0, 1, 2, 0, 1, 2, 2, 0, 0, 1, 2, 1, 2, 1, 0, 2, 0, 1, 1, 0, 1, 1, 1, 0, 2, 1, 1, 0, 0, 0, 0, 1, 1, 2, 1, 0, 2, 0, 2, 1, 0, 1, 2, 2, 2, 1, 1, 1, 1, 1, 1, 0, 1, 2, 0, 0, 0, 0, 2, 2, 1, 2, 0, 1, 0, 1, 2, 0, 0, 1, 2, 2, 0, 1, 0, 0, 1, 2, 0]|[4, 3, 2, 2, 4, 1, 2, 3, 2, 4, 1, 1, 2, 4, 4, 1, 1, 4, 2, 1, 1, 1, 1, 2, 1, 2, 1, 1, 2, 1, 3, 2, 3, 1, 4, 0, 1, 1, 0, 3, 2, 2, 2, 0, 1, 1, 0, 4, 0, 1, 2, 2, 1, 4, 0, 3, 1, 2, 1, 1, 3, 1, 1, 1, 1, 0, 4, 3, 1, 4, 1, 1, 0, 4, 1, 1, 2, 1, 1, 1, 1, 3, 1, 2, 1, 1, 4, 1, 2, 1, 3, 1, 1, 2, 1, 2, 2, 4, 1, 1]|[0, 2, 1, 1, 3, 0, 1, 3, 0, 0, 0, 0, 1, 0, 1, 0, 0, 3, 1, 0, 0, 0, 3, 1, 0, 2, 0, 0, 0, 1, 0, 0, 0, 0, 3, 0, 1, 0, 0, 2, 1, 1, 1, 0, 0, 0, 0, 2, 1, 0, 0, 0, 1, 3, 0, 0, 0, 1, 0, 0, 2, 0, 1, 0, 0, 1, 0, 0, 1, 1, 3, 1, 1, 3, 0, 0, 1, 0, 0, 0, 0, 0, 0, 1, 1, 0, 0, 0, 1, 0, 2, 0, 0, 0, 1, 0, 0, 2, 0, 1],733.3399856600582,56417.14285963406,92647.11944046791,false
62,G4_BALANCED,G1_CMAX,[31, 22, 42, 15, 26, 58, 95, 82, 77, 12, 47, 5, 93, 78, 98, 54, 85, 63, 18, 44, 20, 35, 43, 97, 91, 76, 10, 30, 21, 45, 71, 64, 1, 23, 17, 83, 24, 61, 60, 36, 6, 57, 94, 88, 65, 56, 79, 40, 67, 68, 46, 75, 38, 9, 19, 32, 81, 41, 27, 62, 87, 90, 99, 59, 53, 16, 72, 73, 70, 39, 37, 84, 3, 92, 25, 55, 28, 29, 51, 7, 11, 14, 86, 66, 89, 50, 48, 96, 33, 80, 4, 8, 74, 49, 0, 52, 13, 2, 69, 34]|[1, 1, 0, 1, 1, 1, 2, 1, 2, 1, 2, 2, 2, 1, 1, 0, 0, 1, 0, 2, 2, 0, 1, 2, 0, 1, 2, 2, 0, 0, 1, 2, 1, 2, 1, 0, 2, 1, 1, 1, 0, 1, 1, 1, 0, 2, 1, 1, 0, 0, 0, 0, 1, 1, 2, 1, 2, 2, 0, 0, 2, 1, 0, 1, 2, 1, 2, 1, 1, 1, 1, 1, 2, 0, 1, 1, 0, 0, 0, 1, 0, 1, 0, 2, 1, 0, 0, 2, 2, 0, 1, 1, 2, 0, 0, 1, 0, 0, 1, 2]|[4, 3, 2, 2, 0, 0, 2, 2, 2, 4, 1, 1, 2, 4, 4, 1, 1, 4, 2, 1, 1, 1, 1, 2, 1, 2, 1, 1, 1, 1, 3, 2, 3, 0, 4, 0, 1, 3, 0, 3, 2, 2, 4, 0, 1, 1, 3, 2, 0, 1, 2, 2, 1, 4, 0, 3, 2, 1, 1, 2, 1, 3, 1, 1, 1, 3, 0, 4, 3, 1, 4, 1, 1, 2, 4, 4, 2, 1, 1, 3, 2, 3, 1, 1, 1, 1, 1, 1, 1, 1, 4, 3, 1, 1, 2, 1, 2, 2, 4, 1]|[0, 2, 1, 1, 3, 3, 0, 1, 0, 0, 0, 0, 1, 0, 1, 0, 0, 3, 1, 0, 0, 0, 3, 1, 0, 2, 0, 0, 0, 1, 0, 0, 0, 0, 3, 0, 1, 0, 0, 2, 1, 1, 2, 0, 0, 0, 0, 1, 1, 0, 0, 0, 1, 3, 0, 0, 1, 0, 0, 1, 0, 2, 0, 1, 0, 2, 1, 0, 0, 1, 1, 3, 0, 1, 3, 3, 1, 0, 0, 2, 1, 0, 0, 0, 1, 0, 0, 0, 0, 0, 0, 2, 0, 1, 0, 1, 0, 0, 2, 0],728.5004367423115,56969.171099257095,91715.9624816939,true
62,G2_TEC,G2_TEC,[20, 94, 66, 15, 26, 9, 95, 42, 77, 68, 47, 5, 3, 14, 86, 54, 85, 63, 18, 44, 31, 49, 36, 78, 74, 50, 53, 17, 21, 28, 11, 64, 93, 23, 30, 83, 24, 41, 40, 52, 65, 27, 90, 70, 39, 87, 48, 69, 99, 4, 46, 1, 13, 56, 97, 59, 45, 8, 73, 37, 35, 79, 71, 82, 76, 32, 60, 80, 58, 6, 67, 61, 33, 7, 57, 34, 12, 16, 10, 22, 96, 88, 43, 81, 91, 2, 84, 29, 92, 19, 51, 89, 38, 25, 72, 75, 98, 62, 55, 0]|[2, 1, 2, 1, 1, 2, 1, 1, 1, 1, 1, 0, 2, 2, 1, 2, 0, 0, 0, 2, 2, 1, 0, 2, 0, 2, 2, 1, 0, 1, 1, 1, 0, 0, 1, 0, 2, 1, 2, 2, 0, 0, 1, 1, 0, 2, 0, 2, 1, 0, 0, 2, 0, 2, 2, 0, 1, 1, 0, 0, 2, 1, 1, 2, 2, 0, 2, 2, 2, 1, 2, 1, 1, 2, 0, 1, 1, 2, 1, 2, 0, 1, 1, 1, 1, 0, 0, 1, 0, 1, 1, 1, 0, 1, 1, 0, 2, 1, 0, 0]|[1, 3, 1, 3, 4, 1, 4, 4, 4, 4, 3, 2, 1, 0, 2, 1, 1, 1, 2, 1, 1, 3, 0, 1, 0, 1, 1, 4, 1, 4, 3, 2, 2, 0, 4, 1, 1, 4, 1, 1, 2, 1, 4, 4, 1, 1, 0, 1, 3, 2, 2, 1, 2, 1, 1, 2, 4, 3, 0, 2, 1, 3, 3, 1, 1, 2, 1, 1, 1, 4, 1, 3, 4, 1, 2, 4, 3, 1, 3, 1, 2, 4, 4, 4, 3, 2, 2, 3, 2, 4, 3, 4, 2, 4, 4, 2, 1, 3, 2, 2]|[0, 2, 0, 0, 3, 0, 1, 3, 1, 0, 2, 0, 1, 0, 1, 0, 0, 0, 1, 0, 0, 2, 0, 0, 1, 0, 0, 3, 0, 1, 0, 2, 0, 0, 3, 0, 1, 1, 0, 0, 0, 0, 1, 3, 0, 0, 1, 0, 2, 0, 0, 0, 0, 0, 1, 0, 1, 0, 1, 1, 0, 2, 0, 0, 0, 0, 0, 0, 0, 2, 0, 0, 1, 0, 0, 1, 0, 0, 3, 0, 0, 1, 2, 2, 0, 0, 0, 3, 0, 1, 0, 1, 0, 3, 1, 0, 0, 0, 0, 0],910.6016522559228,48196.44872629531,105119.71286620182,false
62,G3_TWC,G3_TWC,[31, 22, 42, 15, 26, 58, 95, 82, 77, 12, 47, 5, 93, 78, 98, 54, 85, 63, 18, 44, 20, 35, 43, 97, 91, 76, 10, 30, 21, 45, 71, 64, 1, 23, 17, 83, 24, 61, 60, 49, 6, 57, 94, 88, 65, 56, 79, 40, 67, 68, 46, 75, 0, 9, 19, 32, 81, 41, 27, 62, 87, 90, 99, 59, 53, 16, 72, 73, 70, 39, 37, 84, 3, 92, 25, 74, 28, 38, 51, 7, 11, 14, 34, 48, 89, 66, 50, 96, 33, 80, 8, 4, 86, 36, 2, 52, 13, 29, 69, 55]|[1, 1, 0, 1, 1, 1, 2, 1, 2, 1, 2, 2, 2, 1, 1, 0, 0, 1, 0, 2, 2, 0, 1, 2, 0, 1, 2, 2, 0, 0, 1, 2, 1, 0, 1, 0, 2, 0, 1, 1, 0, 1, 1, 1, 0, 2, 1, 1, 0, 0, 0, 0, 1, 1, 0, 1, 2, 0, 0, 0, 2, 1, 0, 1, 0, 1, 2, 1, 1, 1, 1, 1, 2, 0, 1, 2, 0, 0, 0, 1, 0, 1, 2, 0, 1, 0, 0, 0, 2, 0, 1, 0, 0, 0, 0, 1, 0, 0, 1, 1]|[4, 3, 2, 2, 0, 0, 2, 2, 2, 4, 1, 1, 2, 4, 4, 1, 1, 4, 2, 1, 1, 1, 1, 2, 1, 2, 1, 1, 1, 1, 3, 2, 3, 0, 4, 0, 1, 1, 0, 3, 2, 2, 4, 0, 1, 1, 3, 2, 0, 1, 2, 2, 1, 4, 2, 3, 2, 1, 1, 2, 1, 3, 1, 1, 2, 3, 0, 4, 3, 1, 4, 1, 1, 2, 4, 1, 2, 1, 1, 3, 2, 3, 1, 1, 1, 1, 1, 1, 1, 1, 3, 2, 1, 1, 2, 1, 2, 2, 3, 4]|[0, 2, 1, 1, 3, 3, 0, 1, 0, 0, 0, 0, 1, 0, 1, 0, 0, 3, 1, 0, 0, 0, 3, 1, 0, 2, 0, 0, 0, 1, 0, 0, 0, 0, 3, 0, 1, 0, 0, 2, 1, 1, 2, 0, 0, 0, 0, 1, 1, 0, 0, 0, 1, 3, 1, 0, 1, 0, 0, 1, 0, 2, 0, 1, 1, 2, 1, 0, 0, 1, 1, 3, 0, 1, 3, 0, 1, 0, 0, 2, 1, 0, 0, 0, 1, 0, 0, 0, 0, 0, 2, 1, 0, 1, 0, 1, 0, 0, 0, 3],872.1650162521609,57947.7929046089,85993.49946424144,false
62,G1_CMAX,G3_TWC,[31, 22, 42, 15, 26, 58, 95, 82, 77, 12, 47, 5, 93, 78, 98, 54, 85, 63, 18, 44, 20, 35, 43, 97, 91, 76, 10, 30, 21, 45, 71, 64, 1, 23, 17, 83, 24, 61, 60, 49, 6, 57, 94, 88, 65, 56, 79, 40, 67, 68, 46, 75, 38, 9, 19, 32, 81, 41, 27, 62, 87, 90, 99, 59, 11, 16, 72, 73, 70, 39, 37, 84, 3, 92, 25, 74, 28, 29, 51, 7, 53, 14, 86, 66, 89, 50, 48, 96, 33, 80, 8, 4, 34, 36, 2, 52, 13, 0, 69, 55]|[1, 1, 0, 1, 1, 1, 2, 1, 2, 1, 2, 2, 2, 1, 1, 0, 0, 1, 0, 2, 2, 0, 1, 2, 0, 1, 2, 2, 0, 0, 1, 2, 1, 0, 1, 0, 2, 0, 1, 1, 0, 1, 1, 1, 0, 2, 1, 1, 0, 0, 0, 0, 1, 1, 0, 1, 2, 0, 0, 0, 2, 1, 0, 1, 2, 1, 2, 1, 1, 1, 1, 1, 2, 0, 1, 2, 0, 0, 0, 1, 0, 1, 0, 2, 1, 0, 0, 0, 2, 0, 1, 0, 2, 0, 0, 1, 0, 0, 1, 1]|[4, 3, 2, 2, 0, 0, 2, 2, 2, 4, 1, 1, 2, 4, 4, 1, 1, 4, 2, 1, 1, 1, 1, 2, 1, 2, 1, 1, 1, 1, 3, 2, 3, 0, 4, 0, 1, 1, 0, 3, 2, 2, 4, 0, 1, 1, 3, 2, 0, 1, 2, 2, 1, 4, 2, 3, 2, 1, 1, 2, 1, 3, 1, 1, 1, 3, 0, 4, 3, 1, 4, 1, 1, 2, 4, 1, 2, 1, 1, 3, 2, 3, 1, 1, 1, 1, 1, 1, 1, 1, 3, 2, 1, 1, 2, 1, 2, 1, 3, 4]|[0, 2, 1, 1, 3, 3, 0, 1, 0, 0, 0, 0, 1, 0, 1, 0, 0, 3, 1, 0, 0, 0, 3, 1, 0, 2, 0, 0, 0, 1, 0, 0, 0, 0, 3, 0, 1, 0, 0, 2, 1, 1, 2, 0, 0, 0, 0, 1, 1, 0, 0, 0, 1, 3, 1, 0, 1, 0, 0, 1, 0, 2, 0, 1, 0, 2, 1, 0, 0, 1, 1, 3, 0, 1, 3, 0, 1, 0, 0, 2, 1, 0, 0, 0, 1, 0, 0, 0, 0, 0, 2, 1, 0, 1, 0, 1, 0, 0, 0, 3],825.5054637461593,57561.08115045161,86728.8997839082,true
62,G4_BALANCED,G1_CMAX,[31, 22, 42, 15, 26, 58, 95, 82, 77, 12, 47, 5, 93, 78, 98, 54, 85, 63, 18, 44, 20, 35, 43, 97, 91, 76, 10, 30, 21, 45, 71, 64, 1, 23, 17, 83, 24, 61, 60, 36, 6, 57, 94, 88, 65, 56, 79, 40, 67, 68, 46, 75, 38, 9, 19, 32, 81, 41, 27, 62, 87, 90, 99, 59, 53, 16, 72, 73, 70, 39, 37, 84, 3, 92, 25, 55, 28, 29, 51, 7, 11, 14, 86, 66, 89, 50, 48, 96, 33, 80, 4, 8, 74, 49, 0, 52, 13, 2, 69, 34]|[1, 1, 0, 1, 1, 1, 2, 1, 2, 1, 2, 2, 2, 1, 1, 0, 0, 1, 0, 2, 2, 0, 1, 2, 0, 1, 2, 2, 0, 0, 1, 2, 1, 2, 1, 0, 2, 1, 1, 1, 0, 1, 1, 1, 0, 2, 1, 1, 0, 0, 0, 0, 1, 1, 2, 1, 2, 2, 0, 0, 2, 1, 0, 1, 2, 1, 2, 1, 1, 1, 1, 1, 2, 0, 1, 1, 0, 0, 0, 1, 0, 1, 0, 2, 1, 0, 0, 2, 2, 0, 1, 1, 2, 0, 0, 1, 0, 0, 1, 2]|[4, 3, 2, 2, 0, 0, 2, 2, 2, 4, 1, 1, 2, 4, 4, 1, 1, 4, 2, 1, 1, 1, 1, 2, 1, 2, 1, 1, 1, 1, 3, 2, 3, 0, 4, 0, 1, 3, 0, 3, 2, 2, 4, 0, 1, 1, 3, 2, 0, 1, 2, 2, 1, 4, 0, 3, 2, 1, 1, 2, 1, 3, 1, 1, 1, 3, 0, 4, 3, 1, 4, 1, 1, 2, 4, 4, 2, 1, 1, 3, 2, 3, 1, 1, 1, 1, 1, 1, 1, 1, 4, 3, 1, 1, 2, 1, 2, 2, 4, 1]|[0, 2, 1, 1, 3, 3, 0, 1, 0, 0, 0, 0, 1, 0, 1, 0, 0, 3, 1, 0, 0, 0, 3, 1, 0, 2, 0, 0, 0, 1, 0, 0, 0, 0, 3, 0, 1, 0, 0, 2, 1, 1, 2, 0, 0, 0, 0, 1, 1, 0, 0, 0, 1, 3, 0, 0, 1, 0, 0, 1, 0, 2, 0, 1, 0, 2, 1, 0, 0, 1, 1, 3, 0, 1, 3, 3, 1, 0, 0, 2, 1, 0, 0, 0, 1, 0, 0, 0, 0, 0, 0, 2, 0, 1, 0, 1, 0, 0, 2, 0],728.5004367423115,56969.171099257095,91715.9624816939,true
62,G2_TEC,G2_TEC,[20, 94, 66, 15, 26, 9, 95, 42, 77, 68, 47, 5, 3, 14, 86, 54, 85, 63, 18, 44, 31, 49, 36, 78, 74, 50, 53, 17, 21, 28, 11, 64, 93, 23, 30, 83, 24, 41, 40, 52, 65, 27, 90, 70, 39, 87, 48, 69, 99, 4, 46, 1, 13, 56, 97, 59, 45, 8, 73, 37, 35, 79, 71, 82, 76, 32, 60, 80, 58, 6, 67, 61, 33, 7, 57, 34, 12, 16, 10, 22, 96, 88, 43, 81, 91, 2, 84, 29, 92, 19, 51, 89, 38, 25, 72, 75, 98, 62, 55, 0]|[2, 1, 2, 1, 1, 2, 1, 1, 1, 1, 1, 0, 2, 2, 1, 2, 0, 0, 0, 2, 2, 1, 0, 2, 0, 2, 2, 1, 0, 1, 1, 1, 0, 0, 1, 0, 2, 1, 2, 2, 0, 0, 1, 1, 0, 2, 0, 2, 1, 0, 0, 2, 0, 2, 2, 0, 1, 1, 0, 0, 2, 1, 1, 2, 2, 0, 2, 2, 2, 1, 2, 1, 1, 2, 0, 1, 1, 2, 1, 2, 0, 1, 1, 1, 1, 0, 0, 1, 0, 1, 1, 1, 0, 1, 1, 0, 2, 1, 0, 0]|[1, 3, 1, 3, 4, 1, 4, 4, 4, 4, 3, 2, 1, 0, 2, 1, 1, 1, 2, 1, 1, 3, 0, 1, 0, 1, 1, 4, 1, 4, 3, 2, 2, 0, 4, 1, 1, 4, 1, 1, 2, 1, 4, 4, 1, 1, 0, 1, 3, 2, 2, 1, 2, 1, 1, 2, 4, 3, 0, 2, 1, 3, 3, 1, 1, 2, 1, 1, 1, 4, 1, 3, 4, 1, 2, 4, 3, 1, 3, 1, 2, 4, 4, 4, 3, 2, 2, 3, 2, 4, 3, 4, 2, 4, 4, 2, 1, 3, 2, 2]|[0, 2, 0, 0, 3, 0, 1, 3, 1, 0, 2, 0, 1, 0, 1, 0, 0, 0, 1, 0, 0, 2, 0, 0, 1, 0, 0, 3, 0, 1, 0, 2, 0, 0, 3, 0, 1, 1, 0, 0, 0, 0, 1, 3, 0, 0, 1, 0, 2, 0, 0, 0, 0, 0, 1, 0, 1, 0, 1, 1, 0, 2, 0, 0, 0, 0, 0, 0, 0, 2, 0, 0, 1, 0, 0, 1, 0, 0, 3, 0, 0, 1, 2, 2, 0, 0, 0, 3, 0, 1, 0, 1, 0, 3, 1, 0, 0, 0, 0, 0],910.6016522559228,48196.44872629531,105119.71286620182,false
62,G3_TWC,G3_TWC,[31, 22, 42, 15, 26, 58, 95, 82, 77, 12, 47, 5, 93, 78, 98, 54, 85, 63, 18, 44, 20, 35, 43, 97, 91, 76, 10, 30, 21, 45, 71, 64, 1, 23, 17, 83, 24, 61, 60, 49, 6, 57, 94, 88, 65, 56, 79, 40, 67, 68, 46, 75, 0, 9, 19, 32, 81, 41, 27, 62, 87, 90, 99, 59, 53, 16, 72, 73, 70, 39, 37, 84, 3, 92, 25, 74, 28, 38, 51, 7, 11, 14, 34, 48, 89, 66, 50, 96, 33, 80, 8, 4, 86, 36, 2, 52, 13, 29, 69, 55]|[1, 1, 0, 1, 1, 1, 2, 1, 2, 1, 2, 2, 2, 1, 1, 0, 0, 1, 0, 2, 2, 0, 1, 2, 0, 1, 2, 2, 0, 0, 1, 2, 1, 0, 1, 0, 2, 0, 1, 1, 0, 1, 1, 1, 0, 2, 1, 1, 0, 0, 0, 0, 1, 1, 0, 1, 2, 0, 0, 0, 2, 1, 0, 1, 0, 1, 2, 1, 1, 1, 1, 1, 2, 0, 1, 2, 0, 0, 0, 1, 0, 1, 2, 0, 1, 0, 0, 0, 2, 0, 1, 0, 0, 0, 0, 1, 0, 0, 1, 1]|[4, 3, 2, 2, 0, 0, 2, 2, 2, 4, 1, 1, 2, 4, 4, 1, 1, 4, 2, 1, 1, 1, 1, 2, 1, 2, 1, 1, 1, 1, 3, 2, 3, 0, 4, 0, 1, 1, 0, 3, 2, 2, 4, 0, 1, 1, 3, 2, 0, 1, 2, 2, 1, 4, 2, 3, 2, 1, 1, 2, 1, 3, 1, 1, 2, 3, 0, 4, 3, 1, 4, 1, 1, 2, 4, 1, 2, 1, 1, 3, 2, 3, 1, 1, 1, 1, 1, 1, 1, 1, 3, 2, 1, 1, 2, 1, 2, 2, 3, 4]|[0, 2, 1, 1, 3, 3, 0, 1, 0, 0, 0, 0, 1, 0, 1, 0, 0, 3, 1, 0, 0, 0, 3, 1, 0, 2, 0, 0, 0, 1, 0, 0, 0, 0, 3, 0, 1, 0, 0, 2, 1, 1, 2, 0, 0, 0, 0, 1, 1, 0, 0, 0, 1, 3, 1, 0, 1, 0, 0, 1, 0, 2, 0, 1, 1, 2, 1, 0, 0, 1, 1, 3, 0, 1, 3, 0, 1, 0, 0, 2, 1, 0, 0, 0, 1, 0, 0, 0, 0, 0, 2, 1, 0, 1, 0, 1, 0, 0, 0, 3],872.1650162521609,57947.7929046089,85993.49946424144,false
62,G1_CMAX,G1_CMAX,[31, 22, 82, 15, 26, 99, 95, 77, 42, 12, 5, 93, 78, 86, 54, 21, 63, 18, 10, 20, 35, 43, 97, 91, 76, 47, 30, 85, 45, 71, 1, 66, 64, 17, 83, 24, 14, 60, 36, 6, 57, 40, 88, 65, 79, 94, 67, 68, 46, 75, 38, 9, 19, 32, 28, 81, 27, 74, 39, 58, 59, 11, 16, 72, 62, 73, 70, 37, 84, 3, 51, 29, 90, 48, 55, 25, 92, 7, 44, 33, 61, 98, 56, 23, 89, 50, 41, 96, 53, 80, 4, 8, 34, 49, 52, 0, 13, 2, 69, 87]|[1, 1, 0, 1, 1, 0, 1, 2, 2, 1, 2, 2, 1, 1, 0, 0, 1, 0, 2, 2, 0, 1, 2, 0, 1, 2, 2, 0, 0, 1, 1, 2, 2, 1, 0, 2, 0, 1, 1, 0, 1, 1, 1, 0, 1, 1, 0, 0, 0, 0, 1, 1, 2, 1, 0, 2, 0, 2, 1, 0, 1, 2, 1, 2, 1, 1, 1, 1, 1, 1, 0, 0, 1, 0, 2, 1, 0, 2, 2, 2, 1, 2, 2, 2, 1, 0, 0, 2, 0, 0, 1, 1, 2, 0, 1, 0, 0, 0, 1, 2]|[0, 3, 2, 4, 0, 1, 2, 1, 1, 4, 1, 2, 4, 4, 1, 1, 4, 2, 1, 1, 1, 1, 2, 1, 2, 1, 1, 2, 1, 3, 3, 1, 2, 4, 0, 1, 1, 0, 3, 2, 2, 2, 0, 1, 0, 4, 0, 1, 2, 2, 1, 4, 0, 3, 2, 1, 1, 1, 1, 1, 1, 1, 3, 0, 4, 4, 1, 4, 1, 1, 1, 1, 3, 1, 1, 4, 0, 1, 1, 1, 3, 1, 1, 1, 1, 1, 1, 1, 2, 1, 4, 3, 1, 1, 1, 2, 2, 2, 4, 1]|[3, 2, 1, 1, 3, 0, 1, 0, 0, 0, 0, 1, 0, 1, 0, 0, 3, 1, 0, 0, 0, 3, 1, 0, 2, 0, 0, 0, 1, 0, 0, 0, 0, 3, 0, 1, 0, 0, 2, 1, 1, 1, 0, 0, 0, 2, 1, 0, 0, 0, 1, 3, 0, 0, 1, 0, 0, 0, 1, 0, 1, 0, 2, 1, 0, 0, 1, 1, 3, 1, 0, 0, 2, 0, 0, 3, 1, 0, 0, 0, 0, 0, 0, 0, 1, 0, 0, 0, 1, 0, 0, 2, 0, 1, 1, 0, 0, 0, 2, 0],731.8082727016543,56338.86946404046,92912.0862316895,false
62,G4_BALANCED,G1_CMAX,[31, 22, 42, 15, 26, 58, 95, 82, 77, 12, 47, 5, 93, 78, 98, 54, 85, 63, 18, 44, 20, 35, 43, 97, 91, 76, 10, 30, 21, 45, 71, 64, 1, 23, 17, 83, 24, 61, 60, 36, 6, 57, 94, 88, 65, 56, 79, 40, 67, 68, 46, 75, 38, 9, 19, 32, 81, 41, 27, 62, 87, 90, 99, 59, 53, 16, 72, 73, 70, 39, 37, 84, 3, 92, 25, 55, 28, 29, 51, 7, 11, 14, 86, 66, 89, 50, 48, 96, 33, 80, 4, 8, 74, 49, 0, 52, 13, 2, 69, 34]|[1, 1, 0, 1, 1, 1, 2, 1, 2, 1, 2, 2, 2, 1, 1, 0, 0, 1, 0, 2, 2, 0, 1, 2, 0, 1, 2, 2, 0, 0, 1, 2, 1, 2, 1, 0, 2, 1, 1, 1, 0, 1, 1, 1, 0, 2, 1, 1, 0, 0, 0, 0, 1, 1, 2, 1, 2, 2, 0, 0, 2, 1, 0, 1, 2, 1, 2, 1, 1, 1, 1, 1, 2, 0, 1, 1, 0, 0, 0, 1, 0, 1, 0, 2, 1, 0, 0, 2, 2, 0, 1, 1, 2, 0, 0, 1, 0, 0, 1, 2]|[4, 3, 2, 2, 0, 0, 2, 2, 2, 4, 1, 1, 2, 4, 4, 1, 1, 4, 2, 1, 1, 1, 1, 2, 1, 2, 1, 1, 1, 1, 3, 2, 3, 0, 4, 0, 1, 3, 0, 3, 2, 2, 4, 0, 1, 1, 3, 2, 0, 1, 2, 2, 1, 4, 0, 3, 2, 1, 1, 2, 1, 3, 1, 1, 1, 3, 0, 4, 3, 1, 4, 1, 1, 2, 4, 4, 2, 1, 1, 3, 2, 3, 1, 1, 1, 1, 1, 1, 1, 1, 4, 3, 1, 1, 2, 1, 2, 2, 4, 1]|[0, 2, 1, 1, 3, 3, 0, 1, 0, 0, 0, 0, 1, 0, 1, 0, 0, 3, 1, 0, 0, 0, 3, 1, 0, 2, 0, 0, 0, 1, 0, 0, 0, 0, 3, 0, 1, 0, 0, 2, 1, 1, 2, 0, 0, 0, 0, 1, 1, 0, 0, 0, 1, 3, 0, 0, 1, 0, 0, 1, 0, 2, 0, 1, 0, 2, 1, 0, 0, 1, 1, 3, 0, 1, 3, 3, 1, 0, 0, 2, 1, 0, 0, 0, 1, 0, 0, 0, 0, 0, 0, 2, 0, 1, 0, 1, 0, 0, 2, 0],728.5004367423115,56969.171099257095,91715.9624816939,true
62,G2_TEC,G2_TEC,[20, 94, 66, 15, 26, 9, 95, 42, 77, 68, 47, 5, 3, 14, 86, 54, 85, 63, 18, 44, 31, 49, 36, 78, 74, 50, 53, 17, 21, 28, 11, 64, 93, 23, 30, 83, 24, 41, 40, 52, 65, 27, 90, 70, 39, 87, 48, 69, 99, 4, 46, 1, 13, 56, 97, 59, 45, 8, 73, 37, 35, 79, 71, 82, 76, 32, 60, 80, 58, 6, 67, 61, 33, 7, 57, 34, 12, 16, 10, 22, 96, 88, 43, 81, 91, 2, 84, 29, 92, 19, 51, 89, 38, 25, 72, 75, 98, 62, 55, 0]|[2, 1, 2, 1, 1, 2, 1, 1, 1, 1, 1, 0, 2, 2, 1, 2, 0, 0, 0, 2, 2, 1, 0, 2, 0, 2, 2, 1, 0, 1, 1, 1, 0, 0, 1, 0, 2, 1, 2, 2, 0, 0, 1, 1, 0, 2, 0, 2, 1, 0, 0, 2, 0, 2, 2, 0, 1, 1, 0, 0, 2, 1, 1, 2, 2, 0, 2, 2, 2, 1, 2, 1, 1, 2, 0, 1, 1, 2, 1, 2, 0, 1, 1, 1, 1, 0, 0, 1, 0, 1, 1, 1, 0, 1, 1, 0, 2, 1, 0, 0]|[1, 3, 1, 3, 4, 1, 4, 4, 4, 4, 3, 2, 1, 0, 2, 1, 1, 1, 2, 1, 1, 3, 0, 1, 0, 1, 1, 4, 1, 4, 3, 2, 2, 0, 4, 1, 1, 4, 1, 1, 2, 1, 4, 4, 1, 1, 0, 1, 3, 2, 2, 1, 2, 1, 1, 2, 4, 3, 0, 2, 1, 3, 3, 1, 1, 2, 1, 1, 1, 4, 1, 3, 4, 1, 2, 4, 3, 1, 3, 1, 2, 4, 4, 4, 3, 2, 2, 3, 2, 4, 3, 4, 2, 4, 4, 2, 1, 3, 2, 2]|[0, 2, 0, 0, 3, 0, 1, 3, 1, 0, 2, 0, 1, 0, 1, 0, 0, 0, 1, 0, 0, 2, 0, 0, 1, 0, 0, 3, 0, 1, 0, 2, 0, 0, 3, 0, 1, 1, 0, 0, 0, 0, 1, 3, 0, 0, 1, 0, 2, 0, 0, 0, 0, 0, 1, 0, 1, 0, 1, 1, 0, 2, 0, 0, 0, 0, 0, 0, 0, 2, 0, 0, 1, 0, 0, 1, 0, 0, 3, 0, 0, 1, 2, 2, 0, 0, 0, 3, 0, 1, 0, 1, 0, 3, 1, 0, 0, 0, 0, 0],910.6016522559228,48196.44872629531,105119.71286620182,false
62,G3_TWC,G3_TWC,[31, 22, 42, 15, 26, 58, 95, 82, 77, 12, 47, 5, 93, 78, 98, 54, 85, 63, 18, 44, 20, 35, 43, 97, 91, 76, 10, 30, 21, 45, 71, 64, 1, 23, 17, 83, 24, 61, 60, 49, 6, 57, 94, 88, 65, 56, 79, 40, 67, 68, 46, 75, 0, 9, 19, 32, 81, 41, 27, 62, 87, 90, 99, 59, 53, 16, 72, 73, 70, 39, 37, 84, 3, 92, 25, 74, 28, 38, 51, 7, 11, 14, 34, 48, 89, 66, 50, 96, 33, 80, 8, 4, 86, 36, 2, 52, 13, 29, 69, 55]|[1, 1, 0, 1, 1, 1, 2, 1, 2, 1, 2, 2, 2, 1, 1, 0, 0, 1, 0, 2, 2, 0, 1, 2, 0, 1, 2, 2, 0, 0, 1, 2, 1, 0, 1, 0, 2, 0, 1, 1, 0, 1, 1, 1, 0, 2, 1, 1, 0, 0, 0, 0, 1, 1, 0, 1, 2, 0, 0, 0, 2, 1, 0, 1, 0, 1, 2, 1, 1, 1, 1, 1, 2, 0, 1, 2, 0, 0, 0, 1, 0, 1, 2, 0, 1, 0, 0, 0, 2, 0, 1, 0, 0, 0, 0, 1, 0, 0, 1, 1]|[4, 3, 2, 2, 0, 0, 2, 2, 2, 4, 1, 1, 2, 4, 4, 1, 1, 4, 2, 1, 1, 1, 1, 2, 1, 2, 1, 1, 1, 1, 3, 2, 3, 0, 4, 0, 1, 1, 0, 3, 2, 2, 4, 0, 1, 1, 3, 2, 0, 1, 2, 2, 1, 4, 2, 3, 2, 1, 1, 2, 1, 3, 1, 1, 2, 3, 0, 4, 3, 1, 4, 1, 1, 2, 4, 1, 2, 1, 1, 3, 2, 3, 1, 1, 1, 1, 1, 1, 1, 1, 3, 2, 1, 1, 2, 1, 2, 2, 3, 4]|[0, 2, 1, 1, 3, 3, 0, 1, 0, 0, 0, 0, 1, 0, 1, 0, 0, 3, 1, 0, 0, 0, 3, 1, 0, 2, 0, 0, 0, 1, 0, 0, 0, 0, 3, 0, 1, 0, 0, 2, 1, 1, 2, 0, 0, 0, 0, 1, 1, 0, 0, 0, 1, 3, 1, 0, 1, 0, 0, 1, 0, 2, 0, 1, 1, 2, 1, 0, 0, 1, 1, 3, 0, 1, 3, 0, 1, 0, 0, 2, 1, 0, 0, 0, 1, 0, 0, 0, 0, 0, 2, 1, 0, 1, 0, 1, 0, 0, 0, 3],872.1650162521609,57947.7929046089,85993.49946424144,false
62,G1_CMAX,G1_CMAX,[31, 22, 42, 15, 26, 58, 95, 82, 77, 12, 47, 5, 93, 78, 98, 85, 54, 63, 18, 44, 20, 35, 43, 97, 91, 10, 30, 21, 61, 71, 64, 1, 23, 17, 83, 24, 50, 60, 36, 6, 57, 94, 88, 65, 56, 79, 40, 67, 68, 46, 75, 38, 9, 19, 32, 81, 41, 27, 62, 87, 90, 99, 59, 11, 16, 72, 73, 70, 39, 37, 84, 76, 3, 92, 25, 74, 28, 7, 51, 29, 33, 14, 86, 66, 89, 45, 80, 96, 53, 4, 48, 2, 55, 49, 0, 52, 13, 8, 69, 34]|[1, 1, 1, 1, 1, 1, 2, 1, 2, 1, 2, 0, 2, 1, 1, 0, 0, 1, 0, 2, 2, 2, 1, 2, 0, 2, 2, 0, 0, 1, 2, 1, 2, 1, 0, 2, 0, 1, 1, 0, 1, 1, 1, 0, 2, 1, 1, 0, 0, 0, 0, 1, 1, 2, 1, 2, 2, 0, 0, 2, 1, 0, 1, 2, 1, 2, 1, 1, 1, 1, 1, 1, 2, 1, 1, 2, 0, 0, 0, 0, 2, 1, 2, 0, 1, 0, 0, 0, 0, 0, 2, 0, 1, 0, 0, 1, 0, 1, 2, 2]|[4, 3, 2, 2, 0, 0, 1, 2, 1, 4, 1, 0, 2, 4, 4, 1, 1, 4, 2, 1, 1, 0, 1, 2, 1, 1, 1, 1, 1, 3, 2, 3, 0, 4, 0, 1, 1, 0, 3, 2, 2, 4, 0, 1, 1, 0, 2, 0, 1, 2, 2, 1, 4, 0, 3, 2, 1, 1, 2, 1, 3, 1, 1, 1, 3, 0, 4, 3, 1, 4, 1, 2, 1, 4, 4, 1, 2, 1, 1, 1, 1, 3, 1, 1, 1, 1, 1, 1, 2, 2, 0, 2, 4, 1, 2, 1, 2, 3, 1, 1]|[2, 2, 1, 1, 3, 3, 0, 1, 0, 0, 0, 1, 1, 0, 1, 0, 0, 3, 1, 0, 0, 0, 3, 1, 0, 0, 0, 0, 1, 0, 0, 0, 0, 3, 0, 1, 0, 0, 2, 1, 1, 2, 0, 0, 0, 0, 1, 1, 0, 0, 0, 1, 3, 0, 0, 1, 0, 0, 1, 0, 2, 0, 1, 0, 2, 1, 0, 0, 1, 1, 3, 2, 0, 0, 3, 0, 1, 0, 0, 0, 0, 0, 0, 0, 1, 0, 0, 0, 1, 1, 1, 0, 3, 1, 0, 1, 0, 2, 0, 0],701.9269445084548,58814.16448267554,96724.70889609086,false
62,G4_BALANCED,G1_CMAX,[31, 22, 42, 15, 26, 58, 95, 82, 77, 12, 47, 5, 93, 78, 98, 54, 85, 63, 18, 44, 20, 35, 43, 97, 91, 76, 10, 30, 21, 45, 71, 64, 1, 23, 17, 83, 24, 61, 60, 36, 6, 57, 94, 88, 65, 56, 79, 40, 67, 68, 46, 75, 38, 9, 19, 32, 81, 41, 27, 62, 87, 90, 99, 59, 53, 16, 72, 73, 70, 39, 37, 84, 3, 92, 25, 55, 28, 29, 51, 7, 11, 14, 86, 66, 89, 50, 48, 96, 33, 80, 4, 8, 74, 49, 0, 52, 13, 2, 69, 34]|[1, 1, 0, 1, 1, 1, 2, 1, 2, 1, 2, 2, 2, 1, 1, 0, 0, 1, 0, 2, 2, 0, 1, 2, 0, 1, 2, 2, 0, 0, 1, 2, 1, 2, 1, 0, 2, 1, 1, 1, 0, 1, 1, 1, 0, 2, 1, 1, 0, 0, 0, 0, 1, 1, 2, 1, 2, 2, 0, 0, 2, 1, 0, 1, 2, 1, 2, 1, 1, 1, 1, 1, 2, 0, 1, 1, 0, 0, 0, 1, 0, 1, 0, 2, 1, 0, 0, 2, 2, 0, 1, 1, 2, 0, 0, 1, 0, 0, 1, 2]|[4, 3, 2, 2, 0, 0, 2, 2, 2, 4, 1, 1, 2, 4, 4, 1, 1, 4, 2, 1, 1, 1, 1, 2, 1, 2, 1, 1, 1, 1, 3, 2, 3, 0, 4, 0, 1, 3, 0, 3, 2, 2, 4, 0, 1, 1, 3, 2, 0, 1, 2, 2, 1, 4, 0, 3, 2, 1, 1, 2, 1, 3, 1, 1, 1, 3, 0, 4, 3, 1, 4, 1, 1, 2, 4, 4, 2, 1, 1, 3, 2, 3, 1, 1, 1, 1, 1, 1, 1, 1, 4, 3, 1, 1, 2, 1, 2, 2, 4, 1]|[0, 2, 1, 1, 3, 3, 0, 1, 0, 0, 0, 0, 1, 0, 1, 0, 0, 3, 1, 0, 0, 0, 3, 1, 0, 2, 0, 0, 0, 1, 0, 0, 0, 0, 3, 0, 1, 0, 0, 2, 1, 1, 2, 0, 0, 0, 0, 1, 1, 0, 0, 0, 1, 3, 0, 0, 1, 0, 0, 1, 0, 2, 0, 1, 0, 2, 1, 0, 0, 1, 1, 3, 0, 1, 3, 3, 1, 0, 0, 2, 1, 0, 0, 0, 1, 0, 0, 0, 0, 0, 0, 2, 0, 1, 0, 1, 0, 0, 2, 0],728.5004367423115,56969.171099257095,91715.9624816939,true
62,G2_TEC,G2_TEC,[20, 94, 66, 15, 26, 9, 95, 42, 77, 68, 47, 5, 3, 14, 86, 54, 85, 63, 18, 44, 31, 49, 36, 78, 74, 50, 53, 17, 21, 28, 11, 64, 93, 23, 30, 83, 24, 41, 40, 52, 65, 27, 90, 70, 39, 87, 48, 69, 99, 4, 46, 1, 13, 56, 97, 59, 45, 8, 73, 37, 35, 79, 71, 82, 76, 32, 60, 80, 58, 6, 67, 61, 33, 7, 57, 34, 12, 16, 10, 22, 96, 88, 43, 81, 91, 2, 84, 29, 92, 19, 51, 89, 38, 25, 72, 75, 98, 62, 55, 0]|[2, 1, 2, 1, 1, 2, 1, 1, 1, 1, 1, 0, 2, 2, 1, 2, 0, 0, 0, 2, 2, 1, 0, 2, 0, 2, 2, 1, 0, 1, 1, 1, 0, 0, 1, 0, 2, 1, 2, 2, 0, 0, 1, 1, 0, 2, 0, 2, 1, 0, 0, 2, 0, 2, 2, 0, 1, 1, 0, 0, 2, 1, 1, 2, 2, 0, 2, 2, 2, 1, 2, 1, 1, 2, 0, 1, 1, 2, 1, 2, 0, 1, 1, 1, 1, 0, 0, 1, 0, 1, 1, 1, 0, 1, 1, 0, 2, 1, 0, 0]|[1, 3, 1, 3, 4, 1, 4, 4, 4, 4, 3, 2, 1, 0, 2, 1, 1, 1, 2, 1, 1, 3, 0, 1, 0, 1, 1, 4, 1, 4, 3, 2, 2, 0, 4, 1, 1, 4, 1, 1, 2, 1, 4, 4, 1, 1, 0, 1, 3, 2, 2, 1, 2, 1, 1, 2, 4, 3, 0, 2, 1, 3, 3, 1, 1, 2, 1, 1, 1, 4, 1, 3, 4, 1, 2, 4, 3, 1, 3, 1, 2, 4, 4, 4, 3, 2, 2, 3, 2, 4, 3, 4, 2, 4, 4, 2, 1, 3, 2, 2]|[0, 2, 0, 0, 3, 0, 1, 3, 1, 0, 2, 0, 1, 0, 1, 0, 0, 0, 1, 0, 0, 2, 0, 0, 1, 0, 0, 3, 0, 1, 0, 2, 0, 0, 3, 0, 1, 1, 0, 0, 0, 0, 1, 3, 0, 0, 1, 0, 2, 0, 0, 0, 0, 0, 1, 0, 1, 0, 1, 1, 0, 2, 0, 0, 0, 0, 0, 0, 0, 2, 0, 0, 1, 0, 0, 1, 0, 0, 3, 0, 0, 1, 2, 2, 0, 0, 0, 3, 0, 1, 0, 1, 0, 3, 1, 0, 0, 0, 0, 0],910.6016522559228,48196.44872629531,105119.71286620182,false
62,G3_TWC,G3_TWC,[31, 22, 42, 15, 26, 58, 95, 82, 77, 12, 47, 5, 93, 78, 98, 54, 85, 63, 18, 44, 20, 35, 43, 97, 91, 76, 10, 30, 21, 45, 71, 64, 1, 23, 17, 83, 24, 61, 60, 49, 6, 57, 94, 88, 65, 56, 79, 40, 67, 68, 46, 75, 0, 9, 19, 32, 81, 41, 27, 62, 87, 90, 99, 59, 53, 16, 72, 73, 70, 39, 37, 84, 3, 92, 25, 74, 28, 38, 51, 7, 11, 14, 34, 48, 89, 66, 50, 96, 33, 80, 8, 4, 86, 36, 2, 52, 13, 29, 69, 55]|[1, 1, 0, 1, 1, 1, 2, 1, 2, 1, 2, 2, 2, 1, 1, 0, 0, 1, 0, 2, 2, 0, 1, 2, 0, 1, 2, 2, 0, 0, 1, 2, 1, 0, 1, 0, 2, 0, 1, 1, 0, 1, 1, 1, 0, 2, 1, 1, 0, 0, 0, 0, 1, 1, 0, 1, 2, 0, 0, 0, 2, 1, 0, 1, 0, 1, 2, 1, 1, 1, 1, 1, 2, 0, 1, 2, 0, 0, 0, 1, 0, 1, 2, 0, 1, 0, 0, 0, 2, 0, 1, 0, 0, 0, 0, 1, 0, 0, 1, 1]|[4, 3, 2, 2, 0, 0, 2, 2, 2, 4, 1, 1, 2, 4, 4, 1, 1, 4, 2, 1, 1, 1, 1, 2, 1, 2, 1, 1, 1, 1, 3, 2, 3, 0, 4, 0, 1, 1, 0, 3, 2, 2, 4, 0, 1, 1, 3, 2, 0, 1, 2, 2, 1, 4, 2, 3, 2, 1, 1, 2, 1, 3, 1, 1, 2, 3, 0, 4, 3, 1, 4, 1, 1, 2, 4, 1, 2, 1, 1, 3, 2, 3, 1, 1, 1, 1, 1, 1, 1, 1, 3, 2, 1, 1, 2, 1, 2, 2, 3, 4]|[0, 2, 1, 1, 3, 3, 0, 1, 0, 0, 0, 0, 1, 0, 1, 0, 0, 3, 1, 0, 0, 0, 3, 1, 0, 2, 0, 0, 0, 1, 0, 0, 0, 0, 3, 0, 1, 0, 0, 2, 1, 1, 2, 0, 0, 0, 0, 1, 1, 0, 0, 0, 1, 3, 1, 0, 1, 0, 0, 1, 0, 2, 0, 1, 1, 2, 1, 0, 0, 1, 1, 3, 0, 1, 3, 0, 1, 0, 0, 2, 1, 0, 0, 0, 1, 0, 0, 0, 0, 0, 2, 1, 0, 1, 0, 1, 0, 0, 0, 3],872.1650162521609,57947.7929046089,85993.49946424144,false
62,G1_CMAX,G1_CMAX,[31, 22, 42, 15, 26, 58, 95, 82, 77, 12, 47, 5, 93, 78, 98, 85, 54, 63, 18, 44, 20, 35, 43, 97, 91, 10, 30, 21, 61, 71, 64, 1, 23, 17, 83, 24, 50, 60, 36, 6, 57, 94, 88, 65, 56, 79, 40, 67, 68, 46, 75, 38, 9, 19, 32, 81, 41, 27, 62, 87, 90, 99, 59, 11, 16, 72, 73, 70, 39, 37, 84, 76, 3, 92, 25, 74, 28, 7, 51, 29, 33, 14, 86, 66, 89, 45, 80, 96, 53, 4, 48, 2, 55, 49, 0, 52, 13, 8, 69, 34]|[1, 1, 1, 1, 1, 1, 2, 1, 2, 1, 2, 0, 2, 1, 1, 0, 0, 1, 0, 2, 2, 2, 1, 2, 0, 2, 2, 0, 0, 1, 2, 1, 2, 1, 0, 2, 0, 1, 1, 0, 1, 1, 1, 0, 2, 1, 1, 0, 0, 0, 0, 1, 1, 2, 1, 2, 2, 0, 0, 2, 1, 0, 1, 2, 1, 2, 1, 1, 1, 1, 1, 1, 2, 1, 1, 2, 0, 0, 0, 0, 2, 1, 2, 0, 1, 0, 0, 0, 0, 0, 2, 0, 1, 0, 0, 1, 0, 1, 2, 2]|[4, 3, 2, 2, 0, 0, 1, 2, 1, 4, 1, 0, 2, 4, 4, 1, 1, 4, 2, 1, 1, 0, 1, 2, 1, 1, 1, 1, 1, 3, 2, 3, 0, 4, 0, 1, 1, 0, 3, 2, 2, 4, 0, 1, 1, 0, 2, 0, 1, 2, 2, 1, 4, 0, 3, 2, 1, 1, 2, 1, 3, 1, 1, 1, 3, 0, 4, 3, 1, 4, 1, 2, 1, 4, 4, 1, 2, 1, 1, 1, 1, 3, 1, 1, 1, 1, 1, 1, 2, 2, 0, 2, 4, 1, 2, 1, 2, 3, 1, 1]|[2, 2, 1, 1, 3, 3, 0, 1, 0, 0, 0, 1, 1, 0, 1, 0, 0, 3, 1, 0, 0, 0, 3, 1, 0, 0, 0, 0, 1, 0, 0, 0, 0, 3, 0, 1, 0, 0, 2, 1, 1, 2, 0, 0, 0, 0, 1, 1, 0, 0, 0, 1, 3, 0, 0, 1, 0, 0, 1, 0, 2, 0, 1, 0, 2, 1, 0, 0, 1, 1, 3, 2, 0, 0, 3, 0, 1, 0, 0, 0, 0, 0, 0, 0, 1, 0, 0, 0, 1, 1, 1, 0, 3, 1, 0, 1, 0, 2, 0, 0],701.9269445084548,58814.16448267554,96724.70889609086,false
62,G4_BALANCED,G1_CMAX,[31, 22, 42, 15, 26, 58, 95, 82, 77, 12, 47, 5, 93, 78, 98, 54, 85, 63, 18, 44, 20, 35, 43, 97, 91, 76, 10, 30, 21, 45, 71, 64, 1, 23, 17, 83, 24, 61, 60, 36, 6, 57, 94, 88, 65, 56, 79, 40, 67, 68, 46, 75, 38, 9, 19, 32, 81, 41, 27, 62, 87, 90, 99, 59, 53, 16, 72, 73, 70, 39, 37, 84, 3, 92, 25, 55, 28, 29, 51, 7, 11, 14, 86, 66, 89, 50, 48, 96, 33, 80, 4, 8, 74, 49, 0, 52, 13, 2, 69, 34]|[1, 1, 0, 1, 1, 1, 2, 1, 2, 1, 2, 2, 2, 1, 1, 0, 0, 1, 0, 2, 2, 0, 1, 2, 0, 1, 2, 2, 0, 0, 1, 2, 1, 2, 1, 0, 2, 1, 1, 1, 0, 1, 1, 1, 0, 2, 1, 1, 0, 0, 0, 0, 1, 1, 2, 1, 2, 2, 0, 0, 2, 1, 0, 1, 2, 1, 2, 1, 1, 1, 1, 1, 2, 0, 1, 1, 0, 0, 0, 1, 0, 1, 0, 2, 1, 0, 0, 2, 2, 0, 1, 1, 2, 0, 0, 1, 0, 0, 1, 2]|[4, 3, 2, 2, 0, 0, 2, 2, 2, 4, 1, 1, 2, 4, 4, 1, 1, 4, 2, 1, 1, 1, 1, 2, 1, 2, 1, 1, 1, 1, 3, 2, 3, 0, 4, 0, 1, 3, 0, 3, 2, 2, 4, 0, 1, 1, 3, 2, 0, 1, 2, 2, 1, 4, 0, 3, 2, 1, 1, 2, 1, 3, 1, 1, 1, 3, 0, 4, 3, 1, 4, 1, 1, 2, 4, 4, 2, 1, 1, 3, 2, 3, 1, 1, 1, 1, 1, 1, 1, 1, 4, 3, 1, 1, 2, 1, 2, 2, 4, 1]|[0, 2, 1, 1, 3, 3, 0, 1, 0, 0, 0, 0, 1, 0, 1, 0, 0, 3, 1, 0, 0, 0, 3, 1, 0, 2, 0, 0, 0, 1, 0, 0, 0, 0, 3, 0, 1, 0, 0, 2, 1, 1, 2, 0, 0, 0, 0, 1, 1, 0, 0, 0, 1, 3, 0, 0, 1, 0, 0, 1, 0, 2, 0, 1, 0, 2, 1, 0, 0, 1, 1, 3, 0, 1, 3, 3, 1, 0, 0, 2, 1, 0, 0, 0, 1, 0, 0, 0, 0, 0, 0, 2, 0, 1, 0, 1, 0, 0, 2, 0],728.5004367423115,56969.171099257095,91715.9624816939,true
62,G2_TEC,G2_TEC,[20, 94, 66, 15, 26, 9, 95, 42, 77, 68, 47, 5, 3, 14, 86, 54, 85, 63, 18, 44, 31, 49, 36, 78, 74, 50, 53, 17, 21, 28, 11, 64, 93, 23, 30, 83, 24, 41, 40, 52, 65, 27, 90, 70, 39, 87, 48, 69, 99, 4, 46, 1, 13, 56, 97, 59, 45, 8, 73, 37, 35, 79, 71, 82, 76, 32, 60, 80, 58, 6, 67, 61, 33, 7, 57, 34, 12, 16, 10, 22, 96, 88, 43, 81, 91, 2, 84, 29, 92, 19, 51, 89, 38, 25, 72, 75, 98, 62, 55, 0]|[2, 1, 2, 1, 1, 2, 1, 1, 1, 1, 1, 0, 2, 2, 1, 2, 0, 0, 0, 2, 2, 1, 0, 2, 0, 2, 2, 1, 0, 1, 1, 1, 0, 0, 1, 0, 2, 1, 2, 2, 0, 0, 1, 1, 0, 2, 0, 2, 1, 0, 0, 2, 0, 2, 2, 0, 1, 1, 0, 0, 2, 1, 1, 2, 2, 0, 2, 2, 2, 1, 2, 1, 1, 2, 0, 1, 1, 2, 1, 2, 0, 1, 1, 1, 1, 0, 0, 1, 0, 1, 1, 1, 0, 1, 1, 0, 2, 1, 0, 0]|[1, 3, 1, 3, 4, 1, 4, 4, 4, 4, 3, 2, 1, 0, 2, 1, 1, 1, 2, 1, 1, 3, 0, 1, 0, 1, 1, 4, 1, 4, 3, 2, 2, 0, 4, 1, 1, 4, 1, 1, 2, 1, 4, 4, 1, 1, 0, 1, 3, 2, 2, 1, 2, 1, 1, 2, 4, 3, 0, 2, 1, 3, 3, 1, 1, 2, 1, 1, 1, 4, 1, 3, 4, 1, 2, 4, 3, 1, 3, 1, 2, 4, 4, 4, 3, 2, 2, 3, 2, 4, 3, 4, 2, 4, 4, 2, 1, 3, 2, 2]|[0, 2, 0, 0, 3, 0, 1, 3, 1, 0, 2, 0, 1, 0, 1, 0, 0, 0, 1, 0, 0, 2, 0, 0, 1, 0, 0, 3, 0, 1, 0, 2, 0, 0, 3, 0, 1, 1, 0, 0, 0, 0, 1, 3, 0, 0, 1, 0, 2, 0, 0, 0, 0, 0, 1, 0, 1, 0, 1, 1, 0, 2, 0, 0, 0, 0, 0, 0, 0, 2, 0, 0, 1, 0, 0, 1, 0, 0, 3, 0, 0, 1, 2, 2, 0, 0, 0, 3, 0, 1, 0, 1, 0, 3, 1, 0, 0, 0, 0, 0],910.6016522559228,48196.44872629531,105119.71286620182,false
62,G3_TWC,G3_TWC,[31, 22, 42, 15, 26, 58, 95, 82, 77, 12, 47, 5, 93, 78, 98, 54, 85, 63, 18, 44, 20, 35, 43, 97, 91, 76, 10, 30, 21, 45, 71, 64, 1, 23, 17, 83, 24, 61, 60, 49, 6, 57, 94, 88, 65, 56, 79, 40, 67, 68, 46, 75, 0, 9, 19, 32, 81, 41, 27, 62, 87, 90, 99, 59, 53, 16, 72, 73, 70, 39, 37, 84, 3, 92, 25, 74, 28, 38, 51, 7, 11, 14, 34, 48, 89, 66, 50, 96, 33, 80, 8, 4, 86, 36, 2, 52, 13, 29, 69, 55]|[1, 1, 0, 1, 1, 1, 2, 1, 2, 1, 2, 2, 2, 1, 1, 0, 0, 1, 0, 2, 2, 0, 1, 2, 0, 1, 2, 2, 0, 0, 1, 2, 1, 0, 1, 0, 2, 0, 1, 1, 0, 1, 1, 1, 0, 2, 1, 1, 0, 0, 0, 0, 1, 1, 0, 1, 2, 0, 0, 0, 2, 1, 0, 1, 0, 1, 2, 1, 1, 1, 1, 1, 2, 0, 1, 2, 0, 0, 0, 1, 0, 1, 2, 0, 1, 0, 0, 0, 2, 0, 1, 0, 0, 0, 0, 1, 0, 0, 1, 1]|[4, 3, 2, 2, 0, 0, 2, 2, 2, 4, 1, 1, 2, 4, 4, 1, 1, 4, 2, 1, 1, 1, 1, 2, 1, 2, 1, 1, 1, 1, 3, 2, 3, 0, 4, 0, 1, 1, 0, 3, 2, 2, 4, 0, 1, 1, 3, 2, 0, 1, 2, 2, 1, 4, 2, 3, 2, 1, 1, 2, 1, 3, 1, 1, 2, 3, 0, 4, 3, 1, 4, 1, 1, 2, 4, 1, 2, 1, 1, 3, 2, 3, 1, 1, 1, 1, 1, 1, 1, 1, 3, 2, 1, 1, 2, 1, 2, 2, 3, 4]|[0, 2, 1, 1, 3, 3, 0, 1, 0, 0, 0, 0, 1, 0, 1, 0, 0, 3, 1, 0, 0, 0, 3, 1, 0, 2, 0, 0, 0, 1, 0, 0, 0, 0, 3, 0, 1, 0, 0, 2, 1, 1, 2, 0, 0, 0, 0, 1, 1, 0, 0, 0, 1, 3, 1, 0, 1, 0, 0, 1, 0, 2, 0, 1, 1, 2, 1, 0, 0, 1, 1, 3, 0, 1, 3, 0, 1, 0, 0, 2, 1, 0, 0, 0, 1, 0, 0, 0, 0, 0, 2, 1, 0, 1, 0, 1, 0, 0, 0, 3],872.1650162521609,57947.7929046089,85993.49946424144,false
62,G1_CMAX,G4_BALANCED,[31, 22, 42, 15, 26, 58, 95, 82, 77, 12, 47, 5, 93, 78, 86, 54, 85, 63, 18, 44, 20, 35, 43, 97, 91, 76, 10, 30, 21, 45, 71, 64, 1, 23, 17, 83, 24, 14, 60, 36, 6, 57, 40, 88, 65, 56, 79, 94, 67, 68, 46, 75, 38, 9, 19, 32, 81, 41, 27, 62, 87, 90, 99, 59, 11, 16, 72, 73, 70, 39, 52, 84, 3, 92, 25, 74, 28, 29, 51, 7, 53, 61, 98, 48, 89, 50, 66, 96, 33, 80, 8, 4, 34, 55, 0, 37, 13, 2, 69, 49]|[1, 1, 0, 1, 1, 0, 2, 2, 2, 1, 2, 2, 2, 1, 1, 0, 0, 1, 0, 2, 2, 0, 1, 2, 0, 1, 2, 2, 0, 0, 1, 2, 1, 2, 1, 0, 2, 0, 1, 1, 0, 1, 1, 1, 0, 2, 1, 1, 0, 0, 0, 0, 1, 1, 2, 1, 2, 2, 0, 0, 2, 1, 0, 1, 2, 1, 2, 1, 1, 1, 1, 1, 2, 1, 1, 2, 0, 0, 0, 1, 0, 1, 0, 0, 1, 1, 2, 0, 2, 0, 1, 1, 1, 2, 0, 1, 0, 0, 1, 0]|[4, 3, 2, 2, 0, 1, 2, 2, 2, 4, 1, 1, 2, 4, 4, 1, 2, 4, 2, 1, 1, 1, 1, 2, 1, 2, 1, 1, 1, 1, 3, 2, 3, 1, 4, 0, 1, 1, 0, 3, 2, 2, 4, 0, 1, 1, 3, 4, 0, 1, 2, 2, 1, 4, 1, 3, 1, 1, 1, 2, 1, 3, 1, 1, 1, 3, 0, 4, 3, 1, 4, 1, 1, 4, 4, 1, 2, 2, 1, 3, 2, 3, 1, 1, 1, 3, 1, 1, 1, 1, 3, 4, 4, 1, 2, 1, 2, 2, 3, 1]|[0, 2, 1, 1, 3, 0, 0, 0, 0, 0, 0, 0, 1, 0, 1, 0, 0, 3, 1, 0, 0, 0, 3, 1, 0, 2, 0, 0, 0, 0, 0, 0, 0, 0, 3, 0, 1, 0, 0, 2, 1, 1, 2, 0, 0, 0, 0, 2, 1, 0, 0, 0, 1, 3, 0, 0, 0, 0, 0, 1, 0, 2, 0, 1, 0, 2, 1, 0, 0, 1, 1, 3, 0, 0, 3, 0, 1, 0, 0, 2, 1, 0, 0, 0, 1, 2, 0, 0, 0, 0, 2, 0, 3, 0, 0, 1, 0, 0, 2, 1],802.5487252592052,54695.20216890307,98636.5423143008,true
62,G4_BALANCED,G1_CMAX,[31, 22, 42, 15, 26, 58, 95, 82, 77, 12, 47, 5, 93, 78, 98, 54, 85, 63, 18, 44, 20, 35, 43, 97, 91, 76, 10, 30, 21, 45, 71, 64, 1, 23, 17, 83, 24, 61, 60, 36, 6, 57, 94, 88, 65, 56, 79, 40, 67, 68, 46, 75, 38, 9, 19, 32, 81, 41, 27, 62, 87, 90, 99, 59, 53, 16, 72, 73, 70, 39, 37, 84, 3, 92, 25, 55, 28, 29, 51, 7, 11, 14, 86, 66, 89, 50, 48, 96, 33, 80, 4, 8, 74, 49, 0, 52, 13, 2, 69, 34]|[1, 1, 0, 1, 1, 1, 2, 1, 2, 1, 2, 2, 2, 1, 1, 0, 0, 1, 0, 2, 2, 0, 1, 2, 0, 1, 2, 2, 0, 0, 1, 2, 1, 2, 1, 0, 2, 1, 1, 1, 0, 1, 1, 1, 0, 2, 1, 1, 0, 0, 0, 0, 1, 1, 2, 1, 2, 2, 0, 0, 2, 1, 0, 1, 2, 1, 2, 1, 1, 1, 1, 1, 2, 0, 1, 1, 0, 0, 0, 1, 0, 1, 0, 2, 1, 0, 0, 2, 2, 0, 1, 1, 2, 0, 0, 1, 0, 0, 1, 2]|[4, 3, 2, 2, 0, 0, 2, 2, 2, 4, 1, 1, 2, 4, 4, 1, 1, 4, 2, 1, 1, 1, 1, 2, 1, 2, 1, 1, 1, 1, 3, 2, 3, 0, 4, 0, 1, 3, 0, 3, 2, 2, 4, 0, 1, 1, 3, 2, 0, 1, 2, 2, 1, 4, 0, 3, 2, 1, 1, 2, 1, 3, 1, 1, 1, 3, 0, 4, 3, 1, 4, 1, 1, 2, 4, 4, 2, 1, 1, 3, 2, 3, 1, 1, 1, 1, 1, 1, 1, 1, 4, 3, 1, 1, 2, 1, 2, 2, 4, 1]|[0, 2, 1, 1, 3, 3, 0, 1, 0, 0, 0, 0, 1, 0, 1, 0, 0, 3, 1, 0, 0, 0, 3, 1, 0, 2, 0, 0, 0, 1, 0, 0, 0, 0, 3, 0, 1, 0, 0, 2, 1, 1, 2, 0, 0, 0, 0, 1, 1, 0, 0, 0, 1, 3, 0, 0, 1, 0, 0, 1, 0, 2, 0, 1, 0, 2, 1, 0, 0, 1, 1, 3, 0, 1, 3, 3, 1, 0, 0, 2, 1, 0, 0, 0, 1, 0, 0, 0, 0, 0, 0, 2, 0, 1, 0, 1, 0, 0, 2, 0],728.5004367423115,56969.171099257095,91715.9624816939,true
62,G2_TEC,G2_TEC,[20, 94, 66, 15, 26, 9, 95, 42, 77, 68, 47, 5, 3, 14, 86, 54, 85, 63, 18, 74, 31, 49, 36, 78, 44, 50, 53, 17, 21, 28, 11, 64, 93, 23, 30, 83, 24, 41, 40, 52, 65, 27, 90, 70, 39, 87, 48, 69, 99, 4, 46, 1, 13, 56, 97, 59, 45, 8, 73, 37, 35, 79, 71, 82, 76, 32, 60, 80, 58, 6, 67, 61, 33, 7, 57, 34, 12, 16, 10, 98, 96, 88, 43, 81, 91, 2, 84, 29, 38, 19, 51, 89, 75, 25, 72, 92, 22, 62, 55, 0]|[2, 1, 2, 1, 1, 2, 1, 1, 1, 1, 1, 0, 2, 2, 1, 2, 0, 0, 0, 2, 2, 1, 0, 2, 0, 2, 2, 1, 0, 1, 1, 1, 0, 0, 1, 0, 2, 1, 2, 2, 0, 0, 1, 1, 0, 2, 0, 2, 1, 0, 0, 2, 0, 2, 2, 0, 1, 1, 0, 0, 2, 1, 1, 2, 2, 0, 2, 2, 2, 1, 2, 1, 1, 2, 0, 1, 1, 2, 1, 2, 0, 1, 1, 1, 1, 0, 0, 1, 0, 1, 1, 1, 0, 1, 1, 0, 2, 1, 0, 0]|[1, 3, 1, 3, 4, 1, 4, 4, 4, 4, 3, 2, 1, 1, 2, 1, 1, 1, 2, 1, 1, 3, 0, 1, 0, 1, 1, 4, 1, 4, 3, 2, 2, 0, 4, 1, 1, 4, 1, 1, 2, 1, 4, 4, 1, 1, 0, 1, 3, 2, 2, 1, 2, 1, 1, 2, 4, 3, 0, 2, 1, 3, 3, 1, 1, 2, 1, 1, 1, 4, 1, 3, 4, 1, 2, 4, 3, 1, 3, 1, 2, 4, 4, 4, 3, 2, 2, 3, 2, 4, 3, 4, 2, 4, 4, 2, 1, 3, 2, 2]|[0, 2, 0, 0, 3, 0, 1, 3, 1, 0, 2, 0, 1, 0, 1, 0, 0, 0, 1, 0, 0, 2, 0, 0, 1, 0, 0, 3, 0, 1, 0, 2, 0, 0, 3, 0, 1, 1, 0, 0, 0, 0, 1, 3, 0, 0, 1, 0, 2, 0, 0, 0, 0, 0, 1, 0, 1, 0, 1, 1, 0, 2, 0, 0, 0, 0, 0, 0, 0, 2, 0, 0, 1, 0, 0, 1, 0, 0, 3, 0, 0, 1, 2, 2, 0, 0, 0, 3, 0, 1, 0, 1, 0, 3, 1, 0, 0, 0, 0, 0],916.442803653686,48100.947169548526,106478.50503569844,false
62,G3_TWC,G3_TWC,[31, 22, 42, 15, 26, 58, 95, 82, 77, 12, 47, 5, 93, 78, 98, 54, 85, 63, 18, 44, 20, 35, 43, 97, 91, 76, 10, 30, 21, 45, 71, 64, 1, 23, 17, 83, 24, 61, 60, 49, 6, 57, 94, 88, 65, 56, 79, 40, 67, 68, 46, 75, 0, 9, 19, 32, 81, 41, 27, 62, 87, 90, 99, 59, 53, 16, 72, 73, 70, 39, 37, 84, 3, 92, 25, 74, 28, 38, 51, 7, 11, 14, 34, 48, 89, 66, 50, 96, 33, 80, 8, 4, 86, 36, 2, 52, 13, 29, 69, 55]|[1, 1, 0, 1, 1, 1, 2, 1, 2, 1, 2, 2, 2, 1, 1, 0, 0, 1, 0, 2, 2, 0, 1, 2, 0, 1, 2, 2, 0, 0, 1, 2, 1, 0, 1, 0, 2, 0, 1, 1, 0, 1, 1, 1, 0, 2, 1, 1, 0, 0, 0, 0, 1, 1, 0, 1, 2, 0, 0, 0, 2, 1, 0, 1, 0, 1, 2, 1, 1, 1, 1, 1, 2, 0, 1, 2, 0, 0, 0, 1, 0, 1, 2, 0, 1, 0, 0, 0, 2, 0, 1, 0, 0, 0, 0, 1, 0, 0, 1, 1]|[4, 3, 2, 2, 0, 0, 2, 2, 2, 4, 1, 1, 2, 4, 4, 1, 1, 4, 2, 1, 1, 1, 1, 2, 1, 2, 1, 1, 1, 1, 3, 2, 3, 0, 4, 0, 1, 1, 0, 3, 2, 2, 4, 0, 1, 1, 3, 2, 0, 1, 2, 2, 1, 4, 2, 3, 2, 1, 1, 2, 1, 3, 1, 1, 2, 3, 0, 4, 3, 1, 4, 1, 1, 2, 4, 1, 2, 1, 1, 3, 2, 3, 1, 1, 1, 1, 1, 1, 1, 1, 3, 2, 1, 1, 2, 1, 2, 2, 3, 4]|[0, 2, 1, 1, 3, 3, 0, 1, 0, 0, 0, 0, 1, 0, 1, 0, 0, 3, 1, 0, 0, 0, 3, 1, 0, 2, 0, 0, 0, 1, 0, 0, 0, 0, 3, 0, 1, 0, 0, 2, 1, 1, 2, 0, 0, 0, 0, 1, 1, 0, 0, 0, 1, 3, 1, 0, 1, 0, 0, 1, 0, 2, 0, 1, 1, 2, 1, 0, 0, 1, 1, 3, 0, 1, 3, 0, 1, 0, 0, 2, 1, 0, 0, 0, 1, 0, 0, 0, 0, 0, 2, 1, 0, 1, 0, 1, 0, 0, 0, 3],872.1650162521609,57947.7929046089,85993.49946424144,false
62,G1_CMAX,G4_BALANCED,[31, 22, 82, 15, 26, 99, 95, 42, 77, 12, 47, 5, 93, 78, 86, 54, 85, 63, 18, 44, 20, 23, 43, 97, 91, 76, 10, 30, 21, 45, 71, 64, 1, 35, 17, 83, 24, 14, 60, 36, 6, 57, 40, 88, 65, 56, 79, 94, 67, 68, 46, 75, 38, 9, 19, 32, 41, 81, 27, 87, 90, 58, 59, 11, 16, 72, 73, 70, 39, 37, 84, 3, 92, 25, 55, 48, 62, 29, 51, 96, 33, 61, 98, 28, 89, 50, 4, 7, 53, 80, 8, 66, 34, 49, 0, 74, 69, 52, 2, 13]|[2, 1, 0, 1, 1, 0, 1, 1, 2, 1, 2, 2, 2, 1, 1, 0, 0, 1, 0, 2, 2, 0, 1, 2, 0, 1, 2, 2, 0, 0, 1, 2, 1, 2, 1, 0, 2, 0, 1, 1, 0, 1, 1, 1, 0, 2, 1, 1, 0, 0, 0, 0, 1, 1, 2, 1, 0, 2, 0, 2, 1, 0, 1, 2, 1, 2, 1, 1, 1, 1, 1, 1, 0, 1, 2, 0, 0, 0, 0, 2, 2, 1, 2, 0, 1, 0, 1, 2, 0, 0, 2, 2, 2, 0, 0, 2, 1, 1, 0, 0]|[1, 3, 2, 2, 4, 1, 2, 3, 2, 4, 1, 1, 2, 4, 4, 1, 1, 4, 2, 1, 1, 1, 1, 2, 1, 2, 1, 1, 2, 1, 3, 2, 3, 1, 4, 0, 1, 1, 0, 3, 2, 2, 2, 0, 1, 1, 0, 4, 0, 1, 2, 2, 1, 4, 0, 3, 1, 1, 1, 1, 3, 1, 1, 1, 3, 0, 4, 3, 1, 4, 1, 1, 0, 4, 1, 1, 2, 1, 1, 1, 1, 3, 1, 2, 1, 1, 4, 1, 2, 1, 1, 1, 1, 1, 2, 1, 4, 1, 2, 2]|[0, 2, 1, 1, 3, 0, 1, 3, 0, 0, 0, 0, 1, 0, 1, 0, 0, 3, 1, 0, 0, 0, 3, 1, 0, 2, 0, 0, 0, 1, 0, 0, 0, 0, 3, 0, 1, 0, 0, 2, 1, 1, 1, 0, 0, 0, 0, 2, 1, 0, 0, 0, 1, 3, 0, 0, 0, 0, 0, 0, 2, 0, 1, 0, 2, 1, 0, 0, 1, 1, 3, 1, 1, 3, 0, 0, 1, 0, 0, 0, 0, 0, 0, 1, 1, 0, 0, 0, 1, 0, 0, 0, 0, 1, 0, 0, 2, 1, 0, 0],749.6397059729857,55848.851094536025,92598.57070354128,true
62,G4_BALANCED,G1_CMAX,[31, 22, 42, 15, 26, 58, 95, 82, 77, 12, 47, 5, 93, 78, 98, 54, 85, 63, 18, 44, 20, 35, 43, 97, 91, 76, 10, 30, 21, 45, 71, 64, 1, 23, 17, 83, 24, 61, 60, 36, 6, 57, 94, 88, 65, 56, 79, 40, 67, 68, 46, 75, 38, 9, 19, 32, 81, 41, 27, 62, 87, 90, 99, 59, 53, 16, 72, 73, 70, 39, 37, 84, 3, 92, 25, 55, 28, 29, 51, 7, 11, 14, 86, 66, 89, 50, 48, 96, 33, 80, 4, 8, 74, 49, 0, 52, 13, 2, 69, 34]|[1, 1, 0, 1, 1, 1, 2, 1, 2, 1, 2, 2, 2, 1, 1, 0, 0, 1, 0, 2, 2, 0, 1, 2, 0, 1, 2, 2, 0, 0, 1, 2, 1, 2, 1, 0, 2, 1, 1, 1, 0, 1, 1, 1, 0, 2, 1, 1, 0, 0, 0, 0, 1, 1, 2, 1, 2, 2, 0, 0, 2, 1, 0, 1, 2, 1, 2, 1, 1, 1, 1, 1, 2, 0, 1, 1, 0, 0, 0, 1, 0, 1, 0, 2, 1, 0, 0, 2, 2, 0, 1, 1, 2, 0, 0, 1, 0, 0, 1, 2]|[4, 3, 2, 2, 0, 0, 2, 2, 2, 4, 1, 1, 2, 4, 4, 1, 1, 4, 2, 1, 1, 1, 1, 2, 1, 2, 1, 1, 1, 1, 3, 2, 3, 0, 4, 0, 1, 3, 0, 3, 2, 2, 4, 0, 1, 1, 3, 2, 0, 1, 2, 2, 1, 4, 0, 3, 2, 1, 1, 2, 1, 3, 1, 1, 1, 3, 0, 4, 3, 1, 4, 1, 1, 2, 4, 4, 2, 1, 1, 3, 2, 3, 1, 1, 1, 1, 1, 1, 1, 1, 4, 3, 1, 1, 2, 1, 2, 2, 4, 1]|[0, 2, 1, 1, 3, 3, 0, 1, 0, 0, 0, 0, 1, 0, 1, 0, 0, 3, 1, 0, 0, 0, 3, 1, 0, 2, 0, 0, 0, 1, 0, 0, 0, 0, 3, 0, 1, 0, 0, 2, 1, 1, 2, 0, 0, 0, 0, 1, 1, 0, 0, 0, 1, 3, 0, 0, 1, 0, 0, 1, 0, 2, 0, 1, 0, 2, 1, 0, 0, 1, 1, 3, 0, 1, 3, 3, 1, 0, 0, 2, 1, 0, 0, 0, 1, 0, 0, 0, 0, 0, 0, 2, 0, 1, 0, 1, 0, 0, 2, 0],728.5004367423115,56969.171099257095,91715.9624816939,true
62,G2_TEC,G2_TEC,[20, 94, 66, 15, 26, 9, 95, 42, 77, 68, 47, 5, 3, 14, 86, 54, 85, 63, 18, 74, 31, 49, 36, 78, 44, 50, 53, 17, 21, 28, 11, 64, 93, 23, 30, 83, 24, 41, 40, 52, 65, 27, 90, 70, 39, 87, 48, 69, 99, 4, 46, 1, 13, 56, 97, 59, 45, 8, 73, 37, 35, 79, 71, 82, 76, 32, 60, 80, 58, 6, 67, 61, 33, 7, 57, 34, 12, 16, 10, 98, 96, 88, 43, 81, 91, 2, 84, 29, 38, 19, 51, 89, 75, 25, 72, 92, 22, 62, 55, 0]|[2, 1, 2, 1, 1, 2, 1, 1, 1, 1, 1, 0, 2, 2, 1, 2, 0, 0, 0, 2, 2, 1, 0, 2, 0, 2, 2, 1, 0, 1, 1, 1, 0, 0, 1, 0, 2, 1, 2, 2, 0, 0, 1, 1, 0, 2, 0, 2, 1, 0, 0, 2, 0, 2, 2, 0, 1, 1, 0, 0, 2, 1, 1, 2, 2, 0, 2, 2, 2, 1, 2, 1, 1, 2, 0, 1, 1, 2, 1, 2, 0, 1, 1, 1, 1, 0, 0, 1, 0, 1, 1, 1, 0, 1, 1, 0, 2, 1, 0, 0]|[1, 3, 1, 3, 4, 1, 4, 4, 4, 4, 3, 2, 1, 1, 2, 1, 1, 1, 2, 1, 1, 3, 0, 1, 0, 1, 1, 4, 1, 4, 3, 2, 2, 0, 4, 1, 1, 4, 1, 1, 2, 1, 4, 4, 1, 1, 0, 1, 3, 2, 2, 1, 2, 1, 1, 2, 4, 3, 0, 2, 1, 3, 3, 1, 1, 2, 1, 1, 1, 4, 1, 3, 4, 1, 2, 4, 3, 1, 3, 1, 2, 4, 4, 4, 3, 2, 2, 3, 2, 4, 3, 4, 2, 4, 4, 2, 1, 3, 2, 2]|[0, 2, 0, 0, 3, 0, 1, 3, 1, 0, 2, 0, 1, 0, 1, 0, 0, 0, 1, 0, 0, 2, 0, 0, 1, 0, 0, 3, 0, 1, 0, 2, 0, 0, 3, 0, 1, 1, 0, 0, 0, 0, 1, 3, 0, 0, 1, 0, 2, 0, 0, 0, 0, 0, 1, 0, 1, 0, 1, 1, 0, 2, 0, 0, 0, 0, 0, 0, 0, 2, 0, 0, 1, 0, 0, 1, 0, 0, 3, 0, 0, 1, 2, 2, 0, 0, 0, 3, 0, 1, 0, 1, 0, 3, 1, 0, 0, 0, 0, 0],916.442803653686,48100.947169548526,106478.50503569844,false
62,G3_TWC,G3_TWC,[31, 22, 42, 15, 26, 58, 95, 82, 77, 12, 47, 5, 93, 78, 98, 54, 85, 63, 18, 44, 20, 35, 43, 97, 91, 76, 10, 30, 21, 45, 71, 64, 1, 23, 17, 83, 24, 61, 60, 49, 6, 57, 94, 88, 65, 56, 79, 40, 67, 68, 46, 75, 0, 9, 19, 32, 81, 41, 27, 62, 87, 90, 99, 59, 53, 16, 72, 73, 70, 39, 37, 84, 3, 92, 25, 74, 28, 38, 51, 7, 11, 14, 34, 48, 89, 66, 50, 96, 33, 80, 8, 4, 86, 36, 2, 52, 13, 29, 69, 55]|[1, 1, 0, 1, 1, 1, 2, 1, 2, 1, 2, 2, 2, 1, 1, 0, 0, 1, 0, 2, 2, 0, 1, 2, 0, 1, 2, 2, 0, 0, 1, 2, 1, 0, 1, 0, 2, 0, 1, 1, 0, 1, 1, 1, 0, 2, 1, 1, 0, 0, 0, 0, 1, 1, 0, 1, 2, 0, 0, 0, 2, 1, 0, 1, 0, 1, 2, 1, 1, 1, 1, 1, 2, 0, 1, 2, 0, 0, 0, 1, 0, 1, 2, 0, 1, 0, 0, 0, 2, 0, 1, 0, 0, 0, 0, 1, 0, 0, 1, 1]|[4, 3, 2, 2, 0, 0, 2, 2, 2, 4, 1, 1, 2, 4, 4, 1, 1, 4, 2, 1, 1, 1, 1, 2, 1, 2, 1, 1, 1, 1, 3, 2, 3, 0, 4, 0, 1, 1, 0, 3, 2, 2, 4, 0, 1, 1, 3, 2, 0, 1, 2, 2, 1, 4, 2, 3, 2, 1, 1, 2, 1, 3, 1, 1, 2, 3, 0, 4, 3, 1, 4, 1, 1, 2, 4, 1, 2, 1, 1, 3, 2, 3, 1, 1, 1, 1, 1, 1, 1, 1, 3, 2, 1, 1, 2, 1, 2, 2, 3, 4]|[0, 2, 1, 1, 3, 3, 0, 1, 0, 0, 0, 0, 1, 0, 1, 0, 0, 3, 1, 0, 0, 0, 3, 1, 0, 2, 0, 0, 0, 1, 0, 0, 0, 0, 3, 0, 1, 0, 0, 2, 1, 1, 2, 0, 0, 0, 0, 1, 1, 0, 0, 0, 1, 3, 1, 0, 1, 0, 0, 1, 0, 2, 0, 1, 1, 2, 1, 0, 0, 1, 1, 3, 0, 1, 3, 0, 1, 0, 0, 2, 1, 0, 0, 0, 1, 0, 0, 0, 0, 0, 2, 1, 0, 1, 0, 1, 0, 0, 0, 3],872.1650162521609,57947.7929046089,85993.49946424144,false
62,G1_CMAX,G1_CMAX,[31, 22, 42, 15, 26, 58, 95, 82, 77, 12, 47, 5, 93, 78, 98, 54, 85, 63, 18, 44, 20, 35, 43, 97, 91, 76, 10, 30, 21, 45, 71, 64, 1, 23, 17, 83, 24, 61, 60, 36, 6, 57, 94, 88, 86, 56, 79, 40, 67, 68, 46, 75, 38, 9, 19, 32, 81, 41, 27, 62, 87, 90, 99, 59, 11, 16, 72, 73, 70, 39, 37, 84, 48, 92, 25, 55, 28, 29, 51, 7, 33, 14, 65, 3, 89, 66, 74, 96, 53, 80, 4, 2, 50, 49, 0, 52, 13, 8, 69, 34]|[1, 1, 0, 1, 1, 1, 2, 1, 2, 1, 2, 2, 2, 1, 1, 0, 0, 1, 0, 2, 2, 0, 1, 2, 0, 1, 2, 2, 0, 0, 1, 2, 1, 2, 1, 0, 2, 0, 1, 1, 0, 1, 1, 1, 0, 2, 1, 1, 0, 0, 0, 0, 1, 1, 2, 1, 2, 0, 0, 0, 2, 1, 0, 1, 2, 1, 2, 1, 1, 1, 1, 1, 2, 0, 1, 1, 0, 0, 0, 1, 2, 0, 0, 2, 1, 2, 2, 0, 0, 0, 0, 0, 2, 0, 0, 1, 0, 1, 1, 2]|[4, 3, 2, 2, 0, 0, 2, 2, 2, 4, 1, 1, 2, 4, 4, 1, 1, 4, 2, 1, 1, 1, 1, 2, 1, 2, 1, 1, 1, 1, 3, 2, 3, 1, 4, 0, 1, 1, 0, 3, 2, 2, 4, 0, 1, 1, 3, 4, 0, 1, 2, 2, 1, 4, 0, 3, 2, 1, 1, 2, 1, 3, 1, 1, 1, 3, 0, 4, 3, 1, 4, 1, 1, 2, 4, 4, 2, 1, 1, 3, 1, 1, 1, 1, 1, 1, 1, 1, 2, 1, 2, 2, 1, 1, 2, 1, 2, 3, 3, 1]|[0, 2, 1, 1, 3, 3, 0, 1, 0, 0, 0, 0, 1, 0, 1, 0, 0, 3, 1, 0, 0, 0, 3, 1, 0, 2, 0, 0, 0, 0, 0, 0, 0, 0, 3, 0, 1, 0, 0, 2, 1, 1, 2, 0, 0, 0, 0, 2, 1, 0, 0, 0, 1, 3, 0, 0, 1, 0, 0, 1, 0, 2, 0, 1, 0, 2, 1, 0, 0, 1, 1, 3, 0, 1, 3, 3, 1, 0, 0, 2, 0, 0, 0, 0, 1, 0, 0, 0, 1, 0, 1, 0, 0, 1, 0, 1, 0, 2, 0, 0],762.5280412111468,56651.94589040631,91164.16324865841,false
62,G4_BALANCED,G1_CMAX,[31, 22, 42, 15, 26, 58, 95, 82, 77, 12, 47, 5, 93, 78, 98, 54, 85, 63, 18, 44, 20, 35, 43, 97, 91, 76, 10, 30, 21, 45, 71, 64, 1, 23, 17, 83, 24, 61, 60, 36, 6, 57, 94, 88, 65, 56, 79, 40, 67, 68, 46, 75, 38, 9, 19, 32, 81, 41, 27, 62, 87, 90, 99, 59, 53, 16, 72, 73, 70, 39, 37, 84, 3, 92, 25, 55, 28, 29, 51, 7, 11, 14, 86, 66, 89, 50, 48, 96, 33, 80, 4, 8, 74, 49, 0, 52, 13, 2, 69, 34]|[1, 1, 0, 1, 1, 1, 2, 1, 2, 1, 2, 2, 2, 1, 1, 0, 0, 1, 0, 2, 2, 0, 1, 2, 0, 1, 2, 2, 0, 0, 1, 2, 1, 2, 1, 0, 2, 1, 1, 1, 0, 1, 1, 1, 0, 2, 1, 1, 0, 0, 0, 0, 1, 1, 2, 1, 2, 2, 0, 0, 2, 1, 0, 1, 2, 1, 2, 1, 1, 1, 1, 1, 2, 0, 1, 1, 0, 0, 0, 1, 0, 1, 0, 2, 1, 0, 0, 2, 2, 0, 1, 1, 2, 0, 0, 1, 0, 0, 1, 2]|[4, 3, 2, 2, 0, 0, 2, 2, 2, 4, 1, 1, 2, 4, 4, 1, 1, 4, 2, 1, 1, 1, 1, 2, 1, 2, 1, 1, 1, 1, 3, 2, 3, 0, 4, 0, 1, 3, 0, 3, 2, 2, 4, 0, 1, 1, 3, 2, 0, 1, 2, 2, 1, 4, 0, 3, 2, 1, 1, 2, 1, 3, 1, 1, 1, 3, 0, 4, 3, 1, 4, 1, 1, 2, 4, 4, 2, 1, 1, 3, 2, 3, 1, 1, 1, 1, 1, 1, 1, 1, 4, 3, 1, 1, 2, 1, 2, 2, 4, 1]|[0, 2, 1, 1, 3, 3, 0, 1, 0, 0, 0, 0, 1, 0, 1, 0, 0, 3, 1, 0, 0, 0, 3, 1, 0, 2, 0, 0, 0, 1, 0, 0, 0, 0, 3, 0, 1, 0, 0, 2, 1, 1, 2, 0, 0, 0, 0, 1, 1, 0, 0, 0, 1, 3, 0, 0, 1, 0, 0, 1, 0, 2, 0, 1, 0, 2, 1, 0, 0, 1, 1, 3, 0, 1, 3, 3, 1, 0, 0, 2, 1, 0, 0, 0, 1, 0, 0, 0, 0, 0, 0, 2, 0, 1, 0, 1, 0, 0, 2, 0],728.5004367423115,56969.171099257095,91715.9624816939,true
62,G2_TEC,G2_TEC,[20, 94, 66, 15, 26, 9, 95, 42, 77, 68, 47, 5, 3, 14, 86, 54, 85, 63, 18, 74, 31, 49, 36, 78, 44, 50, 53, 17, 21, 28, 11, 64, 93, 23, 30, 83, 24, 41, 40, 52, 65, 27, 90, 70, 39, 87, 48, 69, 99, 4, 46, 1, 13, 56, 97, 59, 45, 8, 73, 37, 35, 79, 71, 82, 76, 32, 60, 80, 58, 6, 67, 61, 33, 7, 57, 34, 12, 16, 10, 98, 96, 88, 43, 81, 91, 2, 84, 29, 38, 19, 51, 89, 75, 25, 72, 92, 22, 62, 55, 0]|[2, 1, 2, 1, 1, 2, 1, 1, 1, 1, 1, 0, 2, 2, 1, 2, 0, 0, 0, 2, 2, 1, 0, 2, 0, 2, 2, 1, 0, 1, 1, 1, 0, 0, 1, 0, 2, 1, 2, 2, 0, 0, 1, 1, 0, 2, 0, 2, 1, 0, 0, 2, 0, 2, 2, 0, 1, 1, 0, 0, 2, 1, 1, 2, 2, 0, 2, 2, 2, 1, 2, 1, 1, 2, 0, 1, 1, 2, 1, 2, 0, 1, 1, 1, 1, 0, 0, 1, 0, 1, 1, 1, 0, 1, 1, 0, 2, 1, 0, 0]|[1, 3, 1, 3, 4, 1, 4, 4, 4, 4, 3, 2, 1, 1, 2, 1, 1, 1, 2, 1, 1, 3, 0, 1, 0, 1, 1, 4, 1, 4, 3, 2, 2, 0, 4, 1, 1, 4, 1, 1, 2, 1, 4, 4, 1, 1, 0, 1, 3, 2, 2, 1, 2, 1, 1, 2, 4, 3, 0, 2, 1, 3, 3, 1, 1, 2, 1, 1, 1, 4, 1, 3, 4, 1, 2, 4, 3, 1, 3, 1, 2, 4, 4, 4, 3, 2, 2, 3, 2, 4, 3, 4, 2, 4, 4, 2, 1, 3, 2, 2]|[0, 2, 0, 0, 3, 0, 1, 3, 1, 0, 2, 0, 1, 0, 1, 0, 0, 0, 1, 0, 0, 2, 0, 0, 1, 0, 0, 3, 0, 1, 0, 2, 0, 0, 3, 0, 1, 1, 0, 0, 0, 0, 1, 3, 0, 0, 1, 0, 2, 0, 0, 0, 0, 0, 1, 0, 1, 0, 1, 1, 0, 2, 0, 0, 0, 0, 0, 0, 0, 2, 0, 0, 1, 0, 0, 1, 0, 0, 3, 0, 0, 1, 2, 2, 0, 0, 0, 3, 0, 1, 0, 1, 0, 3, 1, 0, 0, 0, 0, 0],916.442803653686,48100.947169548526,106478.50503569844,false
62,G3_TWC,G3_TWC,[31, 22, 42, 15, 26, 58, 95, 82, 77, 12, 47, 5, 93, 78, 98, 54, 85, 63, 18, 44, 20, 35, 43, 97, 91, 76, 10, 30, 21, 45, 71, 64, 1, 23, 17, 83, 24, 61, 60, 49, 6, 57, 94, 88, 65, 56, 79, 40, 67, 68, 46, 75, 0, 9, 19, 32, 81, 41, 27, 62, 87, 90, 99, 59, 53, 16, 72, 73, 70, 39, 37, 84, 3, 92, 25, 74, 28, 38, 51, 7, 11, 14, 34, 48, 89, 66, 50, 96, 33, 80, 8, 4, 86, 36, 2, 52, 13, 29, 69, 55]|[1, 1, 0, 1, 1, 1, 2, 1, 2, 1, 2, 2, 2, 1, 1, 0, 0, 1, 0, 2, 2, 0, 1, 2, 0, 1, 2, 2, 0, 0, 1, 2, 1, 0, 1, 0, 2, 0, 1, 1, 0, 1, 1, 1, 0, 2, 1, 1, 0, 0, 0, 0, 1, 1, 0, 1, 2, 0, 0, 0, 2, 1, 0, 1, 0, 1, 2, 1, 1, 1, 1, 1, 2, 0, 1, 2, 0, 0, 0, 1, 0, 1, 2, 0, 1, 0, 0, 0, 2, 0, 1, 0, 0, 0, 0, 1, 0, 0, 1, 1]|[4, 3, 2, 2, 0, 0, 2, 2, 2, 4, 1, 1, 2, 4, 4, 1, 1, 4, 2, 1, 1, 1, 1, 2, 1, 2, 1, 1, 1, 1, 3, 2, 3, 0, 4, 0, 1, 1, 0, 3, 2, 2, 4, 0, 1, 1, 3, 2, 0, 1, 2, 2, 1, 4, 2, 3, 2, 1, 1, 2, 1, 3, 1, 1, 2, 3, 0, 4, 3, 1, 4, 1, 1, 2, 4, 1, 2, 1, 1, 3, 2, 3, 1, 1, 1, 1, 1, 1, 1, 1, 3, 2, 1, 1, 2, 1, 2, 2, 3, 4]|[0, 2, 1, 1, 3, 3, 0, 1, 0, 0, 0, 0, 1, 0, 1, 0, 0, 3, 1, 0, 0, 0, 3, 1, 0, 2, 0, 0, 0, 1, 0, 0, 0, 0, 3, 0, 1, 0, 0, 2, 1, 1, 2, 0, 0, 0, 0, 1, 1, 0, 0, 0, 1, 3, 1, 0, 1, 0, 0, 1, 0, 2, 0, 1, 1, 2, 1, 0, 0, 1, 1, 3, 0, 1, 3, 0, 1, 0, 0, 2, 1, 0, 0, 0, 1, 0, 0, 0, 0, 0, 2, 1, 0, 1, 0, 1, 0, 0, 0, 3],872.1650162521609,57947.7929046089,85993.49946424144,false
62,G1_CMAX,G3_TWC,[31, 22, 42, 15, 26, 58, 95, 82, 77, 12, 47, 5, 93, 78, 98, 54, 85, 63, 18, 44, 20, 35, 43, 97, 91, 76, 10, 30, 21, 45, 71, 64, 1, 23, 17, 83, 24, 61, 60, 49, 6, 57, 94, 88, 65, 56, 79, 40, 67, 68, 46, 75, 0, 9, 19, 32, 81, 41, 27, 62, 87, 90, 99, 59, 53, 16, 72, 73, 70, 39, 37, 84, 3, 92, 25, 74, 28, 29, 51, 50, 11, 14, 86, 48, 89, 66, 7, 96, 33, 80, 4, 8, 34, 36, 2, 69, 13, 38, 52, 55]|[1, 1, 0, 1, 1, 1, 2, 1, 2, 1, 2, 2, 2, 1, 1, 0, 0, 1, 0, 2, 2, 0, 1, 2, 0, 1, 2, 2, 0, 0, 1, 2, 1, 0, 1, 0, 2, 0, 1, 1, 0, 1, 1, 1, 0, 2, 1, 1, 0, 0, 0, 0, 1, 1, 2, 1, 2, 2, 0, 0, 2, 1, 0, 1, 0, 1, 2, 1, 1, 1, 1, 1, 2, 0, 1, 2, 0, 0, 0, 0, 2, 1, 0, 0, 1, 2, 1, 0, 2, 0, 0, 1, 2, 0, 0, 1, 0, 0, 1, 1]|[4, 3, 2, 2, 0, 0, 2, 2, 2, 4, 1, 1, 2, 4, 4, 1, 1, 4, 2, 1, 1, 1, 1, 2, 1, 2, 1, 1, 1, 1, 3, 2, 3, 0, 4, 0, 1, 1, 0, 3, 2, 2, 4, 0, 1, 1, 3, 2, 0, 1, 2, 2, 1, 4, 0, 3, 2, 1, 1, 2, 1, 3, 1, 1, 2, 3, 0, 4, 3, 1, 4, 1, 1, 2, 4, 1, 2, 1, 1, 1, 1, 3, 1, 1, 1, 1, 3, 1, 1, 1, 2, 3, 1, 1, 2, 3, 2, 2, 1, 4]|[0, 2, 1, 1, 3, 3, 0, 1, 0, 0, 0, 0, 1, 0, 1, 0, 0, 3, 1, 0, 0, 0, 3, 1, 0, 2, 0, 0, 0, 1, 0, 0, 0, 0, 3, 0, 1, 0, 0, 2, 1, 1, 2, 0, 0, 0, 0, 1, 1, 0, 0, 0, 1, 3, 0, 0, 1, 0, 0, 1, 0, 2, 0, 1, 1, 2, 1, 0, 0, 1, 1, 3, 0, 1, 3, 0, 1, 0, 0, 0, 0, 0, 0, 0, 1, 0, 2, 0, 0, 0, 1, 2, 0, 1, 0, 0, 0, 0, 1, 3],786.6014213265837,57650.04702393021,87236.3334223006,true
62,G4_BALANCED,G1_CMAX,[31, 22, 42, 15, 26, 58, 95, 82, 77, 12, 47, 5, 93, 78, 98, 54, 85, 63, 18, 44, 20, 35, 43, 97, 91, 76, 10, 30, 21, 45, 71, 64, 1, 23, 17, 83, 24, 61, 60, 36, 6, 57, 94, 88, 65, 56, 79, 40, 67, 68, 46, 75, 38, 9, 19, 32, 81, 41, 27, 62, 87, 90, 99, 59, 53, 16, 72, 73, 70, 39, 37, 84, 3, 92, 25, 55, 28, 29, 51, 7, 11, 14, 86, 66, 89, 50, 48, 96, 33, 80, 4, 8, 74, 49, 0, 52, 13, 2, 69, 34]|[1, 1, 0, 1, 1, 1, 2, 1, 2, 1, 2, 2, 2, 1, 1, 0, 0, 1, 0, 2, 2, 0, 1, 2, 0, 1, 2, 2, 0, 0, 1, 2, 1, 2, 1, 0, 2, 1, 1, 1, 0, 1, 1, 1, 0, 2, 1, 1, 0, 0, 0, 0, 1, 1, 2, 1, 2, 2, 0, 0, 2, 1, 0, 1, 2, 1, 2, 1, 1, 1, 1, 1, 2, 0, 1, 1, 0, 0, 0, 1, 0, 1, 0, 2, 1, 0, 0, 2, 2, 0, 1, 1, 2, 0, 0, 1, 0, 0, 1, 2]|[4, 3, 2, 2, 0, 0, 2, 2, 2, 4, 1, 1, 2, 4, 4, 1, 1, 4, 2, 1, 1, 1, 1, 2, 1, 2, 1, 1, 1, 1, 3, 2, 3, 0, 4, 0, 1, 3, 0, 3, 2, 2, 4, 0, 1, 1, 3, 2, 0, 1, 2, 2, 1, 4, 0, 3, 2, 1, 1, 2, 1, 3, 1, 1, 1, 3, 0, 4, 3, 1, 4, 1, 1, 2, 4, 4, 2, 1, 1, 3, 2, 3, 1, 1, 1, 1, 1, 1, 1, 1, 4, 3, 1, 1, 2, 1, 2, 2, 4, 1]|[0, 2, 1, 1, 3, 3, 0, 1, 0, 0, 0, 0, 1, 0, 1, 0, 0, 3, 1, 0, 0, 0, 3, 1, 0, 2, 0, 0, 0, 1, 0, 0, 0, 0, 3, 0, 1, 0, 0, 2, 1, 1, 2, 0, 0, 0, 0, 1, 1, 0, 0, 0, 1, 3, 0, 0, 1, 0, 0, 1, 0, 2, 0, 1, 0, 2, 1, 0, 0, 1, 1, 3, 0, 1, 3, 3, 1, 0, 0, 2, 1, 0, 0, 0, 1, 0, 0, 0, 0, 0, 0, 2, 0, 1, 0, 1, 0, 0, 2, 0],728.5004367423115,56969.171099257095,91715.9624816939,true
62,G2_TEC,G2_TEC,[20, 94, 66, 15, 26, 9, 95, 42, 77, 68, 47, 5, 3, 14, 86, 54, 85, 63, 18, 74, 31, 49, 36, 78, 44, 50, 53, 17, 21, 28, 11, 64, 93, 23, 30, 83, 24, 41, 40, 52, 65, 27, 90, 70, 39, 87, 48, 69, 99, 4, 46, 1, 13, 56, 97, 59, 45, 8, 73, 37, 35, 79, 71, 82, 76, 32, 60, 80, 58, 6, 67, 61, 33, 7, 57, 34, 12, 16, 10, 98, 96, 88, 43, 81, 91, 2, 84, 29, 38, 19, 51, 89, 75, 25, 72, 92, 22, 62, 55, 0]|[2, 1, 2, 1, 1, 2, 1, 1, 1, 1, 1, 0, 2, 2, 1, 2, 0, 0, 0, 2, 2, 1, 0, 2, 0, 2, 2, 1, 0, 1, 1, 1, 0, 0, 1, 0, 2, 1, 2, 2, 0, 0, 1, 1, 0, 2, 0, 2, 1, 0, 0, 2, 0, 2, 2, 0, 1, 1, 0, 0, 2, 1, 1, 2, 2, 0, 2, 2, 2, 1, 2, 1, 1, 2, 0, 1, 1, 2, 1, 2, 0, 1, 1, 1, 1, 0, 0, 1, 0, 1, 1, 1, 0, 1, 1, 0, 2, 1, 0, 0]|[1, 3, 1, 3, 4, 1, 4, 4, 4, 4, 3, 2, 1, 1, 2, 1, 1, 1, 2, 1, 1, 3, 0, 1, 0, 1, 1, 4, 1, 4, 3, 2, 2, 0, 4, 1, 1, 4, 1, 1, 2, 1, 4, 4, 1, 1, 0, 1, 3, 2, 2, 1, 2, 1, 1, 2, 4, 3, 0, 2, 1, 3, 3, 1, 1, 2, 1, 1, 1, 4, 1, 3, 4, 1, 2, 4, 3, 1, 3, 1, 2, 4, 4, 4, 3, 2, 2, 3, 2, 4, 3, 4, 2, 4, 4, 2, 1, 3, 2, 2]|[0, 2, 0, 0, 3, 0, 1, 3, 1, 0, 2, 0, 1, 0, 1, 0, 0, 0, 1, 0, 0, 2, 0, 0, 1, 0, 0, 3, 0, 1, 0, 2, 0, 0, 3, 0, 1, 1, 0, 0, 0, 0, 1, 3, 0, 0, 1, 0, 2, 0, 0, 0, 0, 0, 1, 0, 1, 0, 1, 1, 0, 2, 0, 0, 0, 0, 0, 0, 0, 2, 0, 0, 1, 0, 0, 1, 0, 0, 3, 0, 0, 1, 2, 2, 0, 0, 0, 3, 0, 1, 0, 1, 0, 3, 1, 0, 0, 0, 0, 0],916.442803653686,48100.947169548526,106478.50503569844,false
62,G3_TWC,G3_TWC,[31, 22, 42, 15, 26, 58, 95, 82, 77, 12, 47, 5, 93, 78, 98, 54, 85, 63, 18, 44, 20, 35, 43, 97, 91, 76, 10, 30, 21, 45, 71, 64, 1, 23, 17, 83, 24, 61, 60, 49, 6, 57, 94, 88, 65, 56, 79, 40, 67, 68, 46, 75, 0, 9, 19, 32, 81, 41, 27, 62, 87, 90, 99, 59, 53, 16, 72, 73, 70, 39, 37, 84, 3, 92, 25, 74, 28, 38, 51, 7, 11, 14, 34, 48, 89, 66, 50, 96, 33, 80, 8, 4, 86, 36, 2, 52, 13, 29, 69, 55]|[1, 1, 0, 1, 1, 1, 2, 1, 2, 1, 2, 2, 2, 1, 1, 0, 0, 1, 0, 2, 2, 0, 1, 2, 0, 1, 2, 2, 0, 0, 1, 2, 1, 0, 1, 0, 2, 0, 1, 1, 0, 1, 1, 1, 0, 2, 1, 1, 0, 0, 0, 0, 1, 1, 0, 1, 2, 0, 0, 0, 2, 1, 0, 1, 0, 1, 2, 1, 1, 1, 1, 1, 2, 0, 1, 2, 0, 0, 0, 1, 0, 1, 2, 0, 1, 0, 0, 0, 2, 0, 1, 0, 0, 0, 0, 1, 0, 0, 1, 1]|[4, 3, 2, 2, 0, 0, 2, 2, 2, 4, 1, 1, 2, 4, 4, 1, 1, 4, 2, 1, 1, 1, 1, 2, 1, 2, 1, 1, 1, 1, 3, 2, 3, 0, 4, 0, 1, 1, 0, 3, 2, 2, 4, 0, 1, 1, 3, 2, 0, 1, 2, 2, 1, 4, 2, 3, 2, 1, 1, 2, 1, 3, 1, 1, 2, 3, 0, 4, 3, 1, 4, 1, 1, 2, 4, 1, 2, 1, 1, 3, 2, 3, 1, 1, 1, 1, 1, 1, 1, 1, 3, 2, 1, 1, 2, 1, 2, 2, 3, 4]|[0, 2, 1, 1, 3, 3, 0, 1, 0, 0, 0, 0, 1, 0, 1, 0, 0, 3, 1, 0, 0, 0, 3, 1, 0, 2, 0, 0, 0, 1, 0, 0, 0, 0, 3, 0, 1, 0, 0, 2, 1, 1, 2, 0, 0, 0, 0, 1, 1, 0, 0, 0, 1, 3, 1, 0, 1, 0, 0, 1, 0, 2, 0, 1, 1, 2, 1, 0, 0, 1, 1, 3, 0, 1, 3, 0, 1, 0, 0, 2, 1, 0, 0, 0, 1, 0, 0, 0, 0, 0, 2, 1, 0, 1, 0, 1, 0, 0, 0, 3],872.1650162521609,57947.7929046089,85993.49946424144,false
62,G1_CMAX,G1_CMAX,[31, 22, 82, 15, 26, 99, 95, 42, 77, 12, 47, 5, 93, 78, 86, 54, 21, 63, 18, 44, 20, 35, 43, 97, 91, 76, 10, 30, 85, 45, 71, 64, 1, 23, 37, 83, 24, 14, 60, 36, 6, 57, 40, 88, 65, 56, 79, 94, 67, 68, 46, 75, 38, 9, 19, 32, 41, 81, 27, 87, 90, 58, 59, 11, 16, 72, 73, 70, 39, 17, 84, 3, 92, 25, 55, 48, 62, 29, 51, 96, 33, 61, 98, 28, 89, 50, 4, 7, 53, 80, 34, 66, 8, 49, 0, 74, 69, 52, 2, 13]|[2, 1, 0, 1, 1, 0, 1, 1, 2, 1, 2, 2, 2, 1, 1, 0, 0, 1, 0, 2, 2, 0, 1, 2, 0, 1, 2, 2, 0, 0, 1, 2, 1, 2, 1, 0, 2, 0, 1, 1, 0, 1, 1, 1, 0, 2, 1, 1, 0, 0, 0, 0, 1, 1, 2, 1, 0, 2, 0, 2, 1, 0, 1, 2, 1, 2, 1, 1, 1, 1, 1, 1, 0, 1, 2, 0, 0, 0, 0, 2, 2, 1, 2, 0, 1, 0, 1, 2, 0, 0, 2, 2, 1, 0, 0, 2, 1, 1, 0, 0]|[1, 3, 2, 2, 4, 1, 2, 3, 2, 4, 1, 1, 2, 4, 4, 1, 1, 4, 2, 1, 1, 1, 1, 2, 1, 2, 1, 1, 2, 1, 3, 2, 3, 1, 4, 0, 1, 1, 0, 3, 2, 2, 2, 0, 1, 1, 0, 4, 0, 1, 2, 2, 1, 4, 0, 3, 1, 1, 1, 1, 3, 1, 1, 1, 3, 0, 4, 3, 1, 4, 1, 1, 0, 4, 1, 1, 2, 1, 1, 1, 1, 3, 1, 2, 1, 1, 4, 1, 2, 1, 1, 1, 3, 1, 2, 1, 4, 1, 2, 2]|[0, 2, 1, 1, 3, 0, 1, 3, 0, 0, 0, 0, 1, 0, 1, 0, 0, 3, 1, 0, 0, 0, 3, 1, 0, 2, 0, 0, 0, 1, 0, 0, 0, 0, 3, 0, 1, 0, 0, 2, 1, 1, 1, 0, 0, 0, 0, 2, 1, 0, 0, 0, 1, 3, 0, 0, 0, 0, 0, 0, 2, 0, 1, 0, 2, 1, 0, 0, 1, 1, 3, 1, 1, 3, 0, 0, 1, 0, 0, 0, 0, 0, 0, 1, 1, 0, 0, 0, 1, 0, 0, 0, 2, 1, 0, 0, 2, 1, 0, 0],740.2718239221269,55953.992678270595,92365.00024815337,false
62,G4_BALANCED,G4_BALANCED,[31, 22, 42, 15, 26, 58, 95, 82, 77, 12, 47, 5, 93, 78, 98, 54, 85, 63, 18, 44, 20, 35, 43, 97, 91, 76, 10, 30, 21, 45, 71, 64, 1, 23, 17, 83, 24, 61, 60, 36, 6, 57, 94, 88, 65, 56, 79, 40, 67, 68, 46, 75, 38, 9, 19, 32, 81, 41, 27, 62, 87, 90, 99, 59, 53, 16, 72, 73, 70, 39, 37, 84, 3, 92, 25, 55, 28, 29, 51, 7, 11, 14, 86, 66, 89, 50, 48, 96, 33, 80, 4, 8, 74, 49, 34, 52, 2, 0, 69, 13]|[1, 1, 0, 1, 1, 1, 2, 1, 2, 1, 2, 2, 2, 1, 1, 0, 0, 1, 0, 2, 2, 0, 1, 2, 0, 1, 2, 2, 0, 0, 1, 2, 1, 2, 1, 0, 2, 0, 1, 1, 0, 1, 1, 1, 0, 2, 1, 1, 0, 0, 0, 0, 1, 1, 2, 1, 2, 2, 0, 0, 2, 1, 0, 1, 2, 1, 2, 1, 1, 1, 1, 1, 2, 0, 1, 1, 0, 0, 0, 1, 0, 1, 0, 2, 1, 0, 0, 2, 2, 0, 1, 1, 2, 0, 2, 1, 0, 0, 1, 0]|[4, 3, 2, 2, 0, 0, 2, 2, 2, 4, 1, 1, 2, 4, 4, 1, 1, 4, 2, 1, 1, 1, 1, 2, 1, 2, 1, 1, 1, 1, 3, 2, 3, 0, 4, 0, 1, 1, 0, 3, 2, 2, 4, 0, 1, 1, 3, 2, 0, 1, 2, 2, 1, 4, 0, 3, 2, 1, 1, 2, 1, 3, 1, 1, 1, 3, 0, 4, 3, 1, 4, 1, 1, 2, 4, 4, 2, 1, 1, 3, 2, 3, 1, 1, 1, 1, 1, 1, 1, 1, 4, 3, 1, 1, 1, 1, 2, 2, 4, 2]|[0, 2, 1, 1, 3, 3, 0, 1, 0, 0, 0, 0, 1, 0, 1, 0, 0, 3, 1, 0, 0, 0, 3, 1, 0, 2, 0, 0, 0, 1, 0, 0, 0, 0, 3, 0, 1, 0, 0, 2, 1, 1, 2, 0, 0, 0, 0, 1, 1, 0, 0, 0, 1, 3, 0, 0, 1, 0, 0, 1, 0, 2, 0, 1, 0, 2, 1, 0, 0, 1, 1, 3, 0, 1, 3, 3, 1, 0, 0, 2, 1, 0, 0, 0, 1, 0, 0, 0, 0, 0, 0, 2, 0, 1, 0, 1, 0, 0, 2, 0],723.8563171257271,56799.68793028931,90835.78488551865,false
62,G2_TEC,G2_TEC,[31, 94, 82, 15, 26, 9, 95, 42, 77, 68, 47, 5, 93, 78, 86, 54, 85, 63, 18, 44, 20, 49, 36, 14, 74, 50, 53, 17, 21, 28, 11, 64, 3, 23, 30, 83, 24, 41, 40, 52, 65, 27, 90, 70, 39, 87, 48, 69, 99, 4, 75, 1, 13, 58, 97, 59, 45, 8, 73, 37, 35, 79, 71, 66, 76, 32, 60, 80, 56, 6, 84, 61, 33, 7, 57, 34, 12, 16, 10, 98, 96, 88, 43, 46, 91, 38, 67, 29, 92, 19, 51, 55, 89, 81, 25, 72, 22, 2, 62, 0]|[2, 1, 2, 1, 1, 2, 1, 1, 1, 1, 1, 0, 2, 2, 1, 2, 0, 0, 0, 2, 2, 1, 0, 2, 0, 2, 2, 1, 0, 1, 1, 1, 0, 0, 1, 0, 2, 1, 2, 2, 0, 0, 1, 1, 0, 2, 0, 2, 1, 0, 0, 2, 0, 0, 2, 0, 1, 1, 0, 0, 2, 1, 1, 2, 2, 0, 2, 2, 2, 1, 2, 1, 1, 2, 0, 1, 1, 2, 1, 2, 0, 1, 1, 0, 1, 0, 0, 1, 0, 1, 1, 0, 1, 1, 1, 1, 1, 2, 1, 0]|[0, 3, 0, 3, 4, 1, 4, 4, 2, 4, 3, 2, 1, 0, 2, 1, 1, 1, 2, 1, 1, 3, 0, 1, 0, 1, 1, 4, 1, 4, 3, 2, 2, 0, 4, 1, 1, 4, 1, 1, 2, 1, 4, 4, 1, 1, 0, 1, 3, 2, 2, 1, 2, 1, 1, 2, 4, 3, 0, 2, 2, 3, 3, 1, 1, 2, 1, 1, 1, 4, 1, 3, 4, 1, 2, 4, 3, 1, 3, 1, 2, 4, 4, 2, 3, 2, 2, 3, 2, 4, 3, 2, 4, 4, 4, 4, 3, 1, 3, 2]|[0, 2, 0, 0, 3, 0, 1, 3, 0, 0, 2, 0, 1, 0, 1, 0, 0, 0, 1, 0, 0, 2, 0, 0, 1, 0, 0, 3, 0, 1, 0, 2, 0, 0, 3, 0, 1, 1, 0, 0, 0, 0, 1, 3, 0, 0, 1, 0, 2, 0, 0, 0, 0, 0, 1, 0, 1, 0, 1, 1, 0, 2, 0, 0, 0, 0, 0, 0, 0, 2, 0, 0, 1, 0, 0, 1, 0, 0, 3, 0, 0, 1, 2, 0, 0, 0, 0, 3, 0, 1, 0, 0, 1, 2, 3, 1, 2, 0, 0, 0],882.8755314663011,49299.84965371651,106719.69020646108,false
62,G3_TWC,G3_TWC,[31, 22, 42, 15, 26, 58, 95, 82, 77, 12, 47, 5, 93, 78, 98, 54, 85, 63, 18, 44, 20, 35, 43, 97, 91, 76, 10, 30, 21, 45, 71, 64, 1, 23, 17, 83, 24, 61, 60, 49, 6, 57, 94, 88, 65, 56, 79, 40, 67, 68, 46, 75, 0, 9, 19, 32, 81, 41, 27, 62, 87, 90, 99, 59, 53, 16, 72, 73, 70, 39, 37, 84, 3, 92, 25, 74, 28, 38, 51, 7, 11, 14, 34, 48, 89, 66, 50, 96, 33, 80, 8, 4, 86, 36, 2, 52, 13, 29, 69, 55]|[1, 1, 0, 1, 1, 1, 2, 1, 2, 1, 2, 2, 2, 1, 1, 0, 0, 1, 0, 2, 2, 0, 1, 2, 0, 1, 2, 2, 0, 0, 1, 2, 1, 0, 1, 0, 2, 0, 1, 1, 0, 1, 1, 1, 0, 2, 1, 1, 0, 0, 0, 0, 1, 1, 0, 1, 2, 0, 0, 0, 2, 1, 0, 1, 0, 1, 2, 1, 1, 1, 1, 1, 2, 0, 1, 2, 0, 0, 0, 1, 0, 1, 2, 0, 1, 0, 0, 0, 2, 0, 1, 0, 0, 0, 0, 1, 0, 0, 1, 1]|[4, 3, 2, 2, 0, 0, 2, 2, 2, 4, 1, 1, 2, 4, 4, 1, 1, 4, 2, 1, 1, 1, 1, 2, 1, 2, 1, 1, 1, 1, 3, 2, 3, 0, 4, 0, 1, 1, 0, 3, 2, 2, 4, 0, 1, 1, 3, 2, 0, 1, 2, 2, 1, 4, 2, 3, 2, 1, 1, 2, 1, 3, 1, 1, 2, 3, 0, 4, 3, 1, 4, 1, 1, 2, 4, 1, 2, 1, 1, 3, 2, 3, 1, 1, 1, 1, 1, 1, 1, 1, 3, 2, 1, 1, 2, 1, 2, 2, 3, 4]|[0, 2, 1, 1, 3, 3, 0, 1, 0, 0, 0, 0, 1, 0, 1, 0, 0, 3, 1, 0, 0, 0, 3, 1, 0, 2, 0, 0, 0, 1, 0, 0, 0, 0, 3, 0, 1, 0, 0, 2, 1, 1, 2, 0, 0, 0, 0, 1, 1, 0, 0, 0, 1, 3, 1, 0, 1, 0, 0, 1, 0, 2, 0, 1, 1, 2, 1, 0, 0, 1, 1, 3, 0, 1, 3, 0, 1, 0, 0, 2, 1, 0, 0, 0, 1, 0, 0, 0, 0, 0, 2, 1, 0, 1, 0, 1, 0, 0, 0, 3],872.1650162521609,57947.7929046089,85993.49946424144,false
62,G1_CMAX,G3_TWC,[31, 22, 42, 15, 26, 58, 95, 82, 77, 12, 47, 5, 93, 78, 98, 54, 85, 63, 18, 44, 20, 35, 43, 97, 91, 76, 10, 30, 21, 45, 71, 64, 1, 23, 17, 83, 24, 61, 60, 49, 6, 57, 94, 88, 65, 56, 79, 40, 67, 68, 46, 75, 38, 9, 19, 32, 81, 41, 27, 62, 87, 90, 99, 59, 53, 16, 72, 73, 70, 39, 37, 84, 3, 92, 25, 55, 28, 29, 51, 7, 11, 14, 86, 48, 89, 50, 66, 96, 33, 80, 4, 8, 34, 36, 2, 52, 13, 0, 69, 74]|[1, 1, 0, 1, 1, 1, 2, 1, 2, 1, 2, 2, 2, 1, 1, 0, 0, 1, 0, 2, 2, 0, 1, 2, 0, 1, 2, 2, 0, 0, 1, 2, 1, 0, 1, 0, 2, 0, 1, 1, 0, 1, 1, 1, 0, 2, 1, 1, 0, 0, 0, 0, 1, 1, 2, 1, 2, 0, 0, 0, 2, 1, 0, 1, 0, 1, 2, 1, 1, 1, 1, 1, 2, 0, 1, 1, 0, 1, 0, 1, 2, 1, 0, 0, 1, 0, 0, 2, 2, 0, 0, 1, 2, 0, 0, 1, 0, 1, 1, 2]|[4, 3, 2, 2, 0, 0, 2, 2, 2, 4, 1, 1, 2, 4, 4, 1, 1, 4, 2, 1, 1, 1, 1, 2, 1, 2, 1, 1, 1, 1, 3, 2, 3, 0, 4, 0, 1, 1, 0, 3, 2, 2, 4, 0, 1, 1, 3, 2, 0, 1, 2, 2, 1, 4, 0, 3, 2, 1, 1, 2, 1, 3, 1, 1, 2, 3, 0, 4, 3, 1, 4, 1, 1, 2, 4, 4, 2, 1, 1, 3, 1, 3, 1, 1, 1, 1, 1, 1, 1, 1, 2, 3, 1, 1, 2, 1, 2, 1, 3, 1]|[0, 2, 1, 1, 3, 3, 0, 1, 0, 0, 0, 0, 1, 0, 1, 0, 0, 3, 1, 0, 0, 0, 3, 1, 0, 2, 0, 0, 0, 1, 0, 0, 0, 0, 3, 0, 1, 0, 0, 2, 1, 1, 2, 0, 0, 0, 0, 1, 1, 0, 0, 0, 1, 3, 0, 0, 1, 0, 0, 1, 0, 2, 0, 1, 1, 2, 1, 0, 0, 1, 1, 3, 0, 1, 3, 3, 1, 1, 0, 2, 0, 0, 0, 0, 1, 0, 0, 0, 0, 0, 1, 2, 0, 1, 0, 1, 0, 1, 0, 0],745.2923527935573,57975.29737721478,88794.00624391006,true
62,G4_BALANCED,G4_BALANCED,[31, 22, 42, 15, 26, 58, 95, 82, 77, 12, 47, 5, 93, 78, 98, 54, 85, 63, 18, 44, 20, 35, 43, 97, 91, 76, 10, 30, 21, 45, 71, 64, 1, 23, 17, 83, 24, 61, 60, 36, 6, 57, 94, 88, 65, 56, 79, 40, 67, 68, 46, 75, 38, 9, 19, 32, 81, 41, 27, 62, 87, 90, 99, 59, 53, 16, 72, 73, 70, 39, 37, 84, 3, 92, 25, 55, 28, 29, 51, 7, 11, 14, 86, 66, 89, 50, 48, 96, 33, 80, 4, 8, 74, 49, 34, 52, 2, 0, 69, 13]|[1, 1, 0, 1, 1, 1, 2, 1, 2, 1, 2, 2, 2, 1, 1, 0, 0, 1, 0, 2, 2, 0, 1, 2, 0, 1, 2, 2, 0, 0, 1, 2, 1, 2, 1, 0, 2, 0, 1, 1, 0, 1, 1, 1, 0, 2, 1, 1, 0, 0, 0, 0, 1, 1, 2, 1, 2, 2, 0, 0, 2, 1, 0, 1, 2, 1, 2, 1, 1, 1, 1, 1, 2, 0, 1, 1, 0, 0, 0, 1, 0, 1, 0, 2, 1, 0, 0, 2, 2, 0, 1, 1, 2, 0, 2, 1, 0, 0, 1, 0]|[4, 3, 2, 2, 0, 0, 2, 2, 2, 4, 1, 1, 2, 4, 4, 1, 1, 4, 2, 1, 1, 1, 1, 2, 1, 2, 1, 1, 1, 1, 3, 2, 3, 0, 4, 0, 1, 1, 0, 3, 2, 2, 4, 0, 1, 1, 3, 2, 0, 1, 2, 2, 1, 4, 0, 3, 2, 1, 1, 2, 1, 3, 1, 1, 1, 3, 0, 4, 3, 1, 4, 1, 1, 2, 4, 4, 2, 1, 1, 3, 2, 3, 1, 1, 1, 1, 1, 1, 1, 1, 4, 3, 1, 1, 1, 1, 2, 2, 4, 2]|[0, 2, 1, 1, 3, 3, 0, 1, 0, 0, 0, 0, 1, 0, 1, 0, 0, 3, 1, 0, 0, 0, 3, 1, 0, 2, 0, 0, 0, 1, 0, 0, 0, 0, 3, 0, 1, 0, 0, 2, 1, 1, 2, 0, 0, 0, 0, 1, 1, 0, 0, 0, 1, 3, 0, 0, 1, 0, 0, 1, 0, 2, 0, 1, 0, 2, 1, 0, 0, 1, 1, 3, 0, 1, 3, 3, 1, 0, 0, 2, 1, 0, 0, 0, 1, 0, 0, 0, 0, 0, 0, 2, 0, 1, 0, 1, 0, 0, 2, 0],723.8563171257271,56799.68793028931,90835.78488551865,false
62,G2_TEC,G2_TEC,[20, 94, 66, 15, 26, 9, 95, 42, 77, 68, 47, 5, 3, 14, 86, 54, 85, 63, 18, 74, 31, 49, 36, 78, 44, 50, 53, 17, 21, 28, 11, 64, 93, 23, 30, 83, 24, 41, 40, 52, 65, 27, 90, 70, 39, 87, 48, 69, 99, 4, 46, 1, 13, 56, 97, 59, 45, 8, 73, 37, 35, 79, 71, 82, 76, 32, 60, 80, 58, 6, 67, 61, 33, 7, 57, 34, 12, 16, 10, 98, 96, 88, 43, 81, 91, 2, 84, 29, 38, 19, 51, 89, 75, 25, 72, 92, 22, 62, 55, 0]|[2, 1, 2, 1, 1, 2, 1, 1, 1, 1, 1, 0, 2, 2, 1, 2, 0, 0, 0, 2, 2, 1, 0, 2, 0, 2, 2, 1, 0, 1, 1, 1, 0, 0, 1, 0, 2, 1, 2, 2, 0, 0, 1, 1, 0, 2, 0, 2, 1, 0, 0, 2, 0, 2, 2, 0, 1, 1, 0, 0, 2, 1, 1, 2, 2, 0, 2, 2, 2, 1, 2, 1, 1, 2, 0, 1, 1, 2, 1, 2, 0, 1, 1, 1, 1, 0, 0, 1, 0, 1, 1, 1, 0, 1, 1, 0, 2, 1, 0, 0]|[1, 3, 1, 3, 4, 1, 4, 4, 4, 4, 3, 2, 1, 1, 2, 1, 1, 1, 2, 1, 1, 3, 0, 1, 0, 1, 1, 4, 1, 4, 3, 2, 2, 0, 4, 1, 1, 4, 1, 1, 2, 1, 4, 4, 1, 1, 0, 1, 3, 2, 2, 1, 2, 1, 1, 2, 4, 3, 0, 2, 1, 3, 3, 1, 1, 2, 1, 1, 1, 4, 1, 3, 4, 1, 2, 4, 3, 1, 3, 1, 2, 4, 4, 4, 3, 2, 2, 3, 2, 4, 3, 4, 2, 4, 4, 2, 1, 3, 2, 2]|[0, 2, 0, 0, 3, 0, 1, 3, 1, 0, 2, 0, 1, 0, 1, 0, 0, 0, 1, 0, 0, 2, 0, 0, 1, 0, 0, 3, 0, 1, 0, 2, 0, 0, 3, 0, 1, 1, 0, 0, 0, 0, 1, 3, 0, 0, 1, 0, 2, 0, 0, 0, 0, 0, 1, 0, 1, 0, 1, 1, 0, 2, 0, 0, 0, 0, 0, 0, 0, 2, 0, 0, 1, 0, 0, 1, 0, 0, 3, 0, 0, 1, 2, 2, 0, 0, 0, 3, 0, 1, 0, 1, 0, 3, 1, 0, 0, 0, 0, 0],916.442803653686,48100.947169548526,106478.50503569844,false
62,G3_TWC,G3_TWC,[31, 22, 42, 15, 26, 58, 95, 82, 77, 12, 47, 5, 93, 78, 98, 54, 85, 63, 18, 44, 20, 35, 43, 97, 91, 76, 10, 30, 21, 45, 71, 64, 1, 23, 17, 83, 24, 61, 60, 49, 6, 57, 94, 88, 65, 56, 79, 40, 67, 68, 46, 75, 38, 9, 19, 32, 81, 41, 27, 96, 87, 90, 99, 59, 53, 16, 72, 73, 70, 39, 37, 84, 3, 92, 25, 74, 28, 0, 51, 7, 11, 14, 34, 66, 89, 48, 50, 62, 33, 80, 8, 4, 86, 36, 55, 52, 2, 29, 69, 13]|[1, 1, 0, 1, 1, 1, 2, 1, 2, 1, 2, 2, 2, 1, 1, 0, 0, 1, 0, 2, 2, 0, 1, 2, 0, 1, 2, 2, 0, 0, 1, 2, 1, 0, 1, 0, 2, 0, 1, 1, 0, 1, 1, 1, 0, 2, 1, 1, 0, 0, 0, 0, 1, 1, 0, 1, 2, 0, 0, 0, 2, 1, 0, 1, 0, 1, 2, 1, 1, 1, 1, 1, 2, 0, 1, 2, 0, 0, 0, 1, 0, 1, 2, 0, 1, 0, 0, 0, 2, 0, 1, 0, 0, 0, 1, 1, 0, 0, 1, 0]|[4, 3, 2, 2, 0, 0, 2, 2, 2, 4, 1, 1, 2, 4, 4, 1, 1, 4, 2, 1, 1, 1, 1, 2, 1, 2, 1, 1, 1, 1, 3, 2, 3, 0, 4, 0, 1, 1, 0, 3, 2, 2, 4, 0, 1, 1, 3, 2, 0, 1, 2, 2, 1, 4, 2, 3, 2, 1, 1, 1, 1, 3, 1, 1, 2, 3, 0, 4, 3, 1, 4, 1, 1, 2, 4, 1, 2, 1, 1, 3, 2, 3, 1, 1, 1, 1, 1, 1, 1, 1, 3, 2, 1, 1, 4, 1, 2, 2, 3, 2]|[0, 2, 1, 1, 3, 3, 0, 1, 0, 0, 0, 0, 1, 0, 1, 0, 0, 3, 1, 0, 0, 0, 3, 1, 0, 2, 0, 0, 0, 1, 0, 0, 0, 0, 3, 0, 1, 0, 0, 2, 1, 1, 2, 0, 0, 0, 0, 1, 1, 0, 0, 0, 1, 3, 1, 0, 1, 0, 0, 0, 0, 2, 0, 1, 1, 2, 1, 0, 0, 1, 1, 3, 0, 1, 3, 0, 1, 0, 0, 2, 1, 0, 0, 0, 1, 0, 0, 0, 0, 0, 2, 1, 0, 1, 3, 1, 0, 0, 0, 0],853.3971309728803,57893.20072825474,85384.09526730522,false
62,G1_CMAX,G3_TWC,[31, 22, 42, 15, 26, 58, 95, 82, 77, 12, 47, 5, 93, 78, 98, 54, 85, 63, 18, 44, 20, 35, 43, 97, 91, 76, 10, 30, 21, 45, 71, 64, 1, 23, 17, 83, 24, 61, 60, 49, 6, 57, 94, 88, 65, 56, 79, 40, 67, 68, 46, 75, 0, 9, 19, 32, 81, 41, 27, 62, 87, 90, 99, 59, 11, 16, 72, 73, 70, 39, 37, 84, 3, 92, 25, 74, 28, 48, 51, 7, 53, 14, 86, 66, 89, 38, 50, 96, 33, 80, 8, 4, 34, 36, 55, 52, 29, 13, 69, 2]|[1, 1, 0, 1, 1, 1, 2, 1, 2, 1, 2, 2, 2, 1, 1, 0, 0, 1, 0, 2, 2, 0, 1, 2, 0, 1, 2, 2, 0, 0, 1, 2, 1, 0, 1, 0, 2, 0, 1, 1, 0, 1, 1, 1, 0, 2, 1, 1, 0, 0, 0, 0, 1, 1, 2, 1, 2, 0, 0, 0, 2, 1, 0, 1, 0, 1, 2, 1, 1, 1, 1, 1, 2, 0, 1, 2, 0, 0, 0, 1, 0, 1, 0, 0, 1, 0, 0, 0, 2, 0, 1, 0, 2, 0, 1, 1, 0, 0, 1, 0]|[4, 3, 2, 2, 0, 0, 2, 2, 2, 4, 1, 1, 2, 4, 4, 1, 1, 4, 2, 1, 1, 1, 1, 2, 1, 2, 1, 1, 1, 1, 3, 2, 3, 0, 4, 0, 1, 1, 0, 3, 2, 2, 4, 0, 1, 1, 3, 2, 0, 1, 2, 2, 1, 4, 0, 3, 2, 1, 1, 2, 1, 3, 1, 1, 2, 3, 1, 4, 3, 1, 4, 1, 1, 2, 4, 1, 2, 1, 1, 3, 2, 3, 1, 1, 1, 1, 1, 1, 1, 1, 3, 2, 1, 1, 4, 1, 2, 2, 3, 2]|[0, 2, 1, 1, 3, 3, 0, 1, 0, 0, 0, 0, 1, 0, 1, 0, 0, 3, 1, 0, 0, 0, 3, 1, 0, 2, 0, 0, 0, 1, 0, 0, 0, 0, 3, 0, 1, 0, 0, 2, 1, 1, 2, 0, 0, 0, 0, 1, 1, 0, 0, 0, 1, 3, 0, 0, 1, 0, 0, 1, 0, 2, 0, 1, 1, 2, 0, 0, 0, 1, 1, 3, 0, 1, 3, 0, 1, 0, 0, 2, 1, 0, 0, 0, 1, 0, 0, 0, 0, 0, 2, 1, 0, 1, 3, 1, 0, 0, 0, 0],844.4513480827167,57389.117912824804,86182.49965037024,true
62,G4_BALANCED,G4_BALANCED,[31, 22, 42, 15, 26, 58, 95, 82, 77, 12, 47, 5, 93, 78, 98, 54, 85, 63, 18, 44, 20, 35, 43, 97, 91, 76, 10, 30, 21, 45, 71, 64, 1, 23, 17, 83, 24, 61, 60, 36, 6, 57, 94, 88, 65, 56, 79, 40, 67, 68, 46, 75, 38, 9, 19, 32, 81, 41, 27, 62, 87, 90, 99, 59, 53, 16, 72, 73, 70, 39, 37, 84, 3, 92, 25, 55, 28, 29, 51, 7, 11, 14, 86, 66, 89, 50, 48, 96, 33, 80, 4, 8, 74, 49, 34, 52, 2, 0, 69, 13]|[1, 1, 0, 1, 1, 1, 2, 1, 2, 1, 2, 2, 2, 1, 1, 0, 0, 1, 0, 2, 2, 0, 1, 2, 0, 1, 2, 2, 0, 0, 1, 2, 1, 2, 1, 0, 2, 0, 1, 1, 0, 1, 1, 1, 0, 2, 1, 1, 0, 0, 0, 0, 1, 1, 2, 1, 2, 2, 0, 0, 2, 1, 0, 1, 2, 1, 2, 1, 1, 1, 1, 1, 2, 0, 1, 1, 0, 0, 0, 1, 0, 1, 0, 2, 1, 0, 0, 2, 2, 0, 1, 1, 2, 0, 2, 1, 0, 0, 1, 0]|[4, 3, 2, 2, 0, 0, 2, 2, 2, 4, 1, 1, 2, 4, 4, 1, 1, 4, 2, 1, 1, 1, 1, 2, 1, 2, 1, 1, 1, 1, 3, 2, 3, 0, 4, 0, 1, 1, 0, 3, 2, 2, 4, 0, 1, 1, 3, 2, 0, 1, 2, 2, 1, 4, 0, 3, 2, 1, 1, 2, 1, 3, 1, 1, 1, 3, 0, 4, 3, 1, 4, 1, 1, 2, 4, 4, 2, 1, 1, 3, 2, 3, 1, 1, 1, 1, 1, 1, 1, 1, 4, 3, 1, 1, 1, 1, 2, 2, 4, 2]|[0, 2, 1, 1, 3, 3, 0, 1, 0, 0, 0, 0, 1, 0, 1, 0, 0, 3, 1, 0, 0, 0, 3, 1, 0, 2, 0, 0, 0, 1, 0, 0, 0, 0, 3, 0, 1, 0, 0, 2, 1, 1, 2, 0, 0, 0, 0, 1, 1, 0, 0, 0, 1, 3, 0, 0, 1, 0, 0, 1, 0, 2, 0, 1, 0, 2, 1, 0, 0, 1, 1, 3, 0, 1, 3, 3, 1, 0, 0, 2, 1, 0, 0, 0, 1, 0, 0, 0, 0, 0, 0, 2, 0, 1, 0, 1, 0, 0, 2, 0],723.8563171257271,56799.68793028931,90835.78488551865,false
62,G2_TEC,G4_BALANCED,[31, 11, 15, 82, 26, 9, 95, 32, 77, 68, 47, 5, 93, 78, 86, 54, 85, 63, 18, 44, 20, 49, 36, 14, 74, 50, 53, 17, 21, 45, 71, 64, 3, 23, 30, 83, 24, 41, 60, 52, 65, 27, 90, 70, 39, 87, 48, 69, 99, 4, 46, 1, 13, 58, 97, 59, 28, 75, 73, 37, 35, 79, 22, 66, 76, 42, 40, 80, 96, 6, 16, 61, 33, 7, 57, 34, 12, 67, 10, 98, 56, 88, 29, 94, 91, 38, 19, 92, 43, 84, 62, 72, 81, 25, 2, 55, 8, 89, 51, 0]|[2, 1, 1, 2, 1, 2, 1, 1, 1, 1, 1, 0, 2, 2, 1, 2, 0, 0, 0, 2, 2, 1, 0, 2, 0, 2, 2, 1, 0, 1, 1, 1, 0, 0, 1, 0, 2, 1, 2, 2, 0, 0, 1, 1, 0, 2, 0, 2, 1, 0, 0, 2, 0, 0, 2, 0, 1, 0, 0, 0, 2, 1, 0, 2, 2, 0, 2, 2, 0, 1, 2, 1, 1, 2, 0, 1, 1, 1, 1, 2, 2, 1, 1, 2, 1, 0, 1, 0, 1, 0, 1, 1, 1, 1, 2, 0, 1, 1, 1, 0]|[1, 3, 2, 0, 4, 1, 4, 4, 2, 4, 3, 2, 1, 0, 2, 1, 1, 1, 2, 1, 1, 3, 0, 1, 0, 1, 1, 4, 1, 4, 3, 2, 2, 0, 4, 1, 1, 4, 0, 1, 2, 1, 4, 4, 1, 1, 0, 2, 3, 2, 2, 1, 2, 1, 1, 2, 4, 2, 0, 2, 2, 3, 1, 0, 1, 2, 0, 1, 2, 4, 1, 3, 4, 1, 2, 4, 3, 3, 3, 1, 1, 4, 3, 1, 3, 2, 4, 2, 4, 2, 3, 4, 1, 4, 1, 2, 3, 4, 3, 2]|[1, 2, 1, 0, 3, 0, 1, 3, 0, 0, 2, 0, 1, 0, 1, 0, 0, 0, 1, 0, 0, 2, 0, 0, 1, 0, 0, 3, 0, 1, 0, 2, 0, 1, 3, 0, 1, 3, 1, 0, 0, 0, 1, 3, 0, 0, 1, 0, 2, 0, 0, 0, 0, 0, 1, 0, 1, 0, 1, 1, 0, 2, 0, 0, 0, 0, 0, 0, 0, 2, 0, 0, 1, 0, 0, 1, 0, 0, 3, 0, 0, 1, 0, 0, 0, 0, 3, 0, 2, 0, 0, 2, 1, 3, 0, 0, 0, 1, 0, 0],842.584363225019,52352.15155925938,107294.36147715819,true
62,G3_TWC,G3_TWC,[31, 22, 42, 15, 26, 58, 95, 82, 77, 12, 47, 5, 93, 78, 98, 54, 85, 63, 18, 44, 20, 35, 43, 97, 91, 76, 10, 30, 21, 45, 71, 64, 1, 23, 17, 83, 24, 61, 60, 49, 6, 57, 94, 88, 65, 56, 79, 40, 67, 68, 46, 75, 38, 9, 19, 32, 81, 41, 27, 96, 87, 90, 99, 59, 53, 16, 72, 73, 70, 39, 37, 84, 3, 92, 25, 74, 28, 0, 51, 7, 11, 14, 34, 66, 89, 48, 50, 62, 33, 80, 8, 4, 86, 36, 55, 52, 2, 29, 69, 13]|[1, 1, 0, 1, 1, 1, 2, 1, 2, 1, 2, 2, 2, 1, 1, 0, 0, 1, 0, 2, 2, 0, 1, 2, 0, 1, 2, 2, 0, 0, 1, 2, 1, 0, 1, 0, 2, 0, 1, 1, 0, 1, 1, 1, 0, 2, 1, 1, 0, 0, 0, 0, 1, 1, 0, 1, 2, 0, 0, 0, 2, 1, 0, 1, 0, 1, 2, 1, 1, 1, 1, 1, 2, 0, 1, 2, 0, 0, 0, 1, 0, 1, 2, 0, 1, 0, 0, 0, 2, 0, 1, 0, 0, 0, 1, 1, 0, 0, 1, 0]|[4, 3, 2, 2, 0, 0, 2, 2, 2, 4, 1, 1, 2, 4, 4, 1, 1, 4, 2, 1, 1, 1, 1, 2, 1, 2, 1, 1, 1, 1, 3, 2, 3, 0, 4, 0, 1, 1, 0, 3, 2, 2, 4, 0, 1, 1, 3, 2, 0, 1, 2, 2, 1, 4, 2, 3, 2, 1, 1, 1, 1, 3, 1, 1, 2, 3, 0, 4, 3, 1, 4, 1, 1, 2, 4, 1, 2, 1, 1, 3, 2, 3, 1, 1, 1, 1, 1, 1, 1, 1, 3, 2, 1, 1, 4, 1, 2, 2, 3, 2]|[0, 2, 1, 1, 3, 3, 0, 1, 0, 0, 0, 0, 1, 0, 1, 0, 0, 3, 1, 0, 0, 0, 3, 1, 0, 2, 0, 0, 0, 1, 0, 0, 0, 0, 3, 0, 1, 0, 0, 2, 1, 1, 2, 0, 0, 0, 0, 1, 1, 0, 0, 0, 1, 3, 1, 0, 1, 0, 0, 0, 0, 2, 0, 1, 1, 2, 1, 0, 0, 1, 1, 3, 0, 1, 3, 0, 1, 0, 0, 2, 1, 0, 0, 0, 1, 0, 0, 0, 0, 0, 2, 1, 0, 1, 3, 1, 0, 0, 0, 0],853.3971309728803,57893.20072825474,85384.09526730522,false
62,G1_CMAX,G2_TEC,[31, 22, 82, 15, 26, 9, 95, 42, 77, 68, 47, 5, 93, 78, 86, 54, 85, 63, 18, 44, 20, 49, 36, 14, 74, 50, 53, 17, 21, 28, 11, 64, 3, 23, 30, 83, 24, 41, 40, 52, 65, 27, 90, 70, 39, 87, 48, 69, 99, 4, 75, 1, 13, 58, 97, 59, 45, 8, 73, 37, 35, 79, 71, 66, 76, 32, 60, 80, 56, 6, 67, 61, 33, 7, 57, 34, 12, 16, 10, 98, 96, 88, 43, 81, 91, 2, 84, 92, 29, 19, 51, 55, 46, 38, 89, 72, 94, 25, 62, 0]|[2, 1, 2, 1, 1, 0, 1, 1, 1, 1, 1, 0, 2, 2, 1, 2, 0, 0, 0, 2, 2, 1, 0, 2, 0, 2, 2, 1, 0, 1, 1, 1, 0, 0, 1, 0, 2, 1, 2, 2, 0, 0, 1, 1, 0, 2, 0, 2, 1, 0, 0, 2, 0, 0, 2, 0, 1, 1, 0, 0, 2, 1, 1, 2, 2, 0, 2, 2, 2, 1, 2, 1, 1, 2, 0, 1, 1, 2, 1, 2, 0, 1, 1, 1, 1, 2, 0, 1, 1, 1, 1, 0, 0, 0, 1, 1, 2, 1, 1, 2]|[0, 3, 0, 3, 4, 2, 4, 4, 2, 4, 3, 2, 2, 0, 2, 1, 1, 1, 2, 1, 1, 3, 0, 1, 0, 1, 1, 4, 1, 4, 3, 2, 2, 0, 4, 1, 1, 4, 1, 1, 2, 1, 4, 4, 1, 1, 0, 1, 3, 2, 2, 1, 2, 1, 1, 2, 4, 3, 0, 2, 2, 3, 3, 1, 1, 2, 1, 1, 1, 4, 1, 3, 4, 1, 2, 4, 3, 1, 3, 1, 2, 4, 4, 4, 3, 1, 2, 3, 3, 4, 3, 2, 2, 2, 4, 4, 1, 4, 3, 1]|[0, 2, 0, 0, 3, 0, 1, 3, 0, 0, 2, 0, 1, 0, 1, 0, 0, 0, 1, 0, 0, 2, 0, 0, 1, 0, 0, 3, 0, 1, 0, 2, 0, 0, 3, 0, 1, 1, 0, 0, 0, 0, 1, 3, 0, 0, 1, 0, 2, 0, 0, 0, 0, 0, 1, 0, 1, 0, 1, 1, 0, 2, 0, 0, 0, 0, 0, 0, 0, 2, 0, 0, 1, 0, 0, 1, 0, 0, 3, 0, 0, 1, 2, 2, 0, 0, 0, 3, 3, 1, 0, 0, 0, 0, 1, 1, 0, 3, 0, 0],868.3350034506274,50003.66156968901,109550.07800166478,true
62,G4_BALANCED,G4_BALANCED,[31, 22, 42, 15, 26, 58, 95, 82, 77, 12, 47, 5, 93, 78, 98, 54, 85, 63, 18, 44, 20, 35, 43, 97, 91, 76, 10, 30, 21, 45, 71, 64, 1, 23, 17, 83, 24, 61, 60, 36, 6, 57, 94, 88, 65, 56, 79, 40, 67, 68, 46, 75, 38, 9, 19, 32, 81, 41, 27, 62, 87, 90, 99, 59, 53, 16, 72, 73, 70, 39, 37, 84, 3, 92, 25, 55, 28, 29, 51, 7, 11, 14, 86, 66, 89, 50, 48, 96, 33, 80, 4, 8, 74, 49, 34, 52, 2, 0, 69, 13]|[1, 1, 0, 1, 1, 1, 2, 1, 2, 1, 2, 2, 2, 1, 1, 0, 0, 1, 0, 2, 2, 0, 1, 2, 0, 1, 2, 2, 0, 0, 1, 2, 1, 2, 1, 0, 2, 0, 1, 1, 0, 1, 1, 1, 0, 2, 1, 1, 0, 0, 0, 0, 1, 1, 2, 1, 2, 2, 0, 0, 2, 1, 0, 1, 2, 1, 2, 1, 1, 1, 1, 1, 2, 0, 1, 1, 0, 0, 0, 1, 0, 1, 0, 2, 1, 0, 0, 2, 2, 0, 1, 1, 2, 0, 2, 1, 0, 0, 1, 0]|[4, 3, 2, 2, 0, 0, 2, 2, 2, 4, 1, 1, 2, 4, 4, 1, 1, 4, 2, 1, 1, 1, 1, 2, 1, 2, 1, 1, 1, 1, 3, 2, 3, 0, 4, 0, 1, 1, 0, 3, 2, 2, 4, 0, 1, 1, 3, 2, 0, 1, 2, 2, 1, 4, 0, 3, 2, 1, 1, 2, 1, 3, 1, 1, 1, 3, 0, 4, 3, 1, 4, 1, 1, 2, 4, 4, 2, 1, 1, 3, 2, 3, 1, 1, 1, 1, 1, 1, 1, 1, 4, 3, 1, 1, 1, 1, 2, 2, 4, 2]|[0, 2, 1, 1, 3, 3, 0, 1, 0, 0, 0, 0, 1, 0, 1, 0, 0, 3, 1, 0, 0, 0, 3, 1, 0, 2, 0, 0, 0, 1, 0, 0, 0, 0, 3, 0, 1, 0, 0, 2, 1, 1, 2, 0, 0, 0, 0, 1, 1, 0, 0, 0, 1, 3, 0, 0, 1, 0, 0, 1, 0, 2, 0, 1, 0, 2, 1, 0, 0, 1, 1, 3, 0, 1, 3, 3, 1, 0, 0, 2, 1, 0, 0, 0, 1, 0, 0, 0, 0, 0, 0, 2, 0, 1, 0, 1, 0, 0, 2, 0],723.8563171257271,56799.68793028931,90835.78488551865,false
62,G2_TEC,G2_TEC,[20, 94, 66, 15, 26, 9, 95, 42, 77, 68, 47, 5, 3, 14, 86, 54, 85, 63, 18, 74, 31, 49, 36, 78, 44, 50, 53, 17, 21, 28, 11, 64, 93, 23, 30, 83, 24, 41, 40, 52, 65, 27, 90, 70, 39, 87, 48, 69, 99, 4, 46, 1, 13, 56, 97, 59, 45, 8, 73, 37, 35, 79, 71, 82, 76, 32, 60, 80, 58, 6, 67, 61, 33, 7, 57, 34, 12, 16, 10, 98, 96, 88, 43, 81, 91, 2, 84, 29, 38, 19, 51, 89, 75, 25, 72, 92, 22, 62, 55, 0]|[2, 1, 2, 1, 1, 2, 1, 1, 1, 1, 1, 0, 2, 2, 1, 2, 0, 0, 0, 2, 2, 1, 0, 2, 0, 2, 2, 1, 0, 1, 1, 1, 0, 0, 1, 0, 2, 1, 2, 2, 0, 0, 1, 1, 0, 2, 0, 2, 1, 0, 0, 2, 0, 2, 2, 0, 1, 1, 0, 0, 2, 1, 1, 2, 2, 0, 2, 2, 2, 1, 2, 1, 1, 2, 0, 1, 1, 2, 1, 2, 0, 1, 1, 1, 1, 0, 0, 1, 0, 1, 1, 1, 0, 1, 1, 0, 2, 1, 0, 0]|[1, 3, 1, 3, 4, 1, 4, 4, 4, 4, 3, 2, 1, 1, 2, 1, 1, 1, 2, 1, 1, 3, 0, 1, 0, 1, 1, 4, 1, 4, 3, 2, 2, 0, 4, 1, 1, 4, 1, 1, 2, 1, 4, 4, 1, 1, 0, 1, 3, 2, 2, 1, 2, 1, 1, 2, 4, 3, 0, 2, 1, 3, 3, 1, 1, 2, 1, 1, 1, 4, 1, 3, 4, 1, 2, 4, 3, 1, 3, 1, 2, 4, 4, 4, 3, 2, 2, 3, 2, 4, 3, 4, 2, 4, 4, 2, 1, 3, 2, 2]|[0, 2, 0, 0, 3, 0, 1, 3, 1, 0, 2, 0, 1, 0, 1, 0, 0, 0, 1, 0, 0, 2, 0, 0, 1, 0, 0, 3, 0, 1, 0, 2, 0, 0, 3, 0, 1, 1, 0, 0, 0, 0, 1, 3, 0, 0, 1, 0, 2, 0, 0, 0, 0, 0, 1, 0, 1, 0, 1, 1, 0, 2, 0, 0, 0, 0, 0, 0, 0, 2, 0, 0, 1, 0, 0, 1, 0, 0, 3, 0, 0, 1, 2, 2, 0, 0, 0, 3, 0, 1, 0, 1, 0, 3, 1, 0, 0, 0, 0, 0],916.442803653686,48100.947169548526,106478.50503569844,false
62,G3_TWC,G3_TWC,[31, 22, 42, 15, 26, 58, 95, 82, 77, 12, 47, 5, 93, 78, 98, 54, 85, 63, 18, 44, 20, 35, 43, 97, 91, 76, 10, 30, 21, 45, 71, 64, 1, 23, 17, 83, 24, 61, 60, 49, 6, 57, 94, 88, 65, 56, 79, 40, 67, 68, 46, 75, 0, 9, 19, 32, 81, 41, 27, 62, 87, 90, 99, 59, 53, 16, 72, 73, 70, 39, 37, 84, 3, 92, 25, 74, 28, 38, 51, 7, 11, 14, 34, 66, 89, 48, 50, 96, 33, 80, 4, 8, 86, 36, 55, 52, 2, 29, 69, 13]|[1, 1, 0, 1, 1, 1, 2, 1, 2, 1, 2, 2, 2, 1, 1, 0, 0, 1, 0, 2, 2, 0, 1, 2, 0, 1, 2, 2, 0, 0, 1, 2, 1, 0, 1, 0, 2, 0, 1, 1, 0, 1, 1, 1, 0, 2, 1, 1, 0, 0, 0, 0, 1, 1, 0, 1, 2, 0, 0, 0, 2, 1, 0, 1, 2, 1, 2, 1, 1, 1, 1, 1, 2, 0, 1, 2, 0, 0, 0, 1, 0, 1, 2, 0, 1, 0, 0, 0, 2, 0, 0, 1, 0, 0, 1, 1, 0, 0, 1, 0]|[4, 3, 2, 2, 0, 0, 2, 2, 2, 4, 1, 1, 2, 4, 4, 1, 1, 4, 2, 1, 1, 1, 1, 2, 1, 2, 1, 1, 1, 1, 3, 2, 3, 0, 4, 0, 1, 1, 0, 3, 2, 2, 4, 0, 1, 1, 3, 2, 0, 1, 2, 2, 1, 4, 2, 3, 2, 1, 1, 2, 1, 3, 1, 1, 1, 3, 0, 4, 3, 1, 4, 1, 1, 2, 4, 1, 2, 1, 1, 3, 2, 3, 1, 1, 1, 1, 1, 1, 1, 1, 2, 3, 1, 1, 4, 1, 2, 2, 3, 2]|[0, 2, 1, 1, 3, 3, 0, 1, 0, 0, 0, 0, 1, 0, 1, 0, 0, 3, 1, 0, 0, 0, 3, 1, 0, 2, 0, 0, 0, 1, 0, 0, 0, 0, 3, 0, 1, 0, 0, 2, 1, 1, 2, 0, 0, 0, 0, 1, 1, 0, 0, 0, 1, 3, 1, 0, 1, 0, 0, 1, 0, 2, 0, 1, 0, 2, 1, 0, 0, 1, 1, 3, 0, 1, 3, 0, 1, 0, 0, 2, 1, 0, 0, 0, 1, 0, 0, 0, 0, 0, 1, 2, 0, 1, 3, 1, 0, 0, 0, 0],835.5178457988718,57567.40740638303,86513.12155945605,false
62,G1_CMAX,G1_CMAX,[31, 22, 42, 15, 26, 58, 95, 82, 77, 12, 47, 5, 93, 78, 98, 85, 54, 63, 18, 44, 20, 35, 43, 97, 91, 10, 30, 21, 61, 71, 64, 1, 23, 17, 83, 24, 50, 60, 36, 6, 57, 94, 88, 65, 56, 79, 40, 67, 68, 46, 75, 38, 9, 19, 32, 81, 41, 27, 62, 87, 90, 99, 59, 11, 16, 72, 73, 70, 39, 37, 84, 76, 3, 92, 25, 74, 28, 7, 51, 29, 33, 14, 86, 66, 89, 45, 80, 96, 53, 4, 48, 2, 55, 49, 0, 52, 13, 8, 69, 34]|[1, 1, 1, 1, 1, 1, 2, 1, 2, 1, 2, 0, 2, 1, 1, 0, 0, 1, 0, 2, 2, 2, 1, 2, 0, 2, 2, 0, 0, 1, 2, 1, 2, 1, 0, 2, 0, 1, 1, 0, 1, 1, 1, 0, 2, 1, 1, 0, 0, 0, 0, 1, 1, 2, 1, 2, 2, 0, 0, 2, 1, 0, 1, 2, 1, 2, 1, 1, 1, 1, 1, 1, 2, 1, 1, 2, 0, 0, 0, 0, 2, 1, 2, 0, 1, 0, 0, 0, 0, 0, 2, 0, 1, 0, 0, 1, 0, 1, 2, 2]|[4, 3, 2, 2, 0, 0, 1, 2, 1, 4, 1, 0, 2, 4, 4, 1, 1, 4, 2, 1, 1, 0, 1, 2, 1, 1, 1, 1, 1, 3, 2, 3, 0, 4, 0, 1, 1, 0, 3, 2, 2, 4, 0, 1, 1, 0, 2, 0, 1, 2, 2, 1, 4, 0, 3, 2, 1, 1, 2, 1, 3, 1, 1, 1, 3, 0, 4, 3, 1, 4, 1, 2, 1, 4, 4, 1, 2, 1, 1, 1, 1, 3, 1, 1, 1, 1, 1, 1, 2, 2, 0, 2, 4, 1, 2, 1, 2, 3, 1, 1]|[2, 2, 1, 1, 3, 3, 0, 1, 0, 0, 0, 1, 1, 0, 1, 0, 0, 3, 1, 0, 0, 0, 3, 1, 0, 0, 0, 0, 1, 0, 0, 0, 0, 3, 0, 1, 0, 0, 2, 1, 1, 2, 0, 0, 0, 0, 1, 1, 0, 0, 0, 1, 3, 0, 0, 1, 0, 0, 1, 0, 2, 0, 1, 0, 2, 1, 0, 0, 1, 1, 3, 2, 0, 0, 3, 0, 1, 0, 0, 0, 0, 0, 0, 0, 1, 0, 0, 0, 1, 1, 1, 0, 3, 1, 0, 1, 0, 2, 0, 0],701.9269445084548,58814.16448267554,96724.70889609086,false
62,G4_BALANCED,G4_BALANCED,[31, 22, 42, 15, 26, 58, 95, 82, 77, 12, 47, 5, 93, 78, 98, 54, 85, 63, 18, 44, 20, 35, 43, 97, 91, 76, 10, 30, 21, 45, 71, 64, 1, 23, 17, 83, 24, 61, 60, 36, 6, 57, 94, 88, 65, 56, 79, 40, 67, 68, 46, 75, 38, 9, 19, 32, 81, 41, 27, 62, 87, 90, 99, 59, 53, 16, 72, 73, 70, 39, 37, 84, 3, 92, 25, 55, 28, 29, 51, 7, 11, 14, 86, 66, 89, 50, 48, 96, 33, 80, 4, 8, 74, 49, 34, 52, 2, 0, 69, 13]|[1, 1, 0, 1, 1, 1, 2, 1, 2, 1, 2, 2, 2, 1, 1, 0, 0, 1, 0, 2, 2, 0, 1, 2, 0, 1, 2, 2, 0, 0, 1, 2, 1, 2, 1, 0, 2, 0, 1, 1, 0, 1, 1, 1, 0, 2, 1, 1, 0, 0, 0, 0, 1, 1, 2, 1, 2, 2, 0, 0, 2, 1, 0, 1, 2, 1, 2, 1, 1, 1, 1, 1, 2, 0, 1, 1, 0, 0, 0, 1, 0, 1, 0, 2, 1, 0, 0, 2, 2, 0, 1, 1, 2, 0, 2, 1, 0, 0, 1, 0]|[4, 3, 2, 2, 0, 0, 2, 2, 2, 4, 1, 1, 2, 4, 4, 1, 1, 4, 2, 1, 1, 1, 1, 2, 1, 2, 1, 1, 1, 1, 3, 2, 3, 0, 4, 0, 1, 1, 0, 3, 2, 2, 4, 0, 1, 1, 3, 2, 0, 1, 2, 2, 1, 4, 0, 3, 2, 1, 1, 2, 1, 3, 1, 1, 1, 3, 0, 4, 3, 1, 4, 1, 1, 2, 4, 4, 2, 1, 1, 3, 2, 3, 1, 1, 1, 1, 1, 1, 1, 1, 4, 3, 1, 1, 1, 1, 2, 2, 4, 2]|[0, 2, 1, 1, 3, 3, 0, 1, 0, 0, 0, 0, 1, 0, 1, 0, 0, 3, 1, 0, 0, 0, 3, 1, 0, 2, 0, 0, 0, 1, 0, 0, 0, 0, 3, 0, 1, 0, 0, 2, 1, 1, 2, 0, 0, 0, 0, 1, 1, 0, 0, 0, 1, 3, 0, 0, 1, 0, 0, 1, 0, 2, 0, 1, 0, 2, 1, 0, 0, 1, 1, 3, 0, 1, 3, 3, 1, 0, 0, 2, 1, 0, 0, 0, 1, 0, 0, 0, 0, 0, 0, 2, 0, 1, 0, 1, 0, 0, 2, 0],723.8563171257271,56799.68793028931,90835.78488551865,false
62,G2_TEC,G2_TEC,[31, 22, 82, 15, 26, 9, 95, 42, 77, 68, 47, 5, 93, 78, 86, 54, 85, 63, 18, 44, 20, 49, 36, 14, 74, 50, 53, 17, 21, 28, 11, 64, 3, 23, 30, 83, 24, 41, 40, 52, 65, 27, 90, 70, 39, 87, 48, 69, 99, 4, 46, 1, 13, 58, 97, 59, 45, 8, 73, 37, 35, 79, 71, 66, 76, 32, 60, 80, 56, 6, 67, 61, 33, 7, 57, 34, 12, 16, 10, 98, 96, 88, 43, 81, 91, 2, 84, 29, 92, 19, 51, 55, 94, 89, 72, 75, 38, 25, 62, 0]|[2, 1, 2, 1, 1, 2, 1, 1, 1, 1, 1, 0, 2, 2, 1, 2, 0, 0, 0, 2, 2, 1, 0, 2, 0, 2, 2, 1, 0, 1, 1, 1, 0, 0, 1, 0, 2, 1, 2, 2, 0, 0, 1, 1, 0, 2, 0, 2, 1, 0, 0, 2, 0, 2, 2, 0, 1, 1, 0, 0, 2, 1, 1, 2, 2, 0, 2, 2, 2, 1, 2, 1, 1, 2, 0, 1, 1, 2, 1, 0, 0, 1, 1, 1, 1, 2, 0, 1, 0, 1, 1, 0, 1, 1, 1, 0, 0, 1, 1, 0]|[0, 3, 0, 3, 4, 1, 4, 4, 4, 4, 3, 2, 1, 0, 2, 1, 1, 1, 2, 1, 1, 3, 0, 1, 0, 1, 1, 4, 1, 4, 3, 2, 2, 0, 4, 1, 1, 4, 1, 1, 2, 1, 4, 4, 1, 1, 0, 1, 3, 2, 2, 1, 2, 1, 1, 2, 4, 3, 0, 2, 2, 3, 3, 1, 1, 2, 1, 1, 1, 4, 1, 3, 4, 1, 2, 4, 3, 1, 3, 2, 2, 4, 4, 4, 3, 1, 2, 3, 2, 4, 3, 2, 3, 4, 4, 2, 2, 4, 3, 2]|[0, 2, 0, 0, 3, 0, 1, 3, 1, 0, 2, 0, 0, 0, 1, 0, 0, 0, 1, 0, 0, 2, 0, 0, 1, 0, 0, 3, 0, 1, 0, 2, 0, 0, 3, 0, 1, 1, 0, 0, 0, 0, 1, 3, 0, 0, 1, 0, 2, 0, 0, 0, 0, 0, 1, 0, 1, 0, 1, 1, 0, 2, 0, 0, 0, 0, 0, 0, 0, 2, 0, 0, 1, 0, 0, 1, 0, 0, 3, 0, 0, 1, 2, 1, 0, 0, 0, 3, 0, 1, 0, 0, 2, 1, 1, 0, 0, 3, 0, 0],896.1046245185167,48606.962099832395,108435.6008672598,false
62,G3_TWC,G3_TWC,[31, 22, 42, 15, 26, 58, 95, 82, 77, 12, 47, 5, 93, 78, 98, 54, 85, 63, 18, 44, 20, 35, 43, 97, 91, 76, 10, 30, 21, 45, 71, 64, 1, 23, 17, 83, 24, 61, 60, 49, 6, 57, 94, 88, 65, 56, 79, 40, 67, 68, 46, 75, 0, 9, 19, 32, 81, 41, 27, 62, 87, 90, 99, 59, 53, 16, 72, 73, 70, 39, 37, 84, 3, 92, 25, 74, 28, 38, 51, 7, 11, 14, 34, 66, 89, 48, 50, 96, 33, 80, 4, 8, 86, 36, 55, 52, 2, 29, 69, 13]|[1, 1, 0, 1, 1, 1, 2, 1, 2, 1, 2, 2, 2, 1, 1, 0, 0, 1, 0, 2, 2, 0, 1, 2, 0, 1, 2, 2, 0, 0, 1, 2, 1, 0, 1, 0, 2, 0, 1, 1, 0, 1, 1, 1, 0, 2, 1, 1, 0, 0, 0, 0, 1, 1, 0, 1, 2, 0, 0, 0, 2, 1, 0, 1, 2, 1, 2, 1, 1, 1, 1, 1, 2, 0, 1, 2, 0, 0, 0, 1, 0, 1, 2, 0, 1, 0, 0, 0, 2, 0, 0, 1, 0, 0, 1, 1, 0, 0, 1, 0]|[4, 3, 2, 2, 0, 0, 2, 2, 2, 4, 1, 1, 2, 4, 4, 1, 1, 4, 2, 1, 1, 1, 1, 2, 1, 2, 1, 1, 1, 1, 3, 2, 3, 0, 4, 0, 1, 1, 0, 3, 2, 2, 4, 0, 1, 1, 3, 2, 0, 1, 2, 2, 1, 4, 2, 3, 2, 1, 1, 2, 1, 3, 1, 1, 1, 3, 0, 4, 3, 1, 4, 1, 1, 2, 4, 1, 2, 1, 1, 3, 2, 3, 1, 1, 1, 1, 1, 1, 1, 1, 2, 3, 1, 1, 4, 1, 2, 2, 3, 2]|[0, 2, 1, 1, 3, 3, 0, 1, 0, 0, 0, 0, 1, 0, 1, 0, 0, 3, 1, 0, 0, 0, 3, 1, 0, 2, 0, 0, 0, 1, 0, 0, 0, 0, 3, 0, 1, 0, 0, 2, 1, 1, 2, 0, 0, 0, 0, 1, 1, 0, 0, 0, 1, 3, 1, 0, 1, 0, 0, 1, 0, 2, 0, 1, 0, 2, 1, 0, 0, 1, 1, 3, 0, 1, 3, 0, 1, 0, 0, 2, 1, 0, 0, 0, 1, 0, 0, 0, 0, 0, 1, 2, 0, 1, 3, 1, 0, 0, 0, 0],835.5178457988718,57567.40740638303,86513.12155945605,false
62,G1_CMAX,G1_CMAX,[31, 22, 42, 15, 26, 58, 95, 82, 77, 12, 47, 5, 93, 78, 98, 85, 54, 63, 18, 44, 20, 35, 43, 97, 91, 10, 30, 21, 61, 71, 64, 1, 23, 17, 83, 24, 50, 60, 36, 6, 57, 94, 88, 65, 56, 79, 40, 67, 68, 46, 75, 38, 9, 19, 32, 81, 41, 27, 62, 87, 90, 99, 59, 11, 16, 72, 73, 70, 39, 37, 84, 76, 3, 92, 25, 74, 28, 7, 51, 29, 33, 14, 86, 66, 89, 45, 80, 96, 53, 4, 48, 2, 55, 49, 0, 52, 13, 8, 69, 34]|[1, 1, 1, 1, 1, 1, 2, 1, 2, 1, 2, 0, 2, 1, 1, 0, 0, 1, 0, 2, 2, 2, 1, 2, 0, 2, 2, 0, 0, 1, 2, 1, 2, 1, 0, 2, 0, 1, 1, 0, 1, 1, 1, 0, 2, 1, 1, 0, 0, 0, 0, 1, 1, 2, 1, 2, 2, 0, 0, 2, 1, 0, 1, 2, 1, 2, 1, 1, 1, 1, 1, 1, 2, 1, 1, 2, 0, 0, 0, 0, 2, 1, 2, 0, 1, 0, 0, 0, 0, 0, 2, 0, 1, 0, 0, 1, 0, 1, 2, 2]|[4, 3, 2, 2, 0, 0, 1, 2, 1, 4, 1, 0, 2, 4, 4, 1, 1, 4, 2, 1, 1, 0, 1, 2, 1, 1, 1, 1, 1, 3, 2, 3, 0, 4, 0, 1, 1, 0, 3, 2, 2, 4, 0, 1, 1, 0, 2, 0, 1, 2, 2, 1, 4, 0, 3, 2, 1, 1, 2, 1, 3, 1, 1, 1, 3, 0, 4, 3, 1, 4, 1, 2, 1, 4, 4, 1, 2, 1, 1, 1, 1, 3, 1, 1, 1, 1, 1, 1, 2, 2, 0, 2, 4, 1, 2, 1, 2, 3, 1, 1]|[2, 2, 1, 1, 3, 3, 0, 1, 0, 0, 0, 1, 1, 0, 1, 0, 0, 3, 1, 0, 0, 0, 3, 1, 0, 0, 0, 0, 1, 0, 0, 0, 0, 3, 0, 1, 0, 0, 2, 1, 1, 2, 0, 0, 0, 0, 1, 1, 0, 0, 0, 1, 3, 0, 0, 1, 0, 0, 1, 0, 2, 0, 1, 0, 2, 1, 0, 0, 1, 1, 3, 2, 0, 0, 3, 0, 1, 0, 0, 0, 0, 0, 0, 0, 1, 0, 0, 0, 1, 1, 1, 0, 3, 1, 0, 1, 0, 2, 0, 0],701.9269445084548,58814.16448267554,96724.70889609086,false
62,G4_BALANCED,G4_BALANCED,[31, 22, 42, 15, 26, 58, 95, 82, 77, 12, 47, 5, 93, 78, 98, 54, 85, 63, 18, 44, 20, 35, 43, 97, 91, 76, 10, 30, 21, 45, 71, 64, 1, 23, 17, 83, 24, 61, 60, 36, 6, 57, 94, 88, 65, 56, 79, 40, 67, 68, 46, 75, 38, 9, 19, 32, 81, 41, 27, 62, 87, 90, 99, 59, 53, 16, 72, 73, 70, 39, 37, 84, 3, 92, 25, 55, 28, 29, 51, 7, 11, 14, 86, 66, 89, 50, 48, 96, 33, 80, 4, 8, 74, 49, 34, 52, 2, 0, 69, 13]|[1, 1, 0, 1, 1, 1, 2, 1, 2, 1, 2, 2, 2, 1, 1, 0, 0, 1, 0, 2, 2, 0, 1, 2, 0, 1, 2, 2, 0, 0, 1, 2, 1, 2, 1, 0, 2, 0, 1, 1, 0, 1, 1, 1, 0, 2, 1, 1, 0, 0, 0, 0, 1, 1, 2, 1, 2, 2, 0, 0, 2, 1, 0, 1, 2, 1, 2, 1, 1, 1, 1, 1, 2, 0, 1, 1, 0, 0, 0, 1, 0, 1, 0, 2, 1, 0, 0, 2, 2, 0, 1, 1, 2, 0, 2, 1, 0, 0, 1, 0]|[4, 3, 2, 2, 0, 0, 2, 2, 2, 4, 1, 1, 2, 4, 4, 1, 1, 4, 2, 1, 1, 1, 1, 2, 1, 2, 1, 1, 1, 1, 3, 2, 3, 0, 4, 0, 1, 1, 0, 3, 2, 2, 4, 0, 1, 1, 3, 2, 0, 1, 2, 2, 1, 4, 0, 3, 2, 1, 1, 2, 1, 3, 1, 1, 1, 3, 0, 4, 3, 1, 4, 1, 1, 2, 4, 4, 2, 1, 1, 3, 2, 3, 1, 1, 1, 1, 1, 1, 1, 1, 4, 3, 1, 1, 1, 1, 2, 2, 4, 2]|[0, 2, 1, 1, 3, 3, 0, 1, 0, 0, 0, 0, 1, 0, 1, 0, 0, 3, 1, 0, 0, 0, 3, 1, 0, 2, 0, 0, 0, 1, 0, 0, 0, 0, 3, 0, 1, 0, 0, 2, 1, 1, 2, 0, 0, 0, 0, 1, 1, 0, 0, 0, 1, 3, 0, 0, 1, 0, 0, 1, 0, 2, 0, 1, 0, 2, 1, 0, 0, 1, 1, 3, 0, 1, 3, 3, 1, 0, 0, 2, 1, 0, 0, 0, 1, 0, 0, 0, 0, 0, 0, 2, 0, 1, 0, 1, 0, 0, 2, 0],723.8563171257271,56799.68793028931,90835.78488551865,false
62,G2_TEC,G2_TEC,[31, 22, 82, 15, 26, 9, 95, 42, 77, 68, 47, 5, 93, 78, 86, 54, 85, 63, 18, 44, 20, 49, 36, 14, 74, 50, 53, 17, 21, 28, 11, 64, 3, 23, 30, 83, 24, 41, 40, 52, 65, 27, 90, 70, 39, 87, 48, 69, 99, 4, 46, 1, 13, 58, 97, 59, 45, 8, 73, 37, 35, 79, 71, 66, 76, 32, 60, 80, 56, 6, 67, 61, 33, 7, 57, 34, 12, 16, 10, 98, 96, 88, 43, 81, 91, 2, 84, 29, 92, 19, 51, 55, 94, 89, 72, 75, 38, 25, 62, 0]|[2, 1, 2, 1, 1, 2, 1, 1, 1, 1, 1, 0, 2, 2, 1, 2, 0, 0, 0, 2, 2, 1, 0, 2, 0, 2, 2, 1, 0, 1, 1, 1, 0, 0, 1, 0, 2, 1, 2, 2, 0, 0, 1, 1, 0, 2, 0, 2, 1, 0, 0, 2, 0, 2, 2, 0, 1, 1, 0, 0, 2, 1, 1, 2, 2, 0, 2, 2, 2, 1, 2, 1, 1, 2, 0, 1, 1, 2, 1, 0, 0, 1, 1, 1, 1, 2, 0, 1, 0, 1, 1, 0, 1, 1, 1, 0, 0, 1, 1, 0]|[0, 3, 0, 3, 4, 1, 4, 4, 4, 4, 3, 2, 1, 0, 2, 1, 1, 1, 2, 1, 1, 3, 0, 1, 0, 1, 1, 4, 1, 4, 3, 2, 2, 0, 4, 1, 1, 4, 1, 1, 2, 1, 4, 4, 1, 1, 0, 1, 3, 2, 2, 1, 2, 1, 1, 2, 4, 3, 0, 2, 2, 3, 3, 1, 1, 2, 1, 1, 1, 4, 1, 3, 4, 1, 2, 4, 3, 1, 3, 2, 2, 4, 4, 4, 3, 1, 2, 3, 2, 4, 3, 2, 3, 4, 4, 2, 2, 4, 3, 2]|[0, 2, 0, 0, 3, 0, 1, 3, 1, 0, 2, 0, 0, 0, 1, 0, 0, 0, 1, 0, 0, 2, 0, 0, 1, 0, 0, 3, 0, 1, 0, 2, 0, 0, 3, 0, 1, 1, 0, 0, 0, 0, 1, 3, 0, 0, 1, 0, 2, 0, 0, 0, 0, 0, 1, 0, 1, 0, 1, 1, 0, 2, 0, 0, 0, 0, 0, 0, 0, 2, 0, 0, 1, 0, 0, 1, 0, 0, 3, 0, 0, 1, 2, 1, 0, 0, 0, 3, 0, 1, 0, 0, 2, 1, 1, 0, 0, 3, 0, 0],896.1046245185167,48606.962099832395,108435.6008672598,false
62,G3_TWC,G3_TWC,[31, 22, 42, 15, 26, 58, 95, 82, 77, 12, 47, 5, 93, 78, 98, 54, 85, 63, 18, 44, 20, 35, 43, 97, 91, 76, 10, 30, 21, 45, 71, 64, 1, 23, 17, 83, 24, 61, 60, 49, 6, 57, 94, 88, 65, 56, 79, 40, 67, 68, 46, 75, 0, 9, 19, 32, 81, 41, 27, 62, 87, 90, 99, 59, 53, 16, 72, 73, 70, 39, 37, 84, 3, 92, 25, 74, 28, 38, 51, 7, 11, 14, 34, 66, 89, 48, 50, 96, 33, 80, 4, 8, 86, 36, 55, 52, 2, 29, 69, 13]|[1, 1, 0, 1, 1, 1, 2, 1, 2, 1, 2, 2, 2, 1, 1, 0, 0, 1, 0, 2, 2, 0, 1, 2, 0, 1, 2, 2, 0, 0, 1, 2, 1, 0, 1, 0, 2, 0, 1, 1, 0, 1, 1, 1, 0, 2, 1, 1, 0, 0, 0, 0, 1, 1, 0, 1, 2, 0, 0, 0, 2, 1, 0, 1, 2, 1, 2, 1, 1, 1, 1, 1, 2, 0, 1, 2, 0, 0, 0, 1, 0, 1, 2, 0, 1, 0, 0, 0, 2, 0, 0, 1, 0, 0, 1, 1, 0, 0, 1, 0]|[4, 3, 2, 2, 0, 0, 2, 2, 2, 4, 1, 1, 2, 4, 4, 1, 1, 4, 2, 1, 1, 1, 1, 2, 1, 2, 1, 1, 1, 1, 3, 2, 3, 0, 4, 0, 1, 1, 0, 3, 2, 2, 4, 0, 1, 1, 3, 2, 0, 1, 2, 2, 1, 4, 2, 3, 2, 1, 1, 2, 1, 3, 1, 1, 1, 3, 0, 4, 3, 1, 4, 1, 1, 2, 4, 1, 2, 1, 1, 3, 2, 3, 1, 1, 1, 1, 1, 1, 1, 1, 2, 3, 1, 1, 4, 1, 2, 2, 3, 2]|[0, 2, 1, 1, 3, 3, 0, 1, 0, 0, 0, 0, 1, 0, 1, 0, 0, 3, 1, 0, 0, 0, 3, 1, 0, 2, 0, 0, 0, 1, 0, 0, 0, 0, 3, 0, 1, 0, 0, 2, 1, 1, 2, 0, 0, 0, 0, 1, 1, 0, 0, 0, 1, 3, 1, 0, 1, 0, 0, 1, 0, 2, 0, 1, 0, 2, 1, 0, 0, 1, 1, 3, 0, 1, 3, 0, 1, 0, 0, 2, 1, 0, 0, 0, 1, 0, 0, 0, 0, 0, 1, 2, 0, 1, 3, 1, 0, 0, 0, 0],835.5178457988718,57567.40740638303,86513.12155945605,false
62,G1_CMAX,G1_CMAX,[31, 22, 42, 15, 26, 58, 95, 82, 77, 12, 47, 5, 93, 78, 98, 85, 54, 63, 18, 44, 20, 35, 43, 97, 91, 10, 30, 21, 61, 71, 64, 1, 23, 17, 83, 24, 50, 60, 36, 6, 57, 94, 88, 65, 56, 79, 40, 67, 68, 46, 75, 38, 9, 19, 32, 81, 41, 27, 62, 87, 90, 99, 59, 11, 16, 72, 73, 70, 39, 37, 84, 76, 3, 92, 25, 74, 28, 7, 51, 29, 33, 14, 86, 66, 89, 45, 80, 96, 53, 4, 48, 2, 55, 49, 0, 52, 13, 8, 69, 34]|[1, 1, 1, 1, 1, 1, 2, 1, 2, 1, 2, 0, 2, 1, 1, 0, 0, 1, 0, 2, 2, 2, 1, 2, 0, 2, 2, 0, 0, 1, 2, 1, 2, 1, 0, 2, 0, 1, 1, 0, 1, 1, 1, 0, 2, 1, 1, 0, 0, 0, 0, 1, 1, 2, 1, 2, 2, 0, 0, 2, 1, 0, 1, 2, 1, 2, 1, 1, 1, 1, 1, 1, 2, 1, 1, 2, 0, 0, 0, 0, 2, 1, 2, 0, 1, 0, 0, 0, 0, 0, 2, 0, 1, 0, 0, 1, 0, 1, 2, 2]|[4, 3, 2, 2, 0, 0, 1, 2, 1, 4, 1, 0, 2, 4, 4, 1, 1, 4, 2, 1, 1, 0, 1, 2, 1, 1, 1, 1, 1, 3, 2, 3, 0, 4, 0, 1, 1, 0, 3, 2, 2, 4, 0, 1, 1, 0, 2, 0, 1, 2, 2, 1, 4, 0, 3, 2, 1, 1, 2, 1, 3, 1, 1, 1, 3, 0, 4, 3, 1, 4, 1, 2, 1, 4, 4, 1, 2, 1, 1, 1, 1, 3, 1, 1, 1, 1, 1, 1, 2, 2, 0, 2, 4, 1, 2, 1, 2, 3, 1, 1]|[2, 2, 1, 1, 3, 3, 0, 1, 0, 0, 0, 1, 1, 0, 1, 0, 0, 3, 1, 0, 0, 0, 3, 1, 0, 0, 0, 0, 1, 0, 0, 0, 0, 3, 0, 1, 0, 0, 2, 1, 1, 2, 0, 0, 0, 0, 1, 1, 0, 0, 0, 1, 3, 0, 0, 1, 0, 0, 1, 0, 2, 0, 1, 0, 2, 1, 0, 0, 1, 1, 3, 2, 0, 0, 3, 0, 1, 0, 0, 0, 0, 0, 0, 0, 1, 0, 0, 0, 1, 1, 1, 0, 3, 1, 0, 1, 0, 2, 0, 0],701.9269445084548,58814.16448267554,96724.70889609086,false
62,G4_BALANCED,G4_BALANCED,[31, 22, 42, 15, 26, 58, 95, 82, 77, 12, 47, 5, 93, 78, 98, 54, 85, 63, 18, 44, 20, 35, 43, 97, 91, 76, 10, 30, 21, 45, 71, 64, 1, 23, 17, 83, 24, 61, 60, 36, 6, 57, 94, 88, 65, 56, 79, 40, 67, 68, 46, 75, 38, 9, 19, 32, 81, 41, 27, 62, 87, 90, 99, 59, 53, 16, 72, 73, 70, 39, 37, 84, 3, 92, 25, 55, 28, 29, 51, 7, 11, 14, 86, 66, 89, 50, 48, 96, 33, 80, 4, 8, 74, 49, 34, 52, 2, 0, 69, 13]|[1, 1, 0, 1, 1, 1, 2, 1, 2, 1, 2, 2, 2, 1, 1, 0, 0, 1, 0, 2, 2, 0, 1, 2, 0, 1, 2, 2, 0, 0, 1, 2, 1, 2, 1, 0, 2, 0, 1, 1, 0, 1, 1, 1, 0, 2, 1, 1, 0, 0, 0, 0, 1, 1, 2, 1, 2, 2, 0, 0, 2, 1, 0, 1, 2, 1, 2, 1, 1, 1, 1, 1, 2, 0, 1, 1, 0, 0, 0, 1, 0, 1, 0, 2, 1, 0, 0, 2, 2, 0, 1, 1, 2, 0, 2, 1, 0, 0, 1, 0]|[4, 3, 2, 2, 0, 0, 2, 2, 2, 4, 1, 1, 2, 4, 4, 1, 1, 4, 2, 1, 1, 1, 1, 2, 1, 2, 1, 1, 1, 1, 3, 2, 3, 0, 4, 0, 1, 1, 0, 3, 2, 2, 4, 0, 1, 1, 3, 2, 0, 1, 2, 2, 1, 4, 0, 3, 2, 1, 1, 2, 1, 3, 1, 1, 1, 3, 0, 4, 3, 1, 4, 1, 1, 2, 4, 4, 2, 1, 1, 3, 2, 3, 1, 1, 1, 1, 1, 1, 1, 1, 4, 3, 1, 1, 1, 1, 2, 2, 4, 2]|[0, 2, 1, 1, 3, 3, 0, 1, 0, 0, 0, 0, 1, 0, 1, 0, 0, 3, 1, 0, 0, 0, 3, 1, 0, 2, 0, 0, 0, 1, 0, 0, 0, 0, 3, 0, 1, 0, 0, 2, 1, 1, 2, 0, 0, 0, 0, 1, 1, 0, 0, 0, 1, 3, 0, 0, 1, 0, 0, 1, 0, 2, 0, 1, 0, 2, 1, 0, 0, 1, 1, 3, 0, 1, 3, 3, 1, 0, 0, 2, 1, 0, 0, 0, 1, 0, 0, 0, 0, 0, 0, 2, 0, 1, 0, 1, 0, 0, 2, 0],723.8563171257271,56799.68793028931,90835.78488551865,false
62,G2_TEC,G2_TEC,[20, 94, 66, 15, 26, 9, 95, 42, 77, 68, 47, 5, 3, 78, 86, 54, 85, 63, 18, 44, 31, 49, 36, 14, 74, 50, 53, 17, 21, 28, 11, 64, 93, 23, 30, 83, 24, 41, 40, 52, 65, 27, 90, 70, 39, 87, 48, 69, 99, 4, 46, 57, 13, 56, 97, 59, 45, 8, 73, 37, 35, 79, 71, 82, 76, 32, 60, 80, 58, 6, 67, 61, 33, 7, 1, 34, 12, 16, 10, 22, 96, 88, 43, 81, 91, 2, 84, 29, 92, 19, 51, 89, 38, 75, 25, 72, 55, 98, 62, 0]|[2, 1, 2, 1, 1, 2, 1, 1, 1, 1, 1, 0, 2, 2, 1, 2, 0, 0, 0, 2, 2, 1, 0, 2, 0, 2, 2, 1, 0, 1, 1, 1, 0, 0, 1, 0, 2, 1, 2, 2, 0, 0, 1, 1, 0, 2, 0, 2, 1, 0, 0, 0, 0, 2, 2, 0, 1, 1, 0, 0, 2, 1, 1, 2, 2, 0, 2, 2, 2, 1, 2, 1, 1, 2, 2, 1, 1, 2, 1, 2, 0, 1, 1, 1, 1, 0, 0, 1, 0, 1, 1, 1, 0, 0, 1, 1, 0, 2, 1, 0]|[1, 3, 1, 3, 4, 1, 4, 4, 4, 4, 3, 2, 1, 1, 2, 1, 1, 1, 2, 1, 1, 3, 0, 1, 0, 1, 1, 4, 1, 4, 3, 2, 2, 0, 4, 1, 1, 4, 1, 1, 2, 1, 4, 4, 1, 1, 0, 1, 3, 2, 2, 2, 2, 1, 1, 2, 4, 3, 0, 2, 1, 3, 3, 1, 1, 2, 1, 1, 1, 4, 1, 3, 4, 1, 1, 4, 3, 1, 3, 1, 2, 4, 4, 4, 3, 2, 2, 3, 2, 4, 3, 4, 2, 2, 4, 4, 2, 1, 3, 2]|[0, 2, 0, 0, 3, 0, 1, 3, 1, 0, 2, 0, 1, 0, 1, 0, 0, 0, 1, 0, 0, 2, 0, 0, 1, 0, 0, 3, 0, 1, 0, 2, 0, 0, 3, 0, 1, 1, 0, 0, 0, 0, 1, 3, 0, 0, 1, 0, 2, 0, 0, 0, 0, 0, 1, 0, 1, 0, 1, 1, 0, 2, 0, 0, 0, 0, 0, 0, 0, 2, 0, 0, 1, 0, 0, 1, 0, 0, 3, 0, 0, 1, 2, 2, 0, 0, 0, 3, 0, 1, 0, 1, 0, 0, 3, 1, 0, 0, 0, 0],915.3866058909169,48113.028909698754,106299.36091956768,false
62,G3_TWC,G3_TWC,[31, 22, 42, 15, 26, 58, 95, 82, 77, 12, 47, 5, 93, 78, 98, 54, 85, 63, 18, 44, 20, 35, 43, 97, 91, 76, 10, 30, 21, 45, 71, 64, 1, 23, 17, 83, 24, 61, 60, 49, 6, 57, 94, 88, 65, 56, 79, 40, 67, 68, 46, 75, 0, 9, 19, 32, 81, 41, 27, 62, 87, 90, 99, 59, 53, 16, 72, 73, 70, 39, 37, 84, 3, 92, 25, 74, 28, 38, 51, 7, 11, 14, 34, 66, 89, 48, 50, 96, 33, 80, 4, 8, 86, 36, 55, 52, 2, 29, 69, 13]|[1, 1, 0, 1, 1, 1, 2, 1, 2, 1, 2, 2, 2, 1, 1, 0, 0, 1, 0, 2, 2, 0, 1, 2, 0, 1, 2, 2, 0, 0, 1, 2, 1, 0, 1, 0, 2, 0, 1, 1, 0, 1, 1, 1, 0, 2, 1, 1, 0, 0, 0, 0, 1, 1, 0, 1, 2, 0, 0, 0, 2, 1, 0, 1, 2, 1, 2, 1, 1, 1, 1, 1, 2, 0, 1, 2, 0, 0, 0, 1, 0, 1, 2, 0, 1, 0, 0, 0, 2, 0, 0, 1, 0, 0, 1, 1, 0, 0, 1, 0]|[4, 3, 2, 2, 0, 0, 2, 2, 2, 4, 1, 1, 2, 4, 4, 1, 1, 4, 2, 1, 1, 1, 1, 2, 1, 2, 1, 1, 1, 1, 3, 2, 3, 0, 4, 0, 1, 1, 0, 3, 2, 2, 4, 0, 1, 1, 3, 2, 0, 1, 2, 2, 1, 4, 2, 3, 2, 1, 1, 2, 1, 3, 1, 1, 1, 3, 0, 4, 3, 1, 4, 1, 1, 2, 4, 1, 2, 1, 1, 3, 2, 3, 1, 1, 1, 1, 1, 1, 1, 1, 2, 3, 1, 1, 4, 1, 2, 2, 3, 2]|[0, 2, 1, 1, 3, 3, 0, 1, 0, 0, 0, 0, 1, 0, 1, 0, 0, 3, 1, 0, 0, 0, 3, 1, 0, 2, 0, 0, 0, 1, 0, 0, 0, 0, 3, 0, 1, 0, 0, 2, 1, 1, 2, 0, 0, 0, 0, 1, 1, 0, 0, 0, 1, 3, 1, 0, 1, 0, 0, 1, 0, 2, 0, 1, 0, 2, 1, 0, 0, 1, 1, 3, 0, 1, 3, 0, 1, 0, 0, 2, 1, 0, 0, 0, 1, 0, 0, 0, 0, 0, 1, 2, 0, 1, 3, 1, 0, 0, 0, 0],835.5178457988718,57567.40740638303,86513.12155945605,false
62,G1_CMAX,G1_CMAX,[31, 22, 42, 15, 26, 58, 95, 82, 77, 12, 47, 5, 93, 78, 98, 85, 54, 63, 18, 44, 20, 35, 43, 97, 91, 10, 30, 21, 61, 71, 64, 1, 23, 17, 83, 24, 50, 60, 36, 6, 57, 94, 88, 65, 56, 79, 40, 67, 68, 46, 75, 38, 9, 19, 32, 81, 41, 27, 62, 87, 90, 99, 59, 11, 16, 72, 73, 70, 39, 37, 84, 76, 3, 92, 25, 74, 28, 7, 51, 29, 33, 14, 86, 66, 89, 45, 80, 96, 53, 4, 48, 2, 55, 49, 0, 52, 13, 8, 69, 34]|[1, 1, 1, 1, 1, 1, 2, 1, 2, 1, 2, 0, 2, 1, 1, 0, 0, 1, 0, 2, 2, 2, 1, 2, 0, 2, 2, 0, 0, 1, 2, 1, 2, 1, 0, 2, 0, 1, 1, 0, 1, 1, 1, 0, 2, 1, 1, 0, 0, 0, 0, 1, 1, 2, 1, 2, 2, 0, 0, 2, 1, 0, 1, 2, 1, 2, 1, 1, 1, 1, 1, 1, 2, 1, 1, 2, 0, 0, 0, 0, 2, 1, 2, 0, 1, 0, 0, 0, 0, 0, 2, 0, 1, 0, 0, 1, 0, 1, 2, 2]|[4, 3, 2, 2, 0, 0, 1, 2, 1, 4, 1, 0, 2, 4, 4, 1, 1, 4, 2, 1, 1, 0, 1, 2, 1, 1, 1, 1, 1, 3, 2, 3, 0, 4, 0, 1, 1, 0, 3, 2, 2, 4, 0, 1, 1, 0, 2, 0, 1, 2, 2, 1, 4, 0, 3, 2, 1, 1, 2, 1, 3, 1, 1, 1, 3, 0, 4, 3, 1, 4, 1, 2, 1, 4, 4, 1, 2, 1, 1, 1, 1, 3, 1, 1, 1, 1, 1, 1, 2, 2, 0, 2, 4, 1, 2, 1, 2, 3, 1, 1]|[2, 2, 1, 1, 3, 3, 0, 1, 0, 0, 0, 1, 1, 0, 1, 0, 0, 3, 1, 0, 0, 0, 3, 1, 0, 0, 0, 0, 1, 0, 0, 0, 0, 3, 0, 1, 0, 0, 2, 1, 1, 2, 0, 0, 0, 0, 1, 1, 0, 0, 0, 1, 3, 0, 0, 1, 0, 0, 1, 0, 2, 0, 1, 0, 2, 1, 0, 0, 1, 1, 3, 2, 0, 0, 3, 0, 1, 0, 0, 0, 0, 0, 0, 0, 1, 0, 0, 0, 1, 1, 1, 0, 3, 1, 0, 1, 0, 2, 0, 0],701.9269445084548,58814.16448267554,96724.70889609086,false
62,G4_BALANCED,G4_BALANCED,[31, 22, 42, 15, 26, 58, 95, 82, 77, 12, 47, 5, 93, 78, 98, 54, 85, 63, 18, 44, 20, 35, 43, 97, 91, 76, 10, 30, 21, 45, 71, 64, 1, 23, 17, 83, 24, 61, 60, 36, 6, 57, 94, 88, 65, 56, 79, 40, 67, 68, 46, 75, 38, 9, 19, 32, 81, 41, 27, 62, 87, 90, 99, 59, 53, 16, 72, 73, 70, 39, 37, 84, 3, 92, 25, 55, 28, 29, 51, 7, 11, 14, 86, 66, 89, 50, 48, 96, 33, 80, 4, 8, 74, 49, 34, 52, 2, 0, 69, 13]|[1, 1, 0, 1, 1, 1, 2, 1, 2, 1, 2, 2, 2, 1, 1, 0, 0, 1, 0, 2, 2, 0, 1, 2, 0, 1, 2, 2, 0, 0, 1, 2, 1, 2, 1, 0, 2, 0, 1, 1, 0, 1, 1, 1, 0, 2, 1, 1, 0, 0, 0, 0, 1, 1, 2, 1, 2, 2, 0, 0, 2, 1, 0, 1, 2, 1, 2, 1, 1, 1, 1, 1, 2, 0, 1, 1, 0, 0, 0, 1, 0, 1, 0, 2, 1, 0, 0, 2, 2, 0, 1, 1, 2, 0, 2, 1, 0, 0, 1, 0]|[4, 3, 2, 2, 0, 0, 2, 2, 2, 4, 1, 1, 2, 4, 4, 1, 1, 4, 2, 1, 1, 1, 1, 2, 1, 2, 1, 1, 1, 1, 3, 2, 3, 0, 4, 0, 1, 1, 0, 3, 2, 2, 4, 0, 1, 1, 3, 2, 0, 1, 2, 2, 1, 4, 0, 3, 2, 1, 1, 2, 1, 3, 1, 1, 1, 3, 0, 4, 3, 1, 4, 1, 1, 2, 4, 4, 2, 1, 1, 3, 2, 3, 1, 1, 1, 1, 1, 1, 1, 1, 4, 3, 1, 1, 1, 1, 2, 2, 4, 2]|[0, 2, 1, 1, 3, 3, 0, 1, 0, 0, 0, 0, 1, 0, 1, 0, 0, 3, 1, 0, 0, 0, 3, 1, 0, 2, 0, 0, 0, 1, 0, 0, 0, 0, 3, 0, 1, 0, 0, 2, 1, 1, 2, 0, 0, 0, 0, 1, 1, 0, 0, 0, 1, 3, 0, 0, 1, 0, 0, 1, 0, 2, 0, 1, 0, 2, 1, 0, 0, 1, 1, 3, 0, 1, 3, 3, 1, 0, 0, 2, 1, 0, 0, 0, 1, 0, 0, 0, 0, 0, 0, 2, 0, 1, 0, 1, 0, 0, 2, 0],723.8563171257271,56799.68793028931,90835.78488551865,false
62,G2_TEC,G4_BALANCED,[31, 11, 82, 15, 26, 9, 95, 42, 77, 68, 47, 5, 93, 78, 86, 54, 85, 63, 18, 44, 20, 49, 36, 14, 74, 50, 53, 17, 21, 45, 71, 64, 3, 23, 30, 83, 24, 41, 60, 52, 65, 27, 90, 70, 39, 87, 48, 69, 99, 4, 46, 1, 13, 58, 97, 59, 28, 8, 73, 37, 35, 79, 22, 66, 76, 32, 40, 80, 96, 6, 16, 61, 33, 7, 57, 34, 12, 67, 10, 98, 56, 88, 51, 75, 91, 38, 19, 92, 43, 84, 29, 72, 81, 25, 2, 55, 0, 94, 89, 62]|[2, 1, 2, 1, 1, 2, 1, 1, 1, 1, 1, 0, 2, 2, 1, 2, 0, 0, 0, 2, 2, 1, 0, 2, 0, 2, 2, 1, 0, 1, 1, 1, 0, 0, 1, 0, 2, 1, 2, 2, 0, 0, 1, 1, 0, 2, 0, 2, 1, 0, 0, 2, 0, 0, 2, 0, 1, 1, 0, 0, 2, 1, 0, 2, 2, 0, 2, 2, 0, 1, 2, 1, 1, 2, 0, 1, 1, 1, 1, 2, 2, 1, 1, 0, 1, 0, 1, 0, 1, 0, 1, 1, 1, 1, 2, 0, 0, 2, 1, 1]|[0, 3, 0, 2, 4, 1, 4, 4, 2, 4, 3, 2, 1, 0, 2, 1, 1, 1, 2, 1, 1, 3, 0, 1, 0, 1, 1, 4, 1, 4, 3, 2, 2, 0, 4, 1, 1, 4, 0, 1, 2, 1, 4, 4, 1, 1, 0, 2, 3, 1, 2, 1, 2, 1, 1, 2, 4, 3, 0, 2, 2, 3, 1, 0, 1, 2, 0, 1, 2, 4, 1, 3, 4, 1, 2, 4, 3, 3, 3, 1, 1, 4, 3, 2, 3, 2, 4, 2, 4, 2, 3, 4, 1, 4, 1, 2, 2, 1, 4, 3]|[0, 2, 0, 1, 3, 0, 1, 3, 0, 0, 2, 0, 1, 0, 1, 0, 0, 0, 1, 0, 0, 2, 0, 0, 1, 0, 0, 3, 0, 1, 0, 2, 0, 1, 3, 0, 1, 3, 1, 0, 0, 0, 1, 3, 0, 0, 1, 0, 2, 0, 0, 0, 0, 0, 1, 0, 1, 0, 1, 1, 0, 2, 0, 0, 0, 0, 0, 0, 0, 2, 0, 0, 1, 0, 0, 1, 0, 0, 3, 0, 0, 1, 0, 0, 0, 0, 3, 0, 2, 0, 0, 2, 1, 3, 0, 0, 0, 0, 1, 0],847.5774112780123,52007.329839342645,107494.62989686072,true
62,G3_TWC,G3_TWC,[31, 22, 42, 15, 26, 58, 95, 82, 77, 12, 47, 5, 93, 78, 98, 54, 85, 63, 18, 44, 20, 35, 43, 97, 91, 76, 10, 30, 21, 45, 71, 64, 1, 23, 17, 83, 24, 61, 60, 49, 6, 57, 94, 88, 65, 56, 79, 40, 67, 68, 46, 75, 0, 9, 19, 32, 81, 41, 27, 62, 87, 90, 99, 59, 53, 16, 72, 73, 70, 39, 37, 84, 3, 92, 25, 74, 28, 38, 51, 7, 11, 14, 34, 66, 89, 48, 50, 96, 33, 80, 4, 8, 86, 36, 55, 52, 2, 29, 69, 13]|[1, 1, 0, 1, 1, 1, 2, 1, 2, 1, 2, 2, 2, 1, 1, 0, 0, 1, 0, 2, 2, 0, 1, 2, 0, 1, 2, 2, 0, 0, 1, 2, 1, 0, 1, 0, 2, 0, 1, 1, 0, 1, 1, 1, 0, 2, 1, 1, 0, 0, 0, 0, 1, 1, 0, 1, 2, 0, 0, 0, 2, 1, 0, 1, 2, 1, 2, 1, 1, 1, 1, 1, 2, 0, 1, 2, 0, 0, 0, 1, 0, 1, 2, 0, 1, 0, 0, 0, 2, 0, 0, 1, 0, 0, 1, 1, 0, 0, 1, 0]|[4, 3, 2, 2, 0, 0, 2, 2, 2, 4, 1, 1, 2, 4, 4, 1, 1, 4, 2, 1, 1, 1, 1, 2, 1, 2, 1, 1, 1, 1, 3, 2, 3, 0, 4, 0, 1, 1, 0, 3, 2, 2, 4, 0, 1, 1, 3, 2, 0, 1, 2, 2, 1, 4, 2, 3, 2, 1, 1, 2, 1, 3, 1, 1, 1, 3, 0, 4, 3, 1, 4, 1, 1, 2, 4, 1, 2, 1, 1, 3, 2, 3, 1, 1, 1, 1, 1, 1, 1, 1, 2, 3, 1, 1, 4, 1, 2, 2, 3, 2]|[0, 2, 1, 1, 3, 3, 0, 1, 0, 0, 0, 0, 1, 0, 1, 0, 0, 3, 1, 0, 0, 0, 3, 1, 0, 2, 0, 0, 0, 1, 0, 0, 0, 0, 3, 0, 1, 0, 0, 2, 1, 1, 2, 0, 0, 0, 0, 1, 1, 0, 0, 0, 1, 3, 1, 0, 1, 0, 0, 1, 0, 2, 0, 1, 0, 2, 1, 0, 0, 1, 1, 3, 0, 1, 3, 0, 1, 0, 0, 2, 1, 0, 0, 0, 1, 0, 0, 0, 0, 0, 1, 2, 0, 1, 3, 1, 0, 0, 0, 0],835.5178457988718,57567.40740638303,86513.12155945605,false
62,G1_CMAX,G1_CMAX,[31, 22, 42, 15, 26, 58, 95, 82, 77, 12, 47, 5, 93, 78, 98, 85, 54, 63, 18, 44, 20, 35, 43, 97, 91, 10, 30, 21, 61, 71, 64, 1, 23, 17, 83, 24, 50, 60, 36, 6, 57, 94, 88, 65, 56, 79, 40, 67, 68, 46, 75, 38, 9, 19, 32, 81, 41, 27, 62, 87, 90, 99, 59, 11, 16, 72, 73, 70, 39, 37, 84, 76, 3, 92, 25, 74, 28, 7, 51, 29, 33, 14, 86, 66, 89, 45, 80, 96, 53, 4, 48, 2, 55, 49, 0, 52, 13, 8, 69, 34]|[1, 1, 1, 1, 1, 1, 2, 1, 2, 1, 2, 0, 2, 1, 1, 0, 0, 1, 0, 2, 2, 2, 1, 2, 0, 2, 2, 0, 0, 1, 2, 1, 2, 1, 0, 2, 0, 1, 1, 0, 1, 1, 1, 0, 2, 1, 1, 0, 0, 0, 0, 1, 1, 2, 1, 2, 2, 0, 0, 2, 1, 0, 1, 2, 1, 2, 1, 1, 1, 1, 1, 1, 2, 1, 1, 2, 0, 0, 0, 0, 2, 1, 2, 0, 1, 0, 0, 0, 0, 0, 2, 0, 1, 0, 0, 1, 0, 1, 2, 2]|[4, 3, 2, 2, 0, 0, 1, 2, 1, 4, 1, 0, 2, 4, 4, 1, 1, 4, 2, 1, 1, 0, 1, 2, 1, 1, 1, 1, 1, 3, 2, 3, 0, 4, 0, 1, 1, 0, 3, 2, 2, 4, 0, 1, 1, 0, 2, 0, 1, 2, 2, 1, 4, 0, 3, 2, 1, 1, 2, 1, 3, 1, 1, 1, 3, 0, 4, 3, 1, 4, 1, 2, 1, 4, 4, 1, 2, 1, 1, 1, 1, 3, 1, 1, 1, 1, 1, 1, 2, 2, 0, 2, 4, 1, 2, 1, 2, 3, 1, 1]|[2, 2, 1, 1, 3, 3, 0, 1, 0, 0, 0, 1, 1, 0, 1, 0, 0, 3, 1, 0, 0, 0, 3, 1, 0, 0, 0, 0, 1, 0, 0, 0, 0, 3, 0, 1, 0, 0, 2, 1, 1, 2, 0, 0, 0, 0, 1, 1, 0, 0, 0, 1, 3, 0, 0, 1, 0, 0, 1, 0, 2, 0, 1, 0, 2, 1, 0, 0, 1, 1, 3, 2, 0, 0, 3, 0, 1, 0, 0, 0, 0, 0, 0, 0, 1, 0, 0, 0, 1, 1, 1, 0, 3, 1, 0, 1, 0, 2, 0, 0],701.9269445084548,58814.16448267554,96724.70889609086,false
62,G4_BALANCED,G4_BALANCED,[31, 22, 42, 15, 26, 58, 95, 82, 77, 12, 47, 5, 93, 78, 98, 54, 85, 63, 18, 44, 20, 35, 43, 97, 91, 76, 10, 30, 21, 45, 71, 64, 1, 23, 17, 83, 24, 61, 60, 36, 6, 57, 94, 88, 65, 56, 79, 40, 67, 68, 46, 75, 38, 9, 19, 32, 81, 41, 27, 62, 87, 90, 99, 59, 53, 16, 72, 73, 70, 39, 37, 84, 3, 92, 25, 55, 28, 29, 51, 7, 11, 14, 86, 66, 89, 50, 48, 96, 33, 80, 4, 8, 74, 49, 34, 52, 2, 0, 69, 13]|[1, 1, 0, 1, 1, 1, 2, 1, 2, 1, 2, 2, 2, 1, 1, 0, 0, 1, 0, 2, 2, 0, 1, 2, 0, 1, 2, 2, 0, 0, 1, 2, 1, 2, 1, 0, 2, 0, 1, 1, 0, 1, 1, 1, 0, 2, 1, 1, 0, 0, 0, 0, 1, 1, 2, 1, 2, 2, 0, 0, 2, 1, 0, 1, 2, 1, 2, 1, 1, 1, 1, 1, 2, 0, 1, 1, 0, 0, 0, 1, 0, 1, 0, 2, 1, 0, 0, 2, 2, 0, 1, 1, 2, 0, 2, 1, 0, 0, 1, 0]|[4, 3, 2, 2, 0, 0, 2, 2, 2, 4, 1, 1, 2, 4, 4, 1, 1, 4, 2, 1, 1, 1, 1, 2, 1, 2, 1, 1, 1, 1, 3, 2, 3, 0, 4, 0, 1, 1, 0, 3, 2, 2, 4, 0, 1, 1, 3, 2, 0, 1, 2, 2, 1, 4, 0, 3, 2, 1, 1, 2, 1, 3, 1, 1, 1, 3, 0, 4, 3, 1, 4, 1, 1, 2, 4, 4, 2, 1, 1, 3, 2, 3, 1, 1, 1, 1, 1, 1, 1, 1, 4, 3, 1, 1, 1, 1, 2, 2, 4, 2]|[0, 2, 1, 1, 3, 3, 0, 1, 0, 0, 0, 0, 1, 0, 1, 0, 0, 3, 1, 0, 0, 0, 3, 1, 0, 2, 0, 0, 0, 1, 0, 0, 0, 0, 3, 0, 1, 0, 0, 2, 1, 1, 2, 0, 0, 0, 0, 1, 1, 0, 0, 0, 1, 3, 0, 0, 1, 0, 0, 1, 0, 2, 0, 1, 0, 2, 1, 0, 0, 1, 1, 3, 0, 1, 3, 3, 1, 0, 0, 2, 1, 0, 0, 0, 1, 0, 0, 0, 0, 0, 0, 2, 0, 1, 0, 1, 0, 0, 2, 0],723.8563171257271,56799.68793028931,90835.78488551865,false
62,G2_TEC,G2_TEC,[20, 94, 66, 15, 26, 9, 95, 42, 77, 68, 47, 5, 3, 14, 86, 54, 85, 63, 18, 74, 31, 49, 36, 78, 44, 50, 53, 17, 21, 28, 11, 64, 93, 23, 30, 83, 24, 41, 40, 52, 65, 27, 90, 70, 39, 87, 48, 69, 99, 4, 46, 1, 13, 56, 97, 59, 45, 8, 73, 37, 35, 79, 71, 82, 76, 32, 60, 80, 58, 6, 67, 61, 33, 7, 57, 34, 12, 16, 10, 98, 96, 88, 43, 81, 91, 2, 84, 29, 38, 19, 51, 89, 75, 25, 72, 92, 22, 62, 55, 0]|[2, 1, 2, 1, 1, 2, 1, 1, 1, 1, 1, 0, 2, 2, 1, 2, 0, 0, 0, 2, 2, 1, 0, 2, 0, 2, 2, 1, 0, 1, 1, 1, 0, 0, 1, 0, 2, 1, 2, 2, 0, 0, 1, 1, 0, 2, 0, 2, 1, 0, 0, 2, 0, 2, 2, 0, 1, 1, 0, 0, 2, 1, 1, 2, 2, 0, 2, 2, 2, 1, 2, 1, 1, 2, 0, 1, 1, 2, 1, 2, 0, 1, 1, 1, 1, 0, 0, 1, 0, 1, 1, 1, 0, 1, 1, 0, 2, 1, 0, 0]|[1, 3, 1, 3, 4, 1, 4, 4, 4, 4, 3, 2, 1, 1, 2, 1, 1, 1, 2, 1, 1, 3, 0, 1, 0, 1, 1, 4, 1, 4, 3, 2, 2, 0, 4, 1, 1, 4, 1, 1, 2, 1, 4, 4, 1, 1, 0, 1, 3, 2, 2, 1, 2, 1, 1, 2, 4, 3, 0, 2, 1, 3, 3, 1, 1, 2, 1, 1, 1, 4, 1, 3, 4, 1, 2, 4, 3, 1, 3, 1, 2, 4, 4, 4, 3, 2, 2, 3, 2, 4, 3, 4, 2, 4, 4, 2, 1, 3, 2, 2]|[0, 2, 0, 0, 3, 0, 1, 3, 1, 0, 2, 0, 1, 0, 1, 0, 0, 0, 1, 0, 0, 2, 0, 0, 1, 0, 0, 3, 0, 1, 0, 2, 0, 0, 3, 0, 1, 1, 0, 0, 0, 0, 1, 3, 0, 0, 1, 0, 2, 0, 0, 0, 0, 0, 1, 0, 1, 0, 1, 1, 0, 2, 0, 0, 0, 0, 0, 0, 0, 2, 0, 0, 1, 0, 0, 1, 0, 0, 3, 0, 0, 1, 2, 2, 0, 0, 0, 3, 0, 1, 0, 1, 0, 3, 1, 0, 0, 0, 0, 0],916.442803653686,48100.947169548526,106478.50503569844,false
62,G3_TWC,G1_CMAX,[31, 22, 82, 15, 26, 58, 95, 42, 77, 12, 47, 5, 93, 78, 86, 54, 85, 63, 18, 44, 20, 35, 43, 97, 91, 76, 10, 30, 21, 45, 71, 64, 1, 23, 17, 83, 24, 14, 60, 36, 6, 57, 40, 88, 65, 56, 79, 94, 67, 68, 46, 29, 38, 9, 19, 32, 81, 41, 27, 87, 90, 62, 99, 59, 11, 16, 72, 73, 70, 39, 37, 84, 3, 92, 25, 55, 28, 75, 51, 7, 66, 61, 98, 8, 89, 50, 48, 96, 33, 80, 4, 53, 34, 74, 0, 52, 13, 2, 69, 49]|[1, 1, 0, 1, 1, 0, 2, 1, 2, 1, 2, 2, 2, 1, 1, 0, 0, 1, 0, 2, 2, 0, 1, 2, 0, 1, 2, 2, 0, 0, 1, 2, 1, 2, 1, 0, 2, 0, 1, 1, 0, 1, 1, 1, 0, 2, 1, 1, 0, 0, 0, 0, 1, 1, 2, 1, 2, 2, 0, 2, 1, 2, 0, 1, 2, 1, 2, 1, 1, 1, 1, 1, 2, 0, 1, 2, 0, 0, 0, 1, 2, 1, 1, 1, 1, 0, 0, 2, 2, 0, 1, 0, 2, 1, 0, 1, 0, 0, 1, 0]|[4, 3, 2, 2, 4, 1, 2, 2, 2, 4, 1, 1, 2, 4, 4, 1, 2, 4, 2, 1, 1, 1, 1, 2, 1, 2, 1, 1, 1, 1, 3, 1, 3, 1, 4, 0, 1, 1, 0, 3, 2, 2, 2, 0, 1, 1, 0, 4, 0, 1, 2, 2, 1, 4, 0, 3, 1, 1, 1, 1, 3, 1, 1, 1, 1, 3, 0, 4, 3, 1, 4, 1, 1, 2, 4, 1, 2, 2, 1, 3, 1, 3, 4, 3, 1, 1, 1, 1, 1, 1, 4, 2, 1, 4, 2, 1, 2, 2, 4, 1]|[0, 2, 1, 1, 3, 0, 0, 1, 0, 0, 0, 0, 1, 0, 1, 0, 0, 3, 1, 0, 0, 0, 3, 1, 0, 2, 0, 0, 0, 1, 0, 0, 0, 0, 3, 0, 1, 0, 0, 2, 1, 1, 1, 0, 0, 0, 0, 2, 1, 0, 0, 0, 1, 3, 0, 0, 0, 0, 0, 0, 2, 0, 0, 1, 0, 2, 1, 0, 0, 1, 1, 3, 0, 1, 3, 0, 1, 0, 0, 2, 0, 0, 1, 2, 1, 0, 0, 0, 0, 0, 0, 1, 0, 3, 0, 1, 0, 0, 2, 1],803.0240147467032,55154.477302042265,97622.02285488299,true
62,G1_CMAX,G1_CMAX,[31, 22, 42, 15, 26, 58, 95, 82, 77, 12, 47, 5, 93, 78, 98, 85, 54, 63, 18, 44, 20, 35, 43, 97, 91, 10, 30, 21, 61, 71, 64, 1, 23, 17, 83, 24, 50, 60, 36, 6, 57, 94, 88, 65, 56, 79, 40, 67, 68, 46, 75, 38, 9, 19, 32, 81, 41, 27, 62, 87, 90, 99, 59, 11, 16, 72, 73, 70, 39, 37, 84, 76, 3, 92, 25, 74, 28, 7, 51, 29, 33, 14, 86, 66, 89, 45, 80, 96, 53, 4, 48, 2, 55, 49, 0, 52, 13, 8, 69, 34]|[1, 1, 1, 1, 1, 1, 2, 1, 2, 1, 2, 0, 2, 1, 1, 0, 0, 1, 0, 2, 2, 2, 1, 2, 0, 2, 2, 0, 0, 1, 2, 1, 2, 1, 0, 2, 0, 1, 1, 0, 1, 1, 1, 0, 2, 1, 1, 0, 0, 0, 0, 1, 1, 2, 1, 2, 2, 0, 0, 2, 1, 0, 1, 2, 1, 2, 1, 1, 1, 1, 1, 1, 2, 1, 1, 2, 0, 0, 0, 0, 2, 1, 2, 0, 1, 0, 0, 0, 0, 0, 2, 0, 1, 0, 0, 1, 0, 1, 2, 2]|[4, 3, 2, 2, 0, 0, 1, 2, 1, 4, 1, 0, 2, 4, 4, 1, 1, 4, 2, 1, 1, 0, 1, 2, 1, 1, 1, 1, 1, 3, 2, 3, 0, 4, 0, 1, 1, 0, 3, 2, 2, 4, 0, 1, 1, 0, 2, 0, 1, 2, 2, 1, 4, 0, 3, 2, 1, 1, 2, 1, 3, 1, 1, 1, 3, 0, 4, 3, 1, 4, 1, 2, 1, 4, 4, 1, 2, 1, 1, 1, 1, 3, 1, 1, 1, 1, 1, 1, 2, 2, 0, 2, 4, 1, 2, 1, 2, 3, 1, 1]|[2, 2, 1, 1, 3, 3, 0, 1, 0, 0, 0, 1, 1, 0, 1, 0, 0, 3, 1, 0, 0, 0, 3, 1, 0, 0, 0, 0, 1, 0, 0, 0, 0, 3, 0, 1, 0, 0, 2, 1, 1, 2, 0, 0, 0, 0, 1, 1, 0, 0, 0, 1, 3, 0, 0, 1, 0, 0, 1, 0, 2, 0, 1, 0, 2, 1, 0, 0, 1, 1, 3, 2, 0, 0, 3, 0, 1, 0, 0, 0, 0, 0, 0, 0, 1, 0, 0, 0, 1, 1, 1, 0, 3, 1, 0, 1, 0, 2, 0, 0],701.9269445084548,58814.16448267554,96724.70889609086,false
62,G4_BALANCED,G4_BALANCED,[31, 22, 42, 15, 26, 58, 95, 82, 77, 12, 47, 5, 93, 78, 98, 54, 85, 63, 18, 44, 20, 35, 43, 97, 91, 76, 10, 30, 21, 45, 71, 64, 1, 23, 17, 83, 24, 61, 60, 36, 6, 57, 94, 88, 65, 56, 79, 40, 67, 68, 46, 75, 38, 9, 19, 32, 81, 41, 27, 62, 87, 90, 99, 59, 53, 16, 72, 73, 70, 39, 37, 84, 3, 92, 25, 55, 28, 29, 51, 7, 11, 14, 86, 66, 89, 50, 48, 96, 33, 80, 4, 8, 74, 49, 34, 52, 2, 0, 69, 13]|[1, 1, 0, 1, 1, 1, 2, 1, 2, 1, 2, 2, 2, 1, 1, 0, 0, 1, 0, 2, 2, 0, 1, 2, 0, 1, 2, 2, 0, 0, 1, 2, 1, 2, 1, 0, 2, 0, 1, 1, 0, 1, 1, 1, 0, 2, 1, 1, 0, 0, 0, 0, 1, 1, 2, 1, 2, 2, 0, 0, 2, 1, 0, 1, 2, 1, 2, 1, 1, 1, 1, 1, 2, 0, 1, 1, 0, 0, 0, 1, 0, 1, 0, 2, 1, 0, 0, 2, 2, 0, 1, 1, 2, 0, 2, 1, 0, 0, 1, 0]|[4, 3, 2, 2, 0, 0, 2, 2, 2, 4, 1, 1, 2, 4, 4, 1, 1, 4, 2, 1, 1, 1, 1, 2, 1, 2, 1, 1, 1, 1, 3, 2, 3, 0, 4, 0, 1, 1, 0, 3, 2, 2, 4, 0, 1, 1, 3, 2, 0, 1, 2, 2, 1, 4, 0, 3, 2, 1, 1, 2, 1, 3, 1, 1, 1, 3, 0, 4, 3, 1, 4, 1, 1, 2, 4, 4, 2, 1, 1, 3, 2, 3, 1, 1, 1, 1, 1, 1, 1, 1, 4, 3, 1, 1, 1, 1, 2, 2, 4, 2]|[0, 2, 1, 1, 3, 3, 0, 1, 0, 0, 0, 0, 1, 0, 1, 0, 0, 3, 1, 0, 0, 0, 3, 1, 0, 2, 0, 0, 0, 1, 0, 0, 0, 0, 3, 0, 1, 0, 0, 2, 1, 1, 2, 0, 0, 0, 0, 1, 1, 0, 0, 0, 1, 3, 0, 0, 1, 0, 0, 1, 0, 2, 0, 1, 0, 2, 1, 0, 0, 1, 1, 3, 0, 1, 3, 3, 1, 0, 0, 2, 1, 0, 0, 0, 1, 0, 0, 0, 0, 0, 0, 2, 0, 1, 0, 1, 0, 0, 2, 0],723.8563171257271,56799.68793028931,90835.78488551865,false
62,G2_TEC,G2_TEC,[20, 94, 66, 15, 26, 9, 95, 42, 77, 68, 47, 5, 3, 14, 86, 54, 85, 63, 18, 74, 31, 49, 36, 78, 44, 50, 53, 17, 21, 28, 11, 64, 93, 23, 30, 83, 24, 41, 40, 52, 65, 27, 90, 70, 39, 87, 48, 69, 99, 4, 46, 1, 13, 56, 97, 59, 45, 8, 73, 37, 35, 79, 71, 82, 76, 32, 60, 80, 58, 6, 67, 61, 33, 7, 57, 34, 12, 16, 10, 98, 96, 88, 43, 81, 91, 2, 84, 29, 38, 19, 51, 89, 75, 25, 72, 92, 22, 62, 55, 0]|[2, 1, 2, 1, 1, 2, 1, 1, 1, 1, 1, 0, 2, 2, 1, 2, 0, 0, 0, 2, 2, 1, 0, 2, 0, 2, 2, 1, 0, 1, 1, 1, 0, 0, 1, 0, 2, 1, 2, 2, 0, 0, 1, 1, 0, 2, 0, 2, 1, 0, 0, 2, 0, 2, 2, 0, 1, 1, 0, 0, 2, 1, 1, 2, 2, 0, 2, 2, 2, 1, 2, 1, 1, 2, 0, 1, 1, 2, 1, 2, 0, 1, 1, 1, 1, 0, 0, 1, 0, 1, 1, 1, 0, 1, 1, 0, 2, 1, 0, 0]|[1, 3, 1, 3, 4, 1, 4, 4, 4, 4, 3, 2, 1, 1, 2, 1, 1, 1, 2, 1, 1, 3, 0, 1, 0, 1, 1, 4, 1, 4, 3, 2, 2, 0, 4, 1, 1, 4, 1, 1, 2, 1, 4, 4, 1, 1, 0, 1, 3, 2, 2, 1, 2, 1, 1, 2, 4, 3, 0, 2, 1, 3, 3, 1, 1, 2, 1, 1, 1, 4, 1, 3, 4, 1, 2, 4, 3, 1, 3, 1, 2, 4, 4, 4, 3, 2, 2, 3, 2, 4, 3, 4, 2, 4, 4, 2, 1, 3, 2, 2]|[0, 2, 0, 0, 3, 0, 1, 3, 1, 0, 2, 0, 1, 0, 1, 0, 0, 0, 1, 0, 0, 2, 0, 0, 1, 0, 0, 3, 0, 1, 0, 2, 0, 0, 3, 0, 1, 1, 0, 0, 0, 0, 1, 3, 0, 0, 1, 0, 2, 0, 0, 0, 0, 0, 1, 0, 1, 0, 1, 1, 0, 2, 0, 0, 0, 0, 0, 0, 0, 2, 0, 0, 1, 0, 0, 1, 0, 0, 3, 0, 0, 1, 2, 2, 0, 0, 0, 3, 0, 1, 0, 1, 0, 3, 1, 0, 0, 0, 0, 0],916.442803653686,48100.947169548526,106478.50503569844,false
62,G3_TWC,G4_BALANCED,[31, 22, 82, 15, 26, 58, 95, 42, 77, 12, 47, 5, 93, 78, 86, 54, 85, 63, 18, 72, 20, 35, 43, 97, 91, 76, 10, 30, 21, 45, 71, 64, 1, 23, 17, 83, 24, 14, 60, 36, 6, 57, 40, 88, 65, 56, 79, 94, 67, 41, 68, 75, 38, 9, 19, 32, 81, 46, 27, 62, 87, 90, 99, 59, 11, 16, 44, 73, 70, 39, 37, 84, 3, 92, 25, 55, 28, 29, 51, 7, 66, 61, 98, 48, 89, 50, 4, 96, 53, 80, 8, 33, 34, 2, 52, 13, 0, 69, 74, 49]|[1, 1, 0, 1, 1, 0, 1, 1, 2, 1, 2, 2, 2, 1, 1, 0, 0, 1, 0, 2, 2, 0, 0, 2, 0, 1, 2, 2, 0, 0, 1, 2, 1, 2, 1, 0, 2, 0, 1, 1, 0, 1, 1, 1, 0, 2, 1, 1, 0, 0, 0, 0, 1, 1, 2, 1, 2, 0, 0, 2, 2, 1, 1, 2, 2, 1, 2, 1, 1, 1, 1, 1, 1, 0, 1, 2, 0, 0, 0, 1, 2, 1, 2, 0, 1, 0, 1, 2, 0, 0, 1, 2, 2, 0, 1, 0, 0, 1, 2, 0]|[4, 3, 2, 2, 4, 1, 2, 3, 2, 4, 1, 1, 2, 4, 4, 1, 2, 4, 2, 1, 1, 1, 1, 2, 1, 2, 1, 1, 2, 1, 3, 2, 3, 1, 4, 0, 1, 1, 0, 3, 2, 2, 2, 0, 1, 1, 0, 4, 0, 1, 2, 2, 1, 4, 0, 3, 2, 1, 1, 1, 1, 3, 1, 1, 1, 3, 1, 4, 3, 1, 4, 1, 1, 0, 4, 1, 2, 1, 1, 1, 1, 3, 1, 1, 1, 1, 4, 1, 2, 1, 3, 1, 1, 2, 1, 2, 2, 4, 1, 1]|[0, 2, 1, 1, 3, 0, 1, 3, 0, 0, 0, 0, 1, 0, 1, 0, 0, 3, 1, 0, 0, 0, 0, 1, 0, 2, 0, 0, 0, 1, 0, 0, 0, 0, 3, 0, 1, 0, 0, 2, 1, 1, 1, 0, 0, 0, 0, 2, 1, 0, 0, 0, 1, 3, 0, 0, 1, 0, 0, 0, 0, 2, 1, 0, 0, 2, 0, 0, 0, 1, 1, 3, 1, 1, 3, 0, 1, 0, 0, 2, 0, 0, 0, 0, 1, 0, 0, 0, 1, 0, 2, 0, 0, 0, 1, 0, 0, 2, 0, 1],768.4240206329376,55583.744981747914,94915.74988971672,true
62,G1_CMAX,G1_CMAX,[31, 22, 42, 15, 26, 58, 95, 82, 77, 12, 47, 5, 93, 78, 98, 85, 54, 63, 18, 44, 20, 35, 43, 97, 91, 10, 30, 21, 61, 71, 64, 1, 23, 17, 83, 24, 50, 60, 36, 6, 57, 94, 88, 65, 56, 79, 40, 67, 68, 46, 75, 38, 9, 19, 32, 81, 41, 27, 62, 87, 90, 99, 59, 11, 16, 72, 73, 70, 39, 37, 84, 76, 3, 92, 25, 74, 28, 7, 51, 29, 33, 14, 86, 66, 89, 45, 80, 96, 53, 4, 48, 2, 55, 49, 0, 52, 13, 8, 69, 34]|[1, 1, 1, 1, 1, 1, 2, 1, 2, 1, 2, 0, 2, 1, 1, 0, 0, 1, 0, 2, 2, 2, 1, 2, 0, 2, 2, 0, 0, 1, 2, 1, 2, 1, 0, 2, 0, 1, 1, 0, 1, 1, 1, 0, 2, 1, 1, 0, 0, 0, 0, 1, 1, 2, 1, 2, 2, 0, 0, 2, 1, 0, 1, 2, 1, 2, 1, 1, 1, 1, 1, 1, 2, 1, 1, 2, 0, 0, 0, 0, 2, 1, 2, 0, 1, 0, 0, 0, 0, 0, 2, 0, 1, 0, 0, 1, 0, 1, 2, 2]|[4, 3, 2, 2, 0, 0, 1, 2, 1, 4, 1, 0, 2, 4, 4, 1, 1, 4, 2, 1, 1, 0, 1, 2, 1, 1, 1, 1, 1, 3, 2, 3, 0, 4, 0, 1, 1, 0, 3, 2, 2, 4, 0, 1, 1, 0, 2, 0, 1, 2, 2, 1, 4, 0, 3, 2, 1, 1, 2, 1, 3, 1, 1, 1, 3, 0, 4, 3, 1, 4, 1, 2, 1, 4, 4, 1, 2, 1, 1, 1, 1, 3, 1, 1, 1, 1, 1, 1, 2, 2, 0, 2, 4, 1, 2, 1, 2, 3, 1, 1]|[2, 2, 1, 1, 3, 3, 0, 1, 0, 0, 0, 1, 1, 0, 1, 0, 0, 3, 1, 0, 0, 0, 3, 1, 0, 0, 0, 0, 1, 0, 0, 0, 0, 3, 0, 1, 0, 0, 2, 1, 1, 2, 0, 0, 0, 0, 1, 1, 0, 0, 0, 1, 3, 0, 0, 1, 0, 0, 1, 0, 2, 0, 1, 0, 2, 1, 0, 0, 1, 1, 3, 2, 0, 0, 3, 0, 1, 0, 0, 0, 0, 0, 0, 0, 1, 0, 0, 0, 1, 1, 1, 0, 3, 1, 0, 1, 0, 2, 0, 0],701.9269445084548,58814.16448267554,96724.70889609086,false
62,G4_BALANCED,G4_BALANCED,[31, 22, 42, 15, 26, 58, 95, 82, 77, 12, 47, 5, 93, 78, 98, 54, 85, 63, 18, 44, 20, 35, 43, 97, 91, 76, 10, 30, 21, 45, 71, 64, 1, 23, 17, 83, 24, 61, 60, 36, 6, 57, 94, 88, 65, 56, 79, 40, 67, 68, 46, 75, 38, 9, 19, 32, 81, 41, 27, 62, 87, 90, 99, 59, 53, 16, 72, 73, 70, 39, 37, 84, 3, 92, 25, 55, 28, 29, 51, 7, 11, 14, 86, 66, 89, 50, 48, 96, 33, 80, 4, 8, 74, 49, 34, 52, 2, 0, 69, 13]|[1, 1, 0, 1, 1, 1, 2, 1, 2, 1, 2, 2, 2, 1, 1, 0, 0, 1, 0, 2, 2, 0, 1, 2, 0, 1, 2, 2, 0, 0, 1, 2, 1, 2, 1, 0, 2, 0, 1, 1, 0, 1, 1, 1, 0, 2, 1, 1, 0, 0, 0, 0, 1, 1, 2, 1, 2, 2, 0, 0, 2, 1, 0, 1, 2, 1, 2, 1, 1, 1, 1, 1, 2, 0, 1, 1, 0, 0, 0, 1, 0, 1, 0, 2, 1, 0, 0, 2, 2, 0, 1, 1, 2, 0, 2, 1, 0, 0, 1, 0]|[4, 3, 2, 2, 0, 0, 2, 2, 2, 4, 1, 1, 2, 4, 4, 1, 1, 4, 2, 1, 1, 1, 1, 2, 1, 2, 1, 1, 1, 1, 3, 2, 3, 0, 4, 0, 1, 1, 0, 3, 2, 2, 4, 0, 1, 1, 3, 2, 0, 1, 2, 2, 1, 4, 0, 3, 2, 1, 1, 2, 1, 3, 1, 1, 1, 3, 0, 4, 3, 1, 4, 1, 1, 2, 4, 4, 2, 1, 1, 3, 2, 3, 1, 1, 1, 1, 1, 1, 1, 1, 4, 3, 1, 1, 1, 1, 2, 2, 4, 2]|[0, 2, 1, 1, 3, 3, 0, 1, 0, 0, 0, 0, 1, 0, 1, 0, 0, 3, 1, 0, 0, 0, 3, 1, 0, 2, 0, 0, 0, 1, 0, 0, 0, 0, 3, 0, 1, 0, 0, 2, 1, 1, 2, 0, 0, 0, 0, 1, 1, 0, 0, 0, 1, 3, 0, 0, 1, 0, 0, 1, 0, 2, 0, 1, 0, 2, 1, 0, 0, 1, 1, 3, 0, 1, 3, 3, 1, 0, 0, 2, 1, 0, 0, 0, 1, 0, 0, 0, 0, 0, 0, 2, 0, 1, 0, 1, 0, 0, 2, 0],723.8563171257271,56799.68793028931,90835.78488551865,false
62,G2_TEC,G2_TEC,[20, 94, 66, 15, 26, 9, 95, 42, 77, 68, 47, 5, 3, 14, 86, 54, 85, 63, 18, 74, 31, 49, 36, 78, 44, 50, 53, 17, 21, 28, 11, 64, 93, 23, 30, 83, 24, 41, 40, 52, 65, 27, 90, 70, 39, 87, 48, 69, 99, 4, 46, 1, 13, 56, 97, 59, 45, 8, 73, 37, 35, 79, 71, 82, 76, 32, 60, 80, 58, 6, 67, 61, 33, 7, 57, 34, 12, 16, 10, 98, 96, 88, 43, 81, 91, 2, 84, 29, 38, 19, 51, 89, 75, 25, 72, 92, 22, 62, 55, 0]|[2, 1, 2, 1, 1, 2, 1, 1, 1, 1, 1, 0, 2, 2, 1, 2, 0, 0, 0, 2, 2, 1, 0, 2, 0, 2, 2, 1, 0, 1, 1, 1, 0, 0, 1, 0, 2, 1, 2, 2, 0, 0, 1, 1, 0, 2, 0, 2, 1, 0, 0, 2, 0, 2, 2, 0, 1, 1, 0, 0, 2, 1, 1, 2, 2, 0, 2, 2, 2, 1, 2, 1, 1, 2, 0, 1, 1, 2, 1, 2, 0, 1, 1, 1, 1, 0, 0, 1, 0, 1, 1, 1, 0, 1, 1, 0, 2, 1, 0, 0]|[1, 3, 1, 3, 4, 1, 4, 4, 4, 4, 3, 2, 1, 1, 2, 1, 1, 1, 2, 1, 1, 3, 0, 1, 0, 1, 1, 4, 1, 4, 3, 2, 2, 0, 4, 1, 1, 4, 1, 1, 2, 1, 4, 4, 1, 1, 0, 1, 3, 2, 2, 1, 2, 1, 1, 2, 4, 3, 0, 2, 1, 3, 3, 1, 1, 2, 1, 1, 1, 4, 1, 3, 4, 1, 2, 4, 3, 1, 3, 1, 2, 4, 4, 4, 3, 2, 2, 3, 2, 4, 3, 4, 2, 4, 4, 2, 1, 3, 2, 2]|[0, 2, 0, 0, 3, 0, 1, 3, 1, 0, 2, 0, 1, 0, 1, 0, 0, 0, 1, 0, 0, 2, 0, 0, 1, 0, 0, 3, 0, 1, 0, 2, 0, 0, 3, 0, 1, 1, 0, 0, 0, 0, 1, 3, 0, 0, 1, 0, 2, 0, 0, 0, 0, 0, 1, 0, 1, 0, 1, 1, 0, 2, 0, 0, 0, 0, 0, 0, 0, 2, 0, 0, 1, 0, 0, 1, 0, 0, 3, 0, 0, 1, 2, 2, 0, 0, 0, 3, 0, 1, 0, 1, 0, 3, 1, 0, 0, 0, 0, 0],916.442803653686,48100.947169548526,106478.50503569844,false
62,G3_TWC,G3_TWC,[31, 22, 42, 15, 26, 58, 95, 82, 77, 12, 47, 5, 93, 78, 98, 54, 85, 63, 18, 44, 20, 35, 43, 97, 91, 76, 10, 30, 21, 45, 71, 64, 1, 23, 17, 83, 24, 61, 60, 49, 6, 57, 94, 88, 65, 56, 79, 40, 67, 68, 46, 75, 38, 9, 19, 32, 81, 41, 27, 62, 87, 90, 99, 59, 53, 16, 72, 73, 70, 39, 37, 84, 3, 92, 25, 74, 28, 0, 51, 50, 11, 14, 86, 48, 89, 7, 66, 96, 33, 80, 4, 8, 55, 36, 34, 2, 13, 52, 69, 29]|[1, 1, 0, 1, 1, 1, 2, 1, 2, 1, 2, 2, 2, 1, 1, 0, 0, 1, 0, 2, 2, 0, 1, 2, 0, 1, 2, 2, 0, 0, 1, 2, 1, 0, 1, 0, 2, 0, 1, 1, 0, 1, 1, 1, 0, 2, 1, 1, 0, 0, 0, 0, 1, 1, 2, 1, 2, 0, 0, 0, 2, 1, 0, 1, 0, 1, 2, 1, 1, 1, 1, 1, 2, 0, 1, 1, 0, 0, 0, 1, 2, 1, 0, 0, 1, 1, 0, 2, 2, 0, 0, 1, 1, 0, 2, 0, 0, 1, 1, 0]|[4, 3, 2, 2, 0, 0, 2, 2, 2, 4, 1, 1, 2, 4, 4, 1, 1, 4, 2, 1, 1, 1, 1, 2, 1, 2, 1, 1, 1, 1, 3, 2, 3, 0, 4, 0, 1, 1, 0, 3, 2, 2, 4, 0, 1, 1, 3, 2, 0, 1, 2, 2, 1, 4, 0, 3, 2, 1, 1, 2, 1, 3, 1, 1, 2, 3, 0, 4, 3, 1, 4, 1, 1, 2, 4, 4, 2, 1, 1, 3, 1, 3, 1, 1, 1, 3, 1, 1, 1, 1, 2, 3, 4, 1, 1, 2, 2, 1, 3, 2]|[0, 2, 1, 1, 3, 3, 0, 1, 0, 0, 0, 0, 1, 0, 1, 0, 0, 3, 1, 0, 0, 0, 3, 1, 0, 2, 0, 0, 0, 1, 0, 0, 0, 0, 3, 0, 1, 0, 0, 2, 1, 1, 2, 0, 0, 0, 0, 1, 1, 0, 0, 0, 1, 3, 0, 0, 1, 0, 0, 1, 0, 2, 0, 1, 1, 2, 1, 0, 0, 1, 1, 3, 0, 1, 3, 3, 1, 0, 0, 2, 0, 0, 0, 0, 1, 2, 0, 0, 0, 0, 1, 2, 3, 1, 0, 0, 0, 1, 0, 0],771.623330458573,57490.61701591934,87894.930479588,false
62,G1_CMAX,G1_CMAX,[31, 22, 42, 15, 26, 58, 95, 82, 77, 12, 47, 5, 93, 78, 98, 85, 54, 63, 18, 44, 20, 35, 43, 97, 91, 10, 30, 21, 61, 71, 64, 1, 23, 17, 83, 24, 50, 60, 36, 6, 57, 94, 88, 65, 56, 79, 40, 67, 68, 46, 75, 38, 9, 19, 32, 81, 41, 27, 62, 87, 90, 99, 59, 11, 16, 72, 73, 70, 39, 37, 84, 76, 3, 92, 25, 74, 28, 7, 51, 29, 33, 14, 86, 66, 89, 45, 80, 96, 53, 4, 48, 2, 55, 49, 0, 52, 13, 8, 69, 34]|[1, 1, 1, 1, 1, 1, 2, 1, 2, 1, 2, 0, 2, 1, 1, 0, 0, 1, 0, 2, 2, 2, 1, 2, 0, 2, 2, 0, 0, 1, 2, 1, 2, 1, 0, 2, 0, 1, 1, 0, 1, 1, 1, 0, 2, 1, 1, 0, 0, 0, 0, 1, 1, 2, 1, 2, 2, 0, 0, 2, 1, 0, 1, 2, 1, 2, 1, 1, 1, 1, 1, 1, 2, 1, 1, 2, 0, 0, 0, 0, 2, 1, 2, 0, 1, 0, 0, 0, 0, 0, 2, 0, 1, 0, 0, 1, 0, 1, 2, 2]|[4, 3, 2, 2, 0, 0, 1, 2, 1, 4, 1, 0, 2, 4, 4, 1, 1, 4, 2, 1, 1, 0, 1, 2, 1, 1, 1, 1, 1, 3, 2, 3, 0, 4, 0, 1, 1, 0, 3, 2, 2, 4, 0, 1, 1, 0, 2, 0, 1, 2, 2, 1, 4, 0, 3, 2, 1, 1, 2, 1, 3, 1, 1, 1, 3, 0, 4, 3, 1, 4, 1, 2, 1, 4, 4, 1, 2, 1, 1, 1, 1, 3, 1, 1, 1, 1, 1, 1, 2, 2, 0, 2, 4, 1, 2, 1, 2, 3, 1, 1]|[2, 2, 1, 1, 3, 3, 0, 1, 0, 0, 0, 1, 1, 0, 1, 0, 0, 3, 1, 0, 0, 0, 3, 1, 0, 0, 0, 0, 1, 0, 0, 0, 0, 3, 0, 1, 0, 0, 2, 1, 1, 2, 0, 0, 0, 0, 1, 1, 0, 0, 0, 1, 3, 0, 0, 1, 0, 0, 1, 0, 2, 0, 1, 0, 2, 1, 0, 0, 1, 1, 3, 2, 0, 0, 3, 0, 1, 0, 0, 0, 0, 0, 0, 0, 1, 0, 0, 0, 1, 1, 1, 0, 3, 1, 0, 1, 0, 2, 0, 0],701.9269445084548,58814.16448267554,96724.70889609086,false
62,G4_BALANCED,G4_BALANCED,[31, 22, 42, 15, 26, 58, 95, 82, 77, 12, 47, 5, 93, 78, 98, 54, 85, 63, 18, 44, 20, 35, 43, 97, 91, 76, 10, 30, 21, 45, 71, 64, 1, 23, 17, 83, 24, 61, 60, 36, 6, 57, 94, 88, 65, 56, 79, 40, 67, 68, 46, 75, 38, 9, 19, 32, 81, 41, 27, 62, 87, 90, 99, 59, 53, 16, 72, 73, 70, 39, 37, 84, 3, 92, 25, 55, 28, 29, 51, 7, 11, 14, 86, 66, 89, 50, 48, 96, 33, 80, 4, 8, 74, 49, 34, 52, 2, 0, 69, 13]|[1, 1, 0, 1, 1, 1, 2, 1, 2, 1, 2, 2, 2, 1, 1, 0, 0, 1, 0, 2, 2, 0, 1, 2, 0, 1, 2, 2, 0, 0, 1, 2, 1, 2, 1, 0, 2, 0, 1, 1, 0, 1, 1, 1, 0, 2, 1, 1, 0, 0, 0, 0, 1, 1, 2, 1, 2, 2, 0, 0, 2, 1, 0, 1, 2, 1, 2, 1, 1, 1, 1, 1, 2, 0, 1, 1, 0, 0, 0, 1, 0, 1, 0, 2, 1, 0, 0, 2, 2, 0, 1, 1, 2, 0, 2, 1, 0, 0, 1, 0]|[4, 3, 2, 2, 0, 0, 2, 2, 2, 4, 1, 1, 2, 4, 4, 1, 1, 4, 2, 1, 1, 1, 1, 2, 1, 2, 1, 1, 1, 1, 3, 2, 3, 0, 4, 0, 1, 1, 0, 3, 2, 2, 4, 0, 1, 1, 3, 2, 0, 1, 2, 2, 1, 4, 0, 3, 2, 1, 1, 2, 1, 3, 1, 1, 1, 3, 0, 4, 3, 1, 4, 1, 1, 2, 4, 4, 2, 1, 1, 3, 2, 3, 1, 1, 1, 1, 1, 1, 1, 1, 4, 3, 1, 1, 1, 1, 2, 2, 4, 2]|[0, 2, 1, 1, 3, 3, 0, 1, 0, 0, 0, 0, 1, 0, 1, 0, 0, 3, 1, 0, 0, 0, 3, 1, 0, 2, 0, 0, 0, 1, 0, 0, 0, 0, 3, 0, 1, 0, 0, 2, 1, 1, 2, 0, 0, 0, 0, 1, 1, 0, 0, 0, 1, 3, 0, 0, 1, 0, 0, 1, 0, 2, 0, 1, 0, 2, 1, 0, 0, 1, 1, 3, 0, 1, 3, 3, 1, 0, 0, 2, 1, 0, 0, 0, 1, 0, 0, 0, 0, 0, 0, 2, 0, 1, 0, 1, 0, 0, 2, 0],723.8563171257271,56799.68793028931,90835.78488551865,false
62,G2_TEC,G2_TEC,[20, 94, 66, 15, 26, 9, 95, 42, 77, 68, 47, 5, 3, 14, 86, 54, 85, 63, 18, 74, 31, 49, 36, 78, 44, 50, 53, 17, 21, 28, 11, 64, 93, 23, 30, 83, 24, 41, 40, 52, 65, 27, 90, 70, 39, 87, 48, 69, 99, 4, 46, 1, 13, 56, 97, 59, 45, 8, 73, 37, 35, 79, 71, 82, 76, 32, 60, 80, 58, 6, 67, 61, 33, 7, 57, 34, 12, 16, 10, 98, 96, 88, 43, 81, 91, 2, 84, 29, 38, 19, 51, 89, 75, 25, 72, 92, 22, 62, 55, 0]|[2, 1, 2, 1, 1, 2, 1, 1, 1, 1, 1, 0, 2, 2, 1, 2, 0, 0, 0, 2, 2, 1, 0, 2, 0, 2, 2, 1, 0, 1, 1, 1, 0, 0, 1, 0, 2, 1, 2, 2, 0, 0, 1, 1, 0, 2, 0, 2, 1, 0, 0, 2, 0, 2, 2, 0, 1, 1, 0, 0, 2, 1, 1, 2, 2, 0, 2, 2, 2, 1, 2, 1, 1, 2, 0, 1, 1, 2, 1, 2, 0, 1, 1, 1, 1, 0, 0, 1, 0, 1, 1, 1, 0, 1, 1, 0, 2, 1, 0, 0]|[1, 3, 1, 3, 4, 1, 4, 4, 4, 4, 3, 2, 1, 1, 2, 1, 1, 1, 2, 1, 1, 3, 0, 1, 0, 1, 1, 4, 1, 4, 3, 2, 2, 0, 4, 1, 1, 4, 1, 1, 2, 1, 4, 4, 1, 1, 0, 1, 3, 2, 2, 1, 2, 1, 1, 2, 4, 3, 0, 2, 1, 3, 3, 1, 1, 2, 1, 1, 1, 4, 1, 3, 4, 1, 2, 4, 3, 1, 3, 1, 2, 4, 4, 4, 3, 2, 2, 3, 2, 4, 3, 4, 2, 4, 4, 2, 1, 3, 2, 2]|[0, 2, 0, 0, 3, 0, 1, 3, 1, 0, 2, 0, 1, 0, 1, 0, 0, 0, 1, 0, 0, 2, 0, 0, 1, 0, 0, 3, 0, 1, 0, 2, 0, 0, 3, 0, 1, 1, 0, 0, 0, 0, 1, 3, 0, 0, 1, 0, 2, 0, 0, 0, 0, 0, 1, 0, 1, 0, 1, 1, 0, 2, 0, 0, 0, 0, 0, 0, 0, 2, 0, 0, 1, 0, 0, 1, 0, 0, 3, 0, 0, 1, 2, 2, 0, 0, 0, 3, 0, 1, 0, 1, 0, 3, 1, 0, 0, 0, 0, 0],916.442803653686,48100.947169548526,106478.50503569844,false
62,G3_TWC,G3_TWC,[31, 22, 42, 15, 26, 58, 95, 82, 77, 12, 47, 5, 93, 78, 98, 54, 85, 63, 18, 44, 20, 35, 43, 97, 91, 76, 10, 30, 21, 45, 71, 64, 1, 23, 17, 83, 24, 61, 60, 36, 6, 57, 94, 88, 65, 56, 79, 40, 67, 68, 46, 75, 38, 9, 19, 32, 81, 41, 27, 62, 87, 90, 99, 59, 11, 16, 72, 73, 70, 39, 37, 84, 3, 92, 25, 74, 28, 29, 51, 7, 33, 14, 86, 48, 89, 50, 66, 96, 53, 80, 4, 8, 0, 49, 55, 52, 13, 2, 69, 34]|[1, 1, 0, 1, 1, 1, 2, 1, 2, 1, 2, 2, 2, 1, 1, 0, 0, 1, 0, 2, 2, 0, 1, 2, 0, 1, 2, 2, 0, 0, 1, 2, 1, 2, 1, 0, 2, 0, 1, 1, 0, 1, 1, 1, 0, 2, 1, 1, 0, 0, 0, 0, 1, 1, 2, 1, 2, 2, 0, 0, 2, 1, 0, 1, 2, 1, 2, 1, 1, 1, 1, 1, 2, 1, 1, 2, 0, 0, 0, 1, 2, 0, 2, 2, 1, 0, 0, 0, 0, 0, 0, 1, 0, 0, 1, 1, 0, 0, 1, 2]|[4, 3, 2, 2, 0, 0, 2, 2, 2, 4, 1, 1, 2, 4, 4, 1, 1, 4, 2, 1, 1, 1, 1, 2, 1, 2, 1, 1, 1, 1, 3, 2, 3, 0, 4, 0, 1, 1, 0, 3, 2, 2, 4, 0, 1, 1, 3, 2, 0, 1, 2, 2, 1, 4, 0, 3, 2, 1, 1, 2, 1, 3, 1, 1, 1, 3, 0, 4, 3, 1, 4, 1, 1, 4, 4, 1, 2, 1, 1, 3, 1, 1, 1, 1, 1, 1, 2, 1, 2, 1, 2, 3, 2, 1, 4, 1, 2, 2, 3, 1]|[0, 2, 1, 1, 3, 3, 0, 1, 0, 0, 0, 0, 1, 0, 1, 0, 0, 3, 1, 0, 0, 0, 3, 1, 0, 2, 0, 0, 0, 0, 0, 0, 0, 0, 3, 0, 1, 0, 0, 2, 1, 1, 2, 0, 0, 0, 0, 1, 1, 0, 0, 0, 1, 3, 0, 0, 1, 0, 0, 1, 0, 2, 0, 1, 0, 2, 1, 0, 0, 1, 1, 3, 0, 0, 3, 0, 1, 0, 0, 2, 0, 0, 0, 0, 1, 0, 1, 0, 1, 0, 1, 2, 0, 1, 3, 1, 0, 0, 0, 0],751.315828230414,56739.97720692375,90505.64014474844,false
62,G1_CMAX,G1_CMAX,[31, 22, 42, 15, 26, 58, 95, 82, 77, 12, 47, 5, 93, 78, 98, 85, 54, 63, 18, 44, 20, 35, 43, 97, 91, 10, 30, 21, 61, 71, 64, 1, 23, 17, 83, 24, 50, 60, 36, 6, 57, 94, 88, 65, 56, 79, 40, 67, 68, 46, 75, 38, 9, 19, 32, 81, 41, 27, 62, 87, 90, 99, 59, 11, 16, 72, 73, 70, 39, 37, 84, 76, 3, 92, 25, 74, 28, 7, 51, 29, 33, 14, 86, 66, 89, 45, 80, 96, 53, 4, 48, 2, 55, 49, 0, 52, 13, 8, 69, 34]|[1, 1, 1, 1, 1, 1, 2, 1, 2, 1, 2, 0, 2, 1, 1, 0, 0, 1, 0, 2, 2, 2, 1, 2, 0, 2, 2, 0, 0, 1, 2, 1, 2, 1, 0, 2, 0, 1, 1, 0, 1, 1, 1, 0, 2, 1, 1, 0, 0, 0, 0, 1, 1, 2, 1, 2, 2, 0, 0, 2, 1, 0, 1, 2, 1, 2, 1, 1, 1, 1, 1, 1, 2, 1, 1, 2, 0, 0, 0, 0, 2, 1, 2, 0, 1, 0, 0, 0, 0, 0, 2, 0, 1, 0, 0, 1, 0, 1, 2, 2]|[4, 3, 2, 2, 0, 0, 1, 2, 1, 4, 1, 0, 2, 4, 4, 1, 1, 4, 2, 1, 1, 0, 1, 2, 1, 1, 1, 1, 1, 3, 2, 3, 0, 4, 0, 1, 1, 0, 3, 2, 2, 4, 0, 1, 1, 0, 2, 0, 1, 2, 2, 1, 4, 0, 3, 2, 1, 1, 2, 1, 3, 1, 1, 1, 3, 0, 4, 3, 1, 4, 1, 2, 1, 4, 4, 1, 2, 1, 1, 1, 1, 3, 1, 1, 1, 1, 1, 1, 2, 2, 0, 2, 4, 1, 2, 1, 2, 3, 1, 1]|[2, 2, 1, 1, 3, 3, 0, 1, 0, 0, 0, 1, 1, 0, 1, 0, 0, 3, 1, 0, 0, 0, 3, 1, 0, 0, 0, 0, 1, 0, 0, 0, 0, 3, 0, 1, 0, 0, 2, 1, 1, 2, 0, 0, 0, 0, 1, 1, 0, 0, 0, 1, 3, 0, 0, 1, 0, 0, 1, 0, 2, 0, 1, 0, 2, 1, 0, 0, 1, 1, 3, 2, 0, 0, 3, 0, 1, 0, 0, 0, 0, 0, 0, 0, 1, 0, 0, 0, 1, 1, 1, 0, 3, 1, 0, 1, 0, 2, 0, 0],701.9269445084548,58814.16448267554,96724.70889609086,false
62,G4_BALANCED,G4_BALANCED,[31, 22, 42, 15, 26, 58, 95, 82, 77, 12, 47, 5, 93, 78, 98, 54, 85, 63, 18, 44, 20, 35, 43, 97, 91, 76, 10, 30, 21, 45, 71, 64, 1, 23, 17, 83, 24, 61, 60, 36, 6, 57, 94, 88, 65, 56, 79, 40, 67, 68, 46, 75, 38, 9, 19, 32, 81, 41, 27, 62, 87, 90, 99, 59, 53, 16, 72, 73, 70, 39, 37, 84, 3, 92, 25, 55, 28, 29, 51, 7, 11, 14, 86, 66, 89, 50, 48, 96, 33, 80, 4, 8, 74, 49, 34, 52, 2, 0, 69, 13]|[1, 1, 0, 1, 1, 1, 2, 1, 2, 1, 2, 2, 2, 1, 1, 0, 0, 1, 0, 2, 2, 0, 1, 2, 0, 1, 2, 2, 0, 0, 1, 2, 1, 2, 1, 0, 2, 0, 1, 1, 0, 1, 1, 1, 0, 2, 1, 1, 0, 0, 0, 0, 1, 1, 2, 1, 2, 2, 0, 0, 2, 1, 0, 1, 2, 1, 2, 1, 1, 1, 1, 1, 2, 0, 1, 1, 0, 0, 0, 1, 0, 1, 0, 2, 1, 0, 0, 2, 2, 0, 1, 1, 2, 0, 2, 1, 0, 0, 1, 0]|[4, 3, 2, 2, 0, 0, 2, 2, 2, 4, 1, 1, 2, 4, 4, 1, 1, 4, 2, 1, 1, 1, 1, 2, 1, 2, 1, 1, 1, 1, 3, 2, 3, 0, 4, 0, 1, 1, 0, 3, 2, 2, 4, 0, 1, 1, 3, 2, 0, 1, 2, 2, 1, 4, 0, 3, 2, 1, 1, 2, 1, 3, 1, 1, 1, 3, 0, 4, 3, 1, 4, 1, 1, 2, 4, 4, 2, 1, 1, 3, 2, 3, 1, 1, 1, 1, 1, 1, 1, 1, 4, 3, 1, 1, 1, 1, 2, 2, 4, 2]|[0, 2, 1, 1, 3, 3, 0, 1, 0, 0, 0, 0, 1, 0, 1, 0, 0, 3, 1, 0, 0, 0, 3, 1, 0, 2, 0, 0, 0, 1, 0, 0, 0, 0, 3, 0, 1, 0, 0, 2, 1, 1, 2, 0, 0, 0, 0, 1, 1, 0, 0, 0, 1, 3, 0, 0, 1, 0, 0, 1, 0, 2, 0, 1, 0, 2, 1, 0, 0, 1, 1, 3, 0, 1, 3, 3, 1, 0, 0, 2, 1, 0, 0, 0, 1, 0, 0, 0, 0, 0, 0, 2, 0, 1, 0, 1, 0, 0, 2, 0],723.8563171257271,56799.68793028931,90835.78488551865,false
62,G2_TEC,G2_TEC,[20, 94, 66, 15, 26, 9, 95, 42, 77, 68, 47, 5, 3, 14, 86, 54, 85, 63, 18, 74, 31, 49, 36, 78, 44, 50, 53, 17, 21, 28, 11, 64, 93, 23, 30, 83, 24, 41, 40, 52, 65, 27, 90, 70, 39, 87, 48, 69, 99, 4, 46, 1, 13, 56, 97, 59, 45, 8, 73, 37, 35, 79, 71, 82, 76, 32, 60, 80, 58, 6, 67, 61, 33, 7, 57, 34, 12, 16, 10, 98, 96, 88, 43, 81, 91, 2, 84, 29, 38, 19, 51, 89, 75, 25, 72, 92, 22, 62, 55, 0]|[2, 1, 2, 1, 1, 2, 1, 1, 1, 1, 1, 0, 2, 2, 1, 2, 0, 0, 0, 2, 2, 1, 0, 2, 0, 2, 2, 1, 0, 1, 1, 1, 0, 0, 1, 0, 2, 1, 2, 2, 0, 0, 1, 1, 0, 2, 0, 2, 1, 0, 0, 2, 0, 2, 2, 0, 1, 1, 0, 0, 2, 1, 1, 2, 2, 0, 2, 2, 2, 1, 2, 1, 1, 2, 0, 1, 1, 2, 1, 2, 0, 1, 1, 1, 1, 0, 0, 1, 0, 1, 1, 1, 0, 1, 1, 0, 2, 1, 0, 0]|[1, 3, 1, 3, 4, 1, 4, 4, 4, 4, 3, 2, 1, 1, 2, 1, 1, 1, 2, 1, 1, 3, 0, 1, 0, 1, 1, 4, 1, 4, 3, 2, 2, 0, 4, 1, 1, 4, 1, 1, 2, 1, 4, 4, 1, 1, 0, 1, 3, 2, 2, 1, 2, 1, 1, 2, 4, 3, 0, 2, 1, 3, 3, 1, 1, 2, 1, 1, 1, 4, 1, 3, 4, 1, 2, 4, 3, 1, 3, 1, 2, 4, 4, 4, 3, 2, 2, 3, 2, 4, 3, 4, 2, 4, 4, 2, 1, 3, 2, 2]|[0, 2, 0, 0, 3, 0, 1, 3, 1, 0, 2, 0, 1, 0, 1, 0, 0, 0, 1, 0, 0, 2, 0, 0, 1, 0, 0, 3, 0, 1, 0, 2, 0, 0, 3, 0, 1, 1, 0, 0, 0, 0, 1, 3, 0, 0, 1, 0, 2, 0, 0, 0, 0, 0, 1, 0, 1, 0, 1, 1, 0, 2, 0, 0, 0, 0, 0, 0, 0, 2, 0, 0, 1, 0, 0, 1, 0, 0, 3, 0, 0, 1, 2, 2, 0, 0, 0, 3, 0, 1, 0, 1, 0, 3, 1, 0, 0, 0, 0, 0],916.442803653686,48100.947169548526,106478.50503569844,false
62,G3_TWC,G1_CMAX,[31, 22, 82, 15, 26, 99, 95, 77, 42, 12, 5, 93, 78, 86, 54, 21, 63, 18, 10, 20, 35, 43, 97, 91, 76, 47, 30, 85, 45, 71, 1, 66, 64, 17, 83, 24, 14, 60, 36, 6, 57, 40, 88, 65, 79, 94, 67, 68, 46, 75, 38, 9, 19, 32, 28, 81, 27, 74, 39, 58, 59, 11, 16, 72, 62, 73, 70, 37, 84, 3, 51, 29, 90, 48, 55, 25, 92, 7, 44, 33, 61, 98, 56, 23, 89, 50, 41, 96, 53, 80, 4, 8, 34, 49, 52, 0, 13, 2, 69, 87]|[1, 1, 0, 1, 1, 0, 1, 2, 2, 1, 2, 2, 1, 1, 0, 0, 1, 0, 2, 2, 0, 1, 2, 0, 1, 2, 2, 0, 0, 1, 1, 2, 2, 1, 0, 2, 0, 1, 1, 0, 1, 1, 1, 0, 1, 1, 0, 0, 0, 0, 1, 1, 2, 1, 0, 2, 0, 2, 1, 0, 1, 2, 1, 2, 1, 1, 1, 1, 1, 1, 0, 0, 1, 0, 2, 1, 0, 2, 2, 2, 1, 2, 2, 2, 1, 0, 0, 2, 0, 0, 1, 1, 2, 0, 1, 0, 0, 0, 1, 2]|[0, 3, 2, 4, 0, 1, 2, 1, 1, 4, 1, 2, 4, 4, 1, 1, 4, 2, 1, 1, 1, 1, 2, 1, 2, 1, 1, 2, 1, 3, 3, 1, 2, 4, 0, 1, 1, 0, 3, 2, 2, 2, 0, 1, 0, 4, 0, 1, 2, 2, 1, 4, 0, 3, 2, 1, 1, 1, 1, 1, 1, 1, 3, 0, 4, 4, 1, 4, 1, 1, 1, 1, 3, 1, 1, 4, 0, 1, 1, 1, 3, 1, 1, 1, 1, 1, 1, 1, 2, 1, 4, 3, 1, 1, 1, 2, 2, 2, 4, 1]|[3, 2, 1, 1, 3, 0, 1, 0, 0, 0, 0, 1, 0, 1, 0, 0, 3, 1, 0, 0, 0, 3, 1, 0, 2, 0, 0, 0, 1, 0, 0, 0, 0, 3, 0, 1, 0, 0, 2, 1, 1, 1, 0, 0, 0, 2, 1, 0, 0, 0, 1, 3, 0, 0, 1, 0, 0, 0, 1, 0, 1, 0, 2, 1, 0, 0, 1, 1, 3, 1, 0, 0, 2, 0, 0, 3, 1, 0, 0, 0, 0, 0, 0, 0, 1, 0, 0, 0, 1, 0, 0, 2, 0, 1, 1, 0, 0, 0, 2, 0],731.8082727016543,56338.86946404046,92912.0862316895,true
62,G1_CMAX,G1_CMAX,[31, 22, 42, 15, 26, 58, 95, 82, 77, 12, 47, 5, 93, 78, 98, 85, 54, 63, 18, 44, 20, 35, 43, 97, 91, 10, 30, 21, 61, 71, 64, 1, 23, 17, 83, 24, 50, 60, 36, 6, 57, 94, 88, 65, 56, 79, 40, 67, 68, 46, 75, 38, 9, 19, 32, 81, 41, 27, 62, 87, 90, 99, 59, 11, 16, 72, 73, 70, 39, 37, 84, 76, 3, 92, 25, 74, 28, 7, 51, 29, 33, 14, 86, 66, 89, 45, 80, 96, 53, 4, 48, 2, 55, 49, 0, 52, 13, 8, 69, 34]|[1, 1, 1, 1, 1, 1, 2, 1, 2, 1, 2, 0, 2, 1, 1, 0, 0, 1, 0, 2, 2, 2, 1, 2, 0, 2, 2, 0, 0, 1, 2, 1, 2, 1, 0, 2, 0, 1, 1, 0, 1, 1, 1, 0, 2, 1, 1, 0, 0, 0, 0, 1, 1, 2, 1, 2, 2, 0, 0, 2, 1, 0, 1, 2, 1, 2, 1, 1, 1, 1, 1, 1, 2, 1, 1, 2, 0, 0, 0, 0, 2, 1, 2, 0, 1, 0, 0, 0, 0, 0, 2, 0, 1, 0, 0, 1, 0, 1, 2, 2]|[4, 3, 2, 2, 0, 0, 1, 2, 1, 4, 1, 0, 2, 4, 4, 1, 1, 4, 2, 1, 1, 0, 1, 2, 1, 1, 1, 1, 1, 3, 2, 3, 0, 4, 0, 1, 1, 0, 3, 2, 2, 4, 0, 1, 1, 0, 2, 0, 1, 2, 2, 1, 4, 0, 3, 2, 1, 1, 2, 1, 3, 1, 1, 1, 3, 0, 4, 3, 1, 4, 1, 2, 1, 4, 4, 1, 2, 1, 1, 1, 1, 3, 1, 1, 1, 1, 1, 1, 2, 2, 0, 2, 4, 1, 2, 1, 2, 3, 1, 1]|[2, 2, 1, 1, 3, 3, 0, 1, 0, 0, 0, 1, 1, 0, 1, 0, 0, 3, 1, 0, 0, 0, 3, 1, 0, 0, 0, 0, 1, 0, 0, 0, 0, 3, 0, 1, 0, 0, 2, 1, 1, 2, 0, 0, 0, 0, 1, 1, 0, 0, 0, 1, 3, 0, 0, 1, 0, 0, 1, 0, 2, 0, 1, 0, 2, 1, 0, 0, 1, 1, 3, 2, 0, 0, 3, 0, 1, 0, 0, 0, 0, 0, 0, 0, 1, 0, 0, 0, 1, 1, 1, 0, 3, 1, 0, 1, 0, 2, 0, 0],701.9269445084548,58814.16448267554,96724.70889609086,false
62,G4_BALANCED,G4_BALANCED,[31, 22, 42, 15, 26, 58, 95, 82, 77, 12, 47, 5, 93, 78, 98, 54, 85, 63, 18, 44, 20, 35, 43, 97, 91, 76, 10, 30, 21, 45, 71, 64, 1, 23, 17, 83, 24, 61, 60, 36, 6, 57, 94, 88, 65, 56, 79, 40, 67, 68, 46, 75, 38, 9, 19, 32, 81, 41, 27, 62, 87, 90, 99, 59, 53, 16, 72, 73, 70, 39, 37, 84, 3, 92, 25, 55, 28, 29, 51, 7, 11, 14, 86, 66, 89, 50, 48, 96, 33, 80, 4, 8, 74, 49, 34, 52, 2, 0, 69, 13]|[1, 1, 0, 1, 1, 1, 2, 1, 2, 1, 2, 2, 2, 1, 1, 0, 0, 1, 0, 2, 2, 0, 1, 2, 0, 1, 2, 2, 0, 0, 1, 2, 1, 2, 1, 0, 2, 0, 1, 1, 0, 1, 1, 1, 0, 2, 1, 1, 0, 0, 0, 0, 1, 1, 2, 1, 2, 2, 0, 0, 2, 1, 0, 1, 2, 1, 2, 1, 1, 1, 1, 1, 2, 0, 1, 1, 0, 0, 0, 1, 0, 1, 0, 2, 1, 0, 0, 2, 2, 0, 1, 1, 2, 0, 2, 1, 0, 0, 1, 0]|[4, 3, 2, 2, 0, 0, 2, 2, 2, 4, 1, 1, 2, 4, 4, 1, 1, 4, 2, 1, 1, 1, 1, 2, 1, 2, 1, 1, 1, 1, 3, 2, 3, 0, 4, 0, 1, 1, 0, 3, 2, 2, 4, 0, 1, 1, 3, 2, 0, 1, 2, 2, 1, 4, 0, 3, 2, 1, 1, 2, 1, 3, 1, 1, 1, 3, 0, 4, 3, 1, 4, 1, 1, 2, 4, 4, 2, 1, 1, 3, 2, 3, 1, 1, 1, 1, 1, 1, 1, 1, 4, 3, 1, 1, 1, 1, 2, 2, 4, 2]|[0, 2, 1, 1, 3, 3, 0, 1, 0, 0, 0, 0, 1, 0, 1, 0, 0, 3, 1, 0, 0, 0, 3, 1, 0, 2, 0, 0, 0, 1, 0, 0, 0, 0, 3, 0, 1, 0, 0, 2, 1, 1, 2, 0, 0, 0, 0, 1, 1, 0, 0, 0, 1, 3, 0, 0, 1, 0, 0, 1, 0, 2, 0, 1, 0, 2, 1, 0, 0, 1, 1, 3, 0, 1, 3, 3, 1, 0, 0, 2, 1, 0, 0, 0, 1, 0, 0, 0, 0, 0, 0, 2, 0, 1, 0, 1, 0, 0, 2, 0],723.8563171257271,56799.68793028931,90835.78488551865,false
62,G2_TEC,G2_TEC,[20, 94, 66, 15, 26, 9, 95, 42, 77, 68, 47, 5, 3, 14, 86, 54, 85, 63, 18, 74, 31, 49, 36, 78, 44, 50, 53, 17, 21, 28, 11, 64, 93, 23, 30, 83, 24, 41, 40, 52, 65, 27, 90, 70, 39, 87, 48, 69, 99, 4, 46, 1, 13, 56, 97, 59, 45, 8, 73, 37, 35, 79, 71, 82, 76, 32, 60, 80, 58, 6, 67, 61, 33, 7, 57, 34, 12, 16, 10, 98, 96, 88, 43, 81, 91, 2, 84, 29, 38, 19, 51, 89, 75, 25, 72, 92, 22, 62, 55, 0]|[2, 1, 2, 1, 1, 2, 1, 1, 1, 1, 1, 0, 2, 2, 1, 2, 0, 0, 0, 2, 2, 1, 0, 2, 0, 2, 2, 1, 0, 1, 1, 1, 0, 0, 1, 0, 2, 1, 2, 2, 0, 0, 1, 1, 0, 2, 0, 2, 1, 0, 0, 2, 0, 2, 2, 0, 1, 1, 0, 0, 2, 1, 1, 2, 2, 0, 2, 2, 2, 1, 2, 1, 1, 2, 0, 1, 1, 2, 1, 2, 0, 1, 1, 1, 1, 0, 0, 1, 0, 1, 1, 1, 0, 1, 1, 0, 2, 1, 0, 0]|[1, 3, 1, 3, 4, 1, 4, 4, 4, 4, 3, 2, 1, 1, 2, 1, 1, 1, 2, 1, 1, 3, 0, 1, 0, 1, 1, 4, 1, 4, 3, 2, 2, 0, 4, 1, 1, 4, 1, 1, 2, 1, 4, 4, 1, 1, 0, 1, 3, 2, 2, 1, 2, 1, 1, 2, 4, 3, 0, 2, 1, 3, 3, 1, 1, 2, 1, 1, 1, 4, 1, 3, 4, 1, 2, 4, 3, 1, 3, 1, 2, 4, 4, 4, 3, 2, 2, 3, 2, 4, 3, 4, 2, 4, 4, 2, 1, 3, 2, 2]|[0, 2, 0, 0, 3, 0, 1, 3, 1, 0, 2, 0, 1, 0, 1, 0, 0, 0, 1, 0, 0, 2, 0, 0, 1, 0, 0, 3, 0, 1, 0, 2, 0, 0, 3, 0, 1, 1, 0, 0, 0, 0, 1, 3, 0, 0, 1, 0, 2, 0, 0, 0, 0, 0, 1, 0, 1, 0, 1, 1, 0, 2, 0, 0, 0, 0, 0, 0, 0, 2, 0, 0, 1, 0, 0, 1, 0, 0, 3, 0, 0, 1, 2, 2, 0, 0, 0, 3, 0, 1, 0, 1, 0, 3, 1, 0, 0, 0, 0, 0],916.442803653686,48100.947169548526,106478.50503569844,false
62,G3_TWC,G4_BALANCED,[31, 22, 42, 15, 26, 58, 95, 82, 77, 12, 47, 64, 93, 78, 98, 54, 85, 63, 18, 44, 20, 35, 43, 97, 91, 76, 10, 30, 21, 45, 71, 5, 1, 23, 17, 83, 24, 61, 60, 36, 6, 57, 99, 88, 65, 56, 79, 40, 67, 68, 46, 75, 38, 9, 19, 32, 81, 41, 27, 62, 87, 90, 94, 59, 53, 16, 72, 73, 70, 39, 37, 84, 3, 92, 25, 55, 28, 29, 51, 7, 11, 14, 86, 48, 89, 50, 66, 96, 33, 80, 8, 4, 34, 74, 49, 52, 2, 0, 69, 13]|[1, 1, 0, 1, 1, 1, 2, 1, 2, 1, 2, 2, 2, 1, 1, 0, 0, 1, 0, 2, 2, 0, 1, 2, 0, 1, 2, 2, 0, 0, 1, 2, 1, 2, 1, 0, 2, 0, 1, 1, 0, 1, 1, 1, 0, 2, 1, 1, 0, 0, 0, 0, 1, 1, 2, 1, 2, 0, 0, 0, 2, 1, 0, 1, 2, 1, 2, 1, 1, 1, 1, 1, 2, 0, 1, 1, 0, 0, 0, 1, 2, 1, 0, 0, 1, 0, 2, 2, 2, 0, 1, 0, 2, 2, 0, 1, 0, 0, 1, 0]|[4, 3, 2, 2, 0, 0, 2, 2, 2, 4, 1, 1, 2, 4, 4, 1, 1, 4, 2, 1, 1, 1, 1, 2, 1, 2, 1, 1, 1, 1, 3, 2, 3, 0, 4, 0, 1, 1, 0, 3, 2, 2, 4, 0, 1, 1, 3, 2, 0, 1, 2, 2, 1, 4, 0, 3, 2, 1, 1, 2, 1, 3, 1, 1, 1, 3, 0, 4, 3, 1, 4, 1, 1, 2, 4, 4, 2, 1, 1, 3, 1, 3, 1, 1, 1, 1, 1, 1, 1, 1, 3, 2, 1, 1, 1, 1, 2, 2, 4, 2]|[0, 2, 1, 1, 3, 3, 0, 1, 0, 0, 0, 0, 1, 0, 1, 0, 0, 3, 1, 0, 0, 0, 3, 1, 0, 2, 0, 0, 0, 1, 0, 0, 0, 0, 3, 0, 1, 0, 0, 2, 1, 1, 2, 0, 0, 0, 0, 1, 1, 0, 0, 0, 1, 3, 0, 0, 1, 0, 0, 1, 0, 2, 0, 1, 0, 2, 1, 0, 0, 1, 1, 3, 0, 1, 3, 3, 1, 0, 0, 2, 0, 0, 0, 0, 1, 0, 0, 0, 0, 0, 2, 1, 0, 0, 1, 1, 0, 0, 2, 0],743.3023020071475,56864.43881898642,90293.55377533648,true
62,G1_CMAX,G1_CMAX,[31, 22, 42, 15, 26, 58, 95, 82, 77, 12, 47, 5, 93, 78, 98, 85, 54, 63, 18, 44, 20, 35, 43, 97, 91, 10, 30, 21, 61, 71, 64, 1, 23, 17, 83, 24, 50, 60, 36, 6, 57, 94, 88, 65, 56, 79, 40, 67, 68, 46, 75, 38, 9, 19, 32, 81, 41, 27, 62, 87, 90, 99, 59, 11, 16, 72, 73, 70, 39, 37, 84, 76, 3, 92, 25, 74, 28, 7, 51, 29, 33, 14, 86, 66, 89, 45, 80, 96, 53, 4, 48, 2, 55, 49, 0, 52, 13, 8, 69, 34]|[1, 1, 1, 1, 1, 1, 2, 1, 2, 1, 2, 0, 2, 1, 1, 0, 0, 1, 0, 2, 2, 2, 1, 2, 0, 2, 2, 0, 0, 1, 2, 1, 2, 1, 0, 2, 0, 1, 1, 0, 1, 1, 1, 0, 2, 1, 1, 0, 0, 0, 0, 1, 1, 2, 1, 2, 2, 0, 0, 2, 1, 0, 1, 2, 1, 2, 1, 1, 1, 1, 1, 1, 2, 1, 1, 2, 0, 0, 0, 0, 2, 1, 2, 0, 1, 0, 0, 0, 0, 0, 2, 0, 1, 0, 0, 1, 0, 1, 2, 2]|[4, 3, 2, 2, 0, 0, 1, 2, 1, 4, 1, 0, 2, 4, 4, 1, 1, 4, 2, 1, 1, 0, 1, 2, 1, 1, 1, 1, 1, 3, 2, 3, 0, 4, 0, 1, 1, 0, 3, 2, 2, 4, 0, 1, 1, 0, 2, 0, 1, 2, 2, 1, 4, 0, 3, 2, 1, 1, 2, 1, 3, 1, 1, 1, 3, 0, 4, 3, 1, 4, 1, 2, 1, 4, 4, 1, 2, 1, 1, 1, 1, 3, 1, 1, 1, 1, 1, 1, 2, 2, 0, 2, 4, 1, 2, 1, 2, 3, 1, 1]|[2, 2, 1, 1, 3, 3, 0, 1, 0, 0, 0, 1, 1, 0, 1, 0, 0, 3, 1, 0, 0, 0, 3, 1, 0, 0, 0, 0, 1, 0, 0, 0, 0, 3, 0, 1, 0, 0, 2, 1, 1, 2, 0, 0, 0, 0, 1, 1, 0, 0, 0, 1, 3, 0, 0, 1, 0, 0, 1, 0, 2, 0, 1, 0, 2, 1, 0, 0, 1, 1, 3, 2, 0, 0, 3, 0, 1, 0, 0, 0, 0, 0, 0, 0, 1, 0, 0, 0, 1, 1, 1, 0, 3, 1, 0, 1, 0, 2, 0, 0],701.9269445084548,58814.16448267554,96724.70889609086,false
62,G4_BALANCED,G4_BALANCED,[31, 22, 42, 15, 26, 58, 95, 82, 77, 12, 47, 5, 93, 78, 98, 54, 85, 63, 18, 44, 20, 35, 43, 97, 91, 76, 10, 30, 21, 45, 71, 64, 1, 23, 17, 83, 24, 61, 60, 36, 6, 57, 94, 88, 65, 56, 79, 40, 67, 68, 46, 75, 38, 9, 19, 32, 81, 41, 27, 62, 87, 90, 99, 59, 53, 16, 72, 73, 70, 39, 37, 84, 3, 92, 25, 55, 28, 29, 51, 7, 11, 14, 86, 66, 89, 50, 48, 96, 33, 80, 4, 8, 74, 49, 34, 52, 2, 0, 69, 13]|[1, 1, 0, 1, 1, 1, 2, 1, 2, 1, 2, 2, 2, 1, 1, 0, 0, 1, 0, 2, 2, 0, 1, 2, 0, 1, 2, 2, 0, 0, 1, 2, 1, 2, 1, 0, 2, 0, 1, 1, 0, 1, 1, 1, 0, 2, 1, 1, 0, 0, 0, 0, 1, 1, 2, 1, 2, 2, 0, 0, 2, 1, 0, 1, 2, 1, 2, 1, 1, 1, 1, 1, 2, 0, 1, 1, 0, 0, 0, 1, 0, 1, 0, 2, 1, 0, 0, 2, 2, 0, 1, 1, 2, 0, 2, 1, 0, 0, 1, 0]|[4, 3, 2, 2, 0, 0, 2, 2, 2, 4, 1, 1, 2, 4, 4, 1, 1, 4, 2, 1, 1, 1, 1, 2, 1, 2, 1, 1, 1, 1, 3, 2, 3, 0, 4, 0, 1, 1, 0, 3, 2, 2, 4, 0, 1, 1, 3, 2, 0, 1, 2, 2, 1, 4, 0, 3, 2, 1, 1, 2, 1, 3, 1, 1, 1, 3, 0, 4, 3, 1, 4, 1, 1, 2, 4, 4, 2, 1, 1, 3, 2, 3, 1, 1, 1, 1, 1, 1, 1, 1, 4, 3, 1, 1, 1, 1, 2, 2, 4, 2]|[0, 2, 1, 1, 3, 3, 0, 1, 0, 0, 0, 0, 1, 0, 1, 0, 0, 3, 1, 0, 0, 0, 3, 1, 0, 2, 0, 0, 0, 1, 0, 0, 0, 0, 3, 0, 1, 0, 0, 2, 1, 1, 2, 0, 0, 0, 0, 1, 1, 0, 0, 0, 1, 3, 0, 0, 1, 0, 0, 1, 0, 2, 0, 1, 0, 2, 1, 0, 0, 1, 1, 3, 0, 1, 3, 3, 1, 0, 0, 2, 1, 0, 0, 0, 1, 0, 0, 0, 0, 0, 0, 2, 0, 1, 0, 1, 0, 0, 2, 0],723.8563171257271,56799.68793028931,90835.78488551865,false
62,G2_TEC,G2_TEC,[20, 94, 66, 15, 26, 9, 95, 42, 77, 68, 47, 5, 3, 14, 86, 54, 85, 63, 18, 74, 31, 49, 36, 78, 44, 50, 53, 17, 21, 28, 11, 64, 93, 23, 30, 83, 24, 41, 40, 52, 65, 27, 90, 70, 39, 87, 48, 69, 99, 4, 46, 1, 13, 56, 97, 59, 45, 8, 73, 37, 35, 79, 71, 82, 76, 32, 60, 80, 58, 6, 67, 61, 33, 7, 57, 34, 12, 16, 10, 98, 96, 88, 43, 81, 91, 2, 84, 29, 38, 19, 51, 89, 75, 25, 72, 92, 22, 62, 55, 0]|[2, 1, 2, 1, 1, 2, 1, 1, 1, 1, 1, 0, 2, 2, 1, 2, 0, 0, 0, 2, 2, 1, 0, 2, 0, 2, 2, 1, 0, 1, 1, 1, 0, 0, 1, 0, 2, 1, 2, 2, 0, 0, 1, 1, 0, 2, 0, 2, 1, 0, 0, 2, 0, 2, 2, 0, 1, 1, 0, 0, 2, 1, 1, 2, 2, 0, 2, 2, 2, 1, 2, 1, 1, 2, 0, 1, 1, 2, 1, 2, 0, 1, 1, 1, 1, 0, 0, 1, 0, 1, 1, 1, 0, 1, 1, 0, 2, 1, 0, 0]|[1, 3, 1, 3, 4, 1, 4, 4, 4, 4, 3, 2, 1, 1, 2, 1, 1, 1, 2, 1, 1, 3, 0, 1, 0, 1, 1, 4, 1, 4, 3, 2, 2, 0, 4, 1, 1, 4, 1, 1, 2, 1, 4, 4, 1, 1, 0, 1, 3, 2, 2, 1, 2, 1, 1, 2, 4, 3, 0, 2, 1, 3, 3, 1, 1, 2, 1, 1, 1, 4, 1, 3, 4, 1, 2, 4, 3, 1, 3, 1, 2, 4, 4, 4, 3, 2, 2, 3, 2, 4, 3, 4, 2, 4, 4, 2, 1, 3, 2, 2]|[0, 2, 0, 0, 3, 0, 1, 3, 1, 0, 2, 0, 1, 0, 1, 0, 0, 0, 1, 0, 0, 2, 0, 0, 1, 0, 0, 3, 0, 1, 0, 2, 0, 0, 3, 0, 1, 1, 0, 0, 0, 0, 1, 3, 0, 0, 1, 0, 2, 0, 0, 0, 0, 0, 1, 0, 1, 0, 1, 1, 0, 2, 0, 0, 0, 0, 0, 0, 0, 2, 0, 0, 1, 0, 0, 1, 0, 0, 3, 0, 0, 1, 2, 2, 0, 0, 0, 3, 0, 1, 0, 1, 0, 3, 1, 0, 0, 0, 0, 0],916.442803653686,48100.947169548526,106478.50503569844,false
62,G3_TWC,G4_BALANCED,[31, 22, 42, 15, 26, 58, 95, 82, 77, 12, 47, 64, 93, 78, 98, 54, 85, 63, 18, 44, 20, 35, 43, 97, 91, 76, 10, 30, 21, 45, 71, 5, 1, 23, 17, 83, 24, 61, 60, 36, 6, 57, 99, 88, 65, 56, 79, 40, 67, 68, 46, 75, 38, 9, 19, 32, 81, 41, 27, 62, 87, 90, 94, 59, 53, 16, 72, 73, 70, 39, 37, 84, 3, 92, 25, 55, 28, 29, 51, 7, 11, 14, 86, 48, 89, 50, 66, 96, 33, 80, 8, 4, 34, 74, 49, 52, 2, 0, 69, 13]|[1, 1, 0, 1, 1, 1, 2, 1, 2, 1, 2, 2, 2, 1, 1, 0, 0, 1, 0, 2, 2, 0, 1, 2, 0, 1, 2, 2, 0, 0, 1, 2, 1, 2, 1, 0, 2, 0, 1, 1, 0, 1, 1, 1, 0, 2, 1, 1, 0, 0, 0, 0, 1, 1, 2, 1, 2, 0, 0, 0, 2, 1, 0, 1, 2, 1, 2, 1, 1, 1, 1, 1, 2, 0, 1, 1, 0, 0, 0, 1, 2, 1, 0, 0, 1, 0, 2, 2, 2, 0, 1, 0, 2, 2, 0, 1, 0, 0, 1, 0]|[4, 3, 2, 2, 0, 0, 2, 2, 2, 4, 1, 1, 2, 4, 4, 1, 1, 4, 2, 1, 1, 1, 1, 2, 1, 2, 1, 1, 1, 1, 3, 2, 3, 0, 4, 0, 1, 1, 0, 3, 2, 2, 4, 0, 1, 1, 3, 2, 0, 1, 2, 2, 1, 4, 0, 3, 2, 1, 1, 2, 1, 3, 1, 1, 1, 3, 0, 4, 3, 1, 4, 1, 1, 2, 4, 4, 2, 1, 1, 3, 1, 3, 1, 1, 1, 1, 1, 1, 1, 1, 3, 2, 1, 1, 1, 1, 2, 2, 4, 2]|[0, 2, 1, 1, 3, 3, 0, 1, 0, 0, 0, 0, 1, 0, 1, 0, 0, 3, 1, 0, 0, 0, 3, 1, 0, 2, 0, 0, 0, 1, 0, 0, 0, 0, 3, 0, 1, 0, 0, 2, 1, 1, 2, 0, 0, 0, 0, 1, 1, 0, 0, 0, 1, 3, 0, 0, 1, 0, 0, 1, 0, 2, 0, 1, 0, 2, 1, 0, 0, 1, 1, 3, 0, 1, 3, 3, 1, 0, 0, 2, 0, 0, 0, 0, 1, 0, 0, 0, 0, 0, 2, 1, 0, 0, 1, 1, 0, 0, 2, 0],743.3023020071475,56864.43881898642,90293.55377533648,true
62,G1_CMAX,G1_CMAX,[31, 22, 42, 15, 26, 58, 95, 82, 77, 12, 47, 5, 93, 78, 98, 85, 54, 63, 18, 44, 20, 35, 43, 97, 91, 10, 30, 21, 61, 71, 64, 1, 23, 17, 83, 24, 50, 60, 36, 6, 57, 94, 88, 65, 56, 79, 40, 67, 68, 46, 75, 38, 9, 19, 32, 81, 41, 27, 62, 87, 90, 99, 59, 11, 16, 72, 73, 70, 39, 37, 84, 76, 3, 92, 25, 74, 28, 7, 51, 29, 33, 14, 86, 66, 89, 45, 80, 96, 53, 4, 48, 2, 55, 49, 0, 52, 13, 8, 69, 34]|[1, 1, 1, 1, 1, 1, 2, 1, 2, 1, 2, 0, 2, 1, 1, 0, 0, 1, 0, 2, 2, 2, 1, 2, 0, 2, 2, 0, 0, 1, 2, 1, 2, 1, 0, 2, 0, 1, 1, 0, 1, 1, 1, 0, 2, 1, 1, 0, 0, 0, 0, 1, 1, 2, 1, 2, 2, 0, 0, 2, 1, 0, 1, 2, 1, 2, 1, 1, 1, 1, 1, 1, 2, 1, 1, 2, 0, 0, 0, 0, 2, 1, 2, 0, 1, 0, 0, 0, 0, 0, 2, 0, 1, 0, 0, 1, 0, 1, 2, 2]|[4, 3, 2, 2, 0, 0, 1, 2, 1, 4, 1, 0, 2, 4, 4, 1, 1, 4, 2, 1, 1, 0, 1, 2, 1, 1, 1, 1, 1, 3, 2, 3, 0, 4, 0, 1, 1, 0, 3, 2, 2, 4, 0, 1, 1, 0, 2, 0, 1, 2, 2, 1, 4, 0, 3, 2, 1, 1, 2, 1, 3, 1, 1, 1, 3, 0, 4, 3, 1, 4, 1, 2, 1, 4, 4, 1, 2, 1, 1, 1, 1, 3, 1, 1, 1, 1, 1, 1, 2, 2, 0, 2, 4, 1, 2, 1, 2, 3, 1, 1]|[2, 2, 1, 1, 3, 3, 0, 1, 0, 0, 0, 1, 1, 0, 1, 0, 0, 3, 1, 0, 0, 0, 3, 1, 0, 0, 0, 0, 1, 0, 0, 0, 0, 3, 0, 1, 0, 0, 2, 1, 1, 2, 0, 0, 0, 0, 1, 1, 0, 0, 0, 1, 3, 0, 0, 1, 0, 0, 1, 0, 2, 0, 1, 0, 2, 1, 0, 0, 1, 1, 3, 2, 0, 0, 3, 0, 1, 0, 0, 0, 0, 0, 0, 0, 1, 0, 0, 0, 1, 1, 1, 0, 3, 1, 0, 1, 0, 2, 0, 0],701.9269445084548,58814.16448267554,96724.70889609086,false
62,G4_BALANCED,G4_BALANCED,[31, 22, 42, 15, 26, 58, 95, 82, 77, 12, 47, 5, 93, 78, 98, 54, 85, 63, 18, 44, 20, 35, 43, 97, 91, 76, 10, 30, 21, 45, 71, 64, 1, 23, 17, 83, 24, 61, 60, 36, 6, 57, 94, 88, 65, 56, 79, 40, 67, 68, 46, 75, 38, 9, 19, 32, 81, 41, 27, 62, 87, 90, 99, 59, 53, 16, 72, 73, 70, 39, 37, 84, 3, 92, 25, 55, 28, 29, 51, 7, 11, 14, 86, 66, 89, 50, 48, 96, 33, 80, 4, 8, 74, 49, 34, 52, 2, 0, 69, 13]|[1, 1, 0, 1, 1, 1, 2, 1, 2, 1, 2, 2, 2, 1, 1, 0, 0, 1, 0, 2, 2, 0, 1, 2, 0, 1, 2, 2, 0, 0, 1, 2, 1, 2, 1, 0, 2, 0, 1, 1, 0, 1, 1, 1, 0, 2, 1, 1, 0, 0, 0, 0, 1, 1, 2, 1, 2, 2, 0, 0, 2, 1, 0, 1, 2, 1, 2, 1, 1, 1, 1, 1, 2, 0, 1, 1, 0, 0, 0, 1, 0, 1, 0, 2, 1, 0, 0, 2, 2, 0, 1, 1, 2, 0, 2, 1, 0, 0, 1, 0]|[4, 3, 2, 2, 0, 0, 2, 2, 2, 4, 1, 1, 2, 4, 4, 1, 1, 4, 2, 1, 1, 1, 1, 2, 1, 2, 1, 1, 1, 1, 3, 2, 3, 0, 4, 0, 1, 1, 0, 3, 2, 2, 4, 0, 1, 1, 3, 2, 0, 1, 2, 2, 1, 4, 0, 3, 2, 1, 1, 2, 1, 3, 1, 1, 1, 3, 0, 4, 3, 1, 4, 1, 1, 2, 4, 4, 2, 1, 1, 3, 2, 3, 1, 1, 1, 1, 1, 1, 1, 1, 4, 3, 1, 1, 1, 1, 2, 2, 4, 2]|[0, 2, 1, 1, 3, 3, 0, 1, 0, 0, 0, 0, 1, 0, 1, 0, 0, 3, 1, 0, 0, 0, 3, 1, 0, 2, 0, 0, 0, 1, 0, 0, 0, 0, 3, 0, 1, 0, 0, 2, 1, 1, 2, 0, 0, 0, 0, 1, 1, 0, 0, 0, 1, 3, 0, 0, 1, 0, 0, 1, 0, 2, 0, 1, 0, 2, 1, 0, 0, 1, 1, 3, 0, 1, 3, 3, 1, 0, 0, 2, 1, 0, 0, 0, 1, 0, 0, 0, 0, 0, 0, 2, 0, 1, 0, 1, 0, 0, 2, 0],723.8563171257271,56799.68793028931,90835.78488551865,false
62,G2_TEC,G2_TEC,[20, 94, 66, 15, 26, 9, 95, 42, 77, 68, 47, 5, 3, 14, 86, 54, 85, 63, 18, 74, 31, 49, 36, 78, 44, 50, 53, 17, 21, 28, 11, 64, 93, 23, 30, 83, 24, 41, 40, 52, 65, 27, 90, 70, 39, 87, 48, 69, 99, 4, 46, 1, 13, 56, 97, 59, 45, 8, 73, 37, 35, 79, 71, 82, 76, 32, 60, 80, 58, 6, 67, 61, 33, 7, 57, 34, 12, 16, 10, 98, 96, 88, 43, 81, 91, 2, 84, 29, 38, 19, 51, 89, 75, 25, 72, 92, 22, 62, 55, 0]|[2, 1, 2, 1, 1, 2, 1, 1, 1, 1, 1, 0, 2, 2, 1, 2, 0, 0, 0, 2, 2, 1, 0, 2, 0, 2, 2, 1, 0, 1, 1, 1, 0, 0, 1, 0, 2, 1, 2, 2, 0, 0, 1, 1, 0, 2, 0, 2, 1, 0, 0, 2, 0, 2, 2, 0, 1, 1, 0, 0, 2, 1, 1, 2, 2, 0, 2, 2, 2, 1, 2, 1, 1, 2, 0, 1, 1, 2, 1, 2, 0, 1, 1, 1, 1, 0, 0, 1, 0, 1, 1, 1, 0, 1, 1, 0, 2, 1, 0, 0]|[1, 3, 1, 3, 4, 1, 4, 4, 4, 4, 3, 2, 1, 1, 2, 1, 1, 1, 2, 1, 1, 3, 0, 1, 0, 1, 1, 4, 1, 4, 3, 2, 2, 0, 4, 1, 1, 4, 1, 1, 2, 1, 4, 4, 1, 1, 0, 1, 3, 2, 2, 1, 2, 1, 1, 2, 4, 3, 0, 2, 1, 3, 3, 1, 1, 2, 1, 1, 1, 4, 1, 3, 4, 1, 2, 4, 3, 1, 3, 1, 2, 4, 4, 4, 3, 2, 2, 3, 2, 4, 3, 4, 2, 4, 4, 2, 1, 3, 2, 2]|[0, 2, 0, 0, 3, 0, 1, 3, 1, 0, 2, 0, 1, 0, 1, 0, 0, 0, 1, 0, 0, 2, 0, 0, 1, 0, 0, 3, 0, 1, 0, 2, 0, 0, 3, 0, 1, 1, 0, 0, 0, 0, 1, 3, 0, 0, 1, 0, 2, 0, 0, 0, 0, 0, 1, 0, 1, 0, 1, 1, 0, 2, 0, 0, 0, 0, 0, 0, 0, 2, 0, 0, 1, 0, 0, 1, 0, 0, 3, 0, 0, 1, 2, 2, 0, 0, 0, 3, 0, 1, 0, 1, 0, 3, 1, 0, 0, 0, 0, 0],916.442803653686,48100.947169548526,106478.50503569844,false
62,G3_TWC,G3_TWC,[31, 22, 42, 15, 26, 58, 95, 82, 77, 12, 47, 5, 93, 78, 98, 54, 85, 63, 18, 44, 20, 35, 43, 97, 91, 76, 10, 30, 21, 45, 71, 64, 1, 23, 17, 83, 24, 61, 60, 49, 6, 57, 94, 88, 65, 56, 79, 40, 67, 68, 46, 75, 38, 9, 19, 32, 81, 41, 27, 96, 87, 90, 99, 59, 53, 16, 72, 73, 70, 39, 37, 84, 3, 92, 25, 74, 28, 0, 51, 7, 11, 14, 34, 66, 89, 48, 50, 62, 33, 80, 8, 4, 86, 36, 55, 52, 2, 29, 69, 13]|[1, 1, 0, 1, 1, 1, 2, 1, 2, 1, 2, 2, 2, 1, 1, 0, 0, 1, 0, 2, 2, 0, 1, 2, 0, 1, 2, 2, 0, 0, 1, 2, 1, 0, 1, 0, 2, 0, 1, 1, 0, 1, 1, 1, 0, 2, 1, 1, 0, 0, 0, 0, 1, 1, 0, 1, 2, 0, 0, 0, 2, 1, 0, 1, 0, 1, 2, 1, 1, 1, 1, 1, 2, 0, 1, 2, 0, 0, 0, 1, 0, 1, 2, 0, 1, 0, 0, 0, 2, 0, 1, 0, 0, 0, 1, 1, 0, 0, 1, 0]|[4, 3, 2, 2, 0, 0, 2, 2, 2, 4, 1, 1, 2, 4, 4, 1, 1, 4, 2, 1, 1, 1, 1, 2, 1, 2, 1, 1, 1, 1, 3, 2, 3, 0, 4, 0, 1, 1, 0, 3, 2, 2, 4, 0, 1, 1, 3, 2, 0, 1, 2, 2, 1, 4, 2, 3, 2, 1, 1, 1, 1, 3, 1, 1, 2, 3, 0, 4, 3, 1, 4, 1, 1, 2, 4, 1, 2, 1, 1, 3, 2, 3, 1, 1, 1, 1, 1, 1, 1, 1, 3, 2, 1, 1, 4, 1, 2, 2, 3, 2]|[0, 2, 1, 1, 3, 3, 0, 1, 0, 0, 0, 0, 1, 0, 1, 0, 0, 3, 1, 0, 0, 0, 3, 1, 0, 2, 0, 0, 0, 1, 0, 0, 0, 0, 3, 0, 1, 0, 0, 2, 1, 1, 2, 0, 0, 0, 0, 1, 1, 0, 0, 0, 1, 3, 1, 0, 1, 0, 0, 0, 0, 2, 0, 1, 1, 2, 1, 0, 0, 1, 1, 3, 0, 1, 3, 0, 1, 0, 0, 2, 1, 0, 0, 0, 1, 0, 0, 0, 0, 0, 2, 1, 0, 1, 3, 1, 0, 0, 0, 0],853.3971309728803,57893.20072825474,85384.09526730522,false
62,G1_CMAX,G1_CMAX,[31, 22, 42, 15, 26, 58, 95, 82, 77, 12, 47, 5, 93, 78, 98, 85, 54, 63, 18, 44, 20, 35, 43, 97, 91, 10, 30, 21, 61, 71, 64, 1, 23, 17, 83, 24, 50, 60, 36, 6, 57, 94, 88, 65, 56, 79, 40, 67, 68, 46, 75, 38, 9, 19, 32, 81, 41, 27, 62, 87, 90, 99, 59, 11, 16, 72, 73, 70, 39, 37, 84, 76, 3, 92, 25, 74, 28, 7, 51, 29, 33, 14, 86, 66, 89, 45, 80, 96, 53, 4, 48, 2, 55, 49, 0, 52, 13, 8, 69, 34]|[1, 1, 1, 1, 1, 1, 2, 1, 2, 1, 2, 0, 2, 1, 1, 0, 0, 1, 0, 2, 2, 2, 1, 2, 0, 2, 2, 0, 0, 1, 2, 1, 2, 1, 0, 2, 0, 1, 1, 0, 1, 1, 1, 0, 2, 1, 1, 0, 0, 0, 0, 1, 1, 2, 1, 2, 2, 0, 0, 2, 1, 0, 1, 2, 1, 2, 1, 1, 1, 1, 1, 1, 2, 1, 1, 2, 0, 0, 0, 0, 2, 1, 2, 0, 1, 0, 0, 0, 0, 0, 2, 0, 1, 0, 0, 1, 0, 1, 2, 2]|[4, 3, 2, 2, 0, 0, 1, 2, 1, 4, 1, 0, 2, 4, 4, 1, 1, 4, 2, 1, 1, 0, 1, 2, 1, 1, 1, 1, 1, 3, 2, 3, 0, 4, 0, 1, 1, 0, 3, 2, 2, 4, 0, 1, 1, 0, 2, 0, 1, 2, 2, 1, 4, 0, 3, 2, 1, 1, 2, 1, 3, 1, 1, 1, 3, 0, 4, 3, 1, 4, 1, 2, 1, 4, 4, 1, 2, 1, 1, 1, 1, 3, 1, 1, 1, 1, 1, 1, 2, 2, 0, 2, 4, 1, 2, 1, 2, 3, 1, 1]|[2, 2, 1, 1, 3, 3, 0, 1, 0, 0, 0, 1, 1, 0, 1, 0, 0, 3, 1, 0, 0, 0, 3, 1, 0, 0, 0, 0, 1, 0, 0, 0, 0, 3, 0, 1, 0, 0, 2, 1, 1, 2, 0, 0, 0, 0, 1, 1, 0, 0, 0, 1, 3, 0, 0, 1, 0, 0, 1, 0, 2, 0, 1, 0, 2, 1, 0, 0, 1, 1, 3, 2, 0, 0, 3, 0, 1, 0, 0, 0, 0, 0, 0, 0, 1, 0, 0, 0, 1, 1, 1, 0, 3, 1, 0, 1, 0, 2, 0, 0],701.9269445084548,58814.16448267554,96724.70889609086,false
62,G4_BALANCED,G4_BALANCED,[31, 22, 42, 15, 26, 58, 95, 82, 77, 12, 47, 5, 93, 78, 98, 54, 85, 63, 18, 44, 20, 35, 43, 97, 91, 76, 10, 30, 21, 45, 71, 64, 1, 23, 17, 83, 24, 61, 60, 36, 6, 57, 94, 88, 65, 56, 79, 40, 67, 68, 46, 75, 38, 9, 19, 32, 81, 41, 27, 62, 87, 90, 99, 59, 53, 16, 72, 73, 70, 39, 37, 84, 3, 92, 25, 55, 28, 29, 51, 7, 11, 14, 86, 66, 89, 50, 48, 96, 33, 80, 4, 8, 74, 49, 34, 52, 2, 0, 69, 13]|[1, 1, 0, 1, 1, 1, 2, 1, 2, 1, 2, 2, 2, 1, 1, 0, 0, 1, 0, 2, 2, 0, 1, 2, 0, 1, 2, 2, 0, 0, 1, 2, 1, 2, 1, 0, 2, 0, 1, 1, 0, 1, 1, 1, 0, 2, 1, 1, 0, 0, 0, 0, 1, 1, 2, 1, 2, 2, 0, 0, 2, 1, 0, 1, 2, 1, 2, 1, 1, 1, 1, 1, 2, 0, 1, 1, 0, 0, 0, 1, 0, 1, 0, 2, 1, 0, 0, 2, 2, 0, 1, 1, 2, 0, 2, 1, 0, 0, 1, 0]|[4, 3, 2, 2, 0, 0, 2, 2, 2, 4, 1, 1, 2, 4, 4, 1, 1, 4, 2, 1, 1, 1, 1, 2, 1, 2, 1, 1, 1, 1, 3, 2, 3, 0, 4, 0, 1, 1, 0, 3, 2, 2, 4, 0, 1, 1, 3, 2, 0, 1, 2, 2, 1, 4, 0, 3, 2, 1, 1, 2, 1, 3, 1, 1, 1, 3, 0, 4, 3, 1, 4, 1, 1, 2, 4, 4, 2, 1, 1, 3, 2, 3, 1, 1, 1, 1, 1, 1, 1, 1, 4, 3, 1, 1, 1, 1, 2, 2, 4, 2]|[0, 2, 1, 1, 3, 3, 0, 1, 0, 0, 0, 0, 1, 0, 1, 0, 0, 3, 1, 0, 0, 0, 3, 1, 0, 2, 0, 0, 0, 1, 0, 0, 0, 0, 3, 0, 1, 0, 0, 2, 1, 1, 2, 0, 0, 0, 0, 1, 1, 0, 0, 0, 1, 3, 0, 0, 1, 0, 0, 1, 0, 2, 0, 1, 0, 2, 1, 0, 0, 1, 1, 3, 0, 1, 3, 3, 1, 0, 0, 2, 1, 0, 0, 0, 1, 0, 0, 0, 0, 0, 0, 2, 0, 1, 0, 1, 0, 0, 2, 0],723.8563171257271,56799.68793028931,90835.78488551865,false
62,G2_TEC,G2_TEC,[20, 94, 66, 15, 26, 9, 95, 42, 77, 68, 47, 5, 3, 14, 86, 54, 85, 63, 18, 74, 31, 49, 36, 78, 44, 50, 53, 17, 21, 28, 11, 64, 93, 23, 30, 83, 24, 41, 40, 52, 65, 27, 90, 70, 39, 87, 48, 69, 99, 4, 46, 1, 13, 56, 97, 59, 45, 8, 73, 37, 35, 79, 71, 82, 76, 32, 60, 80, 58, 6, 67, 61, 33, 7, 57, 34, 12, 16, 10, 98, 96, 88, 43, 81, 91, 2, 84, 29, 38, 19, 51, 89, 75, 25, 72, 92, 22, 62, 55, 0]|[2, 1, 2, 1, 1, 2, 1, 1, 1, 1, 1, 0, 2, 2, 1, 2, 0, 0, 0, 2, 2, 1, 0, 2, 0, 2, 2, 1, 0, 1, 1, 1, 0, 0, 1, 0, 2, 1, 2, 2, 0, 0, 1, 1, 0, 2, 0, 2, 1, 0, 0, 2, 0, 2, 2, 0, 1, 1, 0, 0, 2, 1, 1, 2, 2, 0, 2, 2, 2, 1, 2, 1, 1, 2, 0, 1, 1, 2, 1, 2, 0, 1, 1, 1, 1, 0, 0, 1, 0, 1, 1, 1, 0, 1, 1, 0, 2, 1, 0, 0]|[1, 3, 1, 3, 4, 1, 4, 4, 4, 4, 3, 2, 1, 1, 2, 1, 1, 1, 2, 1, 1, 3, 0, 1, 0, 1, 1, 4, 1, 4, 3, 2, 2, 0, 4, 1, 1, 4, 1, 1, 2, 1, 4, 4, 1, 1, 0, 1, 3, 2, 2, 1, 2, 1, 1, 2, 4, 3, 0, 2, 1, 3, 3, 1, 1, 2, 1, 1, 1, 4, 1, 3, 4, 1, 2, 4, 3, 1, 3, 1, 2, 4, 4, 4, 3, 2, 2, 3, 2, 4, 3, 4, 2, 4, 4, 2, 1, 3, 2, 2]|[0, 2, 0, 0, 3, 0, 1, 3, 1, 0, 2, 0, 1, 0, 1, 0, 0, 0, 1, 0, 0, 2, 0, 0, 1, 0, 0, 3, 0, 1, 0, 2, 0, 0, 3, 0, 1, 1, 0, 0, 0, 0, 1, 3, 0, 0, 1, 0, 2, 0, 0, 0, 0, 0, 1, 0, 1, 0, 1, 1, 0, 2, 0, 0, 0, 0, 0, 0, 0, 2, 0, 0, 1, 0, 0, 1, 0, 0, 3, 0, 0, 1, 2, 2, 0, 0, 0, 3, 0, 1, 0, 1, 0, 3, 1, 0, 0, 0, 0, 0],916.442803653686,48100.947169548526,106478.50503569844,false
62,G3_TWC,G3_TWC,[31, 22, 42, 15, 26, 58, 95, 82, 77, 12, 47, 5, 93, 78, 98, 54, 85, 63, 18, 44, 20, 35, 43, 97, 91, 76, 10, 30, 21, 45, 71, 64, 1, 23, 17, 83, 24, 61, 60, 49, 6, 57, 94, 88, 65, 56, 79, 40, 67, 68, 46, 75, 38, 9, 19, 32, 81, 41, 27, 96, 87, 90, 99, 59, 53, 16, 72, 73, 70, 39, 37, 84, 3, 92, 25, 74, 28, 0, 51, 7, 11, 14, 34, 66, 89, 48, 50, 62, 33, 80, 8, 4, 86, 36, 55, 52, 2, 29, 69, 13]|[1, 1, 0, 1, 1, 1, 2, 1, 2, 1, 2, 2, 2, 1, 1, 0, 0, 1, 0, 2, 2, 0, 1, 2, 0, 1, 2, 2, 0, 0, 1, 2, 1, 0, 1, 0, 2, 0, 1, 1, 0, 1, 1, 1, 0, 2, 1, 1, 0, 0, 0, 0, 1, 1, 0, 1, 2, 0, 0, 0, 2, 1, 0, 1, 0, 1, 2, 1, 1, 1, 1, 1, 2, 0, 1, 2, 0, 0, 0, 1, 0, 1, 2, 0, 1, 0, 0, 0, 2, 0, 1, 0, 0, 0, 1, 1, 0, 0, 1, 0]|[4, 3, 2, 2, 0, 0, 2, 2, 2, 4, 1, 1, 2, 4, 4, 1, 1, 4, 2, 1, 1, 1, 1, 2, 1, 2, 1, 1, 1, 1, 3, 2, 3, 0, 4, 0, 1, 1, 0, 3, 2, 2, 4, 0, 1, 1, 3, 2, 0, 1, 2, 2, 1, 4, 2, 3, 2, 1, 1, 1, 1, 3, 1, 1, 2, 3, 0, 4, 3, 1, 4, 1, 1, 2, 4, 1, 2, 1, 1, 3, 2, 3, 1, 1, 1, 1, 1, 1, 1, 1, 3, 2, 1, 1, 4, 1, 2, 2, 3, 2]|[0, 2, 1, 1, 3, 3, 0, 1, 0, 0, 0, 0, 1, 0, 1, 0, 0, 3, 1, 0, 0, 0, 3, 1, 0, 2, 0, 0, 0, 1, 0, 0, 0, 0, 3, 0, 1, 0, 0, 2, 1, 1, 2, 0, 0, 0, 0, 1, 1, 0, 0, 0, 1, 3, 1, 0, 1, 0, 0, 0, 0, 2, 0, 1, 1, 2, 1, 0, 0, 1, 1, 3, 0, 1, 3, 0, 1, 0, 0, 2, 1, 0, 0, 0, 1, 0, 0, 0, 0, 0, 2, 1, 0, 1, 3, 1, 0, 0, 0, 0],853.3971309728803,57893.20072825474,85384.09526730522,false
62,G1_CMAX,G4_BALANCED,[31, 22, 42, 15, 26, 58, 95, 82, 77, 12, 47, 5, 93, 78, 86, 54, 85, 63, 18, 44, 20, 35, 43, 97, 91, 76, 10, 30, 21, 45, 71, 64, 1, 23, 17, 83, 24, 14, 60, 36, 6, 57, 40, 88, 65, 56, 79, 94, 67, 68, 46, 75, 38, 9, 19, 32, 81, 41, 27, 62, 87, 90, 99, 59, 11, 16, 72, 73, 70, 39, 52, 84, 3, 92, 25, 74, 28, 29, 51, 7, 53, 61, 98, 48, 89, 50, 66, 96, 33, 80, 8, 4, 34, 55, 0, 37, 13, 2, 69, 49]|[1, 1, 0, 1, 1, 0, 2, 2, 2, 1, 2, 2, 2, 1, 1, 0, 0, 1, 0, 2, 2, 0, 1, 2, 0, 1, 2, 2, 0, 0, 1, 2, 1, 2, 1, 0, 2, 0, 1, 1, 0, 1, 1, 1, 0, 2, 1, 1, 0, 0, 0, 0, 1, 1, 2, 1, 2, 2, 0, 0, 2, 1, 0, 1, 2, 1, 2, 1, 1, 1, 1, 1, 2, 1, 1, 2, 0, 0, 0, 1, 0, 1, 0, 0, 1, 1, 2, 0, 2, 0, 1, 1, 1, 2, 0, 1, 0, 0, 1, 0]|[4, 3, 2, 2, 0, 1, 2, 2, 2, 4, 1, 1, 2, 4, 4, 1, 2, 4, 2, 1, 1, 1, 1, 2, 1, 2, 1, 1, 1, 1, 3, 2, 3, 1, 4, 0, 1, 1, 0, 3, 2, 2, 4, 0, 1, 1, 3, 4, 0, 1, 2, 2, 1, 4, 1, 3, 1, 1, 1, 2, 1, 3, 1, 1, 1, 3, 0, 4, 3, 1, 4, 1, 1, 4, 4, 1, 2, 2, 1, 3, 2, 3, 1, 1, 1, 3, 1, 1, 1, 1, 3, 4, 4, 1, 2, 1, 2, 2, 3, 1]|[0, 2, 1, 1, 3, 0, 0, 0, 0, 0, 0, 0, 1, 0, 1, 0, 0, 3, 1, 0, 0, 0, 3, 1, 0, 2, 0, 0, 0, 0, 0, 0, 0, 0, 3, 0, 1, 0, 0, 2, 1, 1, 2, 0, 0, 0, 0, 2, 1, 0, 0, 0, 1, 3, 0, 0, 0, 0, 0, 1, 0, 2, 0, 1, 0, 2, 1, 0, 0, 1, 1, 3, 0, 0, 3, 0, 1, 0, 0, 2, 1, 0, 0, 0, 1, 2, 0, 0, 0, 0, 2, 0, 3, 0, 0, 1, 0, 0, 2, 1],802.5487252592052,54695.20216890307,98636.5423143008,true
62,G4_BALANCED,G4_BALANCED,[31, 22, 42, 15, 26, 58, 95, 82, 77, 12, 47, 5, 93, 78, 98, 54, 85, 63, 18, 44, 20, 35, 43, 97, 91, 76, 10, 30, 21, 45, 71, 64, 1, 23, 17, 83, 24, 61, 60, 36, 6, 57, 94, 88, 65, 56, 79, 40, 67, 68, 46, 75, 38, 9, 19, 32, 81, 41, 27, 62, 87, 90, 99, 59, 53, 16, 72, 73, 70, 39, 37, 84, 3, 92, 25, 55, 28, 29, 51, 7, 11, 14, 86, 66, 89, 48, 50, 96, 33, 80, 8, 4, 34, 49, 74, 52, 2, 0, 69, 13]|[1, 1, 0, 1, 1, 1, 2, 1, 2, 1, 2, 2, 2, 1, 1, 0, 0, 1, 0, 2, 2, 0, 1, 2, 0, 1, 2, 2, 0, 0, 1, 2, 1, 0, 1, 0, 2, 1, 1, 1, 0, 1, 1, 1, 0, 2, 1, 1, 0, 0, 0, 0, 0, 1, 0, 1, 2, 0, 0, 0, 2, 1, 0, 1, 2, 1, 2, 1, 1, 1, 1, 1, 2, 0, 1, 1, 0, 0, 0, 1, 0, 1, 2, 2, 1, 0, 0, 2, 2, 0, 1, 1, 2, 0, 2, 1, 0, 0, 1, 0]|[4, 3, 2, 2, 0, 0, 2, 2, 2, 4, 1, 1, 2, 4, 4, 1, 1, 4, 2, 1, 1, 1, 1, 2, 1, 2, 1, 1, 1, 1, 3, 2, 3, 0, 4, 0, 1, 3, 0, 3, 2, 2, 4, 0, 1, 1, 3, 2, 0, 1, 2, 2, 1, 4, 2, 3, 2, 1, 1, 2, 1, 3, 1, 1, 1, 3, 1, 4, 3, 1, 4, 1, 1, 2, 4, 4, 2, 1, 1, 3, 2, 3, 1, 1, 1, 1, 1, 1, 1, 1, 3, 4, 1, 1, 1, 1, 2, 2, 4, 2]|[0, 2, 1, 1, 3, 3, 0, 1, 0, 0, 0, 0, 1, 0, 1, 0, 0, 3, 1, 0, 0, 0, 3, 1, 0, 2, 0, 0, 0, 1, 0, 0, 0, 0, 3, 0, 1, 0, 0, 2, 1, 1, 2, 0, 0, 0, 0, 1, 1, 0, 0, 0, 0, 3, 1, 0, 1, 0, 0, 1, 0, 2, 0, 1, 0, 2, 0, 0, 0, 1, 1, 3, 0, 1, 3, 3, 1, 0, 0, 2, 1, 0, 0, 0, 1, 0, 0, 0, 0, 0, 2, 0, 0, 1, 0, 1, 0, 0, 2, 0],780.9080703327578,56084.17457206405,90108.38400717554,false
62,G2_TEC,G2_TEC,[20, 94, 66, 15, 26, 9, 95, 42, 77, 68, 47, 5, 3, 14, 86, 54, 85, 63, 18, 74, 31, 49, 36, 78, 44, 50, 53, 17, 21, 28, 11, 64, 93, 23, 30, 83, 24, 41, 40, 52, 65, 27, 90, 70, 39, 87, 48, 69, 99, 4, 46, 1, 13, 56, 97, 59, 45, 8, 73, 37, 35, 79, 71, 82, 76, 32, 60, 80, 58, 6, 67, 61, 33, 7, 57, 34, 12, 16, 10, 98, 96, 88, 43, 81, 91, 2, 84, 29, 38, 19, 51, 89, 75, 25, 72, 92, 22, 62, 55, 0]|[2, 1, 2, 1, 1, 2, 1, 1, 1, 1, 1, 0, 2, 2, 1, 2, 0, 0, 0, 2, 2, 1, 0, 2, 0, 2, 2, 1, 0, 1, 1, 1, 0, 0, 1, 0, 2, 1, 2, 2, 0, 0, 1, 1, 0, 2, 0, 2, 1, 0, 0, 2, 0, 2, 2, 0, 1, 1, 0, 0, 2, 1, 1, 2, 2, 0, 2, 2, 2, 1, 2, 1, 1, 2, 0, 1, 1, 2, 1, 2, 0, 1, 1, 1, 1, 0, 0, 1, 0, 1, 1, 1, 0, 1, 1, 0, 2, 1, 0, 0]|[1, 3, 1, 3, 4, 1, 4, 4, 4, 4, 3, 2, 1, 1, 2, 1, 1, 1, 2, 1, 1, 3, 0, 1, 0, 1, 1, 4, 1, 4, 3, 2, 2, 0, 4, 1, 1, 4, 1, 1, 2, 1, 4, 4, 1, 1, 0, 1, 3, 2, 2, 1, 2, 1, 1, 2, 4, 3, 0, 2, 1, 3, 3, 1, 1, 2, 1, 1, 1, 4, 1, 3, 4, 1, 2, 4, 3, 1, 3, 1, 2, 4, 4, 4, 3, 2, 2, 3, 2, 4, 3, 4, 2, 4, 4, 2, 1, 3, 2, 2]|[0, 2, 0, 0, 3, 0, 1, 3, 1, 0, 2, 0, 1, 0, 1, 0, 0, 0, 1, 0, 0, 2, 0, 0, 1, 0, 0, 3, 0, 1, 0, 2, 0, 0, 3, 0, 1, 1, 0, 0, 0, 0, 1, 3, 0, 0, 1, 0, 2, 0, 0, 0, 0, 0, 1, 0, 1, 0, 1, 1, 0, 2, 0, 0, 0, 0, 0, 0, 0, 2, 0, 0, 1, 0, 0, 1, 0, 0, 3, 0, 0, 1, 2, 2, 0, 0, 0, 3, 0, 1, 0, 1, 0, 3, 1, 0, 0, 0, 0, 0],916.442803653686,48100.947169548526,106478.50503569844,false
62,G3_TWC,G3_TWC,[31, 22, 42, 15, 26, 58, 95, 82, 77, 12, 47, 5, 93, 78, 98, 54, 85, 63, 18, 44, 20, 35, 43, 97, 91, 76, 10, 30, 21, 45, 71, 64, 1, 23, 17, 83, 24, 61, 60, 49, 6, 57, 94, 88, 65, 56, 79, 40, 67, 68, 46, 75, 38, 9, 19, 32, 81, 41, 27, 96, 87, 90, 99, 59, 53, 16, 72, 73, 70, 39, 37, 84, 3, 92, 25, 74, 28, 0, 51, 7, 11, 14, 34, 66, 89, 48, 50, 62, 33, 80, 8, 4, 86, 36, 55, 52, 2, 29, 69, 13]|[1, 1, 0, 1, 1, 1, 2, 1, 2, 1, 2, 2, 2, 1, 1, 0, 0, 1, 0, 2, 2, 0, 1, 2, 0, 1, 2, 2, 0, 0, 1, 2, 1, 0, 1, 0, 2, 0, 1, 1, 0, 1, 1, 1, 0, 2, 1, 1, 0, 0, 0, 0, 1, 1, 0, 1, 2, 0, 0, 0, 2, 1, 0, 1, 0, 1, 2, 1, 1, 1, 1, 1, 2, 0, 1, 2, 0, 0, 0, 1, 0, 1, 2, 0, 1, 0, 0, 0, 2, 0, 1, 0, 0, 0, 1, 1, 0, 0, 1, 0]|[4, 3, 2, 2, 0, 0, 2, 2, 2, 4, 1, 1, 2, 4, 4, 1, 1, 4, 2, 1, 1, 1, 1, 2, 1, 2, 1, 1, 1, 1, 3, 2, 3, 0, 4, 0, 1, 1, 0, 3, 2, 2, 4, 0, 1, 1, 3, 2, 0, 1, 2, 2, 1, 4, 2, 3, 2, 1, 1, 1, 1, 3, 1, 1, 2, 3, 0, 4, 3, 1, 4, 1, 1, 2, 4, 1, 2, 1, 1, 3, 2, 3, 1, 1, 1, 1, 1, 1, 1, 1, 3, 2, 1, 1, 4, 1, 2, 2, 3, 2]|[0, 2, 1, 1, 3, 3, 0, 1, 0, 0, 0, 0, 1, 0, 1, 0, 0, 3, 1, 0, 0, 0, 3, 1, 0, 2, 0, 0, 0, 1, 0, 0, 0, 0, 3, 0, 1, 0, 0, 2, 1, 1, 2, 0, 0, 0, 0, 1, 1, 0, 0, 0, 1, 3, 1, 0, 1, 0, 0, 0, 0, 2, 0, 1, 1, 2, 1, 0, 0, 1, 1, 3, 0, 1, 3, 0, 1, 0, 0, 2, 1, 0, 0, 0, 1, 0, 0, 0, 0, 0, 2, 1, 0, 1, 3, 1, 0, 0, 0, 0],853.3971309728803,57893.20072825474,85384.09526730522,false
62,G1_CMAX,G1_CMAX,[31, 22, 82, 15, 26, 99, 95, 42, 77, 12, 47, 5, 93, 78, 86, 54, 21, 63, 18, 44, 20, 35, 43, 97, 91, 76, 10, 30, 85, 45, 71, 64, 1, 23, 17, 83, 24, 61, 60, 36, 6, 57, 94, 88, 65, 56, 79, 40, 67, 68, 46, 75, 38, 9, 19, 32, 98, 41, 27, 62, 87, 90, 58, 59, 53, 16, 72, 73, 70, 39, 37, 84, 3, 92, 25, 55, 28, 29, 51, 7, 11, 14, 81, 66, 89, 50, 48, 96, 33, 80, 8, 4, 0, 49, 2, 52, 13, 34, 69, 74]|[1, 1, 0, 1, 1, 0, 1, 2, 2, 1, 2, 2, 2, 1, 1, 0, 0, 1, 0, 2, 2, 0, 1, 2, 0, 1, 2, 2, 0, 0, 1, 2, 1, 2, 1, 0, 2, 0, 1, 1, 0, 1, 1, 1, 0, 2, 1, 1, 0, 0, 0, 0, 1, 1, 2, 1, 2, 0, 0, 0, 2, 1, 0, 1, 2, 1, 2, 1, 1, 1, 1, 1, 2, 0, 1, 2, 0, 0, 0, 1, 0, 1, 0, 2, 1, 0, 0, 2, 2, 0, 1, 1, 0, 0, 0, 1, 0, 2, 1, 2]|[4, 3, 2, 2, 4, 1, 2, 2, 2, 4, 1, 1, 2, 4, 4, 1, 2, 4, 2, 1, 1, 1, 1, 2, 1, 2, 1, 1, 1, 1, 3, 2, 3, 1, 4, 0, 1, 1, 0, 3, 2, 2, 4, 0, 1, 1, 3, 2, 0, 1, 2, 2, 1, 4, 0, 3, 1, 1, 1, 2, 1, 3, 1, 1, 1, 3, 0, 4, 3, 1, 4, 1, 1, 0, 4, 1, 2, 1, 1, 3, 2, 3, 1, 1, 1, 1, 1, 1, 1, 1, 3, 4, 2, 1, 2, 1, 2, 1, 4, 1]|[0, 2, 1, 1, 3, 0, 1, 0, 0, 0, 0, 0, 1, 0, 1, 0, 0, 3, 1, 0, 0, 0, 3, 1, 0, 2, 0, 0, 0, 0, 0, 0, 0, 0, 3, 0, 1, 0, 0, 2, 1, 1, 2, 0, 0, 0, 0, 1, 1, 0, 0, 0, 1, 3, 0, 0, 0, 0, 0, 1, 0, 2, 0, 1, 0, 2, 1, 0, 0, 1, 1, 3, 0, 1, 3, 0, 1, 0, 0, 2, 1, 0, 0, 0, 1, 0, 0, 0, 0, 0, 2, 0, 0, 1, 0, 1, 0, 0, 2, 0],778.7160361555233,55204.88372755426,96451.98884599796,false
62,G4_BALANCED,G4_BALANCED,[31, 22, 42, 15, 26, 58, 95, 82, 77, 12, 47, 5, 93, 78, 98, 54, 85, 63, 18, 44, 20, 35, 43, 97, 91, 76, 10, 30, 21, 45, 71, 64, 1, 23, 17, 83, 24, 61, 60, 36, 6, 57, 94, 88, 65, 56, 79, 40, 67, 68, 46, 75, 38, 9, 19, 32, 81, 41, 27, 62, 87, 90, 99, 59, 53, 16, 72, 73, 70, 39, 37, 84, 3, 92, 25, 55, 28, 29, 51, 7, 11, 14, 86, 66, 89, 48, 50, 96, 33, 80, 8, 4, 34, 49, 74, 52, 2, 0, 69, 13]|[1, 1, 0, 1, 1, 1, 2, 1, 2, 1, 2, 2, 2, 1, 1, 0, 0, 1, 0, 2, 2, 0, 1, 2, 0, 1, 2, 2, 0, 0, 1, 2, 1, 0, 1, 0, 2, 1, 1, 1, 0, 1, 1, 1, 0, 2, 1, 1, 0, 0, 0, 0, 0, 1, 0, 1, 2, 0, 0, 0, 2, 1, 0, 1, 2, 1, 2, 1, 1, 1, 1, 1, 2, 0, 1, 1, 0, 0, 0, 1, 0, 1, 2, 2, 1, 0, 0, 2, 2, 0, 1, 1, 2, 0, 2, 1, 0, 0, 1, 0]|[4, 3, 2, 2, 0, 0, 2, 2, 2, 4, 1, 1, 2, 4, 4, 1, 1, 4, 2, 1, 1, 1, 1, 2, 1, 2, 1, 1, 1, 1, 3, 2, 3, 0, 4, 0, 1, 3, 0, 3, 2, 2, 4, 0, 1, 1, 3, 2, 0, 1, 2, 2, 1, 4, 2, 3, 2, 1, 1, 2, 1, 3, 1, 1, 1, 3, 1, 4, 3, 1, 4, 1, 1, 2, 4, 4, 2, 1, 1, 3, 2, 3, 1, 1, 1, 1, 1, 1, 1, 1, 3, 4, 1, 1, 1, 1, 2, 2, 4, 2]|[0, 2, 1, 1, 3, 3, 0, 1, 0, 0, 0, 0, 1, 0, 1, 0, 0, 3, 1, 0, 0, 0, 3, 1, 0, 2, 0, 0, 0, 1, 0, 0, 0, 0, 3, 0, 1, 0, 0, 2, 1, 1, 2, 0, 0, 0, 0, 1, 1, 0, 0, 0, 0, 3, 1, 0, 1, 0, 0, 1, 0, 2, 0, 1, 0, 2, 0, 0, 0, 1, 1, 3, 0, 1, 3, 3, 1, 0, 0, 2, 1, 0, 0, 0, 1, 0, 0, 0, 0, 0, 2, 0, 0, 1, 0, 1, 0, 0, 2, 0],780.9080703327578,56084.17457206405,90108.38400717554,false
62,G2_TEC,G2_TEC,[20, 94, 66, 15, 26, 9, 95, 42, 77, 68, 47, 5, 3, 14, 86, 54, 85, 63, 18, 74, 31, 49, 36, 78, 44, 50, 53, 17, 21, 28, 11, 64, 93, 23, 30, 83, 24, 41, 40, 52, 65, 27, 90, 70, 39, 87, 48, 69, 99, 4, 46, 1, 13, 56, 97, 59, 45, 8, 73, 37, 35, 79, 71, 82, 76, 32, 60, 80, 58, 6, 67, 61, 33, 7, 57, 34, 12, 16, 10, 98, 96, 88, 43, 81, 91, 2, 84, 29, 38, 19, 51, 89, 75, 25, 72, 92, 22, 62, 55, 0]|[2, 1, 2, 1, 1, 2, 1, 1, 1, 1, 1, 0, 2, 2, 1, 2, 0, 0, 0, 2, 2, 1, 0, 2, 0, 2, 2, 1, 0, 1, 1, 1, 0, 0, 1, 0, 2, 1, 2, 2, 0, 0, 1, 1, 0, 2, 0, 2, 1, 0, 0, 2, 0, 2, 2, 0, 1, 1, 0, 0, 2, 1, 1, 2, 2, 0, 2, 2, 2, 1, 2, 1, 1, 2, 0, 1, 1, 2, 1, 2, 0, 1, 1, 1, 1, 0, 0, 1, 0, 1, 1, 1, 0, 1, 1, 0, 2, 1, 0, 0]|[1, 3, 1, 3, 4, 1, 4, 4, 4, 4, 3, 2, 1, 1, 2, 1, 1, 1, 2, 1, 1, 3, 0, 1, 0, 1, 1, 4, 1, 4, 3, 2, 2, 0, 4, 1, 1, 4, 1, 1, 2, 1, 4, 4, 1, 1, 0, 1, 3, 2, 2, 1, 2, 1, 1, 2, 4, 3, 0, 2, 1, 3, 3, 1, 1, 2, 1, 1, 1, 4, 1, 3, 4, 1, 2, 4, 3, 1, 3, 1, 2, 4, 4, 4, 3, 2, 2, 3, 2, 4, 3, 4, 2, 4, 4, 2, 1, 3, 2, 2]|[0, 2, 0, 0, 3, 0, 1, 3, 1, 0, 2, 0, 1, 0, 1, 0, 0, 0, 1, 0, 0, 2, 0, 0, 1, 0, 0, 3, 0, 1, 0, 2, 0, 0, 3, 0, 1, 1, 0, 0, 0, 0, 1, 3, 0, 0, 1, 0, 2, 0, 0, 0, 0, 0, 1, 0, 1, 0, 1, 1, 0, 2, 0, 0, 0, 0, 0, 0, 0, 2, 0, 0, 1, 0, 0, 1, 0, 0, 3, 0, 0, 1, 2, 2, 0, 0, 0, 3, 0, 1, 0, 1, 0, 3, 1, 0, 0, 0, 0, 0],916.442803653686,48100.947169548526,106478.50503569844,false
62,G3_TWC,G3_TWC,[31, 22, 42, 15, 26, 58, 95, 82, 77, 12, 47, 5, 93, 78, 98, 54, 85, 63, 18, 44, 20, 35, 43, 97, 91, 76, 10, 30, 21, 45, 71, 64, 1, 23, 17, 83, 24, 61, 60, 49, 6, 57, 94, 88, 65, 56, 79, 40, 67, 68, 46, 75, 38, 9, 19, 32, 81, 41, 27, 96, 87, 90, 99, 59, 53, 16, 72, 73, 70, 39, 37, 84, 3, 92, 25, 74, 28, 0, 51, 7, 11, 14, 34, 66, 89, 48, 50, 62, 33, 80, 8, 4, 86, 36, 55, 52, 2, 29, 69, 13]|[1, 1, 0, 1, 1, 1, 2, 1, 2, 1, 2, 2, 2, 1, 1, 0, 0, 1, 0, 2, 2, 0, 1, 2, 0, 1, 2, 2, 0, 0, 1, 2, 1, 0, 1, 0, 2, 0, 1, 1, 0, 1, 1, 1, 0, 2, 1, 1, 0, 0, 0, 0, 1, 1, 0, 1, 2, 0, 0, 0, 2, 1, 0, 1, 0, 1, 2, 1, 1, 1, 1, 1, 2, 0, 1, 2, 0, 0, 0, 1, 0, 1, 2, 0, 1, 0, 0, 0, 2, 0, 1, 0, 0, 0, 1, 1, 0, 0, 1, 0]|[4, 3, 2, 2, 0, 0, 2, 2, 2, 4, 1, 1, 2, 4, 4, 1, 1, 4, 2, 1, 1, 1, 1, 2, 1, 2, 1, 1, 1, 1, 3, 2, 3, 0, 4, 0, 1, 1, 0, 3, 2, 2, 4, 0, 1, 1, 3, 2, 0, 1, 2, 2, 1, 4, 2, 3, 2, 1, 1, 1, 1, 3, 1, 1, 2, 3, 0, 4, 3, 1, 4, 1, 1, 2, 4, 1, 2, 1, 1, 3, 2, 3, 1, 1, 1, 1, 1, 1, 1, 1, 3, 2, 1, 1, 4, 1, 2, 2, 3, 2]|[0, 2, 1, 1, 3, 3, 0, 1, 0, 0, 0, 0, 1, 0, 1, 0, 0, 3, 1, 0, 0, 0, 3, 1, 0, 2, 0, 0, 0, 1, 0, 0, 0, 0, 3, 0, 1, 0, 0, 2, 1, 1, 2, 0, 0, 0, 0, 1, 1, 0, 0, 0, 1, 3, 1, 0, 1, 0, 0, 0, 0, 2, 0, 1, 1, 2, 1, 0, 0, 1, 1, 3, 0, 1, 3, 0, 1, 0, 0, 2, 1, 0, 0, 0, 1, 0, 0, 0, 0, 0, 2, 1, 0, 1, 3, 1, 0, 0, 0, 0],853.3971309728803,57893.20072825474,85384.09526730522,false
62,G1_CMAX,G1_CMAX,[31, 22, 82, 15, 26, 99, 95, 42, 77, 12, 47, 5, 93, 78, 86, 54, 21, 63, 18, 44, 20, 35, 43, 97, 91, 76, 10, 30, 85, 45, 71, 64, 1, 23, 17, 83, 24, 14, 60, 36, 6, 57, 40, 88, 65, 56, 79, 94, 67, 68, 46, 75, 38, 9, 19, 32, 41, 81, 27, 87, 90, 62, 59, 11, 16, 72, 73, 70, 39, 37, 84, 3, 7, 25, 55, 48, 28, 29, 51, 92, 33, 61, 98, 58, 89, 50, 66, 96, 53, 80, 4, 8, 34, 2, 52, 49, 13, 0, 69, 74]|[1, 1, 0, 1, 1, 0, 1, 1, 2, 1, 2, 2, 2, 1, 1, 0, 0, 1, 0, 2, 2, 0, 1, 2, 0, 1, 2, 2, 0, 0, 1, 2, 1, 2, 1, 0, 2, 0, 1, 1, 0, 1, 1, 1, 0, 2, 1, 1, 0, 0, 0, 0, 1, 1, 2, 1, 0, 2, 0, 2, 1, 0, 1, 2, 1, 2, 1, 1, 1, 1, 1, 1, 2, 1, 2, 0, 0, 0, 0, 0, 2, 1, 2, 0, 1, 0, 2, 2, 0, 0, 1, 1, 2, 0, 1, 0, 0, 0, 1, 2]|[4, 3, 2, 2, 4, 1, 2, 3, 2, 4, 1, 1, 2, 4, 4, 1, 1, 4, 2, 1, 1, 1, 1, 2, 1, 2, 1, 1, 2, 1, 3, 2, 3, 1, 4, 0, 1, 1, 0, 3, 2, 2, 2, 0, 1, 1, 0, 4, 0, 1, 2, 2, 1, 4, 0, 3, 1, 1, 1, 1, 3, 2, 1, 1, 3, 0, 4, 3, 1, 4, 1, 1, 1, 4, 1, 1, 2, 1, 1, 0, 1, 3, 1, 1, 1, 1, 1, 1, 2, 1, 4, 3, 1, 2, 1, 1, 2, 2, 4, 1]|[0, 2, 1, 1, 3, 0, 1, 3, 0, 0, 0, 0, 1, 0, 1, 0, 0, 3, 1, 0, 0, 0, 3, 1, 0, 2, 0, 0, 0, 1, 0, 0, 0, 0, 3, 0, 1, 0, 0, 2, 1, 1, 1, 0, 0, 0, 0, 2, 1, 0, 0, 0, 1, 3, 0, 0, 0, 0, 0, 0, 2, 1, 1, 0, 2, 1, 0, 0, 1, 1, 3, 1, 0, 3, 0, 0, 1, 0, 0, 1, 0, 0, 0, 0, 1, 0, 0, 0, 1, 0, 0, 2, 0, 0, 1, 1, 0, 0, 2, 0],733.6437548344954,55990.52367369108,93177.64910863033,false
62,G4_BALANCED,G4_BALANCED,[31, 22, 42, 15, 26, 58, 95, 82, 77, 12, 47, 5, 93, 78, 98, 54, 85, 63, 18, 44, 20, 35, 43, 97, 91, 76, 10, 30, 21, 45, 71, 64, 1, 23, 17, 83, 24, 61, 60, 36, 6, 57, 94, 88, 65, 56, 79, 40, 67, 68, 46, 75, 38, 9, 19, 32, 81, 41, 27, 62, 87, 90, 99, 59, 53, 16, 72, 73, 70, 39, 37, 84, 3, 92, 25, 55, 28, 29, 51, 7, 11, 14, 86, 66, 89, 48, 50, 96, 33, 80, 8, 4, 34, 49, 74, 52, 2, 0, 69, 13]|[1, 1, 0, 1, 1, 1, 2, 1, 2, 1, 2, 2, 2, 1, 1, 0, 0, 1, 0, 2, 2, 0, 1, 2, 0, 1, 2, 2, 0, 0, 1, 2, 1, 0, 1, 0, 2, 1, 1, 1, 0, 1, 1, 1, 0, 2, 1, 1, 0, 0, 0, 0, 0, 1, 0, 1, 2, 0, 0, 0, 2, 1, 0, 1, 2, 1, 2, 1, 1, 1, 1, 1, 2, 0, 1, 1, 0, 0, 0, 1, 0, 1, 2, 2, 1, 0, 0, 2, 2, 0, 1, 1, 2, 0, 2, 1, 0, 0, 1, 0]|[4, 3, 2, 2, 0, 0, 2, 2, 2, 4, 1, 1, 2, 4, 4, 1, 1, 4, 2, 1, 1, 1, 1, 2, 1, 2, 1, 1, 1, 1, 3, 2, 3, 0, 4, 0, 1, 3, 0, 3, 2, 2, 4, 0, 1, 1, 3, 2, 0, 1, 2, 2, 1, 4, 2, 3, 2, 1, 1, 2, 1, 3, 1, 1, 1, 3, 1, 4, 3, 1, 4, 1, 1, 2, 4, 4, 2, 1, 1, 3, 2, 3, 1, 1, 1, 1, 1, 1, 1, 1, 3, 4, 1, 1, 1, 1, 2, 2, 4, 2]|[0, 2, 1, 1, 3, 3, 0, 1, 0, 0, 0, 0, 1, 0, 1, 0, 0, 3, 1, 0, 0, 0, 3, 1, 0, 2, 0, 0, 0, 1, 0, 0, 0, 0, 3, 0, 1, 0, 0, 2, 1, 1, 2, 0, 0, 0, 0, 1, 1, 0, 0, 0, 0, 3, 1, 0, 1, 0, 0, 1, 0, 2, 0, 1, 0, 2, 0, 0, 0, 1, 1, 3, 0, 1, 3, 3, 1, 0, 0, 2, 1, 0, 0, 0, 1, 0, 0, 0, 0, 0, 2, 0, 0, 1, 0, 1, 0, 0, 2, 0],780.9080703327578,56084.17457206405,90108.38400717554,false
62,G2_TEC,G2_TEC,[20, 94, 66, 15, 26, 9, 95, 42, 77, 68, 47, 5, 3, 14, 86, 54, 85, 63, 18, 74, 31, 49, 36, 78, 44, 50, 53, 17, 21, 28, 11, 64, 93, 23, 30, 83, 24, 41, 40, 52, 65, 27, 90, 70, 39, 87, 48, 69, 99, 4, 46, 1, 13, 56, 97, 59, 45, 8, 73, 37, 35, 79, 71, 82, 76, 32, 60, 80, 58, 6, 67, 61, 33, 7, 57, 34, 12, 16, 10, 98, 96, 88, 43, 81, 91, 2, 84, 29, 38, 19, 51, 89, 75, 25, 72, 92, 22, 62, 55, 0]|[2, 1, 2, 1, 1, 2, 1, 1, 1, 1, 1, 0, 2, 2, 1, 2, 0, 0, 0, 2, 2, 1, 0, 2, 0, 2, 2, 1, 0, 1, 1, 1, 0, 0, 1, 0, 2, 1, 2, 2, 0, 0, 1, 1, 0, 2, 0, 2, 1, 0, 0, 2, 0, 2, 2, 0, 1, 1, 0, 0, 2, 1, 1, 2, 2, 0, 2, 2, 2, 1, 2, 1, 1, 2, 0, 1, 1, 2, 1, 2, 0, 1, 1, 1, 1, 0, 0, 1, 0, 1, 1, 1, 0, 1, 1, 0, 2, 1, 0, 0]|[1, 3, 1, 3, 4, 1, 4, 4, 4, 4, 3, 2, 1, 1, 2, 1, 1, 1, 2, 1, 1, 3, 0, 1, 0, 1, 1, 4, 1, 4, 3, 2, 2, 0, 4, 1, 1, 4, 1, 1, 2, 1, 4, 4, 1, 1, 0, 1, 3, 2, 2, 1, 2, 1, 1, 2, 4, 3, 0, 2, 1, 3, 3, 1, 1, 2, 1, 1, 1, 4, 1, 3, 4, 1, 2, 4, 3, 1, 3, 1, 2, 4, 4, 4, 3, 2, 2, 3, 2, 4, 3, 4, 2, 4, 4, 2, 1, 3, 2, 2]|[0, 2, 0, 0, 3, 0, 1, 3, 1, 0, 2, 0, 1, 0, 1, 0, 0, 0, 1, 0, 0, 2, 0, 0, 1, 0, 0, 3, 0, 1, 0, 2, 0, 0, 3, 0, 1, 1, 0, 0, 0, 0, 1, 3, 0, 0, 1, 0, 2, 0, 0, 0, 0, 0, 1, 0, 1, 0, 1, 1, 0, 2, 0, 0, 0, 0, 0, 0, 0, 2, 0, 0, 1, 0, 0, 1, 0, 0, 3, 0, 0, 1, 2, 2, 0, 0, 0, 3, 0, 1, 0, 1, 0, 3, 1, 0, 0, 0, 0, 0],916.442803653686,48100.947169548526,106478.50503569844,false
62,G3_TWC,G3_TWC,[31, 22, 42, 15, 26, 58, 95, 82, 77, 12, 47, 5, 93, 78, 98, 54, 85, 63, 18, 44, 20, 35, 43, 97, 91, 76, 10, 30, 21, 45, 71, 64, 1, 23, 17, 83, 24, 61, 60, 49, 6, 57, 94, 88, 65, 56, 79, 40, 67, 68, 46, 75, 38, 9, 19, 32, 81, 41, 27, 96, 87, 90, 99, 59, 53, 16, 72, 73, 70, 39, 37, 84, 3, 92, 25, 74, 28, 0, 51, 7, 11, 14, 34, 66, 89, 48, 50, 62, 33, 80, 8, 4, 86, 36, 55, 52, 2, 29, 69, 13]|[1, 1, 0, 1, 1, 1, 2, 1, 2, 1, 2, 2, 2, 1, 1, 0, 0, 1, 0, 2, 2, 0, 1, 2, 0, 1, 2, 2, 0, 0, 1, 2, 1, 0, 1, 0, 2, 0, 1, 1, 0, 1, 1, 1, 0, 2, 1, 1, 0, 0, 0, 0, 1, 1, 0, 1, 2, 0, 0, 0, 2, 1, 0, 1, 0, 1, 2, 1, 1, 1, 1, 1, 2, 0, 1, 2, 0, 0, 0, 1, 0, 1, 2, 0, 1, 0, 0, 0, 2, 0, 1, 0, 0, 0, 1, 1, 0, 0, 1, 0]|[4, 3, 2, 2, 0, 0, 2, 2, 2, 4, 1, 1, 2, 4, 4, 1, 1, 4, 2, 1, 1, 1, 1, 2, 1, 2, 1, 1, 1, 1, 3, 2, 3, 0, 4, 0, 1, 1, 0, 3, 2, 2, 4, 0, 1, 1, 3, 2, 0, 1, 2, 2, 1, 4, 2, 3, 2, 1, 1, 1, 1, 3, 1, 1, 2, 3, 0, 4, 3, 1, 4, 1, 1, 2, 4, 1, 2, 1, 1, 3, 2, 3, 1, 1, 1, 1, 1, 1, 1, 1, 3, 2, 1, 1, 4, 1, 2, 2, 3, 2]|[0, 2, 1, 1, 3, 3, 0, 1, 0, 0, 0, 0, 1, 0, 1, 0, 0, 3, 1, 0, 0, 0, 3, 1, 0, 2, 0, 0, 0, 1, 0, 0, 0, 0, 3, 0, 1, 0, 0, 2, 1, 1, 2, 0, 0, 0, 0, 1, 1, 0, 0, 0, 1, 3, 1, 0, 1, 0, 0, 0, 0, 2, 0, 1, 1, 2, 1, 0, 0, 1, 1, 3, 0, 1, 3, 0, 1, 0, 0, 2, 1, 0, 0, 0, 1, 0, 0, 0, 0, 0, 2, 1, 0, 1, 3, 1, 0, 0, 0, 0],853.3971309728803,57893.20072825474,85384.09526730522,false
62,G1_CMAX,G4_BALANCED,[31, 22, 42, 15, 26, 58, 95, 82, 77, 12, 47, 5, 93, 78, 98, 54, 85, 63, 18, 44, 20, 35, 43, 97, 91, 76, 10, 30, 21, 45, 71, 64, 1, 23, 17, 83, 24, 61, 60, 36, 6, 57, 94, 88, 65, 56, 79, 40, 67, 68, 46, 75, 38, 9, 19, 32, 81, 41, 27, 62, 87, 90, 99, 59, 53, 16, 72, 73, 70, 39, 37, 84, 3, 92, 25, 55, 28, 29, 51, 7, 11, 14, 86, 48, 89, 66, 50, 96, 33, 80, 8, 4, 0, 49, 2, 52, 13, 34, 69, 74]|[1, 1, 0, 1, 1, 1, 2, 1, 2, 1, 2, 2, 2, 1, 1, 0, 0, 1, 0, 2, 2, 0, 1, 2, 0, 1, 2, 2, 0, 0, 1, 2, 1, 0, 1, 0, 2, 0, 1, 1, 0, 1, 1, 1, 0, 2, 1, 1, 0, 0, 0, 0, 1, 1, 0, 1, 2, 0, 0, 0, 2, 1, 0, 1, 2, 1, 2, 1, 1, 1, 1, 1, 2, 0, 1, 2, 0, 0, 0, 1, 2, 1, 0, 0, 1, 2, 0, 2, 2, 0, 1, 0, 0, 0, 0, 1, 0, 2, 1, 2]|[4, 3, 2, 2, 0, 0, 2, 2, 2, 4, 1, 1, 2, 4, 4, 1, 1, 4, 2, 1, 1, 1, 1, 2, 1, 2, 1, 1, 1, 1, 3, 2, 3, 0, 4, 0, 1, 1, 0, 3, 2, 2, 4, 0, 1, 1, 3, 2, 0, 1, 2, 2, 1, 4, 2, 3, 2, 1, 1, 2, 1, 3, 1, 1, 1, 3, 0, 4, 3, 1, 4, 1, 1, 2, 4, 1, 2, 1, 1, 3, 1, 3, 1, 1, 1, 1, 1, 1, 1, 1, 3, 2, 2, 1, 2, 1, 2, 1, 3, 1]|[0, 2, 1, 1, 3, 3, 0, 1, 0, 0, 0, 0, 1, 0, 1, 0, 0, 3, 1, 0, 0, 0, 3, 1, 0, 2, 0, 0, 0, 1, 0, 0, 0, 0, 3, 0, 1, 0, 0, 2, 1, 1, 2, 0, 0, 0, 0, 1, 1, 0, 0, 0, 1, 3, 1, 0, 1, 0, 0, 1, 0, 2, 0, 1, 0, 2, 1, 0, 0, 1, 1, 3, 0, 1, 3, 0, 1, 0, 0, 2, 0, 0, 0, 0, 1, 0, 0, 0, 0, 0, 2, 1, 0, 1, 0, 1, 0, 0, 0, 0],776.495801222556,56873.05318947259,88040.77513046373,true
62,G4_BALANCED,G4_BALANCED,[31, 22, 42, 15, 26, 58, 95, 82, 77, 12, 47, 5, 93, 78, 98, 54, 85, 63, 18, 44, 20, 35, 43, 97, 91, 76, 10, 30, 21, 45, 71, 64, 1, 23, 17, 83, 24, 61, 60, 36, 6, 57, 94, 88, 65, 56, 79, 40, 67, 68, 46, 75, 38, 9, 19, 32, 81, 41, 27, 62, 87, 90, 99, 59, 53, 16, 72, 73, 70, 39, 37, 84, 3, 92, 25, 55, 28, 29, 51, 7, 11, 14, 86, 66, 89, 48, 50, 96, 33, 80, 8, 4, 34, 49, 74, 52, 2, 0, 69, 13]|[1, 1, 0, 1, 1, 1, 2, 1, 2, 1, 2, 2, 2, 1, 1, 0, 0, 1, 0, 2, 2, 0, 1, 2, 0, 1, 2, 2, 0, 0, 1, 2, 1, 0, 1, 0, 2, 1, 1, 1, 0, 1, 1, 1, 0, 2, 1, 1, 0, 0, 0, 0, 0, 1, 0, 1, 2, 0, 0, 0, 2, 1, 0, 1, 2, 1, 2, 1, 1, 1, 1, 1, 2, 0, 1, 1, 0, 0, 0, 1, 0, 1, 2, 2, 1, 0, 0, 2, 2, 0, 1, 1, 2, 0, 2, 1, 0, 0, 1, 0]|[4, 3, 2, 2, 0, 0, 2, 2, 2, 4, 1, 1, 2, 4, 4, 1, 1, 4, 2, 1, 1, 1, 1, 2, 1, 2, 1, 1, 1, 1, 3, 2, 3, 0, 4, 0, 1, 3, 0, 3, 2, 2, 4, 0, 1, 1, 3, 2, 0, 1, 2, 2, 1, 4, 2, 3, 2, 1, 1, 2, 1, 3, 1, 1, 1, 3, 1, 4, 3, 1, 4, 1, 1, 2, 4, 4, 2, 1, 1, 3, 2, 3, 1, 1, 1, 1, 1, 1, 1, 1, 3, 4, 1, 1, 1, 1, 2, 2, 4, 2]|[0, 2, 1, 1, 3, 3, 0, 1, 0, 0, 0, 0, 1, 0, 1, 0, 0, 3, 1, 0, 0, 0, 3, 1, 0, 2, 0, 0, 0, 1, 0, 0, 0, 0, 3, 0, 1, 0, 0, 2, 1, 1, 2, 0, 0, 0, 0, 1, 1, 0, 0, 0, 0, 3, 1, 0, 1, 0, 0, 1, 0, 2, 0, 1, 0, 2, 0, 0, 0, 1, 1, 3, 0, 1, 3, 3, 1, 0, 0, 2, 1, 0, 0, 0, 1, 0, 0, 0, 0, 0, 2, 0, 0, 1, 0, 1, 0, 0, 2, 0],780.9080703327578,56084.17457206405,90108.38400717554,false
62,G2_TEC,G2_TEC,[20, 94, 66, 15, 26, 9, 95, 42, 77, 68, 47, 5, 3, 14, 86, 54, 85, 63, 18, 74, 31, 49, 36, 78, 44, 50, 53, 17, 21, 28, 11, 64, 93, 23, 30, 83, 24, 41, 40, 52, 65, 27, 90, 70, 39, 87, 48, 69, 99, 4, 46, 1, 13, 56, 97, 59, 45, 8, 73, 37, 35, 79, 71, 82, 76, 32, 60, 80, 58, 6, 67, 61, 33, 7, 57, 34, 12, 16, 10, 98, 96, 88, 43, 81, 91, 2, 84, 29, 38, 19, 51, 89, 75, 25, 72, 92, 22, 62, 55, 0]|[2, 1, 2, 1, 1, 2, 1, 1, 1, 1, 1, 0, 2, 2, 1, 2, 0, 0, 0, 2, 2, 1, 0, 2, 0, 2, 2, 1, 0, 1, 1, 1, 0, 0, 1, 0, 2, 1, 2, 2, 0, 0, 1, 1, 0, 2, 0, 2, 1, 0, 0, 2, 0, 2, 2, 0, 1, 1, 0, 0, 2, 1, 1, 2, 2, 0, 2, 2, 2, 1, 2, 1, 1, 2, 0, 1, 1, 2, 1, 2, 0, 1, 1, 1, 1, 0, 0, 1, 0, 1, 1, 1, 0, 1, 1, 0, 2, 1, 0, 0]|[1, 3, 1, 3, 4, 1, 4, 4, 4, 4, 3, 2, 1, 1, 2, 1, 1, 1, 2, 1, 1, 3, 0, 1, 0, 1, 1, 4, 1, 4, 3, 2, 2, 0, 4, 1, 1, 4, 1, 1, 2, 1, 4, 4, 1, 1, 0, 1, 3, 2, 2, 1, 2, 1, 1, 2, 4, 3, 0, 2, 1, 3, 3, 1, 1, 2, 1, 1, 1, 4, 1, 3, 4, 1, 2, 4, 3, 1, 3, 1, 2, 4, 4, 4, 3, 2, 2, 3, 2, 4, 3, 4, 2, 4, 4, 2, 1, 3, 2, 2]|[0, 2, 0, 0, 3, 0, 1, 3, 1, 0, 2, 0, 1, 0, 1, 0, 0, 0, 1, 0, 0, 2, 0, 0, 1, 0, 0, 3, 0, 1, 0, 2, 0, 0, 3, 0, 1, 1, 0, 0, 0, 0, 1, 3, 0, 0, 1, 0, 2, 0, 0, 0, 0, 0, 1, 0, 1, 0, 1, 1, 0, 2, 0, 0, 0, 0, 0, 0, 0, 2, 0, 0, 1, 0, 0, 1, 0, 0, 3, 0, 0, 1, 2, 2, 0, 0, 0, 3, 0, 1, 0, 1, 0, 3, 1, 0, 0, 0, 0, 0],916.442803653686,48100.947169548526,106478.50503569844,false
62,G3_TWC,G3_TWC,[31, 22, 42, 15, 26, 58, 95, 82, 77, 12, 47, 5, 93, 78, 98, 54, 85, 63, 18, 44, 20, 35, 43, 97, 91, 76, 10, 30, 21, 45, 71, 64, 1, 23, 17, 83, 24, 61, 60, 49, 6, 57, 94, 88, 65, 56, 79, 40, 67, 68, 46, 75, 38, 9, 19, 32, 81, 41, 27, 96, 87, 90, 99, 59, 53, 16, 72, 73, 70, 39, 37, 84, 3, 92, 25, 74, 28, 0, 51, 7, 11, 14, 34, 66, 89, 48, 50, 62, 33, 80, 8, 4, 86, 36, 55, 52, 2, 29, 69, 13]|[1, 1, 0, 1, 1, 1, 2, 1, 2, 1, 2, 2, 2, 1, 1, 0, 0, 1, 0, 2, 2, 0, 1, 2, 0, 1, 2, 2, 0, 0, 1, 2, 1, 0, 1, 0, 2, 0, 1, 1, 0, 1, 1, 1, 0, 2, 1, 1, 0, 0, 0, 0, 1, 1, 0, 1, 2, 0, 0, 0, 2, 1, 0, 1, 0, 1, 2, 1, 1, 1, 1, 1, 2, 0, 1, 2, 0, 0, 0, 1, 0, 1, 2, 0, 1, 0, 0, 0, 2, 0, 1, 0, 0, 0, 1, 1, 0, 0, 1, 0]|[4, 3, 2, 2, 0, 0, 2, 2, 2, 4, 1, 1, 2, 4, 4, 1, 1, 4, 2, 1, 1, 1, 1, 2, 1, 2, 1, 1, 1, 1, 3, 2, 3, 0, 4, 0, 1, 1, 0, 3, 2, 2, 4, 0, 1, 1, 3, 2, 0, 1, 2, 2, 1, 4, 2, 3, 2, 1, 1, 1, 1, 3, 1, 1, 2, 3, 0, 4, 3, 1, 4, 1, 1, 2, 4, 1, 2, 1, 1, 3, 2, 3, 1, 1, 1, 1, 1, 1, 1, 1, 3, 2, 1, 1, 4, 1, 2, 2, 3, 2]|[0, 2, 1, 1, 3, 3, 0, 1, 0, 0, 0, 0, 1, 0, 1, 0, 0, 3, 1, 0, 0, 0, 3, 1, 0, 2, 0, 0, 0, 1, 0, 0, 0, 0, 3, 0, 1, 0, 0, 2, 1, 1, 2, 0, 0, 0, 0, 1, 1, 0, 0, 0, 1, 3, 1, 0, 1, 0, 0, 0, 0, 2, 0, 1, 1, 2, 1, 0, 0, 1, 1, 3, 0, 1, 3, 0, 1, 0, 0, 2, 1, 0, 0, 0, 1, 0, 0, 0, 0, 0, 2, 1, 0, 1, 3, 1, 0, 0, 0, 0],853.3971309728803,57893.20072825474,85384.09526730522,false
62,G1_CMAX,G4_BALANCED,[31, 22, 82, 15, 26, 99, 95, 42, 77, 12, 47, 5, 93, 78, 86, 54, 21, 63, 18, 44, 20, 23, 43, 97, 91, 76, 10, 30, 85, 45, 71, 64, 1, 35, 17, 83, 24, 14, 60, 36, 6, 57, 94, 88, 65, 56, 79, 40, 67, 68, 46, 75, 38, 9, 19, 32, 41, 81, 27, 87, 90, 58, 59, 11, 16, 72, 73, 70, 39, 37, 84, 3, 92, 25, 55, 48, 62, 29, 51, 96, 33, 61, 98, 28, 89, 50, 4, 7, 53, 80, 8, 66, 34, 49, 52, 0, 74, 69, 2, 13]|[1, 1, 0, 1, 1, 0, 1, 1, 2, 1, 2, 2, 2, 1, 1, 0, 0, 1, 0, 2, 2, 2, 1, 2, 0, 1, 2, 2, 0, 0, 1, 2, 1, 2, 1, 0, 2, 0, 1, 1, 0, 1, 1, 1, 0, 2, 1, 1, 0, 0, 0, 0, 1, 1, 2, 1, 0, 2, 0, 2, 1, 0, 1, 2, 1, 2, 1, 1, 1, 1, 1, 1, 0, 1, 2, 0, 0, 0, 0, 2, 2, 1, 0, 0, 1, 0, 1, 2, 0, 0, 1, 2, 2, 0, 1, 0, 2, 1, 0, 0]|[4, 3, 2, 2, 4, 1, 2, 3, 2, 4, 1, 1, 2, 4, 4, 1, 1, 4, 2, 1, 1, 1, 1, 2, 1, 2, 1, 1, 1, 1, 3, 2, 3, 1, 4, 0, 1, 1, 0, 3, 2, 2, 4, 0, 1, 1, 0, 4, 0, 1, 2, 2, 1, 4, 0, 3, 1, 1, 1, 1, 3, 1, 1, 1, 3, 0, 4, 3, 1, 4, 1, 1, 0, 4, 1, 1, 2, 1, 1, 1, 1, 3, 1, 2, 1, 1, 4, 1, 2, 1, 3, 1, 1, 2, 1, 2, 1, 4, 2, 2]|[0, 2, 1, 1, 3, 0, 1, 3, 0, 0, 0, 0, 1, 0, 1, 0, 0, 3, 1, 0, 0, 0, 3, 1, 0, 2, 0, 0, 0, 1, 0, 0, 0, 0, 3, 0, 1, 0, 0, 2, 1, 1, 2, 0, 0, 0, 0, 2, 1, 0, 0, 0, 1, 3, 0, 0, 0, 0, 0, 0, 2, 0, 1, 0, 2, 1, 0, 0, 1, 1, 3, 1, 1, 3, 0, 0, 1, 0, 0, 0, 0, 0, 0, 1, 1, 0, 0, 0, 1, 0, 2, 0, 0, 0, 1, 0, 0, 2, 0, 0],788.6447139060145,55317.148903900605,95332.14038831917,true
62,G4_BALANCED,G4_BALANCED,[31, 22, 42, 15, 26, 58, 95, 82, 77, 12, 47, 5, 93, 78, 98, 54, 85, 63, 18, 44, 20, 35, 43, 97, 91, 76, 10, 30, 21, 45, 71, 64, 1, 23, 17, 83, 24, 61, 60, 36, 6, 57, 94, 88, 65, 56, 79, 40, 67, 68, 46, 75, 38, 9, 19, 32, 81, 41, 27, 62, 87, 90, 99, 59, 53, 16, 72, 73, 70, 39, 37, 84, 3, 92, 25, 55, 28, 29, 51, 7, 11, 14, 86, 66, 89, 48, 50, 96, 33, 80, 8, 4, 34, 49, 74, 52, 2, 0, 69, 13]|[1, 1, 0, 1, 1, 1, 2, 1, 2, 1, 2, 2, 2, 1, 1, 0, 0, 1, 0, 2, 2, 0, 1, 2, 0, 1, 2, 2, 0, 0, 1, 2, 1, 0, 1, 0, 2, 1, 1, 1, 0, 1, 1, 1, 0, 2, 1, 1, 0, 0, 0, 0, 0, 1, 0, 1, 2, 0, 0, 0, 2, 1, 0, 1, 2, 1, 2, 1, 1, 1, 1, 1, 2, 0, 1, 1, 0, 0, 0, 1, 0, 1, 2, 2, 1, 0, 0, 2, 2, 0, 1, 1, 2, 0, 2, 1, 0, 0, 1, 0]|[4, 3, 2, 2, 0, 0, 2, 2, 2, 4, 1, 1, 2, 4, 4, 1, 1, 4, 2, 1, 1, 1, 1, 2, 1, 2, 1, 1, 1, 1, 3, 2, 3, 0, 4, 0, 1, 3, 0, 3, 2, 2, 4, 0, 1, 1, 3, 2, 0, 1, 2, 2, 1, 4, 2, 3, 2, 1, 1, 2, 1, 3, 1, 1, 1, 3, 1, 4, 3, 1, 4, 1, 1, 2, 4, 4, 2, 1, 1, 3, 2, 3, 1, 1, 1, 1, 1, 1, 1, 1, 3, 4, 1, 1, 1, 1, 2, 2, 4, 2]|[0, 2, 1, 1, 3, 3, 0, 1, 0, 0, 0, 0, 1, 0, 1, 0, 0, 3, 1, 0, 0, 0, 3, 1, 0, 2, 0, 0, 0, 1, 0, 0, 0, 0, 3, 0, 1, 0, 0, 2, 1, 1, 2, 0, 0, 0, 0, 1, 1, 0, 0, 0, 0, 3, 1, 0, 1, 0, 0, 1, 0, 2, 0, 1, 0, 2, 0, 0, 0, 1, 1, 3, 0, 1, 3, 3, 1, 0, 0, 2, 1, 0, 0, 0, 1, 0, 0, 0, 0, 0, 2, 0, 0, 1, 0, 1, 0, 0, 2, 0],780.9080703327578,56084.17457206405,90108.38400717554,false
62,G2_TEC,G2_TEC,[20, 94, 66, 15, 26, 9, 95, 42, 77, 68, 47, 5, 3, 14, 86, 54, 85, 63, 18, 74, 31, 49, 36, 78, 44, 50, 53, 17, 21, 28, 11, 64, 93, 23, 30, 83, 24, 41, 40, 52, 65, 27, 90, 70, 39, 87, 48, 69, 99, 4, 46, 1, 13, 56, 97, 59, 45, 8, 73, 37, 35, 79, 71, 82, 76, 32, 60, 80, 58, 6, 67, 61, 33, 7, 57, 34, 12, 16, 10, 98, 96, 88, 43, 81, 91, 2, 84, 29, 38, 19, 51, 89, 75, 25, 72, 92, 22, 62, 55, 0]|[2, 1, 2, 1, 1, 2, 1, 1, 1, 1, 1, 0, 2, 2, 1, 2, 0, 0, 0, 2, 2, 1, 0, 2, 0, 2, 2, 1, 0, 1, 1, 1, 0, 0, 1, 0, 2, 1, 2, 2, 0, 0, 1, 1, 0, 2, 0, 2, 1, 0, 0, 2, 0, 2, 2, 0, 1, 1, 0, 0, 2, 1, 1, 2, 2, 0, 2, 2, 2, 1, 2, 1, 1, 2, 0, 1, 1, 2, 1, 2, 0, 1, 1, 1, 1, 0, 0, 1, 0, 1, 1, 1, 0, 1, 1, 0, 2, 1, 0, 0]|[1, 3, 1, 3, 4, 1, 4, 4, 4, 4, 3, 2, 1, 1, 2, 1, 1, 1, 2, 1, 1, 3, 0, 1, 0, 1, 1, 4, 1, 4, 3, 2, 2, 0, 4, 1, 1, 4, 1, 1, 2, 1, 4, 4, 1, 1, 0, 1, 3, 2, 2, 1, 2, 1, 1, 2, 4, 3, 0, 2, 1, 3, 3, 1, 1, 2, 1, 1, 1, 4, 1, 3, 4, 1, 2, 4, 3, 1, 3, 1, 2, 4, 4, 4, 3, 2, 2, 3, 2, 4, 3, 4, 2, 4, 4, 2, 1, 3, 2, 2]|[0, 2, 0, 0, 3, 0, 1, 3, 1, 0, 2, 0, 1, 0, 1, 0, 0, 0, 1, 0, 0, 2, 0, 0, 1, 0, 0, 3, 0, 1, 0, 2, 0, 0, 3, 0, 1, 1, 0, 0, 0, 0, 1, 3, 0, 0, 1, 0, 2, 0, 0, 0, 0, 0, 1, 0, 1, 0, 1, 1, 0, 2, 0, 0, 0, 0, 0, 0, 0, 2, 0, 0, 1, 0, 0, 1, 0, 0, 3, 0, 0, 1, 2, 2, 0, 0, 0, 3, 0, 1, 0, 1, 0, 3, 1, 0, 0, 0, 0, 0],916.442803653686,48100.947169548526,106478.50503569844,false
62,G3_TWC,G3_TWC,[31, 22, 42, 15, 26, 58, 95, 82, 77, 12, 47, 5, 93, 78, 98, 54, 85, 63, 18, 44, 20, 35, 43, 97, 91, 76, 10, 30, 21, 45, 71, 64, 1, 23, 17, 83, 24, 61, 60, 49, 6, 57, 94, 88, 65, 56, 79, 40, 67, 68, 46, 75, 38, 9, 19, 32, 81, 41, 27, 96, 87, 90, 99, 59, 53, 16, 72, 73, 70, 39, 37, 84, 3, 92, 25, 74, 28, 0, 51, 7, 11, 14, 34, 66, 89, 48, 50, 62, 33, 80, 8, 4, 86, 36, 55, 52, 2, 29, 69, 13]|[1, 1, 0, 1, 1, 1, 2, 1, 2, 1, 2, 2, 2, 1, 1, 0, 0, 1, 0, 2, 2, 0, 1, 2, 0, 1, 2, 2, 0, 0, 1, 2, 1, 0, 1, 0, 2, 0, 1, 1, 0, 1, 1, 1, 0, 2, 1, 1, 0, 0, 0, 0, 1, 1, 0, 1, 2, 0, 0, 0, 2, 1, 0, 1, 0, 1, 2, 1, 1, 1, 1, 1, 2, 0, 1, 2, 0, 0, 0, 1, 0, 1, 2, 0, 1, 0, 0, 0, 2, 0, 1, 0, 0, 0, 1, 1, 0, 0, 1, 0]|[4, 3, 2, 2, 0, 0, 2, 2, 2, 4, 1, 1, 2, 4, 4, 1, 1, 4, 2, 1, 1, 1, 1, 2, 1, 2, 1, 1, 1, 1, 3, 2, 3, 0, 4, 0, 1, 1, 0, 3, 2, 2, 4, 0, 1, 1, 3, 2, 0, 1, 2, 2, 1, 4, 2, 3, 2, 1, 1, 1, 1, 3, 1, 1, 2, 3, 0, 4, 3, 1, 4, 1, 1, 2, 4, 1, 2, 1, 1, 3, 2, 3, 1, 1, 1, 1, 1, 1, 1, 1, 3, 2, 1, 1, 4, 1, 2, 2, 3, 2]|[0, 2, 1, 1, 3, 3, 0, 1, 0, 0, 0, 0, 1, 0, 1, 0, 0, 3, 1, 0, 0, 0, 3, 1, 0, 2, 0, 0, 0, 1, 0, 0, 0, 0, 3, 0, 1, 0, 0, 2, 1, 1, 2, 0, 0, 0, 0, 1, 1, 0, 0, 0, 1, 3, 1, 0, 1, 0, 0, 0, 0, 2, 0, 1, 1, 2, 1, 0, 0, 1, 1, 3, 0, 1, 3, 0, 1, 0, 0, 2, 1, 0, 0, 0, 1, 0, 0, 0, 0, 0, 2, 1, 0, 1, 3, 1, 0, 0, 0, 0],853.3971309728803,57893.20072825474,85384.09526730522,false
62,G1_CMAX,G3_TWC,[31, 22, 42, 15, 26, 58, 95, 82, 77, 12, 47, 5, 93, 78, 98, 54, 85, 63, 18, 44, 20, 35, 43, 97, 91, 76, 10, 30, 21, 45, 71, 64, 1, 23, 17, 83, 24, 61, 60, 49, 6, 57, 94, 88, 65, 56, 79, 40, 67, 68, 46, 75, 0, 9, 19, 32, 81, 41, 27, 62, 87, 90, 99, 59, 53, 16, 72, 73, 70, 39, 37, 84, 3, 92, 25, 74, 28, 38, 51, 7, 11, 14, 34, 66, 89, 50, 48, 96, 33, 80, 4, 8, 86, 36, 55, 52, 2, 29, 69, 13]|[1, 1, 0, 1, 1, 1, 2, 1, 2, 1, 2, 2, 2, 1, 1, 0, 0, 1, 0, 2, 2, 0, 1, 2, 0, 1, 2, 2, 0, 0, 1, 2, 1, 0, 1, 0, 2, 0, 1, 1, 0, 1, 1, 1, 0, 2, 1, 1, 0, 0, 0, 0, 1, 1, 0, 1, 2, 0, 0, 0, 2, 1, 0, 1, 0, 1, 2, 1, 1, 1, 1, 1, 2, 0, 1, 2, 0, 0, 0, 1, 2, 1, 2, 0, 1, 0, 0, 0, 2, 0, 0, 1, 0, 0, 1, 1, 0, 0, 1, 0]|[4, 3, 2, 2, 0, 0, 2, 2, 2, 4, 1, 1, 2, 4, 4, 1, 1, 4, 2, 1, 1, 1, 1, 2, 1, 2, 1, 1, 1, 1, 3, 2, 3, 0, 4, 0, 1, 1, 0, 3, 2, 2, 4, 0, 1, 1, 3, 2, 0, 1, 2, 2, 1, 4, 2, 3, 2, 1, 1, 2, 1, 3, 1, 1, 2, 3, 0, 4, 3, 1, 4, 1, 1, 2, 4, 1, 2, 1, 1, 3, 1, 3, 1, 1, 1, 1, 1, 1, 1, 1, 2, 3, 1, 1, 4, 1, 2, 2, 3, 2]|[0, 2, 1, 1, 3, 3, 0, 1, 0, 0, 0, 0, 1, 0, 1, 0, 0, 3, 1, 0, 0, 0, 3, 1, 0, 2, 0, 0, 0, 1, 0, 0, 0, 0, 3, 0, 1, 0, 0, 2, 1, 1, 2, 0, 0, 0, 0, 1, 1, 0, 0, 0, 1, 3, 1, 0, 1, 0, 0, 1, 0, 2, 0, 1, 1, 2, 1, 0, 0, 1, 1, 3, 0, 1, 3, 0, 1, 0, 0, 2, 0, 0, 0, 0, 1, 0, 0, 0, 0, 0, 1, 2, 0, 1, 3, 1, 0, 0, 0, 0],832.8127165650682,57667.08302281113,86329.97911969994,true
62,G4_BALANCED,G4_BALANCED,[31, 22, 42, 15, 26, 58, 95, 82, 77, 12, 47, 5, 93, 78, 98, 54, 85, 63, 18, 44, 20, 35, 43, 97, 91, 76, 10, 30, 21, 45, 71, 64, 1, 23, 17, 83, 24, 61, 60, 36, 6, 57, 94, 88, 65, 56, 79, 40, 67, 68, 46, 75, 38, 9, 19, 32, 81, 41, 27, 62, 87, 90, 99, 59, 53, 16, 72, 73, 70, 39, 37, 84, 3, 92, 25, 55, 28, 29, 51, 7, 11, 14, 86, 66, 89, 48, 50, 96, 33, 80, 8, 4, 34, 49, 74, 52, 2, 0, 69, 13]|[1, 1, 0, 1, 1, 1, 2, 1, 2, 1, 2, 2, 2, 1, 1, 0, 0, 1, 0, 2, 2, 0, 1, 2, 0, 1, 2, 2, 0, 0, 1, 2, 1, 0, 1, 0, 2, 1, 1, 1, 0, 1, 1, 1, 0, 2, 1, 1, 0, 0, 0, 0, 0, 1, 0, 1, 2, 0, 0, 0, 2, 1, 0, 1, 2, 1, 2, 1, 1, 1, 1, 1, 2, 0, 1, 1, 0, 0, 0, 1, 0, 1, 2, 2, 1, 0, 0, 2, 2, 0, 1, 1, 2, 0, 2, 1, 0, 0, 1, 0]|[4, 3, 2, 2, 0, 0, 2, 2, 2, 4, 1, 1, 2, 4, 4, 1, 1, 4, 2, 1, 1, 1, 1, 2, 1, 2, 1, 1, 1, 1, 3, 2, 3, 0, 4, 0, 1, 3, 0, 3, 2, 2, 4, 0, 1, 1, 3, 2, 0, 1, 2, 2, 1, 4, 2, 3, 2, 1, 1, 2, 1, 3, 1, 1, 1, 3, 1, 4, 3, 1, 4, 1, 1, 2, 4, 4, 2, 1, 1, 3, 2, 3, 1, 1, 1, 1, 1, 1, 1, 1, 3, 4, 1, 1, 1, 1, 2, 2, 4, 2]|[0, 2, 1, 1, 3, 3, 0, 1, 0, 0, 0, 0, 1, 0, 1, 0, 0, 3, 1, 0, 0, 0, 3, 1, 0, 2, 0, 0, 0, 1, 0, 0, 0, 0, 3, 0, 1, 0, 0, 2, 1, 1, 2, 0, 0, 0, 0, 1, 1, 0, 0, 0, 0, 3, 1, 0, 1, 0, 0, 1, 0, 2, 0, 1, 0, 2, 0, 0, 0, 1, 1, 3, 0, 1, 3, 3, 1, 0, 0, 2, 1, 0, 0, 0, 1, 0, 0, 0, 0, 0, 2, 0, 0, 1, 0, 1, 0, 0, 2, 0],780.9080703327578,56084.17457206405,90108.38400717554,false
62,G2_TEC,G2_TEC,[20, 94, 66, 15, 26, 9, 95, 42, 77, 68, 47, 5, 3, 14, 86, 54, 85, 63, 18, 74, 31, 49, 36, 78, 44, 50, 53, 17, 21, 28, 11, 64, 93, 23, 30, 83, 24, 41, 40, 52, 65, 27, 90, 70, 39, 87, 48, 69, 99, 4, 46, 1, 13, 56, 97, 59, 45, 8, 73, 37, 35, 79, 71, 82, 76, 32, 60, 80, 58, 6, 67, 61, 33, 7, 57, 34, 12, 16, 10, 98, 96, 88, 43, 81, 91, 2, 84, 29, 38, 19, 51, 89, 75, 25, 72, 92, 22, 62, 55, 0]|[2, 1, 2, 1, 1, 2, 1, 1, 1, 1, 1, 0, 2, 2, 1, 2, 0, 0, 0, 2, 2, 1, 0, 2, 0, 2, 2, 1, 0, 1, 1, 1, 0, 0, 1, 0, 2, 1, 2, 2, 0, 0, 1, 1, 0, 2, 0, 2, 1, 0, 0, 2, 0, 2, 2, 0, 1, 1, 0, 0, 2, 1, 1, 2, 2, 0, 2, 2, 2, 1, 2, 1, 1, 2, 0, 1, 1, 2, 1, 2, 0, 1, 1, 1, 1, 0, 0, 1, 0, 1, 1, 1, 0, 1, 1, 0, 2, 1, 0, 0]|[1, 3, 1, 3, 4, 1, 4, 4, 4, 4, 3, 2, 1, 1, 2, 1, 1, 1, 2, 1, 1, 3, 0, 1, 0, 1, 1, 4, 1, 4, 3, 2, 2, 0, 4, 1, 1, 4, 1, 1, 2, 1, 4, 4, 1, 1, 0, 1, 3, 2, 2, 1, 2, 1, 1, 2, 4, 3, 0, 2, 1, 3, 3, 1, 1, 2, 1, 1, 1, 4, 1, 3, 4, 1, 2, 4, 3, 1, 3, 1, 2, 4, 4, 4, 3, 2, 2, 3, 2, 4, 3, 4, 2, 4, 4, 2, 1, 3, 2, 2]|[0, 2, 0, 0, 3, 0, 1, 3, 1, 0, 2, 0, 1, 0, 1, 0, 0, 0, 1, 0, 0, 2, 0, 0, 1, 0, 0, 3, 0, 1, 0, 2, 0, 0, 3, 0, 1, 1, 0, 0, 0, 0, 1, 3, 0, 0, 1, 0, 2, 0, 0, 0, 0, 0, 1, 0, 1, 0, 1, 1, 0, 2, 0, 0, 0, 0, 0, 0, 0, 2, 0, 0, 1, 0, 0, 1, 0, 0, 3, 0, 0, 1, 2, 2, 0, 0, 0, 3, 0, 1, 0, 1, 0, 3, 1, 0, 0, 0, 0, 0],916.442803653686,48100.947169548526,106478.50503569844,false
62,G3_TWC,G3_TWC,[31, 22, 42, 15, 26, 58, 95, 82, 77, 12, 47, 5, 93, 78, 98, 54, 85, 63, 18, 44, 20, 35, 43, 97, 91, 76, 10, 30, 21, 45, 71, 64, 1, 23, 17, 83, 24, 61, 60, 49, 6, 57, 94, 88, 65, 56, 79, 40, 67, 68, 46, 75, 38, 9, 19, 32, 81, 41, 27, 96, 87, 90, 99, 59, 53, 16, 72, 73, 70, 39, 37, 84, 3, 92, 25, 74, 28, 0, 51, 7, 11, 14, 34, 66, 89, 48, 50, 62, 33, 80, 8, 4, 86, 36, 55, 52, 2, 29, 69, 13]|[1, 1, 0, 1, 1, 1, 2, 1, 2, 1, 2, 2, 2, 1, 1, 0, 0, 1, 0, 2, 2, 0, 1, 2, 0, 1, 2, 2, 0, 0, 1, 2, 1, 0, 1, 0, 2, 0, 1, 1, 0, 1, 1, 1, 0, 2, 1, 1, 0, 0, 0, 0, 1, 1, 0, 1, 2, 0, 0, 0, 2, 1, 0, 1, 0, 1, 2, 1, 1, 1, 1, 1, 2, 0, 1, 2, 0, 0, 0, 1, 0, 1, 2, 0, 1, 0, 0, 0, 2, 0, 1, 0, 0, 0, 1, 1, 0, 0, 1, 0]|[4, 3, 2, 2, 0, 0, 2, 2, 2, 4, 1, 1, 2, 4, 4, 1, 1, 4, 2, 1, 1, 1, 1, 2, 1, 2, 1, 1, 1, 1, 3, 2, 3, 0, 4, 0, 1, 1, 0, 3, 2, 2, 4, 0, 1, 1, 3, 2, 0, 1, 2, 2, 1, 4, 2, 3, 2, 1, 1, 1, 1, 3, 1, 1, 2, 3, 0, 4, 3, 1, 4, 1, 1, 2, 4, 1, 2, 1, 1, 3, 2, 3, 1, 1, 1, 1, 1, 1, 1, 1, 3, 2, 1, 1, 4, 1, 2, 2, 3, 2]|[0, 2, 1, 1, 3, 3, 0, 1, 0, 0, 0, 0, 1, 0, 1, 0, 0, 3, 1, 0, 0, 0, 3, 1, 0, 2, 0, 0, 0, 1, 0, 0, 0, 0, 3, 0, 1, 0, 0, 2, 1, 1, 2, 0, 0, 0, 0, 1, 1, 0, 0, 0, 1, 3, 1, 0, 1, 0, 0, 0, 0, 2, 0, 1, 1, 2, 1, 0, 0, 1, 1, 3, 0, 1, 3, 0, 1, 0, 0, 2, 1, 0, 0, 0, 1, 0, 0, 0, 0, 0, 2, 1, 0, 1, 3, 1, 0, 0, 0, 0],853.3971309728803,57893.20072825474,85384.09526730522,false
62,G1_CMAX,G1_CMAX,[31, 22, 82, 15, 26, 99, 95, 42, 77, 12, 47, 5, 93, 78, 86, 54, 85, 63, 18, 44, 20, 35, 43, 97, 91, 76, 10, 30, 21, 45, 71, 64, 1, 23, 17, 83, 24, 14, 60, 36, 6, 57, 40, 88, 65, 56, 79, 94, 67, 68, 46, 75, 38, 9, 19, 32, 81, 41, 27, 87, 62, 58, 59, 11, 16, 72, 73, 70, 39, 37, 84, 3, 92, 25, 55, 48, 90, 29, 51, 96, 33, 61, 98, 28, 7, 50, 4, 89, 53, 13, 8, 66, 34, 49, 52, 0, 74, 69, 2, 80]|[1, 1, 0, 1, 1, 0, 1, 1, 2, 1, 2, 2, 2, 1, 1, 0, 0, 1, 0, 2, 2, 0, 1, 2, 0, 1, 2, 2, 0, 0, 1, 2, 1, 2, 1, 0, 2, 0, 1, 1, 0, 1, 1, 1, 0, 2, 1, 1, 0, 0, 0, 0, 1, 1, 2, 1, 2, 2, 0, 2, 1, 0, 1, 2, 1, 2, 1, 1, 1, 1, 1, 1, 0, 1, 2, 0, 1, 0, 0, 2, 2, 1, 2, 0, 2, 0, 1, 1, 0, 0, 1, 2, 2, 0, 1, 0, 2, 1, 0, 0]|[4, 3, 2, 2, 4, 1, 2, 3, 2, 4, 1, 1, 2, 4, 4, 1, 2, 4, 2, 1, 1, 1, 1, 2, 1, 2, 1, 1, 2, 1, 3, 2, 3, 1, 4, 0, 1, 1, 0, 3, 2, 2, 2, 0, 1, 1, 0, 4, 0, 1, 2, 2, 1, 4, 0, 3, 1, 1, 1, 1, 3, 1, 1, 1, 3, 0, 4, 3, 1, 4, 1, 1, 0, 4, 1, 1, 3, 1, 1, 1, 1, 3, 1, 2, 1, 1, 4, 1, 2, 2, 3, 1, 1, 1, 1, 2, 1, 4, 2, 1]|[0, 2, 1, 1, 3, 0, 1, 3, 0, 0, 0, 0, 1, 0, 1, 0, 0, 3, 1, 0, 0, 0, 3, 1, 0, 2, 0, 0, 0, 1, 0, 0, 0, 0, 3, 0, 1, 0, 0, 2, 1, 1, 1, 0, 0, 0, 0, 2, 1, 0, 0, 0, 1, 3, 0, 0, 0, 0, 0, 0, 2, 0, 1, 0, 2, 1, 0, 0, 1, 1, 3, 1, 1, 3, 0, 0, 2, 0, 0, 0, 0, 0, 0, 1, 0, 0, 0, 1, 1, 0, 2, 0, 0, 1, 1, 0, 0, 2, 0, 0],759.8298578266035,55619.9918721624,94856.27633352597,false
62,G4_BALANCED,G4_BALANCED,[31, 22, 42, 15, 26, 58, 95, 82, 77, 12, 47, 5, 93, 78, 98, 54, 85, 63, 18, 44, 20, 35, 43, 97, 91, 76, 10, 30, 21, 45, 71, 64, 1, 23, 17, 83, 24, 61, 60, 36, 6, 57, 94, 88, 65, 56, 79, 40, 67, 68, 46, 75, 38, 9, 19, 32, 81, 41, 27, 62, 87, 90, 99, 59, 53, 16, 72, 73, 70, 39, 37, 84, 3, 92, 25, 55, 28, 29, 51, 7, 11, 14, 86, 66, 89, 48, 50, 96, 33, 80, 8, 4, 34, 49, 74, 52, 2, 0, 69, 13]|[1, 1, 0, 1, 1, 1, 2, 1, 2, 1, 2, 2, 2, 1, 1, 0, 0, 1, 0, 2, 2, 0, 1, 2, 0, 1, 2, 2, 0, 0, 1, 2, 1, 0, 1, 0, 2, 1, 1, 1, 0, 1, 1, 1, 0, 2, 1, 1, 0, 0, 0, 0, 0, 1, 0, 1, 2, 0, 0, 0, 2, 1, 0, 1, 2, 1, 2, 1, 1, 1, 1, 1, 2, 0, 1, 1, 0, 0, 0, 1, 0, 1, 2, 2, 1, 0, 0, 2, 2, 0, 1, 1, 2, 0, 2, 1, 0, 0, 1, 0]|[4, 3, 2, 2, 0, 0, 2, 2, 2, 4, 1, 1, 2, 4, 4, 1, 1, 4, 2, 1, 1, 1, 1, 2, 1, 2, 1, 1, 1, 1, 3, 2, 3, 0, 4, 0, 1, 3, 0, 3, 2, 2, 4, 0, 1, 1, 3, 2, 0, 1, 2, 2, 1, 4, 2, 3, 2, 1, 1, 2, 1, 3, 1, 1, 1, 3, 1, 4, 3, 1, 4, 1, 1, 2, 4, 4, 2, 1, 1, 3, 2, 3, 1, 1, 1, 1, 1, 1, 1, 1, 3, 4, 1, 1, 1, 1, 2, 2, 4, 2]|[0, 2, 1, 1, 3, 3, 0, 1, 0, 0, 0, 0, 1, 0, 1, 0, 0, 3, 1, 0, 0, 0, 3, 1, 0, 2, 0, 0, 0, 1, 0, 0, 0, 0, 3, 0, 1, 0, 0, 2, 1, 1, 2, 0, 0, 0, 0, 1, 1, 0, 0, 0, 0, 3, 1, 0, 1, 0, 0, 1, 0, 2, 0, 1, 0, 2, 0, 0, 0, 1, 1, 3, 0, 1, 3, 3, 1, 0, 0, 2, 1, 0, 0, 0, 1, 0, 0, 0, 0, 0, 2, 0, 0, 1, 0, 1, 0, 0, 2, 0],780.9080703327578,56084.17457206405,90108.38400717554,false
62,G2_TEC,G2_TEC,[20, 94, 66, 15, 26, 9, 95, 42, 77, 68, 47, 5, 3, 14, 86, 54, 85, 63, 18, 74, 31, 49, 36, 78, 44, 50, 53, 17, 21, 28, 11, 64, 93, 23, 30, 83, 24, 41, 40, 52, 65, 27, 90, 70, 39, 87, 48, 69, 99, 4, 46, 1, 13, 56, 97, 59, 45, 8, 73, 37, 35, 79, 71, 82, 76, 32, 60, 80, 58, 6, 67, 61, 33, 7, 57, 34, 12, 16, 10, 98, 96, 88, 43, 81, 91, 2, 84, 29, 38, 19, 51, 89, 75, 25, 72, 92, 22, 62, 55, 0]|[2, 1, 2, 1, 1, 2, 1, 1, 1, 1, 1, 0, 2, 2, 1, 2, 0, 0, 0, 2, 2, 1, 0, 2, 0, 2, 2, 1, 0, 1, 1, 1, 0, 0, 1, 0, 2, 1, 2, 2, 0, 0, 1, 1, 0, 2, 0, 2, 1, 0, 0, 2, 0, 2, 2, 0, 1, 1, 0, 0, 2, 1, 1, 2, 2, 0, 2, 2, 2, 1, 2, 1, 1, 2, 0, 1, 1, 2, 1, 2, 0, 1, 1, 1, 1, 0, 0, 1, 0, 1, 1, 1, 0, 1, 1, 0, 2, 1, 0, 0]|[1, 3, 1, 3, 4, 1, 4, 4, 4, 4, 3, 2, 1, 1, 2, 1, 1, 1, 2, 1, 1, 3, 0, 1, 0, 1, 1, 4, 1, 4, 3, 2, 2, 0, 4, 1, 1, 4, 1, 1, 2, 1, 4, 4, 1, 1, 0, 1, 3, 2, 2, 1, 2, 1, 1, 2, 4, 3, 0, 2, 1, 3, 3, 1, 1, 2, 1, 1, 1, 4, 1, 3, 4, 1, 2, 4, 3, 1, 3, 1, 2, 4, 4, 4, 3, 2, 2, 3, 2, 4, 3, 4, 2, 4, 4, 2, 1, 3, 2, 2]|[0, 2, 0, 0, 3, 0, 1, 3, 1, 0, 2, 0, 1, 0, 1, 0, 0, 0, 1, 0, 0, 2, 0, 0, 1, 0, 0, 3, 0, 1, 0, 2, 0, 0, 3, 0, 1, 1, 0, 0, 0, 0, 1, 3, 0, 0, 1, 0, 2, 0, 0, 0, 0, 0, 1, 0, 1, 0, 1, 1, 0, 2, 0, 0, 0, 0, 0, 0, 0, 2, 0, 0, 1, 0, 0, 1, 0, 0, 3, 0, 0, 1, 2, 2, 0, 0, 0, 3, 0, 1, 0, 1, 0, 3, 1, 0, 0, 0, 0, 0],916.442803653686,48100.947169548526,106478.50503569844,false
62,G3_TWC,G3_TWC,[31, 22, 42, 15, 26, 58, 95, 82, 77, 12, 47, 5, 93, 78, 98, 54, 85, 63, 18, 44, 20, 35, 43, 97, 91, 76, 10, 30, 21, 45, 71, 64, 1, 23, 17, 83, 24, 61, 60, 49, 6, 57, 94, 88, 65, 56, 79, 40, 67, 68, 46, 75, 38, 9, 19, 32, 81, 41, 27, 96, 87, 90, 99, 59, 53, 16, 72, 73, 70, 39, 37, 84, 3, 92, 25, 74, 28, 0, 51, 7, 11, 14, 34, 66, 89, 48, 50, 62, 33, 80, 8, 4, 86, 36, 55, 52, 2, 29, 69, 13]|[1, 1, 0, 1, 1, 1, 2, 1, 2, 1, 2, 2, 2, 1, 1, 0, 0, 1, 0, 2, 2, 0, 1, 2, 0, 1, 2, 2, 0, 0, 1, 2, 1, 0, 1, 0, 2, 0, 1, 1, 0, 1, 1, 1, 0, 2, 1, 1, 0, 0, 0, 0, 1, 1, 0, 1, 2, 0, 0, 0, 2, 1, 0, 1, 0, 1, 2, 1, 1, 1, 1, 1, 2, 0, 1, 2, 0, 0, 0, 1, 0, 1, 2, 0, 1, 0, 0, 0, 2, 0, 1, 0, 0, 0, 1, 1, 0, 0, 1, 0]|[4, 3, 2, 2, 0, 0, 2, 2, 2, 4, 1, 1, 2, 4, 4, 1, 1, 4, 2, 1, 1, 1, 1, 2, 1, 2, 1, 1, 1, 1, 3, 2, 3, 0, 4, 0, 1, 1, 0, 3, 2, 2, 4, 0, 1, 1, 3, 2, 0, 1, 2, 2, 1, 4, 2, 3, 2, 1, 1, 1, 1, 3, 1, 1, 2, 3, 0, 4, 3, 1, 4, 1, 1, 2, 4, 1, 2, 1, 1, 3, 2, 3, 1, 1, 1, 1, 1, 1, 1, 1, 3, 2, 1, 1, 4, 1, 2, 2, 3, 2]|[0, 2, 1, 1, 3, 3, 0, 1, 0, 0, 0, 0, 1, 0, 1, 0, 0, 3, 1, 0, 0, 0, 3, 1, 0, 2, 0, 0, 0, 1, 0, 0, 0, 0, 3, 0, 1, 0, 0, 2, 1, 1, 2, 0, 0, 0, 0, 1, 1, 0, 0, 0, 1, 3, 1, 0, 1, 0, 0, 0, 0, 2, 0, 1, 1, 2, 1, 0, 0, 1, 1, 3, 0, 1, 3, 0, 1, 0, 0, 2, 1, 0, 0, 0, 1, 0, 0, 0, 0, 0, 2, 1, 0, 1, 3, 1, 0, 0, 0, 0],853.3971309728803,57893.20072825474,85384.09526730522,false
62,G1_CMAX,G4_BALANCED,[31, 22, 42, 15, 26, 58, 95, 82, 77, 12, 47, 5, 93, 78, 98, 85, 54, 63, 18, 44, 20, 35, 43, 97, 91, 76, 10, 30, 21, 45, 71, 64, 1, 23, 17, 83, 24, 61, 60, 49, 6, 57, 94, 88, 65, 56, 79, 40, 67, 68, 46, 75, 38, 9, 19, 32, 81, 41, 27, 62, 87, 90, 99, 59, 53, 16, 72, 73, 70, 39, 37, 84, 3, 92, 25, 74, 28, 0, 51, 7, 11, 14, 86, 48, 89, 66, 50, 96, 33, 80, 8, 4, 29, 36, 2, 52, 13, 34, 69, 55]|[1, 1, 0, 1, 1, 1, 2, 1, 2, 1, 2, 2, 2, 1, 1, 0, 0, 1, 0, 2, 2, 0, 1, 2, 0, 1, 2, 2, 0, 0, 1, 2, 1, 0, 1, 0, 2, 0, 1, 1, 0, 1, 1, 1, 0, 2, 1, 1, 0, 0, 0, 0, 1, 1, 0, 1, 2, 0, 0, 0, 2, 1, 0, 1, 0, 1, 2, 1, 1, 1, 1, 1, 2, 0, 1, 2, 0, 0, 0, 1, 2, 1, 0, 0, 1, 0, 0, 2, 2, 0, 1, 0, 0, 0, 0, 1, 0, 2, 1, 1]|[4, 3, 2, 2, 0, 0, 2, 2, 2, 4, 1, 1, 2, 4, 4, 1, 1, 4, 2, 1, 1, 1, 1, 2, 1, 2, 1, 1, 1, 1, 3, 2, 3, 0, 4, 0, 1, 1, 0, 3, 2, 2, 4, 0, 1, 1, 3, 2, 0, 1, 2, 2, 1, 4, 2, 3, 2, 1, 1, 2, 1, 3, 1, 1, 2, 3, 0, 4, 3, 1, 4, 1, 1, 2, 4, 1, 2, 1, 1, 3, 1, 3, 1, 1, 1, 1, 1, 1, 1, 1, 3, 2, 2, 1, 2, 1, 2, 1, 3, 4]|[0, 2, 1, 1, 3, 3, 0, 1, 0, 0, 0, 0, 1, 0, 1, 0, 0, 3, 1, 0, 0, 0, 3, 1, 0, 2, 0, 0, 0, 1, 0, 0, 0, 0, 3, 0, 1, 0, 0, 2, 1, 1, 2, 0, 0, 0, 0, 1, 1, 0, 0, 0, 1, 3, 1, 0, 1, 0, 0, 1, 0, 2, 0, 1, 1, 2, 1, 0, 0, 1, 1, 3, 0, 1, 3, 0, 1, 0, 0, 2, 0, 0, 0, 0, 1, 0, 0, 0, 0, 0, 2, 1, 0, 1, 0, 1, 0, 0, 0, 3],812.4130305724077,57607.00068113645,86676.04388059095,true
62,G4_BALANCED,G4_BALANCED,[31, 22, 42, 15, 26, 58, 95, 82, 77, 12, 47, 5, 93, 78, 98, 54, 85, 63, 18, 44, 20, 35, 43, 97, 91, 76, 10, 19, 21, 45, 71, 64, 1, 23, 17, 83, 24, 61, 60, 36, 6, 57, 94, 88, 65, 56, 79, 40, 67, 68, 46, 75, 38, 9, 30, 32, 81, 41, 27, 62, 87, 90, 99, 59, 11, 16, 72, 73, 70, 39, 37, 84, 3, 92, 25, 55, 28, 29, 51, 7, 33, 14, 86, 48, 89, 50, 66, 96, 53, 80, 4, 8, 34, 49, 0, 52, 13, 2, 69, 74]|[1, 1, 0, 1, 1, 1, 2, 1, 2, 1, 2, 2, 2, 1, 1, 0, 0, 1, 0, 2, 2, 0, 1, 2, 0, 1, 2, 2, 0, 0, 1, 2, 1, 2, 1, 0, 2, 0, 1, 1, 0, 1, 1, 1, 0, 2, 1, 1, 0, 0, 0, 0, 1, 1, 2, 1, 2, 2, 0, 0, 2, 1, 0, 1, 2, 1, 2, 1, 1, 1, 1, 1, 2, 1, 1, 1, 0, 0, 0, 1, 2, 1, 0, 0, 1, 0, 0, 2, 0, 0, 0, 1, 2, 0, 0, 1, 0, 0, 1, 2]|[4, 3, 2, 2, 0, 0, 2, 2, 2, 4, 1, 1, 2, 4, 4, 1, 1, 4, 2, 1, 1, 1, 1, 2, 1, 2, 1, 0, 1, 1, 3, 2, 3, 0, 4, 0, 1, 1, 0, 3, 2, 2, 4, 0, 1, 1, 0, 2, 0, 1, 2, 2, 1, 4, 1, 3, 2, 1, 1, 2, 1, 3, 1, 1, 1, 3, 0, 4, 3, 1, 4, 1, 1, 4, 4, 4, 2, 1, 1, 3, 1, 3, 1, 1, 1, 1, 1, 1, 2, 1, 2, 3, 1, 1, 2, 1, 2, 2, 3, 1]|[0, 2, 1, 1, 3, 3, 0, 1, 0, 0, 0, 0, 1, 0, 1, 0, 0, 3, 1, 0, 0, 0, 3, 1, 0, 2, 0, 0, 0, 1, 0, 0, 0, 0, 3, 0, 1, 0, 0, 2, 1, 1, 2, 0, 0, 0, 0, 1, 1, 0, 0, 0, 1, 3, 0, 0, 1, 0, 0, 1, 0, 2, 0, 1, 0, 2, 1, 0, 0, 1, 1, 3, 0, 0, 3, 3, 1, 0, 0, 2, 0, 0, 0, 0, 1, 0, 0, 0, 1, 0, 1, 2, 0, 1, 0, 1, 0, 0, 0, 0],736.2670012451629,57630.52540083121,89970.27722989232,false
62,G2_TEC,G2_TEC,[20, 94, 66, 15, 26, 9, 95, 42, 77, 68, 47, 5, 3, 14, 86, 54, 85, 63, 18, 74, 31, 49, 36, 78, 44, 50, 53, 17, 21, 28, 11, 64, 93, 23, 30, 83, 24, 41, 40, 52, 65, 27, 90, 70, 39, 87, 48, 69, 99, 4, 46, 1, 13, 56, 97, 59, 45, 8, 73, 37, 35, 79, 71, 82, 76, 32, 60, 80, 58, 6, 67, 61, 33, 7, 57, 34, 12, 16, 10, 98, 96, 88, 43, 81, 91, 2, 84, 29, 38, 19, 51, 89, 75, 25, 72, 92, 22, 62, 55, 0]|[2, 1, 2, 1, 1, 2, 1, 1, 1, 1, 1, 0, 2, 2, 1, 2, 0, 0, 0, 2, 2, 1, 0, 2, 0, 2, 2, 1, 0, 1, 1, 1, 0, 0, 1, 0, 2, 1, 2, 2, 0, 0, 1, 1, 0, 2, 0, 2, 1, 0, 0, 2, 0, 2, 2, 0, 1, 1, 0, 0, 2, 1, 1, 2, 2, 0, 2, 2, 2, 1, 2, 1, 1, 2, 0, 1, 1, 2, 1, 2, 0, 1, 1, 1, 1, 0, 0, 1, 0, 1, 1, 1, 0, 1, 1, 0, 2, 1, 0, 0]|[1, 3, 1, 3, 4, 1, 4, 4, 4, 4, 3, 2, 1, 1, 2, 1, 1, 1, 2, 1, 1, 3, 0, 1, 0, 1, 1, 4, 1, 4, 3, 2, 2, 0, 4, 1, 1, 4, 1, 1, 2, 1, 4, 4, 1, 1, 0, 1, 3, 2, 2, 1, 2, 1, 1, 2, 4, 3, 0, 2, 1, 3, 3, 1, 1, 2, 1, 1, 1, 4, 1, 3, 4, 1, 2, 4, 3, 1, 3, 1, 2, 4, 4, 4, 3, 2, 2, 3, 2, 4, 3, 4, 2, 4, 4, 2, 1, 3, 2, 2]|[0, 2, 0, 0, 3, 0, 1, 3, 1, 0, 2, 0, 1, 0, 1, 0, 0, 0, 1, 0, 0, 2, 0, 0, 1, 0, 0, 3, 0, 1, 0, 2, 0, 0, 3, 0, 1, 1, 0, 0, 0, 0, 1, 3, 0, 0, 1, 0, 2, 0, 0, 0, 0, 0, 1, 0, 1, 0, 1, 1, 0, 2, 0, 0, 0, 0, 0, 0, 0, 2, 0, 0, 1, 0, 0, 1, 0, 0, 3, 0, 0, 1, 2, 2, 0, 0, 0, 3, 0, 1, 0, 1, 0, 3, 1, 0, 0, 0, 0, 0],916.442803653686,48100.947169548526,106478.50503569844,false
62,G3_TWC,G3_TWC,[31, 22, 42, 15, 26, 58, 95, 82, 77, 12, 47, 5, 93, 78, 98, 54, 85, 63, 18, 44, 20, 35, 43, 97, 91, 76, 10, 30, 21, 45, 71, 64, 1, 23, 17, 83, 24, 61, 60, 49, 6, 57, 94, 88, 65, 56, 79, 40, 67, 68, 46, 75, 38, 9, 19, 32, 81, 41, 27, 96, 87, 90, 99, 59, 53, 16, 72, 73, 70, 39, 37, 84, 3, 92, 25, 74, 28, 0, 51, 7, 11, 14, 34, 66, 89, 48, 50, 62, 33, 80, 8, 4, 86, 36, 55, 52, 2, 29, 69, 13]|[1, 1, 0, 1, 1, 1, 2, 1, 2, 1, 2, 2, 2, 1, 1, 0, 0, 1, 0, 2, 2, 0, 1, 2, 0, 1, 2, 2, 0, 0, 1, 2, 1, 0, 1, 0, 2, 0, 1, 1, 0, 1, 1, 1, 0, 2, 1, 1, 0, 0, 0, 0, 1, 1, 0, 1, 2, 0, 0, 0, 2, 1, 0, 1, 0, 1, 2, 1, 1, 1, 1, 1, 2, 0, 1, 2, 0, 0, 0, 1, 0, 1, 2, 0, 1, 0, 0, 0, 2, 0, 1, 0, 0, 0, 1, 1, 0, 0, 1, 0]|[4, 3, 2, 2, 0, 0, 2, 2, 2, 4, 1, 1, 2, 4, 4, 1, 1, 4, 2, 1, 1, 1, 1, 2, 1, 2, 1, 1, 1, 1, 3, 2, 3, 0, 4, 0, 1, 1, 0, 3, 2, 2, 4, 0, 1, 1, 3, 2, 0, 1, 2, 2, 1, 4, 2, 3, 2, 1, 1, 1, 1, 3, 1, 1, 2, 3, 0, 4, 3, 1, 4, 1, 1, 2, 4, 1, 2, 1, 1, 3, 2, 3, 1, 1, 1, 1, 1, 1, 1, 1, 3, 2, 1, 1, 4, 1, 2, 2, 3, 2]|[0, 2, 1, 1, 3, 3, 0, 1, 0, 0, 0, 0, 1, 0, 1, 0, 0, 3, 1, 0, 0, 0, 3, 1, 0, 2, 0, 0, 0, 1, 0, 0, 0, 0, 3, 0, 1, 0, 0, 2, 1, 1, 2, 0, 0, 0, 0, 1, 1, 0, 0, 0, 1, 3, 1, 0, 1, 0, 0, 0, 0, 2, 0, 1, 1, 2, 1, 0, 0, 1, 1, 3, 0, 1, 3, 0, 1, 0, 0, 2, 1, 0, 0, 0, 1, 0, 0, 0, 0, 0, 2, 1, 0, 1, 3, 1, 0, 0, 0, 0],853.3971309728803,57893.20072825474,85384.09526730522,false
62,G1_CMAX,G1_CMAX,[31, 22, 82, 15, 26, 99, 95, 42, 77, 12, 47, 5, 93, 78, 86, 54, 21, 63, 18, 44, 20, 35, 43, 97, 91, 76, 10, 30, 85, 45, 71, 64, 1, 23, 17, 83, 24, 61, 60, 36, 6, 57, 94, 88, 65, 56, 79, 40, 67, 68, 46, 75, 38, 9, 19, 32, 98, 41, 27, 62, 87, 90, 58, 59, 53, 16, 72, 73, 70, 39, 37, 84, 3, 92, 25, 55, 28, 29, 51, 7, 11, 14, 81, 66, 89, 50, 48, 96, 33, 80, 8, 4, 0, 49, 2, 52, 13, 34, 69, 74]|[1, 1, 0, 1, 1, 0, 1, 2, 2, 1, 2, 2, 2, 1, 1, 0, 0, 1, 0, 2, 2, 0, 1, 2, 0, 1, 2, 2, 0, 0, 1, 2, 1, 2, 1, 0, 2, 0, 1, 1, 0, 1, 1, 1, 0, 2, 1, 1, 0, 0, 0, 0, 1, 1, 2, 1, 2, 0, 0, 0, 2, 1, 0, 1, 2, 1, 2, 1, 1, 1, 1, 1, 2, 0, 1, 2, 0, 0, 0, 1, 0, 1, 0, 2, 1, 0, 0, 2, 2, 0, 1, 1, 0, 0, 0, 1, 0, 2, 1, 2]|[4, 3, 2, 2, 4, 1, 2, 2, 2, 4, 1, 1, 2, 4, 4, 1, 2, 4, 2, 1, 1, 1, 1, 2, 1, 2, 1, 1, 1, 1, 3, 2, 3, 1, 4, 0, 1, 1, 0, 3, 2, 2, 4, 0, 1, 1, 3, 2, 0, 1, 2, 2, 1, 4, 0, 3, 1, 1, 1, 2, 1, 3, 1, 1, 1, 3, 0, 4, 3, 1, 4, 1, 1, 0, 4, 1, 2, 1, 1, 3, 2, 3, 1, 1, 1, 1, 1, 1, 1, 1, 3, 4, 2, 1, 2, 1, 2, 1, 4, 1]|[0, 2, 1, 1, 3, 0, 1, 0, 0, 0, 0, 0, 1, 0, 1, 0, 0, 3, 1, 0, 0, 0, 3, 1, 0, 2, 0, 0, 0, 0, 0, 0, 0, 0, 3, 0, 1, 0, 0, 2, 1, 1, 2, 0, 0, 0, 0, 1, 1, 0, 0, 0, 1, 3, 0, 0, 0, 0, 0, 1, 0, 2, 0, 1, 0, 2, 1, 0, 0, 1, 1, 3, 0, 1, 3, 0, 1, 0, 0, 2, 1, 0, 0, 0, 1, 0, 0, 0, 0, 0, 2, 0, 0, 1, 0, 1, 0, 0, 2, 0],778.7160361555233,55204.88372755426,96451.98884599796,false
62,G4_BALANCED,G3_TWC,[31, 22, 42, 15, 26, 58, 95, 82, 77, 12, 47, 5, 93, 78, 98, 54, 85, 63, 18, 44, 20, 35, 43, 97, 91, 76, 10, 30, 21, 45, 71, 64, 1, 23, 17, 83, 24, 61, 60, 49, 6, 57, 94, 88, 65, 56, 79, 40, 67, 68, 46, 75, 38, 9, 19, 32, 81, 41, 27, 96, 87, 90, 99, 59, 53, 16, 72, 73, 70, 39, 37, 84, 3, 92, 25, 74, 28, 0, 51, 7, 33, 14, 86, 66, 89, 48, 50, 62, 11, 80, 8, 4, 34, 36, 2, 52, 55, 29, 69, 13]|[1, 1, 0, 1, 1, 1, 2, 1, 2, 1, 2, 2, 2, 1, 1, 0, 0, 1, 0, 2, 2, 0, 1, 2, 0, 1, 2, 2, 0, 0, 1, 2, 1, 0, 1, 0, 2, 0, 1, 1, 0, 1, 1, 1, 0, 2, 1, 1, 0, 0, 0, 0, 1, 1, 0, 1, 2, 0, 0, 0, 2, 1, 0, 1, 0, 1, 2, 1, 1, 1, 1, 1, 2, 0, 1, 2, 0, 0, 0, 1, 2, 1, 0, 0, 1, 0, 0, 0, 0, 0, 1, 0, 2, 0, 0, 1, 1, 0, 1, 0]|[4, 3, 2, 2, 0, 0, 2, 2, 2, 4, 1, 1, 2, 4, 4, 1, 1, 4, 2, 1, 1, 1, 1, 2, 1, 2, 1, 1, 1, 1, 3, 2, 3, 0, 4, 0, 1, 1, 0, 3, 2, 2, 4, 0, 1, 1, 3, 2, 0, 1, 2, 2, 1, 4, 2, 3, 2, 1, 1, 1, 1, 3, 1, 1, 2, 3, 0, 4, 3, 1, 4, 1, 1, 2, 4, 1, 2, 1, 1, 3, 1, 3, 1, 1, 1, 1, 1, 1, 2, 1, 3, 2, 1, 1, 2, 1, 4, 2, 3, 2]|[0, 2, 1, 1, 3, 3, 0, 1, 0, 0, 0, 0, 1, 0, 1, 0, 0, 3, 1, 0, 0, 0, 3, 1, 0, 2, 0, 0, 0, 1, 0, 0, 0, 0, 3, 0, 1, 0, 0, 2, 1, 1, 2, 0, 0, 0, 0, 1, 1, 0, 0, 0, 1, 3, 1, 0, 1, 0, 0, 0, 0, 2, 0, 1, 1, 2, 1, 0, 0, 1, 1, 3, 0, 1, 3, 0, 1, 0, 0, 2, 0, 0, 0, 0, 1, 0, 0, 0, 1, 0, 2, 1, 0, 1, 0, 1, 3, 0, 0, 0],851.0593266228541,57917.844018053984,85428.64745946991,true
62,G2_TEC,G2_TEC,[20, 94, 66, 15, 26, 9, 95, 42, 77, 68, 47, 5, 3, 14, 86, 54, 85, 63, 18, 74, 31, 49, 36, 78, 44, 50, 53, 17, 21, 28, 11, 64, 93, 23, 30, 83, 24, 41, 40, 52, 65, 27, 90, 70, 39, 87, 48, 69, 99, 4, 46, 1, 13, 56, 97, 59, 45, 8, 73, 37, 35, 79, 71, 82, 76, 32, 60, 80, 58, 6, 67, 61, 33, 7, 57, 34, 12, 16, 10, 98, 96, 88, 43, 81, 91, 2, 84, 29, 38, 19, 51, 89, 75, 25, 72, 92, 22, 62, 55, 0]|[2, 1, 2, 1, 1, 2, 1, 1, 1, 1, 1, 0, 2, 2, 1, 2, 0, 0, 0, 2, 2, 1, 0, 2, 0, 2, 2, 1, 0, 1, 1, 1, 0, 0, 1, 0, 2, 1, 2, 2, 0, 0, 1, 1, 0, 2, 0, 2, 1, 0, 0, 2, 0, 2, 2, 0, 1, 1, 0, 0, 2, 1, 1, 2, 2, 0, 2, 2, 2, 1, 2, 1, 1, 2, 0, 1, 1, 2, 1, 2, 0, 1, 1, 1, 1, 0, 0, 1, 0, 1, 1, 1, 0, 1, 1, 0, 2, 1, 0, 0]|[1, 3, 1, 3, 4, 1, 4, 4, 4, 4, 3, 2, 1, 1, 2, 1, 1, 1, 2, 1, 1, 3, 0, 1, 0, 1, 1, 4, 1, 4, 3, 2, 2, 0, 4, 1, 1, 4, 1, 1, 2, 1, 4, 4, 1, 1, 0, 1, 3, 2, 2, 1, 2, 1, 1, 2, 4, 3, 0, 2, 1, 3, 3, 1, 1, 2, 1, 1, 1, 4, 1, 3, 4, 1, 2, 4, 3, 1, 3, 1, 2, 4, 4, 4, 3, 2, 2, 3, 2, 4, 3, 4, 2, 4, 4, 2, 1, 3, 2, 2]|[0, 2, 0, 0, 3, 0, 1, 3, 1, 0, 2, 0, 1, 0, 1, 0, 0, 0, 1, 0, 0, 2, 0, 0, 1, 0, 0, 3, 0, 1, 0, 2, 0, 0, 3, 0, 1, 1, 0, 0, 0, 0, 1, 3, 0, 0, 1, 0, 2, 0, 0, 0, 0, 0, 1, 0, 1, 0, 1, 1, 0, 2, 0, 0, 0, 0, 0, 0, 0, 2, 0, 0, 1, 0, 0, 1, 0, 0, 3, 0, 0, 1, 2, 2, 0, 0, 0, 3, 0, 1, 0, 1, 0, 3, 1, 0, 0, 0, 0, 0],916.442803653686,48100.947169548526,106478.50503569844,false
62,G3_TWC,G3_TWC,[31, 22, 42, 15, 26, 58, 95, 82, 77, 12, 47, 5, 93, 78, 98, 54, 85, 63, 18, 44, 20, 35, 43, 97, 91, 76, 10, 30, 21, 45, 71, 64, 1, 23, 17, 83, 24, 61, 60, 49, 6, 57, 94, 88, 65, 56, 79, 40, 67, 68, 46, 75, 38, 9, 19, 32, 81, 41, 27, 96, 87, 90, 99, 59, 53, 16, 72, 73, 70, 39, 37, 84, 3, 92, 25, 74, 28, 0, 51, 7, 11, 14, 34, 66, 89, 48, 50, 62, 33, 80, 8, 4, 86, 36, 55, 52, 2, 29, 69, 13]|[1, 1, 0, 1, 1, 1, 2, 1, 2, 1, 2, 2, 2, 1, 1, 0, 0, 1, 0, 2, 2, 0, 1, 2, 0, 1, 2, 2, 0, 0, 1, 2, 1, 0, 1, 0, 2, 0, 1, 1, 0, 1, 1, 1, 0, 2, 1, 1, 0, 0, 0, 0, 1, 1, 0, 1, 2, 0, 0, 0, 2, 1, 0, 1, 0, 1, 2, 1, 1, 1, 1, 1, 2, 0, 1, 2, 0, 0, 0, 1, 0, 1, 2, 0, 1, 0, 0, 0, 2, 0, 1, 0, 0, 0, 1, 1, 0, 0, 1, 0]|[4, 3, 2, 2, 0, 0, 2, 2, 2, 4, 1, 1, 2, 4, 4, 1, 1, 4, 2, 1, 1, 1, 1, 2, 1, 2, 1, 1, 1, 1, 3, 2, 3, 0, 4, 0, 1, 1, 0, 3, 2, 2, 4, 0, 1, 1, 3, 2, 0, 1, 2, 2, 1, 4, 2, 3, 2, 1, 1, 1, 1, 3, 1, 1, 2, 3, 0, 4, 3, 1, 4, 1, 1, 2, 4, 1, 2, 1, 1, 3, 2, 3, 1, 1, 1, 1, 1, 1, 1, 1, 3, 2, 1, 1, 4, 1, 2, 2, 3, 2]|[0, 2, 1, 1, 3, 3, 0, 1, 0, 0, 0, 0, 1, 0, 1, 0, 0, 3, 1, 0, 0, 0, 3, 1, 0, 2, 0, 0, 0, 1, 0, 0, 0, 0, 3, 0, 1, 0, 0, 2, 1, 1, 2, 0, 0, 0, 0, 1, 1, 0, 0, 0, 1, 3, 1, 0, 1, 0, 0, 0, 0, 2, 0, 1, 1, 2, 1, 0, 0, 1, 1, 3, 0, 1, 3, 0, 1, 0, 0, 2, 1, 0, 0, 0, 1, 0, 0, 0, 0, 0, 2, 1, 0, 1, 3, 1, 0, 0, 0, 0],853.3971309728803,57893.20072825474,85384.09526730522,false
